Chrom	Position	Ref	Cons	Reads1	Reads2	VarFreq	Strands1	Strands2	Qual1	Qual2	Pvalue	MapQual1	MapQual2	Reads1Plus	Reads1Minus	Reads2Plus	Reads2Minus	VarAllele
A1_BC01_191109_LF_LIB_consensus_vsearch	20	A	R	272	13	4.44%	2	2	93	93	1.0613111917730708E-4	1	1	164	108	8	5	G
A1_BC01_191109_LF_LIB_consensus_vsearch	30	A	W	280	8	2.76%	2	1	93	93	0.0037185136482745127	1	1	172	108	0	8	T
A1_BC01_191109_LF_LIB_consensus_vsearch	37	G	R	269	12	4.14%	2	1	93	93	2.1655504769447275E-4	1	1	157	112	12	0	A
A1_BC01_191109_LF_LIB_consensus_vsearch	53	C	Y	267	17	5.94%	2	2	93	93	5.961795782983955E-6	1	1	166	101	2	15	T
A1_BC01_191109_LF_LIB_consensus_vsearch	66	T	Y	256	14	5.02%	2	2	93	93	5.1346242618817986E-5	1	1	154	102	6	8	C
A1_BC01_191109_LF_LIB_consensus_vsearch	69	C	Y	276	8	2.77%	2	2	93	93	0.003715900308944675	1	1	167	109	1	7	T
A1_BC01_191109_LF_LIB_consensus_vsearch	71	A	R	279	12	4.12%	2	2	93	93	2.1746733732163303E-4	1	1	161	118	11	1	G
A1_BC01_191109_LF_LIB_consensus_vsearch	76	G	R	257	7	2.61%	2	1	93	93	0.007504145184876668	1	1	146	111	7	0	A
A1_BC01_191109_LF_LIB_consensus_vsearch	77	G	R	267	9	3.15%	2	2	93	93	0.0018279418621040778	1	1	152	115	8	1	A
A1_BC01_191109_LF_LIB_consensus_vsearch	78	G	R	264	11	3.77%	2	2	93	93	4.409533072146887E-4	1	1	148	116	10	1	-T
A1_BC01_191109_LF_LIB_consensus_vsearch	79	T	Y	251	14	5.04%	2	2	93	93	5.1174649899007536E-5	1	1	146	105	5	9	C
A1_BC01_191109_LF_LIB_consensus_vsearch	83	A	M	255	10	3.6%	2	2	93	93	8.956759757555054E-4	1	1	144	111	9	1	C
A1_BC01_191109_LF_LIB_consensus_vsearch	90	C	S	251	14	5.05%	2	1	93	93	5.1174649899007536E-5	1	1	153	98	14	0	G
A1_BC01_191109_LF_LIB_consensus_vsearch	91	C	Y	232	35	12.11%	2	2	93	93	8.83508820674692E-12	1	1	161	71	3	32	T
A1_BC01_191109_LF_LIB_consensus_vsearch	92	A	W	256	14	5.13%	2	2	93	93	5.1346242618817986E-5	1	1	164	92	1	13	T
A1_BC01_191109_LF_LIB_consensus_vsearch	104	C	Y	258	26	8.9%	2	1	93	93	8.183669117184038E-9	1	1	169	89	0	26	T
A1_BC01_191109_LF_LIB_consensus_vsearch	108	C	Y	249	19	6.51%	2	2	93	93	1.3705461195175102E-6	1	1	163	86	1	18	T
A1_BC01_191109_LF_LIB_consensus_vsearch	115	G	R	251	9	3.38%	2	2	93	93	0.0018203818032406984	1	1	158	93	8	1	A
A1_BC01_191109_LF_LIB_consensus_vsearch	118	C	Y	247	21	7.66%	2	1	93	93	3.17252050336254E-7	1	1	156	91	0	21	T
A1_BC01_191109_LF_LIB_consensus_vsearch	119	C	Y	259	21	7.19%	2	2	93	93	3.230581721727673E-7	1	1	167	92	2	19	T
A1_BC01_191109_LF_LIB_consensus_vsearch	120	G	R	270	17	5.86%	2	2	93	93	5.977646345312992E-6	1	1	167	103	2	15	A
A1_BC01_191109_LF_LIB_consensus_vsearch	121	C	Y	263	19	6.57%	2	2	93	93	1.394004359783429E-6	1	1	162	101	3	16	T
A1_BC01_191109_LF_LIB_consensus_vsearch	125	A	R	199	19	8.33%	2	2	93	93	1.266174101535565E-6	1	1	89	110	18	1	G
A1_BC01_191109_LF_LIB_consensus_vsearch	126	A	R	226	11	3.85%	2	2	93	93	4.336419657096737E-4	1	1	125	101	10	1	-G
A1_BC01_191109_LF_LIB_consensus_vsearch	128	G	R	252	7	2.43%	2	1	93	93	0.007498239332403135	1	1	134	118	7	0	+A
A1_BC01_191109_LF_LIB_consensus_vsearch	133	T	Y	279	8	2.75%	2	2	93	93	0.0037178670626973054	1	1	168	111	2	6	C
A1_BC01_191109_LF_LIB_consensus_vsearch	140	C	Y	264	12	4.17%	2	2	93	93	2.160751233175339E-4	1	1	165	99	1	11	T
A1_BC01_191109_LF_LIB_consensus_vsearch	141	C	Y	260	16	5.46%	2	2	93	93	1.2200205814354207E-5	1	1	168	92	4	12	T
A1_BC01_191109_LF_LIB_consensus_vsearch	146	G	R	279	11	3.78%	2	2	93	93	4.433281508204466E-4	1	1	161	118	10	1	A
A1_BC01_191109_LF_LIB_consensus_vsearch	149	A	R	257	23	7.93%	2	1	93	93	7.444390748717086E-8	1	1	144	113	23	0	G
A1_BC01_191109_LF_LIB_consensus_vsearch	153	A	R	277	7	2.41%	2	2	93	93	0.007525704235803031	1	1	166	111	4	3	G
A1_BC01_191109_LF_LIB_consensus_vsearch	176	T	Y	273	13	4.47%	2	2	93	93	1.0618422456595912E-4	1	1	167	106	3	10	C
A1_BC01_191109_LF_LIB_consensus_vsearch	182	T	Y	259	7	2.47%	2	2	93	93	0.007506445843275869	1	1	151	108	4	3	+G
A1_BC01_191109_LF_LIB_consensus_vsearch	183	A	R	269	7	2.41%	2	1	93	93	0.007517452744777598	1	1	156	113	7	0	-G
A1_BC01_191109_LF_LIB_consensus_vsearch	188	A	R	268	9	3.12%	2	2	93	93	0.0018283858845795408	1	1	155	113	8	1	G
A1_BC01_191109_LF_LIB_consensus_vsearch	190	G	R	277	11	3.81%	2	1	93	93	4.43025357377396E-4	1	1	161	116	11	0	A
A1_BC01_191109_LF_LIB_consensus_vsearch	195	T	Y	279	8	2.75%	2	2	93	93	0.0037178670626973054	1	1	169	110	3	5	C
A1_BC01_191109_LF_LIB_consensus_vsearch	203	C	Y	265	18	6.19%	2	2	93	93	2.8860005881478098E-6	1	1	162	103	3	15	T
A1_BC01_191109_LF_LIB_consensus_vsearch	204	G	R	278	7	2.41%	2	2	93	93	0.007526703336776438	1	1	161	117	6	1	A
A1_BC01_191109_LF_LIB_consensus_vsearch	205	A	R	273	9	3.12%	2	1	93	93	0.0018305595870728112	1	1	158	115	9	0	G
A1_BC01_191109_LF_LIB_consensus_vsearch	264	C	Y	274	9	3.11%	2	1	93	93	0.0018309852711084608	1	1	170	104	0	9	T
A1_BC01_191109_LF_LIB_consensus_vsearch	275	A	R	281	11	3.75%	2	1	93	93	4.436269224033503E-4	1	1	162	119	11	0	G
A1_BC01_191109_LF_LIB_consensus_vsearch	281	A	R	270	15	5.19%	2	2	93	93	2.526102403935165E-5	1	1	152	118	14	1	G
A1_BC01_191109_LF_LIB_consensus_vsearch	285	A	R	278	7	2.44%	2	2	93	93	0.007526703336776438	1	1	161	117	5	2	G
A1_BC01_191109_LF_LIB_consensus_vsearch	295	T	W	257	9	3.09%	2	1	93	93	0.0018233214254448316	1	1	155	102	0	9	-A
A1_BC01_191109_LF_LIB_consensus_vsearch	295	T	Y	257	8	2.75%	2	2	93	93	0.0037024232386659835	1	1	155	102	2	6	-A
A1_BC01_191109_LF_LIB_consensus_vsearch	298	T	Y	258	12	4.23%	2	2	93	93	2.1547673040377304E-4	1	1	155	103	2	10	C
A1_BC01_191109_LF_LIB_consensus_vsearch	298	T	K	258	11	3.87%	2	1	93	93	4.3993165790743476E-4	1	1	155	103	11	0	C
A1_BC01_191109_LF_LIB_consensus_vsearch	301	T	W	260	7	2.47%	2	2	93	93	0.0075075833477063125	1	1	159	101	2	5	A
A1_BC01_191109_LF_LIB_consensus_vsearch	301	T	Y	260	9	3.18%	2	2	93	93	0.0018247429645633383	1	1	159	101	7	2	C
A1_BC01_191109_LF_LIB_consensus_vsearch	308	C	Y	259	19	6.62%	2	2	93	93	1.3875117995228537E-6	1	1	165	94	1	18	T
A1_BC01_191109_LF_LIB_consensus_vsearch	337	C	Y	268	7	2.42%	2	2	93	93	0.007516387806114139	1	1	156	112	2	5	T
A1_BC01_191109_LF_LIB_consensus_vsearch	343	A	R	268	14	4.83%	2	2	93	93	5.173473164278669E-5	1	1	160	108	10	4	G
A1_BC01_191109_LF_LIB_consensus_vsearch	346	A	R	222	10	3.5%	2	1	93	93	8.844993515297029E-4	1	1	146	76	10	0	-G
A1_BC01_191109_LF_LIB_consensus_vsearch	381	G	S	264	8	2.86%	2	1	93	93	0.0037076048169334716	1	1	151	113	8	0	C
A1_BC01_191109_LF_LIB_consensus_vsearch	387	C	Y	273	9	3.14%	2	2	93	93	0.0018305595870728112	1	1	166	107	1	8	T
A1_BC01_191109_LF_LIB_consensus_vsearch	400	T	Y	265	14	4.91%	2	2	93	93	5.1640552478164746E-5	1	1	166	99	4	10	C
A1_BC01_191109_LF_LIB_consensus_vsearch	402	A	R	280	7	2.41%	2	1	93	93	0.007528680801958593	1	1	165	115	7	0	G
A1_BC01_191109_LF_LIB_consensus_vsearch	409	T	K	278	9	3.12%	2	1	93	93	0.0018326588524581603	1	1	161	117	9	0	G
A1_BC01_191109_LF_LIB_consensus_vsearch	412	C	Y	273	8	2.77%	2	2	93	93	0.0037138920631481294	1	1	167	106	1	7	T
A1_BC01_191109_LF_LIB_consensus_vsearch	443	T	Y	269	10	3.5%	2	2	93	93	8.99638303056038E-4	1	1	161	108	5	5	C
A1_BC01_191109_LF_LIB_consensus_vsearch	448	C	Y	266	17	5.88%	2	2	93	93	5.956444822903649E-6	1	1	162	104	4	13	T
A1_BC01_191109_LF_LIB_consensus_vsearch	454	T	W	244	7	2.73%	2	1	93	93	0.00748830460110489	1	1	148	96	7	0	A
A1_BC01_191109_LF_LIB_consensus_vsearch	455	T	Y	259	9	3.18%	2	2	93	93	0.0018242725891630934	1	1	154	105	8	1	C
A1_BC01_191109_LF_LIB_consensus_vsearch	456	G	R	252	20	7.19%	2	1	93	93	6.638056101747044E-7	1	1	147	105	20	0	A
A1_BC01_191109_LF_LIB_consensus_vsearch	457	G	R	279	7	2.43%	2	2	93	93	0.0075276955014990325	1	1	170	109	2	5	A
A1_BC01_191109_LF_LIB_consensus_vsearch	466	G	R	275	7	2.46%	2	1	93	93	0.007523684932184882	1	1	164	111	7	0	A
A1_BC01_191109_LF_LIB_consensus_vsearch	469	T	Y	275	7	2.46%	2	2	93	93	0.007523684932184882	1	1	171	104	1	6	C
A1_BC01_191109_LF_LIB_consensus_vsearch	473	C	Y	266	21	7.19%	2	1	93	93	3.2625680758119316E-7	1	1	170	96	0	21	T
A1_BC01_191109_LF_LIB_consensus_vsearch	491	C	Y	278	7	2.4%	2	1	93	93	0.007526703336776438	1	1	171	107	0	7	T
A1_BC01_191109_LF_LIB_consensus_vsearch	496	T	Y	264	9	3.12%	2	2	93	93	0.001826590629994852	1	1	163	101	4	5	C
A1_BC01_191109_LF_LIB_consensus_vsearch	497	A	R	268	7	2.48%	2	1	93	93	0.007516387806114139	1	1	158	110	7	0	G
A1_BC01_191109_LF_LIB_consensus_vsearch	500	C	Y	272	10	3.44%	2	2	93	93	9.004374185065823E-4	1	1	164	108	2	8	T
A1_BC01_191109_LF_LIB_consensus_vsearch	507	T	Y	279	8	2.73%	2	2	93	93	0.0037178670626973054	1	1	167	112	3	5	C
A1_BC01_191109_LF_LIB_consensus_vsearch	508	A	R	265	20	6.92%	2	2	93	93	6.752679424522509E-7	1	1	151	114	19	1	G
A1_BC01_191109_LF_LIB_consensus_vsearch	516	T	W	154	8	2.75%	2	1	93	93	0.0035754898805095913	1	1	115	39	8	0	-C
A1_BC01_191109_LF_LIB_consensus_vsearch	525	G	R	270	20	6.85%	2	2	93	93	6.794414573767185E-7	1	1	152	118	19	1	A
A1_BC01_191109_LF_LIB_consensus_vsearch	527	G	R	270	10	3.51%	2	1	93	93	8.999065315314767E-4	1	1	157	113	10	0	A
A1_BC01_191109_LF_LIB_consensus_vsearch	528	G	R	267	15	5.12%	2	1	93	93	2.5208923782313817E-5	1	1	149	118	15	0	A
A1_BC01_191109_LF_LIB_consensus_vsearch	530	C	Y	230	9	3.07%	2	2	93	93	0.0018089548541641684	1	1	123	107	8	1	-A
A1_BC01_191109_LF_LIB_consensus_vsearch	533	G	K	272	10	3.47%	2	1	93	93	9.004374185065823E-4	1	1	171	101	0	10	T
A1_BC01_191109_LF_LIB_consensus_vsearch	549	C	M	233	9	3.12%	2	1	93	93	0.0018107062087977532	1	1	128	105	9	0	-T
A1_BC01_191109_LF_LIB_consensus_vsearch	551	T	W	240	9	3.21%	2	1	93	93	0.0018146318577743554	1	1	132	108	9	0	+G
A1_BC01_191109_LF_LIB_consensus_vsearch	551	T	Y	240	10	3.57%	2	1	93	93	8.909515133367017E-4	1	1	132	108	10	0	C
A1_BC01_191109_LF_LIB_consensus_vsearch	570	C	S	137	7	4.64%	2	2	93	93	0.0072508471039682155	1	1	68	69	5	2	G
A1_BC01_191109_LF_LIB_consensus_vsearch	573	C	Y	284	7	2.4%	2	1	93	93	0.007532554766260561	1	1	173	111	0	7	T
A1_BC01_191109_LF_LIB_consensus_vsearch	574	C	M	220	18	6.14%	2	2	93	93	2.732136395770739E-6	1	1	126	94	16	2	-GC
A1_BC01_191109_LF_LIB_consensus_vsearch	574	C	Y	220	19	6.48%	2	1	93	93	1.3145184545692624E-6	1	1	126	94	0	19	T
A1_BC01_191109_LF_LIB_consensus_vsearch	577	T	W	221	23	9.16%	2	1	93	93	6.921156543729746E-8	1	1	114	107	23	0	A
A1_BC01_191109_LF_LIB_consensus_vsearch	578	T	Y	245	8	2.99%	2	2	93	93	0.003692882342347513	1	1	136	109	5	3	-A
A1_BC01_191109_LF_LIB_consensus_vsearch	590	A	R	250	7	2.4%	2	2	93	93	0.007495813166417644	1	1	147	103	4	3	-C
A1_BC01_191109_LF_LIB_consensus_vsearch	594	C	Y	274	11	3.75%	2	2	93	93	4.425634469133768E-4	1	1	168	106	3	8	T
A1_BC01_191109_LF_LIB_consensus_vsearch	611	G	R	272	9	3.15%	2	1	93	93	0.0018301309264219768	1	1	155	117	9	0	A
A1_BC01_191109_LF_LIB_consensus_vsearch	614	A	R	222	10	3.58%	2	2	93	93	8.844993515297029E-4	1	1	139	83	8	2	-G
A1_BC01_191109_LF_LIB_consensus_vsearch	641	C	Y	266	14	4.83%	2	2	93	93	5.1672156243472136E-5	1	1	167	99	1	13	T
A1_BC01_191109_LF_LIB_consensus_vsearch	649	A	W	272	8	2.79%	2	1	93	93	0.003713213199727839	1	1	160	112	8	0	T
A1_BC01_191109_LF_LIB_consensus_vsearch	650	C	Y	262	17	5.88%	2	2	93	93	5.934695124438223E-6	1	1	151	111	11	6	T
A1_BC01_191109_LF_LIB_consensus_vsearch	666	T	Y	259	24	8.39%	2	1	93	93	3.5831199918461805E-8	1	1	169	90	0	24	C
A1_BC01_191109_LF_LIB_consensus_vsearch	671	C	S	269	7	2.5%	2	1	93	93	0.007517452744777598	1	1	152	117	7	0	G
A1_BC01_191109_LF_LIB_consensus_vsearch	681	C	Y	271	10	3.44%	2	1	93	93	9.001728969026303E-4	1	1	168	103	0	10	T
A1_BC01_191109_LF_LIB_consensus_vsearch	684	T	Y	226	21	7.32%	2	1	93	93	3.059834937662346E-7	1	1	150	76	0	21	C
A1_BC01_191109_LF_LIB_consensus_vsearch	690	C	Y	271	20	6.83%	2	1	93	93	6.802613561180715E-7	1	1	173	98	0	20	T
A1_BC01_191109_LF_LIB_consensus_vsearch	693	C	Y	271	12	4.15%	2	1	93	93	2.1674245825985326E-4	1	1	173	98	0	12	T
A1_BC01_191109_LF_LIB_consensus_vsearch	716	G	R	242	44	15.12%	2	2	93	93	9.471659590697628E-15	1	1	135	107	36	8	A
A1_BC01_191109_LF_LIB_consensus_vsearch	724	A	R	278	9	3.09%	2	2	93	93	0.0018326588524581603	1	1	165	113	8	1	G
A1_BC01_191109_LF_LIB_consensus_vsearch	725	G	R	273	17	5.84%	2	1	93	93	5.993200020749686E-6	1	1	155	118	17	0	A
A1_BC01_191109_LF_LIB_consensus_vsearch	733	A	R	257	12	4.12%	2	2	93	93	2.1537451184080097E-4	1	1	160	97	10	2	-C
A1_BC01_191109_LF_LIB_consensus_vsearch	742	C	Y	239	7	2.66%	2	2	93	93	0.0074817700326852326	1	1	166	73	1	6	+T
A1_BC01_191109_LF_LIB_consensus_vsearch	743	C	Y	266	9	3.21%	2	1	93	93	0.0018274946683206224	1	1	171	95	0	9	T
A1_BC01_191109_LF_LIB_consensus_vsearch	748	T	Y	270	7	2.46%	2	1	93	93	0.007518510051769894	1	1	170	100	0	7	C
A1_BC01_191109_LF_LIB_consensus_vsearch	759	G	R	268	11	3.85%	2	1	93	93	4.416107728500366E-4	1	1	157	111	11	0	A
A1_BC01_191109_LF_LIB_consensus_vsearch	764	G	R	260	14	4.83%	2	1	93	93	5.1479286631846194E-5	1	1	144	116	14	0	A
A1_BC01_191109_LF_LIB_consensus_vsearch	771	A	R	270	11	3.81%	2	1	93	93	4.4193270844278054E-4	1	1	151	119	11	0	G
A1_BC01_191109_LF_LIB_consensus_vsearch	772	T	Y	261	13	4.47%	2	1	93	93	1.0552267566302589E-4	1	1	155	106	13	0	C
A1_BC01_191109_LF_LIB_consensus_vsearch	773	G	R	266	9	3.23%	2	1	93	93	0.0018274946683206224	1	1	159	107	9	0	A
A1_BC01_191109_LF_LIB_consensus_vsearch	780	G	R	259	7	2.47%	2	1	93	93	0.007506445843275869	1	1	145	114	7	0	+C
A1_BC01_191109_LF_LIB_consensus_vsearch	785	G	R	272	11	3.83%	2	2	93	93	4.422502365229403E-4	1	1	158	114	9	2	A
A1_BC01_191109_LF_LIB_consensus_vsearch	791	A	R	258	11	3.82%	2	1	93	93	4.3993165790743476E-4	1	1	149	109	11	0	-G
A1_BC01_191109_LF_LIB_consensus_vsearch	792	G	R	268	8	2.88%	2	1	93	93	0.003710449152927439	1	1	154	114	8	0	A
A1_BC01_191109_LF_LIB_consensus_vsearch	803	C	Y	279	9	3.08%	2	2	93	93	0.0018330701083030451	1	1	170	109	1	8	T
A1_BC01_191109_LF_LIB_consensus_vsearch	812	T	Y	272	9	3.08%	2	2	93	93	0.0018301309264219768	1	1	158	114	6	3	C
A1_BC01_191109_LF_LIB_consensus_vsearch	814	A	R	236	14	4.83%	2	2	93	93	5.062147474326143E-5	1	1	152	84	13	1	-G
A1_BC01_191109_LF_LIB_consensus_vsearch	832	A	R	246	33	11.5%	2	1	93	93	4.259625545645651E-11	1	1	132	114	33	0	G
A1_BC01_191109_LF_LIB_consensus_vsearch	837	A	R	263	9	3.21%	2	2	93	93	0.0018261337158000507	1	1	160	103	8	1	G
A1_BC01_191109_LF_LIB_consensus_vsearch	840	T	Y	272	7	2.41%	2	2	93	93	0.007520602096545131	1	1	159	113	5	2	C
A1_BC01_191109_LF_LIB_consensus_vsearch	855	A	R	257	19	6.76%	2	2	93	93	1.3842041483303266E-6	1	1	146	111	18	1	G
A1_BC01_191109_LF_LIB_consensus_vsearch	873	T	Y	250	11	3.94%	2	1	93	93	4.3849887966753017E-4	1	1	141	109	11	0	C
A1_BC01_191109_LF_LIB_consensus_vsearch	874	G	R	256	13	4.73%	2	1	93	93	1.0523051243934297E-4	1	1	145	111	13	0	A
A1_BC01_191109_LF_LIB_consensus_vsearch	881	G	R	282	9	3.08%	2	2	93	93	0.0018342872039811176	1	1	164	118	8	1	A
A1_BC01_191109_LF_LIB_consensus_vsearch	897	C	Y	269	16	5.5%	2	2	93	93	1.2289146829963537E-5	1	1	169	100	1	15	T
A1_BC01_191109_LF_LIB_consensus_vsearch	901	C	Y	275	11	3.75%	2	2	93	93	4.4271846037962286E-4	1	1	168	107	2	9	T
A1_BC01_191109_LF_LIB_consensus_vsearch	920	T	K	279	7	2.44%	2	1	93	93	0.0075276955014990325	1	1	164	115	7	0	G
A1_BC01_191109_LF_LIB_consensus_vsearch	926	T	Y	244	7	2.42%	2	1	93	93	0.00748830460110489	1	1	138	106	0	7	+G
A1_BC01_191109_LF_LIB_consensus_vsearch	938	C	Y	272	8	2.83%	2	2	93	93	0.003713213199727839	1	1	163	109	2	6	T
A1_BC01_191109_LF_LIB_consensus_vsearch	939	C	Y	258	7	2.41%	2	2	93	93	0.007505299821009934	1	1	163	95	2	5	-T
A1_BC01_191109_LF_LIB_consensus_vsearch	947	G	R	276	9	3.12%	2	1	93	93	0.0018318278324416476	1	1	160	116	9	0	A
A1_BC01_191109_LF_LIB_consensus_vsearch	956	T	Y	272	19	6.51%	2	1	93	93	1.4080409687318941E-6	1	1	173	99	0	19	C
A1_BC01_191109_LF_LIB_consensus_vsearch	963	C	Y	252	28	9.56%	2	2	93	93	1.83119816364691E-9	1	1	167	85	2	26	T
A1_BC01_191109_LF_LIB_consensus_vsearch	964	G	R	265	13	4.56%	2	2	93	93	1.0574921959690428E-4	1	1	153	112	12	1	A
A1_BC01_191109_LF_LIB_consensus_vsearch	980	T	Y	247	7	2.73%	2	2	93	93	0.00749210286352295	1	1	131	116	6	1	C
A1_BC01_191109_LF_LIB_consensus_vsearch	981	T	Y	250	9	3.1%	2	1	93	93	0.0018198788774539596	1	1	131	119	9	0	-A
A1_BC01_191109_LF_LIB_consensus_vsearch	983	C	S	237	29	10.74%	2	1	93	93	8.312803929951352E-10	1	1	122	115	29	0	G
A1_BC01_191109_LF_LIB_consensus_vsearch	996	A	R	248	14	5.24%	2	1	93	93	5.106875368908258E-5	1	1	133	115	14	0	G
A1_BC01_191109_LF_LIB_consensus_vsearch	1001	C	Y	281	8	2.74%	2	1	93	93	0.003719155811269887	1	1	173	108	0	8	T
A1_BC01_191109_LF_LIB_consensus_vsearch	1034	A	R	261	9	3.19%	2	2	93	93	0.0018252099194485903	1	1	154	107	5	4	G
A1_BC01_191109_LF_LIB_consensus_vsearch	1035	C	Y	274	8	2.79%	2	1	93	93	0.0037145661693939445	1	1	157	117	8	0	T
A1_BC01_191109_LF_LIB_consensus_vsearch	1036	A	R	265	13	4.56%	2	1	93	93	1.0574921959690428E-4	1	1	151	114	13	0	G
A1_BC01_191109_LF_LIB_consensus_vsearch	1037	G	R	279	9	3.1%	2	2	93	93	0.0018330701083030451	1	1	163	116	8	1	A
A1_BC01_191109_LF_LIB_consensus_vsearch	1041	G	R	255	8	3.02%	2	1	93	93	0.003700892775288906	1	1	162	93	8	0	A
A1_BC01_191109_LF_LIB_consensus_vsearch	1048	C	Y	267	15	5.23%	2	2	93	93	2.5208923782313817E-5	1	1	165	102	1	14	T
A1_BC01_191109_LF_LIB_consensus_vsearch	1051	G	R	274	12	4.14%	2	2	93	93	2.1701885312755713E-4	1	1	158	116	10	2	A
A1_BC01_191109_LF_LIB_consensus_vsearch	1055	T	Y	275	11	3.78%	2	1	93	93	4.4271846037962286E-4	1	1	170	105	0	11	C
A1_BC01_191109_LF_LIB_consensus_vsearch	1092	C	Y	241	27	9.22%	2	2	93	93	3.73994570918026E-9	1	1	164	77	4	23	T
A1_BC01_191109_LF_LIB_consensus_vsearch	1117	C	Y	257	19	6.53%	2	2	93	93	1.3842041483303266E-6	1	1	157	100	2	17	T
A1_BC01_191109_LF_LIB_consensus_vsearch	1118	G	S	272	8	2.79%	2	1	93	93	0.003713213199727839	1	1	155	117	8	0	C
A1_BC01_191109_LF_LIB_consensus_vsearch	1123	G	R	269	8	2.84%	2	1	93	93	0.00371114755755057	1	1	160	109	8	0	A
A1_BC01_191109_LF_LIB_consensus_vsearch	1138	T	Y	275	9	3.09%	2	2	93	93	0.0018314080094074643	1	1	161	114	7	2	C
A1_BC01_191109_LF_LIB_consensus_vsearch	1140	G	R	263	7	2.56%	2	1	93	93	0.007510945692957774	1	1	157	106	7	0	A
A1_BC01_191109_LF_LIB_consensus_vsearch	1145	G	S	243	33	11.42%	2	1	93	93	4.210385759330317E-11	1	1	126	117	33	0	C
A1_BC01_191109_LF_LIB_consensus_vsearch	1162	A	R	279	10	3.42%	2	2	93	93	9.022390134463866E-4	1	1	163	116	8	2	G
A1_BC01_191109_LF_LIB_consensus_vsearch	1178	G	R	278	7	2.45%	2	1	93	93	0.007526703336776438	1	1	162	116	7	0	A
A1_BC01_191109_LF_LIB_consensus_vsearch	1188	G	R	272	15	5.19%	2	2	93	93	2.5295194857308346E-5	1	1	157	115	14	1	A
A1_BC01_191109_LF_LIB_consensus_vsearch	1196	A	R	248	13	4.63%	2	2	93	93	1.0474101246804906E-4	1	1	146	102	12	1	G
A1_BC01_191109_LF_LIB_consensus_vsearch	1208	C	Y	264	8	2.83%	2	2	93	93	0.0037076048169334716	1	1	160	104	3	5	+T
A1_BC01_191109_LF_LIB_consensus_vsearch	1213	A	R	256	10	3.55%	2	2	93	93	8.959724786606658E-4	1	1	142	114	9	1	G
A1_BC01_191109_LF_LIB_consensus_vsearch	1215	C	S	277	11	3.78%	2	1	93	93	4.43025357377396E-4	1	1	160	117	11	0	G
A1_BC01_191109_LF_LIB_consensus_vsearch	1232	T	K	257	13	4.78%	2	1	93	93	1.0528976599273693E-4	1	1	143	114	13	0	G
A1_BC01_191109_LF_LIB_consensus_vsearch	1245	A	R	281	8	2.74%	2	1	93	93	0.003719155811269887	1	1	164	117	8	0	G
A1_BC01_191109_LF_LIB_consensus_vsearch	1250	T	Y	274	9	3.11%	2	2	93	93	0.0018309852711084608	1	1	168	106	3	6	C
A1_BC01_191109_LF_LIB_consensus_vsearch	1251	A	R	272	9	3.15%	2	2	93	93	0.0018301309264219768	1	1	160	112	7	2	G
A1_BC01_191109_LF_LIB_consensus_vsearch	1253	A	R	271	9	3.12%	2	2	93	93	0.0018296992578368018	1	1	158	113	8	1	G
A1_BC01_191109_LF_LIB_consensus_vsearch	1277	G	R	283	7	2.4%	2	2	93	93	0.00753159622270077	1	1	167	116	6	1	A
A1_BC01_191109_LF_LIB_consensus_vsearch	1280	T	Y	270	8	2.75%	2	2	93	93	0.003711840998534883	1	1	154	116	6	2	C
A1_BC01_191109_LF_LIB_consensus_vsearch	1289	C	S	258	22	7.69%	2	1	93	93	1.552357450699733E-7	1	1	140	118	22	0	G
A1_BC01_191109_LF_LIB_consensus_vsearch	1291	G	R	259	21	7.45%	2	2	93	93	3.230581721727673E-7	1	1	151	108	20	1	A
A1_BC01_191109_LF_LIB_consensus_vsearch	1312	G	R	239	25	9.16%	2	2	93	93	1.6420367153866296E-8	1	1	137	102	24	1	A
A1_BC01_191109_LF_LIB_consensus_vsearch	1317	G	R	278	8	2.76%	2	2	93	93	0.0037172160087077582	1	1	163	115	7	1	A
A1_BC01_191109_LF_LIB_consensus_vsearch	1318	C	Y	272	7	2.41%	2	2	93	93	0.007520602096545131	1	1	159	113	4	3	T
A1_BC01_191109_LF_LIB_consensus_vsearch	1321	C	Y	258	29	9.93%	2	2	93	93	8.846068735504191E-10	1	1	168	90	4	25	T
A1_BC01_191109_LF_LIB_consensus_vsearch	1328	G	R	272	12	4.12%	2	1	93	93	2.168352129688857E-4	1	1	158	114	12	0	A
A1_BC01_191109_LF_LIB_consensus_vsearch	1347	G	R	252	10	3.75%	2	1	93	93	8.947732384278332E-4	1	1	156	96	10	0	A
A1_BC01_191109_LF_LIB_consensus_vsearch	1353	G	R	251	15	5.54%	2	1	93	93	2.4912706212617995E-5	1	1	151	100	15	0	A
A1_BC01_191109_LF_LIB_consensus_vsearch	1354	G	R	277	9	3.08%	2	2	93	93	0.0018322447702484384	1	1	161	116	8	1	A
A1_BC01_191109_LF_LIB_consensus_vsearch	1355	G	K	280	7	2.39%	2	1	93	93	0.007528680801958593	1	1	163	117	7	0	T
A1_BC01_191109_LF_LIB_consensus_vsearch	1364	A	R	250	8	2.92%	2	2	93	93	0.0036969641636293116	1	1	148	102	4	4	G
A1_BC01_191109_LF_LIB_consensus_vsearch	1366	A	W	222	10	4.27%	2	2	93	93	8.844993515297029E-4	1	1	122	100	9	1	T
A1_BC01_191109_LF_LIB_consensus_vsearch	1367	A	R	260	16	5.63%	2	2	93	93	1.2200205814354207E-5	1	1	152	108	14	2	G
A1_BC01_191109_LF_LIB_consensus_vsearch	1391	G	R	276	7	2.46%	2	2	93	93	0.007524698125609518	1	1	160	116	6	1	A
A1_BC01_191109_LF_LIB_consensus_vsearch	1394	A	R	268	9	3.16%	2	2	93	93	0.0018283858845795408	1	1	157	111	8	1	G
A1_BC01_191109_LF_LIB_consensus_vsearch	1395	C	Y	18	9	3.12%	2	2	93	93	8.81324027001399E-4	1	1	4	14	7	2	-AC
A1_BC01_191109_LF_LIB_consensus_vsearch	1396	A	R	18	10	32.26%	2	1	93	93	3.685536840187651E-4	1	1	12	6	0	10	G
A1_BC01_191109_LF_LIB_consensus_vsearch	1398	G	K	273	8	2.83%	2	2	93	93	0.0037138920631481294	1	1	169	104	2	6	T
A1_BC01_191109_LF_LIB_consensus_vsearch	1402	C	M	72	7	2.39%	2	2	93	93	0.006801004765989798	1	1	59	13	2	5	+A
A1_BC01_191109_LF_LIB_consensus_vsearch	1403	G	R	266	20	6.9%	2	2	93	93	6.761126609192195E-7	1	1	158	108	11	9	A
A1_BC01_191109_LF_LIB_consensus_vsearch	1405	G	T	20	222	75.77%	2	2	93	93	2.5062598318065417E-115	1	1	12	8	116	106	T
A1_BC01_191109_LF_LIB_consensus_vsearch	1412	T	Y	178	13	4.51%	2	1	93	93	9.88359399902161E-5	1	1	113	65	0	13	-C
A1_BC01_191109_LF_LIB_consensus_vsearch	1425	C	Y	276	8	2.8%	2	2	93	93	0.003715900308944675	1	1	163	113	2	6	T
A1_BC01_191109_LF_LIB_consensus_vsearch	1428	G	R	273	10	3.46%	2	1	93	93	9.007001154101668E-4	1	1	159	114	10	0	A
A1_BC01_191109_LF_LIB_consensus_vsearch	1430	A	R	257	7	2.59%	2	2	93	93	0.007504145184876668	1	1	149	108	4	3	G
A1_BC01_191109_LF_LIB_consensus_vsearch	1438	C	Y	251	12	4.2%	2	1	93	93	2.1474557722261152E-4	1	1	167	84	0	12	T
A1_BC01_191109_LF_LIB_consensus_vsearch	1465	G	R	270	10	3.56%	2	1	93	93	8.999065315314767E-4	1	1	155	115	10	0	A
A1_BC01_191109_LF_LIB_consensus_vsearch	1472	G	R	261	24	8.36%	2	1	93	93	3.596499915607936E-8	1	1	145	116	24	0	A
A1_BC01_191109_LF_LIB_consensus_vsearch	1477	C	Y	252	24	8.36%	2	2	93	93	3.535108512385678E-8	1	1	137	115	21	3	T
A1_BC01_191109_LF_LIB_consensus_vsearch	1484	C	Y	243	37	12.63%	2	2	93	93	2.0367139911128915E-12	1	1	164	79	2	35	T
A1_BC01_191109_LF_LIB_consensus_vsearch	1493	A	R	272	7	2.42%	2	2	93	93	0.007520602096545131	1	1	158	114	6	1	G
A1_BC01_191109_LF_LIB_consensus_vsearch	1503	A	R	268	11	3.81%	2	1	93	93	4.416107728500366E-4	1	1	157	111	11	0	G
A1_BC01_191109_LF_LIB_consensus_vsearch	1513	G	R	269	17	5.88%	2	2	93	93	5.9723962264628885E-6	1	1	153	116	16	1	A
A1_BC01_191109_LF_LIB_consensus_vsearch	1516	A	R	267	19	6.51%	2	1	93	93	1.4003382078213553E-6	1	1	148	119	19	0	G
A1_BC01_191109_LF_LIB_consensus_vsearch	1518	C	Y	274	8	2.73%	2	2	93	93	0.0037145661693939445	1	1	168	106	1	7	T
A1_BC01_191109_LF_LIB_consensus_vsearch	1525	T	Y	255	7	2.46%	2	2	93	93	0.007501809679633719	1	1	159	96	5	2	+G
A1_BC01_191109_LF_LIB_consensus_vsearch	1526	A	R	251	19	6.64%	2	2	93	93	1.374026366236268E-6	1	1	162	89	5	14	G
A1_BC01_191109_LF_LIB_consensus_vsearch	1529	A	R	278	8	2.77%	2	2	93	93	0.0037172160087077582	1	1	163	115	7	1	G
A1_BC01_191109_LF_LIB_consensus_vsearch	1536	C	Y	273	7	2.48%	2	1	93	93	0.007521636994309325	1	1	154	119	7	0	T
A1_BC01_191109_LF_LIB_consensus_vsearch	1537	C	Y	243	21	7.29%	2	2	93	93	3.1521968480678163E-7	1	1	146	97	9	12	T
A1_BC01_191109_LF_LIB_consensus_vsearch	1542	A	R	244	10	3.83%	2	1	93	93	8.922644712756052E-4	1	1	127	117	10	0	G
A1_BC01_191109_LF_LIB_consensus_vsearch	1544	A	R	259	20	6.9%	2	2	93	93	6.700909767889938E-7	1	1	146	113	18	2	G
A1_BC01_191109_LF_LIB_consensus_vsearch	1556	A	R	283	7	2.4%	2	1	93	93	0.00753159622270077	1	1	164	119	7	0	G
A1_BC01_191109_LF_LIB_consensus_vsearch	1574	C	Y	281	9	3.07%	2	2	93	93	0.0018338842558176514	1	1	172	109	2	7	T
A1_BC01_191109_LF_LIB_consensus_vsearch	1582	A	R	263	10	3.41%	2	1	93	93	8.979886896061976E-4	1	1	146	117	10	0	-C
A1_BC01_191109_LF_LIB_consensus_vsearch	1585	C	Y	274	8	2.74%	2	1	93	93	0.0037145661693939445	1	1	168	106	0	8	T
A1_BC01_191109_LF_LIB_consensus_vsearch	1593	C	Y	276	10	3.5%	2	2	93	93	9.014774446876307E-4	1	1	170	106	1	9	T
A1_BC01_191109_LF_LIB_consensus_vsearch	1594	C	Y	248	36	12.41%	2	2	93	93	4.4537539107454295E-12	1	1	170	78	1	35	T
A1_BC01_191109_LF_LIB_consensus_vsearch	1596	T	Y	274	8	2.8%	2	2	93	93	0.0037145661693939445	1	1	172	102	2	6	C
A1_BC01_191109_LF_LIB_consensus_vsearch	1598	T	Y	269	10	3.48%	2	1	93	93	8.99638303056038E-4	1	1	167	102	0	10	C
A1_BC01_191109_LF_LIB_consensus_vsearch	1601	A	R	273	7	2.46%	2	2	93	93	0.007521636994309325	1	1	167	106	4	3	G
A1_BC01_191109_LF_LIB_consensus_vsearch	1606	T	Y	268	14	4.81%	2	2	93	93	5.173473164278669E-5	1	1	162	106	5	9	C
A1_BC01_191109_LF_LIB_consensus_vsearch	1622	C	S	270	15	5.19%	2	1	93	93	2.526102403935165E-5	1	1	151	119	15	0	G
A1_BC01_191109_LF_LIB_consensus_vsearch	1633	C	Y	278	9	3.07%	2	2	93	93	0.0018326588524581603	1	1	163	115	7	2	T
A1_BC01_191109_LF_LIB_consensus_vsearch	1634	A	R	276	8	2.75%	2	2	93	93	0.003715900308944675	1	1	160	116	7	1	G
A1_BC01_191109_LF_LIB_consensus_vsearch	1638	C	Y	272	7	2.5%	2	2	93	93	0.007520602096545131	1	1	162	110	2	5	T
A1_BC01_191109_LF_LIB_consensus_vsearch	1639	C	Y	277	7	2.41%	2	2	93	93	0.007525704235803031	1	1	165	112	4	3	T
A1_BC01_191109_LF_LIB_consensus_vsearch	1640	C	Y	262	14	4.81%	2	2	93	93	5.154445118601289E-5	1	1	165	97	4	10	T
A1_BC01_191109_LF_LIB_consensus_vsearch	1649	T	W	278	8	2.79%	2	2	93	93	0.0037172160087077582	1	1	164	114	7	1	A
A1_BC01_191109_LF_LIB_consensus_vsearch	1655	C	M	254	7	2.39%	2	1	93	93	0.0075006286111248205	1	1	159	95	7	0	-G
A1_BC01_191109_LF_LIB_consensus_vsearch	1655	C	Y	254	9	3.07%	2	1	93	93	0.0018218680650561358	1	1	159	95	0	9	T
A1_BC01_191109_LF_LIB_consensus_vsearch	1668	A	R	274	9	3.14%	2	2	93	93	0.0018309852711084608	1	1	159	115	7	2	G
A1_BC01_191109_LF_LIB_consensus_vsearch	1673	T	Y	275	7	2.46%	2	2	93	93	0.007523684932184882	1	1	163	112	4	3	C
A1_BC01_191109_LF_LIB_consensus_vsearch	1680	A	R	273	9	3.07%	2	2	93	93	0.0018305595870728112	1	1	158	115	8	1	G
A1_BC01_191109_LF_LIB_consensus_vsearch	1682	C	Y	281	11	3.75%	2	1	93	93	4.436269224033503E-4	1	1	173	108	0	11	T
A1_BC01_191109_LF_LIB_consensus_vsearch	1715	G	R	273	10	3.44%	2	2	93	93	9.007001154101668E-4	1	1	157	116	9	1	A
A1_BC01_191109_LF_LIB_consensus_vsearch	1716	C	Y	275	7	2.41%	2	2	93	93	0.007523684932184882	1	1	160	115	6	1	T
A1_BC01_191109_LF_LIB_consensus_vsearch	1726	G	K	250	14	4.79%	2	1	93	93	5.1139601406888455E-5	1	1	136	114	14	0	-TG
A1_BC01_191109_LF_LIB_consensus_vsearch	1769	A	R	271	7	2.41%	2	2	93	93	0.0075195598088442315	1	1	164	107	6	1	-C
A1_BC01_191109_LF_LIB_consensus_vsearch	1776	A	R	268	12	4.18%	2	2	93	93	2.1646037882116164E-4	1	1	152	116	9	3	G
A1_BC01_191109_LF_LIB_consensus_vsearch	1798	T	Y	275	9	3.12%	2	2	93	93	0.0018314080094074643	1	1	167	108	1	8	C
A1_BC01_191109_LF_LIB_consensus_vsearch	1822	A	R	238	9	3.46%	2	2	93	93	0.0018135324927119494	1	1	127	111	8	1	G
A1_BC01_191109_LF_LIB_consensus_vsearch	1823	T	K	244	32	11.23%	2	1	93	93	8.972953257587875E-11	1	1	130	114	32	0	G
A1_BC01_191109_LF_LIB_consensus_vsearch	1828	G	R	278	8	2.75%	2	2	93	93	0.0037172160087077582	1	1	162	116	6	2	A
A1_BC01_191109_LF_LIB_consensus_vsearch	1836	A	R	242	38	13.19%	2	2	93	93	9.463126191982416E-13	1	1	131	111	37	1	G
A1_BC01_191109_LF_LIB_consensus_vsearch	1840	A	R	253	24	8.39%	2	2	93	93	3.5420822592423975E-8	1	1	141	112	23	1	G
A1_BC01_191109_LF_LIB_consensus_vsearch	1845	G	K	275	7	2.45%	2	1	93	93	0.007523684932184882	1	1	162	113	7	0	T
A1_BC01_191109_LF_LIB_consensus_vsearch	1849	A	R	258	18	6.23%	2	2	93	93	2.864980679099093E-6	1	1	154	104	16	2	G
A1_BC01_191109_LF_LIB_consensus_vsearch	1855	G	S	267	19	6.48%	2	1	93	93	1.4003382078213553E-6	1	1	169	98	0	19	C
A1_BC01_191109_LF_LIB_consensus_vsearch	1856	T	W	264	21	7.24%	2	2	93	93	3.253563722721416E-7	1	1	166	98	2	19	A
A1_BC01_191109_LF_LIB_consensus_vsearch	1881	A	R	274	13	4.48%	2	2	93	93	1.0623697783994387E-4	1	1	159	115	12	1	G
A1_BC01_191109_LF_LIB_consensus_vsearch	1900	A	R	275	7	2.39%	2	2	93	93	0.007523684932184882	1	1	167	108	2	5	G
A1_BC01_191109_LF_LIB_consensus_vsearch	1904	A	R	269	12	4.21%	2	2	93	93	2.1655504769447275E-4	1	1	156	113	11	1	G
A1_BC01_191109_LF_LIB_consensus_vsearch	1924	G	K	271	15	5.14%	2	1	93	93	2.5278164987947676E-5	1	1	152	119	15	0	T
A1_BC01_191109_LF_LIB_consensus_vsearch	1935	G	K	257	8	2.95%	2	1	93	93	0.0037024232386659835	1	1	172	85	0	8	T
A1_BC01_191109_LF_LIB_consensus_vsearch	1939	A	R	279	7	2.41%	2	2	93	93	0.0075276955014990325	1	1	162	117	6	1	G
A1_BC01_191109_LF_LIB_consensus_vsearch	1941	G	R	260	18	6.43%	2	1	93	93	2.8710821082414754E-6	1	1	151	109	18	0	A
A1_BC01_191109_LF_LIB_consensus_vsearch	1944	T	Y	280	7	2.43%	2	1	93	93	0.007528680801958593	1	1	170	110	0	7	C
A1_BC01_191109_LF_LIB_consensus_vsearch	1952	A	W	262	16	5.5%	2	1	93	93	1.2220425820020403E-5	1	1	165	97	0	16	T
A1_BC01_191109_LF_LIB_consensus_vsearch	1953	G	R	260	17	6.01%	2	1	93	93	5.923608067183983E-6	1	1	143	117	17	0	A
A1_BC01_191109_LF_LIB_consensus_vsearch	1967	T	K	274	7	2.47%	2	1	93	93	0.007522664580457306	1	1	155	119	7	0	G
A1_BC01_191109_LF_LIB_consensus_vsearch	1973	C	Y	276	9	3.07%	2	2	93	93	0.0018318278324416476	1	1	167	109	2	7	T
A1_BC01_191109_LF_LIB_consensus_vsearch	1991	A	R	281	7	2.41%	2	1	93	93	0.007529659309132628	1	1	162	119	7	0	G
A1_BC01_191109_LF_LIB_consensus_vsearch	2012	A	R	251	17	6.07%	2	2	93	93	5.871878244831277E-6	1	1	153	98	14	3	G
A1_BC01_191109_LF_LIB_consensus_vsearch	2014	T	Y	267	9	3.23%	2	1	93	93	0.0018279418621040778	1	1	168	99	0	9	C
A1_BC01_191109_LF_LIB_consensus_vsearch	2048	T	Y	264	8	2.86%	2	2	93	93	0.0037076048169334716	1	1	157	107	3	5	C
A1_BC01_191109_LF_LIB_consensus_vsearch	2049	A	R	238	43	14.98%	2	1	93	93	1.995132558229853E-14	1	1	122	116	43	0	G
A1_BC01_191109_LF_LIB_consensus_vsearch	2051	C	Y	260	8	2.76%	2	2	93	93	0.0037046766426069204	1	1	160	100	5	3	-G
A1_BC01_191109_LF_LIB_consensus_vsearch	2052	G	R	258	19	6.79%	2	1	93	93	1.3858631675571705E-6	1	1	148	110	19	0	A
A1_BC01_191109_LF_LIB_consensus_vsearch	2061	T	Y	262	10	3.48%	2	2	93	93	8.977068546848841E-4	1	1	149	113	6	4	C
A1_BC01_191109_LF_LIB_consensus_vsearch	2066	C	Y	270	16	5.5%	2	2	93	93	1.2298712229340273E-5	1	1	168	102	4	12	T
A1_BC01_191109_LF_LIB_consensus_vsearch	2084	T	Y	275	8	2.76%	2	2	93	93	0.003715235568285371	1	1	169	106	3	5	C
A1_BC01_191109_LF_LIB_consensus_vsearch	2090	C	Y	262	19	6.51%	2	1	93	93	1.3923963272318769E-6	1	1	168	94	0	19	T
A1_BC01_191109_LF_LIB_consensus_vsearch	2116	T	Y	259	16	5.59%	2	2	93	93	1.2189995013007888E-5	1	1	164	95	2	14	C
A1_BC01_191109_LF_LIB_consensus_vsearch	2121	C	Y	243	7	2.43%	2	2	93	93	0.007487018424394727	1	1	131	112	3	4	+A
A1_BC01_191109_LF_LIB_consensus_vsearch	2145	A	R	175	96	34.53%	2	2	93	93	4.278854401117388E-34	1	1	105	70	64	32	G
A1_BC01_191109_LF_LIB_consensus_vsearch	2151	A	R	280	10	3.44%	2	2	93	93	9.024894498858599E-4	1	1	167	113	5	5	G
A1_BC01_191109_LF_LIB_consensus_vsearch	2152	C	Y	256	8	2.75%	2	1	93	93	0.003701660868547635	1	1	171	85	0	8	-T
A1_BC01_191109_LF_LIB_consensus_vsearch	2167	A	R	277	7	2.46%	2	1	93	93	0.007525704235803031	1	1	159	118	7	0	G
A1_BC01_191109_LF_LIB_consensus_vsearch	2173	A	R	269	13	4.48%	2	2	93	93	1.059696547776779E-4	1	1	161	108	11	2	G
A1_BC01_191109_LF_LIB_consensus_vsearch	2192	A	R	270	8	2.77%	2	1	93	93	0.003711840998534883	1	1	160	110	8	0	G
A1_BC01_191109_LF_LIB_consensus_vsearch	2195	C	Y	275	7	2.41%	2	2	93	93	0.007523684932184882	1	1	169	106	1	6	T
A1_BC01_191109_LF_LIB_consensus_vsearch	2200	G	R	280	8	2.75%	2	1	93	93	0.0037185136482745127	1	1	164	116	8	0	A
A1_BC01_191109_LF_LIB_consensus_vsearch	2228	C	M	251	7	2.39%	2	1	93	93	0.007497030913500092	1	1	134	117	7	0	-A
A1_BC01_191109_LF_LIB_consensus_vsearch	2241	C	Y	261	16	5.65%	2	1	93	93	1.2210349195973403E-5	1	1	171	90	0	16	T
A1_BC01_191109_LF_LIB_consensus_vsearch	2244	C	S	258	7	2.4%	2	2	93	93	0.007505299821009934	1	1	163	95	1	6	+G
A1_BC01_191109_LF_LIB_consensus_vsearch	2244	C	Y	258	7	2.4%	2	1	93	93	0.007505299821009934	1	1	163	95	0	7	+G
A1_BC01_191109_LF_LIB_consensus_vsearch	2251	G	R	257	23	8.16%	2	1	93	93	7.444390748717086E-8	1	1	148	109	23	0	A
A1_BC01_191109_LF_LIB_consensus_vsearch	2261	C	Y	183	46	17.04%	2	2	93	93	1.1500514692224539E-15	1	1	71	112	41	5	T
A1_BC01_191109_LF_LIB_consensus_vsearch	2262	A	R	203	40	15.87%	2	2	93	93	1.5817238263173383E-13	1	1	89	114	39	1	G
A1_BC01_191109_LF_LIB_consensus_vsearch	2262	A	W	203	7	2.78%	2	2	93	93	0.007425626339083171	1	1	89	114	5	2	G
A1_BC01_191109_LF_LIB_consensus_vsearch	2263	A	R	208	8	2.93%	2	2	93	93	0.0036568954742723925	1	1	102	106	4	4	-G
A1_BC01_191109_LF_LIB_consensus_vsearch	2263	A	W	208	10	3.66%	2	1	93	93	8.787673881990181E-4	1	1	102	106	10	0	T
A1_BC01_191109_LF_LIB_consensus_vsearch	2264	G	K	231	17	6.8%	2	1	93	93	5.7449664289726325E-6	1	1	119	112	17	0	T
A1_BC01_191109_LF_LIB_consensus_vsearch	2274	C	Y	262	11	4%	2	2	93	93	4.4061758463860134E-4	1	1	162	100	2	9	T
A1_BC01_191109_LF_LIB_consensus_vsearch	2275	C	Y	254	22	7.59%	2	2	93	93	1.542339755403178E-7	1	1	168	86	2	20	T
A1_BC01_191109_LF_LIB_consensus_vsearch	2298	G	R	198	34	13.99%	2	2	93	93	1.5792968151385072E-11	1	1	125	73	25	9	A
A1_BC01_191109_LF_LIB_consensus_vsearch	2299	G	R	255	18	6.45%	2	2	93	93	2.855680313954839E-6	1	1	165	90	4	14	A
A1_BC01_191109_LF_LIB_consensus_vsearch	2300	G	S	257	11	3.83%	2	1	93	93	4.3975708311224564E-4	1	1	159	98	0	11	+A
A1_BC01_191109_LF_LIB_consensus_vsearch	2302	C	Y	273	10	3.44%	2	2	93	93	9.007001154101668E-4	1	1	161	112	6	4	T
A1_BC01_191109_LF_LIB_consensus_vsearch	2307	C	Y	251	23	7.93%	2	2	93	93	7.36473191773932E-8	1	1	158	93	2	21	T
A1_BC01_191109_LF_LIB_consensus_vsearch	2308	G	S	271	10	3.47%	2	1	93	93	9.001728969026303E-4	1	1	156	115	10	0	C
A1_BC01_191109_LF_LIB_consensus_vsearch	2319	A	R	228	7	2.44%	2	1	93	93	0.007466423838535645	1	1	154	74	7	0	-G
A1_BC01_191109_LF_LIB_consensus_vsearch	2332	A	R	275	10	3.45%	2	2	93	93	9.012201100788449E-4	1	1	163	112	8	2	G
A1_BC01_191109_LF_LIB_consensus_vsearch	2335	C	Y	280	7	2.41%	2	1	93	93	0.007528680801958593	1	1	171	109	0	7	T
A1_BC01_191109_LF_LIB_consensus_vsearch	2336	G	R	276	8	2.74%	2	1	93	93	0.003715900308944675	1	1	159	117	8	0	A
A1_BC01_191109_LF_LIB_consensus_vsearch	2341	A	R	275	13	4.45%	2	2	93	93	1.0628938248352884E-4	1	1	159	116	12	1	G
A1_BC01_191109_LF_LIB_consensus_vsearch	2363	A	R	272	8	2.74%	2	1	93	93	0.003713213199727839	1	1	174	98	0	8	G
A1_BC01_191109_LF_LIB_consensus_vsearch	2365	T	Y	265	15	5.24%	2	2	93	93	2.5173614580160713E-5	1	1	170	95	1	14	C
A1_BC01_191109_LF_LIB_consensus_vsearch	2375	G	R	278	8	2.77%	2	2	93	93	0.0037172160087077582	1	1	166	112	5	3	A
A1_BC01_191109_LF_LIB_consensus_vsearch	2376	C	Y	270	8	2.78%	2	1	93	93	0.003711840998534883	1	1	166	104	0	8	T
A1_BC01_191109_LF_LIB_consensus_vsearch	2387	A	R	276	10	3.48%	2	2	93	93	9.014774446876307E-4	1	1	159	117	9	1	G
A1_BC01_191109_LF_LIB_consensus_vsearch	2395	G	R	273	9	3.08%	2	2	93	93	0.0018305595870728112	1	1	156	117	8	1	A
A1_BC01_191109_LF_LIB_consensus_vsearch	2395	G	S	273	9	3.08%	2	1	93	93	0.0018305595870728112	1	1	156	117	9	0	A
A1_BC01_191109_LF_LIB_consensus_vsearch	2401	T	Y	274	7	2.4%	2	2	93	93	0.007522664580457306	1	1	159	115	5	2	C
A1_BC01_191109_LF_LIB_consensus_vsearch	2402	G	R	273	10	3.46%	2	1	93	93	9.007001154101668E-4	1	1	154	119	10	0	A
A1_BC01_191109_LF_LIB_consensus_vsearch	2405	A	R	271	17	5.8%	2	1	93	93	5.982863479303467E-6	1	1	152	119	17	0	G
A1_BC01_191109_LF_LIB_consensus_vsearch	2407	G	R	249	40	13.7%	2	2	93	93	2.1338988824407483E-13	1	1	131	118	39	1	A
A1_BC01_191109_LF_LIB_consensus_vsearch	2426	G	R	248	8	3.02%	2	2	93	93	0.0036953503162476236	1	1	158	90	7	1	A
A1_BC01_191109_LF_LIB_consensus_vsearch	2428	C	Y	246	12	4.11%	2	2	93	93	2.1420009743898608E-4	1	1	140	106	6	6	T
A1_BC01_191109_LF_LIB_consensus_vsearch	2429	A	R	267	7	2.49%	2	1	93	93	0.007515315152860378	1	1	156	111	7	0	G
A1_BC01_191109_LF_LIB_consensus_vsearch	2431	G	R	230	8	3.21%	2	1	93	93	0.0036796224538833875	1	1	140	90	8	0	A
A1_BC01_191109_LF_LIB_consensus_vsearch	2439	G	R	272	17	5.82%	2	1	93	93	5.9880479363891315E-6	1	1	155	117	17	0	A
A1_BC01_191109_LF_LIB_consensus_vsearch	2443	T	Y	279	7	2.44%	2	2	93	93	0.0075276955014990325	1	1	167	112	2	5	C
A1_BC01_191109_LF_LIB_consensus_vsearch	2449	T	Y	282	8	2.76%	2	1	93	93	0.0037197935969067834	1	1	171	111	0	8	C
A1_BC01_191109_LF_LIB_consensus_vsearch	2458	T	Y	270	12	4.26%	2	2	93	93	2.1664907198974036E-4	1	1	166	104	2	10	C
A1_BC01_191109_LF_LIB_consensus_vsearch	2461	A	R	273	9	3.11%	2	2	93	93	0.0018305595870728112	1	1	161	112	5	4	G
A1_BC01_191109_LF_LIB_consensus_vsearch	2464	A	R	284	7	2.4%	2	2	93	93	0.007532554766260561	1	1	166	118	6	1	G
A1_BC01_191109_LF_LIB_consensus_vsearch	2466	T	W	269	11	3.9%	2	2	93	93	4.417722972965338E-4	1	1	153	116	10	1	A
A1_BC01_191109_LF_LIB_consensus_vsearch	2497	A	R	281	8	2.73%	2	2	93	93	0.003719155811269887	1	1	165	116	7	1	G
A1_BC01_191109_LF_LIB_consensus_vsearch	2501	G	K	252	7	2.42%	2	1	93	93	0.007498239332403135	1	1	162	90	7	0	-TG
A1_BC01_191109_LF_LIB_consensus_vsearch	2519	C	Y	266	16	5.56%	2	2	93	93	1.2260077686485645E-5	1	1	163	103	1	15	T
A1_BC01_191109_LF_LIB_consensus_vsearch	2521	C	Y	269	9	3.15%	2	2	93	93	0.0018288267693504104	1	1	161	108	7	2	T
A1_BC01_191109_LF_LIB_consensus_vsearch	2522	A	R	261	12	4.24%	2	1	93	93	2.1577907883231425E-4	1	1	150	111	12	0	G
A1_BC01_191109_LF_LIB_consensus_vsearch	2525	G	R	176	98	34.63%	2	2	93	93	7.596011047001355E-35	1	1	106	70	53	45	A
A1_BC01_191109_LF_LIB_consensus_vsearch	2528	C	Y	264	9	3.09%	2	1	93	93	0.001826590629994852	1	1	155	109	0	9	T
A1_BC01_191109_LF_LIB_consensus_vsearch	2531	T	W	263	8	2.93%	2	1	93	93	0.003706880776381375	1	1	149	114	8	0	A
A1_BC01_191109_LF_LIB_consensus_vsearch	2539	G	R	278	9	3.11%	2	1	93	93	0.0018326588524581603	1	1	161	117	9	0	A
A1_BC01_191109_LF_LIB_consensus_vsearch	2549	T	Y	265	17	5.84%	2	2	93	93	5.9510596069379195E-6	1	1	169	96	1	16	C
A1_BC01_191109_LF_LIB_consensus_vsearch	2574	T	Y	279	11	3.77%	2	2	93	93	4.433281508204466E-4	1	1	169	110	4	7	C
A1_BC01_191109_LF_LIB_consensus_vsearch	2579	T	Y	214	7	2.42%	2	2	93	93	0.007444703667648697	1	1	99	115	5	2	-CC
A1_BC01_191109_LF_LIB_consensus_vsearch	2582	C	Y	256	21	7.19%	2	1	93	93	3.2164599106765833E-7	1	1	170	86	0	21	T
A1_BC01_191109_LF_LIB_consensus_vsearch	2615	A	R	270	13	4.47%	2	1	93	93	1.0602383788538603E-4	1	1	157	113	13	0	G
A1_BC01_191109_LF_LIB_consensus_vsearch	2629	G	S	273	7	2.41%	2	1	93	93	0.007521636994309325	1	1	157	116	7	0	C
A1_BC01_191109_LF_LIB_consensus_vsearch	2631	A	R	269	7	2.44%	2	2	93	93	0.007517452744777598	1	1	157	112	6	1	G
A1_BC01_191109_LF_LIB_consensus_vsearch	2641	A	R	274	8	2.77%	2	2	93	93	0.0037145661693939445	1	1	160	114	7	1	G
A1_BC01_191109_LF_LIB_consensus_vsearch	2651	T	Y	267	7	2.45%	2	2	93	93	0.007515315152860378	1	1	154	113	5	2	C
A1_BC01_191109_LF_LIB_consensus_vsearch	2652	G	R	260	11	3.83%	2	2	93	93	4.402770692935837E-4	1	1	150	110	10	1	A
A1_BC01_191109_LF_LIB_consensus_vsearch	2656	C	Y	262	14	4.93%	2	2	93	93	5.154445118601289E-5	1	1	154	108	10	4	T
A1_BC01_191109_LF_LIB_consensus_vsearch	2659	C	Y	273	8	2.74%	2	2	93	93	0.0037138920631481294	1	1	161	112	3	5	T
A1_BC01_191109_LF_LIB_consensus_vsearch	2660	T	W	273	7	2.45%	2	1	93	93	0.007521636994309325	1	1	158	115	7	0	A
A1_BC01_191109_LF_LIB_consensus_vsearch	2664	A	R	261	8	2.86%	2	2	93	93	0.003705416747963619	1	1	157	104	6	2	G
A1_BC01_191109_LF_LIB_consensus_vsearch	2665	C	Y	265	9	3.12%	2	1	93	93	0.0018270442691405997	1	1	171	94	0	9	T
A1_BC01_191109_LF_LIB_consensus_vsearch	2692	T	Y	268	10	3.47%	2	2	93	93	8.993681918747568E-4	1	1	167	101	2	8	C
A1_BC01_191109_LF_LIB_consensus_vsearch	2698	T	Y	177	94	33.69%	2	2	93	93	2.7505979293450012E-33	1	1	107	70	64	30	C
A1_BC01_191109_LF_LIB_consensus_vsearch	2700	T	Y	238	24	8.54%	2	2	93	93	3.433216937353479E-8	1	1	162	76	1	23	C
A1_BC01_191109_LF_LIB_consensus_vsearch	2714	G	R	264	25	8.59%	2	1	93	93	1.7329396704421315E-8	1	1	147	117	25	0	A
A1_BC01_191109_LF_LIB_consensus_vsearch	2718	G	R	258	19	6.64%	2	1	93	93	1.3858631675571705E-6	1	1	142	116	19	0	A
A1_BC01_191109_LF_LIB_consensus_vsearch	2721	G	R	281	8	2.75%	2	1	93	93	0.003719155811269887	1	1	164	117	8	0	A
A1_BC01_191109_LF_LIB_consensus_vsearch	2732	A	R	256	8	2.89%	2	1	93	93	0.003701660868547635	1	1	140	116	8	0	-G
A1_BC01_191109_LF_LIB_consensus_vsearch	2736	C	Y	258	7	2.63%	2	1	93	93	0.007505299821009934	1	1	152	106	0	7	T
A1_BC01_191109_LF_LIB_consensus_vsearch	2739	A	R	282	9	3.08%	2	1	93	93	0.0018342872039811176	1	1	163	119	9	0	G
A1_BC01_191109_LF_LIB_consensus_vsearch	2749	C	Y	250	11	3.77%	2	2	93	93	4.3849887966753017E-4	1	1	147	103	5	6	+A
A1_BC01_191109_LF_LIB_consensus_vsearch	2751	A	R	264	8	2.89%	2	2	93	93	0.0037076048169334716	1	1	148	116	6	2	G
A1_BC01_191109_LF_LIB_consensus_vsearch	2767	A	R	279	7	2.39%	2	1	93	93	0.0075276955014990325	1	1	164	115	7	0	G
A1_BC01_191109_LF_LIB_consensus_vsearch	2784	A	R	268	14	4.79%	2	2	93	93	5.173473164278669E-5	1	1	164	104	9	5	G
A1_BC01_191109_LF_LIB_consensus_vsearch	2791	G	R	273	7	2.4%	2	2	93	93	0.007521636994309325	1	1	163	110	6	1	A
A1_BC01_191109_LF_LIB_consensus_vsearch	2793	A	R	200	10	3.53%	2	1	93	93	8.751600144021374E-4	1	1	142	58	10	0	-G
A1_BC01_191109_LF_LIB_consensus_vsearch	2798	C	Y	249	24	8.3%	2	1	93	93	3.513951117061451E-8	1	1	163	86	0	24	T
A1_BC01_191109_LF_LIB_consensus_vsearch	2799	G	K	269	10	3.46%	2	2	93	93	8.99638303056038E-4	1	1	164	105	3	7	T
A1_BC01_191109_LF_LIB_consensus_vsearch	2800	T	Y	266	10	3.46%	2	2	93	93	8.988222415871298E-4	1	1	169	97	3	7	C
A1_BC01_191109_LF_LIB_consensus_vsearch	2801	A	R	270	17	5.82%	2	2	93	93	5.977646345312992E-6	1	1	167	103	5	12	G
A1_BC01_191109_LF_LIB_consensus_vsearch	2802	T	Y	270	12	4.15%	2	1	93	93	2.1664907198974036E-4	1	1	173	97	0	12	C
A1_BC01_191109_LF_LIB_consensus_vsearch	2803	T	Y	272	10	3.42%	2	1	93	93	9.004374185065823E-4	1	1	173	99	0	10	-C
A1_BC01_191109_LF_LIB_consensus_vsearch	2829	A	R	273	10	3.44%	2	2	93	93	9.007001154101668E-4	1	1	160	113	8	2	G
A1_BC01_191109_LF_LIB_consensus_vsearch	2833	G	R	264	11	3.93%	2	1	93	93	4.409533072146887E-4	1	1	150	114	11	0	A
A1_BC01_191109_LF_LIB_consensus_vsearch	2834	G	R	273	11	3.83%	2	1	93	93	4.424073759112678E-4	1	1	157	116	11	0	A
A1_BC01_191109_LF_LIB_consensus_vsearch	2835	C	Y	261	14	4.84%	2	1	93	93	5.151198010501235E-5	1	1	161	100	0	14	T
A1_BC01_191109_LF_LIB_consensus_vsearch	2840	C	S	269	7	2.41%	2	1	93	93	0.007517452744777598	1	1	167	102	0	7	G
A1_BC01_191109_LF_LIB_consensus_vsearch	2842	T	Y	279	7	2.41%	2	2	93	93	0.0075276955014990325	1	1	170	109	1	6	C
A1_BC01_191109_LF_LIB_consensus_vsearch	2848	C	Y	272	10	3.47%	2	2	93	93	9.004374185065823E-4	1	1	159	113	6	4	T
A1_BC01_191109_LF_LIB_consensus_vsearch	2855	A	R	271	14	4.86%	2	1	93	93	5.1827045630533664E-5	1	1	155	116	14	0	G
A1_BC01_191109_LF_LIB_consensus_vsearch	2873	C	Y	268	19	6.53%	2	1	93	93	1.4018975435605136E-6	1	1	170	98	0	19	T
A1_BC01_191109_LF_LIB_consensus_vsearch	2876	G	R	264	17	5.9%	2	1	93	93	5.945639807254174E-6	1	1	148	116	17	0	A
A1_BC01_191109_LF_LIB_consensus_vsearch	2892	C	Y	270	7	2.42%	2	1	93	93	0.007518510051769894	1	1	155	115	7	0	T
A1_BC01_191109_LF_LIB_consensus_vsearch	2893	A	R	254	18	6.27%	2	1	93	93	2.8525399030520225E-6	1	1	147	107	18	0	G
A1_BC01_191109_LF_LIB_consensus_vsearch	2902	C	Y	284	7	2.4%	2	2	93	93	0.007532554766260561	1	1	171	113	1	6	T
A1_BC01_191109_LF_LIB_consensus_vsearch	2917	A	R	265	11	3.86%	2	2	93	93	4.411194026977277E-4	1	1	149	116	10	1	G
A1_BC01_191109_LF_LIB_consensus_vsearch	2936	G	S	282	7	2.4%	2	1	93	93	0.007530631093034971	1	1	164	118	7	0	C
A1_BC01_191109_LF_LIB_consensus_vsearch	2937	C	Y	275	16	5.48%	2	1	93	93	1.2345633231214476E-5	1	1	172	103	0	16	T
A1_BC01_191109_LF_LIB_consensus_vsearch	2945	T	Y	265	10	3.52%	2	2	93	93	8.985463618717617E-4	1	1	159	106	8	2	C
A1_BC01_191109_LF_LIB_consensus_vsearch	2946	A	R	257	17	5.99%	2	1	93	93	5.906704434617644E-6	1	1	148	109	17	0	G
A1_BC01_191109_LF_LIB_consensus_vsearch	2947	G	R	260	7	2.47%	2	2	93	93	0.0075075833477063125	1	1	158	102	6	1	A
A1_BC01_191109_LF_LIB_consensus_vsearch	2949	G	R	260	7	2.46%	2	2	93	93	0.0075075833477063125	1	1	159	101	3	4	-CGCG
A1_BC01_191109_LF_LIB_consensus_vsearch	2950	C	Y	260	7	2.52%	2	2	93	93	0.0075075833477063125	1	1	162	98	2	5	T
A1_BC01_191109_LF_LIB_consensus_vsearch	2955	G	R	271	11	3.83%	2	2	93	93	4.4209201775028084E-4	1	1	161	110	8	3	A
A1_BC01_191109_LF_LIB_consensus_vsearch	2956	C	Y	263	9	3.14%	2	2	93	93	0.0018261337158000507	1	1	166	97	1	8	T
A1_BC01_191109_LF_LIB_consensus_vsearch	2957	G	R	265	13	4.59%	2	1	93	93	1.0574921959690428E-4	1	1	158	107	13	0	A
A1_BC01_191109_LF_LIB_consensus_vsearch	2958	G	R	256	13	4.47%	2	2	93	93	1.0523051243934297E-4	1	1	142	114	12	1	A
A1_BC01_191109_LF_LIB_consensus_vsearch	2961	C	Y	277	10	3.42%	2	2	93	93	9.017330282900388E-4	1	1	164	113	5	5	T
A1_BC01_191109_LF_LIB_consensus_vsearch	2987	T	Y	273	11	3.81%	2	2	93	93	4.424073759112678E-4	1	1	171	102	3	8	C
A1_BC01_191109_LF_LIB_consensus_vsearch	2991	A	R	236	9	3.45%	2	2	93	93	0.0018124155419458562	1	1	135	101	3	6	G
A1_BC01_191109_LF_LIB_consensus_vsearch	2992	T	Y	242	7	2.58%	2	1	93	93	0.007485722003053852	1	1	141	101	0	7	C
A1_BC01_191109_LF_LIB_consensus_vsearch	2992	T	K	242	19	7.01%	2	1	93	93	1.3580032452255354E-6	1	1	141	101	19	0	G
A1_BC01_191109_LF_LIB_consensus_vsearch	2993	T	Y	266	8	2.83%	2	2	93	93	0.0037090372381044278	1	1	157	109	2	6	C
A1_BC01_191109_LF_LIB_consensus_vsearch	2996	C	Y	245	18	6.23%	2	2	93	93	2.8233306503124774E-6	1	1	159	86	6	12	T
A1_BC01_191109_LF_LIB_consensus_vsearch	2997	A	R	250	7	2.56%	2	2	93	93	0.007495813166417644	1	1	165	85	2	5	G
A1_BC01_191109_LF_LIB_consensus_vsearch	2997	A	W	250	14	5.13%	2	2	93	93	5.1139601406888455E-5	1	1	165	85	1	13	T
A1_BC01_191109_LF_LIB_consensus_vsearch	2999	G	R	252	11	4.09%	2	1	93	93	4.388649693243239E-4	1	1	153	99	11	0	A
A1_BC01_191109_LF_LIB_consensus_vsearch	3011	C	Y	263	10	3.42%	2	1	93	93	8.979886896061976E-4	1	1	163	100	0	10	T
A1_BC01_191109_LF_LIB_consensus_vsearch	3013	T	W	242	10	3.89%	2	1	93	93	8.916130618494134E-4	1	1	154	88	10	0	A
A1_BC01_191109_LF_LIB_consensus_vsearch	3014	T	Y	266	16	5.57%	2	2	93	93	1.2260077686485645E-5	1	1	164	102	4	12	C
A1_BC01_191109_LF_LIB_consensus_vsearch	3018	C	Y	269	9	3.09%	2	2	93	93	0.0018288267693504104	1	1	168	101	2	7	T
A1_BC01_191109_LF_LIB_consensus_vsearch	3025	C	Y	277	10	3.42%	2	2	93	93	9.017330282900388E-4	1	1	171	106	1	9	T
A1_BC01_191109_LF_LIB_consensus_vsearch	3026	G	R	279	7	2.41%	2	2	93	93	0.0075276955014990325	1	1	166	113	6	1	A
A1_BC01_191109_LF_LIB_consensus_vsearch	3030	C	Y	222	9	3.07%	2	1	93	93	0.001804066959286255	1	1	139	83	9	0	T
A1_BC01_191109_LF_LIB_consensus_vsearch	3031	A	M	267	8	2.82%	2	2	93	93	0.003709745731198054	1	1	163	104	5	3	C
A1_BC01_191109_LF_LIB_consensus_vsearch	3032	A	W	272	7	2.41%	2	2	93	93	0.007520602096545131	1	1	169	103	2	5	T
A1_BC01_191109_LF_LIB_consensus_vsearch	3059	G	R	228	18	6.38%	2	2	93	93	2.7630742248344185E-6	1	1	113	115	17	1	A
A1_BC01_191109_LF_LIB_consensus_vsearch	3061	C	Y	269	7	2.48%	2	2	93	93	0.007517452744777598	1	1	152	117	5	2	T
A1_BC01_191109_LF_LIB_consensus_vsearch	3062	C	Y	248	14	4.79%	2	2	93	93	5.106875368908258E-5	1	1	151	97	2	12	T
A1_BC01_191109_LF_LIB_consensus_vsearch	3074	A	R	105	25	8.74%	2	1	93	93	8.317817113313194E-9	1	1	82	23	25	0	G
A1_BC01_191109_LF_LIB_consensus_vsearch	3077	A	R	273	8	2.81%	2	2	93	93	0.0037138920631481294	1	1	155	118	7	1	G
A1_BC01_191109_LF_LIB_consensus_vsearch	3079	A	R	269	10	3.47%	2	2	93	93	8.99638303056038E-4	1	1	157	112	8	2	G
A1_BC01_191109_LF_LIB_consensus_vsearch	3080	C	Y	276	7	2.41%	2	2	93	93	0.007524698125609518	1	1	166	110	2	5	T
A1_BC01_191109_LF_LIB_consensus_vsearch	3081	G	R	264	22	7.61%	2	2	93	93	1.5669527561283954E-7	1	1	149	115	21	1	A
A1_BC01_191109_LF_LIB_consensus_vsearch	3083	C	Y	265	9	3.1%	2	2	93	93	0.0018270442691405997	1	1	154	111	2	7	-G
A1_BC01_191109_LF_LIB_consensus_vsearch	3085	C	M	258	7	2.55%	2	1	93	93	0.007505299821009934	1	1	145	113	7	0	A
A1_BC01_191109_LF_LIB_consensus_vsearch	3086	C	Y	258	26	8.87%	2	2	93	93	8.183669117184038E-9	1	1	150	108	17	9	T
A1_BC01_191109_LF_LIB_consensus_vsearch	3089	C	S	259	7	2.54%	2	1	93	93	0.007506445843275869	1	1	144	115	7	0	+G
A1_BC01_191109_LF_LIB_consensus_vsearch	3092	T	Y	235	14	5.32%	2	2	93	93	5.0582388118107997E-5	1	1	131	104	13	1	C
A1_BC01_191109_LF_LIB_consensus_vsearch	3093	G	R	234	40	14.29%	2	2	93	93	1.958641358778995E-13	1	1	132	102	38	2	A
A1_BC01_191109_LF_LIB_consensus_vsearch	3098	T	Y	266	10	3.45%	2	2	93	93	8.988222415871298E-4	1	1	157	109	3	7	+C
A1_BC01_191109_LF_LIB_consensus_vsearch	3100	G	R	260	24	8.28%	2	1	93	93	3.589828315804003E-8	1	1	143	117	24	0	A
A1_BC01_191109_LF_LIB_consensus_vsearch	3138	C	Y	274	12	4.11%	2	2	93	93	2.1701885312755713E-4	1	1	168	106	4	8	T
A1_BC01_191109_LF_LIB_consensus_vsearch	3141	C	Y	272	7	2.41%	2	2	93	93	0.007520602096545131	1	1	161	111	2	5	+A
A1_BC01_191109_LF_LIB_consensus_vsearch	3146	T	Y	261	13	4.56%	2	2	93	93	1.0552267566302589E-4	1	1	155	106	2	11	C
A1_BC01_191109_LF_LIB_consensus_vsearch	3153	G	R	274	7	2.46%	2	1	93	93	0.007522664580457306	1	1	160	114	7	0	A
A1_BC01_191109_LF_LIB_consensus_vsearch	3156	C	Y	265	19	6.57%	2	2	93	93	1.3971907609284784E-6	1	1	164	101	3	16	T
A1_BC01_191109_LF_LIB_consensus_vsearch	3163	C	Y	279	9	3.08%	2	2	93	93	0.0018330701083030451	1	1	171	108	1	8	T
A1_BC01_191109_LF_LIB_consensus_vsearch	3170	C	Y	283	8	2.73%	2	2	93	93	0.003720427049773226	1	1	169	114	3	5	T
A1_BC01_191109_LF_LIB_consensus_vsearch	3180	T	Y	277	8	2.76%	2	2	93	93	0.003716560439832168	1	1	168	109	4	4	C
A1_BC01_191109_LF_LIB_consensus_vsearch	3193	A	R	278	7	2.41%	2	2	93	93	0.007526703336776438	1	1	169	109	4	3	G
A1_BC01_191109_LF_LIB_consensus_vsearch	3199	G	R	285	7	2.4%	2	1	93	93	0.007533506790877374	1	1	166	119	7	0	A
A1_BC01_191109_LF_LIB_consensus_vsearch	3218	T	Y	272	15	5.15%	2	1	93	93	2.5295194857308346E-5	1	1	171	101	0	15	C
A1_BC01_191109_LF_LIB_consensus_vsearch	3224	G	R	267	8	2.81%	2	2	93	93	0.003709745731198054	1	1	157	110	6	2	+A
A1_BC01_191109_LF_LIB_consensus_vsearch	3228	A	R	268	7	2.46%	2	1	93	93	0.007516387806114139	1	1	153	115	7	0	G
A1_BC01_191109_LF_LIB_consensus_vsearch	3240	T	Y	277	11	3.81%	2	2	93	93	4.43025357377396E-4	1	1	170	107	1	10	C
A1_BC01_191109_LF_LIB_consensus_vsearch	3253	A	R	232	7	2.86%	2	2	93	93	0.007472166294706969	1	1	166	66	4	3	G
A1_BC01_191109_LF_LIB_consensus_vsearch	3254	G	R	275	10	3.44%	2	1	93	93	9.012201100788449E-4	1	1	158	117	10	0	A
A1_BC01_191109_LF_LIB_consensus_vsearch	3256	C	Y	263	7	2.4%	2	2	93	93	0.007510945692957774	1	1	153	110	1	6	+A
A1_BC01_191109_LF_LIB_consensus_vsearch	3257	G	S	269	14	4.83%	2	1	93	93	5.176570746658781E-5	1	1	152	117	14	0	C
A1_BC01_191109_LF_LIB_consensus_vsearch	3272	G	R	260	21	7.39%	2	1	93	93	3.235232908899636E-7	1	1	150	110	21	0	A
A1_BC01_191109_LF_LIB_consensus_vsearch	3274	T	Y	266	14	4.96%	2	2	93	93	5.1672156243472136E-5	1	1	163	103	1	13	C
A1_BC01_191109_LF_LIB_consensus_vsearch	3276	G	K	247	30	10.34%	2	1	93	93	4.061844898565385E-10	1	1	135	112	30	0	T
A1_BC01_191109_LF_LIB_consensus_vsearch	3301	T	Y	280	9	3.1%	2	1	93	93	0.0018334785666112648	1	1	171	109	0	9	C
A1_BC01_191109_LF_LIB_consensus_vsearch	3320	C	Y	249	12	4.18%	2	1	93	93	2.1452978457341625E-4	1	1	169	80	0	12	+T
A1_BC01_191109_LF_LIB_consensus_vsearch	3322	C	Y	205	13	5.91%	2	2	93	93	1.0153375468649412E-4	1	1	129	76	1	12	T
A1_BC01_191109_LF_LIB_consensus_vsearch	3323	C	Y	270	8	2.88%	2	1	93	93	0.003711840998534883	1	1	169	101	0	8	T
A1_BC01_191109_LF_LIB_consensus_vsearch	3343	A	M	247	9	3.41%	2	2	93	93	0.0018183469810084327	1	1	166	81	1	8	C
A1_BC01_191109_LF_LIB_consensus_vsearch	3343	A	R	247	8	3.03%	2	1	93	93	0.0036945340250354765	1	1	166	81	0	8	C
A1_BC01_191109_LF_LIB_consensus_vsearch	3344	A	M	266	10	3.42%	2	2	93	93	8.988222415871298E-4	1	1	168	98	1	9	-T
A1_BC01_191109_LF_LIB_consensus_vsearch	3345	T	Y	267	13	4.61%	2	1	93	93	1.0586018526289028E-4	1	1	171	96	0	13	C
A1_BC01_191109_LF_LIB_consensus_vsearch	3346	T	Y	283	7	2.39%	2	2	93	93	0.00753159622270077	1	1	173	110	1	6	C
A1_BC01_191109_LF_LIB_consensus_vsearch	3366	T	Y	267	9	3.1%	2	2	93	93	0.0018279418621040778	1	1	170	97	1	8	C
A1_BC01_191109_LF_LIB_consensus_vsearch	3369	T	Y	267	8	2.82%	2	2	93	93	0.003709745731198054	1	1	163	104	5	3	C
A1_BC01_191109_LF_LIB_consensus_vsearch	3375	A	W	260	13	4.51%	2	1	93	93	1.0546505538439052E-4	1	1	148	112	13	0	T
A1_BC01_191109_LF_LIB_consensus_vsearch	3382	C	Y	274	7	2.4%	2	1	93	93	0.007522664580457306	1	1	169	105	0	7	T
A1_BC01_191109_LF_LIB_consensus_vsearch	3419	A	R	258	27	9.28%	2	1	93	93	3.904861450467928E-9	1	1	141	117	27	0	G
A1_BC01_191109_LF_LIB_consensus_vsearch	3421	G	R	261	23	7.93%	2	2	93	93	7.496001655613314E-8	1	1	146	115	22	1	A
A1_BC01_191109_LF_LIB_consensus_vsearch	3427	T	Y	263	10	3.58%	2	2	93	93	8.979886896061976E-4	1	1	165	98	3	7	C
A1_BC01_191109_LF_LIB_consensus_vsearch	3436	T	Y	276	7	2.42%	2	2	93	93	0.007524698125609518	1	1	160	116	5	2	C
A1_BC01_191109_LF_LIB_consensus_vsearch	3437	T	W	242	20	6.83%	2	1	93	93	6.543342596490974E-7	1	1	125	117	20	0	A
A1_BC01_191109_LF_LIB_consensus_vsearch	3438	G	R	242	28	10.29%	2	1	93	93	1.7810984546520612E-9	1	1	125	117	28	0	A
A1_BC01_191109_LF_LIB_consensus_vsearch	3453	G	K	270	7	2.42%	2	1	93	93	0.007518510051769894	1	1	161	109	7	0	T
A1_BC01_191109_LF_LIB_consensus_vsearch	3464	A	R	276	13	4.45%	2	2	93	93	1.0634144193551644E-4	1	1	160	116	12	1	G
A1_BC01_191109_LF_LIB_consensus_vsearch	3469	A	R	4	34	11.6%	2	2	93	93	1.6239106387092846E-17	1	1	1	3	26	8	+G
A1_BC01_191109_LF_LIB_consensus_vsearch	3472	C	Y	165	11	5.47%	2	1	93	93	4.1563705559920753E-4	1	1	93	72	0	11	+T
A1_BC01_191109_LF_LIB_consensus_vsearch	3473	C	Y	258	16	5.52%	2	2	93	93	1.2179716121014959E-5	1	1	168	90	1	15	T
A1_BC01_191109_LF_LIB_consensus_vsearch	3474	C	Y	256	9	3.07%	2	2	93	93	0.0018228405600327687	1	1	171	85	1	8	-T
A1_BC01_191109_LF_LIB_consensus_vsearch	3476	A	R	260	13	4.48%	2	1	93	93	1.0546505538439052E-4	1	1	144	116	13	0	G
A1_BC01_191109_LF_LIB_consensus_vsearch	3479	C	Y	264	8	2.85%	2	2	93	93	0.0037076048169334716	1	1	148	116	5	3	T
A1_BC01_191109_LF_LIB_consensus_vsearch	3481	A	R	251	15	5.17%	2	1	93	93	2.4912706212617995E-5	1	1	144	107	15	0	G
A1_BC01_191109_LF_LIB_consensus_vsearch	3514	A	W	248	10	3.65%	2	1	93	93	8.935377905624525E-4	1	1	135	113	10	0	T
A1_BC01_191109_LF_LIB_consensus_vsearch	3515	C	S	250	11	3.9%	2	1	93	93	4.3849887966753017E-4	1	1	136	114	11	0	G
A1_BC01_191109_LF_LIB_consensus_vsearch	3515	C	Y	250	12	4.26%	2	1	93	93	2.146380749426225E-4	1	1	136	114	12	0	T
A1_BC01_191109_LF_LIB_consensus_vsearch	3516	A	R	249	24	8.36%	2	1	93	93	3.513951117061451E-8	1	1	134	115	24	0	G
A1_BC01_191109_LF_LIB_consensus_vsearch	3518	G	K	10	18	6.14%	1	2	93	93	6.18058411139014E-8	1	1	10	0	10	8	T
A1_BC01_191109_LF_LIB_consensus_vsearch	3521	C	Y	26	34	11.72%	2	1	93	93	7.472455278313482E-14	1	1	18	8	34	0	T
A1_BC01_191109_LF_LIB_consensus_vsearch	3522	C	M	267	14	4.78%	2	2	93	93	5.1703548595425776E-5	1	1	157	110	10	4	A
A1_BC01_191109_LF_LIB_consensus_vsearch	3523	C	M	257	34	11.6%	2	1	93	93	2.091761698181958E-11	1	1	139	118	34	0	A
A1_BC01_191109_LF_LIB_consensus_vsearch	3525	T	Y	275	7	2.41%	2	2	93	93	0.007523684932184882	1	1	165	110	2	5	C
A1_BC01_191109_LF_LIB_consensus_vsearch	3541	T	Y	284	8	2.73%	2	2	93	93	0.0037210562138647782	1	1	171	113	2	6	C
A1_BC01_191109_LF_LIB_consensus_vsearch	3543	G	R	269	7	2.45%	2	2	93	93	0.007517452744777598	1	1	154	115	6	1	A
A1_BC01_191109_LF_LIB_consensus_vsearch	3544	G	K	55	11	3.78%	2	2	93	93	3.103375397885081E-4	1	1	29	26	10	1	T
A1_BC01_191109_LF_LIB_consensus_vsearch	3545	C	Y	262	12	4.24%	2	1	93	93	2.1587845097457918E-4	1	1	146	116	12	0	T
A1_BC01_191109_LF_LIB_consensus_vsearch	3546	C	Y	265	16	5.48%	2	1	93	93	1.2250261640620327E-5	1	1	150	115	16	0	T
A1_BC01_191109_LF_LIB_consensus_vsearch	3547	C	S	85	14	4.79%	2	2	93	93	3.725507904804453E-5	1	1	81	4	11	3	+TG
A1_BC01_191109_LF_LIB_consensus_vsearch	3547	C	Y	85	12	4.11%	2	1	93	93	1.7001115011055435E-4	1	1	81	4	12	0	+TG
A1_BC01_191109_LF_LIB_consensus_vsearch	3554	C	Y	278	11	3.75%	2	2	93	93	4.431772618862467E-4	1	1	171	107	3	8	T
A1_BC01_191109_LF_LIB_consensus_vsearch	3584	C	Y	278	14	4.78%	2	2	93	93	5.203549495086483E-5	1	1	172	106	2	12	T
A1_BC01_191109_LF_LIB_consensus_vsearch	3586	A	R	281	9	3.07%	2	1	93	93	0.0018338842558176514	1	1	162	119	9	0	G
A1_BC01_191109_LF_LIB_consensus_vsearch	3589	A	R	273	12	4.1%	2	1	93	93	2.1692734249403262E-4	1	1	158	115	12	0	G
A1_BC01_191109_LF_LIB_consensus_vsearch	3601	G	R	276	7	2.42%	2	2	93	93	0.007524698125609518	1	1	160	116	6	1	A
A1_BC01_191109_LF_LIB_consensus_vsearch	3606	A	R	271	12	4.18%	2	1	93	93	2.1674245825985326E-4	1	1	153	118	12	0	G
A1_BC01_191109_LF_LIB_consensus_vsearch	3608	G	R	270	17	5.86%	2	1	93	93	5.977646345312992E-6	1	1	151	119	17	0	A
A1_BC01_191109_LF_LIB_consensus_vsearch	3610	G	R	244	14	5.24%	2	1	93	93	5.092397942761746E-5	1	1	136	108	14	0	A
A1_BC01_191109_LF_LIB_consensus_vsearch	3633	G	R	274	8	2.81%	2	1	93	93	0.0037145661693939445	1	1	163	111	8	0	A
A1_BC01_191109_LF_LIB_consensus_vsearch	3637	A	R	283	7	2.4%	2	2	93	93	0.00753159622270077	1	1	168	115	6	1	G
A1_BC01_191109_LF_LIB_consensus_vsearch	3666	G	R	280	7	2.42%	2	2	93	93	0.007528680801958593	1	1	166	114	4	3	A
A1_BC01_191109_LF_LIB_consensus_vsearch	3673	G	K	284	7	2.39%	2	1	93	93	0.007532554766260561	1	1	166	118	7	0	T
A1_BC01_191109_LF_LIB_consensus_vsearch	3675	A	R	272	7	2.4%	2	2	93	93	0.007520602096545131	1	1	167	105	4	3	-T
A1_BC01_191109_LF_LIB_consensus_vsearch	3684	C	Y	193	78	26.8%	2	2	93	93	4.997691596942365E-27	1	1	124	69	43	35	T
A1_BC01_191109_LF_LIB_consensus_vsearch	3685	G	K	267	7	2.52%	2	2	93	93	0.007515315152860378	1	1	166	101	1	6	T
A1_BC01_191109_LF_LIB_consensus_vsearch	3699	C	Y	255	8	2.85%	2	2	93	93	0.003700892775288906	1	1	155	100	1	7	T
A1_BC01_191109_LF_LIB_consensus_vsearch	3700	G	R	275	8	2.77%	2	1	93	93	0.003715235568285371	1	1	164	111	8	0	A
A1_BC01_191109_LF_LIB_consensus_vsearch	3705	T	K	260	8	2.93%	2	1	93	93	0.0037046766426069204	1	1	156	104	8	0	G
A1_BC01_191109_LF_LIB_consensus_vsearch	3706	T	Y	264	8	2.77%	2	2	93	93	0.0037076048169334716	1	1	160	104	2	6	C
A1_BC01_191109_LF_LIB_consensus_vsearch	3707	A	R	199	23	8.13%	2	2	93	93	6.53893261033232E-8	1	1	146	53	22	1	-G
A1_BC01_191109_LF_LIB_consensus_vsearch	3714	C	Y	270	10	3.42%	2	2	93	93	8.999065315314767E-4	1	1	166	104	3	7	T
A1_BC01_191109_LF_LIB_consensus_vsearch	3715	G	R	272	11	3.85%	2	2	93	93	4.422502365229403E-4	1	1	161	111	9	2	A
A1_BC01_191109_LF_LIB_consensus_vsearch	3716	G	R	269	9	3.09%	2	2	93	93	0.0018288267693504104	1	1	152	117	8	1	-C
A1_BC01_191109_LF_LIB_consensus_vsearch	3719	G	R	270	8	2.85%	2	2	93	93	0.003711840998534883	1	1	156	114	7	1	A
A1_BC01_191109_LF_LIB_consensus_vsearch	3720	G	R	266	8	2.79%	2	1	93	93	0.0037090372381044278	1	1	152	114	8	0	A
A1_BC01_191109_LF_LIB_consensus_vsearch	3723	G	R	257	10	3.6%	2	2	93	93	8.962668170105445E-4	1	1	143	114	8	2	A
A1_BC01_191109_LF_LIB_consensus_vsearch	3731	C	Y	254	25	8.59%	2	2	93	93	1.6980486111964517E-8	1	1	169	85	1	24	T
A1_BC01_191109_LF_LIB_consensus_vsearch	3742	T	Y	256	10	3.53%	2	2	93	93	8.959724786606658E-4	1	1	154	102	8	2	C
A1_BC01_191109_LF_LIB_consensus_vsearch	3745	C	Y	274	7	2.41%	2	2	93	93	0.007522664580457306	1	1	163	111	2	5	T
A1_BC01_191109_LF_LIB_consensus_vsearch	3747	T	Y	242	8	2.97%	2	2	93	93	0.003690355937378303	1	1	154	88	4	4	C
A1_BC01_191109_LF_LIB_consensus_vsearch	3769	A	R	270	18	6.19%	2	1	93	93	2.900457965816282E-6	1	1	153	117	18	0	G
A1_BC01_191109_LF_LIB_consensus_vsearch	3772	A	R	277	8	2.76%	2	2	93	93	0.003716560439832168	1	1	164	113	6	2	G
A1_BC01_191109_LF_LIB_consensus_vsearch	3786	T	Y	271	9	3.16%	2	2	93	93	0.0018296992578368018	1	1	163	108	3	6	C
A1_BC01_191109_LF_LIB_consensus_vsearch	3790	A	R	269	19	6.48%	2	1	93	93	1.403447402813569E-6	1	1	152	117	19	0	G
A1_BC01_191109_LF_LIB_consensus_vsearch	3791	C	Y	274	10	3.44%	2	1	93	93	9.009610064181275E-4	1	1	170	104	0	10	T
A1_BC01_191109_LF_LIB_consensus_vsearch	3793	A	R	273	9	3.09%	2	1	93	93	0.0018305595870728112	1	1	164	109	9	0	G
A1_BC01_191109_LF_LIB_consensus_vsearch	3826	G	R	274	14	4.81%	2	2	93	93	5.191754917045733E-5	1	1	157	117	13	1	A
A1_BC01_191109_LF_LIB_consensus_vsearch	3827	C	Y	260	11	3.82%	2	2	93	93	4.402770692935837E-4	1	1	163	97	4	7	T
A1_BC01_191109_LF_LIB_consensus_vsearch	3829	G	R	276	9	3.11%	2	1	93	93	0.0018318278324416476	1	1	162	114	9	0	A
A1_BC01_191109_LF_LIB_consensus_vsearch	3831	T	Y	280	8	2.74%	2	1	93	93	0.0037185136482745127	1	1	171	109	0	8	C
A1_BC01_191109_LF_LIB_consensus_vsearch	3839	C	S	252	23	8.01%	2	1	93	93	7.378199963352906E-8	1	1	133	119	23	0	G
A1_BC01_191109_LF_LIB_consensus_vsearch	3839	C	Y	252	8	2.79%	2	1	93	93	0.003698553505001527	1	1	133	119	8	0	G
A1_BC01_191109_LF_LIB_consensus_vsearch	3841	A	R	277	7	2.42%	2	1	93	93	0.007525704235803031	1	1	159	118	7	0	G
A1_BC01_191109_LF_LIB_consensus_vsearch	3843	A	R	279	7	2.39%	2	1	93	93	0.0075276955014990325	1	1	163	116	7	0	G
A1_BC01_191109_LF_LIB_consensus_vsearch	3844	C	Y	269	7	2.39%	2	1	93	93	0.007517452744777598	1	1	165	104	0	7	T
A1_BC01_191109_LF_LIB_consensus_vsearch	3848	C	Y	241	14	4.95%	2	1	93	93	5.081261627675223E-5	1	1	164	77	0	14	+T
A1_BC01_191109_LF_LIB_consensus_vsearch	3849	C	Y	263	15	5.12%	2	1	93	93	2.5137834101213452E-5	1	1	165	98	0	15	T
A1_BC01_191109_LF_LIB_consensus_vsearch	3853	A	M	282	8	2.75%	2	1	93	93	0.0037197935969067834	1	1	171	111	0	8	C
A1_BC01_191109_LF_LIB_consensus_vsearch	3855	T	Y	284	7	2.39%	2	1	93	93	0.007532554766260561	1	1	172	112	0	7	C
A1_BC01_191109_LF_LIB_consensus_vsearch	3858	T	Y	278	12	4.12%	2	2	93	93	2.173788296643061E-4	1	1	171	107	1	11	C
A1_BC01_191109_LF_LIB_consensus_vsearch	3876	A	R	275	9	3.08%	2	1	93	93	0.0018314080094074643	1	1	162	113	9	0	G
A1_BC01_191109_LF_LIB_consensus_vsearch	3878	A	R	280	9	3.1%	2	2	93	93	0.0018334785666112648	1	1	162	118	8	1	G
A1_BC01_191109_LF_LIB_consensus_vsearch	3880	T	K	247	7	2.39%	2	1	93	93	0.00749210286352295	1	1	131	116	7	0	+G
A1_BC01_191109_LF_LIB_consensus_vsearch	3882	G	R	240	7	2.76%	2	1	93	93	0.007483097933064014	1	1	132	108	7	0	A
A1_BC01_191109_LF_LIB_consensus_vsearch	3883	G	R	281	7	2.4%	2	1	93	93	0.007529659309132628	1	1	166	115	7	0	A
A1_BC01_191109_LF_LIB_consensus_vsearch	3894	T	Y	267	19	6.55%	2	1	93	93	1.4003382078213553E-6	1	1	170	97	0	19	C
A1_BC01_191109_LF_LIB_consensus_vsearch	3910	G	K	265	17	5.88%	2	1	93	93	5.9510596069379195E-6	1	1	150	115	17	0	T
A1_BC01_191109_LF_LIB_consensus_vsearch	3912	G	R	280	7	2.43%	2	1	93	93	0.007528680801958593	1	1	161	119	7	0	A
A1_BC01_191109_LF_LIB_consensus_vsearch	3913	C	Y	267	8	2.75%	2	2	93	93	0.003709745731198054	1	1	160	107	4	4	-GC
A1_BC01_191109_LF_LIB_consensus_vsearch	3938	A	R	269	8	2.76%	2	1	93	93	0.00371114755755057	1	1	164	105	8	0	G
A1_BC01_191109_LF_LIB_consensus_vsearch	3941	T	W	273	11	3.83%	2	2	93	93	4.424073759112678E-4	1	1	169	104	1	10	A
A1_BC01_191109_LF_LIB_consensus_vsearch	3947	G	R	241	44	15.28%	2	2	93	93	9.407257098229254E-15	1	1	163	78	6	38	A
A1_BC01_191109_LF_LIB_consensus_vsearch	3948	T	Y	242	44	15.22%	2	2	93	93	9.471659590697628E-15	1	1	163	79	6	38	C
A1_BC01_191109_LF_LIB_consensus_vsearch	3956	G	R	257	7	2.6%	2	2	93	93	0.007504145184876668	1	1	162	95	6	1	A
A1_BC01_191109_LF_LIB_consensus_vsearch	3957	G	R	260	7	2.51%	2	2	93	93	0.0075075833477063125	1	1	159	101	4	3	+A
A1_BC01_191109_LF_LIB_consensus_vsearch	3959	T	Y	261	17	5.86%	2	2	93	93	5.929169564523617E-6	1	1	162	99	2	15	C
A1_BC01_191109_LF_LIB_consensus_vsearch	3966	C	Y	277	8	2.78%	2	2	93	93	0.003716560439832168	1	1	171	106	1	7	T
A1_BC01_191109_LF_LIB_consensus_vsearch	3974	C	Y	274	11	3.77%	2	1	93	93	4.425634469133768E-4	1	1	167	107	0	11	T
A1_BC01_191109_LF_LIB_consensus_vsearch	3983	T	W	245	16	5.73%	2	1	93	93	1.2039572183283485E-5	1	1	139	106	16	0	A
A1_BC01_191109_LF_LIB_consensus_vsearch	3983	T	Y	245	8	2.87%	2	2	93	93	0.003692882342347513	1	1	139	106	7	1	A
A1_BC01_191109_LF_LIB_consensus_vsearch	3984	T	Y	262	12	4.15%	2	2	93	93	2.1587845097457918E-4	1	1	157	105	11	1	-G
A1_BC01_191109_LF_LIB_consensus_vsearch	4005	A	R	277	8	2.75%	2	2	93	93	0.003716560439832168	1	1	162	115	7	1	G
A1_BC01_191109_LF_LIB_consensus_vsearch	4030	T	Y	240	9	3.16%	2	2	93	93	0.0018146318577743554	1	1	163	77	3	6	-A
A1_BC01_191109_LF_LIB_consensus_vsearch	4031	A	M	243	8	3.11%	2	1	93	93	0.003691204692263428	1	1	170	73	0	8	C
A1_BC01_191109_LF_LIB_consensus_vsearch	4033	T	Y	249	31	10.99%	2	2	93	93	1.9340495307233651E-10	1	1	170	79	1	30	C
A1_BC01_191109_LF_LIB_consensus_vsearch	4037	C	Y	262	14	4.84%	2	1	93	93	5.154445118601289E-5	1	1	170	92	0	14	T
A1_BC01_191109_LF_LIB_consensus_vsearch	4038	C	Y	261	20	6.83%	2	1	93	93	6.718376385533054E-7	1	1	171	90	0	20	T
A1_BC01_191109_LF_LIB_consensus_vsearch	4042	A	R	243	8	2.82%	2	1	93	93	0.003691204692263428	1	1	136	107	8	0	-C
A1_BC01_191109_LF_LIB_consensus_vsearch	4044	C	Y	279	7	2.41%	2	2	93	93	0.0075276955014990325	1	1	171	108	2	5	T
A1_BC01_191109_LF_LIB_consensus_vsearch	4045	C	Y	213	75	25.77%	2	2	93	93	1.0249681529056405E-25	1	1	172	41	1	74	T
A1_BC01_191109_LF_LIB_consensus_vsearch	4070	A	R	277	7	2.39%	2	2	93	93	0.007525704235803031	1	1	168	109	5	2	-CA
A1_BC01_191109_LF_LIB_consensus_vsearch	4075	C	Y	264	17	5.8%	2	1	93	93	5.945639807254174E-6	1	1	170	94	0	17	T
A1_BC01_191109_LF_LIB_consensus_vsearch	4079	A	R	282	8	2.76%	2	2	93	93	0.0037197935969067834	1	1	167	115	6	2	G
A1_BC01_191109_LF_LIB_consensus_vsearch	4087	A	R	243	15	5.34%	2	1	93	93	2.475189438315933E-5	1	1	140	103	15	0	-G
A1_BC01_191109_LF_LIB_consensus_vsearch	4090	G	R	279	9	3.07%	2	1	93	93	0.0018330701083030451	1	1	162	117	9	0	A
A1_BC01_191109_LF_LIB_consensus_vsearch	4096	A	R	271	10	3.45%	2	1	93	93	9.001728969026303E-4	1	1	157	114	10	0	G
A1_BC01_191109_LF_LIB_consensus_vsearch	4098	T	Y	267	7	2.54%	2	1	93	93	0.007515315152860378	1	1	155	112	7	0	C
A1_BC01_191109_LF_LIB_consensus_vsearch	4111	C	Y	274	15	5.14%	2	2	93	93	2.5328925635170687E-5	1	1	168	106	3	12	T
A1_BC01_191109_LF_LIB_consensus_vsearch	4118	A	R	276	7	2.41%	2	2	93	93	0.007524698125609518	1	1	162	114	6	1	G
A1_BC01_191109_LF_LIB_consensus_vsearch	4119	T	Y	248	8	2.76%	2	2	93	93	0.0036953503162476236	1	1	134	114	5	3	-G
A1_BC01_191109_LF_LIB_consensus_vsearch	4122	A	R	261	23	7.88%	2	2	93	93	7.496001655613314E-8	1	1	145	116	22	1	G
A1_BC01_191109_LF_LIB_consensus_vsearch	4126	T	Y	270	8	2.74%	2	1	93	93	0.003711840998534883	1	1	166	104	0	8	C
A1_BC01_191109_LF_LIB_consensus_vsearch	4128	A	R	276	7	2.42%	2	1	93	93	0.007524698125609518	1	1	158	118	7	0	G
A1_BC01_191109_LF_LIB_consensus_vsearch	4135	C	M	259	10	3.41%	2	1	93	93	8.968490941134896E-4	1	1	159	100	10	0	+G
A1_BC01_191109_LF_LIB_consensus_vsearch	4141	A	R	278	8	2.78%	2	2	93	93	0.0037172160087077582	1	1	162	116	5	3	G
A1_BC01_191109_LF_LIB_consensus_vsearch	4164	C	Y	272	8	2.78%	2	1	93	93	0.003713213199727839	1	1	165	107	0	8	T
A1_BC01_191109_LF_LIB_consensus_vsearch	4167	G	R	256	30	10.31%	2	1	93	93	4.175346526798938E-10	1	1	140	116	30	0	A
A1_BC01_191109_LF_LIB_consensus_vsearch	4169	A	R	230	45	15.46%	2	1	93	93	3.999467163634142E-15	1	1	124	106	45	0	G
A1_BC01_191109_LF_LIB_consensus_vsearch	4175	A	R	69	11	3.81%	2	2	93	93	3.378832306582041E-4	1	1	66	3	10	1	+G
A1_BC01_191109_LF_LIB_consensus_vsearch	4188	T	Y	270	10	3.45%	2	2	93	93	8.999065315314767E-4	1	1	161	109	3	7	C
A1_BC01_191109_LF_LIB_consensus_vsearch	4216	G	R	271	11	3.79%	2	2	93	93	4.4209201775028084E-4	1	1	165	106	2	9	A
A1_BC01_191109_LF_LIB_consensus_vsearch	4217	T	Y	270	17	5.9%	2	2	93	93	5.977646345312992E-6	1	1	169	101	1	16	C
A1_BC01_191109_LF_LIB_consensus_vsearch	4218	T	W	272	11	3.78%	2	1	93	93	4.422502365229403E-4	1	1	167	105	0	11	A
A1_BC01_191109_LF_LIB_consensus_vsearch	4227	A	R	263	10	3.45%	2	2	93	93	8.979886896061976E-4	1	1	166	97	2	8	G
A1_BC01_191109_LF_LIB_consensus_vsearch	4229	T	Y	274	7	2.42%	2	2	93	93	0.007522664580457306	1	1	169	105	3	4	C
A1_BC01_191109_LF_LIB_consensus_vsearch	4252	A	R	274	7	2.4%	2	2	93	93	0.007522664580457306	1	1	164	110	5	2	G
A1_BC01_191109_LF_LIB_consensus_vsearch	4255	C	Y	274	13	4.44%	2	2	93	93	1.0623697783994387E-4	1	1	165	109	4	9	T
A1_BC01_191109_LF_LIB_consensus_vsearch	4260	A	R	268	12	4.18%	2	2	93	93	2.1646037882116164E-4	1	1	150	118	11	1	G
A1_BC01_191109_LF_LIB_consensus_vsearch	4280	T	Y	278	7	2.42%	2	2	93	93	0.007526703336776438	1	1	169	109	2	5	C
A1_BC01_191109_LF_LIB_consensus_vsearch	4289	A	R	281	8	2.75%	2	2	93	93	0.003719155811269887	1	1	165	116	7	1	G
A1_BC01_191109_LF_LIB_consensus_vsearch	4291	T	Y	270	10	3.48%	2	2	93	93	8.999065315314767E-4	1	1	167	103	1	9	C
A1_BC01_191109_LF_LIB_consensus_vsearch	4309	G	S	274	8	2.75%	2	1	93	93	0.0037145661693939445	1	1	159	115	8	0	C
A1_BC01_191109_LF_LIB_consensus_vsearch	4318	A	R	279	7	2.39%	2	2	93	93	0.0075276955014990325	1	1	166	113	6	1	G
A1_BC01_191109_LF_LIB_consensus_vsearch	4319	T	Y	278	12	4.11%	2	1	93	93	2.173788296643061E-4	1	1	171	107	0	12	C
A1_BC01_191109_LF_LIB_consensus_vsearch	4343	C	Y	276	8	2.78%	2	1	93	93	0.003715900308944675	1	1	170	106	0	8	T
A1_BC01_191109_LF_LIB_consensus_vsearch	4369	G	R	268	10	3.57%	2	1	93	93	8.993681918747568E-4	1	1	153	115	10	0	A
