Chrom	Position	Ref	Cons	Reads1	Reads2	VarFreq	Strands1	Strands2	Qual1	Qual2	Pvalue	MapQual1	MapQual2	Reads1Plus	Reads1Minus	Reads2Plus	Reads2Minus	VarAllele
B2_BC14_191109_LF_LIB_consensus_vsearch	12	C	Y	184	7	3.63%	2	2	93	93	0.007387555568979833	1	1	129	55	1	6	T
B2_BC14_191109_LF_LIB_consensus_vsearch	64	A	R	192	7	3.48%	2	2	93	93	0.007404462106241813	1	1	128	64	6	1	G
B2_BC14_191109_LF_LIB_consensus_vsearch	73	G	R	187	10	5%	2	1	93	93	8.686948931293806E-4	1	1	121	66	10	0	A
B2_BC14_191109_LF_LIB_consensus_vsearch	86	A	R	186	8	4.02%	2	1	93	93	0.0036291041675517713	1	1	121	65	8	0	G
B2_BC14_191109_LF_LIB_consensus_vsearch	164	C	Y	188	9	4.48%	2	2	93	93	0.0017789762439091002	1	1	131	57	2	7	T
B2_BC14_191109_LF_LIB_consensus_vsearch	166	A	R	193	8	3.98%	2	2	93	93	0.003638595561901328	1	1	127	66	7	1	G
B2_BC14_191109_LF_LIB_consensus_vsearch	196	A	R	188	8	3.98%	2	1	93	93	0.0036318839680821967	1	1	123	65	8	0	G
B2_BC14_191109_LF_LIB_consensus_vsearch	215	G	R	177	12	6.09%	2	2	93	93	2.0390075187582733E-4	1	1	112	65	11	1	A
B2_BC14_191109_LF_LIB_consensus_vsearch	216	C	Y	113	18	9.28%	2	2	93	93	2.0392092612994896E-6	1	1	47	66	17	1	-G
B2_BC14_191109_LF_LIB_consensus_vsearch	218	A	W	152	22	11.46%	2	1	93	93	1.1745012526097133E-7	1	1	86	66	22	0	T
B2_BC14_191109_LF_LIB_consensus_vsearch	226	A	W	179	12	6.15%	2	1	93	93	2.0429775305230596E-4	1	1	113	66	12	0	T
B2_BC14_191109_LF_LIB_consensus_vsearch	231	C	Y	177	8	4.19%	2	2	93	93	0.0036158650264919274	1	1	128	49	1	7	T
B2_BC14_191109_LF_LIB_consensus_vsearch	238	C	S	30	8	4.02%	2	2	93	93	0.002593540196908904	1	1	1	29	7	1	+G
B2_BC14_191109_LF_LIB_consensus_vsearch	246	C	Y	182	8	4.04%	2	2	93	93	0.003623372158916335	1	1	122	60	3	5	T
B2_BC14_191109_LF_LIB_consensus_vsearch	260	G	R	177	11	5.85%	2	2	93	93	4.200578330993431E-4	1	1	112	65	10	1	A
B2_BC14_191109_LF_LIB_consensus_vsearch	282	C	Y	187	9	4.55%	2	2	93	93	0.001778109859374632	1	1	127	60	3	6	T
B2_BC14_191109_LF_LIB_consensus_vsearch	284	T	Y	185	10	5.05%	2	2	93	93	8.676264462271394E-4	1	1	131	54	1	9	C
B2_BC14_191109_LF_LIB_consensus_vsearch	296	G	R	182	15	7.58%	2	1	93	93	2.3139849326863054E-5	1	1	118	64	15	0	A
B2_BC14_191109_LF_LIB_consensus_vsearch	314	C	Y	176	12	5.97%	2	2	93	93	2.0369927796885998E-4	1	1	120	56	3	9	T
B2_BC14_191109_LF_LIB_consensus_vsearch	326	G	R	108	69	37.5%	2	1	93	93	4.219126743309881E-25	1	1	55	53	69	0	A
B2_BC14_191109_LF_LIB_consensus_vsearch	335	G	R	175	10	5%	2	1	93	93	8.619505923183497E-4	1	1	109	66	10	0	-A
B2_BC14_191109_LF_LIB_consensus_vsearch	336	A	R	179	7	3.74%	2	1	93	93	0.007376258791632204	1	1	113	66	7	0	G
B2_BC14_191109_LF_LIB_consensus_vsearch	338	T	K	179	17	8.63%	2	1	93	93	5.310621334180349E-6	1	1	114	65	17	0	G
B2_BC14_191109_LF_LIB_consensus_vsearch	367	A	R	185	7	3.55%	2	2	93	93	0.007389745092191117	1	1	120	65	6	1	G
B2_BC14_191109_LF_LIB_consensus_vsearch	388	G	K	183	7	3.63%	2	1	93	93	0.007385343252869138	1	1	125	58	0	7	T
B2_BC14_191109_LF_LIB_consensus_vsearch	404	G	R	160	7	3.98%	2	2	93	93	0.007327239497639241	1	1	107	53	6	1	A
B2_BC14_191109_LF_LIB_consensus_vsearch	413	C	S	170	24	12.31%	2	1	93	93	2.7938567616417068E-8	1	1	104	66	24	0	G
B2_BC14_191109_LF_LIB_consensus_vsearch	414	C	Y	182	10	5.03%	2	2	93	93	8.659835374014541E-4	1	1	124	58	3	7	T
B2_BC14_191109_LF_LIB_consensus_vsearch	459	G	R	185	8	4.1%	2	2	93	93	0.003627693045256358	1	1	123	62	7	1	A
B2_BC14_191109_LF_LIB_consensus_vsearch	462	C	Y	177	12	6%	2	2	93	93	2.0390075187582733E-4	1	1	120	57	4	8	T
B2_BC14_191109_LF_LIB_consensus_vsearch	479	T	K	177	22	11%	2	1	93	93	1.2904348232631833E-7	1	1	110	67	22	0	G
B2_BC14_191109_LF_LIB_consensus_vsearch	517	T	K	192	7	3.52%	2	1	93	93	0.007404462106241813	1	1	126	66	7	0	G
B2_BC14_191109_LF_LIB_consensus_vsearch	532	G	R	166	19	10%	2	1	93	93	1.1723425682321694E-6	1	1	106	60	19	0	A
B2_BC14_191109_LF_LIB_consensus_vsearch	533	G	K	187	8	4.02%	2	2	93	93	0.0036305010705765203	1	1	124	63	7	1	T
B2_BC14_191109_LF_LIB_consensus_vsearch	534	T	Y	184	8	4.02%	2	1	93	93	0.0036262674855563662	1	1	131	53	0	8	C
B2_BC14_191109_LF_LIB_consensus_vsearch	535	G	R	182	12	6.09%	2	1	93	93	2.0487881937931402E-4	1	1	118	64	12	0	A
B2_BC14_191109_LF_LIB_consensus_vsearch	539	G	R	183	15	7.54%	2	1	93	93	2.317346189073492E-5	1	1	117	66	15	0	A
B2_BC14_191109_LF_LIB_consensus_vsearch	546	C	Y	177	11	5.61%	2	2	93	93	4.200578330993431E-4	1	1	119	58	6	5	T
B2_BC14_191109_LF_LIB_consensus_vsearch	569	T	Y	192	8	4%	2	2	93	93	0.0036372796311357324	1	1	132	60	1	7	C
B2_BC14_191109_LF_LIB_consensus_vsearch	575	A	R	150	8	4.04%	2	2	93	93	0.0035672943374071937	1	1	87	63	7	1	+G
B2_BC14_191109_LF_LIB_consensus_vsearch	581	G	K	184	8	3.98%	2	1	93	93	0.0036262674855563662	1	1	118	66	8	0	T
B2_BC14_191109_LF_LIB_consensus_vsearch	586	A	R	188	9	4.48%	2	2	93	93	0.0017789762439091002	1	1	124	64	8	1	G
B2_BC14_191109_LF_LIB_consensus_vsearch	593	A	R	192	8	3.98%	2	1	93	93	0.0036372796311357324	1	1	125	67	8	0	G
B2_BC14_191109_LF_LIB_consensus_vsearch	624	G	R	171	12	6.35%	2	1	93	93	2.0266096116243077E-4	1	1	116	55	12	0	A
B2_BC14_191109_LF_LIB_consensus_vsearch	650	G	R	182	13	6.67%	2	1	93	93	9.927932507195894E-5	1	1	118	64	13	0	A
B2_BC14_191109_LF_LIB_consensus_vsearch	658	C	Y	180	10	5.1%	2	1	93	93	8.648604879212406E-4	1	1	124	56	0	10	T
B2_BC14_191109_LF_LIB_consensus_vsearch	659	G	R	177	15	7.69%	2	1	93	93	2.2967098326715997E-5	1	1	110	67	15	0	A
B2_BC14_191109_LF_LIB_consensus_vsearch	664	A	R	178	9	4.55%	2	1	93	93	0.0017699066001378024	1	1	112	66	9	0	G
B2_BC14_191109_LF_LIB_consensus_vsearch	666	A	M	54	13	6.53%	2	1	93	93	6.416753642243539E-5	1	1	22	32	13	0	+C
B2_BC14_191109_LF_LIB_consensus_vsearch	670	T	W	179	9	4.52%	2	1	93	93	0.0017708558237889195	1	1	117	62	9	0	A
B2_BC14_191109_LF_LIB_consensus_vsearch	670	T	Y	179	11	5.53%	2	2	93	93	4.2074294006989865E-4	1	1	117	62	6	5	C
B2_BC14_191109_LF_LIB_consensus_vsearch	689	T	Y	170	20	10%	2	1	93	93	5.628540328943101E-7	1	1	124	46	0	20	C
B2_BC14_191109_LF_LIB_consensus_vsearch	689	T	K	170	8	4%	2	2	93	93	0.003604660140070728	1	1	124	46	7	1	C
B2_BC14_191109_LF_LIB_consensus_vsearch	764	G	R	185	7	3.55%	2	2	93	93	0.007389745092191117	1	1	120	65	6	1	A
B2_BC14_191109_LF_LIB_consensus_vsearch	777	G	R	173	10	5.32%	2	1	93	93	8.60743791896823E-4	1	1	118	55	10	0	A
B2_BC14_191109_LF_LIB_consensus_vsearch	779	G	K	192	8	3.98%	2	1	93	93	0.0036372796311357324	1	1	125	67	8	0	T
B2_BC14_191109_LF_LIB_consensus_vsearch	791	T	Y	187	10	5%	2	1	93	93	8.686948931293806E-4	1	1	132	55	0	10	C
B2_BC14_191109_LF_LIB_consensus_vsearch	823	G	R	179	9	4.76%	2	1	93	93	0.0017708558237889195	1	1	123	56	9	0	A
B2_BC14_191109_LF_LIB_consensus_vsearch	824	G	R	176	7	3.65%	2	1	93	93	0.007369187819667051	1	1	118	58	7	0	A
B2_BC14_191109_LF_LIB_consensus_vsearch	825	G	K	191	7	3.48%	2	1	93	93	0.007402422710817429	1	1	125	66	7	0	T
B2_BC14_191109_LF_LIB_consensus_vsearch	827	A	R	189	8	4.02%	2	2	93	93	0.0036332530695703403	1	1	124	65	7	1	G
B2_BC14_191109_LF_LIB_consensus_vsearch	831	G	R	165	10	5.52%	2	1	93	93	8.556516511161876E-4	1	1	108	57	10	0	A
B2_BC14_191109_LF_LIB_consensus_vsearch	833	G	R	192	7	3.48%	2	2	93	93	0.007404462106241813	1	1	131	61	1	6	A
B2_BC14_191109_LF_LIB_consensus_vsearch	834	G	R	189	7	3.48%	2	2	93	93	0.007398282157210082	1	1	127	62	2	5	A
B2_BC14_191109_LF_LIB_consensus_vsearch	838	A	R	189	8	3.98%	2	1	93	93	0.0036332530695703403	1	1	123	66	8	0	G
B2_BC14_191109_LF_LIB_consensus_vsearch	868	G	S	176	7	3.54%	2	1	93	93	0.007369187819667051	1	1	122	54	0	7	C
B2_BC14_191109_LF_LIB_consensus_vsearch	869	T	W	182	8	4.12%	2	2	93	93	0.003623372158916335	1	1	128	54	1	7	A
B2_BC14_191109_LF_LIB_consensus_vsearch	887	C	Y	182	9	4.48%	2	1	93	93	0.001773645426870732	1	1	131	51	0	9	T
B2_BC14_191109_LF_LIB_consensus_vsearch	904	G	R	184	10	5.08%	2	2	93	93	8.670842550026666E-4	1	1	120	64	9	1	A
B2_BC14_191109_LF_LIB_consensus_vsearch	907	A	R	156	15	8.67%	2	2	93	93	2.21444789342503E-5	1	1	97	59	12	3	G
B2_BC14_191109_LF_LIB_consensus_vsearch	910	G	R	167	13	6.7%	2	1	93	93	9.752306273366467E-5	1	1	100	67	13	0	A
B2_BC14_191109_LF_LIB_consensus_vsearch	911	G	K	190	7	3.48%	2	1	93	93	0.007400362831181816	1	1	123	67	7	0	T
B2_BC14_191109_LF_LIB_consensus_vsearch	913	G	R	190	9	4.48%	2	1	93	93	0.0017806835488244307	1	1	124	66	9	0	A
B2_BC14_191109_LF_LIB_consensus_vsearch	926	A	R	183	7	3.48%	2	1	93	93	0.007385343252869138	1	1	127	56	7	0	+G
B2_BC14_191109_LF_LIB_consensus_vsearch	936	G	R	186	8	3.98%	2	1	93	93	0.0036291041675517713	1	1	119	67	8	0	A
B2_BC14_191109_LF_LIB_consensus_vsearch	937	G	K	186	8	3.98%	2	1	93	93	0.0036291041675517713	1	1	119	67	8	0	T
B2_BC14_191109_LF_LIB_consensus_vsearch	956	A	R	171	14	7%	2	2	93	93	4.728202054249692E-5	1	1	111	60	12	2	G
B2_BC14_191109_LF_LIB_consensus_vsearch	964	T	Y	191	8	4%	2	2	93	93	0.0036359507017874977	1	1	129	62	4	4	C
B2_BC14_191109_LF_LIB_consensus_vsearch	1019	G	R	137	14	9.09%	2	2	93	93	4.451878857237427E-5	1	1	84	53	13	1	A
B2_BC14_191109_LF_LIB_consensus_vsearch	1020	G	R	172	21	10.71%	2	2	93	93	2.6835729421042123E-7	1	1	111	61	20	1	A
B2_BC14_191109_LF_LIB_consensus_vsearch	1021	G	R	186	11	5.56%	2	2	93	93	4.2303631514374124E-4	1	1	123	63	9	2	A
B2_BC14_191109_LF_LIB_consensus_vsearch	1022	G	R	186	11	5.5%	2	1	93	93	4.2303631514374124E-4	1	1	120	66	11	0	A
B2_BC14_191109_LF_LIB_consensus_vsearch	1034	T	K	190	9	4.5%	2	1	93	93	0.0017806835488244307	1	1	123	67	9	0	G
B2_BC14_191109_LF_LIB_consensus_vsearch	1051	G	K	140	48	25.26%	2	2	93	93	1.1325247487745688E-16	1	1	90	50	37	11	T
B2_BC14_191109_LF_LIB_consensus_vsearch	1052	G	K	190	11	5.47%	2	2	93	93	4.2427833042722946E-4	1	1	127	63	7	4	T
B2_BC14_191109_LF_LIB_consensus_vsearch	1055	G	R	179	11	5.47%	2	1	93	93	4.2074294006989865E-4	1	1	114	65	11	0	A
B2_BC14_191109_LF_LIB_consensus_vsearch	1072	T	W	188	9	4.48%	2	1	93	93	0.0017789762439091002	1	1	122	66	9	0	A
B2_BC14_191109_LF_LIB_consensus_vsearch	1073	G	S	184	8	4.02%	2	1	93	93	0.0036262674855563662	1	1	119	65	8	0	C
B2_BC14_191109_LF_LIB_consensus_vsearch	1076	A	R	191	9	4.48%	2	1	93	93	0.0017815247172920585	1	1	125	66	9	0	G
B2_BC14_191109_LF_LIB_consensus_vsearch	1103	A	R	177	14	6.97%	2	1	93	93	4.76769575020497E-5	1	1	115	62	14	0	G
B2_BC14_191109_LF_LIB_consensus_vsearch	1105	C	Y	189	10	5.03%	2	2	93	93	8.697426073947409E-4	1	1	131	58	2	8	T
B2_BC14_191109_LF_LIB_consensus_vsearch	1106	A	R	189	7	3.52%	2	1	93	93	0.007398282157210082	1	1	126	63	7	0	G
B2_BC14_191109_LF_LIB_consensus_vsearch	1120	C	Y	187	7	3.48%	2	2	93	93	0.007394057154213738	1	1	130	57	1	6	T
B2_BC14_191109_LF_LIB_consensus_vsearch	1121	G	R	185	9	4.52%	2	1	93	93	0.0017763509872760243	1	1	121	64	9	0	A
B2_BC14_191109_LF_LIB_consensus_vsearch	1128	T	K	175	11	5.79%	2	2	93	93	4.1935871135675344E-4	1	1	113	62	10	1	G
B2_BC14_191109_LF_LIB_consensus_vsearch	1129	T	K	184	7	3.52%	2	1	93	93	0.007387555568979833	1	1	122	62	7	0	G
B2_BC14_191109_LF_LIB_consensus_vsearch	1137	A	R	178	21	10.55%	2	1	93	93	2.7331119571354373E-7	1	1	112	66	21	0	G
B2_BC14_191109_LF_LIB_consensus_vsearch	1170	G	R	164	11	6.29%	2	1	93	93	4.1524271304166165E-4	1	1	122	42	11	0	A
B2_BC14_191109_LF_LIB_consensus_vsearch	1229	A	R	182	14	7.11%	2	2	93	93	4.7989238973389496E-5	1	1	121	61	12	2	G
B2_BC14_191109_LF_LIB_consensus_vsearch	1275	C	Y	183	10	4.98%	2	2	93	93	8.665366458993966E-4	1	1	129	54	1	9	T
B2_BC14_191109_LF_LIB_consensus_vsearch	1287	T	Y	186	9	4.55%	2	1	93	93	0.0017772348172719874	1	1	132	54	0	9	C
B2_BC14_191109_LF_LIB_consensus_vsearch	1292	G	K	13	9	4.5%	2	2	93	93	7.016484611493462E-4	1	1	9	4	6	3	+CT
B2_BC14_191109_LF_LIB_consensus_vsearch	1293	G	S	184	13	6.5%	2	2	93	93	9.949475485699823E-5	1	1	122	62	9	4	C
B2_BC14_191109_LF_LIB_consensus_vsearch	1302	A	R	103	91	45.73%	2	2	93	93	3.408519282102439E-34	1	1	70	33	60	31	G
B2_BC14_191109_LF_LIB_consensus_vsearch	1327	A	R	176	17	8.81%	2	2	93	93	5.279449875098099E-6	1	1	117	59	16	1	G
B2_BC14_191109_LF_LIB_consensus_vsearch	1330	G	R	152	32	17.02%	2	1	93	93	5.32052884285392E-11	1	1	97	55	32	0	A
B2_BC14_191109_LF_LIB_consensus_vsearch	1333	T	Y	185	9	4.57%	2	2	93	93	0.0017763509872760243	1	1	128	57	1	8	C
B2_BC14_191109_LF_LIB_consensus_vsearch	1339	C	Y	181	11	5.56%	2	2	93	93	4.214144486820526E-4	1	1	124	57	2	9	T
B2_BC14_191109_LF_LIB_consensus_vsearch	1340	G	R	185	7	3.57%	2	1	93	93	0.007389745092191117	1	1	120	65	7	0	A
B2_BC14_191109_LF_LIB_consensus_vsearch	1346	G	R	170	19	10%	2	1	93	93	1.1851204359271555E-6	1	1	112	58	19	0	A
B2_BC14_191109_LF_LIB_consensus_vsearch	1352	G	R	189	7	3.52%	2	1	93	93	0.007398282157210082	1	1	125	64	7	0	A
B2_BC14_191109_LF_LIB_consensus_vsearch	1359	G	R	183	9	4.55%	2	2	93	93	0.0017745564291022078	1	1	118	65	8	1	A
B2_BC14_191109_LF_LIB_consensus_vsearch	1381	G	R	176	12	6.35%	2	2	93	93	2.0369927796885998E-4	1	1	112	64	11	1	A
B2_BC14_191109_LF_LIB_consensus_vsearch	1386	T	Y	175	13	6.74%	2	2	93	93	9.8491958578274E-5	1	1	129	46	2	11	C
B2_BC14_191109_LF_LIB_consensus_vsearch	1390	A	R	170	28	13.93%	2	2	93	93	1.3343076681496423E-9	1	1	104	66	27	1	G
B2_BC14_191109_LF_LIB_consensus_vsearch	1428	C	Y	71	16	8.12%	2	1	93	93	7.14816300582921E-6	1	1	51	20	0	16	+GC
B2_BC14_191109_LF_LIB_consensus_vsearch	1430	A	R	166	9	4.64%	2	1	93	93	0.0017576940544006955	1	1	109	57	9	0	G
B2_BC14_191109_LF_LIB_consensus_vsearch	1430	A	W	166	7	3.61%	2	1	93	93	0.007343868313612718	1	1	109	57	7	0	G
B2_BC14_191109_LF_LIB_consensus_vsearch	1440	G	R	186	7	3.63%	2	1	93	93	0.007391912172859777	1	1	125	61	7	0	A
B2_BC14_191109_LF_LIB_consensus_vsearch	1443	C	Y	183	11	5.5%	2	2	93	93	4.2207275904895683E-4	1	1	127	56	4	7	T
B2_BC14_191109_LF_LIB_consensus_vsearch	1453	A	R	183	11	5.56%	2	2	93	93	4.2207275904895683E-4	1	1	119	64	10	1	G
B2_BC14_191109_LF_LIB_consensus_vsearch	1473	G	R	151	35	18.42%	2	1	93	93	4.977004387291457E-12	1	1	90	61	35	0	A
B2_BC14_191109_LF_LIB_consensus_vsearch	1474	G	R	191	7	3.52%	2	2	93	93	0.007402422710817429	1	1	126	65	6	1	A
B2_BC14_191109_LF_LIB_consensus_vsearch	1484	T	K	189	9	4.55%	2	1	93	93	0.00177983409863699	1	1	123	66	9	0	G
B2_BC14_191109_LF_LIB_consensus_vsearch	1507	T	K	159	33	17.1%	2	1	93	93	2.5864888108950145E-11	1	1	93	66	33	0	G
B2_BC14_191109_LF_LIB_consensus_vsearch	1529	T	Y	187	7	3.52%	2	2	93	93	0.007394057154213738	1	1	126	61	4	3	C
B2_BC14_191109_LF_LIB_consensus_vsearch	1536	G	R	145	44	22.68%	2	1	93	93	3.3340259995283746E-15	1	1	79	66	44	0	A
B2_BC14_191109_LF_LIB_consensus_vsearch	1547	T	Y	184	8	4.04%	2	2	93	93	0.0036262674855563662	1	1	122	62	5	3	C
B2_BC14_191109_LF_LIB_consensus_vsearch	1549	A	R	190	8	4%	2	2	93	93	0.003634608580377523	1	1	125	65	7	1	G
B2_BC14_191109_LF_LIB_consensus_vsearch	1554	G	R	183	8	4.17%	2	2	93	93	0.003624827265843605	1	1	121	62	6	2	A
B2_BC14_191109_LF_LIB_consensus_vsearch	1563	A	R	166	14	7.11%	2	1	93	93	4.693473047991276E-5	1	1	103	63	14	0	G
B2_BC14_191109_LF_LIB_consensus_vsearch	1573	A	R	181	8	4.17%	2	1	93	93	0.0036219019328410066	1	1	114	67	8	0	G
B2_BC14_191109_LF_LIB_consensus_vsearch	1574	A	R	183	7	3.52%	2	1	93	93	0.007385343252869138	1	1	116	67	7	0	G
B2_BC14_191109_LF_LIB_consensus_vsearch	1575	T	Y	180	7	3.5%	2	1	93	93	0.007378565932456183	1	1	117	63	7	0	C
B2_BC14_191109_LF_LIB_consensus_vsearch	1578	G	R	164	22	11.11%	2	1	93	93	1.232921838407717E-7	1	1	97	67	22	0	A
B2_BC14_191109_LF_LIB_consensus_vsearch	1586	C	Y	181	7	3.54%	2	1	93	93	0.007380848803681321	1	1	126	55	0	7	T
B2_BC14_191109_LF_LIB_consensus_vsearch	1592	T	Y	188	9	4.52%	2	2	93	93	0.0017789762439091002	1	1	124	64	7	2	C
B2_BC14_191109_LF_LIB_consensus_vsearch	1615	C	Y	187	8	4%	2	2	93	93	0.0036305010705765203	1	1	131	56	2	6	T
B2_BC14_191109_LF_LIB_consensus_vsearch	1642	G	R	13	16	8%	2	2	93	93	8.487213588368194E-7	1	1	12	1	2	14	+A
B2_BC14_191109_LF_LIB_consensus_vsearch	1643	T	W	191	7	3.52%	2	2	93	93	0.007402422710817429	1	1	125	66	6	1	A
B2_BC14_191109_LF_LIB_consensus_vsearch	1649	C	S	104	7	3.66%	2	2	93	93	0.007087006596374399	1	1	70	34	3	4	+G
B2_BC14_191109_LF_LIB_consensus_vsearch	1651	G	R	185	13	6.57%	2	1	93	93	9.960095521111045E-5	1	1	119	66	13	0	A
B2_BC14_191109_LF_LIB_consensus_vsearch	1652	G	R	189	7	3.48%	2	1	93	93	0.007398282157210082	1	1	123	66	7	0	A
B2_BC14_191109_LF_LIB_consensus_vsearch	1653	G	R	184	11	5.47%	2	1	93	93	4.223970856632319E-4	1	1	117	67	11	0	A
B2_BC14_191109_LF_LIB_consensus_vsearch	1665	T	Y	172	10	5.26%	2	2	93	93	8.601308235378474E-4	1	1	119	53	1	9	C
B2_BC14_191109_LF_LIB_consensus_vsearch	1666	G	R	185	7	3.57%	2	1	93	93	0.007389745092191117	1	1	122	63	7	0	A
B2_BC14_191109_LF_LIB_consensus_vsearch	1679	A	R	194	7	3.48%	2	2	93	93	0.007408480654387502	1	1	128	66	6	1	G
B2_BC14_191109_LF_LIB_consensus_vsearch	1721	C	Y	173	7	3.54%	2	2	93	93	0.007361883903780164	1	1	115	58	2	5	+A
B2_BC14_191109_LF_LIB_consensus_vsearch	1756	A	W	179	8	4.02%	2	2	93	93	0.0036189151712300786	1	1	118	61	6	2	T
B2_BC14_191109_LF_LIB_consensus_vsearch	1758	T	Y	189	7	3.52%	2	2	93	93	0.007398282157210082	1	1	132	57	1	6	C
B2_BC14_191109_LF_LIB_consensus_vsearch	1847	G	R	153	27	13.78%	2	1	93	93	2.5979187125660854E-9	1	1	90	63	27	0	A
B2_BC14_191109_LF_LIB_consensus_vsearch	1848	C	Y	136	18	9.52%	2	2	93	93	2.252106455532044E-6	1	1	75	61	17	1	T
B2_BC14_191109_LF_LIB_consensus_vsearch	1849	G	R	56	10	5.26%	2	2	93	93	6.760924973963187E-4	1	1	41	15	7	3	A
B2_BC14_191109_LF_LIB_consensus_vsearch	1890	A	R	185	9	4.48%	2	1	93	93	0.0017763509872760243	1	1	119	66	9	0	G
B2_BC14_191109_LF_LIB_consensus_vsearch	1935	T	Y	185	13	6.57%	2	2	93	93	9.960095521111045E-5	1	1	131	54	1	12	C
B2_BC14_191109_LF_LIB_consensus_vsearch	1954	G	K	189	11	5.5%	2	1	93	93	4.239722735294379E-4	1	1	122	67	11	0	T
B2_BC14_191109_LF_LIB_consensus_vsearch	1963	G	S	183	7	3.61%	2	1	93	93	0.007385343252869138	1	1	120	63	7	0	C
B2_BC14_191109_LF_LIB_consensus_vsearch	1983	T	Y	182	7	3.63%	2	1	93	93	0.007383107786177688	1	1	131	51	0	7	C
B2_BC14_191109_LF_LIB_consensus_vsearch	2023	C	S	186	7	3.59%	2	1	93	93	0.007391912172859777	1	1	120	66	7	0	G
B2_BC14_191109_LF_LIB_consensus_vsearch	2024	C	Y	161	29	14.5%	2	2	93	93	5.86068644024954E-10	1	1	120	41	3	26	T
B2_BC14_191109_LF_LIB_consensus_vsearch	2026	A	R	180	8	4.17%	2	1	93	93	0.00362041635085765	1	1	113	67	8	0	G
B2_BC14_191109_LF_LIB_consensus_vsearch	2031	G	R	174	15	7.65%	2	2	93	93	2.285953945782884E-5	1	1	110	64	13	2	A
B2_BC14_191109_LF_LIB_consensus_vsearch	2035	T	Y	187	11	5.5%	2	1	93	93	4.2335130867721316E-4	1	1	132	55	0	11	C
B2_BC14_191109_LF_LIB_consensus_vsearch	2042	T	K	144	10	6.21%	2	1	93	93	8.39880834377406E-4	1	1	78	66	10	0	G
B2_BC14_191109_LF_LIB_consensus_vsearch	2079	G	R	188	9	4.5%	2	1	93	93	0.0017789762439091002	1	1	122	66	9	0	A
B2_BC14_191109_LF_LIB_consensus_vsearch	2088	C	Y	167	18	9.57%	2	2	93	93	2.4710454132783846E-6	1	1	124	43	3	15	T
B2_BC14_191109_LF_LIB_consensus_vsearch	2089	C	Y	163	13	6.47%	2	2	93	93	9.700826914365912E-5	1	1	125	38	3	10	-G
B2_BC14_191109_LF_LIB_consensus_vsearch	2090	G	R	138	23	12.85%	2	1	93	93	5.117984599856813E-8	1	1	105	33	23	0	A
B2_BC14_191109_LF_LIB_consensus_vsearch	2090	G	K	138	17	9.5%	2	2	93	93	4.798928149184497E-6	1	1	105	33	1	16	A
B2_BC14_191109_LF_LIB_consensus_vsearch	2091	G	K	179	10	5.13%	2	1	93	93	8.642903755365361E-4	1	1	128	51	0	10	T
B2_BC14_191109_LF_LIB_consensus_vsearch	2096	G	R	151	24	13.19%	2	2	93	93	2.5576531575462664E-8	1	1	96	55	23	1	A
B2_BC14_191109_LF_LIB_consensus_vsearch	2152	T	Y	190	7	3.52%	2	2	93	93	0.007400362831181816	1	1	130	60	1	6	C
B2_BC14_191109_LF_LIB_consensus_vsearch	2173	A	W	188	7	3.52%	2	1	93	93	0.007396180372504935	1	1	122	66	7	0	T
B2_BC14_191109_LF_LIB_consensus_vsearch	2193	C	Y	177	15	7.5%	2	1	93	93	2.2967098326715997E-5	1	1	133	44	0	15	T
B2_BC14_191109_LF_LIB_consensus_vsearch	2212	G	R	188	9	4.52%	2	1	93	93	0.0017789762439091002	1	1	122	66	9	0	A
B2_BC14_191109_LF_LIB_consensus_vsearch	2243	G	R	181	10	5.08%	2	2	93	93	8.654248463553992E-4	1	1	117	64	9	1	A
B2_BC14_191109_LF_LIB_consensus_vsearch	2248	A	R	186	11	5.5%	2	1	93	93	4.2303631514374124E-4	1	1	121	65	11	0	G
B2_BC14_191109_LF_LIB_consensus_vsearch	2249	T	K	160	39	19.5%	2	1	93	93	2.306466329011073E-13	1	1	94	66	39	0	G
B2_BC14_191109_LF_LIB_consensus_vsearch	2279	A	R	171	9	4.52%	2	1	93	93	0.0017629749665283802	1	1	108	63	9	0	+C
B2_BC14_191109_LF_LIB_consensus_vsearch	2282	C	Y	184	8	3.98%	2	2	93	93	0.0036262674855563662	1	1	128	56	1	7	T
B2_BC14_191109_LF_LIB_consensus_vsearch	2285	T	Y	178	12	6.09%	2	1	93	93	2.0410023380081397E-4	1	1	129	49	0	12	C
B2_BC14_191109_LF_LIB_consensus_vsearch	2312	A	R	167	26	13.4%	2	2	93	93	6.04458130722122E-9	1	1	105	62	22	4	G
B2_BC14_191109_LF_LIB_consensus_vsearch	2319	A	R	180	9	4.55%	2	1	93	93	0.001771795269848945	1	1	114	66	9	0	G
B2_BC14_191109_LF_LIB_consensus_vsearch	2355	G	R	152	17	9.77%	2	1	93	93	4.996844843643187E-6	1	1	112	40	17	0	A
B2_BC14_191109_LF_LIB_consensus_vsearch	2382	G	R	138	30	17.65%	2	1	93	93	2.2478876851103153E-10	1	1	87	51	30	0	A
B2_BC14_191109_LF_LIB_consensus_vsearch	2446	G	R	185	14	7%	2	1	93	93	4.8169731487453406E-5	1	1	119	66	14	0	A
B2_BC14_191109_LF_LIB_consensus_vsearch	2483	A	W	178	8	4.02%	2	2	93	93	0.0036173981471315664	1	1	121	57	7	1	T
B2_BC14_191109_LF_LIB_consensus_vsearch	2484	C	S	184	7	3.55%	2	1	93	93	0.007387555568979833	1	1	124	60	7	0	G
B2_BC14_191109_LF_LIB_consensus_vsearch	2504	T	Y	184	8	4.06%	2	2	93	93	0.0036262674855563662	1	1	125	59	2	6	C
B2_BC14_191109_LF_LIB_consensus_vsearch	2514	G	R	182	7	3.65%	2	2	93	93	0.007383107786177688	1	1	127	55	6	1	A
B2_BC14_191109_LF_LIB_consensus_vsearch	2517	T	Y	174	11	5.76%	2	2	93	93	4.190037601545019E-4	1	1	121	53	8	3	C
B2_BC14_191109_LF_LIB_consensus_vsearch	2519	C	Y	185	8	4.06%	2	2	93	93	0.003627693045256358	1	1	129	56	2	6	T
B2_BC14_191109_LF_LIB_consensus_vsearch	2532	G	R	184	10	5%	2	2	93	93	8.670842550026666E-4	1	1	128	56	2	8	A
B2_BC14_191109_LF_LIB_consensus_vsearch	2533	C	Y	168	9	4.59%	2	1	93	93	0.0017598412021421013	1	1	115	53	0	9	-G
B2_BC14_191109_LF_LIB_consensus_vsearch	2570	G	R	162	11	5.76%	2	1	93	93	4.144410722870704E-4	1	1	97	65	11	0	+A
B2_BC14_191109_LF_LIB_consensus_vsearch	2599	G	R	182	15	7.58%	2	1	93	93	2.3139849326863054E-5	1	1	118	64	15	0	A
B2_BC14_191109_LF_LIB_consensus_vsearch	2625	G	R	186	10	5%	2	2	93	93	8.681632994859981E-4	1	1	126	60	5	5	A
B2_BC14_191109_LF_LIB_consensus_vsearch	2626	C	Y	178	11	5.53%	2	2	93	93	4.204021120137521E-4	1	1	124	54	3	8	T
B2_BC14_191109_LF_LIB_consensus_vsearch	2631	A	R	167	17	9.14%	2	2	93	93	5.180771349429004E-6	1	1	101	66	16	1	G
B2_BC14_191109_LF_LIB_consensus_vsearch	2712	T	Y	188	11	5.47%	2	2	93	93	4.2366328040616125E-4	1	1	132	56	2	9	C
B2_BC14_191109_LF_LIB_consensus_vsearch	2721	G	K	184	7	3.59%	2	1	93	93	0.007387555568979833	1	1	123	61	7	0	T
B2_BC14_191109_LF_LIB_consensus_vsearch	2732	C	Y	185	12	6.03%	2	2	93	93	2.0544322354252122E-4	1	1	130	55	1	11	T
B2_BC14_191109_LF_LIB_consensus_vsearch	2746	G	R	174	13	6.88%	2	2	93	93	9.837503282500424E-5	1	1	110	64	12	1	A
B2_BC14_191109_LF_LIB_consensus_vsearch	2750	C	Y	176	11	5.58%	2	2	93	93	4.1971005075956745E-4	1	1	115	61	10	1	T
B2_BC14_191109_LF_LIB_consensus_vsearch	2751	A	W	179	7	3.66%	2	1	93	93	0.007376258791632204	1	1	116	63	7	0	T
B2_BC14_191109_LF_LIB_consensus_vsearch	2752	C	Y	153	9	4.66%	2	2	93	93	0.001742485574678114	1	1	94	59	7	2	-AC
B2_BC14_191109_LF_LIB_consensus_vsearch	2755	G	R	158	16	8.94%	2	1	93	93	1.063471384179908E-5	1	1	100	58	16	0	A
B2_BC14_191109_LF_LIB_consensus_vsearch	2765	G	R	169	23	11.56%	2	1	93	93	5.917907389292998E-8	1	1	106	63	23	0	A
B2_BC14_191109_LF_LIB_consensus_vsearch	2767	A	R	151	7	4.4%	2	2	93	93	0.0072999599354883	1	1	95	56	4	3	G
B2_BC14_191109_LF_LIB_consensus_vsearch	2782	A	R	181	9	4.52%	2	2	93	93	0.0017727250885016482	1	1	123	58	7	2	G
B2_BC14_191109_LF_LIB_consensus_vsearch	2791	G	R	181	11	5.7%	2	1	93	93	4.214144486820526E-4	1	1	118	63	11	0	A
B2_BC14_191109_LF_LIB_consensus_vsearch	2794	C	Y	184	12	6%	2	2	93	93	2.052568958466569E-4	1	1	121	63	8	4	T
B2_BC14_191109_LF_LIB_consensus_vsearch	2873	C	Y	185	12	5.97%	2	2	93	93	2.0544322354252122E-4	1	1	131	54	1	11	T
B2_BC14_191109_LF_LIB_consensus_vsearch	2882	A	R	194	7	3.48%	2	2	93	93	0.007408480654387502	1	1	128	66	6	1	G
B2_BC14_191109_LF_LIB_consensus_vsearch	2894	G	R	157	9	4.95%	2	1	93	93	0.0017474110844853488	1	1	91	66	9	0	-A
B2_BC14_191109_LF_LIB_consensus_vsearch	2896	G	K	170	8	4.1%	2	1	93	93	0.003604660140070728	1	1	119	51	8	0	-T
B2_BC14_191109_LF_LIB_consensus_vsearch	2976	C	Y	178	11	5.58%	2	2	93	93	4.204021120137521E-4	1	1	124	54	1	10	T
B2_BC14_191109_LF_LIB_consensus_vsearch	2977	A	R	185	8	4.04%	2	2	93	93	0.003627693045256358	1	1	125	60	7	1	G
B2_BC14_191109_LF_LIB_consensus_vsearch	2980	G	R	185	11	5.61%	2	1	93	93	4.227182557705049E-4	1	1	121	64	11	0	A
B2_BC14_191109_LF_LIB_consensus_vsearch	2986	C	Y	170	19	9.5%	2	2	93	93	1.1851204359271555E-6	1	1	121	49	2	17	T
B2_BC14_191109_LF_LIB_consensus_vsearch	2987	G	R	164	23	12.17%	2	1	93	93	5.8010129394250796E-8	1	1	99	65	23	0	A
B2_BC14_191109_LF_LIB_consensus_vsearch	2989	A	R	179	9	4.66%	2	1	93	93	0.0017708558237889195	1	1	114	65	9	0	G
B2_BC14_191109_LF_LIB_consensus_vsearch	3005	G	R	180	10	5.05%	2	1	93	93	8.648604879212406E-4	1	1	115	65	10	0	A
B2_BC14_191109_LF_LIB_consensus_vsearch	3013	G	R	176	9	4.79%	2	1	93	93	0.001767978203561041	1	1	110	66	9	0	A
B2_BC14_191109_LF_LIB_consensus_vsearch	3022	C	Y	180	9	4.5%	2	2	93	93	0.001771795269848945	1	1	126	54	3	6	T
B2_BC14_191109_LF_LIB_consensus_vsearch	3071	G	R	184	9	4.55%	2	1	93	93	0.0017754582364345615	1	1	120	64	9	0	A
B2_BC14_191109_LF_LIB_consensus_vsearch	3083	T	Y	188	7	3.55%	2	2	93	93	0.007396180372504935	1	1	126	62	2	5	C
B2_BC14_191109_LF_LIB_consensus_vsearch	3103	T	Y	185	9	4.5%	2	2	93	93	0.0017763509872760243	1	1	130	55	1	8	C
B2_BC14_191109_LF_LIB_consensus_vsearch	3121	T	Y	191	7	3.5%	2	2	93	93	0.007402422710817429	1	1	131	60	1	6	C
B2_BC14_191109_LF_LIB_consensus_vsearch	3146	C	Y	186	7	3.5%	2	1	93	93	0.007391912172859777	1	1	128	58	0	7	T
B2_BC14_191109_LF_LIB_consensus_vsearch	3152	A	R	189	8	3.98%	2	2	93	93	0.0036332530695703403	1	1	128	61	5	3	G
B2_BC14_191109_LF_LIB_consensus_vsearch	3172	T	Y	69	7	3.48%	2	2	93	93	0.006762205304361565	1	1	39	30	6	1	+C
B2_BC14_191109_LF_LIB_consensus_vsearch	3182	A	R	186	7	3.54%	2	2	93	93	0.007391912172859777	1	1	125	61	6	1	G
B2_BC14_191109_LF_LIB_consensus_vsearch	3197	A	R	179	10	5.05%	2	1	93	93	8.642903755365361E-4	1	1	118	61	10	0	G
B2_BC14_191109_LF_LIB_consensus_vsearch	3204	T	Y	187	9	4.55%	2	1	93	93	0.001778109859374632	1	1	132	55	0	9	C
B2_BC14_191109_LF_LIB_consensus_vsearch	3212	G	R	180	8	4.17%	2	2	93	93	0.00362041635085765	1	1	120	60	7	1	A
B2_BC14_191109_LF_LIB_consensus_vsearch	3237	G	R	154	31	16.76%	2	1	93	93	1.1814969034519657E-10	1	1	97	57	31	0	A
B2_BC14_191109_LF_LIB_consensus_vsearch	3275	T	K	171	27	13.57%	2	1	93	93	2.8792954944264963E-9	1	1	106	65	27	0	G
B2_BC14_191109_LF_LIB_consensus_vsearch	3346	G	R	169	7	3.91%	2	1	93	93	0.007351762655103386	1	1	123	46	7	0	A
B2_BC14_191109_LF_LIB_consensus_vsearch	3348	T	Y	176	17	8.5%	2	1	93	93	5.279449875098099E-6	1	1	129	47	0	17	C
B2_BC14_191109_LF_LIB_consensus_vsearch	3351	G	R	186	8	4.02%	2	1	93	93	0.0036291041675517713	1	1	124	62	8	0	A
B2_BC14_191109_LF_LIB_consensus_vsearch	3356	A	R	184	11	5.53%	2	1	93	93	4.223970856632319E-4	1	1	118	66	11	0	G
B2_BC14_191109_LF_LIB_consensus_vsearch	3357	T	K	181	14	7.11%	2	1	93	93	4.792795003475224E-5	1	1	116	65	14	0	G
B2_BC14_191109_LF_LIB_consensus_vsearch	3374	A	R	180	15	7.58%	2	1	93	93	2.3071699351829828E-5	1	1	114	66	15	0	G
B2_BC14_191109_LF_LIB_consensus_vsearch	3379	A	R	192	8	3.98%	2	1	93	93	0.0036372796311357324	1	1	125	67	8	0	G
B2_BC14_191109_LF_LIB_consensus_vsearch	3390	A	R	191	7	3.52%	2	2	93	93	0.007402422710817429	1	1	125	66	6	1	G
B2_BC14_191109_LF_LIB_consensus_vsearch	3446	A	R	176	10	5.1%	2	2	93	93	8.625446222228462E-4	1	1	120	56	9	1	G
B2_BC14_191109_LF_LIB_consensus_vsearch	3450	C	Y	191	8	4.02%	2	1	93	93	0.0036359507017874977	1	1	134	57	0	8	T
B2_BC14_191109_LF_LIB_consensus_vsearch	3451	G	R	191	7	3.5%	2	2	93	93	0.007402422710817429	1	1	128	63	5	2	A
B2_BC14_191109_LF_LIB_consensus_vsearch	3457	C	Y	176	19	9.5%	2	2	93	93	1.2034934941417678E-6	1	1	132	44	2	17	T
B2_BC14_191109_LF_LIB_consensus_vsearch	3480	A	R	157	8	4.49%	2	2	93	93	0.0035813812319797343	1	1	94	63	6	2	G
B2_BC14_191109_LF_LIB_consensus_vsearch	3481	A	W	150	31	15.42%	2	2	93	93	1.1429257288316891E-10	1	1	89	61	29	2	T
B2_BC14_191109_LF_LIB_consensus_vsearch	3490	A	R	193	7	3.48%	2	2	93	93	0.007406481321433913	1	1	128	65	6	1	G
B2_BC14_191109_LF_LIB_consensus_vsearch	3494	A	R	186	8	3.98%	2	2	93	93	0.0036291041675517713	1	1	123	63	7	1	G
B2_BC14_191109_LF_LIB_consensus_vsearch	3497	T	Y	175	12	6.25%	2	2	93	93	2.0349578218661617E-4	1	1	130	45	1	11	C
B2_BC14_191109_LF_LIB_consensus_vsearch	3544	C	Y	179	9	4.48%	2	2	93	93	0.0017708558237889195	1	1	131	48	1	8	T
B2_BC14_191109_LF_LIB_consensus_vsearch	3581	T	Y	164	10	5.41%	2	2	93	93	8.549835212479261E-4	1	1	121	43	1	9	C
B2_BC14_191109_LF_LIB_consensus_vsearch	3584	G	R	173	14	7.22%	2	2	93	93	4.7416220807620975E-5	1	1	109	64	13	1	A
B2_BC14_191109_LF_LIB_consensus_vsearch	3585	G	R	176	13	6.5%	2	1	93	93	9.860774066125673E-5	1	1	109	67	13	0	A
B2_BC14_191109_LF_LIB_consensus_vsearch	3586	G	R	155	32	15.92%	2	1	93	93	5.460313258377715E-11	1	1	88	67	32	0	A
B2_BC14_191109_LF_LIB_consensus_vsearch	3587	G	R	175	17	8.46%	2	2	93	93	5.268874801705308E-6	1	1	114	61	16	1	A
B2_BC14_191109_LF_LIB_consensus_vsearch	3592	G	R	188	8	4.02%	2	2	93	93	0.0036318839680821967	1	1	125	63	7	1	A
B2_BC14_191109_LF_LIB_consensus_vsearch	3610	C	Y	184	12	5.97%	2	1	93	93	2.052568958466569E-4	1	1	131	53	0	12	T
B2_BC14_191109_LF_LIB_consensus_vsearch	3625	A	W	183	8	4.06%	2	1	93	93	0.003624827265843605	1	1	127	56	0	8	T
B2_BC14_191109_LF_LIB_consensus_vsearch	3634	T	Y	185	13	6.47%	2	2	93	93	9.960095521111045E-5	1	1	132	53	1	12	C
B2_BC14_191109_LF_LIB_consensus_vsearch	3641	A	R	187	12	6%	2	1	93	93	2.0581058583041666E-4	1	1	120	67	12	0	G
B2_BC14_191109_LF_LIB_consensus_vsearch	3751	G	R	155	13	7.69%	2	1	93	93	9.591141652373468E-5	1	1	109	46	13	0	A
B2_BC14_191109_LF_LIB_consensus_vsearch	3767	G	R	186	10	5.05%	2	2	93	93	8.681632994859981E-4	1	1	128	58	5	5	A
B2_BC14_191109_LF_LIB_consensus_vsearch	3772	A	R	187	10	5.03%	2	1	93	93	8.686948931293806E-4	1	1	122	65	10	0	G
B2_BC14_191109_LF_LIB_consensus_vsearch	3801	C	Y	187	7	3.5%	2	2	93	93	0.007394057154213738	1	1	129	58	1	6	T
B2_BC14_191109_LF_LIB_consensus_vsearch	3829	A	R	181	12	6.06%	2	2	93	93	2.0468701793138264E-4	1	1	121	60	9	3	G
B2_BC14_191109_LF_LIB_consensus_vsearch	3832	G	R	190	10	5%	2	1	93	93	8.702588772443723E-4	1	1	123	67	10	0	A
B2_BC14_191109_LF_LIB_consensus_vsearch	3849	G	R	186	12	6.03%	2	1	93	93	2.056277785002741E-4	1	1	121	65	12	0	A
B2_BC14_191109_LF_LIB_consensus_vsearch	3853	A	R	189	7	3.5%	2	1	93	93	0.007398282157210082	1	1	122	67	7	0	G
B2_BC14_191109_LF_LIB_consensus_vsearch	3865	C	Y	153	19	9.45%	2	2	93	93	1.1275946706452402E-6	1	1	110	43	3	16	T
B2_BC14_191109_LF_LIB_consensus_vsearch	3867	A	R	76	13	6.6%	2	2	93	93	7.616134471908988E-5	1	1	68	8	8	5	+G
B2_BC14_191109_LF_LIB_consensus_vsearch	3886	G	R	170	8	4.37%	2	1	93	93	0.003604660140070728	1	1	110	60	8	0	A
B2_BC14_191109_LF_LIB_consensus_vsearch	3887	G	R	189	12	5.97%	2	1	93	93	2.0617105570630654E-4	1	1	122	67	12	0	A
B2_BC14_191109_LF_LIB_consensus_vsearch	3931	A	R	178	19	9.45%	2	2	93	93	1.209416308929124E-6	1	1	113	65	17	2	G
B2_BC14_191109_LF_LIB_consensus_vsearch	3933	G	R	133	56	29.47%	2	1	93	93	1.1432105672828726E-19	1	1	74	59	56	0	A
B2_BC14_191109_LF_LIB_consensus_vsearch	3960	C	S	180	7	3.55%	2	2	93	93	0.007378565932456183	1	1	117	63	5	2	G
B2_BC14_191109_LF_LIB_consensus_vsearch	3964	C	S	152	41	20.5%	2	2	93	93	4.213633764030736E-14	1	1	116	36	10	31	G
B2_BC14_191109_LF_LIB_consensus_vsearch	3971	G	R	170	23	11.86%	2	1	93	93	5.940783333823836E-8	1	1	106	64	23	0	A
B2_BC14_191109_LF_LIB_consensus_vsearch	3978	C	Y	144	20	10%	2	1	93	93	5.149295230449355E-7	1	1	114	30	0	20	T
B2_BC14_191109_LF_LIB_consensus_vsearch	4008	G	R	175	7	3.68%	2	2	93	93	0.007366779625824957	1	1	123	52	5	2	A
B2_BC14_191109_LF_LIB_consensus_vsearch	4010	T	Y	186	7	3.55%	2	2	93	93	0.007391912172859777	1	1	130	56	2	5	C
B2_BC14_191109_LF_LIB_consensus_vsearch	4052	G	R	183	8	4.04%	2	1	93	93	0.003624827265843605	1	1	116	67	8	0	A
B2_BC14_191109_LF_LIB_consensus_vsearch	4055	A	R	190	7	3.5%	2	1	93	93	0.007400362831181816	1	1	125	65	7	0	G
B2_BC14_191109_LF_LIB_consensus_vsearch	4103	A	R	172	8	4.4%	2	2	93	93	0.0036079487687097848	1	1	118	54	5	3	G
B2_BC14_191109_LF_LIB_consensus_vsearch	4104	A	R	141	8	4.06%	2	2	93	93	0.0035472828472051087	1	1	92	49	4	4	-G
B2_BC14_191109_LF_LIB_consensus_vsearch	4113	G	R	167	30	15.08%	2	1	93	93	2.8199418194038936E-10	1	1	103	64	30	0	A
B2_BC14_191109_LF_LIB_consensus_vsearch	4119	C	Y	186	7	3.57%	2	2	93	93	0.007391912172859777	1	1	126	60	1	6	T
B2_BC14_191109_LF_LIB_consensus_vsearch	4130	A	R	186	8	4.02%	2	1	93	93	0.0036291041675517713	1	1	122	64	8	0	G
B2_BC14_191109_LF_LIB_consensus_vsearch	4135	G	R	187	9	4.57%	2	1	93	93	0.001778109859374632	1	1	120	67	9	0	A
B2_BC14_191109_LF_LIB_consensus_vsearch	4140	A	R	180	7	3.68%	2	2	93	93	0.007378565932456183	1	1	118	62	6	1	G
B2_BC14_191109_LF_LIB_consensus_vsearch	4167	T	K	182	12	6.12%	2	1	93	93	2.0487881937931402E-4	1	1	118	64	12	0	G
B2_BC14_191109_LF_LIB_consensus_vsearch	4169	G	R	171	23	11.86%	2	2	93	93	5.963495426898628E-8	1	1	111	60	22	1	A
B2_BC14_191109_LF_LIB_consensus_vsearch	4179	A	R	184	10	5.03%	2	1	93	93	8.670842550026666E-4	1	1	119	65	10	0	G
B2_BC14_191109_LF_LIB_consensus_vsearch	4181	C	Y	187	10	4.98%	2	1	93	93	8.686948931293806E-4	1	1	134	53	0	10	T
B2_BC14_191109_LF_LIB_consensus_vsearch	4197	C	Y	181	10	5.03%	2	2	93	93	8.654248463553992E-4	1	1	128	53	4	6	T
B2_BC14_191109_LF_LIB_consensus_vsearch	4198	G	R	187	8	4.06%	2	2	93	93	0.0036305010705765203	1	1	127	60	6	2	A
B2_BC14_191109_LF_LIB_consensus_vsearch	4202	G	R	134	50	26.18%	2	1	93	93	1.867891174800359E-17	1	1	78	56	50	0	A
B2_BC14_191109_LF_LIB_consensus_vsearch	4205	C	Y	186	7	3.5%	2	1	93	93	0.007391912172859777	1	1	127	59	0	7	T
B2_BC14_191109_LF_LIB_consensus_vsearch	4218	G	R	181	7	3.52%	2	2	93	93	0.007380848803681321	1	1	121	60	2	5	A
B2_BC14_191109_LF_LIB_consensus_vsearch	4219	T	W	186	7	3.57%	2	1	93	93	0.007391912172859777	1	1	127	59	0	7	A
B2_BC14_191109_LF_LIB_consensus_vsearch	4222	C	Y	183	15	7.5%	2	2	93	93	2.317346189073492E-5	1	1	131	52	2	13	T
B2_BC14_191109_LF_LIB_consensus_vsearch	4241	G	R	189	7	3.57%	2	1	93	93	0.007398282157210082	1	1	123	66	7	0	A
B2_BC14_191109_LF_LIB_consensus_vsearch	4267	A	R	193	7	3.47%	2	1	93	93	0.007406481321433913	1	1	127	66	7	0	G
B2_BC14_191109_LF_LIB_consensus_vsearch	4287	G	R	193	8	3.98%	2	2	93	93	0.003638595561901328	1	1	127	66	6	2	A
