Chrom	Position	Ref	Cons	Reads1	Reads2	VarFreq	Strands1	Strands2	Qual1	Qual2	Pvalue	MapQual1	MapQual2	Reads1Plus	Reads1Minus	Reads2Plus	Reads2Minus	VarAllele
B4_BC16_191109_LF_LIB_consensus_vsearch	22	A	R	323	7	2.06%	2	2	93	93	0.007565435002783988	1	1	212	111	6	1	G
B4_BC16_191109_LF_LIB_consensus_vsearch	24	T	Y	124	9	2.64%	2	2	93	93	0.0016982529456825498	1	1	42	82	6	3	-C
B4_BC16_191109_LF_LIB_consensus_vsearch	30	G	R	331	9	2.62%	2	2	93	93	0.0018511701245308928	1	1	215	116	8	1	A
B4_BC16_191109_LF_LIB_consensus_vsearch	36	G	R	319	13	3.8%	2	1	93	93	1.0829578482007906E-4	1	1	204	115	13	0	A
B4_BC16_191109_LF_LIB_consensus_vsearch	60	A	R	327	8	2.34%	2	1	93	93	0.0037445925357438583	1	1	212	115	8	0	G
B4_BC16_191109_LF_LIB_consensus_vsearch	65	A	R	326	10	2.92%	2	1	93	93	9.124305210040607E-4	1	1	207	119	10	0	G
B4_BC16_191109_LF_LIB_consensus_vsearch	66	G	R	331	7	2.06%	2	1	93	93	0.007571247515222922	1	1	211	120	7	0	A
B4_BC16_191109_LF_LIB_consensus_vsearch	68	G	R	334	7	2.04%	2	1	93	93	0.007573357318712367	1	1	214	120	7	0	A
B4_BC16_191109_LF_LIB_consensus_vsearch	86	G	R	324	8	2.36%	2	1	93	93	0.0037431463083990673	1	1	209	115	8	0	A
B4_BC16_191109_LF_LIB_consensus_vsearch	90	A	R	325	8	2.37%	2	1	93	93	0.0037436312504308135	1	1	209	116	8	0	G
B4_BC16_191109_LF_LIB_consensus_vsearch	91	G	R	333	8	2.33%	2	1	93	93	0.003747409399187016	1	1	213	120	8	0	A
B4_BC16_191109_LF_LIB_consensus_vsearch	93	G	R	306	25	7.42%	2	2	93	93	1.8613414242529732E-8	1	1	192	114	23	2	A
B4_BC16_191109_LF_LIB_consensus_vsearch	96	A	W	324	8	2.33%	2	1	93	93	0.0037431463083990673	1	1	209	115	8	0	T
B4_BC16_191109_LF_LIB_consensus_vsearch	97	C	Y	322	12	3.54%	2	2	93	93	2.2078871135836308E-4	1	1	208	114	10	2	T
B4_BC16_191109_LF_LIB_consensus_vsearch	98	A	R	324	13	3.81%	2	1	93	93	1.0849200013056711E-4	1	1	210	114	13	0	G
B4_BC16_191109_LF_LIB_consensus_vsearch	99	G	R	336	7	2.03%	2	2	93	93	0.007574743473790617	1	1	221	115	6	1	A
B4_BC16_191109_LF_LIB_consensus_vsearch	105	G	R	269	10	3.4%	2	1	93	93	8.99638303056038E-4	1	1	157	112	10	0	+A
B4_BC16_191109_LF_LIB_consensus_vsearch	106	G	R	321	15	4.32%	2	1	93	93	2.6012942244639928E-5	1	1	204	117	15	0	A
B4_BC16_191109_LF_LIB_consensus_vsearch	110	G	R	281	12	3.53%	2	2	93	93	2.1764260979437714E-4	1	1	170	111	11	1	-C
B4_BC16_191109_LF_LIB_consensus_vsearch	112	C	Y	333	7	2.04%	2	1	93	93	0.007572658162744914	1	1	224	109	0	7	T
B4_BC16_191109_LF_LIB_consensus_vsearch	113	C	Y	291	49	14.16%	2	2	93	93	2.754079286303564E-16	1	1	222	69	1	48	T
B4_BC16_191109_LF_LIB_consensus_vsearch	117	C	Y	333	7	2.02%	2	2	93	93	0.007572658162744914	1	1	222	111	1	6	T
B4_BC16_191109_LF_LIB_consensus_vsearch	118	G	R	328	8	2.34%	2	2	93	93	0.003745068929689065	1	1	215	113	2	6	A
B4_BC16_191109_LF_LIB_consensus_vsearch	119	C	Y	328	8	2.33%	2	2	93	93	0.003745068929689065	1	1	217	111	2	6	T
B4_BC16_191109_LF_LIB_consensus_vsearch	131	A	R	319	15	4.46%	2	1	93	93	2.5987521368190842E-5	1	1	201	118	15	0	G
B4_BC16_191109_LF_LIB_consensus_vsearch	134	G	R	308	25	7.49%	2	1	93	93	1.8668151902178472E-8	1	1	191	117	25	0	A
B4_BC16_191109_LF_LIB_consensus_vsearch	143	A	R	304	7	2.06%	2	2	93	93	0.007550439733141782	1	1	190	114	5	2	-C
B4_BC16_191109_LF_LIB_consensus_vsearch	145	C	Y	322	10	2.95%	2	2	93	93	9.116732160365274E-4	1	1	206	116	7	3	T
B4_BC16_191109_LF_LIB_consensus_vsearch	146	C	Y	310	22	6.36%	2	2	93	93	1.664055557282008E-7	1	1	209	101	8	14	T
B4_BC16_191109_LF_LIB_consensus_vsearch	168	C	Y	336	8	2.31%	2	1	93	93	0.0037487813407406246	1	1	217	119	8	0	T
B4_BC16_191109_LF_LIB_consensus_vsearch	180	C	Y	312	7	2.01%	2	2	93	93	0.007556969842859696	1	1	207	105	1	6	-A
B4_BC16_191109_LF_LIB_consensus_vsearch	187	A	R	326	11	3.19%	2	2	93	93	4.4943643047913427E-4	1	1	208	118	9	2	G
B4_BC16_191109_LF_LIB_consensus_vsearch	189	G	R	326	18	5.2%	2	1	93	93	3.0363241491957594E-6	1	1	207	119	18	0	A
B4_BC16_191109_LF_LIB_consensus_vsearch	196	G	R	314	26	7.47%	2	2	93	93	9.067998038000593E-9	1	1	200	114	23	3	A
B4_BC16_191109_LF_LIB_consensus_vsearch	197	C	Y	299	8	2.33%	2	2	93	93	0.003730007204504208	1	1	187	112	2	6	-TT
B4_BC16_191109_LF_LIB_consensus_vsearch	198	T	W	304	8	2.52%	2	1	93	93	0.003732801665827003	1	1	188	116	8	0	A
B4_BC16_191109_LF_LIB_consensus_vsearch	199	T	Y	308	8	2.44%	2	1	93	93	0.0037349742394683326	1	1	196	112	8	0	C
B4_BC16_191109_LF_LIB_consensus_vsearch	202	C	Y	298	37	10.69%	2	2	93	93	2.5413399463805667E-12	1	1	214	84	2	35	T
B4_BC16_191109_LF_LIB_consensus_vsearch	204	A	R	330	7	2.03%	2	1	93	93	0.007570535950912546	1	1	214	116	7	0	G
B4_BC16_191109_LF_LIB_consensus_vsearch	211	T	W	282	23	7.3%	2	1	93	93	7.748911054533384E-8	1	1	184	98	23	0	A
B4_BC16_191109_LF_LIB_consensus_vsearch	211	T	Y	282	8	2.54%	2	2	93	93	0.0037197935969067834	1	1	184	98	6	2	A
B4_BC16_191109_LF_LIB_consensus_vsearch	212	T	Y	320	10	2.96%	2	2	93	93	9.112878192575896E-4	1	1	210	110	8	2	C
B4_BC16_191109_LF_LIB_consensus_vsearch	213	A	R	71	7	2.04%	2	1	93	93	0.006788393631324507	1	1	54	17	7	0	+C
B4_BC16_191109_LF_LIB_consensus_vsearch	233	T	Y	308	8	2.32%	2	2	93	93	0.0037349742394683326	1	1	197	111	3	5	-A
B4_BC16_191109_LF_LIB_consensus_vsearch	240	T	Y	332	7	2.03%	2	2	93	93	0.007571954906961894	1	1	219	113	3	4	C
B4_BC16_191109_LF_LIB_consensus_vsearch	249	A	R	286	8	2.38%	2	2	93	93	0.0037223018487570997	1	1	195	91	7	1	-G
B4_BC16_191109_LF_LIB_consensus_vsearch	262	C	Y	301	7	2.11%	2	2	93	93	0.007547904070155765	1	1	215	86	1	6	-G
B4_BC16_191109_LF_LIB_consensus_vsearch	263	G	R	304	13	3.88%	2	2	93	93	1.0767161863384654E-4	1	1	206	98	12	1	A
B4_BC16_191109_LF_LIB_consensus_vsearch	263	G	K	304	12	3.58%	2	1	93	93	2.1950445924379393E-4	1	1	206	98	0	12	A
B4_BC16_191109_LF_LIB_consensus_vsearch	269	C	M	329	7	2.02%	2	1	93	93	0.007569820177023291	1	1	213	116	7	0	A
B4_BC16_191109_LF_LIB_consensus_vsearch	271	G	K	324	9	2.62%	2	1	93	93	0.001849057988431908	1	1	208	116	9	0	T
B4_BC16_191109_LF_LIB_consensus_vsearch	273	A	R	330	7	2.06%	2	2	93	93	0.007570535950912546	1	1	216	114	4	3	G
B4_BC16_191109_LF_LIB_consensus_vsearch	283	A	R	334	7	2.02%	2	2	93	93	0.007573357318712367	1	1	220	114	6	1	G
B4_BC16_191109_LF_LIB_consensus_vsearch	285	G	R	314	15	4.44%	2	1	93	93	2.592269890943951E-5	1	1	198	116	15	0	A
B4_BC16_191109_LF_LIB_consensus_vsearch	292	T	Y	331	7	2.04%	2	2	93	93	0.007571247515222922	1	1	218	113	3	4	C
B4_BC16_191109_LF_LIB_consensus_vsearch	295	C	S	307	7	2.08%	2	1	93	93	0.0075529272619753235	1	1	196	111	7	0	-A
B4_BC16_191109_LF_LIB_consensus_vsearch	295	C	Y	307	7	2.08%	2	2	93	93	0.0075529272619753235	1	1	196	111	6	1	-A
B4_BC16_191109_LF_LIB_consensus_vsearch	297	A	R	336	8	2.31%	2	2	93	93	0.0037487813407406246	1	1	216	120	7	1	G
B4_BC16_191109_LF_LIB_consensus_vsearch	298	A	R	332	12	3.45%	2	1	93	93	2.214460024514316E-4	1	1	212	120	12	0	G
B4_BC16_191109_LF_LIB_consensus_vsearch	304	A	R	288	17	5.28%	2	2	93	93	6.0667924296424385E-6	1	1	179	109	12	5	G
B4_BC16_191109_LF_LIB_consensus_vsearch	305	C	S	300	21	6.34%	2	2	93	93	3.4009391736723504E-7	1	1	191	109	19	2	G
B4_BC16_191109_LF_LIB_consensus_vsearch	306	C	M	299	7	2.03%	2	1	93	93	0.007546186192597865	1	1	189	110	7	0	+A
B4_BC16_191109_LF_LIB_consensus_vsearch	308	A	R	327	7	2.03%	2	2	93	93	0.007568375850183275	1	1	219	108	4	3	G
B4_BC16_191109_LF_LIB_consensus_vsearch	312	T	Y	335	8	2.32%	2	2	93	93	0.0037483266674446895	1	1	225	110	1	7	C
B4_BC16_191109_LF_LIB_consensus_vsearch	317	C	Y	297	11	3.19%	2	2	93	93	4.4588143220305744E-4	1	1	207	90	10	1	-G
B4_BC16_191109_LF_LIB_consensus_vsearch	326	C	Y	310	12	3.64%	2	2	93	93	2.1994794205047212E-4	1	1	200	110	5	7	T
B4_BC16_191109_LF_LIB_consensus_vsearch	328	A	R	318	8	2.37%	2	1	93	93	0.0037401748205127794	1	1	204	114	8	0	G
B4_BC16_191109_LF_LIB_consensus_vsearch	330	A	R	329	8	2.35%	2	1	93	93	0.003745542524444667	1	1	215	114	8	0	G
B4_BC16_191109_LF_LIB_consensus_vsearch	336	G	R	290	44	13.1%	2	1	93	93	1.2481685357051543E-14	1	1	181	109	44	0	A
B4_BC16_191109_LF_LIB_consensus_vsearch	340	C	Y	329	7	2.03%	2	2	93	93	0.007569820177023291	1	1	215	114	5	2	T
B4_BC16_191109_LF_LIB_consensus_vsearch	341	A	R	316	9	2.64%	2	2	93	93	0.0018465343892960751	1	1	201	115	7	2	G
B4_BC16_191109_LF_LIB_consensus_vsearch	341	A	W	316	7	2.05%	2	1	93	93	0.007560114368843736	1	1	201	115	7	0	G
B4_BC16_191109_LF_LIB_consensus_vsearch	343	C	Y	313	22	6.41%	2	2	93	93	1.6696032318727752E-7	1	1	220	93	1	21	T
B4_BC16_191109_LF_LIB_consensus_vsearch	347	G	R	315	7	2.09%	2	2	93	93	0.007559335514723115	1	1	197	118	6	1	+A
B4_BC16_191109_LF_LIB_consensus_vsearch	350	G	R	325	9	2.62%	2	2	93	93	0.0018493650629926273	1	1	216	109	4	5	A
B4_BC16_191109_LF_LIB_consensus_vsearch	363	T	Y	303	11	3.2%	2	2	93	93	4.466693096364799E-4	1	1	196	107	4	7	C
B4_BC16_191109_LF_LIB_consensus_vsearch	370	C	Y	327	7	2.03%	2	2	93	93	0.007568375850183275	1	1	214	113	1	6	T
B4_BC16_191109_LF_LIB_consensus_vsearch	385	C	Y	298	46	13.22%	2	1	93	93	2.8342096821385554E-15	1	1	225	73	0	46	T
B4_BC16_191109_LF_LIB_consensus_vsearch	387	T	Y	333	7	2.04%	2	1	93	93	0.007572658162744914	1	1	225	108	0	7	C
B4_BC16_191109_LF_LIB_consensus_vsearch	389	T	Y	157	11	3.17%	2	2	93	93	4.1235800097779135E-4	1	1	92	65	3	8	+C
B4_BC16_191109_LF_LIB_consensus_vsearch	391	A	M	274	38	11.08%	2	2	93	93	1.0963376993685989E-12	1	1	160	114	35	3	C
B4_BC16_191109_LF_LIB_consensus_vsearch	400	C	Y	326	14	4.03%	2	2	93	93	5.324514617660385E-5	1	1	208	118	12	2	T
B4_BC16_191109_LF_LIB_consensus_vsearch	402	C	Y	336	7	2.03%	2	2	93	93	0.007574743473790617	1	1	220	116	4	3	T
B4_BC16_191109_LF_LIB_consensus_vsearch	405	T	K	334	9	2.62%	2	1	93	93	0.0018520493120850327	1	1	216	118	9	0	G
B4_BC16_191109_LF_LIB_consensus_vsearch	408	C	Y	329	8	2.31%	2	2	93	93	0.003745542524444667	1	1	220	109	1	7	T
B4_BC16_191109_LF_LIB_consensus_vsearch	413	A	R	330	8	2.31%	2	1	93	93	0.0037460133446050297	1	1	213	117	8	0	G
B4_BC16_191109_LF_LIB_consensus_vsearch	429	C	Y	325	10	2.91%	2	1	93	93	9.122428561847083E-4	1	1	217	108	0	10	T
B4_BC16_191109_LF_LIB_consensus_vsearch	430	C	Y	326	7	2.01%	2	2	93	93	0.007567647220958338	1	1	221	105	3	4	-G
B4_BC16_191109_LF_LIB_consensus_vsearch	431	G	R	313	11	3.28%	2	2	93	93	4.4791936292805796E-4	1	1	210	103	10	1	A
B4_BC16_191109_LF_LIB_consensus_vsearch	442	A	R	305	9	2.69%	2	2	93	93	0.0018428577550388455	1	1	203	102	7	2	-C
B4_BC16_191109_LF_LIB_consensus_vsearch	450	T	W	291	12	3.77%	2	2	93	93	2.184855536535597E-4	1	1	192	99	10	2	A
B4_BC16_191109_LF_LIB_consensus_vsearch	450	T	Y	291	7	2.2%	2	1	93	93	0.007539085690174033	1	1	192	99	7	0	A
B4_BC16_191109_LF_LIB_consensus_vsearch	451	T	Y	301	10	2.96%	2	2	93	93	9.073846728008486E-4	1	1	204	97	9	1	C
B4_BC16_191109_LF_LIB_consensus_vsearch	452	G	R	252	69	21.23%	2	2	93	93	2.8062570702771043E-23	1	1	157	95	68	1	A
B4_BC16_191109_LF_LIB_consensus_vsearch	468	C	Y	327	13	3.75%	2	2	93	93	1.0860707186493325E-4	1	1	218	109	1	12	T
B4_BC16_191109_LF_LIB_consensus_vsearch	474	A	R	329	8	2.37%	2	2	93	93	0.003745542524444667	1	1	211	118	6	2	G
B4_BC16_191109_LF_LIB_consensus_vsearch	475	A	R	333	10	2.88%	2	1	93	93	9.137141362428344E-4	1	1	216	117	10	0	G
B4_BC16_191109_LF_LIB_consensus_vsearch	478	A	R	306	15	4.49%	2	2	93	93	2.5815043458826052E-5	1	1	203	103	11	4	G
B4_BC16_191109_LF_LIB_consensus_vsearch	482	T	Y	311	11	3.36%	2	2	93	93	4.476753933055673E-4	1	1	218	93	3	8	C
B4_BC16_191109_LF_LIB_consensus_vsearch	483	G	R	335	7	2.03%	2	1	93	93	0.0075740524106117915	1	1	215	120	7	0	A
B4_BC16_191109_LF_LIB_consensus_vsearch	488	T	Y	324	7	2.07%	2	2	93	93	0.007566176836782793	1	1	218	106	1	6	C
B4_BC16_191109_LF_LIB_consensus_vsearch	490	T	Y	319	12	3.52%	2	2	93	93	2.2058404097008725E-4	1	1	205	114	7	5	C
B4_BC16_191109_LF_LIB_consensus_vsearch	491	A	R	320	13	3.89%	2	2	93	93	1.0833547970360815E-4	1	1	201	119	12	1	G
B4_BC16_191109_LF_LIB_consensus_vsearch	499	G	R	329	9	2.59%	2	2	93	93	0.0018505754546696879	1	1	212	117	7	2	A
B4_BC16_191109_LF_LIB_consensus_vsearch	502	A	R	308	13	3.95%	2	2	93	93	1.07843520736519E-4	1	1	195	113	11	2	G
B4_BC16_191109_LF_LIB_consensus_vsearch	504	C	Y	313	15	4.48%	2	2	93	93	2.5909511681645702E-5	1	1	203	110	10	5	T
B4_BC16_191109_LF_LIB_consensus_vsearch	512	C	Y	263	8	2.94%	2	2	93	93	0.003706880776381375	1	1	191	72	5	3	T
B4_BC16_191109_LF_LIB_consensus_vsearch	518	G	R	329	17	4.91%	2	1	93	93	6.237978960098206E-6	1	1	210	119	17	0	A
B4_BC16_191109_LF_LIB_consensus_vsearch	521	G	R	323	19	5.52%	2	2	93	93	1.4751084771690803E-6	1	1	204	119	18	1	A
B4_BC16_191109_LF_LIB_consensus_vsearch	525	A	R	322	7	2.07%	2	1	93	93	0.0075646886873687365	1	1	206	116	7	0	G
B4_BC16_191109_LF_LIB_consensus_vsearch	526	C	Y	323	8	2.31%	2	2	93	93	0.003742658465833677	1	1	218	105	7	1	-G
B4_BC16_191109_LF_LIB_consensus_vsearch	531	A	R	333	9	2.59%	2	1	93	93	0.001851757938835181	1	1	216	117	9	0	G
B4_BC16_191109_LF_LIB_consensus_vsearch	533	G	R	326	9	2.62%	2	1	93	93	0.001849670331098783	1	1	208	118	9	0	A
B4_BC16_191109_LF_LIB_consensus_vsearch	546	G	R	308	8	2.51%	2	2	93	93	0.0037349742394683326	1	1	213	95	7	1	A
B4_BC16_191109_LF_LIB_consensus_vsearch	547	T	Y	303	12	3.69%	2	2	93	93	2.1942896133169884E-4	1	1	217	86	3	9	C
B4_BC16_191109_LF_LIB_consensus_vsearch	551	G	R	297	17	5%	2	2	93	93	6.107867789767399E-6	1	1	179	118	16	1	A
B4_BC16_191109_LF_LIB_consensus_vsearch	551	G	S	297	7	2.06%	2	1	93	93	0.007544445864687752	1	1	179	118	7	0	A
B4_BC16_191109_LF_LIB_consensus_vsearch	552	C	Y	277	15	4.49%	2	2	93	93	2.537871508131385E-5	1	1	170	107	12	3	T
B4_BC16_191109_LF_LIB_consensus_vsearch	553	A	R	301	20	6.06%	2	2	93	93	7.027854372179865E-7	1	1	192	109	14	6	G
B4_BC16_191109_LF_LIB_consensus_vsearch	554	A	M	23	7	2.03%	2	1	93	93	0.005271267537101911	1	1	17	6	0	7	+G
B4_BC16_191109_LF_LIB_consensus_vsearch	554	A	R	23	64	18.6%	2	2	93	93	2.0153102542105145E-28	1	1	17	6	62	2	G
B4_BC16_191109_LF_LIB_consensus_vsearch	567	C	Y	314	11	3.19%	2	1	93	93	4.480402523169095E-4	1	1	209	105	0	11	-GC
B4_BC16_191109_LF_LIB_consensus_vsearch	570	T	Y	313	13	3.94%	2	2	93	93	1.0805271830071484E-4	1	1	199	114	12	1	C
B4_BC16_191109_LF_LIB_consensus_vsearch	571	T	Y	308	17	5.01%	2	2	93	93	6.155241640893415E-6	1	1	193	115	14	3	C
B4_BC16_191109_LF_LIB_consensus_vsearch	572	A	R	295	11	3.26%	2	2	93	93	4.45612138742923E-4	1	1	201	94	10	1	-G
B4_BC16_191109_LF_LIB_consensus_vsearch	586	C	Y	337	7	2.01%	2	2	93	93	0.0075754305431544305	1	1	223	114	3	4	T
B4_BC16_191109_LF_LIB_consensus_vsearch	588	A	R	332	7	2.02%	2	2	93	93	0.007571954906961894	1	1	218	114	4	3	G
B4_BC16_191109_LF_LIB_consensus_vsearch	591	A	R	330	7	2.03%	2	2	93	93	0.007570535950912546	1	1	213	117	6	1	G
B4_BC16_191109_LF_LIB_consensus_vsearch	593	C	Y	334	7	2.03%	2	2	93	93	0.007573357318712367	1	1	222	112	1	6	T
B4_BC16_191109_LF_LIB_consensus_vsearch	597	G	R	329	13	3.76%	2	1	93	93	1.0868271011253566E-4	1	1	211	118	13	0	A
B4_BC16_191109_LF_LIB_consensus_vsearch	598	C	Y	328	10	2.91%	2	1	93	93	9.128025855871309E-4	1	1	214	114	10	0	T
B4_BC16_191109_LF_LIB_consensus_vsearch	599	G	R	323	13	3.8%	2	2	93	93	1.084532050266728E-4	1	1	212	111	11	2	A
B4_BC16_191109_LF_LIB_consensus_vsearch	600	G	R	324	16	4.61%	2	1	93	93	1.2737526784110147E-5	1	1	206	118	16	0	A
B4_BC16_191109_LF_LIB_consensus_vsearch	604	A	R	329	10	2.88%	2	2	93	93	9.129870042240381E-4	1	1	210	119	9	1	G
B4_BC16_191109_LF_LIB_consensus_vsearch	621	A	R	316	22	6.4%	2	1	93	93	1.675067125618624E-7	1	1	198	118	22	0	G
B4_BC16_191109_LF_LIB_consensus_vsearch	626	A	R	337	7	2.01%	2	2	93	93	0.0075754305431544305	1	1	218	119	6	1	G
B4_BC16_191109_LF_LIB_consensus_vsearch	640	G	R	322	7	2.08%	2	2	93	93	0.0075646886873687365	1	1	204	118	6	1	A
B4_BC16_191109_LF_LIB_consensus_vsearch	641	C	Y	315	8	2.33%	2	2	93	93	0.003738648107284543	1	1	200	115	5	3	+TT
B4_BC16_191109_LF_LIB_consensus_vsearch	642	A	W	324	12	3.5%	2	1	93	93	2.2092319542467036E-4	1	1	203	121	12	0	T
B4_BC16_191109_LF_LIB_consensus_vsearch	643	C	Y	318	17	4.94%	2	2	93	93	6.1958290855395706E-6	1	1	203	115	14	3	T
B4_BC16_191109_LF_LIB_consensus_vsearch	650	A	R	310	7	2.08%	2	2	93	93	0.007555368014229169	1	1	202	108	6	1	+T
B4_BC16_191109_LF_LIB_consensus_vsearch	651	T	K	327	7	2.08%	2	1	93	93	0.007568375850183275	1	1	210	117	7	0	G
B4_BC16_191109_LF_LIB_consensus_vsearch	657	A	R	334	7	2.03%	2	2	93	93	0.007573357318712367	1	1	216	118	5	2	G
B4_BC16_191109_LF_LIB_consensus_vsearch	675	A	R	330	9	2.59%	2	1	93	93	0.0018508736540161308	1	1	213	117	9	0	G
B4_BC16_191109_LF_LIB_consensus_vsearch	677	T	Y	305	9	2.64%	2	2	93	93	0.0018428577550388455	1	1	196	109	3	6	-A
B4_BC16_191109_LF_LIB_consensus_vsearch	681	G	R	298	7	2.22%	2	1	93	93	0.0075453188623466755	1	1	185	113	7	0	A
B4_BC16_191109_LF_LIB_consensus_vsearch	683	C	Y	317	10	2.92%	2	1	93	93	9.107010665572475E-4	1	1	212	105	0	10	T
B4_BC16_191109_LF_LIB_consensus_vsearch	684	A	R	291	38	11.34%	2	1	93	93	1.170909906457557E-12	1	1	178	113	38	0	G
B4_BC16_191109_LF_LIB_consensus_vsearch	690	A	R	332	8	2.33%	2	1	93	93	0.0037469467580895535	1	1	214	118	8	0	G
B4_BC16_191109_LF_LIB_consensus_vsearch	691	G	R	324	18	5.23%	2	1	93	93	3.032167425292614E-6	1	1	205	119	18	0	A
B4_BC16_191109_LF_LIB_consensus_vsearch	694	T	Y	282	9	2.96%	2	2	93	93	0.0018342872039811176	1	1	173	109	7	2	C
B4_BC16_191109_LF_LIB_consensus_vsearch	695	G	R	303	35	10.26%	2	2	93	93	1.1506466575758912E-11	1	1	189	114	33	2	A
B4_BC16_191109_LF_LIB_consensus_vsearch	696	G	R	332	9	2.61%	2	2	93	93	0.0018514648811998652	1	1	222	110	3	6	A
B4_BC16_191109_LF_LIB_consensus_vsearch	704	C	Y	336	9	2.59%	2	2	93	93	0.001852627063167724	1	1	219	117	5	4	T
B4_BC16_191109_LF_LIB_consensus_vsearch	708	G	R	308	27	7.89%	2	2	93	93	4.317530200224029E-9	1	1	192	116	25	2	A
B4_BC16_191109_LF_LIB_consensus_vsearch	717	G	R	319	12	3.54%	2	2	93	93	2.2058404097008725E-4	1	1	202	117	10	2	A
B4_BC16_191109_LF_LIB_consensus_vsearch	726	C	Y	332	7	2.02%	2	2	93	93	0.007571954906961894	1	1	220	112	1	6	T
B4_BC16_191109_LF_LIB_consensus_vsearch	728	A	R	298	8	2.52%	2	1	93	93	0.00372943747369922	1	1	186	112	8	0	G
B4_BC16_191109_LF_LIB_consensus_vsearch	731	C	Y	288	8	2.54%	2	1	93	93	0.003723530841838437	1	1	211	77	0	8	+T
B4_BC16_191109_LF_LIB_consensus_vsearch	732	C	Y	307	22	6.49%	2	1	93	93	1.6584221908721624E-7	1	1	220	87	0	22	T
B4_BC16_191109_LF_LIB_consensus_vsearch	734	C	Y	308	29	8.36%	2	2	93	93	9.928494288795976E-10	1	1	221	87	3	26	T
B4_BC16_191109_LF_LIB_consensus_vsearch	737	A	R	306	25	7.44%	2	1	93	93	1.8613414242529732E-8	1	1	186	120	25	0	G
B4_BC16_191109_LF_LIB_consensus_vsearch	750	C	Y	325	10	2.9%	2	2	93	93	9.122428561847083E-4	1	1	217	108	3	7	T
B4_BC16_191109_LF_LIB_consensus_vsearch	753	A	R	314	21	6.18%	2	2	93	93	3.450867826385533E-7	1	1	199	115	20	1	G
B4_BC16_191109_LF_LIB_consensus_vsearch	774	G	R	311	25	7.31%	2	1	93	93	1.8749283961175364E-8	1	1	195	116	25	0	A
B4_BC16_191109_LF_LIB_consensus_vsearch	780	A	R	321	16	4.68%	2	1	93	93	1.2716579492558728E-5	1	1	203	118	16	0	G
B4_BC16_191109_LF_LIB_consensus_vsearch	787	A	R	338	7	2.02%	2	2	93	93	0.007576113653235487	1	1	220	118	6	1	G
B4_BC16_191109_LF_LIB_consensus_vsearch	803	A	R	305	15	4.36%	2	1	93	93	2.5801231658812913E-5	1	1	200	105	15	0	G
B4_BC16_191109_LF_LIB_consensus_vsearch	814	A	R	329	8	2.35%	2	2	93	93	0.003745542524444667	1	1	214	115	7	1	G
B4_BC16_191109_LF_LIB_consensus_vsearch	818	G	R	331	9	2.64%	2	1	93	93	0.0018511701245308928	1	1	218	113	9	0	A
B4_BC16_191109_LF_LIB_consensus_vsearch	821	A	R	292	18	5.42%	2	1	93	93	2.9590962033899804E-6	1	1	182	110	18	0	G
B4_BC16_191109_LF_LIB_consensus_vsearch	823	G	R	323	12	3.49%	2	1	93	93	2.2085614741397465E-4	1	1	206	117	12	0	A
B4_BC16_191109_LF_LIB_consensus_vsearch	825	A	R	292	7	2.32%	2	1	93	93	0.0075399938886969485	1	1	195	97	7	0	G
B4_BC16_191109_LF_LIB_consensus_vsearch	826	A	R	307	8	2.46%	2	1	93	93	0.003734436213792579	1	1	209	98	8	0	G
B4_BC16_191109_LF_LIB_consensus_vsearch	837	T	Y	302	28	8.38%	2	2	93	93	2.048951764770447E-9	1	1	221	81	3	25	C
B4_BC16_191109_LF_LIB_consensus_vsearch	838	T	W	299	15	4.31%	2	2	93	93	2.5716630923415118E-5	1	1	223	76	1	14	-C
B4_BC16_191109_LF_LIB_consensus_vsearch	842	A	R	331	9	2.62%	2	2	93	93	0.0018511701245308928	1	1	214	117	7	2	G
B4_BC16_191109_LF_LIB_consensus_vsearch	859	A	R	323	9	2.66%	2	2	93	93	0.001848749091340749	1	1	210	113	7	2	G
B4_BC16_191109_LF_LIB_consensus_vsearch	861	G	R	277	41	12.65%	2	1	93	93	1.146272455519575E-13	1	1	159	118	41	0	A
B4_BC16_191109_LF_LIB_consensus_vsearch	862	G	R	323	13	3.78%	2	1	93	93	1.084532050266728E-4	1	1	204	119	13	0	A
B4_BC16_191109_LF_LIB_consensus_vsearch	863	C	M	323	12	3.51%	2	1	93	93	2.2085614741397465E-4	1	1	204	119	12	0	A
B4_BC16_191109_LF_LIB_consensus_vsearch	864	C	Y	317	16	4.64%	2	2	93	93	1.2688103904606198E-5	1	1	200	117	14	2	T
B4_BC16_191109_LF_LIB_consensus_vsearch	867	C	M	313	9	2.62%	2	1	93	93	0.0018455562033137492	1	1	200	113	9	0	A
B4_BC16_191109_LF_LIB_consensus_vsearch	867	C	Y	313	12	3.49%	2	2	93	93	2.2016375465967462E-4	1	1	200	113	6	6	T
B4_BC16_191109_LF_LIB_consensus_vsearch	868	G	R	308	29	8.41%	2	1	93	93	9.928494288795976E-10	1	1	188	120	29	0	A
B4_BC16_191109_LF_LIB_consensus_vsearch	887	C	S	317	17	5%	2	1	93	93	6.191870796019275E-6	1	1	198	119	17	0	G
B4_BC16_191109_LF_LIB_consensus_vsearch	888	C	Y	332	12	3.45%	2	2	93	93	2.214460024514316E-4	1	1	215	117	8	4	T
B4_BC16_191109_LF_LIB_consensus_vsearch	890	A	R	326	17	4.89%	2	2	93	93	6.226730419388342E-6	1	1	208	118	16	1	G
B4_BC16_191109_LF_LIB_consensus_vsearch	900	T	Y	329	9	2.62%	2	2	93	93	0.0018505754546696879	1	1	213	116	6	3	C
B4_BC16_191109_LF_LIB_consensus_vsearch	911	A	R	327	7	2.05%	2	1	93	93	0.007568375850183275	1	1	211	116	7	0	G
B4_BC16_191109_LF_LIB_consensus_vsearch	942	G	R	316	27	7.8%	2	2	93	93	4.375092345359945E-9	1	1	200	116	26	1	A
B4_BC16_191109_LF_LIB_consensus_vsearch	944	T	Y	326	18	5.23%	2	2	93	93	3.0363241491957594E-6	1	1	223	103	1	17	C
B4_BC16_191109_LF_LIB_consensus_vsearch	951	C	Y	333	13	3.75%	2	1	93	93	1.0883146805374691E-4	1	1	225	108	0	13	T
B4_BC16_191109_LF_LIB_consensus_vsearch	959	C	Y	331	7	2.02%	2	2	93	93	0.007571247515222922	1	1	217	114	6	1	-A
B4_BC16_191109_LF_LIB_consensus_vsearch	961	A	M	328	10	2.87%	2	1	93	93	9.128025855871309E-4	1	1	220	108	0	10	C
B4_BC16_191109_LF_LIB_consensus_vsearch	961	A	R	328	8	2.3%	2	2	93	93	0.003745068929689065	1	1	220	108	6	2	C
B4_BC16_191109_LF_LIB_consensus_vsearch	962	T	Y	336	9	2.6%	2	2	93	93	0.001852627063167724	1	1	224	112	1	8	C
B4_BC16_191109_LF_LIB_consensus_vsearch	963	T	Y	328	15	4.32%	2	2	93	93	2.6099716516077345E-5	1	1	225	103	1	14	C
B4_BC16_191109_LF_LIB_consensus_vsearch	971	C	S	272	51	15.36%	2	1	93	93	5.2059935480098566E-17	1	1	158	114	51	0	G
B4_BC16_191109_LF_LIB_consensus_vsearch	980	G	R	309	7	2.02%	2	1	93	93	0.007554559545842425	1	1	188	121	7	0	-C
B4_BC16_191109_LF_LIB_consensus_vsearch	984	A	R	284	31	9.72%	2	1	93	93	2.143216287550385E-10	1	1	166	118	31	0	G
B4_BC16_191109_LF_LIB_consensus_vsearch	1005	G	R	322	15	4.41%	2	1	93	93	2.602554622851478E-5	1	1	207	115	15	0	A
B4_BC16_191109_LF_LIB_consensus_vsearch	1014	G	R	302	7	2.05%	2	1	93	93	0.0075487547253543785	1	1	189	113	7	0	A
B4_BC16_191109_LF_LIB_consensus_vsearch	1014	G	K	302	16	4.68%	2	2	93	93	1.2575409405200966E-5	1	1	189	113	15	1	T
B4_BC16_191109_LF_LIB_consensus_vsearch	1016	A	M	301	7	2.05%	2	1	93	93	0.007547904070155765	1	1	191	110	0	7	C
B4_BC16_191109_LF_LIB_consensus_vsearch	1016	A	R	301	25	7.33%	2	1	93	93	1.8474242901784768E-8	1	1	191	110	25	0	G
B4_BC16_191109_LF_LIB_consensus_vsearch	1019	A	R	320	20	5.81%	2	1	93	93	7.152411456984059E-7	1	1	200	120	20	0	G
B4_BC16_191109_LF_LIB_consensus_vsearch	1036	G	R	309	8	2.37%	2	2	93	93	0.0037355089065581964	1	1	194	115	7	1	A
B4_BC16_191109_LF_LIB_consensus_vsearch	1037	C	Y	287	14	4.09%	2	2	93	93	5.229005392269044E-5	1	1	182	105	6	8	T
B4_BC16_191109_LF_LIB_consensus_vsearch	1038	A	R	300	8	2.46%	2	2	93	93	0.0037305732760555144	1	1	182	118	7	1	G
B4_BC16_191109_LF_LIB_consensus_vsearch	1039	C	Y	303	13	3.9%	2	2	93	93	1.0762799291955982E-4	1	1	190	113	7	6	T
B4_BC16_191109_LF_LIB_consensus_vsearch	1040	G	R	309	12	3.6%	2	1	93	93	2.1987513936562003E-4	1	1	191	118	12	0	A
B4_BC16_191109_LF_LIB_consensus_vsearch	1042	A	W	310	7	2.18%	2	1	93	93	0.007555368014229169	1	1	208	102	7	0	T
B4_BC16_191109_LF_LIB_consensus_vsearch	1043	A	R	316	9	2.59%	2	1	93	93	0.0018465343892960751	1	1	214	102	9	0	-T
B4_BC16_191109_LF_LIB_consensus_vsearch	1045	T	Y	314	18	5.19%	2	2	93	93	3.01070307470118E-6	1	1	212	102	2	16	C
B4_BC16_191109_LF_LIB_consensus_vsearch	1071	A	R	306	15	4.5%	2	2	93	93	2.5815043458826052E-5	1	1	193	113	11	4	G
B4_BC16_191109_LF_LIB_consensus_vsearch	1072	C	Y	323	11	3.21%	2	2	93	93	4.4909654291777526E-4	1	1	205	118	10	1	T
B4_BC16_191109_LF_LIB_consensus_vsearch	1073	A	R	294	16	4.73%	2	2	93	93	1.2511183237317385E-5	1	1	191	103	13	3	-G
B4_BC16_191109_LF_LIB_consensus_vsearch	1081	C	S	287	7	2.02%	2	2	93	93	0.00753539154747985	1	1	218	69	1	6	+G
B4_BC16_191109_LF_LIB_consensus_vsearch	1081	C	Y	287	30	8.65%	2	2	93	93	4.533740045323677E-10	1	1	218	69	1	29	T
B4_BC16_191109_LF_LIB_consensus_vsearch	1083	A	R	323	8	2.4%	2	2	93	93	0.003742658465833677	1	1	205	118	7	1	G
B4_BC16_191109_LF_LIB_consensus_vsearch	1090	T	Y	319	7	2.11%	2	2	93	93	0.007562422442723779	1	1	213	106	1	6	C
B4_BC16_191109_LF_LIB_consensus_vsearch	1099	G	R	328	9	2.67%	2	1	93	93	0.0018502755113221137	1	1	208	120	9	0	A
B4_BC16_191109_LF_LIB_consensus_vsearch	1106	C	Y	333	8	2.31%	2	1	93	93	0.003747409399187016	1	1	222	111	0	8	T
B4_BC16_191109_LF_LIB_consensus_vsearch	1109	G	R	312	8	2.35%	2	2	93	93	0.0037370930678341757	1	1	206	106	6	2	-TG
B4_BC16_191109_LF_LIB_consensus_vsearch	1111	G	R	316	12	3.63%	2	1	93	93	2.2037575427354198E-4	1	1	209	107	12	0	A
B4_BC16_191109_LF_LIB_consensus_vsearch	1114	A	R	307	27	7.8%	2	2	93	93	4.3101879954129276E-9	1	1	191	116	26	1	G
B4_BC16_191109_LF_LIB_consensus_vsearch	1116	T	Y	330	7	2.05%	2	2	93	93	0.007570535950912546	1	1	216	114	3	4	C
B4_BC16_191109_LF_LIB_consensus_vsearch	1121	T	Y	321	9	2.63%	2	1	93	93	0.0018481257642866957	1	1	217	104	0	9	C
B4_BC16_191109_LF_LIB_consensus_vsearch	1123	A	R	335	8	2.31%	2	2	93	93	0.0037483266674446895	1	1	224	111	2	6	G
B4_BC16_191109_LF_LIB_consensus_vsearch	1124	G	R	319	7	2.02%	2	1	93	93	0.007562422442723779	1	1	212	107	7	0	-CG
B4_BC16_191109_LF_LIB_consensus_vsearch	1131	G	S	318	23	6.69%	2	1	93	93	8.122170621738659E-8	1	1	198	120	23	0	C
B4_BC16_191109_LF_LIB_consensus_vsearch	1133	A	R	328	7	2.03%	2	2	93	93	0.007569100156087223	1	1	210	118	6	1	G
B4_BC16_191109_LF_LIB_consensus_vsearch	1148	A	R	334	9	2.59%	2	2	93	93	0.0018520493120850327	1	1	218	116	8	1	G
B4_BC16_191109_LF_LIB_consensus_vsearch	1156	G	R	330	11	3.18%	2	1	93	93	4.498805515561457E-4	1	1	213	117	11	0	A
B4_BC16_191109_LF_LIB_consensus_vsearch	1157	G	R	326	7	2.01%	2	1	93	93	0.007567647220958338	1	1	221	105	0	7	-A
B4_BC16_191109_LF_LIB_consensus_vsearch	1166	A	R	328	8	2.34%	2	1	93	93	0.003745068929689065	1	1	215	113	8	0	G
B4_BC16_191109_LF_LIB_consensus_vsearch	1172	C	Y	337	7	2.01%	2	2	93	93	0.0075754305431544305	1	1	222	115	2	5	T
B4_BC16_191109_LF_LIB_consensus_vsearch	1173	G	R	333	10	2.88%	2	1	93	93	9.137141362428344E-4	1	1	216	117	10	0	A
B4_BC16_191109_LF_LIB_consensus_vsearch	1181	A	R	306	20	5.85%	2	2	93	93	7.061866524415399E-7	1	1	195	111	19	1	G
B4_BC16_191109_LF_LIB_consensus_vsearch	1184	T	Y	334	7	2.02%	2	2	93	93	0.007573357318712367	1	1	221	113	3	4	C
B4_BC16_191109_LF_LIB_consensus_vsearch	1198	A	R	277	32	9.73%	2	2	93	93	9.990404810875067E-11	1	1	160	117	30	2	G
B4_BC16_191109_LF_LIB_consensus_vsearch	1200	C	S	328	11	3.2%	2	1	93	93	4.4965976705035063E-4	1	1	207	121	11	0	G
B4_BC16_191109_LF_LIB_consensus_vsearch	1207	A	R	317	9	2.66%	2	2	93	93	0.0018468565107487142	1	1	207	110	8	1	G
B4_BC16_191109_LF_LIB_consensus_vsearch	1210	C	Y	306	14	4.35%	2	2	93	93	5.278291182493335E-5	1	1	202	104	1	13	T
B4_BC16_191109_LF_LIB_consensus_vsearch	1217	T	K	306	14	4.35%	2	1	93	93	5.278291182493335E-5	1	1	192	114	14	0	G
B4_BC16_191109_LF_LIB_consensus_vsearch	1230	A	R	326	15	4.31%	2	1	93	93	2.607526615259342E-5	1	1	207	119	15	0	G
B4_BC16_191109_LF_LIB_consensus_vsearch	1234	C	M	323	8	2.33%	2	1	93	93	0.003742658465833677	1	1	208	115	8	0	A
B4_BC16_191109_LF_LIB_consensus_vsearch	1235	T	Y	317	8	2.35%	2	2	93	93	0.0037396690155496095	1	1	213	104	1	7	C
B4_BC16_191109_LF_LIB_consensus_vsearch	1236	A	R	312	12	3.6%	2	2	93	93	2.2009224583442865E-4	1	1	202	110	10	2	G
B4_BC16_191109_LF_LIB_consensus_vsearch	1238	A	R	307	23	6.71%	2	2	93	93	8.015287826914401E-8	1	1	192	115	21	2	G
B4_BC16_191109_LF_LIB_consensus_vsearch	1262	G	R	337	8	2.3%	2	2	93	93	0.0037492334037990153	1	1	221	116	5	3	A
B4_BC16_191109_LF_LIB_consensus_vsearch	1276	A	R	321	12	3.48%	2	1	93	93	2.2072088388227264E-4	1	1	206	115	12	0	G
B4_BC16_191109_LF_LIB_consensus_vsearch	1297	G	R	292	31	9.45%	2	1	93	93	2.1869241976757928E-10	1	1	181	111	31	0	A
B4_BC16_191109_LF_LIB_consensus_vsearch	1307	C	Y	301	13	3.74%	2	2	93	93	1.0753994466206977E-4	1	1	217	84	1	12	-T
B4_BC16_191109_LF_LIB_consensus_vsearch	1311	A	R	329	7	2.05%	2	2	93	93	0.007569820177023291	1	1	212	117	5	2	G
B4_BC16_191109_LF_LIB_consensus_vsearch	1313	G	R	326	7	2.03%	2	2	93	93	0.007567647220958338	1	1	218	108	3	4	A
B4_BC16_191109_LF_LIB_consensus_vsearch	1314	C	Y	324	15	4.35%	2	1	93	93	2.6050544236155968E-5	1	1	221	103	0	15	T
B4_BC16_191109_LF_LIB_consensus_vsearch	1332	C	Y	283	14	4.2%	2	1	93	93	5.217871327042909E-5	1	1	207	76	0	14	-G
B4_BC16_191109_LF_LIB_consensus_vsearch	1333	G	R	237	63	20%	2	2	93	93	2.8414013493780313E-21	1	1	147	90	60	3	A
B4_BC16_191109_LF_LIB_consensus_vsearch	1335	G	K	329	11	3.16%	2	2	93	93	4.497704755708121E-4	1	1	210	119	10	1	T
B4_BC16_191109_LF_LIB_consensus_vsearch	1337	G	R	318	11	3.21%	2	2	93	93	4.4851665816982955E-4	1	1	200	118	10	1	-C
B4_BC16_191109_LF_LIB_consensus_vsearch	1339	C	Y	335	9	2.59%	2	2	93	93	0.0018523390154232843	1	1	223	112	2	7	T
B4_BC16_191109_LF_LIB_consensus_vsearch	1340	A	R	326	9	2.61%	2	1	93	93	0.001849670331098783	1	1	209	117	9	0	G
B4_BC16_191109_LF_LIB_consensus_vsearch	1342	T	Y	325	8	2.35%	2	1	93	93	0.0037436312504308135	1	1	219	106	0	8	C
B4_BC16_191109_LF_LIB_consensus_vsearch	1343	G	R	324	16	4.62%	2	1	93	93	1.2737526784110147E-5	1	1	205	119	16	0	A
B4_BC16_191109_LF_LIB_consensus_vsearch	1350	A	R	321	7	2.09%	2	2	93	93	0.007563937849782871	1	1	207	114	6	1	G
B4_BC16_191109_LF_LIB_consensus_vsearch	1352	A	M	328	8	2.33%	2	2	93	93	0.003745068929689065	1	1	212	116	7	1	C
B4_BC16_191109_LF_LIB_consensus_vsearch	1354	A	R	324	10	2.92%	2	2	93	93	9.120540902472859E-4	1	1	213	111	9	1	G
B4_BC16_191109_LF_LIB_consensus_vsearch	1355	C	Y	290	7	2.03%	2	1	93	93	0.007538171418325775	1	1	187	103	0	7	-AC
B4_BC16_191109_LF_LIB_consensus_vsearch	1356	A	R	286	11	3.67%	2	2	93	93	4.4435677259618253E-4	1	1	177	109	10	1	G
B4_BC16_191109_LF_LIB_consensus_vsearch	1385	A	R	314	19	5.57%	2	2	93	93	1.464605179948661E-6	1	1	201	113	17	2	G
B4_BC16_191109_LF_LIB_consensus_vsearch	1387	G	R	301	11	3.46%	2	1	93	93	4.4640995539823236E-4	1	1	199	102	11	0	A
B4_BC16_191109_LF_LIB_consensus_vsearch	1395	A	R	336	8	2.31%	2	1	93	93	0.0037487813407406246	1	1	216	120	8	0	G
B4_BC16_191109_LF_LIB_consensus_vsearch	1413	G	R	320	17	4.96%	2	1	93	93	6.203680877060552E-6	1	1	201	119	17	0	A
B4_BC16_191109_LF_LIB_consensus_vsearch	1420	A	R	333	7	2.03%	2	2	93	93	0.007572658162744914	1	1	218	115	6	1	G
B4_BC16_191109_LF_LIB_consensus_vsearch	1422	A	R	286	9	2.99%	2	2	93	93	0.0018358721342322745	1	1	174	112	6	3	G
B4_BC16_191109_LF_LIB_consensus_vsearch	1425	C	Y	311	10	3.09%	2	1	93	93	9.09495348801856E-4	1	1	222	89	0	10	T
B4_BC16_191109_LF_LIB_consensus_vsearch	1446	G	R	268	38	12.26%	2	1	93	93	1.0691737397555266E-12	1	1	169	99	38	0	A
B4_BC16_191109_LF_LIB_consensus_vsearch	1447	G	R	333	7	2.04%	2	1	93	93	0.007572658162744914	1	1	215	118	7	0	A
B4_BC16_191109_LF_LIB_consensus_vsearch	1453	T	Y	332	8	2.31%	2	2	93	93	0.0037469467580895535	1	1	218	114	5	3	C
B4_BC16_191109_LF_LIB_consensus_vsearch	1461	G	R	312	14	4.08%	2	1	93	93	5.2927231342898746E-5	1	1	193	119	14	0	A
B4_BC16_191109_LF_LIB_consensus_vsearch	1461	G	S	312	14	4.08%	2	1	93	93	5.2927231342898746E-5	1	1	193	119	14	0	A
B4_BC16_191109_LF_LIB_consensus_vsearch	1462	C	Y	322	11	3.2%	2	2	93	93	4.4898192218289514E-4	1	1	206	116	9	2	T
B4_BC16_191109_LF_LIB_consensus_vsearch	1466	A	R	336	7	2.03%	2	2	93	93	0.007574743473790617	1	1	219	117	5	2	G
B4_BC16_191109_LF_LIB_consensus_vsearch	1470	A	R	270	9	2.63%	2	2	93	93	0.001829264549546966	1	1	180	90	7	2	-CA
B4_BC16_191109_LF_LIB_consensus_vsearch	1509	A	R	327	7	2.04%	2	2	93	93	0.007568375850183275	1	1	216	111	3	4	G
B4_BC16_191109_LF_LIB_consensus_vsearch	1512	A	R	338	7	2.02%	2	2	93	93	0.007576113653235487	1	1	220	118	5	2	G
B4_BC16_191109_LF_LIB_consensus_vsearch	1528	C	Y	175	27	8.06%	2	2	93	93	2.9379950328658677E-9	1	1	61	114	20	7	T
B4_BC16_191109_LF_LIB_consensus_vsearch	1531	A	R	224	115	33.82%	2	1	93	93	1.9688232447568104E-40	1	1	105	119	115	0	G
B4_BC16_191109_LF_LIB_consensus_vsearch	1538	T	Y	297	12	3.55%	2	2	93	93	2.1896608420954606E-4	1	1	189	108	8	4	-A
B4_BC16_191109_LF_LIB_consensus_vsearch	1553	T	Y	316	9	2.69%	2	2	93	93	0.0018465343892960751	1	1	212	104	1	8	C
B4_BC16_191109_LF_LIB_consensus_vsearch	1555	C	Y	325	17	4.91%	2	1	93	93	6.22294053128114E-6	1	1	224	101	0	17	T
B4_BC16_191109_LF_LIB_consensus_vsearch	1560	C	Y	328	9	2.59%	2	2	93	93	0.0018502755113221137	1	1	221	107	1	8	T
B4_BC16_191109_LF_LIB_consensus_vsearch	1562	A	R	293	16	4.62%	2	2	93	93	1.2502938907159318E-5	1	1	185	108	14	2	-C
B4_BC16_191109_LF_LIB_consensus_vsearch	1565	C	Y	314	19	5.46%	2	2	93	93	1.464605179948661E-6	1	1	222	92	1	18	T
B4_BC16_191109_LF_LIB_consensus_vsearch	1568	G	R	321	7	2.03%	2	2	93	93	0.007563937849782871	1	1	221	100	3	4	-TGTG
B4_BC16_191109_LF_LIB_consensus_vsearch	1570	G	R	268	8	2.38%	2	1	93	93	0.003710449152927439	1	1	192	76	0	8	-TG
B4_BC16_191109_LF_LIB_consensus_vsearch	1571	T	W	269	11	3.87%	2	1	93	93	4.417722972965338E-4	1	1	194	75	0	11	A
B4_BC16_191109_LF_LIB_consensus_vsearch	1572	G	R	260	11	3.85%	2	2	93	93	4.402770692935837E-4	1	1	182	78	8	3	A
B4_BC16_191109_LF_LIB_consensus_vsearch	1574	C	Y	319	19	5.49%	2	1	93	93	1.470502133823557E-6	1	1	221	98	0	19	T
B4_BC16_191109_LF_LIB_consensus_vsearch	1584	C	Y	315	7	2.02%	2	2	93	93	0.007559335514723115	1	1	201	114	5	2	T
B4_BC16_191109_LF_LIB_consensus_vsearch	1585	A	R	322	10	2.92%	2	1	93	93	9.116732160365274E-4	1	1	203	119	10	0	G
B4_BC16_191109_LF_LIB_consensus_vsearch	1588	G	R	319	21	6.14%	2	1	93	93	3.467835857934378E-7	1	1	201	118	21	0	A
B4_BC16_191109_LF_LIB_consensus_vsearch	1589	C	Y	333	7	2.03%	2	2	93	93	0.007572658162744914	1	1	218	115	4	3	T
B4_BC16_191109_LF_LIB_consensus_vsearch	1590	A	R	327	11	3.19%	2	1	93	93	4.495484205286572E-4	1	1	210	117	11	0	G
B4_BC16_191109_LF_LIB_consensus_vsearch	1596	G	R	300	29	8.68%	2	1	93	93	9.770878129632411E-10	1	1	183	117	29	0	A
B4_BC16_191109_LF_LIB_consensus_vsearch	1600	G	R	314	9	2.75%	2	1	93	93	0.0018458842535959892	1	1	194	120	9	0	A
B4_BC16_191109_LF_LIB_consensus_vsearch	1606	G	R	321	20	5.78%	2	2	93	93	7.158628071628738E-7	1	1	201	120	19	1	A
B4_BC16_191109_LF_LIB_consensus_vsearch	1608	A	R	305	21	6.23%	2	1	93	93	3.419194867833008E-7	1	1	185	120	21	0	G
B4_BC16_191109_LF_LIB_consensus_vsearch	1612	C	Y	329	7	2.05%	2	2	93	93	0.007569820177023291	1	1	214	115	5	2	T
B4_BC16_191109_LF_LIB_consensus_vsearch	1623	C	Y	323	9	2.61%	2	2	93	93	0.001848749091340749	1	1	212	111	6	3	T
B4_BC16_191109_LF_LIB_consensus_vsearch	1629	T	W	310	8	2.41%	2	1	93	93	0.003736040246407896	1	1	205	105	8	0	A
B4_BC16_191109_LF_LIB_consensus_vsearch	1629	T	Y	310	7	2.11%	2	2	93	93	0.007555368014229169	1	1	205	105	3	4	A
B4_BC16_191109_LF_LIB_consensus_vsearch	1630	T	Y	329	12	3.5%	2	2	93	93	2.212527302735519E-4	1	1	217	112	6	6	C
B4_BC16_191109_LF_LIB_consensus_vsearch	1660	A	R	323	12	3.46%	2	1	93	93	2.2085614741397465E-4	1	1	203	120	12	0	G
B4_BC16_191109_LF_LIB_consensus_vsearch	1662	C	Y	329	8	2.31%	2	1	93	93	0.003745542524444667	1	1	225	104	0	8	T
B4_BC16_191109_LF_LIB_consensus_vsearch	1672	T	Y	332	7	2.03%	2	1	93	93	0.007571954906961894	1	1	213	119	7	0	C
B4_BC16_191109_LF_LIB_consensus_vsearch	1673	A	R	331	7	2.03%	2	2	93	93	0.007571247515222922	1	1	216	115	5	2	G
B4_BC16_191109_LF_LIB_consensus_vsearch	1695	G	R	323	10	2.91%	2	1	93	93	9.118642134740773E-4	1	1	203	120	10	0	A
B4_BC16_191109_LF_LIB_consensus_vsearch	1696	C	Y	321	7	2.02%	2	2	93	93	0.007563937849782871	1	1	205	116	4	3	+TT
B4_BC16_191109_LF_LIB_consensus_vsearch	1700	A	R	324	12	3.48%	2	2	93	93	2.2092319542467036E-4	1	1	206	118	11	1	G
B4_BC16_191109_LF_LIB_consensus_vsearch	1706	G	K	295	16	4.62%	2	1	93	93	1.2519378559177722E-5	1	1	182	113	16	0	-TG
B4_BC16_191109_LF_LIB_consensus_vsearch	1714	G	R	321	19	5.51%	2	2	93	93	1.4728174370924248E-6	1	1	205	116	18	1	A
B4_BC16_191109_LF_LIB_consensus_vsearch	1720	G	R	339	7	2.01%	2	1	93	93	0.00757679283814411	1	1	218	121	7	0	A
B4_BC16_191109_LF_LIB_consensus_vsearch	1722	C	Y	322	21	6.03%	2	2	93	93	3.4778104972655315E-7	1	1	222	100	2	19	T
B4_BC16_191109_LF_LIB_consensus_vsearch	1729	T	K	324	9	2.66%	2	1	93	93	0.001849057988431908	1	1	209	115	9	0	G
B4_BC16_191109_LF_LIB_consensus_vsearch	1731	T	Y	326	7	2.01%	2	1	93	93	0.007567647220958338	1	1	209	117	7	0	C
B4_BC16_191109_LF_LIB_consensus_vsearch	1732	A	R	328	7	2.06%	2	2	93	93	0.007569100156087223	1	1	210	118	6	1	G
B4_BC16_191109_LF_LIB_consensus_vsearch	1733	G	R	330	13	3.77%	2	1	93	93	1.0872021177752496E-4	1	1	211	119	13	0	A
B4_BC16_191109_LF_LIB_consensus_vsearch	1737	T	Y	306	10	2.89%	2	1	93	93	9.08456353117801E-4	1	1	190	116	10	0	-A
B4_BC16_191109_LF_LIB_consensus_vsearch	1749	A	R	313	15	4.36%	2	2	93	93	2.5909511681645702E-5	1	1	209	104	14	1	G
B4_BC16_191109_LF_LIB_consensus_vsearch	1760	A	R	323	15	4.34%	2	1	93	93	2.6038080031327808E-5	1	1	208	115	15	0	G
B4_BC16_191109_LF_LIB_consensus_vsearch	1771	A	R	315	7	2.02%	2	2	93	93	0.007559335514723115	1	1	202	113	4	3	-CA
B4_BC16_191109_LF_LIB_consensus_vsearch	1785	C	Y	333	7	2.03%	2	1	93	93	0.007572658162744914	1	1	225	108	0	7	T
B4_BC16_191109_LF_LIB_consensus_vsearch	1788	G	R	300	15	4.6%	2	1	93	93	2.573094065445105E-5	1	1	183	117	15	0	A
B4_BC16_191109_LF_LIB_consensus_vsearch	1789	C	Y	299	16	4.94%	2	2	93	93	1.2551678368037368E-5	1	1	183	116	15	1	T
B4_BC16_191109_LF_LIB_consensus_vsearch	1795	A	R	323	8	2.34%	2	2	93	93	0.003742658465833677	1	1	205	118	7	1	G
B4_BC16_191109_LF_LIB_consensus_vsearch	1802	G	R	320	22	6.36%	2	1	93	93	1.6822251910622716E-7	1	1	201	119	22	0	A
B4_BC16_191109_LF_LIB_consensus_vsearch	1804	A	M	317	7	2.06%	2	2	93	93	0.007560888445766803	1	1	206	111	1	6	C
B4_BC16_191109_LF_LIB_consensus_vsearch	1804	A	R	317	13	3.83%	2	2	93	93	1.0821570356450297E-4	1	1	206	111	11	2	G
B4_BC16_191109_LF_LIB_consensus_vsearch	1817	A	R	317	15	4.44%	2	1	93	93	2.5961812604793588E-5	1	1	200	117	15	0	G
B4_BC16_191109_LF_LIB_consensus_vsearch	1822	G	R	331	15	4.32%	2	2	93	93	2.6135892584842575E-5	1	1	211	120	14	1	A
B4_BC16_191109_LF_LIB_consensus_vsearch	1825	A	R	299	18	5.31%	2	2	93	93	2.976216838381955E-6	1	1	198	101	17	1	G
B4_BC16_191109_LF_LIB_consensus_vsearch	1831	A	R	306	19	5.54%	2	1	93	93	1.4548338947460344E-6	1	1	202	104	19	0	G
B4_BC16_191109_LF_LIB_consensus_vsearch	1840	A	R	328	7	2.02%	2	1	93	93	0.007569100156087223	1	1	213	115	7	0	G
B4_BC16_191109_LF_LIB_consensus_vsearch	1875	C	Y	337	8	2.31%	2	2	93	93	0.0037492334037990153	1	1	223	114	2	6	T
B4_BC16_191109_LF_LIB_consensus_vsearch	1891	G	R	298	8	2.49%	2	1	93	93	0.00372943747369922	1	1	195	103	8	0	A
B4_BC16_191109_LF_LIB_consensus_vsearch	1896	G	R	326	10	2.93%	2	1	93	93	9.124305210040607E-4	1	1	209	117	10	0	A
B4_BC16_191109_LF_LIB_consensus_vsearch	1908	A	R	331	7	2.04%	2	1	93	93	0.007571247515222922	1	1	214	117	7	0	G
B4_BC16_191109_LF_LIB_consensus_vsearch	1909	G	K	329	13	3.76%	2	1	93	93	1.0868271011253566E-4	1	1	209	120	13	0	T
B4_BC16_191109_LF_LIB_consensus_vsearch	1924	A	R	89	20	5.93%	2	2	93	93	3.6562383585537945E-7	1	1	84	5	17	3	G
B4_BC16_191109_LF_LIB_consensus_vsearch	1938	C	Y	302	37	10.63%	2	2	93	93	2.5749330668027314E-12	1	1	220	82	3	34	T
B4_BC16_191109_LF_LIB_consensus_vsearch	1950	A	R	294	7	2.06%	2	2	93	93	0.0075417923062006415	1	1	190	104	6	1	-CA
B4_BC16_191109_LF_LIB_consensus_vsearch	1953	T	K	334	10	2.88%	2	1	93	93	9.138933286702405E-4	1	1	213	121	10	0	G
B4_BC16_191109_LF_LIB_consensus_vsearch	1965	C	Y	296	15	4.34%	2	2	93	93	2.5673185085839507E-5	1	1	194	102	1	14	-GC
B4_BC16_191109_LF_LIB_consensus_vsearch	1966	G	R	304	9	2.84%	2	1	93	93	0.0018425109022510314	1	1	185	119	9	0	A
B4_BC16_191109_LF_LIB_consensus_vsearch	1975	G	S	327	10	2.89%	2	1	93	93	9.126170943078215E-4	1	1	209	118	10	0	C
B4_BC16_191109_LF_LIB_consensus_vsearch	1977	A	R	332	7	2.02%	2	1	93	93	0.007571954906961894	1	1	212	120	7	0	G
B4_BC16_191109_LF_LIB_consensus_vsearch	1981	A	R	330	7	2.02%	2	2	93	93	0.007570535950912546	1	1	211	119	6	1	-C
B4_BC16_191109_LF_LIB_consensus_vsearch	1986	G	R	257	10	3.69%	2	2	93	93	8.962668170105445E-4	1	1	143	114	9	1	A
B4_BC16_191109_LF_LIB_consensus_vsearch	1995	A	R	335	8	2.32%	2	2	93	93	0.0037483266674446895	1	1	218	117	7	1	G
B4_BC16_191109_LF_LIB_consensus_vsearch	1999	A	R	322	7	2.06%	2	2	93	93	0.0075646886873687365	1	1	216	106	6	1	G
B4_BC16_191109_LF_LIB_consensus_vsearch	2001	T	Y	335	8	2.33%	2	1	93	93	0.0037483266674446895	1	1	225	110	0	8	C
B4_BC16_191109_LF_LIB_consensus_vsearch	2015	C	M	327	9	2.61%	2	1	93	93	0.0018499738086392118	1	1	211	116	9	0	A
B4_BC16_191109_LF_LIB_consensus_vsearch	2027	C	Y	312	8	2.41%	2	2	93	93	0.0037370930678341757	1	1	206	106	1	7	T
B4_BC16_191109_LF_LIB_consensus_vsearch	2028	T	Y	316	8	2.46%	2	2	93	93	0.0037391601206060374	1	1	201	115	7	1	C
B4_BC16_191109_LF_LIB_consensus_vsearch	2029	T	Y	320	7	2.03%	2	1	93	93	0.007563182448808609	1	1	207	113	7	0	C
B4_BC16_191109_LF_LIB_consensus_vsearch	2036	A	R	277	54	15.93%	2	2	93	93	5.269113398452053E-18	1	1	164	113	53	1	G
B4_BC16_191109_LF_LIB_consensus_vsearch	2038	C	Y	302	7	2.07%	2	2	93	93	0.0075487547253543785	1	1	207	95	1	6	+G
B4_BC16_191109_LF_LIB_consensus_vsearch	2039	G	R	309	23	6.8%	2	1	93	93	8.035159232987398E-8	1	1	195	114	23	0	A
B4_BC16_191109_LF_LIB_consensus_vsearch	2041	G	K	322	14	4.02%	2	1	93	93	5.315688197814839E-5	1	1	206	116	14	0	T
B4_BC16_191109_LF_LIB_consensus_vsearch	2042	T	Y	331	11	3.21%	2	2	93	93	4.499900004081131E-4	1	1	223	108	2	9	C
B4_BC16_191109_LF_LIB_consensus_vsearch	2049	G	R	318	26	7.47%	2	1	93	93	9.122576074104733E-9	1	1	198	120	26	0	A
B4_BC16_191109_LF_LIB_consensus_vsearch	2052	C	Y	329	9	2.65%	2	2	93	93	0.0018505754546696879	1	1	210	119	8	1	T
B4_BC16_191109_LF_LIB_consensus_vsearch	2053	C	S	337	7	2.01%	2	2	93	93	0.0075754305431544305	1	1	218	119	6	1	G
B4_BC16_191109_LF_LIB_consensus_vsearch	2073	T	Y	318	19	5.54%	2	1	93	93	1.4693352636016648E-6	1	1	223	95	0	19	C
B4_BC16_191109_LF_LIB_consensus_vsearch	2074	T	Y	326	13	3.77%	2	1	93	93	1.0856893169340675E-4	1	1	223	103	0	13	C
B4_BC16_191109_LF_LIB_consensus_vsearch	2076	A	R	318	10	2.9%	2	2	93	93	9.108978189109956E-4	1	1	213	105	9	1	G
B4_BC16_191109_LF_LIB_consensus_vsearch	2076	A	W	318	8	2.32%	2	2	93	93	0.0037401748205127794	1	1	213	105	1	7	G
B4_BC16_191109_LF_LIB_consensus_vsearch	2078	C	Y	333	9	2.59%	2	1	93	93	0.001851757938835181	1	1	222	111	0	9	T
B4_BC16_191109_LF_LIB_consensus_vsearch	2079	A	R	322	15	4.35%	2	1	93	93	2.602554622851478E-5	1	1	204	118	15	0	G
B4_BC16_191109_LF_LIB_consensus_vsearch	2089	A	R	335	8	2.3%	2	1	93	93	0.0037483266674446895	1	1	214	121	8	0	G
B4_BC16_191109_LF_LIB_consensus_vsearch	2102	G	R	324	7	2.06%	2	2	93	93	0.007566176836782793	1	1	208	116	6	1	A
B4_BC16_191109_LF_LIB_consensus_vsearch	2110	A	R	329	9	2.61%	2	1	93	93	0.0018505754546696879	1	1	215	114	9	0	G
B4_BC16_191109_LF_LIB_consensus_vsearch	2117	A	R	318	10	2.93%	2	2	93	93	9.108978189109956E-4	1	1	202	116	9	1	G
B4_BC16_191109_LF_LIB_consensus_vsearch	2121	G	R	314	8	2.44%	2	1	93	93	0.003738132946844435	1	1	201	113	8	0	A
B4_BC16_191109_LF_LIB_consensus_vsearch	2122	C	M	325	9	2.65%	2	1	93	93	0.0018493650629926273	1	1	212	113	9	0	A
B4_BC16_191109_LF_LIB_consensus_vsearch	2128	G	R	257	71	21.52%	2	1	93	93	6.013726260678403E-24	1	1	155	102	71	0	A
B4_BC16_191109_LF_LIB_consensus_vsearch	2132	A	R	322	8	2.37%	2	2	93	93	0.0037421676966334643	1	1	207	115	6	2	G
B4_BC16_191109_LF_LIB_consensus_vsearch	2169	A	R	311	19	5.48%	2	1	93	93	1.460990473077939E-6	1	1	192	119	19	0	G
B4_BC16_191109_LF_LIB_consensus_vsearch	2170	C	S	329	7	2.05%	2	1	93	93	0.007569820177023291	1	1	209	120	7	0	G
B4_BC16_191109_LF_LIB_consensus_vsearch	2176	A	R	326	8	2.32%	2	2	93	93	0.0037441133177138837	1	1	209	117	7	1	G
B4_BC16_191109_LF_LIB_consensus_vsearch	2203	A	R	326	12	3.52%	2	2	93	93	2.2105614062094332E-4	1	1	211	115	11	1	G
B4_BC16_191109_LF_LIB_consensus_vsearch	2215	C	Y	329	9	2.63%	2	1	93	93	0.0018505754546696879	1	1	219	110	0	9	T
B4_BC16_191109_LF_LIB_consensus_vsearch	2225	C	Y	278	17	4.91%	2	1	93	93	6.01848523934676E-6	1	1	198	80	0	17	+G
B4_BC16_191109_LF_LIB_consensus_vsearch	2228	A	M	120	8	2.3%	2	2	93	93	0.0034899422840876464	1	1	77	43	7	1	+C
B4_BC16_191109_LF_LIB_consensus_vsearch	2228	A	R	120	15	4.31%	2	1	93	93	2.0229155500931873E-5	1	1	77	43	15	0	G
B4_BC16_191109_LF_LIB_consensus_vsearch	2229	C	S	278	12	3.99%	2	1	93	93	2.173788296643061E-4	1	1	164	114	12	0	G
B4_BC16_191109_LF_LIB_consensus_vsearch	2231	G	R	186	95	30.35%	2	2	93	93	1.681033746187261E-33	1	1	85	101	93	2	A
B4_BC16_191109_LF_LIB_consensus_vsearch	2231	G	S	186	23	7.35%	2	2	93	93	6.285558458128331E-8	1	1	85	101	16	7	A
B4_BC16_191109_LF_LIB_consensus_vsearch	2232	G	R	217	94	27.09%	2	2	93	93	1.236922838472537E-32	1	1	106	111	91	3	A
B4_BC16_191109_LF_LIB_consensus_vsearch	2237	C	Y	317	15	4.34%	2	2	93	93	2.5961812604793588E-5	1	1	204	113	11	4	T
B4_BC16_191109_LF_LIB_consensus_vsearch	2240	C	S	325	14	4.09%	2	1	93	93	5.322326576251538E-5	1	1	206	119	14	0	G
B4_BC16_191109_LF_LIB_consensus_vsearch	2268	A	R	331	8	2.31%	2	1	93	93	0.0037464814144769596	1	1	213	118	8	0	G
B4_BC16_191109_LF_LIB_consensus_vsearch	2270	A	R	329	9	2.59%	2	1	93	93	0.0018505754546696879	1	1	212	117	9	0	G
B4_BC16_191109_LF_LIB_consensus_vsearch	2272	C	Y	320	7	2.01%	2	2	93	93	0.007563182448808609	1	1	210	110	1	6	-GC
B4_BC16_191109_LF_LIB_consensus_vsearch	2279	T	Y	286	8	2.33%	2	2	93	93	0.0037223018487570997	1	1	221	65	2	6	+C
B4_BC16_191109_LF_LIB_consensus_vsearch	2280	G	R	323	9	2.67%	2	1	93	93	0.001848749091340749	1	1	216	107	9	0	A
B4_BC16_191109_LF_LIB_consensus_vsearch	2287	A	R	323	17	4.93%	2	2	93	93	6.215299213934263E-6	1	1	206	117	15	2	G
B4_BC16_191109_LF_LIB_consensus_vsearch	2289	C	Y	322	18	5.17%	2	2	93	93	3.027966283712481E-6	1	1	221	101	1	17	T
B4_BC16_191109_LF_LIB_consensus_vsearch	2296	G	R	243	69	21.56%	2	1	93	93	2.4554616222418418E-23	1	1	140	103	69	0	A
B4_BC16_191109_LF_LIB_consensus_vsearch	2299	T	Y	282	19	5.54%	2	2	93	93	1.4227706530900243E-6	1	1	176	106	5	14	C
B4_BC16_191109_LF_LIB_consensus_vsearch	2300	A	R	294	19	5.76%	2	2	93	93	1.4393467234009413E-6	1	1	176	118	18	1	G
B4_BC16_191109_LF_LIB_consensus_vsearch	2302	A	R	294	15	4.56%	2	1	93	93	2.5643782860570056E-5	1	1	174	120	15	0	G
B4_BC16_191109_LF_LIB_consensus_vsearch	2307	G	R	312	19	5.54%	2	2	93	93	1.4622018727214622E-6	1	1	204	108	16	3	A
B4_BC16_191109_LF_LIB_consensus_vsearch	2307	G	K	312	8	2.33%	2	2	93	93	0.0037370930678341757	1	1	204	108	1	7	A
B4_BC16_191109_LF_LIB_consensus_vsearch	2309	T	Y	320	8	2.4%	2	2	93	93	0.003741177272389607	1	1	221	99	2	6	C
B4_BC16_191109_LF_LIB_consensus_vsearch	2312	A	R	328	9	2.65%	2	1	93	93	0.0018502755113221137	1	1	211	117	9	0	G
B4_BC16_191109_LF_LIB_consensus_vsearch	2315	G	R	311	10	2.93%	2	1	93	93	9.09495348801856E-4	1	1	202	109	10	0	-CG
B4_BC16_191109_LF_LIB_consensus_vsearch	2317	G	R	303	18	5.41%	2	2	93	93	2.985697596766141E-6	1	1	195	108	16	2	A
B4_BC16_191109_LF_LIB_consensus_vsearch	2322	A	R	324	11	3.18%	2	2	93	93	4.4921049736342E-4	1	1	207	117	10	1	G
B4_BC16_191109_LF_LIB_consensus_vsearch	2326	T	Y	332	8	2.32%	2	1	93	93	0.0037469467580895535	1	1	223	109	0	8	C
B4_BC16_191109_LF_LIB_consensus_vsearch	2332	G	R	333	10	2.89%	2	2	93	93	9.137141362428344E-4	1	1	215	118	8	2	A
B4_BC16_191109_LF_LIB_consensus_vsearch	2356	G	R	332	7	2.03%	2	2	93	93	0.007571954906961894	1	1	218	114	4	3	A
B4_BC16_191109_LF_LIB_consensus_vsearch	2357	C	Y	317	8	2.36%	2	1	93	93	0.0037396690155496095	1	1	212	105	0	8	-GC
B4_BC16_191109_LF_LIB_consensus_vsearch	2358	G	R	324	7	2.1%	2	2	93	93	0.007566176836782793	1	1	209	115	6	1	A
B4_BC16_191109_LF_LIB_consensus_vsearch	2375	G	S	333	7	2.03%	2	1	93	93	0.007572658162744914	1	1	213	120	7	0	C
B4_BC16_191109_LF_LIB_consensus_vsearch	2377	A	R	334	9	2.6%	2	2	93	93	0.0018520493120850327	1	1	215	119	8	1	G
B4_BC16_191109_LF_LIB_consensus_vsearch	2381	G	R	328	13	3.81%	2	1	93	93	1.0864499740310097E-4	1	1	208	120	13	0	A
B4_BC16_191109_LF_LIB_consensus_vsearch	2385	A	R	301	36	10.43%	2	2	93	93	5.422336412220704E-12	1	1	183	118	35	1	G
B4_BC16_191109_LF_LIB_consensus_vsearch	2387	G	R	326	11	3.24%	2	1	93	93	4.4943643047913427E-4	1	1	209	117	11	0	A
B4_BC16_191109_LF_LIB_consensus_vsearch	2404	C	Y	335	9	2.59%	2	2	93	93	0.0018523390154232843	1	1	222	113	1	8	T
B4_BC16_191109_LF_LIB_consensus_vsearch	2405	A	R	334	11	3.18%	2	1	93	93	4.503146372766761E-4	1	1	213	121	11	0	G
B4_BC16_191109_LF_LIB_consensus_vsearch	2407	G	R	316	9	2.61%	2	2	93	93	0.0018465343892960751	1	1	198	118	7	2	A
B4_BC16_191109_LF_LIB_consensus_vsearch	2409	C	Y	281	14	4.13%	2	2	93	93	5.212197525614391E-5	1	1	173	108	7	7	T
B4_BC16_191109_LF_LIB_consensus_vsearch	2410	A	R	314	7	2.1%	2	1	93	93	0.007558551839045116	1	1	199	115	7	0	G
B4_BC16_191109_LF_LIB_consensus_vsearch	2412	G	R	267	7	2.47%	2	1	93	93	0.007515315152860378	1	1	190	77	7	0	A
B4_BC16_191109_LF_LIB_consensus_vsearch	2413	G	R	335	8	2.33%	2	1	93	93	0.0037483266674446895	1	1	217	118	8	0	A
B4_BC16_191109_LF_LIB_consensus_vsearch	2426	T	K	337	8	2.31%	2	1	93	93	0.0037492334037990153	1	1	219	118	8	0	G
B4_BC16_191109_LF_LIB_consensus_vsearch	2428	G	R	334	9	2.61%	2	1	93	93	0.0018520493120850327	1	1	216	118	9	0	A
B4_BC16_191109_LF_LIB_consensus_vsearch	2433	T	Y	250	9	2.6%	2	2	93	93	0.0018198788774539596	1	1	149	101	4	5	-A
B4_BC16_191109_LF_LIB_consensus_vsearch	2447	A	R	314	7	2.15%	2	2	93	93	0.007558551839045116	1	1	194	120	6	1	G
B4_BC16_191109_LF_LIB_consensus_vsearch	2448	T	K	334	8	2.33%	2	1	93	93	0.003747869361231707	1	1	214	120	8	0	G
B4_BC16_191109_LF_LIB_consensus_vsearch	2462	A	R	313	8	2.33%	2	1	93	93	0.0037376146101785516	1	1	208	105	8	0	-G
B4_BC16_191109_LF_LIB_consensus_vsearch	2473	G	R	309	14	4.03%	2	2	93	93	5.285570700439046E-5	1	1	213	96	1	13	-CG
B4_BC16_191109_LF_LIB_consensus_vsearch	2474	C	Y	295	29	8.87%	2	2	93	93	9.669577246900832E-10	1	1	214	81	2	27	T
B4_BC16_191109_LF_LIB_consensus_vsearch	2485	T	Y	325	8	2.32%	2	2	93	93	0.0037436312504308135	1	1	211	114	6	2	C
B4_BC16_191109_LF_LIB_consensus_vsearch	2491	C	M	287	10	2.89%	2	1	93	93	9.04196359570001E-4	1	1	180	107	10	0	A
B4_BC16_191109_LF_LIB_consensus_vsearch	2495	G	R	311	11	3.32%	2	1	93	93	4.476753933055673E-4	1	1	191	120	11	0	A
B4_BC16_191109_LF_LIB_consensus_vsearch	2496	C	M	319	14	4.12%	2	2	93	93	5.308936218245976E-5	1	1	204	115	13	1	A
B4_BC16_191109_LF_LIB_consensus_vsearch	2497	C	Y	321	17	4.9%	2	2	93	93	6.207574730061025E-6	1	1	205	116	16	1	T
B4_BC16_191109_LF_LIB_consensus_vsearch	2518	G	S	277	8	2.61%	2	1	93	93	0.003716560439832168	1	1	201	76	8	0	C
B4_BC16_191109_LF_LIB_consensus_vsearch	2543	A	R	317	7	2.08%	2	2	93	93	0.007560888445766803	1	1	215	102	2	5	+G
B4_BC16_191109_LF_LIB_consensus_vsearch	2544	T	Y	305	14	4.11%	2	2	93	93	5.2758358495960476E-5	1	1	220	85	1	13	-G
B4_BC16_191109_LF_LIB_consensus_vsearch	2563	A	R	319	16	4.61%	2	2	93	93	1.2702420758458036E-5	1	1	210	109	15	1	G
B4_BC16_191109_LF_LIB_consensus_vsearch	2566	G	R	320	9	2.59%	2	1	93	93	0.001847811301201213	1	1	213	107	9	0	A
B4_BC16_191109_LF_LIB_consensus_vsearch	2567	T	W	323	7	2.06%	2	1	93	93	0.007565435002783988	1	1	217	106	0	7	A
B4_BC16_191109_LF_LIB_consensus_vsearch	2577	G	S	315	8	2.35%	2	1	93	93	0.003738648107284543	1	1	195	120	8	0	C
B4_BC16_191109_LF_LIB_consensus_vsearch	2589	A	R	325	17	4.96%	2	1	93	93	6.22294053128114E-6	1	1	206	119	17	0	G
B4_BC16_191109_LF_LIB_consensus_vsearch	2600	G	R	318	13	3.78%	2	1	93	93	1.0825586010679157E-4	1	1	201	117	13	0	A
B4_BC16_191109_LF_LIB_consensus_vsearch	2604	C	Y	319	8	2.37%	2	2	93	93	0.0037406775635562078	1	1	207	112	5	3	T
B4_BC16_191109_LF_LIB_consensus_vsearch	2608	T	W	327	11	3.22%	2	1	93	93	4.495484205286572E-4	1	1	208	119	11	0	A
B4_BC16_191109_LF_LIB_consensus_vsearch	2612	A	R	314	11	3.33%	2	2	93	93	4.480402523169095E-4	1	1	196	118	10	1	G
B4_BC16_191109_LF_LIB_consensus_vsearch	2628	C	Y	325	7	2.01%	2	2	93	93	0.007566914229586403	1	1	214	111	2	5	T
B4_BC16_191109_LF_LIB_consensus_vsearch	2650	G	S	312	11	3.25%	2	1	93	93	4.477977454555571E-4	1	1	196	116	11	0	C
B4_BC16_191109_LF_LIB_consensus_vsearch	2654	G	R	295	31	9.04%	2	1	93	93	2.202952333377799E-10	1	1	184	111	31	0	A
B4_BC16_191109_LF_LIB_consensus_vsearch	2656	A	R	283	36	10.78%	2	2	93	93	5.111405609176685E-12	1	1	179	104	35	1	G
B4_BC16_191109_LF_LIB_consensus_vsearch	2670	C	Y	336	8	2.3%	2	2	93	93	0.0037487813407406246	1	1	220	116	4	4	T
B4_BC16_191109_LF_LIB_consensus_vsearch	2671	C	Y	287	12	3.45%	2	2	93	93	2.1815488790143922E-4	1	1	205	82	3	9	-GC
B4_BC16_191109_LF_LIB_consensus_vsearch	2672	G	R	299	21	6.44%	2	1	93	93	3.3972292509382806E-7	1	1	183	116	21	0	A
B4_BC16_191109_LF_LIB_consensus_vsearch	2674	A	R	333	7	2.03%	2	2	93	93	0.007572658162744914	1	1	214	119	6	1	G
B4_BC16_191109_LF_LIB_consensus_vsearch	2692	C	S	301	22	6.51%	2	2	93	93	1.646890449862487E-7	1	1	186	115	21	1	G
B4_BC16_191109_LF_LIB_consensus_vsearch	2696	G	R	326	11	3.22%	2	1	93	93	4.4943643047913427E-4	1	1	205	121	11	0	A
B4_BC16_191109_LF_LIB_consensus_vsearch	2707	G	R	325	8	2.33%	2	2	93	93	0.0037436312504308135	1	1	208	117	6	2	+A
B4_BC16_191109_LF_LIB_consensus_vsearch	2715	C	Y	334	10	2.89%	2	2	93	93	9.138933286702405E-4	1	1	220	114	4	6	T
B4_BC16_191109_LF_LIB_consensus_vsearch	2723	G	R	321	15	4.39%	2	2	93	93	2.6012942244639928E-5	1	1	204	117	14	1	A
B4_BC16_191109_LF_LIB_consensus_vsearch	2730	A	R	325	11	3.21%	2	2	93	93	4.4932379130995447E-4	1	1	217	108	7	4	G
B4_BC16_191109_LF_LIB_consensus_vsearch	2736	G	R	264	27	7.85%	2	2	93	93	3.959784069443287E-9	1	1	146	118	26	1	+A
B4_BC16_191109_LF_LIB_consensus_vsearch	2737	G	R	312	34	9.77%	2	1	93	93	2.4821580885233094E-11	1	1	192	120	34	0	A
B4_BC16_191109_LF_LIB_consensus_vsearch	2741	G	R	279	18	6.02%	2	1	93	93	2.9253851427648433E-6	1	1	204	75	18	0	A
B4_BC16_191109_LF_LIB_consensus_vsearch	2745	C	Y	321	11	3.2%	2	2	93	93	4.4886662930169725E-4	1	1	219	102	1	10	T
B4_BC16_191109_LF_LIB_consensus_vsearch	2749	T	Y	331	7	2.06%	2	2	93	93	0.007571247515222922	1	1	222	109	3	4	C
B4_BC16_191109_LF_LIB_consensus_vsearch	2750	T	Y	331	8	2.31%	2	1	93	93	0.0037464814144769596	1	1	221	110	0	8	C
B4_BC16_191109_LF_LIB_consensus_vsearch	2752	A	R	331	7	2.03%	2	1	93	93	0.007571247515222922	1	1	217	114	7	0	G
B4_BC16_191109_LF_LIB_consensus_vsearch	2760	T	Y	326	18	5.22%	2	2	93	93	3.0363241491957594E-6	1	1	222	104	3	15	C
B4_BC16_191109_LF_LIB_consensus_vsearch	2770	A	R	324	8	2.39%	2	1	93	93	0.0037431463083990673	1	1	205	119	8	0	G
B4_BC16_191109_LF_LIB_consensus_vsearch	2776	A	R	322	12	3.5%	2	2	93	93	2.2078871135836308E-4	1	1	209	113	7	5	G
B4_BC16_191109_LF_LIB_consensus_vsearch	2781	G	R	337	7	2.02%	2	1	93	93	0.0075754305431544305	1	1	216	121	7	0	A
B4_BC16_191109_LF_LIB_consensus_vsearch	2782	C	Y	335	8	2.31%	2	2	93	93	0.0037483266674446895	1	1	223	112	1	7	T
B4_BC16_191109_LF_LIB_consensus_vsearch	2787	C	S	282	7	2.01%	2	1	93	93	0.007530631093034971	1	1	219	63	0	7	+A
B4_BC16_191109_LF_LIB_consensus_vsearch	2787	C	Y	282	33	9.48%	2	2	93	93	4.808867048844375E-11	1	1	219	63	1	32	T
B4_BC16_191109_LF_LIB_consensus_vsearch	2789	T	Y	326	9	2.65%	2	2	93	93	0.001849670331098783	1	1	223	103	2	7	C
B4_BC16_191109_LF_LIB_consensus_vsearch	2794	A	R	303	19	5.59%	2	2	93	93	1.451058318800542E-6	1	1	193	110	11	8	G
B4_BC16_191109_LF_LIB_consensus_vsearch	2795	T	Y	311	19	5.6%	2	2	93	93	1.460990473077939E-6	1	1	203	108	10	9	C
B4_BC16_191109_LF_LIB_consensus_vsearch	2797	A	R	320	7	2.08%	2	2	93	93	0.007563182448808609	1	1	201	119	6	1	G
B4_BC16_191109_LF_LIB_consensus_vsearch	2802	A	R	317	20	5.83%	2	2	93	93	7.13356662328966E-7	1	1	200	117	19	1	G
B4_BC16_191109_LF_LIB_consensus_vsearch	2808	A	R	330	8	2.33%	2	2	93	93	0.0037460133446050297	1	1	216	114	7	1	G
B4_BC16_191109_LF_LIB_consensus_vsearch	2817	T	Y	323	13	3.86%	2	2	93	93	1.084532050266728E-4	1	1	226	97	1	12	C
B4_BC16_191109_LF_LIB_consensus_vsearch	2818	T	Y	311	13	3.76%	2	2	93	93	1.0796978097540301E-4	1	1	214	97	1	12	C
B4_BC16_191109_LF_LIB_consensus_vsearch	2840	T	Y	326	8	2.34%	2	1	93	93	0.0037441133177138837	1	1	221	105	0	8	C
B4_BC16_191109_LF_LIB_consensus_vsearch	2845	T	Y	334	8	2.32%	2	2	93	93	0.003747869361231707	1	1	215	119	7	1	C
B4_BC16_191109_LF_LIB_consensus_vsearch	2850	C	Y	310	30	8.7%	2	1	93	93	4.770686433030677E-10	1	1	222	88	0	30	T
B4_BC16_191109_LF_LIB_consensus_vsearch	2859	G	R	325	11	3.24%	2	1	93	93	4.4932379130995447E-4	1	1	212	113	11	0	A
B4_BC16_191109_LF_LIB_consensus_vsearch	2870	T	Y	314	11	3.22%	2	2	93	93	4.480402523169095E-4	1	1	220	94	1	10	C
B4_BC16_191109_LF_LIB_consensus_vsearch	2872	T	Y	319	11	3.27%	2	2	93	93	4.486340033261247E-4	1	1	218	101	3	8	C
B4_BC16_191109_LF_LIB_consensus_vsearch	2877	A	R	320	12	3.56%	2	2	93	93	2.2065266157105093E-4	1	1	202	118	10	2	G
B4_BC16_191109_LF_LIB_consensus_vsearch	2878	T	K	324	10	2.92%	2	1	93	93	9.120540902472859E-4	1	1	207	117	10	0	G
B4_BC16_191109_LF_LIB_consensus_vsearch	2880	G	R	332	12	3.47%	2	1	93	93	2.214460024514316E-4	1	1	212	120	12	0	A
B4_BC16_191109_LF_LIB_consensus_vsearch	2882	C	M	333	8	2.33%	2	1	93	93	0.003747409399187016	1	1	214	119	8	0	A
B4_BC16_191109_LF_LIB_consensus_vsearch	2890	G	R	325	9	2.62%	2	1	93	93	0.0018493650629926273	1	1	209	116	9	0	A
B4_BC16_191109_LF_LIB_consensus_vsearch	2893	T	W	285	7	2.09%	2	2	93	93	0.007533506790877374	1	1	190	95	2	5	+A
B4_BC16_191109_LF_LIB_consensus_vsearch	2893	T	Y	285	12	3.58%	2	2	93	93	2.1798634127364526E-4	1	1	190	95	5	7	C
B4_BC16_191109_LF_LIB_consensus_vsearch	2894	A	M	285	11	3.25%	2	2	93	93	4.442127160666276E-4	1	1	182	103	5	6	+C
B4_BC16_191109_LF_LIB_consensus_vsearch	2895	G	R	273	53	15.77%	2	1	93	93	1.1113980301743661E-17	1	1	159	114	53	0	A
B4_BC16_191109_LF_LIB_consensus_vsearch	2900	T	Y	319	12	3.54%	2	2	93	93	2.2058404097008725E-4	1	1	211	108	6	6	C
B4_BC16_191109_LF_LIB_consensus_vsearch	2902	C	Y	309	11	3.23%	2	2	93	93	4.4742845820105635E-4	1	1	212	97	2	9	T
B4_BC16_191109_LF_LIB_consensus_vsearch	2903	G	R	319	7	2.1%	2	1	93	93	0.007562422442723779	1	1	209	110	7	0	A
B4_BC16_191109_LF_LIB_consensus_vsearch	2904	G	R	300	17	4.96%	2	2	93	93	6.12108596427026E-6	1	1	189	111	16	1	A
B4_BC16_191109_LF_LIB_consensus_vsearch	2907	C	Y	332	10	2.88%	2	2	93	93	9.135339164919169E-4	1	1	216	116	6	4	T
B4_BC16_191109_LF_LIB_consensus_vsearch	2918	A	R	323	8	2.31%	2	2	93	93	0.003742658465833677	1	1	214	109	7	1	-G
B4_BC16_191109_LF_LIB_consensus_vsearch	2926	A	R	326	7	2.03%	2	2	93	93	0.007567647220958338	1	1	209	117	5	2	G
B4_BC16_191109_LF_LIB_consensus_vsearch	2927	C	S	337	7	2.02%	2	2	93	93	0.0075754305431544305	1	1	219	118	5	2	G
B4_BC16_191109_LF_LIB_consensus_vsearch	2933	T	Y	318	16	4.64%	2	1	93	93	1.269528226105059E-5	1	1	224	94	0	16	C
B4_BC16_191109_LF_LIB_consensus_vsearch	2938	T	K	307	21	6.34%	2	2	93	93	3.4263628283089513E-7	1	1	192	115	20	1	G
B4_BC16_191109_LF_LIB_consensus_vsearch	2942	C	Y	311	14	4.13%	2	2	93	93	5.2903529044944014E-5	1	1	206	105	5	9	T
B4_BC16_191109_LF_LIB_consensus_vsearch	2944	A	R	333	7	2.03%	2	2	93	93	0.007572658162744914	1	1	214	119	5	2	G
B4_BC16_191109_LF_LIB_consensus_vsearch	2954	C	Y	331	7	2.06%	2	1	93	93	0.007571247515222922	1	1	218	113	0	7	T
B4_BC16_191109_LF_LIB_consensus_vsearch	2964	C	Y	318	8	2.37%	2	2	93	93	0.0037401748205127794	1	1	218	100	1	7	T
B4_BC16_191109_LF_LIB_consensus_vsearch	2971	C	Y	334	10	2.88%	2	2	93	93	9.138933286702405E-4	1	1	222	112	3	7	T
B4_BC16_191109_LF_LIB_consensus_vsearch	2977	C	M	290	11	3.16%	2	1	93	93	4.4492370861438376E-4	1	1	192	98	11	0	A
B4_BC16_191109_LF_LIB_consensus_vsearch	2977	C	Y	290	19	5.46%	2	2	93	93	1.433947847035464E-6	1	1	192	98	1	18	T
B4_BC16_191109_LF_LIB_consensus_vsearch	2978	G	R	330	7	2.06%	2	1	93	93	0.007570535950912546	1	1	214	116	7	0	A
B4_BC16_191109_LF_LIB_consensus_vsearch	2979	G	R	19	45	13.12%	2	2	93	93	1.0672517330895343E-19	1	1	16	3	29	16	+A
B4_BC16_191109_LF_LIB_consensus_vsearch	2981	G	R	322	11	3.25%	2	1	93	93	4.4898192218289514E-4	1	1	208	114	11	0	A
B4_BC16_191109_LF_LIB_consensus_vsearch	2982	C	Y	321	8	2.33%	2	2	93	93	0.0037416739743984825	1	1	214	107	4	4	T
B4_BC16_191109_LF_LIB_consensus_vsearch	2983	G	R	283	52	15.25%	2	2	93	93	2.5958501336172992E-17	1	1	170	113	50	2	A
B4_BC16_191109_LF_LIB_consensus_vsearch	2989	A	R	281	17	4.9%	2	1	93	93	6.033286570939342E-6	1	1	167	114	17	0	-C
B4_BC16_191109_LF_LIB_consensus_vsearch	2992	C	Y	322	19	5.51%	2	1	93	93	1.473965966300238E-6	1	1	222	100	0	19	T
B4_BC16_191109_LF_LIB_consensus_vsearch	2995	T	Y	315	18	5.39%	2	2	93	93	3.0129020844648846E-6	1	1	214	101	1	17	C
B4_BC16_191109_LF_LIB_consensus_vsearch	3004	A	R	309	8	2.3%	2	2	93	93	0.0037355089065581964	1	1	195	114	7	1	-C
B4_BC16_191109_LF_LIB_consensus_vsearch	3008	T	W	304	10	3.1%	2	1	93	93	9.080316886694397E-4	1	1	194	110	10	0	A
B4_BC16_191109_LF_LIB_consensus_vsearch	3009	T	Y	315	12	3.5%	2	2	93	93	2.2030550515116014E-4	1	1	198	117	11	1	C
B4_BC16_191109_LF_LIB_consensus_vsearch	3020	T	Y	173	139	41.25%	2	2	93	93	2.8646594125685575E-51	1	1	102	71	94	45	C
B4_BC16_191109_LF_LIB_consensus_vsearch	3021	G	R	99	7	2.15%	2	1	93	93	0.007053464356056319	1	1	93	6	7	0	+A
B4_BC16_191109_LF_LIB_consensus_vsearch	3022	G	R	240	89	26.81%	2	2	93	93	1.6214266997896006E-30	1	1	122	118	86	3	A
B4_BC16_191109_LF_LIB_consensus_vsearch	3023	G	R	323	10	2.99%	2	1	93	93	9.118642134740773E-4	1	1	202	121	10	0	A
B4_BC16_191109_LF_LIB_consensus_vsearch	3025	A	R	325	7	2.1%	2	1	93	93	0.007566914229586403	1	1	217	108	0	7	G
B4_BC16_191109_LF_LIB_consensus_vsearch	3027	A	R	329	13	3.76%	2	2	93	93	1.0868271011253566E-4	1	1	215	114	11	2	G
B4_BC16_191109_LF_LIB_consensus_vsearch	3028	C	Y	330	11	3.16%	2	2	93	93	4.498805515561457E-4	1	1	217	113	6	5	T
B4_BC16_191109_LF_LIB_consensus_vsearch	3029	A	R	334	8	2.31%	2	2	93	93	0.003747869361231707	1	1	218	116	6	2	G
B4_BC16_191109_LF_LIB_consensus_vsearch	3034	C	Y	333	10	2.87%	2	2	93	93	9.137141362428344E-4	1	1	220	113	5	5	T
B4_BC16_191109_LF_LIB_consensus_vsearch	3036	A	R	323	21	6.05%	2	1	93	93	3.4811017857401133E-7	1	1	205	118	21	0	G
B4_BC16_191109_LF_LIB_consensus_vsearch	3048	G	R	316	16	4.66%	2	1	93	93	1.2680885355504453E-5	1	1	201	115	16	0	A
B4_BC16_191109_LF_LIB_consensus_vsearch	3071	A	R	324	14	4.05%	2	1	93	93	5.320126228626518E-5	1	1	205	119	14	0	G
B4_BC16_191109_LF_LIB_consensus_vsearch	3089	C	Y	320	12	3.48%	2	2	93	93	2.2065266157105093E-4	1	1	211	109	3	9	T
B4_BC16_191109_LF_LIB_consensus_vsearch	3094	T	Y	316	7	2.05%	2	2	93	93	0.007560114368843736	1	1	203	113	1	6	+A
B4_BC16_191109_LF_LIB_consensus_vsearch	3101	G	R	328	7	2.06%	2	1	93	93	0.007569100156087223	1	1	209	119	7	0	A
B4_BC16_191109_LF_LIB_consensus_vsearch	3102	G	R	325	8	2.32%	2	1	93	93	0.0037436312504308135	1	1	204	121	8	0	A
B4_BC16_191109_LF_LIB_consensus_vsearch	3108	C	Y	323	7	2.08%	2	2	93	93	0.007565435002783988	1	1	205	118	5	2	T
B4_BC16_191109_LF_LIB_consensus_vsearch	3118	C	Y	333	7	2.03%	2	1	93	93	0.007572658162744914	1	1	222	111	0	7	T
B4_BC16_191109_LF_LIB_consensus_vsearch	3159	A	R	336	7	2.03%	2	2	93	93	0.007574743473790617	1	1	218	118	6	1	G
B4_BC16_191109_LF_LIB_consensus_vsearch	3173	T	Y	325	7	2.03%	2	2	93	93	0.007566914229586403	1	1	210	115	5	2	+A
B4_BC16_191109_LF_LIB_consensus_vsearch	3175	A	R	301	11	3.27%	2	2	93	93	4.4640995539823236E-4	1	1	184	117	10	1	-G
B4_BC16_191109_LF_LIB_consensus_vsearch	3183	C	Y	330	7	2.02%	2	1	93	93	0.007570535950912546	1	1	222	108	0	7	T
B4_BC16_191109_LF_LIB_consensus_vsearch	3187	T	Y	331	14	4.06%	2	2	93	93	5.335273789111363E-5	1	1	224	107	1	13	C
B4_BC16_191109_LF_LIB_consensus_vsearch	3201	G	R	328	7	2.03%	2	1	93	93	0.007569100156087223	1	1	209	119	7	0	A
B4_BC16_191109_LF_LIB_consensus_vsearch	3203	C	Y	309	11	3.16%	2	2	93	93	4.4742845820105635E-4	1	1	201	108	2	9	+A
B4_BC16_191109_LF_LIB_consensus_vsearch	3204	G	S	314	16	4.65%	2	1	93	93	1.2666326326030209E-5	1	1	193	121	16	0	C
B4_BC16_191109_LF_LIB_consensus_vsearch	3219	G	R	316	23	6.74%	2	2	93	93	8.103168148299398E-8	1	1	199	117	22	1	A
B4_BC16_191109_LF_LIB_consensus_vsearch	3221	T	Y	320	15	4.42%	2	2	93	93	2.6000267489939627E-5	1	1	216	104	1	14	C
B4_BC16_191109_LF_LIB_consensus_vsearch	3223	G	K	295	39	11.24%	2	1	93	93	5.601348626867015E-13	1	1	180	115	39	0	T
B4_BC16_191109_LF_LIB_consensus_vsearch	3244	T	Y	311	10	2.88%	2	2	93	93	9.09495348801856E-4	1	1	200	111	9	1	C
B4_BC16_191109_LF_LIB_consensus_vsearch	3248	T	Y	328	8	2.37%	2	1	93	93	0.003745068929689065	1	1	219	109	0	8	C
B4_BC16_191109_LF_LIB_consensus_vsearch	3259	C	Y	325	10	2.87%	2	2	93	93	9.122428561847083E-4	1	1	215	110	3	7	T
B4_BC16_191109_LF_LIB_consensus_vsearch	3263	C	Y	333	8	2.31%	2	2	93	93	0.003747409399187016	1	1	217	116	4	4	T
B4_BC16_191109_LF_LIB_consensus_vsearch	3269	C	Y	239	7	2.83%	2	2	93	93	0.0074817700326852326	1	1	169	70	2	5	T
B4_BC16_191109_LF_LIB_consensus_vsearch	3289	T	Y	310	10	2.95%	2	2	93	93	9.092900924742661E-4	1	1	202	108	7	3	C
B4_BC16_191109_LF_LIB_consensus_vsearch	3295	C	M	333	7	2.02%	2	2	93	93	0.007572658162744914	1	1	223	110	1	6	A
B4_BC16_191109_LF_LIB_consensus_vsearch	3298	T	Y	86	24	6.94%	2	2	93	93	1.4582127967347809E-8	1	1	51	35	15	9	+AC
B4_BC16_191109_LF_LIB_consensus_vsearch	3299	G	R	254	81	23.55%	2	2	93	93	1.667769103744276E-27	1	1	171	83	46	35	A
B4_BC16_191109_LF_LIB_consensus_vsearch	3301	C	S	332	8	2.3%	2	2	93	93	0.0037469467580895535	1	1	220	112	4	4	G
B4_BC16_191109_LF_LIB_consensus_vsearch	3303	C	Y	318	28	8.05%	2	2	93	93	2.108831309377404E-9	1	1	224	94	2	26	T
B4_BC16_191109_LF_LIB_consensus_vsearch	3304	C	Y	311	20	5.75%	2	2	93	93	7.09497642750373E-7	1	1	213	98	2	18	T
B4_BC16_191109_LF_LIB_consensus_vsearch	3308	C	Y	322	8	2.33%	2	2	93	93	0.0037421676966334643	1	1	215	107	3	5	T
B4_BC16_191109_LF_LIB_consensus_vsearch	3310	C	Y	321	7	2.04%	2	2	93	93	0.007563937849782871	1	1	215	106	4	3	T
B4_BC16_191109_LF_LIB_consensus_vsearch	3321	G	R	324	9	2.69%	2	1	93	93	0.001849057988431908	1	1	204	120	9	0	A
B4_BC16_191109_LF_LIB_consensus_vsearch	3326	C	Y	314	11	3.19%	2	2	93	93	4.480402523169095E-4	1	1	210	104	1	10	T
B4_BC16_191109_LF_LIB_consensus_vsearch	3348	A	R	333	10	2.87%	2	1	93	93	9.137141362428344E-4	1	1	214	119	10	0	G
B4_BC16_191109_LF_LIB_consensus_vsearch	3362	A	R	332	8	2.35%	2	1	93	93	0.0037469467580895535	1	1	217	115	8	0	G
B4_BC16_191109_LF_LIB_consensus_vsearch	3363	A	R	318	28	8.05%	2	1	93	93	2.108831309377404E-9	1	1	197	121	28	0	G
B4_BC16_191109_LF_LIB_consensus_vsearch	3365	G	R	331	12	3.48%	2	1	93	93	2.2138194180680858E-4	1	1	211	120	12	0	A
B4_BC16_191109_LF_LIB_consensus_vsearch	3371	T	Y	310	14	4.22%	2	2	93	93	5.287968800527864E-5	1	1	213	97	5	9	C
B4_BC16_191109_LF_LIB_consensus_vsearch	3376	C	S	335	8	2.31%	2	2	93	93	0.0037483266674446895	1	1	216	119	7	1	G
B4_BC16_191109_LF_LIB_consensus_vsearch	3379	T	Y	330	9	2.62%	2	2	93	93	0.0018508736540161308	1	1	215	115	6	3	C
B4_BC16_191109_LF_LIB_consensus_vsearch	3397	A	R	313	7	2.01%	2	2	93	93	0.0075577632969213195	1	1	194	119	6	1	+C
B4_BC16_191109_LF_LIB_consensus_vsearch	3400	T	Y	322	13	3.78%	2	2	93	93	1.0841418786432788E-4	1	1	221	101	2	11	C
B4_BC16_191109_LF_LIB_consensus_vsearch	3406	A	R	329	10	2.89%	2	1	93	93	9.129870042240381E-4	1	1	209	120	10	0	G
B4_BC16_191109_LF_LIB_consensus_vsearch	3407	T	Y	312	7	2.05%	2	2	93	93	0.007556969842859696	1	1	200	112	1	6	-G
B4_BC16_191109_LF_LIB_consensus_vsearch	3413	C	Y	335	7	2.02%	2	2	93	93	0.0075740524106117915	1	1	224	111	1	6	T
B4_BC16_191109_LF_LIB_consensus_vsearch	3417	C	Y	300	14	4.05%	2	1	93	93	5.263337128991013E-5	1	1	217	83	0	14	-T
B4_BC16_191109_LF_LIB_consensus_vsearch	3419	T	Y	318	17	5%	2	2	93	93	6.1958290855395706E-6	1	1	218	100	4	13	C
B4_BC16_191109_LF_LIB_consensus_vsearch	3422	C	Y	328	11	3.17%	2	2	93	93	4.4965976705035063E-4	1	1	221	107	1	10	T
B4_BC16_191109_LF_LIB_consensus_vsearch	3424	A	R	314	27	7.78%	2	1	93	93	4.360894798012532E-9	1	1	196	118	27	0	G
B4_BC16_191109_LF_LIB_consensus_vsearch	3426	T	Y	333	8	2.31%	2	1	93	93	0.003747409399187016	1	1	223	110	0	8	C
B4_BC16_191109_LF_LIB_consensus_vsearch	3439	G	R	322	20	5.81%	2	1	93	93	7.164812603389658E-7	1	1	205	117	20	0	A
B4_BC16_191109_LF_LIB_consensus_vsearch	3443	G	R	332	10	2.89%	2	1	93	93	9.135339164919169E-4	1	1	213	119	10	0	A
B4_BC16_191109_LF_LIB_consensus_vsearch	3449	T	W	299	8	2.41%	2	2	93	93	0.003730007204504208	1	1	206	93	6	2	+G
B4_BC16_191109_LF_LIB_consensus_vsearch	3451	A	R	86	13	3.81%	2	1	93	93	8.014173981261941E-5	1	1	82	4	13	0	+G
B4_BC16_191109_LF_LIB_consensus_vsearch	3456	A	W	270	9	3.02%	2	2	93	93	0.001829264549546966	1	1	157	113	8	1	T
B4_BC16_191109_LF_LIB_consensus_vsearch	3457	C	S	267	10	3.06%	2	1	93	93	8.990961781053044E-4	1	1	150	117	10	0	G
B4_BC16_191109_LF_LIB_consensus_vsearch	3457	C	Y	267	34	10.4%	2	1	93	93	2.1685386300658634E-11	1	1	150	117	34	0	T
B4_BC16_191109_LF_LIB_consensus_vsearch	3458	A	R	259	43	13.03%	2	1	93	93	2.273072883572498E-14	1	1	153	106	43	0	G
B4_BC16_191109_LF_LIB_consensus_vsearch	3458	A	W	259	8	2.42%	2	1	93	93	0.003703931063382389	1	1	153	106	8	0	G
B4_BC16_191109_LF_LIB_consensus_vsearch	3459	G	R	302	12	3.64%	2	1	93	93	2.1935299970804329E-4	1	1	196	106	12	0	A
B4_BC16_191109_LF_LIB_consensus_vsearch	3459	G	K	302	8	2.42%	2	2	93	93	0.003731694581518785	1	1	196	106	6	2	A
B4_BC16_191109_LF_LIB_consensus_vsearch	3485	G	R	334	10	2.88%	2	1	93	93	9.138933286702405E-4	1	1	214	120	10	0	A
B4_BC16_191109_LF_LIB_consensus_vsearch	3487	T	Y	332	11	3.19%	2	2	93	93	4.500988274684685E-4	1	1	222	110	2	9	C
B4_BC16_191109_LF_LIB_consensus_vsearch	3491	C	M	300	8	2.56%	2	1	93	93	0.0037305732760555144	1	1	184	116	8	0	A
B4_BC16_191109_LF_LIB_consensus_vsearch	3492	C	M	313	10	2.97%	2	1	93	93	9.099021281461609E-4	1	1	196	117	10	0	A
B4_BC16_191109_LF_LIB_consensus_vsearch	3492	C	Y	313	12	3.56%	2	2	93	93	2.2016375465967462E-4	1	1	196	117	11	1	T
B4_BC16_191109_LF_LIB_consensus_vsearch	3493	C	Y	317	23	6.67%	2	2	93	93	8.112692739312589E-8	1	1	200	117	21	2	T
B4_BC16_191109_LF_LIB_consensus_vsearch	3494	C	Y	209	41	11.78%	2	2	93	93	7.616319129361186E-14	1	1	120	89	24	17	-G
B4_BC16_191109_LF_LIB_consensus_vsearch	3495	G	K	230	14	5.17%	2	2	93	93	5.038248401810262E-5	1	1	113	117	13	1	-A
B4_BC16_191109_LF_LIB_consensus_vsearch	3499	A	M	102	11	3.21%	2	2	93	93	3.7825617668350777E-4	1	1	64	38	9	2	-CC
B4_BC16_191109_LF_LIB_consensus_vsearch	3505	T	Y	327	7	2.05%	2	1	93	93	0.007568375850183275	1	1	206	121	7	0	C
B4_BC16_191109_LF_LIB_consensus_vsearch	3508	A	R	332	9	2.61%	2	2	93	93	0.0018514648811998652	1	1	215	117	8	1	G
B4_BC16_191109_LF_LIB_consensus_vsearch	3512	T	K	323	9	2.69%	2	1	93	93	0.001848749091340749	1	1	207	116	9	0	G
B4_BC16_191109_LF_LIB_consensus_vsearch	3530	A	R	338	7	2.02%	2	2	93	93	0.007576113653235487	1	1	219	119	6	1	G
B4_BC16_191109_LF_LIB_consensus_vsearch	3534	C	S	276	54	15.79%	2	1	93	93	5.2282518420812954E-18	1	1	162	114	54	0	G
B4_BC16_191109_LF_LIB_consensus_vsearch	3545	C	Y	289	10	3.23%	2	1	93	93	9.046697002188961E-4	1	1	195	94	0	10	T
B4_BC16_191109_LF_LIB_consensus_vsearch	3546	C	Y	330	13	3.77%	2	2	93	93	1.0872021177752496E-4	1	1	221	109	3	10	T
B4_BC16_191109_LF_LIB_consensus_vsearch	3547	C	Y	333	7	2.02%	2	2	93	93	0.007572658162744914	1	1	221	112	1	6	T
B4_BC16_191109_LF_LIB_consensus_vsearch	3548	G	R	332	7	2.02%	2	2	93	93	0.007571954906961894	1	1	220	112	1	6	A
B4_BC16_191109_LF_LIB_consensus_vsearch	3550	G	R	332	7	2.05%	2	1	93	93	0.007571954906961894	1	1	217	115	7	0	A
B4_BC16_191109_LF_LIB_consensus_vsearch	3562	A	R	338	7	2.02%	2	2	93	93	0.007576113653235487	1	1	220	118	6	1	G
B4_BC16_191109_LF_LIB_consensus_vsearch	3569	G	R	334	7	2.03%	2	2	93	93	0.007573357318712367	1	1	216	118	6	1	A
B4_BC16_191109_LF_LIB_consensus_vsearch	3623	G	R	282	10	3.38%	2	2	93	93	9.029852959566547E-4	1	1	173	109	6	4	A
B4_BC16_191109_LF_LIB_consensus_vsearch	3627	T	Y	317	8	2.4%	2	1	93	93	0.0037396690155496095	1	1	210	107	0	8	C
B4_BC16_191109_LF_LIB_consensus_vsearch	3635	A	R	277	26	7.56%	2	1	93	93	8.511321733299834E-9	1	1	168	109	26	0	G
B4_BC16_191109_LF_LIB_consensus_vsearch	3638	C	Y	329	9	2.61%	2	2	93	93	0.0018505754546696879	1	1	214	115	3	6	T
B4_BC16_191109_LF_LIB_consensus_vsearch	3639	C	Y	307	22	6.34%	2	2	93	93	1.6584221908721624E-7	1	1	208	99	4	18	T
B4_BC16_191109_LF_LIB_consensus_vsearch	3641	A	R	150	9	2.69%	2	1	93	93	0.0017386339909437924	1	1	131	19	9	0	+G
B4_BC16_191109_LF_LIB_consensus_vsearch	3653	T	Y	271	14	4.17%	2	2	93	93	5.1827045630533664E-5	1	1	171	100	6	8	C
B4_BC16_191109_LF_LIB_consensus_vsearch	3656	G	R	230	22	8.46%	2	1	93	93	1.476896968834557E-7	1	1	129	101	22	0	A
B4_BC16_191109_LF_LIB_consensus_vsearch	3657	G	R	313	17	5.07%	2	1	93	93	6.175817494362356E-6	1	1	197	116	17	0	A
B4_BC16_191109_LF_LIB_consensus_vsearch	3658	G	R	303	28	8.09%	2	2	93	93	2.052818811734648E-9	1	1	186	117	27	1	A
B4_BC16_191109_LF_LIB_consensus_vsearch	3659	G	R	323	8	2.3%	2	2	93	93	0.003742658465833677	1	1	216	107	6	2	A
B4_BC16_191109_LF_LIB_consensus_vsearch	3664	C	Y	310	7	2.15%	2	1	93	93	0.007555368014229169	1	1	211	99	0	7	T
B4_BC16_191109_LF_LIB_consensus_vsearch	3665	A	R	311	15	4.44%	2	2	93	93	2.58829093714566E-5	1	1	207	104	14	1	G
B4_BC16_191109_LF_LIB_consensus_vsearch	3667	C	Y	313	14	4.12%	2	1	93	93	5.29507961044241E-5	1	1	216	97	0	14	T
B4_BC16_191109_LF_LIB_consensus_vsearch	3668	G	R	285	50	14.75%	2	2	93	93	1.2308319301711078E-16	1	1	174	111	48	2	A
B4_BC16_191109_LF_LIB_consensus_vsearch	3672	A	R	319	13	3.79%	2	2	93	93	1.0829578482007906E-4	1	1	201	118	12	1	G
B4_BC16_191109_LF_LIB_consensus_vsearch	3676	C	Y	330	11	3.19%	2	2	93	93	4.498805515561457E-4	1	1	220	110	1	10	T
B4_BC16_191109_LF_LIB_consensus_vsearch	3681	C	S	309	7	2.12%	2	1	93	93	0.007554559545842425	1	1	199	110	7	0	G
B4_BC16_191109_LF_LIB_consensus_vsearch	3682	C	Y	282	7	2.05%	2	2	93	93	0.007530631093034971	1	1	197	85	4	3	-T
B4_BC16_191109_LF_LIB_consensus_vsearch	3685	G	R	322	9	2.65%	2	1	93	93	0.0018484383554464782	1	1	212	110	9	0	A
B4_BC16_191109_LF_LIB_consensus_vsearch	3687	G	R	333	10	2.9%	2	2	93	93	9.137141362428344E-4	1	1	215	118	9	1	A
B4_BC16_191109_LF_LIB_consensus_vsearch	3692	C	Y	316	14	4.03%	2	2	93	93	5.3020677016859766E-5	1	1	204	112	10	4	T
B4_BC16_191109_LF_LIB_consensus_vsearch	3693	G	R	315	26	7.58%	2	1	93	93	9.081736468242565E-9	1	1	195	120	26	0	A
B4_BC16_191109_LF_LIB_consensus_vsearch	3694	G	K	323	13	3.76%	2	1	93	93	1.084532050266728E-4	1	1	203	120	13	0	T
B4_BC16_191109_LF_LIB_consensus_vsearch	3698	T	Y	332	8	2.34%	2	2	93	93	0.0037469467580895535	1	1	216	116	7	1	C
B4_BC16_191109_LF_LIB_consensus_vsearch	3702	C	Y	329	10	2.9%	2	2	93	93	9.129870042240381E-4	1	1	221	108	2	8	T
B4_BC16_191109_LF_LIB_consensus_vsearch	3711	A	R	321	7	2.05%	2	2	93	93	0.007563937849782871	1	1	211	110	6	1	-C
B4_BC16_191109_LF_LIB_consensus_vsearch	3717	A	M	298	8	2.42%	2	2	93	93	0.00372943747369922	1	1	184	114	6	2	C
B4_BC16_191109_LF_LIB_consensus_vsearch	3717	A	R	298	16	4.85%	2	1	93	93	1.2543674789742688E-5	1	1	184	114	16	0	G
B4_BC16_191109_LF_LIB_consensus_vsearch	3723	A	R	318	26	7.47%	2	1	93	93	9.122576074104733E-9	1	1	198	120	26	0	G
B4_BC16_191109_LF_LIB_consensus_vsearch	3726	A	R	327	11	3.2%	2	2	93	93	4.495484205286572E-4	1	1	211	116	7	4	G
B4_BC16_191109_LF_LIB_consensus_vsearch	3738	A	R	338	7	2.02%	2	2	93	93	0.007576113653235487	1	1	219	119	6	1	G
B4_BC16_191109_LF_LIB_consensus_vsearch	3740	T	Y	321	10	2.96%	2	1	93	93	9.114810879847198E-4	1	1	213	108	0	10	C
B4_BC16_191109_LF_LIB_consensus_vsearch	3744	A	R	326	19	5.48%	2	1	93	93	1.4785003658262104E-6	1	1	206	120	19	0	G
B4_BC16_191109_LF_LIB_consensus_vsearch	3745	C	Y	322	13	3.74%	2	1	93	93	1.0841418786432788E-4	1	1	220	102	0	13	T
B4_BC16_191109_LF_LIB_consensus_vsearch	3754	T	Y	333	11	3.17%	2	2	93	93	4.5020703801756977E-4	1	1	220	113	3	8	C
B4_BC16_191109_LF_LIB_consensus_vsearch	3757	A	R	315	10	3.02%	2	2	93	93	9.103040047076643E-4	1	1	197	118	8	2	G
B4_BC16_191109_LF_LIB_consensus_vsearch	3774	A	R	328	7	2.02%	2	1	93	93	0.007569100156087223	1	1	211	117	7	0	-T
B4_BC16_191109_LF_LIB_consensus_vsearch	3779	C	Y	325	11	3.2%	2	2	93	93	4.4932379130995447E-4	1	1	219	106	2	9	T
B4_BC16_191109_LF_LIB_consensus_vsearch	3780	G	R	326	12	3.5%	2	2	93	93	2.2105614062094332E-4	1	1	208	118	10	2	A
B4_BC16_191109_LF_LIB_consensus_vsearch	3781	C	Y	321	10	2.91%	2	2	93	93	9.114810879847198E-4	1	1	213	108	5	5	T
B4_BC16_191109_LF_LIB_consensus_vsearch	3782	G	R	324	10	2.94%	2	2	93	93	9.120540902472859E-4	1	1	211	113	9	1	A
B4_BC16_191109_LF_LIB_consensus_vsearch	3783	G	R	337	7	2.02%	2	1	93	93	0.0075754305431544305	1	1	219	118	7	0	A
B4_BC16_191109_LF_LIB_consensus_vsearch	3786	G	R	335	7	2.02%	2	1	93	93	0.0075740524106117915	1	1	216	119	7	0	A
B4_BC16_191109_LF_LIB_consensus_vsearch	3787	C	Y	321	12	3.48%	2	2	93	93	2.2072088388227264E-4	1	1	213	108	1	11	T
B4_BC16_191109_LF_LIB_consensus_vsearch	3791	C	Y	278	10	2.9%	2	2	93	93	9.019868786892983E-4	1	1	172	106	3	7	-A
B4_BC16_191109_LF_LIB_consensus_vsearch	3792	A	R	266	14	4.61%	2	2	93	93	5.1672156243472136E-5	1	1	159	107	11	3	G
B4_BC16_191109_LF_LIB_consensus_vsearch	3793	C	M	266	7	2.1%	2	2	93	93	0.0075142347009056415	1	1	166	100	4	3	A
B4_BC16_191109_LF_LIB_consensus_vsearch	3793	C	S	266	33	9.91%	2	1	93	93	4.573954965717697E-11	1	1	166	100	33	0	G
B4_BC16_191109_LF_LIB_consensus_vsearch	3793	C	Y	266	19	5.71%	2	2	93	93	1.3987693093649846E-6	1	1	166	100	10	9	G
B4_BC16_191109_LF_LIB_consensus_vsearch	3794	C	Y	314	18	5.17%	2	2	93	93	3.01070307470118E-6	1	1	217	97	2	16	T
B4_BC16_191109_LF_LIB_consensus_vsearch	3795	A	W	327	7	2.03%	2	1	93	93	0.007568375850183275	1	1	218	109	0	7	T
B4_BC16_191109_LF_LIB_consensus_vsearch	3807	A	M	338	10	2.87%	2	2	93	93	9.145999987969954E-4	1	1	225	113	2	8	C
B4_BC16_191109_LF_LIB_consensus_vsearch	3809	T	Y	332	12	3.46%	2	2	93	93	2.214460024514316E-4	1	1	223	109	3	9	C
B4_BC16_191109_LF_LIB_consensus_vsearch	3832	T	K	237	8	3.27%	2	1	93	93	0.003686009667588161	1	1	127	110	8	0	G
B4_BC16_191109_LF_LIB_consensus_vsearch	3837	T	Y	23	219	62.93%	2	2	93	93	4.339721216841577E-112	1	1	5	18	188	31	C
B4_BC16_191109_LF_LIB_consensus_vsearch	3847	T	Y	329	17	4.89%	2	1	93	93	6.237978960098206E-6	1	1	225	104	0	17	C
B4_BC16_191109_LF_LIB_consensus_vsearch	3863	G	R	310	8	2.33%	2	1	93	93	0.003736040246407896	1	1	197	113	8	0	A
B4_BC16_191109_LF_LIB_consensus_vsearch	3863	G	K	310	19	5.54%	2	1	93	93	1.4597725061769267E-6	1	1	197	113	19	0	T
B4_BC16_191109_LF_LIB_consensus_vsearch	3865	G	R	332	7	2.05%	2	1	93	93	0.007571954906961894	1	1	214	118	7	0	A
B4_BC16_191109_LF_LIB_consensus_vsearch	3870	C	Y	333	11	3.18%	2	2	93	93	4.5020703801756977E-4	1	1	216	117	7	4	T
B4_BC16_191109_LF_LIB_consensus_vsearch	3871	C	Y	336	9	2.59%	2	2	93	93	0.001852627063167724	1	1	220	116	5	4	T
B4_BC16_191109_LF_LIB_consensus_vsearch	3878	A	R	327	11	3.24%	2	2	93	93	4.495484205286572E-4	1	1	210	117	8	3	G
B4_BC16_191109_LF_LIB_consensus_vsearch	3880	G	R	325	8	2.31%	2	2	93	93	0.0037436312504308135	1	1	212	113	7	1	A
B4_BC16_191109_LF_LIB_consensus_vsearch	3882	A	R	335	10	2.89%	2	2	93	93	9.140715025325323E-4	1	1	216	119	8	2	G
B4_BC16_191109_LF_LIB_consensus_vsearch	3883	C	Y	334	7	2.02%	2	1	93	93	0.007573357318712367	1	1	224	110	0	7	T
B4_BC16_191109_LF_LIB_consensus_vsearch	3904	G	R	321	7	2.04%	2	1	93	93	0.007563937849782871	1	1	218	103	7	0	-CG
B4_BC16_191109_LF_LIB_consensus_vsearch	3911	G	R	295	25	7.74%	2	2	93	93	1.830271289749034E-8	1	1	192	103	23	2	A
B4_BC16_191109_LF_LIB_consensus_vsearch	3914	T	Y	314	13	3.81%	2	2	93	93	1.080938226209935E-4	1	1	210	104	2	11	C
B4_BC16_191109_LF_LIB_consensus_vsearch	3921	C	Y	329	14	4.05%	2	2	93	93	5.3310059266825466E-5	1	1	221	108	2	12	T
B4_BC16_191109_LF_LIB_consensus_vsearch	3930	T	Y	325	7	2.1%	2	2	93	93	0.007566914229586403	1	1	210	115	4	3	C
B4_BC16_191109_LF_LIB_consensus_vsearch	3938	T	W	267	42	12.77%	2	1	93	93	5.099911787426749E-14	1	1	156	111	42	0	A
B4_BC16_191109_LF_LIB_consensus_vsearch	3938	T	K	267	8	2.43%	2	1	93	93	0.003709745731198054	1	1	156	111	8	0	A
B4_BC16_191109_LF_LIB_consensus_vsearch	3939	T	Y	305	11	3.21%	2	2	93	93	4.4692547275489896E-4	1	1	207	98	10	1	-G
B4_BC16_191109_LF_LIB_consensus_vsearch	3960	A	R	333	9	2.62%	2	2	93	93	0.001851757938835181	1	1	220	113	4	5	G
B4_BC16_191109_LF_LIB_consensus_vsearch	3992	C	Y	326	9	2.62%	2	1	93	93	0.001849670331098783	1	1	219	107	0	9	T
B4_BC16_191109_LF_LIB_consensus_vsearch	3993	C	Y	304	30	8.72%	2	1	93	93	4.711042179470985E-10	1	1	218	86	0	30	T
B4_BC16_191109_LF_LIB_consensus_vsearch	3998	C	S	294	13	4.19%	2	2	93	93	1.0722314920824708E-4	1	1	180	114	12	1	G
B4_BC16_191109_LF_LIB_consensus_vsearch	4000	C	Y	277	64	18.44%	2	2	93	93	2.0701490893975116E-21	1	1	221	56	2	62	T
B4_BC16_191109_LF_LIB_consensus_vsearch	4001	G	R	333	9	2.59%	2	2	93	93	0.001851757938835181	1	1	222	111	3	6	A
B4_BC16_191109_LF_LIB_consensus_vsearch	4012	G	R	311	31	9.04%	2	2	93	93	2.2852538110740279E-10	1	1	195	116	30	1	A
B4_BC16_191109_LF_LIB_consensus_vsearch	4015	A	R	333	7	2.04%	2	1	93	93	0.007572658162744914	1	1	216	117	7	0	G
B4_BC16_191109_LF_LIB_consensus_vsearch	4028	A	R	330	8	2.35%	2	2	93	93	0.0037460133446050297	1	1	211	119	7	1	G
B4_BC16_191109_LF_LIB_consensus_vsearch	4030	C	Y	308	20	5.76%	2	2	93	93	7.075216749370288E-7	1	1	219	89	1	19	T
B4_BC16_191109_LF_LIB_consensus_vsearch	4035	A	R	331	13	3.76%	2	2	93	93	1.0875750416273054E-4	1	1	212	119	12	1	G
B4_BC16_191109_LF_LIB_consensus_vsearch	4041	T	Y	324	7	2.02%	2	2	93	93	0.007566176836782793	1	1	205	119	6	1	C
B4_BC16_191109_LF_LIB_consensus_vsearch	4042	A	R	298	23	6.69%	2	1	93	93	7.923334992444166E-8	1	1	192	106	23	0	G
B4_BC16_191109_LF_LIB_consensus_vsearch	4043	G	R	310	8	2.44%	2	1	93	93	0.003736040246407896	1	1	203	107	8	0	+A
B4_BC16_191109_LF_LIB_consensus_vsearch	4044	G	R	324	12	3.46%	2	1	93	93	2.2092319542467036E-4	1	1	204	120	12	0	A
B4_BC16_191109_LF_LIB_consensus_vsearch	4045	G	R	323	22	6.32%	2	1	93	93	1.6875007205206854E-7	1	1	202	121	22	0	A
B4_BC16_191109_LF_LIB_consensus_vsearch	4050	T	Y	334	8	2.31%	2	2	93	93	0.003747869361231707	1	1	222	112	3	5	C
B4_BC16_191109_LF_LIB_consensus_vsearch	4051	A	R	309	18	5.22%	2	2	93	93	2.9995255474715876E-6	1	1	199	110	15	3	G
B4_BC16_191109_LF_LIB_consensus_vsearch	4053	T	K	300	7	2.22%	2	1	93	93	0.007547047910434978	1	1	196	104	7	0	G
B4_BC16_191109_LF_LIB_consensus_vsearch	4054	T	Y	296	10	2.94%	2	1	93	93	9.062787416320994E-4	1	1	190	106	10	0	-G
B4_BC16_191109_LF_LIB_consensus_vsearch	4058	T	Y	316	13	3.77%	2	2	93	93	1.0817531317076734E-4	1	1	215	101	2	11	C
B4_BC16_191109_LF_LIB_consensus_vsearch	4066	C	Y	330	13	3.74%	2	1	93	93	1.0872021177752496E-4	1	1	224	106	0	13	T
B4_BC16_191109_LF_LIB_consensus_vsearch	4075	A	R	327	12	3.5%	2	1	93	93	2.21122044366446E-4	1	1	213	114	12	0	G
B4_BC16_191109_LF_LIB_consensus_vsearch	4077	T	Y	337	7	2.01%	2	2	93	93	0.0075754305431544305	1	1	222	115	2	5	C
B4_BC16_191109_LF_LIB_consensus_vsearch	4078	T	Y	332	8	2.3%	2	2	93	93	0.0037469467580895535	1	1	219	113	2	6	C
B4_BC16_191109_LF_LIB_consensus_vsearch	4088	C	M	311	10	2.87%	2	2	93	93	9.09495348801856E-4	1	1	207	104	9	1	+G
B4_BC16_191109_LF_LIB_consensus_vsearch	4092	G	R	308	7	2.05%	2	1	93	93	0.0075537459778972	1	1	187	121	7	0	+A
B4_BC16_191109_LF_LIB_consensus_vsearch	4095	G	R	285	27	8.31%	2	2	93	93	4.1398187317638615E-9	1	1	175	110	26	1	A
B4_BC16_191109_LF_LIB_consensus_vsearch	4100	T	W	272	7	2.08%	2	2	93	93	0.007520602096545131	1	1	202	70	2	5	-G
B4_BC16_191109_LF_LIB_consensus_vsearch	4101	G	R	284	9	2.96%	2	2	93	93	0.0018350849875216509	1	1	201	83	8	1	A
B4_BC16_191109_LF_LIB_consensus_vsearch	4104	T	Y	331	7	2.03%	2	1	93	93	0.007571247515222922	1	1	223	108	0	7	C
B4_BC16_191109_LF_LIB_consensus_vsearch	4109	T	W	295	12	3.69%	2	1	93	93	2.1880791804495154E-4	1	1	223	72	0	12	-C
B4_BC16_191109_LF_LIB_consensus_vsearch	4110	C	M	267	12	3.66%	2	1	93	93	2.1636505872716516E-4	1	1	222	45	0	12	+A
B4_BC16_191109_LF_LIB_consensus_vsearch	4112	C	M	304	13	3.94%	2	1	93	93	1.0767161863384654E-4	1	1	221	83	0	13	A
B4_BC16_191109_LF_LIB_consensus_vsearch	4112	C	Y	304	7	2.12%	2	2	93	93	0.007550439733141782	1	1	221	83	3	4	A
B4_BC16_191109_LF_LIB_consensus_vsearch	4113	C	Y	314	8	2.39%	2	2	93	93	0.003738132946844435	1	1	219	95	1	7	T
B4_BC16_191109_LF_LIB_consensus_vsearch	4119	G	R	317	16	4.64%	2	1	93	93	1.2688103904606198E-5	1	1	196	121	16	0	A
B4_BC16_191109_LF_LIB_consensus_vsearch	4121	C	Y	325	9	2.59%	2	2	93	93	0.0018493650629926273	1	1	222	103	4	5	-G
B4_BC16_191109_LF_LIB_consensus_vsearch	4134	G	R	333	13	3.75%	2	1	93	93	1.0883146805374691E-4	1	1	213	120	13	0	A
B4_BC16_191109_LF_LIB_consensus_vsearch	4140	T	K	326	7	2.06%	2	2	93	93	0.007567647220958338	1	1	208	118	6	1	G
B4_BC16_191109_LF_LIB_consensus_vsearch	4145	C	Y	314	8	2.32%	2	2	93	93	0.003738132946844435	1	1	201	113	3	5	-AC
B4_BC16_191109_LF_LIB_consensus_vsearch	4164	G	R	310	28	8.26%	2	1	93	93	2.0794153861245387E-9	1	1	191	119	28	0	A
B4_BC16_191109_LF_LIB_consensus_vsearch	4168	C	Y	334	8	2.32%	2	2	93	93	0.003747869361231707	1	1	218	116	5	3	T
B4_BC16_191109_LF_LIB_consensus_vsearch	4183	A	R	330	7	2.07%	2	2	93	93	0.007570535950912546	1	1	213	117	6	1	G
B4_BC16_191109_LF_LIB_consensus_vsearch	4210	G	R	320	7	2.06%	2	1	93	93	0.007563182448808609	1	1	214	106	7	0	-TA
B4_BC16_191109_LF_LIB_consensus_vsearch	4212	A	R	315	10	3%	2	2	93	93	9.103040047076643E-4	1	1	208	107	9	1	G
B4_BC16_191109_LF_LIB_consensus_vsearch	4215	A	R	318	8	2.36%	2	2	93	93	0.0037401748205127794	1	1	219	99	4	4	G
B4_BC16_191109_LF_LIB_consensus_vsearch	4215	A	W	318	8	2.36%	2	1	93	93	0.0037401748205127794	1	1	219	99	0	8	G
B4_BC16_191109_LF_LIB_consensus_vsearch	4229	G	R	324	11	3.23%	2	1	93	93	4.4921049736342E-4	1	1	207	117	11	0	A
B4_BC16_191109_LF_LIB_consensus_vsearch	4254	C	Y	333	10	2.87%	2	1	93	93	9.137141362428344E-4	1	1	225	108	0	10	T
B4_BC16_191109_LF_LIB_consensus_vsearch	4259	G	S	329	7	2.02%	2	1	93	93	0.007569820177023291	1	1	210	119	7	0	C
B4_BC16_191109_LF_LIB_consensus_vsearch	4275	G	R	332	9	2.62%	2	1	93	93	0.0018514648811998652	1	1	214	118	9	0	A
B4_BC16_191109_LF_LIB_consensus_vsearch	4288	A	R	306	9	2.68%	2	2	93	93	0.0018432024399252702	1	1	198	108	5	4	-CA
B4_BC16_191109_LF_LIB_consensus_vsearch	4308	G	R	313	24	7.08%	2	1	93	93	3.899184221756254E-8	1	1	197	116	24	0	A
B4_BC16_191109_LF_LIB_consensus_vsearch	4315	G	R	311	28	8.21%	2	1	93	93	2.0831486096620926E-9	1	1	193	118	28	0	A
