Chrom	Position	Ref	Cons	Reads1	Reads2	VarFreq	Strands1	Strands2	Qual1	Qual2	Pvalue	MapQual1	MapQual2	Reads1Plus	Reads1Minus	Reads2Plus	Reads2Minus	VarAllele
C1_BC25_191109_LF_LIB_consensus_vsearch	1	G	G	165	0	0%	2	0	93	0	1.0	1	0	101	64	0	0	
C1_BC25_191109_LF_LIB_consensus_vsearch	2	T	T	176	0	0%	2	0	93	0	1.0	1	0	104	72	0	0	
C1_BC25_191109_LF_LIB_consensus_vsearch	3	A	A	183	0	0%	2	0	93	0	1.0	1	0	105	78	0	0	
C1_BC25_191109_LF_LIB_consensus_vsearch	4	G	G	191	0	0%	2	0	93	0	1.0	1	0	106	85	0	0	
C1_BC25_191109_LF_LIB_consensus_vsearch	5	T	T	194	2	1.02%	2	1	93	93	0.24936061381078306	1	1	106	88	2	0	+C
C1_BC25_191109_LF_LIB_consensus_vsearch	6	C	C	196	2	1.01%	2	1	93	93	0.24936708860772178	1	1	105	91	2	0	T
C1_BC25_191109_LF_LIB_consensus_vsearch	7	A	A	197	4	1.95%	2	1	93	93	0.06156600978754844	1	1	101	96	4	0	T
C1_BC25_191109_LF_LIB_consensus_vsearch	8	T	T	202	5	2.4%	2	2	93	93	0.030496102932097202	1	1	107	95	1	4	-AT
C1_BC25_191109_LF_LIB_consensus_vsearch	9	A	A	206	1	0.48%	2	1	93	93	0.5000000000001412	1	1	107	99	1	0	+T
C1_BC25_191109_LF_LIB_consensus_vsearch	10	T	T	208	1	0.48%	2	1	93	93	0.5000000000001412	1	1	110	98	0	1	+AT
C1_BC25_191109_LF_LIB_consensus_vsearch	11	G	G	210	2	0.93%	2	2	93	93	0.24940898345148782	1	1	107	103	1	1	-C
C1_BC25_191109_LF_LIB_consensus_vsearch	12	C	Y	200	8	3.77%	2	1	93	93	0.003647458600901869	1	1	106	94	0	8	T
C1_BC25_191109_LF_LIB_consensus_vsearch	13	T	T	213	1	0.47%	2	1	93	93	0.4999999999999138	1	1	108	105	0	1	C
C1_BC25_191109_LF_LIB_consensus_vsearch	14	T	T	214	1	0.46%	2	1	93	93	0.5000000000001412	1	1	109	105	1	0	+G
C1_BC25_191109_LF_LIB_consensus_vsearch	15	G	G	214	4	1.83%	2	2	93	93	0.061638926495252586	1	1	108	106	3	1	A
C1_BC25_191109_LF_LIB_consensus_vsearch	16	T	T	217	1	0.46%	2	1	93	93	0.4999999999999138	1	1	110	107	1	0	+C
C1_BC25_191109_LF_LIB_consensus_vsearch	17	C	C	218	1	0.45%	2	1	93	93	0.5000000000003686	1	1	111	107	0	1	A
C1_BC25_191109_LF_LIB_consensus_vsearch	18	C	C	218	1	0.45%	2	1	93	93	0.5000000000003686	1	1	112	106	0	1	-AT
C1_BC25_191109_LF_LIB_consensus_vsearch	19	A	A	217	1	0.46%	2	1	93	93	0.4999999999999138	1	1	112	105	0	1	-T
C1_BC25_191109_LF_LIB_consensus_vsearch	20	T	*/+C	202	15	6.85%	2	1	93	93	2.375885795125084E-5	1	1	98	104	15	0	+C
C1_BC25_191109_LF_LIB_consensus_vsearch	21	C	*/-G	214	7	3.17%	2	1	93	93	0.007444703667648697	1	1	114	100	0	7	-G
C1_BC25_191109_LF_LIB_consensus_vsearch	22	G	G	211	2	0.93%	2	1	93	93	0.24941176470603904	1	1	112	99	2	0	A
C1_BC25_191109_LF_LIB_consensus_vsearch	23	G	G	218	3	1.36%	2	1	93	93	0.12414965986396012	1	1	111	107	3	0	-A
C1_BC25_191109_LF_LIB_consensus_vsearch	24	A	A	216	1	0.46%	2	1	93	93	0.4999999999999138	1	1	110	106	1	0	-C
C1_BC25_191109_LF_LIB_consensus_vsearch	25	C	C	216	3	1.36%	2	2	93	93	0.12414187643025615	1	1	111	105	1	2	T
C1_BC25_191109_LF_LIB_consensus_vsearch	26	T	T	209	6	2.7%	2	2	93	93	0.015082506692930204	1	1	107	102	1	5	-A
C1_BC25_191109_LF_LIB_consensus_vsearch	27	A	A	211	1	0.47%	2	1	93	93	0.5000000000001412	1	1	109	102	1	0	+TA
C1_BC25_191109_LF_LIB_consensus_vsearch	28	A	A	212	2	0.91%	2	1	93	93	0.24941451990645544	1	1	110	102	0	2	-G
C1_BC25_191109_LF_LIB_consensus_vsearch	29	G	G	211	2	0.92%	2	1	93	93	0.24941176470603904	1	1	108	103	2	0	+A
C1_BC25_191109_LF_LIB_consensus_vsearch	30	C	C	214	1	0.46%	2	1	93	93	0.5000000000001412	1	1	111	103	1	0	+AC
C1_BC25_191109_LF_LIB_consensus_vsearch	31	C	C	219	4	1.79%	2	1	93	93	0.06165825449566743	1	1	115	104	0	4	T
C1_BC25_191109_LF_LIB_consensus_vsearch	32	A	A	219	4	1.79%	2	2	93	93	0.06165825449566743	1	1	114	105	1	3	G
C1_BC25_191109_LF_LIB_consensus_vsearch	33	T	T	216	5	2.24%	2	1	93	93	0.030543804461782422	1	1	114	102	0	5	C
C1_BC25_191109_LF_LIB_consensus_vsearch	34	G	G	217	2	0.9%	2	1	93	93	0.24942791762028085	1	1	110	107	2	0	A
C1_BC25_191109_LF_LIB_consensus_vsearch	35	C	C	216	4	1.79%	2	2	93	93	0.061646763238677425	1	1	113	103	1	3	T
C1_BC25_191109_LF_LIB_consensus_vsearch	36	A	A	210	4	1.81%	2	2	93	93	0.06162281305968737	1	1	109	101	3	1	G
C1_BC25_191109_LF_LIB_consensus_vsearch	37	T	T	213	3	1.38%	2	1	93	93	0.12412993039444345	1	1	111	102	3	0	-G
C1_BC25_191109_LF_LIB_consensus_vsearch	38	G	G	209	4	1.84%	2	2	93	93	0.061618690029214815	1	1	107	102	1	3	-CG
C1_BC25_191109_LF_LIB_consensus_vsearch	39	C	*/-G	205	7	3.21%	2	2	93	93	0.0074292407456773525	1	1	109	96	2	5	-G
C1_BC25_191109_LF_LIB_consensus_vsearch	40	G	G	209	3	1.42%	2	1	93	93	0.12411347517731831	1	1	109	100	3	0	A
C1_BC25_191109_LF_LIB_consensus_vsearch	41	A	A	208	6	2.69%	2	1	93	93	0.015079983859610983	1	1	104	104	6	0	-G
C1_BC25_191109_LF_LIB_consensus_vsearch	42	G	*/-AG	126	84	38.71%	2	2	93	93	1.4690428494796663E-30	1	1	21	105	81	3	-AG
C1_BC25_191109_LF_LIB_consensus_vsearch	43	A	A	132	2	1.48%	2	2	93	93	0.2490636704119166	1	1	29	103	1	1	-G
C1_BC25_191109_LF_LIB_consensus_vsearch	44	G	G	136	1	0.73%	2	1	93	93	0.5000000000001412	1	1	33	103	0	1	+AG
C1_BC25_191109_LF_LIB_consensus_vsearch	45	T	T	222	1	0.45%	2	1	93	93	0.4999999999999138	1	1	115	107	0	1	C
C1_BC25_191109_LF_LIB_consensus_vsearch	46	T	T	217	3	1.35%	2	2	93	93	0.12414578587710072	1	1	112	105	2	1	+C
C1_BC25_191109_LF_LIB_consensus_vsearch	47	C	*/+A	210	7	3.14%	2	1	93	93	0.007437988084800957	1	1	104	106	7	0	+A
C1_BC25_191109_LF_LIB_consensus_vsearch	48	A	A	209	4	1.82%	2	1	93	93	0.061618690029214815	1	1	108	101	0	4	+G
C1_BC25_191109_LF_LIB_consensus_vsearch	49	G	G	214	2	0.91%	2	1	93	93	0.24941995359642635	1	1	107	107	2	0	-A
C1_BC25_191109_LF_LIB_consensus_vsearch	50	A	A	217	2	0.9%	2	1	93	93	0.24942791762028085	1	1	113	104	0	2	-GA
C1_BC25_191109_LF_LIB_consensus_vsearch	51	G	G	220	0	0%	2	0	93	0	1.0	1	0	115	105	0	0	
C1_BC25_191109_LF_LIB_consensus_vsearch	52	A	A	211	5	2.26%	2	1	93	93	0.030527477163211258	1	1	112	99	0	5	-C
C1_BC25_191109_LF_LIB_consensus_vsearch	53	C	C	214	2	0.92%	2	1	93	93	0.24941995359642635	1	1	115	99	0	2	+T
C1_BC25_191109_LF_LIB_consensus_vsearch	54	C	*/-T	207	7	3.15%	2	1	93	93	0.007432788253078562	1	1	112	95	0	7	-T
C1_BC25_191109_LF_LIB_consensus_vsearch	55	T	T	209	4	1.85%	2	2	93	93	0.061618690029214815	1	1	112	97	3	1	G
C1_BC25_191109_LF_LIB_consensus_vsearch	56	T	Y	204	8	3.59%	2	2	93	93	0.0036522646351654408	1	1	110	94	3	5	C
C1_BC25_191109_LF_LIB_consensus_vsearch	57	A	A	217	1	0.46%	2	1	93	93	0.4999999999999138	1	1	114	103	0	1	C
C1_BC25_191109_LF_LIB_consensus_vsearch	58	A	A	220	3	1.35%	2	2	93	93	0.12415730337075404	1	1	114	106	1	2	G
C1_BC25_191109_LF_LIB_consensus_vsearch	59	A	A	219	2	0.9%	2	2	93	93	0.24943310657599216	1	1	112	107	1	1	-C
C1_BC25_191109_LF_LIB_consensus_vsearch	60	C	C	219	1	0.45%	2	1	93	93	0.4999999999999138	1	1	113	106	0	1	+A
C1_BC25_191109_LF_LIB_consensus_vsearch	61	A	A	220	2	0.9%	2	2	93	93	0.2494356659142869	1	1	113	107	1	1	G
C1_BC25_191109_LF_LIB_consensus_vsearch	62	A	A	217	3	1.35%	2	1	93	93	0.12414578587710072	1	1	112	105	0	3	+T
C1_BC25_191109_LF_LIB_consensus_vsearch	63	T	T	220	2	0.9%	2	1	93	93	0.2494356659142869	1	1	112	108	2	0	G
C1_BC25_191109_LF_LIB_consensus_vsearch	64	T	T	217	2	0.9%	2	1	93	93	0.24942791762028085	1	1	109	108	2	0	+A
C1_BC25_191109_LF_LIB_consensus_vsearch	65	G	G	219	3	1.35%	2	2	93	93	0.12415349887135622	1	1	114	105	1	2	-A
C1_BC25_191109_LF_LIB_consensus_vsearch	66	A	A	218	2	0.91%	2	2	93	93	0.24943052391823226	1	1	113	105	1	1	G
C1_BC25_191109_LF_LIB_consensus_vsearch	67	A	A	222	1	0.45%	2	1	93	93	0.4999999999999138	1	1	114	108	1	0	G
C1_BC25_191109_LF_LIB_consensus_vsearch	68	A	A	217	3	1.35%	2	1	93	93	0.12414578587710072	1	1	110	107	3	0	G
C1_BC25_191109_LF_LIB_consensus_vsearch	69	C	C	217	3	1.35%	2	1	93	93	0.12414578587710072	1	1	110	107	3	0	-T
C1_BC25_191109_LF_LIB_consensus_vsearch	70	T	T	212	2	0.91%	2	1	93	93	0.24941451990645544	1	1	109	103	0	2	+G
C1_BC25_191109_LF_LIB_consensus_vsearch	71	G	G	215	3	1.35%	2	1	93	93	0.12413793103441495	1	1	110	105	3	0	A
C1_BC25_191109_LF_LIB_consensus_vsearch	72	C	*/+A	204	7	3.17%	2	1	93	93	0.007427442022474603	1	1	106	98	7	0	+A
C1_BC25_191109_LF_LIB_consensus_vsearch	73	G	G	206	6	2.75%	2	1	93	93	0.015074867144143777	1	1	106	100	6	0	-A
C1_BC25_191109_LF_LIB_consensus_vsearch	74	A	A	214	1	0.47%	2	1	93	93	0.5000000000001412	1	1	109	105	0	1	T
C1_BC25_191109_LF_LIB_consensus_vsearch	75	A	A	218	2	0.9%	2	2	93	93	0.24943052391823226	1	1	114	104	1	1	G
C1_BC25_191109_LF_LIB_consensus_vsearch	76	T	T	215	3	1.36%	2	2	93	93	0.12413793103441495	1	1	112	103	1	2	C
C1_BC25_191109_LF_LIB_consensus_vsearch	77	G	G	216	3	1.36%	2	1	93	93	0.12414187643025615	1	1	110	106	3	0	A
C1_BC25_191109_LF_LIB_consensus_vsearch	78	G	*/+C	212	7	3.14%	2	1	93	93	0.00744137624879223	1	1	114	98	0	7	+C
C1_BC25_191109_LF_LIB_consensus_vsearch	79	C	C	222	0	0%	2	0	93	0	1.0	1	0	114	108	0	0	
C1_BC25_191109_LF_LIB_consensus_vsearch	80	T	*/-C	209	8	3.59%	2	1	93	93	0.003658026926953576	1	1	113	96	0	8	-C
C1_BC25_191109_LF_LIB_consensus_vsearch	81	C	C	213	1	0.47%	2	1	93	93	0.4999999999999138	1	1	113	100	1	0	+T
C1_BC25_191109_LF_LIB_consensus_vsearch	82	A	A	217	2	0.9%	2	1	93	93	0.24942791762028085	1	1	111	106	0	2	-T
C1_BC25_191109_LF_LIB_consensus_vsearch	83	T	T	219	1	0.45%	2	1	93	93	0.4999999999999138	1	1	114	105	0	1	A
C1_BC25_191109_LF_LIB_consensus_vsearch	84	T	T	212	3	1.35%	2	1	93	93	0.1241258741259166	1	1	108	104	3	0	+A
C1_BC25_191109_LF_LIB_consensus_vsearch	85	A	A	220	0	0%	2	0	93	0	1.0	1	0	114	106	0	0	
C1_BC25_191109_LF_LIB_consensus_vsearch	86	A	A	223	0	0%	2	0	93	0	1.0	1	0	115	108	0	0	
C1_BC25_191109_LF_LIB_consensus_vsearch	87	A	A	221	2	0.9%	2	2	93	93	0.24943820224728358	1	1	114	107	1	1	G
C1_BC25_191109_LF_LIB_consensus_vsearch	88	T	T	220	2	0.9%	2	2	93	93	0.2494356659142869	1	1	113	107	1	1	-C
C1_BC25_191109_LF_LIB_consensus_vsearch	89	C	C	211	4	1.81%	2	2	93	93	0.06162689769249	1	1	108	103	3	1	-A
C1_BC25_191109_LF_LIB_consensus_vsearch	90	A	R	210	7	3.2%	2	1	93	93	0.007437988084800957	1	1	103	107	7	0	G
C1_BC25_191109_LF_LIB_consensus_vsearch	91	G	G	216	2	0.9%	2	1	93	93	0.249425287356441	1	1	112	104	0	2	-T
C1_BC25_191109_LF_LIB_consensus_vsearch	92	T	T	216	2	0.9%	2	2	93	93	0.249425287356441	1	1	111	105	1	1	C
C1_BC25_191109_LF_LIB_consensus_vsearch	93	T	T	215	3	1.35%	2	2	93	93	0.12413793103441495	1	1	111	104	2	1	-AT
C1_BC25_191109_LF_LIB_consensus_vsearch	94	A	A	211	3	1.37%	2	2	93	93	0.12412177985949331	1	1	108	103	1	2	-T
C1_BC25_191109_LF_LIB_consensus_vsearch	95	T	T	212	1	0.46%	2	1	93	93	0.5000000000001412	1	1	108	104	1	0	+AT
C1_BC25_191109_LF_LIB_consensus_vsearch	96	G	G	219	1	0.45%	2	1	93	93	0.4999999999999138	1	1	112	107	1	0	+A
C1_BC25_191109_LF_LIB_consensus_vsearch	97	A	A	220	2	0.9%	2	2	93	93	0.2494356659142869	1	1	114	106	1	1	G
C1_BC25_191109_LF_LIB_consensus_vsearch	98	T	T	220	3	1.35%	2	2	93	93	0.12415730337075404	1	1	113	107	2	1	C
C1_BC25_191109_LF_LIB_consensus_vsearch	99	T	T	220	2	0.9%	2	2	93	93	0.2494356659142869	1	1	113	107	1	1	C
C1_BC25_191109_LF_LIB_consensus_vsearch	100	C	C	217	2	0.9%	2	1	93	93	0.24942791762028085	1	1	111	106	2	0	-A
C1_BC25_191109_LF_LIB_consensus_vsearch	101	A	R	207	7	3.2%	2	1	93	93	0.007432788253078562	1	1	101	106	7	0	G
C1_BC25_191109_LF_LIB_consensus_vsearch	102	C	C	199	5	2.3%	2	2	93	93	0.03048503048502578	1	1	104	95	1	4	-T
C1_BC25_191109_LF_LIB_consensus_vsearch	103	T	T	209	0	0%	2	0	93	0	1.0	1	0	105	104	0	0	
C1_BC25_191109_LF_LIB_consensus_vsearch	104	T	T	207	5	2.3%	2	2	93	93	0.030513861513988962	1	1	107	100	1	4	+G
C1_BC25_191109_LF_LIB_consensus_vsearch	105	G	G	213	3	1.36%	2	2	93	93	0.12412993039444345	1	1	110	103	1	2	-A
C1_BC25_191109_LF_LIB_consensus_vsearch	106	A	A	218	1	0.46%	2	1	93	93	0.5000000000003686	1	1	113	105	0	1	C
C1_BC25_191109_LF_LIB_consensus_vsearch	107	A	*/-G	208	7	3.14%	2	1	93	93	0.007434537497224064	1	1	103	105	7	0	-G
C1_BC25_191109_LF_LIB_consensus_vsearch	108	G	G	200	6	2.79%	2	1	93	93	0.01505892390281567	1	1	95	105	6	0	-AG
C1_BC25_191109_LF_LIB_consensus_vsearch	109	A	A	212	2	0.93%	2	2	93	93	0.24941451990645544	1	1	106	106	1	1	-G
C1_BC25_191109_LF_LIB_consensus_vsearch	110	G	G	213	1	0.47%	2	1	93	93	0.4999999999999138	1	1	108	105	0	1	A
C1_BC25_191109_LF_LIB_consensus_vsearch	111	T	T	216	3	1.35%	2	2	93	93	0.12414187643025615	1	1	112	104	1	2	-C
C1_BC25_191109_LF_LIB_consensus_vsearch	112	C	*/-G	200	11	5%	2	1	93	93	4.27186182801716E-4	1	1	96	104	11	0	-G
C1_BC25_191109_LF_LIB_consensus_vsearch	113	G	G	207	3	1.43%	2	1	93	93	0.12410501193315207	1	1	100	107	3	0	-A
C1_BC25_191109_LF_LIB_consensus_vsearch	114	A	A	217	1	0.46%	2	1	93	93	0.4999999999999138	1	1	111	106	0	1	G
C1_BC25_191109_LF_LIB_consensus_vsearch	115	A	*/-T	174	32	14.35%	2	2	93	93	6.313485208802148E-11	1	1	103	71	4	28	-T
C1_BC25_191109_LF_LIB_consensus_vsearch	116	T	T	187	1	0.53%	2	1	93	93	0.4999999999999138	1	1	109	78	0	1	C
C1_BC25_191109_LF_LIB_consensus_vsearch	117	T	T	218	3	1.36%	2	2	93	93	0.12414965986396012	1	1	113	105	1	2	C
C1_BC25_191109_LF_LIB_consensus_vsearch	118	T	T	217	2	0.9%	2	1	93	93	0.24942791762028085	1	1	112	105	0	2	C
C1_BC25_191109_LF_LIB_consensus_vsearch	119	T	T	214	2	0.9%	2	1	93	93	0.24941995359642635	1	1	109	105	0	2	-GT
C1_BC25_191109_LF_LIB_consensus_vsearch	120	G	G	218	1	0.45%	2	1	93	93	0.5000000000003686	1	1	113	105	0	1	+C
C1_BC25_191109_LF_LIB_consensus_vsearch	121	T	Y	212	7	3.17%	2	2	93	93	0.00744137624879223	1	1	114	98	1	6	C
C1_BC25_191109_LF_LIB_consensus_vsearch	122	A	A	218	3	1.35%	2	1	93	93	0.12414965986396012	1	1	110	108	3	0	-CA
C1_BC25_191109_LF_LIB_consensus_vsearch	123	C	C	215	1	0.46%	2	1	93	93	0.4999999999999138	1	1	110	105	0	1	-A
C1_BC25_191109_LF_LIB_consensus_vsearch	124	A	A	213	2	0.92%	2	1	93	93	0.249417249417318	1	1	107	106	2	0	G
C1_BC25_191109_LF_LIB_consensus_vsearch	125	T	T	210	5	2.27%	2	2	93	93	0.0305241206880699	1	1	109	101	1	4	-G
C1_BC25_191109_LF_LIB_consensus_vsearch	126	G	G	209	4	1.86%	2	1	93	93	0.061618690029214815	1	1	107	102	4	0	A
C1_BC25_191109_LF_LIB_consensus_vsearch	127	G	G	214	6	2.7%	2	2	93	93	0.015094778470947015	1	1	110	104	3	3	A
C1_BC25_191109_LF_LIB_consensus_vsearch	128	C	C	216	2	0.9%	2	1	93	93	0.249425287356441	1	1	113	103	0	2	-T
C1_BC25_191109_LF_LIB_consensus_vsearch	129	T	T	205	6	2.73%	2	2	93	93	0.015072272591959035	1	1	108	97	1	5	C
C1_BC25_191109_LF_LIB_consensus_vsearch	130	A	A	205	5	2.29%	2	1	93	93	0.03050685942891605	1	1	109	96	0	5	-G
C1_BC25_191109_LF_LIB_consensus_vsearch	131	G	G	206	6	2.79%	2	2	93	93	0.015074867144143777	1	1	109	97	4	2	-C
C1_BC25_191109_LF_LIB_consensus_vsearch	132	C	C	203	5	2.34%	2	1	93	93	0.030499722862415764	1	1	107	96	0	5	A
C1_BC25_191109_LF_LIB_consensus_vsearch	133	C	C	206	6	2.69%	2	2	93	93	0.015074867144143777	1	1	107	99	5	1	A
C1_BC25_191109_LF_LIB_consensus_vsearch	134	G	*/-TG	207	7	3.18%	2	1	93	93	0.007432788253078562	1	1	110	97	0	7	-TG
C1_BC25_191109_LF_LIB_consensus_vsearch	135	T	T	203	4	1.87%	2	2	93	93	0.06159311429633927	1	1	112	91	1	3	A
C1_BC25_191109_LF_LIB_consensus_vsearch	136	G	G	207	1	0.47%	2	1	93	93	0.5000000000001412	1	1	111	96	1	0	+A
C1_BC25_191109_LF_LIB_consensus_vsearch	137	A	A	213	2	0.91%	2	2	93	93	0.249417249417318	1	1	110	103	1	1	+C
C1_BC25_191109_LF_LIB_consensus_vsearch	138	C	C	209	4	1.83%	2	2	93	93	0.061618690029214815	1	1	109	100	2	2	-A
C1_BC25_191109_LF_LIB_consensus_vsearch	139	A	A	210	1	0.47%	2	1	93	93	0.4999999999999138	1	1	108	102	0	1	+CA
C1_BC25_191109_LF_LIB_consensus_vsearch	140	A	A	214	3	1.37%	2	2	93	93	0.12413394919162732	1	1	109	105	2	1	G
C1_BC25_191109_LF_LIB_consensus_vsearch	141	A	A	219	2	0.9%	2	1	93	93	0.24943310657599216	1	1	112	107	2	0	G
C1_BC25_191109_LF_LIB_consensus_vsearch	142	T	T	220	1	0.45%	2	1	93	93	0.4999999999999138	1	1	114	106	0	1	+C
C1_BC25_191109_LF_LIB_consensus_vsearch	143	T	T	218	2	0.9%	2	1	93	93	0.24943052391823226	1	1	113	105	2	0	+C
C1_BC25_191109_LF_LIB_consensus_vsearch	144	C	C	220	2	0.9%	2	1	93	93	0.2494356659142869	1	1	113	107	2	0	-A
C1_BC25_191109_LF_LIB_consensus_vsearch	145	A	*/-G	196	11	4.98%	2	2	93	93	4.260552860545617E-4	1	1	102	94	1	10	-G
C1_BC25_191109_LF_LIB_consensus_vsearch	146	G	G	211	1	0.47%	2	1	93	93	0.5000000000001412	1	1	114	97	0	1	A
C1_BC25_191109_LF_LIB_consensus_vsearch	147	G	G	218	2	0.9%	2	1	93	93	0.24943052391823226	1	1	112	106	2	0	+A
C1_BC25_191109_LF_LIB_consensus_vsearch	148	A	A	219	2	0.9%	2	1	93	93	0.24943310657599216	1	1	112	107	2	0	-G
C1_BC25_191109_LF_LIB_consensus_vsearch	149	G	G	215	3	1.36%	2	1	93	93	0.12413793103441495	1	1	107	108	3	0	-A
C1_BC25_191109_LF_LIB_consensus_vsearch	150	A	A	216	1	0.45%	2	1	93	93	0.4999999999999138	1	1	110	106	0	1	+GA
C1_BC25_191109_LF_LIB_consensus_vsearch	151	T	*/-A	208	9	4.07%	2	1	93	93	0.0017946657928001688	1	1	102	106	9	0	-A
C1_BC25_191109_LF_LIB_consensus_vsearch	152	A	A	206	2	0.95%	2	1	93	93	0.2493975903616476	1	1	102	104	0	2	G
C1_BC25_191109_LF_LIB_consensus_vsearch	153	A	A	203	5	2.27%	2	1	93	93	0.030499722862415764	1	1	99	104	5	0	+C
C1_BC25_191109_LF_LIB_consensus_vsearch	154	T	T	203	4	1.85%	2	1	93	93	0.06159311429633927	1	1	97	106	4	0	+C
C1_BC25_191109_LF_LIB_consensus_vsearch	155	A	A	201	6	2.73%	2	1	93	93	0.01506164496890816	1	1	99	102	6	0	C
C1_BC25_191109_LF_LIB_consensus_vsearch	156	C	C	206	4	1.83%	2	1	93	93	0.06160608506034647	1	1	109	97	0	4	-AT
C1_BC25_191109_LF_LIB_consensus_vsearch	157	A	A	208	3	1.4%	2	2	93	93	0.12410926365791558	1	1	111	97	1	2	G
C1_BC25_191109_LF_LIB_consensus_vsearch	158	T	*/-GC	203	9	4.15%	2	2	93	93	0.0017910143883990014	1	1	104	99	8	1	-GC
C1_BC25_191109_LF_LIB_consensus_vsearch	159	G	G	205	4	1.9%	2	1	93	93	0.06160180289502593	1	1	101	104	4	0	A
C1_BC25_191109_LF_LIB_consensus_vsearch	160	C	C	205	2	0.94%	2	1	93	93	0.24939467312372118	1	1	105	100	0	2	+A
C1_BC25_191109_LF_LIB_consensus_vsearch	161	A	A	209	4	1.82%	2	2	93	93	0.061618690029214815	1	1	109	100	2	2	-CA
C1_BC25_191109_LF_LIB_consensus_vsearch	162	C	C	207	5	2.29%	2	2	93	93	0.030513861513988962	1	1	110	97	1	4	T
C1_BC25_191109_LF_LIB_consensus_vsearch	163	A	A	209	3	1.38%	2	1	93	93	0.12411347517731831	1	1	109	100	3	0	T
C1_BC25_191109_LF_LIB_consensus_vsearch	164	A	R	211	8	3.6%	2	1	93	93	0.0036602593149509337	1	1	104	107	8	0	G
C1_BC25_191109_LF_LIB_consensus_vsearch	165	C	C	210	5	2.26%	2	2	93	93	0.0305241206880699	1	1	107	103	2	3	T
C1_BC25_191109_LF_LIB_consensus_vsearch	166	A	A	216	3	1.36%	2	1	93	93	0.12414187643025615	1	1	110	106	3	0	G
C1_BC25_191109_LF_LIB_consensus_vsearch	167	G	G	220	1	0.45%	2	1	93	93	0.4999999999999138	1	1	112	108	1	0	-T
C1_BC25_191109_LF_LIB_consensus_vsearch	168	T	T	215	2	0.9%	2	1	93	93	0.2494226327944578	1	1	109	106	2	0	-C
C1_BC25_191109_LF_LIB_consensus_vsearch	169	C	C	216	1	0.46%	2	1	93	93	0.4999999999999138	1	1	108	108	1	0	+T
C1_BC25_191109_LF_LIB_consensus_vsearch	170	C	C	215	2	0.9%	2	1	93	93	0.2494226327944578	1	1	110	105	0	2	+T
C1_BC25_191109_LF_LIB_consensus_vsearch	171	C	Y	214	9	4.04%	2	1	93	93	0.0017988361772468277	1	1	115	99	0	9	T
C1_BC25_191109_LF_LIB_consensus_vsearch	172	A	A	223	0	0%	2	0	93	0	1.0	1	0	115	108	0	0	
C1_BC25_191109_LF_LIB_consensus_vsearch	173	A	R	214	8	3.59%	2	2	93	93	0.003663533633296164	1	1	108	106	7	1	G
C1_BC25_191109_LF_LIB_consensus_vsearch	174	C	C	222	1	0.45%	2	1	93	93	0.4999999999999138	1	1	115	107	0	1	-T
C1_BC25_191109_LF_LIB_consensus_vsearch	175	T	T	213	4	1.8%	2	1	93	93	0.06163495389099757	1	1	109	104	4	0	+C
C1_BC25_191109_LF_LIB_consensus_vsearch	176	C	*/-A	191	22	9.91%	2	2	93	93	1.3465073597617135E-7	1	1	89	102	21	1	-A
C1_BC25_191109_LF_LIB_consensus_vsearch	177	A	A	198	1	0.5%	2	1	93	93	0.5000000000001412	1	1	93	105	0	1	C
C1_BC25_191109_LF_LIB_consensus_vsearch	178	A	A	214	3	1.35%	2	1	93	93	0.12413394919162732	1	1	109	105	3	0	-G
C1_BC25_191109_LF_LIB_consensus_vsearch	179	G	*/-AG	194	21	9.55%	2	1	93	93	2.8547116176505525E-7	1	1	88	106	21	0	-AG
C1_BC25_191109_LF_LIB_consensus_vsearch	180	A	A	198	2	1%	2	2	93	93	0.24937343358388336	1	1	91	107	1	1	-G
C1_BC25_191109_LF_LIB_consensus_vsearch	181	G	G	193	3	1.5%	2	1	93	93	0.12404092071614016	1	1	92	101	0	3	-T
C1_BC25_191109_LF_LIB_consensus_vsearch	182	T	*/-G	206	9	4.13%	2	1	93	93	0.001793225137980622	1	1	114	92	0	9	-G
C1_BC25_191109_LF_LIB_consensus_vsearch	183	G	G	212	0	0%	2	0	93	0	1.0	1	0	115	97	0	0	
C1_BC25_191109_LF_LIB_consensus_vsearch	184	G	G	222	1	0.45%	2	1	93	93	0.4999999999999138	1	1	115	107	0	1	A
C1_BC25_191109_LF_LIB_consensus_vsearch	185	A	A	218	4	1.79%	2	2	93	93	0.061654458623218986	1	1	113	105	2	2	G
C1_BC25_191109_LF_LIB_consensus_vsearch	186	C	C	215	5	2.24%	2	1	93	93	0.03054059830172664	1	1	109	106	5	0	+A
C1_BC25_191109_LF_LIB_consensus_vsearch	187	G	*/-TG	201	13	5.86%	2	2	93	93	1.0117417827629507E-4	1	1	106	95	1	12	-TG
C1_BC25_191109_LF_LIB_consensus_vsearch	188	T	T	207	1	0.48%	2	1	93	93	0.5000000000001412	1	1	114	93	0	1	-G
C1_BC25_191109_LF_LIB_consensus_vsearch	189	G	G	199	4	1.91%	2	2	93	93	0.061575222865550984	1	1	109	90	3	1	A
C1_BC25_191109_LF_LIB_consensus_vsearch	190	C	C	217	2	0.9%	2	1	93	93	0.24942791762028085	1	1	113	104	0	2	-T
C1_BC25_191109_LF_LIB_consensus_vsearch	191	T	T	216	3	1.35%	2	2	93	93	0.12414187643025615	1	1	112	104	2	1	C
C1_BC25_191109_LF_LIB_consensus_vsearch	192	C	C	214	6	2.7%	2	1	93	93	0.015094778470947015	1	1	108	106	6	0	-A
C1_BC25_191109_LF_LIB_consensus_vsearch	193	A	A	210	5	2.29%	2	1	93	93	0.0305241206880699	1	1	104	106	5	0	G
C1_BC25_191109_LF_LIB_consensus_vsearch	194	T	K	212	8	3.62%	2	1	93	93	0.003661360523321731	1	1	106	106	8	0	G
C1_BC25_191109_LF_LIB_consensus_vsearch	195	T	*/+G	206	9	4.04%	2	1	93	93	0.001793225137980622	1	1	101	105	9	0	+G
C1_BC25_191109_LF_LIB_consensus_vsearch	196	A	*/-G	208	9	4.04%	2	1	93	93	0.0017946657928001688	1	1	103	105	9	0	-G
C1_BC25_191109_LF_LIB_consensus_vsearch	197	G	G	211	4	1.86%	2	1	93	93	0.06162689769249	1	1	102	109	4	0	-A
C1_BC25_191109_LF_LIB_consensus_vsearch	198	A	A	215	3	1.36%	2	1	93	93	0.12413793103441495	1	1	107	108	3	0	G
C1_BC25_191109_LF_LIB_consensus_vsearch	199	T	*/-C	185	35	15.62%	2	1	93	93	6.697757349437806E-12	1	1	78	107	35	0	-C
C1_BC25_191109_LF_LIB_consensus_vsearch	200	C	C	184	5	2.65%	2	1	93	93	0.030424403183015276	1	1	80	104	0	5	T
C1_BC25_191109_LF_LIB_consensus_vsearch	201	C	C	213	4	1.79%	2	1	93	93	0.06163495389099757	1	1	111	102	0	4	+A
C1_BC25_191109_LF_LIB_consensus_vsearch	202	A	A	219	2	0.9%	2	1	93	93	0.24943310657599216	1	1	111	108	2	0	G
C1_BC25_191109_LF_LIB_consensus_vsearch	203	A	A	224	0	0%	2	0	93	0	1.0	1	0	115	109	0	0	
C1_BC25_191109_LF_LIB_consensus_vsearch	204	A	*/-C	187	29	12.95%	2	1	93	93	6.804270394596609E-10	1	1	109	78	0	29	-C
C1_BC25_191109_LF_LIB_consensus_vsearch	205	C	C	188	3	1.54%	2	1	93	93	0.124015748031514	1	1	114	74	0	3	+T
C1_BC25_191109_LF_LIB_consensus_vsearch	206	C	C	213	5	2.23%	2	1	93	93	0.030534097847134272	1	1	114	99	0	5	-T
C1_BC25_191109_LF_LIB_consensus_vsearch	207	T	T	213	3	1.38%	2	2	93	93	0.12412993039444345	1	1	113	100	2	1	C
C1_BC25_191109_LF_LIB_consensus_vsearch	208	C	C	219	1	0.45%	2	1	93	93	0.4999999999999138	1	1	114	105	1	0	+TC
C1_BC25_191109_LF_LIB_consensus_vsearch	209	G	G	221	2	0.89%	2	2	93	93	0.24943820224728358	1	1	113	108	1	1	A
C1_BC25_191109_LF_LIB_consensus_vsearch	210	T	T	210	6	2.68%	2	2	93	93	0.01508500627971554	1	1	105	105	5	1	+C
C1_BC25_191109_LF_LIB_consensus_vsearch	211	C	C	217	1	0.45%	2	1	93	93	0.4999999999999138	1	1	108	109	1	0	+A
C1_BC25_191109_LF_LIB_consensus_vsearch	212	C	C	219	3	1.34%	2	1	93	93	0.12415349887135622	1	1	111	108	3	0	-T
C1_BC25_191109_LF_LIB_consensus_vsearch	213	T	Y	194	21	9.55%	2	1	93	93	2.8547116176505525E-7	1	1	109	85	0	21	C
C1_BC25_191109_LF_LIB_consensus_vsearch	214	G	G	216	4	1.79%	2	2	93	93	0.061646763238677425	1	1	111	105	1	3	A
C1_BC25_191109_LF_LIB_consensus_vsearch	215	C	Y	192	25	11.21%	2	1	93	93	1.4318453833139122E-8	1	1	111	81	0	25	T
C1_BC25_191109_LF_LIB_consensus_vsearch	216	T	T	219	2	0.9%	2	1	93	93	0.24943310657599216	1	1	111	108	2	0	A
C1_BC25_191109_LF_LIB_consensus_vsearch	217	T	T	209	4	1.8%	2	1	93	93	0.061618690029214815	1	1	105	104	4	0	+AC
C1_BC25_191109_LF_LIB_consensus_vsearch	218	G	G	208	6	2.7%	2	2	93	93	0.015079983859610983	1	1	102	106	5	1	A
C1_BC25_191109_LF_LIB_consensus_vsearch	219	C	C	216	3	1.35%	2	2	93	93	0.12414187643025615	1	1	111	105	1	2	-A
C1_BC25_191109_LF_LIB_consensus_vsearch	220	A	*/-G	204	7	3.18%	2	2	93	93	0.007427442022474603	1	1	107	97	2	5	-G
C1_BC25_191109_LF_LIB_consensus_vsearch	221	G	G	209	2	0.93%	2	1	93	93	0.24940617577189375	1	1	110	99	2	0	+A
C1_BC25_191109_LF_LIB_consensus_vsearch	222	G	G	219	2	0.9%	2	1	93	93	0.24943310657599216	1	1	113	106	2	0	A
C1_BC25_191109_LF_LIB_consensus_vsearch	223	C	*/-A	194	11	4.98%	2	2	93	93	4.2547401580496607E-4	1	1	102	92	6	5	-A
C1_BC25_191109_LF_LIB_consensus_vsearch	224	A	A	206	1	0.48%	2	1	93	93	0.5000000000001412	1	1	108	98	0	1	+C
C1_BC25_191109_LF_LIB_consensus_vsearch	225	A	A	208	6	2.7%	2	1	93	93	0.015079983859610983	1	1	112	96	0	6	-GGT
C1_BC25_191109_LF_LIB_consensus_vsearch	226	G	G	212	1	0.47%	2	1	93	93	0.5000000000001412	1	1	114	98	1	0	+A
C1_BC25_191109_LF_LIB_consensus_vsearch	227	G	G	214	1	0.46%	2	1	93	93	0.5000000000001412	1	1	113	101	1	0	+C
C1_BC25_191109_LF_LIB_consensus_vsearch	228	T	T	211	3	1.38%	2	2	93	93	0.12412177985949331	1	1	112	99	1	2	C
C1_BC25_191109_LF_LIB_consensus_vsearch	229	G	G	217	2	0.9%	2	1	93	93	0.24942791762028085	1	1	114	103	0	2	+TG
C1_BC25_191109_LF_LIB_consensus_vsearch	230	A	A	209	5	2.25%	2	1	93	93	0.030520732883336912	1	1	112	97	0	5	+C
C1_BC25_191109_LF_LIB_consensus_vsearch	231	C	C	208	5	2.28%	2	1	93	93	0.03051731330830772	1	1	113	95	0	5	+T
C1_BC25_191109_LF_LIB_consensus_vsearch	232	T	T	211	5	2.26%	2	1	93	93	0.030527477163211258	1	1	113	98	0	5	-C
C1_BC25_191109_LF_LIB_consensus_vsearch	233	C	C	214	2	0.91%	2	2	93	93	0.24941995359642635	1	1	113	101	1	1	-A
C1_BC25_191109_LF_LIB_consensus_vsearch	234	A	A	215	6	2.7%	2	1	93	93	0.01509716650743782	1	1	107	108	6	0	G
C1_BC25_191109_LF_LIB_consensus_vsearch	235	T	*/-A	210	9	4%	2	2	93	93	0.0017960807336148846	1	1	108	102	2	7	-A
C1_BC25_191109_LF_LIB_consensus_vsearch	236	A	A	212	2	0.93%	2	1	93	93	0.24941451990645544	1	1	111	101	2	0	C
C1_BC25_191109_LF_LIB_consensus_vsearch	237	A	*/-G	215	7	3.11%	2	1	93	93	0.007446345105805389	1	1	114	101	0	7	-G
C1_BC25_191109_LF_LIB_consensus_vsearch	238	G	G	213	3	1.38%	2	1	93	93	0.12412993039444345	1	1	113	100	0	3	-C
C1_BC25_191109_LF_LIB_consensus_vsearch	239	C	C	217	2	0.9%	2	1	93	93	0.24942791762028085	1	1	112	105	2	0	-A
C1_BC25_191109_LF_LIB_consensus_vsearch	240	A	A	221	1	0.45%	2	1	93	93	0.4999999999999138	1	1	113	108	0	1	+C
C1_BC25_191109_LF_LIB_consensus_vsearch	241	T	T	213	6	2.68%	2	2	93	93	0.0150923687299321	1	1	110	103	2	4	C
C1_BC25_191109_LF_LIB_consensus_vsearch	242	C	C	220	1	0.45%	2	1	93	93	0.4999999999999138	1	1	111	109	1	0	-A
C1_BC25_191109_LF_LIB_consensus_vsearch	243	A	*/-T	205	10	4.52%	2	1	93	93	8.774450793915666E-4	1	1	107	98	0	10	-T
C1_BC25_191109_LF_LIB_consensus_vsearch	244	T	T	206	4	1.9%	2	1	93	93	0.06160608506034647	1	1	111	95	0	4	+C
C1_BC25_191109_LF_LIB_consensus_vsearch	245	T	*/+C	201	15	6.7%	2	1	93	93	2.373037043728608E-5	1	1	96	105	15	0	+C
C1_BC25_191109_LF_LIB_consensus_vsearch	246	C	*/-G	176	42	19.09%	2	2	93	93	2.553489987682912E-14	1	1	111	65	1	41	-G
C1_BC25_191109_LF_LIB_consensus_vsearch	247	G	K	163	7	3.87%	2	1	93	93	0.007335698806984051	1	1	107	56	0	7	T
C1_BC25_191109_LF_LIB_consensus_vsearch	248	G	G	220	2	0.89%	2	2	93	93	0.2494356659142869	1	1	113	107	1	1	A
C1_BC25_191109_LF_LIB_consensus_vsearch	249	A	A	217	3	1.34%	2	1	93	93	0.12414578587710072	1	1	109	108	3	0	+C
C1_BC25_191109_LF_LIB_consensus_vsearch	250	C	C	220	1	0.45%	2	1	93	93	0.4999999999999138	1	1	111	109	1	0	A
C1_BC25_191109_LF_LIB_consensus_vsearch	251	C	C	219	2	0.89%	2	1	93	93	0.24943310657599216	1	1	113	106	0	2	+GG
C1_BC25_191109_LF_LIB_consensus_vsearch	252	G	G	218	2	0.9%	2	1	93	93	0.24943052391823226	1	1	113	105	0	2	+C
C1_BC25_191109_LF_LIB_consensus_vsearch	253	C	C	219	2	0.9%	2	1	93	93	0.24943310657599216	1	1	113	106	0	2	T
C1_BC25_191109_LF_LIB_consensus_vsearch	254	T	T	212	5	2.24%	2	1	93	93	0.030530802741347875	1	1	111	101	0	5	C
C1_BC25_191109_LF_LIB_consensus_vsearch	255	C	C	218	3	1.35%	2	2	93	93	0.12414965986396012	1	1	111	107	1	2	-AG
C1_BC25_191109_LF_LIB_consensus_vsearch	256	A	*/+G	170	30	13.51%	2	1	93	93	2.8751511324343483E-10	1	1	109	61	0	30	+G
C1_BC25_191109_LF_LIB_consensus_vsearch	257	G	G	203	2	0.97%	2	2	93	93	0.2493887530563227	1	1	111	92	1	1	A
C1_BC25_191109_LF_LIB_consensus_vsearch	258	G	G	213	3	1.36%	2	2	93	93	0.12412993039444345	1	1	112	101	1	2	-CT
C1_BC25_191109_LF_LIB_consensus_vsearch	259	C	*/-T	166	46	20.91%	2	1	93	93	9.165939467991579E-16	1	1	113	53	0	46	-T
C1_BC25_191109_LF_LIB_consensus_vsearch	260	T	T	167	6	3.43%	2	1	93	93	0.014951588183402621	1	1	113	54	0	6	C
C1_BC25_191109_LF_LIB_consensus_vsearch	261	T	*/+C	200	11	4.91%	2	1	93	93	4.27186182801716E-4	1	1	111	89	0	11	+C
C1_BC25_191109_LF_LIB_consensus_vsearch	262	C	C	209	2	0.93%	2	2	93	93	0.24940617577189375	1	1	111	98	1	1	-A
C1_BC25_191109_LF_LIB_consensus_vsearch	263	A	A	212	2	0.91%	2	1	93	93	0.24941451990645544	1	1	107	105	2	0	-T
C1_BC25_191109_LF_LIB_consensus_vsearch	264	T	T	214	3	1.36%	2	1	93	93	0.12413394919162732	1	1	109	105	0	3	C
C1_BC25_191109_LF_LIB_consensus_vsearch	265	G	G	212	3	1.36%	2	2	93	93	0.1241258741259166	1	1	106	106	1	2	-CCG
C1_BC25_191109_LF_LIB_consensus_vsearch	266	C	C	215	5	2.26%	2	1	93	93	0.03054059830172664	1	1	113	102	0	5	T
C1_BC25_191109_LF_LIB_consensus_vsearch	267	C	C	215	3	1.36%	2	2	93	93	0.12413793103441495	1	1	112	103	1	2	+G
C1_BC25_191109_LF_LIB_consensus_vsearch	268	G	R	211	7	3.18%	2	1	93	93	0.007439689863414905	1	1	107	104	7	0	A
C1_BC25_191109_LF_LIB_consensus_vsearch	269	G	G	220	3	1.34%	2	2	93	93	0.12415730337075404	1	1	113	107	1	2	A
C1_BC25_191109_LF_LIB_consensus_vsearch	270	C	C	219	3	1.34%	2	1	93	93	0.12415349887135622	1	1	110	109	3	0	-GGC
C1_BC25_191109_LF_LIB_consensus_vsearch	271	G	G	214	6	2.73%	2	2	93	93	0.015094778470947015	1	1	105	109	5	1	A
C1_BC25_191109_LF_LIB_consensus_vsearch	272	G	G	221	1	0.45%	2	1	93	93	0.4999999999999138	1	1	112	109	0	1	+TAAG
C1_BC25_191109_LF_LIB_consensus_vsearch	273	C	C	216	2	0.9%	2	1	93	93	0.249425287356441	1	1	108	108	2	0	+A
C1_BC25_191109_LF_LIB_consensus_vsearch	274	G	G	220	1	0.45%	2	1	93	93	0.4999999999999138	1	1	112	108	0	1	+C
C1_BC25_191109_LF_LIB_consensus_vsearch	275	C	*/-T	205	11	4.91%	2	2	93	93	4.285433624407098E-4	1	1	99	106	8	3	-T
C1_BC25_191109_LF_LIB_consensus_vsearch	276	T	T	208	2	0.95%	2	2	93	93	0.24940334128888852	1	1	102	106	1	1	C
C1_BC25_191109_LF_LIB_consensus_vsearch	277	T	T	196	6	2.7%	2	1	93	93	0.015047771623015741	1	1	89	107	6	0	+C
C1_BC25_191109_LF_LIB_consensus_vsearch	278	C	C	213	2	0.92%	2	1	93	93	0.249417249417318	1	1	104	109	2	0	-A
C1_BC25_191109_LF_LIB_consensus_vsearch	279	A	R	209	10	4.48%	2	2	93	93	8.792003591123169E-4	1	1	104	105	9	1	G
C1_BC25_191109_LF_LIB_consensus_vsearch	280	T	T	210	4	1.81%	2	2	93	93	0.06162281305968737	1	1	109	101	1	3	+C
C1_BC25_191109_LF_LIB_consensus_vsearch	281	T	T	211	6	2.68%	2	2	93	93	0.015087482939793164	1	1	105	106	4	2	-C
C1_BC25_191109_LF_LIB_consensus_vsearch	282	C	C	199	6	2.79%	2	2	93	93	0.015056176425366772	1	1	99	100	4	2	-A
C1_BC25_191109_LF_LIB_consensus_vsearch	283	A	A	205	3	1.42%	2	2	93	93	0.12409638554214404	1	1	105	100	2	1	C
C1_BC25_191109_LF_LIB_consensus_vsearch	284	A	A	209	4	1.81%	2	1	93	93	0.061618690029214815	1	1	110	99	0	4	G
C1_BC25_191109_LF_LIB_consensus_vsearch	285	G	G	212	3	1.37%	2	1	93	93	0.1241258741259166	1	1	109	103	0	3	-T
C1_BC25_191109_LF_LIB_consensus_vsearch	286	T	T	208	3	1.38%	2	1	93	93	0.12410926365791558	1	1	110	98	0	3	C
C1_BC25_191109_LF_LIB_consensus_vsearch	287	A	A	215	4	1.83%	2	1	93	93	0.06164286277914926	1	1	112	103	0	4	C
C1_BC25_191109_LF_LIB_consensus_vsearch	288	A	A	214	4	1.8%	2	1	93	93	0.061638926495252586	1	1	111	103	0	4	+T
C1_BC25_191109_LF_LIB_consensus_vsearch	289	C	C	220	3	1.33%	2	2	93	93	0.12415730337075404	1	1	112	108	1	2	-T
C1_BC25_191109_LF_LIB_consensus_vsearch	290	T	T	210	4	1.81%	2	1	93	93	0.06162281305968737	1	1	113	97	0	4	C
C1_BC25_191109_LF_LIB_consensus_vsearch	291	G	*/-C	199	18	8.11%	2	2	93	93	2.641658197446781E-6	1	1	95	104	17	1	-C
C1_BC25_191109_LF_LIB_consensus_vsearch	292	C	C	196	2	0.99%	2	1	93	93	0.24936708860772178	1	1	95	101	0	2	+T
C1_BC25_191109_LF_LIB_consensus_vsearch	293	C	C	215	6	2.71%	2	2	93	93	0.01509716650743782	1	1	112	103	1	5	T
C1_BC25_191109_LF_LIB_consensus_vsearch	294	C	C	218	3	1.34%	2	2	93	93	0.12414965986396012	1	1	114	104	1	2	-T
C1_BC25_191109_LF_LIB_consensus_vsearch	295	T	T	211	6	2.71%	2	1	93	93	0.015087482939793164	1	1	112	99	0	6	C
C1_BC25_191109_LF_LIB_consensus_vsearch	296	A	A	219	1	0.45%	2	1	93	93	0.4999999999999138	1	1	113	106	0	1	+C
C1_BC25_191109_LF_LIB_consensus_vsearch	297	T	T	216	3	1.35%	2	2	93	93	0.12414187643025615	1	1	109	107	2	1	C
C1_BC25_191109_LF_LIB_consensus_vsearch	298	C	C	215	6	2.68%	2	2	93	93	0.01509716650743782	1	1	107	108	5	1	-AC
C1_BC25_191109_LF_LIB_consensus_vsearch	299	A	A	210	2	0.92%	2	1	93	93	0.24940898345148782	1	1	105	105	2	0	C
C1_BC25_191109_LF_LIB_consensus_vsearch	300	C	C	212	2	0.93%	2	1	93	93	0.24941451990645544	1	1	108	104	0	2	T
C1_BC25_191109_LF_LIB_consensus_vsearch	301	G	G	217	2	0.9%	2	1	93	93	0.24942791762028085	1	1	110	107	2	0	A
C1_BC25_191109_LF_LIB_consensus_vsearch	302	T	T	220	3	1.34%	2	1	93	93	0.12415730337075404	1	1	115	105	0	3	C
C1_BC25_191109_LF_LIB_consensus_vsearch	303	T	T	224	1	0.44%	2	1	93	93	0.4999999999999138	1	1	115	109	0	1	C
C1_BC25_191109_LF_LIB_consensus_vsearch	304	G	G	222	2	0.89%	2	1	93	93	0.24944071588395061	1	1	113	109	2	0	A
C1_BC25_191109_LF_LIB_consensus_vsearch	305	T	T	216	4	1.78%	2	1	93	93	0.061646763238677425	1	1	107	109	4	0	+C
C1_BC25_191109_LF_LIB_consensus_vsearch	306	C	C	219	3	1.34%	2	1	93	93	0.12415349887135622	1	1	110	109	3	0	+A
C1_BC25_191109_LF_LIB_consensus_vsearch	307	G	R	215	9	4.02%	2	1	93	93	0.0017995100038167202	1	1	106	109	9	0	A
C1_BC25_191109_LF_LIB_consensus_vsearch	308	G	G	212	4	1.78%	2	2	93	93	0.061630944461591126	1	1	106	106	2	2	A
C1_BC25_191109_LF_LIB_consensus_vsearch	309	T	Y	214	10	4.46%	2	2	93	93	8.813089995913842E-4	1	1	113	101	1	9	C
C1_BC25_191109_LF_LIB_consensus_vsearch	310	T	T	213	4	1.78%	2	1	93	93	0.06163495389099757	1	1	109	104	4	0	+A
C1_BC25_191109_LF_LIB_consensus_vsearch	311	G	G	215	4	1.78%	2	1	93	93	0.06164286277914926	1	1	109	106	4	0	T
C1_BC25_191109_LF_LIB_consensus_vsearch	312	T	*/-GT	210	9	4.04%	2	2	93	93	0.0017960807336148846	1	1	108	102	6	3	-GT
C1_BC25_191109_LF_LIB_consensus_vsearch	313	G	G	210	3	1.4%	2	2	93	93	0.1241176470588473	1	1	108	102	1	2	-T
C1_BC25_191109_LF_LIB_consensus_vsearch	314	T	T	205	2	0.94%	2	1	93	93	0.24939467312372118	1	1	102	103	2	0	C
C1_BC25_191109_LF_LIB_consensus_vsearch	315	C	*/-T	212	11	4.91%	2	1	93	93	4.303452996410444E-4	1	1	114	98	0	11	-T
C1_BC25_191109_LF_LIB_consensus_vsearch	316	T	T	210	3	1.41%	2	2	93	93	0.1241176470588473	1	1	113	97	1	2	C
C1_BC25_191109_LF_LIB_consensus_vsearch	317	T	*/-G	180	41	18.3%	2	1	93	93	5.878735775454154E-14	1	1	113	67	0	41	-G
C1_BC25_191109_LF_LIB_consensus_vsearch	318	G	G	182	1	0.55%	2	1	93	93	0.4999999999999138	1	1	114	68	0	1	C
C1_BC25_191109_LF_LIB_consensus_vsearch	319	G	G	222	1	0.45%	2	1	93	93	0.4999999999999138	1	1	114	108	0	1	A
C1_BC25_191109_LF_LIB_consensus_vsearch	320	A	A	218	4	1.79%	2	1	93	93	0.061654458623218986	1	1	108	110	4	0	-C
C1_BC25_191109_LF_LIB_consensus_vsearch	321	C	C	220	0	0%	2	0	93	0	1.0	1	0	110	110	0	0	
C1_BC25_191109_LF_LIB_consensus_vsearch	322	C	C	219	3	1.34%	2	1	93	93	0.12415349887135622	1	1	110	109	3	0	-A
C1_BC25_191109_LF_LIB_consensus_vsearch	323	A	A	219	2	0.9%	2	1	93	93	0.24943310657599216	1	1	109	110	2	0	G
C1_BC25_191109_LF_LIB_consensus_vsearch	324	C	C	221	3	1.34%	2	1	93	93	0.12416107382546236	1	1	111	110	3	0	G
C1_BC25_191109_LF_LIB_consensus_vsearch	325	C	Y	204	7	3.12%	2	1	93	93	0.007427442022474603	1	1	105	99	0	7	T
C1_BC25_191109_LF_LIB_consensus_vsearch	326	G	G	213	6	2.67%	2	1	93	93	0.0150923687299321	1	1	105	108	6	0	-A
C1_BC25_191109_LF_LIB_consensus_vsearch	327	A	A	211	3	1.38%	2	1	93	93	0.12412177985949331	1	1	103	108	3	0	+G
C1_BC25_191109_LF_LIB_consensus_vsearch	328	G	G	216	2	0.9%	2	1	93	93	0.249425287356441	1	1	111	105	2	0	+CC
C1_BC25_191109_LF_LIB_consensus_vsearch	329	C	*/-G	205	8	3.6%	2	1	93	93	0.0036534383902297935	1	1	114	91	0	8	-G
C1_BC25_191109_LF_LIB_consensus_vsearch	330	G	G	212	3	1.4%	2	1	93	93	0.1241258741259166	1	1	115	97	0	3	T
C1_BC25_191109_LF_LIB_consensus_vsearch	331	G	G	221	2	0.89%	2	2	93	93	0.24943820224728358	1	1	114	107	1	1	T
C1_BC25_191109_LF_LIB_consensus_vsearch	332	A	A	220	2	0.9%	2	1	93	93	0.2494356659142869	1	1	113	107	2	0	T
C1_BC25_191109_LF_LIB_consensus_vsearch	333	C	C	218	4	1.79%	2	2	93	93	0.061654458623218986	1	1	113	105	2	2	T
C1_BC25_191109_LF_LIB_consensus_vsearch	334	G	G	220	2	0.89%	2	1	93	93	0.2494356659142869	1	1	113	107	0	2	-ACG
C1_BC25_191109_LF_LIB_consensus_vsearch	335	A	A	213	2	0.9%	2	2	93	93	0.249417249417318	1	1	110	103	1	1	+G
C1_BC25_191109_LF_LIB_consensus_vsearch	336	C	*/-G	200	14	6.39%	2	2	93	93	4.9002433333818565E-5	1	1	108	92	3	11	-G
C1_BC25_191109_LF_LIB_consensus_vsearch	337	G	R	128	73	35.44%	2	1	93	93	3.4080328058444605E-26	1	1	34	94	73	0	A
C1_BC25_191109_LF_LIB_consensus_vsearch	338	G	G	216	6	2.7%	2	2	93	93	0.015099533131216845	1	1	108	108	5	1	A
C1_BC25_191109_LF_LIB_consensus_vsearch	339	G	G	220	2	0.89%	2	1	93	93	0.2494356659142869	1	1	112	108	0	2	-T
C1_BC25_191109_LF_LIB_consensus_vsearch	340	T	T	211	6	2.69%	2	1	93	93	0.015087482939793164	1	1	113	98	0	6	C
C1_BC25_191109_LF_LIB_consensus_vsearch	341	A	A	218	1	0.45%	2	1	93	93	0.5000000000003686	1	1	112	106	0	1	C
C1_BC25_191109_LF_LIB_consensus_vsearch	342	A	A	218	3	1.35%	2	2	93	93	0.12414965986396012	1	1	112	106	1	2	G
C1_BC25_191109_LF_LIB_consensus_vsearch	343	C	*/-G	145	44	19.82%	2	2	93	93	3.3340259995283746E-15	1	1	58	87	28	16	-G
C1_BC25_191109_LF_LIB_consensus_vsearch	344	G	R	142	12	7.5%	2	1	93	93	1.9540851627590763E-4	1	1	52	90	12	0	A
C1_BC25_191109_LF_LIB_consensus_vsearch	345	G	G	195	4	1.96%	2	1	93	93	0.06155661129354525	1	1	89	106	4	0	A
C1_BC25_191109_LF_LIB_consensus_vsearch	346	G	G	212	3	1.38%	2	1	93	93	0.1241258741259166	1	1	103	109	3	0	A
C1_BC25_191109_LF_LIB_consensus_vsearch	347	G	*/-A	190	17	7.59%	2	2	93	93	5.4182475667478395E-6	1	1	82	108	16	1	-A
C1_BC25_191109_LF_LIB_consensus_vsearch	348	A	A	202	4	1.93%	2	1	93	93	0.06158870665501416	1	1	93	109	4	0	G
C1_BC25_191109_LF_LIB_consensus_vsearch	349	A	*/-T	206	12	5.33%	2	2	93	93	2.089820970245861E-4	1	1	101	105	9	3	-T
C1_BC25_191109_LF_LIB_consensus_vsearch	350	T	K	191	20	9.39%	2	1	93	93	5.947187199983573E-7	1	1	85	106	20	0	G
C1_BC25_191109_LF_LIB_consensus_vsearch	351	T	T	207	6	2.67%	2	1	93	93	0.015077437453979417	1	1	97	110	6	0	-A
C1_BC25_191109_LF_LIB_consensus_vsearch	352	A	*/+G	188	11	5.02%	2	1	93	93	4.2366328040616125E-4	1	1	94	94	0	11	+G
C1_BC25_191109_LF_LIB_consensus_vsearch	353	G	G	205	6	2.8%	2	2	93	93	0.015072272591959035	1	1	99	106	5	1	-A
C1_BC25_191109_LF_LIB_consensus_vsearch	354	A	A	210	3	1.39%	2	1	93	93	0.1241176470588473	1	1	104	106	3	0	-G
C1_BC25_191109_LF_LIB_consensus_vsearch	355	G	G	215	1	0.46%	2	1	93	93	0.4999999999999138	1	1	110	105	1	0	+AG
C1_BC25_191109_LF_LIB_consensus_vsearch	356	T	T	220	3	1.34%	2	2	93	93	0.12415730337075404	1	1	112	108	2	1	C
C1_BC25_191109_LF_LIB_consensus_vsearch	357	T	T	223	1	0.45%	2	1	93	93	0.5000000000003686	1	1	115	108	0	1	C
C1_BC25_191109_LF_LIB_consensus_vsearch	358	C	C	220	2	0.89%	2	1	93	93	0.2494356659142869	1	1	113	107	0	2	+G
C1_BC25_191109_LF_LIB_consensus_vsearch	359	G	G	221	1	0.45%	2	1	93	93	0.4999999999999138	1	1	111	110	1	0	+A
C1_BC25_191109_LF_LIB_consensus_vsearch	360	A	A	220	1	0.45%	2	1	93	93	0.4999999999999138	1	1	112	108	0	1	+C
C1_BC25_191109_LF_LIB_consensus_vsearch	361	T	T	218	4	1.79%	2	1	93	93	0.061654458623218986	1	1	114	104	0	4	+C
C1_BC25_191109_LF_LIB_consensus_vsearch	362	T	*/-C	190	31	13.84%	2	2	93	93	1.5026665253615298E-10	1	1	88	102	24	7	-C
C1_BC25_191109_LF_LIB_consensus_vsearch	363	C	C	194	0	0%	2	0	93	0	1.0	1	0	91	103	0	0	
C1_BC25_191109_LF_LIB_consensus_vsearch	364	C	*/-G	192	29	12.89%	2	1	93	93	6.972287447898337E-10	1	1	112	80	0	29	-G
C1_BC25_191109_LF_LIB_consensus_vsearch	365	G	G	191	3	1.55%	2	1	93	93	0.1240310077519331	1	1	113	78	0	3	+A
C1_BC25_191109_LF_LIB_consensus_vsearch	366	G	G	223	0	0%	2	0	93	0	1.0	1	0	113	110	0	0	
C1_BC25_191109_LF_LIB_consensus_vsearch	367	A	A	213	4	1.79%	2	2	93	93	0.06163495389099757	1	1	109	104	1	3	-G
C1_BC25_191109_LF_LIB_consensus_vsearch	368	G	*/-A	175	38	17.27%	2	2	93	93	5.939783165544687E-13	1	1	73	102	37	1	-A
C1_BC25_191109_LF_LIB_consensus_vsearch	369	A	A	185	1	0.54%	2	1	93	93	0.5000000000001412	1	1	77	108	1	0	+G
C1_BC25_191109_LF_LIB_consensus_vsearch	370	A	A	221	2	0.89%	2	2	93	93	0.24943820224728358	1	1	112	109	1	1	G
C1_BC25_191109_LF_LIB_consensus_vsearch	371	A	A	224	1	0.44%	2	1	93	93	0.4999999999999138	1	1	115	109	0	1	T
C1_BC25_191109_LF_LIB_consensus_vsearch	372	G	G	218	2	0.89%	2	1	93	93	0.24943052391823226	1	1	110	108	2	0	-A
C1_BC25_191109_LF_LIB_consensus_vsearch	373	A	A	215	3	1.35%	2	1	93	93	0.12413793103441495	1	1	108	107	3	0	G
C1_BC25_191109_LF_LIB_consensus_vsearch	374	G	G	220	2	0.9%	2	1	93	93	0.2494356659142869	1	1	112	108	2	0	+AG
C1_BC25_191109_LF_LIB_consensus_vsearch	375	C	C	221	3	1.33%	2	2	93	93	0.12416107382546236	1	1	113	108	1	2	T
C1_BC25_191109_LF_LIB_consensus_vsearch	376	A	A	216	2	0.89%	2	2	93	93	0.249425287356441	1	1	110	106	1	1	-T
C1_BC25_191109_LF_LIB_consensus_vsearch	377	T	T	217	2	0.9%	2	1	93	93	0.24942791762028085	1	1	108	109	2	0	+A
C1_BC25_191109_LF_LIB_consensus_vsearch	378	G	G	222	2	0.89%	2	2	93	93	0.24944071588395061	1	1	114	108	1	1	-A
C1_BC25_191109_LF_LIB_consensus_vsearch	379	A	A	215	5	2.24%	2	1	93	93	0.03054059830172664	1	1	106	109	5	0	-G
C1_BC25_191109_LF_LIB_consensus_vsearch	380	G	G	216	1	0.45%	2	1	93	93	0.4999999999999138	1	1	108	108	1	0	+A
C1_BC25_191109_LF_LIB_consensus_vsearch	381	A	A	219	4	1.79%	2	2	93	93	0.06165825449566743	1	1	112	107	1	3	G
C1_BC25_191109_LF_LIB_consensus_vsearch	382	C	*/-AC	208	8	3.57%	2	1	93	93	0.0036568954742723925	1	1	100	108	8	0	-AC
C1_BC25_191109_LF_LIB_consensus_vsearch	383	A	A	209	2	0.94%	2	2	93	93	0.24940617577189375	1	1	101	108	1	1	T
C1_BC25_191109_LF_LIB_consensus_vsearch	384	C	C	207	3	1.41%	2	2	93	93	0.12410501193315207	1	1	101	106	1	2	-G
C1_BC25_191109_LF_LIB_consensus_vsearch	385	G	G	215	2	0.91%	2	1	93	93	0.2494226327944578	1	1	109	106	2	0	A
C1_BC25_191109_LF_LIB_consensus_vsearch	386	G	G	224	1	0.44%	2	1	93	93	0.4999999999999138	1	1	115	109	0	1	T
C1_BC25_191109_LF_LIB_consensus_vsearch	387	C	*/-T	216	7	3.11%	2	1	93	93	0.007447971960236055	1	1	114	102	0	7	-T
C1_BC25_191109_LF_LIB_consensus_vsearch	388	T	T	217	1	0.46%	2	1	93	93	0.4999999999999138	1	1	114	103	1	0	C
C1_BC25_191109_LF_LIB_consensus_vsearch	389	C	*/-T	171	47	20.89%	2	1	93	93	4.3993900727679327E-16	1	1	114	57	0	47	-T
C1_BC25_191109_LF_LIB_consensus_vsearch	390	T	T	171	3	1.71%	2	2	93	93	0.1239193083573888	1	1	113	58	1	2	C
C1_BC25_191109_LF_LIB_consensus_vsearch	391	T	T	216	2	0.9%	2	2	93	93	0.249425287356441	1	1	113	103	1	1	-A
C1_BC25_191109_LF_LIB_consensus_vsearch	392	A	A	218	3	1.35%	2	1	93	93	0.12414965986396012	1	1	113	105	0	3	G
C1_BC25_191109_LF_LIB_consensus_vsearch	393	C	C	219	2	0.9%	2	1	93	93	0.24943310657599216	1	1	114	105	0	2	T
C1_BC25_191109_LF_LIB_consensus_vsearch	394	A	A	221	1	0.45%	2	1	93	93	0.4999999999999138	1	1	113	108	1	0	+CA
C1_BC25_191109_LF_LIB_consensus_vsearch	395	T	*/-C	214	7	3.14%	2	1	93	93	0.007444703667648697	1	1	106	108	7	0	-C
C1_BC25_191109_LF_LIB_consensus_vsearch	396	C	C	208	3	1.39%	2	1	93	93	0.12410926365791558	1	1	104	104	0	3	T
C1_BC25_191109_LF_LIB_consensus_vsearch	397	C	*/-A	183	22	9.87%	2	2	93	93	1.315162668616882E-7	1	1	87	96	13	9	-A
C1_BC25_191109_LF_LIB_consensus_vsearch	398	A	A	196	2	1%	2	1	93	93	0.24936708860772178	1	1	102	94	0	2	G
C1_BC25_191109_LF_LIB_consensus_vsearch	399	A	*/-G	205	8	3.57%	2	2	93	93	0.0036534383902297935	1	1	106	99	6	2	-G
C1_BC25_191109_LF_LIB_consensus_vsearch	400	G	K	197	10	4.65%	2	1	93	93	8.737377439902802E-4	1	1	106	91	0	10	T
C1_BC25_191109_LF_LIB_consensus_vsearch	401	G	*/+A	193	19	8.52%	2	2	93	93	1.2509044651274263E-6	1	1	92	101	18	1	+A
C1_BC25_191109_LF_LIB_consensus_vsearch	402	A	A	217	1	0.46%	2	1	93	93	0.4999999999999138	1	1	110	107	1	0	+G
C1_BC25_191109_LF_LIB_consensus_vsearch	403	A	*/-G	212	7	3.15%	2	2	93	93	0.00744137624879223	1	1	112	100	1	6	-G
C1_BC25_191109_LF_LIB_consensus_vsearch	404	G	*/+C	196	7	3.29%	2	1	93	93	0.007412420836520295	1	1	108	88	0	7	+C
C1_BC25_191109_LF_LIB_consensus_vsearch	405	G	G	221	0	0%	2	0	93	0	1.0	1	0	114	107	0	0	
C1_BC25_191109_LF_LIB_consensus_vsearch	406	C	C	218	2	0.9%	2	2	93	93	0.24943052391823226	1	1	111	107	1	1	-A
C1_BC25_191109_LF_LIB_consensus_vsearch	407	A	A	215	5	2.26%	2	2	93	93	0.03054059830172664	1	1	107	108	4	1	G
C1_BC25_191109_LF_LIB_consensus_vsearch	408	G	R	207	8	3.59%	2	1	93	93	0.003655753662936563	1	1	100	107	8	0	A
C1_BC25_191109_LF_LIB_consensus_vsearch	409	C	C	210	3	1.38%	2	1	93	93	0.1241176470588473	1	1	106	104	3	0	+G
C1_BC25_191109_LF_LIB_consensus_vsearch	410	A	A	209	4	1.85%	2	2	93	93	0.061618690029214815	1	1	106	103	3	1	-G
C1_BC25_191109_LF_LIB_consensus_vsearch	411	G	G	208	5	2.34%	2	1	93	93	0.03051731330830772	1	1	103	105	5	0	+A
C1_BC25_191109_LF_LIB_consensus_vsearch	412	G	G	222	1	0.45%	2	1	93	93	0.4999999999999138	1	1	113	109	1	0	+A
C1_BC25_191109_LF_LIB_consensus_vsearch	413	C	C	220	1	0.45%	2	1	93	93	0.4999999999999138	1	1	113	107	0	1	A
C1_BC25_191109_LF_LIB_consensus_vsearch	414	G	R	214	8	3.59%	2	2	93	93	0.003663533633296164	1	1	106	108	7	1	A
C1_BC25_191109_LF_LIB_consensus_vsearch	415	C	*/-GC	182	28	12.56%	2	2	93	93	1.4209132653381032E-9	1	1	93	89	14	14	-GC
C1_BC25_191109_LF_LIB_consensus_vsearch	416	G	G	180	4	2.12%	2	2	93	93	0.06147960135865969	1	1	89	91	3	1	A
C1_BC25_191109_LF_LIB_consensus_vsearch	417	C	*/-A	148	39	20.31%	2	2	93	93	1.9884491647580075E-13	1	1	92	56	4	35	-A
C1_BC25_191109_LF_LIB_consensus_vsearch	418	A	A	178	1	0.56%	2	1	93	93	0.4999999999999138	1	1	106	72	1	0	+CCA
C1_BC25_191109_LF_LIB_consensus_vsearch	419	A	A	220	2	0.9%	2	2	93	93	0.2494356659142869	1	1	112	108	1	1	G
C1_BC25_191109_LF_LIB_consensus_vsearch	420	A	A	220	2	0.89%	2	1	93	93	0.2494356659142869	1	1	113	107	0	2	-T
C1_BC25_191109_LF_LIB_consensus_vsearch	421	T	T	218	2	0.9%	2	2	93	93	0.24943052391823226	1	1	111	107	1	1	C
C1_BC25_191109_LF_LIB_consensus_vsearch	422	T	*/-AC	209	8	3.57%	2	1	93	93	0.003658026926953576	1	1	104	105	8	0	-AC
C1_BC25_191109_LF_LIB_consensus_vsearch	423	A	A	206	4	1.88%	2	2	93	93	0.06160608506034647	1	1	99	107	3	1	-C
C1_BC25_191109_LF_LIB_consensus_vsearch	424	C	C	204	4	1.9%	2	2	93	93	0.06159747950639958	1	1	101	103	2	2	T
C1_BC25_191109_LF_LIB_consensus_vsearch	425	C	S	212	8	3.59%	2	1	93	93	0.003661360523321731	1	1	104	108	8	0	G
C1_BC25_191109_LF_LIB_consensus_vsearch	426	C	Y	208	10	4.46%	2	2	93	93	8.787673881990181E-4	1	1	107	101	4	6	T
C1_BC25_191109_LF_LIB_consensus_vsearch	427	A	A	220	1	0.45%	2	1	93	93	0.4999999999999138	1	1	112	108	0	1	+C
C1_BC25_191109_LF_LIB_consensus_vsearch	428	A	A	218	2	0.9%	2	1	93	93	0.24943052391823226	1	1	112	106	0	2	C
C1_BC25_191109_LF_LIB_consensus_vsearch	429	T	T	214	5	2.25%	2	2	93	93	0.030537362897492103	1	1	112	102	1	4	C
C1_BC25_191109_LF_LIB_consensus_vsearch	430	A	A	220	1	0.45%	2	1	93	93	0.4999999999999138	1	1	112	108	0	1	+G
C1_BC25_191109_LF_LIB_consensus_vsearch	431	C	C	216	4	1.79%	2	1	93	93	0.061646763238677425	1	1	108	108	4	0	-ACAC
C1_BC25_191109_LF_LIB_consensus_vsearch	432	A	A	214	2	0.92%	2	2	93	93	0.24941995359642635	1	1	108	106	1	1	G
C1_BC25_191109_LF_LIB_consensus_vsearch	433	C	*/-AC	171	34	15.67%	2	2	93	93	1.3092085309996874E-11	1	1	70	101	33	1	-AC
C1_BC25_191109_LF_LIB_consensus_vsearch	434	A	A	164	4	2.31%	2	2	93	93	0.06138227780017282	1	1	67	97	1	3	G
C1_BC25_191109_LF_LIB_consensus_vsearch	435	C	C	166	3	1.73%	2	2	93	93	0.12388724035606233	1	1	67	99	1	2	T
C1_BC25_191109_LF_LIB_consensus_vsearch	436	G	G	203	2	0.95%	2	1	93	93	0.2493887530563227	1	1	103	100	2	0	+A
C1_BC25_191109_LF_LIB_consensus_vsearch	437	T	T	205	3	1.43%	2	2	93	93	0.12409638554214404	1	1	106	99	1	2	C
C1_BC25_191109_LF_LIB_consensus_vsearch	438	G	*/-TGTG	201	17	7.69%	2	1	93	93	5.516424489829313E-6	1	1	112	89	0	17	-TGTG
C1_BC25_191109_LF_LIB_consensus_vsearch	439	T	T	200	3	1.46%	2	2	93	93	0.12407407407409911	1	1	110	90	2	1	C
C1_BC25_191109_LF_LIB_consensus_vsearch	440	G	*/-TG	167	36	17.48%	2	2	93	93	2.650398377935554E-12	1	1	105	62	6	30	-TG
C1_BC25_191109_LF_LIB_consensus_vsearch	441	T	T	160	5	2.96%	2	2	93	93	0.030304509076710208	1	1	102	58	2	3	C
C1_BC25_191109_LF_LIB_consensus_vsearch	442	G	*/-AG	153	7	4.14%	2	1	93	93	0.007306283766632104	1	1	97	56	7	0	-AG
C1_BC25_191109_LF_LIB_consensus_vsearch	443	A	*/-G	197	11	5.16%	2	2	93	93	4.263419112240475E-4	1	1	91	106	10	1	-G
C1_BC25_191109_LF_LIB_consensus_vsearch	444	G	G	197	3	1.48%	2	1	93	93	0.1240601503759118	1	1	91	106	3	0	+A
C1_BC25_191109_LF_LIB_consensus_vsearch	445	G	G	220	1	0.45%	2	1	93	93	0.4999999999999138	1	1	112	108	1	0	-TAG
C1_BC25_191109_LF_LIB_consensus_vsearch	446	T	T	214	2	0.89%	2	2	93	93	0.24941995359642635	1	1	111	103	1	1	-A
C1_BC25_191109_LF_LIB_consensus_vsearch	447	A	A	213	5	2.25%	2	1	93	93	0.030534097847134272	1	1	108	105	5	0	G
C1_BC25_191109_LF_LIB_consensus_vsearch	448	G	G	217	2	0.91%	2	1	93	93	0.24942791762028085	1	1	114	103	0	2	-C
C1_BC25_191109_LF_LIB_consensus_vsearch	449	C	C	211	5	2.25%	2	2	93	93	0.030527477163211258	1	1	111	100	1	4	T
C1_BC25_191109_LF_LIB_consensus_vsearch	450	G	G	218	2	0.9%	2	2	93	93	0.24943052391823226	1	1	111	107	1	1	A
C1_BC25_191109_LF_LIB_consensus_vsearch	451	A	A	221	2	0.89%	2	1	93	93	0.24943820224728358	1	1	114	107	0	2	G
C1_BC25_191109_LF_LIB_consensus_vsearch	452	C	C	218	3	1.34%	2	1	93	93	0.12414965986396012	1	1	110	108	3	0	+A
C1_BC25_191109_LF_LIB_consensus_vsearch	453	A	A	217	5	2.22%	2	2	93	93	0.03054698177238809	1	1	112	105	2	3	T
C1_BC25_191109_LF_LIB_consensus_vsearch	454	G	G	215	2	0.9%	2	1	93	93	0.2494226327944578	1	1	111	104	0	2	-TA
C1_BC25_191109_LF_LIB_consensus_vsearch	455	T	T	212	5	2.25%	2	1	93	93	0.030530802741347875	1	1	112	100	0	5	C
C1_BC25_191109_LF_LIB_consensus_vsearch	456	A	A	216	2	0.9%	2	1	93	93	0.249425287356441	1	1	112	104	0	2	G
C1_BC25_191109_LF_LIB_consensus_vsearch	457	C	C	215	4	1.79%	2	1	93	93	0.06164286277914926	1	1	111	104	0	4	G
C1_BC25_191109_LF_LIB_consensus_vsearch	458	A	A	214	3	1.34%	2	1	93	93	0.12413394919162732	1	1	109	105	0	3	-TA
C1_BC25_191109_LF_LIB_consensus_vsearch	459	T	T	215	3	1.35%	2	2	93	93	0.12413793103441495	1	1	113	102	2	1	C
C1_BC25_191109_LF_LIB_consensus_vsearch	460	A	A	219	1	0.45%	2	1	93	93	0.4999999999999138	1	1	114	105	0	1	+C
C1_BC25_191109_LF_LIB_consensus_vsearch	461	A	A	216	3	1.34%	2	2	93	93	0.12414187643025615	1	1	109	107	2	1	G
C1_BC25_191109_LF_LIB_consensus_vsearch	462	C	C	220	1	0.45%	2	1	93	93	0.4999999999999138	1	1	112	108	0	1	+A
C1_BC25_191109_LF_LIB_consensus_vsearch	463	A	A	220	1	0.45%	2	1	93	93	0.4999999999999138	1	1	112	108	0	1	+G
C1_BC25_191109_LF_LIB_consensus_vsearch	464	A	A	218	1	0.45%	2	1	93	93	0.5000000000003686	1	1	112	106	0	1	+CAA
C1_BC25_191109_LF_LIB_consensus_vsearch	465	T	*/-G	208	7	3.14%	2	2	93	93	0.007434537497224064	1	1	111	97	2	5	-G
C1_BC25_191109_LF_LIB_consensus_vsearch	466	G	G	210	3	1.39%	2	2	93	93	0.1241176470588473	1	1	109	101	2	1	A
C1_BC25_191109_LF_LIB_consensus_vsearch	467	G	G	220	2	0.9%	2	1	93	93	0.2494356659142869	1	1	114	106	0	2	A
C1_BC25_191109_LF_LIB_consensus_vsearch	468	G	G	218	3	1.34%	2	1	93	93	0.12414965986396012	1	1	110	108	3	0	+A
C1_BC25_191109_LF_LIB_consensus_vsearch	469	G	G	221	2	0.89%	2	1	93	93	0.24943820224728358	1	1	114	107	0	2	A
C1_BC25_191109_LF_LIB_consensus_vsearch	470	C	*/-GC	206	12	5.38%	2	2	93	93	2.089820970245861E-4	1	1	104	102	8	4	-GC
C1_BC25_191109_LF_LIB_consensus_vsearch	471	G	G	207	3	1.42%	2	2	93	93	0.12410501193315207	1	1	104	103	2	1	A
C1_BC25_191109_LF_LIB_consensus_vsearch	472	C	C	198	6	2.83%	2	1	93	93	0.015053402150168234	1	1	103	95	0	6	+A
C1_BC25_191109_LF_LIB_consensus_vsearch	473	A	A	221	2	0.9%	2	1	93	93	0.24943820224728358	1	1	111	110	2	0	T
C1_BC25_191109_LF_LIB_consensus_vsearch	474	C	Y	204	8	3.57%	2	2	93	93	0.0036522646351654408	1	1	104	100	2	6	T
C1_BC25_191109_LF_LIB_consensus_vsearch	475	G	G	219	2	0.9%	2	1	93	93	0.24943310657599216	1	1	111	108	2	0	+A
C1_BC25_191109_LF_LIB_consensus_vsearch	476	A	A	214	5	2.24%	2	2	93	93	0.030537362897492103	1	1	109	105	2	3	-G
C1_BC25_191109_LF_LIB_consensus_vsearch	477	G	G	211	2	0.92%	2	1	93	93	0.24941176470603904	1	1	107	104	2	0	+AG
C1_BC25_191109_LF_LIB_consensus_vsearch	478	C	C	215	3	1.35%	2	1	93	93	0.12413793103441495	1	1	111	104	0	3	-A
C1_BC25_191109_LF_LIB_consensus_vsearch	479	A	A	220	0	0%	2	0	93	0	1.0	1	0	113	107	0	0	
C1_BC25_191109_LF_LIB_consensus_vsearch	480	A	A	223	1	0.45%	2	1	93	93	0.5000000000003686	1	1	113	110	1	0	G
C1_BC25_191109_LF_LIB_consensus_vsearch	481	T	T	219	3	1.34%	2	1	93	93	0.12415349887135622	1	1	112	107	0	3	C
C1_BC25_191109_LF_LIB_consensus_vsearch	482	G	G	216	5	2.22%	2	1	93	93	0.030543804461782422	1	1	112	104	0	5	-TG
C1_BC25_191109_LF_LIB_consensus_vsearch	483	T	T	212	4	1.82%	2	2	93	93	0.061630944461591126	1	1	112	100	2	2	C
C1_BC25_191109_LF_LIB_consensus_vsearch	484	G	G	219	1	0.45%	2	1	93	93	0.4999999999999138	1	1	114	105	1	0	+TG
C1_BC25_191109_LF_LIB_consensus_vsearch	485	A	*/+C	204	10	4.44%	2	1	93	93	8.769963348909129E-4	1	1	97	107	10	0	+C
C1_BC25_191109_LF_LIB_consensus_vsearch	486	C	C	216	2	0.91%	2	1	93	93	0.249425287356441	1	1	110	106	0	2	+T
C1_BC25_191109_LF_LIB_consensus_vsearch	487	C	C	215	5	2.22%	2	1	93	93	0.03054059830172664	1	1	115	100	0	5	+T
C1_BC25_191109_LF_LIB_consensus_vsearch	488	T	*/-A	197	19	8.6%	2	2	93	93	1.261162399210312E-6	1	1	95	102	18	1	-A
C1_BC25_191109_LF_LIB_consensus_vsearch	489	A	A	200	3	1.46%	2	2	93	93	0.12407407407409911	1	1	93	107	1	2	C
C1_BC25_191109_LF_LIB_consensus_vsearch	490	A	A	218	2	0.89%	2	1	93	93	0.24943052391823226	1	1	109	109	2	0	-T
C1_BC25_191109_LF_LIB_consensus_vsearch	491	T	K	205	14	6.31%	2	1	93	93	4.9256649870734555E-5	1	1	98	107	14	0	G
C1_BC25_191109_LF_LIB_consensus_vsearch	492	T	*/-G	179	39	17.41%	2	2	93	93	2.811710793012385E-13	1	1	107	72	3	36	-G
C1_BC25_191109_LF_LIB_consensus_vsearch	493	G	G	182	2	1.08%	2	1	93	93	0.2493188010900035	1	1	110	72	2	0	A
C1_BC25_191109_LF_LIB_consensus_vsearch	494	G	G	218	4	1.79%	2	2	93	93	0.061654458623218986	1	1	113	105	1	3	A
C1_BC25_191109_LF_LIB_consensus_vsearch	495	A	A	221	2	0.9%	2	1	93	93	0.24943820224728358	1	1	112	109	2	0	+G
C1_BC25_191109_LF_LIB_consensus_vsearch	496	A	A	221	1	0.45%	2	1	93	93	0.4999999999999138	1	1	114	107	0	1	+T
C1_BC25_191109_LF_LIB_consensus_vsearch	497	T	T	218	4	1.78%	2	1	93	93	0.061654458623218986	1	1	109	109	4	0	+A
C1_BC25_191109_LF_LIB_consensus_vsearch	498	G	G	222	2	0.89%	2	1	93	93	0.24944071588395061	1	1	112	110	2	0	-A
C1_BC25_191109_LF_LIB_consensus_vsearch	499	A	A	220	1	0.45%	2	1	93	93	0.4999999999999138	1	1	111	109	0	1	+T
C1_BC25_191109_LF_LIB_consensus_vsearch	500	G	*/-C	199	19	8.52%	2	1	93	93	1.266174101535565E-6	1	1	92	107	19	0	-C
C1_BC25_191109_LF_LIB_consensus_vsearch	501	C	*/+T	174	21	10.34%	2	1	93	93	2.700342363196343E-7	1	1	94	80	0	21	+T
C1_BC25_191109_LF_LIB_consensus_vsearch	502	C	*/-T	194	19	8.56%	2	2	93	93	1.2534988212656054E-6	1	1	110	84	1	18	-T
C1_BC25_191109_LF_LIB_consensus_vsearch	503	T	T	192	4	1.96%	2	1	93	93	0.061542153465828975	1	1	109	83	0	4	+C
C1_BC25_191109_LF_LIB_consensus_vsearch	504	A	A	213	3	1.36%	2	1	93	93	0.12412993039444345	1	1	109	104	0	3	G
C1_BC25_191109_LF_LIB_consensus_vsearch	505	A	A	216	3	1.35%	2	1	93	93	0.12414187643025615	1	1	113	103	0	3	+T
C1_BC25_191109_LF_LIB_consensus_vsearch	506	T	T	216	4	1.79%	2	1	93	93	0.061646763238677425	1	1	113	103	0	4	C
C1_BC25_191109_LF_LIB_consensus_vsearch	507	C	C	216	3	1.33%	2	2	93	93	0.12414187643025615	1	1	113	103	1	2	-T
C1_BC25_191109_LF_LIB_consensus_vsearch	508	T	*/-A	193	9	4.11%	2	2	93	93	0.0017831826885241658	1	1	102	91	5	4	-A
C1_BC25_191109_LF_LIB_consensus_vsearch	509	A	A	212	1	0.47%	2	1	93	93	0.5000000000001412	1	1	109	103	0	1	C
C1_BC25_191109_LF_LIB_consensus_vsearch	510	A	A	223	1	0.45%	2	1	93	93	0.5000000000003686	1	1	115	108	0	1	C
C1_BC25_191109_LF_LIB_consensus_vsearch	511	A	A	221	1	0.45%	2	1	93	93	0.4999999999999138	1	1	113	108	1	0	-G
C1_BC25_191109_LF_LIB_consensus_vsearch	512	G	G	216	3	1.35%	2	1	93	93	0.12414187643025615	1	1	111	105	0	3	+T
C1_BC25_191109_LF_LIB_consensus_vsearch	513	C	*/-T	207	14	6.25%	2	2	93	93	4.93553660030744E-5	1	1	112	95	1	13	-T
C1_BC25_191109_LF_LIB_consensus_vsearch	514	T	T	200	5	2.38%	2	2	93	93	0.03048875726138147	1	1	111	89	1	4	+C
C1_BC25_191109_LF_LIB_consensus_vsearch	515	C	C	219	2	0.89%	2	1	93	93	0.24943310657599216	1	1	111	108	2	0	-T
C1_BC25_191109_LF_LIB_consensus_vsearch	516	T	T	206	6	2.7%	2	1	93	93	0.015074867144143777	1	1	104	102	0	6	+G
C1_BC25_191109_LF_LIB_consensus_vsearch	517	G	*/-A	204	10	4.57%	2	1	93	93	8.769963348909129E-4	1	1	95	109	10	0	-A
C1_BC25_191109_LF_LIB_consensus_vsearch	518	A	A	210	2	0.93%	2	1	93	93	0.24940898345148782	1	1	103	107	0	2	C
C1_BC25_191109_LF_LIB_consensus_vsearch	519	G	*/-T	200	19	8.52%	2	2	93	93	1.268651398690971E-6	1	1	111	89	1	18	-T
C1_BC25_191109_LF_LIB_consensus_vsearch	520	T	T	199	3	1.48%	2	1	93	93	0.12406947890824477	1	1	112	87	0	3	C
C1_BC25_191109_LF_LIB_consensus_vsearch	521	G	G	217	1	0.45%	2	1	93	93	0.4999999999999138	1	1	112	105	0	1	+AA
C1_BC25_191109_LF_LIB_consensus_vsearch	522	A	A	218	3	1.35%	2	2	93	93	0.12414965986396012	1	1	110	108	2	1	-G
C1_BC25_191109_LF_LIB_consensus_vsearch	523	G	G	220	0	0%	2	0	93	0	1.0	1	0	111	109	0	0	
C1_BC25_191109_LF_LIB_consensus_vsearch	524	C	C	218	3	1.34%	2	2	93	93	0.12414965986396012	1	1	111	107	2	1	-A
C1_BC25_191109_LF_LIB_consensus_vsearch	525	A	A	221	1	0.45%	2	1	93	93	0.4999999999999138	1	1	112	109	1	0	+GGCA
C1_BC25_191109_LF_LIB_consensus_vsearch	526	A	A	218	4	1.78%	2	1	93	93	0.061654458623218986	1	1	109	109	4	0	G
C1_BC25_191109_LF_LIB_consensus_vsearch	527	C	C	219	2	0.9%	2	1	93	93	0.24943310657599216	1	1	112	107	0	2	T
C1_BC25_191109_LF_LIB_consensus_vsearch	528	G	*/-A	213	8	3.56%	2	1	93	93	0.0036624519192641563	1	1	104	109	8	0	-A
C1_BC25_191109_LF_LIB_consensus_vsearch	529	A	A	213	1	0.46%	2	1	93	93	0.4999999999999138	1	1	104	109	1	0	+G
C1_BC25_191109_LF_LIB_consensus_vsearch	530	T	K	214	9	4.04%	2	1	93	93	0.0017988361772468277	1	1	105	109	9	0	G
C1_BC25_191109_LF_LIB_consensus_vsearch	531	T	*/-G	159	62	27.56%	2	1	93	93	1.4733336940791783E-21	1	1	113	46	0	62	-G
C1_BC25_191109_LF_LIB_consensus_vsearch	532	G	G	159	2	1.23%	2	1	93	93	0.24922118380061456	1	1	114	45	0	2	+A
C1_BC25_191109_LF_LIB_consensus_vsearch	533	G	G	217	3	1.33%	2	2	93	93	0.12414578587710072	1	1	111	106	1	2	-A
C1_BC25_191109_LF_LIB_consensus_vsearch	534	A	*/-G	193	17	7.69%	2	2	93	93	5.4459068540119155E-6	1	1	96	97	11	6	-G
C1_BC25_191109_LF_LIB_consensus_vsearch	535	G	G	200	2	0.97%	2	1	93	93	0.24937965260552358	1	1	101	99	0	2	+T
C1_BC25_191109_LF_LIB_consensus_vsearch	536	G	*/+A	207	12	5.36%	2	1	93	93	2.091345729349345E-4	1	1	98	109	12	0	+A
C1_BC25_191109_LF_LIB_consensus_vsearch	537	G	R	211	7	3.11%	2	1	93	93	0.007439689863414905	1	1	102	109	7	0	A
C1_BC25_191109_LF_LIB_consensus_vsearch	538	C	C	199	6	2.69%	2	2	93	93	0.015056176425366772	1	1	102	97	2	4	-A
C1_BC25_191109_LF_LIB_consensus_vsearch	539	A	A	206	3	1.4%	2	1	93	93	0.1241007194244273	1	1	105	101	3	0	+G
C1_BC25_191109_LF_LIB_consensus_vsearch	540	A	A	213	2	0.91%	2	2	93	93	0.249417249417318	1	1	110	103	1	1	G
C1_BC25_191109_LF_LIB_consensus_vsearch	541	G	G	214	4	1.79%	2	1	93	93	0.061638926495252586	1	1	109	105	4	0	A
C1_BC25_191109_LF_LIB_consensus_vsearch	542	T	T	220	2	0.9%	2	2	93	93	0.2494356659142869	1	1	113	107	1	1	+C
C1_BC25_191109_LF_LIB_consensus_vsearch	543	C	C	219	3	1.35%	2	1	93	93	0.12415349887135622	1	1	114	105	0	3	-T
C1_BC25_191109_LF_LIB_consensus_vsearch	544	T	*/-G	185	27	12.22%	2	2	93	93	3.0790449819890455E-9	1	1	109	76	1	26	-G
C1_BC25_191109_LF_LIB_consensus_vsearch	545	G	G	193	2	1.02%	2	2	93	93	0.24935732647820702	1	1	112	81	1	1	A
C1_BC25_191109_LF_LIB_consensus_vsearch	546	G	G	220	1	0.45%	2	1	93	93	0.4999999999999138	1	1	113	107	1	0	+CAT
C1_BC25_191109_LF_LIB_consensus_vsearch	547	T	Y	193	25	11.21%	2	1	93	93	1.4369618577937874E-8	1	1	114	79	0	25	C
C1_BC25_191109_LF_LIB_consensus_vsearch	548	G	G	217	2	0.9%	2	1	93	93	0.24942791762028085	1	1	109	108	2	0	A
C1_BC25_191109_LF_LIB_consensus_vsearch	549	C	C	220	1	0.45%	2	1	93	93	0.4999999999999138	1	1	113	107	0	1	+GCT
C1_BC25_191109_LF_LIB_consensus_vsearch	550	C	C	220	1	0.45%	2	1	93	93	0.4999999999999138	1	1	111	109	1	0	+A
C1_BC25_191109_LF_LIB_consensus_vsearch	551	A	A	220	4	1.79%	2	1	93	93	0.061662016439223415	1	1	111	109	4	0	G
C1_BC25_191109_LF_LIB_consensus_vsearch	552	G	G	222	1	0.44%	2	1	93	93	0.4999999999999138	1	1	113	109	0	1	-C
C1_BC25_191109_LF_LIB_consensus_vsearch	553	C	C	217	3	1.34%	2	1	93	93	0.12414578587710072	1	1	111	106	0	3	T
C1_BC25_191109_LF_LIB_consensus_vsearch	554	A	A	216	5	2.23%	2	1	93	93	0.030543804461782422	1	1	108	108	5	0	G
C1_BC25_191109_LF_LIB_consensus_vsearch	555	G	G	209	4	1.8%	2	1	93	93	0.061618690029214815	1	1	103	106	4	0	-C
C1_BC25_191109_LF_LIB_consensus_vsearch	556	C	C	216	1	0.45%	2	1	93	93	0.4999999999999138	1	1	106	110	1	0	+G
C1_BC25_191109_LF_LIB_consensus_vsearch	557	C	C	210	4	1.78%	2	2	93	93	0.06162281305968737	1	1	108	102	1	3	A
C1_BC25_191109_LF_LIB_consensus_vsearch	558	G	G	210	4	1.8%	2	2	93	93	0.06162281305968737	1	1	106	104	3	1	A
C1_BC25_191109_LF_LIB_consensus_vsearch	559	C	C	204	5	2.27%	2	2	93	93	0.030503308196835104	1	1	108	96	2	3	-G
C1_BC25_191109_LF_LIB_consensus_vsearch	560	G	G	207	4	1.86%	2	2	93	93	0.06161032658914256	1	1	105	102	3	1	A
C1_BC25_191109_LF_LIB_consensus_vsearch	561	G	G	219	3	1.35%	2	1	93	93	0.12415349887135622	1	1	110	109	3	0	A
C1_BC25_191109_LF_LIB_consensus_vsearch	562	T	T	214	3	1.35%	2	1	93	93	0.12413394919162732	1	1	109	105	3	0	-A
C1_BC25_191109_LF_LIB_consensus_vsearch	563	A	A	218	2	0.91%	2	1	93	93	0.24943052391823226	1	1	108	110	2	0	G
C1_BC25_191109_LF_LIB_consensus_vsearch	564	A	A	219	2	0.89%	2	1	93	93	0.24943310657599216	1	1	112	107	0	2	-T
C1_BC25_191109_LF_LIB_consensus_vsearch	565	T	T	217	2	0.9%	2	1	93	93	0.24942791762028085	1	1	111	106	0	2	+C
C1_BC25_191109_LF_LIB_consensus_vsearch	566	T	*/-C	207	13	5.83%	2	2	93	93	1.0170895517465024E-4	1	1	104	103	8	5	-C
C1_BC25_191109_LF_LIB_consensus_vsearch	567	C	C	207	2	0.95%	2	2	93	93	0.24940047961641743	1	1	104	103	1	1	T
C1_BC25_191109_LF_LIB_consensus_vsearch	568	C	C	218	2	0.9%	2	1	93	93	0.24943052391823226	1	1	111	107	0	2	T
C1_BC25_191109_LF_LIB_consensus_vsearch	569	A	A	217	1	0.45%	2	1	93	93	0.4999999999999138	1	1	109	108	0	1	+TA
C1_BC25_191109_LF_LIB_consensus_vsearch	570	G	G	214	3	1.36%	2	2	93	93	0.12413394919162732	1	1	109	105	2	1	A
C1_BC25_191109_LF_LIB_consensus_vsearch	571	C	*/-T	207	13	5.88%	2	1	93	93	1.0170895517465024E-4	1	1	111	96	0	13	-T
C1_BC25_191109_LF_LIB_consensus_vsearch	572	T	*/-C	193	8	3.83%	2	2	93	93	0.003638595561901328	1	1	100	93	7	1	-C
C1_BC25_191109_LF_LIB_consensus_vsearch	573	C	C	213	0	0%	2	0	93	0	1.0	1	0	104	109	0	0	
C1_BC25_191109_LF_LIB_consensus_vsearch	574	C	C	215	2	0.9%	2	1	93	93	0.2494226327944578	1	1	109	106	0	2	+A
C1_BC25_191109_LF_LIB_consensus_vsearch	575	A	A	217	1	0.46%	2	1	93	93	0.4999999999999138	1	1	108	109	1	0	-CGAGC
C1_BC25_191109_LF_LIB_consensus_vsearch	576	C	C	213	6	2.71%	2	2	93	93	0.0150923687299321	1	1	108	105	2	4	T
C1_BC25_191109_LF_LIB_consensus_vsearch	577	G	G	218	5	2.23%	2	1	93	93	0.030550130621104243	1	1	109	109	5	0	-A
C1_BC25_191109_LF_LIB_consensus_vsearch	578	A	A	213	3	1.37%	2	1	93	93	0.12412993039444345	1	1	105	108	3	0	-G
C1_BC25_191109_LF_LIB_consensus_vsearch	579	G	G	218	2	0.9%	2	1	93	93	0.24943052391823226	1	1	111	107	0	2	+C
C1_BC25_191109_LF_LIB_consensus_vsearch	580	C	C	218	2	0.9%	2	2	93	93	0.24943052391823226	1	1	111	107	1	1	-G
C1_BC25_191109_LF_LIB_consensus_vsearch	581	G	G	220	2	0.9%	2	2	93	93	0.2494356659142869	1	1	113	107	1	1	A
C1_BC25_191109_LF_LIB_consensus_vsearch	582	T	T	217	4	1.79%	2	2	93	93	0.0616506283607095	1	1	113	104	1	3	-A
C1_BC25_191109_LF_LIB_consensus_vsearch	583	A	A	218	1	0.45%	2	1	93	93	0.5000000000003686	1	1	114	104	0	1	+GT
C1_BC25_191109_LF_LIB_consensus_vsearch	584	T	*/-AT	202	12	5.33%	2	2	93	93	2.0835870377678545E-4	1	1	99	103	9	3	-AT
C1_BC25_191109_LF_LIB_consensus_vsearch	585	A	A	201	6	2.87%	2	2	93	93	0.01506164496890816	1	1	98	103	2	4	G
C1_BC25_191109_LF_LIB_consensus_vsearch	586	T	T	203	3	1.44%	2	1	93	93	0.12408759124090059	1	1	100	103	0	3	C
C1_BC25_191109_LF_LIB_consensus_vsearch	587	G	*/-TG	207	8	3.6%	2	2	93	93	0.003655753662936563	1	1	104	103	4	4	-TG
C1_BC25_191109_LF_LIB_consensus_vsearch	588	T	T	203	4	1.9%	2	2	93	93	0.06159311429633927	1	1	104	99	1	3	C
C1_BC25_191109_LF_LIB_consensus_vsearch	589	G	G	204	6	2.78%	2	1	93	93	0.015069653452839263	1	1	101	103	6	0	+A
C1_BC25_191109_LF_LIB_consensus_vsearch	590	A	A	215	4	1.82%	2	1	93	93	0.06164286277914926	1	1	107	108	4	0	-G
C1_BC25_191109_LF_LIB_consensus_vsearch	591	G	G	213	4	1.82%	2	2	93	93	0.06163495389099757	1	1	106	107	3	1	-T
C1_BC25_191109_LF_LIB_consensus_vsearch	592	T	T	218	1	0.45%	2	1	93	93	0.5000000000003686	1	1	111	107	1	0	+A
C1_BC25_191109_LF_LIB_consensus_vsearch	593	T	*/+A	213	7	3.12%	2	1	93	93	0.007443047448823043	1	1	107	106	7	0	+A
C1_BC25_191109_LF_LIB_consensus_vsearch	594	G	K	212	7	3.14%	2	1	93	93	0.00744137624879223	1	1	104	108	7	0	T
C1_BC25_191109_LF_LIB_consensus_vsearch	595	T	Y	216	7	3.14%	2	2	93	93	0.007447971960236055	1	1	114	102	1	6	C
C1_BC25_191109_LF_LIB_consensus_vsearch	596	T	T	220	2	0.89%	2	1	93	93	0.2494356659142869	1	1	112	108	2	0	+AC
C1_BC25_191109_LF_LIB_consensus_vsearch	597	G	G	219	3	1.35%	2	1	93	93	0.12415349887135622	1	1	112	107	3	0	C
C1_BC25_191109_LF_LIB_consensus_vsearch	598	C	C	217	2	0.9%	2	2	93	93	0.24942791762028085	1	1	112	105	1	1	-A
C1_BC25_191109_LF_LIB_consensus_vsearch	599	A	R	211	9	4.04%	2	2	93	93	0.0017967787753331713	1	1	105	106	7	2	G
C1_BC25_191109_LF_LIB_consensus_vsearch	600	G	G	218	3	1.34%	2	1	93	93	0.12414965986396012	1	1	112	106	0	3	-T
C1_BC25_191109_LF_LIB_consensus_vsearch	601	T	T	220	1	0.45%	2	1	93	93	0.4999999999999138	1	1	114	106	1	0	C
C1_BC25_191109_LF_LIB_consensus_vsearch	602	T	*/-A	204	14	6.25%	2	2	93	93	4.920666598282105E-5	1	1	114	90	1	13	-A
C1_BC25_191109_LF_LIB_consensus_vsearch	603	A	A	207	3	1.43%	2	2	93	93	0.12410501193315207	1	1	113	94	1	2	G
C1_BC25_191109_LF_LIB_consensus_vsearch	604	A	A	224	1	0.44%	2	1	93	93	0.4999999999999138	1	1	115	109	0	1	C
C1_BC25_191109_LF_LIB_consensus_vsearch	605	A	A	224	1	0.44%	2	1	93	93	0.4999999999999138	1	1	114	110	1	0	G
C1_BC25_191109_LF_LIB_consensus_vsearch	606	A	A	224	1	0.44%	2	1	93	93	0.4999999999999138	1	1	114	110	1	0	G
C1_BC25_191109_LF_LIB_consensus_vsearch	607	C	C	220	2	0.89%	2	1	93	93	0.2494356659142869	1	1	111	109	2	0	+A
C1_BC25_191109_LF_LIB_consensus_vsearch	608	G	*/-TG	207	11	4.89%	2	1	93	93	4.2906952287648286E-4	1	1	109	98	0	11	-TG
C1_BC25_191109_LF_LIB_consensus_vsearch	609	T	T	208	1	0.47%	2	1	93	93	0.5000000000001412	1	1	114	94	0	1	+A
C1_BC25_191109_LF_LIB_consensus_vsearch	610	G	G	210	1	0.47%	2	1	93	93	0.4999999999999138	1	1	114	96	0	1	+TG
C1_BC25_191109_LF_LIB_consensus_vsearch	611	C	C	212	3	1.35%	2	1	93	93	0.1241258741259166	1	1	110	102	3	0	+AT
C1_BC25_191109_LF_LIB_consensus_vsearch	612	G	G	220	1	0.45%	2	1	93	93	0.4999999999999138	1	1	113	107	1	0	-T
C1_BC25_191109_LF_LIB_consensus_vsearch	613	T	T	212	4	1.79%	2	1	93	93	0.061630944461591126	1	1	110	102	0	4	-A
C1_BC25_191109_LF_LIB_consensus_vsearch	614	A	A	218	2	0.9%	2	2	93	93	0.24943052391823226	1	1	113	105	1	1	-G
C1_BC25_191109_LF_LIB_consensus_vsearch	615	G	G	214	2	0.9%	2	1	93	93	0.24941995359642635	1	1	108	106	2	0	+A
C1_BC25_191109_LF_LIB_consensus_vsearch	616	T	Y	204	18	8.04%	2	2	93	93	2.6645289168846238E-6	1	1	113	91	1	17	C
C1_BC25_191109_LF_LIB_consensus_vsearch	617	T	T	216	4	1.78%	2	2	93	93	0.061646763238677425	1	1	112	104	2	2	C
C1_BC25_191109_LF_LIB_consensus_vsearch	618	G	G	221	1	0.45%	2	1	93	93	0.4999999999999138	1	1	113	108	1	0	-A
C1_BC25_191109_LF_LIB_consensus_vsearch	619	A	A	220	3	1.34%	2	2	93	93	0.12415730337075404	1	1	112	108	2	1	G
C1_BC25_191109_LF_LIB_consensus_vsearch	620	T	T	220	3	1.33%	2	1	93	93	0.12415730337075404	1	1	113	107	0	3	C
C1_BC25_191109_LF_LIB_consensus_vsearch	621	G	G	217	2	0.9%	2	1	93	93	0.24942791762028085	1	1	112	105	0	2	+T
C1_BC25_191109_LF_LIB_consensus_vsearch	622	C	C	213	4	1.79%	2	2	93	93	0.06163495389099757	1	1	111	102	2	2	-T
C1_BC25_191109_LF_LIB_consensus_vsearch	623	T	*/+C	207	8	3.65%	2	1	93	93	0.003655753662936563	1	1	101	106	8	0	+C
C1_BC25_191109_LF_LIB_consensus_vsearch	624	C	C	213	4	1.79%	2	2	93	93	0.06163495389099757	1	1	108	105	2	2	+G
C1_BC25_191109_LF_LIB_consensus_vsearch	625	A	*/+G	91	112	50.45%	2	2	93	93	7.681163531525536E-44	1	1	53	38	55	57	+G
C1_BC25_191109_LF_LIB_consensus_vsearch	626	G	G	214	3	1.38%	2	1	93	93	0.12413394919162732	1	1	112	102	3	0	+A
C1_BC25_191109_LF_LIB_consensus_vsearch	627	G	*/+A	212	9	4.07%	2	1	93	93	0.00179747064240055	1	1	106	106	9	0	+A
C1_BC25_191109_LF_LIB_consensus_vsearch	628	G	G	212	3	1.34%	2	1	93	93	0.1241258741259166	1	1	104	108	3	0	-C
C1_BC25_191109_LF_LIB_consensus_vsearch	629	C	S	207	10	4.57%	2	2	93	93	8.783305527122537E-4	1	1	104	103	7	3	G
C1_BC25_191109_LF_LIB_consensus_vsearch	630	C	C	216	5	2.25%	2	2	93	93	0.030543804461782422	1	1	112	104	2	3	-G
C1_BC25_191109_LF_LIB_consensus_vsearch	631	G	G	216	1	0.46%	2	1	93	93	0.4999999999999138	1	1	112	104	1	0	+C
C1_BC25_191109_LF_LIB_consensus_vsearch	632	C	C	219	2	0.9%	2	1	93	93	0.24943310657599216	1	1	114	105	0	2	T
C1_BC25_191109_LF_LIB_consensus_vsearch	633	G	G	217	4	1.79%	2	1	93	93	0.0616506283607095	1	1	109	108	4	0	-C
C1_BC25_191109_LF_LIB_consensus_vsearch	634	C	*/+T	201	10	4.57%	2	1	93	93	8.756254095238223E-4	1	1	110	91	0	10	+T
C1_BC25_191109_LF_LIB_consensus_vsearch	635	C	*/-T	204	8	3.57%	2	2	93	93	0.0036522646351654408	1	1	111	93	3	5	-T
C1_BC25_191109_LF_LIB_consensus_vsearch	636	T	*/-AT	191	12	5.66%	2	1	93	93	2.0652482483515445E-4	1	1	94	97	12	0	-AT
C1_BC25_191109_LF_LIB_consensus_vsearch	637	A	R	184	11	5.37%	2	2	93	93	4.223970856632319E-4	1	1	87	97	8	3	G
C1_BC25_191109_LF_LIB_consensus_vsearch	638	T	T	188	5	2.46%	2	2	93	93	0.030441490624263247	1	1	94	94	2	3	C
C1_BC25_191109_LF_LIB_consensus_vsearch	639	G	R	205	8	3.65%	2	1	93	93	0.0036534383902297935	1	1	102	103	8	0	A
C1_BC25_191109_LF_LIB_consensus_vsearch	640	G	G	215	3	1.35%	2	1	93	93	0.12413793103441495	1	1	109	106	3	0	A
C1_BC25_191109_LF_LIB_consensus_vsearch	641	C	*/+G	188	8	3.6%	2	1	93	93	0.0036318839680821967	1	1	94	94	8	0	+G
C1_BC25_191109_LF_LIB_consensus_vsearch	642	A	A	203	3	1.44%	2	1	93	93	0.12408759124090059	1	1	106	97	3	0	+GA
C1_BC25_191109_LF_LIB_consensus_vsearch	643	A	A	208	5	2.33%	2	2	93	93	0.03051731330830772	1	1	111	97	4	1	G
C1_BC25_191109_LF_LIB_consensus_vsearch	644	G	G	221	2	0.9%	2	1	93	93	0.24943820224728358	1	1	113	108	2	0	A
C1_BC25_191109_LF_LIB_consensus_vsearch	645	C	C	218	3	1.34%	2	2	93	93	0.12414965986396012	1	1	112	106	2	1	+GC
C1_BC25_191109_LF_LIB_consensus_vsearch	646	A	*/-C	192	21	9.42%	2	2	93	93	2.8402889619972804E-7	1	1	106	86	5	16	-C
C1_BC25_191109_LF_LIB_consensus_vsearch	647	C	C	189	4	2.03%	2	1	93	93	0.061527245600347336	1	1	108	81	0	4	+T
C1_BC25_191109_LF_LIB_consensus_vsearch	648	C	C	213	3	1.38%	2	1	93	93	0.12412993039444345	1	1	110	103	3	0	+G
C1_BC25_191109_LF_LIB_consensus_vsearch	649	C	*/-T	195	19	8.44%	2	2	93	93	1.2560731117652181E-6	1	1	112	83	2	17	-T
C1_BC25_191109_LF_LIB_consensus_vsearch	650	T	T	198	1	0.5%	2	1	93	93	0.5000000000001412	1	1	111	87	1	0	C
C1_BC25_191109_LF_LIB_consensus_vsearch	651	T	T	211	4	1.83%	2	2	93	93	0.06162689769249	1	1	112	99	1	3	-C
C1_BC25_191109_LF_LIB_consensus_vsearch	652	C	*/-G	183	9	4.21%	2	2	93	93	0.0017745564291022078	1	1	98	85	3	6	-G
C1_BC25_191109_LF_LIB_consensus_vsearch	653	G	R	181	18	8.82%	2	2	93	93	2.5513375306020147E-6	1	1	90	91	16	2	A
C1_BC25_191109_LF_LIB_consensus_vsearch	654	G	R	200	10	4.63%	2	2	93	93	8.751600144021374E-4	1	1	102	98	8	2	A
C1_BC25_191109_LF_LIB_consensus_vsearch	655	G	G	204	6	2.7%	2	2	93	93	0.015069653452839263	1	1	104	100	4	2	A
C1_BC25_191109_LF_LIB_consensus_vsearch	656	G	G	211	4	1.79%	2	1	93	93	0.06162689769249	1	1	111	100	0	4	-TGG
C1_BC25_191109_LF_LIB_consensus_vsearch	657	T	*/-G	196	11	5.05%	2	1	93	93	4.260552860545617E-4	1	1	113	83	0	11	-G
C1_BC25_191109_LF_LIB_consensus_vsearch	658	G	G	202	1	0.49%	2	1	93	93	0.4999999999999138	1	1	114	88	0	1	+CG
C1_BC25_191109_LF_LIB_consensus_vsearch	659	G	G	215	1	0.46%	2	1	93	93	0.4999999999999138	1	1	114	101	0	1	-A
C1_BC25_191109_LF_LIB_consensus_vsearch	660	A	*/+T	202	11	4.95%	2	1	93	93	4.2773637746469634E-4	1	1	114	88	0	11	+T
C1_BC25_191109_LF_LIB_consensus_vsearch	661	C	*/-T	198	11	5.05%	2	2	93	93	4.2662591196418204E-4	1	1	105	93	7	4	-T
C1_BC25_191109_LF_LIB_consensus_vsearch	662	T	*/+C	190	11	5.16%	2	1	93	93	4.2427833042722946E-4	1	1	106	84	0	11	+C
C1_BC25_191109_LF_LIB_consensus_vsearch	663	G	G	205	5	2.28%	2	2	93	93	0.03050685942891605	1	1	104	101	4	1	A
C1_BC25_191109_LF_LIB_consensus_vsearch	664	C	C	212	3	1.38%	2	1	93	93	0.1241258741259166	1	1	111	101	0	3	T
C1_BC25_191109_LF_LIB_consensus_vsearch	665	C	C	208	4	1.8%	2	2	93	93	0.06161452805712106	1	1	108	100	1	3	T
C1_BC25_191109_LF_LIB_consensus_vsearch	666	G	G	214	3	1.36%	2	1	93	93	0.12413394919162732	1	1	110	104	3	0	A
C1_BC25_191109_LF_LIB_consensus_vsearch	667	G	R	212	7	3.11%	2	2	93	93	0.00744137624879223	1	1	104	108	6	1	A
C1_BC25_191109_LF_LIB_consensus_vsearch	668	C	C	212	5	2.26%	2	1	93	93	0.030530802741347875	1	1	112	100	0	5	T
C1_BC25_191109_LF_LIB_consensus_vsearch	669	C	Y	210	10	4.44%	2	1	93	93	8.796295164637225E-4	1	1	113	97	0	10	T
C1_BC25_191109_LF_LIB_consensus_vsearch	670	G	R	210	10	4.52%	2	2	93	93	8.796295164637225E-4	1	1	104	106	9	1	A
C1_BC25_191109_LF_LIB_consensus_vsearch	671	G	G	221	1	0.44%	2	1	93	93	0.4999999999999138	1	1	115	106	0	1	+T
C1_BC25_191109_LF_LIB_consensus_vsearch	672	C	C	210	5	2.23%	2	2	93	93	0.0305241206880699	1	1	108	102	4	1	-GCC
C1_BC25_191109_LF_LIB_consensus_vsearch	673	G	*/-C	167	31	14.42%	2	2	93	93	1.302884511496378E-10	1	1	67	100	28	3	-C
C1_BC25_191109_LF_LIB_consensus_vsearch	674	C	*/+T	168	8	4.32%	2	1	93	93	0.0036012982281518587	1	1	78	90	0	8	+T
C1_BC25_191109_LF_LIB_consensus_vsearch	675	C	C	210	5	2.29%	2	1	93	93	0.0305241206880699	1	1	108	102	0	5	T
C1_BC25_191109_LF_LIB_consensus_vsearch	676	C	*/-T	208	9	4%	2	2	93	93	0.0017946657928001688	1	1	112	96	1	8	-T
C1_BC25_191109_LF_LIB_consensus_vsearch	677	T	T	201	5	2.35%	2	2	93	93	0.03049244790271922	1	1	107	94	2	3	-A
C1_BC25_191109_LF_LIB_consensus_vsearch	678	A	M	200	9	4.19%	2	1	93	93	0.0017887416879729845	1	1	104	96	0	9	C
C1_BC25_191109_LF_LIB_consensus_vsearch	679	A	A	210	4	1.8%	2	2	93	93	0.06162281305968737	1	1	103	107	3	1	G
C1_BC25_191109_LF_LIB_consensus_vsearch	680	T	Y	190	13	5.99%	2	2	93	93	1.0011736432355593E-4	1	1	98	92	2	11	C
C1_BC25_191109_LF_LIB_consensus_vsearch	681	G	R	200	12	5.63%	2	1	93	93	2.0803866112796158E-4	1	1	91	109	12	0	A
C1_BC25_191109_LF_LIB_consensus_vsearch	682	G	R	201	9	4.09%	2	2	93	93	0.0017895062981052791	1	1	92	109	8	1	A
C1_BC25_191109_LF_LIB_consensus_vsearch	683	C	C	207	6	2.73%	2	2	93	93	0.015077437453979417	1	1	101	106	5	1	T
C1_BC25_191109_LF_LIB_consensus_vsearch	684	C	C	209	5	2.24%	2	1	93	93	0.030520732883336912	1	1	102	107	5	0	A
C1_BC25_191109_LF_LIB_consensus_vsearch	685	G	*/-TG	205	9	4%	2	2	93	93	0.0017924949478988227	1	1	103	102	1	8	-TG
C1_BC25_191109_LF_LIB_consensus_vsearch	686	T	T	202	5	2.34%	2	2	93	93	0.030496102932097202	1	1	108	94	1	4	-G
C1_BC25_191109_LF_LIB_consensus_vsearch	687	G	G	199	5	2.39%	2	1	93	93	0.03048503048502578	1	1	105	94	5	0	A
C1_BC25_191109_LF_LIB_consensus_vsearch	688	G	G	215	6	2.69%	2	1	93	93	0.01509716650743782	1	1	106	109	6	0	A
C1_BC25_191109_LF_LIB_consensus_vsearch	689	G	G	217	2	0.89%	2	1	93	93	0.24942791762028085	1	1	112	105	0	2	+T
C1_BC25_191109_LF_LIB_consensus_vsearch	690	C	*/-T	205	10	4.5%	2	2	93	93	8.774450793915666E-4	1	1	110	95	3	7	-T
C1_BC25_191109_LF_LIB_consensus_vsearch	691	T	T	207	2	0.95%	2	2	93	93	0.24940047961641743	1	1	109	98	1	1	G
C1_BC25_191109_LF_LIB_consensus_vsearch	692	T	*/-C	204	9	4.04%	2	2	93	93	0.0017917580621936403	1	1	106	98	3	6	-C
C1_BC25_191109_LF_LIB_consensus_vsearch	693	C	*/+T	203	7	3.26%	2	1	93	93	0.007425626339083171	1	1	112	91	0	7	+T
C1_BC25_191109_LF_LIB_consensus_vsearch	694	G	G	217	4	1.79%	2	2	93	93	0.0616506283607095	1	1	113	104	2	2	A
C1_BC25_191109_LF_LIB_consensus_vsearch	695	G	*/-C	206	13	5.8%	2	2	93	93	1.016217291023551E-4	1	1	106	100	5	8	-C
C1_BC25_191109_LF_LIB_consensus_vsearch	696	C	C	205	1	0.48%	2	1	93	93	0.5000000000001412	1	1	105	100	1	0	+T
C1_BC25_191109_LF_LIB_consensus_vsearch	697	C	Y	178	42	19%	2	2	93	93	2.6103623837673247E-14	1	1	90	88	21	21	T
C1_BC25_191109_LF_LIB_consensus_vsearch	698	C	C	221	2	0.9%	2	1	93	93	0.24943820224728358	1	1	111	110	2	0	T
C1_BC25_191109_LF_LIB_consensus_vsearch	699	C	Y	212	7	3.11%	2	2	93	93	0.00744137624879223	1	1	109	103	2	5	T
C1_BC25_191109_LF_LIB_consensus_vsearch	700	G	G	217	4	1.81%	2	2	93	93	0.0616506283607095	1	1	109	108	3	1	A
C1_BC25_191109_LF_LIB_consensus_vsearch	701	G	G	218	5	2.22%	2	2	93	93	0.030550130621104243	1	1	109	109	4	1	A
C1_BC25_191109_LF_LIB_consensus_vsearch	702	T	T	217	3	1.35%	2	2	93	93	0.12414578587710072	1	1	110	107	1	2	C
C1_BC25_191109_LF_LIB_consensus_vsearch	703	C	*/-A	208	11	4.95%	2	1	93	93	4.293291473235971E-4	1	1	100	108	11	0	-A
C1_BC25_191109_LF_LIB_consensus_vsearch	704	A	A	202	3	1.42%	2	1	93	93	0.12408312958435573	1	1	95	107	3	0	+C
C1_BC25_191109_LF_LIB_consensus_vsearch	705	C	Y	197	11	5%	2	1	93	93	4.263419112240475E-4	1	1	90	107	11	0	T
C1_BC25_191109_LF_LIB_consensus_vsearch	706	G	G	207	5	2.3%	2	2	93	93	0.030513861513988962	1	1	98	109	4	1	-A
C1_BC25_191109_LF_LIB_consensus_vsearch	707	A	A	205	5	2.31%	2	1	93	93	0.03050685942891605	1	1	97	108	5	0	G
C1_BC25_191109_LF_LIB_consensus_vsearch	708	A	A	212	6	2.69%	2	1	93	93	0.015089936987088519	1	1	103	109	6	0	C
C1_BC25_191109_LF_LIB_consensus_vsearch	709	T	T	212	6	2.7%	2	2	93	93	0.015089936987088519	1	1	107	105	4	2	C
C1_BC25_191109_LF_LIB_consensus_vsearch	710	A	*/-C	201	16	7.17%	2	1	93	93	1.1454151088665753E-5	1	1	110	91	0	16	-C
C1_BC25_191109_LF_LIB_consensus_vsearch	711	C	C	202	2	0.96%	2	1	93	93	0.24938574938581254	1	1	112	90	0	2	T
C1_BC25_191109_LF_LIB_consensus_vsearch	712	C	*/-TC	201	7	3.11%	2	1	93	93	0.007421943123229272	1	1	114	87	0	7	-TC
C1_BC25_191109_LF_LIB_consensus_vsearch	713	T	*/-C	198	10	4.72%	2	1	93	93	8.74216242207188E-4	1	1	111	87	0	10	-C
C1_BC25_191109_LF_LIB_consensus_vsearch	714	C	Y	188	11	5.31%	2	1	93	93	4.2366328040616125E-4	1	1	112	76	0	11	T
C1_BC25_191109_LF_LIB_consensus_vsearch	715	G	G	221	1	0.45%	2	1	93	93	0.4999999999999138	1	1	114	107	0	1	+T
C1_BC25_191109_LF_LIB_consensus_vsearch	716	A	A	220	2	0.89%	2	1	93	93	0.2494356659142869	1	1	111	109	2	0	+GA
C1_BC25_191109_LF_LIB_consensus_vsearch	717	A	A	218	3	1.33%	2	2	93	93	0.12414965986396012	1	1	111	107	2	1	C
C1_BC25_191109_LF_LIB_consensus_vsearch	718	C	*/+A	208	7	3.12%	2	2	93	93	0.007434537497224064	1	1	111	97	1	6	+A
C1_BC25_191109_LF_LIB_consensus_vsearch	719	A	A	216	3	1.37%	2	2	93	93	0.12414187643025615	1	1	113	103	1	2	G
C1_BC25_191109_LF_LIB_consensus_vsearch	720	A	A	223	1	0.45%	2	1	93	93	0.5000000000003686	1	1	115	108	0	1	G
C1_BC25_191109_LF_LIB_consensus_vsearch	721	A	A	221	2	0.89%	2	2	93	93	0.24943820224728358	1	1	113	108	1	1	T
C1_BC25_191109_LF_LIB_consensus_vsearch	722	T	T	222	2	0.89%	2	2	93	93	0.24944071588395061	1	1	113	109	1	1	C
C1_BC25_191109_LF_LIB_consensus_vsearch	723	G	*/+A	212	11	4.89%	2	1	93	93	4.303452996410444E-4	1	1	103	109	11	0	+A
C1_BC25_191109_LF_LIB_consensus_vsearch	724	A	A	218	5	2.22%	2	1	93	93	0.030550130621104243	1	1	109	109	5	0	+G
C1_BC25_191109_LF_LIB_consensus_vsearch	725	G	*/-AG	194	11	4.89%	2	2	93	93	4.2547401580496607E-4	1	1	87	107	8	3	-AG
C1_BC25_191109_LF_LIB_consensus_vsearch	726	A	*/+G	190	8	3.94%	2	2	93	93	0.003634608580377523	1	1	85	105	7	1	+G
C1_BC25_191109_LF_LIB_consensus_vsearch	727	G	G	206	2	0.95%	2	1	93	93	0.2493975903616476	1	1	102	104	0	2	+C
C1_BC25_191109_LF_LIB_consensus_vsearch	728	C	C	217	2	0.9%	2	1	93	93	0.24942791762028085	1	1	112	105	0	2	+A
C1_BC25_191109_LF_LIB_consensus_vsearch	729	G	G	220	1	0.45%	2	1	93	93	0.4999999999999138	1	1	111	109	1	0	+C
C1_BC25_191109_LF_LIB_consensus_vsearch	730	C	C	215	5	2.24%	2	2	93	93	0.03054059830172664	1	1	111	104	1	4	T
C1_BC25_191109_LF_LIB_consensus_vsearch	731	A	A	215	3	1.35%	2	1	93	93	0.12413793103441495	1	1	108	107	3	0	-T
C1_BC25_191109_LF_LIB_consensus_vsearch	732	T	T	206	6	2.71%	2	2	93	93	0.015074867144143777	1	1	102	104	2	4	C
C1_BC25_191109_LF_LIB_consensus_vsearch	733	G	G	220	2	0.89%	2	1	93	93	0.2494356659142869	1	1	112	108	2	0	+A
C1_BC25_191109_LF_LIB_consensus_vsearch	734	A	A	215	5	2.22%	2	2	93	93	0.03054059830172664	1	1	110	105	2	3	-G
C1_BC25_191109_LF_LIB_consensus_vsearch	735	G	G	216	2	0.91%	2	1	93	93	0.249425287356441	1	1	110	106	2	0	+C
C1_BC25_191109_LF_LIB_consensus_vsearch	736	G	G	218	3	1.33%	2	1	93	93	0.12414965986396012	1	1	109	109	3	0	A
C1_BC25_191109_LF_LIB_consensus_vsearch	737	C	C	221	1	0.45%	2	1	93	93	0.4999999999999138	1	1	113	108	0	1	A
C1_BC25_191109_LF_LIB_consensus_vsearch	738	A	A	214	5	2.22%	2	2	93	93	0.030537362897492103	1	1	110	104	2	3	-G
C1_BC25_191109_LF_LIB_consensus_vsearch	739	G	G	214	2	0.91%	2	1	93	93	0.24941995359642635	1	1	110	104	2	0	+A
C1_BC25_191109_LF_LIB_consensus_vsearch	740	G	G	220	3	1.34%	2	2	93	93	0.12415730337075404	1	1	114	106	1	2	A
C1_BC25_191109_LF_LIB_consensus_vsearch	741	C	C	214	5	2.23%	2	1	93	93	0.030537362897492103	1	1	113	101	0	5	T
C1_BC25_191109_LF_LIB_consensus_vsearch	742	A	*/-CA	210	8	3.59%	2	2	93	93	0.0036591481612605	1	1	107	103	6	2	-CA
C1_BC25_191109_LF_LIB_consensus_vsearch	743	C	C	207	5	2.34%	2	2	93	93	0.030513861513988962	1	1	106	101	2	3	T
C1_BC25_191109_LF_LIB_consensus_vsearch	744	A	A	212	1	0.46%	2	1	93	93	0.5000000000001412	1	1	106	106	1	0	+C
C1_BC25_191109_LF_LIB_consensus_vsearch	745	T	T	219	2	0.89%	2	1	93	93	0.24943310657599216	1	1	114	105	0	2	+AC
C1_BC25_191109_LF_LIB_consensus_vsearch	746	G	G	221	2	0.89%	2	2	93	93	0.24943820224728358	1	1	114	107	1	1	A
C1_BC25_191109_LF_LIB_consensus_vsearch	747	T	T	218	5	2.23%	2	2	93	93	0.030550130621104243	1	1	113	105	1	4	C
C1_BC25_191109_LF_LIB_consensus_vsearch	748	T	T	224	0	0%	2	0	93	0	1.0	1	0	115	109	0	0	
C1_BC25_191109_LF_LIB_consensus_vsearch	749	G	*/-C	206	11	4.91%	2	2	93	93	4.288076047440095E-4	1	1	100	106	9	2	-C
C1_BC25_191109_LF_LIB_consensus_vsearch	750	C	C	210	3	1.41%	2	2	93	93	0.1241176470588473	1	1	103	107	2	1	T
C1_BC25_191109_LF_LIB_consensus_vsearch	751	C	*/-G	207	11	4.91%	2	2	93	93	4.2906952287648286E-4	1	1	110	97	3	8	-G
C1_BC25_191109_LF_LIB_consensus_vsearch	752	G	G	206	5	2.35%	2	1	93	93	0.030510377042941562	1	1	106	100	5	0	A
C1_BC25_191109_LF_LIB_consensus_vsearch	753	G	G	221	3	1.33%	2	1	93	93	0.12416107382546236	1	1	112	109	3	0	-A
C1_BC25_191109_LF_LIB_consensus_vsearch	754	A	A	222	0	0%	2	0	93	0	1.0	1	0	112	110	0	0	
C1_BC25_191109_LF_LIB_consensus_vsearch	755	A	A	223	1	0.44%	2	1	93	93	0.5000000000003686	1	1	114	109	0	1	+T
C1_BC25_191109_LF_LIB_consensus_vsearch	756	T	T	223	1	0.44%	2	1	93	93	0.5000000000003686	1	1	114	109	1	0	+C
C1_BC25_191109_LF_LIB_consensus_vsearch	757	C	C	218	5	2.22%	2	2	93	93	0.030550130621104243	1	1	111	107	2	3	-T
C1_BC25_191109_LF_LIB_consensus_vsearch	758	T	T	218	1	0.46%	2	1	93	93	0.5000000000003686	1	1	112	106	0	1	+A
C1_BC25_191109_LF_LIB_consensus_vsearch	759	A	A	222	1	0.45%	2	1	93	93	0.4999999999999138	1	1	112	110	1	0	-T
C1_BC25_191109_LF_LIB_consensus_vsearch	760	T	T	219	2	0.9%	2	1	93	93	0.24943310657599216	1	1	111	108	0	2	C
C1_BC25_191109_LF_LIB_consensus_vsearch	761	T	T	222	1	0.45%	2	1	93	93	0.4999999999999138	1	1	114	108	0	1	+A
C1_BC25_191109_LF_LIB_consensus_vsearch	762	A	A	216	5	2.23%	2	2	93	93	0.030543804461782422	1	1	111	105	3	2	G
C1_BC25_191109_LF_LIB_consensus_vsearch	763	G	G	223	2	0.89%	2	1	93	93	0.24944320712692292	1	1	113	110	2	0	A
C1_BC25_191109_LF_LIB_consensus_vsearch	764	C	C	223	1	0.44%	2	1	93	93	0.5000000000003686	1	1	115	108	0	1	-A
C1_BC25_191109_LF_LIB_consensus_vsearch	765	A	A	218	2	0.9%	2	1	93	93	0.24943052391823226	1	1	113	105	0	2	+CA
C1_BC25_191109_LF_LIB_consensus_vsearch	766	T	*/-G	213	9	4.04%	2	1	93	93	0.0017981564163397133	1	1	114	99	0	9	-G
C1_BC25_191109_LF_LIB_consensus_vsearch	767	G	G	214	1	0.47%	2	1	93	93	0.5000000000001412	1	1	114	100	1	0	A
C1_BC25_191109_LF_LIB_consensus_vsearch	768	G	G	224	1	0.44%	2	1	93	93	0.4999999999999138	1	1	115	109	0	1	-AA
C1_BC25_191109_LF_LIB_consensus_vsearch	769	A	A	218	2	0.89%	2	1	93	93	0.24943052391823226	1	1	111	107	2	0	+G
C1_BC25_191109_LF_LIB_consensus_vsearch	770	A	A	220	4	1.79%	2	1	93	93	0.061662016439223415	1	1	115	105	0	4	-TAA
C1_BC25_191109_LF_LIB_consensus_vsearch	771	T	T	209	5	2.26%	2	2	93	93	0.030520732883336912	1	1	111	98	4	1	C
C1_BC25_191109_LF_LIB_consensus_vsearch	772	A	A	216	1	0.46%	2	1	93	93	0.4999999999999138	1	1	115	101	0	1	G
C1_BC25_191109_LF_LIB_consensus_vsearch	773	A	A	211	4	1.83%	2	1	93	93	0.06162689769249	1	1	112	99	0	4	+T
C1_BC25_191109_LF_LIB_consensus_vsearch	774	C	Y	207	7	3.15%	2	1	93	93	0.007432788253078562	1	1	114	93	0	7	T
C1_BC25_191109_LF_LIB_consensus_vsearch	775	A	*/-CA	204	10	4.44%	2	2	93	93	8.769963348909129E-4	1	1	108	96	5	5	-CA
C1_BC25_191109_LF_LIB_consensus_vsearch	776	C	Y	203	7	3.26%	2	1	93	93	0.007425626339083171	1	1	109	94	0	7	T
C1_BC25_191109_LF_LIB_consensus_vsearch	777	A	A	209	1	0.47%	2	1	93	93	0.4999999999999138	1	1	108	101	1	0	+CA
C1_BC25_191109_LF_LIB_consensus_vsearch	778	T	*/-G	205	9	4.05%	2	1	93	93	0.0017924949478988227	1	1	115	90	0	9	-G
C1_BC25_191109_LF_LIB_consensus_vsearch	779	G	G	214	1	0.47%	2	1	93	93	0.5000000000001412	1	1	114	100	1	0	A
C1_BC25_191109_LF_LIB_consensus_vsearch	780	G	G	221	2	0.89%	2	1	93	93	0.24943820224728358	1	1	115	106	0	2	A
C1_BC25_191109_LF_LIB_consensus_vsearch	781	A	A	217	3	1.34%	2	1	93	93	0.12414578587710072	1	1	108	109	3	0	-C
C1_BC25_191109_LF_LIB_consensus_vsearch	782	C	C	220	1	0.45%	2	1	93	93	0.4999999999999138	1	1	111	109	1	0	T
C1_BC25_191109_LF_LIB_consensus_vsearch	783	C	Y	212	8	3.57%	2	2	93	93	0.003661360523321731	1	1	110	102	1	7	T
C1_BC25_191109_LF_LIB_consensus_vsearch	784	G	R	213	7	3.12%	2	2	93	93	0.007443047448823043	1	1	107	106	5	2	A
C1_BC25_191109_LF_LIB_consensus_vsearch	785	C	C	216	2	0.9%	2	1	93	93	0.249425287356441	1	1	113	103	0	2	+AA
C1_BC25_191109_LF_LIB_consensus_vsearch	786	A	A	217	2	0.9%	2	1	93	93	0.24942791762028085	1	1	112	105	0	2	T
C1_BC25_191109_LF_LIB_consensus_vsearch	787	G	G	216	2	0.9%	2	1	93	93	0.249425287356441	1	1	111	105	0	2	-C
C1_BC25_191109_LF_LIB_consensus_vsearch	788	C	C	219	1	0.45%	2	1	93	93	0.4999999999999138	1	1	113	106	0	1	-GT
C1_BC25_191109_LF_LIB_consensus_vsearch	789	G	G	219	1	0.45%	2	1	93	93	0.4999999999999138	1	1	111	108	1	0	+A
C1_BC25_191109_LF_LIB_consensus_vsearch	790	T	T	221	1	0.45%	2	1	93	93	0.4999999999999138	1	1	113	108	1	0	C
C1_BC25_191109_LF_LIB_consensus_vsearch	791	C	C	221	2	0.89%	2	1	93	93	0.24943820224728358	1	1	114	107	0	2	-T
C1_BC25_191109_LF_LIB_consensus_vsearch	792	T	T	219	1	0.45%	2	1	93	93	0.4999999999999138	1	1	114	105	0	1	+A
C1_BC25_191109_LF_LIB_consensus_vsearch	793	T	T	215	3	1.34%	2	1	93	93	0.12413793103441495	1	1	113	102	0	3	+G
C1_BC25_191109_LF_LIB_consensus_vsearch	794	G	G	218	3	1.35%	2	1	93	93	0.12414965986396012	1	1	111	107	3	0	+T
C1_BC25_191109_LF_LIB_consensus_vsearch	795	T	T	222	1	0.45%	2	1	93	93	0.4999999999999138	1	1	114	108	0	1	A
C1_BC25_191109_LF_LIB_consensus_vsearch	796	T	T	222	1	0.45%	2	1	93	93	0.4999999999999138	1	1	114	108	1	0	C
C1_BC25_191109_LF_LIB_consensus_vsearch	797	G	G	217	5	2.23%	2	2	93	93	0.03054698177238809	1	1	111	106	4	1	-TTG
C1_BC25_191109_LF_LIB_consensus_vsearch	798	T	T	214	5	2.28%	2	1	93	93	0.030537362897492103	1	1	111	103	0	5	C
C1_BC25_191109_LF_LIB_consensus_vsearch	799	T	T	213	4	1.83%	2	1	93	93	0.06163495389099757	1	1	110	103	0	4	-G
C1_BC25_191109_LF_LIB_consensus_vsearch	800	G	R	196	15	6.98%	2	1	93	93	2.358427531063154E-5	1	1	93	103	15	0	A
C1_BC25_191109_LF_LIB_consensus_vsearch	801	G	G	219	3	1.34%	2	1	93	93	0.12415349887135622	1	1	114	105	0	3	A
C1_BC25_191109_LF_LIB_consensus_vsearch	802	T	T	219	4	1.79%	2	1	93	93	0.06165825449566743	1	1	114	105	0	4	C
C1_BC25_191109_LF_LIB_consensus_vsearch	803	T	T	211	5	2.23%	2	2	93	93	0.030527477163211258	1	1	107	104	4	1	-A
C1_BC25_191109_LF_LIB_consensus_vsearch	804	A	A	217	0	0%	2	0	93	0	1.0	1	0	110	107	0	0	
C1_BC25_191109_LF_LIB_consensus_vsearch	805	A	A	219	3	1.35%	2	2	93	93	0.12415349887135622	1	1	112	107	2	1	G
C1_BC25_191109_LF_LIB_consensus_vsearch	806	A	A	216	3	1.34%	2	2	93	93	0.12414187643025615	1	1	112	104	2	1	G
C1_BC25_191109_LF_LIB_consensus_vsearch	807	G	G	216	3	1.35%	2	2	93	93	0.12414187643025615	1	1	111	105	2	1	-A
C1_BC25_191109_LF_LIB_consensus_vsearch	808	A	A	215	3	1.36%	2	2	93	93	0.12413793103441495	1	1	110	105	2	1	G
C1_BC25_191109_LF_LIB_consensus_vsearch	809	C	C	218	3	1.34%	2	2	93	93	0.12414965986396012	1	1	112	106	1	2	T
C1_BC25_191109_LF_LIB_consensus_vsearch	810	G	*/-A	215	7	3.12%	2	1	93	93	0.007446345105805389	1	1	108	107	7	0	-A
C1_BC25_191109_LF_LIB_consensus_vsearch	811	A	A	215	2	0.92%	2	1	93	93	0.2494226327944578	1	1	106	109	2	0	G
C1_BC25_191109_LF_LIB_consensus_vsearch	812	T	T	216	3	1.34%	2	1	93	93	0.12414187643025615	1	1	112	104	0	3	C
C1_BC25_191109_LF_LIB_consensus_vsearch	813	G	*/-CA	207	8	3.62%	2	1	93	93	0.003655753662936563	1	1	109	98	0	8	-CA
C1_BC25_191109_LF_LIB_consensus_vsearch	814	C	C	205	4	1.86%	2	2	93	93	0.06160180289502593	1	1	108	97	3	1	-A
C1_BC25_191109_LF_LIB_consensus_vsearch	815	A	A	205	3	1.41%	2	1	93	93	0.12409638554214404	1	1	112	93	0	3	G
C1_BC25_191109_LF_LIB_consensus_vsearch	816	G	G	220	1	0.45%	2	1	93	93	0.4999999999999138	1	1	113	107	0	1	-T
C1_BC25_191109_LF_LIB_consensus_vsearch	817	T	Y	211	8	3.59%	2	2	93	93	0.0036602593149509337	1	1	113	98	1	7	C
C1_BC25_191109_LF_LIB_consensus_vsearch	818	A	A	221	1	0.45%	2	1	93	93	0.4999999999999138	1	1	115	106	0	1	C
C1_BC25_191109_LF_LIB_consensus_vsearch	819	A	A	221	2	0.89%	2	1	93	93	0.24943820224728358	1	1	113	108	0	2	-T
C1_BC25_191109_LF_LIB_consensus_vsearch	820	T	T	218	4	1.79%	2	1	93	93	0.061654458623218986	1	1	114	104	0	4	C
C1_BC25_191109_LF_LIB_consensus_vsearch	821	G	G	221	2	0.89%	2	1	93	93	0.24943820224728358	1	1	113	108	0	2	C
C1_BC25_191109_LF_LIB_consensus_vsearch	822	A	A	221	2	0.89%	2	1	93	93	0.24943820224728358	1	1	113	108	0	2	+T
C1_BC25_191109_LF_LIB_consensus_vsearch	823	T	T	223	1	0.45%	2	1	93	93	0.5000000000003686	1	1	114	109	0	1	C
C1_BC25_191109_LF_LIB_consensus_vsearch	824	T	T	221	2	0.89%	2	1	93	93	0.24943820224728358	1	1	114	107	0	2	-AAC
C1_BC25_191109_LF_LIB_consensus_vsearch	825	A	A	220	1	0.45%	2	1	93	93	0.4999999999999138	1	1	112	108	1	0	+C
C1_BC25_191109_LF_LIB_consensus_vsearch	826	A	A	218	3	1.35%	2	2	93	93	0.12414965986396012	1	1	111	107	2	1	G
C1_BC25_191109_LF_LIB_consensus_vsearch	827	C	C	207	6	2.69%	2	2	93	93	0.015077437453979417	1	1	105	102	1	5	T
C1_BC25_191109_LF_LIB_consensus_vsearch	828	A	*/-G	145	54	24.43%	2	2	93	93	8.571764059747838E-19	1	1	74	71	34	20	-G
C1_BC25_191109_LF_LIB_consensus_vsearch	829	G	G	151	5	3.16%	2	1	93	93	0.030250054631169764	1	1	73	78	5	0	+A
C1_BC25_191109_LF_LIB_consensus_vsearch	830	G	R	203	10	4.69%	2	1	93	93	8.765435124402236E-4	1	1	105	98	10	0	A
C1_BC25_191109_LF_LIB_consensus_vsearch	831	G	R	208	12	5.36%	2	1	93	93	2.0928573468617033E-4	1	1	100	108	12	0	A
C1_BC25_191109_LF_LIB_consensus_vsearch	832	G	K	218	7	3.11%	2	1	93	93	0.007451182688346346	1	1	108	110	7	0	T
C1_BC25_191109_LF_LIB_consensus_vsearch	833	T	T	217	4	1.78%	2	2	93	93	0.0616506283607095	1	1	114	103	1	3	C
C1_BC25_191109_LF_LIB_consensus_vsearch	834	A	*/-C	208	8	3.59%	2	2	93	93	0.0036568954742723925	1	1	107	101	2	6	-C
C1_BC25_191109_LF_LIB_consensus_vsearch	835	C	*/+T	198	11	5.09%	2	1	93	93	4.2662591196418204E-4	1	1	109	89	0	11	+T
C1_BC25_191109_LF_LIB_consensus_vsearch	836	T	*/-C	195	11	5.02%	2	1	93	93	4.2576599996950053E-4	1	1	101	94	0	11	-C
C1_BC25_191109_LF_LIB_consensus_vsearch	837	C	*/+G	15	133	63.03%	2	2	93	93	1.0163964058911178E-67	1	1	10	5	90	43	+G
C1_BC25_191109_LF_LIB_consensus_vsearch	838	G	G	208	3	1.4%	2	2	93	93	0.12410926365791558	1	1	111	97	2	1	+A
C1_BC25_191109_LF_LIB_consensus_vsearch	839	G	R	212	9	4.05%	2	2	93	93	0.00179747064240055	1	1	113	99	1	8	A
C1_BC25_191109_LF_LIB_consensus_vsearch	840	G	G	214	5	2.23%	2	1	93	93	0.030537362897492103	1	1	111	103	0	5	A
C1_BC25_191109_LF_LIB_consensus_vsearch	841	C	C	212	5	2.23%	2	1	93	93	0.030530802741347875	1	1	109	103	0	5	A
C1_BC25_191109_LF_LIB_consensus_vsearch	842	C	Y	207	8	3.56%	2	2	93	93	0.003655753662936563	1	1	110	97	3	5	T
C1_BC25_191109_LF_LIB_consensus_vsearch	843	A	A	217	2	0.9%	2	2	93	93	0.24942791762028085	1	1	111	106	1	1	G
C1_BC25_191109_LF_LIB_consensus_vsearch	844	A	A	210	6	2.68%	2	1	93	93	0.01508500627971554	1	1	104	106	6	0	G
C1_BC25_191109_LF_LIB_consensus_vsearch	845	C	C	220	1	0.45%	2	1	93	93	0.4999999999999138	1	1	112	108	1	0	+TGGC
C1_BC25_191109_LF_LIB_consensus_vsearch	846	C	Y	212	7	3.12%	2	1	93	93	0.00744137624879223	1	1	111	101	0	7	T
C1_BC25_191109_LF_LIB_consensus_vsearch	847	G	G	215	3	1.35%	2	2	93	93	0.12413793103441495	1	1	108	107	1	2	-TA
C1_BC25_191109_LF_LIB_consensus_vsearch	848	T	T	220	1	0.45%	2	1	93	93	0.4999999999999138	1	1	114	106	0	1	+GGT
C1_BC25_191109_LF_LIB_consensus_vsearch	849	A	A	217	4	1.8%	2	2	93	93	0.0616506283607095	1	1	112	105	2	2	G
C1_BC25_191109_LF_LIB_consensus_vsearch	850	C	*/-T	195	28	12.5%	2	2	93	93	1.508731680963363E-9	1	1	113	82	1	27	-T
C1_BC25_191109_LF_LIB_consensus_vsearch	851	T	T	190	3	1.52%	2	2	93	93	0.12402597402595401	1	1	113	77	1	2	A
C1_BC25_191109_LF_LIB_consensus_vsearch	852	C	C	220	1	0.45%	2	1	93	93	0.4999999999999138	1	1	115	105	0	1	-T
C1_BC25_191109_LF_LIB_consensus_vsearch	853	T	*/-G	208	7	3.15%	2	1	93	93	0.007434537497224064	1	1	112	96	0	7	-G
C1_BC25_191109_LF_LIB_consensus_vsearch	854	G	G	214	1	0.47%	2	1	93	93	0.5000000000001412	1	1	114	100	1	0	A
C1_BC25_191109_LF_LIB_consensus_vsearch	855	G	G	222	1	0.45%	2	1	93	93	0.4999999999999138	1	1	115	107	0	1	C
C1_BC25_191109_LF_LIB_consensus_vsearch	856	G	G	220	2	0.89%	2	1	93	93	0.2494356659142869	1	1	113	107	2	0	+A
C1_BC25_191109_LF_LIB_consensus_vsearch	857	G	G	223	2	0.89%	2	1	93	93	0.24944320712692292	1	1	115	108	0	2	A
C1_BC25_191109_LF_LIB_consensus_vsearch	858	C	C	222	2	0.89%	2	1	93	93	0.24944071588395061	1	1	115	107	0	2	T
C1_BC25_191109_LF_LIB_consensus_vsearch	859	T	T	211	4	1.78%	2	1	93	93	0.06162689769249	1	1	106	105	4	0	+A
C1_BC25_191109_LF_LIB_consensus_vsearch	860	A	*/+G	96	87	39.19%	2	2	93	93	7.961769590978959E-33	1	1	62	34	44	43	+G
C1_BC25_191109_LF_LIB_consensus_vsearch	861	G	G	192	4	2.01%	2	2	93	93	0.061542153465828975	1	1	107	85	3	1	+A
C1_BC25_191109_LF_LIB_consensus_vsearch	862	G	G	207	1	0.48%	2	1	93	93	0.5000000000001412	1	1	114	93	1	0	+A
C1_BC25_191109_LF_LIB_consensus_vsearch	863	G	G	219	2	0.89%	2	1	93	93	0.24943310657599216	1	1	111	108	2	0	-TGA
C1_BC25_191109_LF_LIB_consensus_vsearch	864	T	T	212	2	0.9%	2	1	93	93	0.24941451990645544	1	1	106	106	2	0	+G
C1_BC25_191109_LF_LIB_consensus_vsearch	865	G	G	208	6	2.71%	2	2	93	93	0.015079983859610983	1	1	103	105	4	2	-A
C1_BC25_191109_LF_LIB_consensus_vsearch	866	A	A	212	2	0.93%	2	2	93	93	0.24941451990645544	1	1	106	106	1	1	+G
C1_BC25_191109_LF_LIB_consensus_vsearch	867	A	A	224	1	0.44%	2	1	93	93	0.4999999999999138	1	1	115	109	0	1	G
C1_BC25_191109_LF_LIB_consensus_vsearch	868	A	*/-T	211	8	3.56%	2	1	93	93	0.0036602593149509337	1	1	114	97	0	8	-T
C1_BC25_191109_LF_LIB_consensus_vsearch	869	T	*/-C	192	15	6.98%	2	2	93	93	2.3462820410529364E-5	1	1	103	89	10	5	-C
C1_BC25_191109_LF_LIB_consensus_vsearch	870	C	C	204	1	0.48%	2	1	93	93	0.5000000000001412	1	1	103	101	1	0	+AC
C1_BC25_191109_LF_LIB_consensus_vsearch	871	C	*/-T	198	21	9.33%	2	2	93	93	2.882936455442224E-7	1	1	110	88	2	19	-T
C1_BC25_191109_LF_LIB_consensus_vsearch	872	T	Y	179	10	4.93%	2	2	93	93	8.642903755365361E-4	1	1	107	72	2	8	C
C1_BC25_191109_LF_LIB_consensus_vsearch	873	G	S	184	20	8.97%	2	1	93	93	5.846755776787465E-7	1	1	102	82	0	20	C
C1_BC25_191109_LF_LIB_consensus_vsearch	874	T	W	185	22	10.23%	2	2	93	93	1.3231683048650375E-7	1	1	107	78	1	21	A
C1_BC25_191109_LF_LIB_consensus_vsearch	875	G	G	214	1	0.47%	2	1	93	93	0.5000000000001412	1	1	111	103	1	0	-A
C1_BC25_191109_LF_LIB_consensus_vsearch	876	A	*/-C	175	40	17.94%	2	2	93	93	1.229814589843268E-13	1	1	103	72	5	35	-C
C1_BC25_191109_LF_LIB_consensus_vsearch	877	C	C	181	1	0.55%	2	1	93	93	0.4999999999999138	1	1	107	74	0	1	A
C1_BC25_191109_LF_LIB_consensus_vsearch	878	C	C	222	1	0.45%	2	1	93	93	0.4999999999999138	1	1	113	109	0	1	T
C1_BC25_191109_LF_LIB_consensus_vsearch	879	C	C	214	4	1.79%	2	1	93	93	0.061638926495252586	1	1	112	102	0	4	-TC
C1_BC25_191109_LF_LIB_consensus_vsearch	880	T	T	205	6	2.74%	2	1	93	93	0.015072272591959035	1	1	105	100	6	0	+C
C1_BC25_191109_LF_LIB_consensus_vsearch	881	C	*/-A	201	9	4.13%	2	1	93	93	0.0017895062981052791	1	1	104	97	9	0	-A
C1_BC25_191109_LF_LIB_consensus_vsearch	882	A	A	203	5	2.33%	2	1	93	93	0.030499722862415764	1	1	102	101	0	5	T
C1_BC25_191109_LF_LIB_consensus_vsearch	883	G	G	216	4	1.8%	2	2	93	93	0.061646763238677425	1	1	109	107	2	2	-A
C1_BC25_191109_LF_LIB_consensus_vsearch	884	A	A	211	3	1.38%	2	1	93	93	0.12412177985949331	1	1	104	107	3	0	+G
C1_BC25_191109_LF_LIB_consensus_vsearch	885	A	A	220	1	0.45%	2	1	93	93	0.4999999999999138	1	1	111	109	1	0	+G
C1_BC25_191109_LF_LIB_consensus_vsearch	886	G	G	219	1	0.45%	2	1	93	93	0.4999999999999138	1	1	111	108	0	1	+A
C1_BC25_191109_LF_LIB_consensus_vsearch	887	A	A	217	4	1.79%	2	1	93	93	0.0616506283607095	1	1	109	108	4	0	G
C1_BC25_191109_LF_LIB_consensus_vsearch	888	C	Y	210	9	4.02%	2	1	93	93	0.0017960807336148846	1	1	112	98	0	9	T
C1_BC25_191109_LF_LIB_consensus_vsearch	889	G	G	221	1	0.45%	2	1	93	93	0.4999999999999138	1	1	112	109	1	0	-A
C1_BC25_191109_LF_LIB_consensus_vsearch	890	A	*/-C	210	7	3.14%	2	1	93	93	0.007437988084800957	1	1	105	105	7	0	-C
C1_BC25_191109_LF_LIB_consensus_vsearch	891	C	C	213	2	0.92%	2	1	93	93	0.249417249417318	1	1	107	106	0	2	+T
C1_BC25_191109_LF_LIB_consensus_vsearch	892	C	C	222	2	0.89%	2	2	93	93	0.24944071588395061	1	1	114	108	1	1	-T
C1_BC25_191109_LF_LIB_consensus_vsearch	893	T	T	214	4	1.79%	2	2	93	93	0.061638926495252586	1	1	111	103	2	2	-A
C1_BC25_191109_LF_LIB_consensus_vsearch	894	A	A	220	1	0.45%	2	1	93	93	0.4999999999999138	1	1	113	107	0	1	C
C1_BC25_191109_LF_LIB_consensus_vsearch	895	A	A	224	1	0.44%	2	1	93	93	0.4999999999999138	1	1	114	110	1	0	G
C1_BC25_191109_LF_LIB_consensus_vsearch	896	T	T	220	3	1.33%	2	2	93	93	0.12415730337075404	1	1	113	107	1	2	C
C1_BC25_191109_LF_LIB_consensus_vsearch	897	G	G	223	1	0.44%	2	1	93	93	0.5000000000003686	1	1	113	110	1	0	-CGA
C1_BC25_191109_LF_LIB_consensus_vsearch	898	C	*/+A	208	7	3.12%	2	1	93	93	0.007434537497224064	1	1	98	110	7	0	+A
C1_BC25_191109_LF_LIB_consensus_vsearch	899	G	*/-A	195	12	5.58%	2	2	93	93	2.0721299272133376E-4	1	1	94	101	10	2	-A
C1_BC25_191109_LF_LIB_consensus_vsearch	900	A	A	201	1	0.49%	2	1	93	93	0.4999999999999138	1	1	96	105	1	0	+G
C1_BC25_191109_LF_LIB_consensus_vsearch	901	A	A	216	1	0.46%	2	1	93	93	0.4999999999999138	1	1	110	106	0	1	C
C1_BC25_191109_LF_LIB_consensus_vsearch	902	A	A	224	1	0.44%	2	1	93	93	0.4999999999999138	1	1	114	110	1	0	-G
C1_BC25_191109_LF_LIB_consensus_vsearch	903	G	G	218	1	0.45%	2	1	93	93	0.5000000000003686	1	1	111	107	0	1	+AA
C1_BC25_191109_LF_LIB_consensus_vsearch	904	C	C	212	3	1.35%	2	1	93	93	0.1241258741259166	1	1	108	104	0	3	A
C1_BC25_191109_LF_LIB_consensus_vsearch	905	A	A	212	3	1.35%	2	1	93	93	0.1241258741259166	1	1	109	103	0	3	+G
C1_BC25_191109_LF_LIB_consensus_vsearch	906	G	G	217	2	0.9%	2	1	93	93	0.24942791762028085	1	1	111	106	2	0	+A
C1_BC25_191109_LF_LIB_consensus_vsearch	907	T	Y	211	11	4.89%	2	1	93	93	4.300945555177922E-4	1	1	114	97	0	11	C
C1_BC25_191109_LF_LIB_consensus_vsearch	908	T	*/-G	209	7	3.11%	2	1	93	93	0.007436270701269745	1	1	112	97	0	7	-G
C1_BC25_191109_LF_LIB_consensus_vsearch	909	G	R	208	7	3.24%	2	1	93	93	0.007434537497224064	1	1	107	101	7	0	A
C1_BC25_191109_LF_LIB_consensus_vsearch	910	G	G	212	5	2.24%	2	2	93	93	0.030530802741347875	1	1	111	101	2	3	A
C1_BC25_191109_LF_LIB_consensus_vsearch	911	C	C	211	3	1.38%	2	1	93	93	0.12412177985949331	1	1	112	99	0	3	T
C1_BC25_191109_LF_LIB_consensus_vsearch	912	T	*/+G	182	16	7.24%	2	2	93	93	1.1130560435702788E-5	1	1	84	98	14	2	+G
C1_BC25_191109_LF_LIB_consensus_vsearch	913	A	*/+G	102	94	44.13%	2	2	93	93	1.719621609033712E-35	1	1	46	56	50	44	+G
C1_BC25_191109_LF_LIB_consensus_vsearch	914	G	*/+A	205	7	3.17%	2	1	93	93	0.0074292407456773525	1	1	99	106	7	0	+A
C1_BC25_191109_LF_LIB_consensus_vsearch	915	G	*/+AG	200	14	6.22%	2	1	93	93	4.9002433333818565E-5	1	1	92	108	14	0	+AG
C1_BC25_191109_LF_LIB_consensus_vsearch	916	T	Y	212	10	4.46%	2	2	93	93	8.804765900705064E-4	1	1	112	100	3	7	C
C1_BC25_191109_LF_LIB_consensus_vsearch	917	A	A	217	4	1.78%	2	2	93	93	0.0616506283607095	1	1	112	105	3	1	G
C1_BC25_191109_LF_LIB_consensus_vsearch	918	C	C	202	4	1.81%	2	2	93	93	0.06158870665501416	1	1	110	92	1	3	+T
C1_BC25_191109_LF_LIB_consensus_vsearch	919	T	T	213	2	0.93%	2	1	93	93	0.249417249417318	1	1	110	103	2	0	C
C1_BC25_191109_LF_LIB_consensus_vsearch	920	T	T	218	2	0.91%	2	1	93	93	0.24943052391823226	1	1	112	106	0	2	C
C1_BC25_191109_LF_LIB_consensus_vsearch	921	T	T	215	5	2.22%	2	2	93	93	0.03054059830172664	1	1	114	101	1	4	-C
C1_BC25_191109_LF_LIB_consensus_vsearch	922	C	C	210	3	1.36%	2	1	93	93	0.1241176470588473	1	1	113	97	0	3	-A
C1_BC25_191109_LF_LIB_consensus_vsearch	923	A	A	211	2	0.91%	2	1	93	93	0.24941176470603904	1	1	109	102	2	0	-T
C1_BC25_191109_LF_LIB_consensus_vsearch	924	T	T	213	6	2.73%	2	2	93	93	0.0150923687299321	1	1	111	102	1	5	C
C1_BC25_191109_LF_LIB_consensus_vsearch	925	T	T	213	5	2.23%	2	1	93	93	0.030534097847134272	1	1	112	101	0	5	+G
C1_BC25_191109_LF_LIB_consensus_vsearch	926	G	G	222	2	0.89%	2	1	93	93	0.24944071588395061	1	1	112	110	2	0	-A
C1_BC25_191109_LF_LIB_consensus_vsearch	927	A	A	222	1	0.45%	2	1	93	93	0.4999999999999138	1	1	113	109	0	1	-T
C1_BC25_191109_LF_LIB_consensus_vsearch	928	T	T	224	0	0%	2	0	93	0	1.0	1	0	115	109	0	0	
C1_BC25_191109_LF_LIB_consensus_vsearch	929	C	*/-A	202	18	8%	2	2	93	93	2.655487106225235E-6	1	1	110	92	1	17	-A
C1_BC25_191109_LF_LIB_consensus_vsearch	930	A	A	197	4	1.94%	2	2	93	93	0.06156600978754844	1	1	108	89	1	3	G
C1_BC25_191109_LF_LIB_consensus_vsearch	931	A	*/-G	203	16	7.14%	2	1	93	93	1.1485308764863282E-5	1	1	113	90	0	16	-G
C1_BC25_191109_LF_LIB_consensus_vsearch	932	G	G	205	2	0.96%	2	2	93	93	0.24939467312372118	1	1	113	92	1	1	-C
C1_BC25_191109_LF_LIB_consensus_vsearch	933	C	C	219	2	0.9%	2	1	93	93	0.24943310657599216	1	1	113	106	0	2	+A
C1_BC25_191109_LF_LIB_consensus_vsearch	934	A	A	222	2	0.89%	2	1	93	93	0.24944071588395061	1	1	112	110	2	0	G
C1_BC25_191109_LF_LIB_consensus_vsearch	935	C	C	216	3	1.33%	2	1	93	93	0.12414187643025615	1	1	112	104	0	3	T
C1_BC25_191109_LF_LIB_consensus_vsearch	936	G	G	219	3	1.33%	2	1	93	93	0.12415349887135622	1	1	113	106	0	3	A
C1_BC25_191109_LF_LIB_consensus_vsearch	937	A	A	218	1	0.45%	2	1	93	93	0.5000000000003686	1	1	109	109	1	0	+G
C1_BC25_191109_LF_LIB_consensus_vsearch	938	A	*/-G	208	9	4.05%	2	1	93	93	0.0017946657928001688	1	1	101	107	9	0	-G
C1_BC25_191109_LF_LIB_consensus_vsearch	939	G	G	201	3	1.42%	2	1	93	93	0.12407862407864012	1	1	95	106	3	0	A
C1_BC25_191109_LF_LIB_consensus_vsearch	940	G	G	215	3	1.36%	2	1	93	93	0.12413793103441495	1	1	107	108	3	0	A
C1_BC25_191109_LF_LIB_consensus_vsearch	941	G	G	219	3	1.33%	2	1	93	93	0.12415349887135622	1	1	110	109	3	0	T
C1_BC25_191109_LF_LIB_consensus_vsearch	942	T	*/-G	109	71	31.7%	2	2	93	93	7.265296279401123E-26	1	1	54	55	28	43	-G
C1_BC25_191109_LF_LIB_consensus_vsearch	943	G	G	114	2	1.65%	2	1	93	93	0.248917748917747	1	1	50	64	0	2	+T
C1_BC25_191109_LF_LIB_consensus_vsearch	944	G	G	190	2	1.04%	2	1	93	93	0.2493472584856949	1	1	80	110	2	0	T
C1_BC25_191109_LF_LIB_consensus_vsearch	945	G	G	217	6	2.69%	2	1	93	93	0.015101878629034914	1	1	107	110	6	0	A
C1_BC25_191109_LF_LIB_consensus_vsearch	946	G	G	222	2	0.89%	2	2	93	93	0.24944071588395061	1	1	113	109	1	1	+A
C1_BC25_191109_LF_LIB_consensus_vsearch	947	G	G	215	5	2.22%	2	1	93	93	0.03054059830172664	1	1	106	109	5	0	-AG
C1_BC25_191109_LF_LIB_consensus_vsearch	948	A	A	213	1	0.46%	2	1	93	93	0.4999999999999138	1	1	107	106	0	1	-G
C1_BC25_191109_LF_LIB_consensus_vsearch	949	G	*/+T	186	15	6.88%	2	1	93	93	2.3272499024923496E-5	1	1	110	76	0	15	+T
C1_BC25_191109_LF_LIB_consensus_vsearch	950	C	*/-A	163	19	9%	2	2	93	93	1.1624660859369758E-6	1	1	96	67	11	8	-A
C1_BC25_191109_LF_LIB_consensus_vsearch	951	A	A	188	6	3.05%	2	2	93	93	0.015024094855898527	1	1	102	86	2	4	G
C1_BC25_191109_LF_LIB_consensus_vsearch	952	A	A	221	1	0.45%	2	1	93	93	0.4999999999999138	1	1	115	106	0	1	G
C1_BC25_191109_LF_LIB_consensus_vsearch	953	A	A	221	2	0.89%	2	2	93	93	0.24943820224728358	1	1	114	107	1	1	G
C1_BC25_191109_LF_LIB_consensus_vsearch	954	G	G	220	2	0.89%	2	1	93	93	0.2494356659142869	1	1	113	107	0	2	T
C1_BC25_191109_LF_LIB_consensus_vsearch	955	A	A	216	3	1.34%	2	1	93	93	0.12414187643025615	1	1	110	106	0	3	+T
C1_BC25_191109_LF_LIB_consensus_vsearch	956	C	C	215	3	1.34%	2	2	93	93	0.12413793103441495	1	1	108	107	1	2	T
C1_BC25_191109_LF_LIB_consensus_vsearch	957	G	G	221	1	0.45%	2	1	93	93	0.4999999999999138	1	1	113	108	0	1	+CG
C1_BC25_191109_LF_LIB_consensus_vsearch	958	A	A	223	1	0.45%	2	1	93	93	0.5000000000003686	1	1	115	108	0	1	+G
C1_BC25_191109_LF_LIB_consensus_vsearch	959	T	T	223	2	0.89%	2	2	93	93	0.24944320712692292	1	1	114	109	1	1	C
C1_BC25_191109_LF_LIB_consensus_vsearch	960	T	*/+G	214	10	4.44%	2	2	93	93	8.813089995913842E-4	1	1	108	106	7	3	+G
C1_BC25_191109_LF_LIB_consensus_vsearch	961	A	R	202	12	5.33%	2	2	93	93	2.0835870377678545E-4	1	1	97	105	11	1	G
C1_BC25_191109_LF_LIB_consensus_vsearch	962	G	G	215	3	1.37%	2	1	93	93	0.12413793103441495	1	1	106	109	3	0	+A
C1_BC25_191109_LF_LIB_consensus_vsearch	963	A	R	216	7	3.11%	2	1	93	93	0.007447971960236055	1	1	106	110	7	0	G
C1_BC25_191109_LF_LIB_consensus_vsearch	964	C	C	218	5	2.22%	2	2	93	93	0.030550130621104243	1	1	109	109	4	1	T
C1_BC25_191109_LF_LIB_consensus_vsearch	965	A	A	213	4	1.79%	2	2	93	93	0.06163495389099757	1	1	110	103	1	3	-C
C1_BC25_191109_LF_LIB_consensus_vsearch	966	C	C	216	2	0.91%	2	1	93	93	0.249425287356441	1	1	110	106	2	0	T
C1_BC25_191109_LF_LIB_consensus_vsearch	967	C	Y	206	13	5.8%	2	1	93	93	1.016217291023551E-4	1	1	114	92	0	13	T
C1_BC25_191109_LF_LIB_consensus_vsearch	968	G	G	211	3	1.35%	2	1	93	93	0.12412177985949331	1	1	109	102	0	3	+C
C1_BC25_191109_LF_LIB_consensus_vsearch	969	T	Y	204	15	6.82%	2	2	93	93	2.3815125527116474E-5	1	1	113	91	1	14	C
C1_BC25_191109_LF_LIB_consensus_vsearch	970	T	T	217	3	1.34%	2	1	93	93	0.12414578587710072	1	1	113	104	0	3	C
C1_BC25_191109_LF_LIB_consensus_vsearch	971	G	G	213	4	1.79%	2	1	93	93	0.06163495389099757	1	1	110	103	0	4	+C
C1_BC25_191109_LF_LIB_consensus_vsearch	972	T	T	213	5	2.26%	2	1	93	93	0.030534097847134272	1	1	112	101	0	5	C
C1_BC25_191109_LF_LIB_consensus_vsearch	973	A	A	215	6	2.7%	2	2	93	93	0.01509716650743782	1	1	113	102	2	4	G
C1_BC25_191109_LF_LIB_consensus_vsearch	974	G	G	222	2	0.89%	2	2	93	93	0.24944071588395061	1	1	113	109	1	1	A
C1_BC25_191109_LF_LIB_consensus_vsearch	975	T	*/-C	194	23	10.27%	2	1	93	93	6.444107300416681E-8	1	1	86	108	23	0	-C
C1_BC25_191109_LF_LIB_consensus_vsearch	976	C	C	197	1	0.51%	2	1	93	93	0.5000000000001412	1	1	87	110	1	0	T
C1_BC25_191109_LF_LIB_consensus_vsearch	977	C	C	217	3	1.36%	2	2	93	93	0.12414578587710072	1	1	108	109	2	1	T
C1_BC25_191109_LF_LIB_consensus_vsearch	978	C	C	215	5	2.23%	2	1	93	93	0.03054059830172664	1	1	108	107	5	0	-A
C1_BC25_191109_LF_LIB_consensus_vsearch	979	A	*/+C	207	9	4.11%	2	2	93	93	0.001793948723227531	1	1	102	105	6	3	+C
C1_BC25_191109_LF_LIB_consensus_vsearch	980	C	C	218	4	1.79%	2	1	93	93	0.061654458623218986	1	1	109	109	4	0	G
C1_BC25_191109_LF_LIB_consensus_vsearch	981	C	C	219	3	1.34%	2	2	93	93	0.12415349887135622	1	1	111	108	2	1	-A
C1_BC25_191109_LF_LIB_consensus_vsearch	982	A	A	212	5	2.26%	2	2	93	93	0.030530802741347875	1	1	108	104	3	2	G
C1_BC25_191109_LF_LIB_consensus_vsearch	983	G	G	219	1	0.45%	2	1	93	93	0.4999999999999138	1	1	112	107	1	0	-T
C1_BC25_191109_LF_LIB_consensus_vsearch	984	T	Y	206	7	3.15%	2	2	93	93	0.007431022745174962	1	1	108	98	2	5	C
C1_BC25_191109_LF_LIB_consensus_vsearch	985	A	A	221	0	0%	2	0	93	0	1.0	1	0	113	108	0	0	
C1_BC25_191109_LF_LIB_consensus_vsearch	986	A	A	221	1	0.45%	2	1	93	93	0.4999999999999138	1	1	113	108	0	1	+CTGAG
C1_BC25_191109_LF_LIB_consensus_vsearch	987	A	A	221	1	0.45%	2	1	93	93	0.4999999999999138	1	1	113	108	1	0	+G
C1_BC25_191109_LF_LIB_consensus_vsearch	988	C	C	215	3	1.35%	2	1	93	93	0.12413793103441495	1	1	113	102	0	3	T
C1_BC25_191109_LF_LIB_consensus_vsearch	989	G	G	213	6	2.7%	2	1	93	93	0.0150923687299321	1	1	106	107	6	0	-A
C1_BC25_191109_LF_LIB_consensus_vsearch	990	A	A	218	0	0%	2	0	93	0	1.0	1	0	108	110	0	0	
C1_BC25_191109_LF_LIB_consensus_vsearch	991	T	T	219	2	0.89%	2	2	93	93	0.24943310657599216	1	1	112	107	1	1	-GT
C1_BC25_191109_LF_LIB_consensus_vsearch	992	G	G	220	2	0.9%	2	1	93	93	0.2494356659142869	1	1	111	109	2	0	A
C1_BC25_191109_LF_LIB_consensus_vsearch	993	T	T	219	2	0.9%	2	1	93	93	0.24943310657599216	1	1	112	107	0	2	C
C1_BC25_191109_LF_LIB_consensus_vsearch	994	C	C	222	2	0.89%	2	1	93	93	0.24944071588395061	1	1	112	110	2	0	+T
C1_BC25_191109_LF_LIB_consensus_vsearch	995	G	G	222	2	0.89%	2	1	93	93	0.24944071588395061	1	1	112	110	2	0	-AC
C1_BC25_191109_LF_LIB_consensus_vsearch	996	A	A	221	1	0.45%	2	1	93	93	0.4999999999999138	1	1	111	110	1	0	G
C1_BC25_191109_LF_LIB_consensus_vsearch	997	C	C	221	1	0.45%	2	1	93	93	0.4999999999999138	1	1	111	110	1	0	+AC
C1_BC25_191109_LF_LIB_consensus_vsearch	998	G	G	216	5	2.23%	2	2	93	93	0.030543804461782422	1	1	108	108	3	2	-CG
C1_BC25_191109_LF_LIB_consensus_vsearch	999	C	C	215	2	0.92%	2	1	93	93	0.2494226327944578	1	1	109	106	0	2	+G
C1_BC25_191109_LF_LIB_consensus_vsearch	1000	G	G	214	3	1.38%	2	1	93	93	0.12413394919162732	1	1	106	108	3	0	-A
C1_BC25_191109_LF_LIB_consensus_vsearch	1001	A	A	217	2	0.91%	2	2	93	93	0.24942791762028085	1	1	109	108	1	1	G
C1_BC25_191109_LF_LIB_consensus_vsearch	1002	T	T	221	3	1.34%	2	1	93	93	0.12416107382546236	1	1	111	110	3	0	+C
C1_BC25_191109_LF_LIB_consensus_vsearch	1003	C	C	216	4	1.79%	2	1	93	93	0.061646763238677425	1	1	107	109	4	0	-A
C1_BC25_191109_LF_LIB_consensus_vsearch	1004	A	A	214	3	1.38%	2	2	93	93	0.12413394919162732	1	1	106	108	2	1	G
C1_BC25_191109_LF_LIB_consensus_vsearch	1005	C	*/-G	204	9	4.07%	2	2	93	93	0.0017917580621936403	1	1	101	103	7	2	-G
C1_BC25_191109_LF_LIB_consensus_vsearch	1006	G	G	202	5	2.34%	2	1	93	93	0.030496102932097202	1	1	96	106	5	0	A
C1_BC25_191109_LF_LIB_consensus_vsearch	1007	G	G	213	5	2.24%	2	1	93	93	0.030534097847134272	1	1	105	108	5	0	+A
C1_BC25_191109_LF_LIB_consensus_vsearch	1008	G	G	218	3	1.34%	2	2	93	93	0.12414965986396012	1	1	110	108	1	2	A
C1_BC25_191109_LF_LIB_consensus_vsearch	1009	T	T	221	2	0.89%	2	1	93	93	0.24943820224728358	1	1	114	107	0	2	C
C1_BC25_191109_LF_LIB_consensus_vsearch	1010	G	G	216	6	2.69%	2	1	93	93	0.015099533131216845	1	1	114	102	0	6	+T
C1_BC25_191109_LF_LIB_consensus_vsearch	1011	T	T	216	6	2.68%	2	2	93	93	0.015099533131216845	1	1	113	103	1	5	-C
C1_BC25_191109_LF_LIB_consensus_vsearch	1012	C	C	214	2	0.92%	2	2	93	93	0.24941995359642635	1	1	111	103	1	1	+AC
C1_BC25_191109_LF_LIB_consensus_vsearch	1013	T	T	209	5	2.24%	2	1	93	93	0.030520732883336912	1	1	111	98	0	5	A
C1_BC25_191109_LF_LIB_consensus_vsearch	1014	G	G	214	4	1.79%	2	1	93	93	0.061638926495252586	1	1	112	102	0	4	C
C1_BC25_191109_LF_LIB_consensus_vsearch	1015	T	T	209	4	1.81%	2	1	93	93	0.061618690029214815	1	1	111	98	0	4	A
C1_BC25_191109_LF_LIB_consensus_vsearch	1016	G	G	214	6	2.7%	2	2	93	93	0.015094778470947015	1	1	111	103	2	4	-T
C1_BC25_191109_LF_LIB_consensus_vsearch	1017	T	T	208	5	2.33%	2	1	93	93	0.03051731330830772	1	1	112	96	0	5	C
C1_BC25_191109_LF_LIB_consensus_vsearch	1018	T	T	207	5	2.24%	2	1	93	93	0.030513861513988962	1	1	108	99	0	5	C
C1_BC25_191109_LF_LIB_consensus_vsearch	1019	A	A	209	3	1.37%	2	1	93	93	0.12411347517731831	1	1	105	104	0	3	+G
C1_BC25_191109_LF_LIB_consensus_vsearch	1020	G	G	216	1	0.46%	2	1	93	93	0.4999999999999138	1	1	108	108	0	1	+T
C1_BC25_191109_LF_LIB_consensus_vsearch	1021	C	C	210	3	1.36%	2	1	93	93	0.1241176470588473	1	1	102	108	3	0	-A
C1_BC25_191109_LF_LIB_consensus_vsearch	1022	A	R	196	16	7.41%	2	2	93	93	1.137397674554477E-5	1	1	88	108	14	2	G
C1_BC25_191109_LF_LIB_consensus_vsearch	1023	G	G	214	1	0.46%	2	1	93	93	0.5000000000001412	1	1	104	110	1	0	-C
C1_BC25_191109_LF_LIB_consensus_vsearch	1024	C	*/-GC	208	7	3.21%	2	2	93	93	0.007434537497224064	1	1	102	106	4	3	-GC
C1_BC25_191109_LF_LIB_consensus_vsearch	1025	G	G	208	2	0.93%	2	1	93	93	0.24940334128888852	1	1	106	102	0	2	+C
C1_BC25_191109_LF_LIB_consensus_vsearch	1026	C	C	202	6	2.79%	2	2	93	93	0.015064340002589747	1	1	101	101	2	4	-T
C1_BC25_191109_LF_LIB_consensus_vsearch	1027	T	T	210	3	1.38%	2	2	93	93	0.1241176470588473	1	1	106	104	2	1	C
C1_BC25_191109_LF_LIB_consensus_vsearch	1028	C	*/+G	189	10	4.5%	2	2	93	93	8.697426073947409E-4	1	1	99	90	6	4	+G
C1_BC25_191109_LF_LIB_consensus_vsearch	1029	G	G	195	5	2.43%	2	2	93	93	0.03046975120420833	1	1	102	93	3	2	A
C1_BC25_191109_LF_LIB_consensus_vsearch	1030	G	R	209	7	3.24%	2	2	93	93	0.007436270701269745	1	1	110	99	3	4	A
C1_BC25_191109_LF_LIB_consensus_vsearch	1031	G	*/-A	207	9	4.04%	2	2	93	93	0.001793948723227531	1	1	100	107	7	2	-A
C1_BC25_191109_LF_LIB_consensus_vsearch	1032	A	A	202	5	2.38%	2	1	93	93	0.030496102932097202	1	1	95	107	5	0	G
C1_BC25_191109_LF_LIB_consensus_vsearch	1033	G	G	208	2	0.93%	2	2	93	93	0.24940334128888852	1	1	103	105	1	1	-CG
C1_BC25_191109_LF_LIB_consensus_vsearch	1034	C	C	212	2	0.91%	2	2	93	93	0.24941451990645544	1	1	110	102	1	1	A
C1_BC25_191109_LF_LIB_consensus_vsearch	1035	G	G	211	4	1.81%	2	1	93	93	0.06162689769249	1	1	110	101	0	4	-T
C1_BC25_191109_LF_LIB_consensus_vsearch	1036	T	T	214	1	0.46%	2	1	93	93	0.5000000000001412	1	1	113	101	0	1	+G
C1_BC25_191109_LF_LIB_consensus_vsearch	1037	A	A	217	4	1.79%	2	2	93	93	0.0616506283607095	1	1	112	105	1	3	-TA
C1_BC25_191109_LF_LIB_consensus_vsearch	1038	T	T	215	3	1.37%	2	1	93	93	0.12413793103441495	1	1	110	105	3	0	-A
C1_BC25_191109_LF_LIB_consensus_vsearch	1039	A	*/-GA	193	9	4.15%	2	1	93	93	0.0017831826885241658	1	1	91	102	9	0	-GA
C1_BC25_191109_LF_LIB_consensus_vsearch	1040	G	G	203	3	1.42%	2	2	93	93	0.12408759124090059	1	1	95	108	2	1	+A
C1_BC25_191109_LF_LIB_consensus_vsearch	1041	A	A	205	3	1.43%	2	1	93	93	0.12409638554214404	1	1	96	109	3	0	G
C1_BC25_191109_LF_LIB_consensus_vsearch	1042	A	A	220	1	0.45%	2	1	93	93	0.4999999999999138	1	1	111	109	0	1	+CTT
C1_BC25_191109_LF_LIB_consensus_vsearch	1043	A	*/+T	18	161	72.52%	2	2	93	93	5.660655430372603E-82	1	1	13	5	60	101	+T
C1_BC25_191109_LF_LIB_consensus_vsearch	1044	T	T	205	4	1.8%	2	2	93	93	0.06160180289502593	1	1	99	106	1	3	+C
C1_BC25_191109_LF_LIB_consensus_vsearch	1045	A	*/-G	149	34	15.53%	2	1	93	93	1.0739594191449847E-11	1	1	67	82	34	0	-G
C1_BC25_191109_LF_LIB_consensus_vsearch	1046	G	G	178	5	2.66%	2	1	93	93	0.0303973734857873	1	1	69	109	5	0	+A
C1_BC25_191109_LF_LIB_consensus_vsearch	1047	A	A	221	1	0.45%	2	1	93	93	0.4999999999999138	1	1	111	110	1	0	-G
C1_BC25_191109_LF_LIB_consensus_vsearch	1048	G	G	217	5	2.24%	2	1	93	93	0.03054698177238809	1	1	108	109	5	0	A
C1_BC25_191109_LF_LIB_consensus_vsearch	1049	T	T	219	3	1.34%	2	1	93	93	0.12415349887135622	1	1	112	107	0	3	C
C1_BC25_191109_LF_LIB_consensus_vsearch	1050	C	*/-T	202	15	6.7%	2	1	93	93	2.375885795125084E-5	1	1	113	89	0	15	-T
C1_BC25_191109_LF_LIB_consensus_vsearch	1051	T	T	201	3	1.47%	2	1	93	93	0.12407862407864012	1	1	114	87	0	3	C
C1_BC25_191109_LF_LIB_consensus_vsearch	1052	T	T	218	1	0.46%	2	1	93	93	0.5000000000003686	1	1	114	104	0	1	C
C1_BC25_191109_LF_LIB_consensus_vsearch	1053	T	*/-G	190	32	14.29%	2	1	93	93	6.987568944120109E-11	1	1	114	76	0	32	-G
C1_BC25_191109_LF_LIB_consensus_vsearch	1054	G	G	187	3	1.56%	2	1	93	93	0.12401055408976878	1	1	112	75	0	3	C
C1_BC25_191109_LF_LIB_consensus_vsearch	1055	G	G	222	2	0.89%	2	2	93	93	0.24944071588395061	1	1	113	109	1	1	-A
C1_BC25_191109_LF_LIB_consensus_vsearch	1056	A	A	215	4	1.8%	2	1	93	93	0.06164286277914926	1	1	111	104	0	4	+C
C1_BC25_191109_LF_LIB_consensus_vsearch	1057	C	C	216	6	2.68%	2	2	93	93	0.015099533131216845	1	1	113	103	1	5	-T
C1_BC25_191109_LF_LIB_consensus_vsearch	1058	T	*/-C	207	7	3.21%	2	1	93	93	0.007432788253078562	1	1	111	96	0	7	-C
C1_BC25_191109_LF_LIB_consensus_vsearch	1059	C	C	213	1	0.46%	2	1	93	93	0.4999999999999138	1	1	113	100	0	1	+T
C1_BC25_191109_LF_LIB_consensus_vsearch	1060	T	*/-G	142	42	18.92%	2	2	93	93	1.6157680115934345E-14	1	1	81	61	17	25	-G
C1_BC25_191109_LF_LIB_consensus_vsearch	1061	G	G	169	0	0%	2	0	93	0	1.0	1	0	90	79	0	0	
C1_BC25_191109_LF_LIB_consensus_vsearch	1062	G	G	212	0	0%	2	0	93	0	1.0	1	0	107	105	0	0	
C1_BC25_191109_LF_LIB_consensus_vsearch	1063	G	G	221	1	0.45%	2	1	93	93	0.4999999999999138	1	1	112	109	0	1	+A
C1_BC25_191109_LF_LIB_consensus_vsearch	1064	G	G	221	2	0.89%	2	2	93	93	0.24943820224728358	1	1	112	109	1	1	+A
C1_BC25_191109_LF_LIB_consensus_vsearch	1065	G	*/+A	191	17	7.59%	2	1	93	93	5.427543998578852E-6	1	1	82	109	17	0	+A
C1_BC25_191109_LF_LIB_consensus_vsearch	1066	A	A	213	3	1.37%	2	1	93	93	0.12412993039444345	1	1	107	106	3	0	-G
C1_BC25_191109_LF_LIB_consensus_vsearch	1067	G	R	201	10	4.61%	2	1	93	93	8.756254095238223E-4	1	1	92	109	10	0	A
C1_BC25_191109_LF_LIB_consensus_vsearch	1068	T	T	222	1	0.45%	2	1	93	93	0.4999999999999138	1	1	114	108	0	1	C
C1_BC25_191109_LF_LIB_consensus_vsearch	1069	A	A	218	3	1.35%	2	2	93	93	0.12414965986396012	1	1	112	106	1	2	G
C1_BC25_191109_LF_LIB_consensus_vsearch	1070	T	T	216	5	2.24%	2	2	93	93	0.030543804461782422	1	1	111	105	2	3	-G
C1_BC25_191109_LF_LIB_consensus_vsearch	1071	G	G	217	1	0.46%	2	1	93	93	0.4999999999999138	1	1	110	107	1	0	+A
C1_BC25_191109_LF_LIB_consensus_vsearch	1072	G	G	216	3	1.34%	2	1	93	93	0.12414187643025615	1	1	112	104	0	3	+C
C1_BC25_191109_LF_LIB_consensus_vsearch	1073	T	T	213	4	1.79%	2	2	93	93	0.06163495389099757	1	1	110	103	1	3	-C
C1_BC25_191109_LF_LIB_consensus_vsearch	1074	C	C	205	5	2.3%	2	1	93	93	0.03050685942891605	1	1	103	102	5	0	+A
C1_BC25_191109_LF_LIB_consensus_vsearch	1075	G	G	207	5	2.29%	2	1	93	93	0.030513861513988962	1	1	103	104	5	0	C
C1_BC25_191109_LF_LIB_consensus_vsearch	1076	C	C	207	3	1.36%	2	2	93	93	0.12410501193315207	1	1	105	102	2	1	+A
C1_BC25_191109_LF_LIB_consensus_vsearch	1077	A	A	218	1	0.45%	2	1	93	93	0.5000000000003686	1	1	109	109	1	0	+G
C1_BC25_191109_LF_LIB_consensus_vsearch	1078	A	A	222	1	0.45%	2	1	93	93	0.4999999999999138	1	1	113	109	1	0	-G
C1_BC25_191109_LF_LIB_consensus_vsearch	1079	G	G	223	1	0.45%	2	1	93	93	0.5000000000003686	1	1	113	110	1	0	A
C1_BC25_191109_LF_LIB_consensus_vsearch	1080	T	T	221	2	0.89%	2	2	93	93	0.24943820224728358	1	1	112	109	1	1	C
C1_BC25_191109_LF_LIB_consensus_vsearch	1081	C	C	223	2	0.89%	2	1	93	93	0.24944320712692292	1	1	113	110	2	0	-T
C1_BC25_191109_LF_LIB_consensus_vsearch	1082	T	*/+G	203	11	4.93%	2	2	93	93	4.280077806644155E-4	1	1	103	100	3	8	+G
C1_BC25_191109_LF_LIB_consensus_vsearch	1083	G	G	211	5	2.22%	2	1	93	93	0.030527477163211258	1	1	106	105	5	0	C
C1_BC25_191109_LF_LIB_consensus_vsearch	1084	A	A	217	2	0.9%	2	1	93	93	0.24942791762028085	1	1	110	107	0	2	G
C1_BC25_191109_LF_LIB_consensus_vsearch	1085	A	A	222	1	0.45%	2	1	93	93	0.4999999999999138	1	1	112	110	1	0	G
C1_BC25_191109_LF_LIB_consensus_vsearch	1086	A	A	218	4	1.78%	2	1	93	93	0.061654458623218986	1	1	109	109	4	0	G
C1_BC25_191109_LF_LIB_consensus_vsearch	1087	C	C	216	3	1.34%	2	1	93	93	0.12414187643025615	1	1	110	106	3	0	-TT
C1_BC25_191109_LF_LIB_consensus_vsearch	1088	T	T	213	4	1.83%	2	2	93	93	0.06163495389099757	1	1	106	107	3	1	C
C1_BC25_191109_LF_LIB_consensus_vsearch	1089	T	T	201	5	2.27%	2	1	93	93	0.03049244790271922	1	1	98	103	5	0	-A
C1_BC25_191109_LF_LIB_consensus_vsearch	1090	A	A	213	2	0.93%	2	1	93	93	0.249417249417318	1	1	106	107	2	0	C
C1_BC25_191109_LF_LIB_consensus_vsearch	1091	A	A	220	2	0.9%	2	2	93	93	0.2494356659142869	1	1	113	107	1	1	G
C1_BC25_191109_LF_LIB_consensus_vsearch	1092	A	A	216	2	0.89%	2	1	93	93	0.249425287356441	1	1	107	109	2	0	-G
C1_BC25_191109_LF_LIB_consensus_vsearch	1093	G	G	219	2	0.9%	2	1	93	93	0.24943310657599216	1	1	112	107	0	2	+C
C1_BC25_191109_LF_LIB_consensus_vsearch	1094	G	G	217	2	0.89%	2	1	93	93	0.24942791762028085	1	1	108	109	2	0	+A
C1_BC25_191109_LF_LIB_consensus_vsearch	1095	A	A	218	1	0.46%	2	1	93	93	0.5000000000003686	1	1	109	109	1	0	G
C1_BC25_191109_LF_LIB_consensus_vsearch	1096	A	A	216	3	1.35%	2	1	93	93	0.12414187643025615	1	1	107	109	3	0	G
C1_BC25_191109_LF_LIB_consensus_vsearch	1097	T	T	218	4	1.79%	2	1	93	93	0.061654458623218986	1	1	109	109	4	0	G
C1_BC25_191109_LF_LIB_consensus_vsearch	1098	T	T	215	4	1.79%	2	1	93	93	0.06164286277914926	1	1	113	102	0	4	+G
C1_BC25_191109_LF_LIB_consensus_vsearch	1099	G	G	222	1	0.45%	2	1	93	93	0.4999999999999138	1	1	113	109	1	0	+A
C1_BC25_191109_LF_LIB_consensus_vsearch	1100	A	A	220	2	0.89%	2	1	93	93	0.2494356659142869	1	1	112	108	2	0	+G
C1_BC25_191109_LF_LIB_consensus_vsearch	1101	C	C	215	4	1.78%	2	1	93	93	0.06164286277914926	1	1	112	103	0	4	-G
C1_BC25_191109_LF_LIB_consensus_vsearch	1102	G	G	213	2	0.91%	2	1	93	93	0.249417249417318	1	1	112	101	0	2	T
C1_BC25_191109_LF_LIB_consensus_vsearch	1103	G	*/+A	207	9	4.04%	2	1	93	93	0.001793948723227531	1	1	100	107	9	0	+A
C1_BC25_191109_LF_LIB_consensus_vsearch	1104	A	A	218	1	0.46%	2	1	93	93	0.5000000000003686	1	1	110	108	0	1	+G
C1_BC25_191109_LF_LIB_consensus_vsearch	1105	A	*/-G	197	13	5.83%	2	2	93	93	1.0080182645455998E-4	1	1	102	95	1	12	-G
C1_BC25_191109_LF_LIB_consensus_vsearch	1106	G	*/+A	197	7	3.33%	2	1	93	93	0.007414362253072604	1	1	102	95	7	0	+A
C1_BC25_191109_LF_LIB_consensus_vsearch	1107	G	*/+A	214	7	3.14%	2	1	93	93	0.007444703667648697	1	1	105	109	7	0	+A
C1_BC25_191109_LF_LIB_consensus_vsearch	1108	G	G	220	2	0.89%	2	1	93	93	0.2494356659142869	1	1	110	110	2	0	+AG
C1_BC25_191109_LF_LIB_consensus_vsearch	1109	C	*/+A	206	12	5.33%	2	1	93	93	2.089820970245861E-4	1	1	109	97	0	12	+A
C1_BC25_191109_LF_LIB_consensus_vsearch	1110	A	A	218	3	1.34%	2	1	93	93	0.12414965986396012	1	1	110	108	3	0	G
C1_BC25_191109_LF_LIB_consensus_vsearch	1111	C	Y	200	12	5.38%	2	1	93	93	2.0803866112796158E-4	1	1	111	89	0	12	T
C1_BC25_191109_LF_LIB_consensus_vsearch	1112	A	A	212	2	0.93%	2	1	93	93	0.24941451990645544	1	1	109	103	2	0	G
C1_BC25_191109_LF_LIB_consensus_vsearch	1113	A	R	210	10	4.46%	2	2	93	93	8.796295164637225E-4	1	1	104	106	9	1	G
C1_BC25_191109_LF_LIB_consensus_vsearch	1114	C	C	218	3	1.35%	2	1	93	93	0.12414965986396012	1	1	111	107	3	0	G
C1_BC25_191109_LF_LIB_consensus_vsearch	1115	C	Y	206	16	7.11%	2	1	93	93	1.1531106955580906E-5	1	1	112	94	0	16	T
C1_BC25_191109_LF_LIB_consensus_vsearch	1116	A	A	217	3	1.33%	2	1	93	93	0.12414578587710072	1	1	111	106	3	0	G
C1_BC25_191109_LF_LIB_consensus_vsearch	1117	G	G	221	2	0.89%	2	1	93	93	0.24943820224728358	1	1	114	107	0	2	T
C1_BC25_191109_LF_LIB_consensus_vsearch	1118	G	G	219	4	1.79%	2	1	93	93	0.06165825449566743	1	1	115	104	0	4	-CG
C1_BC25_191109_LF_LIB_consensus_vsearch	1119	C	C	217	2	0.91%	2	1	93	93	0.24942791762028085	1	1	114	103	0	2	-G
C1_BC25_191109_LF_LIB_consensus_vsearch	1120	G	*/-TG	197	18	8.26%	2	1	93	93	2.6322566298277565E-6	1	1	113	84	0	18	-TG
C1_BC25_191109_LF_LIB_consensus_vsearch	1121	T	T	193	5	2.43%	2	2	93	93	0.030461880374916768	1	1	113	80	1	4	+G
C1_BC25_191109_LF_LIB_consensus_vsearch	1122	G	G	198	3	1.49%	2	1	93	93	0.12406483790525294	1	1	111	87	3	0	A
C1_BC25_191109_LF_LIB_consensus_vsearch	1123	G	G	218	5	2.23%	2	1	93	93	0.030550130621104243	1	1	109	109	5	0	-A
C1_BC25_191109_LF_LIB_consensus_vsearch	1124	A	A	219	1	0.45%	2	1	93	93	0.4999999999999138	1	1	110	109	0	1	G
C1_BC25_191109_LF_LIB_consensus_vsearch	1125	G	G	219	4	1.78%	2	1	93	93	0.06165825449566743	1	1	110	109	4	0	-C
C1_BC25_191109_LF_LIB_consensus_vsearch	1126	C	C	218	2	0.9%	2	1	93	93	0.24943052391823226	1	1	110	108	0	2	+T
C1_BC25_191109_LF_LIB_consensus_vsearch	1127	C	C	215	3	1.33%	2	2	93	93	0.12413793103441495	1	1	111	104	2	1	-T
C1_BC25_191109_LF_LIB_consensus_vsearch	1128	T	T	211	6	2.71%	2	1	93	93	0.015087482939793164	1	1	113	98	0	6	+G
C1_BC25_191109_LF_LIB_consensus_vsearch	1129	G	G	216	5	2.23%	2	1	93	93	0.030543804461782422	1	1	113	103	0	5	-C
C1_BC25_191109_LF_LIB_consensus_vsearch	1130	C	C	203	5	2.27%	2	2	93	93	0.030499722862415764	1	1	109	94	2	3	-G
C1_BC25_191109_LF_LIB_consensus_vsearch	1131	G	R	206	10	4.57%	2	2	93	93	8.778898007284436E-4	1	1	103	103	9	1	A
C1_BC25_191109_LF_LIB_consensus_vsearch	1132	G	G	218	2	0.89%	2	1	93	93	0.24943052391823226	1	1	113	105	0	2	A
C1_BC25_191109_LF_LIB_consensus_vsearch	1133	C	*/-TT	170	35	15.7%	2	1	93	93	5.9541132659839396E-12	1	1	73	97	35	0	-TT
C1_BC25_191109_LF_LIB_consensus_vsearch	1134	T	T	176	2	1.1%	2	1	93	93	0.2492957746479494	1	1	71	105	2	0	A
C1_BC25_191109_LF_LIB_consensus_vsearch	1135	T	T	175	3	1.59%	2	2	93	93	0.12394366197182968	1	1	68	107	2	1	C
C1_BC25_191109_LF_LIB_consensus_vsearch	1136	A	A	217	2	0.91%	2	2	93	93	0.24942791762028085	1	1	109	108	1	1	G
C1_BC25_191109_LF_LIB_consensus_vsearch	1137	A	*/-T	203	11	4.95%	2	1	93	93	4.280077806644155E-4	1	1	98	105	11	0	-T
C1_BC25_191109_LF_LIB_consensus_vsearch	1138	T	T	207	3	1.42%	2	2	93	93	0.12410501193315207	1	1	99	108	2	1	G
C1_BC25_191109_LF_LIB_consensus_vsearch	1139	T	T	212	4	1.8%	2	2	93	93	0.061630944461591126	1	1	109	103	1	3	C
C1_BC25_191109_LF_LIB_consensus_vsearch	1140	T	T	219	3	1.33%	2	1	93	93	0.12415349887135622	1	1	114	105	0	3	C
C1_BC25_191109_LF_LIB_consensus_vsearch	1141	G	G	220	2	0.89%	2	1	93	93	0.2494356659142869	1	1	112	108	2	0	-AC
C1_BC25_191109_LF_LIB_consensus_vsearch	1142	A	A	219	2	0.9%	2	1	93	93	0.24943310657599216	1	1	112	107	0	2	+C
C1_BC25_191109_LF_LIB_consensus_vsearch	1143	C	C	220	2	0.9%	2	2	93	93	0.2494356659142869	1	1	111	109	1	1	-T
C1_BC25_191109_LF_LIB_consensus_vsearch	1144	T	*/+C	209	10	4.48%	2	2	93	93	8.792003591123169E-4	1	1	110	99	3	7	+C
C1_BC25_191109_LF_LIB_consensus_vsearch	1145	C	C	213	3	1.35%	2	1	93	93	0.12412993039444345	1	1	110	103	0	3	+A
C1_BC25_191109_LF_LIB_consensus_vsearch	1146	A	A	219	2	0.9%	2	2	93	93	0.24943310657599216	1	1	111	108	1	1	G
C1_BC25_191109_LF_LIB_consensus_vsearch	1147	A	R	213	8	3.62%	2	2	93	93	0.0036624519192641563	1	1	105	108	7	1	G
C1_BC25_191109_LF_LIB_consensus_vsearch	1148	C	C	215	3	1.35%	2	1	93	93	0.12413793103441495	1	1	107	108	3	0	-ACG
C1_BC25_191109_LF_LIB_consensus_vsearch	1149	A	A	214	4	1.81%	2	1	93	93	0.061638926495252586	1	1	105	109	4	0	T
C1_BC25_191109_LF_LIB_consensus_vsearch	1150	C	*/-G	133	57	25.79%	2	2	93	93	4.871464554514916E-20	1	1	49	84	41	16	-G
C1_BC25_191109_LF_LIB_consensus_vsearch	1151	G	G	145	6	3.8%	2	2	93	93	0.014854149333417863	1	1	60	85	5	1	A
C1_BC25_191109_LF_LIB_consensus_vsearch	1152	G	G	214	2	0.92%	2	2	93	93	0.24941995359642635	1	1	109	105	1	1	A
C1_BC25_191109_LF_LIB_consensus_vsearch	1153	G	G	218	3	1.35%	2	1	93	93	0.12414965986396012	1	1	110	108	3	0	A
C1_BC25_191109_LF_LIB_consensus_vsearch	1154	G	G	217	5	2.22%	2	2	93	93	0.03054698177238809	1	1	109	108	4	1	-A
C1_BC25_191109_LF_LIB_consensus_vsearch	1155	A	A	216	1	0.46%	2	1	93	93	0.4999999999999138	1	1	109	107	0	1	T
C1_BC25_191109_LF_LIB_consensus_vsearch	1156	A	A	216	3	1.35%	2	2	93	93	0.12414187643025615	1	1	108	108	2	1	G
C1_BC25_191109_LF_LIB_consensus_vsearch	1157	G	G	213	4	1.79%	2	1	93	93	0.06163495389099757	1	1	109	104	4	0	A
C1_BC25_191109_LF_LIB_consensus_vsearch	1158	C	C	219	2	0.89%	2	1	93	93	0.24943310657599216	1	1	113	106	2	0	A
C1_BC25_191109_LF_LIB_consensus_vsearch	1159	T	T	213	5	2.23%	2	2	93	93	0.030534097847134272	1	1	111	102	2	3	-C
C1_BC25_191109_LF_LIB_consensus_vsearch	1160	C	C	214	2	0.92%	2	1	93	93	0.24941995359642635	1	1	110	104	2	0	-A
C1_BC25_191109_LF_LIB_consensus_vsearch	1161	A	*/+C	203	9	4.07%	2	1	93	93	0.0017910143883990014	1	1	98	105	9	0	+C
C1_BC25_191109_LF_LIB_consensus_vsearch	1162	C	C	213	3	1.36%	2	1	93	93	0.12412993039444345	1	1	110	103	0	3	+T
C1_BC25_191109_LF_LIB_consensus_vsearch	1163	C	C	212	5	2.23%	2	2	93	93	0.030530802741347875	1	1	110	102	1	4	T
C1_BC25_191109_LF_LIB_consensus_vsearch	1164	A	A	210	4	1.79%	2	2	93	93	0.06162281305968737	1	1	109	101	1	3	-G
C1_BC25_191109_LF_LIB_consensus_vsearch	1165	G	G	216	1	0.46%	2	1	93	93	0.4999999999999138	1	1	113	103	1	0	+A
C1_BC25_191109_LF_LIB_consensus_vsearch	1166	G	G	219	4	1.79%	2	1	93	93	0.06165825449566743	1	1	110	109	4	0	+A
C1_BC25_191109_LF_LIB_consensus_vsearch	1167	G	G	221	2	0.89%	2	1	93	93	0.24943820224728358	1	1	113	108	0	2	-CA
C1_BC25_191109_LF_LIB_consensus_vsearch	1168	C	C	215	4	1.8%	2	2	93	93	0.06164286277914926	1	1	110	105	1	3	T
C1_BC25_191109_LF_LIB_consensus_vsearch	1169	A	R	207	9	4.04%	2	1	93	93	0.001793948723227531	1	1	105	102	9	0	G
C1_BC25_191109_LF_LIB_consensus_vsearch	1170	G	G	217	2	0.9%	2	1	93	93	0.24942791762028085	1	1	114	103	0	2	T
C1_BC25_191109_LF_LIB_consensus_vsearch	1171	G	G	222	1	0.44%	2	1	93	93	0.4999999999999138	1	1	114	108	0	1	+TG
C1_BC25_191109_LF_LIB_consensus_vsearch	1172	A	A	220	1	0.45%	2	1	93	93	0.4999999999999138	1	1	112	108	1	0	+C
C1_BC25_191109_LF_LIB_consensus_vsearch	1173	C	C	217	2	0.9%	2	1	93	93	0.24942791762028085	1	1	109	108	2	0	+GC
C1_BC25_191109_LF_LIB_consensus_vsearch	1174	A	A	211	4	1.8%	2	2	93	93	0.06162689769249	1	1	106	105	2	2	-T
C1_BC25_191109_LF_LIB_consensus_vsearch	1175	T	T	215	2	0.91%	2	1	93	93	0.2494226327944578	1	1	111	104	0	2	+G
C1_BC25_191109_LF_LIB_consensus_vsearch	1176	G	G	216	3	1.35%	2	1	93	93	0.12414187643025615	1	1	108	108	3	0	-A
C1_BC25_191109_LF_LIB_consensus_vsearch	1177	A	A	213	3	1.36%	2	2	93	93	0.12412993039444345	1	1	106	107	2	1	+T
C1_BC25_191109_LF_LIB_consensus_vsearch	1178	T	T	221	1	0.45%	2	1	93	93	0.4999999999999138	1	1	113	108	1	0	G
C1_BC25_191109_LF_LIB_consensus_vsearch	1179	T	T	216	3	1.33%	2	2	93	93	0.12414187643025615	1	1	111	105	1	2	+G
C1_BC25_191109_LF_LIB_consensus_vsearch	1180	A	*/-G	172	34	15.38%	2	2	93	93	1.3195981929966134E-11	1	1	110	62	1	33	-G
C1_BC25_191109_LF_LIB_consensus_vsearch	1181	G	R	178	9	4.79%	2	1	93	93	0.0017699066001378024	1	1	102	76	9	0	A
C1_BC25_191109_LF_LIB_consensus_vsearch	1182	G	*/-A	215	9	4.02%	2	1	93	93	0.0017995100038167202	1	1	106	109	9	0	-A
C1_BC25_191109_LF_LIB_consensus_vsearch	1183	A	A	211	2	0.93%	2	1	93	93	0.24941176470603904	1	1	105	106	0	2	+T
C1_BC25_191109_LF_LIB_consensus_vsearch	1184	T	T	222	0	0%	2	0	93	0	1.0	1	0	114	108	0	0	
C1_BC25_191109_LF_LIB_consensus_vsearch	1185	T	T	219	3	1.35%	2	1	93	93	0.12415349887135622	1	1	114	105	0	3	+G
C1_BC25_191109_LF_LIB_consensus_vsearch	1186	G	G	223	2	0.89%	2	1	93	93	0.24944320712692292	1	1	115	108	0	2	C
C1_BC25_191109_LF_LIB_consensus_vsearch	1187	A	A	218	2	0.89%	2	1	93	93	0.24943052391823226	1	1	110	108	0	2	-C
C1_BC25_191109_LF_LIB_consensus_vsearch	1188	C	*/+G	208	8	3.59%	2	1	93	93	0.0036568954742723925	1	1	106	102	8	0	+G
C1_BC25_191109_LF_LIB_consensus_vsearch	1189	A	A	215	6	2.67%	2	1	93	93	0.01509716650743782	1	1	107	108	6	0	-G
C1_BC25_191109_LF_LIB_consensus_vsearch	1190	G	G	217	1	0.46%	2	1	93	93	0.4999999999999138	1	1	108	109	1	0	+A
C1_BC25_191109_LF_LIB_consensus_vsearch	1191	A	A	223	1	0.44%	2	1	93	93	0.5000000000003686	1	1	113	110	1	0	+C
C1_BC25_191109_LF_LIB_consensus_vsearch	1192	C	C	222	2	0.89%	2	1	93	93	0.24944071588395061	1	1	113	109	2	0	+G
C1_BC25_191109_LF_LIB_consensus_vsearch	1193	A	A	214	3	1.34%	2	1	93	93	0.12413394919162732	1	1	108	106	3	0	G
C1_BC25_191109_LF_LIB_consensus_vsearch	1194	T	T	216	5	2.25%	2	2	93	93	0.030543804461782422	1	1	112	104	2	3	C
C1_BC25_191109_LF_LIB_consensus_vsearch	1195	G	G	222	1	0.45%	2	1	93	93	0.4999999999999138	1	1	114	108	0	1	+A
C1_BC25_191109_LF_LIB_consensus_vsearch	1196	A	A	217	2	0.89%	2	1	93	93	0.24942791762028085	1	1	112	105	2	0	+C
C1_BC25_191109_LF_LIB_consensus_vsearch	1197	C	C	217	2	0.9%	2	1	93	93	0.24942791762028085	1	1	112	105	2	0	+G
C1_BC25_191109_LF_LIB_consensus_vsearch	1198	A	A	214	5	2.23%	2	2	93	93	0.030537362897492103	1	1	111	103	3	2	G
C1_BC25_191109_LF_LIB_consensus_vsearch	1199	G	G	224	1	0.44%	2	1	93	93	0.4999999999999138	1	1	115	109	0	1	A
C1_BC25_191109_LF_LIB_consensus_vsearch	1200	A	A	220	2	0.89%	2	2	93	93	0.2494356659142869	1	1	111	109	1	1	-T
C1_BC25_191109_LF_LIB_consensus_vsearch	1201	T	T	221	1	0.45%	2	1	93	93	0.4999999999999138	1	1	113	108	1	0	+G
C1_BC25_191109_LF_LIB_consensus_vsearch	1202	C	*/-T	211	7	3.12%	2	1	93	93	0.007439689863414905	1	1	112	99	0	7	-T
C1_BC25_191109_LF_LIB_consensus_vsearch	1203	T	T	216	1	0.46%	2	1	93	93	0.4999999999999138	1	1	114	102	1	0	C
C1_BC25_191109_LF_LIB_consensus_vsearch	1204	T	T	224	0	0%	2	0	93	0	1.0	1	0	115	109	0	0	
C1_BC25_191109_LF_LIB_consensus_vsearch	1205	T	T	223	1	0.44%	2	1	93	93	0.5000000000003686	1	1	113	110	1	0	+G
C1_BC25_191109_LF_LIB_consensus_vsearch	1206	C	C	214	4	1.79%	2	1	93	93	0.061638926495252586	1	1	111	103	0	4	-A
C1_BC25_191109_LF_LIB_consensus_vsearch	1207	A	A	208	5	2.27%	2	1	93	93	0.03051731330830772	1	1	106	102	5	0	G
C1_BC25_191109_LF_LIB_consensus_vsearch	1208	T	T	216	5	2.25%	2	2	93	93	0.030543804461782422	1	1	113	103	2	3	C
C1_BC25_191109_LF_LIB_consensus_vsearch	1209	G	G	218	3	1.33%	2	1	93	93	0.12414965986396012	1	1	112	106	0	3	+CG
C1_BC25_191109_LF_LIB_consensus_vsearch	1210	A	A	222	1	0.44%	2	1	93	93	0.4999999999999138	1	1	113	109	1	0	+G
C1_BC25_191109_LF_LIB_consensus_vsearch	1211	T	T	221	1	0.44%	2	1	93	93	0.4999999999999138	1	1	112	109	0	1	+C
C1_BC25_191109_LF_LIB_consensus_vsearch	1212	C	*/-TC	207	9	4.02%	2	1	93	93	0.001793948723227531	1	1	103	104	9	0	-TC
C1_BC25_191109_LF_LIB_consensus_vsearch	1213	T	T	205	2	0.95%	2	1	93	93	0.24939467312372118	1	1	103	102	0	2	C
C1_BC25_191109_LF_LIB_consensus_vsearch	1214	C	C	207	3	1.4%	2	2	93	93	0.12410501193315207	1	1	100	107	1	2	-A
C1_BC25_191109_LF_LIB_consensus_vsearch	1215	A	A	217	1	0.45%	2	1	93	93	0.4999999999999138	1	1	113	104	0	1	-T
C1_BC25_191109_LF_LIB_consensus_vsearch	1216	T	T	213	4	1.79%	2	2	93	93	0.06163495389099757	1	1	112	101	3	1	C
C1_BC25_191109_LF_LIB_consensus_vsearch	1217	G	G	211	6	2.7%	2	1	93	93	0.015087482939793164	1	1	108	103	6	0	A
C1_BC25_191109_LF_LIB_consensus_vsearch	1218	G	G	218	5	2.22%	2	1	93	93	0.030550130621104243	1	1	109	109	5	0	+A
C1_BC25_191109_LF_LIB_consensus_vsearch	1219	G	G	222	1	0.44%	2	1	93	93	0.4999999999999138	1	1	113	109	0	1	+CGG
C1_BC25_191109_LF_LIB_consensus_vsearch	1220	T	*/-G	215	7	3.11%	2	2	93	93	0.007446345105805389	1	1	113	102	1	6	-G
C1_BC25_191109_LF_LIB_consensus_vsearch	1221	G	G	213	3	1.38%	2	1	93	93	0.12412993039444345	1	1	110	103	3	0	+A
C1_BC25_191109_LF_LIB_consensus_vsearch	1222	G	G	224	1	0.44%	2	1	93	93	0.4999999999999138	1	1	114	110	1	0	+CA
C1_BC25_191109_LF_LIB_consensus_vsearch	1223	T	T	211	6	2.67%	2	2	93	93	0.015087482939793164	1	1	112	99	1	5	-GGT
C1_BC25_191109_LF_LIB_consensus_vsearch	1224	G	R	203	7	3.27%	2	1	93	93	0.007425626339083171	1	1	102	101	7	0	A
C1_BC25_191109_LF_LIB_consensus_vsearch	1225	G	G	213	4	1.83%	2	1	93	93	0.06163495389099757	1	1	112	101	0	4	-TG
C1_BC25_191109_LF_LIB_consensus_vsearch	1226	T	T	209	3	1.4%	2	2	93	93	0.12411347517731831	1	1	110	99	2	1	C
C1_BC25_191109_LF_LIB_consensus_vsearch	1227	G	G	215	3	1.38%	2	2	93	93	0.12413793103441495	1	1	112	103	1	2	A
C1_BC25_191109_LF_LIB_consensus_vsearch	1228	C	C	215	5	2.24%	2	2	93	93	0.03054059830172664	1	1	110	105	2	3	T
C1_BC25_191109_LF_LIB_consensus_vsearch	1229	A	A	217	2	0.89%	2	2	93	93	0.24942791762028085	1	1	110	107	1	1	-T
C1_BC25_191109_LF_LIB_consensus_vsearch	1230	T	T	215	2	0.9%	2	2	93	93	0.2494226327944578	1	1	108	107	1	1	-G
C1_BC25_191109_LF_LIB_consensus_vsearch	1231	G	R	211	8	3.62%	2	1	93	93	0.0036602593149509337	1	1	102	109	8	0	A
C1_BC25_191109_LF_LIB_consensus_vsearch	1232	G	G	212	2	0.89%	2	2	93	93	0.24941451990645544	1	1	107	105	1	1	+A
C1_BC25_191109_LF_LIB_consensus_vsearch	1233	C	C	217	3	1.34%	2	2	93	93	0.12414578587710072	1	1	110	107	1	2	+A
C1_BC25_191109_LF_LIB_consensus_vsearch	1234	C	C	213	5	2.22%	2	2	93	93	0.030534097847134272	1	1	113	100	1	4	T
C1_BC25_191109_LF_LIB_consensus_vsearch	1235	G	G	214	6	2.68%	2	2	93	93	0.015094778470947015	1	1	110	104	4	2	A
C1_BC25_191109_LF_LIB_consensus_vsearch	1236	T	T	219	2	0.9%	2	1	93	93	0.24943310657599216	1	1	114	105	0	2	C
C1_BC25_191109_LF_LIB_consensus_vsearch	1237	T	T	219	3	1.34%	2	2	93	93	0.12415349887135622	1	1	112	107	2	1	C
C1_BC25_191109_LF_LIB_consensus_vsearch	1238	C	*/-T	211	10	4.46%	2	2	93	93	8.800549103686053E-4	1	1	111	100	2	8	-T
C1_BC25_191109_LF_LIB_consensus_vsearch	1239	T	T	211	1	0.47%	2	1	93	93	0.5000000000001412	1	1	111	100	1	0	+C
C1_BC25_191109_LF_LIB_consensus_vsearch	1240	T	T	217	4	1.78%	2	2	93	93	0.0616506283607095	1	1	112	105	1	3	-A
C1_BC25_191109_LF_LIB_consensus_vsearch	1241	A	R	203	15	6.79%	2	2	93	93	2.37871086741396E-5	1	1	101	102	13	2	G
C1_BC25_191109_LF_LIB_consensus_vsearch	1242	G	G	219	1	0.45%	2	1	93	93	0.4999999999999138	1	1	113	106	1	0	+A
C1_BC25_191109_LF_LIB_consensus_vsearch	1243	T	T	221	2	0.9%	2	1	93	93	0.24943820224728358	1	1	114	107	0	2	+C
C1_BC25_191109_LF_LIB_consensus_vsearch	1244	T	T	216	5	2.23%	2	2	93	93	0.030543804461782422	1	1	113	103	1	4	-C
C1_BC25_191109_LF_LIB_consensus_vsearch	1245	C	C	213	4	1.83%	2	1	93	93	0.06163495389099757	1	1	108	105	4	0	+A
C1_BC25_191109_LF_LIB_consensus_vsearch	1246	G	G	216	4	1.78%	2	1	93	93	0.061646763238677425	1	1	107	109	4	0	+A
C1_BC25_191109_LF_LIB_consensus_vsearch	1247	T	*/-G	187	25	11.16%	2	2	93	93	1.4057802921912948E-8	1	1	105	82	4	21	-G
C1_BC25_191109_LF_LIB_consensus_vsearch	1248	G	R	186	8	4.12%	2	2	93	93	0.0036291041675517713	1	1	102	84	7	1	A
C1_BC25_191109_LF_LIB_consensus_vsearch	1249	G	R	209	10	4.55%	2	2	93	93	8.792003591123169E-4	1	1	107	102	5	5	A
C1_BC25_191109_LF_LIB_consensus_vsearch	1250	G	R	199	11	4.93%	2	2	93	93	4.2690732409863933E-4	1	1	95	104	7	4	A
C1_BC25_191109_LF_LIB_consensus_vsearch	1251	G	G	217	3	1.33%	2	1	93	93	0.12414578587710072	1	1	110	107	0	3	A
C1_BC25_191109_LF_LIB_consensus_vsearch	1252	T	T	217	2	0.9%	2	1	93	93	0.24942791762028085	1	1	111	106	0	2	A
C1_BC25_191109_LF_LIB_consensus_vsearch	1253	G	G	221	1	0.45%	2	1	93	93	0.4999999999999138	1	1	112	109	1	0	-ACT
C1_BC25_191109_LF_LIB_consensus_vsearch	1254	A	A	217	3	1.35%	2	2	93	93	0.12414578587710072	1	1	110	107	2	1	-C
C1_BC25_191109_LF_LIB_consensus_vsearch	1255	C	C	220	0	0%	2	0	93	0	1.0	1	0	112	108	0	0	
C1_BC25_191109_LF_LIB_consensus_vsearch	1256	T	T	222	1	0.45%	2	1	93	93	0.4999999999999138	1	1	112	110	1	0	A
C1_BC25_191109_LF_LIB_consensus_vsearch	1257	T	T	222	1	0.44%	2	1	93	93	0.4999999999999138	1	1	114	108	0	1	+CG
C1_BC25_191109_LF_LIB_consensus_vsearch	1258	G	G	222	2	0.89%	2	2	93	93	0.24944071588395061	1	1	113	109	1	1	+T
C1_BC25_191109_LF_LIB_consensus_vsearch	1259	T	T	221	3	1.33%	2	2	93	93	0.12416107382546236	1	1	114	107	1	2	C
C1_BC25_191109_LF_LIB_consensus_vsearch	1260	C	C	221	1	0.45%	2	1	93	93	0.4999999999999138	1	1	114	107	1	0	+A
C1_BC25_191109_LF_LIB_consensus_vsearch	1261	T	*/-G	215	7	3.12%	2	2	93	93	0.007446345105805389	1	1	113	102	1	6	-G
C1_BC25_191109_LF_LIB_consensus_vsearch	1262	G	G	213	3	1.38%	2	2	93	93	0.12412993039444345	1	1	110	103	2	1	A
C1_BC25_191109_LF_LIB_consensus_vsearch	1263	G	G	221	1	0.44%	2	1	93	93	0.4999999999999138	1	1	112	109	1	0	+T
C1_BC25_191109_LF_LIB_consensus_vsearch	1264	T	Y	213	11	4.91%	2	2	93	93	4.305938947768699E-4	1	1	113	100	1	10	C
C1_BC25_191109_LF_LIB_consensus_vsearch	1265	T	T	220	1	0.44%	2	1	93	93	0.4999999999999138	1	1	112	108	1	0	+AT
C1_BC25_191109_LF_LIB_consensus_vsearch	1266	G	G	220	2	0.89%	2	2	93	93	0.2494356659142869	1	1	111	109	1	1	-A
C1_BC25_191109_LF_LIB_consensus_vsearch	1267	A	A	217	2	0.9%	2	2	93	93	0.24942791762028085	1	1	111	106	1	1	+T
C1_BC25_191109_LF_LIB_consensus_vsearch	1268	T	T	220	2	0.9%	2	2	93	93	0.2494356659142869	1	1	113	107	1	1	G
C1_BC25_191109_LF_LIB_consensus_vsearch	1269	T	T	216	4	1.79%	2	2	93	93	0.061646763238677425	1	1	111	105	3	1	-C
C1_BC25_191109_LF_LIB_consensus_vsearch	1270	C	C	219	2	0.9%	2	2	93	93	0.24943310657599216	1	1	111	108	1	1	T
C1_BC25_191109_LF_LIB_consensus_vsearch	1271	C	*/+G	201	8	3.56%	2	1	93	93	0.003648677074969142	1	1	111	90	0	8	+G
C1_BC25_191109_LF_LIB_consensus_vsearch	1272	G	G	220	1	0.45%	2	1	93	93	0.4999999999999138	1	1	110	110	1	0	-A
C1_BC25_191109_LF_LIB_consensus_vsearch	1273	A	A	218	2	0.9%	2	1	93	93	0.24943052391823226	1	1	108	110	2	0	-T
C1_BC25_191109_LF_LIB_consensus_vsearch	1274	T	T	217	1	0.45%	2	1	93	93	0.4999999999999138	1	1	108	109	0	1	+A
C1_BC25_191109_LF_LIB_consensus_vsearch	1275	A	A	219	1	0.45%	2	1	93	93	0.4999999999999138	1	1	109	110	1	0	C
C1_BC25_191109_LF_LIB_consensus_vsearch	1276	A	A	218	3	1.35%	2	1	93	93	0.12414965986396012	1	1	108	110	3	0	G
C1_BC25_191109_LF_LIB_consensus_vsearch	1277	C	*/+A	203	11	4.91%	2	1	93	93	4.280077806644155E-4	1	1	95	108	11	0	+A
C1_BC25_191109_LF_LIB_consensus_vsearch	1278	G	*/-A	199	12	5.33%	2	1	93	93	2.078764879814198E-4	1	1	93	106	12	0	-A
C1_BC25_191109_LF_LIB_consensus_vsearch	1279	A	A	205	4	1.88%	2	1	93	93	0.06160180289502593	1	1	98	107	4	0	+G
C1_BC25_191109_LF_LIB_consensus_vsearch	1280	G	G	221	1	0.45%	2	1	93	93	0.4999999999999138	1	1	113	108	1	0	+AG
C1_BC25_191109_LF_LIB_consensus_vsearch	1281	C	C	209	6	2.67%	2	1	93	93	0.015082506692930204	1	1	103	106	6	0	-G
C1_BC25_191109_LF_LIB_consensus_vsearch	1282	G	*/-A	208	8	3.65%	2	1	93	93	0.0036568954742723925	1	1	99	109	8	0	-A
C1_BC25_191109_LF_LIB_consensus_vsearch	1283	A	A	209	3	1.39%	2	1	93	93	0.12411347517731831	1	1	101	108	3	0	G
C1_BC25_191109_LF_LIB_consensus_vsearch	1284	G	G	217	1	0.45%	2	1	93	93	0.4999999999999138	1	1	111	106	1	0	+A
C1_BC25_191109_LF_LIB_consensus_vsearch	1285	A	A	210	4	1.8%	2	1	93	93	0.06162281305968737	1	1	106	104	4	0	-C
C1_BC25_191109_LF_LIB_consensus_vsearch	1286	C	C	216	2	0.9%	2	1	93	93	0.249425287356441	1	1	109	107	0	2	+TT
C1_BC25_191109_LF_LIB_consensus_vsearch	1287	C	Y	201	14	6.22%	2	2	93	93	4.905414704302361E-5	1	1	110	91	1	13	T
C1_BC25_191109_LF_LIB_consensus_vsearch	1288	G	G	217	4	1.79%	2	2	93	93	0.0616506283607095	1	1	110	107	3	1	-A
C1_BC25_191109_LF_LIB_consensus_vsearch	1289	A	R	209	8	3.62%	2	2	93	93	0.003658026926953576	1	1	106	103	5	3	G
C1_BC25_191109_LF_LIB_consensus_vsearch	1290	G	G	217	2	0.89%	2	1	93	93	0.24942791762028085	1	1	111	106	2	0	-A
C1_BC25_191109_LF_LIB_consensus_vsearch	1291	A	*/-C	194	16	7.17%	2	2	93	93	1.1340960665062282E-5	1	1	97	97	9	7	-C
C1_BC25_191109_LF_LIB_consensus_vsearch	1292	C	C	200	4	1.93%	2	2	93	93	0.061579761579775204	1	1	101	99	1	3	T
C1_BC25_191109_LF_LIB_consensus_vsearch	1293	C	C	214	5	2.24%	2	2	93	93	0.030537362897492103	1	1	111	103	1	4	T
C1_BC25_191109_LF_LIB_consensus_vsearch	1294	C	*/-A	175	19	8.44%	2	2	93	93	1.20049506203786E-6	1	1	89	86	17	2	-A
C1_BC25_191109_LF_LIB_consensus_vsearch	1295	A	A	187	5	2.58%	2	1	93	93	0.030437285417662132	1	1	96	91	0	5	G
C1_BC25_191109_LF_LIB_consensus_vsearch	1296	A	A	201	4	1.88%	2	1	93	93	0.061584255960787086	1	1	110	91	0	4	T
C1_BC25_191109_LF_LIB_consensus_vsearch	1297	G	G	205	6	2.8%	2	1	93	93	0.015072272591959035	1	1	110	95	0	6	T
C1_BC25_191109_LF_LIB_consensus_vsearch	1298	G	G	214	2	0.89%	2	1	93	93	0.24941995359642635	1	1	110	104	2	0	-T
C1_BC25_191109_LF_LIB_consensus_vsearch	1299	T	T	214	5	2.27%	2	1	93	93	0.030537362897492103	1	1	112	102	0	5	C
C1_BC25_191109_LF_LIB_consensus_vsearch	1300	T	*/-G	207	9	4.05%	2	2	93	93	0.001793948723227531	1	1	111	96	1	8	-G
C1_BC25_191109_LF_LIB_consensus_vsearch	1301	G	R	202	9	4.23%	2	2	93	93	0.0017902638323438202	1	1	104	98	8	1	A
C1_BC25_191109_LF_LIB_consensus_vsearch	1302	G	R	210	10	4.48%	2	2	93	93	8.796295164637225E-4	1	1	109	101	4	6	A
C1_BC25_191109_LF_LIB_consensus_vsearch	1303	C	C	211	5	2.23%	2	2	93	93	0.030527477163211258	1	1	109	102	1	4	T
C1_BC25_191109_LF_LIB_consensus_vsearch	1304	G	G	213	4	1.8%	2	2	93	93	0.06163495389099757	1	1	106	107	2	2	A
C1_BC25_191109_LF_LIB_consensus_vsearch	1305	C	C	214	2	0.92%	2	2	93	93	0.24941995359642635	1	1	106	108	1	1	T
C1_BC25_191109_LF_LIB_consensus_vsearch	1306	C	C	212	5	2.24%	2	1	93	93	0.030530802741347875	1	1	110	102	0	5	T
C1_BC25_191109_LF_LIB_consensus_vsearch	1307	G	G	209	6	2.7%	2	2	93	93	0.015082506692930204	1	1	110	99	2	4	A
C1_BC25_191109_LF_LIB_consensus_vsearch	1308	T	T	214	5	2.26%	2	2	93	93	0.030537362897492103	1	1	113	101	1	4	C
C1_BC25_191109_LF_LIB_consensus_vsearch	1309	C	C	216	5	2.23%	2	2	93	93	0.030543804461782422	1	1	110	106	2	3	-T
C1_BC25_191109_LF_LIB_consensus_vsearch	1310	T	*/+C	85	110	50.46%	2	2	93	93	2.256022338445159E-43	1	1	22	63	86	24	+C
C1_BC25_191109_LF_LIB_consensus_vsearch	1311	C	C	214	1	0.46%	2	1	93	93	0.5000000000001412	1	1	113	101	1	0	+T
C1_BC25_191109_LF_LIB_consensus_vsearch	1312	C	C	211	6	2.73%	2	2	93	93	0.015087482939793164	1	1	110	101	4	2	-T
C1_BC25_191109_LF_LIB_consensus_vsearch	1313	T	Y	192	17	7.94%	2	2	93	93	5.4367634478171795E-6	1	1	107	85	2	15	C
C1_BC25_191109_LF_LIB_consensus_vsearch	1314	C	C	212	3	1.35%	2	1	93	93	0.1241258741259166	1	1	108	104	3	0	-ATG
C1_BC25_191109_LF_LIB_consensus_vsearch	1315	A	A	213	2	0.93%	2	1	93	93	0.249417249417318	1	1	109	104	0	2	+G
C1_BC25_191109_LF_LIB_consensus_vsearch	1316	T	T	211	3	1.38%	2	1	93	93	0.12412177985949331	1	1	108	103	0	3	C
C1_BC25_191109_LF_LIB_consensus_vsearch	1317	G	G	205	5	2.28%	2	2	93	93	0.03050685942891605	1	1	102	103	3	2	A
C1_BC25_191109_LF_LIB_consensus_vsearch	1318	T	T	203	5	2.3%	2	1	93	93	0.030499722862415764	1	1	102	101	5	0	-G
C1_BC25_191109_LF_LIB_consensus_vsearch	1319	G	G	199	4	1.88%	2	2	93	93	0.061575222865550984	1	1	95	104	3	1	A
C1_BC25_191109_LF_LIB_consensus_vsearch	1320	C	*/-T	194	13	5.83%	2	1	93	93	1.0051376512604206E-4	1	1	109	85	0	13	-T
C1_BC25_191109_LF_LIB_consensus_vsearch	1321	T	T	194	4	2.01%	2	2	93	93	0.061551840757540194	1	1	109	85	2	2	C
C1_BC25_191109_LF_LIB_consensus_vsearch	1322	T	T	211	1	0.47%	2	1	93	93	0.5000000000001412	1	1	113	98	0	1	+CTTT
C1_BC25_191109_LF_LIB_consensus_vsearch	1323	T	*/-C	204	8	3.6%	2	1	93	93	0.0036522646351654408	1	1	110	94	0	8	-C
C1_BC25_191109_LF_LIB_consensus_vsearch	1324	C	C	195	6	2.82%	2	1	93	93	0.015044914559681172	1	1	112	83	0	6	-G
C1_BC25_191109_LF_LIB_consensus_vsearch	1325	G	R	193	10	4.76%	2	2	93	93	8.717782032788638E-4	1	1	103	90	9	1	A
C1_BC25_191109_LF_LIB_consensus_vsearch	1326	G	G	211	5	2.28%	2	2	93	93	0.030527477163211258	1	1	112	99	2	3	A
C1_BC25_191109_LF_LIB_consensus_vsearch	1327	G	G	212	5	2.24%	2	1	93	93	0.030530802741347875	1	1	113	99	0	5	-C
C1_BC25_191109_LF_LIB_consensus_vsearch	1328	C	Y	180	16	7.41%	2	1	93	93	1.1093297898063658E-5	1	1	107	73	0	16	T
C1_BC25_191109_LF_LIB_consensus_vsearch	1329	T	T	198	4	1.97%	2	1	93	93	0.061570639158927576	1	1	107	91	0	4	C
C1_BC25_191109_LF_LIB_consensus_vsearch	1330	T	*/-C	203	10	4.59%	2	2	93	93	8.765435124402236E-4	1	1	107	96	3	7	-C
C1_BC25_191109_LF_LIB_consensus_vsearch	1331	C	*/+G	193	7	3.33%	2	2	93	93	0.007406481321433913	1	1	103	90	1	6	+G
C1_BC25_191109_LF_LIB_consensus_vsearch	1332	G	*/-AG	197	11	4.93%	2	1	93	93	4.263419112240475E-4	1	1	88	109	11	0	-AG
C1_BC25_191109_LF_LIB_consensus_vsearch	1333	A	*/-G	166	25	12.44%	2	2	93	93	1.2868330715678943E-8	1	1	64	102	22	3	-G
C1_BC25_191109_LF_LIB_consensus_vsearch	1334	G	G	181	1	0.55%	2	1	93	93	0.4999999999999138	1	1	79	102	0	1	+AG
C1_BC25_191109_LF_LIB_consensus_vsearch	1335	G	G	220	0	0%	2	0	93	0	1.0	1	0	113	107	0	0	
C1_BC25_191109_LF_LIB_consensus_vsearch	1336	G	G	218	1	0.45%	2	1	93	93	0.5000000000003686	1	1	112	106	0	1	+TT
C1_BC25_191109_LF_LIB_consensus_vsearch	1337	C	C	205	6	2.74%	2	2	93	93	0.015072272591959035	1	1	107	98	4	2	-GGC
C1_BC25_191109_LF_LIB_consensus_vsearch	1338	G	G	207	5	2.36%	2	1	93	93	0.030513861513988962	1	1	104	103	5	0	A
C1_BC25_191109_LF_LIB_consensus_vsearch	1339	G	G	217	1	0.46%	2	1	93	93	0.4999999999999138	1	1	111	106	0	1	+TG
C1_BC25_191109_LF_LIB_consensus_vsearch	1340	C	C	207	2	0.92%	2	2	93	93	0.24940047961641743	1	1	104	103	1	1	-G
C1_BC25_191109_LF_LIB_consensus_vsearch	1341	G	G	214	2	0.9%	2	1	93	93	0.24941995359642635	1	1	111	103	0	2	+C
C1_BC25_191109_LF_LIB_consensus_vsearch	1342	C	*/-T	209	7	3.15%	2	1	93	93	0.007436270701269745	1	1	113	96	0	7	-T
C1_BC25_191109_LF_LIB_consensus_vsearch	1343	T	T	210	2	0.93%	2	1	93	93	0.24940898345148782	1	1	114	96	0	2	-C
C1_BC25_191109_LF_LIB_consensus_vsearch	1344	C	*/-T	203	10	4.57%	2	2	93	93	8.765435124402236E-4	1	1	114	89	1	9	-T
C1_BC25_191109_LF_LIB_consensus_vsearch	1345	T	T	208	1	0.48%	2	1	93	93	0.5000000000001412	1	1	113	95	0	1	+C
C1_BC25_191109_LF_LIB_consensus_vsearch	1346	T	T	212	5	2.25%	2	1	93	93	0.030530802741347875	1	1	112	100	0	5	-CTT
C1_BC25_191109_LF_LIB_consensus_vsearch	1347	C	*/-T	195	15	6.91%	2	1	93	93	2.3554302919744083E-5	1	1	113	82	0	15	-T
C1_BC25_191109_LF_LIB_consensus_vsearch	1348	T	T	194	2	1%	2	1	93	93	0.24936061381078306	1	1	107	87	2	0	A
C1_BC25_191109_LF_LIB_consensus_vsearch	1349	T	T	212	3	1.38%	2	2	93	93	0.1241258741259166	1	1	109	103	2	1	C
C1_BC25_191109_LF_LIB_consensus_vsearch	1350	G	G	217	4	1.8%	2	1	93	93	0.0616506283607095	1	1	107	110	4	0	A
C1_BC25_191109_LF_LIB_consensus_vsearch	1351	C	*/-GC	211	8	3.57%	2	2	93	93	0.0036602593149509337	1	1	105	106	6	2	-GC
C1_BC25_191109_LF_LIB_consensus_vsearch	1352	G	G	201	5	2.34%	2	1	93	93	0.03049244790271922	1	1	96	105	5	0	A
C1_BC25_191109_LF_LIB_consensus_vsearch	1353	C	C	208	3	1.41%	2	1	93	93	0.12410926365791558	1	1	104	104	0	3	+T
C1_BC25_191109_LF_LIB_consensus_vsearch	1354	C	*/-T	198	11	4.93%	2	2	93	93	4.2662591196418204E-4	1	1	97	101	6	5	-T
C1_BC25_191109_LF_LIB_consensus_vsearch	1355	T	T	197	4	1.94%	2	2	93	93	0.06156600978754844	1	1	97	100	3	1	C
C1_BC25_191109_LF_LIB_consensus_vsearch	1356	T	*/-G	160	20	9.13%	2	2	93	93	5.456704829469642E-7	1	1	82	78	10	10	-G
C1_BC25_191109_LF_LIB_consensus_vsearch	1357	G	R	159	27	13.78%	2	2	93	93	2.6949429879321714E-9	1	1	81	78	15	12	A
C1_BC25_191109_LF_LIB_consensus_vsearch	1358	G	R	194	21	9.63%	2	2	93	93	2.8547116176505525E-7	1	1	96	98	15	6	A
C1_BC25_191109_LF_LIB_consensus_vsearch	1359	G	R	218	7	3.11%	2	1	93	93	0.007451182688346346	1	1	115	103	0	7	A
C1_BC25_191109_LF_LIB_consensus_vsearch	1360	G	G	222	3	1.33%	2	1	93	93	0.12416481069040536	1	1	115	107	0	3	A
C1_BC25_191109_LF_LIB_consensus_vsearch	1361	A	A	221	2	0.89%	2	1	93	93	0.24943820224728358	1	1	111	110	2	0	-C
C1_BC25_191109_LF_LIB_consensus_vsearch	1362	C	C	218	3	1.35%	2	2	93	93	0.12414965986396012	1	1	111	107	1	2	T
C1_BC25_191109_LF_LIB_consensus_vsearch	1363	C	Y	214	7	3.11%	2	2	93	93	0.007444703667648697	1	1	113	101	1	6	T
C1_BC25_191109_LF_LIB_consensus_vsearch	1364	G	R	210	12	5.36%	2	2	93	93	2.0958418294317403E-4	1	1	103	107	10	2	A
C1_BC25_191109_LF_LIB_consensus_vsearch	1365	G	R	215	7	3.11%	2	2	93	93	0.007446345105805389	1	1	108	107	6	1	A
C1_BC25_191109_LF_LIB_consensus_vsearch	1366	C	C	214	2	0.89%	2	1	93	93	0.24941995359642635	1	1	106	108	2	0	+TT
C1_BC25_191109_LF_LIB_consensus_vsearch	1367	G	*/-C	203	9	4.09%	2	2	93	93	0.0017910143883990014	1	1	94	109	8	1	-C
C1_BC25_191109_LF_LIB_consensus_vsearch	1368	C	C	201	2	0.97%	2	2	93	93	0.2493827160493913	1	1	95	106	1	1	+GC
C1_BC25_191109_LF_LIB_consensus_vsearch	1369	C	C	213	2	0.92%	2	2	93	93	0.249417249417318	1	1	105	108	1	1	T
C1_BC25_191109_LF_LIB_consensus_vsearch	1370	C	C	214	6	2.69%	2	2	93	93	0.015094778470947015	1	1	110	104	2	4	T
C1_BC25_191109_LF_LIB_consensus_vsearch	1371	G	R	204	13	5.86%	2	1	93	93	1.0144502228683225E-4	1	1	96	108	13	0	A
C1_BC25_191109_LF_LIB_consensus_vsearch	1372	G	G	212	5	2.24%	2	1	93	93	0.030530802741347875	1	1	104	108	5	0	-T
C1_BC25_191109_LF_LIB_consensus_vsearch	1373	T	T	214	3	1.38%	2	2	93	93	0.12413394919162732	1	1	106	108	1	2	C
C1_BC25_191109_LF_LIB_consensus_vsearch	1374	T	*/-A	190	23	10.31%	2	2	93	93	6.365913507781368E-8	1	1	88	102	17	6	-A
C1_BC25_191109_LF_LIB_consensus_vsearch	1375	A	A	189	4	2.02%	2	2	93	93	0.061527245600347336	1	1	87	102	3	1	G
C1_BC25_191109_LF_LIB_consensus_vsearch	1376	A	*/-G	193	13	5.86%	2	2	93	93	1.0041600859633792E-4	1	1	95	98	7	6	-G
C1_BC25_191109_LF_LIB_consensus_vsearch	1377	G	G	197	3	1.45%	2	1	93	93	0.1240601503759118	1	1	97	100	3	0	+A
C1_BC25_191109_LF_LIB_consensus_vsearch	1378	G	*/+A	201	12	5.45%	2	1	93	93	2.081993933684706E-4	1	1	92	109	12	0	+A
C1_BC25_191109_LF_LIB_consensus_vsearch	1379	G	G	219	3	1.35%	2	2	93	93	0.12415349887135622	1	1	110	109	2	1	A
C1_BC25_191109_LF_LIB_consensus_vsearch	1380	C	C	221	1	0.45%	2	1	93	93	0.4999999999999138	1	1	112	109	1	0	+A
C1_BC25_191109_LF_LIB_consensus_vsearch	1381	G	*/-TG	209	7	3.12%	2	1	93	93	0.007436270701269745	1	1	108	101	0	7	-TG
C1_BC25_191109_LF_LIB_consensus_vsearch	1382	T	T	204	6	2.78%	2	2	93	93	0.015069653452839263	1	1	106	98	5	1	-G
C1_BC25_191109_LF_LIB_consensus_vsearch	1383	G	G	209	1	0.48%	2	1	93	93	0.4999999999999138	1	1	108	101	1	0	C
C1_BC25_191109_LF_LIB_consensus_vsearch	1384	G	G	210	4	1.79%	2	1	93	93	0.06162281305968737	1	1	102	108	4	0	-A
C1_BC25_191109_LF_LIB_consensus_vsearch	1385	A	A	207	5	2.29%	2	2	93	93	0.030513861513988962	1	1	99	108	4	1	-G
C1_BC25_191109_LF_LIB_consensus_vsearch	1386	G	G	210	3	1.38%	2	1	93	93	0.1241176470588473	1	1	103	107	3	0	A
C1_BC25_191109_LF_LIB_consensus_vsearch	1387	G	G	219	3	1.34%	2	1	93	93	0.12415349887135622	1	1	111	108	3	0	T
C1_BC25_191109_LF_LIB_consensus_vsearch	1388	T	T	215	2	0.9%	2	1	93	93	0.2494226327944578	1	1	109	106	2	0	+G
C1_BC25_191109_LF_LIB_consensus_vsearch	1389	G	*/-CT	201	13	5.86%	2	1	93	93	1.0117417827629507E-4	1	1	96	105	13	0	-CT
C1_BC25_191109_LF_LIB_consensus_vsearch	1390	C	*/-T	182	13	6.28%	2	2	93	93	9.927932507195894E-5	1	1	83	99	10	3	-T
C1_BC25_191109_LF_LIB_consensus_vsearch	1391	T	T	184	4	2.08%	2	2	93	93	0.06150134048256699	1	1	79	105	3	1	A
C1_BC25_191109_LF_LIB_consensus_vsearch	1392	T	*/-G	196	7	3.21%	2	2	93	93	0.007412420836520295	1	1	97	99	2	5	-G
C1_BC25_191109_LF_LIB_consensus_vsearch	1393	G	R	187	21	9.91%	2	1	93	93	2.8032918471012836E-7	1	1	84	103	21	0	A
C1_BC25_191109_LF_LIB_consensus_vsearch	1394	G	G	215	3	1.35%	2	1	93	93	0.12413793103441495	1	1	107	108	3	0	A
C1_BC25_191109_LF_LIB_consensus_vsearch	1395	C	*/-A	195	20	9.09%	2	2	93	93	6.002214170441375E-7	1	1	107	88	3	17	-A
C1_BC25_191109_LF_LIB_consensus_vsearch	1396	A	A	194	4	1.96%	2	2	93	93	0.061551840757540194	1	1	104	90	3	1	C
C1_BC25_191109_LF_LIB_consensus_vsearch	1397	A	A	207	6	2.68%	2	2	93	93	0.015077437453979417	1	1	107	100	4	2	G
C1_BC25_191109_LF_LIB_consensus_vsearch	1398	T	Y	195	18	8.29%	2	2	93	93	2.622705226031456E-6	1	1	110	85	2	16	C
C1_BC25_191109_LF_LIB_consensus_vsearch	1399	A	A	210	3	1.38%	2	2	93	93	0.1241176470588473	1	1	108	102	1	2	C
C1_BC25_191109_LF_LIB_consensus_vsearch	1400	A	R	212	7	3.18%	2	2	93	93	0.00744137624879223	1	1	108	104	6	1	G
C1_BC25_191109_LF_LIB_consensus_vsearch	1401	C	C	212	4	1.78%	2	1	93	93	0.061630944461591126	1	1	106	106	4	0	-A
C1_BC25_191109_LF_LIB_consensus_vsearch	1402	A	R	202	14	6.36%	2	2	93	93	4.9105420013800674E-5	1	1	94	108	13	1	G
C1_BC25_191109_LF_LIB_consensus_vsearch	1403	G	G	220	2	0.89%	2	1	93	93	0.2494356659142869	1	1	112	108	2	0	+A
C1_BC25_191109_LF_LIB_consensus_vsearch	1404	G	G	214	4	1.78%	2	1	93	93	0.061638926495252586	1	1	107	107	4	0	A
C1_BC25_191109_LF_LIB_consensus_vsearch	1405	T	T	216	4	1.79%	2	2	93	93	0.061646763238677425	1	1	110	106	2	2	C
C1_BC25_191109_LF_LIB_consensus_vsearch	1406	C	C	221	1	0.45%	2	1	93	93	0.4999999999999138	1	1	113	108	0	1	+T
C1_BC25_191109_LF_LIB_consensus_vsearch	1407	T	T	213	5	2.23%	2	2	93	93	0.030534097847134272	1	1	110	103	3	2	A
C1_BC25_191109_LF_LIB_consensus_vsearch	1408	G	G	214	4	1.78%	2	1	93	93	0.061638926495252586	1	1	111	103	0	4	C
C1_BC25_191109_LF_LIB_consensus_vsearch	1409	T	T	209	5	2.26%	2	2	93	93	0.030520732883336912	1	1	108	101	4	1	C
C1_BC25_191109_LF_LIB_consensus_vsearch	1410	G	G	220	1	0.45%	2	1	93	93	0.4999999999999138	1	1	112	108	1	0	-A
C1_BC25_191109_LF_LIB_consensus_vsearch	1411	A	A	222	1	0.45%	2	1	93	93	0.4999999999999138	1	1	113	109	0	1	G
C1_BC25_191109_LF_LIB_consensus_vsearch	1412	T	T	221	2	0.89%	2	1	93	93	0.24943820224728358	1	1	113	108	0	2	-GC
C1_BC25_191109_LF_LIB_consensus_vsearch	1413	G	*/-C	208	10	4.5%	2	2	93	93	8.787673881990181E-4	1	1	104	104	8	2	-C
C1_BC25_191109_LF_LIB_consensus_vsearch	1414	C	C	208	1	0.47%	2	1	93	93	0.5000000000001412	1	1	104	104	1	0	+G
C1_BC25_191109_LF_LIB_consensus_vsearch	1415	C	C	220	3	1.34%	2	1	93	93	0.12415730337075404	1	1	113	107	0	3	T
C1_BC25_191109_LF_LIB_consensus_vsearch	1416	C	*/-T	206	7	3.12%	2	2	93	93	0.007431022745174962	1	1	109	97	2	5	-T
C1_BC25_191109_LF_LIB_consensus_vsearch	1417	T	T	215	1	0.46%	2	1	93	93	0.4999999999999138	1	1	110	105	1	0	+G
C1_BC25_191109_LF_LIB_consensus_vsearch	1418	T	T	216	4	1.79%	2	2	93	93	0.061646763238677425	1	1	110	106	2	2	C
C1_BC25_191109_LF_LIB_consensus_vsearch	1419	A	A	217	3	1.35%	2	1	93	93	0.12414578587710072	1	1	112	105	0	3	+G
C1_BC25_191109_LF_LIB_consensus_vsearch	1420	G	G	219	1	0.45%	2	1	93	93	0.4999999999999138	1	1	111	108	1	0	+TA
C1_BC25_191109_LF_LIB_consensus_vsearch	1421	A	A	217	4	1.8%	2	2	93	93	0.0616506283607095	1	1	111	106	2	2	G
C1_BC25_191109_LF_LIB_consensus_vsearch	1422	T	T	217	2	0.9%	2	2	93	93	0.24942791762028085	1	1	112	105	1	1	C
C1_BC25_191109_LF_LIB_consensus_vsearch	1423	G	G	219	2	0.9%	2	2	93	93	0.24943310657599216	1	1	112	107	1	1	A
C1_BC25_191109_LF_LIB_consensus_vsearch	1424	T	*/-C	205	9	4.05%	2	2	93	93	0.0017924949478988227	1	1	99	106	8	1	-C
C1_BC25_191109_LF_LIB_consensus_vsearch	1425	C	C	212	1	0.47%	2	1	93	93	0.5000000000001412	1	1	105	107	0	1	+AA
C1_BC25_191109_LF_LIB_consensus_vsearch	1426	C	C	217	2	0.89%	2	1	93	93	0.24942791762028085	1	1	114	103	0	2	-T
C1_BC25_191109_LF_LIB_consensus_vsearch	1427	T	T	212	4	1.83%	2	2	93	93	0.061630944461591126	1	1	112	100	1	3	-G
C1_BC25_191109_LF_LIB_consensus_vsearch	1428	G	G	207	6	2.78%	2	2	93	93	0.015077437453979417	1	1	109	98	5	1	A
C1_BC25_191109_LF_LIB_consensus_vsearch	1429	G	G	218	2	0.9%	2	1	93	93	0.24943052391823226	1	1	113	105	2	0	+A
C1_BC25_191109_LF_LIB_consensus_vsearch	1430	G	G	215	3	1.33%	2	1	93	93	0.12413793103441495	1	1	109	106	3	0	-C
C1_BC25_191109_LF_LIB_consensus_vsearch	1431	C	C	215	2	0.91%	2	2	93	93	0.2494226327944578	1	1	110	105	1	1	A
C1_BC25_191109_LF_LIB_consensus_vsearch	1432	C	C	212	4	1.79%	2	1	93	93	0.061630944461591126	1	1	110	102	0	4	T
C1_BC25_191109_LF_LIB_consensus_vsearch	1433	G	R	209	10	4.52%	2	2	93	93	8.792003591123169E-4	1	1	102	107	9	1	A
C1_BC25_191109_LF_LIB_consensus_vsearch	1434	C	C	213	5	2.25%	2	1	93	93	0.030534097847134272	1	1	109	104	0	5	T
C1_BC25_191109_LF_LIB_consensus_vsearch	1435	A	R	200	9	4.07%	2	2	93	93	0.0017887416879729845	1	1	106	94	5	4	G
C1_BC25_191109_LF_LIB_consensus_vsearch	1436	C	C	210	1	0.46%	2	1	93	93	0.4999999999999138	1	1	110	100	0	1	+A
C1_BC25_191109_LF_LIB_consensus_vsearch	1437	G	G	217	2	0.9%	2	1	93	93	0.24942791762028085	1	1	111	106	0	2	-C
C1_BC25_191109_LF_LIB_consensus_vsearch	1438	C	*/-GC	201	13	5.88%	2	2	93	93	1.0117417827629507E-4	1	1	99	102	10	3	-GC
C1_BC25_191109_LF_LIB_consensus_vsearch	1439	G	G	199	2	0.96%	2	2	93	93	0.24937655860363442	1	1	97	102	1	1	+C
C1_BC25_191109_LF_LIB_consensus_vsearch	1440	C	*/+GC	98	85	40.48%	2	2	93	93	6.589859366908286E-32	1	1	47	51	37	48	+GC
C1_BC25_191109_LF_LIB_consensus_vsearch	1441	T	Y	200	14	6.36%	2	2	93	93	4.9002433333818565E-5	1	1	108	92	1	13	C
C1_BC25_191109_LF_LIB_consensus_vsearch	1442	A	R	202	10	4.48%	2	2	93	93	8.760865562530377E-4	1	1	101	101	8	2	G
C1_BC25_191109_LF_LIB_consensus_vsearch	1443	C	C	218	2	0.9%	2	1	93	93	0.24943052391823226	1	1	113	105	2	0	+T
C1_BC25_191109_LF_LIB_consensus_vsearch	1444	A	A	220	2	0.89%	2	1	93	93	0.2494356659142869	1	1	112	108	2	0	G
C1_BC25_191109_LF_LIB_consensus_vsearch	1445	C	C	217	5	2.23%	2	1	93	93	0.03054698177238809	1	1	112	105	0	5	T
C1_BC25_191109_LF_LIB_consensus_vsearch	1446	T	*/+G	212	8	3.57%	2	1	93	93	0.003661360523321731	1	1	113	99	0	8	+G
C1_BC25_191109_LF_LIB_consensus_vsearch	1447	G	G	224	0	0%	2	0	93	0	1.0	1	0	114	110	0	0	
C1_BC25_191109_LF_LIB_consensus_vsearch	1448	A	A	225	0	0%	2	0	93	0	1.0	1	0	115	110	0	0	
C1_BC25_191109_LF_LIB_consensus_vsearch	1449	T	T	223	1	0.44%	2	1	93	93	0.5000000000003686	1	1	114	109	0	1	+G
C1_BC25_191109_LF_LIB_consensus_vsearch	1450	G	R	206	16	7.11%	2	1	93	93	1.1531106955580906E-5	1	1	98	108	16	0	A
C1_BC25_191109_LF_LIB_consensus_vsearch	1451	C	C	218	3	1.35%	2	1	93	93	0.12414965986396012	1	1	110	108	3	0	+G
C1_BC25_191109_LF_LIB_consensus_vsearch	1452	A	A	214	4	1.79%	2	1	93	93	0.061638926495252586	1	1	107	107	4	0	-G
C1_BC25_191109_LF_LIB_consensus_vsearch	1453	G	G	220	0	0%	2	0	93	0	1.0	1	0	110	110	0	0	
C1_BC25_191109_LF_LIB_consensus_vsearch	1454	A	A	221	2	0.89%	2	2	93	93	0.24943820224728358	1	1	112	109	1	1	G
C1_BC25_191109_LF_LIB_consensus_vsearch	1455	C	C	219	4	1.79%	2	2	93	93	0.06165825449566743	1	1	113	106	1	3	-A
C1_BC25_191109_LF_LIB_consensus_vsearch	1456	A	A	219	1	0.45%	2	1	93	93	0.4999999999999138	1	1	113	106	0	1	G
C1_BC25_191109_LF_LIB_consensus_vsearch	1457	A	A	223	1	0.44%	2	1	93	93	0.5000000000003686	1	1	113	110	1	0	-TG
C1_BC25_191109_LF_LIB_consensus_vsearch	1458	T	*/-G	212	8	3.57%	2	2	93	93	0.003661360523321731	1	1	112	100	1	7	-G
C1_BC25_191109_LF_LIB_consensus_vsearch	1459	G	G	212	1	0.47%	2	1	93	93	0.5000000000001412	1	1	111	101	1	0	+A
C1_BC25_191109_LF_LIB_consensus_vsearch	1460	G	G	222	2	0.89%	2	1	93	93	0.24944071588395061	1	1	113	109	2	0	+A
C1_BC25_191109_LF_LIB_consensus_vsearch	1461	G	G	224	1	0.44%	2	1	93	93	0.4999999999999138	1	1	115	109	0	1	-CAT
C1_BC25_191109_LF_LIB_consensus_vsearch	1462	C	C	222	2	0.89%	2	1	93	93	0.24944071588395061	1	1	113	109	2	0	-A
C1_BC25_191109_LF_LIB_consensus_vsearch	1463	A	A	220	2	0.9%	2	1	93	93	0.2494356659142869	1	1	113	107	0	2	-T
C1_BC25_191109_LF_LIB_consensus_vsearch	1464	T	T	219	2	0.9%	2	1	93	93	0.24943310657599216	1	1	114	105	0	2	+C
C1_BC25_191109_LF_LIB_consensus_vsearch	1465	T	T	217	4	1.78%	2	2	93	93	0.0616506283607095	1	1	110	107	2	2	+C
C1_BC25_191109_LF_LIB_consensus_vsearch	1466	C	C	220	1	0.45%	2	1	93	93	0.4999999999999138	1	1	110	110	1	0	-A
C1_BC25_191109_LF_LIB_consensus_vsearch	1467	A	A	213	3	1.35%	2	1	93	93	0.12412993039444345	1	1	107	106	3	0	-C
C1_BC25_191109_LF_LIB_consensus_vsearch	1468	C	C	214	2	0.91%	2	1	93	93	0.24941995359642635	1	1	109	105	0	2	+T
C1_BC25_191109_LF_LIB_consensus_vsearch	1469	C	*/-T	214	8	3.59%	2	2	93	93	0.003663533633296164	1	1	112	102	2	6	-T
C1_BC25_191109_LF_LIB_consensus_vsearch	1470	T	T	209	5	2.31%	2	1	93	93	0.030520732883336912	1	1	113	96	0	5	C
C1_BC25_191109_LF_LIB_consensus_vsearch	1471	A	A	223	1	0.44%	2	1	93	93	0.5000000000003686	1	1	114	109	0	1	-T
C1_BC25_191109_LF_LIB_consensus_vsearch	1472	T	T	220	3	1.34%	2	1	93	93	0.12415730337075404	1	1	115	105	0	3	+C
C1_BC25_191109_LF_LIB_consensus_vsearch	1473	T	*/-C	206	12	5.33%	2	1	93	93	2.089820970245861E-4	1	1	99	107	12	0	-C
C1_BC25_191109_LF_LIB_consensus_vsearch	1474	C	C	213	0	0%	2	0	93	0	1.0	1	0	103	110	0	0	
C1_BC25_191109_LF_LIB_consensus_vsearch	1475	C	*/+G	202	15	6.67%	2	2	93	93	2.375885795125084E-5	1	1	110	92	1	14	+G
C1_BC25_191109_LF_LIB_consensus_vsearch	1476	G	G	220	2	0.9%	2	1	93	93	0.2494356659142869	1	1	111	109	2	0	-A
C1_BC25_191109_LF_LIB_consensus_vsearch	1477	A	*/-G	200	18	8.11%	2	1	93	93	2.6463038722080364E-6	1	1	91	109	18	0	-G
C1_BC25_191109_LF_LIB_consensus_vsearch	1478	G	*/-AG	178	21	10.19%	2	2	93	93	2.7331119571354373E-7	1	1	82	96	9	12	-AG
C1_BC25_191109_LF_LIB_consensus_vsearch	1479	A	*/-G	184	9	4.55%	2	2	93	93	0.0017754582364345615	1	1	90	94	8	1	-G
C1_BC25_191109_LF_LIB_consensus_vsearch	1480	G	G	188	1	0.53%	2	1	93	93	0.5000000000001412	1	1	93	95	0	1	+AG
C1_BC25_191109_LF_LIB_consensus_vsearch	1481	G	*/+A	207	10	4.55%	2	1	93	93	8.783305527122537E-4	1	1	97	110	10	0	+A
C1_BC25_191109_LF_LIB_consensus_vsearch	1482	G	G	214	4	1.79%	2	2	93	93	0.061638926495252586	1	1	109	105	3	1	A
C1_BC25_191109_LF_LIB_consensus_vsearch	1483	C	C	213	6	2.69%	2	2	93	93	0.0150923687299321	1	1	111	102	2	4	T
C1_BC25_191109_LF_LIB_consensus_vsearch	1484	T	T	209	3	1.34%	2	1	93	93	0.12411347517731831	1	1	110	99	0	3	-GG
C1_BC25_191109_LF_LIB_consensus_vsearch	1485	G	G	211	6	2.73%	2	2	93	93	0.015087482939793164	1	1	109	102	5	1	A
C1_BC25_191109_LF_LIB_consensus_vsearch	1486	G	R	199	8	3.6%	2	2	93	93	0.0036462285478980633	1	1	97	102	4	4	A
C1_BC25_191109_LF_LIB_consensus_vsearch	1487	G	G	223	1	0.44%	2	1	93	93	0.5000000000003686	1	1	113	110	1	0	-T
C1_BC25_191109_LF_LIB_consensus_vsearch	1488	T	Y	212	7	3.14%	2	2	93	93	0.00744137624879223	1	1	108	104	2	5	C
C1_BC25_191109_LF_LIB_consensus_vsearch	1489	A	A	219	1	0.45%	2	1	93	93	0.4999999999999138	1	1	110	109	1	0	C
C1_BC25_191109_LF_LIB_consensus_vsearch	1490	A	A	221	1	0.45%	2	1	93	93	0.4999999999999138	1	1	113	108	0	1	+C
C1_BC25_191109_LF_LIB_consensus_vsearch	1491	T	*/-C	207	11	4.93%	2	2	93	93	4.2906952287648286E-4	1	1	105	102	8	3	-C
C1_BC25_191109_LF_LIB_consensus_vsearch	1492	C	C	214	0	0%	2	0	93	0	1.0	1	0	107	107	0	0	
C1_BC25_191109_LF_LIB_consensus_vsearch	1493	C	C	218	2	0.89%	2	1	93	93	0.24943052391823226	1	1	115	103	0	2	-T
C1_BC25_191109_LF_LIB_consensus_vsearch	1494	T	Y	205	7	3.17%	2	1	93	93	0.0074292407456773525	1	1	114	91	0	7	C
C1_BC25_191109_LF_LIB_consensus_vsearch	1495	G	G	213	4	1.79%	2	2	93	93	0.06163495389099757	1	1	111	102	2	2	+C
C1_BC25_191109_LF_LIB_consensus_vsearch	1496	T	T	207	5	2.27%	2	2	93	93	0.030513861513988962	1	1	107	100	1	4	A
C1_BC25_191109_LF_LIB_consensus_vsearch	1497	G	G	213	2	0.9%	2	1	93	93	0.249417249417318	1	1	107	106	2	0	+A
C1_BC25_191109_LF_LIB_consensus_vsearch	1498	A	A	209	6	2.7%	2	2	93	93	0.015082506692930204	1	1	103	106	5	1	-G
C1_BC25_191109_LF_LIB_consensus_vsearch	1499	G	G	212	2	0.92%	2	2	93	93	0.24941451990645544	1	1	107	105	1	1	+AG
C1_BC25_191109_LF_LIB_consensus_vsearch	1500	G	G	221	2	0.89%	2	1	93	93	0.24943820224728358	1	1	111	110	2	0	-C
C1_BC25_191109_LF_LIB_consensus_vsearch	1501	C	C	218	1	0.45%	2	1	93	93	0.5000000000003686	1	1	110	108	0	1	+T
C1_BC25_191109_LF_LIB_consensus_vsearch	1502	T	T	216	4	1.79%	2	2	93	93	0.061646763238677425	1	1	111	105	1	3	C
C1_BC25_191109_LF_LIB_consensus_vsearch	1503	G	G	222	1	0.45%	2	1	93	93	0.4999999999999138	1	1	113	109	1	0	+C
C1_BC25_191109_LF_LIB_consensus_vsearch	1504	C	C	221	1	0.45%	2	1	93	93	0.4999999999999138	1	1	112	109	1	0	-ATCG
C1_BC25_191109_LF_LIB_consensus_vsearch	1505	A	A	220	2	0.9%	2	1	93	93	0.2494356659142869	1	1	112	108	0	2	-T
C1_BC25_191109_LF_LIB_consensus_vsearch	1506	T	T	218	2	0.9%	2	2	93	93	0.24943052391823226	1	1	112	106	1	1	C
C1_BC25_191109_LF_LIB_consensus_vsearch	1507	C	C	215	6	2.7%	2	2	93	93	0.01509716650743782	1	1	110	105	3	3	+A
C1_BC25_191109_LF_LIB_consensus_vsearch	1508	G	G	206	5	2.25%	2	1	93	93	0.030510377042941562	1	1	109	97	0	5	-TG
C1_BC25_191109_LF_LIB_consensus_vsearch	1509	T	T	203	5	2.31%	2	1	93	93	0.030499722862415764	1	1	114	89	0	5	C
C1_BC25_191109_LF_LIB_consensus_vsearch	1510	G	*/-C	196	12	5.61%	2	2	93	93	2.0738112718811548E-4	1	1	110	86	1	11	-C
C1_BC25_191109_LF_LIB_consensus_vsearch	1511	C	C	193	5	2.45%	2	2	93	93	0.030461880374916768	1	1	106	87	1	4	T
C1_BC25_191109_LF_LIB_consensus_vsearch	1512	T	*/-G	171	37	16.89%	2	2	93	93	1.2547327373186243E-12	1	1	77	94	29	8	-G
C1_BC25_191109_LF_LIB_consensus_vsearch	1513	G	K	165	9	4.92%	2	1	93	93	0.0017566025072910298	1	1	75	90	0	9	T
C1_BC25_191109_LF_LIB_consensus_vsearch	1514	G	R	212	8	3.6%	2	1	93	93	0.003661360523321731	1	1	105	107	8	0	A
C1_BC25_191109_LF_LIB_consensus_vsearch	1515	G	R	188	32	14.29%	2	2	93	93	6.905539526646406E-11	1	1	81	107	29	3	A
C1_BC25_191109_LF_LIB_consensus_vsearch	1516	G	G	221	2	0.89%	2	1	93	93	0.24943820224728358	1	1	112	109	2	0	A
C1_BC25_191109_LF_LIB_consensus_vsearch	1517	A	A	220	2	0.89%	2	1	93	93	0.2494356659142869	1	1	113	107	0	2	-T
C1_BC25_191109_LF_LIB_consensus_vsearch	1518	T	T	221	1	0.45%	2	1	93	93	0.4999999999999138	1	1	113	108	1	0	+CC
C1_BC25_191109_LF_LIB_consensus_vsearch	1519	C	*/+A	208	9	4.02%	2	2	93	93	0.0017946657928001688	1	1	103	105	8	1	+A
C1_BC25_191109_LF_LIB_consensus_vsearch	1520	G	*/-A	211	7	3.14%	2	1	93	93	0.007439689863414905	1	1	103	108	7	0	-A
C1_BC25_191109_LF_LIB_consensus_vsearch	1521	A	A	210	3	1.39%	2	1	93	93	0.1241176470588473	1	1	104	106	0	3	G
C1_BC25_191109_LF_LIB_consensus_vsearch	1522	G	G	217	2	0.91%	2	2	93	93	0.24942791762028085	1	1	109	108	1	1	A
C1_BC25_191109_LF_LIB_consensus_vsearch	1523	C	C	218	2	0.9%	2	1	93	93	0.24943052391823226	1	1	111	107	0	2	T
C1_BC25_191109_LF_LIB_consensus_vsearch	1524	A	A	215	4	1.81%	2	2	93	93	0.06164286277914926	1	1	110	105	2	2	-C
C1_BC25_191109_LF_LIB_consensus_vsearch	1525	C	C	212	3	1.38%	2	1	93	93	0.1241258741259166	1	1	110	102	0	3	-T
C1_BC25_191109_LF_LIB_consensus_vsearch	1526	T	*/-G	202	13	5.94%	2	1	93	93	1.0126524414330837E-4	1	1	113	89	0	13	-G
C1_BC25_191109_LF_LIB_consensus_vsearch	1527	G	G	206	2	0.95%	2	1	93	93	0.2493975903616476	1	1	114	92	0	2	C
C1_BC25_191109_LF_LIB_consensus_vsearch	1528	G	G	221	1	0.45%	2	1	93	93	0.4999999999999138	1	1	115	106	0	1	+A
C1_BC25_191109_LF_LIB_consensus_vsearch	1529	A	A	215	5	2.24%	2	2	93	93	0.03054059830172664	1	1	111	104	1	4	G
C1_BC25_191109_LF_LIB_consensus_vsearch	1530	A	A	215	5	2.24%	2	2	93	93	0.03054059830172664	1	1	112	103	3	2	G
C1_BC25_191109_LF_LIB_consensus_vsearch	1531	C	C	216	3	1.35%	2	1	93	93	0.12414187643025615	1	1	112	104	3	0	-T
C1_BC25_191109_LF_LIB_consensus_vsearch	1532	T	T	212	3	1.37%	2	1	93	93	0.1241258741259166	1	1	110	102	0	3	C
C1_BC25_191109_LF_LIB_consensus_vsearch	1533	G	G	215	3	1.36%	2	1	93	93	0.12413793103441495	1	1	110	105	3	0	A
C1_BC25_191109_LF_LIB_consensus_vsearch	1534	T	T	214	3	1.36%	2	1	93	93	0.12413394919162732	1	1	109	105	0	3	C
C1_BC25_191109_LF_LIB_consensus_vsearch	1535	G	G	210	3	1.36%	2	1	93	93	0.1241176470588473	1	1	109	101	0	3	-C
C1_BC25_191109_LF_LIB_consensus_vsearch	1536	C	*/-T	210	7	3.17%	2	2	93	93	0.007437988084800957	1	1	109	101	2	5	-T
C1_BC25_191109_LF_LIB_consensus_vsearch	1537	T	T	209	4	1.84%	2	2	93	93	0.061618690029214815	1	1	109	100	1	3	-C
C1_BC25_191109_LF_LIB_consensus_vsearch	1538	C	*/-G	208	9	4.07%	2	2	93	93	0.0017946657928001688	1	1	110	98	1	8	-G
C1_BC25_191109_LF_LIB_consensus_vsearch	1539	G	G	210	2	0.93%	2	1	93	93	0.24940898345148782	1	1	112	98	0	2	-TG
C1_BC25_191109_LF_LIB_consensus_vsearch	1540	T	W	207	8	3.6%	2	1	93	93	0.003655753662936563	1	1	110	97	0	8	A
C1_BC25_191109_LF_LIB_consensus_vsearch	1541	G	G	217	3	1.36%	2	1	93	93	0.12414578587710072	1	1	111	106	3	0	-A
C1_BC25_191109_LF_LIB_consensus_vsearch	1542	A	A	220	1	0.45%	2	1	93	93	0.4999999999999138	1	1	111	109	0	1	+C
C1_BC25_191109_LF_LIB_consensus_vsearch	1543	A	A	221	3	1.34%	2	2	93	93	0.12416107382546236	1	1	113	108	1	2	G
C1_BC25_191109_LF_LIB_consensus_vsearch	1544	C	C	221	3	1.33%	2	2	93	93	0.12416107382546236	1	1	113	108	1	2	T
C1_BC25_191109_LF_LIB_consensus_vsearch	1545	A	A	220	3	1.33%	2	1	93	93	0.12415730337075404	1	1	111	109	3	0	G
C1_BC25_191109_LF_LIB_consensus_vsearch	1546	T	*/+G	201	7	3.11%	2	2	93	93	0.007421943123229272	1	1	97	104	5	2	+G
C1_BC25_191109_LF_LIB_consensus_vsearch	1547	G	G	212	3	1.37%	2	1	93	93	0.1241258741259166	1	1	103	109	3	0	A
C1_BC25_191109_LF_LIB_consensus_vsearch	1548	G	*/+A	211	7	3.12%	2	2	93	93	0.007439689863414905	1	1	103	108	6	1	+A
C1_BC25_191109_LF_LIB_consensus_vsearch	1549	A	A	213	5	2.26%	2	1	93	93	0.030534097847134272	1	1	103	110	5	0	+G
C1_BC25_191109_LF_LIB_consensus_vsearch	1550	A	A	223	0	0%	2	0	93	0	1.0	1	0	113	110	0	0	
C1_BC25_191109_LF_LIB_consensus_vsearch	1551	T	T	221	1	0.45%	2	1	93	93	0.4999999999999138	1	1	113	108	0	1	+GG
C1_BC25_191109_LF_LIB_consensus_vsearch	1552	G	R	212	7	3.11%	2	1	93	93	0.00744137624879223	1	1	105	107	7	0	A
C1_BC25_191109_LF_LIB_consensus_vsearch	1553	C	C	214	4	1.79%	2	1	93	93	0.061638926495252586	1	1	112	102	0	4	T
C1_BC25_191109_LF_LIB_consensus_vsearch	1554	C	Y	209	8	3.56%	2	1	93	93	0.003658026926953576	1	1	113	96	0	8	T
C1_BC25_191109_LF_LIB_consensus_vsearch	1555	T	T	218	2	0.9%	2	2	93	93	0.24943052391823226	1	1	111	107	1	1	C
C1_BC25_191109_LF_LIB_consensus_vsearch	1556	T	T	218	3	1.34%	2	1	93	93	0.12414965986396012	1	1	110	108	3	0	C
C1_BC25_191109_LF_LIB_consensus_vsearch	1557	G	G	216	4	1.79%	2	2	93	93	0.061646763238677425	1	1	110	106	1	3	-T
C1_BC25_191109_LF_LIB_consensus_vsearch	1558	T	Y	207	9	4.07%	2	2	93	93	0.001793948723227531	1	1	110	97	1	8	C
C1_BC25_191109_LF_LIB_consensus_vsearch	1559	A	A	218	2	0.9%	2	1	93	93	0.24943052391823226	1	1	112	106	0	2	C
C1_BC25_191109_LF_LIB_consensus_vsearch	1560	A	A	220	3	1.34%	2	2	93	93	0.12415730337075404	1	1	112	108	2	1	G
C1_BC25_191109_LF_LIB_consensus_vsearch	1561	T	T	219	3	1.34%	2	1	93	93	0.12415349887135622	1	1	113	106	0	3	C
C1_BC25_191109_LF_LIB_consensus_vsearch	1562	C	C	224	1	0.44%	2	1	93	93	0.4999999999999138	1	1	115	109	0	1	T
C1_BC25_191109_LF_LIB_consensus_vsearch	1563	G	G	216	4	1.78%	2	1	93	93	0.061646763238677425	1	1	111	105	0	4	-TG
C1_BC25_191109_LF_LIB_consensus_vsearch	1564	T	T	206	4	1.83%	2	1	93	93	0.06160608506034647	1	1	104	102	4	0	-G
C1_BC25_191109_LF_LIB_consensus_vsearch	1565	G	G	209	4	1.84%	2	1	93	93	0.061618690029214815	1	1	104	105	4	0	-A
C1_BC25_191109_LF_LIB_consensus_vsearch	1566	A	A	217	2	0.91%	2	2	93	93	0.24942791762028085	1	1	109	108	1	1	G
C1_BC25_191109_LF_LIB_consensus_vsearch	1567	G	G	223	0	0%	2	0	93	0	1.0	1	0	114	109	0	0	
C1_BC25_191109_LF_LIB_consensus_vsearch	1568	T	T	221	3	1.33%	2	1	93	93	0.12416107382546236	1	1	111	110	3	0	C
C1_BC25_191109_LF_LIB_consensus_vsearch	1569	C	C	223	1	0.45%	2	1	93	93	0.5000000000003686	1	1	113	110	1	0	+T
C1_BC25_191109_LF_LIB_consensus_vsearch	1570	A	A	217	4	1.78%	2	1	93	93	0.0616506283607095	1	1	111	106	4	0	G
C1_BC25_191109_LF_LIB_consensus_vsearch	1571	T	T	218	3	1.34%	2	2	93	93	0.12414965986396012	1	1	111	107	1	2	-C
C1_BC25_191109_LF_LIB_consensus_vsearch	1572	C	C	216	3	1.36%	2	2	93	93	0.12414187643025615	1	1	111	105	2	1	-A
C1_BC25_191109_LF_LIB_consensus_vsearch	1573	A	A	219	1	0.45%	2	1	93	93	0.4999999999999138	1	1	113	106	0	1	G
C1_BC25_191109_LF_LIB_consensus_vsearch	1574	A	R	213	9	4.02%	2	1	93	93	0.0017981564163397133	1	1	106	107	9	0	G
C1_BC25_191109_LF_LIB_consensus_vsearch	1575	C	C	223	1	0.44%	2	1	93	93	0.5000000000003686	1	1	115	108	0	1	+T
C1_BC25_191109_LF_LIB_consensus_vsearch	1576	T	T	222	1	0.45%	2	1	93	93	0.4999999999999138	1	1	114	108	1	0	+C
C1_BC25_191109_LF_LIB_consensus_vsearch	1577	C	C	213	6	2.68%	2	1	93	93	0.0150923687299321	1	1	106	107	6	0	-AC
C1_BC25_191109_LF_LIB_consensus_vsearch	1578	A	A	215	2	0.91%	2	1	93	93	0.2494226327944578	1	1	106	109	2	0	G
C1_BC25_191109_LF_LIB_consensus_vsearch	1579	C	C	216	2	0.91%	2	2	93	93	0.249425287356441	1	1	107	109	1	1	A
C1_BC25_191109_LF_LIB_consensus_vsearch	1580	G	G	220	3	1.33%	2	1	93	93	0.12415730337075404	1	1	110	110	3	0	-A
C1_BC25_191109_LF_LIB_consensus_vsearch	1581	A	A	216	3	1.35%	2	2	93	93	0.12414187643025615	1	1	109	107	2	1	G
C1_BC25_191109_LF_LIB_consensus_vsearch	1582	T	T	211	4	1.8%	2	1	93	93	0.06162689769249	1	1	105	106	4	0	-G
C1_BC25_191109_LF_LIB_consensus_vsearch	1583	G	G	211	4	1.83%	2	1	93	93	0.06162689769249	1	1	105	106	4	0	-A
C1_BC25_191109_LF_LIB_consensus_vsearch	1584	A	A	215	1	0.46%	2	1	93	93	0.4999999999999138	1	1	107	108	1	0	+GA
C1_BC25_191109_LF_LIB_consensus_vsearch	1585	A	A	215	6	2.7%	2	1	93	93	0.01509716650743782	1	1	106	109	6	0	G
C1_BC25_191109_LF_LIB_consensus_vsearch	1586	T	T	216	2	0.9%	2	1	93	93	0.249425287356441	1	1	108	108	2	0	C
C1_BC25_191109_LF_LIB_consensus_vsearch	1587	A	R	210	9	4.04%	2	1	93	93	0.0017960807336148846	1	1	101	109	9	0	G
C1_BC25_191109_LF_LIB_consensus_vsearch	1588	C	C	214	3	1.35%	2	1	93	93	0.12413394919162732	1	1	107	107	3	0	+A
C1_BC25_191109_LF_LIB_consensus_vsearch	1589	G	R	195	21	9.42%	2	1	93	93	2.8618445754659307E-7	1	1	90	105	21	0	A
C1_BC25_191109_LF_LIB_consensus_vsearch	1590	T	*/-C	156	47	20.98%	2	2	93	93	3.483562806116449E-16	1	1	59	97	44	3	-C
C1_BC25_191109_LF_LIB_consensus_vsearch	1591	C	C	174	0	0%	2	0	93	0	1.0	1	0	68	106	0	0	
C1_BC25_191109_LF_LIB_consensus_vsearch	1592	C	C	215	4	1.8%	2	1	93	93	0.06164286277914926	1	1	111	104	0	4	+T
C1_BC25_191109_LF_LIB_consensus_vsearch	1593	C	*/-T	210	12	5.33%	2	2	93	93	2.0958418294317403E-4	1	1	110	100	3	9	-T
C1_BC25_191109_LF_LIB_consensus_vsearch	1594	T	Y	198	11	5.19%	2	1	93	93	4.2662591196418204E-4	1	1	111	87	0	11	C
C1_BC25_191109_LF_LIB_consensus_vsearch	1595	G	*/-C	207	8	3.59%	2	2	93	93	0.003655753662936563	1	1	107	100	1	7	-C
C1_BC25_191109_LF_LIB_consensus_vsearch	1596	C	*/+T	206	8	3.72%	2	1	93	93	0.0036546013500883302	1	1	113	93	0	8	+T
C1_BC25_191109_LF_LIB_consensus_vsearch	1597	C	C	216	3	1.33%	2	2	93	93	0.12414187643025615	1	1	110	106	1	2	T
C1_BC25_191109_LF_LIB_consensus_vsearch	1598	C	*/-T	184	37	16.44%	2	1	93	93	1.4048584009600596E-12	1	1	113	71	0	37	-T
C1_BC25_191109_LF_LIB_consensus_vsearch	1599	T	T	178	3	1.61%	2	1	93	93	0.12396121883654573	1	1	112	66	0	3	+C
C1_BC25_191109_LF_LIB_consensus_vsearch	1600	T	T	216	6	2.69%	2	2	93	93	0.015099533131216845	1	1	111	105	2	4	C
C1_BC25_191109_LF_LIB_consensus_vsearch	1601	T	T	216	2	0.89%	2	1	93	93	0.249425287356441	1	1	110	106	2	0	+A
C1_BC25_191109_LF_LIB_consensus_vsearch	1602	G	G	212	5	2.25%	2	2	93	93	0.030530802741347875	1	1	106	106	4	1	-T
C1_BC25_191109_LF_LIB_consensus_vsearch	1603	T	Y	205	8	3.69%	2	2	93	93	0.0036534383902297935	1	1	103	102	4	4	C
C1_BC25_191109_LF_LIB_consensus_vsearch	1604	A	A	213	5	2.24%	2	2	93	93	0.030534097847134272	1	1	107	106	4	1	G
C1_BC25_191109_LF_LIB_consensus_vsearch	1605	C	C	214	4	1.79%	2	2	93	93	0.061638926495252586	1	1	107	107	3	1	-A
C1_BC25_191109_LF_LIB_consensus_vsearch	1606	A	R	207	7	3.21%	2	2	93	93	0.007432788253078562	1	1	105	102	5	2	G
C1_BC25_191109_LF_LIB_consensus_vsearch	1607	C	*/-AC	188	30	13.57%	2	2	93	93	3.1911630279193985E-10	1	1	97	91	16	14	-AC
C1_BC25_191109_LF_LIB_consensus_vsearch	1608	A	A	187	3	1.56%	2	2	93	93	0.12401055408976878	1	1	95	92	2	1	G
C1_BC25_191109_LF_LIB_consensus_vsearch	1609	C	C	188	2	1.04%	2	1	93	93	0.2493403693931866	1	1	96	92	0	2	T
C1_BC25_191109_LF_LIB_consensus_vsearch	1610	C	Y	205	19	8.44%	2	1	93	93	1.2807606843266436E-6	1	1	115	90	0	19	T
C1_BC25_191109_LF_LIB_consensus_vsearch	1611	G	G	217	4	1.78%	2	1	93	93	0.0616506283607095	1	1	107	110	4	0	+C
C1_BC25_191109_LF_LIB_consensus_vsearch	1612	C	C	222	0	0%	2	0	93	0	1.0	1	0	112	110	0	0	
C1_BC25_191109_LF_LIB_consensus_vsearch	1613	C	C	217	3	1.33%	2	2	93	93	0.12414578587710072	1	1	110	107	2	1	T
C1_BC25_191109_LF_LIB_consensus_vsearch	1614	C	C	218	3	1.33%	2	2	93	93	0.12414965986396012	1	1	113	105	1	2	T
C1_BC25_191109_LF_LIB_consensus_vsearch	1615	G	G	221	3	1.33%	2	2	93	93	0.12416107382546236	1	1	113	108	2	1	A
C1_BC25_191109_LF_LIB_consensus_vsearch	1616	T	T	219	3	1.33%	2	2	93	93	0.12415349887135622	1	1	110	109	2	1	-C
C1_BC25_191109_LF_LIB_consensus_vsearch	1617	C	C	220	1	0.45%	2	1	93	93	0.4999999999999138	1	1	112	108	1	0	A
C1_BC25_191109_LF_LIB_consensus_vsearch	1618	G	G	221	2	0.89%	2	1	93	93	0.24943820224728358	1	1	111	110	2	0	+T
C1_BC25_191109_LF_LIB_consensus_vsearch	1619	T	T	222	1	0.44%	2	1	93	93	0.4999999999999138	1	1	113	109	1	0	+ATT
C1_BC25_191109_LF_LIB_consensus_vsearch	1620	T	T	220	3	1.33%	2	2	93	93	0.12415730337075404	1	1	112	108	2	1	-ATT
C1_BC25_191109_LF_LIB_consensus_vsearch	1621	A	A	213	4	1.8%	2	1	93	93	0.06163495389099757	1	1	111	102	0	4	-T
C1_BC25_191109_LF_LIB_consensus_vsearch	1622	T	T	214	3	1.38%	2	2	93	93	0.12413394919162732	1	1	112	102	1	2	C
C1_BC25_191109_LF_LIB_consensus_vsearch	1623	T	T	215	5	2.26%	2	2	93	93	0.03054059830172664	1	1	112	103	1	4	C
C1_BC25_191109_LF_LIB_consensus_vsearch	1624	T	*/-C	206	9	4%	2	2	93	93	0.001793225137980622	1	1	105	101	7	2	-C
C1_BC25_191109_LF_LIB_consensus_vsearch	1625	C	C	212	1	0.47%	2	1	93	93	0.5000000000001412	1	1	108	104	0	1	+T
C1_BC25_191109_LF_LIB_consensus_vsearch	1626	C	C	203	6	2.69%	2	1	93	93	0.01506700937567325	1	1	114	89	0	6	+G
C1_BC25_191109_LF_LIB_consensus_vsearch	1627	G	G	222	1	0.45%	2	1	93	93	0.4999999999999138	1	1	114	108	0	1	+C
C1_BC25_191109_LF_LIB_consensus_vsearch	1628	A	A	220	2	0.89%	2	1	93	93	0.2494356659142869	1	1	113	107	0	2	G
C1_BC25_191109_LF_LIB_consensus_vsearch	1629	T	T	221	2	0.89%	2	1	93	93	0.24943820224728358	1	1	113	108	2	0	+C
C1_BC25_191109_LF_LIB_consensus_vsearch	1630	C	*/+A	213	8	3.56%	2	1	93	93	0.0036624519192641563	1	1	106	107	8	0	+A
C1_BC25_191109_LF_LIB_consensus_vsearch	1631	G	*/-A	213	8	3.57%	2	2	93	93	0.0036624519192641563	1	1	107	106	5	3	-A
C1_BC25_191109_LF_LIB_consensus_vsearch	1632	A	A	210	2	0.93%	2	1	93	93	0.24940898345148782	1	1	103	107	2	0	+T
C1_BC25_191109_LF_LIB_consensus_vsearch	1633	A	A	217	2	0.89%	2	2	93	93	0.24942791762028085	1	1	112	105	1	1	-TG
C1_BC25_191109_LF_LIB_consensus_vsearch	1634	T	T	214	2	0.9%	2	2	93	93	0.24941995359642635	1	1	112	102	1	1	+C
C1_BC25_191109_LF_LIB_consensus_vsearch	1635	G	G	216	1	0.45%	2	1	93	93	0.4999999999999138	1	1	111	105	1	0	+A
C1_BC25_191109_LF_LIB_consensus_vsearch	1636	G	*/+C	212	8	3.56%	2	1	93	93	0.003661360523321731	1	1	111	101	0	8	+C
C1_BC25_191109_LF_LIB_consensus_vsearch	1637	C	*/-T	212	7	3.12%	2	2	93	93	0.00744137624879223	1	1	110	102	2	5	-T
C1_BC25_191109_LF_LIB_consensus_vsearch	1638	T	*/+C	190	12	5.5%	2	1	93	93	2.0634876616312749E-4	1	1	98	92	12	0	+C
C1_BC25_191109_LF_LIB_consensus_vsearch	1639	C	C	210	2	0.93%	2	2	93	93	0.24940898345148782	1	1	112	98	1	1	+G
C1_BC25_191109_LF_LIB_consensus_vsearch	1640	G	G	213	6	2.69%	2	2	93	93	0.0150923687299321	1	1	110	103	4	2	A
C1_BC25_191109_LF_LIB_consensus_vsearch	1641	G	G	220	2	0.89%	2	1	93	93	0.2494356659142869	1	1	114	106	0	2	-TG
C1_BC25_191109_LF_LIB_consensus_vsearch	1642	T	T	208	6	2.71%	2	1	93	93	0.015079983859610983	1	1	108	100	0	6	C
C1_BC25_191109_LF_LIB_consensus_vsearch	1643	G	G	217	1	0.46%	2	1	93	93	0.4999999999999138	1	1	112	105	0	1	+C
C1_BC25_191109_LF_LIB_consensus_vsearch	1644	A	*/-G	211	8	3.59%	2	2	93	93	0.0036602593149509337	1	1	107	104	4	4	-G
C1_BC25_191109_LF_LIB_consensus_vsearch	1645	G	G	215	0	0%	2	0	93	0	1.0	1	0	111	104	0	0	
C1_BC25_191109_LF_LIB_consensus_vsearch	1646	G	G	219	3	1.35%	2	1	93	93	0.12415349887135622	1	1	114	105	0	3	-CGG
C1_BC25_191109_LF_LIB_consensus_vsearch	1647	C	C	213	6	2.71%	2	2	93	93	0.0150923687299321	1	1	114	99	1	5	T
C1_BC25_191109_LF_LIB_consensus_vsearch	1648	G	G	212	5	2.27%	2	2	93	93	0.030530802741347875	1	1	108	104	4	1	A
C1_BC25_191109_LF_LIB_consensus_vsearch	1649	G	G	217	2	0.91%	2	1	93	93	0.24942791762028085	1	1	112	105	2	0	A
C1_BC25_191109_LF_LIB_consensus_vsearch	1650	T	T	209	5	2.25%	2	2	93	93	0.030520732883336912	1	1	108	101	3	2	-A
C1_BC25_191109_LF_LIB_consensus_vsearch	1651	A	*/-G	188	19	8.8%	2	2	93	93	1.2376235282414654E-6	1	1	103	85	8	11	-G
C1_BC25_191109_LF_LIB_consensus_vsearch	1652	G	G	191	5	2.49%	2	1	93	93	0.030453849137731474	1	1	98	93	5	0	A
C1_BC25_191109_LF_LIB_consensus_vsearch	1653	G	G	216	4	1.79%	2	2	93	93	0.061646763238677425	1	1	111	105	3	1	-A
C1_BC25_191109_LF_LIB_consensus_vsearch	1654	A	A	210	5	2.29%	2	2	93	93	0.0305241206880699	1	1	106	104	4	1	-G
C1_BC25_191109_LF_LIB_consensus_vsearch	1655	G	R	203	8	3.67%	2	1	93	93	0.0036510799339400076	1	1	102	101	8	0	A
C1_BC25_191109_LF_LIB_consensus_vsearch	1656	C	C	212	3	1.35%	2	1	93	93	0.1241258741259166	1	1	113	99	0	3	T
C1_BC25_191109_LF_LIB_consensus_vsearch	1657	T	Y	209	7	3.2%	2	1	93	93	0.007436270701269745	1	1	113	96	0	7	C
C1_BC25_191109_LF_LIB_consensus_vsearch	1658	T	K	201	11	4.98%	2	1	93	93	4.274625226161483E-4	1	1	110	91	0	11	G
C1_BC25_191109_LF_LIB_consensus_vsearch	1659	C	*/+TGC	199	9	4.05%	2	1	93	93	0.0017879699024036485	1	1	111	88	0	9	+TGC
C1_BC25_191109_LF_LIB_consensus_vsearch	1660	G	G	223	1	0.45%	2	1	93	93	0.5000000000003686	1	1	114	109	0	1	A
C1_BC25_191109_LF_LIB_consensus_vsearch	1661	C	C	221	2	0.89%	2	1	93	93	0.24943820224728358	1	1	113	108	0	2	+AC
C1_BC25_191109_LF_LIB_consensus_vsearch	1662	G	G	222	1	0.45%	2	1	93	93	0.4999999999999138	1	1	113	109	1	0	+C
C1_BC25_191109_LF_LIB_consensus_vsearch	1663	C	*/-GC	217	7	3.12%	2	1	93	93	0.007449584424390529	1	1	107	110	7	0	-GC
C1_BC25_191109_LF_LIB_consensus_vsearch	1664	G	G	214	2	0.92%	2	2	93	93	0.24941995359642635	1	1	106	108	1	1	-C
C1_BC25_191109_LF_LIB_consensus_vsearch	1665	C	*/+GC	100	106	49.3%	2	2	93	93	1.1013891980522004E-40	1	1	47	53	54	52	+GC
C1_BC25_191109_LF_LIB_consensus_vsearch	1666	C	C	214	3	1.33%	2	1	93	93	0.12413394919162732	1	1	113	101	0	3	+G
C1_BC25_191109_LF_LIB_consensus_vsearch	1667	G	G	214	6	2.7%	2	1	93	93	0.015094778470947015	1	1	107	107	6	0	A
C1_BC25_191109_LF_LIB_consensus_vsearch	1668	G	G	219	3	1.34%	2	1	93	93	0.12415349887135622	1	1	111	108	3	0	A
C1_BC25_191109_LF_LIB_consensus_vsearch	1669	C	Y	196	19	8.48%	2	1	93	93	1.258627563292186E-6	1	1	109	87	0	19	T
C1_BC25_191109_LF_LIB_consensus_vsearch	1670	T	T	217	3	1.36%	2	2	93	93	0.12414578587710072	1	1	109	108	2	1	C
C1_BC25_191109_LF_LIB_consensus_vsearch	1671	T	T	212	4	1.8%	2	1	93	93	0.061630944461591126	1	1	108	104	0	4	+G
C1_BC25_191109_LF_LIB_consensus_vsearch	1672	G	G	222	1	0.45%	2	1	93	93	0.4999999999999138	1	1	114	108	0	1	-CTG
C1_BC25_191109_LF_LIB_consensus_vsearch	1673	C	Y	211	9	4.02%	2	1	93	93	0.0017967787753331713	1	1	111	100	0	9	T
C1_BC25_191109_LF_LIB_consensus_vsearch	1674	T	T	214	4	1.79%	2	1	93	93	0.061638926495252586	1	1	107	107	4	0	G
C1_BC25_191109_LF_LIB_consensus_vsearch	1675	G	G	220	1	0.45%	2	1	93	93	0.4999999999999138	1	1	112	108	1	0	+A
C1_BC25_191109_LF_LIB_consensus_vsearch	1676	G	G	218	2	0.89%	2	1	93	93	0.24943052391823226	1	1	113	105	0	2	+C
C1_BC25_191109_LF_LIB_consensus_vsearch	1677	T	T	217	4	1.79%	2	2	93	93	0.0616506283607095	1	1	112	105	2	2	-C
C1_BC25_191109_LF_LIB_consensus_vsearch	1678	C	C	219	1	0.45%	2	1	93	93	0.4999999999999138	1	1	112	107	1	0	+A
C1_BC25_191109_LF_LIB_consensus_vsearch	1679	G	G	217	4	1.78%	2	2	93	93	0.0616506283607095	1	1	109	108	3	1	A
C1_BC25_191109_LF_LIB_consensus_vsearch	1680	C	C	217	4	1.8%	2	1	93	93	0.0616506283607095	1	1	113	104	0	4	T
C1_BC25_191109_LF_LIB_consensus_vsearch	1681	G	*/-A	203	15	6.79%	2	1	93	93	2.37871086741396E-5	1	1	97	106	15	0	-A
C1_BC25_191109_LF_LIB_consensus_vsearch	1682	A	A	205	2	0.96%	2	1	93	93	0.24939467312372118	1	1	96	109	2	0	G
C1_BC25_191109_LF_LIB_consensus_vsearch	1683	T	T	218	2	0.9%	2	1	93	93	0.24943052391823226	1	1	111	107	2	0	-G
C1_BC25_191109_LF_LIB_consensus_vsearch	1684	G	G	213	3	1.35%	2	1	93	93	0.12412993039444345	1	1	107	106	0	3	-CG
C1_BC25_191109_LF_LIB_consensus_vsearch	1685	C	*/+G	203	9	4.05%	2	2	93	93	0.0017910143883990014	1	1	99	104	8	1	+G
C1_BC25_191109_LF_LIB_consensus_vsearch	1686	G	*/-A	181	31	14.16%	2	1	93	93	1.426753848156371E-10	1	1	77	104	31	0	-A
C1_BC25_191109_LF_LIB_consensus_vsearch	1687	A	R	167	13	6.77%	2	1	93	93	9.752306273366467E-5	1	1	58	109	13	0	G
C1_BC25_191109_LF_LIB_consensus_vsearch	1688	G	G	207	4	1.87%	2	1	93	93	0.06161032658914256	1	1	99	108	4	0	+A
C1_BC25_191109_LF_LIB_consensus_vsearch	1689	G	G	214	5	2.23%	2	2	93	93	0.030537362897492103	1	1	106	108	4	1	A
C1_BC25_191109_LF_LIB_consensus_vsearch	1690	C	*/+A	202	15	6.7%	2	1	93	93	2.375885795125084E-5	1	1	93	109	15	0	+A
C1_BC25_191109_LF_LIB_consensus_vsearch	1691	G	*/-A	205	17	7.59%	2	2	93	93	5.550018768328578E-6	1	1	97	108	16	1	-A
C1_BC25_191109_LF_LIB_consensus_vsearch	1692	A	A	203	2	0.96%	2	2	93	93	0.2493887530563227	1	1	95	108	1	1	G
C1_BC25_191109_LF_LIB_consensus_vsearch	1693	A	A	219	6	2.67%	2	2	93	93	0.015106507368173285	1	1	110	109	5	1	G
C1_BC25_191109_LF_LIB_consensus_vsearch	1694	C	C	214	3	1.33%	2	1	93	93	0.12413394919162732	1	1	106	108	3	0	+GC
C1_BC25_191109_LF_LIB_consensus_vsearch	1695	A	A	200	6	2.71%	2	2	93	93	0.01505892390281567	1	1	96	104	3	3	-C
C1_BC25_191109_LF_LIB_consensus_vsearch	1696	C	C	206	3	1.4%	2	1	93	93	0.1241007194244273	1	1	103	103	3	0	G
C1_BC25_191109_LF_LIB_consensus_vsearch	1697	C	*/-T	210	8	3.62%	2	2	93	93	0.0036591481612605	1	1	108	102	2	6	-T
C1_BC25_191109_LF_LIB_consensus_vsearch	1698	T	T	205	3	1.4%	2	2	93	93	0.12409638554214404	1	1	104	101	2	1	C
C1_BC25_191109_LF_LIB_consensus_vsearch	1699	T	T	205	6	2.69%	2	2	93	93	0.015072272591959035	1	1	102	103	2	4	-C
C1_BC25_191109_LF_LIB_consensus_vsearch	1700	C	C	208	4	1.83%	2	1	93	93	0.06161452805712106	1	1	107	101	0	4	+T
C1_BC25_191109_LF_LIB_consensus_vsearch	1701	G	G	222	4	1.75%	2	1	93	93	0.061669440342892484	1	1	110	112	4	0	-A
C1_BC25_191109_LF_LIB_consensus_vsearch	1702	A	A	221	5	2.21%	2	1	93	93	0.03055941016990272	1	1	108	113	5	0	G
C1_BC25_191109_LF_LIB_consensus_vsearch	1703	A	A	213	6	2.61%	2	2	93	93	0.0150923687299321	1	1	111	102	4	2	G
C1_BC25_191109_LF_LIB_consensus_vsearch	1704	C	C	224	1	0.44%	2	1	93	93	0.4999999999999138	1	1	114	110	0	1	+T
C1_BC25_191109_LF_LIB_consensus_vsearch	1705	T	T	221	4	1.75%	2	1	93	93	0.06166574490670126	1	1	113	108	0	4	-C
C1_BC25_191109_LF_LIB_consensus_vsearch	1706	C	C	217	4	1.79%	2	1	93	93	0.0616506283607095	1	1	114	103	0	4	-G
C1_BC25_191109_LF_LIB_consensus_vsearch	1707	G	G	224	1	0.44%	2	1	93	93	0.4999999999999138	1	1	115	109	1	0	+A
C1_BC25_191109_LF_LIB_consensus_vsearch	1708	G	G	223	3	1.3%	2	1	93	93	0.12416851441234596	1	1	111	112	3	0	+C
C1_BC25_191109_LF_LIB_consensus_vsearch	1709	C	C	226	1	0.44%	2	1	93	93	0.4999999999999138	1	1	114	112	1	0	+T
C1_BC25_191109_LF_LIB_consensus_vsearch	1710	C	C	224	2	0.87%	2	2	93	93	0.24944567627499675	1	1	112	112	1	1	T
C1_BC25_191109_LF_LIB_consensus_vsearch	1711	A	*/+T	209	8	3.52%	2	2	93	93	0.003658026926953576	1	1	101	108	6	2	+T
C1_BC25_191109_LF_LIB_consensus_vsearch	1712	T	T	218	2	0.9%	2	1	93	93	0.24943052391823226	1	1	109	109	0	2	C
C1_BC25_191109_LF_LIB_consensus_vsearch	1713	T	T	223	1	0.44%	2	1	93	93	0.5000000000003686	1	1	112	111	0	1	A
C1_BC25_191109_LF_LIB_consensus_vsearch	1714	T	T	209	6	2.65%	2	1	93	93	0.015082506692930204	1	1	98	111	6	0	+A
C1_BC25_191109_LF_LIB_consensus_vsearch	1715	A	A	206	6	2.7%	2	1	93	93	0.015074867144143777	1	1	104	102	0	6	+G
C1_BC25_191109_LF_LIB_consensus_vsearch	1716	G	G	221	3	1.32%	2	1	93	93	0.12416107382546236	1	1	108	113	3	0	-A
C1_BC25_191109_LF_LIB_consensus_vsearch	1717	A	*/-G	198	16	7.11%	2	2	93	93	1.1406445395916652E-5	1	1	90	108	13	3	-G
C1_BC25_191109_LF_LIB_consensus_vsearch	1718	G	G	204	2	0.95%	2	1	93	93	0.2493917274938698	1	1	99	105	0	2	+AG
C1_BC25_191109_LF_LIB_consensus_vsearch	1719	G	*/+A	211	10	4.41%	2	1	93	93	8.800549103686053E-4	1	1	100	111	10	0	+A
C1_BC25_191109_LF_LIB_consensus_vsearch	1720	A	A	223	2	0.89%	2	1	93	93	0.24944320712692292	1	1	111	112	2	0	+G
C1_BC25_191109_LF_LIB_consensus_vsearch	1721	A	*/-G	216	7	3.07%	2	1	93	93	0.007447971960236055	1	1	105	111	7	0	-G
C1_BC25_191109_LF_LIB_consensus_vsearch	1722	G	*/-TA	198	10	4.5%	2	2	93	93	8.74216242207188E-4	1	1	93	105	2	8	-TA
C1_BC25_191109_LF_LIB_consensus_vsearch	1723	T	Y	200	14	6.39%	2	2	93	93	4.9002433333818565E-5	1	1	106	94	6	8	C
C1_BC25_191109_LF_LIB_consensus_vsearch	1724	A	A	213	2	0.91%	2	2	93	93	0.249417249417318	1	1	112	101	1	1	G
C1_BC25_191109_LF_LIB_consensus_vsearch	1725	C	*/+A	208	9	3.96%	2	1	93	93	0.0017946657928001688	1	1	101	107	9	0	+A
C1_BC25_191109_LF_LIB_consensus_vsearch	1726	A	A	218	4	1.79%	2	2	93	93	0.061654458623218986	1	1	112	106	3	1	G
C1_BC25_191109_LF_LIB_consensus_vsearch	1727	A	W	212	10	4.41%	2	1	93	93	8.804765900705064E-4	1	1	114	98	0	10	T
C1_BC25_191109_LF_LIB_consensus_vsearch	1728	G	G	214	6	2.64%	2	1	93	93	0.015094778470947015	1	1	104	110	6	0	A
C1_BC25_191109_LF_LIB_consensus_vsearch	1729	T	T	221	3	1.32%	2	2	93	93	0.12416107382546236	1	1	112	109	1	2	C
C1_BC25_191109_LF_LIB_consensus_vsearch	1730	C	C	216	3	1.32%	2	1	93	93	0.12414187643025615	1	1	111	105	0	3	-GT
C1_BC25_191109_LF_LIB_consensus_vsearch	1731	G	G	215	5	2.23%	2	1	93	93	0.03054059830172664	1	1	108	107	5	0	A
C1_BC25_191109_LF_LIB_consensus_vsearch	1732	T	*/+A	207	7	3.1%	2	1	93	93	0.007432788253078562	1	1	112	95	0	7	+A
C1_BC25_191109_LF_LIB_consensus_vsearch	1733	A	A	219	3	1.34%	2	1	93	93	0.12415349887135622	1	1	111	108	3	0	T
C1_BC25_191109_LF_LIB_consensus_vsearch	1734	A	A	219	5	2.17%	2	2	93	93	0.030553251388732716	1	1	110	109	2	3	T
C1_BC25_191109_LF_LIB_consensus_vsearch	1735	C	Y	200	11	4.85%	2	2	93	93	4.27186182801716E-4	1	1	103	97	1	10	T
C1_BC25_191109_LF_LIB_consensus_vsearch	1736	A	A	216	2	0.9%	2	2	93	93	0.249425287356441	1	1	111	105	1	1	C
C1_BC25_191109_LF_LIB_consensus_vsearch	1737	A	A	220	3	1.31%	2	1	93	93	0.12415730337075404	1	1	114	106	0	3	C
C1_BC25_191109_LF_LIB_consensus_vsearch	1738	G	G	219	4	1.76%	2	2	93	93	0.06165825449566743	1	1	111	108	1	3	+C
C1_BC25_191109_LF_LIB_consensus_vsearch	1739	G	G	214	6	2.62%	2	2	93	93	0.015094778470947015	1	1	112	102	3	3	-T
C1_BC25_191109_LF_LIB_consensus_vsearch	1740	T	T	220	1	0.45%	2	1	93	93	0.4999999999999138	1	1	113	107	0	1	C
C1_BC25_191109_LF_LIB_consensus_vsearch	1741	T	T	224	2	0.88%	2	1	93	93	0.24944567627499675	1	1	117	107	0	2	C
C1_BC25_191109_LF_LIB_consensus_vsearch	1742	T	*/-C	216	13	5.65%	2	2	93	93	1.0246182731202857E-4	1	1	115	101	2	11	-C
C1_BC25_191109_LF_LIB_consensus_vsearch	1743	C	C	213	2	0.92%	2	1	93	93	0.249417249417318	1	1	115	98	0	2	G
C1_BC25_191109_LF_LIB_consensus_vsearch	1744	C	C	218	3	1.3%	2	1	93	93	0.12414965986396012	1	1	114	104	0	3	-GT
C1_BC25_191109_LF_LIB_consensus_vsearch	1745	G	G	224	2	0.88%	2	1	93	93	0.24944567627499675	1	1	115	109	2	0	+C
C1_BC25_191109_LF_LIB_consensus_vsearch	1746	T	Y	204	9	3.96%	2	2	93	93	0.0017917580621936403	1	1	102	102	2	7	C
C1_BC25_191109_LF_LIB_consensus_vsearch	1747	A	A	219	4	1.76%	2	2	93	93	0.06165825449566743	1	1	109	110	2	2	-G
C1_BC25_191109_LF_LIB_consensus_vsearch	1748	G	G	214	4	1.79%	2	2	93	93	0.061638926495252586	1	1	106	108	3	1	A
C1_BC25_191109_LF_LIB_consensus_vsearch	1749	G	G	226	1	0.44%	2	1	93	93	0.4999999999999138	1	1	114	112	1	0	-TG
C1_BC25_191109_LF_LIB_consensus_vsearch	1750	T	T	222	1	0.44%	2	1	93	93	0.4999999999999138	1	1	112	110	1	0	+A
C1_BC25_191109_LF_LIB_consensus_vsearch	1751	G	G	221	4	1.76%	2	1	93	93	0.06166574490670126	1	1	112	109	0	4	+A
C1_BC25_191109_LF_LIB_consensus_vsearch	1752	A	A	225	4	1.75%	2	2	93	93	0.06168033279637854	1	1	113	112	3	1	G
C1_BC25_191109_LF_LIB_consensus_vsearch	1753	A	A	223	2	0.87%	2	1	93	93	0.24944320712692292	1	1	115	108	0	2	-C
C1_BC25_191109_LF_LIB_consensus_vsearch	1754	C	C	223	2	0.88%	2	1	93	93	0.24944320712692292	1	1	115	108	0	2	+T
C1_BC25_191109_LF_LIB_consensus_vsearch	1755	C	C	225	1	0.44%	2	1	93	93	0.5000000000003686	1	1	116	109	0	1	+A
C1_BC25_191109_LF_LIB_consensus_vsearch	1756	T	T	222	3	1.32%	2	1	93	93	0.12416481069040536	1	1	116	106	0	3	C
C1_BC25_191109_LF_LIB_consensus_vsearch	1757	G	G	221	2	0.87%	2	1	93	93	0.24943820224728358	1	1	110	111	2	0	+CC
C1_BC25_191109_LF_LIB_consensus_vsearch	1758	C	C	212	5	2.2%	2	1	93	93	0.030530802741347875	1	1	114	98	0	5	G
C1_BC25_191109_LF_LIB_consensus_vsearch	1759	G	G	216	4	1.79%	2	1	93	93	0.061646763238677425	1	1	114	102	0	4	+TG
C1_BC25_191109_LF_LIB_consensus_vsearch	1760	G	G	223	3	1.31%	2	2	93	93	0.12416851441234596	1	1	114	109	1	2	-A
C1_BC25_191109_LF_LIB_consensus_vsearch	1761	A	A	222	1	0.45%	2	1	93	93	0.4999999999999138	1	1	114	108	0	1	C
C1_BC25_191109_LF_LIB_consensus_vsearch	1762	A	A	218	6	2.64%	2	2	93	93	0.015104203282490625	1	1	115	103	1	5	-G
C1_BC25_191109_LF_LIB_consensus_vsearch	1763	G	G	219	1	0.45%	2	1	93	93	0.4999999999999138	1	1	115	104	0	1	+T
C1_BC25_191109_LF_LIB_consensus_vsearch	1764	G	G	226	1	0.44%	2	1	93	93	0.4999999999999138	1	1	115	111	0	1	-A
C1_BC25_191109_LF_LIB_consensus_vsearch	1765	A	A	227	0	0%	2	0	93	0	1.0	1	0	116	111	0	0	
C1_BC25_191109_LF_LIB_consensus_vsearch	1766	T	T	222	2	0.87%	2	1	93	93	0.24944071588395061	1	1	111	111	2	0	+C
C1_BC25_191109_LF_LIB_consensus_vsearch	1767	C	C	220	4	1.76%	2	1	93	93	0.061662016439223415	1	1	111	109	4	0	-ATA
C1_BC25_191109_LF_LIB_consensus_vsearch	1768	A	A	215	4	1.79%	2	1	93	93	0.06164286277914926	1	1	109	106	0	4	+G
C1_BC25_191109_LF_LIB_consensus_vsearch	1769	T	T	214	2	0.88%	2	1	93	93	0.24941995359642635	1	1	111	103	0	2	+CAT
C1_BC25_191109_LF_LIB_consensus_vsearch	1770	A	A	214	5	2.23%	2	1	93	93	0.030537362897492103	1	1	104	110	5	0	-GTA
C1_BC25_191109_LF_LIB_consensus_vsearch	1771	G	R	209	8	3.57%	2	2	93	93	0.003658026926953576	1	1	105	104	6	2	A
C1_BC25_191109_LF_LIB_consensus_vsearch	1772	T	T	203	6	2.73%	2	1	93	93	0.01506700937567325	1	1	105	98	6	0	-A
C1_BC25_191109_LF_LIB_consensus_vsearch	1773	A	A	213	6	2.74%	2	1	93	93	0.0150923687299321	1	1	106	107	0	6	C
C1_BC25_191109_LF_LIB_consensus_vsearch	1774	A	A	220	6	2.61%	2	1	93	93	0.015108791157819889	1	1	111	109	6	0	G
C1_BC25_191109_LF_LIB_consensus_vsearch	1775	T	Y	214	8	3.52%	2	2	93	93	0.003663533633296164	1	1	113	101	2	6	C
C1_BC25_191109_LF_LIB_consensus_vsearch	1776	C	C	224	2	0.88%	2	2	93	93	0.24944567627499675	1	1	113	111	1	1	-GTC
C1_BC25_191109_LF_LIB_consensus_vsearch	1777	G	G	224	2	0.88%	2	1	93	93	0.24944567627499675	1	1	116	108	0	2	A
C1_BC25_191109_LF_LIB_consensus_vsearch	1778	T	T	224	2	0.88%	2	1	93	93	0.24944567627499675	1	1	115	109	0	2	C
C1_BC25_191109_LF_LIB_consensus_vsearch	1779	C	*/-T	205	19	8.33%	2	1	93	93	1.2807606843266436E-6	1	1	116	89	0	19	-T
C1_BC25_191109_LF_LIB_consensus_vsearch	1780	T	T	204	2	0.95%	2	1	93	93	0.2493917274938698	1	1	115	89	0	2	+C
C1_BC25_191109_LF_LIB_consensus_vsearch	1781	T	T	225	3	1.31%	2	2	93	93	0.12417582417582212	1	1	116	109	1	2	C
C1_BC25_191109_LF_LIB_consensus_vsearch	1782	T	T	224	4	1.74%	2	2	93	93	0.06167673386217682	1	1	115	109	1	3	C
C1_BC25_191109_LF_LIB_consensus_vsearch	1783	G	G	230	0	0%	2	0	93	0	1.0	1	0	117	113	0	0	
C1_BC25_191109_LF_LIB_consensus_vsearch	1784	A	A	226	3	1.3%	2	2	93	93	0.12417943107231426	1	1	114	112	2	1	G
C1_BC25_191109_LF_LIB_consensus_vsearch	1785	C	C	227	1	0.44%	2	1	93	93	0.4999999999999138	1	1	115	112	1	0	+G
C1_BC25_191109_LF_LIB_consensus_vsearch	1786	G	*/+T	218	8	3.49%	2	2	93	93	0.003667766201363899	1	1	108	110	7	1	+T
C1_BC25_191109_LF_LIB_consensus_vsearch	1787	T	T	224	4	1.75%	2	1	93	93	0.06167673386217682	1	1	117	107	0	4	C
C1_BC25_191109_LF_LIB_consensus_vsearch	1788	T	T	223	3	1.3%	2	2	93	93	0.12416851441234596	1	1	114	109	2	1	+C
C1_BC25_191109_LF_LIB_consensus_vsearch	1789	C	C	217	6	2.65%	2	2	93	93	0.015101878629034914	1	1	113	104	1	5	-T
C1_BC25_191109_LF_LIB_consensus_vsearch	1790	T	T	216	2	0.9%	2	1	93	93	0.249425287356441	1	1	112	104	2	0	-G
C1_BC25_191109_LF_LIB_consensus_vsearch	1791	G	G	224	2	0.88%	2	2	93	93	0.24944567627499675	1	1	113	111	1	1	A
C1_BC25_191109_LF_LIB_consensus_vsearch	1792	T	T	227	1	0.44%	2	1	93	93	0.4999999999999138	1	1	116	111	0	1	+C
C1_BC25_191109_LF_LIB_consensus_vsearch	1793	T	*/+C	210	14	6.11%	2	1	93	93	4.950038813942507E-5	1	1	102	108	14	0	+C
C1_BC25_191109_LF_LIB_consensus_vsearch	1794	C	C	223	2	0.88%	2	1	93	93	0.24944320712692292	1	1	114	109	2	0	T
C1_BC25_191109_LF_LIB_consensus_vsearch	1795	C	C	222	2	0.87%	2	1	93	93	0.24944071588395061	1	1	116	106	0	2	-G
C1_BC25_191109_LF_LIB_consensus_vsearch	1796	G	G	225	2	0.88%	2	1	93	93	0.24944812362040697	1	1	115	110	2	0	A
C1_BC25_191109_LF_LIB_consensus_vsearch	1797	T	T	223	3	1.31%	2	1	93	93	0.12416851441234596	1	1	116	107	0	3	A
C1_BC25_191109_LF_LIB_consensus_vsearch	1798	C	C	226	3	1.3%	2	1	93	93	0.12417943107231426	1	1	113	113	3	0	-GTC
C1_BC25_191109_LF_LIB_consensus_vsearch	1799	G	G	226	1	0.44%	2	1	93	93	0.4999999999999138	1	1	113	113	1	0	A
C1_BC25_191109_LF_LIB_consensus_vsearch	1800	T	T	221	3	1.32%	2	2	93	93	0.12416107382546236	1	1	109	112	2	1	C
C1_BC25_191109_LF_LIB_consensus_vsearch	1801	C	C	223	1	0.44%	2	1	93	93	0.5000000000003686	1	1	110	113	1	0	+A
C1_BC25_191109_LF_LIB_consensus_vsearch	1802	C	C	221	6	2.61%	2	2	93	93	0.015111054918444918	1	1	115	106	1	5	-T
C1_BC25_191109_LF_LIB_consensus_vsearch	1803	T	*/+C	201	15	6.76%	2	1	93	93	2.373037043728608E-5	1	1	96	105	15	0	+C
C1_BC25_191109_LF_LIB_consensus_vsearch	1804	C	*/-GG	193	18	7.89%	2	1	93	93	2.613000438265718E-6	1	1	114	79	0	18	-GG
C1_BC25_191109_LF_LIB_consensus_vsearch	1805	G	R	178	16	8.16%	2	1	93	93	1.1055363203854364E-5	1	1	100	78	16	0	A
C1_BC25_191109_LF_LIB_consensus_vsearch	1806	G	G	208	1	0.47%	2	1	93	93	0.5000000000001412	1	1	115	93	0	1	+ACGTTAAGGCGCTCTGGTCGTGAGGATAAACGACCCCTGACCGAGGAACTCGGCCATTTAGAGGAAGTACAAGTCGTGACAAGGTTTCGCAGGGGTGAACCTGCGGAAGGATCATAGTAATCGTCTTTGACGTTCTGTTCCGTCGTCCTCGG
C1_BC25_191109_LF_LIB_consensus_vsearch	1807	G	G	228	1	0.43%	2	1	93	93	0.4999999999999138	1	1	115	113	1	0	-AC
C1_BC25_191109_LF_LIB_consensus_vsearch	1808	A	A	227	1	0.44%	2	1	93	93	0.4999999999999138	1	1	115	112	0	1	-C
C1_BC25_191109_LF_LIB_consensus_vsearch	1809	C	C	224	1	0.44%	2	1	93	93	0.4999999999999138	1	1	114	110	1	0	+AC
C1_BC25_191109_LF_LIB_consensus_vsearch	1810	G	G	225	1	0.44%	2	1	93	93	0.5000000000003686	1	1	113	112	1	0	+A
C1_BC25_191109_LF_LIB_consensus_vsearch	1811	T	T	226	1	0.44%	2	1	93	93	0.4999999999999138	1	1	114	112	1	0	+C
C1_BC25_191109_LF_LIB_consensus_vsearch	1812	T	*/-A	211	12	5.22%	2	2	93	93	2.0973150235371546E-4	1	1	103	108	10	2	-A
C1_BC25_191109_LF_LIB_consensus_vsearch	1813	A	A	211	5	2.3%	2	2	93	93	0.030527477163211258	1	1	103	108	3	2	G
C1_BC25_191109_LF_LIB_consensus_vsearch	1814	A	A	214	4	1.75%	2	1	93	93	0.061638926495252586	1	1	106	108	4	0	-G
C1_BC25_191109_LF_LIB_consensus_vsearch	1815	G	G	219	2	0.9%	2	1	93	93	0.24943310657599216	1	1	110	109	2	0	+A
C1_BC25_191109_LF_LIB_consensus_vsearch	1816	G	G	220	2	0.88%	2	1	93	93	0.2494356659142869	1	1	112	108	2	0	A
C1_BC25_191109_LF_LIB_consensus_vsearch	1817	T	Y	167	59	25.76%	2	2	93	93	2.2071650735990624E-20	1	1	92	75	23	36	C
C1_BC25_191109_LF_LIB_consensus_vsearch	1818	G	G	219	4	1.75%	2	2	93	93	0.06165825449566743	1	1	110	109	1	3	-C
C1_BC25_191109_LF_LIB_consensus_vsearch	1819	C	C	218	3	1.33%	2	2	93	93	0.12414965986396012	1	1	113	105	1	2	T
C1_BC25_191109_LF_LIB_consensus_vsearch	1820	T	T	224	2	0.88%	2	2	93	93	0.24944567627499675	1	1	114	110	1	1	+C
C1_BC25_191109_LF_LIB_consensus_vsearch	1821	C	C	217	4	1.75%	2	1	93	93	0.0616506283607095	1	1	115	102	0	4	+T
C1_BC25_191109_LF_LIB_consensus_vsearch	1822	T	*/-G	211	7	3.14%	2	1	93	93	0.007439689863414905	1	1	115	96	0	7	-G
C1_BC25_191109_LF_LIB_consensus_vsearch	1823	G	G	216	2	0.9%	2	2	93	93	0.249425287356441	1	1	116	100	1	1	A
C1_BC25_191109_LF_LIB_consensus_vsearch	1824	G	G	223	3	1.31%	2	1	93	93	0.12416851441234596	1	1	117	106	0	3	+AG
C1_BC25_191109_LF_LIB_consensus_vsearch	1825	T	T	222	3	1.32%	2	2	93	93	0.12416481069040536	1	1	115	107	1	2	C
C1_BC25_191109_LF_LIB_consensus_vsearch	1826	C	C	220	3	1.32%	2	1	93	93	0.12415730337075404	1	1	111	109	3	0	-G
C1_BC25_191109_LF_LIB_consensus_vsearch	1827	G	G	216	5	2.21%	2	1	93	93	0.030543804461782422	1	1	108	108	5	0	-AG
C1_BC25_191109_LF_LIB_consensus_vsearch	1828	A	*/-G	202	17	7.59%	2	2	93	93	5.524923410580334E-6	1	1	97	105	14	3	-G
C1_BC25_191109_LF_LIB_consensus_vsearch	1829	G	G	201	2	0.97%	2	1	93	93	0.2493827160493913	1	1	97	104	0	2	T
C1_BC25_191109_LF_LIB_consensus_vsearch	1830	G	G	225	2	0.88%	2	1	93	93	0.24944812362040697	1	1	115	110	2	0	-A
C1_BC25_191109_LF_LIB_consensus_vsearch	1831	A	A	224	1	0.44%	2	1	93	93	0.4999999999999138	1	1	113	111	1	0	C
C1_BC25_191109_LF_LIB_consensus_vsearch	1832	T	*/-A	212	14	6.11%	2	2	93	93	4.9595092839070994E-5	1	1	111	101	5	9	-A
C1_BC25_191109_LF_LIB_consensus_vsearch	1833	A	A	212	1	0.47%	2	1	93	93	0.5000000000001412	1	1	109	103	1	0	C
C1_BC25_191109_LF_LIB_consensus_vsearch	1834	A	A	221	5	2.18%	2	2	93	93	0.03055941016990272	1	1	112	109	4	1	G
C1_BC25_191109_LF_LIB_consensus_vsearch	1835	A	A	226	3	1.31%	2	2	93	93	0.12417943107231426	1	1	115	111	2	1	G
C1_BC25_191109_LF_LIB_consensus_vsearch	1836	C	C	222	2	0.87%	2	1	93	93	0.24944071588395061	1	1	112	110	2	0	+A
C1_BC25_191109_LF_LIB_consensus_vsearch	1837	G	*/-A	211	11	4.85%	2	1	93	93	4.300945555177922E-4	1	1	100	111	11	0	-A
C1_BC25_191109_LF_LIB_consensus_vsearch	1838	A	*/-C	118	73	33.95%	2	2	93	93	2.007660113344361E-26	1	1	81	37	7	66	-C
C1_BC25_191109_LF_LIB_consensus_vsearch	1839	C	S	130	11	7.69%	2	1	93	93	3.987216589379208E-4	1	1	92	38	11	0	G
C1_BC25_191109_LF_LIB_consensus_vsearch	1840	C	C	212	3	1.37%	2	1	93	93	0.1241258741259166	1	1	107	105	3	0	G
C1_BC25_191109_LF_LIB_consensus_vsearch	1841	C	C	221	4	1.75%	2	2	93	93	0.06166574490670126	1	1	116	105	1	3	+T
C1_BC25_191109_LF_LIB_consensus_vsearch	1842	C	C	229	1	0.43%	2	1	93	93	0.4999999999999138	1	1	117	112	0	1	-T
C1_BC25_191109_LF_LIB_consensus_vsearch	1843	T	*/-CT	216	8	3.49%	2	2	93	93	0.003665668526289429	1	1	113	103	1	7	-CT
C1_BC25_191109_LF_LIB_consensus_vsearch	1844	C	C	219	3	1.35%	2	2	93	93	0.12415349887135622	1	1	115	104	1	2	-T
C1_BC25_191109_LF_LIB_consensus_vsearch	1845	T	T	209	5	2.28%	2	2	93	93	0.030520732883336912	1	1	114	95	1	4	C
C1_BC25_191109_LF_LIB_consensus_vsearch	1846	G	G	227	1	0.43%	2	1	93	93	0.4999999999999138	1	1	117	110	0	1	+A
C1_BC25_191109_LF_LIB_consensus_vsearch	1847	A	A	225	2	0.87%	2	1	93	93	0.24944812362040697	1	1	114	111	2	0	-C
C1_BC25_191109_LF_LIB_consensus_vsearch	1848	C	C	224	3	1.32%	2	1	93	93	0.12417218543044797	1	1	115	109	0	3	T
C1_BC25_191109_LF_LIB_consensus_vsearch	1849	C	C	213	6	2.61%	2	2	93	93	0.0150923687299321	1	1	109	104	5	1	+G
C1_BC25_191109_LF_LIB_consensus_vsearch	1850	G	*/-A	210	7	3.07%	2	2	93	93	0.007437988084800957	1	1	99	111	6	1	-A
C1_BC25_191109_LF_LIB_consensus_vsearch	1851	A	*/-G	169	48	21.82%	2	1	93	93	1.9048661438624594E-16	1	1	58	111	48	0	-G
C1_BC25_191109_LF_LIB_consensus_vsearch	1852	G	G	169	2	1.12%	2	1	93	93	0.24926686217010416	1	1	61	108	2	0	A
C1_BC25_191109_LF_LIB_consensus_vsearch	1853	G	*/-T	208	8	3.54%	2	2	93	93	0.0036568954742723925	1	1	105	103	2	6	-T
C1_BC25_191109_LF_LIB_consensus_vsearch	1854	T	T	207	5	2.33%	2	2	93	93	0.030513861513988962	1	1	109	98	2	3	+A
C1_BC25_191109_LF_LIB_consensus_vsearch	1855	T	W	160	50	22.42%	2	2	93	93	3.223103623824195E-17	1	1	91	69	21	29	A
C1_BC25_191109_LF_LIB_consensus_vsearch	1856	A	A	211	1	0.47%	2	1	93	93	0.5000000000001412	1	1	112	99	1	0	+G
C1_BC25_191109_LF_LIB_consensus_vsearch	1857	A	A	212	3	1.37%	2	2	93	93	0.1241258741259166	1	1	114	98	1	2	-G
C1_BC25_191109_LF_LIB_consensus_vsearch	1858	G	G	213	4	1.82%	2	1	93	93	0.06163495389099757	1	1	114	99	0	4	-CG
C1_BC25_191109_LF_LIB_consensus_vsearch	1859	C	C	209	3	1.38%	2	1	93	93	0.12411347517731831	1	1	114	95	0	3	T
C1_BC25_191109_LF_LIB_consensus_vsearch	1860	G	G	213	3	1.38%	2	1	93	93	0.12412993039444345	1	1	113	100	0	3	T
C1_BC25_191109_LF_LIB_consensus_vsearch	1861	G	G	221	1	0.44%	2	1	93	93	0.4999999999999138	1	1	114	107	0	1	+A
C1_BC25_191109_LF_LIB_consensus_vsearch	1862	T	T	218	2	0.89%	2	2	93	93	0.24943052391823226	1	1	113	105	1	1	-C
C1_BC25_191109_LF_LIB_consensus_vsearch	1863	C	C	218	2	0.9%	2	1	93	93	0.24943052391823226	1	1	113	105	0	2	T
C1_BC25_191109_LF_LIB_consensus_vsearch	1864	G	G	222	1	0.45%	2	1	93	93	0.4999999999999138	1	1	114	108	0	1	+C
C1_BC25_191109_LF_LIB_consensus_vsearch	1865	C	C	220	2	0.89%	2	1	93	93	0.2494356659142869	1	1	113	107	0	2	-T
C1_BC25_191109_LF_LIB_consensus_vsearch	1866	T	T	216	2	0.9%	2	1	93	93	0.249425287356441	1	1	112	104	2	0	+A
C1_BC25_191109_LF_LIB_consensus_vsearch	1867	G	G	220	2	0.89%	2	2	93	93	0.2494356659142869	1	1	113	107	1	1	A
C1_BC25_191109_LF_LIB_consensus_vsearch	1868	T	T	210	6	2.67%	2	1	93	93	0.01508500627971554	1	1	107	103	6	0	+A
C1_BC25_191109_LF_LIB_consensus_vsearch	1869	G	R	198	7	3.17%	2	1	93	93	0.007416284922397948	1	1	95	103	7	0	A
C1_BC25_191109_LF_LIB_consensus_vsearch	1870	T	T	214	1	0.46%	2	1	93	93	0.5000000000001412	1	1	111	103	1	0	A
C1_BC25_191109_LF_LIB_consensus_vsearch	1871	T	T	211	3	1.35%	2	2	93	93	0.12412177985949331	1	1	106	105	2	1	C
C1_BC25_191109_LF_LIB_consensus_vsearch	1872	A	*/-C	188	12	5.53%	2	2	93	93	2.059916701724999E-4	1	1	91	97	5	7	-C
C1_BC25_191109_LF_LIB_consensus_vsearch	1873	C	C	195	4	1.93%	2	1	93	93	0.06155661129354525	1	1	100	95	0	4	+T
C1_BC25_191109_LF_LIB_consensus_vsearch	1874	C	*/-T	210	7	3.17%	2	2	93	93	0.007437988084800957	1	1	109	101	2	5	-T
C1_BC25_191109_LF_LIB_consensus_vsearch	1875	T	T	209	3	1.4%	2	1	93	93	0.12411347517731831	1	1	110	99	0	3	-C
C1_BC25_191109_LF_LIB_consensus_vsearch	1876	C	*/-T	198	18	8.22%	2	1	93	93	2.63697592562017E-6	1	1	113	85	0	18	-T
C1_BC25_191109_LF_LIB_consensus_vsearch	1877	T	T	202	1	0.49%	2	1	93	93	0.4999999999999138	1	1	113	89	1	0	+CT
C1_BC25_191109_LF_LIB_consensus_vsearch	1878	T	T	217	2	0.9%	2	1	93	93	0.24942791762028085	1	1	111	106	2	0	C
C1_BC25_191109_LF_LIB_consensus_vsearch	1879	G	G	220	2	0.9%	2	1	93	93	0.2494356659142869	1	1	112	108	2	0	A
C1_BC25_191109_LF_LIB_consensus_vsearch	1880	T	T	219	2	0.9%	2	2	93	93	0.24943310657599216	1	1	112	107	1	1	C
C1_BC25_191109_LF_LIB_consensus_vsearch	1881	C	*/-G	206	16	7.11%	2	1	93	93	1.1531106955580906E-5	1	1	97	109	16	0	-G
C1_BC25_191109_LF_LIB_consensus_vsearch	1882	G	G	203	5	2.39%	2	1	93	93	0.030499722862415764	1	1	93	110	5	0	-A
C1_BC25_191109_LF_LIB_consensus_vsearch	1883	A	A	215	4	1.82%	2	2	93	93	0.06164286277914926	1	1	106	109	3	1	-G
C1_BC25_191109_LF_LIB_consensus_vsearch	1884	G	G	220	1	0.45%	2	1	93	93	0.4999999999999138	1	1	112	108	0	1	+T
C1_BC25_191109_LF_LIB_consensus_vsearch	1885	G	G	222	1	0.44%	2	1	93	93	0.4999999999999138	1	1	113	109	1	0	+A
C1_BC25_191109_LF_LIB_consensus_vsearch	1886	C	C	213	4	1.78%	2	1	93	93	0.06163495389099757	1	1	111	102	0	4	+A
C1_BC25_191109_LF_LIB_consensus_vsearch	1887	A	A	215	3	1.35%	2	2	93	93	0.12413793103441495	1	1	109	106	2	1	G
C1_BC25_191109_LF_LIB_consensus_vsearch	1888	C	*/-AC	188	21	9.55%	2	2	93	93	2.810801047672196E-7	1	1	88	100	19	2	-AC
C1_BC25_191109_LF_LIB_consensus_vsearch	1889	A	A	194	4	1.99%	2	2	93	93	0.061551840757540194	1	1	89	105	3	1	G
C1_BC25_191109_LF_LIB_consensus_vsearch	1890	C	C	188	4	2.01%	2	2	93	93	0.061522172652713904	1	1	87	101	3	1	+AC
C1_BC25_191109_LF_LIB_consensus_vsearch	1891	G	G	218	1	0.45%	2	1	93	93	0.5000000000003686	1	1	111	107	0	1	+C
C1_BC25_191109_LF_LIB_consensus_vsearch	1892	T	T	215	3	1.33%	2	2	93	93	0.12413793103441495	1	1	111	104	1	2	C
C1_BC25_191109_LF_LIB_consensus_vsearch	1893	T	*/-A	201	10	4.44%	2	1	93	93	8.756254095238223E-4	1	1	95	106	10	0	-A
C1_BC25_191109_LF_LIB_consensus_vsearch	1894	A	A	210	4	1.87%	2	2	93	93	0.06162281305968737	1	1	102	108	2	2	G
C1_BC25_191109_LF_LIB_consensus_vsearch	1895	A	A	218	3	1.34%	2	2	93	93	0.12414965986396012	1	1	111	107	2	1	G
C1_BC25_191109_LF_LIB_consensus_vsearch	1896	A	A	218	3	1.33%	2	1	93	93	0.12414965986396012	1	1	109	109	3	0	-G
C1_BC25_191109_LF_LIB_consensus_vsearch	1897	G	G	213	2	0.91%	2	1	93	93	0.249417249417318	1	1	107	106	0	2	+C
C1_BC25_191109_LF_LIB_consensus_vsearch	1898	A	A	219	2	0.9%	2	1	93	93	0.24943310657599216	1	1	111	108	0	2	-T
C1_BC25_191109_LF_LIB_consensus_vsearch	1899	T	T	220	2	0.9%	2	2	93	93	0.2494356659142869	1	1	114	106	1	1	C
C1_BC25_191109_LF_LIB_consensus_vsearch	1900	C	C	219	2	0.89%	2	2	93	93	0.24943310657599216	1	1	112	107	1	1	+A
C1_BC25_191109_LF_LIB_consensus_vsearch	1901	G	G	218	1	0.45%	2	1	93	93	0.5000000000003686	1	1	111	107	0	1	+C
C1_BC25_191109_LF_LIB_consensus_vsearch	1902	T	T	217	3	1.35%	2	2	93	93	0.12414578587710072	1	1	113	104	1	2	C
C1_BC25_191109_LF_LIB_consensus_vsearch	1903	T	T	216	2	0.9%	2	1	93	93	0.249425287356441	1	1	110	106	2	0	-C
C1_BC25_191109_LF_LIB_consensus_vsearch	1904	C	C	220	0	0%	2	0	93	0	1.0	1	0	112	108	0	0	
C1_BC25_191109_LF_LIB_consensus_vsearch	1905	C	C	220	1	0.45%	2	1	93	93	0.4999999999999138	1	1	113	107	0	1	+G
C1_BC25_191109_LF_LIB_consensus_vsearch	1906	G	G	212	6	2.69%	2	2	93	93	0.015089936987088519	1	1	109	103	4	2	A
C1_BC25_191109_LF_LIB_consensus_vsearch	1907	C	C	218	1	0.45%	2	1	93	93	0.5000000000003686	1	1	114	104	0	1	-GT
C1_BC25_191109_LF_LIB_consensus_vsearch	1908	G	G	217	1	0.46%	2	1	93	93	0.4999999999999138	1	1	114	103	0	1	-TTG
C1_BC25_191109_LF_LIB_consensus_vsearch	1909	T	T	219	1	0.45%	2	1	93	93	0.4999999999999138	1	1	114	105	0	1	+C
C1_BC25_191109_LF_LIB_consensus_vsearch	1910	T	T	219	1	0.45%	2	1	93	93	0.4999999999999138	1	1	113	106	1	0	+A
C1_BC25_191109_LF_LIB_consensus_vsearch	1911	G	G	214	3	1.35%	2	2	93	93	0.12413394919162732	1	1	109	105	2	1	+C
C1_BC25_191109_LF_LIB_consensus_vsearch	1912	T	T	200	6	2.69%	2	1	93	93	0.01505892390281567	1	1	97	103	6	0	+A
C1_BC25_191109_LF_LIB_consensus_vsearch	1913	G	G	207	5	2.27%	2	1	93	93	0.030513861513988962	1	1	99	108	5	0	-A
C1_BC25_191109_LF_LIB_consensus_vsearch	1914	A	A	215	3	1.37%	2	1	93	93	0.12413793103441495	1	1	107	108	3	0	+G
C1_BC25_191109_LF_LIB_consensus_vsearch	1915	G	G	217	2	0.9%	2	1	93	93	0.24942791762028085	1	1	111	106	0	2	-T
C1_BC25_191109_LF_LIB_consensus_vsearch	1916	T	*/+C	212	7	3.14%	2	1	93	93	0.00744137624879223	1	1	105	107	7	0	+C
C1_BC25_191109_LF_LIB_consensus_vsearch	1917	C	C	217	2	0.9%	2	2	93	93	0.24942791762028085	1	1	109	108	1	1	+T
C1_BC25_191109_LF_LIB_consensus_vsearch	1918	T	T	219	2	0.9%	2	2	93	93	0.24943310657599216	1	1	111	108	1	1	-A
C1_BC25_191109_LF_LIB_consensus_vsearch	1919	A	A	221	1	0.45%	2	1	93	93	0.4999999999999138	1	1	114	107	0	1	+C
C1_BC25_191109_LF_LIB_consensus_vsearch	1920	A	A	216	4	1.78%	2	2	93	93	0.061646763238677425	1	1	109	107	3	1	G
C1_BC25_191109_LF_LIB_consensus_vsearch	1921	C	C	209	4	1.78%	2	2	93	93	0.061618690029214815	1	1	110	99	1	3	-A
C1_BC25_191109_LF_LIB_consensus_vsearch	1922	A	M	168	51	23.18%	2	2	93	93	1.6384434152253214E-17	1	1	95	73	19	32	C
C1_BC25_191109_LF_LIB_consensus_vsearch	1923	A	A	217	3	1.34%	2	2	93	93	0.12414578587710072	1	1	112	105	1	2	C
C1_BC25_191109_LF_LIB_consensus_vsearch	1924	A	W	164	52	23.21%	2	2	93	93	6.734734409532361E-18	1	1	91	73	22	30	T
C1_BC25_191109_LF_LIB_consensus_vsearch	1925	T	T	220	1	0.45%	2	1	93	93	0.4999999999999138	1	1	114	106	1	0	+A
C1_BC25_191109_LF_LIB_consensus_vsearch	1926	T	T	220	2	0.89%	2	2	93	93	0.2494356659142869	1	1	113	107	1	1	G
C1_BC25_191109_LF_LIB_consensus_vsearch	1927	G	G	217	4	1.79%	2	2	93	93	0.0616506283607095	1	1	112	105	1	3	-T
C1_BC25_191109_LF_LIB_consensus_vsearch	1928	T	T	210	4	1.82%	2	2	93	93	0.06162281305968737	1	1	109	101	3	1	-A
C1_BC25_191109_LF_LIB_consensus_vsearch	1929	A	A	219	1	0.45%	2	1	93	93	0.4999999999999138	1	1	111	108	1	0	+T
C1_BC25_191109_LF_LIB_consensus_vsearch	1930	A	A	222	2	0.89%	2	1	93	93	0.24944071588395061	1	1	112	110	2	0	G
C1_BC25_191109_LF_LIB_consensus_vsearch	1931	A	R	211	11	4.89%	2	1	93	93	4.300945555177922E-4	1	1	103	108	11	0	G
C1_BC25_191109_LF_LIB_consensus_vsearch	1932	C	*/-T	148	50	22.22%	2	2	93	93	2.5577258857108648E-17	1	1	88	60	23	27	-T
C1_BC25_191109_LF_LIB_consensus_vsearch	1933	T	T	157	0	0%	2	0	93	0	1.0	1	0	91	66	0	0	
C1_BC25_191109_LF_LIB_consensus_vsearch	1934	T	T	206	1	0.48%	2	1	93	93	0.5000000000001412	1	1	114	92	0	1	+CTT
C1_BC25_191109_LF_LIB_consensus_vsearch	1935	T	T	221	2	0.89%	2	1	93	93	0.24943820224728358	1	1	112	109	2	0	C
C1_BC25_191109_LF_LIB_consensus_vsearch	1936	T	T	219	2	0.89%	2	2	93	93	0.24943310657599216	1	1	111	108	1	1	C
C1_BC25_191109_LF_LIB_consensus_vsearch	1937	A	A	217	5	2.23%	2	1	93	93	0.03054698177238809	1	1	108	109	5	0	G
C1_BC25_191109_LF_LIB_consensus_vsearch	1938	C	C	217	3	1.34%	2	1	93	93	0.12414578587710072	1	1	112	105	0	3	+A
C1_BC25_191109_LF_LIB_consensus_vsearch	1939	A	A	219	1	0.45%	2	1	93	93	0.4999999999999138	1	1	110	109	1	0	+CA
C1_BC25_191109_LF_LIB_consensus_vsearch	1940	A	A	218	4	1.78%	2	2	93	93	0.061654458623218986	1	1	111	107	2	2	G
C1_BC25_191109_LF_LIB_consensus_vsearch	1941	C	C	220	2	0.89%	2	1	93	93	0.2494356659142869	1	1	112	108	2	0	G
C1_BC25_191109_LF_LIB_consensus_vsearch	1942	C	C	219	2	0.89%	2	1	93	93	0.24943310657599216	1	1	114	105	0	2	-G
C1_BC25_191109_LF_LIB_consensus_vsearch	1943	G	R	213	7	3.17%	2	2	93	93	0.007443047448823043	1	1	107	106	6	1	A
C1_BC25_191109_LF_LIB_consensus_vsearch	1944	G	G	222	1	0.45%	2	1	93	93	0.4999999999999138	1	1	113	109	1	0	-CA
C1_BC25_191109_LF_LIB_consensus_vsearch	1945	C	C	206	6	2.69%	2	2	93	93	0.015074867144143777	1	1	104	102	5	1	-AGC
C1_BC25_191109_LF_LIB_consensus_vsearch	1946	A	R	205	8	3.72%	2	1	93	93	0.0036534383902297935	1	1	99	106	8	0	G
C1_BC25_191109_LF_LIB_consensus_vsearch	1947	G	G	214	2	0.92%	2	1	93	93	0.24941995359642635	1	1	109	105	0	2	-CG
C1_BC25_191109_LF_LIB_consensus_vsearch	1948	C	C	205	5	2.31%	2	2	93	93	0.03050685942891605	1	1	105	100	3	2	-GC
C1_BC25_191109_LF_LIB_consensus_vsearch	1949	G	*/-C	205	9	4.17%	2	1	93	93	0.0017924949478988227	1	1	111	94	0	9	-C
C1_BC25_191109_LF_LIB_consensus_vsearch	1950	C	Y	198	8	3.83%	2	1	93	93	0.0036449867501809376	1	1	110	88	0	8	T
C1_BC25_191109_LF_LIB_consensus_vsearch	1951	T	*/-G	212	9	4.04%	2	1	93	93	0.00179747064240055	1	1	115	97	0	9	-G
C1_BC25_191109_LF_LIB_consensus_vsearch	1952	G	K	203	10	4.69%	2	1	93	93	8.765435124402236E-4	1	1	115	88	0	10	T
C1_BC25_191109_LF_LIB_consensus_vsearch	1953	G	G	218	3	1.34%	2	2	93	93	0.12414965986396012	1	1	110	108	2	1	A
C1_BC25_191109_LF_LIB_consensus_vsearch	1954	A	A	216	3	1.35%	2	2	93	93	0.12414187643025615	1	1	111	105	2	1	G
C1_BC25_191109_LF_LIB_consensus_vsearch	1955	T	*/-C	171	37	16.82%	2	2	93	93	1.2547327373186243E-12	1	1	86	85	23	14	-C
C1_BC25_191109_LF_LIB_consensus_vsearch	1956	C	C	182	0	0%	2	0	93	0	1.0	1	0	89	93	0	0	
C1_BC25_191109_LF_LIB_consensus_vsearch	1957	C	C	207	5	2.26%	2	1	93	93	0.030513861513988962	1	1	107	100	0	5	+T
C1_BC25_191109_LF_LIB_consensus_vsearch	1958	C	*/+T	200	10	4.46%	2	1	93	93	8.751600144021374E-4	1	1	110	90	0	10	+T
C1_BC25_191109_LF_LIB_consensus_vsearch	1959	T	T	211	3	1.39%	2	2	93	93	0.12412177985949331	1	1	108	103	2	1	A
C1_BC25_191109_LF_LIB_consensus_vsearch	1960	T	T	210	6	2.69%	2	2	93	93	0.01508500627971554	1	1	111	99	1	5	C
C1_BC25_191109_LF_LIB_consensus_vsearch	1961	G	G	220	2	0.9%	2	1	93	93	0.2494356659142869	1	1	111	109	2	0	A
C1_BC25_191109_LF_LIB_consensus_vsearch	1962	G	G	221	1	0.45%	2	1	93	93	0.4999999999999138	1	1	113	108	0	1	T
C1_BC25_191109_LF_LIB_consensus_vsearch	1963	C	*/-AC	195	25	11.11%	2	1	93	93	1.4471003755089968E-8	1	1	89	106	25	0	-AC
C1_BC25_191109_LF_LIB_consensus_vsearch	1964	A	A	196	1	0.5%	2	1	93	93	0.5000000000001412	1	1	88	108	0	1	+T
C1_BC25_191109_LF_LIB_consensus_vsearch	1965	C	C	194	3	1.52%	2	2	93	93	0.1240458015267009	1	1	88	106	1	2	T
C1_BC25_191109_LF_LIB_consensus_vsearch	1966	G	G	217	4	1.79%	2	1	93	93	0.0616506283607095	1	1	110	107	4	0	A
C1_BC25_191109_LF_LIB_consensus_vsearch	1967	T	T	220	3	1.34%	2	2	93	93	0.12415730337075404	1	1	113	107	1	2	C
C1_BC25_191109_LF_LIB_consensus_vsearch	1968	C	C	219	1	0.45%	2	1	93	93	0.4999999999999138	1	1	112	107	1	0	+A
C1_BC25_191109_LF_LIB_consensus_vsearch	1969	A	A	217	3	1.35%	2	1	93	93	0.12414578587710072	1	1	109	108	3	0	G
C1_BC25_191109_LF_LIB_consensus_vsearch	1970	T	T	216	3	1.35%	2	1	93	93	0.12414187643025615	1	1	113	103	0	3	+C
C1_BC25_191109_LF_LIB_consensus_vsearch	1971	T	T	216	3	1.34%	2	1	93	93	0.12414187643025615	1	1	109	107	3	0	+C
C1_BC25_191109_LF_LIB_consensus_vsearch	1972	C	C	214	3	1.36%	2	1	93	93	0.12413394919162732	1	1	113	101	0	3	+G
C1_BC25_191109_LF_LIB_consensus_vsearch	1973	G	G	221	2	0.9%	2	1	93	93	0.24943820224728358	1	1	112	109	2	0	-A
C1_BC25_191109_LF_LIB_consensus_vsearch	1974	A	A	215	4	1.8%	2	2	93	93	0.06164286277914926	1	1	107	108	3	1	G
C1_BC25_191109_LF_LIB_consensus_vsearch	1975	T	T	221	2	0.9%	2	1	93	93	0.24943820224728358	1	1	113	108	0	2	+G
C1_BC25_191109_LF_LIB_consensus_vsearch	1976	G	G	219	1	0.45%	2	1	93	93	0.4999999999999138	1	1	112	107	1	0	+A
C1_BC25_191109_LF_LIB_consensus_vsearch	1977	A	A	218	2	0.9%	2	2	93	93	0.24943052391823226	1	1	112	106	1	1	G
C1_BC25_191109_LF_LIB_consensus_vsearch	1978	A	A	220	1	0.45%	2	1	93	93	0.4999999999999138	1	1	113	107	1	0	-GA
C1_BC25_191109_LF_LIB_consensus_vsearch	1979	G	G	221	1	0.45%	2	1	93	93	0.4999999999999138	1	1	112	109	0	1	+TA
C1_BC25_191109_LF_LIB_consensus_vsearch	1980	A	A	219	1	0.45%	2	1	93	93	0.4999999999999138	1	1	112	107	0	1	+C
C1_BC25_191109_LF_LIB_consensus_vsearch	1981	C	C	222	1	0.44%	2	1	93	93	0.4999999999999138	1	1	114	108	0	1	+G
C1_BC25_191109_LF_LIB_consensus_vsearch	1982	C	Y	199	19	8.44%	2	1	93	93	1.266174101535565E-6	1	1	113	86	0	19	T
C1_BC25_191109_LF_LIB_consensus_vsearch	1983	G	G	211	4	1.79%	2	1	93	93	0.06162689769249	1	1	107	104	4	0	+T
C1_BC25_191109_LF_LIB_consensus_vsearch	1984	T	Y	210	9	4.07%	2	1	93	93	0.0017960807336148846	1	1	113	97	0	9	C
C1_BC25_191109_LF_LIB_consensus_vsearch	1985	T	T	219	2	0.89%	2	1	93	93	0.24943310657599216	1	1	115	104	0	2	C
C1_BC25_191109_LF_LIB_consensus_vsearch	1986	G	G	222	1	0.45%	2	1	93	93	0.4999999999999138	1	1	115	107	0	1	+T
C1_BC25_191109_LF_LIB_consensus_vsearch	1987	C	C	209	6	2.67%	2	2	93	93	0.015082506692930204	1	1	112	97	2	4	-A
C1_BC25_191109_LF_LIB_consensus_vsearch	1988	A	A	215	2	0.92%	2	2	93	93	0.2494226327944578	1	1	112	103	1	1	G
C1_BC25_191109_LF_LIB_consensus_vsearch	1989	A	A	222	1	0.45%	2	1	93	93	0.4999999999999138	1	1	114	108	1	0	G
C1_BC25_191109_LF_LIB_consensus_vsearch	1990	A	A	221	1	0.44%	2	1	93	93	0.4999999999999138	1	1	114	107	0	1	+C
C1_BC25_191109_LF_LIB_consensus_vsearch	1991	T	T	222	2	0.89%	2	2	93	93	0.24944071588395061	1	1	114	108	1	1	C
C1_BC25_191109_LF_LIB_consensus_vsearch	1992	T	T	217	3	1.33%	2	1	93	93	0.12414578587710072	1	1	115	102	0	3	G
C1_BC25_191109_LF_LIB_consensus_vsearch	1993	G	G	223	1	0.44%	2	1	93	93	0.5000000000003686	1	1	115	108	0	1	-C
C1_BC25_191109_LF_LIB_consensus_vsearch	1994	C	Y	217	7	3.12%	2	1	93	93	0.007449584424390529	1	1	115	102	0	7	T
C1_BC25_191109_LF_LIB_consensus_vsearch	1995	G	G	224	1	0.44%	2	1	93	93	0.4999999999999138	1	1	115	109	0	1	+TG
C1_BC25_191109_LF_LIB_consensus_vsearch	1996	A	A	222	2	0.89%	2	2	93	93	0.24944071588395061	1	1	114	108	1	1	G
C1_BC25_191109_LF_LIB_consensus_vsearch	1997	T	T	215	4	1.78%	2	2	93	93	0.06164286277914926	1	1	109	106	3	1	-A
C1_BC25_191109_LF_LIB_consensus_vsearch	1998	A	A	220	0	0%	2	0	93	0	1.0	1	0	112	108	0	0	
C1_BC25_191109_LF_LIB_consensus_vsearch	1999	A	A	220	2	0.89%	2	1	93	93	0.2494356659142869	1	1	112	108	2	0	+G
C1_BC25_191109_LF_LIB_consensus_vsearch	2000	A	A	222	1	0.44%	2	1	93	93	0.4999999999999138	1	1	113	109	1	0	+G
C1_BC25_191109_LF_LIB_consensus_vsearch	2001	G	G	213	6	2.68%	2	1	93	93	0.0150923687299321	1	1	110	103	0	6	-T
C1_BC25_191109_LF_LIB_consensus_vsearch	2002	T	Y	209	8	3.67%	2	2	93	93	0.003658026926953576	1	1	112	97	3	5	C
C1_BC25_191109_LF_LIB_consensus_vsearch	2003	G	G	220	2	0.9%	2	1	93	93	0.2494356659142869	1	1	114	106	0	2	C
C1_BC25_191109_LF_LIB_consensus_vsearch	2004	A	A	223	1	0.45%	2	1	93	93	0.5000000000003686	1	1	114	109	0	1	-T
C1_BC25_191109_LF_LIB_consensus_vsearch	2005	T	T	223	1	0.45%	2	1	93	93	0.5000000000003686	1	1	115	108	0	1	C
C1_BC25_191109_LF_LIB_consensus_vsearch	2006	G	*/-TG	206	12	5.33%	2	1	93	93	2.089820970245861E-4	1	1	113	93	0	12	-TG
C1_BC25_191109_LF_LIB_consensus_vsearch	2007	T	T	203	3	1.44%	2	1	93	93	0.12408759124090059	1	1	114	89	0	3	+G
C1_BC25_191109_LF_LIB_consensus_vsearch	2008	G	G	213	0	0%	2	0	93	0	1.0	1	0	115	98	0	0	
C1_BC25_191109_LF_LIB_consensus_vsearch	2009	A	A	219	2	0.89%	2	2	93	93	0.24943310657599216	1	1	112	107	1	1	-TG
C1_BC25_191109_LF_LIB_consensus_vsearch	2010	T	T	221	1	0.45%	2	1	93	93	0.4999999999999138	1	1	114	107	0	1	G
C1_BC25_191109_LF_LIB_consensus_vsearch	2011	G	G	219	2	0.9%	2	1	93	93	0.24943310657599216	1	1	111	108	2	0	A
C1_BC25_191109_LF_LIB_consensus_vsearch	2012	C	*/+A	202	8	3.59%	2	1	93	93	0.0036498841327700354	1	1	102	100	8	0	+A
C1_BC25_191109_LF_LIB_consensus_vsearch	2013	G	S	198	8	3.67%	2	1	93	93	0.0036449867501809376	1	1	97	101	8	0	C
C1_BC25_191109_LF_LIB_consensus_vsearch	2014	C	C	201	3	1.4%	2	1	93	93	0.12407862407864012	1	1	103	98	3	0	+A
C1_BC25_191109_LF_LIB_consensus_vsearch	2015	A	A	212	1	0.46%	2	1	93	93	0.5000000000001412	1	1	107	105	1	0	+G
C1_BC25_191109_LF_LIB_consensus_vsearch	2016	A	A	211	2	0.9%	2	1	93	93	0.24941176470603904	1	1	109	102	2	0	+G
C1_BC25_191109_LF_LIB_consensus_vsearch	2017	G	G	216	2	0.91%	2	1	93	93	0.249425287356441	1	1	110	106	2	0	T
C1_BC25_191109_LF_LIB_consensus_vsearch	2018	T	*/-C	205	7	3.12%	2	1	93	93	0.0074292407456773525	1	1	98	107	7	0	-C
C1_BC25_191109_LF_LIB_consensus_vsearch	2019	C	C	216	1	0.46%	2	1	93	93	0.4999999999999138	1	1	106	110	1	0	G
C1_BC25_191109_LF_LIB_consensus_vsearch	2020	C	C	220	2	0.89%	2	1	93	93	0.2494356659142869	1	1	111	109	2	0	+T
C1_BC25_191109_LF_LIB_consensus_vsearch	2021	A	A	215	5	2.22%	2	2	93	93	0.03054059830172664	1	1	107	108	4	1	G
C1_BC25_191109_LF_LIB_consensus_vsearch	2022	C	C	221	1	0.45%	2	1	93	93	0.4999999999999138	1	1	114	107	0	1	A
C1_BC25_191109_LF_LIB_consensus_vsearch	2023	C	C	214	5	2.23%	2	1	93	93	0.030537362897492103	1	1	106	108	5	0	-A
C1_BC25_191109_LF_LIB_consensus_vsearch	2024	A	R	203	8	3.65%	2	2	93	93	0.0036510799339400076	1	1	96	107	6	2	G
C1_BC25_191109_LF_LIB_consensus_vsearch	2025	C	C	210	3	1.37%	2	1	93	93	0.1241176470588473	1	1	106	104	0	3	+T
C1_BC25_191109_LF_LIB_consensus_vsearch	2026	T	T	207	4	1.86%	2	1	93	93	0.06161032658914256	1	1	103	104	0	4	+C
C1_BC25_191109_LF_LIB_consensus_vsearch	2027	T	T	220	3	1.35%	2	2	93	93	0.12415730337075404	1	1	111	109	2	1	-A
C1_BC25_191109_LF_LIB_consensus_vsearch	2028	A	A	220	1	0.45%	2	1	93	93	0.4999999999999138	1	1	111	109	1	0	-T
C1_BC25_191109_LF_LIB_consensus_vsearch	2029	T	T	218	2	0.9%	2	2	93	93	0.24943052391823226	1	1	110	108	1	1	G
C1_BC25_191109_LF_LIB_consensus_vsearch	2030	A	R	210	8	3.59%	2	2	93	93	0.0036591481612605	1	1	103	107	7	1	G
C1_BC25_191109_LF_LIB_consensus_vsearch	2031	C	C	219	1	0.45%	2	1	93	93	0.4999999999999138	1	1	110	109	1	0	+A
C1_BC25_191109_LF_LIB_consensus_vsearch	2032	G	G	215	2	0.9%	2	1	93	93	0.2494226327944578	1	1	109	106	0	2	-TG
C1_BC25_191109_LF_LIB_consensus_vsearch	2033	T	T	211	2	0.9%	2	2	93	93	0.24941176470603904	1	1	109	102	1	1	+A
C1_BC25_191109_LF_LIB_consensus_vsearch	2034	G	G	216	3	1.36%	2	2	93	93	0.12414187643025615	1	1	113	103	2	1	-A
C1_BC25_191109_LF_LIB_consensus_vsearch	2035	A	A	221	1	0.45%	2	1	93	93	0.4999999999999138	1	1	113	108	0	1	G
C1_BC25_191109_LF_LIB_consensus_vsearch	2036	A	A	224	1	0.44%	2	1	93	93	0.4999999999999138	1	1	115	109	0	1	G
C1_BC25_191109_LF_LIB_consensus_vsearch	2037	T	T	223	1	0.44%	2	1	93	93	0.5000000000003686	1	1	113	110	1	0	-C
C1_BC25_191109_LF_LIB_consensus_vsearch	2038	C	C	219	2	0.89%	2	2	93	93	0.24943310657599216	1	1	112	107	1	1	A
C1_BC25_191109_LF_LIB_consensus_vsearch	2039	A	A	220	3	1.34%	2	1	93	93	0.12415730337075404	1	1	111	109	3	0	G
C1_BC25_191109_LF_LIB_consensus_vsearch	2040	T	T	215	2	0.9%	2	1	93	93	0.2494226327944578	1	1	108	107	2	0	+C
C1_BC25_191109_LF_LIB_consensus_vsearch	2041	C	C	214	5	2.26%	2	1	93	93	0.030537362897492103	1	1	107	107	5	0	-G
C1_BC25_191109_LF_LIB_consensus_vsearch	2042	G	G	210	4	1.83%	2	2	93	93	0.06162281305968737	1	1	103	107	3	1	-A
C1_BC25_191109_LF_LIB_consensus_vsearch	2043	A	A	216	1	0.46%	2	1	93	93	0.4999999999999138	1	1	110	106	1	0	-G
C1_BC25_191109_LF_LIB_consensus_vsearch	2044	G	G	219	1	0.45%	2	1	93	93	0.4999999999999138	1	1	112	107	1	0	+AG
C1_BC25_191109_LF_LIB_consensus_vsearch	2045	T	Y	214	8	3.59%	2	2	93	93	0.003663533633296164	1	1	112	102	1	7	C
C1_BC25_191109_LF_LIB_consensus_vsearch	2046	T	T	222	1	0.45%	2	1	93	93	0.4999999999999138	1	1	112	110	1	0	C
C1_BC25_191109_LF_LIB_consensus_vsearch	2047	G	G	215	3	1.34%	2	1	93	93	0.12413793103441495	1	1	109	106	3	0	+A
C1_BC25_191109_LF_LIB_consensus_vsearch	2048	T	T	215	4	1.8%	2	2	93	93	0.06164286277914926	1	1	110	105	2	2	C
C1_BC25_191109_LF_LIB_consensus_vsearch	2049	T	T	217	3	1.34%	2	2	93	93	0.12414578587710072	1	1	110	107	1	2	-G
C1_BC25_191109_LF_LIB_consensus_vsearch	2050	G	G	216	3	1.35%	2	2	93	93	0.12414187643025615	1	1	111	105	2	1	-A
C1_BC25_191109_LF_LIB_consensus_vsearch	2051	A	A	217	2	0.9%	2	2	93	93	0.24942791762028085	1	1	110	107	1	1	G
C1_BC25_191109_LF_LIB_consensus_vsearch	2052	A	A	221	2	0.89%	2	1	93	93	0.24943820224728358	1	1	113	108	0	2	+T
C1_BC25_191109_LF_LIB_consensus_vsearch	2053	C	C	211	4	1.78%	2	2	93	93	0.06162689769249	1	1	110	101	2	2	+T
C1_BC25_191109_LF_LIB_consensus_vsearch	2054	G	G	217	5	2.25%	2	1	93	93	0.03054698177238809	1	1	108	109	5	0	A
C1_BC25_191109_LF_LIB_consensus_vsearch	2055	C	C	216	3	1.34%	2	2	93	93	0.12414187643025615	1	1	108	108	2	1	-A
C1_BC25_191109_LF_LIB_consensus_vsearch	2056	A	A	214	3	1.36%	2	1	93	93	0.12413394919162732	1	1	107	107	3	0	G
C1_BC25_191109_LF_LIB_consensus_vsearch	2057	T	T	213	4	1.81%	2	2	93	93	0.06163495389099757	1	1	108	105	3	1	G
C1_BC25_191109_LF_LIB_consensus_vsearch	2058	T	T	206	4	1.8%	2	1	93	93	0.06160608506034647	1	1	105	101	4	0	-GC
C1_BC25_191109_LF_LIB_consensus_vsearch	2059	G	G	209	4	1.86%	2	2	93	93	0.061618690029214815	1	1	103	106	3	1	A
C1_BC25_191109_LF_LIB_consensus_vsearch	2060	C	C	206	5	2.28%	2	2	93	93	0.030510377042941562	1	1	103	103	2	3	T
C1_BC25_191109_LF_LIB_consensus_vsearch	2061	A	A	212	3	1.36%	2	2	93	93	0.1241258741259166	1	1	105	107	2	1	G
C1_BC25_191109_LF_LIB_consensus_vsearch	2062	C	C	212	3	1.37%	2	1	93	93	0.1241258741259166	1	1	109	103	0	3	T
C1_BC25_191109_LF_LIB_consensus_vsearch	2063	C	C	219	3	1.33%	2	2	93	93	0.12415349887135622	1	1	113	106	1	2	T
C1_BC25_191109_LF_LIB_consensus_vsearch	2064	G	G	222	2	0.89%	2	1	93	93	0.24944071588395061	1	1	113	109	2	0	A
C1_BC25_191109_LF_LIB_consensus_vsearch	2065	C	C	218	3	1.33%	2	2	93	93	0.12414965986396012	1	1	111	107	2	1	-GC
C1_BC25_191109_LF_LIB_consensus_vsearch	2066	G	*/-C	180	28	12.73%	2	2	93	93	1.4068589834878034E-9	1	1	77	103	26	2	-C
C1_BC25_191109_LF_LIB_consensus_vsearch	2067	C	C	188	1	0.52%	2	1	93	93	0.5000000000001412	1	1	82	106	1	0	+G
C1_BC25_191109_LF_LIB_consensus_vsearch	2068	C	C	219	2	0.9%	2	2	93	93	0.24943310657599216	1	1	111	108	1	1	T
C1_BC25_191109_LF_LIB_consensus_vsearch	2069	C	*/-T	211	7	3.11%	2	2	93	93	0.007439689863414905	1	1	110	101	1	6	-T
C1_BC25_191109_LF_LIB_consensus_vsearch	2070	T	T	209	2	0.92%	2	1	93	93	0.24940617577189375	1	1	108	101	2	0	+A
C1_BC25_191109_LF_LIB_consensus_vsearch	2071	A	A	219	2	0.9%	2	1	93	93	0.24943310657599216	1	1	113	106	0	2	C
C1_BC25_191109_LF_LIB_consensus_vsearch	2072	A	A	224	1	0.44%	2	1	93	93	0.4999999999999138	1	1	115	109	0	1	+T
C1_BC25_191109_LF_LIB_consensus_vsearch	2073	T	T	215	4	1.78%	2	1	93	93	0.06164286277914926	1	1	105	110	4	0	+C
C1_BC25_191109_LF_LIB_consensus_vsearch	2074	C	C	220	0	0%	2	0	93	0	1.0	1	0	110	110	0	0	
C1_BC25_191109_LF_LIB_consensus_vsearch	2075	C	C	217	6	2.68%	2	2	93	93	0.015101878629034914	1	1	113	104	1	5	-G
C1_BC25_191109_LF_LIB_consensus_vsearch	2076	G	G	215	3	1.38%	2	2	93	93	0.12413793103441495	1	1	111	104	2	1	A
C1_BC25_191109_LF_LIB_consensus_vsearch	2077	G	G	223	1	0.45%	2	1	93	93	0.5000000000003686	1	1	113	110	1	0	-C
C1_BC25_191109_LF_LIB_consensus_vsearch	2078	C	C	215	3	1.35%	2	1	93	93	0.12413793103441495	1	1	106	109	3	0	-T
C1_BC25_191109_LF_LIB_consensus_vsearch	2079	T	T	215	2	0.91%	2	1	93	93	0.2494226327944578	1	1	110	105	0	2	+GG
C1_BC25_191109_LF_LIB_consensus_vsearch	2080	G	G	216	4	1.79%	2	2	93	93	0.061646763238677425	1	1	109	107	3	1	A
C1_BC25_191109_LF_LIB_consensus_vsearch	2081	C	C	213	3	1.36%	2	1	93	93	0.12412993039444345	1	1	110	103	0	3	G
C1_BC25_191109_LF_LIB_consensus_vsearch	2082	G	R	200	14	6.28%	2	2	93	93	4.9002433333818565E-5	1	1	95	105	13	1	A
C1_BC25_191109_LF_LIB_consensus_vsearch	2083	G	G	223	1	0.44%	2	1	93	93	0.5000000000003686	1	1	114	109	0	1	-TATG
C1_BC25_191109_LF_LIB_consensus_vsearch	2084	T	T	216	6	2.68%	2	1	93	93	0.015099533131216845	1	1	115	101	0	6	C
C1_BC25_191109_LF_LIB_consensus_vsearch	2085	A	A	211	4	1.8%	2	2	93	93	0.06162689769249	1	1	107	104	2	2	-T
C1_BC25_191109_LF_LIB_consensus_vsearch	2086	T	T	209	3	1.38%	2	2	93	93	0.12411347517731831	1	1	105	104	2	1	C
C1_BC25_191109_LF_LIB_consensus_vsearch	2087	G	*/-C	178	23	10.5%	2	2	93	93	6.118023943946534E-8	1	1	86	92	15	8	-C
C1_BC25_191109_LF_LIB_consensus_vsearch	2088	C	C	182	6	3.11%	2	2	93	93	0.015005022293196836	1	1	89	93	2	4	+T
C1_BC25_191109_LF_LIB_consensus_vsearch	2089	C	C	211	1	0.46%	2	1	93	93	0.5000000000001412	1	1	104	107	1	0	+AA
C1_BC25_191109_LF_LIB_consensus_vsearch	2090	C	S	203	8	3.59%	2	1	93	93	0.0036510799339400076	1	1	97	106	8	0	G
C1_BC25_191109_LF_LIB_consensus_vsearch	2091	C	*/+T	52	118	52.44%	2	2	93	93	1.9765354510471208E-50	1	1	12	40	62	56	+T
C1_BC25_191109_LF_LIB_consensus_vsearch	2092	T	T	201	3	1.47%	2	2	93	93	0.12407862407864012	1	1	93	108	2	1	C
C1_BC25_191109_LF_LIB_consensus_vsearch	2093	T	T	218	2	0.9%	2	1	93	93	0.24943052391823226	1	1	109	109	2	0	+A
C1_BC25_191109_LF_LIB_consensus_vsearch	2094	G	G	218	2	0.89%	2	1	93	93	0.24943052391823226	1	1	109	109	2	0	C
C1_BC25_191109_LF_LIB_consensus_vsearch	2095	A	A	216	4	1.79%	2	1	93	93	0.061646763238677425	1	1	107	109	4	0	+G
C1_BC25_191109_LF_LIB_consensus_vsearch	2096	G	G	217	4	1.79%	2	2	93	93	0.0616506283607095	1	1	112	105	1	3	-CG
C1_BC25_191109_LF_LIB_consensus_vsearch	2097	C	C	215	3	1.36%	2	2	93	93	0.12413793103441495	1	1	111	104	1	2	T
C1_BC25_191109_LF_LIB_consensus_vsearch	2098	G	G	218	2	0.91%	2	1	93	93	0.24943052391823226	1	1	111	107	2	0	A
C1_BC25_191109_LF_LIB_consensus_vsearch	2099	T	T	221	1	0.45%	2	1	93	93	0.4999999999999138	1	1	112	109	0	1	+GT
C1_BC25_191109_LF_LIB_consensus_vsearch	2100	C	C	222	1	0.45%	2	1	93	93	0.4999999999999138	1	1	112	110	1	0	-ATTTA
C1_BC25_191109_LF_LIB_consensus_vsearch	2101	A	*/+T	208	7	3.14%	2	2	93	93	0.007434537497224064	1	1	103	105	6	1	+T
C1_BC25_191109_LF_LIB_consensus_vsearch	2102	T	T	215	4	1.83%	2	2	93	93	0.06164286277914926	1	1	109	106	2	2	C
C1_BC25_191109_LF_LIB_consensus_vsearch	2103	T	T	221	2	0.9%	2	2	93	93	0.24943820224728358	1	1	112	109	1	1	C
C1_BC25_191109_LF_LIB_consensus_vsearch	2104	T	T	217	2	0.9%	2	1	93	93	0.24942791762028085	1	1	112	105	0	2	+G
C1_BC25_191109_LF_LIB_consensus_vsearch	2105	A	A	215	4	1.79%	2	1	93	93	0.06164286277914926	1	1	111	104	0	4	-T
C1_BC25_191109_LF_LIB_consensus_vsearch	2106	T	T	215	2	0.91%	2	2	93	93	0.2494226327944578	1	1	113	102	1	1	C
C1_BC25_191109_LF_LIB_consensus_vsearch	2107	T	T	216	6	2.68%	2	2	93	93	0.015099533131216845	1	1	112	104	3	3	-C
C1_BC25_191109_LF_LIB_consensus_vsearch	2108	C	C	217	1	0.46%	2	1	93	93	0.4999999999999138	1	1	111	106	1	0	+G
C1_BC25_191109_LF_LIB_consensus_vsearch	2109	C	C	209	5	2.22%	2	1	93	93	0.030520732883336912	1	1	111	98	0	5	+T
C1_BC25_191109_LF_LIB_consensus_vsearch	2110	T	T	217	2	0.9%	2	1	93	93	0.24942791762028085	1	1	113	104	0	2	C
C1_BC25_191109_LF_LIB_consensus_vsearch	2111	T	*/+C	212	8	3.57%	2	2	93	93	0.003661360523321731	1	1	104	108	7	1	+C
C1_BC25_191109_LF_LIB_consensus_vsearch	2112	C	*/-GG	183	19	8.48%	2	2	93	93	1.223804948400246E-6	1	1	100	83	1	18	-GG
C1_BC25_191109_LF_LIB_consensus_vsearch	2113	G	R	163	21	10.99%	2	1	93	93	2.6047553881865885E-7	1	1	81	82	21	0	A
C1_BC25_191109_LF_LIB_consensus_vsearch	2114	G	G	200	2	0.98%	2	1	93	93	0.24937965260552358	1	1	110	90	2	0	A
C1_BC25_191109_LF_LIB_consensus_vsearch	2115	G	G	205	6	2.68%	2	2	93	93	0.015072272591959035	1	1	101	104	4	2	-A
C1_BC25_191109_LF_LIB_consensus_vsearch	2116	A	A	212	1	0.47%	2	1	93	93	0.5000000000001412	1	1	107	105	1	0	+C
C1_BC25_191109_LF_LIB_consensus_vsearch	2117	G	G	212	5	2.27%	2	1	93	93	0.030530802741347875	1	1	111	101	0	5	+T
C1_BC25_191109_LF_LIB_consensus_vsearch	2118	T	T	211	4	1.79%	2	1	93	93	0.06162689769249	1	1	111	100	0	4	-C
C1_BC25_191109_LF_LIB_consensus_vsearch	2119	C	*/+T	182	18	8.33%	2	1	93	93	2.556712983549592E-6	1	1	111	71	0	18	+T
C1_BC25_191109_LF_LIB_consensus_vsearch	2120	T	T	206	3	1.43%	2	2	93	93	0.1241007194244273	1	1	111	95	2	1	C
C1_BC25_191109_LF_LIB_consensus_vsearch	2121	T	T	216	1	0.46%	2	1	93	93	0.4999999999999138	1	1	112	104	0	1	+C
C1_BC25_191109_LF_LIB_consensus_vsearch	2122	T	*/-C	196	23	10.41%	2	2	93	93	6.482419029061125E-8	1	1	108	88	4	19	-C
C1_BC25_191109_LF_LIB_consensus_vsearch	2123	C	*/+T	178	10	5.03%	2	1	93	93	8.637144208672183E-4	1	1	109	69	0	10	+T
C1_BC25_191109_LF_LIB_consensus_vsearch	2124	C	*/-T	178	33	14.8%	2	2	93	93	2.996425916922213E-11	1	1	112	66	1	32	-T
C1_BC25_191109_LF_LIB_consensus_vsearch	2125	T	T	177	3	1.63%	2	1	93	93	0.1239554317548523	1	1	112	65	0	3	+C
C1_BC25_191109_LF_LIB_consensus_vsearch	2126	T	W	195	11	5.05%	2	1	93	93	4.2576599996950053E-4	1	1	113	82	0	11	A
C1_BC25_191109_LF_LIB_consensus_vsearch	2127	G	R	202	10	4.61%	2	2	93	93	8.760865562530377E-4	1	1	109	93	4	6	A
C1_BC25_191109_LF_LIB_consensus_vsearch	2128	C	Y	175	18	8.14%	2	2	93	93	2.51811159354104E-6	1	1	96	79	1	17	T
C1_BC25_191109_LF_LIB_consensus_vsearch	2129	G	*/-A	186	9	4.21%	2	2	93	93	0.0017772348172719874	1	1	94	92	8	1	-A
C1_BC25_191109_LF_LIB_consensus_vsearch	2130	A	A	202	3	1.46%	2	1	93	93	0.12408312958435573	1	1	98	104	0	3	G
C1_BC25_191109_LF_LIB_consensus_vsearch	2131	A	A	211	1	0.47%	2	1	93	93	0.5000000000001412	1	1	104	107	1	0	+G
C1_BC25_191109_LF_LIB_consensus_vsearch	2132	A	A	209	5	2.27%	2	2	93	93	0.030520732883336912	1	1	103	106	3	2	-G
C1_BC25_191109_LF_LIB_consensus_vsearch	2133	G	G	214	3	1.37%	2	2	93	93	0.12413394919162732	1	1	108	106	2	1	-A
C1_BC25_191109_LF_LIB_consensus_vsearch	2134	A	R	202	9	4.09%	2	1	93	93	0.0017902638323438202	1	1	96	106	9	0	G
C1_BC25_191109_LF_LIB_consensus_vsearch	2135	C	S	206	7	3.21%	2	1	93	93	0.007431022745174962	1	1	102	104	7	0	G
C1_BC25_191109_LF_LIB_consensus_vsearch	2136	C	C	219	2	0.89%	2	1	93	93	0.24943310657599216	1	1	112	107	0	2	+T
C1_BC25_191109_LF_LIB_consensus_vsearch	2137	C	Y	171	28	12.5%	2	2	93	93	1.341737195136314E-9	1	1	100	71	1	27	T
C1_BC25_191109_LF_LIB_consensus_vsearch	2138	G	*/-A	200	9	4.21%	2	2	93	93	0.0017887416879729845	1	1	95	105	7	2	-A
C1_BC25_191109_LF_LIB_consensus_vsearch	2139	A	A	205	3	1.4%	2	1	93	93	0.12409638554214404	1	1	100	105	3	0	G
C1_BC25_191109_LF_LIB_consensus_vsearch	2140	G	G	218	3	1.35%	2	1	93	93	0.12414965986396012	1	1	110	108	3	0	+T
C1_BC25_191109_LF_LIB_consensus_vsearch	2141	T	T	219	2	0.9%	2	1	93	93	0.24943310657599216	1	1	113	106	0	2	C
C1_BC25_191109_LF_LIB_consensus_vsearch	2142	T	T	218	2	0.9%	2	1	93	93	0.24943052391823226	1	1	111	107	2	0	+C
C1_BC25_191109_LF_LIB_consensus_vsearch	2143	C	*/-G	154	59	26.7%	2	2	93	93	1.6166913779159495E-20	1	1	75	79	31	28	-G
C1_BC25_191109_LF_LIB_consensus_vsearch	2144	G	R	135	19	11.95%	2	1	93	93	1.056160268801748E-6	1	1	55	80	19	0	A
C1_BC25_191109_LF_LIB_consensus_vsearch	2145	G	*/+A	190	9	4.13%	2	1	93	93	0.0017806835488244307	1	1	80	110	9	0	+A
C1_BC25_191109_LF_LIB_consensus_vsearch	2146	A	A	208	4	1.87%	2	1	93	93	0.06161452805712106	1	1	99	109	4	0	-G
C1_BC25_191109_LF_LIB_consensus_vsearch	2147	G	R	198	17	7.8%	2	1	93	93	5.490515091509853E-6	1	1	89	109	17	0	A
C1_BC25_191109_LF_LIB_consensus_vsearch	2148	T	T	212	3	1.35%	2	1	93	93	0.1241258741259166	1	1	103	109	3	0	+C
C1_BC25_191109_LF_LIB_consensus_vsearch	2149	C	C	216	1	0.46%	2	1	93	93	0.4999999999999138	1	1	107	109	1	0	+A
C1_BC25_191109_LF_LIB_consensus_vsearch	2150	C	C	213	2	0.9%	2	1	93	93	0.249417249417318	1	1	109	104	0	2	+T
C1_BC25_191109_LF_LIB_consensus_vsearch	2151	T	T	205	5	2.3%	2	1	93	93	0.03050685942891605	1	1	102	103	5	0	+C
C1_BC25_191109_LF_LIB_consensus_vsearch	2152	C	C	215	3	1.37%	2	2	93	93	0.12413793103441495	1	1	110	105	1	2	T
C1_BC25_191109_LF_LIB_consensus_vsearch	2153	G	R	214	7	3.15%	2	2	93	93	0.007444703667648697	1	1	108	106	5	2	A
C1_BC25_191109_LF_LIB_consensus_vsearch	2154	G	G	217	3	1.35%	2	2	93	93	0.12414578587710072	1	1	111	106	2	1	A
C1_BC25_191109_LF_LIB_consensus_vsearch	2155	T	T	219	1	0.45%	2	1	93	93	0.4999999999999138	1	1	112	107	1	0	+G
C1_BC25_191109_LF_LIB_consensus_vsearch	2156	C	*/-T	194	22	9.91%	2	1	93	93	1.357809470111312E-7	1	1	113	81	0	22	-T
C1_BC25_191109_LF_LIB_consensus_vsearch	2157	T	T	196	2	1.01%	2	2	93	93	0.24936708860772178	1	1	113	83	1	1	C
C1_BC25_191109_LF_LIB_consensus_vsearch	2158	T	T	221	0	0%	2	0	93	0	1.0	1	0	114	107	0	0	
C1_BC25_191109_LF_LIB_consensus_vsearch	2159	T	*/-G	180	41	18.47%	2	1	93	93	5.878735775454154E-14	1	1	114	66	0	41	-G
C1_BC25_191109_LF_LIB_consensus_vsearch	2160	G	G	180	1	0.55%	2	1	93	93	0.5000000000001412	1	1	113	67	1	0	A
C1_BC25_191109_LF_LIB_consensus_vsearch	2161	G	G	222	0	0%	2	0	93	0	1.0	1	0	114	108	0	0	
C1_BC25_191109_LF_LIB_consensus_vsearch	2162	A	A	217	2	0.9%	2	1	93	93	0.24942791762028085	1	1	113	104	0	2	-T
C1_BC25_191109_LF_LIB_consensus_vsearch	2163	T	T	220	1	0.45%	2	1	93	93	0.4999999999999138	1	1	114	106	0	1	C
C1_BC25_191109_LF_LIB_consensus_vsearch	2164	C	C	220	2	0.9%	2	2	93	93	0.2494356659142869	1	1	113	107	1	1	+A
C1_BC25_191109_LF_LIB_consensus_vsearch	2165	G	G	220	2	0.89%	2	1	93	93	0.2494356659142869	1	1	112	108	2	0	T
C1_BC25_191109_LF_LIB_consensus_vsearch	2166	T	T	218	5	2.24%	2	1	93	93	0.030550130621104243	1	1	115	103	0	5	-GT
C1_BC25_191109_LF_LIB_consensus_vsearch	2167	G	G	209	6	2.74%	2	1	93	93	0.015082506692930204	1	1	114	95	0	6	-T
C1_BC25_191109_LF_LIB_consensus_vsearch	2168	T	T	209	1	0.47%	2	1	93	93	0.4999999999999138	1	1	114	95	0	1	+AC
C1_BC25_191109_LF_LIB_consensus_vsearch	2169	T	T	217	2	0.9%	2	2	93	93	0.24942791762028085	1	1	112	105	1	1	C
C1_BC25_191109_LF_LIB_consensus_vsearch	2170	C	C	222	2	0.89%	2	1	93	93	0.24944071588395061	1	1	115	107	0	2	+T
C1_BC25_191109_LF_LIB_consensus_vsearch	2171	T	*/-C	192	10	4.44%	2	2	93	93	8.712766047726398E-4	1	1	109	83	1	9	-C
C1_BC25_191109_LF_LIB_consensus_vsearch	2172	C	*/-T	184	9	4.5%	2	2	93	93	0.0017754582364345615	1	1	113	71	1	8	-T
C1_BC25_191109_LF_LIB_consensus_vsearch	2173	T	T	196	3	1.49%	2	2	93	93	0.12405541561711925	1	1	111	85	2	1	C
C1_BC25_191109_LF_LIB_consensus_vsearch	2174	T	Y	206	7	3.21%	2	2	93	93	0.007431022745174962	1	1	108	98	5	2	C
C1_BC25_191109_LF_LIB_consensus_vsearch	2175	A	A	220	2	0.89%	2	1	93	93	0.2494356659142869	1	1	111	109	2	0	G
C1_BC25_191109_LF_LIB_consensus_vsearch	2176	G	G	221	1	0.45%	2	1	93	93	0.4999999999999138	1	1	112	109	1	0	+A
C1_BC25_191109_LF_LIB_consensus_vsearch	2177	A	A	219	2	0.89%	2	1	93	93	0.24943310657599216	1	1	112	107	0	2	-T
C1_BC25_191109_LF_LIB_consensus_vsearch	2178	T	T	218	2	0.9%	2	1	93	93	0.24943052391823226	1	1	111	107	2	0	-G
C1_BC25_191109_LF_LIB_consensus_vsearch	2179	G	G	212	4	1.8%	2	1	93	93	0.061630944461591126	1	1	107	105	4	0	A
C1_BC25_191109_LF_LIB_consensus_vsearch	2180	C	C	216	2	0.91%	2	1	93	93	0.249425287356441	1	1	112	104	2	0	-G
C1_BC25_191109_LF_LIB_consensus_vsearch	2181	G	G	212	5	2.27%	2	2	93	93	0.030530802741347875	1	1	107	105	4	1	A
C1_BC25_191109_LF_LIB_consensus_vsearch	2182	T	T	217	3	1.35%	2	2	93	93	0.12414578587710072	1	1	110	107	2	1	A
C1_BC25_191109_LF_LIB_consensus_vsearch	2183	C	C	221	1	0.45%	2	1	93	93	0.4999999999999138	1	1	113	108	0	1	+A
C1_BC25_191109_LF_LIB_consensus_vsearch	2184	G	G	216	4	1.78%	2	2	93	93	0.061646763238677425	1	1	110	106	3	1	+T
C1_BC25_191109_LF_LIB_consensus_vsearch	2185	C	C	215	4	1.78%	2	2	93	93	0.06164286277914926	1	1	113	102	2	2	-GC
C1_BC25_191109_LF_LIB_consensus_vsearch	2186	G	G	217	1	0.45%	2	1	93	93	0.4999999999999138	1	1	112	105	0	1	+C
C1_BC25_191109_LF_LIB_consensus_vsearch	2187	C	C	219	1	0.45%	2	1	93	93	0.4999999999999138	1	1	112	107	1	0	T
C1_BC25_191109_LF_LIB_consensus_vsearch	2188	C	Y	212	10	4.44%	2	2	93	93	8.804765900705064E-4	1	1	113	99	1	9	T
C1_BC25_191109_LF_LIB_consensus_vsearch	2189	G	G	221	2	0.9%	2	1	93	93	0.24943820224728358	1	1	112	109	2	0	-A
C1_BC25_191109_LF_LIB_consensus_vsearch	2190	A	A	220	2	0.9%	2	1	93	93	0.2494356659142869	1	1	113	107	0	2	+C
C1_BC25_191109_LF_LIB_consensus_vsearch	2191	T	T	218	4	1.78%	2	2	93	93	0.061654458623218986	1	1	112	106	2	2	-C
C1_BC25_191109_LF_LIB_consensus_vsearch	2192	C	C	216	2	0.91%	2	1	93	93	0.249425287356441	1	1	111	105	0	2	T
C1_BC25_191109_LF_LIB_consensus_vsearch	2193	G	G	218	3	1.34%	2	2	93	93	0.12414965986396012	1	1	111	107	2	1	A
C1_BC25_191109_LF_LIB_consensus_vsearch	2194	C	C	222	1	0.45%	2	1	93	93	0.4999999999999138	1	1	113	109	1	0	T
C1_BC25_191109_LF_LIB_consensus_vsearch	2195	C	C	221	1	0.45%	2	1	93	93	0.4999999999999138	1	1	112	109	1	0	+AC
C1_BC25_191109_LF_LIB_consensus_vsearch	2196	T	T	219	3	1.34%	2	1	93	93	0.12415349887135622	1	1	114	105	0	3	+G
C1_BC25_191109_LF_LIB_consensus_vsearch	2197	G	G	224	1	0.44%	2	1	93	93	0.4999999999999138	1	1	115	109	0	1	A
C1_BC25_191109_LF_LIB_consensus_vsearch	2198	A	A	224	1	0.44%	2	1	93	93	0.4999999999999138	1	1	114	110	1	0	G
C1_BC25_191109_LF_LIB_consensus_vsearch	2199	T	*/-G	210	9	4%	2	2	93	93	0.0017960807336148846	1	1	108	102	5	4	-G
C1_BC25_191109_LF_LIB_consensus_vsearch	2200	G	G	210	2	0.93%	2	1	93	93	0.24940898345148782	1	1	106	104	2	0	C
C1_BC25_191109_LF_LIB_consensus_vsearch	2201	G	G	221	2	0.89%	2	1	93	93	0.24943820224728358	1	1	112	109	2	0	C
C1_BC25_191109_LF_LIB_consensus_vsearch	2202	G	G	220	3	1.33%	2	2	93	93	0.12415730337075404	1	1	113	107	1	2	-TA
C1_BC25_191109_LF_LIB_consensus_vsearch	2203	T	T	216	4	1.8%	2	1	93	93	0.061646763238677425	1	1	113	103	0	4	C
C1_BC25_191109_LF_LIB_consensus_vsearch	2204	A	A	215	2	0.91%	2	1	93	93	0.2494226327944578	1	1	112	103	0	2	+C
C1_BC25_191109_LF_LIB_consensus_vsearch	2205	C	C	213	5	2.24%	2	1	93	93	0.030534097847134272	1	1	114	99	0	5	+T
C1_BC25_191109_LF_LIB_consensus_vsearch	2206	T	T	216	5	2.24%	2	2	93	93	0.030543804461782422	1	1	110	106	4	1	+C
C1_BC25_191109_LF_LIB_consensus_vsearch	2207	C	*/-T	209	7	3.14%	2	2	93	93	0.007436270701269745	1	1	109	100	2	5	-T
C1_BC25_191109_LF_LIB_consensus_vsearch	2208	T	T	205	3	1.4%	2	2	93	93	0.12409638554214404	1	1	104	101	2	1	-A
C1_BC25_191109_LF_LIB_consensus_vsearch	2209	A	A	216	1	0.46%	2	1	93	93	0.4999999999999138	1	1	108	108	1	0	+T
C1_BC25_191109_LF_LIB_consensus_vsearch	2210	A	A	217	4	1.79%	2	2	93	93	0.0616506283607095	1	1	108	109	3	1	G
C1_BC25_191109_LF_LIB_consensus_vsearch	2211	T	T	221	3	1.33%	2	1	93	93	0.12416107382546236	1	1	115	106	0	3	C
C1_BC25_191109_LF_LIB_consensus_vsearch	2212	G	G	212	5	2.22%	2	2	93	93	0.030530802741347875	1	1	106	106	2	3	+C
C1_BC25_191109_LF_LIB_consensus_vsearch	2213	C	C	219	1	0.45%	2	1	93	93	0.4999999999999138	1	1	110	109	1	0	+A
C1_BC25_191109_LF_LIB_consensus_vsearch	2214	C	C	220	3	1.33%	2	2	93	93	0.12415730337075404	1	1	112	108	2	1	-T
C1_BC25_191109_LF_LIB_consensus_vsearch	2215	T	Y	205	8	3.6%	2	2	93	93	0.0036534383902297935	1	1	111	94	1	7	C
C1_BC25_191109_LF_LIB_consensus_vsearch	2216	G	G	219	5	2.22%	2	2	93	93	0.030553251388732716	1	1	111	108	4	1	-A
C1_BC25_191109_LF_LIB_consensus_vsearch	2217	A	A	213	4	1.82%	2	2	93	93	0.06163495389099757	1	1	105	108	3	1	G
C1_BC25_191109_LF_LIB_consensus_vsearch	2218	G	G	221	1	0.45%	2	1	93	93	0.4999999999999138	1	1	111	110	1	0	+A
C1_BC25_191109_LF_LIB_consensus_vsearch	2219	C	C	222	1	0.45%	2	1	93	93	0.4999999999999138	1	1	113	109	1	0	+A
C1_BC25_191109_LF_LIB_consensus_vsearch	2220	G	*/-TG	212	8	3.57%	2	1	93	93	0.003661360523321731	1	1	112	100	0	8	-TG
C1_BC25_191109_LF_LIB_consensus_vsearch	2221	T	*/-G	198	12	5.61%	2	2	93	93	2.077128545125299E-4	1	1	104	94	7	5	-G
C1_BC25_191109_LF_LIB_consensus_vsearch	2222	G	G	197	5	2.45%	2	1	93	93	0.030477466383663308	1	1	101	96	5	0	A
C1_BC25_191109_LF_LIB_consensus_vsearch	2223	G	*/-A	214	8	3.57%	2	1	93	93	0.003663533633296164	1	1	105	109	8	0	-A
C1_BC25_191109_LF_LIB_consensus_vsearch	2224	A	A	212	2	0.92%	2	1	93	93	0.24941451990645544	1	1	105	107	2	0	+G
C1_BC25_191109_LF_LIB_consensus_vsearch	2225	G	G	223	1	0.45%	2	1	93	93	0.5000000000003686	1	1	114	109	1	0	+C
C1_BC25_191109_LF_LIB_consensus_vsearch	2226	T	*/-C	167	52	23.11%	2	2	93	93	7.112622577723107E-18	1	1	93	74	18	34	-C
C1_BC25_191109_LF_LIB_consensus_vsearch	2227	C	C	170	1	0.58%	2	1	93	93	0.5000000000001412	1	1	95	75	0	1	T
C1_BC25_191109_LF_LIB_consensus_vsearch	2228	C	C	221	1	0.45%	2	1	93	93	0.4999999999999138	1	1	112	109	0	1	+T
C1_BC25_191109_LF_LIB_consensus_vsearch	2229	C	C	221	2	0.9%	2	1	93	93	0.24943820224728358	1	1	113	108	0	2	-T
C1_BC25_191109_LF_LIB_consensus_vsearch	2230	T	T	216	3	1.36%	2	2	93	93	0.12414187643025615	1	1	110	106	1	2	-CT
C1_BC25_191109_LF_LIB_consensus_vsearch	2231	C	C	220	1	0.45%	2	1	93	93	0.4999999999999138	1	1	114	106	0	1	-T
C1_BC25_191109_LF_LIB_consensus_vsearch	2232	T	*/-G	192	24	10.86%	2	1	93	93	3.031731300607618E-8	1	1	113	79	0	24	-G
C1_BC25_191109_LF_LIB_consensus_vsearch	2233	G	G	197	1	0.5%	2	1	93	93	0.5000000000001412	1	1	115	82	0	1	+T
C1_BC25_191109_LF_LIB_consensus_vsearch	2234	G	*/-A	203	17	7.62%	2	1	93	93	5.533354906074952E-6	1	1	97	106	17	0	-A
C1_BC25_191109_LF_LIB_consensus_vsearch	2235	A	A	200	2	0.97%	2	1	93	93	0.24937965260552358	1	1	95	105	2	0	-G
C1_BC25_191109_LF_LIB_consensus_vsearch	2236	G	*/-T	205	9	4.07%	2	2	93	93	0.0017924949478988227	1	1	98	107	8	1	-T
C1_BC25_191109_LF_LIB_consensus_vsearch	2237	T	T	205	5	2.34%	2	2	93	93	0.03050685942891605	1	1	102	103	1	4	C
C1_BC25_191109_LF_LIB_consensus_vsearch	2238	T	T	212	4	1.79%	2	2	93	93	0.061630944461591126	1	1	109	103	1	3	+G
C1_BC25_191109_LF_LIB_consensus_vsearch	2239	G	G	218	4	1.79%	2	1	93	93	0.061654458623218986	1	1	108	110	4	0	-A
C1_BC25_191109_LF_LIB_consensus_vsearch	2240	A	*/-G	188	23	10.45%	2	1	93	93	6.326011314860425E-8	1	1	83	105	23	0	-G
C1_BC25_191109_LF_LIB_consensus_vsearch	2241	G	G	198	1	0.5%	2	1	93	93	0.5000000000001412	1	1	89	109	1	0	+A
C1_BC25_191109_LF_LIB_consensus_vsearch	2242	A	A	217	2	0.89%	2	1	93	93	0.24942791762028085	1	1	111	106	0	2	-C
C1_BC25_191109_LF_LIB_consensus_vsearch	2243	C	C	216	2	0.9%	2	1	93	93	0.249425287356441	1	1	110	106	2	0	+A
C1_BC25_191109_LF_LIB_consensus_vsearch	2244	G	*/-TG	200	12	5.38%	2	1	93	93	2.0803866112796158E-4	1	1	106	94	0	12	-TG
C1_BC25_191109_LF_LIB_consensus_vsearch	2245	T	T	200	4	1.9%	2	1	93	93	0.061579761579775204	1	1	107	93	0	4	C
C1_BC25_191109_LF_LIB_consensus_vsearch	2246	G	G	198	3	1.44%	2	1	93	93	0.12406483790525294	1	1	103	95	3	0	-CT
C1_BC25_191109_LF_LIB_consensus_vsearch	2247	C	*/-T	198	10	4.63%	2	2	93	93	8.74216242207188E-4	1	1	102	96	4	6	-T
C1_BC25_191109_LF_LIB_consensus_vsearch	2248	T	T	204	2	0.96%	2	1	93	93	0.2493917274938698	1	1	100	104	2	0	A
C1_BC25_191109_LF_LIB_consensus_vsearch	2249	T	Y	208	7	3.12%	2	2	93	93	0.007434537497224064	1	1	108	100	5	2	C
C1_BC25_191109_LF_LIB_consensus_vsearch	2250	G	G	221	1	0.45%	2	1	93	93	0.4999999999999138	1	1	112	109	1	0	+A
C1_BC25_191109_LF_LIB_consensus_vsearch	2251	A	A	216	5	2.23%	2	2	93	93	0.030543804461782422	1	1	110	106	2	3	-C
C1_BC25_191109_LF_LIB_consensus_vsearch	2252	C	C	218	1	0.45%	2	1	93	93	0.5000000000003686	1	1	113	105	0	1	+TT
C1_BC25_191109_LF_LIB_consensus_vsearch	2253	C	Y	197	19	8.44%	2	1	93	93	1.261162399210312E-6	1	1	113	84	0	19	T
C1_BC25_191109_LF_LIB_consensus_vsearch	2254	G	G	211	6	2.71%	2	1	93	93	0.015087482939793164	1	1	107	104	6	0	A
C1_BC25_191109_LF_LIB_consensus_vsearch	2255	G	G	214	4	1.79%	2	2	93	93	0.061638926495252586	1	1	106	108	3	1	A
C1_BC25_191109_LF_LIB_consensus_vsearch	2256	C	C	217	2	0.9%	2	1	93	93	0.24942791762028085	1	1	111	106	0	2	T
C1_BC25_191109_LF_LIB_consensus_vsearch	2257	C	C	217	5	2.23%	2	1	93	93	0.03054698177238809	1	1	114	103	0	5	T
C1_BC25_191109_LF_LIB_consensus_vsearch	2258	G	G	219	2	0.9%	2	1	93	93	0.24943310657599216	1	1	112	107	2	0	A
C1_BC25_191109_LF_LIB_consensus_vsearch	2259	T	T	218	4	1.79%	2	1	93	93	0.061654458623218986	1	1	115	103	0	4	C
C1_BC25_191109_LF_LIB_consensus_vsearch	2260	T	*/-G	210	7	3.12%	2	1	93	93	0.007437988084800957	1	1	113	97	0	7	-G
C1_BC25_191109_LF_LIB_consensus_vsearch	2261	G	G	210	5	2.33%	2	2	93	93	0.0305241206880699	1	1	111	99	3	2	A
C1_BC25_191109_LF_LIB_consensus_vsearch	2262	G	G	218	4	1.79%	2	2	93	93	0.061654458623218986	1	1	111	107	2	2	A
C1_BC25_191109_LF_LIB_consensus_vsearch	2263	G	*/+C	201	13	5.78%	2	1	93	93	1.0117417827629507E-4	1	1	114	87	0	13	+C
C1_BC25_191109_LF_LIB_consensus_vsearch	2264	C	C	220	1	0.44%	2	1	93	93	0.4999999999999138	1	1	112	108	0	1	+T
C1_BC25_191109_LF_LIB_consensus_vsearch	2265	T	*/-C	196	25	11.26%	2	1	93	93	1.4521229368552077E-8	1	1	113	83	0	25	-C
C1_BC25_191109_LF_LIB_consensus_vsearch	2266	C	C	190	1	0.51%	2	1	93	93	0.4999999999999138	1	1	109	81	1	0	+A
C1_BC25_191109_LF_LIB_consensus_vsearch	2267	G	G	209	5	2.25%	2	2	93	93	0.030520732883336912	1	1	106	103	3	2	-CG
C1_BC25_191109_LF_LIB_consensus_vsearch	2268	C	Y	155	59	27.06%	2	2	93	93	1.6584857262973092E-20	1	1	84	71	26	33	T
C1_BC25_191109_LF_LIB_consensus_vsearch	2269	G	G	207	4	1.83%	2	1	93	93	0.06161032658914256	1	1	108	99	0	4	+T
C1_BC25_191109_LF_LIB_consensus_vsearch	2270	T	T	215	2	0.89%	2	1	93	93	0.2494226327944578	1	1	110	105	0	2	+GT
C1_BC25_191109_LF_LIB_consensus_vsearch	2271	C	*/-A	198	15	6.76%	2	1	93	93	2.3643457204170923E-5	1	1	98	100	15	0	-A
C1_BC25_191109_LF_LIB_consensus_vsearch	2272	A	*/-C	188	10	4.78%	2	2	93	93	8.692213039856426E-4	1	1	91	97	1	9	-C
C1_BC25_191109_LF_LIB_consensus_vsearch	2273	C	S	190	14	6.57%	2	1	93	93	4.8459756195942085E-5	1	1	97	93	14	0	G
C1_BC25_191109_LF_LIB_consensus_vsearch	2274	C	Y	203	10	4.48%	2	1	93	93	8.765435124402236E-4	1	1	110	93	0	10	T
C1_BC25_191109_LF_LIB_consensus_vsearch	2275	A	A	209	4	1.86%	2	2	93	93	0.061618690029214815	1	1	107	102	2	2	G
C1_BC25_191109_LF_LIB_consensus_vsearch	2276	A	A	215	3	1.34%	2	1	93	93	0.12413793103441495	1	1	110	105	3	0	-G
C1_BC25_191109_LF_LIB_consensus_vsearch	2277	G	G	219	1	0.45%	2	1	93	93	0.4999999999999138	1	1	109	110	1	0	A
C1_BC25_191109_LF_LIB_consensus_vsearch	2278	T	T	218	3	1.34%	2	1	93	93	0.12414965986396012	1	1	108	110	3	0	+C
C1_BC25_191109_LF_LIB_consensus_vsearch	2279	C	C	217	2	0.9%	2	1	93	93	0.24942791762028085	1	1	108	109	2	0	+A
C1_BC25_191109_LF_LIB_consensus_vsearch	2280	C	C	217	2	0.89%	2	1	93	93	0.24942791762028085	1	1	112	105	0	2	+GG
C1_BC25_191109_LF_LIB_consensus_vsearch	2281	G	R	213	7	3.15%	2	1	93	93	0.007443047448823043	1	1	106	107	7	0	A
C1_BC25_191109_LF_LIB_consensus_vsearch	2282	C	C	218	3	1.35%	2	1	93	93	0.12414965986396012	1	1	114	104	0	3	T
C1_BC25_191109_LF_LIB_consensus_vsearch	2283	G	G	216	2	0.9%	2	1	93	93	0.249425287356441	1	1	110	106	2	0	-T
C1_BC25_191109_LF_LIB_consensus_vsearch	2284	T	T	215	3	1.35%	2	2	93	93	0.12413793103441495	1	1	110	105	2	1	-C
C1_BC25_191109_LF_LIB_consensus_vsearch	2285	C	*/+G	212	8	3.6%	2	1	93	93	0.003661360523321731	1	1	103	109	8	0	+G
C1_BC25_191109_LF_LIB_consensus_vsearch	2286	C	*/-T	199	16	7.11%	2	2	93	93	1.1422478632590395E-5	1	1	105	94	2	14	-T
C1_BC25_191109_LF_LIB_consensus_vsearch	2287	T	T	198	2	1%	2	1	93	93	0.24937343358388336	1	1	105	93	0	2	C
C1_BC25_191109_LF_LIB_consensus_vsearch	2288	T	T	213	2	0.93%	2	1	93	93	0.249417249417318	1	1	106	107	0	2	C
C1_BC25_191109_LF_LIB_consensus_vsearch	2289	T	T	207	6	2.68%	2	2	93	93	0.015077437453979417	1	1	110	97	1	5	-G
C1_BC25_191109_LF_LIB_consensus_vsearch	2290	G	R	207	8	3.7%	2	1	93	93	0.003655753662936563	1	1	106	101	8	0	A
C1_BC25_191109_LF_LIB_consensus_vsearch	2291	G	G	220	2	0.9%	2	1	93	93	0.2494356659142869	1	1	115	105	0	2	A
C1_BC25_191109_LF_LIB_consensus_vsearch	2292	G	G	225	0	0%	2	0	93	0	1.0	1	0	115	110	0	0	
C1_BC25_191109_LF_LIB_consensus_vsearch	2293	A	A	222	2	0.89%	2	2	93	93	0.24944071588395061	1	1	113	109	1	1	G
C1_BC25_191109_LF_LIB_consensus_vsearch	2294	C	C	220	2	0.89%	2	2	93	93	0.2494356659142869	1	1	114	106	1	1	T
C1_BC25_191109_LF_LIB_consensus_vsearch	2295	G	G	220	4	1.78%	2	1	93	93	0.061662016439223415	1	1	111	109	4	0	A
C1_BC25_191109_LF_LIB_consensus_vsearch	2296	G	G	219	4	1.78%	2	2	93	93	0.06165825449566743	1	1	111	108	3	1	-CGG
C1_BC25_191109_LF_LIB_consensus_vsearch	2297	C	C	216	1	0.45%	2	1	93	93	0.4999999999999138	1	1	112	104	0	1	+A
C1_BC25_191109_LF_LIB_consensus_vsearch	2298	G	R	212	7	3.18%	2	1	93	93	0.00744137624879223	1	1	105	107	7	0	A
C1_BC25_191109_LF_LIB_consensus_vsearch	2299	G	G	218	1	0.45%	2	1	93	93	0.5000000000003686	1	1	110	108	1	0	+CAG
C1_BC25_191109_LF_LIB_consensus_vsearch	2300	T	T	215	5	2.22%	2	1	93	93	0.03054059830172664	1	1	113	102	0	5	C
C1_BC25_191109_LF_LIB_consensus_vsearch	2301	A	A	216	2	0.9%	2	2	93	93	0.249425287356441	1	1	113	103	1	1	G
C1_BC25_191109_LF_LIB_consensus_vsearch	2302	C	C	212	4	1.8%	2	1	93	93	0.061630944461591126	1	1	115	97	0	4	-T
C1_BC25_191109_LF_LIB_consensus_vsearch	2303	T	Y	209	7	3.21%	2	2	93	93	0.007436270701269745	1	1	111	98	3	4	C
C1_BC25_191109_LF_LIB_consensus_vsearch	2304	A	R	210	8	3.6%	2	2	93	93	0.0036591481612605	1	1	107	103	5	3	G
C1_BC25_191109_LF_LIB_consensus_vsearch	2305	C	C	211	4	1.8%	2	1	93	93	0.06162689769249	1	1	110	101	0	4	+A
C1_BC25_191109_LF_LIB_consensus_vsearch	2306	A	A	216	4	1.81%	2	2	93	93	0.061646763238677425	1	1	108	108	3	1	G
C1_BC25_191109_LF_LIB_consensus_vsearch	2307	A	A	220	1	0.45%	2	1	93	93	0.4999999999999138	1	1	111	109	1	0	+C
C1_BC25_191109_LF_LIB_consensus_vsearch	2308	C	*/-GC	206	13	5.83%	2	2	93	93	1.016217291023551E-4	1	1	97	109	12	1	-GC
C1_BC25_191109_LF_LIB_consensus_vsearch	2309	G	R	201	9	4.25%	2	1	93	93	0.0017895062981052791	1	1	93	108	9	0	A
C1_BC25_191109_LF_LIB_consensus_vsearch	2310	C	C	203	3	1.42%	2	2	93	93	0.12408759124090059	1	1	98	105	1	2	T
C1_BC25_191109_LF_LIB_consensus_vsearch	2311	A	A	217	2	0.9%	2	1	93	93	0.24942791762028085	1	1	110	107	0	2	+CA
C1_BC25_191109_LF_LIB_consensus_vsearch	2312	T	T	220	2	0.9%	2	2	93	93	0.2494356659142869	1	1	111	109	1	1	C
C1_BC25_191109_LF_LIB_consensus_vsearch	2313	G	G	223	1	0.44%	2	1	93	93	0.5000000000003686	1	1	113	110	1	0	+CA
C1_BC25_191109_LF_LIB_consensus_vsearch	2314	A	A	214	5	2.23%	2	1	93	93	0.030537362897492103	1	1	111	103	0	5	+C
C1_BC25_191109_LF_LIB_consensus_vsearch	2315	C	C	223	0	0%	2	0	93	0	1.0	1	0	115	108	0	0	
C1_BC25_191109_LF_LIB_consensus_vsearch	2316	C	C	218	3	1.33%	2	1	93	93	0.12414965986396012	1	1	114	104	0	3	-TC
C1_BC25_191109_LF_LIB_consensus_vsearch	2317	T	T	214	3	1.36%	2	2	93	93	0.12413394919162732	1	1	112	102	2	1	-C
C1_BC25_191109_LF_LIB_consensus_vsearch	2318	C	C	206	6	2.76%	2	1	93	93	0.015074867144143777	1	1	103	103	6	0	-A
C1_BC25_191109_LF_LIB_consensus_vsearch	2319	A	A	210	3	1.39%	2	2	93	93	0.1241176470588473	1	1	104	106	2	1	-T
C1_BC25_191109_LF_LIB_consensus_vsearch	2320	T	T	211	5	2.28%	2	1	93	93	0.030527477163211258	1	1	106	105	5	0	G
C1_BC25_191109_LF_LIB_consensus_vsearch	2321	T	*/-G	174	28	12.56%	2	2	93	93	1.3637907977494183E-9	1	1	107	67	3	25	-G
C1_BC25_191109_LF_LIB_consensus_vsearch	2322	G	R	172	9	4.92%	2	2	93	93	0.0017639971126793845	1	1	101	71	8	1	A
C1_BC25_191109_LF_LIB_consensus_vsearch	2323	G	R	196	14	6.64%	2	1	93	93	4.879105604804982E-5	1	1	99	97	14	0	A
C1_BC25_191109_LF_LIB_consensus_vsearch	2324	G	G	211	3	1.38%	2	1	93	93	0.12412177985949331	1	1	110	101	3	0	+A
C1_BC25_191109_LF_LIB_consensus_vsearch	2325	G	G	222	2	0.89%	2	2	93	93	0.24944071588395061	1	1	113	109	1	1	-T
C1_BC25_191109_LF_LIB_consensus_vsearch	2326	T	Y	202	8	3.59%	2	2	93	93	0.0036498841327700354	1	1	108	94	1	7	C
C1_BC25_191109_LF_LIB_consensus_vsearch	2327	A	*/+G	190	14	6.45%	2	1	93	93	4.8459756195942085E-5	1	1	109	81	0	14	+G
C1_BC25_191109_LF_LIB_consensus_vsearch	2328	G	G	208	3	1.4%	2	2	93	93	0.12410926365791558	1	1	110	98	2	1	+A
C1_BC25_191109_LF_LIB_consensus_vsearch	2329	G	G	220	1	0.44%	2	1	93	93	0.4999999999999138	1	1	115	105	0	1	+T
C1_BC25_191109_LF_LIB_consensus_vsearch	2330	A	A	219	2	0.89%	2	1	93	93	0.24943310657599216	1	1	112	107	2	0	C
C1_BC25_191109_LF_LIB_consensus_vsearch	2331	C	C	214	4	1.79%	2	1	93	93	0.061638926495252586	1	1	108	106	4	0	-AAC
C1_BC25_191109_LF_LIB_consensus_vsearch	2332	A	A	215	2	0.92%	2	1	93	93	0.2494226327944578	1	1	106	109	2	0	G
C1_BC25_191109_LF_LIB_consensus_vsearch	2333	A	*/+C	189	11	4.98%	2	1	93	93	4.239722735294379E-4	1	1	86	103	11	0	+C
C1_BC25_191109_LF_LIB_consensus_vsearch	2334	C	C	207	2	0.95%	2	2	93	93	0.24940047961641743	1	1	105	102	1	1	T
C1_BC25_191109_LF_LIB_consensus_vsearch	2335	C	C	218	2	0.89%	2	1	93	93	0.24943052391823226	1	1	113	105	0	2	+T
C1_BC25_191109_LF_LIB_consensus_vsearch	2336	C	Y	196	15	6.7%	2	1	93	93	2.358427531063154E-5	1	1	107	89	0	15	T
C1_BC25_191109_LF_LIB_consensus_vsearch	2337	G	G	210	6	2.78%	2	2	93	93	0.01508500627971554	1	1	105	105	3	3	A
C1_BC25_191109_LF_LIB_consensus_vsearch	2338	C	C	208	6	2.69%	2	2	93	93	0.015079983859610983	1	1	106	102	5	1	A
C1_BC25_191109_LF_LIB_consensus_vsearch	2339	T	Y	181	25	11.42%	2	2	93	93	1.3734043143758148E-8	1	1	105	76	2	23	C
C1_BC25_191109_LF_LIB_consensus_vsearch	2340	A	A	203	6	2.74%	2	2	93	93	0.01506700937567325	1	1	105	98	5	1	-G
C1_BC25_191109_LF_LIB_consensus_vsearch	2341	G	G	217	1	0.46%	2	1	93	93	0.4999999999999138	1	1	109	108	1	0	A
C1_BC25_191109_LF_LIB_consensus_vsearch	2342	A	A	216	3	1.34%	2	2	93	93	0.12414187643025615	1	1	111	105	2	1	G
C1_BC25_191109_LF_LIB_consensus_vsearch	2343	C	C	210	5	2.24%	2	1	93	93	0.0305241206880699	1	1	107	103	5	0	-TT
C1_BC25_191109_LF_LIB_consensus_vsearch	2344	T	T	209	3	1.4%	2	2	93	93	0.12411347517731831	1	1	105	104	2	1	C
C1_BC25_191109_LF_LIB_consensus_vsearch	2345	T	T	203	5	2.29%	2	2	93	93	0.030499722862415764	1	1	103	100	4	1	C
C1_BC25_191109_LF_LIB_consensus_vsearch	2346	A	A	210	4	1.84%	2	1	93	93	0.06162281305968737	1	1	112	98	0	4	G
C1_BC25_191109_LF_LIB_consensus_vsearch	2347	A	R	207	7	3.15%	2	2	93	93	0.007432788253078562	1	1	110	97	1	6	G
C1_BC25_191109_LF_LIB_consensus_vsearch	2348	G	G	215	3	1.36%	2	2	93	93	0.12413793103441495	1	1	110	105	2	1	+C
C1_BC25_191109_LF_LIB_consensus_vsearch	2349	C	C	218	3	1.33%	2	2	93	93	0.12414965986396012	1	1	114	104	1	2	-A
C1_BC25_191109_LF_LIB_consensus_vsearch	2350	A	A	220	2	0.9%	2	2	93	93	0.2494356659142869	1	1	113	107	1	1	G
C1_BC25_191109_LF_LIB_consensus_vsearch	2351	T	T	217	3	1.33%	2	2	93	93	0.12414578587710072	1	1	110	107	2	1	-AT
C1_BC25_191109_LF_LIB_consensus_vsearch	2352	A	A	219	1	0.45%	2	1	93	93	0.4999999999999138	1	1	111	108	0	1	+G
C1_BC25_191109_LF_LIB_consensus_vsearch	2353	T	T	216	2	0.9%	2	2	93	93	0.249425287356441	1	1	109	107	1	1	C
C1_BC25_191109_LF_LIB_consensus_vsearch	2354	T	T	219	3	1.33%	2	1	93	93	0.12415349887135622	1	1	112	107	3	0	-A
C1_BC25_191109_LF_LIB_consensus_vsearch	2355	A	A	222	0	0%	2	0	93	0	1.0	1	0	112	110	0	0	
C1_BC25_191109_LF_LIB_consensus_vsearch	2356	A	A	223	2	0.89%	2	1	93	93	0.24944320712692292	1	1	113	110	2	0	G
C1_BC25_191109_LF_LIB_consensus_vsearch	2357	T	T	224	1	0.44%	2	1	93	93	0.4999999999999138	1	1	114	110	1	0	+C
C1_BC25_191109_LF_LIB_consensus_vsearch	2358	C	C	219	3	1.33%	2	1	93	93	0.12415349887135622	1	1	111	108	3	0	-AGC
C1_BC25_191109_LF_LIB_consensus_vsearch	2359	A	A	216	3	1.36%	2	1	93	93	0.12414187643025615	1	1	111	105	0	3	-G
C1_BC25_191109_LF_LIB_consensus_vsearch	2360	G	G	216	1	0.46%	2	1	93	93	0.4999999999999138	1	1	111	105	0	1	+C
C1_BC25_191109_LF_LIB_consensus_vsearch	2361	C	C	215	5	2.26%	2	1	93	93	0.03054059830172664	1	1	112	103	0	5	T
C1_BC25_191109_LF_LIB_consensus_vsearch	2362	G	G	223	1	0.45%	2	1	93	93	0.5000000000003686	1	1	115	108	0	1	T
C1_BC25_191109_LF_LIB_consensus_vsearch	2363	G	G	221	1	0.45%	2	1	93	93	0.4999999999999138	1	1	114	107	1	0	-AG
C1_BC25_191109_LF_LIB_consensus_vsearch	2364	A	*/-G	200	14	6.31%	2	2	93	93	4.9002433333818565E-5	1	1	100	100	9	5	-G
C1_BC25_191109_LF_LIB_consensus_vsearch	2365	G	G	200	2	0.97%	2	1	93	93	0.24937965260552358	1	1	104	96	0	2	+T
C1_BC25_191109_LF_LIB_consensus_vsearch	2366	G	*/-A	173	32	14.48%	2	2	93	93	6.269998350538696E-11	1	1	79	94	22	10	-A
C1_BC25_191109_LF_LIB_consensus_vsearch	2367	A	A	182	2	1.08%	2	1	93	93	0.2493188010900035	1	1	85	97	2	0	G
C1_BC25_191109_LF_LIB_consensus_vsearch	2368	A	A	216	2	0.91%	2	1	93	93	0.249425287356441	1	1	110	106	0	2	G
C1_BC25_191109_LF_LIB_consensus_vsearch	2369	A	A	220	2	0.89%	2	1	93	93	0.2494356659142869	1	1	113	107	2	0	G
C1_BC25_191109_LF_LIB_consensus_vsearch	2370	A	A	210	5	2.23%	2	2	93	93	0.0305241206880699	1	1	105	105	4	1	-G
C1_BC25_191109_LF_LIB_consensus_vsearch	2371	G	*/+A	199	7	3.24%	2	2	93	93	0.007418189114685095	1	1	101	98	1	6	+A
C1_BC25_191109_LF_LIB_consensus_vsearch	2372	A	A	212	0	0%	2	0	93	0	1.0	1	0	106	106	0	0	
C1_BC25_191109_LF_LIB_consensus_vsearch	2373	A	A	213	3	1.38%	2	1	93	93	0.12412993039444345	1	1	104	109	3	0	G
C1_BC25_191109_LF_LIB_consensus_vsearch	2374	A	*/-C	199	7	3.18%	2	2	93	93	0.007418189114685095	1	1	93	106	6	1	-C
C1_BC25_191109_LF_LIB_consensus_vsearch	2375	C	*/-T	200	7	3.27%	2	2	93	93	0.007420075094973923	1	1	95	105	5	2	-T
C1_BC25_191109_LF_LIB_consensus_vsearch	2376	T	Y	192	11	5.24%	2	2	93	93	4.248818010929111E-4	1	1	95	97	2	9	C
C1_BC25_191109_LF_LIB_consensus_vsearch	2377	A	A	208	1	0.47%	2	1	93	93	0.5000000000001412	1	1	101	107	0	1	C
C1_BC25_191109_LF_LIB_consensus_vsearch	2378	A	A	207	6	2.74%	2	2	93	93	0.015077437453979417	1	1	101	106	5	1	-C
C1_BC25_191109_LF_LIB_consensus_vsearch	2379	C	S	204	7	3.3%	2	1	93	93	0.007427442022474603	1	1	98	106	7	0	G
C1_BC25_191109_LF_LIB_consensus_vsearch	2380	C	C	214	3	1.35%	2	2	93	93	0.12413394919162732	1	1	107	107	1	2	-A
C1_BC25_191109_LF_LIB_consensus_vsearch	2381	A	*/-G	199	16	7.27%	2	2	93	93	1.1422478632590395E-5	1	1	107	92	2	14	-G
C1_BC25_191109_LF_LIB_consensus_vsearch	2382	G	G	203	2	0.96%	2	1	93	93	0.2493887530563227	1	1	109	94	0	2	+T
C1_BC25_191109_LF_LIB_consensus_vsearch	2383	G	G	221	2	0.89%	2	1	93	93	0.24943820224728358	1	1	112	109	2	0	-A
C1_BC25_191109_LF_LIB_consensus_vsearch	2384	A	A	212	6	2.7%	2	2	93	93	0.015089936987088519	1	1	110	102	1	5	-T
C1_BC25_191109_LF_LIB_consensus_vsearch	2385	T	T	214	3	1.38%	2	1	93	93	0.12413394919162732	1	1	113	101	0	3	C
C1_BC25_191109_LF_LIB_consensus_vsearch	2386	T	*/-C	109	102	45.54%	2	2	93	93	1.5612128644391435E-38	1	1	64	45	42	60	-C
C1_BC25_191109_LF_LIB_consensus_vsearch	2387	C	C	115	1	0.86%	2	1	93	93	0.4999999999999138	1	1	68	47	0	1	+T
C1_BC25_191109_LF_LIB_consensus_vsearch	2388	C	C	218	1	0.46%	2	1	93	93	0.5000000000003686	1	1	111	107	0	1	T
C1_BC25_191109_LF_LIB_consensus_vsearch	2389	C	C	215	4	1.79%	2	1	93	93	0.06164286277914926	1	1	114	101	0	4	T
C1_BC25_191109_LF_LIB_consensus_vsearch	2390	C	*/-T	217	8	3.56%	2	2	93	93	0.0036667219549938834	1	1	114	103	1	7	-T
C1_BC25_191109_LF_LIB_consensus_vsearch	2391	T	T	215	1	0.46%	2	1	93	93	0.4999999999999138	1	1	113	102	1	0	+A
C1_BC25_191109_LF_LIB_consensus_vsearch	2392	A	A	219	2	0.89%	2	1	93	93	0.24943310657599216	1	1	111	108	2	0	-GTA
C1_BC25_191109_LF_LIB_consensus_vsearch	2393	G	G	220	1	0.45%	2	1	93	93	0.4999999999999138	1	1	111	109	1	0	T
C1_BC25_191109_LF_LIB_consensus_vsearch	2394	T	T	215	6	2.7%	2	2	93	93	0.01509716650743782	1	1	111	104	1	5	C
C1_BC25_191109_LF_LIB_consensus_vsearch	2395	A	A	221	1	0.45%	2	1	93	93	0.4999999999999138	1	1	112	109	1	0	G
C1_BC25_191109_LF_LIB_consensus_vsearch	2396	A	A	223	2	0.89%	2	1	93	93	0.24944320712692292	1	1	113	110	2	0	G
C1_BC25_191109_LF_LIB_consensus_vsearch	2397	C	C	220	1	0.44%	2	1	93	93	0.4999999999999138	1	1	113	107	0	1	+T
C1_BC25_191109_LF_LIB_consensus_vsearch	2398	T	Y	209	9	4.04%	2	1	93	93	0.0017953764342624938	1	1	113	96	0	9	C
C1_BC25_191109_LF_LIB_consensus_vsearch	2399	G	G	222	1	0.45%	2	1	93	93	0.4999999999999138	1	1	112	110	1	0	-C
C1_BC25_191109_LF_LIB_consensus_vsearch	2400	C	*/-G	179	29	13%	2	1	93	93	6.526665387319224E-10	1	1	80	99	29	0	-G
C1_BC25_191109_LF_LIB_consensus_vsearch	2401	G	G	183	3	1.54%	2	1	93	93	0.12398921832883274	1	1	79	104	0	3	+TG
C1_BC25_191109_LF_LIB_consensus_vsearch	2402	A	A	214	3	1.36%	2	2	93	93	0.12413394919162732	1	1	109	105	1	2	-G
C1_BC25_191109_LF_LIB_consensus_vsearch	2403	G	*/-T	201	9	4.07%	2	1	93	93	0.0017895062981052791	1	1	111	90	0	9	-T
C1_BC25_191109_LF_LIB_consensus_vsearch	2404	T	T	209	2	0.93%	2	1	93	93	0.24940617577189375	1	1	112	97	2	0	+A
C1_BC25_191109_LF_LIB_consensus_vsearch	2405	G	G	215	3	1.34%	2	1	93	93	0.12413793103441495	1	1	105	110	3	0	+A
C1_BC25_191109_LF_LIB_consensus_vsearch	2406	A	A	214	3	1.36%	2	2	93	93	0.12413394919162732	1	1	109	105	1	2	G
C1_BC25_191109_LF_LIB_consensus_vsearch	2407	A	A	221	1	0.45%	2	1	93	93	0.4999999999999138	1	1	111	110	1	0	+G
C1_BC25_191109_LF_LIB_consensus_vsearch	2408	G	G	216	5	2.24%	2	2	93	93	0.030543804461782422	1	1	108	108	3	2	-A
C1_BC25_191109_LF_LIB_consensus_vsearch	2409	A	*/+G	84	121	55.25%	2	2	93	93	2.2169388994378047E-48	1	1	60	24	41	80	+G
C1_BC25_191109_LF_LIB_consensus_vsearch	2410	G	G	221	1	0.45%	2	1	93	93	0.4999999999999138	1	1	113	108	0	1	+TG
C1_BC25_191109_LF_LIB_consensus_vsearch	2411	G	G	223	1	0.44%	2	1	93	93	0.5000000000003686	1	1	114	109	0	1	+A
C1_BC25_191109_LF_LIB_consensus_vsearch	2412	A	A	220	3	1.33%	2	2	93	93	0.12415730337075404	1	1	114	106	1	2	G
C1_BC25_191109_LF_LIB_consensus_vsearch	2413	T	T	222	1	0.45%	2	1	93	93	0.4999999999999138	1	1	115	107	0	1	G
C1_BC25_191109_LF_LIB_consensus_vsearch	2414	C	C	219	5	2.22%	2	2	93	93	0.030553251388732716	1	1	114	105	1	4	-G
C1_BC25_191109_LF_LIB_consensus_vsearch	2415	G	G	213	6	2.73%	2	2	93	93	0.0150923687299321	1	1	109	104	5	1	A
C1_BC25_191109_LF_LIB_consensus_vsearch	2416	G	G	215	3	1.33%	2	1	93	93	0.12413793103441495	1	1	113	102	0	3	+C
C1_BC25_191109_LF_LIB_consensus_vsearch	2417	C	C	215	2	0.9%	2	1	93	93	0.2494226327944578	1	1	112	103	0	2	-T
C1_BC25_191109_LF_LIB_consensus_vsearch	2418	T	T	211	4	1.81%	2	2	93	93	0.06162689769249	1	1	110	101	1	3	C
C1_BC25_191109_LF_LIB_consensus_vsearch	2419	C	C	212	2	0.91%	2	1	93	93	0.24941451990645544	1	1	112	100	0	2	-A
C1_BC25_191109_LF_LIB_consensus_vsearch	2420	A	A	218	1	0.45%	2	1	93	93	0.5000000000003686	1	1	114	104	0	1	G
C1_BC25_191109_LF_LIB_consensus_vsearch	2421	A	A	217	4	1.79%	2	1	93	93	0.0616506283607095	1	1	114	103	0	4	C
C1_BC25_191109_LF_LIB_consensus_vsearch	2422	T	Y	214	7	3.14%	2	1	93	93	0.007444703667648697	1	1	114	100	0	7	C
C1_BC25_191109_LF_LIB_consensus_vsearch	2423	G	G	220	1	0.45%	2	1	93	93	0.4999999999999138	1	1	113	107	0	1	+CA
C1_BC25_191109_LF_LIB_consensus_vsearch	2424	T	Y	210	11	4.93%	2	1	93	93	4.298416344617859E-4	1	1	112	98	0	11	C
C1_BC25_191109_LF_LIB_consensus_vsearch	2425	G	*/-TG	184	35	15.62%	2	2	93	93	6.649044898355569E-12	1	1	90	94	21	14	-TG
C1_BC25_191109_LF_LIB_consensus_vsearch	2426	T	T	177	5	2.66%	2	2	93	93	0.03039269552742511	1	1	87	90	1	4	C
C1_BC25_191109_LF_LIB_consensus_vsearch	2427	G	G	180	3	1.6%	2	2	93	93	0.12397260273979696	1	1	88	92	1	2	+TG
C1_BC25_191109_LF_LIB_consensus_vsearch	2428	A	A	219	2	0.9%	2	2	93	93	0.24943310657599216	1	1	110	109	1	1	G
C1_BC25_191109_LF_LIB_consensus_vsearch	2429	A	A	221	2	0.89%	2	1	93	93	0.24943820224728358	1	1	114	107	0	2	+T
C1_BC25_191109_LF_LIB_consensus_vsearch	2430	T	T	220	1	0.45%	2	1	93	93	0.4999999999999138	1	1	114	106	0	1	-C
C1_BC25_191109_LF_LIB_consensus_vsearch	2431	C	C	218	4	1.79%	2	2	93	93	0.061654458623218986	1	1	112	106	1	3	-T
C1_BC25_191109_LF_LIB_consensus_vsearch	2432	T	T	216	1	0.45%	2	1	93	93	0.4999999999999138	1	1	113	103	1	0	+C
C1_BC25_191109_LF_LIB_consensus_vsearch	2433	G	G	217	3	1.35%	2	2	93	93	0.12414578587710072	1	1	112	105	2	1	A
C1_BC25_191109_LF_LIB_consensus_vsearch	2434	G	G	222	1	0.45%	2	1	93	93	0.4999999999999138	1	1	114	108	1	0	-CG
C1_BC25_191109_LF_LIB_consensus_vsearch	2435	C	C	217	3	1.35%	2	2	93	93	0.12414578587710072	1	1	109	108	2	1	T
C1_BC25_191109_LF_LIB_consensus_vsearch	2436	G	*/-TG	206	7	3.15%	2	1	93	93	0.007431022745174962	1	1	110	96	0	7	-TG
C1_BC25_191109_LF_LIB_consensus_vsearch	2437	T	*/-G	167	35	16.59%	2	2	93	93	5.802223476019532E-12	1	1	105	62	4	31	-G
C1_BC25_191109_LF_LIB_consensus_vsearch	2438	G	R	169	8	4.49%	2	1	93	93	0.0036029884966937457	1	1	102	67	8	0	A
C1_BC25_191109_LF_LIB_consensus_vsearch	2439	G	R	207	10	4.55%	2	2	93	93	8.783305527122537E-4	1	1	106	101	7	3	A
C1_BC25_191109_LF_LIB_consensus_vsearch	2440	G	G	213	6	2.67%	2	2	93	93	0.0150923687299321	1	1	108	105	2	4	A
C1_BC25_191109_LF_LIB_consensus_vsearch	2441	G	G	222	1	0.44%	2	1	93	93	0.4999999999999138	1	1	114	108	1	0	+A
C1_BC25_191109_LF_LIB_consensus_vsearch	2442	T	T	207	5	2.23%	2	1	93	93	0.030513861513988962	1	1	113	94	0	5	+A
C1_BC25_191109_LF_LIB_consensus_vsearch	2443	A	A	219	1	0.45%	2	1	93	93	0.4999999999999138	1	1	115	104	0	1	G
C1_BC25_191109_LF_LIB_consensus_vsearch	2444	A	A	223	1	0.45%	2	1	93	93	0.5000000000003686	1	1	114	109	1	0	G
C1_BC25_191109_LF_LIB_consensus_vsearch	2445	A	R	205	7	3.12%	2	2	93	93	0.0074292407456773525	1	1	102	103	6	1	G
C1_BC25_191109_LF_LIB_consensus_vsearch	2446	C	*/+T	209	8	3.67%	2	1	93	93	0.003658026926953576	1	1	111	98	0	8	+T
C1_BC25_191109_LF_LIB_consensus_vsearch	2447	C	C	221	2	0.9%	2	1	93	93	0.24943820224728358	1	1	113	108	0	2	T
C1_BC25_191109_LF_LIB_consensus_vsearch	2448	C	Y	210	8	3.56%	2	1	93	93	0.0036591481612605	1	1	113	97	0	8	T
C1_BC25_191109_LF_LIB_consensus_vsearch	2449	G	G	219	2	0.9%	2	1	93	93	0.24943310657599216	1	1	114	105	0	2	A
C1_BC25_191109_LF_LIB_consensus_vsearch	2450	T	T	214	4	1.78%	2	1	93	93	0.061638926495252586	1	1	115	99	0	4	C
C1_BC25_191109_LF_LIB_consensus_vsearch	2451	G	G	217	5	2.24%	2	2	93	93	0.03054698177238809	1	1	113	104	1	4	A
C1_BC25_191109_LF_LIB_consensus_vsearch	2452	T	*/-C	196	23	10.31%	2	1	93	93	6.482419029061125E-8	1	1	89	107	23	0	-C
C1_BC25_191109_LF_LIB_consensus_vsearch	2453	C	C	199	1	0.5%	2	1	93	93	0.5000000000001412	1	1	89	110	1	0	+A
C1_BC25_191109_LF_LIB_consensus_vsearch	2454	C	*/+G	208	8	3.57%	2	2	93	93	0.0036568954742723925	1	1	105	103	1	7	+G
C1_BC25_191109_LF_LIB_consensus_vsearch	2455	G	G	215	5	2.23%	2	1	93	93	0.03054059830172664	1	1	106	109	5	0	+A
C1_BC25_191109_LF_LIB_consensus_vsearch	2456	A	A	213	5	2.25%	2	1	93	93	0.030534097847134272	1	1	106	107	5	0	G
C1_BC25_191109_LF_LIB_consensus_vsearch	2457	G	G	215	2	0.9%	2	2	93	93	0.2494226327944578	1	1	112	103	1	1	+A
C1_BC25_191109_LF_LIB_consensus_vsearch	2458	T	T	219	3	1.35%	2	1	93	93	0.12415349887135622	1	1	115	104	0	3	C
C1_BC25_191109_LF_LIB_consensus_vsearch	2459	T	T	214	3	1.33%	2	1	93	93	0.12413394919162732	1	1	112	102	3	0	+A
C1_BC25_191109_LF_LIB_consensus_vsearch	2460	G	G	212	3	1.35%	2	1	93	93	0.1241258741259166	1	1	107	105	3	0	T
C1_BC25_191109_LF_LIB_consensus_vsearch	2461	T	T	208	3	1.36%	2	1	93	93	0.12410926365791558	1	1	111	97	0	3	-GC
C1_BC25_191109_LF_LIB_consensus_vsearch	2462	G	G	211	3	1.39%	2	2	93	93	0.12412177985949331	1	1	109	102	1	2	A
C1_BC25_191109_LF_LIB_consensus_vsearch	2463	C	*/+A	204	9	4.13%	2	1	93	93	0.0017917580621936403	1	1	112	92	0	9	+A
C1_BC25_191109_LF_LIB_consensus_vsearch	2464	A	A	221	1	0.45%	2	1	93	93	0.4999999999999138	1	1	111	110	1	0	G
C1_BC25_191109_LF_LIB_consensus_vsearch	2465	C	Y	207	12	5.38%	2	1	93	93	2.091345729349345E-4	1	1	112	95	0	12	T
C1_BC25_191109_LF_LIB_consensus_vsearch	2466	T	T	216	2	0.9%	2	1	93	93	0.249425287356441	1	1	112	104	0	2	+C
C1_BC25_191109_LF_LIB_consensus_vsearch	2467	A	A	218	4	1.79%	2	2	93	93	0.061654458623218986	1	1	113	105	1	3	G
C1_BC25_191109_LF_LIB_consensus_vsearch	2468	T	T	219	3	1.34%	2	1	93	93	0.12415349887135622	1	1	114	105	0	3	C
C1_BC25_191109_LF_LIB_consensus_vsearch	2469	G	G	223	0	0%	2	0	93	0	1.0	1	0	114	109	0	0	
C1_BC25_191109_LF_LIB_consensus_vsearch	2470	G	G	225	0	0%	2	0	93	0	1.0	1	0	115	110	0	0	
C1_BC25_191109_LF_LIB_consensus_vsearch	2471	A	A	221	2	0.89%	2	2	93	93	0.24943820224728358	1	1	113	108	1	1	G
C1_BC25_191109_LF_LIB_consensus_vsearch	2472	C	C	218	3	1.34%	2	1	93	93	0.12414965986396012	1	1	109	109	3	0	-G
C1_BC25_191109_LF_LIB_consensus_vsearch	2473	G	G	219	1	0.45%	2	1	93	93	0.4999999999999138	1	1	110	109	0	1	T
C1_BC25_191109_LF_LIB_consensus_vsearch	2474	C	C	212	5	2.24%	2	1	93	93	0.030530802741347875	1	1	106	106	5	0	-T
C1_BC25_191109_LF_LIB_consensus_vsearch	2475	T	T	216	1	0.46%	2	1	93	93	0.4999999999999138	1	1	107	109	1	0	+A
C1_BC25_191109_LF_LIB_consensus_vsearch	2476	T	*/-C	211	10	4.46%	2	2	93	93	8.800549103686053E-4	1	1	106	105	5	5	-C
C1_BC25_191109_LF_LIB_consensus_vsearch	2477	C	Y	146	53	24.65%	2	2	93	93	2.0255195894605528E-18	1	1	86	60	20	33	T
C1_BC25_191109_LF_LIB_consensus_vsearch	2478	G	G	215	6	2.68%	2	1	93	93	0.01509716650743782	1	1	107	108	6	0	A
C1_BC25_191109_LF_LIB_consensus_vsearch	2479	T	T	219	4	1.79%	2	2	93	93	0.06165825449566743	1	1	113	106	1	3	C
C1_BC25_191109_LF_LIB_consensus_vsearch	2480	C	C	219	2	0.9%	2	1	93	93	0.24943310657599216	1	1	113	106	0	2	-T
C1_BC25_191109_LF_LIB_consensus_vsearch	2481	T	T	213	4	1.8%	2	1	93	93	0.06163495389099757	1	1	113	100	0	4	+G
C1_BC25_191109_LF_LIB_consensus_vsearch	2482	G	G	220	1	0.45%	2	1	93	93	0.4999999999999138	1	1	113	107	1	0	+C
C1_BC25_191109_LF_LIB_consensus_vsearch	2483	C	C	214	5	2.24%	2	1	93	93	0.030537362897492103	1	1	109	105	5	0	-GT
C1_BC25_191109_LF_LIB_consensus_vsearch	2484	G	G	218	2	0.91%	2	1	93	93	0.24943052391823226	1	1	108	110	2	0	A
C1_BC25_191109_LF_LIB_consensus_vsearch	2485	T	T	214	5	2.27%	2	1	93	93	0.030537362897492103	1	1	109	105	0	5	C
C1_BC25_191109_LF_LIB_consensus_vsearch	2486	A	A	221	2	0.89%	2	1	93	93	0.24943820224728358	1	1	111	110	2	0	-TGTA
C1_BC25_191109_LF_LIB_consensus_vsearch	2487	T	T	212	4	1.81%	2	1	93	93	0.061630944461591126	1	1	110	102	0	4	-GT
C1_BC25_191109_LF_LIB_consensus_vsearch	2488	G	G	214	2	0.91%	2	1	93	93	0.24941995359642635	1	1	108	106	2	0	+C
C1_BC25_191109_LF_LIB_consensus_vsearch	2489	T	T	213	1	0.46%	2	1	93	93	0.4999999999999138	1	1	109	104	0	1	+A
C1_BC25_191109_LF_LIB_consensus_vsearch	2490	A	A	216	2	0.91%	2	2	93	93	0.249425287356441	1	1	108	108	1	1	G
C1_BC25_191109_LF_LIB_consensus_vsearch	2491	A	A	219	2	0.9%	2	2	93	93	0.24943310657599216	1	1	110	109	1	1	G
C1_BC25_191109_LF_LIB_consensus_vsearch	2492	C	C	218	2	0.9%	2	2	93	93	0.24943052391823226	1	1	111	107	1	1	-G
C1_BC25_191109_LF_LIB_consensus_vsearch	2493	G	G	220	2	0.9%	2	1	93	93	0.2494356659142869	1	1	111	109	2	0	A
C1_BC25_191109_LF_LIB_consensus_vsearch	2494	G	G	218	6	2.68%	2	2	93	93	0.015104203282490625	1	1	109	109	5	1	-CGG
C1_BC25_191109_LF_LIB_consensus_vsearch	2495	C	C	213	3	1.37%	2	2	93	93	0.12412993039444345	1	1	107	106	1	2	T
C1_BC25_191109_LF_LIB_consensus_vsearch	2496	G	G	212	4	1.83%	2	1	93	93	0.061630944461591126	1	1	105	107	4	0	A
C1_BC25_191109_LF_LIB_consensus_vsearch	2497	G	G	214	2	0.91%	2	1	93	93	0.24941995359642635	1	1	108	106	0	2	-TGG
C1_BC25_191109_LF_LIB_consensus_vsearch	2498	T	*/-G	204	10	4.48%	2	2	93	93	8.769963348909129E-4	1	1	107	97	8	2	-G
C1_BC25_191109_LF_LIB_consensus_vsearch	2499	G	G	202	2	0.98%	2	1	93	93	0.24938574938581254	1	1	107	95	0	2	A
C1_BC25_191109_LF_LIB_consensus_vsearch	2500	G	G	209	4	1.87%	2	2	93	93	0.061618690029214815	1	1	114	95	1	3	-A
C1_BC25_191109_LF_LIB_consensus_vsearch	2501	A	A	210	2	0.94%	2	1	93	93	0.24940898345148782	1	1	111	99	2	0	+G
C1_BC25_191109_LF_LIB_consensus_vsearch	2502	A	A	220	2	0.89%	2	1	93	93	0.2494356659142869	1	1	112	108	2	0	-G
C1_BC25_191109_LF_LIB_consensus_vsearch	2503	G	G	217	2	0.9%	2	2	93	93	0.24942791762028085	1	1	112	105	1	1	A
C1_BC25_191109_LF_LIB_consensus_vsearch	2504	T	T	212	4	1.79%	2	1	93	93	0.061630944461591126	1	1	108	104	4	0	+C
C1_BC25_191109_LF_LIB_consensus_vsearch	2505	C	C	220	1	0.45%	2	1	93	93	0.4999999999999138	1	1	112	108	1	0	+A
C1_BC25_191109_LF_LIB_consensus_vsearch	2506	C	C	217	2	0.9%	2	1	93	93	0.24942791762028085	1	1	112	105	0	2	+G
C1_BC25_191109_LF_LIB_consensus_vsearch	2507	G	G	216	3	1.33%	2	1	93	93	0.12414187643025615	1	1	111	105	0	3	+C
C1_BC25_191109_LF_LIB_consensus_vsearch	2508	T	T	219	5	2.23%	2	2	93	93	0.030553251388732716	1	1	114	105	1	4	C
C1_BC25_191109_LF_LIB_consensus_vsearch	2509	T	*/+G	208	9	4%	2	2	93	93	0.0017946657928001688	1	1	109	99	3	6	+G
C1_BC25_191109_LF_LIB_consensus_vsearch	2510	G	G	215	6	2.67%	2	2	93	93	0.01509716650743782	1	1	109	106	4	2	-A
C1_BC25_191109_LF_LIB_consensus_vsearch	2511	A	A	211	4	1.84%	2	2	93	93	0.06162689769249	1	1	106	105	2	2	G
C1_BC25_191109_LF_LIB_consensus_vsearch	2512	A	A	217	5	2.24%	2	2	93	93	0.03054698177238809	1	1	111	106	2	3	G
C1_BC25_191109_LF_LIB_consensus_vsearch	2513	A	R	212	8	3.57%	2	2	93	93	0.003661360523321731	1	1	107	105	4	4	G
C1_BC25_191109_LF_LIB_consensus_vsearch	2514	C	C	217	3	1.34%	2	2	93	93	0.12414578587710072	1	1	109	108	2	1	-AC
C1_BC25_191109_LF_LIB_consensus_vsearch	2515	A	A	216	2	0.9%	2	1	93	93	0.249425287356441	1	1	108	108	2	0	G
C1_BC25_191109_LF_LIB_consensus_vsearch	2516	C	C	212	3	1.36%	2	2	93	93	0.1241258741259166	1	1	106	106	1	2	-G
C1_BC25_191109_LF_LIB_consensus_vsearch	2517	G	R	209	10	4.55%	2	1	93	93	8.792003591123169E-4	1	1	101	108	10	0	A
C1_BC25_191109_LF_LIB_consensus_vsearch	2518	G	G	221	2	0.89%	2	1	93	93	0.24943820224728358	1	1	111	110	2	0	A
C1_BC25_191109_LF_LIB_consensus_vsearch	2519	C	C	212	3	1.34%	2	2	93	93	0.1241258741259166	1	1	105	107	2	1	+A
C1_BC25_191109_LF_LIB_consensus_vsearch	2520	A	A	210	4	1.81%	2	2	93	93	0.06162281305968737	1	1	107	103	1	3	-C
C1_BC25_191109_LF_LIB_consensus_vsearch	2521	C	C	213	2	0.92%	2	2	93	93	0.249417249417318	1	1	108	105	1	1	T
C1_BC25_191109_LF_LIB_consensus_vsearch	2522	C	*/-TC	212	7	3.14%	2	1	93	93	0.00744137624879223	1	1	112	100	0	7	-TC
C1_BC25_191109_LF_LIB_consensus_vsearch	2523	T	T	208	2	0.93%	2	1	93	93	0.24940334128888852	1	1	111	97	2	0	+C
C1_BC25_191109_LF_LIB_consensus_vsearch	2524	C	C	206	4	1.86%	2	1	93	93	0.06160608506034647	1	1	108	98	4	0	+A
C1_BC25_191109_LF_LIB_consensus_vsearch	2525	A	A	215	2	0.91%	2	1	93	93	0.2494226327944578	1	1	111	104	2	0	G
C1_BC25_191109_LF_LIB_consensus_vsearch	2526	G	G	212	6	2.68%	2	1	93	93	0.015089936987088519	1	1	106	106	6	0	-AG
C1_BC25_191109_LF_LIB_consensus_vsearch	2527	A	*/-G	164	50	23.26%	2	2	93	93	3.458535363387373E-17	1	1	65	99	41	9	-G
C1_BC25_191109_LF_LIB_consensus_vsearch	2528	G	G	164	2	1.18%	2	1	93	93	0.24924471299088177	1	1	65	99	2	0	+A
C1_BC25_191109_LF_LIB_consensus_vsearch	2529	G	G	221	4	1.78%	2	2	93	93	0.06166574490670126	1	1	112	109	3	1	+A
C1_BC25_191109_LF_LIB_consensus_vsearch	2530	G	G	222	2	0.89%	2	2	93	93	0.24944071588395061	1	1	114	108	1	1	A
C1_BC25_191109_LF_LIB_consensus_vsearch	2531	T	T	222	3	1.33%	2	2	93	93	0.12416481069040536	1	1	113	109	2	1	-C
C1_BC25_191109_LF_LIB_consensus_vsearch	2532	C	C	219	3	1.35%	2	2	93	93	0.12415349887135622	1	1	111	108	2	1	-A
C1_BC25_191109_LF_LIB_consensus_vsearch	2533	A	W	201	13	5.86%	2	1	93	93	1.0117417827629507E-4	1	1	95	106	13	0	T
C1_BC25_191109_LF_LIB_consensus_vsearch	2534	C	S	201	14	6.28%	2	2	93	93	4.905414704302361E-5	1	1	95	106	13	1	G
C1_BC25_191109_LF_LIB_consensus_vsearch	2535	A	*/-G	198	17	7.59%	2	2	93	93	5.490515091509853E-6	1	1	92	106	16	1	-G
C1_BC25_191109_LF_LIB_consensus_vsearch	2536	G	G	205	1	0.48%	2	1	93	93	0.5000000000001412	1	1	96	109	1	0	+A
C1_BC25_191109_LF_LIB_consensus_vsearch	2537	T	*/-C	208	13	5.78%	2	1	93	93	1.0179544238135389E-4	1	1	99	109	13	0	-C
C1_BC25_191109_LF_LIB_consensus_vsearch	2538	C	C	211	1	0.47%	2	1	93	93	0.5000000000001412	1	1	101	110	1	0	T
C1_BC25_191109_LF_LIB_consensus_vsearch	2539	C	C	215	4	1.78%	2	2	93	93	0.06164286277914926	1	1	108	107	2	2	-T
C1_BC25_191109_LF_LIB_consensus_vsearch	2540	T	T	215	3	1.37%	2	1	93	93	0.12413793103441495	1	1	111	104	0	3	C
C1_BC25_191109_LF_LIB_consensus_vsearch	2541	G	G	215	5	2.25%	2	1	93	93	0.03054059830172664	1	1	106	109	5	0	-TA
C1_BC25_191109_LF_LIB_consensus_vsearch	2542	T	T	213	3	1.38%	2	2	93	93	0.12412993039444345	1	1	106	107	1	2	C
C1_BC25_191109_LF_LIB_consensus_vsearch	2543	A	A	213	4	1.83%	2	2	93	93	0.06163495389099757	1	1	105	108	3	1	-C
C1_BC25_191109_LF_LIB_consensus_vsearch	2544	C	C	210	3	1.36%	2	1	93	93	0.1241176470588473	1	1	108	102	0	3	+T
C1_BC25_191109_LF_LIB_consensus_vsearch	2545	C	C	213	6	2.68%	2	2	93	93	0.0150923687299321	1	1	109	104	3	3	-ACC
C1_BC25_191109_LF_LIB_consensus_vsearch	2546	A	A	205	4	1.84%	2	2	93	93	0.06160180289502593	1	1	103	102	3	1	G
C1_BC25_191109_LF_LIB_consensus_vsearch	2547	C	C	206	4	1.87%	2	1	93	93	0.06160608506034647	1	1	110	96	0	4	+T
C1_BC25_191109_LF_LIB_consensus_vsearch	2548	C	C	211	5	2.3%	2	2	93	93	0.030527477163211258	1	1	108	103	3	2	-T
C1_BC25_191109_LF_LIB_consensus_vsearch	2549	T	Y	204	11	5.05%	2	2	93	93	4.2827676494109035E-4	1	1	110	94	1	10	C
C1_BC25_191109_LF_LIB_consensus_vsearch	2550	G	G	214	3	1.35%	2	1	93	93	0.12413394919162732	1	1	106	108	3	0	-CCTG
C1_BC25_191109_LF_LIB_consensus_vsearch	2551	C	C	214	1	0.46%	2	1	93	93	0.5000000000001412	1	1	106	108	1	0	+A
C1_BC25_191109_LF_LIB_consensus_vsearch	2552	C	C	218	1	0.45%	2	1	93	93	0.5000000000003686	1	1	110	108	1	0	+GCC
C1_BC25_191109_LF_LIB_consensus_vsearch	2553	T	Y	191	27	12.27%	2	1	93	93	3.159934639034834E-9	1	1	111	80	0	27	C
C1_BC25_191109_LF_LIB_consensus_vsearch	2554	G	G	216	3	1.37%	2	1	93	93	0.12414187643025615	1	1	108	108	3	0	A
C1_BC25_191109_LF_LIB_consensus_vsearch	2555	C	C	217	3	1.35%	2	1	93	93	0.12414578587710072	1	1	111	106	3	0	-A
C1_BC25_191109_LF_LIB_consensus_vsearch	2556	A	A	216	3	1.35%	2	2	93	93	0.12414187643025615	1	1	108	108	2	1	-C
C1_BC25_191109_LF_LIB_consensus_vsearch	2557	C	C	214	4	1.8%	2	1	93	93	0.061638926495252586	1	1	112	102	0	4	-T
C1_BC25_191109_LF_LIB_consensus_vsearch	2558	T	T	213	4	1.81%	2	1	93	93	0.06163495389099757	1	1	113	100	0	4	-C
C1_BC25_191109_LF_LIB_consensus_vsearch	2559	C	C	216	3	1.36%	2	2	93	93	0.12414187643025615	1	1	112	104	1	2	+TC
C1_BC25_191109_LF_LIB_consensus_vsearch	2560	G	G	221	2	0.9%	2	1	93	93	0.24943820224728358	1	1	113	108	0	2	A
C1_BC25_191109_LF_LIB_consensus_vsearch	2561	C	C	218	2	0.9%	2	2	93	93	0.24943052391823226	1	1	112	106	1	1	-GC
C1_BC25_191109_LF_LIB_consensus_vsearch	2562	G	G	215	3	1.35%	2	2	93	93	0.12413793103441495	1	1	112	103	1	2	A
C1_BC25_191109_LF_LIB_consensus_vsearch	2563	C	C	214	2	0.91%	2	1	93	93	0.24941995359642635	1	1	110	104	2	0	+GC
C1_BC25_191109_LF_LIB_consensus_vsearch	2564	C	*/-A	195	27	12.05%	2	2	93	93	3.212371282433204E-9	1	1	113	82	2	25	-A
C1_BC25_191109_LF_LIB_consensus_vsearch	2565	A	A	188	4	2.02%	2	1	93	93	0.061522172652713904	1	1	111	77	0	4	+C
C1_BC25_191109_LF_LIB_consensus_vsearch	2566	A	A	219	3	1.33%	2	1	93	93	0.12415349887135622	1	1	110	109	3	0	G
C1_BC25_191109_LF_LIB_consensus_vsearch	2567	T	Y	187	32	14.29%	2	2	93	93	6.864286604674696E-11	1	1	110	77	3	29	C
C1_BC25_191109_LF_LIB_consensus_vsearch	2568	G	G	220	1	0.45%	2	1	93	93	0.4999999999999138	1	1	111	109	0	1	-ACAA
C1_BC25_191109_LF_LIB_consensus_vsearch	2569	A	A	215	2	0.89%	2	1	93	93	0.2494226327944578	1	1	107	108	2	0	+C
C1_BC25_191109_LF_LIB_consensus_vsearch	2570	C	C	211	5	2.25%	2	2	93	93	0.030527477163211258	1	1	107	104	3	2	+A
C1_BC25_191109_LF_LIB_consensus_vsearch	2571	A	A	214	1	0.46%	2	1	93	93	0.5000000000001412	1	1	110	104	0	1	+CA
C1_BC25_191109_LF_LIB_consensus_vsearch	2572	A	A	217	2	0.9%	2	1	93	93	0.24942791762028085	1	1	112	105	2	0	+G
C1_BC25_191109_LF_LIB_consensus_vsearch	2573	G	G	223	2	0.89%	2	1	93	93	0.24944320712692292	1	1	113	110	2	0	A
C1_BC25_191109_LF_LIB_consensus_vsearch	2574	C	C	217	2	0.89%	2	1	93	93	0.24942791762028085	1	1	109	108	2	0	-A
C1_BC25_191109_LF_LIB_consensus_vsearch	2575	A	A	213	5	2.25%	2	2	93	93	0.030534097847134272	1	1	105	108	4	1	G
C1_BC25_191109_LF_LIB_consensus_vsearch	2576	C	*/-TC	198	12	5.41%	2	2	93	93	2.077128545125299E-4	1	1	111	87	1	11	-TC
C1_BC25_191109_LF_LIB_consensus_vsearch	2577	T	*/-CCT	181	11	5.47%	2	2	93	93	4.214144486820526E-4	1	1	108	73	2	9	-CCT
C1_BC25_191109_LF_LIB_consensus_vsearch	2578	C	C	190	1	0.52%	2	1	93	93	0.4999999999999138	1	1	110	80	1	0	+A
C1_BC25_191109_LF_LIB_consensus_vsearch	2579	C	C	198	5	2.44%	2	2	93	93	0.03048126704040718	1	1	112	86	1	4	-TC
C1_BC25_191109_LF_LIB_consensus_vsearch	2580	T	T	189	5	2.51%	2	1	93	93	0.030445652538661657	1	1	104	85	5	0	+C
C1_BC25_191109_LF_LIB_consensus_vsearch	2581	C	C	207	3	1.41%	2	1	93	93	0.12410501193315207	1	1	109	98	3	0	-G
C1_BC25_191109_LF_LIB_consensus_vsearch	2582	G	G	214	3	1.35%	2	1	93	93	0.12413394919162732	1	1	107	107	3	0	-A
C1_BC25_191109_LF_LIB_consensus_vsearch	2583	A	A	215	1	0.46%	2	1	93	93	0.4999999999999138	1	1	109	106	1	0	+G
C1_BC25_191109_LF_LIB_consensus_vsearch	2584	G	G	214	3	1.36%	2	1	93	93	0.12413394919162732	1	1	110	104	3	0	+AG
C1_BC25_191109_LF_LIB_consensus_vsearch	2585	T	T	215	5	2.24%	2	2	93	93	0.03054059830172664	1	1	110	105	3	2	-C
C1_BC25_191109_LF_LIB_consensus_vsearch	2586	C	C	216	1	0.46%	2	1	93	93	0.4999999999999138	1	1	111	105	0	1	+ATC
C1_BC25_191109_LF_LIB_consensus_vsearch	2587	G	G	220	1	0.45%	2	1	93	93	0.4999999999999138	1	1	113	107	1	0	-CG
C1_BC25_191109_LF_LIB_consensus_vsearch	2588	C	C	221	1	0.45%	2	1	93	93	0.4999999999999138	1	1	112	109	1	0	-G
C1_BC25_191109_LF_LIB_consensus_vsearch	2589	G	G	220	2	0.9%	2	2	93	93	0.2494356659142869	1	1	112	108	1	1	+CG
C1_BC25_191109_LF_LIB_consensus_vsearch	2590	T	T	217	3	1.34%	2	1	93	93	0.12414578587710072	1	1	115	102	0	3	-A
C1_BC25_191109_LF_LIB_consensus_vsearch	2591	A	A	217	2	0.9%	2	1	93	93	0.24942791762028085	1	1	113	104	2	0	G
C1_BC25_191109_LF_LIB_consensus_vsearch	2592	G	*/+T	184	21	9.38%	2	2	93	93	2.780425424414574E-7	1	1	81	103	20	1	+T
C1_BC25_191109_LF_LIB_consensus_vsearch	2593	T	T	206	2	0.96%	2	1	93	93	0.2493975903616476	1	1	103	103	0	2	C
C1_BC25_191109_LF_LIB_consensus_vsearch	2594	T	T	223	1	0.45%	2	1	93	93	0.5000000000003686	1	1	114	109	1	0	+AGTT
C1_BC25_191109_LF_LIB_consensus_vsearch	2595	T	T	223	1	0.45%	2	1	93	93	0.5000000000003686	1	1	115	108	0	1	+C
C1_BC25_191109_LF_LIB_consensus_vsearch	2596	T	T	213	4	1.79%	2	1	93	93	0.06163495389099757	1	1	108	105	4	0	C
C1_BC25_191109_LF_LIB_consensus_vsearch	2597	G	G	216	2	0.91%	2	1	93	93	0.249425287356441	1	1	113	103	0	2	-T
C1_BC25_191109_LF_LIB_consensus_vsearch	2598	T	Y	201	8	3.67%	2	2	93	93	0.003648677074969142	1	1	106	95	5	3	C
C1_BC25_191109_LF_LIB_consensus_vsearch	2599	A	A	216	2	0.91%	2	1	93	93	0.249425287356441	1	1	113	103	0	2	C
C1_BC25_191109_LF_LIB_consensus_vsearch	2600	A	A	223	1	0.44%	2	1	93	93	0.5000000000003686	1	1	115	108	0	1	-TGCT
C1_BC25_191109_LF_LIB_consensus_vsearch	2601	T	T	218	4	1.79%	2	1	93	93	0.061654458623218986	1	1	115	103	0	4	C
C1_BC25_191109_LF_LIB_consensus_vsearch	2602	G	G	223	1	0.45%	2	1	93	93	0.5000000000003686	1	1	114	109	1	0	+T
C1_BC25_191109_LF_LIB_consensus_vsearch	2603	C	C	221	2	0.89%	2	1	93	93	0.24943820224728358	1	1	114	107	0	2	T
C1_BC25_191109_LF_LIB_consensus_vsearch	2604	T	T	223	1	0.45%	2	1	93	93	0.5000000000003686	1	1	114	109	1	0	A
C1_BC25_191109_LF_LIB_consensus_vsearch	2605	G	G	222	1	0.44%	2	1	93	93	0.4999999999999138	1	1	114	108	0	1	+C
C1_BC25_191109_LF_LIB_consensus_vsearch	2606	C	C	212	5	2.23%	2	2	93	93	0.030530802741347875	1	1	107	105	4	1	-G
C1_BC25_191109_LF_LIB_consensus_vsearch	2607	G	G	212	1	0.47%	2	1	93	93	0.5000000000001412	1	1	107	105	0	1	-C
C1_BC25_191109_LF_LIB_consensus_vsearch	2608	C	C	214	2	0.91%	2	2	93	93	0.24941995359642635	1	1	109	105	1	1	T
C1_BC25_191109_LF_LIB_consensus_vsearch	2609	C	C	207	5	2.22%	2	2	93	93	0.030513861513988962	1	1	108	99	2	3	-A
C1_BC25_191109_LF_LIB_consensus_vsearch	2610	A	A	212	2	0.91%	2	1	93	93	0.24941451990645544	1	1	109	103	2	0	+G
C1_BC25_191109_LF_LIB_consensus_vsearch	2611	A	A	218	4	1.79%	2	1	93	93	0.061654458623218986	1	1	115	103	0	4	-G
C1_BC25_191109_LF_LIB_consensus_vsearch	2612	G	G	209	5	2.27%	2	1	93	93	0.030520732883336912	1	1	114	95	0	5	-TG
C1_BC25_191109_LF_LIB_consensus_vsearch	2613	T	*/-G	193	11	5.07%	2	2	93	93	4.251792957023273E-4	1	1	107	86	5	6	-G
C1_BC25_191109_LF_LIB_consensus_vsearch	2614	G	G	203	1	0.49%	2	1	93	93	0.4999999999999138	1	1	109	94	0	1	A
C1_BC25_191109_LF_LIB_consensus_vsearch	2615	G	G	219	1	0.45%	2	1	93	93	0.4999999999999138	1	1	114	105	0	1	T
C1_BC25_191109_LF_LIB_consensus_vsearch	2616	G	G	213	6	2.68%	2	1	93	93	0.0150923687299321	1	1	106	107	6	0	-AG
C1_BC25_191109_LF_LIB_consensus_vsearch	2617	A	A	211	3	1.4%	2	1	93	93	0.12412177985949331	1	1	103	108	3	0	-G
C1_BC25_191109_LF_LIB_consensus_vsearch	2618	G	G	201	5	2.36%	2	1	93	93	0.03049244790271922	1	1	97	104	5	0	+A
C1_BC25_191109_LF_LIB_consensus_vsearch	2619	G	G	220	1	0.45%	2	1	93	93	0.4999999999999138	1	1	113	107	0	1	+CG
C1_BC25_191109_LF_LIB_consensus_vsearch	2620	T	T	216	6	2.68%	2	1	93	93	0.015099533131216845	1	1	112	104	0	6	C
C1_BC25_191109_LF_LIB_consensus_vsearch	2621	A	A	216	3	1.35%	2	2	93	93	0.12414187643025615	1	1	108	108	2	1	+G
C1_BC25_191109_LF_LIB_consensus_vsearch	2622	G	G	217	2	0.9%	2	1	93	93	0.24942791762028085	1	1	107	110	2	0	+A
C1_BC25_191109_LF_LIB_consensus_vsearch	2623	A	A	216	2	0.9%	2	1	93	93	0.249425287356441	1	1	108	108	2	0	-G
C1_BC25_191109_LF_LIB_consensus_vsearch	2624	G	G	219	2	0.9%	2	1	93	93	0.24943310657599216	1	1	111	108	2	0	-A
C1_BC25_191109_LF_LIB_consensus_vsearch	2625	A	A	210	4	1.81%	2	2	93	93	0.06162281305968737	1	1	107	103	1	3	-C
C1_BC25_191109_LF_LIB_consensus_vsearch	2626	C	C	215	1	0.46%	2	1	93	93	0.4999999999999138	1	1	108	107	1	0	+A
C1_BC25_191109_LF_LIB_consensus_vsearch	2627	C	*/-T	202	17	7.62%	2	2	93	93	5.524923410580334E-6	1	1	110	92	1	16	-T
C1_BC25_191109_LF_LIB_consensus_vsearch	2628	T	T	201	1	0.49%	2	1	93	93	0.4999999999999138	1	1	109	92	0	1	+C
C1_BC25_191109_LF_LIB_consensus_vsearch	2629	T	T	212	5	2.25%	2	1	93	93	0.030530802741347875	1	1	104	108	5	0	+C
C1_BC25_191109_LF_LIB_consensus_vsearch	2630	C	C	211	6	2.69%	2	2	93	93	0.015087482939793164	1	1	112	99	1	5	-T
C1_BC25_191109_LF_LIB_consensus_vsearch	2631	T	*/-A	190	15	6.91%	2	2	93	93	2.3400493517599244E-5	1	1	101	89	10	5	-A
C1_BC25_191109_LF_LIB_consensus_vsearch	2632	A	A	200	2	0.98%	2	1	93	93	0.24937965260552358	1	1	102	98	2	0	C
C1_BC25_191109_LF_LIB_consensus_vsearch	2633	A	A	208	3	1.36%	2	2	93	93	0.12410926365791558	1	1	110	98	2	1	-G
C1_BC25_191109_LF_LIB_consensus_vsearch	2634	G	G	213	2	0.92%	2	1	93	93	0.249417249417318	1	1	112	101	0	2	T
C1_BC25_191109_LF_LIB_consensus_vsearch	2635	G	G	214	4	1.82%	2	2	93	93	0.061638926495252586	1	1	112	102	3	1	A
C1_BC25_191109_LF_LIB_consensus_vsearch	2636	C	Y	207	8	3.59%	2	1	93	93	0.003655753662936563	1	1	112	95	0	8	T
C1_BC25_191109_LF_LIB_consensus_vsearch	2637	T	T	210	4	1.82%	2	2	93	93	0.06162281305968737	1	1	111	99	1	3	-A
C1_BC25_191109_LF_LIB_consensus_vsearch	2638	A	A	216	2	0.91%	2	1	93	93	0.249425287356441	1	1	114	102	0	2	+C
C1_BC25_191109_LF_LIB_consensus_vsearch	2639	A	A	225	0	0%	2	0	93	0	1.0	1	0	115	110	0	0	
C1_BC25_191109_LF_LIB_consensus_vsearch	2640	A	A	225	0	0%	2	0	93	0	1.0	1	0	115	110	0	0	
C1_BC25_191109_LF_LIB_consensus_vsearch	2641	T	Y	212	8	3.56%	2	2	93	93	0.003661360523321731	1	1	109	103	2	6	C
C1_BC25_191109_LF_LIB_consensus_vsearch	2642	A	A	216	3	1.35%	2	1	93	93	0.12414187643025615	1	1	108	108	3	0	G
C1_BC25_191109_LF_LIB_consensus_vsearch	2643	T	T	215	3	1.35%	2	1	93	93	0.12413793103441495	1	1	110	105	0	3	C
C1_BC25_191109_LF_LIB_consensus_vsearch	2644	G	G	223	1	0.45%	2	1	93	93	0.5000000000003686	1	1	114	109	0	1	A
C1_BC25_191109_LF_LIB_consensus_vsearch	2645	A	*/-TGA	217	7	3.12%	2	1	93	93	0.007449584424390529	1	1	107	110	7	0	-TGA
C1_BC25_191109_LF_LIB_consensus_vsearch	2646	T	T	214	2	0.92%	2	2	93	93	0.24941995359642635	1	1	107	107	1	1	C
C1_BC25_191109_LF_LIB_consensus_vsearch	2647	G	G	218	0	0%	2	0	93	0	1.0	1	0	108	110	0	0	
C1_BC25_191109_LF_LIB_consensus_vsearch	2648	A	A	215	1	0.46%	2	1	93	93	0.4999999999999138	1	1	107	108	0	1	+GA
C1_BC25_191109_LF_LIB_consensus_vsearch	2649	C	C	221	2	0.89%	2	1	93	93	0.24943820224728358	1	1	111	110	2	0	+AC
C1_BC25_191109_LF_LIB_consensus_vsearch	2650	G	*/-TG	211	9	4.02%	2	1	93	93	0.0017967787753331713	1	1	113	98	0	9	-TG
C1_BC25_191109_LF_LIB_consensus_vsearch	2651	T	T	208	3	1.4%	2	2	93	93	0.12410926365791558	1	1	112	96	2	1	C
C1_BC25_191109_LF_LIB_consensus_vsearch	2652	G	G	214	1	0.47%	2	1	93	93	0.5000000000001412	1	1	113	101	1	0	A
C1_BC25_191109_LF_LIB_consensus_vsearch	2653	A	A	222	2	0.89%	2	2	93	93	0.24944071588395061	1	1	113	109	1	1	G
C1_BC25_191109_LF_LIB_consensus_vsearch	2654	C	C	223	1	0.44%	2	1	93	93	0.5000000000003686	1	1	113	110	1	0	G
C1_BC25_191109_LF_LIB_consensus_vsearch	2655	C	C	220	3	1.33%	2	1	93	93	0.12415730337075404	1	1	114	106	0	3	+G
C1_BC25_191109_LF_LIB_consensus_vsearch	2656	G	G	223	1	0.45%	2	1	93	93	0.5000000000003686	1	1	113	110	1	0	+A
C1_BC25_191109_LF_LIB_consensus_vsearch	2657	A	A	225	0	0%	2	0	93	0	1.0	1	0	115	110	0	0	
C1_BC25_191109_LF_LIB_consensus_vsearch	2658	T	T	223	1	0.44%	2	1	93	93	0.5000000000003686	1	1	114	109	1	0	-A
C1_BC25_191109_LF_LIB_consensus_vsearch	2659	A	A	217	6	2.68%	2	2	93	93	0.015101878629034914	1	1	108	109	5	1	G
C1_BC25_191109_LF_LIB_consensus_vsearch	2660	G	G	222	2	0.89%	2	1	93	93	0.24944071588395061	1	1	114	108	0	2	A
C1_BC25_191109_LF_LIB_consensus_vsearch	2661	C	C	214	6	2.67%	2	1	93	93	0.015094778470947015	1	1	114	100	0	6	+A
C1_BC25_191109_LF_LIB_consensus_vsearch	2662	A	A	220	2	0.89%	2	1	93	93	0.2494356659142869	1	1	114	106	0	2	-C
C1_BC25_191109_LF_LIB_consensus_vsearch	2663	C	Y	208	10	4.5%	2	2	93	93	8.787673881990181E-4	1	1	109	99	3	7	T
C1_BC25_191109_LF_LIB_consensus_vsearch	2664	A	*/-CA	204	13	5.83%	2	2	93	93	1.0144502228683225E-4	1	1	110	94	2	11	-CA
C1_BC25_191109_LF_LIB_consensus_vsearch	2665	C	C	200	3	1.43%	2	1	93	93	0.12407407407409911	1	1	110	90	0	3	T
C1_BC25_191109_LF_LIB_consensus_vsearch	2666	A	A	201	2	0.96%	2	2	93	93	0.2493827160493913	1	1	107	94	1	1	+CA
C1_BC25_191109_LF_LIB_consensus_vsearch	2667	A	A	214	4	1.8%	2	2	93	93	0.061638926495252586	1	1	111	103	1	3	G
C1_BC25_191109_LF_LIB_consensus_vsearch	2668	G	G	216	2	0.9%	2	2	93	93	0.249425287356441	1	1	111	105	1	1	+C
C1_BC25_191109_LF_LIB_consensus_vsearch	2669	T	T	216	4	1.8%	2	1	93	93	0.061646763238677425	1	1	115	101	0	4	C
C1_BC25_191109_LF_LIB_consensus_vsearch	2670	A	A	215	4	1.78%	2	2	93	93	0.06164286277914926	1	1	110	105	3	1	G
C1_BC25_191109_LF_LIB_consensus_vsearch	2671	C	C	213	3	1.35%	2	1	93	93	0.12412993039444345	1	1	113	100	0	3	T
C1_BC25_191109_LF_LIB_consensus_vsearch	2672	C	C	216	3	1.33%	2	1	93	93	0.12414187643025615	1	1	113	103	0	3	+AA
C1_BC25_191109_LF_LIB_consensus_vsearch	2673	G	R	214	7	3.11%	2	2	93	93	0.007444703667648697	1	1	112	102	2	5	A
C1_BC25_191109_LF_LIB_consensus_vsearch	2674	C	C	206	4	1.81%	2	1	93	93	0.06160608506034647	1	1	106	100	0	4	T
C1_BC25_191109_LF_LIB_consensus_vsearch	2675	G	G	219	2	0.9%	2	1	93	93	0.24943310657599216	1	1	111	108	2	0	-A
C1_BC25_191109_LF_LIB_consensus_vsearch	2676	A	*/+G	81	107	47.98%	2	2	93	93	2.4947405316732656E-42	1	1	50	31	32	75	+G
C1_BC25_191109_LF_LIB_consensus_vsearch	2677	G	G	203	1	0.49%	2	1	93	93	0.4999999999999138	1	1	95	108	1	0	+A
C1_BC25_191109_LF_LIB_consensus_vsearch	2678	G	*/-A	192	24	10.76%	2	2	93	93	3.031731300607618E-8	1	1	89	103	23	1	-A
C1_BC25_191109_LF_LIB_consensus_vsearch	2679	A	R	183	12	6.09%	2	2	93	93	2.0506876982070716E-4	1	1	80	103	8	4	G
C1_BC25_191109_LF_LIB_consensus_vsearch	2680	A	A	220	1	0.45%	2	1	93	93	0.4999999999999138	1	1	113	107	1	0	+G
C1_BC25_191109_LF_LIB_consensus_vsearch	2681	A	A	216	2	0.9%	2	2	93	93	0.249425287356441	1	1	112	104	1	1	-G
C1_BC25_191109_LF_LIB_consensus_vsearch	2682	G	G	216	3	1.36%	2	1	93	93	0.12414187643025615	1	1	111	105	3	0	+A
C1_BC25_191109_LF_LIB_consensus_vsearch	2683	G	G	215	2	0.9%	2	1	93	93	0.2494226327944578	1	1	109	106	2	0	C
C1_BC25_191109_LF_LIB_consensus_vsearch	2684	T	T	212	4	1.8%	2	2	93	93	0.061630944461591126	1	1	109	103	2	2	A
C1_BC25_191109_LF_LIB_consensus_vsearch	2685	G	*/-A	188	20	8.97%	2	2	93	93	5.904806231127145E-7	1	1	102	86	10	10	-A
C1_BC25_191109_LF_LIB_consensus_vsearch	2686	A	A	192	4	1.98%	2	1	93	93	0.061542153465828975	1	1	98	94	4	0	+GA
C1_BC25_191109_LF_LIB_consensus_vsearch	2687	A	A	219	1	0.45%	2	1	93	93	0.4999999999999138	1	1	110	109	1	0	+G
C1_BC25_191109_LF_LIB_consensus_vsearch	2688	A	R	217	7	3.12%	2	2	93	93	0.007449584424390529	1	1	112	105	3	4	G
C1_BC25_191109_LF_LIB_consensus_vsearch	2689	A	A	218	3	1.33%	2	1	93	93	0.12414965986396012	1	1	111	107	0	3	T
C1_BC25_191109_LF_LIB_consensus_vsearch	2690	G	G	219	3	1.35%	2	1	93	93	0.12415349887135622	1	1	112	107	0	3	+C
C1_BC25_191109_LF_LIB_consensus_vsearch	2691	C	*/+A	214	7	3.11%	2	2	93	93	0.007444703667648697	1	1	112	102	1	6	+A
C1_BC25_191109_LF_LIB_consensus_vsearch	2692	A	A	222	1	0.45%	2	1	93	93	0.4999999999999138	1	1	114	108	0	1	G
C1_BC25_191109_LF_LIB_consensus_vsearch	2693	A	A	219	4	1.78%	2	1	93	93	0.06165825449566743	1	1	111	108	4	0	G
C1_BC25_191109_LF_LIB_consensus_vsearch	2694	C	C	219	2	0.89%	2	1	93	93	0.24943310657599216	1	1	114	105	0	2	T
C1_BC25_191109_LF_LIB_consensus_vsearch	2695	C	Y	214	7	3.11%	2	1	93	93	0.007444703667648697	1	1	114	100	0	7	T
C1_BC25_191109_LF_LIB_consensus_vsearch	2696	A	A	217	3	1.34%	2	2	93	93	0.12414578587710072	1	1	111	106	1	2	G
C1_BC25_191109_LF_LIB_consensus_vsearch	2697	T	T	216	4	1.79%	2	2	93	93	0.061646763238677425	1	1	112	104	1	3	C
C1_BC25_191109_LF_LIB_consensus_vsearch	2698	G	*/-A	144	65	29.28%	2	2	93	93	7.299431597549369E-23	1	1	105	39	7	58	-A
C1_BC25_191109_LF_LIB_consensus_vsearch	2699	A	A	149	3	1.95%	2	2	93	93	0.12376237623759088	1	1	104	45	1	2	G
C1_BC25_191109_LF_LIB_consensus_vsearch	2700	A	A	218	1	0.46%	2	1	93	93	0.5000000000003686	1	1	112	106	1	0	G
C1_BC25_191109_LF_LIB_consensus_vsearch	2701	A	A	222	1	0.45%	2	1	93	93	0.4999999999999138	1	1	112	110	1	0	+C
C1_BC25_191109_LF_LIB_consensus_vsearch	2702	A	A	223	1	0.45%	2	1	93	93	0.5000000000003686	1	1	113	110	1	0	C
C1_BC25_191109_LF_LIB_consensus_vsearch	2703	A	A	222	1	0.44%	2	1	93	93	0.4999999999999138	1	1	112	110	1	0	-TG
C1_BC25_191109_LF_LIB_consensus_vsearch	2704	T	T	217	6	2.68%	2	2	93	93	0.015101878629034914	1	1	112	105	1	5	-G
C1_BC25_191109_LF_LIB_consensus_vsearch	2705	G	G	213	4	1.83%	2	1	93	93	0.06163495389099757	1	1	109	104	4	0	A
C1_BC25_191109_LF_LIB_consensus_vsearch	2706	G	R	201	13	5.78%	2	2	93	93	1.0117417827629507E-4	1	1	92	109	12	1	A
C1_BC25_191109_LF_LIB_consensus_vsearch	2707	G	G	217	3	1.33%	2	1	93	93	0.12414578587710072	1	1	109	108	3	0	+T
C1_BC25_191109_LF_LIB_consensus_vsearch	2708	T	T	221	2	0.89%	2	1	93	93	0.24943820224728358	1	1	114	107	0	2	C
C1_BC25_191109_LF_LIB_consensus_vsearch	2709	T	T	217	4	1.78%	2	1	93	93	0.0616506283607095	1	1	108	109	4	0	+G
C1_BC25_191109_LF_LIB_consensus_vsearch	2710	G	G	212	6	2.67%	2	1	93	93	0.015089936987088519	1	1	112	100	0	6	+A
C1_BC25_191109_LF_LIB_consensus_vsearch	2711	A	A	218	1	0.46%	2	1	93	93	0.5000000000003686	1	1	112	106	1	0	+T
C1_BC25_191109_LF_LIB_consensus_vsearch	2712	A	A	220	2	0.9%	2	1	93	93	0.2494356659142869	1	1	112	108	2	0	G
C1_BC25_191109_LF_LIB_consensus_vsearch	2713	A	A	219	3	1.34%	2	2	93	93	0.12415349887135622	1	1	111	108	2	1	G
C1_BC25_191109_LF_LIB_consensus_vsearch	2714	C	C	221	1	0.45%	2	1	93	93	0.4999999999999138	1	1	112	109	1	0	+A
C1_BC25_191109_LF_LIB_consensus_vsearch	2715	A	A	222	1	0.45%	2	1	93	93	0.4999999999999138	1	1	113	109	1	0	+T
C1_BC25_191109_LF_LIB_consensus_vsearch	2716	G	G	218	3	1.33%	2	2	93	93	0.12414965986396012	1	1	110	108	2	1	-T
C1_BC25_191109_LF_LIB_consensus_vsearch	2717	T	T	214	2	0.9%	2	1	93	93	0.24941995359642635	1	1	109	105	2	0	+G
C1_BC25_191109_LF_LIB_consensus_vsearch	2718	A	A	213	5	2.25%	2	1	93	93	0.030534097847134272	1	1	108	105	5	0	-G
C1_BC25_191109_LF_LIB_consensus_vsearch	2719	G	G	208	4	1.83%	2	1	93	93	0.06161452805712106	1	1	107	101	0	4	-T
C1_BC25_191109_LF_LIB_consensus_vsearch	2720	T	T	205	3	1.38%	2	1	93	93	0.12409638554214404	1	1	106	99	3	0	+A
C1_BC25_191109_LF_LIB_consensus_vsearch	2721	G	*/-AAA	187	14	6.42%	2	1	93	93	4.828732418008738E-5	1	1	83	104	14	0	-AAA
C1_BC25_191109_LF_LIB_consensus_vsearch	2722	A	A	191	2	1.02%	2	2	93	93	0.24935064935068132	1	1	86	105	1	1	G
C1_BC25_191109_LF_LIB_consensus_vsearch	2723	A	A	200	2	0.97%	2	1	93	93	0.24937965260552358	1	1	93	107	0	2	C
C1_BC25_191109_LF_LIB_consensus_vsearch	2724	A	A	202	2	0.96%	2	1	93	93	0.24938574938581254	1	1	94	108	2	0	-G
C1_BC25_191109_LF_LIB_consensus_vsearch	2725	G	G	213	4	1.82%	2	1	93	93	0.06163495389099757	1	1	108	105	0	4	-C
C1_BC25_191109_LF_LIB_consensus_vsearch	2726	C	*/-G	206	8	3.65%	2	1	93	93	0.0036546013500883302	1	1	103	103	8	0	-G
C1_BC25_191109_LF_LIB_consensus_vsearch	2727	G	G	211	2	0.92%	2	2	93	93	0.24941176470603904	1	1	104	107	1	1	-CT
C1_BC25_191109_LF_LIB_consensus_vsearch	2728	C	C	207	6	2.7%	2	2	93	93	0.015077437453979417	1	1	108	99	1	5	-T
C1_BC25_191109_LF_LIB_consensus_vsearch	2729	T	T	207	6	2.82%	2	1	93	93	0.015077437453979417	1	1	111	96	0	6	C
C1_BC25_191109_LF_LIB_consensus_vsearch	2730	T	*/-C	185	24	10.86%	2	2	93	93	2.9597819574977793E-8	1	1	88	97	20	4	-C
C1_BC25_191109_LF_LIB_consensus_vsearch	2731	C	C	188	2	1.05%	2	1	93	93	0.2493403693931866	1	1	89	99	2	0	T
C1_BC25_191109_LF_LIB_consensus_vsearch	2732	C	*/-G	194	14	6.45%	2	2	93	93	4.868257057911772E-5	1	1	110	84	2	12	-G
C1_BC25_191109_LF_LIB_consensus_vsearch	2733	G	R	190	7	3.5%	2	1	93	93	0.007400362831181816	1	1	105	85	7	0	A
C1_BC25_191109_LF_LIB_consensus_vsearch	2734	G	G	218	1	0.46%	2	1	93	93	0.5000000000003686	1	1	115	103	0	1	A
C1_BC25_191109_LF_LIB_consensus_vsearch	2735	G	G	223	1	0.45%	2	1	93	93	0.5000000000003686	1	1	115	108	0	1	-A
C1_BC25_191109_LF_LIB_consensus_vsearch	2736	A	A	221	1	0.45%	2	1	93	93	0.4999999999999138	1	1	114	107	0	1	-TAA
C1_BC25_191109_LF_LIB_consensus_vsearch	2737	T	T	208	6	2.69%	2	2	93	93	0.015079983859610983	1	1	106	102	5	1	+A
C1_BC25_191109_LF_LIB_consensus_vsearch	2738	A	A	210	4	1.82%	2	1	93	93	0.06162281305968737	1	1	109	101	0	4	+T
C1_BC25_191109_LF_LIB_consensus_vsearch	2739	A	A	199	6	2.68%	2	1	93	93	0.015056176425366772	1	1	108	91	0	6	+G
C1_BC25_191109_LF_LIB_consensus_vsearch	2740	G	G	205	4	1.85%	2	1	93	93	0.06160180289502593	1	1	102	103	4	0	+A
C1_BC25_191109_LF_LIB_consensus_vsearch	2741	G	G	220	2	0.9%	2	1	93	93	0.2494356659142869	1	1	112	108	2	0	A
C1_BC25_191109_LF_LIB_consensus_vsearch	2742	G	G	217	2	0.9%	2	1	93	93	0.24942791762028085	1	1	110	107	2	0	T
C1_BC25_191109_LF_LIB_consensus_vsearch	2743	C	C	207	5	2.23%	2	1	93	93	0.030513861513988962	1	1	111	96	0	5	+T
C1_BC25_191109_LF_LIB_consensus_vsearch	2744	T	Y	211	8	3.6%	2	1	93	93	0.0036602593149509337	1	1	114	97	0	8	C
C1_BC25_191109_LF_LIB_consensus_vsearch	2745	A	A	219	2	0.89%	2	1	93	93	0.24943310657599216	1	1	113	106	0	2	-T
C1_BC25_191109_LF_LIB_consensus_vsearch	2746	T	T	217	3	1.35%	2	1	93	93	0.12414578587710072	1	1	111	106	3	0	+CC
C1_BC25_191109_LF_LIB_consensus_vsearch	2747	C	*/-G	207	12	5.36%	2	2	93	93	2.091345729349345E-4	1	1	106	101	7	5	-G
C1_BC25_191109_LF_LIB_consensus_vsearch	2748	G	R	200	11	5.16%	2	2	93	93	4.27186182801716E-4	1	1	97	103	10	1	A
C1_BC25_191109_LF_LIB_consensus_vsearch	2749	G	G	215	4	1.78%	2	1	93	93	0.06164286277914926	1	1	109	106	4	0	+A
C1_BC25_191109_LF_LIB_consensus_vsearch	2750	G	G	219	4	1.78%	2	1	93	93	0.06165825449566743	1	1	113	106	0	4	-TG
C1_BC25_191109_LF_LIB_consensus_vsearch	2751	T	T	213	6	2.73%	2	2	93	93	0.0150923687299321	1	1	110	103	4	2	C
C1_BC25_191109_LF_LIB_consensus_vsearch	2752	G	G	216	2	0.91%	2	1	93	93	0.249425287356441	1	1	112	104	2	0	A
C1_BC25_191109_LF_LIB_consensus_vsearch	2753	C	C	215	4	1.8%	2	2	93	93	0.06164286277914926	1	1	111	104	1	3	T
C1_BC25_191109_LF_LIB_consensus_vsearch	2754	T	*/-G	200	10	4.5%	2	2	93	93	8.751600144021374E-4	1	1	103	97	4	6	-G
C1_BC25_191109_LF_LIB_consensus_vsearch	2755	G	G	205	4	1.89%	2	1	93	93	0.06160180289502593	1	1	104	101	4	0	A
C1_BC25_191109_LF_LIB_consensus_vsearch	2756	G	G	218	2	0.9%	2	1	93	93	0.24943052391823226	1	1	110	108	2	0	A
C1_BC25_191109_LF_LIB_consensus_vsearch	2757	G	G	219	4	1.78%	2	2	93	93	0.06165825449566743	1	1	111	108	2	2	A
C1_BC25_191109_LF_LIB_consensus_vsearch	2758	G	G	222	2	0.89%	2	1	93	93	0.24944071588395061	1	1	113	109	2	0	A
C1_BC25_191109_LF_LIB_consensus_vsearch	2759	C	C	217	5	2.22%	2	1	93	93	0.03054698177238809	1	1	113	104	0	5	-T
C1_BC25_191109_LF_LIB_consensus_vsearch	2760	T	T	215	2	0.91%	2	2	93	93	0.2494226327944578	1	1	114	101	1	1	-C
C1_BC25_191109_LF_LIB_consensus_vsearch	2761	C	*/-T	173	35	15.77%	2	2	93	93	6.104994142658113E-12	1	1	110	63	2	33	-T
C1_BC25_191109_LF_LIB_consensus_vsearch	2762	T	T	179	1	0.55%	2	1	93	93	0.5000000000001412	1	1	111	68	0	1	+C
C1_BC25_191109_LF_LIB_consensus_vsearch	2763	T	T	217	0	0%	2	0	93	0	1.0	1	0	115	102	0	0	
C1_BC25_191109_LF_LIB_consensus_vsearch	2764	T	T	212	4	1.79%	2	2	93	93	0.061630944461591126	1	1	109	103	2	2	-G
C1_BC25_191109_LF_LIB_consensus_vsearch	2765	G	G	214	2	0.92%	2	2	93	93	0.24941995359642635	1	1	111	103	1	1	A
C1_BC25_191109_LF_LIB_consensus_vsearch	2766	G	S	205	9	4.05%	2	1	93	93	0.0017924949478988227	1	1	111	94	0	9	C
C1_BC25_191109_LF_LIB_consensus_vsearch	2767	G	G	217	3	1.34%	2	2	93	93	0.12414578587710072	1	1	112	105	1	2	A
C1_BC25_191109_LF_LIB_consensus_vsearch	2768	T	T	211	4	1.8%	2	2	93	93	0.06162689769249	1	1	110	101	2	2	C
C1_BC25_191109_LF_LIB_consensus_vsearch	2769	G	*/-TG	199	17	7.59%	2	2	93	93	5.499221151421095E-6	1	1	109	90	1	16	-TG
C1_BC25_191109_LF_LIB_consensus_vsearch	2770	T	T	194	6	2.9%	2	2	93	93	0.015042029075490227	1	1	110	84	2	4	-G
C1_BC25_191109_LF_LIB_consensus_vsearch	2771	G	G	188	4	2%	2	2	93	93	0.061522172652713904	1	1	108	80	1	3	+TG
C1_BC25_191109_LF_LIB_consensus_vsearch	2772	C	*/-T	181	12	5.48%	2	2	93	93	2.0468701793138264E-4	1	1	97	84	6	6	-T
C1_BC25_191109_LF_LIB_consensus_vsearch	2773	T	T	197	2	0.99%	2	1	93	93	0.2493702770781863	1	1	99	98	0	2	+C
C1_BC25_191109_LF_LIB_consensus_vsearch	2774	T	T	212	1	0.47%	2	1	93	93	0.5000000000001412	1	1	105	107	0	1	+G
C1_BC25_191109_LF_LIB_consensus_vsearch	2775	T	T	207	4	1.79%	2	2	93	93	0.06161032658914256	1	1	105	102	3	1	+A
C1_BC25_191109_LF_LIB_consensus_vsearch	2776	A	A	220	2	0.9%	2	1	93	93	0.2494356659142869	1	1	112	108	2	0	G
C1_BC25_191109_LF_LIB_consensus_vsearch	2777	G	G	216	3	1.33%	2	1	93	93	0.12414187643025615	1	1	109	107	3	0	T
C1_BC25_191109_LF_LIB_consensus_vsearch	2778	T	T	215	3	1.35%	2	2	93	93	0.12413793103441495	1	1	111	104	2	1	C
C1_BC25_191109_LF_LIB_consensus_vsearch	2779	G	G	214	5	2.26%	2	1	93	93	0.030537362897492103	1	1	107	107	5	0	A
C1_BC25_191109_LF_LIB_consensus_vsearch	2780	C	C	214	4	1.79%	2	1	93	93	0.061638926495252586	1	1	109	105	4	0	+TT
C1_BC25_191109_LF_LIB_consensus_vsearch	2781	T	T	215	6	2.68%	2	2	93	93	0.01509716650743782	1	1	113	102	1	5	C
C1_BC25_191109_LF_LIB_consensus_vsearch	2782	A	*/-C	206	8	3.57%	2	2	93	93	0.0036546013500883302	1	1	108	98	1	7	-C
C1_BC25_191109_LF_LIB_consensus_vsearch	2783	C	C	208	3	1.39%	2	1	93	93	0.12410926365791558	1	1	111	97	0	3	+T
C1_BC25_191109_LF_LIB_consensus_vsearch	2784	C	*/+G	213	8	3.56%	2	1	93	93	0.0036624519192641563	1	1	107	106	8	0	+G
C1_BC25_191109_LF_LIB_consensus_vsearch	2785	C	*/-T	203	13	5.78%	2	2	93	93	1.0135552209744578E-4	1	1	107	96	3	10	-T
C1_BC25_191109_LF_LIB_consensus_vsearch	2786	T	T	197	6	2.88%	2	1	93	93	0.015050600683290578	1	1	99	98	6	0	A
C1_BC25_191109_LF_LIB_consensus_vsearch	2787	T	*/-G	180	24	10.86%	2	2	93	93	2.9063178163050538E-8	1	1	94	86	1	23	-G
C1_BC25_191109_LF_LIB_consensus_vsearch	2788	G	G	196	4	2%	2	1	93	93	0.06156133406567343	1	1	114	82	0	4	T
C1_BC25_191109_LF_LIB_consensus_vsearch	2789	G	*/-A	212	8	3.57%	2	1	93	93	0.003661360523321731	1	1	103	109	8	0	-A
C1_BC25_191109_LF_LIB_consensus_vsearch	2790	A	R	193	15	6.98%	2	1	93	93	2.349357883668848E-5	1	1	85	108	15	0	G
C1_BC25_191109_LF_LIB_consensus_vsearch	2791	G	G	207	4	1.83%	2	1	93	93	0.06161032658914256	1	1	100	107	4	0	A
C1_BC25_191109_LF_LIB_consensus_vsearch	2792	A	R	193	17	7.69%	2	1	93	93	5.4459068540119155E-6	1	1	86	107	17	0	G
C1_BC25_191109_LF_LIB_consensus_vsearch	2793	C	C	208	5	2.23%	2	2	93	93	0.03051731330830772	1	1	108	100	3	2	-G
C1_BC25_191109_LF_LIB_consensus_vsearch	2794	G	R	175	40	18.26%	2	2	93	93	1.229814589843268E-13	1	1	70	105	39	1	A
C1_BC25_191109_LF_LIB_consensus_vsearch	2795	G	*/-C	188	15	6.7%	2	1	93	93	2.3337062839874777E-5	1	1	83	105	15	0	-C
C1_BC25_191109_LF_LIB_consensus_vsearch	2796	C	*/+T	193	10	4.78%	2	1	93	93	8.717782032788638E-4	1	1	98	95	0	10	+T
C1_BC25_191109_LF_LIB_consensus_vsearch	2797	C	C	217	4	1.79%	2	2	93	93	0.0616506283607095	1	1	112	105	1	3	T
C1_BC25_191109_LF_LIB_consensus_vsearch	2798	C	C	212	5	2.22%	2	2	93	93	0.030530802741347875	1	1	113	99	1	4	T
C1_BC25_191109_LF_LIB_consensus_vsearch	2799	G	G	221	0	0%	2	0	93	0	1.0	1	0	115	106	0	0	
C1_BC25_191109_LF_LIB_consensus_vsearch	2800	C	C	221	2	0.89%	2	1	93	93	0.24943820224728358	1	1	112	109	2	0	-G
C1_BC25_191109_LF_LIB_consensus_vsearch	2801	G	*/-CG	213	7	3.14%	2	2	93	93	0.007443047448823043	1	1	108	105	3	4	-CG
C1_BC25_191109_LF_LIB_consensus_vsearch	2802	C	*/-G	196	12	5.53%	2	1	93	93	2.0738112718811548E-4	1	1	109	87	0	12	-G
C1_BC25_191109_LF_LIB_consensus_vsearch	2803	G	G	191	6	2.97%	2	1	93	93	0.015033197793180197	1	1	101	90	6	0	A
C1_BC25_191109_LF_LIB_consensus_vsearch	2804	G	*/+A	207	11	4.98%	2	1	93	93	4.2906952287648286E-4	1	1	102	105	11	0	+A
C1_BC25_191109_LF_LIB_consensus_vsearch	2805	G	G	218	2	0.89%	2	1	93	93	0.24943052391823226	1	1	110	108	2	0	-T
C1_BC25_191109_LF_LIB_consensus_vsearch	2806	T	T	214	6	2.7%	2	2	93	93	0.015094778470947015	1	1	109	105	2	4	C
C1_BC25_191109_LF_LIB_consensus_vsearch	2807	T	T	213	6	2.67%	2	2	93	93	0.0150923687299321	1	1	108	105	5	1	C
C1_BC25_191109_LF_LIB_consensus_vsearch	2808	G	G	222	2	0.89%	2	1	93	93	0.24944071588395061	1	1	112	110	2	0	-A
C1_BC25_191109_LF_LIB_consensus_vsearch	2809	A	A	222	1	0.45%	2	1	93	93	0.4999999999999138	1	1	113	109	0	1	G
C1_BC25_191109_LF_LIB_consensus_vsearch	2810	T	T	218	2	0.89%	2	1	93	93	0.24943052391823226	1	1	112	106	0	2	C
C1_BC25_191109_LF_LIB_consensus_vsearch	2811	G	G	222	1	0.45%	2	1	93	93	0.4999999999999138	1	1	112	110	1	0	-TTG
C1_BC25_191109_LF_LIB_consensus_vsearch	2812	T	T	219	3	1.35%	2	2	93	93	0.12415349887135622	1	1	112	107	1	2	C
C1_BC25_191109_LF_LIB_consensus_vsearch	2813	T	*/+G	201	9	4.02%	2	2	93	93	0.0017895062981052791	1	1	103	98	4	5	+G
C1_BC25_191109_LF_LIB_consensus_vsearch	2814	G	R	207	7	3.24%	2	2	93	93	0.007432788253078562	1	1	104	103	6	1	A
C1_BC25_191109_LF_LIB_consensus_vsearch	2815	G	R	208	13	5.86%	2	2	93	93	1.0179544238135389E-4	1	1	103	105	10	3	A
C1_BC25_191109_LF_LIB_consensus_vsearch	2816	G	G	218	4	1.78%	2	1	93	93	0.061654458623218986	1	1	113	105	0	4	A
C1_BC25_191109_LF_LIB_consensus_vsearch	2817	G	G	220	1	0.44%	2	1	93	93	0.4999999999999138	1	1	113	107	0	1	+CA
C1_BC25_191109_LF_LIB_consensus_vsearch	2818	T	T	216	3	1.34%	2	2	93	93	0.12414187643025615	1	1	111	105	1	2	C
C1_BC25_191109_LF_LIB_consensus_vsearch	2819	G	G	221	1	0.45%	2	1	93	93	0.4999999999999138	1	1	112	109	1	0	-A
C1_BC25_191109_LF_LIB_consensus_vsearch	2820	A	A	222	1	0.45%	2	1	93	93	0.4999999999999138	1	1	112	110	1	0	+T
C1_BC25_191109_LF_LIB_consensus_vsearch	2821	T	T	221	2	0.89%	2	2	93	93	0.24943820224728358	1	1	113	108	1	1	-A
C1_BC25_191109_LF_LIB_consensus_vsearch	2822	A	A	211	6	2.69%	2	1	93	93	0.015087482939793164	1	1	108	103	0	6	+G
C1_BC25_191109_LF_LIB_consensus_vsearch	2823	G	G	220	1	0.45%	2	1	93	93	0.4999999999999138	1	1	111	109	1	0	+A
C1_BC25_191109_LF_LIB_consensus_vsearch	2824	A	A	218	4	1.79%	2	1	93	93	0.061654458623218986	1	1	110	108	4	0	G
C1_BC25_191109_LF_LIB_consensus_vsearch	2825	C	C	217	2	0.9%	2	1	93	93	0.24942791762028085	1	1	111	106	2	0	+A
C1_BC25_191109_LF_LIB_consensus_vsearch	2826	G	G	221	1	0.45%	2	1	93	93	0.4999999999999138	1	1	112	109	1	0	A
C1_BC25_191109_LF_LIB_consensus_vsearch	2827	C	*/-GC	206	16	7.14%	2	2	93	93	1.1531106955580906E-5	1	1	106	100	8	8	-GC
C1_BC25_191109_LF_LIB_consensus_vsearch	2828	G	G	205	2	0.96%	2	2	93	93	0.24939467312372118	1	1	104	101	1	1	-C
C1_BC25_191109_LF_LIB_consensus_vsearch	2829	C	C	206	1	0.48%	2	1	93	93	0.5000000000001412	1	1	106	100	0	1	T
C1_BC25_191109_LF_LIB_consensus_vsearch	2830	C	C	219	3	1.33%	2	2	93	93	0.12415349887135622	1	1	112	107	2	1	T
C1_BC25_191109_LF_LIB_consensus_vsearch	2831	G	G	220	2	0.9%	2	1	93	93	0.2494356659142869	1	1	112	108	2	0	-T
C1_BC25_191109_LF_LIB_consensus_vsearch	2832	T	T	221	1	0.45%	2	1	93	93	0.4999999999999138	1	1	113	108	0	1	C
C1_BC25_191109_LF_LIB_consensus_vsearch	2833	T	*/-G	200	16	7.14%	2	2	93	93	1.1438379994950568E-5	1	1	106	94	3	13	-G
C1_BC25_191109_LF_LIB_consensus_vsearch	2834	G	G	204	1	0.49%	2	1	93	93	0.5000000000001412	1	1	110	94	1	0	+TG
C1_BC25_191109_LF_LIB_consensus_vsearch	2835	G	*/+A	197	7	3.15%	2	1	93	93	0.007414362253072604	1	1	97	100	7	0	+A
C1_BC25_191109_LF_LIB_consensus_vsearch	2836	A	A	201	5	2.4%	2	2	93	93	0.03049244790271922	1	1	100	101	3	2	G
C1_BC25_191109_LF_LIB_consensus_vsearch	2837	A	A	199	6	2.79%	2	1	93	93	0.015056176425366772	1	1	104	95	0	6	-T
C1_BC25_191109_LF_LIB_consensus_vsearch	2838	T	T	200	6	2.87%	2	1	93	93	0.01505892390281567	1	1	106	94	6	0	G
C1_BC25_191109_LF_LIB_consensus_vsearch	2839	T	-C/-C	21	175	80.28%	2	2	93	93	2.0622904690634987E-88	1	1	13	8	94	81	-C
C1_BC25_191109_LF_LIB_consensus_vsearch	2840	C	C	23	5	17.24%	2	1	93	93	0.025728987993138473	1	1	12	11	5	0	T
C1_BC25_191109_LF_LIB_consensus_vsearch	2841	C	Y	192	8	3.88%	2	1	93	93	0.0036372796311357324	1	1	112	80	0	8	T
C1_BC25_191109_LF_LIB_consensus_vsearch	2842	G	G	207	6	2.78%	2	1	93	93	0.015077437453979417	1	1	105	102	6	0	A
C1_BC25_191109_LF_LIB_consensus_vsearch	2843	G	G	219	1	0.45%	2	1	93	93	0.4999999999999138	1	1	113	106	0	1	A
C1_BC25_191109_LF_LIB_consensus_vsearch	2844	C	C	217	2	0.89%	2	2	93	93	0.24942791762028085	1	1	110	107	1	1	+T
C1_BC25_191109_LF_LIB_consensus_vsearch	2845	T	T	216	3	1.36%	2	2	93	93	0.12414187643025615	1	1	109	107	2	1	C
C1_BC25_191109_LF_LIB_consensus_vsearch	2846	G	G	214	3	1.35%	2	1	93	93	0.12413394919162732	1	1	111	103	0	3	+C
C1_BC25_191109_LF_LIB_consensus_vsearch	2847	C	C	217	1	0.45%	2	1	93	93	0.4999999999999138	1	1	109	108	1	0	+A
C1_BC25_191109_LF_LIB_consensus_vsearch	2848	C	*/-T	216	7	3.11%	2	2	93	93	0.007447971960236055	1	1	113	103	1	6	-T
C1_BC25_191109_LF_LIB_consensus_vsearch	2849	T	+C/+C	36	168	77.78%	2	2	93	93	3.1600152972268617E-79	1	1	17	19	94	74	+C
C1_BC25_191109_LF_LIB_consensus_vsearch	2850	C	C	211	2	0.92%	2	2	93	93	0.24941176470603904	1	1	111	100	1	1	+G
C1_BC25_191109_LF_LIB_consensus_vsearch	2851	G	S	194	19	8.64%	2	1	93	93	1.2534988212656054E-6	1	1	111	83	0	19	C
C1_BC25_191109_LF_LIB_consensus_vsearch	2852	G	G	218	3	1.34%	2	1	93	93	0.12414965986396012	1	1	111	107	3	0	+A
C1_BC25_191109_LF_LIB_consensus_vsearch	2853	G	G	224	0	0%	2	0	93	0	1.0	1	0	115	109	0	0	
C1_BC25_191109_LF_LIB_consensus_vsearch	2854	C	*/+G	213	8	3.56%	2	1	93	93	0.0036624519192641563	1	1	107	106	8	0	+G
C1_BC25_191109_LF_LIB_consensus_vsearch	2855	A	A	211	6	2.69%	2	1	93	93	0.015087482939793164	1	1	104	107	6	0	-G
C1_BC25_191109_LF_LIB_consensus_vsearch	2856	G	G	211	3	1.38%	2	2	93	93	0.12412177985949331	1	1	105	106	1	2	-T
C1_BC25_191109_LF_LIB_consensus_vsearch	2857	T	Y	209	7	3.18%	2	2	93	93	0.007436270701269745	1	1	110	99	1	6	C
C1_BC25_191109_LF_LIB_consensus_vsearch	2858	G	G	209	3	1.35%	2	1	93	93	0.12411347517731831	1	1	107	102	0	3	+CG
C1_BC25_191109_LF_LIB_consensus_vsearch	2859	T	Y	204	14	6.39%	2	1	93	93	4.920666598282105E-5	1	1	112	92	0	14	C
C1_BC25_191109_LF_LIB_consensus_vsearch	2860	T	*/+G	203	7	3.15%	2	1	93	93	0.007425626339083171	1	1	100	103	7	0	+G
C1_BC25_191109_LF_LIB_consensus_vsearch	2861	G	*/+CC	193	7	3.18%	2	1	93	93	0.007406481321433913	1	1	91	102	7	0	+CC
C1_BC25_191109_LF_LIB_consensus_vsearch	2862	T	Y	185	26	12.26%	2	2	93	93	6.561390566155701E-9	1	1	83	102	22	4	C
C1_BC25_191109_LF_LIB_consensus_vsearch	2863	A	A	207	5	2.29%	2	2	93	93	0.030513861513988962	1	1	103	104	3	2	G
C1_BC25_191109_LF_LIB_consensus_vsearch	2864	G	R	195	15	6.91%	2	2	93	93	2.3554302919744083E-5	1	1	92	103	14	1	A
C1_BC25_191109_LF_LIB_consensus_vsearch	2865	C	C	211	2	0.92%	2	1	93	93	0.24941176470603904	1	1	108	103	2	0	+AA
C1_BC25_191109_LF_LIB_consensus_vsearch	2866	C	*/-T	201	15	6.7%	2	2	93	93	2.373037043728608E-5	1	1	109	92	3	12	-T
C1_BC25_191109_LF_LIB_consensus_vsearch	2867	T	T	202	2	0.97%	2	1	93	93	0.24938574938581254	1	1	108	94	2	0	C
C1_BC25_191109_LF_LIB_consensus_vsearch	2868	T	T	214	3	1.35%	2	1	93	93	0.12413394919162732	1	1	108	106	3	0	-C
C1_BC25_191109_LF_LIB_consensus_vsearch	2869	C	C	216	1	0.45%	2	1	93	93	0.4999999999999138	1	1	108	108	1	0	+A
C1_BC25_191109_LF_LIB_consensus_vsearch	2870	G	R	210	7	3.12%	2	2	93	93	0.007437988084800957	1	1	103	107	6	1	A
C1_BC25_191109_LF_LIB_consensus_vsearch	2871	G	K	207	7	3.12%	2	1	93	93	0.007432788253078562	1	1	100	107	7	0	T
C1_BC25_191109_LF_LIB_consensus_vsearch	2872	T	Y	208	15	6.73%	2	2	93	93	2.392491102102212E-5	1	1	113	95	1	14	C
C1_BC25_191109_LF_LIB_consensus_vsearch	2873	T	T	216	4	1.79%	2	1	93	93	0.061646763238677425	1	1	114	102	0	4	C
C1_BC25_191109_LF_LIB_consensus_vsearch	2874	G	G	219	3	1.33%	2	1	93	93	0.12415349887135622	1	1	110	109	3	0	A
C1_BC25_191109_LF_LIB_consensus_vsearch	2875	C	C	219	4	1.79%	2	1	93	93	0.06165825449566743	1	1	114	105	0	4	T
C1_BC25_191109_LF_LIB_consensus_vsearch	2876	T	T	216	3	1.35%	2	1	93	93	0.12414187643025615	1	1	110	106	3	0	A
C1_BC25_191109_LF_LIB_consensus_vsearch	2877	G	G	220	2	0.9%	2	1	93	93	0.2494356659142869	1	1	112	108	2	0	-A
C1_BC25_191109_LF_LIB_consensus_vsearch	2878	A	A	220	2	0.9%	2	1	93	93	0.2494356659142869	1	1	113	107	0	2	G
C1_BC25_191109_LF_LIB_consensus_vsearch	2879	T	T	218	6	2.67%	2	2	93	93	0.015104203282490625	1	1	110	108	5	1	-C
C1_BC25_191109_LF_LIB_consensus_vsearch	2880	C	C	217	2	0.91%	2	1	93	93	0.24942791762028085	1	1	108	109	2	0	+A
C1_BC25_191109_LF_LIB_consensus_vsearch	2881	C	C	222	2	0.89%	2	1	93	93	0.24944071588395061	1	1	114	108	0	2	-T
C1_BC25_191109_LF_LIB_consensus_vsearch	2882	T	T	214	4	1.79%	2	2	93	93	0.061638926495252586	1	1	107	107	3	1	-CCT
C1_BC25_191109_LF_LIB_consensus_vsearch	2883	C	C	216	2	0.91%	2	1	93	93	0.249425287356441	1	1	108	108	2	0	+A
C1_BC25_191109_LF_LIB_consensus_vsearch	2884	C	C	215	3	1.36%	2	2	93	93	0.12413793103441495	1	1	110	105	1	2	-T
C1_BC25_191109_LF_LIB_consensus_vsearch	2885	T	Y	200	11	5.09%	2	2	93	93	4.27186182801716E-4	1	1	107	93	1	10	C
C1_BC25_191109_LF_LIB_consensus_vsearch	2886	G	G	214	5	2.25%	2	2	93	93	0.030537362897492103	1	1	108	106	2	3	A
C1_BC25_191109_LF_LIB_consensus_vsearch	2887	C	C	216	4	1.78%	2	1	93	93	0.061646763238677425	1	1	113	103	0	4	T
C1_BC25_191109_LF_LIB_consensus_vsearch	2888	G	G	221	2	0.89%	2	1	93	93	0.24943820224728358	1	1	113	108	0	2	+TG
C1_BC25_191109_LF_LIB_consensus_vsearch	2889	A	A	219	4	1.79%	2	2	93	93	0.06165825449566743	1	1	112	107	1	3	-C
C1_BC25_191109_LF_LIB_consensus_vsearch	2890	C	C	218	1	0.45%	2	1	93	93	0.5000000000003686	1	1	113	105	1	0	+G
C1_BC25_191109_LF_LIB_consensus_vsearch	2891	C	*/+T	210	8	3.56%	2	2	93	93	0.0036591481612605	1	1	113	97	1	7	+T
C1_BC25_191109_LF_LIB_consensus_vsearch	2892	T	T	219	1	0.45%	2	1	93	93	0.4999999999999138	1	1	114	105	0	1	A
C1_BC25_191109_LF_LIB_consensus_vsearch	2893	T	T	220	2	0.89%	2	1	93	93	0.2494356659142869	1	1	113	107	0	2	-G
C1_BC25_191109_LF_LIB_consensus_vsearch	2894	G	G	219	1	0.45%	2	1	93	93	0.4999999999999138	1	1	112	107	1	0	-T
C1_BC25_191109_LF_LIB_consensus_vsearch	2895	T	T	217	3	1.34%	2	2	93	93	0.12414578587710072	1	1	110	107	1	2	C
C1_BC25_191109_LF_LIB_consensus_vsearch	2896	G	*/-TG	207	11	4.91%	2	2	93	93	4.2906952287648286E-4	1	1	105	102	5	6	-TG
C1_BC25_191109_LF_LIB_consensus_vsearch	2897	T	T	207	2	0.95%	2	2	93	93	0.24940047961641743	1	1	105	102	1	1	C
C1_BC25_191109_LF_LIB_consensus_vsearch	2898	G	G	203	3	1.4%	2	1	93	93	0.12408759124090059	1	1	101	102	3	0	-A
C1_BC25_191109_LF_LIB_consensus_vsearch	2899	A	A	215	1	0.46%	2	1	93	93	0.4999999999999138	1	1	105	110	1	0	+C
C1_BC25_191109_LF_LIB_consensus_vsearch	2900	T	T	218	3	1.36%	2	1	93	93	0.12414965986396012	1	1	108	110	3	0	G
C1_BC25_191109_LF_LIB_consensus_vsearch	2901	T	T	221	1	0.45%	2	1	93	93	0.4999999999999138	1	1	113	108	0	1	+G
C1_BC25_191109_LF_LIB_consensus_vsearch	2902	G	G	217	3	1.35%	2	1	93	93	0.12414578587710072	1	1	110	107	0	3	-C
C1_BC25_191109_LF_LIB_consensus_vsearch	2903	C	C	207	6	2.71%	2	2	93	93	0.015077437453979417	1	1	110	97	2	4	-G
C1_BC25_191109_LF_LIB_consensus_vsearch	2904	G	R	189	26	11.98%	2	2	93	93	6.668843736282787E-9	1	1	87	102	25	1	A
C1_BC25_191109_LF_LIB_consensus_vsearch	2905	G	G	219	4	1.79%	2	1	93	93	0.06165825449566743	1	1	110	109	4	0	+A
C1_BC25_191109_LF_LIB_consensus_vsearch	2906	G	G	223	1	0.44%	2	1	93	93	0.5000000000003686	1	1	115	108	0	1	+A
C1_BC25_191109_LF_LIB_consensus_vsearch	2907	T	T	224	1	0.44%	2	1	93	93	0.4999999999999138	1	1	114	110	1	0	C
C1_BC25_191109_LF_LIB_consensus_vsearch	2908	C	C	222	2	0.89%	2	1	93	93	0.24944071588395061	1	1	114	108	0	2	-T
C1_BC25_191109_LF_LIB_consensus_vsearch	2909	T	T	220	2	0.9%	2	1	93	93	0.2494356659142869	1	1	114	106	0	2	C
C1_BC25_191109_LF_LIB_consensus_vsearch	2910	T	*/-G	213	7	3.11%	2	1	93	93	0.007443047448823043	1	1	112	101	0	7	-G
C1_BC25_191109_LF_LIB_consensus_vsearch	2911	G	G	214	2	0.92%	2	1	93	93	0.24941995359642635	1	1	112	102	2	0	+C
C1_BC25_191109_LF_LIB_consensus_vsearch	2912	T	W	213	8	3.59%	2	2	93	93	0.0036624519192641563	1	1	112	101	1	7	A
C1_BC25_191109_LF_LIB_consensus_vsearch	2913	G	G	221	1	0.45%	2	1	93	93	0.4999999999999138	1	1	113	108	1	0	-A
C1_BC25_191109_LF_LIB_consensus_vsearch	2914	A	A	219	2	0.9%	2	2	93	93	0.24943310657599216	1	1	110	109	1	1	-C
C1_BC25_191109_LF_LIB_consensus_vsearch	2915	C	C	220	2	0.9%	2	1	93	93	0.2494356659142869	1	1	114	106	0	2	T
C1_BC25_191109_LF_LIB_consensus_vsearch	2916	C	Y	210	10	4.44%	2	1	93	93	8.796295164637225E-4	1	1	111	99	0	10	T
C1_BC25_191109_LF_LIB_consensus_vsearch	2917	G	G	219	2	0.89%	2	1	93	93	0.24943310657599216	1	1	110	109	2	0	A
C1_BC25_191109_LF_LIB_consensus_vsearch	2918	T	T	220	3	1.34%	2	1	93	93	0.12415730337075404	1	1	113	107	0	3	C
C1_BC25_191109_LF_LIB_consensus_vsearch	2919	T	T	220	2	0.89%	2	1	93	93	0.2494356659142869	1	1	113	107	0	2	C
C1_BC25_191109_LF_LIB_consensus_vsearch	2920	A	A	217	4	1.79%	2	2	93	93	0.0616506283607095	1	1	110	107	2	2	G
C1_BC25_191109_LF_LIB_consensus_vsearch	2921	G	G	217	5	2.24%	2	1	93	93	0.03054698177238809	1	1	108	109	5	0	-C
C1_BC25_191109_LF_LIB_consensus_vsearch	2922	C	C	214	3	1.37%	2	2	93	93	0.12413394919162732	1	1	106	108	2	1	T
C1_BC25_191109_LF_LIB_consensus_vsearch	2923	C	C	218	2	0.89%	2	1	93	93	0.24943052391823226	1	1	113	105	0	2	-GCC
C1_BC25_191109_LF_LIB_consensus_vsearch	2924	G	*/-C	207	7	3.17%	2	1	93	93	0.007432788253078562	1	1	102	105	7	0	-C
C1_BC25_191109_LF_LIB_consensus_vsearch	2925	C	C	210	2	0.93%	2	1	93	93	0.24940898345148782	1	1	107	103	0	2	+T
C1_BC25_191109_LF_LIB_consensus_vsearch	2926	C	C	221	1	0.45%	2	1	93	93	0.4999999999999138	1	1	115	106	0	1	T
C1_BC25_191109_LF_LIB_consensus_vsearch	2927	C	C	218	5	2.23%	2	2	93	93	0.030550130621104243	1	1	113	105	1	4	T
C1_BC25_191109_LF_LIB_consensus_vsearch	2928	G	G	220	3	1.34%	2	1	93	93	0.12415730337075404	1	1	112	108	3	0	A
C1_BC25_191109_LF_LIB_consensus_vsearch	2929	T	T	222	2	0.89%	2	1	93	93	0.24944071588395061	1	1	115	107	0	2	C
C1_BC25_191109_LF_LIB_consensus_vsearch	2930	C	C	218	5	2.23%	2	1	93	93	0.030550130621104243	1	1	114	104	0	5	-T
C1_BC25_191109_LF_LIB_consensus_vsearch	2931	T	T	216	1	0.46%	2	1	93	93	0.4999999999999138	1	1	113	103	0	1	+GGAAA
C1_BC25_191109_LF_LIB_consensus_vsearch	2932	T	T	212	5	2.23%	2	2	93	93	0.030530802741347875	1	1	111	101	2	3	+G
C1_BC25_191109_LF_LIB_consensus_vsearch	2933	G	*/+A	201	7	3.17%	2	2	93	93	0.007421943123229272	1	1	107	94	2	5	+A
C1_BC25_191109_LF_LIB_consensus_vsearch	2934	A	A	213	1	0.47%	2	1	93	93	0.4999999999999138	1	1	108	105	1	0	G
C1_BC25_191109_LF_LIB_consensus_vsearch	2935	A	A	216	1	0.45%	2	1	93	93	0.4999999999999138	1	1	107	109	0	1	+C
C1_BC25_191109_LF_LIB_consensus_vsearch	2936	A	A	216	6	2.68%	2	1	93	93	0.015099533131216845	1	1	107	109	6	0	G
C1_BC25_191109_LF_LIB_consensus_vsearch	2937	C	C	223	0	0%	2	0	93	0	1.0	1	0	114	109	0	0	
C1_BC25_191109_LF_LIB_consensus_vsearch	2938	A	A	218	6	2.67%	2	2	93	93	0.015104203282490625	1	1	111	107	4	2	G
C1_BC25_191109_LF_LIB_consensus_vsearch	2939	C	C	216	5	2.23%	2	2	93	93	0.030543804461782422	1	1	112	104	1	4	-G
C1_BC25_191109_LF_LIB_consensus_vsearch	2940	G	G	216	2	0.91%	2	1	93	93	0.249425287356441	1	1	111	105	2	0	+A
C1_BC25_191109_LF_LIB_consensus_vsearch	2941	G	G	224	1	0.44%	2	1	93	93	0.4999999999999138	1	1	114	110	1	0	C
C1_BC25_191109_LF_LIB_consensus_vsearch	2942	A	*/-C	210	12	5.33%	2	1	93	93	2.0958418294317403E-4	1	1	102	108	12	0	-C
C1_BC25_191109_LF_LIB_consensus_vsearch	2943	C	C	210	2	0.94%	2	2	93	93	0.24940898345148782	1	1	102	108	1	1	T
C1_BC25_191109_LF_LIB_consensus_vsearch	2944	C	*/-A	196	16	7.11%	2	2	93	93	1.137397674554477E-5	1	1	95	101	14	2	-A
C1_BC25_191109_LF_LIB_consensus_vsearch	2945	A	A	201	2	0.97%	2	1	93	93	0.2493827160493913	1	1	98	103	0	2	G
C1_BC25_191109_LF_LIB_consensus_vsearch	2946	A	*/-G	200	8	3.6%	2	2	93	93	0.003647458600901869	1	1	97	103	5	3	-G
C1_BC25_191109_LF_LIB_consensus_vsearch	2947	G	G	195	3	1.46%	2	1	93	93	0.12405063291138052	1	1	94	101	0	3	+C
C1_BC25_191109_LF_LIB_consensus_vsearch	2948	G	*/-AG	187	10	4.65%	2	1	93	93	8.686948931293806E-4	1	1	78	109	10	0	-AG
C1_BC25_191109_LF_LIB_consensus_vsearch	2949	A	A	198	1	0.5%	2	1	93	93	0.5000000000001412	1	1	90	108	1	0	+G
C1_BC25_191109_LF_LIB_consensus_vsearch	2950	G	K	193	9	4.23%	2	1	93	93	0.0017831826885241658	1	1	92	101	9	0	T
C1_BC25_191109_LF_LIB_consensus_vsearch	2951	T	T	213	2	0.93%	2	1	93	93	0.249417249417318	1	1	111	102	2	0	-G
C1_BC25_191109_LF_LIB_consensus_vsearch	2952	G	G	218	3	1.35%	2	1	93	93	0.12414965986396012	1	1	109	109	3	0	A
C1_BC25_191109_LF_LIB_consensus_vsearch	2953	C	C	213	3	1.34%	2	1	93	93	0.12412993039444345	1	1	106	107	3	0	+T
C1_BC25_191109_LF_LIB_consensus_vsearch	2954	A	*/-C	207	10	4.5%	2	2	93	93	8.783305527122537E-4	1	1	105	102	4	6	-C
C1_BC25_191109_LF_LIB_consensus_vsearch	2955	C	C	204	2	0.94%	2	1	93	93	0.2493917274938698	1	1	104	100	2	0	+AC
C1_BC25_191109_LF_LIB_consensus_vsearch	2956	C	*/-T	198	18	8.04%	2	2	93	93	2.63697592562017E-6	1	1	111	87	2	16	-T
C1_BC25_191109_LF_LIB_consensus_vsearch	2957	T	T	198	3	1.47%	2	1	93	93	0.12406483790525294	1	1	110	88	0	3	+G
C1_BC25_191109_LF_LIB_consensus_vsearch	2958	T	T	214	3	1.35%	2	2	93	93	0.12413394919162732	1	1	112	102	2	1	C
C1_BC25_191109_LF_LIB_consensus_vsearch	2959	G	G	217	2	0.9%	2	1	93	93	0.24942791762028085	1	1	111	106	2	0	+C
C1_BC25_191109_LF_LIB_consensus_vsearch	2960	C	C	211	6	2.68%	2	2	93	93	0.015087482939793164	1	1	111	100	1	5	T
C1_BC25_191109_LF_LIB_consensus_vsearch	2961	A	A	212	5	2.26%	2	2	93	93	0.030530802741347875	1	1	107	105	3	2	G
C1_BC25_191109_LF_LIB_consensus_vsearch	2962	T	T	217	2	0.9%	2	1	93	93	0.24942791762028085	1	1	113	104	0	2	C
C1_BC25_191109_LF_LIB_consensus_vsearch	2963	G	G	214	5	2.24%	2	2	93	93	0.030537362897492103	1	1	109	105	1	4	-CG
C1_BC25_191109_LF_LIB_consensus_vsearch	2964	C	*/-G	200	7	3.2%	2	1	93	93	0.007420075094973923	1	1	98	102	7	0	-G
C1_BC25_191109_LF_LIB_consensus_vsearch	2965	G	G	204	3	1.42%	2	1	93	93	0.12409200968526074	1	1	100	104	3	0	+A
C1_BC25_191109_LF_LIB_consensus_vsearch	2966	A	A	217	5	2.25%	2	2	93	93	0.03054698177238809	1	1	108	109	4	1	G
C1_BC25_191109_LF_LIB_consensus_vsearch	2967	G	G	223	2	0.89%	2	2	93	93	0.24944320712692292	1	1	114	109	1	1	+AG
C1_BC25_191109_LF_LIB_consensus_vsearch	2968	T	T	222	2	0.89%	2	1	93	93	0.24944071588395061	1	1	113	109	2	0	-C
C1_BC25_191109_LF_LIB_consensus_vsearch	2969	C	C	216	3	1.35%	2	1	93	93	0.12414187643025615	1	1	108	108	3	0	+A
C1_BC25_191109_LF_LIB_consensus_vsearch	2970	G	G	217	2	0.9%	2	1	93	93	0.24942791762028085	1	1	109	108	2	0	-A
C1_BC25_191109_LF_LIB_consensus_vsearch	2971	A	A	215	2	0.91%	2	1	93	93	0.2494226327944578	1	1	108	107	2	0	+G
C1_BC25_191109_LF_LIB_consensus_vsearch	2972	A	*/-G	151	67	30.18%	2	2	93	93	1.6522184882543974E-23	1	1	78	73	32	35	-G
C1_BC25_191109_LF_LIB_consensus_vsearch	2973	G	G	149	3	1.94%	2	1	93	93	0.12376237623759088	1	1	77	72	3	0	+A
C1_BC25_191109_LF_LIB_consensus_vsearch	2974	G	G	219	3	1.35%	2	1	93	93	0.12415349887135622	1	1	110	109	3	0	A
C1_BC25_191109_LF_LIB_consensus_vsearch	2975	G	*/-AAT	187	22	9.82%	2	1	93	93	1.3310594381924066E-7	1	1	77	110	22	0	-AAT
C1_BC25_191109_LF_LIB_consensus_vsearch	2976	A	A	189	0	0%	2	0	93	0	1.0	1	0	79	110	0	0	
C1_BC25_191109_LF_LIB_consensus_vsearch	2977	A	A	195	1	0.51%	2	1	93	93	0.5000000000001412	1	1	86	109	0	1	G
C1_BC25_191109_LF_LIB_consensus_vsearch	2978	T	K	186	13	6.4%	2	1	93	93	9.970616463805701E-5	1	1	80	106	13	0	G
C1_BC25_191109_LF_LIB_consensus_vsearch	2979	T	T	216	3	1.33%	2	1	93	93	0.12414187643025615	1	1	109	107	3	0	+G
C1_BC25_191109_LF_LIB_consensus_vsearch	2980	G	*/+A	208	8	3.57%	2	1	93	93	0.0036568954742723925	1	1	114	94	0	8	+A
C1_BC25_191109_LF_LIB_consensus_vsearch	2981	A	A	217	2	0.91%	2	1	93	93	0.24942791762028085	1	1	113	104	2	0	G
C1_BC25_191109_LF_LIB_consensus_vsearch	2982	A	A	223	2	0.89%	2	1	93	93	0.24944320712692292	1	1	115	108	0	2	G
C1_BC25_191109_LF_LIB_consensus_vsearch	2983	A	A	214	4	1.78%	2	2	93	93	0.061638926495252586	1	1	112	102	1	3	-C
C1_BC25_191109_LF_LIB_consensus_vsearch	2984	C	C	216	5	2.26%	2	1	93	93	0.030543804461782422	1	1	114	102	0	5	+T
C1_BC25_191109_LF_LIB_consensus_vsearch	2985	C	*/-T	209	12	5.33%	2	2	93	93	2.0943559915765036E-4	1	1	112	97	1	11	-T
C1_BC25_191109_LF_LIB_consensus_vsearch	2986	T	*/-G	164	31	14.62%	2	1	93	93	1.275415435697059E-10	1	1	113	51	0	31	-G
C1_BC25_191109_LF_LIB_consensus_vsearch	2987	G	S	181	11	5.7%	2	1	93	93	4.214144486820526E-4	1	1	114	67	0	11	C
C1_BC25_191109_LF_LIB_consensus_vsearch	2988	G	G	222	3	1.33%	2	2	93	93	0.12416481069040536	1	1	114	108	1	2	-A
C1_BC25_191109_LF_LIB_consensus_vsearch	2989	A	A	214	3	1.35%	2	1	93	93	0.12413394919162732	1	1	107	107	3	0	+G
C1_BC25_191109_LF_LIB_consensus_vsearch	2990	G	G	212	5	2.26%	2	1	93	93	0.030530802741347875	1	1	104	108	5	0	+AG
C1_BC25_191109_LF_LIB_consensus_vsearch	2991	G	G	222	1	0.45%	2	1	93	93	0.4999999999999138	1	1	113	109	1	0	+AGG
C1_BC25_191109_LF_LIB_consensus_vsearch	2992	C	C	222	1	0.44%	2	1	93	93	0.4999999999999138	1	1	114	108	0	1	+A
C1_BC25_191109_LF_LIB_consensus_vsearch	2993	G	G	220	2	0.89%	2	1	93	93	0.2494356659142869	1	1	112	108	2	0	+C
C1_BC25_191109_LF_LIB_consensus_vsearch	2994	T	T	215	3	1.34%	2	1	93	93	0.12413793103441495	1	1	111	104	0	3	C
C1_BC25_191109_LF_LIB_consensus_vsearch	2995	A	A	219	1	0.45%	2	1	93	93	0.4999999999999138	1	1	110	109	0	1	-G
C1_BC25_191109_LF_LIB_consensus_vsearch	2996	G	G	218	1	0.45%	2	1	93	93	0.5000000000003686	1	1	111	107	1	0	+C
C1_BC25_191109_LF_LIB_consensus_vsearch	2997	C	C	205	5	2.26%	2	2	93	93	0.03050685942891605	1	1	101	104	2	3	T
C1_BC25_191109_LF_LIB_consensus_vsearch	2998	G	G	205	4	1.84%	2	1	93	93	0.06160180289502593	1	1	99	106	4	0	-A
C1_BC25_191109_LF_LIB_consensus_vsearch	2999	A	A	206	3	1.42%	2	1	93	93	0.1241007194244273	1	1	96	110	3	0	G
C1_BC25_191109_LF_LIB_consensus_vsearch	3000	A	*/-C	208	8	3.62%	2	1	93	93	0.0036568954742723925	1	1	100	108	8	0	-C
C1_BC25_191109_LF_LIB_consensus_vsearch	3001	C	S	208	8	3.7%	2	1	93	93	0.0036568954742723925	1	1	98	110	8	0	G
C1_BC25_191109_LF_LIB_consensus_vsearch	3002	G	*/-CG	213	8	3.57%	2	2	93	93	0.0036624519192641563	1	1	106	107	7	1	-CG
C1_BC25_191109_LF_LIB_consensus_vsearch	3003	C	C	211	2	0.93%	2	2	93	93	0.24941176470603904	1	1	106	105	1	1	+A
C1_BC25_191109_LF_LIB_consensus_vsearch	3004	G	G	214	1	0.47%	2	1	93	93	0.5000000000001412	1	1	106	108	1	0	-A
C1_BC25_191109_LF_LIB_consensus_vsearch	3005	A	A	222	1	0.45%	2	1	93	93	0.4999999999999138	1	1	114	108	0	1	-C
C1_BC25_191109_LF_LIB_consensus_vsearch	3006	C	C	221	1	0.45%	2	1	93	93	0.4999999999999138	1	1	114	107	0	1	+ATC
C1_BC25_191109_LF_LIB_consensus_vsearch	3007	G	G	222	2	0.89%	2	1	93	93	0.24944071588395061	1	1	113	109	2	0	-A
C1_BC25_191109_LF_LIB_consensus_vsearch	3008	A	A	222	1	0.45%	2	1	93	93	0.4999999999999138	1	1	112	110	1	0	G
C1_BC25_191109_LF_LIB_consensus_vsearch	3009	T	*/-G	178	33	14.67%	2	2	93	93	2.996425916922213E-11	1	1	86	92	21	12	-G
C1_BC25_191109_LF_LIB_consensus_vsearch	3010	G	G	182	1	0.54%	2	1	93	93	0.4999999999999138	1	1	88	94	1	0	+A
C1_BC25_191109_LF_LIB_consensus_vsearch	3011	G	G	214	4	1.83%	2	2	93	93	0.061638926495252586	1	1	108	106	3	1	A
C1_BC25_191109_LF_LIB_consensus_vsearch	3012	G	G	218	3	1.35%	2	1	93	93	0.12414965986396012	1	1	110	108	3	0	A
C1_BC25_191109_LF_LIB_consensus_vsearch	3013	G	G	217	3	1.34%	2	2	93	93	0.12414578587710072	1	1	112	105	2	1	A
C1_BC25_191109_LF_LIB_consensus_vsearch	3014	A	A	221	1	0.45%	2	1	93	93	0.4999999999999138	1	1	113	108	1	0	+G
C1_BC25_191109_LF_LIB_consensus_vsearch	3015	A	A	221	1	0.45%	2	1	93	93	0.4999999999999138	1	1	113	108	1	0	+G
C1_BC25_191109_LF_LIB_consensus_vsearch	3016	T	T	219	2	0.89%	2	1	93	93	0.24943310657599216	1	1	114	105	0	2	C
C1_BC25_191109_LF_LIB_consensus_vsearch	3017	G	G	217	6	2.68%	2	2	93	93	0.015101878629034914	1	1	109	108	5	1	A
C1_BC25_191109_LF_LIB_consensus_vsearch	3018	T	T	213	5	2.23%	2	2	93	93	0.030534097847134272	1	1	107	106	4	1	-C
C1_BC25_191109_LF_LIB_consensus_vsearch	3019	C	*/+G	205	9	4.11%	2	1	93	93	0.0017924949478988227	1	1	98	107	9	0	+G
C1_BC25_191109_LF_LIB_consensus_vsearch	3020	C	*/-T	186	28	12.5%	2	2	93	93	1.448579223804501E-9	1	1	107	79	5	23	-T
C1_BC25_191109_LF_LIB_consensus_vsearch	3021	T	Y	181	7	3.63%	2	2	93	93	0.007380848803681321	1	1	103	78	2	5	C
C1_BC25_191109_LF_LIB_consensus_vsearch	3022	T	T	206	4	1.81%	2	2	93	93	0.06160608506034647	1	1	109	97	2	2	C
C1_BC25_191109_LF_LIB_consensus_vsearch	3023	G	*/-TG	203	8	3.6%	2	2	93	93	0.0036510799339400076	1	1	105	98	5	3	-TG
C1_BC25_191109_LF_LIB_consensus_vsearch	3024	T	T	201	4	1.88%	2	2	93	93	0.061584255960787086	1	1	108	93	1	3	-G
C1_BC25_191109_LF_LIB_consensus_vsearch	3025	G	R	202	9	4.27%	2	1	93	93	0.0017902638323438202	1	1	100	102	9	0	A
C1_BC25_191109_LF_LIB_consensus_vsearch	3026	G	G	215	4	1.79%	2	2	93	93	0.06164286277914926	1	1	113	102	2	2	A
C1_BC25_191109_LF_LIB_consensus_vsearch	3027	C	*/-A	182	21	9.55%	2	2	93	93	2.7648926612010413E-7	1	1	103	79	6	15	-A
C1_BC25_191109_LF_LIB_consensus_vsearch	3028	A	A	192	4	2.02%	2	2	93	93	0.061542153465828975	1	1	106	86	2	2	G
C1_BC25_191109_LF_LIB_consensus_vsearch	3029	A	R	201	8	3.62%	2	2	93	93	0.003648677074969142	1	1	104	97	3	5	G
C1_BC25_191109_LF_LIB_consensus_vsearch	3030	G	G	214	1	0.46%	2	1	93	93	0.5000000000001412	1	1	107	107	0	1	-C
C1_BC25_191109_LF_LIB_consensus_vsearch	3031	C	C	212	5	2.26%	2	1	93	93	0.030530802741347875	1	1	110	102	0	5	+A
C1_BC25_191109_LF_LIB_consensus_vsearch	3032	A	*/-C	195	21	9.46%	2	2	93	93	2.8618445754659307E-7	1	1	93	102	14	7	-C
C1_BC25_191109_LF_LIB_consensus_vsearch	3033	C	Y	191	8	3.98%	2	2	93	93	0.0036359507017874977	1	1	95	96	1	7	T
C1_BC25_191109_LF_LIB_consensus_vsearch	3034	C	C	214	3	1.35%	2	1	93	93	0.12413394919162732	1	1	108	106	0	3	+T
C1_BC25_191109_LF_LIB_consensus_vsearch	3035	C	Y	205	14	6.28%	2	2	93	93	4.9256649870734555E-5	1	1	110	95	1	13	T
C1_BC25_191109_LF_LIB_consensus_vsearch	3036	G	G	217	3	1.36%	2	1	93	93	0.12414578587710072	1	1	109	108	3	0	A
C1_BC25_191109_LF_LIB_consensus_vsearch	3037	C	C	216	2	0.9%	2	1	93	93	0.249425287356441	1	1	109	107	2	0	-A
C1_BC25_191109_LF_LIB_consensus_vsearch	3038	A	*/-C	197	18	8.14%	2	2	93	93	2.6322566298277565E-6	1	1	89	108	17	1	-C
C1_BC25_191109_LF_LIB_consensus_vsearch	3039	C	C	199	3	1.46%	2	1	93	93	0.12406947890824477	1	1	94	105	0	3	+T
C1_BC25_191109_LF_LIB_consensus_vsearch	3040	C	C	222	1	0.45%	2	1	93	93	0.4999999999999138	1	1	112	110	1	0	+T
C1_BC25_191109_LF_LIB_consensus_vsearch	3041	C	Y	209	11	4.91%	2	2	93	93	4.2958650804029443E-4	1	1	107	102	3	8	T
C1_BC25_191109_LF_LIB_consensus_vsearch	3042	G	G	219	2	0.9%	2	2	93	93	0.24943310657599216	1	1	110	109	1	1	-C
C1_BC25_191109_LF_LIB_consensus_vsearch	3043	C	C	220	1	0.45%	2	1	93	93	0.4999999999999138	1	1	111	109	1	0	A
C1_BC25_191109_LF_LIB_consensus_vsearch	3044	C	C	216	4	1.78%	2	2	93	93	0.061646763238677425	1	1	111	105	2	2	-T
C1_BC25_191109_LF_LIB_consensus_vsearch	3045	T	T	216	1	0.46%	2	1	93	93	0.4999999999999138	1	1	110	106	1	0	A
C1_BC25_191109_LF_LIB_consensus_vsearch	3046	T	T	217	2	0.9%	2	1	93	93	0.24942791762028085	1	1	111	106	2	0	+A
C1_BC25_191109_LF_LIB_consensus_vsearch	3047	G	G	218	2	0.89%	2	2	93	93	0.24943052391823226	1	1	111	107	1	1	A
C1_BC25_191109_LF_LIB_consensus_vsearch	3048	T	T	218	3	1.35%	2	2	93	93	0.12414965986396012	1	1	113	105	1	2	C
C1_BC25_191109_LF_LIB_consensus_vsearch	3049	G	G	213	6	2.68%	2	2	93	93	0.0150923687299321	1	1	107	106	5	1	A
C1_BC25_191109_LF_LIB_consensus_vsearch	3050	C	C	211	6	2.73%	2	2	93	93	0.015087482939793164	1	1	108	103	5	1	-G
C1_BC25_191109_LF_LIB_consensus_vsearch	3051	G	*/-AG	194	10	4.65%	2	1	93	93	8.722750499460999E-4	1	1	88	106	10	0	-AG
C1_BC25_191109_LF_LIB_consensus_vsearch	3052	A	*/-G	183	21	10.19%	2	2	93	93	2.7726883065169835E-7	1	1	75	108	20	1	-G
C1_BC25_191109_LF_LIB_consensus_vsearch	3053	G	G	183	4	2.07%	2	2	93	93	0.061495993004889796	1	1	77	106	3	1	+T
C1_BC25_191109_LF_LIB_consensus_vsearch	3054	G	G	219	2	0.89%	2	1	93	93	0.24943310657599216	1	1	110	109	2	0	-T
C1_BC25_191109_LF_LIB_consensus_vsearch	3055	T	*/-A	211	7	3.14%	2	2	93	93	0.007439689863414905	1	1	102	109	6	1	-A
C1_BC25_191109_LF_LIB_consensus_vsearch	3056	A	A	214	2	0.92%	2	1	93	93	0.24941995359642635	1	1	106	108	2	0	-G
C1_BC25_191109_LF_LIB_consensus_vsearch	3057	G	G	218	2	0.9%	2	1	93	93	0.24943052391823226	1	1	111	107	0	2	T
C1_BC25_191109_LF_LIB_consensus_vsearch	3058	A	A	220	2	0.9%	2	1	93	93	0.2494356659142869	1	1	114	106	0	2	-GCA
C1_BC25_191109_LF_LIB_consensus_vsearch	3059	G	G	219	2	0.9%	2	1	93	93	0.24943310657599216	1	1	112	107	2	0	A
C1_BC25_191109_LF_LIB_consensus_vsearch	3060	C	Y	211	8	3.6%	2	2	93	93	0.0036602593149509337	1	1	109	102	3	5	T
C1_BC25_191109_LF_LIB_consensus_vsearch	3061	A	A	217	2	0.9%	2	1	93	93	0.24942791762028085	1	1	113	104	0	2	G
C1_BC25_191109_LF_LIB_consensus_vsearch	3062	T	T	216	3	1.35%	2	2	93	93	0.12414187643025615	1	1	113	103	1	2	-GT
C1_BC25_191109_LF_LIB_consensus_vsearch	3063	G	G	217	1	0.45%	2	1	93	93	0.4999999999999138	1	1	110	107	1	0	-TA
C1_BC25_191109_LF_LIB_consensus_vsearch	3064	T	Y	204	7	3.2%	2	2	93	93	0.007427442022474603	1	1	105	99	2	5	C
C1_BC25_191109_LF_LIB_consensus_vsearch	3065	A	A	208	5	2.28%	2	2	93	93	0.03051731330830772	1	1	101	107	4	1	G
C1_BC25_191109_LF_LIB_consensus_vsearch	3066	C	Y	206	7	3.23%	2	2	93	93	0.007431022745174962	1	1	104	102	1	6	T
C1_BC25_191109_LF_LIB_consensus_vsearch	3067	G	R	197	18	8.14%	2	1	93	93	2.6322566298277565E-6	1	1	91	106	18	0	A
C1_BC25_191109_LF_LIB_consensus_vsearch	3068	G	G	220	1	0.45%	2	1	93	93	0.4999999999999138	1	1	114	106	0	1	-T
C1_BC25_191109_LF_LIB_consensus_vsearch	3069	T	T	216	3	1.35%	2	2	93	93	0.12414187643025615	1	1	113	103	1	2	C
C1_BC25_191109_LF_LIB_consensus_vsearch	3070	G	G	216	5	2.24%	2	2	93	93	0.030543804461782422	1	1	110	106	4	1	A
C1_BC25_191109_LF_LIB_consensus_vsearch	3071	C	C	216	3	1.35%	2	1	93	93	0.12414187643025615	1	1	114	102	0	3	T
C1_BC25_191109_LF_LIB_consensus_vsearch	3072	G	G	217	2	0.9%	2	1	93	93	0.24942791762028085	1	1	112	105	0	2	+A
C1_BC25_191109_LF_LIB_consensus_vsearch	3073	A	*/-CC	206	8	3.57%	2	1	93	93	0.0036546013500883302	1	1	102	104	8	0	-CC
C1_BC25_191109_LF_LIB_consensus_vsearch	3074	C	C	211	2	0.93%	2	1	93	93	0.24941176470603904	1	1	104	107	0	2	T
C1_BC25_191109_LF_LIB_consensus_vsearch	3075	C	C	211	3	1.38%	2	1	93	93	0.12412177985949331	1	1	107	104	0	3	T
C1_BC25_191109_LF_LIB_consensus_vsearch	3076	C	Y	196	19	8.44%	2	2	93	93	1.258627563292186E-6	1	1	111	85	1	18	T
C1_BC25_191109_LF_LIB_consensus_vsearch	3077	G	*/-A	194	26	11.76%	2	1	93	93	6.799628270460232E-9	1	1	87	107	26	0	-A
C1_BC25_191109_LF_LIB_consensus_vsearch	3078	A	A	193	1	0.51%	2	1	93	93	0.4999999999999138	1	1	86	107	1	0	G
C1_BC25_191109_LF_LIB_consensus_vsearch	3079	A	A	219	1	0.45%	2	1	93	93	0.4999999999999138	1	1	111	108	1	0	+GAA
C1_BC25_191109_LF_LIB_consensus_vsearch	3080	A	A	217	5	2.22%	2	2	93	93	0.03054698177238809	1	1	111	106	3	2	G
C1_BC25_191109_LF_LIB_consensus_vsearch	3081	G	G	222	1	0.45%	2	1	93	93	0.4999999999999138	1	1	113	109	1	0	-ATG
C1_BC25_191109_LF_LIB_consensus_vsearch	3082	A	A	217	1	0.45%	2	1	93	93	0.4999999999999138	1	1	111	106	0	1	+GCGAGC
C1_BC25_191109_LF_LIB_consensus_vsearch	3083	T	T	217	2	0.89%	2	1	93	93	0.24942791762028085	1	1	113	104	0	2	-G
C1_BC25_191109_LF_LIB_consensus_vsearch	3084	G	G	211	4	1.81%	2	1	93	93	0.06162689769249	1	1	105	106	4	0	A
C1_BC25_191109_LF_LIB_consensus_vsearch	3085	G	G	216	3	1.34%	2	1	93	93	0.12414187643025615	1	1	108	108	3	0	A
C1_BC25_191109_LF_LIB_consensus_vsearch	3086	T	T	219	2	0.9%	2	1	93	93	0.24943310657599216	1	1	113	106	0	2	C
C1_BC25_191109_LF_LIB_consensus_vsearch	3087	G	G	221	2	0.89%	2	1	93	93	0.24943820224728358	1	1	113	108	2	0	-A
C1_BC25_191109_LF_LIB_consensus_vsearch	3088	A	A	223	0	0%	2	0	93	0	1.0	1	0	113	110	0	0	
C1_BC25_191109_LF_LIB_consensus_vsearch	3089	A	A	220	3	1.33%	2	2	93	93	0.12415730337075404	1	1	112	108	2	1	-C
C1_BC25_191109_LF_LIB_consensus_vsearch	3090	C	C	220	1	0.45%	2	1	93	93	0.4999999999999138	1	1	113	107	0	1	+GAAC
C1_BC25_191109_LF_LIB_consensus_vsearch	3091	T	T	223	1	0.44%	2	1	93	93	0.5000000000003686	1	1	114	109	0	1	-A
C1_BC25_191109_LF_LIB_consensus_vsearch	3092	A	A	221	2	0.89%	2	2	93	93	0.24943820224728358	1	1	114	107	1	1	G
C1_BC25_191109_LF_LIB_consensus_vsearch	3093	T	T	222	2	0.89%	2	2	93	93	0.24944071588395061	1	1	114	108	1	1	C
C1_BC25_191109_LF_LIB_consensus_vsearch	3094	G	*/-C	195	20	8.89%	2	2	93	93	6.002214170441375E-7	1	1	97	98	8	12	-C
C1_BC25_191109_LF_LIB_consensus_vsearch	3095	C	C	196	1	0.51%	2	1	93	93	0.5000000000001412	1	1	100	96	0	1	+T
C1_BC25_191109_LF_LIB_consensus_vsearch	3096	C	C	215	2	0.92%	2	1	93	93	0.2494226327944578	1	1	108	107	0	2	T
C1_BC25_191109_LF_LIB_consensus_vsearch	3097	C	*/-GG	188	14	6.22%	2	1	93	93	4.834532199564987E-5	1	1	115	73	0	14	-GG
C1_BC25_191109_LF_LIB_consensus_vsearch	3098	G	G	187	6	3.03%	2	2	93	93	0.015020997998324731	1	1	110	77	5	1	A
C1_BC25_191109_LF_LIB_consensus_vsearch	3099	G	*/+A	195	7	3.32%	2	1	93	93	0.007410460397262536	1	1	107	88	7	0	+A
C1_BC25_191109_LF_LIB_consensus_vsearch	3100	G	G	222	1	0.44%	2	1	93	93	0.4999999999999138	1	1	113	109	1	0	+C
C1_BC25_191109_LF_LIB_consensus_vsearch	3101	T	*/-A	154	31	13.84%	2	2	93	93	1.1814969034519657E-10	1	1	68	86	27	4	-A
C1_BC25_191109_LF_LIB_consensus_vsearch	3102	A	A	187	2	1.05%	2	1	93	93	0.24933687002661706	1	1	86	101	0	2	C
C1_BC25_191109_LF_LIB_consensus_vsearch	3103	A	A	212	5	2.25%	2	2	93	93	0.030530802741347875	1	1	109	103	1	4	G
C1_BC25_191109_LF_LIB_consensus_vsearch	3104	G	*/+A	203	15	6.82%	2	1	93	93	2.37871086741396E-5	1	1	95	108	15	0	+A
C1_BC25_191109_LF_LIB_consensus_vsearch	3105	G	G	219	2	0.89%	2	2	93	93	0.24943310657599216	1	1	113	106	1	1	-TG
C1_BC25_191109_LF_LIB_consensus_vsearch	3106	T	T	214	6	2.7%	2	2	93	93	0.015094778470947015	1	1	112	102	2	4	+G
C1_BC25_191109_LF_LIB_consensus_vsearch	3107	G	G	216	3	1.35%	2	2	93	93	0.12414187643025615	1	1	112	104	2	1	-A
C1_BC25_191109_LF_LIB_consensus_vsearch	3108	A	A	215	2	0.92%	2	1	93	93	0.2494226327944578	1	1	112	103	0	2	T
C1_BC25_191109_LF_LIB_consensus_vsearch	3109	A	A	217	2	0.9%	2	1	93	93	0.24942791762028085	1	1	112	105	2	0	-G
C1_BC25_191109_LF_LIB_consensus_vsearch	3110	G	G	215	4	1.8%	2	2	93	93	0.06164286277914926	1	1	108	107	3	1	-C
C1_BC25_191109_LF_LIB_consensus_vsearch	3111	C	C	216	4	1.82%	2	2	93	93	0.061646763238677425	1	1	110	106	1	3	T
C1_BC25_191109_LF_LIB_consensus_vsearch	3112	C	C	213	5	2.23%	2	2	93	93	0.030534097847134272	1	1	106	107	3	2	T
C1_BC25_191109_LF_LIB_consensus_vsearch	3113	A	A	216	3	1.35%	2	2	93	93	0.12414187643025615	1	1	110	106	2	1	G
C1_BC25_191109_LF_LIB_consensus_vsearch	3114	G	G	218	2	0.9%	2	1	93	93	0.24943052391823226	1	1	112	106	0	2	-TG
C1_BC25_191109_LF_LIB_consensus_vsearch	3115	T	T	211	4	1.8%	2	2	93	93	0.06162689769249	1	1	109	102	3	1	+G
C1_BC25_191109_LF_LIB_consensus_vsearch	3116	G	G	218	1	0.46%	2	1	93	93	0.5000000000003686	1	1	112	106	1	0	C
C1_BC25_191109_LF_LIB_consensus_vsearch	3117	G	G	216	5	2.22%	2	2	93	93	0.030543804461782422	1	1	110	106	4	1	-A
C1_BC25_191109_LF_LIB_consensus_vsearch	3118	A	A	218	1	0.46%	2	1	93	93	0.5000000000003686	1	1	110	108	1	0	+G
C1_BC25_191109_LF_LIB_consensus_vsearch	3119	A	A	220	2	0.89%	2	1	93	93	0.2494356659142869	1	1	112	108	2	0	G
C1_BC25_191109_LF_LIB_consensus_vsearch	3120	A	A	218	5	2.23%	2	2	93	93	0.030550130621104243	1	1	112	106	2	3	G
C1_BC25_191109_LF_LIB_consensus_vsearch	3121	C	C	217	2	0.9%	2	2	93	93	0.24942791762028085	1	1	110	107	1	1	+G
C1_BC25_191109_LF_LIB_consensus_vsearch	3122	G	G	220	1	0.45%	2	1	93	93	0.4999999999999138	1	1	111	109	1	0	+C
C1_BC25_191109_LF_LIB_consensus_vsearch	3123	C	C	216	2	0.89%	2	1	93	93	0.249425287356441	1	1	109	107	0	2	+GC
C1_BC25_191109_LF_LIB_consensus_vsearch	3124	T	T	217	2	0.9%	2	2	93	93	0.24942791762028085	1	1	109	108	1	1	C
C1_BC25_191109_LF_LIB_consensus_vsearch	3125	G	G	218	2	0.9%	2	1	93	93	0.24943052391823226	1	1	110	108	2	0	+A
C1_BC25_191109_LF_LIB_consensus_vsearch	3126	G	G	221	1	0.45%	2	1	93	93	0.4999999999999138	1	1	114	107	0	1	-TG
C1_BC25_191109_LF_LIB_consensus_vsearch	3127	T	T	215	3	1.34%	2	2	93	93	0.12413793103441495	1	1	111	104	1	2	+G
C1_BC25_191109_LF_LIB_consensus_vsearch	3128	G	G	219	1	0.45%	2	1	93	93	0.4999999999999138	1	1	113	106	0	1	+T
C1_BC25_191109_LF_LIB_consensus_vsearch	3129	G	G	220	3	1.34%	2	1	93	93	0.12415730337075404	1	1	110	110	3	0	-A
C1_BC25_191109_LF_LIB_consensus_vsearch	3130	A	A	211	3	1.36%	2	2	93	93	0.12412177985949331	1	1	106	105	2	1	+G
C1_BC25_191109_LF_LIB_consensus_vsearch	3131	G	G	216	1	0.45%	2	1	93	93	0.4999999999999138	1	1	110	106	0	1	+T
C1_BC25_191109_LF_LIB_consensus_vsearch	3132	G	G	220	3	1.34%	2	2	93	93	0.12415730337075404	1	1	113	107	1	2	A
C1_BC25_191109_LF_LIB_consensus_vsearch	3133	C	C	219	2	0.9%	2	1	93	93	0.24943310657599216	1	1	113	106	0	2	+T
C1_BC25_191109_LF_LIB_consensus_vsearch	3134	C	C	218	3	1.33%	2	1	93	93	0.12414965986396012	1	1	115	103	0	3	-TG
C1_BC25_191109_LF_LIB_consensus_vsearch	3135	T	T	209	3	1.38%	2	1	93	93	0.12411347517731831	1	1	112	97	0	3	C
C1_BC25_191109_LF_LIB_consensus_vsearch	3136	G	G	211	3	1.38%	2	1	93	93	0.12412177985949331	1	1	109	102	3	0	-TA
C1_BC25_191109_LF_LIB_consensus_vsearch	3137	T	Y	207	8	3.65%	2	2	93	93	0.003655753662936563	1	1	106	101	2	6	C
C1_BC25_191109_LF_LIB_consensus_vsearch	3138	A	R	207	7	3.17%	2	2	93	93	0.007432788253078562	1	1	104	103	5	2	G
C1_BC25_191109_LF_LIB_consensus_vsearch	3139	G	G	217	2	0.9%	2	1	93	93	0.24942791762028085	1	1	112	105	2	0	-C
C1_BC25_191109_LF_LIB_consensus_vsearch	3140	C	*/-G	207	7	3.15%	2	1	93	93	0.007432788253078562	1	1	102	105	7	0	-G
C1_BC25_191109_LF_LIB_consensus_vsearch	3141	G	G	212	3	1.38%	2	1	93	93	0.1241258741259166	1	1	103	109	3	0	A
C1_BC25_191109_LF_LIB_consensus_vsearch	3142	A	A	216	3	1.35%	2	2	93	93	0.12414187643025615	1	1	109	107	2	1	G
C1_BC25_191109_LF_LIB_consensus_vsearch	3143	T	T	219	1	0.45%	2	1	93	93	0.4999999999999138	1	1	111	108	0	1	+C
C1_BC25_191109_LF_LIB_consensus_vsearch	3144	T	Y	207	8	3.57%	2	2	93	93	0.003655753662936563	1	1	104	103	5	3	C
C1_BC25_191109_LF_LIB_consensus_vsearch	3145	C	C	213	4	1.82%	2	2	93	93	0.06163495389099757	1	1	107	106	3	1	-T
C1_BC25_191109_LF_LIB_consensus_vsearch	3146	T	T	208	5	2.3%	2	1	93	93	0.03051731330830772	1	1	107	101	0	5	+G
C1_BC25_191109_LF_LIB_consensus_vsearch	3147	G	G	222	1	0.45%	2	1	93	93	0.4999999999999138	1	1	112	110	1	0	A
C1_BC25_191109_LF_LIB_consensus_vsearch	3148	A	A	220	3	1.35%	2	1	93	93	0.12415730337075404	1	1	110	110	3	0	G
C1_BC25_191109_LF_LIB_consensus_vsearch	3149	C	C	220	3	1.35%	2	1	93	93	0.12415730337075404	1	1	110	110	3	0	+A
C1_BC25_191109_LF_LIB_consensus_vsearch	3150	G	*/-TG	193	20	8.93%	2	1	93	93	5.974908386377013E-7	1	1	104	89	0	20	-TG
C1_BC25_191109_LF_LIB_consensus_vsearch	3151	T	T	196	6	2.96%	2	2	93	93	0.015047771623015741	1	1	110	86	2	4	C
C1_BC25_191109_LF_LIB_consensus_vsearch	3152	G	G	195	5	2.45%	2	1	93	93	0.03046975120420833	1	1	106	89	5	0	A
C1_BC25_191109_LF_LIB_consensus_vsearch	3153	C	*/-A	196	20	8.93%	2	2	93	93	6.015714107611032E-7	1	1	106	90	3	17	-A
C1_BC25_191109_LF_LIB_consensus_vsearch	3154	A	A	201	1	0.5%	2	1	93	93	0.4999999999999138	1	1	110	91	0	1	+CA
C1_BC25_191109_LF_LIB_consensus_vsearch	3155	A	A	219	3	1.35%	2	1	93	93	0.12415349887135622	1	1	110	109	3	0	C
C1_BC25_191109_LF_LIB_consensus_vsearch	3156	A	A	216	4	1.79%	2	1	93	93	0.061646763238677425	1	1	110	106	4	0	G
C1_BC25_191109_LF_LIB_consensus_vsearch	3157	T	Y	204	15	6.79%	2	2	93	93	2.3815125527116474E-5	1	1	111	93	1	14	C
C1_BC25_191109_LF_LIB_consensus_vsearch	3158	C	C	220	4	1.78%	2	1	93	93	0.061662016439223415	1	1	115	105	0	4	+G
C1_BC25_191109_LF_LIB_consensus_vsearch	3159	G	G	221	3	1.33%	2	1	93	93	0.12416107382546236	1	1	111	110	3	0	-A
C1_BC25_191109_LF_LIB_consensus_vsearch	3160	A	A	219	2	0.9%	2	2	93	93	0.24943310657599216	1	1	111	108	1	1	G
C1_BC25_191109_LF_LIB_consensus_vsearch	3161	T	T	222	1	0.44%	2	1	93	93	0.4999999999999138	1	1	114	108	1	0	+CC
C1_BC25_191109_LF_LIB_consensus_vsearch	3162	C	C	218	4	1.79%	2	2	93	93	0.061654458623218986	1	1	111	107	3	1	+A
C1_BC25_191109_LF_LIB_consensus_vsearch	3163	G	G	218	5	2.22%	2	1	93	93	0.030550130621104243	1	1	109	109	5	0	-CG
C1_BC25_191109_LF_LIB_consensus_vsearch	3164	C	C	215	2	0.91%	2	1	93	93	0.2494226327944578	1	1	108	107	0	2	-GT
C1_BC25_191109_LF_LIB_consensus_vsearch	3165	G	G	214	2	0.92%	2	1	93	93	0.24941995359642635	1	1	106	108	2	0	+C
C1_BC25_191109_LF_LIB_consensus_vsearch	3166	T	T	215	4	1.79%	2	2	93	93	0.06164286277914926	1	1	109	106	2	2	-A
C1_BC25_191109_LF_LIB_consensus_vsearch	3167	A	A	218	1	0.45%	2	1	93	93	0.5000000000003686	1	1	111	107	1	0	+C
C1_BC25_191109_LF_LIB_consensus_vsearch	3168	A	A	219	2	0.89%	2	1	93	93	0.24943310657599216	1	1	111	108	2	0	-C
C1_BC25_191109_LF_LIB_consensus_vsearch	3169	C	C	216	3	1.35%	2	1	93	93	0.12414187643025615	1	1	109	107	3	0	+A
C1_BC25_191109_LF_LIB_consensus_vsearch	3170	C	C	219	3	1.33%	2	2	93	93	0.12415349887135622	1	1	111	108	2	1	-T
C1_BC25_191109_LF_LIB_consensus_vsearch	3171	T	*/-GG	202	8	3.62%	2	1	93	93	0.0036498841327700354	1	1	110	92	0	8	-GG
C1_BC25_191109_LF_LIB_consensus_vsearch	3172	G	G	206	1	0.48%	2	1	93	93	0.5000000000001412	1	1	110	96	0	1	+C
C1_BC25_191109_LF_LIB_consensus_vsearch	3173	G	G	211	4	1.84%	2	1	93	93	0.06162689769249	1	1	111	100	4	0	+A
C1_BC25_191109_LF_LIB_consensus_vsearch	3174	G	G	223	2	0.89%	2	1	93	93	0.24944320712692292	1	1	115	108	0	2	A
C1_BC25_191109_LF_LIB_consensus_vsearch	3175	T	Y	209	14	6.22%	2	2	93	93	4.9452447660699634E-5	1	1	113	96	1	13	C
C1_BC25_191109_LF_LIB_consensus_vsearch	3176	A	A	223	1	0.44%	2	1	93	93	0.5000000000003686	1	1	115	108	0	1	-T
C1_BC25_191109_LF_LIB_consensus_vsearch	3177	T	T	213	4	1.79%	2	2	93	93	0.06163495389099757	1	1	107	106	3	1	+G
C1_BC25_191109_LF_LIB_consensus_vsearch	3178	A	*/-G	159	41	18.72%	2	2	93	93	4.6244938927526277E-14	1	1	94	65	11	30	-G
C1_BC25_191109_LF_LIB_consensus_vsearch	3179	G	G	172	2	1.14%	2	2	93	93	0.24927953890490892	1	1	101	71	1	1	A
C1_BC25_191109_LF_LIB_consensus_vsearch	3180	G	G	216	1	0.46%	2	1	93	93	0.4999999999999138	1	1	113	103	1	0	A
C1_BC25_191109_LF_LIB_consensus_vsearch	3181	G	G	220	1	0.45%	2	1	93	93	0.4999999999999138	1	1	115	105	0	1	C
C1_BC25_191109_LF_LIB_consensus_vsearch	3182	G	G	220	2	0.89%	2	2	93	93	0.2494356659142869	1	1	113	107	1	1	A
C1_BC25_191109_LF_LIB_consensus_vsearch	3183	C	C	216	3	1.34%	2	1	93	93	0.12414187643025615	1	1	108	108	3	0	+A
C1_BC25_191109_LF_LIB_consensus_vsearch	3184	G	*/-A	181	28	12.61%	2	2	93	93	1.413904741742017E-9	1	1	78	103	27	1	-A
C1_BC25_191109_LF_LIB_consensus_vsearch	3185	A	A	187	1	0.53%	2	1	93	93	0.4999999999999138	1	1	80	107	1	0	+GA
C1_BC25_191109_LF_LIB_consensus_vsearch	3186	A	*/+G	208	8	3.67%	2	1	93	93	0.0036568954742723925	1	1	101	107	8	0	+G
C1_BC25_191109_LF_LIB_consensus_vsearch	3187	A	*/-G	202	9	4%	2	1	93	93	0.0017902638323438202	1	1	94	108	9	0	-G
C1_BC25_191109_LF_LIB_consensus_vsearch	3188	G	G	199	5	2.42%	2	1	93	93	0.03048503048502578	1	1	91	108	5	0	+A
C1_BC25_191109_LF_LIB_consensus_vsearch	3189	A	A	199	6	2.79%	2	1	93	93	0.015056176425366772	1	1	90	109	6	0	+C
C1_BC25_191109_LF_LIB_consensus_vsearch	3190	C	C	214	2	0.91%	2	2	93	93	0.24941995359642635	1	1	107	107	1	1	+T
C1_BC25_191109_LF_LIB_consensus_vsearch	3191	C	C	218	5	2.22%	2	2	93	93	0.030550130621104243	1	1	110	108	4	1	T
C1_BC25_191109_LF_LIB_consensus_vsearch	3192	T	Y	210	11	4.91%	2	2	93	93	4.298416344617859E-4	1	1	112	98	2	9	C
C1_BC25_191109_LF_LIB_consensus_vsearch	3193	A	A	218	2	0.9%	2	1	93	93	0.24943052391823226	1	1	113	105	0	2	-T
C1_BC25_191109_LF_LIB_consensus_vsearch	3194	T	T	216	4	1.81%	2	1	93	93	0.061646763238677425	1	1	110	106	4	0	+C
C1_BC25_191109_LF_LIB_consensus_vsearch	3195	C	C	212	4	1.79%	2	1	93	93	0.061630944461591126	1	1	107	105	4	0	+A
C1_BC25_191109_LF_LIB_consensus_vsearch	3196	G	G	216	5	2.23%	2	1	93	93	0.030543804461782422	1	1	109	107	5	0	-A
C1_BC25_191109_LF_LIB_consensus_vsearch	3197	A	A	219	1	0.45%	2	1	93	93	0.4999999999999138	1	1	109	110	1	0	G
C1_BC25_191109_LF_LIB_consensus_vsearch	3198	A	A	220	3	1.33%	2	1	93	93	0.12415730337075404	1	1	111	109	3	0	-C
C1_BC25_191109_LF_LIB_consensus_vsearch	3199	C	C	221	0	0%	2	0	93	0	1.0	1	0	112	109	0	0	
C1_BC25_191109_LF_LIB_consensus_vsearch	3200	C	Y	212	10	4.46%	2	1	93	93	8.804765900705064E-4	1	1	114	98	0	10	T
C1_BC25_191109_LF_LIB_consensus_vsearch	3201	G	*/+T	212	8	3.57%	2	1	93	93	0.003661360523321731	1	1	112	100	0	8	+T
C1_BC25_191109_LF_LIB_consensus_vsearch	3202	T	T	220	3	1.33%	2	2	93	93	0.12415730337075404	1	1	113	107	1	2	C
C1_BC25_191109_LF_LIB_consensus_vsearch	3203	C	*/-T	213	8	3.57%	2	1	93	93	0.0036624519192641563	1	1	112	101	0	8	-T
C1_BC25_191109_LF_LIB_consensus_vsearch	3204	T	T	202	6	2.79%	2	2	93	93	0.015064340002589747	1	1	106	96	5	1	-A
C1_BC25_191109_LF_LIB_consensus_vsearch	3205	A	A	214	1	0.46%	2	1	93	93	0.5000000000001412	1	1	107	107	0	1	+CA
C1_BC25_191109_LF_LIB_consensus_vsearch	3206	A	A	216	4	1.79%	2	2	93	93	0.061646763238677425	1	1	110	106	3	1	G
C1_BC25_191109_LF_LIB_consensus_vsearch	3207	T	T	217	3	1.35%	2	1	93	93	0.12414578587710072	1	1	110	107	3	0	-G
C1_BC25_191109_LF_LIB_consensus_vsearch	3208	G	G	218	1	0.45%	2	1	93	93	0.5000000000003686	1	1	109	109	1	0	+A
C1_BC25_191109_LF_LIB_consensus_vsearch	3209	G	G	213	4	1.79%	2	1	93	93	0.06163495389099757	1	1	106	107	4	0	-C
C1_BC25_191109_LF_LIB_consensus_vsearch	3210	C	C	212	4	1.83%	2	2	93	93	0.061630944461591126	1	1	105	107	2	2	T
C1_BC25_191109_LF_LIB_consensus_vsearch	3211	T	T	219	3	1.35%	2	1	93	93	0.12415349887135622	1	1	113	106	0	3	-G
C1_BC25_191109_LF_LIB_consensus_vsearch	3212	G	G	215	3	1.36%	2	1	93	93	0.12413793103441495	1	1	110	105	3	0	A
C1_BC25_191109_LF_LIB_consensus_vsearch	3213	G	G	216	2	0.9%	2	1	93	93	0.249425287356441	1	1	109	107	2	0	+T
C1_BC25_191109_LF_LIB_consensus_vsearch	3214	T	T	219	2	0.9%	2	2	93	93	0.24943310657599216	1	1	112	107	1	1	+C
C1_BC25_191109_LF_LIB_consensus_vsearch	3215	T	*/-C	140	75	33.33%	2	2	93	93	1.0172696495827158E-26	1	1	82	58	31	44	-C
C1_BC25_191109_LF_LIB_consensus_vsearch	3216	C	C	142	3	2.05%	2	1	93	93	0.12370242214533303	1	1	80	62	3	0	T
C1_BC25_191109_LF_LIB_consensus_vsearch	3217	C	C	209	5	2.26%	2	1	93	93	0.030520732883336912	1	1	107	102	5	0	+A
C1_BC25_191109_LF_LIB_consensus_vsearch	3218	C	C	221	1	0.44%	2	1	93	93	0.4999999999999138	1	1	114	107	1	0	+T
C1_BC25_191109_LF_LIB_consensus_vsearch	3219	T	*/-C	186	36	16.14%	2	1	93	93	3.106667429332994E-12	1	1	78	108	36	0	-C
C1_BC25_191109_LF_LIB_consensus_vsearch	3220	C	C	177	3	1.6%	2	1	93	93	0.1239554317548523	1	1	77	100	0	3	+TC
C1_BC25_191109_LF_LIB_consensus_vsearch	3221	C	C	212	4	1.78%	2	2	93	93	0.061630944461591126	1	1	111	101	1	3	A
C1_BC25_191109_LF_LIB_consensus_vsearch	3222	G	+AA/+AA	18	187	84.23%	2	2	93	93	1.3787354993428705E-96	1	1	4	14	100	87	+AA
C1_BC25_191109_LF_LIB_consensus_vsearch	3223	G	*/+AAG	203	13	5.8%	2	1	93	93	1.0135552209744578E-4	1	1	112	91	0	13	+AAG
C1_BC25_191109_LF_LIB_consensus_vsearch	3224	T	Y	212	7	3.18%	2	1	93	93	0.00744137624879223	1	1	114	98	0	7	C
C1_BC25_191109_LF_LIB_consensus_vsearch	3225	T	T	217	4	1.79%	2	2	93	93	0.0616506283607095	1	1	113	104	2	2	C
C1_BC25_191109_LF_LIB_consensus_vsearch	3226	T	*/-C	136	63	28%	2	2	93	93	3.105911990395738E-22	1	1	81	55	31	32	-C
C1_BC25_191109_LF_LIB_consensus_vsearch	3227	C	C	141	2	1.38%	2	1	93	93	0.2491228070174794	1	1	84	57	0	2	T
C1_BC25_191109_LF_LIB_consensus_vsearch	3228	C	C	202	2	0.96%	2	1	93	93	0.24938574938581254	1	1	113	89	2	0	+A
C1_BC25_191109_LF_LIB_consensus_vsearch	3229	C	C	206	6	2.75%	2	1	93	93	0.015074867144143777	1	1	115	91	0	6	-T
C1_BC25_191109_LF_LIB_consensus_vsearch	3230	T	T	205	3	1.42%	2	1	93	93	0.12409638554214404	1	1	112	93	3	0	+C
C1_BC25_191109_LF_LIB_consensus_vsearch	3231	C	C	216	2	0.9%	2	2	93	93	0.249425287356441	1	1	110	106	1	1	+TC
C1_BC25_191109_LF_LIB_consensus_vsearch	3232	A	*/-G	204	13	5.83%	2	1	93	93	1.0144502228683225E-4	1	1	110	94	0	13	-G
C1_BC25_191109_LF_LIB_consensus_vsearch	3233	G	G	210	1	0.47%	2	1	93	93	0.4999999999999138	1	1	115	95	0	1	+C
C1_BC25_191109_LF_LIB_consensus_vsearch	3234	G	G	224	1	0.44%	2	1	93	93	0.4999999999999138	1	1	115	109	0	1	+CT
C1_BC25_191109_LF_LIB_consensus_vsearch	3235	A	A	223	1	0.44%	2	1	93	93	0.5000000000003686	1	1	114	109	1	0	G
C1_BC25_191109_LF_LIB_consensus_vsearch	3236	T	T	223	2	0.89%	2	1	93	93	0.24944320712692292	1	1	115	108	0	2	+A
C1_BC25_191109_LF_LIB_consensus_vsearch	3237	A	A	216	4	1.78%	2	1	93	93	0.061646763238677425	1	1	112	104	0	4	-G
C1_BC25_191109_LF_LIB_consensus_vsearch	3238	G	G	215	3	1.36%	2	1	93	93	0.12413793103441495	1	1	111	104	3	0	A
C1_BC25_191109_LF_LIB_consensus_vsearch	3239	C	C	213	5	2.24%	2	2	93	93	0.030534097847134272	1	1	110	103	1	4	T
C1_BC25_191109_LF_LIB_consensus_vsearch	3240	T	T	217	2	0.89%	2	1	93	93	0.24942791762028085	1	1	112	105	0	2	A
C1_BC25_191109_LF_LIB_consensus_vsearch	3241	G	G	217	3	1.33%	2	1	93	93	0.12414578587710072	1	1	112	105	0	3	-CG
C1_BC25_191109_LF_LIB_consensus_vsearch	3242	C	S	197	17	7.69%	2	1	93	93	5.481738321341071E-6	1	1	112	85	0	17	G
C1_BC25_191109_LF_LIB_consensus_vsearch	3243	G	*/-T	211	7	3.15%	2	2	93	93	0.007439689863414905	1	1	111	100	1	6	-T
C1_BC25_191109_LF_LIB_consensus_vsearch	3244	T	*/+GT	199	15	6.88%	2	1	93	93	2.3672673108116326E-5	1	1	114	85	0	15	+GT
C1_BC25_191109_LF_LIB_consensus_vsearch	3245	T	*/-C	201	18	8%	2	2	93	93	2.6509133703959145E-6	1	1	95	106	14	4	-C
C1_BC25_191109_LF_LIB_consensus_vsearch	3246	C	C	200	5	2.43%	2	2	93	93	0.03048875726138147	1	1	96	104	4	1	T
C1_BC25_191109_LF_LIB_consensus_vsearch	3247	C	Y	213	9	4.02%	2	1	93	93	0.0017981564163397133	1	1	113	100	0	9	T
C1_BC25_191109_LF_LIB_consensus_vsearch	3248	T	T	215	3	1.34%	2	1	93	93	0.12413793103441495	1	1	108	107	3	0	-A
C1_BC25_191109_LF_LIB_consensus_vsearch	3249	A	A	215	3	1.36%	2	2	93	93	0.12413793103441495	1	1	108	107	2	1	-T
C1_BC25_191109_LF_LIB_consensus_vsearch	3250	T	T	215	4	1.81%	2	1	93	93	0.06164286277914926	1	1	109	106	4	0	G
C1_BC25_191109_LF_LIB_consensus_vsearch	3251	T	T	212	6	2.68%	2	2	93	93	0.015089936987088519	1	1	111	101	1	5	+G
C1_BC25_191109_LF_LIB_consensus_vsearch	3252	G	G	224	0	0%	2	0	93	0	1.0	1	0	114	110	0	0	
C1_BC25_191109_LF_LIB_consensus_vsearch	3253	A	*/-G	204	13	5.78%	2	1	93	93	1.0144502228683225E-4	1	1	95	109	13	0	-G
C1_BC25_191109_LF_LIB_consensus_vsearch	3254	G	*/-AG	195	10	4.72%	2	1	93	93	8.72767211907752E-4	1	1	86	109	10	0	-AG
C1_BC25_191109_LF_LIB_consensus_vsearch	3255	A	A	210	2	0.94%	2	1	93	93	0.24940898345148782	1	1	102	108	0	2	G
C1_BC25_191109_LF_LIB_consensus_vsearch	3256	G	G	209	2	0.93%	2	1	93	93	0.24940617577189375	1	1	103	106	0	2	-T
C1_BC25_191109_LF_LIB_consensus_vsearch	3257	T	T	222	1	0.45%	2	1	93	93	0.4999999999999138	1	1	114	108	1	0	+C
C1_BC25_191109_LF_LIB_consensus_vsearch	3258	C	C	219	2	0.89%	2	1	93	93	0.24943310657599216	1	1	111	108	2	0	-A
C1_BC25_191109_LF_LIB_consensus_vsearch	3259	A	R	208	9	4.04%	2	2	93	93	0.0017946657928001688	1	1	107	101	5	4	G
C1_BC25_191109_LF_LIB_consensus_vsearch	3260	G	G	217	1	0.45%	2	1	93	93	0.4999999999999138	1	1	114	103	0	1	+C
C1_BC25_191109_LF_LIB_consensus_vsearch	3261	T	T	214	4	1.8%	2	1	93	93	0.061638926495252586	1	1	113	101	0	4	C
C1_BC25_191109_LF_LIB_consensus_vsearch	3262	T	T	212	5	2.24%	2	2	93	93	0.030530802741347875	1	1	109	103	3	2	C
C1_BC25_191109_LF_LIB_consensus_vsearch	3263	G	G	219	0	0%	2	0	93	0	1.0	1	0	113	106	0	0	
C1_BC25_191109_LF_LIB_consensus_vsearch	3264	C	C	211	4	1.8%	2	1	93	93	0.06162689769249	1	1	107	104	4	0	-AC
C1_BC25_191109_LF_LIB_consensus_vsearch	3265	A	A	212	2	0.92%	2	1	93	93	0.24941451990645544	1	1	107	105	0	2	+C
C1_BC25_191109_LF_LIB_consensus_vsearch	3266	C	C	207	4	1.82%	2	2	93	93	0.06161032658914256	1	1	107	100	1	3	-T
C1_BC25_191109_LF_LIB_consensus_vsearch	3267	T	T	211	2	0.91%	2	1	93	93	0.24941176470603904	1	1	112	99	0	2	+C
C1_BC25_191109_LF_LIB_consensus_vsearch	3268	G	G	220	2	0.89%	2	1	93	93	0.2494356659142869	1	1	113	107	2	0	+CC
C1_BC25_191109_LF_LIB_consensus_vsearch	3269	C	C	213	3	1.35%	2	1	93	93	0.12412993039444345	1	1	114	99	0	3	G
C1_BC25_191109_LF_LIB_consensus_vsearch	3270	G	R	197	17	7.73%	2	2	93	93	5.481738321341071E-6	1	1	95	102	16	1	A
C1_BC25_191109_LF_LIB_consensus_vsearch	3271	G	G	220	2	0.89%	2	1	93	93	0.2494356659142869	1	1	112	108	2	0	A
C1_BC25_191109_LF_LIB_consensus_vsearch	3272	T	T	208	6	2.69%	2	2	93	93	0.015079983859610983	1	1	104	104	4	2	-A
C1_BC25_191109_LF_LIB_consensus_vsearch	3273	A	R	210	7	3.21%	2	2	93	93	0.007437988084800957	1	1	104	106	6	1	G
C1_BC25_191109_LF_LIB_consensus_vsearch	3274	G	G	220	1	0.45%	2	1	93	93	0.4999999999999138	1	1	112	108	1	0	+A
C1_BC25_191109_LF_LIB_consensus_vsearch	3275	A	R	212	7	3.14%	2	1	93	93	0.00744137624879223	1	1	103	109	7	0	G
C1_BC25_191109_LF_LIB_consensus_vsearch	3276	G	G	218	2	0.89%	2	1	93	93	0.24943052391823226	1	1	111	107	0	2	+C
C1_BC25_191109_LF_LIB_consensus_vsearch	3277	C	C	218	2	0.89%	2	1	93	93	0.24943052391823226	1	1	112	106	0	2	+T
C1_BC25_191109_LF_LIB_consensus_vsearch	3278	G	G	220	2	0.9%	2	2	93	93	0.2494356659142869	1	1	111	109	1	1	-A
C1_BC25_191109_LF_LIB_consensus_vsearch	3279	A	A	218	1	0.45%	2	1	93	93	0.5000000000003686	1	1	111	107	0	1	C
C1_BC25_191109_LF_LIB_consensus_vsearch	3280	A	A	221	2	0.89%	2	2	93	93	0.24943820224728358	1	1	113	108	1	1	-T
C1_BC25_191109_LF_LIB_consensus_vsearch	3281	T	T	218	2	0.9%	2	2	93	93	0.24943052391823226	1	1	112	106	1	1	-G
C1_BC25_191109_LF_LIB_consensus_vsearch	3282	G	G	219	1	0.45%	2	1	93	93	0.4999999999999138	1	1	111	108	1	0	+A
C1_BC25_191109_LF_LIB_consensus_vsearch	3283	A	A	218	2	0.89%	2	1	93	93	0.24943052391823226	1	1	110	108	2	0	-T
C1_BC25_191109_LF_LIB_consensus_vsearch	3284	T	T	220	1	0.45%	2	1	93	93	0.4999999999999138	1	1	112	108	1	0	+GT
C1_BC25_191109_LF_LIB_consensus_vsearch	3285	T	T	215	4	1.79%	2	2	93	93	0.06164286277914926	1	1	108	107	3	1	+G
C1_BC25_191109_LF_LIB_consensus_vsearch	3286	A	*/-G	196	13	5.86%	2	2	93	93	1.0070666248340834E-4	1	1	107	89	3	10	-G
C1_BC25_191109_LF_LIB_consensus_vsearch	3287	G	G	206	3	1.42%	2	2	93	93	0.1241007194244273	1	1	110	96	2	1	A
C1_BC25_191109_LF_LIB_consensus_vsearch	3288	G	G	217	3	1.33%	2	2	93	93	0.12414578587710072	1	1	109	108	2	1	-CG
C1_BC25_191109_LF_LIB_consensus_vsearch	3289	C	C	217	1	0.45%	2	1	93	93	0.4999999999999138	1	1	110	107	1	0	+AC
C1_BC25_191109_LF_LIB_consensus_vsearch	3290	G	G	215	2	0.9%	2	1	93	93	0.2494226327944578	1	1	110	105	0	2	+T
C1_BC25_191109_LF_LIB_consensus_vsearch	3291	T	T	221	3	1.33%	2	2	93	93	0.12416107382546236	1	1	114	107	1	2	+C
C1_BC25_191109_LF_LIB_consensus_vsearch	3292	C	C	222	1	0.44%	2	1	93	93	0.4999999999999138	1	1	114	108	0	1	+T
C1_BC25_191109_LF_LIB_consensus_vsearch	3293	T	*/+C	205	11	4.93%	2	1	93	93	4.285433624407098E-4	1	1	99	106	11	0	+C
C1_BC25_191109_LF_LIB_consensus_vsearch	3294	C	*/-G	204	11	4.93%	2	2	93	93	4.2827676494109035E-4	1	1	108	96	4	7	-G
C1_BC25_191109_LF_LIB_consensus_vsearch	3295	G	R	180	27	12.8%	2	2	93	93	3.009517928593267E-9	1	1	83	97	26	1	A
C1_BC25_191109_LF_LIB_consensus_vsearch	3296	G	R	209	10	4.5%	2	2	93	93	8.792003591123169E-4	1	1	106	103	9	1	A
C1_BC25_191109_LF_LIB_consensus_vsearch	3297	G	G	219	5	2.22%	2	1	93	93	0.030553251388732716	1	1	115	104	0	5	A
C1_BC25_191109_LF_LIB_consensus_vsearch	3298	G	G	215	5	2.22%	2	2	93	93	0.03054059830172664	1	1	110	105	3	2	A
C1_BC25_191109_LF_LIB_consensus_vsearch	3299	C	C	218	4	1.79%	2	1	93	93	0.061654458623218986	1	1	113	105	0	4	A
C1_BC25_191109_LF_LIB_consensus_vsearch	3300	C	C	220	4	1.78%	2	2	93	93	0.061662016439223415	1	1	114	106	1	3	T
C1_BC25_191109_LF_LIB_consensus_vsearch	3301	A	A	219	4	1.79%	2	1	93	93	0.06165825449566743	1	1	111	108	4	0	G
C1_BC25_191109_LF_LIB_consensus_vsearch	3302	T	T	221	1	0.45%	2	1	93	93	0.4999999999999138	1	1	112	109	1	0	-C
C1_BC25_191109_LF_LIB_consensus_vsearch	3303	C	C	219	1	0.45%	2	1	93	93	0.4999999999999138	1	1	111	108	0	1	+A
C1_BC25_191109_LF_LIB_consensus_vsearch	3304	A	A	213	6	2.71%	2	2	93	93	0.0150923687299321	1	1	106	107	5	1	G
C1_BC25_191109_LF_LIB_consensus_vsearch	3305	T	T	212	6	2.73%	2	2	93	93	0.015089936987088519	1	1	108	104	3	3	C
C1_BC25_191109_LF_LIB_consensus_vsearch	3306	G	G	218	2	0.9%	2	2	93	93	0.24943052391823226	1	1	112	106	1	1	+C
C1_BC25_191109_LF_LIB_consensus_vsearch	3307	G	G	219	2	0.9%	2	1	93	93	0.24943310657599216	1	1	112	107	2	0	-C
C1_BC25_191109_LF_LIB_consensus_vsearch	3308	C	C	216	2	0.9%	2	1	93	93	0.249425287356441	1	1	110	106	0	2	+T
C1_BC25_191109_LF_LIB_consensus_vsearch	3309	C	C	217	2	0.89%	2	1	93	93	0.24942791762028085	1	1	114	103	0	2	-T
C1_BC25_191109_LF_LIB_consensus_vsearch	3310	T	T	216	4	1.8%	2	2	93	93	0.061646763238677425	1	1	113	103	1	3	C
C1_BC25_191109_LF_LIB_consensus_vsearch	3311	C	C	219	1	0.45%	2	1	93	93	0.4999999999999138	1	1	112	107	0	1	+G
C1_BC25_191109_LF_LIB_consensus_vsearch	3312	G	G	220	1	0.45%	2	1	93	93	0.4999999999999138	1	1	112	108	1	0	+A
C1_BC25_191109_LF_LIB_consensus_vsearch	3313	G	G	220	1	0.45%	2	1	93	93	0.4999999999999138	1	1	114	106	0	1	+C
C1_BC25_191109_LF_LIB_consensus_vsearch	3314	C	C	220	3	1.33%	2	1	93	93	0.12415730337075404	1	1	114	106	0	3	-T
C1_BC25_191109_LF_LIB_consensus_vsearch	3315	T	T	213	4	1.8%	2	2	93	93	0.06163495389099757	1	1	113	100	1	3	-C
C1_BC25_191109_LF_LIB_consensus_vsearch	3316	C	C	216	2	0.9%	2	1	93	93	0.249425287356441	1	1	111	105	2	0	+G
C1_BC25_191109_LF_LIB_consensus_vsearch	3317	A	A	213	3	1.35%	2	1	93	93	0.12412993039444345	1	1	107	106	3	0	G
C1_BC25_191109_LF_LIB_consensus_vsearch	3318	T	T	221	1	0.45%	2	1	93	93	0.4999999999999138	1	1	113	108	0	1	C
C1_BC25_191109_LF_LIB_consensus_vsearch	3319	T	T	215	4	1.78%	2	1	93	93	0.06164286277914926	1	1	113	102	0	4	+C
C1_BC25_191109_LF_LIB_consensus_vsearch	3320	C	C	216	3	1.35%	2	2	93	93	0.12414187643025615	1	1	110	106	2	1	-TC
C1_BC25_191109_LF_LIB_consensus_vsearch	3321	T	T	218	0	0%	2	0	93	0	1.0	1	0	110	108	0	0	
C1_BC25_191109_LF_LIB_consensus_vsearch	3322	C	*/-A	203	12	5.48%	2	2	93	93	2.0851661109317314E-4	1	1	108	95	1	11	-A
C1_BC25_191109_LF_LIB_consensus_vsearch	3323	A	A	206	2	0.96%	2	2	93	93	0.2493975903616476	1	1	110	96	1	1	G
C1_BC25_191109_LF_LIB_consensus_vsearch	3324	A	A	219	2	0.9%	2	2	93	93	0.24943310657599216	1	1	112	107	1	1	G
C1_BC25_191109_LF_LIB_consensus_vsearch	3325	A	A	217	5	2.24%	2	2	93	93	0.03054698177238809	1	1	109	108	4	1	G
C1_BC25_191109_LF_LIB_consensus_vsearch	3326	C	*/-T	203	20	8.97%	2	1	93	93	6.107459539817822E-7	1	1	113	90	0	20	-T
C1_BC25_191109_LF_LIB_consensus_vsearch	3327	T	*/-C	192	10	4.93%	2	2	93	93	8.712766047726398E-4	1	1	104	88	9	1	-C
C1_BC25_191109_LF_LIB_consensus_vsearch	3328	C	C	213	0	0%	2	0	93	0	1.0	1	0	104	109	0	0	
C1_BC25_191109_LF_LIB_consensus_vsearch	3329	C	*/-GA	192	12	5.36%	2	2	93	93	2.0669925458579255E-4	1	1	88	104	11	1	-GA
C1_BC25_191109_LF_LIB_consensus_vsearch	3330	G	G	196	6	2.91%	2	1	93	93	0.015047771623015741	1	1	88	108	6	0	-A
C1_BC25_191109_LF_LIB_consensus_vsearch	3331	A	A	199	4	1.96%	2	2	93	93	0.061575222865550984	1	1	93	106	2	2	G
C1_BC25_191109_LF_LIB_consensus_vsearch	3332	A	A	211	6	2.7%	2	1	93	93	0.015087482939793164	1	1	105	106	6	0	G
C1_BC25_191109_LF_LIB_consensus_vsearch	3333	T	K	195	19	8.64%	2	1	93	93	1.2560731117652181E-6	1	1	89	106	19	0	G
C1_BC25_191109_LF_LIB_consensus_vsearch	3334	T	T	217	3	1.33%	2	2	93	93	0.12414578587710072	1	1	111	106	2	1	C
C1_BC25_191109_LF_LIB_consensus_vsearch	3335	G	G	213	6	2.7%	2	2	93	93	0.0150923687299321	1	1	108	105	4	2	A
C1_BC25_191109_LF_LIB_consensus_vsearch	3336	C	Y	211	8	3.59%	2	1	93	93	0.0036602593149509337	1	1	113	98	0	8	T
C1_BC25_191109_LF_LIB_consensus_vsearch	3337	A	A	216	2	0.9%	2	2	93	93	0.249425287356441	1	1	111	105	1	1	-TG
C1_BC25_191109_LF_LIB_consensus_vsearch	3338	T	T	214	3	1.36%	2	1	93	93	0.12413394919162732	1	1	113	101	0	3	C
C1_BC25_191109_LF_LIB_consensus_vsearch	3339	G	R	211	10	4.48%	2	2	93	93	8.800549103686053E-4	1	1	104	107	9	1	A
C1_BC25_191109_LF_LIB_consensus_vsearch	3340	C	C	219	3	1.34%	2	1	93	93	0.12415349887135622	1	1	114	105	0	3	T
C1_BC25_191109_LF_LIB_consensus_vsearch	3341	G	G	222	2	0.89%	2	1	93	93	0.24944071588395061	1	1	113	109	2	0	-A
C1_BC25_191109_LF_LIB_consensus_vsearch	3342	A	A	221	1	0.45%	2	1	93	93	0.4999999999999138	1	1	113	108	0	1	-TCC
C1_BC25_191109_LF_LIB_consensus_vsearch	3343	T	*/-C	198	23	10.27%	2	2	93	93	6.520220361141492E-8	1	1	93	105	21	2	-C
C1_BC25_191109_LF_LIB_consensus_vsearch	3344	C	C	200	0	0%	2	0	93	0	1.0	1	0	93	107	0	0	
C1_BC25_191109_LF_LIB_consensus_vsearch	3345	C	C	222	1	0.45%	2	1	93	93	0.4999999999999138	1	1	114	108	0	1	+T
C1_BC25_191109_LF_LIB_consensus_vsearch	3346	C	C	216	5	2.22%	2	1	93	93	0.030543804461782422	1	1	114	102	0	5	T
C1_BC25_191109_LF_LIB_consensus_vsearch	3347	G	G	220	1	0.45%	2	1	93	93	0.4999999999999138	1	1	112	108	1	0	+A
C1_BC25_191109_LF_LIB_consensus_vsearch	3348	T	T	221	2	0.89%	2	2	93	93	0.24943820224728358	1	1	114	107	1	1	-G
C1_BC25_191109_LF_LIB_consensus_vsearch	3349	G	G	221	1	0.45%	2	1	93	93	0.4999999999999138	1	1	113	108	1	0	-CT
C1_BC25_191109_LF_LIB_consensus_vsearch	3350	C	C	210	4	1.79%	2	1	93	93	0.06162281305968737	1	1	111	99	0	4	T
C1_BC25_191109_LF_LIB_consensus_vsearch	3351	T	T	212	2	0.9%	2	1	93	93	0.24941451990645544	1	1	109	103	2	0	+G
C1_BC25_191109_LF_LIB_consensus_vsearch	3352	G	G	211	3	1.34%	2	1	93	93	0.12412177985949331	1	1	109	102	0	3	+C
C1_BC25_191109_LF_LIB_consensus_vsearch	3353	T	T	208	6	2.7%	2	2	93	93	0.015079983859610983	1	1	108	100	5	1	C
C1_BC25_191109_LF_LIB_consensus_vsearch	3354	G	G	216	2	0.9%	2	1	93	93	0.249425287356441	1	1	111	105	2	0	-A
C1_BC25_191109_LF_LIB_consensus_vsearch	3355	A	*/-C	212	8	3.59%	2	1	93	93	0.003661360523321731	1	1	104	108	8	0	-C
C1_BC25_191109_LF_LIB_consensus_vsearch	3356	C	C	214	1	0.46%	2	1	93	93	0.5000000000001412	1	1	106	108	1	0	+G
C1_BC25_191109_LF_LIB_consensus_vsearch	3357	C	*/+T	206	9	4%	2	2	93	93	0.001793225137980622	1	1	106	100	2	7	+T
C1_BC25_191109_LF_LIB_consensus_vsearch	3358	T	T	213	4	1.84%	2	2	93	93	0.06163495389099757	1	1	106	107	3	1	A
C1_BC25_191109_LF_LIB_consensus_vsearch	3359	T	T	215	2	0.9%	2	1	93	93	0.2494226327944578	1	1	108	107	0	2	+G
C1_BC25_191109_LF_LIB_consensus_vsearch	3360	G	*/-TG	202	16	7.24%	2	1	93	93	1.1469793493705302E-5	1	1	94	108	16	0	-TG
C1_BC25_191109_LF_LIB_consensus_vsearch	3361	T	T	196	5	2.44%	2	2	93	93	0.03047362796017546	1	1	90	106	4	1	C
C1_BC25_191109_LF_LIB_consensus_vsearch	3362	G	G	205	1	0.49%	2	1	93	93	0.5000000000001412	1	1	96	109	1	0	A
C1_BC25_191109_LF_LIB_consensus_vsearch	3363	G	G	223	1	0.45%	2	1	93	93	0.5000000000003686	1	1	114	109	1	0	A
C1_BC25_191109_LF_LIB_consensus_vsearch	3364	C	C	221	3	1.33%	2	1	93	93	0.12416107382546236	1	1	112	109	3	0	-AC
C1_BC25_191109_LF_LIB_consensus_vsearch	3365	A	A	219	1	0.45%	2	1	93	93	0.4999999999999138	1	1	110	109	1	0	+C
C1_BC25_191109_LF_LIB_consensus_vsearch	3366	C	C	220	2	0.9%	2	1	93	93	0.2494356659142869	1	1	112	108	0	2	-GC
C1_BC25_191109_LF_LIB_consensus_vsearch	3367	G	G	219	3	1.35%	2	1	93	93	0.12415349887135622	1	1	111	108	3	0	-C
C1_BC25_191109_LF_LIB_consensus_vsearch	3368	C	C	218	1	0.46%	2	1	93	93	0.5000000000003686	1	1	110	108	1	0	A
C1_BC25_191109_LF_LIB_consensus_vsearch	3369	C	C	213	4	1.79%	2	1	93	93	0.06163495389099757	1	1	112	101	0	4	-G
C1_BC25_191109_LF_LIB_consensus_vsearch	3370	G	G	213	1	0.46%	2	1	93	93	0.4999999999999138	1	1	110	103	1	0	+A
C1_BC25_191109_LF_LIB_consensus_vsearch	3371	G	G	216	4	1.79%	2	1	93	93	0.061646763238677425	1	1	107	109	4	0	+A
C1_BC25_191109_LF_LIB_consensus_vsearch	3372	G	G	218	2	0.9%	2	1	93	93	0.24943052391823226	1	1	109	109	2	0	C
C1_BC25_191109_LF_LIB_consensus_vsearch	3373	C	*/+A	168	38	17.04%	2	2	93	93	5.549446038334703E-13	1	1	109	59	1	37	+A
C1_BC25_191109_LF_LIB_consensus_vsearch	3374	A	A	212	2	0.93%	2	1	93	93	0.24941451990645544	1	1	109	103	2	0	G
C1_BC25_191109_LF_LIB_consensus_vsearch	3375	A	A	219	3	1.35%	2	1	93	93	0.12415349887135622	1	1	110	109	3	0	G
C1_BC25_191109_LF_LIB_consensus_vsearch	3376	A	A	218	3	1.34%	2	1	93	93	0.12414965986396012	1	1	109	109	3	0	G
C1_BC25_191109_LF_LIB_consensus_vsearch	3377	T	T	218	4	1.8%	2	2	93	93	0.061654458623218986	1	1	112	106	1	3	C
C1_BC25_191109_LF_LIB_consensus_vsearch	3378	G	G	219	2	0.89%	2	1	93	93	0.24943310657599216	1	1	110	109	2	0	A
C1_BC25_191109_LF_LIB_consensus_vsearch	3379	A	A	214	4	1.79%	2	2	93	93	0.061638926495252586	1	1	107	107	2	2	G
C1_BC25_191109_LF_LIB_consensus_vsearch	3380	C	C	215	6	2.68%	2	1	93	93	0.01509716650743782	1	1	106	109	6	0	+A
C1_BC25_191109_LF_LIB_consensus_vsearch	3381	A	*/-G	197	18	8.11%	2	2	93	93	2.6322566298277565E-6	1	1	106	91	1	17	-G
C1_BC25_191109_LF_LIB_consensus_vsearch	3382	G	G	205	1	0.48%	2	1	93	93	0.5000000000001412	1	1	113	92	1	0	+AGCAG
C1_BC25_191109_LF_LIB_consensus_vsearch	3383	G	G	220	2	0.89%	2	1	93	93	0.2494356659142869	1	1	110	110	2	0	+A
C1_BC25_191109_LF_LIB_consensus_vsearch	3384	A	A	224	1	0.44%	2	1	93	93	0.4999999999999138	1	1	114	110	1	0	G
C1_BC25_191109_LF_LIB_consensus_vsearch	3385	C	*/+A	213	8	3.56%	2	1	93	93	0.0036624519192641563	1	1	103	110	8	0	+A
C1_BC25_191109_LF_LIB_consensus_vsearch	3386	G	S	204	10	4.46%	2	2	93	93	8.769963348909129E-4	1	1	99	105	9	1	C
C1_BC25_191109_LF_LIB_consensus_vsearch	3387	C	C	203	6	2.73%	2	1	93	93	0.01506700937567325	1	1	101	102	6	0	+A
C1_BC25_191109_LF_LIB_consensus_vsearch	3388	A	A	212	3	1.38%	2	1	93	93	0.1241258741259166	1	1	111	101	0	3	G
C1_BC25_191109_LF_LIB_consensus_vsearch	3389	A	R	210	7	3.15%	2	2	93	93	0.007437988084800957	1	1	111	99	2	5	G
C1_BC25_191109_LF_LIB_consensus_vsearch	3390	G	*/-TG	205	9	4.02%	2	1	93	93	0.0017924949478988227	1	1	110	95	0	9	-TG
C1_BC25_191109_LF_LIB_consensus_vsearch	3391	T	*/-G	182	15	7.08%	2	2	93	93	2.3139849326863054E-5	1	1	111	71	2	13	-G
C1_BC25_191109_LF_LIB_consensus_vsearch	3392	G	G	190	5	2.51%	2	1	93	93	0.03044977182598529	1	1	107	83	5	0	A
C1_BC25_191109_LF_LIB_consensus_vsearch	3393	G	G	219	2	0.9%	2	1	93	93	0.24943310657599216	1	1	111	108	2	0	+A
C1_BC25_191109_LF_LIB_consensus_vsearch	3394	G	G	223	2	0.89%	2	2	93	93	0.24944320712692292	1	1	114	109	1	1	A
C1_BC25_191109_LF_LIB_consensus_vsearch	3395	C	C	215	4	1.78%	2	2	93	93	0.06164286277914926	1	1	109	106	1	3	T
C1_BC25_191109_LF_LIB_consensus_vsearch	3396	T	T	222	1	0.44%	2	1	93	93	0.4999999999999138	1	1	114	108	0	1	+G
C1_BC25_191109_LF_LIB_consensus_vsearch	3397	G	G	223	1	0.44%	2	1	93	93	0.5000000000003686	1	1	113	110	1	0	+AAG
C1_BC25_191109_LF_LIB_consensus_vsearch	3398	G	*/-T	180	32	14.22%	2	2	93	93	6.571054618738405E-11	1	1	76	104	29	3	-T
C1_BC25_191109_LF_LIB_consensus_vsearch	3399	T	T	188	4	2.08%	2	2	93	93	0.061522172652713904	1	1	84	104	2	2	C
C1_BC25_191109_LF_LIB_consensus_vsearch	3400	T	T	223	1	0.45%	2	1	93	93	0.5000000000003686	1	1	115	108	0	1	C
C1_BC25_191109_LF_LIB_consensus_vsearch	3401	T	T	225	0	0%	2	0	93	0	1.0	1	0	115	110	0	0	
C1_BC25_191109_LF_LIB_consensus_vsearch	3402	T	*/-G	193	26	11.56%	2	1	93	93	6.773779009274082E-9	1	1	115	78	0	26	-G
C1_BC25_191109_LF_LIB_consensus_vsearch	3403	G	G	187	4	2.04%	2	2	93	93	0.06151704651694607	1	1	111	76	1	3	T
C1_BC25_191109_LF_LIB_consensus_vsearch	3404	G	G	215	2	0.9%	2	1	93	93	0.2494226327944578	1	1	114	101	0	2	-T
C1_BC25_191109_LF_LIB_consensus_vsearch	3405	T	*/-A	187	14	6.36%	2	2	93	93	4.828732418008738E-5	1	1	110	77	2	12	-A
C1_BC25_191109_LF_LIB_consensus_vsearch	3406	A	A	201	4	1.91%	2	2	93	93	0.061584255960787086	1	1	112	89	1	3	G
C1_BC25_191109_LF_LIB_consensus_vsearch	3407	A	R	206	7	3.14%	2	2	93	93	0.007431022745174962	1	1	111	95	1	6	G
C1_BC25_191109_LF_LIB_consensus_vsearch	3408	G	G	209	5	2.27%	2	1	93	93	0.030520732883336912	1	1	107	102	5	0	A
C1_BC25_191109_LF_LIB_consensus_vsearch	3409	C	C	214	3	1.35%	2	1	93	93	0.12413394919162732	1	1	110	104	3	0	+A
C1_BC25_191109_LF_LIB_consensus_vsearch	3410	A	A	214	3	1.35%	2	2	93	93	0.12413394919162732	1	1	110	104	1	2	T
C1_BC25_191109_LF_LIB_consensus_vsearch	3411	G	G	222	1	0.45%	2	1	93	93	0.4999999999999138	1	1	114	108	1	0	-A
C1_BC25_191109_LF_LIB_consensus_vsearch	3412	A	A	219	3	1.34%	2	1	93	93	0.12415349887135622	1	1	110	109	3	0	+G
C1_BC25_191109_LF_LIB_consensus_vsearch	3413	A	A	222	2	0.89%	2	2	93	93	0.24944071588395061	1	1	114	108	1	1	G
C1_BC25_191109_LF_LIB_consensus_vsearch	3414	C	C	217	4	1.79%	2	2	93	93	0.0616506283607095	1	1	111	106	2	2	-T
C1_BC25_191109_LF_LIB_consensus_vsearch	3415	T	T	216	3	1.36%	2	2	93	93	0.12414187643025615	1	1	111	105	1	2	C
C1_BC25_191109_LF_LIB_consensus_vsearch	3416	G	G	220	2	0.89%	2	2	93	93	0.2494356659142869	1	1	113	107	1	1	A
C1_BC25_191109_LF_LIB_consensus_vsearch	3417	G	G	224	1	0.44%	2	1	93	93	0.4999999999999138	1	1	115	109	0	1	+AAA
C1_BC25_191109_LF_LIB_consensus_vsearch	3418	C	C	219	4	1.78%	2	2	93	93	0.06165825449566743	1	1	111	108	3	1	-GC
C1_BC25_191109_LF_LIB_consensus_vsearch	3419	G	G	217	2	0.9%	2	2	93	93	0.24942791762028085	1	1	110	107	1	1	A
C1_BC25_191109_LF_LIB_consensus_vsearch	3420	C	C	213	5	2.26%	2	2	93	93	0.030534097847134272	1	1	109	104	2	3	T
C1_BC25_191109_LF_LIB_consensus_vsearch	3421	T	T	218	3	1.35%	2	2	93	93	0.12414965986396012	1	1	113	105	1	2	C
C1_BC25_191109_LF_LIB_consensus_vsearch	3422	G	*/-C	204	11	4.93%	2	2	93	93	4.2827676494109035E-4	1	1	108	96	2	9	-C
C1_BC25_191109_LF_LIB_consensus_vsearch	3423	C	*/-G	154	35	16.91%	2	2	93	93	5.133466920983675E-12	1	1	101	53	3	32	-G
C1_BC25_191109_LF_LIB_consensus_vsearch	3424	G	R	134	31	17.13%	2	1	93	93	9.831545390040848E-11	1	1	76	58	31	0	A
C1_BC25_191109_LF_LIB_consensus_vsearch	3425	G	G	214	3	1.35%	2	1	93	93	0.12413394919162732	1	1	110	104	0	3	T
C1_BC25_191109_LF_LIB_consensus_vsearch	3426	G	G	217	4	1.78%	2	1	93	93	0.0616506283607095	1	1	109	108	4	0	-A
C1_BC25_191109_LF_LIB_consensus_vsearch	3427	A	A	214	4	1.81%	2	2	93	93	0.061638926495252586	1	1	106	108	3	1	G
C1_BC25_191109_LF_LIB_consensus_vsearch	3428	T	T	223	1	0.44%	2	1	93	93	0.5000000000003686	1	1	114	109	1	0	+C
C1_BC25_191109_LF_LIB_consensus_vsearch	3429	C	C	216	6	2.67%	2	2	93	93	0.015099533131216845	1	1	109	107	5	1	-A
C1_BC25_191109_LF_LIB_consensus_vsearch	3430	A	A	217	2	0.91%	2	2	93	93	0.24942791762028085	1	1	109	108	1	1	G
C1_BC25_191109_LF_LIB_consensus_vsearch	3431	A	R	202	14	6.22%	2	1	93	93	4.9105420013800674E-5	1	1	92	110	14	0	G
C1_BC25_191109_LF_LIB_consensus_vsearch	3432	C	C	215	3	1.37%	2	1	93	93	0.12413793103441495	1	1	105	110	3	0	G
C1_BC25_191109_LF_LIB_consensus_vsearch	3433	C	*/+A	208	7	3.11%	2	1	93	93	0.007434537497224064	1	1	105	103	7	0	+A
C1_BC25_191109_LF_LIB_consensus_vsearch	3434	G	*/-A	216	8	3.57%	2	2	93	93	0.003665668526289429	1	1	108	108	7	1	-A
C1_BC25_191109_LF_LIB_consensus_vsearch	3435	A	A	215	2	0.92%	2	2	93	93	0.2494226327944578	1	1	107	108	1	1	T
C1_BC25_191109_LF_LIB_consensus_vsearch	3436	A	A	220	2	0.89%	2	2	93	93	0.2494356659142869	1	1	114	106	1	1	G
C1_BC25_191109_LF_LIB_consensus_vsearch	3437	C	C	221	1	0.45%	2	1	93	93	0.4999999999999138	1	1	114	107	1	0	-G
C1_BC25_191109_LF_LIB_consensus_vsearch	3438	G	G	218	2	0.9%	2	2	93	93	0.24943052391823226	1	1	111	107	1	1	-C
C1_BC25_191109_LF_LIB_consensus_vsearch	3439	C	C	214	3	1.35%	2	2	93	93	0.12413394919162732	1	1	109	105	2	1	A
C1_BC25_191109_LF_LIB_consensus_vsearch	3440	C	Y	213	8	3.56%	2	2	93	93	0.0036624519192641563	1	1	113	100	1	7	T
C1_BC25_191109_LF_LIB_consensus_vsearch	3441	A	A	215	3	1.35%	2	1	93	93	0.12413793103441495	1	1	110	105	3	0	G
C1_BC25_191109_LF_LIB_consensus_vsearch	3442	T	T	215	2	0.9%	2	1	93	93	0.2494226327944578	1	1	112	103	0	2	-GCT
C1_BC25_191109_LF_LIB_consensus_vsearch	3443	G	G	216	2	0.9%	2	1	93	93	0.249425287356441	1	1	110	106	2	0	-C
C1_BC25_191109_LF_LIB_consensus_vsearch	3444	C	C	216	1	0.45%	2	1	93	93	0.4999999999999138	1	1	113	103	0	1	-T
C1_BC25_191109_LF_LIB_consensus_vsearch	3445	T	*/-A	194	17	7.73%	2	2	93	93	5.454975141743846E-6	1	1	94	100	13	4	-A
C1_BC25_191109_LF_LIB_consensus_vsearch	3446	A	A	201	2	0.97%	2	2	93	93	0.2493827160493913	1	1	100	101	1	1	G
C1_BC25_191109_LF_LIB_consensus_vsearch	3447	A	*/-G	210	8	3.57%	2	2	93	93	0.0036591481612605	1	1	107	103	5	3	-G
C1_BC25_191109_LF_LIB_consensus_vsearch	3448	G	G	205	5	2.31%	2	1	93	93	0.03050685942891605	1	1	103	102	5	0	+A
C1_BC25_191109_LF_LIB_consensus_vsearch	3449	G	K	213	7	3.11%	2	1	93	93	0.007443047448823043	1	1	105	108	7	0	T
C1_BC25_191109_LF_LIB_consensus_vsearch	3450	T	T	216	2	0.89%	2	1	93	93	0.249425287356441	1	1	111	105	2	0	+A
C1_BC25_191109_LF_LIB_consensus_vsearch	3451	G	G	209	3	1.35%	2	1	93	93	0.12411347517731831	1	1	103	106	3	0	+C
C1_BC25_191109_LF_LIB_consensus_vsearch	3452	C	C	217	1	0.45%	2	1	93	93	0.4999999999999138	1	1	111	106	0	1	A
C1_BC25_191109_LF_LIB_consensus_vsearch	3453	C	*/-A	200	11	4.91%	2	1	93	93	4.27186182801716E-4	1	1	98	102	11	0	-A
C1_BC25_191109_LF_LIB_consensus_vsearch	3454	A	A	203	4	1.9%	2	2	93	93	0.06159311429633927	1	1	99	104	2	2	G
C1_BC25_191109_LF_LIB_consensus_vsearch	3455	A	A	219	1	0.45%	2	1	93	93	0.4999999999999138	1	1	111	108	1	0	+GG
C1_BC25_191109_LF_LIB_consensus_vsearch	3456	A	A	223	1	0.45%	2	1	93	93	0.5000000000003686	1	1	113	110	1	0	C
C1_BC25_191109_LF_LIB_consensus_vsearch	3457	G	*/+T	205	17	7.56%	2	1	93	93	5.550018768328578E-6	1	1	112	93	0	17	+T
C1_BC25_191109_LF_LIB_consensus_vsearch	3458	T	T	219	3	1.34%	2	2	93	93	0.12415349887135622	1	1	111	108	1	2	C
C1_BC25_191109_LF_LIB_consensus_vsearch	3459	C	*/-T	205	16	7.14%	2	1	93	93	1.1515964001761286E-5	1	1	111	94	0	16	-T
C1_BC25_191109_LF_LIB_consensus_vsearch	3460	T	T	195	5	2.42%	2	2	93	93	0.03046975120420833	1	1	103	92	3	2	C
C1_BC25_191109_LF_LIB_consensus_vsearch	3461	A	*/-G	183	18	8.22%	2	2	93	93	2.5620436062603955E-6	1	1	102	81	2	16	-G
C1_BC25_191109_LF_LIB_consensus_vsearch	3462	G	G	204	1	0.49%	2	1	93	93	0.5000000000001412	1	1	110	94	1	0	A
C1_BC25_191109_LF_LIB_consensus_vsearch	3463	G	G	217	6	2.67%	2	1	93	93	0.015101878629034914	1	1	109	108	6	0	-C
C1_BC25_191109_LF_LIB_consensus_vsearch	3464	C	C	214	3	1.37%	2	1	93	93	0.12413394919162732	1	1	106	108	3	0	G
C1_BC25_191109_LF_LIB_consensus_vsearch	3465	C	C	214	5	2.22%	2	2	93	93	0.030537362897492103	1	1	109	105	3	2	T
C1_BC25_191109_LF_LIB_consensus_vsearch	3466	A	A	217	2	0.91%	2	1	93	93	0.24942791762028085	1	1	112	105	0	2	+C
C1_BC25_191109_LF_LIB_consensus_vsearch	3467	A	A	219	3	1.34%	2	2	93	93	0.12415349887135622	1	1	112	107	2	1	G
C1_BC25_191109_LF_LIB_consensus_vsearch	3468	T	T	220	2	0.9%	2	1	93	93	0.2494356659142869	1	1	114	106	0	2	C
C1_BC25_191109_LF_LIB_consensus_vsearch	3469	G	G	223	1	0.45%	2	1	93	93	0.5000000000003686	1	1	115	108	0	1	C
C1_BC25_191109_LF_LIB_consensus_vsearch	3470	G	G	224	1	0.44%	2	1	93	93	0.4999999999999138	1	1	115	109	0	1	-AT
C1_BC25_191109_LF_LIB_consensus_vsearch	3471	A	A	221	2	0.89%	2	1	93	93	0.24943820224728358	1	1	115	106	0	2	G
C1_BC25_191109_LF_LIB_consensus_vsearch	3472	T	T	221	1	0.45%	2	1	93	93	0.4999999999999138	1	1	113	108	1	0	+A
C1_BC25_191109_LF_LIB_consensus_vsearch	3473	G	G	221	2	0.89%	2	1	93	93	0.24943820224728358	1	1	114	107	0	2	-TA
C1_BC25_191109_LF_LIB_consensus_vsearch	3474	T	*/-A	130	47	21.27%	2	2	93	93	2.0844097809886397E-16	1	1	48	82	36	11	-A
C1_BC25_191109_LF_LIB_consensus_vsearch	3475	A	A	152	1	0.65%	2	1	93	93	0.4999999999999138	1	1	62	90	1	0	C
C1_BC25_191109_LF_LIB_consensus_vsearch	3476	A	A	201	2	0.99%	2	2	93	93	0.2493827160493913	1	1	98	103	1	1	G
C1_BC25_191109_LF_LIB_consensus_vsearch	3477	A	A	216	1	0.46%	2	1	93	93	0.4999999999999138	1	1	109	107	0	1	+G
C1_BC25_191109_LF_LIB_consensus_vsearch	3478	A	A	219	4	1.78%	2	2	93	93	0.06165825449566743	1	1	112	107	3	1	G
C1_BC25_191109_LF_LIB_consensus_vsearch	3479	A	A	219	4	1.78%	2	1	93	93	0.06165825449566743	1	1	110	109	4	0	-G
C1_BC25_191109_LF_LIB_consensus_vsearch	3480	G	G	218	3	1.36%	2	1	93	93	0.12414965986396012	1	1	111	107	0	3	T
C1_BC25_191109_LF_LIB_consensus_vsearch	3481	G	G	218	5	2.22%	2	1	93	93	0.030550130621104243	1	1	113	105	0	5	-CG
C1_BC25_191109_LF_LIB_consensus_vsearch	3482	C	C	217	2	0.91%	2	1	93	93	0.24942791762028085	1	1	115	102	0	2	T
C1_BC25_191109_LF_LIB_consensus_vsearch	3483	G	G	218	1	0.45%	2	1	93	93	0.5000000000003686	1	1	113	105	1	0	-T
C1_BC25_191109_LF_LIB_consensus_vsearch	3484	T	T	224	0	0%	2	0	93	0	1.0	1	0	114	110	0	0	
C1_BC25_191109_LF_LIB_consensus_vsearch	3485	C	C	219	5	2.22%	2	2	93	93	0.030553251388732716	1	1	114	105	1	4	-G
C1_BC25_191109_LF_LIB_consensus_vsearch	3486	G	R	210	8	3.65%	2	1	93	93	0.0036591481612605	1	1	105	105	8	0	A
C1_BC25_191109_LF_LIB_consensus_vsearch	3487	G	G	224	0	0%	2	0	93	0	1.0	1	0	115	109	0	0	
C1_BC25_191109_LF_LIB_consensus_vsearch	3488	G	G	223	1	0.45%	2	1	93	93	0.5000000000003686	1	1	115	108	0	1	A
C1_BC25_191109_LF_LIB_consensus_vsearch	3489	C	C	221	2	0.89%	2	1	93	93	0.24943820224728358	1	1	114	107	0	2	-G
C1_BC25_191109_LF_LIB_consensus_vsearch	3490	G	R	203	13	5.86%	2	1	93	93	1.0135552209744578E-4	1	1	98	105	13	0	A
C1_BC25_191109_LF_LIB_consensus_vsearch	3491	G	G	218	2	0.89%	2	1	93	93	0.24943052391823226	1	1	112	106	0	2	-T
C1_BC25_191109_LF_LIB_consensus_vsearch	3492	T	T	217	2	0.9%	2	1	93	93	0.24942791762028085	1	1	114	103	0	2	-G
C1_BC25_191109_LF_LIB_consensus_vsearch	3493	G	G	218	2	0.9%	2	1	93	93	0.24943052391823226	1	1	114	104	0	2	C
C1_BC25_191109_LF_LIB_consensus_vsearch	3494	A	*/-TGA	211	7	3.12%	2	2	93	93	0.007439689863414905	1	1	105	106	6	1	-TGA
C1_BC25_191109_LF_LIB_consensus_vsearch	3495	T	T	213	1	0.46%	2	1	93	93	0.4999999999999138	1	1	106	107	1	0	+A
C1_BC25_191109_LF_LIB_consensus_vsearch	3496	G	G	212	2	0.93%	2	2	93	93	0.24941451990645544	1	1	106	106	1	1	-A
C1_BC25_191109_LF_LIB_consensus_vsearch	3497	A	A	211	1	0.47%	2	1	93	93	0.5000000000001412	1	1	105	106	1	0	+TGA
C1_BC25_191109_LF_LIB_consensus_vsearch	3498	C	C	218	2	0.9%	2	1	93	93	0.24943052391823226	1	1	112	106	0	2	T
C1_BC25_191109_LF_LIB_consensus_vsearch	3499	A	A	218	3	1.35%	2	1	93	93	0.12414965986396012	1	1	109	109	3	0	G
C1_BC25_191109_LF_LIB_consensus_vsearch	3500	G	G	218	2	0.89%	2	2	93	93	0.24943052391823226	1	1	110	108	1	1	A
C1_BC25_191109_LF_LIB_consensus_vsearch	3501	C	C	217	3	1.35%	2	2	93	93	0.12414578587710072	1	1	112	105	1	2	T
C1_BC25_191109_LF_LIB_consensus_vsearch	3502	A	*/-G	203	11	4.95%	2	1	93	93	4.280077806644155E-4	1	1	110	93	0	11	-G
C1_BC25_191109_LF_LIB_consensus_vsearch	3503	G	G	208	3	1.4%	2	1	93	93	0.12410926365791558	1	1	114	94	0	3	+T
C1_BC25_191109_LF_LIB_consensus_vsearch	3504	G	G	225	0	0%	2	0	93	0	1.0	1	0	115	110	0	0	
C1_BC25_191109_LF_LIB_consensus_vsearch	3505	A	A	219	2	0.89%	2	1	93	93	0.24943310657599216	1	1	114	105	0	2	+TT
C1_BC25_191109_LF_LIB_consensus_vsearch	3506	C	C	217	4	1.79%	2	1	93	93	0.0616506283607095	1	1	114	103	0	4	T
C1_BC25_191109_LF_LIB_consensus_vsearch	3507	G	G	221	1	0.45%	2	1	93	93	0.4999999999999138	1	1	113	108	0	1	+C
C1_BC25_191109_LF_LIB_consensus_vsearch	3508	G	G	220	2	0.89%	2	2	93	93	0.2494356659142869	1	1	112	108	1	1	-TGG
C1_BC25_191109_LF_LIB_consensus_vsearch	3509	T	T	212	3	1.35%	2	1	93	93	0.1241258741259166	1	1	112	100	0	3	+G
C1_BC25_191109_LF_LIB_consensus_vsearch	3510	G	G	216	2	0.91%	2	2	93	93	0.249425287356441	1	1	112	104	1	1	A
C1_BC25_191109_LF_LIB_consensus_vsearch	3511	G	G	215	3	1.35%	2	2	93	93	0.12413793103441495	1	1	112	103	1	2	-C
C1_BC25_191109_LF_LIB_consensus_vsearch	3512	C	Y	210	9	4.07%	2	2	93	93	0.0017960807336148846	1	1	112	98	2	7	T
C1_BC25_191109_LF_LIB_consensus_vsearch	3513	C	Y	209	11	4.91%	2	1	93	93	4.2958650804029443E-4	1	1	113	96	0	11	T
C1_BC25_191109_LF_LIB_consensus_vsearch	3514	A	A	206	5	2.25%	2	2	93	93	0.030510377042941562	1	1	109	97	1	4	G
C1_BC25_191109_LF_LIB_consensus_vsearch	3515	T	*/-G	175	23	10.8%	2	2	93	93	6.05273689417414E-8	1	1	92	83	16	7	-G
C1_BC25_191109_LF_LIB_consensus_vsearch	3516	G	G	187	1	0.53%	2	1	93	93	0.4999999999999138	1	1	94	93	0	1	+C
C1_BC25_191109_LF_LIB_consensus_vsearch	3517	G	*/-A	200	7	3.24%	2	2	93	93	0.007420075094973923	1	1	107	93	3	4	-A
C1_BC25_191109_LF_LIB_consensus_vsearch	3518	A	A	203	2	0.96%	2	1	93	93	0.2493887530563227	1	1	111	92	0	2	C
C1_BC25_191109_LF_LIB_consensus_vsearch	3519	A	A	209	4	1.81%	2	1	93	93	0.061618690029214815	1	1	110	99	4	0	-G
C1_BC25_191109_LF_LIB_consensus_vsearch	3520	G	G	211	3	1.36%	2	1	93	93	0.12412177985949331	1	1	106	105	3	0	A
C1_BC25_191109_LF_LIB_consensus_vsearch	3521	T	T	221	1	0.45%	2	1	93	93	0.4999999999999138	1	1	113	108	1	0	+C
C1_BC25_191109_LF_LIB_consensus_vsearch	3522	C	C	217	2	0.89%	2	1	93	93	0.24942791762028085	1	1	111	106	2	0	-G
C1_BC25_191109_LF_LIB_consensus_vsearch	3523	G	G	215	4	1.81%	2	1	93	93	0.06164286277914926	1	1	107	108	4	0	A
C1_BC25_191109_LF_LIB_consensus_vsearch	3524	G	G	221	1	0.45%	2	1	93	93	0.4999999999999138	1	1	113	108	0	1	+TTGG
C1_BC25_191109_LF_LIB_consensus_vsearch	3525	C	C	222	1	0.45%	2	1	93	93	0.4999999999999138	1	1	112	110	1	0	+T
C1_BC25_191109_LF_LIB_consensus_vsearch	3526	A	*/-C	200	15	6.7%	2	2	93	93	2.3701643162627867E-5	1	1	104	96	3	12	-C
C1_BC25_191109_LF_LIB_consensus_vsearch	3527	C	C	205	1	0.48%	2	1	93	93	0.5000000000001412	1	1	110	95	0	1	+T
C1_BC25_191109_LF_LIB_consensus_vsearch	3528	C	C	217	3	1.35%	2	2	93	93	0.12414578587710072	1	1	112	105	2	1	T
C1_BC25_191109_LF_LIB_consensus_vsearch	3529	C	C	209	6	2.69%	2	1	93	93	0.015082506692930204	1	1	112	97	0	6	-GCT
C1_BC25_191109_LF_LIB_consensus_vsearch	3530	G	G	211	2	0.93%	2	2	93	93	0.24941176470603904	1	1	109	102	1	1	+C
C1_BC25_191109_LF_LIB_consensus_vsearch	3531	C	C	213	2	0.92%	2	1	93	93	0.249417249417318	1	1	110	103	2	0	+T
C1_BC25_191109_LF_LIB_consensus_vsearch	3532	T	Y	195	11	5.07%	2	2	93	93	4.2576599996950053E-4	1	1	103	92	1	10	C
C1_BC25_191109_LF_LIB_consensus_vsearch	3533	A	A	210	2	0.93%	2	1	93	93	0.24940898345148782	1	1	103	107	2	0	G
C1_BC25_191109_LF_LIB_consensus_vsearch	3534	A	*/-GA	198	19	8.52%	2	1	93	93	1.2636778396454046E-6	1	1	90	108	19	0	-GA
C1_BC25_191109_LF_LIB_consensus_vsearch	3535	G	G	188	5	2.5%	2	1	93	93	0.030441490624263247	1	1	80	108	5	0	-AAG
C1_BC25_191109_LF_LIB_consensus_vsearch	3536	A	A	191	2	1.03%	2	1	93	93	0.24935064935068132	1	1	84	107	2	0	G
C1_BC25_191109_LF_LIB_consensus_vsearch	3537	A	A	213	4	1.83%	2	1	93	93	0.06163495389099757	1	1	103	110	4	0	G
C1_BC25_191109_LF_LIB_consensus_vsearch	3538	G	G	212	4	1.83%	2	1	93	93	0.061630944461591126	1	1	103	109	4	0	T
C1_BC25_191109_LF_LIB_consensus_vsearch	3539	T	T	213	4	1.79%	2	1	93	93	0.06163495389099757	1	1	110	103	0	4	C
C1_BC25_191109_LF_LIB_consensus_vsearch	3540	G	G	214	3	1.35%	2	1	93	93	0.12413394919162732	1	1	108	106	3	0	A
C1_BC25_191109_LF_LIB_consensus_vsearch	3541	T	*/-GT	178	39	17.57%	2	2	93	93	2.785205466475896E-13	1	1	110	68	2	37	-GT
C1_BC25_191109_LF_LIB_consensus_vsearch	3542	G	G	180	1	0.55%	2	1	93	93	0.5000000000001412	1	1	109	71	1	0	-T
C1_BC25_191109_LF_LIB_consensus_vsearch	3543	T	T	171	3	1.65%	2	1	93	93	0.1239193083573888	1	1	108	63	0	3	+A
C1_BC25_191109_LF_LIB_consensus_vsearch	3544	A	A	218	2	0.9%	2	1	93	93	0.24943052391823226	1	1	112	106	0	2	G
C1_BC25_191109_LF_LIB_consensus_vsearch	3545	A	A	215	3	1.35%	2	2	93	93	0.12413793103441495	1	1	110	105	1	2	T
C1_BC25_191109_LF_LIB_consensus_vsearch	3546	C	C	210	5	2.26%	2	2	93	93	0.0305241206880699	1	1	110	100	1	4	T
C1_BC25_191109_LF_LIB_consensus_vsearch	3547	A	A	218	2	0.91%	2	2	93	93	0.24943052391823226	1	1	112	106	1	1	T
C1_BC25_191109_LF_LIB_consensus_vsearch	3548	A	A	210	3	1.36%	2	2	93	93	0.1241176470588473	1	1	107	103	2	1	G
C1_BC25_191109_LF_LIB_consensus_vsearch	3549	C	*/-TT	193	15	6.85%	2	1	93	93	2.349357883668848E-5	1	1	94	99	15	0	-TT
C1_BC25_191109_LF_LIB_consensus_vsearch	3550	T	T	199	1	0.5%	2	1	93	93	0.5000000000001412	1	1	96	103	0	1	+CC
C1_BC25_191109_LF_LIB_consensus_vsearch	3551	T	T	200	3	1.45%	2	1	93	93	0.12407407407409911	1	1	97	103	0	3	C
C1_BC25_191109_LF_LIB_consensus_vsearch	3552	A	R	211	8	3.6%	2	2	93	93	0.0036602593149509337	1	1	105	106	6	2	G
C1_BC25_191109_LF_LIB_consensus_vsearch	3553	C	C	219	1	0.45%	2	1	93	93	0.4999999999999138	1	1	112	107	0	1	+T
C1_BC25_191109_LF_LIB_consensus_vsearch	3554	C	C	214	4	1.8%	2	2	93	93	0.061638926495252586	1	1	109	105	1	3	-T
C1_BC25_191109_LF_LIB_consensus_vsearch	3555	T	Y	203	12	5.56%	2	1	93	93	2.0851661109317314E-4	1	1	110	93	0	12	C
C1_BC25_191109_LF_LIB_consensus_vsearch	3556	G	G	215	2	0.91%	2	1	93	93	0.2494226327944578	1	1	107	108	2	0	+C
C1_BC25_191109_LF_LIB_consensus_vsearch	3557	C	C	217	1	0.46%	2	1	93	93	0.4999999999999138	1	1	109	108	1	0	+AC
C1_BC25_191109_LF_LIB_consensus_vsearch	3558	C	C	210	3	1.36%	2	2	93	93	0.1241176470588473	1	1	106	104	2	1	+A
C1_BC25_191109_LF_LIB_consensus_vsearch	3559	G	G	215	3	1.36%	2	1	93	93	0.12413793103441495	1	1	107	108	3	0	-A
C1_BC25_191109_LF_LIB_consensus_vsearch	3560	A	A	214	2	0.91%	2	2	93	93	0.24941995359642635	1	1	107	107	1	1	C
C1_BC25_191109_LF_LIB_consensus_vsearch	3561	A	A	218	2	0.9%	2	1	93	93	0.24943052391823226	1	1	109	109	2	0	G
C1_BC25_191109_LF_LIB_consensus_vsearch	3562	T	T	218	2	0.9%	2	2	93	93	0.24943052391823226	1	1	111	107	1	1	-C
C1_BC25_191109_LF_LIB_consensus_vsearch	3563	C	C	214	4	1.81%	2	1	93	93	0.061638926495252586	1	1	106	108	4	0	-G
C1_BC25_191109_LF_LIB_consensus_vsearch	3564	G	G	209	5	2.28%	2	2	93	93	0.030520732883336912	1	1	108	101	1	4	-C
C1_BC25_191109_LF_LIB_consensus_vsearch	3565	C	C	213	3	1.38%	2	1	93	93	0.12412993039444345	1	1	110	103	3	0	A
C1_BC25_191109_LF_LIB_consensus_vsearch	3566	T	T	218	2	0.9%	2	1	93	93	0.24943052391823226	1	1	113	105	0	2	-C
C1_BC25_191109_LF_LIB_consensus_vsearch	3567	C	C	217	4	1.8%	2	1	93	93	0.0616506283607095	1	1	114	103	0	4	-G
C1_BC25_191109_LF_LIB_consensus_vsearch	3568	G	G	213	6	2.73%	2	2	93	93	0.0150923687299321	1	1	109	104	4	2	A
C1_BC25_191109_LF_LIB_consensus_vsearch	3569	G	*/-C	206	9	4.02%	2	2	93	93	0.001793225137980622	1	1	102	104	7	2	-C
C1_BC25_191109_LF_LIB_consensus_vsearch	3570	C	C	211	1	0.47%	2	1	93	93	0.5000000000001412	1	1	105	106	0	1	+T
C1_BC25_191109_LF_LIB_consensus_vsearch	3571	C	C	222	0	0%	2	0	93	0	1.0	1	0	112	110	0	0	
C1_BC25_191109_LF_LIB_consensus_vsearch	3572	C	C	217	4	1.79%	2	1	93	93	0.0616506283607095	1	1	114	103	0	4	-T
C1_BC25_191109_LF_LIB_consensus_vsearch	3573	T	T	207	6	2.71%	2	2	93	93	0.015077437453979417	1	1	111	96	1	5	C
C1_BC25_191109_LF_LIB_consensus_vsearch	3574	G	*/-A	201	11	4.91%	2	2	93	93	4.274625226161483E-4	1	1	110	91	2	9	-A
C1_BC25_191109_LF_LIB_consensus_vsearch	3575	A	A	205	2	0.95%	2	1	93	93	0.24939467312372118	1	1	105	100	2	0	C
C1_BC25_191109_LF_LIB_consensus_vsearch	3576	A	A	219	2	0.9%	2	1	93	93	0.24943310657599216	1	1	112	107	0	2	G
C1_BC25_191109_LF_LIB_consensus_vsearch	3577	A	A	222	1	0.45%	2	1	93	93	0.4999999999999138	1	1	113	109	1	0	G
C1_BC25_191109_LF_LIB_consensus_vsearch	3578	A	A	223	2	0.89%	2	1	93	93	0.24944320712692292	1	1	115	108	0	2	G
C1_BC25_191109_LF_LIB_consensus_vsearch	3579	T	T	221	4	1.78%	2	1	93	93	0.06166574490670126	1	1	115	106	0	4	-G
C1_BC25_191109_LF_LIB_consensus_vsearch	3580	G	G	219	1	0.45%	2	1	93	93	0.4999999999999138	1	1	114	105	1	0	+A
C1_BC25_191109_LF_LIB_consensus_vsearch	3581	G	G	224	1	0.44%	2	1	93	93	0.4999999999999138	1	1	114	110	1	0	-A
C1_BC25_191109_LF_LIB_consensus_vsearch	3582	A	A	220	3	1.34%	2	2	93	93	0.12415730337075404	1	1	112	108	2	1	G
C1_BC25_191109_LF_LIB_consensus_vsearch	3583	T	T	218	2	0.89%	2	1	93	93	0.24943052391823226	1	1	113	105	0	2	-G
C1_BC25_191109_LF_LIB_consensus_vsearch	3584	G	R	213	10	4.48%	2	1	93	93	8.808946039600796E-4	1	1	105	108	10	0	A
C1_BC25_191109_LF_LIB_consensus_vsearch	3585	G	G	222	1	0.44%	2	1	93	93	0.4999999999999138	1	1	114	108	0	1	+TGG
C1_BC25_191109_LF_LIB_consensus_vsearch	3586	C	C	215	2	0.89%	2	1	93	93	0.2494226327944578	1	1	107	108	2	0	+A
C1_BC25_191109_LF_LIB_consensus_vsearch	3587	G	G	220	1	0.45%	2	1	93	93	0.4999999999999138	1	1	110	110	1	0	-CT
C1_BC25_191109_LF_LIB_consensus_vsearch	3588	C	*/-T	201	14	6.31%	2	2	93	93	4.905414704302361E-5	1	1	105	96	3	11	-T
C1_BC25_191109_LF_LIB_consensus_vsearch	3589	T	T	201	3	1.46%	2	2	93	93	0.12407862407864012	1	1	104	97	2	1	C
C1_BC25_191109_LF_LIB_consensus_vsearch	3590	T	*/-A	200	8	3.62%	2	2	93	93	0.003647458600901869	1	1	102	98	3	5	-A
C1_BC25_191109_LF_LIB_consensus_vsearch	3591	A	A	207	2	0.94%	2	1	93	93	0.24940047961641743	1	1	110	97	0	2	T
C1_BC25_191109_LF_LIB_consensus_vsearch	3592	A	R	205	8	3.6%	2	2	93	93	0.0036534383902297935	1	1	108	97	5	3	G
C1_BC25_191109_LF_LIB_consensus_vsearch	3593	G	*/-C	209	8	3.62%	2	1	93	93	0.003658026926953576	1	1	102	107	8	0	-C
C1_BC25_191109_LF_LIB_consensus_vsearch	3594	C	*/+T	205	8	3.69%	2	2	93	93	0.0036534383902297935	1	1	105	100	1	7	+T
C1_BC25_191109_LF_LIB_consensus_vsearch	3595	C	*/-T	204	10	4.44%	2	2	93	93	8.769963348909129E-4	1	1	110	94	1	9	-T
C1_BC25_191109_LF_LIB_consensus_vsearch	3596	T	Y	190	10	4.67%	2	2	93	93	8.702588772443723E-4	1	1	104	86	2	8	C
C1_BC25_191109_LF_LIB_consensus_vsearch	3597	A	A	212	3	1.36%	2	2	93	93	0.1241258741259166	1	1	107	105	2	1	C
C1_BC25_191109_LF_LIB_consensus_vsearch	3598	G	G	220	1	0.45%	2	1	93	93	0.4999999999999138	1	1	115	105	0	1	T
C1_BC25_191109_LF_LIB_consensus_vsearch	3599	C	C	216	2	0.9%	2	1	93	93	0.249425287356441	1	1	112	104	0	2	+A
C1_BC25_191109_LF_LIB_consensus_vsearch	3600	A	A	216	3	1.35%	2	1	93	93	0.12414187643025615	1	1	108	108	3	0	-C
C1_BC25_191109_LF_LIB_consensus_vsearch	3601	C	C	212	4	1.83%	2	1	93	93	0.061630944461591126	1	1	109	103	0	4	T
C1_BC25_191109_LF_LIB_consensus_vsearch	3602	C	Y	215	7	3.14%	2	2	93	93	0.007446345105805389	1	1	112	103	2	5	T
C1_BC25_191109_LF_LIB_consensus_vsearch	3603	G	*/-A	211	10	4.48%	2	2	93	93	8.800549103686053E-4	1	1	104	107	9	1	-A
C1_BC25_191109_LF_LIB_consensus_vsearch	3604	A	A	210	1	0.47%	2	1	93	93	0.4999999999999138	1	1	103	107	1	0	+C
C1_BC25_191109_LF_LIB_consensus_vsearch	3605	T	*/-G	208	7	3.15%	2	1	93	93	0.007434537497224064	1	1	104	104	7	0	-G
C1_BC25_191109_LF_LIB_consensus_vsearch	3606	G	G	199	6	2.78%	2	2	93	93	0.015056176425366772	1	1	100	99	4	2	A
C1_BC25_191109_LF_LIB_consensus_vsearch	3607	C	Y	202	7	3.23%	2	2	93	93	0.007423793454516522	1	1	108	94	1	6	T
C1_BC25_191109_LF_LIB_consensus_vsearch	3608	A	A	208	2	0.93%	2	1	93	93	0.24940334128888852	1	1	110	98	0	2	+T
C1_BC25_191109_LF_LIB_consensus_vsearch	3609	T	T	211	2	0.92%	2	1	93	93	0.24941176470603904	1	1	111	100	0	2	C
C1_BC25_191109_LF_LIB_consensus_vsearch	3610	G	G	212	2	0.92%	2	2	93	93	0.24941451990645544	1	1	109	103	1	1	A
C1_BC25_191109_LF_LIB_consensus_vsearch	3611	G	*/-C	212	7	3.12%	2	2	93	93	0.00744137624879223	1	1	109	103	5	2	-C
C1_BC25_191109_LF_LIB_consensus_vsearch	3612	C	C	212	3	1.38%	2	1	93	93	0.1241258741259166	1	1	110	102	0	3	+T
C1_BC25_191109_LF_LIB_consensus_vsearch	3613	C	C	216	4	1.78%	2	1	93	93	0.061646763238677425	1	1	114	102	0	4	T
C1_BC25_191109_LF_LIB_consensus_vsearch	3614	C	C	216	5	2.22%	2	1	93	93	0.030543804461782422	1	1	114	102	0	5	T
C1_BC25_191109_LF_LIB_consensus_vsearch	3615	A	A	213	3	1.33%	2	1	93	93	0.12412993039444345	1	1	112	101	0	3	+G
C1_BC25_191109_LF_LIB_consensus_vsearch	3616	T	T	216	6	2.68%	2	1	93	93	0.015099533131216845	1	1	115	101	0	6	C
C1_BC25_191109_LF_LIB_consensus_vsearch	3617	G	G	219	3	1.33%	2	2	93	93	0.12415349887135622	1	1	111	108	2	1	A
C1_BC25_191109_LF_LIB_consensus_vsearch	3618	T	*/-C	206	12	5.36%	2	1	93	93	2.089820970245861E-4	1	1	97	109	12	0	-C
C1_BC25_191109_LF_LIB_consensus_vsearch	3619	C	C	208	1	0.47%	2	1	93	93	0.5000000000001412	1	1	98	110	1	0	+T
C1_BC25_191109_LF_LIB_consensus_vsearch	3620	C	C	216	2	0.9%	2	1	93	93	0.249425287356441	1	1	110	106	0	2	-G
C1_BC25_191109_LF_LIB_consensus_vsearch	3621	G	G	217	4	1.81%	2	2	93	93	0.0616506283607095	1	1	110	107	3	1	A
C1_BC25_191109_LF_LIB_consensus_vsearch	3622	G	G	221	1	0.45%	2	1	93	93	0.4999999999999138	1	1	113	108	0	1	+C
C1_BC25_191109_LF_LIB_consensus_vsearch	3623	C	Y	210	9	4.04%	2	1	93	93	0.0017960807336148846	1	1	111	99	0	9	T
C1_BC25_191109_LF_LIB_consensus_vsearch	3624	T	T	219	2	0.9%	2	1	93	93	0.24943310657599216	1	1	109	110	2	0	A
C1_BC25_191109_LF_LIB_consensus_vsearch	3625	T	T	219	1	0.45%	2	1	93	93	0.4999999999999138	1	1	113	106	0	1	+C
C1_BC25_191109_LF_LIB_consensus_vsearch	3626	G	G	218	2	0.9%	2	1	93	93	0.24943052391823226	1	1	111	107	2	0	-C
C1_BC25_191109_LF_LIB_consensus_vsearch	3627	C	C	218	3	1.35%	2	2	93	93	0.12414965986396012	1	1	111	107	1	2	T
C1_BC25_191109_LF_LIB_consensus_vsearch	3628	C	C	211	5	2.22%	2	1	93	93	0.030527477163211258	1	1	109	102	0	5	T
C1_BC25_191109_LF_LIB_consensus_vsearch	3629	G	G	216	2	0.91%	2	1	93	93	0.249425287356441	1	1	108	108	2	0	A
C1_BC25_191109_LF_LIB_consensus_vsearch	3630	G	G	219	2	0.9%	2	2	93	93	0.24943310657599216	1	1	111	108	1	1	A
C1_BC25_191109_LF_LIB_consensus_vsearch	3631	C	C	213	3	1.35%	2	2	93	93	0.12412993039444345	1	1	106	107	1	2	-A
C1_BC25_191109_LF_LIB_consensus_vsearch	3632	A	A	213	4	1.81%	2	2	93	93	0.06163495389099757	1	1	107	106	3	1	G
C1_BC25_191109_LF_LIB_consensus_vsearch	3633	T	*/+G	210	9	4.02%	2	2	93	93	0.0017960807336148846	1	1	113	97	1	8	+G
C1_BC25_191109_LF_LIB_consensus_vsearch	3634	G	G	216	6	2.7%	2	1	93	93	0.015099533131216845	1	1	108	108	6	0	A
C1_BC25_191109_LF_LIB_consensus_vsearch	3635	G	*/-A	192	25	11.16%	2	2	93	93	1.4318453833139122E-8	1	1	84	108	24	1	-A
C1_BC25_191109_LF_LIB_consensus_vsearch	3636	A	A	190	5	2.53%	2	1	93	93	0.03044977182598529	1	1	82	108	5	0	-G
C1_BC25_191109_LF_LIB_consensus_vsearch	3637	G	G	212	2	0.91%	2	2	93	93	0.24941451990645544	1	1	107	105	1	1	+A
C1_BC25_191109_LF_LIB_consensus_vsearch	3638	T	Y	204	8	3.6%	2	2	93	93	0.0036522646351654408	1	1	104	100	1	7	C
C1_BC25_191109_LF_LIB_consensus_vsearch	3639	A	*/-G	193	13	5.96%	2	2	93	93	1.0041600859633792E-4	1	1	95	98	7	6	-G
C1_BC25_191109_LF_LIB_consensus_vsearch	3640	G	G	200	2	0.98%	2	1	93	93	0.24937965260552358	1	1	98	102	2	0	+A
C1_BC25_191109_LF_LIB_consensus_vsearch	3641	G	G	214	4	1.8%	2	2	93	93	0.061638926495252586	1	1	105	109	3	1	-AGG
C1_BC25_191109_LF_LIB_consensus_vsearch	3642	A	*/-G	177	28	12.84%	2	2	93	93	1.385496205190608E-9	1	1	74	103	22	6	-G
C1_BC25_191109_LF_LIB_consensus_vsearch	3643	G	G	176	4	2.19%	2	2	93	93	0.061456894735582995	1	1	74	102	3	1	A
C1_BC25_191109_LF_LIB_consensus_vsearch	3644	G	*/+A	196	10	4.74%	2	1	93	93	8.7325475503958E-4	1	1	87	109	10	0	+A
C1_BC25_191109_LF_LIB_consensus_vsearch	3645	G	R	207	13	5.83%	2	2	93	93	1.0170895517465024E-4	1	1	100	107	11	2	A
C1_BC25_191109_LF_LIB_consensus_vsearch	3646	C	C	221	1	0.45%	2	1	93	93	0.4999999999999138	1	1	113	108	0	1	A
C1_BC25_191109_LF_LIB_consensus_vsearch	3647	G	*/-TG	208	11	4.93%	2	1	93	93	4.293291473235971E-4	1	1	112	96	0	11	-TG
C1_BC25_191109_LF_LIB_consensus_vsearch	3648	T	T	207	3	1.42%	2	2	93	93	0.12410501193315207	1	1	113	94	1	2	+G
C1_BC25_191109_LF_LIB_consensus_vsearch	3649	G	G	212	0	0%	2	0	93	0	1.0	1	0	114	98	0	0	
C1_BC25_191109_LF_LIB_consensus_vsearch	3650	G	G	219	4	1.78%	2	2	93	93	0.06165825449566743	1	1	111	108	2	2	-A
C1_BC25_191109_LF_LIB_consensus_vsearch	3651	A	*/-G	201	15	6.85%	2	1	93	93	2.373037043728608E-5	1	1	95	106	15	0	-G
C1_BC25_191109_LF_LIB_consensus_vsearch	3652	G	G	202	2	0.96%	2	1	93	93	0.24938574938581254	1	1	96	106	0	2	C
C1_BC25_191109_LF_LIB_consensus_vsearch	3653	G	G	221	3	1.33%	2	1	93	93	0.12416107382546236	1	1	111	110	3	0	+AG
C1_BC25_191109_LF_LIB_consensus_vsearch	3654	T	T	224	1	0.44%	2	1	93	93	0.4999999999999138	1	1	115	109	0	1	C
C1_BC25_191109_LF_LIB_consensus_vsearch	3655	T	T	215	4	1.78%	2	1	93	93	0.06164286277914926	1	1	105	110	4	0	-A
C1_BC25_191109_LF_LIB_consensus_vsearch	3656	A	A	216	1	0.46%	2	1	93	93	0.4999999999999138	1	1	107	109	0	1	+TTA
C1_BC25_191109_LF_LIB_consensus_vsearch	3657	A	A	208	6	2.7%	2	2	93	93	0.015079983859610983	1	1	102	106	3	3	-T
C1_BC25_191109_LF_LIB_consensus_vsearch	3658	T	T	213	5	2.28%	2	1	93	93	0.030534097847134272	1	1	106	107	5	0	G
C1_BC25_191109_LF_LIB_consensus_vsearch	3659	T	T	220	3	1.33%	2	1	93	93	0.12415730337075404	1	1	110	110	3	0	G
C1_BC25_191109_LF_LIB_consensus_vsearch	3660	T	T	221	2	0.89%	2	1	93	93	0.24943820224728358	1	1	115	106	0	2	+G
C1_BC25_191109_LF_LIB_consensus_vsearch	3661	G	G	225	0	0%	2	0	93	0	1.0	1	0	115	110	0	0	
C1_BC25_191109_LF_LIB_consensus_vsearch	3662	C	Y	216	9	4%	2	1	93	93	0.0018001779733764346	1	1	115	101	0	9	T
C1_BC25_191109_LF_LIB_consensus_vsearch	3663	T	*/+G	206	11	4.89%	2	1	93	93	4.288076047440095E-4	1	1	113	93	0	11	+G
C1_BC25_191109_LF_LIB_consensus_vsearch	3664	G	G	223	1	0.44%	2	1	93	93	0.5000000000003686	1	1	113	110	1	0	-AGAAG
C1_BC25_191109_LF_LIB_consensus_vsearch	3665	A	*/-GA	195	26	11.61%	2	2	93	93	6.825326034146069E-9	1	1	86	109	25	1	-GA
C1_BC25_191109_LF_LIB_consensus_vsearch	3666	G	G	187	5	2.54%	2	2	93	93	0.030437285417662132	1	1	80	107	4	1	-A
C1_BC25_191109_LF_LIB_consensus_vsearch	3667	A	A	192	0	0%	2	0	93	0	1.0	1	0	84	108	0	0	
C1_BC25_191109_LF_LIB_consensus_vsearch	3668	A	A	220	1	0.45%	2	1	93	93	0.4999999999999138	1	1	110	110	1	0	-G
C1_BC25_191109_LF_LIB_consensus_vsearch	3669	G	G	218	1	0.45%	2	1	93	93	0.5000000000003686	1	1	110	108	1	0	+AAG
C1_BC25_191109_LF_LIB_consensus_vsearch	3670	G	*/-C	210	13	5.8%	2	1	93	93	1.0196623731956113E-4	1	1	114	96	0	13	-C
C1_BC25_191109_LF_LIB_consensus_vsearch	3671	C	Y	203	7	3.32%	2	1	93	93	0.007425626339083171	1	1	114	89	0	7	T
C1_BC25_191109_LF_LIB_consensus_vsearch	3672	T	*/-G	212	8	3.57%	2	1	93	93	0.003661360523321731	1	1	113	99	0	8	-G
C1_BC25_191109_LF_LIB_consensus_vsearch	3673	G	K	201	14	6.48%	2	1	93	93	4.905414704302361E-5	1	1	114	87	0	14	T
C1_BC25_191109_LF_LIB_consensus_vsearch	3674	G	G	222	1	0.45%	2	1	93	93	0.4999999999999138	1	1	114	108	1	0	+A
C1_BC25_191109_LF_LIB_consensus_vsearch	3675	A	A	222	1	0.45%	2	1	93	93	0.4999999999999138	1	1	114	108	0	1	-C
C1_BC25_191109_LF_LIB_consensus_vsearch	3676	C	C	219	3	1.35%	2	1	93	93	0.12415349887135622	1	1	114	105	0	3	T
C1_BC25_191109_LF_LIB_consensus_vsearch	3677	G	G	214	5	2.23%	2	2	93	93	0.030537362897492103	1	1	108	106	4	1	-CG
C1_BC25_191109_LF_LIB_consensus_vsearch	3678	C	C	217	1	0.46%	2	1	93	93	0.4999999999999138	1	1	111	106	0	1	+G
C1_BC25_191109_LF_LIB_consensus_vsearch	3679	G	G	213	2	0.91%	2	1	93	93	0.249417249417318	1	1	109	104	0	2	-TG
C1_BC25_191109_LF_LIB_consensus_vsearch	3680	T	T	211	4	1.81%	2	1	93	93	0.06162689769249	1	1	110	101	4	0	+A
C1_BC25_191109_LF_LIB_consensus_vsearch	3681	G	G	215	5	2.24%	2	1	93	93	0.03054059830172664	1	1	109	106	5	0	-A
C1_BC25_191109_LF_LIB_consensus_vsearch	3682	A	A	212	5	2.27%	2	2	93	93	0.030530802741347875	1	1	106	106	3	2	G
C1_BC25_191109_LF_LIB_consensus_vsearch	3683	G	G	220	1	0.45%	2	1	93	93	0.4999999999999138	1	1	113	107	1	0	+AAAGG
C1_BC25_191109_LF_LIB_consensus_vsearch	3684	C	C	221	1	0.45%	2	1	93	93	0.4999999999999138	1	1	114	107	0	1	-GT
C1_BC25_191109_LF_LIB_consensus_vsearch	3685	G	G	215	5	2.24%	2	2	93	93	0.03054059830172664	1	1	113	102	1	4	-TG
C1_BC25_191109_LF_LIB_consensus_vsearch	3686	T	T	210	3	1.39%	2	1	93	93	0.1241176470588473	1	1	114	96	0	3	-G
C1_BC25_191109_LF_LIB_consensus_vsearch	3687	G	G	213	1	0.47%	2	1	93	93	0.4999999999999138	1	1	114	99	0	1	+CG
C1_BC25_191109_LF_LIB_consensus_vsearch	3688	G	G	220	3	1.35%	2	2	93	93	0.12415730337075404	1	1	113	107	2	1	A
C1_BC25_191109_LF_LIB_consensus_vsearch	3689	C	C	221	2	0.89%	2	1	93	93	0.24943820224728358	1	1	115	106	0	2	-T
C1_BC25_191109_LF_LIB_consensus_vsearch	3690	T	*/-G	202	17	7.66%	2	1	93	93	5.524923410580334E-6	1	1	114	88	0	17	-G
C1_BC25_191109_LF_LIB_consensus_vsearch	3691	G	G	203	3	1.45%	2	2	93	93	0.12408759124090059	1	1	114	89	1	2	C
C1_BC25_191109_LF_LIB_consensus_vsearch	3692	G	*/-A	213	7	3.12%	2	1	93	93	0.007443047448823043	1	1	106	107	7	0	-A
C1_BC25_191109_LF_LIB_consensus_vsearch	3693	A	A	213	2	0.92%	2	2	93	93	0.249417249417318	1	1	107	106	1	1	-G
C1_BC25_191109_LF_LIB_consensus_vsearch	3694	G	G	214	5	2.25%	2	1	93	93	0.030537362897492103	1	1	108	106	5	0	A
C1_BC25_191109_LF_LIB_consensus_vsearch	3695	C	C	222	1	0.44%	2	1	93	93	0.4999999999999138	1	1	114	108	1	0	+T
C1_BC25_191109_LF_LIB_consensus_vsearch	3696	A	R	214	8	3.57%	2	2	93	93	0.003663533633296164	1	1	108	106	6	2	G
C1_BC25_191109_LF_LIB_consensus_vsearch	3697	G	R	200	19	8.56%	2	1	93	93	1.268651398690971E-6	1	1	94	106	19	0	A
C1_BC25_191109_LF_LIB_consensus_vsearch	3698	C	C	221	1	0.45%	2	1	93	93	0.4999999999999138	1	1	113	108	0	1	+GC
C1_BC25_191109_LF_LIB_consensus_vsearch	3699	C	*/-T	210	8	3.57%	2	1	93	93	0.0036591481612605	1	1	114	96	0	8	-T
C1_BC25_191109_LF_LIB_consensus_vsearch	3700	T	T	210	3	1.4%	2	1	93	93	0.1241176470588473	1	1	114	96	0	3	C
C1_BC25_191109_LF_LIB_consensus_vsearch	3701	C	*/-T	210	12	5.38%	2	2	93	93	2.0958418294317403E-4	1	1	114	96	1	11	-T
C1_BC25_191109_LF_LIB_consensus_vsearch	3702	T	*/+G	177	20	9.48%	2	1	93	93	5.740696079717506E-7	1	1	88	89	20	0	+G
C1_BC25_191109_LF_LIB_consensus_vsearch	3703	A	R	187	28	12.67%	2	2	93	93	1.4554047345259757E-9	1	1	85	102	26	2	G
C1_BC25_191109_LF_LIB_consensus_vsearch	3704	G	G	215	1	0.46%	2	1	93	93	0.4999999999999138	1	1	111	104	1	0	+AT
C1_BC25_191109_LF_LIB_consensus_vsearch	3705	T	T	217	2	0.89%	2	1	93	93	0.24942791762028085	1	1	110	107	0	2	C
C1_BC25_191109_LF_LIB_consensus_vsearch	3706	G	G	211	6	2.68%	2	1	93	93	0.015087482939793164	1	1	101	110	6	0	A
C1_BC25_191109_LF_LIB_consensus_vsearch	3707	C	C	216	2	0.9%	2	1	93	93	0.249425287356441	1	1	107	109	2	0	+T
C1_BC25_191109_LF_LIB_consensus_vsearch	3708	C	C	218	2	0.89%	2	1	93	93	0.24943052391823226	1	1	108	110	2	0	T
C1_BC25_191109_LF_LIB_consensus_vsearch	3709	G	G	219	3	1.34%	2	2	93	93	0.12415349887135622	1	1	111	108	1	2	A
C1_BC25_191109_LF_LIB_consensus_vsearch	3710	A	A	220	2	0.9%	2	1	93	93	0.2494356659142869	1	1	112	108	0	2	-T
C1_BC25_191109_LF_LIB_consensus_vsearch	3711	T	T	220	1	0.45%	2	1	93	93	0.4999999999999138	1	1	113	107	1	0	+G
C1_BC25_191109_LF_LIB_consensus_vsearch	3712	C	*/-T	212	13	5.78%	2	2	93	93	1.0213418662308634E-4	1	1	114	98	1	12	-T
C1_BC25_191109_LF_LIB_consensus_vsearch	3713	T	T	209	3	1.42%	2	2	93	93	0.12411347517731831	1	1	113	96	1	2	C
C1_BC25_191109_LF_LIB_consensus_vsearch	3714	T	T	212	6	2.67%	2	1	93	93	0.015089936987088519	1	1	115	97	0	6	-G
C1_BC25_191109_LF_LIB_consensus_vsearch	3715	G	G	211	3	1.4%	2	2	93	93	0.12412177985949331	1	1	112	99	2	1	A
C1_BC25_191109_LF_LIB_consensus_vsearch	3716	G	G	210	5	2.26%	2	2	93	93	0.0305241206880699	1	1	112	98	1	4	-TGG
C1_BC25_191109_LF_LIB_consensus_vsearch	3717	T	T	206	5	2.33%	2	1	93	93	0.030510377042941562	1	1	113	93	0	5	C
C1_BC25_191109_LF_LIB_consensus_vsearch	3718	G	R	204	7	3.29%	2	2	93	93	0.007427442022474603	1	1	106	98	6	1	A
C1_BC25_191109_LF_LIB_consensus_vsearch	3719	G	G	217	1	0.46%	2	1	93	93	0.4999999999999138	1	1	112	105	0	1	-CAG
C1_BC25_191109_LF_LIB_consensus_vsearch	3720	C	C	217	6	2.69%	2	2	93	93	0.015101878629034914	1	1	109	108	5	1	-A
C1_BC25_191109_LF_LIB_consensus_vsearch	3721	A	R	196	22	10.09%	2	1	93	93	1.365213067807403E-7	1	1	88	108	22	0	G
C1_BC25_191109_LF_LIB_consensus_vsearch	3722	G	G	219	3	1.34%	2	1	93	93	0.12415349887135622	1	1	112	107	3	0	T
C1_BC25_191109_LF_LIB_consensus_vsearch	3723	T	T	218	2	0.9%	2	1	93	93	0.24943052391823226	1	1	112	106	2	0	+A
C1_BC25_191109_LF_LIB_consensus_vsearch	3724	A	A	214	6	2.69%	2	1	93	93	0.015094778470947015	1	1	107	107	6	0	G
C1_BC25_191109_LF_LIB_consensus_vsearch	3725	G	G	212	4	1.8%	2	1	93	93	0.061630944461591126	1	1	106	106	4	0	A
C1_BC25_191109_LF_LIB_consensus_vsearch	3726	C	*/-A	198	15	6.76%	2	2	93	93	2.3643457204170923E-5	1	1	105	93	2	13	-A
C1_BC25_191109_LF_LIB_consensus_vsearch	3727	A	A	206	1	0.48%	2	1	93	93	0.5000000000001412	1	1	111	95	0	1	+T
C1_BC25_191109_LF_LIB_consensus_vsearch	3728	A	A	220	2	0.9%	2	1	93	93	0.2494356659142869	1	1	112	108	2	0	G
C1_BC25_191109_LF_LIB_consensus_vsearch	3729	A	A	220	4	1.79%	2	1	93	93	0.061662016439223415	1	1	110	110	4	0	G
C1_BC25_191109_LF_LIB_consensus_vsearch	3730	T	Y	217	7	3.11%	2	2	93	93	0.007449584424390529	1	1	112	105	3	4	C
C1_BC25_191109_LF_LIB_consensus_vsearch	3731	A	A	218	2	0.89%	2	1	93	93	0.24943052391823226	1	1	113	105	0	2	+T
C1_BC25_191109_LF_LIB_consensus_vsearch	3732	T	T	218	3	1.35%	2	2	93	93	0.12414965986396012	1	1	113	105	1	2	C
C1_BC25_191109_LF_LIB_consensus_vsearch	3733	T	*/-C	208	7	3.15%	2	2	93	93	0.007434537497224064	1	1	111	97	1	6	-C
C1_BC25_191109_LF_LIB_consensus_vsearch	3734	C	C	212	2	0.92%	2	1	93	93	0.24941451990645544	1	1	113	99	0	2	-TC
C1_BC25_191109_LF_LIB_consensus_vsearch	3735	T	T	215	3	1.35%	2	2	93	93	0.12413793103441495	1	1	113	102	1	2	C
C1_BC25_191109_LF_LIB_consensus_vsearch	3736	C	C	212	5	2.26%	2	2	93	93	0.030530802741347875	1	1	111	101	4	1	+A
C1_BC25_191109_LF_LIB_consensus_vsearch	3737	G	R	211	8	3.57%	2	2	93	93	0.0036602593149509337	1	1	110	101	2	6	A
C1_BC25_191109_LF_LIB_consensus_vsearch	3738	T	W	213	7	3.14%	2	1	93	93	0.007443047448823043	1	1	114	99	0	7	A
C1_BC25_191109_LF_LIB_consensus_vsearch	3739	G	R	212	7	3.14%	2	2	93	93	0.00744137624879223	1	1	109	103	4	3	A
C1_BC25_191109_LF_LIB_consensus_vsearch	3740	C	C	207	6	2.69%	2	2	93	93	0.015077437453979417	1	1	107	100	1	5	T
C1_BC25_191109_LF_LIB_consensus_vsearch	3741	G	G	216	3	1.35%	2	1	93	93	0.12414187643025615	1	1	107	109	3	0	-A
C1_BC25_191109_LF_LIB_consensus_vsearch	3742	A	A	218	1	0.45%	2	1	93	93	0.5000000000003686	1	1	109	109	1	0	+G
C1_BC25_191109_LF_LIB_consensus_vsearch	3743	G	G	216	3	1.35%	2	2	93	93	0.12414187643025615	1	1	109	107	2	1	-C
C1_BC25_191109_LF_LIB_consensus_vsearch	3744	C	C	222	0	0%	2	0	93	0	1.0	1	0	113	109	0	0	
C1_BC25_191109_LF_LIB_consensus_vsearch	3745	C	*/-G	194	19	8.44%	2	2	93	93	1.2534988212656054E-6	1	1	106	88	7	12	-G
C1_BC25_191109_LF_LIB_consensus_vsearch	3746	G	R	187	14	6.93%	2	1	93	93	4.828732418008738E-5	1	1	94	93	14	0	A
C1_BC25_191109_LF_LIB_consensus_vsearch	3747	G	G	219	1	0.45%	2	1	93	93	0.4999999999999138	1	1	114	105	1	0	+A
C1_BC25_191109_LF_LIB_consensus_vsearch	3748	G	G	216	6	2.67%	2	1	93	93	0.015099533131216845	1	1	107	109	6	0	-A
C1_BC25_191109_LF_LIB_consensus_vsearch	3749	A	A	215	2	0.91%	2	1	93	93	0.2494226327944578	1	1	106	109	2	0	+G
C1_BC25_191109_LF_LIB_consensus_vsearch	3750	A	A	220	2	0.89%	2	1	93	93	0.2494356659142869	1	1	112	108	2	0	-G
C1_BC25_191109_LF_LIB_consensus_vsearch	3751	G	G	220	1	0.45%	2	1	93	93	0.4999999999999138	1	1	113	107	0	1	+AA
C1_BC25_191109_LF_LIB_consensus_vsearch	3752	G	G	222	1	0.45%	2	1	93	93	0.4999999999999138	1	1	115	107	0	1	-CTG
C1_BC25_191109_LF_LIB_consensus_vsearch	3753	C	C	218	2	0.9%	2	1	93	93	0.24943052391823226	1	1	114	104	0	2	+T
C1_BC25_191109_LF_LIB_consensus_vsearch	3754	T	*/+G	209	10	4.5%	2	1	93	93	8.792003591123169E-4	1	1	114	95	0	10	+G
C1_BC25_191109_LF_LIB_consensus_vsearch	3755	G	G	222	1	0.45%	2	1	93	93	0.4999999999999138	1	1	115	107	0	1	-A
C1_BC25_191109_LF_LIB_consensus_vsearch	3756	A	A	223	1	0.45%	2	1	93	93	0.5000000000003686	1	1	114	109	1	0	G
C1_BC25_191109_LF_LIB_consensus_vsearch	3757	T	T	221	2	0.89%	2	1	93	93	0.24943820224728358	1	1	114	107	0	2	G
C1_BC25_191109_LF_LIB_consensus_vsearch	3758	G	G	214	4	1.78%	2	1	93	93	0.061638926495252586	1	1	113	101	0	4	-TG
C1_BC25_191109_LF_LIB_consensus_vsearch	3759	T	*/-G	205	8	3.67%	2	1	93	93	0.0036534383902297935	1	1	112	93	0	8	-G
C1_BC25_191109_LF_LIB_consensus_vsearch	3760	G	G	210	1	0.47%	2	1	93	93	0.4999999999999138	1	1	113	97	1	0	+TG
C1_BC25_191109_LF_LIB_consensus_vsearch	3761	G	G	221	1	0.45%	2	1	93	93	0.4999999999999138	1	1	113	108	1	0	-AGAAAG
C1_BC25_191109_LF_LIB_consensus_vsearch	3762	A	A	217	3	1.35%	2	2	93	93	0.12414578587710072	1	1	109	108	2	1	-GAA
C1_BC25_191109_LF_LIB_consensus_vsearch	3763	G	*/+A	204	9	4.09%	2	2	93	93	0.0017917580621936403	1	1	97	107	7	2	+A
C1_BC25_191109_LF_LIB_consensus_vsearch	3764	A	A	210	2	0.93%	2	1	93	93	0.24940898345148782	1	1	101	109	2	0	G
C1_BC25_191109_LF_LIB_consensus_vsearch	3765	A	A	220	1	0.45%	2	1	93	93	0.4999999999999138	1	1	111	109	1	0	G
C1_BC25_191109_LF_LIB_consensus_vsearch	3766	A	A	220	2	0.89%	2	2	93	93	0.2494356659142869	1	1	111	109	1	1	-G
C1_BC25_191109_LF_LIB_consensus_vsearch	3767	G	G	221	1	0.45%	2	1	93	93	0.4999999999999138	1	1	113	108	0	1	+TT
C1_BC25_191109_LF_LIB_consensus_vsearch	3768	G	G	223	1	0.44%	2	1	93	93	0.5000000000003686	1	1	113	110	1	0	-T
C1_BC25_191109_LF_LIB_consensus_vsearch	3769	T	T	220	1	0.45%	2	1	93	93	0.4999999999999138	1	1	112	108	0	1	+C
C1_BC25_191109_LF_LIB_consensus_vsearch	3770	T	*/-C	174	43	19.2%	2	2	93	93	1.1272734779475817E-14	1	1	77	97	37	6	-C
C1_BC25_191109_LF_LIB_consensus_vsearch	3771	C	C	179	1	0.55%	2	1	93	93	0.5000000000001412	1	1	75	104	1	0	+A
C1_BC25_191109_LF_LIB_consensus_vsearch	3772	C	*/-T	212	9	4.02%	2	2	93	93	0.00179747064240055	1	1	112	100	1	8	-T
C1_BC25_191109_LF_LIB_consensus_vsearch	3773	T	T	207	4	1.87%	2	1	93	93	0.06161032658914256	1	1	112	95	0	4	C
C1_BC25_191109_LF_LIB_consensus_vsearch	3774	G	G	217	3	1.35%	2	1	93	93	0.12414578587710072	1	1	111	106	3	0	A
C1_BC25_191109_LF_LIB_consensus_vsearch	3775	G	G	221	4	1.78%	2	2	93	93	0.06166574490670126	1	1	113	108	2	2	A
C1_BC25_191109_LF_LIB_consensus_vsearch	3776	C	C	210	6	2.67%	2	1	93	93	0.01508500627971554	1	1	109	101	6	0	-TT
C1_BC25_191109_LF_LIB_consensus_vsearch	3777	T	T	216	1	0.46%	2	1	93	93	0.4999999999999138	1	1	109	107	0	1	+C
C1_BC25_191109_LF_LIB_consensus_vsearch	3778	T	T	215	1	0.46%	2	1	93	93	0.4999999999999138	1	1	108	107	0	1	+C
C1_BC25_191109_LF_LIB_consensus_vsearch	3779	A	A	214	6	2.69%	2	2	93	93	0.015094778470947015	1	1	107	107	4	2	G
C1_BC25_191109_LF_LIB_consensus_vsearch	3780	C	C	218	2	0.9%	2	1	93	93	0.24943052391823226	1	1	111	107	2	0	+A
C1_BC25_191109_LF_LIB_consensus_vsearch	3781	C	C	220	2	0.89%	2	1	93	93	0.2494356659142869	1	1	113	107	0	2	T
C1_BC25_191109_LF_LIB_consensus_vsearch	3782	G	G	218	3	1.35%	2	1	93	93	0.12414965986396012	1	1	111	107	3	0	A
C1_BC25_191109_LF_LIB_consensus_vsearch	3783	C	C	216	4	1.79%	2	1	93	93	0.061646763238677425	1	1	111	105	0	4	T
C1_BC25_191109_LF_LIB_consensus_vsearch	3784	A	A	216	2	0.9%	2	2	93	93	0.249425287356441	1	1	109	107	1	1	+C
C1_BC25_191109_LF_LIB_consensus_vsearch	3785	T	T	218	3	1.34%	2	1	93	93	0.12414965986396012	1	1	110	108	3	0	G
C1_BC25_191109_LF_LIB_consensus_vsearch	3786	T	T	223	1	0.44%	2	1	93	93	0.5000000000003686	1	1	115	108	0	1	+A
C1_BC25_191109_LF_LIB_consensus_vsearch	3787	G	G	215	4	1.78%	2	1	93	93	0.06164286277914926	1	1	107	108	4	0	+TG
C1_BC25_191109_LF_LIB_consensus_vsearch	3788	G	G	223	1	0.44%	2	1	93	93	0.5000000000003686	1	1	115	108	0	1	-TGC
C1_BC25_191109_LF_LIB_consensus_vsearch	3789	T	T	221	1	0.45%	2	1	93	93	0.4999999999999138	1	1	115	106	0	1	+AT
C1_BC25_191109_LF_LIB_consensus_vsearch	3790	G	G	218	3	1.35%	2	2	93	93	0.12414965986396012	1	1	112	106	2	1	-C
C1_BC25_191109_LF_LIB_consensus_vsearch	3791	C	C	219	0	0%	2	0	93	0	1.0	1	0	112	107	0	0	
C1_BC25_191109_LF_LIB_consensus_vsearch	3792	C	*/-G	203	9	4.02%	2	2	93	93	0.0017910143883990014	1	1	104	99	6	3	-G
C1_BC25_191109_LF_LIB_consensus_vsearch	3793	G	R	194	10	4.72%	2	2	93	93	8.722750499460999E-4	1	1	94	100	9	1	A
C1_BC25_191109_LF_LIB_consensus_vsearch	3794	G	R	210	10	4.5%	2	2	93	93	8.796295164637225E-4	1	1	102	108	9	1	A
C1_BC25_191109_LF_LIB_consensus_vsearch	3795	G	G	219	3	1.33%	2	1	93	93	0.12415349887135622	1	1	110	109	3	0	+A
C1_BC25_191109_LF_LIB_consensus_vsearch	3796	G	G	220	3	1.33%	2	2	93	93	0.12415730337075404	1	1	113	107	1	2	-T
C1_BC25_191109_LF_LIB_consensus_vsearch	3797	T	T	211	5	2.26%	2	2	93	93	0.030527477163211258	1	1	110	101	2	3	-G
C1_BC25_191109_LF_LIB_consensus_vsearch	3798	G	G	215	2	0.91%	2	1	93	93	0.2494226327944578	1	1	112	103	0	2	C
C1_BC25_191109_LF_LIB_consensus_vsearch	3799	A	A	217	3	1.33%	2	1	93	93	0.12414578587710072	1	1	110	107	3	0	-G
C1_BC25_191109_LF_LIB_consensus_vsearch	3800	G	G	215	2	0.91%	2	1	93	93	0.2494226327944578	1	1	112	103	0	2	+TT
C1_BC25_191109_LF_LIB_consensus_vsearch	3801	T	T	213	4	1.81%	2	2	93	93	0.06163495389099757	1	1	108	105	3	1	-C
C1_BC25_191109_LF_LIB_consensus_vsearch	3802	C	C	213	1	0.46%	2	1	93	93	0.4999999999999138	1	1	110	103	0	1	+G
C1_BC25_191109_LF_LIB_consensus_vsearch	3803	G	G	218	3	1.36%	2	2	93	93	0.12414965986396012	1	1	114	104	1	2	-A
C1_BC25_191109_LF_LIB_consensus_vsearch	3804	A	A	216	2	0.91%	2	2	93	93	0.249425287356441	1	1	113	103	1	1	G
C1_BC25_191109_LF_LIB_consensus_vsearch	3805	T	*/-C	179	36	16.07%	2	2	93	93	2.9405750641130595E-12	1	1	80	99	30	6	-C
C1_BC25_191109_LF_LIB_consensus_vsearch	3806	C	C	181	4	2.12%	2	1	93	93	0.06148512438803467	1	1	85	96	0	4	+T
C1_BC25_191109_LF_LIB_consensus_vsearch	3807	C	C	215	4	1.78%	2	2	93	93	0.06164286277914926	1	1	111	104	1	3	-T
C1_BC25_191109_LF_LIB_consensus_vsearch	3808	T	*/-A	190	11	5.02%	2	2	93	93	4.2427833042722946E-4	1	1	101	89	7	4	-A
C1_BC25_191109_LF_LIB_consensus_vsearch	3809	A	A	192	5	2.49%	2	1	93	93	0.030457885112232918	1	1	103	89	0	5	G
C1_BC25_191109_LF_LIB_consensus_vsearch	3810	A	W	186	13	6.1%	2	1	93	93	9.970616463805701E-5	1	1	105	81	0	13	T
C1_BC25_191109_LF_LIB_consensus_vsearch	3811	G	*/-CGG	202	12	5.41%	2	1	93	93	2.0835870377678545E-4	1	1	111	91	0	12	-CGG
C1_BC25_191109_LF_LIB_consensus_vsearch	3812	C	*/-G	117	71	34.8%	2	2	93	93	1.15398117212492E-25	1	1	71	46	34	37	-G
C1_BC25_191109_LF_LIB_consensus_vsearch	3813	G	K	111	12	9.02%	2	2	93	93	1.84229649166992E-4	1	1	70	41	2	10	T
C1_BC25_191109_LF_LIB_consensus_vsearch	3814	G	R	191	14	6.73%	2	2	93	93	4.85162064553485E-5	1	1	99	92	13	1	A
C1_BC25_191109_LF_LIB_consensus_vsearch	3815	G	G	214	6	2.7%	2	2	93	93	0.015094778470947015	1	1	108	106	5	1	A
C1_BC25_191109_LF_LIB_consensus_vsearch	3816	G	G	222	2	0.89%	2	1	93	93	0.24944071588395061	1	1	112	110	2	0	A
C1_BC25_191109_LF_LIB_consensus_vsearch	3817	G	*/-C	199	22	9.78%	2	1	93	93	1.3761269103930465E-7	1	1	90	109	22	0	-C
C1_BC25_191109_LF_LIB_consensus_vsearch	3818	C	C	199	2	0.99%	2	1	93	93	0.24937655860363442	1	1	92	107	0	2	+T
C1_BC25_191109_LF_LIB_consensus_vsearch	3819	C	C	218	3	1.33%	2	2	93	93	0.12414965986396012	1	1	114	104	1	2	-T
C1_BC25_191109_LF_LIB_consensus_vsearch	3820	T	T	210	5	2.25%	2	2	93	93	0.0305241206880699	1	1	111	99	2	3	C
C1_BC25_191109_LF_LIB_consensus_vsearch	3821	A	A	219	1	0.45%	2	1	93	93	0.4999999999999138	1	1	113	106	1	0	+CA
C1_BC25_191109_LF_LIB_consensus_vsearch	3822	A	A	219	5	2.23%	2	2	93	93	0.030553251388732716	1	1	113	106	2	3	G
C1_BC25_191109_LF_LIB_consensus_vsearch	3823	C	*/-G	216	7	3.11%	2	2	93	93	0.007447971960236055	1	1	113	103	2	5	-G
C1_BC25_191109_LF_LIB_consensus_vsearch	3824	G	G	215	2	0.92%	2	1	93	93	0.2494226327944578	1	1	111	104	2	0	A
C1_BC25_191109_LF_LIB_consensus_vsearch	3825	G	R	210	8	3.56%	2	2	93	93	0.0036591481612605	1	1	104	106	7	1	A
C1_BC25_191109_LF_LIB_consensus_vsearch	3826	C	Y	189	10	4.52%	2	2	93	93	8.697426073947409E-4	1	1	96	93	1	9	T
C1_BC25_191109_LF_LIB_consensus_vsearch	3827	T	T	201	3	1.46%	2	2	93	93	0.12407862407864012	1	1	97	104	2	1	C
C1_BC25_191109_LF_LIB_consensus_vsearch	3828	T	Y	198	7	3.32%	2	2	93	93	0.007416284922397948	1	1	93	105	4	3	C
C1_BC25_191109_LF_LIB_consensus_vsearch	3829	A	A	209	3	1.39%	2	2	93	93	0.12411347517731831	1	1	104	105	2	1	-CA
C1_BC25_191109_LF_LIB_consensus_vsearch	3830	C	C	207	2	0.94%	2	2	93	93	0.24940047961641743	1	1	101	106	1	1	-AT
C1_BC25_191109_LF_LIB_consensus_vsearch	3831	A	*/-T	200	7	3.26%	2	2	93	93	0.007420075094973923	1	1	100	100	4	3	-T
C1_BC25_191109_LF_LIB_consensus_vsearch	3832	T	T	204	3	1.42%	2	2	93	93	0.12409200968526074	1	1	104	100	2	1	C
C1_BC25_191109_LF_LIB_consensus_vsearch	3833	T	T	209	4	1.82%	2	2	93	93	0.061618690029214815	1	1	110	99	1	3	C
C1_BC25_191109_LF_LIB_consensus_vsearch	3834	T	T	202	6	2.68%	2	2	93	93	0.015064340002589747	1	1	106	96	5	1	+C
C1_BC25_191109_LF_LIB_consensus_vsearch	3835	C	*/-A	186	16	7.27%	2	2	93	93	1.1203138488426297E-5	1	1	103	83	6	10	-A
C1_BC25_191109_LF_LIB_consensus_vsearch	3836	A	A	179	4	2%	2	1	93	93	0.061474017887485174	1	1	103	76	0	4	+T
C1_BC25_191109_LF_LIB_consensus_vsearch	3837	A	*/-G	196	9	4.13%	2	2	93	93	0.001785610469261078	1	1	109	87	4	5	-G
C1_BC25_191109_LF_LIB_consensus_vsearch	3838	G	K	183	14	6.67%	2	1	93	93	4.804996035085705E-5	1	1	105	78	0	14	T
C1_BC25_191109_LF_LIB_consensus_vsearch	3839	G	*/-CG	202	12	5.36%	2	1	93	93	2.0835870377678545E-4	1	1	111	91	0	12	-CG
C1_BC25_191109_LF_LIB_consensus_vsearch	3840	C	C	200	3	1.42%	2	1	93	93	0.12407407407409911	1	1	114	86	0	3	+T
C1_BC25_191109_LF_LIB_consensus_vsearch	3841	G	G	200	4	1.9%	2	2	93	93	0.061579761579775204	1	1	112	88	1	3	-T
C1_BC25_191109_LF_LIB_consensus_vsearch	3842	T	*/-C	188	28	12.73%	2	2	93	93	1.4621942762857092E-9	1	1	113	75	1	27	-C
C1_BC25_191109_LF_LIB_consensus_vsearch	3843	C	C	191	4	2.03%	2	1	93	93	0.06153723520852315	1	1	113	78	0	4	-T
C1_BC25_191109_LF_LIB_consensus_vsearch	3844	T	T	205	6	2.71%	2	1	93	93	0.015072272591959035	1	1	105	100	6	0	-CT
C1_BC25_191109_LF_LIB_consensus_vsearch	3845	C	C	211	4	1.86%	2	2	93	93	0.06162689769249	1	1	106	105	1	3	-T
C1_BC25_191109_LF_LIB_consensus_vsearch	3846	T	T	202	4	1.88%	2	1	93	93	0.06158870665501416	1	1	104	98	0	4	+G
C1_BC25_191109_LF_LIB_consensus_vsearch	3847	G	G	222	0	0%	2	0	93	0	1.0	1	0	112	110	0	0	
C1_BC25_191109_LF_LIB_consensus_vsearch	3848	C	C	218	1	0.45%	2	1	93	93	0.5000000000003686	1	1	112	106	0	1	+A
C1_BC25_191109_LF_LIB_consensus_vsearch	3849	G	*/-CG	207	13	5.83%	2	2	93	93	1.0170895517465024E-4	1	1	109	98	5	8	-CG
C1_BC25_191109_LF_LIB_consensus_vsearch	3850	C	C	209	1	0.47%	2	1	93	93	0.4999999999999138	1	1	109	100	0	1	+T
C1_BC25_191109_LF_LIB_consensus_vsearch	3851	G	G	207	1	0.47%	2	1	93	93	0.5000000000001412	1	1	107	100	0	1	+A
C1_BC25_191109_LF_LIB_consensus_vsearch	3852	T	*/-C	207	8	3.57%	2	1	93	93	0.003655753662936563	1	1	103	104	8	0	-C
C1_BC25_191109_LF_LIB_consensus_vsearch	3853	C	*/+G	206	7	3.23%	2	1	93	93	0.007431022745174962	1	1	97	109	7	0	+G
C1_BC25_191109_LF_LIB_consensus_vsearch	3854	C	*/-T	197	22	9.78%	2	2	93	93	1.3688763025838974E-7	1	1	111	86	3	19	-T
C1_BC25_191109_LF_LIB_consensus_vsearch	3855	T	W	187	7	3.48%	2	1	93	93	0.007394057154213738	1	1	98	89	7	0	A
C1_BC25_191109_LF_LIB_consensus_vsearch	3856	T	Y	207	8	3.59%	2	2	93	93	0.003655753662936563	1	1	106	101	6	2	C
C1_BC25_191109_LF_LIB_consensus_vsearch	3857	G	G	215	2	0.92%	2	1	93	93	0.2494226327944578	1	1	112	103	2	0	A
C1_BC25_191109_LF_LIB_consensus_vsearch	3858	G	*/-C	201	9	4.04%	2	1	93	93	0.0017895062981052791	1	1	106	95	9	0	-C
C1_BC25_191109_LF_LIB_consensus_vsearch	3859	C	C	206	6	2.78%	2	1	93	93	0.015074867144143777	1	1	106	100	0	6	T
C1_BC25_191109_LF_LIB_consensus_vsearch	3860	C	M	209	7	3.11%	2	1	93	93	0.007436270701269745	1	1	114	95	0	7	A
C1_BC25_191109_LF_LIB_consensus_vsearch	3861	G	G	218	4	1.79%	2	2	93	93	0.061654458623218986	1	1	111	107	2	2	A
C1_BC25_191109_LF_LIB_consensus_vsearch	3862	C	Y	211	8	3.56%	2	1	93	93	0.0036602593149509337	1	1	111	100	0	8	T
C1_BC25_191109_LF_LIB_consensus_vsearch	3863	T	T	210	5	2.26%	2	1	93	93	0.0305241206880699	1	1	111	99	0	5	+G
C1_BC25_191109_LF_LIB_consensus_vsearch	3864	G	*/-A	190	13	5.83%	2	2	93	93	1.0011736432355593E-4	1	1	88	102	12	1	-A
C1_BC25_191109_LF_LIB_consensus_vsearch	3865	A	A	196	1	0.51%	2	1	93	93	0.5000000000001412	1	1	92	104	1	0	+G
C1_BC25_191109_LF_LIB_consensus_vsearch	3866	A	A	205	4	1.9%	2	2	93	93	0.06160180289502593	1	1	102	103	2	2	G
C1_BC25_191109_LF_LIB_consensus_vsearch	3867	A	*/-G	128	79	35.43%	2	2	93	93	1.560161861447493E-28	1	1	51	77	51	28	-G
C1_BC25_191109_LF_LIB_consensus_vsearch	3868	G	G	129	3	2.21%	2	1	93	93	0.12357414448667196	1	1	50	79	3	0	A
C1_BC25_191109_LF_LIB_consensus_vsearch	3869	G	G	212	2	0.93%	2	1	93	93	0.24941451990645544	1	1	104	108	0	2	+A
C1_BC25_191109_LF_LIB_consensus_vsearch	3870	G	*/-A	189	9	4.07%	2	2	93	93	0.00177983409863699	1	1	95	94	8	1	-A
C1_BC25_191109_LF_LIB_consensus_vsearch	3871	A	A	204	1	0.49%	2	1	93	93	0.5000000000001412	1	1	98	106	1	0	+G
C1_BC25_191109_LF_LIB_consensus_vsearch	3872	A	A	216	1	0.46%	2	1	93	93	0.4999999999999138	1	1	110	106	0	1	G
C1_BC25_191109_LF_LIB_consensus_vsearch	3873	A	A	218	2	0.9%	2	1	93	93	0.24943052391823226	1	1	110	108	0	2	T
C1_BC25_191109_LF_LIB_consensus_vsearch	3874	G	G	217	5	2.23%	2	1	93	93	0.03054698177238809	1	1	108	109	5	0	-C
C1_BC25_191109_LF_LIB_consensus_vsearch	3875	C	C	219	1	0.45%	2	1	93	93	0.4999999999999138	1	1	110	109	0	1	T
C1_BC25_191109_LF_LIB_consensus_vsearch	3876	C	C	214	4	1.78%	2	2	93	93	0.061638926495252586	1	1	111	103	1	3	-GCT
C1_BC25_191109_LF_LIB_consensus_vsearch	3877	G	G	217	1	0.46%	2	1	93	93	0.4999999999999138	1	1	111	106	0	1	A
C1_BC25_191109_LF_LIB_consensus_vsearch	3878	C	C	217	2	0.91%	2	1	93	93	0.24942791762028085	1	1	110	107	2	0	A
C1_BC25_191109_LF_LIB_consensus_vsearch	3879	T	*/-A	185	20	9.05%	2	2	93	93	5.861437381195238E-7	1	1	92	93	19	1	-A
C1_BC25_191109_LF_LIB_consensus_vsearch	3880	A	A	198	6	2.94%	2	1	93	93	0.015053402150168234	1	1	90	108	6	0	G
C1_BC25_191109_LF_LIB_consensus_vsearch	3881	A	A	216	4	1.79%	2	1	93	93	0.061646763238677425	1	1	107	109	4	0	-G
C1_BC25_191109_LF_LIB_consensus_vsearch	3882	G	G	216	1	0.45%	2	1	93	93	0.4999999999999138	1	1	109	107	1	0	+A
C1_BC25_191109_LF_LIB_consensus_vsearch	3883	A	A	221	1	0.45%	2	1	93	93	0.4999999999999138	1	1	113	108	1	0	+T
C1_BC25_191109_LF_LIB_consensus_vsearch	3884	T	*/+C	213	7	3.12%	2	1	93	93	0.007443047448823043	1	1	114	99	0	7	+C
C1_BC25_191109_LF_LIB_consensus_vsearch	3885	T	*/-C	212	7	3.12%	2	2	93	93	0.00744137624879223	1	1	113	99	1	6	-C
C1_BC25_191109_LF_LIB_consensus_vsearch	3886	C	C	208	6	2.76%	2	2	93	93	0.015079983859610983	1	1	113	95	1	5	-G
C1_BC25_191109_LF_LIB_consensus_vsearch	3887	G	R	210	7	3.21%	2	2	93	93	0.007437988084800957	1	1	108	102	6	1	A
C1_BC25_191109_LF_LIB_consensus_vsearch	3888	G	G	220	2	0.89%	2	2	93	93	0.2494356659142869	1	1	113	107	1	1	A
C1_BC25_191109_LF_LIB_consensus_vsearch	3889	C	C	211	4	1.79%	2	2	93	93	0.06162689769249	1	1	106	105	1	3	-T
C1_BC25_191109_LF_LIB_consensus_vsearch	3890	T	Y	200	7	3.21%	2	2	93	93	0.007420075094973923	1	1	102	98	1	6	C
C1_BC25_191109_LF_LIB_consensus_vsearch	3891	A	A	205	5	2.29%	2	1	93	93	0.03050685942891605	1	1	98	107	5	0	T
C1_BC25_191109_LF_LIB_consensus_vsearch	3892	C	C	204	4	1.85%	2	1	93	93	0.06159747950639958	1	1	100	104	4	0	+T
C1_BC25_191109_LF_LIB_consensus_vsearch	3893	A	A	209	6	2.78%	2	2	93	93	0.015082506692930204	1	1	104	105	4	2	G
C1_BC25_191109_LF_LIB_consensus_vsearch	3894	A	R	211	9	4.05%	2	1	93	93	0.0017967787753331713	1	1	102	109	9	0	G
C1_BC25_191109_LF_LIB_consensus_vsearch	3895	C	C	217	3	1.33%	2	2	93	93	0.12414578587710072	1	1	110	107	1	2	-G
C1_BC25_191109_LF_LIB_consensus_vsearch	3896	G	R	212	8	3.6%	2	1	93	93	0.003661360523321731	1	1	104	108	8	0	A
C1_BC25_191109_LF_LIB_consensus_vsearch	3897	G	G	219	3	1.33%	2	2	93	93	0.12415349887135622	1	1	113	106	1	2	-C
C1_BC25_191109_LF_LIB_consensus_vsearch	3898	C	C	214	3	1.35%	2	1	93	93	0.12413394919162732	1	1	108	106	3	0	+G
C1_BC25_191109_LF_LIB_consensus_vsearch	3899	A	*/+G	194	11	4.93%	2	2	93	93	4.2547401580496607E-4	1	1	102	92	4	7	+G
C1_BC25_191109_LF_LIB_consensus_vsearch	3900	G	G	208	4	1.87%	2	1	93	93	0.06161452805712106	1	1	109	99	0	4	+TG
C1_BC25_191109_LF_LIB_consensus_vsearch	3901	G	*/+A	210	12	5.38%	2	1	93	93	2.0958418294317403E-4	1	1	103	107	12	0	+A
C1_BC25_191109_LF_LIB_consensus_vsearch	3902	G	G	222	1	0.45%	2	1	93	93	0.4999999999999138	1	1	114	108	0	1	-T
C1_BC25_191109_LF_LIB_consensus_vsearch	3903	T	T	220	1	0.45%	2	1	93	93	0.4999999999999138	1	1	113	107	1	0	+G
C1_BC25_191109_LF_LIB_consensus_vsearch	3904	G	G	223	1	0.45%	2	1	93	93	0.5000000000003686	1	1	114	109	0	1	C
C1_BC25_191109_LF_LIB_consensus_vsearch	3905	A	A	216	4	1.78%	2	1	93	93	0.061646763238677425	1	1	111	105	0	4	+T
C1_BC25_191109_LF_LIB_consensus_vsearch	3906	C	C	216	5	2.25%	2	2	93	93	0.030543804461782422	1	1	110	106	1	4	-T
C1_BC25_191109_LF_LIB_consensus_vsearch	3907	T	T	212	4	1.82%	2	1	93	93	0.061630944461591126	1	1	109	103	4	0	-A
C1_BC25_191109_LF_LIB_consensus_vsearch	3908	A	A	218	2	0.9%	2	1	93	93	0.24943052391823226	1	1	108	110	2	0	G
C1_BC25_191109_LF_LIB_consensus_vsearch	3909	T	T	215	5	2.22%	2	1	93	93	0.03054059830172664	1	1	108	107	5	0	G
C1_BC25_191109_LF_LIB_consensus_vsearch	3910	T	T	221	2	0.89%	2	2	93	93	0.24943820224728358	1	1	114	107	1	1	+A
C1_BC25_191109_LF_LIB_consensus_vsearch	3911	G	R	217	7	3.12%	2	2	93	93	0.007449584424390529	1	1	109	108	6	1	A
C1_BC25_191109_LF_LIB_consensus_vsearch	3912	G	G	224	1	0.44%	2	1	93	93	0.4999999999999138	1	1	115	109	0	1	A
C1_BC25_191109_LF_LIB_consensus_vsearch	3913	C	C	215	4	1.78%	2	1	93	93	0.06164286277914926	1	1	111	104	0	4	-G
C1_BC25_191109_LF_LIB_consensus_vsearch	3914	G	R	199	20	9.13%	2	1	93	93	6.055615268214013E-7	1	1	93	106	20	0	A
C1_BC25_191109_LF_LIB_consensus_vsearch	3915	G	G	220	2	0.9%	2	1	93	93	0.2494356659142869	1	1	111	109	2	0	A
C1_BC25_191109_LF_LIB_consensus_vsearch	3916	C	C	213	5	2.25%	2	1	93	93	0.030534097847134272	1	1	105	108	5	0	-A
C1_BC25_191109_LF_LIB_consensus_vsearch	3917	A	A	216	1	0.46%	2	1	93	93	0.4999999999999138	1	1	106	110	1	0	+C
C1_BC25_191109_LF_LIB_consensus_vsearch	3918	A	A	209	5	2.25%	2	1	93	93	0.030520732883336912	1	1	101	108	5	0	-C
C1_BC25_191109_LF_LIB_consensus_vsearch	3919	C	*/-GC	206	10	4.61%	2	1	93	93	8.778898007284436E-4	1	1	96	110	10	0	-GC
C1_BC25_191109_LF_LIB_consensus_vsearch	3920	G	G	205	3	1.42%	2	1	93	93	0.12409638554214404	1	1	97	108	3	0	-CT
C1_BC25_191109_LF_LIB_consensus_vsearch	3921	C	C	195	6	2.87%	2	2	93	93	0.015044914559681172	1	1	93	102	2	4	-T
C1_BC25_191109_LF_LIB_consensus_vsearch	3922	T	T	206	5	2.33%	2	2	93	93	0.030510377042941562	1	1	104	102	3	2	C
C1_BC25_191109_LF_LIB_consensus_vsearch	3923	G	G	214	4	1.8%	2	1	93	93	0.061638926495252586	1	1	106	108	4	0	-A
C1_BC25_191109_LF_LIB_consensus_vsearch	3924	A	A	207	6	2.74%	2	2	93	93	0.015077437453979417	1	1	103	104	4	2	G
C1_BC25_191109_LF_LIB_consensus_vsearch	3925	C	C	214	4	1.79%	2	2	93	93	0.061638926495252586	1	1	108	106	1	3	-T
C1_BC25_191109_LF_LIB_consensus_vsearch	3926	T	T	208	6	2.74%	2	1	93	93	0.015079983859610983	1	1	110	98	0	6	C
C1_BC25_191109_LF_LIB_consensus_vsearch	3927	G	G	219	2	0.9%	2	1	93	93	0.24943310657599216	1	1	109	110	2	0	-A
C1_BC25_191109_LF_LIB_consensus_vsearch	3928	A	*/-C	197	14	6.31%	2	2	93	93	4.8844590491071155E-5	1	1	92	105	10	4	-C
C1_BC25_191109_LF_LIB_consensus_vsearch	3929	C	C	198	2	0.99%	2	1	93	93	0.24937343358388336	1	1	93	105	2	0	G
C1_BC25_191109_LF_LIB_consensus_vsearch	3930	C	C	211	4	1.84%	2	2	93	93	0.06162689769249	1	1	103	108	3	1	T
C1_BC25_191109_LF_LIB_consensus_vsearch	3931	C	*/-A	185	21	9.33%	2	2	93	93	2.788104642395199E-7	1	1	87	98	18	3	-A
C1_BC25_191109_LF_LIB_consensus_vsearch	3932	A	R	190	7	3.43%	2	2	93	93	0.007400362831181816	1	1	89	101	6	1	G
C1_BC25_191109_LF_LIB_consensus_vsearch	3933	A	*/-G	165	53	23.56%	2	2	93	93	3.019857828184128E-18	1	1	96	69	18	35	-G
C1_BC25_191109_LF_LIB_consensus_vsearch	3934	G	G	162	4	2.34%	2	1	93	93	0.06136879126528426	1	1	93	69	0	4	+C
C1_BC25_191109_LF_LIB_consensus_vsearch	3935	G	G	214	5	2.23%	2	1	93	93	0.030537362897492103	1	1	114	100	0	5	+C
C1_BC25_191109_LF_LIB_consensus_vsearch	3936	G	G	222	1	0.44%	2	1	93	93	0.4999999999999138	1	1	114	108	0	1	+A
C1_BC25_191109_LF_LIB_consensus_vsearch	3937	A	A	223	1	0.45%	2	1	93	93	0.5000000000003686	1	1	114	109	0	1	-CGG
C1_BC25_191109_LF_LIB_consensus_vsearch	3938	C	C	216	2	0.9%	2	1	93	93	0.249425287356441	1	1	112	104	0	2	+G
C1_BC25_191109_LF_LIB_consensus_vsearch	3939	G	G	215	5	2.26%	2	2	93	93	0.03054059830172664	1	1	109	106	4	1	A
C1_BC25_191109_LF_LIB_consensus_vsearch	3940	G	G	214	6	2.69%	2	2	93	93	0.015094778470947015	1	1	110	104	2	4	-TG
C1_BC25_191109_LF_LIB_consensus_vsearch	3941	T	T	211	4	1.83%	2	2	93	93	0.06162689769249	1	1	110	101	1	3	C
C1_BC25_191109_LF_LIB_consensus_vsearch	3942	G	G	213	2	0.93%	2	2	93	93	0.249417249417318	1	1	110	103	1	1	A
C1_BC25_191109_LF_LIB_consensus_vsearch	3943	C	C	213	5	2.25%	2	2	93	93	0.030534097847134272	1	1	108	105	4	1	-AC
C1_BC25_191109_LF_LIB_consensus_vsearch	3944	A	*/-C	202	7	3.2%	2	2	93	93	0.007423793454516522	1	1	100	102	5	2	-C
C1_BC25_191109_LF_LIB_consensus_vsearch	3945	C	C	207	2	0.94%	2	2	93	93	0.24940047961641743	1	1	104	103	1	1	G
C1_BC25_191109_LF_LIB_consensus_vsearch	3946	C	C	218	4	1.79%	2	2	93	93	0.061654458623218986	1	1	111	107	2	2	-A
C1_BC25_191109_LF_LIB_consensus_vsearch	3947	A	*/-G	178	35	15.91%	2	1	93	93	6.3541230436912136E-12	1	1	106	72	0	35	-G
C1_BC25_191109_LF_LIB_consensus_vsearch	3948	G	G	188	1	0.53%	2	1	93	93	0.5000000000001412	1	1	115	73	0	1	+T
C1_BC25_191109_LF_LIB_consensus_vsearch	3949	G	G	223	1	0.44%	2	1	93	93	0.5000000000003686	1	1	114	109	0	1	-A
C1_BC25_191109_LF_LIB_consensus_vsearch	3950	A	A	216	3	1.34%	2	1	93	93	0.12414187643025615	1	1	108	108	3	0	-C
C1_BC25_191109_LF_LIB_consensus_vsearch	3951	C	C	219	1	0.45%	2	1	93	93	0.4999999999999138	1	1	110	109	0	1	T
C1_BC25_191109_LF_LIB_consensus_vsearch	3952	C	C	213	4	1.79%	2	2	93	93	0.06163495389099757	1	1	109	104	2	2	T
C1_BC25_191109_LF_LIB_consensus_vsearch	3953	G	G	215	4	1.82%	2	1	93	93	0.06164286277914926	1	1	106	109	4	0	-AG
C1_BC25_191109_LF_LIB_consensus_vsearch	3954	A	*/-G	203	7	3.21%	2	2	93	93	0.007425626339083171	1	1	98	105	5	2	-G
C1_BC25_191109_LF_LIB_consensus_vsearch	3955	G	G	209	1	0.47%	2	1	93	93	0.4999999999999138	1	1	103	106	1	0	+AG
C1_BC25_191109_LF_LIB_consensus_vsearch	3956	G	G	219	1	0.45%	2	1	93	93	0.4999999999999138	1	1	111	108	1	0	+A
C1_BC25_191109_LF_LIB_consensus_vsearch	3957	A	A	213	2	0.9%	2	1	93	93	0.249417249417318	1	1	108	105	0	2	-CA
C1_BC25_191109_LF_LIB_consensus_vsearch	3958	C	*/-A	202	11	4.95%	2	2	93	93	4.2773637746469634E-4	1	1	108	94	3	8	-A
C1_BC25_191109_LF_LIB_consensus_vsearch	3959	A	A	205	2	0.96%	2	1	93	93	0.24939467312372118	1	1	109	96	2	0	C
C1_BC25_191109_LF_LIB_consensus_vsearch	3960	A	A	217	2	0.9%	2	2	93	93	0.24942791762028085	1	1	114	103	1	1	G
C1_BC25_191109_LF_LIB_consensus_vsearch	3961	G	G	220	2	0.9%	2	1	93	93	0.2494356659142869	1	1	114	106	0	2	-TT
C1_BC25_191109_LF_LIB_consensus_vsearch	3962	T	T	213	6	2.7%	2	1	93	93	0.0150923687299321	1	1	114	99	0	6	C
C1_BC25_191109_LF_LIB_consensus_vsearch	3963	T	T	209	5	2.25%	2	2	93	93	0.030520732883336912	1	1	112	97	1	4	C
C1_BC25_191109_LF_LIB_consensus_vsearch	3964	C	C	219	1	0.45%	2	1	93	93	0.4999999999999138	1	1	112	107	0	1	-T
C1_BC25_191109_LF_LIB_consensus_vsearch	3965	T	*/-C	194	11	4.95%	2	2	93	93	4.2547401580496607E-4	1	1	105	89	1	10	-C
C1_BC25_191109_LF_LIB_consensus_vsearch	3966	C	*/-T	189	8	3.92%	2	2	93	93	0.0036332530695703403	1	1	108	81	1	7	-T
C1_BC25_191109_LF_LIB_consensus_vsearch	3967	T	T	203	2	0.97%	2	1	93	93	0.2493887530563227	1	1	109	94	2	0	C
C1_BC25_191109_LF_LIB_consensus_vsearch	3968	T	T	220	2	0.9%	2	2	93	93	0.2494356659142869	1	1	113	107	1	1	C
C1_BC25_191109_LF_LIB_consensus_vsearch	3969	G	G	219	2	0.89%	2	1	93	93	0.24943310657599216	1	1	110	109	2	0	+T
C1_BC25_191109_LF_LIB_consensus_vsearch	3970	T	T	221	1	0.45%	2	1	93	93	0.4999999999999138	1	1	112	109	1	0	A
C1_BC25_191109_LF_LIB_consensus_vsearch	3971	T	T	219	1	0.45%	2	1	93	93	0.4999999999999138	1	1	113	106	0	1	+A
C1_BC25_191109_LF_LIB_consensus_vsearch	3972	G	G	216	4	1.79%	2	1	93	93	0.061646763238677425	1	1	113	103	0	4	A
C1_BC25_191109_LF_LIB_consensus_vsearch	3973	T	T	216	5	2.23%	2	2	93	93	0.030543804461782422	1	1	112	104	1	4	-C
C1_BC25_191109_LF_LIB_consensus_vsearch	3974	C	C	207	4	1.83%	2	1	93	93	0.06161032658914256	1	1	102	105	4	0	+A
C1_BC25_191109_LF_LIB_consensus_vsearch	3975	G	G	211	6	2.7%	2	1	93	93	0.015087482939793164	1	1	103	108	6	0	C
C1_BC25_191109_LF_LIB_consensus_vsearch	3976	C	*/-A	203	13	5.8%	2	2	93	93	1.0135552209744578E-4	1	1	108	95	3	10	-A
C1_BC25_191109_LF_LIB_consensus_vsearch	3977	A	A	208	2	0.95%	2	1	93	93	0.24940334128888852	1	1	108	100	2	0	G
C1_BC25_191109_LF_LIB_consensus_vsearch	3978	A	A	216	5	2.23%	2	1	93	93	0.030543804461782422	1	1	111	105	0	5	-T
C1_BC25_191109_LF_LIB_consensus_vsearch	3979	T	Y	209	11	5%	2	2	93	93	4.2958650804029443E-4	1	1	114	95	1	10	C
C1_BC25_191109_LF_LIB_consensus_vsearch	3980	C	C	223	1	0.44%	2	1	93	93	0.5000000000003686	1	1	114	109	1	0	+A
C1_BC25_191109_LF_LIB_consensus_vsearch	3981	G	G	223	2	0.89%	2	1	93	93	0.24944320712692292	1	1	113	110	2	0	-C
C1_BC25_191109_LF_LIB_consensus_vsearch	3982	C	C	220	2	0.9%	2	1	93	93	0.2494356659142869	1	1	110	110	2	0	+A
C1_BC25_191109_LF_LIB_consensus_vsearch	3983	C	C	216	4	1.78%	2	1	93	93	0.061646763238677425	1	1	108	108	4	0	+AA
C1_BC25_191109_LF_LIB_consensus_vsearch	3984	G	R	214	8	3.56%	2	1	93	93	0.003663533633296164	1	1	105	109	8	0	A
C1_BC25_191109_LF_LIB_consensus_vsearch	3985	T	T	214	3	1.35%	2	1	93	93	0.12413394919162732	1	1	106	108	3	0	+C
C1_BC25_191109_LF_LIB_consensus_vsearch	3986	C	*/+G	210	7	3.15%	2	2	93	93	0.007437988084800957	1	1	103	107	6	1	+G
C1_BC25_191109_LF_LIB_consensus_vsearch	3987	A	R	192	13	5.86%	2	2	93	93	1.0031736438947346E-4	1	1	93	99	12	1	G
C1_BC25_191109_LF_LIB_consensus_vsearch	3988	G	G	212	1	0.47%	2	1	93	93	0.5000000000001412	1	1	106	106	1	0	+A
C1_BC25_191109_LF_LIB_consensus_vsearch	3989	G	*/+C	204	7	3.11%	2	1	93	93	0.007427442022474603	1	1	99	105	7	0	+C
C1_BC25_191109_LF_LIB_consensus_vsearch	3990	C	C	215	2	0.9%	2	1	93	93	0.2494226327944578	1	1	109	106	2	0	A
C1_BC25_191109_LF_LIB_consensus_vsearch	3991	C	*/-T	213	8	3.56%	2	2	93	93	0.0036624519192641563	1	1	112	101	2	6	-T
C1_BC25_191109_LF_LIB_consensus_vsearch	3992	T	*/+C	201	7	3.24%	2	1	93	93	0.007421943123229272	1	1	103	98	7	0	+C
C1_BC25_191109_LF_LIB_consensus_vsearch	3993	C	*/-G	187	25	11.26%	2	2	93	93	1.4057802921912948E-8	1	1	87	100	18	7	-G
C1_BC25_191109_LF_LIB_consensus_vsearch	3994	G	G	192	1	0.51%	2	1	93	93	0.4999999999999138	1	1	90	102	1	0	+CG
C1_BC25_191109_LF_LIB_consensus_vsearch	3995	G	*/-A	205	10	4.52%	2	2	93	93	8.774450793915666E-4	1	1	101	104	8	2	-A
C1_BC25_191109_LF_LIB_consensus_vsearch	3996	A	A	212	1	0.47%	2	1	93	93	0.5000000000001412	1	1	104	108	1	0	+GA
C1_BC25_191109_LF_LIB_consensus_vsearch	3997	A	A	220	3	1.33%	2	1	93	93	0.12415730337075404	1	1	110	110	3	0	+G
C1_BC25_191109_LF_LIB_consensus_vsearch	3998	A	A	213	5	2.22%	2	1	93	93	0.030534097847134272	1	1	106	107	5	0	C
C1_BC25_191109_LF_LIB_consensus_vsearch	3999	T	T	212	5	2.25%	2	1	93	93	0.030530802741347875	1	1	105	107	5	0	-G
C1_BC25_191109_LF_LIB_consensus_vsearch	4000	G	R	197	16	7.31%	2	1	93	93	1.1390278653101552E-5	1	1	90	107	16	0	A
C1_BC25_191109_LF_LIB_consensus_vsearch	4001	C	C	219	3	1.35%	2	1	93	93	0.12415349887135622	1	1	112	107	3	0	A
C1_BC25_191109_LF_LIB_consensus_vsearch	4002	A	A	224	1	0.44%	2	1	93	93	0.4999999999999138	1	1	115	109	0	1	-T
C1_BC25_191109_LF_LIB_consensus_vsearch	4003	T	T	221	1	0.45%	2	1	93	93	0.4999999999999138	1	1	114	107	0	1	A
C1_BC25_191109_LF_LIB_consensus_vsearch	4004	T	T	218	2	0.89%	2	1	93	93	0.24943052391823226	1	1	114	104	0	2	+G
C1_BC25_191109_LF_LIB_consensus_vsearch	4005	G	G	222	2	0.89%	2	1	93	93	0.24944071588395061	1	1	115	107	0	2	A
C1_BC25_191109_LF_LIB_consensus_vsearch	4006	C	C	214	4	1.78%	2	2	93	93	0.061638926495252586	1	1	110	104	2	2	+A
C1_BC25_191109_LF_LIB_consensus_vsearch	4007	G	G	214	4	1.79%	2	2	93	93	0.061638926495252586	1	1	110	104	2	2	-C
C1_BC25_191109_LF_LIB_consensus_vsearch	4008	C	C	216	2	0.91%	2	2	93	93	0.249425287356441	1	1	111	105	1	1	+GCAG
C1_BC25_191109_LF_LIB_consensus_vsearch	4009	A	A	221	1	0.44%	2	1	93	93	0.4999999999999138	1	1	112	109	1	0	+CA
C1_BC25_191109_LF_LIB_consensus_vsearch	4010	G	G	225	0	0%	2	0	93	0	1.0	1	0	115	110	0	0	
C1_BC25_191109_LF_LIB_consensus_vsearch	4011	A	*/+G	184	18	8%	2	2	93	93	2.5673299461005568E-6	1	1	86	98	9	9	+G
C1_BC25_191109_LF_LIB_consensus_vsearch	4012	G	*/+AGG	46	74	36.1%	2	2	93	93	2.6907668262272664E-30	1	1	27	19	25	49	+AGG
C1_BC25_191109_LF_LIB_consensus_vsearch	4013	G	G	217	5	2.24%	2	2	93	93	0.03054698177238809	1	1	111	106	3	2	A
C1_BC25_191109_LF_LIB_consensus_vsearch	4014	G	G	225	0	0%	2	0	93	0	1.0	1	0	115	110	0	0	
C1_BC25_191109_LF_LIB_consensus_vsearch	4015	G	G	221	2	0.89%	2	1	93	93	0.24943820224728358	1	1	112	109	2	0	-C
C1_BC25_191109_LF_LIB_consensus_vsearch	4016	C	C	215	3	1.35%	2	2	93	93	0.12413793103441495	1	1	110	105	2	1	G
C1_BC25_191109_LF_LIB_consensus_vsearch	4017	C	C	219	1	0.45%	2	1	93	93	0.4999999999999138	1	1	113	106	1	0	+AC
C1_BC25_191109_LF_LIB_consensus_vsearch	4018	T	*/-G	208	7	3.14%	2	1	93	93	0.007434537497224064	1	1	114	94	0	7	-G
C1_BC25_191109_LF_LIB_consensus_vsearch	4019	G	G	214	2	0.92%	2	1	93	93	0.24941995359642635	1	1	113	101	2	0	A
C1_BC25_191109_LF_LIB_consensus_vsearch	4020	G	G	222	2	0.89%	2	1	93	93	0.24944071588395061	1	1	115	107	0	2	+C
C1_BC25_191109_LF_LIB_consensus_vsearch	4021	T	T	222	2	0.89%	2	1	93	93	0.24944071588395061	1	1	115	107	0	2	-C
C1_BC25_191109_LF_LIB_consensus_vsearch	4022	C	C	218	4	1.79%	2	2	93	93	0.061654458623218986	1	1	114	104	1	3	-G
C1_BC25_191109_LF_LIB_consensus_vsearch	4023	G	G	215	3	1.36%	2	2	93	93	0.12413793103441495	1	1	112	103	2	1	A
C1_BC25_191109_LF_LIB_consensus_vsearch	4024	G	G	220	3	1.33%	2	1	93	93	0.12415730337075404	1	1	114	106	0	3	-T
C1_BC25_191109_LF_LIB_consensus_vsearch	4025	T	T	215	4	1.8%	2	1	93	93	0.06164286277914926	1	1	114	101	0	4	C
C1_BC25_191109_LF_LIB_consensus_vsearch	4026	G	G	215	3	1.34%	2	1	93	93	0.12413793103441495	1	1	108	107	3	0	+AA
C1_BC25_191109_LF_LIB_consensus_vsearch	4027	A	*/-GGA	158	34	15.25%	2	2	93	93	1.1716573245932937E-11	1	1	56	102	33	1	-GGA
C1_BC25_191109_LF_LIB_consensus_vsearch	4028	G	G	160	4	2.4%	2	1	93	93	0.06135497529993208	1	1	55	105	4	0	A
C1_BC25_191109_LF_LIB_consensus_vsearch	4029	G	G	164	6	3.24%	2	2	93	93	0.014939776838607147	1	1	59	105	5	1	-A
C1_BC25_191109_LF_LIB_consensus_vsearch	4030	A	A	170	3	1.69%	2	2	93	93	0.12391304347830047	1	1	63	107	2	1	-G
C1_BC25_191109_LF_LIB_consensus_vsearch	4031	G	R	202	7	3.3%	2	2	93	93	0.007423793454516522	1	1	97	105	6	1	A
C1_BC25_191109_LF_LIB_consensus_vsearch	4032	C	C	206	3	1.38%	2	1	93	93	0.1241007194244273	1	1	103	103	3	0	-G
C1_BC25_191109_LF_LIB_consensus_vsearch	4033	G	*/-C	170	36	16.82%	2	1	93	93	2.72353599514503E-12	1	1	62	108	36	0	-C
C1_BC25_191109_LF_LIB_consensus_vsearch	4034	C	C	176	2	1.12%	2	2	93	93	0.2492957746479494	1	1	69	107	1	1	T
C1_BC25_191109_LF_LIB_consensus_vsearch	4035	C	C	212	4	1.83%	2	1	93	93	0.061630944461591126	1	1	108	104	0	4	+T
C1_BC25_191109_LF_LIB_consensus_vsearch	4036	C	*/-T	205	9	4.04%	2	2	93	93	0.0017924949478988227	1	1	106	99	1	8	-T
C1_BC25_191109_LF_LIB_consensus_vsearch	4037	T	Y	196	9	4.21%	2	1	93	93	0.001785610469261078	1	1	106	90	0	9	C
C1_BC25_191109_LF_LIB_consensus_vsearch	4038	A	A	209	5	2.25%	2	2	93	93	0.030520732883336912	1	1	106	103	1	4	-G
C1_BC25_191109_LF_LIB_consensus_vsearch	4039	G	G	205	6	2.75%	2	2	93	93	0.015072272591959035	1	1	106	99	2	4	-T
C1_BC25_191109_LF_LIB_consensus_vsearch	4040	T	+G/+G	4	189	87.1%	2	2	93	93	9.514893687241052E-108	1	1	3	1	104	85	+G
C1_BC25_191109_LF_LIB_consensus_vsearch	4041	C	C	203	2	0.96%	2	1	93	93	0.2493887530563227	1	1	112	91	0	2	A
C1_BC25_191109_LF_LIB_consensus_vsearch	4042	G	G	220	1	0.45%	2	1	93	93	0.4999999999999138	1	1	112	108	0	1	+CA
C1_BC25_191109_LF_LIB_consensus_vsearch	4043	T	T	218	3	1.35%	2	2	93	93	0.12414965986396012	1	1	111	107	1	2	+C
C1_BC25_191109_LF_LIB_consensus_vsearch	4044	C	C	209	5	2.23%	2	1	93	93	0.030520732883336912	1	1	108	101	0	5	-T
C1_BC25_191109_LF_LIB_consensus_vsearch	4045	T	T	215	1	0.46%	2	1	93	93	0.4999999999999138	1	1	111	104	0	1	-C
C1_BC25_191109_LF_LIB_consensus_vsearch	4046	C	C	207	4	1.82%	2	2	93	93	0.06161032658914256	1	1	107	100	2	2	+A
C1_BC25_191109_LF_LIB_consensus_vsearch	4047	G	G	207	6	2.7%	2	2	93	93	0.015077437453979417	1	1	105	102	5	1	+A
C1_BC25_191109_LF_LIB_consensus_vsearch	4048	T	T	207	4	1.79%	2	1	93	93	0.06161032658914256	1	1	106	101	0	4	A
C1_BC25_191109_LF_LIB_consensus_vsearch	4049	G	G	210	6	2.74%	2	1	93	93	0.01508500627971554	1	1	109	101	0	6	-C
C1_BC25_191109_LF_LIB_consensus_vsearch	4050	C	*/-T	204	8	3.7%	2	2	93	93	0.0036522646351654408	1	1	107	97	2	6	-T
C1_BC25_191109_LF_LIB_consensus_vsearch	4051	T	T	208	1	0.47%	2	1	93	93	0.5000000000001412	1	1	106	102	1	0	+A
C1_BC25_191109_LF_LIB_consensus_vsearch	4052	T	*/-C	208	7	3.15%	2	1	93	93	0.007434537497224064	1	1	110	98	0	7	-C
C1_BC25_191109_LF_LIB_consensus_vsearch	4053	C	C	208	1	0.47%	2	1	93	93	0.5000000000001412	1	1	110	98	1	0	-TG
C1_BC25_191109_LF_LIB_consensus_vsearch	4054	T	T	214	4	1.82%	2	2	93	93	0.061638926495252586	1	1	111	103	2	2	-G
C1_BC25_191109_LF_LIB_consensus_vsearch	4055	G	G	213	4	1.82%	2	1	93	93	0.06163495389099757	1	1	106	107	4	0	A
C1_BC25_191109_LF_LIB_consensus_vsearch	4056	G	G	219	2	0.89%	2	1	93	93	0.24943310657599216	1	1	112	107	2	0	T
C1_BC25_191109_LF_LIB_consensus_vsearch	4057	T	T	215	4	1.79%	2	2	93	93	0.06164286277914926	1	1	110	105	2	2	A
C1_BC25_191109_LF_LIB_consensus_vsearch	4058	G	G	215	5	2.24%	2	1	93	93	0.03054059830172664	1	1	108	107	5	0	A
C1_BC25_191109_LF_LIB_consensus_vsearch	4059	C	C	219	2	0.89%	2	1	93	93	0.24943310657599216	1	1	111	108	2	0	-G
C1_BC25_191109_LF_LIB_consensus_vsearch	4060	G	*/-C	172	26	11.71%	2	2	93	93	6.193833331036707E-9	1	1	97	75	6	20	-C
C1_BC25_191109_LF_LIB_consensus_vsearch	4061	C	C	186	4	2.08%	2	1	93	93	0.061511866352189214	1	1	102	84	0	4	+T
C1_BC25_191109_LF_LIB_consensus_vsearch	4062	C	C	214	2	0.91%	2	1	93	93	0.24941995359642635	1	1	106	108	2	0	+G
C1_BC25_191109_LF_LIB_consensus_vsearch	4063	C	C	219	2	0.89%	2	1	93	93	0.24943310657599216	1	1	111	108	2	0	+G
C1_BC25_191109_LF_LIB_consensus_vsearch	4064	C	C	203	6	2.67%	2	2	93	93	0.01506700937567325	1	1	106	97	3	3	-T
C1_BC25_191109_LF_LIB_consensus_vsearch	4065	T	T	203	5	2.35%	2	1	93	93	0.030499722862415764	1	1	101	102	5	0	C
C1_BC25_191109_LF_LIB_consensus_vsearch	4066	T	T	207	5	2.28%	2	2	93	93	0.030513861513988962	1	1	103	104	4	1	C
C1_BC25_191109_LF_LIB_consensus_vsearch	4067	G	*/-A	194	27	12%	2	2	93	93	3.1993715785060778E-9	1	1	103	91	9	18	-A
C1_BC25_191109_LF_LIB_consensus_vsearch	4068	A	A	193	2	1.02%	2	2	93	93	0.24935732647820702	1	1	102	91	1	1	G
C1_BC25_191109_LF_LIB_consensus_vsearch	4069	A	A	218	4	1.79%	2	1	93	93	0.061654458623218986	1	1	108	110	4	0	G
C1_BC25_191109_LF_LIB_consensus_vsearch	4070	A	A	219	5	2.23%	2	2	93	93	0.030553251388732716	1	1	110	109	4	1	G
C1_BC25_191109_LF_LIB_consensus_vsearch	4071	A	R	205	16	7.11%	2	2	93	93	1.1515964001761286E-5	1	1	100	105	15	1	G
C1_BC25_191109_LF_LIB_consensus_vsearch	4072	C	C	215	5	2.25%	2	1	93	93	0.03054059830172664	1	1	114	101	0	5	+T
C1_BC25_191109_LF_LIB_consensus_vsearch	4073	C	*/-T	211	10	4.44%	2	1	93	93	8.800549103686053E-4	1	1	115	96	0	10	-T
C1_BC25_191109_LF_LIB_consensus_vsearch	4074	T	T	207	3	1.4%	2	1	93	93	0.12410501193315207	1	1	112	95	0	3	C
C1_BC25_191109_LF_LIB_consensus_vsearch	4075	C	C	217	3	1.35%	2	1	93	93	0.12414578587710072	1	1	112	105	0	3	-G
C1_BC25_191109_LF_LIB_consensus_vsearch	4076	G	R	202	16	7.24%	2	2	93	93	1.1469793493705302E-5	1	1	101	101	12	4	A
C1_BC25_191109_LF_LIB_consensus_vsearch	4077	G	G	211	4	1.79%	2	1	93	93	0.06162689769249	1	1	111	100	0	4	-T
C1_BC25_191109_LF_LIB_consensus_vsearch	4078	T	T	206	3	1.38%	2	1	93	93	0.1241007194244273	1	1	110	96	0	3	A
C1_BC25_191109_LF_LIB_consensus_vsearch	4079	G	G	216	2	0.9%	2	1	93	93	0.249425287356441	1	1	113	103	2	0	-A
C1_BC25_191109_LF_LIB_consensus_vsearch	4080	A	A	219	2	0.9%	2	2	93	93	0.24943310657599216	1	1	112	107	1	1	G
C1_BC25_191109_LF_LIB_consensus_vsearch	4081	T	T	214	5	2.23%	2	1	93	93	0.030537362897492103	1	1	106	108	5	0	+C
C1_BC25_191109_LF_LIB_consensus_vsearch	4082	C	C	214	4	1.79%	2	1	93	93	0.061638926495252586	1	1	108	106	0	4	+G
C1_BC25_191109_LF_LIB_consensus_vsearch	4083	A	R	207	8	3.62%	2	2	93	93	0.003655753662936563	1	1	107	100	4	4	G
C1_BC25_191109_LF_LIB_consensus_vsearch	4084	C	*/-A	200	9	4.11%	2	2	93	93	0.0017887416879729845	1	1	108	92	1	8	-A
C1_BC25_191109_LF_LIB_consensus_vsearch	4085	A	A	207	3	1.42%	2	2	93	93	0.12410501193315207	1	1	108	99	1	2	G
C1_BC25_191109_LF_LIB_consensus_vsearch	4086	A	A	206	6	2.7%	2	1	93	93	0.015074867144143777	1	1	101	105	6	0	G
C1_BC25_191109_LF_LIB_consensus_vsearch	4087	C	C	206	5	2.29%	2	2	93	93	0.030510377042941562	1	1	105	101	3	2	-T
C1_BC25_191109_LF_LIB_consensus_vsearch	4088	T	Y	201	13	5.96%	2	2	93	93	1.0117417827629507E-4	1	1	107	94	2	11	C
C1_BC25_191109_LF_LIB_consensus_vsearch	4089	A	A	218	2	0.9%	2	1	93	93	0.24943052391823226	1	1	109	109	2	0	T
C1_BC25_191109_LF_LIB_consensus_vsearch	4090	C	C	220	2	0.89%	2	2	93	93	0.2494356659142869	1	1	113	107	1	1	-GC
C1_BC25_191109_LF_LIB_consensus_vsearch	4091	G	G	210	5	2.24%	2	1	93	93	0.0305241206880699	1	1	103	107	5	0	-C
C1_BC25_191109_LF_LIB_consensus_vsearch	4092	C	C	214	2	0.92%	2	1	93	93	0.24941995359642635	1	1	108	106	0	2	+T
C1_BC25_191109_LF_LIB_consensus_vsearch	4093	C	C	220	3	1.34%	2	1	93	93	0.12415730337075404	1	1	114	106	0	3	+T
C1_BC25_191109_LF_LIB_consensus_vsearch	4094	C	C	220	3	1.33%	2	1	93	93	0.12415730337075404	1	1	115	105	0	3	T
C1_BC25_191109_LF_LIB_consensus_vsearch	4095	G	G	217	2	0.89%	2	1	93	93	0.24942791762028085	1	1	113	104	0	2	+CG
C1_BC25_191109_LF_LIB_consensus_vsearch	4096	T	T	221	1	0.45%	2	1	93	93	0.4999999999999138	1	1	115	106	0	1	-GC
C1_BC25_191109_LF_LIB_consensus_vsearch	4097	G	G	219	1	0.45%	2	1	93	93	0.4999999999999138	1	1	115	104	0	1	+C
C1_BC25_191109_LF_LIB_consensus_vsearch	4098	C	C	217	3	1.35%	2	1	93	93	0.12414578587710072	1	1	115	102	0	3	-T
C1_BC25_191109_LF_LIB_consensus_vsearch	4099	T	T	216	2	0.9%	2	1	93	93	0.249425287356441	1	1	114	102	0	2	+C
C1_BC25_191109_LF_LIB_consensus_vsearch	4100	T	T	217	2	0.89%	2	1	93	93	0.24942791762028085	1	1	114	103	0	2	-C
C1_BC25_191109_LF_LIB_consensus_vsearch	4101	C	C	214	2	0.9%	2	1	93	93	0.24941995359642635	1	1	114	100	0	2	-G
C1_BC25_191109_LF_LIB_consensus_vsearch	4102	G	G	214	3	1.36%	2	1	93	93	0.12413394919162732	1	1	113	101	0	3	+C
C1_BC25_191109_LF_LIB_consensus_vsearch	4103	T	T	219	4	1.79%	2	1	93	93	0.06165825449566743	1	1	115	104	0	4	C
C1_BC25_191109_LF_LIB_consensus_vsearch	4104	T	T	218	2	0.9%	2	1	93	93	0.24943052391823226	1	1	115	103	0	2	G
C1_BC25_191109_LF_LIB_consensus_vsearch	4105	G	G	221	3	1.34%	2	2	93	93	0.12416107382546236	1	1	114	107	1	2	A
C1_BC25_191109_LF_LIB_consensus_vsearch	4106	T	T	221	3	1.33%	2	2	93	93	0.12416107382546236	1	1	113	108	2	1	C
C1_BC25_191109_LF_LIB_consensus_vsearch	4107	C	C	219	3	1.33%	2	1	93	93	0.12415349887135622	1	1	113	106	0	3	-GT
C1_BC25_191109_LF_LIB_consensus_vsearch	4108	G	G	219	2	0.9%	2	1	93	93	0.24943310657599216	1	1	112	107	2	0	A
C1_BC25_191109_LF_LIB_consensus_vsearch	4109	T	T	214	6	2.7%	2	1	93	93	0.015094778470947015	1	1	113	101	0	6	C
C1_BC25_191109_LF_LIB_consensus_vsearch	4110	A	A	217	2	0.9%	2	1	93	93	0.24942791762028085	1	1	112	105	0	2	+C
C1_BC25_191109_LF_LIB_consensus_vsearch	4111	C	C	217	4	1.79%	2	2	93	93	0.0616506283607095	1	1	113	104	1	3	-T
C1_BC25_191109_LF_LIB_consensus_vsearch	4112	T	*/-C	182	31	14.03%	2	1	93	93	1.4353309721310144E-10	1	1	110	72	0	31	-C
C1_BC25_191109_LF_LIB_consensus_vsearch	4113	C	C	176	4	2.06%	2	2	93	93	0.061456894735582995	1	1	105	71	1	3	T
C1_BC25_191109_LF_LIB_consensus_vsearch	4114	G	*/-A	207	10	4.52%	2	2	93	93	8.783305527122537E-4	1	1	106	101	6	4	-A
C1_BC25_191109_LF_LIB_consensus_vsearch	4115	A	A	211	2	0.93%	2	1	93	93	0.24941176470603904	1	1	106	105	2	0	+G
C1_BC25_191109_LF_LIB_consensus_vsearch	4116	A	A	220	2	0.89%	2	2	93	93	0.2494356659142869	1	1	112	108	1	1	G
C1_BC25_191109_LF_LIB_consensus_vsearch	4117	A	*/-C	209	7	3.11%	2	2	93	93	0.007436270701269745	1	1	102	107	6	1	-C
C1_BC25_191109_LF_LIB_consensus_vsearch	4118	C	C	214	1	0.46%	2	1	93	93	0.5000000000001412	1	1	106	108	1	0	G
C1_BC25_191109_LF_LIB_consensus_vsearch	4119	C	C	215	3	1.35%	2	1	93	93	0.12413793103441495	1	1	107	108	3	0	T
C1_BC25_191109_LF_LIB_consensus_vsearch	4120	G	R	212	8	3.59%	2	2	93	93	0.003661360523321731	1	1	103	109	7	1	A
C1_BC25_191109_LF_LIB_consensus_vsearch	4121	C	C	218	2	0.89%	2	1	93	93	0.24943052391823226	1	1	110	108	2	0	A
C1_BC25_191109_LF_LIB_consensus_vsearch	4122	A	A	222	1	0.44%	2	1	93	93	0.4999999999999138	1	1	112	110	1	0	+C
C1_BC25_191109_LF_LIB_consensus_vsearch	4123	G	G	218	2	0.89%	2	1	93	93	0.24943052391823226	1	1	111	107	0	2	-CAG
C1_BC25_191109_LF_LIB_consensus_vsearch	4124	C	C	218	2	0.9%	2	1	93	93	0.24943052391823226	1	1	111	107	2	0	-A
C1_BC25_191109_LF_LIB_consensus_vsearch	4125	A	A	213	4	1.81%	2	1	93	93	0.06163495389099757	1	1	108	105	4	0	G
C1_BC25_191109_LF_LIB_consensus_vsearch	4126	G	G	218	2	0.91%	2	1	93	93	0.24943052391823226	1	1	112	106	2	0	+A
C1_BC25_191109_LF_LIB_consensus_vsearch	4127	G	G	219	3	1.34%	2	1	93	93	0.12415349887135622	1	1	114	105	0	3	-T
C1_BC25_191109_LF_LIB_consensus_vsearch	4128	T	T	214	3	1.35%	2	1	93	93	0.12413394919162732	1	1	114	100	0	3	+C
C1_BC25_191109_LF_LIB_consensus_vsearch	4129	C	*/-T	212	8	3.57%	2	2	93	93	0.003661360523321731	1	1	112	100	2	6	-T
C1_BC25_191109_LF_LIB_consensus_vsearch	4130	T	*/-C	163	42	19.53%	2	2	93	93	2.187044953159898E-14	1	1	74	89	36	6	-C
C1_BC25_191109_LF_LIB_consensus_vsearch	4131	C	C	179	1	0.56%	2	1	93	93	0.5000000000001412	1	1	78	101	0	1	+T
C1_BC25_191109_LF_LIB_consensus_vsearch	4132	C	C	221	2	0.89%	2	1	93	93	0.24943820224728358	1	1	113	108	2	0	-T
C1_BC25_191109_LF_LIB_consensus_vsearch	4133	T	T	207	5	2.24%	2	1	93	93	0.030513861513988962	1	1	105	102	0	5	C
C1_BC25_191109_LF_LIB_consensus_vsearch	4134	A	*/+G	202	10	4.5%	2	1	93	93	8.760865562530377E-4	1	1	107	95	0	10	+G
C1_BC25_191109_LF_LIB_consensus_vsearch	4135	G	G	217	1	0.46%	2	1	93	93	0.4999999999999138	1	1	110	107	1	0	+A
C1_BC25_191109_LF_LIB_consensus_vsearch	4136	G	G	219	2	0.89%	2	1	93	93	0.24943310657599216	1	1	109	110	2	0	T
C1_BC25_191109_LF_LIB_consensus_vsearch	4137	C	*/+A	202	12	5.36%	2	1	93	93	2.0835870377678545E-4	1	1	95	107	12	0	+A
C1_BC25_191109_LF_LIB_consensus_vsearch	4138	G	*/-A	208	9	4.04%	2	1	93	93	0.0017946657928001688	1	1	102	106	9	0	-A
C1_BC25_191109_LF_LIB_consensus_vsearch	4139	A	A	210	4	1.85%	2	2	93	93	0.06162281305968737	1	1	104	106	1	3	-G
C1_BC25_191109_LF_LIB_consensus_vsearch	4140	G	G	215	3	1.36%	2	2	93	93	0.12413793103441495	1	1	110	105	2	1	A
C1_BC25_191109_LF_LIB_consensus_vsearch	4141	C	C	220	2	0.89%	2	1	93	93	0.2494356659142869	1	1	115	105	0	2	T
C1_BC25_191109_LF_LIB_consensus_vsearch	4142	A	A	223	1	0.44%	2	1	93	93	0.5000000000003686	1	1	113	110	1	0	+CA
C1_BC25_191109_LF_LIB_consensus_vsearch	4143	A	R	204	8	3.56%	2	1	93	93	0.0036522646351654408	1	1	103	101	8	0	G
C1_BC25_191109_LF_LIB_consensus_vsearch	4144	C	C	215	2	0.91%	2	1	93	93	0.2494226327944578	1	1	111	104	0	2	+T
C1_BC25_191109_LF_LIB_consensus_vsearch	4145	C	*/-T	209	11	4.95%	2	2	93	93	4.2958650804029443E-4	1	1	110	99	1	10	-T
C1_BC25_191109_LF_LIB_consensus_vsearch	4146	T	T	210	1	0.47%	2	1	93	93	0.4999999999999138	1	1	111	99	0	1	-C
C1_BC25_191109_LF_LIB_consensus_vsearch	4147	C	*/-T	214	8	3.57%	2	1	93	93	0.003663533633296164	1	1	113	101	0	8	-T
C1_BC25_191109_LF_LIB_consensus_vsearch	4148	T	T	206	3	1.4%	2	1	93	93	0.1241007194244273	1	1	105	101	3	0	+G
C1_BC25_191109_LF_LIB_consensus_vsearch	4149	A	A	211	6	2.71%	2	2	93	93	0.015087482939793164	1	1	102	109	5	1	G
C1_BC25_191109_LF_LIB_consensus_vsearch	4150	G	G	219	1	0.45%	2	1	93	93	0.4999999999999138	1	1	109	110	1	0	+A
C1_BC25_191109_LF_LIB_consensus_vsearch	4151	T	T	222	2	0.89%	2	2	93	93	0.24944071588395061	1	1	113	109	1	1	C
C1_BC25_191109_LF_LIB_consensus_vsearch	4152	C	C	215	5	2.23%	2	1	93	93	0.03054059830172664	1	1	111	104	0	5	-T
C1_BC25_191109_LF_LIB_consensus_vsearch	4153	T	T	214	1	0.47%	2	1	93	93	0.5000000000001412	1	1	110	104	1	0	+C
C1_BC25_191109_LF_LIB_consensus_vsearch	4154	C	C	217	2	0.9%	2	1	93	93	0.24942791762028085	1	1	110	107	2	0	+T
C1_BC25_191109_LF_LIB_consensus_vsearch	4155	A	A	218	2	0.89%	2	1	93	93	0.24943052391823226	1	1	111	107	2	0	+C
C1_BC25_191109_LF_LIB_consensus_vsearch	4156	C	C	215	4	1.78%	2	1	93	93	0.06164286277914926	1	1	110	105	0	4	-G
C1_BC25_191109_LF_LIB_consensus_vsearch	4157	G	G	219	1	0.45%	2	1	93	93	0.4999999999999138	1	1	114	105	1	0	+A
C1_BC25_191109_LF_LIB_consensus_vsearch	4158	G	G	224	1	0.44%	2	1	93	93	0.4999999999999138	1	1	114	110	1	0	T
C1_BC25_191109_LF_LIB_consensus_vsearch	4159	A	A	213	3	1.33%	2	1	93	93	0.12412993039444345	1	1	108	105	0	3	+T
C1_BC25_191109_LF_LIB_consensus_vsearch	4160	C	C	218	2	0.9%	2	1	93	93	0.24943052391823226	1	1	112	106	0	2	-T
C1_BC25_191109_LF_LIB_consensus_vsearch	4161	T	T	212	5	2.25%	2	2	93	93	0.030530802741347875	1	1	110	102	2	3	C
C1_BC25_191109_LF_LIB_consensus_vsearch	4162	A	A	214	1	0.45%	2	1	93	93	0.5000000000001412	1	1	110	104	0	1	+CC
C1_BC25_191109_LF_LIB_consensus_vsearch	4163	A	R	213	8	3.56%	2	2	93	93	0.0036624519192641563	1	1	110	103	4	4	G
C1_BC25_191109_LF_LIB_consensus_vsearch	4164	T	T	216	2	0.89%	2	1	93	93	0.249425287356441	1	1	111	105	0	2	-G
C1_BC25_191109_LF_LIB_consensus_vsearch	4165	G	*/+TG	23	151	68.02%	2	2	93	93	2.4584824243267644E-74	1	1	8	15	82	69	+TG
C1_BC25_191109_LF_LIB_consensus_vsearch	4166	G	G	221	1	0.45%	2	1	93	93	0.4999999999999138	1	1	112	109	1	0	+A
C1_BC25_191109_LF_LIB_consensus_vsearch	4167	G	G	215	4	1.78%	2	1	93	93	0.06164286277914926	1	1	105	110	4	0	+AG
C1_BC25_191109_LF_LIB_consensus_vsearch	4168	T	*/-A	188	20	9.13%	2	2	93	93	5.904806231127145E-7	1	1	84	104	17	3	-A
C1_BC25_191109_LF_LIB_consensus_vsearch	4169	A	A	189	6	2.99%	2	2	93	93	0.01502716012190595	1	1	86	103	3	3	G
C1_BC25_191109_LF_LIB_consensus_vsearch	4170	A	*/-G	150	40	17.94%	2	2	93	93	9.155870555143966E-14	1	1	64	86	24	16	-G
C1_BC25_191109_LF_LIB_consensus_vsearch	4171	G	G	163	3	1.73%	2	1	93	93	0.12386706948633015	1	1	76	87	0	3	T
C1_BC25_191109_LF_LIB_consensus_vsearch	4172	G	G	205	3	1.41%	2	1	93	93	0.12409638554214404	1	1	97	108	3	0	+A
C1_BC25_191109_LF_LIB_consensus_vsearch	4173	G	*/-A	210	8	3.56%	2	2	93	93	0.0036591481612605	1	1	107	103	6	2	-A
C1_BC25_191109_LF_LIB_consensus_vsearch	4174	A	A	212	2	0.93%	2	1	93	93	0.24941451990645544	1	1	109	103	0	2	C
C1_BC25_191109_LF_LIB_consensus_vsearch	4175	A	A	214	4	1.8%	2	2	93	93	0.061638926495252586	1	1	111	103	2	2	G
C1_BC25_191109_LF_LIB_consensus_vsearch	4176	G	G	219	1	0.45%	2	1	93	93	0.4999999999999138	1	1	113	106	0	1	+C
C1_BC25_191109_LF_LIB_consensus_vsearch	4177	T	T	214	4	1.79%	2	2	93	93	0.061638926495252586	1	1	112	102	2	2	-C
C1_BC25_191109_LF_LIB_consensus_vsearch	4178	C	C	216	1	0.45%	2	1	93	93	0.4999999999999138	1	1	111	105	1	0	+A
C1_BC25_191109_LF_LIB_consensus_vsearch	4179	G	R	208	14	6.28%	2	2	93	93	4.9404108604884E-5	1	1	101	107	13	1	A
C1_BC25_191109_LF_LIB_consensus_vsearch	4180	G	G	222	1	0.45%	2	1	93	93	0.4999999999999138	1	1	113	109	1	0	+CCA
C1_BC25_191109_LF_LIB_consensus_vsearch	4181	C	C	214	3	1.34%	2	2	93	93	0.12413394919162732	1	1	110	104	2	1	-A
C1_BC25_191109_LF_LIB_consensus_vsearch	4182	A	A	217	2	0.91%	2	1	93	93	0.24942791762028085	1	1	109	108	2	0	+G
C1_BC25_191109_LF_LIB_consensus_vsearch	4183	A	A	217	4	1.79%	2	2	93	93	0.0616506283607095	1	1	109	108	3	1	G
C1_BC25_191109_LF_LIB_consensus_vsearch	4184	G	G	223	1	0.44%	2	1	93	93	0.5000000000003686	1	1	114	109	0	1	+T
C1_BC25_191109_LF_LIB_consensus_vsearch	4185	T	T	217	4	1.78%	2	1	93	93	0.0616506283607095	1	1	111	106	0	4	C
C1_BC25_191109_LF_LIB_consensus_vsearch	4186	C	C	219	1	0.45%	2	1	93	93	0.4999999999999138	1	1	112	107	0	1	+A
C1_BC25_191109_LF_LIB_consensus_vsearch	4187	A	R	208	11	4.91%	2	2	93	93	4.293291473235971E-4	1	1	106	102	9	2	G
C1_BC25_191109_LF_LIB_consensus_vsearch	4188	G	G	217	3	1.34%	2	1	93	93	0.12414578587710072	1	1	114	103	0	3	-C
C1_BC25_191109_LF_LIB_consensus_vsearch	4189	C	C	214	5	2.25%	2	1	93	93	0.030537362897492103	1	1	115	99	0	5	-T
C1_BC25_191109_LF_LIB_consensus_vsearch	4190	T	T	213	4	1.82%	2	2	93	93	0.06163495389099757	1	1	113	100	1	3	-C
C1_BC25_191109_LF_LIB_consensus_vsearch	4191	C	C	217	3	1.36%	2	1	93	93	0.12414578587710072	1	1	114	103	0	3	T
C1_BC25_191109_LF_LIB_consensus_vsearch	4192	C	C	210	4	1.79%	2	1	93	93	0.06162281305968737	1	1	113	97	0	4	+G
C1_BC25_191109_LF_LIB_consensus_vsearch	4193	G	G	217	3	1.34%	2	1	93	93	0.12414578587710072	1	1	109	108	3	0	A
C1_BC25_191109_LF_LIB_consensus_vsearch	4194	T	Y	213	7	3.12%	2	2	93	93	0.007443047448823043	1	1	110	103	2	5	C
C1_BC25_191109_LF_LIB_consensus_vsearch	4195	A	A	220	2	0.9%	2	1	93	93	0.2494356659142869	1	1	111	109	2	0	T
C1_BC25_191109_LF_LIB_consensus_vsearch	4196	A	A	218	3	1.34%	2	1	93	93	0.12414965986396012	1	1	109	109	3	0	+C
C1_BC25_191109_LF_LIB_consensus_vsearch	4197	C	C	219	3	1.35%	2	1	93	93	0.12415349887135622	1	1	113	106	0	3	+T
C1_BC25_191109_LF_LIB_consensus_vsearch	4198	C	C	213	3	1.33%	2	2	93	93	0.12412993039444345	1	1	109	104	1	2	-T
C1_BC25_191109_LF_LIB_consensus_vsearch	4199	T	*/+G	206	7	3.17%	2	1	93	93	0.007431022745174962	1	1	102	104	7	0	+G
C1_BC25_191109_LF_LIB_consensus_vsearch	4200	A	*/-G	171	42	18.83%	2	2	93	93	2.411802346540288E-14	1	1	103	68	6	36	-G
C1_BC25_191109_LF_LIB_consensus_vsearch	4201	G	G	177	2	1.11%	2	1	93	93	0.24929971988807545	1	1	107	70	2	0	A
C1_BC25_191109_LF_LIB_consensus_vsearch	4202	G	G	219	3	1.35%	2	2	93	93	0.12415349887135622	1	1	114	105	1	2	A
C1_BC25_191109_LF_LIB_consensus_vsearch	4203	G	G	222	1	0.44%	2	1	93	93	0.4999999999999138	1	1	113	109	1	0	-A
C1_BC25_191109_LF_LIB_consensus_vsearch	4204	A	A	220	1	0.45%	2	1	93	93	0.4999999999999138	1	1	111	109	1	0	+G
C1_BC25_191109_LF_LIB_consensus_vsearch	4205	T	*/-A	204	13	5.8%	2	2	93	93	1.0144502228683225E-4	1	1	99	105	11	2	-A
C1_BC25_191109_LF_LIB_consensus_vsearch	4206	A	R	201	7	3.32%	2	2	93	93	0.007421943123229272	1	1	97	104	6	1	G
C1_BC25_191109_LF_LIB_consensus_vsearch	4207	A	*/-G	157	22	9.82%	2	2	93	93	1.1995100301291352E-7	1	1	74	83	18	4	-G
C1_BC25_191109_LF_LIB_consensus_vsearch	4208	G	G	183	1	0.54%	2	1	93	93	0.4999999999999138	1	1	92	91	0	1	+A
C1_BC25_191109_LF_LIB_consensus_vsearch	4209	G	G	202	2	0.96%	2	1	93	93	0.24938574938581254	1	1	108	94	2	0	+A
C1_BC25_191109_LF_LIB_consensus_vsearch	4210	G	G	214	3	1.34%	2	2	93	93	0.12413394919162732	1	1	107	107	1	2	T
C1_BC25_191109_LF_LIB_consensus_vsearch	4211	G	G	214	4	1.78%	2	2	93	93	0.061638926495252586	1	1	109	105	1	3	-TGG
C1_BC25_191109_LF_LIB_consensus_vsearch	4212	T	T	207	6	2.74%	2	1	93	93	0.015077437453979417	1	1	110	97	0	6	-G
C1_BC25_191109_LF_LIB_consensus_vsearch	4213	G	G	211	1	0.47%	2	1	93	93	0.5000000000001412	1	1	112	99	0	1	+C
C1_BC25_191109_LF_LIB_consensus_vsearch	4214	G	G	208	5	2.27%	2	2	93	93	0.03051731330830772	1	1	111	97	1	4	-C
C1_BC25_191109_LF_LIB_consensus_vsearch	4215	C	C	210	3	1.36%	2	1	93	93	0.1241176470588473	1	1	112	98	0	3	-T
C1_BC25_191109_LF_LIB_consensus_vsearch	4216	T	T	213	3	1.35%	2	1	93	93	0.12412993039444345	1	1	110	103	0	3	-C
C1_BC25_191109_LF_LIB_consensus_vsearch	4217	C	C	212	4	1.81%	2	1	93	93	0.061630944461591126	1	1	113	99	0	4	T
C1_BC25_191109_LF_LIB_consensus_vsearch	4218	T	T	214	4	1.81%	2	1	93	93	0.061638926495252586	1	1	113	101	0	4	+G
C1_BC25_191109_LF_LIB_consensus_vsearch	4219	G	G	215	4	1.79%	2	2	93	93	0.06164286277914926	1	1	112	103	2	2	-AGG
C1_BC25_191109_LF_LIB_consensus_vsearch	4220	A	*/-G	193	20	9.17%	2	2	93	93	5.974908386377013E-7	1	1	91	102	18	2	-G
C1_BC25_191109_LF_LIB_consensus_vsearch	4221	G	G	196	1	0.5%	2	1	93	93	0.5000000000001412	1	1	94	102	1	0	+A
C1_BC25_191109_LF_LIB_consensus_vsearch	4222	G	G	215	3	1.36%	2	1	93	93	0.12413793103441495	1	1	108	107	3	0	+A
C1_BC25_191109_LF_LIB_consensus_vsearch	4223	G	G	219	2	0.89%	2	2	93	93	0.24943310657599216	1	1	111	108	1	1	-C
C1_BC25_191109_LF_LIB_consensus_vsearch	4224	C	C	214	3	1.35%	2	1	93	93	0.12413394919162732	1	1	109	105	3	0	-T
C1_BC25_191109_LF_LIB_consensus_vsearch	4225	T	T	211	4	1.82%	2	2	93	93	0.06162689769249	1	1	107	104	1	3	+G
C1_BC25_191109_LF_LIB_consensus_vsearch	4226	G	G	214	3	1.35%	2	1	93	93	0.12413394919162732	1	1	107	107	3	0	-A
C1_BC25_191109_LF_LIB_consensus_vsearch	4227	A	A	216	1	0.46%	2	1	93	93	0.4999999999999138	1	1	108	108	0	1	G
C1_BC25_191109_LF_LIB_consensus_vsearch	4228	A	A	216	2	0.9%	2	1	93	93	0.249425287356441	1	1	110	106	2	0	G
C1_BC25_191109_LF_LIB_consensus_vsearch	4229	T	T	216	2	0.9%	2	2	93	93	0.249425287356441	1	1	110	106	1	1	C
C1_BC25_191109_LF_LIB_consensus_vsearch	4230	G	G	217	3	1.35%	2	1	93	93	0.12414578587710072	1	1	110	107	3	0	A
C1_BC25_191109_LF_LIB_consensus_vsearch	4231	C	C	214	4	1.8%	2	2	93	93	0.061638926495252586	1	1	110	104	1	3	T
C1_BC25_191109_LF_LIB_consensus_vsearch	4232	C	*/-T	210	8	3.57%	2	2	93	93	0.0036591481612605	1	1	106	104	3	5	-T
C1_BC25_191109_LF_LIB_consensus_vsearch	4233	T	Y	188	20	9.43%	2	2	93	93	5.904806231127145E-7	1	1	105	83	2	18	C
C1_BC25_191109_LF_LIB_consensus_vsearch	4234	G	G	216	3	1.36%	2	1	93	93	0.12414187643025615	1	1	107	109	3	0	A
C1_BC25_191109_LF_LIB_consensus_vsearch	4235	C	C	219	1	0.45%	2	1	93	93	0.4999999999999138	1	1	111	108	0	1	+T
C1_BC25_191109_LF_LIB_consensus_vsearch	4236	C	C	219	2	0.9%	2	1	93	93	0.24943310657599216	1	1	112	107	0	2	T
C1_BC25_191109_LF_LIB_consensus_vsearch	4237	G	G	223	1	0.44%	2	1	93	93	0.5000000000003686	1	1	114	109	0	1	+CCG
C1_BC25_191109_LF_LIB_consensus_vsearch	4238	A	A	219	2	0.89%	2	1	93	93	0.24943310657599216	1	1	115	104	0	2	-T
C1_BC25_191109_LF_LIB_consensus_vsearch	4239	T	T	219	2	0.9%	2	1	93	93	0.24943310657599216	1	1	113	106	2	0	+C
C1_BC25_191109_LF_LIB_consensus_vsearch	4240	C	*/-G	145	45	20.09%	2	2	93	93	1.4734811475485564E-15	1	1	79	66	27	18	-G
C1_BC25_191109_LF_LIB_consensus_vsearch	4241	G	R	154	8	4.68%	2	1	93	93	0.0035754898805095913	1	1	73	81	8	0	A
C1_BC25_191109_LF_LIB_consensus_vsearch	4242	G	R	206	10	4.63%	2	1	93	93	8.778898007284436E-4	1	1	105	101	10	0	A
C1_BC25_191109_LF_LIB_consensus_vsearch	4243	G	G	215	5	2.25%	2	1	93	93	0.03054059830172664	1	1	110	105	5	0	A
C1_BC25_191109_LF_LIB_consensus_vsearch	4244	G	G	208	6	2.67%	2	1	93	93	0.015079983859610983	1	1	109	99	0	6	A
C1_BC25_191109_LF_LIB_consensus_vsearch	4245	A	A	218	0	0%	2	0	93	0	1.0	1	0	109	109	0	0	
C1_BC25_191109_LF_LIB_consensus_vsearch	4246	A	A	221	2	0.9%	2	1	93	93	0.24943820224728358	1	1	111	110	2	0	G
C1_BC25_191109_LF_LIB_consensus_vsearch	4247	C	C	221	1	0.44%	2	1	93	93	0.4999999999999138	1	1	111	110	1	0	+A
C1_BC25_191109_LF_LIB_consensus_vsearch	4248	G	G	222	1	0.45%	2	1	93	93	0.4999999999999138	1	1	113	109	0	1	+TG
C1_BC25_191109_LF_LIB_consensus_vsearch	4249	A	A	217	6	2.68%	2	2	93	93	0.015101878629034914	1	1	109	108	4	2	G
C1_BC25_191109_LF_LIB_consensus_vsearch	4250	C	C	217	3	1.34%	2	2	93	93	0.12414578587710072	1	1	110	107	1	2	T
C1_BC25_191109_LF_LIB_consensus_vsearch	4251	G	G	218	4	1.79%	2	1	93	93	0.061654458623218986	1	1	109	109	4	0	A
C1_BC25_191109_LF_LIB_consensus_vsearch	4252	G	*/-C	188	31	13.84%	2	2	93	93	1.4860450255869367E-10	1	1	100	88	12	19	-C
C1_BC25_191109_LF_LIB_consensus_vsearch	4253	C	*/+T	170	16	8.33%	2	1	93	93	1.0896530340644042E-5	1	1	101	69	0	16	+T
C1_BC25_191109_LF_LIB_consensus_vsearch	4254	C	Y	205	12	5.38%	2	1	93	93	2.0882828978061456E-4	1	1	111	94	0	12	T
C1_BC25_191109_LF_LIB_consensus_vsearch	4255	C	*/-T	160	47	20.98%	2	2	93	93	3.721230065748427E-16	1	1	106	54	3	44	-T
C1_BC25_191109_LF_LIB_consensus_vsearch	4256	T	Y	164	7	4.07%	2	2	93	93	0.007338453432453804	1	1	105	59	3	4	C
C1_BC25_191109_LF_LIB_consensus_vsearch	4257	T	Y	193	16	7.31%	2	1	93	93	1.132424303638399E-5	1	1	111	82	0	16	C
C1_BC25_191109_LF_LIB_consensus_vsearch	4258	G	G	213	6	2.73%	2	2	93	93	0.0150923687299321	1	1	110	103	1	5	A
C1_BC25_191109_LF_LIB_consensus_vsearch	4259	T	T	217	1	0.45%	2	1	93	93	0.4999999999999138	1	1	110	107	1	0	+C
C1_BC25_191109_LF_LIB_consensus_vsearch	4260	C	C	214	4	1.8%	2	2	93	93	0.061638926495252586	1	1	108	106	3	1	-G
C1_BC25_191109_LF_LIB_consensus_vsearch	4261	G	R	193	16	7.31%	2	1	93	93	1.132424303638399E-5	1	1	90	103	16	0	A
C1_BC25_191109_LF_LIB_consensus_vsearch	4262	C	Y	182	20	9.17%	2	2	93	93	5.817046897591735E-7	1	1	90	92	16	4	T
C1_BC25_191109_LF_LIB_consensus_vsearch	4263	G	R	191	10	4.72%	2	2	93	93	8.707701860076834E-4	1	1	92	99	9	1	A
C1_BC25_191109_LF_LIB_consensus_vsearch	4264	G	*/-C	179	23	10.27%	2	1	93	93	6.139481171967117E-8	1	1	70	109	23	0	-C
C1_BC25_191109_LF_LIB_consensus_vsearch	4265	C	C	188	6	2.99%	2	1	93	93	0.015024094855898527	1	1	86	102	0	6	+T
C1_BC25_191109_LF_LIB_consensus_vsearch	4266	C	C	220	2	0.89%	2	2	93	93	0.2494356659142869	1	1	113	107	1	1	T
C1_BC25_191109_LF_LIB_consensus_vsearch	4267	C	C	217	3	1.34%	2	1	93	93	0.12414578587710072	1	1	111	106	0	3	T
C1_BC25_191109_LF_LIB_consensus_vsearch	4268	G	G	217	4	1.81%	2	1	93	93	0.0616506283607095	1	1	111	106	0	4	+C
C1_BC25_191109_LF_LIB_consensus_vsearch	4269	C	C	212	5	2.24%	2	1	93	93	0.030530802741347875	1	1	111	101	0	5	-T
C1_BC25_191109_LF_LIB_consensus_vsearch	4270	T	T	205	5	2.3%	2	1	93	93	0.03050685942891605	1	1	112	93	0	5	-CTC
C1_BC25_191109_LF_LIB_consensus_vsearch	4271	C	*/-TC	137	34	15.89%	2	2	93	93	9.411716164607674E-12	1	1	92	45	4	30	-TC
C1_BC25_191109_LF_LIB_consensus_vsearch	4272	T	*/+C	159	11	6.29%	2	1	93	93	4.132051429361587E-4	1	1	98	61	11	0	+C
C1_BC25_191109_LF_LIB_consensus_vsearch	4273	C	C	168	3	1.7%	2	1	93	93	0.12390029325511762	1	1	107	61	0	3	-G
C1_BC25_191109_LF_LIB_consensus_vsearch	4274	G	R	195	16	7.48%	2	2	93	93	1.1357537987418757E-5	1	1	99	96	14	2	A
C1_BC25_191109_LF_LIB_consensus_vsearch	4275	G	G	221	1	0.45%	2	1	93	93	0.4999999999999138	1	1	114	107	0	1	A
C1_BC25_191109_LF_LIB_consensus_vsearch	4276	G	G	213	2	0.9%	2	1	93	93	0.249417249417318	1	1	108	105	0	2	-C
C1_BC25_191109_LF_LIB_consensus_vsearch	4277	C	*/-G	181	30	13.7%	2	2	93	93	3.0713327112998625E-10	1	1	105	76	4	26	-G
C1_BC25_191109_LF_LIB_consensus_vsearch	4278	G	R	166	21	10.99%	2	2	93	93	2.6316563117976456E-7	1	1	87	79	20	1	A
C1_BC25_191109_LF_LIB_consensus_vsearch	4279	G	*/+A	208	10	4.5%	2	1	93	93	8.787673881990181E-4	1	1	101	107	10	0	+A
C1_BC25_191109_LF_LIB_consensus_vsearch	4280	G	G	219	1	0.45%	2	1	93	93	0.4999999999999138	1	1	111	108	1	0	+AG
C1_BC25_191109_LF_LIB_consensus_vsearch	4281	T	T	217	4	1.79%	2	2	93	93	0.0616506283607095	1	1	112	105	1	3	C
C1_BC25_191109_LF_LIB_consensus_vsearch	4282	G	G	214	4	1.79%	2	2	93	93	0.061638926495252586	1	1	109	105	2	2	A
C1_BC25_191109_LF_LIB_consensus_vsearch	4283	C	C	212	4	1.79%	2	1	93	93	0.061630944461591126	1	1	107	105	4	0	-T
C1_BC25_191109_LF_LIB_consensus_vsearch	4284	T	T	205	4	1.84%	2	2	93	93	0.06160180289502593	1	1	102	103	1	3	A
C1_BC25_191109_LF_LIB_consensus_vsearch	4285	G	G	203	6	2.74%	2	1	93	93	0.01506700937567325	1	1	104	99	0	6	-TG
C1_BC25_191109_LF_LIB_consensus_vsearch	4286	T	T	194	6	2.84%	2	1	93	93	0.015042029075490227	1	1	97	97	6	0	-G
C1_BC25_191109_LF_LIB_consensus_vsearch	4287	G	*/-CT	187	9	4.31%	2	1	93	93	0.001778109859374632	1	1	83	104	9	0	-CT
C1_BC25_191109_LF_LIB_consensus_vsearch	4288	C	*/-T	185	10	4.81%	2	2	93	93	8.676264462271394E-4	1	1	81	104	8	2	-T
C1_BC25_191109_LF_LIB_consensus_vsearch	4289	T	T	183	6	3.03%	2	2	93	93	0.015008284680098535	1	1	78	105	5	1	C
C1_BC25_191109_LF_LIB_consensus_vsearch	4290	T	Y	186	11	5.05%	2	2	93	93	4.2303631514374124E-4	1	1	90	96	10	1	C
C1_BC25_191109_LF_LIB_consensus_vsearch	4291	G	R	161	46	22.01%	2	1	93	93	8.505668721709951E-16	1	1	62	99	46	0	A
C1_BC25_191109_LF_LIB_consensus_vsearch	4292	G	G	210	5	2.27%	2	1	93	93	0.0305241206880699	1	1	105	105	5	0	T
C1_BC25_191109_LF_LIB_consensus_vsearch	4293	T	T	212	6	2.71%	2	1	93	93	0.015089936987088519	1	1	112	100	0	6	C
C1_BC25_191109_LF_LIB_consensus_vsearch	4294	G	*/-C	212	9	4.04%	2	1	93	93	0.00179747064240055	1	1	113	99	0	9	-C
C1_BC25_191109_LF_LIB_consensus_vsearch	4295	C	C	211	1	0.47%	2	1	93	93	0.5000000000001412	1	1	112	99	1	0	+T
C1_BC25_191109_LF_LIB_consensus_vsearch	4296	C	*/-T	201	17	7.66%	2	2	93	93	5.516424489829313E-6	1	1	113	88	1	16	-T
C1_BC25_191109_LF_LIB_consensus_vsearch	4297	T	T	199	2	0.97%	2	1	93	93	0.24937655860363442	1	1	110	89	2	0	+C
C1_BC25_191109_LF_LIB_consensus_vsearch	4298	C	*/-T	208	8	3.64%	2	2	93	93	0.0036568954742723925	1	1	110	98	3	5	-T
C1_BC25_191109_LF_LIB_consensus_vsearch	4299	T	K	200	7	3.29%	2	1	93	93	0.007420075094973923	1	1	109	91	0	7	G
C1_BC25_191109_LF_LIB_consensus_vsearch	4300	A	A	207	6	2.71%	2	2	93	93	0.015077437453979417	1	1	109	98	1	5	+G
C1_BC25_191109_LF_LIB_consensus_vsearch	4301	T	T	210	4	1.83%	2	2	93	93	0.06162281305968737	1	1	107	103	3	1	G
C1_BC25_191109_LF_LIB_consensus_vsearch	4302	T	T	207	5	2.24%	2	2	93	93	0.030513861513988962	1	1	110	97	1	4	C
C1_BC25_191109_LF_LIB_consensus_vsearch	4303	A	*/-C	199	9	4.21%	2	2	93	93	0.0017879699024036485	1	1	101	98	5	4	-C
C1_BC25_191109_LF_LIB_consensus_vsearch	4304	C	Y	194	7	3.38%	2	1	93	93	0.007408480654387502	1	1	106	88	0	7	T
C1_BC25_191109_LF_LIB_consensus_vsearch	4305	C	C	212	6	2.73%	2	1	93	93	0.015089936987088519	1	1	112	100	0	6	T
C1_BC25_191109_LF_LIB_consensus_vsearch	4306	C	Y	216	7	3.12%	2	1	93	93	0.007447971960236055	1	1	113	103	0	7	T
C1_BC25_191109_LF_LIB_consensus_vsearch	4307	A	A	220	2	0.9%	2	2	93	93	0.2494356659142869	1	1	112	108	1	1	G
C1_BC25_191109_LF_LIB_consensus_vsearch	4308	G	G	214	5	2.24%	2	1	93	93	0.030537362897492103	1	1	111	103	0	5	-CG
C1_BC25_191109_LF_LIB_consensus_vsearch	4309	C	C	214	1	0.46%	2	1	93	93	0.5000000000001412	1	1	112	102	0	1	+T
C1_BC25_191109_LF_LIB_consensus_vsearch	4310	G	G	211	2	0.92%	2	2	93	93	0.24941176470603904	1	1	111	100	1	1	+CG
C1_BC25_191109_LF_LIB_consensus_vsearch	4311	T	T	214	5	2.27%	2	1	93	93	0.030537362897492103	1	1	112	102	0	5	C
C1_BC25_191109_LF_LIB_consensus_vsearch	4312	T	*/-G	210	7	3.15%	2	1	93	93	0.007437988084800957	1	1	111	99	0	7	-G
C1_BC25_191109_LF_LIB_consensus_vsearch	4313	G	G	208	6	2.79%	2	2	93	93	0.015079983859610983	1	1	108	100	5	1	A
C1_BC25_191109_LF_LIB_consensus_vsearch	4314	G	G	217	4	1.79%	2	2	93	93	0.0616506283607095	1	1	113	104	1	3	A
C1_BC25_191109_LF_LIB_consensus_vsearch	4315	C	C	219	3	1.35%	2	2	93	93	0.12415349887135622	1	1	113	106	1	2	-A
C1_BC25_191109_LF_LIB_consensus_vsearch	4316	A	R	195	12	5.45%	2	2	93	93	2.0721299272133376E-4	1	1	97	98	10	2	G
C1_BC25_191109_LF_LIB_consensus_vsearch	4317	G	G	211	3	1.4%	2	1	93	93	0.12412177985949331	1	1	105	106	3	0	A
C1_BC25_191109_LF_LIB_consensus_vsearch	4318	C	C	210	4	1.85%	2	2	93	93	0.06162281305968737	1	1	105	105	3	1	-A
C1_BC25_191109_LF_LIB_consensus_vsearch	4319	A	A	209	2	0.94%	2	2	93	93	0.24940617577189375	1	1	103	106	1	1	G
C1_BC25_191109_LF_LIB_consensus_vsearch	4320	T	T	219	3	1.34%	2	1	93	93	0.12415349887135622	1	1	112	107	0	3	C
C1_BC25_191109_LF_LIB_consensus_vsearch	4321	T	T	220	2	0.89%	2	2	93	93	0.2494356659142869	1	1	112	108	1	1	+G
C1_BC25_191109_LF_LIB_consensus_vsearch	4322	G	G	217	5	2.23%	2	1	93	93	0.03054698177238809	1	1	114	103	0	5	+T
C1_BC25_191109_LF_LIB_consensus_vsearch	4323	T	T	215	4	1.79%	2	1	93	93	0.06164286277914926	1	1	112	103	0	4	-C
C1_BC25_191109_LF_LIB_consensus_vsearch	4324	C	C	214	5	2.27%	2	1	93	93	0.030537362897492103	1	1	113	101	0	5	-T
C1_BC25_191109_LF_LIB_consensus_vsearch	4325	T	T	211	3	1.37%	2	2	93	93	0.12412177985949331	1	1	110	101	1	2	-G
C1_BC25_191109_LF_LIB_consensus_vsearch	4326	G	G	213	5	2.26%	2	1	93	93	0.030534097847134272	1	1	107	106	5	0	A
C1_BC25_191109_LF_LIB_consensus_vsearch	4327	C	C	212	3	1.35%	2	1	93	93	0.1241258741259166	1	1	107	105	3	0	-A
C1_BC25_191109_LF_LIB_consensus_vsearch	4328	A	A	213	3	1.37%	2	1	93	93	0.12412993039444345	1	1	106	107	3	0	-G
C1_BC25_191109_LF_LIB_consensus_vsearch	4329	G	R	204	8	3.67%	2	1	93	93	0.0036522646351654408	1	1	97	107	8	0	A
C1_BC25_191109_LF_LIB_consensus_vsearch	4330	C	C	210	4	1.84%	2	2	93	93	0.06162281305968737	1	1	105	105	1	3	T
C1_BC25_191109_LF_LIB_consensus_vsearch	4331	C	C	219	4	1.79%	2	2	93	93	0.06165825449566743	1	1	112	107	2	2	T
C1_BC25_191109_LF_LIB_consensus_vsearch	4332	A	A	223	1	0.45%	2	1	93	93	0.5000000000003686	1	1	114	109	0	1	+CA
C1_BC25_191109_LF_LIB_consensus_vsearch	4333	A	A	212	6	2.68%	2	1	93	93	0.015089936987088519	1	1	108	104	6	0	G
C1_BC25_191109_LF_LIB_consensus_vsearch	4334	C	C	219	5	2.23%	2	2	93	93	0.030553251388732716	1	1	113	106	1	4	-T
C1_BC25_191109_LF_LIB_consensus_vsearch	4335	T	*/+C	194	23	10.5%	2	2	93	93	6.444107300416681E-8	1	1	99	95	14	9	+C
C1_BC25_191109_LF_LIB_consensus_vsearch	4336	C	C	215	3	1.34%	2	1	93	93	0.12413793103441495	1	1	107	108	3	0	+A
C1_BC25_191109_LF_LIB_consensus_vsearch	4337	A	A	214	2	0.9%	2	1	93	93	0.24941995359642635	1	1	107	107	2	0	+G
C1_BC25_191109_LF_LIB_consensus_vsearch	4338	G	G	219	1	0.45%	2	1	93	93	0.4999999999999138	1	1	112	107	0	1	+A
C1_BC25_191109_LF_LIB_consensus_vsearch	4339	A	A	220	3	1.35%	2	1	93	93	0.12415730337075404	1	1	111	109	3	0	G
C1_BC25_191109_LF_LIB_consensus_vsearch	4340	A	A	217	3	1.35%	2	1	93	93	0.12414578587710072	1	1	108	109	3	0	+T
C1_BC25_191109_LF_LIB_consensus_vsearch	4341	C	C	213	5	2.24%	2	2	93	93	0.030534097847134272	1	1	107	106	3	2	-T
C1_BC25_191109_LF_LIB_consensus_vsearch	4342	T	*/-G	206	7	3.23%	2	2	93	93	0.007431022745174962	1	1	105	101	4	3	-G
C1_BC25_191109_LF_LIB_consensus_vsearch	4343	G	G	203	6	2.8%	2	1	93	93	0.01506700937567325	1	1	100	103	6	0	A
C1_BC25_191109_LF_LIB_consensus_vsearch	4344	G	G	213	3	1.36%	2	1	93	93	0.12412993039444345	1	1	107	106	3	0	A
C1_BC25_191109_LF_LIB_consensus_vsearch	4345	C	*/+A	204	7	3.17%	2	2	93	93	0.007427442022474603	1	1	105	99	1	6	+A
C1_BC25_191109_LF_LIB_consensus_vsearch	4346	A	A	215	2	0.9%	2	1	93	93	0.2494226327944578	1	1	108	107	0	2	+T
C1_BC25_191109_LF_LIB_consensus_vsearch	4347	C	*/-G	199	8	3.62%	2	1	93	93	0.0036462285478980633	1	1	105	94	0	8	-G
C1_BC25_191109_LF_LIB_consensus_vsearch	4348	G	G	203	6	2.8%	2	1	93	93	0.01506700937567325	1	1	108	95	0	6	T
C1_BC25_191109_LF_LIB_consensus_vsearch	4349	G	G	217	3	1.35%	2	2	93	93	0.12414578587710072	1	1	109	108	2	1	-A
C1_BC25_191109_LF_LIB_consensus_vsearch	4350	A	A	217	1	0.46%	2	1	93	93	0.4999999999999138	1	1	109	108	1	0	+GA
C1_BC25_191109_LF_LIB_consensus_vsearch	4351	C	C	213	3	1.35%	2	1	93	93	0.12412993039444345	1	1	107	106	3	0	-TT
C1_BC25_191109_LF_LIB_consensus_vsearch	4352	T	T	214	1	0.46%	2	1	93	93	0.5000000000001412	1	1	107	107	0	1	+CT
C1_BC25_191109_LF_LIB_consensus_vsearch	4353	T	*/-G	150	48	22.12%	2	2	93	93	1.3819272798870782E-16	1	1	62	88	31	17	-G
C1_BC25_191109_LF_LIB_consensus_vsearch	4354	G	R	159	7	4.14%	2	1	93	93	0.007324352646937745	1	1	69	90	7	0	A
C1_BC25_191109_LF_LIB_consensus_vsearch	4355	G	G	211	6	2.74%	2	2	93	93	0.015087482939793164	1	1	106	105	5	1	A
C1_BC25_191109_LF_LIB_consensus_vsearch	4356	G	G	217	3	1.36%	2	2	93	93	0.12414578587710072	1	1	109	108	2	1	A
C1_BC25_191109_LF_LIB_consensus_vsearch	4357	G	G	223	0	0%	2	0	93	0	1.0	1	0	113	110	0	0	
C1_BC25_191109_LF_LIB_consensus_vsearch	4358	A	A	222	1	0.45%	2	1	93	93	0.4999999999999138	1	1	112	110	1	0	G
C1_BC25_191109_LF_LIB_consensus_vsearch	4359	A	A	213	3	1.35%	2	1	93	93	0.12412993039444345	1	1	107	106	3	0	G
C1_BC25_191109_LF_LIB_consensus_vsearch	4360	T	T	214	2	0.9%	2	1	93	93	0.24941995359642635	1	1	110	104	2	0	+C
C1_BC25_191109_LF_LIB_consensus_vsearch	4361	C	C	215	3	1.36%	2	2	93	93	0.12413793103441495	1	1	109	106	2	1	-T
C1_BC25_191109_LF_LIB_consensus_vsearch	4362	T	*/+G	199	8	3.67%	2	1	93	93	0.0036462285478980633	1	1	106	93	0	8	+G
C1_BC25_191109_LF_LIB_consensus_vsearch	4363	G	G	220	1	0.45%	2	1	93	93	0.4999999999999138	1	1	112	108	1	0	A
C1_BC25_191109_LF_LIB_consensus_vsearch	4364	A	A	221	1	0.45%	2	1	93	93	0.4999999999999138	1	1	112	109	0	1	+T
C1_BC25_191109_LF_LIB_consensus_vsearch	4365	C	C	216	3	1.35%	2	2	93	93	0.12414187643025615	1	1	110	106	2	1	-T
C1_BC25_191109_LF_LIB_consensus_vsearch	4366	T	T	209	4	1.82%	2	2	93	93	0.061618690029214815	1	1	108	101	2	2	C
C1_BC25_191109_LF_LIB_consensus_vsearch	4367	G	*/+T	207	7	3.18%	2	1	93	93	0.007432788253078562	1	1	107	100	0	7	+T
C1_BC25_191109_LF_LIB_consensus_vsearch	4368	T	T	215	3	1.36%	2	1	93	93	0.12413793103441495	1	1	107	108	3	0	+C
C1_BC25_191109_LF_LIB_consensus_vsearch	4369	C	*/-T	211	10	4.52%	2	2	93	93	8.800549103686053E-4	1	1	111	100	1	9	-T
C1_BC25_191109_LF_LIB_consensus_vsearch	4370	T	T	209	1	0.47%	2	1	93	93	0.4999999999999138	1	1	109	100	1	0	-A
C1_BC25_191109_LF_LIB_consensus_vsearch	4371	A	A	212	2	0.93%	2	1	93	93	0.24941451990645544	1	1	104	108	0	2	C
C1_BC25_191109_LF_LIB_consensus_vsearch	4372	A	A	211	2	0.94%	2	1	93	93	0.24941176470603904	1	1	103	108	0	2	-T
C1_BC25_191109_LF_LIB_consensus_vsearch	4373	T	T	205	2	0.96%	2	1	93	93	0.24939467312372118	1	1	98	107	2	0	G
C1_BC25_191109_LF_LIB_consensus_vsearch	4374	T	*/-A	184	15	7.21%	2	2	93	93	2.3206771680154826E-5	1	1	96	88	2	13	-A
C1_BC25_191109_LF_LIB_consensus_vsearch	4375	A	A	191	1	0.52%	2	1	93	93	0.5000000000001412	1	1	95	96	0	1	T
C1_BC25_191109_LF_LIB_consensus_vsearch	4376	A	A	199	1	0.5%	2	1	93	93	0.5000000000001412	1	1	89	110	1	0	+GA
C1_BC25_191109_LF_LIB_consensus_vsearch	4377	A	A	194	0	0%	2	0	93	0	1.0	1	0	84	110	0	0	
C1_BC25_191109_LF_LIB_consensus_vsearch	4378	A	A	186	1	0.53%	2	1	93	93	0.4999999999999138	1	1	76	110	1	0	G
C1_BC25_191109_LF_LIB_consensus_vsearch	4379	C	C	171	0	0%	2	0	93	0	1.0	1	0	67	104	0	0	
C1_BC25_191109_LF_LIB_consensus_vsearch	4380	A	A	158	0	0%	2	0	93	0	1.0	1	0	54	104	0	0	
C1_BC25_191109_LF_LIB_consensus_vsearch	4381	T	T	155	0	0%	2	0	93	0	1.0	1	0	51	104	0	0	
