Chrom	Position	Ref	Cons	Reads1	Reads2	VarFreq	Strands1	Strands2	Qual1	Qual2	Pvalue	MapQual1	MapQual2	Reads1Plus	Reads1Minus	Reads2Plus	Reads2Minus	VarAllele
C3_BC27_191109_LF_LIB_consensus_vsearch	3	G	*/+T	220	16	5.95%	2	1	93	93	1.1731010954670857E-5	1	1	171	49	16	0	+T
C3_BC27_191109_LF_LIB_consensus_vsearch	3	G	*/-T	220	33	12.27%	2	1	93	93	3.813711967349215E-11	1	1	171	49	33	0	-T
C3_BC27_191109_LF_LIB_consensus_vsearch	11	T	*/+G	292	19	6.01%	2	1	93	93	1.4366626494695928E-6	1	1	205	87	19	0	+G
C3_BC27_191109_LF_LIB_consensus_vsearch	12	A	*/-G	299	19	5.94%	2	1	93	93	1.445925818329899E-6	1	1	208	91	19	0	-G
C3_BC27_191109_LF_LIB_consensus_vsearch	18	T	*/+C	317	9	2.75%	2	1	93	93	0.0018468565107487142	1	1	220	97	9	0	+C
C3_BC27_191109_LF_LIB_consensus_vsearch	24	T	*/+C	94	203	62.27%	2	2	93	93	1.0124858513021299E-85	1	1	43	51	168	35	+C
C3_BC27_191109_LF_LIB_consensus_vsearch	24	T	*/-C	94	13	3.99%	2	2	93	93	8.286846302046643E-5	1	1	43	51	12	1	+C
C3_BC27_191109_LF_LIB_consensus_vsearch	27	C	*/-T	311	9	2.75%	2	2	93	93	0.0018448940461453691	1	1	225	86	2	7	-T
C3_BC27_191109_LF_LIB_consensus_vsearch	31	T	*/-C	275	38	11.69%	2	1	93	93	1.10082191989212E-12	1	1	179	96	38	0	-C
C3_BC27_191109_LF_LIB_consensus_vsearch	35	C	*/-GC	309	12	3.68%	2	1	93	93	2.1987513936562003E-4	1	1	212	97	12	0	-GC
C3_BC27_191109_LF_LIB_consensus_vsearch	44	T	*/+G	313	9	2.75%	2	2	93	93	0.0018455562033137492	1	1	217	96	8	1	+G
C3_BC27_191109_LF_LIB_consensus_vsearch	45	G	*/-A	307	13	3.99%	2	1	93	93	1.078009306652959E-4	1	1	212	95	13	0	-A
C3_BC27_191109_LF_LIB_consensus_vsearch	66	T	*/+A	277	18	5.56%	2	1	93	93	2.9199631702235337E-6	1	1	186	91	18	0	+A
C3_BC27_191109_LF_LIB_consensus_vsearch	66	T	*/-A	277	20	6.17%	2	2	93	93	6.850806837050978E-7	1	1	186	91	15	5	-A
C3_BC27_191109_LF_LIB_consensus_vsearch	68	A	*/-G	295	10	3.11%	2	1	93	93	9.06053300406267E-4	1	1	199	96	10	0	-G
C3_BC27_191109_LF_LIB_consensus_vsearch	79	A	*/-GTA	310	9	2.77%	2	2	93	93	0.0018445599018759912	1	1	221	89	1	8	-GTA
C3_BC27_191109_LF_LIB_consensus_vsearch	81	T	*/+A	193	8	2.54%	2	2	93	93	0.003638595561901328	1	1	127	66	5	3	+A
C3_BC27_191109_LF_LIB_consensus_vsearch	81	T	*/-A	193	76	24.13%	2	2	93	93	2.7134167572368425E-26	1	1	127	66	59	17	-A
C3_BC27_191109_LF_LIB_consensus_vsearch	81	T	*/-AA	193	34	10.79%	2	2	93	93	1.5309572857714794E-11	1	1	127	66	30	4	-A
C3_BC27_191109_LF_LIB_consensus_vsearch	94	C	*/-A	312	7	2.13%	2	1	93	93	0.007556969842859696	1	1	216	96	7	0	-A
C3_BC27_191109_LF_LIB_consensus_vsearch	99	C	*/+A	218	17	5.28%	2	2	93	93	5.652245888608535E-6	1	1	122	96	16	1	+A
C3_BC27_191109_LF_LIB_consensus_vsearch	99	C	*/-A	218	78	24.22%	2	2	93	93	9.443380656579024E-27	1	1	122	96	77	1	-A
C3_BC27_191109_LF_LIB_consensus_vsearch	101	A	*/-G	309	9	2.78%	2	1	93	93	0.0018442236885128761	1	1	210	99	9	0	-G
C3_BC27_191109_LF_LIB_consensus_vsearch	102	G	*/-A	298	16	5.03%	2	2	93	93	1.2543674789742688E-5	1	1	202	96	15	1	-A
C3_BC27_191109_LF_LIB_consensus_vsearch	104	G	*/-C	288	28	8.72%	2	2	93	93	1.99295656158646E-9	1	1	196	92	22	6	-C
C3_BC27_191109_LF_LIB_consensus_vsearch	106	C	*/+A	279	29	8.87%	2	1	93	93	9.330122544541024E-10	1	1	186	93	29	0	+A
C3_BC27_191109_LF_LIB_consensus_vsearch	107	G	+A/+A	13	289	88.92%	2	2	93	93	1.7434389070492426E-158	1	1	9	4	201	88	+A
C3_BC27_191109_LF_LIB_consensus_vsearch	107	G	*/-A	13	7	2.15%	2	2	93	93	0.004158004158004074	1	1	9	4	3	4	+A
C3_BC27_191109_LF_LIB_consensus_vsearch	109	G	*/-C	292	26	7.98%	2	2	93	93	8.74895377645425E-9	1	1	207	85	16	10	-C
C3_BC27_191109_LF_LIB_consensus_vsearch	113	T	*/-C	298	9	2.85%	2	2	93	93	0.0018403830926506065	1	1	214	84	7	2	-C
C3_BC27_191109_LF_LIB_consensus_vsearch	126	T	*/-G	306	12	3.72%	2	1	93	93	2.1965408079680396E-4	1	1	227	79	0	12	-G
C3_BC27_191109_LF_LIB_consensus_vsearch	136	T	*/-C	298	16	4.92%	2	2	93	93	1.2543674789742688E-5	1	1	207	91	11	5	-C
C3_BC27_191109_LF_LIB_consensus_vsearch	142	G	*/+C	280	35	10.64%	2	1	93	93	1.0709707448988521E-11	1	1	181	99	35	0	+C
C3_BC27_191109_LF_LIB_consensus_vsearch	142	G	*/-C	280	7	2.13%	2	1	93	93	0.007528680801958593	1	1	181	99	7	0	+C
C3_BC27_191109_LF_LIB_consensus_vsearch	144	C	*/-T	317	8	2.44%	2	2	93	93	0.0037396690155496095	1	1	228	89	1	7	-T
C3_BC27_191109_LF_LIB_consensus_vsearch	148	C	*/+TT	300	7	2.17%	2	1	93	93	0.007547047910434978	1	1	206	94	7	0	+TT
C3_BC27_191109_LF_LIB_consensus_vsearch	148	C	*/-GC	300	11	3.41%	2	1	93	93	4.462790629293343E-4	1	1	206	94	11	0	-GC
C3_BC27_191109_LF_LIB_consensus_vsearch	151	A	*/+C	293	15	4.63%	2	2	93	93	2.562894785951056E-5	1	1	202	91	13	2	+C
C3_BC27_191109_LF_LIB_consensus_vsearch	152	C	*/+T	297	14	4.4%	2	1	93	93	5.255655398048852E-5	1	1	220	77	0	14	+T
C3_BC27_191109_LF_LIB_consensus_vsearch	156	G	*/-C	300	16	4.89%	2	2	93	93	1.2559635057971457E-5	1	1	213	87	11	5	-C
C3_BC27_191109_LF_LIB_consensus_vsearch	160	T	*/+C	294	20	6.17%	2	1	93	93	6.978650780124889E-7	1	1	202	92	20	0	+C
C3_BC27_191109_LF_LIB_consensus_vsearch	162	A	*/-G	306	10	3.07%	2	1	93	93	9.08456353117801E-4	1	1	212	94	10	0	-G
C3_BC27_191109_LF_LIB_consensus_vsearch	164	A	*/-G	305	7	2.16%	2	1	93	93	0.007551274189551532	1	1	208	97	7	0	-G
C3_BC27_191109_LF_LIB_consensus_vsearch	165	G	*/-C	300	7	2.2%	2	1	93	93	0.007547047910434978	1	1	202	98	7	0	-C
C3_BC27_191109_LF_LIB_consensus_vsearch	168	A	*/+C	234	27	8.33%	2	2	93	93	3.667753509263725E-9	1	1	174	60	13	14	+C
C3_BC27_191109_LF_LIB_consensus_vsearch	168	A	*/-C	234	30	9.26%	2	2	93	93	3.8896090752632986E-10	1	1	174	60	11	19	-C
C3_BC27_191109_LF_LIB_consensus_vsearch	168	A	*/-CC	234	26	8.02%	2	2	93	93	7.720806377078348E-9	1	1	174	60	25	1	-C
C3_BC27_191109_LF_LIB_consensus_vsearch	179	C	*/-A	291	12	3.65%	2	1	93	93	2.184855536535597E-4	1	1	216	75	12	0	-A
C3_BC27_191109_LF_LIB_consensus_vsearch	179	C	*/-AA	291	12	3.65%	2	2	93	93	2.184855536535597E-4	1	1	216	75	1	11	-A
C3_BC27_191109_LF_LIB_consensus_vsearch	189	G	*/-A	309	16	4.86%	2	1	93	93	1.2629201295560026E-5	1	1	210	99	16	0	-A
C3_BC27_191109_LF_LIB_consensus_vsearch	196	C	*/-TT	302	11	3.37%	2	1	93	93	4.4654003511981547E-4	1	1	206	96	11	0	-TT
C3_BC27_191109_LF_LIB_consensus_vsearch	204	C	*/-T	293	12	3.66%	2	2	93	93	2.1864775387895355E-4	1	1	196	97	11	1	-T
C3_BC27_191109_LF_LIB_consensus_vsearch	204	C	*/-TTC	293	14	4.27%	2	1	93	93	5.24519232399163E-5	1	1	196	97	14	0	-TTC
C3_BC27_191109_LF_LIB_consensus_vsearch	206	T	*/+C	214	11	3.58%	2	2	93	93	4.308403683968055E-4	1	1	146	68	5	6	+C
C3_BC27_191109_LF_LIB_consensus_vsearch	206	T	*/-C	214	57	18.57%	2	2	93	93	2.5726547632564045E-19	1	1	146	68	39	18	-C
C3_BC27_191109_LF_LIB_consensus_vsearch	206	T	*/-CC	214	7	2.28%	2	2	93	93	0.007444703667648697	1	1	146	68	1	6	-C
C3_BC27_191109_LF_LIB_consensus_vsearch	209	C	*/-T	284	19	5.83%	2	2	93	93	1.4256137496396286E-6	1	1	203	81	9	10	-T
C3_BC27_191109_LF_LIB_consensus_vsearch	209	C	*/-TT	284	9	2.76%	2	2	93	93	0.0018350849875216509	1	1	203	81	8	1	-T
C3_BC27_191109_LF_LIB_consensus_vsearch	212	A	*/-C	286	29	8.92%	2	2	93	93	9.481582545588265E-10	1	1	190	96	27	2	-C
C3_BC27_191109_LF_LIB_consensus_vsearch	216	A	*/-CA	297	18	5.54%	2	2	93	93	2.9713951409700228E-6	1	1	203	94	16	2	-CA
C3_BC27_191109_LF_LIB_consensus_vsearch	233	T	*/-A	299	9	2.79%	2	2	93	93	0.0018407433927905296	1	1	208	91	8	1	-A
C3_BC27_191109_LF_LIB_consensus_vsearch	234	A	*/+G	305	7	2.22%	2	2	93	93	0.007551274189551532	1	1	210	95	5	2	+G
C3_BC27_191109_LF_LIB_consensus_vsearch	235	G	*/-A	316	8	2.44%	2	2	93	93	0.0037391601206060374	1	1	218	98	7	1	-A
C3_BC27_191109_LF_LIB_consensus_vsearch	236	A	*/-G	303	13	4.09%	2	2	93	93	1.0762799291955982E-4	1	1	206	97	12	1	-G
C3_BC27_191109_LF_LIB_consensus_vsearch	244	C	*/-AC	300	18	5.49%	2	1	93	93	2.978607185763602E-6	1	1	208	92	18	0	-AC
C3_BC27_191109_LF_LIB_consensus_vsearch	249	A	*/+G	282	15	4.66%	2	2	93	93	2.545961354403188E-5	1	1	208	74	4	11	+G
C3_BC27_191109_LF_LIB_consensus_vsearch	249	A	*/-G	282	18	5.59%	2	2	93	93	2.9333967839051703E-6	1	1	208	74	5	13	-G
C3_BC27_191109_LF_LIB_consensus_vsearch	253	G	*/-A	316	7	2.15%	2	1	93	93	0.007560114368843736	1	1	220	96	7	0	-A
C3_BC27_191109_LF_LIB_consensus_vsearch	261	G	*/-C	304	9	2.75%	2	2	93	93	0.0018425109022510314	1	1	219	85	1	8	-C
C3_BC27_191109_LF_LIB_consensus_vsearch	264	G	*/-A	319	8	2.44%	2	1	93	93	0.0037406775635562078	1	1	221	98	8	0	-A
C3_BC27_191109_LF_LIB_consensus_vsearch	287	C	*/-T	311	9	2.74%	2	2	93	93	0.0018448940461453691	1	1	218	93	5	4	-T
C3_BC27_191109_LF_LIB_consensus_vsearch	289	T	*/+G	279	8	2.47%	2	2	93	93	0.0037178670626973054	1	1	185	94	5	3	+G
C3_BC27_191109_LF_LIB_consensus_vsearch	289	T	*/-G	279	31	9.57%	2	2	93	93	2.1151645757746631E-10	1	1	185	94	30	1	-G
C3_BC27_191109_LF_LIB_consensus_vsearch	290	G	*/-A	267	22	7.43%	2	2	93	93	1.5740633650141153E-7	1	1	171	96	20	2	-A
C3_BC27_191109_LF_LIB_consensus_vsearch	302	G	*/-A	314	8	2.46%	2	1	93	93	0.003738132946844435	1	1	219	95	8	0	-A
C3_BC27_191109_LF_LIB_consensus_vsearch	306	A	*/-C	296	7	2.18%	2	2	93	93	0.007543567143856903	1	1	200	96	6	1	-C
C3_BC27_191109_LF_LIB_consensus_vsearch	308	C	*/+G	301	8	2.45%	2	1	93	93	0.003731135723496689	1	1	213	88	8	0	+G
C3_BC27_191109_LF_LIB_consensus_vsearch	309	G	*/-A	287	28	8.64%	2	1	93	93	1.988819753463443E-9	1	1	190	97	28	0	-A
C3_BC27_191109_LF_LIB_consensus_vsearch	310	A	*/-G	256	35	11.71%	2	1	93	93	9.809904314455399E-12	1	1	157	99	35	0	-G
C3_BC27_191109_LF_LIB_consensus_vsearch	312	G	*/+T	271	15	4.56%	2	1	93	93	2.5278164987947676E-5	1	1	175	96	15	0	+T
C3_BC27_191109_LF_LIB_consensus_vsearch	312	G	*/-T	271	34	10.33%	2	2	93	93	2.1984899384644732E-11	1	1	175	96	32	2	-T
C3_BC27_191109_LF_LIB_consensus_vsearch	317	C	*/-A	304	16	4.88%	2	2	93	93	1.2591001049517451E-5	1	1	209	95	13	3	-A
C3_BC27_191109_LF_LIB_consensus_vsearch	326	C	*/-AC	301	17	5.23%	2	1	93	93	6.125441355430881E-6	1	1	202	99	17	0	-AC
C3_BC27_191109_LF_LIB_consensus_vsearch	330	A	*/-GA	296	11	3.43%	2	1	93	93	4.4574721142254286E-4	1	1	199	97	11	0	-GA
C3_BC27_191109_LF_LIB_consensus_vsearch	333	A	*/-G	311	7	2.15%	2	1	93	93	0.007556171430833954	1	1	214	97	7	0	-G
C3_BC27_191109_LF_LIB_consensus_vsearch	336	T	*/+C	303	7	2.17%	2	1	93	93	0.007549599928934281	1	1	215	88	7	0	+C
C3_BC27_191109_LF_LIB_consensus_vsearch	337	C	*/+A	281	17	5.3%	2	1	93	93	6.033286570939342E-6	1	1	198	83	17	0	+A
C3_BC27_191109_LF_LIB_consensus_vsearch	337	C	*/+G	281	13	4.05%	2	2	93	93	1.0659667856220106E-4	1	1	198	83	5	8	+A
C3_BC27_191109_LF_LIB_consensus_vsearch	345	C	*/-GC	296	22	6.75%	2	2	93	93	1.637000915387661E-7	1	1	203	93	21	1	-GC
C3_BC27_191109_LF_LIB_consensus_vsearch	349	T	*/-G	303	9	2.75%	2	2	93	93	0.001842161861056395	1	1	213	90	3	6	-G
C3_BC27_191109_LF_LIB_consensus_vsearch	351	G	*/-C	304	9	2.74%	2	1	93	93	0.0018425109022510314	1	1	212	92	9	0	-C
C3_BC27_191109_LF_LIB_consensus_vsearch	355	C	*/-T	295	21	6.4%	2	1	93	93	3.38218837244532E-7	1	1	227	68	0	21	-T
C3_BC27_191109_LF_LIB_consensus_vsearch	355	C	*/-TC	295	11	3.35%	2	2	93	93	4.45612138742923E-4	1	1	227	68	1	10	-T
C3_BC27_191109_LF_LIB_consensus_vsearch	356	T	*/-C	265	10	3.37%	2	2	93	93	8.985463618717617E-4	1	1	220	45	4	6	-C
C3_BC27_191109_LF_LIB_consensus_vsearch	356	T	*/-CCT	265	16	5.39%	2	2	93	93	1.2250261640620327E-5	1	1	220	45	2	14	-CCT
C3_BC27_191109_LF_LIB_consensus_vsearch	358	C	*/-TC	293	10	3.21%	2	1	93	93	9.055980531669402E-4	1	1	226	67	0	10	-TC
C3_BC27_191109_LF_LIB_consensus_vsearch	362	T	*/-G	294	16	5.06%	2	2	93	93	1.2511183237317385E-5	1	1	220	74	1	15	-G
C3_BC27_191109_LF_LIB_consensus_vsearch	365	A	+C/+C	34	286	87.73%	2	2	93	93	2.1233560904893722E-144	1	1	23	11	199	87	+C
C3_BC27_191109_LF_LIB_consensus_vsearch	368	G	*/+A	305	16	4.88%	2	1	93	93	1.259872934355764E-5	1	1	209	96	16	0	+A
C3_BC27_191109_LF_LIB_consensus_vsearch	369	G	*/-C	286	31	9.42%	2	2	93	93	2.154277140742563E-10	1	1	203	83	16	15	-C
C3_BC27_191109_LF_LIB_consensus_vsearch	375	T	*/-CTCT	299	18	5.57%	2	1	93	93	2.976216838381955E-6	1	1	225	74	0	18	-CTCT
C3_BC27_191109_LF_LIB_consensus_vsearch	377	T	*/-CT	222	73	24.01%	2	2	93	93	6.487545289587105E-25	1	1	183	39	37	36	-CT
C3_BC27_191109_LF_LIB_consensus_vsearch	385	A	*/-C	294	20	6.17%	2	2	93	93	6.978650780124889E-7	1	1	199	95	17	3	-C
C3_BC27_191109_LF_LIB_consensus_vsearch	392	T	*/-C	251	70	21.41%	2	2	93	93	1.2341654131047292E-23	1	1	175	76	49	21	-C
C3_BC27_191109_LF_LIB_consensus_vsearch	394	C	*/+A	295	8	2.45%	2	2	93	93	0.0037277059675883554	1	1	204	91	7	1	+A
C3_BC27_191109_LF_LIB_consensus_vsearch	394	C	*/-A	295	9	2.75%	2	1	93	93	0.0018392881998228144	1	1	204	91	9	0	-A
C3_BC27_191109_LF_LIB_consensus_vsearch	395	A	*/+G	299	7	2.24%	2	1	93	93	0.007546186192597865	1	1	208	91	7	0	+G
C3_BC27_191109_LF_LIB_consensus_vsearch	396	A	*/-G	306	9	2.8%	2	1	93	93	0.0018432024399252702	1	1	215	91	9	0	-G
C3_BC27_191109_LF_LIB_consensus_vsearch	398	G	*/-C	310	8	2.45%	2	2	93	93	0.003736040246407896	1	1	214	96	5	3	-C
C3_BC27_191109_LF_LIB_consensus_vsearch	400	C	*/-T	315	7	2.14%	2	2	93	93	0.007559335514723115	1	1	222	93	2	5	-T
C3_BC27_191109_LF_LIB_consensus_vsearch	401	T	*/-G	301	7	2.19%	2	2	93	93	0.007547904070155765	1	1	216	85	6	1	-G
C3_BC27_191109_LF_LIB_consensus_vsearch	403	G	*/-C	310	7	2.15%	2	1	93	93	0.007555368014229169	1	1	216	94	7	0	-C
C3_BC27_191109_LF_LIB_consensus_vsearch	408	G	*/-A	318	9	2.75%	2	1	93	93	0.0018471766916003858	1	1	219	99	9	0	-A
C3_BC27_191109_LF_LIB_consensus_vsearch	419	C	*/-A	300	14	4.27%	2	2	93	93	5.263337128991013E-5	1	1	211	89	11	3	-A
C3_BC27_191109_LF_LIB_consensus_vsearch	427	C	*/+T	286	7	2.16%	2	2	93	93	0.007534452362820865	1	1	195	91	6	1	+T
C3_BC27_191109_LF_LIB_consensus_vsearch	427	C	*/-T	286	7	2.16%	2	2	93	93	0.007534452362820865	1	1	195	91	4	3	+T
C3_BC27_191109_LF_LIB_consensus_vsearch	427	C	*/-TT	286	17	5.25%	2	1	93	93	6.057363036928986E-6	1	1	195	91	17	0	-TT
C3_BC27_191109_LF_LIB_consensus_vsearch	430	G	*/-C	297	23	7.06%	2	2	93	93	7.912854554988818E-8	1	1	206	91	15	8	-C
C3_BC27_191109_LF_LIB_consensus_vsearch	438	T	*/-C	269	55	16.72%	2	1	93	93	2.2655199847655554E-18	1	1	170	99	55	0	-C
C3_BC27_191109_LF_LIB_consensus_vsearch	442	G	*/-A	317	7	2.13%	2	1	93	93	0.007560888445766803	1	1	218	99	7	0	-A
C3_BC27_191109_LF_LIB_consensus_vsearch	446	C	*/-AC	282	35	10.77%	2	2	93	93	1.0781463477491417E-11	1	1	188	94	33	2	-AC
C3_BC27_191109_LF_LIB_consensus_vsearch	447	A	*/-C	277	9	3.09%	2	2	93	93	0.0018322447702484384	1	1	189	88	3	6	-C
C3_BC27_191109_LF_LIB_consensus_vsearch	449	C	*/-T	309	11	3.37%	2	2	93	93	4.4742845820105635E-4	1	1	217	92	7	4	-T
C3_BC27_191109_LF_LIB_consensus_vsearch	451	T	*/-C	221	94	29.01%	2	2	93	93	1.4019920316259504E-32	1	1	197	24	26	68	-C
C3_BC27_191109_LF_LIB_consensus_vsearch	455	T	*/+C	310	9	2.78%	2	1	93	93	0.0018445599018759912	1	1	217	93	9	0	+C
C3_BC27_191109_LF_LIB_consensus_vsearch	466	G	*/-CG	314	8	2.44%	2	2	93	93	0.003738132946844435	1	1	221	93	3	5	-CG
C3_BC27_191109_LF_LIB_consensus_vsearch	475	C	*/-TT	300	13	4.02%	2	2	93	93	1.0749551725979228E-4	1	1	208	92	12	1	-TT
C3_BC27_191109_LF_LIB_consensus_vsearch	478	T	*/-G	300	21	6.44%	2	2	93	93	3.4009391736723504E-7	1	1	223	77	1	20	-G
C3_BC27_191109_LF_LIB_consensus_vsearch	482	C	*/-A	308	13	3.99%	2	1	93	93	1.07843520736519E-4	1	1	212	96	13	0	-A
C3_BC27_191109_LF_LIB_consensus_vsearch	484	C	*/-T	304	18	5.52%	2	2	93	93	2.9880345643732002E-6	1	1	225	79	1	17	-T
C3_BC27_191109_LF_LIB_consensus_vsearch	485	T	*/-C	289	13	4.26%	2	2	93	93	1.0698828814111211E-4	1	1	215	74	9	4	-C
C3_BC27_191109_LF_LIB_consensus_vsearch	495	T	*/-AGCC	296	12	3.7%	2	1	93	93	2.1888724853588048E-4	1	1	202	94	12	0	-AGCC
C3_BC27_191109_LF_LIB_consensus_vsearch	499	C	*/+A	253	35	11.11%	2	2	93	93	9.692250782854727E-12	1	1	167	86	34	1	+A
C3_BC27_191109_LF_LIB_consensus_vsearch	500	G	*/-A	286	32	9.91%	2	1	93	93	1.0245538527602735E-10	1	1	187	99	32	0	-A
C3_BC27_191109_LF_LIB_consensus_vsearch	506	T	*/+G	307	11	3.36%	2	2	93	93	4.471785032510738E-4	1	1	210	97	10	1	+G
C3_BC27_191109_LF_LIB_consensus_vsearch	507	A	*/-G	306	13	3.99%	2	2	93	93	1.0775808516339881E-4	1	1	211	95	12	1	-G
C3_BC27_191109_LF_LIB_consensus_vsearch	513	C	*/+T	286	10	3.05%	2	2	93	93	9.039573452826593E-4	1	1	197	89	9	1	+T
C3_BC27_191109_LF_LIB_consensus_vsearch	513	C	*/+TT	286	12	3.66%	2	1	93	93	2.1807088671943345E-4	1	1	197	89	12	0	+TT
C3_BC27_191109_LF_LIB_consensus_vsearch	513	C	*/-T	286	9	2.74%	2	2	93	93	0.0018358721342322745	1	1	197	89	4	5	+TT
C3_BC27_191109_LF_LIB_consensus_vsearch	516	T	*/+C	216	11	3.36%	2	2	93	93	4.313270586514381E-4	1	1	173	43	8	3	+C
C3_BC27_191109_LF_LIB_consensus_vsearch	516	T	*/-C	216	89	27.22%	2	2	93	93	8.537554043515004E-31	1	1	173	43	41	48	-C
C3_BC27_191109_LF_LIB_consensus_vsearch	519	C	*/+T	279	12	3.69%	2	2	93	93	2.1746733732163303E-4	1	1	214	65	1	11	+T
C3_BC27_191109_LF_LIB_consensus_vsearch	519	C	*/-TT	279	8	2.46%	2	2	93	93	0.0037178670626973054	1	1	214	65	2	6	+T
C3_BC27_191109_LF_LIB_consensus_vsearch	530	C	*/-A	270	48	14.63%	2	2	93	93	5.214662532205968E-16	1	1	177	93	44	4	-A
C3_BC27_191109_LF_LIB_consensus_vsearch	532	A	*/-G	304	8	2.45%	2	2	93	93	0.003732801665827003	1	1	216	88	6	2	-G
C3_BC27_191109_LF_LIB_consensus_vsearch	539	G	*/-CG	293	22	6.81%	2	2	93	93	1.6309406433669582E-7	1	1	203	90	13	9	-CG
C3_BC27_191109_LF_LIB_consensus_vsearch	541	G	*/-A	288	7	2.33%	2	1	93	93	0.007536324409333732	1	1	200	88	7	0	-A
C3_BC27_191109_LF_LIB_consensus_vsearch	548	C	*/+T	306	9	2.74%	2	2	93	93	0.0018432024399252702	1	1	222	84	2	7	+T
C3_BC27_191109_LF_LIB_consensus_vsearch	548	C	*/-T	306	8	2.44%	2	2	93	93	0.0037338947977920084	1	1	222	84	2	6	+T
C3_BC27_191109_LF_LIB_consensus_vsearch	555	T	*/+C	306	7	2.13%	2	1	93	93	0.007552103349072626	1	1	218	88	7	0	+C
C3_BC27_191109_LF_LIB_consensus_vsearch	555	T	*/-C	306	8	2.44%	2	2	93	93	0.0037338947977920084	1	1	218	88	3	5	-C
C3_BC27_191109_LF_LIB_consensus_vsearch	558	A	*/+G	287	8	2.48%	2	2	93	93	0.0037229184046144305	1	1	194	93	6	2	+G
C3_BC27_191109_LF_LIB_consensus_vsearch	558	A	*/-GGA	287	17	5.28%	2	1	93	93	6.062091847570648E-6	1	1	194	93	17	0	-GGA
C3_BC27_191109_LF_LIB_consensus_vsearch	560	G	*/-A	260	14	4.5%	2	1	93	93	5.1479286631846194E-5	1	1	161	99	14	0	-A
C3_BC27_191109_LF_LIB_consensus_vsearch	560	G	*/-AG	260	30	9.65%	2	1	93	93	4.2243563889520957E-10	1	1	161	99	30	0	-AG
C3_BC27_191109_LF_LIB_consensus_vsearch	563	C	*/-T	311	12	3.65%	2	1	93	93	2.2002030957800914E-4	1	1	229	82	0	12	-T
C3_BC27_191109_LF_LIB_consensus_vsearch	567	C	*/+A	299	11	3.42%	2	1	93	93	4.4614735007729884E-4	1	1	213	86	11	0	+A
C3_BC27_191109_LF_LIB_consensus_vsearch	567	C	*/+T	299	7	2.17%	2	2	93	93	0.007546186192597865	1	1	213	86	2	5	+A
C3_BC27_191109_LF_LIB_consensus_vsearch	568	C	*/-T	300	9	2.74%	2	2	93	93	0.0018411013979868624	1	1	221	79	2	7	-T
C3_BC27_191109_LF_LIB_consensus_vsearch	568	C	*/-TC	300	15	4.57%	2	2	93	93	2.573094065445105E-5	1	1	221	79	5	10	-TC
C3_BC27_191109_LF_LIB_consensus_vsearch	569	T	*/+C	90	202	66.45%	2	2	93	93	8.634132530691496E-86	1	1	76	14	136	66	+C
C3_BC27_191109_LF_LIB_consensus_vsearch	569	T	*/+CC	90	9	2.96%	2	2	93	93	0.0016150966997992011	1	1	76	14	8	1	+C
C3_BC27_191109_LF_LIB_consensus_vsearch	571	C	*/-G	294	15	4.57%	2	1	93	93	2.5643782860570056E-5	1	1	205	89	15	0	-G
C3_BC27_191109_LF_LIB_consensus_vsearch	571	C	*/-GC	294	7	2.13%	2	1	93	93	0.0075417923062006415	1	1	205	89	7	0	-G
C3_BC27_191109_LF_LIB_consensus_vsearch	575	T	*/-A	298	8	2.47%	2	1	93	93	0.00372943747369922	1	1	203	95	8	0	-A
C3_BC27_191109_LF_LIB_consensus_vsearch	576	A	*/-G	274	22	6.92%	2	2	93	93	1.590191050924215E-7	1	1	200	74	2	20	-G
C3_BC27_191109_LF_LIB_consensus_vsearch	587	A	*/-C	276	22	6.92%	2	2	93	93	1.5946836082875474E-7	1	1	192	84	15	7	-C
C3_BC27_191109_LF_LIB_consensus_vsearch	605	T	*/+A	293	11	3.4%	2	2	93	93	4.45339405057571E-4	1	1	215	78	2	9	+A
C3_BC27_191109_LF_LIB_consensus_vsearch	610	C	*/-A	317	7	2.13%	2	1	93	93	0.007560888445766803	1	1	218	99	7	0	-A
C3_BC27_191109_LF_LIB_consensus_vsearch	611	A	*/-G	273	31	9.72%	2	2	93	93	2.0807314559003518E-10	1	1	199	74	8	23	-G
C3_BC27_191109_LF_LIB_consensus_vsearch	617	C	*/-T	307	16	4.86%	2	2	93	93	1.2614052807041964E-5	1	1	222	85	2	14	-T
C3_BC27_191109_LF_LIB_consensus_vsearch	622	T	*/-C	298	18	5.59%	2	1	93	93	2.9738128621557017E-6	1	1	205	93	18	0	-C
C3_BC27_191109_LF_LIB_consensus_vsearch	626	C	*/-T	315	10	3.06%	2	2	93	93	9.103040047076643E-4	1	1	220	95	6	4	-T
C3_BC27_191109_LF_LIB_consensus_vsearch	628	T	*/+C	308	15	4.57%	2	2	93	93	2.5842426367644073E-5	1	1	213	95	11	4	+C
C3_BC27_191109_LF_LIB_consensus_vsearch	636	C	*/-G	310	7	2.15%	2	2	93	93	0.007555368014229169	1	1	216	94	6	1	-G
C3_BC27_191109_LF_LIB_consensus_vsearch	638	A	*/-G	281	30	9.4%	2	1	93	93	4.468064322074077E-10	1	1	185	96	30	0	-G
C3_BC27_191109_LF_LIB_consensus_vsearch	645	C	*/-A	317	7	2.16%	2	2	93	93	0.007560888445766803	1	1	222	95	6	1	-A
C3_BC27_191109_LF_LIB_consensus_vsearch	648	A	*/-G	283	12	3.79%	2	2	93	93	2.1781559631821082E-4	1	1	190	93	9	3	-G
C3_BC27_191109_LF_LIB_consensus_vsearch	650	G	*/-A	320	7	2.13%	2	1	93	93	0.007563182448808609	1	1	222	98	7	0	-A
C3_BC27_191109_LF_LIB_consensus_vsearch	653	T	*/-A	305	18	5.49%	2	1	93	93	2.9903584646824065E-6	1	1	208	97	18	0	-A
C3_BC27_191109_LF_LIB_consensus_vsearch	654	A	*/-T	285	14	4.52%	2	1	93	93	5.223473500985322E-5	1	1	188	97	14	0	-T
C3_BC27_191109_LF_LIB_consensus_vsearch	662	C	*/-TAC	312	7	2.15%	2	2	93	93	0.007556969842859696	1	1	220	92	6	1	-TAC
C3_BC27_191109_LF_LIB_consensus_vsearch	666	C	*/-A	308	11	3.4%	2	1	93	93	4.4730386165636195E-4	1	1	212	96	11	0	-A
C3_BC27_191109_LF_LIB_consensus_vsearch	667	A	*/-C	295	7	2.24%	2	1	93	93	0.007542682643436916	1	1	197	98	7	0	-C
C3_BC27_191109_LF_LIB_consensus_vsearch	669	C	*/-A	309	10	3.11%	2	1	93	93	9.090835764411413E-4	1	1	213	96	10	0	-A
C3_BC27_191109_LF_LIB_consensus_vsearch	679	A	*/-C	303	7	2.17%	2	2	93	93	0.007549599928934281	1	1	213	90	6	1	-C
C3_BC27_191109_LF_LIB_consensus_vsearch	681	T	*/+C	274	11	3.4%	2	1	93	93	4.425634469133768E-4	1	1	201	73	0	11	+C
C3_BC27_191109_LF_LIB_consensus_vsearch	681	T	*/-A	274	18	5.56%	2	2	93	93	2.9117059507574526E-6	1	1	201	73	16	2	-A
C3_BC27_191109_LF_LIB_consensus_vsearch	683	G	*/-A	304	10	3.1%	2	1	93	93	9.080316886694397E-4	1	1	206	98	10	0	-A
C3_BC27_191109_LF_LIB_consensus_vsearch	684	A	*/-G	285	22	6.98%	2	1	93	93	1.6142960508852506E-7	1	1	188	97	22	0	-G
C3_BC27_191109_LF_LIB_consensus_vsearch	690	C	*/-T	299	8	2.46%	2	1	93	93	0.003730007204504208	1	1	224	75	0	8	-T
C3_BC27_191109_LF_LIB_consensus_vsearch	691	T	*/-C	273	43	13.48%	2	1	93	93	2.4540199426163447E-14	1	1	184	89	43	0	-C
C3_BC27_191109_LF_LIB_consensus_vsearch	698	A	*/-G	298	14	4.31%	2	2	93	93	5.258231505431062E-5	1	1	202	96	13	1	-G
C3_BC27_191109_LF_LIB_consensus_vsearch	700	G	*/+C	311	9	2.74%	2	2	93	93	0.0018448940461453691	1	1	220	91	4	5	+C
C3_BC27_191109_LF_LIB_consensus_vsearch	702	T	*/-C	306	9	2.8%	2	2	93	93	0.0018432024399252702	1	1	214	92	6	3	-C
C3_BC27_191109_LF_LIB_consensus_vsearch	703	C	*/-AC	297	8	2.53%	2	1	93	93	0.0037288640480621854	1	1	205	92	8	0	-AC
C3_BC27_191109_LF_LIB_consensus_vsearch	708	C	*/-T	315	11	3.34%	2	2	93	93	4.4816042013600066E-4	1	1	228	87	1	10	-T
C3_BC27_191109_LF_LIB_consensus_vsearch	714	C	*/-T	309	12	3.66%	2	2	93	93	2.1987513936562003E-4	1	1	227	82	1	11	-T
C3_BC27_191109_LF_LIB_consensus_vsearch	722	C	*/-A	304	7	2.18%	2	1	93	93	0.007550439733141782	1	1	207	97	7	0	-A
C3_BC27_191109_LF_LIB_consensus_vsearch	723	A	*/-T	296	14	4.43%	2	2	93	93	5.253063571102615E-5	1	1	204	92	11	3	-T
C3_BC27_191109_LF_LIB_consensus_vsearch	726	A	*/-C	304	9	2.77%	2	2	93	93	0.0018425109022510314	1	1	217	87	2	7	-C
C3_BC27_191109_LF_LIB_consensus_vsearch	728	C	*/-TC	304	9	2.76%	2	1	93	93	0.0018425109022510314	1	1	222	82	0	9	-TC
C3_BC27_191109_LF_LIB_consensus_vsearch	729	T	*/+C	297	9	2.88%	2	1	93	93	0.001840020475434547	1	1	213	84	9	0	+C
C3_BC27_191109_LF_LIB_consensus_vsearch	731	C	*/-AC	309	15	4.6%	2	1	93	93	2.5855998866926325E-5	1	1	212	97	15	0	-AC
C3_BC27_191109_LF_LIB_consensus_vsearch	734	G	*/+C	240	17	5.3%	2	2	93	93	5.804258305365387E-6	1	1	177	63	13	4	+C
C3_BC27_191109_LF_LIB_consensus_vsearch	734	G	*/-C	240	39	12.15%	2	2	93	93	4.3631211654643295E-13	1	1	177	63	21	18	-C
C3_BC27_191109_LF_LIB_consensus_vsearch	734	G	*/-CC	240	7	2.18%	2	2	93	93	0.007483097933064014	1	1	177	63	4	3	-C
C3_BC27_191109_LF_LIB_consensus_vsearch	735	C	*/+T	249	10	3.62%	2	1	93	93	8.93850136274439E-4	1	1	195	54	0	10	+T
C3_BC27_191109_LF_LIB_consensus_vsearch	736	C	*/+T	289	9	2.85%	2	1	93	93	0.0018370333708521921	1	1	221	68	0	9	+T
C3_BC27_191109_LF_LIB_consensus_vsearch	739	C	*/-T	308	12	3.67%	2	2	93	93	2.198018975899724E-4	1	1	219	89	5	7	-T
C3_BC27_191109_LF_LIB_consensus_vsearch	742	C	*/-AC	286	37	11.35%	2	1	93	93	2.4381103982995035E-12	1	1	187	99	37	0	-AC
C3_BC27_191109_LF_LIB_consensus_vsearch	748	C	*/-G	316	7	2.13%	2	2	93	93	0.007560114368843736	1	1	224	92	2	5	-G
C3_BC27_191109_LF_LIB_consensus_vsearch	751	G	*/+T	305	7	2.13%	2	2	93	93	0.007551274189551532	1	1	215	90	6	1	+T
C3_BC27_191109_LF_LIB_consensus_vsearch	757	C	*/-GC	303	7	2.19%	2	2	93	93	0.007549599928934281	1	1	215	88	4	3	-GC
C3_BC27_191109_LF_LIB_consensus_vsearch	774	T	*/-GT	298	16	4.89%	2	2	93	93	1.2543674789742688E-5	1	1	210	88	7	9	-GT
C3_BC27_191109_LF_LIB_consensus_vsearch	787	T	*/+A	283	24	7.34%	2	1	93	93	3.734540699419346E-8	1	1	188	95	24	0	+A
C3_BC27_191109_LF_LIB_consensus_vsearch	787	T	*/+G	283	8	2.45%	2	1	93	93	0.003720427049773226	1	1	188	95	8	0	+A
C3_BC27_191109_LF_LIB_consensus_vsearch	787	T	*/-G	283	7	2.14%	2	1	93	93	0.00753159622270077	1	1	188	95	7	0	+A
C3_BC27_191109_LF_LIB_consensus_vsearch	789	C	*/-T	283	11	3.43%	2	2	93	93	4.439217516658561E-4	1	1	187	96	8	3	-T
C3_BC27_191109_LF_LIB_consensus_vsearch	789	C	*/-TT	283	24	7.48%	2	1	93	93	3.734540699419346E-8	1	1	187	96	24	0	-TT
C3_BC27_191109_LF_LIB_consensus_vsearch	792	G	*/-A	306	15	4.62%	2	1	93	93	2.5815043458826052E-5	1	1	207	99	15	0	-A
C3_BC27_191109_LF_LIB_consensus_vsearch	793	A	*/-G	277	8	2.55%	2	1	93	93	0.003716560439832168	1	1	178	99	8	0	-G
C3_BC27_191109_LF_LIB_consensus_vsearch	800	T	*/-C	314	9	2.77%	2	1	93	93	0.0018458842535959892	1	1	217	97	9	0	-C
C3_BC27_191109_LF_LIB_consensus_vsearch	803	A	*/+T	284	13	3.96%	2	2	93	93	1.0674588876807855E-4	1	1	190	94	11	2	+T
C3_BC27_191109_LF_LIB_consensus_vsearch	803	A	*/-T	284	26	7.93%	2	2	93	93	8.624387607661131E-9	1	1	190	94	23	3	-T
C3_BC27_191109_LF_LIB_consensus_vsearch	807	T	*/+C	310	9	2.74%	2	1	93	93	0.0018445599018759912	1	1	212	98	9	0	+C
C3_BC27_191109_LF_LIB_consensus_vsearch	809	A	*/-G	284	9	2.77%	2	2	93	93	0.0018350849875216509	1	1	196	88	3	6	-G
C3_BC27_191109_LF_LIB_consensus_vsearch	827	A	*/-G	283	7	2.17%	2	2	93	93	0.00753159622270077	1	1	189	94	6	1	-G
C3_BC27_191109_LF_LIB_consensus_vsearch	830	T	*/-A	275	20	6.12%	2	1	93	93	6.834930262509338E-7	1	1	196	79	20	0	-A
C3_BC27_191109_LF_LIB_consensus_vsearch	830	T	*/-AA	275	17	5.2%	2	2	93	93	6.003408269375299E-6	1	1	196	79	2	15	-A
C3_BC27_191109_LF_LIB_consensus_vsearch	835	T	*/+A	307	10	3.04%	2	1	93	93	9.086667186070912E-4	1	1	210	97	10	0	+A
C3_BC27_191109_LF_LIB_consensus_vsearch	835	T	*/-G	307	7	2.13%	2	2	93	93	0.0075529272619753235	1	1	210	97	6	1	+A
C3_BC27_191109_LF_LIB_consensus_vsearch	842	C	*/+A	103	10	3.08%	2	2	93	93	7.932362540158844E-4	1	1	94	9	1	9	+A
C3_BC27_191109_LF_LIB_consensus_vsearch	842	C	*/+AC	103	173	53.23%	2	2	93	93	1.7978682243424338E-70	1	1	94	9	112	61	+AC
C3_BC27_191109_LF_LIB_consensus_vsearch	842	C	*/+ACAC	103	8	2.46%	2	1	93	93	0.0034281334233636305	1	1	94	9	8	0	+AC
C3_BC27_191109_LF_LIB_consensus_vsearch	842	C	*/-T	103	12	3.69%	2	2	93	93	1.8046685566661298E-4	1	1	94	9	3	9	-T
C3_BC27_191109_LF_LIB_consensus_vsearch	844	T	*/-C	288	16	4.86%	2	2	93	93	1.2460966575564419E-5	1	1	218	70	1	15	-C
C3_BC27_191109_LF_LIB_consensus_vsearch	860	C	*/-T	303	12	3.73%	2	2	93	93	2.1942896133169884E-4	1	1	214	89	9	3	-T
C3_BC27_191109_LF_LIB_consensus_vsearch	862	T	*/-C	294	15	4.62%	2	2	93	93	2.5643782860570056E-5	1	1	208	86	8	7	-C
C3_BC27_191109_LF_LIB_consensus_vsearch	866	T	*/-G	302	12	3.69%	2	1	93	93	2.1935299970804329E-4	1	1	208	94	12	0	-G
C3_BC27_191109_LF_LIB_consensus_vsearch	875	T	*/-C	307	19	5.79%	2	1	93	93	1.4560786677394012E-6	1	1	208	99	19	0	-C
C3_BC27_191109_LF_LIB_consensus_vsearch	876	C	*/+A	292	12	3.88%	2	1	93	93	2.185669106898105E-4	1	1	193	99	12	0	+A
C3_BC27_191109_LF_LIB_consensus_vsearch	889	C	*/+T	309	12	3.72%	2	1	93	93	2.1987513936562003E-4	1	1	224	85	0	12	+T
C3_BC27_191109_LF_LIB_consensus_vsearch	890	C	*/-AC	301	18	5.49%	2	1	93	93	2.9809840191285966E-6	1	1	206	95	18	0	-AC
C3_BC27_191109_LF_LIB_consensus_vsearch	900	C	*/+T	248	15	4.56%	2	2	93	93	2.485346012865692E-5	1	1	181	67	9	6	+T
C3_BC27_191109_LF_LIB_consensus_vsearch	900	C	*/-T	248	56	17.02%	2	2	93	93	8.506582885951707E-19	1	1	181	67	35	21	-T
C3_BC27_191109_LF_LIB_consensus_vsearch	904	T	*/+A	314	7	2.13%	2	1	93	93	0.007558551839045116	1	1	217	97	7	0	+A
C3_BC27_191109_LF_LIB_consensus_vsearch	925	C	*/-T	300	12	3.73%	2	2	93	93	2.1919966814812938E-4	1	1	213	87	3	9	-T
C3_BC27_191109_LF_LIB_consensus_vsearch	925	C	*/-TT	300	7	2.17%	2	2	93	93	0.007547047910434978	1	1	213	87	5	2	-T
C3_BC27_191109_LF_LIB_consensus_vsearch	932	A	*/-C	303	10	3.08%	2	2	93	93	9.078173651286913E-4	1	1	212	91	5	5	-C
C3_BC27_191109_LF_LIB_consensus_vsearch	934	C	*/-T	302	9	2.79%	2	2	93	93	0.0018418106106839363	1	1	217	85	3	6	-T
C3_BC27_191109_LF_LIB_consensus_vsearch	955	T	*/+C	259	9	2.77%	2	2	93	93	0.0018242725891630934	1	1	173	86	1	8	+C
C3_BC27_191109_LF_LIB_consensus_vsearch	955	T	*/-C	259	53	16.31%	2	2	93	93	9.925744780074409E-18	1	1	173	86	51	2	-C
C3_BC27_191109_LF_LIB_consensus_vsearch	959	A	*/-CA	303	17	5.18%	2	2	93	93	6.134077434370996E-6	1	1	207	96	15	2	-CA
C3_BC27_191109_LF_LIB_consensus_vsearch	961	A	*/-T	298	7	2.26%	2	1	93	93	0.0075453188623466755	1	1	210	88	0	7	-T
C3_BC27_191109_LF_LIB_consensus_vsearch	976	T	*/+A	81	229	70.03%	2	2	93	93	1.5280522844364218E-100	1	1	80	1	131	98	+A
C3_BC27_191109_LF_LIB_consensus_vsearch	976	T	*/+G	81	8	2.45%	2	1	93	93	0.003314489482909416	1	1	80	1	8	0	+A
C3_BC27_191109_LF_LIB_consensus_vsearch	978	C	*/+A	268	9	2.74%	2	2	93	93	0.0018283858845795408	1	1	199	69	4	5	+A
C3_BC27_191109_LF_LIB_consensus_vsearch	978	C	*/-A	268	35	10.67%	2	2	93	93	1.0268876272868157E-11	1	1	199	69	20	15	-A
C3_BC27_191109_LF_LIB_consensus_vsearch	986	G	*/-C	298	17	5.21%	2	1	93	93	6.112299400714536E-6	1	1	202	96	17	0	-C
C3_BC27_191109_LF_LIB_consensus_vsearch	989	C	*/-AC	291	26	7.9%	2	1	93	93	8.733645639079472E-9	1	1	193	98	26	0	-AC
C3_BC27_191109_LF_LIB_consensus_vsearch	995	T	*/-GT	310	9	2.74%	2	1	93	93	0.0018445599018759912	1	1	217	93	9	0	-GT
C3_BC27_191109_LF_LIB_consensus_vsearch	997	T	*/-C	286	22	6.9%	2	2	93	93	1.6164161395091107E-7	1	1	194	92	21	1	-C
C3_BC27_191109_LF_LIB_consensus_vsearch	1005	T	*/+C	306	12	3.7%	2	1	93	93	2.1965408079680396E-4	1	1	225	81	0	12	+C
C3_BC27_191109_LF_LIB_consensus_vsearch	1006	T	*/-C	311	10	3.07%	2	1	93	93	9.09495348801856E-4	1	1	228	83	0	10	-C
C3_BC27_191109_LF_LIB_consensus_vsearch	1023	A	*/-G	306	11	3.4%	2	2	93	93	4.4705237598098834E-4	1	1	222	84	3	8	-G
C3_BC27_191109_LF_LIB_consensus_vsearch	1027	C	*/-AC	308	11	3.37%	2	2	93	93	4.4730386165636195E-4	1	1	216	92	10	1	-AC
C3_BC27_191109_LF_LIB_consensus_vsearch	1032	G	*/-CG	304	21	6.38%	2	2	93	93	3.4155824062753555E-7	1	1	211	93	15	6	-CG
C3_BC27_191109_LF_LIB_consensus_vsearch	1038	C	*/+T	291	15	4.62%	2	1	93	93	2.5599006003183448E-5	1	1	195	96	15	0	+T
C3_BC27_191109_LF_LIB_consensus_vsearch	1038	C	*/-G	291	7	2.15%	2	1	93	93	0.007539085690174033	1	1	195	96	7	0	+T
C3_BC27_191109_LF_LIB_consensus_vsearch	1038	C	*/-GC	291	7	2.15%	2	1	93	93	0.007539085690174033	1	1	195	96	7	0	+T
C3_BC27_191109_LF_LIB_consensus_vsearch	1039	G	*/+C	253	15	4.79%	2	1	93	93	2.4951522273802892E-5	1	1	166	87	15	0	+C
C3_BC27_191109_LF_LIB_consensus_vsearch	1040	C	*/-A	288	9	2.81%	2	1	93	93	0.0018366488553743722	1	1	192	96	9	0	-A
C3_BC27_191109_LF_LIB_consensus_vsearch	1041	A	*/-C	202	89	28.16%	2	2	93	93	5.538938093880546E-31	1	1	130	72	63	26	-C
C3_BC27_191109_LF_LIB_consensus_vsearch	1041	A	*/-CCA	202	9	2.85%	2	1	93	93	0.0017902638323438202	1	1	130	72	9	0	-C
C3_BC27_191109_LF_LIB_consensus_vsearch	1042	C	*/+A	24	169	74.78%	1	2	93	93	7.99678439308468E-84	1	1	24	0	106	63	+A
C3_BC27_191109_LF_LIB_consensus_vsearch	1042	C	*/+G	24	15	6.64%	1	1	93	93	5.755799880016028E-6	1	1	24	0	15	0	+A
C3_BC27_191109_LF_LIB_consensus_vsearch	1043	C	*/-A	284	12	3.76%	2	2	93	93	2.1790124626319327E-4	1	1	202	82	4	8	-A
C3_BC27_191109_LF_LIB_consensus_vsearch	1046	T	*/+AAT	289	7	2.15%	2	1	93	93	0.007537251012026753	1	1	213	76	0	7	+AAT
C3_BC27_191109_LF_LIB_consensus_vsearch	1047	T	*/-C	297	16	4.91%	2	2	93	93	1.2535623908953424E-5	1	1	218	79	5	11	-C
C3_BC27_191109_LF_LIB_consensus_vsearch	1048	C	*/+AC	294	9	2.88%	2	1	93	93	0.0018389184957144046	1	1	209	85	9	0	+AC
C3_BC27_191109_LF_LIB_consensus_vsearch	1057	A	*/+G	314	7	2.14%	2	1	93	93	0.007558551839045116	1	1	216	98	7	0	+G
C3_BC27_191109_LF_LIB_consensus_vsearch	1064	G	*/-C	315	7	2.15%	2	2	93	93	0.007559335514723115	1	1	222	93	5	2	-C
C3_BC27_191109_LF_LIB_consensus_vsearch	1079	T	*/-C	299	26	7.9%	2	2	93	93	8.854081039115499E-9	1	1	203	96	24	2	-C
C3_BC27_191109_LF_LIB_consensus_vsearch	1089	A	*/+C	267	22	6.77%	2	1	93	93	1.5740633650141153E-7	1	1	174	93	22	0	+C
C3_BC27_191109_LF_LIB_consensus_vsearch	1089	A	*/-C	267	32	9.85%	2	2	93	93	9.696099290617548E-11	1	1	174	93	29	3	-C
C3_BC27_191109_LF_LIB_consensus_vsearch	1111	G	*/-TG	298	8	2.48%	2	1	93	93	0.00372943747369922	1	1	211	87	0	8	-TG
C3_BC27_191109_LF_LIB_consensus_vsearch	1125	A	*/-G	302	19	5.79%	2	2	93	93	1.4497858522748563E-6	1	1	213	89	10	9	-G
C3_BC27_191109_LF_LIB_consensus_vsearch	1131	A	*/-CA	303	8	2.45%	2	2	93	93	0.0037322498843562575	1	1	214	89	2	6	-CA
C3_BC27_191109_LF_LIB_consensus_vsearch	1138	T	*/-C	293	31	9.54%	2	1	93	93	2.192288518968556E-10	1	1	195	98	31	0	-C
C3_BC27_191109_LF_LIB_consensus_vsearch	1141	T	*/+G	309	7	2.17%	2	2	93	93	0.007554559545842425	1	1	221	88	2	5	+G
C3_BC27_191109_LF_LIB_consensus_vsearch	1142	G	*/+A	291	10	3.08%	2	1	93	93	9.051368917515764E-4	1	1	192	99	10	0	+A
C3_BC27_191109_LF_LIB_consensus_vsearch	1142	G	*/+AA	291	9	2.77%	2	1	93	93	0.0018377948376447906	1	1	192	99	9	0	+A
C3_BC27_191109_LF_LIB_consensus_vsearch	1143	A	*/+G	123	127	39.69%	2	2	93	93	1.902512823946244E-48	1	1	104	19	52	75	+G
C3_BC27_191109_LF_LIB_consensus_vsearch	1143	A	*/+GG	123	10	3.12%	2	2	93	93	8.193905263215239E-4	1	1	104	19	7	3	+G
C3_BC27_191109_LF_LIB_consensus_vsearch	1143	A	*/-G	123	38	11.88%	2	2	93	93	3.052055520059105E-13	1	1	104	19	37	1	-G
C3_BC27_191109_LF_LIB_consensus_vsearch	1143	A	*/-GGA	123	14	4.38%	2	1	93	93	4.30329796162791E-5	1	1	104	19	14	0	-G
C3_BC27_191109_LF_LIB_consensus_vsearch	1144	G	*/+AG	257	7	2.57%	2	1	93	93	0.007504145184876668	1	1	159	98	7	0	+AG
C3_BC27_191109_LF_LIB_consensus_vsearch	1149	C	*/-T	300	17	5.21%	2	2	93	93	6.12108596427026E-6	1	1	218	82	5	12	-T
C3_BC27_191109_LF_LIB_consensus_vsearch	1152	C	*/+A	192	9	2.86%	2	1	93	93	0.0017823577244849092	1	1	146	46	9	0	+A
C3_BC27_191109_LF_LIB_consensus_vsearch	1152	C	*/+G	192	27	8.57%	2	2	93	93	3.173153759197354E-9	1	1	146	46	20	7	+G
C3_BC27_191109_LF_LIB_consensus_vsearch	1152	C	*/+GG	192	7	2.22%	2	1	93	93	0.007404462106241813	1	1	146	46	7	0	+G
C3_BC27_191109_LF_LIB_consensus_vsearch	1152	C	*/-G	192	57	18.1%	2	2	93	93	1.8493823257827898E-19	1	1	146	46	32	25	-G
C3_BC27_191109_LF_LIB_consensus_vsearch	1152	C	*/-GG	192	19	6.03%	2	2	93	93	1.2482898133299926E-6	1	1	146	46	11	8	-G
C3_BC27_191109_LF_LIB_consensus_vsearch	1156	G	*/+A	311	7	2.15%	2	1	93	93	0.007556171430833954	1	1	216	95	7	0	+A
C3_BC27_191109_LF_LIB_consensus_vsearch	1157	G	*/+A	297	7	2.13%	2	1	93	93	0.007544445864687752	1	1	216	81	0	7	+A
C3_BC27_191109_LF_LIB_consensus_vsearch	1157	G	*/-A	297	15	4.57%	2	2	93	93	2.568775391180236E-5	1	1	216	81	13	2	-A
C3_BC27_191109_LF_LIB_consensus_vsearch	1159	A	*/+T	312	7	2.13%	2	1	93	93	0.007556969842859696	1	1	222	90	0	7	+T
C3_BC27_191109_LF_LIB_consensus_vsearch	1168	T	*/+G	305	15	4.59%	2	2	93	93	2.5801231658812913E-5	1	1	211	94	13	2	+G
C3_BC27_191109_LF_LIB_consensus_vsearch	1169	A	*/-G	303	14	4.28%	2	1	93	93	5.2708811698392864E-5	1	1	210	93	14	0	-G
C3_BC27_191109_LF_LIB_consensus_vsearch	1180	T	*/+G	305	10	3.07%	2	1	93	93	9.082446805436611E-4	1	1	207	98	10	0	+G
C3_BC27_191109_LF_LIB_consensus_vsearch	1180	T	*/-A	305	8	2.45%	2	1	93	93	0.0037333499593181136	1	1	207	98	8	0	+G
C3_BC27_191109_LF_LIB_consensus_vsearch	1181	A	*/-G	293	10	3.13%	2	2	93	93	9.055980531669402E-4	1	1	199	94	9	1	-G
C3_BC27_191109_LF_LIB_consensus_vsearch	1185	C	*/-T	303	12	3.69%	2	2	93	93	2.1942896133169884E-4	1	1	221	82	3	9	-T
C3_BC27_191109_LF_LIB_consensus_vsearch	1190	G	*/+C	220	8	2.48%	2	2	93	93	0.0036698276230520683	1	1	140	80	5	3	+C
C3_BC27_191109_LF_LIB_consensus_vsearch	1190	G	*/-C	220	85	26.32%	2	2	93	93	2.8132817244568573E-29	1	1	140	80	70	15	-C
C3_BC27_191109_LF_LIB_consensus_vsearch	1190	G	*/-CCC	220	7	2.17%	2	1	93	93	0.007454337359329176	1	1	140	80	7	0	-C
C3_BC27_191109_LF_LIB_consensus_vsearch	1193	C	*/+T	310	7	2.18%	2	1	93	93	0.007555368014229169	1	1	218	92	0	7	+T
C3_BC27_191109_LF_LIB_consensus_vsearch	1197	T	*/-AC	309	9	2.77%	2	1	93	93	0.0018442236885128761	1	1	211	98	9	0	-AC
C3_BC27_191109_LF_LIB_consensus_vsearch	1198	A	*/-C	278	10	3.18%	2	2	93	93	9.019868786892983E-4	1	1	181	97	8	2	-C
C3_BC27_191109_LF_LIB_consensus_vsearch	1208	C	*/-AC	277	43	13.15%	2	2	93	93	2.5050025116728004E-14	1	1	185	92	40	3	-AC
C3_BC27_191109_LF_LIB_consensus_vsearch	1213	T	*/+C	318	7	2.13%	2	1	93	93	0.007561657789302346	1	1	219	99	7	0	+C
C3_BC27_191109_LF_LIB_consensus_vsearch	1221	C	*/-AC	272	42	12.96%	2	1	93	93	5.231786449006438E-14	1	1	181	91	42	0	-AC
C3_BC27_191109_LF_LIB_consensus_vsearch	1225	T	*/+C	315	12	3.66%	2	1	93	93	2.2030550515116014E-4	1	1	217	98	12	0	+C
C3_BC27_191109_LF_LIB_consensus_vsearch	1226	C	*/+A	313	12	3.65%	2	1	93	93	2.2016375465967462E-4	1	1	217	96	12	0	+A
C3_BC27_191109_LF_LIB_consensus_vsearch	1228	G	*/+A	315	10	3.05%	2	1	93	93	9.103040047076643E-4	1	1	227	88	0	10	+A
C3_BC27_191109_LF_LIB_consensus_vsearch	1238	A	*/-G	301	8	2.45%	2	2	93	93	0.003731135723496689	1	1	204	97	7	1	-G
C3_BC27_191109_LF_LIB_consensus_vsearch	1265	T	*/+C	303	9	2.77%	2	1	93	93	0.001842161861056395	1	1	207	96	9	0	+C
C3_BC27_191109_LF_LIB_consensus_vsearch	1267	A	*/-C	302	12	3.76%	2	2	93	93	2.1935299970804329E-4	1	1	211	91	5	7	-C
C3_BC27_191109_LF_LIB_consensus_vsearch	1268	C	*/+T	292	11	3.58%	2	1	93	93	4.452017274790769E-4	1	1	211	81	0	11	+T
C3_BC27_191109_LF_LIB_consensus_vsearch	1269	C	*/+T	270	16	4.92%	2	1	93	93	1.2298712229340273E-5	1	1	213	57	0	16	+T
C3_BC27_191109_LF_LIB_consensus_vsearch	1269	C	*/-T	270	22	6.77%	2	2	93	93	1.5810534091613666E-7	1	1	213	57	4	18	-T
C3_BC27_191109_LF_LIB_consensus_vsearch	1271	T	*/-A	288	10	3.12%	2	2	93	93	9.044338060922479E-4	1	1	195	93	9	1	-A
C3_BC27_191109_LF_LIB_consensus_vsearch	1271	T	*/-AC	288	14	4.38%	2	2	93	93	5.2317453930316106E-5	1	1	195	93	13	1	-AC
C3_BC27_191109_LF_LIB_consensus_vsearch	1272	A	*/-C	259	22	7.31%	2	2	93	93	1.554825427569229E-7	1	1	167	92	18	4	-C
C3_BC27_191109_LF_LIB_consensus_vsearch	1272	A	*/-CC	259	8	2.66%	2	1	93	93	0.003703931063382389	1	1	167	92	8	0	-C
C3_BC27_191109_LF_LIB_consensus_vsearch	1275	C	*/-GG	304	8	2.44%	2	1	93	93	0.003732801665827003	1	1	224	80	0	8	-GG
C3_BC27_191109_LF_LIB_consensus_vsearch	1292	C	*/-T	293	22	6.69%	2	1	93	93	1.6309406433669582E-7	1	1	224	69	0	22	-T
C3_BC27_191109_LF_LIB_consensus_vsearch	1295	T	*/+C	300	18	5.49%	2	1	93	93	2.978607185763602E-6	1	1	207	93	18	0	+C
C3_BC27_191109_LF_LIB_consensus_vsearch	1304	A	*/-C	300	13	3.95%	2	2	93	93	1.0749551725979228E-4	1	1	210	90	9	4	-C
C3_BC27_191109_LF_LIB_consensus_vsearch	1307	C	*/-T	314	8	2.43%	2	2	93	93	0.003738132946844435	1	1	223	91	3	5	-T
C3_BC27_191109_LF_LIB_consensus_vsearch	1318	A	*/-C	293	33	10.06%	2	2	93	93	4.962393015270198E-11	1	1	225	68	3	30	-C
C3_BC27_191109_LF_LIB_consensus_vsearch	1322	C	*/-GC	303	8	2.5%	2	1	93	93	0.0037322498843562575	1	1	216	87	8	0	-GC
C3_BC27_191109_LF_LIB_consensus_vsearch	1326	C	*/-A	299	11	3.4%	2	2	93	93	4.4614735007729884E-4	1	1	210	89	8	3	-A
C3_BC27_191109_LF_LIB_consensus_vsearch	1331	C	*/-G	296	24	7.29%	2	2	93	93	3.808942954344001E-8	1	1	221	75	5	19	-G
C3_BC27_191109_LF_LIB_consensus_vsearch	1345	G	*/-C	310	7	2.14%	2	2	93	93	0.007555368014229169	1	1	212	98	6	1	-C
C3_BC27_191109_LF_LIB_consensus_vsearch	1348	G	*/-TG	304	14	4.27%	2	1	93	93	5.273365888986923E-5	1	1	222	82	0	14	-TG
C3_BC27_191109_LF_LIB_consensus_vsearch	1351	A	*/-G	242	69	21.36%	2	2	93	93	2.417991215596367E-23	1	1	157	85	57	12	-G
C3_BC27_191109_LF_LIB_consensus_vsearch	1361	G	*/+C	288	10	3.06%	2	1	93	93	9.044338060922479E-4	1	1	209	79	10	0	+C
C3_BC27_191109_LF_LIB_consensus_vsearch	1361	G	*/-C	288	18	5.5%	2	2	93	93	2.9489973021369604E-6	1	1	209	79	3	15	-C
C3_BC27_191109_LF_LIB_consensus_vsearch	1363	C	*/-T	283	30	9.2%	2	2	93	93	4.4901430907773177E-10	1	1	225	58	1	29	-T
C3_BC27_191109_LF_LIB_consensus_vsearch	1366	C	*/-G	303	8	2.48%	2	1	93	93	0.0037322498843562575	1	1	215	88	8	0	-G
C3_BC27_191109_LF_LIB_consensus_vsearch	1368	C	*/-T	288	14	4.42%	2	2	93	93	5.2317453930316106E-5	1	1	213	75	3	11	-T
C3_BC27_191109_LF_LIB_consensus_vsearch	1368	C	*/-TT	288	9	2.84%	2	2	93	93	0.0018366488553743722	1	1	213	75	6	3	-T
C3_BC27_191109_LF_LIB_consensus_vsearch	1371	T	*/-C	308	8	2.45%	2	2	93	93	0.0037349742394683326	1	1	221	87	4	4	-C
C3_BC27_191109_LF_LIB_consensus_vsearch	1378	G	*/-C	312	7	2.17%	2	2	93	93	0.007556969842859696	1	1	222	90	1	6	-C
C3_BC27_191109_LF_LIB_consensus_vsearch	1381	T	*/-C	279	39	11.93%	2	2	93	93	5.258470577647254E-13	1	1	184	95	38	1	-C
C3_BC27_191109_LF_LIB_consensus_vsearch	1383	C	*/-G	309	8	2.45%	2	2	93	93	0.0037355089065581964	1	1	222	87	3	5	-G
C3_BC27_191109_LF_LIB_consensus_vsearch	1394	T	*/-C	232	91	27.66%	2	2	93	93	2.457276142843993E-31	1	1	154	78	71	20	-C
C3_BC27_191109_LF_LIB_consensus_vsearch	1397	C	*/-T	318	7	2.13%	2	2	93	93	0.007561657789302346	1	1	227	91	1	6	-T
C3_BC27_191109_LF_LIB_consensus_vsearch	1410	G	*/-TA	294	10	3.09%	2	2	93	93	9.058264089278193E-4	1	1	203	91	8	2	-TA
C3_BC27_191109_LF_LIB_consensus_vsearch	1411	T	*/+A	240	12	3.91%	2	1	93	93	2.1351823091343366E-4	1	1	162	78	12	0	+A
C3_BC27_191109_LF_LIB_consensus_vsearch	1411	T	*/-A	240	27	8.79%	2	1	93	93	3.72979208895684E-9	1	1	162	78	27	0	-A
C3_BC27_191109_LF_LIB_consensus_vsearch	1413	A	*/-G	288	25	7.84%	2	2	93	93	1.809608482905226E-8	1	1	200	88	21	4	-G
C3_BC27_191109_LF_LIB_consensus_vsearch	1418	C	*/-A	303	10	3.08%	2	1	93	93	9.078173651286913E-4	1	1	213	90	10	0	-A
C3_BC27_191109_LF_LIB_consensus_vsearch	1420	C	*/-T	300	7	2.15%	2	1	93	93	0.007547047910434978	1	1	223	77	0	7	-T
C3_BC27_191109_LF_LIB_consensus_vsearch	1420	C	*/-TC	300	8	2.46%	2	2	93	93	0.0037305732760555144	1	1	223	77	1	7	-TC
C3_BC27_191109_LF_LIB_consensus_vsearch	1421	T	*/-C	289	12	3.82%	2	2	93	93	2.183212783388439E-4	1	1	218	71	6	6	-C
C3_BC27_191109_LF_LIB_consensus_vsearch	1423	C	*/-T	298	13	4.06%	2	2	93	93	1.0740584353730735E-4	1	1	220	78	1	12	-T
C3_BC27_191109_LF_LIB_consensus_vsearch	1433	G	*/-T	303	20	6.1%	2	2	93	93	7.041569826117839E-7	1	1	207	96	19	1	-T
C3_BC27_191109_LF_LIB_consensus_vsearch	1436	T	*/+C	311	11	3.35%	2	2	93	93	4.476753933055673E-4	1	1	217	94	9	2	+C
C3_BC27_191109_LF_LIB_consensus_vsearch	1442	C	*/-G	313	9	2.74%	2	2	93	93	0.0018455562033137492	1	1	226	87	1	8	-G
C3_BC27_191109_LF_LIB_consensus_vsearch	1457	C	*/+G	34	11	3.35%	2	2	93	93	2.439771774077513E-4	1	1	31	3	10	1	+G
C3_BC27_191109_LF_LIB_consensus_vsearch	1457	C	+GC/+GC	34	258	78.66%	2	2	93	93	7.670210207442298E-129	1	1	31	3	172	86	+GC
C3_BC27_191109_LF_LIB_consensus_vsearch	1462	C	*/-A	292	30	9.2%	2	1	93	93	4.5872068536623333E-10	1	1	194	98	30	0	-A
C3_BC27_191109_LF_LIB_consensus_vsearch	1465	T	-C/-C	56	245	75.15%	2	2	93	93	2.436079193152801E-114	1	1	42	14	181	64	-C
C3_BC27_191109_LF_LIB_consensus_vsearch	1465	T	*/-CC	56	18	5.52%	2	1	93	93	1.1769526612622827E-6	1	1	42	14	0	18	-C
C3_BC27_191109_LF_LIB_consensus_vsearch	1473	T	*/+C	109	213	65.14%	2	2	93	93	1.3649784587792493E-88	1	1	105	4	120	93	+C
C3_BC27_191109_LF_LIB_consensus_vsearch	1474	C	*/-A	316	7	2.13%	2	2	93	93	0.007560114368843736	1	1	221	95	4	3	-A
C3_BC27_191109_LF_LIB_consensus_vsearch	1477	A	*/-G	237	80	24.62%	2	2	93	93	2.716962837763867E-27	1	1	164	73	62	18	-G
C3_BC27_191109_LF_LIB_consensus_vsearch	1483	T	*/-C	300	18	5.59%	2	2	93	93	2.978607185763602E-6	1	1	213	87	11	7	-C
C3_BC27_191109_LF_LIB_consensus_vsearch	1491	C	*/-AC	309	7	2.14%	2	2	93	93	0.007554559545842425	1	1	220	89	6	1	-AC
C3_BC27_191109_LF_LIB_consensus_vsearch	1492	A	*/-C	273	28	8.78%	2	2	93	93	1.9288624401270314E-9	1	1	184	89	22	6	-C
C3_BC27_191109_LF_LIB_consensus_vsearch	1492	A	*/-CC	273	8	2.51%	2	1	93	93	0.0037138920631481294	1	1	184	89	8	0	-C
C3_BC27_191109_LF_LIB_consensus_vsearch	1493	C	*/+T	265	10	3.52%	2	1	93	93	8.985463618717617E-4	1	1	190	75	0	10	+T
C3_BC27_191109_LF_LIB_consensus_vsearch	1495	C	*/-G	291	11	3.36%	2	2	93	93	4.450631648493715E-4	1	1	224	67	1	10	-G
C3_BC27_191109_LF_LIB_consensus_vsearch	1495	C	*/-GG	291	7	2.14%	2	1	93	93	0.007539085690174033	1	1	224	67	0	7	-G
C3_BC27_191109_LF_LIB_consensus_vsearch	1506	A	*/-C	303	8	2.49%	2	2	93	93	0.0037322498843562575	1	1	208	95	5	3	-C
C3_BC27_191109_LF_LIB_consensus_vsearch	1508	T	*/-G	292	27	8.31%	2	2	93	93	4.195926811164316E-9	1	1	221	71	1	26	-G
C3_BC27_191109_LF_LIB_consensus_vsearch	1516	T	*/-C	214	113	34.45%	2	1	93	93	7.434820833383766E-40	1	1	116	98	113	0	-C
C3_BC27_191109_LF_LIB_consensus_vsearch	1522	C	*/+A	275	19	5.78%	2	1	93	93	1.412552254252696E-6	1	1	184	91	19	0	+A
C3_BC27_191109_LF_LIB_consensus_vsearch	1522	C	*/-G	275	18	5.47%	2	2	93	93	2.914475125649229E-6	1	1	184	91	17	1	+A
C3_BC27_191109_LF_LIB_consensus_vsearch	1523	G	*/-A	276	17	5.59%	2	2	93	93	6.0084650235236095E-6	1	1	181	95	15	2	-A
C3_BC27_191109_LF_LIB_consensus_vsearch	1527	T	*/-C	243	27	8.36%	2	2	93	93	3.760096737605578E-9	1	1	151	92	24	3	-C
C3_BC27_191109_LF_LIB_consensus_vsearch	1527	T	*/-CC	243	48	14.86%	2	2	93	93	4.2936141588393687E-16	1	1	151	92	46	2	-CC
C3_BC27_191109_LF_LIB_consensus_vsearch	1530	C	*/-G	280	20	6.12%	2	2	93	93	6.874278496898221E-7	1	1	205	75	19	1	-G
C3_BC27_191109_LF_LIB_consensus_vsearch	1531	G	*/-A	250	54	17.65%	2	1	93	93	4.18649597767269E-18	1	1	153	97	54	0	-A
C3_BC27_191109_LF_LIB_consensus_vsearch	1534	G	*/-C	294	24	7.36%	2	1	93	93	3.797814984022077E-8	1	1	196	98	24	0	-C
C3_BC27_191109_LF_LIB_consensus_vsearch	1543	T	*/+C	271	10	3.12%	2	1	93	93	9.001728969026303E-4	1	1	201	70	10	0	+C
C3_BC27_191109_LF_LIB_consensus_vsearch	1543	T	*/-C	271	32	9.97%	2	2	93	93	9.815222054620437E-11	1	1	201	70	15	17	-C
C3_BC27_191109_LF_LIB_consensus_vsearch	1549	T	*/-C	286	35	10.64%	2	1	93	93	1.0923534223910362E-11	1	1	188	98	35	0	-C
C3_BC27_191109_LF_LIB_consensus_vsearch	1551	C	*/+G	312	8	2.43%	2	1	93	93	0.0037370930678341757	1	1	223	89	0	8	+G
C3_BC27_191109_LF_LIB_consensus_vsearch	1563	C	*/-GC	288	34	10.33%	2	2	93	93	2.3211249908330753E-11	1	1	211	77	15	19	-GC
C3_BC27_191109_LF_LIB_consensus_vsearch	1570	C	*/-A	303	15	4.6%	2	2	93	93	2.5773363830453773E-5	1	1	209	94	14	1	-A
C3_BC27_191109_LF_LIB_consensus_vsearch	1577	A	*/-CA	318	7	2.13%	2	2	93	93	0.007561657789302346	1	1	221	97	6	1	-CA
C3_BC27_191109_LF_LIB_consensus_vsearch	1584	T	*/+A	299	8	2.49%	2	2	93	93	0.003730007204504208	1	1	210	89	7	1	+A
C3_BC27_191109_LF_LIB_consensus_vsearch	1593	C	*/+A	306	9	2.74%	2	1	93	93	0.0018432024399252702	1	1	213	93	9	0	+A
C3_BC27_191109_LF_LIB_consensus_vsearch	1593	C	*/-GC	306	7	2.13%	2	2	93	93	0.007552103349072626	1	1	213	93	3	4	+A
C3_BC27_191109_LF_LIB_consensus_vsearch	1595	C	*/+A	306	7	2.18%	2	2	93	93	0.007552103349072626	1	1	219	87	5	2	+A
C3_BC27_191109_LF_LIB_consensus_vsearch	1599	C	*/+A	212	7	2.16%	2	1	93	93	0.00744137624879223	1	1	119	93	7	0	+A
C3_BC27_191109_LF_LIB_consensus_vsearch	1599	C	*/+G	212	7	2.16%	2	2	93	93	0.00744137624879223	1	1	119	93	6	1	+A
C3_BC27_191109_LF_LIB_consensus_vsearch	1599	C	*/-G	212	89	27.47%	2	1	93	93	7.581740740683198E-31	1	1	119	93	89	0	-G
C3_BC27_191109_LF_LIB_consensus_vsearch	1600	G	*/+T	185	16	6.75%	2	1	93	93	1.11852320894978E-5	1	1	87	98	16	0	+T
C3_BC27_191109_LF_LIB_consensus_vsearch	1600	G	*/-A	185	20	8.44%	2	1	93	93	5.861437381195238E-7	1	1	87	98	20	0	-A
C3_BC27_191109_LF_LIB_consensus_vsearch	1601	A	*/+T	190	34	11.04%	2	1	93	93	1.5015817223460845E-11	1	1	91	99	34	0	+T
C3_BC27_191109_LF_LIB_consensus_vsearch	1601	A	*/+TT	190	33	10.71%	2	1	93	93	3.24254603811228E-11	1	1	91	99	33	0	+T
C3_BC27_191109_LF_LIB_consensus_vsearch	1602	C	*/+T	194	22	6.71%	2	1	93	93	1.357809470111312E-7	1	1	96	98	22	0	+T
C3_BC27_191109_LF_LIB_consensus_vsearch	1603	A	*/-C	264	13	3.99%	2	1	93	93	1.0569316610763818E-4	1	1	180	84	13	0	-C
C3_BC27_191109_LF_LIB_consensus_vsearch	1603	A	*/-CA	264	11	3.37%	2	1	93	93	4.409533072146887E-4	1	1	180	84	0	11	-C
C3_BC27_191109_LF_LIB_consensus_vsearch	1606	A	*/-G	299	15	4.6%	2	1	93	93	2.5716630923415118E-5	1	1	201	98	15	0	-G
C3_BC27_191109_LF_LIB_consensus_vsearch	1611	T	*/-C	257	36	11.21%	2	2	93	93	4.6298063711620685E-12	1	1	166	91	32	4	-C
C3_BC27_191109_LF_LIB_consensus_vsearch	1611	T	*/-CCC	257	19	5.92%	2	1	93	93	1.3842041483303266E-6	1	1	166	91	19	0	-C
C3_BC27_191109_LF_LIB_consensus_vsearch	1617	G	*/-C	305	8	2.48%	2	2	93	93	0.0037333499593181136	1	1	211	94	5	3	-C
C3_BC27_191109_LF_LIB_consensus_vsearch	1620	C	*/-T	315	9	2.74%	2	2	93	93	0.0018462103095484167	1	1	227	88	1	8	-T
C3_BC27_191109_LF_LIB_consensus_vsearch	1624	T	*/-C	294	8	2.45%	2	2	93	93	0.0037271212392205283	1	1	199	95	6	2	-C
C3_BC27_191109_LF_LIB_consensus_vsearch	1624	T	*/-CC	294	18	5.5%	2	1	93	93	2.9640583266111092E-6	1	1	199	95	18	0	-CC
C3_BC27_191109_LF_LIB_consensus_vsearch	1630	T	*/+A	311	8	2.45%	2	2	93	93	0.003736568289976167	1	1	221	90	6	2	+A
C3_BC27_191109_LF_LIB_consensus_vsearch	1633	C	*/-GC	312	7	2.15%	2	2	93	93	0.007556969842859696	1	1	221	91	3	4	-GC
C3_BC27_191109_LF_LIB_consensus_vsearch	1635	C	*/-T	297	9	2.8%	2	2	93	93	0.001840020475434547	1	1	213	84	3	6	-T
C3_BC27_191109_LF_LIB_consensus_vsearch	1639	C	*/-A	291	15	4.69%	2	2	93	93	2.5599006003183448E-5	1	1	197	94	14	1	-A
C3_BC27_191109_LF_LIB_consensus_vsearch	1639	C	*/-AC	291	12	3.75%	2	2	93	93	2.184855536535597E-4	1	1	197	94	11	1	-A
C3_BC27_191109_LF_LIB_consensus_vsearch	1646	G	*/+T	304	8	2.45%	2	2	93	93	0.003732801665827003	1	1	208	96	7	1	+T
C3_BC27_191109_LF_LIB_consensus_vsearch	1646	G	*/-T	304	8	2.45%	2	1	93	93	0.003732801665827003	1	1	208	96	8	0	+T
C3_BC27_191109_LF_LIB_consensus_vsearch	1649	T	*/+C	314	9	2.74%	2	2	93	93	0.0018458842535959892	1	1	219	95	8	1	+C
C3_BC27_191109_LF_LIB_consensus_vsearch	1657	T	*/+C	316	7	2.13%	2	1	93	93	0.007560114368843736	1	1	225	91	0	7	+C
C3_BC27_191109_LF_LIB_consensus_vsearch	1670	C	*/+T	250	25	7.76%	2	2	93	93	1.6835589356576675E-8	1	1	168	82	24	1	+T
C3_BC27_191109_LF_LIB_consensus_vsearch	1670	C	*/-T	250	38	11.8%	2	2	93	93	9.850077241356362E-13	1	1	168	82	31	7	-T
C3_BC27_191109_LF_LIB_consensus_vsearch	1676	A	*/+C	303	7	2.16%	2	2	93	93	0.007549599928934281	1	1	210	93	6	1	+C
C3_BC27_191109_LF_LIB_consensus_vsearch	1678	C	*/+T	297	7	2.14%	2	2	93	93	0.007544445864687752	1	1	216	81	3	4	+T
C3_BC27_191109_LF_LIB_consensus_vsearch	1678	C	*/-T	297	19	5.81%	2	2	93	93	1.4433163402633444E-6	1	1	216	81	6	13	-T
C3_BC27_191109_LF_LIB_consensus_vsearch	1681	T	*/+C	97	180	55.05%	2	2	93	93	2.197512214148855E-74	1	1	59	38	149	31	+C
C3_BC27_191109_LF_LIB_consensus_vsearch	1681	T	*/+CC	97	9	2.75%	2	2	93	93	0.0016363632516130109	1	1	59	38	4	5	+C
C3_BC27_191109_LF_LIB_consensus_vsearch	1681	T	*/-C	97	9	2.75%	2	1	93	93	0.0016363632516130109	1	1	59	38	0	9	+C
C3_BC27_191109_LF_LIB_consensus_vsearch	1696	T	*/+A	302	16	4.86%	2	2	93	93	1.2575409405200966E-5	1	1	207	95	15	1	+A
C3_BC27_191109_LF_LIB_consensus_vsearch	1697	G	*/-TG	283	21	6.46%	2	1	93	93	3.335043697673295E-7	1	1	186	97	21	0	-TG
C3_BC27_191109_LF_LIB_consensus_vsearch	1707	T	*/-C	320	7	2.13%	2	2	93	93	0.007563182448808609	1	1	223	97	6	1	-C
C3_BC27_191109_LF_LIB_consensus_vsearch	1708	C	*/-AC	295	24	7.45%	2	1	93	93	3.803393021623667E-8	1	1	198	97	24	0	-AC
C3_BC27_191109_LF_LIB_consensus_vsearch	1725	C	*/-T	302	12	3.68%	2	2	93	93	2.1935299970804329E-4	1	1	215	87	5	7	-T
C3_BC27_191109_LF_LIB_consensus_vsearch	1728	T	*/-A	296	18	5.5%	2	1	93	93	2.968963557385939E-6	1	1	197	99	18	0	-A
C3_BC27_191109_LF_LIB_consensus_vsearch	1730	G	*/-A	308	7	2.15%	2	2	93	93	0.0075537459778972	1	1	211	97	6	1	-A
C3_BC27_191109_LF_LIB_consensus_vsearch	1732	A	*/-G	296	16	4.95%	2	2	93	93	1.252752530674241E-5	1	1	207	89	8	8	-G
C3_BC27_191109_LF_LIB_consensus_vsearch	1740	A	*/-C	310	8	2.45%	2	2	93	93	0.003736040246407896	1	1	220	90	2	6	-C
C3_BC27_191109_LF_LIB_consensus_vsearch	1743	T	*/-C	299	11	3.41%	2	2	93	93	4.4614735007729884E-4	1	1	209	90	8	3	-C
C3_BC27_191109_LF_LIB_consensus_vsearch	1753	C	*/-GC	315	8	2.43%	2	2	93	93	0.003738648107284543	1	1	219	96	5	3	-GC
C3_BC27_191109_LF_LIB_consensus_vsearch	1762	A	*/-CA	300	21	6.4%	2	2	93	93	3.4009391736723504E-7	1	1	203	97	20	1	-CA
C3_BC27_191109_LF_LIB_consensus_vsearch	1763	C	*/+A	267	17	5.65%	2	2	93	93	5.961795782983955E-6	1	1	192	75	3	14	+A
C3_BC27_191109_LF_LIB_consensus_vsearch	1763	C	*/-A	267	12	3.99%	2	2	93	93	2.1636505872716516E-4	1	1	192	75	5	7	+A
C3_BC27_191109_LF_LIB_consensus_vsearch	1768	C	*/-T	297	23	7.01%	2	1	93	93	7.912854554988818E-8	1	1	200	97	23	0	-T
C3_BC27_191109_LF_LIB_consensus_vsearch	1772	G	*/-CG	312	11	3.35%	2	2	93	93	4.477977454555571E-4	1	1	223	89	3	8	-CG
C3_BC27_191109_LF_LIB_consensus_vsearch	1778	C	*/-GC	281	30	9.2%	2	1	93	93	4.468064322074077E-10	1	1	187	94	30	0	-GC
C3_BC27_191109_LF_LIB_consensus_vsearch	1780	C	*/-A	272	9	3.07%	2	1	93	93	0.0018301309264219768	1	1	175	97	9	0	-A
C3_BC27_191109_LF_LIB_consensus_vsearch	1781	A	*/+T	281	20	6.27%	2	1	93	93	6.882012421460891E-7	1	1	183	98	20	0	+T
C3_BC27_191109_LF_LIB_consensus_vsearch	1781	A	*/-G	281	12	3.76%	2	1	93	93	2.1764260979437714E-4	1	1	183	98	12	0	+T
C3_BC27_191109_LF_LIB_consensus_vsearch	1782	G	*/-A	270	16	5.06%	2	2	93	93	1.2298712229340273E-5	1	1	174	96	15	1	-A
C3_BC27_191109_LF_LIB_consensus_vsearch	1782	G	*/-AG	270	12	3.8%	2	1	93	93	2.1664907198974036E-4	1	1	174	96	12	0	-A
C3_BC27_191109_LF_LIB_consensus_vsearch	1783	A	*/-G	287	9	2.99%	2	1	93	93	0.0018362617850178418	1	1	191	96	9	0	-G
C3_BC27_191109_LF_LIB_consensus_vsearch	1786	A	*/-C	310	10	3.07%	2	2	93	93	9.092900924742661E-4	1	1	213	97	9	1	-C
C3_BC27_191109_LF_LIB_consensus_vsearch	1791	T	*/+C	315	11	3.34%	2	1	93	93	4.4816042013600066E-4	1	1	217	98	11	0	+C
C3_BC27_191109_LF_LIB_consensus_vsearch	1792	C	*/-A	314	10	3.05%	2	2	93	93	9.101036737212366E-4	1	1	223	91	3	7	-A
C3_BC27_191109_LF_LIB_consensus_vsearch	1800	C	*/+A	259	8	2.49%	2	2	93	93	0.003703931063382389	1	1	170	89	6	2	+A
C3_BC27_191109_LF_LIB_consensus_vsearch	1800	C	*/-A	259	39	12.15%	2	2	93	93	4.809826229331836E-13	1	1	170	89	38	1	-A
C3_BC27_191109_LF_LIB_consensus_vsearch	1810	C	*/+A	312	11	3.34%	2	2	93	93	4.477977454555571E-4	1	1	215	97	10	1	+A
C3_BC27_191109_LF_LIB_consensus_vsearch	1815	C	*/-A	299	7	2.13%	2	2	93	93	0.007546186192597865	1	1	214	85	6	1	-A
C3_BC27_191109_LF_LIB_consensus_vsearch	1831	A	*/-C	265	53	16.16%	2	2	93	93	1.0432495063405401E-17	1	1	211	54	12	41	-C
C3_BC27_191109_LF_LIB_consensus_vsearch	1843	A	*/-C	308	8	2.46%	2	2	93	93	0.0037349742394683326	1	1	211	97	7	1	-C
C3_BC27_191109_LF_LIB_consensus_vsearch	1845	C	*/+G	288	10	3.04%	2	2	93	93	9.044338060922479E-4	1	1	206	82	6	4	+G
C3_BC27_191109_LF_LIB_consensus_vsearch	1845	C	*/-G	288	10	3.04%	2	1	93	93	9.044338060922479E-4	1	1	206	82	10	0	+G
C3_BC27_191109_LF_LIB_consensus_vsearch	1846	G	*/-A	293	18	5.64%	2	1	93	93	2.9615844378179593E-6	1	1	194	99	18	0	-A
C3_BC27_191109_LF_LIB_consensus_vsearch	1848	G	*/-T	296	8	2.47%	2	1	93	93	0.003728286891533163	1	1	202	94	8	0	-T
C3_BC27_191109_LF_LIB_consensus_vsearch	1855	C	*/-G	312	13	3.95%	2	2	93	93	1.0801137180022455E-4	1	1	228	84	1	12	-G
C3_BC27_191109_LF_LIB_consensus_vsearch	1861	T	*/+C	287	11	3.36%	2	1	93	93	4.444998910489045E-4	1	1	190	97	11	0	+C
C3_BC27_191109_LF_LIB_consensus_vsearch	1861	T	*/-C	287	27	8.26%	2	2	93	93	4.156038621025891E-9	1	1	190	97	26	1	-C
C3_BC27_191109_LF_LIB_consensus_vsearch	1863	C	*/-ACC	311	10	3.05%	2	1	93	93	9.09495348801856E-4	1	1	216	95	10	0	-ACC
C3_BC27_191109_LF_LIB_consensus_vsearch	1864	A	*/-C	299	11	3.47%	2	2	93	93	4.4614735007729884E-4	1	1	212	87	1	10	-C
C3_BC27_191109_LF_LIB_consensus_vsearch	1866	C	*/-TC	305	7	2.19%	2	1	93	93	0.007551274189551532	1	1	220	85	0	7	-TC
C3_BC27_191109_LF_LIB_consensus_vsearch	1871	T	*/-C	315	8	2.45%	2	2	93	93	0.003738648107284543	1	1	225	90	2	6	-C
C3_BC27_191109_LF_LIB_consensus_vsearch	1873	C	*/-T	317	9	2.74%	2	2	93	93	0.0018468565107487142	1	1	225	92	2	7	-T
C3_BC27_191109_LF_LIB_consensus_vsearch	1876	C	*/-A	298	9	2.77%	2	2	93	93	0.0018403830926506065	1	1	207	91	8	1	-A
C3_BC27_191109_LF_LIB_consensus_vsearch	1880	C	*/-GC	306	15	4.67%	2	2	93	93	2.5815043458826052E-5	1	1	215	91	14	1	-GC
C3_BC27_191109_LF_LIB_consensus_vsearch	1886	T	*/-C	310	15	4.56%	2	1	93	93	2.5869492976357672E-5	1	1	212	98	15	0	-C
C3_BC27_191109_LF_LIB_consensus_vsearch	1897	T	*/+A	284	29	8.95%	2	1	93	93	9.438786708419019E-10	1	1	190	94	29	0	+A
C3_BC27_191109_LF_LIB_consensus_vsearch	1903	A	*/-CA	305	11	3.38%	2	1	93	93	4.4692547275489896E-4	1	1	209	96	11	0	-CA
C3_BC27_191109_LF_LIB_consensus_vsearch	1914	C	*/+A	298	9	2.75%	2	1	93	93	0.0018403830926506065	1	1	201	97	9	0	+A
C3_BC27_191109_LF_LIB_consensus_vsearch	1914	C	*/-A	298	17	5.2%	2	1	93	93	6.112299400714536E-6	1	1	201	97	17	0	-A
C3_BC27_191109_LF_LIB_consensus_vsearch	1916	A	*/+G	301	9	2.74%	2	2	93	93	0.00184145713009427	1	1	214	87	7	2	+G
C3_BC27_191109_LF_LIB_consensus_vsearch	1916	A	*/-G	301	8	2.43%	2	2	93	93	0.003731135723496689	1	1	214	87	3	5	+G
C3_BC27_191109_LF_LIB_consensus_vsearch	1918	G	*/+A	307	9	2.76%	2	1	93	93	0.0018435449771731236	1	1	213	94	9	0	+A
C3_BC27_191109_LF_LIB_consensus_vsearch	1924	T	*/-C	262	57	17.54%	2	1	93	93	4.440509154829581E-19	1	1	168	94	57	0	-C
C3_BC27_191109_LF_LIB_consensus_vsearch	1940	A	*/-CA	272	34	10.62%	2	2	93	93	2.2059111913266207E-11	1	1	196	76	15	19	-CA
C3_BC27_191109_LF_LIB_consensus_vsearch	1941	C	*/+G	226	40	13.99%	2	1	93	93	1.8631381601968289E-13	1	1	158	68	40	0	+G
C3_BC27_191109_LF_LIB_consensus_vsearch	1941	C	*/-A	226	8	2.8%	2	1	93	93	0.003675803526076434	1	1	158	68	8	0	+G
C3_BC27_191109_LF_LIB_consensus_vsearch	1942	A	*/-T	228	38	13.72%	2	1	93	93	8.767145718578129E-13	1	1	152	76	38	0	-T
C3_BC27_191109_LF_LIB_consensus_vsearch	1946	A	*/-G	310	7	2.16%	2	1	93	93	0.007555368014229169	1	1	211	99	7	0	-G
C3_BC27_191109_LF_LIB_consensus_vsearch	1947	G	*/-C	307	7	2.18%	2	1	93	93	0.0075529272619753235	1	1	209	98	7	0	-C
C3_BC27_191109_LF_LIB_consensus_vsearch	1949	T	*/-A	313	8	2.44%	2	1	93	93	0.0037376146101785516	1	1	222	91	8	0	-A
C3_BC27_191109_LF_LIB_consensus_vsearch	1952	T	*/+C	199	11	3.42%	2	2	93	93	4.2690732409863933E-4	1	1	162	37	6	5	+C
C3_BC27_191109_LF_LIB_consensus_vsearch	1952	T	*/-C	199	107	33.23%	2	2	93	93	7.601914560300937E-38	1	1	162	37	57	50	-C
C3_BC27_191109_LF_LIB_consensus_vsearch	1960	C	*/-A	308	13	3.96%	2	1	93	93	1.07843520736519E-4	1	1	213	95	13	0	-A
C3_BC27_191109_LF_LIB_consensus_vsearch	1963	T	*/-C	297	18	5.57%	2	2	93	93	2.9713951409700228E-6	1	1	222	75	1	17	-C
C3_BC27_191109_LF_LIB_consensus_vsearch	1974	A	*/+G	129	8	2.52%	2	1	93	93	0.0035166144652547917	1	1	77	52	8	0	+G
C3_BC27_191109_LF_LIB_consensus_vsearch	1974	A	*/-G	129	165	52.05%	2	2	93	93	1.2116496654846627E-64	1	1	77	52	123	42	-G
C3_BC27_191109_LF_LIB_consensus_vsearch	1978	G	*/-A	317	9	2.75%	2	1	93	93	0.0018468565107487142	1	1	218	99	9	0	-A
C3_BC27_191109_LF_LIB_consensus_vsearch	1981	T	*/-C	313	7	2.17%	2	2	93	93	0.0075577632969213195	1	1	223	90	4	3	-C
C3_BC27_191109_LF_LIB_consensus_vsearch	1990	G	*/+T	298	9	2.77%	2	2	93	93	0.0018403830926506065	1	1	212	86	7	2	+T
C3_BC27_191109_LF_LIB_consensus_vsearch	1990	G	*/-T	298	10	3.08%	2	2	93	93	9.06725328574049E-4	1	1	212	86	6	4	-T
C3_BC27_191109_LF_LIB_consensus_vsearch	1994	C	*/+T	274	10	3.09%	2	2	93	93	9.009610064181275E-4	1	1	213	61	4	6	+T
C3_BC27_191109_LF_LIB_consensus_vsearch	1994	C	*/-T	274	29	8.95%	2	2	93	93	9.219007253506001E-10	1	1	213	61	9	20	-T
C3_BC27_191109_LF_LIB_consensus_vsearch	1998	T	*/-C	313	12	3.67%	2	2	93	93	2.2016375465967462E-4	1	1	223	90	5	7	-C
C3_BC27_191109_LF_LIB_consensus_vsearch	2001	T	*/+C	301	10	3.1%	2	1	93	93	9.073846728008486E-4	1	1	209	92	10	0	+C
C3_BC27_191109_LF_LIB_consensus_vsearch	2001	T	*/-C	301	8	2.48%	2	1	93	93	0.003731135723496689	1	1	209	92	8	0	+C
C3_BC27_191109_LF_LIB_consensus_vsearch	2003	C	*/-G	311	7	2.15%	2	1	93	93	0.007556171430833954	1	1	219	92	7	0	-G
C3_BC27_191109_LF_LIB_consensus_vsearch	2016	G	*/-CT	308	8	2.45%	2	1	93	93	0.0037349742394683326	1	1	212	96	8	0	-CT
C3_BC27_191109_LF_LIB_consensus_vsearch	2019	T	*/-AA	296	10	3.12%	2	1	93	93	9.062787416320994E-4	1	1	210	86	0	10	-AA
C3_BC27_191109_LF_LIB_consensus_vsearch	2023	T	*/+C	297	20	6.08%	2	1	93	93	6.999970244252065E-7	1	1	203	94	20	0	+C
C3_BC27_191109_LF_LIB_consensus_vsearch	2024	C	*/-T	309	10	3.05%	2	2	93	93	9.090835764411413E-4	1	1	215	94	6	4	-T
C3_BC27_191109_LF_LIB_consensus_vsearch	2028	C	*/+G	297	8	2.47%	2	2	93	93	0.0037288640480621854	1	1	213	84	1	7	+G
C3_BC27_191109_LF_LIB_consensus_vsearch	2028	C	*/-G	297	9	2.78%	2	2	93	93	0.001840020475434547	1	1	213	84	6	3	-G
C3_BC27_191109_LF_LIB_consensus_vsearch	2035	T	*/+C	284	9	2.76%	2	2	93	93	0.0018350849875216509	1	1	199	85	2	7	+C
C3_BC27_191109_LF_LIB_consensus_vsearch	2035	T	*/-C	284	30	9.2%	2	2	93	93	4.5011120029043896E-10	1	1	199	85	26	4	-C
C3_BC27_191109_LF_LIB_consensus_vsearch	2039	A	*/-C	119	130	40.75%	2	2	93	93	5.8862122887574915E-50	1	1	63	56	94	36	-C
C3_BC27_191109_LF_LIB_consensus_vsearch	2039	A	*/-CC	119	49	15.36%	2	1	93	93	2.914474367419308E-17	1	1	63	56	49	0	-C
C3_BC27_191109_LF_LIB_consensus_vsearch	2039	A	*/-CCC	119	10	3.13%	2	1	93	93	8.147725176861137E-4	1	1	63	56	10	0	-C
C3_BC27_191109_LF_LIB_consensus_vsearch	2047	G	*/-AG	265	46	14.24%	2	1	93	93	2.355663873773781E-15	1	1	170	95	46	0	-AG
C3_BC27_191109_LF_LIB_consensus_vsearch	2048	A	*/-G	262	7	2.5%	2	2	93	93	0.007509833180020558	1	1	164	98	6	1	-G
C3_BC27_191109_LF_LIB_consensus_vsearch	2052	C	*/-AT	306	10	3.1%	2	1	93	93	9.08456353117801E-4	1	1	209	97	10	0	-AT
C3_BC27_191109_LF_LIB_consensus_vsearch	2056	T	*/+A	298	11	3.45%	2	1	93	93	4.4601480911237004E-4	1	1	204	94	11	0	+A
C3_BC27_191109_LF_LIB_consensus_vsearch	2057	G	*/-TG	245	53	16.41%	2	2	93	93	8.761414285896293E-18	1	1	162	83	40	13	-TG
C3_BC27_191109_LF_LIB_consensus_vsearch	2058	T	*/-G	239	8	3.05%	2	2	93	93	0.0036877690019176544	1	1	165	74	4	4	-G
C3_BC27_191109_LF_LIB_consensus_vsearch	2059	G	*/+TG	243	13	4.96%	2	2	93	93	1.044203870108935E-4	1	1	173	70	5	8	+TG
C3_BC27_191109_LF_LIB_consensus_vsearch	2060	G	*/+A	297	13	3.99%	2	1	93	93	1.0736059217720652E-4	1	1	201	96	13	0	+A
C3_BC27_191109_LF_LIB_consensus_vsearch	2069	T	*/-C	307	16	4.86%	2	1	93	93	1.2614052807041964E-5	1	1	209	98	16	0	-C
C3_BC27_191109_LF_LIB_consensus_vsearch	2071	C	*/-A	302	14	4.26%	2	1	93	93	5.268381559704842E-5	1	1	203	99	14	0	-A
C3_BC27_191109_LF_LIB_consensus_vsearch	2071	C	*/-AC	302	11	3.34%	2	1	93	93	4.4654003511981547E-4	1	1	203	99	11	0	-A
C3_BC27_191109_LF_LIB_consensus_vsearch	2073	C	*/-TC	303	9	2.83%	2	2	93	93	0.001842161861056395	1	1	214	89	1	8	-TC
C3_BC27_191109_LF_LIB_consensus_vsearch	2074	T	*/-C	279	27	8.52%	2	2	93	93	4.0902251265217194E-9	1	1	201	78	22	5	-C
C3_BC27_191109_LF_LIB_consensus_vsearch	2076	C	*/-G	272	33	10.19%	2	2	93	93	4.6637084356431134E-11	1	1	208	64	6	27	-G
C3_BC27_191109_LF_LIB_consensus_vsearch	2076	C	*/-GGA	272	8	2.47%	2	1	93	93	0.003713213199727839	1	1	208	64	8	0	-G
C3_BC27_191109_LF_LIB_consensus_vsearch	2080	G	*/-A	296	11	3.38%	2	1	93	93	4.4574721142254286E-4	1	1	200	96	11	0	-A
C3_BC27_191109_LF_LIB_consensus_vsearch	2080	G	*/-AG	296	13	4%	2	2	93	93	1.07315061073197E-4	1	1	200	96	12	1	-AG
C3_BC27_191109_LF_LIB_consensus_vsearch	2099	G	*/-C	294	26	7.93%	2	1	93	93	8.779350089034973E-9	1	1	197	97	26	0	-C
C3_BC27_191109_LF_LIB_consensus_vsearch	2103	T	*/-G	277	40	12.35%	2	2	93	93	2.4466655773301795E-13	1	1	210	67	11	29	-G
C3_BC27_191109_LF_LIB_consensus_vsearch	2105	G	*/+A	294	12	3.67%	2	1	93	93	2.1872808806846602E-4	1	1	199	95	12	0	+A
C3_BC27_191109_LF_LIB_consensus_vsearch	2105	G	*/-A	294	15	4.59%	2	2	93	93	2.5643782860570056E-5	1	1	199	95	14	1	-A
C3_BC27_191109_LF_LIB_consensus_vsearch	2107	A	*/-G	296	18	5.56%	2	2	93	93	2.968963557385939E-6	1	1	203	93	17	1	-G
C3_BC27_191109_LF_LIB_consensus_vsearch	2110	C	*/-G	289	13	4.02%	2	1	93	93	1.0698828814111211E-4	1	1	206	83	13	0	-G
C3_BC27_191109_LF_LIB_consensus_vsearch	2111	G	*/-A	289	21	6.71%	2	1	93	93	3.359005457509339E-7	1	1	190	99	21	0	-A
C3_BC27_191109_LF_LIB_consensus_vsearch	2115	T	*/-C	311	12	3.67%	2	1	93	93	2.2002030957800914E-4	1	1	225	86	0	12	-C
C3_BC27_191109_LF_LIB_consensus_vsearch	2116	C	*/-T	293	9	2.87%	2	2	93	93	0.0018385463831056318	1	1	218	75	1	8	-T
C3_BC27_191109_LF_LIB_consensus_vsearch	2116	C	*/-TC	293	7	2.23%	2	1	93	93	0.0075408960742010984	1	1	218	75	7	0	-T
C3_BC27_191109_LF_LIB_consensus_vsearch	2120	C	*/-AC	279	40	12.35%	2	1	93	93	2.4682616997160175E-13	1	1	184	95	40	0	-AC
C3_BC27_191109_LF_LIB_consensus_vsearch	2130	T	*/-C	307	9	2.76%	2	2	93	93	0.0018435449771731236	1	1	223	84	2	7	-C
C3_BC27_191109_LF_LIB_consensus_vsearch	2131	C	*/-G	308	7	2.2%	2	1	93	93	0.0075537459778972	1	1	217	91	7	0	-G
C3_BC27_191109_LF_LIB_consensus_vsearch	2137	C	*/+A	312	8	2.44%	2	1	93	93	0.0037370930678341757	1	1	222	90	0	8	+A
C3_BC27_191109_LF_LIB_consensus_vsearch	2139	C	*/-AC	294	20	6.12%	2	1	93	93	6.978650780124889E-7	1	1	204	90	20	0	-AC
C3_BC27_191109_LF_LIB_consensus_vsearch	2140	A	*/-C	264	31	10.1%	2	2	93	93	2.0274478782250598E-10	1	1	200	64	1	30	-C
C3_BC27_191109_LF_LIB_consensus_vsearch	2143	T	*/-C	312	11	3.4%	2	1	93	93	4.477977454555571E-4	1	1	227	85	0	11	-C
C3_BC27_191109_LF_LIB_consensus_vsearch	2151	C	*/+G	307	17	5.2%	2	2	93	93	6.15105666248135E-6	1	1	210	97	15	2	+G
C3_BC27_191109_LF_LIB_consensus_vsearch	2156	C	*/+A	303	7	2.13%	2	2	93	93	0.007549599928934281	1	1	210	93	6	1	+A
C3_BC27_191109_LF_LIB_consensus_vsearch	2156	C	*/-A	303	11	3.35%	2	2	93	93	4.466693096364799E-4	1	1	210	93	8	3	-A
C3_BC27_191109_LF_LIB_consensus_vsearch	2163	A	*/+C	294	13	4.04%	2	1	93	93	1.0722314920824708E-4	1	1	207	87	13	0	+C
C3_BC27_191109_LF_LIB_consensus_vsearch	2167	C	*/-T	310	10	3.05%	2	1	93	93	9.092900924742661E-4	1	1	225	85	0	10	-T
C3_BC27_191109_LF_LIB_consensus_vsearch	2173	C	*/-G	303	7	2.15%	2	1	93	93	0.007549599928934281	1	1	207	96	7	0	-G
C3_BC27_191109_LF_LIB_consensus_vsearch	2189	T	*/+C	306	8	2.49%	2	1	93	93	0.0037338947977920084	1	1	217	89	8	0	+C
C3_BC27_191109_LF_LIB_consensus_vsearch	2190	C	*/-TA	311	7	2.17%	2	2	93	93	0.007556171430833954	1	1	222	89	2	5	-TA
C3_BC27_191109_LF_LIB_consensus_vsearch	2191	T	*/-A	262	28	8.86%	2	2	93	93	1.878924928213752E-9	1	1	192	70	11	17	-A
C3_BC27_191109_LF_LIB_consensus_vsearch	2191	T	*/-AA	262	13	4.11%	2	2	93	93	1.0557989815422707E-4	1	1	192	70	12	1	-A
C3_BC27_191109_LF_LIB_consensus_vsearch	2193	A	*/+G	264	10	3.23%	2	2	93	93	8.982685182237654E-4	1	1	194	70	2	8	+G
C3_BC27_191109_LF_LIB_consensus_vsearch	2193	A	*/-G	264	9	2.9%	2	2	93	93	0.001826590629994852	1	1	194	70	6	3	+G
C3_BC27_191109_LF_LIB_consensus_vsearch	2194	G	*/+C	288	8	2.55%	2	1	93	93	0.003723530841838437	1	1	218	70	0	8	+C
C3_BC27_191109_LF_LIB_consensus_vsearch	2195	G	*/-A	304	12	3.68%	2	2	93	93	2.1950445924379393E-4	1	1	218	86	8	4	-A
C3_BC27_191109_LF_LIB_consensus_vsearch	2203	G	*/+C	282	9	2.76%	2	1	93	93	0.0018342872039811176	1	1	186	96	9	0	+C
C3_BC27_191109_LF_LIB_consensus_vsearch	2203	G	*/-C	282	29	8.9%	2	2	93	93	9.395610436125117E-10	1	1	186	96	27	2	-C
C3_BC27_191109_LF_LIB_consensus_vsearch	2204	C	*/+T	284	10	3.34%	2	1	93	93	9.034745509269261E-4	1	1	199	85	0	10	+T
C3_BC27_191109_LF_LIB_consensus_vsearch	2206	T	*/+G	282	22	6.81%	2	1	93	93	1.6078660416393872E-7	1	1	198	84	22	0	+G
C3_BC27_191109_LF_LIB_consensus_vsearch	2207	A	*/-G	244	30	9.29%	2	2	93	93	4.022987086806234E-10	1	1	162	82	18	12	-G
C3_BC27_191109_LF_LIB_consensus_vsearch	2212	G	*/-TG	310	8	2.46%	2	2	93	93	0.003736040246407896	1	1	221	89	1	7	-TG
C3_BC27_191109_LF_LIB_consensus_vsearch	2214	G	*/-A	302	10	3.17%	2	1	93	93	9.076016973983641E-4	1	1	214	88	10	0	-A
C3_BC27_191109_LF_LIB_consensus_vsearch	2217	T	*/-C	303	8	2.47%	2	2	93	93	0.0037322498843562575	1	1	211	92	7	1	-C
C3_BC27_191109_LF_LIB_consensus_vsearch	2217	T	*/-CC	303	12	3.7%	2	2	93	93	2.1942896133169884E-4	1	1	211	92	10	2	-CC
C3_BC27_191109_LF_LIB_consensus_vsearch	2221	G	*/-A	304	14	4.38%	2	1	93	93	5.273365888986923E-5	1	1	206	98	14	0	-A
C3_BC27_191109_LF_LIB_consensus_vsearch	2223	A	*/-C	243	45	13.76%	2	2	93	93	4.403149307887445E-15	1	1	154	89	36	9	-C
C3_BC27_191109_LF_LIB_consensus_vsearch	2223	A	*/-CC	243	29	8.87%	2	1	93	93	8.470563067940501E-10	1	1	154	89	29	0	-C
C3_BC27_191109_LF_LIB_consensus_vsearch	2226	C	*/-G	309	11	3.36%	2	1	93	93	4.4742845820105635E-4	1	1	222	87	0	11	-G
C3_BC27_191109_LF_LIB_consensus_vsearch	2234	T	*/-C	267	47	14.37%	2	2	93	93	1.1050480769358519E-15	1	1	173	94	43	4	-C
C3_BC27_191109_LF_LIB_consensus_vsearch	2241	C	*/-A	286	35	10.67%	2	2	93	93	1.0923534223910362E-11	1	1	195	91	32	3	-A
C3_BC27_191109_LF_LIB_consensus_vsearch	2244	A	*/+G	301	12	3.68%	2	1	93	93	2.1927657009148847E-4	1	1	204	97	12	0	+G
C3_BC27_191109_LF_LIB_consensus_vsearch	2244	A	*/-G	301	7	2.15%	2	2	93	93	0.007547904070155765	1	1	204	97	5	2	+G
C3_BC27_191109_LF_LIB_consensus_vsearch	2246	G	*/-A	319	7	2.15%	2	1	93	93	0.007562422442723779	1	1	220	99	7	0	-A
C3_BC27_191109_LF_LIB_consensus_vsearch	2247	A	*/-G	305	9	2.81%	2	1	93	93	0.0018428577550388455	1	1	208	97	9	0	-G
C3_BC27_191109_LF_LIB_consensus_vsearch	2258	G	*/-A	306	9	2.78%	2	2	93	93	0.0018432024399252702	1	1	215	91	8	1	-A
C3_BC27_191109_LF_LIB_consensus_vsearch	2260	A	*/-GA	296	16	4.95%	2	2	93	93	1.252752530674241E-5	1	1	202	94	15	1	-GA
C3_BC27_191109_LF_LIB_consensus_vsearch	2261	G	*/-A	293	7	2.3%	2	1	93	93	0.0075408960742010984	1	1	199	94	7	0	-A
C3_BC27_191109_LF_LIB_consensus_vsearch	2263	C	*/+G	315	8	2.45%	2	1	93	93	0.003738648107284543	1	1	218	97	8	0	+G
C3_BC27_191109_LF_LIB_consensus_vsearch	2265	T	*/-A	305	9	2.77%	2	2	93	93	0.0018428577550388455	1	1	212	93	4	5	-A
C3_BC27_191109_LF_LIB_consensus_vsearch	2278	T	*/-G	298	16	4.89%	2	2	93	93	1.2543674789742688E-5	1	1	208	90	13	3	-G
C3_BC27_191109_LF_LIB_consensus_vsearch	2287	T	*/-C	315	7	2.13%	2	1	93	93	0.007559335514723115	1	1	226	89	0	7	-C
C3_BC27_191109_LF_LIB_consensus_vsearch	2289	G	*/+T	300	18	5.52%	2	1	93	93	2.978607185763602E-6	1	1	205	95	18	0	+T
C3_BC27_191109_LF_LIB_consensus_vsearch	2291	T	*/-C	305	22	6.71%	2	2	93	93	1.654618037115841E-7	1	1	214	91	15	7	-C
C3_BC27_191109_LF_LIB_consensus_vsearch	2298	T	*/-A	304	16	4.91%	2	2	93	93	1.2591001049517451E-5	1	1	209	95	15	1	-A
C3_BC27_191109_LF_LIB_consensus_vsearch	2302	G	*/+C	306	15	4.56%	2	1	93	93	2.5815043458826052E-5	1	1	225	81	0	15	+C
C3_BC27_191109_LF_LIB_consensus_vsearch	2304	T	*/-C	300	15	4.6%	2	2	93	93	2.573094065445105E-5	1	1	222	78	1	14	-C
C3_BC27_191109_LF_LIB_consensus_vsearch	2306	G	*/-A	292	30	9.29%	2	1	93	93	4.5872068536623333E-10	1	1	195	97	30	0	-A
C3_BC27_191109_LF_LIB_consensus_vsearch	2314	G	*/-CG	313	9	2.75%	2	2	93	93	0.0018455562033137492	1	1	227	86	1	8	-CG
C3_BC27_191109_LF_LIB_consensus_vsearch	2326	T	*/-C	296	19	5.81%	2	2	93	93	1.4420005831170881E-6	1	1	222	74	1	18	-C
C3_BC27_191109_LF_LIB_consensus_vsearch	2335	C	*/-AC	302	13	4.02%	2	2	93	93	1.0758410240061477E-4	1	1	209	93	11	2	-AC
C3_BC27_191109_LF_LIB_consensus_vsearch	2341	T	*/-A	285	11	3.43%	2	2	93	93	4.442127160666276E-4	1	1	214	71	6	5	-A
C3_BC27_191109_LF_LIB_consensus_vsearch	2341	T	*/-AA	285	14	4.36%	2	2	93	93	5.223473500985322E-5	1	1	214	71	1	13	-AA
C3_BC27_191109_LF_LIB_consensus_vsearch	2344	G	*/+T	274	14	4.28%	2	2	93	93	5.191754917045733E-5	1	1	180	94	11	3	+T
C3_BC27_191109_LF_LIB_consensus_vsearch	2344	G	*/-T	274	35	10.7%	2	2	93	93	1.0491517320047617E-11	1	1	180	94	34	1	-T
C3_BC27_191109_LF_LIB_consensus_vsearch	2348	T	*/-G	307	17	5.17%	2	2	93	93	6.15105666248135E-6	1	1	225	82	1	16	-G
C3_BC27_191109_LF_LIB_consensus_vsearch	2361	C	*/-A	315	8	2.45%	2	2	93	93	0.003738648107284543	1	1	220	95	7	1	-A
C3_BC27_191109_LF_LIB_consensus_vsearch	2363	C	*/-AC	308	10	3.05%	2	1	93	93	9.08875789075995E-4	1	1	215	93	10	0	-AC
C3_BC27_191109_LF_LIB_consensus_vsearch	2367	A	*/-CT	301	15	4.66%	2	1	93	93	2.574516555068671E-5	1	1	202	99	15	0	-CT
C3_BC27_191109_LF_LIB_consensus_vsearch	2376	A	*/+T	253	12	3.67%	2	2	93	93	2.1495825162865442E-4	1	1	175	78	4	8	+T
C3_BC27_191109_LF_LIB_consensus_vsearch	2376	A	*/-T	253	59	18.04%	2	2	93	93	8.372564533674789E-20	1	1	175	78	48	11	-T
C3_BC27_191109_LF_LIB_consensus_vsearch	2403	G	*/-TG	294	18	5.52%	2	2	93	93	2.9640583266111092E-6	1	1	216	78	1	17	-TG
C3_BC27_191109_LF_LIB_consensus_vsearch	2405	G	*/+C	280	7	2.3%	2	1	93	93	0.007528680801958593	1	1	204	76	7	0	+C
C3_BC27_191109_LF_LIB_consensus_vsearch	2405	G	*/-C	280	11	3.61%	2	2	93	93	4.43478034323438E-4	1	1	204	76	7	4	-C
C3_BC27_191109_LF_LIB_consensus_vsearch	2407	C	*/+A	275	24	7.34%	2	2	93	93	3.686203315643172E-8	1	1	184	91	23	1	+A
C3_BC27_191109_LF_LIB_consensus_vsearch	2407	C	*/-A	275	7	2.14%	2	2	93	93	0.007523684932184882	1	1	184	91	6	1	+A
C3_BC27_191109_LF_LIB_consensus_vsearch	2409	A	*/-G	267	44	13.62%	2	2	93	93	1.1061756017675098E-14	1	1	199	68	23	21	-G
C3_BC27_191109_LF_LIB_consensus_vsearch	2414	T	*/-C	256	67	20.36%	2	1	93	93	1.4802900702934386E-22	1	1	159	97	67	0	-C
C3_BC27_191109_LF_LIB_consensus_vsearch	2431	T	*/-A	302	17	5.2%	2	2	93	93	6.129771774426779E-6	1	1	219	83	6	11	-A
C3_BC27_191109_LF_LIB_consensus_vsearch	2433	A	*/-T	313	7	2.13%	2	2	93	93	0.0075577632969213195	1	1	216	97	6	1	-T
C3_BC27_191109_LF_LIB_consensus_vsearch	2437	T	*/-C	318	9	2.74%	2	1	93	93	0.0018471766916003858	1	1	229	89	0	9	-C
C3_BC27_191109_LF_LIB_consensus_vsearch	2443	G	*/+T	292	8	2.43%	2	1	93	93	0.003725940218788008	1	1	196	96	8	0	+T
C3_BC27_191109_LF_LIB_consensus_vsearch	2443	G	*/-T	292	26	7.9%	2	2	93	93	8.74895377645425E-9	1	1	196	96	23	3	-T
C3_BC27_191109_LF_LIB_consensus_vsearch	2448	C	*/-A	309	13	3.98%	2	1	93	93	1.0788585765141171E-4	1	1	225	84	0	13	-A
C3_BC27_191109_LF_LIB_consensus_vsearch	2452	T	*/+G	293	15	4.62%	2	1	93	93	2.562894785951056E-5	1	1	209	84	15	0	+G
C3_BC27_191109_LF_LIB_consensus_vsearch	2453	A	*/-G	304	13	4%	2	2	93	93	1.0767161863384654E-4	1	1	210	94	12	1	-G
C3_BC27_191109_LF_LIB_consensus_vsearch	2460	G	*/-TG	299	26	7.93%	2	1	93	93	8.854081039115499E-9	1	1	227	72	0	26	-TG
C3_BC27_191109_LF_LIB_consensus_vsearch	2463	A	*/+G	300	7	2.17%	2	1	93	93	0.007547047910434978	1	1	207	93	7	0	+G
C3_BC27_191109_LF_LIB_consensus_vsearch	2470	C	*/+A	148	152	46.34%	2	2	93	93	8.115817969899015E-58	1	1	116	32	89	63	+A
C3_BC27_191109_LF_LIB_consensus_vsearch	2470	C	*/+AA	148	17	5.18%	2	2	93	93	4.943123766579635E-6	1	1	116	32	15	2	+A
C3_BC27_191109_LF_LIB_consensus_vsearch	2474	G	*/+T	303	21	6.38%	2	2	93	93	3.411950758098713E-7	1	1	209	94	18	3	+T
C3_BC27_191109_LF_LIB_consensus_vsearch	2478	T	*/+GT	104	205	62.5%	2	2	93	93	2.1425854100920034E-85	1	1	74	30	138	67	+GT
C3_BC27_191109_LF_LIB_consensus_vsearch	2480	G	*/-A	302	16	4.92%	2	1	93	93	1.2575409405200966E-5	1	1	204	98	16	0	-A
C3_BC27_191109_LF_LIB_consensus_vsearch	2481	A	*/-G	284	18	5.79%	2	1	93	93	2.938658666208105E-6	1	1	186	98	18	0	-G
C3_BC27_191109_LF_LIB_consensus_vsearch	2484	T	*/+C	138	184	55.93%	2	2	93	93	1.9194541856706695E-72	1	1	110	28	114	70	+C
C3_BC27_191109_LF_LIB_consensus_vsearch	2487	G	*/-A	316	9	2.74%	2	2	93	93	0.0018465343892960751	1	1	219	97	8	1	-A
C3_BC27_191109_LF_LIB_consensus_vsearch	2490	A	*/-C	302	10	3.11%	2	2	93	93	9.076016973983641E-4	1	1	208	94	8	2	-C
C3_BC27_191109_LF_LIB_consensus_vsearch	2492	C	*/-A	299	10	3.05%	2	1	93	93	9.069465014723013E-4	1	1	209	90	10	0	-A
C3_BC27_191109_LF_LIB_consensus_vsearch	2497	C	*/-T	294	15	4.6%	2	2	93	93	2.5643782860570056E-5	1	1	200	94	10	5	-T
C3_BC27_191109_LF_LIB_consensus_vsearch	2497	C	*/-TA	294	12	3.68%	2	1	93	93	2.1872808806846602E-4	1	1	200	94	12	0	-T
C3_BC27_191109_LF_LIB_consensus_vsearch	2499	A	*/-G	297	8	2.54%	2	2	93	93	0.0037288640480621854	1	1	206	91	2	6	-G
C3_BC27_191109_LF_LIB_consensus_vsearch	2502	G	*/-C	308	11	3.41%	2	2	93	93	4.4730386165636195E-4	1	1	213	95	8	3	-C
C3_BC27_191109_LF_LIB_consensus_vsearch	2504	C	*/+G	266	8	2.44%	2	2	93	93	0.0037090372381044278	1	1	192	74	5	3	+G
C3_BC27_191109_LF_LIB_consensus_vsearch	2504	C	*/-G	266	43	13.11%	2	2	93	93	2.364021609795296E-14	1	1	192	74	25	18	-G
C3_BC27_191109_LF_LIB_consensus_vsearch	2507	G	*/+A	311	10	3.05%	2	1	93	93	9.09495348801856E-4	1	1	215	96	10	0	+A
C3_BC27_191109_LF_LIB_consensus_vsearch	2518	T	*/+C	123	199	60.49%	2	2	93	93	1.5758832047435635E-80	1	1	121	2	106	93	+C
C3_BC27_191109_LF_LIB_consensus_vsearch	2520	A	*/+G	295	7	2.14%	2	2	93	93	0.007542682643436916	1	1	198	97	6	1	+G
C3_BC27_191109_LF_LIB_consensus_vsearch	2520	A	*/-G	295	22	6.73%	2	1	93	93	1.6349915354957266E-7	1	1	198	97	22	0	-G
C3_BC27_191109_LF_LIB_consensus_vsearch	2523	G	*/-T	308	12	3.72%	2	2	93	93	2.198018975899724E-4	1	1	220	88	2	10	-T
C3_BC27_191109_LF_LIB_consensus_vsearch	2527	G	*/-TG	291	27	8.31%	2	2	93	93	4.188023774962437E-9	1	1	206	85	17	10	-TG
C3_BC27_191109_LF_LIB_consensus_vsearch	2532	C	*/-G	302	13	3.99%	2	1	93	93	1.0758410240061477E-4	1	1	207	95	13	0	-G
C3_BC27_191109_LF_LIB_consensus_vsearch	2533	G	*/+A	297	8	2.54%	2	1	93	93	0.0037288640480621854	1	1	199	98	8	0	+A
C3_BC27_191109_LF_LIB_consensus_vsearch	2533	G	*/-A	297	7	2.22%	2	2	93	93	0.007544445864687752	1	1	199	98	6	1	+A
C3_BC27_191109_LF_LIB_consensus_vsearch	2534	A	*/-G	306	8	2.49%	2	1	93	93	0.0037338947977920084	1	1	209	97	8	0	-G
C3_BC27_191109_LF_LIB_consensus_vsearch	2538	G	*/-C	311	8	2.45%	2	2	93	93	0.003736568289976167	1	1	217	94	7	1	-C
C3_BC27_191109_LF_LIB_consensus_vsearch	2544	G	*/-A	281	42	12.8%	2	2	93	93	5.4661378752172324E-14	1	1	183	98	41	1	-A
C3_BC27_191109_LF_LIB_consensus_vsearch	2545	A	*/+G	273	10	3.53%	2	1	93	93	9.007001154101668E-4	1	1	175	98	10	0	+G
C3_BC27_191109_LF_LIB_consensus_vsearch	2546	A	*/-G	294	25	7.69%	2	2	93	93	1.827363096707668E-8	1	1	200	94	22	3	-G
C3_BC27_191109_LF_LIB_consensus_vsearch	2549	C	*/+G	294	22	6.77%	2	1	93	93	1.6329714727852123E-7	1	1	196	98	22	0	+G
C3_BC27_191109_LF_LIB_consensus_vsearch	2550	A	*/-G	292	18	5.52%	2	1	93	93	2.9590962033899804E-6	1	1	195	97	18	0	-G
C3_BC27_191109_LF_LIB_consensus_vsearch	2552	A	*/-C	304	10	3.06%	2	2	93	93	9.080316886694397E-4	1	1	215	89	2	8	-C
C3_BC27_191109_LF_LIB_consensus_vsearch	2555	T	*/-C	307	13	4.01%	2	1	93	93	1.078009306652959E-4	1	1	227	80	0	13	-C
C3_BC27_191109_LF_LIB_consensus_vsearch	2556	C	*/-TC	300	10	3.17%	2	2	93	93	9.071662784920035E-4	1	1	222	78	4	6	-TC
C3_BC27_191109_LF_LIB_consensus_vsearch	2557	T	*/-C	296	8	2.56%	2	1	93	93	0.003728286891533163	1	1	207	89	8	0	-C
C3_BC27_191109_LF_LIB_consensus_vsearch	2559	C	*/+G	312	8	2.46%	2	1	93	93	0.0037370930678341757	1	1	216	96	8	0	+G
C3_BC27_191109_LF_LIB_consensus_vsearch	2564	C	*/+T	292	7	2.15%	2	1	93	93	0.0075399938886969485	1	1	199	93	7	0	+T
C3_BC27_191109_LF_LIB_consensus_vsearch	2564	C	*/-T	292	7	2.15%	2	1	93	93	0.0075399938886969485	1	1	199	93	7	0	+T
C3_BC27_191109_LF_LIB_consensus_vsearch	2570	T	*/+GAT	315	7	2.13%	2	1	93	93	0.007559335514723115	1	1	218	97	7	0	+GAT
C3_BC27_191109_LF_LIB_consensus_vsearch	2574	T	*/+C	310	10	3.04%	2	1	93	93	9.092900924742661E-4	1	1	211	99	10	0	+C
C3_BC27_191109_LF_LIB_consensus_vsearch	2576	C	*/+AC	299	8	2.43%	2	1	93	93	0.003730007204504208	1	1	204	95	8	0	+AC
C3_BC27_191109_LF_LIB_consensus_vsearch	2579	A	*/-G	306	13	3.98%	2	2	93	93	1.0775808516339881E-4	1	1	209	97	12	1	-G
C3_BC27_191109_LF_LIB_consensus_vsearch	2590	C	*/-G	293	26	7.98%	2	1	93	93	8.764188424677088E-9	1	1	194	99	26	0	-G
C3_BC27_191109_LF_LIB_consensus_vsearch	2595	A	*/-C	313	7	2.13%	2	2	93	93	0.0075577632969213195	1	1	216	97	6	1	-C
C3_BC27_191109_LF_LIB_consensus_vsearch	2597	C	*/+T	302	10	3.05%	2	1	93	93	9.076016973983641E-4	1	1	215	87	0	10	+T
C3_BC27_191109_LF_LIB_consensus_vsearch	2602	T	*/-AC	311	7	2.13%	2	1	93	93	0.007556171430833954	1	1	214	97	7	0	-AC
C3_BC27_191109_LF_LIB_consensus_vsearch	2610	G	*/-TA	302	16	4.95%	2	1	93	93	1.2575409405200966E-5	1	1	205	97	16	0	-TA
C3_BC27_191109_LF_LIB_consensus_vsearch	2618	T	*/+C	304	13	4.04%	2	1	93	93	1.0767161863384654E-4	1	1	213	91	13	0	+C
C3_BC27_191109_LF_LIB_consensus_vsearch	2620	T	*/-A	299	8	2.52%	2	2	93	93	0.003730007204504208	1	1	214	85	5	3	-A
C3_BC27_191109_LF_LIB_consensus_vsearch	2629	G	*/-A	315	8	2.46%	2	1	93	93	0.003738648107284543	1	1	218	97	8	0	-A
C3_BC27_191109_LF_LIB_consensus_vsearch	2635	G	*/-A	301	18	5.56%	2	1	93	93	2.9809840191285966E-6	1	1	207	94	18	0	-A
C3_BC27_191109_LF_LIB_consensus_vsearch	2637	A	*/-G	308	17	5.18%	2	2	93	93	6.155241640893415E-6	1	1	215	93	14	3	-G
C3_BC27_191109_LF_LIB_consensus_vsearch	2641	G	*/+T	306	9	2.74%	2	1	93	93	0.0018432024399252702	1	1	216	90	9	0	+T
C3_BC27_191109_LF_LIB_consensus_vsearch	2643	T	*/-C	314	7	2.13%	2	1	93	93	0.007558551839045116	1	1	228	86	0	7	-C
C3_BC27_191109_LF_LIB_consensus_vsearch	2646	C	*/-T	312	13	3.95%	2	2	93	93	1.0801137180022455E-4	1	1	226	86	1	12	-T
C3_BC27_191109_LF_LIB_consensus_vsearch	2647	T	*/-C	268	44	13.92%	2	1	93	93	1.1124430733140206E-14	1	1	183	85	44	0	-C
C3_BC27_191109_LF_LIB_consensus_vsearch	2649	C	*/-A	266	58	17.63%	2	2	93	93	2.1018530631404345E-19	1	1	172	94	56	2	-A
C3_BC27_191109_LF_LIB_consensus_vsearch	2655	C	*/-T	310	7	2.13%	2	2	93	93	0.007555368014229169	1	1	216	94	4	3	-T
C3_BC27_191109_LF_LIB_consensus_vsearch	2658	T	*/-G	304	12	3.65%	2	2	93	93	2.1950445924379393E-4	1	1	219	85	2	10	-G
C3_BC27_191109_LF_LIB_consensus_vsearch	2663	G	*/-A	295	8	2.49%	2	2	93	93	0.0037277059675883554	1	1	204	91	5	3	-A
C3_BC27_191109_LF_LIB_consensus_vsearch	2666	A	*/-C	302	10	3.08%	2	2	93	93	9.076016973983641E-4	1	1	205	97	9	1	-C
C3_BC27_191109_LF_LIB_consensus_vsearch	2668	C	*/-A	298	8	2.45%	2	2	93	93	0.00372943747369922	1	1	225	73	1	7	-A
C3_BC27_191109_LF_LIB_consensus_vsearch	2673	T	*/+C	257	14	4.33%	2	2	93	93	5.137984883933094E-5	1	1	167	90	13	1	+C
C3_BC27_191109_LF_LIB_consensus_vsearch	2673	T	*/-C	257	43	13.31%	2	2	93	93	2.2469205256702854E-14	1	1	167	90	37	6	-C
C3_BC27_191109_LF_LIB_consensus_vsearch	2677	C	*/-A	309	8	2.44%	2	2	93	93	0.0037355089065581964	1	1	214	95	7	1	-A
C3_BC27_191109_LF_LIB_consensus_vsearch	2682	C	*/-T	311	10	3.08%	2	2	93	93	9.09495348801856E-4	1	1	221	90	3	7	-T
C3_BC27_191109_LF_LIB_consensus_vsearch	2683	T	*/-C	291	19	5.97%	2	2	93	93	1.4353091219079615E-6	1	1	201	90	18	1	-C
C3_BC27_191109_LF_LIB_consensus_vsearch	2689	C	*/-T	313	8	2.44%	2	2	93	93	0.0037376146101785516	1	1	225	88	2	6	-T
C3_BC27_191109_LF_LIB_consensus_vsearch	2692	C	*/-TC	294	24	7.38%	2	2	93	93	3.797814984022077E-8	1	1	227	67	1	23	-TC
C3_BC27_191109_LF_LIB_consensus_vsearch	2694	C	*/-A	279	19	6.27%	2	1	93	93	1.4184430482143471E-6	1	1	206	73	19	0	-A
C3_BC27_191109_LF_LIB_consensus_vsearch	2697	C	*/-A	308	7	2.15%	2	1	93	93	0.0075537459778972	1	1	211	97	7	0	-A
C3_BC27_191109_LF_LIB_consensus_vsearch	2711	G	*/+A	299	12	3.7%	2	1	93	93	2.191222894905056E-4	1	1	204	95	12	0	+A
C3_BC27_191109_LF_LIB_consensus_vsearch	2713	T	*/-A	297	8	2.45%	2	2	93	93	0.0037288640480621854	1	1	211	86	4	4	-A
C3_BC27_191109_LF_LIB_consensus_vsearch	2715	G	*/-TAG	284	7	2.17%	2	2	93	93	0.007532554766260561	1	1	188	96	4	3	-TAG
C3_BC27_191109_LF_LIB_consensus_vsearch	2731	T	*/-GT	275	37	11.46%	2	2	93	93	2.3401826528297442E-12	1	1	207	68	18	19	-GT
C3_BC27_191109_LF_LIB_consensus_vsearch	2735	C	*/-A	228	90	27.52%	2	2	93	93	5.131150567966761E-31	1	1	136	92	89	1	-A
C3_BC27_191109_LF_LIB_consensus_vsearch	2740	G	*/+A	318	8	2.44%	2	1	93	93	0.0037401748205127794	1	1	220	98	8	0	+A
C3_BC27_191109_LF_LIB_consensus_vsearch	2742	C	*/+G	305	7	2.15%	2	1	93	93	0.007551274189551532	1	1	211	94	7	0	+G
C3_BC27_191109_LF_LIB_consensus_vsearch	2743	A	*/+G	229	27	8.46%	2	2	93	93	3.6145502236965335E-9	1	1	182	47	16	11	+G
C3_BC27_191109_LF_LIB_consensus_vsearch	2743	A	*/-G	229	47	14.73%	2	2	93	93	8.347345259844698E-16	1	1	182	47	8	39	-G
C3_BC27_191109_LF_LIB_consensus_vsearch	2747	A	*/+T	303	9	2.74%	2	1	93	93	0.001842161861056395	1	1	222	81	0	9	+T
C3_BC27_191109_LF_LIB_consensus_vsearch	2752	T	*/+C	311	9	2.74%	2	1	93	93	0.0018448940461453691	1	1	230	81	0	9	+C
C3_BC27_191109_LF_LIB_consensus_vsearch	2753	T	*/-C	305	10	3.05%	2	2	93	93	9.082446805436611E-4	1	1	225	80	1	9	-C
C3_BC27_191109_LF_LIB_consensus_vsearch	2759	T	*/+G	300	8	2.49%	2	1	93	93	0.0037305732760555144	1	1	221	79	0	8	+G
C3_BC27_191109_LF_LIB_consensus_vsearch	2759	T	*/-G	300	10	3.12%	2	2	93	93	9.071662784920035E-4	1	1	221	79	7	3	-G
C3_BC27_191109_LF_LIB_consensus_vsearch	2761	G	*/+A	316	9	2.74%	2	1	93	93	0.0018465343892960751	1	1	219	97	9	0	+A
C3_BC27_191109_LF_LIB_consensus_vsearch	2769	A	*/+C	294	7	2.15%	2	1	93	93	0.0075417923062006415	1	1	204	90	7	0	+C
C3_BC27_191109_LF_LIB_consensus_vsearch	2769	A	*/-C	294	17	5.21%	2	2	93	93	6.094416955360634E-6	1	1	204	90	9	8	-C
C3_BC27_191109_LF_LIB_consensus_vsearch	2772	C	*/-AC	310	7	2.13%	2	2	93	93	0.007555368014229169	1	1	219	91	6	1	-AC
C3_BC27_191109_LF_LIB_consensus_vsearch	2775	G	*/-A	320	8	2.43%	2	1	93	93	0.003741177272389607	1	1	221	99	8	0	-A
C3_BC27_191109_LF_LIB_consensus_vsearch	2780	C	*/+A	275	30	9.32%	2	1	93	93	4.400680952347389E-10	1	1	182	93	30	0	+A
C3_BC27_191109_LF_LIB_consensus_vsearch	2780	C	*/-A	275	9	2.8%	2	1	93	93	0.0018314080094074643	1	1	182	93	9	0	+A
C3_BC27_191109_LF_LIB_consensus_vsearch	2781	A	*/+G	301	7	2.23%	2	1	93	93	0.007547904070155765	1	1	206	95	7	0	+G
C3_BC27_191109_LF_LIB_consensus_vsearch	2782	A	*/-G	301	18	5.52%	2	2	93	93	2.9809840191285966E-6	1	1	207	94	17	1	-G
C3_BC27_191109_LF_LIB_consensus_vsearch	2783	G	*/+A	257	17	5.52%	2	1	93	93	5.906704434617644E-6	1	1	162	95	17	0	+A
C3_BC27_191109_LF_LIB_consensus_vsearch	2796	C	*/-A	294	24	7.45%	2	1	93	93	3.797814984022077E-8	1	1	198	96	24	0	-A
C3_BC27_191109_LF_LIB_consensus_vsearch	2800	A	*/-G	306	9	2.8%	2	2	93	93	0.0018432024399252702	1	1	212	94	8	1	-G
C3_BC27_191109_LF_LIB_consensus_vsearch	2804	C	*/-T	290	19	5.85%	2	2	93	93	1.433947847035464E-6	1	1	210	80	4	15	-T
C3_BC27_191109_LF_LIB_consensus_vsearch	2804	C	*/-TT	290	10	3.08%	2	2	93	93	9.049040571152188E-4	1	1	210	80	9	1	-T
C3_BC27_191109_LF_LIB_consensus_vsearch	2807	T	*/-C	291	30	9.15%	2	2	93	93	4.5766036102451055E-10	1	1	199	92	23	7	-C
C3_BC27_191109_LF_LIB_consensus_vsearch	2815	T	*/+C	306	10	3.05%	2	1	93	93	9.08456353117801E-4	1	1	214	92	10	0	+C
C3_BC27_191109_LF_LIB_consensus_vsearch	2815	T	*/-C	306	7	2.13%	2	2	93	93	0.007552103349072626	1	1	214	92	1	6	+C
C3_BC27_191109_LF_LIB_consensus_vsearch	2819	T	*/-C	289	27	8.31%	2	2	93	93	4.1721062967513714E-9	1	1	202	87	17	10	-C
C3_BC27_191109_LF_LIB_consensus_vsearch	2824	A	*/-GC	300	13	4.02%	2	2	93	93	1.0749551725979228E-4	1	1	206	94	11	2	-GC
C3_BC27_191109_LF_LIB_consensus_vsearch	2826	C	*/-AC	294	9	2.87%	2	2	93	93	0.0018389184957144046	1	1	200	94	8	1	-AC
C3_BC27_191109_LF_LIB_consensus_vsearch	2844	G	*/-A	318	7	2.13%	2	2	93	93	0.007561657789302346	1	1	224	94	4	3	-A
C3_BC27_191109_LF_LIB_consensus_vsearch	2856	C	*/-T	311	8	2.47%	2	2	93	93	0.003736568289976167	1	1	224	87	1	7	-T
C3_BC27_191109_LF_LIB_consensus_vsearch	2857	T	*/-C	301	9	2.83%	2	1	93	93	0.00184145713009427	1	1	225	76	0	9	-C
C3_BC27_191109_LF_LIB_consensus_vsearch	2858	C	*/-TC	246	62	19.62%	2	2	93	93	7.112537878881919E-21	1	1	192	54	33	29	-TC
C3_BC27_191109_LF_LIB_consensus_vsearch	2865	T	*/+G	306	11	3.37%	2	1	93	93	4.4705237598098834E-4	1	1	214	92	11	0	+G
C3_BC27_191109_LF_LIB_consensus_vsearch	2866	A	*/-G	293	14	4.32%	2	2	93	93	5.24519232399163E-5	1	1	204	89	11	3	-G
C3_BC27_191109_LF_LIB_consensus_vsearch	2870	T	*/-G	311	10	3.04%	2	2	93	93	9.09495348801856E-4	1	1	221	90	6	4	-G
C3_BC27_191109_LF_LIB_consensus_vsearch	2872	G	*/+A	303	15	4.59%	2	1	93	93	2.5773363830453773E-5	1	1	207	96	15	0	+A
C3_BC27_191109_LF_LIB_consensus_vsearch	2873	G	*/-C	305	14	4.26%	2	1	93	93	5.2758358495960476E-5	1	1	208	97	14	0	-C
C3_BC27_191109_LF_LIB_consensus_vsearch	2875	C	*/-T	314	7	2.13%	2	2	93	93	0.007558551839045116	1	1	219	95	6	1	-T
C3_BC27_191109_LF_LIB_consensus_vsearch	2887	T	*/+C	307	17	5.18%	2	1	93	93	6.15105666248135E-6	1	1	211	96	17	0	+C
C3_BC27_191109_LF_LIB_consensus_vsearch	2888	C	*/+A	315	8	2.43%	2	1	93	93	0.003738648107284543	1	1	220	95	8	0	+A
C3_BC27_191109_LF_LIB_consensus_vsearch	2891	T	*/-GT	310	7	2.15%	2	2	93	93	0.007555368014229169	1	1	223	87	1	6	-GT
C3_BC27_191109_LF_LIB_consensus_vsearch	2897	G	*/-CGCG	311	12	3.69%	2	2	93	93	2.2002030957800914E-4	1	1	222	89	5	7	-CGCG
C3_BC27_191109_LF_LIB_consensus_vsearch	2899	G	*/-CG	226	87	27.8%	2	2	93	93	6.107623203256922E-30	1	1	161	65	60	27	-CG
C3_BC27_191109_LF_LIB_consensus_vsearch	2904	C	*/-G	298	8	2.49%	2	2	93	93	0.00372943747369922	1	1	215	83	7	1	-G
C3_BC27_191109_LF_LIB_consensus_vsearch	2906	G	*/-C	287	18	5.56%	2	2	93	93	2.946435446441502E-6	1	1	192	95	17	1	-C
C3_BC27_191109_LF_LIB_consensus_vsearch	2906	G	*/-CC	287	7	2.16%	2	1	93	93	0.00753539154747985	1	1	192	95	7	0	-C
C3_BC27_191109_LF_LIB_consensus_vsearch	2910	A	*/-G	303	9	2.8%	2	2	93	93	0.001842161861056395	1	1	217	86	1	8	-G
C3_BC27_191109_LF_LIB_consensus_vsearch	2918	T	*/+A	285	17	5.36%	2	2	93	93	6.052605744083776E-6	1	1	193	92	16	1	+A
C3_BC27_191109_LF_LIB_consensus_vsearch	2918	T	*/-A	285	8	2.52%	2	1	93	93	0.0037216811325868635	1	1	193	92	8	0	+A
C3_BC27_191109_LF_LIB_consensus_vsearch	2920	A	*/-G	298	12	3.68%	2	2	93	93	2.1904442967681686E-4	1	1	209	89	6	6	-G
C3_BC27_191109_LF_LIB_consensus_vsearch	2938	T	*/-A	268	35	10.7%	2	1	93	93	1.0268876272868157E-11	1	1	177	91	35	0	-A
C3_BC27_191109_LF_LIB_consensus_vsearch	2938	T	*/-ATT	268	15	4.59%	2	2	93	93	2.5226404544410258E-5	1	1	177	91	14	1	-A
C3_BC27_191109_LF_LIB_consensus_vsearch	2942	G	*/-C	306	11	3.41%	2	2	93	93	4.4705237598098834E-4	1	1	212	94	9	2	-C
C3_BC27_191109_LF_LIB_consensus_vsearch	2944	C	*/-G	284	31	9.45%	2	1	93	93	2.143216287550385E-10	1	1	190	94	31	0	-G
C3_BC27_191109_LF_LIB_consensus_vsearch	2951	C	*/-TC	316	7	2.14%	2	1	93	93	0.007560114368843736	1	1	228	88	0	7	-TC
C3_BC27_191109_LF_LIB_consensus_vsearch	2952	T	*/+C	303	7	2.2%	2	2	93	93	0.007549599928934281	1	1	217	86	6	1	+C
C3_BC27_191109_LF_LIB_consensus_vsearch	2955	A	*/-CA	307	8	2.51%	2	2	93	93	0.003734436213792579	1	1	211	96	7	1	-CA
C3_BC27_191109_LF_LIB_consensus_vsearch	2958	T	*/+C	238	8	2.45%	2	1	93	93	0.0036868928614731586	1	1	139	99	8	0	+C
C3_BC27_191109_LF_LIB_consensus_vsearch	2958	T	*/-C	238	79	24.16%	2	1	93	93	6.33577468470381E-27	1	1	139	99	79	0	-C
C3_BC27_191109_LF_LIB_consensus_vsearch	2961	T	*/-A	308	7	2.17%	2	2	93	93	0.0075537459778972	1	1	217	91	3	4	-A
C3_BC27_191109_LF_LIB_consensus_vsearch	2965	G	*/-TG	309	7	2.14%	2	2	93	93	0.007554559545842425	1	1	217	92	5	2	-TG
C3_BC27_191109_LF_LIB_consensus_vsearch	2971	G	*/-C	313	8	2.46%	2	1	93	93	0.0037376146101785516	1	1	218	95	8	0	-C
C3_BC27_191109_LF_LIB_consensus_vsearch	2976	T	*/+C	250	46	14.15%	2	2	93	93	2.1338840375200335E-15	1	1	162	88	43	3	+C
C3_BC27_191109_LF_LIB_consensus_vsearch	2976	T	*/-C	250	16	4.92%	2	2	93	93	1.209495021153664E-5	1	1	162	88	12	4	+C
C3_BC27_191109_LF_LIB_consensus_vsearch	2979	C	*/-T	306	16	4.88%	2	2	93	93	1.2606413135423437E-5	1	1	215	91	9	7	-T
C3_BC27_191109_LF_LIB_consensus_vsearch	2982	A	*/-G	289	13	4.02%	2	2	93	93	1.0698828814111211E-4	1	1	193	96	10	3	-G
C3_BC27_191109_LF_LIB_consensus_vsearch	2982	A	*/-GGA	289	16	4.95%	2	1	93	93	1.2469462640863311E-5	1	1	193	96	16	0	-GGA
C3_BC27_191109_LF_LIB_consensus_vsearch	2984	G	*/-A	268	12	3.88%	2	1	93	93	2.1646037882116164E-4	1	1	170	98	12	0	-A
C3_BC27_191109_LF_LIB_consensus_vsearch	2984	G	*/-AG	268	25	8.09%	2	1	93	93	1.7463866701245237E-8	1	1	170	98	25	0	-AG
C3_BC27_191109_LF_LIB_consensus_vsearch	2987	C	*/+A	302	8	2.46%	2	1	93	93	0.003731694581518785	1	1	207	95	8	0	+A
C3_BC27_191109_LF_LIB_consensus_vsearch	2990	A	*/-G	303	8	2.49%	2	2	93	93	0.0037322498843562575	1	1	206	97	7	1	-G
C3_BC27_191109_LF_LIB_consensus_vsearch	2993	T	*/-C	228	93	28.62%	2	2	93	93	4.0454485389269796E-32	1	1	193	35	35	58	-C
C3_BC27_191109_LF_LIB_consensus_vsearch	2996	C	*/-T	314	7	2.13%	2	1	93	93	0.007558551839045116	1	1	224	90	0	7	-T
C3_BC27_191109_LF_LIB_consensus_vsearch	2998	C	*/-A	311	7	2.16%	2	2	93	93	0.007556171430833954	1	1	220	91	2	5	-A
C3_BC27_191109_LF_LIB_consensus_vsearch	3005	T	*/+A	301	15	4.57%	2	1	93	93	2.574516555068671E-5	1	1	205	96	15	0	+A
C3_BC27_191109_LF_LIB_consensus_vsearch	3012	T	*/-A	303	8	2.44%	2	1	93	93	0.0037322498843562575	1	1	211	92	8	0	-A
C3_BC27_191109_LF_LIB_consensus_vsearch	3017	T	*/+A	294	7	2.15%	2	1	93	93	0.0075417923062006415	1	1	201	93	7	0	+A
C3_BC27_191109_LF_LIB_consensus_vsearch	3017	T	*/-G	294	19	5.85%	2	2	93	93	1.4393467234009413E-6	1	1	201	93	17	2	-G
C3_BC27_191109_LF_LIB_consensus_vsearch	3018	G	*/-A	285	7	2.27%	2	1	93	93	0.007533506790877374	1	1	189	96	7	0	-A
C3_BC27_191109_LF_LIB_consensus_vsearch	3018	G	*/-AG	285	11	3.56%	2	1	93	93	4.442127160666276E-4	1	1	189	96	11	0	-AG
C3_BC27_191109_LF_LIB_consensus_vsearch	3019	A	*/+G	186	13	4.21%	2	2	93	93	9.970616463805701E-5	1	1	112	74	6	7	+G
C3_BC27_191109_LF_LIB_consensus_vsearch	3019	A	*/-G	186	83	26.86%	2	2	93	93	5.648892755671763E-29	1	1	112	74	68	15	-G
C3_BC27_191109_LF_LIB_consensus_vsearch	3019	A	*/-GG	186	17	5.5%	2	2	93	93	5.3802726814795285E-6	1	1	112	74	16	1	-G
C3_BC27_191109_LF_LIB_consensus_vsearch	3023	G	*/-A	301	14	4.28%	2	1	93	93	5.2658669246278434E-5	1	1	208	93	14	0	-A
C3_BC27_191109_LF_LIB_consensus_vsearch	3027	C	*/+A	290	12	3.68%	2	1	93	93	2.1840367786051513E-4	1	1	213	77	12	0	+A
C3_BC27_191109_LF_LIB_consensus_vsearch	3037	T	*/+C	247	7	2.15%	2	1	93	93	0.00749210286352295	1	1	151	96	7	0	+C
C3_BC27_191109_LF_LIB_consensus_vsearch	3037	T	*/-C	247	68	20.86%	2	2	93	93	5.846826227330371E-23	1	1	151	96	67	1	-C
C3_BC27_191109_LF_LIB_consensus_vsearch	3039	C	*/-G	291	30	9.2%	2	2	93	93	4.5766036102451055E-10	1	1	224	67	1	29	-G
C3_BC27_191109_LF_LIB_consensus_vsearch	3044	T	*/+C	309	7	2.15%	2	1	93	93	0.007554559545842425	1	1	213	96	7	0	+C
C3_BC27_191109_LF_LIB_consensus_vsearch	3054	T	*/-C	308	8	2.44%	2	2	93	93	0.0037349742394683326	1	1	219	89	1	7	-C
C3_BC27_191109_LF_LIB_consensus_vsearch	3060	T	*/+C	308	14	4.28%	2	1	93	93	5.283158480870729E-5	1	1	212	96	14	0	+C
C3_BC27_191109_LF_LIB_consensus_vsearch	3063	G	*/-A	321	7	2.13%	2	1	93	93	0.007563937849782871	1	1	222	99	7	0	-A
C3_BC27_191109_LF_LIB_consensus_vsearch	3083	T	*/-C	316	7	2.15%	2	2	93	93	0.007560114368843736	1	1	225	91	3	4	-C
C3_BC27_191109_LF_LIB_consensus_vsearch	3088	G	*/-A	317	8	2.43%	2	2	93	93	0.0037396690155496095	1	1	220	97	7	1	-A
C3_BC27_191109_LF_LIB_consensus_vsearch	3091	C	*/-T	318	8	2.44%	2	2	93	93	0.0037401748205127794	1	1	220	98	7	1	-T
C3_BC27_191109_LF_LIB_consensus_vsearch	3092	T	*/-A	293	13	4.06%	2	2	93	93	1.0717676315354625E-4	1	1	205	88	12	1	-A
C3_BC27_191109_LF_LIB_consensus_vsearch	3098	C	*/+G	304	7	2.13%	2	1	93	93	0.007550439733141782	1	1	216	88	0	7	+G
C3_BC27_191109_LF_LIB_consensus_vsearch	3098	C	*/-G	304	8	2.44%	2	2	93	93	0.003732801665827003	1	1	216	88	5	3	-G
C3_BC27_191109_LF_LIB_consensus_vsearch	3100	G	*/-C	307	8	2.43%	2	1	93	93	0.003734436213792579	1	1	209	98	8	0	-C
C3_BC27_191109_LF_LIB_consensus_vsearch	3104	T	*/-GC	310	9	2.77%	2	1	93	93	0.0018445599018759912	1	1	215	95	9	0	-GC
C3_BC27_191109_LF_LIB_consensus_vsearch	3106	C	*/-AC	295	12	3.79%	2	1	93	93	2.1880791804495154E-4	1	1	199	96	12	0	-AC
C3_BC27_191109_LF_LIB_consensus_vsearch	3112	C	*/-ACC	315	10	3.04%	2	1	93	93	9.103040047076643E-4	1	1	217	98	10	0	-ACC
C3_BC27_191109_LF_LIB_consensus_vsearch	3113	A	*/-C	295	13	4.11%	2	2	93	93	1.0726924762708005E-4	1	1	204	91	7	6	-C
C3_BC27_191109_LF_LIB_consensus_vsearch	3119	G	*/+A	299	18	5.52%	2	1	93	93	2.976216838381955E-6	1	1	200	99	18	0	+A
C3_BC27_191109_LF_LIB_consensus_vsearch	3120	A	*/-GA	312	7	2.14%	2	2	93	93	0.007556969842859696	1	1	220	92	1	6	-GA
C3_BC27_191109_LF_LIB_consensus_vsearch	3121	G	*/-A	289	25	7.86%	2	1	93	93	1.8126044738365777E-8	1	1	196	93	25	0	-A
C3_BC27_191109_LF_LIB_consensus_vsearch	3127	G	*/-A	291	31	9.42%	2	1	93	93	2.1815381128148943E-10	1	1	194	97	31	0	-A
C3_BC27_191109_LF_LIB_consensus_vsearch	3134	C	*/-A	309	10	3.04%	2	2	93	93	9.090835764411413E-4	1	1	218	91	6	4	-A
C3_BC27_191109_LF_LIB_consensus_vsearch	3149	T	*/+C	246	30	9.29%	2	1	93	93	4.0489502469580457E-10	1	1	153	93	30	0	+C
C3_BC27_191109_LF_LIB_consensus_vsearch	3149	T	*/-C	246	46	14.24%	2	1	93	93	2.0744767858684983E-15	1	1	153	93	46	0	-C
C3_BC27_191109_LF_LIB_consensus_vsearch	3160	T	*/+C	286	9	2.77%	2	2	93	93	0.0018358721342322745	1	1	191	95	8	1	+C
C3_BC27_191109_LF_LIB_consensus_vsearch	3160	T	*/-C	286	25	7.69%	2	1	93	93	1.8035713775447815E-8	1	1	191	95	25	0	-C
C3_BC27_191109_LF_LIB_consensus_vsearch	3168	T	*/+G	300	9	2.8%	2	1	93	93	0.0018411013979868624	1	1	221	79	0	9	+G
C3_BC27_191109_LF_LIB_consensus_vsearch	3169	G	*/+A	309	10	3.09%	2	1	93	93	9.090835764411413E-4	1	1	214	95	10	0	+A
C3_BC27_191109_LF_LIB_consensus_vsearch	3171	T	*/+A	308	12	3.67%	2	1	93	93	2.198018975899724E-4	1	1	214	94	12	0	+A
C3_BC27_191109_LF_LIB_consensus_vsearch	3172	G	*/-A	315	9	2.75%	2	1	93	93	0.0018462103095484167	1	1	217	98	9	0	-A
C3_BC27_191109_LF_LIB_consensus_vsearch	3175	C	*/-T	313	8	2.46%	2	2	93	93	0.0037376146101785516	1	1	224	89	3	5	-T
C3_BC27_191109_LF_LIB_consensus_vsearch	3177	T	*/+C	242	10	3.06%	2	2	93	93	8.916130618494134E-4	1	1	187	55	4	6	+C
C3_BC27_191109_LF_LIB_consensus_vsearch	3177	T	*/-C	242	61	18.65%	2	2	93	93	1.503950395344236E-20	1	1	187	55	31	30	-C
C3_BC27_191109_LF_LIB_consensus_vsearch	3177	T	*/-CC	242	10	3.06%	2	2	93	93	8.916130618494134E-4	1	1	187	55	4	6	-C
C3_BC27_191109_LF_LIB_consensus_vsearch	3186	T	*/+G	298	11	3.35%	2	2	93	93	4.4601480911237004E-4	1	1	208	90	7	4	+G
C3_BC27_191109_LF_LIB_consensus_vsearch	3186	T	*/-G	298	8	2.44%	2	1	93	93	0.00372943747369922	1	1	208	90	8	0	+G
C3_BC27_191109_LF_LIB_consensus_vsearch	3188	A	*/+G	304	8	2.46%	2	1	93	93	0.003732801665827003	1	1	208	96	8	0	+G
C3_BC27_191109_LF_LIB_consensus_vsearch	3191	C	*/-A	309	10	3.08%	2	2	93	93	9.090835764411413E-4	1	1	223	86	3	7	-A
C3_BC27_191109_LF_LIB_consensus_vsearch	3196	T	*/-AA	269	40	12.23%	2	1	93	93	2.3592786724958037E-13	1	1	218	51	0	40	-AA
C3_BC27_191109_LF_LIB_consensus_vsearch	3201	C	*/+A	296	10	3.05%	2	1	93	93	9.062787416320994E-4	1	1	207	89	10	0	+A
C3_BC27_191109_LF_LIB_consensus_vsearch	3208	T	*/-C	307	9	2.77%	2	2	93	93	0.0018435449771731236	1	1	215	92	8	1	-C
C3_BC27_191109_LF_LIB_consensus_vsearch	3210	C	*/-AC	286	36	10.98%	2	2	93	93	5.164470301817939E-12	1	1	189	97	35	1	-AC
C3_BC27_191109_LF_LIB_consensus_vsearch	3218	G	*/-T	302	10	3.05%	2	1	93	93	9.076016973983641E-4	1	1	204	98	10	0	-T
C3_BC27_191109_LF_LIB_consensus_vsearch	3220	T	*/+A	298	26	7.93%	2	1	93	93	8.839276864017204E-9	1	1	200	98	26	0	+A
C3_BC27_191109_LF_LIB_consensus_vsearch	3223	G	*/+C	286	9	2.76%	2	2	93	93	0.0018358721342322745	1	1	195	91	3	6	+C
C3_BC27_191109_LF_LIB_consensus_vsearch	3223	G	*/-C	286	25	7.67%	2	2	93	93	1.8035713775447815E-8	1	1	195	91	24	1	-C
C3_BC27_191109_LF_LIB_consensus_vsearch	3228	T	*/+C	314	8	2.43%	2	2	93	93	0.003738132946844435	1	1	219	95	6	2	+C
C3_BC27_191109_LF_LIB_consensus_vsearch	3228	T	*/-C	314	7	2.13%	2	2	93	93	0.007558551839045116	1	1	219	95	5	2	+C
C3_BC27_191109_LF_LIB_consensus_vsearch	3239	C	*/-T	310	7	2.13%	2	2	93	93	0.007555368014229169	1	1	220	90	2	5	-T
C3_BC27_191109_LF_LIB_consensus_vsearch	3242	T	*/-A	304	9	2.74%	2	2	93	93	0.0018425109022510314	1	1	217	87	6	3	-A
C3_BC27_191109_LF_LIB_consensus_vsearch	3242	T	*/-AA	304	8	2.43%	2	1	93	93	0.003732801665827003	1	1	217	87	0	8	-A
C3_BC27_191109_LF_LIB_consensus_vsearch	3245	G	*/+T	304	8	2.46%	2	1	93	93	0.003732801665827003	1	1	211	93	8	0	+T
C3_BC27_191109_LF_LIB_consensus_vsearch	3245	G	*/-T	304	8	2.46%	2	2	93	93	0.003732801665827003	1	1	211	93	5	3	+T
C3_BC27_191109_LF_LIB_consensus_vsearch	3248	T	*/+C	317	7	2.13%	2	2	93	93	0.007560888445766803	1	1	224	93	4	3	+C
C3_BC27_191109_LF_LIB_consensus_vsearch	3257	C	*/-G	292	15	4.69%	2	1	93	93	2.5614022515475384E-5	1	1	201	91	15	0	-G
C3_BC27_191109_LF_LIB_consensus_vsearch	3263	T	*/-A	311	10	3.07%	2	1	93	93	9.09495348801856E-4	1	1	215	96	10	0	-A
C3_BC27_191109_LF_LIB_consensus_vsearch	3265	C	*/+T	305	7	2.14%	2	1	93	93	0.007551274189551532	1	1	221	84	0	7	+T
C3_BC27_191109_LF_LIB_consensus_vsearch	3266	T	*/+C	192	47	14.73%	2	2	93	93	5.773982794877361E-16	1	1	130	62	40	7	+C
C3_BC27_191109_LF_LIB_consensus_vsearch	3266	T	*/-C	192	70	21.94%	2	2	93	93	4.0849602450387996E-24	1	1	130	62	49	21	-C
C3_BC27_191109_LF_LIB_consensus_vsearch	3273	G	*/-A	308	13	4.02%	2	2	93	93	1.07843520736519E-4	1	1	212	96	12	1	-A
C3_BC27_191109_LF_LIB_consensus_vsearch	3275	G	*/-C	301	18	5.57%	2	2	93	93	2.9809840191285966E-6	1	1	205	96	17	1	-C
C3_BC27_191109_LF_LIB_consensus_vsearch	3278	C	*/+A	287	7	2.13%	2	2	93	93	0.00753539154747985	1	1	192	95	6	1	+A
C3_BC27_191109_LF_LIB_consensus_vsearch	3278	C	*/-A	287	26	7.9%	2	2	93	93	8.671667938045514E-9	1	1	192	95	25	1	-A
C3_BC27_191109_LF_LIB_consensus_vsearch	3285	T	*/+C	273	29	8.9%	2	1	93	93	9.196483441736225E-10	1	1	189	84	29	0	+C
C3_BC27_191109_LF_LIB_consensus_vsearch	3285	T	*/+CC	273	9	2.76%	2	2	93	93	0.0018305595870728112	1	1	189	84	7	2	+C
C3_BC27_191109_LF_LIB_consensus_vsearch	3285	T	*/-C	273	11	3.37%	2	1	93	93	4.424073759112678E-4	1	1	189	84	0	11	-C
C3_BC27_191109_LF_LIB_consensus_vsearch	3287	T	*/+G	300	10	3.09%	2	1	93	93	9.071662784920035E-4	1	1	210	90	10	0	+G
C3_BC27_191109_LF_LIB_consensus_vsearch	3289	A	*/-T	314	9	2.74%	2	2	93	93	0.0018458842535959892	1	1	223	91	2	7	-T
C3_BC27_191109_LF_LIB_consensus_vsearch	3292	T	*/+C	313	7	2.13%	2	1	93	93	0.0075577632969213195	1	1	219	94	7	0	+C
C3_BC27_191109_LF_LIB_consensus_vsearch	3299	G	*/+C	129	178	55.8%	2	2	93	93	1.9051662271723007E-70	1	1	84	45	126	52	+C
C3_BC27_191109_LF_LIB_consensus_vsearch	3302	C	*/+T	309	7	2.13%	2	1	93	93	0.007554559545842425	1	1	221	88	0	7	+T
C3_BC27_191109_LF_LIB_consensus_vsearch	3303	C	*/+A	299	7	2.13%	2	1	93	93	0.007546186192597865	1	1	210	89	7	0	+A
C3_BC27_191109_LF_LIB_consensus_vsearch	3304	G	*/-A	315	7	2.13%	2	1	93	93	0.007559335514723115	1	1	216	99	7	0	-A
C3_BC27_191109_LF_LIB_consensus_vsearch	3317	T	*/+C	307	15	4.6%	2	1	93	93	2.5828774795355858E-5	1	1	212	95	15	0	+C
C3_BC27_191109_LF_LIB_consensus_vsearch	3323	A	*/-C	309	8	2.46%	2	2	93	93	0.0037355089065581964	1	1	214	95	4	4	-C
C3_BC27_191109_LF_LIB_consensus_vsearch	3326	C	*/+A	287	18	5.47%	2	1	93	93	2.946435446441502E-6	1	1	192	95	18	0	+A
C3_BC27_191109_LF_LIB_consensus_vsearch	3326	C	*/-A	287	16	4.86%	2	2	93	93	1.2452418786720173E-5	1	1	192	95	15	1	+A
C3_BC27_191109_LF_LIB_consensus_vsearch	3334	C	*/+AC	303	7	2.19%	2	1	93	93	0.007549599928934281	1	1	214	89	7	0	+AC
C3_BC27_191109_LF_LIB_consensus_vsearch	3335	G	*/+A	301	11	3.44%	2	1	93	93	4.4640995539823236E-4	1	1	206	95	11	0	+A
C3_BC27_191109_LF_LIB_consensus_vsearch	3341	A	*/-T	319	8	2.44%	2	1	93	93	0.0037406775635562078	1	1	228	91	0	8	-T
C3_BC27_191109_LF_LIB_consensus_vsearch	3353	T	*/-G	305	14	4.27%	2	2	93	93	5.2758358495960476E-5	1	1	224	81	2	12	-G
C3_BC27_191109_LF_LIB_consensus_vsearch	3370	C	*/+A	312	7	2.15%	2	1	93	93	0.007556969842859696	1	1	218	94	7	0	+A
C3_BC27_191109_LF_LIB_consensus_vsearch	3378	C	*/-T	277	18	5.49%	2	2	93	93	2.9199631702235337E-6	1	1	188	89	8	10	-T
C3_BC27_191109_LF_LIB_consensus_vsearch	3378	C	*/-TT	277	19	5.79%	2	1	93	93	1.4155151408971827E-6	1	1	188	89	19	0	-TT
C3_BC27_191109_LF_LIB_consensus_vsearch	3384	T	*/+C	133	13	4.13%	2	2	93	93	9.233611874680749E-5	1	1	99	34	11	2	+C
C3_BC27_191109_LF_LIB_consensus_vsearch	3384	T	*/-C	133	142	45.08%	2	2	93	93	2.4370336676268765E-54	1	1	99	34	112	30	-C
C3_BC27_191109_LF_LIB_consensus_vsearch	3384	T	*/-CC	133	20	6.35%	2	2	93	93	4.910938966137517E-7	1	1	99	34	3	17	-C
C3_BC27_191109_LF_LIB_consensus_vsearch	3390	A	*/-C	294	17	5.28%	2	2	93	93	6.094416955360634E-6	1	1	213	81	6	11	-C
C3_BC27_191109_LF_LIB_consensus_vsearch	3391	C	*/+T	291	7	2.27%	2	1	93	93	0.007539085690174033	1	1	220	71	0	7	+T
C3_BC27_191109_LF_LIB_consensus_vsearch	3396	C	*/+A	293	17	5.2%	2	1	93	93	6.089880582399559E-6	1	1	202	91	17	0	+A
C3_BC27_191109_LF_LIB_consensus_vsearch	3398	T	*/+A	303	14	4.27%	2	1	93	93	5.2708811698392864E-5	1	1	208	95	14	0	+A
C3_BC27_191109_LF_LIB_consensus_vsearch	3399	G	*/-CT	287	18	5.56%	2	1	93	93	2.946435446441502E-6	1	1	194	93	18	0	-CT
C3_BC27_191109_LF_LIB_consensus_vsearch	3400	C	*/-TT	284	7	2.3%	2	1	93	93	0.007532554766260561	1	1	193	91	7	0	-TT
C3_BC27_191109_LF_LIB_consensus_vsearch	3412	A	*/-G	311	8	2.45%	2	1	93	93	0.003736568289976167	1	1	213	98	8	0	-G
C3_BC27_191109_LF_LIB_consensus_vsearch	3416	A	*/-C	277	28	8.56%	2	2	93	93	1.9463912763420897E-9	1	1	204	73	9	19	-C
C3_BC27_191109_LF_LIB_consensus_vsearch	3417	C	*/+T	273	16	5.35%	2	1	93	93	1.2327043737182117E-5	1	1	217	56	0	16	+T
C3_BC27_191109_LF_LIB_consensus_vsearch	3418	C	*/+G	300	10	3.06%	2	1	93	93	9.071662784920035E-4	1	1	214	86	10	0	+G
C3_BC27_191109_LF_LIB_consensus_vsearch	3419	C	*/-T	286	22	6.71%	2	2	93	93	1.6164161395091107E-7	1	1	210	76	4	18	-T
C3_BC27_191109_LF_LIB_consensus_vsearch	3419	C	*/-TT	286	12	3.66%	2	1	93	93	2.1807088671943345E-4	1	1	210	76	12	0	-T
C3_BC27_191109_LF_LIB_consensus_vsearch	3430	C	*/-T	289	7	2.15%	2	1	93	93	0.007537251012026753	1	1	208	81	0	7	-T
C3_BC27_191109_LF_LIB_consensus_vsearch	3430	C	*/-TT	289	16	4.91%	2	2	93	93	1.2469462640863311E-5	1	1	208	81	10	6	-TT
C3_BC27_191109_LF_LIB_consensus_vsearch	3433	T	*/-C	312	10	3.05%	2	1	93	93	9.096993569105878E-4	1	1	224	88	0	10	-C
C3_BC27_191109_LF_LIB_consensus_vsearch	3439	T	*/+C	297	27	8.21%	2	1	93	93	4.234894703341525E-9	1	1	199	98	27	0	+C
C3_BC27_191109_LF_LIB_consensus_vsearch	3451	T	*/+G	129	160	49.69%	2	2	93	93	1.9744495243704594E-62	1	1	97	32	108	52	+G
C3_BC27_191109_LF_LIB_consensus_vsearch	3451	T	*/+GG	129	17	5.28%	2	2	93	93	4.655582052507067E-6	1	1	97	32	14	3	+G
C3_BC27_191109_LF_LIB_consensus_vsearch	3459	T	*/-A	299	9	2.76%	2	1	93	93	0.0018407433927905296	1	1	206	93	9	0	-A
C3_BC27_191109_LF_LIB_consensus_vsearch	3460	A	*/-G	258	47	14.78%	2	1	93	93	1.0411336666235092E-15	1	1	164	94	47	0	-G
C3_BC27_191109_LF_LIB_consensus_vsearch	3461	G	*/-A	268	8	2.87%	2	2	93	93	0.003710449152927439	1	1	173	95	6	2	-A
C3_BC27_191109_LF_LIB_consensus_vsearch	3467	C	*/-AC	308	8	2.47%	2	1	93	93	0.0037349742394683326	1	1	214	94	8	0	-AC
C3_BC27_191109_LF_LIB_consensus_vsearch	3468	A	*/-C	295	10	3.14%	2	2	93	93	9.06053300406267E-4	1	1	208	87	1	9	-C
C3_BC27_191109_LF_LIB_consensus_vsearch	3470	C	*/-T	314	8	2.47%	2	2	93	93	0.003738132946844435	1	1	222	92	3	5	-T
C3_BC27_191109_LF_LIB_consensus_vsearch	3475	T	*/+C	280	9	2.75%	2	1	93	93	0.0018334785666112648	1	1	186	94	9	0	+C
C3_BC27_191109_LF_LIB_consensus_vsearch	3475	T	*/-C	280	28	8.56%	2	2	93	93	1.959325734353257E-9	1	1	186	94	26	2	-C
C3_BC27_191109_LF_LIB_consensus_vsearch	3480	A	*/-G	304	21	6.42%	2	1	93	93	3.4155824062753555E-7	1	1	206	98	21	0	-G
C3_BC27_191109_LF_LIB_consensus_vsearch	3481	G	*/-A	256	36	11.69%	2	1	93	93	4.610486761860247E-12	1	1	159	97	36	0	-A
C3_BC27_191109_LF_LIB_consensus_vsearch	3481	G	*/-AG	256	9	2.92%	2	1	93	93	0.0018228405600327687	1	1	159	97	9	0	-A
C3_BC27_191109_LF_LIB_consensus_vsearch	3490	T	*/-G	311	7	2.13%	2	2	93	93	0.007556171430833954	1	1	219	92	5	2	-G
C3_BC27_191109_LF_LIB_consensus_vsearch	3492	G	*/+C	61	233	71.04%	2	2	93	93	9.071879480462343E-107	1	1	32	29	171	62	+C
C3_BC27_191109_LF_LIB_consensus_vsearch	3492	G	*/-C	61	7	2.13%	2	1	93	93	0.006642560599974168	1	1	32	29	7	0	+C
C3_BC27_191109_LF_LIB_consensus_vsearch	3494	C	*/+T	298	10	3.06%	2	2	93	93	9.06725328574049E-4	1	1	208	90	1	9	+T
C3_BC27_191109_LF_LIB_consensus_vsearch	3495	C	*/+G	102	149	45.57%	2	2	93	93	1.4824622396463708E-59	1	1	101	1	85	64	+G
C3_BC27_191109_LF_LIB_consensus_vsearch	3495	C	*/+GA	102	13	3.98%	2	1	93	93	8.526645015441557E-5	1	1	101	1	13	0	+G
C3_BC27_191109_LF_LIB_consensus_vsearch	3495	C	*/+TG	102	21	6.42%	2	1	93	93	1.8765958153190261E-7	1	1	101	1	0	21	+TG
C3_BC27_191109_LF_LIB_consensus_vsearch	3499	A	*/+C	194	12	3.69%	2	2	93	93	2.070433166935576E-4	1	1	123	71	11	1	+C
C3_BC27_191109_LF_LIB_consensus_vsearch	3499	A	*/-C	194	71	21.85%	2	2	93	93	1.8573075351038703E-24	1	1	123	71	51	20	-C
C3_BC27_191109_LF_LIB_consensus_vsearch	3499	A	*/-CC	194	14	4.31%	2	2	93	93	4.868257057911772E-5	1	1	123	71	9	5	-C
C3_BC27_191109_LF_LIB_consensus_vsearch	3499	A	*/-CCC	194	27	8.31%	2	1	93	93	3.1993715785060778E-9	1	1	123	71	27	0	-CCC
C3_BC27_191109_LF_LIB_consensus_vsearch	3500	C	*/+T	194	8	3.7%	2	1	93	93	0.003639898683792886	1	1	134	60	0	8	+T
C3_BC27_191109_LF_LIB_consensus_vsearch	3505	A	*/-TTA	303	12	3.68%	2	1	93	93	2.1942896133169884E-4	1	1	208	95	12	0	-TTA
C3_BC27_191109_LF_LIB_consensus_vsearch	3511	C	*/-A	306	18	5.52%	2	1	93	93	2.992669406308951E-6	1	1	208	98	18	0	-A
C3_BC27_191109_LF_LIB_consensus_vsearch	3527	C	*/+A	310	10	3.07%	2	2	93	93	9.092900924742661E-4	1	1	225	85	1	9	+A
C3_BC27_191109_LF_LIB_consensus_vsearch	3539	C	*/+G	307	13	4%	2	1	93	93	1.078009306652959E-4	1	1	211	96	13	0	+G
C3_BC27_191109_LF_LIB_consensus_vsearch	3540	A	*/-G	304	14	4.29%	2	1	93	93	5.273365888986923E-5	1	1	208	96	14	0	-G
C3_BC27_191109_LF_LIB_consensus_vsearch	3551	T	*/-C	316	11	3.34%	2	1	93	93	4.4827987282311293E-4	1	1	218	98	11	0	-C
C3_BC27_191109_LF_LIB_consensus_vsearch	3563	T	*/-C	303	19	5.78%	2	1	93	93	1.451058318800542E-6	1	1	205	98	19	0	-C
C3_BC27_191109_LF_LIB_consensus_vsearch	3568	G	*/+C	303	7	2.17%	2	1	93	93	0.007549599928934281	1	1	207	96	7	0	+C
C3_BC27_191109_LF_LIB_consensus_vsearch	3578	T	*/+C	315	10	3.05%	2	1	93	93	9.103040047076643E-4	1	1	217	98	10	0	+C
C3_BC27_191109_LF_LIB_consensus_vsearch	3580	A	*/-G	302	7	2.15%	2	2	93	93	0.0075487547253543785	1	1	213	89	1	6	-G
C3_BC27_191109_LF_LIB_consensus_vsearch	3591	T	*/-G	295	27	8.31%	2	1	93	93	4.2194160419413855E-9	1	1	225	70	0	27	-G
C3_BC27_191109_LF_LIB_consensus_vsearch	3593	G	*/+C	309	9	2.74%	2	2	93	93	0.0018442236885128761	1	1	214	95	8	1	+C
C3_BC27_191109_LF_LIB_consensus_vsearch	3594	C	*/+T	307	8	2.48%	2	1	93	93	0.003734436213792579	1	1	221	86	0	8	+T
C3_BC27_191109_LF_LIB_consensus_vsearch	3595	C	*/-T	309	11	3.35%	2	2	93	93	4.4742845820105635E-4	1	1	225	84	2	9	-T
C3_BC27_191109_LF_LIB_consensus_vsearch	3597	A	*/-C	306	11	3.35%	2	1	93	93	4.4705237598098834E-4	1	1	222	84	0	11	-C
C3_BC27_191109_LF_LIB_consensus_vsearch	3598	C	*/+T	303	7	2.22%	2	2	93	93	0.007549599928934281	1	1	223	80	1	6	+T
C3_BC27_191109_LF_LIB_consensus_vsearch	3599	C	*/-TC	303	12	3.67%	2	1	93	93	2.1942896133169884E-4	1	1	223	80	0	12	-TC
C3_BC27_191109_LF_LIB_consensus_vsearch	3600	T	*/+C	294	7	2.26%	2	1	93	93	0.0075417923062006415	1	1	216	78	7	0	+C
C3_BC27_191109_LF_LIB_consensus_vsearch	3601	C	*/-A	293	10	3.21%	2	2	93	93	9.055980531669402E-4	1	1	219	74	6	4	-A
C3_BC27_191109_LF_LIB_consensus_vsearch	3607	C	*/-GC	297	20	6.12%	2	2	93	93	6.999970244252065E-7	1	1	207	90	15	5	-GC
C3_BC27_191109_LF_LIB_consensus_vsearch	3612	A	*/+T	312	8	2.45%	2	2	93	93	0.0037370930678341757	1	1	215	97	7	1	+T
C3_BC27_191109_LF_LIB_consensus_vsearch	3619	C	*/-G	308	8	2.45%	2	1	93	93	0.0037349742394683326	1	1	217	91	8	0	-G
C3_BC27_191109_LF_LIB_consensus_vsearch	3620	G	*/-AG	301	7	2.18%	2	1	93	93	0.007547904070155765	1	1	202	99	7	0	-AG
C3_BC27_191109_LF_LIB_consensus_vsearch	3621	A	*/-G	284	23	7.23%	2	2	93	93	7.771526596335279E-8	1	1	190	94	22	1	-G
C3_BC27_191109_LF_LIB_consensus_vsearch	3624	T	*/-A	285	21	6.48%	2	2	93	93	3.34311986213667E-7	1	1	210	75	5	16	-A
C3_BC27_191109_LF_LIB_consensus_vsearch	3630	A	*/+C	266	9	2.79%	2	1	93	93	0.0018274946683206224	1	1	172	94	9	0	+C
C3_BC27_191109_LF_LIB_consensus_vsearch	3630	A	*/-C	266	32	9.91%	2	2	93	93	9.666021644368738E-11	1	1	172	94	29	3	-C
C3_BC27_191109_LF_LIB_consensus_vsearch	3631	C	*/+T	281	8	2.72%	2	1	93	93	0.003719155811269887	1	1	195	86	0	8	+T
C3_BC27_191109_LF_LIB_consensus_vsearch	3637	G	*/+C	312	7	2.13%	2	1	93	93	0.007556969842859696	1	1	214	98	7	0	+C
C3_BC27_191109_LF_LIB_consensus_vsearch	3637	G	*/-C	312	7	2.13%	2	2	93	93	0.007556969842859696	1	1	214	98	6	1	+C
C3_BC27_191109_LF_LIB_consensus_vsearch	3641	A	*/+C	291	8	2.48%	2	2	93	93	0.003725343850254782	1	1	203	88	4	4	+C
C3_BC27_191109_LF_LIB_consensus_vsearch	3641	A	*/-C	291	11	3.42%	2	2	93	93	4.450631648493715E-4	1	1	203	88	7	4	-C
C3_BC27_191109_LF_LIB_consensus_vsearch	3646	G	*/-T	313	8	2.44%	2	2	93	93	0.0037376146101785516	1	1	218	95	5	3	-T
C3_BC27_191109_LF_LIB_consensus_vsearch	3647	T	*/+G	270	30	9.38%	2	1	93	93	4.3431808580723905E-10	1	1	182	88	30	0	+G
C3_BC27_191109_LF_LIB_consensus_vsearch	3648	G	*/-A	213	67	20.68%	2	1	93	93	7.573839703685239E-23	1	1	115	98	67	0	-A
C3_BC27_191109_LF_LIB_consensus_vsearch	3648	G	*/-AGAA	213	34	10.49%	2	1	93	93	1.7196413147199585E-11	1	1	115	98	34	0	-A
C3_BC27_191109_LF_LIB_consensus_vsearch	3649	A	*/+G	32	14	6.17%	2	2	93	93	1.9038975730384527E-5	1	1	30	2	5	9	+G
C3_BC27_191109_LF_LIB_consensus_vsearch	3649	A	*/+GG	32	89	39.21%	2	2	93	93	2.6014275378771624E-39	1	1	30	2	11	78	+GG
C3_BC27_191109_LF_LIB_consensus_vsearch	3650	G	*/+A	114	111	38.81%	2	2	93	93	4.2853091465166877E-42	1	1	108	6	22	89	+A
C3_BC27_191109_LF_LIB_consensus_vsearch	3650	G	*/+T	114	15	5.24%	2	1	93	93	1.9822908664740166E-5	1	1	108	6	15	0	+A
C3_BC27_191109_LF_LIB_consensus_vsearch	3650	G	*/-A	114	18	6.29%	2	2	93	93	2.0496154722576247E-6	1	1	108	6	17	1	-A
C3_BC27_191109_LF_LIB_consensus_vsearch	3650	G	*/-AA	114	17	5.94%	2	1	93	93	4.382511131739252E-6	1	1	108	6	17	0	-A
C3_BC27_191109_LF_LIB_consensus_vsearch	3652	A	*/-G	226	16	5.78%	2	2	93	93	1.1810307374064424E-5	1	1	131	95	15	1	-G
C3_BC27_191109_LF_LIB_consensus_vsearch	3656	A	+C/+C	26	285	86.89%	2	2	93	93	8.65801255500996E-148	1	1	22	4	193	92	+C
C3_BC27_191109_LF_LIB_consensus_vsearch	3657	C	+G/+G	44	259	80.19%	2	2	93	93	1.5079296661101393E-125	1	1	42	2	176	83	+G
C3_BC27_191109_LF_LIB_consensus_vsearch	3659	G	*/+A	307	16	4.88%	2	2	93	93	1.2614052807041964E-5	1	1	211	96	15	1	+A
C3_BC27_191109_LF_LIB_consensus_vsearch	3671	C	*/+G	263	51	15.55%	2	1	93	93	4.8687036866747504E-17	1	1	165	98	51	0	+G
C3_BC27_191109_LF_LIB_consensus_vsearch	3672	A	*/-G	262	50	15.53%	2	2	93	93	1.0502930714594065E-16	1	1	171	91	46	4	-G
C3_BC27_191109_LF_LIB_consensus_vsearch	3673	G	*/+A	258	8	2.91%	2	1	93	93	0.003703179949352368	1	1	165	93	8	0	+A
C3_BC27_191109_LF_LIB_consensus_vsearch	3675	C	*/-G	288	18	5.59%	2	2	93	93	2.9489973021369604E-6	1	1	213	75	2	16	-G
C3_BC27_191109_LF_LIB_consensus_vsearch	3676	G	*/+A	213	14	4.59%	2	1	93	93	4.9641866600329834E-5	1	1	136	77	14	0	+A
C3_BC27_191109_LF_LIB_consensus_vsearch	3683	T	*/+A	241	26	7.98%	2	1	93	93	7.861968386673213E-9	1	1	160	81	26	0	+A
C3_BC27_191109_LF_LIB_consensus_vsearch	3683	T	*/-A	241	47	14.42%	2	2	93	93	9.200568461055454E-16	1	1	160	81	33	14	-A
C3_BC27_191109_LF_LIB_consensus_vsearch	3685	A	*/-G	244	51	15.69%	2	2	93	93	4.164849254144237E-17	1	1	183	61	25	26	-G
C3_BC27_191109_LF_LIB_consensus_vsearch	3685	A	*/-GG	244	12	3.69%	2	2	93	93	2.1397620289108517E-4	1	1	183	61	7	5	-G
C3_BC27_191109_LF_LIB_consensus_vsearch	3692	C	*/-ACC	306	7	2.14%	2	1	93	93	0.007552103349072626	1	1	212	94	7	0	-ACC
C3_BC27_191109_LF_LIB_consensus_vsearch	3699	G	*/-T	304	9	2.8%	2	1	93	93	0.0018425109022510314	1	1	221	83	0	9	-T
C3_BC27_191109_LF_LIB_consensus_vsearch	3702	A	*/-G	310	7	2.17%	2	2	93	93	0.007555368014229169	1	1	214	96	6	1	-G
C3_BC27_191109_LF_LIB_consensus_vsearch	3704	G	*/-C	277	42	12.77%	2	1	93	93	5.3624676883030476E-14	1	1	180	97	42	0	-C
C3_BC27_191109_LF_LIB_consensus_vsearch	3708	G	*/-C	308	11	3.36%	2	1	93	93	4.4730386165636195E-4	1	1	210	98	11	0	-C
C3_BC27_191109_LF_LIB_consensus_vsearch	3711	C	*/-A	313	8	2.44%	2	1	93	93	0.0037376146101785516	1	1	215	98	8	0	-A
C3_BC27_191109_LF_LIB_consensus_vsearch	3712	A	*/-C	280	18	5.62%	2	2	93	93	2.9280717209573538E-6	1	1	187	93	13	5	-C
C3_BC27_191109_LF_LIB_consensus_vsearch	3713	C	*/+A	66	199	64.4%	2	2	93	93	2.9266326065138386E-88	1	1	56	10	119	80	+A
C3_BC27_191109_LF_LIB_consensus_vsearch	3713	C	*/+G	66	9	2.91%	2	2	93	93	0.0015141650758406918	1	1	56	10	8	1	+A
C3_BC27_191109_LF_LIB_consensus_vsearch	3714	A	*/-G	277	28	8.7%	2	2	93	93	1.9463912763420897E-9	1	1	183	94	27	1	-G
C3_BC27_191109_LF_LIB_consensus_vsearch	3721	G	*/+A	320	7	2.13%	2	1	93	93	0.007563182448808609	1	1	221	99	7	0	+A
C3_BC27_191109_LF_LIB_consensus_vsearch	3724	T	*/+C	312	14	4.26%	2	2	93	93	5.2927231342898746E-5	1	1	218	94	12	2	+C
C3_BC27_191109_LF_LIB_consensus_vsearch	3726	T	*/-A	281	24	7.41%	2	2	93	93	3.7226455151233803E-8	1	1	197	84	22	2	-A
C3_BC27_191109_LF_LIB_consensus_vsearch	3726	T	*/-AA	281	11	3.4%	2	2	93	93	4.436269224033503E-4	1	1	197	84	1	10	-A
C3_BC27_191109_LF_LIB_consensus_vsearch	3733	C	*/-G	311	7	2.15%	2	2	93	93	0.007556171430833954	1	1	220	91	5	2	-G
C3_BC27_191109_LF_LIB_consensus_vsearch	3737	A	*/+C	127	161	49.24%	2	2	93	93	5.188548218825832E-63	1	1	58	69	144	17	+C
C3_BC27_191109_LF_LIB_consensus_vsearch	3737	A	*/+CC	127	7	2.14%	2	2	93	93	0.007209583328966473	1	1	58	69	3	4	+C
C3_BC27_191109_LF_LIB_consensus_vsearch	3737	A	*/+CCC	127	8	2.45%	2	2	93	93	0.0035109866769294975	1	1	58	69	3	5	+CCC
C3_BC27_191109_LF_LIB_consensus_vsearch	3738	C	*/+T	318	7	2.13%	2	2	93	93	0.007561657789302346	1	1	226	92	3	4	+T
C3_BC27_191109_LF_LIB_consensus_vsearch	3739	C	*/+T	287	33	10.03%	2	2	93	93	4.879432360646964E-11	1	1	208	79	18	15	+T
C3_BC27_191109_LF_LIB_consensus_vsearch	3740	C	+TC/+TC	68	249	75.68%	2	2	93	93	2.1308417653213273E-113	1	1	42	26	178	71	+TC
C3_BC27_191109_LF_LIB_consensus_vsearch	3742	A	*/+C	274	9	2.78%	2	1	93	93	0.0018309852711084608	1	1	181	93	9	0	+C
C3_BC27_191109_LF_LIB_consensus_vsearch	3743	C	*/-T	309	12	3.67%	2	2	93	93	2.1987513936562003E-4	1	1	216	93	9	3	-T
C3_BC27_191109_LF_LIB_consensus_vsearch	3745	T	*/-C	306	10	3.06%	2	2	93	93	9.08456353117801E-4	1	1	214	92	5	5	-C
C3_BC27_191109_LF_LIB_consensus_vsearch	3754	C	*/-AC	301	19	5.85%	2	1	93	93	1.4485063191524877E-6	1	1	205	96	19	0	-AC
C3_BC27_191109_LF_LIB_consensus_vsearch	3757	G	*/+T	292	9	2.75%	2	1	93	93	0.0018381718383849181	1	1	194	98	9	0	+T
C3_BC27_191109_LF_LIB_consensus_vsearch	3757	G	*/-T	292	24	7.34%	2	1	93	93	3.7865737599539597E-8	1	1	194	98	24	0	-T
C3_BC27_191109_LF_LIB_consensus_vsearch	3767	C	*/+A	308	13	3.99%	2	1	93	93	1.07843520736519E-4	1	1	224	84	0	13	+A
C3_BC27_191109_LF_LIB_consensus_vsearch	3772	A	*/+T	305	7	2.14%	2	1	93	93	0.007551274189551532	1	1	217	88	0	7	+T
C3_BC27_191109_LF_LIB_consensus_vsearch	3773	C	*/+T	301	7	2.17%	2	1	93	93	0.007547904070155765	1	1	221	80	0	7	+T
C3_BC27_191109_LF_LIB_consensus_vsearch	3773	C	*/-T	301	10	3.1%	2	2	93	93	9.073846728008486E-4	1	1	221	80	3	7	-T
C3_BC27_191109_LF_LIB_consensus_vsearch	3774	T	*/+C	293	12	3.8%	2	1	93	93	2.1864775387895355E-4	1	1	207	86	12	0	+C
C3_BC27_191109_LF_LIB_consensus_vsearch	3775	C	*/-T	309	9	2.79%	2	2	93	93	0.0018442236885128761	1	1	218	91	5	4	-T
C3_BC27_191109_LF_LIB_consensus_vsearch	3787	C	*/-T	296	28	8.59%	2	2	93	93	2.025384423336478E-9	1	1	226	70	1	27	-T
C3_BC27_191109_LF_LIB_consensus_vsearch	3789	T	*/-G	278	46	14.02%	2	2	93	93	2.5460129561158347E-15	1	1	224	54	1	45	-G
C3_BC27_191109_LF_LIB_consensus_vsearch	3791	G	*/-A	298	28	8.51%	2	2	93	93	2.033310469044252E-9	1	1	201	97	27	1	-A
C3_BC27_191109_LF_LIB_consensus_vsearch	3795	T	*/-G	309	10	3.04%	2	2	93	93	9.090835764411413E-4	1	1	219	90	6	4	-G
C3_BC27_191109_LF_LIB_consensus_vsearch	3813	T	*/-G	305	8	2.5%	2	2	93	93	0.0037333499593181136	1	1	215	90	5	3	-G
C3_BC27_191109_LF_LIB_consensus_vsearch	3816	C	*/-A	279	28	8.62%	2	2	93	93	1.9550341958734926E-9	1	1	187	92	27	1	-A
C3_BC27_191109_LF_LIB_consensus_vsearch	3817	A	*/-C	272	7	2.34%	2	2	93	93	0.007520602096545131	1	1	181	91	2	5	-C
C3_BC27_191109_LF_LIB_consensus_vsearch	3826	G	*/-C	304	10	3.04%	2	1	93	93	9.080316886694397E-4	1	1	214	90	10	0	-C
C3_BC27_191109_LF_LIB_consensus_vsearch	3828	C	*/+T	314	8	2.43%	2	2	93	93	0.003738132946844435	1	1	219	95	4	4	+T
C3_BC27_191109_LF_LIB_consensus_vsearch	3829	C	*/-T	313	9	2.74%	2	2	93	93	0.0018455562033137492	1	1	223	90	3	6	-T
C3_BC27_191109_LF_LIB_consensus_vsearch	3830	T	*/+C	135	176	55.17%	2	2	93	93	4.2462615832218043E-69	1	1	129	6	90	86	+C
C3_BC27_191109_LF_LIB_consensus_vsearch	3838	T	*/-C	317	8	2.44%	2	2	93	93	0.0037396690155496095	1	1	223	94	5	3	-C
C3_BC27_191109_LF_LIB_consensus_vsearch	3845	T	*/+C	298	23	7.03%	2	1	93	93	7.923334992444166E-8	1	1	204	94	23	0	+C
C3_BC27_191109_LF_LIB_consensus_vsearch	3856	G	*/+T	141	81	24.92%	2	2	93	93	5.167552485193597E-29	1	1	101	40	28	53	+T
C3_BC27_191109_LF_LIB_consensus_vsearch	3856	G	*/-T	141	88	27.08%	2	2	93	93	9.540607241095099E-32	1	1	101	40	87	1	-T
C3_BC27_191109_LF_LIB_consensus_vsearch	3865	A	*/-T	310	7	2.14%	2	2	93	93	0.007555368014229169	1	1	214	96	6	1	-T
C3_BC27_191109_LF_LIB_consensus_vsearch	3869	C	*/-A	307	10	3.07%	2	1	93	93	9.086667186070912E-4	1	1	223	84	0	10	-A
C3_BC27_191109_LF_LIB_consensus_vsearch	3874	A	*/+G	301	7	2.17%	2	1	93	93	0.007547904070155765	1	1	211	90	0	7	+G
C3_BC27_191109_LF_LIB_consensus_vsearch	3874	A	*/-G	301	7	2.17%	2	2	93	93	0.007547904070155765	1	1	211	90	6	1	+G
C3_BC27_191109_LF_LIB_consensus_vsearch	3877	T	*/+C	313	11	3.35%	2	1	93	93	4.4791936292805796E-4	1	1	216	97	11	0	+C
C3_BC27_191109_LF_LIB_consensus_vsearch	3879	A	*/-CA	291	12	3.73%	2	1	93	93	2.184855536535597E-4	1	1	196	95	12	0	-CA
C3_BC27_191109_LF_LIB_consensus_vsearch	3887	C	*/+A	290	34	10.4%	2	2	93	93	2.3350714734016634E-11	1	1	198	92	29	5	+A
C3_BC27_191109_LF_LIB_consensus_vsearch	3891	C	*/-GC	304	8	2.45%	2	2	93	93	0.003732801665827003	1	1	214	90	4	4	-GC
C3_BC27_191109_LF_LIB_consensus_vsearch	3892	G	*/+C	291	7	2.21%	2	2	93	93	0.007539085690174033	1	1	201	90	6	1	+C
C3_BC27_191109_LF_LIB_consensus_vsearch	3892	G	*/-C	291	9	2.84%	2	2	93	93	0.0018377948376447906	1	1	201	90	8	1	-C
C3_BC27_191109_LF_LIB_consensus_vsearch	3897	A	*/+T	312	10	3.06%	2	1	93	93	9.096993569105878E-4	1	1	214	98	10	0	+T
C3_BC27_191109_LF_LIB_consensus_vsearch	3916	A	*/-C	304	9	2.79%	2	2	93	93	0.0018425109022510314	1	1	219	85	3	6	-C
C3_BC27_191109_LF_LIB_consensus_vsearch	3917	C	*/+T	299	9	2.87%	2	1	93	93	0.0018407433927905296	1	1	222	77	0	9	+T
C3_BC27_191109_LF_LIB_consensus_vsearch	3929	G	*/-C	309	7	2.19%	2	1	93	93	0.007554559545842425	1	1	215	94	7	0	-C
C3_BC27_191109_LF_LIB_consensus_vsearch	3935	T	*/-GG	312	7	2.13%	2	1	93	93	0.007556969842859696	1	1	224	88	0	7	-GG
C3_BC27_191109_LF_LIB_consensus_vsearch	3939	T	*/-A	305	8	2.46%	2	2	93	93	0.0037333499593181136	1	1	220	85	4	4	-A
C3_BC27_191109_LF_LIB_consensus_vsearch	3941	A	*/-T	291	29	8.9%	2	2	93	93	9.586937627997466E-10	1	1	195	96	28	1	-T
C3_BC27_191109_LF_LIB_consensus_vsearch	3948	C	*/-GC	269	45	13.76%	2	2	93	93	5.200985446271105E-15	1	1	186	83	33	12	-GC
C3_BC27_191109_LF_LIB_consensus_vsearch	3954	C	*/-TGC	312	7	2.13%	2	2	93	93	0.007556969842859696	1	1	215	97	6	1	-TGC
C3_BC27_191109_LF_LIB_consensus_vsearch	3956	G	*/-C	300	7	2.2%	2	1	93	93	0.007547047910434978	1	1	204	96	7	0	-C
C3_BC27_191109_LF_LIB_consensus_vsearch	3957	C	*/+G	296	8	2.54%	2	1	93	93	0.003728286891533163	1	1	200	96	8	0	+G
C3_BC27_191109_LF_LIB_consensus_vsearch	3958	C	*/+T	307	12	3.65%	2	2	93	93	2.1972821274353991E-4	1	1	220	87	3	9	+T
C3_BC27_191109_LF_LIB_consensus_vsearch	3960	T	*/-C	298	25	7.6%	2	2	93	93	1.838910653061968E-8	1	1	203	95	22	3	-C
C3_BC27_191109_LF_LIB_consensus_vsearch	3962	C	*/-T	302	9	2.75%	2	2	93	93	0.0018418106106839363	1	1	214	88	3	6	-T
C3_BC27_191109_LF_LIB_consensus_vsearch	3964	T	*/-G	302	9	2.74%	2	1	93	93	0.0018418106106839363	1	1	214	88	0	9	-G
C3_BC27_191109_LF_LIB_consensus_vsearch	3975	G	*/-C	310	10	3.09%	2	1	93	93	9.092900924742661E-4	1	1	214	96	10	0	-C
C3_BC27_191109_LF_LIB_consensus_vsearch	3990	C	*/-T	285	33	10.19%	2	1	93	93	4.851364269694627E-11	1	1	223	62	0	33	-T
C3_BC27_191109_LF_LIB_consensus_vsearch	3995	T	*/-C	261	55	17.19%	2	1	93	93	2.1131502991561575E-18	1	1	168	93	55	0	-C
C3_BC27_191109_LF_LIB_consensus_vsearch	3997	C	*/-G	289	32	9.82%	2	2	93	93	1.032860463049242E-10	1	1	214	75	10	22	-G
C3_BC27_191109_LF_LIB_consensus_vsearch	3999	G	*/-A	319	7	2.13%	2	2	93	93	0.007562422442723779	1	1	223	96	5	2	-A
C3_BC27_191109_LF_LIB_consensus_vsearch	4000	A	*/+G	312	7	2.18%	2	1	93	93	0.007556969842859696	1	1	216	96	7	0	+G
C3_BC27_191109_LF_LIB_consensus_vsearch	4008	T	*/+C	288	27	8.39%	2	1	93	93	4.164091358816954E-9	1	1	199	89	27	0	+C
C3_BC27_191109_LF_LIB_consensus_vsearch	4010	T	*/-A	296	14	4.39%	2	2	93	93	5.253063571102615E-5	1	1	213	83	7	7	-A
C3_BC27_191109_LF_LIB_consensus_vsearch	4014	T	*/+C	235	7	2.13%	2	2	93	93	0.007476349629382664	1	1	175	60	6	1	+C
C3_BC27_191109_LF_LIB_consensus_vsearch	4014	T	*/-C	235	76	23.17%	2	2	93	93	7.073182265685661E-26	1	1	175	60	45	31	-C
C3_BC27_191109_LF_LIB_consensus_vsearch	4014	T	*/-CC	235	8	2.44%	2	2	93	93	0.003684221776127662	1	1	175	60	2	6	-C
C3_BC27_191109_LF_LIB_consensus_vsearch	4022	A	*/-C	275	32	9.97%	2	2	93	93	9.932471429115966E-11	1	1	181	94	29	3	-C
C3_BC27_191109_LF_LIB_consensus_vsearch	4030	T	*/-C	306	14	4.28%	2	1	93	93	5.278291182493335E-5	1	1	209	97	14	0	-C
C3_BC27_191109_LF_LIB_consensus_vsearch	4042	T	*/-C	233	89	27.38%	2	2	93	93	1.3604661906723673E-30	1	1	137	96	86	3	-C
C3_BC27_191109_LF_LIB_consensus_vsearch	4044	C	*/-A	304	16	4.86%	2	2	93	93	1.2591001049517451E-5	1	1	210	94	14	2	-A
C3_BC27_191109_LF_LIB_consensus_vsearch	4066	T	*/+A	302	10	3.05%	2	1	93	93	9.076016973983641E-4	1	1	205	97	10	0	+A
C3_BC27_191109_LF_LIB_consensus_vsearch	4067	A	*/-G	268	24	7.41%	2	2	93	93	3.6421967986537056E-8	1	1	194	74	5	19	-G
C3_BC27_191109_LF_LIB_consensus_vsearch	4069	G	*/+A	283	22	6.77%	2	1	93	93	1.6100210954289388E-7	1	1	190	93	22	0	+A
C3_BC27_191109_LF_LIB_consensus_vsearch	4072	A	*/-G	303	7	2.16%	2	1	93	93	0.007549599928934281	1	1	209	94	7	0	-G
C3_BC27_191109_LF_LIB_consensus_vsearch	4076	A	*/+G	294	8	2.45%	2	2	93	93	0.0037271212392205283	1	1	200	94	7	1	+G
C3_BC27_191109_LF_LIB_consensus_vsearch	4076	A	*/-CT	294	10	3.07%	2	1	93	93	9.058264089278193E-4	1	1	200	94	10	0	-CT
C3_BC27_191109_LF_LIB_consensus_vsearch	4077	C	*/-T	291	8	2.55%	2	2	93	93	0.003725343850254782	1	1	205	86	2	6	-T
C3_BC27_191109_LF_LIB_consensus_vsearch	4077	C	*/-TT	291	10	3.18%	2	2	93	93	9.051368917515764E-4	1	1	205	86	9	1	-TT
C3_BC27_191109_LF_LIB_consensus_vsearch	4080	G	*/-A	310	7	2.17%	2	2	93	93	0.007555368014229169	1	1	219	91	5	2	-A
C3_BC27_191109_LF_LIB_consensus_vsearch	4084	G	*/+A	297	7	2.17%	2	1	93	93	0.007544445864687752	1	1	201	96	7	0	+A
C3_BC27_191109_LF_LIB_consensus_vsearch	4084	G	*/-A	297	9	2.8%	2	1	93	93	0.001840020475434547	1	1	201	96	9	0	-A
C3_BC27_191109_LF_LIB_consensus_vsearch	4086	A	*/-G	314	7	2.17%	2	2	93	93	0.007558551839045116	1	1	218	96	6	1	-G
C3_BC27_191109_LF_LIB_consensus_vsearch	4092	G	*/-C	311	7	2.16%	2	2	93	93	0.007556171430833954	1	1	218	93	5	2	-C
C3_BC27_191109_LF_LIB_consensus_vsearch	4094	C	*/-T	303	10	3.07%	2	2	93	93	9.078173651286913E-4	1	1	219	84	4	6	-T
C3_BC27_191109_LF_LIB_consensus_vsearch	4098	A	*/-G	306	7	2.15%	2	1	93	93	0.007552103349072626	1	1	213	93	7	0	-G
C3_BC27_191109_LF_LIB_consensus_vsearch	4102	G	*/+T	303	9	2.76%	2	2	93	93	0.001842161861056395	1	1	209	94	8	1	+T
C3_BC27_191109_LF_LIB_consensus_vsearch	4102	G	*/-T	303	9	2.76%	2	2	93	93	0.001842161861056395	1	1	209	94	8	1	+T
C3_BC27_191109_LF_LIB_consensus_vsearch	4105	T	*/-G	314	9	2.74%	2	1	93	93	0.0018458842535959892	1	1	228	86	0	9	-G
C3_BC27_191109_LF_LIB_consensus_vsearch	4107	C	*/+A	305	13	3.96%	2	1	93	93	1.0771498192928485E-4	1	1	225	80	0	13	+A
C3_BC27_191109_LF_LIB_consensus_vsearch	4110	T	*/-C	313	11	3.34%	2	1	93	93	4.4791936292805796E-4	1	1	216	97	11	0	-C
C3_BC27_191109_LF_LIB_consensus_vsearch	4127	A	*/+T	303	8	2.46%	2	1	93	93	0.0037322498843562575	1	1	223	80	0	8	+T
C3_BC27_191109_LF_LIB_consensus_vsearch	4128	C	*/+T	290	19	5.92%	2	1	93	93	1.433947847035464E-6	1	1	226	64	0	19	+T
C3_BC27_191109_LF_LIB_consensus_vsearch	4129	T	*/+C	316	7	2.16%	2	2	93	93	0.007560114368843736	1	1	224	92	1	6	+C
C3_BC27_191109_LF_LIB_consensus_vsearch	4135	C	*/-GC	305	18	5.52%	2	2	93	93	2.9903584646824065E-6	1	1	209	96	17	1	-GC
C3_BC27_191109_LF_LIB_consensus_vsearch	4141	C	*/+A	305	9	2.77%	2	1	93	93	0.0018428577550388455	1	1	211	94	9	0	+A
C3_BC27_191109_LF_LIB_consensus_vsearch	4146	A	*/+G	265	11	3.41%	2	2	93	93	4.411194026977277E-4	1	1	182	83	1	10	+G
C3_BC27_191109_LF_LIB_consensus_vsearch	4150	C	*/+G	312	9	2.74%	2	2	93	93	0.001845226140356732	1	1	217	95	8	1	+G
C3_BC27_191109_LF_LIB_consensus_vsearch	4151	G	*/-A	314	11	3.35%	2	1	93	93	4.480402523169095E-4	1	1	215	99	11	0	-A
C3_BC27_191109_LF_LIB_consensus_vsearch	4152	A	*/-G	235	74	23.34%	2	2	93	93	3.654836428062575E-25	1	1	138	97	72	2	-G
C3_BC27_191109_LF_LIB_consensus_vsearch	4154	G	*/+AG	303	7	2.13%	2	1	93	93	0.007549599928934281	1	1	207	96	7	0	+AG
C3_BC27_191109_LF_LIB_consensus_vsearch	4154	G	*/-T	303	7	2.13%	2	2	93	93	0.007549599928934281	1	1	207	96	5	2	+AG
C3_BC27_191109_LF_LIB_consensus_vsearch	4157	T	*/-G	282	41	12.5%	2	2	93	93	1.1726997923775684E-13	1	1	224	58	1	40	-G
C3_BC27_191109_LF_LIB_consensus_vsearch	4161	T	*/+C	304	14	4.31%	2	2	93	93	5.273365888986923E-5	1	1	214	90	13	1	+C
C3_BC27_191109_LF_LIB_consensus_vsearch	4162	C	*/-T	306	7	2.16%	2	2	93	93	0.007552103349072626	1	1	221	85	2	5	-T
C3_BC27_191109_LF_LIB_consensus_vsearch	4163	T	*/-A	296	15	4.73%	2	2	93	93	2.5673185085839507E-5	1	1	210	86	11	4	-A
C3_BC27_191109_LF_LIB_consensus_vsearch	4171	A	*/-CA	299	27	8.23%	2	2	93	93	4.2502309135568665E-9	1	1	203	96	26	1	-CA
C3_BC27_191109_LF_LIB_consensus_vsearch	4179	T	*/-C	300	17	5.25%	2	2	93	93	6.12108596427026E-6	1	1	223	77	1	16	-C
C3_BC27_191109_LF_LIB_consensus_vsearch	4194	T	*/-C	311	9	2.74%	2	2	93	93	0.0018448940461453691	1	1	223	88	2	7	-C
C3_BC27_191109_LF_LIB_consensus_vsearch	4196	G	*/-TG	309	10	3.08%	2	1	93	93	9.090835764411413E-4	1	1	225	84	0	10	-TG
C3_BC27_191109_LF_LIB_consensus_vsearch	4210	T	*/+C	281	13	3.99%	2	2	93	93	1.0659667856220106E-4	1	1	197	84	4	9	+C
C3_BC27_191109_LF_LIB_consensus_vsearch	4210	T	*/-C	281	27	8.28%	2	2	93	93	4.106914083753903E-9	1	1	197	84	26	1	-C
C3_BC27_191109_LF_LIB_consensus_vsearch	4224	C	*/-G	283	20	6.33%	2	2	93	93	6.897347613249669E-7	1	1	192	91	16	4	-G
C3_BC27_191109_LF_LIB_consensus_vsearch	4226	G	*/-C	307	12	3.69%	2	1	93	93	2.1972821274353991E-4	1	1	210	97	12	0	-C
C3_BC27_191109_LF_LIB_consensus_vsearch	4230	T	*/-C	313	10	3.08%	2	1	93	93	9.099021281461609E-4	1	1	215	98	10	0	-C
C3_BC27_191109_LF_LIB_consensus_vsearch	4234	T	*/+A	309	8	2.45%	2	1	93	93	0.0037355089065581964	1	1	211	98	8	0	+A
C3_BC27_191109_LF_LIB_consensus_vsearch	4235	G	*/-TG	304	7	2.18%	2	2	93	93	0.007550439733141782	1	1	211	93	2	5	-TG
C3_BC27_191109_LF_LIB_consensus_vsearch	4248	T	*/+C	315	10	3.06%	2	1	93	93	9.103040047076643E-4	1	1	217	98	10	0	+C
C3_BC27_191109_LF_LIB_consensus_vsearch	4249	C	*/-A	309	8	2.45%	2	2	93	93	0.0037355089065581964	1	1	218	91	3	5	-A
C3_BC27_191109_LF_LIB_consensus_vsearch	4263	C	*/-T	313	8	2.46%	2	2	93	93	0.0037376146101785516	1	1	216	97	7	1	-T
C3_BC27_191109_LF_LIB_consensus_vsearch	4272	T	*/+A	307	9	2.78%	2	2	93	93	0.0018435449771731236	1	1	216	91	8	1	+A
C3_BC27_191109_LF_LIB_consensus_vsearch	4273	G	*/-A	314	7	2.15%	2	2	93	93	0.007558551839045116	1	1	220	94	6	1	-A
C3_BC27_191109_LF_LIB_consensus_vsearch	4285	G	*/+T	292	22	6.77%	2	2	93	93	1.6288989624926974E-7	1	1	215	77	6	16	+T
C3_BC27_191109_LF_LIB_consensus_vsearch	4289	C	*/+T	298	9	2.8%	2	1	93	93	0.0018403830926506065	1	1	224	74	0	9	+T
C3_BC27_191109_LF_LIB_consensus_vsearch	4291	G	*/+T	304	14	4.29%	2	1	93	93	5.273365888986923E-5	1	1	208	96	14	0	+T
C3_BC27_191109_LF_LIB_consensus_vsearch	4296	T	*/-G	303	13	4.01%	2	2	93	93	1.0762799291955982E-4	1	1	220	83	5	8	-G
C3_BC27_191109_LF_LIB_consensus_vsearch	4305	C	*/-T	289	10	3.13%	2	2	93	93	9.046697002188961E-4	1	1	213	76	1	9	-T
C3_BC27_191109_LF_LIB_consensus_vsearch	4308	T	*/-C	305	10	3.08%	2	1	93	93	9.082446805436611E-4	1	1	218	87	0	10	-C
C3_BC27_191109_LF_LIB_consensus_vsearch	4309	C	*/-A	279	22	6.96%	2	1	93	93	1.6013294335550923E-7	1	1	194	85	22	0	-A
C3_BC27_191109_LF_LIB_consensus_vsearch	4312	T	*/+C	308	8	2.52%	2	2	93	93	0.0037349742394683326	1	1	220	88	1	7	+C
C3_BC27_191109_LF_LIB_consensus_vsearch	4326	C	*/+T	289	14	4.32%	2	2	93	93	5.234468312359734E-5	1	1	222	67	2	12	+T
C3_BC27_191109_LF_LIB_consensus_vsearch	4326	C	*/-T	289	18	5.56%	2	2	93	93	2.9515441763103374E-6	1	1	222	67	2	16	-T
C3_BC27_191109_LF_LIB_consensus_vsearch	4340	T	*/-AT	282	8	2.7%	2	2	93	93	0.0037197935969067834	1	1	193	89	5	3	-AT
