Chrom	Position	Ref	Cons	Reads1	Reads2	VarFreq	Strands1	Strands2	Qual1	Qual2	Pvalue	MapQual1	MapQual2	Reads1Plus	Reads1Minus	Reads2Plus	Reads2Minus	VarAllele
C6_BC30_191109_LF_LIB_consensus_vsearch	30	G	R	204	12	5.45%	2	1	93	93	2.0867313373012331E-4	1	1	138	66	12	0	A
C6_BC30_191109_LF_LIB_consensus_vsearch	37	G	R	209	8	3.51%	2	1	93	93	0.003658026926953576	1	1	141	68	8	0	-C
C6_BC30_191109_LF_LIB_consensus_vsearch	59	A	M	206	8	3.64%	2	2	93	93	0.0036546013500883302	1	1	138	68	7	1	C
C6_BC30_191109_LF_LIB_consensus_vsearch	62	G	R	200	13	5.73%	2	2	93	93	1.0108231417166703E-4	1	1	128	72	12	1	A
C6_BC30_191109_LF_LIB_consensus_vsearch	69	G	R	208	14	6.22%	2	1	93	93	4.9404108604884E-5	1	1	138	70	14	0	A
C6_BC30_191109_LF_LIB_consensus_vsearch	80	C	Y	204	13	5.68%	2	1	93	93	1.0144502228683225E-4	1	1	149	55	0	13	T
C6_BC30_191109_LF_LIB_consensus_vsearch	90	A	M	60	9	4.05%	2	2	93	93	0.0014788182357604385	1	1	24	36	8	1	C
C6_BC30_191109_LF_LIB_consensus_vsearch	92	C	Y	207	7	3.07%	2	2	93	93	0.007432788253078562	1	1	148	59	1	6	T
C6_BC30_191109_LF_LIB_consensus_vsearch	97	A	R	212	9	3.95%	2	2	93	93	0.00179747064240055	1	1	144	68	8	1	G
C6_BC30_191109_LF_LIB_consensus_vsearch	98	C	Y	209	7	3.1%	2	1	93	93	0.007436270701269745	1	1	151	58	0	7	T
C6_BC30_191109_LF_LIB_consensus_vsearch	111	G	R	210	10	4.39%	2	2	93	93	8.796295164637225E-4	1	1	141	69	9	1	A
C6_BC30_191109_LF_LIB_consensus_vsearch	114	T	Y	199	7	3.23%	2	2	93	93	0.007418189114685095	1	1	134	65	5	2	C
C6_BC30_191109_LF_LIB_consensus_vsearch	115	T	Y	205	10	4.42%	2	1	93	93	8.774450793915666E-4	1	1	137	68	10	0	C
C6_BC30_191109_LF_LIB_consensus_vsearch	117	A	R	209	8	3.57%	2	1	93	93	0.003658026926953576	1	1	140	69	8	0	G
C6_BC30_191109_LF_LIB_consensus_vsearch	120	C	Y	201	8	3.7%	2	2	93	93	0.003648677074969142	1	1	147	54	2	6	T
C6_BC30_191109_LF_LIB_consensus_vsearch	121	A	R	200	8	3.74%	2	1	93	93	0.003647458600901869	1	1	138	62	8	0	G
C6_BC30_191109_LF_LIB_consensus_vsearch	123	C	Y	206	15	6.64%	2	2	93	93	2.3870469071571428E-5	1	1	148	58	3	12	T
C6_BC30_191109_LF_LIB_consensus_vsearch	135	G	R	209	7	3.2%	2	1	93	93	0.007436270701269745	1	1	139	70	7	0	A
C6_BC30_191109_LF_LIB_consensus_vsearch	141	C	Y	211	7	3.08%	2	2	93	93	0.007439689863414905	1	1	144	67	5	2	T
C6_BC30_191109_LF_LIB_consensus_vsearch	143	G	R	204	13	5.7%	2	1	93	93	1.0144502228683225E-4	1	1	131	73	13	0	A
C6_BC30_191109_LF_LIB_consensus_vsearch	146	T	K	193	7	3.41%	2	1	93	93	0.007406481321433913	1	1	125	68	7	0	G
C6_BC30_191109_LF_LIB_consensus_vsearch	167	C	Y	216	8	3.49%	2	2	93	93	0.003665668526289429	1	1	149	67	2	6	T
C6_BC30_191109_LF_LIB_consensus_vsearch	171	G	K	201	8	3.6%	2	1	93	93	0.003648677074969142	1	1	138	63	8	0	-TG
C6_BC30_191109_LF_LIB_consensus_vsearch	180	C	Y	214	7	3.15%	2	1	93	93	0.007444703667648697	1	1	149	65	0	7	T
C6_BC30_191109_LF_LIB_consensus_vsearch	187	G	R	209	12	5.36%	2	1	93	93	2.0943559915765036E-4	1	1	136	73	12	0	A
C6_BC30_191109_LF_LIB_consensus_vsearch	210	G	R	214	7	3.12%	2	1	93	93	0.007444703667648697	1	1	141	73	7	0	A
C6_BC30_191109_LF_LIB_consensus_vsearch	223	C	Y	215	8	3.54%	2	2	93	93	0.0036646057936482192	1	1	149	66	2	6	T
C6_BC30_191109_LF_LIB_consensus_vsearch	232	T	W	200	16	7.17%	2	1	93	93	1.1438379994950568E-5	1	1	132	68	16	0	A
C6_BC30_191109_LF_LIB_consensus_vsearch	285	G	R	209	9	4.09%	2	1	93	93	0.0017953764342624938	1	1	143	66	9	0	A
C6_BC30_191109_LF_LIB_consensus_vsearch	312	G	R	198	16	7.08%	2	1	93	93	1.1406445395916652E-5	1	1	126	72	16	0	A
C6_BC30_191109_LF_LIB_consensus_vsearch	316	A	R	214	9	3.95%	2	1	93	93	0.0017988361772468277	1	1	141	73	9	0	G
C6_BC30_191109_LF_LIB_consensus_vsearch	352	A	R	197	15	6.91%	2	2	93	93	2.361399232959602E-5	1	1	128	69	14	1	G
C6_BC30_191109_LF_LIB_consensus_vsearch	354	G	R	197	13	6.16%	2	1	93	93	1.0080182645455998E-4	1	1	141	56	13	0	A
C6_BC30_191109_LF_LIB_consensus_vsearch	359	G	R	92	43	30.28%	2	1	93	93	2.097664365052654E-15	1	1	49	43	43	0	A
C6_BC30_191109_LF_LIB_consensus_vsearch	360	G	R	186	37	16.52%	2	1	93	93	1.4276707624694763E-12	1	1	116	70	37	0	A
C6_BC30_191109_LF_LIB_consensus_vsearch	361	G	R	219	8	3.52%	2	1	93	93	0.0036688013849068284	1	1	148	71	8	0	A
C6_BC30_191109_LF_LIB_consensus_vsearch	362	G	R	219	8	3.51%	2	2	93	93	0.0036688013849068284	1	1	148	71	7	1	A
C6_BC30_191109_LF_LIB_consensus_vsearch	369	A	R	218	7	3.07%	2	2	93	93	0.007451182688346346	1	1	146	72	6	1	G
C6_BC30_191109_LF_LIB_consensus_vsearch	376	C	Y	206	13	5.8%	2	1	93	93	1.016217291023551E-4	1	1	147	59	0	13	T
C6_BC30_191109_LF_LIB_consensus_vsearch	385	G	R	213	10	4.46%	2	1	93	93	8.808946039600796E-4	1	1	143	70	10	0	A
C6_BC30_191109_LF_LIB_consensus_vsearch	393	G	R	213	9	3.93%	2	1	93	93	0.0017981564163397133	1	1	140	73	9	0	A
C6_BC30_191109_LF_LIB_consensus_vsearch	412	C	Y	209	14	6.11%	2	1	93	93	4.9452447660699634E-5	1	1	151	58	0	14	T
C6_BC30_191109_LF_LIB_consensus_vsearch	414	T	Y	213	10	4.46%	2	2	93	93	8.808946039600796E-4	1	1	153	60	1	9	C
C6_BC30_191109_LF_LIB_consensus_vsearch	457	C	Y	209	13	5.7%	2	1	93	93	1.0188120004185222E-4	1	1	151	58	0	13	T
C6_BC30_191109_LF_LIB_consensus_vsearch	471	C	Y	215	12	5.24%	2	1	93	93	2.103084529771467E-4	1	1	155	60	0	12	T
C6_BC30_191109_LF_LIB_consensus_vsearch	487	T	K	195	8	3.86%	2	1	93	93	0.003641189182853133	1	1	144	51	0	8	G
C6_BC30_191109_LF_LIB_consensus_vsearch	491	T	Y	205	13	5.83%	2	1	93	93	1.0153375468649412E-4	1	1	156	49	0	13	C
C6_BC30_191109_LF_LIB_consensus_vsearch	495	C	Y	214	11	4.8%	2	1	93	93	4.308403683968055E-4	1	1	154	60	0	11	T
C6_BC30_191109_LF_LIB_consensus_vsearch	517	G	S	198	19	8.48%	2	1	93	93	1.2636778396454046E-6	1	1	127	71	19	0	C
C6_BC30_191109_LF_LIB_consensus_vsearch	529	A	R	209	16	7.05%	2	1	93	93	1.1575814598307718E-5	1	1	137	72	16	0	G
C6_BC30_191109_LF_LIB_consensus_vsearch	541	C	Y	11	62	27.68%	2	2	93	93	3.1587129564217164E-30	1	1	2	9	30	32	T
C6_BC30_191109_LF_LIB_consensus_vsearch	549	G	R	201	21	9.42%	2	1	93	93	2.903578867014327E-7	1	1	134	67	21	0	A
C6_BC30_191109_LF_LIB_consensus_vsearch	579	G	R	148	53	25.6%	2	1	93	93	2.1212428059809994E-18	1	1	76	72	53	0	A
C6_BC30_191109_LF_LIB_consensus_vsearch	592	C	Y	178	33	14.86%	2	1	93	93	2.996425916922213E-11	1	1	145	33	0	33	T
C6_BC30_191109_LF_LIB_consensus_vsearch	595	T	Y	207	11	5%	2	2	93	93	4.2906952287648286E-4	1	1	137	70	10	1	C
C6_BC30_191109_LF_LIB_consensus_vsearch	596	T	Y	198	12	5.36%	2	2	93	93	2.077128545125299E-4	1	1	132	66	11	1	C
C6_BC30_191109_LF_LIB_consensus_vsearch	597	A	R	185	7	3.11%	2	1	93	93	0.007389745092191117	1	1	139	46	7	0	-G
C6_BC30_191109_LF_LIB_consensus_vsearch	603	G	R	199	25	11.06%	2	1	93	93	1.4670068930690744E-8	1	1	127	72	25	0	A
C6_BC30_191109_LF_LIB_consensus_vsearch	624	A	R	206	12	5.24%	2	2	93	93	2.089820970245861E-4	1	1	141	65	9	3	G
C6_BC30_191109_LF_LIB_consensus_vsearch	629	G	R	209	10	4.52%	2	2	93	93	8.792003591123169E-4	1	1	141	68	9	1	A
C6_BC30_191109_LF_LIB_consensus_vsearch	656	A	R	175	13	6.28%	2	1	93	93	9.8491958578274E-5	1	1	106	69	13	0	G
C6_BC30_191109_LF_LIB_consensus_vsearch	658	C	S	204	16	7.27%	2	1	93	93	1.1500698432241858E-5	1	1	131	73	16	0	G
C6_BC30_191109_LF_LIB_consensus_vsearch	665	G	R	207	9	4.13%	2	1	93	93	0.001793948723227531	1	1	137	70	9	0	A
C6_BC30_191109_LF_LIB_consensus_vsearch	667	A	W	205	17	7.52%	2	1	93	93	5.550018768328578E-6	1	1	132	73	17	0	T
C6_BC30_191109_LF_LIB_consensus_vsearch	668	C	Y	166	24	10.48%	2	2	93	93	2.7466857157828378E-8	1	1	100	66	18	6	-G
C6_BC30_191109_LF_LIB_consensus_vsearch	669	G	K	161	7	3.57%	2	1	93	93	0.007330092413737525	1	1	90	71	7	0	-A
C6_BC30_191109_LF_LIB_consensus_vsearch	675	A	R	179	8	4.02%	2	2	93	93	0.0036189151712300786	1	1	116	63	6	2	+T
C6_BC30_191109_LF_LIB_consensus_vsearch	676	T	K	192	21	9.68%	2	1	93	93	2.8402889619972804E-7	1	1	124	68	21	0	G
C6_BC30_191109_LF_LIB_consensus_vsearch	680	C	Y	198	22	9.69%	2	1	93	93	1.3725141667146876E-7	1	1	152	46	0	22	T
C6_BC30_191109_LF_LIB_consensus_vsearch	689	C	S	198	7	3.33%	2	2	93	93	0.007416284922397948	1	1	131	67	6	1	G
C6_BC30_191109_LF_LIB_consensus_vsearch	700	A	R	203	10	4.41%	2	1	93	93	8.765435124402236E-4	1	1	135	68	10	0	G
C6_BC30_191109_LF_LIB_consensus_vsearch	702	G	R	151	21	10.82%	2	2	93	93	2.490345836708065E-7	1	1	123	28	18	3	A
C6_BC30_191109_LF_LIB_consensus_vsearch	702	G	K	151	8	4.12%	2	2	93	93	0.003569381041008898	1	1	123	28	1	7	A
C6_BC30_191109_LF_LIB_consensus_vsearch	703	G	R	173	14	6.14%	2	2	93	93	4.7416220807620975E-5	1	1	143	30	9	5	A
C6_BC30_191109_LF_LIB_consensus_vsearch	703	G	K	173	34	14.91%	2	1	93	93	1.3299593539117835E-11	1	1	143	30	0	34	T
C6_BC30_191109_LF_LIB_consensus_vsearch	704	G	R	182	41	17.9%	2	2	93	93	5.998984462051787E-14	1	1	146	36	5	36	A
C6_BC30_191109_LF_LIB_consensus_vsearch	705	G	R	196	17	7.42%	2	1	93	93	5.472889986979232E-6	1	1	124	72	17	0	A
C6_BC30_191109_LF_LIB_consensus_vsearch	706	C	Y	198	19	8.44%	2	2	93	93	1.2636778396454046E-6	1	1	143	55	1	18	T
C6_BC30_191109_LF_LIB_consensus_vsearch	707	C	Y	187	24	10.53%	2	2	93	93	2.980677010509384E-8	1	1	139	48	1	23	T
C6_BC30_191109_LF_LIB_consensus_vsearch	708	G	R	209	7	3.15%	2	1	93	93	0.007436270701269745	1	1	142	67	7	0	A
C6_BC30_191109_LF_LIB_consensus_vsearch	714	C	Y	189	13	6.31%	2	2	93	93	1.000159835994925E-4	1	1	128	61	2	11	T
C6_BC30_191109_LF_LIB_consensus_vsearch	741	C	M	214	7	3.07%	2	1	93	93	0.007444703667648697	1	1	143	71	7	0	A
C6_BC30_191109_LF_LIB_consensus_vsearch	742	T	Y	211	8	3.57%	2	2	93	93	0.0036602593149509337	1	1	147	64	3	5	C
C6_BC30_191109_LF_LIB_consensus_vsearch	754	C	Y	201	10	4.67%	2	1	93	93	8.756254095238223E-4	1	1	146	55	0	10	T
C6_BC30_191109_LF_LIB_consensus_vsearch	756	C	Y	200	15	6.73%	2	1	93	93	2.3701643162627867E-5	1	1	146	54	0	15	T
C6_BC30_191109_LF_LIB_consensus_vsearch	770	G	R	155	13	5.78%	2	1	93	93	9.591141652373468E-5	1	1	87	68	13	0	+A
C6_BC30_191109_LF_LIB_consensus_vsearch	771	G	R	194	29	12.66%	2	1	93	93	7.038341573869359E-10	1	1	122	72	29	0	A
C6_BC30_191109_LF_LIB_consensus_vsearch	773	A	R	205	15	6.64%	2	2	93	93	2.384291138391124E-5	1	1	136	69	14	1	G
C6_BC30_191109_LF_LIB_consensus_vsearch	779	C	S	216	7	3.1%	2	1	93	93	0.007447971960236055	1	1	147	69	7	0	G
C6_BC30_191109_LF_LIB_consensus_vsearch	780	C	Y	202	10	4.37%	2	1	93	93	8.760865562530377E-4	1	1	147	55	0	10	T
C6_BC30_191109_LF_LIB_consensus_vsearch	796	G	R	176	47	20.89%	2	2	93	93	4.718181606258073E-16	1	1	107	69	46	1	A
C6_BC30_191109_LF_LIB_consensus_vsearch	834	C	Y	211	8	3.56%	2	1	93	93	0.0036602593149509337	1	1	151	60	0	8	T
C6_BC30_191109_LF_LIB_consensus_vsearch	843	A	R	201	22	9.73%	2	1	93	93	1.3832780220374826E-7	1	1	130	71	22	0	G
C6_BC30_191109_LF_LIB_consensus_vsearch	883	A	R	204	8	3.57%	2	1	93	93	0.0036522646351654408	1	1	131	73	8	0	G
C6_BC30_191109_LF_LIB_consensus_vsearch	885	G	R	171	32	15.24%	2	1	93	93	6.182546941726889E-11	1	1	100	71	32	0	A
C6_BC30_191109_LF_LIB_consensus_vsearch	886	G	R	190	27	11.95%	2	1	93	93	3.1466413716423844E-9	1	1	118	72	27	0	A
C6_BC30_191109_LF_LIB_consensus_vsearch	888	C	Y	212	9	3.95%	2	1	93	93	0.00179747064240055	1	1	141	71	9	0	T
C6_BC30_191109_LF_LIB_consensus_vsearch	911	C	S	211	9	4.07%	2	1	93	93	0.0017967787753331713	1	1	138	73	9	0	G
C6_BC30_191109_LF_LIB_consensus_vsearch	914	A	R	213	16	6.99%	2	2	93	93	1.1633794120125217E-5	1	1	141	72	15	1	G
C6_BC30_191109_LF_LIB_consensus_vsearch	931	T	Y	185	7	3.55%	2	2	93	93	0.007389745092191117	1	1	155	30	1	6	C
C6_BC30_191109_LF_LIB_consensus_vsearch	936	A	R	214	7	3.11%	2	2	93	93	0.007444703667648697	1	1	145	69	5	2	G
C6_BC30_191109_LF_LIB_consensus_vsearch	968	G	R	162	61	27.23%	2	1	93	93	3.689738481352686E-21	1	1	92	70	61	0	A
C6_BC30_191109_LF_LIB_consensus_vsearch	996	A	R	158	7	3.95%	2	1	93	93	0.007321431252717009	1	1	87	71	7	0	G
C6_BC30_191109_LF_LIB_consensus_vsearch	997	C	S	160	52	23.74%	2	1	93	93	6.244658071396575E-18	1	1	94	66	52	0	G
C6_BC30_191109_LF_LIB_consensus_vsearch	1010	A	R	207	7	3.21%	2	1	93	93	0.007432788253078562	1	1	134	73	7	0	G
C6_BC30_191109_LF_LIB_consensus_vsearch	1035	G	R	214	11	4.85%	2	1	93	93	4.308403683968055E-4	1	1	141	73	11	0	A
C6_BC30_191109_LF_LIB_consensus_vsearch	1044	C	S	188	8	3.49%	2	2	93	93	0.0036318839680821967	1	1	121	67	4	4	+G
C6_BC30_191109_LF_LIB_consensus_vsearch	1056	G	R	209	11	4.93%	2	1	93	93	4.2958650804029443E-4	1	1	145	64	11	0	A
C6_BC30_191109_LF_LIB_consensus_vsearch	1063	A	R	214	7	3.1%	2	2	93	93	0.007444703667648697	1	1	145	69	6	1	G
C6_BC30_191109_LF_LIB_consensus_vsearch	1065	A	R	168	15	6.64%	2	2	93	93	2.26350367290671E-5	1	1	109	59	14	1	-CA
C6_BC30_191109_LF_LIB_consensus_vsearch	1094	C	Y	219	7	3.06%	2	2	93	93	0.007452766938834958	1	1	147	72	6	1	T
C6_BC30_191109_LF_LIB_consensus_vsearch	1106	C	Y	195	11	4.8%	2	2	93	93	4.2576599996950053E-4	1	1	142	53	5	6	-A
C6_BC30_191109_LF_LIB_consensus_vsearch	1112	G	R	192	18	7.96%	2	2	93	93	2.608089386660468E-6	1	1	126	66	11	7	A
C6_BC30_191109_LF_LIB_consensus_vsearch	1129	A	R	215	7	3.08%	2	1	93	93	0.007446345105805389	1	1	144	71	7	0	G
C6_BC30_191109_LF_LIB_consensus_vsearch	1142	G	R	203	8	3.67%	2	1	93	93	0.0036510799339400076	1	1	134	69	8	0	A
C6_BC30_191109_LF_LIB_consensus_vsearch	1144	T	Y	204	11	5.02%	2	2	93	93	4.2827676494109035E-4	1	1	132	72	10	1	C
C6_BC30_191109_LF_LIB_consensus_vsearch	1157	A	R	216	7	3.06%	2	1	93	93	0.007447971960236055	1	1	143	73	7	0	G
C6_BC30_191109_LF_LIB_consensus_vsearch	1177	G	S	41	10	16.95%	2	2	93	93	5.998683287718721E-4	1	1	31	10	9	1	C
C6_BC30_191109_LF_LIB_consensus_vsearch	1179	G	R	198	8	3.81%	2	1	93	93	0.0036449867501809376	1	1	135	63	8	0	A
C6_BC30_191109_LF_LIB_consensus_vsearch	1181	G	R	220	8	3.49%	2	2	93	93	0.0036698276230520683	1	1	149	71	7	1	A
C6_BC30_191109_LF_LIB_consensus_vsearch	1198	G	R	202	18	8%	2	1	93	93	2.655487106225235E-6	1	1	133	69	18	0	A
C6_BC30_191109_LF_LIB_consensus_vsearch	1206	A	R	209	8	3.54%	2	1	93	93	0.003658026926953576	1	1	141	68	8	0	G
C6_BC30_191109_LF_LIB_consensus_vsearch	1223	A	R	169	14	6.8%	2	2	93	93	4.7145165258180184E-5	1	1	98	71	13	1	-C
C6_BC30_191109_LF_LIB_consensus_vsearch	1224	C	S	183	7	3.59%	2	1	93	93	0.007385343252869138	1	1	115	68	7	0	G
C6_BC30_191109_LF_LIB_consensus_vsearch	1225	C	S	206	16	7.11%	2	1	93	93	1.1531106955580906E-5	1	1	135	71	16	0	G
C6_BC30_191109_LF_LIB_consensus_vsearch	1227	G	R	188	33	14.8%	2	1	93	93	3.2022286467106486E-11	1	1	118	70	33	0	A
C6_BC30_191109_LF_LIB_consensus_vsearch	1242	T	K	195	13	6.22%	2	1	93	93	1.0061064586351875E-4	1	1	126	69	13	0	G
C6_BC30_191109_LF_LIB_consensus_vsearch	1257	C	Y	209	7	3.06%	2	1	93	93	0.007436270701269745	1	1	149	60	0	7	T
C6_BC30_191109_LF_LIB_consensus_vsearch	1261	A	R	209	11	4.91%	2	2	93	93	4.2958650804029443E-4	1	1	139	70	10	1	G
C6_BC30_191109_LF_LIB_consensus_vsearch	1273	C	Y	214	7	3.06%	2	2	93	93	0.007444703667648697	1	1	149	65	4	3	T
C6_BC30_191109_LF_LIB_consensus_vsearch	1274	G	R	215	12	5.29%	2	1	93	93	2.103084529771467E-4	1	1	144	71	12	0	A
C6_BC30_191109_LF_LIB_consensus_vsearch	1286	G	R	216	7	3.12%	2	1	93	93	0.007447971960236055	1	1	145	71	7	0	A
C6_BC30_191109_LF_LIB_consensus_vsearch	1301	G	R	187	19	9.09%	2	1	93	93	1.2349038260840205E-6	1	1	125	62	19	0	A
C6_BC30_191109_LF_LIB_consensus_vsearch	1304	T	Y	213	14	6.11%	2	2	93	93	4.9641866600329834E-5	1	1	152	61	3	11	C
C6_BC30_191109_LF_LIB_consensus_vsearch	1322	G	R	206	16	7.17%	2	1	93	93	1.1531106955580906E-5	1	1	134	72	16	0	A
C6_BC30_191109_LF_LIB_consensus_vsearch	1337	C	Y	205	18	7.86%	2	1	93	93	2.6689977897177195E-6	1	1	150	55	0	18	T
C6_BC30_191109_LF_LIB_consensus_vsearch	1358	G	R	203	14	6.36%	2	1	93	93	4.915625783020227E-5	1	1	140	63	14	0	A
C6_BC30_191109_LF_LIB_consensus_vsearch	1368	C	S	95	60	36.14%	2	2	93	93	6.918652990484376E-22	1	1	82	13	38	22	G
C6_BC30_191109_LF_LIB_consensus_vsearch	1369	C	S	161	44	21.05%	2	2	93	93	4.276086144502725E-15	1	1	125	36	14	30	G
C6_BC30_191109_LF_LIB_consensus_vsearch	1370	C	S	201	15	6.64%	2	2	93	93	2.373037043728608E-5	1	1	138	63	14	1	G
C6_BC30_191109_LF_LIB_consensus_vsearch	1370	C	Y	201	7	3.1%	2	1	93	93	0.007421943123229272	1	1	138	63	0	7	G
C6_BC30_191109_LF_LIB_consensus_vsearch	1377	G	R	203	9	4.21%	2	2	93	93	0.0017910143883990014	1	1	142	61	8	1	A
C6_BC30_191109_LF_LIB_consensus_vsearch	1409	A	R	195	22	9.69%	2	1	93	93	1.3615242091130014E-7	1	1	126	69	22	0	G
C6_BC30_191109_LF_LIB_consensus_vsearch	1417	A	R	215	9	3.95%	2	1	93	93	0.0017995100038167202	1	1	142	73	9	0	G
C6_BC30_191109_LF_LIB_consensus_vsearch	1444	A	R	201	10	4.67%	2	2	93	93	8.756254095238223E-4	1	1	130	71	9	1	G
C6_BC30_191109_LF_LIB_consensus_vsearch	1451	G	R	213	8	3.6%	2	1	93	93	0.0036624519192641563	1	1	146	67	8	0	A
C6_BC30_191109_LF_LIB_consensus_vsearch	1474	T	Y	219	8	3.49%	2	1	93	93	0.0036688013849068284	1	1	154	65	0	8	C
C6_BC30_191109_LF_LIB_consensus_vsearch	1485	C	Y	197	7	3.41%	2	2	93	93	0.007414362253072604	1	1	133	64	1	6	T
C6_BC30_191109_LF_LIB_consensus_vsearch	1492	A	R	203	9	4%	2	1	93	93	0.0017910143883990014	1	1	142	61	9	0	G
C6_BC30_191109_LF_LIB_consensus_vsearch	1504	A	R	209	12	5.33%	2	2	93	93	2.0943559915765036E-4	1	1	143	66	9	3	G
C6_BC30_191109_LF_LIB_consensus_vsearch	1526	G	R	203	20	8.89%	2	2	93	93	6.107459539817822E-7	1	1	134	69	19	1	A
C6_BC30_191109_LF_LIB_consensus_vsearch	1556	T	Y	210	14	6.19%	2	1	93	93	4.950038813942507E-5	1	1	151	59	0	14	C
C6_BC30_191109_LF_LIB_consensus_vsearch	1561	A	R	210	15	6.61%	2	2	93	93	2.3978473096487834E-5	1	1	139	71	14	1	G
C6_BC30_191109_LF_LIB_consensus_vsearch	1563	A	R	172	9	4.07%	2	2	93	93	0.0017639971126793845	1	1	114	58	8	1	-C
C6_BC30_191109_LF_LIB_consensus_vsearch	1567	C	Y	203	16	7.02%	2	1	93	93	1.1485308764863282E-5	1	1	150	53	0	16	T
C6_BC30_191109_LF_LIB_consensus_vsearch	1573	G	R	205	10	4.41%	2	1	93	93	8.774450793915666E-4	1	1	133	72	10	0	A
C6_BC30_191109_LF_LIB_consensus_vsearch	1590	C	Y	209	7	3.14%	2	1	93	93	0.007436270701269745	1	1	143	66	0	7	T
C6_BC30_191109_LF_LIB_consensus_vsearch	1592	T	Y	211	7	3.07%	2	2	93	93	0.007439689863414905	1	1	140	71	5	2	C
C6_BC30_191109_LF_LIB_consensus_vsearch	1598	T	Y	191	8	3.83%	2	2	93	93	0.0036359507017874977	1	1	139	52	2	6	C
C6_BC30_191109_LF_LIB_consensus_vsearch	1612	T	Y	191	8	3.52%	2	2	93	93	0.0036359507017874977	1	1	128	63	2	6	-C
C6_BC30_191109_LF_LIB_consensus_vsearch	1651	G	R	202	18	8.11%	2	1	93	93	2.655487106225235E-6	1	1	135	67	18	0	A
C6_BC30_191109_LF_LIB_consensus_vsearch	1658	A	R	205	10	4.52%	2	2	93	93	8.774450793915666E-4	1	1	135	70	8	2	G
C6_BC30_191109_LF_LIB_consensus_vsearch	1667	C	Y	211	10	4.44%	2	1	93	93	8.800549103686053E-4	1	1	139	72	10	0	T
C6_BC30_191109_LF_LIB_consensus_vsearch	1669	A	R	216	10	4.39%	2	1	93	93	8.821271222096345E-4	1	1	144	72	10	0	G
C6_BC30_191109_LF_LIB_consensus_vsearch	1682	A	R	218	10	4.37%	2	2	93	93	8.829313223014774E-4	1	1	146	72	9	1	G
C6_BC30_191109_LF_LIB_consensus_vsearch	1741	A	R	207	9	3.95%	2	1	93	93	0.001793948723227531	1	1	137	70	9	0	G
C6_BC30_191109_LF_LIB_consensus_vsearch	1743	T	Y	206	12	5.48%	2	2	93	93	2.089820970245861E-4	1	1	139	67	11	1	C
C6_BC30_191109_LF_LIB_consensus_vsearch	1744	T	Y	204	7	3.11%	2	2	93	93	0.007427442022474603	1	1	138	66	5	2	C
C6_BC30_191109_LF_LIB_consensus_vsearch	1745	G	R	205	7	3.17%	2	1	93	93	0.0074292407456773525	1	1	134	71	7	0	A
C6_BC30_191109_LF_LIB_consensus_vsearch	1764	A	R	212	14	6.17%	2	1	93	93	4.9595092839070994E-5	1	1	139	73	14	0	G
C6_BC30_191109_LF_LIB_consensus_vsearch	1773	A	R	197	29	12.78%	2	2	93	93	7.136208771491052E-10	1	1	127	70	27	2	G
C6_BC30_191109_LF_LIB_consensus_vsearch	1790	A	R	219	7	3.07%	2	1	93	93	0.007452766938834958	1	1	147	72	7	0	G
C6_BC30_191109_LF_LIB_consensus_vsearch	1845	A	R	199	10	4.42%	2	2	93	93	8.746903119674215E-4	1	1	132	67	8	2	-G
C6_BC30_191109_LF_LIB_consensus_vsearch	1859	A	R	180	29	12.83%	2	2	93	93	6.561968160395861E-10	1	1	112	68	28	1	G
C6_BC30_191109_LF_LIB_consensus_vsearch	1862	G	R	185	24	11.37%	2	1	93	93	2.9597819574977793E-8	1	1	124	61	24	0	A
C6_BC30_191109_LF_LIB_consensus_vsearch	1865	G	R	193	20	9.13%	2	1	93	93	5.974908386377013E-7	1	1	122	71	20	0	A
C6_BC30_191109_LF_LIB_consensus_vsearch	1872	A	R	188	20	9.26%	2	1	93	93	5.904806231127145E-7	1	1	122	66	20	0	G
C6_BC30_191109_LF_LIB_consensus_vsearch	1874	G	R	186	15	7.43%	2	1	93	93	2.3272499024923496E-5	1	1	138	48	15	0	A
C6_BC30_191109_LF_LIB_consensus_vsearch	1886	C	Y	204	11	4.82%	2	2	93	93	4.2827676494109035E-4	1	1	153	51	1	10	T
C6_BC30_191109_LF_LIB_consensus_vsearch	1903	C	Y	202	7	3.33%	2	1	93	93	0.007423793454516522	1	1	129	73	7	0	T
C6_BC30_191109_LF_LIB_consensus_vsearch	1915	A	R	211	9	3.98%	2	2	93	93	0.0017967787753331713	1	1	146	65	4	5	G
C6_BC30_191109_LF_LIB_consensus_vsearch	1923	G	R	193	15	7.11%	2	1	93	93	2.349357883668848E-5	1	1	138	55	15	0	A
C6_BC30_191109_LF_LIB_consensus_vsearch	1948	T	Y	213	7	3.08%	2	2	93	93	0.007443047448823043	1	1	147	66	2	5	C
C6_BC30_191109_LF_LIB_consensus_vsearch	1952	G	K	216	8	3.56%	2	1	93	93	0.003665668526289429	1	1	144	72	8	0	T
C6_BC30_191109_LF_LIB_consensus_vsearch	1956	A	R	199	10	4.5%	2	1	93	93	8.746903119674215E-4	1	1	137	62	10	0	G
C6_BC30_191109_LF_LIB_consensus_vsearch	1957	C	Y	197	20	8.97%	2	2	93	93	6.029113548186886E-7	1	1	143	54	4	16	T
C6_BC30_191109_LF_LIB_consensus_vsearch	1959	A	R	208	8	3.56%	2	1	93	93	0.0036568954742723925	1	1	142	66	8	0	G
C6_BC30_191109_LF_LIB_consensus_vsearch	1968	G	R	206	8	3.65%	2	2	93	93	0.0036546013500883302	1	1	137	69	7	1	A
C6_BC30_191109_LF_LIB_consensus_vsearch	1971	G	R	213	9	3.98%	2	1	93	93	0.0017981564163397133	1	1	140	73	9	0	A
C6_BC30_191109_LF_LIB_consensus_vsearch	1980	C	Y	217	7	3.07%	2	1	93	93	0.007449584424390529	1	1	153	64	0	7	T
C6_BC30_191109_LF_LIB_consensus_vsearch	1992	A	R	199	15	6.94%	2	1	93	93	2.3672673108116326E-5	1	1	129	70	15	0	G
C6_BC30_191109_LF_LIB_consensus_vsearch	1996	T	Y	204	9	4%	2	2	93	93	0.0017917580621936403	1	1	138	66	8	1	C
C6_BC30_191109_LF_LIB_consensus_vsearch	2043	T	Y	209	9	4.09%	2	2	93	93	0.0017953764342624938	1	1	150	59	2	7	C
C6_BC30_191109_LF_LIB_consensus_vsearch	2071	T	Y	211	7	3.12%	2	1	93	93	0.007439689863414905	1	1	142	69	7	0	C
C6_BC30_191109_LF_LIB_consensus_vsearch	2081	G	R	198	12	5.48%	2	1	93	93	2.077128545125299E-4	1	1	138	60	12	0	A
C6_BC30_191109_LF_LIB_consensus_vsearch	2090	C	Y	184	8	3.49%	2	2	93	93	0.0036262674855563662	1	1	119	65	1	7	-AC
C6_BC30_191109_LF_LIB_consensus_vsearch	2093	C	S	189	30	13.57%	2	1	93	93	3.207970213967378E-10	1	1	117	72	30	0	G
C6_BC30_191109_LF_LIB_consensus_vsearch	2094	C	Y	216	10	4.41%	2	2	93	93	8.821271222096345E-4	1	1	146	70	8	2	T
C6_BC30_191109_LF_LIB_consensus_vsearch	2100	A	R	217	8	3.54%	2	2	93	93	0.0036667219549938834	1	1	145	72	7	1	G
C6_BC30_191109_LF_LIB_consensus_vsearch	2111	A	R	210	8	3.54%	2	1	93	93	0.0036591481612605	1	1	139	71	8	0	G
C6_BC30_191109_LF_LIB_consensus_vsearch	2112	T	Y	205	10	4.48%	2	2	93	93	8.774450793915666E-4	1	1	138	67	9	1	C
C6_BC30_191109_LF_LIB_consensus_vsearch	2133	G	R	215	7	3.08%	2	1	93	93	0.007446345105805389	1	1	146	69	7	0	A
C6_BC30_191109_LF_LIB_consensus_vsearch	2135	A	R	201	9	4.09%	2	1	93	93	0.0017895062981052791	1	1	131	70	9	0	G
C6_BC30_191109_LF_LIB_consensus_vsearch	2136	A	R	208	12	5.24%	2	1	93	93	2.0928573468617033E-4	1	1	140	68	12	0	G
C6_BC30_191109_LF_LIB_consensus_vsearch	2138	G	R	137	58	28.71%	2	1	93	93	2.3459025300110396E-20	1	1	93	44	58	0	A
C6_BC30_191109_LF_LIB_consensus_vsearch	2143	T	Y	188	9	4.5%	2	2	93	93	0.0017789762439091002	1	1	137	51	1	8	C
C6_BC30_191109_LF_LIB_consensus_vsearch	2144	T	Y	211	14	6.17%	2	1	93	93	4.9547934929218304E-5	1	1	153	58	0	14	C
C6_BC30_191109_LF_LIB_consensus_vsearch	2147	C	Y	208	7	3.2%	2	2	93	93	0.007434537497224064	1	1	145	63	3	4	T
C6_BC30_191109_LF_LIB_consensus_vsearch	2148	C	Y	183	26	11.56%	2	2	93	93	6.506695717774377E-9	1	1	139	44	3	23	T
C6_BC30_191109_LF_LIB_consensus_vsearch	2164	G	R	203	12	5.5%	2	1	93	93	2.0851661109317314E-4	1	1	132	71	12	0	A
C6_BC30_191109_LF_LIB_consensus_vsearch	2192	A	R	206	8	3.51%	2	2	93	93	0.0036546013500883302	1	1	136	70	7	1	G
C6_BC30_191109_LF_LIB_consensus_vsearch	2194	G	R	197	9	4.21%	2	1	93	93	0.0017864043973660122	1	1	133	64	9	0	A
C6_BC30_191109_LF_LIB_consensus_vsearch	2227	T	Y	212	7	3.07%	2	2	93	93	0.00744137624879223	1	1	148	64	1	6	C
C6_BC30_191109_LF_LIB_consensus_vsearch	2261	T	Y	201	17	7.56%	2	2	93	93	5.516424489829313E-6	1	1	151	50	1	16	C
C6_BC30_191109_LF_LIB_consensus_vsearch	2284	C	Y	221	8	3.49%	2	2	93	93	0.003670845031231652	1	1	155	66	1	7	T
C6_BC30_191109_LF_LIB_consensus_vsearch	2289	A	R	212	16	7.02%	2	1	93	93	1.1619469874592578E-5	1	1	139	73	16	0	G
C6_BC30_191109_LF_LIB_consensus_vsearch	2309	T	Y	200	8	3.65%	2	2	93	93	0.003647458600901869	1	1	142	58	1	7	C
C6_BC30_191109_LF_LIB_consensus_vsearch	2320	G	R	215	7	3.08%	2	1	93	93	0.007446345105805389	1	1	143	72	7	0	A
C6_BC30_191109_LF_LIB_consensus_vsearch	2328	C	Y	201	14	6.45%	2	1	93	93	4.905414704302361E-5	1	1	153	48	0	14	T
C6_BC30_191109_LF_LIB_consensus_vsearch	2329	C	Y	209	14	6.14%	2	1	93	93	4.9452447660699634E-5	1	1	153	56	0	14	T
C6_BC30_191109_LF_LIB_consensus_vsearch	2357	C	Y	214	8	3.57%	2	2	93	93	0.003663533633296164	1	1	148	66	3	5	T
C6_BC30_191109_LF_LIB_consensus_vsearch	2361	G	R	214	9	3.98%	2	1	93	93	0.0017988361772468277	1	1	142	72	9	0	A
C6_BC30_191109_LF_LIB_consensus_vsearch	2426	G	R	212	13	5.73%	2	2	93	93	1.0213418662308634E-4	1	1	143	69	12	1	A
C6_BC30_191109_LF_LIB_consensus_vsearch	2440	C	M	130	10	4.37%	2	2	93	93	8.268692705650911E-4	1	1	120	10	1	9	-A
C6_BC30_191109_LF_LIB_consensus_vsearch	2448	G	R	215	9	3.96%	2	1	93	93	0.0017995100038167202	1	1	144	71	9	0	A
C6_BC30_191109_LF_LIB_consensus_vsearch	2449	G	K	220	7	3.06%	2	1	93	93	0.007454337359329176	1	1	148	72	7	0	T
C6_BC30_191109_LF_LIB_consensus_vsearch	2451	G	R	206	8	3.65%	2	2	93	93	0.0036546013500883302	1	1	145	61	6	2	A
C6_BC30_191109_LF_LIB_consensus_vsearch	2520	C	M	217	7	3.1%	2	1	93	93	0.007449584424390529	1	1	144	73	7	0	A
C6_BC30_191109_LF_LIB_consensus_vsearch	2568	A	R	219	7	3.1%	2	1	93	93	0.007452766938834958	1	1	146	73	7	0	G
C6_BC30_191109_LF_LIB_consensus_vsearch	2607	C	Y	213	7	3.07%	2	1	93	93	0.007443047448823043	1	1	151	62	0	7	T
C6_BC30_191109_LF_LIB_consensus_vsearch	2619	C	S	203	24	10.48%	2	2	93	93	3.138407982158825E-8	1	1	131	72	23	1	G
C6_BC30_191109_LF_LIB_consensus_vsearch	2626	C	Y	213	14	6.11%	2	2	93	93	4.9641866600329834E-5	1	1	153	60	1	13	T
C6_BC30_191109_LF_LIB_consensus_vsearch	2666	A	R	211	9	4.09%	2	1	93	93	0.0017967787753331713	1	1	138	73	9	0	G
C6_BC30_191109_LF_LIB_consensus_vsearch	2667	A	R	202	10	4.41%	2	1	93	93	8.760865562530377E-4	1	1	130	72	10	0	-C
C6_BC30_191109_LF_LIB_consensus_vsearch	2670	C	Y	185	31	13.66%	2	2	93	93	1.4608479492410707E-10	1	1	143	42	5	26	T
C6_BC30_191109_LF_LIB_consensus_vsearch	2684	A	R	182	22	9.78%	2	1	93	93	1.3111161759501132E-7	1	1	121	61	22	0	G
C6_BC30_191109_LF_LIB_consensus_vsearch	2688	C	Y	216	8	3.51%	2	2	93	93	0.003665668526289429	1	1	152	64	1	7	T
C6_BC30_191109_LF_LIB_consensus_vsearch	2691	G	R	196	8	3.86%	2	2	93	93	0.0036424672415343016	1	1	139	57	7	1	A
C6_BC30_191109_LF_LIB_consensus_vsearch	2709	G	K	202	21	9.21%	2	2	93	93	2.9103621750809095E-7	1	1	153	49	1	20	T
C6_BC30_191109_LF_LIB_consensus_vsearch	2711	T	K	188	12	5.66%	2	1	93	93	2.059916701724999E-4	1	1	149	39	0	12	G
C6_BC30_191109_LF_LIB_consensus_vsearch	2713	C	Y	178	31	13.6%	2	1	93	93	1.4008070795315016E-10	1	1	153	25	0	31	T
C6_BC30_191109_LF_LIB_consensus_vsearch	2741	A	R	174	35	15.7%	2	1	93	93	6.155057147631404E-12	1	1	106	68	35	0	G
C6_BC30_191109_LF_LIB_consensus_vsearch	2744	A	R	163	18	9.73%	2	2	93	93	2.446232980840583E-6	1	1	96	67	13	5	G
C6_BC30_191109_LF_LIB_consensus_vsearch	2746	A	R	24	7	9.09%	2	2	93	93	0.005346879981282025	1	1	22	2	3	4	-GG
C6_BC30_191109_LF_LIB_consensus_vsearch	2747	G	K	170	13	7.03%	2	2	93	93	9.789554903605308E-5	1	1	104	66	11	2	T
C6_BC30_191109_LF_LIB_consensus_vsearch	2748	G	R	16	49	25.65%	2	2	93	93	3.533704629169903E-22	1	1	13	3	39	10	A
C6_BC30_191109_LF_LIB_consensus_vsearch	2750	G	R	190	17	7.52%	2	2	93	93	5.4182475667478395E-6	1	1	132	58	11	6	A
C6_BC30_191109_LF_LIB_consensus_vsearch	2759	G	K	197	9	4.29%	2	1	93	93	0.0017864043973660122	1	1	151	46	0	9	T
C6_BC30_191109_LF_LIB_consensus_vsearch	2764	G	S	127	20	8.85%	2	2	93	93	4.770274331432331E-7	1	1	107	20	11	9	+C
C6_BC30_191109_LF_LIB_consensus_vsearch	2765	C	Y	204	8	3.54%	2	2	93	93	0.0036522646351654408	1	1	150	54	4	4	+TC
C6_BC30_191109_LF_LIB_consensus_vsearch	2766	C	Y	203	13	5.73%	2	2	93	93	1.0135552209744578E-4	1	1	143	60	8	5	T
C6_BC30_191109_LF_LIB_consensus_vsearch	2770	C	Y	191	28	12.33%	2	2	93	93	1.4823492013779318E-9	1	1	145	46	5	23	T
C6_BC30_191109_LF_LIB_consensus_vsearch	2798	G	R	214	9	4.02%	2	1	93	93	0.0017988361772468277	1	1	144	70	9	0	A
C6_BC30_191109_LF_LIB_consensus_vsearch	2816	A	R	197	10	4.39%	2	1	93	93	8.737377439902802E-4	1	1	127	70	10	0	-G
C6_BC30_191109_LF_LIB_consensus_vsearch	2830	G	S	217	9	3.93%	2	1	93	93	0.0018008401619304512	1	1	144	73	9	0	C
C6_BC30_191109_LF_LIB_consensus_vsearch	2842	A	R	210	14	6.11%	2	2	93	93	4.950038813942507E-5	1	1	140	70	12	2	G
C6_BC30_191109_LF_LIB_consensus_vsearch	2853	G	R	206	7	3.08%	2	1	93	93	0.007431022745174962	1	1	136	70	7	0	A
C6_BC30_191109_LF_LIB_consensus_vsearch	2853	G	K	206	7	3.08%	2	1	93	93	0.007431022745174962	1	1	136	70	7	0	A
C6_BC30_191109_LF_LIB_consensus_vsearch	2865	A	R	213	7	3.15%	2	2	93	93	0.007443047448823043	1	1	141	72	6	1	G
C6_BC30_191109_LF_LIB_consensus_vsearch	2879	A	R	217	8	3.52%	2	1	93	93	0.0036667219549938834	1	1	145	72	8	0	G
C6_BC30_191109_LF_LIB_consensus_vsearch	2900	G	R	209	7	3.23%	2	1	93	93	0.007436270701269745	1	1	146	63	7	0	A
C6_BC30_191109_LF_LIB_consensus_vsearch	2913	T	Y	213	10	4.41%	2	2	93	93	8.808946039600796E-4	1	1	151	62	1	9	C
C6_BC30_191109_LF_LIB_consensus_vsearch	2919	G	R	208	11	4.98%	2	1	93	93	4.293291473235971E-4	1	1	138	70	11	0	A
C6_BC30_191109_LF_LIB_consensus_vsearch	2920	G	R	194	17	7.49%	2	1	93	93	5.454975141743846E-6	1	1	125	69	17	0	A
C6_BC30_191109_LF_LIB_consensus_vsearch	2926	A	R	213	9	3.95%	2	2	93	93	0.0017981564163397133	1	1	144	69	8	1	G
C6_BC30_191109_LF_LIB_consensus_vsearch	2928	G	R	155	55	25.7%	2	1	93	93	4.701643053316646E-19	1	1	84	71	55	0	A
C6_BC30_191109_LF_LIB_consensus_vsearch	2929	G	R	190	8	3.56%	2	1	93	93	0.003634608580377523	1	1	118	72	8	0	-C
C6_BC30_191109_LF_LIB_consensus_vsearch	2931	C	Y	203	16	7.05%	2	2	93	93	1.1485308764863282E-5	1	1	145	58	6	10	T
C6_BC30_191109_LF_LIB_consensus_vsearch	2947	C	S	206	9	4.04%	2	1	93	93	0.001793225137980622	1	1	138	68	9	0	G
C6_BC30_191109_LF_LIB_consensus_vsearch	2951	G	R	209	12	5.31%	2	1	93	93	2.0943559915765036E-4	1	1	138	71	12	0	A
C6_BC30_191109_LF_LIB_consensus_vsearch	2968	A	R	209	7	3.15%	2	1	93	93	0.007436270701269745	1	1	143	66	7	0	G
C6_BC30_191109_LF_LIB_consensus_vsearch	2982	C	Y	175	40	17.47%	2	2	93	93	1.229814589843268E-13	1	1	107	68	37	3	T
C6_BC30_191109_LF_LIB_consensus_vsearch	2984	A	M	218	7	3.06%	2	2	93	93	0.007451182688346346	1	1	148	70	5	2	C
C6_BC30_191109_LF_LIB_consensus_vsearch	2987	G	R	159	17	7.49%	2	1	93	93	5.085944969025747E-6	1	1	89	70	17	0	+A
C6_BC30_191109_LF_LIB_consensus_vsearch	2988	G	R	196	27	11.79%	2	2	93	93	3.2252988485898974E-9	1	1	126	70	26	1	A
C6_BC30_191109_LF_LIB_consensus_vsearch	3026	A	R	217	7	3.08%	2	1	93	93	0.007449584424390529	1	1	146	71	7	0	G
C6_BC30_191109_LF_LIB_consensus_vsearch	3029	A	R	45	13	5.8%	1	1	93	93	5.734880602000232E-5	1	1	45	0	13	0	+G
C6_BC30_191109_LF_LIB_consensus_vsearch	3030	G	R	210	8	3.54%	2	1	93	93	0.0036591481612605	1	1	138	72	8	0	A
C6_BC30_191109_LF_LIB_consensus_vsearch	3091	C	Y	206	13	5.86%	2	1	93	93	1.016217291023551E-4	1	1	136	70	13	0	T
C6_BC30_191109_LF_LIB_consensus_vsearch	3092	A	R	193	14	6.36%	2	1	93	93	4.862760706844154E-5	1	1	134	59	14	0	G
C6_BC30_191109_LF_LIB_consensus_vsearch	3100	C	S	218	8	3.52%	2	2	93	93	0.003667766201363899	1	1	147	71	7	1	G
C6_BC30_191109_LF_LIB_consensus_vsearch	3101	C	Y	197	23	10.09%	2	1	93	93	6.501382894958495E-8	1	1	150	47	0	23	T
C6_BC30_191109_LF_LIB_consensus_vsearch	3104	G	R	212	8	3.51%	2	2	93	93	0.003661360523321731	1	1	145	67	7	1	A
C6_BC30_191109_LF_LIB_consensus_vsearch	3112	G	R	207	7	3.06%	2	1	93	93	0.007432788253078562	1	1	135	72	7	0	-C
C6_BC30_191109_LF_LIB_consensus_vsearch	3115	A	R	169	8	4.42%	2	1	93	93	0.0036029884966937457	1	1	99	70	8	0	G
C6_BC30_191109_LF_LIB_consensus_vsearch	3119	G	R	173	28	12.28%	2	2	93	93	1.3564785577282461E-9	1	1	122	51	11	17	A
C6_BC30_191109_LF_LIB_consensus_vsearch	3123	A	R	23	17	12.5%	2	2	93	93	8.742987159517929E-7	1	1	22	1	16	1	+G
C6_BC30_191109_LF_LIB_consensus_vsearch	3124	C	S	170	42	19.53%	2	2	93	93	2.3835636359723702E-14	1	1	101	69	41	1	G
C6_BC30_191109_LF_LIB_consensus_vsearch	3130	G	R	207	10	4.57%	2	2	93	93	8.783305527122537E-4	1	1	143	64	9	1	A
C6_BC30_191109_LF_LIB_consensus_vsearch	3131	G	R	219	7	3.07%	2	2	93	93	0.007452766938834958	1	1	153	66	2	5	A
C6_BC30_191109_LF_LIB_consensus_vsearch	3135	C	Y	214	9	4.02%	2	2	93	93	0.0017988361772468277	1	1	152	62	1	8	T
C6_BC30_191109_LF_LIB_consensus_vsearch	3143	T	Y	178	9	4.13%	2	2	93	93	0.0017699066001378024	1	1	122	56	5	4	+A
C6_BC30_191109_LF_LIB_consensus_vsearch	3144	A	M	189	9	4.05%	2	2	93	93	0.00177983409863699	1	1	127	62	6	3	C
C6_BC30_191109_LF_LIB_consensus_vsearch	3150	T	Y	213	9	3.98%	2	2	93	93	0.0017981564163397133	1	1	151	62	2	7	C
C6_BC30_191109_LF_LIB_consensus_vsearch	3152	C	Y	206	9	3.96%	2	2	93	93	0.001793225137980622	1	1	148	58	3	6	T
C6_BC30_191109_LF_LIB_consensus_vsearch	3168	A	R	207	10	4.39%	2	1	93	93	8.783305527122537E-4	1	1	137	70	10	0	G
C6_BC30_191109_LF_LIB_consensus_vsearch	3183	T	Y	221	7	3.07%	2	2	93	93	0.007455894130096957	1	1	155	66	1	6	C
C6_BC30_191109_LF_LIB_consensus_vsearch	3188	T	K	203	17	7.69%	2	1	93	93	5.533354906074952E-6	1	1	131	72	17	0	G
C6_BC30_191109_LF_LIB_consensus_vsearch	3212	A	R	206	15	6.64%	2	2	93	93	2.3870469071571428E-5	1	1	137	69	13	2	G
C6_BC30_191109_LF_LIB_consensus_vsearch	3225	C	Y	190	10	4.39%	2	2	93	93	8.702588772443723E-4	1	1	130	60	1	9	T
C6_BC30_191109_LF_LIB_consensus_vsearch	3226	G	R	184	7	3.17%	2	1	93	93	0.007387555568979833	1	1	112	72	7	0	+C
C6_BC30_191109_LF_LIB_consensus_vsearch	3228	A	R	198	9	4.02%	2	2	93	93	0.0017871908399793336	1	1	131	67	8	1	G
C6_BC30_191109_LF_LIB_consensus_vsearch	3229	T	Y	214	8	3.54%	2	2	93	93	0.003663533633296164	1	1	149	65	3	5	C
C6_BC30_191109_LF_LIB_consensus_vsearch	3235	G	R	208	13	5.68%	2	2	93	93	1.0179544238135389E-4	1	1	139	69	9	4	A
C6_BC30_191109_LF_LIB_consensus_vsearch	3239	C	Y	200	7	3.17%	2	2	93	93	0.007420075094973923	1	1	147	53	1	6	-G
C6_BC30_191109_LF_LIB_consensus_vsearch	3240	G	R	177	27	12.39%	2	1	93	93	2.966847894881521E-9	1	1	119	58	27	0	A
C6_BC30_191109_LF_LIB_consensus_vsearch	3245	T	Y	204	7	3.12%	2	2	93	93	0.007427442022474603	1	1	152	52	1	6	-C
C6_BC30_191109_LF_LIB_consensus_vsearch	3248	T	Y	209	7	3.23%	2	1	93	93	0.007436270701269745	1	1	150	59	0	7	C
C6_BC30_191109_LF_LIB_consensus_vsearch	3271	A	R	194	14	6.25%	2	1	93	93	4.868257057911772E-5	1	1	124	70	14	0	-G
C6_BC30_191109_LF_LIB_consensus_vsearch	3285	T	Y	202	8	3.64%	2	1	93	93	0.0036498841327700354	1	1	147	55	0	8	C
C6_BC30_191109_LF_LIB_consensus_vsearch	3287	A	R	75	11	5.76%	2	1	93	93	3.472683388924726E-4	1	1	49	26	11	0	G
C6_BC30_191109_LF_LIB_consensus_vsearch	3289	G	R	199	12	5.58%	2	1	93	93	2.078764879814198E-4	1	1	132	67	12	0	A
C6_BC30_191109_LF_LIB_consensus_vsearch	3297	C	S	146	10	6.33%	2	2	93	93	8.415575775273865E-4	1	1	109	37	9	1	G
C6_BC30_191109_LF_LIB_consensus_vsearch	3314	C	Y	199	10	4.69%	2	2	93	93	8.746903119674215E-4	1	1	141	58	1	9	T
C6_BC30_191109_LF_LIB_consensus_vsearch	3315	C	Y	200	10	4.37%	2	2	93	93	8.751600144021374E-4	1	1	134	66	6	4	T
C6_BC30_191109_LF_LIB_consensus_vsearch	3333	A	R	208	10	4.46%	2	2	93	93	8.787673881990181E-4	1	1	138	70	9	1	G
C6_BC30_191109_LF_LIB_consensus_vsearch	3335	C	Y	208	14	6.14%	2	2	93	93	4.9404108604884E-5	1	1	152	56	1	13	T
C6_BC30_191109_LF_LIB_consensus_vsearch	3341	C	Y	215	7	3.1%	2	2	93	93	0.007446345105805389	1	1	149	66	1	6	T
C6_BC30_191109_LF_LIB_consensus_vsearch	3345	C	Y	213	7	3.08%	2	2	93	93	0.007443047448823043	1	1	144	69	4	3	T
C6_BC30_191109_LF_LIB_consensus_vsearch	3378	A	R	217	10	4.39%	2	1	93	93	8.825309402840407E-4	1	1	144	73	10	0	G
C6_BC30_191109_LF_LIB_consensus_vsearch	3396	C	Y	197	7	3.11%	2	2	93	93	0.007414362253072604	1	1	127	70	5	2	+A
C6_BC30_191109_LF_LIB_consensus_vsearch	3401	T	Y	208	9	4%	2	2	93	93	0.0017946657928001688	1	1	142	66	4	5	C
C6_BC30_191109_LF_LIB_consensus_vsearch	3408	G	R	218	7	3.1%	2	1	93	93	0.007451182688346346	1	1	147	71	7	0	A
C6_BC30_191109_LF_LIB_consensus_vsearch	3411	C	Y	218	8	3.49%	2	2	93	93	0.003667766201363899	1	1	153	65	1	7	T
C6_BC30_191109_LF_LIB_consensus_vsearch	3434	A	R	204	11	4.91%	2	2	93	93	4.2827676494109035E-4	1	1	140	64	6	5	G
C6_BC30_191109_LF_LIB_consensus_vsearch	3435	T	Y	199	12	5.41%	2	2	93	93	2.078764879814198E-4	1	1	135	64	6	6	C
C6_BC30_191109_LF_LIB_consensus_vsearch	3452	T	Y	215	7	3.1%	2	2	93	93	0.007446345105805389	1	1	148	67	4	3	C
C6_BC30_191109_LF_LIB_consensus_vsearch	3490	C	Y	220	8	3.49%	2	2	93	93	0.0036698276230520683	1	1	155	65	1	7	T
C6_BC30_191109_LF_LIB_consensus_vsearch	3508	G	R	213	9	3.98%	2	1	93	93	0.0017981564163397133	1	1	142	71	9	0	A
C6_BC30_191109_LF_LIB_consensus_vsearch	3511	G	R	202	7	3.12%	2	1	93	93	0.007423793454516522	1	1	134	68	7	0	A
C6_BC30_191109_LF_LIB_consensus_vsearch	3511	G	S	202	9	4.02%	2	1	93	93	0.0017902638323438202	1	1	134	68	9	0	C
C6_BC30_191109_LF_LIB_consensus_vsearch	3526	G	R	198	23	10.18%	2	2	93	93	6.520220361141492E-8	1	1	131	67	20	3	A
C6_BC30_191109_LF_LIB_consensus_vsearch	3530	G	K	193	20	8.77%	2	1	93	93	5.974908386377013E-7	1	1	125	68	20	0	T
C6_BC30_191109_LF_LIB_consensus_vsearch	3553	A	R	213	8	3.62%	2	2	93	93	0.0036624519192641563	1	1	151	62	4	4	G
C6_BC30_191109_LF_LIB_consensus_vsearch	3555	T	Y	213	9	4.02%	2	2	93	93	0.0017981564163397133	1	1	150	63	2	7	C
C6_BC30_191109_LF_LIB_consensus_vsearch	3559	G	R	219	7	3.08%	2	2	93	93	0.007452766938834958	1	1	150	69	5	2	A
C6_BC30_191109_LF_LIB_consensus_vsearch	3576	C	Y	176	7	3.76%	2	1	93	93	0.007369187819667051	1	1	128	48	0	7	T
C6_BC30_191109_LF_LIB_consensus_vsearch	3608	G	R	208	9	4.09%	2	1	93	93	0.0017946657928001688	1	1	145	63	9	0	A
C6_BC30_191109_LF_LIB_consensus_vsearch	3614	C	Y	218	7	3.07%	2	2	93	93	0.007451182688346346	1	1	148	70	6	1	T
C6_BC30_191109_LF_LIB_consensus_vsearch	3648	G	R	212	9	4.05%	2	1	93	93	0.00179747064240055	1	1	142	70	9	0	A
C6_BC30_191109_LF_LIB_consensus_vsearch	3658	A	R	211	9	4.02%	2	1	93	93	0.0017967787753331713	1	1	140	71	9	0	G
C6_BC30_191109_LF_LIB_consensus_vsearch	3660	T	Y	213	7	3.17%	2	2	93	93	0.007443047448823043	1	1	150	63	1	6	C
C6_BC30_191109_LF_LIB_consensus_vsearch	3673	A	R	219	8	3.49%	2	1	93	93	0.0036688013849068284	1	1	146	73	8	0	G
C6_BC30_191109_LF_LIB_consensus_vsearch	3681	T	Y	206	10	4.5%	2	2	93	93	8.778898007284436E-4	1	1	144	62	6	4	C
C6_BC30_191109_LF_LIB_consensus_vsearch	3701	A	R	212	10	4.41%	2	2	93	93	8.804765900705064E-4	1	1	144	68	9	1	G
C6_BC30_191109_LF_LIB_consensus_vsearch	3718	A	R	207	11	4.85%	2	1	93	93	4.2906952287648286E-4	1	1	138	69	11	0	G
C6_BC30_191109_LF_LIB_consensus_vsearch	3728	C	Y	198	9	3.98%	2	1	93	93	0.0017871908399793336	1	1	140	58	0	9	+G
C6_BC30_191109_LF_LIB_consensus_vsearch	3729	C	Y	194	7	3.07%	2	2	93	93	0.007408480654387502	1	1	139	55	1	6	-TT
C6_BC30_191109_LF_LIB_consensus_vsearch	3731	T	Y	203	8	3.69%	2	1	93	93	0.0036510799339400076	1	1	144	59	0	8	C
C6_BC30_191109_LF_LIB_consensus_vsearch	3748	G	R	196	22	10%	2	1	93	93	1.365213067807403E-7	1	1	124	72	22	0	A
C6_BC30_191109_LF_LIB_consensus_vsearch	3750	A	R	126	92	40.89%	2	1	93	93	9.21089387250731E-34	1	1	58	68	92	0	G
C6_BC30_191109_LF_LIB_consensus_vsearch	3763	A	R	200	11	4.87%	2	1	93	93	4.27186182801716E-4	1	1	140	60	11	0	G
C6_BC30_191109_LF_LIB_consensus_vsearch	3770	A	R	189	33	14.54%	2	1	93	93	3.222422571316263E-11	1	1	118	71	33	0	G
C6_BC30_191109_LF_LIB_consensus_vsearch	3772	G	R	200	26	11.4%	2	1	93	93	6.95158232557866E-9	1	1	128	72	26	0	A
C6_BC30_191109_LF_LIB_consensus_vsearch	3781	C	Y	196	11	4.82%	2	2	93	93	4.260552860545617E-4	1	1	143	53	2	9	+T
C6_BC30_191109_LF_LIB_consensus_vsearch	3788	G	R	217	9	3.96%	2	1	93	93	0.0018008401619304512	1	1	146	71	9	0	A
C6_BC30_191109_LF_LIB_consensus_vsearch	3820	A	R	215	12	5.24%	2	2	93	93	2.103084529771467E-4	1	1	144	71	11	1	G
C6_BC30_191109_LF_LIB_consensus_vsearch	3838	C	Y	202	9	3.96%	2	2	93	93	0.0017902638323438202	1	1	144	58	4	5	-A
C6_BC30_191109_LF_LIB_consensus_vsearch	3840	A	R	204	15	6.61%	2	1	93	93	2.3815125527116474E-5	1	1	136	68	15	0	G
C6_BC30_191109_LF_LIB_consensus_vsearch	3844	A	R	198	21	9.21%	2	2	93	93	2.882936455442224E-7	1	1	132	66	20	1	G
C6_BC30_191109_LF_LIB_consensus_vsearch	3858	C	Y	215	7	3.08%	2	1	93	93	0.007446345105805389	1	1	151	64	0	7	T
C6_BC30_191109_LF_LIB_consensus_vsearch	3893	A	R	214	12	5.29%	2	1	93	93	2.1016603336412182E-4	1	1	141	73	12	0	G
C6_BC30_191109_LF_LIB_consensus_vsearch	3904	A	R	194	28	12.28%	2	1	93	93	1.5021880097714738E-9	1	1	124	70	28	0	G
C6_BC30_191109_LF_LIB_consensus_vsearch	3938	C	M	116	7	3.06%	2	1	93	93	0.007156578629607704	1	1	59	57	7	0	+G
C6_BC30_191109_LF_LIB_consensus_vsearch	3938	C	S	116	14	6.11%	2	1	93	93	4.218643324205456E-5	1	1	59	57	14	0	G
C6_BC30_191109_LF_LIB_consensus_vsearch	3948	C	M	211	9	3.95%	2	1	93	93	0.0017967787753331713	1	1	144	67	9	0	A
C6_BC30_191109_LF_LIB_consensus_vsearch	3949	G	R	209	14	6.25%	2	1	93	93	4.9452447660699634E-5	1	1	139	70	14	0	A
C6_BC30_191109_LF_LIB_consensus_vsearch	3950	G	K	213	8	3.51%	2	1	93	93	0.0036624519192641563	1	1	141	72	8	0	T
C6_BC30_191109_LF_LIB_consensus_vsearch	3951	T	Y	218	9	3.96%	2	1	93	93	0.001801496644156972	1	1	154	64	0	9	C
C6_BC30_191109_LF_LIB_consensus_vsearch	3957	G	R	215	9	3.98%	2	1	93	93	0.0017995100038167202	1	1	142	73	9	0	A
C6_BC30_191109_LF_LIB_consensus_vsearch	3964	A	R	217	7	3.08%	2	1	93	93	0.007449584424390529	1	1	145	72	7	0	G
C6_BC30_191109_LF_LIB_consensus_vsearch	3966	A	R	168	7	3.98%	2	1	93	93	0.007349160919077469	1	1	128	40	7	0	G
C6_BC30_191109_LF_LIB_consensus_vsearch	3987	T	Y	206	17	7.59%	2	1	93	93	5.5582526785826E-6	1	1	152	54	0	17	C
C6_BC30_191109_LF_LIB_consensus_vsearch	3993	C	Y	207	11	4.87%	2	2	93	93	4.2906952287648286E-4	1	1	153	54	2	9	T
C6_BC30_191109_LF_LIB_consensus_vsearch	3994	G	R	216	8	3.54%	2	1	93	93	0.003665668526289429	1	1	147	69	8	0	A
C6_BC30_191109_LF_LIB_consensus_vsearch	3998	G	R	158	22	11.58%	2	1	93	93	1.2043950274313764E-7	1	1	130	28	22	0	A
C6_BC30_191109_LF_LIB_consensus_vsearch	4003	C	Y	205	16	7.02%	2	2	93	93	1.1515964001761286E-5	1	1	147	58	5	11	T
C6_BC30_191109_LF_LIB_consensus_vsearch	4008	A	R	174	10	5.29%	2	2	93	93	8.613503481727668E-4	1	1	103	71	9	1	G
C6_BC30_191109_LF_LIB_consensus_vsearch	4011	G	R	166	41	19.43%	2	2	93	93	5.039921082580189E-14	1	1	104	62	40	1	A
C6_BC30_191109_LF_LIB_consensus_vsearch	4012	G	R	187	12	5.31%	2	1	93	93	2.0581058583041666E-4	1	1	116	71	12	0	A
C6_BC30_191109_LF_LIB_consensus_vsearch	4020	G	R	177	39	17.81%	2	2	93	93	2.758683108953771E-13	1	1	114	63	38	1	A
C6_BC30_191109_LF_LIB_consensus_vsearch	4061	A	R	216	10	4.39%	2	2	93	93	8.821271222096345E-4	1	1	145	71	9	1	G
C6_BC30_191109_LF_LIB_consensus_vsearch	4063	T	Y	212	7	3.14%	2	2	93	93	0.00744137624879223	1	1	145	67	3	4	C
C6_BC30_191109_LF_LIB_consensus_vsearch	4064	G	R	218	7	3.07%	2	1	93	93	0.007451182688346346	1	1	146	72	7	0	A
C6_BC30_191109_LF_LIB_consensus_vsearch	4092	C	Y	219	7	3.07%	2	2	93	93	0.007452766938834958	1	1	153	66	2	5	T
C6_BC30_191109_LF_LIB_consensus_vsearch	4102	C	Y	216	7	3.07%	2	2	93	93	0.007447971960236055	1	1	151	65	2	5	T
C6_BC30_191109_LF_LIB_consensus_vsearch	4103	G	R	213	9	3.96%	2	2	93	93	0.0017981564163397133	1	1	145	68	8	1	A
C6_BC30_191109_LF_LIB_consensus_vsearch	4116	C	S	204	14	6.31%	2	1	93	93	4.920666598282105E-5	1	1	134	70	14	0	G
C6_BC30_191109_LF_LIB_consensus_vsearch	4117	C	Y	213	7	3.1%	2	1	93	93	0.007443047448823043	1	1	148	65	0	7	T
C6_BC30_191109_LF_LIB_consensus_vsearch	4134	A	R	220	7	3.06%	2	1	93	93	0.007454337359329176	1	1	147	73	7	0	G
C6_BC30_191109_LF_LIB_consensus_vsearch	4154	A	R	187	11	4.87%	2	1	93	93	4.2335130867721316E-4	1	1	142	45	11	0	-G
C6_BC30_191109_LF_LIB_consensus_vsearch	4176	G	R	213	10	4.46%	2	2	93	93	8.808946039600796E-4	1	1	141	72	9	1	A
C6_BC30_191109_LF_LIB_consensus_vsearch	4181	C	S	204	7	3.26%	2	1	93	93	0.007427442022474603	1	1	131	73	7	0	G
C6_BC30_191109_LF_LIB_consensus_vsearch	4185	A	R	195	7	3.07%	2	2	93	93	0.007410460397262536	1	1	135	60	6	1	-G
C6_BC30_191109_LF_LIB_consensus_vsearch	4202	G	R	167	14	6.76%	2	1	93	93	4.700557594367257E-5	1	1	94	73	14	0	+A
C6_BC30_191109_LF_LIB_consensus_vsearch	4220	G	R	220	7	3.08%	2	1	93	93	0.007454337359329176	1	1	148	72	7	0	A
C6_BC30_191109_LF_LIB_consensus_vsearch	4236	T	Y	205	10	4.39%	2	2	93	93	8.774450793915666E-4	1	1	144	61	1	9	C
C6_BC30_191109_LF_LIB_consensus_vsearch	4241	T	Y	180	43	18.78%	2	2	93	93	1.2077896720994002E-14	1	1	115	65	41	2	C
C6_BC30_191109_LF_LIB_consensus_vsearch	4258	T	W	179	19	8.92%	2	1	93	93	1.2123412815450364E-6	1	1	113	66	19	0	A
C6_BC30_191109_LF_LIB_consensus_vsearch	4258	T	K	179	8	3.76%	2	1	93	93	0.0036189151712300786	1	1	113	66	8	0	A
C6_BC30_191109_LF_LIB_consensus_vsearch	4259	T	Y	197	12	5.36%	2	1	93	93	2.0754774095569465E-4	1	1	137	60	12	0	-G
C6_BC30_191109_LF_LIB_consensus_vsearch	4266	A	R	211	8	3.56%	2	2	93	93	0.0036602593149509337	1	1	146	65	3	5	G
C6_BC30_191109_LF_LIB_consensus_vsearch	4313	C	Y	194	23	10.09%	2	1	93	93	6.444107300416681E-8	1	1	152	42	0	23	T
C6_BC30_191109_LF_LIB_consensus_vsearch	4319	C	Y	212	11	4.87%	2	1	93	93	4.303452996410444E-4	1	1	154	58	0	11	T
C6_BC30_191109_LF_LIB_consensus_vsearch	4320	C	M	173	7	3.06%	2	2	93	93	0.007361883903780164	1	1	151	22	3	4	-G
C6_BC30_191109_LF_LIB_consensus_vsearch	4320	C	Y	173	30	13.1%	2	1	93	93	2.929624676648578E-10	1	1	151	22	0	30	T
C6_BC30_191109_LF_LIB_consensus_vsearch	4322	T	W	192	15	6.82%	2	1	93	93	2.3462820410529364E-5	1	1	144	48	0	15	A
C6_BC30_191109_LF_LIB_consensus_vsearch	4327	C	Y	210	13	5.7%	2	1	93	93	1.0196623731956113E-4	1	1	151	59	0	13	T
C6_BC30_191109_LF_LIB_consensus_vsearch	4332	G	R	205	23	10.09%	2	1	93	93	6.64864113477683E-8	1	1	132	73	23	0	A
C6_BC30_191109_LF_LIB_consensus_vsearch	4350	C	Y	215	9	3.93%	2	2	93	93	0.0017995100038167202	1	1	155	60	1	8	T
C6_BC30_191109_LF_LIB_consensus_vsearch	4362	A	R	195	17	7.49%	2	2	93	93	5.4639692209021505E-6	1	1	133	62	16	1	G
C6_BC30_191109_LF_LIB_consensus_vsearch	4364	G	R	210	9	3.96%	2	1	93	93	0.0017960807336148846	1	1	139	71	9	0	A
C6_BC30_191109_LF_LIB_consensus_vsearch	4365	G	R	217	9	3.93%	2	1	93	93	0.0018008401619304512	1	1	144	73	9	0	A
C6_BC30_191109_LF_LIB_consensus_vsearch	4371	A	R	207	11	4.85%	2	2	93	93	4.2906952287648286E-4	1	1	141	66	9	2	G
C6_BC30_191109_LF_LIB_consensus_vsearch	4373	T	Y	207	7	3.24%	2	2	93	93	0.007432788253078562	1	1	141	66	6	1	C
C6_BC30_191109_LF_LIB_consensus_vsearch	4384	G	R	207	11	4.89%	2	2	93	93	4.2906952287648286E-4	1	1	155	52	1	10	A
C6_BC30_191109_LF_LIB_consensus_vsearch	4389	C	Y	220	7	3.06%	2	1	93	93	0.007454337359329176	1	1	155	65	0	7	T
C6_BC30_191109_LF_LIB_consensus_vsearch	4399	A	R	215	8	3.54%	2	1	93	93	0.0036646057936482192	1	1	142	73	8	0	G
C6_BC30_191109_LF_LIB_consensus_vsearch	4417	A	R	216	8	3.49%	2	2	93	93	0.003665668526289429	1	1	149	67	6	2	G
C6_BC30_191109_LF_LIB_consensus_vsearch	4437	G	R	200	23	10.27%	2	2	93	93	6.557520812020474E-8	1	1	131	69	22	1	A
C6_BC30_191109_LF_LIB_consensus_vsearch	4438	G	R	201	26	11.35%	2	2	93	93	6.9763949539919555E-9	1	1	130	71	25	1	A
C6_BC30_191109_LF_LIB_consensus_vsearch	4439	G	K	215	9	3.93%	2	2	93	93	0.0017995100038167202	1	1	144	71	8	1	T
C6_BC30_191109_LF_LIB_consensus_vsearch	4448	G	R	199	22	9.65%	2	2	93	93	1.3761269103930465E-7	1	1	129	70	21	1	A
C6_BC30_191109_LF_LIB_consensus_vsearch	4450	T	W	208	7	3.12%	2	1	93	93	0.007434537497224064	1	1	142	66	7	0	A
C6_BC30_191109_LF_LIB_consensus_vsearch	4450	T	Y	208	7	3.12%	2	1	93	93	0.007434537497224064	1	1	142	66	0	7	A
C6_BC30_191109_LF_LIB_consensus_vsearch	4451	T	Y	216	7	3.06%	2	1	93	93	0.007447971960236055	1	1	143	73	7	0	C
C6_BC30_191109_LF_LIB_consensus_vsearch	4452	G	R	211	15	6.61%	2	2	93	93	2.4004930780571747E-5	1	1	139	72	14	1	A
C6_BC30_191109_LF_LIB_consensus_vsearch	4467	A	R	213	7	3.11%	2	1	93	93	0.007443047448823043	1	1	142	71	7	0	G
C6_BC30_191109_LF_LIB_consensus_vsearch	4483	A	R	216	7	3.08%	2	2	93	93	0.007447971960236055	1	1	147	69	6	1	G
C6_BC30_191109_LF_LIB_consensus_vsearch	4485	T	Y	222	7	3.06%	2	1	93	93	0.007457437428309682	1	1	156	66	0	7	C
C6_BC30_191109_LF_LIB_consensus_vsearch	4487	G	R	212	10	4.48%	2	1	93	93	8.804765900705064E-4	1	1	142	70	10	0	A
C6_BC30_191109_LF_LIB_consensus_vsearch	4505	G	R	201	9	4.15%	2	1	93	93	0.0017895062981052791	1	1	133	68	9	0	A
C6_BC30_191109_LF_LIB_consensus_vsearch	4508	A	R	198	16	7.17%	2	2	93	93	1.1406445395916652E-5	1	1	131	67	15	1	G
C6_BC30_191109_LF_LIB_consensus_vsearch	4516	A	R	202	13	5.96%	2	1	93	93	1.0126524414330837E-4	1	1	130	72	13	0	G
C6_BC30_191109_LF_LIB_consensus_vsearch	4525	A	R	211	7	3.12%	2	2	93	93	0.007439689863414905	1	1	141	70	6	1	G
C6_BC30_191109_LF_LIB_consensus_vsearch	4533	A	R	212	7	3.17%	2	2	93	93	0.00744137624879223	1	1	141	71	6	1	G
C6_BC30_191109_LF_LIB_consensus_vsearch	4537	A	R	214	8	3.57%	2	1	93	93	0.003663533633296164	1	1	142	72	8	0	G
C6_BC30_191109_LF_LIB_consensus_vsearch	4555	T	Y	213	7	3.14%	2	1	93	93	0.007443047448823043	1	1	150	63	0	7	C
C6_BC30_191109_LF_LIB_consensus_vsearch	4560	G	R	208	11	4.95%	2	1	93	93	4.293291473235971E-4	1	1	140	68	11	0	A
C6_BC30_191109_LF_LIB_consensus_vsearch	4564	A	R	212	8	3.54%	2	1	93	93	0.003661360523321731	1	1	141	71	8	0	G
C6_BC30_191109_LF_LIB_consensus_vsearch	4636	G	R	196	16	7.51%	2	1	93	93	1.137397674554477E-5	1	1	130	66	16	0	A
C6_BC30_191109_LF_LIB_consensus_vsearch	4643	G	R	196	18	8.41%	2	1	93	93	2.6274998766511106E-6	1	1	125	71	18	0	A
