Chrom	Position	Ref	Cons	Reads1	Reads2	VarFreq	Strands1	Strands2	Qual1	Qual2	Pvalue	MapQual1	MapQual2	Reads1Plus	Reads1Minus	Reads2Plus	Reads2Minus	VarAllele
D11_BC47_191109_LF_LIB_consensus_vsearch	1	A	A	416	0	0%	2	0	93	0	1.0	1	0	374	42	0	0	
D11_BC47_191109_LF_LIB_consensus_vsearch	2	T	T	419	0	0%	2	0	93	0	1.0	1	0	377	42	0	0	
D11_BC47_191109_LF_LIB_consensus_vsearch	3	G	*/-T	340	68	16.08%	2	2	93	93	1.6085073123707868E-22	1	1	297	43	67	1	-T
D11_BC47_191109_LF_LIB_consensus_vsearch	4	T	T	360	1	0.28%	2	1	93	93	0.4999999999999138	1	1	314	46	1	0	+G
D11_BC47_191109_LF_LIB_consensus_vsearch	5	T	T	432	0	0%	2	0	93	0	1.0	1	0	384	48	0	0	
D11_BC47_191109_LF_LIB_consensus_vsearch	6	T	T	429	3	0.69%	2	2	93	93	0.12456546929309553	1	1	382	47	2	1	C
D11_BC47_191109_LF_LIB_consensus_vsearch	7	T	T	422	4	0.93%	2	2	93	93	0.062059601466603075	1	1	378	44	3	1	-A
D11_BC47_191109_LF_LIB_consensus_vsearch	8	A	A	426	2	0.47%	2	1	93	93	0.2497076023388982	1	1	379	47	2	0	C
D11_BC47_191109_LF_LIB_consensus_vsearch	9	A	A	425	4	0.92%	2	1	93	93	0.0620626829618069	1	1	378	47	4	0	G
D11_BC47_191109_LF_LIB_consensus_vsearch	10	T	T	426	1	0.23%	2	1	93	93	0.4999999999999138	1	1	379	47	1	0	+C
D11_BC47_191109_LF_LIB_consensus_vsearch	11	T	*/+G	413	16	3.67%	2	1	93	93	1.3233009888966535E-5	1	1	365	48	16	0	+G
D11_BC47_191109_LF_LIB_consensus_vsearch	12	A	*/-G	412	17	3.91%	2	1	93	93	6.490775634366145E-6	1	1	363	49	17	0	-G
D11_BC47_191109_LF_LIB_consensus_vsearch	13	G	G	416	3	0.71%	2	1	93	93	0.12455197132601219	1	1	364	52	3	0	-A
D11_BC47_191109_LF_LIB_consensus_vsearch	14	A	A	427	2	0.46%	2	1	93	93	0.24970828471410914	1	1	375	52	2	0	+G
D11_BC47_191109_LF_LIB_consensus_vsearch	15	C	C	424	6	1.38%	2	2	93	93	0.015353108416041601	1	1	375	49	4	2	-A
D11_BC47_191109_LF_LIB_consensus_vsearch	16	A	A	423	6	1.39%	2	1	93	93	0.015352476134252922	1	1	373	50	6	0	G
D11_BC47_191109_LF_LIB_consensus_vsearch	17	G	G	436	1	0.23%	2	1	93	93	0.5000000000008233	1	1	384	52	1	0	-TC
D11_BC47_191109_LF_LIB_consensus_vsearch	18	T	*/+C	424	10	2.29%	2	1	93	93	9.266914820866851E-4	1	1	372	52	10	0	+C
D11_BC47_191109_LF_LIB_consensus_vsearch	19	C	*/+G	413	10	2.29%	2	1	93	93	9.254147741675464E-4	1	1	362	51	10	0	+G
D11_BC47_191109_LF_LIB_consensus_vsearch	20	A	*/-G	413	19	4.38%	2	1	93	93	1.5580746773809727E-6	1	1	363	50	19	0	-G
D11_BC47_191109_LF_LIB_consensus_vsearch	21	G	*/-A	407	9	2.15%	2	1	93	93	0.0018695804538677086	1	1	355	52	9	0	-A
D11_BC47_191109_LF_LIB_consensus_vsearch	22	A	R	409	15	3.5%	2	2	93	93	2.690525827778812E-5	1	1	362	47	12	3	G
D11_BC47_191109_LF_LIB_consensus_vsearch	23	T	T	429	3	0.69%	2	2	93	93	0.12456546929309553	1	1	381	48	1	2	C
D11_BC47_191109_LF_LIB_consensus_vsearch	24	T	*/-C	278	133	30.37%	2	2	93	93	2.508903680803518E-46	1	1	252	26	113	20	-C
D11_BC47_191109_LF_LIB_consensus_vsearch	25	C	C	284	1	0.35%	2	1	93	93	0.4999999999999138	1	1	256	28	1	0	T
D11_BC47_191109_LF_LIB_consensus_vsearch	26	C	C	417	1	0.24%	2	1	93	93	0.4999999999999138	1	1	369	48	1	0	+T
D11_BC47_191109_LF_LIB_consensus_vsearch	27	C	C	428	2	0.46%	2	2	93	93	0.24970896391120487	1	1	380	48	1	1	T
D11_BC47_191109_LF_LIB_consensus_vsearch	28	C	C	430	5	1.14%	2	2	93	93	0.030891013414769866	1	1	382	48	3	2	-T
D11_BC47_191109_LF_LIB_consensus_vsearch	29	T	T	419	6	1.39%	2	2	93	93	0.015349917324271899	1	1	375	44	2	4	-G
D11_BC47_191109_LF_LIB_consensus_vsearch	30	G	R	421	7	1.62%	2	1	93	93	0.007621737484585097	1	1	375	46	7	0	A
D11_BC47_191109_LF_LIB_consensus_vsearch	31	G	G	432	3	0.68%	2	2	93	93	0.12456846950514457	1	1	381	51	2	1	A
D11_BC47_191109_LF_LIB_consensus_vsearch	32	T	*/-C	402	29	6.61%	2	1	93	93	1.144308201704605E-9	1	1	351	51	29	0	-C
D11_BC47_191109_LF_LIB_consensus_vsearch	33	C	C	398	4	0.98%	2	1	93	93	0.06203329275530562	1	1	346	52	4	0	T
D11_BC47_191109_LF_LIB_consensus_vsearch	34	C	*/+A	414	12	2.74%	2	2	93	93	2.2570239286811238E-4	1	1	364	50	11	1	+A
D11_BC47_191109_LF_LIB_consensus_vsearch	35	G	K	409	17	3.88%	2	1	93	93	6.483245240504738E-6	1	1	359	50	17	0	T
D11_BC47_191109_LF_LIB_consensus_vsearch	36	T	T	430	3	0.68%	2	1	93	93	0.12456647398843287	1	1	380	50	3	0	-G
D11_BC47_191109_LF_LIB_consensus_vsearch	37	G	R	413	12	2.76%	2	2	93	93	2.2566011930545864E-4	1	1	364	49	11	1	A
D11_BC47_191109_LF_LIB_consensus_vsearch	38	C	C	424	3	0.7%	2	2	93	93	0.12456037514670402	1	1	375	49	2	1	A
D11_BC47_191109_LF_LIB_consensus_vsearch	39	C	C	435	1	0.23%	2	1	93	93	0.5000000000008233	1	1	385	50	1	0	-A
D11_BC47_191109_LF_LIB_consensus_vsearch	40	A	R	425	9	2.05%	2	1	93	93	0.0018730070190884252	1	1	375	50	9	0	G
D11_BC47_191109_LF_LIB_consensus_vsearch	41	G	G	433	4	0.91%	2	1	93	93	0.06207069332172113	1	1	382	51	4	0	+T
D11_BC47_191109_LF_LIB_consensus_vsearch	42	T	T	438	1	0.23%	2	1	93	93	0.4999999999999138	1	1	386	52	1	0	C
D11_BC47_191109_LF_LIB_consensus_vsearch	43	T	T	433	2	0.46%	2	2	93	93	0.2497123130030455	1	1	385	48	1	1	+C
D11_BC47_191109_LF_LIB_consensus_vsearch	44	C	C	434	2	0.46%	2	1	93	93	0.24971297359331265	1	1	384	50	2	0	-T
D11_BC47_191109_LF_LIB_consensus_vsearch	45	T	T	424	5	1.15%	2	2	93	93	0.03088599561913487	1	1	376	48	4	1	-G
D11_BC47_191109_LF_LIB_consensus_vsearch	46	G	G	430	3	0.69%	2	2	93	93	0.12456647398843287	1	1	381	49	2	1	A
D11_BC47_191109_LF_LIB_consensus_vsearch	47	G	G	435	2	0.46%	2	2	93	93	0.24971363115699957	1	1	384	51	1	1	A
D11_BC47_191109_LF_LIB_consensus_vsearch	48	G	G	435	2	0.45%	2	1	93	93	0.24971363115699957	1	1	383	52	2	0	T
D11_BC47_191109_LF_LIB_consensus_vsearch	49	T	T	434	5	1.13%	2	1	93	93	0.030894282456439635	1	1	381	53	5	0	-C
D11_BC47_191109_LF_LIB_consensus_vsearch	50	C	C	425	4	0.92%	2	1	93	93	0.0620626829618069	1	1	374	51	4	0	+AC
D11_BC47_191109_LF_LIB_consensus_vsearch	51	G	G	431	2	0.46%	2	1	93	93	0.24971098265883573	1	1	379	52	2	0	+C
D11_BC47_191109_LF_LIB_consensus_vsearch	52	A	A	427	3	0.68%	2	2	93	93	0.12456344586746677	1	1	376	51	2	1	G
D11_BC47_191109_LF_LIB_consensus_vsearch	53	C	C	433	2	0.45%	2	2	93	93	0.2497123130030455	1	1	382	51	1	1	T
D11_BC47_191109_LF_LIB_consensus_vsearch	54	A	A	430	6	1.36%	2	1	93	93	0.015356841341651906	1	1	379	51	6	0	G
D11_BC47_191109_LF_LIB_consensus_vsearch	55	G	G	434	3	0.68%	2	1	93	93	0.12457044673541934	1	1	381	53	3	0	+T
D11_BC47_191109_LF_LIB_consensus_vsearch	56	T	T	434	4	0.91%	2	2	93	93	0.062071674030406296	1	1	383	51	3	1	C
D11_BC47_191109_LF_LIB_consensus_vsearch	57	T	*/+C	424	14	3.17%	2	2	93	93	5.492334669373769E-5	1	1	372	52	13	1	+C
D11_BC47_191109_LF_LIB_consensus_vsearch	58	C	*/+A	411	12	2.73%	2	1	93	93	2.2557498827275595E-4	1	1	361	50	12	0	+A
D11_BC47_191109_LF_LIB_consensus_vsearch	59	A	A	420	4	0.94%	2	2	93	93	0.062057522896676466	1	1	371	49	3	1	G
D11_BC47_191109_LF_LIB_consensus_vsearch	60	A	*/-G	427	9	2.05%	2	2	93	93	0.0018733704789343226	1	1	376	51	8	1	-G
D11_BC47_191109_LF_LIB_consensus_vsearch	61	G	G	424	2	0.47%	2	1	93	93	0.24970622796748032	1	1	376	48	0	2	+C
D11_BC47_191109_LF_LIB_consensus_vsearch	62	G	*/-C	386	38	8.66%	2	1	93	93	1.5276843461187614E-12	1	1	334	52	38	0	-C
D11_BC47_191109_LF_LIB_consensus_vsearch	63	C	Y	388	7	1.76%	2	2	93	93	0.007605882130108492	1	1	342	46	2	5	T
D11_BC47_191109_LF_LIB_consensus_vsearch	64	C	C	429	3	0.69%	2	1	93	93	0.12456546929309553	1	1	379	50	3	0	+A
D11_BC47_191109_LF_LIB_consensus_vsearch	65	C	Y	406	23	5.24%	2	2	93	93	8.806115461137906E-8	1	1	378	28	2	21	T
D11_BC47_191109_LF_LIB_consensus_vsearch	66	G	R	416	12	2.76%	2	1	93	93	2.257863627265534E-4	1	1	366	50	12	0	A
D11_BC47_191109_LF_LIB_consensus_vsearch	67	C	C	426	5	1.15%	2	1	93	93	0.0308876837313223	1	1	375	51	5	0	T
D11_BC47_191109_LF_LIB_consensus_vsearch	68	C	C	425	6	1.37%	2	1	93	93	0.015353737770788975	1	1	374	51	6	0	+A
D11_BC47_191109_LF_LIB_consensus_vsearch	69	A	A	437	2	0.45%	2	1	93	93	0.24971493728629837	1	1	383	54	2	0	C
D11_BC47_191109_LF_LIB_consensus_vsearch	70	G	R	414	19	4.31%	2	1	93	93	1.5588186688080025E-6	1	1	360	54	19	0	A
D11_BC47_191109_LF_LIB_consensus_vsearch	71	C	*/-A	390	29	6.58%	2	1	93	93	1.1278915409860034E-9	1	1	342	48	29	0	-A
D11_BC47_191109_LF_LIB_consensus_vsearch	72	A	A	403	1	0.25%	2	1	93	93	0.4999999999999138	1	1	354	49	1	0	+G
D11_BC47_191109_LF_LIB_consensus_vsearch	73	A	A	425	5	1.15%	2	1	93	93	0.03088684163697732	1	1	376	49	5	0	+G
D11_BC47_191109_LF_LIB_consensus_vsearch	74	A	A	433	3	0.68%	2	1	93	93	0.12456946039042152	1	1	379	54	3	0	-G
D11_BC47_191109_LF_LIB_consensus_vsearch	75	G	G	426	6	1.37%	2	1	93	93	0.015354364218716944	1	1	373	53	6	0	A
D11_BC47_191109_LF_LIB_consensus_vsearch	76	T	T	434	3	0.68%	2	1	93	93	0.12457044673541934	1	1	381	53	3	0	-C
D11_BC47_191109_LF_LIB_consensus_vsearch	77	C	C	424	6	1.37%	2	1	93	93	0.015353108416041601	1	1	371	53	6	0	+T
D11_BC47_191109_LF_LIB_consensus_vsearch	78	A	R	413	12	2.75%	2	1	93	93	2.2566011930545864E-4	1	1	361	52	12	0	G
D11_BC47_191109_LF_LIB_consensus_vsearch	79	C	C	424	3	0.69%	2	1	93	93	0.12456037514670402	1	1	371	53	3	0	G
D11_BC47_191109_LF_LIB_consensus_vsearch	80	C	*/+T	405	12	2.74%	2	2	93	93	2.2531482582750418E-4	1	1	356	49	10	2	+T
D11_BC47_191109_LF_LIB_consensus_vsearch	81	T	T	414	3	0.72%	2	1	93	93	0.12454981992829928	1	1	362	52	3	0	C
D11_BC47_191109_LF_LIB_consensus_vsearch	82	T	*/-G	417	7	1.62%	2	1	93	93	0.007619946437356769	1	1	366	51	7	0	-G
D11_BC47_191109_LF_LIB_consensus_vsearch	83	G	R	415	9	2.09%	2	2	93	93	0.0018711388771604682	1	1	363	52	8	1	A
D11_BC47_191109_LF_LIB_consensus_vsearch	84	C	Y	423	7	1.6%	2	2	93	93	0.007622620571895094	1	1	373	50	4	3	T
D11_BC47_191109_LF_LIB_consensus_vsearch	85	G	R	395	36	8.2%	2	1	93	93	6.7885538510652055E-12	1	1	341	54	36	0	A
D11_BC47_191109_LF_LIB_consensus_vsearch	86	G	R	426	11	2.49%	2	1	93	93	4.581495959366191E-4	1	1	372	54	11	0	A
D11_BC47_191109_LF_LIB_consensus_vsearch	87	C	C	427	5	1.13%	2	2	93	93	0.03088852192937873	1	1	378	49	1	4	+A
D11_BC47_191109_LF_LIB_consensus_vsearch	88	A	A	437	3	0.68%	2	1	93	93	0.12457337883968563	1	1	383	54	3	0	G
D11_BC47_191109_LF_LIB_consensus_vsearch	89	A	R	415	21	4.77%	2	1	93	93	3.726082908046937E-7	1	1	361	54	21	0	G
D11_BC47_191109_LF_LIB_consensus_vsearch	90	C	C	430	5	1.13%	2	2	93	93	0.030891013414769866	1	1	379	51	2	3	T
D11_BC47_191109_LF_LIB_consensus_vsearch	91	A	A	435	2	0.46%	2	2	93	93	0.24971363115699957	1	1	382	53	1	1	G
D11_BC47_191109_LF_LIB_consensus_vsearch	92	A	*/-C	405	22	5%	2	2	93	93	1.806424477541293E-7	1	1	373	32	1	21	-C
D11_BC47_191109_LF_LIB_consensus_vsearch	93	C	C	410	4	0.96%	2	1	93	93	0.06204682862471882	1	1	380	30	4	0	+A
D11_BC47_191109_LF_LIB_consensus_vsearch	94	C	C	432	4	0.9%	2	2	93	93	0.06206970811168755	1	1	382	50	2	2	-T
D11_BC47_191109_LF_LIB_consensus_vsearch	95	T	*/+C	399	34	7.74%	2	1	93	93	2.966480731939413E-11	1	1	347	52	34	0	+C
D11_BC47_191109_LF_LIB_consensus_vsearch	96	C	C	433	3	0.68%	2	2	93	93	0.12456946039042152	1	1	380	53	2	1	-A
D11_BC47_191109_LF_LIB_consensus_vsearch	97	A	A	436	1	0.23%	2	1	93	93	0.5000000000008233	1	1	384	52	1	0	+G
D11_BC47_191109_LF_LIB_consensus_vsearch	98	A	A	437	1	0.23%	2	1	93	93	0.4999999999999138	1	1	384	53	1	0	+CCAA
D11_BC47_191109_LF_LIB_consensus_vsearch	99	T	T	439	2	0.45%	2	2	93	93	0.2497162315547306	1	1	387	52	1	1	C
D11_BC47_191109_LF_LIB_consensus_vsearch	100	A	R	409	17	3.85%	2	1	93	93	6.483245240504738E-6	1	1	357	52	17	0	G
D11_BC47_191109_LF_LIB_consensus_vsearch	101	C	C	427	4	0.92%	2	2	93	93	0.06206471344608787	1	1	377	50	3	1	-T
D11_BC47_191109_LF_LIB_consensus_vsearch	102	T	T	426	6	1.38%	2	1	93	93	0.015354364218716944	1	1	376	50	6	0	C
D11_BC47_191109_LF_LIB_consensus_vsearch	103	A	A	434	1	0.23%	2	1	93	93	0.4999999999999138	1	1	384	50	1	0	+CA
D11_BC47_191109_LF_LIB_consensus_vsearch	104	A	A	433	4	0.91%	2	1	93	93	0.06207069332172113	1	1	381	52	4	0	G
D11_BC47_191109_LF_LIB_consensus_vsearch	105	C	C	434	2	0.45%	2	1	93	93	0.24971297359331265	1	1	382	52	2	0	-GC
D11_BC47_191109_LF_LIB_consensus_vsearch	106	G	G	427	4	0.91%	2	2	93	93	0.06206471344608787	1	1	376	51	3	1	+C
D11_BC47_191109_LF_LIB_consensus_vsearch	107	C	C	433	1	0.23%	2	1	93	93	0.4999999999999138	1	1	381	52	1	0	+A
D11_BC47_191109_LF_LIB_consensus_vsearch	108	C	C	436	3	0.68%	2	1	93	93	0.12457240592922707	1	1	387	49	0	3	-T
D11_BC47_191109_LF_LIB_consensus_vsearch	109	T	*/-C	428	8	1.82%	2	2	93	93	0.0037817572285023734	1	1	384	44	2	6	-C
D11_BC47_191109_LF_LIB_consensus_vsearch	110	C	C	417	4	0.92%	2	1	93	93	0.06205436799087533	1	1	372	45	4	0	+AC
D11_BC47_191109_LF_LIB_consensus_vsearch	111	G	R	415	8	1.83%	2	1	93	93	0.003777960974854116	1	1	362	53	8	0	A
D11_BC47_191109_LF_LIB_consensus_vsearch	112	C	Y	420	11	2.51%	2	2	93	93	4.5773850170834535E-4	1	1	368	52	10	1	T
D11_BC47_191109_LF_LIB_consensus_vsearch	113	A	R	426	11	2.5%	2	1	93	93	4.581495959366191E-4	1	1	373	53	11	0	G
D11_BC47_191109_LF_LIB_consensus_vsearch	114	G	R	427	9	2.05%	2	1	93	93	0.0018733704789343226	1	1	374	53	9	0	A
D11_BC47_191109_LF_LIB_consensus_vsearch	115	C	*/-T	388	18	4.07%	2	2	93	93	3.146440696522667E-6	1	1	339	49	17	1	-T
D11_BC47_191109_LF_LIB_consensus_vsearch	116	T	T	392	6	1.49%	2	1	93	93	0.015331303510572384	1	1	341	51	6	0	A
D11_BC47_191109_LF_LIB_consensus_vsearch	117	T	W	391	11	2.61%	2	1	93	93	4.5558231391399246E-4	1	1	339	52	11	0	A
D11_BC47_191109_LF_LIB_consensus_vsearch	118	T	Y	409	19	4.38%	2	2	93	93	1.5550667950843015E-6	1	1	357	52	17	2	C
D11_BC47_191109_LF_LIB_consensus_vsearch	119	G	G	436	3	0.68%	2	1	93	93	0.12457240592922707	1	1	382	54	3	0	-A
D11_BC47_191109_LF_LIB_consensus_vsearch	120	A	A	422	5	1.14%	2	1	93	93	0.030884291702852337	1	1	369	53	5	0	G
D11_BC47_191109_LF_LIB_consensus_vsearch	121	C	C	421	5	1.13%	2	1	93	93	0.030883433748668913	1	1	368	53	5	0	+T
D11_BC47_191109_LF_LIB_consensus_vsearch	122	A	*/-CA	412	9	2.07%	2	2	93	93	0.001870561328848028	1	1	365	47	2	7	-CA
D11_BC47_191109_LF_LIB_consensus_vsearch	123	C	C	421	6	1.39%	2	2	93	93	0.01535120270746072	1	1	376	45	4	2	T
D11_BC47_191109_LF_LIB_consensus_vsearch	124	A	R	420	7	1.61%	2	1	93	93	0.007621292853586086	1	1	373	47	7	0	G
D11_BC47_191109_LF_LIB_consensus_vsearch	125	G	G	425	4	0.9%	2	2	93	93	0.0620626829618069	1	1	372	53	3	1	-CAG
D11_BC47_191109_LF_LIB_consensus_vsearch	126	C	C	431	3	0.69%	2	1	93	93	0.12456747404820136	1	1	378	53	3	0	+G
D11_BC47_191109_LF_LIB_consensus_vsearch	127	A	R	419	15	3.41%	2	1	93	93	2.6984810488819573E-5	1	1	366	53	15	0	G
D11_BC47_191109_LF_LIB_consensus_vsearch	128	G	G	432	2	0.46%	2	1	93	93	0.2497116493653279	1	1	379	53	2	0	A
D11_BC47_191109_LF_LIB_consensus_vsearch	129	G	G	440	1	0.23%	2	1	93	93	0.4999999999999138	1	1	387	53	1	0	+C
D11_BC47_191109_LF_LIB_consensus_vsearch	130	C	C	440	2	0.45%	2	1	93	93	0.2497168742917677	1	1	389	51	0	2	-TG
D11_BC47_191109_LF_LIB_consensus_vsearch	131	T	*/+G	417	12	2.72%	2	1	93	93	2.2582806164226E-4	1	1	372	45	12	0	+G
D11_BC47_191109_LF_LIB_consensus_vsearch	132	G	G	431	1	0.23%	2	1	93	93	0.4999999999999138	1	1	386	45	0	1	T
D11_BC47_191109_LF_LIB_consensus_vsearch	133	G	*/-A	420	15	3.39%	2	2	93	93	2.6992573667884224E-5	1	1	369	51	14	1	-A
D11_BC47_191109_LF_LIB_consensus_vsearch	134	A	A	425	2	0.47%	2	1	93	93	0.24970691676425003	1	1	372	53	2	0	G
D11_BC47_191109_LF_LIB_consensus_vsearch	135	A	A	428	6	1.35%	2	1	93	93	0.015355608474412826	1	1	376	52	6	0	-G
D11_BC47_191109_LF_LIB_consensus_vsearch	136	G	G	431	3	0.69%	2	1	93	93	0.12456747404820136	1	1	379	52	3	0	A
D11_BC47_191109_LF_LIB_consensus_vsearch	137	G	*/-C	364	52	11.79%	2	2	93	93	4.055800650095852E-17	1	1	317	47	49	3	-C
D11_BC47_191109_LF_LIB_consensus_vsearch	138	C	C	367	6	1.57%	2	2	93	93	0.015311672358019005	1	1	322	45	1	5	+T
D11_BC47_191109_LF_LIB_consensus_vsearch	139	C	Y	426	7	1.61%	2	2	93	93	0.007623929979105209	1	1	375	51	4	3	T
D11_BC47_191109_LF_LIB_consensus_vsearch	140	C	Y	427	7	1.59%	2	2	93	93	0.007624362444354587	1	1	376	51	4	3	T
D11_BC47_191109_LF_LIB_consensus_vsearch	141	C	Y	415	16	3.6%	2	2	93	93	1.3241920793983298E-5	1	1	372	43	7	9	T
D11_BC47_191109_LF_LIB_consensus_vsearch	142	G	R	402	24	5.56%	2	1	93	93	4.271528395416842E-8	1	1	351	51	24	0	A
D11_BC47_191109_LF_LIB_consensus_vsearch	143	C	C	426	4	0.92%	2	1	93	93	0.06206370056623179	1	1	375	51	4	0	T
D11_BC47_191109_LF_LIB_consensus_vsearch	144	A	A	432	4	0.9%	2	2	93	93	0.06206970811168755	1	1	381	51	1	3	-T
D11_BC47_191109_LF_LIB_consensus_vsearch	145	T	T	434	3	0.68%	2	1	93	93	0.12457044673541934	1	1	383	51	3	0	+C
D11_BC47_191109_LF_LIB_consensus_vsearch	146	C	*/+AC	417	18	4.07%	2	1	93	93	3.187945394524003E-6	1	1	363	54	18	0	+AC
D11_BC47_191109_LF_LIB_consensus_vsearch	147	G	S	415	13	2.95%	2	1	93	93	1.1128806504032547E-4	1	1	362	53	13	0	C
D11_BC47_191109_LF_LIB_consensus_vsearch	148	C	C	426	4	0.91%	2	1	93	93	0.06206370056623179	1	1	375	51	4	0	-A
D11_BC47_191109_LF_LIB_consensus_vsearch	149	A	R	427	7	1.61%	2	1	93	93	0.007624362444354587	1	1	374	53	7	0	G
D11_BC47_191109_LF_LIB_consensus_vsearch	150	G	R	435	7	1.58%	2	1	93	93	0.007627752045228881	1	1	381	54	7	0	A
D11_BC47_191109_LF_LIB_consensus_vsearch	151	C	C	435	3	0.68%	2	2	93	93	0.12457142857152662	1	1	383	52	2	1	T
D11_BC47_191109_LF_LIB_consensus_vsearch	152	G	G	431	5	1.13%	2	2	93	93	0.03089183629518613	1	1	380	51	2	3	+CG
D11_BC47_191109_LF_LIB_consensus_vsearch	153	T	T	439	2	0.45%	2	1	93	93	0.2497162315547306	1	1	386	53	2	0	G
D11_BC47_191109_LF_LIB_consensus_vsearch	154	T	*/+G	434	8	1.8%	2	2	93	93	0.0037834345948323136	1	1	382	52	5	3	+G
D11_BC47_191109_LF_LIB_consensus_vsearch	155	G	G	435	5	1.13%	2	1	93	93	0.030895090435182324	1	1	381	54	5	0	-AA
D11_BC47_191109_LF_LIB_consensus_vsearch	156	A	A	431	2	0.46%	2	2	93	93	0.24971098265883573	1	1	378	53	1	1	G
D11_BC47_191109_LF_LIB_consensus_vsearch	157	A	A	434	2	0.45%	2	1	93	93	0.24971297359331265	1	1	379	55	2	0	C
D11_BC47_191109_LF_LIB_consensus_vsearch	158	A	A	434	4	0.9%	2	1	93	93	0.062071674030406296	1	1	379	55	4	0	G
D11_BC47_191109_LF_LIB_consensus_vsearch	159	C	C	435	3	0.68%	2	2	93	93	0.12457142857152662	1	1	381	54	2	1	T
D11_BC47_191109_LF_LIB_consensus_vsearch	160	G	*/-CG	408	31	6.98%	2	2	93	93	2.6898824461161643E-10	1	1	355	53	30	1	-CG
D11_BC47_191109_LF_LIB_consensus_vsearch	161	C	C	411	1	0.24%	2	1	93	93	0.4999999999999138	1	1	358	53	1	0	-G
D11_BC47_191109_LF_LIB_consensus_vsearch	162	G	G	405	2	0.48%	2	1	93	93	0.2496924969251474	1	1	351	54	2	0	+CG
D11_BC47_191109_LF_LIB_consensus_vsearch	163	T	T	435	4	0.9%	2	1	93	93	0.06207265026891802	1	1	385	50	0	4	+C
D11_BC47_191109_LF_LIB_consensus_vsearch	164	T	*/+C	424	10	2.25%	2	1	93	93	9.266914820866851E-4	1	1	373	51	10	0	+C
D11_BC47_191109_LF_LIB_consensus_vsearch	165	C	*/-A	399	18	4.12%	2	2	93	93	3.1628131219989704E-6	1	1	349	50	17	1	-A
D11_BC47_191109_LF_LIB_consensus_vsearch	166	A	A	399	5	1.19%	2	2	93	93	0.030863484879977227	1	1	347	52	3	2	G
D11_BC47_191109_LF_LIB_consensus_vsearch	167	C	Y	394	14	3.24%	2	1	93	93	5.4491738001769014E-5	1	1	340	54	14	0	T
D11_BC47_191109_LF_LIB_consensus_vsearch	168	A	R	411	17	3.9%	2	1	93	93	6.4882764964716394E-6	1	1	356	55	17	0	G
D11_BC47_191109_LF_LIB_consensus_vsearch	169	A	*/-G	412	19	4.27%	2	1	93	93	1.5573275146178692E-6	1	1	357	55	19	0	-G
D11_BC47_191109_LF_LIB_consensus_vsearch	170	G	G	420	2	0.47%	2	1	93	93	0.24970344009506698	1	1	366	54	2	0	+A
D11_BC47_191109_LF_LIB_consensus_vsearch	171	G	*/-C	362	58	13.06%	2	2	93	93	4.1879695732385007E-19	1	1	307	55	57	1	-C
D11_BC47_191109_LF_LIB_consensus_vsearch	172	C	C	374	3	0.79%	2	2	93	93	0.12450199203194236	1	1	321	53	2	1	T
D11_BC47_191109_LF_LIB_consensus_vsearch	173	C	C	430	3	0.68%	2	1	93	93	0.12456647398843287	1	1	377	53	0	3	+T
D11_BC47_191109_LF_LIB_consensus_vsearch	174	C	Y	426	9	2.03%	2	2	93	93	0.001873189162106254	1	1	374	52	7	2	T
D11_BC47_191109_LF_LIB_consensus_vsearch	175	G	G	428	6	1.36%	2	1	93	93	0.015355608474412826	1	1	373	55	6	0	-ACG
D11_BC47_191109_LF_LIB_consensus_vsearch	176	A	R	416	10	2.29%	2	1	93	93	9.257694036262042E-4	1	1	361	55	10	0	G
D11_BC47_191109_LF_LIB_consensus_vsearch	177	C	C	424	5	1.15%	2	1	93	93	0.03088599561913487	1	1	369	55	5	0	+A
D11_BC47_191109_LF_LIB_consensus_vsearch	178	G	*/-TG	407	8	1.84%	2	2	93	93	0.0037755075508262973	1	1	358	49	3	5	-TG
D11_BC47_191109_LF_LIB_consensus_vsearch	179	T	T	430	3	0.69%	2	2	93	93	0.12456647398843287	1	1	382	48	2	1	-G
D11_BC47_191109_LF_LIB_consensus_vsearch	180	G	*/-C	347	41	9.47%	2	2	93	93	1.4905131894734264E-13	1	1	301	46	39	2	-C
D11_BC47_191109_LF_LIB_consensus_vsearch	181	C	*/+T	378	16	3.99%	2	2	93	93	1.3063283572416325E-5	1	1	345	33	1	15	+T
D11_BC47_191109_LF_LIB_consensus_vsearch	182	C	Y	433	9	2.03%	2	2	93	93	0.001874441340367089	1	1	384	49	3	6	T
D11_BC47_191109_LF_LIB_consensus_vsearch	183	C	C	434	3	0.67%	2	2	93	93	0.12457044673541934	1	1	381	53	2	1	-T
D11_BC47_191109_LF_LIB_consensus_vsearch	184	T	Y	430	7	1.58%	2	2	93	93	0.007625648020175149	1	1	381	49	2	5	C
D11_BC47_191109_LF_LIB_consensus_vsearch	185	G	*/-C	294	132	29.93%	2	2	93	93	1.0548336975375314E-45	1	1	243	51	127	5	-C
D11_BC47_191109_LF_LIB_consensus_vsearch	186	C	C	295	5	1.63%	2	1	93	93	0.030729607973042264	1	1	251	44	0	5	+T
D11_BC47_191109_LF_LIB_consensus_vsearch	187	C	Y	431	9	2.05%	2	2	93	93	0.0018740875957096264	1	1	383	48	1	8	T
D11_BC47_191109_LF_LIB_consensus_vsearch	188	C	C	439	4	0.9%	2	2	93	93	0.06207651112360454	1	1	384	55	3	1	T
D11_BC47_191109_LF_LIB_consensus_vsearch	189	C	C	438	5	1.12%	2	1	93	93	0.03089749249800421	1	1	382	56	5	0	T
D11_BC47_191109_LF_LIB_consensus_vsearch	190	C	M	415	12	2.69%	2	2	93	93	2.2574447356982284E-4	1	1	360	55	11	1	A
D11_BC47_191109_LF_LIB_consensus_vsearch	191	A	*/-G	419	18	4.05%	2	1	93	93	3.1906190975645425E-6	1	1	363	56	18	0	-G
D11_BC47_191109_LF_LIB_consensus_vsearch	192	G	G	418	5	1.17%	2	1	93	93	0.030880835561915	1	1	362	56	5	0	-A
D11_BC47_191109_LF_LIB_consensus_vsearch	193	A	*/-G	423	10	2.27%	2	1	93	93	9.26578056881533E-4	1	1	367	56	10	0	-G
D11_BC47_191109_LF_LIB_consensus_vsearch	194	G	R	389	38	8.78%	2	1	93	93	1.5374629876617852E-12	1	1	333	56	38	0	A
D11_BC47_191109_LF_LIB_consensus_vsearch	195	C	C	433	3	0.68%	2	1	93	93	0.12456946039042152	1	1	377	56	3	0	A
D11_BC47_191109_LF_LIB_consensus_vsearch	196	C	*/-A	345	76	17.12%	2	1	93	93	3.193788915322592E-25	1	1	289	56	76	0	-A
D11_BC47_191109_LF_LIB_consensus_vsearch	197	A	A	333	6	1.72%	2	1	93	93	0.015280341433861528	1	1	282	51	6	0	C
D11_BC47_191109_LF_LIB_consensus_vsearch	198	C	C	414	6	1.42%	2	1	93	93	0.01534665043910028	1	1	367	47	0	6	-TC
D11_BC47_191109_LF_LIB_consensus_vsearch	199	T	*/-C	418	9	2.05%	2	2	93	93	0.0018717084025872061	1	1	376	42	4	5	-C
D11_BC47_191109_LF_LIB_consensus_vsearch	200	C	C	426	1	0.23%	2	1	93	93	0.4999999999999138	1	1	383	43	1	0	+A
D11_BC47_191109_LF_LIB_consensus_vsearch	201	C	*/-T	386	42	9.48%	2	2	93	93	7.896835360218272E-14	1	1	345	41	33	9	-T
D11_BC47_191109_LF_LIB_consensus_vsearch	202	T	T	388	4	1.01%	2	1	93	93	0.0620213794085142	1	1	350	38	4	0	C
D11_BC47_191109_LF_LIB_consensus_vsearch	203	T	T	435	2	0.46%	2	2	93	93	0.24971363115699957	1	1	386	49	1	1	C
D11_BC47_191109_LF_LIB_consensus_vsearch	204	T	T	442	1	0.23%	2	1	93	93	0.4999999999990043	1	1	387	55	1	0	+C
D11_BC47_191109_LF_LIB_consensus_vsearch	205	T	*/+C	423	10	2.25%	2	2	93	93	9.26578056881533E-4	1	1	372	51	7	3	+C
D11_BC47_191109_LF_LIB_consensus_vsearch	206	C	C	436	1	0.23%	2	1	93	93	0.5000000000008233	1	1	383	53	0	1	T
D11_BC47_191109_LF_LIB_consensus_vsearch	207	C	C	442	1	0.23%	2	1	93	93	0.4999999999990043	1	1	386	56	1	0	A
D11_BC47_191109_LF_LIB_consensus_vsearch	208	C	+A/+A	36	377	84.72%	2	2	93	93	1.5493351938325607E-194	1	1	34	2	335	42	+A
D11_BC47_191109_LF_LIB_consensus_vsearch	209	A	A	429	6	1.36%	2	2	93	93	0.015356226321811444	1	1	380	49	5	1	+G
D11_BC47_191109_LF_LIB_consensus_vsearch	210	G	G	433	3	0.68%	2	2	93	93	0.12456946039042152	1	1	384	49	2	1	A
D11_BC47_191109_LF_LIB_consensus_vsearch	211	G	G	440	3	0.68%	2	1	93	93	0.1245762711863649	1	1	384	56	3	0	-T
D11_BC47_191109_LF_LIB_consensus_vsearch	212	T	T	436	5	1.13%	2	2	93	93	0.030895894751978216	1	1	383	53	2	3	C
D11_BC47_191109_LF_LIB_consensus_vsearch	213	T	T	441	2	0.45%	2	2	93	93	0.24971751412472734	1	1	387	54	1	1	C
D11_BC47_191109_LF_LIB_consensus_vsearch	214	A	R	425	12	2.7%	2	2	93	93	2.2615495697455397E-4	1	1	373	52	9	3	G
D11_BC47_191109_LF_LIB_consensus_vsearch	215	C	C	423	5	1.13%	2	2	93	93	0.030885145650365813	1	1	377	46	2	3	+G
D11_BC47_191109_LF_LIB_consensus_vsearch	216	G	R	423	17	3.85%	2	1	93	93	6.517562209625466E-6	1	1	368	55	17	0	A
D11_BC47_191109_LF_LIB_consensus_vsearch	217	G	*/-A	414	28	6.29%	2	2	93	93	2.395850063378546E-9	1	1	359	55	27	1	-A
D11_BC47_191109_LF_LIB_consensus_vsearch	218	A	*/-G	400	12	2.88%	2	1	93	93	2.2509239120889853E-4	1	1	346	54	12	0	-G
D11_BC47_191109_LF_LIB_consensus_vsearch	219	G	G	415	4	0.92%	2	1	93	93	0.06205223960684896	1	1	359	56	4	0	+C
D11_BC47_191109_LF_LIB_consensus_vsearch	220	C	C	435	3	0.67%	2	2	93	93	0.12457142857152662	1	1	383	52	2	1	A
D11_BC47_191109_LF_LIB_consensus_vsearch	221	T	T	436	6	1.35%	2	2	93	93	0.01536047315528176	1	1	382	54	5	1	C
D11_BC47_191109_LF_LIB_consensus_vsearch	222	G	G	444	1	0.22%	2	1	93	93	0.5000000000008233	1	1	389	55	0	1	A
D11_BC47_191109_LF_LIB_consensus_vsearch	223	A	A	443	2	0.45%	2	1	93	93	0.2497187851519112	1	1	387	56	2	0	G
D11_BC47_191109_LF_LIB_consensus_vsearch	224	C	*/-TT	424	9	2.02%	2	1	93	93	0.0018728240442215458	1	1	371	53	9	0	-TT
D11_BC47_191109_LF_LIB_consensus_vsearch	225	T	T	419	4	0.93%	2	1	93	93	0.06205647623661182	1	1	368	51	0	4	+C
D11_BC47_191109_LF_LIB_consensus_vsearch	226	T	T	428	2	0.46%	2	1	93	93	0.24970896391120487	1	1	376	52	2	0	-G
D11_BC47_191109_LF_LIB_consensus_vsearch	227	G	G	432	3	0.68%	2	1	93	93	0.12456846950514457	1	1	376	56	3	0	-CCG
D11_BC47_191109_LF_LIB_consensus_vsearch	228	C	C	432	3	0.68%	2	2	93	93	0.12456846950514457	1	1	377	55	2	1	T
D11_BC47_191109_LF_LIB_consensus_vsearch	229	C	Y	424	9	2.04%	2	2	93	93	0.0018728240442215458	1	1	374	50	4	5	T
D11_BC47_191109_LF_LIB_consensus_vsearch	230	G	G	432	4	0.91%	2	1	93	93	0.06206970811168755	1	1	376	56	4	0	-A
D11_BC47_191109_LF_LIB_consensus_vsearch	231	A	R	429	8	1.81%	2	1	93	93	0.0037820399638697363	1	1	373	56	8	0	G
D11_BC47_191109_LF_LIB_consensus_vsearch	232	C	*/-TTC	419	11	2.48%	2	1	93	93	4.576688933102391E-4	1	1	363	56	11	0	-TTC
D11_BC47_191109_LF_LIB_consensus_vsearch	233	T	T	423	0	0%	2	0	93	0	1.0	1	0	367	56	0	0	
D11_BC47_191109_LF_LIB_consensus_vsearch	234	T	*/-C	319	96	22.33%	2	2	93	93	2.495977670667477E-32	1	1	280	39	84	12	-C
D11_BC47_191109_LF_LIB_consensus_vsearch	235	C	C	328	1	0.3%	2	1	93	93	0.4999999999999138	1	1	285	43	1	0	+A
D11_BC47_191109_LF_LIB_consensus_vsearch	236	C	*/+A	429	7	1.6%	2	1	93	93	0.007625221451403564	1	1	374	55	7	0	+A
D11_BC47_191109_LF_LIB_consensus_vsearch	237	C	C	427	6	1.35%	2	2	93	93	0.015354987779940706	1	1	378	49	3	3	-T
D11_BC47_191109_LF_LIB_consensus_vsearch	238	T	W	385	50	11.42%	2	1	93	93	1.9939230143501665E-16	1	1	332	53	50	0	A
D11_BC47_191109_LF_LIB_consensus_vsearch	239	T	T	439	5	1.13%	2	2	93	93	0.030898285976353152	1	1	384	55	4	1	C
D11_BC47_191109_LF_LIB_consensus_vsearch	240	A	A	441	3	0.67%	2	2	93	93	0.12457722660661777	1	1	387	54	2	1	G
D11_BC47_191109_LF_LIB_consensus_vsearch	241	T	*/-C	418	18	4.04%	2	1	93	93	3.189285095484537E-6	1	1	363	55	18	0	-C
D11_BC47_191109_LF_LIB_consensus_vsearch	242	C	C	424	1	0.24%	2	1	93	93	0.4999999999999138	1	1	369	55	0	1	A
D11_BC47_191109_LF_LIB_consensus_vsearch	243	C	C	439	2	0.45%	2	1	93	93	0.2497162315547306	1	1	383	56	2	0	-A
D11_BC47_191109_LF_LIB_consensus_vsearch	244	A	*/-CA	418	17	3.85%	2	2	93	93	6.505544070653668E-6	1	1	365	53	16	1	-CA
D11_BC47_191109_LF_LIB_consensus_vsearch	245	C	C	423	2	0.47%	2	1	93	93	0.24970553592454253	1	1	369	54	2	0	+G
D11_BC47_191109_LF_LIB_consensus_vsearch	246	A	A	420	3	0.7%	2	1	93	93	0.12455621301805807	1	1	366	54	3	0	+T
D11_BC47_191109_LF_LIB_consensus_vsearch	247	T	T	439	3	0.68%	2	2	93	93	0.12457531143833234	1	1	385	54	2	1	C
D11_BC47_191109_LF_LIB_consensus_vsearch	248	T	T	441	2	0.45%	2	1	93	93	0.24971751412472734	1	1	385	56	2	0	-ATT
D11_BC47_191109_LF_LIB_consensus_vsearch	249	A	R	434	7	1.58%	2	2	93	93	0.007627335039353406	1	1	379	55	6	1	G
D11_BC47_191109_LF_LIB_consensus_vsearch	250	T	T	442	1	0.23%	2	1	93	93	0.4999999999990043	1	1	386	56	1	0	C
D11_BC47_191109_LF_LIB_consensus_vsearch	251	T	*/-C	434	7	1.58%	2	1	93	93	0.007627335039353406	1	1	380	54	7	0	-C
D11_BC47_191109_LF_LIB_consensus_vsearch	252	C	C	437	2	0.46%	2	1	93	93	0.24971493728629837	1	1	381	56	2	0	T
D11_BC47_191109_LF_LIB_consensus_vsearch	253	C	C	442	2	0.45%	2	1	93	93	0.2497181510708481	1	1	386	56	2	0	-A
D11_BC47_191109_LF_LIB_consensus_vsearch	254	A	*/+T	431	7	1.58%	2	1	93	93	0.007626072650234986	1	1	375	56	7	0	+T
D11_BC47_191109_LF_LIB_consensus_vsearch	255	T	T	437	2	0.45%	2	1	93	93	0.24971493728629837	1	1	381	56	2	0	C
D11_BC47_191109_LF_LIB_consensus_vsearch	256	T	T	442	3	0.67%	2	1	93	93	0.12457817772799688	1	1	386	56	3	0	G
D11_BC47_191109_LF_LIB_consensus_vsearch	257	T	T	440	2	0.45%	2	1	93	93	0.2497168742917677	1	1	384	56	2	0	+A
D11_BC47_191109_LF_LIB_consensus_vsearch	258	G	G	443	2	0.45%	2	1	93	93	0.2497187851519112	1	1	387	56	2	0	-A
D11_BC47_191109_LF_LIB_consensus_vsearch	259	A	R	429	7	1.58%	2	1	93	93	0.007625221451403564	1	1	374	55	7	0	G
D11_BC47_191109_LF_LIB_consensus_vsearch	260	C	C	438	2	0.45%	2	2	93	93	0.24971558589274387	1	1	383	55	1	1	-T
D11_BC47_191109_LF_LIB_consensus_vsearch	261	T	*/-A	400	29	6.55%	2	1	93	93	1.141621920531467E-9	1	1	348	52	29	0	-A
D11_BC47_191109_LF_LIB_consensus_vsearch	262	A	A	405	6	1.44%	2	1	93	93	0.015340570238973535	1	1	349	56	6	0	+G
D11_BC47_191109_LF_LIB_consensus_vsearch	263	G	*/-A	422	22	4.93%	2	1	93	93	1.826206185051853E-7	1	1	366	56	22	0	-A
D11_BC47_191109_LF_LIB_consensus_vsearch	264	A	*/-G	403	9	2.13%	2	1	93	93	0.0018687788150290171	1	1	348	55	9	0	-G
D11_BC47_191109_LF_LIB_consensus_vsearch	265	G	G	432	3	0.69%	2	2	93	93	0.12456846950514457	1	1	377	55	2	1	+AG
D11_BC47_191109_LF_LIB_consensus_vsearch	266	G	G	443	2	0.45%	2	1	93	93	0.2497187851519112	1	1	387	56	2	0	A
D11_BC47_191109_LF_LIB_consensus_vsearch	267	C	C	440	3	0.67%	2	1	93	93	0.1245762711863649	1	1	384	56	3	0	-T
D11_BC47_191109_LF_LIB_consensus_vsearch	268	T	T	440	2	0.45%	2	1	93	93	0.2497168742917677	1	1	384	56	2	0	-G
D11_BC47_191109_LF_LIB_consensus_vsearch	269	G	*/+T	429	8	1.8%	2	1	93	93	0.0037820399638697363	1	1	373	56	8	0	+T
D11_BC47_191109_LF_LIB_consensus_vsearch	270	T	T	437	4	0.9%	2	1	93	93	0.062074589455845104	1	1	386	51	0	4	+C
D11_BC47_191109_LF_LIB_consensus_vsearch	271	T	T	438	3	0.67%	2	1	93	93	0.12457434733248252	1	1	385	53	3	0	+GTT
D11_BC47_191109_LF_LIB_consensus_vsearch	272	C	C	439	2	0.45%	2	1	93	93	0.2497162315547306	1	1	388	51	2	0	-ACC
D11_BC47_191109_LF_LIB_consensus_vsearch	273	A	*/+C	425	9	2.03%	2	1	93	93	0.0018730070190884252	1	1	369	56	9	0	+C
D11_BC47_191109_LF_LIB_consensus_vsearch	274	C	C	436	1	0.23%	2	1	93	93	0.5000000000008233	1	1	381	55	1	0	+AC
D11_BC47_191109_LF_LIB_consensus_vsearch	275	C	C	443	1	0.23%	2	1	93	93	0.4999999999999138	1	1	388	55	0	1	-T
D11_BC47_191109_LF_LIB_consensus_vsearch	276	T	*/-A	422	10	2.25%	2	1	93	93	9.264641146701706E-4	1	1	367	55	10	0	-A
D11_BC47_191109_LF_LIB_consensus_vsearch	277	A	*/-G	405	10	2.31%	2	2	93	93	9.244444326593995E-4	1	1	360	45	1	9	-G
D11_BC47_191109_LF_LIB_consensus_vsearch	278	G	G	427	3	0.69%	2	1	93	93	0.12456344586746677	1	1	380	47	3	0	+A
D11_BC47_191109_LF_LIB_consensus_vsearch	279	G	*/-A	428	17	3.81%	2	1	93	93	6.529326572028581E-6	1	1	372	56	17	0	-A
D11_BC47_191109_LF_LIB_consensus_vsearch	280	A	A	411	6	1.4%	2	1	93	93	0.015344652795793392	1	1	355	56	6	0	-GA
D11_BC47_191109_LF_LIB_consensus_vsearch	281	G	*/-A	427	8	1.84%	2	1	93	93	0.0037814732031268648	1	1	371	56	8	0	-A
D11_BC47_191109_LF_LIB_consensus_vsearch	282	A	R	419	9	2.08%	2	1	93	93	0.0018718964903564012	1	1	363	56	9	0	G
D11_BC47_191109_LF_LIB_consensus_vsearch	283	C	C	442	1	0.23%	2	1	93	93	0.4999999999990043	1	1	386	56	1	0	G
D11_BC47_191109_LF_LIB_consensus_vsearch	284	C	C	444	2	0.45%	2	2	93	93	0.24971941638606426	1	1	389	55	1	1	T
D11_BC47_191109_LF_LIB_consensus_vsearch	285	T	T	437	4	0.9%	2	1	93	93	0.062074589455845104	1	1	382	55	4	0	C
D11_BC47_191109_LF_LIB_consensus_vsearch	286	G	G	438	3	0.67%	2	1	93	93	0.12457434733248252	1	1	382	56	3	0	-A
D11_BC47_191109_LF_LIB_consensus_vsearch	287	A	A	436	2	0.45%	2	1	93	93	0.2497142857145226	1	1	381	55	2	0	+G
D11_BC47_191109_LF_LIB_consensus_vsearch	288	T	T	442	1	0.22%	2	1	93	93	0.4999999999990043	1	1	388	54	0	1	+G
D11_BC47_191109_LF_LIB_consensus_vsearch	289	G	G	433	4	0.9%	2	2	93	93	0.06207069332172113	1	1	384	49	1	3	-CG
D11_BC47_191109_LF_LIB_consensus_vsearch	290	C	C	429	5	1.14%	2	2	93	93	0.030890186744528703	1	1	384	45	2	3	T
D11_BC47_191109_LF_LIB_consensus_vsearch	291	G	R	423	11	2.52%	2	1	93	93	4.5794544103178105E-4	1	1	376	47	11	0	A
D11_BC47_191109_LF_LIB_consensus_vsearch	292	G	G	436	2	0.45%	2	1	93	93	0.2497142857145226	1	1	386	50	0	2	-T
D11_BC47_191109_LF_LIB_consensus_vsearch	293	T	T	435	3	0.68%	2	2	93	93	0.12457142857152662	1	1	385	50	2	1	C
D11_BC47_191109_LF_LIB_consensus_vsearch	294	T	T	438	3	0.68%	2	2	93	93	0.12457434733248252	1	1	388	50	1	2	C
D11_BC47_191109_LF_LIB_consensus_vsearch	295	A	A	438	2	0.45%	2	1	93	93	0.24971558589274387	1	1	390	48	0	2	+G
D11_BC47_191109_LF_LIB_consensus_vsearch	296	T	*/-G	421	15	3.4%	2	2	93	93	2.7000302846488012E-5	1	1	377	44	12	3	-G
D11_BC47_191109_LF_LIB_consensus_vsearch	297	G	G	420	3	0.7%	2	2	93	93	0.12455621301805807	1	1	371	49	2	1	+C
D11_BC47_191109_LF_LIB_consensus_vsearch	298	G	G	437	3	0.67%	2	1	93	93	0.12457337883968563	1	1	382	55	3	0	+AA
D11_BC47_191109_LF_LIB_consensus_vsearch	299	G	G	437	5	1.12%	2	1	93	93	0.03089669543126854	1	1	383	54	5	0	T
D11_BC47_191109_LF_LIB_consensus_vsearch	300	T	*/-AC	424	10	2.25%	2	1	93	93	9.266914820866851E-4	1	1	373	51	10	0	-AC
D11_BC47_191109_LF_LIB_consensus_vsearch	301	A	R	421	10	2.31%	2	1	93	93	9.263496519144309E-4	1	1	367	54	10	0	G
D11_BC47_191109_LF_LIB_consensus_vsearch	302	C	C	425	4	0.92%	2	2	93	93	0.0620626829618069	1	1	372	53	3	1	-G
D11_BC47_191109_LF_LIB_consensus_vsearch	303	G	G	439	1	0.23%	2	1	93	93	0.5000000000008233	1	1	384	55	1	0	-A
D11_BC47_191109_LF_LIB_consensus_vsearch	304	A	A	438	3	0.67%	2	2	93	93	0.12457434733248252	1	1	383	55	2	1	G
D11_BC47_191109_LF_LIB_consensus_vsearch	305	C	C	435	3	0.67%	2	1	93	93	0.12457142857152662	1	1	379	56	3	0	+TT
D11_BC47_191109_LF_LIB_consensus_vsearch	306	G	*/-A	429	13	2.93%	2	1	93	93	1.1161922648910357E-4	1	1	374	55	13	0	-A
D11_BC47_191109_LF_LIB_consensus_vsearch	307	A	A	432	1	0.23%	2	1	93	93	0.5000000000008233	1	1	376	56	1	0	G
D11_BC47_191109_LF_LIB_consensus_vsearch	308	T	T	441	4	0.9%	2	2	93	93	0.062078415508149166	1	1	386	55	3	1	C
D11_BC47_191109_LF_LIB_consensus_vsearch	309	G	G	433	5	1.12%	2	1	93	93	0.030893470790357477	1	1	380	53	5	0	A
D11_BC47_191109_LF_LIB_consensus_vsearch	310	C	*/-G	412	13	2.94%	2	1	93	93	1.11214354741109E-4	1	1	360	52	13	0	-G
D11_BC47_191109_LF_LIB_consensus_vsearch	311	G	*/+A	409	9	2.12%	2	1	93	93	0.0018699755869600776	1	1	356	53	9	0	+A
D11_BC47_191109_LF_LIB_consensus_vsearch	312	A	*/-G	403	14	3.2%	2	1	93	93	5.462748206575491E-5	1	1	347	56	14	0	-G
D11_BC47_191109_LF_LIB_consensus_vsearch	313	G	*/-AGAG	394	12	2.89%	2	1	93	93	2.2481843544276345E-4	1	1	338	56	12	0	-AGAG
D11_BC47_191109_LF_LIB_consensus_vsearch	314	A	*/-G	395	10	2.4%	2	1	93	93	9.231784868029211E-4	1	1	341	54	10	0	-G
D11_BC47_191109_LF_LIB_consensus_vsearch	315	G	*/-AG	314	64	15.57%	2	2	93	93	2.937574886985544E-21	1	1	260	54	62	2	-AG
D11_BC47_191109_LF_LIB_consensus_vsearch	316	A	A	332	6	1.74%	2	1	93	93	0.015279324804800912	1	1	279	53	6	0	-G
D11_BC47_191109_LF_LIB_consensus_vsearch	317	G	G	343	5	1.38%	2	1	93	93	0.030801332959592774	1	1	293	50	5	0	+C
D11_BC47_191109_LF_LIB_consensus_vsearch	318	G	*/-C	421	11	2.48%	2	1	93	93	4.5780779436953333E-4	1	1	365	56	11	0	-C
D11_BC47_191109_LF_LIB_consensus_vsearch	319	C	*/+G	389	24	5.52%	2	1	93	93	4.2256545080367085E-8	1	1	335	54	24	0	+G
D11_BC47_191109_LF_LIB_consensus_vsearch	320	A	*/+GA	414	11	2.52%	2	1	93	93	4.573160388822809E-4	1	1	360	54	11	0	+GA
D11_BC47_191109_LF_LIB_consensus_vsearch	321	A	A	440	3	0.67%	2	1	93	93	0.1245762711863649	1	1	385	55	3	0	G
D11_BC47_191109_LF_LIB_consensus_vsearch	322	G	G	438	3	0.68%	2	1	93	93	0.12457434733248252	1	1	387	51	0	3	-TG
D11_BC47_191109_LF_LIB_consensus_vsearch	323	T	T	435	2	0.45%	2	2	93	93	0.24971363115699957	1	1	386	49	1	1	+G
D11_BC47_191109_LF_LIB_consensus_vsearch	324	G	G	435	2	0.45%	2	1	93	93	0.24971363115699957	1	1	383	52	2	0	-A
D11_BC47_191109_LF_LIB_consensus_vsearch	325	A	A	430	5	1.13%	2	2	93	93	0.030891013414769866	1	1	378	52	4	1	-T
D11_BC47_191109_LF_LIB_consensus_vsearch	326	T	T	436	3	0.68%	2	1	93	93	0.12457240592922707	1	1	381	55	3	0	G
D11_BC47_191109_LF_LIB_consensus_vsearch	327	T	T	441	2	0.45%	2	2	93	93	0.24971751412472734	1	1	386	55	1	1	-A
D11_BC47_191109_LF_LIB_consensus_vsearch	328	A	R	419	16	3.62%	2	1	93	93	1.3259509871934923E-5	1	1	364	55	16	0	G
D11_BC47_191109_LF_LIB_consensus_vsearch	329	C	C	435	1	0.23%	2	1	93	93	0.5000000000008233	1	1	381	54	1	0	+AC
D11_BC47_191109_LF_LIB_consensus_vsearch	330	C	C	433	4	0.9%	2	1	93	93	0.06207069332172113	1	1	379	54	4	0	-A
D11_BC47_191109_LF_LIB_consensus_vsearch	331	A	A	429	4	0.91%	2	1	93	93	0.062066725162242674	1	1	373	56	4	0	G
D11_BC47_191109_LF_LIB_consensus_vsearch	332	T	T	438	3	0.68%	2	2	93	93	0.12457434733248252	1	1	383	55	2	1	C
D11_BC47_191109_LF_LIB_consensus_vsearch	333	G	R	423	19	4.26%	2	1	93	93	1.5653751377054059E-6	1	1	369	54	19	0	A
D11_BC47_191109_LF_LIB_consensus_vsearch	334	G	*/-T	332	59	13.23%	2	2	93	93	1.6257315717119628E-19	1	1	279	53	58	1	-T
D11_BC47_191109_LF_LIB_consensus_vsearch	335	T	T	381	2	0.52%	2	1	93	93	0.24967320261436957	1	1	328	53	2	0	C
D11_BC47_191109_LF_LIB_consensus_vsearch	336	T	T	438	4	0.9%	2	1	93	93	0.0620755524648183	1	1	384	54	4	0	C
D11_BC47_191109_LF_LIB_consensus_vsearch	337	T	T	439	4	0.9%	2	1	93	93	0.06207651112360454	1	1	386	53	4	0	C
D11_BC47_191109_LF_LIB_consensus_vsearch	338	T	T	438	5	1.12%	2	2	93	93	0.03089749249800421	1	1	384	54	3	2	C
D11_BC47_191109_LF_LIB_consensus_vsearch	339	C	*/-A	406	21	4.71%	2	2	93	93	3.7062847039343943E-7	1	1	355	51	19	2	-A
D11_BC47_191109_LF_LIB_consensus_vsearch	340	A	A	418	3	0.71%	2	2	93	93	0.12455410225923637	1	1	366	52	2	1	G
D11_BC47_191109_LF_LIB_consensus_vsearch	341	A	*/-G	410	25	5.63%	2	2	93	93	2.089933129488894E-8	1	1	365	45	19	6	-G
D11_BC47_191109_LF_LIB_consensus_vsearch	342	G	G	415	3	0.71%	2	1	93	93	0.12455089820333189	1	1	366	49	3	0	A
D11_BC47_191109_LF_LIB_consensus_vsearch	343	G	G	441	2	0.45%	2	1	93	93	0.24971751412472734	1	1	388	53	2	0	A
D11_BC47_191109_LF_LIB_consensus_vsearch	344	G	G	440	5	1.12%	2	1	93	93	0.030899075890599485	1	1	384	56	5	0	-A
D11_BC47_191109_LF_LIB_consensus_vsearch	345	A	A	437	2	0.45%	2	1	93	93	0.24971493728629837	1	1	382	55	2	0	+T
D11_BC47_191109_LF_LIB_consensus_vsearch	346	T	T	443	1	0.22%	2	1	93	93	0.4999999999999138	1	1	389	54	1	0	-G
D11_BC47_191109_LF_LIB_consensus_vsearch	347	G	G	435	5	1.13%	2	1	93	93	0.030895090435182324	1	1	381	54	5	0	A
D11_BC47_191109_LF_LIB_consensus_vsearch	348	C	C	441	1	0.23%	2	1	93	93	0.5000000000008233	1	1	387	54	1	0	+G
D11_BC47_191109_LF_LIB_consensus_vsearch	349	C	C	444	1	0.22%	2	1	93	93	0.5000000000008233	1	1	391	53	0	1	-ATAG
D11_BC47_191109_LF_LIB_consensus_vsearch	350	A	R	420	11	2.47%	2	1	93	93	4.5773850170834535E-4	1	1	367	53	11	0	G
D11_BC47_191109_LF_LIB_consensus_vsearch	351	T	Y	420	15	3.39%	2	1	93	93	2.6992573667884224E-5	1	1	366	54	15	0	C
D11_BC47_191109_LF_LIB_consensus_vsearch	352	A	A	430	6	1.35%	2	2	93	93	0.015356841341651906	1	1	382	48	3	3	-G
D11_BC47_191109_LF_LIB_consensus_vsearch	353	G	G	435	2	0.45%	2	1	93	93	0.24971363115699957	1	1	384	51	2	0	A
D11_BC47_191109_LF_LIB_consensus_vsearch	354	G	G	444	2	0.45%	2	2	93	93	0.24971941638606426	1	1	389	55	1	1	A
D11_BC47_191109_LF_LIB_consensus_vsearch	355	C	C	437	3	0.67%	2	1	93	93	0.12457337883968563	1	1	382	55	3	0	-T
D11_BC47_191109_LF_LIB_consensus_vsearch	356	T	*/-AC	426	10	2.25%	2	2	93	93	9.269167954843176E-4	1	1	374	52	9	1	-AC
D11_BC47_191109_LF_LIB_consensus_vsearch	357	A	R	396	29	6.65%	2	2	93	93	1.1361901982834166E-9	1	1	346	50	27	2	G
D11_BC47_191109_LF_LIB_consensus_vsearch	358	C	*/-G	404	24	5.52%	2	2	93	93	4.2783737626049086E-8	1	1	374	30	4	20	-G
D11_BC47_191109_LF_LIB_consensus_vsearch	359	G	R	385	34	8.06%	2	1	93	93	2.8976585198604562E-11	1	1	352	33	34	0	A
D11_BC47_191109_LF_LIB_consensus_vsearch	360	G	G	442	3	0.67%	2	2	93	93	0.12457817772799688	1	1	388	54	2	1	A
D11_BC47_191109_LF_LIB_consensus_vsearch	361	G	G	445	1	0.22%	2	1	93	93	0.4999999999999138	1	1	389	56	1	0	-AC
D11_BC47_191109_LF_LIB_consensus_vsearch	362	A	A	439	3	0.67%	2	1	93	93	0.12457531143833234	1	1	385	54	3	0	+CC
D11_BC47_191109_LF_LIB_consensus_vsearch	363	C	*/-G	235	152	34.23%	2	2	93	93	1.432546539121643E-54	1	1	215	20	123	29	-G
D11_BC47_191109_LF_LIB_consensus_vsearch	364	G	R	183	90	31.91%	2	1	93	93	1.1812132861288456E-31	1	1	157	26	90	0	A
D11_BC47_191109_LF_LIB_consensus_vsearch	365	G	R	356	77	17.66%	2	2	93	93	1.6166104913705268E-25	1	1	301	55	76	1	A
D11_BC47_191109_LF_LIB_consensus_vsearch	366	G	R	418	25	5.62%	2	2	93	93	2.1037565516145442E-8	1	1	363	55	24	1	A
D11_BC47_191109_LF_LIB_consensus_vsearch	367	G	R	434	9	2.01%	2	1	93	93	0.0018746170280654298	1	1	378	56	9	0	A
D11_BC47_191109_LF_LIB_consensus_vsearch	368	G	G	437	4	0.89%	2	1	93	93	0.062074589455845104	1	1	384	53	4	0	A
D11_BC47_191109_LF_LIB_consensus_vsearch	369	C	C	430	4	0.9%	2	1	93	93	0.062067724063454545	1	1	378	52	4	0	-T
D11_BC47_191109_LF_LIB_consensus_vsearch	370	T	*/+C	396	42	9.52%	2	1	93	93	8.099715308424027E-14	1	1	341	55	42	0	+C
D11_BC47_191109_LF_LIB_consensus_vsearch	371	C	C	432	4	0.9%	2	2	93	93	0.06206970811168755	1	1	379	53	2	2	-A
D11_BC47_191109_LF_LIB_consensus_vsearch	372	A	*/+G	422	8	1.81%	2	2	93	93	0.003780033413733114	1	1	375	47	3	5	+G
D11_BC47_191109_LF_LIB_consensus_vsearch	373	G	G	437	4	0.9%	2	1	93	93	0.062074589455845104	1	1	382	55	4	0	-A
D11_BC47_191109_LF_LIB_consensus_vsearch	374	A	*/-C	399	27	6.09%	2	2	93	93	4.869650820073079E-9	1	1	345	54	26	1	-C
D11_BC47_191109_LF_LIB_consensus_vsearch	375	C	C	410	4	0.96%	2	1	93	93	0.06204682862471882	1	1	357	53	4	0	G
D11_BC47_191109_LF_LIB_consensus_vsearch	376	C	C	435	6	1.35%	2	2	93	93	0.015359874699953162	1	1	385	50	1	5	T
D11_BC47_191109_LF_LIB_consensus_vsearch	377	C	Y	433	8	1.79%	2	2	93	93	0.003783158179516694	1	1	382	51	3	5	T
D11_BC47_191109_LF_LIB_consensus_vsearch	378	A	*/-C	425	7	1.58%	2	2	93	93	0.007623495521158642	1	1	370	55	6	1	-C
D11_BC47_191109_LF_LIB_consensus_vsearch	379	C	C	436	1	0.23%	2	1	93	93	0.5000000000008233	1	1	381	55	1	0	+A
D11_BC47_191109_LF_LIB_consensus_vsearch	380	C	Y	425	14	3.13%	2	2	93	93	5.493675610968029E-5	1	1	382	43	1	13	T
D11_BC47_191109_LF_LIB_consensus_vsearch	381	G	G	436	6	1.35%	2	1	93	93	0.01536047315528176	1	1	383	53	6	0	A
D11_BC47_191109_LF_LIB_consensus_vsearch	382	C	C	437	4	0.89%	2	1	93	93	0.062074589455845104	1	1	387	50	0	4	-TC
D11_BC47_191109_LF_LIB_consensus_vsearch	383	T	*/-CCT	394	22	4.97%	2	1	93	93	1.7928653904601798E-7	1	1	372	22	0	22	-CCT
D11_BC47_191109_LF_LIB_consensus_vsearch	384	C	C	403	3	0.73%	2	1	93	93	0.12453760789147728	1	1	380	23	3	0	+T
D11_BC47_191109_LF_LIB_consensus_vsearch	385	C	C	417	4	0.94%	2	2	93	93	0.06205436799087533	1	1	386	31	2	2	A
D11_BC47_191109_LF_LIB_consensus_vsearch	386	T	T	409	5	1.18%	2	2	93	93	0.03087281521381857	1	1	378	31	4	1	G
D11_BC47_191109_LF_LIB_consensus_vsearch	387	C	C	438	2	0.45%	2	1	93	93	0.24971558589274387	1	1	384	54	2	0	+A
D11_BC47_191109_LF_LIB_consensus_vsearch	388	A	R	433	7	1.57%	2	1	93	93	0.0076269161468125015	1	1	380	53	7	0	G
D11_BC47_191109_LF_LIB_consensus_vsearch	389	G	R	419	21	4.72%	2	2	93	93	3.7346484366063784E-7	1	1	366	53	20	1	A
D11_BC47_191109_LF_LIB_consensus_vsearch	390	C	C	437	3	0.67%	2	2	93	93	0.12457337883968563	1	1	385	52	2	1	T
D11_BC47_191109_LF_LIB_consensus_vsearch	391	G	G	440	4	0.89%	2	1	93	93	0.06207746546158639	1	1	385	55	4	0	-A
D11_BC47_191109_LF_LIB_consensus_vsearch	392	A	A	443	1	0.23%	2	1	93	93	0.4999999999999138	1	1	387	56	1	0	T
D11_BC47_191109_LF_LIB_consensus_vsearch	393	T	*/+C	431	15	3.35%	2	1	93	93	2.70757726321695E-5	1	1	375	56	15	0	+C
D11_BC47_191109_LF_LIB_consensus_vsearch	394	C	*/-A	417	14	3.13%	2	1	93	93	5.4827805419876506E-5	1	1	366	51	14	0	-A
D11_BC47_191109_LF_LIB_consensus_vsearch	395	A	A	418	4	0.93%	2	1	93	93	0.06205542461311247	1	1	367	51	4	0	G
D11_BC47_191109_LF_LIB_consensus_vsearch	396	A	*/-G	431	11	2.48%	2	1	93	93	4.584838174083158E-4	1	1	380	51	11	0	-G
D11_BC47_191109_LF_LIB_consensus_vsearch	397	G	R	395	26	5.95%	2	1	93	93	1.0007493567740277E-8	1	1	339	56	26	0	A
D11_BC47_191109_LF_LIB_consensus_vsearch	398	C	C	437	2	0.45%	2	1	93	93	0.24971493728629837	1	1	385	52	0	2	+TT
D11_BC47_191109_LF_LIB_consensus_vsearch	399	C	*/-A	426	18	4.03%	2	1	93	93	3.199800544200983E-6	1	1	371	55	18	0	-A
D11_BC47_191109_LF_LIB_consensus_vsearch	400	A	A	416	6	1.4%	2	1	93	93	0.015347966460357092	1	1	361	55	6	0	-CA
D11_BC47_191109_LF_LIB_consensus_vsearch	401	C	C	436	3	0.68%	2	1	93	93	0.12457240592922707	1	1	380	56	3	0	-A
D11_BC47_191109_LF_LIB_consensus_vsearch	402	A	A	432	4	0.91%	2	1	93	93	0.06206970811168755	1	1	376	56	4	0	G
D11_BC47_191109_LF_LIB_consensus_vsearch	403	T	T	443	4	0.89%	2	1	93	93	0.06208030284174911	1	1	391	52	0	4	-C
D11_BC47_191109_LF_LIB_consensus_vsearch	404	C	C	438	2	0.45%	2	1	93	93	0.24971558589274387	1	1	387	51	2	0	+T
D11_BC47_191109_LF_LIB_consensus_vsearch	405	T	*/-C	408	25	5.59%	2	1	93	93	2.0864097267404846E-8	1	1	352	56	25	0	-C
D11_BC47_191109_LF_LIB_consensus_vsearch	406	C	C	420	1	0.24%	2	1	93	93	0.4999999999999138	1	1	364	56	1	0	+TC
D11_BC47_191109_LF_LIB_consensus_vsearch	407	C	*/-G	429	15	3.35%	2	1	93	93	2.7060938566629196E-5	1	1	391	38	0	15	-G
D11_BC47_191109_LF_LIB_consensus_vsearch	408	G	G	428	4	0.92%	2	1	93	93	0.06206572163388339	1	1	388	40	4	0	A
D11_BC47_191109_LF_LIB_consensus_vsearch	409	G	G	449	0	0%	2	0	93	0	1.0	1	0	393	56	0	0	
D11_BC47_191109_LF_LIB_consensus_vsearch	410	A	A	438	6	1.34%	2	1	93	93	0.01536166199729829	1	1	382	56	6	0	+C
D11_BC47_191109_LF_LIB_consensus_vsearch	411	C	*/+A	428	12	2.67%	2	1	93	93	2.2627455527610537E-4	1	1	372	56	12	0	+A
D11_BC47_191109_LF_LIB_consensus_vsearch	412	G	*/-A	431	15	3.36%	2	1	93	93	2.70757726321695E-5	1	1	376	55	15	0	-A
D11_BC47_191109_LF_LIB_consensus_vsearch	413	A	A	431	1	0.23%	2	1	93	93	0.4999999999999138	1	1	375	56	1	0	+GA
D11_BC47_191109_LF_LIB_consensus_vsearch	414	A	*/-C	432	10	2.23%	2	2	93	93	9.275806861447792E-4	1	1	378	54	9	1	-C
D11_BC47_191109_LF_LIB_consensus_vsearch	415	C	C	436	2	0.46%	2	1	93	93	0.2497142857145226	1	1	381	55	2	0	T
D11_BC47_191109_LF_LIB_consensus_vsearch	416	C	Y	437	9	2%	2	2	93	93	0.0018751394156906677	1	1	389	48	1	8	T
D11_BC47_191109_LF_LIB_consensus_vsearch	417	G	G	440	3	0.67%	2	1	93	93	0.1245762711863649	1	1	385	55	3	0	+T
D11_BC47_191109_LF_LIB_consensus_vsearch	418	T	T	441	4	0.9%	2	1	93	93	0.062078415508149166	1	1	390	51	0	4	C
D11_BC47_191109_LF_LIB_consensus_vsearch	419	T	T	445	3	0.67%	2	2	93	93	0.12458100558661131	1	1	391	54	2	1	C
D11_BC47_191109_LF_LIB_consensus_vsearch	420	T	*/-C	420	19	4.23%	2	2	93	93	1.5632171313242003E-6	1	1	379	41	5	14	-C
D11_BC47_191109_LF_LIB_consensus_vsearch	421	C	C	425	1	0.23%	2	1	93	93	0.4999999999999138	1	1	384	41	0	1	+G
D11_BC47_191109_LF_LIB_consensus_vsearch	422	C	C	436	5	1.12%	2	2	93	93	0.030895894751978216	1	1	383	53	4	1	+A
D11_BC47_191109_LF_LIB_consensus_vsearch	423	G	G	435	4	0.89%	2	2	93	93	0.06207265026891802	1	1	381	54	3	1	A
D11_BC47_191109_LF_LIB_consensus_vsearch	424	T	T	433	6	1.35%	2	2	93	93	0.01535866962898151	1	1	380	53	5	1	-G
D11_BC47_191109_LF_LIB_consensus_vsearch	425	G	G	437	2	0.45%	2	2	93	93	0.24971493728629837	1	1	383	54	1	1	C
D11_BC47_191109_LF_LIB_consensus_vsearch	426	G	G	442	3	0.67%	2	2	93	93	0.12457817772799688	1	1	388	54	2	1	-C
D11_BC47_191109_LF_LIB_consensus_vsearch	427	C	C	436	3	0.67%	2	2	93	93	0.12457240592922707	1	1	385	51	1	2	T
D11_BC47_191109_LF_LIB_consensus_vsearch	428	T	T	439	3	0.67%	2	1	93	93	0.12457531143833234	1	1	385	54	3	0	+C
D11_BC47_191109_LF_LIB_consensus_vsearch	429	C	C	443	2	0.45%	2	1	93	93	0.2497187851519112	1	1	391	52	0	2	-T
D11_BC47_191109_LF_LIB_consensus_vsearch	430	T	T	439	2	0.45%	2	1	93	93	0.2497162315547306	1	1	385	54	2	0	+CT
D11_BC47_191109_LF_LIB_consensus_vsearch	431	G	G	443	2	0.45%	2	1	93	93	0.2497187851519112	1	1	389	54	2	0	+C
D11_BC47_191109_LF_LIB_consensus_vsearch	432	C	*/-GC	431	8	1.78%	2	1	93	93	0.003782601599602771	1	1	377	54	8	0	-GC
D11_BC47_191109_LF_LIB_consensus_vsearch	433	G	G	435	3	0.68%	2	1	93	93	0.12457142857152662	1	1	379	56	3	0	T
D11_BC47_191109_LF_LIB_consensus_vsearch	434	C	C	432	2	0.45%	2	1	93	93	0.2497116493653279	1	1	376	56	2	0	+A
D11_BC47_191109_LF_LIB_consensus_vsearch	435	T	T	439	4	0.89%	2	2	93	93	0.06207651112360454	1	1	389	50	2	2	-G
D11_BC47_191109_LF_LIB_consensus_vsearch	436	G	G	435	2	0.45%	2	1	93	93	0.24971363115699957	1	1	383	52	2	0	+C
D11_BC47_191109_LF_LIB_consensus_vsearch	437	T	T	440	3	0.67%	2	2	93	93	0.1245762711863649	1	1	388	52	2	1	C
D11_BC47_191109_LF_LIB_consensus_vsearch	438	T	*/+C	431	9	2.01%	2	1	93	93	0.0018740875957096264	1	1	379	52	9	0	+C
D11_BC47_191109_LF_LIB_consensus_vsearch	439	C	*/-G	431	12	2.68%	2	1	93	93	2.2639257424578987E-4	1	1	389	42	0	12	-G
D11_BC47_191109_LF_LIB_consensus_vsearch	440	G	G	427	3	0.69%	2	1	93	93	0.12456344586746677	1	1	387	40	3	0	+A
D11_BC47_191109_LF_LIB_consensus_vsearch	441	G	G	445	2	0.45%	2	1	93	93	0.2497200447932722	1	1	390	55	2	0	-A
D11_BC47_191109_LF_LIB_consensus_vsearch	442	A	A	443	2	0.45%	2	1	93	93	0.2497187851519112	1	1	388	55	2	0	G
D11_BC47_191109_LF_LIB_consensus_vsearch	443	C	C	444	1	0.22%	2	1	93	93	0.5000000000008233	1	1	390	54	1	0	+A
D11_BC47_191109_LF_LIB_consensus_vsearch	444	G	G	443	2	0.45%	2	1	93	93	0.2497187851519112	1	1	387	56	2	0	-A
D11_BC47_191109_LF_LIB_consensus_vsearch	445	A	A	436	4	0.9%	2	2	93	93	0.0620736220670793	1	1	382	54	2	2	G
D11_BC47_191109_LF_LIB_consensus_vsearch	446	C	*/+A	395	20	4.48%	2	2	93	93	7.543651339090008E-7	1	1	343	52	19	1	+A
D11_BC47_191109_LF_LIB_consensus_vsearch	447	A	A	418	4	0.93%	2	1	93	93	0.06205542461311247	1	1	365	53	4	0	C
D11_BC47_191109_LF_LIB_consensus_vsearch	448	A	*/-G	430	10	2.23%	2	1	93	93	9.273613705492817E-4	1	1	376	54	10	0	-G
D11_BC47_191109_LF_LIB_consensus_vsearch	449	G	G	427	5	1.15%	2	1	93	93	0.03088852192937873	1	1	373	54	5	0	A
D11_BC47_191109_LF_LIB_consensus_vsearch	450	A	A	436	4	0.9%	2	1	93	93	0.0620736220670793	1	1	380	56	4	0	-T
D11_BC47_191109_LF_LIB_consensus_vsearch	451	T	T	430	6	1.35%	2	1	93	93	0.015356841341651906	1	1	374	56	6	0	-A
D11_BC47_191109_LF_LIB_consensus_vsearch	452	A	A	428	5	1.14%	2	1	93	93	0.030889356258247617	1	1	372	56	5	0	C
D11_BC47_191109_LF_LIB_consensus_vsearch	453	A	R	421	14	3.15%	2	1	93	93	5.4882762612112586E-5	1	1	369	52	14	0	G
D11_BC47_191109_LF_LIB_consensus_vsearch	454	C	C	435	4	0.9%	2	2	93	93	0.06207265026891802	1	1	382	53	2	2	+T
D11_BC47_191109_LF_LIB_consensus_vsearch	455	T	T	433	6	1.35%	2	2	93	93	0.01535866962898151	1	1	387	46	1	5	C
D11_BC47_191109_LF_LIB_consensus_vsearch	456	C	C	437	5	1.12%	2	2	93	93	0.03089669543126854	1	1	383	54	4	1	+A
D11_BC47_191109_LF_LIB_consensus_vsearch	457	G	G	436	6	1.34%	2	2	93	93	0.01536047315528176	1	1	382	54	5	1	A
D11_BC47_191109_LF_LIB_consensus_vsearch	458	T	*/-C	348	70	15.62%	2	2	93	93	3.611559659106756E-23	1	1	296	52	69	1	-C
D11_BC47_191109_LF_LIB_consensus_vsearch	459	C	C	356	1	0.28%	2	1	93	93	0.4999999999999138	1	1	302	54	1	0	T
D11_BC47_191109_LF_LIB_consensus_vsearch	460	C	C	427	1	0.23%	2	1	93	93	0.4999999999990043	1	1	372	55	1	0	G
D11_BC47_191109_LF_LIB_consensus_vsearch	461	C	C	428	5	1.13%	2	1	93	93	0.030889356258247617	1	1	376	52	5	0	+G
D11_BC47_191109_LF_LIB_consensus_vsearch	462	C	C	436	3	0.67%	2	2	93	93	0.12457240592922707	1	1	385	51	1	2	T
D11_BC47_191109_LF_LIB_consensus_vsearch	463	G	G	436	4	0.91%	2	1	93	93	0.0620736220670793	1	1	382	54	4	0	+C
D11_BC47_191109_LF_LIB_consensus_vsearch	464	C	C	437	5	1.12%	2	1	93	93	0.03089669543126854	1	1	384	53	5	0	-G
D11_BC47_191109_LF_LIB_consensus_vsearch	465	G	*/-C	427	7	1.59%	2	1	93	93	0.007624362444354587	1	1	370	57	7	0	-C
D11_BC47_191109_LF_LIB_consensus_vsearch	466	C	C	429	3	0.68%	2	1	93	93	0.12456546929309553	1	1	372	57	3	0	A
D11_BC47_191109_LF_LIB_consensus_vsearch	467	C	*/+G	425	9	2.02%	2	1	93	93	0.0018730070190884252	1	1	368	57	9	0	+G
D11_BC47_191109_LF_LIB_consensus_vsearch	468	A	M	401	12	2.71%	2	1	93	93	2.251372974218295E-4	1	1	344	57	12	0	C
D11_BC47_191109_LF_LIB_consensus_vsearch	469	T	Y	421	14	3.17%	2	1	93	93	5.4882762612112586E-5	1	1	365	56	14	0	C
D11_BC47_191109_LF_LIB_consensus_vsearch	470	A	A	426	5	1.14%	2	1	93	93	0.0308876837313223	1	1	369	57	5	0	T
D11_BC47_191109_LF_LIB_consensus_vsearch	471	A	R	433	10	2.23%	2	1	93	93	9.276896125167864E-4	1	1	376	57	10	0	G
D11_BC47_191109_LF_LIB_consensus_vsearch	472	C	*/+TT	413	10	2.23%	2	1	93	93	9.254147741675464E-4	1	1	356	57	10	0	+TT
D11_BC47_191109_LF_LIB_consensus_vsearch	473	A	A	427	4	0.91%	2	1	93	93	0.06206471344608787	1	1	370	57	4	0	+C
D11_BC47_191109_LF_LIB_consensus_vsearch	474	C	C	426	5	1.13%	2	1	93	93	0.0308876837313223	1	1	372	54	5	0	+AC
D11_BC47_191109_LF_LIB_consensus_vsearch	475	C	C	435	6	1.35%	2	2	93	93	0.015359874699953162	1	1	385	50	1	5	T
D11_BC47_191109_LF_LIB_consensus_vsearch	476	G	G	442	6	1.34%	2	1	93	93	0.015364007910021836	1	1	385	57	6	0	A
D11_BC47_191109_LF_LIB_consensus_vsearch	477	T	*/-C	391	51	11.38%	2	1	93	93	9.610052527168376E-17	1	1	334	57	51	0	-C
D11_BC47_191109_LF_LIB_consensus_vsearch	478	C	C	391	1	0.25%	2	1	93	93	0.4999999999999138	1	1	335	56	1	0	+AT
D11_BC47_191109_LF_LIB_consensus_vsearch	479	C	C	432	4	0.9%	2	1	93	93	0.06206970811168755	1	1	376	56	4	0	+A
D11_BC47_191109_LF_LIB_consensus_vsearch	480	C	C	442	4	0.89%	2	2	93	93	0.06207936129200334	1	1	389	53	1	3	T
D11_BC47_191109_LF_LIB_consensus_vsearch	481	A	R	437	8	1.78%	2	1	93	93	0.00378425644253265	1	1	381	56	8	0	G
D11_BC47_191109_LF_LIB_consensus_vsearch	482	T	*/+A	429	7	1.57%	2	1	93	93	0.007625221451403564	1	1	375	54	7	0	+A
D11_BC47_191109_LF_LIB_consensus_vsearch	483	G	R	432	7	1.57%	2	1	93	93	0.0076264953547406375	1	1	377	55	7	0	A
D11_BC47_191109_LF_LIB_consensus_vsearch	484	G	G	446	3	0.67%	2	1	93	93	0.1245819397993151	1	1	389	57	3	0	A
D11_BC47_191109_LF_LIB_consensus_vsearch	485	G	G	444	5	1.11%	2	1	93	93	0.03090220038242228	1	1	387	57	5	0	T
D11_BC47_191109_LF_LIB_consensus_vsearch	486	T	T	442	3	0.67%	2	1	93	93	0.12457817772799688	1	1	385	57	3	0	-C
D11_BC47_191109_LF_LIB_consensus_vsearch	487	C	C	434	4	0.89%	2	1	93	93	0.062071674030406296	1	1	377	57	4	0	+G
D11_BC47_191109_LF_LIB_consensus_vsearch	488	A	R	421	8	1.81%	2	1	93	93	0.0037797414596765903	1	1	368	53	8	0	G
D11_BC47_191109_LF_LIB_consensus_vsearch	489	T	*/-AT	422	10	2.25%	2	2	93	93	9.264641146701706E-4	1	1	377	45	3	7	-AT
D11_BC47_191109_LF_LIB_consensus_vsearch	490	A	A	420	5	1.15%	2	1	93	93	0.030882571759557657	1	1	375	45	5	0	-T
D11_BC47_191109_LF_LIB_consensus_vsearch	491	T	K	418	7	1.62%	2	2	93	93	0.007620397344640596	1	1	374	44	2	5	G
D11_BC47_191109_LF_LIB_consensus_vsearch	492	G	G	431	6	1.35%	2	1	93	93	0.015357453553398438	1	1	376	55	6	0	-C
D11_BC47_191109_LF_LIB_consensus_vsearch	493	C	C	437	2	0.45%	2	1	93	93	0.24971493728629837	1	1	385	52	0	2	-GT
D11_BC47_191109_LF_LIB_consensus_vsearch	494	G	G	427	4	0.9%	2	1	93	93	0.06206471344608787	1	1	378	49	4	0	+T
D11_BC47_191109_LF_LIB_consensus_vsearch	495	T	Y	427	7	1.59%	2	1	93	93	0.007624362444354587	1	1	383	44	0	7	C
D11_BC47_191109_LF_LIB_consensus_vsearch	496	T	T	442	3	0.67%	2	2	93	93	0.12457817772799688	1	1	388	54	2	1	C
D11_BC47_191109_LF_LIB_consensus_vsearch	497	G	R	426	10	2.25%	2	2	93	93	9.269167954843176E-4	1	1	372	54	9	1	A
D11_BC47_191109_LF_LIB_consensus_vsearch	498	C	C	439	2	0.45%	2	1	93	93	0.2497162315547306	1	1	383	56	2	0	A
D11_BC47_191109_LF_LIB_consensus_vsearch	499	C	*/-G	426	9	2%	2	1	93	93	0.001873189162106254	1	1	370	56	9	0	-G
D11_BC47_191109_LF_LIB_consensus_vsearch	500	G	R	423	9	2.07%	2	1	93	93	0.0018726402317850155	1	1	367	56	9	0	A
D11_BC47_191109_LF_LIB_consensus_vsearch	501	C	*/-T	415	16	3.6%	2	2	93	93	1.3241920793983298E-5	1	1	364	51	11	5	-T
D11_BC47_191109_LF_LIB_consensus_vsearch	502	T	Y	407	11	2.59%	2	1	93	93	4.568081577093064E-4	1	1	355	52	11	0	C
D11_BC47_191109_LF_LIB_consensus_vsearch	503	T	Y	406	23	5.23%	2	1	93	93	8.806115461137906E-8	1	1	355	51	23	0	C
D11_BC47_191109_LF_LIB_consensus_vsearch	504	A	A	435	3	0.68%	2	1	93	93	0.12457142857152662	1	1	381	54	3	0	C
D11_BC47_191109_LF_LIB_consensus_vsearch	505	A	A	446	2	0.44%	2	1	93	93	0.24972067039122897	1	1	389	57	2	0	G
D11_BC47_191109_LF_LIB_consensus_vsearch	506	A	R	399	39	8.67%	2	1	93	93	7.506569170116938E-13	1	1	349	50	39	0	G
D11_BC47_191109_LF_LIB_consensus_vsearch	507	C	*/+A	427	10	2.27%	2	1	93	93	9.270286906046182E-4	1	1	378	49	10	0	+A
D11_BC47_191109_LF_LIB_consensus_vsearch	508	C	C	440	2	0.45%	2	1	93	93	0.2497168742917677	1	1	388	52	2	0	-T
D11_BC47_191109_LF_LIB_consensus_vsearch	509	T	*/-C	422	9	2.03%	2	2	93	93	0.0018724555760242295	1	1	379	43	4	5	-C
D11_BC47_191109_LF_LIB_consensus_vsearch	510	C	C	427	1	0.23%	2	1	93	93	0.4999999999990043	1	1	384	43	1	0	+A
D11_BC47_191109_LF_LIB_consensus_vsearch	511	C	C	435	4	0.91%	2	2	93	93	0.06207265026891802	1	1	388	47	1	3	-TC
D11_BC47_191109_LF_LIB_consensus_vsearch	512	T	*/+C	392	36	8.28%	2	1	93	93	6.750784460639238E-12	1	1	346	46	36	0	+C
D11_BC47_191109_LF_LIB_consensus_vsearch	513	C	*/-G	432	10	2.25%	2	2	93	93	9.275806861447792E-4	1	1	387	45	1	9	-G
D11_BC47_191109_LF_LIB_consensus_vsearch	514	G	G	435	2	0.46%	2	1	93	93	0.24971363115699957	1	1	387	48	2	0	A
D11_BC47_191109_LF_LIB_consensus_vsearch	515	G	G	444	2	0.45%	2	2	93	93	0.24971941638606426	1	1	388	56	1	1	A
D11_BC47_191109_LF_LIB_consensus_vsearch	516	A	A	444	1	0.22%	2	1	93	93	0.5000000000008233	1	1	388	56	1	0	+TTGCT
D11_BC47_191109_LF_LIB_consensus_vsearch	517	C	C	445	2	0.45%	2	1	93	93	0.2497200447932722	1	1	389	56	2	0	T
D11_BC47_191109_LF_LIB_consensus_vsearch	518	A	A	440	4	0.89%	2	2	93	93	0.06207746546158639	1	1	385	55	3	1	G
D11_BC47_191109_LF_LIB_consensus_vsearch	519	T	T	440	3	0.67%	2	1	93	93	0.1245762711863649	1	1	384	56	3	0	+G
D11_BC47_191109_LF_LIB_consensus_vsearch	520	C	*/+AC	424	16	3.56%	2	1	93	93	1.3281070163027198E-5	1	1	368	56	16	0	+AC
D11_BC47_191109_LF_LIB_consensus_vsearch	521	G	S	413	23	5.15%	2	1	93	93	8.850187384154793E-8	1	1	356	57	23	0	C
D11_BC47_191109_LF_LIB_consensus_vsearch	522	C	C	446	2	0.45%	2	1	93	93	0.24972067039122897	1	1	389	57	2	0	T
D11_BC47_191109_LF_LIB_consensus_vsearch	523	A	A	446	3	0.67%	2	1	93	93	0.1245819397993151	1	1	389	57	3	0	G
D11_BC47_191109_LF_LIB_consensus_vsearch	524	G	G	438	4	0.89%	2	1	93	93	0.0620755524648183	1	1	382	56	4	0	+C
D11_BC47_191109_LF_LIB_consensus_vsearch	525	C	C	444	1	0.22%	2	1	93	93	0.5000000000008233	1	1	388	56	1	0	+AGC
D11_BC47_191109_LF_LIB_consensus_vsearch	526	C	C	446	3	0.67%	2	1	93	93	0.1245819397993151	1	1	389	57	3	0	+A
D11_BC47_191109_LF_LIB_consensus_vsearch	527	G	G	447	1	0.22%	2	1	93	93	0.5000000000008233	1	1	391	56	1	0	+A
D11_BC47_191109_LF_LIB_consensus_vsearch	528	G	G	446	3	0.67%	2	1	93	93	0.1245819397993151	1	1	389	57	3	0	A
D11_BC47_191109_LF_LIB_consensus_vsearch	529	A	A	448	1	0.22%	2	1	93	93	0.5000000000008233	1	1	391	57	1	0	G
D11_BC47_191109_LF_LIB_consensus_vsearch	530	T	T	440	6	1.33%	2	1	93	93	0.015362840201509007	1	1	383	57	6	0	+C
D11_BC47_191109_LF_LIB_consensus_vsearch	531	C	C	445	3	0.67%	2	2	93	93	0.12458100558661131	1	1	389	56	2	1	-A
D11_BC47_191109_LF_LIB_consensus_vsearch	532	A	A	443	3	0.67%	2	1	93	93	0.12457912457918291	1	1	387	56	3	0	G
D11_BC47_191109_LF_LIB_consensus_vsearch	533	A	R	425	22	4.89%	2	1	93	93	1.82955822830081E-7	1	1	369	56	22	0	G
D11_BC47_191109_LF_LIB_consensus_vsearch	534	C	C	448	1	0.22%	2	1	93	93	0.5000000000008233	1	1	391	57	1	0	+A
D11_BC47_191109_LF_LIB_consensus_vsearch	535	G	*/-CG	435	12	2.67%	2	2	93	93	2.2654752970435957E-4	1	1	380	55	10	2	-CG
D11_BC47_191109_LF_LIB_consensus_vsearch	536	C	C	432	2	0.46%	2	1	93	93	0.2497116493653279	1	1	380	52	0	2	-G
D11_BC47_191109_LF_LIB_consensus_vsearch	537	G	G	425	6	1.38%	2	1	93	93	0.015353737770788975	1	1	373	52	6	0	A
D11_BC47_191109_LF_LIB_consensus_vsearch	538	G	G	446	2	0.45%	2	1	93	93	0.24972067039122897	1	1	390	56	2	0	A
D11_BC47_191109_LF_LIB_consensus_vsearch	539	C	*/+T	412	11	2.45%	2	1	93	93	4.571726097283556E-4	1	1	361	51	11	0	+T
D11_BC47_191109_LF_LIB_consensus_vsearch	540	T	T	430	3	0.69%	2	1	93	93	0.12456647398843287	1	1	378	52	3	0	C
D11_BC47_191109_LF_LIB_consensus_vsearch	541	T	T	440	1	0.23%	2	1	93	93	0.4999999999999138	1	1	384	56	1	0	C
D11_BC47_191109_LF_LIB_consensus_vsearch	542	T	*/-C	341	88	19.69%	2	2	93	93	2.2234980073974305E-29	1	1	311	30	68	20	-C
D11_BC47_191109_LF_LIB_consensus_vsearch	543	C	Y	345	7	1.97%	2	2	93	93	0.007580787381458834	1	1	313	32	6	1	T
D11_BC47_191109_LF_LIB_consensus_vsearch	544	C	C	430	4	0.9%	2	1	93	93	0.062067724063454545	1	1	378	52	4	0	G
D11_BC47_191109_LF_LIB_consensus_vsearch	545	C	C	428	5	1.12%	2	2	93	93	0.030889356258247617	1	1	381	47	3	2	-TT
D11_BC47_191109_LF_LIB_consensus_vsearch	546	T	T	434	2	0.46%	2	1	93	93	0.24971297359331265	1	1	382	52	2	0	C
D11_BC47_191109_LF_LIB_consensus_vsearch	547	T	T	436	3	0.68%	2	1	93	93	0.12457240592922707	1	1	384	52	3	0	C
D11_BC47_191109_LF_LIB_consensus_vsearch	548	T	T	435	6	1.34%	2	1	93	93	0.015359874699953162	1	1	380	55	6	0	+C
D11_BC47_191109_LF_LIB_consensus_vsearch	549	C	C	437	5	1.12%	2	1	93	93	0.03089669543126854	1	1	384	53	5	0	-A
D11_BC47_191109_LF_LIB_consensus_vsearch	550	A	A	437	3	0.68%	2	1	93	93	0.12457337883968563	1	1	380	57	3	0	G
D11_BC47_191109_LF_LIB_consensus_vsearch	551	A	R	414	31	6.94%	2	1	93	93	2.7105802570329546E-10	1	1	357	57	31	0	G
D11_BC47_191109_LF_LIB_consensus_vsearch	552	C	C	432	4	0.89%	2	1	93	93	0.06206970811168755	1	1	377	55	4	0	+A
D11_BC47_191109_LF_LIB_consensus_vsearch	553	G	R	427	18	4.03%	2	1	93	93	3.201090232328667E-6	1	1	371	56	18	0	A
D11_BC47_191109_LF_LIB_consensus_vsearch	554	G	G	447	1	0.22%	2	1	93	93	0.5000000000008233	1	1	390	57	1	0	A
D11_BC47_191109_LF_LIB_consensus_vsearch	555	G	G	448	1	0.22%	2	1	93	93	0.5000000000008233	1	1	391	57	1	0	+C
D11_BC47_191109_LF_LIB_consensus_vsearch	556	C	*/-G	404	22	4.89%	2	2	93	93	1.8052173937079276E-7	1	1	357	47	17	5	-G
D11_BC47_191109_LF_LIB_consensus_vsearch	557	G	R	390	34	8.02%	2	1	93	93	2.922594505567604E-11	1	1	338	52	34	0	A
D11_BC47_191109_LF_LIB_consensus_vsearch	558	G	G	443	2	0.45%	2	1	93	93	0.2497187851519112	1	1	387	56	2	0	A
D11_BC47_191109_LF_LIB_consensus_vsearch	559	G	*/-A	398	38	8.44%	2	2	93	93	1.5663126795780963E-12	1	1	343	55	37	1	-A
D11_BC47_191109_LF_LIB_consensus_vsearch	560	A	A	403	1	0.25%	2	1	93	93	0.4999999999999138	1	1	347	56	1	0	-G
D11_BC47_191109_LF_LIB_consensus_vsearch	561	G	G	437	4	0.9%	2	2	93	93	0.062074589455845104	1	1	381	56	3	1	-T
D11_BC47_191109_LF_LIB_consensus_vsearch	562	T	T	437	2	0.45%	2	1	93	93	0.24971493728629837	1	1	382	55	2	0	+G
D11_BC47_191109_LF_LIB_consensus_vsearch	563	G	G	437	4	0.9%	2	1	93	93	0.062074589455845104	1	1	383	54	4	0	+A
D11_BC47_191109_LF_LIB_consensus_vsearch	564	G	G	447	1	0.22%	2	1	93	93	0.5000000000008233	1	1	391	56	0	1	-TG
D11_BC47_191109_LF_LIB_consensus_vsearch	565	T	T	434	6	1.34%	2	1	93	93	0.015359273530652235	1	1	381	53	6	0	-GAC
D11_BC47_191109_LF_LIB_consensus_vsearch	566	G	G	439	2	0.45%	2	1	93	93	0.2497162315547306	1	1	384	55	2	0	-A
D11_BC47_191109_LF_LIB_consensus_vsearch	567	A	A	434	3	0.68%	2	1	93	93	0.12457044673541934	1	1	377	57	3	0	G
D11_BC47_191109_LF_LIB_consensus_vsearch	568	C	*/-A	413	20	4.54%	2	1	93	93	7.619255358760037E-7	1	1	357	56	20	0	-A
D11_BC47_191109_LF_LIB_consensus_vsearch	569	A	A	413	5	1.18%	2	1	93	93	0.030876422425220783	1	1	359	54	5	0	G
D11_BC47_191109_LF_LIB_consensus_vsearch	570	C	C	432	5	1.14%	2	2	93	93	0.03089265541177198	1	1	382	50	1	4	-T
D11_BC47_191109_LF_LIB_consensus_vsearch	571	T	*/-CC	423	12	2.71%	2	1	93	93	2.2607433164831964E-4	1	1	386	37	0	12	-CC
D11_BC47_191109_LF_LIB_consensus_vsearch	572	C	C	428	1	0.23%	2	1	93	93	0.5000000000008233	1	1	386	42	1	0	+TC
D11_BC47_191109_LF_LIB_consensus_vsearch	573	C	C	429	3	0.68%	2	1	93	93	0.12456546929309553	1	1	387	42	3	0	A
D11_BC47_191109_LF_LIB_consensus_vsearch	574	G	G	446	2	0.44%	2	1	93	93	0.24972067039122897	1	1	389	57	2	0	-A
D11_BC47_191109_LF_LIB_consensus_vsearch	575	A	A	445	2	0.45%	2	1	93	93	0.2497200447932722	1	1	388	57	2	0	+G
D11_BC47_191109_LF_LIB_consensus_vsearch	576	C	C	447	1	0.22%	2	1	93	93	0.5000000000008233	1	1	391	56	1	0	+AC
D11_BC47_191109_LF_LIB_consensus_vsearch	577	G	*/+T	415	18	4.01%	2	1	93	93	3.1852487497487506E-6	1	1	358	57	18	0	+T
D11_BC47_191109_LF_LIB_consensus_vsearch	578	T	T	435	3	0.68%	2	2	93	93	0.12457142857152662	1	1	379	56	2	1	C
D11_BC47_191109_LF_LIB_consensus_vsearch	579	T	T	443	2	0.45%	2	1	93	93	0.2497187851519112	1	1	386	57	2	0	A
D11_BC47_191109_LF_LIB_consensus_vsearch	580	T	T	442	4	0.89%	2	1	93	93	0.06207936129200334	1	1	385	57	4	0	C
D11_BC47_191109_LF_LIB_consensus_vsearch	581	A	A	439	4	0.9%	2	1	93	93	0.06207651112360454	1	1	382	57	4	0	+C
D11_BC47_191109_LF_LIB_consensus_vsearch	582	T	*/+A	414	8	1.79%	2	1	93	93	0.00377765934383424	1	1	358	56	8	0	+A
D11_BC47_191109_LF_LIB_consensus_vsearch	583	A	R	417	9	2.08%	2	2	93	93	0.0018715194418685113	1	1	361	56	8	1	G
D11_BC47_191109_LF_LIB_consensus_vsearch	584	A	*/-G	342	64	14.55%	2	1	93	93	3.65553292737631E-21	1	1	287	55	64	0	-G
D11_BC47_191109_LF_LIB_consensus_vsearch	585	G	R	342	18	4.95%	2	1	93	93	3.068059604573235E-6	1	1	285	57	18	0	A
D11_BC47_191109_LF_LIB_consensus_vsearch	586	G	R	398	12	2.77%	2	1	93	93	2.2500193940881333E-4	1	1	342	56	12	0	A
D11_BC47_191109_LF_LIB_consensus_vsearch	587	A	A	421	2	0.47%	2	1	93	93	0.24970414201215435	1	1	364	57	2	0	+G
D11_BC47_191109_LF_LIB_consensus_vsearch	588	A	A	434	4	0.91%	2	1	93	93	0.062071674030406296	1	1	377	57	4	0	G
D11_BC47_191109_LF_LIB_consensus_vsearch	589	T	*/-C	425	15	3.35%	2	2	93	93	2.703088397887027E-5	1	1	372	53	12	3	-C
D11_BC47_191109_LF_LIB_consensus_vsearch	590	C	C	429	2	0.46%	2	1	93	93	0.2497096399537788	1	1	375	54	2	0	+A
D11_BC47_191109_LF_LIB_consensus_vsearch	591	C	C	439	5	1.11%	2	2	93	93	0.030898285976353152	1	1	384	55	4	1	-T
D11_BC47_191109_LF_LIB_consensus_vsearch	592	T	T	436	5	1.12%	2	2	93	93	0.030895894751978216	1	1	384	52	3	2	-C
D11_BC47_191109_LF_LIB_consensus_vsearch	593	C	*/+A	424	15	3.38%	2	1	93	93	2.7023288595668283E-5	1	1	370	54	15	0	+A
D11_BC47_191109_LF_LIB_consensus_vsearch	594	C	C	441	5	1.11%	2	1	93	93	0.030899862264693823	1	1	385	56	5	0	-TCC
D11_BC47_191109_LF_LIB_consensus_vsearch	595	T	*/-C	377	46	10.41%	2	2	93	93	3.897626105881591E-15	1	1	328	49	42	4	-C
D11_BC47_191109_LF_LIB_consensus_vsearch	596	C	C	392	1	0.25%	2	1	93	93	0.4999999999990043	1	1	341	51	1	0	+A
D11_BC47_191109_LF_LIB_consensus_vsearch	597	C	C	437	1	0.23%	2	1	93	93	0.4999999999999138	1	1	383	54	1	0	+A
D11_BC47_191109_LF_LIB_consensus_vsearch	598	C	Y	420	21	4.71%	2	2	93	93	3.7367679873605715E-7	1	1	385	35	1	20	T
D11_BC47_191109_LF_LIB_consensus_vsearch	599	G	*/-T	414	25	5.59%	2	2	93	93	2.0968982613285846E-8	1	1	359	55	24	1	-T
D11_BC47_191109_LF_LIB_consensus_vsearch	600	T	T	420	2	0.47%	2	2	93	93	0.24970344009506698	1	1	365	55	1	1	C
D11_BC47_191109_LF_LIB_consensus_vsearch	601	T	T	445	1	0.22%	2	1	93	93	0.4999999999999138	1	1	388	57	1	0	A
D11_BC47_191109_LF_LIB_consensus_vsearch	602	T	*/-A	423	10	2.23%	2	1	93	93	9.26578056881533E-4	1	1	366	57	10	0	-A
D11_BC47_191109_LF_LIB_consensus_vsearch	603	A	*/-G	395	19	4.33%	2	2	93	93	1.544120237068303E-6	1	1	359	36	2	17	-G
D11_BC47_191109_LF_LIB_consensus_vsearch	604	G	G	427	2	0.47%	2	1	93	93	0.24970828471410914	1	1	387	40	2	0	+A
D11_BC47_191109_LF_LIB_consensus_vsearch	605	G	G	446	2	0.44%	2	1	93	93	0.24972067039122897	1	1	389	57	2	0	A
D11_BC47_191109_LF_LIB_consensus_vsearch	606	A	A	448	1	0.22%	2	1	93	93	0.5000000000008233	1	1	391	57	1	0	G
D11_BC47_191109_LF_LIB_consensus_vsearch	607	T	*/+C	440	8	1.78%	2	1	93	93	0.0037850673649748043	1	1	383	57	8	0	+C
D11_BC47_191109_LF_LIB_consensus_vsearch	608	C	C	443	3	0.67%	2	1	93	93	0.12457912457918291	1	1	388	55	3	0	+A
D11_BC47_191109_LF_LIB_consensus_vsearch	609	G	R	426	20	4.47%	2	1	93	93	7.670401398458838E-7	1	1	371	55	20	0	A
D11_BC47_191109_LF_LIB_consensus_vsearch	610	G	G	443	4	0.89%	2	2	93	93	0.06208030284174911	1	1	391	52	2	2	A
D11_BC47_191109_LF_LIB_consensus_vsearch	611	C	C	443	2	0.45%	2	1	93	93	0.2497187851519112	1	1	391	52	0	2	-T
D11_BC47_191109_LF_LIB_consensus_vsearch	612	T	T	441	3	0.67%	2	1	93	93	0.12457722660661777	1	1	386	55	3	0	+C
D11_BC47_191109_LF_LIB_consensus_vsearch	613	C	C	445	2	0.45%	2	1	93	93	0.2497200447932722	1	1	388	57	2	0	-A
D11_BC47_191109_LF_LIB_consensus_vsearch	614	A	*/-C	360	49	10.96%	2	2	93	93	3.8492250170509834E-16	1	1	304	56	48	1	-C
D11_BC47_191109_LF_LIB_consensus_vsearch	615	C	C	390	4	1%	2	2	93	93	0.062023810487337606	1	1	338	52	1	3	+T
D11_BC47_191109_LF_LIB_consensus_vsearch	616	C	C	444	2	0.45%	2	1	93	93	0.24971941638606426	1	1	388	56	2	0	+G
D11_BC47_191109_LF_LIB_consensus_vsearch	617	C	C	439	4	0.89%	2	1	93	93	0.06207651112360454	1	1	387	52	0	4	T
D11_BC47_191109_LF_LIB_consensus_vsearch	618	G	R	432	7	1.56%	2	1	93	93	0.0076264953547406375	1	1	376	56	7	0	A
D11_BC47_191109_LF_LIB_consensus_vsearch	619	C	C	430	4	0.9%	2	1	93	93	0.062067724063454545	1	1	374	56	4	0	+G
D11_BC47_191109_LF_LIB_consensus_vsearch	620	G	G	426	4	0.91%	2	1	93	93	0.06206370056623179	1	1	369	57	4	0	-TA
D11_BC47_191109_LF_LIB_consensus_vsearch	621	T	T	434	4	0.9%	2	1	93	93	0.062071674030406296	1	1	377	57	4	0	C
D11_BC47_191109_LF_LIB_consensus_vsearch	622	A	A	434	5	1.12%	2	1	93	93	0.030894282456439635	1	1	377	57	5	0	G
D11_BC47_191109_LF_LIB_consensus_vsearch	623	C	C	442	2	0.45%	2	1	93	93	0.2497181510708481	1	1	385	57	2	0	+GC
D11_BC47_191109_LF_LIB_consensus_vsearch	624	C	*/-A	438	8	1.78%	2	1	93	93	0.0037845279531252564	1	1	381	57	8	0	-A
D11_BC47_191109_LF_LIB_consensus_vsearch	625	A	A	432	5	1.13%	2	1	93	93	0.03089265541177198	1	1	376	56	5	0	+T
D11_BC47_191109_LF_LIB_consensus_vsearch	626	T	T	438	6	1.34%	2	1	93	93	0.01536166199729829	1	1	382	56	6	0	G
D11_BC47_191109_LF_LIB_consensus_vsearch	627	T	T	449	0	0%	2	0	93	0	1.0	1	0	393	56	0	0	
D11_BC47_191109_LF_LIB_consensus_vsearch	628	G	G	436	5	1.11%	2	1	93	93	0.030895894751978216	1	1	381	55	5	0	A
D11_BC47_191109_LF_LIB_consensus_vsearch	629	C	C	434	5	1.12%	2	1	93	93	0.030894282456439635	1	1	383	51	5	0	-G
D11_BC47_191109_LF_LIB_consensus_vsearch	630	G	R	423	15	3.39%	2	1	93	93	2.701566009065348E-5	1	1	369	54	15	0	A
D11_BC47_191109_LF_LIB_consensus_vsearch	631	G	G	439	4	0.89%	2	1	93	93	0.06207651112360454	1	1	384	55	4	0	A
D11_BC47_191109_LF_LIB_consensus_vsearch	632	T	*/-A	421	14	3.15%	2	1	93	93	5.4882762612112586E-5	1	1	369	52	14	0	-A
D11_BC47_191109_LF_LIB_consensus_vsearch	633	A	A	425	2	0.46%	2	1	93	93	0.24970691676425003	1	1	370	55	2	0	T
D11_BC47_191109_LF_LIB_consensus_vsearch	634	A	R	431	9	2.01%	2	2	93	93	0.0018740875957096264	1	1	376	55	8	1	G
D11_BC47_191109_LF_LIB_consensus_vsearch	635	G	G	432	5	1.13%	2	1	93	93	0.03089265541177198	1	1	376	56	5	0	+C
D11_BC47_191109_LF_LIB_consensus_vsearch	636	C	*/-A	416	15	3.35%	2	1	93	93	2.6961314693497337E-5	1	1	362	54	15	0	-A
D11_BC47_191109_LF_LIB_consensus_vsearch	637	A	*/+C	368	34	7.93%	2	2	93	93	2.809773954312077E-11	1	1	312	56	33	1	+C
D11_BC47_191109_LF_LIB_consensus_vsearch	638	C	Y	391	20	4.55%	2	2	93	93	7.526037824373492E-7	1	1	341	50	19	1	T
D11_BC47_191109_LF_LIB_consensus_vsearch	639	G	R	427	11	2.5%	2	1	93	93	4.5821703849988575E-4	1	1	375	52	11	0	A
D11_BC47_191109_LF_LIB_consensus_vsearch	640	G	*/-A	436	9	2%	2	1	93	93	0.0018749660605302289	1	1	380	56	9	0	-A
D11_BC47_191109_LF_LIB_consensus_vsearch	641	A	A	431	3	0.68%	2	1	93	93	0.12456747404820136	1	1	374	57	3	0	G
D11_BC47_191109_LF_LIB_consensus_vsearch	642	A	*/-C	416	18	4.03%	2	2	93	93	3.1865999582179456E-6	1	1	365	51	15	3	-C
D11_BC47_191109_LF_LIB_consensus_vsearch	643	C	C	424	2	0.47%	2	1	93	93	0.24970622796748032	1	1	371	53	2	0	T
D11_BC47_191109_LF_LIB_consensus_vsearch	644	C	C	436	3	0.67%	2	1	93	93	0.12457240592922707	1	1	380	56	3	0	+G
D11_BC47_191109_LF_LIB_consensus_vsearch	645	C	C	432	5	1.12%	2	2	93	93	0.03089265541177198	1	1	379	53	3	2	T
D11_BC47_191109_LF_LIB_consensus_vsearch	646	T	T	437	3	0.68%	2	1	93	93	0.12457337883968563	1	1	381	56	3	0	A
D11_BC47_191109_LF_LIB_consensus_vsearch	647	T	*/-C	345	57	12.75%	2	2	93	93	8.187215431552682E-19	1	1	300	45	49	8	-C
D11_BC47_191109_LF_LIB_consensus_vsearch	648	C	C	365	2	0.54%	2	1	93	93	0.24965893587986177	1	1	318	47	2	0	+G
D11_BC47_191109_LF_LIB_consensus_vsearch	649	C	C	424	3	0.7%	2	1	93	93	0.12456037514670402	1	1	367	57	3	0	G
D11_BC47_191109_LF_LIB_consensus_vsearch	650	C	C	427	4	0.92%	2	1	93	93	0.06206471344608787	1	1	370	57	4	0	G
D11_BC47_191109_LF_LIB_consensus_vsearch	651	C	C	427	6	1.33%	2	1	93	93	0.015354987779940706	1	1	371	56	6	0	-A
D11_BC47_191109_LF_LIB_consensus_vsearch	652	A	R	419	11	2.53%	2	2	93	93	4.576688933102391E-4	1	1	364	55	10	1	G
D11_BC47_191109_LF_LIB_consensus_vsearch	653	C	C	429	3	0.69%	2	1	93	93	0.12456546929309553	1	1	373	56	3	0	-TT
D11_BC47_191109_LF_LIB_consensus_vsearch	654	T	T	433	2	0.46%	2	2	93	93	0.2497123130030455	1	1	378	55	1	1	C
D11_BC47_191109_LF_LIB_consensus_vsearch	655	T	*/+C	370	67	15.06%	2	2	93	93	4.370285389090267E-22	1	1	316	54	66	1	+C
D11_BC47_191109_LF_LIB_consensus_vsearch	656	C	C	434	6	1.34%	2	2	93	93	0.015359273530652235	1	1	379	55	5	1	G
D11_BC47_191109_LF_LIB_consensus_vsearch	657	A	R	426	12	2.67%	2	2	93	93	2.2619500050778872E-4	1	1	372	54	11	1	G
D11_BC47_191109_LF_LIB_consensus_vsearch	658	G	G	436	3	0.68%	2	1	93	93	0.12457240592922707	1	1	381	55	3	0	+A
D11_BC47_191109_LF_LIB_consensus_vsearch	659	T	T	443	2	0.44%	2	2	93	93	0.2497187851519112	1	1	389	54	1	1	-CT
D11_BC47_191109_LF_LIB_consensus_vsearch	660	C	*/-T	439	8	1.79%	2	2	93	93	0.003784798257927548	1	1	384	55	7	1	-T
D11_BC47_191109_LF_LIB_consensus_vsearch	661	T	*/-AC	401	28	6.36%	2	1	93	93	2.3629580898794743E-9	1	1	347	54	28	0	-AC
D11_BC47_191109_LF_LIB_consensus_vsearch	662	A	*/-CC	354	20	4.83%	2	1	93	93	7.347140179929136E-7	1	1	297	57	20	0	-CC
D11_BC47_191109_LF_LIB_consensus_vsearch	663	C	S	373	8	2.08%	2	1	93	93	0.0037639410987491528	1	1	317	56	8	0	G
D11_BC47_191109_LF_LIB_consensus_vsearch	664	C	S	402	27	6.28%	2	1	93	93	4.884622320121074E-9	1	1	345	57	27	0	G
D11_BC47_191109_LF_LIB_consensus_vsearch	665	C	*/-G	435	7	1.56%	2	1	93	93	0.007627752045228881	1	1	388	47	0	7	-G
D11_BC47_191109_LF_LIB_consensus_vsearch	666	G	G	435	5	1.13%	2	2	93	93	0.030895090435182324	1	1	387	48	4	1	A
D11_BC47_191109_LF_LIB_consensus_vsearch	667	G	G	448	1	0.22%	2	1	93	93	0.5000000000008233	1	1	391	57	1	0	+A
D11_BC47_191109_LF_LIB_consensus_vsearch	668	A	A	447	2	0.44%	2	2	93	93	0.24972129319990002	1	1	391	56	1	1	-T
D11_BC47_191109_LF_LIB_consensus_vsearch	669	T	*/+C	437	7	1.56%	2	1	93	93	0.007628580447648388	1	1	381	56	7	0	+C
D11_BC47_191109_LF_LIB_consensus_vsearch	670	C	*/-G	415	26	5.82%	2	1	93	93	1.0195352317914862E-8	1	1	359	56	26	0	-G
D11_BC47_191109_LF_LIB_consensus_vsearch	671	G	R	384	25	5.95%	2	2	93	93	2.0418769904416453E-8	1	1	329	55	24	1	A
D11_BC47_191109_LF_LIB_consensus_vsearch	672	C	*/+TT	370	41	9.19%	2	1	93	93	1.5917561530567767E-13	1	1	317	53	41	0	+TT
D11_BC47_191109_LF_LIB_consensus_vsearch	673	A	W	375	61	13.8%	2	1	93	93	4.538279526301166E-20	1	1	318	57	61	0	T
D11_BC47_191109_LF_LIB_consensus_vsearch	674	C	*/-G	293	74	16.55%	2	2	93	93	8.792777393792368E-25	1	1	239	54	73	1	-G
D11_BC47_191109_LF_LIB_consensus_vsearch	675	G	*/-A	305	48	12.8%	2	2	93	93	6.396975543123817E-16	1	1	250	55	47	1	-A
D11_BC47_191109_LF_LIB_consensus_vsearch	676	A	*/-G	387	7	1.74%	2	1	93	93	0.007605360418658285	1	1	331	56	7	0	-G
D11_BC47_191109_LF_LIB_consensus_vsearch	677	G	G	432	3	0.68%	2	1	93	93	0.12456846950514457	1	1	376	56	3	0	T
D11_BC47_191109_LF_LIB_consensus_vsearch	678	T	Y	438	8	1.78%	2	2	93	93	0.0037845279531252564	1	1	386	52	4	4	C
D11_BC47_191109_LF_LIB_consensus_vsearch	679	A	A	445	1	0.22%	2	1	93	93	0.4999999999999138	1	1	389	56	1	0	-T
D11_BC47_191109_LF_LIB_consensus_vsearch	680	T	*/-A	399	42	9.35%	2	1	93	93	8.159666194745932E-14	1	1	346	53	42	0	-A
D11_BC47_191109_LF_LIB_consensus_vsearch	681	A	R	337	28	6.97%	2	2	93	93	2.1747838891717837E-9	1	1	291	46	27	1	G
D11_BC47_191109_LF_LIB_consensus_vsearch	682	T	K	373	42	9.93%	2	1	93	93	7.625964512472193E-14	1	1	323	50	42	0	G
D11_BC47_191109_LF_LIB_consensus_vsearch	683	T	T	446	1	0.22%	2	1	93	93	0.5000000000008233	1	1	392	54	0	1	+C
D11_BC47_191109_LF_LIB_consensus_vsearch	684	T	T	438	4	0.89%	2	2	93	93	0.0620755524648183	1	1	385	53	2	2	-GCT
D11_BC47_191109_LF_LIB_consensus_vsearch	685	G	G	438	4	0.9%	2	2	93	93	0.0620755524648183	1	1	385	53	3	1	A
D11_BC47_191109_LF_LIB_consensus_vsearch	686	C	C	435	4	0.9%	2	1	93	93	0.06207265026891802	1	1	386	49	0	4	T
D11_BC47_191109_LF_LIB_consensus_vsearch	687	T	T	436	6	1.35%	2	2	93	93	0.01536047315528176	1	1	385	51	5	1	C
D11_BC47_191109_LF_LIB_consensus_vsearch	688	A	R	438	8	1.78%	2	2	93	93	0.0037845279531252564	1	1	383	55	6	2	G
D11_BC47_191109_LF_LIB_consensus_vsearch	689	C	*/-TAC	428	13	2.89%	2	2	93	93	1.1159624774972868E-4	1	1	376	52	12	1	-TAC
D11_BC47_191109_LF_LIB_consensus_vsearch	690	T	T	429	3	0.69%	2	2	93	93	0.12456546929309553	1	1	375	54	2	1	C
D11_BC47_191109_LF_LIB_consensus_vsearch	691	A	A	433	4	0.91%	2	1	93	93	0.06207069332172113	1	1	377	56	4	0	G
D11_BC47_191109_LF_LIB_consensus_vsearch	692	C	C	434	1	0.23%	2	1	93	93	0.4999999999999138	1	1	380	54	0	1	+A
D11_BC47_191109_LF_LIB_consensus_vsearch	693	C	*/-A	438	9	2%	2	2	93	93	0.001875312003649851	1	1	382	56	8	1	-A
D11_BC47_191109_LF_LIB_consensus_vsearch	694	A	*/-CCA	408	19	4.31%	2	1	93	93	1.5543067428896707E-6	1	1	352	56	19	0	-CCA
D11_BC47_191109_LF_LIB_consensus_vsearch	695	C	S	407	8	1.9%	2	1	93	93	0.0037755075508262973	1	1	352	55	8	0	G
D11_BC47_191109_LF_LIB_consensus_vsearch	696	C	*/-A	403	24	5.56%	2	1	93	93	4.2749579546152727E-8	1	1	349	54	24	0	-A
D11_BC47_191109_LF_LIB_consensus_vsearch	697	A	A	403	1	0.25%	2	1	93	93	0.4999999999999138	1	1	347	56	1	0	+CCA
D11_BC47_191109_LF_LIB_consensus_vsearch	698	A	A	446	3	0.67%	2	2	93	93	0.1245819397993151	1	1	391	55	2	1	G
D11_BC47_191109_LF_LIB_consensus_vsearch	699	G	G	448	1	0.22%	2	1	93	93	0.5000000000008233	1	1	393	55	1	0	-A
D11_BC47_191109_LF_LIB_consensus_vsearch	700	A	A	449	1	0.22%	2	1	93	93	0.4999999999990043	1	1	392	57	1	0	G
D11_BC47_191109_LF_LIB_consensus_vsearch	701	T	T	449	1	0.22%	2	1	93	93	0.4999999999990043	1	1	393	56	1	0	-CG
D11_BC47_191109_LF_LIB_consensus_vsearch	702	C	C	448	1	0.22%	2	1	93	93	0.5000000000008233	1	1	391	57	1	0	+T
D11_BC47_191109_LF_LIB_consensus_vsearch	703	G	G	442	6	1.34%	2	1	93	93	0.015364007910021836	1	1	385	57	6	0	A
D11_BC47_191109_LF_LIB_consensus_vsearch	704	G	G	442	5	1.11%	2	1	93	93	0.03090064512242186	1	1	385	57	5	0	A
D11_BC47_191109_LF_LIB_consensus_vsearch	705	C	C	443	2	0.44%	2	1	93	93	0.2497187851519112	1	1	387	56	2	0	T
D11_BC47_191109_LF_LIB_consensus_vsearch	706	A	R	429	9	2%	2	2	93	93	0.0018737306563855328	1	1	375	54	8	1	G
D11_BC47_191109_LF_LIB_consensus_vsearch	707	C	C	435	5	1.13%	2	2	93	93	0.030895090435182324	1	1	379	56	4	1	T
D11_BC47_191109_LF_LIB_consensus_vsearch	708	T	*/-A	400	31	6.92%	2	1	93	93	2.661614223554998E-10	1	1	347	53	31	0	-A
D11_BC47_191109_LF_LIB_consensus_vsearch	709	A	A	406	6	1.43%	2	1	93	93	0.015341258902214253	1	1	349	57	6	0	G
D11_BC47_191109_LF_LIB_consensus_vsearch	710	G	*/-A	407	21	4.69%	2	2	93	93	3.708521351455572E-7	1	1	351	56	20	1	-A
D11_BC47_191109_LF_LIB_consensus_vsearch	711	A	*/-G	380	20	4.76%	2	2	93	93	7.4759644062845E-7	1	1	328	52	19	1	-G
D11_BC47_191109_LF_LIB_consensus_vsearch	712	G	R	400	12	2.84%	2	2	93	93	2.2509239120889853E-4	1	1	345	55	11	1	A
D11_BC47_191109_LF_LIB_consensus_vsearch	713	G	R	432	11	2.44%	2	1	93	93	4.5854977422456113E-4	1	1	376	56	11	0	A
D11_BC47_191109_LF_LIB_consensus_vsearch	714	C	Y	419	14	3.1%	2	2	93	93	5.485540608158622E-5	1	1	374	45	3	11	T
D11_BC47_191109_LF_LIB_consensus_vsearch	715	T	T	434	3	0.68%	2	1	93	93	0.12457044673541934	1	1	379	55	3	0	+A
D11_BC47_191109_LF_LIB_consensus_vsearch	716	G	G	435	5	1.12%	2	1	93	93	0.030895090435182324	1	1	378	57	5	0	A
D11_BC47_191109_LF_LIB_consensus_vsearch	717	C	*/-T	430	7	1.56%	2	2	93	93	0.007625648020175149	1	1	379	51	2	5	-T
D11_BC47_191109_LF_LIB_consensus_vsearch	718	T	*/-C	422	17	3.84%	2	1	93	93	6.515179143868675E-6	1	1	371	51	17	0	-C
D11_BC47_191109_LF_LIB_consensus_vsearch	719	C	C	430	1	0.23%	2	1	93	93	0.4999999999990043	1	1	373	57	1	0	+A
D11_BC47_191109_LF_LIB_consensus_vsearch	720	C	C	447	3	0.67%	2	1	93	93	0.12458286985565502	1	1	390	57	3	0	-A
D11_BC47_191109_LF_LIB_consensus_vsearch	721	A	A	442	5	1.12%	2	1	93	93	0.03090064512242186	1	1	386	56	5	0	G
D11_BC47_191109_LF_LIB_consensus_vsearch	722	T	*/-GC	437	7	1.56%	2	1	93	93	0.007628580447648388	1	1	381	56	7	0	-GC
D11_BC47_191109_LF_LIB_consensus_vsearch	723	G	G	441	1	0.23%	2	1	93	93	0.5000000000008233	1	1	384	57	1	0	+C
D11_BC47_191109_LF_LIB_consensus_vsearch	724	C	*/-AC	420	19	4.28%	2	1	93	93	1.5632171313242003E-6	1	1	363	57	19	0	-AC
D11_BC47_191109_LF_LIB_consensus_vsearch	725	A	R	407	17	3.94%	2	1	93	93	6.478169526462627E-6	1	1	351	56	17	0	G
D11_BC47_191109_LF_LIB_consensus_vsearch	726	C	C	415	6	1.4%	2	1	93	93	0.01534731000890416	1	1	359	56	6	0	+A
D11_BC47_191109_LF_LIB_consensus_vsearch	727	G	G	441	4	0.89%	2	1	93	93	0.062078415508149166	1	1	384	57	4	0	A
D11_BC47_191109_LF_LIB_consensus_vsearch	728	C	C	440	2	0.45%	2	1	93	93	0.2497168742917677	1	1	383	57	2	0	+AAC
D11_BC47_191109_LF_LIB_consensus_vsearch	729	T	T	442	2	0.45%	2	1	93	93	0.2497181510708481	1	1	385	57	2	0	-CACGC
D11_BC47_191109_LF_LIB_consensus_vsearch	730	C	*/-AC	433	9	2.02%	2	2	93	93	0.001874441340367089	1	1	377	56	8	1	-AC
D11_BC47_191109_LF_LIB_consensus_vsearch	731	A	A	428	5	1.15%	2	1	93	93	0.030889356258247617	1	1	372	56	5	0	G
D11_BC47_191109_LF_LIB_consensus_vsearch	732	C	C	431	2	0.46%	2	1	93	93	0.24971098265883573	1	1	376	55	2	0	-G
D11_BC47_191109_LF_LIB_consensus_vsearch	733	G	G	441	2	0.45%	2	1	93	93	0.24971751412472734	1	1	384	57	2	0	A
D11_BC47_191109_LF_LIB_consensus_vsearch	734	C	*/-GC	399	39	8.74%	2	2	93	93	7.506569170116938E-13	1	1	346	53	35	4	-GC
D11_BC47_191109_LF_LIB_consensus_vsearch	735	G	G	398	4	0.99%	2	1	93	93	0.06203329275530562	1	1	346	52	4	0	A
D11_BC47_191109_LF_LIB_consensus_vsearch	736	C	C	399	4	0.99%	2	1	93	93	0.06203445155203153	1	1	347	52	4	0	+GC
D11_BC47_191109_LF_LIB_consensus_vsearch	737	A	A	441	2	0.45%	2	1	93	93	0.24971751412472734	1	1	384	57	2	0	G
D11_BC47_191109_LF_LIB_consensus_vsearch	738	C	*/-AC	404	33	7.42%	2	1	93	93	6.21504063572073E-11	1	1	347	57	33	0	-AC
D11_BC47_191109_LF_LIB_consensus_vsearch	739	A	R	400	10	2.42%	2	1	93	93	9.238190531010586E-4	1	1	346	54	10	0	G
D11_BC47_191109_LF_LIB_consensus_vsearch	740	C	C	405	5	1.2%	2	1	93	93	0.030869137662277737	1	1	353	52	5	0	+AC
D11_BC47_191109_LF_LIB_consensus_vsearch	741	T	T	443	2	0.45%	2	1	93	93	0.2497187851519112	1	1	389	54	2	0	C
D11_BC47_191109_LF_LIB_consensus_vsearch	742	T	T	444	2	0.44%	2	1	93	93	0.24971941638606426	1	1	389	55	2	0	-C
D11_BC47_191109_LF_LIB_consensus_vsearch	743	C	C	445	1	0.22%	2	1	93	93	0.4999999999999138	1	1	390	55	0	1	+G
D11_BC47_191109_LF_LIB_consensus_vsearch	744	G	G	446	4	0.89%	2	1	93	93	0.06208310236944096	1	1	389	57	4	0	-A
D11_BC47_191109_LF_LIB_consensus_vsearch	745	A	A	442	5	1.12%	2	1	93	93	0.03090064512242186	1	1	385	57	5	0	G
D11_BC47_191109_LF_LIB_consensus_vsearch	746	T	T	445	3	0.67%	2	1	93	93	0.12458100558661131	1	1	388	57	3	0	-G
D11_BC47_191109_LF_LIB_consensus_vsearch	747	G	R	433	8	1.79%	2	1	93	93	0.003783158179516694	1	1	376	57	8	0	A
D11_BC47_191109_LF_LIB_consensus_vsearch	748	C	C	433	4	0.9%	2	2	93	93	0.06207069332172113	1	1	379	54	3	1	-GT
D11_BC47_191109_LF_LIB_consensus_vsearch	749	G	G	429	6	1.36%	2	1	93	93	0.015356226321811444	1	1	373	56	6	0	A
D11_BC47_191109_LF_LIB_consensus_vsearch	750	T	T	433	6	1.35%	2	2	93	93	0.01535866962898151	1	1	379	54	5	1	C
D11_BC47_191109_LF_LIB_consensus_vsearch	751	A	A	443	1	0.23%	2	1	93	93	0.4999999999999138	1	1	387	56	1	0	+T
D11_BC47_191109_LF_LIB_consensus_vsearch	752	A	R	427	14	3.12%	2	1	93	93	5.4963399351985964E-5	1	1	374	53	14	0	G
D11_BC47_191109_LF_LIB_consensus_vsearch	753	C	C	435	6	1.35%	2	1	93	93	0.015359874699953162	1	1	382	53	6	0	+A
D11_BC47_191109_LF_LIB_consensus_vsearch	754	C	C	445	2	0.44%	2	1	93	93	0.2497200447932722	1	1	390	55	0	2	-TC
D11_BC47_191109_LF_LIB_consensus_vsearch	755	T	T	439	4	0.89%	2	1	93	93	0.06207651112360454	1	1	384	55	4	0	+C
D11_BC47_191109_LF_LIB_consensus_vsearch	756	C	C	442	1	0.23%	2	1	93	93	0.4999999999990043	1	1	387	55	1	0	T
D11_BC47_191109_LF_LIB_consensus_vsearch	757	C	*/-AC	358	78	17.41%	2	1	93	93	7.508091909801026E-26	1	1	301	57	78	0	-AC
D11_BC47_191109_LF_LIB_consensus_vsearch	758	A	A	352	6	1.66%	2	1	93	93	0.015298581381452306	1	1	296	56	6	0	G
D11_BC47_191109_LF_LIB_consensus_vsearch	759	C	C	357	5	1.35%	2	1	93	93	0.030818672390969276	1	1	300	57	5	0	-G
D11_BC47_191109_LF_LIB_consensus_vsearch	760	G	*/-C	365	50	11.42%	2	2	93	93	1.846778268619053E-16	1	1	320	45	42	8	-C
D11_BC47_191109_LF_LIB_consensus_vsearch	761	C	C	380	3	0.78%	2	2	93	93	0.12450980392156931	1	1	337	43	1	2	+T
D11_BC47_191109_LF_LIB_consensus_vsearch	762	C	C	433	6	1.36%	2	1	93	93	0.01535866962898151	1	1	385	48	0	6	T
D11_BC47_191109_LF_LIB_consensus_vsearch	763	C	C	442	2	0.45%	2	1	93	93	0.2497181510708481	1	1	388	54	0	2	T
D11_BC47_191109_LF_LIB_consensus_vsearch	764	C	C	441	6	1.34%	2	2	93	93	0.015363425358953372	1	1	389	52	1	5	T
D11_BC47_191109_LF_LIB_consensus_vsearch	765	C	*/-T	433	9	2%	2	2	93	93	0.001874441340367089	1	1	381	52	5	4	-T
D11_BC47_191109_LF_LIB_consensus_vsearch	766	T	T	427	4	0.92%	2	1	93	93	0.06206471344608787	1	1	378	49	4	0	-A
D11_BC47_191109_LF_LIB_consensus_vsearch	767	A	A	429	6	1.37%	2	1	93	93	0.015356226321811444	1	1	374	55	6	0	G
D11_BC47_191109_LF_LIB_consensus_vsearch	768	C	*/-A	382	60	13.45%	2	2	93	93	1.0117323430270499E-19	1	1	328	54	59	1	-A
D11_BC47_191109_LF_LIB_consensus_vsearch	769	A	A	378	5	1.28%	2	1	93	93	0.030842306341483338	1	1	327	51	0	5	+C
D11_BC47_191109_LF_LIB_consensus_vsearch	770	C	C	441	3	0.67%	2	1	93	93	0.12457722660661777	1	1	390	51	0	3	-T
D11_BC47_191109_LF_LIB_consensus_vsearch	771	T	*/-C	415	24	5.39%	2	2	93	93	4.3150629281374106E-8	1	1	368	47	19	5	-C
D11_BC47_191109_LF_LIB_consensus_vsearch	772	C	*/+G	411	8	1.9%	2	1	93	93	0.003776745880714396	1	1	361	50	8	0	+G
D11_BC47_191109_LF_LIB_consensus_vsearch	773	C	*/-T	426	10	2.23%	2	2	93	93	9.269167954843176E-4	1	1	375	51	8	2	-T
D11_BC47_191109_LF_LIB_consensus_vsearch	774	T	W	411	14	3.2%	2	1	93	93	5.474350555951183E-5	1	1	356	55	14	0	A
D11_BC47_191109_LF_LIB_consensus_vsearch	775	T	Y	418	11	2.45%	2	1	93	93	4.575989670126341E-4	1	1	363	55	11	0	C
D11_BC47_191109_LF_LIB_consensus_vsearch	776	G	*/-A	426	16	3.56%	2	1	93	93	1.3289564848969628E-5	1	1	369	57	16	0	-A
D11_BC47_191109_LF_LIB_consensus_vsearch	777	A	A	423	5	1.15%	2	2	93	93	0.030885145650365813	1	1	367	56	4	1	G
D11_BC47_191109_LF_LIB_consensus_vsearch	778	G	G	440	4	0.89%	2	1	93	93	0.06207746546158639	1	1	383	57	4	0	A
D11_BC47_191109_LF_LIB_consensus_vsearch	779	C	C	443	3	0.67%	2	2	93	93	0.12457912457918291	1	1	389	54	2	1	-A
D11_BC47_191109_LF_LIB_consensus_vsearch	780	A	A	444	2	0.45%	2	1	93	93	0.24971941638606426	1	1	389	55	2	0	+G
D11_BC47_191109_LF_LIB_consensus_vsearch	781	A	A	443	3	0.67%	2	2	93	93	0.12457912457918291	1	1	390	53	1	2	+T
D11_BC47_191109_LF_LIB_consensus_vsearch	782	T	T	449	2	0.44%	2	1	93	93	0.24972253052152624	1	1	394	55	0	2	C
D11_BC47_191109_LF_LIB_consensus_vsearch	783	T	T	446	2	0.44%	2	2	93	93	0.24972067039122897	1	1	392	54	1	1	-C
D11_BC47_191109_LF_LIB_consensus_vsearch	784	C	C	445	2	0.45%	2	2	93	93	0.2497200447932722	1	1	390	55	1	1	+T
D11_BC47_191109_LF_LIB_consensus_vsearch	785	T	*/-C	430	11	2.45%	2	2	93	93	4.584175673957473E-4	1	1	377	53	7	4	-C
D11_BC47_191109_LF_LIB_consensus_vsearch	786	C	C	435	1	0.23%	2	1	93	93	0.5000000000008233	1	1	382	53	1	0	+TC
D11_BC47_191109_LF_LIB_consensus_vsearch	787	C	C	449	0	0%	2	0	93	0	1.0	1	0	392	57	0	0	
D11_BC47_191109_LF_LIB_consensus_vsearch	788	C	*/+A	397	26	5.78%	2	1	93	93	1.0026941159264209E-8	1	1	344	53	26	0	+A
D11_BC47_191109_LF_LIB_consensus_vsearch	789	A	A	431	2	0.46%	2	1	93	93	0.24971098265883573	1	1	378	53	2	0	C
D11_BC47_191109_LF_LIB_consensus_vsearch	790	A	A	440	3	0.67%	2	2	93	93	0.1245762711863649	1	1	388	52	2	1	+GG
D11_BC47_191109_LF_LIB_consensus_vsearch	791	G	G	445	5	1.11%	2	1	93	93	0.030902972831159826	1	1	393	52	0	5	+C
D11_BC47_191109_LF_LIB_consensus_vsearch	792	G	G	451	0	0%	2	0	93	0	1.0	1	0	394	57	0	0	
D11_BC47_191109_LF_LIB_consensus_vsearch	793	A	A	440	5	1.11%	2	1	93	93	0.030899075890599485	1	1	385	55	5	0	+G
D11_BC47_191109_LF_LIB_consensus_vsearch	794	G	G	441	1	0.22%	2	1	93	93	0.5000000000008233	1	1	388	53	1	0	+AG
D11_BC47_191109_LF_LIB_consensus_vsearch	795	G	G	446	1	0.22%	2	1	93	93	0.5000000000008233	1	1	390	56	1	0	-ACGA
D11_BC47_191109_LF_LIB_consensus_vsearch	796	A	A	438	2	0.45%	2	1	93	93	0.24971558589274387	1	1	382	56	2	0	+T
D11_BC47_191109_LF_LIB_consensus_vsearch	797	C	*/-G	323	112	24.89%	2	1	93	93	5.159597156274316E-38	1	1	268	55	112	0	-G
D11_BC47_191109_LF_LIB_consensus_vsearch	798	G	*/-A	312	19	5.62%	2	1	93	93	1.4622018727214622E-6	1	1	255	57	19	0	-A
D11_BC47_191109_LF_LIB_consensus_vsearch	799	A	A	423	3	0.7%	2	1	93	93	0.12455934195065375	1	1	366	57	3	0	-G
D11_BC47_191109_LF_LIB_consensus_vsearch	800	G	G	439	3	0.67%	2	2	93	93	0.12457531143833234	1	1	383	56	2	1	+AG
D11_BC47_191109_LF_LIB_consensus_vsearch	801	T	T	449	1	0.22%	2	1	93	93	0.4999999999990043	1	1	393	56	0	1	+A
D11_BC47_191109_LF_LIB_consensus_vsearch	802	A	A	446	2	0.44%	2	1	93	93	0.24972067039122897	1	1	389	57	2	0	G
D11_BC47_191109_LF_LIB_consensus_vsearch	803	T	*/+C	431	11	2.45%	2	1	93	93	4.584838174083158E-4	1	1	375	56	11	0	+C
D11_BC47_191109_LF_LIB_consensus_vsearch	804	C	C	436	4	0.9%	2	2	93	93	0.0620736220670793	1	1	381	55	3	1	-G
D11_BC47_191109_LF_LIB_consensus_vsearch	805	G	R	373	72	16.14%	2	1	93	93	9.287572770615877E-24	1	1	317	56	72	0	A
D11_BC47_191109_LF_LIB_consensus_vsearch	806	G	R	434	14	3.1%	2	2	93	93	5.5054846604229285E-5	1	1	380	54	13	1	A
D11_BC47_191109_LF_LIB_consensus_vsearch	807	T	T	444	3	0.67%	2	1	93	93	0.12458006718908442	1	1	388	56	3	0	-C
D11_BC47_191109_LF_LIB_consensus_vsearch	808	C	*/-A	434	8	1.79%	2	1	93	93	0.0037834345948323136	1	1	379	55	8	0	-A
D11_BC47_191109_LF_LIB_consensus_vsearch	809	A	*/-CA	406	27	6.11%	2	1	93	93	4.904321012169145E-9	1	1	350	56	27	0	-CA
D11_BC47_191109_LF_LIB_consensus_vsearch	810	C	Y	397	9	2.13%	2	2	93	93	0.0018675470949966115	1	1	343	54	7	2	T
D11_BC47_191109_LF_LIB_consensus_vsearch	811	A	R	380	27	6.54%	2	2	93	93	4.7707032624815705E-9	1	1	325	55	26	1	G
D11_BC47_191109_LF_LIB_consensus_vsearch	812	T	*/+A	415	20	4.48%	2	1	93	93	7.62730484821208E-7	1	1	360	55	20	0	+A
D11_BC47_191109_LF_LIB_consensus_vsearch	813	G	G	440	3	0.67%	2	1	93	93	0.1245762711863649	1	1	384	56	3	0	-CT
D11_BC47_191109_LF_LIB_consensus_vsearch	814	C	*/-T	423	17	3.82%	2	2	93	93	6.517562209625466E-6	1	1	369	54	15	2	-T
D11_BC47_191109_LF_LIB_consensus_vsearch	815	T	T	422	3	0.7%	2	2	93	93	0.12455830388715546	1	1	369	53	1	2	C
D11_BC47_191109_LF_LIB_consensus_vsearch	816	T	*/+C	402	24	5.37%	2	1	93	93	4.271528395416842E-8	1	1	346	56	24	0	+C
D11_BC47_191109_LF_LIB_consensus_vsearch	817	C	C	427	5	1.14%	2	1	93	93	0.03088852192937873	1	1	371	56	5	0	-A
D11_BC47_191109_LF_LIB_consensus_vsearch	818	A	R	436	7	1.57%	2	2	93	93	0.007628167177128368	1	1	380	56	6	1	G
D11_BC47_191109_LF_LIB_consensus_vsearch	819	G	R	439	7	1.56%	2	1	93	93	0.00762940145447119	1	1	382	57	7	0	A
D11_BC47_191109_LF_LIB_consensus_vsearch	820	C	C	445	2	0.44%	2	1	93	93	0.2497200447932722	1	1	390	55	2	0	-GCC
D11_BC47_191109_LF_LIB_consensus_vsearch	821	G	G	443	1	0.22%	2	1	93	93	0.4999999999999138	1	1	387	56	1	0	+CCCA
D11_BC47_191109_LF_LIB_consensus_vsearch	822	C	C	446	0	0%	2	0	93	0	1.0	1	0	390	56	0	0	
D11_BC47_191109_LF_LIB_consensus_vsearch	823	C	C	444	1	0.22%	2	1	93	93	0.5000000000008233	1	1	388	56	1	0	+TGC
D11_BC47_191109_LF_LIB_consensus_vsearch	824	A	A	445	2	0.45%	2	1	93	93	0.2497200447932722	1	1	388	57	2	0	+CCA
D11_BC47_191109_LF_LIB_consensus_vsearch	825	T	*/-C	439	7	1.56%	2	1	93	93	0.00762940145447119	1	1	384	55	7	0	-C
D11_BC47_191109_LF_LIB_consensus_vsearch	826	C	C	442	1	0.23%	2	1	93	93	0.4999999999990043	1	1	385	57	1	0	G
D11_BC47_191109_LF_LIB_consensus_vsearch	827	C	C	444	2	0.44%	2	1	93	93	0.24971941638606426	1	1	387	57	2	0	+GC
D11_BC47_191109_LF_LIB_consensus_vsearch	828	A	*/-T	329	60	13.36%	2	1	93	93	7.363854412151011E-20	1	1	272	57	60	0	-T
D11_BC47_191109_LF_LIB_consensus_vsearch	829	T	T	384	0	0%	2	0	93	0	1.0	1	0	327	57	0	0	
D11_BC47_191109_LF_LIB_consensus_vsearch	830	T	T	444	0	0%	2	0	93	0	1.0	1	0	387	57	0	0	
D11_BC47_191109_LF_LIB_consensus_vsearch	831	T	T	446	2	0.45%	2	2	93	93	0.24972067039122897	1	1	390	56	1	1	C
D11_BC47_191109_LF_LIB_consensus_vsearch	832	T	*/+C	435	8	1.78%	2	1	93	93	0.0037837097715777354	1	1	378	57	8	0	+C
D11_BC47_191109_LF_LIB_consensus_vsearch	833	C	C	435	5	1.12%	2	2	93	93	0.030895090435182324	1	1	382	53	4	1	-A
D11_BC47_191109_LF_LIB_consensus_vsearch	834	A	R	412	12	2.7%	2	2	93	93	2.2561765155391507E-4	1	1	364	48	11	1	G
D11_BC47_191109_LF_LIB_consensus_vsearch	835	G	G	438	1	0.23%	2	1	93	93	0.4999999999999138	1	1	387	51	1	0	+A
D11_BC47_191109_LF_LIB_consensus_vsearch	836	G	G	442	6	1.33%	2	1	93	93	0.015364007910021836	1	1	386	56	6	0	+A
D11_BC47_191109_LF_LIB_consensus_vsearch	837	G	G	442	4	0.89%	2	1	93	93	0.06207936129200334	1	1	386	56	4	0	A
D11_BC47_191109_LF_LIB_consensus_vsearch	838	C	C	445	2	0.44%	2	1	93	93	0.2497200447932722	1	1	390	55	2	0	A
D11_BC47_191109_LF_LIB_consensus_vsearch	839	T	*/+G	404	36	8%	2	1	93	93	6.899848846184696E-12	1	1	348	56	36	0	+G
D11_BC47_191109_LF_LIB_consensus_vsearch	840	A	*/-G	400	43	9.6%	2	2	93	93	3.895687371141154E-14	1	1	350	50	36	7	-G
D11_BC47_191109_LF_LIB_consensus_vsearch	841	G	*/+A	389	16	3.93%	2	1	93	93	1.3119606194743481E-5	1	1	340	49	16	0	+A
D11_BC47_191109_LF_LIB_consensus_vsearch	842	G	G	446	3	0.67%	2	1	93	93	0.1245819397993151	1	1	389	57	3	0	A
D11_BC47_191109_LF_LIB_consensus_vsearch	843	C	Y	435	9	2%	2	2	93	93	0.0018747919330438447	1	1	387	48	4	5	T
D11_BC47_191109_LF_LIB_consensus_vsearch	844	A	A	443	1	0.22%	2	1	93	93	0.4999999999999138	1	1	390	53	1	0	+G
D11_BC47_191109_LF_LIB_consensus_vsearch	845	A	A	442	6	1.33%	2	1	93	93	0.015364007910021836	1	1	391	51	0	6	C
D11_BC47_191109_LF_LIB_consensus_vsearch	846	T	T	446	5	1.11%	2	1	93	93	0.030903741856461314	1	1	394	52	0	5	C
D11_BC47_191109_LF_LIB_consensus_vsearch	847	T	T	439	6	1.33%	2	2	93	93	0.015362252420215997	1	1	392	47	1	5	C
D11_BC47_191109_LF_LIB_consensus_vsearch	848	C	C	441	2	0.45%	2	1	93	93	0.24971751412472734	1	1	391	50	0	2	-G
D11_BC47_191109_LF_LIB_consensus_vsearch	849	G	G	440	4	0.89%	2	1	93	93	0.06207746546158639	1	1	386	54	4	0	A
D11_BC47_191109_LF_LIB_consensus_vsearch	850	G	G	445	1	0.22%	2	1	93	93	0.4999999999999138	1	1	390	55	0	1	+AAGGG
D11_BC47_191109_LF_LIB_consensus_vsearch	851	C	C	443	3	0.67%	2	1	93	93	0.12457912457918291	1	1	387	56	3	0	+G
D11_BC47_191109_LF_LIB_consensus_vsearch	852	A	R	406	36	8.04%	2	1	93	93	6.9241784388907935E-12	1	1	352	54	36	0	G
D11_BC47_191109_LF_LIB_consensus_vsearch	853	G	G	446	2	0.45%	2	1	93	93	0.24972067039122897	1	1	391	55	2	0	+A
D11_BC47_191109_LF_LIB_consensus_vsearch	854	G	G	447	1	0.22%	2	1	93	93	0.5000000000008233	1	1	392	55	1	0	+C
D11_BC47_191109_LF_LIB_consensus_vsearch	855	T	T	443	3	0.67%	2	2	93	93	0.12457912457918291	1	1	389	54	2	1	C
D11_BC47_191109_LF_LIB_consensus_vsearch	856	G	*/-A	424	19	4.22%	2	1	93	93	1.5660884922200917E-6	1	1	369	55	19	0	-A
D11_BC47_191109_LF_LIB_consensus_vsearch	857	A	*/+G	414	7	1.64%	2	1	93	93	0.007618580925465677	1	1	357	57	7	0	+G
D11_BC47_191109_LF_LIB_consensus_vsearch	858	G	G	428	5	1.13%	2	1	93	93	0.030889356258247617	1	1	371	57	5	0	-T
D11_BC47_191109_LF_LIB_consensus_vsearch	859	T	T	441	1	0.23%	2	1	93	93	0.5000000000008233	1	1	384	57	1	0	C
D11_BC47_191109_LF_LIB_consensus_vsearch	860	T	T	435	3	0.67%	2	1	93	93	0.12457142857152662	1	1	378	57	3	0	+A
D11_BC47_191109_LF_LIB_consensus_vsearch	861	G	G	422	6	1.36%	2	1	93	93	0.015351840904982691	1	1	366	56	6	0	-T
D11_BC47_191109_LF_LIB_consensus_vsearch	862	T	T	432	3	0.68%	2	1	93	93	0.12456846950514457	1	1	375	57	3	0	G
D11_BC47_191109_LF_LIB_consensus_vsearch	863	T	T	437	3	0.67%	2	1	93	93	0.12457337883968563	1	1	380	57	3	0	-A
D11_BC47_191109_LF_LIB_consensus_vsearch	864	A	W	429	8	1.8%	2	1	93	93	0.0037820399638697363	1	1	374	55	8	0	T
D11_BC47_191109_LF_LIB_consensus_vsearch	865	C	*/-ACA	418	12	2.69%	2	1	93	93	2.2586957161051062E-4	1	1	366	52	12	0	-ACA
D11_BC47_191109_LF_LIB_consensus_vsearch	866	A	R	423	8	1.83%	2	1	93	93	0.003780324023462628	1	1	368	55	8	0	G
D11_BC47_191109_LF_LIB_consensus_vsearch	867	C	*/-AC	332	79	18%	2	2	93	93	2.603716545545446E-26	1	1	279	53	78	1	-AC
D11_BC47_191109_LF_LIB_consensus_vsearch	868	A	R	327	7	2.04%	2	1	93	93	0.007568375850183275	1	1	276	51	7	0	G
D11_BC47_191109_LF_LIB_consensus_vsearch	869	C	*/+AC	351	12	3.23%	2	1	93	93	2.225981587098957E-4	1	1	303	48	12	0	+AC
D11_BC47_191109_LF_LIB_consensus_vsearch	870	T	*/-C	394	37	8.3%	2	2	93	93	3.2463423379691954E-12	1	1	351	43	35	2	-C
D11_BC47_191109_LF_LIB_consensus_vsearch	871	C	C	395	6	1.48%	2	1	93	93	0.015333495178783761	1	1	347	48	6	0	+G
D11_BC47_191109_LF_LIB_consensus_vsearch	872	C	*/-T	431	9	2.02%	2	2	93	93	0.0018740875957096264	1	1	380	51	8	1	-T
D11_BC47_191109_LF_LIB_consensus_vsearch	873	T	W	403	25	5.73%	2	1	93	93	2.0774795674191712E-8	1	1	352	51	25	0	A
D11_BC47_191109_LF_LIB_consensus_vsearch	874	T	T	434	4	0.89%	2	1	93	93	0.062071674030406296	1	1	380	54	4	0	C
D11_BC47_191109_LF_LIB_consensus_vsearch	875	A	A	439	4	0.9%	2	1	93	93	0.06207651112360454	1	1	382	57	4	0	G
D11_BC47_191109_LF_LIB_consensus_vsearch	876	G	G	437	6	1.35%	2	1	93	93	0.01536106891501191	1	1	381	56	6	0	+C
D11_BC47_191109_LF_LIB_consensus_vsearch	877	C	C	445	1	0.22%	2	1	93	93	0.4999999999999138	1	1	389	56	0	1	+G
D11_BC47_191109_LF_LIB_consensus_vsearch	878	G	G	449	1	0.22%	2	1	93	93	0.4999999999990043	1	1	392	57	1	0	A
D11_BC47_191109_LF_LIB_consensus_vsearch	879	G	G	444	4	0.89%	2	1	93	93	0.06208124018598929	1	1	387	57	4	0	-A
D11_BC47_191109_LF_LIB_consensus_vsearch	880	A	A	441	2	0.45%	2	2	93	93	0.24971751412472734	1	1	385	56	1	1	-T
D11_BC47_191109_LF_LIB_consensus_vsearch	881	T	T	443	2	0.45%	2	1	93	93	0.2497187851519112	1	1	389	54	2	0	+C
D11_BC47_191109_LF_LIB_consensus_vsearch	882	G	*/-C	432	9	2.01%	2	2	93	93	0.001874264864679625	1	1	377	55	8	1	-C
D11_BC47_191109_LF_LIB_consensus_vsearch	883	C	C	435	3	0.68%	2	1	93	93	0.12457142857152662	1	1	379	56	3	0	T
D11_BC47_191109_LF_LIB_consensus_vsearch	884	C	Y	429	8	1.77%	2	2	93	93	0.0037820399638697363	1	1	377	52	7	1	T
D11_BC47_191109_LF_LIB_consensus_vsearch	885	A	A	435	2	0.45%	2	1	93	93	0.24971363115699957	1	1	382	53	0	2	+CA
D11_BC47_191109_LF_LIB_consensus_vsearch	886	A	R	411	29	6.5%	2	1	93	93	1.1561587537002726E-9	1	1	355	56	29	0	G
D11_BC47_191109_LF_LIB_consensus_vsearch	887	C	*/-T	425	16	3.58%	2	2	93	93	1.328532663205171E-5	1	1	370	55	15	1	-T
D11_BC47_191109_LF_LIB_consensus_vsearch	888	T	T	423	2	0.47%	2	1	93	93	0.24970553592454253	1	1	369	54	2	0	C
D11_BC47_191109_LF_LIB_consensus_vsearch	889	T	*/-C	411	13	2.92%	2	2	93	93	1.1118956033481172E-4	1	1	358	53	9	4	-C
D11_BC47_191109_LF_LIB_consensus_vsearch	890	C	C	419	5	1.17%	2	1	93	93	0.03088170570687224	1	1	366	53	5	0	A
D11_BC47_191109_LF_LIB_consensus_vsearch	891	C	C	428	6	1.35%	2	2	93	93	0.015355608474412826	1	1	373	55	5	1	-A
D11_BC47_191109_LF_LIB_consensus_vsearch	892	A	A	428	4	0.91%	2	1	93	93	0.06206572163388339	1	1	375	53	4	0	G
D11_BC47_191109_LF_LIB_consensus_vsearch	893	T	*/-G	413	17	3.83%	2	2	93	93	6.49326387450149E-6	1	1	361	52	16	1	-G
D11_BC47_191109_LF_LIB_consensus_vsearch	894	G	R	379	40	9.39%	2	1	93	93	3.4229032378607184E-13	1	1	323	56	40	0	A
D11_BC47_191109_LF_LIB_consensus_vsearch	895	G	R	414	19	4.24%	2	1	93	93	1.5588186688080025E-6	1	1	357	57	19	0	A
D11_BC47_191109_LF_LIB_consensus_vsearch	896	C	Y	423	9	2.04%	2	1	93	93	0.0018726402317850155	1	1	367	56	9	0	T
D11_BC47_191109_LF_LIB_consensus_vsearch	897	C	Y	418	18	4.02%	2	2	93	93	3.189285095484537E-6	1	1	363	55	17	1	T
D11_BC47_191109_LF_LIB_consensus_vsearch	898	A	A	427	5	1.12%	2	1	93	93	0.03088852192937873	1	1	370	57	5	0	+C
D11_BC47_191109_LF_LIB_consensus_vsearch	899	C	C	439	4	0.9%	2	1	93	93	0.06207651112360454	1	1	382	57	4	0	T
D11_BC47_191109_LF_LIB_consensus_vsearch	900	C	C	435	5	1.12%	2	1	93	93	0.030895090435182324	1	1	378	57	5	0	+AA
D11_BC47_191109_LF_LIB_consensus_vsearch	901	G	R	437	10	2.22%	2	1	93	93	9.281205170584159E-4	1	1	380	57	10	0	A
D11_BC47_191109_LF_LIB_consensus_vsearch	902	T	*/-C	424	21	4.67%	2	1	93	93	3.745160444570394E-7	1	1	367	57	21	0	-C
D11_BC47_191109_LF_LIB_consensus_vsearch	903	C	C	421	4	0.93%	2	1	93	93	0.06205856462850021	1	1	364	57	4	0	+A
D11_BC47_191109_LF_LIB_consensus_vsearch	904	C	C	439	5	1.11%	2	2	93	93	0.030898285976353152	1	1	387	52	3	2	+T
D11_BC47_191109_LF_LIB_consensus_vsearch	905	T	T	437	5	1.12%	2	2	93	93	0.03089669543126854	1	1	387	50	2	3	C
D11_BC47_191109_LF_LIB_consensus_vsearch	906	G	R	435	7	1.57%	2	2	93	93	0.007627752045228881	1	1	380	55	6	1	A
D11_BC47_191109_LF_LIB_consensus_vsearch	907	C	C	437	3	0.67%	2	2	93	93	0.12457337883968563	1	1	383	54	2	1	-T
D11_BC47_191109_LF_LIB_consensus_vsearch	908	T	T	437	2	0.45%	2	1	93	93	0.24971493728629837	1	1	385	52	2	0	+G
D11_BC47_191109_LF_LIB_consensus_vsearch	909	G	G	441	2	0.45%	2	2	93	93	0.24971751412472734	1	1	386	55	1	1	A
D11_BC47_191109_LF_LIB_consensus_vsearch	910	T	T	436	5	1.12%	2	1	93	93	0.030895894751978216	1	1	381	55	5	0	+C
D11_BC47_191109_LF_LIB_consensus_vsearch	911	C	C	442	4	0.89%	2	1	93	93	0.06207936129200334	1	1	386	56	4	0	-T
D11_BC47_191109_LF_LIB_consensus_vsearch	912	T	T	437	4	0.9%	2	1	93	93	0.062074589455845104	1	1	381	56	4	0	-AT
D11_BC47_191109_LF_LIB_consensus_vsearch	913	A	A	432	6	1.35%	2	1	93	93	0.015358062976156805	1	1	377	55	6	0	-TA
D11_BC47_191109_LF_LIB_consensus_vsearch	914	T	T	429	3	0.68%	2	1	93	93	0.12456546929309553	1	1	373	56	3	0	C
D11_BC47_191109_LF_LIB_consensus_vsearch	915	A	R	414	12	2.73%	2	2	93	93	2.2570239286811238E-4	1	1	360	54	11	1	G
D11_BC47_191109_LF_LIB_consensus_vsearch	916	C	C	438	2	0.45%	2	1	93	93	0.24971558589274387	1	1	382	56	2	0	G
D11_BC47_191109_LF_LIB_consensus_vsearch	917	C	*/-ACC	418	13	2.9%	2	2	93	93	1.1136078182173557E-4	1	1	364	54	11	2	-ACC
D11_BC47_191109_LF_LIB_consensus_vsearch	918	A	*/-C	382	21	4.94%	2	2	93	93	3.6496416663752166E-7	1	1	329	53	19	2	-C
D11_BC47_191109_LF_LIB_consensus_vsearch	919	C	*/+T	384	8	2.03%	2	2	93	93	0.0037679008816766993	1	1	338	46	1	7	+T
D11_BC47_191109_LF_LIB_consensus_vsearch	920	C	S	410	11	2.59%	2	1	93	93	4.570278461449636E-4	1	1	355	55	11	0	G
D11_BC47_191109_LF_LIB_consensus_vsearch	921	C	Y	438	10	2.22%	2	1	93	93	9.282270587880905E-4	1	1	381	57	10	0	T
D11_BC47_191109_LF_LIB_consensus_vsearch	922	A	A	444	2	0.45%	2	1	93	93	0.24971941638606426	1	1	387	57	2	0	G
D11_BC47_191109_LF_LIB_consensus_vsearch	923	A	R	429	20	4.44%	2	1	93	93	7.681820871873446E-7	1	1	372	57	20	0	G
D11_BC47_191109_LF_LIB_consensus_vsearch	924	C	C	445	2	0.44%	2	1	93	93	0.2497200447932722	1	1	389	56	2	0	+GC
D11_BC47_191109_LF_LIB_consensus_vsearch	925	A	A	445	2	0.45%	2	1	93	93	0.2497200447932722	1	1	389	56	2	0	+C
D11_BC47_191109_LF_LIB_consensus_vsearch	926	C	C	447	1	0.22%	2	1	93	93	0.5000000000008233	1	1	390	57	1	0	+A
D11_BC47_191109_LF_LIB_consensus_vsearch	927	C	*/-T	370	49	10.89%	2	2	93	93	4.001469612184022E-16	1	1	329	41	40	9	-T
D11_BC47_191109_LF_LIB_consensus_vsearch	928	T	T	394	2	0.5%	2	1	93	93	0.24968394437400754	1	1	351	43	2	0	C
D11_BC47_191109_LF_LIB_consensus_vsearch	929	T	T	443	2	0.45%	2	1	93	93	0.2497187851519112	1	1	391	52	2	0	C
D11_BC47_191109_LF_LIB_consensus_vsearch	930	T	T	447	3	0.67%	2	1	93	93	0.12458286985565502	1	1	390	57	3	0	C
D11_BC47_191109_LF_LIB_consensus_vsearch	931	T	T	438	3	0.67%	2	1	93	93	0.12457434733248252	1	1	382	56	3	0	+G
D11_BC47_191109_LF_LIB_consensus_vsearch	932	G	G	438	3	0.67%	2	1	93	93	0.12457434733248252	1	1	382	56	3	0	T
D11_BC47_191109_LF_LIB_consensus_vsearch	933	T	*/-G	356	86	19.2%	2	2	93	93	1.3173309065046044E-28	1	1	302	54	84	2	-G
D11_BC47_191109_LF_LIB_consensus_vsearch	934	G	R	342	14	3.85%	2	2	93	93	5.357930144762597E-5	1	1	288	54	13	1	A
D11_BC47_191109_LF_LIB_consensus_vsearch	935	G	*/-A	426	17	3.77%	2	1	93	93	6.5246507648444996E-6	1	1	369	57	17	0	-A
D11_BC47_191109_LF_LIB_consensus_vsearch	936	A	A	425	4	0.92%	2	1	93	93	0.0620626829618069	1	1	368	57	4	0	+G
D11_BC47_191109_LF_LIB_consensus_vsearch	937	G	G	438	6	1.34%	2	1	93	93	0.01536166199729829	1	1	389	49	0	6	+C
D11_BC47_191109_LF_LIB_consensus_vsearch	938	T	T	442	3	0.67%	2	2	93	93	0.12457817772799688	1	1	387	55	2	1	+C
D11_BC47_191109_LF_LIB_consensus_vsearch	939	C	C	436	6	1.35%	2	1	93	93	0.01536047315528176	1	1	381	55	6	0	+A
D11_BC47_191109_LF_LIB_consensus_vsearch	940	T	*/+G	428	10	2.23%	2	1	93	93	9.271400825692105E-4	1	1	387	41	0	10	+G
D11_BC47_191109_LF_LIB_consensus_vsearch	941	G	G	449	1	0.22%	2	1	93	93	0.4999999999990043	1	1	392	57	1	0	-A
D11_BC47_191109_LF_LIB_consensus_vsearch	942	A	A	443	2	0.44%	2	1	93	93	0.2497187851519112	1	1	388	55	2	0	+G
D11_BC47_191109_LF_LIB_consensus_vsearch	943	T	T	438	4	0.89%	2	1	93	93	0.0620755524648183	1	1	383	55	4	0	+A
D11_BC47_191109_LF_LIB_consensus_vsearch	944	G	G	439	5	1.12%	2	1	93	93	0.030898285976353152	1	1	384	55	5	0	-A
D11_BC47_191109_LF_LIB_consensus_vsearch	945	A	A	434	4	0.9%	2	1	93	93	0.062071674030406296	1	1	379	55	4	0	G
D11_BC47_191109_LF_LIB_consensus_vsearch	946	G	G	445	1	0.22%	2	1	93	93	0.4999999999999138	1	1	389	56	1	0	+AG
D11_BC47_191109_LF_LIB_consensus_vsearch	947	C	C	442	5	1.11%	2	2	93	93	0.03090064512242186	1	1	388	54	4	1	T
D11_BC47_191109_LF_LIB_consensus_vsearch	948	A	A	447	1	0.22%	2	1	93	93	0.5000000000008233	1	1	392	55	0	1	+GC
D11_BC47_191109_LF_LIB_consensus_vsearch	949	T	T	442	4	0.89%	2	2	93	93	0.06207936129200334	1	1	388	54	1	3	C
D11_BC47_191109_LF_LIB_consensus_vsearch	950	G	G	443	3	0.67%	2	1	93	93	0.12457912457918291	1	1	386	57	3	0	A
D11_BC47_191109_LF_LIB_consensus_vsearch	951	T	T	441	2	0.45%	2	1	93	93	0.24971751412472734	1	1	384	57	2	0	-C
D11_BC47_191109_LF_LIB_consensus_vsearch	952	C	C	442	1	0.22%	2	1	93	93	0.4999999999990043	1	1	385	57	1	0	+A
D11_BC47_191109_LF_LIB_consensus_vsearch	953	G	*/-T	424	12	2.67%	2	2	93	93	2.2611473442214893E-4	1	1	371	53	10	2	-T
D11_BC47_191109_LF_LIB_consensus_vsearch	954	T	T	433	1	0.23%	2	1	93	93	0.4999999999999138	1	1	380	53	1	0	+GA
D11_BC47_191109_LF_LIB_consensus_vsearch	955	T	T	450	0	0%	2	0	93	0	1.0	1	0	394	56	0	0	
D11_BC47_191109_LF_LIB_consensus_vsearch	956	T	T	438	6	1.33%	2	1	93	93	0.01536166199729829	1	1	383	55	6	0	-G
D11_BC47_191109_LF_LIB_consensus_vsearch	957	G	G	437	2	0.45%	2	1	93	93	0.24971493728629837	1	1	382	55	2	0	+TG
D11_BC47_191109_LF_LIB_consensus_vsearch	958	G	G	444	4	0.89%	2	1	93	93	0.06208124018598929	1	1	387	57	4	0	A
D11_BC47_191109_LF_LIB_consensus_vsearch	959	C	C	427	6	1.34%	2	1	93	93	0.015354987779940706	1	1	372	55	6	0	-ACC
D11_BC47_191109_LF_LIB_consensus_vsearch	960	A	*/-C	406	15	3.42%	2	2	93	93	2.6880690187417594E-5	1	1	350	56	14	1	-C
D11_BC47_191109_LF_LIB_consensus_vsearch	961	C	S	409	8	1.89%	2	1	93	93	0.00377612966169784	1	1	354	55	8	0	G
D11_BC47_191109_LF_LIB_consensus_vsearch	962	C	*/-T	426	9	2.05%	2	2	93	93	0.001873189162106254	1	1	371	55	7	2	-T
D11_BC47_191109_LF_LIB_consensus_vsearch	963	T	W	418	10	2.29%	2	1	93	93	9.260031044371504E-4	1	1	363	55	10	0	A
D11_BC47_191109_LF_LIB_consensus_vsearch	964	T	T	439	4	0.89%	2	2	93	93	0.06207651112360454	1	1	383	56	3	1	C
D11_BC47_191109_LF_LIB_consensus_vsearch	965	A	A	442	2	0.45%	2	1	93	93	0.2497181510708481	1	1	385	57	2	0	G
D11_BC47_191109_LF_LIB_consensus_vsearch	966	T	T	442	3	0.67%	2	2	93	93	0.12457817772799688	1	1	388	54	1	2	-C
D11_BC47_191109_LF_LIB_consensus_vsearch	967	C	*/-TC	432	10	2.24%	2	1	93	93	9.275806861447792E-4	1	1	379	53	10	0	-TC
D11_BC47_191109_LF_LIB_consensus_vsearch	968	T	T	432	3	0.68%	2	2	93	93	0.12456846950514457	1	1	377	55	2	1	-C
D11_BC47_191109_LF_LIB_consensus_vsearch	969	C	C	423	5	1.15%	2	2	93	93	0.030885145650365813	1	1	370	53	4	1	+TC
D11_BC47_191109_LF_LIB_consensus_vsearch	970	G	G	432	6	1.35%	2	1	93	93	0.015358062976156805	1	1	375	57	6	0	A
D11_BC47_191109_LF_LIB_consensus_vsearch	971	C	Y	435	8	1.8%	2	1	93	93	0.0037837097715777354	1	1	378	57	8	0	T
D11_BC47_191109_LF_LIB_consensus_vsearch	972	C	C	439	4	0.89%	2	1	93	93	0.06207651112360454	1	1	383	56	4	0	A
D11_BC47_191109_LF_LIB_consensus_vsearch	973	G	R	435	7	1.57%	2	1	93	93	0.007627752045228881	1	1	379	56	7	0	A
D11_BC47_191109_LF_LIB_consensus_vsearch	974	T	T	445	2	0.44%	2	1	93	93	0.2497200447932722	1	1	390	55	2	0	A
D11_BC47_191109_LF_LIB_consensus_vsearch	975	T	*/+C	430	11	2.44%	2	1	93	93	4.584175673957473E-4	1	1	374	56	11	0	+C
D11_BC47_191109_LF_LIB_consensus_vsearch	976	C	C	435	3	0.68%	2	1	93	93	0.12457142857152662	1	1	381	54	3	0	+A
D11_BC47_191109_LF_LIB_consensus_vsearch	977	G	R	431	14	3.13%	2	1	93	93	5.501599410545798E-5	1	1	377	54	14	0	A
D11_BC47_191109_LF_LIB_consensus_vsearch	978	G	G	440	3	0.67%	2	1	93	93	0.1245762711863649	1	1	386	54	3	0	T
D11_BC47_191109_LF_LIB_consensus_vsearch	979	T	T	441	4	0.9%	2	2	93	93	0.062078415508149166	1	1	390	51	2	2	C
D11_BC47_191109_LF_LIB_consensus_vsearch	980	T	T	444	2	0.45%	2	1	93	93	0.24971941638606426	1	1	392	52	0	2	C
D11_BC47_191109_LF_LIB_consensus_vsearch	981	C	C	445	1	0.22%	2	1	93	93	0.4999999999999138	1	1	391	54	1	0	+GTGC
D11_BC47_191109_LF_LIB_consensus_vsearch	982	A	A	443	2	0.45%	2	1	93	93	0.2497187851519112	1	1	388	55	2	0	G
D11_BC47_191109_LF_LIB_consensus_vsearch	983	T	*/-C	377	36	8%	2	2	93	93	6.556723064570224E-12	1	1	321	56	35	1	-C
D11_BC47_191109_LF_LIB_consensus_vsearch	984	C	C	391	3	0.76%	2	1	93	93	0.12452350698836272	1	1	335	56	3	0	+TC
D11_BC47_191109_LF_LIB_consensus_vsearch	985	C	C	430	1	0.23%	2	1	93	93	0.4999999999990043	1	1	375	55	0	1	+TTC
D11_BC47_191109_LF_LIB_consensus_vsearch	986	C	C	441	4	0.89%	2	1	93	93	0.062078415508149166	1	1	385	56	4	0	-A
D11_BC47_191109_LF_LIB_consensus_vsearch	987	A	*/-CA	406	35	7.88%	2	2	93	93	1.4419928211167382E-11	1	1	352	54	32	3	-CA
D11_BC47_191109_LF_LIB_consensus_vsearch	988	C	C	413	1	0.24%	2	1	93	93	0.5000000000008233	1	1	359	54	1	0	-ATC
D11_BC47_191109_LF_LIB_consensus_vsearch	989	A	A	409	5	1.21%	2	1	93	93	0.03087281521381857	1	1	360	49	0	5	-T
D11_BC47_191109_LF_LIB_consensus_vsearch	990	T	T	439	2	0.45%	2	1	93	93	0.2497162315547306	1	1	387	52	2	0	-C
D11_BC47_191109_LF_LIB_consensus_vsearch	991	C	C	442	2	0.45%	2	2	93	93	0.2497181510708481	1	1	386	56	1	1	T
D11_BC47_191109_LF_LIB_consensus_vsearch	992	G	G	441	3	0.67%	2	1	93	93	0.12457722660661777	1	1	385	56	3	0	A
D11_BC47_191109_LF_LIB_consensus_vsearch	993	C	C	443	2	0.45%	2	1	93	93	0.2497187851519112	1	1	387	56	2	0	+GC
D11_BC47_191109_LF_LIB_consensus_vsearch	994	C	C	445	1	0.22%	2	1	93	93	0.4999999999999138	1	1	389	56	0	1	+A
D11_BC47_191109_LF_LIB_consensus_vsearch	995	A	A	445	2	0.44%	2	1	93	93	0.2497200447932722	1	1	389	56	2	0	G
D11_BC47_191109_LF_LIB_consensus_vsearch	996	G	G	442	3	0.67%	2	2	93	93	0.12457817772799688	1	1	387	55	1	2	+C
D11_BC47_191109_LF_LIB_consensus_vsearch	997	T	T	449	1	0.22%	2	1	93	93	0.4999999999990043	1	1	392	57	1	0	+A
D11_BC47_191109_LF_LIB_consensus_vsearch	998	T	Y	443	7	1.55%	2	2	93	93	0.00763102167395619	1	1	390	53	3	4	C
D11_BC47_191109_LF_LIB_consensus_vsearch	999	C	C	446	4	0.89%	2	2	93	93	0.06208310236944096	1	1	390	56	3	1	-T
D11_BC47_191109_LF_LIB_consensus_vsearch	1000	T	*/-GCT	430	8	1.79%	2	1	93	93	0.0037823214180042796	1	1	376	54	8	0	-GCT
D11_BC47_191109_LF_LIB_consensus_vsearch	1001	G	G	427	6	1.36%	2	1	93	93	0.015354987779940706	1	1	372	55	6	0	-CT
D11_BC47_191109_LF_LIB_consensus_vsearch	1002	C	*/+T	413	8	1.83%	2	2	93	93	0.0037773562911889175	1	1	364	49	6	2	+T
D11_BC47_191109_LF_LIB_consensus_vsearch	1003	T	T	424	3	0.7%	2	1	93	93	0.12456037514670402	1	1	368	56	3	0	C
D11_BC47_191109_LF_LIB_consensus_vsearch	1004	T	*/-A	338	99	22.35%	2	1	93	93	2.9787161350936415E-33	1	1	282	56	99	0	-A
D11_BC47_191109_LF_LIB_consensus_vsearch	1005	A	R	322	10	2.87%	2	1	93	93	9.116732160365274E-4	1	1	265	57	10	0	G
D11_BC47_191109_LF_LIB_consensus_vsearch	1006	C	S	326	100	22.88%	2	1	93	93	1.0759638749625878E-33	1	1	274	52	100	0	G
D11_BC47_191109_LF_LIB_consensus_vsearch	1007	C	*/-A	389	25	5.61%	2	2	93	93	2.0515118318938828E-8	1	1	344	45	19	6	-A
D11_BC47_191109_LF_LIB_consensus_vsearch	1008	A	A	415	4	0.95%	2	1	93	93	0.06205223960684896	1	1	365	50	4	0	G
D11_BC47_191109_LF_LIB_consensus_vsearch	1009	A	A	445	1	0.22%	2	1	93	93	0.4999999999999138	1	1	389	56	1	0	+G
D11_BC47_191109_LF_LIB_consensus_vsearch	1010	A	A	447	1	0.22%	2	1	93	93	0.5000000000008233	1	1	390	57	1	0	G
D11_BC47_191109_LF_LIB_consensus_vsearch	1011	A	A	438	5	1.11%	2	1	93	93	0.03089749249800421	1	1	381	57	5	0	-C
D11_BC47_191109_LF_LIB_consensus_vsearch	1012	C	C	441	3	0.67%	2	1	93	93	0.12457722660661777	1	1	384	57	3	0	T
D11_BC47_191109_LF_LIB_consensus_vsearch	1013	C	C	440	3	0.67%	2	1	93	93	0.1245762711863649	1	1	384	56	3	0	+AC
D11_BC47_191109_LF_LIB_consensus_vsearch	1014	G	R	433	12	2.68%	2	1	93	93	2.2647039152581312E-4	1	1	377	56	12	0	A
D11_BC47_191109_LF_LIB_consensus_vsearch	1015	G	*/-C	427	20	4.44%	2	1	93	93	7.67422341324127E-7	1	1	370	57	20	0	-C
D11_BC47_191109_LF_LIB_consensus_vsearch	1016	C	C	428	2	0.46%	2	2	93	93	0.24970896391120487	1	1	372	56	1	1	T
D11_BC47_191109_LF_LIB_consensus_vsearch	1017	C	C	443	2	0.44%	2	1	93	93	0.2497187851519112	1	1	386	57	2	0	+G
D11_BC47_191109_LF_LIB_consensus_vsearch	1018	C	*/-AC	418	19	4.21%	2	1	93	93	1.5617633199588545E-6	1	1	361	57	19	0	-AC
D11_BC47_191109_LF_LIB_consensus_vsearch	1019	A	R	406	15	3.54%	2	2	93	93	2.6880690187417594E-5	1	1	350	56	14	1	G
D11_BC47_191109_LF_LIB_consensus_vsearch	1020	C	*/-T	415	8	1.86%	2	2	93	93	0.003777960974854116	1	1	360	55	7	1	-T
D11_BC47_191109_LF_LIB_consensus_vsearch	1021	T	T	427	4	0.92%	2	1	93	93	0.06206471344608787	1	1	371	56	4	0	C
D11_BC47_191109_LF_LIB_consensus_vsearch	1022	T	T	424	6	1.35%	2	1	93	93	0.015353108416041601	1	1	368	56	6	0	+A
D11_BC47_191109_LF_LIB_consensus_vsearch	1023	G	G	430	6	1.35%	2	1	93	93	0.015356841341651906	1	1	375	55	6	0	T
D11_BC47_191109_LF_LIB_consensus_vsearch	1024	T	*/+A	425	7	1.58%	2	1	93	93	0.007623495521158642	1	1	371	54	7	0	+A
D11_BC47_191109_LF_LIB_consensus_vsearch	1025	G	G	439	2	0.45%	2	1	93	93	0.2497162315547306	1	1	383	56	2	0	-C
D11_BC47_191109_LF_LIB_consensus_vsearch	1026	C	C	439	3	0.67%	2	1	93	93	0.12457531143833234	1	1	387	52	0	3	+T
D11_BC47_191109_LF_LIB_consensus_vsearch	1027	T	T	442	2	0.45%	2	1	93	93	0.2497181510708481	1	1	385	57	2	0	C
D11_BC47_191109_LF_LIB_consensus_vsearch	1028	T	T	440	3	0.67%	2	1	93	93	0.1245762711863649	1	1	384	56	3	0	+C
D11_BC47_191109_LF_LIB_consensus_vsearch	1029	C	C	445	1	0.22%	2	1	93	93	0.4999999999999138	1	1	389	56	1	0	-A
D11_BC47_191109_LF_LIB_consensus_vsearch	1030	A	R	437	8	1.78%	2	1	93	93	0.00378425644253265	1	1	382	55	8	0	G
D11_BC47_191109_LF_LIB_consensus_vsearch	1031	G	G	439	3	0.67%	2	1	93	93	0.12457531143833234	1	1	389	50	0	3	-CG
D11_BC47_191109_LF_LIB_consensus_vsearch	1032	C	C	436	3	0.67%	2	1	93	93	0.12457240592922707	1	1	384	52	3	0	-G
D11_BC47_191109_LF_LIB_consensus_vsearch	1033	G	G	437	3	0.68%	2	1	93	93	0.12457337883968563	1	1	383	54	3	0	A
D11_BC47_191109_LF_LIB_consensus_vsearch	1034	T	T	445	3	0.67%	2	2	93	93	0.12458100558661131	1	1	391	54	1	2	C
D11_BC47_191109_LF_LIB_consensus_vsearch	1035	T	T	447	1	0.22%	2	1	93	93	0.5000000000008233	1	1	390	57	1	0	C
D11_BC47_191109_LF_LIB_consensus_vsearch	1036	C	C	442	4	0.89%	2	1	93	93	0.06207936129200334	1	1	386	56	4	0	-AC
D11_BC47_191109_LF_LIB_consensus_vsearch	1037	A	A	439	4	0.9%	2	1	93	93	0.06207651112360454	1	1	383	56	4	0	G
D11_BC47_191109_LF_LIB_consensus_vsearch	1038	C	C	445	1	0.22%	2	1	93	93	0.4999999999999138	1	1	388	57	1	0	+G
D11_BC47_191109_LF_LIB_consensus_vsearch	1039	T	*/-G	432	15	3.33%	2	2	93	93	2.7083142079970986E-5	1	1	390	42	2	13	-G
D11_BC47_191109_LF_LIB_consensus_vsearch	1040	G	G	431	2	0.46%	2	1	93	93	0.24971098265883573	1	1	387	44	2	0	+TG
D11_BC47_191109_LF_LIB_consensus_vsearch	1041	G	G	448	2	0.44%	2	1	93	93	0.24972191323697995	1	1	391	57	2	0	A
D11_BC47_191109_LF_LIB_consensus_vsearch	1042	A	A	443	3	0.67%	2	1	93	93	0.12457912457918291	1	1	386	57	3	0	G
D11_BC47_191109_LF_LIB_consensus_vsearch	1043	C	C	440	5	1.11%	2	1	93	93	0.030899075890599485	1	1	383	57	5	0	T
D11_BC47_191109_LF_LIB_consensus_vsearch	1044	G	R	426	18	4%	2	2	93	93	3.199800544200983E-6	1	1	370	56	17	1	A
D11_BC47_191109_LF_LIB_consensus_vsearch	1045	G	K	437	9	2%	2	1	93	93	0.0018751394156906677	1	1	383	54	9	0	T
D11_BC47_191109_LF_LIB_consensus_vsearch	1046	T	T	444	4	0.89%	2	2	93	93	0.06208124018598929	1	1	391	53	3	1	C
D11_BC47_191109_LF_LIB_consensus_vsearch	1047	G	G	445	2	0.44%	2	1	93	93	0.2497200447932722	1	1	390	55	2	0	A
D11_BC47_191109_LF_LIB_consensus_vsearch	1048	C	C	444	2	0.44%	2	1	93	93	0.24971941638606426	1	1	387	57	2	0	T
D11_BC47_191109_LF_LIB_consensus_vsearch	1049	T	T	434	6	1.34%	2	1	93	93	0.015359273530652235	1	1	383	51	6	0	-GCT
D11_BC47_191109_LF_LIB_consensus_vsearch	1050	G	*/-C	424	9	2.03%	2	2	93	93	0.0018728240442215458	1	1	377	47	6	3	-C
D11_BC47_191109_LF_LIB_consensus_vsearch	1051	C	C	419	5	1.15%	2	2	93	93	0.03088170570687224	1	1	369	50	2	3	T
D11_BC47_191109_LF_LIB_consensus_vsearch	1052	T	*/+C	403	26	5.92%	2	1	93	93	1.0084381564126028E-8	1	1	352	51	26	0	+C
D11_BC47_191109_LF_LIB_consensus_vsearch	1053	C	*/+G	362	53	11.94%	2	1	93	93	1.884100094164255E-17	1	1	313	49	53	0	+G
D11_BC47_191109_LF_LIB_consensus_vsearch	1054	A	*/-G	359	58	13.3%	2	1	93	93	4.119980961546382E-19	1	1	307	52	58	0	-G
D11_BC47_191109_LF_LIB_consensus_vsearch	1055	G	*/+A	371	14	3.59%	2	1	93	93	5.4117244811276506E-5	1	1	315	56	14	0	+A
D11_BC47_191109_LF_LIB_consensus_vsearch	1056	A	*/-C	422	12	2.69%	2	1	93	93	2.2603374744065776E-4	1	1	366	56	12	0	-C
D11_BC47_191109_LF_LIB_consensus_vsearch	1057	C	C	424	3	0.69%	2	1	93	93	0.12456037514670402	1	1	369	55	3	0	T
D11_BC47_191109_LF_LIB_consensus_vsearch	1058	A	A	441	2	0.45%	2	1	93	93	0.24971751412472734	1	1	385	56	2	0	G
D11_BC47_191109_LF_LIB_consensus_vsearch	1059	C	*/-AC	397	44	9.82%	2	2	93	93	1.8385993970392542E-14	1	1	352	45	33	11	-AC
D11_BC47_191109_LF_LIB_consensus_vsearch	1060	A	A	396	4	1%	2	2	93	93	0.06203095776871511	1	1	352	44	3	1	G
D11_BC47_191109_LF_LIB_consensus_vsearch	1061	C	C	396	5	1.23%	2	2	93	93	0.03086059509471206	1	1	352	44	4	1	+AC
D11_BC47_191109_LF_LIB_consensus_vsearch	1062	G	G	440	3	0.67%	2	1	93	93	0.1245762711863649	1	1	383	57	3	0	-C
D11_BC47_191109_LF_LIB_consensus_vsearch	1063	C	C	440	2	0.45%	2	1	93	93	0.2497168742917677	1	1	383	57	2	0	A
D11_BC47_191109_LF_LIB_consensus_vsearch	1064	C	C	442	2	0.45%	2	1	93	93	0.2497181510708481	1	1	385	57	2	0	-A
D11_BC47_191109_LF_LIB_consensus_vsearch	1065	A	R	429	12	2.69%	2	1	93	93	2.2631406886309665E-4	1	1	375	54	12	0	G
D11_BC47_191109_LF_LIB_consensus_vsearch	1066	G	G	448	0	0%	2	0	93	0	1.0	1	0	392	56	0	0	
D11_BC47_191109_LF_LIB_consensus_vsearch	1067	G	G	449	1	0.22%	2	1	93	93	0.4999999999990043	1	1	392	57	1	0	+A
D11_BC47_191109_LF_LIB_consensus_vsearch	1068	A	A	451	0	0%	2	0	93	0	1.0	1	0	394	57	0	0	
D11_BC47_191109_LF_LIB_consensus_vsearch	1069	T	T	442	4	0.89%	2	1	93	93	0.06207936129200334	1	1	385	57	4	0	+A
D11_BC47_191109_LF_LIB_consensus_vsearch	1070	G	G	435	5	1.11%	2	1	93	93	0.030895090435182324	1	1	378	57	5	0	A
D11_BC47_191109_LF_LIB_consensus_vsearch	1071	T	T	441	1	0.22%	2	1	93	93	0.5000000000008233	1	1	385	56	1	0	+GT
D11_BC47_191109_LF_LIB_consensus_vsearch	1072	A	R	432	10	2.26%	2	1	93	93	9.275806861447792E-4	1	1	376	56	10	0	G
D11_BC47_191109_LF_LIB_consensus_vsearch	1073	C	C	441	2	0.45%	2	1	93	93	0.24971751412472734	1	1	386	55	2	0	T
D11_BC47_191109_LF_LIB_consensus_vsearch	1074	A	*/-CA	377	52	11.66%	2	2	93	93	4.284626540000358E-17	1	1	324	53	49	3	-CA
D11_BC47_191109_LF_LIB_consensus_vsearch	1075	C	C	389	3	0.76%	2	2	93	93	0.12452107279688855	1	1	337	52	1	2	T
D11_BC47_191109_LF_LIB_consensus_vsearch	1076	A	*/+T	358	25	6.27%	2	1	93	93	1.9884242625123982E-8	1	1	305	53	25	0	+T
D11_BC47_191109_LF_LIB_consensus_vsearch	1077	T	T	447	1	0.22%	2	1	93	93	0.5000000000008233	1	1	390	57	1	0	+G
D11_BC47_191109_LF_LIB_consensus_vsearch	1078	T	T	449	1	0.22%	2	1	93	93	0.4999999999990043	1	1	392	57	1	0	C
D11_BC47_191109_LF_LIB_consensus_vsearch	1079	T	*/+A	430	8	1.77%	2	1	93	93	0.0037823214180042796	1	1	376	54	8	0	+A
D11_BC47_191109_LF_LIB_consensus_vsearch	1080	A	R	432	9	2%	2	1	93	93	0.001874264864679625	1	1	377	55	9	0	G
D11_BC47_191109_LF_LIB_consensus_vsearch	1081	G	*/-A	431	14	3.1%	2	1	93	93	5.501599410545798E-5	1	1	374	57	14	0	-A
D11_BC47_191109_LF_LIB_consensus_vsearch	1082	A	R	416	8	1.83%	2	2	93	93	0.003778261194268045	1	1	362	54	7	1	G
D11_BC47_191109_LF_LIB_consensus_vsearch	1083	G	G	435	5	1.12%	2	1	93	93	0.030895090435182324	1	1	379	56	5	0	+AG
D11_BC47_191109_LF_LIB_consensus_vsearch	1084	T	T	445	4	0.89%	2	2	93	93	0.0620821733525388	1	1	392	53	1	3	C
D11_BC47_191109_LF_LIB_consensus_vsearch	1085	T	T	444	2	0.44%	2	1	93	93	0.24971941638606426	1	1	389	55	2	0	+C
D11_BC47_191109_LF_LIB_consensus_vsearch	1086	C	C	437	4	0.89%	2	1	93	93	0.062074589455845104	1	1	381	56	4	0	-G
D11_BC47_191109_LF_LIB_consensus_vsearch	1087	G	G	437	5	1.13%	2	1	93	93	0.03089669543126854	1	1	380	57	5	0	+A
D11_BC47_191109_LF_LIB_consensus_vsearch	1088	A	*/-GA	421	14	3.13%	2	1	93	93	5.4882762612112586E-5	1	1	364	57	14	0	-GA
D11_BC47_191109_LF_LIB_consensus_vsearch	1089	G	*/+A	410	9	2.08%	2	1	93	93	0.0018701717553889113	1	1	353	57	9	0	+A
D11_BC47_191109_LF_LIB_consensus_vsearch	1090	A	A	411	5	1.18%	2	1	93	93	0.030874627485352822	1	1	355	56	5	0	+GA
D11_BC47_191109_LF_LIB_consensus_vsearch	1091	A	A	438	3	0.67%	2	1	93	93	0.12457434733248252	1	1	381	57	3	0	C
D11_BC47_191109_LF_LIB_consensus_vsearch	1092	T	T	439	3	0.67%	2	2	93	93	0.12457531143833234	1	1	383	56	2	1	G
D11_BC47_191109_LF_LIB_consensus_vsearch	1093	G	G	442	2	0.45%	2	1	93	93	0.2497181510708481	1	1	386	56	2	0	-C
D11_BC47_191109_LF_LIB_consensus_vsearch	1094	C	*/-GC	431	14	3.12%	2	2	93	93	5.501599410545798E-5	1	1	382	49	9	5	-GC
D11_BC47_191109_LF_LIB_consensus_vsearch	1095	G	G	425	6	1.37%	2	2	93	93	0.015353737770788975	1	1	376	49	5	1	-C
D11_BC47_191109_LF_LIB_consensus_vsearch	1096	C	C	428	1	0.23%	2	1	93	93	0.5000000000008233	1	1	377	51	1	0	+GC
D11_BC47_191109_LF_LIB_consensus_vsearch	1097	C	C	433	5	1.11%	2	1	93	93	0.030893470790357477	1	1	378	55	5	0	-G
D11_BC47_191109_LF_LIB_consensus_vsearch	1098	G	*/-A	427	15	3.36%	2	1	93	93	2.7045976238335243E-5	1	1	370	57	15	0	-A
D11_BC47_191109_LF_LIB_consensus_vsearch	1099	A	R	411	20	4.6%	2	1	93	93	7.611138031103958E-7	1	1	356	55	20	0	G
D11_BC47_191109_LF_LIB_consensus_vsearch	1100	G	*/+A	436	9	2.01%	2	1	93	93	0.0018749660605302289	1	1	380	56	9	0	+A
D11_BC47_191109_LF_LIB_consensus_vsearch	1101	G	*/-C	427	11	2.44%	2	1	93	93	4.5821703849988575E-4	1	1	370	57	11	0	-C
D11_BC47_191109_LF_LIB_consensus_vsearch	1102	C	M	425	7	1.59%	2	1	93	93	0.007623495521158642	1	1	368	57	7	0	A
D11_BC47_191109_LF_LIB_consensus_vsearch	1103	C	Y	424	18	4%	2	2	93	93	3.1972048803076152E-6	1	1	369	55	16	2	T
D11_BC47_191109_LF_LIB_consensus_vsearch	1104	A	A	429	6	1.35%	2	1	93	93	0.015356226321811444	1	1	376	53	6	0	G
D11_BC47_191109_LF_LIB_consensus_vsearch	1105	C	C	433	3	0.68%	2	2	93	93	0.12456946039042152	1	1	382	51	2	1	-T
D11_BC47_191109_LF_LIB_consensus_vsearch	1106	T	*/-A	392	26	5.84%	2	1	93	93	9.97803418815753E-9	1	1	341	51	26	0	-A
D11_BC47_191109_LF_LIB_consensus_vsearch	1107	A	A	414	2	0.48%	2	1	93	93	0.24969915764112557	1	1	360	54	2	0	+C
D11_BC47_191109_LF_LIB_consensus_vsearch	1108	A	*/-G	431	12	2.67%	2	1	93	93	2.2639257424578987E-4	1	1	374	57	12	0	-G
D11_BC47_191109_LF_LIB_consensus_vsearch	1109	G	*/-A	424	12	2.73%	2	1	93	93	2.2611473442214893E-4	1	1	368	56	12	0	-A
D11_BC47_191109_LF_LIB_consensus_vsearch	1110	A	A	425	6	1.37%	2	1	93	93	0.015353737770788975	1	1	368	57	6	0	-G
D11_BC47_191109_LF_LIB_consensus_vsearch	1111	G	*/-C	382	31	7.05%	2	2	93	93	2.595053879682153E-10	1	1	326	56	30	1	-C
D11_BC47_191109_LF_LIB_consensus_vsearch	1112	C	C	405	4	0.97%	2	1	93	93	0.06204128526484489	1	1	349	56	4	0	A
D11_BC47_191109_LF_LIB_consensus_vsearch	1113	C	C	441	4	0.89%	2	1	93	93	0.062078415508149166	1	1	385	56	4	0	T
D11_BC47_191109_LF_LIB_consensus_vsearch	1114	C	C	440	5	1.11%	2	1	93	93	0.030899075890599485	1	1	387	53	5	0	T
D11_BC47_191109_LF_LIB_consensus_vsearch	1115	C	*/-A	411	21	4.66%	2	2	93	93	3.7173750638657204E-7	1	1	368	43	13	8	-A
D11_BC47_191109_LF_LIB_consensus_vsearch	1116	A	A	422	4	0.93%	2	2	93	93	0.062059601466603075	1	1	374	48	3	1	G
D11_BC47_191109_LF_LIB_consensus_vsearch	1117	A	A	450	0	0%	2	0	93	0	1.0	1	0	393	57	0	0	
D11_BC47_191109_LF_LIB_consensus_vsearch	1118	A	A	449	2	0.44%	2	1	93	93	0.24972253052152624	1	1	392	57	2	0	G
D11_BC47_191109_LF_LIB_consensus_vsearch	1119	A	A	445	2	0.44%	2	1	93	93	0.2497200447932722	1	1	390	55	2	0	+C
D11_BC47_191109_LF_LIB_consensus_vsearch	1120	C	C	447	1	0.22%	2	1	93	93	0.5000000000008233	1	1	391	56	1	0	-GC
D11_BC47_191109_LF_LIB_consensus_vsearch	1121	G	*/+C	404	26	5.78%	2	2	93	93	1.009382561029543E-8	1	1	349	55	24	2	+C
D11_BC47_191109_LF_LIB_consensus_vsearch	1122	C	C	425	3	0.69%	2	1	93	93	0.12456140350894482	1	1	371	54	3	0	+GC
D11_BC47_191109_LF_LIB_consensus_vsearch	1123	C	C	446	3	0.67%	2	1	93	93	0.1245819397993151	1	1	394	52	0	3	-T
D11_BC47_191109_LF_LIB_consensus_vsearch	1124	T	T	440	2	0.45%	2	1	93	93	0.2497168742917677	1	1	387	53	2	0	+G
D11_BC47_191109_LF_LIB_consensus_vsearch	1125	A	A	447	2	0.45%	2	1	93	93	0.24972129319990002	1	1	390	57	2	0	G
D11_BC47_191109_LF_LIB_consensus_vsearch	1126	A	A	449	1	0.22%	2	1	93	93	0.4999999999990043	1	1	392	57	1	0	C
D11_BC47_191109_LF_LIB_consensus_vsearch	1127	T	T	447	1	0.22%	2	1	93	93	0.5000000000008233	1	1	390	57	1	0	+C
D11_BC47_191109_LF_LIB_consensus_vsearch	1128	C	C	445	3	0.67%	2	1	93	93	0.12458100558661131	1	1	389	56	3	0	+A
D11_BC47_191109_LF_LIB_consensus_vsearch	1129	G	R	436	9	2.01%	2	1	93	93	0.0018749660605302289	1	1	380	56	9	0	A
D11_BC47_191109_LF_LIB_consensus_vsearch	1130	T	T	448	1	0.22%	2	1	93	93	0.5000000000008233	1	1	392	56	0	1	A
D11_BC47_191109_LF_LIB_consensus_vsearch	1131	T	T	447	1	0.22%	2	1	93	93	0.5000000000008233	1	1	391	56	1	0	+C
D11_BC47_191109_LF_LIB_consensus_vsearch	1132	C	*/+A	422	8	1.78%	2	1	93	93	0.003780033413733114	1	1	366	56	8	0	+A
D11_BC47_191109_LF_LIB_consensus_vsearch	1133	G	G	436	2	0.46%	2	1	93	93	0.2497142857145226	1	1	381	55	0	2	-C
D11_BC47_191109_LF_LIB_consensus_vsearch	1134	C	*/+T	411	16	3.6%	2	2	93	93	1.322402003451734E-5	1	1	360	51	14	2	+T
D11_BC47_191109_LF_LIB_consensus_vsearch	1135	T	T	436	3	0.68%	2	1	93	93	0.12457240592922707	1	1	379	57	3	0	C
D11_BC47_191109_LF_LIB_consensus_vsearch	1136	T	T	439	2	0.45%	2	1	93	93	0.2497162315547306	1	1	383	56	2	0	A
D11_BC47_191109_LF_LIB_consensus_vsearch	1137	T	T	431	4	0.9%	2	1	93	93	0.06206871836935933	1	1	375	56	4	0	-ACC
D11_BC47_191109_LF_LIB_consensus_vsearch	1138	A	R	426	8	1.8%	2	2	93	93	0.0037811878789100195	1	1	370	56	7	1	G
D11_BC47_191109_LF_LIB_consensus_vsearch	1139	C	C	430	3	0.68%	2	1	93	93	0.12456647398843287	1	1	374	56	3	0	+AC
D11_BC47_191109_LF_LIB_consensus_vsearch	1140	C	C	434	6	1.35%	2	2	93	93	0.015359273530652235	1	1	380	54	3	3	T
D11_BC47_191109_LF_LIB_consensus_vsearch	1141	G	R	440	7	1.56%	2	1	93	93	0.007629809215418646	1	1	383	57	7	0	A
D11_BC47_191109_LF_LIB_consensus_vsearch	1142	C	C	442	6	1.34%	2	1	93	93	0.015364007910021836	1	1	385	57	6	0	-A
D11_BC47_191109_LF_LIB_consensus_vsearch	1143	A	A	431	3	0.68%	2	1	93	93	0.12456747404820136	1	1	376	55	3	0	C
D11_BC47_191109_LF_LIB_consensus_vsearch	1144	T	Y	434	10	2.23%	2	1	93	93	9.277980556005647E-4	1	1	378	56	10	0	C
D11_BC47_191109_LF_LIB_consensus_vsearch	1145	A	A	439	4	0.89%	2	1	93	93	0.06207651112360454	1	1	384	55	4	0	G
D11_BC47_191109_LF_LIB_consensus_vsearch	1146	C	C	439	4	0.89%	2	1	93	93	0.06207651112360454	1	1	387	52	0	4	+A
D11_BC47_191109_LF_LIB_consensus_vsearch	1147	A	A	444	1	0.22%	2	1	93	93	0.5000000000008233	1	1	388	56	1	0	+CA
D11_BC47_191109_LF_LIB_consensus_vsearch	1148	A	*/-C	427	8	1.78%	2	1	93	93	0.0037814732031268648	1	1	372	55	8	0	-C
D11_BC47_191109_LF_LIB_consensus_vsearch	1149	C	C	440	1	0.23%	2	1	93	93	0.4999999999999138	1	1	385	55	0	1	+AA
D11_BC47_191109_LF_LIB_consensus_vsearch	1150	C	*/+A	418	8	1.77%	2	1	93	93	0.003778857437644956	1	1	368	50	8	0	+A
D11_BC47_191109_LF_LIB_consensus_vsearch	1151	G	R	415	10	2.28%	2	1	93	93	9.256517413502841E-4	1	1	361	54	10	0	A
D11_BC47_191109_LF_LIB_consensus_vsearch	1152	C	*/-T	421	9	2.03%	2	2	93	93	0.0018722700711233777	1	1	367	54	8	1	-T
D11_BC47_191109_LF_LIB_consensus_vsearch	1153	T	Y	408	15	3.48%	2	1	93	93	2.6897105828015778E-5	1	1	352	56	15	0	C
D11_BC47_191109_LF_LIB_consensus_vsearch	1154	T	W	413	15	3.4%	2	1	93	93	2.693750469087132E-5	1	1	356	57	15	0	A
D11_BC47_191109_LF_LIB_consensus_vsearch	1155	G	*/-A	432	18	4%	2	1	93	93	3.2074585795037237E-6	1	1	375	57	18	0	-A
D11_BC47_191109_LF_LIB_consensus_vsearch	1156	A	A	424	6	1.39%	2	1	93	93	0.015353108416041601	1	1	367	57	6	0	G
D11_BC47_191109_LF_LIB_consensus_vsearch	1157	A	R	439	7	1.55%	2	2	93	93	0.00762940145447119	1	1	384	55	6	1	G
D11_BC47_191109_LF_LIB_consensus_vsearch	1158	C	C	434	5	1.11%	2	1	93	93	0.030894282456439635	1	1	378	56	5	0	-G
D11_BC47_191109_LF_LIB_consensus_vsearch	1159	G	*/-A	426	10	2.25%	2	2	93	93	9.269167954843176E-4	1	1	373	53	9	1	-A
D11_BC47_191109_LF_LIB_consensus_vsearch	1160	A	A	430	3	0.68%	2	1	93	93	0.12456647398843287	1	1	377	53	3	0	+GA
D11_BC47_191109_LF_LIB_consensus_vsearch	1161	A	A	441	5	1.11%	2	2	93	93	0.030899862264693823	1	1	386	55	4	1	-G
D11_BC47_191109_LF_LIB_consensus_vsearch	1162	G	R	437	7	1.57%	2	1	93	93	0.007628580447648388	1	1	381	56	7	0	A
D11_BC47_191109_LF_LIB_consensus_vsearch	1163	C	C	441	3	0.67%	2	2	93	93	0.12457722660661777	1	1	387	54	2	1	+T
D11_BC47_191109_LF_LIB_consensus_vsearch	1164	A	A	437	4	0.89%	2	2	93	93	0.062074589455845104	1	1	385	52	2	2	T
D11_BC47_191109_LF_LIB_consensus_vsearch	1165	C	C	441	4	0.89%	2	2	93	93	0.062078415508149166	1	1	386	55	3	1	T
D11_BC47_191109_LF_LIB_consensus_vsearch	1166	A	R	433	8	1.78%	2	1	93	93	0.003783158179516694	1	1	377	56	8	0	G
D11_BC47_191109_LF_LIB_consensus_vsearch	1167	G	G	445	2	0.45%	2	1	93	93	0.2497200447932722	1	1	388	57	2	0	-C
D11_BC47_191109_LF_LIB_consensus_vsearch	1168	C	C	439	4	0.89%	2	1	93	93	0.06207651112360454	1	1	382	57	4	0	+AGC
D11_BC47_191109_LF_LIB_consensus_vsearch	1169	T	T	448	2	0.44%	2	1	93	93	0.24972191323697995	1	1	393	55	0	2	C
D11_BC47_191109_LF_LIB_consensus_vsearch	1170	A	A	449	1	0.22%	2	1	93	93	0.4999999999990043	1	1	392	57	1	0	G
D11_BC47_191109_LF_LIB_consensus_vsearch	1171	T	*/-C	386	47	10.42%	2	2	93	93	1.8984802972881E-15	1	1	330	56	46	1	-C
D11_BC47_191109_LF_LIB_consensus_vsearch	1172	C	C	402	1	0.25%	2	1	93	93	0.4999999999999138	1	1	346	56	1	0	+A
D11_BC47_191109_LF_LIB_consensus_vsearch	1173	C	C	446	2	0.44%	2	1	93	93	0.24972067039122897	1	1	389	57	2	0	A
D11_BC47_191109_LF_LIB_consensus_vsearch	1174	T	T	438	3	0.67%	2	1	93	93	0.12457434733248252	1	1	385	53	0	3	+G
D11_BC47_191109_LF_LIB_consensus_vsearch	1175	G	*/-A	421	17	3.8%	2	2	93	93	6.5127858630373285E-6	1	1	365	56	16	1	-A
D11_BC47_191109_LF_LIB_consensus_vsearch	1176	A	*/-G	191	160	37.56%	2	2	93	93	3.16433263957255E-59	1	1	146	45	151	9	-G
D11_BC47_191109_LF_LIB_consensus_vsearch	1177	G	G	219	2	0.89%	2	1	93	93	0.24943310657599216	1	1	174	45	2	0	+A
D11_BC47_191109_LF_LIB_consensus_vsearch	1178	G	G	386	4	1.02%	2	1	93	93	0.062018923379747036	1	1	329	57	4	0	A
D11_BC47_191109_LF_LIB_consensus_vsearch	1179	G	*/-A	410	7	1.65%	2	2	93	93	0.007616729829810889	1	1	356	54	5	2	-A
D11_BC47_191109_LF_LIB_consensus_vsearch	1180	A	A	415	0	0%	2	0	93	0	1.0	1	0	360	55	0	0	
D11_BC47_191109_LF_LIB_consensus_vsearch	1181	A	A	443	2	0.45%	2	1	93	93	0.2497187851519112	1	1	386	57	2	0	G
D11_BC47_191109_LF_LIB_consensus_vsearch	1182	A	R	428	15	3.35%	2	1	93	93	2.7053473538898E-5	1	1	373	55	15	0	G
D11_BC47_191109_LF_LIB_consensus_vsearch	1183	C	*/-T	421	13	2.91%	2	2	93	93	1.1143252502300736E-4	1	1	372	49	8	5	-T
D11_BC47_191109_LF_LIB_consensus_vsearch	1184	T	T	425	2	0.47%	2	1	93	93	0.24970691676425003	1	1	375	50	2	0	A
D11_BC47_191109_LF_LIB_consensus_vsearch	1185	T	*/+C	419	7	1.58%	2	1	93	93	0.007620846145152445	1	1	367	52	7	0	+C
D11_BC47_191109_LF_LIB_consensus_vsearch	1186	C	*/-G	255	71	16.1%	2	2	93	93	5.839436823056567E-24	1	1	236	19	47	24	-G
D11_BC47_191109_LF_LIB_consensus_vsearch	1187	G	G	343	6	1.68%	2	1	93	93	0.015290188241060826	1	1	317	26	6	0	A
D11_BC47_191109_LF_LIB_consensus_vsearch	1188	G	G	422	4	0.93%	2	1	93	93	0.062059601466603075	1	1	369	53	4	0	A
D11_BC47_191109_LF_LIB_consensus_vsearch	1189	G	G	440	3	0.67%	2	1	93	93	0.1245762711863649	1	1	384	56	3	0	+AG
D11_BC47_191109_LF_LIB_consensus_vsearch	1190	G	R	428	20	4.44%	2	1	93	93	7.678029872918344E-7	1	1	372	56	20	0	A
D11_BC47_191109_LF_LIB_consensus_vsearch	1191	G	*/-A	434	13	2.88%	2	1	93	93	1.1173262519439844E-4	1	1	378	56	13	0	-A
D11_BC47_191109_LF_LIB_consensus_vsearch	1192	A	A	434	1	0.23%	2	1	93	93	0.4999999999999138	1	1	377	57	1	0	+G
D11_BC47_191109_LF_LIB_consensus_vsearch	1193	A	A	438	5	1.11%	2	1	93	93	0.03089749249800421	1	1	383	55	5	0	-C
D11_BC47_191109_LF_LIB_consensus_vsearch	1194	C	C	443	1	0.22%	2	1	93	93	0.4999999999999138	1	1	386	57	1	0	G
D11_BC47_191109_LF_LIB_consensus_vsearch	1195	C	C	443	4	0.89%	2	2	93	93	0.06208030284174911	1	1	388	55	3	1	T
D11_BC47_191109_LF_LIB_consensus_vsearch	1196	A	A	444	3	0.67%	2	1	93	93	0.12458006718908442	1	1	390	54	3	0	-G
D11_BC47_191109_LF_LIB_consensus_vsearch	1197	G	G	438	4	0.9%	2	2	93	93	0.0620755524648183	1	1	385	53	3	1	-C
D11_BC47_191109_LF_LIB_consensus_vsearch	1198	C	C	440	2	0.45%	2	1	93	93	0.2497168742917677	1	1	386	54	2	0	A
D11_BC47_191109_LF_LIB_consensus_vsearch	1199	C	C	440	4	0.89%	2	1	93	93	0.06207746546158639	1	1	384	56	4	0	-A
D11_BC47_191109_LF_LIB_consensus_vsearch	1200	A	R	434	8	1.79%	2	1	93	93	0.0037834345948323136	1	1	379	55	8	0	G
D11_BC47_191109_LF_LIB_consensus_vsearch	1201	T	T	439	5	1.12%	2	1	93	93	0.030898285976353152	1	1	384	55	5	0	G
D11_BC47_191109_LF_LIB_consensus_vsearch	1202	T	*/+G	425	15	3.33%	2	1	93	93	2.703088397887027E-5	1	1	370	55	15	0	+G
D11_BC47_191109_LF_LIB_consensus_vsearch	1203	A	*/-G	419	15	3.36%	2	1	93	93	2.6984810488819573E-5	1	1	366	53	15	0	-G
D11_BC47_191109_LF_LIB_consensus_vsearch	1204	G	G	430	2	0.46%	2	2	93	93	0.24971031286224527	1	1	375	55	1	1	-A
D11_BC47_191109_LF_LIB_consensus_vsearch	1205	A	A	440	4	0.9%	2	2	93	93	0.06207746546158639	1	1	387	53	3	1	G
D11_BC47_191109_LF_LIB_consensus_vsearch	1206	C	C	440	4	0.89%	2	1	93	93	0.06207746546158639	1	1	385	55	4	0	+A
D11_BC47_191109_LF_LIB_consensus_vsearch	1207	G	R	430	16	3.55%	2	1	93	93	1.3306337519337772E-5	1	1	375	55	16	0	A
D11_BC47_191109_LF_LIB_consensus_vsearch	1208	G	G	442	5	1.11%	2	1	93	93	0.03090064512242186	1	1	385	57	5	0	T
D11_BC47_191109_LF_LIB_consensus_vsearch	1209	T	T	444	3	0.67%	2	1	93	93	0.12458006718908442	1	1	391	53	0	3	+C
D11_BC47_191109_LF_LIB_consensus_vsearch	1210	T	*/+C	438	7	1.55%	2	1	93	93	0.007628991869306366	1	1	384	54	7	0	+C
D11_BC47_191109_LF_LIB_consensus_vsearch	1211	C	C	437	3	0.67%	2	2	93	93	0.12457337883968563	1	1	387	50	2	1	+A
D11_BC47_191109_LF_LIB_consensus_vsearch	1212	G	G	446	4	0.89%	2	1	93	93	0.06208310236944096	1	1	389	57	4	0	-A
D11_BC47_191109_LF_LIB_consensus_vsearch	1213	A	A	443	2	0.45%	2	2	93	93	0.2497187851519112	1	1	387	56	1	1	C
D11_BC47_191109_LF_LIB_consensus_vsearch	1214	T	*/+G	425	10	2.22%	2	1	93	93	9.268043937944601E-4	1	1	368	57	10	0	+G
D11_BC47_191109_LF_LIB_consensus_vsearch	1215	A	R	391	38	8.56%	2	1	93	93	1.5439367027814672E-12	1	1	336	55	38	0	G
D11_BC47_191109_LF_LIB_consensus_vsearch	1216	G	G	434	1	0.23%	2	1	93	93	0.4999999999999138	1	1	377	57	1	0	+A
D11_BC47_191109_LF_LIB_consensus_vsearch	1217	G	G	444	1	0.22%	2	1	93	93	0.5000000000008233	1	1	390	54	0	1	+C
D11_BC47_191109_LF_LIB_consensus_vsearch	1218	T	T	443	2	0.45%	2	1	93	93	0.2497187851519112	1	1	389	54	0	2	-CTT
D11_BC47_191109_LF_LIB_consensus_vsearch	1219	C	*/-T	432	8	1.79%	2	2	93	93	0.0037828805172695963	1	1	383	49	3	5	-T
D11_BC47_191109_LF_LIB_consensus_vsearch	1220	T	T	435	3	0.68%	2	2	93	93	0.12457142857152662	1	1	386	49	2	1	C
D11_BC47_191109_LF_LIB_consensus_vsearch	1221	T	T	444	2	0.45%	2	1	93	93	0.24971941638606426	1	1	390	54	2	0	C
D11_BC47_191109_LF_LIB_consensus_vsearch	1222	T	T	439	6	1.33%	2	1	93	93	0.015362252420215997	1	1	384	55	6	0	+C
D11_BC47_191109_LF_LIB_consensus_vsearch	1223	C	C	426	5	1.12%	2	2	93	93	0.0308876837313223	1	1	372	54	4	1	+A
D11_BC47_191109_LF_LIB_consensus_vsearch	1224	G	*/-C	318	87	19.82%	2	2	93	93	3.625813140975924E-29	1	1	262	56	86	1	-C
D11_BC47_191109_LF_LIB_consensus_vsearch	1225	C	C	330	3	0.89%	2	2	93	93	0.12443609022563339	1	1	275	55	2	1	+T
D11_BC47_191109_LF_LIB_consensus_vsearch	1226	C	C	417	5	1.18%	2	1	93	93	0.03087996129559998	1	1	360	57	5	0	T
D11_BC47_191109_LF_LIB_consensus_vsearch	1227	C	C	428	2	0.46%	2	1	93	93	0.24970896391120487	1	1	372	56	2	0	T
D11_BC47_191109_LF_LIB_consensus_vsearch	1228	C	C	438	6	1.33%	2	1	93	93	0.01536166199729829	1	1	384	54	6	0	T
D11_BC47_191109_LF_LIB_consensus_vsearch	1229	T	T	437	2	0.45%	2	1	93	93	0.24971493728629837	1	1	383	54	2	0	-A
D11_BC47_191109_LF_LIB_consensus_vsearch	1230	A	A	433	6	1.35%	2	1	93	93	0.01535866962898151	1	1	377	56	6	0	C
D11_BC47_191109_LF_LIB_consensus_vsearch	1231	T	*/-A	392	29	6.53%	2	1	93	93	1.1306781901827224E-9	1	1	336	56	29	0	-A
D11_BC47_191109_LF_LIB_consensus_vsearch	1232	A	R	309	59	14.82%	2	1	93	93	1.3837896603326967E-19	1	1	254	55	59	0	G
D11_BC47_191109_LF_LIB_consensus_vsearch	1233	C	S	369	29	7.23%	2	1	93	93	1.0973366285617566E-9	1	1	315	54	29	0	G
D11_BC47_191109_LF_LIB_consensus_vsearch	1234	C	S	421	21	4.74%	2	1	93	93	3.7388789115262633E-7	1	1	365	56	21	0	G
D11_BC47_191109_LF_LIB_consensus_vsearch	1235	C	*/-G	425	8	1.78%	2	2	93	93	0.0037809012469126957	1	1	378	47	6	2	-G
D11_BC47_191109_LF_LIB_consensus_vsearch	1236	G	R	372	64	14.55%	2	2	93	93	4.467335288077083E-21	1	1	323	49	62	2	A
D11_BC47_191109_LF_LIB_consensus_vsearch	1237	G	*/+A	435	9	2%	2	1	93	93	0.0018747919330438447	1	1	382	53	9	0	+A
D11_BC47_191109_LF_LIB_consensus_vsearch	1238	G	G	436	4	0.89%	2	1	93	93	0.0620736220670793	1	1	379	57	4	0	T
D11_BC47_191109_LF_LIB_consensus_vsearch	1239	T	T	445	3	0.67%	2	1	93	93	0.12458100558661131	1	1	388	57	3	0	A
D11_BC47_191109_LF_LIB_consensus_vsearch	1240	T	T	444	2	0.44%	2	1	93	93	0.24971941638606426	1	1	388	56	2	0	-ACAC
D11_BC47_191109_LF_LIB_consensus_vsearch	1241	A	R	432	9	2.01%	2	1	93	93	0.001874264864679625	1	1	381	51	9	0	G
D11_BC47_191109_LF_LIB_consensus_vsearch	1242	C	*/-AC	381	52	11.71%	2	1	93	93	4.3545217117446173E-17	1	1	338	43	52	0	-AC
D11_BC47_191109_LF_LIB_consensus_vsearch	1243	A	A	393	2	0.51%	2	1	93	93	0.24968314321918028	1	1	337	56	2	0	G
D11_BC47_191109_LF_LIB_consensus_vsearch	1244	C	Y	379	15	3.78%	2	2	93	93	2.6643583645111762E-5	1	1	336	43	1	14	T
D11_BC47_191109_LF_LIB_consensus_vsearch	1245	G	G	442	6	1.33%	2	1	93	93	0.015364007910021836	1	1	385	57	6	0	-A
D11_BC47_191109_LF_LIB_consensus_vsearch	1246	A	A	440	3	0.68%	2	1	93	93	0.1245762711863649	1	1	383	57	3	0	G
D11_BC47_191109_LF_LIB_consensus_vsearch	1247	T	T	443	4	0.89%	2	1	93	93	0.06208030284174911	1	1	386	57	4	0	+CC
D11_BC47_191109_LF_LIB_consensus_vsearch	1248	C	C	441	6	1.34%	2	1	93	93	0.015363425358953372	1	1	384	57	6	0	-G
D11_BC47_191109_LF_LIB_consensus_vsearch	1249	G	*/-A	405	32	7.21%	2	1	93	93	1.2921146210594875E-10	1	1	348	57	32	0	-A
D11_BC47_191109_LF_LIB_consensus_vsearch	1250	A	*/-T	380	24	5.83%	2	1	93	93	4.19242572876341E-8	1	1	324	56	24	0	-T
D11_BC47_191109_LF_LIB_consensus_vsearch	1251	T	K	383	35	8.35%	2	1	93	93	1.3849964145330332E-11	1	1	326	57	35	0	G
D11_BC47_191109_LF_LIB_consensus_vsearch	1252	T	T	446	3	0.67%	2	1	93	93	0.1245819397993151	1	1	389	57	3	0	G
D11_BC47_191109_LF_LIB_consensus_vsearch	1253	T	*/-GC	431	10	2.22%	2	1	93	93	9.274712732448419E-4	1	1	379	52	10	0	-GC
D11_BC47_191109_LF_LIB_consensus_vsearch	1254	G	G	429	5	1.14%	2	1	93	93	0.030890186744528703	1	1	374	55	5	0	A
D11_BC47_191109_LF_LIB_consensus_vsearch	1255	C	*/-AC	384	42	9.59%	2	1	93	93	7.855691519176396E-14	1	1	334	50	42	0	-AC
D11_BC47_191109_LF_LIB_consensus_vsearch	1256	A	*/+T	383	10	2.46%	2	2	93	93	9.215757570452482E-4	1	1	339	44	1	9	+T
D11_BC47_191109_LF_LIB_consensus_vsearch	1257	C	*/+AC	388	7	1.74%	2	1	93	93	0.007605882130108492	1	1	335	53	7	0	+AC
D11_BC47_191109_LF_LIB_consensus_vsearch	1258	G	G	433	5	1.13%	2	1	93	93	0.030893470790357477	1	1	380	53	5	0	A
D11_BC47_191109_LF_LIB_consensus_vsearch	1259	T	*/+C	435	13	2.9%	2	1	93	93	1.1175501046296811E-4	1	1	378	57	13	0	+C
D11_BC47_191109_LF_LIB_consensus_vsearch	1260	C	*/+A	419	28	6.21%	2	1	93	93	2.4080901187568772E-9	1	1	362	57	28	0	+A
D11_BC47_191109_LF_LIB_consensus_vsearch	1261	A	*/+G	432	10	2.23%	2	1	93	93	9.275806861447792E-4	1	1	386	46	0	10	+G
D11_BC47_191109_LF_LIB_consensus_vsearch	1262	G	G	435	6	1.34%	2	2	93	93	0.015359874699953162	1	1	384	51	1	5	+A
D11_BC47_191109_LF_LIB_consensus_vsearch	1263	A	A	442	2	0.45%	2	1	93	93	0.2497181510708481	1	1	385	57	2	0	G
D11_BC47_191109_LF_LIB_consensus_vsearch	1264	A	*/-C	428	12	2.66%	2	2	93	93	2.2627455527610537E-4	1	1	373	55	11	1	-C
D11_BC47_191109_LF_LIB_consensus_vsearch	1265	C	C	433	2	0.46%	2	1	93	93	0.2497123130030455	1	1	378	55	2	0	T
D11_BC47_191109_LF_LIB_consensus_vsearch	1266	C	Y	427	13	2.91%	2	2	93	93	1.1157316780867368E-4	1	1	381	46	4	9	T
D11_BC47_191109_LF_LIB_consensus_vsearch	1267	G	G	431	5	1.13%	2	1	93	93	0.03089183629518613	1	1	375	56	5	0	A
D11_BC47_191109_LF_LIB_consensus_vsearch	1268	C	C	427	4	0.89%	2	1	93	93	0.06206471344608787	1	1	372	55	4	0	A
D11_BC47_191109_LF_LIB_consensus_vsearch	1269	T	Y	432	8	1.8%	2	2	93	93	0.0037828805172695963	1	1	378	54	6	2	C
D11_BC47_191109_LF_LIB_consensus_vsearch	1270	A	R	428	10	2.25%	2	1	93	93	9.271400825692105E-4	1	1	374	54	10	0	G
D11_BC47_191109_LF_LIB_consensus_vsearch	1271	C	C	436	6	1.35%	2	1	93	93	0.01536047315528176	1	1	388	48	0	6	-G
D11_BC47_191109_LF_LIB_consensus_vsearch	1272	G	G	438	3	0.67%	2	1	93	93	0.12457434733248252	1	1	394	44	0	3	+T
D11_BC47_191109_LF_LIB_consensus_vsearch	1273	G	G	448	1	0.22%	2	1	93	93	0.5000000000008233	1	1	393	55	1	0	+TTT
D11_BC47_191109_LF_LIB_consensus_vsearch	1274	A	A	441	3	0.67%	2	2	93	93	0.12457722660661777	1	1	386	55	2	1	-C
D11_BC47_191109_LF_LIB_consensus_vsearch	1275	C	C	444	2	0.45%	2	1	93	93	0.24971941638606426	1	1	388	56	2	0	+A
D11_BC47_191109_LF_LIB_consensus_vsearch	1276	C	C	449	1	0.22%	2	1	93	93	0.4999999999990043	1	1	394	55	0	1	-T
D11_BC47_191109_LF_LIB_consensus_vsearch	1277	T	T	437	5	1.11%	2	1	93	93	0.03089669543126854	1	1	382	55	5	0	+C
D11_BC47_191109_LF_LIB_consensus_vsearch	1278	C	C	444	1	0.22%	2	1	93	93	0.5000000000008233	1	1	388	56	1	0	G
D11_BC47_191109_LF_LIB_consensus_vsearch	1279	C	C	437	4	0.89%	2	1	93	93	0.062074589455845104	1	1	381	56	4	0	-ACC
D11_BC47_191109_LF_LIB_consensus_vsearch	1280	A	*/-C	426	8	1.81%	2	1	93	93	0.0037811878789100195	1	1	369	57	8	0	-C
D11_BC47_191109_LF_LIB_consensus_vsearch	1281	C	C	433	3	0.69%	2	1	93	93	0.12456946039042152	1	1	376	57	3	0	G
D11_BC47_191109_LF_LIB_consensus_vsearch	1282	C	C	439	4	0.9%	2	1	93	93	0.06207651112360454	1	1	383	56	4	0	T
D11_BC47_191109_LF_LIB_consensus_vsearch	1283	G	R	433	15	3.34%	2	2	93	93	2.7090480075111917E-5	1	1	378	55	14	1	A
D11_BC47_191109_LF_LIB_consensus_vsearch	1284	G	G	448	3	0.67%	2	2	93	93	0.12458379578250524	1	1	392	56	2	1	A
D11_BC47_191109_LF_LIB_consensus_vsearch	1285	C	C	442	3	0.67%	2	1	93	93	0.12457817772799688	1	1	386	56	3	0	+AC
D11_BC47_191109_LF_LIB_consensus_vsearch	1286	G	*/+T	422	12	2.68%	2	1	93	93	2.2603374744065776E-4	1	1	366	56	12	0	+T
D11_BC47_191109_LF_LIB_consensus_vsearch	1287	T	T	431	5	1.14%	2	2	93	93	0.03089183629518613	1	1	377	54	4	1	C
D11_BC47_191109_LF_LIB_consensus_vsearch	1288	T	T	445	4	0.89%	2	2	93	93	0.0620821733525388	1	1	389	56	3	1	C
D11_BC47_191109_LF_LIB_consensus_vsearch	1289	T	*/-C	432	8	1.78%	2	2	93	93	0.0037828805172695963	1	1	378	54	6	2	-C
D11_BC47_191109_LF_LIB_consensus_vsearch	1290	C	C	438	1	0.23%	2	1	93	93	0.4999999999999138	1	1	383	55	1	0	G
D11_BC47_191109_LF_LIB_consensus_vsearch	1291	C	C	440	4	0.89%	2	1	93	93	0.06207746546158639	1	1	383	57	4	0	-A
D11_BC47_191109_LF_LIB_consensus_vsearch	1292	A	*/-C	429	7	1.58%	2	1	93	93	0.007625221451403564	1	1	375	54	7	0	-C
D11_BC47_191109_LF_LIB_consensus_vsearch	1293	C	C	437	2	0.45%	2	1	93	93	0.24971493728629837	1	1	381	56	2	0	G
D11_BC47_191109_LF_LIB_consensus_vsearch	1294	C	Y	433	8	1.78%	2	2	93	93	0.003783158179516694	1	1	380	53	7	1	T
D11_BC47_191109_LF_LIB_consensus_vsearch	1295	G	R	432	11	2.47%	2	1	93	93	4.5854977422456113E-4	1	1	378	54	11	0	A
D11_BC47_191109_LF_LIB_consensus_vsearch	1296	G	G	439	6	1.34%	2	1	93	93	0.015362252420215997	1	1	383	56	6	0	A
D11_BC47_191109_LF_LIB_consensus_vsearch	1297	C	*/-T	427	10	2.23%	2	1	93	93	9.270286906046182E-4	1	1	371	56	10	0	-T
D11_BC47_191109_LF_LIB_consensus_vsearch	1298	T	Y	416	7	1.63%	2	2	93	93	0.007619493408432325	1	1	361	55	6	1	C
D11_BC47_191109_LF_LIB_consensus_vsearch	1299	T	Y	419	12	2.72%	2	1	93	93	2.2591089391076449E-4	1	1	362	57	12	0	C
D11_BC47_191109_LF_LIB_consensus_vsearch	1300	C	C	438	4	0.9%	2	1	93	93	0.0620755524648183	1	1	381	57	4	0	-A
D11_BC47_191109_LF_LIB_consensus_vsearch	1301	A	A	433	5	1.13%	2	2	93	93	0.030893470790357477	1	1	378	55	4	1	G
D11_BC47_191109_LF_LIB_consensus_vsearch	1302	T	*/+C	391	29	6.47%	2	1	93	93	1.1292874421025119E-9	1	1	335	56	29	0	+C
D11_BC47_191109_LF_LIB_consensus_vsearch	1303	C	C	423	2	0.47%	2	1	93	93	0.24970553592454253	1	1	367	56	2	0	G
D11_BC47_191109_LF_LIB_consensus_vsearch	1304	C	C	442	4	0.89%	2	1	93	93	0.06207936129200334	1	1	386	56	4	0	-T
D11_BC47_191109_LF_LIB_consensus_vsearch	1305	T	*/-AC	425	12	2.69%	2	1	93	93	2.2615495697455397E-4	1	1	369	56	12	0	-AC
D11_BC47_191109_LF_LIB_consensus_vsearch	1306	A	*/-C	363	46	10.65%	2	1	93	93	3.718889769878495E-15	1	1	306	57	46	0	-C
D11_BC47_191109_LF_LIB_consensus_vsearch	1307	C	C	376	6	1.55%	2	1	93	93	0.015319034787607426	1	1	320	56	6	0	G
D11_BC47_191109_LF_LIB_consensus_vsearch	1308	C	S	432	12	2.7%	2	1	93	93	2.2643156833193682E-4	1	1	375	57	12	0	G
D11_BC47_191109_LF_LIB_consensus_vsearch	1309	C	C	441	3	0.67%	2	2	93	93	0.12457722660661777	1	1	389	52	1	2	+G
D11_BC47_191109_LF_LIB_consensus_vsearch	1310	G	R	431	11	2.46%	2	1	93	93	4.584838174083158E-4	1	1	376	55	11	0	A
D11_BC47_191109_LF_LIB_consensus_vsearch	1311	G	G	444	3	0.67%	2	1	93	93	0.12458006718908442	1	1	388	56	3	0	+A
D11_BC47_191109_LF_LIB_consensus_vsearch	1312	G	G	448	1	0.22%	2	1	93	93	0.5000000000008233	1	1	391	57	1	0	-C
D11_BC47_191109_LF_LIB_consensus_vsearch	1313	C	C	447	1	0.22%	2	1	93	93	0.5000000000008233	1	1	390	57	1	0	+G
D11_BC47_191109_LF_LIB_consensus_vsearch	1314	A	A	437	6	1.34%	2	1	93	93	0.01536106891501191	1	1	383	54	6	0	G
D11_BC47_191109_LF_LIB_consensus_vsearch	1315	T	T	434	6	1.34%	2	1	93	93	0.015359273530652235	1	1	380	54	6	0	+G
D11_BC47_191109_LF_LIB_consensus_vsearch	1316	A	*/-G	433	7	1.56%	2	1	93	93	0.0076269161468125015	1	1	379	54	7	0	-G
D11_BC47_191109_LF_LIB_consensus_vsearch	1317	G	G	437	2	0.45%	2	1	93	93	0.24971493728629837	1	1	384	53	0	2	+CG
D11_BC47_191109_LF_LIB_consensus_vsearch	1318	T	T	448	2	0.44%	2	2	93	93	0.24972191323697995	1	1	392	56	1	1	C
D11_BC47_191109_LF_LIB_consensus_vsearch	1319	T	*/+C	436	7	1.55%	2	1	93	93	0.007628167177128368	1	1	380	56	7	0	+C
D11_BC47_191109_LF_LIB_consensus_vsearch	1320	C	C	435	5	1.12%	2	1	93	93	0.030895090435182324	1	1	379	56	5	0	-A
D11_BC47_191109_LF_LIB_consensus_vsearch	1321	A	A	427	5	1.13%	2	1	93	93	0.03088852192937873	1	1	370	57	5	0	-CCA
D11_BC47_191109_LF_LIB_consensus_vsearch	1322	C	*/+AC	424	7	1.58%	2	1	93	93	0.007623059056742502	1	1	369	55	7	0	+AC
D11_BC47_191109_LF_LIB_consensus_vsearch	1323	C	C	440	3	0.67%	2	1	93	93	0.1245762711863649	1	1	383	57	3	0	-A
D11_BC47_191109_LF_LIB_consensus_vsearch	1324	A	A	438	4	0.9%	2	1	93	93	0.0620755524648183	1	1	381	57	4	0	G
D11_BC47_191109_LF_LIB_consensus_vsearch	1325	T	T	448	1	0.22%	2	1	93	93	0.5000000000008233	1	1	391	57	1	0	+A
D11_BC47_191109_LF_LIB_consensus_vsearch	1326	C	*/+T	435	8	1.78%	2	1	93	93	0.0037837097715777354	1	1	384	51	8	0	+T
D11_BC47_191109_LF_LIB_consensus_vsearch	1327	T	T	443	1	0.23%	2	1	93	93	0.4999999999999138	1	1	392	51	1	0	C
D11_BC47_191109_LF_LIB_consensus_vsearch	1328	T	T	448	1	0.22%	2	1	93	93	0.5000000000008233	1	1	393	55	0	1	C
D11_BC47_191109_LF_LIB_consensus_vsearch	1329	T	*/+C	426	18	3.99%	2	1	93	93	3.199800544200983E-6	1	1	370	56	18	0	+C
D11_BC47_191109_LF_LIB_consensus_vsearch	1330	C	*/-G	429	9	2%	2	1	93	93	0.0018737306563855328	1	1	375	54	9	0	-G
D11_BC47_191109_LF_LIB_consensus_vsearch	1331	G	R	423	15	3.41%	2	1	93	93	2.701566009065348E-5	1	1	368	55	15	0	A
D11_BC47_191109_LF_LIB_consensus_vsearch	1332	G	G	446	1	0.22%	2	1	93	93	0.5000000000008233	1	1	391	55	1	0	+A
D11_BC47_191109_LF_LIB_consensus_vsearch	1333	G	G	447	2	0.44%	2	1	93	93	0.24972129319990002	1	1	391	56	2	0	A
D11_BC47_191109_LF_LIB_consensus_vsearch	1334	T	T	445	4	0.89%	2	1	93	93	0.0620821733525388	1	1	388	57	4	0	-C
D11_BC47_191109_LF_LIB_consensus_vsearch	1335	C	C	437	5	1.12%	2	2	93	93	0.03089669543126854	1	1	381	56	4	1	-G
D11_BC47_191109_LF_LIB_consensus_vsearch	1336	G	G	439	3	0.68%	2	1	93	93	0.12457531143833234	1	1	383	56	3	0	A
D11_BC47_191109_LF_LIB_consensus_vsearch	1337	C	C	441	4	0.89%	2	1	93	93	0.062078415508149166	1	1	385	56	4	0	-A
D11_BC47_191109_LF_LIB_consensus_vsearch	1338	A	A	444	2	0.45%	2	1	93	93	0.24971941638606426	1	1	388	56	2	0	G
D11_BC47_191109_LF_LIB_consensus_vsearch	1339	T	*/-C	381	50	11.11%	2	1	93	93	1.9647731036573446E-16	1	1	326	55	50	0	-C
D11_BC47_191109_LF_LIB_consensus_vsearch	1340	C	C	396	2	0.5%	2	1	93	93	0.24968553459123424	1	1	341	55	2	0	+T
D11_BC47_191109_LF_LIB_consensus_vsearch	1341	C	*/-T	437	9	2%	2	2	93	93	0.0018751394156906677	1	1	382	55	7	2	-T
D11_BC47_191109_LF_LIB_consensus_vsearch	1342	T	*/-A	414	10	2.27%	2	1	93	93	9.255335328018615E-4	1	1	363	51	10	0	-A
D11_BC47_191109_LF_LIB_consensus_vsearch	1343	A	R	400	35	8.01%	2	1	93	93	1.427513430034835E-11	1	1	343	57	35	0	G
D11_BC47_191109_LF_LIB_consensus_vsearch	1344	C	*/-T	416	14	3.12%	2	2	93	93	5.4813912517372454E-5	1	1	366	50	10	4	-T
D11_BC47_191109_LF_LIB_consensus_vsearch	1345	T	T	417	5	1.18%	2	1	93	93	0.03087996129559998	1	1	365	52	5	0	C
D11_BC47_191109_LF_LIB_consensus_vsearch	1346	T	T	421	6	1.37%	2	1	93	93	0.01535120270746072	1	1	368	53	6	0	-G
D11_BC47_191109_LF_LIB_consensus_vsearch	1347	G	R	431	7	1.58%	2	1	93	93	0.007626072650234986	1	1	375	56	7	0	A
D11_BC47_191109_LF_LIB_consensus_vsearch	1348	C	C	437	6	1.33%	2	2	93	93	0.01536106891501191	1	1	384	53	5	1	-T
D11_BC47_191109_LF_LIB_consensus_vsearch	1349	T	T	428	5	1.12%	2	1	93	93	0.030889356258247617	1	1	374	54	5	0	+C
D11_BC47_191109_LF_LIB_consensus_vsearch	1350	C	C	438	4	0.9%	2	2	93	93	0.0620755524648183	1	1	383	55	3	1	T
D11_BC47_191109_LF_LIB_consensus_vsearch	1351	C	C	442	3	0.67%	2	1	93	93	0.12457817772799688	1	1	386	56	3	0	-AC
D11_BC47_191109_LF_LIB_consensus_vsearch	1352	A	A	435	3	0.68%	2	2	93	93	0.12457142857152662	1	1	382	53	2	1	G
D11_BC47_191109_LF_LIB_consensus_vsearch	1353	C	C	434	3	0.68%	2	1	93	93	0.12457044673541934	1	1	385	49	0	3	+T
D11_BC47_191109_LF_LIB_consensus_vsearch	1354	C	C	442	5	1.11%	2	1	93	93	0.03090064512242186	1	1	392	50	0	5	-TC
D11_BC47_191109_LF_LIB_consensus_vsearch	1355	T	T	437	3	0.67%	2	1	93	93	0.12457337883968563	1	1	388	49	3	0	+C
D11_BC47_191109_LF_LIB_consensus_vsearch	1356	C	C	433	3	0.68%	2	2	93	93	0.12456946039042152	1	1	383	50	2	1	-AT
D11_BC47_191109_LF_LIB_consensus_vsearch	1357	A	A	437	4	0.89%	2	1	93	93	0.062074589455845104	1	1	383	54	4	0	G
D11_BC47_191109_LF_LIB_consensus_vsearch	1358	T	T	441	2	0.45%	2	1	93	93	0.24971751412472734	1	1	387	54	2	0	-G
D11_BC47_191109_LF_LIB_consensus_vsearch	1359	G	R	433	9	2%	2	2	93	93	0.001874441340367089	1	1	378	55	8	1	A
D11_BC47_191109_LF_LIB_consensus_vsearch	1360	C	C	440	6	1.34%	2	2	93	93	0.015362840201509007	1	1	384	56	5	1	-A
D11_BC47_191109_LF_LIB_consensus_vsearch	1361	A	A	429	6	1.35%	2	2	93	93	0.015356226321811444	1	1	374	55	5	1	G
D11_BC47_191109_LF_LIB_consensus_vsearch	1362	G	*/-A	409	33	7.35%	2	1	93	93	6.261040989486667E-11	1	1	356	53	33	0	-A
D11_BC47_191109_LF_LIB_consensus_vsearch	1363	A	A	407	5	1.2%	2	1	93	93	0.030870985358518562	1	1	350	57	5	0	-G
D11_BC47_191109_LF_LIB_consensus_vsearch	1364	G	G	438	5	1.12%	2	1	93	93	0.03089749249800421	1	1	381	57	5	0	A
D11_BC47_191109_LF_LIB_consensus_vsearch	1365	C	C	441	3	0.67%	2	1	93	93	0.12457722660661777	1	1	384	57	3	0	+GC
D11_BC47_191109_LF_LIB_consensus_vsearch	1366	A	A	444	2	0.45%	2	1	93	93	0.24971941638606426	1	1	387	57	2	0	G
D11_BC47_191109_LF_LIB_consensus_vsearch	1367	C	*/-G	426	16	3.56%	2	2	93	93	1.3289564848969628E-5	1	1	381	45	5	11	-G
D11_BC47_191109_LF_LIB_consensus_vsearch	1368	G	R	402	15	3.46%	2	1	93	93	2.68474088688777E-5	1	1	369	33	15	0	A
D11_BC47_191109_LF_LIB_consensus_vsearch	1369	G	G	438	3	0.67%	2	1	93	93	0.12457434733248252	1	1	387	51	3	0	+A
D11_BC47_191109_LF_LIB_consensus_vsearch	1370	G	R	440	9	2%	2	2	93	93	0.0018756548982491606	1	1	389	51	4	5	A
D11_BC47_191109_LF_LIB_consensus_vsearch	1371	C	*/-GC	432	8	1.78%	2	1	93	93	0.0037828805172695963	1	1	381	51	8	0	-GC
D11_BC47_191109_LF_LIB_consensus_vsearch	1372	G	G	428	5	1.14%	2	1	93	93	0.030889356258247617	1	1	372	56	5	0	-C
D11_BC47_191109_LF_LIB_consensus_vsearch	1373	C	C	428	2	0.46%	2	1	93	93	0.24970896391120487	1	1	374	54	2	0	A
D11_BC47_191109_LF_LIB_consensus_vsearch	1374	C	*/+A	417	11	2.45%	2	1	93	93	4.575287206333824E-4	1	1	361	56	11	0	+A
D11_BC47_191109_LF_LIB_consensus_vsearch	1375	G	S	419	16	3.6%	2	1	93	93	1.3259509871934923E-5	1	1	362	57	16	0	C
D11_BC47_191109_LF_LIB_consensus_vsearch	1376	C	C	436	3	0.68%	2	1	93	93	0.12457240592922707	1	1	381	55	3	0	+A
D11_BC47_191109_LF_LIB_consensus_vsearch	1377	A	A	432	6	1.35%	2	2	93	93	0.015358062976156805	1	1	377	55	5	1	-G
D11_BC47_191109_LF_LIB_consensus_vsearch	1378	G	R	339	88	19.91%	2	1	93	93	2.1662237829918938E-29	1	1	289	50	88	0	A
D11_BC47_191109_LF_LIB_consensus_vsearch	1379	C	C	429	4	0.91%	2	2	93	93	0.062066725162242674	1	1	378	51	3	1	+GC
D11_BC47_191109_LF_LIB_consensus_vsearch	1380	C	C	444	1	0.22%	2	1	93	93	0.5000000000008233	1	1	389	55	1	0	+G
D11_BC47_191109_LF_LIB_consensus_vsearch	1381	T	*/-C	410	30	6.7%	2	1	93	93	5.583798446196176E-10	1	1	359	51	30	0	-C
D11_BC47_191109_LF_LIB_consensus_vsearch	1382	C	*/+G	338	72	17.35%	2	1	93	93	6.926848756648749E-24	1	1	284	54	72	0	+G
D11_BC47_191109_LF_LIB_consensus_vsearch	1383	C	*/-TT	350	53	11.88%	2	2	93	93	1.7804487869155864E-17	1	1	304	46	52	1	-TT
D11_BC47_191109_LF_LIB_consensus_vsearch	1384	T	W	354	15	3.93%	2	1	93	93	2.6394756231481443E-5	1	1	300	54	15	0	A
D11_BC47_191109_LF_LIB_consensus_vsearch	1385	T	Y	371	13	3.27%	2	1	93	93	1.10095664708683E-4	1	1	320	51	13	0	C
D11_BC47_191109_LF_LIB_consensus_vsearch	1386	G	S	383	20	4.46%	2	2	93	93	7.489865143008543E-7	1	1	330	53	19	1	C
D11_BC47_191109_LF_LIB_consensus_vsearch	1387	C	C	435	4	0.89%	2	2	93	93	0.06207265026891802	1	1	388	47	1	3	T
D11_BC47_191109_LF_LIB_consensus_vsearch	1388	G	R	409	23	5.12%	2	2	93	93	8.825156056877416E-8	1	1	357	52	22	1	A
D11_BC47_191109_LF_LIB_consensus_vsearch	1389	G	*/-A	416	24	5.32%	2	2	93	93	4.318319900019613E-8	1	1	360	56	23	1	-A
D11_BC47_191109_LF_LIB_consensus_vsearch	1390	A	*/+G	411	11	2.58%	2	1	93	93	4.5710039589920393E-4	1	1	355	56	11	0	+G
D11_BC47_191109_LF_LIB_consensus_vsearch	1391	T	T	448	1	0.22%	2	1	93	93	0.5000000000008233	1	1	392	56	1	0	+C
D11_BC47_191109_LF_LIB_consensus_vsearch	1392	T	T	443	3	0.67%	2	1	93	93	0.12457912457918291	1	1	387	56	3	0	+C
D11_BC47_191109_LF_LIB_consensus_vsearch	1393	C	C	444	2	0.45%	2	1	93	93	0.24971941638606426	1	1	390	54	0	2	+G
D11_BC47_191109_LF_LIB_consensus_vsearch	1394	G	G	438	3	0.67%	2	1	93	93	0.12457434733248252	1	1	382	56	3	0	+C
D11_BC47_191109_LF_LIB_consensus_vsearch	1395	C	Y	436	7	1.56%	2	2	93	93	0.007628167177128368	1	1	383	53	6	1	T
D11_BC47_191109_LF_LIB_consensus_vsearch	1396	G	G	441	2	0.45%	2	1	93	93	0.24971751412472734	1	1	387	54	2	0	A
D11_BC47_191109_LF_LIB_consensus_vsearch	1397	G	G	438	6	1.33%	2	1	93	93	0.01536166199729829	1	1	384	54	6	0	A
D11_BC47_191109_LF_LIB_consensus_vsearch	1398	T	T	436	4	0.89%	2	2	93	93	0.0620736220670793	1	1	383	53	1	3	C
D11_BC47_191109_LF_LIB_consensus_vsearch	1399	C	C	437	5	1.12%	2	2	93	93	0.03089669543126854	1	1	383	54	4	1	-T
D11_BC47_191109_LF_LIB_consensus_vsearch	1400	T	T	437	3	0.68%	2	2	93	93	0.12457337883968563	1	1	384	53	1	2	C
D11_BC47_191109_LF_LIB_consensus_vsearch	1401	A	R	432	10	2.24%	2	2	93	93	9.275806861447792E-4	1	1	379	53	8	2	G
D11_BC47_191109_LF_LIB_consensus_vsearch	1402	C	*/-G	435	9	2.01%	2	1	93	93	0.0018747919330438447	1	1	378	57	9	0	-G
D11_BC47_191109_LF_LIB_consensus_vsearch	1403	G	G	435	2	0.46%	2	1	93	93	0.24971363115699957	1	1	379	56	2	0	A
D11_BC47_191109_LF_LIB_consensus_vsearch	1404	C	*/-TT	418	12	2.67%	2	2	93	93	2.2586957161051062E-4	1	1	372	46	9	3	-TT
D11_BC47_191109_LF_LIB_consensus_vsearch	1405	T	T	423	2	0.47%	2	1	93	93	0.24970553592454253	1	1	377	46	2	0	C
D11_BC47_191109_LF_LIB_consensus_vsearch	1406	T	T	430	2	0.46%	2	2	93	93	0.24971031286224527	1	1	382	48	1	1	C
D11_BC47_191109_LF_LIB_consensus_vsearch	1407	T	T	441	3	0.67%	2	2	93	93	0.12457722660661777	1	1	390	51	1	2	-C
D11_BC47_191109_LF_LIB_consensus_vsearch	1408	C	*/-G	427	8	1.8%	2	1	93	93	0.0037814732031268648	1	1	378	49	8	0	-G
D11_BC47_191109_LF_LIB_consensus_vsearch	1409	G	G	431	3	0.69%	2	1	93	93	0.12456747404820136	1	1	379	52	3	0	T
D11_BC47_191109_LF_LIB_consensus_vsearch	1410	C	C	426	4	0.9%	2	1	93	93	0.06206370056623179	1	1	373	53	4	0	A
D11_BC47_191109_LF_LIB_consensus_vsearch	1411	T	T	442	4	0.9%	2	2	93	93	0.06207936129200334	1	1	387	55	3	1	C
D11_BC47_191109_LF_LIB_consensus_vsearch	1412	A	R	433	11	2.46%	2	1	93	93	4.5861543978572406E-4	1	1	376	57	11	0	G
D11_BC47_191109_LF_LIB_consensus_vsearch	1413	C	C	445	2	0.45%	2	1	93	93	0.2497200447932722	1	1	388	57	2	0	-GC
D11_BC47_191109_LF_LIB_consensus_vsearch	1414	G	G	437	5	1.12%	2	2	93	93	0.03089669543126854	1	1	382	55	4	1	-C
D11_BC47_191109_LF_LIB_consensus_vsearch	1415	C	C	438	2	0.45%	2	1	93	93	0.24971558589274387	1	1	384	54	2	0	+A
D11_BC47_191109_LF_LIB_consensus_vsearch	1416	C	C	440	3	0.67%	2	2	93	93	0.1245762711863649	1	1	388	52	2	1	-T
D11_BC47_191109_LF_LIB_consensus_vsearch	1417	T	*/-C	293	150	33.63%	2	2	93	93	1.6213930755489481E-52	1	1	239	54	149	1	-C
D11_BC47_191109_LF_LIB_consensus_vsearch	1418	C	C	291	5	1.67%	2	1	93	93	0.0307225817942534	1	1	238	53	5	0	+G
D11_BC47_191109_LF_LIB_consensus_vsearch	1419	C	S	435	7	1.56%	2	1	93	93	0.007627752045228881	1	1	381	54	7	0	G
D11_BC47_191109_LF_LIB_consensus_vsearch	1420	A	R	416	19	4.26%	2	1	93	93	1.5602972177488376E-6	1	1	362	54	19	0	G
D11_BC47_191109_LF_LIB_consensus_vsearch	1421	G	G	440	1	0.23%	2	1	93	93	0.4999999999999138	1	1	384	56	1	0	+A
D11_BC47_191109_LF_LIB_consensus_vsearch	1422	G	G	440	5	1.11%	2	1	93	93	0.030899075890599485	1	1	385	55	5	0	A
D11_BC47_191109_LF_LIB_consensus_vsearch	1423	T	T	444	2	0.45%	2	1	93	93	0.24971941638606426	1	1	390	54	2	0	A
D11_BC47_191109_LF_LIB_consensus_vsearch	1424	G	G	439	4	0.89%	2	1	93	93	0.06207651112360454	1	1	384	55	4	0	A
D11_BC47_191109_LF_LIB_consensus_vsearch	1425	T	T	444	2	0.45%	2	1	93	93	0.24971941638606426	1	1	390	54	0	2	A
D11_BC47_191109_LF_LIB_consensus_vsearch	1426	T	*/+C	418	29	6.44%	2	1	93	93	1.1651151960288723E-9	1	1	362	56	29	0	+C
D11_BC47_191109_LF_LIB_consensus_vsearch	1427	C	C	437	6	1.33%	2	1	93	93	0.01536106891501191	1	1	383	54	6	0	+G
D11_BC47_191109_LF_LIB_consensus_vsearch	1428	A	*/-G	439	7	1.55%	2	1	93	93	0.00762940145447119	1	1	384	55	7	0	-G
D11_BC47_191109_LF_LIB_consensus_vsearch	1429	G	G	442	1	0.23%	2	1	93	93	0.4999999999990043	1	1	385	57	1	0	+TTTC
D11_BC47_191109_LF_LIB_consensus_vsearch	1430	A	*/-C	416	24	5.32%	2	2	93	93	4.318319900019613E-8	1	1	369	47	16	8	-C
D11_BC47_191109_LF_LIB_consensus_vsearch	1431	C	C	423	1	0.24%	2	1	93	93	0.4999999999999138	1	1	376	47	0	1	+T
D11_BC47_191109_LF_LIB_consensus_vsearch	1432	C	C	435	6	1.34%	2	1	93	93	0.015359874699953162	1	1	385	50	0	6	+T
D11_BC47_191109_LF_LIB_consensus_vsearch	1433	C	C	441	5	1.11%	2	2	93	93	0.030899862264693823	1	1	390	51	1	4	-T
D11_BC47_191109_LF_LIB_consensus_vsearch	1434	T	T	440	2	0.45%	2	1	93	93	0.2497168742917677	1	1	389	51	2	0	C
D11_BC47_191109_LF_LIB_consensus_vsearch	1435	T	T	439	3	0.67%	2	1	93	93	0.12457531143833234	1	1	386	53	3	0	+C
D11_BC47_191109_LF_LIB_consensus_vsearch	1436	C	C	440	4	0.89%	2	2	93	93	0.06207746546158639	1	1	386	54	3	1	-G
D11_BC47_191109_LF_LIB_consensus_vsearch	1437	G	G	444	1	0.22%	2	1	93	93	0.5000000000008233	1	1	389	55	0	1	+CCGG
D11_BC47_191109_LF_LIB_consensus_vsearch	1438	A	A	442	3	0.67%	2	1	93	93	0.12457817772799688	1	1	386	56	3	0	G
D11_BC47_191109_LF_LIB_consensus_vsearch	1439	C	C	440	3	0.67%	2	1	93	93	0.1245762711863649	1	1	387	53	0	3	+T
D11_BC47_191109_LF_LIB_consensus_vsearch	1440	T	T	437	5	1.11%	2	2	93	93	0.03089669543126854	1	1	383	54	4	1	-C
D11_BC47_191109_LF_LIB_consensus_vsearch	1441	C	*/+A	416	21	4.72%	2	1	93	93	3.7282374960453956E-7	1	1	360	56	21	0	+A
D11_BC47_191109_LF_LIB_consensus_vsearch	1442	G	R	396	22	4.91%	2	1	93	93	1.79537745702876E-7	1	1	342	54	22	0	A
D11_BC47_191109_LF_LIB_consensus_vsearch	1443	C	Y	404	19	4.28%	2	2	93	93	1.5512335795401686E-6	1	1	352	52	18	1	T
D11_BC47_191109_LF_LIB_consensus_vsearch	1444	A	A	433	3	0.68%	2	1	93	93	0.12456946039042152	1	1	379	54	3	0	+G
D11_BC47_191109_LF_LIB_consensus_vsearch	1445	A	A	434	6	1.34%	2	2	93	93	0.015359273530652235	1	1	381	53	5	1	G
D11_BC47_191109_LF_LIB_consensus_vsearch	1446	G	R	385	40	8.95%	2	1	93	93	3.472827783283014E-13	1	1	333	52	40	0	A
D11_BC47_191109_LF_LIB_consensus_vsearch	1447	C	*/-A	404	32	7.17%	2	1	93	93	1.2903045124841333E-10	1	1	352	52	32	0	-A
D11_BC47_191109_LF_LIB_consensus_vsearch	1448	A	A	403	5	1.22%	2	1	93	93	0.0308672718629046	1	1	350	53	5	0	G
D11_BC47_191109_LF_LIB_consensus_vsearch	1449	A	A	435	5	1.13%	2	1	93	93	0.030895090435182324	1	1	382	53	5	0	G
D11_BC47_191109_LF_LIB_consensus_vsearch	1450	G	G	439	2	0.45%	2	1	93	93	0.2497162315547306	1	1	386	53	2	0	-A
D11_BC47_191109_LF_LIB_consensus_vsearch	1451	A	A	443	4	0.89%	2	1	93	93	0.06208030284174911	1	1	387	56	4	0	G
D11_BC47_191109_LF_LIB_consensus_vsearch	1452	T	T	440	3	0.67%	2	1	93	93	0.1245762711863649	1	1	384	56	3	0	C
D11_BC47_191109_LF_LIB_consensus_vsearch	1453	A	R	415	27	6.04%	2	2	93	93	4.947574709195323E-9	1	1	360	55	26	1	G
D11_BC47_191109_LF_LIB_consensus_vsearch	1454	C	*/-A	390	53	11.78%	2	1	93	93	2.1228986091142882E-17	1	1	334	56	53	0	-A
D11_BC47_191109_LF_LIB_consensus_vsearch	1455	A	R	378	9	2.28%	2	1	93	93	0.0018633978545959287	1	1	322	56	9	0	G
D11_BC47_191109_LF_LIB_consensus_vsearch	1456	C	C	432	5	1.13%	2	2	93	93	0.03089265541177198	1	1	384	48	4	1	+AC
D11_BC47_191109_LF_LIB_consensus_vsearch	1457	T	*/+C	424	9	2.03%	2	2	93	93	0.0018728240442215458	1	1	378	46	6	3	+C
D11_BC47_191109_LF_LIB_consensus_vsearch	1458	C	C	429	3	0.68%	2	1	93	93	0.12456546929309553	1	1	378	51	3	0	+G
D11_BC47_191109_LF_LIB_consensus_vsearch	1459	C	C	436	4	0.9%	2	1	93	93	0.0620736220670793	1	1	382	54	4	0	-T
D11_BC47_191109_LF_LIB_consensus_vsearch	1460	T	T	432	4	0.91%	2	2	93	93	0.06206970811168755	1	1	379	53	3	1	C
D11_BC47_191109_LF_LIB_consensus_vsearch	1461	T	T	440	5	1.11%	2	1	93	93	0.030899075890599485	1	1	385	55	5	0	C
D11_BC47_191109_LF_LIB_consensus_vsearch	1462	G	R	435	12	2.67%	2	1	93	93	2.2654752970435957E-4	1	1	379	56	12	0	A
D11_BC47_191109_LF_LIB_consensus_vsearch	1463	G	G	445	5	1.11%	2	2	93	93	0.030902972831159826	1	1	389	56	4	1	A
D11_BC47_191109_LF_LIB_consensus_vsearch	1464	T	*/-C	433	11	2.44%	2	1	93	93	4.5861543978572406E-4	1	1	377	56	11	0	-C
D11_BC47_191109_LF_LIB_consensus_vsearch	1465	C	C	438	1	0.23%	2	1	93	93	0.4999999999999138	1	1	381	57	1	0	G
D11_BC47_191109_LF_LIB_consensus_vsearch	1466	C	C	447	2	0.44%	2	2	93	93	0.24972129319990002	1	1	392	55	1	1	T
D11_BC47_191109_LF_LIB_consensus_vsearch	1467	G	G	442	5	1.11%	2	1	93	93	0.03090064512242186	1	1	386	56	5	0	A
D11_BC47_191109_LF_LIB_consensus_vsearch	1468	T	T	446	2	0.44%	2	1	93	93	0.24972067039122897	1	1	390	56	2	0	-G
D11_BC47_191109_LF_LIB_consensus_vsearch	1469	G	*/-T	420	15	3.34%	2	2	93	93	2.6992573667884224E-5	1	1	365	55	14	1	-T
D11_BC47_191109_LF_LIB_consensus_vsearch	1470	T	T	433	2	0.46%	2	2	93	93	0.2497123130030455	1	1	378	55	1	1	C
D11_BC47_191109_LF_LIB_consensus_vsearch	1471	T	T	447	3	0.67%	2	2	93	93	0.12458286985565502	1	1	392	55	2	1	C
D11_BC47_191109_LF_LIB_consensus_vsearch	1472	T	*/+C	432	12	2.66%	2	2	93	93	2.2643156833193682E-4	1	1	376	56	11	1	+C
D11_BC47_191109_LF_LIB_consensus_vsearch	1473	C	*/-A	434	10	2.22%	2	2	93	93	9.277980556005647E-4	1	1	379	55	9	1	-A
D11_BC47_191109_LF_LIB_consensus_vsearch	1474	A	A	430	3	0.68%	2	1	93	93	0.12456647398843287	1	1	374	56	3	0	C
D11_BC47_191109_LF_LIB_consensus_vsearch	1475	A	A	442	3	0.67%	2	2	93	93	0.12457817772799688	1	1	387	55	2	1	G
D11_BC47_191109_LF_LIB_consensus_vsearch	1476	G	G	445	2	0.45%	2	1	93	93	0.2497200447932722	1	1	389	56	2	0	-A
D11_BC47_191109_LF_LIB_consensus_vsearch	1477	A	R	435	7	1.56%	2	2	93	93	0.007627752045228881	1	1	379	56	6	1	G
D11_BC47_191109_LF_LIB_consensus_vsearch	1478	C	C	439	3	0.67%	2	2	93	93	0.12457531143833234	1	1	385	54	1	2	-G
D11_BC47_191109_LF_LIB_consensus_vsearch	1479	G	R	428	15	3.36%	2	2	93	93	2.7053473538898E-5	1	1	376	52	14	1	A
D11_BC47_191109_LF_LIB_consensus_vsearch	1480	G	G	451	0	0%	2	0	93	0	1.0	1	0	394	57	0	0	
D11_BC47_191109_LF_LIB_consensus_vsearch	1481	G	G	446	5	1.11%	2	1	93	93	0.030903741856461314	1	1	389	57	5	0	A
D11_BC47_191109_LF_LIB_consensus_vsearch	1482	T	T	444	3	0.67%	2	1	93	93	0.12458006718908442	1	1	388	56	3	0	-CGT
D11_BC47_191109_LF_LIB_consensus_vsearch	1483	C	C	442	2	0.45%	2	1	93	93	0.2497181510708481	1	1	385	57	2	0	T
D11_BC47_191109_LF_LIB_consensus_vsearch	1484	G	G	438	5	1.12%	2	1	93	93	0.03089749249800421	1	1	383	55	5	0	A
D11_BC47_191109_LF_LIB_consensus_vsearch	1485	T	T	441	1	0.23%	2	1	93	93	0.5000000000008233	1	1	387	54	1	0	+A
D11_BC47_191109_LF_LIB_consensus_vsearch	1486	T	T	443	4	0.89%	2	1	93	93	0.06208030284174911	1	1	388	55	4	0	-G
D11_BC47_191109_LF_LIB_consensus_vsearch	1487	G	G	444	1	0.22%	2	1	93	93	0.5000000000008233	1	1	388	56	1	0	+A
D11_BC47_191109_LF_LIB_consensus_vsearch	1488	A	A	436	6	1.33%	2	1	93	93	0.01536047315528176	1	1	381	55	6	0	+C
D11_BC47_191109_LF_LIB_consensus_vsearch	1489	C	*/-T	436	7	1.56%	2	2	93	93	0.007628167177128368	1	1	381	55	5	2	-T
D11_BC47_191109_LF_LIB_consensus_vsearch	1490	T	*/+G	416	8	1.8%	2	2	93	93	0.003778261194268045	1	1	368	48	1	7	+G
D11_BC47_191109_LF_LIB_consensus_vsearch	1491	G	G	435	5	1.11%	2	1	93	93	0.030895090435182324	1	1	379	56	5	0	-A
D11_BC47_191109_LF_LIB_consensus_vsearch	1492	A	*/-G	426	8	1.8%	2	1	93	93	0.0037811878789100195	1	1	371	55	8	0	-G
D11_BC47_191109_LF_LIB_consensus_vsearch	1493	G	*/+C	396	13	2.95%	2	2	93	93	1.1080358205957155E-4	1	1	344	52	11	2	+C
D11_BC47_191109_LF_LIB_consensus_vsearch	1494	C	C	427	3	0.68%	2	1	93	93	0.12456344586746677	1	1	375	52	3	0	A
D11_BC47_191109_LF_LIB_consensus_vsearch	1495	C	C	440	3	0.67%	2	2	93	93	0.1245762711863649	1	1	386	54	2	1	T
D11_BC47_191109_LF_LIB_consensus_vsearch	1496	T	*/-A	432	7	1.56%	2	1	93	93	0.0076264953547406375	1	1	379	53	7	0	-A
D11_BC47_191109_LF_LIB_consensus_vsearch	1497	A	A	435	3	0.68%	2	2	93	93	0.12457142857152662	1	1	380	55	2	1	+T
D11_BC47_191109_LF_LIB_consensus_vsearch	1498	T	K	439	7	1.57%	2	1	93	93	0.00762940145447119	1	1	382	57	7	0	G
D11_BC47_191109_LF_LIB_consensus_vsearch	1499	T	T	438	2	0.45%	2	1	93	93	0.24971558589274387	1	1	383	55	2	0	-G
D11_BC47_191109_LF_LIB_consensus_vsearch	1500	G	*/-C	437	7	1.56%	2	1	93	93	0.007628580447648388	1	1	381	56	7	0	-C
D11_BC47_191109_LF_LIB_consensus_vsearch	1501	C	C	441	1	0.23%	2	1	93	93	0.5000000000008233	1	1	385	56	1	0	+G
D11_BC47_191109_LF_LIB_consensus_vsearch	1502	C	C	442	5	1.11%	2	2	93	93	0.03090064512242186	1	1	387	55	4	1	-A
D11_BC47_191109_LF_LIB_consensus_vsearch	1503	A	A	438	2	0.45%	2	1	93	93	0.24971558589274387	1	1	383	55	2	0	+G
D11_BC47_191109_LF_LIB_consensus_vsearch	1504	G	G	444	3	0.67%	2	1	93	93	0.12458006718908442	1	1	387	57	3	0	-A
D11_BC47_191109_LF_LIB_consensus_vsearch	1505	A	*/-G	420	20	4.47%	2	1	93	93	7.64713727497211E-7	1	1	364	56	20	0	-G
D11_BC47_191109_LF_LIB_consensus_vsearch	1506	G	*/-AGA	397	13	3.03%	2	1	93	93	1.1083016322352594E-4	1	1	340	57	13	0	-AGA
D11_BC47_191109_LF_LIB_consensus_vsearch	1507	A	*/-G	410	7	1.66%	2	1	93	93	0.007616729829810889	1	1	355	55	7	0	-G
D11_BC47_191109_LF_LIB_consensus_vsearch	1508	G	*/-AG	261	122	28.77%	2	2	93	93	1.865483959001237E-42	1	1	207	54	120	2	-AG
D11_BC47_191109_LF_LIB_consensus_vsearch	1509	A	A	263	4	1.47%	2	1	93	93	0.06179709776251344	1	1	208	55	4	0	-G
D11_BC47_191109_LF_LIB_consensus_vsearch	1510	G	*/+AG	300	7	2.22%	2	2	93	93	0.007547047910434978	1	1	248	52	5	2	+AG
D11_BC47_191109_LF_LIB_consensus_vsearch	1511	C	C	435	3	0.67%	2	1	93	93	0.12457142857152662	1	1	382	53	3	0	-A
D11_BC47_191109_LF_LIB_consensus_vsearch	1512	A	A	431	4	0.9%	2	1	93	93	0.06206871836935933	1	1	378	53	4	0	-CA
D11_BC47_191109_LF_LIB_consensus_vsearch	1513	C	C	437	5	1.12%	2	2	93	93	0.03089669543126854	1	1	385	52	2	3	T
D11_BC47_191109_LF_LIB_consensus_vsearch	1514	A	A	442	2	0.45%	2	1	93	93	0.2497181510708481	1	1	385	57	2	0	G
D11_BC47_191109_LF_LIB_consensus_vsearch	1515	A	A	443	6	1.33%	2	1	93	93	0.015364587872107325	1	1	387	56	6	0	G
D11_BC47_191109_LF_LIB_consensus_vsearch	1516	C	C	439	5	1.11%	2	1	93	93	0.030898285976353152	1	1	383	56	5	0	+G
D11_BC47_191109_LF_LIB_consensus_vsearch	1517	A	*/+T	422	15	3.36%	2	2	93	93	2.7007998247201884E-5	1	1	367	55	14	1	+T
D11_BC47_191109_LF_LIB_consensus_vsearch	1518	T	T	438	3	0.67%	2	1	93	93	0.12457434733248252	1	1	383	55	3	0	+G
D11_BC47_191109_LF_LIB_consensus_vsearch	1519	T	T	448	2	0.44%	2	1	93	93	0.24972191323697995	1	1	391	57	2	0	C
D11_BC47_191109_LF_LIB_consensus_vsearch	1520	G	G	446	2	0.44%	2	2	93	93	0.24972067039122897	1	1	391	55	1	1	A
D11_BC47_191109_LF_LIB_consensus_vsearch	1521	C	C	437	3	0.67%	2	1	93	93	0.12457337883968563	1	1	381	56	3	0	-T
D11_BC47_191109_LF_LIB_consensus_vsearch	1522	T	T	439	1	0.23%	2	1	93	93	0.5000000000008233	1	1	382	57	1	0	+A
D11_BC47_191109_LF_LIB_consensus_vsearch	1523	G	G	440	2	0.45%	2	1	93	93	0.2497168742917677	1	1	383	57	2	0	A
D11_BC47_191109_LF_LIB_consensus_vsearch	1524	C	C	442	2	0.45%	2	1	93	93	0.2497181510708481	1	1	385	57	2	0	-AT
D11_BC47_191109_LF_LIB_consensus_vsearch	1525	A	A	437	4	0.9%	2	1	93	93	0.062074589455845104	1	1	381	56	4	0	G
D11_BC47_191109_LF_LIB_consensus_vsearch	1526	T	T	442	2	0.45%	2	1	93	93	0.2497181510708481	1	1	385	57	2	0	-G
D11_BC47_191109_LF_LIB_consensus_vsearch	1527	G	R	435	8	1.79%	2	1	93	93	0.0037837097715777354	1	1	380	55	8	0	A
D11_BC47_191109_LF_LIB_consensus_vsearch	1528	C	C	442	2	0.45%	2	2	93	93	0.2497181510708481	1	1	387	55	1	1	+T
D11_BC47_191109_LF_LIB_consensus_vsearch	1529	T	T	442	4	0.89%	2	2	93	93	0.06207936129200334	1	1	386	56	3	1	-C
D11_BC47_191109_LF_LIB_consensus_vsearch	1530	C	C	431	6	1.35%	2	1	93	93	0.015357453553398438	1	1	377	54	6	0	-AC
D11_BC47_191109_LF_LIB_consensus_vsearch	1531	A	R	428	7	1.59%	2	1	93	93	0.007624792930600719	1	1	371	57	7	0	G
D11_BC47_191109_LF_LIB_consensus_vsearch	1532	C	*/-T	420	10	2.28%	2	2	93	93	9.262346650300045E-4	1	1	371	49	7	3	-T
D11_BC47_191109_LF_LIB_consensus_vsearch	1533	T	T	433	1	0.23%	2	1	93	93	0.4999999999999138	1	1	380	53	1	0	+A
D11_BC47_191109_LF_LIB_consensus_vsearch	1534	T	*/-C	410	24	5.35%	2	2	93	93	4.298584353902719E-8	1	1	357	53	22	2	-C
D11_BC47_191109_LF_LIB_consensus_vsearch	1535	C	C	410	6	1.43%	2	1	93	93	0.015343980527737108	1	1	356	54	6	0	+A
D11_BC47_191109_LF_LIB_consensus_vsearch	1536	C	C	435	2	0.45%	2	1	93	93	0.24971363115699957	1	1	379	56	2	0	+AC
D11_BC47_191109_LF_LIB_consensus_vsearch	1537	G	R	432	10	2.24%	2	1	93	93	9.275806861447792E-4	1	1	375	57	10	0	A
D11_BC47_191109_LF_LIB_consensus_vsearch	1538	C	C	442	1	0.22%	2	1	93	93	0.4999999999990043	1	1	385	57	1	0	-A
D11_BC47_191109_LF_LIB_consensus_vsearch	1539	A	A	442	1	0.22%	2	1	93	93	0.4999999999990043	1	1	386	56	1	0	+CA
D11_BC47_191109_LF_LIB_consensus_vsearch	1540	T	T	437	6	1.34%	2	1	93	93	0.01536106891501191	1	1	380	57	6	0	+C
D11_BC47_191109_LF_LIB_consensus_vsearch	1541	C	C	439	3	0.67%	2	2	93	93	0.12457531143833234	1	1	385	54	1	2	-A
D11_BC47_191109_LF_LIB_consensus_vsearch	1542	A	R	423	20	4.48%	2	1	93	93	7.658841069212707E-7	1	1	368	55	20	0	G
D11_BC47_191109_LF_LIB_consensus_vsearch	1543	G	G	446	1	0.22%	2	1	93	93	0.5000000000008233	1	1	389	57	1	0	+A
D11_BC47_191109_LF_LIB_consensus_vsearch	1544	T	*/-CC	349	78	17.33%	2	1	93	93	6.875293160492168E-26	1	1	295	54	78	0	-CC
D11_BC47_191109_LF_LIB_consensus_vsearch	1545	C	C	357	1	0.28%	2	1	93	93	0.5000000000003686	1	1	300	57	1	0	+ATA
D11_BC47_191109_LF_LIB_consensus_vsearch	1546	C	C	372	1	0.27%	2	1	93	93	0.4999999999999138	1	1	315	57	1	0	+AGT
D11_BC47_191109_LF_LIB_consensus_vsearch	1547	C	Y	432	8	1.77%	2	2	93	93	0.0037828805172695963	1	1	380	52	4	4	T
D11_BC47_191109_LF_LIB_consensus_vsearch	1548	G	*/-A	430	13	2.9%	2	1	93	93	1.1164210469075442E-4	1	1	374	56	13	0	-A
D11_BC47_191109_LF_LIB_consensus_vsearch	1549	A	*/-G	428	8	1.83%	2	1	93	93	0.0037817572285023734	1	1	371	57	8	0	-G
D11_BC47_191109_LF_LIB_consensus_vsearch	1550	G	G	438	2	0.45%	2	1	93	93	0.24971558589274387	1	1	381	57	2	0	+AG
D11_BC47_191109_LF_LIB_consensus_vsearch	1551	C	*/-GC	410	37	8.22%	2	1	93	93	3.3456622452948987E-12	1	1	353	57	37	0	-GC
D11_BC47_191109_LF_LIB_consensus_vsearch	1552	G	G	409	1	0.24%	2	1	93	93	0.4999999999999138	1	1	354	55	1	0	+A
D11_BC47_191109_LF_LIB_consensus_vsearch	1553	C	C	408	2	0.48%	2	1	93	93	0.24969474969464833	1	1	355	53	0	2	-T
D11_BC47_191109_LF_LIB_consensus_vsearch	1554	T	T	442	4	0.89%	2	2	93	93	0.06207936129200334	1	1	390	52	3	1	C
D11_BC47_191109_LF_LIB_consensus_vsearch	1555	G	G	448	1	0.22%	2	1	93	93	0.5000000000008233	1	1	392	56	1	0	+A
D11_BC47_191109_LF_LIB_consensus_vsearch	1556	A	A	449	1	0.22%	2	1	93	93	0.4999999999990043	1	1	393	56	1	0	+C
D11_BC47_191109_LF_LIB_consensus_vsearch	1557	T	*/-AT	436	7	1.55%	2	1	93	93	0.007628167177128368	1	1	380	56	7	0	-AT
D11_BC47_191109_LF_LIB_consensus_vsearch	1558	A	A	435	4	0.9%	2	1	93	93	0.06207265026891802	1	1	379	56	4	0	G
D11_BC47_191109_LF_LIB_consensus_vsearch	1559	T	T	434	3	0.68%	2	1	93	93	0.12457044673541934	1	1	377	57	3	0	C
D11_BC47_191109_LF_LIB_consensus_vsearch	1560	G	G	439	2	0.45%	2	1	93	93	0.2497162315547306	1	1	384	55	2	0	-T
D11_BC47_191109_LF_LIB_consensus_vsearch	1561	T	T	439	5	1.12%	2	1	93	93	0.030898285976353152	1	1	383	56	5	0	C
D11_BC47_191109_LF_LIB_consensus_vsearch	1562	G	*/+C	426	8	1.79%	2	1	93	93	0.0037811878789100195	1	1	370	56	8	0	+C
D11_BC47_191109_LF_LIB_consensus_vsearch	1563	C	*/-A	422	8	1.79%	2	1	93	93	0.003780033413733114	1	1	366	56	8	0	-A
D11_BC47_191109_LF_LIB_consensus_vsearch	1564	A	*/+G	391	24	5.43%	2	1	93	93	4.232871712761969E-8	1	1	334	57	24	0	+G
D11_BC47_191109_LF_LIB_consensus_vsearch	1565	G	*/-A	378	51	11.67%	2	1	93	93	9.147337613182923E-17	1	1	322	56	51	0	-A
D11_BC47_191109_LF_LIB_consensus_vsearch	1566	A	*/-G	366	26	6.52%	2	1	93	93	9.70733079567718E-9	1	1	310	56	26	0	-G
D11_BC47_191109_LF_LIB_consensus_vsearch	1567	G	G	415	4	0.94%	2	1	93	93	0.06205223960684896	1	1	359	56	4	0	+A
D11_BC47_191109_LF_LIB_consensus_vsearch	1568	T	T	440	4	0.89%	2	2	93	93	0.06207746546158639	1	1	385	55	3	1	C
D11_BC47_191109_LF_LIB_consensus_vsearch	1569	T	T	439	5	1.11%	2	1	93	93	0.030898285976353152	1	1	386	53	5	0	C
D11_BC47_191109_LF_LIB_consensus_vsearch	1570	A	A	438	6	1.34%	2	2	93	93	0.01536166199729829	1	1	387	51	3	3	G
D11_BC47_191109_LF_LIB_consensus_vsearch	1571	C	C	442	2	0.45%	2	1	93	93	0.2497181510708481	1	1	390	52	0	2	+T
D11_BC47_191109_LF_LIB_consensus_vsearch	1572	A	A	440	4	0.89%	2	1	93	93	0.06207746546158639	1	1	384	56	4	0	G
D11_BC47_191109_LF_LIB_consensus_vsearch	1573	A	R	439	10	2.22%	2	1	93	93	9.283331329900578E-4	1	1	382	57	10	0	G
D11_BC47_191109_LF_LIB_consensus_vsearch	1574	C	*/-ACC	430	9	2%	2	1	93	93	0.0018739095280781474	1	1	373	57	9	0	-ACC
D11_BC47_191109_LF_LIB_consensus_vsearch	1575	A	*/+C	369	33	7.6%	2	1	93	93	5.870828506173398E-11	1	1	318	51	33	0	+C
D11_BC47_191109_LF_LIB_consensus_vsearch	1576	C	C	402	3	0.74%	2	2	93	93	0.1245364647713705	1	1	352	50	2	1	T
D11_BC47_191109_LF_LIB_consensus_vsearch	1577	C	C	430	4	0.92%	2	2	93	93	0.062067724063454545	1	1	377	53	3	1	T
D11_BC47_191109_LF_LIB_consensus_vsearch	1578	C	S	433	9	2%	2	1	93	93	0.001874441340367089	1	1	379	54	9	0	G
D11_BC47_191109_LF_LIB_consensus_vsearch	1579	C	Y	430	10	2.23%	2	2	93	93	9.273613705492817E-4	1	1	380	50	4	6	T
D11_BC47_191109_LF_LIB_consensus_vsearch	1580	G	*/-A	435	14	3.1%	2	2	93	93	5.5067686315232855E-5	1	1	379	56	13	1	-A
D11_BC47_191109_LF_LIB_consensus_vsearch	1581	A	*/+G	228	174	39.82%	2	2	93	93	1.3138408663989915E-63	1	1	226	2	124	50	+G
D11_BC47_191109_LF_LIB_consensus_vsearch	1582	G	G	430	2	0.46%	2	1	93	93	0.24971031286224527	1	1	377	53	2	0	+A
D11_BC47_191109_LF_LIB_consensus_vsearch	1583	G	G	445	4	0.89%	2	1	93	93	0.0620821733525388	1	1	388	57	4	0	+AG
D11_BC47_191109_LF_LIB_consensus_vsearch	1584	G	G	440	4	0.89%	2	1	93	93	0.06207746546158639	1	1	383	57	4	0	-C
D11_BC47_191109_LF_LIB_consensus_vsearch	1585	C	C	438	3	0.67%	2	1	93	93	0.12457434733248252	1	1	381	57	3	0	A
D11_BC47_191109_LF_LIB_consensus_vsearch	1586	C	*/+A	428	7	1.56%	2	1	93	93	0.007624792930600719	1	1	375	53	7	0	+A
D11_BC47_191109_LF_LIB_consensus_vsearch	1587	G	*/-A	433	10	2.23%	2	1	93	93	9.276896125167864E-4	1	1	376	57	10	0	-A
D11_BC47_191109_LF_LIB_consensus_vsearch	1588	A	R	431	7	1.59%	2	1	93	93	0.007626072650234986	1	1	374	57	7	0	G
D11_BC47_191109_LF_LIB_consensus_vsearch	1589	T	T	445	3	0.67%	2	2	93	93	0.12458100558661131	1	1	390	55	2	1	C
D11_BC47_191109_LF_LIB_consensus_vsearch	1590	T	*/-C	428	11	2.44%	2	1	93	93	4.5828417992626897E-4	1	1	371	57	11	0	-C
D11_BC47_191109_LF_LIB_consensus_vsearch	1591	C	C	434	2	0.46%	2	1	93	93	0.24971297359331265	1	1	377	57	2	0	T
D11_BC47_191109_LF_LIB_consensus_vsearch	1592	C	*/-AC	433	9	2%	2	1	93	93	0.001874441340367089	1	1	376	57	9	0	-AC
D11_BC47_191109_LF_LIB_consensus_vsearch	1593	A	A	430	4	0.92%	2	1	93	93	0.062067724063454545	1	1	374	56	4	0	G
D11_BC47_191109_LF_LIB_consensus_vsearch	1594	C	C	430	3	0.68%	2	1	93	93	0.12456647398843287	1	1	374	56	3	0	-T
D11_BC47_191109_LF_LIB_consensus_vsearch	1595	T	Y	434	8	1.8%	2	2	93	93	0.0037834345948323136	1	1	384	50	2	6	C
D11_BC47_191109_LF_LIB_consensus_vsearch	1596	G	G	435	5	1.12%	2	1	93	93	0.030895090435182324	1	1	379	56	5	0	A
D11_BC47_191109_LF_LIB_consensus_vsearch	1597	C	C	440	1	0.23%	2	1	93	93	0.4999999999999138	1	1	384	56	0	1	+A
D11_BC47_191109_LF_LIB_consensus_vsearch	1598	C	C	447	1	0.22%	2	1	93	93	0.5000000000008233	1	1	391	56	0	1	+A
D11_BC47_191109_LF_LIB_consensus_vsearch	1599	A	A	444	3	0.67%	2	1	93	93	0.12458006718908442	1	1	390	54	0	3	-T
D11_BC47_191109_LF_LIB_consensus_vsearch	1600	T	T	441	4	0.89%	2	2	93	93	0.062078415508149166	1	1	388	53	3	1	-C
D11_BC47_191109_LF_LIB_consensus_vsearch	1601	C	*/+A	426	12	2.68%	2	1	93	93	2.2619500050778872E-4	1	1	370	56	12	0	+A
D11_BC47_191109_LF_LIB_consensus_vsearch	1602	G	K	424	12	2.68%	2	1	93	93	2.2611473442214893E-4	1	1	369	55	12	0	T
D11_BC47_191109_LF_LIB_consensus_vsearch	1603	T	*/-GT	427	14	3.13%	2	2	93	93	5.4963399351985964E-5	1	1	375	52	10	4	-GT
D11_BC47_191109_LF_LIB_consensus_vsearch	1604	G	G	420	4	0.92%	2	1	93	93	0.062057522896676466	1	1	367	53	4	0	-T
D11_BC47_191109_LF_LIB_consensus_vsearch	1605	T	T	422	5	1.15%	2	1	93	93	0.030884291702852337	1	1	376	46	0	5	-C
D11_BC47_191109_LF_LIB_consensus_vsearch	1606	C	C	440	3	0.67%	2	1	93	93	0.1245762711863649	1	1	388	52	3	0	-T
D11_BC47_191109_LF_LIB_consensus_vsearch	1607	T	*/-C	398	39	8.74%	2	2	93	93	7.490670603942288E-13	1	1	348	50	33	6	-C
D11_BC47_191109_LF_LIB_consensus_vsearch	1608	C	C	402	1	0.25%	2	1	93	93	0.4999999999999138	1	1	351	51	1	0	+G
D11_BC47_191109_LF_LIB_consensus_vsearch	1609	C	C	443	1	0.22%	2	1	93	93	0.4999999999999138	1	1	386	57	1	0	A
D11_BC47_191109_LF_LIB_consensus_vsearch	1610	C	C	446	1	0.22%	2	1	93	93	0.5000000000008233	1	1	391	55	1	0	+A
D11_BC47_191109_LF_LIB_consensus_vsearch	1611	G	R	440	10	2.22%	2	1	93	93	9.284387427353376E-4	1	1	384	56	10	0	A
D11_BC47_191109_LF_LIB_consensus_vsearch	1612	G	G	449	2	0.44%	2	1	93	93	0.24972253052152624	1	1	392	57	2	0	A
D11_BC47_191109_LF_LIB_consensus_vsearch	1613	T	*/-C	433	9	2%	2	2	93	93	0.001874441340367089	1	1	377	56	8	1	-C
D11_BC47_191109_LF_LIB_consensus_vsearch	1614	C	C	438	0	0%	2	0	93	0	1.0	1	0	382	56	0	0	
D11_BC47_191109_LF_LIB_consensus_vsearch	1615	C	C	442	3	0.67%	2	1	93	93	0.12457817772799688	1	1	385	57	3	0	G
D11_BC47_191109_LF_LIB_consensus_vsearch	1616	C	C	440	4	0.89%	2	2	93	93	0.06207746546158639	1	1	384	56	3	1	-A
D11_BC47_191109_LF_LIB_consensus_vsearch	1617	A	A	443	1	0.22%	2	1	93	93	0.4999999999999138	1	1	388	55	0	1	+CA
D11_BC47_191109_LF_LIB_consensus_vsearch	1618	A	R	437	8	1.78%	2	1	93	93	0.00378425644253265	1	1	381	56	8	0	G
D11_BC47_191109_LF_LIB_consensus_vsearch	1619	T	*/-G	431	8	1.78%	2	2	93	93	0.003782601599602771	1	1	382	49	3	5	-G
D11_BC47_191109_LF_LIB_consensus_vsearch	1620	G	R	422	18	4.09%	2	1	93	93	3.1945872707708225E-6	1	1	371	51	18	0	A
D11_BC47_191109_LF_LIB_consensus_vsearch	1621	G	*/+A	401	24	5.36%	2	1	93	93	4.2680850029240446E-8	1	1	346	55	24	0	+A
D11_BC47_191109_LF_LIB_consensus_vsearch	1622	G	G	439	5	1.11%	2	2	93	93	0.030898285976353152	1	1	387	52	4	1	+T
D11_BC47_191109_LF_LIB_consensus_vsearch	1623	T	T	446	2	0.44%	2	1	93	93	0.24972067039122897	1	1	390	56	2	0	C
D11_BC47_191109_LF_LIB_consensus_vsearch	1624	T	*/+C	400	45	9.98%	2	1	93	93	8.808417294121248E-15	1	1	346	54	45	0	+C
D11_BC47_191109_LF_LIB_consensus_vsearch	1625	C	*/-T	423	17	3.79%	2	2	93	93	6.517562209625466E-6	1	1	373	50	15	2	-T
D11_BC47_191109_LF_LIB_consensus_vsearch	1626	T	T	420	6	1.39%	2	1	93	93	0.01535056152092204	1	1	369	51	6	0	C
D11_BC47_191109_LF_LIB_consensus_vsearch	1627	G	G	442	2	0.44%	2	1	93	93	0.2497181510708481	1	1	386	56	2	0	+CG
D11_BC47_191109_LF_LIB_consensus_vsearch	1628	A	A	444	2	0.45%	2	2	93	93	0.24971941638606426	1	1	388	56	1	1	+G
D11_BC47_191109_LF_LIB_consensus_vsearch	1629	C	*/-GC	433	12	2.68%	2	2	93	93	2.2647039152581312E-4	1	1	378	55	10	2	-GC
D11_BC47_191109_LF_LIB_consensus_vsearch	1630	G	G	431	2	0.46%	2	2	93	93	0.24971098265883573	1	1	378	53	1	1	-CA
D11_BC47_191109_LF_LIB_consensus_vsearch	1631	C	C	429	3	0.69%	2	1	93	93	0.12456546929309553	1	1	377	52	3	0	+GC
D11_BC47_191109_LF_LIB_consensus_vsearch	1632	A	A	438	6	1.34%	2	1	93	93	0.01536166199729829	1	1	389	49	0	6	-T
D11_BC47_191109_LF_LIB_consensus_vsearch	1633	T	T	441	1	0.22%	2	1	93	93	0.5000000000008233	1	1	390	51	1	0	+C
D11_BC47_191109_LF_LIB_consensus_vsearch	1634	C	*/-G	436	7	1.56%	2	1	93	93	0.007628167177128368	1	1	380	56	7	0	-G
D11_BC47_191109_LF_LIB_consensus_vsearch	1635	G	G	432	4	0.9%	2	1	93	93	0.06206970811168755	1	1	375	57	4	0	A
D11_BC47_191109_LF_LIB_consensus_vsearch	1636	C	C	438	5	1.11%	2	1	93	93	0.03089749249800421	1	1	381	57	5	0	A
D11_BC47_191109_LF_LIB_consensus_vsearch	1637	C	Y	432	9	2%	2	2	93	93	0.001874264864679625	1	1	378	54	8	1	T
D11_BC47_191109_LF_LIB_consensus_vsearch	1638	G	*/-A	436	7	1.56%	2	1	93	93	0.007628167177128368	1	1	381	55	7	0	-A
D11_BC47_191109_LF_LIB_consensus_vsearch	1639	A	A	441	1	0.23%	2	1	93	93	0.5000000000008233	1	1	384	57	1	0	+GA
D11_BC47_191109_LF_LIB_consensus_vsearch	1640	A	A	441	4	0.89%	2	1	93	93	0.062078415508149166	1	1	384	57	4	0	G
D11_BC47_191109_LF_LIB_consensus_vsearch	1641	C	C	443	2	0.45%	2	1	93	93	0.2497187851519112	1	1	386	57	2	0	+GC
D11_BC47_191109_LF_LIB_consensus_vsearch	1642	C	*/-AC	428	16	3.55%	2	1	93	93	1.3297986993183741E-5	1	1	371	57	16	0	-AC
D11_BC47_191109_LF_LIB_consensus_vsearch	1643	A	A	432	2	0.46%	2	1	93	93	0.2497116493653279	1	1	375	57	2	0	G
D11_BC47_191109_LF_LIB_consensus_vsearch	1644	C	C	424	3	0.69%	2	1	93	93	0.12456037514670402	1	1	368	56	3	0	+AC
D11_BC47_191109_LF_LIB_consensus_vsearch	1645	G	*/-CA	434	7	1.56%	2	2	93	93	0.007627335039353406	1	1	382	52	2	5	-CA
D11_BC47_191109_LF_LIB_consensus_vsearch	1646	C	C	438	1	0.23%	2	1	93	93	0.4999999999999138	1	1	387	51	1	0	+A
D11_BC47_191109_LF_LIB_consensus_vsearch	1647	A	R	431	9	2.03%	2	2	93	93	0.0018740875957096264	1	1	381	50	8	1	G
D11_BC47_191109_LF_LIB_consensus_vsearch	1648	G	G	439	5	1.12%	2	2	93	93	0.030898285976353152	1	1	386	53	4	1	A
D11_BC47_191109_LF_LIB_consensus_vsearch	1649	T	*/-A	395	22	4.92%	2	1	93	93	1.7941240769358998E-7	1	1	346	49	22	0	-A
D11_BC47_191109_LF_LIB_consensus_vsearch	1650	A	A	421	2	0.47%	2	1	93	93	0.24970414201215435	1	1	365	56	2	0	C
D11_BC47_191109_LF_LIB_consensus_vsearch	1651	A	A	446	1	0.22%	2	1	93	93	0.5000000000008233	1	1	389	57	1	0	G
D11_BC47_191109_LF_LIB_consensus_vsearch	1652	A	A	441	4	0.89%	2	1	93	93	0.062078415508149166	1	1	385	56	4	0	-G
D11_BC47_191109_LF_LIB_consensus_vsearch	1653	G	G	438	4	0.9%	2	1	93	93	0.0620755524648183	1	1	382	56	4	0	A
D11_BC47_191109_LF_LIB_consensus_vsearch	1654	C	C	440	3	0.67%	2	2	93	93	0.1245762711863649	1	1	387	53	2	1	T
D11_BC47_191109_LF_LIB_consensus_vsearch	1655	A	A	441	3	0.67%	2	1	93	93	0.12457722660661777	1	1	385	56	3	0	T
D11_BC47_191109_LF_LIB_consensus_vsearch	1656	T	T	440	3	0.67%	2	2	93	93	0.1245762711863649	1	1	388	52	1	2	C
D11_BC47_191109_LF_LIB_consensus_vsearch	1657	G	G	440	5	1.12%	2	1	93	93	0.030899075890599485	1	1	384	56	5	0	+TG
D11_BC47_191109_LF_LIB_consensus_vsearch	1658	G	G	446	4	0.89%	2	1	93	93	0.06208310236944096	1	1	390	56	4	0	-A
D11_BC47_191109_LF_LIB_consensus_vsearch	1659	A	A	444	1	0.22%	2	1	93	93	0.5000000000008233	1	1	387	57	1	0	+C
D11_BC47_191109_LF_LIB_consensus_vsearch	1660	C	C	438	3	0.67%	2	1	93	93	0.12457434733248252	1	1	387	51	3	0	+A
D11_BC47_191109_LF_LIB_consensus_vsearch	1661	G	G	445	2	0.45%	2	1	93	93	0.2497200447932722	1	1	390	55	2	0	A
D11_BC47_191109_LF_LIB_consensus_vsearch	1662	G	G	449	2	0.44%	2	2	93	93	0.24972253052152624	1	1	393	56	1	1	-A
D11_BC47_191109_LF_LIB_consensus_vsearch	1663	A	*/+C	432	11	2.45%	2	1	93	93	4.5854977422456113E-4	1	1	377	55	11	0	+C
D11_BC47_191109_LF_LIB_consensus_vsearch	1664	C	Y	439	7	1.55%	2	2	93	93	0.00762940145447119	1	1	388	51	3	4	T
D11_BC47_191109_LF_LIB_consensus_vsearch	1665	G	G	444	1	0.22%	2	1	93	93	0.5000000000008233	1	1	389	55	1	0	+A
D11_BC47_191109_LF_LIB_consensus_vsearch	1666	G	G	446	1	0.22%	2	1	93	93	0.5000000000008233	1	1	390	56	1	0	+TTG
D11_BC47_191109_LF_LIB_consensus_vsearch	1667	A	A	443	2	0.45%	2	2	93	93	0.2497187851519112	1	1	387	56	1	1	G
D11_BC47_191109_LF_LIB_consensus_vsearch	1668	C	C	443	1	0.22%	2	1	93	93	0.4999999999999138	1	1	387	56	0	1	+A
D11_BC47_191109_LF_LIB_consensus_vsearch	1669	A	A	445	2	0.45%	2	1	93	93	0.2497200447932722	1	1	388	57	2	0	G
D11_BC47_191109_LF_LIB_consensus_vsearch	1670	A	R	423	13	2.89%	2	1	93	93	1.1147982255220776E-4	1	1	368	55	13	0	G
D11_BC47_191109_LF_LIB_consensus_vsearch	1671	C	C	434	6	1.35%	2	1	93	93	0.015359273530652235	1	1	378	56	6	0	-A
D11_BC47_191109_LF_LIB_consensus_vsearch	1672	A	A	434	2	0.46%	2	2	93	93	0.24971297359331265	1	1	379	55	1	1	G
D11_BC47_191109_LF_LIB_consensus_vsearch	1673	A	A	442	1	0.22%	2	1	93	93	0.4999999999990043	1	1	386	56	1	0	C
D11_BC47_191109_LF_LIB_consensus_vsearch	1674	G	G	448	2	0.44%	2	1	93	93	0.24972191323697995	1	1	392	56	2	0	-A
D11_BC47_191109_LF_LIB_consensus_vsearch	1675	A	*/+C	418	14	3.12%	2	1	93	93	5.4841636470744183E-5	1	1	362	56	14	0	+C
D11_BC47_191109_LF_LIB_consensus_vsearch	1676	C	*/-TAGC	426	9	2%	2	1	93	93	0.001873189162106254	1	1	372	54	9	0	-TAGC
D11_BC47_191109_LF_LIB_consensus_vsearch	1677	T	Y	387	19	4.42%	2	2	93	93	1.537555403340537E-6	1	1	335	52	18	1	C
D11_BC47_191109_LF_LIB_consensus_vsearch	1678	A	*/-G	388	18	4.29%	2	1	93	93	3.146440696522667E-6	1	1	331	57	18	0	-G
D11_BC47_191109_LF_LIB_consensus_vsearch	1679	G	R	371	19	4.66%	2	1	93	93	1.5236904962679662E-6	1	1	314	57	19	0	A
D11_BC47_191109_LF_LIB_consensus_vsearch	1680	C	M	391	15	3.58%	2	1	93	93	2.6752668166960817E-5	1	1	335	56	15	0	A
D11_BC47_191109_LF_LIB_consensus_vsearch	1681	C	Y	408	31	7.05%	2	2	93	93	2.6898824461161643E-10	1	1	354	54	28	3	T
D11_BC47_191109_LF_LIB_consensus_vsearch	1682	A	A	439	0	0%	2	0	93	0	1.0	1	0	382	57	0	0	
D11_BC47_191109_LF_LIB_consensus_vsearch	1683	A	A	445	3	0.67%	2	1	93	93	0.12458100558661131	1	1	388	57	3	0	G
D11_BC47_191109_LF_LIB_consensus_vsearch	1684	C	C	447	2	0.44%	2	2	93	93	0.24972129319990002	1	1	391	56	1	1	T
D11_BC47_191109_LF_LIB_consensus_vsearch	1685	G	G	435	6	1.33%	2	1	93	93	0.015359874699953162	1	1	379	56	6	0	+CG
D11_BC47_191109_LF_LIB_consensus_vsearch	1686	T	T	446	1	0.22%	2	1	93	93	0.5000000000008233	1	1	390	56	1	0	C
D11_BC47_191109_LF_LIB_consensus_vsearch	1687	T	T	449	1	0.22%	2	1	93	93	0.4999999999990043	1	1	393	56	1	0	C
D11_BC47_191109_LF_LIB_consensus_vsearch	1688	T	*/-C	409	34	7.54%	2	2	93	93	3.013789222051647E-11	1	1	372	37	17	17	-C
D11_BC47_191109_LF_LIB_consensus_vsearch	1689	C	C	413	1	0.24%	2	1	93	93	0.5000000000008233	1	1	376	37	1	0	+AC
D11_BC47_191109_LF_LIB_consensus_vsearch	1690	C	C	447	1	0.22%	2	1	93	93	0.5000000000008233	1	1	393	54	1	0	T
D11_BC47_191109_LF_LIB_consensus_vsearch	1691	C	*/-T	438	10	2.22%	2	2	93	93	9.282270587880905E-4	1	1	390	48	2	8	-T
D11_BC47_191109_LF_LIB_consensus_vsearch	1692	T	T	436	3	0.68%	2	1	93	93	0.12457240592922707	1	1	388	48	3	0	C
D11_BC47_191109_LF_LIB_consensus_vsearch	1693	G	G	449	1	0.22%	2	1	93	93	0.4999999999990043	1	1	392	57	1	0	T
D11_BC47_191109_LF_LIB_consensus_vsearch	1694	A	A	447	2	0.44%	2	1	93	93	0.24972129319990002	1	1	390	57	2	0	+T
D11_BC47_191109_LF_LIB_consensus_vsearch	1695	T	*/+A	427	20	4.44%	2	1	93	93	7.67422341324127E-7	1	1	370	57	20	0	+A
D11_BC47_191109_LF_LIB_consensus_vsearch	1696	A	R	419	31	6.87%	2	1	93	93	2.7275089079502164E-10	1	1	362	57	31	0	G
D11_BC47_191109_LF_LIB_consensus_vsearch	1697	G	G	448	1	0.22%	2	1	93	93	0.5000000000008233	1	1	391	57	1	0	A
D11_BC47_191109_LF_LIB_consensus_vsearch	1698	C	*/-G	432	10	2.22%	2	2	93	93	9.275806861447792E-4	1	1	379	53	9	1	-G
D11_BC47_191109_LF_LIB_consensus_vsearch	1699	G	G	436	1	0.23%	2	1	93	93	0.5000000000008233	1	1	382	54	1	0	A
D11_BC47_191109_LF_LIB_consensus_vsearch	1700	C	*/-T	424	9	2.01%	2	2	93	93	0.0018728240442215458	1	1	379	45	2	7	-T
D11_BC47_191109_LF_LIB_consensus_vsearch	1701	T	T	437	2	0.46%	2	2	93	93	0.24971493728629837	1	1	390	47	1	1	C
D11_BC47_191109_LF_LIB_consensus_vsearch	1702	T	T	445	2	0.45%	2	1	93	93	0.2497200447932722	1	1	390	55	2	0	C
D11_BC47_191109_LF_LIB_consensus_vsearch	1703	T	T	439	4	0.89%	2	1	93	93	0.06207651112360454	1	1	384	55	4	0	+C
D11_BC47_191109_LF_LIB_consensus_vsearch	1704	C	*/-A	428	10	2.24%	2	1	93	93	9.271400825692105E-4	1	1	376	52	10	0	-A
D11_BC47_191109_LF_LIB_consensus_vsearch	1705	A	R	420	9	2.05%	2	1	93	93	0.0018720837112055043	1	1	365	55	9	0	G
D11_BC47_191109_LF_LIB_consensus_vsearch	1706	C	Y	422	15	3.36%	2	2	93	93	2.7007998247201884E-5	1	1	370	52	11	4	T
D11_BC47_191109_LF_LIB_consensus_vsearch	1707	A	A	433	6	1.36%	2	2	93	93	0.01535866962898151	1	1	378	55	5	1	G
D11_BC47_191109_LF_LIB_consensus_vsearch	1708	A	R	426	16	3.59%	2	1	93	93	1.3289564848969628E-5	1	1	370	56	16	0	G
D11_BC47_191109_LF_LIB_consensus_vsearch	1709	C	C	438	3	0.67%	2	2	93	93	0.12457434733248252	1	1	382	56	2	1	-T
D11_BC47_191109_LF_LIB_consensus_vsearch	1710	T	T	437	6	1.35%	2	1	93	93	0.01536106891501191	1	1	387	50	0	6	C
D11_BC47_191109_LF_LIB_consensus_vsearch	1711	G	*/-T	421	15	3.35%	2	1	93	93	2.7000302846488012E-5	1	1	365	56	15	0	-T
D11_BC47_191109_LF_LIB_consensus_vsearch	1712	T	T	433	0	0%	2	0	93	0	1.0	1	0	376	57	0	0	
D11_BC47_191109_LF_LIB_consensus_vsearch	1713	T	T	446	2	0.45%	2	2	93	93	0.24972067039122897	1	1	390	56	1	1	C
D11_BC47_191109_LF_LIB_consensus_vsearch	1714	T	T	441	4	0.89%	2	1	93	93	0.062078415508149166	1	1	384	57	4	0	+C
D11_BC47_191109_LF_LIB_consensus_vsearch	1715	C	*/-A	384	54	12.05%	2	1	93	93	9.733155269364265E-18	1	1	330	54	54	0	-A
D11_BC47_191109_LF_LIB_consensus_vsearch	1716	A	A	380	4	1.03%	2	1	93	93	0.06201140169241078	1	1	324	56	4	0	G
D11_BC47_191109_LF_LIB_consensus_vsearch	1717	C	C	437	2	0.45%	2	1	93	93	0.24971493728629837	1	1	386	51	0	2	+T
D11_BC47_191109_LF_LIB_consensus_vsearch	1718	T	T	437	4	0.9%	2	1	93	93	0.062074589455845104	1	1	386	51	0	4	-C
D11_BC47_191109_LF_LIB_consensus_vsearch	1719	C	C	438	5	1.13%	2	1	93	93	0.03089749249800421	1	1	390	48	0	5	T
D11_BC47_191109_LF_LIB_consensus_vsearch	1720	T	*/-CT	413	29	6.44%	2	2	93	93	1.1587405680343973E-9	1	1	365	48	23	6	-CT
D11_BC47_191109_LF_LIB_consensus_vsearch	1721	C	*/-T	397	15	3.57%	2	2	93	93	2.680494198264461E-5	1	1	366	31	1	14	-T
D11_BC47_191109_LF_LIB_consensus_vsearch	1722	T	T	400	5	1.23%	2	1	93	93	0.030864438634128317	1	1	363	37	5	0	+CT
D11_BC47_191109_LF_LIB_consensus_vsearch	1723	T	T	446	3	0.67%	2	1	93	93	0.1245819397993151	1	1	389	57	3	0	C
D11_BC47_191109_LF_LIB_consensus_vsearch	1724	T	*/-C	392	50	11.11%	2	2	93	93	2.044587706038949E-16	1	1	336	56	49	1	-C
D11_BC47_191109_LF_LIB_consensus_vsearch	1725	C	C	399	1	0.25%	2	1	93	93	0.4999999999999138	1	1	343	56	1	0	T
D11_BC47_191109_LF_LIB_consensus_vsearch	1726	C	*/-A	389	39	8.65%	2	1	93	93	7.345656496589654E-13	1	1	333	56	39	0	-A
D11_BC47_191109_LF_LIB_consensus_vsearch	1727	A	A	405	1	0.24%	2	1	93	93	0.5000000000008233	1	1	349	56	1	0	+G
D11_BC47_191109_LF_LIB_consensus_vsearch	1728	A	A	444	2	0.45%	2	1	93	93	0.24971941638606426	1	1	388	56	2	0	G
D11_BC47_191109_LF_LIB_consensus_vsearch	1729	A	A	447	2	0.44%	2	1	93	93	0.24972129319990002	1	1	390	57	2	0	-G
D11_BC47_191109_LF_LIB_consensus_vsearch	1730	G	G	440	4	0.89%	2	1	93	93	0.06207746546158639	1	1	384	56	4	0	T
D11_BC47_191109_LF_LIB_consensus_vsearch	1731	T	T	441	3	0.67%	2	1	93	93	0.12457722660661777	1	1	385	56	3	0	-G
D11_BC47_191109_LF_LIB_consensus_vsearch	1732	G	G	442	4	0.89%	2	1	93	93	0.06207936129200334	1	1	386	56	4	0	A
D11_BC47_191109_LF_LIB_consensus_vsearch	1733	C	*/-T	369	55	12.2%	2	2	93	93	4.265280154864149E-18	1	1	318	51	53	2	-T
D11_BC47_191109_LF_LIB_consensus_vsearch	1734	T	T	386	3	0.77%	2	1	93	93	0.12451737451743523	1	1	334	52	3	0	C
D11_BC47_191109_LF_LIB_consensus_vsearch	1735	T	T	442	2	0.45%	2	1	93	93	0.2497181510708481	1	1	388	54	2	0	G
D11_BC47_191109_LF_LIB_consensus_vsearch	1736	T	T	444	2	0.45%	2	2	93	93	0.24971941638606426	1	1	388	56	1	1	C
D11_BC47_191109_LF_LIB_consensus_vsearch	1737	T	T	446	2	0.44%	2	1	93	93	0.24972067039122897	1	1	389	57	2	0	C
D11_BC47_191109_LF_LIB_consensus_vsearch	1738	C	C	439	3	0.67%	2	2	93	93	0.12457531143833234	1	1	383	56	2	1	+T
D11_BC47_191109_LF_LIB_consensus_vsearch	1739	A	A	431	4	0.9%	2	1	93	93	0.06206871836935933	1	1	374	57	4	0	-C
D11_BC47_191109_LF_LIB_consensus_vsearch	1740	C	C	430	3	0.68%	2	1	93	93	0.12456647398843287	1	1	373	57	3	0	G
D11_BC47_191109_LF_LIB_consensus_vsearch	1741	C	*/-T	420	17	3.81%	2	2	93	93	6.510382301474924E-6	1	1	376	44	4	13	-T
D11_BC47_191109_LF_LIB_consensus_vsearch	1742	T	T	425	1	0.23%	2	1	93	93	0.4999999999999138	1	1	381	44	1	0	+G
D11_BC47_191109_LF_LIB_consensus_vsearch	1743	T	T	439	3	0.67%	2	1	93	93	0.12457531143833234	1	1	383	56	3	0	C
D11_BC47_191109_LF_LIB_consensus_vsearch	1744	T	*/-C	357	57	12.67%	2	2	93	93	8.751087946269247E-19	1	1	339	18	31	26	-C
D11_BC47_191109_LF_LIB_consensus_vsearch	1745	C	C	382	1	0.26%	2	1	93	93	0.5000000000003686	1	1	361	21	1	0	G
D11_BC47_191109_LF_LIB_consensus_vsearch	1746	C	C	435	3	0.68%	2	1	93	93	0.12457142857152662	1	1	391	44	0	3	T
D11_BC47_191109_LF_LIB_consensus_vsearch	1747	C	C	447	3	0.67%	2	2	93	93	0.12458286985565502	1	1	392	55	1	2	-T
D11_BC47_191109_LF_LIB_consensus_vsearch	1748	T	T	445	2	0.45%	2	1	93	93	0.2497200447932722	1	1	390	55	2	0	+C
D11_BC47_191109_LF_LIB_consensus_vsearch	1749	C	C	442	4	0.89%	2	1	93	93	0.06207936129200334	1	1	385	57	4	0	+AC
D11_BC47_191109_LF_LIB_consensus_vsearch	1750	G	R	420	16	3.57%	2	1	93	93	1.3263859391341419E-5	1	1	363	57	16	0	A
D11_BC47_191109_LF_LIB_consensus_vsearch	1751	C	Y	427	10	2.23%	2	1	93	93	9.270286906046182E-4	1	1	370	57	10	0	T
D11_BC47_191109_LF_LIB_consensus_vsearch	1752	G	R	433	12	2.67%	2	1	93	93	2.2647039152581312E-4	1	1	376	57	12	0	A
D11_BC47_191109_LF_LIB_consensus_vsearch	1753	G	R	436	8	1.77%	2	1	93	93	0.003783983718069795	1	1	379	57	8	0	A
D11_BC47_191109_LF_LIB_consensus_vsearch	1754	T	T	445	3	0.67%	2	1	93	93	0.12458100558661131	1	1	388	57	3	0	+G
D11_BC47_191109_LF_LIB_consensus_vsearch	1755	A	R	431	13	2.88%	2	1	93	93	1.1166488301300728E-4	1	1	374	57	13	0	G
D11_BC47_191109_LF_LIB_consensus_vsearch	1756	C	C	438	4	0.89%	2	1	93	93	0.0620755524648183	1	1	381	57	4	0	+T
D11_BC47_191109_LF_LIB_consensus_vsearch	1757	T	Y	431	10	2.26%	2	1	93	93	9.274712732448419E-4	1	1	375	56	10	0	C
D11_BC47_191109_LF_LIB_consensus_vsearch	1758	T	*/-G	424	9	2.01%	2	2	93	93	0.0018728240442215458	1	1	370	54	7	2	-G
D11_BC47_191109_LF_LIB_consensus_vsearch	1759	G	*/-TG	409	12	2.74%	2	1	93	93	2.2548906969822708E-4	1	1	354	55	12	0	-TG
D11_BC47_191109_LF_LIB_consensus_vsearch	1760	T	Y	406	15	3.5%	2	1	93	93	2.6880690187417594E-5	1	1	352	54	15	0	C
D11_BC47_191109_LF_LIB_consensus_vsearch	1761	G	*/-A	421	8	1.83%	2	1	93	93	0.0037797414596765903	1	1	364	57	8	0	-A
D11_BC47_191109_LF_LIB_consensus_vsearch	1762	A	*/+G	421	10	2.27%	2	1	93	93	9.263496519144309E-4	1	1	365	56	10	0	+G
D11_BC47_191109_LF_LIB_consensus_vsearch	1763	G	G	439	1	0.22%	2	1	93	93	0.5000000000008233	1	1	383	56	1	0	+AG
D11_BC47_191109_LF_LIB_consensus_vsearch	1764	C	C	443	2	0.44%	2	1	93	93	0.2497187851519112	1	1	390	53	2	0	A
D11_BC47_191109_LF_LIB_consensus_vsearch	1765	T	T	446	1	0.22%	2	1	93	93	0.5000000000008233	1	1	392	54	0	1	+G
D11_BC47_191109_LF_LIB_consensus_vsearch	1766	A	A	444	4	0.89%	2	2	93	93	0.06208124018598929	1	1	389	55	3	1	G
D11_BC47_191109_LF_LIB_consensus_vsearch	1767	T	*/+C	432	9	2%	2	1	93	93	0.001874264864679625	1	1	377	55	9	0	+C
D11_BC47_191109_LF_LIB_consensus_vsearch	1768	C	C	446	2	0.44%	2	1	93	93	0.24972067039122897	1	1	391	55	0	2	-G
D11_BC47_191109_LF_LIB_consensus_vsearch	1769	G	G	446	3	0.67%	2	2	93	93	0.1245819397993151	1	1	393	53	1	2	A
D11_BC47_191109_LF_LIB_consensus_vsearch	1770	G	G	449	1	0.22%	2	1	93	93	0.4999999999990043	1	1	392	57	1	0	-A
D11_BC47_191109_LF_LIB_consensus_vsearch	1771	A	A	447	1	0.22%	2	1	93	93	0.5000000000008233	1	1	391	56	0	1	+C
D11_BC47_191109_LF_LIB_consensus_vsearch	1772	C	C	435	6	1.33%	2	1	93	93	0.015359874699953162	1	1	378	57	6	0	+G
D11_BC47_191109_LF_LIB_consensus_vsearch	1773	A	M	427	7	1.58%	2	1	93	93	0.007624362444354587	1	1	371	56	7	0	C
D11_BC47_191109_LF_LIB_consensus_vsearch	1774	T	T	436	3	0.68%	2	2	93	93	0.12457240592922707	1	1	381	55	2	1	-G
D11_BC47_191109_LF_LIB_consensus_vsearch	1775	G	R	431	9	2.03%	2	1	93	93	0.0018740875957096264	1	1	375	56	9	0	A
D11_BC47_191109_LF_LIB_consensus_vsearch	1776	G	G	441	3	0.67%	2	1	93	93	0.12457722660661777	1	1	384	57	3	0	-C
D11_BC47_191109_LF_LIB_consensus_vsearch	1777	C	*/+G	423	9	2.03%	2	1	93	93	0.0018726402317850155	1	1	366	57	9	0	+G
D11_BC47_191109_LF_LIB_consensus_vsearch	1778	A	R	408	28	6.36%	2	1	93	93	2.3808645879649313E-9	1	1	351	57	28	0	G
D11_BC47_191109_LF_LIB_consensus_vsearch	1779	G	G	435	6	1.35%	2	2	93	93	0.015359874699953162	1	1	380	55	4	2	-T
D11_BC47_191109_LF_LIB_consensus_vsearch	1780	T	T	440	3	0.67%	2	2	93	93	0.1245762711863649	1	1	388	52	1	2	C
D11_BC47_191109_LF_LIB_consensus_vsearch	1781	A	A	447	2	0.44%	2	1	93	93	0.24972129319990002	1	1	390	57	2	0	G
D11_BC47_191109_LF_LIB_consensus_vsearch	1782	T	*/-A	432	14	3.1%	2	1	93	93	5.50290008587801E-5	1	1	376	56	14	0	-A
D11_BC47_191109_LF_LIB_consensus_vsearch	1783	A	R	407	10	2.3%	2	1	93	93	9.246904525720687E-4	1	1	352	55	10	0	G
D11_BC47_191109_LF_LIB_consensus_vsearch	1784	T	K	422	14	3.19%	2	1	93	93	5.489635033716498E-5	1	1	366	56	14	0	G
D11_BC47_191109_LF_LIB_consensus_vsearch	1785	T	T	443	3	0.67%	2	1	93	93	0.12457912457918291	1	1	386	57	3	0	C
D11_BC47_191109_LF_LIB_consensus_vsearch	1786	T	T	442	5	1.11%	2	1	93	93	0.03090064512242186	1	1	385	57	5	0	-A
D11_BC47_191109_LF_LIB_consensus_vsearch	1787	A	R	392	47	10.54%	2	1	93	93	1.935026160432698E-15	1	1	335	57	47	0	G
D11_BC47_191109_LF_LIB_consensus_vsearch	1788	G	R	436	10	2.24%	2	1	93	93	9.280135047051926E-4	1	1	380	56	10	0	A
D11_BC47_191109_LF_LIB_consensus_vsearch	1789	C	*/+T	416	11	2.46%	2	1	93	93	4.574581519691363E-4	1	1	363	53	11	0	+T
D11_BC47_191109_LF_LIB_consensus_vsearch	1790	T	T	434	1	0.23%	2	1	93	93	0.4999999999999138	1	1	381	53	0	1	+C
D11_BC47_191109_LF_LIB_consensus_vsearch	1791	T	T	430	6	1.34%	2	1	93	93	0.015356841341651906	1	1	381	49	0	6	+CT
D11_BC47_191109_LF_LIB_consensus_vsearch	1792	T	Y	424	8	1.78%	2	1	93	93	0.0037806132981311326	1	1	369	55	8	0	C
D11_BC47_191109_LF_LIB_consensus_vsearch	1793	A	A	433	4	0.9%	2	1	93	93	0.06207069332172113	1	1	378	55	4	0	-G
D11_BC47_191109_LF_LIB_consensus_vsearch	1794	G	G	446	1	0.22%	2	1	93	93	0.5000000000008233	1	1	389	57	1	0	-A
D11_BC47_191109_LF_LIB_consensus_vsearch	1795	A	A	441	6	1.33%	2	1	93	93	0.015363425358953372	1	1	384	57	6	0	G
D11_BC47_191109_LF_LIB_consensus_vsearch	1796	T	*/-G	428	7	1.56%	2	1	93	93	0.007624792930600719	1	1	371	57	7	0	-G
D11_BC47_191109_LF_LIB_consensus_vsearch	1797	G	G	432	3	0.69%	2	1	93	93	0.12456846950514457	1	1	375	57	3	0	A
D11_BC47_191109_LF_LIB_consensus_vsearch	1798	G	G	437	4	0.9%	2	1	93	93	0.062074589455845104	1	1	380	57	4	0	A
D11_BC47_191109_LF_LIB_consensus_vsearch	1799	C	C	435	4	0.9%	2	1	93	93	0.06207265026891802	1	1	381	54	4	0	A
D11_BC47_191109_LF_LIB_consensus_vsearch	1800	A	A	446	3	0.67%	2	2	93	93	0.1245819397993151	1	1	390	56	2	1	G
D11_BC47_191109_LF_LIB_consensus_vsearch	1801	T	T	439	4	0.89%	2	1	93	93	0.06207651112360454	1	1	383	56	4	0	+C
D11_BC47_191109_LF_LIB_consensus_vsearch	1802	C	*/-T	431	10	2.23%	2	2	93	93	9.274712732448419E-4	1	1	379	52	9	1	-T
D11_BC47_191109_LF_LIB_consensus_vsearch	1803	T	T	432	5	1.14%	2	1	93	93	0.03089265541177198	1	1	376	56	5	0	C
D11_BC47_191109_LF_LIB_consensus_vsearch	1804	A	A	436	6	1.34%	2	1	93	93	0.01536047315528176	1	1	381	55	6	0	-C
D11_BC47_191109_LF_LIB_consensus_vsearch	1805	C	C	430	3	0.68%	2	1	93	93	0.12456647398843287	1	1	379	51	0	3	A
D11_BC47_191109_LF_LIB_consensus_vsearch	1806	C	*/-AC	401	25	5.59%	2	1	93	93	2.0738579890833378E-8	1	1	348	53	25	0	-AC
D11_BC47_191109_LF_LIB_consensus_vsearch	1807	A	*/-C	390	9	2.22%	2	2	93	93	0.0018660638404102402	1	1	336	54	8	1	-C
D11_BC47_191109_LF_LIB_consensus_vsearch	1808	C	C	394	4	1%	2	1	93	93	0.06202859930052086	1	1	342	52	4	0	G
D11_BC47_191109_LF_LIB_consensus_vsearch	1809	C	S	407	25	5.76%	2	1	93	93	2.0846376783924682E-8	1	1	352	55	25	0	G
D11_BC47_191109_LF_LIB_consensus_vsearch	1810	C	*/-A	434	7	1.56%	2	2	93	93	0.007627335039353406	1	1	381	53	5	2	-A
D11_BC47_191109_LF_LIB_consensus_vsearch	1811	A	A	441	1	0.23%	2	1	93	93	0.5000000000008233	1	1	387	54	1	0	T
D11_BC47_191109_LF_LIB_consensus_vsearch	1812	A	*/-T	435	8	1.78%	2	2	93	93	0.0037837097715777354	1	1	379	56	7	1	-T
D11_BC47_191109_LF_LIB_consensus_vsearch	1813	T	T	440	2	0.45%	2	1	93	93	0.2497168742917677	1	1	386	54	0	2	C
D11_BC47_191109_LF_LIB_consensus_vsearch	1814	T	T	447	3	0.67%	2	1	93	93	0.12458286985565502	1	1	391	56	3	0	G
D11_BC47_191109_LF_LIB_consensus_vsearch	1815	T	T	446	2	0.44%	2	2	93	93	0.24972067039122897	1	1	391	55	1	1	+G
D11_BC47_191109_LF_LIB_consensus_vsearch	1816	G	G	446	1	0.22%	2	1	93	93	0.5000000000008233	1	1	391	55	0	1	+TG
D11_BC47_191109_LF_LIB_consensus_vsearch	1817	C	*/-GC	437	7	1.56%	2	2	93	93	0.007628580447648388	1	1	383	54	6	1	-GC
D11_BC47_191109_LF_LIB_consensus_vsearch	1818	G	G	435	2	0.45%	2	2	93	93	0.24971363115699957	1	1	381	54	1	1	-CA
D11_BC47_191109_LF_LIB_consensus_vsearch	1819	C	C	433	2	0.45%	2	2	93	93	0.2497123130030455	1	1	382	51	1	1	-A
D11_BC47_191109_LF_LIB_consensus_vsearch	1820	A	A	433	4	0.9%	2	2	93	93	0.06207069332172113	1	1	381	52	3	1	G
D11_BC47_191109_LF_LIB_consensus_vsearch	1821	G	G	436	6	1.35%	2	1	93	93	0.01536047315528176	1	1	381	55	6	0	A
D11_BC47_191109_LF_LIB_consensus_vsearch	1822	C	C	439	4	0.89%	2	1	93	93	0.06207651112360454	1	1	384	55	4	0	-A
D11_BC47_191109_LF_LIB_consensus_vsearch	1823	A	A	439	2	0.45%	2	2	93	93	0.2497162315547306	1	1	384	55	1	1	+G
D11_BC47_191109_LF_LIB_consensus_vsearch	1824	A	A	442	2	0.44%	2	2	93	93	0.2497181510708481	1	1	387	55	1	1	-TA
D11_BC47_191109_LF_LIB_consensus_vsearch	1825	T	*/-AC	431	9	2.01%	2	1	93	93	0.0018740875957096264	1	1	377	54	9	0	-AC
D11_BC47_191109_LF_LIB_consensus_vsearch	1826	A	R	420	8	1.83%	2	1	93	93	0.003779448151948946	1	1	366	54	8	0	G
D11_BC47_191109_LF_LIB_consensus_vsearch	1827	C	*/+G	379	33	7.57%	2	2	93	93	5.973326567924572E-11	1	1	327	52	32	1	+G
D11_BC47_191109_LF_LIB_consensus_vsearch	1828	G	*/-A	418	9	2.05%	2	1	93	93	0.0018717084025872061	1	1	364	54	9	0	-A
D11_BC47_191109_LF_LIB_consensus_vsearch	1829	A	A	438	1	0.23%	2	1	93	93	0.4999999999999138	1	1	381	57	1	0	+G
D11_BC47_191109_LF_LIB_consensus_vsearch	1830	A	A	447	2	0.45%	2	1	93	93	0.24972129319990002	1	1	390	57	2	0	G
D11_BC47_191109_LF_LIB_consensus_vsearch	1831	A	A	442	4	0.89%	2	1	93	93	0.06207936129200334	1	1	386	56	4	0	G
D11_BC47_191109_LF_LIB_consensus_vsearch	1832	C	*/-T	429	11	2.46%	2	2	93	93	4.5835102222652706E-4	1	1	374	55	10	1	-T
D11_BC47_191109_LF_LIB_consensus_vsearch	1833	T	T	434	2	0.46%	2	1	93	93	0.24971297359331265	1	1	378	56	2	0	C
D11_BC47_191109_LF_LIB_consensus_vsearch	1834	A	A	439	3	0.67%	2	1	93	93	0.12457531143833234	1	1	383	56	3	0	+C
D11_BC47_191109_LF_LIB_consensus_vsearch	1835	C	C	446	1	0.22%	2	1	93	93	0.5000000000008233	1	1	389	57	1	0	+AC
D11_BC47_191109_LF_LIB_consensus_vsearch	1836	G	*/-CG	438	7	1.56%	2	2	93	93	0.007628991869306366	1	1	382	56	6	1	-CG
D11_BC47_191109_LF_LIB_consensus_vsearch	1837	C	C	433	3	0.68%	2	1	93	93	0.12456946039042152	1	1	379	54	3	0	+A
D11_BC47_191109_LF_LIB_consensus_vsearch	1838	G	G	437	2	0.45%	2	1	93	93	0.24971493728629837	1	1	382	55	2	0	-A
D11_BC47_191109_LF_LIB_consensus_vsearch	1839	A	A	443	2	0.45%	2	1	93	93	0.2497187851519112	1	1	390	53	0	2	+C
D11_BC47_191109_LF_LIB_consensus_vsearch	1840	C	C	447	1	0.22%	2	1	93	93	0.5000000000008233	1	1	392	55	0	1	+T
D11_BC47_191109_LF_LIB_consensus_vsearch	1841	T	T	443	2	0.45%	2	2	93	93	0.2497187851519112	1	1	390	53	1	1	+C
D11_BC47_191109_LF_LIB_consensus_vsearch	1842	C	C	439	6	1.34%	2	1	93	93	0.015362252420215997	1	1	384	55	6	0	-A
D11_BC47_191109_LF_LIB_consensus_vsearch	1843	A	A	439	3	0.68%	2	1	93	93	0.12457531143833234	1	1	382	57	3	0	G
D11_BC47_191109_LF_LIB_consensus_vsearch	1844	A	R	426	15	3.34%	2	1	93	93	2.703844645541312E-5	1	1	369	57	15	0	G
D11_BC47_191109_LF_LIB_consensus_vsearch	1845	C	*/+A	390	43	9.68%	2	1	93	93	3.795577448629578E-14	1	1	333	57	43	0	+A
D11_BC47_191109_LF_LIB_consensus_vsearch	1846	G	*/-A	389	49	10.94%	2	1	93	93	4.285286648673583E-16	1	1	333	56	49	0	-A
D11_BC47_191109_LF_LIB_consensus_vsearch	1847	A	A	389	5	1.25%	2	1	93	93	0.030853681237272182	1	1	333	56	5	0	+G
D11_BC47_191109_LF_LIB_consensus_vsearch	1848	G	G	445	1	0.22%	2	1	93	93	0.4999999999999138	1	1	389	56	1	0	+AG
D11_BC47_191109_LF_LIB_consensus_vsearch	1849	C	C	440	4	0.89%	2	1	93	93	0.06207746546158639	1	1	383	57	4	0	+A
D11_BC47_191109_LF_LIB_consensus_vsearch	1850	G	G	440	5	1.11%	2	1	93	93	0.030899075890599485	1	1	384	56	5	0	T
D11_BC47_191109_LF_LIB_consensus_vsearch	1851	T	T	442	3	0.67%	2	1	93	93	0.12457817772799688	1	1	387	55	3	0	-G
D11_BC47_191109_LF_LIB_consensus_vsearch	1852	G	*/-C	419	11	2.47%	2	2	93	93	4.576688933102391E-4	1	1	377	42	3	8	-C
D11_BC47_191109_LF_LIB_consensus_vsearch	1853	C	C	430	3	0.68%	2	1	93	93	0.12456647398843287	1	1	381	49	3	0	+A
D11_BC47_191109_LF_LIB_consensus_vsearch	1854	C	C	444	3	0.67%	2	2	93	93	0.12458006718908442	1	1	390	54	2	1	-T
D11_BC47_191109_LF_LIB_consensus_vsearch	1855	T	T	437	4	0.89%	2	1	93	93	0.062074589455845104	1	1	384	53	4	0	+C
D11_BC47_191109_LF_LIB_consensus_vsearch	1856	C	*/-A	419	17	3.79%	2	1	93	93	6.507968392941904E-6	1	1	366	53	17	0	-A
D11_BC47_191109_LF_LIB_consensus_vsearch	1857	A	*/-C	406	10	2.32%	2	2	93	93	9.245677335648258E-4	1	1	352	54	7	3	-C
D11_BC47_191109_LF_LIB_consensus_vsearch	1858	C	*/+A	306	106	24.26%	2	1	93	93	5.186657805221625E-36	1	1	252	54	106	0	+A
D11_BC47_191109_LF_LIB_consensus_vsearch	1859	A	R	431	9	2.02%	2	1	93	93	0.0018740875957096264	1	1	376	55	9	0	G
D11_BC47_191109_LF_LIB_consensus_vsearch	1860	A	*/+G	152	250	55.68%	1	2	93	93	2.9334910667182656E-101	1	1	152	0	207	43	+G
D11_BC47_191109_LF_LIB_consensus_vsearch	1861	C	C	422	3	0.69%	2	1	93	93	0.12455830388715546	1	1	376	46	3	0	G
D11_BC47_191109_LF_LIB_consensus_vsearch	1862	G	G	435	5	1.12%	2	1	93	93	0.030895090435182324	1	1	379	56	5	0	A
D11_BC47_191109_LF_LIB_consensus_vsearch	1863	C	*/-G	412	11	2.44%	2	1	93	93	4.571726097283556E-4	1	1	355	57	11	0	-G
D11_BC47_191109_LF_LIB_consensus_vsearch	1864	G	*/+A	420	11	2.51%	2	2	93	93	4.5773850170834535E-4	1	1	364	56	10	1	+A
D11_BC47_191109_LF_LIB_consensus_vsearch	1865	A	A	445	1	0.22%	2	1	93	93	0.4999999999999138	1	1	389	56	1	0	+G
D11_BC47_191109_LF_LIB_consensus_vsearch	1866	G	G	439	6	1.33%	2	1	93	93	0.015362252420215997	1	1	382	57	6	0	+AG
D11_BC47_191109_LF_LIB_consensus_vsearch	1867	T	T	444	4	0.89%	2	2	93	93	0.06208124018598929	1	1	389	55	3	1	C
D11_BC47_191109_LF_LIB_consensus_vsearch	1868	T	T	443	4	0.89%	2	1	93	93	0.06208030284174911	1	1	389	54	4	0	+C
D11_BC47_191109_LF_LIB_consensus_vsearch	1869	C	C	437	5	1.11%	2	2	93	93	0.03089669543126854	1	1	386	51	4	1	-A
D11_BC47_191109_LF_LIB_consensus_vsearch	1870	A	A	439	5	1.12%	2	1	93	93	0.030898285976353152	1	1	383	56	5	0	G
D11_BC47_191109_LF_LIB_consensus_vsearch	1871	A	R	406	35	7.76%	2	2	93	93	1.4419928211167382E-11	1	1	350	56	34	1	G
D11_BC47_191109_LF_LIB_consensus_vsearch	1872	C	C	430	5	1.13%	2	1	93	93	0.030891013414769866	1	1	376	54	5	0	G
D11_BC47_191109_LF_LIB_consensus_vsearch	1873	C	*/+G	390	30	6.67%	2	2	93	93	5.44453008461256E-10	1	1	346	44	27	3	+G
D11_BC47_191109_LF_LIB_consensus_vsearch	1874	G	R	418	13	2.92%	2	1	93	93	1.1136078182173557E-4	1	1	361	57	13	0	A
D11_BC47_191109_LF_LIB_consensus_vsearch	1875	A	R	347	49	10.96%	2	2	93	93	3.6485093123203215E-16	1	1	291	56	48	1	G
D11_BC47_191109_LF_LIB_consensus_vsearch	1876	G	*/+A	321	44	10.55%	2	1	93	93	1.431593586325398E-14	1	1	264	57	44	0	+A
D11_BC47_191109_LF_LIB_consensus_vsearch	1877	A	*/+G	396	7	1.71%	2	1	93	93	0.007609963086240239	1	1	339	57	7	0	+G
D11_BC47_191109_LF_LIB_consensus_vsearch	1878	G	R	371	51	11.78%	2	1	93	93	8.89553430768017E-17	1	1	315	56	51	0	A
D11_BC47_191109_LF_LIB_consensus_vsearch	1879	C	C	438	2	0.45%	2	1	93	93	0.24971558589274387	1	1	382	56	2	0	A
D11_BC47_191109_LF_LIB_consensus_vsearch	1880	C	C	440	4	0.89%	2	1	93	93	0.06207746546158639	1	1	386	54	4	0	-A
D11_BC47_191109_LF_LIB_consensus_vsearch	1881	A	*/-CA	427	8	1.8%	2	1	93	93	0.0037814732031268648	1	1	372	55	8	0	-CA
D11_BC47_191109_LF_LIB_consensus_vsearch	1882	C	C	431	4	0.9%	2	1	93	93	0.06206871836935933	1	1	374	57	4	0	T
D11_BC47_191109_LF_LIB_consensus_vsearch	1883	A	A	428	3	0.68%	2	1	93	93	0.12456445993035366	1	1	372	56	3	0	-T
D11_BC47_191109_LF_LIB_consensus_vsearch	1884	T	T	429	6	1.35%	2	1	93	93	0.015356226321811444	1	1	374	55	6	0	-AC
D11_BC47_191109_LF_LIB_consensus_vsearch	1885	A	R	389	34	7.76%	2	1	93	93	2.917639473495372E-11	1	1	335	54	34	0	G
D11_BC47_191109_LF_LIB_consensus_vsearch	1886	C	*/-G	410	19	4.31%	2	2	93	93	1.5558235939629214E-6	1	1	374	36	3	16	-G
D11_BC47_191109_LF_LIB_consensus_vsearch	1887	G	R	397	31	7.21%	2	1	93	93	2.650810313543117E-10	1	1	359	38	31	0	A
D11_BC47_191109_LF_LIB_consensus_vsearch	1888	G	G	446	2	0.44%	2	1	93	93	0.24972067039122897	1	1	391	55	2	0	A
D11_BC47_191109_LF_LIB_consensus_vsearch	1889	G	G	446	2	0.44%	2	1	93	93	0.24972067039122897	1	1	390	56	2	0	-A
D11_BC47_191109_LF_LIB_consensus_vsearch	1890	A	A	434	4	0.89%	2	1	93	93	0.062071674030406296	1	1	379	55	4	0	-C
D11_BC47_191109_LF_LIB_consensus_vsearch	1891	C	C	439	4	0.9%	2	2	93	93	0.06207651112360454	1	1	384	55	3	1	-T
D11_BC47_191109_LF_LIB_consensus_vsearch	1892	T	T	444	1	0.22%	2	1	93	93	0.5000000000008233	1	1	390	54	0	1	+A
D11_BC47_191109_LF_LIB_consensus_vsearch	1893	A	A	445	3	0.67%	2	1	93	93	0.12458100558661131	1	1	391	54	3	0	C
D11_BC47_191109_LF_LIB_consensus_vsearch	1894	T	T	444	4	0.89%	2	2	93	93	0.06208124018598929	1	1	389	55	3	1	-C
D11_BC47_191109_LF_LIB_consensus_vsearch	1895	C	C	438	2	0.45%	2	1	93	93	0.24971558589274387	1	1	384	54	2	0	+T
D11_BC47_191109_LF_LIB_consensus_vsearch	1896	A	*/-C	421	20	4.47%	2	2	93	93	7.651054643967464E-7	1	1	379	42	8	12	-C
D11_BC47_191109_LF_LIB_consensus_vsearch	1897	C	C	424	2	0.47%	2	2	93	93	0.24970622796748032	1	1	382	42	1	1	T
D11_BC47_191109_LF_LIB_consensus_vsearch	1898	C	C	445	2	0.45%	2	1	93	93	0.2497200447932722	1	1	389	56	2	0	+A
D11_BC47_191109_LF_LIB_consensus_vsearch	1899	C	C	440	3	0.67%	2	1	93	93	0.1245762711863649	1	1	384	56	3	0	+AC
D11_BC47_191109_LF_LIB_consensus_vsearch	1900	T	*/-CT	427	7	1.57%	2	2	93	93	0.007624362444354587	1	1	375	52	5	2	-CT
D11_BC47_191109_LF_LIB_consensus_vsearch	1901	C	C	434	3	0.68%	2	1	93	93	0.12457044673541934	1	1	382	52	3	0	+A
D11_BC47_191109_LF_LIB_consensus_vsearch	1902	T	T	432	4	0.91%	2	2	93	93	0.06206970811168755	1	1	379	53	3	1	A
D11_BC47_191109_LF_LIB_consensus_vsearch	1903	G	G	439	5	1.11%	2	1	93	93	0.030898285976353152	1	1	384	55	5	0	A
D11_BC47_191109_LF_LIB_consensus_vsearch	1904	T	T	441	3	0.67%	2	1	93	93	0.12457722660661777	1	1	386	55	3	0	C
D11_BC47_191109_LF_LIB_consensus_vsearch	1905	G	G	438	5	1.12%	2	1	93	93	0.03089749249800421	1	1	382	56	5	0	A
D11_BC47_191109_LF_LIB_consensus_vsearch	1906	C	C	434	4	0.89%	2	1	93	93	0.062071674030406296	1	1	378	56	4	0	+A
D11_BC47_191109_LF_LIB_consensus_vsearch	1907	A	R	434	11	2.46%	2	1	93	93	4.5868081601559884E-4	1	1	377	57	11	0	G
D11_BC47_191109_LF_LIB_consensus_vsearch	1908	G	K	440	8	1.77%	2	1	93	93	0.0037850673649748043	1	1	386	54	8	0	T
D11_BC47_191109_LF_LIB_consensus_vsearch	1909	T	T	443	3	0.67%	2	2	93	93	0.12457912457918291	1	1	391	52	2	1	C
D11_BC47_191109_LF_LIB_consensus_vsearch	1910	G	G	442	3	0.67%	2	1	93	93	0.12457817772799688	1	1	388	54	3	0	-C
D11_BC47_191109_LF_LIB_consensus_vsearch	1911	C	C	440	3	0.67%	2	1	93	93	0.1245762711863649	1	1	385	55	3	0	+G
D11_BC47_191109_LF_LIB_consensus_vsearch	1912	C	*/-T	428	14	3.11%	2	2	93	93	5.49766339423539E-5	1	1	380	48	8	6	-T
D11_BC47_191109_LF_LIB_consensus_vsearch	1913	T	T	431	4	0.92%	2	1	93	93	0.06206871836935933	1	1	382	49	4	0	C
D11_BC47_191109_LF_LIB_consensus_vsearch	1914	T	T	450	1	0.22%	2	1	93	93	0.5000000000008233	1	1	393	57	1	0	C
D11_BC47_191109_LF_LIB_consensus_vsearch	1915	T	*/-C	387	64	14.19%	2	2	93	93	4.8854997626406196E-21	1	1	331	56	63	1	-C
D11_BC47_191109_LF_LIB_consensus_vsearch	1916	C	C	384	2	0.52%	2	1	93	93	0.24967574578483906	1	1	328	56	2	0	T
D11_BC47_191109_LF_LIB_consensus_vsearch	1917	C	C	441	5	1.11%	2	1	93	93	0.030899862264693823	1	1	384	57	5	0	G
D11_BC47_191109_LF_LIB_consensus_vsearch	1918	A	*/-G	439	8	1.77%	2	1	93	93	0.003784798257927548	1	1	383	56	8	0	-G
D11_BC47_191109_LF_LIB_consensus_vsearch	1919	G	G	440	1	0.23%	2	1	93	93	0.4999999999999138	1	1	383	57	1	0	+A
D11_BC47_191109_LF_LIB_consensus_vsearch	1920	A	A	441	3	0.67%	2	1	93	93	0.12457722660661777	1	1	384	57	3	0	+C
D11_BC47_191109_LF_LIB_consensus_vsearch	1921	C	C	444	3	0.67%	2	1	93	93	0.12458006718908442	1	1	387	57	3	0	T
D11_BC47_191109_LF_LIB_consensus_vsearch	1922	A	A	448	0	0%	2	0	93	0	1.0	1	0	391	57	0	0	
D11_BC47_191109_LF_LIB_consensus_vsearch	1923	A	R	428	18	4.01%	2	2	93	93	3.20237453644594E-6	1	1	372	56	17	1	G
D11_BC47_191109_LF_LIB_consensus_vsearch	1924	C	*/-TT	395	25	5.58%	2	2	93	93	2.0628191398210225E-8	1	1	341	54	24	1	-TT
D11_BC47_191109_LF_LIB_consensus_vsearch	1925	T	T	390	6	1.51%	2	1	93	93	0.015329823997787357	1	1	335	55	6	0	C
D11_BC47_191109_LF_LIB_consensus_vsearch	1926	T	*/-A	316	33	8.01%	2	2	93	93	5.263917378539023E-11	1	1	266	50	28	5	-A
D11_BC47_191109_LF_LIB_consensus_vsearch	1927	A	A	367	6	1.61%	2	2	93	93	0.015311672358019005	1	1	316	51	5	1	C
D11_BC47_191109_LF_LIB_consensus_vsearch	1928	A	A	399	5	1.22%	2	1	93	93	0.030863484879977227	1	1	342	57	5	0	C
D11_BC47_191109_LF_LIB_consensus_vsearch	1929	A	A	447	1	0.22%	2	1	93	93	0.5000000000008233	1	1	390	57	1	0	+G
D11_BC47_191109_LF_LIB_consensus_vsearch	1930	A	A	442	3	0.67%	2	1	93	93	0.12457817772799688	1	1	385	57	3	0	-G
D11_BC47_191109_LF_LIB_consensus_vsearch	1931	G	R	434	10	2.23%	2	1	93	93	9.277980556005647E-4	1	1	377	57	10	0	A
D11_BC47_191109_LF_LIB_consensus_vsearch	1932	C	*/-T	432	9	2%	2	2	93	93	0.001874264864679625	1	1	382	50	8	1	-T
D11_BC47_191109_LF_LIB_consensus_vsearch	1933	T	T	433	2	0.46%	2	1	93	93	0.2497123130030455	1	1	379	54	2	0	A
D11_BC47_191109_LF_LIB_consensus_vsearch	1934	T	*/+C	421	10	2.24%	2	1	93	93	9.263496519144309E-4	1	1	370	51	10	0	+C
D11_BC47_191109_LF_LIB_consensus_vsearch	1935	C	*/-G	417	12	2.72%	2	2	93	93	2.2582806164226E-4	1	1	376	41	8	4	-G
D11_BC47_191109_LF_LIB_consensus_vsearch	1936	G	R	415	7	1.63%	2	2	93	93	0.007619038242851565	1	1	371	44	6	1	A
D11_BC47_191109_LF_LIB_consensus_vsearch	1937	G	G	440	3	0.67%	2	2	93	93	0.1245762711863649	1	1	391	49	2	1	A
D11_BC47_191109_LF_LIB_consensus_vsearch	1938	G	G	447	2	0.44%	2	1	93	93	0.24972129319990002	1	1	393	54	0	2	C
D11_BC47_191109_LF_LIB_consensus_vsearch	1939	T	T	444	4	0.89%	2	2	93	93	0.06208124018598929	1	1	392	52	1	3	C
D11_BC47_191109_LF_LIB_consensus_vsearch	1940	C	C	443	3	0.67%	2	1	93	93	0.12457912457918291	1	1	390	53	3	0	-TC
D11_BC47_191109_LF_LIB_consensus_vsearch	1941	T	*/+C	431	8	1.79%	2	1	93	93	0.003782601599602771	1	1	381	50	8	0	+C
D11_BC47_191109_LF_LIB_consensus_vsearch	1942	C	C	436	5	1.12%	2	1	93	93	0.030895894751978216	1	1	381	55	5	0	-A
D11_BC47_191109_LF_LIB_consensus_vsearch	1943	A	A	436	4	0.9%	2	2	93	93	0.0620736220670793	1	1	382	54	2	2	G
D11_BC47_191109_LF_LIB_consensus_vsearch	1944	A	A	438	6	1.33%	2	2	93	93	0.01536166199729829	1	1	389	49	2	4	+G
D11_BC47_191109_LF_LIB_consensus_vsearch	1945	G	G	444	2	0.44%	2	2	93	93	0.24971941638606426	1	1	389	55	1	1	-C
D11_BC47_191109_LF_LIB_consensus_vsearch	1946	C	C	445	2	0.45%	2	1	93	93	0.2497200447932722	1	1	390	55	2	0	T
D11_BC47_191109_LF_LIB_consensus_vsearch	1947	G	G	444	3	0.67%	2	2	93	93	0.12458006718908442	1	1	390	54	1	2	-CG
D11_BC47_191109_LF_LIB_consensus_vsearch	1948	C	*/-G	411	18	4.02%	2	2	93	93	3.1797854475104E-6	1	1	359	52	16	2	-G
D11_BC47_191109_LF_LIB_consensus_vsearch	1949	G	*/+A	417	9	2.09%	2	1	93	93	0.0018715194418685113	1	1	364	53	9	0	+A
D11_BC47_191109_LF_LIB_consensus_vsearch	1950	G	*/-A	437	11	2.44%	2	2	93	93	4.588752277082112E-4	1	1	386	51	6	5	-A
D11_BC47_191109_LF_LIB_consensus_vsearch	1951	A	*/+GA	427	9	2.05%	2	1	93	93	0.0018733704789343226	1	1	375	52	9	0	+GA
D11_BC47_191109_LF_LIB_consensus_vsearch	1952	A	A	442	4	0.89%	2	1	93	93	0.06207936129200334	1	1	385	57	4	0	G
D11_BC47_191109_LF_LIB_consensus_vsearch	1953	A	A	449	1	0.22%	2	1	93	93	0.4999999999990043	1	1	392	57	1	0	+GAA
D11_BC47_191109_LF_LIB_consensus_vsearch	1954	A	R	433	17	3.77%	2	1	93	93	6.540845093994583E-6	1	1	376	57	17	0	G
D11_BC47_191109_LF_LIB_consensus_vsearch	1955	C	C	439	3	0.67%	2	1	93	93	0.12457531143833234	1	1	385	54	3	0	-A
D11_BC47_191109_LF_LIB_consensus_vsearch	1956	A	A	443	1	0.22%	2	1	93	93	0.4999999999999138	1	1	387	56	1	0	+T
D11_BC47_191109_LF_LIB_consensus_vsearch	1957	A	R	433	10	2.23%	2	1	93	93	9.276896125167864E-4	1	1	377	56	10	0	G
D11_BC47_191109_LF_LIB_consensus_vsearch	1958	C	C	443	2	0.45%	2	1	93	93	0.2497187851519112	1	1	388	55	2	0	+AC
D11_BC47_191109_LF_LIB_consensus_vsearch	1959	G	G	443	3	0.67%	2	2	93	93	0.12457912457918291	1	1	389	54	1	2	+T
D11_BC47_191109_LF_LIB_consensus_vsearch	1960	T	T	449	1	0.22%	2	1	93	93	0.4999999999990043	1	1	392	57	1	0	+AT
D11_BC47_191109_LF_LIB_consensus_vsearch	1961	C	C	444	3	0.67%	2	1	93	93	0.12458006718908442	1	1	391	53	0	3	-T
D11_BC47_191109_LF_LIB_consensus_vsearch	1962	T	*/+C	428	12	2.69%	2	1	93	93	2.2627455527610537E-4	1	1	375	53	12	0	+C
D11_BC47_191109_LF_LIB_consensus_vsearch	1963	C	C	434	5	1.13%	2	2	93	93	0.030894282456439635	1	1	381	53	3	2	-T
D11_BC47_191109_LF_LIB_consensus_vsearch	1964	T	*/+A	407	12	2.73%	2	1	93	93	2.2540235260924642E-4	1	1	354	53	12	0	+A
D11_BC47_191109_LF_LIB_consensus_vsearch	1965	A	R	433	13	2.91%	2	1	93	93	1.1171014262094148E-4	1	1	376	57	13	0	G
D11_BC47_191109_LF_LIB_consensus_vsearch	1966	G	K	429	15	3.33%	2	1	93	93	2.7060938566629196E-5	1	1	372	57	15	0	T
D11_BC47_191109_LF_LIB_consensus_vsearch	1967	T	T	441	4	0.89%	2	2	93	93	0.062078415508149166	1	1	385	56	3	1	-G
D11_BC47_191109_LF_LIB_consensus_vsearch	1968	G	G	440	2	0.45%	2	1	93	93	0.2497168742917677	1	1	384	56	2	0	A
D11_BC47_191109_LF_LIB_consensus_vsearch	1969	C	*/+T	424	7	1.56%	2	1	93	93	0.007623059056742502	1	1	372	52	7	0	+T
D11_BC47_191109_LF_LIB_consensus_vsearch	1970	A	R	422	12	2.68%	2	1	93	93	2.2603374744065776E-4	1	1	366	56	12	0	G
D11_BC47_191109_LF_LIB_consensus_vsearch	1971	C	Y	426	10	2.26%	2	2	93	93	9.269167954843176E-4	1	1	377	49	5	5	T
D11_BC47_191109_LF_LIB_consensus_vsearch	1972	A	A	431	6	1.37%	2	1	93	93	0.015357453553398438	1	1	375	56	6	0	G
D11_BC47_191109_LF_LIB_consensus_vsearch	1973	A	R	437	8	1.78%	2	2	93	93	0.00378425644253265	1	1	385	52	7	1	G
D11_BC47_191109_LF_LIB_consensus_vsearch	1974	C	C	437	5	1.11%	2	1	93	93	0.03089669543126854	1	1	389	48	0	5	+T
D11_BC47_191109_LF_LIB_consensus_vsearch	1975	T	*/+C	403	33	7.38%	2	2	93	93	6.20575027433931E-11	1	1	356	47	29	4	+C
D11_BC47_191109_LF_LIB_consensus_vsearch	1976	C	C	437	3	0.67%	2	2	93	93	0.12457337883968563	1	1	388	49	1	2	-G
D11_BC47_191109_LF_LIB_consensus_vsearch	1977	G	R	409	26	5.84%	2	1	93	93	1.0140503941896291E-8	1	1	359	50	26	0	A
D11_BC47_191109_LF_LIB_consensus_vsearch	1978	G	G	438	6	1.34%	2	1	93	93	0.01536166199729829	1	1	384	54	6	0	+A
D11_BC47_191109_LF_LIB_consensus_vsearch	1979	G	G	451	0	0%	2	0	93	0	1.0	1	0	394	57	0	0	
D11_BC47_191109_LF_LIB_consensus_vsearch	1980	T	T	446	2	0.44%	2	1	93	93	0.24972067039122897	1	1	389	57	2	0	+G
D11_BC47_191109_LF_LIB_consensus_vsearch	1981	C	*/-A	422	24	5.33%	2	1	93	93	4.3375967580996214E-8	1	1	365	57	24	0	-A
D11_BC47_191109_LF_LIB_consensus_vsearch	1982	A	A	416	4	0.94%	2	1	93	93	0.06205330633414946	1	1	359	57	4	0	G
D11_BC47_191109_LF_LIB_consensus_vsearch	1983	A	A	436	5	1.11%	2	2	93	93	0.030895894751978216	1	1	381	55	4	1	G
D11_BC47_191109_LF_LIB_consensus_vsearch	1984	G	G	442	2	0.45%	2	1	93	93	0.2497181510708481	1	1	385	57	2	0	+A
D11_BC47_191109_LF_LIB_consensus_vsearch	1985	G	G	439	2	0.45%	2	1	93	93	0.2497162315547306	1	1	383	56	2	0	+A
D11_BC47_191109_LF_LIB_consensus_vsearch	1986	C	*/-G	383	37	8.3%	2	2	93	93	3.175346713805546E-12	1	1	343	40	22	15	-G
D11_BC47_191109_LF_LIB_consensus_vsearch	1987	G	R	366	39	9.58%	2	1	93	93	6.958757777365159E-13	1	1	326	40	39	0	A
D11_BC47_191109_LF_LIB_consensus_vsearch	1988	G	R	433	8	1.8%	2	1	93	93	0.003783158179516694	1	1	379	54	8	0	A
D11_BC47_191109_LF_LIB_consensus_vsearch	1989	G	*/-A	415	31	6.87%	2	2	93	93	2.71398896207431E-10	1	1	360	55	29	2	-A
D11_BC47_191109_LF_LIB_consensus_vsearch	1990	A	A	410	3	0.72%	2	1	93	93	0.12454545454545793	1	1	355	55	3	0	-GCC
D11_BC47_191109_LF_LIB_consensus_vsearch	1991	G	*/-C	396	35	7.88%	2	2	93	93	1.4177106148539204E-11	1	1	345	51	32	3	-C
D11_BC47_191109_LF_LIB_consensus_vsearch	1992	C	Y	400	8	1.94%	2	2	93	93	0.003773282523885913	1	1	349	51	5	3	T
D11_BC47_191109_LF_LIB_consensus_vsearch	1993	C	*/-A	416	13	2.9%	2	2	93	93	1.1131241336260559E-4	1	1	367	49	10	3	-A
D11_BC47_191109_LF_LIB_consensus_vsearch	1994	A	A	422	4	0.92%	2	1	93	93	0.062059601466603075	1	1	373	49	4	0	G
D11_BC47_191109_LF_LIB_consensus_vsearch	1995	A	W	434	7	1.57%	2	2	93	93	0.007627335039353406	1	1	385	49	3	4	T
D11_BC47_191109_LF_LIB_consensus_vsearch	1996	G	R	415	19	4.25%	2	1	93	93	1.5595595089671119E-6	1	1	358	57	19	0	A
D11_BC47_191109_LF_LIB_consensus_vsearch	1997	C	C	437	1	0.23%	2	1	93	93	0.4999999999999138	1	1	382	55	1	0	+G
D11_BC47_191109_LF_LIB_consensus_vsearch	1998	C	C	438	6	1.34%	2	2	93	93	0.01536166199729829	1	1	385	53	3	3	-A
D11_BC47_191109_LF_LIB_consensus_vsearch	1999	A	A	431	6	1.35%	2	1	93	93	0.015357453553398438	1	1	377	54	6	0	-G
D11_BC47_191109_LF_LIB_consensus_vsearch	2000	G	*/-A	437	7	1.57%	2	1	93	93	0.007628580447648388	1	1	380	57	7	0	-A
D11_BC47_191109_LF_LIB_consensus_vsearch	2001	A	A	435	4	0.9%	2	2	93	93	0.06207265026891802	1	1	381	54	3	1	-T
D11_BC47_191109_LF_LIB_consensus_vsearch	2002	T	T	437	4	0.9%	2	1	93	93	0.062074589455845104	1	1	384	53	4	0	G
D11_BC47_191109_LF_LIB_consensus_vsearch	2003	T	T	443	3	0.67%	2	2	93	93	0.12457912457918291	1	1	389	54	2	1	-C
D11_BC47_191109_LF_LIB_consensus_vsearch	2004	C	C	441	4	0.89%	2	2	93	93	0.062078415508149166	1	1	386	55	3	1	-A
D11_BC47_191109_LF_LIB_consensus_vsearch	2005	A	A	439	3	0.67%	2	1	93	93	0.12457531143833234	1	1	384	55	3	0	T
D11_BC47_191109_LF_LIB_consensus_vsearch	2006	C	*/-AC	431	9	2%	2	2	93	93	0.0018740875957096264	1	1	378	53	6	3	-AC
D11_BC47_191109_LF_LIB_consensus_vsearch	2007	A	R	421	15	3.42%	2	1	93	93	2.7000302846488012E-5	1	1	367	54	15	0	G
D11_BC47_191109_LF_LIB_consensus_vsearch	2008	C	*/-TT	411	17	3.87%	2	1	93	93	6.4882764964716394E-6	1	1	362	49	17	0	-TT
D11_BC47_191109_LF_LIB_consensus_vsearch	2009	T	T	421	5	1.17%	2	1	93	93	0.030883433748668913	1	1	365	56	5	0	C
D11_BC47_191109_LF_LIB_consensus_vsearch	2010	T	T	425	5	1.16%	2	2	93	93	0.03088684163697732	1	1	370	55	4	1	C
D11_BC47_191109_LF_LIB_consensus_vsearch	2011	T	T	444	4	0.89%	2	1	93	93	0.06208124018598929	1	1	388	56	4	0	C
D11_BC47_191109_LF_LIB_consensus_vsearch	2012	G	G	446	3	0.67%	2	1	93	93	0.1245819397993151	1	1	389	57	3	0	-A
D11_BC47_191109_LF_LIB_consensus_vsearch	2013	A	*/-G	431	7	1.56%	2	1	93	93	0.007626072650234986	1	1	375	56	7	0	-G
D11_BC47_191109_LF_LIB_consensus_vsearch	2014	G	G	438	4	0.9%	2	1	93	93	0.0620755524648183	1	1	382	56	4	0	A
D11_BC47_191109_LF_LIB_consensus_vsearch	2015	C	C	447	1	0.22%	2	1	93	93	0.5000000000008233	1	1	392	55	1	0	+A
D11_BC47_191109_LF_LIB_consensus_vsearch	2016	T	T	449	1	0.22%	2	1	93	93	0.4999999999990043	1	1	393	56	1	0	C
D11_BC47_191109_LF_LIB_consensus_vsearch	2017	C	C	445	4	0.89%	2	2	93	93	0.0620821733525388	1	1	391	54	2	2	-T
D11_BC47_191109_LF_LIB_consensus_vsearch	2018	T	T	439	4	0.9%	2	1	93	93	0.06207651112360454	1	1	384	55	4	0	C
D11_BC47_191109_LF_LIB_consensus_vsearch	2019	T	*/-C	365	65	14.44%	2	2	93	93	1.9781087847554385E-21	1	1	326	39	50	15	-C
D11_BC47_191109_LF_LIB_consensus_vsearch	2020	C	C	377	2	0.52%	2	1	93	93	0.2496697490095177	1	1	339	38	0	2	+T
D11_BC47_191109_LF_LIB_consensus_vsearch	2021	C	C	443	3	0.67%	2	1	93	93	0.12457912457918291	1	1	390	53	0	3	+T
D11_BC47_191109_LF_LIB_consensus_vsearch	2022	C	C	443	2	0.45%	2	1	93	93	0.2497187851519112	1	1	387	56	2	0	-T
D11_BC47_191109_LF_LIB_consensus_vsearch	2023	T	T	435	4	0.89%	2	2	93	93	0.06207265026891802	1	1	384	51	1	3	-CT
D11_BC47_191109_LF_LIB_consensus_vsearch	2024	C	C	435	4	0.9%	2	2	93	93	0.06207265026891802	1	1	390	45	1	3	-TTC
D11_BC47_191109_LF_LIB_consensus_vsearch	2025	T	T	439	1	0.23%	2	1	93	93	0.5000000000008233	1	1	391	48	1	0	C
D11_BC47_191109_LF_LIB_consensus_vsearch	2026	T	T	437	3	0.67%	2	1	93	93	0.12457337883968563	1	1	384	53	3	0	+C
D11_BC47_191109_LF_LIB_consensus_vsearch	2027	C	*/-A	427	11	2.47%	2	1	93	93	4.5821703849988575E-4	1	1	374	53	11	0	-A
D11_BC47_191109_LF_LIB_consensus_vsearch	2028	A	A	425	3	0.69%	2	1	93	93	0.12456140350894482	1	1	368	57	3	0	-C
D11_BC47_191109_LF_LIB_consensus_vsearch	2029	C	C	442	1	0.23%	2	1	93	93	0.4999999999990043	1	1	387	55	0	1	-T
D11_BC47_191109_LF_LIB_consensus_vsearch	2030	T	*/-C	437	8	1.78%	2	2	93	93	0.00378425644253265	1	1	388	49	2	6	-C
D11_BC47_191109_LF_LIB_consensus_vsearch	2031	C	*/+TC	424	9	2.03%	2	1	93	93	0.0018728240442215458	1	1	373	51	9	0	+TC
D11_BC47_191109_LF_LIB_consensus_vsearch	2032	G	G	432	5	1.11%	2	1	93	93	0.03089265541177198	1	1	377	55	5	0	-C
D11_BC47_191109_LF_LIB_consensus_vsearch	2033	C	C	431	4	0.9%	2	1	93	93	0.06206871836935933	1	1	376	55	4	0	+GC
D11_BC47_191109_LF_LIB_consensus_vsearch	2034	C	C	437	6	1.34%	2	2	93	93	0.01536106891501191	1	1	384	53	4	2	T
D11_BC47_191109_LF_LIB_consensus_vsearch	2035	G	G	438	3	0.67%	2	1	93	93	0.12457434733248252	1	1	383	55	3	0	A
D11_BC47_191109_LF_LIB_consensus_vsearch	2036	T	T	439	3	0.67%	2	1	93	93	0.12457531143833234	1	1	383	56	3	0	G
D11_BC47_191109_LF_LIB_consensus_vsearch	2037	T	T	445	1	0.22%	2	1	93	93	0.4999999999999138	1	1	388	57	1	0	-A
D11_BC47_191109_LF_LIB_consensus_vsearch	2038	A	A	440	4	0.89%	2	1	93	93	0.06207746546158639	1	1	383	57	4	0	G
D11_BC47_191109_LF_LIB_consensus_vsearch	2039	C	C	441	2	0.45%	2	1	93	93	0.24971751412472734	1	1	386	55	0	2	+T
D11_BC47_191109_LF_LIB_consensus_vsearch	2040	T	*/+G	173	220	49.22%	2	2	93	93	6.501989703007294E-86	1	1	149	24	193	27	+G
D11_BC47_191109_LF_LIB_consensus_vsearch	2041	G	G	411	1	0.24%	2	1	93	93	0.4999999999999138	1	1	356	55	1	0	+A
D11_BC47_191109_LF_LIB_consensus_vsearch	2042	G	G	436	1	0.23%	2	1	93	93	0.5000000000008233	1	1	379	57	1	0	+A
D11_BC47_191109_LF_LIB_consensus_vsearch	2043	G	G	440	5	1.12%	2	1	93	93	0.030899075890599485	1	1	383	57	5	0	A
D11_BC47_191109_LF_LIB_consensus_vsearch	2044	G	*/-A	437	7	1.55%	2	1	93	93	0.007628580447648388	1	1	380	57	7	0	-A
D11_BC47_191109_LF_LIB_consensus_vsearch	2045	A	A	440	3	0.68%	2	1	93	93	0.1245762711863649	1	1	383	57	3	0	G
D11_BC47_191109_LF_LIB_consensus_vsearch	2046	A	A	440	4	0.89%	2	1	93	93	0.06207746546158639	1	1	387	53	4	0	G
D11_BC47_191109_LF_LIB_consensus_vsearch	2047	T	*/-C	433	11	2.46%	2	1	93	93	4.5861543978572406E-4	1	1	381	52	11	0	-C
D11_BC47_191109_LF_LIB_consensus_vsearch	2048	C	C	435	2	0.46%	2	1	93	93	0.24971363115699957	1	1	381	54	0	2	+T
D11_BC47_191109_LF_LIB_consensus_vsearch	2049	C	C	438	4	0.89%	2	1	93	93	0.0620755524648183	1	1	388	50	4	0	+T
D11_BC47_191109_LF_LIB_consensus_vsearch	2050	T	T	446	1	0.22%	2	1	93	93	0.5000000000008233	1	1	392	54	1	0	A
D11_BC47_191109_LF_LIB_consensus_vsearch	2051	T	T	446	1	0.22%	2	1	93	93	0.5000000000008233	1	1	389	57	1	0	+A
D11_BC47_191109_LF_LIB_consensus_vsearch	2052	G	G	444	3	0.67%	2	2	93	93	0.12458006718908442	1	1	389	55	2	1	A
D11_BC47_191109_LF_LIB_consensus_vsearch	2053	T	K	434	8	1.78%	2	1	93	93	0.0037834345948323136	1	1	382	52	8	0	G
D11_BC47_191109_LF_LIB_consensus_vsearch	2054	T	T	437	6	1.33%	2	2	93	93	0.01536106891501191	1	1	383	54	3	3	-A
D11_BC47_191109_LF_LIB_consensus_vsearch	2055	A	R	434	7	1.58%	2	2	93	93	0.007627335039353406	1	1	381	53	6	1	G
D11_BC47_191109_LF_LIB_consensus_vsearch	2056	G	*/+T	414	13	2.91%	2	1	93	93	1.1126360633158358E-4	1	1	359	55	13	0	+T
D11_BC47_191109_LF_LIB_consensus_vsearch	2057	T	Y	424	9	2.06%	2	2	93	93	0.0018728240442215458	1	1	373	51	3	6	C
D11_BC47_191109_LF_LIB_consensus_vsearch	2058	T	T	448	3	0.67%	2	1	93	93	0.12458379578250524	1	1	391	57	3	0	C
D11_BC47_191109_LF_LIB_consensus_vsearch	2059	T	T	442	2	0.44%	2	1	93	93	0.2497181510708481	1	1	392	50	0	2	-CT
D11_BC47_191109_LF_LIB_consensus_vsearch	2060	C	*/-T	399	26	5.84%	2	2	93	93	1.0046237206982396E-8	1	1	364	35	20	6	-T
D11_BC47_191109_LF_LIB_consensus_vsearch	2061	T	T	413	3	0.72%	2	1	93	93	0.12454873646208127	1	1	370	43	3	0	C
D11_BC47_191109_LF_LIB_consensus_vsearch	2062	T	T	442	3	0.67%	2	2	93	93	0.12457817772799688	1	1	391	51	2	1	C
D11_BC47_191109_LF_LIB_consensus_vsearch	2063	T	T	447	2	0.44%	2	2	93	93	0.24972129319990002	1	1	393	54	1	1	C
D11_BC47_191109_LF_LIB_consensus_vsearch	2064	T	*/-C	432	15	3.33%	2	2	93	93	2.7083142079970986E-5	1	1	383	49	7	8	-C
D11_BC47_191109_LF_LIB_consensus_vsearch	2065	C	*/+A	426	7	1.61%	2	1	93	93	0.007623929979105209	1	1	378	48	7	0	+A
D11_BC47_191109_LF_LIB_consensus_vsearch	2066	C	C	449	1	0.22%	2	1	93	93	0.4999999999990043	1	1	393	56	0	1	-TCC
D11_BC47_191109_LF_LIB_consensus_vsearch	2067	T	*/+C	438	7	1.56%	2	1	93	93	0.007628991869306366	1	1	382	56	7	0	+C
D11_BC47_191109_LF_LIB_consensus_vsearch	2068	C	C	444	1	0.22%	2	1	93	93	0.5000000000008233	1	1	388	56	1	0	A
D11_BC47_191109_LF_LIB_consensus_vsearch	2069	C	*/-G	434	12	2.67%	2	1	93	93	2.2650904494607855E-4	1	1	378	56	12	0	-G
D11_BC47_191109_LF_LIB_consensus_vsearch	2070	G	G	433	4	0.91%	2	1	93	93	0.06207069332172113	1	1	376	57	4	0	A
D11_BC47_191109_LF_LIB_consensus_vsearch	2071	C	M	431	10	2.22%	2	1	93	93	9.274712732448419E-4	1	1	375	56	10	0	A
D11_BC47_191109_LF_LIB_consensus_vsearch	2072	T	T	439	3	0.67%	2	1	93	93	0.12457531143833234	1	1	384	55	3	0	+A
D11_BC47_191109_LF_LIB_consensus_vsearch	2073	G	*/-A	443	7	1.55%	2	1	93	93	0.00763102167395619	1	1	386	57	7	0	-A
D11_BC47_191109_LF_LIB_consensus_vsearch	2074	A	A	438	2	0.45%	2	1	93	93	0.24971558589274387	1	1	381	57	2	0	G
D11_BC47_191109_LF_LIB_consensus_vsearch	2075	A	A	449	1	0.22%	2	1	93	93	0.4999999999990043	1	1	392	57	1	0	-T
D11_BC47_191109_LF_LIB_consensus_vsearch	2076	T	*/-AAT	432	11	2.44%	2	2	93	93	4.5854977422456113E-4	1	1	380	52	7	4	-AAT
D11_BC47_191109_LF_LIB_consensus_vsearch	2077	A	A	432	1	0.23%	2	1	93	93	0.5000000000008233	1	1	380	52	1	0	+GCCA
D11_BC47_191109_LF_LIB_consensus_vsearch	2078	A	R	423	12	2.73%	2	2	93	93	2.2607433164831964E-4	1	1	372	51	11	1	G
D11_BC47_191109_LF_LIB_consensus_vsearch	2079	T	*/+A	424	8	1.83%	2	1	93	93	0.0037806132981311326	1	1	372	52	8	0	+A
D11_BC47_191109_LF_LIB_consensus_vsearch	2080	A	A	430	6	1.34%	2	2	93	93	0.015356841341651906	1	1	375	55	5	1	G
D11_BC47_191109_LF_LIB_consensus_vsearch	2081	T	T	422	5	1.13%	2	1	93	93	0.030884291702852337	1	1	366	56	5	0	-G
D11_BC47_191109_LF_LIB_consensus_vsearch	2082	G	R	426	7	1.59%	2	1	93	93	0.007623929979105209	1	1	370	56	7	0	A
D11_BC47_191109_LF_LIB_consensus_vsearch	2083	C	*/-T	426	7	1.57%	2	2	93	93	0.007623929979105209	1	1	373	53	6	1	-T
D11_BC47_191109_LF_LIB_consensus_vsearch	2084	T	Y	429	7	1.61%	2	2	93	93	0.007625221451403564	1	1	374	55	6	1	C
D11_BC47_191109_LF_LIB_consensus_vsearch	2085	T	Y	421	9	2.03%	2	2	93	93	0.0018722700711233777	1	1	365	56	8	1	C
D11_BC47_191109_LF_LIB_consensus_vsearch	2086	A	A	444	1	0.22%	2	1	93	93	0.5000000000008233	1	1	387	57	1	0	+C
D11_BC47_191109_LF_LIB_consensus_vsearch	2087	A	A	449	0	0%	2	0	93	0	1.0	1	0	392	57	0	0	
D11_BC47_191109_LF_LIB_consensus_vsearch	2088	A	A	447	2	0.45%	2	1	93	93	0.24972129319990002	1	1	390	57	2	0	G
D11_BC47_191109_LF_LIB_consensus_vsearch	2089	T	T	440	4	0.89%	2	2	93	93	0.06207746546158639	1	1	385	55	3	1	+C
D11_BC47_191109_LF_LIB_consensus_vsearch	2090	C	*/-A	423	14	3.12%	2	2	93	93	5.490987823300768E-5	1	1	368	55	12	2	-A
D11_BC47_191109_LF_LIB_consensus_vsearch	2091	A	A	433	2	0.46%	2	1	93	93	0.2497123130030455	1	1	378	55	2	0	G
D11_BC47_191109_LF_LIB_consensus_vsearch	2092	A	A	442	5	1.11%	2	2	93	93	0.03090064512242186	1	1	386	56	4	1	G
D11_BC47_191109_LF_LIB_consensus_vsearch	2093	G	R	410	15	3.35%	2	1	93	93	2.691337414475154E-5	1	1	358	52	15	0	A
D11_BC47_191109_LF_LIB_consensus_vsearch	2094	C	*/-G	416	18	4.03%	2	2	93	93	3.1865999582179456E-6	1	1	369	47	15	3	-G
D11_BC47_191109_LF_LIB_consensus_vsearch	2095	G	R	394	31	7.23%	2	2	93	93	2.63989291488005E-10	1	1	344	50	30	1	A
D11_BC47_191109_LF_LIB_consensus_vsearch	2096	G	G	445	3	0.67%	2	2	93	93	0.12458100558661131	1	1	389	56	2	1	A
D11_BC47_191109_LF_LIB_consensus_vsearch	2097	G	G	441	5	1.11%	2	2	93	93	0.030899862264693823	1	1	386	55	4	1	A
D11_BC47_191109_LF_LIB_consensus_vsearch	2098	T	T	441	4	0.89%	2	2	93	93	0.062078415508149166	1	1	386	55	2	2	-C
D11_BC47_191109_LF_LIB_consensus_vsearch	2099	C	C	444	2	0.45%	2	1	93	93	0.24971941638606426	1	1	389	55	2	0	-A
D11_BC47_191109_LF_LIB_consensus_vsearch	2100	A	A	444	3	0.67%	2	1	93	93	0.12458006718908442	1	1	387	57	3	0	G
D11_BC47_191109_LF_LIB_consensus_vsearch	2101	T	*/-C	384	23	5.1%	2	2	93	93	8.659062271310187E-8	1	1	329	55	22	1	-C
D11_BC47_191109_LF_LIB_consensus_vsearch	2102	C	C	407	1	0.24%	2	1	93	93	0.5000000000008233	1	1	351	56	1	0	+AT
D11_BC47_191109_LF_LIB_consensus_vsearch	2103	C	C	424	3	0.69%	2	1	93	93	0.12456037514670402	1	1	370	54	0	3	+TG
D11_BC47_191109_LF_LIB_consensus_vsearch	2104	C	*/-AC	406	22	4.9%	2	1	93	93	1.8076265748958188E-7	1	1	356	50	22	0	-AC
D11_BC47_191109_LF_LIB_consensus_vsearch	2105	A	*/-C	365	24	5.8%	2	1	93	93	4.1341604032394113E-8	1	1	310	55	24	0	-C
D11_BC47_191109_LF_LIB_consensus_vsearch	2106	C	C	377	6	1.55%	2	2	93	93	0.01531983153360656	1	1	322	55	4	2	T
D11_BC47_191109_LF_LIB_consensus_vsearch	2107	C	S	395	35	8.05%	2	1	93	93	1.4152408875957733E-11	1	1	338	57	35	0	G
D11_BC47_191109_LF_LIB_consensus_vsearch	2108	C	Y	436	9	2%	2	2	93	93	0.0018749660605302289	1	1	381	55	7	2	T
D11_BC47_191109_LF_LIB_consensus_vsearch	2109	A	A	443	1	0.22%	2	1	93	93	0.4999999999999138	1	1	386	57	1	0	+T
D11_BC47_191109_LF_LIB_consensus_vsearch	2110	A	R	432	10	2.22%	2	1	93	93	9.275806861447792E-4	1	1	375	57	10	0	G
D11_BC47_191109_LF_LIB_consensus_vsearch	2111	C	C	432	5	1.12%	2	1	93	93	0.03089265541177198	1	1	375	57	5	0	+T
D11_BC47_191109_LF_LIB_consensus_vsearch	2112	T	*/+G	423	8	1.81%	2	2	93	93	0.003780324023462628	1	1	372	51	3	5	+G
D11_BC47_191109_LF_LIB_consensus_vsearch	2113	G	G	434	4	0.89%	2	1	93	93	0.062071674030406296	1	1	377	57	4	0	C
D11_BC47_191109_LF_LIB_consensus_vsearch	2114	A	*/-G	421	10	2.25%	2	1	93	93	9.263496519144309E-4	1	1	365	56	10	0	-G
D11_BC47_191109_LF_LIB_consensus_vsearch	2115	G	G	434	2	0.46%	2	1	93	93	0.24971297359331265	1	1	378	56	2	0	+A
D11_BC47_191109_LF_LIB_consensus_vsearch	2116	G	G	436	5	1.11%	2	1	93	93	0.030895894751978216	1	1	379	57	5	0	-C
D11_BC47_191109_LF_LIB_consensus_vsearch	2117	C	C	439	6	1.35%	2	1	93	93	0.015362252420215997	1	1	382	57	6	0	T
D11_BC47_191109_LF_LIB_consensus_vsearch	2118	C	C	440	5	1.11%	2	1	93	93	0.030899075890599485	1	1	385	55	5	0	T
D11_BC47_191109_LF_LIB_consensus_vsearch	2119	A	A	445	2	0.45%	2	1	93	93	0.2497200447932722	1	1	390	55	2	0	G
D11_BC47_191109_LF_LIB_consensus_vsearch	2120	A	A	444	3	0.67%	2	1	93	93	0.12458006718908442	1	1	390	54	3	0	G
D11_BC47_191109_LF_LIB_consensus_vsearch	2121	T	T	447	1	0.22%	2	1	93	93	0.5000000000008233	1	1	393	54	0	1	C
D11_BC47_191109_LF_LIB_consensus_vsearch	2122	T	T	447	1	0.22%	2	1	93	93	0.5000000000008233	1	1	392	55	1	0	+G
D11_BC47_191109_LF_LIB_consensus_vsearch	2123	T	T	437	4	0.89%	2	1	93	93	0.062074589455845104	1	1	382	55	4	0	+C
D11_BC47_191109_LF_LIB_consensus_vsearch	2124	C	*/-A	426	12	2.68%	2	1	93	93	2.2619500050778872E-4	1	1	371	55	12	0	-A
D11_BC47_191109_LF_LIB_consensus_vsearch	2125	A	R	403	19	4.35%	2	2	93	93	1.5504569431294141E-6	1	1	348	55	18	1	G
D11_BC47_191109_LF_LIB_consensus_vsearch	2126	T	Y	400	27	6.04%	2	2	93	93	4.874660337766869E-9	1	1	347	53	25	2	C
D11_BC47_191109_LF_LIB_consensus_vsearch	2127	A	A	424	3	0.7%	2	1	93	93	0.12456037514670402	1	1	369	55	3	0	C
D11_BC47_191109_LF_LIB_consensus_vsearch	2128	A	R	431	14	3.12%	2	1	93	93	5.501599410545798E-5	1	1	374	57	14	0	G
D11_BC47_191109_LF_LIB_consensus_vsearch	2129	T	T	438	5	1.11%	2	1	93	93	0.03089749249800421	1	1	382	56	5	0	-G
D11_BC47_191109_LF_LIB_consensus_vsearch	2130	G	*/-TG	422	11	2.47%	2	2	93	93	4.57876773436784E-4	1	1	371	51	5	6	-TG
D11_BC47_191109_LF_LIB_consensus_vsearch	2131	T	T	435	2	0.46%	2	1	93	93	0.24971363115699957	1	1	384	51	2	0	-GC
D11_BC47_191109_LF_LIB_consensus_vsearch	2132	G	G	432	1	0.23%	2	1	93	93	0.5000000000008233	1	1	381	51	1	0	+TG
D11_BC47_191109_LF_LIB_consensus_vsearch	2133	C	C	442	2	0.45%	2	1	93	93	0.2497181510708481	1	1	387	55	0	2	+A
D11_BC47_191109_LF_LIB_consensus_vsearch	2134	A	A	447	1	0.22%	2	1	93	93	0.5000000000008233	1	1	390	57	1	0	+GC
D11_BC47_191109_LF_LIB_consensus_vsearch	2135	A	R	375	67	14.89%	2	1	93	93	4.519648854993133E-22	1	1	319	56	67	0	G
D11_BC47_191109_LF_LIB_consensus_vsearch	2136	C	C	441	4	0.89%	2	2	93	93	0.062078415508149166	1	1	387	54	3	1	-A
D11_BC47_191109_LF_LIB_consensus_vsearch	2137	A	R	435	8	1.79%	2	1	93	93	0.0037837097715777354	1	1	380	55	8	0	G
D11_BC47_191109_LF_LIB_consensus_vsearch	2138	G	R	435	10	2.23%	2	1	93	93	9.279060186061013E-4	1	1	380	55	10	0	A
D11_BC47_191109_LF_LIB_consensus_vsearch	2139	C	C	442	3	0.67%	2	1	93	93	0.12457817772799688	1	1	386	56	3	0	-TAT
D11_BC47_191109_LF_LIB_consensus_vsearch	2140	T	Y	430	9	2.01%	2	1	93	93	0.0018739095280781474	1	1	382	48	0	9	C
D11_BC47_191109_LF_LIB_consensus_vsearch	2141	A	R	419	9	2.05%	2	1	93	93	0.0018718964903564012	1	1	363	56	9	0	G
D11_BC47_191109_LF_LIB_consensus_vsearch	2142	T	*/+G	404	16	3.71%	2	1	93	93	1.3191918461060696E-5	1	1	348	56	16	0	+G
D11_BC47_191109_LF_LIB_consensus_vsearch	2143	G	*/+C	422	11	2.48%	2	1	93	93	4.57876773436784E-4	1	1	368	54	11	0	+C
D11_BC47_191109_LF_LIB_consensus_vsearch	2144	A	A	439	2	0.45%	2	1	93	93	0.2497162315547306	1	1	386	53	2	0	+G
D11_BC47_191109_LF_LIB_consensus_vsearch	2145	A	*/-G	435	11	2.45%	2	2	93	93	4.587459048221758E-4	1	1	381	54	10	1	-G
D11_BC47_191109_LF_LIB_consensus_vsearch	2146	G	R	419	17	3.86%	2	1	93	93	6.507968392941904E-6	1	1	363	56	17	0	A
D11_BC47_191109_LF_LIB_consensus_vsearch	2147	C	C	438	6	1.34%	2	1	93	93	0.01536166199729829	1	1	384	54	6	0	A
D11_BC47_191109_LF_LIB_consensus_vsearch	2148	C	Y	432	18	3.99%	2	2	93	93	3.2074585795037237E-6	1	1	383	49	10	8	T
D11_BC47_191109_LF_LIB_consensus_vsearch	2149	A	A	446	1	0.22%	2	1	93	93	0.5000000000008233	1	1	391	55	0	1	+C
D11_BC47_191109_LF_LIB_consensus_vsearch	2150	T	T	447	3	0.67%	2	1	93	93	0.12458286985565502	1	1	390	57	3	0	-C
D11_BC47_191109_LF_LIB_consensus_vsearch	2151	C	C	442	2	0.45%	2	1	93	93	0.2497181510708481	1	1	385	57	2	0	-AC
D11_BC47_191109_LF_LIB_consensus_vsearch	2152	A	A	439	3	0.67%	2	1	93	93	0.12457531143833234	1	1	382	57	3	0	G
D11_BC47_191109_LF_LIB_consensus_vsearch	2153	C	C	440	2	0.45%	2	1	93	93	0.2497168742917677	1	1	383	57	2	0	-T
D11_BC47_191109_LF_LIB_consensus_vsearch	2154	T	*/-A	436	7	1.57%	2	1	93	93	0.007628167177128368	1	1	380	56	7	0	-A
D11_BC47_191109_LF_LIB_consensus_vsearch	2155	A	*/-T	349	82	18.55%	2	1	93	93	2.912464648829311E-27	1	1	294	55	82	0	-T
D11_BC47_191109_LF_LIB_consensus_vsearch	2156	T	T	357	6	1.63%	2	1	93	93	0.015303064911388683	1	1	302	55	6	0	G
D11_BC47_191109_LF_LIB_consensus_vsearch	2157	T	T	446	3	0.67%	2	1	93	93	0.1245819397993151	1	1	389	57	3	0	G
D11_BC47_191109_LF_LIB_consensus_vsearch	2158	T	T	439	5	1.11%	2	1	93	93	0.030898285976353152	1	1	382	57	5	0	+A
D11_BC47_191109_LF_LIB_consensus_vsearch	2159	G	*/-C	428	9	2.01%	2	1	93	93	0.0018735509751739627	1	1	371	57	9	0	-C
D11_BC47_191109_LF_LIB_consensus_vsearch	2160	C	C	431	3	0.69%	2	1	93	93	0.12456747404820136	1	1	374	57	3	0	A
D11_BC47_191109_LF_LIB_consensus_vsearch	2161	C	C	440	1	0.23%	2	1	93	93	0.4999999999999138	1	1	383	57	1	0	+T
D11_BC47_191109_LF_LIB_consensus_vsearch	2162	C	*/-A	432	8	1.79%	2	1	93	93	0.0037828805172695963	1	1	376	56	8	0	-A
D11_BC47_191109_LF_LIB_consensus_vsearch	2163	A	*/-G	317	85	19.36%	2	2	93	93	1.7889458965270912E-28	1	1	267	50	80	5	-G
D11_BC47_191109_LF_LIB_consensus_vsearch	2164	G	G	357	4	1.1%	2	1	93	93	0.061980250733583715	1	1	305	52	4	0	+A
D11_BC47_191109_LF_LIB_consensus_vsearch	2165	G	G	446	3	0.67%	2	1	93	93	0.1245819397993151	1	1	389	57	3	0	A
D11_BC47_191109_LF_LIB_consensus_vsearch	2166	G	G	442	5	1.11%	2	1	93	93	0.03090064512242186	1	1	385	57	5	0	+A
D11_BC47_191109_LF_LIB_consensus_vsearch	2167	G	G	446	2	0.44%	2	1	93	93	0.24972067039122897	1	1	389	57	2	0	C
D11_BC47_191109_LF_LIB_consensus_vsearch	2168	C	*/+A	433	9	2%	2	1	93	93	0.001874441340367089	1	1	378	55	9	0	+A
D11_BC47_191109_LF_LIB_consensus_vsearch	2169	G	*/-A	439	9	2%	2	2	93	93	0.0018754838294876201	1	1	383	56	8	1	-A
D11_BC47_191109_LF_LIB_consensus_vsearch	2170	A	A	435	3	0.68%	2	2	93	93	0.12457142857152662	1	1	380	55	2	1	G
D11_BC47_191109_LF_LIB_consensus_vsearch	2171	G	*/-T	438	8	1.78%	2	1	93	93	0.0037845279531252564	1	1	381	57	8	0	-T
D11_BC47_191109_LF_LIB_consensus_vsearch	2172	T	T	434	5	1.13%	2	1	93	93	0.030894282456439635	1	1	382	52	0	5	C
D11_BC47_191109_LF_LIB_consensus_vsearch	2173	T	T	450	1	0.22%	2	1	93	93	0.5000000000008233	1	1	393	57	1	0	C
D11_BC47_191109_LF_LIB_consensus_vsearch	2174	T	*/+G	423	16	3.55%	2	1	93	93	1.3276795323882159E-5	1	1	371	52	16	0	+G
D11_BC47_191109_LF_LIB_consensus_vsearch	2175	G	*/-A	406	34	7.59%	2	1	93	93	2.9997536609291965E-11	1	1	353	53	34	0	-A
D11_BC47_191109_LF_LIB_consensus_vsearch	2176	A	*/+G	395	7	1.69%	2	1	93	93	0.007609461804174083	1	1	340	55	7	0	+G
D11_BC47_191109_LF_LIB_consensus_vsearch	2177	A	*/-G	429	8	1.78%	2	2	93	93	0.0037820399638697363	1	1	373	56	7	1	-G
D11_BC47_191109_LF_LIB_consensus_vsearch	2178	G	R	402	30	6.82%	2	2	93	93	5.529276015204028E-10	1	1	347	55	29	1	A
D11_BC47_191109_LF_LIB_consensus_vsearch	2179	C	C	431	5	1.12%	2	1	93	93	0.03089183629518613	1	1	377	54	5	0	+A
D11_BC47_191109_LF_LIB_consensus_vsearch	2180	A	A	440	4	0.9%	2	1	93	93	0.06207746546158639	1	1	383	57	4	0	G
D11_BC47_191109_LF_LIB_consensus_vsearch	2181	G	G	437	6	1.33%	2	1	93	93	0.01536106891501191	1	1	383	54	6	0	T
D11_BC47_191109_LF_LIB_consensus_vsearch	2182	T	T	446	2	0.44%	2	1	93	93	0.24972067039122897	1	1	392	54	0	2	A
D11_BC47_191109_LF_LIB_consensus_vsearch	2183	G	R	433	11	2.45%	2	1	93	93	4.5861543978572406E-4	1	1	377	56	11	0	A
D11_BC47_191109_LF_LIB_consensus_vsearch	2184	C	C	443	1	0.23%	2	1	93	93	0.4999999999999138	1	1	388	55	0	1	A
D11_BC47_191109_LF_LIB_consensus_vsearch	2185	C	C	448	1	0.22%	2	1	93	93	0.5000000000008233	1	1	392	56	1	0	+GC
D11_BC47_191109_LF_LIB_consensus_vsearch	2186	A	A	441	3	0.67%	2	1	93	93	0.12457722660661777	1	1	386	55	3	0	G
D11_BC47_191109_LF_LIB_consensus_vsearch	2187	T	T	442	3	0.67%	2	1	93	93	0.12457817772799688	1	1	387	55	3	0	+G
D11_BC47_191109_LF_LIB_consensus_vsearch	2188	A	A	443	2	0.45%	2	1	93	93	0.2497187851519112	1	1	389	54	2	0	-G
D11_BC47_191109_LF_LIB_consensus_vsearch	2189	G	G	446	1	0.22%	2	1	93	93	0.5000000000008233	1	1	389	57	1	0	-A
D11_BC47_191109_LF_LIB_consensus_vsearch	2190	A	A	440	4	0.89%	2	1	93	93	0.06207746546158639	1	1	383	57	4	0	G
D11_BC47_191109_LF_LIB_consensus_vsearch	2191	T	T	443	2	0.45%	2	1	93	93	0.2497187851519112	1	1	388	55	0	2	-A
D11_BC47_191109_LF_LIB_consensus_vsearch	2192	A	A	442	1	0.22%	2	1	93	93	0.4999999999990043	1	1	388	54	1	0	+GC
D11_BC47_191109_LF_LIB_consensus_vsearch	2193	A	A	441	5	1.11%	2	1	93	93	0.030899862264693823	1	1	386	55	5	0	G
D11_BC47_191109_LF_LIB_consensus_vsearch	2194	C	*/+A	406	30	6.71%	2	2	93	93	5.556729380211432E-10	1	1	352	54	29	1	+A
D11_BC47_191109_LF_LIB_consensus_vsearch	2195	A	A	434	3	0.68%	2	2	93	93	0.12457044673541934	1	1	380	54	1	2	C
D11_BC47_191109_LF_LIB_consensus_vsearch	2196	A	A	437	4	0.89%	2	2	93	93	0.062074589455845104	1	1	383	54	3	1	-G
D11_BC47_191109_LF_LIB_consensus_vsearch	2197	G	K	414	25	5.59%	2	1	93	93	2.0968982613285846E-8	1	1	358	56	25	0	T
D11_BC47_191109_LF_LIB_consensus_vsearch	2198	T	T	441	4	0.89%	2	1	93	93	0.062078415508149166	1	1	384	57	4	0	+A
D11_BC47_191109_LF_LIB_consensus_vsearch	2199	G	*/-TG	425	8	1.8%	2	2	93	93	0.0037809012469126957	1	1	371	54	5	3	-TG
D11_BC47_191109_LF_LIB_consensus_vsearch	2200	T	T	433	2	0.45%	2	1	93	93	0.2497123130030455	1	1	380	53	2	0	-GC
D11_BC47_191109_LF_LIB_consensus_vsearch	2201	G	G	423	5	1.14%	2	1	93	93	0.030885145650365813	1	1	371	52	5	0	A
D11_BC47_191109_LF_LIB_consensus_vsearch	2202	C	C	434	3	0.67%	2	2	93	93	0.12457044673541934	1	1	381	53	2	1	A
D11_BC47_191109_LF_LIB_consensus_vsearch	2203	T	*/+G	416	18	4.03%	2	2	93	93	3.1865999582179456E-6	1	1	369	47	10	8	+G
D11_BC47_191109_LF_LIB_consensus_vsearch	2204	G	G	431	5	1.12%	2	1	93	93	0.03089183629518613	1	1	376	55	5	0	+A
D11_BC47_191109_LF_LIB_consensus_vsearch	2205	A	A	440	2	0.45%	2	1	93	93	0.2497168742917677	1	1	385	55	2	0	+GA
D11_BC47_191109_LF_LIB_consensus_vsearch	2206	A	A	434	4	0.89%	2	1	93	93	0.062071674030406296	1	1	379	55	4	0	+C
D11_BC47_191109_LF_LIB_consensus_vsearch	2207	G	R	431	8	1.8%	2	1	93	93	0.003782601599602771	1	1	376	55	8	0	A
D11_BC47_191109_LF_LIB_consensus_vsearch	2208	C	C	435	4	0.89%	2	1	93	93	0.06207265026891802	1	1	379	56	4	0	-A
D11_BC47_191109_LF_LIB_consensus_vsearch	2209	A	R	426	16	3.6%	2	1	93	93	1.3289564848969628E-5	1	1	369	57	16	0	G
D11_BC47_191109_LF_LIB_consensus_vsearch	2210	C	*/-TC	435	8	1.79%	2	1	93	93	0.0037837097715777354	1	1	388	47	0	8	-TC
D11_BC47_191109_LF_LIB_consensus_vsearch	2211	T	*/+C	411	11	2.49%	2	1	93	93	4.5710039589920393E-4	1	1	366	45	11	0	+C
D11_BC47_191109_LF_LIB_consensus_vsearch	2212	C	C	421	3	0.7%	2	1	93	93	0.12455726092075974	1	1	378	43	3	0	+A
D11_BC47_191109_LF_LIB_consensus_vsearch	2213	C	C	441	3	0.67%	2	1	93	93	0.12457722660661777	1	1	388	53	3	0	A
D11_BC47_191109_LF_LIB_consensus_vsearch	2214	T	T	443	2	0.45%	2	2	93	93	0.2497187851519112	1	1	390	53	1	1	-CT
D11_BC47_191109_LF_LIB_consensus_vsearch	2215	C	C	443	3	0.67%	2	2	93	93	0.12457912457918291	1	1	388	55	2	1	-T
D11_BC47_191109_LF_LIB_consensus_vsearch	2216	T	T	442	2	0.45%	2	1	93	93	0.2497181510708481	1	1	387	55	2	0	-G
D11_BC47_191109_LF_LIB_consensus_vsearch	2217	G	G	443	3	0.67%	2	1	93	93	0.12457912457918291	1	1	386	57	3	0	A
D11_BC47_191109_LF_LIB_consensus_vsearch	2218	C	*/-G	436	9	2%	2	1	93	93	0.0018749660605302289	1	1	380	56	9	0	-G
D11_BC47_191109_LF_LIB_consensus_vsearch	2219	G	R	407	11	2.49%	2	1	93	93	4.568081577093064E-4	1	1	352	55	11	0	A
D11_BC47_191109_LF_LIB_consensus_vsearch	2220	C	*/+A	392	15	3.42%	2	1	93	93	2.6761482303826905E-5	1	1	337	55	15	0	+A
D11_BC47_191109_LF_LIB_consensus_vsearch	2221	G	G	413	5	1.16%	2	2	93	93	0.030876422425220783	1	1	359	54	3	2	+A
D11_BC47_191109_LF_LIB_consensus_vsearch	2222	A	A	441	1	0.23%	2	1	93	93	0.5000000000008233	1	1	384	57	1	0	+G
D11_BC47_191109_LF_LIB_consensus_vsearch	2223	A	A	445	3	0.67%	2	1	93	93	0.12458100558661131	1	1	388	57	3	0	G
D11_BC47_191109_LF_LIB_consensus_vsearch	2224	A	A	448	1	0.22%	2	1	93	93	0.5000000000008233	1	1	391	57	1	0	-T
D11_BC47_191109_LF_LIB_consensus_vsearch	2225	T	T	447	2	0.44%	2	1	93	93	0.24972129319990002	1	1	391	56	2	0	+A
D11_BC47_191109_LF_LIB_consensus_vsearch	2226	G	G	447	4	0.89%	2	1	93	93	0.06208402726417696	1	1	390	57	4	0	-A
D11_BC47_191109_LF_LIB_consensus_vsearch	2227	A	A	442	3	0.67%	2	2	93	93	0.12457817772799688	1	1	387	55	1	2	-T
D11_BC47_191109_LF_LIB_consensus_vsearch	2228	T	T	446	1	0.22%	2	1	93	93	0.5000000000008233	1	1	391	55	1	0	A
D11_BC47_191109_LF_LIB_consensus_vsearch	2229	T	T	450	1	0.22%	2	1	93	93	0.5000000000008233	1	1	394	56	0	1	+CT
D11_BC47_191109_LF_LIB_consensus_vsearch	2230	T	*/-A	441	7	1.55%	2	1	93	93	0.0076302151642897355	1	1	384	57	7	0	-A
D11_BC47_191109_LF_LIB_consensus_vsearch	2231	A	A	433	4	0.9%	2	1	93	93	0.06207069332172113	1	1	377	56	4	0	G
D11_BC47_191109_LF_LIB_consensus_vsearch	2232	T	K	435	9	2.01%	2	1	93	93	0.0018747919330438447	1	1	379	56	9	0	G
D11_BC47_191109_LF_LIB_consensus_vsearch	2233	T	T	445	2	0.44%	2	1	93	93	0.2497200447932722	1	1	389	56	2	0	-A
D11_BC47_191109_LF_LIB_consensus_vsearch	2234	A	R	433	8	1.79%	2	2	93	93	0.003783158179516694	1	1	379	54	7	1	G
D11_BC47_191109_LF_LIB_consensus_vsearch	2235	C	C	442	2	0.44%	2	1	93	93	0.2497181510708481	1	1	386	56	2	0	-A
D11_BC47_191109_LF_LIB_consensus_vsearch	2236	A	*/-CA	420	18	4.04%	2	1	93	93	3.1919474369443897E-6	1	1	363	57	18	0	-CA
D11_BC47_191109_LF_LIB_consensus_vsearch	2237	C	*/+G	399	10	2.33%	2	1	93	93	9.236921723089048E-4	1	1	343	56	10	0	+G
D11_BC47_191109_LF_LIB_consensus_vsearch	2238	A	*/-G	391	18	4.23%	2	1	93	93	3.1509866451656527E-6	1	1	335	56	18	0	-G
D11_BC47_191109_LF_LIB_consensus_vsearch	2239	G	*/+A	419	9	2.08%	2	1	93	93	0.0018718964903564012	1	1	362	57	9	0	+A
D11_BC47_191109_LF_LIB_consensus_vsearch	2240	A	R	436	8	1.79%	2	1	93	93	0.003783983718069795	1	1	379	57	8	0	G
D11_BC47_191109_LF_LIB_consensus_vsearch	2241	G	G	445	3	0.67%	2	1	93	93	0.12458100558661131	1	1	388	57	3	0	+AG
D11_BC47_191109_LF_LIB_consensus_vsearch	2242	T	*/-C	434	15	3.33%	2	1	93	93	2.7097786818023924E-5	1	1	377	57	15	0	-C
D11_BC47_191109_LF_LIB_consensus_vsearch	2243	C	C	432	1	0.23%	2	1	93	93	0.5000000000008233	1	1	375	57	1	0	+A
D11_BC47_191109_LF_LIB_consensus_vsearch	2244	C	M	432	9	2%	2	1	93	93	0.001874264864679625	1	1	381	51	9	0	A
D11_BC47_191109_LF_LIB_consensus_vsearch	2245	G	G	440	4	0.89%	2	1	93	93	0.06207746546158639	1	1	385	55	4	0	-A
D11_BC47_191109_LF_LIB_consensus_vsearch	2246	A	A	438	5	1.12%	2	1	93	93	0.03089749249800421	1	1	383	55	5	0	+G
D11_BC47_191109_LF_LIB_consensus_vsearch	2247	C	C	448	1	0.22%	2	1	93	93	0.5000000000008233	1	1	393	55	1	0	+GC
D11_BC47_191109_LF_LIB_consensus_vsearch	2248	T	*/+C	437	10	2.22%	2	2	93	93	9.281205170584159E-4	1	1	391	46	2	8	+C
D11_BC47_191109_LF_LIB_consensus_vsearch	2249	C	C	438	4	0.89%	2	2	93	93	0.0620755524648183	1	1	385	53	3	1	-G
D11_BC47_191109_LF_LIB_consensus_vsearch	2250	G	G	439	4	0.9%	2	2	93	93	0.06207651112360454	1	1	385	54	3	1	A
D11_BC47_191109_LF_LIB_consensus_vsearch	2251	C	C	439	4	0.89%	2	1	93	93	0.06207651112360454	1	1	386	53	4	0	A
D11_BC47_191109_LF_LIB_consensus_vsearch	2252	T	T	442	1	0.22%	2	1	93	93	0.4999999999990043	1	1	391	51	0	1	+C
D11_BC47_191109_LF_LIB_consensus_vsearch	2253	C	*/-TC	414	31	6.92%	2	2	93	93	2.7105802570329546E-10	1	1	368	46	22	9	-TC
D11_BC47_191109_LF_LIB_consensus_vsearch	2254	T	T	410	2	0.48%	2	2	93	93	0.24969623329349078	1	1	364	46	1	1	C
D11_BC47_191109_LF_LIB_consensus_vsearch	2255	C	C	411	2	0.48%	2	1	93	93	0.24969696969696092	1	1	364	47	2	0	+TC
D11_BC47_191109_LF_LIB_consensus_vsearch	2256	A	A	434	5	1.12%	2	1	93	93	0.030894282456439635	1	1	378	56	5	0	+C
D11_BC47_191109_LF_LIB_consensus_vsearch	2257	T	T	432	6	1.34%	2	1	93	93	0.015358062976156805	1	1	377	55	6	0	+G
D11_BC47_191109_LF_LIB_consensus_vsearch	2258	A	A	440	5	1.12%	2	1	93	93	0.030899075890599485	1	1	384	56	5	0	-G
D11_BC47_191109_LF_LIB_consensus_vsearch	2259	G	G	443	1	0.22%	2	1	93	93	0.4999999999999138	1	1	387	56	1	0	+A
D11_BC47_191109_LF_LIB_consensus_vsearch	2260	T	T	446	2	0.44%	2	1	93	93	0.24972067039122897	1	1	389	57	2	0	C
D11_BC47_191109_LF_LIB_consensus_vsearch	2261	C	C	443	5	1.11%	2	1	93	93	0.030901424487179464	1	1	386	57	5	0	-G
D11_BC47_191109_LF_LIB_consensus_vsearch	2262	G	G	436	4	0.9%	2	1	93	93	0.0620736220670793	1	1	380	56	4	0	-C
D11_BC47_191109_LF_LIB_consensus_vsearch	2263	C	C	440	3	0.67%	2	1	93	93	0.1245762711863649	1	1	384	56	3	0	A
D11_BC47_191109_LF_LIB_consensus_vsearch	2264	C	Y	441	7	1.55%	2	1	93	93	0.0076302151642897355	1	1	386	55	7	0	T
D11_BC47_191109_LF_LIB_consensus_vsearch	2265	A	A	435	6	1.33%	2	1	93	93	0.015359874699953162	1	1	379	56	6	0	-C
D11_BC47_191109_LF_LIB_consensus_vsearch	2266	C	C	440	1	0.22%	2	1	93	93	0.4999999999999138	1	1	385	55	0	1	+T
D11_BC47_191109_LF_LIB_consensus_vsearch	2267	T	T	441	3	0.67%	2	1	93	93	0.12457722660661777	1	1	385	56	3	0	+A
D11_BC47_191109_LF_LIB_consensus_vsearch	2268	A	A	448	1	0.22%	2	1	93	93	0.5000000000008233	1	1	391	57	1	0	T
D11_BC47_191109_LF_LIB_consensus_vsearch	2269	A	A	448	3	0.67%	2	1	93	93	0.12458379578250524	1	1	391	57	3	0	G
D11_BC47_191109_LF_LIB_consensus_vsearch	2270	T	*/-C	418	11	2.44%	2	1	93	93	4.575989670126341E-4	1	1	362	56	11	0	-C
D11_BC47_191109_LF_LIB_consensus_vsearch	2271	C	C	438	2	0.45%	2	1	93	93	0.24971558589274387	1	1	383	55	0	2	T
D11_BC47_191109_LF_LIB_consensus_vsearch	2272	C	C	449	1	0.22%	2	1	93	93	0.4999999999990043	1	1	393	56	1	0	+TGC
D11_BC47_191109_LF_LIB_consensus_vsearch	2273	A	A	444	3	0.67%	2	1	93	93	0.12458006718908442	1	1	388	56	3	0	G
D11_BC47_191109_LF_LIB_consensus_vsearch	2274	T	T	441	6	1.33%	2	1	93	93	0.015363425358953372	1	1	384	57	6	0	+C
D11_BC47_191109_LF_LIB_consensus_vsearch	2275	C	C	448	1	0.22%	2	1	93	93	0.5000000000008233	1	1	393	55	0	1	+T
D11_BC47_191109_LF_LIB_consensus_vsearch	2276	T	T	440	5	1.11%	2	1	93	93	0.030899075890599485	1	1	390	50	0	5	+G
D11_BC47_191109_LF_LIB_consensus_vsearch	2277	G	*/-A	424	16	3.56%	2	1	93	93	1.3281070163027198E-5	1	1	368	56	16	0	-A
D11_BC47_191109_LF_LIB_consensus_vsearch	2278	A	A	429	2	0.46%	2	1	93	93	0.2497096399537788	1	1	372	57	2	0	+GA
D11_BC47_191109_LF_LIB_consensus_vsearch	2279	A	*/-G	425	20	4.44%	2	1	93	93	7.666563733598089E-7	1	1	370	55	20	0	-G
D11_BC47_191109_LF_LIB_consensus_vsearch	2280	G	G	427	2	0.47%	2	1	93	93	0.24970828471410914	1	1	370	57	2	0	+A
D11_BC47_191109_LF_LIB_consensus_vsearch	2281	G	G	449	1	0.22%	2	1	93	93	0.4999999999990043	1	1	392	57	1	0	C
D11_BC47_191109_LF_LIB_consensus_vsearch	2282	C	*/-AC	408	39	8.67%	2	1	93	93	7.64776744994426E-13	1	1	351	57	39	0	-AC
D11_BC47_191109_LF_LIB_consensus_vsearch	2283	A	A	407	3	0.73%	2	2	93	93	0.12454212454208274	1	1	351	56	2	1	G
D11_BC47_191109_LF_LIB_consensus_vsearch	2284	C	C	404	4	0.97%	2	2	93	93	0.06204016027897138	1	1	348	56	3	1	+AC
D11_BC47_191109_LF_LIB_consensus_vsearch	2285	G	R	431	9	2%	2	1	93	93	0.0018740875957096264	1	1	375	56	9	0	A
D11_BC47_191109_LF_LIB_consensus_vsearch	2286	C	Y	432	9	2.02%	2	1	93	93	0.001874264864679625	1	1	376	56	9	0	T
D11_BC47_191109_LF_LIB_consensus_vsearch	2287	G	G	442	2	0.45%	2	1	93	93	0.2497181510708481	1	1	385	57	2	0	-A
D11_BC47_191109_LF_LIB_consensus_vsearch	2288	A	A	446	1	0.22%	2	1	93	93	0.5000000000008233	1	1	389	57	1	0	+T
D11_BC47_191109_LF_LIB_consensus_vsearch	2289	T	T	443	2	0.44%	2	1	93	93	0.2497187851519112	1	1	386	57	2	0	+G
D11_BC47_191109_LF_LIB_consensus_vsearch	2290	A	R	430	13	2.9%	2	1	93	93	1.1164210469075442E-4	1	1	373	57	13	0	G
D11_BC47_191109_LF_LIB_consensus_vsearch	2291	C	C	445	3	0.67%	2	1	93	93	0.12458100558661131	1	1	388	57	3	0	-T
D11_BC47_191109_LF_LIB_consensus_vsearch	2292	T	*/+A	433	8	1.79%	2	1	93	93	0.003783158179516694	1	1	380	53	8	0	+A
D11_BC47_191109_LF_LIB_consensus_vsearch	2293	G	G	441	6	1.33%	2	1	93	93	0.015363425358953372	1	1	387	54	6	0	-A
D11_BC47_191109_LF_LIB_consensus_vsearch	2294	A	R	429	11	2.47%	2	1	93	93	4.5835102222652706E-4	1	1	372	57	11	0	G
D11_BC47_191109_LF_LIB_consensus_vsearch	2295	A	R	438	8	1.77%	2	1	93	93	0.0037845279531252564	1	1	381	57	8	0	G
D11_BC47_191109_LF_LIB_consensus_vsearch	2296	C	C	439	3	0.67%	2	1	93	93	0.12457531143833234	1	1	384	55	3	0	+A
D11_BC47_191109_LF_LIB_consensus_vsearch	2297	G	G	439	5	1.11%	2	1	93	93	0.030898285976353152	1	1	382	57	5	0	T
D11_BC47_191109_LF_LIB_consensus_vsearch	2298	T	T	445	1	0.22%	2	1	93	93	0.4999999999999138	1	1	389	56	0	1	+GT
D11_BC47_191109_LF_LIB_consensus_vsearch	2299	A	R	431	13	2.9%	2	2	93	93	1.1166488301300728E-4	1	1	376	55	12	1	G
D11_BC47_191109_LF_LIB_consensus_vsearch	2300	C	C	445	2	0.45%	2	1	93	93	0.2497200447932722	1	1	389	56	2	0	G
D11_BC47_191109_LF_LIB_consensus_vsearch	2301	C	*/+A	430	12	2.66%	2	1	93	93	2.263534081363424E-4	1	1	376	54	12	0	+A
D11_BC47_191109_LF_LIB_consensus_vsearch	2302	G	K	432	12	2.67%	2	1	93	93	2.2643156833193682E-4	1	1	378	54	12	0	T
D11_BC47_191109_LF_LIB_consensus_vsearch	2303	T	T	444	2	0.45%	2	1	93	93	0.24971941638606426	1	1	390	54	2	0	C
D11_BC47_191109_LF_LIB_consensus_vsearch	2304	G	G	438	3	0.67%	2	1	93	93	0.12457434733248252	1	1	385	53	3	0	T
D11_BC47_191109_LF_LIB_consensus_vsearch	2305	C	C	439	3	0.67%	2	1	93	93	0.12457531143833234	1	1	384	55	3	0	T
D11_BC47_191109_LF_LIB_consensus_vsearch	2306	A	R	432	17	3.79%	2	1	93	93	6.538560687018435E-6	1	1	375	57	17	0	G
D11_BC47_191109_LF_LIB_consensus_vsearch	2307	G	*/-C	430	11	2.44%	2	1	93	93	4.584175673957473E-4	1	1	385	45	0	11	-C
D11_BC47_191109_LF_LIB_consensus_vsearch	2308	C	C	432	3	0.68%	2	2	93	93	0.12456846950514457	1	1	390	42	2	1	A
D11_BC47_191109_LF_LIB_consensus_vsearch	2309	C	C	449	1	0.22%	2	1	93	93	0.4999999999990043	1	1	393	56	0	1	-T
D11_BC47_191109_LF_LIB_consensus_vsearch	2310	T	*/+C	425	16	3.56%	2	2	93	93	1.328532663205171E-5	1	1	373	52	15	1	+C
D11_BC47_191109_LF_LIB_consensus_vsearch	2311	C	*/-G	406	21	4.7%	2	2	93	93	3.7062847039343943E-7	1	1	354	52	20	1	-G
D11_BC47_191109_LF_LIB_consensus_vsearch	2312	G	*/+A	400	15	3.52%	2	1	93	93	2.6830539065617535E-5	1	1	344	56	15	0	+A
D11_BC47_191109_LF_LIB_consensus_vsearch	2313	A	A	437	4	0.9%	2	1	93	93	0.062074589455845104	1	1	380	57	4	0	+GA
D11_BC47_191109_LF_LIB_consensus_vsearch	2314	A	A	443	3	0.67%	2	1	93	93	0.12457912457918291	1	1	387	56	3	0	-G
D11_BC47_191109_LF_LIB_consensus_vsearch	2315	G	R	390	27	6.04%	2	1	93	93	4.823689915055017E-9	1	1	333	57	27	0	A
D11_BC47_191109_LF_LIB_consensus_vsearch	2316	C	C	421	1	0.23%	2	1	93	93	0.4999999999999138	1	1	365	56	1	0	+T
D11_BC47_191109_LF_LIB_consensus_vsearch	2317	C	Y	425	9	2%	2	1	93	93	0.0018730070190884252	1	1	368	57	9	0	T
D11_BC47_191109_LF_LIB_consensus_vsearch	2318	A	*/-G	385	54	12.03%	2	1	93	93	9.774406125133643E-18	1	1	328	57	54	0	-G
D11_BC47_191109_LF_LIB_consensus_vsearch	2319	G	*/-A	364	7	1.8%	2	1	93	93	0.007592589101619866	1	1	307	57	7	0	-A
D11_BC47_191109_LF_LIB_consensus_vsearch	2320	A	R	410	12	2.83%	2	1	93	93	2.255321281093224E-4	1	1	353	57	12	0	G
D11_BC47_191109_LF_LIB_consensus_vsearch	2321	A	R	424	11	2.5%	2	1	93	93	4.580137992598773E-4	1	1	367	57	11	0	G
D11_BC47_191109_LF_LIB_consensus_vsearch	2322	T	K	413	29	6.56%	2	1	93	93	1.1587405680343973E-9	1	1	356	57	29	0	G
D11_BC47_191109_LF_LIB_consensus_vsearch	2323	T	T	438	6	1.33%	2	2	93	93	0.01536166199729829	1	1	383	55	4	2	+G
D11_BC47_191109_LF_LIB_consensus_vsearch	2324	G	G	442	5	1.11%	2	1	93	93	0.03090064512242186	1	1	386	56	5	0	-A
D11_BC47_191109_LF_LIB_consensus_vsearch	2325	A	*/-G	422	15	3.36%	2	1	93	93	2.7007998247201884E-5	1	1	365	57	15	0	-G
D11_BC47_191109_LF_LIB_consensus_vsearch	2326	G	G	428	3	0.69%	2	1	93	93	0.12456445993035366	1	1	372	56	3	0	+A
D11_BC47_191109_LF_LIB_consensus_vsearch	2327	A	A	441	6	1.34%	2	2	93	93	0.015363425358953372	1	1	385	56	5	1	G
D11_BC47_191109_LF_LIB_consensus_vsearch	2328	C	*/-A	435	10	2.22%	2	2	93	93	9.279060186061013E-4	1	1	379	56	9	1	-A
D11_BC47_191109_LF_LIB_consensus_vsearch	2329	A	A	429	6	1.36%	2	2	93	93	0.015356226321811444	1	1	375	54	5	1	-C
D11_BC47_191109_LF_LIB_consensus_vsearch	2330	C	C	443	0	0%	2	0	93	0	1.0	1	0	387	56	0	0	
D11_BC47_191109_LF_LIB_consensus_vsearch	2331	T	*/-C	432	13	2.89%	2	2	93	93	1.1168756210732632E-4	1	1	388	44	2	11	-C
D11_BC47_191109_LF_LIB_consensus_vsearch	2332	C	C	429	3	0.69%	2	1	93	93	0.12456546929309553	1	1	384	45	3	0	-A
D11_BC47_191109_LF_LIB_consensus_vsearch	2333	A	A	432	5	1.12%	2	1	93	93	0.03089265541177198	1	1	376	56	5	0	G
D11_BC47_191109_LF_LIB_consensus_vsearch	2334	T	T	443	2	0.45%	2	1	93	93	0.2497187851519112	1	1	387	56	2	0	G
D11_BC47_191109_LF_LIB_consensus_vsearch	2335	G	G	442	6	1.33%	2	1	93	93	0.015364007910021836	1	1	385	57	6	0	A
D11_BC47_191109_LF_LIB_consensus_vsearch	2336	C	C	437	4	0.89%	2	1	93	93	0.062074589455845104	1	1	380	57	4	0	+G
D11_BC47_191109_LF_LIB_consensus_vsearch	2337	A	A	439	4	0.89%	2	1	93	93	0.06207651112360454	1	1	383	56	4	0	G
D11_BC47_191109_LF_LIB_consensus_vsearch	2338	G	G	441	3	0.67%	2	1	93	93	0.12457722660661777	1	1	384	57	3	0	+A
D11_BC47_191109_LF_LIB_consensus_vsearch	2339	A	A	437	4	0.89%	2	1	93	93	0.062074589455845104	1	1	381	56	4	0	+G
D11_BC47_191109_LF_LIB_consensus_vsearch	2340	T	T	441	4	0.89%	2	1	93	93	0.062078415508149166	1	1	385	56	4	0	+A
D11_BC47_191109_LF_LIB_consensus_vsearch	2341	A	A	436	6	1.34%	2	1	93	93	0.01536047315528176	1	1	381	55	6	0	G
D11_BC47_191109_LF_LIB_consensus_vsearch	2342	T	T	436	3	0.67%	2	1	93	93	0.12457240592922707	1	1	381	55	3	0	C
D11_BC47_191109_LF_LIB_consensus_vsearch	2343	G	R	430	9	2.03%	2	1	93	93	0.0018739095280781474	1	1	375	55	9	0	A
D11_BC47_191109_LF_LIB_consensus_vsearch	2344	C	C	434	4	0.9%	2	1	93	93	0.062071674030406296	1	1	383	51	4	0	+A
D11_BC47_191109_LF_LIB_consensus_vsearch	2345	C	C	447	3	0.67%	2	2	93	93	0.12458286985565502	1	1	392	55	2	1	T
D11_BC47_191109_LF_LIB_consensus_vsearch	2346	T	T	442	3	0.67%	2	1	93	93	0.12457817772799688	1	1	388	54	3	0	-CT
D11_BC47_191109_LF_LIB_consensus_vsearch	2347	C	*/-T	438	7	1.56%	2	2	93	93	0.007628991869306366	1	1	383	55	5	2	-T
D11_BC47_191109_LF_LIB_consensus_vsearch	2348	T	T	439	1	0.23%	2	1	93	93	0.5000000000008233	1	1	384	55	1	0	+CT
D11_BC47_191109_LF_LIB_consensus_vsearch	2349	G	R	437	9	2%	2	2	93	93	0.0018751394156906677	1	1	381	56	8	1	A
D11_BC47_191109_LF_LIB_consensus_vsearch	2350	C	C	444	1	0.22%	2	1	93	93	0.5000000000008233	1	1	387	57	1	0	+TA
D11_BC47_191109_LF_LIB_consensus_vsearch	2351	C	C	448	1	0.22%	2	1	93	93	0.5000000000008233	1	1	392	56	0	1	-AC
D11_BC47_191109_LF_LIB_consensus_vsearch	2352	A	*/+C	426	7	1.56%	2	1	93	93	0.007623929979105209	1	1	371	55	7	0	+C
D11_BC47_191109_LF_LIB_consensus_vsearch	2353	C	C	443	0	0%	2	0	93	0	1.0	1	0	387	56	0	0	
D11_BC47_191109_LF_LIB_consensus_vsearch	2354	C	C	446	2	0.44%	2	2	93	93	0.24972067039122897	1	1	390	56	1	1	-T
D11_BC47_191109_LF_LIB_consensus_vsearch	2355	T	T	441	2	0.45%	2	1	93	93	0.24971751412472734	1	1	389	52	2	0	+A
D11_BC47_191109_LF_LIB_consensus_vsearch	2356	G	*/-A	422	18	4.01%	2	1	93	93	3.1945872707708225E-6	1	1	366	56	18	0	-A
D11_BC47_191109_LF_LIB_consensus_vsearch	2357	A	A	421	6	1.39%	2	2	93	93	0.01535120270746072	1	1	365	56	5	1	G
D11_BC47_191109_LF_LIB_consensus_vsearch	2358	G	G	441	2	0.45%	2	1	93	93	0.24971751412472734	1	1	385	56	2	0	+AG
D11_BC47_191109_LF_LIB_consensus_vsearch	2359	T	*/-A	420	11	2.45%	2	1	93	93	4.5773850170834535E-4	1	1	365	55	11	0	-A
D11_BC47_191109_LF_LIB_consensus_vsearch	2360	A	A	436	1	0.23%	2	1	93	93	0.5000000000008233	1	1	380	56	1	0	+G
D11_BC47_191109_LF_LIB_consensus_vsearch	2361	A	A	447	2	0.44%	2	1	93	93	0.24972129319990002	1	1	390	57	2	0	-G
D11_BC47_191109_LF_LIB_consensus_vsearch	2362	G	G	447	2	0.45%	2	1	93	93	0.24972129319990002	1	1	390	57	2	0	A
D11_BC47_191109_LF_LIB_consensus_vsearch	2363	A	A	448	1	0.22%	2	1	93	93	0.5000000000008233	1	1	392	56	0	1	+CA
D11_BC47_191109_LF_LIB_consensus_vsearch	2364	T	T	440	6	1.33%	2	1	93	93	0.015362840201509007	1	1	384	56	6	0	-G
D11_BC47_191109_LF_LIB_consensus_vsearch	2365	G	R	430	8	1.8%	2	1	93	93	0.0037823214180042796	1	1	375	55	8	0	A
D11_BC47_191109_LF_LIB_consensus_vsearch	2366	G	*/+A	443	7	1.55%	2	1	93	93	0.00763102167395619	1	1	386	57	7	0	+A
D11_BC47_191109_LF_LIB_consensus_vsearch	2367	G	*/+T	414	28	6.21%	2	1	93	93	2.395850063378546E-9	1	1	357	57	28	0	+T
D11_BC47_191109_LF_LIB_consensus_vsearch	2368	T	T	448	1	0.22%	2	1	93	93	0.5000000000008233	1	1	391	57	1	0	C
D11_BC47_191109_LF_LIB_consensus_vsearch	2369	T	T	445	2	0.44%	2	1	93	93	0.2497200447932722	1	1	389	56	2	0	-G
D11_BC47_191109_LF_LIB_consensus_vsearch	2370	G	G	446	1	0.22%	2	1	93	93	0.5000000000008233	1	1	390	56	0	1	+TA
D11_BC47_191109_LF_LIB_consensus_vsearch	2371	C	C	444	3	0.67%	2	1	93	93	0.12458006718908442	1	1	388	56	3	0	T
D11_BC47_191109_LF_LIB_consensus_vsearch	2372	A	R	436	12	2.67%	2	1	93	93	2.2658584690234848E-4	1	1	380	56	12	0	G
D11_BC47_191109_LF_LIB_consensus_vsearch	2373	G	G	444	3	0.67%	2	1	93	93	0.12458006718908442	1	1	389	55	3	0	A
D11_BC47_191109_LF_LIB_consensus_vsearch	2374	C	C	447	1	0.22%	2	1	93	93	0.5000000000008233	1	1	391	56	1	0	+GC
D11_BC47_191109_LF_LIB_consensus_vsearch	2375	A	A	442	1	0.22%	2	1	93	93	0.4999999999990043	1	1	386	56	1	0	+C
D11_BC47_191109_LF_LIB_consensus_vsearch	2376	T	*/-A	400	21	4.7%	2	2	93	93	3.692665248734166E-7	1	1	350	50	20	1	-A
D11_BC47_191109_LF_LIB_consensus_vsearch	2377	A	A	414	4	0.94%	2	1	93	93	0.062051167772440206	1	1	360	54	4	0	+G
D11_BC47_191109_LF_LIB_consensus_vsearch	2378	A	R	437	7	1.57%	2	1	93	93	0.007628580447648388	1	1	382	55	7	0	G
D11_BC47_191109_LF_LIB_consensus_vsearch	2379	A	R	439	8	1.78%	2	1	93	93	0.003784798257927548	1	1	383	56	8	0	G
D11_BC47_191109_LF_LIB_consensus_vsearch	2380	G	*/-A	438	7	1.56%	2	2	93	93	0.007628991869306366	1	1	383	55	6	1	-A
D11_BC47_191109_LF_LIB_consensus_vsearch	2381	A	R	428	9	2.03%	2	2	93	93	0.0018735509751739627	1	1	374	54	8	1	G
D11_BC47_191109_LF_LIB_consensus_vsearch	2382	C	C	445	3	0.67%	2	1	93	93	0.12458100558661131	1	1	389	56	3	0	T
D11_BC47_191109_LF_LIB_consensus_vsearch	2383	A	A	433	6	1.34%	2	1	93	93	0.01535866962898151	1	1	384	49	0	6	+T
D11_BC47_191109_LF_LIB_consensus_vsearch	2384	T	T	445	2	0.45%	2	1	93	93	0.2497200447932722	1	1	392	53	2	0	C
D11_BC47_191109_LF_LIB_consensus_vsearch	2385	C	*/-T	438	7	1.56%	2	2	93	93	0.007628991869306366	1	1	390	48	2	5	-T
D11_BC47_191109_LF_LIB_consensus_vsearch	2386	T	T	433	4	0.9%	2	2	93	93	0.06207069332172113	1	1	386	47	2	2	-G
D11_BC47_191109_LF_LIB_consensus_vsearch	2387	G	G	439	4	0.9%	2	2	93	93	0.06207651112360454	1	1	386	53	3	1	A
D11_BC47_191109_LF_LIB_consensus_vsearch	2388	C	C	443	1	0.22%	2	1	93	93	0.4999999999999138	1	1	388	55	0	1	+A
D11_BC47_191109_LF_LIB_consensus_vsearch	2389	C	*/-A	431	9	2%	2	1	93	93	0.0018740875957096264	1	1	375	56	9	0	-A
D11_BC47_191109_LF_LIB_consensus_vsearch	2390	A	A	438	2	0.45%	2	1	93	93	0.24971558589274387	1	1	381	57	2	0	+G
D11_BC47_191109_LF_LIB_consensus_vsearch	2391	A	A	442	4	0.89%	2	1	93	93	0.06207936129200334	1	1	388	54	4	0	G
D11_BC47_191109_LF_LIB_consensus_vsearch	2392	T	T	441	4	0.89%	2	1	93	93	0.062078415508149166	1	1	387	54	4	0	G
D11_BC47_191109_LF_LIB_consensus_vsearch	2393	T	T	438	3	0.67%	2	1	93	93	0.12457434733248252	1	1	384	54	3	0	+A
D11_BC47_191109_LF_LIB_consensus_vsearch	2394	G	G	440	4	0.89%	2	2	93	93	0.06207746546158639	1	1	385	55	3	1	-A
D11_BC47_191109_LF_LIB_consensus_vsearch	2395	A	A	439	4	0.9%	2	1	93	93	0.06207651112360454	1	1	383	56	4	0	G
D11_BC47_191109_LF_LIB_consensus_vsearch	2396	A	A	442	3	0.67%	2	1	93	93	0.12457817772799688	1	1	386	56	3	0	C
D11_BC47_191109_LF_LIB_consensus_vsearch	2397	T	T	426	6	1.34%	2	2	93	93	0.015354364218716944	1	1	375	51	5	1	C
D11_BC47_191109_LF_LIB_consensus_vsearch	2398	G	R	422	10	2.25%	2	1	93	93	9.264641146701706E-4	1	1	366	56	10	0	A
D11_BC47_191109_LF_LIB_consensus_vsearch	2399	G	*/-C	403	25	5.58%	2	2	93	93	2.0774795674191712E-8	1	1	347	56	24	1	-C
D11_BC47_191109_LF_LIB_consensus_vsearch	2400	C	C	408	3	0.72%	2	2	93	93	0.12454323995153974	1	1	353	55	2	1	A
D11_BC47_191109_LF_LIB_consensus_vsearch	2401	C	Y	401	10	2.26%	2	2	93	93	9.239453265076358E-4	1	1	349	52	9	1	T
D11_BC47_191109_LF_LIB_consensus_vsearch	2402	A	A	422	4	0.93%	2	1	93	93	0.062059601466603075	1	1	369	53	4	0	G
D11_BC47_191109_LF_LIB_consensus_vsearch	2403	A	*/-G	428	8	1.81%	2	2	93	93	0.0037817572285023734	1	1	373	55	6	2	-G
D11_BC47_191109_LF_LIB_consensus_vsearch	2404	G	R	395	44	9.93%	2	1	93	93	1.828670046833565E-14	1	1	340	55	44	0	A
D11_BC47_191109_LF_LIB_consensus_vsearch	2405	T	Y	442	7	1.56%	2	2	93	93	0.007630619313173879	1	1	391	51	1	6	C
D11_BC47_191109_LF_LIB_consensus_vsearch	2406	A	A	444	4	0.89%	2	1	93	93	0.06208124018598929	1	1	387	57	4	0	G
D11_BC47_191109_LF_LIB_consensus_vsearch	2407	T	T	445	2	0.44%	2	2	93	93	0.2497200447932722	1	1	389	56	1	1	-C
D11_BC47_191109_LF_LIB_consensus_vsearch	2408	C	C	442	2	0.45%	2	1	93	93	0.2497181510708481	1	1	387	55	2	0	+A
D11_BC47_191109_LF_LIB_consensus_vsearch	2409	T	*/+C	422	22	4.9%	2	1	93	93	1.826206185051853E-7	1	1	365	57	22	0	+C
D11_BC47_191109_LF_LIB_consensus_vsearch	2410	C	C	436	3	0.67%	2	2	93	93	0.12457240592922707	1	1	383	53	1	2	-A
D11_BC47_191109_LF_LIB_consensus_vsearch	2411	A	A	441	2	0.45%	2	1	93	93	0.24971751412472734	1	1	387	54	2	0	G
D11_BC47_191109_LF_LIB_consensus_vsearch	2412	A	A	443	3	0.67%	2	1	93	93	0.12457912457918291	1	1	388	55	3	0	G
D11_BC47_191109_LF_LIB_consensus_vsearch	2413	T	T	438	5	1.12%	2	1	93	93	0.03089749249800421	1	1	384	54	5	0	+C
D11_BC47_191109_LF_LIB_consensus_vsearch	2414	C	C	439	5	1.12%	2	2	93	93	0.030898285976353152	1	1	383	56	4	1	-T
D11_BC47_191109_LF_LIB_consensus_vsearch	2415	T	T	439	2	0.45%	2	1	93	93	0.2497162315547306	1	1	386	53	0	2	+G
D11_BC47_191109_LF_LIB_consensus_vsearch	2416	G	*/+A	417	19	4.22%	2	2	93	93	1.561031814887791E-6	1	1	361	56	18	1	+A
D11_BC47_191109_LF_LIB_consensus_vsearch	2417	A	A	430	5	1.15%	2	1	93	93	0.030891013414769866	1	1	373	57	5	0	+G
D11_BC47_191109_LF_LIB_consensus_vsearch	2418	A	*/-G	436	12	2.67%	2	1	93	93	2.2658584690234848E-4	1	1	380	56	12	0	-G
D11_BC47_191109_LF_LIB_consensus_vsearch	2419	G	G	431	4	0.91%	2	1	93	93	0.06206871836935933	1	1	374	57	4	0	+A
D11_BC47_191109_LF_LIB_consensus_vsearch	2420	G	G	447	2	0.44%	2	1	93	93	0.24972129319990002	1	1	390	57	2	0	A
D11_BC47_191109_LF_LIB_consensus_vsearch	2421	T	T	448	2	0.44%	2	2	93	93	0.24972191323697995	1	1	392	56	1	1	C
D11_BC47_191109_LF_LIB_consensus_vsearch	2422	C	C	448	2	0.44%	2	1	93	93	0.24972191323697995	1	1	391	57	2	0	-A
D11_BC47_191109_LF_LIB_consensus_vsearch	2423	A	A	442	3	0.67%	2	1	93	93	0.12457817772799688	1	1	387	55	3	0	G
D11_BC47_191109_LF_LIB_consensus_vsearch	2424	T	T	443	3	0.67%	2	1	93	93	0.12457912457918291	1	1	389	54	3	0	G
D11_BC47_191109_LF_LIB_consensus_vsearch	2425	T	T	445	1	0.22%	2	1	93	93	0.4999999999999138	1	1	391	54	0	1	+A
D11_BC47_191109_LF_LIB_consensus_vsearch	2426	A	A	441	3	0.67%	2	1	93	93	0.12457722660661777	1	1	386	55	3	0	+CT
D11_BC47_191109_LF_LIB_consensus_vsearch	2427	T	T	439	4	0.89%	2	1	93	93	0.06207651112360454	1	1	384	55	4	0	C
D11_BC47_191109_LF_LIB_consensus_vsearch	2428	G	G	448	1	0.22%	2	1	93	93	0.5000000000008233	1	1	391	57	1	0	-A
D11_BC47_191109_LF_LIB_consensus_vsearch	2429	A	A	439	4	0.89%	2	1	93	93	0.06207651112360454	1	1	382	57	4	0	G
D11_BC47_191109_LF_LIB_consensus_vsearch	2430	C	C	447	1	0.22%	2	1	93	93	0.5000000000008233	1	1	390	57	1	0	A
D11_BC47_191109_LF_LIB_consensus_vsearch	2431	T	T	437	6	1.33%	2	1	93	93	0.01536106891501191	1	1	387	50	0	6	-C
D11_BC47_191109_LF_LIB_consensus_vsearch	2432	C	*/-TC	435	7	1.58%	2	2	93	93	0.007627752045228881	1	1	390	45	3	4	-TC
D11_BC47_191109_LF_LIB_consensus_vsearch	2433	T	*/+C	430	7	1.58%	2	1	93	93	0.007625648020175149	1	1	379	51	7	0	+C
D11_BC47_191109_LF_LIB_consensus_vsearch	2434	C	C	438	1	0.23%	2	1	93	93	0.4999999999999138	1	1	386	52	1	0	+A
D11_BC47_191109_LF_LIB_consensus_vsearch	2435	A	A	448	1	0.22%	2	1	93	93	0.5000000000008233	1	1	393	55	0	1	+C
D11_BC47_191109_LF_LIB_consensus_vsearch	2436	A	A	447	3	0.67%	2	1	93	93	0.12458286985565502	1	1	391	56	3	0	G
D11_BC47_191109_LF_LIB_consensus_vsearch	2437	T	*/+C	438	7	1.55%	2	1	93	93	0.007628991869306366	1	1	382	56	7	0	+C
D11_BC47_191109_LF_LIB_consensus_vsearch	2438	C	*/+A	370	51	11.38%	2	1	93	93	8.859417126262854E-17	1	1	322	48	51	0	+A
D11_BC47_191109_LF_LIB_consensus_vsearch	2439	G	R	316	107	24.83%	2	1	93	93	2.803567638888915E-36	1	1	262	54	107	0	A
D11_BC47_191109_LF_LIB_consensus_vsearch	2440	G	R	387	53	11.83%	2	1	93	93	2.0975520424543366E-17	1	1	335	52	53	0	A
D11_BC47_191109_LF_LIB_consensus_vsearch	2441	G	K	391	53	11.8%	2	1	93	93	2.1313334732687295E-17	1	1	335	56	53	0	T
D11_BC47_191109_LF_LIB_consensus_vsearch	2442	T	*/-GT	425	11	2.44%	2	2	93	93	4.5808185020506666E-4	1	1	379	46	3	8	-GT
D11_BC47_191109_LF_LIB_consensus_vsearch	2443	G	G	427	3	0.68%	2	1	93	93	0.12456344586746677	1	1	379	48	3	0	-TA
D11_BC47_191109_LF_LIB_consensus_vsearch	2444	T	T	427	6	1.38%	2	1	93	93	0.015354987779940706	1	1	380	47	6	0	C
D11_BC47_191109_LF_LIB_consensus_vsearch	2445	A	A	435	4	0.9%	2	2	93	93	0.06207265026891802	1	1	381	54	3	1	-C
D11_BC47_191109_LF_LIB_consensus_vsearch	2446	C	C	437	3	0.67%	2	1	93	93	0.12457337883968563	1	1	383	54	3	0	+AC
D11_BC47_191109_LF_LIB_consensus_vsearch	2447	C	C	431	6	1.33%	2	2	93	93	0.015357453553398438	1	1	382	49	5	1	-A
D11_BC47_191109_LF_LIB_consensus_vsearch	2448	A	A	430	2	0.46%	2	2	93	93	0.24971031286224527	1	1	377	53	1	1	+C
D11_BC47_191109_LF_LIB_consensus_vsearch	2449	C	C	431	6	1.35%	2	2	93	93	0.015357453553398438	1	1	380	51	3	3	-T
D11_BC47_191109_LF_LIB_consensus_vsearch	2450	T	*/+C	416	16	3.61%	2	1	93	93	1.3246346964115331E-5	1	1	365	51	16	0	+C
D11_BC47_191109_LF_LIB_consensus_vsearch	2451	C	C	440	1	0.23%	2	1	93	93	0.4999999999999138	1	1	384	56	1	0	+T
D11_BC47_191109_LF_LIB_consensus_vsearch	2452	C	C	442	3	0.67%	2	2	93	93	0.12457817772799688	1	1	388	54	1	2	+A
D11_BC47_191109_LF_LIB_consensus_vsearch	2453	C	*/+A	279	108	24%	2	2	93	93	5.0967719884641155E-37	1	1	273	6	66	42	+A
D11_BC47_191109_LF_LIB_consensus_vsearch	2454	A	A	414	1	0.24%	2	1	93	93	0.5000000000008233	1	1	357	57	1	0	C
D11_BC47_191109_LF_LIB_consensus_vsearch	2455	A	A	447	3	0.67%	2	2	93	93	0.12458286985565502	1	1	391	56	2	1	+G
D11_BC47_191109_LF_LIB_consensus_vsearch	2456	A	A	445	3	0.67%	2	1	93	93	0.12458100558661131	1	1	389	56	3	0	-G
D11_BC47_191109_LF_LIB_consensus_vsearch	2457	G	G	438	4	0.89%	2	1	93	93	0.0620755524648183	1	1	382	56	4	0	+AG
D11_BC47_191109_LF_LIB_consensus_vsearch	2458	G	*/+A	423	26	5.78%	2	1	93	93	1.026657426494435E-8	1	1	366	57	26	0	+A
D11_BC47_191109_LF_LIB_consensus_vsearch	2459	G	G	449	1	0.22%	2	1	93	93	0.4999999999990043	1	1	392	57	1	0	+AA
D11_BC47_191109_LF_LIB_consensus_vsearch	2460	C	*/+A	439	7	1.55%	2	1	93	93	0.00762940145447119	1	1	382	57	7	0	+A
D11_BC47_191109_LF_LIB_consensus_vsearch	2461	G	R	406	37	8.22%	2	1	93	93	3.3212584715306723E-12	1	1	349	57	37	0	A
D11_BC47_191109_LF_LIB_consensus_vsearch	2462	G	K	430	16	3.55%	2	1	93	93	1.3306337519337772E-5	1	1	373	57	16	0	T
D11_BC47_191109_LF_LIB_consensus_vsearch	2463	T	T	440	3	0.67%	2	1	93	93	0.1245762711863649	1	1	387	53	0	3	-GC
D11_BC47_191109_LF_LIB_consensus_vsearch	2464	G	R	429	10	2.24%	2	1	93	93	9.272509747675099E-4	1	1	375	54	10	0	A
D11_BC47_191109_LF_LIB_consensus_vsearch	2465	C	C	433	4	0.9%	2	1	93	93	0.06207069332172113	1	1	382	51	4	0	+A
D11_BC47_191109_LF_LIB_consensus_vsearch	2466	A	A	441	1	0.22%	2	1	93	93	0.5000000000008233	1	1	385	56	1	0	+GAAA
D11_BC47_191109_LF_LIB_consensus_vsearch	2467	A	A	444	2	0.45%	2	1	93	93	0.24971941638606426	1	1	388	56	2	0	G
D11_BC47_191109_LF_LIB_consensus_vsearch	2468	T	T	444	3	0.67%	2	2	93	93	0.12458006718908442	1	1	388	56	2	1	C
D11_BC47_191109_LF_LIB_consensus_vsearch	2469	G	G	443	2	0.45%	2	1	93	93	0.2497187851519112	1	1	388	55	2	0	+C
D11_BC47_191109_LF_LIB_consensus_vsearch	2470	C	C	438	3	0.67%	2	2	93	93	0.12457434733248252	1	1	387	51	2	1	+A
D11_BC47_191109_LF_LIB_consensus_vsearch	2471	G	G	438	2	0.45%	2	1	93	93	0.24971558589274387	1	1	386	52	2	0	+T
D11_BC47_191109_LF_LIB_consensus_vsearch	2472	T	T	443	2	0.45%	2	1	93	93	0.2497187851519112	1	1	393	50	0	2	C
D11_BC47_191109_LF_LIB_consensus_vsearch	2473	T	T	447	1	0.22%	2	1	93	93	0.5000000000008233	1	1	391	56	1	0	+C
D11_BC47_191109_LF_LIB_consensus_vsearch	2474	C	*/-A	434	8	1.78%	2	2	93	93	0.0037834345948323136	1	1	383	51	5	3	-A
D11_BC47_191109_LF_LIB_consensus_vsearch	2475	A	A	440	2	0.45%	2	1	93	93	0.2497168742917677	1	1	386	54	2	0	G
D11_BC47_191109_LF_LIB_consensus_vsearch	2476	A	A	447	3	0.67%	2	1	93	93	0.12458286985565502	1	1	390	57	3	0	G
D11_BC47_191109_LF_LIB_consensus_vsearch	2477	A	A	447	2	0.44%	2	1	93	93	0.24972129319990002	1	1	390	57	2	0	G
D11_BC47_191109_LF_LIB_consensus_vsearch	2478	T	*/+G	434	14	3.1%	2	1	93	93	5.5054846604229285E-5	1	1	378	56	14	0	+G
D11_BC47_191109_LF_LIB_consensus_vsearch	2479	A	*/-G	432	13	2.88%	2	2	93	93	1.1168756210732632E-4	1	1	376	56	12	1	-G
D11_BC47_191109_LF_LIB_consensus_vsearch	2480	G	G	435	2	0.46%	2	1	93	93	0.24971363115699957	1	1	379	56	2	0	A
D11_BC47_191109_LF_LIB_consensus_vsearch	2481	T	T	444	3	0.67%	2	1	93	93	0.12458006718908442	1	1	387	57	3	0	+C
D11_BC47_191109_LF_LIB_consensus_vsearch	2482	C	*/-A	439	7	1.56%	2	2	93	93	0.00762940145447119	1	1	387	52	2	5	-A
D11_BC47_191109_LF_LIB_consensus_vsearch	2483	A	A	442	1	0.23%	2	1	93	93	0.4999999999990043	1	1	390	52	1	0	+G
D11_BC47_191109_LF_LIB_consensus_vsearch	2484	A	A	445	4	0.89%	2	1	93	93	0.0620821733525388	1	1	388	57	4	0	G
D11_BC47_191109_LF_LIB_consensus_vsearch	2485	T	T	444	6	1.33%	2	2	93	93	0.015365165262467001	1	1	392	52	1	5	C
D11_BC47_191109_LF_LIB_consensus_vsearch	2486	G	G	449	2	0.44%	2	2	93	93	0.24972253052152624	1	1	393	56	1	1	-A
D11_BC47_191109_LF_LIB_consensus_vsearch	2487	A	A	447	1	0.22%	2	1	93	93	0.5000000000008233	1	1	392	55	0	1	-T
D11_BC47_191109_LF_LIB_consensus_vsearch	2488	T	T	448	1	0.22%	2	1	93	93	0.5000000000008233	1	1	393	55	1	0	+GAT
D11_BC47_191109_LF_LIB_consensus_vsearch	2489	T	*/+C	436	12	2.66%	2	1	93	93	2.2658584690234848E-4	1	1	380	56	12	0	+C
D11_BC47_191109_LF_LIB_consensus_vsearch	2490	C	*/-AC	436	12	2.67%	2	1	93	93	2.2658584690234848E-4	1	1	379	57	12	0	-AC
D11_BC47_191109_LF_LIB_consensus_vsearch	2491	A	A	431	5	1.14%	2	1	93	93	0.03089183629518613	1	1	374	57	5	0	G
D11_BC47_191109_LF_LIB_consensus_vsearch	2492	C	C	432	5	1.14%	2	2	93	93	0.03089265541177198	1	1	377	55	4	1	T
D11_BC47_191109_LF_LIB_consensus_vsearch	2493	G	G	447	1	0.22%	2	1	93	93	0.5000000000008233	1	1	390	57	1	0	+AA
D11_BC47_191109_LF_LIB_consensus_vsearch	2494	A	A	442	5	1.11%	2	2	93	93	0.03090064512242186	1	1	386	56	4	1	G
D11_BC47_191109_LF_LIB_consensus_vsearch	2495	T	T	450	1	0.22%	2	1	93	93	0.5000000000008233	1	1	393	57	1	0	C
D11_BC47_191109_LF_LIB_consensus_vsearch	2496	A	A	449	1	0.22%	2	1	93	93	0.4999999999990043	1	1	392	57	1	0	+C
D11_BC47_191109_LF_LIB_consensus_vsearch	2497	A	R	437	9	2%	2	1	93	93	0.0018751394156906677	1	1	382	55	9	0	G
D11_BC47_191109_LF_LIB_consensus_vsearch	2498	C	C	445	2	0.45%	2	2	93	93	0.2497200447932722	1	1	391	54	1	1	T
D11_BC47_191109_LF_LIB_consensus_vsearch	2499	C	C	443	4	0.89%	2	1	93	93	0.06208030284174911	1	1	388	55	4	0	A
D11_BC47_191109_LF_LIB_consensus_vsearch	2500	G	G	445	3	0.67%	2	1	93	93	0.12458100558661131	1	1	389	56	3	0	A
D11_BC47_191109_LF_LIB_consensus_vsearch	2501	C	*/+T	425	9	2%	2	2	93	93	0.0018730070190884252	1	1	374	51	7	2	+T
D11_BC47_191109_LF_LIB_consensus_vsearch	2502	T	T	434	4	0.91%	2	2	93	93	0.062071674030406296	1	1	383	51	2	2	C
D11_BC47_191109_LF_LIB_consensus_vsearch	2503	T	T	445	1	0.22%	2	1	93	93	0.4999999999999138	1	1	390	55	0	1	+CTT
D11_BC47_191109_LF_LIB_consensus_vsearch	2504	T	T	442	2	0.44%	2	2	93	93	0.2497181510708481	1	1	386	56	1	1	+G
D11_BC47_191109_LF_LIB_consensus_vsearch	2505	G	*/-A	434	14	3.11%	2	1	93	93	5.5054846604229285E-5	1	1	377	57	14	0	-A
D11_BC47_191109_LF_LIB_consensus_vsearch	2506	A	A	423	5	1.14%	2	1	93	93	0.030885145650365813	1	1	367	56	5	0	+G
D11_BC47_191109_LF_LIB_consensus_vsearch	2507	G	G	436	6	1.34%	2	2	93	93	0.01536047315528176	1	1	381	55	4	2	-T
D11_BC47_191109_LF_LIB_consensus_vsearch	2508	T	T	439	2	0.45%	2	1	93	93	0.2497162315547306	1	1	385	54	2	0	+A
D11_BC47_191109_LF_LIB_consensus_vsearch	2509	T	T	440	4	0.89%	2	2	93	93	0.06207746546158639	1	1	387	53	2	2	C
D11_BC47_191109_LF_LIB_consensus_vsearch	2510	G	R	431	9	2.01%	2	1	93	93	0.0018740875957096264	1	1	375	56	9	0	A
D11_BC47_191109_LF_LIB_consensus_vsearch	2511	C	*/+G	421	14	3.12%	2	1	93	93	5.4882762612112586E-5	1	1	372	49	14	0	+G
D11_BC47_191109_LF_LIB_consensus_vsearch	2512	A	A	438	3	0.68%	2	2	93	93	0.12457434733248252	1	1	388	50	2	1	G
D11_BC47_191109_LF_LIB_consensus_vsearch	2513	A	A	442	3	0.67%	2	1	93	93	0.12457817772799688	1	1	389	53	0	3	-T
D11_BC47_191109_LF_LIB_consensus_vsearch	2514	T	T	441	4	0.9%	2	2	93	93	0.062078415508149166	1	1	391	50	1	3	C
D11_BC47_191109_LF_LIB_consensus_vsearch	2515	T	T	439	6	1.34%	2	1	93	93	0.015362252420215997	1	1	391	48	0	6	-C
D11_BC47_191109_LF_LIB_consensus_vsearch	2516	C	C	438	2	0.45%	2	1	93	93	0.24971558589274387	1	1	388	50	2	0	-A
D11_BC47_191109_LF_LIB_consensus_vsearch	2517	A	*/-CA	393	47	10.51%	2	2	93	93	1.941081396921136E-15	1	1	341	52	44	3	-CA
D11_BC47_191109_LF_LIB_consensus_vsearch	2518	C	C	397	3	0.74%	2	1	93	93	0.12453066332921275	1	1	345	52	3	0	+GC
D11_BC47_191109_LF_LIB_consensus_vsearch	2519	A	A	402	1	0.25%	2	1	93	93	0.4999999999999138	1	1	348	54	1	0	-T
D11_BC47_191109_LF_LIB_consensus_vsearch	2520	T	T	446	2	0.44%	2	2	93	93	0.24972067039122897	1	1	391	55	1	1	C
D11_BC47_191109_LF_LIB_consensus_vsearch	2521	C	C	448	1	0.22%	2	1	93	93	0.5000000000008233	1	1	392	56	1	0	+GC
D11_BC47_191109_LF_LIB_consensus_vsearch	2522	A	*/-CA	414	27	6%	2	1	93	93	4.9428402008462044E-9	1	1	358	56	27	0	-CA
D11_BC47_191109_LF_LIB_consensus_vsearch	2523	C	C	416	1	0.24%	2	1	93	93	0.4999999999999138	1	1	361	55	0	1	T
D11_BC47_191109_LF_LIB_consensus_vsearch	2524	A	*/+T	396	11	2.63%	2	2	93	93	4.5597552073400974E-4	1	1	348	48	7	4	+T
D11_BC47_191109_LF_LIB_consensus_vsearch	2525	T	T	439	2	0.45%	2	1	93	93	0.2497162315547306	1	1	385	54	2	0	C
D11_BC47_191109_LF_LIB_consensus_vsearch	2526	T	T	451	0	0%	2	0	93	0	1.0	1	0	394	57	0	0	
D11_BC47_191109_LF_LIB_consensus_vsearch	2527	T	T	446	4	0.89%	2	2	93	93	0.06208310236944096	1	1	392	54	2	2	-C
D11_BC47_191109_LF_LIB_consensus_vsearch	2528	C	C	431	4	0.89%	2	2	93	93	0.06206871836935933	1	1	380	51	1	3	+T
D11_BC47_191109_LF_LIB_consensus_vsearch	2529	G	G	433	4	0.89%	2	1	93	93	0.06207069332172113	1	1	378	55	4	0	C
D11_BC47_191109_LF_LIB_consensus_vsearch	2530	C	C	436	2	0.45%	2	1	93	93	0.2497142857145226	1	1	381	55	2	0	T
D11_BC47_191109_LF_LIB_consensus_vsearch	2531	A	A	434	4	0.9%	2	1	93	93	0.062071674030406296	1	1	378	56	4	0	-G
D11_BC47_191109_LF_LIB_consensus_vsearch	2532	G	G	435	4	0.9%	2	1	93	93	0.06207265026891802	1	1	378	57	4	0	-C
D11_BC47_191109_LF_LIB_consensus_vsearch	2533	C	C	435	2	0.45%	2	1	93	93	0.24971363115699957	1	1	379	56	2	0	-T
D11_BC47_191109_LF_LIB_consensus_vsearch	2534	T	*/-G	437	8	1.79%	2	2	93	93	0.00378425644253265	1	1	384	53	6	2	-G
D11_BC47_191109_LF_LIB_consensus_vsearch	2535	G	G	437	1	0.23%	2	1	93	93	0.4999999999999138	1	1	383	54	1	0	+A
D11_BC47_191109_LF_LIB_consensus_vsearch	2536	G	*/-C	414	21	4.69%	2	1	93	93	3.7239194258898957E-7	1	1	360	54	21	0	-C
D11_BC47_191109_LF_LIB_consensus_vsearch	2537	C	C	417	6	1.4%	2	1	93	93	0.015348619815559206	1	1	363	54	6	0	A
D11_BC47_191109_LF_LIB_consensus_vsearch	2538	C	C	441	5	1.11%	2	1	93	93	0.030899862264693823	1	1	384	57	5	0	T
D11_BC47_191109_LF_LIB_consensus_vsearch	2539	G	*/-CG	434	7	1.56%	2	2	93	93	0.007627335039353406	1	1	379	55	5	2	-CG
D11_BC47_191109_LF_LIB_consensus_vsearch	2540	C	C	440	2	0.45%	2	1	93	93	0.2497168742917677	1	1	387	53	2	0	+AC
D11_BC47_191109_LF_LIB_consensus_vsearch	2541	G	G	436	3	0.68%	2	1	93	93	0.12457240592922707	1	1	382	54	3	0	+T
D11_BC47_191109_LF_LIB_consensus_vsearch	2542	T	T	448	2	0.44%	2	2	93	93	0.24972191323697995	1	1	393	55	1	1	C
D11_BC47_191109_LF_LIB_consensus_vsearch	2543	T	T	450	1	0.22%	2	1	93	93	0.5000000000008233	1	1	394	56	0	1	-CT
D11_BC47_191109_LF_LIB_consensus_vsearch	2544	C	C	441	4	0.89%	2	2	93	93	0.062078415508149166	1	1	388	53	2	2	-TTC
D11_BC47_191109_LF_LIB_consensus_vsearch	2545	T	T	442	2	0.45%	2	1	93	93	0.2497181510708481	1	1	389	53	2	0	G
D11_BC47_191109_LF_LIB_consensus_vsearch	2546	T	T	442	2	0.45%	2	1	93	93	0.2497181510708481	1	1	387	55	2	0	-C
D11_BC47_191109_LF_LIB_consensus_vsearch	2547	C	C	441	1	0.22%	2	1	93	93	0.5000000000008233	1	1	386	55	1	0	+T
D11_BC47_191109_LF_LIB_consensus_vsearch	2548	A	A	445	6	1.33%	2	1	93	93	0.015365740098082468	1	1	388	57	6	0	G
D11_BC47_191109_LF_LIB_consensus_vsearch	2549	T	T	446	3	0.67%	2	1	93	93	0.1245819397993151	1	1	390	56	3	0	-C
D11_BC47_191109_LF_LIB_consensus_vsearch	2550	C	C	442	2	0.45%	2	1	93	93	0.2497181510708481	1	1	385	57	2	0	+A
D11_BC47_191109_LF_LIB_consensus_vsearch	2551	G	G	443	3	0.67%	2	1	93	93	0.12457912457918291	1	1	386	57	3	0	A
D11_BC47_191109_LF_LIB_consensus_vsearch	2552	A	A	442	3	0.67%	2	1	93	93	0.12457817772799688	1	1	385	57	3	0	G
D11_BC47_191109_LF_LIB_consensus_vsearch	2553	T	T	440	3	0.67%	2	1	93	93	0.1245762711863649	1	1	383	57	3	0	+A
D11_BC47_191109_LF_LIB_consensus_vsearch	2554	A	*/-G	431	8	1.78%	2	2	93	93	0.003782601599602771	1	1	378	53	6	2	-G
D11_BC47_191109_LF_LIB_consensus_vsearch	2555	G	R	417	15	3.43%	2	1	93	93	2.69691812291492E-5	1	1	364	53	15	0	A
D11_BC47_191109_LF_LIB_consensus_vsearch	2556	C	M	429	8	1.81%	2	2	93	93	0.0037820399638697363	1	1	377	52	6	2	A
D11_BC47_191109_LF_LIB_consensus_vsearch	2557	C	C	433	6	1.35%	2	2	93	93	0.01535866962898151	1	1	381	52	4	2	T
D11_BC47_191109_LF_LIB_consensus_vsearch	2558	A	A	435	4	0.9%	2	2	93	93	0.06207265026891802	1	1	381	54	3	1	G
D11_BC47_191109_LF_LIB_consensus_vsearch	2559	T	T	444	1	0.22%	2	1	93	93	0.5000000000008233	1	1	388	56	1	0	+G
D11_BC47_191109_LF_LIB_consensus_vsearch	2560	G	G	442	4	0.89%	2	1	93	93	0.06207936129200334	1	1	385	57	4	0	A
D11_BC47_191109_LF_LIB_consensus_vsearch	2561	C	C	444	1	0.22%	2	1	93	93	0.5000000000008233	1	1	388	56	1	0	+T
D11_BC47_191109_LF_LIB_consensus_vsearch	2562	C	*/-G	433	8	1.79%	2	1	93	93	0.003783158179516694	1	1	377	56	8	0	-G
D11_BC47_191109_LF_LIB_consensus_vsearch	2563	G	*/-A	352	75	17.01%	2	1	93	93	7.487062702359132E-25	1	1	296	56	75	0	-A
D11_BC47_191109_LF_LIB_consensus_vsearch	2564	A	*/-G	253	92	25.21%	2	2	93	93	1.8020905777844679E-31	1	1	212	41	81	11	-G
D11_BC47_191109_LF_LIB_consensus_vsearch	2565	G	G	339	3	0.87%	2	1	93	93	0.12445095168370475	1	1	297	42	3	0	+A
D11_BC47_191109_LF_LIB_consensus_vsearch	2566	G	G	441	1	0.23%	2	1	93	93	0.5000000000008233	1	1	386	55	0	1	T
D11_BC47_191109_LF_LIB_consensus_vsearch	2567	G	G	448	1	0.22%	2	1	93	93	0.5000000000008233	1	1	392	56	1	0	-A
D11_BC47_191109_LF_LIB_consensus_vsearch	2568	A	A	443	2	0.45%	2	2	93	93	0.2497187851519112	1	1	388	55	1	1	+C
D11_BC47_191109_LF_LIB_consensus_vsearch	2569	T	+C/+C	92	356	78.94%	2	2	93	93	3.6494364255901484E-163	1	1	91	1	302	54	+C
D11_BC47_191109_LF_LIB_consensus_vsearch	2570	C	C	447	2	0.44%	2	1	93	93	0.24972129319990002	1	1	390	57	2	0	T
D11_BC47_191109_LF_LIB_consensus_vsearch	2571	A	A	444	4	0.89%	2	2	93	93	0.06208124018598929	1	1	388	56	3	1	C
D11_BC47_191109_LF_LIB_consensus_vsearch	2572	A	A	442	6	1.33%	2	2	93	93	0.015364007910021836	1	1	386	56	5	1	G
D11_BC47_191109_LF_LIB_consensus_vsearch	2573	C	C	438	5	1.12%	2	1	93	93	0.03089749249800421	1	1	381	57	5	0	-GC
D11_BC47_191109_LF_LIB_consensus_vsearch	2574	G	R	431	7	1.59%	2	1	93	93	0.007626072650234986	1	1	375	56	7	0	A
D11_BC47_191109_LF_LIB_consensus_vsearch	2575	C	*/-T	417	9	2.02%	2	2	93	93	0.0018715194418685113	1	1	363	54	7	2	-T
D11_BC47_191109_LF_LIB_consensus_vsearch	2576	T	T	430	4	0.91%	2	2	93	93	0.062067724063454545	1	1	377	53	3	1	-A
D11_BC47_191109_LF_LIB_consensus_vsearch	2577	A	A	428	5	1.13%	2	1	93	93	0.030889356258247617	1	1	374	54	5	0	-C
D11_BC47_191109_LF_LIB_consensus_vsearch	2578	C	C	432	5	1.13%	2	1	93	93	0.03089265541177198	1	1	378	54	5	0	G
D11_BC47_191109_LF_LIB_consensus_vsearch	2579	C	C	447	1	0.22%	2	1	93	93	0.5000000000008233	1	1	390	57	1	0	+G
D11_BC47_191109_LF_LIB_consensus_vsearch	2580	A	A	443	6	1.33%	2	1	93	93	0.015364587872107325	1	1	386	57	6	0	G
D11_BC47_191109_LF_LIB_consensus_vsearch	2581	G	G	448	2	0.44%	2	1	93	93	0.24972191323697995	1	1	391	57	2	0	+A
D11_BC47_191109_LF_LIB_consensus_vsearch	2582	T	T	447	2	0.44%	2	2	93	93	0.24972129319990002	1	1	391	56	1	1	C
D11_BC47_191109_LF_LIB_consensus_vsearch	2583	T	T	440	2	0.44%	2	1	93	93	0.2497168742917677	1	1	384	56	2	0	+A
D11_BC47_191109_LF_LIB_consensus_vsearch	2584	G	G	439	3	0.67%	2	1	93	93	0.12457531143833234	1	1	383	56	3	0	A
D11_BC47_191109_LF_LIB_consensus_vsearch	2585	T	*/-A	428	12	2.67%	2	2	93	93	2.2627455527610537E-4	1	1	376	52	8	4	-A
D11_BC47_191109_LF_LIB_consensus_vsearch	2586	A	R	427	8	1.83%	2	1	93	93	0.0037814732031268648	1	1	375	52	8	0	G
D11_BC47_191109_LF_LIB_consensus_vsearch	2587	A	A	443	5	1.11%	2	2	93	93	0.030901424487179464	1	1	388	55	3	2	-T
D11_BC47_191109_LF_LIB_consensus_vsearch	2588	T	T	433	5	1.12%	2	2	93	93	0.030893470790357477	1	1	382	51	1	4	C
D11_BC47_191109_LF_LIB_consensus_vsearch	2589	T	T	437	5	1.11%	2	1	93	93	0.03089669543126854	1	1	384	53	5	0	-A
D11_BC47_191109_LF_LIB_consensus_vsearch	2590	A	A	437	3	0.68%	2	2	93	93	0.12457337883968563	1	1	383	54	2	1	C
D11_BC47_191109_LF_LIB_consensus_vsearch	2591	A	R	429	12	2.68%	2	1	93	93	2.2631406886309665E-4	1	1	374	55	12	0	G
D11_BC47_191109_LF_LIB_consensus_vsearch	2592	C	*/+TT	423	11	2.46%	2	1	93	93	4.5794544103178105E-4	1	1	367	56	11	0	+TT
D11_BC47_191109_LF_LIB_consensus_vsearch	2593	T	*/+A	414	9	2.03%	2	1	93	93	0.0018709472608215796	1	1	360	54	9	0	+A
D11_BC47_191109_LF_LIB_consensus_vsearch	2594	G	K	412	11	2.49%	2	1	93	93	4.571726097283556E-4	1	1	356	56	11	0	T
D11_BC47_191109_LF_LIB_consensus_vsearch	2595	T	Y	423	8	1.81%	2	2	93	93	0.003780324023462628	1	1	369	54	7	1	C
D11_BC47_191109_LF_LIB_consensus_vsearch	2596	A	A	438	2	0.45%	2	2	93	93	0.24971558589274387	1	1	383	55	1	1	G
D11_BC47_191109_LF_LIB_consensus_vsearch	2597	T	T	428	6	1.35%	2	2	93	93	0.015355608474412826	1	1	375	53	4	2	C
D11_BC47_191109_LF_LIB_consensus_vsearch	2598	G	*/-A	440	8	1.78%	2	1	93	93	0.0037850673649748043	1	1	383	57	8	0	-A
D11_BC47_191109_LF_LIB_consensus_vsearch	2599	A	A	439	2	0.45%	2	1	93	93	0.2497162315547306	1	1	383	56	2	0	G
D11_BC47_191109_LF_LIB_consensus_vsearch	2600	T	T	445	3	0.67%	2	1	93	93	0.12458100558661131	1	1	389	56	3	0	+C
D11_BC47_191109_LF_LIB_consensus_vsearch	2601	C	C	444	3	0.67%	2	1	93	93	0.12458006718908442	1	1	389	55	3	0	-A
D11_BC47_191109_LF_LIB_consensus_vsearch	2602	A	A	437	6	1.34%	2	2	93	93	0.01536106891501191	1	1	384	53	4	2	G
D11_BC47_191109_LF_LIB_consensus_vsearch	2603	T	T	443	6	1.33%	2	2	93	93	0.015364587872107325	1	1	390	53	3	3	C
D11_BC47_191109_LF_LIB_consensus_vsearch	2604	G	G	448	2	0.44%	2	1	93	93	0.24972191323697995	1	1	391	57	2	0	A
D11_BC47_191109_LF_LIB_consensus_vsearch	2605	A	A	445	2	0.44%	2	1	93	93	0.2497200447932722	1	1	389	56	2	0	G
D11_BC47_191109_LF_LIB_consensus_vsearch	2606	T	T	443	3	0.67%	2	1	93	93	0.12457912457918291	1	1	387	56	3	0	+A
D11_BC47_191109_LF_LIB_consensus_vsearch	2607	A	A	443	5	1.11%	2	1	93	93	0.030901424487179464	1	1	387	56	5	0	G
D11_BC47_191109_LF_LIB_consensus_vsearch	2608	G	G	445	4	0.89%	2	1	93	93	0.0620821733525388	1	1	389	56	4	0	+A
D11_BC47_191109_LF_LIB_consensus_vsearch	2609	T	T	449	2	0.44%	2	1	93	93	0.24972253052152624	1	1	392	57	2	0	C
D11_BC47_191109_LF_LIB_consensus_vsearch	2610	T	T	448	2	0.44%	2	2	93	93	0.24972191323697995	1	1	392	56	1	1	+G
D11_BC47_191109_LF_LIB_consensus_vsearch	2611	A	A	449	1	0.22%	2	1	93	93	0.4999999999990043	1	1	393	56	1	0	C
D11_BC47_191109_LF_LIB_consensus_vsearch	2612	T	T	442	5	1.11%	2	2	93	93	0.03090064512242186	1	1	389	53	1	4	-AT
D11_BC47_191109_LF_LIB_consensus_vsearch	2613	A	A	442	2	0.45%	2	1	93	93	0.2497181510708481	1	1	389	53	2	0	G
D11_BC47_191109_LF_LIB_consensus_vsearch	2614	T	T	437	4	0.9%	2	1	93	93	0.062074589455845104	1	1	384	53	4	0	G
D11_BC47_191109_LF_LIB_consensus_vsearch	2615	T	T	447	2	0.44%	2	2	93	93	0.24972129319990002	1	1	391	56	1	1	-G
D11_BC47_191109_LF_LIB_consensus_vsearch	2616	G	G	446	1	0.22%	2	1	93	93	0.5000000000008233	1	1	390	56	1	0	+CG
D11_BC47_191109_LF_LIB_consensus_vsearch	2617	A	A	445	2	0.44%	2	1	93	93	0.2497200447932722	1	1	388	57	2	0	G
D11_BC47_191109_LF_LIB_consensus_vsearch	2618	T	T	443	4	0.89%	2	1	93	93	0.06208030284174911	1	1	388	55	4	0	-GAT
D11_BC47_191109_LF_LIB_consensus_vsearch	2619	G	G	440	3	0.67%	2	1	93	93	0.1245762711863649	1	1	384	56	3	0	+AA
D11_BC47_191109_LF_LIB_consensus_vsearch	2620	A	A	441	2	0.45%	2	1	93	93	0.24971751412472734	1	1	387	54	0	2	+T
D11_BC47_191109_LF_LIB_consensus_vsearch	2621	T	T	436	6	1.35%	2	2	93	93	0.01536047315528176	1	1	381	55	5	1	-AT
D11_BC47_191109_LF_LIB_consensus_vsearch	2622	A	A	439	2	0.45%	2	1	93	93	0.2497162315547306	1	1	387	52	0	2	-T
D11_BC47_191109_LF_LIB_consensus_vsearch	2623	T	T	434	2	0.45%	2	1	93	93	0.24971297359331265	1	1	382	52	2	0	+AT
D11_BC47_191109_LF_LIB_consensus_vsearch	2624	G	G	438	5	1.12%	2	1	93	93	0.03089749249800421	1	1	384	54	5	0	+T
D11_BC47_191109_LF_LIB_consensus_vsearch	2625	G	*/-C	425	14	3.12%	2	1	93	93	5.493675610968029E-5	1	1	370	55	14	0	-C
D11_BC47_191109_LF_LIB_consensus_vsearch	2626	C	C	432	2	0.46%	2	1	93	93	0.2497116493653279	1	1	378	54	2	0	T
D11_BC47_191109_LF_LIB_consensus_vsearch	2627	C	C	435	5	1.11%	2	1	93	93	0.030895090435182324	1	1	382	53	5	0	+A
D11_BC47_191109_LF_LIB_consensus_vsearch	2628	G	R	429	9	2%	2	1	93	93	0.0018737306563855328	1	1	375	54	9	0	A
D11_BC47_191109_LF_LIB_consensus_vsearch	2629	T	T	435	4	0.9%	2	2	93	93	0.06207265026891802	1	1	383	52	2	2	C
D11_BC47_191109_LF_LIB_consensus_vsearch	2630	G	R	432	7	1.58%	2	1	93	93	0.0076264953547406375	1	1	378	54	7	0	A
D11_BC47_191109_LF_LIB_consensus_vsearch	2631	G	*/-C	433	8	1.79%	2	2	93	93	0.003783158179516694	1	1	379	54	7	1	-C
D11_BC47_191109_LF_LIB_consensus_vsearch	2632	C	C	436	2	0.45%	2	1	93	93	0.2497142857145226	1	1	381	55	2	0	+A
D11_BC47_191109_LF_LIB_consensus_vsearch	2633	C	C	435	5	1.11%	2	1	93	93	0.030895090435182324	1	1	389	46	0	5	-T
D11_BC47_191109_LF_LIB_consensus_vsearch	2634	T	T	436	3	0.67%	2	2	93	93	0.12457240592922707	1	1	389	47	1	2	-C
D11_BC47_191109_LF_LIB_consensus_vsearch	2635	C	*/-G	416	20	4.47%	2	1	93	93	7.631304417463694E-7	1	1	363	53	20	0	-G
D11_BC47_191109_LF_LIB_consensus_vsearch	2636	G	R	375	35	8.12%	2	1	93	93	1.3641916075283695E-11	1	1	319	56	35	0	A
D11_BC47_191109_LF_LIB_consensus_vsearch	2637	C	Y	365	33	7.35%	2	2	93	93	5.828841998801362E-11	1	1	312	53	32	1	T
D11_BC47_191109_LF_LIB_consensus_vsearch	2638	G	R	346	57	13.23%	2	2	93	93	8.234128854980035E-19	1	1	292	54	56	1	A
D11_BC47_191109_LF_LIB_consensus_vsearch	2639	G	R	438	9	2%	2	1	93	93	0.001875312003649851	1	1	381	57	9	0	A
D11_BC47_191109_LF_LIB_consensus_vsearch	2640	G	G	444	3	0.67%	2	1	93	93	0.12458006718908442	1	1	387	57	3	0	A
D11_BC47_191109_LF_LIB_consensus_vsearch	2641	T	T	441	3	0.67%	2	1	93	93	0.12457722660661777	1	1	384	57	3	0	C
D11_BC47_191109_LF_LIB_consensus_vsearch	2642	C	C	437	4	0.89%	2	2	93	93	0.062074589455845104	1	1	381	56	3	1	-T
D11_BC47_191109_LF_LIB_consensus_vsearch	2643	T	T	440	2	0.45%	2	1	93	93	0.2497168742917677	1	1	384	56	2	0	G
D11_BC47_191109_LF_LIB_consensus_vsearch	2644	T	T	439	5	1.12%	2	1	93	93	0.030898285976353152	1	1	383	56	5	0	+A
D11_BC47_191109_LF_LIB_consensus_vsearch	2645	A	A	440	3	0.67%	2	2	93	93	0.1245762711863649	1	1	385	55	2	1	G
D11_BC47_191109_LF_LIB_consensus_vsearch	2646	T	T	436	6	1.34%	2	1	93	93	0.01536047315528176	1	1	381	55	6	0	+A
D11_BC47_191109_LF_LIB_consensus_vsearch	2647	G	*/-C	405	35	7.8%	2	1	93	93	1.4395980926012305E-11	1	1	348	57	35	0	-C
D11_BC47_191109_LF_LIB_consensus_vsearch	2648	C	C	409	5	1.2%	2	2	93	93	0.03087281521381857	1	1	355	54	3	2	T
D11_BC47_191109_LF_LIB_consensus_vsearch	2649	C	Y	422	24	5.33%	2	2	93	93	4.3375967580996214E-8	1	1	367	55	23	1	T
D11_BC47_191109_LF_LIB_consensus_vsearch	2650	A	A	446	2	0.44%	2	1	93	93	0.24972067039122897	1	1	390	56	2	0	G
D11_BC47_191109_LF_LIB_consensus_vsearch	2651	A	A	447	3	0.67%	2	1	93	93	0.12458286985565502	1	1	390	57	3	0	G
D11_BC47_191109_LF_LIB_consensus_vsearch	2652	T	T	441	5	1.11%	2	1	93	93	0.030899862264693823	1	1	385	56	5	0	+A
D11_BC47_191109_LF_LIB_consensus_vsearch	2653	G	*/-TG	431	7	1.57%	2	2	93	93	0.007626072650234986	1	1	378	53	3	4	-TG
D11_BC47_191109_LF_LIB_consensus_vsearch	2654	T	T	431	2	0.46%	2	1	93	93	0.24971098265883573	1	1	378	53	2	0	+A
D11_BC47_191109_LF_LIB_consensus_vsearch	2655	G	R	416	13	2.95%	2	1	93	93	1.1131241336260559E-4	1	1	364	52	13	0	A
D11_BC47_191109_LF_LIB_consensus_vsearch	2656	C	*/-A	430	11	2.46%	2	2	93	93	4.584175673957473E-4	1	1	378	52	8	3	-A
D11_BC47_191109_LF_LIB_consensus_vsearch	2657	A	*/+C	423	8	1.83%	2	2	93	93	0.003780324023462628	1	1	377	46	1	7	+C
D11_BC47_191109_LF_LIB_consensus_vsearch	2658	A	R	433	10	2.24%	2	1	93	93	9.276896125167864E-4	1	1	377	56	10	0	G
D11_BC47_191109_LF_LIB_consensus_vsearch	2659	T	*/-AC	428	13	2.9%	2	2	93	93	1.1159624774972868E-4	1	1	382	46	5	8	-AC
D11_BC47_191109_LF_LIB_consensus_vsearch	2660	A	R	419	13	2.98%	2	1	93	93	1.1138480342819209E-4	1	1	370	49	13	0	G
D11_BC47_191109_LF_LIB_consensus_vsearch	2661	C	*/-G	374	32	7.31%	2	2	93	93	1.2330351808413743E-10	1	1	327	47	30	2	-G
D11_BC47_191109_LF_LIB_consensus_vsearch	2662	G	*/-A	397	8	1.91%	2	1	93	93	0.003772305589141729	1	1	342	55	8	0	-A
D11_BC47_191109_LF_LIB_consensus_vsearch	2663	A	R	424	7	1.58%	2	2	93	93	0.007623059056742502	1	1	370	54	6	1	G
D11_BC47_191109_LF_LIB_consensus_vsearch	2664	G	G	442	2	0.45%	2	1	93	93	0.2497181510708481	1	1	386	56	2	0	+A
D11_BC47_191109_LF_LIB_consensus_vsearch	2665	G	G	447	2	0.44%	2	1	93	93	0.24972129319990002	1	1	390	57	2	0	A
D11_BC47_191109_LF_LIB_consensus_vsearch	2666	C	C	448	1	0.22%	2	1	93	93	0.5000000000008233	1	1	392	56	1	0	-A
D11_BC47_191109_LF_LIB_consensus_vsearch	2667	A	A	444	3	0.67%	2	1	93	93	0.12458006718908442	1	1	387	57	3	0	G
D11_BC47_191109_LF_LIB_consensus_vsearch	2668	T	*/-CC	318	106	23.56%	2	1	93	93	6.679824973737143E-36	1	1	263	55	106	0	-CC
D11_BC47_191109_LF_LIB_consensus_vsearch	2669	C	C	320	1	0.31%	2	1	93	93	0.4999999999999138	1	1	265	55	1	0	+A
D11_BC47_191109_LF_LIB_consensus_vsearch	2670	C	C	340	4	1.16%	2	1	93	93	0.06195454690339171	1	1	284	56	4	0	T
D11_BC47_191109_LF_LIB_consensus_vsearch	2671	C	C	448	2	0.44%	2	1	93	93	0.24972191323697995	1	1	393	55	0	2	T
D11_BC47_191109_LF_LIB_consensus_vsearch	2672	A	R	441	8	1.78%	2	1	93	93	0.0037853352821818676	1	1	385	56	8	0	G
D11_BC47_191109_LF_LIB_consensus_vsearch	2673	G	G	447	1	0.22%	2	1	93	93	0.5000000000008233	1	1	391	56	0	1	+T
D11_BC47_191109_LF_LIB_consensus_vsearch	2674	C	C	445	3	0.67%	2	1	93	93	0.12458100558661131	1	1	389	56	3	0	+A
D11_BC47_191109_LF_LIB_consensus_vsearch	2675	G	*/-A	434	12	2.67%	2	1	93	93	2.2650904494607855E-4	1	1	378	56	12	0	-A
D11_BC47_191109_LF_LIB_consensus_vsearch	2676	A	A	436	1	0.23%	2	1	93	93	0.5000000000008233	1	1	379	57	1	0	G
D11_BC47_191109_LF_LIB_consensus_vsearch	2677	T	*/+C	432	12	2.67%	2	1	93	93	2.2643156833193682E-4	1	1	375	57	12	0	+C
D11_BC47_191109_LF_LIB_consensus_vsearch	2678	C	C	430	6	1.34%	2	1	93	93	0.015356841341651906	1	1	374	56	6	0	-A
D11_BC47_191109_LF_LIB_consensus_vsearch	2679	A	R	428	7	1.59%	2	1	93	93	0.007624792930600719	1	1	371	57	7	0	G
D11_BC47_191109_LF_LIB_consensus_vsearch	2680	G	G	437	3	0.68%	2	1	93	93	0.12457337883968563	1	1	380	57	3	0	+A
D11_BC47_191109_LF_LIB_consensus_vsearch	2681	T	T	443	2	0.45%	2	1	93	93	0.2497187851519112	1	1	387	56	2	0	+A
D11_BC47_191109_LF_LIB_consensus_vsearch	2682	G	G	446	1	0.22%	2	1	93	93	0.5000000000008233	1	1	390	56	0	1	+CG
D11_BC47_191109_LF_LIB_consensus_vsearch	2683	A	A	445	2	0.45%	2	1	93	93	0.2497200447932722	1	1	388	57	2	0	G
D11_BC47_191109_LF_LIB_consensus_vsearch	2684	T	T	440	3	0.67%	2	2	93	93	0.1245762711863649	1	1	384	56	2	1	-GT
D11_BC47_191109_LF_LIB_consensus_vsearch	2685	G	R	429	13	2.92%	2	1	93	93	1.1161922648910357E-4	1	1	373	56	13	0	A
D11_BC47_191109_LF_LIB_consensus_vsearch	2686	T	*/-C	356	63	14.06%	2	2	93	93	8.713793312349699E-21	1	1	305	51	60	3	-C
D11_BC47_191109_LF_LIB_consensus_vsearch	2687	C	C	375	1	0.27%	2	1	93	93	0.5000000000003686	1	1	322	53	0	1	A
D11_BC47_191109_LF_LIB_consensus_vsearch	2688	C	C	434	2	0.45%	2	1	93	93	0.24971297359331265	1	1	379	55	2	0	+A
D11_BC47_191109_LF_LIB_consensus_vsearch	2689	C	Y	435	7	1.56%	2	2	93	93	0.007627752045228881	1	1	386	49	4	3	T
D11_BC47_191109_LF_LIB_consensus_vsearch	2690	A	W	435	8	1.79%	2	2	93	93	0.0037837097715777354	1	1	383	52	7	1	T
D11_BC47_191109_LF_LIB_consensus_vsearch	2691	T	T	445	2	0.44%	2	1	93	93	0.2497200447932722	1	1	391	54	2	0	C
D11_BC47_191109_LF_LIB_consensus_vsearch	2692	A	A	446	4	0.89%	2	2	93	93	0.06208310236944096	1	1	391	55	2	2	G
D11_BC47_191109_LF_LIB_consensus_vsearch	2693	T	*/-AT	430	13	2.89%	2	2	93	93	1.1164210469075442E-4	1	1	383	47	4	9	-AT
D11_BC47_191109_LF_LIB_consensus_vsearch	2694	A	R	421	9	2.07%	2	1	93	93	0.0018722700711233777	1	1	374	47	9	0	G
D11_BC47_191109_LF_LIB_consensus_vsearch	2695	T	T	426	4	0.92%	2	2	93	93	0.06206370056623179	1	1	381	45	2	2	+AT
D11_BC47_191109_LF_LIB_consensus_vsearch	2696	T	T	448	3	0.67%	2	2	93	93	0.12458379578250524	1	1	392	56	2	1	C
D11_BC47_191109_LF_LIB_consensus_vsearch	2697	T	T	445	3	0.67%	2	1	93	93	0.12458100558661131	1	1	388	57	3	0	-A
D11_BC47_191109_LF_LIB_consensus_vsearch	2698	A	A	443	3	0.67%	2	1	93	93	0.12457912457918291	1	1	386	57	3	0	+CA
D11_BC47_191109_LF_LIB_consensus_vsearch	2699	A	A	436	5	1.11%	2	1	93	93	0.030895894751978216	1	1	382	54	5	0	-TAA
D11_BC47_191109_LF_LIB_consensus_vsearch	2700	T	T	440	2	0.45%	2	1	93	93	0.2497168742917677	1	1	384	56	2	0	C
D11_BC47_191109_LF_LIB_consensus_vsearch	2701	A	A	439	2	0.45%	2	1	93	93	0.2497162315547306	1	1	382	57	2	0	+GC
D11_BC47_191109_LF_LIB_consensus_vsearch	2702	A	R	436	7	1.57%	2	1	93	93	0.007628167177128368	1	1	380	56	7	0	G
D11_BC47_191109_LF_LIB_consensus_vsearch	2703	C	C	443	4	0.89%	2	1	93	93	0.06208030284174911	1	1	388	55	4	0	+TT
D11_BC47_191109_LF_LIB_consensus_vsearch	2704	T	T	447	3	0.67%	2	2	93	93	0.12458286985565502	1	1	393	54	1	2	C
D11_BC47_191109_LF_LIB_consensus_vsearch	2705	G	G	451	0	0%	2	0	93	0	1.0	1	0	394	57	0	0	
D11_BC47_191109_LF_LIB_consensus_vsearch	2706	T	T	447	3	0.67%	2	1	93	93	0.12458286985565502	1	1	390	57	3	0	C
D11_BC47_191109_LF_LIB_consensus_vsearch	2707	T	T	446	3	0.67%	2	2	93	93	0.1245819397993151	1	1	390	56	2	1	-C
D11_BC47_191109_LF_LIB_consensus_vsearch	2708	C	C	439	5	1.12%	2	1	93	93	0.030898285976353152	1	1	385	54	5	0	-G
D11_BC47_191109_LF_LIB_consensus_vsearch	2709	G	R	395	45	10.11%	2	1	93	93	8.685662622888045E-15	1	1	338	57	45	0	A
D11_BC47_191109_LF_LIB_consensus_vsearch	2710	G	G	439	2	0.44%	2	2	93	93	0.2497162315547306	1	1	386	53	1	1	-T
D11_BC47_191109_LF_LIB_consensus_vsearch	2711	T	*/-A	387	48	10.79%	2	2	93	93	9.007931834549769E-16	1	1	353	34	32	16	-A
D11_BC47_191109_LF_LIB_consensus_vsearch	2712	A	A	390	5	1.26%	2	1	93	93	0.030854683924238017	1	1	353	37	5	0	G
D11_BC47_191109_LF_LIB_consensus_vsearch	2713	A	R	424	9	2.02%	2	2	93	93	0.0018728240442215458	1	1	374	50	8	1	G
D11_BC47_191109_LF_LIB_consensus_vsearch	2714	G	K	421	9	2.03%	2	1	93	93	0.0018722700711233777	1	1	387	34	0	9	T
D11_BC47_191109_LF_LIB_consensus_vsearch	2715	G	G	447	1	0.22%	2	1	93	93	0.5000000000008233	1	1	392	55	0	1	+A
D11_BC47_191109_LF_LIB_consensus_vsearch	2716	A	A	446	2	0.45%	2	1	93	93	0.24972067039122897	1	1	393	53	0	2	G
D11_BC47_191109_LF_LIB_consensus_vsearch	2717	C	C	445	5	1.11%	2	2	93	93	0.030902972831159826	1	1	392	53	1	4	-T
D11_BC47_191109_LF_LIB_consensus_vsearch	2718	T	T	442	2	0.45%	2	2	93	93	0.2497181510708481	1	1	391	51	1	1	C
D11_BC47_191109_LF_LIB_consensus_vsearch	2719	C	*/-GCG	428	9	2%	2	1	93	93	0.0018735509751739627	1	1	372	56	9	0	-GCG
D11_BC47_191109_LF_LIB_consensus_vsearch	2720	G	G	428	5	1.15%	2	1	93	93	0.030889356258247617	1	1	372	56	5	0	A
D11_BC47_191109_LF_LIB_consensus_vsearch	2721	C	*/-GC	376	47	10.73%	2	1	93	93	1.836756302395694E-15	1	1	320	56	47	0	-GC
D11_BC47_191109_LF_LIB_consensus_vsearch	2722	G	G	376	5	1.3%	2	1	93	93	0.030840167659546065	1	1	321	55	5	0	A
D11_BC47_191109_LF_LIB_consensus_vsearch	2723	C	*/-T	364	19	4.85%	2	2	93	93	1.5172937883248068E-6	1	1	309	55	18	1	-T
D11_BC47_191109_LF_LIB_consensus_vsearch	2724	T	T	418	1	0.24%	2	1	93	93	0.4999999999990043	1	1	364	54	1	0	A
D11_BC47_191109_LF_LIB_consensus_vsearch	2725	T	*/+C	406	21	4.71%	2	1	93	93	3.7062847039343943E-7	1	1	351	55	21	0	+C
D11_BC47_191109_LF_LIB_consensus_vsearch	2726	C	*/-A	411	14	3.23%	2	2	93	93	5.474350555951183E-5	1	1	357	54	13	1	-A
D11_BC47_191109_LF_LIB_consensus_vsearch	2727	A	R	406	15	3.48%	2	1	93	93	2.6880690187417594E-5	1	1	351	55	15	0	G
D11_BC47_191109_LF_LIB_consensus_vsearch	2728	G	*/-A	435	8	1.8%	2	1	93	93	0.0037837097715777354	1	1	378	57	8	0	-A
D11_BC47_191109_LF_LIB_consensus_vsearch	2729	A	R	383	28	6.32%	2	2	93	93	2.3146975489102217E-9	1	1	328	55	26	2	G
D11_BC47_191109_LF_LIB_consensus_vsearch	2730	C	S	395	26	6.13%	2	1	93	93	1.0007493567740277E-8	1	1	338	57	26	0	G
D11_BC47_191109_LF_LIB_consensus_vsearch	2731	C	C	441	3	0.67%	2	1	93	93	0.12457722660661777	1	1	385	56	3	0	+A
D11_BC47_191109_LF_LIB_consensus_vsearch	2732	C	Y	432	10	2.22%	2	2	93	93	9.275806861447792E-4	1	1	381	51	4	6	T
D11_BC47_191109_LF_LIB_consensus_vsearch	2733	G	G	442	2	0.45%	2	1	93	93	0.2497181510708481	1	1	385	57	2	0	-A
D11_BC47_191109_LF_LIB_consensus_vsearch	2734	A	R	432	11	2.46%	2	1	93	93	4.5854977422456113E-4	1	1	376	56	11	0	G
D11_BC47_191109_LF_LIB_consensus_vsearch	2735	C	C	445	2	0.44%	2	2	93	93	0.2497200447932722	1	1	390	55	1	1	-T
D11_BC47_191109_LF_LIB_consensus_vsearch	2736	T	*/+C	422	21	4.68%	2	2	93	93	3.740981261298434E-7	1	1	368	54	20	1	+C
D11_BC47_191109_LF_LIB_consensus_vsearch	2737	C	*/+A	426	17	3.79%	2	1	93	93	6.5246507648444996E-6	1	1	370	56	17	0	+A
D11_BC47_191109_LF_LIB_consensus_vsearch	2738	G	*/-A	430	15	3.35%	2	1	93	93	2.7068371529022044E-5	1	1	373	57	15	0	-A
D11_BC47_191109_LF_LIB_consensus_vsearch	2739	A	A	434	2	0.46%	2	1	93	93	0.24971297359331265	1	1	377	57	2	0	G
D11_BC47_191109_LF_LIB_consensus_vsearch	2740	A	A	443	5	1.11%	2	2	93	93	0.030901424487179464	1	1	387	56	4	1	G
D11_BC47_191109_LF_LIB_consensus_vsearch	2741	C	C	448	2	0.44%	2	2	93	93	0.24972191323697995	1	1	392	56	1	1	T
D11_BC47_191109_LF_LIB_consensus_vsearch	2742	A	A	447	2	0.44%	2	1	93	93	0.24972129319990002	1	1	392	55	2	0	G
D11_BC47_191109_LF_LIB_consensus_vsearch	2743	T	*/+C	436	12	2.67%	2	1	93	93	2.2658584690234848E-4	1	1	380	56	12	0	+C
D11_BC47_191109_LF_LIB_consensus_vsearch	2744	C	*/-T	435	7	1.56%	2	2	93	93	0.007627752045228881	1	1	383	52	6	1	-T
D11_BC47_191109_LF_LIB_consensus_vsearch	2745	T	T	431	3	0.68%	2	1	93	93	0.12456747404820136	1	1	377	54	3	0	-G
D11_BC47_191109_LF_LIB_consensus_vsearch	2746	G	*/-A	385	56	12.53%	2	1	93	93	2.1503027037694914E-18	1	1	328	57	56	0	-A
D11_BC47_191109_LF_LIB_consensus_vsearch	2747	A	A	387	2	0.51%	2	1	93	93	0.24967824967779578	1	1	331	56	2	0	+G
D11_BC47_191109_LF_LIB_consensus_vsearch	2748	A	R	427	12	2.67%	2	2	93	93	2.2623486621516718E-4	1	1	371	56	11	1	G
D11_BC47_191109_LF_LIB_consensus_vsearch	2749	G	G	444	1	0.22%	2	1	93	93	0.5000000000008233	1	1	387	57	1	0	A
D11_BC47_191109_LF_LIB_consensus_vsearch	2750	C	C	435	6	1.33%	2	1	93	93	0.015359874699953162	1	1	379	56	6	0	+T
D11_BC47_191109_LF_LIB_consensus_vsearch	2751	A	R	410	23	5.16%	2	1	93	93	8.831451741297899E-8	1	1	353	57	23	0	G
D11_BC47_191109_LF_LIB_consensus_vsearch	2752	C	*/+G	381	24	5.38%	2	2	93	93	4.196179786620246E-8	1	1	335	46	21	3	+G
D11_BC47_191109_LF_LIB_consensus_vsearch	2753	G	R	376	43	10%	2	1	93	93	3.651679906182355E-14	1	1	327	49	43	0	A
D11_BC47_191109_LF_LIB_consensus_vsearch	2754	G	R	430	17	3.79%	2	2	93	93	6.533963048407704E-6	1	1	375	55	16	1	A
D11_BC47_191109_LF_LIB_consensus_vsearch	2755	G	*/+A	435	7	1.55%	2	1	93	93	0.007627752045228881	1	1	378	57	7	0	+A
D11_BC47_191109_LF_LIB_consensus_vsearch	2756	G	K	438	9	2%	2	1	93	93	0.001875312003649851	1	1	382	56	9	0	T
D11_BC47_191109_LF_LIB_consensus_vsearch	2757	T	*/+G	439	8	1.78%	2	1	93	93	0.003784798257927548	1	1	384	55	8	0	+G
D11_BC47_191109_LF_LIB_consensus_vsearch	2758	G	*/-A	427	15	3.34%	2	1	93	93	2.7045976238335243E-5	1	1	372	55	15	0	-A
D11_BC47_191109_LF_LIB_consensus_vsearch	2759	A	A	428	2	0.46%	2	1	93	93	0.24970896391120487	1	1	373	55	2	0	G
D11_BC47_191109_LF_LIB_consensus_vsearch	2760	A	A	439	4	0.89%	2	1	93	93	0.06207651112360454	1	1	383	56	4	0	G
D11_BC47_191109_LF_LIB_consensus_vsearch	2761	G	R	435	11	2.44%	2	1	93	93	4.587459048221758E-4	1	1	380	55	11	0	A
D11_BC47_191109_LF_LIB_consensus_vsearch	2762	C	C	435	4	0.89%	2	2	93	93	0.06207265026891802	1	1	383	52	2	2	+T
D11_BC47_191109_LF_LIB_consensus_vsearch	2763	A	R	424	16	3.57%	2	1	93	93	1.3281070163027198E-5	1	1	368	56	16	0	G
D11_BC47_191109_LF_LIB_consensus_vsearch	2764	T	*/-A	309	92	20.54%	2	1	93	93	5.4880924409179125E-31	1	1	278	31	92	0	-A
D11_BC47_191109_LF_LIB_consensus_vsearch	2765	A	A	322	5	1.51%	2	1	93	93	0.030772542183905342	1	1	290	32	5	0	C
D11_BC47_191109_LF_LIB_consensus_vsearch	2766	A	R	404	13	3.05%	2	1	93	93	1.1101277914824134E-4	1	1	373	31	13	0	G
D11_BC47_191109_LF_LIB_consensus_vsearch	2767	G	R	433	10	2.24%	2	1	93	93	9.276896125167864E-4	1	1	378	55	10	0	A
D11_BC47_191109_LF_LIB_consensus_vsearch	2768	C	*/+T	403	12	2.68%	2	2	93	93	2.252264779649526E-4	1	1	362	41	11	1	+T
D11_BC47_191109_LF_LIB_consensus_vsearch	2769	T	T	419	6	1.41%	2	2	93	93	0.015349917324271899	1	1	371	48	4	2	C
D11_BC47_191109_LF_LIB_consensus_vsearch	2770	T	T	432	3	0.69%	2	2	93	93	0.12456846950514457	1	1	380	52	2	1	C
D11_BC47_191109_LF_LIB_consensus_vsearch	2771	T	*/+C	433	7	1.56%	2	1	93	93	0.0076269161468125015	1	1	381	52	7	0	+C
D11_BC47_191109_LF_LIB_consensus_vsearch	2772	C	*/-A	360	79	17.71%	2	1	93	93	3.4858519856717746E-26	1	1	308	52	79	0	-A
D11_BC47_191109_LF_LIB_consensus_vsearch	2773	A	A	354	4	1.09%	2	1	93	93	0.06197589227041825	1	1	299	55	4	0	G
D11_BC47_191109_LF_LIB_consensus_vsearch	2774	C	C	436	6	1.35%	2	2	93	93	0.01536047315528176	1	1	384	52	5	1	-T
D11_BC47_191109_LF_LIB_consensus_vsearch	2775	T	*/+C	143	293	65.84%	2	2	93	93	1.6465567020623005E-122	1	1	107	36	279	14	+C
D11_BC47_191109_LF_LIB_consensus_vsearch	2776	C	C	437	5	1.12%	2	2	93	93	0.03089669543126854	1	1	392	45	1	4	-A
D11_BC47_191109_LF_LIB_consensus_vsearch	2777	A	M	420	25	5.61%	2	2	93	93	2.1071463853107665E-8	1	1	381	39	11	14	C
D11_BC47_191109_LF_LIB_consensus_vsearch	2778	A	A	441	4	0.89%	2	1	93	93	0.062078415508149166	1	1	388	53	4	0	G
D11_BC47_191109_LF_LIB_consensus_vsearch	2779	T	Y	418	19	4.23%	2	2	93	93	1.5617633199588545E-6	1	1	380	38	2	17	C
D11_BC47_191109_LF_LIB_consensus_vsearch	2780	T	*/-A	431	7	1.56%	2	1	93	93	0.007626072650234986	1	1	381	50	7	0	-A
D11_BC47_191109_LF_LIB_consensus_vsearch	2781	A	A	436	2	0.46%	2	2	93	93	0.2497142857145226	1	1	381	55	1	1	G
D11_BC47_191109_LF_LIB_consensus_vsearch	2782	A	R	432	12	2.69%	2	1	93	93	2.2643156833193682E-4	1	1	376	56	12	0	G
D11_BC47_191109_LF_LIB_consensus_vsearch	2783	C	C	441	1	0.22%	2	1	93	93	0.5000000000008233	1	1	385	56	1	0	+G
D11_BC47_191109_LF_LIB_consensus_vsearch	2784	G	G	442	4	0.89%	2	2	93	93	0.06207936129200334	1	1	390	52	1	3	-TG
D11_BC47_191109_LF_LIB_consensus_vsearch	2785	T	T	434	4	0.9%	2	1	93	93	0.062071674030406296	1	1	381	53	4	0	-G
D11_BC47_191109_LF_LIB_consensus_vsearch	2786	G	G	438	2	0.45%	2	1	93	93	0.24971558589274387	1	1	385	53	2	0	A
D11_BC47_191109_LF_LIB_consensus_vsearch	2787	A	A	434	6	1.34%	2	1	93	93	0.015359273530652235	1	1	378	56	6	0	-C
D11_BC47_191109_LF_LIB_consensus_vsearch	2788	C	C	439	3	0.68%	2	1	93	93	0.12457531143833234	1	1	383	56	3	0	T
D11_BC47_191109_LF_LIB_consensus_vsearch	2789	C	*/+A	433	13	2.88%	2	1	93	93	1.1171014262094148E-4	1	1	377	56	13	0	+A
D11_BC47_191109_LF_LIB_consensus_vsearch	2790	A	*/+G	437	8	1.78%	2	1	93	93	0.00378425644253265	1	1	381	56	8	0	+G
D11_BC47_191109_LF_LIB_consensus_vsearch	2791	G	*/+A	429	8	1.78%	2	1	93	93	0.0037820399638697363	1	1	373	56	8	0	+A
D11_BC47_191109_LF_LIB_consensus_vsearch	2792	A	*/-G	421	12	2.72%	2	1	93	93	2.259929805737435E-4	1	1	365	56	12	0	-G
D11_BC47_191109_LF_LIB_consensus_vsearch	2793	G	G	428	6	1.37%	2	1	93	93	0.015355608474412826	1	1	373	55	6	0	+AG
D11_BC47_191109_LF_LIB_consensus_vsearch	2794	G	G	447	2	0.44%	2	1	93	93	0.24972129319990002	1	1	390	57	2	0	A
D11_BC47_191109_LF_LIB_consensus_vsearch	2795	T	T	447	2	0.44%	2	1	93	93	0.24972129319990002	1	1	390	57	2	0	C
D11_BC47_191109_LF_LIB_consensus_vsearch	2796	C	*/-AC	398	28	6.22%	2	1	93	93	2.355140214791524E-9	1	1	343	55	28	0	-AC
D11_BC47_191109_LF_LIB_consensus_vsearch	2797	A	A	393	5	1.23%	2	1	93	93	0.03085766177318207	1	1	339	54	5	0	T
D11_BC47_191109_LF_LIB_consensus_vsearch	2798	C	Y	388	16	3.8%	2	1	93	93	1.3114605407806796E-5	1	1	333	55	16	0	T
D11_BC47_191109_LF_LIB_consensus_vsearch	2799	A	W	406	29	6.5%	2	1	93	93	1.1496226342422065E-9	1	1	352	54	29	0	T
D11_BC47_191109_LF_LIB_consensus_vsearch	2800	G	*/-A	335	109	24.44%	2	2	93	93	7.901413635902226E-37	1	1	280	55	108	1	-A
D11_BC47_191109_LF_LIB_consensus_vsearch	2801	A	A	332	4	1.18%	2	1	93	93	0.06194155032653797	1	1	276	56	4	0	G
D11_BC47_191109_LF_LIB_consensus_vsearch	2802	A	*/-G	327	110	24.44%	2	2	93	93	2.946745124063971E-37	1	1	283	44	103	7	-G
D11_BC47_191109_LF_LIB_consensus_vsearch	2803	G	G	329	6	1.78%	2	1	93	93	0.015276238612881932	1	1	279	50	6	0	+A
D11_BC47_191109_LF_LIB_consensus_vsearch	2804	G	G	436	6	1.34%	2	1	93	93	0.01536047315528176	1	1	379	57	6	0	+A
D11_BC47_191109_LF_LIB_consensus_vsearch	2805	G	R	410	26	5.76%	2	1	93	93	1.014973264952114E-8	1	1	353	57	26	0	A
D11_BC47_191109_LF_LIB_consensus_vsearch	2806	A	*/-T	297	138	31.36%	2	2	93	93	6.604719642428387E-48	1	1	241	56	137	1	-T
D11_BC47_191109_LF_LIB_consensus_vsearch	2807	T	W	287	10	3.28%	2	1	93	93	9.04196359570001E-4	1	1	232	55	10	0	A
D11_BC47_191109_LF_LIB_consensus_vsearch	2808	T	*/-A	389	18	4.04%	2	1	93	93	3.1479628934266223E-6	1	1	332	57	18	0	-A
D11_BC47_191109_LF_LIB_consensus_vsearch	2809	A	*/-G	394	18	4.2%	2	1	93	93	3.1554713601993284E-6	1	1	341	53	18	0	-G
D11_BC47_191109_LF_LIB_consensus_vsearch	2810	G	G	411	5	1.18%	2	1	93	93	0.030874627485352822	1	1	357	54	5	0	-A
D11_BC47_191109_LF_LIB_consensus_vsearch	2811	A	A	433	2	0.46%	2	1	93	93	0.2497123130030455	1	1	376	57	2	0	+G
D11_BC47_191109_LF_LIB_consensus_vsearch	2812	A	A	445	2	0.45%	2	1	93	93	0.2497200447932722	1	1	388	57	2	0	G
D11_BC47_191109_LF_LIB_consensus_vsearch	2813	A	A	442	4	0.89%	2	2	93	93	0.06207936129200334	1	1	387	55	3	1	G
D11_BC47_191109_LF_LIB_consensus_vsearch	2814	C	C	446	1	0.22%	2	1	93	93	0.5000000000008233	1	1	390	56	1	0	+T
D11_BC47_191109_LF_LIB_consensus_vsearch	2815	C	C	447	1	0.22%	2	1	93	93	0.5000000000008233	1	1	391	56	1	0	+A
D11_BC47_191109_LF_LIB_consensus_vsearch	2816	G	G	435	5	1.11%	2	2	93	93	0.030895090435182324	1	1	379	56	4	1	-CCG
D11_BC47_191109_LF_LIB_consensus_vsearch	2817	C	C	438	1	0.23%	2	1	93	93	0.4999999999999138	1	1	382	56	1	0	+A
D11_BC47_191109_LF_LIB_consensus_vsearch	2818	C	C	437	3	0.67%	2	1	93	93	0.12457337883968563	1	1	382	55	3	0	-G
D11_BC47_191109_LF_LIB_consensus_vsearch	2819	G	G	437	3	0.68%	2	1	93	93	0.12457337883968563	1	1	382	55	3	0	A
D11_BC47_191109_LF_LIB_consensus_vsearch	2820	C	*/-T	368	40	8.91%	2	2	93	93	3.3293543459351804E-13	1	1	325	43	30	10	-T
D11_BC47_191109_LF_LIB_consensus_vsearch	2821	T	T	395	3	0.75%	2	1	93	93	0.12452830188671389	1	1	351	44	3	0	C
D11_BC47_191109_LF_LIB_consensus_vsearch	2822	T	T	434	2	0.46%	2	1	93	93	0.24971297359331265	1	1	381	53	2	0	C
D11_BC47_191109_LF_LIB_consensus_vsearch	2823	T	T	441	3	0.67%	2	1	93	93	0.12457722660661777	1	1	386	55	3	0	C
D11_BC47_191109_LF_LIB_consensus_vsearch	2824	T	T	437	3	0.67%	2	1	93	93	0.12457337883968563	1	1	386	51	3	0	C
D11_BC47_191109_LF_LIB_consensus_vsearch	2825	G	G	445	1	0.22%	2	1	93	93	0.4999999999999138	1	1	389	56	1	0	C
D11_BC47_191109_LF_LIB_consensus_vsearch	2826	A	R	434	9	2%	2	1	93	93	0.0018746170280654298	1	1	378	56	9	0	G
D11_BC47_191109_LF_LIB_consensus_vsearch	2827	C	*/-AC	393	47	10.44%	2	1	93	93	1.941081396921136E-15	1	1	337	56	47	0	-AC
D11_BC47_191109_LF_LIB_consensus_vsearch	2828	A	A	389	5	1.25%	2	2	93	93	0.030853681237272182	1	1	333	56	4	1	G
D11_BC47_191109_LF_LIB_consensus_vsearch	2829	C	C	384	4	1%	2	2	93	93	0.06201644201482272	1	1	329	55	3	1	T
D11_BC47_191109_LF_LIB_consensus_vsearch	2830	G	R	432	10	2.25%	2	1	93	93	9.275806861447792E-4	1	1	375	57	10	0	A
D11_BC47_191109_LF_LIB_consensus_vsearch	2831	G	R	441	7	1.55%	2	1	93	93	0.0076302151642897355	1	1	384	57	7	0	A
D11_BC47_191109_LF_LIB_consensus_vsearch	2832	C	C	428	6	1.33%	2	1	93	93	0.015355608474412826	1	1	372	56	6	0	+TT
D11_BC47_191109_LF_LIB_consensus_vsearch	2833	A	R	414	23	5.17%	2	1	93	93	8.856382627956532E-8	1	1	357	57	23	0	G
D11_BC47_191109_LF_LIB_consensus_vsearch	2834	G	G	428	5	1.13%	2	1	93	93	0.030889356258247617	1	1	373	55	5	0	A
D11_BC47_191109_LF_LIB_consensus_vsearch	2835	C	C	433	5	1.12%	2	2	93	93	0.030893470790357477	1	1	381	52	3	2	+AGC
D11_BC47_191109_LF_LIB_consensus_vsearch	2836	C	C	441	4	0.89%	2	2	93	93	0.062078415508149166	1	1	388	53	2	2	-T
D11_BC47_191109_LF_LIB_consensus_vsearch	2837	T	*/+C	137	280	62.92%	2	2	93	93	4.684516846854908E-117	1	1	125	12	246	34	+C
D11_BC47_191109_LF_LIB_consensus_vsearch	2838	C	C	441	2	0.45%	2	1	93	93	0.24971751412472734	1	1	386	55	2	0	+T
D11_BC47_191109_LF_LIB_consensus_vsearch	2839	C	M	437	7	1.55%	2	1	93	93	0.007628580447648388	1	1	383	54	7	0	A
D11_BC47_191109_LF_LIB_consensus_vsearch	2840	C	C	443	3	0.67%	2	2	93	93	0.12457912457918291	1	1	389	54	2	1	T
D11_BC47_191109_LF_LIB_consensus_vsearch	2841	A	M	441	7	1.56%	2	1	93	93	0.0076302151642897355	1	1	384	57	7	0	C
D11_BC47_191109_LF_LIB_consensus_vsearch	2842	A	R	435	7	1.56%	2	1	93	93	0.007627752045228881	1	1	378	57	7	0	G
D11_BC47_191109_LF_LIB_consensus_vsearch	2843	C	*/-GC	423	16	3.61%	2	1	93	93	1.3276795323882159E-5	1	1	366	57	16	0	-GC
D11_BC47_191109_LF_LIB_consensus_vsearch	2844	G	G	427	3	0.7%	2	1	93	93	0.12456344586746677	1	1	370	57	3	0	A
D11_BC47_191109_LF_LIB_consensus_vsearch	2845	C	C	423	2	0.46%	2	1	93	93	0.24970553592454253	1	1	367	56	2	0	+GC
D11_BC47_191109_LF_LIB_consensus_vsearch	2846	A	A	443	4	0.89%	2	1	93	93	0.06208030284174911	1	1	386	57	4	0	G
D11_BC47_191109_LF_LIB_consensus_vsearch	2847	C	*/-AC	387	55	12.25%	2	1	93	93	4.627016081810555E-18	1	1	331	56	55	0	-AC
D11_BC47_191109_LF_LIB_consensus_vsearch	2848	A	A	384	3	0.77%	2	1	93	93	0.12451487710233766	1	1	328	56	3	0	G
D11_BC47_191109_LF_LIB_consensus_vsearch	2849	C	C	386	3	0.76%	2	1	93	93	0.12451737451743523	1	1	329	57	3	0	+AC
D11_BC47_191109_LF_LIB_consensus_vsearch	2850	T	T	437	4	0.89%	2	1	93	93	0.062074589455845104	1	1	385	52	0	4	C
D11_BC47_191109_LF_LIB_consensus_vsearch	2851	G	G	442	4	0.89%	2	1	93	93	0.06207936129200334	1	1	386	56	4	0	-A
D11_BC47_191109_LF_LIB_consensus_vsearch	2852	A	A	441	3	0.67%	2	1	93	93	0.12457722660661777	1	1	384	57	3	0	+G
D11_BC47_191109_LF_LIB_consensus_vsearch	2853	G	G	443	3	0.67%	2	1	93	93	0.12457912457918291	1	1	387	56	3	0	+A
D11_BC47_191109_LF_LIB_consensus_vsearch	2854	C	C	439	3	0.67%	2	1	93	93	0.12457531143833234	1	1	383	56	3	0	-A
D11_BC47_191109_LF_LIB_consensus_vsearch	2855	A	R	412	27	6.08%	2	2	93	93	4.933318177194983E-9	1	1	357	55	26	1	G
D11_BC47_191109_LF_LIB_consensus_vsearch	2856	G	G	441	2	0.45%	2	1	93	93	0.24971751412472734	1	1	385	56	2	0	-C
D11_BC47_191109_LF_LIB_consensus_vsearch	2857	C	C	440	2	0.45%	2	2	93	93	0.2497168742917677	1	1	385	55	1	1	T
D11_BC47_191109_LF_LIB_consensus_vsearch	2858	C	C	443	4	0.89%	2	1	93	93	0.06208030284174911	1	1	386	57	4	0	+GC
D11_BC47_191109_LF_LIB_consensus_vsearch	2859	A	A	436	5	1.11%	2	2	93	93	0.030895894751978216	1	1	381	55	4	1	-TA
D11_BC47_191109_LF_LIB_consensus_vsearch	2860	T	*/-A	424	9	2.03%	2	2	93	93	0.0018728240442215458	1	1	370	54	8	1	-A
D11_BC47_191109_LF_LIB_consensus_vsearch	2861	A	A	427	5	1.15%	2	2	93	93	0.03088852192937873	1	1	373	54	4	1	C
D11_BC47_191109_LF_LIB_consensus_vsearch	2862	A	R	437	8	1.78%	2	2	93	93	0.00378425644253265	1	1	381	56	7	1	G
D11_BC47_191109_LF_LIB_consensus_vsearch	2863	G	*/-C	429	8	1.79%	2	1	93	93	0.0037820399638697363	1	1	373	56	8	0	-C
D11_BC47_191109_LF_LIB_consensus_vsearch	2864	C	C	434	3	0.68%	2	2	93	93	0.12457044673541934	1	1	379	55	2	1	T
D11_BC47_191109_LF_LIB_consensus_vsearch	2865	C	Y	434	7	1.56%	2	2	93	93	0.007627335039353406	1	1	382	52	3	4	T
D11_BC47_191109_LF_LIB_consensus_vsearch	2866	G	G	440	3	0.68%	2	1	93	93	0.1245762711863649	1	1	384	56	3	0	A
D11_BC47_191109_LF_LIB_consensus_vsearch	2867	C	C	437	5	1.12%	2	1	93	93	0.03089669543126854	1	1	386	51	0	5	T
D11_BC47_191109_LF_LIB_consensus_vsearch	2868	A	A	446	3	0.67%	2	1	93	93	0.1245819397993151	1	1	389	57	3	0	G
D11_BC47_191109_LF_LIB_consensus_vsearch	2869	T	*/-C	418	24	5.33%	2	1	93	93	4.324795698433894E-8	1	1	361	57	24	0	-C
D11_BC47_191109_LF_LIB_consensus_vsearch	2870	C	C	422	1	0.24%	2	1	93	93	0.5000000000008233	1	1	366	56	1	0	+A
D11_BC47_191109_LF_LIB_consensus_vsearch	2871	C	C	435	6	1.34%	2	1	93	93	0.015359874699953162	1	1	378	57	6	0	+G
D11_BC47_191109_LF_LIB_consensus_vsearch	2872	A	A	446	2	0.45%	2	1	93	93	0.24972067039122897	1	1	389	57	2	0	G
D11_BC47_191109_LF_LIB_consensus_vsearch	2873	G	G	445	2	0.45%	2	1	93	93	0.2497200447932722	1	1	389	56	2	0	T
D11_BC47_191109_LF_LIB_consensus_vsearch	2874	T	T	443	2	0.45%	2	1	93	93	0.2497187851519112	1	1	389	54	0	2	+G
D11_BC47_191109_LF_LIB_consensus_vsearch	2875	G	G	444	1	0.22%	2	1	93	93	0.5000000000008233	1	1	388	56	1	0	+AA
D11_BC47_191109_LF_LIB_consensus_vsearch	2876	G	G	445	2	0.45%	2	1	93	93	0.2497200447932722	1	1	389	56	2	0	-CA
D11_BC47_191109_LF_LIB_consensus_vsearch	2877	C	C	442	3	0.67%	2	1	93	93	0.12457817772799688	1	1	386	56	3	0	T
D11_BC47_191109_LF_LIB_consensus_vsearch	2878	A	A	444	1	0.22%	2	1	93	93	0.5000000000008233	1	1	388	56	1	0	+CA
D11_BC47_191109_LF_LIB_consensus_vsearch	2879	T	*/+C	432	18	3.99%	2	1	93	93	3.2074585795037237E-6	1	1	375	57	18	0	+C
D11_BC47_191109_LF_LIB_consensus_vsearch	2880	C	C	439	4	0.89%	2	1	93	93	0.06207651112360454	1	1	382	57	4	0	+A
D11_BC47_191109_LF_LIB_consensus_vsearch	2881	A	R	438	9	2%	2	1	93	93	0.001875312003649851	1	1	381	57	9	0	G
D11_BC47_191109_LF_LIB_consensus_vsearch	2882	G	R	428	21	4.66%	2	1	93	93	3.753418170866084E-7	1	1	371	57	21	0	A
D11_BC47_191109_LF_LIB_consensus_vsearch	2883	C	*/-T	427	13	2.89%	2	2	93	93	1.1157316780867368E-4	1	1	373	54	12	1	-T
D11_BC47_191109_LF_LIB_consensus_vsearch	2884	T	W	416	11	2.55%	2	1	93	93	4.574581519691363E-4	1	1	361	55	11	0	A
D11_BC47_191109_LF_LIB_consensus_vsearch	2885	T	*/-GT	424	9	2.02%	2	1	93	93	0.0018728240442215458	1	1	371	53	9	0	-GT
D11_BC47_191109_LF_LIB_consensus_vsearch	2886	G	*/-T	410	11	2.51%	2	1	93	93	4.570278461449636E-4	1	1	355	55	11	0	-T
D11_BC47_191109_LF_LIB_consensus_vsearch	2887	T	T	422	3	0.7%	2	2	93	93	0.12455830388715546	1	1	367	55	2	1	C
D11_BC47_191109_LF_LIB_consensus_vsearch	2888	T	T	446	1	0.22%	2	1	93	93	0.5000000000008233	1	1	389	57	1	0	+GTT
D11_BC47_191109_LF_LIB_consensus_vsearch	2889	T	*/-A	434	10	2.23%	2	1	93	93	9.277980556005647E-4	1	1	377	57	10	0	-A
D11_BC47_191109_LF_LIB_consensus_vsearch	2890	A	A	435	2	0.46%	2	1	93	93	0.24971363115699957	1	1	378	57	2	0	C
D11_BC47_191109_LF_LIB_consensus_vsearch	2891	A	R	439	8	1.78%	2	1	93	93	0.003784798257927548	1	1	382	57	8	0	G
D11_BC47_191109_LF_LIB_consensus_vsearch	2892	T	T	441	5	1.11%	2	1	93	93	0.030899862264693823	1	1	384	57	5	0	+C
D11_BC47_191109_LF_LIB_consensus_vsearch	2893	C	*/-A	430	15	3.34%	2	2	93	93	2.7068371529022044E-5	1	1	376	54	13	2	-A
D11_BC47_191109_LF_LIB_consensus_vsearch	2894	A	A	427	4	0.92%	2	1	93	93	0.06206471344608787	1	1	373	54	4	0	+G
D11_BC47_191109_LF_LIB_consensus_vsearch	2895	A	R	437	9	2%	2	1	93	93	0.0018751394156906677	1	1	381	56	9	0	G
D11_BC47_191109_LF_LIB_consensus_vsearch	2896	G	G	444	3	0.67%	2	1	93	93	0.12458006718908442	1	1	387	57	3	0	-A
D11_BC47_191109_LF_LIB_consensus_vsearch	2897	A	R	423	7	1.56%	2	1	93	93	0.007622620571895094	1	1	367	56	7	0	G
D11_BC47_191109_LF_LIB_consensus_vsearch	2898	C	Y	438	8	1.78%	2	2	93	93	0.0037845279531252564	1	1	384	54	7	1	T
D11_BC47_191109_LF_LIB_consensus_vsearch	2899	T	Y	428	12	2.68%	2	2	93	93	2.2627455527610537E-4	1	1	375	53	10	2	C
D11_BC47_191109_LF_LIB_consensus_vsearch	2900	G	S	439	7	1.56%	2	1	93	93	0.00762940145447119	1	1	382	57	7	0	C
D11_BC47_191109_LF_LIB_consensus_vsearch	2901	A	*/+G	431	7	1.57%	2	1	93	93	0.007626072650234986	1	1	374	57	7	0	+G
D11_BC47_191109_LF_LIB_consensus_vsearch	2902	T	T	439	6	1.33%	2	1	93	93	0.015362252420215997	1	1	382	57	6	0	-C
D11_BC47_191109_LF_LIB_consensus_vsearch	2903	C	C	437	4	0.9%	2	1	93	93	0.062074589455845104	1	1	380	57	4	0	+G
D11_BC47_191109_LF_LIB_consensus_vsearch	2904	C	C	450	1	0.22%	2	1	93	93	0.5000000000008233	1	1	393	57	1	0	-T
D11_BC47_191109_LF_LIB_consensus_vsearch	2905	T	T	445	4	0.89%	2	2	93	93	0.0620821733525388	1	1	389	56	3	1	C
D11_BC47_191109_LF_LIB_consensus_vsearch	2906	T	*/+C	390	41	9.09%	2	1	93	93	1.675301970717746E-13	1	1	333	57	41	0	+C
D11_BC47_191109_LF_LIB_consensus_vsearch	2907	C	C	434	2	0.46%	2	1	93	93	0.24971297359331265	1	1	377	57	2	0	+A
D11_BC47_191109_LF_LIB_consensus_vsearch	2908	C	*/+T	402	13	2.9%	2	2	93	93	1.1096121102660942E-4	1	1	346	56	12	1	+T
D11_BC47_191109_LF_LIB_consensus_vsearch	2909	G	S	403	17	3.79%	2	1	93	93	6.4678823522925845E-6	1	1	346	57	17	0	C
D11_BC47_191109_LF_LIB_consensus_vsearch	2910	C	C	416	6	1.37%	2	1	93	93	0.015347966460357092	1	1	359	57	6	0	G
D11_BC47_191109_LF_LIB_consensus_vsearch	2911	A	*/-G	413	24	5.43%	2	1	93	93	4.3085104676575724E-8	1	1	356	57	24	0	-G
D11_BC47_191109_LF_LIB_consensus_vsearch	2912	G	*/+A	406	13	3.06%	2	1	93	93	1.1106387107924711E-4	1	1	349	57	13	0	+A
D11_BC47_191109_LF_LIB_consensus_vsearch	2913	G	G	438	4	0.89%	2	1	93	93	0.0620755524648183	1	1	381	57	4	0	+A
D11_BC47_191109_LF_LIB_consensus_vsearch	2914	T	T	444	2	0.45%	2	1	93	93	0.24971941638606426	1	1	388	56	2	0	C
D11_BC47_191109_LF_LIB_consensus_vsearch	2915	T	*/-C	441	7	1.55%	2	1	93	93	0.0076302151642897355	1	1	384	57	7	0	-C
D11_BC47_191109_LF_LIB_consensus_vsearch	2916	C	C	434	4	0.9%	2	1	93	93	0.062071674030406296	1	1	378	56	4	0	-ACC
D11_BC47_191109_LF_LIB_consensus_vsearch	2917	A	A	435	5	1.13%	2	1	93	93	0.030895090435182324	1	1	379	56	5	0	-C
D11_BC47_191109_LF_LIB_consensus_vsearch	2918	C	C	436	2	0.45%	2	2	93	93	0.2497142857145226	1	1	382	54	1	1	T
D11_BC47_191109_LF_LIB_consensus_vsearch	2919	C	C	439	4	0.9%	2	2	93	93	0.06207651112360454	1	1	385	54	2	2	-T
D11_BC47_191109_LF_LIB_consensus_vsearch	2920	T	T	442	2	0.45%	2	1	93	93	0.2497181510708481	1	1	387	55	2	0	-AC
D11_BC47_191109_LF_LIB_consensus_vsearch	2921	A	A	436	6	1.35%	2	1	93	93	0.01536047315528176	1	1	379	57	6	0	G
D11_BC47_191109_LF_LIB_consensus_vsearch	2922	C	*/-G	407	30	6.71%	2	2	93	93	5.563532370500357E-10	1	1	355	52	29	1	-G
D11_BC47_191109_LF_LIB_consensus_vsearch	2923	G	G	414	2	0.48%	2	1	93	93	0.24969915764112557	1	1	360	54	2	0	C
D11_BC47_191109_LF_LIB_consensus_vsearch	2924	G	G	438	5	1.12%	2	1	93	93	0.03089749249800421	1	1	383	55	5	0	-AA
D11_BC47_191109_LF_LIB_consensus_vsearch	2925	A	A	438	3	0.68%	2	1	93	93	0.12457434733248252	1	1	382	56	3	0	G
D11_BC47_191109_LF_LIB_consensus_vsearch	2926	A	A	444	2	0.45%	2	2	93	93	0.24971941638606426	1	1	388	56	1	1	G
D11_BC47_191109_LF_LIB_consensus_vsearch	2927	A	A	440	5	1.11%	2	1	93	93	0.030899075890599485	1	1	383	57	5	0	-C
D11_BC47_191109_LF_LIB_consensus_vsearch	2928	C	C	439	4	0.9%	2	1	93	93	0.06207651112360454	1	1	382	57	4	0	G
D11_BC47_191109_LF_LIB_consensus_vsearch	2929	C	*/+T	424	11	2.44%	2	2	93	93	4.580137992598773E-4	1	1	375	49	5	6	+T
D11_BC47_191109_LF_LIB_consensus_vsearch	2930	T	T	436	1	0.23%	2	1	93	93	0.5000000000008233	1	1	380	56	1	0	+GCCC
D11_BC47_191109_LF_LIB_consensus_vsearch	2931	T	*/+A	430	7	1.58%	2	1	93	93	0.007625648020175149	1	1	373	57	7	0	+A
D11_BC47_191109_LF_LIB_consensus_vsearch	2932	G	K	426	7	1.57%	2	1	93	93	0.007623929979105209	1	1	370	56	7	0	T
D11_BC47_191109_LF_LIB_consensus_vsearch	2933	T	K	425	8	1.8%	2	1	93	93	0.0037809012469126957	1	1	369	56	8	0	G
D11_BC47_191109_LF_LIB_consensus_vsearch	2934	T	*/-AC	429	10	2.22%	2	2	93	93	9.272509747675099E-4	1	1	373	56	9	1	-AC
D11_BC47_191109_LF_LIB_consensus_vsearch	2935	A	R	428	7	1.6%	2	2	93	93	0.007624792930600719	1	1	374	54	6	1	G
D11_BC47_191109_LF_LIB_consensus_vsearch	2936	C	*/-G	424	7	1.59%	2	2	93	93	0.007623059056742502	1	1	370	54	6	1	-G
D11_BC47_191109_LF_LIB_consensus_vsearch	2937	G	G	434	5	1.13%	2	1	93	93	0.030894282456439635	1	1	379	55	5	0	-A
D11_BC47_191109_LF_LIB_consensus_vsearch	2938	A	A	440	2	0.45%	2	1	93	93	0.2497168742917677	1	1	383	57	2	0	-C
D11_BC47_191109_LF_LIB_consensus_vsearch	2939	C	*/-T	430	7	1.57%	2	1	93	93	0.007625648020175149	1	1	374	56	7	0	-T
D11_BC47_191109_LF_LIB_consensus_vsearch	2940	T	W	419	16	3.64%	2	1	93	93	1.3259509871934923E-5	1	1	364	55	16	0	A
D11_BC47_191109_LF_LIB_consensus_vsearch	2941	T	*/+A	431	7	1.56%	2	1	93	93	0.007626072650234986	1	1	376	55	7	0	+A
D11_BC47_191109_LF_LIB_consensus_vsearch	2942	G	*/-TA	414	16	3.6%	2	1	93	93	1.3237475145125807E-5	1	1	359	55	16	0	-TA
D11_BC47_191109_LF_LIB_consensus_vsearch	2943	T	T	423	4	0.93%	2	2	93	93	0.06206063344550859	1	1	370	53	3	1	C
D11_BC47_191109_LF_LIB_consensus_vsearch	2944	A	R	416	15	3.46%	2	2	93	93	2.6961314693497337E-5	1	1	362	54	13	2	G
D11_BC47_191109_LF_LIB_consensus_vsearch	2945	C	C	440	3	0.67%	2	2	93	93	0.1245762711863649	1	1	387	53	2	1	-T
D11_BC47_191109_LF_LIB_consensus_vsearch	2946	T	T	440	1	0.23%	2	1	93	93	0.4999999999999138	1	1	387	53	0	1	+C
D11_BC47_191109_LF_LIB_consensus_vsearch	2947	T	*/-C	426	11	2.47%	2	2	93	93	4.581495959366191E-4	1	1	376	50	7	4	-C
D11_BC47_191109_LF_LIB_consensus_vsearch	2948	C	C	432	2	0.46%	2	1	93	93	0.2497116493653279	1	1	381	51	2	0	+A
D11_BC47_191109_LF_LIB_consensus_vsearch	2949	C	C	443	3	0.67%	2	2	93	93	0.12457912457918291	1	1	390	53	1	2	-T
D11_BC47_191109_LF_LIB_consensus_vsearch	2950	T	*/+C	405	30	6.74%	2	1	93	93	5.549902372205311E-10	1	1	353	52	30	0	+C
D11_BC47_191109_LF_LIB_consensus_vsearch	2951	C	C	446	2	0.44%	2	1	93	93	0.24972067039122897	1	1	391	55	2	0	-TA
D11_BC47_191109_LF_LIB_consensus_vsearch	2952	T	*/-A	408	25	5.59%	2	1	93	93	2.0864097267404846E-8	1	1	353	55	25	0	-A
D11_BC47_191109_LF_LIB_consensus_vsearch	2953	A	A	409	2	0.48%	2	2	93	93	0.24969549330043053	1	1	353	56	1	1	C
D11_BC47_191109_LF_LIB_consensus_vsearch	2954	A	A	425	6	1.36%	2	1	93	93	0.015353737770788975	1	1	368	57	6	0	-G
D11_BC47_191109_LF_LIB_consensus_vsearch	2955	G	*/-A	435	9	2.03%	2	1	93	93	0.0018747919330438447	1	1	378	57	9	0	-A
D11_BC47_191109_LF_LIB_consensus_vsearch	2956	A	A	437	3	0.68%	2	2	93	93	0.12457337883968563	1	1	382	55	1	2	-GA
D11_BC47_191109_LF_LIB_consensus_vsearch	2957	G	G	444	3	0.67%	2	1	93	93	0.12458006718908442	1	1	389	55	3	0	-A
D11_BC47_191109_LF_LIB_consensus_vsearch	2958	A	A	434	4	0.9%	2	1	93	93	0.062071674030406296	1	1	379	55	4	0	-C
D11_BC47_191109_LF_LIB_consensus_vsearch	2959	C	C	442	3	0.67%	2	2	93	93	0.12457817772799688	1	1	386	56	2	1	T
D11_BC47_191109_LF_LIB_consensus_vsearch	2960	C	*/-A	432	9	2%	2	1	93	93	0.001874264864679625	1	1	378	54	9	0	-A
D11_BC47_191109_LF_LIB_consensus_vsearch	2961	A	*/+GA	411	15	3.42%	2	1	93	93	2.6921453674127367E-5	1	1	355	56	15	0	+GA
D11_BC47_191109_LF_LIB_consensus_vsearch	2962	A	A	440	4	0.89%	2	1	93	93	0.06207746546158639	1	1	385	55	4	0	G
D11_BC47_191109_LF_LIB_consensus_vsearch	2963	G	G	443	1	0.22%	2	1	93	93	0.4999999999999138	1	1	388	55	1	0	+A
D11_BC47_191109_LF_LIB_consensus_vsearch	2964	T	T	448	1	0.22%	2	1	93	93	0.5000000000008233	1	1	392	56	1	0	A
D11_BC47_191109_LF_LIB_consensus_vsearch	2965	T	T	450	0	0%	2	0	93	0	1.0	1	0	394	56	0	0	
D11_BC47_191109_LF_LIB_consensus_vsearch	2966	T	T	444	3	0.67%	2	2	93	93	0.12458006718908442	1	1	392	52	2	1	-G
D11_BC47_191109_LF_LIB_consensus_vsearch	2967	G	G	445	1	0.22%	2	1	93	93	0.4999999999999138	1	1	391	54	1	0	+A
D11_BC47_191109_LF_LIB_consensus_vsearch	2968	A	*/+G	419	15	3.33%	2	1	93	93	2.6984810488819573E-5	1	1	365	54	15	0	+G
D11_BC47_191109_LF_LIB_consensus_vsearch	2969	G	*/-A	422	16	3.63%	2	1	93	93	1.327250199574337E-5	1	1	366	56	16	0	-A
D11_BC47_191109_LF_LIB_consensus_vsearch	2970	A	*/-GA	364	54	12.47%	2	2	93	93	8.90313419011563E-18	1	1	320	44	45	9	-GA
D11_BC47_191109_LF_LIB_consensus_vsearch	2971	G	*/-A	375	7	1.82%	2	1	93	93	0.007598887968539548	1	1	330	45	7	0	-A
D11_BC47_191109_LF_LIB_consensus_vsearch	2972	A	R	361	14	3.61%	2	1	93	93	5.3940727822064676E-5	1	1	325	36	14	0	G
D11_BC47_191109_LF_LIB_consensus_vsearch	2973	C	*/-T	430	7	1.58%	2	2	93	93	0.007625648020175149	1	1	388	42	4	3	-T
D11_BC47_191109_LF_LIB_consensus_vsearch	2974	T	T	433	3	0.68%	2	2	93	93	0.12456946039042152	1	1	383	50	2	1	+C
D11_BC47_191109_LF_LIB_consensus_vsearch	2975	T	*/-C	425	10	2.23%	2	1	93	93	9.268043937944601E-4	1	1	382	43	0	10	-C
D11_BC47_191109_LF_LIB_consensus_vsearch	2976	C	*/-TC	421	9	2.05%	2	2	93	93	0.0018722700711233777	1	1	382	39	5	4	-TC
D11_BC47_191109_LF_LIB_consensus_vsearch	2977	T	*/+C	418	14	3.2%	2	1	93	93	5.4841636470744183E-5	1	1	367	51	14	0	+C
D11_BC47_191109_LF_LIB_consensus_vsearch	2978	C	C	429	3	0.68%	2	1	93	93	0.12456546929309553	1	1	379	50	3	0	-AAC
D11_BC47_191109_LF_LIB_consensus_vsearch	2979	A	A	440	2	0.45%	2	1	93	93	0.2497168742917677	1	1	385	55	2	0	G
D11_BC47_191109_LF_LIB_consensus_vsearch	2980	A	R	419	19	4.25%	2	1	93	93	1.562491752356326E-6	1	1	364	55	19	0	G
D11_BC47_191109_LF_LIB_consensus_vsearch	2981	C	C	442	1	0.22%	2	1	93	93	0.4999999999990043	1	1	386	56	1	0	+A
D11_BC47_191109_LF_LIB_consensus_vsearch	2982	C	C	440	5	1.11%	2	1	93	93	0.030899075890599485	1	1	385	55	5	0	-AC
D11_BC47_191109_LF_LIB_consensus_vsearch	2983	A	*/-C	426	9	2.04%	2	2	93	93	0.001873189162106254	1	1	377	49	4	5	-C
D11_BC47_191109_LF_LIB_consensus_vsearch	2984	C	*/+A	402	26	6%	2	1	93	93	1.0074900910607017E-8	1	1	353	49	26	0	+A
D11_BC47_191109_LF_LIB_consensus_vsearch	2985	C	C	442	2	0.45%	2	2	93	93	0.2497181510708481	1	1	388	54	1	1	-TC
D11_BC47_191109_LF_LIB_consensus_vsearch	2986	T	*/-C	215	182	40.81%	2	2	93	93	2.2726449807074333E-67	1	1	198	17	153	29	-C
D11_BC47_191109_LF_LIB_consensus_vsearch	2987	C	C	244	3	1.21%	2	2	93	93	0.1242393509128018	1	1	226	18	2	1	T
D11_BC47_191109_LF_LIB_consensus_vsearch	2988	C	C	432	1	0.23%	2	1	93	93	0.5000000000008233	1	1	384	48	0	1	+T
D11_BC47_191109_LF_LIB_consensus_vsearch	2989	C	C	441	1	0.23%	2	1	93	93	0.5000000000008233	1	1	387	54	0	1	G
D11_BC47_191109_LF_LIB_consensus_vsearch	2990	C	C	445	2	0.44%	2	1	93	93	0.2497200447932722	1	1	389	56	2	0	+A
D11_BC47_191109_LF_LIB_consensus_vsearch	2991	C	Y	425	12	2.66%	2	1	93	93	2.2615495697455397E-4	1	1	383	42	0	12	T
D11_BC47_191109_LF_LIB_consensus_vsearch	2992	G	R	432	9	2%	2	1	93	93	0.001874264864679625	1	1	375	57	9	0	A
D11_BC47_191109_LF_LIB_consensus_vsearch	2993	T	Y	433	10	2.25%	2	1	93	93	9.276896125167864E-4	1	1	386	47	0	10	C
D11_BC47_191109_LF_LIB_consensus_vsearch	2994	T	T	443	3	0.67%	2	1	93	93	0.12457912457918291	1	1	386	57	3	0	C
D11_BC47_191109_LF_LIB_consensus_vsearch	2995	G	G	433	3	0.67%	2	1	93	93	0.12456946039042152	1	1	377	56	3	0	+C
D11_BC47_191109_LF_LIB_consensus_vsearch	2996	C	C	438	2	0.45%	2	1	93	93	0.24971558589274387	1	1	382	56	2	0	A
D11_BC47_191109_LF_LIB_consensus_vsearch	2997	C	*/+G	420	9	2.02%	2	1	93	93	0.0018720837112055043	1	1	364	56	9	0	+G
D11_BC47_191109_LF_LIB_consensus_vsearch	2998	A	*/-G	398	28	6.32%	2	2	93	93	2.355140214791524E-9	1	1	348	50	22	6	-G
D11_BC47_191109_LF_LIB_consensus_vsearch	2999	G	*/+A	408	7	1.67%	2	1	93	93	0.007615790966496023	1	1	357	51	7	0	+A
D11_BC47_191109_LF_LIB_consensus_vsearch	3000	G	R	425	21	4.66%	2	1	93	93	3.747237380449946E-7	1	1	368	57	21	0	A
D11_BC47_191109_LF_LIB_consensus_vsearch	3001	G	G	442	4	0.89%	2	1	93	93	0.06207936129200334	1	1	385	57	4	0	+AG
D11_BC47_191109_LF_LIB_consensus_vsearch	3002	T	T	446	3	0.67%	2	1	93	93	0.1245819397993151	1	1	389	57	3	0	+G
D11_BC47_191109_LF_LIB_consensus_vsearch	3003	G	*/-TG	437	11	2.44%	2	2	93	93	4.588752277082112E-4	1	1	389	48	2	9	-TG
D11_BC47_191109_LF_LIB_consensus_vsearch	3004	T	Y	430	7	1.59%	2	2	93	93	0.007625648020175149	1	1	383	47	6	1	C
D11_BC47_191109_LF_LIB_consensus_vsearch	3005	G	G	435	3	0.68%	2	1	93	93	0.12457142857152662	1	1	387	48	3	0	-A
D11_BC47_191109_LF_LIB_consensus_vsearch	3006	A	R	432	7	1.57%	2	1	93	93	0.0076264953547406375	1	1	375	57	7	0	G
D11_BC47_191109_LF_LIB_consensus_vsearch	3007	C	C	440	2	0.45%	2	2	93	93	0.2497168742917677	1	1	385	55	1	1	+T
D11_BC47_191109_LF_LIB_consensus_vsearch	3008	G	R	414	27	6.05%	2	2	93	93	4.9428402008462044E-9	1	1	360	54	26	1	A
D11_BC47_191109_LF_LIB_consensus_vsearch	3009	G	G	448	2	0.44%	2	1	93	93	0.24972191323697995	1	1	393	55	0	2	A
D11_BC47_191109_LF_LIB_consensus_vsearch	3010	T	*/+C	433	10	2.22%	2	1	93	93	9.276896125167864E-4	1	1	377	56	10	0	+C
D11_BC47_191109_LF_LIB_consensus_vsearch	3011	C	C	445	2	0.45%	2	2	93	93	0.2497200447932722	1	1	389	56	1	1	T
D11_BC47_191109_LF_LIB_consensus_vsearch	3012	A	A	448	0	0%	2	0	93	0	1.0	1	0	391	57	0	0	
D11_BC47_191109_LF_LIB_consensus_vsearch	3013	A	A	443	4	0.89%	2	1	93	93	0.06208030284174911	1	1	388	55	4	0	G
D11_BC47_191109_LF_LIB_consensus_vsearch	3014	T	*/-C	424	23	5.13%	2	1	93	93	8.916998245724882E-8	1	1	369	55	23	0	-C
D11_BC47_191109_LF_LIB_consensus_vsearch	3015	C	C	424	1	0.23%	2	1	93	93	0.4999999999999138	1	1	367	57	1	0	+T
D11_BC47_191109_LF_LIB_consensus_vsearch	3016	C	*/-G	422	9	2%	2	1	93	93	0.0018724555760242295	1	1	369	53	9	0	-G
D11_BC47_191109_LF_LIB_consensus_vsearch	3017	G	R	429	11	2.49%	2	1	93	93	4.5835102222652706E-4	1	1	372	57	11	0	A
D11_BC47_191109_LF_LIB_consensus_vsearch	3018	A	A	434	6	1.34%	2	1	93	93	0.015359273530652235	1	1	378	56	6	0	G
D11_BC47_191109_LF_LIB_consensus_vsearch	3019	C	C	428	5	1.12%	2	1	93	93	0.030889356258247617	1	1	373	55	5	0	-T
D11_BC47_191109_LF_LIB_consensus_vsearch	3020	T	T	438	3	0.68%	2	1	93	93	0.12457434733248252	1	1	381	57	3	0	C
D11_BC47_191109_LF_LIB_consensus_vsearch	3021	T	*/-C	415	15	3.36%	2	2	93	93	2.6953413247305517E-5	1	1	371	44	12	3	-C
D11_BC47_191109_LF_LIB_consensus_vsearch	3022	C	*/+A	407	13	3.06%	2	1	93	93	1.110892405288908E-4	1	1	359	48	13	0	+A
D11_BC47_191109_LF_LIB_consensus_vsearch	3023	C	C	441	2	0.45%	2	1	93	93	0.24971751412472734	1	1	390	51	2	0	-T
D11_BC47_191109_LF_LIB_consensus_vsearch	3024	T	*/+C	428	9	2.03%	2	1	93	93	0.0018735509751739627	1	1	377	51	9	0	+C
D11_BC47_191109_LF_LIB_consensus_vsearch	3025	C	*/-A	395	47	10.49%	2	1	93	93	1.9531611992618358E-15	1	1	341	54	47	0	-A
D11_BC47_191109_LF_LIB_consensus_vsearch	3026	A	*/+C	360	20	4.96%	2	1	93	93	7.378269482246793E-7	1	1	305	55	20	0	+C
D11_BC47_191109_LF_LIB_consensus_vsearch	3027	C	S	384	43	9.68%	2	1	93	93	3.734446554546679E-14	1	1	327	57	43	0	G
D11_BC47_191109_LF_LIB_consensus_vsearch	3028	C	*/-A	428	10	2.22%	2	1	93	93	9.271400825692105E-4	1	1	373	55	10	0	-A
D11_BC47_191109_LF_LIB_consensus_vsearch	3029	A	A	430	4	0.91%	2	1	93	93	0.062067724063454545	1	1	375	55	4	0	G
D11_BC47_191109_LF_LIB_consensus_vsearch	3030	A	A	444	3	0.67%	2	1	93	93	0.12458006718908442	1	1	389	55	3	0	-G
D11_BC47_191109_LF_LIB_consensus_vsearch	3031	G	R	414	26	5.82%	2	1	93	93	1.0186297583478291E-8	1	1	357	57	26	0	A
D11_BC47_191109_LF_LIB_consensus_vsearch	3032	C	C	446	1	0.22%	2	1	93	93	0.5000000000008233	1	1	389	57	1	0	+TT
D11_BC47_191109_LF_LIB_consensus_vsearch	3033	C	*/-A	433	12	2.67%	2	1	93	93	2.2647039152581312E-4	1	1	376	57	12	0	-A
D11_BC47_191109_LF_LIB_consensus_vsearch	3034	A	A	423	5	1.15%	2	2	93	93	0.030885145650365813	1	1	370	53	4	1	G
D11_BC47_191109_LF_LIB_consensus_vsearch	3035	C	C	444	0	0%	2	0	93	0	1.0	1	0	387	57	0	0	
D11_BC47_191109_LF_LIB_consensus_vsearch	3036	T	*/-C	431	14	3.1%	2	2	93	93	5.501599410545798E-5	1	1	387	44	2	12	-C
D11_BC47_191109_LF_LIB_consensus_vsearch	3037	C	C	432	3	0.69%	2	1	93	93	0.12456846950514457	1	1	389	43	3	0	+A
D11_BC47_191109_LF_LIB_consensus_vsearch	3038	G	G	444	5	1.11%	2	1	93	93	0.03090220038242228	1	1	388	56	5	0	-A
D11_BC47_191109_LF_LIB_consensus_vsearch	3039	A	A	442	2	0.45%	2	1	93	93	0.2497181510708481	1	1	386	56	2	0	G
D11_BC47_191109_LF_LIB_consensus_vsearch	3040	T	*/+C	442	7	1.56%	2	1	93	93	0.007630619313173879	1	1	386	56	7	0	+C
D11_BC47_191109_LF_LIB_consensus_vsearch	3041	C	C	447	2	0.44%	2	2	93	93	0.24972129319990002	1	1	391	56	1	1	-G
D11_BC47_191109_LF_LIB_consensus_vsearch	3042	G	R	425	13	2.9%	2	1	93	93	1.115267016392494E-4	1	1	370	55	13	0	A
D11_BC47_191109_LF_LIB_consensus_vsearch	3043	G	G	440	5	1.11%	2	1	93	93	0.030899075890599485	1	1	383	57	5	0	T
D11_BC47_191109_LF_LIB_consensus_vsearch	3044	T	*/-A	431	8	1.79%	2	2	93	93	0.003782601599602771	1	1	376	55	7	1	-A
D11_BC47_191109_LF_LIB_consensus_vsearch	3045	A	R	430	9	2.04%	2	1	93	93	0.0018739095280781474	1	1	375	55	9	0	G
D11_BC47_191109_LF_LIB_consensus_vsearch	3046	G	*/-TAG	427	10	2.22%	2	2	93	93	9.270286906046182E-4	1	1	375	52	6	4	-TAG
D11_BC47_191109_LF_LIB_consensus_vsearch	3047	T	T	432	2	0.46%	2	2	93	93	0.2497116493653279	1	1	382	50	1	1	C
D11_BC47_191109_LF_LIB_consensus_vsearch	3048	A	A	431	3	0.69%	2	1	93	93	0.12456747404820136	1	1	379	52	3	0	G
D11_BC47_191109_LF_LIB_consensus_vsearch	3049	G	G	432	6	1.36%	2	2	93	93	0.015358062976156805	1	1	382	50	4	2	A
D11_BC47_191109_LF_LIB_consensus_vsearch	3050	C	C	436	5	1.11%	2	1	93	93	0.030895894751978216	1	1	381	55	5	0	-G
D11_BC47_191109_LF_LIB_consensus_vsearch	3051	G	G	438	5	1.12%	2	1	93	93	0.03089749249800421	1	1	381	57	5	0	-A
D11_BC47_191109_LF_LIB_consensus_vsearch	3052	A	A	436	3	0.68%	2	1	93	93	0.12457240592922707	1	1	379	57	3	0	+T
D11_BC47_191109_LF_LIB_consensus_vsearch	3053	C	C	436	6	1.34%	2	1	93	93	0.01536047315528176	1	1	384	52	6	0	T
D11_BC47_191109_LF_LIB_consensus_vsearch	3054	G	R	431	10	2.25%	2	1	93	93	9.274712732448419E-4	1	1	377	54	10	0	A
D11_BC47_191109_LF_LIB_consensus_vsearch	3055	G	G	448	1	0.22%	2	1	93	93	0.5000000000008233	1	1	393	55	1	0	+A
D11_BC47_191109_LF_LIB_consensus_vsearch	3056	G	G	445	2	0.44%	2	1	93	93	0.2497200447932722	1	1	389	56	2	0	A
D11_BC47_191109_LF_LIB_consensus_vsearch	3057	C	*/+G	422	21	4.67%	2	1	93	93	3.740981261298434E-7	1	1	367	55	21	0	+G
D11_BC47_191109_LF_LIB_consensus_vsearch	3058	G	R	421	7	1.57%	2	1	93	93	0.007621737484585097	1	1	366	55	7	0	A
D11_BC47_191109_LF_LIB_consensus_vsearch	3059	G	G	439	5	1.11%	2	2	93	93	0.030898285976353152	1	1	383	56	4	1	-T
D11_BC47_191109_LF_LIB_consensus_vsearch	3060	T	T	438	4	0.9%	2	1	93	93	0.0620755524648183	1	1	383	55	4	0	C
D11_BC47_191109_LF_LIB_consensus_vsearch	3061	G	G	443	3	0.67%	2	2	93	93	0.12457912457918291	1	1	388	55	2	1	A
D11_BC47_191109_LF_LIB_consensus_vsearch	3062	T	T	432	6	1.33%	2	1	93	93	0.015358062976156805	1	1	377	55	6	0	-G
D11_BC47_191109_LF_LIB_consensus_vsearch	3063	G	R	412	18	4.09%	2	2	93	93	3.181160118823801E-6	1	1	364	48	12	6	A
D11_BC47_191109_LF_LIB_consensus_vsearch	3064	T	Y	408	23	5.18%	2	2	93	93	8.818834884570627E-8	1	1	363	45	15	8	C
D11_BC47_191109_LF_LIB_consensus_vsearch	3065	A	A	433	6	1.33%	2	2	93	93	0.01535866962898151	1	1	379	54	4	2	G
D11_BC47_191109_LF_LIB_consensus_vsearch	3066	C	*/+A	206	93	20.71%	2	1	93	93	2.032494689973432E-32	1	1	159	47	93	0	+A
D11_BC47_191109_LF_LIB_consensus_vsearch	3067	A	*/+G	334	102	22.72%	2	1	93	93	2.4160738639483955E-34	1	1	281	53	102	0	+G
D11_BC47_191109_LF_LIB_consensus_vsearch	3068	G	R	241	197	44.27%	2	2	93	93	1.5131733555594633E-72	1	1	230	11	154	43	A
D11_BC47_191109_LF_LIB_consensus_vsearch	3069	A	*/+GG	198	134	30.04%	2	2	93	93	1.940763671656697E-48	1	1	197	1	93	41	+GG
D11_BC47_191109_LF_LIB_consensus_vsearch	3070	G	*/+AA	393	25	5.58%	2	1	93	93	2.0590803375559257E-8	1	1	339	54	25	0	+AA
D11_BC47_191109_LF_LIB_consensus_vsearch	3071	C	M	378	31	6.97%	2	1	93	93	2.579678322846939E-10	1	1	324	54	31	0	A
D11_BC47_191109_LF_LIB_consensus_vsearch	3072	A	*/-G	351	41	9.21%	2	2	93	93	1.5085283828727612E-13	1	1	315	36	22	19	-G
D11_BC47_191109_LF_LIB_consensus_vsearch	3073	G	*/+A	385	16	3.91%	2	1	93	93	1.3099462057416885E-5	1	1	349	36	16	0	+A
D11_BC47_191109_LF_LIB_consensus_vsearch	3074	G	G	443	3	0.67%	2	2	93	93	0.12457912457918291	1	1	388	55	2	1	+A
D11_BC47_191109_LF_LIB_consensus_vsearch	3075	G	*/-A	432	8	1.77%	2	2	93	93	0.0037828805172695963	1	1	378	54	7	1	-A
D11_BC47_191109_LF_LIB_consensus_vsearch	3076	A	*/-CA	428	7	1.58%	2	2	93	93	0.007624792930600719	1	1	376	52	3	4	-CA
D11_BC47_191109_LF_LIB_consensus_vsearch	3077	C	Y	432	8	1.81%	2	2	93	93	0.0037828805172695963	1	1	383	49	5	3	T
D11_BC47_191109_LF_LIB_consensus_vsearch	3078	A	A	434	6	1.35%	2	1	93	93	0.015359273530652235	1	1	381	53	6	0	G
D11_BC47_191109_LF_LIB_consensus_vsearch	3079	T	T	447	1	0.22%	2	1	93	93	0.5000000000008233	1	1	391	56	1	0	-AT
D11_BC47_191109_LF_LIB_consensus_vsearch	3080	A	A	443	3	0.67%	2	2	93	93	0.12457912457918291	1	1	387	56	2	1	G
D11_BC47_191109_LF_LIB_consensus_vsearch	3081	T	T	444	2	0.45%	2	1	93	93	0.24971941638606426	1	1	390	54	0	2	+C
D11_BC47_191109_LF_LIB_consensus_vsearch	3082	T	T	442	4	0.89%	2	2	93	93	0.06207936129200334	1	1	389	53	3	1	C
D11_BC47_191109_LF_LIB_consensus_vsearch	3083	C	C	444	2	0.45%	2	2	93	93	0.24971941638606426	1	1	390	54	1	1	+GA
D11_BC47_191109_LF_LIB_consensus_vsearch	3084	A	A	445	4	0.89%	2	1	93	93	0.0620821733525388	1	1	389	56	4	0	G
D11_BC47_191109_LF_LIB_consensus_vsearch	3085	G	G	446	2	0.44%	2	1	93	93	0.24972067039122897	1	1	391	55	2	0	A
D11_BC47_191109_LF_LIB_consensus_vsearch	3086	C	C	444	3	0.67%	2	1	93	93	0.12458006718908442	1	1	388	56	3	0	A
D11_BC47_191109_LF_LIB_consensus_vsearch	3087	G	G	443	3	0.67%	2	2	93	93	0.12457912457918291	1	1	388	55	1	2	-TG
D11_BC47_191109_LF_LIB_consensus_vsearch	3088	T	*/-G	426	12	2.69%	2	2	93	93	2.2619500050778872E-4	1	1	374	52	9	3	-G
D11_BC47_191109_LF_LIB_consensus_vsearch	3089	G	G	429	1	0.23%	2	1	93	93	0.4999999999999138	1	1	377	52	1	0	+CA
D11_BC47_191109_LF_LIB_consensus_vsearch	3090	G	G	437	4	0.9%	2	1	93	93	0.062074589455845104	1	1	380	57	4	0	A
D11_BC47_191109_LF_LIB_consensus_vsearch	3091	G	*/+C	422	12	2.67%	2	1	93	93	2.2603374744065776E-4	1	1	365	57	12	0	+C
D11_BC47_191109_LF_LIB_consensus_vsearch	3092	C	M	428	8	1.81%	2	1	93	93	0.0037817572285023734	1	1	374	54	8	0	A
D11_BC47_191109_LF_LIB_consensus_vsearch	3093	T	T	437	5	1.11%	2	2	93	93	0.03089669543126854	1	1	387	50	3	2	-A
D11_BC47_191109_LF_LIB_consensus_vsearch	3094	A	A	443	1	0.22%	2	1	93	93	0.4999999999999138	1	1	388	55	1	0	+T
D11_BC47_191109_LF_LIB_consensus_vsearch	3095	A	A	440	4	0.89%	2	1	93	93	0.06207746546158639	1	1	386	54	4	0	T
D11_BC47_191109_LF_LIB_consensus_vsearch	3096	T	T	440	4	0.89%	2	2	93	93	0.06207746546158639	1	1	388	52	1	3	C
D11_BC47_191109_LF_LIB_consensus_vsearch	3097	G	G	443	1	0.22%	2	1	93	93	0.4999999999999138	1	1	388	55	0	1	+C
D11_BC47_191109_LF_LIB_consensus_vsearch	3098	A	*/+C	409	21	4.68%	2	2	93	93	3.712966667784702E-7	1	1	355	54	19	2	+C
D11_BC47_191109_LF_LIB_consensus_vsearch	3099	C	C	432	1	0.23%	2	1	93	93	0.5000000000008233	1	1	377	55	0	1	A
D11_BC47_191109_LF_LIB_consensus_vsearch	3100	C	C	446	2	0.45%	2	1	93	93	0.24972067039122897	1	1	389	57	2	0	T
D11_BC47_191109_LF_LIB_consensus_vsearch	3101	C	*/-A	424	14	3.1%	2	1	93	93	5.492334669373769E-5	1	1	370	54	14	0	-A
D11_BC47_191109_LF_LIB_consensus_vsearch	3102	A	A	423	5	1.15%	2	2	93	93	0.030885145650365813	1	1	367	56	4	1	G
D11_BC47_191109_LF_LIB_consensus_vsearch	3103	C	*/-A	404	26	5.87%	2	2	93	93	1.009382561029543E-8	1	1	349	55	25	1	-A
D11_BC47_191109_LF_LIB_consensus_vsearch	3104	A	R	401	7	1.67%	2	1	93	93	0.007612432822507446	1	1	346	55	7	0	G
D11_BC47_191109_LF_LIB_consensus_vsearch	3105	A	R	433	13	2.9%	2	1	93	93	1.1171014262094148E-4	1	1	378	55	13	0	G
D11_BC47_191109_LF_LIB_consensus_vsearch	3106	T	K	411	31	6.92%	2	1	93	93	2.7002843186431014E-10	1	1	356	55	31	0	G
D11_BC47_191109_LF_LIB_consensus_vsearch	3107	T	T	438	5	1.11%	2	1	93	93	0.03089749249800421	1	1	382	56	5	0	-AC
D11_BC47_191109_LF_LIB_consensus_vsearch	3108	A	R	429	11	2.48%	2	1	93	93	4.5835102222652706E-4	1	1	373	56	11	0	G
D11_BC47_191109_LF_LIB_consensus_vsearch	3109	C	*/-G	402	20	4.5%	2	1	93	93	7.573747249453335E-7	1	1	346	56	20	0	-G
D11_BC47_191109_LF_LIB_consensus_vsearch	3110	G	*/-A	406	13	3.02%	2	1	93	93	1.1106387107924711E-4	1	1	349	57	13	0	-A
D11_BC47_191109_LF_LIB_consensus_vsearch	3111	A	*/-G	398	24	5.5%	2	2	93	93	4.257670994753173E-8	1	1	342	56	23	1	-G
D11_BC47_191109_LF_LIB_consensus_vsearch	3112	G	G	417	5	1.18%	2	1	93	93	0.03087996129559998	1	1	361	56	5	0	+A
D11_BC47_191109_LF_LIB_consensus_vsearch	3113	G	*/+AG	427	12	2.66%	2	1	93	93	2.2623486621516718E-4	1	1	371	56	12	0	+AG
D11_BC47_191109_LF_LIB_consensus_vsearch	3114	C	C	446	2	0.44%	2	1	93	93	0.24972067039122897	1	1	390	56	2	0	+G
D11_BC47_191109_LF_LIB_consensus_vsearch	3115	A	A	440	5	1.11%	2	1	93	93	0.030899075890599485	1	1	385	55	5	0	G
D11_BC47_191109_LF_LIB_consensus_vsearch	3116	T	T	446	2	0.45%	2	1	93	93	0.24972067039122897	1	1	391	55	2	0	C
D11_BC47_191109_LF_LIB_consensus_vsearch	3117	T	*/-C	244	200	44.44%	2	1	93	93	1.1470499803440685E-73	1	1	189	55	200	0	-C
D11_BC47_191109_LF_LIB_consensus_vsearch	3118	C	C	246	3	1.2%	2	1	93	93	0.1242454728369122	1	1	190	56	3	0	T
D11_BC47_191109_LF_LIB_consensus_vsearch	3119	C	*/-A	429	10	2.22%	2	2	93	93	9.272509747675099E-4	1	1	382	47	6	4	-A
D11_BC47_191109_LF_LIB_consensus_vsearch	3120	A	A	435	2	0.46%	2	1	93	93	0.24971363115699957	1	1	386	49	2	0	G
D11_BC47_191109_LF_LIB_consensus_vsearch	3121	A	R	433	7	1.57%	2	2	93	93	0.0076269161468125015	1	1	384	49	4	3	G
D11_BC47_191109_LF_LIB_consensus_vsearch	3122	G	G	441	3	0.67%	2	1	93	93	0.12457722660661777	1	1	384	57	3	0	+A
D11_BC47_191109_LF_LIB_consensus_vsearch	3123	T	T	443	5	1.11%	2	2	93	93	0.030901424487179464	1	1	390	53	2	3	C
D11_BC47_191109_LF_LIB_consensus_vsearch	3124	T	T	444	3	0.67%	2	2	93	93	0.12458006718908442	1	1	389	55	2	1	-GC
D11_BC47_191109_LF_LIB_consensus_vsearch	3125	G	G	444	1	0.22%	2	1	93	93	0.5000000000008233	1	1	389	55	0	1	A
D11_BC47_191109_LF_LIB_consensus_vsearch	3126	C	*/-A	417	16	3.57%	2	1	93	93	1.3250753783082343E-5	1	1	362	55	16	0	-A
D11_BC47_191109_LF_LIB_consensus_vsearch	3127	A	A	420	4	0.94%	2	2	93	93	0.062057522896676466	1	1	364	56	3	1	G
D11_BC47_191109_LF_LIB_consensus_vsearch	3128	C	Y	410	19	4.32%	2	2	93	93	1.5558235939629214E-6	1	1	355	55	17	2	T
D11_BC47_191109_LF_LIB_consensus_vsearch	3129	G	*/-A	432	11	2.47%	2	1	93	93	4.5854977422456113E-4	1	1	375	57	11	0	-A
D11_BC47_191109_LF_LIB_consensus_vsearch	3130	A	A	424	6	1.37%	2	2	93	93	0.015353108416041601	1	1	368	56	5	1	G
D11_BC47_191109_LF_LIB_consensus_vsearch	3131	G	G	443	3	0.67%	2	1	93	93	0.12457912457918291	1	1	386	57	3	0	A
D11_BC47_191109_LF_LIB_consensus_vsearch	3132	C	*/-A	437	8	1.78%	2	2	93	93	0.00378425644253265	1	1	386	51	3	5	-A
D11_BC47_191109_LF_LIB_consensus_vsearch	3133	A	A	441	1	0.23%	2	1	93	93	0.5000000000008233	1	1	390	51	1	0	G
D11_BC47_191109_LF_LIB_consensus_vsearch	3134	A	A	445	2	0.44%	2	1	93	93	0.2497200447932722	1	1	389	56	2	0	-T
D11_BC47_191109_LF_LIB_consensus_vsearch	3135	T	Y	437	7	1.57%	2	2	93	93	0.007628580447648388	1	1	386	51	2	5	C
D11_BC47_191109_LF_LIB_consensus_vsearch	3136	A	A	443	4	0.89%	2	1	93	93	0.06208030284174911	1	1	386	57	4	0	G
D11_BC47_191109_LF_LIB_consensus_vsearch	3137	G	G	447	2	0.44%	2	1	93	93	0.24972129319990002	1	1	390	57	2	0	A
D11_BC47_191109_LF_LIB_consensus_vsearch	3138	T	*/+C	424	16	3.56%	2	1	93	93	1.3281070163027198E-5	1	1	368	56	16	0	+C
D11_BC47_191109_LF_LIB_consensus_vsearch	3139	C	*/-A	407	22	4.97%	2	1	93	93	1.8088237163401124E-7	1	1	350	57	22	0	-A
D11_BC47_191109_LF_LIB_consensus_vsearch	3140	A	R	378	26	6.22%	2	1	93	93	9.835815177364505E-9	1	1	321	57	26	0	G
D11_BC47_191109_LF_LIB_consensus_vsearch	3141	C	*/-A	318	71	16.21%	2	2	93	93	1.2558417167678344E-23	1	1	264	54	70	1	-A
D11_BC47_191109_LF_LIB_consensus_vsearch	3142	A	M	346	9	2.46%	2	1	93	93	0.0018554195176113948	1	1	291	55	9	0	C
D11_BC47_191109_LF_LIB_consensus_vsearch	3143	A	W	427	8	1.81%	2	1	93	93	0.0037814732031268648	1	1	371	56	8	0	T
D11_BC47_191109_LF_LIB_consensus_vsearch	3144	A	A	437	6	1.33%	2	1	93	93	0.01536106891501191	1	1	381	56	6	0	-G
D11_BC47_191109_LF_LIB_consensus_vsearch	3145	G	G	433	5	1.13%	2	1	93	93	0.030893470790357477	1	1	379	54	5	0	A
D11_BC47_191109_LF_LIB_consensus_vsearch	3146	C	C	446	1	0.22%	2	1	93	93	0.5000000000008233	1	1	389	57	1	0	-T
D11_BC47_191109_LF_LIB_consensus_vsearch	3147	T	T	437	4	0.89%	2	2	93	93	0.062074589455845104	1	1	382	55	2	2	-C
D11_BC47_191109_LF_LIB_consensus_vsearch	3148	C	C	440	2	0.45%	2	1	93	93	0.2497168742917677	1	1	385	55	2	0	+TC
D11_BC47_191109_LF_LIB_consensus_vsearch	3149	G	G	444	2	0.45%	2	1	93	93	0.24971941638606426	1	1	387	57	2	0	A
D11_BC47_191109_LF_LIB_consensus_vsearch	3150	A	A	445	2	0.45%	2	1	93	93	0.2497200447932722	1	1	388	57	2	0	G
D11_BC47_191109_LF_LIB_consensus_vsearch	3151	T	*/-C	381	61	13.59%	2	2	93	93	4.690312561122337E-20	1	1	326	55	60	1	-C
D11_BC47_191109_LF_LIB_consensus_vsearch	3152	C	C	383	2	0.52%	2	2	93	93	0.24967490247067214	1	1	328	55	1	1	T
D11_BC47_191109_LF_LIB_consensus_vsearch	3153	C	C	446	1	0.22%	2	1	93	93	0.5000000000008233	1	1	389	57	1	0	T
D11_BC47_191109_LF_LIB_consensus_vsearch	3154	C	C	444	3	0.67%	2	2	93	93	0.12458006718908442	1	1	388	56	2	1	T
D11_BC47_191109_LF_LIB_consensus_vsearch	3155	C	C	443	5	1.11%	2	2	93	93	0.030901424487179464	1	1	389	54	3	2	T
D11_BC47_191109_LF_LIB_consensus_vsearch	3156	A	A	443	3	0.67%	2	1	93	93	0.12457912457918291	1	1	387	56	3	0	G
D11_BC47_191109_LF_LIB_consensus_vsearch	3157	G	G	444	3	0.67%	2	1	93	93	0.12458006718908442	1	1	388	56	3	0	A
D11_BC47_191109_LF_LIB_consensus_vsearch	3158	C	C	441	3	0.67%	2	1	93	93	0.12457722660661777	1	1	385	56	3	0	+T
D11_BC47_191109_LF_LIB_consensus_vsearch	3159	A	A	441	3	0.67%	2	1	93	93	0.12457722660661777	1	1	384	57	3	0	G
D11_BC47_191109_LF_LIB_consensus_vsearch	3160	C	*/+A	436	9	2%	2	1	93	93	0.0018749660605302289	1	1	379	57	9	0	+A
D11_BC47_191109_LF_LIB_consensus_vsearch	3161	G	*/-A	434	12	2.67%	2	1	93	93	2.2650904494607855E-4	1	1	377	57	12	0	-A
D11_BC47_191109_LF_LIB_consensus_vsearch	3162	A	A	431	2	0.46%	2	1	93	93	0.24971098265883573	1	1	374	57	2	0	+GA
D11_BC47_191109_LF_LIB_consensus_vsearch	3163	A	A	437	5	1.11%	2	1	93	93	0.03089669543126854	1	1	380	57	5	0	G
D11_BC47_191109_LF_LIB_consensus_vsearch	3164	C	C	443	2	0.45%	2	1	93	93	0.2497187851519112	1	1	386	57	2	0	G
D11_BC47_191109_LF_LIB_consensus_vsearch	3165	G	G	436	6	1.33%	2	1	93	93	0.01536047315528176	1	1	382	54	6	0	-CG
D11_BC47_191109_LF_LIB_consensus_vsearch	3166	C	C	440	2	0.45%	2	1	93	93	0.2497168742917677	1	1	383	57	2	0	+A
D11_BC47_191109_LF_LIB_consensus_vsearch	3167	G	G	428	5	1.13%	2	1	93	93	0.030889356258247617	1	1	374	54	5	0	-A
D11_BC47_191109_LF_LIB_consensus_vsearch	3168	A	A	425	6	1.36%	2	1	93	93	0.015353737770788975	1	1	370	55	6	0	-T
D11_BC47_191109_LF_LIB_consensus_vsearch	3169	T	T	438	2	0.45%	2	1	93	93	0.24971558589274387	1	1	381	57	2	0	G
D11_BC47_191109_LF_LIB_consensus_vsearch	3170	T	T	449	1	0.22%	2	1	93	93	0.4999999999990043	1	1	392	57	1	0	C
D11_BC47_191109_LF_LIB_consensus_vsearch	3171	T	T	442	3	0.67%	2	1	93	93	0.12457817772799688	1	1	388	54	3	0	-C
D11_BC47_191109_LF_LIB_consensus_vsearch	3172	C	*/-A	396	44	9.84%	2	1	93	93	1.8336398870574506E-14	1	1	340	56	44	0	-A
D11_BC47_191109_LF_LIB_consensus_vsearch	3173	A	A	391	5	1.23%	2	1	93	93	0.030855681550508444	1	1	337	54	5	0	G
D11_BC47_191109_LF_LIB_consensus_vsearch	3174	C	Y	391	44	9.91%	2	2	93	93	1.8086871059654703E-14	1	1	338	53	43	1	T
D11_BC47_191109_LF_LIB_consensus_vsearch	3175	A	R	374	59	13.29%	2	2	93	93	2.0806727053535536E-19	1	1	327	47	58	1	G
D11_BC47_191109_LF_LIB_consensus_vsearch	3176	G	G	442	2	0.45%	2	1	93	93	0.2497181510708481	1	1	388	54	2	0	+A
D11_BC47_191109_LF_LIB_consensus_vsearch	3177	G	G	443	6	1.33%	2	1	93	93	0.015364587872107325	1	1	387	56	6	0	-A
D11_BC47_191109_LF_LIB_consensus_vsearch	3178	A	*/-T	435	7	1.57%	2	1	93	93	0.007627752045228881	1	1	379	56	7	0	-T
D11_BC47_191109_LF_LIB_consensus_vsearch	3179	T	T	440	3	0.68%	2	1	93	93	0.1245762711863649	1	1	384	56	3	0	C
D11_BC47_191109_LF_LIB_consensus_vsearch	3180	T	*/-AC	429	13	2.88%	2	1	93	93	1.1161922648910357E-4	1	1	374	55	13	0	-AC
D11_BC47_191109_LF_LIB_consensus_vsearch	3181	A	*/-C	409	12	2.78%	2	2	93	93	2.2548906969822708E-4	1	1	356	53	11	1	-C
D11_BC47_191109_LF_LIB_consensus_vsearch	3182	C	C	412	4	0.95%	2	1	93	93	0.062049008635505214	1	1	359	53	4	0	G
D11_BC47_191109_LF_LIB_consensus_vsearch	3183	C	S	427	15	3.36%	2	1	93	93	2.7045976238335243E-5	1	1	373	54	15	0	G
D11_BC47_191109_LF_LIB_consensus_vsearch	3184	C	Y	419	14	3.12%	2	2	93	93	5.485540608158622E-5	1	1	375	44	5	9	T
D11_BC47_191109_LF_LIB_consensus_vsearch	3185	A	R	430	7	1.59%	2	1	93	93	0.007625648020175149	1	1	376	54	7	0	G
D11_BC47_191109_LF_LIB_consensus_vsearch	3186	A	*/-G	436	8	1.78%	2	1	93	93	0.003783983718069795	1	1	381	55	8	0	-G
D11_BC47_191109_LF_LIB_consensus_vsearch	3187	G	R	420	16	3.62%	2	1	93	93	1.3263859391341419E-5	1	1	368	52	16	0	A
D11_BC47_191109_LF_LIB_consensus_vsearch	3188	C	C	444	2	0.45%	2	1	93	93	0.24971941638606426	1	1	391	53	2	0	+A
D11_BC47_191109_LF_LIB_consensus_vsearch	3189	C	C	443	5	1.11%	2	1	93	93	0.030901424487179464	1	1	394	49	0	5	+T
D11_BC47_191109_LF_LIB_consensus_vsearch	3190	T	T	440	5	1.11%	2	1	93	93	0.030899075890599485	1	1	392	48	0	5	-C
D11_BC47_191109_LF_LIB_consensus_vsearch	3191	C	*/-TC	419	26	5.83%	2	2	93	93	1.0231231003831989E-8	1	1	370	49	24	2	-TC
D11_BC47_191109_LF_LIB_consensus_vsearch	3192	T	T	417	3	0.71%	2	1	93	93	0.12455303933245657	1	1	363	54	3	0	+C
D11_BC47_191109_LF_LIB_consensus_vsearch	3193	C	C	413	6	1.42%	2	1	93	93	0.015345987728683596	1	1	360	53	6	0	+TC
D11_BC47_191109_LF_LIB_consensus_vsearch	3194	G	G	450	0	0%	2	0	93	0	1.0	1	0	393	57	0	0	
D11_BC47_191109_LF_LIB_consensus_vsearch	3195	G	R	439	9	2%	2	1	93	93	0.0018754838294876201	1	1	382	57	9	0	A
D11_BC47_191109_LF_LIB_consensus_vsearch	3196	C	*/-A	317	116	25.78%	2	2	93	93	1.604678137905673E-39	1	1	264	53	113	3	-A
D11_BC47_191109_LF_LIB_consensus_vsearch	3197	A	A	327	2	0.61%	2	1	93	93	0.24961948249601232	1	1	274	53	2	0	T
D11_BC47_191109_LF_LIB_consensus_vsearch	3198	A	A	439	3	0.67%	2	1	93	93	0.12457531143833234	1	1	383	56	3	0	+G
D11_BC47_191109_LF_LIB_consensus_vsearch	3199	A	R	422	18	4.02%	2	1	93	93	3.1945872707708225E-6	1	1	368	54	18	0	G
D11_BC47_191109_LF_LIB_consensus_vsearch	3200	G	G	444	1	0.22%	2	1	93	93	0.5000000000008233	1	1	389	55	1	0	+AG
D11_BC47_191109_LF_LIB_consensus_vsearch	3201	G	G	451	0	0%	2	0	93	0	1.0	1	0	394	57	0	0	
D11_BC47_191109_LF_LIB_consensus_vsearch	3202	A	A	450	1	0.22%	2	1	93	93	0.5000000000008233	1	1	394	56	0	1	G
D11_BC47_191109_LF_LIB_consensus_vsearch	3203	T	*/-GAT	439	8	1.77%	2	2	93	93	0.003784798257927548	1	1	383	56	7	1	-GAT
D11_BC47_191109_LF_LIB_consensus_vsearch	3204	G	G	440	1	0.23%	2	1	93	93	0.4999999999999138	1	1	384	56	1	0	-A
D11_BC47_191109_LF_LIB_consensus_vsearch	3205	A	A	437	3	0.68%	2	2	93	93	0.12457337883968563	1	1	382	55	2	1	G
D11_BC47_191109_LF_LIB_consensus_vsearch	3206	T	*/-A	419	20	4.54%	2	1	93	93	7.643203668866705E-7	1	1	363	56	20	0	-A
D11_BC47_191109_LF_LIB_consensus_vsearch	3207	A	*/-C	372	42	9.77%	2	2	93	93	7.604789338985422E-14	1	1	318	54	40	2	-C
D11_BC47_191109_LF_LIB_consensus_vsearch	3208	C	S	384	21	5.15%	2	1	93	93	3.6545901487679177E-7	1	1	329	55	21	0	G
D11_BC47_191109_LF_LIB_consensus_vsearch	3209	C	C	446	1	0.22%	2	1	93	93	0.5000000000008233	1	1	391	55	0	1	+G
D11_BC47_191109_LF_LIB_consensus_vsearch	3210	C	*/-A	435	8	1.77%	2	1	93	93	0.0037837097715777354	1	1	378	57	8	0	-A
D11_BC47_191109_LF_LIB_consensus_vsearch	3211	A	*/-T	428	9	2.04%	2	1	93	93	0.0018735509751739627	1	1	371	57	9	0	-T
D11_BC47_191109_LF_LIB_consensus_vsearch	3212	T	K	427	12	2.73%	2	1	93	93	2.2623486621516718E-4	1	1	370	57	12	0	G
D11_BC47_191109_LF_LIB_consensus_vsearch	3213	T	T	443	4	0.89%	2	2	93	93	0.06208030284174911	1	1	388	55	2	2	-G
D11_BC47_191109_LF_LIB_consensus_vsearch	3214	G	R	429	15	3.36%	2	1	93	93	2.7060938566629196E-5	1	1	374	55	15	0	A
D11_BC47_191109_LF_LIB_consensus_vsearch	3215	G	*/-C	426	14	3.1%	2	1	93	93	5.495010686777893E-5	1	1	370	56	14	0	-C
D11_BC47_191109_LF_LIB_consensus_vsearch	3216	C	C	430	3	0.69%	2	2	93	93	0.12456647398843287	1	1	375	55	1	2	T
D11_BC47_191109_LF_LIB_consensus_vsearch	3217	C	C	444	2	0.45%	2	1	93	93	0.24971941638606426	1	1	389	55	2	0	-G
D11_BC47_191109_LF_LIB_consensus_vsearch	3218	G	G	440	4	0.89%	2	2	93	93	0.06207746546158639	1	1	385	55	2	2	-CG
D11_BC47_191109_LF_LIB_consensus_vsearch	3219	C	C	443	1	0.22%	2	1	93	93	0.4999999999999138	1	1	391	52	1	0	+A
D11_BC47_191109_LF_LIB_consensus_vsearch	3220	G	G	446	1	0.22%	2	1	93	93	0.5000000000008233	1	1	391	55	1	0	T
D11_BC47_191109_LF_LIB_consensus_vsearch	3221	T	*/+C	428	18	3.99%	2	1	93	93	3.20237453644594E-6	1	1	373	55	18	0	+C
D11_BC47_191109_LF_LIB_consensus_vsearch	3222	C	C	442	3	0.67%	2	2	93	93	0.12457817772799688	1	1	389	53	1	2	-A
D11_BC47_191109_LF_LIB_consensus_vsearch	3223	A	R	410	35	7.83%	2	1	93	93	1.4514987399430383E-11	1	1	356	54	35	0	G
D11_BC47_191109_LF_LIB_consensus_vsearch	3224	G	G	441	4	0.89%	2	1	93	93	0.062078415508149166	1	1	385	56	4	0	A
D11_BC47_191109_LF_LIB_consensus_vsearch	3225	T	T	435	6	1.34%	2	2	93	93	0.015359874699953162	1	1	388	47	1	5	C
D11_BC47_191109_LF_LIB_consensus_vsearch	3226	G	G	431	4	0.9%	2	1	93	93	0.06206871836935933	1	1	380	51	4	0	+C
D11_BC47_191109_LF_LIB_consensus_vsearch	3227	T	K	415	17	3.82%	2	1	93	93	6.498207944661731E-6	1	1	370	45	17	0	G
D11_BC47_191109_LF_LIB_consensus_vsearch	3228	A	R	364	61	13.65%	2	1	93	93	4.2611039735529246E-20	1	1	313	51	61	0	G
D11_BC47_191109_LF_LIB_consensus_vsearch	3229	G	G	441	1	0.22%	2	1	93	93	0.5000000000008233	1	1	387	54	1	0	+C
D11_BC47_191109_LF_LIB_consensus_vsearch	3230	C	C	442	1	0.22%	2	1	93	93	0.4999999999990043	1	1	387	55	1	0	+AGC
D11_BC47_191109_LF_LIB_consensus_vsearch	3231	G	G	442	3	0.67%	2	2	93	93	0.12457817772799688	1	1	387	55	2	1	-CG
D11_BC47_191109_LF_LIB_consensus_vsearch	3232	C	C	440	1	0.22%	2	1	93	93	0.4999999999999138	1	1	385	55	1	0	+A
D11_BC47_191109_LF_LIB_consensus_vsearch	3233	G	*/+CG	151	268	59.96%	2	2	93	93	9.775470366377682E-110	1	1	122	29	244	24	+CG
D11_BC47_191109_LF_LIB_consensus_vsearch	3234	T	Y	436	9	2.02%	2	2	93	93	0.0018749660605302289	1	1	381	55	8	1	C
D11_BC47_191109_LF_LIB_consensus_vsearch	3235	G	G	434	3	0.67%	2	1	93	93	0.12457044673541934	1	1	380	54	3	0	+TA
D11_BC47_191109_LF_LIB_consensus_vsearch	3236	C	C	437	5	1.12%	2	2	93	93	0.03089669543126854	1	1	385	52	3	2	T
D11_BC47_191109_LF_LIB_consensus_vsearch	3237	G	*/+T	426	9	2.02%	2	2	93	93	0.001873189162106254	1	1	373	53	8	1	+T
D11_BC47_191109_LF_LIB_consensus_vsearch	3238	G	*/-C	386	43	9.56%	2	1	93	93	3.7549129629949446E-14	1	1	329	57	43	0	-C
D11_BC47_191109_LF_LIB_consensus_vsearch	3239	C	C	393	2	0.5%	2	1	93	93	0.24968314321918028	1	1	336	57	2	0	+GG
D11_BC47_191109_LF_LIB_consensus_vsearch	3240	C	Y	432	10	2.25%	2	2	93	93	9.275806861447792E-4	1	1	376	56	9	1	T
D11_BC47_191109_LF_LIB_consensus_vsearch	3241	C	Y	418	11	2.46%	2	2	93	93	4.575989670126341E-4	1	1	363	55	9	2	T
D11_BC47_191109_LF_LIB_consensus_vsearch	3242	A	*/-G	415	14	3.19%	2	2	93	93	5.479995734771002E-5	1	1	370	45	5	9	-G
D11_BC47_191109_LF_LIB_consensus_vsearch	3243	G	G	427	3	0.69%	2	1	93	93	0.12456344586746677	1	1	379	48	3	0	+A
D11_BC47_191109_LF_LIB_consensus_vsearch	3244	G	G	434	6	1.33%	2	1	93	93	0.015359273530652235	1	1	377	57	6	0	+A
D11_BC47_191109_LF_LIB_consensus_vsearch	3245	A	A	440	3	0.67%	2	1	93	93	0.1245762711863649	1	1	383	57	3	0	G
D11_BC47_191109_LF_LIB_consensus_vsearch	3246	C	C	443	2	0.45%	2	1	93	93	0.2497187851519112	1	1	386	57	2	0	-A
D11_BC47_191109_LF_LIB_consensus_vsearch	3247	A	A	439	2	0.45%	2	1	93	93	0.2497162315547306	1	1	384	55	2	0	G
D11_BC47_191109_LF_LIB_consensus_vsearch	3248	T	*/+C	425	13	2.91%	2	1	93	93	1.115267016392494E-4	1	1	369	56	13	0	+C
D11_BC47_191109_LF_LIB_consensus_vsearch	3249	C	C	438	6	1.34%	2	2	93	93	0.01536166199729829	1	1	384	54	3	3	-T
D11_BC47_191109_LF_LIB_consensus_vsearch	3250	T	*/+A	388	26	5.91%	2	1	93	93	9.938208002589169E-9	1	1	334	54	26	0	+A
D11_BC47_191109_LF_LIB_consensus_vsearch	3251	A	A	422	5	1.16%	2	1	93	93	0.030884291702852337	1	1	366	56	5	0	G
D11_BC47_191109_LF_LIB_consensus_vsearch	3252	A	*/-G	416	13	2.93%	2	2	93	93	1.1131241336260559E-4	1	1	362	54	11	2	-G
D11_BC47_191109_LF_LIB_consensus_vsearch	3253	G	G	432	3	0.68%	2	1	93	93	0.12456846950514457	1	1	377	55	3	0	+A
D11_BC47_191109_LF_LIB_consensus_vsearch	3254	G	*/+A	428	18	3.99%	2	1	93	93	3.20237453644594E-6	1	1	372	56	18	0	+A
D11_BC47_191109_LF_LIB_consensus_vsearch	3255	G	G	449	1	0.22%	2	1	93	93	0.4999999999990043	1	1	392	57	1	0	A
D11_BC47_191109_LF_LIB_consensus_vsearch	3256	C	C	451	0	0%	2	0	93	0	1.0	1	0	394	57	0	0	
D11_BC47_191109_LF_LIB_consensus_vsearch	3257	A	A	450	1	0.22%	2	1	93	93	0.5000000000008233	1	1	393	57	1	0	G
D11_BC47_191109_LF_LIB_consensus_vsearch	3258	T	*/-C	436	8	1.77%	2	1	93	93	0.003783983718069795	1	1	379	57	8	0	-C
D11_BC47_191109_LF_LIB_consensus_vsearch	3259	C	C	432	6	1.35%	2	1	93	93	0.015358062976156805	1	1	376	56	6	0	-A
D11_BC47_191109_LF_LIB_consensus_vsearch	3260	A	*/+C	421	9	2.03%	2	1	93	93	0.0018722700711233777	1	1	365	56	9	0	+C
D11_BC47_191109_LF_LIB_consensus_vsearch	3261	C	C	440	4	0.89%	2	1	93	93	0.06207746546158639	1	1	384	56	4	0	T
D11_BC47_191109_LF_LIB_consensus_vsearch	3262	A	A	433	6	1.34%	2	1	93	93	0.01535866962898151	1	1	378	55	6	0	G
D11_BC47_191109_LF_LIB_consensus_vsearch	3263	G	G	442	1	0.22%	2	1	93	93	0.4999999999990043	1	1	387	55	1	0	+A
D11_BC47_191109_LF_LIB_consensus_vsearch	3264	A	A	434	6	1.33%	2	1	93	93	0.015359273530652235	1	1	379	55	6	0	-C
D11_BC47_191109_LF_LIB_consensus_vsearch	3265	C	C	440	1	0.23%	2	1	93	93	0.4999999999999138	1	1	384	56	1	0	+GC
D11_BC47_191109_LF_LIB_consensus_vsearch	3266	C	C	445	1	0.22%	2	1	93	93	0.4999999999999138	1	1	389	56	1	0	+A
D11_BC47_191109_LF_LIB_consensus_vsearch	3267	T	T	442	4	0.89%	2	2	93	93	0.06207936129200334	1	1	392	50	1	3	C
D11_BC47_191109_LF_LIB_consensus_vsearch	3268	G	*/-T	431	8	1.78%	2	1	93	93	0.003782601599602771	1	1	376	55	8	0	-T
D11_BC47_191109_LF_LIB_consensus_vsearch	3269	T	T	428	5	1.14%	2	2	93	93	0.030889356258247617	1	1	375	53	3	2	C
D11_BC47_191109_LF_LIB_consensus_vsearch	3270	T	*/-A	360	64	14.29%	2	1	93	93	4.1382187350751655E-21	1	1	305	55	64	0	-A
D11_BC47_191109_LF_LIB_consensus_vsearch	3271	A	R	346	16	4.37%	2	1	93	93	1.288121877791819E-5	1	1	291	55	16	0	G
D11_BC47_191109_LF_LIB_consensus_vsearch	3272	T	K	363	64	14.92%	2	1	93	93	4.219995848741599E-21	1	1	308	55	64	0	G
D11_BC47_191109_LF_LIB_consensus_vsearch	3273	T	T	427	2	0.46%	2	1	93	93	0.24970828471410914	1	1	372	55	2	0	C
D11_BC47_191109_LF_LIB_consensus_vsearch	3274	G	*/-C	428	7	1.56%	2	1	93	93	0.007624792930600719	1	1	373	55	7	0	-C
D11_BC47_191109_LF_LIB_consensus_vsearch	3275	C	C	430	3	0.68%	2	2	93	93	0.12456647398843287	1	1	376	54	1	2	A
D11_BC47_191109_LF_LIB_consensus_vsearch	3276	C	*/+G	408	20	4.45%	2	1	93	93	7.598832965227904E-7	1	1	353	55	20	0	+G
D11_BC47_191109_LF_LIB_consensus_vsearch	3277	A	*/-G	401	28	6.32%	2	1	93	93	2.3629580898794743E-9	1	1	344	57	28	0	-G
D11_BC47_191109_LF_LIB_consensus_vsearch	3278	G	*/+A	409	9	2.13%	2	1	93	93	0.0018699755869600776	1	1	352	57	9	0	+A
D11_BC47_191109_LF_LIB_consensus_vsearch	3279	A	A	433	6	1.34%	2	1	93	93	0.01535866962898151	1	1	376	57	6	0	-C
D11_BC47_191109_LF_LIB_consensus_vsearch	3280	C	C	433	5	1.12%	2	1	93	93	0.030893470790357477	1	1	377	56	5	0	+TT
D11_BC47_191109_LF_LIB_consensus_vsearch	3281	A	A	439	4	0.89%	2	2	93	93	0.06207651112360454	1	1	384	55	3	1	-C
D11_BC47_191109_LF_LIB_consensus_vsearch	3282	C	C	438	4	0.9%	2	1	93	93	0.0620755524648183	1	1	384	54	4	0	+A
D11_BC47_191109_LF_LIB_consensus_vsearch	3283	C	C	446	2	0.44%	2	1	93	93	0.24972067039122897	1	1	391	55	0	2	-T
D11_BC47_191109_LF_LIB_consensus_vsearch	3284	T	*/-C	438	7	1.56%	2	1	93	93	0.007628991869306366	1	1	384	54	7	0	-C
D11_BC47_191109_LF_LIB_consensus_vsearch	3285	C	C	440	2	0.45%	2	1	93	93	0.2497168742917677	1	1	384	56	2	0	+TC
D11_BC47_191109_LF_LIB_consensus_vsearch	3286	C	C	446	1	0.22%	2	1	93	93	0.5000000000008233	1	1	390	56	1	0	+G
D11_BC47_191109_LF_LIB_consensus_vsearch	3287	A	*/-C	395	40	8.91%	2	2	93	93	3.5543482486762963E-13	1	1	340	55	38	2	-C
D11_BC47_191109_LF_LIB_consensus_vsearch	3288	C	C	405	1	0.25%	2	1	93	93	0.5000000000008233	1	1	351	54	1	0	+AC
D11_BC47_191109_LF_LIB_consensus_vsearch	3289	C	C	445	1	0.22%	2	1	93	93	0.4999999999999138	1	1	388	57	1	0	+T
D11_BC47_191109_LF_LIB_consensus_vsearch	3290	C	C	439	5	1.11%	2	1	93	93	0.030898285976353152	1	1	382	57	5	0	-AC
D11_BC47_191109_LF_LIB_consensus_vsearch	3291	A	A	436	5	1.13%	2	1	93	93	0.030895894751978216	1	1	379	57	5	0	G
D11_BC47_191109_LF_LIB_consensus_vsearch	3292	C	C	436	2	0.45%	2	1	93	93	0.2497142857145226	1	1	379	57	2	0	+T
D11_BC47_191109_LF_LIB_consensus_vsearch	3293	T	T	439	2	0.45%	2	1	93	93	0.2497162315547306	1	1	386	53	0	2	-A
D11_BC47_191109_LF_LIB_consensus_vsearch	3294	A	A	433	5	1.13%	2	1	93	93	0.030893470790357477	1	1	381	52	5	0	-TA
D11_BC47_191109_LF_LIB_consensus_vsearch	3295	T	*/+A	422	15	3.39%	2	2	93	93	2.7007998247201884E-5	1	1	371	51	14	1	+A
D11_BC47_191109_LF_LIB_consensus_vsearch	3296	A	R	407	30	6.79%	2	1	93	93	5.563532370500357E-10	1	1	354	53	30	0	G
D11_BC47_191109_LF_LIB_consensus_vsearch	3297	G	G	445	2	0.44%	2	1	93	93	0.2497200447932722	1	1	391	54	2	0	-C
D11_BC47_191109_LF_LIB_consensus_vsearch	3298	C	C	440	2	0.45%	2	1	93	93	0.2497168742917677	1	1	388	52	2	0	-G
D11_BC47_191109_LF_LIB_consensus_vsearch	3299	G	*/-CG	425	14	3.12%	2	2	93	93	5.493675610968029E-5	1	1	381	44	4	10	-CG
D11_BC47_191109_LF_LIB_consensus_vsearch	3300	C	C	421	3	0.69%	2	2	93	93	0.12455726092075974	1	1	380	41	2	1	-GG
D11_BC47_191109_LF_LIB_consensus_vsearch	3301	G	R	420	9	2.09%	2	2	93	93	0.0018720837112055043	1	1	378	42	8	1	A
D11_BC47_191109_LF_LIB_consensus_vsearch	3302	G	G	438	6	1.35%	2	1	93	93	0.01536166199729829	1	1	384	54	6	0	+A
D11_BC47_191109_LF_LIB_consensus_vsearch	3303	G	G	445	3	0.67%	2	1	93	93	0.12458100558661131	1	1	388	57	3	0	-C
D11_BC47_191109_LF_LIB_consensus_vsearch	3304	C	C	438	3	0.67%	2	2	93	93	0.12457434733248252	1	1	384	54	1	2	T
D11_BC47_191109_LF_LIB_consensus_vsearch	3305	A	A	442	4	0.89%	2	1	93	93	0.06207936129200334	1	1	385	57	4	0	G
D11_BC47_191109_LF_LIB_consensus_vsearch	3306	G	G	445	2	0.45%	2	1	93	93	0.2497200447932722	1	1	389	56	2	0	+A
D11_BC47_191109_LF_LIB_consensus_vsearch	3307	T	*/+C	397	34	7.54%	2	1	93	93	2.956837252132585E-11	1	1	341	56	34	0	+C
D11_BC47_191109_LF_LIB_consensus_vsearch	3308	C	C	426	4	0.93%	2	1	93	93	0.06206370056623179	1	1	370	56	4	0	+A
D11_BC47_191109_LF_LIB_consensus_vsearch	3309	C	*/+T	388	14	3.13%	2	1	93	93	5.439800459779043E-5	1	1	332	56	14	0	+T
D11_BC47_191109_LF_LIB_consensus_vsearch	3310	G	*/+C	345	35	8.16%	2	1	93	93	1.2812699465672646E-11	1	1	289	56	35	0	+C
D11_BC47_191109_LF_LIB_consensus_vsearch	3311	C	*/+T	399	12	2.76%	2	1	93	93	2.2504727237570137E-4	1	1	343	56	12	0	+T
D11_BC47_191109_LF_LIB_consensus_vsearch	3312	A	R	378	17	3.91%	2	1	93	93	6.39918770690152E-6	1	1	321	57	17	0	G
D11_BC47_191109_LF_LIB_consensus_vsearch	3313	T	T	437	3	0.68%	2	2	93	93	0.12457337883968563	1	1	382	55	2	1	A
D11_BC47_191109_LF_LIB_consensus_vsearch	3314	G	*/+TG	435	9	2%	2	1	93	93	0.0018747919330438447	1	1	378	57	9	0	+TG
D11_BC47_191109_LF_LIB_consensus_vsearch	3315	A	R	431	7	1.57%	2	1	93	93	0.007626072650234986	1	1	376	55	7	0	G
D11_BC47_191109_LF_LIB_consensus_vsearch	3316	T	T	447	2	0.44%	2	1	93	93	0.24972129319990002	1	1	391	56	2	0	C
D11_BC47_191109_LF_LIB_consensus_vsearch	3317	T	T	444	3	0.67%	2	1	93	93	0.12458006718908442	1	1	390	54	3	0	C
D11_BC47_191109_LF_LIB_consensus_vsearch	3318	G	R	437	7	1.56%	2	2	93	93	0.007628580447648388	1	1	384	53	6	1	A
D11_BC47_191109_LF_LIB_consensus_vsearch	3319	G	R	384	49	10.89%	2	2	93	93	4.2113072024005557E-16	1	1	329	55	48	1	A
D11_BC47_191109_LF_LIB_consensus_vsearch	3320	G	R	439	8	1.77%	2	1	93	93	0.003784798257927548	1	1	382	57	8	0	A
D11_BC47_191109_LF_LIB_consensus_vsearch	3321	C	*/-G	432	10	2.23%	2	1	93	93	9.275806861447792E-4	1	1	378	54	10	0	-G
D11_BC47_191109_LF_LIB_consensus_vsearch	3322	G	R	424	12	2.72%	2	2	93	93	2.2611473442214893E-4	1	1	368	56	11	1	A
D11_BC47_191109_LF_LIB_consensus_vsearch	3323	C	M	430	9	2.01%	2	1	93	93	0.0018739095280781474	1	1	373	57	9	0	A
D11_BC47_191109_LF_LIB_consensus_vsearch	3324	C	Y	423	11	2.44%	2	2	93	93	4.5794544103178105E-4	1	1	369	54	9	2	T
D11_BC47_191109_LF_LIB_consensus_vsearch	3325	G	R	435	11	2.44%	2	1	93	93	4.587459048221758E-4	1	1	378	57	11	0	A
D11_BC47_191109_LF_LIB_consensus_vsearch	3326	A	A	438	6	1.34%	2	2	93	93	0.01536166199729829	1	1	384	54	3	3	-C
D11_BC47_191109_LF_LIB_consensus_vsearch	3327	C	C	441	2	0.45%	2	1	93	93	0.24971751412472734	1	1	387	54	2	0	+A
D11_BC47_191109_LF_LIB_consensus_vsearch	3328	C	C	443	3	0.67%	2	1	93	93	0.12457912457918291	1	1	392	51	0	3	+T
D11_BC47_191109_LF_LIB_consensus_vsearch	3329	T	T	434	5	1.12%	2	1	93	93	0.030894282456439635	1	1	383	51	5	0	+C
D11_BC47_191109_LF_LIB_consensus_vsearch	3330	C	C	432	4	0.9%	2	2	93	93	0.06206970811168755	1	1	383	49	3	1	+G
D11_BC47_191109_LF_LIB_consensus_vsearch	3331	A	*/+T	403	17	3.8%	2	1	93	93	6.4678823522925845E-6	1	1	350	53	17	0	+T
D11_BC47_191109_LF_LIB_consensus_vsearch	3332	T	T	427	5	1.15%	2	2	93	93	0.03088852192937873	1	1	376	51	3	2	C
D11_BC47_191109_LF_LIB_consensus_vsearch	3333	T	T	446	3	0.67%	2	2	93	93	0.1245819397993151	1	1	392	54	1	2	C
D11_BC47_191109_LF_LIB_consensus_vsearch	3334	T	*/+C	428	13	2.88%	2	2	93	93	1.1159624774972868E-4	1	1	376	52	12	1	+C
D11_BC47_191109_LF_LIB_consensus_vsearch	3335	C	C	442	2	0.45%	2	1	93	93	0.2497181510708481	1	1	388	54	2	0	T
D11_BC47_191109_LF_LIB_consensus_vsearch	3336	C	C	445	3	0.67%	2	1	93	93	0.12458100558661131	1	1	389	56	3	0	-A
D11_BC47_191109_LF_LIB_consensus_vsearch	3337	A	A	436	4	0.89%	2	1	93	93	0.0620736220670793	1	1	380	56	4	0	G
D11_BC47_191109_LF_LIB_consensus_vsearch	3338	T	Y	440	8	1.78%	2	2	93	93	0.0037850673649748043	1	1	385	55	7	1	C
D11_BC47_191109_LF_LIB_consensus_vsearch	3339	G	G	448	2	0.44%	2	1	93	93	0.24972191323697995	1	1	391	57	2	0	-A
D11_BC47_191109_LF_LIB_consensus_vsearch	3340	A	A	446	2	0.45%	2	1	93	93	0.24972067039122897	1	1	389	57	2	0	G
D11_BC47_191109_LF_LIB_consensus_vsearch	3341	T	*/+C	434	15	3.33%	2	1	93	93	2.7097786818023924E-5	1	1	377	57	15	0	+C
D11_BC47_191109_LF_LIB_consensus_vsearch	3342	C	*/+A	430	8	1.78%	2	1	93	93	0.0037823214180042796	1	1	373	57	8	0	+A
D11_BC47_191109_LF_LIB_consensus_vsearch	3343	A	*/-G	371	58	13.09%	2	1	93	93	4.392253623339544E-19	1	1	318	53	58	0	-G
D11_BC47_191109_LF_LIB_consensus_vsearch	3344	G	G	387	4	1.02%	2	1	93	93	0.062020154536760255	1	1	330	57	4	0	-A
D11_BC47_191109_LF_LIB_consensus_vsearch	3345	A	A	443	2	0.45%	2	1	93	93	0.2497187851519112	1	1	387	56	2	0	-G
D11_BC47_191109_LF_LIB_consensus_vsearch	3346	G	G	446	1	0.22%	2	1	93	93	0.5000000000008233	1	1	390	56	0	1	-T
D11_BC47_191109_LF_LIB_consensus_vsearch	3347	T	T	443	4	0.89%	2	1	93	93	0.06208030284174911	1	1	391	52	0	4	-C
D11_BC47_191109_LF_LIB_consensus_vsearch	3348	C	C	441	3	0.67%	2	1	93	93	0.12457722660661777	1	1	388	53	3	0	-TC
D11_BC47_191109_LF_LIB_consensus_vsearch	3349	T	*/-C	422	12	2.69%	2	1	93	93	2.2603374744065776E-4	1	1	366	56	12	0	-C
D11_BC47_191109_LF_LIB_consensus_vsearch	3350	C	C	430	0	0%	2	0	93	0	1.0	1	0	373	57	0	0	
D11_BC47_191109_LF_LIB_consensus_vsearch	3351	C	C	439	5	1.12%	2	1	93	93	0.030898285976353152	1	1	382	57	5	0	-A
D11_BC47_191109_LF_LIB_consensus_vsearch	3352	A	A	437	4	0.91%	2	1	93	93	0.062074589455845104	1	1	380	57	4	0	G
D11_BC47_191109_LF_LIB_consensus_vsearch	3353	C	*/-AC	392	54	12%	2	2	93	93	1.0062401368256659E-17	1	1	336	56	53	1	-AC
D11_BC47_191109_LF_LIB_consensus_vsearch	3354	A	A	382	5	1.27%	2	1	93	93	0.030846517434254234	1	1	327	55	5	0	-C
D11_BC47_191109_LF_LIB_consensus_vsearch	3355	C	*/-G	326	26	6.7%	2	1	93	93	9.22879817325397E-9	1	1	270	56	26	0	-G
D11_BC47_191109_LF_LIB_consensus_vsearch	3356	G	*/-A	390	24	5.7%	2	2	93	93	4.229270545751466E-8	1	1	334	56	23	1	-A
D11_BC47_191109_LF_LIB_consensus_vsearch	3357	A	R	397	16	3.8%	2	1	93	93	1.3158789700561018E-5	1	1	341	56	16	0	G
D11_BC47_191109_LF_LIB_consensus_vsearch	3358	G	G	434	4	0.9%	2	1	93	93	0.062071674030406296	1	1	378	56	4	0	+A
D11_BC47_191109_LF_LIB_consensus_vsearch	3359	G	*/+C	429	9	2%	2	1	93	93	0.0018737306563855328	1	1	373	56	9	0	+C
D11_BC47_191109_LF_LIB_consensus_vsearch	3360	C	C	443	3	0.67%	2	1	93	93	0.12457912457918291	1	1	387	56	3	0	+G
D11_BC47_191109_LF_LIB_consensus_vsearch	3361	A	R	422	20	4.45%	2	1	93	93	7.654955875708403E-7	1	1	369	53	20	0	G
D11_BC47_191109_LF_LIB_consensus_vsearch	3362	G	G	444	1	0.22%	2	1	93	93	0.5000000000008233	1	1	391	53	1	0	-A
D11_BC47_191109_LF_LIB_consensus_vsearch	3363	A	*/+G	430	9	2.01%	2	1	93	93	0.0018739095280781474	1	1	377	53	9	0	+G
D11_BC47_191109_LF_LIB_consensus_vsearch	3364	C	C	446	3	0.67%	2	2	93	93	0.1245819397993151	1	1	392	54	1	2	-T
D11_BC47_191109_LF_LIB_consensus_vsearch	3365	T	*/-C	248	173	38.7%	2	2	93	93	1.4486404715987508E-62	1	1	210	38	168	5	-C
D11_BC47_191109_LF_LIB_consensus_vsearch	3366	C	C	264	1	0.38%	2	1	93	93	0.4999999999999138	1	1	215	49	1	0	A
D11_BC47_191109_LF_LIB_consensus_vsearch	3367	C	*/+A	426	8	1.82%	2	1	93	93	0.0037811878789100195	1	1	374	52	8	0	+A
D11_BC47_191109_LF_LIB_consensus_vsearch	3368	C	*/-AC	431	12	2.66%	2	1	93	93	2.2639257424578987E-4	1	1	376	55	12	0	-AC
D11_BC47_191109_LF_LIB_consensus_vsearch	3369	A	R	418	9	2.06%	2	1	93	93	0.0018717084025872061	1	1	366	52	9	0	G
D11_BC47_191109_LF_LIB_consensus_vsearch	3370	C	*/-T	417	9	2.08%	2	2	93	93	0.0018715194418685113	1	1	367	50	8	1	-T
D11_BC47_191109_LF_LIB_consensus_vsearch	3371	T	Y	426	7	1.59%	2	2	93	93	0.007623929979105209	1	1	376	50	3	4	C
D11_BC47_191109_LF_LIB_consensus_vsearch	3372	G	S	423	7	1.56%	2	2	93	93	0.007622620571895094	1	1	373	50	1	6	C
D11_BC47_191109_LF_LIB_consensus_vsearch	3373	T	W	413	10	2.29%	2	2	93	93	9.254147741675464E-4	1	1	363	50	4	6	A
D11_BC47_191109_LF_LIB_consensus_vsearch	3374	G	*/-A	422	8	1.82%	2	1	93	93	0.003780033413733114	1	1	367	55	8	0	-A
D11_BC47_191109_LF_LIB_consensus_vsearch	3375	A	*/-G	418	8	1.82%	2	1	93	93	0.003778857437644956	1	1	362	56	8	0	-G
D11_BC47_191109_LF_LIB_consensus_vsearch	3376	G	*/-C	370	48	10.88%	2	1	93	93	8.489810051681054E-16	1	1	313	57	48	0	-C
D11_BC47_191109_LF_LIB_consensus_vsearch	3377	C	C	388	6	1.5%	2	1	93	93	0.015328329503561841	1	1	331	57	6	0	T
D11_BC47_191109_LF_LIB_consensus_vsearch	3378	C	*/-GA	396	18	4.02%	2	2	93	93	3.1584277576268335E-6	1	1	340	56	17	1	-GA
D11_BC47_191109_LF_LIB_consensus_vsearch	3379	G	*/-A	385	18	4.35%	2	1	93	93	3.141832256242653E-6	1	1	330	55	18	0	-A
D11_BC47_191109_LF_LIB_consensus_vsearch	3380	A	A	398	3	0.74%	2	1	93	93	0.12453183520605009	1	1	343	55	3	0	+G
D11_BC47_191109_LF_LIB_consensus_vsearch	3381	A	*/-G	427	8	1.81%	2	1	93	93	0.0037814732031268648	1	1	371	56	8	0	-G
D11_BC47_191109_LF_LIB_consensus_vsearch	3382	G	G	438	2	0.45%	2	1	93	93	0.24971558589274387	1	1	384	54	0	2	-C
D11_BC47_191109_LF_LIB_consensus_vsearch	3383	C	C	446	2	0.45%	2	1	93	93	0.24972067039122897	1	1	391	55	2	0	A
D11_BC47_191109_LF_LIB_consensus_vsearch	3384	T	*/+C	398	36	8%	2	1	93	93	6.825985075246485E-12	1	1	342	56	36	0	+C
D11_BC47_191109_LF_LIB_consensus_vsearch	3385	C	*/-GG	417	17	3.79%	2	1	93	93	6.503109267247564E-6	1	1	381	36	0	17	-GG
D11_BC47_191109_LF_LIB_consensus_vsearch	3386	G	R	356	71	16.55%	2	1	93	93	1.768354384271359E-23	1	1	319	37	71	0	A
D11_BC47_191109_LF_LIB_consensus_vsearch	3387	G	G	430	3	0.69%	2	2	93	93	0.12456647398843287	1	1	391	39	2	1	A
D11_BC47_191109_LF_LIB_consensus_vsearch	3388	G	G	447	3	0.67%	2	1	93	93	0.12458286985565502	1	1	390	57	3	0	-A
D11_BC47_191109_LF_LIB_consensus_vsearch	3389	A	A	445	2	0.45%	2	1	93	93	0.2497200447932722	1	1	388	57	2	0	G
D11_BC47_191109_LF_LIB_consensus_vsearch	3390	T	*/-C	431	13	2.88%	2	1	93	93	1.1166488301300728E-4	1	1	374	57	13	0	-C
D11_BC47_191109_LF_LIB_consensus_vsearch	3391	C	*/-AC	424	10	2.28%	2	1	93	93	9.266914820866851E-4	1	1	367	57	10	0	-AC
D11_BC47_191109_LF_LIB_consensus_vsearch	3392	A	R	419	16	3.64%	2	1	93	93	1.3259509871934923E-5	1	1	363	56	16	0	G
D11_BC47_191109_LF_LIB_consensus_vsearch	3393	C	*/-G	418	14	3.17%	2	2	93	93	5.4841636470744183E-5	1	1	365	53	13	1	-G
D11_BC47_191109_LF_LIB_consensus_vsearch	3394	G	*/-A	423	10	2.29%	2	1	93	93	9.26578056881533E-4	1	1	368	55	10	0	-A
D11_BC47_191109_LF_LIB_consensus_vsearch	3395	A	*/+T	422	11	2.49%	2	1	93	93	4.57876773436784E-4	1	1	365	57	11	0	+T
D11_BC47_191109_LF_LIB_consensus_vsearch	3396	T	T	441	4	0.89%	2	1	93	93	0.062078415508149166	1	1	384	57	4	0	C
D11_BC47_191109_LF_LIB_consensus_vsearch	3397	G	G	441	2	0.45%	2	1	93	93	0.24971751412472734	1	1	385	56	2	0	-A
D11_BC47_191109_LF_LIB_consensus_vsearch	3398	A	*/-C	413	19	4.28%	2	1	93	93	1.5580746773809727E-6	1	1	357	56	19	0	-C
D11_BC47_191109_LF_LIB_consensus_vsearch	3399	C	C	425	1	0.23%	2	1	93	93	0.4999999999999138	1	1	370	55	0	1	+T
D11_BC47_191109_LF_LIB_consensus_vsearch	3400	C	C	444	4	0.89%	2	2	93	93	0.06208124018598929	1	1	388	56	3	1	T
D11_BC47_191109_LF_LIB_consensus_vsearch	3401	C	C	443	4	0.89%	2	1	93	93	0.06208030284174911	1	1	386	57	4	0	+A
D11_BC47_191109_LF_LIB_consensus_vsearch	3402	C	C	438	4	0.89%	2	1	93	93	0.0620755524648183	1	1	381	57	4	0	-A
D11_BC47_191109_LF_LIB_consensus_vsearch	3403	A	A	436	6	1.35%	2	1	93	93	0.01536047315528176	1	1	379	57	6	0	G
D11_BC47_191109_LF_LIB_consensus_vsearch	3404	G	G	443	3	0.67%	2	1	93	93	0.12457912457918291	1	1	386	57	3	0	+A
D11_BC47_191109_LF_LIB_consensus_vsearch	3405	G	G	436	5	1.11%	2	1	93	93	0.030895894751978216	1	1	379	57	5	0	A
D11_BC47_191109_LF_LIB_consensus_vsearch	3406	T	*/+C	239	205	45.76%	2	2	93	93	6.266227061091889E-76	1	1	233	6	157	48	+C
D11_BC47_191109_LF_LIB_consensus_vsearch	3407	C	*/+G	85	277	61.69%	2	2	93	93	4.991938622973522E-124	1	1	83	2	239	38	+G
D11_BC47_191109_LF_LIB_consensus_vsearch	3408	A	R	310	48	12.37%	2	2	93	93	6.563443886339364E-16	1	1	257	53	47	1	G
D11_BC47_191109_LF_LIB_consensus_vsearch	3409	A	R	431	12	2.67%	2	2	93	93	2.2639257424578987E-4	1	1	377	54	11	1	G
D11_BC47_191109_LF_LIB_consensus_vsearch	3410	G	G	437	4	0.9%	2	2	93	93	0.062074589455845104	1	1	382	55	3	1	-A
D11_BC47_191109_LF_LIB_consensus_vsearch	3411	A	R	423	14	3.14%	2	1	93	93	5.490987823300768E-5	1	1	370	53	14	0	G
D11_BC47_191109_LF_LIB_consensus_vsearch	3412	C	C	437	2	0.45%	2	1	93	93	0.24971493728629837	1	1	385	52	0	2	+T
D11_BC47_191109_LF_LIB_consensus_vsearch	3413	C	*/-T	430	10	2.23%	2	2	93	93	9.273613705492817E-4	1	1	386	44	1	9	-T
D11_BC47_191109_LF_LIB_consensus_vsearch	3414	T	T	430	3	0.68%	2	1	93	93	0.12456647398843287	1	1	384	46	3	0	+C
D11_BC47_191109_LF_LIB_consensus_vsearch	3415	C	C	440	4	0.89%	2	2	93	93	0.06207746546158639	1	1	388	52	1	3	-G
D11_BC47_191109_LF_LIB_consensus_vsearch	3416	G	R	433	10	2.24%	2	1	93	93	9.276896125167864E-4	1	1	380	53	10	0	A
D11_BC47_191109_LF_LIB_consensus_vsearch	3417	G	*/-CC	384	49	10.86%	2	1	93	93	4.2113072024005557E-16	1	1	328	56	49	0	-CC
D11_BC47_191109_LF_LIB_consensus_vsearch	3418	C	C	386	2	0.51%	2	1	93	93	0.24967741935460958	1	1	330	56	2	0	T
D11_BC47_191109_LF_LIB_consensus_vsearch	3419	C	C	399	1	0.25%	2	1	93	93	0.4999999999999138	1	1	342	57	1	0	+T
D11_BC47_191109_LF_LIB_consensus_vsearch	3420	C	C	434	6	1.33%	2	2	93	93	0.015359273530652235	1	1	383	51	2	4	+G
D11_BC47_191109_LF_LIB_consensus_vsearch	3421	G	*/-A	376	37	8.26%	2	1	93	93	3.128967842205424E-12	1	1	319	57	37	0	-A
D11_BC47_191109_LF_LIB_consensus_vsearch	3422	A	A	400	4	0.97%	2	1	93	93	0.06203560460879861	1	1	344	56	4	0	+G
D11_BC47_191109_LF_LIB_consensus_vsearch	3423	A	*/-G	434	15	3.33%	2	1	93	93	2.7097786818023924E-5	1	1	378	56	15	0	-G
D11_BC47_191109_LF_LIB_consensus_vsearch	3424	G	G	432	2	0.46%	2	1	93	93	0.2497116493653279	1	1	377	55	2	0	+A
D11_BC47_191109_LF_LIB_consensus_vsearch	3425	G	*/+C	427	9	2%	2	2	93	93	0.0018733704789343226	1	1	373	54	8	1	+C
D11_BC47_191109_LF_LIB_consensus_vsearch	3426	C	C	438	1	0.23%	2	1	93	93	0.4999999999999138	1	1	384	54	1	0	+AGC
D11_BC47_191109_LF_LIB_consensus_vsearch	3427	C	C	444	3	0.67%	2	1	93	93	0.12458006718908442	1	1	388	56	3	0	-T
D11_BC47_191109_LF_LIB_consensus_vsearch	3428	T	*/-G	417	26	5.82%	2	2	93	93	1.0213359333062522E-8	1	1	371	46	17	9	-G
D11_BC47_191109_LF_LIB_consensus_vsearch	3429	G	G	418	3	0.71%	2	1	93	93	0.12455410225923637	1	1	371	47	3	0	A
D11_BC47_191109_LF_LIB_consensus_vsearch	3430	G	G	436	5	1.11%	2	2	93	93	0.030895894751978216	1	1	382	54	4	1	C
D11_BC47_191109_LF_LIB_consensus_vsearch	3431	A	A	440	2	0.45%	2	1	93	93	0.2497168742917677	1	1	384	56	2	0	+GA
D11_BC47_191109_LF_LIB_consensus_vsearch	3432	A	A	439	6	1.34%	2	2	93	93	0.015362252420215997	1	1	383	56	5	1	G
D11_BC47_191109_LF_LIB_consensus_vsearch	3433	A	A	445	4	0.89%	2	1	93	93	0.0620821733525388	1	1	388	57	4	0	G
D11_BC47_191109_LF_LIB_consensus_vsearch	3434	T	*/-G	420	20	4.44%	2	2	93	93	7.64713727497211E-7	1	1	367	53	18	2	-G
D11_BC47_191109_LF_LIB_consensus_vsearch	3435	G	G	422	4	0.93%	2	1	93	93	0.062059601466603075	1	1	368	54	4	0	A
D11_BC47_191109_LF_LIB_consensus_vsearch	3436	G	R	440	8	1.79%	2	1	93	93	0.0037850673649748043	1	1	383	57	8	0	A
D11_BC47_191109_LF_LIB_consensus_vsearch	3437	G	*/-A	431	13	2.88%	2	1	93	93	1.1166488301300728E-4	1	1	374	57	13	0	-A
D11_BC47_191109_LF_LIB_consensus_vsearch	3438	A	A	427	3	0.68%	2	1	93	93	0.12456344586746677	1	1	370	57	3	0	-G
D11_BC47_191109_LF_LIB_consensus_vsearch	3439	G	*/-C	418	13	2.92%	2	1	93	93	1.1136078182173557E-4	1	1	362	56	13	0	-C
D11_BC47_191109_LF_LIB_consensus_vsearch	3440	C	C	426	4	0.92%	2	1	93	93	0.06206370056623179	1	1	369	57	4	0	A
D11_BC47_191109_LF_LIB_consensus_vsearch	3441	C	C	432	6	1.34%	2	2	93	93	0.015358062976156805	1	1	376	56	5	1	T
D11_BC47_191109_LF_LIB_consensus_vsearch	3442	A	*/-TA	432	7	1.57%	2	2	93	93	0.0076264953547406375	1	1	377	55	5	2	-TA
D11_BC47_191109_LF_LIB_consensus_vsearch	3443	T	*/+G	398	29	6.56%	2	1	93	93	1.1389159889843766E-9	1	1	343	55	29	0	+G
D11_BC47_191109_LF_LIB_consensus_vsearch	3444	A	*/-G	393	27	6.14%	2	1	93	93	4.8391875722453795E-9	1	1	338	55	27	0	-G
D11_BC47_191109_LF_LIB_consensus_vsearch	3445	G	G	417	2	0.47%	2	1	93	93	0.24970131421759778	1	1	360	57	2	0	-A
D11_BC47_191109_LF_LIB_consensus_vsearch	3446	A	R	424	10	2.24%	2	1	93	93	9.266914820866851E-4	1	1	369	55	10	0	G
D11_BC47_191109_LF_LIB_consensus_vsearch	3447	C	C	443	4	0.89%	2	2	93	93	0.06208030284174911	1	1	388	55	3	1	T
D11_BC47_191109_LF_LIB_consensus_vsearch	3448	G	G	450	1	0.22%	2	1	93	93	0.5000000000008233	1	1	394	56	0	1	T
D11_BC47_191109_LF_LIB_consensus_vsearch	3449	G	G	450	1	0.22%	2	1	93	93	0.5000000000008233	1	1	394	56	0	1	C
D11_BC47_191109_LF_LIB_consensus_vsearch	3450	A	A	447	3	0.67%	2	2	93	93	0.12458286985565502	1	1	393	54	1	2	+T
D11_BC47_191109_LF_LIB_consensus_vsearch	3451	C	C	438	4	0.89%	2	1	93	93	0.0620755524648183	1	1	383	55	4	0	-G
D11_BC47_191109_LF_LIB_consensus_vsearch	3452	G	G	437	3	0.68%	2	1	93	93	0.12457337883968563	1	1	380	57	3	0	A
D11_BC47_191109_LF_LIB_consensus_vsearch	3453	C	C	441	3	0.67%	2	1	93	93	0.12457722660661777	1	1	384	57	3	0	A
D11_BC47_191109_LF_LIB_consensus_vsearch	3454	C	C	441	5	1.11%	2	2	93	93	0.030899862264693823	1	1	388	53	4	1	T
D11_BC47_191109_LF_LIB_consensus_vsearch	3455	A	A	445	2	0.45%	2	1	93	93	0.2497200447932722	1	1	390	55	2	0	G
D11_BC47_191109_LF_LIB_consensus_vsearch	3456	A	R	438	7	1.56%	2	1	93	93	0.007628991869306366	1	1	382	56	7	0	G
D11_BC47_191109_LF_LIB_consensus_vsearch	3457	C	C	444	1	0.22%	2	1	93	93	0.5000000000008233	1	1	389	55	0	1	T
D11_BC47_191109_LF_LIB_consensus_vsearch	3458	C	C	444	2	0.45%	2	1	93	93	0.24971941638606426	1	1	390	54	2	0	-ACAC
D11_BC47_191109_LF_LIB_consensus_vsearch	3459	A	A	442	4	0.89%	2	1	93	93	0.06207936129200334	1	1	386	56	4	0	G
D11_BC47_191109_LF_LIB_consensus_vsearch	3460	C	*/-AC	315	129	28.79%	2	2	93	93	2.651140471538133E-44	1	1	265	50	123	6	-AC
D11_BC47_191109_LF_LIB_consensus_vsearch	3461	A	A	314	2	0.63%	2	1	93	93	0.2496038034863922	1	1	265	49	2	0	G
D11_BC47_191109_LF_LIB_consensus_vsearch	3462	C	C	317	2	0.62%	2	1	93	93	0.24960753532160734	1	1	266	51	2	0	+AC
D11_BC47_191109_LF_LIB_consensus_vsearch	3463	G	*/+T	433	13	2.89%	2	1	93	93	1.1171014262094148E-4	1	1	378	55	13	0	+T
D11_BC47_191109_LF_LIB_consensus_vsearch	3464	T	T	447	2	0.44%	2	2	93	93	0.24972129319990002	1	1	392	55	1	1	+C
D11_BC47_191109_LF_LIB_consensus_vsearch	3465	T	T	443	5	1.11%	2	1	93	93	0.030901424487179464	1	1	386	57	5	0	+C
D11_BC47_191109_LF_LIB_consensus_vsearch	3466	C	C	443	3	0.67%	2	1	93	93	0.12457912457918291	1	1	390	53	0	3	+T
D11_BC47_191109_LF_LIB_consensus_vsearch	3467	T	T	443	2	0.45%	2	2	93	93	0.2497187851519112	1	1	387	56	1	1	-G
D11_BC47_191109_LF_LIB_consensus_vsearch	3468	G	G	442	2	0.45%	2	1	93	93	0.2497181510708481	1	1	388	54	2	0	A
D11_BC47_191109_LF_LIB_consensus_vsearch	3469	G	G	444	2	0.45%	2	2	93	93	0.24971941638606426	1	1	388	56	1	1	A
D11_BC47_191109_LF_LIB_consensus_vsearch	3470	T	T	443	3	0.67%	2	1	93	93	0.12457912457918291	1	1	387	56	3	0	+G
D11_BC47_191109_LF_LIB_consensus_vsearch	3471	C	C	444	3	0.67%	2	1	93	93	0.12458006718908442	1	1	388	56	3	0	-TC
D11_BC47_191109_LF_LIB_consensus_vsearch	3472	T	T	438	4	0.9%	2	1	93	93	0.0620755524648183	1	1	381	57	4	0	+C
D11_BC47_191109_LF_LIB_consensus_vsearch	3473	C	*/+T	435	7	1.57%	2	1	93	93	0.007627752045228881	1	1	385	50	0	7	+T
D11_BC47_191109_LF_LIB_consensus_vsearch	3474	G	G	448	2	0.44%	2	1	93	93	0.24972191323697995	1	1	391	57	2	0	+T
D11_BC47_191109_LF_LIB_consensus_vsearch	3475	T	T	447	2	0.44%	2	1	93	93	0.24972129319990002	1	1	391	56	2	0	C
D11_BC47_191109_LF_LIB_consensus_vsearch	3476	T	T	444	5	1.11%	2	2	93	93	0.03090220038242228	1	1	388	56	4	1	-C
D11_BC47_191109_LF_LIB_consensus_vsearch	3477	C	C	441	2	0.45%	2	1	93	93	0.24971751412472734	1	1	387	54	2	0	+A
D11_BC47_191109_LF_LIB_consensus_vsearch	3478	G	G	442	5	1.11%	2	2	93	93	0.03090064512242186	1	1	386	56	4	1	A
D11_BC47_191109_LF_LIB_consensus_vsearch	3479	T	T	445	3	0.67%	2	2	93	93	0.12458100558661131	1	1	390	55	1	2	C
D11_BC47_191109_LF_LIB_consensus_vsearch	3480	T	T	447	2	0.44%	2	1	93	93	0.24972129319990002	1	1	391	56	2	0	C
D11_BC47_191109_LF_LIB_consensus_vsearch	3481	A	A	447	2	0.44%	2	1	93	93	0.24972129319990002	1	1	391	56	2	0	G
D11_BC47_191109_LF_LIB_consensus_vsearch	3482	T	*/+C	412	27	5.99%	2	1	93	93	4.933318177194983E-9	1	1	356	56	27	0	+C
D11_BC47_191109_LF_LIB_consensus_vsearch	3483	C	*/-G	427	9	2.01%	2	1	93	93	0.0018733704789343226	1	1	370	57	9	0	-G
D11_BC47_191109_LF_LIB_consensus_vsearch	3484	G	G	435	4	0.9%	2	1	93	93	0.06207265026891802	1	1	378	57	4	0	A
D11_BC47_191109_LF_LIB_consensus_vsearch	3485	G	G	443	5	1.11%	2	1	93	93	0.030901424487179464	1	1	386	57	5	0	-A
D11_BC47_191109_LF_LIB_consensus_vsearch	3486	A	R	434	7	1.58%	2	2	93	93	0.007627335039353406	1	1	378	56	6	1	G
D11_BC47_191109_LF_LIB_consensus_vsearch	3487	A	A	441	3	0.67%	2	2	93	93	0.12457722660661777	1	1	386	55	2	1	G
D11_BC47_191109_LF_LIB_consensus_vsearch	3488	T	*/+C	438	7	1.56%	2	1	93	93	0.007628991869306366	1	1	383	55	7	0	+C
D11_BC47_191109_LF_LIB_consensus_vsearch	3489	C	*/-A	435	7	1.57%	2	1	93	93	0.007627752045228881	1	1	381	54	7	0	-A
D11_BC47_191109_LF_LIB_consensus_vsearch	3490	A	A	442	1	0.23%	2	1	93	93	0.4999999999990043	1	1	387	55	0	1	T
D11_BC47_191109_LF_LIB_consensus_vsearch	3491	A	R	427	16	3.56%	2	1	93	93	1.3293784930690262E-5	1	1	371	56	16	0	G
D11_BC47_191109_LF_LIB_consensus_vsearch	3492	C	S	438	7	1.57%	2	1	93	93	0.007628991869306366	1	1	382	56	7	0	G
D11_BC47_191109_LF_LIB_consensus_vsearch	3493	C	C	443	5	1.11%	2	1	93	93	0.030901424487179464	1	1	387	56	5	0	+G
D11_BC47_191109_LF_LIB_consensus_vsearch	3494	A	A	438	6	1.33%	2	1	93	93	0.01536166199729829	1	1	382	56	6	0	-G
D11_BC47_191109_LF_LIB_consensus_vsearch	3495	G	G	441	2	0.45%	2	1	93	93	0.24971751412472734	1	1	384	57	2	0	+A
D11_BC47_191109_LF_LIB_consensus_vsearch	3496	A	A	441	3	0.67%	2	2	93	93	0.12457722660661777	1	1	387	54	1	2	+T
D11_BC47_191109_LF_LIB_consensus_vsearch	3497	C	*/-G	392	34	7.57%	2	1	93	93	2.93245681460937E-11	1	1	337	55	34	0	-G
D11_BC47_191109_LF_LIB_consensus_vsearch	3498	G	*/-A	395	17	4.09%	2	2	93	93	6.4467478169022394E-6	1	1	340	55	16	1	-A
D11_BC47_191109_LF_LIB_consensus_vsearch	3499	A	A	426	3	0.69%	2	1	93	93	0.1245624270712429	1	1	370	56	3	0	+G
D11_BC47_191109_LF_LIB_consensus_vsearch	3500	A	A	440	6	1.33%	2	1	93	93	0.015362840201509007	1	1	383	57	6	0	G
D11_BC47_191109_LF_LIB_consensus_vsearch	3501	T	T	441	4	0.89%	2	1	93	93	0.062078415508149166	1	1	385	56	4	0	G
D11_BC47_191109_LF_LIB_consensus_vsearch	3502	T	T	443	4	0.89%	2	1	93	93	0.06208030284174911	1	1	386	57	4	0	C
D11_BC47_191109_LF_LIB_consensus_vsearch	3503	A	A	446	3	0.67%	2	1	93	93	0.1245819397993151	1	1	389	57	3	0	G
D11_BC47_191109_LF_LIB_consensus_vsearch	3504	A	A	449	1	0.22%	2	1	93	93	0.4999999999990043	1	1	392	57	1	0	G
D11_BC47_191109_LF_LIB_consensus_vsearch	3505	T	*/+C	435	8	1.78%	2	1	93	93	0.0037837097715777354	1	1	379	56	8	0	+C
D11_BC47_191109_LF_LIB_consensus_vsearch	3506	C	C	439	2	0.45%	2	1	93	93	0.2497162315547306	1	1	386	53	0	2	+T
D11_BC47_191109_LF_LIB_consensus_vsearch	3507	C	*/-A	431	11	2.45%	2	1	93	93	4.584838174083158E-4	1	1	377	54	11	0	-A
D11_BC47_191109_LF_LIB_consensus_vsearch	3508	A	A	431	3	0.68%	2	1	93	93	0.12456747404820136	1	1	375	56	3	0	-C
D11_BC47_191109_LF_LIB_consensus_vsearch	3509	C	Y	414	14	3.14%	2	2	93	93	5.478593949196498E-5	1	1	359	55	12	2	T
D11_BC47_191109_LF_LIB_consensus_vsearch	3510	G	*/-A	432	11	2.46%	2	1	93	93	4.5854977422456113E-4	1	1	375	57	11	0	-A
D11_BC47_191109_LF_LIB_consensus_vsearch	3511	A	A	437	1	0.23%	2	1	93	93	0.4999999999999138	1	1	380	57	1	0	+G
D11_BC47_191109_LF_LIB_consensus_vsearch	3512	A	A	441	6	1.33%	2	1	93	93	0.015363425358953372	1	1	384	57	6	0	G
D11_BC47_191109_LF_LIB_consensus_vsearch	3513	C	*/-T	436	8	1.78%	2	1	93	93	0.003783983718069795	1	1	379	57	8	0	-T
D11_BC47_191109_LF_LIB_consensus_vsearch	3514	T	*/-A	421	7	1.59%	2	2	93	93	0.007621737484585097	1	1	368	53	6	1	-A
D11_BC47_191109_LF_LIB_consensus_vsearch	3515	A	A	436	3	0.68%	2	1	93	93	0.12457240592922707	1	1	381	55	3	0	G
D11_BC47_191109_LF_LIB_consensus_vsearch	3516	A	A	439	4	0.89%	2	1	93	93	0.06207651112360454	1	1	384	55	4	0	-G
D11_BC47_191109_LF_LIB_consensus_vsearch	3517	G	G	438	3	0.67%	2	1	93	93	0.12457434733248252	1	1	382	56	3	0	-A
D11_BC47_191109_LF_LIB_consensus_vsearch	3518	A	A	442	2	0.45%	2	1	93	93	0.2497181510708481	1	1	386	56	2	0	G
D11_BC47_191109_LF_LIB_consensus_vsearch	3519	A	A	443	4	0.89%	2	1	93	93	0.06208030284174911	1	1	388	55	4	0	G
D11_BC47_191109_LF_LIB_consensus_vsearch	3520	C	*/-G	429	12	2.67%	2	2	93	93	2.2631406886309665E-4	1	1	377	52	10	2	-G
D11_BC47_191109_LF_LIB_consensus_vsearch	3521	G	G	429	6	1.37%	2	1	93	93	0.015356226321811444	1	1	375	54	6	0	A
D11_BC47_191109_LF_LIB_consensus_vsearch	3522	G	R	420	14	3.11%	2	1	93	93	5.486911466049066E-5	1	1	364	56	14	0	A
D11_BC47_191109_LF_LIB_consensus_vsearch	3523	C	C	433	4	0.91%	2	1	93	93	0.06207069332172113	1	1	377	56	4	0	A
D11_BC47_191109_LF_LIB_consensus_vsearch	3524	C	Y	426	14	3.11%	2	2	93	93	5.495010686777893E-5	1	1	376	50	7	7	T
D11_BC47_191109_LF_LIB_consensus_vsearch	3525	A	A	428	6	1.36%	2	1	93	93	0.015355608474412826	1	1	373	55	6	0	G
D11_BC47_191109_LF_LIB_consensus_vsearch	3526	T	*/-GC	435	7	1.57%	2	2	93	93	0.007627752045228881	1	1	381	54	6	1	-GC
D11_BC47_191109_LF_LIB_consensus_vsearch	3527	G	R	423	13	2.95%	2	2	93	93	1.1147982255220776E-4	1	1	370	53	12	1	A
D11_BC47_191109_LF_LIB_consensus_vsearch	3528	C	*/-AC	421	16	3.6%	2	1	93	93	1.3268190058544006E-5	1	1	367	54	16	0	-AC
D11_BC47_191109_LF_LIB_consensus_vsearch	3529	A	A	419	6	1.39%	2	1	93	93	0.015349917324271899	1	1	363	56	6	0	+C
D11_BC47_191109_LF_LIB_consensus_vsearch	3530	C	*/+AC	418	7	1.63%	2	1	93	93	0.007620397344640596	1	1	363	55	7	0	+AC
D11_BC47_191109_LF_LIB_consensus_vsearch	3531	C	C	442	3	0.67%	2	1	93	93	0.12457817772799688	1	1	386	56	3	0	-AC
D11_BC47_191109_LF_LIB_consensus_vsearch	3532	A	A	441	2	0.45%	2	1	93	93	0.24971751412472734	1	1	384	57	2	0	-C
D11_BC47_191109_LF_LIB_consensus_vsearch	3533	C	C	441	2	0.45%	2	1	93	93	0.24971751412472734	1	1	386	55	0	2	+T
D11_BC47_191109_LF_LIB_consensus_vsearch	3534	C	*/-ACC	432	10	2.22%	2	2	93	93	9.275806861447792E-4	1	1	377	55	9	1	-ACC
D11_BC47_191109_LF_LIB_consensus_vsearch	3535	A	*/-C	416	15	3.42%	2	2	93	93	2.6961314693497337E-5	1	1	361	55	14	1	-C
D11_BC47_191109_LF_LIB_consensus_vsearch	3536	C	C	420	1	0.24%	2	1	93	93	0.4999999999999138	1	1	365	55	1	0	+A
D11_BC47_191109_LF_LIB_consensus_vsearch	3537	C	C	428	3	0.69%	2	1	93	93	0.12456445993035366	1	1	372	56	3	0	+G
D11_BC47_191109_LF_LIB_consensus_vsearch	3538	C	C	442	2	0.45%	2	1	93	93	0.2497181510708481	1	1	387	55	2	0	-A
D11_BC47_191109_LF_LIB_consensus_vsearch	3539	A	A	435	4	0.9%	2	1	93	93	0.06207265026891802	1	1	379	56	4	0	G
D11_BC47_191109_LF_LIB_consensus_vsearch	3540	T	*/+G	433	8	1.79%	2	1	93	93	0.003783158179516694	1	1	377	56	8	0	+G
D11_BC47_191109_LF_LIB_consensus_vsearch	3541	G	G	439	3	0.67%	2	1	93	93	0.12457531143833234	1	1	382	57	3	0	-A
D11_BC47_191109_LF_LIB_consensus_vsearch	3542	A	A	440	3	0.67%	2	2	93	93	0.1245762711863649	1	1	384	56	2	1	G
D11_BC47_191109_LF_LIB_consensus_vsearch	3543	A	A	449	0	0%	2	0	93	0	1.0	1	0	392	57	0	0	
D11_BC47_191109_LF_LIB_consensus_vsearch	3544	A	A	446	5	1.11%	2	2	93	93	0.030903741856461314	1	1	391	55	3	2	G
D11_BC47_191109_LF_LIB_consensus_vsearch	3545	T	T	446	2	0.44%	2	1	93	93	0.24972067039122897	1	1	389	57	2	0	G
D11_BC47_191109_LF_LIB_consensus_vsearch	3546	C	*/-AT	427	9	2%	2	1	93	93	0.0018733704789343226	1	1	371	56	9	0	-AT
D11_BC47_191109_LF_LIB_consensus_vsearch	3547	A	R	417	10	2.28%	2	1	93	93	9.258865234089794E-4	1	1	362	55	10	0	G
D11_BC47_191109_LF_LIB_consensus_vsearch	3548	T	*/+A	374	24	5.48%	2	1	93	93	4.169565799654493E-8	1	1	321	53	24	0	+A
D11_BC47_191109_LF_LIB_consensus_vsearch	3549	G	*/+C	404	8	1.86%	2	1	93	93	0.0037745631511436058	1	1	348	56	8	0	+C
D11_BC47_191109_LF_LIB_consensus_vsearch	3550	A	*/+G	418	11	2.47%	2	1	93	93	4.575989670126341E-4	1	1	364	54	11	0	+G
D11_BC47_191109_LF_LIB_consensus_vsearch	3551	G	G	438	2	0.45%	2	1	93	93	0.24971558589274387	1	1	382	56	2	0	-A
D11_BC47_191109_LF_LIB_consensus_vsearch	3552	A	*/-GA	393	36	8.02%	2	2	93	93	6.763412078158853E-12	1	1	343	50	29	7	-GA
D11_BC47_191109_LF_LIB_consensus_vsearch	3553	G	G	392	3	0.75%	2	1	93	93	0.12452471482865957	1	1	342	50	3	0	+A
D11_BC47_191109_LF_LIB_consensus_vsearch	3554	A	A	398	5	1.21%	2	1	93	93	0.030862526395586183	1	1	350	48	5	0	+GA
D11_BC47_191109_LF_LIB_consensus_vsearch	3555	T	T	443	1	0.22%	2	1	93	93	0.4999999999999138	1	1	388	55	1	0	+C
D11_BC47_191109_LF_LIB_consensus_vsearch	3556	A	A	449	1	0.22%	2	1	93	93	0.4999999999990043	1	1	392	57	1	0	-TATA
D11_BC47_191109_LF_LIB_consensus_vsearch	3557	T	T	445	1	0.22%	2	1	93	93	0.4999999999999138	1	1	389	56	1	0	+A
D11_BC47_191109_LF_LIB_consensus_vsearch	3558	A	*/-TA	416	27	6.01%	2	2	93	93	4.952291676590337E-9	1	1	367	49	19	8	-TA
D11_BC47_191109_LF_LIB_consensus_vsearch	3559	T	*/-A	407	10	2.36%	2	2	93	93	9.246904525720687E-4	1	1	362	45	7	3	-A
D11_BC47_191109_LF_LIB_consensus_vsearch	3560	A	A	400	6	1.46%	2	1	93	93	0.015337076164670276	1	1	356	44	6	0	+G
D11_BC47_191109_LF_LIB_consensus_vsearch	3561	A	A	436	6	1.33%	2	1	93	93	0.01536047315528176	1	1	382	54	6	0	-G
D11_BC47_191109_LF_LIB_consensus_vsearch	3562	G	R	428	11	2.47%	2	1	93	93	4.5828417992626897E-4	1	1	374	54	11	0	A
D11_BC47_191109_LF_LIB_consensus_vsearch	3563	T	T	444	4	0.89%	2	2	93	93	0.06208124018598929	1	1	388	56	3	1	C
D11_BC47_191109_LF_LIB_consensus_vsearch	3564	C	*/-T	439	7	1.55%	2	2	93	93	0.00762940145447119	1	1	384	55	5	2	-T
D11_BC47_191109_LF_LIB_consensus_vsearch	3565	T	T	433	5	1.13%	2	2	93	93	0.030893470790357477	1	1	381	52	2	3	C
D11_BC47_191109_LF_LIB_consensus_vsearch	3566	G	G	444	3	0.67%	2	1	93	93	0.12458006718908442	1	1	389	55	3	0	A
D11_BC47_191109_LF_LIB_consensus_vsearch	3567	T	*/+C	433	8	1.77%	2	1	93	93	0.003783158179516694	1	1	378	55	8	0	+C
D11_BC47_191109_LF_LIB_consensus_vsearch	3568	C	C	437	4	0.9%	2	2	93	93	0.062074589455845104	1	1	383	54	3	1	-A
D11_BC47_191109_LF_LIB_consensus_vsearch	3569	A	A	440	3	0.68%	2	2	93	93	0.1245762711863649	1	1	385	55	2	1	G
D11_BC47_191109_LF_LIB_consensus_vsearch	3570	A	A	439	4	0.89%	2	1	93	93	0.06207651112360454	1	1	387	52	4	0	G
D11_BC47_191109_LF_LIB_consensus_vsearch	3571	T	*/-C	411	16	3.6%	2	2	93	93	1.322402003451734E-5	1	1	362	49	13	3	-C
D11_BC47_191109_LF_LIB_consensus_vsearch	3572	C	C	425	2	0.47%	2	1	93	93	0.24970691676425003	1	1	373	52	2	0	+A
D11_BC47_191109_LF_LIB_consensus_vsearch	3573	C	C	441	3	0.67%	2	1	93	93	0.12457722660661777	1	1	388	53	0	3	T
D11_BC47_191109_LF_LIB_consensus_vsearch	3574	T	T	445	1	0.22%	2	1	93	93	0.4999999999999138	1	1	390	55	0	1	-C
D11_BC47_191109_LF_LIB_consensus_vsearch	3575	C	C	445	2	0.45%	2	1	93	93	0.2497200447932722	1	1	389	56	2	0	T
D11_BC47_191109_LF_LIB_consensus_vsearch	3576	G	G	442	4	0.89%	2	1	93	93	0.06207936129200334	1	1	386	56	4	0	A
D11_BC47_191109_LF_LIB_consensus_vsearch	3577	T	T	443	2	0.45%	2	2	93	93	0.2497187851519112	1	1	388	55	1	1	C
D11_BC47_191109_LF_LIB_consensus_vsearch	3578	C	C	441	5	1.11%	2	2	93	93	0.030899862264693823	1	1	387	54	3	2	-AT
D11_BC47_191109_LF_LIB_consensus_vsearch	3579	A	A	437	5	1.12%	2	2	93	93	0.03089669543126854	1	1	384	53	4	1	G
D11_BC47_191109_LF_LIB_consensus_vsearch	3580	T	T	442	2	0.45%	2	1	93	93	0.2497181510708481	1	1	389	53	0	2	C
D11_BC47_191109_LF_LIB_consensus_vsearch	3581	G	G	446	1	0.22%	2	1	93	93	0.5000000000008233	1	1	390	56	1	0	+C
D11_BC47_191109_LF_LIB_consensus_vsearch	3582	T	*/-C	417	22	4.91%	2	1	93	93	1.8205291089323654E-7	1	1	361	56	22	0	-C
D11_BC47_191109_LF_LIB_consensus_vsearch	3583	C	C	425	1	0.23%	2	1	93	93	0.4999999999999138	1	1	368	57	1	0	+A
D11_BC47_191109_LF_LIB_consensus_vsearch	3584	C	C	448	2	0.44%	2	1	93	93	0.24972191323697995	1	1	393	55	0	2	+T
D11_BC47_191109_LF_LIB_consensus_vsearch	3585	T	T	446	2	0.44%	2	1	93	93	0.24972067039122897	1	1	392	54	0	2	C
D11_BC47_191109_LF_LIB_consensus_vsearch	3586	G	G	447	2	0.44%	2	2	93	93	0.24972129319990002	1	1	391	56	1	1	A
D11_BC47_191109_LF_LIB_consensus_vsearch	3587	T	*/-C	400	45	10%	2	1	93	93	8.808417294121248E-15	1	1	343	57	45	0	-C
D11_BC47_191109_LF_LIB_consensus_vsearch	3588	C	C	403	2	0.49%	2	1	93	93	0.24969097651407932	1	1	346	57	2	0	+A
D11_BC47_191109_LF_LIB_consensus_vsearch	3589	C	C	439	3	0.67%	2	1	93	93	0.12457531143833234	1	1	384	55	3	0	A
D11_BC47_191109_LF_LIB_consensus_vsearch	3590	T	T	439	3	0.67%	2	2	93	93	0.12457531143833234	1	1	386	53	2	1	C
D11_BC47_191109_LF_LIB_consensus_vsearch	3591	G	G	432	5	1.12%	2	1	93	93	0.03089265541177198	1	1	378	54	5	0	+A
D11_BC47_191109_LF_LIB_consensus_vsearch	3592	G	G	441	3	0.67%	2	1	93	93	0.12457722660661777	1	1	386	55	3	0	T
D11_BC47_191109_LF_LIB_consensus_vsearch	3593	T	T	432	6	1.34%	2	2	93	93	0.015358062976156805	1	1	379	53	5	1	+G
D11_BC47_191109_LF_LIB_consensus_vsearch	3594	G	*/-A	432	12	2.68%	2	1	93	93	2.2643156833193682E-4	1	1	376	56	12	0	-A
D11_BC47_191109_LF_LIB_consensus_vsearch	3595	A	R	419	9	2.05%	2	2	93	93	0.0018718964903564012	1	1	363	56	8	1	G
D11_BC47_191109_LF_LIB_consensus_vsearch	3596	G	G	442	3	0.67%	2	1	93	93	0.12457817772799688	1	1	385	57	3	0	+A
D11_BC47_191109_LF_LIB_consensus_vsearch	3597	T	T	445	2	0.45%	2	1	93	93	0.2497200447932722	1	1	389	56	2	0	G
D11_BC47_191109_LF_LIB_consensus_vsearch	3598	T	T	446	1	0.22%	2	1	93	93	0.5000000000008233	1	1	390	56	1	0	+A
D11_BC47_191109_LF_LIB_consensus_vsearch	3599	G	G	445	3	0.67%	2	1	93	93	0.12458100558661131	1	1	388	57	3	0	A
D11_BC47_191109_LF_LIB_consensus_vsearch	3600	T	*/-C	333	107	23.78%	2	1	93	93	3.9407337978501654E-36	1	1	277	56	107	0	-C
D11_BC47_191109_LF_LIB_consensus_vsearch	3601	C	C	337	1	0.29%	2	1	93	93	0.5000000000003686	1	1	280	57	1	0	+T
D11_BC47_191109_LF_LIB_consensus_vsearch	3602	C	C	442	1	0.22%	2	1	93	93	0.4999999999990043	1	1	386	56	1	0	+A
D11_BC47_191109_LF_LIB_consensus_vsearch	3603	C	C	441	4	0.89%	2	2	93	93	0.062078415508149166	1	1	388	53	1	3	T
D11_BC47_191109_LF_LIB_consensus_vsearch	3604	G	G	442	3	0.67%	2	2	93	93	0.12457817772799688	1	1	387	55	2	1	A
D11_BC47_191109_LF_LIB_consensus_vsearch	3605	T	T	445	2	0.44%	2	1	93	93	0.2497200447932722	1	1	391	54	0	2	A
D11_BC47_191109_LF_LIB_consensus_vsearch	3606	G	G	445	2	0.44%	2	1	93	93	0.2497200447932722	1	1	388	57	2	0	-T
D11_BC47_191109_LF_LIB_consensus_vsearch	3607	T	T	440	5	1.12%	2	1	93	93	0.030899075890599485	1	1	388	52	0	5	C
D11_BC47_191109_LF_LIB_consensus_vsearch	3608	T	*/-G	422	14	3.11%	2	1	93	93	5.489635033716498E-5	1	1	365	57	14	0	-G
D11_BC47_191109_LF_LIB_consensus_vsearch	3609	G	G	423	5	1.15%	2	1	93	93	0.030885145650365813	1	1	367	56	5	0	-A
D11_BC47_191109_LF_LIB_consensus_vsearch	3610	A	*/+G	428	10	2.24%	2	1	93	93	9.271400825692105E-4	1	1	371	57	10	0	+G
D11_BC47_191109_LF_LIB_consensus_vsearch	3611	G	G	445	2	0.45%	2	2	93	93	0.2497200447932722	1	1	389	56	1	1	A
D11_BC47_191109_LF_LIB_consensus_vsearch	3612	T	T	442	3	0.67%	2	1	93	93	0.12457817772799688	1	1	386	56	3	0	+C
D11_BC47_191109_LF_LIB_consensus_vsearch	3613	C	*/-A	418	19	4.25%	2	2	93	93	1.5617633199588545E-6	1	1	370	48	13	6	-A
D11_BC47_191109_LF_LIB_consensus_vsearch	3614	A	A	419	5	1.17%	2	1	93	93	0.03088170570687224	1	1	373	46	5	0	+G
D11_BC47_191109_LF_LIB_consensus_vsearch	3615	A	R	440	7	1.56%	2	2	93	93	0.007629809215418646	1	1	387	53	6	1	G
D11_BC47_191109_LF_LIB_consensus_vsearch	3616	A	A	436	6	1.33%	2	2	93	93	0.01536047315528176	1	1	386	50	2	4	-T
D11_BC47_191109_LF_LIB_consensus_vsearch	3617	T	K	430	9	2.02%	2	1	93	93	0.0018739095280781474	1	1	381	49	9	0	G
D11_BC47_191109_LF_LIB_consensus_vsearch	3618	T	*/-AA	413	16	3.55%	2	2	93	93	1.3233009888966535E-5	1	1	380	33	1	15	-AA
D11_BC47_191109_LF_LIB_consensus_vsearch	3619	A	A	416	6	1.42%	2	1	93	93	0.015347966460357092	1	1	380	36	6	0	C
D11_BC47_191109_LF_LIB_consensus_vsearch	3620	A	R	420	7	1.61%	2	2	93	93	0.007621292853586086	1	1	381	39	6	1	G
D11_BC47_191109_LF_LIB_consensus_vsearch	3621	G	R	428	12	2.68%	2	1	93	93	2.2627455527610537E-4	1	1	372	56	12	0	A
D11_BC47_191109_LF_LIB_consensus_vsearch	3622	C	C	442	2	0.45%	2	1	93	93	0.2497181510708481	1	1	388	54	2	0	A
D11_BC47_191109_LF_LIB_consensus_vsearch	3623	C	*/+A	394	24	5.33%	2	1	93	93	4.243586888565942E-8	1	1	342	52	24	0	+A
D11_BC47_191109_LF_LIB_consensus_vsearch	3624	G	S	393	38	8.48%	2	1	93	93	1.550374401405899E-12	1	1	337	56	38	0	C
D11_BC47_191109_LF_LIB_consensus_vsearch	3625	C	C	437	4	0.9%	2	2	93	93	0.062074589455845104	1	1	381	56	3	1	T
D11_BC47_191109_LF_LIB_consensus_vsearch	3626	A	R	425	14	3.11%	2	1	93	93	5.493675610968029E-5	1	1	371	54	14	0	G
D11_BC47_191109_LF_LIB_consensus_vsearch	3627	G	G	438	2	0.45%	2	1	93	93	0.24971558589274387	1	1	383	55	2	0	+A
D11_BC47_191109_LF_LIB_consensus_vsearch	3628	G	G	447	1	0.22%	2	1	93	93	0.5000000000008233	1	1	391	56	1	0	+AG
D11_BC47_191109_LF_LIB_consensus_vsearch	3629	C	C	445	2	0.44%	2	1	93	93	0.2497200447932722	1	1	391	54	2	0	A
D11_BC47_191109_LF_LIB_consensus_vsearch	3630	T	*/+C	430	10	2.23%	2	1	93	93	9.273613705492817E-4	1	1	376	54	10	0	+C
D11_BC47_191109_LF_LIB_consensus_vsearch	3631	C	C	442	1	0.23%	2	1	93	93	0.4999999999990043	1	1	387	55	1	0	+TCC
D11_BC47_191109_LF_LIB_consensus_vsearch	3632	C	*/-AC	387	55	12.22%	2	1	93	93	4.627016081810555E-18	1	1	332	55	55	0	-AC
D11_BC47_191109_LF_LIB_consensus_vsearch	3633	A	R	379	7	1.8%	2	1	93	93	0.007601089929303789	1	1	323	56	7	0	G
D11_BC47_191109_LF_LIB_consensus_vsearch	3634	C	C	379	6	1.52%	2	1	93	93	0.015321412641800121	1	1	322	57	6	0	-G
D11_BC47_191109_LF_LIB_consensus_vsearch	3635	G	*/+C	418	10	2.27%	2	1	93	93	9.260031044371504E-4	1	1	361	57	10	0	+C
D11_BC47_191109_LF_LIB_consensus_vsearch	3636	C	C	434	4	0.9%	2	1	93	93	0.062071674030406296	1	1	378	56	4	0	A
D11_BC47_191109_LF_LIB_consensus_vsearch	3637	C	C	445	2	0.45%	2	1	93	93	0.2497200447932722	1	1	388	57	2	0	-T
D11_BC47_191109_LF_LIB_consensus_vsearch	3638	T	T	440	4	0.89%	2	2	93	93	0.06207746546158639	1	1	386	54	2	2	-G
D11_BC47_191109_LF_LIB_consensus_vsearch	3639	G	R	383	57	12.78%	2	1	93	93	9.975536255508274E-19	1	1	329	54	57	0	A
D11_BC47_191109_LF_LIB_consensus_vsearch	3640	G	*/-T	421	10	2.22%	2	1	93	93	9.263496519144309E-4	1	1	365	56	10	0	-T
D11_BC47_191109_LF_LIB_consensus_vsearch	3641	T	T	431	6	1.37%	2	2	93	93	0.015357453553398438	1	1	378	53	3	3	C
D11_BC47_191109_LF_LIB_consensus_vsearch	3642	T	*/+A	411	33	7.33%	2	1	93	93	6.279232991769174E-11	1	1	355	56	33	0	+A
D11_BC47_191109_LF_LIB_consensus_vsearch	3643	G	K	404	35	7.8%	2	1	93	93	1.4371960037420481E-11	1	1	351	53	35	0	T
D11_BC47_191109_LF_LIB_consensus_vsearch	3644	T	T	443	3	0.67%	2	1	93	93	0.12457912457918291	1	1	390	53	0	3	A
D11_BC47_191109_LF_LIB_consensus_vsearch	3645	G	*/-C	406	24	5.35%	2	1	93	93	4.2851644502405785E-8	1	1	355	51	24	0	-C
D11_BC47_191109_LF_LIB_consensus_vsearch	3646	C	C	417	6	1.41%	2	1	93	93	0.015348619815559206	1	1	369	48	0	6	+T
D11_BC47_191109_LF_LIB_consensus_vsearch	3647	C	C	447	1	0.22%	2	1	93	93	0.5000000000008233	1	1	393	54	1	0	+G
D11_BC47_191109_LF_LIB_consensus_vsearch	3648	C	C	438	4	0.89%	2	2	93	93	0.0620755524648183	1	1	386	52	2	2	+T
D11_BC47_191109_LF_LIB_consensus_vsearch	3649	T	T	444	2	0.45%	2	1	93	93	0.24971941638606426	1	1	392	52	0	2	+CT
D11_BC47_191109_LF_LIB_consensus_vsearch	3650	T	*/+C	430	9	2.01%	2	2	93	93	0.0018739095280781474	1	1	378	52	8	1	+C
D11_BC47_191109_LF_LIB_consensus_vsearch	3651	C	C	437	3	0.68%	2	1	93	93	0.12457337883968563	1	1	383	54	3	0	+A
D11_BC47_191109_LF_LIB_consensus_vsearch	3652	C	C	436	5	1.12%	2	1	93	93	0.030895894751978216	1	1	383	53	5	0	A
D11_BC47_191109_LF_LIB_consensus_vsearch	3653	G	G	443	6	1.34%	2	1	93	93	0.015364587872107325	1	1	387	56	6	0	A
D11_BC47_191109_LF_LIB_consensus_vsearch	3654	T	*/+C	434	12	2.67%	2	1	93	93	2.2650904494607855E-4	1	1	378	56	12	0	+C
D11_BC47_191109_LF_LIB_consensus_vsearch	3655	C	*/+G	433	7	1.56%	2	1	93	93	0.0076269161468125015	1	1	380	53	7	0	+G
D11_BC47_191109_LF_LIB_consensus_vsearch	3656	A	*/+G	434	9	2.02%	2	1	93	93	0.0018746170280654298	1	1	380	54	9	0	+G
D11_BC47_191109_LF_LIB_consensus_vsearch	3657	A	A	442	3	0.67%	2	1	93	93	0.12457817772799688	1	1	389	53	3	0	G
D11_BC47_191109_LF_LIB_consensus_vsearch	3658	T	T	445	2	0.45%	2	2	93	93	0.2497200447932722	1	1	391	54	1	1	C
D11_BC47_191109_LF_LIB_consensus_vsearch	3659	T	*/-C	434	7	1.56%	2	2	93	93	0.007627335039353406	1	1	384	50	6	1	-C
D11_BC47_191109_LF_LIB_consensus_vsearch	3660	C	C	434	3	0.68%	2	1	93	93	0.12457044673541934	1	1	380	54	3	0	+G
D11_BC47_191109_LF_LIB_consensus_vsearch	3661	C	*/-T	423	10	2.22%	2	2	93	93	9.26578056881533E-4	1	1	381	42	2	8	-T
D11_BC47_191109_LF_LIB_consensus_vsearch	3662	T	T	431	2	0.46%	2	1	93	93	0.24971098265883573	1	1	384	47	2	0	C
D11_BC47_191109_LF_LIB_consensus_vsearch	3663	T	T	437	5	1.12%	2	2	93	93	0.03089669543126854	1	1	383	54	4	1	C
D11_BC47_191109_LF_LIB_consensus_vsearch	3664	T	*/-A	416	13	2.9%	2	1	93	93	1.1131241336260559E-4	1	1	365	51	13	0	-A
D11_BC47_191109_LF_LIB_consensus_vsearch	3665	A	A	426	2	0.46%	2	1	93	93	0.2497076023388982	1	1	375	51	2	0	C
D11_BC47_191109_LF_LIB_consensus_vsearch	3666	A	R	437	7	1.57%	2	2	93	93	0.007628580447648388	1	1	386	51	6	1	G
D11_BC47_191109_LF_LIB_consensus_vsearch	3667	G	*/+T	434	11	2.44%	2	1	93	93	4.5868081601559884E-4	1	1	379	55	11	0	+T
D11_BC47_191109_LF_LIB_consensus_vsearch	3668	T	T	440	6	1.34%	2	2	93	93	0.015362840201509007	1	1	390	50	1	5	C
D11_BC47_191109_LF_LIB_consensus_vsearch	3669	T	T	446	4	0.89%	2	2	93	93	0.06208310236944096	1	1	392	54	2	2	C
D11_BC47_191109_LF_LIB_consensus_vsearch	3670	T	*/+C	414	28	6.21%	2	1	93	93	2.395850063378546E-9	1	1	359	55	28	0	+C
D11_BC47_191109_LF_LIB_consensus_vsearch	3671	C	C	446	1	0.22%	2	1	93	93	0.5000000000008233	1	1	391	55	0	1	+GG
D11_BC47_191109_LF_LIB_consensus_vsearch	3672	A	A	441	5	1.11%	2	2	93	93	0.030899862264693823	1	1	385	56	4	1	G
D11_BC47_191109_LF_LIB_consensus_vsearch	3673	G	G	447	2	0.44%	2	1	93	93	0.24972129319990002	1	1	390	57	2	0	A
D11_BC47_191109_LF_LIB_consensus_vsearch	3674	T	T	447	2	0.44%	2	1	93	93	0.24972129319990002	1	1	392	55	0	2	C
D11_BC47_191109_LF_LIB_consensus_vsearch	3675	C	*/+T	429	17	3.78%	2	2	93	93	6.5316496955632174E-6	1	1	377	52	13	4	+T
D11_BC47_191109_LF_LIB_consensus_vsearch	3676	T	T	446	1	0.22%	2	1	93	93	0.5000000000008233	1	1	390	56	1	0	+ACT
D11_BC47_191109_LF_LIB_consensus_vsearch	3677	T	T	437	5	1.11%	2	2	93	93	0.03089669543126854	1	1	386	51	4	1	-G
D11_BC47_191109_LF_LIB_consensus_vsearch	3678	G	G	432	5	1.12%	2	2	93	93	0.03089265541177198	1	1	377	55	4	1	-CG
D11_BC47_191109_LF_LIB_consensus_vsearch	3679	C	Y	415	13	2.93%	2	2	93	93	1.1128806504032547E-4	1	1	365	50	8	5	T
D11_BC47_191109_LF_LIB_consensus_vsearch	3680	G	G	426	2	0.46%	2	1	93	93	0.2497076023388982	1	1	372	54	2	0	-A
D11_BC47_191109_LF_LIB_consensus_vsearch	3681	A	A	430	5	1.12%	2	1	93	93	0.030891013414769866	1	1	375	55	5	0	-C
D11_BC47_191109_LF_LIB_consensus_vsearch	3682	C	*/-T	419	9	2.03%	2	1	93	93	0.0018718964903564012	1	1	362	57	9	0	-T
D11_BC47_191109_LF_LIB_consensus_vsearch	3683	T	T	428	5	1.14%	2	2	93	93	0.030889356258247617	1	1	375	53	3	2	C
D11_BC47_191109_LF_LIB_consensus_vsearch	3684	A	M	429	10	2.25%	2	1	93	93	9.272509747675099E-4	1	1	373	56	10	0	C
D11_BC47_191109_LF_LIB_consensus_vsearch	3685	T	*/-A	416	26	5.8%	2	1	93	93	1.020437283771665E-8	1	1	359	57	26	0	-A
D11_BC47_191109_LF_LIB_consensus_vsearch	3686	A	R	398	9	2.13%	2	1	93	93	0.0018677548734163589	1	1	344	54	9	0	G
D11_BC47_191109_LF_LIB_consensus_vsearch	3687	C	C	433	5	1.12%	2	2	93	93	0.030893470790357477	1	1	378	55	3	2	+T
D11_BC47_191109_LF_LIB_consensus_vsearch	3688	T	*/+C	255	91	20.45%	2	2	93	93	4.348577562185902E-31	1	1	219	36	88	3	+C
D11_BC47_191109_LF_LIB_consensus_vsearch	3689	C	C	347	3	0.85%	2	2	93	93	0.12446351931328528	1	1	307	40	2	1	T
D11_BC47_191109_LF_LIB_consensus_vsearch	3690	C	C	437	1	0.23%	2	1	93	93	0.4999999999999138	1	1	381	56	1	0	T
D11_BC47_191109_LF_LIB_consensus_vsearch	3691	C	C	448	0	0%	2	0	93	0	1.0	1	0	391	57	0	0	
D11_BC47_191109_LF_LIB_consensus_vsearch	3692	C	C	448	1	0.22%	2	1	93	93	0.5000000000008233	1	1	391	57	1	0	+AA
D11_BC47_191109_LF_LIB_consensus_vsearch	3693	C	C	442	4	0.89%	2	1	93	93	0.06207936129200334	1	1	385	57	4	0	+A
D11_BC47_191109_LF_LIB_consensus_vsearch	3694	A	*/-G	437	10	2.23%	2	1	93	93	9.281205170584159E-4	1	1	380	57	10	0	-G
D11_BC47_191109_LF_LIB_consensus_vsearch	3695	G	*/-A	418	19	4.33%	2	1	93	93	1.5617633199588545E-6	1	1	361	57	19	0	-A
D11_BC47_191109_LF_LIB_consensus_vsearch	3696	A	*/-G	420	7	1.63%	2	2	93	93	0.007621292853586086	1	1	364	56	6	1	-G
D11_BC47_191109_LF_LIB_consensus_vsearch	3697	G	*/-C	397	28	6.33%	2	1	93	93	2.3525147178522405E-9	1	1	341	56	28	0	-C
D11_BC47_191109_LF_LIB_consensus_vsearch	3698	C	C	409	5	1.2%	2	1	93	93	0.03087281521381857	1	1	353	56	5	0	G
D11_BC47_191109_LF_LIB_consensus_vsearch	3699	C	C	442	2	0.45%	2	2	93	93	0.2497181510708481	1	1	386	56	1	1	T
D11_BC47_191109_LF_LIB_consensus_vsearch	3700	C	*/-A	396	37	8.2%	2	1	93	93	3.25900903074329E-12	1	1	341	55	37	0	-A
D11_BC47_191109_LF_LIB_consensus_vsearch	3701	A	A	403	5	1.22%	2	1	93	93	0.0308672718629046	1	1	346	57	5	0	G
D11_BC47_191109_LF_LIB_consensus_vsearch	3702	A	A	442	3	0.67%	2	1	93	93	0.12457817772799688	1	1	385	57	3	0	+GA
D11_BC47_191109_LF_LIB_consensus_vsearch	3703	A	A	450	1	0.22%	2	1	93	93	0.5000000000008233	1	1	393	57	1	0	G
D11_BC47_191109_LF_LIB_consensus_vsearch	3704	G	G	442	3	0.67%	2	1	93	93	0.12457817772799688	1	1	387	55	3	0	+AAG
D11_BC47_191109_LF_LIB_consensus_vsearch	3705	A	A	444	1	0.22%	2	1	93	93	0.5000000000008233	1	1	388	56	1	0	+C
D11_BC47_191109_LF_LIB_consensus_vsearch	3706	C	C	441	4	0.89%	2	2	93	93	0.062078415508149166	1	1	392	49	2	2	-T
D11_BC47_191109_LF_LIB_consensus_vsearch	3707	T	*/+C	405	34	7.62%	2	2	93	93	2.9950454991493754E-11	1	1	356	49	32	2	+C
D11_BC47_191109_LF_LIB_consensus_vsearch	3708	C	C	438	3	0.67%	2	2	93	93	0.12457434733248252	1	1	389	49	2	1	-T
D11_BC47_191109_LF_LIB_consensus_vsearch	3709	T	T	432	5	1.12%	2	1	93	93	0.03089265541177198	1	1	378	54	5	0	-A
D11_BC47_191109_LF_LIB_consensus_vsearch	3710	A	A	440	2	0.45%	2	1	93	93	0.2497168742917677	1	1	384	56	2	0	+GC
D11_BC47_191109_LF_LIB_consensus_vsearch	3711	A	A	438	4	0.89%	2	2	93	93	0.0620755524648183	1	1	384	54	3	1	-T
D11_BC47_191109_LF_LIB_consensus_vsearch	3712	T	T	440	4	0.89%	2	2	93	93	0.06207746546158639	1	1	386	54	2	2	C
D11_BC47_191109_LF_LIB_consensus_vsearch	3713	T	T	448	2	0.44%	2	1	93	93	0.24972191323697995	1	1	393	55	0	2	+C
D11_BC47_191109_LF_LIB_consensus_vsearch	3714	T	T	443	2	0.44%	2	1	93	93	0.2497187851519112	1	1	388	55	2	0	+A
D11_BC47_191109_LF_LIB_consensus_vsearch	3715	C	*/-TC	442	7	1.56%	2	2	93	93	0.007630619313173879	1	1	392	50	2	5	-TC
D11_BC47_191109_LF_LIB_consensus_vsearch	3716	T	T	432	5	1.13%	2	2	93	93	0.03089265541177198	1	1	381	51	4	1	+C
D11_BC47_191109_LF_LIB_consensus_vsearch	3717	C	C	437	1	0.23%	2	1	93	93	0.4999999999999138	1	1	385	52	1	0	+A
D11_BC47_191109_LF_LIB_consensus_vsearch	3718	C	*/-AC	442	8	1.78%	2	1	93	93	0.0037856020174325917	1	1	385	57	8	0	-AC
D11_BC47_191109_LF_LIB_consensus_vsearch	3719	A	A	431	3	0.68%	2	1	93	93	0.12456747404820136	1	1	375	56	3	0	+CC
D11_BC47_191109_LF_LIB_consensus_vsearch	3720	C	*/-G	428	7	1.59%	2	1	93	93	0.007624792930600719	1	1	379	49	0	7	-G
D11_BC47_191109_LF_LIB_consensus_vsearch	3721	G	R	422	17	3.86%	2	1	93	93	6.515179143868675E-6	1	1	372	50	17	0	A
D11_BC47_191109_LF_LIB_consensus_vsearch	3722	G	G	441	5	1.11%	2	1	93	93	0.030899862264693823	1	1	384	57	5	0	+A
D11_BC47_191109_LF_LIB_consensus_vsearch	3723	G	G	445	2	0.44%	2	2	93	93	0.2497200447932722	1	1	389	56	1	1	+C
D11_BC47_191109_LF_LIB_consensus_vsearch	3724	C	C	444	2	0.44%	2	2	93	93	0.24971941638606426	1	1	389	55	1	1	+T
D11_BC47_191109_LF_LIB_consensus_vsearch	3725	C	C	449	1	0.22%	2	1	93	93	0.4999999999990043	1	1	392	57	1	0	-T
D11_BC47_191109_LF_LIB_consensus_vsearch	3726	T	*/+C	431	9	2%	2	1	93	93	0.0018740875957096264	1	1	377	54	9	0	+C
D11_BC47_191109_LF_LIB_consensus_vsearch	3727	C	*/-AGC	427	19	4.21%	2	1	93	93	1.5682108713963469E-6	1	1	371	56	19	0	-AGC
D11_BC47_191109_LF_LIB_consensus_vsearch	3728	A	R	420	9	2.09%	2	1	93	93	0.0018720837112055043	1	1	363	57	9	0	G
D11_BC47_191109_LF_LIB_consensus_vsearch	3729	G	R	415	11	2.55%	2	1	93	93	4.573872587995422E-4	1	1	358	57	11	0	A
D11_BC47_191109_LF_LIB_consensus_vsearch	3730	C	*/+A	383	30	6.99%	2	1	93	93	5.393375687265035E-10	1	1	327	56	30	0	+A
D11_BC47_191109_LF_LIB_consensus_vsearch	3731	G	*/-A	406	32	7.17%	2	2	93	93	1.2939186713107163E-10	1	1	353	53	31	1	-A
D11_BC47_191109_LF_LIB_consensus_vsearch	3732	A	A	405	4	0.96%	2	1	93	93	0.06204128526484489	1	1	350	55	4	0	+G
D11_BC47_191109_LF_LIB_consensus_vsearch	3733	A	A	448	2	0.44%	2	1	93	93	0.24972191323697995	1	1	391	57	2	0	G
D11_BC47_191109_LF_LIB_consensus_vsearch	3734	T	T	441	5	1.11%	2	2	93	93	0.030899862264693823	1	1	388	53	3	2	-G
D11_BC47_191109_LF_LIB_consensus_vsearch	3735	G	R	417	26	5.84%	2	1	93	93	1.0213359333062522E-8	1	1	362	55	26	0	A
D11_BC47_191109_LF_LIB_consensus_vsearch	3736	G	*/-A	382	39	8.67%	2	1	93	93	7.230426821571505E-13	1	1	325	57	39	0	-A
D11_BC47_191109_LF_LIB_consensus_vsearch	3737	A	*/-T	372	7	1.82%	2	1	93	93	0.007597206160798333	1	1	316	56	7	0	-T
D11_BC47_191109_LF_LIB_consensus_vsearch	3738	T	T	412	1	0.24%	2	1	93	93	0.4999999999990043	1	1	355	57	1	0	+AGT
D11_BC47_191109_LF_LIB_consensus_vsearch	3739	T	T	449	1	0.22%	2	1	93	93	0.4999999999990043	1	1	392	57	1	0	+C
D11_BC47_191109_LF_LIB_consensus_vsearch	3740	T	*/+C	418	23	5.11%	2	2	93	93	8.880917678412912E-8	1	1	362	56	22	1	+C
D11_BC47_191109_LF_LIB_consensus_vsearch	3741	C	*/+G	433	11	2.44%	2	2	93	93	4.5861543978572406E-4	1	1	379	54	10	1	+G
D11_BC47_191109_LF_LIB_consensus_vsearch	3742	A	*/-G	429	11	2.45%	2	1	93	93	4.5835102222652706E-4	1	1	375	54	11	0	-G
D11_BC47_191109_LF_LIB_consensus_vsearch	3743	G	G	436	1	0.23%	2	1	93	93	0.5000000000008233	1	1	380	56	1	0	+A
D11_BC47_191109_LF_LIB_consensus_vsearch	3744	A	A	445	3	0.67%	2	1	93	93	0.12458100558661131	1	1	388	57	3	0	G
D11_BC47_191109_LF_LIB_consensus_vsearch	3745	C	C	438	5	1.11%	2	1	93	93	0.03089749249800421	1	1	381	57	5	0	-G
D11_BC47_191109_LF_LIB_consensus_vsearch	3746	G	*/+C	424	7	1.59%	2	1	93	93	0.007623059056742502	1	1	367	57	7	0	+C
D11_BC47_191109_LF_LIB_consensus_vsearch	3747	C	C	425	6	1.37%	2	1	93	93	0.015353737770788975	1	1	368	57	6	0	A
D11_BC47_191109_LF_LIB_consensus_vsearch	3748	C	*/-A	413	9	2.02%	2	1	93	93	0.001870754746824021	1	1	359	54	9	0	-A
D11_BC47_191109_LF_LIB_consensus_vsearch	3749	A	A	424	4	0.93%	2	1	93	93	0.06206166059929218	1	1	371	53	4	0	G
D11_BC47_191109_LF_LIB_consensus_vsearch	3750	A	A	432	6	1.36%	2	2	93	93	0.015358062976156805	1	1	379	53	5	1	T
D11_BC47_191109_LF_LIB_consensus_vsearch	3751	A	A	442	6	1.33%	2	2	93	93	0.015364007910021836	1	1	386	56	5	1	G
D11_BC47_191109_LF_LIB_consensus_vsearch	3752	G	*/+C	416	15	3.33%	2	1	93	93	2.6961314693497337E-5	1	1	359	57	15	0	+C
D11_BC47_191109_LF_LIB_consensus_vsearch	3753	C	C	432	1	0.23%	2	1	93	93	0.5000000000008233	1	1	375	57	1	0	A
D11_BC47_191109_LF_LIB_consensus_vsearch	3754	C	C	442	1	0.22%	2	1	93	93	0.4999999999990043	1	1	385	57	1	0	A
D11_BC47_191109_LF_LIB_consensus_vsearch	3755	C	C	443	4	0.89%	2	2	93	93	0.06208030284174911	1	1	388	55	2	2	T
D11_BC47_191109_LF_LIB_consensus_vsearch	3756	G	G	442	4	0.89%	2	1	93	93	0.06207936129200334	1	1	385	57	4	0	-CG
D11_BC47_191109_LF_LIB_consensus_vsearch	3757	C	C	443	2	0.45%	2	2	93	93	0.2497187851519112	1	1	387	56	1	1	T
D11_BC47_191109_LF_LIB_consensus_vsearch	3758	G	G	440	3	0.67%	2	1	93	93	0.1245762711863649	1	1	384	56	3	0	+CG
D11_BC47_191109_LF_LIB_consensus_vsearch	3759	T	T	446	2	0.44%	2	2	93	93	0.24972067039122897	1	1	390	56	1	1	-C
D11_BC47_191109_LF_LIB_consensus_vsearch	3760	C	*/-GGC	430	12	2.67%	2	1	93	93	2.263534081363424E-4	1	1	376	54	12	0	-GGC
D11_BC47_191109_LF_LIB_consensus_vsearch	3761	G	R	416	19	4.36%	2	1	93	93	1.5602972177488376E-6	1	1	361	55	19	0	A
D11_BC47_191109_LF_LIB_consensus_vsearch	3762	G	G	433	2	0.46%	2	2	93	93	0.2497123130030455	1	1	378	55	1	1	T
D11_BC47_191109_LF_LIB_consensus_vsearch	3763	C	C	432	4	0.92%	2	2	93	93	0.06206970811168755	1	1	379	53	1	3	T
D11_BC47_191109_LF_LIB_consensus_vsearch	3764	A	A	442	4	0.89%	2	2	93	93	0.06207936129200334	1	1	389	53	1	3	-T
D11_BC47_191109_LF_LIB_consensus_vsearch	3765	T	T	438	2	0.45%	2	2	93	93	0.24971558589274387	1	1	387	51	1	1	+C
D11_BC47_191109_LF_LIB_consensus_vsearch	3766	C	C	437	3	0.67%	2	1	93	93	0.12457337883968563	1	1	382	55	3	0	+A
D11_BC47_191109_LF_LIB_consensus_vsearch	3767	G	*/-T	427	15	3.34%	2	1	93	93	2.7045976238335243E-5	1	1	370	57	15	0	-T
D11_BC47_191109_LF_LIB_consensus_vsearch	3768	T	T	426	5	1.15%	2	2	93	93	0.0308876837313223	1	1	373	53	1	4	C
D11_BC47_191109_LF_LIB_consensus_vsearch	3769	T	T	447	1	0.22%	2	1	93	93	0.5000000000008233	1	1	390	57	1	0	+C
D11_BC47_191109_LF_LIB_consensus_vsearch	3770	T	T	445	1	0.22%	2	1	93	93	0.4999999999999138	1	1	388	57	1	0	+GT
D11_BC47_191109_LF_LIB_consensus_vsearch	3771	A	R	434	12	2.67%	2	1	93	93	2.2650904494607855E-4	1	1	377	57	12	0	G
D11_BC47_191109_LF_LIB_consensus_vsearch	3772	C	C	446	2	0.44%	2	1	93	93	0.24972067039122897	1	1	389	57	2	0	+A
D11_BC47_191109_LF_LIB_consensus_vsearch	3773	T	Y	436	9	2%	2	2	93	93	0.0018749660605302289	1	1	387	49	1	8	C
D11_BC47_191109_LF_LIB_consensus_vsearch	3774	G	G	438	3	0.67%	2	1	93	93	0.12457434733248252	1	1	381	57	3	0	-TTG
D11_BC47_191109_LF_LIB_consensus_vsearch	3775	T	Y	438	7	1.57%	2	1	93	93	0.007628991869306366	1	1	388	50	0	7	C
D11_BC47_191109_LF_LIB_consensus_vsearch	3776	T	T	441	2	0.45%	2	2	93	93	0.24971751412472734	1	1	387	54	1	1	-G
D11_BC47_191109_LF_LIB_consensus_vsearch	3777	G	G	437	6	1.35%	2	1	93	93	0.01536106891501191	1	1	383	54	6	0	A
D11_BC47_191109_LF_LIB_consensus_vsearch	3778	G	G	448	0	0%	2	0	93	0	1.0	1	0	393	55	0	0	
D11_BC47_191109_LF_LIB_consensus_vsearch	3779	G	G	446	2	0.44%	2	1	93	93	0.24972067039122897	1	1	390	56	2	0	-A
D11_BC47_191109_LF_LIB_consensus_vsearch	3780	A	A	445	1	0.22%	2	1	93	93	0.4999999999999138	1	1	388	57	1	0	+C
D11_BC47_191109_LF_LIB_consensus_vsearch	3781	C	C	444	4	0.89%	2	1	93	93	0.06208124018598929	1	1	388	56	4	0	-T
D11_BC47_191109_LF_LIB_consensus_vsearch	3782	T	T	431	5	1.12%	2	1	93	93	0.03089183629518613	1	1	374	57	5	0	-AC
D11_BC47_191109_LF_LIB_consensus_vsearch	3783	A	A	436	6	1.35%	2	1	93	93	0.01536047315528176	1	1	380	56	6	0	G
D11_BC47_191109_LF_LIB_consensus_vsearch	3784	C	C	442	2	0.45%	2	1	93	93	0.2497181510708481	1	1	385	57	2	0	-A
D11_BC47_191109_LF_LIB_consensus_vsearch	3785	A	R	439	9	2.01%	2	1	93	93	0.0018754838294876201	1	1	382	57	9	0	G
D11_BC47_191109_LF_LIB_consensus_vsearch	3786	A	R	411	35	7.76%	2	1	93	93	1.4538571216780888E-11	1	1	354	57	35	0	G
D11_BC47_191109_LF_LIB_consensus_vsearch	3787	C	C	443	2	0.45%	2	1	93	93	0.2497187851519112	1	1	386	57	2	0	+A
D11_BC47_191109_LF_LIB_consensus_vsearch	3788	G	R	433	10	2.23%	2	1	93	93	9.276896125167864E-4	1	1	377	56	10	0	A
D11_BC47_191109_LF_LIB_consensus_vsearch	3789	G	G	446	5	1.11%	2	1	93	93	0.030903741856461314	1	1	389	57	5	0	T
D11_BC47_191109_LF_LIB_consensus_vsearch	3790	T	T	446	2	0.44%	2	1	93	93	0.24972067039122897	1	1	391	55	2	0	+G
D11_BC47_191109_LF_LIB_consensus_vsearch	3791	G	G	445	2	0.44%	2	1	93	93	0.2497200447932722	1	1	390	55	2	0	-T
D11_BC47_191109_LF_LIB_consensus_vsearch	3792	T	*/+C	431	10	2.23%	2	1	93	93	9.274712732448419E-4	1	1	377	54	10	0	+C
D11_BC47_191109_LF_LIB_consensus_vsearch	3793	C	*/+A	430	11	2.44%	2	1	93	93	4.584175673957473E-4	1	1	374	56	11	0	+A
D11_BC47_191109_LF_LIB_consensus_vsearch	3794	T	Y	414	18	4.04%	2	2	93	93	3.1838917320405464E-6	1	1	360	54	16	2	C
D11_BC47_191109_LF_LIB_consensus_vsearch	3795	A	A	431	2	0.46%	2	1	93	93	0.24971098265883573	1	1	374	57	2	0	G
D11_BC47_191109_LF_LIB_consensus_vsearch	3796	A	R	434	14	3.1%	2	1	93	93	5.5054846604229285E-5	1	1	377	57	14	0	G
D11_BC47_191109_LF_LIB_consensus_vsearch	3797	T	T	445	1	0.22%	2	1	93	93	0.4999999999999138	1	1	388	57	1	0	+C
D11_BC47_191109_LF_LIB_consensus_vsearch	3798	C	C	445	3	0.67%	2	1	93	93	0.12458100558661131	1	1	388	57	3	0	-GTC
D11_BC47_191109_LF_LIB_consensus_vsearch	3799	G	R	436	9	2.02%	2	1	93	93	0.0018749660605302289	1	1	380	56	9	0	A
D11_BC47_191109_LF_LIB_consensus_vsearch	3800	T	T	444	3	0.67%	2	2	93	93	0.12458006718908442	1	1	388	56	2	1	-CT
D11_BC47_191109_LF_LIB_consensus_vsearch	3801	C	C	437	5	1.13%	2	2	93	93	0.03089669543126854	1	1	384	53	2	3	-T
D11_BC47_191109_LF_LIB_consensus_vsearch	3802	T	T	437	3	0.68%	2	1	93	93	0.12457337883968563	1	1	384	53	3	0	C
D11_BC47_191109_LF_LIB_consensus_vsearch	3803	T	*/+C	433	8	1.78%	2	1	93	93	0.003783158179516694	1	1	376	57	8	0	+C
D11_BC47_191109_LF_LIB_consensus_vsearch	3804	C	C	439	1	0.23%	2	1	93	93	0.5000000000008233	1	1	382	57	1	0	+A
D11_BC47_191109_LF_LIB_consensus_vsearch	3805	G	G	439	5	1.12%	2	1	93	93	0.030898285976353152	1	1	382	57	5	0	-A
D11_BC47_191109_LF_LIB_consensus_vsearch	3806	A	A	440	1	0.23%	2	1	93	93	0.4999999999999138	1	1	384	56	0	1	-TC
D11_BC47_191109_LF_LIB_consensus_vsearch	3807	T	*/-C	293	124	27.8%	2	2	93	93	9.707663954060637E-43	1	1	256	37	116	8	-C
D11_BC47_191109_LF_LIB_consensus_vsearch	3808	C	C	304	1	0.33%	2	1	93	93	0.4999999999999138	1	1	266	38	1	0	+TC
D11_BC47_191109_LF_LIB_consensus_vsearch	3809	C	C	429	1	0.23%	2	1	93	93	0.4999999999999138	1	1	382	47	1	0	+ACC
D11_BC47_191109_LF_LIB_consensus_vsearch	3810	C	C	445	2	0.45%	2	2	93	93	0.2497200447932722	1	1	389	56	1	1	T
D11_BC47_191109_LF_LIB_consensus_vsearch	3811	C	M	437	7	1.56%	2	1	93	93	0.007628580447648388	1	1	382	55	7	0	A
D11_BC47_191109_LF_LIB_consensus_vsearch	3812	C	C	444	4	0.89%	2	1	93	93	0.06208124018598929	1	1	387	57	4	0	T
D11_BC47_191109_LF_LIB_consensus_vsearch	3813	A	A	446	3	0.67%	2	2	93	93	0.1245819397993151	1	1	390	56	2	1	G
D11_BC47_191109_LF_LIB_consensus_vsearch	3814	A	R	422	24	5.33%	2	2	93	93	4.3375967580996214E-8	1	1	366	56	23	1	G
D11_BC47_191109_LF_LIB_consensus_vsearch	3815	C	C	445	1	0.22%	2	1	93	93	0.4999999999999138	1	1	389	56	0	1	+T
D11_BC47_191109_LF_LIB_consensus_vsearch	3816	C	*/-T	440	7	1.56%	2	2	93	93	0.007629809215418646	1	1	389	51	1	6	-T
D11_BC47_191109_LF_LIB_consensus_vsearch	3817	T	T	442	1	0.23%	2	1	93	93	0.4999999999990043	1	1	392	50	0	1	C
D11_BC47_191109_LF_LIB_consensus_vsearch	3818	T	T	443	3	0.67%	2	2	93	93	0.12457912457918291	1	1	387	56	2	1	+C
D11_BC47_191109_LF_LIB_consensus_vsearch	3819	C	C	448	1	0.22%	2	1	93	93	0.5000000000008233	1	1	393	55	0	1	+G
D11_BC47_191109_LF_LIB_consensus_vsearch	3820	G	G	447	3	0.67%	2	1	93	93	0.12458286985565502	1	1	390	57	3	0	+T
D11_BC47_191109_LF_LIB_consensus_vsearch	3821	T	T	449	1	0.22%	2	1	93	93	0.4999999999990043	1	1	392	57	1	0	A
D11_BC47_191109_LF_LIB_consensus_vsearch	3822	T	*/-C	366	81	17.96%	2	1	93	93	7.656551308985054E-27	1	1	309	57	81	0	-C
D11_BC47_191109_LF_LIB_consensus_vsearch	3823	C	C	366	4	1.08%	2	1	93	93	0.061992901772438824	1	1	309	57	4	0	T
D11_BC47_191109_LF_LIB_consensus_vsearch	3824	C	C	449	1	0.22%	2	1	93	93	0.4999999999990043	1	1	392	57	1	0	-T
D11_BC47_191109_LF_LIB_consensus_vsearch	3825	T	T	446	1	0.22%	2	1	93	93	0.5000000000008233	1	1	390	56	1	0	+A
D11_BC47_191109_LF_LIB_consensus_vsearch	3826	G	G	448	3	0.67%	2	1	93	93	0.12458379578250524	1	1	391	57	3	0	-A
D11_BC47_191109_LF_LIB_consensus_vsearch	3827	A	A	448	0	0%	2	0	93	0	1.0	1	0	391	57	0	0	
D11_BC47_191109_LF_LIB_consensus_vsearch	3828	T	*/+C	435	11	2.44%	2	1	93	93	4.587459048221758E-4	1	1	378	57	11	0	+C
D11_BC47_191109_LF_LIB_consensus_vsearch	3829	C	C	441	5	1.12%	2	2	93	93	0.030899862264693823	1	1	388	53	1	4	-A
D11_BC47_191109_LF_LIB_consensus_vsearch	3830	A	M	435	8	1.81%	2	1	93	93	0.0037837097715777354	1	1	382	53	8	0	C
D11_BC47_191109_LF_LIB_consensus_vsearch	3831	A	R	417	22	4.89%	2	1	93	93	1.8205291089323654E-7	1	1	361	56	22	0	G
D11_BC47_191109_LF_LIB_consensus_vsearch	3832	T	*/-GA	412	12	2.73%	2	1	93	93	2.2561765155391507E-4	1	1	360	52	12	0	-GA
D11_BC47_191109_LF_LIB_consensus_vsearch	3833	G	*/-A	413	7	1.61%	2	1	93	93	0.007618121440992818	1	1	359	54	7	0	-A
D11_BC47_191109_LF_LIB_consensus_vsearch	3834	A	W	417	9	2.1%	2	1	93	93	0.0018715194418685113	1	1	362	55	9	0	T
D11_BC47_191109_LF_LIB_consensus_vsearch	3835	A	A	441	3	0.67%	2	1	93	93	0.12457722660661777	1	1	386	55	3	0	+G
D11_BC47_191109_LF_LIB_consensus_vsearch	3836	A	A	444	2	0.45%	2	1	93	93	0.24971941638606426	1	1	387	57	2	0	-G
D11_BC47_191109_LF_LIB_consensus_vsearch	3837	G	K	438	8	1.78%	2	1	93	93	0.0037845279531252564	1	1	381	57	8	0	T
D11_BC47_191109_LF_LIB_consensus_vsearch	3838	T	T	445	4	0.89%	2	1	93	93	0.0620821733525388	1	1	388	57	4	0	C
D11_BC47_191109_LF_LIB_consensus_vsearch	3839	G	*/-C	417	28	6.21%	2	2	93	93	2.403220704676044E-9	1	1	368	49	21	7	-C
D11_BC47_191109_LF_LIB_consensus_vsearch	3840	C	*/+T	404	15	3.55%	2	1	93	93	2.6864125215700153E-5	1	1	371	33	0	15	+T
D11_BC47_191109_LF_LIB_consensus_vsearch	3841	C	*/+G	419	15	3.33%	2	1	93	93	2.6984810488819573E-5	1	1	371	48	15	0	+G
D11_BC47_191109_LF_LIB_consensus_vsearch	3842	C	*/-T	412	13	2.89%	2	2	93	93	1.11214354741109E-4	1	1	369	43	7	6	-T
D11_BC47_191109_LF_LIB_consensus_vsearch	3843	T	T	415	5	1.18%	2	2	93	93	0.03087820028111735	1	1	369	46	4	1	C
D11_BC47_191109_LF_LIB_consensus_vsearch	3844	T	Y	424	9	2.06%	2	2	93	93	0.0018728240442215458	1	1	372	52	7	2	C
D11_BC47_191109_LF_LIB_consensus_vsearch	3845	G	*/-C	426	12	2.69%	2	1	93	93	2.2619500050778872E-4	1	1	371	55	12	0	-C
D11_BC47_191109_LF_LIB_consensus_vsearch	3846	C	C	434	1	0.23%	2	1	93	93	0.4999999999999138	1	1	378	56	1	0	+GA
D11_BC47_191109_LF_LIB_consensus_vsearch	3847	C	C	439	4	0.89%	2	2	93	93	0.06207651112360454	1	1	385	54	3	1	T
D11_BC47_191109_LF_LIB_consensus_vsearch	3848	A	R	437	9	2.01%	2	1	93	93	0.0018751394156906677	1	1	382	55	9	0	G
D11_BC47_191109_LF_LIB_consensus_vsearch	3849	G	G	450	0	0%	2	0	93	0	1.0	1	0	393	57	0	0	
D11_BC47_191109_LF_LIB_consensus_vsearch	3850	C	C	446	3	0.67%	2	1	93	93	0.1245819397993151	1	1	392	54	0	3	T
D11_BC47_191109_LF_LIB_consensus_vsearch	3851	T	T	443	3	0.67%	2	1	93	93	0.12457912457918291	1	1	387	56	3	0	C
D11_BC47_191109_LF_LIB_consensus_vsearch	3852	G	G	447	1	0.22%	2	1	93	93	0.5000000000008233	1	1	392	55	0	1	+C
D11_BC47_191109_LF_LIB_consensus_vsearch	3853	C	*/-TT	424	14	3.11%	2	2	93	93	5.492334669373769E-5	1	1	376	48	10	4	-TT
D11_BC47_191109_LF_LIB_consensus_vsearch	3854	T	T	430	1	0.23%	2	1	93	93	0.4999999999990043	1	1	380	50	1	0	+C
D11_BC47_191109_LF_LIB_consensus_vsearch	3855	T	T	433	2	0.46%	2	1	93	93	0.2497123130030455	1	1	382	51	2	0	A
D11_BC47_191109_LF_LIB_consensus_vsearch	3856	T	T	442	6	1.33%	2	2	93	93	0.015364007910021836	1	1	390	52	1	5	-C
D11_BC47_191109_LF_LIB_consensus_vsearch	3857	C	*/+AT	425	8	1.8%	2	1	93	93	0.0037809012469126957	1	1	375	50	8	0	+AT
D11_BC47_191109_LF_LIB_consensus_vsearch	3858	G	*/-C	429	10	2.24%	2	1	93	93	9.272509747675099E-4	1	1	373	56	10	0	-C
D11_BC47_191109_LF_LIB_consensus_vsearch	3859	C	*/+G	410	22	5.01%	2	1	93	93	1.812385707292981E-7	1	1	354	56	22	0	+G
D11_BC47_191109_LF_LIB_consensus_vsearch	3860	A	*/-G	403	29	6.5%	2	1	93	93	1.1456440378899714E-9	1	1	346	57	29	0	-G
D11_BC47_191109_LF_LIB_consensus_vsearch	3861	G	R	381	34	8.11%	2	1	93	93	2.8774168237081386E-11	1	1	324	57	34	0	A
D11_BC47_191109_LF_LIB_consensus_vsearch	3862	T	*/+C	423	13	2.9%	2	1	93	93	1.1147982255220776E-4	1	1	367	56	13	0	+C
D11_BC47_191109_LF_LIB_consensus_vsearch	3863	A	R	226	210	46.98%	2	1	93	93	1.4060864858145725E-78	1	1	169	57	210	0	G
D11_BC47_191109_LF_LIB_consensus_vsearch	3864	G	G	439	5	1.12%	2	1	93	93	0.030898285976353152	1	1	382	57	5	0	+T
D11_BC47_191109_LF_LIB_consensus_vsearch	3865	T	T	447	1	0.22%	2	1	93	93	0.5000000000008233	1	1	390	57	1	0	A
D11_BC47_191109_LF_LIB_consensus_vsearch	3866	T	T	444	5	1.11%	2	1	93	93	0.03090220038242228	1	1	387	57	5	0	+C
D11_BC47_191109_LF_LIB_consensus_vsearch	3867	C	C	444	3	0.67%	2	1	93	93	0.12458006718908442	1	1	388	56	3	0	T
D11_BC47_191109_LF_LIB_consensus_vsearch	3868	G	R	431	15	3.34%	2	1	93	93	2.70757726321695E-5	1	1	375	56	15	0	A
D11_BC47_191109_LF_LIB_consensus_vsearch	3869	T	T	444	1	0.22%	2	1	93	93	0.5000000000008233	1	1	387	57	1	0	+AAA
D11_BC47_191109_LF_LIB_consensus_vsearch	3870	C	C	442	5	1.11%	2	2	93	93	0.03090064512242186	1	1	387	55	4	1	+T
D11_BC47_191109_LF_LIB_consensus_vsearch	3871	T	T	446	1	0.22%	2	1	93	93	0.5000000000008233	1	1	390	56	1	0	+A
D11_BC47_191109_LF_LIB_consensus_vsearch	3872	T	T	438	4	0.89%	2	1	93	93	0.0620755524648183	1	1	384	54	4	0	-G
D11_BC47_191109_LF_LIB_consensus_vsearch	3873	G	R	434	8	1.8%	2	1	93	93	0.0037834345948323136	1	1	377	57	8	0	A
D11_BC47_191109_LF_LIB_consensus_vsearch	3874	C	C	432	4	0.89%	2	2	93	93	0.06206970811168755	1	1	379	53	2	2	-T
D11_BC47_191109_LF_LIB_consensus_vsearch	3875	T	T	433	5	1.13%	2	2	93	93	0.030893470790357477	1	1	382	51	4	1	C
D11_BC47_191109_LF_LIB_consensus_vsearch	3876	A	*/-G	420	12	2.69%	2	2	93	93	2.2595202981245667E-4	1	1	377	43	2	10	-G
D11_BC47_191109_LF_LIB_consensus_vsearch	3877	G	G	434	2	0.46%	2	2	93	93	0.24971297359331265	1	1	390	44	1	1	A
D11_BC47_191109_LF_LIB_consensus_vsearch	3878	G	G	451	0	0%	2	0	93	0	1.0	1	0	394	57	0	0	
D11_BC47_191109_LF_LIB_consensus_vsearch	3879	A	A	448	2	0.44%	2	1	93	93	0.24972191323697995	1	1	392	56	2	0	G
D11_BC47_191109_LF_LIB_consensus_vsearch	3880	T	*/+C	432	14	3.1%	2	1	93	93	5.50290008587801E-5	1	1	377	55	14	0	+C
D11_BC47_191109_LF_LIB_consensus_vsearch	3881	C	C	444	2	0.44%	2	1	93	93	0.24971941638606426	1	1	388	56	2	0	+G
D11_BC47_191109_LF_LIB_consensus_vsearch	3882	A	A	439	6	1.34%	2	1	93	93	0.015362252420215997	1	1	382	57	6	0	G
D11_BC47_191109_LF_LIB_consensus_vsearch	3883	A	R	356	86	19.15%	2	1	93	93	1.3173309065046044E-28	1	1	301	55	86	0	G
D11_BC47_191109_LF_LIB_consensus_vsearch	3884	C	*/+TT	423	8	1.79%	2	1	93	93	0.003780324023462628	1	1	373	50	8	0	+TT
D11_BC47_191109_LF_LIB_consensus_vsearch	3885	G	R	374	53	11.94%	2	1	93	93	1.9870256802203826E-17	1	1	325	49	53	0	A
D11_BC47_191109_LF_LIB_consensus_vsearch	3886	G	*/-A	344	66	14.63%	2	1	93	93	7.866675266931394E-22	1	1	287	57	66	0	-A
D11_BC47_191109_LF_LIB_consensus_vsearch	3887	A	*/+G	328	10	2.79%	2	1	93	93	9.128025855871309E-4	1	1	272	56	10	0	+G
D11_BC47_191109_LF_LIB_consensus_vsearch	3888	T	T	409	4	0.97%	2	1	93	93	0.06204573069707953	1	1	353	56	4	0	G
D11_BC47_191109_LF_LIB_consensus_vsearch	3889	T	T	451	0	0%	2	0	93	0	1.0	1	0	394	57	0	0	
D11_BC47_191109_LF_LIB_consensus_vsearch	3890	T	T	441	4	0.89%	2	1	93	93	0.062078415508149166	1	1	385	56	4	0	-C
D11_BC47_191109_LF_LIB_consensus_vsearch	3891	C	C	442	2	0.45%	2	1	93	93	0.2497181510708481	1	1	385	57	2	0	-A
D11_BC47_191109_LF_LIB_consensus_vsearch	3892	A	*/-C	295	75	16.82%	2	2	93	93	4.0553671750162467E-25	1	1	279	16	51	24	-C
D11_BC47_191109_LF_LIB_consensus_vsearch	3893	C	C	317	2	0.62%	2	1	93	93	0.24960753532160734	1	1	300	17	2	0	+T
D11_BC47_191109_LF_LIB_consensus_vsearch	3894	C	C	395	1	0.25%	2	1	93	93	0.5000000000008233	1	1	355	40	1	0	+T
D11_BC47_191109_LF_LIB_consensus_vsearch	3895	C	C	438	6	1.33%	2	2	93	93	0.01536166199729829	1	1	386	52	3	3	+T
D11_BC47_191109_LF_LIB_consensus_vsearch	3896	C	*/-T	440	7	1.55%	2	2	93	93	0.007629809215418646	1	1	389	51	4	3	-T
D11_BC47_191109_LF_LIB_consensus_vsearch	3897	T	*/-C	264	150	33.94%	2	2	93	93	4.301064949160517E-53	1	1	235	29	132	18	-C
D11_BC47_191109_LF_LIB_consensus_vsearch	3898	C	C	285	2	0.69%	2	1	93	93	0.2495636998254618	1	1	254	31	2	0	+T
D11_BC47_191109_LF_LIB_consensus_vsearch	3899	C	C	434	3	0.68%	2	2	93	93	0.12457044673541934	1	1	384	50	2	1	T
D11_BC47_191109_LF_LIB_consensus_vsearch	3900	C	C	447	1	0.22%	2	1	93	93	0.5000000000008233	1	1	391	56	1	0	T
D11_BC47_191109_LF_LIB_consensus_vsearch	3901	C	C	443	3	0.67%	2	1	93	93	0.12457912457918291	1	1	390	53	3	0	A
D11_BC47_191109_LF_LIB_consensus_vsearch	3902	C	C	445	2	0.44%	2	1	93	93	0.2497200447932722	1	1	392	53	0	2	A
D11_BC47_191109_LF_LIB_consensus_vsearch	3903	A	A	448	1	0.22%	2	1	93	93	0.5000000000008233	1	1	393	55	0	1	G
D11_BC47_191109_LF_LIB_consensus_vsearch	3904	A	R	439	8	1.78%	2	1	93	93	0.003784798257927548	1	1	382	57	8	0	G
D11_BC47_191109_LF_LIB_consensus_vsearch	3905	C	C	436	5	1.11%	2	1	93	93	0.030895894751978216	1	1	381	55	5	0	+A
D11_BC47_191109_LF_LIB_consensus_vsearch	3906	A	R	437	8	1.79%	2	1	93	93	0.00378425644253265	1	1	382	55	8	0	G
D11_BC47_191109_LF_LIB_consensus_vsearch	3907	G	G	439	6	1.33%	2	1	93	93	0.015362252420215997	1	1	383	56	6	0	T
D11_BC47_191109_LF_LIB_consensus_vsearch	3908	T	T	441	5	1.11%	2	2	93	93	0.030899862264693823	1	1	387	54	4	1	-AC
D11_BC47_191109_LF_LIB_consensus_vsearch	3909	A	R	431	11	2.47%	2	1	93	93	4.584838174083158E-4	1	1	376	55	11	0	G
D11_BC47_191109_LF_LIB_consensus_vsearch	3910	C	*/-G	426	7	1.57%	2	2	93	93	0.007623929979105209	1	1	373	53	6	1	-G
D11_BC47_191109_LF_LIB_consensus_vsearch	3911	G	R	428	13	2.93%	2	1	93	93	1.1159624774972868E-4	1	1	372	56	13	0	A
D11_BC47_191109_LF_LIB_consensus_vsearch	3912	G	*/-C	441	8	1.77%	2	1	93	93	0.0037853352821818676	1	1	384	57	8	0	-C
D11_BC47_191109_LF_LIB_consensus_vsearch	3913	C	C	431	5	1.13%	2	1	93	93	0.03089183629518613	1	1	376	55	5	0	-TGGC
D11_BC47_191109_LF_LIB_consensus_vsearch	3914	T	*/-G	422	9	2.04%	2	1	93	93	0.0018724555760242295	1	1	367	55	9	0	-G
D11_BC47_191109_LF_LIB_consensus_vsearch	3915	G	G	427	1	0.23%	2	1	93	93	0.4999999999990043	1	1	370	57	1	0	+A
D11_BC47_191109_LF_LIB_consensus_vsearch	3916	G	*/-C	392	21	4.79%	2	2	93	93	3.673956661066451E-7	1	1	339	53	18	3	-C
D11_BC47_191109_LF_LIB_consensus_vsearch	3917	C	C	399	5	1.22%	2	1	93	93	0.030863484879977227	1	1	348	51	5	0	A
D11_BC47_191109_LF_LIB_consensus_vsearch	3918	C	Y	424	9	2.06%	2	2	93	93	0.0018728240442215458	1	1	368	56	8	1	T
D11_BC47_191109_LF_LIB_consensus_vsearch	3919	C	C	438	6	1.34%	2	1	93	93	0.01536166199729829	1	1	381	57	6	0	T
D11_BC47_191109_LF_LIB_consensus_vsearch	3920	C	Y	419	15	3.35%	2	2	93	93	2.6984810488819573E-5	1	1	368	51	13	2	T
D11_BC47_191109_LF_LIB_consensus_vsearch	3921	G	*/+A	422	9	2.03%	2	1	93	93	0.0018724555760242295	1	1	368	54	9	0	+A
D11_BC47_191109_LF_LIB_consensus_vsearch	3922	A	A	431	5	1.12%	2	1	93	93	0.03089183629518613	1	1	375	56	5	0	-G
D11_BC47_191109_LF_LIB_consensus_vsearch	3923	G	*/-C	268	91	20.68%	2	2	93	93	5.783674394902683E-31	1	1	220	48	83	8	-C
D11_BC47_191109_LF_LIB_consensus_vsearch	3924	C	*/+A	250	16	5.82%	2	2	93	93	1.209495021153664E-5	1	1	204	46	15	1	+A
D11_BC47_191109_LF_LIB_consensus_vsearch	3925	C	M	114	252	68.29%	2	2	93	93	1.208001230492733E-106	1	1	105	9	205	47	A
D11_BC47_191109_LF_LIB_consensus_vsearch	3926	C	M	305	98	24.26%	2	2	93	93	3.769766189430205E-33	1	1	256	49	90	8	A
D11_BC47_191109_LF_LIB_consensus_vsearch	3927	C	M	414	35	7.8%	2	1	93	93	1.460889309610705E-11	1	1	357	57	35	0	A
D11_BC47_191109_LF_LIB_consensus_vsearch	3928	C	M	400	47	10.47%	2	1	93	93	1.9831816714834913E-15	1	1	343	57	47	0	A
D11_BC47_191109_LF_LIB_consensus_vsearch	3929	C	C	443	6	1.33%	2	2	93	93	0.015364587872107325	1	1	389	54	4	2	-T
D11_BC47_191109_LF_LIB_consensus_vsearch	3930	T	T	442	2	0.45%	2	2	93	93	0.2497181510708481	1	1	388	54	1	1	-A
D11_BC47_191109_LF_LIB_consensus_vsearch	3931	A	A	440	4	0.89%	2	2	93	93	0.06207746546158639	1	1	386	54	2	2	-T
D11_BC47_191109_LF_LIB_consensus_vsearch	3932	T	T	435	3	0.67%	2	1	93	93	0.12457142857152662	1	1	381	54	3	0	G
D11_BC47_191109_LF_LIB_consensus_vsearch	3933	T	T	437	5	1.11%	2	1	93	93	0.03089669543126854	1	1	382	55	5	0	-A
D11_BC47_191109_LF_LIB_consensus_vsearch	3934	A	A	437	3	0.68%	2	1	93	93	0.12457337883968563	1	1	381	56	3	0	+T
D11_BC47_191109_LF_LIB_consensus_vsearch	3935	A	R	422	19	4.23%	2	1	93	93	1.5646588051502846E-6	1	1	365	57	19	0	G
D11_BC47_191109_LF_LIB_consensus_vsearch	3936	C	C	437	2	0.45%	2	1	93	93	0.24971493728629837	1	1	381	56	2	0	+T
D11_BC47_191109_LF_LIB_consensus_vsearch	3937	C	*/-A	426	14	3.1%	2	1	93	93	5.495010686777893E-5	1	1	373	53	14	0	-A
D11_BC47_191109_LF_LIB_consensus_vsearch	3938	A	A	424	4	0.92%	2	2	93	93	0.06206166059929218	1	1	369	55	3	1	G
D11_BC47_191109_LF_LIB_consensus_vsearch	3939	T	K	428	16	3.58%	2	1	93	93	1.3297986993183741E-5	1	1	371	57	16	0	G
D11_BC47_191109_LF_LIB_consensus_vsearch	3940	T	T	439	4	0.89%	2	1	93	93	0.06207651112360454	1	1	382	57	4	0	-ACA
D11_BC47_191109_LF_LIB_consensus_vsearch	3941	A	R	428	12	2.72%	2	1	93	93	2.2627455527610537E-4	1	1	372	56	12	0	G
D11_BC47_191109_LF_LIB_consensus_vsearch	3942	C	C	437	2	0.45%	2	1	93	93	0.24971493728629837	1	1	380	57	2	0	+G
D11_BC47_191109_LF_LIB_consensus_vsearch	3943	A	R	424	18	4.04%	2	1	93	93	3.1972048803076152E-6	1	1	367	57	18	0	G
D11_BC47_191109_LF_LIB_consensus_vsearch	3944	G	G	443	2	0.45%	2	1	93	93	0.2497187851519112	1	1	386	57	2	0	A
D11_BC47_191109_LF_LIB_consensus_vsearch	3945	C	Y	439	7	1.55%	2	1	93	93	0.00762940145447119	1	1	383	56	7	0	T
D11_BC47_191109_LF_LIB_consensus_vsearch	3946	G	G	445	4	0.89%	2	1	93	93	0.0620821733525388	1	1	388	57	4	0	-A
D11_BC47_191109_LF_LIB_consensus_vsearch	3947	A	A	444	2	0.45%	2	1	93	93	0.24971941638606426	1	1	389	55	0	2	G
D11_BC47_191109_LF_LIB_consensus_vsearch	3948	T	*/+A	431	15	3.33%	2	2	93	93	2.70757726321695E-5	1	1	380	51	10	5	+A
D11_BC47_191109_LF_LIB_consensus_vsearch	3949	G	K	422	10	2.23%	2	1	93	93	9.264641146701706E-4	1	1	375	47	10	0	T
D11_BC47_191109_LF_LIB_consensus_vsearch	3950	T	*/+A	413	9	2.04%	2	1	93	93	0.001870754746824021	1	1	370	43	9	0	+A
D11_BC47_191109_LF_LIB_consensus_vsearch	3951	G	*/-C	392	13	2.99%	2	2	93	93	1.1069598920089562E-4	1	1	345	47	12	1	-C
D11_BC47_191109_LF_LIB_consensus_vsearch	3952	C	C	419	6	1.38%	2	2	93	93	0.015349917324271899	1	1	370	49	3	3	A
D11_BC47_191109_LF_LIB_consensus_vsearch	3953	C	*/-A	420	16	3.56%	2	2	93	93	1.3263859391341419E-5	1	1	375	45	8	8	-A
D11_BC47_191109_LF_LIB_consensus_vsearch	3954	A	A	429	3	0.69%	2	1	93	93	0.12456546929309553	1	1	381	48	3	0	T
D11_BC47_191109_LF_LIB_consensus_vsearch	3955	A	R	399	39	8.65%	2	1	93	93	7.506569170116938E-13	1	1	350	49	39	0	G
D11_BC47_191109_LF_LIB_consensus_vsearch	3956	C	S	438	10	2.23%	2	1	93	93	9.282270587880905E-4	1	1	382	56	10	0	G
D11_BC47_191109_LF_LIB_consensus_vsearch	3957	C	Y	439	8	1.77%	2	2	93	93	0.003784798257927548	1	1	387	52	3	5	T
D11_BC47_191109_LF_LIB_consensus_vsearch	3958	A	A	444	2	0.45%	2	1	93	93	0.24971941638606426	1	1	387	57	2	0	+G
D11_BC47_191109_LF_LIB_consensus_vsearch	3959	A	R	408	35	7.8%	2	1	93	93	1.4467603190387464E-11	1	1	351	57	35	0	G
D11_BC47_191109_LF_LIB_consensus_vsearch	3960	C	*/+G	423	19	4.23%	2	1	93	93	1.5653751377054059E-6	1	1	366	57	19	0	+G
D11_BC47_191109_LF_LIB_consensus_vsearch	3961	A	*/-G	426	16	3.56%	2	1	93	93	1.3289564848969628E-5	1	1	369	57	16	0	-G
D11_BC47_191109_LF_LIB_consensus_vsearch	3962	G	G	433	1	0.23%	2	1	93	93	0.4999999999999138	1	1	376	57	1	0	+A
D11_BC47_191109_LF_LIB_consensus_vsearch	3963	A	R	440	8	1.77%	2	1	93	93	0.0037850673649748043	1	1	384	56	8	0	G
D11_BC47_191109_LF_LIB_consensus_vsearch	3964	C	C	446	1	0.22%	2	1	93	93	0.5000000000008233	1	1	390	56	1	0	+A
D11_BC47_191109_LF_LIB_consensus_vsearch	3965	G	G	441	5	1.11%	2	1	93	93	0.030899862264693823	1	1	384	57	5	0	A
D11_BC47_191109_LF_LIB_consensus_vsearch	3966	A	A	444	1	0.22%	2	1	93	93	0.5000000000008233	1	1	389	55	0	1	+C
D11_BC47_191109_LF_LIB_consensus_vsearch	3967	C	C	443	2	0.45%	2	1	93	93	0.2497187851519112	1	1	387	56	2	0	+AC
D11_BC47_191109_LF_LIB_consensus_vsearch	3968	G	G	440	2	0.45%	2	1	93	93	0.2497168742917677	1	1	383	57	2	0	+CG
D11_BC47_191109_LF_LIB_consensus_vsearch	3969	T	T	445	2	0.45%	2	1	93	93	0.2497200447932722	1	1	388	57	2	0	C
D11_BC47_191109_LF_LIB_consensus_vsearch	3970	C	C	445	1	0.22%	2	1	93	93	0.4999999999999138	1	1	389	56	1	0	+A
D11_BC47_191109_LF_LIB_consensus_vsearch	3971	G	G	435	4	0.89%	2	1	93	93	0.06207265026891802	1	1	381	54	4	0	-C
D11_BC47_191109_LF_LIB_consensus_vsearch	3972	C	C	442	2	0.45%	2	2	93	93	0.2497181510708481	1	1	387	55	1	1	A
D11_BC47_191109_LF_LIB_consensus_vsearch	3973	C	Y	436	9	2%	2	2	93	93	0.0018749660605302289	1	1	388	48	3	6	T
D11_BC47_191109_LF_LIB_consensus_vsearch	3974	G	G	445	5	1.11%	2	2	93	93	0.030902972831159826	1	1	390	55	4	1	A
D11_BC47_191109_LF_LIB_consensus_vsearch	3975	T	T	441	4	0.89%	2	1	93	93	0.062078415508149166	1	1	386	55	4	0	+C
D11_BC47_191109_LF_LIB_consensus_vsearch	3976	C	C	441	2	0.45%	2	1	93	93	0.24971751412472734	1	1	385	56	2	0	+A
D11_BC47_191109_LF_LIB_consensus_vsearch	3977	A	A	439	4	0.9%	2	1	93	93	0.06207651112360454	1	1	383	56	4	0	G
D11_BC47_191109_LF_LIB_consensus_vsearch	3978	A	A	439	6	1.34%	2	1	93	93	0.015362252420215997	1	1	384	55	6	0	G
D11_BC47_191109_LF_LIB_consensus_vsearch	3979	T	T	440	3	0.67%	2	1	93	93	0.1245762711863649	1	1	385	55	3	0	+C
D11_BC47_191109_LF_LIB_consensus_vsearch	3980	C	*/-T	438	7	1.57%	2	2	93	93	0.007628991869306366	1	1	383	55	6	1	-T
D11_BC47_191109_LF_LIB_consensus_vsearch	3981	T	*/-GTT	433	7	1.58%	2	2	93	93	0.0076269161468125015	1	1	378	55	6	1	-GTT
D11_BC47_191109_LF_LIB_consensus_vsearch	3982	G	G	436	4	0.9%	2	1	93	93	0.0620736220670793	1	1	380	56	4	0	A
D11_BC47_191109_LF_LIB_consensus_vsearch	3983	T	T	438	2	0.45%	2	1	93	93	0.24971558589274387	1	1	382	56	2	0	C
D11_BC47_191109_LF_LIB_consensus_vsearch	3984	T	*/-ATT	433	7	1.58%	2	2	93	93	0.0076269161468125015	1	1	378	55	6	1	-ATT
D11_BC47_191109_LF_LIB_consensus_vsearch	3985	A	A	434	5	1.13%	2	1	93	93	0.030894282456439635	1	1	378	56	5	0	G
D11_BC47_191109_LF_LIB_consensus_vsearch	3986	T	T	438	1	0.23%	2	1	93	93	0.4999999999999138	1	1	383	55	0	1	+C
D11_BC47_191109_LF_LIB_consensus_vsearch	3987	T	*/-C	428	8	1.81%	2	1	93	93	0.0037817572285023734	1	1	372	56	8	0	-C
D11_BC47_191109_LF_LIB_consensus_vsearch	3988	C	C	439	1	0.23%	2	1	93	93	0.5000000000008233	1	1	382	57	1	0	+GC
D11_BC47_191109_LF_LIB_consensus_vsearch	3989	C	C	445	2	0.44%	2	1	93	93	0.2497200447932722	1	1	388	57	2	0	A
D11_BC47_191109_LF_LIB_consensus_vsearch	3990	A	A	440	3	0.67%	2	2	93	93	0.1245762711863649	1	1	384	56	2	1	G
D11_BC47_191109_LF_LIB_consensus_vsearch	3991	T	T	442	2	0.45%	2	1	93	93	0.2497181510708481	1	1	386	56	2	0	-G
D11_BC47_191109_LF_LIB_consensus_vsearch	3992	G	G	435	4	0.89%	2	1	93	93	0.06207265026891802	1	1	379	56	4	0	+C
D11_BC47_191109_LF_LIB_consensus_vsearch	3993	C	C	441	3	0.67%	2	1	93	93	0.12457722660661777	1	1	385	56	3	0	-T
D11_BC47_191109_LF_LIB_consensus_vsearch	3994	T	T	435	4	0.89%	2	2	93	93	0.06207265026891802	1	1	380	55	3	1	C
D11_BC47_191109_LF_LIB_consensus_vsearch	3995	A	A	445	1	0.22%	2	1	93	93	0.4999999999999138	1	1	389	56	1	0	+CA
D11_BC47_191109_LF_LIB_consensus_vsearch	3996	A	A	447	4	0.89%	2	1	93	93	0.06208402726417696	1	1	390	57	4	0	G
D11_BC47_191109_LF_LIB_consensus_vsearch	3997	T	T	442	2	0.44%	2	1	93	93	0.2497181510708481	1	1	387	55	2	0	+C
D11_BC47_191109_LF_LIB_consensus_vsearch	3998	C	C	440	2	0.45%	2	2	93	93	0.2497168742917677	1	1	386	54	1	1	-G
D11_BC47_191109_LF_LIB_consensus_vsearch	3999	G	G	442	3	0.67%	2	1	93	93	0.12457817772799688	1	1	386	56	3	0	-A
D11_BC47_191109_LF_LIB_consensus_vsearch	4000	A	A	442	2	0.45%	2	1	93	93	0.2497181510708481	1	1	385	57	2	0	+T
D11_BC47_191109_LF_LIB_consensus_vsearch	4001	T	T	445	1	0.22%	2	1	93	93	0.4999999999999138	1	1	388	57	1	0	+C
D11_BC47_191109_LF_LIB_consensus_vsearch	4002	A	A	443	5	1.11%	2	1	93	93	0.030901424487179464	1	1	386	57	5	0	G
D11_BC47_191109_LF_LIB_consensus_vsearch	4003	C	C	443	3	0.67%	2	1	93	93	0.12457912457918291	1	1	386	57	3	0	-T
D11_BC47_191109_LF_LIB_consensus_vsearch	4004	T	T	439	3	0.67%	2	2	93	93	0.12457531143833234	1	1	386	53	1	2	-G
D11_BC47_191109_LF_LIB_consensus_vsearch	4005	G	G	442	5	1.12%	2	2	93	93	0.03090064512242186	1	1	388	54	4	1	A
D11_BC47_191109_LF_LIB_consensus_vsearch	4006	G	G	445	2	0.44%	2	1	93	93	0.2497200447932722	1	1	388	57	2	0	+C
D11_BC47_191109_LF_LIB_consensus_vsearch	4007	C	C	440	4	0.89%	2	2	93	93	0.06207746546158639	1	1	386	54	2	2	T
D11_BC47_191109_LF_LIB_consensus_vsearch	4008	A	R	411	30	6.71%	2	1	93	93	5.590506572954871E-10	1	1	355	56	30	0	G
D11_BC47_191109_LF_LIB_consensus_vsearch	4009	G	G	439	2	0.45%	2	1	93	93	0.2497162315547306	1	1	385	54	0	2	+C
D11_BC47_191109_LF_LIB_consensus_vsearch	4010	T	T	436	4	0.89%	2	2	93	93	0.0620736220670793	1	1	382	54	3	1	-C
D11_BC47_191109_LF_LIB_consensus_vsearch	4011	C	*/+T	430	7	1.58%	2	2	93	93	0.007625648020175149	1	1	381	49	4	3	+T
D11_BC47_191109_LF_LIB_consensus_vsearch	4012	T	T	434	6	1.35%	2	2	93	93	0.015359273530652235	1	1	384	50	3	3	C
D11_BC47_191109_LF_LIB_consensus_vsearch	4013	T	T	445	2	0.45%	2	2	93	93	0.2497200447932722	1	1	389	56	1	1	C
D11_BC47_191109_LF_LIB_consensus_vsearch	4014	T	T	435	5	1.11%	2	1	93	93	0.030895090435182324	1	1	383	52	5	0	+A
D11_BC47_191109_LF_LIB_consensus_vsearch	4015	G	*/-C	424	13	2.91%	2	1	93	93	1.115033140535145E-4	1	1	370	54	13	0	-C
D11_BC47_191109_LF_LIB_consensus_vsearch	4016	C	C	428	4	0.92%	2	2	93	93	0.06206572163388339	1	1	373	55	3	1	A
D11_BC47_191109_LF_LIB_consensus_vsearch	4017	C	Y	439	7	1.56%	2	1	93	93	0.00762940145447119	1	1	383	56	7	0	T
D11_BC47_191109_LF_LIB_consensus_vsearch	4018	A	R	438	7	1.57%	2	1	93	93	0.007628991869306366	1	1	383	55	7	0	G
D11_BC47_191109_LF_LIB_consensus_vsearch	4019	A	R	385	55	12.22%	2	1	93	93	4.5869653317617234E-18	1	1	330	55	55	0	G
D11_BC47_191109_LF_LIB_consensus_vsearch	4020	C	C	442	1	0.22%	2	1	93	93	0.4999999999990043	1	1	387	55	1	0	+A
D11_BC47_191109_LF_LIB_consensus_vsearch	4021	C	C	445	3	0.67%	2	2	93	93	0.12458100558661131	1	1	392	53	1	2	T
D11_BC47_191109_LF_LIB_consensus_vsearch	4022	T	*/+C	429	14	3.12%	2	1	93	93	5.498981101612605E-5	1	1	377	52	14	0	+C
D11_BC47_191109_LF_LIB_consensus_vsearch	4023	C	*/-A	425	9	2%	2	2	93	93	0.0018730070190884252	1	1	376	49	6	3	-A
D11_BC47_191109_LF_LIB_consensus_vsearch	4024	A	A	431	2	0.46%	2	1	93	93	0.24971098265883573	1	1	381	50	2	0	+GA
D11_BC47_191109_LF_LIB_consensus_vsearch	4025	A	A	439	4	0.89%	2	1	93	93	0.06207651112360454	1	1	387	52	4	0	-G
D11_BC47_191109_LF_LIB_consensus_vsearch	4026	G	G	432	3	0.67%	2	1	93	93	0.12456846950514457	1	1	377	55	3	0	+A
D11_BC47_191109_LF_LIB_consensus_vsearch	4027	C	C	441	1	0.22%	2	1	93	93	0.5000000000008233	1	1	387	54	0	1	+A
D11_BC47_191109_LF_LIB_consensus_vsearch	4028	G	*/-CG	438	9	2%	2	2	93	93	0.001875312003649851	1	1	382	56	8	1	-CG
D11_BC47_191109_LF_LIB_consensus_vsearch	4029	C	C	436	2	0.45%	2	1	93	93	0.2497142857145226	1	1	381	55	2	0	-G
D11_BC47_191109_LF_LIB_consensus_vsearch	4030	G	G	429	5	1.14%	2	1	93	93	0.030890186744528703	1	1	375	54	5	0	A
D11_BC47_191109_LF_LIB_consensus_vsearch	4031	T	T	448	2	0.44%	2	1	93	93	0.24972191323697995	1	1	392	56	2	0	C
D11_BC47_191109_LF_LIB_consensus_vsearch	4032	T	T	447	2	0.44%	2	1	93	93	0.24972129319990002	1	1	391	56	2	0	C
D11_BC47_191109_LF_LIB_consensus_vsearch	4033	C	C	448	1	0.22%	2	1	93	93	0.5000000000008233	1	1	392	56	1	0	T
D11_BC47_191109_LF_LIB_consensus_vsearch	4034	A	*/+T	426	16	3.56%	2	1	93	93	1.3289564848969628E-5	1	1	370	56	16	0	+T
D11_BC47_191109_LF_LIB_consensus_vsearch	4035	T	T	446	2	0.45%	2	2	93	93	0.24972067039122897	1	1	391	55	1	1	C
D11_BC47_191109_LF_LIB_consensus_vsearch	4036	T	T	451	0	0%	2	0	93	0	1.0	1	0	394	57	0	0	
D11_BC47_191109_LF_LIB_consensus_vsearch	4037	T	T	448	2	0.44%	2	1	93	93	0.24972191323697995	1	1	391	57	2	0	C
D11_BC47_191109_LF_LIB_consensus_vsearch	4038	G	G	448	1	0.22%	2	1	93	93	0.5000000000008233	1	1	392	56	1	0	-TT
D11_BC47_191109_LF_LIB_consensus_vsearch	4039	T	T	444	2	0.45%	2	1	93	93	0.24971941638606426	1	1	390	54	0	2	+C
D11_BC47_191109_LF_LIB_consensus_vsearch	4040	T	*/+C	435	7	1.56%	2	1	93	93	0.007627752045228881	1	1	381	54	7	0	+C
D11_BC47_191109_LF_LIB_consensus_vsearch	4041	C	C	437	5	1.12%	2	1	93	93	0.03089669543126854	1	1	385	52	5	0	-G
D11_BC47_191109_LF_LIB_consensus_vsearch	4042	G	*/-AG	369	67	15.06%	2	1	93	93	4.34057420501411E-22	1	1	313	56	67	0	-AG
D11_BC47_191109_LF_LIB_consensus_vsearch	4043	A	*/-G	346	16	4.27%	2	1	93	93	1.288121877791819E-5	1	1	289	57	16	0	-G
D11_BC47_191109_LF_LIB_consensus_vsearch	4044	G	G	363	3	0.82%	2	1	93	93	0.12448700410399625	1	1	306	57	3	0	+AG
D11_BC47_191109_LF_LIB_consensus_vsearch	4045	G	G	439	4	0.89%	2	1	93	93	0.06207651112360454	1	1	383	56	4	0	-T
D11_BC47_191109_LF_LIB_consensus_vsearch	4046	T	*/-A	389	36	8.07%	2	1	93	93	6.712672892660609E-12	1	1	334	55	36	0	-A
D11_BC47_191109_LF_LIB_consensus_vsearch	4047	A	R	394	13	3.15%	2	2	93	93	1.1075004107573398E-4	1	1	339	55	12	1	G
D11_BC47_191109_LF_LIB_consensus_vsearch	4048	A	*/-G	437	10	2.22%	2	1	93	93	9.281205170584159E-4	1	1	380	57	10	0	-G
D11_BC47_191109_LF_LIB_consensus_vsearch	4049	G	G	437	1	0.23%	2	1	93	93	0.4999999999999138	1	1	381	56	1	0	+A
D11_BC47_191109_LF_LIB_consensus_vsearch	4050	A	A	445	2	0.44%	2	2	93	93	0.2497200447932722	1	1	390	55	1	1	-T
D11_BC47_191109_LF_LIB_consensus_vsearch	4051	T	*/-C	393	54	12.05%	2	2	93	93	1.0103430966167073E-17	1	1	339	54	52	2	-C
D11_BC47_191109_LF_LIB_consensus_vsearch	4052	C	C	394	1	0.25%	2	1	93	93	0.4999999999999138	1	1	339	55	1	0	+GC
D11_BC47_191109_LF_LIB_consensus_vsearch	4053	C	C	432	4	0.89%	2	1	93	93	0.06206970811168755	1	1	380	52	0	4	+T
D11_BC47_191109_LF_LIB_consensus_vsearch	4054	T	T	437	4	0.9%	2	2	93	93	0.062074589455845104	1	1	383	54	2	2	C
D11_BC47_191109_LF_LIB_consensus_vsearch	4055	G	*/-TG	406	28	6.21%	2	2	93	93	2.375795646033013E-9	1	1	351	55	27	1	-TG
D11_BC47_191109_LF_LIB_consensus_vsearch	4056	T	T	411	3	0.71%	2	1	93	93	0.12454655380892238	1	1	357	54	3	0	+AT
D11_BC47_191109_LF_LIB_consensus_vsearch	4057	G	G	410	5	1.2%	2	2	93	93	0.0308737235316268	1	1	356	54	4	1	A
D11_BC47_191109_LF_LIB_consensus_vsearch	4058	G	G	444	2	0.45%	2	1	93	93	0.24971941638606426	1	1	390	54	0	2	-C
D11_BC47_191109_LF_LIB_consensus_vsearch	4059	C	C	444	1	0.22%	2	1	93	93	0.5000000000008233	1	1	390	54	1	0	-T
D11_BC47_191109_LF_LIB_consensus_vsearch	4060	T	*/-C	162	218	48.66%	2	2	93	93	7.892882875584165E-86	1	1	135	27	192	26	-C
D11_BC47_191109_LF_LIB_consensus_vsearch	4061	C	C	203	1	0.49%	2	1	93	93	0.4999999999999138	1	1	177	26	1	0	A
D11_BC47_191109_LF_LIB_consensus_vsearch	4062	C	C	422	1	0.24%	2	1	93	93	0.5000000000008233	1	1	370	52	0	1	+T
D11_BC47_191109_LF_LIB_consensus_vsearch	4063	C	C	450	1	0.22%	2	1	93	93	0.5000000000008233	1	1	393	57	1	0	+T
D11_BC47_191109_LF_LIB_consensus_vsearch	4064	C	C	442	4	0.89%	2	2	93	93	0.06207936129200334	1	1	388	54	2	2	T
D11_BC47_191109_LF_LIB_consensus_vsearch	4065	C	C	429	6	1.33%	2	2	93	93	0.015356226321811444	1	1	380	49	5	1	A
D11_BC47_191109_LF_LIB_consensus_vsearch	4066	G	R	432	9	2.02%	2	1	93	93	0.001874264864679625	1	1	381	51	9	0	A
D11_BC47_191109_LF_LIB_consensus_vsearch	4067	G	K	433	10	2.22%	2	1	93	93	9.276896125167864E-4	1	1	376	57	10	0	T
D11_BC47_191109_LF_LIB_consensus_vsearch	4068	T	Y	438	10	2.23%	2	2	93	93	9.282270587880905E-4	1	1	390	48	1	9	C
D11_BC47_191109_LF_LIB_consensus_vsearch	4069	T	T	446	5	1.11%	2	2	93	93	0.030903741856461314	1	1	392	54	2	3	C
D11_BC47_191109_LF_LIB_consensus_vsearch	4070	G	*/-C	390	34	7.54%	2	1	93	93	2.922594505567604E-11	1	1	333	57	34	0	-C
D11_BC47_191109_LF_LIB_consensus_vsearch	4071	C	C	390	1	0.25%	2	1	93	93	0.4999999999999138	1	1	334	56	0	1	+T
D11_BC47_191109_LF_LIB_consensus_vsearch	4072	C	C	422	3	0.7%	2	1	93	93	0.12455830388715546	1	1	365	57	3	0	T
D11_BC47_191109_LF_LIB_consensus_vsearch	4073	C	M	430	11	2.44%	2	1	93	93	4.584175673957473E-4	1	1	379	51	11	0	A
D11_BC47_191109_LF_LIB_consensus_vsearch	4074	G	R	430	15	3.36%	2	1	93	93	2.7068371529022044E-5	1	1	377	53	15	0	A
D11_BC47_191109_LF_LIB_consensus_vsearch	4075	G	*/-A	393	46	10.2%	2	1	93	93	4.0965439325186634E-15	1	1	337	56	46	0	-A
D11_BC47_191109_LF_LIB_consensus_vsearch	4076	A	A	391	2	0.51%	2	1	93	93	0.24968152866242077	1	1	334	57	2	0	-G
D11_BC47_191109_LF_LIB_consensus_vsearch	4077	G	G	435	3	0.68%	2	2	93	93	0.12457142857152662	1	1	380	55	1	2	A
D11_BC47_191109_LF_LIB_consensus_vsearch	4078	T	T	447	2	0.44%	2	1	93	93	0.24972129319990002	1	1	391	56	2	0	C
D11_BC47_191109_LF_LIB_consensus_vsearch	4079	T	T	445	3	0.67%	2	1	93	93	0.12458100558661131	1	1	389	56	3	0	-C
D11_BC47_191109_LF_LIB_consensus_vsearch	4080	C	C	440	3	0.67%	2	1	93	93	0.1245762711863649	1	1	384	56	3	0	-A
D11_BC47_191109_LF_LIB_consensus_vsearch	4081	A	R	433	7	1.57%	2	1	93	93	0.0076269161468125015	1	1	377	56	7	0	G
D11_BC47_191109_LF_LIB_consensus_vsearch	4082	C	C	441	2	0.45%	2	1	93	93	0.24971751412472734	1	1	386	55	2	0	-A
D11_BC47_191109_LF_LIB_consensus_vsearch	4083	A	*/-CA	423	17	3.82%	2	2	93	93	6.517562209625466E-6	1	1	377	46	7	10	-CA
D11_BC47_191109_LF_LIB_consensus_vsearch	4084	C	C	424	6	1.39%	2	2	93	93	0.015353108416041601	1	1	380	44	4	2	T
D11_BC47_191109_LF_LIB_consensus_vsearch	4085	A	A	426	2	0.47%	2	1	93	93	0.2497076023388982	1	1	380	46	2	0	+CA
D11_BC47_191109_LF_LIB_consensus_vsearch	4086	A	R	438	10	2.22%	2	2	93	93	9.282270587880905E-4	1	1	382	56	9	1	G
D11_BC47_191109_LF_LIB_consensus_vsearch	4087	C	C	441	3	0.67%	2	1	93	93	0.12457722660661777	1	1	384	57	3	0	-G
D11_BC47_191109_LF_LIB_consensus_vsearch	4088	G	G	438	3	0.67%	2	1	93	93	0.12457434733248252	1	1	382	56	3	0	-AG
D11_BC47_191109_LF_LIB_consensus_vsearch	4089	A	A	434	5	1.12%	2	1	93	93	0.030894282456439635	1	1	381	53	5	0	+G
D11_BC47_191109_LF_LIB_consensus_vsearch	4090	G	G	440	1	0.23%	2	1	93	93	0.4999999999999138	1	1	386	54	1	0	+AG
D11_BC47_191109_LF_LIB_consensus_vsearch	4091	G	G	446	2	0.45%	2	1	93	93	0.24972067039122897	1	1	390	56	2	0	-A
D11_BC47_191109_LF_LIB_consensus_vsearch	4092	A	A	442	4	0.89%	2	2	93	93	0.06207936129200334	1	1	387	55	3	1	G
D11_BC47_191109_LF_LIB_consensus_vsearch	4093	T	T	446	2	0.44%	2	2	93	93	0.24972067039122897	1	1	391	55	1	1	C
D11_BC47_191109_LF_LIB_consensus_vsearch	4094	A	A	437	4	0.89%	2	2	93	93	0.062074589455845104	1	1	383	54	3	1	-TA
D11_BC47_191109_LF_LIB_consensus_vsearch	4095	T	*/+A	376	35	7.88%	2	2	93	93	1.3668210358547434E-11	1	1	325	51	34	1	+A
D11_BC47_191109_LF_LIB_consensus_vsearch	4096	A	A	412	4	0.95%	2	2	93	93	0.062049008635505214	1	1	359	53	3	1	+G
D11_BC47_191109_LF_LIB_consensus_vsearch	4097	A	*/-G	419	14	3.18%	2	1	93	93	5.485540608158622E-5	1	1	367	52	14	0	-G
D11_BC47_191109_LF_LIB_consensus_vsearch	4098	G	R	421	8	1.84%	2	1	93	93	0.0037797414596765903	1	1	365	56	8	0	A
D11_BC47_191109_LF_LIB_consensus_vsearch	4099	A	*/-G	424	9	2%	2	1	93	93	0.0018728240442215458	1	1	367	57	9	0	-G
D11_BC47_191109_LF_LIB_consensus_vsearch	4100	G	*/-A	393	20	4.52%	2	1	93	93	7.534883126777725E-7	1	1	337	56	20	0	-A
D11_BC47_191109_LF_LIB_consensus_vsearch	4101	A	A	405	2	0.49%	2	1	93	93	0.2496924969251474	1	1	349	56	2	0	+G
D11_BC47_191109_LF_LIB_consensus_vsearch	4102	G	*/+AG	407	17	3.95%	2	2	93	93	6.478169526462627E-6	1	1	352	55	16	1	+AG
D11_BC47_191109_LF_LIB_consensus_vsearch	4103	C	C	441	5	1.11%	2	2	93	93	0.030899862264693823	1	1	388	53	2	3	T
D11_BC47_191109_LF_LIB_consensus_vsearch	4104	T	T	440	5	1.11%	2	2	93	93	0.030899075890599485	1	1	388	52	1	4	C
D11_BC47_191109_LF_LIB_consensus_vsearch	4105	G	G	447	1	0.22%	2	1	93	93	0.5000000000008233	1	1	391	56	0	1	-TC
D11_BC47_191109_LF_LIB_consensus_vsearch	4106	T	T	442	3	0.67%	2	1	93	93	0.12457817772799688	1	1	389	53	3	0	-C
D11_BC47_191109_LF_LIB_consensus_vsearch	4107	C	C	439	2	0.45%	2	1	93	93	0.2497162315547306	1	1	384	55	2	0	+A
D11_BC47_191109_LF_LIB_consensus_vsearch	4108	G	G	443	3	0.67%	2	1	93	93	0.12457912457918291	1	1	388	55	3	0	-A
D11_BC47_191109_LF_LIB_consensus_vsearch	4109	A	A	437	6	1.35%	2	2	93	93	0.01536106891501191	1	1	383	54	5	1	G
D11_BC47_191109_LF_LIB_consensus_vsearch	4110	C	C	444	2	0.45%	2	2	93	93	0.24971941638606426	1	1	390	54	1	1	T
D11_BC47_191109_LF_LIB_consensus_vsearch	4111	G	R	421	24	5.38%	2	1	93	93	4.3344151298784234E-8	1	1	366	55	24	0	A
D11_BC47_191109_LF_LIB_consensus_vsearch	4112	G	G	446	2	0.44%	2	1	93	93	0.24972067039122897	1	1	393	53	0	2	-C
D11_BC47_191109_LF_LIB_consensus_vsearch	4113	C	C	434	5	1.12%	2	1	93	93	0.030894282456439635	1	1	388	46	0	5	T
D11_BC47_191109_LF_LIB_consensus_vsearch	4114	T	*/-G	426	11	2.47%	2	2	93	93	4.581495959366191E-4	1	1	385	41	2	9	-G
D11_BC47_191109_LF_LIB_consensus_vsearch	4115	G	R	422	7	1.61%	2	1	93	93	0.007622180052576428	1	1	383	39	7	0	A
D11_BC47_191109_LF_LIB_consensus_vsearch	4116	G	*/+A	431	9	2.01%	2	1	93	93	0.0018740875957096264	1	1	378	53	9	0	+A
D11_BC47_191109_LF_LIB_consensus_vsearch	4117	G	*/-C	383	62	13.78%	2	1	93	93	2.2078932079449726E-20	1	1	327	56	62	0	-C
D11_BC47_191109_LF_LIB_consensus_vsearch	4118	C	Y	378	7	1.81%	2	2	93	93	0.007600543705812317	1	1	326	52	4	3	T
D11_BC47_191109_LF_LIB_consensus_vsearch	4119	C	C	440	3	0.67%	2	2	93	93	0.1245762711863649	1	1	387	53	2	1	T
D11_BC47_191109_LF_LIB_consensus_vsearch	4120	C	Y	415	24	5.33%	2	2	93	93	4.3150629281374106E-8	1	1	381	34	5	19	T
D11_BC47_191109_LF_LIB_consensus_vsearch	4121	G	G	441	4	0.89%	2	1	93	93	0.062078415508149166	1	1	385	56	4	0	-A
D11_BC47_191109_LF_LIB_consensus_vsearch	4122	A	A	432	5	1.12%	2	1	93	93	0.03089265541177198	1	1	379	53	5	0	G
D11_BC47_191109_LF_LIB_consensus_vsearch	4123	C	*/-A	413	14	3.13%	2	2	93	93	5.4771858527024145E-5	1	1	361	52	12	2	-A
D11_BC47_191109_LF_LIB_consensus_vsearch	4124	A	A	428	1	0.23%	2	1	93	93	0.5000000000008233	1	1	375	53	1	0	+G
D11_BC47_191109_LF_LIB_consensus_vsearch	4125	A	R	437	7	1.56%	2	1	93	93	0.007628580447648388	1	1	382	55	7	0	G
D11_BC47_191109_LF_LIB_consensus_vsearch	4126	G	*/+C	427	8	1.79%	2	1	93	93	0.0037814732031268648	1	1	371	56	8	0	+C
D11_BC47_191109_LF_LIB_consensus_vsearch	4127	C	*/-G	418	16	3.57%	2	2	93	93	1.3255141377280018E-5	1	1	370	48	9	7	-G
D11_BC47_191109_LF_LIB_consensus_vsearch	4128	G	R	403	23	5.3%	2	1	93	93	8.786841289852207E-8	1	1	354	49	23	0	A
D11_BC47_191109_LF_LIB_consensus_vsearch	4129	G	R	426	13	2.89%	2	1	93	93	1.1154998599717698E-4	1	1	370	56	13	0	A
D11_BC47_191109_LF_LIB_consensus_vsearch	4130	G	K	436	10	2.22%	2	1	93	93	9.280135047051926E-4	1	1	381	55	10	0	T
D11_BC47_191109_LF_LIB_consensus_vsearch	4131	T	T	443	4	0.89%	2	2	93	93	0.06208030284174911	1	1	390	53	1	3	C
D11_BC47_191109_LF_LIB_consensus_vsearch	4132	G	G	443	3	0.67%	2	1	93	93	0.12457912457918291	1	1	387	56	3	0	A
D11_BC47_191109_LF_LIB_consensus_vsearch	4133	C	C	441	2	0.45%	2	1	93	93	0.24971751412472734	1	1	387	54	0	2	-T
D11_BC47_191109_LF_LIB_consensus_vsearch	4134	T	*/-C	330	109	24.44%	2	1	93	93	7.155901977224694E-37	1	1	278	52	109	0	-C
D11_BC47_191109_LF_LIB_consensus_vsearch	4135	C	C	333	2	0.59%	2	1	93	93	0.24962630792247645	1	1	277	56	2	0	+A
D11_BC47_191109_LF_LIB_consensus_vsearch	4136	C	C	432	4	0.89%	2	1	93	93	0.06206970811168755	1	1	379	53	4	0	A
D11_BC47_191109_LF_LIB_consensus_vsearch	4137	A	R	428	9	2.02%	2	2	93	93	0.0018735509751739627	1	1	377	51	8	1	G
D11_BC47_191109_LF_LIB_consensus_vsearch	4138	G	G	426	6	1.36%	2	1	93	93	0.015354364218716944	1	1	375	51	6	0	A
D11_BC47_191109_LF_LIB_consensus_vsearch	4139	T	T	431	3	0.68%	2	2	93	93	0.12456747404820136	1	1	380	51	2	1	C
D11_BC47_191109_LF_LIB_consensus_vsearch	4140	G	G	434	3	0.68%	2	1	93	93	0.12457044673541934	1	1	382	52	3	0	A
D11_BC47_191109_LF_LIB_consensus_vsearch	4141	A	A	445	1	0.22%	2	1	93	93	0.4999999999999138	1	1	389	56	1	0	-TCCG
D11_BC47_191109_LF_LIB_consensus_vsearch	4142	T	*/-C	430	8	1.79%	2	1	93	93	0.0037823214180042796	1	1	375	55	8	0	-C
D11_BC47_191109_LF_LIB_consensus_vsearch	4143	C	C	439	0	0%	2	0	93	0	1.0	1	0	383	56	0	0	
D11_BC47_191109_LF_LIB_consensus_vsearch	4144	C	C	442	2	0.45%	2	1	93	93	0.2497181510708481	1	1	389	53	0	2	T
D11_BC47_191109_LF_LIB_consensus_vsearch	4145	G	*/-C	416	24	5.38%	2	1	93	93	4.318319900019613E-8	1	1	360	56	24	0	-C
D11_BC47_191109_LF_LIB_consensus_vsearch	4146	C	C	419	3	0.71%	2	2	93	93	0.12455516014247174	1	1	365	54	1	2	+T
D11_BC47_191109_LF_LIB_consensus_vsearch	4147	C	C	443	2	0.45%	2	1	93	93	0.2497187851519112	1	1	388	55	2	0	+A
D11_BC47_191109_LF_LIB_consensus_vsearch	4148	C	C	436	5	1.12%	2	1	93	93	0.030895894751978216	1	1	387	49	0	5	T
D11_BC47_191109_LF_LIB_consensus_vsearch	4149	G	G	440	2	0.45%	2	2	93	93	0.2497168742917677	1	1	386	54	1	1	-C
D11_BC47_191109_LF_LIB_consensus_vsearch	4150	C	C	442	2	0.45%	2	1	93	93	0.2497181510708481	1	1	387	55	2	0	+GC
D11_BC47_191109_LF_LIB_consensus_vsearch	4151	C	C	444	2	0.45%	2	2	93	93	0.24971941638606426	1	1	391	53	1	1	-T
D11_BC47_191109_LF_LIB_consensus_vsearch	4152	T	*/+C	439	7	1.56%	2	1	93	93	0.00762940145447119	1	1	385	54	7	0	+C
D11_BC47_191109_LF_LIB_consensus_vsearch	4153	C	*/-T	431	12	2.67%	2	2	93	93	2.2639257424578987E-4	1	1	380	51	10	2	-T
D11_BC47_191109_LF_LIB_consensus_vsearch	4154	T	T	435	2	0.46%	2	1	93	93	0.24971363115699957	1	1	381	54	2	0	C
D11_BC47_191109_LF_LIB_consensus_vsearch	4155	G	G	447	2	0.44%	2	1	93	93	0.24972129319990002	1	1	391	56	2	0	-ATG
D11_BC47_191109_LF_LIB_consensus_vsearch	4156	A	A	445	2	0.45%	2	1	93	93	0.2497200447932722	1	1	389	56	2	0	G
D11_BC47_191109_LF_LIB_consensus_vsearch	4157	T	T	447	1	0.22%	2	1	93	93	0.5000000000008233	1	1	391	56	1	0	-G
D11_BC47_191109_LF_LIB_consensus_vsearch	4158	G	G	438	6	1.34%	2	1	93	93	0.01536166199729829	1	1	382	56	6	0	+T
D11_BC47_191109_LF_LIB_consensus_vsearch	4159	T	T	449	0	0%	2	0	93	0	1.0	1	0	393	56	0	0	
D11_BC47_191109_LF_LIB_consensus_vsearch	4160	T	T	445	3	0.67%	2	1	93	93	0.12458100558661131	1	1	389	56	3	0	C
D11_BC47_191109_LF_LIB_consensus_vsearch	4161	C	C	439	3	0.67%	2	1	93	93	0.12457531143833234	1	1	384	55	3	0	-G
D11_BC47_191109_LF_LIB_consensus_vsearch	4162	G	G	440	2	0.45%	2	1	93	93	0.2497168742917677	1	1	384	56	2	0	-A
D11_BC47_191109_LF_LIB_consensus_vsearch	4163	A	A	437	2	0.45%	2	1	93	93	0.24971493728629837	1	1	381	56	2	0	-C
D11_BC47_191109_LF_LIB_consensus_vsearch	4164	C	C	435	5	1.12%	2	2	93	93	0.030895090435182324	1	1	380	55	4	1	T
D11_BC47_191109_LF_LIB_consensus_vsearch	4165	T	*/-AC	429	16	3.58%	2	2	93	93	1.3302171151380651E-5	1	1	374	55	15	1	-AC
D11_BC47_191109_LF_LIB_consensus_vsearch	4166	A	A	424	3	0.7%	2	1	93	93	0.12456037514670402	1	1	369	55	3	0	G
D11_BC47_191109_LF_LIB_consensus_vsearch	4167	C	C	421	4	0.93%	2	1	93	93	0.06205856462850021	1	1	366	55	4	0	+A
D11_BC47_191109_LF_LIB_consensus_vsearch	4168	G	G	443	3	0.67%	2	1	93	93	0.12457912457918291	1	1	388	55	3	0	-A
D11_BC47_191109_LF_LIB_consensus_vsearch	4169	A	A	443	2	0.45%	2	1	93	93	0.2497187851519112	1	1	387	56	2	0	G
D11_BC47_191109_LF_LIB_consensus_vsearch	4170	A	A	446	3	0.67%	2	1	93	93	0.1245819397993151	1	1	390	56	3	0	G
D11_BC47_191109_LF_LIB_consensus_vsearch	4171	C	C	445	2	0.45%	2	1	93	93	0.2497200447932722	1	1	389	56	2	0	T
D11_BC47_191109_LF_LIB_consensus_vsearch	4172	G	*/-T	387	31	6.89%	2	2	93	93	2.613968009276449E-10	1	1	332	55	30	1	-T
D11_BC47_191109_LF_LIB_consensus_vsearch	4173	T	T	417	2	0.48%	2	1	93	93	0.24970131421759778	1	1	362	55	2	0	C
D11_BC47_191109_LF_LIB_consensus_vsearch	4174	T	T	449	1	0.22%	2	1	93	93	0.4999999999990043	1	1	393	56	1	0	C
D11_BC47_191109_LF_LIB_consensus_vsearch	4175	T	T	444	2	0.44%	2	1	93	93	0.24971941638606426	1	1	388	56	2	0	+G
D11_BC47_191109_LF_LIB_consensus_vsearch	4176	T	*/-A	435	9	2%	2	1	93	93	0.0018747919330438447	1	1	381	54	9	0	-A
D11_BC47_191109_LF_LIB_consensus_vsearch	4177	A	A	439	1	0.23%	2	1	93	93	0.5000000000008233	1	1	384	55	1	0	C
D11_BC47_191109_LF_LIB_consensus_vsearch	4178	A	R	429	19	4.22%	2	2	93	93	1.5696112350960334E-6	1	1	375	54	18	1	G
D11_BC47_191109_LF_LIB_consensus_vsearch	4179	C	C	435	5	1.12%	2	1	93	93	0.030895090435182324	1	1	381	54	5	0	-TGC
D11_BC47_191109_LF_LIB_consensus_vsearch	4180	T	T	431	3	0.68%	2	1	93	93	0.12456747404820136	1	1	377	54	3	0	C
D11_BC47_191109_LF_LIB_consensus_vsearch	4181	G	R	427	9	2.03%	2	1	93	93	0.0018733704789343226	1	1	373	54	9	0	A
D11_BC47_191109_LF_LIB_consensus_vsearch	4182	C	C	435	4	0.9%	2	2	93	93	0.06207265026891802	1	1	384	51	2	2	T
D11_BC47_191109_LF_LIB_consensus_vsearch	4183	A	A	444	1	0.22%	2	1	93	93	0.5000000000008233	1	1	388	56	1	0	+GC
D11_BC47_191109_LF_LIB_consensus_vsearch	4184	A	R	433	10	2.23%	2	2	93	93	9.276896125167864E-4	1	1	381	52	8	2	G
D11_BC47_191109_LF_LIB_consensus_vsearch	4185	C	C	438	6	1.33%	2	2	93	93	0.01536166199729829	1	1	388	50	3	3	T
D11_BC47_191109_LF_LIB_consensus_vsearch	4186	A	A	442	2	0.45%	2	1	93	93	0.2497181510708481	1	1	387	55	2	0	G
D11_BC47_191109_LF_LIB_consensus_vsearch	4187	A	R	432	8	1.79%	2	1	93	93	0.0037828805172695963	1	1	377	55	8	0	G
D11_BC47_191109_LF_LIB_consensus_vsearch	4188	C	C	442	1	0.23%	2	1	93	93	0.4999999999990043	1	1	387	55	1	0	+G
D11_BC47_191109_LF_LIB_consensus_vsearch	4189	C	C	436	5	1.11%	2	2	93	93	0.030895894751978216	1	1	384	52	2	3	T
D11_BC47_191109_LF_LIB_consensus_vsearch	4190	A	A	435	4	0.9%	2	1	93	93	0.06207265026891802	1	1	380	55	4	0	+C
D11_BC47_191109_LF_LIB_consensus_vsearch	4191	T	Y	434	8	1.79%	2	1	93	93	0.0037834345948323136	1	1	381	53	8	0	C
D11_BC47_191109_LF_LIB_consensus_vsearch	4192	A	A	441	2	0.45%	2	1	93	93	0.24971751412472734	1	1	387	54	2	0	C
D11_BC47_191109_LF_LIB_consensus_vsearch	4193	A	A	440	4	0.89%	2	1	93	93	0.06207746546158639	1	1	386	54	4	0	G
D11_BC47_191109_LF_LIB_consensus_vsearch	4194	T	T	442	4	0.89%	2	1	93	93	0.06207936129200334	1	1	388	54	4	0	C
D11_BC47_191109_LF_LIB_consensus_vsearch	4195	A	*/-TA	432	10	2.24%	2	1	93	93	9.275806861447792E-4	1	1	378	54	10	0	-TA
D11_BC47_191109_LF_LIB_consensus_vsearch	4196	T	T	427	4	0.92%	2	1	93	93	0.06206471344608787	1	1	373	54	4	0	-AC
D11_BC47_191109_LF_LIB_consensus_vsearch	4197	A	R	410	14	3.23%	2	2	93	93	5.472923269186134E-5	1	1	356	54	13	1	G
D11_BC47_191109_LF_LIB_consensus_vsearch	4198	C	C	438	2	0.45%	2	1	93	93	0.24971558589274387	1	1	384	54	2	0	-G
D11_BC47_191109_LF_LIB_consensus_vsearch	4199	G	G	444	1	0.22%	2	1	93	93	0.5000000000008233	1	1	391	53	0	1	+C
D11_BC47_191109_LF_LIB_consensus_vsearch	4200	C	C	442	2	0.45%	2	2	93	93	0.2497181510708481	1	1	389	53	1	1	+A
D11_BC47_191109_LF_LIB_consensus_vsearch	4201	T	T	442	3	0.67%	2	1	93	93	0.12457817772799688	1	1	392	50	0	3	C
D11_BC47_191109_LF_LIB_consensus_vsearch	4202	G	G	438	3	0.67%	2	1	93	93	0.12457434733248252	1	1	386	52	3	0	+T
D11_BC47_191109_LF_LIB_consensus_vsearch	4203	T	T	439	2	0.45%	2	1	93	93	0.2497162315547306	1	1	388	51	0	2	C
D11_BC47_191109_LF_LIB_consensus_vsearch	4204	T	*/-G	432	10	2.24%	2	2	93	93	9.275806861447792E-4	1	1	387	45	1	9	-G
D11_BC47_191109_LF_LIB_consensus_vsearch	4205	G	G	432	3	0.69%	2	1	93	93	0.12456846950514457	1	1	386	46	3	0	A
D11_BC47_191109_LF_LIB_consensus_vsearch	4206	G	*/-A	424	21	4.69%	2	1	93	93	3.745160444570394E-7	1	1	370	54	21	0	-A
D11_BC47_191109_LF_LIB_consensus_vsearch	4207	A	A	420	2	0.47%	2	1	93	93	0.24970344009506698	1	1	367	53	2	0	-G
D11_BC47_191109_LF_LIB_consensus_vsearch	4208	G	G	436	4	0.9%	2	2	93	93	0.0620736220670793	1	1	386	50	1	3	-C
D11_BC47_191109_LF_LIB_consensus_vsearch	4209	C	C	440	2	0.45%	2	2	93	93	0.2497168742917677	1	1	390	50	1	1	T
D11_BC47_191109_LF_LIB_consensus_vsearch	4210	T	*/-G	436	7	1.56%	2	2	93	93	0.007628167177128368	1	1	386	50	4	3	-G
D11_BC47_191109_LF_LIB_consensus_vsearch	4211	G	G	438	3	0.68%	2	1	93	93	0.12457434733248252	1	1	389	49	0	3	T
D11_BC47_191109_LF_LIB_consensus_vsearch	4212	G	G	438	5	1.12%	2	1	93	93	0.03089749249800421	1	1	385	53	5	0	-A
D11_BC47_191109_LF_LIB_consensus_vsearch	4213	A	A	437	4	0.9%	2	1	93	93	0.062074589455845104	1	1	382	55	4	0	G
D11_BC47_191109_LF_LIB_consensus_vsearch	4214	A	A	440	5	1.12%	2	2	93	93	0.030899075890599485	1	1	388	52	3	2	-T
D11_BC47_191109_LF_LIB_consensus_vsearch	4215	T	T	437	5	1.13%	2	1	93	93	0.03089669543126854	1	1	384	53	5	0	G
D11_BC47_191109_LF_LIB_consensus_vsearch	4216	T	T	437	4	0.89%	2	2	93	93	0.062074589455845104	1	1	385	52	2	2	C
D11_BC47_191109_LF_LIB_consensus_vsearch	4217	A	*/-C	429	7	1.57%	2	1	93	93	0.007625221451403564	1	1	376	53	7	0	-C
D11_BC47_191109_LF_LIB_consensus_vsearch	4218	C	C	433	3	0.68%	2	1	93	93	0.12456946039042152	1	1	383	50	0	3	T
D11_BC47_191109_LF_LIB_consensus_vsearch	4219	C	C	434	6	1.35%	2	2	93	93	0.015359273530652235	1	1	384	50	2	4	T
D11_BC47_191109_LF_LIB_consensus_vsearch	4220	G	G	437	6	1.34%	2	1	93	93	0.01536106891501191	1	1	384	53	6	0	A
D11_BC47_191109_LF_LIB_consensus_vsearch	4221	C	C	429	5	1.12%	2	2	93	93	0.030890186744528703	1	1	382	47	4	1	T
D11_BC47_191109_LF_LIB_consensus_vsearch	4222	G	R	431	7	1.59%	2	1	93	93	0.007626072650234986	1	1	381	50	7	0	A
D11_BC47_191109_LF_LIB_consensus_vsearch	4223	G	R	435	9	2.02%	2	2	93	93	0.0018747919330438447	1	1	382	53	7	2	A
D11_BC47_191109_LF_LIB_consensus_vsearch	4224	C	C	440	3	0.67%	2	1	93	93	0.1245762711863649	1	1	388	52	0	3	T
D11_BC47_191109_LF_LIB_consensus_vsearch	4225	T	T	440	3	0.67%	2	1	93	93	0.1245762711863649	1	1	385	55	3	0	-G
D11_BC47_191109_LF_LIB_consensus_vsearch	4226	G	G	435	6	1.35%	2	2	93	93	0.015359874699953162	1	1	381	54	5	1	A
D11_BC47_191109_LF_LIB_consensus_vsearch	4227	C	C	430	5	1.13%	2	2	93	93	0.030891013414769866	1	1	377	53	3	2	T
D11_BC47_191109_LF_LIB_consensus_vsearch	4228	T	T	429	5	1.13%	2	1	93	93	0.030890186744528703	1	1	375	54	5	0	-G
D11_BC47_191109_LF_LIB_consensus_vsearch	4229	G	G	432	2	0.46%	2	1	93	93	0.2497116493653279	1	1	377	55	2	0	A
D11_BC47_191109_LF_LIB_consensus_vsearch	4230	G	G	438	2	0.45%	2	1	93	93	0.24971558589274387	1	1	384	54	2	0	A
D11_BC47_191109_LF_LIB_consensus_vsearch	4231	C	*/-A	396	31	7%	2	1	93	93	2.647183874018088E-10	1	1	343	53	31	0	-A
D11_BC47_191109_LF_LIB_consensus_vsearch	4232	A	R	376	13	3.15%	2	1	93	93	1.1024427063015114E-4	1	1	321	55	13	0	G
D11_BC47_191109_LF_LIB_consensus_vsearch	4233	C	S	383	30	6.99%	2	1	93	93	5.393375687265035E-10	1	1	328	55	30	0	G
D11_BC47_191109_LF_LIB_consensus_vsearch	4234	C	C	428	6	1.35%	2	2	93	93	0.015355608474412826	1	1	375	53	5	1	T
D11_BC47_191109_LF_LIB_consensus_vsearch	4235	A	R	430	7	1.58%	2	1	93	93	0.007625648020175149	1	1	375	55	7	0	G
D11_BC47_191109_LF_LIB_consensus_vsearch	4236	G	G	440	2	0.45%	2	1	93	93	0.2497168742917677	1	1	385	55	2	0	-AC
D11_BC47_191109_LF_LIB_consensus_vsearch	4237	A	A	440	3	0.67%	2	1	93	93	0.1245762711863649	1	1	387	53	3	0	G
D11_BC47_191109_LF_LIB_consensus_vsearch	4238	C	*/-TT	425	9	2.02%	2	1	93	93	0.0018730070190884252	1	1	373	52	9	0	-TT
D11_BC47_191109_LF_LIB_consensus_vsearch	4239	T	T	429	1	0.23%	2	1	93	93	0.4999999999999138	1	1	377	52	0	1	+C
D11_BC47_191109_LF_LIB_consensus_vsearch	4240	T	T	429	3	0.68%	2	1	93	93	0.12456546929309553	1	1	377	52	3	0	C
D11_BC47_191109_LF_LIB_consensus_vsearch	4241	G	*/-C	417	20	4.49%	2	1	93	93	7.63528734201053E-7	1	1	363	54	20	0	-C
D11_BC47_191109_LF_LIB_consensus_vsearch	4242	C	C	417	3	0.71%	2	1	93	93	0.12455303933245657	1	1	367	50	0	3	+T
D11_BC47_191109_LF_LIB_consensus_vsearch	4243	C	*/+A	423	9	2.02%	2	1	93	93	0.0018726402317850155	1	1	372	51	9	0	+A
D11_BC47_191109_LF_LIB_consensus_vsearch	4244	C	*/-T	423	10	2.24%	2	2	93	93	9.26578056881533E-4	1	1	371	52	8	2	-T
D11_BC47_191109_LF_LIB_consensus_vsearch	4245	T	*/+C	213	213	49.08%	2	2	93	93	1.7869900747255083E-80	1	1	211	2	164	49	+C
D11_BC47_191109_LF_LIB_consensus_vsearch	4246	C	C	440	1	0.23%	2	1	93	93	0.4999999999999138	1	1	387	53	1	0	+A
D11_BC47_191109_LF_LIB_consensus_vsearch	4247	A	A	436	6	1.35%	2	2	93	93	0.01536047315528176	1	1	383	53	4	2	C
D11_BC47_191109_LF_LIB_consensus_vsearch	4248	A	A	437	3	0.67%	2	1	93	93	0.12457337883968563	1	1	383	54	3	0	G
D11_BC47_191109_LF_LIB_consensus_vsearch	4249	T	T	435	5	1.13%	2	2	93	93	0.030895090435182324	1	1	383	52	3	2	C
D11_BC47_191109_LF_LIB_consensus_vsearch	4250	A	R	429	11	2.47%	2	1	93	93	4.5835102222652706E-4	1	1	374	55	11	0	G
D11_BC47_191109_LF_LIB_consensus_vsearch	4251	G	G	437	4	0.9%	2	1	93	93	0.062074589455845104	1	1	382	55	4	0	+T
D11_BC47_191109_LF_LIB_consensus_vsearch	4252	T	T	446	0	0%	2	0	93	0	1.0	1	0	391	55	0	0	
D11_BC47_191109_LF_LIB_consensus_vsearch	4253	T	*/-C	429	10	2.24%	2	1	93	93	9.272509747675099E-4	1	1	376	53	10	0	-C
D11_BC47_191109_LF_LIB_consensus_vsearch	4254	C	C	434	2	0.46%	2	1	93	93	0.24971297359331265	1	1	379	55	2	0	+A
D11_BC47_191109_LF_LIB_consensus_vsearch	4255	C	C	444	2	0.45%	2	1	93	93	0.24971941638606426	1	1	389	55	2	0	+AC
D11_BC47_191109_LF_LIB_consensus_vsearch	4256	T	T	437	4	0.9%	2	1	93	93	0.062074589455845104	1	1	383	54	4	0	+C
D11_BC47_191109_LF_LIB_consensus_vsearch	4257	C	C	442	2	0.45%	2	1	93	93	0.2497181510708481	1	1	388	54	2	0	T
D11_BC47_191109_LF_LIB_consensus_vsearch	4258	A	A	444	2	0.45%	2	1	93	93	0.24971941638606426	1	1	389	55	2	0	G
D11_BC47_191109_LF_LIB_consensus_vsearch	4259	A	R	433	14	3.13%	2	2	93	93	5.504195157141449E-5	1	1	379	54	13	1	G
D11_BC47_191109_LF_LIB_consensus_vsearch	4260	C	*/-AC	403	38	8.5%	2	1	93	93	1.5820311769878004E-12	1	1	348	55	38	0	-AC
D11_BC47_191109_LF_LIB_consensus_vsearch	4261	A	A	399	2	0.49%	2	1	93	93	0.24968789013733722	1	1	345	54	2	0	C
D11_BC47_191109_LF_LIB_consensus_vsearch	4262	C	C	398	5	1.23%	2	1	93	93	0.030862526395586183	1	1	345	53	5	0	+AC
D11_BC47_191109_LF_LIB_consensus_vsearch	4263	G	G	431	6	1.35%	2	2	93	93	0.015357453553398438	1	1	383	48	1	5	-TG
D11_BC47_191109_LF_LIB_consensus_vsearch	4264	T	T	431	4	0.91%	2	1	93	93	0.06206871836935933	1	1	383	48	4	0	C
D11_BC47_191109_LF_LIB_consensus_vsearch	4265	G	G	434	4	0.91%	2	1	93	93	0.062071674030406296	1	1	384	50	4	0	-A
D11_BC47_191109_LF_LIB_consensus_vsearch	4266	A	*/-T	423	11	2.49%	2	2	93	93	4.5794544103178105E-4	1	1	371	52	10	1	-T
D11_BC47_191109_LF_LIB_consensus_vsearch	4267	T	T	434	1	0.23%	2	1	93	93	0.4999999999999138	1	1	380	54	1	0	G
D11_BC47_191109_LF_LIB_consensus_vsearch	4268	T	T	445	1	0.22%	2	1	93	93	0.4999999999999138	1	1	390	55	1	0	C
D11_BC47_191109_LF_LIB_consensus_vsearch	4269	T	T	434	5	1.12%	2	2	93	93	0.030894282456439635	1	1	384	50	4	1	C
D11_BC47_191109_LF_LIB_consensus_vsearch	4270	G	R	429	12	2.7%	2	1	93	93	2.2631406886309665E-4	1	1	376	53	12	0	A
D11_BC47_191109_LF_LIB_consensus_vsearch	4271	G	G	443	3	0.67%	2	1	93	93	0.12457912457918291	1	1	388	55	3	0	A
D11_BC47_191109_LF_LIB_consensus_vsearch	4272	G	G	441	4	0.89%	2	1	93	93	0.062078415508149166	1	1	386	55	4	0	-A
D11_BC47_191109_LF_LIB_consensus_vsearch	4273	A	A	435	3	0.68%	2	1	93	93	0.12457142857152662	1	1	380	55	3	0	G
D11_BC47_191109_LF_LIB_consensus_vsearch	4274	C	C	436	4	0.9%	2	1	93	93	0.0620736220670793	1	1	382	54	4	0	T
D11_BC47_191109_LF_LIB_consensus_vsearch	4275	T	T	439	2	0.45%	2	1	93	93	0.2497162315547306	1	1	387	52	2	0	C
D11_BC47_191109_LF_LIB_consensus_vsearch	4276	A	A	442	2	0.45%	2	1	93	93	0.2497181510708481	1	1	390	52	0	2	G
D11_BC47_191109_LF_LIB_consensus_vsearch	4277	T	T	437	3	0.67%	2	1	93	93	0.12457337883968563	1	1	387	50	0	3	-C
D11_BC47_191109_LF_LIB_consensus_vsearch	4278	C	*/-TC	432	9	2.03%	2	1	93	93	0.001874264864679625	1	1	381	51	9	0	-TC
D11_BC47_191109_LF_LIB_consensus_vsearch	4279	T	T	434	3	0.69%	2	2	93	93	0.12457044673541934	1	1	381	53	2	1	-C
D11_BC47_191109_LF_LIB_consensus_vsearch	4280	C	C	419	5	1.15%	2	1	93	93	0.03088170570687224	1	1	368	51	5	0	+TC
D11_BC47_191109_LF_LIB_consensus_vsearch	4281	A	*/+T	380	46	10.34%	2	2	93	93	3.935358685642849E-15	1	1	343	37	34	12	+T
D11_BC47_191109_LF_LIB_consensus_vsearch	4282	T	T	433	3	0.68%	2	1	93	93	0.12456946039042152	1	1	388	45	0	3	+C
D11_BC47_191109_LF_LIB_consensus_vsearch	4283	T	*/-C	375	68	15.21%	2	2	93	93	2.0887416742238303E-22	1	1	324	51	66	2	-C
D11_BC47_191109_LF_LIB_consensus_vsearch	4284	C	Y	361	17	4.5%	2	2	93	93	6.3476538871401614E-6	1	1	312	49	13	4	T
D11_BC47_191109_LF_LIB_consensus_vsearch	4285	C	*/-A	421	9	2.02%	2	2	93	93	0.0018722700711233777	1	1	375	46	4	5	-A
D11_BC47_191109_LF_LIB_consensus_vsearch	4286	A	*/+G	421	11	2.54%	2	1	93	93	4.5780779436953333E-4	1	1	372	49	11	0	+G
D11_BC47_191109_LF_LIB_consensus_vsearch	4287	A	*/-T	425	9	2.04%	2	1	93	93	0.0018730070190884252	1	1	371	54	9	0	-T
D11_BC47_191109_LF_LIB_consensus_vsearch	4288	T	T	419	5	1.15%	2	1	93	93	0.03088170570687224	1	1	369	50	0	5	C
D11_BC47_191109_LF_LIB_consensus_vsearch	4289	T	*/+A	395	21	4.73%	2	1	93	93	3.6810476750993E-7	1	1	343	52	21	0	+A
D11_BC47_191109_LF_LIB_consensus_vsearch	4290	A	*/-G	375	44	9.95%	2	2	93	93	1.727083829837631E-14	1	1	335	40	31	13	-G
D11_BC47_191109_LF_LIB_consensus_vsearch	4291	G	R	382	10	2.54%	2	1	93	93	9.214378424824657E-4	1	1	340	42	10	0	A
D11_BC47_191109_LF_LIB_consensus_vsearch	4292	G	R	417	20	4.57%	2	1	93	93	7.63528734201053E-7	1	1	362	55	20	0	A
D11_BC47_191109_LF_LIB_consensus_vsearch	4293	G	*/-A	405	19	4.25%	2	1	93	93	1.552006856145756E-6	1	1	354	51	19	0	-A
D11_BC47_191109_LF_LIB_consensus_vsearch	4294	A	A	409	2	0.49%	2	1	93	93	0.24969549330043053	1	1	354	55	2	0	G
D11_BC47_191109_LF_LIB_consensus_vsearch	4295	A	*/-C	381	22	5.1%	2	2	93	93	1.7760039701324427E-7	1	1	328	53	21	1	-C
D11_BC47_191109_LF_LIB_consensus_vsearch	4296	C	C	385	3	0.77%	2	1	93	93	0.12451612903217696	1	1	334	51	0	3	+T
D11_BC47_191109_LF_LIB_consensus_vsearch	4297	C	S	406	11	2.62%	2	1	93	93	4.5673424053118783E-4	1	1	352	54	11	0	G
D11_BC47_191109_LF_LIB_consensus_vsearch	4298	C	*/-A	298	103	23.2%	2	2	93	93	5.257025954825521E-35	1	1	247	51	101	2	-A
D11_BC47_191109_LF_LIB_consensus_vsearch	4299	A	A	327	2	0.61%	2	2	93	93	0.24961948249601232	1	1	276	51	1	1	G
D11_BC47_191109_LF_LIB_consensus_vsearch	4300	A	R	423	7	1.62%	2	1	93	93	0.007622620571895094	1	1	369	54	7	0	G
D11_BC47_191109_LF_LIB_consensus_vsearch	4301	A	*/-G	407	20	4.49%	2	2	93	93	7.594696420327181E-7	1	1	357	50	16	4	-G
D11_BC47_191109_LF_LIB_consensus_vsearch	4302	G	G	417	3	0.71%	2	1	93	93	0.12455303933245657	1	1	367	50	3	0	+A
D11_BC47_191109_LF_LIB_consensus_vsearch	4303	G	G	435	5	1.13%	2	1	93	93	0.030895090435182324	1	1	381	54	5	0	+A
D11_BC47_191109_LF_LIB_consensus_vsearch	4304	G	R	433	7	1.57%	2	1	93	93	0.0076269161468125015	1	1	380	53	7	0	A
D11_BC47_191109_LF_LIB_consensus_vsearch	4305	C	C	433	4	0.9%	2	2	93	93	0.06207069332172113	1	1	383	50	1	3	-T
D11_BC47_191109_LF_LIB_consensus_vsearch	4306	T	*/-C	361	57	13.04%	2	2	93	93	8.939374028852226E-19	1	1	327	34	45	12	-C
D11_BC47_191109_LF_LIB_consensus_vsearch	4307	C	C	375	1	0.27%	2	1	93	93	0.5000000000003686	1	1	335	40	0	1	T
D11_BC47_191109_LF_LIB_consensus_vsearch	4308	C	C	437	0	0%	2	0	93	0	1.0	1	0	383	54	0	0	
D11_BC47_191109_LF_LIB_consensus_vsearch	4309	C	C	438	4	0.9%	2	2	93	93	0.0620755524648183	1	1	384	54	3	1	T
D11_BC47_191109_LF_LIB_consensus_vsearch	4310	C	C	437	2	0.45%	2	2	93	93	0.24971493728629837	1	1	384	53	1	1	G
D11_BC47_191109_LF_LIB_consensus_vsearch	4311	A	A	437	2	0.45%	2	1	93	93	0.24971493728629837	1	1	383	54	2	0	-T
D11_BC47_191109_LF_LIB_consensus_vsearch	4312	T	T	437	2	0.45%	2	1	93	93	0.24971493728629837	1	1	383	54	2	0	+G
D11_BC47_191109_LF_LIB_consensus_vsearch	4313	T	*/+G	428	8	1.8%	2	2	93	93	0.0037817572285023734	1	1	381	47	1	7	+G
D11_BC47_191109_LF_LIB_consensus_vsearch	4314	G	G	436	4	0.91%	2	1	93	93	0.0620736220670793	1	1	382	54	4	0	-A
D11_BC47_191109_LF_LIB_consensus_vsearch	4315	A	A	432	5	1.13%	2	1	93	93	0.03089265541177198	1	1	379	53	5	0	+T
D11_BC47_191109_LF_LIB_consensus_vsearch	4316	T	*/+A	402	19	4.26%	2	1	93	93	1.5496769250713886E-6	1	1	348	54	19	0	+A
D11_BC47_191109_LF_LIB_consensus_vsearch	4317	A	*/-G	389	45	10.25%	2	1	93	93	8.536765887901819E-15	1	1	335	54	45	0	-G
D11_BC47_191109_LF_LIB_consensus_vsearch	4318	G	*/+A	311	52	12.97%	2	1	93	93	3.103340785112158E-17	1	1	257	54	52	0	+A
D11_BC47_191109_LF_LIB_consensus_vsearch	4319	G	*/+C	382	19	4.26%	2	1	93	93	1.5333310267608091E-6	1	1	327	55	19	0	+C
D11_BC47_191109_LF_LIB_consensus_vsearch	4320	T	Y	401	26	5.99%	2	1	93	93	1.0065383440575144E-8	1	1	347	54	26	0	C
D11_BC47_191109_LF_LIB_consensus_vsearch	4321	A	A	420	5	1.15%	2	1	93	93	0.030882571759557657	1	1	365	55	5	0	G
D11_BC47_191109_LF_LIB_consensus_vsearch	4322	C	C	431	2	0.46%	2	1	93	93	0.24971098265883573	1	1	377	54	2	0	+T
D11_BC47_191109_LF_LIB_consensus_vsearch	4323	T	T	428	3	0.68%	2	2	93	93	0.12456445993035366	1	1	374	54	2	1	+C
D11_BC47_191109_LF_LIB_consensus_vsearch	4324	G	R	420	16	3.62%	2	1	93	93	1.3263859391341419E-5	1	1	367	53	16	0	A
D11_BC47_191109_LF_LIB_consensus_vsearch	4325	T	*/-C	427	8	1.81%	2	2	93	93	0.0037814732031268648	1	1	373	54	7	1	-C
D11_BC47_191109_LF_LIB_consensus_vsearch	4326	C	*/-AC	417	10	2.3%	2	1	93	93	9.258865234089794E-4	1	1	364	53	10	0	-AC
D11_BC47_191109_LF_LIB_consensus_vsearch	4327	A	A	422	4	0.93%	2	2	93	93	0.062059601466603075	1	1	368	54	3	1	G
D11_BC47_191109_LF_LIB_consensus_vsearch	4328	C	C	421	4	0.92%	2	2	93	93	0.06205856462850021	1	1	368	53	2	2	-TAC
D11_BC47_191109_LF_LIB_consensus_vsearch	4329	T	T	438	1	0.23%	2	1	93	93	0.4999999999999138	1	1	385	53	1	0	+GC
D11_BC47_191109_LF_LIB_consensus_vsearch	4330	A	R	420	12	2.73%	2	1	93	93	2.2595202981245667E-4	1	1	368	52	12	0	G
D11_BC47_191109_LF_LIB_consensus_vsearch	4331	C	*/+A	416	9	2.08%	2	1	93	93	0.001871329602106588	1	1	367	49	9	0	+A
D11_BC47_191109_LF_LIB_consensus_vsearch	4332	C	C	433	3	0.68%	2	1	93	93	0.12456946039042152	1	1	387	46	0	3	-TCC
D11_BC47_191109_LF_LIB_consensus_vsearch	4333	T	*/-C	399	22	5.05%	2	1	93	93	1.7991060895133482E-7	1	1	350	49	22	0	-C
D11_BC47_191109_LF_LIB_consensus_vsearch	4334	C	C	411	2	0.48%	2	2	93	93	0.24969696969696092	1	1	362	49	1	1	+TC
D11_BC47_191109_LF_LIB_consensus_vsearch	4335	C	C	433	3	0.68%	2	2	93	93	0.12456946039042152	1	1	384	49	1	2	-G
D11_BC47_191109_LF_LIB_consensus_vsearch	4336	G	R	429	12	2.72%	2	1	93	93	2.2631406886309665E-4	1	1	376	53	12	0	A
D11_BC47_191109_LF_LIB_consensus_vsearch	4337	G	G	440	2	0.45%	2	1	93	93	0.2497168742917677	1	1	385	55	2	0	+C
D11_BC47_191109_LF_LIB_consensus_vsearch	4338	C	C	439	3	0.68%	2	1	93	93	0.12457531143833234	1	1	384	55	3	0	-A
D11_BC47_191109_LF_LIB_consensus_vsearch	4339	A	A	440	1	0.23%	2	1	93	93	0.4999999999999138	1	1	385	55	1	0	T
D11_BC47_191109_LF_LIB_consensus_vsearch	4340	A	A	436	4	0.9%	2	1	93	93	0.0620736220670793	1	1	381	55	4	0	G
D11_BC47_191109_LF_LIB_consensus_vsearch	4341	T	T	445	0	0%	2	0	93	0	1.0	1	0	390	55	0	0	
D11_BC47_191109_LF_LIB_consensus_vsearch	4342	G	G	438	5	1.12%	2	1	93	93	0.03089749249800421	1	1	384	54	5	0	A
D11_BC47_191109_LF_LIB_consensus_vsearch	4343	C	C	442	1	0.23%	2	1	93	93	0.4999999999990043	1	1	388	54	1	0	+TGC
D11_BC47_191109_LF_LIB_consensus_vsearch	4344	C	C	436	4	0.9%	2	1	93	93	0.0620736220670793	1	1	385	51	4	0	+A
D11_BC47_191109_LF_LIB_consensus_vsearch	4345	G	*/-A	430	11	2.48%	2	1	93	93	4.584175673957473E-4	1	1	377	53	11	0	-A
D11_BC47_191109_LF_LIB_consensus_vsearch	4346	A	A	427	6	1.38%	2	1	93	93	0.015354987779940706	1	1	373	54	6	0	G
D11_BC47_191109_LF_LIB_consensus_vsearch	4347	T	K	435	7	1.57%	2	1	93	93	0.007627752045228881	1	1	380	55	7	0	G
D11_BC47_191109_LF_LIB_consensus_vsearch	4348	T	T	430	5	1.12%	2	2	93	93	0.030891013414769866	1	1	381	49	4	1	-G
D11_BC47_191109_LF_LIB_consensus_vsearch	4349	G	R	419	14	3.21%	2	1	93	93	5.485540608158622E-5	1	1	368	51	14	0	A
D11_BC47_191109_LF_LIB_consensus_vsearch	4350	G	G	431	4	0.91%	2	1	93	93	0.06206871836935933	1	1	379	52	4	0	+A
D11_BC47_191109_LF_LIB_consensus_vsearch	4351	G	G	438	2	0.45%	2	1	93	93	0.24971558589274387	1	1	383	55	2	0	-TA
D11_BC47_191109_LF_LIB_consensus_vsearch	4352	T	*/-A	419	8	1.81%	2	1	93	93	0.0037791534811211507	1	1	367	52	8	0	-A
D11_BC47_191109_LF_LIB_consensus_vsearch	4353	A	A	424	2	0.47%	2	1	93	93	0.24970622796748032	1	1	369	55	2	0	G
D11_BC47_191109_LF_LIB_consensus_vsearch	4354	A	*/-T	328	106	24.2%	2	1	93	93	8.14691144193949E-36	1	1	275	53	106	0	-T
D11_BC47_191109_LF_LIB_consensus_vsearch	4355	T	T	332	2	0.6%	2	1	93	93	0.24962518740646034	1	1	277	55	2	0	G
D11_BC47_191109_LF_LIB_consensus_vsearch	4356	T	T	433	4	0.91%	2	1	93	93	0.06207069332172113	1	1	379	54	4	0	G
D11_BC47_191109_LF_LIB_consensus_vsearch	4357	T	T	434	6	1.35%	2	1	93	93	0.015359273530652235	1	1	380	54	6	0	-G
D11_BC47_191109_LF_LIB_consensus_vsearch	4358	G	G	437	2	0.46%	2	1	93	93	0.24971493728629837	1	1	382	55	2	0	A
D11_BC47_191109_LF_LIB_consensus_vsearch	4359	C	C	435	4	0.9%	2	1	93	93	0.06207265026891802	1	1	382	53	4	0	A
D11_BC47_191109_LF_LIB_consensus_vsearch	4360	G	G	441	2	0.45%	2	1	93	93	0.24971751412472734	1	1	386	55	2	0	A
D11_BC47_191109_LF_LIB_consensus_vsearch	4361	C	*/-GC	385	50	11.29%	2	2	93	93	1.9939230143501665E-16	1	1	338	47	43	7	-GC
D11_BC47_191109_LF_LIB_consensus_vsearch	4362	G	G	382	3	0.77%	2	1	93	93	0.12451235370608407	1	1	336	46	3	0	-C
D11_BC47_191109_LF_LIB_consensus_vsearch	4363	C	C	382	4	1.03%	2	2	93	93	0.06201393491983747	1	1	337	45	3	1	T
D11_BC47_191109_LF_LIB_consensus_vsearch	4364	C	C	434	3	0.68%	2	1	93	93	0.12457044673541934	1	1	381	53	3	0	T
D11_BC47_191109_LF_LIB_consensus_vsearch	4365	T	T	435	1	0.23%	2	1	93	93	0.5000000000008233	1	1	382	53	1	0	+A
D11_BC47_191109_LF_LIB_consensus_vsearch	4366	G	G	435	2	0.45%	2	1	93	93	0.24971363115699957	1	1	381	54	2	0	A
D11_BC47_191109_LF_LIB_consensus_vsearch	4367	C	*/-T	421	8	1.81%	2	1	93	93	0.0037797414596765903	1	1	368	53	8	0	-T
D11_BC47_191109_LF_LIB_consensus_vsearch	4368	T	T	422	2	0.47%	2	1	93	93	0.2497048406136616	1	1	369	53	2	0	-GCCT
D11_BC47_191109_LF_LIB_consensus_vsearch	4369	G	*/-C	387	31	7.16%	2	1	93	93	2.613968009276449E-10	1	1	334	53	31	0	-C
D11_BC47_191109_LF_LIB_consensus_vsearch	4370	C	*/+G	359	34	8.44%	2	1	93	93	2.7612151926630605E-11	1	1	305	54	34	0	+G
D11_BC47_191109_LF_LIB_consensus_vsearch	4371	C	C	423	6	1.36%	2	2	93	93	0.015352476134252922	1	1	371	52	4	2	+T
D11_BC47_191109_LF_LIB_consensus_vsearch	4372	T	T	428	3	0.69%	2	1	93	93	0.12456445993035366	1	1	377	51	0	3	+C
D11_BC47_191109_LF_LIB_consensus_vsearch	4373	T	*/-C	379	44	9.91%	2	2	93	93	1.7477368776577908E-14	1	1	328	51	41	3	-C
D11_BC47_191109_LF_LIB_consensus_vsearch	4374	C	*/+G	336	43	10.94%	2	1	93	93	3.2157659232278513E-14	1	1	285	51	43	0	+G
D11_BC47_191109_LF_LIB_consensus_vsearch	4375	C	*/-T	392	19	4.35%	2	2	93	93	1.5416858094341868E-6	1	1	347	45	12	7	-T
D11_BC47_191109_LF_LIB_consensus_vsearch	4376	T	W	338	44	10.71%	2	2	93	93	1.5279701815830307E-14	1	1	294	44	43	1	A
D11_BC47_191109_LF_LIB_consensus_vsearch	4377	T	Y	389	24	5.58%	2	2	93	93	4.2256545080367085E-8	1	1	353	36	20	4	C
D11_BC47_191109_LF_LIB_consensus_vsearch	4378	G	G	420	6	1.4%	2	1	93	93	0.01535056152092204	1	1	380	40	6	0	A
D11_BC47_191109_LF_LIB_consensus_vsearch	4379	G	G	436	6	1.35%	2	1	93	93	0.01536047315528176	1	1	382	54	6	0	A
D11_BC47_191109_LF_LIB_consensus_vsearch	4380	A	A	442	0	0%	2	0	93	0	1.0	1	0	388	54	0	0	
D11_BC47_191109_LF_LIB_consensus_vsearch	4381	T	T	432	3	0.68%	2	1	93	93	0.12456846950514457	1	1	379	53	3	0	+C
D11_BC47_191109_LF_LIB_consensus_vsearch	4382	G	G	428	3	0.68%	2	1	93	93	0.12456445993035366	1	1	375	53	3	0	+C
D11_BC47_191109_LF_LIB_consensus_vsearch	4383	T	T	429	5	1.13%	2	2	93	93	0.030890186744528703	1	1	376	53	4	1	C
D11_BC47_191109_LF_LIB_consensus_vsearch	4384	A	R	428	7	1.59%	2	1	93	93	0.007624792930600719	1	1	374	54	7	0	G
D11_BC47_191109_LF_LIB_consensus_vsearch	4385	G	K	421	8	1.81%	2	1	93	93	0.0037797414596765903	1	1	370	51	8	0	T
D11_BC47_191109_LF_LIB_consensus_vsearch	4386	T	T	426	5	1.14%	2	2	93	93	0.0308876837313223	1	1	377	49	3	2	C
D11_BC47_191109_LF_LIB_consensus_vsearch	4387	A	A	429	4	0.92%	2	1	93	93	0.062066725162242674	1	1	377	52	4	0	G
D11_BC47_191109_LF_LIB_consensus_vsearch	4388	G	G	432	4	0.91%	2	2	93	93	0.06206970811168755	1	1	381	51	3	1	-C
D11_BC47_191109_LF_LIB_consensus_vsearch	4389	C	C	433	3	0.68%	2	2	93	93	0.12456946039042152	1	1	381	52	2	1	A
D11_BC47_191109_LF_LIB_consensus_vsearch	4390	C	C	432	6	1.35%	2	2	93	93	0.015358062976156805	1	1	380	52	4	2	T
D11_BC47_191109_LF_LIB_consensus_vsearch	4391	G	G	433	4	0.9%	2	1	93	93	0.06207069332172113	1	1	379	54	4	0	A
D11_BC47_191109_LF_LIB_consensus_vsearch	4392	T	*/-GT	431	8	1.81%	2	2	93	93	0.003782601599602771	1	1	383	48	4	4	-GT
D11_BC47_191109_LF_LIB_consensus_vsearch	4393	G	G	428	3	0.69%	2	2	93	93	0.12456445993035366	1	1	381	47	1	2	A
D11_BC47_191109_LF_LIB_consensus_vsearch	4394	T	Y	423	8	1.84%	2	2	93	93	0.003780324023462628	1	1	375	48	7	1	C
D11_BC47_191109_LF_LIB_consensus_vsearch	4395	C	C	440	2	0.45%	2	1	93	93	0.2497168742917677	1	1	387	53	2	0	+A
D11_BC47_191109_LF_LIB_consensus_vsearch	4396	T	T	431	3	0.68%	2	1	93	93	0.12456747404820136	1	1	378	53	3	0	+C
D11_BC47_191109_LF_LIB_consensus_vsearch	4397	C	C	431	3	0.68%	2	2	93	93	0.12456747404820136	1	1	379	52	2	1	-A
D11_BC47_191109_LF_LIB_consensus_vsearch	4398	A	R	415	14	3.2%	2	2	93	93	5.479995734771002E-5	1	1	363	52	13	1	G
D11_BC47_191109_LF_LIB_consensus_vsearch	4399	T	T	429	3	0.68%	2	2	93	93	0.12456546929309553	1	1	378	51	2	1	C
D11_BC47_191109_LF_LIB_consensus_vsearch	4400	G	R	429	9	2.05%	2	1	93	93	0.0018737306563855328	1	1	375	54	9	0	A
D11_BC47_191109_LF_LIB_consensus_vsearch	4401	C	C	437	4	0.9%	2	1	93	93	0.062074589455845104	1	1	383	54	4	0	-T
D11_BC47_191109_LF_LIB_consensus_vsearch	4402	T	*/+C	421	10	2.27%	2	1	93	93	9.263496519144309E-4	1	1	366	55	10	0	+C
D11_BC47_191109_LF_LIB_consensus_vsearch	4403	C	C	424	5	1.14%	2	1	93	93	0.03088599561913487	1	1	369	55	5	0	+G
D11_BC47_191109_LF_LIB_consensus_vsearch	4404	C	C	433	3	0.67%	2	2	93	93	0.12456946039042152	1	1	385	48	1	2	+T
D11_BC47_191109_LF_LIB_consensus_vsearch	4405	T	T	438	1	0.23%	2	1	93	93	0.4999999999999138	1	1	389	49	0	1	+C
D11_BC47_191109_LF_LIB_consensus_vsearch	4406	T	T	438	1	0.23%	2	1	93	93	0.4999999999999138	1	1	387	51	1	0	+A
D11_BC47_191109_LF_LIB_consensus_vsearch	4407	C	C	440	1	0.23%	2	1	93	93	0.4999999999999138	1	1	390	50	0	1	-TCC
D11_BC47_191109_LF_LIB_consensus_vsearch	4408	T	*/-C	354	84	18.92%	2	1	93	93	6.303520888827829E-28	1	1	301	53	84	0	-C
D11_BC47_191109_LF_LIB_consensus_vsearch	4409	C	C	359	1	0.28%	2	1	93	93	0.4999999999999138	1	1	305	54	1	0	+T
D11_BC47_191109_LF_LIB_consensus_vsearch	4410	C	*/-G	426	14	3.15%	2	2	93	93	5.495010686777893E-5	1	1	375	51	11	3	-G
D11_BC47_191109_LF_LIB_consensus_vsearch	4411	G	G	426	5	1.16%	2	1	93	93	0.0308876837313223	1	1	374	52	5	0	A
D11_BC47_191109_LF_LIB_consensus_vsearch	4412	G	G	441	2	0.45%	2	1	93	93	0.24971751412472734	1	1	386	55	2	0	-A
D11_BC47_191109_LF_LIB_consensus_vsearch	4413	A	A	432	5	1.13%	2	1	93	93	0.03089265541177198	1	1	377	55	5	0	+G
D11_BC47_191109_LF_LIB_consensus_vsearch	4414	A	A	436	6	1.35%	2	1	93	93	0.01536047315528176	1	1	381	55	6	0	G
D11_BC47_191109_LF_LIB_consensus_vsearch	4415	T	T	440	3	0.67%	2	1	93	93	0.1245762711863649	1	1	385	55	3	0	+C
D11_BC47_191109_LF_LIB_consensus_vsearch	4416	C	*/+A	428	10	2.25%	2	1	93	93	9.271400825692105E-4	1	1	373	55	10	0	+A
D11_BC47_191109_LF_LIB_consensus_vsearch	4417	G	*/-A	429	9	2.05%	2	1	93	93	0.0018737306563855328	1	1	375	54	9	0	-A
D11_BC47_191109_LF_LIB_consensus_vsearch	4418	A	A	430	3	0.69%	2	1	93	93	0.12456647398843287	1	1	376	54	3	0	G
D11_BC47_191109_LF_LIB_consensus_vsearch	4419	A	A	434	5	1.13%	2	1	93	93	0.030894282456439635	1	1	381	53	5	0	G
D11_BC47_191109_LF_LIB_consensus_vsearch	4420	C	C	437	4	0.9%	2	1	93	93	0.062074589455845104	1	1	388	49	0	4	-T
D11_BC47_191109_LF_LIB_consensus_vsearch	4421	T	*/+C	401	30	6.82%	2	1	93	93	5.522351705720025E-10	1	1	351	50	30	0	+C
D11_BC47_191109_LF_LIB_consensus_vsearch	4422	C	*/-T	431	7	1.58%	2	2	93	93	0.007626072650234986	1	1	383	48	2	5	-T
D11_BC47_191109_LF_LIB_consensus_vsearch	4423	T	T	429	6	1.37%	2	2	93	93	0.015356226321811444	1	1	380	49	5	1	C
D11_BC47_191109_LF_LIB_consensus_vsearch	4424	G	G	439	5	1.13%	2	1	93	93	0.030898285976353152	1	1	384	55	5	0	-A
D11_BC47_191109_LF_LIB_consensus_vsearch	4425	A	A	433	2	0.45%	2	1	93	93	0.2497123130030455	1	1	379	54	2	0	+T
D11_BC47_191109_LF_LIB_consensus_vsearch	4426	T	T	441	2	0.45%	2	1	93	93	0.24971751412472734	1	1	387	54	2	0	C
D11_BC47_191109_LF_LIB_consensus_vsearch	4427	T	*/-C	349	78	17.57%	2	2	93	93	6.875293160492168E-26	1	1	304	45	70	8	-C
D11_BC47_191109_LF_LIB_consensus_vsearch	4428	C	C	352	0	0%	2	0	93	0	1.0	1	0	305	47	0	0	
D11_BC47_191109_LF_LIB_consensus_vsearch	4429	C	C	427	3	0.7%	2	1	93	93	0.12456344586746677	1	1	372	55	3	0	T
D11_BC47_191109_LF_LIB_consensus_vsearch	4430	C	C	436	4	0.9%	2	1	93	93	0.0620736220670793	1	1	383	53	4	0	A
D11_BC47_191109_LF_LIB_consensus_vsearch	4431	C	Y	423	17	3.82%	2	2	93	93	6.517562209625466E-6	1	1	384	39	4	13	T
D11_BC47_191109_LF_LIB_consensus_vsearch	4432	G	G	434	5	1.12%	2	1	93	93	0.030894282456439635	1	1	379	55	5	0	A
D11_BC47_191109_LF_LIB_consensus_vsearch	4433	T	T	434	6	1.36%	2	1	93	93	0.015359273530652235	1	1	380	54	6	0	G
D11_BC47_191109_LF_LIB_consensus_vsearch	4434	T	*/-A	431	11	2.47%	2	1	93	93	4.584838174083158E-4	1	1	376	55	11	0	-A
D11_BC47_191109_LF_LIB_consensus_vsearch	4435	A	*/-C	375	22	5.07%	2	2	93	93	1.7678958990507014E-7	1	1	323	52	19	3	-C
D11_BC47_191109_LF_LIB_consensus_vsearch	4436	C	S	406	11	2.61%	2	1	93	93	4.5673424053118783E-4	1	1	355	51	11	0	G
D11_BC47_191109_LF_LIB_consensus_vsearch	4437	C	C	433	3	0.68%	2	1	93	93	0.12456946039042152	1	1	381	52	3	0	+A
D11_BC47_191109_LF_LIB_consensus_vsearch	4438	C	Y	384	26	5.84%	2	2	93	93	9.897743164912257E-9	1	1	366	18	2	24	T
D11_BC47_191109_LF_LIB_consensus_vsearch	4439	G	R	404	17	3.89%	2	1	93	93	6.470471302259629E-6	1	1	362	42	17	0	A
D11_BC47_191109_LF_LIB_consensus_vsearch	4440	T	W	409	11	2.53%	2	2	93	93	4.5695495811152217E-4	1	1	368	41	4	7	A
D11_BC47_191109_LF_LIB_consensus_vsearch	4441	G	G	425	3	0.69%	2	1	93	93	0.12456140350894482	1	1	377	48	3	0	-A
D11_BC47_191109_LF_LIB_consensus_vsearch	4442	A	*/-C	390	36	8.16%	2	2	93	93	6.725415017817937E-12	1	1	337	53	35	1	-C
D11_BC47_191109_LF_LIB_consensus_vsearch	4443	C	C	400	2	0.5%	2	1	93	93	0.24968866749695368	1	1	346	54	2	0	A
D11_BC47_191109_LF_LIB_consensus_vsearch	4444	C	C	436	3	0.68%	2	1	93	93	0.12457240592922707	1	1	381	55	3	0	T
D11_BC47_191109_LF_LIB_consensus_vsearch	4445	C	Y	420	13	2.93%	2	2	93	93	1.1140871758939428E-4	1	1	377	43	1	12	T
D11_BC47_191109_LF_LIB_consensus_vsearch	4446	G	G	426	6	1.36%	2	1	93	93	0.015354364218716944	1	1	378	48	0	6	+C
D11_BC47_191109_LF_LIB_consensus_vsearch	4447	C	C	439	2	0.45%	2	1	93	93	0.2497162315547306	1	1	387	52	0	2	-T
D11_BC47_191109_LF_LIB_consensus_vsearch	4448	T	*/+C	421	8	1.81%	2	2	93	93	0.0037797414596765903	1	1	378	43	7	1	+C
D11_BC47_191109_LF_LIB_consensus_vsearch	4449	C	C	438	1	0.23%	2	1	93	93	0.4999999999999138	1	1	389	49	1	0	T
D11_BC47_191109_LF_LIB_consensus_vsearch	4450	G	R	419	21	4.73%	2	2	93	93	3.7346484366063784E-7	1	1	368	51	20	1	A
D11_BC47_191109_LF_LIB_consensus_vsearch	4451	G	G	438	3	0.67%	2	2	93	93	0.12457434733248252	1	1	385	53	2	1	A
D11_BC47_191109_LF_LIB_consensus_vsearch	4452	T	T	429	4	0.9%	2	1	93	93	0.062066725162242674	1	1	378	51	4	0	+G
D11_BC47_191109_LF_LIB_consensus_vsearch	4453	A	R	423	7	1.61%	2	2	93	93	0.007622620571895094	1	1	370	53	6	1	G
D11_BC47_191109_LF_LIB_consensus_vsearch	4454	G	G	434	1	0.23%	2	1	93	93	0.4999999999999138	1	1	379	55	1	0	A
D11_BC47_191109_LF_LIB_consensus_vsearch	4455	T	*/-C	292	142	32.35%	2	1	93	93	1.7015497439121146E-49	1	1	237	55	142	0	-C
D11_BC47_191109_LF_LIB_consensus_vsearch	4456	C	C	294	2	0.67%	2	2	93	93	0.24957698815561072	1	1	240	54	1	1	T
D11_BC47_191109_LF_LIB_consensus_vsearch	4457	C	*/-A	419	18	4.04%	2	2	93	93	3.1906190975645425E-6	1	1	365	54	17	1	-A
D11_BC47_191109_LF_LIB_consensus_vsearch	4458	A	A	415	6	1.41%	2	1	93	93	0.01534731000890416	1	1	362	53	6	0	+G
D11_BC47_191109_LF_LIB_consensus_vsearch	4459	A	A	435	5	1.12%	2	1	93	93	0.030895090435182324	1	1	381	54	5	0	-G
D11_BC47_191109_LF_LIB_consensus_vsearch	4460	G	G	430	3	0.68%	2	2	93	93	0.12456647398843287	1	1	377	53	2	1	-A
D11_BC47_191109_LF_LIB_consensus_vsearch	4461	A	A	430	3	0.68%	2	1	93	93	0.12456647398843287	1	1	376	54	3	0	+C
D11_BC47_191109_LF_LIB_consensus_vsearch	4462	C	C	434	3	0.68%	2	1	93	93	0.12457044673541934	1	1	381	53	3	0	-AC
D11_BC47_191109_LF_LIB_consensus_vsearch	4463	A	A	430	5	1.14%	2	2	93	93	0.030891013414769866	1	1	378	52	4	1	G
D11_BC47_191109_LF_LIB_consensus_vsearch	4464	C	C	424	5	1.14%	2	2	93	93	0.03088599561913487	1	1	373	51	4	1	-T
D11_BC47_191109_LF_LIB_consensus_vsearch	4465	T	T	425	6	1.38%	2	2	93	93	0.015353737770788975	1	1	374	51	5	1	C
D11_BC47_191109_LF_LIB_consensus_vsearch	4466	A	A	434	3	0.68%	2	1	93	93	0.12457044673541934	1	1	380	54	3	0	G
D11_BC47_191109_LF_LIB_consensus_vsearch	4467	C	C	436	2	0.46%	2	2	93	93	0.2497142857145226	1	1	383	53	1	1	+A
D11_BC47_191109_LF_LIB_consensus_vsearch	4468	C	C	428	5	1.13%	2	1	93	93	0.030889356258247617	1	1	383	45	0	5	T
D11_BC47_191109_LF_LIB_consensus_vsearch	4469	G	G	439	2	0.45%	2	1	93	93	0.2497162315547306	1	1	385	54	2	0	A
D11_BC47_191109_LF_LIB_consensus_vsearch	4470	A	A	440	2	0.45%	2	1	93	93	0.2497168742917677	1	1	385	55	2	0	+C
D11_BC47_191109_LF_LIB_consensus_vsearch	4471	C	C	440	1	0.23%	2	1	93	93	0.4999999999999138	1	1	385	55	1	0	+A
D11_BC47_191109_LF_LIB_consensus_vsearch	4472	A	A	441	1	0.23%	2	1	93	93	0.5000000000008233	1	1	386	55	1	0	C
D11_BC47_191109_LF_LIB_consensus_vsearch	4473	A	R	430	11	2.48%	2	1	93	93	4.584175673957473E-4	1	1	376	54	11	0	G
D11_BC47_191109_LF_LIB_consensus_vsearch	4474	C	C	441	1	0.23%	2	1	93	93	0.5000000000008233	1	1	386	55	1	0	+AC
D11_BC47_191109_LF_LIB_consensus_vsearch	4475	G	G	434	5	1.13%	2	2	93	93	0.030894282456439635	1	1	383	51	3	2	-TG
D11_BC47_191109_LF_LIB_consensus_vsearch	4476	T	T	436	1	0.23%	2	1	93	93	0.5000000000008233	1	1	385	51	1	0	+ATT
D11_BC47_191109_LF_LIB_consensus_vsearch	4477	G	G	437	1	0.23%	2	1	93	93	0.4999999999999138	1	1	385	52	1	0	+A
D11_BC47_191109_LF_LIB_consensus_vsearch	4478	A	A	437	4	0.9%	2	2	93	93	0.062074589455845104	1	1	383	54	3	1	G
D11_BC47_191109_LF_LIB_consensus_vsearch	4479	T	*/-A	405	13	2.93%	2	1	93	93	1.1103838422487234E-4	1	1	351	54	13	0	-A
D11_BC47_191109_LF_LIB_consensus_vsearch	4480	A	R	348	63	14.62%	2	1	93	93	8.262087038415954E-21	1	1	302	46	63	0	G
D11_BC47_191109_LF_LIB_consensus_vsearch	4481	G	G	414	5	1.17%	2	1	93	93	0.03087731347339881	1	1	367	47	5	0	+A
D11_BC47_191109_LF_LIB_consensus_vsearch	4482	G	R	405	21	4.73%	2	1	93	93	3.704038652276923E-7	1	1	351	54	21	0	A
D11_BC47_191109_LF_LIB_consensus_vsearch	4483	G	R	419	22	4.95%	2	1	93	93	1.8228136523728208E-7	1	1	365	54	22	0	A
D11_BC47_191109_LF_LIB_consensus_vsearch	4484	C	*/-A	423	9	2.03%	2	1	93	93	0.0018726402317850155	1	1	372	51	9	0	-A
D11_BC47_191109_LF_LIB_consensus_vsearch	4485	A	A	419	6	1.38%	2	1	93	93	0.015349917324271899	1	1	364	55	6	0	-G
D11_BC47_191109_LF_LIB_consensus_vsearch	4486	G	G	429	5	1.14%	2	1	93	93	0.030890186744528703	1	1	374	55	5	0	+A
D11_BC47_191109_LF_LIB_consensus_vsearch	4487	T	K	433	8	1.81%	2	1	93	93	0.003783158179516694	1	1	379	54	8	0	G
D11_BC47_191109_LF_LIB_consensus_vsearch	4488	T	T	431	5	1.13%	2	1	93	93	0.03089183629518613	1	1	376	55	5	0	+G
D11_BC47_191109_LF_LIB_consensus_vsearch	4489	A	R	406	22	5%	2	1	93	93	1.8076265748958188E-7	1	1	351	55	22	0	G
D11_BC47_191109_LF_LIB_consensus_vsearch	4490	C	*/-T	422	10	2.27%	2	2	93	93	9.264641146701706E-4	1	1	371	51	8	2	-T
D11_BC47_191109_LF_LIB_consensus_vsearch	4491	T	Y	408	15	3.53%	2	1	93	93	2.6897105828015778E-5	1	1	356	52	15	0	C
D11_BC47_191109_LF_LIB_consensus_vsearch	4492	T	W	402	15	3.44%	2	1	93	93	2.68474088688777E-5	1	1	351	51	15	0	A
D11_BC47_191109_LF_LIB_consensus_vsearch	4493	G	*/-A	421	20	4.51%	2	1	93	93	7.651054643967464E-7	1	1	368	53	20	0	-A
D11_BC47_191109_LF_LIB_consensus_vsearch	4494	A	R	415	7	1.65%	2	1	93	93	0.007619038242851565	1	1	361	54	7	0	G
D11_BC47_191109_LF_LIB_consensus_vsearch	4495	A	A	436	3	0.68%	2	1	93	93	0.12457240592922707	1	1	382	54	3	0	G
D11_BC47_191109_LF_LIB_consensus_vsearch	4496	T	T	435	2	0.45%	2	2	93	93	0.24971363115699957	1	1	382	53	1	1	-G
D11_BC47_191109_LF_LIB_consensus_vsearch	4497	G	*/-A	385	53	11.99%	2	1	93	93	2.080619944601438E-17	1	1	331	54	53	0	-A
D11_BC47_191109_LF_LIB_consensus_vsearch	4498	A	A	384	2	0.51%	2	1	93	93	0.24967574578483906	1	1	329	55	2	0	+G
D11_BC47_191109_LF_LIB_consensus_vsearch	4499	A	A	433	6	1.35%	2	1	93	93	0.01535866962898151	1	1	378	55	6	0	-G
D11_BC47_191109_LF_LIB_consensus_vsearch	4500	G	R	429	10	2.28%	2	1	93	93	9.272509747675099E-4	1	1	374	55	10	0	A
D11_BC47_191109_LF_LIB_consensus_vsearch	4501	C	C	442	1	0.22%	2	1	93	93	0.4999999999990043	1	1	389	53	0	1	+GC
D11_BC47_191109_LF_LIB_consensus_vsearch	4502	A	A	438	4	0.9%	2	1	93	93	0.0620755524648183	1	1	388	50	0	4	-T
D11_BC47_191109_LF_LIB_consensus_vsearch	4503	T	T	438	2	0.45%	2	1	93	93	0.24971558589274387	1	1	388	50	2	0	+C
D11_BC47_191109_LF_LIB_consensus_vsearch	4504	C	C	441	2	0.45%	2	1	93	93	0.24971751412472734	1	1	386	55	2	0	-G
D11_BC47_191109_LF_LIB_consensus_vsearch	4505	G	G	432	4	0.9%	2	2	93	93	0.06206970811168755	1	1	378	54	3	1	A
D11_BC47_191109_LF_LIB_consensus_vsearch	4506	C	C	436	3	0.68%	2	1	93	93	0.12457240592922707	1	1	381	55	3	0	A
D11_BC47_191109_LF_LIB_consensus_vsearch	4507	C	C	437	4	0.9%	2	2	93	93	0.062074589455845104	1	1	385	52	2	2	T
D11_BC47_191109_LF_LIB_consensus_vsearch	4508	G	G	435	4	0.91%	2	1	93	93	0.06207265026891802	1	1	382	53	4	0	A
D11_BC47_191109_LF_LIB_consensus_vsearch	4509	T	T	434	3	0.68%	2	1	93	93	0.12457044673541934	1	1	381	53	3	0	+C
D11_BC47_191109_LF_LIB_consensus_vsearch	4510	C	*/-AC	426	7	1.59%	2	1	93	93	0.007623929979105209	1	1	372	54	7	0	-AC
D11_BC47_191109_LF_LIB_consensus_vsearch	4511	A	A	426	4	0.93%	2	1	93	93	0.06206370056623179	1	1	372	54	4	0	G
D11_BC47_191109_LF_LIB_consensus_vsearch	4512	C	C	422	5	1.15%	2	1	93	93	0.030884291702852337	1	1	369	53	5	0	T
D11_BC47_191109_LF_LIB_consensus_vsearch	4513	G	G	433	5	1.13%	2	1	93	93	0.030893470790357477	1	1	378	55	5	0	-A
D11_BC47_191109_LF_LIB_consensus_vsearch	4514	A	R	401	22	5.06%	2	1	93	93	1.8015659137743395E-7	1	1	349	52	22	0	G
D11_BC47_191109_LF_LIB_consensus_vsearch	4515	G	G	424	2	0.46%	2	1	93	93	0.24970622796748032	1	1	373	51	2	0	+A
D11_BC47_191109_LF_LIB_consensus_vsearch	4516	G	G	440	2	0.45%	2	1	93	93	0.2497168742917677	1	1	385	55	2	0	A
D11_BC47_191109_LF_LIB_consensus_vsearch	4517	A	A	438	2	0.45%	2	1	93	93	0.24971558589274387	1	1	383	55	2	0	T
D11_BC47_191109_LF_LIB_consensus_vsearch	4518	C	C	430	6	1.36%	2	1	93	93	0.015356841341651906	1	1	375	55	6	0	-A
D11_BC47_191109_LF_LIB_consensus_vsearch	4519	A	*/+T	417	10	2.3%	2	1	93	93	9.258865234089794E-4	1	1	364	53	10	0	+T
D11_BC47_191109_LF_LIB_consensus_vsearch	4520	T	K	431	7	1.59%	2	1	93	93	0.007626072650234986	1	1	378	53	7	0	G
D11_BC47_191109_LF_LIB_consensus_vsearch	4521	T	T	436	2	0.45%	2	1	93	93	0.2497142857145226	1	1	385	51	0	2	+G
D11_BC47_191109_LF_LIB_consensus_vsearch	4522	G	R	431	7	1.59%	2	1	93	93	0.007626072650234986	1	1	378	53	7	0	A
D11_BC47_191109_LF_LIB_consensus_vsearch	4523	C	*/+A	426	7	1.59%	2	2	93	93	0.007623929979105209	1	1	379	47	6	1	+A
D11_BC47_191109_LF_LIB_consensus_vsearch	4524	G	*/-A	431	10	2.26%	2	1	93	93	9.274712732448419E-4	1	1	378	53	10	0	-A
D11_BC47_191109_LF_LIB_consensus_vsearch	4525	A	A	428	3	0.69%	2	1	93	93	0.12456445993035366	1	1	374	54	3	0	G
D11_BC47_191109_LF_LIB_consensus_vsearch	4526	T	*/-C	359	82	18.51%	2	2	93	93	3.240982271002883E-27	1	1	306	53	81	1	-C
D11_BC47_191109_LF_LIB_consensus_vsearch	4527	C	C	362	0	0%	2	0	93	0	1.0	1	0	308	54	0	0	
D11_BC47_191109_LF_LIB_consensus_vsearch	4528	C	*/+A	415	8	1.8%	2	1	93	93	0.003777960974854116	1	1	365	50	8	0	+A
D11_BC47_191109_LF_LIB_consensus_vsearch	4529	G	*/-A	420	17	3.85%	2	1	93	93	6.510382301474924E-6	1	1	365	55	17	0	-A
D11_BC47_191109_LF_LIB_consensus_vsearch	4530	A	A	418	3	0.71%	2	1	93	93	0.12455410225923637	1	1	363	55	3	0	G
D11_BC47_191109_LF_LIB_consensus_vsearch	4531	A	A	428	6	1.36%	2	2	93	93	0.015355608474412826	1	1	374	54	5	1	-T
D11_BC47_191109_LF_LIB_consensus_vsearch	4532	T	T	426	6	1.38%	2	1	93	93	0.015354364218716944	1	1	372	54	6	0	+A
D11_BC47_191109_LF_LIB_consensus_vsearch	4533	G	*/-A	427	11	2.49%	2	1	93	93	4.5821703849988575E-4	1	1	373	54	11	0	-A
D11_BC47_191109_LF_LIB_consensus_vsearch	4534	A	A	418	4	0.93%	2	1	93	93	0.06205542461311247	1	1	363	55	4	0	+C
D11_BC47_191109_LF_LIB_consensus_vsearch	4535	T	*/-A	412	12	2.72%	2	2	93	93	2.2561765155391507E-4	1	1	359	53	11	1	-A
D11_BC47_191109_LF_LIB_consensus_vsearch	4536	A	A	417	6	1.39%	2	2	93	93	0.015348619815559206	1	1	364	53	5	1	G
D11_BC47_191109_LF_LIB_consensus_vsearch	4537	A	R	430	10	2.25%	2	2	93	93	9.273613705492817E-4	1	1	376	54	9	1	G
D11_BC47_191109_LF_LIB_consensus_vsearch	4538	G	G	434	3	0.68%	2	1	93	93	0.12457044673541934	1	1	379	55	3	0	T
D11_BC47_191109_LF_LIB_consensus_vsearch	4539	T	T	428	3	0.68%	2	1	93	93	0.12456445993035366	1	1	375	53	3	0	+A
D11_BC47_191109_LF_LIB_consensus_vsearch	4540	G	G	429	2	0.45%	2	2	93	93	0.2497096399537788	1	1	375	54	1	1	-T
D11_BC47_191109_LF_LIB_consensus_vsearch	4541	T	Y	417	8	1.83%	2	2	93	93	0.003778560011928581	1	1	366	51	5	3	C
D11_BC47_191109_LF_LIB_consensus_vsearch	4542	A	R	413	8	1.86%	2	2	93	93	0.0037773562911889175	1	1	360	53	6	2	G
D11_BC47_191109_LF_LIB_consensus_vsearch	4543	T	T	414	3	0.7%	2	1	93	93	0.12454981992829928	1	1	362	52	3	0	-G
D11_BC47_191109_LF_LIB_consensus_vsearch	4544	G	*/+C	406	13	3%	2	1	93	93	1.1106387107924711E-4	1	1	353	53	13	0	+C
D11_BC47_191109_LF_LIB_consensus_vsearch	4545	C	C	434	1	0.23%	2	1	93	93	0.4999999999999138	1	1	381	53	1	0	+AATGC
D11_BC47_191109_LF_LIB_consensus_vsearch	4546	A	A	433	3	0.68%	2	1	93	93	0.12456946039042152	1	1	379	54	3	0	-TCA
D11_BC47_191109_LF_LIB_consensus_vsearch	4547	T	T	432	2	0.46%	2	1	93	93	0.2497116493653279	1	1	378	54	2	0	-C
D11_BC47_191109_LF_LIB_consensus_vsearch	4548	C	C	430	3	0.69%	2	2	93	93	0.12456647398843287	1	1	378	52	2	1	-A
D11_BC47_191109_LF_LIB_consensus_vsearch	4549	A	A	425	5	1.15%	2	1	93	93	0.03088684163697732	1	1	371	54	5	0	T
D11_BC47_191109_LF_LIB_consensus_vsearch	4550	C	C	434	2	0.45%	2	1	93	93	0.24971297359331265	1	1	380	54	2	0	G
D11_BC47_191109_LF_LIB_consensus_vsearch	4551	C	C	438	4	0.9%	2	2	93	93	0.0620755524648183	1	1	386	52	3	1	T
D11_BC47_191109_LF_LIB_consensus_vsearch	4552	G	R	433	9	2.03%	2	1	93	93	0.001874441340367089	1	1	379	54	9	0	A
D11_BC47_191109_LF_LIB_consensus_vsearch	4553	G	G	443	1	0.23%	2	1	93	93	0.4999999999999138	1	1	388	55	1	0	T
D11_BC47_191109_LF_LIB_consensus_vsearch	4554	T	T	442	1	0.23%	2	1	93	93	0.4999999999990043	1	1	387	55	1	0	+C
D11_BC47_191109_LF_LIB_consensus_vsearch	4555	C	*/-G	425	11	2.48%	2	1	93	93	4.5808185020506666E-4	1	1	371	54	11	0	-G
D11_BC47_191109_LF_LIB_consensus_vsearch	4556	G	R	376	47	10.9%	2	1	93	93	1.836756302395694E-15	1	1	322	54	47	0	A
D11_BC47_191109_LF_LIB_consensus_vsearch	4557	G	*/+A	393	31	7.01%	2	1	93	93	2.636228268670054E-10	1	1	339	54	31	0	+A
D11_BC47_191109_LF_LIB_consensus_vsearch	4558	G	*/+T	415	12	2.7%	2	1	93	93	2.2574447356982284E-4	1	1	363	52	12	0	+T
D11_BC47_191109_LF_LIB_consensus_vsearch	4559	T	T	423	6	1.4%	2	1	93	93	0.015352476134252922	1	1	377	46	0	6	C
D11_BC47_191109_LF_LIB_consensus_vsearch	4560	T	T	439	1	0.23%	2	1	93	93	0.5000000000008233	1	1	386	53	0	1	C
D11_BC47_191109_LF_LIB_consensus_vsearch	4561	T	T	436	3	0.68%	2	1	93	93	0.12457240592922707	1	1	384	52	3	0	-G
D11_BC47_191109_LF_LIB_consensus_vsearch	4562	G	G	435	1	0.23%	2	1	93	93	0.5000000000008233	1	1	381	54	1	0	-ACC
D11_BC47_191109_LF_LIB_consensus_vsearch	4563	A	*/-C	345	65	14.81%	2	2	93	93	1.7215477758045352E-21	1	1	297	48	61	4	-C
D11_BC47_191109_LF_LIB_consensus_vsearch	4564	C	C	358	0	0%	2	0	93	0	1.0	1	0	307	51	0	0	
D11_BC47_191109_LF_LIB_consensus_vsearch	4565	C	C	419	5	1.18%	2	1	93	93	0.03088170570687224	1	1	365	54	5	0	T
D11_BC47_191109_LF_LIB_consensus_vsearch	4566	C	Y	427	12	2.73%	2	2	93	93	2.2623486621516718E-4	1	1	376	51	8	4	T
D11_BC47_191109_LF_LIB_consensus_vsearch	4567	C	Y	422	16	3.61%	2	2	93	93	1.327250199574337E-5	1	1	369	53	14	2	T
D11_BC47_191109_LF_LIB_consensus_vsearch	4568	G	R	381	55	12.5%	2	1	93	93	4.506747934853726E-18	1	1	326	55	55	0	A
D11_BC47_191109_LF_LIB_consensus_vsearch	4569	G	*/-T	401	21	4.74%	2	1	93	93	3.6949592163666294E-7	1	1	346	55	21	0	-T
D11_BC47_191109_LF_LIB_consensus_vsearch	4570	T	Y	409	11	2.6%	2	2	93	93	4.5695495811152217E-4	1	1	357	52	8	3	C
D11_BC47_191109_LF_LIB_consensus_vsearch	4571	T	Y	421	12	2.7%	2	1	93	93	2.259929805737435E-4	1	1	367	54	12	0	C
D11_BC47_191109_LF_LIB_consensus_vsearch	4572	G	R	419	17	3.88%	2	2	93	93	6.507968392941904E-6	1	1	366	53	16	1	A
D11_BC47_191109_LF_LIB_consensus_vsearch	4573	G	*/-T	356	44	9.98%	2	1	93	93	1.626662329848796E-14	1	1	303	53	44	0	-T
D11_BC47_191109_LF_LIB_consensus_vsearch	4574	T	T	393	4	1.01%	2	2	93	93	0.0620274111497499	1	1	339	54	3	1	C
D11_BC47_191109_LF_LIB_consensus_vsearch	4575	T	T	441	1	0.23%	2	1	93	93	0.5000000000008233	1	1	387	54	1	0	+C
D11_BC47_191109_LF_LIB_consensus_vsearch	4576	T	T	432	6	1.35%	2	1	93	93	0.015358062976156805	1	1	385	47	0	6	+G
D11_BC47_191109_LF_LIB_consensus_vsearch	4577	G	G	434	2	0.45%	2	1	93	93	0.24971297359331265	1	1	381	53	2	0	A
D11_BC47_191109_LF_LIB_consensus_vsearch	4578	C	*/+G	422	10	2.27%	2	1	93	93	9.264641146701706E-4	1	1	373	49	10	0	+G
D11_BC47_191109_LF_LIB_consensus_vsearch	4579	A	*/-G	420	10	2.26%	2	1	93	93	9.262346650300045E-4	1	1	369	51	10	0	-G
D11_BC47_191109_LF_LIB_consensus_vsearch	4580	G	G	426	5	1.15%	2	1	93	93	0.0308876837313223	1	1	377	49	0	5	+T
D11_BC47_191109_LF_LIB_consensus_vsearch	4581	T	*/+C	430	7	1.58%	2	1	93	93	0.007625648020175149	1	1	378	52	7	0	+C
D11_BC47_191109_LF_LIB_consensus_vsearch	4582	C	*/-T	428	9	2.04%	2	2	93	93	0.0018735509751739627	1	1	378	50	4	5	-T
D11_BC47_191109_LF_LIB_consensus_vsearch	4583	T	T	421	6	1.39%	2	2	93	93	0.01535120270746072	1	1	376	45	2	4	C
D11_BC47_191109_LF_LIB_consensus_vsearch	4584	A	A	434	1	0.23%	2	1	93	93	0.4999999999999138	1	1	380	54	1	0	+T
D11_BC47_191109_LF_LIB_consensus_vsearch	4585	A	R	409	16	3.63%	2	1	93	93	1.32149501788179E-5	1	1	357	52	16	0	G
D11_BC47_191109_LF_LIB_consensus_vsearch	4586	C	*/-T	422	7	1.59%	2	2	93	93	0.007622180052576428	1	1	369	53	5	2	-T
D11_BC47_191109_LF_LIB_consensus_vsearch	4587	T	Y	414	10	2.32%	2	2	93	93	9.255335328018615E-4	1	1	364	50	8	2	C
D11_BC47_191109_LF_LIB_consensus_vsearch	4588	A	R	422	7	1.59%	2	1	93	93	0.007622180052576428	1	1	367	55	7	0	G
D11_BC47_191109_LF_LIB_consensus_vsearch	4589	G	G	429	3	0.69%	2	1	93	93	0.12456546929309553	1	1	374	55	3	0	A
D11_BC47_191109_LF_LIB_consensus_vsearch	4590	C	C	431	3	0.69%	2	2	93	93	0.12456747404820136	1	1	378	53	2	1	T
D11_BC47_191109_LF_LIB_consensus_vsearch	4591	A	*/-CA	394	35	7.94%	2	1	93	93	1.4127634873937499E-11	1	1	340	54	35	0	-CA
D11_BC47_191109_LF_LIB_consensus_vsearch	4592	C	C	399	4	0.99%	2	2	93	93	0.06203445155203153	1	1	345	54	3	1	T
D11_BC47_191109_LF_LIB_consensus_vsearch	4593	A	A	395	4	0.99%	2	1	93	93	0.06202978149183676	1	1	342	53	4	0	G
D11_BC47_191109_LF_LIB_consensus_vsearch	4594	T	*/-C	409	25	5.68%	2	1	93	93	2.0881748638625858E-8	1	1	354	55	25	0	-C
D11_BC47_191109_LF_LIB_consensus_vsearch	4595	C	C	414	1	0.24%	2	1	93	93	0.5000000000008233	1	1	359	55	1	0	G
D11_BC47_191109_LF_LIB_consensus_vsearch	4596	C	C	433	3	0.68%	2	1	93	93	0.12456946039042152	1	1	379	54	3	0	-AC
D11_BC47_191109_LF_LIB_consensus_vsearch	4597	A	A	432	4	0.92%	2	2	93	93	0.06206970811168755	1	1	378	54	3	1	G
D11_BC47_191109_LF_LIB_consensus_vsearch	4598	C	C	431	5	1.14%	2	1	93	93	0.03089183629518613	1	1	384	47	0	5	+T
D11_BC47_191109_LF_LIB_consensus_vsearch	4599	T	*/-CT	426	10	2.26%	2	1	93	93	9.269167954843176E-4	1	1	385	41	0	10	-CT
D11_BC47_191109_LF_LIB_consensus_vsearch	4600	C	*/-T	418	11	2.56%	2	2	93	93	4.575989670126341E-4	1	1	386	32	1	10	-T
D11_BC47_191109_LF_LIB_consensus_vsearch	4601	T	T	416	1	0.24%	2	1	93	93	0.4999999999999138	1	1	383	33	0	1	+C
D11_BC47_191109_LF_LIB_consensus_vsearch	4602	T	T	430	4	0.9%	2	2	93	93	0.062067724063454545	1	1	380	50	2	2	C
D11_BC47_191109_LF_LIB_consensus_vsearch	4603	G	G	433	3	0.68%	2	1	93	93	0.12456946039042152	1	1	379	54	3	0	-A
D11_BC47_191109_LF_LIB_consensus_vsearch	4604	A	*/+G	426	9	2.04%	2	1	93	93	0.001873189162106254	1	1	372	54	9	0	+G
D11_BC47_191109_LF_LIB_consensus_vsearch	4605	G	G	432	3	0.68%	2	1	93	93	0.12456846950514457	1	1	379	53	3	0	+A
D11_BC47_191109_LF_LIB_consensus_vsearch	4606	T	T	439	1	0.23%	2	1	93	93	0.5000000000008233	1	1	385	54	1	0	A
D11_BC47_191109_LF_LIB_consensus_vsearch	4607	T	*/-G	424	8	1.8%	2	2	93	93	0.0037806132981311326	1	1	373	51	6	2	-G
D11_BC47_191109_LF_LIB_consensus_vsearch	4608	G	R	423	12	2.76%	2	1	93	93	2.2607433164831964E-4	1	1	371	52	12	0	A
D11_BC47_191109_LF_LIB_consensus_vsearch	4609	G	G	438	3	0.68%	2	2	93	93	0.12457434733248252	1	1	386	52	1	2	A
D11_BC47_191109_LF_LIB_consensus_vsearch	4610	G	G	435	6	1.35%	2	1	93	93	0.015359874699953162	1	1	380	55	6	0	-A
D11_BC47_191109_LF_LIB_consensus_vsearch	4611	A	A	429	2	0.46%	2	2	93	93	0.2497096399537788	1	1	377	52	1	1	+T
D11_BC47_191109_LF_LIB_consensus_vsearch	4612	C	C	436	1	0.23%	2	1	93	93	0.5000000000008233	1	1	383	53	1	0	+AC
D11_BC47_191109_LF_LIB_consensus_vsearch	4613	G	G	432	3	0.68%	2	1	93	93	0.12456846950514457	1	1	380	52	3	0	A
D11_BC47_191109_LF_LIB_consensus_vsearch	4614	T	T	436	3	0.68%	2	2	93	93	0.12457240592922707	1	1	384	52	1	2	C
D11_BC47_191109_LF_LIB_consensus_vsearch	4615	T	T	439	1	0.23%	2	1	93	93	0.5000000000008233	1	1	386	53	1	0	+G
D11_BC47_191109_LF_LIB_consensus_vsearch	4616	A	A	432	5	1.13%	2	2	93	93	0.03089265541177198	1	1	380	52	4	1	G
D11_BC47_191109_LF_LIB_consensus_vsearch	4617	C	C	434	2	0.45%	2	1	93	93	0.24971297359331265	1	1	380	54	2	0	+A
D11_BC47_191109_LF_LIB_consensus_vsearch	4618	G	*/-TG	428	9	2.04%	2	1	93	93	0.0018735509751739627	1	1	382	46	0	9	-TG
D11_BC47_191109_LF_LIB_consensus_vsearch	4619	T	T	428	4	0.92%	2	2	93	93	0.06206572163388339	1	1	384	44	3	1	C
D11_BC47_191109_LF_LIB_consensus_vsearch	4620	G	G	425	4	0.93%	2	1	93	93	0.0620626829618069	1	1	381	44	4	0	A
D11_BC47_191109_LF_LIB_consensus_vsearch	4621	C	C	429	3	0.68%	2	1	93	93	0.12456546929309553	1	1	376	53	3	0	T
D11_BC47_191109_LF_LIB_consensus_vsearch	4622	A	R	428	8	1.83%	2	1	93	93	0.0037817572285023734	1	1	374	54	8	0	G
D11_BC47_191109_LF_LIB_consensus_vsearch	4623	T	T	434	4	0.91%	2	1	93	93	0.062071674030406296	1	1	380	54	4	0	+A
D11_BC47_191109_LF_LIB_consensus_vsearch	4624	G	G	435	5	1.13%	2	1	93	93	0.030895090435182324	1	1	380	55	5	0	A
D11_BC47_191109_LF_LIB_consensus_vsearch	4625	T	*/-GT	416	19	4.31%	2	2	93	93	1.5602972177488376E-6	1	1	369	47	13	6	-GT
D11_BC47_191109_LF_LIB_consensus_vsearch	4626	G	R	404	11	2.6%	2	1	93	93	4.5658536003316156E-4	1	1	356	48	11	0	A
D11_BC47_191109_LF_LIB_consensus_vsearch	4627	T	K	407	10	2.39%	2	1	93	93	9.246904525720687E-4	1	1	359	48	10	0	G
D11_BC47_191109_LF_LIB_consensus_vsearch	4628	T	T	436	4	0.9%	2	1	93	93	0.0620736220670793	1	1	381	55	4	0	-A
D11_BC47_191109_LF_LIB_consensus_vsearch	4629	A	R	413	21	4.79%	2	1	93	93	3.721746994729156E-7	1	1	360	53	21	0	G
D11_BC47_191109_LF_LIB_consensus_vsearch	4630	G	G	425	6	1.37%	2	2	93	93	0.015353737770788975	1	1	377	48	3	3	-C
D11_BC47_191109_LF_LIB_consensus_vsearch	4631	C	C	431	2	0.46%	2	2	93	93	0.24971098265883573	1	1	381	50	1	1	+T
D11_BC47_191109_LF_LIB_consensus_vsearch	4632	T	T	436	2	0.45%	2	2	93	93	0.2497142857145226	1	1	386	50	1	1	+C
D11_BC47_191109_LF_LIB_consensus_vsearch	4633	C	*/-TC	415	18	4.07%	2	2	93	93	3.1852487497487506E-6	1	1	370	45	15	3	-TC
D11_BC47_191109_LF_LIB_consensus_vsearch	4634	T	*/-C	409	7	1.66%	2	2	93	93	0.007616261521057028	1	1	361	48	6	1	-C
D11_BC47_191109_LF_LIB_consensus_vsearch	4635	C	C	414	1	0.24%	2	1	93	93	0.5000000000008233	1	1	365	49	1	0	G
D11_BC47_191109_LF_LIB_consensus_vsearch	4636	C	*/-A	424	7	1.59%	2	1	93	93	0.007623059056742502	1	1	372	52	7	0	-A
D11_BC47_191109_LF_LIB_consensus_vsearch	4637	A	R	403	24	5.56%	2	1	93	93	4.2749579546152727E-8	1	1	349	54	24	0	G
D11_BC47_191109_LF_LIB_consensus_vsearch	4638	C	*/+T	392	18	4.1%	2	1	93	93	3.152488292761702E-6	1	1	339	53	18	0	+T
D11_BC47_191109_LF_LIB_consensus_vsearch	4639	T	T	410	4	0.95%	2	1	93	93	0.06204682862471882	1	1	358	52	4	0	C
D11_BC47_191109_LF_LIB_consensus_vsearch	4640	T	*/-G	398	8	1.88%	2	1	93	93	0.003772632825065396	1	1	345	53	8	0	-G
D11_BC47_191109_LF_LIB_consensus_vsearch	4641	G	R	394	13	3.08%	2	1	93	93	1.1075004107573398E-4	1	1	340	54	13	0	A
D11_BC47_191109_LF_LIB_consensus_vsearch	4642	C	C	414	3	0.72%	2	1	93	93	0.12454981992829928	1	1	360	54	3	0	T
D11_BC47_191109_LF_LIB_consensus_vsearch	4643	C	Y	412	11	2.54%	2	2	93	93	4.571726097283556E-4	1	1	358	54	10	1	T
D11_BC47_191109_LF_LIB_consensus_vsearch	4644	A	A	419	4	0.93%	2	1	93	93	0.06205647623661182	1	1	368	51	4	0	T
D11_BC47_191109_LF_LIB_consensus_vsearch	4645	C	C	418	5	1.16%	2	1	93	93	0.030880835561915	1	1	366	52	5	0	+G
D11_BC47_191109_LF_LIB_consensus_vsearch	4646	A	R	404	13	2.95%	2	2	93	93	1.1101277914824134E-4	1	1	352	52	12	1	G
D11_BC47_191109_LF_LIB_consensus_vsearch	4647	G	G	428	2	0.46%	2	1	93	93	0.24970896391120487	1	1	375	53	2	0	+A
D11_BC47_191109_LF_LIB_consensus_vsearch	4648	G	*/+C	429	8	1.81%	2	1	93	93	0.0037820399638697363	1	1	375	54	8	0	+C
D11_BC47_191109_LF_LIB_consensus_vsearch	4649	T	Y	430	8	1.81%	2	2	93	93	0.0037823214180042796	1	1	378	52	7	1	C
D11_BC47_191109_LF_LIB_consensus_vsearch	4650	A	A	440	1	0.23%	2	1	93	93	0.4999999999999138	1	1	385	55	1	0	+T
D11_BC47_191109_LF_LIB_consensus_vsearch	4651	T	*/-C	431	8	1.81%	2	2	93	93	0.003782601599602771	1	1	377	54	7	1	-C
D11_BC47_191109_LF_LIB_consensus_vsearch	4652	C	C	432	1	0.23%	2	1	93	93	0.5000000000008233	1	1	378	54	1	0	+GC
D11_BC47_191109_LF_LIB_consensus_vsearch	4653	C	C	440	1	0.23%	2	1	93	93	0.4999999999999138	1	1	385	55	1	0	-AT
D11_BC47_191109_LF_LIB_consensus_vsearch	4654	A	A	435	4	0.9%	2	1	93	93	0.06207265026891802	1	1	380	55	4	0	G
D11_BC47_191109_LF_LIB_consensus_vsearch	4655	T	T	434	2	0.45%	2	1	93	93	0.24971297359331265	1	1	379	55	2	0	+C
D11_BC47_191109_LF_LIB_consensus_vsearch	4656	G	G	426	6	1.36%	2	1	93	93	0.015354364218716944	1	1	371	55	6	0	+CT
D11_BC47_191109_LF_LIB_consensus_vsearch	4657	T	T	428	6	1.37%	2	1	93	93	0.015355608474412826	1	1	373	55	6	0	C
D11_BC47_191109_LF_LIB_consensus_vsearch	4658	A	R	418	19	4.31%	2	2	93	93	1.5617633199588545E-6	1	1	364	54	18	1	G
D11_BC47_191109_LF_LIB_consensus_vsearch	4659	G	G	439	3	0.68%	2	1	93	93	0.12457531143833234	1	1	384	55	3	0	A
D11_BC47_191109_LF_LIB_consensus_vsearch	4660	C	C	440	2	0.45%	2	1	93	93	0.2497168742917677	1	1	385	55	2	0	-A
D11_BC47_191109_LF_LIB_consensus_vsearch	4661	A	*/+T	420	13	2.95%	2	2	93	93	1.1140871758939428E-4	1	1	368	52	10	3	+T
D11_BC47_191109_LF_LIB_consensus_vsearch	4662	T	T	438	0	0%	2	0	93	0	1.0	1	0	383	55	0	0	
D11_BC47_191109_LF_LIB_consensus_vsearch	4663	T	T	442	1	0.23%	2	1	93	93	0.4999999999990043	1	1	388	54	0	1	C
D11_BC47_191109_LF_LIB_consensus_vsearch	4664	T	T	439	1	0.23%	2	1	93	93	0.5000000000008233	1	1	385	54	0	1	+C
D11_BC47_191109_LF_LIB_consensus_vsearch	4665	C	C	438	1	0.23%	2	1	93	93	0.4999999999999138	1	1	383	55	1	0	+G
D11_BC47_191109_LF_LIB_consensus_vsearch	4666	A	A	439	2	0.45%	2	1	93	93	0.2497162315547306	1	1	384	55	2	0	G
D11_BC47_191109_LF_LIB_consensus_vsearch	4667	T	T	438	3	0.68%	2	1	93	93	0.12457434733248252	1	1	383	55	3	0	C
D11_BC47_191109_LF_LIB_consensus_vsearch	4668	T	T	437	5	1.13%	2	2	93	93	0.03089669543126854	1	1	384	53	4	1	C
D11_BC47_191109_LF_LIB_consensus_vsearch	4669	C	C	438	2	0.45%	2	1	93	93	0.24971558589274387	1	1	387	51	0	2	+T
D11_BC47_191109_LF_LIB_consensus_vsearch	4670	T	T	438	1	0.23%	2	1	93	93	0.4999999999999138	1	1	385	53	1	0	+GT
D11_BC47_191109_LF_LIB_consensus_vsearch	4671	T	T	438	3	0.68%	2	1	93	93	0.12457434733248252	1	1	383	55	3	0	+C
D11_BC47_191109_LF_LIB_consensus_vsearch	4672	C	*/-A	413	13	2.94%	2	2	93	93	1.1123903648473621E-4	1	1	362	51	11	2	-A
D11_BC47_191109_LF_LIB_consensus_vsearch	4673	A	A	423	2	0.47%	2	1	93	93	0.24970553592454253	1	1	372	51	2	0	+G
D11_BC47_191109_LF_LIB_consensus_vsearch	4674	A	A	435	4	0.91%	2	2	93	93	0.06207265026891802	1	1	384	51	2	2	-G
D11_BC47_191109_LF_LIB_consensus_vsearch	4675	G	G	434	4	0.91%	2	1	93	93	0.062071674030406296	1	1	382	52	4	0	T
D11_BC47_191109_LF_LIB_consensus_vsearch	4676	T	T	433	5	1.13%	2	1	93	93	0.030893470790357477	1	1	381	52	5	0	+A
D11_BC47_191109_LF_LIB_consensus_vsearch	4677	G	*/-A	431	10	2.26%	2	1	93	93	9.274712732448419E-4	1	1	377	54	10	0	-A
D11_BC47_191109_LF_LIB_consensus_vsearch	4678	A	A	431	1	0.23%	2	1	93	93	0.4999999999999138	1	1	376	55	1	0	G
D11_BC47_191109_LF_LIB_consensus_vsearch	4679	A	R	432	9	2.04%	2	2	93	93	0.001874264864679625	1	1	378	54	8	1	G
D11_BC47_191109_LF_LIB_consensus_vsearch	4680	C	C	430	4	0.9%	2	2	93	93	0.062067724063454545	1	1	377	53	3	1	T
D11_BC47_191109_LF_LIB_consensus_vsearch	4681	G	R	423	14	3.18%	2	1	93	93	5.490987823300768E-5	1	1	370	53	14	0	A
D11_BC47_191109_LF_LIB_consensus_vsearch	4682	G	G	438	2	0.45%	2	2	93	93	0.24971558589274387	1	1	384	54	1	1	-T
D11_BC47_191109_LF_LIB_consensus_vsearch	4683	T	T	439	1	0.23%	2	1	93	93	0.5000000000008233	1	1	385	54	1	0	+AAA
D11_BC47_191109_LF_LIB_consensus_vsearch	4684	A	A	439	2	0.45%	2	2	93	93	0.2497162315547306	1	1	385	54	1	1	C
D11_BC47_191109_LF_LIB_consensus_vsearch	4685	A	R	429	13	2.93%	2	1	93	93	1.1161922648910357E-4	1	1	374	55	13	0	G
D11_BC47_191109_LF_LIB_consensus_vsearch	4686	C	*/-T	431	7	1.58%	2	1	93	93	0.007626072650234986	1	1	376	55	7	0	-T
D11_BC47_191109_LF_LIB_consensus_vsearch	4687	T	T	431	2	0.46%	2	1	93	93	0.24971098265883573	1	1	378	53	0	2	C
D11_BC47_191109_LF_LIB_consensus_vsearch	4688	G	*/-A	434	7	1.58%	2	1	93	93	0.007627335039353406	1	1	380	54	7	0	-A
D11_BC47_191109_LF_LIB_consensus_vsearch	4689	A	*/-T	422	7	1.61%	2	2	93	93	0.007622180052576428	1	1	372	50	5	2	-T
D11_BC47_191109_LF_LIB_consensus_vsearch	4690	T	T	431	4	0.92%	2	1	93	93	0.06206871836935933	1	1	378	53	4	0	G
D11_BC47_191109_LF_LIB_consensus_vsearch	4691	T	T	440	1	0.23%	2	1	93	93	0.4999999999999138	1	1	386	54	1	0	+G
D11_BC47_191109_LF_LIB_consensus_vsearch	4692	T	*/-A	431	9	2.04%	2	1	93	93	0.0018740875957096264	1	1	376	55	9	0	-A
D11_BC47_191109_LF_LIB_consensus_vsearch	4693	A	A	430	1	0.23%	2	1	93	93	0.4999999999990043	1	1	375	55	1	0	+C
D11_BC47_191109_LF_LIB_consensus_vsearch	4694	A	R	430	8	1.81%	2	2	93	93	0.0037823214180042796	1	1	376	54	7	1	G
D11_BC47_191109_LF_LIB_consensus_vsearch	4695	T	T	430	5	1.13%	2	1	93	93	0.030891013414769866	1	1	375	55	5	0	+G
D11_BC47_191109_LF_LIB_consensus_vsearch	4696	G	G	431	3	0.68%	2	1	93	93	0.12456747404820136	1	1	376	55	3	0	-A
D11_BC47_191109_LF_LIB_consensus_vsearch	4697	A	A	426	4	0.91%	2	1	93	93	0.06206370056623179	1	1	372	54	4	0	+G
D11_BC47_191109_LF_LIB_consensus_vsearch	4698	G	G	429	6	1.37%	2	2	93	93	0.015356226321811444	1	1	375	54	5	1	-C
D11_BC47_191109_LF_LIB_consensus_vsearch	4699	C	C	429	2	0.46%	2	1	93	93	0.2497096399537788	1	1	375	54	2	0	T
D11_BC47_191109_LF_LIB_consensus_vsearch	4700	C	C	436	3	0.68%	2	2	93	93	0.12457240592922707	1	1	383	53	1	2	T
D11_BC47_191109_LF_LIB_consensus_vsearch	4701	A	A	430	5	1.13%	2	1	93	93	0.030891013414769866	1	1	376	54	5	0	+T
D11_BC47_191109_LF_LIB_consensus_vsearch	4702	T	T	435	4	0.91%	2	2	93	93	0.06207265026891802	1	1	383	52	2	2	C
D11_BC47_191109_LF_LIB_consensus_vsearch	4703	T	T	430	5	1.13%	2	1	93	93	0.030891013414769866	1	1	378	52	5	0	+C
D11_BC47_191109_LF_LIB_consensus_vsearch	4704	C	C	422	6	1.37%	2	1	93	93	0.015351840904982691	1	1	371	51	6	0	+AC
D11_BC47_191109_LF_LIB_consensus_vsearch	4705	G	S	411	9	2.05%	2	1	93	93	0.0018703670005234343	1	1	358	53	9	0	C
D11_BC47_191109_LF_LIB_consensus_vsearch	4706	C	C	429	3	0.69%	2	1	93	93	0.12456546929309553	1	1	379	50	3	0	T
D11_BC47_191109_LF_LIB_consensus_vsearch	4707	A	A	430	4	0.91%	2	1	93	93	0.062067724063454545	1	1	377	53	4	0	G
D11_BC47_191109_LF_LIB_consensus_vsearch	4708	G	*/-T	414	14	3.2%	2	1	93	93	5.478593949196498E-5	1	1	364	50	14	0	-T
D11_BC47_191109_LF_LIB_consensus_vsearch	4709	T	T	420	4	0.94%	2	2	93	93	0.062057522896676466	1	1	368	52	3	1	C
D11_BC47_191109_LF_LIB_consensus_vsearch	4710	T	T	437	3	0.68%	2	2	93	93	0.12457337883968563	1	1	386	51	1	2	C
D11_BC47_191109_LF_LIB_consensus_vsearch	4711	T	Y	427	7	1.58%	2	2	93	93	0.007624362444354587	1	1	375	52	5	2	C
D11_BC47_191109_LF_LIB_consensus_vsearch	4712	C	*/-A	426	7	1.59%	2	1	93	93	0.007623929979105209	1	1	372	54	7	0	-A
D11_BC47_191109_LF_LIB_consensus_vsearch	4713	A	A	424	3	0.7%	2	1	93	93	0.12456037514670402	1	1	370	54	3	0	G
D11_BC47_191109_LF_LIB_consensus_vsearch	4714	C	*/-T	273	143	32.72%	2	2	93	93	3.245906954351346E-50	1	1	237	36	128	15	-T
D11_BC47_191109_LF_LIB_consensus_vsearch	4715	T	T	285	1	0.35%	2	1	93	93	0.4999999999999138	1	1	246	39	0	1	+CT
D11_BC47_191109_LF_LIB_consensus_vsearch	4716	T	T	429	2	0.46%	2	1	93	93	0.2497096399537788	1	1	375	54	2	0	C
D11_BC47_191109_LF_LIB_consensus_vsearch	4717	T	T	436	3	0.68%	2	1	93	93	0.12457240592922707	1	1	381	55	3	0	C
D11_BC47_191109_LF_LIB_consensus_vsearch	4718	T	T	438	2	0.45%	2	1	93	93	0.24971558589274387	1	1	383	55	2	0	C
D11_BC47_191109_LF_LIB_consensus_vsearch	4719	T	T	437	2	0.45%	2	2	93	93	0.24971493728629837	1	1	383	54	1	1	-C
D11_BC47_191109_LF_LIB_consensus_vsearch	4720	C	*/-T	427	8	1.82%	2	1	93	93	0.0037814732031268648	1	1	373	54	8	0	-T
D11_BC47_191109_LF_LIB_consensus_vsearch	4721	T	*/-AC	415	10	2.32%	2	1	93	93	9.256517413502841E-4	1	1	360	55	10	0	-AC
D11_BC47_191109_LF_LIB_consensus_vsearch	4722	A	A	419	5	1.17%	2	1	93	93	0.03088170570687224	1	1	364	55	5	0	G
D11_BC47_191109_LF_LIB_consensus_vsearch	4723	C	C	421	2	0.47%	2	1	93	93	0.24970414201215435	1	1	367	54	2	0	-G
D11_BC47_191109_LF_LIB_consensus_vsearch	4724	G	R	421	16	3.64%	2	1	93	93	1.3268190058544006E-5	1	1	366	55	16	0	A
D11_BC47_191109_LF_LIB_consensus_vsearch	4725	G	R	433	7	1.59%	2	1	93	93	0.0076269161468125015	1	1	378	55	7	0	A
D11_BC47_191109_LF_LIB_consensus_vsearch	4726	C	*/-T	408	12	2.71%	2	2	93	93	2.2544581166138029E-4	1	1	356	52	10	2	-T
D11_BC47_191109_LF_LIB_consensus_vsearch	4727	T	T	415	4	0.95%	2	2	93	93	0.06205223960684896	1	1	363	52	3	1	C
D11_BC47_191109_LF_LIB_consensus_vsearch	4728	T	T	421	6	1.39%	2	1	93	93	0.01535120270746072	1	1	367	54	6	0	A
D11_BC47_191109_LF_LIB_consensus_vsearch	4729	T	Y	425	12	2.72%	2	1	93	93	2.2615495697455397E-4	1	1	370	55	12	0	C
D11_BC47_191109_LF_LIB_consensus_vsearch	4730	A	A	436	1	0.23%	2	1	93	93	0.5000000000008233	1	1	381	55	1	0	+C
D11_BC47_191109_LF_LIB_consensus_vsearch	4731	A	A	435	5	1.13%	2	1	93	93	0.030895090435182324	1	1	380	55	5	0	G
D11_BC47_191109_LF_LIB_consensus_vsearch	4732	C	C	433	5	1.13%	2	2	93	93	0.030893470790357477	1	1	382	51	1	4	+T
D11_BC47_191109_LF_LIB_consensus_vsearch	4733	T	*/+C	420	11	2.5%	2	2	93	93	4.5773850170834535E-4	1	1	374	46	10	1	+C
D11_BC47_191109_LF_LIB_consensus_vsearch	4734	C	*/-G	414	17	3.93%	2	2	93	93	6.495741287830624E-6	1	1	382	32	2	15	-G
D11_BC47_191109_LF_LIB_consensus_vsearch	4735	G	G	419	3	0.71%	2	1	93	93	0.12455516014247174	1	1	382	37	3	0	A
D11_BC47_191109_LF_LIB_consensus_vsearch	4736	G	G	437	2	0.45%	2	1	93	93	0.24971493728629837	1	1	382	55	2	0	A
D11_BC47_191109_LF_LIB_consensus_vsearch	4737	A	A	437	3	0.68%	2	1	93	93	0.12457337883968563	1	1	382	55	3	0	T
D11_BC47_191109_LF_LIB_consensus_vsearch	4738	C	C	439	2	0.45%	2	1	93	93	0.2497162315547306	1	1	384	55	2	0	T
D11_BC47_191109_LF_LIB_consensus_vsearch	4739	A	A	439	1	0.23%	2	1	93	93	0.5000000000008233	1	1	385	54	0	1	+CA
D11_BC47_191109_LF_LIB_consensus_vsearch	4740	T	T	440	1	0.23%	2	1	93	93	0.4999999999999138	1	1	385	55	1	0	+AC
D11_BC47_191109_LF_LIB_consensus_vsearch	4741	G	G	435	2	0.45%	2	1	93	93	0.24971363115699957	1	1	382	53	2	0	-CA
D11_BC47_191109_LF_LIB_consensus_vsearch	4742	C	C	434	1	0.23%	2	1	93	93	0.4999999999999138	1	1	381	53	1	0	+G
D11_BC47_191109_LF_LIB_consensus_vsearch	4743	A	A	432	1	0.23%	2	1	93	93	0.5000000000008233	1	1	379	53	1	0	-T
D11_BC47_191109_LF_LIB_consensus_vsearch	4744	T	T	431	4	0.92%	2	2	93	93	0.06206871836935933	1	1	379	52	3	1	C
D11_BC47_191109_LF_LIB_consensus_vsearch	4745	G	G	423	5	1.14%	2	1	93	93	0.030885145650365813	1	1	370	53	5	0	+AA
D11_BC47_191109_LF_LIB_consensus_vsearch	4746	G	G	434	4	0.9%	2	1	93	93	0.062071674030406296	1	1	380	54	4	0	A
D11_BC47_191109_LF_LIB_consensus_vsearch	4747	C	*/-T	420	11	2.49%	2	2	93	93	4.5773850170834535E-4	1	1	369	51	9	2	-T
D11_BC47_191109_LF_LIB_consensus_vsearch	4748	T	T	419	3	0.71%	2	2	93	93	0.12455516014247174	1	1	367	52	2	1	C
D11_BC47_191109_LF_LIB_consensus_vsearch	4749	T	*/+G	415	9	2.06%	2	2	93	93	0.0018711388771604682	1	1	363	52	8	1	+G
D11_BC47_191109_LF_LIB_consensus_vsearch	4750	A	A	429	6	1.36%	2	2	93	93	0.015356226321811444	1	1	375	54	5	1	G
D11_BC47_191109_LF_LIB_consensus_vsearch	4751	G	G	430	6	1.37%	2	2	93	93	0.015356841341651906	1	1	379	51	4	2	A
D11_BC47_191109_LF_LIB_consensus_vsearch	4752	T	T	438	2	0.45%	2	1	93	93	0.24971558589274387	1	1	385	53	0	2	C
D11_BC47_191109_LF_LIB_consensus_vsearch	4753	C	C	425	4	0.91%	2	2	93	93	0.0620626829618069	1	1	377	48	3	1	+T
D11_BC47_191109_LF_LIB_consensus_vsearch	4754	T	T	432	1	0.23%	2	1	93	93	0.5000000000008233	1	1	380	52	1	0	A
D11_BC47_191109_LF_LIB_consensus_vsearch	4755	T	T	433	2	0.46%	2	1	93	93	0.2497123130030455	1	1	378	55	2	0	C
D11_BC47_191109_LF_LIB_consensus_vsearch	4756	T	T	421	6	1.36%	2	2	93	93	0.01535120270746072	1	1	371	50	4	2	-G
D11_BC47_191109_LF_LIB_consensus_vsearch	4757	G	R	412	20	4.62%	2	1	93	93	7.615205227908607E-7	1	1	361	51	20	0	A
D11_BC47_191109_LF_LIB_consensus_vsearch	4758	G	G	436	1	0.23%	2	1	93	93	0.5000000000008233	1	1	384	52	1	0	A
D11_BC47_191109_LF_LIB_consensus_vsearch	4759	G	G	435	2	0.46%	2	1	93	93	0.24971363115699957	1	1	382	53	2	0	A
D11_BC47_191109_LF_LIB_consensus_vsearch	4760	A	A	432	2	0.46%	2	1	93	93	0.2497116493653279	1	1	380	52	2	0	T
D11_BC47_191109_LF_LIB_consensus_vsearch	4761	C	C	429	4	0.92%	2	1	93	93	0.062066725162242674	1	1	378	51	4	0	T
D11_BC47_191109_LF_LIB_consensus_vsearch	4762	A	A	435	1	0.23%	2	1	93	93	0.5000000000008233	1	1	383	52	1	0	+GA
D11_BC47_191109_LF_LIB_consensus_vsearch	4763	A	*/-G	425	7	1.6%	2	2	93	93	0.007623495521158642	1	1	374	51	6	1	-G
D11_BC47_191109_LF_LIB_consensus_vsearch	4764	G	R	386	42	9.81%	2	1	93	93	7.896835360218272E-14	1	1	334	52	42	0	A
D11_BC47_191109_LF_LIB_consensus_vsearch	4765	C	C	427	3	0.69%	2	2	93	93	0.12456344586746677	1	1	375	52	2	1	T
D11_BC47_191109_LF_LIB_consensus_vsearch	4766	A	A	422	3	0.7%	2	2	93	93	0.12455830388715546	1	1	371	51	2	1	G
D11_BC47_191109_LF_LIB_consensus_vsearch	4767	T	*/-AT	417	10	2.33%	2	2	93	93	9.258865234089794E-4	1	1	365	52	9	1	-AT
D11_BC47_191109_LF_LIB_consensus_vsearch	4768	A	R	403	8	1.94%	2	1	93	93	0.0037742453123195243	1	1	351	52	8	0	G
D11_BC47_191109_LF_LIB_consensus_vsearch	4769	T	T	400	4	0.99%	2	1	93	93	0.06203560460879861	1	1	350	50	4	0	+AT
D11_BC47_191109_LF_LIB_consensus_vsearch	4770	G	G	409	1	0.24%	2	1	93	93	0.4999999999999138	1	1	358	51	1	0	-A
D11_BC47_191109_LF_LIB_consensus_vsearch	4771	A	A	405	1	0.25%	2	1	93	93	0.5000000000008233	1	1	354	51	1	0	+C
D11_BC47_191109_LF_LIB_consensus_vsearch	4772	C	C	404	1	0.25%	2	1	93	93	0.4999999999999138	1	1	353	51	1	0	T
D11_BC47_191109_LF_LIB_consensus_vsearch	4773	T	T	398	0	0%	2	0	93	0	1.0	1	0	347	51	0	0	
D11_BC47_191109_LF_LIB_consensus_vsearch	4774	A	A	384	0	0%	2	0	93	0	1.0	1	0	334	50	0	0	
D11_BC47_191109_LF_LIB_consensus_vsearch	4775	C	C	377	0	0%	2	0	93	0	1.0	1	0	328	49	0	0	
