Chrom	Position	Ref	Cons	Reads1	Reads2	VarFreq	Strands1	Strands2	Qual1	Qual2	Pvalue	MapQual1	MapQual2	Reads1Plus	Reads1Minus	Reads2Plus	Reads2Minus	VarAllele
D6_BC42_191109_LF_LIB_consensus_vsearch	8	T	*/-AT	311	9	2.77%	2	2	93	93	0.0018448940461453691	1	1	135	176	5	4	-AT
D6_BC42_191109_LF_LIB_consensus_vsearch	16	T	*/-C	320	23	6.59%	2	1	93	93	8.140987603470269E-8	1	1	138	182	0	23	-C
D6_BC42_191109_LF_LIB_consensus_vsearch	17	C	*/+T	313	9	2.74%	2	1	93	93	0.0018455562033137492	1	1	141	172	0	9	+T
D6_BC42_191109_LF_LIB_consensus_vsearch	19	C	*/+A	296	21	5.98%	2	2	93	93	3.3859790920870337E-7	1	1	101	195	20	1	+A
D6_BC42_191109_LF_LIB_consensus_vsearch	19	C	*/-A	296	17	4.84%	2	1	93	93	6.103410329436627E-6	1	1	101	195	17	0	+A
D6_BC42_191109_LF_LIB_consensus_vsearch	26	T	*/-A	321	7	1.97%	2	2	93	93	0.007563937849782871	1	1	135	186	3	4	-A
D6_BC42_191109_LF_LIB_consensus_vsearch	26	T	*/-AA	321	19	5.35%	2	1	93	93	1.4728174370924248E-6	1	1	135	186	0	19	-AA
D6_BC42_191109_LF_LIB_consensus_vsearch	41	T	*/-A	317	15	4.31%	2	2	93	93	2.5961812604793588E-5	1	1	127	190	4	11	-A
D6_BC42_191109_LF_LIB_consensus_vsearch	43	A	*/-G	336	8	2.26%	2	1	93	93	0.0037487813407406246	1	1	140	196	0	8	-G
D6_BC42_191109_LF_LIB_consensus_vsearch	47	T	*/+A	324	10	2.87%	2	1	93	93	9.120540902472859E-4	1	1	137	187	0	10	+A
D6_BC42_191109_LF_LIB_consensus_vsearch	54	G	*/-T	338	7	1.98%	2	1	93	93	0.007576113653235487	1	1	128	210	7	0	-T
D6_BC42_191109_LF_LIB_consensus_vsearch	65	G	*/+A	334	8	2.27%	2	1	93	93	0.003747869361231707	1	1	135	199	0	8	+A
D6_BC42_191109_LF_LIB_consensus_vsearch	72	C	*/+A	299	20	5.68%	2	1	93	93	7.013988663481968E-7	1	1	114	185	20	0	+A
D6_BC42_191109_LF_LIB_consensus_vsearch	73	G	*/+TG	313	8	2.28%	2	1	93	93	0.0037376146101785516	1	1	117	196	0	8	+TG
D6_BC42_191109_LF_LIB_consensus_vsearch	73	G	*/-A	313	18	5.13%	2	1	93	93	3.0084920320549898E-6	1	1	117	196	18	0	-A
D6_BC42_191109_LF_LIB_consensus_vsearch	84	T	*/-A	337	7	1.97%	2	2	93	93	0.0075754305431544305	1	1	134	203	1	6	-A
D6_BC42_191109_LF_LIB_consensus_vsearch	91	G	*/+A	341	7	1.97%	2	1	93	93	0.007578139567014644	1	1	130	211	7	0	+A
D6_BC42_191109_LF_LIB_consensus_vsearch	101	A	*/-T	335	9	2.53%	2	2	93	93	0.0018523390154232843	1	1	136	199	1	8	-T
D6_BC42_191109_LF_LIB_consensus_vsearch	112	C	*/+T	289	12	3.41%	2	2	93	93	2.183212783388439E-4	1	1	127	162	5	7	+T
D6_BC42_191109_LF_LIB_consensus_vsearch	112	C	*/-T	289	38	10.8%	2	2	93	93	1.1623185005051765E-12	1	1	127	162	6	32	-T
D6_BC42_191109_LF_LIB_consensus_vsearch	112	C	*/-TT	289	8	2.27%	2	2	93	93	0.0037241392015619126	1	1	127	162	3	5	-T
D6_BC42_191109_LF_LIB_consensus_vsearch	122	T	*/-G	340	8	2.24%	2	2	93	93	0.0037505741543597316	1	1	137	203	2	6	-G
D6_BC42_191109_LF_LIB_consensus_vsearch	132	T	*/-G	335	7	1.99%	2	2	93	93	0.0075740524106117915	1	1	134	201	2	5	-G
D6_BC42_191109_LF_LIB_consensus_vsearch	139	T	*/-C	325	12	3.4%	2	2	93	93	2.2098985872739398E-4	1	1	137	188	1	11	-C
D6_BC42_191109_LF_LIB_consensus_vsearch	144	A	*/-G	336	8	2.29%	2	2	93	93	0.0037487813407406246	1	1	128	208	6	2	-G
D6_BC42_191109_LF_LIB_consensus_vsearch	147	T	*/-A	319	10	2.86%	2	2	93	93	9.11093399668269E-4	1	1	132	187	4	6	-A
D6_BC42_191109_LF_LIB_consensus_vsearch	163	G	*/+C	308	11	3.09%	2	2	93	93	4.4730386165636195E-4	1	1	120	188	6	5	+C
D6_BC42_191109_LF_LIB_consensus_vsearch	163	G	*/-C	308	28	7.87%	2	2	93	93	2.071899738408504E-9	1	1	120	188	9	19	-C
D6_BC42_191109_LF_LIB_consensus_vsearch	167	C	*/-G	300	7	1.96%	2	1	93	93	0.007547047910434978	1	1	136	164	0	7	-G
D6_BC42_191109_LF_LIB_consensus_vsearch	170	C	*/-TTC	339	12	3.4%	2	2	93	93	2.2188453181032854E-4	1	1	137	202	3	9	-TTC
D6_BC42_191109_LF_LIB_consensus_vsearch	172	T	*/-CT	324	10	2.9%	2	1	93	93	9.120540902472859E-4	1	1	135	189	0	10	-CT
D6_BC42_191109_LF_LIB_consensus_vsearch	173	C	*/-T	321	7	2.11%	2	1	93	93	0.007563937849782871	1	1	138	183	0	7	-T
D6_BC42_191109_LF_LIB_consensus_vsearch	174	T	*/-G	302	29	8.63%	2	1	93	93	9.810790220128552E-10	1	1	140	162	0	29	-G
D6_BC42_191109_LF_LIB_consensus_vsearch	178	A	*/+G	242	13	3.64%	2	2	93	93	1.0435483590733689E-4	1	1	76	166	10	3	+G
D6_BC42_191109_LF_LIB_consensus_vsearch	178	A	*/-G	242	62	17.37%	2	2	93	93	6.7640602624202154E-21	1	1	76	166	47	15	-G
D6_BC42_191109_LF_LIB_consensus_vsearch	178	A	*/-GG	242	30	8.4%	2	2	93	93	3.9967899524451845E-10	1	1	76	166	8	22	-G
D6_BC42_191109_LF_LIB_consensus_vsearch	178	A	*/-GGG	242	7	1.96%	2	1	93	93	0.007485722003053852	1	1	76	166	0	7	-G
D6_BC42_191109_LF_LIB_consensus_vsearch	181	G	*/+A	322	11	3.16%	2	1	93	93	4.4898192218289514E-4	1	1	115	207	11	0	+A
D6_BC42_191109_LF_LIB_consensus_vsearch	186	A	*/-T	343	7	1.96%	2	2	93	93	0.007579470995029922	1	1	137	206	3	4	-T
D6_BC42_191109_LF_LIB_consensus_vsearch	189	T	*/+G	339	8	2.25%	2	2	93	93	0.003750129788579787	1	1	131	208	7	1	+G
D6_BC42_191109_LF_LIB_consensus_vsearch	190	A	*/-T	337	10	2.82%	2	2	93	93	9.14424829084238E-4	1	1	129	208	6	4	-T
D6_BC42_191109_LF_LIB_consensus_vsearch	193	A	*/-G	338	7	1.99%	2	1	93	93	0.007576113653235487	1	1	133	205	7	0	-G
D6_BC42_191109_LF_LIB_consensus_vsearch	196	T	*/+A	138	156	43.94%	2	2	93	93	4.198387422883464E-60	1	1	21	117	106	50	+A
D6_BC42_191109_LF_LIB_consensus_vsearch	196	T	*/-A	138	44	12.39%	2	2	93	93	2.943329079476283E-15	1	1	21	117	6	38	+A
D6_BC42_191109_LF_LIB_consensus_vsearch	196	T	*/-AA	138	8	2.25%	2	2	93	93	0.003540077109132777	1	1	21	117	5	3	+A
D6_BC42_191109_LF_LIB_consensus_vsearch	218	C	*/-T	333	10	2.82%	2	2	93	93	9.137141362428344E-4	1	1	132	201	1	9	-T
D6_BC42_191109_LF_LIB_consensus_vsearch	219	T	*/-C	333	12	3.46%	2	2	93	93	2.215097037561235E-4	1	1	130	203	11	1	-C
D6_BC42_191109_LF_LIB_consensus_vsearch	224	T	*/-G	332	21	5.88%	2	1	93	93	3.509991578913575E-7	1	1	139	193	0	21	-G
D6_BC42_191109_LF_LIB_consensus_vsearch	236	A	*/-TAA	334	11	3.09%	2	2	93	93	4.503146372766761E-4	1	1	131	203	4	7	-TAA
D6_BC42_191109_LF_LIB_consensus_vsearch	237	T	*/-A	320	14	4.08%	2	2	93	93	5.311199679626086E-5	1	1	129	191	6	8	-A
D6_BC42_191109_LF_LIB_consensus_vsearch	239	A	*/+T	301	15	4.37%	2	1	93	93	2.574516555068671E-5	1	1	130	171	0	15	+T
D6_BC42_191109_LF_LIB_consensus_vsearch	239	A	*/-C	301	12	3.5%	2	1	93	93	2.1927657009148847E-4	1	1	130	171	0	12	+T
D6_BC42_191109_LF_LIB_consensus_vsearch	240	C	*/-T	298	26	7.58%	2	2	93	93	8.839276864017204E-9	1	1	137	161	3	23	-T
D6_BC42_191109_LF_LIB_consensus_vsearch	240	C	*/-TTC	298	8	2.33%	2	1	93	93	0.00372943747369922	1	1	137	161	0	8	-T
D6_BC42_191109_LF_LIB_consensus_vsearch	242	T	*/+C	300	11	3.21%	2	1	93	93	4.462790629293343E-4	1	1	126	174	0	11	+C
D6_BC42_191109_LF_LIB_consensus_vsearch	243	C	*/-T	292	8	2.33%	2	1	93	93	0.003725940218788008	1	1	141	151	0	8	-T
D6_BC42_191109_LF_LIB_consensus_vsearch	243	C	*/-TC	292	39	11.37%	2	1	93	93	5.538138276447453E-13	1	1	141	151	0	39	-TC
D6_BC42_191109_LF_LIB_consensus_vsearch	250	C	*/-GC	343	7	1.98%	2	2	93	93	0.007579470995029922	1	1	135	208	6	1	-GC
D6_BC42_191109_LF_LIB_consensus_vsearch	258	C	*/+T	335	7	1.96%	2	2	93	93	0.0075740524106117915	1	1	136	199	2	5	+T
D6_BC42_191109_LF_LIB_consensus_vsearch	258	C	*/-T	335	9	2.52%	2	2	93	93	0.0018523390154232843	1	1	136	199	1	8	-T
D6_BC42_191109_LF_LIB_consensus_vsearch	265	C	*/-G	329	14	3.91%	2	2	93	93	5.3310059266825466E-5	1	1	129	200	1	13	-G
D6_BC42_191109_LF_LIB_consensus_vsearch	269	G	*/-A	340	16	4.49%	2	1	93	93	1.2843675706834167E-5	1	1	125	215	16	0	-A
D6_BC42_191109_LF_LIB_consensus_vsearch	273	C	*/-T	337	10	2.81%	2	1	93	93	9.14424829084238E-4	1	1	140	197	0	10	-T
D6_BC42_191109_LF_LIB_consensus_vsearch	280	C	*/-A	334	10	2.83%	2	2	93	93	9.138933286702405E-4	1	1	128	206	6	4	-A
D6_BC42_191109_LF_LIB_consensus_vsearch	287	C	*/-T	342	8	2.25%	2	2	93	93	0.0037514553409778158	1	1	134	208	2	6	-T
D6_BC42_191109_LF_LIB_consensus_vsearch	289	G	*/-C	328	25	6.98%	2	2	93	93	1.9188023349382658E-8	1	1	114	214	23	2	-C
D6_BC42_191109_LF_LIB_consensus_vsearch	292	C	*/-T	341	7	1.95%	2	2	93	93	0.007578139567014644	1	1	140	201	2	5	-T
D6_BC42_191109_LF_LIB_consensus_vsearch	299	C	*/-T	323	24	6.7%	2	1	93	93	3.9488770690058475E-8	1	1	136	187	0	24	-T
D6_BC42_191109_LF_LIB_consensus_vsearch	303	C	*/+GG	334	7	1.97%	2	1	93	93	0.007573357318712367	1	1	139	195	0	7	+GG
D6_BC42_191109_LF_LIB_consensus_vsearch	306	T	*/-G	341	10	2.78%	2	2	93	93	9.151196338188781E-4	1	1	140	201	1	9	-G
D6_BC42_191109_LF_LIB_consensus_vsearch	309	T	*/-A	310	9	2.53%	2	2	93	93	0.0018445599018759912	1	1	139	171	1	8	-A
D6_BC42_191109_LF_LIB_consensus_vsearch	309	T	*/-AG	310	7	1.97%	2	1	93	93	0.007555368014229169	1	1	139	171	0	7	-A
D6_BC42_191109_LF_LIB_consensus_vsearch	310	A	*/+G	323	7	2.05%	2	2	93	93	0.007565435002783988	1	1	138	185	1	6	+G
D6_BC42_191109_LF_LIB_consensus_vsearch	314	T	*/-A	320	28	7.82%	2	2	93	93	2.1160275598652544E-9	1	1	118	202	22	6	-A
D6_BC42_191109_LF_LIB_consensus_vsearch	317	A	*/-G	331	13	3.68%	2	2	93	93	1.0875750416273054E-4	1	1	129	202	6	7	-G
D6_BC42_191109_LF_LIB_consensus_vsearch	321	C	*/-T	340	14	3.9%	2	2	93	93	5.35391059301433E-5	1	1	137	203	2	12	-T
D6_BC42_191109_LF_LIB_consensus_vsearch	327	T	*/-G	339	7	1.97%	2	2	93	93	0.00757679283814411	1	1	136	203	2	5	-G
D6_BC42_191109_LF_LIB_consensus_vsearch	332	T	*/+C	329	10	2.8%	2	2	93	93	9.129870042240381E-4	1	1	135	194	5	5	+C
D6_BC42_191109_LF_LIB_consensus_vsearch	332	T	*/-C	329	7	1.96%	2	1	93	93	0.007569820177023291	1	1	135	194	0	7	+C
D6_BC42_191109_LF_LIB_consensus_vsearch	336	C	*/-G	319	25	7.02%	2	2	93	93	1.896008757721476E-8	1	1	130	189	5	20	-G
D6_BC42_191109_LF_LIB_consensus_vsearch	342	A	*/-C	273	84	23.4%	2	2	93	93	2.0194029051186572E-28	1	1	87	186	55	29	-C
D6_BC42_191109_LF_LIB_consensus_vsearch	343	C	*/+G	256	11	4%	2	2	93	93	4.395812442207008E-4	1	1	75	181	8	3	+G
D6_BC42_191109_LF_LIB_consensus_vsearch	344	C	*/-G	77	7	1.95%	2	2	93	93	0.006859677187733745	1	1	54	23	2	5	-G
D6_BC42_191109_LF_LIB_consensus_vsearch	350	T	*/+A	305	9	2.55%	2	1	93	93	0.0018428577550388455	1	1	123	182	9	0	+A
D6_BC42_191109_LF_LIB_consensus_vsearch	350	T	*/-A	305	31	8.78%	2	2	93	93	2.2550043588002807E-10	1	1	123	182	9	22	-A
D6_BC42_191109_LF_LIB_consensus_vsearch	352	A	*/+G	310	7	1.99%	2	2	93	93	0.007555368014229169	1	1	120	190	5	2	+G
D6_BC42_191109_LF_LIB_consensus_vsearch	352	A	*/-G	310	20	5.68%	2	2	93	93	7.088424916186386E-7	1	1	120	190	15	5	-G
D6_BC42_191109_LF_LIB_consensus_vsearch	354	G	*/+A	342	7	1.96%	2	1	93	93	0.0075788071772909795	1	1	133	209	7	0	+A
D6_BC42_191109_LF_LIB_consensus_vsearch	356	T	*/+C	344	9	2.5%	2	1	93	93	0.0018548735082316635	1	1	142	202	0	9	+C
D6_BC42_191109_LF_LIB_consensus_vsearch	357	T	*/+C	336	8	2.22%	2	1	93	93	0.0037487813407406246	1	1	131	205	8	0	+C
D6_BC42_191109_LF_LIB_consensus_vsearch	357	T	*/-C	336	10	2.78%	2	1	93	93	9.142486664832635E-4	1	1	131	205	0	10	-C
D6_BC42_191109_LF_LIB_consensus_vsearch	362	T	*/-C	318	34	9.5%	2	2	93	93	2.520342843862474E-11	1	1	110	208	29	5	-C
D6_BC42_191109_LF_LIB_consensus_vsearch	364	C	*/-G	338	13	3.61%	2	1	93	93	1.0901283519379868E-4	1	1	139	199	0	13	-G
D6_BC42_191109_LF_LIB_consensus_vsearch	365	G	*/+A	307	35	10.09%	2	1	93	93	1.1638864132806902E-11	1	1	143	164	0	35	+A
D6_BC42_191109_LF_LIB_consensus_vsearch	368	G	*/-A	301	51	14.17%	2	2	93	93	6.299450193398915E-17	1	1	124	177	14	37	-A
D6_BC42_191109_LF_LIB_consensus_vsearch	369	A	*/+G	101	190	62.5%	2	2	93	93	1.2109487924436023E-78	1	1	49	52	67	123	+G
D6_BC42_191109_LF_LIB_consensus_vsearch	373	G	*/+C	337	8	2.26%	2	2	93	93	0.0037492334037990153	1	1	129	208	3	5	+C
D6_BC42_191109_LF_LIB_consensus_vsearch	376	T	*/+G	304	16	4.51%	2	1	93	93	1.2591001049517451E-5	1	1	134	170	0	16	+G
D6_BC42_191109_LF_LIB_consensus_vsearch	377	G	*/-A	341	8	2.25%	2	2	93	93	0.0037510159980200415	1	1	128	213	7	1	-A
D6_BC42_191109_LF_LIB_consensus_vsearch	378	A	*/-GA	316	17	4.84%	2	1	93	93	6.1878906734664695E-6	1	1	104	212	17	0	-GA
D6_BC42_191109_LF_LIB_consensus_vsearch	379	G	*/-A	305	17	5.09%	2	2	93	93	6.142615317571036E-6	1	1	111	194	6	11	-A
D6_BC42_191109_LF_LIB_consensus_vsearch	383	C	*/-G	330	10	2.82%	2	2	93	93	9.131703594937562E-4	1	1	130	200	1	9	-G
D6_BC42_191109_LF_LIB_consensus_vsearch	394	T	*/-C	339	14	3.93%	2	1	93	93	5.3518845446972046E-5	1	1	127	212	14	0	-C
D6_BC42_191109_LF_LIB_consensus_vsearch	396	C	*/+AA	288	13	3.61%	2	1	93	93	1.0694042277945121E-4	1	1	112	176	13	0	+AA
D6_BC42_191109_LF_LIB_consensus_vsearch	396	C	*/-A	288	30	8.33%	2	2	93	93	4.54452403984759E-10	1	1	112	176	6	24	-A
D6_BC42_191109_LF_LIB_consensus_vsearch	398	A	*/-G	309	20	5.63%	2	2	93	93	7.081838449371774E-7	1	1	121	188	17	3	-G
D6_BC42_191109_LF_LIB_consensus_vsearch	399	G	*/+C	277	32	9.44%	2	1	93	93	9.990404810875067E-11	1	1	119	158	0	32	+C
D6_BC42_191109_LF_LIB_consensus_vsearch	400	G	*/+A	319	14	3.9%	2	2	93	93	5.308936218245976E-5	1	1	123	196	13	1	+A
D6_BC42_191109_LF_LIB_consensus_vsearch	402	A	*/-G	317	26	7.41%	2	2	93	93	9.1090250723529E-9	1	1	138	179	3	23	-G
D6_BC42_191109_LF_LIB_consensus_vsearch	403	G	*/+C	293	17	5.2%	2	1	93	93	6.089880582399559E-6	1	1	135	158	0	17	+C
D6_BC42_191109_LF_LIB_consensus_vsearch	414	C	*/-GC	293	35	9.83%	2	2	93	93	1.1167603186326877E-11	1	1	126	167	8	27	-GC
D6_BC42_191109_LF_LIB_consensus_vsearch	414	C	*/-GCA	293	16	4.49%	2	1	93	93	1.2502938907159318E-5	1	1	126	167	0	16	-GC
D6_BC42_191109_LF_LIB_consensus_vsearch	416	C	*/-A	225	66	21.57%	2	2	93	93	2.1064553582118916E-22	1	1	121	104	5	61	-A
D6_BC42_191109_LF_LIB_consensus_vsearch	421	T	*/-AC	338	13	3.63%	2	2	93	93	1.0901283519379868E-4	1	1	131	207	9	4	-AC
D6_BC42_191109_LF_LIB_consensus_vsearch	423	C	*/+T	324	7	2.06%	2	1	93	93	0.007566176836782793	1	1	125	199	0	7	+T
D6_BC42_191109_LF_LIB_consensus_vsearch	427	A	*/-T	343	7	1.95%	2	1	93	93	0.007579470995029922	1	1	139	204	0	7	-T
D6_BC42_191109_LF_LIB_consensus_vsearch	428	T	*/-C	330	15	4.27%	2	2	93	93	2.6123899766230564E-5	1	1	128	202	10	5	-C
D6_BC42_191109_LF_LIB_consensus_vsearch	436	C	*/+G	265	12	3.37%	2	2	93	93	2.1617243785006243E-4	1	1	105	160	4	8	+G
D6_BC42_191109_LF_LIB_consensus_vsearch	436	C	*/-G	265	66	18.54%	2	2	93	93	3.6910944651448434E-22	1	1	105	160	25	41	-G
D6_BC42_191109_LF_LIB_consensus_vsearch	439	G	*/+A	348	7	1.95%	2	1	93	93	0.007582734311001454	1	1	133	215	7	0	+A
D6_BC42_191109_LF_LIB_consensus_vsearch	440	G	*/+A	336	11	3.06%	2	2	93	93	4.5052802251597764E-4	1	1	126	210	10	1	+A
D6_BC42_191109_LF_LIB_consensus_vsearch	441	A	*/-G	330	21	5.93%	2	2	93	93	3.5036832245768095E-7	1	1	122	208	17	4	-G
D6_BC42_191109_LF_LIB_consensus_vsearch	442	G	*/+A	301	10	3.03%	2	1	93	93	9.073846728008486E-4	1	1	99	202	10	0	+A
D6_BC42_191109_LF_LIB_consensus_vsearch	450	C	*/-A	333	18	5.04%	2	2	93	93	3.0505328272218947E-6	1	1	139	194	2	16	-A
D6_BC42_191109_LF_LIB_consensus_vsearch	453	T	*/-A	320	7	1.99%	2	2	93	93	0.007563182448808609	1	1	136	184	2	5	-A
D6_BC42_191109_LF_LIB_consensus_vsearch	466	A	*/-G	315	29	8.22%	2	2	93	93	1.0062075554095679E-9	1	1	130	185	2	27	-G
D6_BC42_191109_LF_LIB_consensus_vsearch	472	C	*/+T	271	35	9.86%	2	2	93	93	1.03807585474147E-11	1	1	138	133	2	33	+T
D6_BC42_191109_LF_LIB_consensus_vsearch	472	C	*/-T	271	40	11.27%	2	1	93	93	2.381275372968975E-13	1	1	138	133	0	40	-T
D6_BC42_191109_LF_LIB_consensus_vsearch	476	C	*/-G	325	14	3.95%	2	2	93	93	5.322326576251538E-5	1	1	138	187	2	12	-G
D6_BC42_191109_LF_LIB_consensus_vsearch	476	C	*/-GG	325	7	1.98%	2	1	93	93	0.007566914229586403	1	1	138	187	0	7	-G
D6_BC42_191109_LF_LIB_consensus_vsearch	485	T	*/-A	338	12	3.35%	2	2	93	93	2.2182292444366094E-4	1	1	132	206	9	3	-A
D6_BC42_191109_LF_LIB_consensus_vsearch	489	T	*/-G	314	39	10.83%	2	1	93	93	5.990280308192504E-13	1	1	139	175	0	39	-G
D6_BC42_191109_LF_LIB_consensus_vsearch	494	T	*/-G	341	11	3.07%	2	2	93	93	4.510511424149823E-4	1	1	131	210	9	2	-G
D6_BC42_191109_LF_LIB_consensus_vsearch	500	C	*/-A	319	24	6.76%	2	2	93	93	3.9292851178100465E-8	1	1	138	181	1	23	-A
D6_BC42_191109_LF_LIB_consensus_vsearch	502	A	*/-T	341	7	1.95%	2	2	93	93	0.007578139567014644	1	1	136	205	2	5	-T
D6_BC42_191109_LF_LIB_consensus_vsearch	509	T	*/-CTC	343	8	2.25%	2	1	93	93	0.0037518922043892396	1	1	140	203	0	8	-CTC
D6_BC42_191109_LF_LIB_consensus_vsearch	511	T	*/-C	332	7	2.02%	2	2	93	93	0.007571954906961894	1	1	136	196	1	6	-C
D6_BC42_191109_LF_LIB_consensus_vsearch	512	C	*/-T	327	9	2.64%	2	2	93	93	0.0018499738086392118	1	1	136	191	1	8	-T
D6_BC42_191109_LF_LIB_consensus_vsearch	519	A	*/-G	347	8	2.23%	2	2	93	93	0.003753615277703552	1	1	140	207	2	6	-G
D6_BC42_191109_LF_LIB_consensus_vsearch	524	C	*/-A	335	10	2.8%	2	2	93	93	9.140715025325323E-4	1	1	137	198	3	7	-A
D6_BC42_191109_LF_LIB_consensus_vsearch	528	T	*/-G	218	133	37.05%	2	1	93	93	1.6116516259474268E-47	1	1	141	77	0	133	-G
D6_BC42_191109_LF_LIB_consensus_vsearch	531	A	*/-G	317	26	7.28%	2	2	93	93	9.1090250723529E-9	1	1	126	191	11	15	-G
D6_BC42_191109_LF_LIB_consensus_vsearch	532	G	*/+T	309	12	3.65%	2	1	93	93	2.1987513936562003E-4	1	1	124	185	0	12	+T
D6_BC42_191109_LF_LIB_consensus_vsearch	533	G	*/+A	330	17	4.78%	2	1	93	93	6.241688633175974E-6	1	1	118	212	17	0	+A
D6_BC42_191109_LF_LIB_consensus_vsearch	535	C	*/-A	326	7	1.96%	2	2	93	93	0.007567647220958338	1	1	135	191	3	4	-A
D6_BC42_191109_LF_LIB_consensus_vsearch	535	C	*/-AA	326	8	2.24%	2	1	93	93	0.0037441133177138837	1	1	135	191	0	8	-AA
D6_BC42_191109_LF_LIB_consensus_vsearch	541	T	*/-G	302	37	10.42%	2	2	93	93	2.5749330668027314E-12	1	1	135	167	2	35	-G
D6_BC42_191109_LF_LIB_consensus_vsearch	556	C	*/-G	333	9	2.51%	2	2	93	93	0.001851757938835181	1	1	129	204	3	6	-G
D6_BC42_191109_LF_LIB_consensus_vsearch	563	T	*/-C	334	17	4.75%	2	2	93	93	6.256332295348442E-6	1	1	123	211	15	2	-C
D6_BC42_191109_LF_LIB_consensus_vsearch	568	C	*/-T	334	22	6.15%	2	1	93	93	1.7061913707974897E-7	1	1	140	194	0	22	-T
D6_BC42_191109_LF_LIB_consensus_vsearch	569	T	*/-C	290	43	12.76%	2	2	93	93	2.668360299087388E-14	1	1	99	191	40	3	-C
D6_BC42_191109_LF_LIB_consensus_vsearch	583	T	*/+AT	330	8	2.31%	2	1	93	93	0.0037460133446050297	1	1	140	190	0	8	+AT
D6_BC42_191109_LF_LIB_consensus_vsearch	584	T	*/+A	316	11	3.07%	2	2	93	93	4.4827987282311293E-4	1	1	124	192	7	4	+A
D6_BC42_191109_LF_LIB_consensus_vsearch	584	T	*/-A	316	14	3.91%	2	2	93	93	5.3020677016859766E-5	1	1	124	192	7	7	-A
D6_BC42_191109_LF_LIB_consensus_vsearch	590	T	*/+A	342	8	2.22%	2	1	93	93	0.0037514553409778158	1	1	133	209	8	0	+A
D6_BC42_191109_LF_LIB_consensus_vsearch	599	T	*/+A	223	22	6.15%	2	2	93	93	1.4558969302607032E-7	1	1	92	131	7	15	+A
D6_BC42_191109_LF_LIB_consensus_vsearch	599	T	*/-A	223	91	25.42%	2	2	93	93	1.9131218619892163E-31	1	1	92	131	32	59	-A
D6_BC42_191109_LF_LIB_consensus_vsearch	599	T	*/-AA	223	16	4.47%	2	2	93	93	1.177110704126969E-5	1	1	92	131	8	8	-A
D6_BC42_191109_LF_LIB_consensus_vsearch	605	G	*/+C	334	22	6.13%	2	2	93	93	1.7061913707974897E-7	1	1	141	193	1	21	+C
D6_BC42_191109_LF_LIB_consensus_vsearch	607	T	*/-C	329	17	4.78%	2	2	93	93	6.237978960098206E-6	1	1	137	192	2	15	-C
D6_BC42_191109_LF_LIB_consensus_vsearch	608	C	*/+A	316	8	2.35%	2	2	93	93	0.0037391601206060374	1	1	135	181	1	7	+A
D6_BC42_191109_LF_LIB_consensus_vsearch	608	C	*/-GT	316	8	2.35%	2	1	93	93	0.0037391601206060374	1	1	135	181	0	8	+A
D6_BC42_191109_LF_LIB_consensus_vsearch	618	C	*/-T	333	9	2.52%	2	2	93	93	0.001851757938835181	1	1	133	200	3	6	-T
D6_BC42_191109_LF_LIB_consensus_vsearch	618	C	*/-TT	333	11	3.08%	2	2	93	93	4.5020703801756977E-4	1	1	133	200	3	8	-TT
D6_BC42_191109_LF_LIB_consensus_vsearch	620	T	*/+C	297	41	11.78%	2	2	93	93	1.2502897363524119E-13	1	1	96	201	39	2	+C
D6_BC42_191109_LF_LIB_consensus_vsearch	622	A	*/-G	329	12	3.39%	2	2	93	93	2.212527302735519E-4	1	1	134	195	4	8	-G
D6_BC42_191109_LF_LIB_consensus_vsearch	626	C	*/-T	345	7	1.96%	2	2	93	93	0.007580787381458834	1	1	138	207	1	6	-T
D6_BC42_191109_LF_LIB_consensus_vsearch	631	T	*/-G	336	7	1.97%	2	1	93	93	0.007574743473790617	1	1	139	197	0	7	-G
D6_BC42_191109_LF_LIB_consensus_vsearch	641	G	*/+C	316	14	3.9%	2	1	93	93	5.3020677016859766E-5	1	1	107	209	14	0	+C
D6_BC42_191109_LF_LIB_consensus_vsearch	641	G	*/-C	316	22	6.13%	2	2	93	93	1.675067125618624E-7	1	1	107	209	21	1	-C
D6_BC42_191109_LF_LIB_consensus_vsearch	643	C	*/-T	340	9	2.5%	2	1	93	93	0.0018537629787316217	1	1	142	198	0	9	-T
D6_BC42_191109_LF_LIB_consensus_vsearch	663	G	*/-C	341	9	2.53%	2	2	93	93	0.0018540429575330279	1	1	137	204	3	6	-C
D6_BC42_191109_LF_LIB_consensus_vsearch	665	T	*/-G	322	16	4.52%	2	2	93	93	1.2723600378402164E-5	1	1	132	190	4	12	-G
D6_BC42_191109_LF_LIB_consensus_vsearch	667	G	*/+A	340	7	1.99%	2	1	93	93	0.007577468131623444	1	1	133	207	7	0	+A
D6_BC42_191109_LF_LIB_consensus_vsearch	670	C	*/-T	338	8	2.25%	2	2	93	93	0.0037496828790229684	1	1	138	200	2	6	-T
D6_BC42_191109_LF_LIB_consensus_vsearch	673	A	*/-C	332	10	2.79%	2	1	93	93	9.135339164919169E-4	1	1	136	196	0	10	-C
D6_BC42_191109_LF_LIB_consensus_vsearch	674	C	*/+T	333	9	2.6%	2	1	93	93	0.001851757938835181	1	1	140	193	0	9	+T
D6_BC42_191109_LF_LIB_consensus_vsearch	676	T	*/-CT	330	8	2.27%	2	1	93	93	0.0037460133446050297	1	1	137	193	0	8	-CT
D6_BC42_191109_LF_LIB_consensus_vsearch	677	C	*/-T	310	31	8.93%	2	2	93	93	2.2802620175502408E-10	1	1	142	168	1	30	-T
D6_BC42_191109_LF_LIB_consensus_vsearch	678	T	*/+CT	302	10	3.13%	2	2	93	93	9.076016973983641E-4	1	1	139	163	1	9	+CT
D6_BC42_191109_LF_LIB_consensus_vsearch	679	T	*/-G	330	13	3.63%	2	2	93	93	1.0872021177752496E-4	1	1	133	197	3	10	-G
D6_BC42_191109_LF_LIB_consensus_vsearch	680	G	*/+A	314	12	3.46%	2	1	93	93	2.2023483984847107E-4	1	1	115	199	12	0	+A
D6_BC42_191109_LF_LIB_consensus_vsearch	685	G	*/-C	340	9	2.55%	2	2	93	93	0.0018537629787316217	1	1	132	208	7	2	-C
D6_BC42_191109_LF_LIB_consensus_vsearch	693	G	*/-C	313	16	4.53%	2	2	93	93	1.2658985159540788E-5	1	1	124	189	8	8	-C
D6_BC42_191109_LF_LIB_consensus_vsearch	694	C	*/+T	294	31	9.23%	2	2	93	93	2.1976311924772565E-10	1	1	132	162	1	30	+T
D6_BC42_191109_LF_LIB_consensus_vsearch	696	C	*/-T	331	12	3.36%	2	1	93	93	2.2138194180680858E-4	1	1	138	193	0	12	-T
D6_BC42_191109_LF_LIB_consensus_vsearch	708	T	*/-GT	285	56	15.69%	2	2	93	93	1.1840794389630662E-18	1	1	124	161	17	39	-GT
D6_BC42_191109_LF_LIB_consensus_vsearch	711	C	*/+A	267	11	3.15%	2	1	93	93	4.4144812348402026E-4	1	1	95	172	11	0	+A
D6_BC42_191109_LF_LIB_consensus_vsearch	711	C	*/-G	267	51	14.61%	2	2	93	93	5.018385308022688E-17	1	1	95	172	31	20	-G
D6_BC42_191109_LF_LIB_consensus_vsearch	715	G	*/-A	342	7	1.95%	2	2	93	93	0.0075788071772909795	1	1	135	207	6	1	-A
D6_BC42_191109_LF_LIB_consensus_vsearch	717	A	*/-C	340	10	2.79%	2	1	93	93	9.149473929364378E-4	1	1	126	214	10	0	-C
D6_BC42_191109_LF_LIB_consensus_vsearch	719	C	*/-A	343	8	2.23%	2	2	93	93	0.0037518922043892396	1	1	135	208	6	2	-A
D6_BC42_191109_LF_LIB_consensus_vsearch	720	A	*/-G	318	22	6.27%	2	2	93	93	1.6786640951141552E-7	1	1	131	187	2	20	-G
D6_BC42_191109_LF_LIB_consensus_vsearch	724	C	*/+T	179	124	34.64%	2	2	93	93	5.3851859563470016E-45	1	1	93	86	16	108	+T
D6_BC42_191109_LF_LIB_consensus_vsearch	724	C	*/+TT	179	8	2.23%	2	2	93	93	0.0036189151712300786	1	1	93	86	2	6	+T
D6_BC42_191109_LF_LIB_consensus_vsearch	724	C	*/-T	179	26	7.26%	2	2	93	93	6.395320378182074E-9	1	1	93	86	12	14	-T
D6_BC42_191109_LF_LIB_consensus_vsearch	724	C	*/-TT	179	16	4.47%	2	1	93	93	1.1074415688876696E-5	1	1	93	86	16	0	-T
D6_BC42_191109_LF_LIB_consensus_vsearch	728	A	*/-C	336	11	3.09%	2	2	93	93	4.5052802251597764E-4	1	1	125	211	8	3	-C
D6_BC42_191109_LF_LIB_consensus_vsearch	730	C	*/-T	302	29	8.26%	2	2	93	93	9.810790220128552E-10	1	1	119	183	4	25	-T
D6_BC42_191109_LF_LIB_consensus_vsearch	732	T	*/+G	320	8	2.29%	2	1	93	93	0.003741177272389607	1	1	123	197	0	8	+G
D6_BC42_191109_LF_LIB_consensus_vsearch	734	A	*/-GA	334	15	4.2%	2	1	93	93	2.6171482207598267E-5	1	1	122	212	15	0	-GA
D6_BC42_191109_LF_LIB_consensus_vsearch	735	G	*/+A	312	10	2.92%	2	1	93	93	9.096993569105878E-4	1	1	120	192	0	10	+A
D6_BC42_191109_LF_LIB_consensus_vsearch	735	G	*/-A	312	17	4.97%	2	2	93	93	6.1717482164026E-6	1	1	120	192	5	12	-A
D6_BC42_191109_LF_LIB_consensus_vsearch	742	A	*/+G	331	13	3.65%	2	2	93	93	1.0875750416273054E-4	1	1	130	201	1	12	+G
D6_BC42_191109_LF_LIB_consensus_vsearch	745	G	*/-T	334	20	5.59%	2	1	93	93	7.236611462334007E-7	1	1	139	195	0	20	-T
D6_BC42_191109_LF_LIB_consensus_vsearch	750	C	*/+A	323	11	3.11%	2	2	93	93	4.4909654291777526E-4	1	1	124	199	9	2	+A
D6_BC42_191109_LF_LIB_consensus_vsearch	750	C	*/-A	323	8	2.26%	2	1	93	93	0.003742658465833677	1	1	124	199	8	0	+A
D6_BC42_191109_LF_LIB_consensus_vsearch	750	C	*/-AA	323	10	2.82%	2	2	93	93	9.118642134740773E-4	1	1	124	199	1	9	-AA
D6_BC42_191109_LF_LIB_consensus_vsearch	756	A	*/-G	341	8	2.25%	2	2	93	93	0.0037510159980200415	1	1	137	204	2	6	-G
D6_BC42_191109_LF_LIB_consensus_vsearch	767	C	*/+G	326	7	1.95%	2	2	93	93	0.007567647220958338	1	1	133	193	1	6	+G
D6_BC42_191109_LF_LIB_consensus_vsearch	777	A	*/+G	341	7	1.96%	2	1	93	93	0.007578139567014644	1	1	141	200	0	7	+G
D6_BC42_191109_LF_LIB_consensus_vsearch	789	T	*/+A	310	11	3.13%	2	2	93	93	4.475522998053483E-4	1	1	122	188	6	5	+A
D6_BC42_191109_LF_LIB_consensus_vsearch	789	T	*/-A	310	17	4.84%	2	2	93	93	6.163541205601007E-6	1	1	122	188	3	14	-A
D6_BC42_191109_LF_LIB_consensus_vsearch	795	A	*/-G	309	42	11.86%	2	1	93	93	6.169350945402682E-14	1	1	137	172	0	42	-G
D6_BC42_191109_LF_LIB_consensus_vsearch	800	G	*/-TG	297	48	13.48%	2	1	93	93	6.129132694327362E-16	1	1	137	160	0	48	-TG
D6_BC42_191109_LF_LIB_consensus_vsearch	805	G	*/+T	341	9	2.51%	2	2	93	93	0.0018540429575330279	1	1	133	208	6	3	+T
D6_BC42_191109_LF_LIB_consensus_vsearch	806	T	*/+C	348	8	2.23%	2	1	93	93	0.0037540400527031974	1	1	143	205	0	8	+C
D6_BC42_191109_LF_LIB_consensus_vsearch	808	C	*/-T	335	15	4.23%	2	2	93	93	2.618321754652276E-5	1	1	139	196	1	14	-T
D6_BC42_191109_LF_LIB_consensus_vsearch	810	A	*/+T	302	15	4.2%	2	2	93	93	2.5759306362258643E-5	1	1	117	185	10	5	+T
D6_BC42_191109_LF_LIB_consensus_vsearch	810	A	*/-T	302	32	8.96%	2	2	93	93	1.0677586384920852E-10	1	1	117	185	9	23	-T
D6_BC42_191109_LF_LIB_consensus_vsearch	817	T	*/-G	344	9	2.51%	2	2	93	93	0.0018548735082316635	1	1	139	205	1	8	-G
D6_BC42_191109_LF_LIB_consensus_vsearch	822	T	*/+C	341	13	3.62%	2	2	93	93	1.0911929214498748E-4	1	1	136	205	6	7	+C
D6_BC42_191109_LF_LIB_consensus_vsearch	823	C	*/+T	317	10	2.82%	2	1	93	93	9.107010665572475E-4	1	1	138	179	0	10	+T
D6_BC42_191109_LF_LIB_consensus_vsearch	823	C	*/-T	317	20	5.63%	2	2	93	93	7.13356662328966E-7	1	1	138	179	2	18	-T
D6_BC42_191109_LF_LIB_consensus_vsearch	825	A	*/-G	328	18	5.07%	2	1	93	93	3.040437152404763E-6	1	1	118	210	18	0	-G
D6_BC42_191109_LF_LIB_consensus_vsearch	826	G	*/+A	322	12	3.53%	2	2	93	93	2.2078871135836308E-4	1	1	109	213	11	1	+A
D6_BC42_191109_LF_LIB_consensus_vsearch	835	T	*/-A	331	11	3.11%	2	2	93	93	4.499900004081131E-4	1	1	140	191	2	9	-A
D6_BC42_191109_LF_LIB_consensus_vsearch	842	T	*/-AAT	347	7	1.94%	2	1	93	93	0.007582088979764471	1	1	141	206	0	7	-AAT
D6_BC42_191109_LF_LIB_consensus_vsearch	846	A	*/-G	251	55	15.32%	2	2	93	93	1.9261115365300753E-18	1	1	136	115	3	52	-G
D6_BC42_191109_LF_LIB_consensus_vsearch	846	A	*/-GG	251	41	11.42%	2	1	93	93	1.0044441048203882E-13	1	1	136	115	0	41	-G
D6_BC42_191109_LF_LIB_consensus_vsearch	852	A	*/-G	336	9	2.51%	2	2	93	93	0.001852627063167724	1	1	133	203	2	7	-G
D6_BC42_191109_LF_LIB_consensus_vsearch	855	T	*/-G	251	85	23.68%	2	2	93	93	5.810928957552839E-29	1	1	109	142	29	56	-G
D6_BC42_191109_LF_LIB_consensus_vsearch	855	T	*/-GGG	251	10	2.79%	2	1	93	93	8.944678342239841E-4	1	1	109	142	0	10	-G
D6_BC42_191109_LF_LIB_consensus_vsearch	865	A	*/-G	346	7	1.96%	2	1	93	93	0.007581440013514741	1	1	142	204	0	7	-G
D6_BC42_191109_LF_LIB_consensus_vsearch	870	T	*/+C	336	9	2.52%	2	1	93	93	0.001852627063167724	1	1	132	204	9	0	+C
D6_BC42_191109_LF_LIB_consensus_vsearch	870	T	*/-C	336	10	2.8%	2	1	93	93	9.142486664832635E-4	1	1	132	204	0	10	-C
D6_BC42_191109_LF_LIB_consensus_vsearch	879	A	*/+G	324	11	3.13%	2	2	93	93	4.4921049736342E-4	1	1	127	197	1	10	+G
D6_BC42_191109_LF_LIB_consensus_vsearch	879	A	*/-G	324	7	1.99%	2	1	93	93	0.007566176836782793	1	1	127	197	7	0	+G
D6_BC42_191109_LF_LIB_consensus_vsearch	880	G	*/-A	337	7	2.02%	2	2	93	93	0.0075754305431544305	1	1	127	210	4	3	-A
D6_BC42_191109_LF_LIB_consensus_vsearch	881	A	*/-G	313	24	6.96%	2	2	93	93	3.899184221756254E-8	1	1	106	207	23	1	-G
D6_BC42_191109_LF_LIB_consensus_vsearch	882	G	*/+A	306	10	3.02%	2	1	93	93	9.08456353117801E-4	1	1	103	203	10	0	+A
D6_BC42_191109_LF_LIB_consensus_vsearch	882	G	*/+T	306	8	2.42%	2	2	93	93	0.0037338947977920084	1	1	103	203	1	7	+A
D6_BC42_191109_LF_LIB_consensus_vsearch	890	T	*/-C	335	10	2.79%	2	1	93	93	9.140715025325323E-4	1	1	136	199	0	10	-C
D6_BC42_191109_LF_LIB_consensus_vsearch	891	C	*/-T	309	29	8.38%	2	2	93	93	9.947820520041474E-10	1	1	139	170	1	28	-T
D6_BC42_191109_LF_LIB_consensus_vsearch	893	T	*/-G	317	32	9.01%	2	2	93	93	1.1059208120208755E-10	1	1	136	181	1	31	-G
D6_BC42_191109_LF_LIB_consensus_vsearch	895	G	*/-AT	343	10	2.8%	2	1	93	93	9.154612436605753E-4	1	1	127	216	10	0	-AT
D6_BC42_191109_LF_LIB_consensus_vsearch	896	A	*/-T	322	13	3.77%	2	2	93	93	1.0841418786432788E-4	1	1	123	199	4	9	-T
D6_BC42_191109_LF_LIB_consensus_vsearch	899	T	*/-AC	339	7	1.95%	2	1	93	93	0.00757679283814411	1	1	135	204	7	0	-AC
D6_BC42_191109_LF_LIB_consensus_vsearch	901	C	*/+G	313	8	2.28%	2	1	93	93	0.0037376146101785516	1	1	132	181	0	8	+G
D6_BC42_191109_LF_LIB_consensus_vsearch	907	A	*/+T	336	7	1.97%	2	1	93	93	0.007574743473790617	1	1	128	208	0	7	+T
D6_BC42_191109_LF_LIB_consensus_vsearch	908	C	*/-T	331	7	1.99%	2	2	93	93	0.007571247515222922	1	1	126	205	1	6	-T
D6_BC42_191109_LF_LIB_consensus_vsearch	913	T	*/+G	249	12	3.42%	2	1	93	93	2.1452978457341625E-4	1	1	135	114	0	12	+G
D6_BC42_191109_LF_LIB_consensus_vsearch	914	A	*/+T	304	34	9.63%	2	1	93	93	2.429984059748641E-11	1	1	130	174	0	34	+T
D6_BC42_191109_LF_LIB_consensus_vsearch	915	C	*/+A	286	7	1.98%	2	1	93	93	0.007534452362820865	1	1	138	148	0	7	+A
D6_BC42_191109_LF_LIB_consensus_vsearch	915	C	*/-T	286	27	7.65%	2	2	93	93	4.147947830365433E-9	1	1	138	148	1	26	-T
D6_BC42_191109_LF_LIB_consensus_vsearch	918	C	*/+A	306	8	2.3%	2	2	93	93	0.0037338947977920084	1	1	113	193	6	2	+A
D6_BC42_191109_LF_LIB_consensus_vsearch	918	C	*/-G	306	7	2.01%	2	2	93	93	0.007552103349072626	1	1	113	193	4	3	+A
D6_BC42_191109_LF_LIB_consensus_vsearch	918	C	*/-GA	306	7	2.01%	2	1	93	93	0.007552103349072626	1	1	113	193	7	0	+A
D6_BC42_191109_LF_LIB_consensus_vsearch	918	C	*/-GAA	306	7	2.01%	2	1	93	93	0.007552103349072626	1	1	113	193	7	0	+A
D6_BC42_191109_LF_LIB_consensus_vsearch	919	G	*/+A	294	8	2.42%	2	2	93	93	0.0037271212392205283	1	1	108	186	5	3	+A
D6_BC42_191109_LF_LIB_consensus_vsearch	919	G	*/-A	294	10	3.02%	2	2	93	93	9.058264089278193E-4	1	1	108	186	7	3	-A
D6_BC42_191109_LF_LIB_consensus_vsearch	919	G	*/-AA	294	10	3.02%	2	1	93	93	9.058264089278193E-4	1	1	108	186	0	10	-A
D6_BC42_191109_LF_LIB_consensus_vsearch	922	A	*/-G	339	12	3.38%	2	2	93	93	2.2188453181032854E-4	1	1	131	208	11	1	-G
D6_BC42_191109_LF_LIB_consensus_vsearch	925	A	*/-T	317	27	7.54%	2	2	93	93	4.382143793901714E-9	1	1	116	201	21	6	-T
D6_BC42_191109_LF_LIB_consensus_vsearch	929	G	*/-C	319	16	4.56%	2	2	93	93	1.2702420758458036E-5	1	1	113	206	14	2	-C
D6_BC42_191109_LF_LIB_consensus_vsearch	931	C	*/-A	322	24	6.72%	2	2	93	93	3.944013985006252E-8	1	1	118	204	17	7	-A
D6_BC42_191109_LF_LIB_consensus_vsearch	933	A	*/-G	337	16	4.46%	2	2	93	93	1.2824457201617241E-5	1	1	129	208	12	4	-G
D6_BC42_191109_LF_LIB_consensus_vsearch	938	G	*/-T	314	29	8.1%	2	2	93	93	1.0043233324336785E-9	1	1	105	209	25	4	-T
D6_BC42_191109_LF_LIB_consensus_vsearch	950	C	*/-A	328	23	6.42%	2	2	93	93	8.214452960455268E-8	1	1	117	211	20	3	-A
D6_BC42_191109_LF_LIB_consensus_vsearch	957	G	*/-A	339	9	2.53%	2	2	93	93	0.0018534814134889795	1	1	129	210	7	2	-A
D6_BC42_191109_LF_LIB_consensus_vsearch	963	T	*/-A	332	15	4.19%	2	2	93	93	2.6147820246688997E-5	1	1	124	208	13	2	-A
D6_BC42_191109_LF_LIB_consensus_vsearch	964	A	*/+G	169	13	3.85%	2	2	93	93	9.777264385923668E-5	1	1	101	68	3	10	+G
D6_BC42_191109_LF_LIB_consensus_vsearch	964	A	*/-G	169	122	36.09%	2	2	93	93	1.699336947053118E-44	1	1	101	68	15	107	-G
D6_BC42_191109_LF_LIB_consensus_vsearch	964	A	*/-GG	169	24	7.1%	2	2	93	93	2.782185032369148E-8	1	1	101	68	10	14	-G
D6_BC42_191109_LF_LIB_consensus_vsearch	964	A	*/-GGG	169	8	2.37%	2	1	93	93	0.0036029884966937457	1	1	101	68	0	8	-G
D6_BC42_191109_LF_LIB_consensus_vsearch	972	G	*/-A	314	31	8.73%	2	2	93	93	2.3001116106969336E-10	1	1	136	178	3	28	-A
D6_BC42_191109_LF_LIB_consensus_vsearch	982	A	*/+G	333	7	1.97%	2	1	93	93	0.007572658162744914	1	1	136	197	0	7	+G
D6_BC42_191109_LF_LIB_consensus_vsearch	993	T	*/-A	338	7	1.96%	2	1	93	93	0.007576113653235487	1	1	138	200	0	7	-A
D6_BC42_191109_LF_LIB_consensus_vsearch	997	C	*/+T	344	7	1.97%	2	2	93	93	0.007580131052467943	1	1	138	206	1	6	+T
D6_BC42_191109_LF_LIB_consensus_vsearch	1005	T	*/-A	332	7	1.96%	2	2	93	93	0.007571954906961894	1	1	138	194	3	4	-A
D6_BC42_191109_LF_LIB_consensus_vsearch	1015	C	*/+G	339	7	1.95%	2	2	93	93	0.00757679283814411	1	1	132	207	2	5	+G
D6_BC42_191109_LF_LIB_consensus_vsearch	1020	A	*/-G	212	119	33.62%	2	2	93	93	3.325442737146536E-42	1	1	122	90	8	111	-G
D6_BC42_191109_LF_LIB_consensus_vsearch	1020	A	*/-GG	212	12	3.39%	2	2	93	93	2.0987757342671282E-4	1	1	122	90	1	11	-G
D6_BC42_191109_LF_LIB_consensus_vsearch	1026	C	*/-G	339	8	2.23%	2	2	93	93	0.003750129788579787	1	1	138	201	1	7	-G
D6_BC42_191109_LF_LIB_consensus_vsearch	1029	G	*/-CG	342	7	1.94%	2	1	93	93	0.0075788071772909795	1	1	140	202	0	7	-CG
D6_BC42_191109_LF_LIB_consensus_vsearch	1033	A	*/+C	341	9	2.5%	2	1	93	93	0.0018540429575330279	1	1	138	203	0	9	+C
D6_BC42_191109_LF_LIB_consensus_vsearch	1035	T	*/-C	324	13	3.65%	2	1	93	93	1.0849200013056711E-4	1	1	139	185	0	13	-C
D6_BC42_191109_LF_LIB_consensus_vsearch	1036	C	*/-A	324	14	4.03%	2	1	93	93	5.320126228626518E-5	1	1	141	183	0	14	-A
D6_BC42_191109_LF_LIB_consensus_vsearch	1046	T	*/-GT	307	42	11.73%	2	2	93	93	6.120448438325942E-14	1	1	129	178	10	32	-GT
D6_BC42_191109_LF_LIB_consensus_vsearch	1050	G	*/-C	339	10	2.82%	2	1	93	93	9.147741839900973E-4	1	1	138	201	0	10	-C
D6_BC42_191109_LF_LIB_consensus_vsearch	1056	C	*/+A	344	9	2.51%	2	1	93	93	0.0018548735082316635	1	1	140	204	0	9	+A
D6_BC42_191109_LF_LIB_consensus_vsearch	1057	A	*/-C	337	11	3.06%	2	2	93	93	4.5063381864919106E-4	1	1	137	200	1	10	-C
D6_BC42_191109_LF_LIB_consensus_vsearch	1059	C	*/+T	322	9	2.51%	2	2	93	93	0.0018484383554464782	1	1	133	189	4	5	+T
D6_BC42_191109_LF_LIB_consensus_vsearch	1059	C	*/-T	322	17	4.74%	2	1	93	93	6.211447452082619E-6	1	1	133	189	0	17	-T
D6_BC42_191109_LF_LIB_consensus_vsearch	1065	A	*/-G	284	26	7.43%	2	2	93	93	8.624387607661131E-9	1	1	72	212	25	1	-G
D6_BC42_191109_LF_LIB_consensus_vsearch	1065	A	*/-GA	284	25	7.14%	2	2	93	93	1.7974733768148396E-8	1	1	72	212	23	2	-G
D6_BC42_191109_LF_LIB_consensus_vsearch	1066	G	*/+A	284	7	2.35%	2	2	93	93	0.007532554766260561	1	1	74	210	6	1	+A
D6_BC42_191109_LF_LIB_consensus_vsearch	1071	C	*/-A	337	8	2.23%	2	1	93	93	0.0037492334037990153	1	1	130	207	8	0	-A
D6_BC42_191109_LF_LIB_consensus_vsearch	1071	C	*/-AA	337	9	2.51%	2	2	93	93	0.0018529134694595746	1	1	130	207	2	7	-AA
D6_BC42_191109_LF_LIB_consensus_vsearch	1077	C	*/-T	328	20	5.57%	2	1	93	93	7.201259629387724E-7	1	1	139	189	0	20	-T
D6_BC42_191109_LF_LIB_consensus_vsearch	1080	T	*/-G	329	19	5.28%	2	2	93	93	1.4818397474469007E-6	1	1	140	189	1	18	-G
D6_BC42_191109_LF_LIB_consensus_vsearch	1087	T	*/+G	193	50	14.01%	2	2	93	93	5.33415773002511E-17	1	1	85	108	5	45	+G
D6_BC42_191109_LF_LIB_consensus_vsearch	1087	T	*/-G	193	89	24.93%	2	2	93	93	4.08078605994958E-31	1	1	85	108	38	51	-G
D6_BC42_191109_LF_LIB_consensus_vsearch	1087	T	*/-GG	193	15	4.2%	2	2	93	93	2.349357883668848E-5	1	1	85	108	10	5	-G
D6_BC42_191109_LF_LIB_consensus_vsearch	1092	G	*/+A	313	12	3.33%	2	1	93	93	2.2016375465967462E-4	1	1	107	206	12	0	+A
D6_BC42_191109_LF_LIB_consensus_vsearch	1094	G	*/-T	340	7	1.99%	2	1	93	93	0.007577468131623444	1	1	137	203	0	7	-T
D6_BC42_191109_LF_LIB_consensus_vsearch	1097	T	*/-G	331	10	2.85%	2	2	93	93	9.133526605627675E-4	1	1	133	198	3	7	-G
D6_BC42_191109_LF_LIB_consensus_vsearch	1103	C	*/-A	325	10	2.87%	2	2	93	93	9.122428561847083E-4	1	1	124	201	7	3	-A
D6_BC42_191109_LF_LIB_consensus_vsearch	1110	G	*/-A	342	10	2.8%	2	2	93	93	9.152909147267318E-4	1	1	136	206	4	6	-A
D6_BC42_191109_LF_LIB_consensus_vsearch	1114	C	*/-T	331	16	4.47%	2	2	93	93	1.2785090312088044E-5	1	1	125	206	8	8	-T
D6_BC42_191109_LF_LIB_consensus_vsearch	1116	T	*/+A	311	7	1.98%	2	1	93	93	0.007556171430833954	1	1	105	206	7	0	+A
D6_BC42_191109_LF_LIB_consensus_vsearch	1116	T	*/-A	311	14	3.97%	2	2	93	93	5.2903529044944014E-5	1	1	105	206	12	2	-A
D6_BC42_191109_LF_LIB_consensus_vsearch	1119	A	*/-G	335	8	2.23%	2	2	93	93	0.0037483266674446895	1	1	131	204	3	5	-G
D6_BC42_191109_LF_LIB_consensus_vsearch	1121	G	*/-A	335	12	3.38%	2	1	93	93	2.2163604035931107E-4	1	1	122	213	12	0	-A
D6_BC42_191109_LF_LIB_consensus_vsearch	1128	C	*/+G	336	7	1.95%	2	1	93	93	0.007574743473790617	1	1	136	200	0	7	+G
D6_BC42_191109_LF_LIB_consensus_vsearch	1132	A	*/-G	320	27	7.5%	2	2	93	93	4.403111239843621E-9	1	1	131	189	5	22	-G
D6_BC42_191109_LF_LIB_consensus_vsearch	1133	G	*/+A	305	11	3.34%	2	1	93	93	4.4692547275489896E-4	1	1	116	189	11	0	+A
D6_BC42_191109_LF_LIB_consensus_vsearch	1140	A	*/-C	337	7	1.98%	2	2	93	93	0.0075754305431544305	1	1	130	207	3	4	-C
D6_BC42_191109_LF_LIB_consensus_vsearch	1141	C	*/+T	307	11	3.18%	2	1	93	93	4.471785032510738E-4	1	1	131	176	0	11	+T
D6_BC42_191109_LF_LIB_consensus_vsearch	1143	A	*/-G	316	10	2.82%	2	2	93	93	9.105031320485759E-4	1	1	130	186	4	6	-G
D6_BC42_191109_LF_LIB_consensus_vsearch	1147	G	*/-TG	300	44	12.36%	2	2	93	93	1.3083874645453983E-14	1	1	134	166	2	42	-TG
D6_BC42_191109_LF_LIB_consensus_vsearch	1150	G	*/-A	349	7	1.97%	2	1	93	93	0.007583376037704121	1	1	136	213	7	0	-A
D6_BC42_191109_LF_LIB_consensus_vsearch	1153	C	*/+T	344	7	1.96%	2	1	93	93	0.007580131052467943	1	1	138	206	0	7	+T
D6_BC42_191109_LF_LIB_consensus_vsearch	1154	C	*/+A	348	7	1.94%	2	2	93	93	0.007582734311001454	1	1	141	207	1	6	+A
D6_BC42_191109_LF_LIB_consensus_vsearch	1155	T	*/+G	330	9	2.51%	2	1	93	93	0.0018508736540161308	1	1	140	190	0	9	+G
D6_BC42_191109_LF_LIB_consensus_vsearch	1156	G	*/-C	336	8	2.25%	2	1	93	93	0.0037487813407406246	1	1	141	195	0	8	-C
D6_BC42_191109_LF_LIB_consensus_vsearch	1160	C	*/-T	270	12	3.36%	2	2	93	93	2.1664907198974036E-4	1	1	81	189	6	6	-T
D6_BC42_191109_LF_LIB_consensus_vsearch	1160	C	*/-TT	270	53	14.85%	2	1	93	93	1.0857714297325773E-17	1	1	81	189	53	0	-TT
D6_BC42_191109_LF_LIB_consensus_vsearch	1164	A	*/-T	337	11	3.09%	2	2	93	93	4.5063381864919106E-4	1	1	131	206	5	6	-T
D6_BC42_191109_LF_LIB_consensus_vsearch	1167	T	*/+G	346	7	1.94%	2	2	93	93	0.007581440013514741	1	1	139	207	1	6	+G
D6_BC42_191109_LF_LIB_consensus_vsearch	1169	A	*/+C	340	9	2.51%	2	1	93	93	0.0018537629787316217	1	1	137	203	0	9	+C
D6_BC42_191109_LF_LIB_consensus_vsearch	1171	T	*/+C	334	10	2.81%	2	2	93	93	9.138933286702405E-4	1	1	138	196	1	9	+C
D6_BC42_191109_LF_LIB_consensus_vsearch	1177	C	*/+G	214	8	2.29%	2	2	93	93	0.003663533633296164	1	1	55	159	6	2	+G
D6_BC42_191109_LF_LIB_consensus_vsearch	1177	C	*/-G	214	90	25.71%	2	2	93	93	3.4345080639625454E-31	1	1	55	159	51	39	-G
D6_BC42_191109_LF_LIB_consensus_vsearch	1177	C	*/-GG	214	20	5.71%	2	2	93	93	6.242524996453359E-7	1	1	55	159	17	3	-G
D6_BC42_191109_LF_LIB_consensus_vsearch	1189	C	*/+T	336	7	1.97%	2	1	93	93	0.007574743473790617	1	1	131	205	0	7	+T
D6_BC42_191109_LF_LIB_consensus_vsearch	1191	A	*/-G	337	13	3.62%	2	2	93	93	1.0897695997386058E-4	1	1	127	210	9	4	-G
D6_BC42_191109_LF_LIB_consensus_vsearch	1194	T	*/-C	319	37	10.34%	2	1	93	93	2.7132831423539327E-12	1	1	104	215	37	0	-C
D6_BC42_191109_LF_LIB_consensus_vsearch	1207	A	*/+G	304	20	5.63%	2	2	93	93	7.048371960808718E-7	1	1	139	165	1	19	+G
D6_BC42_191109_LF_LIB_consensus_vsearch	1207	A	*/-G	304	26	7.32%	2	1	93	93	8.92706075366064E-9	1	1	139	165	0	26	-G
D6_BC42_191109_LF_LIB_consensus_vsearch	1209	G	*/-A	341	14	3.91%	2	1	93	93	5.3559257639583245E-5	1	1	128	213	14	0	-A
D6_BC42_191109_LF_LIB_consensus_vsearch	1220	T	*/-G	341	7	1.95%	2	2	93	93	0.007578139567014644	1	1	136	205	5	2	-G
D6_BC42_191109_LF_LIB_consensus_vsearch	1228	C	*/+T	299	16	4.48%	2	1	93	93	1.2551678368037368E-5	1	1	138	161	0	16	+T
D6_BC42_191109_LF_LIB_consensus_vsearch	1228	C	*/-T	299	33	9.24%	2	2	93	93	5.043527235318771E-11	1	1	138	161	5	28	-T
D6_BC42_191109_LF_LIB_consensus_vsearch	1231	T	*/+C	343	8	2.23%	2	2	93	93	0.0037518922043892396	1	1	135	208	4	4	+C
D6_BC42_191109_LF_LIB_consensus_vsearch	1232	C	*/+A	337	8	2.24%	2	1	93	93	0.0037492334037990153	1	1	137	200	0	8	+A
D6_BC42_191109_LF_LIB_consensus_vsearch	1236	A	*/+T	333	7	1.97%	2	2	93	93	0.007572658162744914	1	1	128	205	5	2	+T
D6_BC42_191109_LF_LIB_consensus_vsearch	1236	A	*/-T	333	7	1.97%	2	2	93	93	0.007572658162744914	1	1	128	205	2	5	+T
D6_BC42_191109_LF_LIB_consensus_vsearch	1242	T	*/-G	329	12	3.35%	2	2	93	93	2.212527302735519E-4	1	1	133	196	5	7	-G
D6_BC42_191109_LF_LIB_consensus_vsearch	1249	T	*/-G	331	7	1.98%	2	2	93	93	0.007571247515222922	1	1	137	194	1	6	-G
D6_BC42_191109_LF_LIB_consensus_vsearch	1249	T	*/-GGT	331	12	3.39%	2	2	93	93	2.2138194180680858E-4	1	1	137	194	5	7	-GGT
D6_BC42_191109_LF_LIB_consensus_vsearch	1251	G	*/-TG	331	10	2.92%	2	1	93	93	9.133526605627675E-4	1	1	136	195	0	10	-TG
D6_BC42_191109_LF_LIB_consensus_vsearch	1252	T	*/-GC	320	12	3.6%	2	2	93	93	2.2065266157105093E-4	1	1	137	183	1	11	-GC
D6_BC42_191109_LF_LIB_consensus_vsearch	1256	T	*/-G	336	7	1.99%	2	2	93	93	0.007574743473790617	1	1	138	198	1	6	-G
D6_BC42_191109_LF_LIB_consensus_vsearch	1261	G	*/+T	340	11	3.07%	2	2	93	93	4.5094768082608024E-4	1	1	132	208	9	2	+T
D6_BC42_191109_LF_LIB_consensus_vsearch	1264	C	*/-T	338	10	2.83%	2	2	93	93	9.145999987969954E-4	1	1	138	200	3	7	-T
D6_BC42_191109_LF_LIB_consensus_vsearch	1273	T	*/+G	325	12	3.35%	2	2	93	93	2.2098985872739398E-4	1	1	135	190	1	11	+G
D6_BC42_191109_LF_LIB_consensus_vsearch	1273	T	*/-G	325	10	2.79%	2	2	93	93	9.122428561847083E-4	1	1	135	190	5	5	+G
D6_BC42_191109_LF_LIB_consensus_vsearch	1275	G	*/-A	344	13	3.62%	2	1	93	93	1.0922402904139998E-4	1	1	127	217	13	0	-A
D6_BC42_191109_LF_LIB_consensus_vsearch	1277	G	*/-T	313	37	10.51%	2	1	93	93	2.665259208114403E-12	1	1	136	177	0	37	-T
D6_BC42_191109_LF_LIB_consensus_vsearch	1278	T	*/+G	305	7	2.17%	2	1	93	93	0.007551274189551532	1	1	138	167	0	7	+G
D6_BC42_191109_LF_LIB_consensus_vsearch	1280	A	*/-T	339	10	2.8%	2	2	93	93	9.147741839900973E-4	1	1	134	205	2	8	-T
D6_BC42_191109_LF_LIB_consensus_vsearch	1286	C	*/-T	348	7	1.96%	2	2	93	93	0.007582734311001454	1	1	139	209	1	6	-T
D6_BC42_191109_LF_LIB_consensus_vsearch	1287	T	*/-G	328	13	3.71%	2	1	93	93	1.0864499740310097E-4	1	1	138	190	0	13	-G
D6_BC42_191109_LF_LIB_consensus_vsearch	1293	A	*/-T	340	9	2.51%	2	1	93	93	0.0018537629787316217	1	1	137	203	0	9	-T
D6_BC42_191109_LF_LIB_consensus_vsearch	1295	T	*/+C	336	7	1.96%	2	2	93	93	0.007574743473790617	1	1	137	199	1	6	+C
D6_BC42_191109_LF_LIB_consensus_vsearch	1295	T	*/-C	336	12	3.36%	2	2	93	93	2.2169868158340307E-4	1	1	137	199	5	7	-C
D6_BC42_191109_LF_LIB_consensus_vsearch	1297	C	*/+G	313	21	5.85%	2	2	93	93	3.447421488029332E-7	1	1	138	175	1	20	+G
D6_BC42_191109_LF_LIB_consensus_vsearch	1311	A	*/-C	342	11	3.08%	2	2	93	93	4.511540324355373E-4	1	1	140	202	2	9	-C
D6_BC42_191109_LF_LIB_consensus_vsearch	1313	C	*/+T	274	36	10%	2	1	93	93	4.949148719631737E-12	1	1	136	138	0	36	+T
D6_BC42_191109_LF_LIB_consensus_vsearch	1313	C	*/-T	274	45	12.5%	2	2	93	93	5.3522521199737615E-15	1	1	136	138	3	42	-T
D6_BC42_191109_LF_LIB_consensus_vsearch	1317	A	*/-C	334	17	4.72%	2	2	93	93	6.256332295348442E-6	1	1	137	197	2	15	-C
D6_BC42_191109_LF_LIB_consensus_vsearch	1318	C	*/+T	313	19	5.59%	2	1	93	93	1.4634067576724113E-6	1	1	136	177	0	19	+T
D6_BC42_191109_LF_LIB_consensus_vsearch	1319	C	*/+A	323	9	2.52%	2	1	93	93	0.001848749091340749	1	1	137	186	0	9	+A
D6_BC42_191109_LF_LIB_consensus_vsearch	1319	C	*/-T	323	12	3.36%	2	2	93	93	2.2085614741397465E-4	1	1	137	186	2	10	-T
D6_BC42_191109_LF_LIB_consensus_vsearch	1320	T	*/-G	298	12	3.51%	2	1	93	93	2.1904442967681686E-4	1	1	139	159	0	12	-G
D6_BC42_191109_LF_LIB_consensus_vsearch	1321	G	*/-C	317	13	3.82%	2	1	93	93	1.0821570356450297E-4	1	1	135	182	0	13	-C
D6_BC42_191109_LF_LIB_consensus_vsearch	1322	C	*/-T	298	10	2.91%	2	2	93	93	9.06725328574049E-4	1	1	138	160	1	9	-T
D6_BC42_191109_LF_LIB_consensus_vsearch	1322	C	*/-TA	298	14	4.07%	2	2	93	93	5.258231505431062E-5	1	1	138	160	2	12	-TA
D6_BC42_191109_LF_LIB_consensus_vsearch	1323	T	*/-A	258	56	16.72%	2	2	93	93	9.381047768289919E-19	1	1	136	122	1	55	-A
D6_BC42_191109_LF_LIB_consensus_vsearch	1332	A	*/-G	338	11	3.07%	2	2	93	93	4.5073902379692165E-4	1	1	136	202	2	9	-G
D6_BC42_191109_LF_LIB_consensus_vsearch	1336	C	*/-G	342	7	1.97%	2	1	93	93	0.0075788071772909795	1	1	139	203	0	7	-G
D6_BC42_191109_LF_LIB_consensus_vsearch	1339	C	*/+T	251	29	8.15%	2	2	93	93	8.674096564651278E-10	1	1	99	152	10	19	+T
D6_BC42_191109_LF_LIB_consensus_vsearch	1339	C	*/-T	251	59	16.57%	2	2	93	93	8.193075209735532E-20	1	1	99	152	28	31	-T
D6_BC42_191109_LF_LIB_consensus_vsearch	1339	C	*/-TT	251	7	1.97%	2	2	93	93	0.007497030913500092	1	1	99	152	3	4	-T
D6_BC42_191109_LF_LIB_consensus_vsearch	1355	G	*/-C	334	18	5.06%	2	1	93	93	3.0525205936064655E-6	1	1	139	195	0	18	-C
D6_BC42_191109_LF_LIB_consensus_vsearch	1356	C	*/-T	304	12	3.54%	2	1	93	93	2.1950445924379393E-4	1	1	124	180	12	0	-T
D6_BC42_191109_LF_LIB_consensus_vsearch	1358	T	*/-C	284	16	4.51%	2	2	93	93	1.2426460332078995E-5	1	1	123	161	8	8	-C
D6_BC42_191109_LF_LIB_consensus_vsearch	1358	T	*/-CT	284	22	6.2%	2	1	93	93	1.6121644005238106E-7	1	1	123	161	0	22	-CT
D6_BC42_191109_LF_LIB_consensus_vsearch	1358	T	*/-CTT	284	25	7.04%	2	2	93	93	1.7974733768148396E-8	1	1	123	161	2	23	-CTT
D6_BC42_191109_LF_LIB_consensus_vsearch	1359	C	*/-T	269	10	3.41%	2	1	93	93	8.99638303056038E-4	1	1	122	147	0	10	-T
D6_BC42_191109_LF_LIB_consensus_vsearch	1361	T	*/-A	316	7	2.13%	2	2	93	93	0.007560114368843736	1	1	131	185	4	3	-A
D6_BC42_191109_LF_LIB_consensus_vsearch	1362	A	*/+G	332	9	2.56%	2	2	93	93	0.0018514648811998652	1	1	133	199	1	8	+G
D6_BC42_191109_LF_LIB_consensus_vsearch	1364	A	*/+G	237	24	6.82%	2	2	93	93	3.425621202887636E-8	1	1	76	161	3	21	+G
D6_BC42_191109_LF_LIB_consensus_vsearch	1364	A	*/-G	237	86	24.43%	2	2	93	93	1.8548892962340525E-29	1	1	76	161	57	29	-G
D6_BC42_191109_LF_LIB_consensus_vsearch	1377	G	*/+T	323	23	6.48%	2	1	93	93	8.168871071108963E-8	1	1	138	185	0	23	+T
D6_BC42_191109_LF_LIB_consensus_vsearch	1379	C	*/-T	315	31	8.68%	2	2	93	93	2.30502536301598E-10	1	1	129	186	5	26	-T
D6_BC42_191109_LF_LIB_consensus_vsearch	1380	T	*/-A	305	7	2.15%	2	2	93	93	0.007551274189551532	1	1	125	180	5	2	-A
D6_BC42_191109_LF_LIB_consensus_vsearch	1383	C	*/+G	334	7	2.01%	2	1	93	93	0.007573357318712367	1	1	127	207	7	0	+G
D6_BC42_191109_LF_LIB_consensus_vsearch	1387	C	*/+G	317	16	4.48%	2	2	93	93	1.2688103904606198E-5	1	1	124	193	2	14	+G
D6_BC42_191109_LF_LIB_consensus_vsearch	1389	G	*/-A	333	20	5.59%	2	2	93	93	7.230793462864362E-7	1	1	123	210	16	4	-A
D6_BC42_191109_LF_LIB_consensus_vsearch	1392	G	*/-T	323	25	7.02%	2	2	93	93	1.9062564843914228E-8	1	1	115	208	22	3	-T
D6_BC42_191109_LF_LIB_consensus_vsearch	1396	G	*/+A	314	28	7.84%	2	2	93	93	2.0942510889419305E-9	1	1	104	210	27	1	+A
D6_BC42_191109_LF_LIB_consensus_vsearch	1397	A	*/-G	312	28	7.98%	2	2	93	93	2.0868655679274454E-9	1	1	110	202	25	3	-G
D6_BC42_191109_LF_LIB_consensus_vsearch	1400	C	*/-A	303	32	9.07%	2	2	93	93	1.0703713173087207E-10	1	1	132	171	4	28	-A
D6_BC42_191109_LF_LIB_consensus_vsearch	1402	A	*/-T	322	11	3.14%	2	1	93	93	4.4898192218289514E-4	1	1	136	186	0	11	-T
D6_BC42_191109_LF_LIB_consensus_vsearch	1407	A	*/-G	327	8	2.24%	2	2	93	93	0.0037445925357438583	1	1	120	207	2	6	-G
D6_BC42_191109_LF_LIB_consensus_vsearch	1411	C	*/-T	346	8	2.25%	2	2	93	93	0.003753188125502644	1	1	140	206	1	7	-T
D6_BC42_191109_LF_LIB_consensus_vsearch	1418	G	*/-C	329	16	4.55%	2	2	93	93	1.2771684330162773E-5	1	1	128	201	12	4	-C
D6_BC42_191109_LF_LIB_consensus_vsearch	1421	C	*/+T	335	7	1.94%	2	1	93	93	0.0075740524106117915	1	1	137	198	0	7	+T
D6_BC42_191109_LF_LIB_consensus_vsearch	1421	C	*/-T	335	9	2.5%	2	2	93	93	0.0018523390154232843	1	1	137	198	2	7	-T
D6_BC42_191109_LF_LIB_consensus_vsearch	1432	T	*/+G	320	9	2.54%	2	2	93	93	0.001847811301201213	1	1	135	185	1	8	+G
D6_BC42_191109_LF_LIB_consensus_vsearch	1432	T	*/-G	320	12	3.38%	2	2	93	93	2.2065266157105093E-4	1	1	135	185	2	10	-G
D6_BC42_191109_LF_LIB_consensus_vsearch	1435	G	*/+T	331	7	1.94%	2	2	93	93	0.007571247515222922	1	1	130	201	1	6	+T
D6_BC42_191109_LF_LIB_consensus_vsearch	1435	G	*/-C	331	10	2.78%	2	2	93	93	9.133526605627675E-4	1	1	130	201	7	3	-C
D6_BC42_191109_LF_LIB_consensus_vsearch	1443	C	*/-GC	331	20	5.59%	2	2	93	93	7.219069363023581E-7	1	1	120	211	19	1	-GC
D6_BC42_191109_LF_LIB_consensus_vsearch	1445	C	*/+GC	138	171	50.59%	2	2	93	93	1.135057718571479E-66	1	1	61	77	44	127	+GC
D6_BC42_191109_LF_LIB_consensus_vsearch	1451	T	*/+G	322	19	5.35%	2	2	93	93	1.473965966300238E-6	1	1	135	187	1	18	+G
D6_BC42_191109_LF_LIB_consensus_vsearch	1462	G	*/-C	345	10	2.79%	2	2	93	93	9.157990771671169E-4	1	1	140	205	3	7	-C
D6_BC42_191109_LF_LIB_consensus_vsearch	1464	G	+A/+A	12	308	87.75%	2	2	93	93	2.12859134552592E-170	1	1	9	3	114	194	+A
D6_BC42_191109_LF_LIB_consensus_vsearch	1465	G	*/-T	28	25	7.02%	2	2	93	93	7.09096353891151E-10	1	1	2	26	2	23	-T
D6_BC42_191109_LF_LIB_consensus_vsearch	1465	G	*/-TT	28	114	32.02%	2	2	93	93	6.006290970275443E-53	1	1	2	26	19	95	-TT
D6_BC42_191109_LF_LIB_consensus_vsearch	1465	G	*/-TTT	28	72	20.22%	2	2	93	93	1.4966983707782207E-31	1	1	2	26	38	34	-TT
D6_BC42_191109_LF_LIB_consensus_vsearch	1465	G	*/-TTTT	28	75	21.07%	2	2	93	93	4.913632829801804E-33	1	1	2	26	55	20	-TTTT
D6_BC42_191109_LF_LIB_consensus_vsearch	1465	G	*/-TTTTT	28	30	8.43%	2	2	93	93	5.504708721690762E-12	1	1	2	26	25	5	-TTTT
D6_BC42_191109_LF_LIB_consensus_vsearch	1474	T	*/-C	326	15	4.17%	2	2	93	93	2.607526615259342E-5	1	1	134	192	3	12	-C
D6_BC42_191109_LF_LIB_consensus_vsearch	1476	C	*/-T	324	26	7.22%	2	2	93	93	9.202601420505869E-9	1	1	140	184	2	24	-T
D6_BC42_191109_LF_LIB_consensus_vsearch	1478	T	*/-G	343	7	1.98%	2	2	93	93	0.007579470995029922	1	1	137	206	2	5	-G
D6_BC42_191109_LF_LIB_consensus_vsearch	1480	G	*/-C	337	14	3.9%	2	2	93	93	5.347799462338428E-5	1	1	125	212	13	1	-C
D6_BC42_191109_LF_LIB_consensus_vsearch	1482	C	*/-G	342	12	3.33%	2	2	93	93	2.220673313828221E-4	1	1	141	201	1	11	-G
D6_BC42_191109_LF_LIB_consensus_vsearch	1484	G	*/+A	343	11	3.06%	2	2	93	93	4.512563556086061E-4	1	1	129	214	10	1	+A
D6_BC42_191109_LF_LIB_consensus_vsearch	1491	T	*/-G	316	11	3.12%	2	2	93	93	4.4827987282311293E-4	1	1	133	183	1	10	-G
D6_BC42_191109_LF_LIB_consensus_vsearch	1491	T	*/-GG	316	14	3.98%	2	1	93	93	5.3020677016859766E-5	1	1	133	183	0	14	-GG
D6_BC42_191109_LF_LIB_consensus_vsearch	1497	A	*/-T	343	11	3.06%	2	2	93	93	4.512563556086061E-4	1	1	139	204	1	10	-T
D6_BC42_191109_LF_LIB_consensus_vsearch	1499	C	*/-T	334	12	3.37%	2	2	93	93	2.215730487318694E-4	1	1	140	194	1	11	-T
D6_BC42_191109_LF_LIB_consensus_vsearch	1501	T	*/+G	326	7	1.97%	2	2	93	93	0.007567647220958338	1	1	135	191	2	5	+G
D6_BC42_191109_LF_LIB_consensus_vsearch	1501	T	*/-G	326	8	2.25%	2	1	93	93	0.0037441133177138837	1	1	135	191	0	8	-G
D6_BC42_191109_LF_LIB_consensus_vsearch	1504	G	*/-A	332	7	1.99%	2	2	93	93	0.007571954906961894	1	1	138	194	1	6	-A
D6_BC42_191109_LF_LIB_consensus_vsearch	1508	C	*/-T	347	7	1.96%	2	1	93	93	0.007582088979764471	1	1	141	206	0	7	-T
D6_BC42_191109_LF_LIB_consensus_vsearch	1509	T	*/-C	334	15	4.25%	2	1	93	93	2.6171482207598267E-5	1	1	142	192	0	15	-C
D6_BC42_191109_LF_LIB_consensus_vsearch	1510	C	*/+T	328	7	2.04%	2	2	93	93	0.007569100156087223	1	1	141	187	1	6	+T
D6_BC42_191109_LF_LIB_consensus_vsearch	1515	G	*/-TG	325	22	6.13%	2	1	93	93	1.690974413049185E-7	1	1	135	190	0	22	-TG
D6_BC42_191109_LF_LIB_consensus_vsearch	1519	T	*/-G	317	20	5.73%	2	2	93	93	7.13356662328966E-7	1	1	126	191	9	11	-G
D6_BC42_191109_LF_LIB_consensus_vsearch	1525	T	*/+G	330	10	2.8%	2	2	93	93	9.131703594937562E-4	1	1	118	212	9	1	+G
D6_BC42_191109_LF_LIB_consensus_vsearch	1525	T	*/-A	330	7	1.96%	2	1	93	93	0.007570535950912546	1	1	118	212	7	0	+G
D6_BC42_191109_LF_LIB_consensus_vsearch	1526	A	*/-G	329	13	3.69%	2	1	93	93	1.0868271011253566E-4	1	1	121	208	13	0	-G
D6_BC42_191109_LF_LIB_consensus_vsearch	1535	C	*/-A	322	21	5.92%	2	2	93	93	3.4778104972655315E-7	1	1	134	188	6	15	-A
D6_BC42_191109_LF_LIB_consensus_vsearch	1539	T	*/-A	331	15	4.18%	2	1	93	93	2.6135892584842575E-5	1	1	124	207	15	0	-A
D6_BC42_191109_LF_LIB_consensus_vsearch	1544	C	*/-T	347	7	1.96%	2	2	93	93	0.007582088979764471	1	1	138	209	2	5	-T
D6_BC42_191109_LF_LIB_consensus_vsearch	1546	C	*/+T	336	12	3.41%	2	1	93	93	2.2169868158340307E-4	1	1	142	194	0	12	+T
D6_BC42_191109_LF_LIB_consensus_vsearch	1553	G	*/-A	344	9	2.53%	2	2	93	93	0.0018548735082316635	1	1	134	210	4	5	-A
D6_BC42_191109_LF_LIB_consensus_vsearch	1554	A	*/-G	313	25	7.14%	2	2	93	93	1.880273280270453E-8	1	1	109	204	22	3	-G
D6_BC42_191109_LF_LIB_consensus_vsearch	1554	A	*/-GGA	313	8	2.29%	2	2	93	93	0.0037376146101785516	1	1	109	204	5	3	-G
D6_BC42_191109_LF_LIB_consensus_vsearch	1561	C	*/+T	333	15	4.24%	2	1	93	93	2.6159683280048882E-5	1	1	141	192	0	15	+T
D6_BC42_191109_LF_LIB_consensus_vsearch	1562	C	*/-T	340	7	1.96%	2	2	93	93	0.007577468131623444	1	1	141	199	2	5	-T
D6_BC42_191109_LF_LIB_consensus_vsearch	1566	T	*/-A	322	18	5.06%	2	2	93	93	3.027966283712481E-6	1	1	126	196	15	3	-A
D6_BC42_191109_LF_LIB_consensus_vsearch	1566	T	*/-AA	322	7	1.97%	2	1	93	93	0.0075646886873687365	1	1	126	196	0	7	-A
D6_BC42_191109_LF_LIB_consensus_vsearch	1571	G	*/-TG	340	8	2.25%	2	1	93	93	0.0037505741543597316	1	1	139	201	0	8	-TG
D6_BC42_191109_LF_LIB_consensus_vsearch	1572	T	*/-G	328	8	2.29%	2	1	93	93	0.003745068929689065	1	1	127	201	8	0	-G
D6_BC42_191109_LF_LIB_consensus_vsearch	1583	C	*/-T	338	7	1.99%	2	1	93	93	0.007576113653235487	1	1	143	195	0	7	-T
D6_BC42_191109_LF_LIB_consensus_vsearch	1584	T	*/-C	339	8	2.27%	2	1	93	93	0.003750129788579787	1	1	141	198	0	8	-C
D6_BC42_191109_LF_LIB_consensus_vsearch	1588	G	*/-T	336	10	2.83%	2	2	93	93	9.142486664832635E-4	1	1	130	206	6	4	-T
D6_BC42_191109_LF_LIB_consensus_vsearch	1598	T	*/+C	286	16	4.46%	2	2	93	93	1.244381880252368E-5	1	1	99	187	4	12	+C
D6_BC42_191109_LF_LIB_consensus_vsearch	1598	T	*/-C	286	50	13.93%	2	2	93	93	1.2386887408722508E-16	1	1	99	187	37	13	-C
D6_BC42_191109_LF_LIB_consensus_vsearch	1600	C	*/+T	342	10	2.8%	2	1	93	93	9.152909147267318E-4	1	1	136	206	0	10	+T
D6_BC42_191109_LF_LIB_consensus_vsearch	1601	C	*/-T	342	11	3.06%	2	2	93	93	4.511540324355373E-4	1	1	138	204	2	9	-T
D6_BC42_191109_LF_LIB_consensus_vsearch	1603	G	*/-C	325	12	3.4%	2	2	93	93	2.2098985872739398E-4	1	1	132	193	2	10	-C
D6_BC42_191109_LF_LIB_consensus_vsearch	1604	C	*/+T	317	17	4.94%	2	1	93	93	6.191870796019275E-6	1	1	136	181	0	17	+T
D6_BC42_191109_LF_LIB_consensus_vsearch	1606	C	*/-T	261	80	22.22%	2	2	93	93	4.296873396211926E-27	1	1	131	130	4	76	-T
D6_BC42_191109_LF_LIB_consensus_vsearch	1615	C	*/+A	82	14	3.92%	2	2	93	93	3.664084791437323E-5	1	1	44	38	4	10	+A
D6_BC42_191109_LF_LIB_consensus_vsearch	1615	C	*/+AC	82	236	66.11%	2	2	93	93	7.205652905020388E-104	1	1	44	38	85	151	+AC
D6_BC42_191109_LF_LIB_consensus_vsearch	1616	C	*/+T	342	10	2.78%	2	1	93	93	9.152909147267318E-4	1	1	138	204	0	10	+T
D6_BC42_191109_LF_LIB_consensus_vsearch	1617	G	*/+C	329	7	1.96%	2	1	93	93	0.007569820177023291	1	1	115	214	7	0	+C
D6_BC42_191109_LF_LIB_consensus_vsearch	1617	G	*/-C	329	18	5.04%	2	2	93	93	3.0424774726021465E-6	1	1	115	214	16	2	-C
D6_BC42_191109_LF_LIB_consensus_vsearch	1631	C	*/+T	333	13	3.7%	2	1	93	93	1.0883146805374691E-4	1	1	141	192	0	13	+T
D6_BC42_191109_LF_LIB_consensus_vsearch	1632	C	*/+G	313	7	1.96%	2	2	93	93	0.0075577632969213195	1	1	136	177	1	6	+G
D6_BC42_191109_LF_LIB_consensus_vsearch	1632	C	*/+GG	313	12	3.36%	2	1	93	93	2.2016375465967462E-4	1	1	136	177	0	12	+GG
D6_BC42_191109_LF_LIB_consensus_vsearch	1643	C	*/-T	338	10	2.79%	2	2	93	93	9.145999987969954E-4	1	1	134	204	5	5	-T
D6_BC42_191109_LF_LIB_consensus_vsearch	1650	A	*/-G	343	7	1.97%	2	1	93	93	0.007579470995029922	1	1	135	208	0	7	-G
D6_BC42_191109_LF_LIB_consensus_vsearch	1654	C	*/-T	330	16	4.46%	2	2	93	93	1.2778405384928883E-5	1	1	135	195	3	13	-T
D6_BC42_191109_LF_LIB_consensus_vsearch	1656	T	*/+G	280	10	2.81%	2	1	93	93	9.024894498858599E-4	1	1	120	160	10	0	+G
D6_BC42_191109_LF_LIB_consensus_vsearch	1656	T	*/-G	280	31	8.71%	2	2	93	93	2.1208210717946259E-10	1	1	120	160	2	29	-G
D6_BC42_191109_LF_LIB_consensus_vsearch	1656	T	*/-GG	280	21	5.9%	2	1	93	93	3.3227585746272093E-7	1	1	120	160	0	21	-G
D6_BC42_191109_LF_LIB_consensus_vsearch	1659	G	*/-A	340	10	2.8%	2	2	93	93	9.149473929364378E-4	1	1	134	206	7	3	-A
D6_BC42_191109_LF_LIB_consensus_vsearch	1662	T	*/-G	338	9	2.54%	2	1	93	93	0.0018531982482901858	1	1	141	197	0	9	-G
D6_BC42_191109_LF_LIB_consensus_vsearch	1665	C	*/-T	326	9	2.54%	2	2	93	93	0.001849670331098783	1	1	135	191	3	6	-T
D6_BC42_191109_LF_LIB_consensus_vsearch	1665	C	*/-TT	326	10	2.82%	2	2	93	93	9.124305210040607E-4	1	1	135	191	1	9	-TT
D6_BC42_191109_LF_LIB_consensus_vsearch	1667	T	*/-C	314	11	3.16%	2	2	93	93	4.480402523169095E-4	1	1	132	182	4	7	-C
D6_BC42_191109_LF_LIB_consensus_vsearch	1667	T	*/-CG	314	12	3.45%	2	1	93	93	2.2023483984847107E-4	1	1	132	182	0	12	-CG
D6_BC42_191109_LF_LIB_consensus_vsearch	1668	C	*/+A	197	13	3.89%	2	1	93	93	1.0080182645455998E-4	1	1	88	109	13	0	+A
D6_BC42_191109_LF_LIB_consensus_vsearch	1668	C	*/+T	197	16	4.79%	2	1	93	93	1.1390278653101552E-5	1	1	88	109	0	16	+T
D6_BC42_191109_LF_LIB_consensus_vsearch	1668	C	*/-G	197	94	28.14%	2	2	93	93	6.210459688309737E-33	1	1	88	109	34	60	-G
D6_BC42_191109_LF_LIB_consensus_vsearch	1672	G	*/-A	340	7	1.94%	2	2	93	93	0.007577468131623444	1	1	127	213	6	1	-A
D6_BC42_191109_LF_LIB_consensus_vsearch	1674	G	*/-C	330	15	4.3%	2	2	93	93	2.6123899766230564E-5	1	1	126	204	7	8	-C
D6_BC42_191109_LF_LIB_consensus_vsearch	1676	C	*/+G	317	13	3.62%	2	1	93	93	1.0821570356450297E-4	1	1	132	185	0	13	+G
D6_BC42_191109_LF_LIB_consensus_vsearch	1676	C	*/-G	317	7	1.95%	2	2	93	93	0.007560888445766803	1	1	132	185	2	5	+G
D6_BC42_191109_LF_LIB_consensus_vsearch	1679	C	*/-A	337	10	2.79%	2	2	93	93	9.14424829084238E-4	1	1	130	207	5	5	-A
D6_BC42_191109_LF_LIB_consensus_vsearch	1682	C	*/-G	329	11	3.14%	2	2	93	93	4.497704755708121E-4	1	1	125	204	4	7	-G
D6_BC42_191109_LF_LIB_consensus_vsearch	1685	C	*/+A	334	12	3.36%	2	1	93	93	2.215730487318694E-4	1	1	135	199	0	12	+A
D6_BC42_191109_LF_LIB_consensus_vsearch	1686	A	*/+T	294	8	2.25%	2	1	93	93	0.0037271212392205283	1	1	110	184	0	8	+T
D6_BC42_191109_LF_LIB_consensus_vsearch	1686	A	*/-C	294	42	11.8%	2	2	93	93	5.797577196120908E-14	1	1	110	184	26	16	-C
D6_BC42_191109_LF_LIB_consensus_vsearch	1698	A	*/-G	322	10	2.79%	2	1	93	93	9.116732160365274E-4	1	1	111	211	10	0	-G
D6_BC42_191109_LF_LIB_consensus_vsearch	1698	A	*/-GA	322	14	3.91%	2	1	93	93	5.315688197814839E-5	1	1	111	211	14	0	-GA
D6_BC42_191109_LF_LIB_consensus_vsearch	1699	G	*/-AA	320	8	2.38%	2	1	93	93	0.003741177272389607	1	1	106	214	8	0	-AA
D6_BC42_191109_LF_LIB_consensus_vsearch	1702	C	*/-T	326	11	3.08%	2	2	93	93	4.4943643047913427E-4	1	1	117	209	5	6	-T
D6_BC42_191109_LF_LIB_consensus_vsearch	1702	C	*/-TT	326	18	5.04%	2	2	93	93	3.0363241491957594E-6	1	1	117	209	17	1	-TT
D6_BC42_191109_LF_LIB_consensus_vsearch	1708	C	*/-A	341	7	1.95%	2	2	93	93	0.007578139567014644	1	1	137	204	2	5	-A
D6_BC42_191109_LF_LIB_consensus_vsearch	1719	A	*/+T	336	7	1.95%	2	2	93	93	0.007574743473790617	1	1	125	211	6	1	+T
D6_BC42_191109_LF_LIB_consensus_vsearch	1719	A	*/-T	336	12	3.34%	2	2	93	93	2.2169868158340307E-4	1	1	125	211	9	3	-T
D6_BC42_191109_LF_LIB_consensus_vsearch	1722	T	*/+A	344	8	2.23%	2	1	93	93	0.003752326609186822	1	1	131	213	8	0	+A
D6_BC42_191109_LF_LIB_consensus_vsearch	1723	A	*/+G	318	28	7.84%	2	2	93	93	2.108831309377404E-9	1	1	132	186	2	26	+G
D6_BC42_191109_LF_LIB_consensus_vsearch	1725	A	*/-G	314	24	6.8%	2	2	93	93	3.904261715724044E-8	1	1	105	209	22	2	-G
D6_BC42_191109_LF_LIB_consensus_vsearch	1727	G	*/-A	332	9	2.57%	2	2	93	93	0.0018514648811998652	1	1	117	215	8	1	-A
D6_BC42_191109_LF_LIB_consensus_vsearch	1731	T	*/+A	267	22	6.25%	2	2	93	93	1.5740633650141153E-7	1	1	98	169	17	5	+A
D6_BC42_191109_LF_LIB_consensus_vsearch	1731	T	*/-A	267	38	10.8%	2	2	93	93	1.0646032042208966E-12	1	1	98	169	11	27	-A
D6_BC42_191109_LF_LIB_consensus_vsearch	1734	A	*/+G	343	11	3.06%	2	1	93	93	4.512563556086061E-4	1	1	128	215	11	0	+G
D6_BC42_191109_LF_LIB_consensus_vsearch	1735	A	*/-G	343	12	3.33%	2	2	93	93	2.2212759958740988E-4	1	1	132	211	8	4	-G
D6_BC42_191109_LF_LIB_consensus_vsearch	1737	T	*/-C	342	9	2.51%	2	2	93	93	0.0018543213632639765	1	1	134	208	4	5	-C
D6_BC42_191109_LF_LIB_consensus_vsearch	1743	C	*/+A	316	14	3.97%	2	2	93	93	5.3020677016859766E-5	1	1	123	193	13	1	+A
D6_BC42_191109_LF_LIB_consensus_vsearch	1747	G	*/-T	339	10	2.79%	2	2	93	93	9.147741839900973E-4	1	1	135	204	4	6	-T
D6_BC42_191109_LF_LIB_consensus_vsearch	1750	T	*/-C	316	33	9.19%	2	2	93	93	5.263917378539023E-11	1	1	140	176	3	30	-C
D6_BC42_191109_LF_LIB_consensus_vsearch	1752	C	*/-GT	332	9	2.51%	2	1	93	93	0.0018514648811998652	1	1	138	194	0	9	-GT
D6_BC42_191109_LF_LIB_consensus_vsearch	1755	A	*/-G	325	15	4.26%	2	2	93	93	2.606293941980223E-5	1	1	128	197	10	5	-G
D6_BC42_191109_LF_LIB_consensus_vsearch	1761	A	*/-C	339	9	2.52%	2	2	93	93	0.0018534814134889795	1	1	137	202	1	8	-C
D6_BC42_191109_LF_LIB_consensus_vsearch	1764	T	*/+G	327	10	2.83%	2	1	93	93	9.126170943078215E-4	1	1	139	188	0	10	+G
D6_BC42_191109_LF_LIB_consensus_vsearch	1766	C	*/+G	300	13	3.71%	2	1	93	93	1.0749551725979228E-4	1	1	138	162	0	13	+G
D6_BC42_191109_LF_LIB_consensus_vsearch	1768	G	*/-A	337	10	2.82%	2	2	93	93	9.14424829084238E-4	1	1	132	205	5	5	-A
D6_BC42_191109_LF_LIB_consensus_vsearch	1770	A	*/-G	345	8	2.24%	2	2	93	93	0.0037527585760722872	1	1	139	206	2	6	-G
D6_BC42_191109_LF_LIB_consensus_vsearch	1781	C	*/-G	329	10	2.81%	2	2	93	93	9.129870042240381E-4	1	1	117	212	9	1	-G
D6_BC42_191109_LF_LIB_consensus_vsearch	1783	A	*/-G	340	11	3.12%	2	2	93	93	4.5094768082608024E-4	1	1	131	209	7	4	-G
D6_BC42_191109_LF_LIB_consensus_vsearch	1789	T	*/+G	331	10	2.81%	2	2	93	93	9.133526605627675E-4	1	1	136	195	1	9	+G
D6_BC42_191109_LF_LIB_consensus_vsearch	1793	C	*/+G	318	8	2.25%	2	1	93	93	0.0037401748205127794	1	1	136	182	0	8	+G
D6_BC42_191109_LF_LIB_consensus_vsearch	1793	C	*/-G	318	22	6.18%	2	1	93	93	1.6786640951141552E-7	1	1	136	182	0	22	-G
D6_BC42_191109_LF_LIB_consensus_vsearch	1804	T	*/-G	339	8	2.24%	2	2	93	93	0.003750129788579787	1	1	139	200	1	7	-G
D6_BC42_191109_LF_LIB_consensus_vsearch	1808	C	*/+T	338	8	2.23%	2	1	93	93	0.0037496828790229684	1	1	139	199	0	8	+T
D6_BC42_191109_LF_LIB_consensus_vsearch	1809	T	*/+C	331	12	3.4%	2	2	93	93	2.2138194180680858E-4	1	1	140	191	1	11	+C
D6_BC42_191109_LF_LIB_consensus_vsearch	1809	T	*/-C	331	8	2.27%	2	1	93	93	0.0037464814144769596	1	1	140	191	0	8	+C
D6_BC42_191109_LF_LIB_consensus_vsearch	1810	C	*/-T	297	18	5.11%	2	2	93	93	2.9713951409700228E-6	1	1	132	165	1	17	-T
D6_BC42_191109_LF_LIB_consensus_vsearch	1810	C	*/-TC	297	31	8.81%	2	2	93	93	2.2135304750778439E-10	1	1	132	165	9	22	-TC
D6_BC42_191109_LF_LIB_consensus_vsearch	1812	C	*/+G	283	7	2.17%	2	2	93	93	0.00753159622270077	1	1	118	165	5	2	+G
D6_BC42_191109_LF_LIB_consensus_vsearch	1812	C	*/-G	283	14	4.33%	2	2	93	93	5.217871327042909E-5	1	1	118	165	5	9	-G
D6_BC42_191109_LF_LIB_consensus_vsearch	1820	G	*/-TG	339	9	2.52%	2	2	93	93	0.0018534814134889795	1	1	135	204	1	8	-TG
D6_BC42_191109_LF_LIB_consensus_vsearch	1822	G	*/+TG	330	7	2.03%	2	2	93	93	0.007570535950912546	1	1	136	194	1	6	+TG
D6_BC42_191109_LF_LIB_consensus_vsearch	1823	C	*/+A	334	8	2.25%	2	1	93	93	0.003747869361231707	1	1	136	198	0	8	+A
D6_BC42_191109_LF_LIB_consensus_vsearch	1825	C	*/-AC	319	21	5.87%	2	2	93	93	3.467835857934378E-7	1	1	128	191	12	9	-AC
D6_BC42_191109_LF_LIB_consensus_vsearch	1826	A	*/+C	313	11	3.28%	2	2	93	93	4.4791936292805796E-4	1	1	116	197	10	1	+C
D6_BC42_191109_LF_LIB_consensus_vsearch	1826	A	*/-C	313	7	2.09%	2	2	93	93	0.0075577632969213195	1	1	116	197	1	6	+C
D6_BC42_191109_LF_LIB_consensus_vsearch	1828	C	*/-T	341	10	2.8%	2	2	93	93	9.151196338188781E-4	1	1	136	205	4	6	-T
D6_BC42_191109_LF_LIB_consensus_vsearch	1831	G	*/+C	336	8	2.22%	2	1	93	93	0.0037487813407406246	1	1	139	197	0	8	+C
D6_BC42_191109_LF_LIB_consensus_vsearch	1832	C	*/-T	345	8	2.23%	2	2	93	93	0.0037527585760722872	1	1	139	206	1	7	-T
D6_BC42_191109_LF_LIB_consensus_vsearch	1833	T	*/-C	333	14	3.98%	2	2	93	93	5.33949482514561E-5	1	1	140	193	1	13	-C
D6_BC42_191109_LF_LIB_consensus_vsearch	1836	T	*/-C	347	8	2.22%	2	1	93	93	0.003753615277703552	1	1	134	213	8	0	-C
D6_BC42_191109_LF_LIB_consensus_vsearch	1838	C	*/-A	342	8	2.23%	2	1	93	93	0.0037514553409778158	1	1	130	212	8	0	-A
D6_BC42_191109_LF_LIB_consensus_vsearch	1840	C	*/-T	333	12	3.4%	2	1	93	93	2.215097037561235E-4	1	1	137	196	0	12	-T
D6_BC42_191109_LF_LIB_consensus_vsearch	1841	T	*/+C	314	8	2.31%	2	1	93	93	0.003738132946844435	1	1	141	173	0	8	+C
D6_BC42_191109_LF_LIB_consensus_vsearch	1841	T	*/-CT	314	17	4.9%	2	2	93	93	6.179864205963709E-6	1	1	141	173	1	16	-CT
D6_BC42_191109_LF_LIB_consensus_vsearch	1853	G	*/-TG	335	11	3.08%	2	2	93	93	4.50421630407793E-4	1	1	136	199	1	10	-TG
D6_BC42_191109_LF_LIB_consensus_vsearch	1858	C	*/-T	341	7	1.96%	2	2	93	93	0.007578139567014644	1	1	138	203	2	5	-T
D6_BC42_191109_LF_LIB_consensus_vsearch	1865	T	*/-A	327	11	3.1%	2	2	93	93	4.495484205286572E-4	1	1	128	199	1	10	-A
D6_BC42_191109_LF_LIB_consensus_vsearch	1868	G	*/+T	342	8	2.23%	2	1	93	93	0.0037514553409778158	1	1	142	200	0	8	+T
D6_BC42_191109_LF_LIB_consensus_vsearch	1870	C	*/+G	320	16	4.51%	2	1	93	93	1.2709519726836969E-5	1	1	139	181	0	16	+G
D6_BC42_191109_LF_LIB_consensus_vsearch	1875	G	*/-A	336	10	2.82%	2	2	93	93	9.142486664832635E-4	1	1	127	209	8	2	-A
D6_BC42_191109_LF_LIB_consensus_vsearch	1877	A	*/+G	325	9	2.54%	2	2	93	93	0.0018493650629926273	1	1	129	196	4	5	+G
D6_BC42_191109_LF_LIB_consensus_vsearch	1877	A	*/-G	325	16	4.52%	2	2	93	93	1.2744432932152994E-5	1	1	129	196	5	11	-G
D6_BC42_191109_LF_LIB_consensus_vsearch	1881	C	*/+A	315	18	5.03%	2	1	93	93	3.0129020844648846E-6	1	1	109	206	18	0	+A
D6_BC42_191109_LF_LIB_consensus_vsearch	1881	C	*/+G	315	8	2.23%	2	2	93	93	0.003738648107284543	1	1	109	206	7	1	+A
D6_BC42_191109_LF_LIB_consensus_vsearch	1881	C	*/-G	315	7	1.96%	2	2	93	93	0.007559335514723115	1	1	109	206	4	3	+A
D6_BC42_191109_LF_LIB_consensus_vsearch	1882	G	*/-A	331	11	3.13%	2	1	93	93	4.499900004081131E-4	1	1	122	209	11	0	-A
D6_BC42_191109_LF_LIB_consensus_vsearch	1885	T	*/+C	342	10	2.81%	2	2	93	93	9.152909147267318E-4	1	1	127	215	9	1	+C
D6_BC42_191109_LF_LIB_consensus_vsearch	1886	C	*/-T	340	10	2.78%	2	2	93	93	9.149473929364378E-4	1	1	132	208	3	7	-T
D6_BC42_191109_LF_LIB_consensus_vsearch	1892	G	*/+C	321	23	6.46%	2	1	93	93	8.15032736623556E-8	1	1	136	185	0	23	+C
D6_BC42_191109_LF_LIB_consensus_vsearch	1892	G	*/-C	321	8	2.25%	2	2	93	93	0.0037416739743984825	1	1	136	185	4	4	+C
D6_BC42_191109_LF_LIB_consensus_vsearch	1894	T	*/-C	324	22	6.15%	2	1	93	93	1.6892418572979172E-7	1	1	140	184	0	22	-C
D6_BC42_191109_LF_LIB_consensus_vsearch	1895	C	*/-G	308	7	2.08%	2	2	93	93	0.0075537459778972	1	1	125	183	6	1	-G
D6_BC42_191109_LF_LIB_consensus_vsearch	1897	C	*/-T	332	8	2.27%	2	2	93	93	0.0037469467580895535	1	1	128	204	4	4	-T
D6_BC42_191109_LF_LIB_consensus_vsearch	1899	T	*/+CT	279	7	1.99%	2	1	93	93	0.0075276955014990325	1	1	117	162	0	7	+CT
D6_BC42_191109_LF_LIB_consensus_vsearch	1899	T	*/-G	279	52	14.77%	2	2	93	93	2.5236880642469006E-17	1	1	117	162	11	41	-G
D6_BC42_191109_LF_LIB_consensus_vsearch	1903	A	*/-G	344	8	2.24%	2	2	93	93	0.003752326609186822	1	1	134	210	5	3	-G
D6_BC42_191109_LF_LIB_consensus_vsearch	1906	C	*/-T	343	9	2.5%	2	2	93	93	0.001854598209137381	1	1	138	205	2	7	-T
D6_BC42_191109_LF_LIB_consensus_vsearch	1908	T	*/-C	323	28	7.8%	2	2	93	93	2.1267067476773585E-9	1	1	117	206	22	6	-C
D6_BC42_191109_LF_LIB_consensus_vsearch	1910	C	*/-T	344	11	3.06%	2	2	93	93	4.513581166031406E-4	1	1	140	204	2	9	-T
D6_BC42_191109_LF_LIB_consensus_vsearch	1914	G	*/+T	288	23	6.44%	2	2	93	93	7.816043294862868E-8	1	1	88	200	13	10	+T
D6_BC42_191109_LF_LIB_consensus_vsearch	1914	G	*/-T	288	33	9.24%	2	2	93	93	4.893388095424582E-11	1	1	88	200	30	3	-T
D6_BC42_191109_LF_LIB_consensus_vsearch	1931	T	*/+C	332	21	5.85%	2	2	93	93	3.509991578913575E-7	1	1	123	209	16	5	+C
D6_BC42_191109_LF_LIB_consensus_vsearch	1937	T	*/-A	339	18	5%	2	2	93	93	3.0623069707720896E-6	1	1	126	213	15	3	-A
D6_BC42_191109_LF_LIB_consensus_vsearch	1945	T	*/-A	333	8	2.27%	2	2	93	93	0.003747409399187016	1	1	136	197	3	5	-A
D6_BC42_191109_LF_LIB_consensus_vsearch	1947	A	*/-C	339	9	2.52%	2	2	93	93	0.0018534814134889795	1	1	138	201	3	6	-C
D6_BC42_191109_LF_LIB_consensus_vsearch	1949	C	*/+T	314	12	3.33%	2	2	93	93	2.2023483984847107E-4	1	1	138	176	4	8	+T
D6_BC42_191109_LF_LIB_consensus_vsearch	1949	C	*/-T	314	30	8.33%	2	1	93	93	4.809641577455234E-10	1	1	138	176	0	30	-T
D6_BC42_191109_LF_LIB_consensus_vsearch	1957	T	*/-A	346	7	1.96%	2	2	93	93	0.007581440013514741	1	1	133	213	6	1	-A
D6_BC42_191109_LF_LIB_consensus_vsearch	1959	A	*/-C	344	8	2.23%	2	2	93	93	0.003752326609186822	1	1	129	215	6	2	-C
D6_BC42_191109_LF_LIB_consensus_vsearch	1963	A	*/-T	347	8	2.23%	2	2	93	93	0.003753615277703552	1	1	142	205	1	7	-T
D6_BC42_191109_LF_LIB_consensus_vsearch	1965	C	*/+T	315	15	4.19%	2	2	93	93	2.5935811048498606E-5	1	1	140	175	3	12	+T
D6_BC42_191109_LF_LIB_consensus_vsearch	1965	C	*/-T	315	18	5.03%	2	1	93	93	3.0129020844648846E-6	1	1	140	175	0	18	-T
D6_BC42_191109_LF_LIB_consensus_vsearch	1975	C	*/+T	341	7	1.95%	2	2	93	93	0.007578139567014644	1	1	136	205	5	2	+T
D6_BC42_191109_LF_LIB_consensus_vsearch	1988	A	*/-T	345	7	1.95%	2	1	93	93	0.007580787381458834	1	1	140	205	0	7	-T
D6_BC42_191109_LF_LIB_consensus_vsearch	1991	T	*/-C	338	7	1.96%	2	1	93	93	0.007576113653235487	1	1	137	201	0	7	-C
D6_BC42_191109_LF_LIB_consensus_vsearch	1991	T	*/-CT	338	8	2.24%	2	2	93	93	0.0037496828790229684	1	1	137	201	5	3	-CT
D6_BC42_191109_LF_LIB_consensus_vsearch	1992	C	*/+T	302	12	3.5%	2	2	93	93	2.1935299970804329E-4	1	1	128	174	3	9	+T
D6_BC42_191109_LF_LIB_consensus_vsearch	1992	C	*/-T	302	20	5.83%	2	2	93	93	7.034730729542229E-7	1	1	128	174	4	16	-T
D6_BC42_191109_LF_LIB_consensus_vsearch	1994	T	*/-G	338	8	2.25%	2	2	93	93	0.0037496828790229684	1	1	140	198	1	7	-G
D6_BC42_191109_LF_LIB_consensus_vsearch	1997	C	*/-T	339	15	4.2%	2	1	93	93	2.6229533164630537E-5	1	1	143	196	0	15	-T
D6_BC42_191109_LF_LIB_consensus_vsearch	1999	C	*/-TC	254	97	27.02%	2	2	93	93	2.794457625256704E-33	1	1	138	116	5	92	-TC
D6_BC42_191109_LF_LIB_consensus_vsearch	2000	T	*/-C	244	9	3.49%	2	2	93	93	0.001816779465609443	1	1	135	109	1	8	-C
D6_BC42_191109_LF_LIB_consensus_vsearch	2022	G	*/-A	335	9	2.56%	2	2	93	93	0.0018523390154232843	1	1	135	200	3	6	-A
D6_BC42_191109_LF_LIB_consensus_vsearch	2031	T	*/-A	343	7	1.96%	2	2	93	93	0.007579470995029922	1	1	135	208	4	3	-A
D6_BC42_191109_LF_LIB_consensus_vsearch	2035	T	*/-A	321	20	5.65%	2	2	93	93	7.158628071628738E-7	1	1	133	188	2	18	-A
D6_BC42_191109_LF_LIB_consensus_vsearch	2039	G	*/-TG	311	35	9.8%	2	2	93	93	1.1769503398451897E-11	1	1	116	195	17	18	-TG
D6_BC42_191109_LF_LIB_consensus_vsearch	2040	T	*/-G	288	9	2.86%	2	2	93	93	0.0018366488553743722	1	1	103	185	8	1	-G
D6_BC42_191109_LF_LIB_consensus_vsearch	2041	G	*/-AA	286	13	4.25%	2	1	93	93	1.0684377615666538E-4	1	1	90	196	13	0	-AA
D6_BC42_191109_LF_LIB_consensus_vsearch	2065	C	*/+A	342	11	3.08%	2	1	93	93	4.511540324355373E-4	1	1	128	214	11	0	+A
D6_BC42_191109_LF_LIB_consensus_vsearch	2066	G	*/-A	337	16	4.49%	2	2	93	93	1.2824457201617241E-5	1	1	126	211	13	3	-A
D6_BC42_191109_LF_LIB_consensus_vsearch	2070	C	*/+T	288	9	2.51%	2	2	93	93	0.0018366488553743722	1	1	135	153	2	7	+T
D6_BC42_191109_LF_LIB_consensus_vsearch	2070	C	*/-T	288	54	15.08%	2	2	93	93	5.7214762872617405E-18	1	1	135	153	3	51	-T
D6_BC42_191109_LF_LIB_consensus_vsearch	2074	G	*/-A	343	10	2.81%	2	2	93	93	9.154612436605753E-4	1	1	132	211	7	3	-A
D6_BC42_191109_LF_LIB_consensus_vsearch	2077	C	*/+G	325	10	2.79%	2	1	93	93	9.122428561847083E-4	1	1	133	192	0	10	+G
D6_BC42_191109_LF_LIB_consensus_vsearch	2082	C	*/+T	316	14	3.91%	2	1	93	93	5.3020677016859766E-5	1	1	137	179	0	14	+T
D6_BC42_191109_LF_LIB_consensus_vsearch	2082	C	*/-T	316	23	6.42%	2	2	93	93	8.103168148299398E-8	1	1	137	179	2	21	-T
D6_BC42_191109_LF_LIB_consensus_vsearch	2088	C	*/-T	341	10	2.83%	2	2	93	93	9.151196338188781E-4	1	1	137	204	3	7	-T
D6_BC42_191109_LF_LIB_consensus_vsearch	2089	T	*/+C	96	196	56.32%	2	2	93	93	4.245262736499393E-82	1	1	64	32	71	125	+C
D6_BC42_191109_LF_LIB_consensus_vsearch	2093	G	*/+A	331	9	2.56%	2	2	93	93	0.0018511701245308928	1	1	123	208	8	1	+A
D6_BC42_191109_LF_LIB_consensus_vsearch	2098	T	*/-C	331	24	6.7%	2	2	93	93	3.986966931934106E-8	1	1	122	209	21	3	-C
D6_BC42_191109_LF_LIB_consensus_vsearch	2100	C	*/+G	124	167	46.39%	2	2	93	93	6.683587528200906E-66	1	1	64	60	35	132	+G
D6_BC42_191109_LF_LIB_consensus_vsearch	2100	C	*/+GG	124	12	3.33%	2	2	93	93	1.894839263750534E-4	1	1	64	60	1	11	+G
D6_BC42_191109_LF_LIB_consensus_vsearch	2113	G	*/-T	257	90	25.28%	2	2	93	93	1.0455905362649313E-30	1	1	46	211	88	2	-T
D6_BC42_191109_LF_LIB_consensus_vsearch	2116	T	*/-G	317	32	8.89%	2	1	93	93	1.1059208120208755E-10	1	1	106	211	32	0	-G
D6_BC42_191109_LF_LIB_consensus_vsearch	2117	G	*/+A	304	12	3.66%	2	1	93	93	2.1950445924379393E-4	1	1	90	214	12	0	+A
D6_BC42_191109_LF_LIB_consensus_vsearch	2118	A	*/-G	341	8	2.27%	2	1	93	93	0.0037510159980200415	1	1	128	213	8	0	-G
D6_BC42_191109_LF_LIB_consensus_vsearch	2119	G	*/-T	331	13	3.71%	2	1	93	93	1.0875750416273054E-4	1	1	130	201	0	13	-T
D6_BC42_191109_LF_LIB_consensus_vsearch	2125	T	*/-G	342	7	1.97%	2	2	93	93	0.0075788071772909795	1	1	140	202	2	5	-G
D6_BC42_191109_LF_LIB_consensus_vsearch	2136	T	*/-C	341	11	3.11%	2	2	93	93	4.510511424149823E-4	1	1	132	209	5	6	-C
D6_BC42_191109_LF_LIB_consensus_vsearch	2146	C	*/+T	273	31	8.61%	2	2	93	93	2.0807314559003518E-10	1	1	105	168	20	11	+T
D6_BC42_191109_LF_LIB_consensus_vsearch	2146	C	*/+TT	273	9	2.5%	2	2	93	93	0.0018305595870728112	1	1	105	168	5	4	+T
D6_BC42_191109_LF_LIB_consensus_vsearch	2146	C	*/-T	273	45	12.5%	2	2	93	93	5.322064744750989E-15	1	1	105	168	13	32	-T
D6_BC42_191109_LF_LIB_consensus_vsearch	2156	C	*/+A	339	8	2.23%	2	2	93	93	0.003750129788579787	1	1	130	209	5	3	+A
D6_BC42_191109_LF_LIB_consensus_vsearch	2157	G	*/-A	340	9	2.53%	2	1	93	93	0.0018537629787316217	1	1	126	214	9	0	-A
D6_BC42_191109_LF_LIB_consensus_vsearch	2164	T	*/-G	339	8	2.26%	2	2	93	93	0.003750129788579787	1	1	140	199	1	7	-G
D6_BC42_191109_LF_LIB_consensus_vsearch	2168	C	*/-T	346	7	1.96%	2	2	93	93	0.007581440013514741	1	1	137	209	3	4	-T
D6_BC42_191109_LF_LIB_consensus_vsearch	2170	T	*/-G	289	54	15.08%	2	2	93	93	5.762834267548734E-18	1	1	125	164	7	47	-G
D6_BC42_191109_LF_LIB_consensus_vsearch	2178	G	*/-TG	315	34	9.5%	2	1	93	93	2.5013502129596346E-11	1	1	137	178	0	34	-TG
D6_BC42_191109_LF_LIB_consensus_vsearch	2184	G	*/-T	335	10	2.79%	2	1	93	93	9.140715025325323E-4	1	1	136	199	0	10	-T
D6_BC42_191109_LF_LIB_consensus_vsearch	2186	T	*/-C	329	17	4.76%	2	2	93	93	6.237978960098206E-6	1	1	140	189	1	16	-C
D6_BC42_191109_LF_LIB_consensus_vsearch	2189	T	*/-C	335	7	2.01%	2	2	93	93	0.0075740524106117915	1	1	139	196	2	5	-C
D6_BC42_191109_LF_LIB_consensus_vsearch	2201	C	*/-TC	338	10	2.8%	2	1	93	93	9.145999987969954E-4	1	1	142	196	0	10	-TC
D6_BC42_191109_LF_LIB_consensus_vsearch	2202	T	*/-CCT	329	9	2.61%	2	1	93	93	0.0018505754546696879	1	1	140	189	0	9	-CCT
D6_BC42_191109_LF_LIB_consensus_vsearch	2205	T	*/-CT	334	8	2.29%	2	1	93	93	0.003747869361231707	1	1	141	193	0	8	-CT
D6_BC42_191109_LF_LIB_consensus_vsearch	2206	C	*/+T	304	7	2.02%	2	1	93	93	0.007550439733141782	1	1	141	163	0	7	+T
D6_BC42_191109_LF_LIB_consensus_vsearch	2206	C	*/-T	304	32	9.22%	2	1	93	93	1.0729739928781041E-10	1	1	141	163	0	32	-T
D6_BC42_191109_LF_LIB_consensus_vsearch	2208	T	*/+A	328	18	5.07%	2	2	93	93	3.040437152404763E-6	1	1	136	192	5	13	+A
D6_BC42_191109_LF_LIB_consensus_vsearch	2214	T	*/+GT	343	10	2.79%	2	1	93	93	9.154612436605753E-4	1	1	138	205	0	10	+GT
D6_BC42_191109_LF_LIB_consensus_vsearch	2221	G	*/-T	333	14	3.93%	2	1	93	93	5.33949482514561E-5	1	1	139	194	0	14	-T
D6_BC42_191109_LF_LIB_consensus_vsearch	2225	G	*/-T	338	11	3.13%	2	1	93	93	4.5073902379692165E-4	1	1	135	203	0	11	-T
D6_BC42_191109_LF_LIB_consensus_vsearch	2231	C	*/+G	328	10	2.79%	2	1	93	93	9.128025855871309E-4	1	1	140	188	0	10	+G
D6_BC42_191109_LF_LIB_consensus_vsearch	2231	C	*/-G	328	11	3.07%	2	1	93	93	4.4965976705035063E-4	1	1	140	188	0	11	-G
D6_BC42_191109_LF_LIB_consensus_vsearch	2236	C	*/-G	340	8	2.25%	2	1	93	93	0.0037505741543597316	1	1	129	211	8	0	-G
D6_BC42_191109_LF_LIB_consensus_vsearch	2240	T	*/+C	333	7	1.99%	2	2	93	93	0.007572658162744914	1	1	133	200	4	3	+C
D6_BC42_191109_LF_LIB_consensus_vsearch	2241	C	*/-G	313	12	3.46%	2	2	93	93	2.2016375465967462E-4	1	1	137	176	1	11	-G
D6_BC42_191109_LF_LIB_consensus_vsearch	2245	G	*/-TG	330	22	6.15%	2	2	93	93	1.6995106395173943E-7	1	1	135	195	3	19	-TG
D6_BC42_191109_LF_LIB_consensus_vsearch	2249	T	*/-A	339	11	3.06%	2	2	93	93	4.5084364289619004E-4	1	1	128	211	9	2	-A
D6_BC42_191109_LF_LIB_consensus_vsearch	2263	G	*/-TG	345	8	2.24%	2	1	93	93	0.0037527585760722872	1	1	141	204	0	8	-TG
D6_BC42_191109_LF_LIB_consensus_vsearch	2269	G	*/-TG	326	23	6.44%	2	1	93	93	8.196351892840733E-8	1	1	137	189	0	23	-TG
D6_BC42_191109_LF_LIB_consensus_vsearch	2271	G	*/-A	292	35	10.54%	2	1	93	93	1.1133086933168642E-11	1	1	102	190	35	0	-A
D6_BC42_191109_LF_LIB_consensus_vsearch	2280	T	*/-AA	298	44	12.29%	2	1	93	93	1.2964214845071237E-14	1	1	135	163	0	44	-AA
D6_BC42_191109_LF_LIB_consensus_vsearch	2290	C	*/-TTC	330	7	1.99%	2	1	93	93	0.007570535950912546	1	1	129	201	7	0	-TTC
D6_BC42_191109_LF_LIB_consensus_vsearch	2292	T	*/-CT	328	7	1.99%	2	1	93	93	0.007569100156087223	1	1	126	202	0	7	-CT
D6_BC42_191109_LF_LIB_consensus_vsearch	2293	C	*/+T	320	7	2.05%	2	2	93	93	0.007563182448808609	1	1	130	190	1	6	+T
D6_BC42_191109_LF_LIB_consensus_vsearch	2293	C	*/-T	320	11	3.23%	2	2	93	93	4.4875065834828966E-4	1	1	130	190	5	6	-T
D6_BC42_191109_LF_LIB_consensus_vsearch	2297	C	*/+A	344	7	1.97%	2	1	93	93	0.007580131052467943	1	1	130	214	7	0	+A
D6_BC42_191109_LF_LIB_consensus_vsearch	2300	T	*/-C	326	23	6.44%	2	2	93	93	8.196351892840733E-8	1	1	115	211	21	2	-C
D6_BC42_191109_LF_LIB_consensus_vsearch	2301	C	*/+G	321	7	2.08%	2	1	93	93	0.007563937849782871	1	1	107	214	7	0	+G
D6_BC42_191109_LF_LIB_consensus_vsearch	2302	C	*/-T	288	61	16.99%	2	2	93	93	2.4468785637144154E-20	1	1	128	160	7	54	-T
D6_BC42_191109_LF_LIB_consensus_vsearch	2304	T	*/-AA	281	60	16.9%	2	1	93	93	5.028663750905738E-20	1	1	131	150	0	60	-AA
D6_BC42_191109_LF_LIB_consensus_vsearch	2309	T	*/-G	295	61	16.94%	2	1	93	93	2.6032800083448527E-20	1	1	143	152	0	61	-G
D6_BC42_191109_LF_LIB_consensus_vsearch	2316	C	*/-T	313	7	1.97%	2	2	93	93	0.0075577632969213195	1	1	110	203	2	5	-T
D6_BC42_191109_LF_LIB_consensus_vsearch	2316	C	*/-TT	313	30	8.43%	2	1	93	93	4.799962349841586E-10	1	1	110	203	30	0	-TT
D6_BC42_191109_LF_LIB_consensus_vsearch	2320	C	*/+T	300	9	2.51%	2	1	93	93	0.0018411013979868624	1	1	135	165	0	9	+T
D6_BC42_191109_LF_LIB_consensus_vsearch	2320	C	*/-T	300	27	7.54%	2	1	93	93	4.2578461818052126E-9	1	1	135	165	0	27	-T
D6_BC42_191109_LF_LIB_consensus_vsearch	2320	C	*/-TT	300	13	3.63%	2	2	93	93	1.0749551725979228E-4	1	1	135	165	7	6	-T
D6_BC42_191109_LF_LIB_consensus_vsearch	2329	C	*/-T	346	10	2.78%	2	2	93	93	9.159665973031879E-4	1	1	136	210	6	4	-T
D6_BC42_191109_LF_LIB_consensus_vsearch	2332	A	*/-C	338	12	3.33%	2	1	93	93	2.2182292444366094E-4	1	1	141	197	0	12	-C
D6_BC42_191109_LF_LIB_consensus_vsearch	2336	C	*/-A	334	9	2.58%	2	2	93	93	0.0018520493120850327	1	1	134	200	3	6	-A
D6_BC42_191109_LF_LIB_consensus_vsearch	2340	T	*/+C	339	8	2.25%	2	1	93	93	0.003750129788579787	1	1	133	206	8	0	+C
D6_BC42_191109_LF_LIB_consensus_vsearch	2342	A	*/+G	328	7	1.99%	2	1	93	93	0.007569100156087223	1	1	133	195	0	7	+G
D6_BC42_191109_LF_LIB_consensus_vsearch	2342	A	*/-G	328	10	2.85%	2	2	93	93	9.128025855871309E-4	1	1	133	195	3	7	-G
D6_BC42_191109_LF_LIB_consensus_vsearch	2346	A	*/-G	322	24	6.82%	2	2	93	93	3.944013985006252E-8	1	1	136	186	2	22	-G
D6_BC42_191109_LF_LIB_consensus_vsearch	2350	C	*/-T	339	10	2.8%	2	2	93	93	9.147741839900973E-4	1	1	131	208	6	4	-T
D6_BC42_191109_LF_LIB_consensus_vsearch	2352	A	*/+C	327	9	2.51%	2	1	93	93	0.0018499738086392118	1	1	121	206	9	0	+C
D6_BC42_191109_LF_LIB_consensus_vsearch	2352	A	*/-C	327	14	3.91%	2	2	93	93	5.326690455636738E-5	1	1	121	206	7	7	-C
D6_BC42_191109_LF_LIB_consensus_vsearch	2362	C	*/-T	337	13	3.62%	2	2	93	93	1.0897695997386058E-4	1	1	129	208	7	6	-T
D6_BC42_191109_LF_LIB_consensus_vsearch	2364	T	*/-A	328	9	2.54%	2	2	93	93	0.0018502755113221137	1	1	124	204	1	8	-A
D6_BC42_191109_LF_LIB_consensus_vsearch	2366	A	*/-G	344	9	2.52%	2	2	93	93	0.0018548735082316635	1	1	141	203	2	7	-G
D6_BC42_191109_LF_LIB_consensus_vsearch	2373	C	*/-A	346	7	1.97%	2	2	93	93	0.007581440013514741	1	1	141	205	1	6	-A
D6_BC42_191109_LF_LIB_consensus_vsearch	2376	T	*/+C	339	7	1.98%	2	1	93	93	0.00757679283814411	1	1	139	200	0	7	+C
D6_BC42_191109_LF_LIB_consensus_vsearch	2379	G	*/-CG	341	8	2.24%	2	1	93	93	0.0037510159980200415	1	1	141	200	0	8	-CG
D6_BC42_191109_LF_LIB_consensus_vsearch	2380	C	*/+G	325	12	3.44%	2	1	93	93	2.2098985872739398E-4	1	1	142	183	0	12	+G
D6_BC42_191109_LF_LIB_consensus_vsearch	2383	A	*/-G	333	21	5.83%	2	2	93	93	3.5131224250287385E-7	1	1	125	208	15	6	-G
D6_BC42_191109_LF_LIB_consensus_vsearch	2384	G	*/+T	325	8	2.37%	2	1	93	93	0.0037436312504308135	1	1	124	201	0	8	+T
D6_BC42_191109_LF_LIB_consensus_vsearch	2385	G	*/+A	283	15	4.19%	2	2	93	93	2.5475489420278596E-5	1	1	83	200	12	3	+A
D6_BC42_191109_LF_LIB_consensus_vsearch	2385	G	*/+AA	283	9	2.51%	2	1	93	93	0.0018346874387804265	1	1	83	200	9	0	+A
D6_BC42_191109_LF_LIB_consensus_vsearch	2385	G	*/-A	283	29	8.1%	2	2	93	93	9.417246415214924E-10	1	1	83	200	20	9	-A
D6_BC42_191109_LF_LIB_consensus_vsearch	2385	G	*/-AA	283	7	1.96%	2	2	93	93	0.00753159622270077	1	1	83	200	6	1	-A
D6_BC42_191109_LF_LIB_consensus_vsearch	2390	G	*/+A	325	11	3.13%	2	2	93	93	4.4932379130995447E-4	1	1	128	197	2	9	+A
D6_BC42_191109_LF_LIB_consensus_vsearch	2390	G	*/-A	325	8	2.28%	2	2	93	93	0.0037436312504308135	1	1	128	197	3	5	+A
D6_BC42_191109_LF_LIB_consensus_vsearch	2393	A	*/+T	318	13	3.66%	2	1	93	93	1.0825586010679157E-4	1	1	122	196	0	13	+T
D6_BC42_191109_LF_LIB_consensus_vsearch	2393	A	*/-C	318	7	1.97%	2	2	93	93	0.007561657789302346	1	1	122	196	3	4	+T
D6_BC42_191109_LF_LIB_consensus_vsearch	2394	C	*/-T	325	19	5.38%	2	2	93	93	1.4773756308010322E-6	1	1	131	194	5	14	-T
D6_BC42_191109_LF_LIB_consensus_vsearch	2398	C	*/-A	338	10	2.81%	2	2	93	93	9.145999987969954E-4	1	1	130	208	8	2	-A
D6_BC42_191109_LF_LIB_consensus_vsearch	2400	A	*/-G	339	11	3.1%	2	2	93	93	4.5084364289619004E-4	1	1	134	205	6	5	-G
D6_BC42_191109_LF_LIB_consensus_vsearch	2405	T	*/-C	168	174	48.33%	2	2	93	93	3.6133420456762653E-66	1	1	79	89	57	117	-C
D6_BC42_191109_LF_LIB_consensus_vsearch	2405	T	*/-CC	168	9	2.5%	2	2	93	93	0.0017598412021421013	1	1	79	89	4	5	-C
D6_BC42_191109_LF_LIB_consensus_vsearch	2409	C	*/-T	346	8	2.22%	2	2	93	93	0.003753188125502644	1	1	139	207	1	7	-T
D6_BC42_191109_LF_LIB_consensus_vsearch	2411	A	*/-G	343	7	1.96%	2	1	93	93	0.007579470995029922	1	1	138	205	0	7	-G
D6_BC42_191109_LF_LIB_consensus_vsearch	2419	C	*/+A	317	13	3.61%	2	2	93	93	1.0821570356450297E-4	1	1	112	205	12	1	+A
D6_BC42_191109_LF_LIB_consensus_vsearch	2419	C	*/-G	317	16	4.44%	2	2	93	93	1.2688103904606198E-5	1	1	112	205	15	1	-G
D6_BC42_191109_LF_LIB_consensus_vsearch	2420	G	*/+TG	319	7	2.03%	2	1	93	93	0.007562422442723779	1	1	113	206	0	7	+TG
D6_BC42_191109_LF_LIB_consensus_vsearch	2420	G	*/-A	319	7	2.03%	2	2	93	93	0.007562422442723779	1	1	113	206	6	1	+TG
D6_BC42_191109_LF_LIB_consensus_vsearch	2422	G	*/-T	333	14	3.91%	2	1	93	93	5.33949482514561E-5	1	1	138	195	0	14	-T
D6_BC42_191109_LF_LIB_consensus_vsearch	2426	A	*/-C	337	18	5.01%	2	2	93	93	3.0584225990193845E-6	1	1	136	201	6	12	-C
D6_BC42_191109_LF_LIB_consensus_vsearch	2428	C	*/+G	301	7	1.94%	2	2	93	93	0.007547904070155765	1	1	124	177	6	1	+G
D6_BC42_191109_LF_LIB_consensus_vsearch	2428	C	*/-G	301	22	6.11%	2	2	93	93	1.646890449862487E-7	1	1	124	177	7	15	-G
D6_BC42_191109_LF_LIB_consensus_vsearch	2428	C	*/-GG	301	13	3.61%	2	1	93	93	1.0753994466206977E-4	1	1	124	177	0	13	-G
D6_BC42_191109_LF_LIB_consensus_vsearch	2431	G	*/+A	293	16	4.44%	2	2	93	93	1.2502938907159318E-5	1	1	129	164	2	14	+A
D6_BC42_191109_LF_LIB_consensus_vsearch	2431	G	*/-A	293	36	10%	2	2	93	93	5.2863387990071765E-12	1	1	129	164	9	27	-A
D6_BC42_191109_LF_LIB_consensus_vsearch	2439	C	*/-A	330	13	3.67%	2	2	93	93	1.0872021177752496E-4	1	1	134	196	3	10	-A
D6_BC42_191109_LF_LIB_consensus_vsearch	2445	T	*/+A	299	16	4.44%	2	2	93	93	1.2551678368037368E-5	1	1	107	192	4	12	+A
D6_BC42_191109_LF_LIB_consensus_vsearch	2445	T	*/-A	299	30	8.33%	2	2	93	93	4.660196246249441E-10	1	1	107	192	23	7	-A
D6_BC42_191109_LF_LIB_consensus_vsearch	2452	T	*/-G	327	10	2.85%	2	2	93	93	9.126170943078215E-4	1	1	136	191	1	9	-G
D6_BC42_191109_LF_LIB_consensus_vsearch	2459	C	*/-T	342	9	2.51%	2	2	93	93	0.0018543213632639765	1	1	138	204	3	6	-T
D6_BC42_191109_LF_LIB_consensus_vsearch	2461	T	*/-G	340	11	3.06%	2	1	93	93	4.5094768082608024E-4	1	1	141	199	0	11	-G
D6_BC42_191109_LF_LIB_consensus_vsearch	2464	C	*/-T	334	8	2.26%	2	2	93	93	0.003747869361231707	1	1	140	194	1	7	-T
D6_BC42_191109_LF_LIB_consensus_vsearch	2467	T	*/-C	312	42	11.73%	2	2	93	93	6.242317977329556E-14	1	1	98	214	41	1	-C
D6_BC42_191109_LF_LIB_consensus_vsearch	2469	C	*/+G	306	16	4.47%	2	2	93	93	1.2606413135423437E-5	1	1	110	196	5	11	+G
D6_BC42_191109_LF_LIB_consensus_vsearch	2469	C	*/-G	306	8	2.23%	2	2	93	93	0.0037338947977920084	1	1	110	196	7	1	+G
D6_BC42_191109_LF_LIB_consensus_vsearch	2470	G	*/-A	335	12	3.41%	2	1	93	93	2.2163604035931107E-4	1	1	121	214	12	0	-A
D6_BC42_191109_LF_LIB_consensus_vsearch	2476	T	*/-A	333	11	3.07%	2	2	93	93	4.5020703801756977E-4	1	1	128	205	7	4	-A
D6_BC42_191109_LF_LIB_consensus_vsearch	2481	T	*/-G	280	68	19.05%	2	1	93	93	8.970565009060835E-23	1	1	135	145	0	68	-G
D6_BC42_191109_LF_LIB_consensus_vsearch	2484	A	*/-GA	340	8	2.29%	2	1	93	93	0.0037505741543597316	1	1	128	212	8	0	-GA
D6_BC42_191109_LF_LIB_consensus_vsearch	2488	G	*/-C	334	13	3.64%	2	1	93	93	1.0886814299174589E-4	1	1	136	198	0	13	-C
D6_BC42_191109_LF_LIB_consensus_vsearch	2490	G	*/-T	334	13	3.67%	2	1	93	93	1.0886814299174589E-4	1	1	141	193	0	13	-T
D6_BC42_191109_LF_LIB_consensus_vsearch	2491	T	*/-CT	329	7	2.04%	2	1	93	93	0.007569820177023291	1	1	142	187	0	7	-CT
D6_BC42_191109_LF_LIB_consensus_vsearch	2494	T	*/-C	335	7	1.98%	2	2	93	93	0.0075740524106117915	1	1	131	204	4	3	-C
D6_BC42_191109_LF_LIB_consensus_vsearch	2498	C	*/-GC	345	8	2.23%	2	2	93	93	0.0037527585760722872	1	1	133	212	7	1	-GC
D6_BC42_191109_LF_LIB_consensus_vsearch	2501	T	*/-G	303	48	13.37%	2	2	93	93	6.330181233619639E-16	1	1	140	163	1	47	-G
D6_BC42_191109_LF_LIB_consensus_vsearch	2504	A	*/-C	348	7	1.94%	2	2	93	93	0.007582734311001454	1	1	135	213	4	3	-C
D6_BC42_191109_LF_LIB_consensus_vsearch	2508	T	*/-GT	327	16	4.47%	2	2	93	93	1.275813266360776E-5	1	1	131	196	1	15	-GT
D6_BC42_191109_LF_LIB_consensus_vsearch	2512	C	*/-A	334	16	4.52%	2	2	93	93	1.2804931208893395E-5	1	1	132	202	7	9	-A
D6_BC42_191109_LF_LIB_consensus_vsearch	2516	T	*/-C	348	7	1.95%	2	1	93	93	0.007582734311001454	1	1	141	207	0	7	-C
D6_BC42_191109_LF_LIB_consensus_vsearch	2518	T	*/-C	333	14	3.95%	2	2	93	93	5.33949482514561E-5	1	1	132	201	6	8	-C
D6_BC42_191109_LF_LIB_consensus_vsearch	2520	C	*/-T	350	7	1.94%	2	1	93	93	0.007584014189966649	1	1	143	207	0	7	-T
D6_BC42_191109_LF_LIB_consensus_vsearch	2521	T	*/-G	262	75	21.37%	2	2	93	93	2.554220364472517E-25	1	1	141	121	1	74	-G
D6_BC42_191109_LF_LIB_consensus_vsearch	2526	C	*/-G	345	7	1.96%	2	2	93	93	0.007580787381458834	1	1	140	205	1	6	-G
D6_BC42_191109_LF_LIB_consensus_vsearch	2528	G	*/-A	344	13	3.62%	2	1	93	93	1.0922402904139998E-4	1	1	129	215	13	0	-A
D6_BC42_191109_LF_LIB_consensus_vsearch	2536	T	*/-A	339	7	1.96%	2	2	93	93	0.00757679283814411	1	1	128	211	6	1	-A
D6_BC42_191109_LF_LIB_consensus_vsearch	2537	A	*/-G	337	7	2%	2	1	93	93	0.0075754305431544305	1	1	127	210	7	0	-G
D6_BC42_191109_LF_LIB_consensus_vsearch	2539	A	*/-G	249	86	24.64%	2	2	93	93	2.4317573016509547E-29	1	1	57	192	63	23	-G
D6_BC42_191109_LF_LIB_consensus_vsearch	2541	G	*/+A	324	13	3.68%	2	1	93	93	1.0849200013056711E-4	1	1	112	212	13	0	+A
D6_BC42_191109_LF_LIB_consensus_vsearch	2545	A	*/-G	324	15	4.2%	2	1	93	93	2.6050544236155968E-5	1	1	113	211	15	0	-G
D6_BC42_191109_LF_LIB_consensus_vsearch	2545	A	*/-GA	324	9	2.52%	2	1	93	93	0.001849057988431908	1	1	113	211	9	0	-G
D6_BC42_191109_LF_LIB_consensus_vsearch	2548	A	*/-T	330	13	3.64%	2	1	93	93	1.0872021177752496E-4	1	1	134	196	0	13	-T
D6_BC42_191109_LF_LIB_consensus_vsearch	2549	T	*/-C	304	35	10.14%	2	2	93	93	1.1539732277839415E-11	1	1	113	191	28	7	-C
D6_BC42_191109_LF_LIB_consensus_vsearch	2555	C	*/-T	295	53	14.89%	2	2	93	93	1.3012839809190714E-17	1	1	137	158	2	51	-T
D6_BC42_191109_LF_LIB_consensus_vsearch	2558	T	*/+G	333	10	2.79%	2	2	93	93	9.137141362428344E-4	1	1	141	192	1	9	+G
D6_BC42_191109_LF_LIB_consensus_vsearch	2563	C	*/+G	329	12	3.39%	2	2	93	93	2.212527302735519E-4	1	1	136	193	1	11	+G
D6_BC42_191109_LF_LIB_consensus_vsearch	2576	C	*/-T	333	7	1.99%	2	2	93	93	0.007572658162744914	1	1	137	196	1	6	-T
D6_BC42_191109_LF_LIB_consensus_vsearch	2578	C	*/-T	335	9	2.56%	2	2	93	93	0.0018523390154232843	1	1	136	199	1	8	-T
D6_BC42_191109_LF_LIB_consensus_vsearch	2588	C	*/+T	341	7	1.97%	2	2	93	93	0.007578139567014644	1	1	140	201	1	6	+T
D6_BC42_191109_LF_LIB_consensus_vsearch	2590	C	*/-TC	314	41	11.45%	2	2	93	93	1.3351316312431826E-13	1	1	139	175	3	38	-TC
D6_BC42_191109_LF_LIB_consensus_vsearch	2592	C	*/-A	287	21	6.62%	2	1	93	93	3.351106630685896E-7	1	1	115	172	21	0	-A
D6_BC42_191109_LF_LIB_consensus_vsearch	2595	A	*/+G	340	8	2.22%	2	2	93	93	0.0037505741543597316	1	1	127	213	7	1	+G
D6_BC42_191109_LF_LIB_consensus_vsearch	2596	G	*/+A	323	7	1.98%	2	1	93	93	0.007565435002783988	1	1	112	211	7	0	+A
D6_BC42_191109_LF_LIB_consensus_vsearch	2596	G	*/-AG	323	17	4.8%	2	2	93	93	6.215299213934263E-6	1	1	112	211	15	2	-AG
D6_BC42_191109_LF_LIB_consensus_vsearch	2600	C	*/-G	334	13	3.63%	2	2	93	93	1.0886814299174589E-4	1	1	123	211	12	1	-G
D6_BC42_191109_LF_LIB_consensus_vsearch	2602	A	*/+G	341	7	1.96%	2	1	93	93	0.007578139567014644	1	1	128	213	7	0	+G
D6_BC42_191109_LF_LIB_consensus_vsearch	2603	G	*/+A	340	8	2.25%	2	1	93	93	0.0037505741543597316	1	1	126	214	8	0	+A
D6_BC42_191109_LF_LIB_consensus_vsearch	2609	T	*/+G	306	10	2.79%	2	2	93	93	9.08456353117801E-4	1	1	111	195	2	8	+G
D6_BC42_191109_LF_LIB_consensus_vsearch	2609	T	*/-G	306	25	6.96%	2	2	93	93	1.8613414242529732E-8	1	1	111	195	19	6	-G
D6_BC42_191109_LF_LIB_consensus_vsearch	2609	T	*/-GG	306	7	1.95%	2	1	93	93	0.007552103349072626	1	1	111	195	7	0	-G
D6_BC42_191109_LF_LIB_consensus_vsearch	2619	G	*/+C	337	7	1.97%	2	1	93	93	0.0075754305431544305	1	1	138	199	0	7	+C
D6_BC42_191109_LF_LIB_consensus_vsearch	2622	C	*/+A	285	18	5.06%	2	2	93	93	2.9412662624152163E-6	1	1	131	154	2	16	+A
D6_BC42_191109_LF_LIB_consensus_vsearch	2622	C	*/-A	285	43	12.08%	2	2	93	93	2.6059610252748783E-14	1	1	131	154	7	36	-A
D6_BC42_191109_LF_LIB_consensus_vsearch	2627	T	*/-G	335	19	5.29%	2	2	93	93	1.4883657604634775E-6	1	1	136	199	6	13	-G
D6_BC42_191109_LF_LIB_consensus_vsearch	2629	G	*/+A	341	9	2.51%	2	1	93	93	0.0018540429575330279	1	1	130	211	9	0	+A
D6_BC42_191109_LF_LIB_consensus_vsearch	2634	T	*/-A	293	50	14.04%	2	2	93	93	1.2936550259108175E-16	1	1	134	159	2	48	-A
D6_BC42_191109_LF_LIB_consensus_vsearch	2638	C	*/-T	295	61	16.99%	2	1	93	93	2.6032800083448527E-20	1	1	142	153	0	61	-T
D6_BC42_191109_LF_LIB_consensus_vsearch	2639	T	*/-C	284	10	3.36%	2	2	93	93	9.034745509269261E-4	1	1	136	148	6	4	-C
D6_BC42_191109_LF_LIB_consensus_vsearch	2644	C	*/-T	347	10	2.78%	2	2	93	93	9.161331965933196E-4	1	1	141	206	2	8	-T
D6_BC42_191109_LF_LIB_consensus_vsearch	2645	T	*/+A	317	11	3.15%	2	2	93	93	4.483986167396959E-4	1	1	123	194	6	5	+A
D6_BC42_191109_LF_LIB_consensus_vsearch	2650	C	*/-T	331	11	3.08%	2	2	93	93	4.499900004081131E-4	1	1	136	195	2	9	-T
D6_BC42_191109_LF_LIB_consensus_vsearch	2650	C	*/-TA	331	7	1.96%	2	1	93	93	0.007571247515222922	1	1	136	195	0	7	-T
D6_BC42_191109_LF_LIB_consensus_vsearch	2651	T	*/-A	314	8	2.34%	2	2	93	93	0.003738132946844435	1	1	135	179	3	5	-A
D6_BC42_191109_LF_LIB_consensus_vsearch	2658	T	*/-G	336	13	3.62%	2	2	93	93	1.089408872918302E-4	1	1	138	198	3	10	-G
D6_BC42_191109_LF_LIB_consensus_vsearch	2663	A	*/-G	340	13	3.64%	2	1	93	93	1.0908399969058902E-4	1	1	125	215	13	0	-G
D6_BC42_191109_LF_LIB_consensus_vsearch	2665	A	*/-GA	329	25	6.96%	2	2	93	93	1.921277112564373E-8	1	1	127	202	11	14	-GA
D6_BC42_191109_LF_LIB_consensus_vsearch	2676	G	*/+A	335	13	3.67%	2	1	93	93	1.0890461551478484E-4	1	1	140	195	0	13	+A
D6_BC42_191109_LF_LIB_consensus_vsearch	2690	A	*/+G	262	23	6.44%	2	2	93	93	7.508723106253298E-8	1	1	74	188	21	2	+G
D6_BC42_191109_LF_LIB_consensus_vsearch	2690	A	*/-G	262	67	18.77%	2	2	93	93	1.600226670099016E-22	1	1	74	188	43	24	-G
D6_BC42_191109_LF_LIB_consensus_vsearch	2693	G	*/+A	324	8	2.23%	2	2	93	93	0.0037431463083990673	1	1	115	209	5	3	+A
D6_BC42_191109_LF_LIB_consensus_vsearch	2693	G	*/-A	324	16	4.46%	2	1	93	93	1.2737526784110147E-5	1	1	115	209	16	0	-A
D6_BC42_191109_LF_LIB_consensus_vsearch	2700	G	*/-A	309	41	11.45%	2	2	93	93	1.310519700825563E-13	1	1	126	183	12	29	-A
D6_BC42_191109_LF_LIB_consensus_vsearch	2708	C	*/-T	307	31	8.71%	2	2	93	93	2.2651675858920818E-10	1	1	130	177	1	30	-T
D6_BC42_191109_LF_LIB_consensus_vsearch	2708	C	*/-TT	307	10	2.81%	2	2	93	93	9.086667186070912E-4	1	1	130	177	8	2	-T
D6_BC42_191109_LF_LIB_consensus_vsearch	2711	T	*/-G	324	30	8.33%	2	2	93	93	4.904306311041738E-10	1	1	140	184	1	29	-G
D6_BC42_191109_LF_LIB_consensus_vsearch	2713	G	*/-A	320	33	9.17%	2	2	93	93	5.313818366727347E-11	1	1	106	214	32	1	-A
D6_BC42_191109_LF_LIB_consensus_vsearch	2719	G	*/-AG	309	37	10.48%	2	2	93	93	2.632758433206376E-12	1	1	110	199	21	16	-AG
D6_BC42_191109_LF_LIB_consensus_vsearch	2733	G	*/-TG	331	12	3.37%	2	2	93	93	2.2138194180680858E-4	1	1	133	198	1	11	-TG
D6_BC42_191109_LF_LIB_consensus_vsearch	2743	T	*/+G	342	7	1.98%	2	1	93	93	0.0075788071772909795	1	1	141	201	0	7	+G
D6_BC42_191109_LF_LIB_consensus_vsearch	2744	G	*/+A	312	7	1.95%	2	2	93	93	0.007556969842859696	1	1	100	212	5	2	+A
D6_BC42_191109_LF_LIB_consensus_vsearch	2744	G	*/-A	312	35	9.75%	2	1	93	93	1.1801891633010331E-11	1	1	100	212	35	0	-A
D6_BC42_191109_LF_LIB_consensus_vsearch	2747	A	*/-G	277	59	16.39%	2	2	93	93	1.062131174472781E-19	1	1	79	198	45	14	-G
D6_BC42_191109_LF_LIB_consensus_vsearch	2747	A	*/-GG	277	9	2.5%	2	1	93	93	0.0018322447702484384	1	1	79	198	9	0	-G
D6_BC42_191109_LF_LIB_consensus_vsearch	2754	C	*/+A	321	7	1.98%	2	1	93	93	0.007563937849782871	1	1	111	210	7	0	+A
D6_BC42_191109_LF_LIB_consensus_vsearch	2754	C	*/+G	321	19	5.38%	2	2	93	93	1.4728174370924248E-6	1	1	111	210	16	3	+G
D6_BC42_191109_LF_LIB_consensus_vsearch	2756	C	*/-T	311	16	4.56%	2	2	93	93	1.2644177778714011E-5	1	1	109	202	12	4	-T
D6_BC42_191109_LF_LIB_consensus_vsearch	2756	C	*/-TT	311	10	2.85%	2	1	93	93	9.09495348801856E-4	1	1	109	202	10	0	-T
D6_BC42_191109_LF_LIB_consensus_vsearch	2758	T	*/+G	315	10	2.92%	2	2	93	93	9.103040047076643E-4	1	1	107	208	6	4	+G
D6_BC42_191109_LF_LIB_consensus_vsearch	2759	G	*/-A	331	11	3.12%	2	2	93	93	4.499900004081131E-4	1	1	130	201	7	4	-A
D6_BC42_191109_LF_LIB_consensus_vsearch	2769	G	*/-CG	339	11	3.06%	2	2	93	93	4.5084364289619004E-4	1	1	138	201	2	9	-CG
D6_BC42_191109_LF_LIB_consensus_vsearch	2771	G	*/+T	296	12	3.55%	2	2	93	93	2.1888724853588048E-4	1	1	103	193	10	2	+T
D6_BC42_191109_LF_LIB_consensus_vsearch	2771	G	*/-T	296	27	7.99%	2	2	93	93	4.227173296448989E-9	1	1	103	193	25	2	-T
D6_BC42_191109_LF_LIB_consensus_vsearch	2778	A	*/-G	236	96	27.35%	2	2	93	93	3.990516492530227E-33	1	1	127	109	2	94	-G
D6_BC42_191109_LF_LIB_consensus_vsearch	2782	C	*/-T	341	9	2.53%	2	2	93	93	0.0018540429575330279	1	1	138	203	2	7	-T
D6_BC42_191109_LF_LIB_consensus_vsearch	2788	C	*/+T	320	15	4.19%	2	2	93	93	2.6000267489939627E-5	1	1	133	187	1	14	+T
D6_BC42_191109_LF_LIB_consensus_vsearch	2788	C	*/-T	320	12	3.35%	2	1	93	93	2.2065266157105093E-4	1	1	133	187	0	12	+T
D6_BC42_191109_LF_LIB_consensus_vsearch	2791	G	*/+C	327	8	2.29%	2	1	93	93	0.0037445925357438583	1	1	129	198	0	8	+C
D6_BC42_191109_LF_LIB_consensus_vsearch	2791	G	*/-C	327	8	2.29%	2	2	93	93	0.0037445925357438583	1	1	129	198	2	6	+C
D6_BC42_191109_LF_LIB_consensus_vsearch	2793	C	*/-T	339	11	3.11%	2	1	93	93	4.5084364289619004E-4	1	1	137	202	0	11	-T
D6_BC42_191109_LF_LIB_consensus_vsearch	2795	C	*/-G	334	9	2.55%	2	1	93	93	0.0018520493120850327	1	1	141	193	0	9	-G
D6_BC42_191109_LF_LIB_consensus_vsearch	2798	C	*/-T	308	12	3.35%	2	2	93	93	2.198018975899724E-4	1	1	102	206	9	3	-T
D6_BC42_191109_LF_LIB_consensus_vsearch	2798	C	*/-TT	308	27	7.54%	2	1	93	93	4.317530200224029E-9	1	1	102	206	27	0	-TT
D6_BC42_191109_LF_LIB_consensus_vsearch	2800	T	*/-G	283	14	4.22%	2	1	93	93	5.217871327042909E-5	1	1	87	196	0	14	-G
D6_BC42_191109_LF_LIB_consensus_vsearch	2802	G	*/-TG	318	16	4.53%	2	2	93	93	1.269528226105059E-5	1	1	127	191	1	15	-TG
D6_BC42_191109_LF_LIB_consensus_vsearch	2806	A	*/-T	337	14	3.91%	2	2	93	93	5.347799462338428E-5	1	1	137	200	2	12	-T
D6_BC42_191109_LF_LIB_consensus_vsearch	2809	T	*/+C	259	12	3.33%	2	2	93	93	2.155782260196067E-4	1	1	87	172	4	8	+C
D6_BC42_191109_LF_LIB_consensus_vsearch	2809	T	*/-C	259	79	21.94%	2	2	93	93	9.390997715652435E-27	1	1	87	172	50	29	-C
D6_BC42_191109_LF_LIB_consensus_vsearch	2809	T	*/-CCT	259	8	2.22%	2	1	93	93	0.003703931063382389	1	1	87	172	0	8	-C
D6_BC42_191109_LF_LIB_consensus_vsearch	2819	C	*/+G	311	8	2.23%	2	1	93	93	0.003736568289976167	1	1	135	176	0	8	+G
D6_BC42_191109_LF_LIB_consensus_vsearch	2819	C	*/-G	311	24	6.7%	2	1	93	93	3.888955034917807E-8	1	1	135	176	0	24	-G
D6_BC42_191109_LF_LIB_consensus_vsearch	2832	C	*/+T	217	17	4.76%	2	2	93	93	5.644737386387644E-6	1	1	69	148	6	11	+T
D6_BC42_191109_LF_LIB_consensus_vsearch	2832	C	*/+TT	217	7	1.96%	2	1	93	93	0.007449584424390529	1	1	69	148	0	7	+T
D6_BC42_191109_LF_LIB_consensus_vsearch	2832	C	*/-T	217	83	23.25%	2	2	93	93	1.4010017193643937E-28	1	1	69	148	45	38	-T
D6_BC42_191109_LF_LIB_consensus_vsearch	2832	C	*/-TT	217	10	2.8%	2	2	93	93	8.825309402840407E-4	1	1	69	148	4	6	-T
D6_BC42_191109_LF_LIB_consensus_vsearch	2832	C	*/-TTT	217	16	4.48%	2	1	93	93	1.1689988290222098E-5	1	1	69	148	16	0	-TTT
D6_BC42_191109_LF_LIB_consensus_vsearch	2836	T	*/-G	335	10	2.79%	2	2	93	93	9.140715025325323E-4	1	1	132	203	2	8	-G
D6_BC42_191109_LF_LIB_consensus_vsearch	2841	G	*/-C	332	14	3.95%	2	2	93	93	5.3373901122053535E-5	1	1	134	198	4	10	-C
D6_BC42_191109_LF_LIB_consensus_vsearch	2842	C	*/+A	290	21	6.18%	2	2	93	93	3.3629223387689155E-7	1	1	110	180	17	4	+A
D6_BC42_191109_LF_LIB_consensus_vsearch	2842	C	*/-G	290	12	3.53%	2	2	93	93	2.1840367786051513E-4	1	1	110	180	6	6	+A
D6_BC42_191109_LF_LIB_consensus_vsearch	2843	G	*/+T	319	9	2.62%	2	1	93	93	0.0018474949493256872	1	1	125	194	0	9	+T
D6_BC42_191109_LF_LIB_consensus_vsearch	2845	G	*/+A	118	173	48.19%	2	2	93	93	4.3620281190642077E-69	1	1	67	51	55	118	+A
D6_BC42_191109_LF_LIB_consensus_vsearch	2845	G	*/-A	118	20	5.57%	2	2	93	93	4.5435081020805905E-7	1	1	67	51	5	15	+A
D6_BC42_191109_LF_LIB_consensus_vsearch	2853	T	*/-A	338	10	2.79%	2	2	93	93	9.145999987969954E-4	1	1	129	209	5	5	-A
D6_BC42_191109_LF_LIB_consensus_vsearch	2856	A	*/+G	306	25	7.1%	2	2	93	93	1.8613414242529732E-8	1	1	123	183	1	24	+G
D6_BC42_191109_LF_LIB_consensus_vsearch	2856	A	*/-G	306	13	3.69%	2	2	93	93	1.0775808516339881E-4	1	1	123	183	12	1	+G
D6_BC42_191109_LF_LIB_consensus_vsearch	2862	G	*/-TG	336	15	4.18%	2	2	93	93	2.6194889808249706E-5	1	1	139	197	2	13	-TG
D6_BC42_191109_LF_LIB_consensus_vsearch	2863	T	*/-G	316	8	2.35%	2	2	93	93	0.0037391601206060374	1	1	133	183	2	6	-G
D6_BC42_191109_LF_LIB_consensus_vsearch	2867	A	*/-C	249	83	23.31%	2	2	93	93	2.9132612084590043E-28	1	1	134	115	3	80	-C
D6_BC42_191109_LF_LIB_consensus_vsearch	2867	A	*/-CC	249	15	4.21%	2	1	93	93	2.487334698777583E-5	1	1	134	115	0	15	-C
D6_BC42_191109_LF_LIB_consensus_vsearch	2870	C	*/-T	325	7	1.95%	2	2	93	93	0.007566914229586403	1	1	138	187	2	5	-T
D6_BC42_191109_LF_LIB_consensus_vsearch	2870	C	*/-TC	325	9	2.51%	2	1	93	93	0.0018493650629926273	1	1	138	187	0	9	-TC
D6_BC42_191109_LF_LIB_consensus_vsearch	2872	C	*/+G	284	11	3.31%	2	2	93	93	4.440677122119378E-4	1	1	135	149	4	7	+G
D6_BC42_191109_LF_LIB_consensus_vsearch	2872	C	*/-G	284	26	7.83%	2	2	93	93	8.624387607661131E-9	1	1	135	149	1	25	-G
D6_BC42_191109_LF_LIB_consensus_vsearch	2875	G	*/-T	339	8	2.27%	2	1	93	93	0.003750129788579787	1	1	139	200	0	8	-T
D6_BC42_191109_LF_LIB_consensus_vsearch	2878	T	*/-GT	305	42	11.73%	2	1	93	93	6.071339946664034E-14	1	1	139	166	0	42	-GT
D6_BC42_191109_LF_LIB_consensus_vsearch	2884	A	*/-G	337	8	2.27%	2	2	93	93	0.0037492334037990153	1	1	137	200	2	6	-G
D6_BC42_191109_LF_LIB_consensus_vsearch	2885	G	*/-C	321	18	5.17%	2	2	93	93	3.025848834451551E-6	1	1	131	190	1	17	-C
D6_BC42_191109_LF_LIB_consensus_vsearch	2887	C	*/-T	334	8	2.23%	2	1	93	93	0.003747869361231707	1	1	140	194	0	8	-T
D6_BC42_191109_LF_LIB_consensus_vsearch	2889	C	*/-T	324	21	5.9%	2	2	93	93	3.4843764877406403E-7	1	1	134	190	4	17	-T
D6_BC42_191109_LF_LIB_consensus_vsearch	2905	G	*/-C	345	8	2.23%	2	2	93	93	0.0037527585760722872	1	1	139	206	1	7	-C
D6_BC42_191109_LF_LIB_consensus_vsearch	2907	T	*/+G	295	23	6.46%	2	2	93	93	7.891730797318141E-8	1	1	131	164	3	20	+G
D6_BC42_191109_LF_LIB_consensus_vsearch	2907	T	*/-G	295	28	7.87%	2	2	93	93	2.0213946619521254E-9	1	1	131	164	4	24	-G
D6_BC42_191109_LF_LIB_consensus_vsearch	2910	G	*/-A	337	12	3.34%	2	1	93	93	2.2176097531794397E-4	1	1	129	208	12	0	-A
D6_BC42_191109_LF_LIB_consensus_vsearch	2912	G	*/-T	292	50	14.16%	2	1	93	93	1.2858071211567984E-16	1	1	140	152	0	50	-T
D6_BC42_191109_LF_LIB_consensus_vsearch	2914	G	*/+AA	327	7	2.02%	2	1	93	93	0.007568375850183275	1	1	125	202	7	0	+AA
D6_BC42_191109_LF_LIB_consensus_vsearch	2914	G	*/-A	327	8	2.31%	2	2	93	93	0.0037445925357438583	1	1	125	202	2	6	-A
D6_BC42_191109_LF_LIB_consensus_vsearch	2915	A	*/-G	282	41	11.82%	2	2	93	93	1.1726997923775684E-13	1	1	96	186	27	14	-G
D6_BC42_191109_LF_LIB_consensus_vsearch	2915	A	*/-GGA	282	13	3.75%	2	2	93	93	1.0664673660562859E-4	1	1	96	186	11	2	-G
D6_BC42_191109_LF_LIB_consensus_vsearch	2920	C	*/-T	347	8	2.25%	2	1	93	93	0.003753615277703552	1	1	142	205	0	8	-T
D6_BC42_191109_LF_LIB_consensus_vsearch	2921	T	*/+C	317	16	4.56%	2	2	93	93	1.2688103904606198E-5	1	1	131	186	11	5	+C
D6_BC42_191109_LF_LIB_consensus_vsearch	2925	C	*/-AC	346	7	1.97%	2	1	93	93	0.007581440013514741	1	1	133	213	7	0	-AC
D6_BC42_191109_LF_LIB_consensus_vsearch	2930	C	*/-T	330	20	5.57%	2	1	93	93	7.213162820643316E-7	1	1	140	190	0	20	-T
D6_BC42_191109_LF_LIB_consensus_vsearch	2933	C	*/-T	344	8	2.24%	2	2	93	93	0.003752326609186822	1	1	139	205	3	5	-T
D6_BC42_191109_LF_LIB_consensus_vsearch	2937	C	*/+G	293	12	3.39%	2	2	93	93	2.1864775387895355E-4	1	1	122	171	8	4	+G
D6_BC42_191109_LF_LIB_consensus_vsearch	2937	C	*/-G	293	32	9.04%	2	2	93	93	1.04378605910745E-10	1	1	122	171	8	24	-G
D6_BC42_191109_LF_LIB_consensus_vsearch	2940	G	*/+A	342	7	1.98%	2	1	93	93	0.0075788071772909795	1	1	130	212	7	0	+A
D6_BC42_191109_LF_LIB_consensus_vsearch	2942	C	*/-T	332	10	2.81%	2	2	93	93	9.135339164919169E-4	1	1	131	201	7	3	-T
D6_BC42_191109_LF_LIB_consensus_vsearch	2942	C	*/-TT	332	7	1.97%	2	2	93	93	0.007571954906961894	1	1	131	201	3	4	-T
D6_BC42_191109_LF_LIB_consensus_vsearch	2944	T	*/-C	327	10	2.85%	2	2	93	93	9.126170943078215E-4	1	1	123	204	6	4	-C
D6_BC42_191109_LF_LIB_consensus_vsearch	2945	C	*/+G	276	14	4.03%	2	1	93	93	5.1976905125559855E-5	1	1	128	148	0	14	+G
D6_BC42_191109_LF_LIB_consensus_vsearch	2945	C	*/+T	276	8	2.31%	2	2	93	93	0.003715900308944675	1	1	128	148	1	7	+G
D6_BC42_191109_LF_LIB_consensus_vsearch	2945	C	*/-G	276	35	10.09%	2	2	93	93	1.0564737628365198E-11	1	1	128	148	2	33	-G
D6_BC42_191109_LF_LIB_consensus_vsearch	2945	C	*/-GG	276	7	2.02%	2	1	93	93	0.007524698125609518	1	1	128	148	0	7	-G
D6_BC42_191109_LF_LIB_consensus_vsearch	2947	G	*/-C	326	12	3.41%	2	2	93	93	2.2105614062094332E-4	1	1	122	204	10	2	-C
D6_BC42_191109_LF_LIB_consensus_vsearch	2952	C	*/+T	322	15	4.2%	2	2	93	93	2.602554622851478E-5	1	1	135	187	2	13	+T
D6_BC42_191109_LF_LIB_consensus_vsearch	2952	C	*/-T	322	7	1.96%	2	2	93	93	0.0075646886873687365	1	1	135	187	2	5	+T
D6_BC42_191109_LF_LIB_consensus_vsearch	2959	C	*/-T	348	7	1.95%	2	2	93	93	0.007582734311001454	1	1	138	210	3	4	-T
D6_BC42_191109_LF_LIB_consensus_vsearch	2962	A	*/+G	323	8	2.25%	2	1	93	93	0.003742658465833677	1	1	139	184	0	8	+G
D6_BC42_191109_LF_LIB_consensus_vsearch	2962	A	*/-G	323	18	5.06%	2	1	93	93	3.0300724508484405E-6	1	1	139	184	0	18	-G
D6_BC42_191109_LF_LIB_consensus_vsearch	2974	T	*/-A	332	10	2.84%	2	2	93	93	9.135339164919169E-4	1	1	130	202	5	5	-A
D6_BC42_191109_LF_LIB_consensus_vsearch	2979	G	*/-C	342	7	1.96%	2	1	93	93	0.0075788071772909795	1	1	139	203	0	7	-C
D6_BC42_191109_LF_LIB_consensus_vsearch	2980	C	*/+T	303	12	3.43%	2	2	93	93	2.1942896133169884E-4	1	1	129	174	3	9	+T
D6_BC42_191109_LF_LIB_consensus_vsearch	2980	C	*/-T	303	14	4%	2	1	93	93	5.2708811698392864E-5	1	1	129	174	0	14	-T
D6_BC42_191109_LF_LIB_consensus_vsearch	2980	C	*/-TT	303	8	2.29%	2	2	93	93	0.0037322498843562575	1	1	129	174	6	2	-T
D6_BC42_191109_LF_LIB_consensus_vsearch	2983	T	*/+A	329	8	2.25%	2	1	93	93	0.003745542524444667	1	1	135	194	0	8	+A
D6_BC42_191109_LF_LIB_consensus_vsearch	2983	T	*/-A	329	7	1.97%	2	2	93	93	0.007569820177023291	1	1	135	194	2	5	+A
D6_BC42_191109_LF_LIB_consensus_vsearch	2989	A	*/-C	334	9	2.55%	2	2	93	93	0.0018520493120850327	1	1	122	212	7	2	-C
D6_BC42_191109_LF_LIB_consensus_vsearch	2995	C	*/-T	345	10	2.8%	2	1	93	93	9.157990771671169E-4	1	1	141	204	0	10	-T
D6_BC42_191109_LF_LIB_consensus_vsearch	2998	G	*/-A	333	13	3.65%	2	1	93	93	1.0883146805374691E-4	1	1	136	197	0	13	-A
D6_BC42_191109_LF_LIB_consensus_vsearch	3004	C	*/-G	340	8	2.25%	2	1	93	93	0.0037505741543597316	1	1	139	201	0	8	-G
D6_BC42_191109_LF_LIB_consensus_vsearch	3007	A	*/-C	345	13	3.62%	2	1	93	93	1.0925856628381542E-4	1	1	130	215	13	0	-C
D6_BC42_191109_LF_LIB_consensus_vsearch	3009	C	*/-A	328	19	5.29%	2	2	93	93	1.480732379417269E-6	1	1	124	204	15	4	-A
D6_BC42_191109_LF_LIB_consensus_vsearch	3011	A	*/-G	328	22	6.13%	2	2	93	93	1.6961212151033067E-7	1	1	118	210	21	1	-G
D6_BC42_191109_LF_LIB_consensus_vsearch	3017	C	*/-T	346	7	1.94%	2	2	93	93	0.007581440013514741	1	1	139	207	1	6	-T
D6_BC42_191109_LF_LIB_consensus_vsearch	3025	C	*/+T	341	8	2.27%	2	1	93	93	0.0037510159980200415	1	1	138	203	0	8	+T
D6_BC42_191109_LF_LIB_consensus_vsearch	3026	C	*/-T	342	8	2.23%	2	2	93	93	0.0037514553409778158	1	1	140	202	1	7	-T
D6_BC42_191109_LF_LIB_consensus_vsearch	3028	G	*/-CG	336	7	1.97%	2	2	93	93	0.007574743473790617	1	1	131	205	2	5	-CG
D6_BC42_191109_LF_LIB_consensus_vsearch	3029	C	*/-G	325	15	4.29%	2	2	93	93	2.606293941980223E-5	1	1	122	203	14	1	-G
D6_BC42_191109_LF_LIB_consensus_vsearch	3030	G	*/+TG	322	8	2.37%	2	1	93	93	0.0037421676966334643	1	1	121	201	0	8	+TG
D6_BC42_191109_LF_LIB_consensus_vsearch	3037	T	*/+G	318	12	3.33%	2	2	93	93	2.205150185841483E-4	1	1	131	187	1	11	+G
D6_BC42_191109_LF_LIB_consensus_vsearch	3037	T	*/-G	318	27	7.5%	2	2	93	93	4.389163960179548E-9	1	1	131	187	11	16	-G
D6_BC42_191109_LF_LIB_consensus_vsearch	3041	T	*/-G	322	20	5.65%	2	2	93	93	7.164812603389658E-7	1	1	132	190	5	15	-G
D6_BC42_191109_LF_LIB_consensus_vsearch	3043	G	*/-A	285	54	15.21%	2	2	93	93	5.597619409548187E-18	1	1	126	159	11	43	-A
D6_BC42_191109_LF_LIB_consensus_vsearch	3047	A	*/-C	340	8	2.23%	2	2	93	93	0.0037505741543597316	1	1	130	210	5	3	-C
D6_BC42_191109_LF_LIB_consensus_vsearch	3050	C	*/+A	281	13	3.62%	2	2	93	93	1.0659667856220106E-4	1	1	125	156	12	1	+A
D6_BC42_191109_LF_LIB_consensus_vsearch	3050	C	*/+G	281	11	3.06%	2	2	93	93	4.436269224033503E-4	1	1	125	156	1	10	+A
D6_BC42_191109_LF_LIB_consensus_vsearch	3051	G	*/-A	339	14	3.91%	2	2	93	93	5.3518845446972046E-5	1	1	124	215	13	1	-A
D6_BC42_191109_LF_LIB_consensus_vsearch	3055	G	*/-CG	336	17	4.76%	2	2	93	93	6.263539241939495E-6	1	1	139	197	3	14	-CG
D6_BC42_191109_LF_LIB_consensus_vsearch	3062	G	*/+A	323	12	3.42%	2	2	93	93	2.2085614741397465E-4	1	1	112	211	10	2	+A
D6_BC42_191109_LF_LIB_consensus_vsearch	3062	G	*/-A	323	7	1.99%	2	2	93	93	0.007565435002783988	1	1	112	211	6	1	+A
D6_BC42_191109_LF_LIB_consensus_vsearch	3062	G	*/-AA	323	7	1.99%	2	2	93	93	0.007565435002783988	1	1	112	211	4	3	+A
D6_BC42_191109_LF_LIB_consensus_vsearch	3068	G	*/-A	318	9	2.54%	2	2	93	93	0.0018471766916003858	1	1	114	204	8	1	-A
D6_BC42_191109_LF_LIB_consensus_vsearch	3068	G	*/-AA	318	16	4.52%	2	2	93	93	1.269528226105059E-5	1	1	114	204	8	8	-AA
D6_BC42_191109_LF_LIB_consensus_vsearch	3068	G	*/-AAA	318	8	2.26%	2	2	93	93	0.0037401748205127794	1	1	114	204	7	1	-AA
D6_BC42_191109_LF_LIB_consensus_vsearch	3074	T	*/-G	326	11	3.08%	2	2	93	93	4.4943643047913427E-4	1	1	137	189	1	10	-G
D6_BC42_191109_LF_LIB_consensus_vsearch	3074	T	*/-GG	326	9	2.52%	2	1	93	93	0.001849670331098783	1	1	137	189	0	9	-G
D6_BC42_191109_LF_LIB_consensus_vsearch	3078	A	*/+C	330	7	1.94%	2	1	93	93	0.007570535950912546	1	1	143	187	0	7	+C
D6_BC42_191109_LF_LIB_consensus_vsearch	3078	A	*/-C	330	21	5.83%	2	1	93	93	3.5036832245768095E-7	1	1	143	187	0	21	-C
D6_BC42_191109_LF_LIB_consensus_vsearch	3079	C	*/+A	323	7	2.07%	2	1	93	93	0.007565435002783988	1	1	133	190	7	0	+A
D6_BC42_191109_LF_LIB_consensus_vsearch	3080	C	*/-T	341	11	3.06%	2	1	93	93	4.510511424149823E-4	1	1	143	198	0	11	-T
D6_BC42_191109_LF_LIB_consensus_vsearch	3083	T	*/+CT	339	7	1.99%	2	2	93	93	0.00757679283814411	1	1	139	200	3	4	+CT
D6_BC42_191109_LF_LIB_consensus_vsearch	3087	G	*/-T	317	9	2.51%	2	1	93	93	0.0018468565107487142	1	1	139	178	0	9	-T
D6_BC42_191109_LF_LIB_consensus_vsearch	3087	G	*/-TG	317	16	4.47%	2	1	93	93	1.2688103904606198E-5	1	1	139	178	0	16	-TG
D6_BC42_191109_LF_LIB_consensus_vsearch	3087	G	*/-TGG	317	14	3.91%	2	1	93	93	5.304370341127718E-5	1	1	139	178	0	14	-TG
D6_BC42_191109_LF_LIB_consensus_vsearch	3090	G	*/-A	324	8	2.33%	2	2	93	93	0.0037431463083990673	1	1	129	195	5	3	-A
D6_BC42_191109_LF_LIB_consensus_vsearch	3091	A	*/+G	291	8	2.33%	2	2	93	93	0.003725343850254782	1	1	100	191	3	5	+G
D6_BC42_191109_LF_LIB_consensus_vsearch	3091	A	*/-G	291	31	9.04%	2	2	93	93	2.1815381128148943E-10	1	1	100	191	21	10	-G
D6_BC42_191109_LF_LIB_consensus_vsearch	3098	C	*/+G	309	9	2.52%	2	1	93	93	0.0018442236885128761	1	1	136	173	0	9	+G
D6_BC42_191109_LF_LIB_consensus_vsearch	3102	G	*/-C	303	32	8.89%	2	2	93	93	1.0703713173087207E-10	1	1	110	193	13	19	-C
D6_BC42_191109_LF_LIB_consensus_vsearch	3102	G	*/-CC	303	15	4.17%	2	1	93	93	2.5773363830453773E-5	1	1	110	193	15	0	-C
D6_BC42_191109_LF_LIB_consensus_vsearch	3103	C	*/+T	295	9	2.88%	2	2	93	93	0.0018392881998228144	1	1	112	183	1	8	+T
D6_BC42_191109_LF_LIB_consensus_vsearch	3105	C	*/-G	262	88	24.51%	2	2	93	93	6.106639897702828E-30	1	1	140	122	1	87	-G
D6_BC42_191109_LF_LIB_consensus_vsearch	3108	A	*/-C	340	15	4.18%	2	2	93	93	2.6240958125141966E-5	1	1	127	213	13	2	-C
D6_BC42_191109_LF_LIB_consensus_vsearch	3110	C	*/+G	324	15	4.17%	2	2	93	93	2.6050544236155968E-5	1	1	120	204	14	1	+G
D6_BC42_191109_LF_LIB_consensus_vsearch	3111	A	*/+G	319	9	2.51%	2	1	93	93	0.0018474949493256872	1	1	119	200	0	9	+G
D6_BC42_191109_LF_LIB_consensus_vsearch	3111	A	*/-G	319	21	5.87%	2	2	93	93	3.467835857934378E-7	1	1	119	200	20	1	-G
D6_BC42_191109_LF_LIB_consensus_vsearch	3115	C	*/+T	321	15	4.21%	2	1	93	93	2.6012942244639928E-5	1	1	135	186	0	15	+T
D6_BC42_191109_LF_LIB_consensus_vsearch	3115	C	*/-T	321	9	2.53%	2	2	93	93	0.0018481257642866957	1	1	135	186	1	8	+T
D6_BC42_191109_LF_LIB_consensus_vsearch	3118	C	*/-T	335	17	4.8%	2	2	93	93	6.259945217329066E-6	1	1	138	197	2	15	-T
D6_BC42_191109_LF_LIB_consensus_vsearch	3120	G	*/-TG	324	12	3.38%	2	1	93	93	2.2092319542467036E-4	1	1	134	190	0	12	-TG
D6_BC42_191109_LF_LIB_consensus_vsearch	3128	T	*/-C	343	10	2.79%	2	2	93	93	9.154612436605753E-4	1	1	128	215	9	1	-C
D6_BC42_191109_LF_LIB_consensus_vsearch	3135	T	*/+A	312	12	3.46%	2	2	93	93	2.2009224583442865E-4	1	1	120	192	11	1	+A
D6_BC42_191109_LF_LIB_consensus_vsearch	3135	T	*/-A	312	9	2.59%	2	2	93	93	0.001845226140356732	1	1	120	192	2	7	+A
D6_BC42_191109_LF_LIB_consensus_vsearch	3137	G	*/+A	328	15	4.24%	2	1	93	93	2.6099716516077345E-5	1	1	116	212	15	0	+A
D6_BC42_191109_LF_LIB_consensus_vsearch	3142	T	*/-GT	337	9	2.52%	2	2	93	93	0.0018529134694595746	1	1	133	204	7	2	-GT
D6_BC42_191109_LF_LIB_consensus_vsearch	3144	T	*/-AT	317	11	3.18%	2	2	93	93	4.483986167396959E-4	1	1	124	193	6	5	-AT
D6_BC42_191109_LF_LIB_consensus_vsearch	3153	A	*/-C	315	12	3.35%	2	2	93	93	2.2030550515116014E-4	1	1	110	205	3	9	-C
D6_BC42_191109_LF_LIB_consensus_vsearch	3153	A	*/-CC	315	27	7.54%	2	1	93	93	4.368009414080857E-9	1	1	110	205	27	0	-CC
D6_BC42_191109_LF_LIB_consensus_vsearch	3156	C	*/+G	298	22	6.13%	2	1	93	93	1.6409879580444695E-7	1	1	137	161	0	22	+G
D6_BC42_191109_LF_LIB_consensus_vsearch	3156	C	*/-GAA	298	7	1.95%	2	2	93	93	0.0075453188623466755	1	1	137	161	3	4	+G
D6_BC42_191109_LF_LIB_consensus_vsearch	3157	G	*/-A	315	27	7.71%	2	2	93	93	4.368009414080857E-9	1	1	117	198	21	6	-A
D6_BC42_191109_LF_LIB_consensus_vsearch	3182	A	*/+G	269	15	4.2%	2	2	93	93	2.5243770925069214E-5	1	1	129	140	2	13	+G
D6_BC42_191109_LF_LIB_consensus_vsearch	3182	A	*/-G	269	47	13.17%	2	2	93	93	1.1192171483564682E-15	1	1	129	140	7	40	-G
D6_BC42_191109_LF_LIB_consensus_vsearch	3182	A	*/-GG	269	20	5.6%	2	1	93	93	6.786166817767598E-7	1	1	129	140	0	20	-G
D6_BC42_191109_LF_LIB_consensus_vsearch	3184	G	*/+A	317	13	3.85%	2	1	93	93	1.0821570356450297E-4	1	1	123	194	13	0	+A
D6_BC42_191109_LF_LIB_consensus_vsearch	3187	G	*/-AA	338	7	1.97%	2	2	93	93	0.007576113653235487	1	1	131	207	2	5	-AA
D6_BC42_191109_LF_LIB_consensus_vsearch	3190	G	*/-C	331	14	3.93%	2	2	93	93	5.335273789111363E-5	1	1	128	203	5	9	-C
D6_BC42_191109_LF_LIB_consensus_vsearch	3195	A	*/-G	289	44	12.64%	2	2	93	93	1.2420938791899404E-14	1	1	86	203	39	5	-G
D6_BC42_191109_LF_LIB_consensus_vsearch	3197	G	*/-A	333	10	2.83%	2	2	93	93	9.137141362428344E-4	1	1	131	202	5	5	-A
D6_BC42_191109_LF_LIB_consensus_vsearch	3201	C	*/-T	340	11	3.08%	2	2	93	93	4.5094768082608024E-4	1	1	140	200	2	9	-T
D6_BC42_191109_LF_LIB_consensus_vsearch	3202	T	*/-C	331	7	2.01%	2	1	93	93	0.007571247515222922	1	1	137	194	0	7	-C
D6_BC42_191109_LF_LIB_consensus_vsearch	3203	C	*/-T	340	7	2%	2	2	93	93	0.007577468131623444	1	1	139	201	2	5	-T
D6_BC42_191109_LF_LIB_consensus_vsearch	3204	T	*/-G	322	17	4.86%	2	2	93	93	6.211447452082619E-6	1	1	138	184	1	16	-G
D6_BC42_191109_LF_LIB_consensus_vsearch	3205	G	*/+A	318	12	3.53%	2	1	93	93	2.205150185841483E-4	1	1	122	196	12	0	+A
D6_BC42_191109_LF_LIB_consensus_vsearch	3207	T	*/-G	316	17	4.84%	2	2	93	93	6.1878906734664695E-6	1	1	133	183	5	12	-G
D6_BC42_191109_LF_LIB_consensus_vsearch	3210	A	*/-G	336	11	3.12%	2	2	93	93	4.5052802251597764E-4	1	1	126	210	7	4	-G
D6_BC42_191109_LF_LIB_consensus_vsearch	3215	C	*/+A	330	9	2.52%	2	2	93	93	0.0018508736540161308	1	1	135	195	2	7	+A
D6_BC42_191109_LF_LIB_consensus_vsearch	3217	T	*/+A	294	8	2.27%	2	2	93	93	0.0037271212392205283	1	1	108	186	6	2	+A
D6_BC42_191109_LF_LIB_consensus_vsearch	3217	T	*/-A	294	26	7.37%	2	2	93	93	8.779350089034973E-9	1	1	108	186	25	1	-A
D6_BC42_191109_LF_LIB_consensus_vsearch	3218	A	*/-G	308	7	2.12%	2	1	93	93	0.0075537459778972	1	1	106	202	0	7	-G
D6_BC42_191109_LF_LIB_consensus_vsearch	3220	C	*/+TT	310	11	3.17%	2	1	93	93	4.475522998053483E-4	1	1	115	195	11	0	+TT
D6_BC42_191109_LF_LIB_consensus_vsearch	3224	T	*/-C	334	13	3.66%	2	1	93	93	1.0886814299174589E-4	1	1	137	197	0	13	-C
D6_BC42_191109_LF_LIB_consensus_vsearch	3226	T	*/+G	329	17	4.83%	2	1	93	93	6.237978960098206E-6	1	1	138	191	0	17	+G
D6_BC42_191109_LF_LIB_consensus_vsearch	3230	G	*/-TG	292	55	15.54%	2	1	93	93	2.7141875000906332E-18	1	1	135	157	0	55	-TG
D6_BC42_191109_LF_LIB_consensus_vsearch	3233	C	*/-A	319	29	8.22%	2	2	93	93	1.0136658969421542E-9	1	1	132	187	7	22	-A
D6_BC42_191109_LF_LIB_consensus_vsearch	3236	A	*/-T	338	10	2.81%	2	1	93	93	9.145999987969954E-4	1	1	135	203	0	10	-T
D6_BC42_191109_LF_LIB_consensus_vsearch	3242	C	*/-GTC	342	8	2.23%	2	2	93	93	0.0037514553409778158	1	1	137	205	3	5	-GTC
D6_BC42_191109_LF_LIB_consensus_vsearch	3245	C	*/-A	333	7	1.99%	2	2	93	93	0.007572658162744914	1	1	131	202	2	5	-A
D6_BC42_191109_LF_LIB_consensus_vsearch	3246	A	*/+G	329	13	3.74%	2	2	93	93	1.0868271011253566E-4	1	1	123	206	12	1	+G
D6_BC42_191109_LF_LIB_consensus_vsearch	3251	T	*/-G	331	10	2.83%	2	2	93	93	9.133526605627675E-4	1	1	136	195	5	5	-G
D6_BC42_191109_LF_LIB_consensus_vsearch	3258	A	*/-G	236	99	27.97%	2	2	93	93	3.1130690690201794E-34	1	1	112	124	23	76	-G
D6_BC42_191109_LF_LIB_consensus_vsearch	3258	A	*/-GGG	236	8	2.26%	2	1	93	93	0.0036851193347710583	1	1	112	124	0	8	-G
D6_BC42_191109_LF_LIB_consensus_vsearch	3264	G	*/+A	303	11	3.11%	2	2	93	93	4.466693096364799E-4	1	1	124	179	2	9	+A
D6_BC42_191109_LF_LIB_consensus_vsearch	3264	G	*/-A	303	24	6.78%	2	2	93	93	3.847022618341053E-8	1	1	124	179	11	13	-A
D6_BC42_191109_LF_LIB_consensus_vsearch	3269	A	*/+T	337	7	1.98%	2	2	93	93	0.0075754305431544305	1	1	136	201	1	6	+T
D6_BC42_191109_LF_LIB_consensus_vsearch	3270	C	*/-T	341	8	2.25%	2	1	93	93	0.0037510159980200415	1	1	138	203	0	8	-T
D6_BC42_191109_LF_LIB_consensus_vsearch	3275	C	*/+A	331	12	3.37%	2	1	93	93	2.2138194180680858E-4	1	1	126	205	12	0	+A
D6_BC42_191109_LF_LIB_consensus_vsearch	3276	G	*/-A	344	9	2.52%	2	1	93	93	0.0018548735082316635	1	1	131	213	9	0	-A
D6_BC42_191109_LF_LIB_consensus_vsearch	3282	T	*/+C	345	7	1.95%	2	1	93	93	0.007580787381458834	1	1	132	213	7	0	+C
D6_BC42_191109_LF_LIB_consensus_vsearch	3295	T	*/-C	330	18	5.04%	2	2	93	93	3.0445071174815307E-6	1	1	130	200	8	10	-C
D6_BC42_191109_LF_LIB_consensus_vsearch	3297	C	*/-T	339	14	3.92%	2	2	93	93	5.3518845446972046E-5	1	1	137	202	3	11	-T
D6_BC42_191109_LF_LIB_consensus_vsearch	3299	G	*/-C	334	10	2.86%	2	2	93	93	9.138933286702405E-4	1	1	125	209	8	2	-C
D6_BC42_191109_LF_LIB_consensus_vsearch	3301	C	*/-GA	321	18	5.06%	2	2	93	93	3.025848834451551E-6	1	1	119	202	13	5	-GA
D6_BC42_191109_LF_LIB_consensus_vsearch	3302	G	*/-AA	314	9	2.7%	2	2	93	93	0.0018458842535959892	1	1	115	199	2	7	-AA
D6_BC42_191109_LF_LIB_consensus_vsearch	3308	T	*/-C	173	126	35.39%	2	2	93	93	5.5511855886336816E-46	1	1	99	74	37	89	-C
D6_BC42_191109_LF_LIB_consensus_vsearch	3308	T	*/-CC	173	11	3.09%	2	2	93	93	4.186451412907242E-4	1	1	99	74	1	10	-C
D6_BC42_191109_LF_LIB_consensus_vsearch	3308	T	*/-CCCT	173	38	10.67%	2	1	93	93	5.828495319923606E-13	1	1	99	74	0	38	-CCCT
D6_BC42_191109_LF_LIB_consensus_vsearch	3311	C	*/-T	298	14	4.38%	2	2	93	93	5.258231505431062E-5	1	1	139	159	3	11	-T
D6_BC42_191109_LF_LIB_consensus_vsearch	3311	C	*/-TC	298	8	2.5%	2	1	93	93	0.00372943747369922	1	1	139	159	0	8	-T
D6_BC42_191109_LF_LIB_consensus_vsearch	3314	A	*/-G	309	35	9.94%	2	2	93	93	1.170440187025808E-11	1	1	136	173	1	34	-G
D6_BC42_191109_LF_LIB_consensus_vsearch	3321	C	*/-A	330	14	3.97%	2	2	93	93	5.3331457596803516E-5	1	1	123	207	13	1	-A
D6_BC42_191109_LF_LIB_consensus_vsearch	3323	G	*/-A	333	9	2.58%	2	2	93	93	0.001851757938835181	1	1	135	198	1	8	-A
D6_BC42_191109_LF_LIB_consensus_vsearch	3327	C	*/-T	340	11	3.1%	2	1	93	93	4.5094768082608024E-4	1	1	137	203	0	11	-T
D6_BC42_191109_LF_LIB_consensus_vsearch	3328	T	*/-C	323	17	4.89%	2	2	93	93	6.215299213934263E-6	1	1	135	188	1	16	-C
D6_BC42_191109_LF_LIB_consensus_vsearch	3329	C	*/-GT	315	9	2.63%	2	2	93	93	0.0018462103095484167	1	1	132	183	3	6	-GT
D6_BC42_191109_LF_LIB_consensus_vsearch	3337	A	*/+T	343	7	1.97%	2	2	93	93	0.007579470995029922	1	1	141	202	1	6	+T
D6_BC42_191109_LF_LIB_consensus_vsearch	3343	G	*/-TG	326	22	6.11%	2	2	93	93	1.6926984501658268E-7	1	1	131	195	5	17	-TG
D6_BC42_191109_LF_LIB_consensus_vsearch	3347	T	*/-A	318	13	3.66%	2	2	93	93	1.0825586010679157E-4	1	1	129	189	10	3	-A
D6_BC42_191109_LF_LIB_consensus_vsearch	3351	G	*/-C	336	9	2.54%	2	1	93	93	0.001852627063167724	1	1	134	202	0	9	-C
D6_BC42_191109_LF_LIB_consensus_vsearch	3352	C	*/+T	321	12	3.44%	2	2	93	93	2.2072088388227264E-4	1	1	133	188	1	11	+T
D6_BC42_191109_LF_LIB_consensus_vsearch	3353	G	*/-A	340	7	1.97%	2	2	93	93	0.007577468131623444	1	1	130	210	6	1	-A
D6_BC42_191109_LF_LIB_consensus_vsearch	3360	T	*/-A	349	7	1.95%	2	2	93	93	0.007583376037704121	1	1	139	210	3	4	-A
D6_BC42_191109_LF_LIB_consensus_vsearch	3361	A	*/+G	332	15	4.25%	2	2	93	93	2.6147820246688997E-5	1	1	137	195	2	13	+G
D6_BC42_191109_LF_LIB_consensus_vsearch	3362	G	*/-A	345	9	2.5%	2	2	93	93	0.0018551472734618503	1	1	134	211	7	2	-A
D6_BC42_191109_LF_LIB_consensus_vsearch	3363	A	*/-G	330	11	3.15%	2	2	93	93	4.498805515561457E-4	1	1	127	203	6	5	-G
D6_BC42_191109_LF_LIB_consensus_vsearch	3365	G	*/-C	341	7	1.96%	2	2	93	93	0.007578139567014644	1	1	131	210	5	2	-C
D6_BC42_191109_LF_LIB_consensus_vsearch	3367	C	*/-T	330	21	5.85%	2	2	93	93	3.5036832245768095E-7	1	1	134	196	4	17	-T
D6_BC42_191109_LF_LIB_consensus_vsearch	3369	T	*/+G	313	8	2.25%	2	2	93	93	0.0037376146101785516	1	1	124	189	1	7	+G
D6_BC42_191109_LF_LIB_consensus_vsearch	3369	T	*/-G	313	19	5.35%	2	2	93	93	1.4634067576724113E-6	1	1	124	189	6	13	-G
D6_BC42_191109_LF_LIB_consensus_vsearch	3372	G	*/+A	339	9	2.51%	2	1	93	93	0.0018534814134889795	1	1	129	210	9	0	+A
D6_BC42_191109_LF_LIB_consensus_vsearch	3375	T	*/+G	343	7	1.96%	2	1	93	93	0.007579470995029922	1	1	139	204	0	7	+G
D6_BC42_191109_LF_LIB_consensus_vsearch	3376	G	*/+AA	327	17	4.76%	2	1	93	93	6.230500012567181E-6	1	1	140	187	0	17	+AA
D6_BC42_191109_LF_LIB_consensus_vsearch	3382	A	*/-C	329	11	3.07%	2	2	93	93	4.497704755708121E-4	1	1	126	203	2	9	-C
D6_BC42_191109_LF_LIB_consensus_vsearch	3384	C	*/-T	312	20	5.63%	2	2	93	93	7.101493258162727E-7	1	1	135	177	1	19	-T
D6_BC42_191109_LF_LIB_consensus_vsearch	3389	C	*/+T	341	14	3.93%	2	1	93	93	5.3559257639583245E-5	1	1	141	200	0	14	+T
D6_BC42_191109_LF_LIB_consensus_vsearch	3390	C	*/-T	340	9	2.51%	2	1	93	93	0.0018537629787316217	1	1	143	197	0	9	-T
D6_BC42_191109_LF_LIB_consensus_vsearch	3394	T	*/+C	344	10	2.79%	2	1	93	93	9.1563062853207E-4	1	1	140	204	0	10	+C
D6_BC42_191109_LF_LIB_consensus_vsearch	3401	C	*/+T	342	7	1.95%	2	1	93	93	0.0075788071772909795	1	1	142	200	0	7	+T
D6_BC42_191109_LF_LIB_consensus_vsearch	3401	C	*/-T	342	9	2.51%	2	1	93	93	0.0018543213632639765	1	1	142	200	0	9	-T
D6_BC42_191109_LF_LIB_consensus_vsearch	3404	T	*/-A	319	34	9.47%	2	2	93	93	2.5266298326186754E-11	1	1	140	179	1	33	-A
D6_BC42_191109_LF_LIB_consensus_vsearch	3410	T	*/-GT	313	18	5.14%	2	1	93	93	3.0084920320549898E-6	1	1	137	176	0	18	-GT
D6_BC42_191109_LF_LIB_consensus_vsearch	3412	T	*/-A	304	11	3.25%	2	2	93	93	4.467977863964895E-4	1	1	124	180	8	3	-A
D6_BC42_191109_LF_LIB_consensus_vsearch	3420	A	*/-C	342	10	2.79%	2	2	93	93	9.152909147267318E-4	1	1	135	207	3	7	-C
D6_BC42_191109_LF_LIB_consensus_vsearch	3421	C	*/+T	328	13	3.72%	2	1	93	93	1.0864499740310097E-4	1	1	138	190	0	13	+T
D6_BC42_191109_LF_LIB_consensus_vsearch	3427	A	*/-CT	328	15	4.26%	2	1	93	93	2.6099716516077345E-5	1	1	114	214	15	0	-CT
D6_BC42_191109_LF_LIB_consensus_vsearch	3434	T	*/-G	293	64	17.88%	2	1	93	93	2.4321464132604766E-21	1	1	143	150	0	64	-G
D6_BC42_191109_LF_LIB_consensus_vsearch	3439	C	*/+G	333	9	2.52%	2	2	93	93	0.001851757938835181	1	1	138	195	1	8	+G
D6_BC42_191109_LF_LIB_consensus_vsearch	3450	T	*/+G	345	10	2.79%	2	2	93	93	9.157990771671169E-4	1	1	141	204	1	9	+G
D6_BC42_191109_LF_LIB_consensus_vsearch	3452	A	*/+G	327	17	4.74%	2	2	93	93	6.230500012567181E-6	1	1	117	210	16	1	+G
D6_BC42_191109_LF_LIB_consensus_vsearch	3453	G	*/+A	336	12	3.39%	2	1	93	93	2.2169868158340307E-4	1	1	125	211	12	0	+A
D6_BC42_191109_LF_LIB_consensus_vsearch	3454	A	*/-G	338	13	3.64%	2	2	93	93	1.0901283519379868E-4	1	1	126	212	12	1	-G
D6_BC42_191109_LF_LIB_consensus_vsearch	3455	G	*/+T	314	11	3.2%	2	2	93	93	4.480402523169095E-4	1	1	120	194	2	9	+T
D6_BC42_191109_LF_LIB_consensus_vsearch	3455	G	*/-T	314	10	2.91%	2	2	93	93	9.101036737212366E-4	1	1	120	194	5	5	+T
D6_BC42_191109_LF_LIB_consensus_vsearch	3459	C	*/-T	338	9	2.53%	2	2	93	93	0.0018531982482901858	1	1	139	199	1	8	-T
D6_BC42_191109_LF_LIB_consensus_vsearch	3461	A	*/-G	345	8	2.23%	2	2	93	93	0.0037527585760722872	1	1	138	207	2	6	-G
D6_BC42_191109_LF_LIB_consensus_vsearch	3462	G	*/-TG	334	7	1.99%	2	1	93	93	0.007573357318712367	1	1	134	200	0	7	-TG
D6_BC42_191109_LF_LIB_consensus_vsearch	3463	T	*/-G	333	11	3.14%	2	2	93	93	4.5020703801756977E-4	1	1	140	193	3	8	-G
D6_BC42_191109_LF_LIB_consensus_vsearch	3469	A	*/+T	253	22	6.16%	2	2	93	93	1.5397982532215604E-7	1	1	101	152	2	20	+T
D6_BC42_191109_LF_LIB_consensus_vsearch	3469	A	*/-T	253	73	20.45%	2	2	93	93	1.1223821088162877E-24	1	1	101	152	39	34	-T
D6_BC42_191109_LF_LIB_consensus_vsearch	3474	T	*/-G	327	23	6.42%	2	2	93	93	8.205424167467923E-8	1	1	138	189	3	20	-G
D6_BC42_191109_LF_LIB_consensus_vsearch	3477	T	*/-A	320	7	1.99%	2	2	93	93	0.007563182448808609	1	1	137	183	1	6	-A
D6_BC42_191109_LF_LIB_consensus_vsearch	3486	C	*/-T	341	9	2.54%	2	1	93	93	0.0018540429575330279	1	1	131	210	9	0	-T
D6_BC42_191109_LF_LIB_consensus_vsearch	3491	G	*/-A	329	21	5.97%	2	2	93	93	3.500505486490111E-7	1	1	122	207	20	1	-A
D6_BC42_191109_LF_LIB_consensus_vsearch	3494	G	*/-C	323	9	2.53%	2	2	93	93	0.001848749091340749	1	1	135	188	1	8	-C
D6_BC42_191109_LF_LIB_consensus_vsearch	3494	G	*/-CG	323	14	3.93%	2	2	93	93	5.3179134708458174E-5	1	1	135	188	3	11	-CG
D6_BC42_191109_LF_LIB_consensus_vsearch	3495	C	*/+G	274	12	3.61%	2	2	93	93	2.1701885312755713E-4	1	1	134	140	1	11	+G
D6_BC42_191109_LF_LIB_consensus_vsearch	3495	C	*/-G	274	30	9.04%	2	2	93	93	4.3892802244956497E-10	1	1	134	140	1	29	-G
D6_BC42_191109_LF_LIB_consensus_vsearch	3500	T	*/+A	347	7	1.97%	2	1	93	93	0.007582088979764471	1	1	136	211	7	0	+A
D6_BC42_191109_LF_LIB_consensus_vsearch	3501	G	*/+A	328	18	5.04%	2	1	93	93	3.040437152404763E-6	1	1	134	194	0	18	+A
D6_BC42_191109_LF_LIB_consensus_vsearch	3501	G	*/-A	328	9	2.52%	2	2	93	93	0.0018502755113221137	1	1	134	194	8	1	+A
D6_BC42_191109_LF_LIB_consensus_vsearch	3506	G	*/-A	343	8	2.25%	2	2	93	93	0.0037518922043892396	1	1	133	210	7	1	-A
D6_BC42_191109_LF_LIB_consensus_vsearch	3513	A	*/-G	319	30	8.57%	2	2	93	93	4.857452074298765E-10	1	1	111	208	27	3	-G
D6_BC42_191109_LF_LIB_consensus_vsearch	3517	T	*/-A	297	43	12.08%	2	2	93	93	2.7547917884101672E-14	1	1	111	186	21	22	-A
D6_BC42_191109_LF_LIB_consensus_vsearch	3518	A	*/+T	297	7	2.26%	2	1	93	93	0.007544445864687752	1	1	119	178	0	7	+T
D6_BC42_191109_LF_LIB_consensus_vsearch	3519	A	*/-G	323	13	3.68%	2	2	93	93	1.084532050266728E-4	1	1	138	185	4	9	-G
D6_BC42_191109_LF_LIB_consensus_vsearch	3523	G	*/-C	334	7	1.98%	2	2	93	93	0.007573357318712367	1	1	134	200	4	3	-C
D6_BC42_191109_LF_LIB_consensus_vsearch	3525	C	*/-G	322	15	4.23%	2	2	93	93	2.602554622851478E-5	1	1	129	193	10	5	-G
D6_BC42_191109_LF_LIB_consensus_vsearch	3532	C	*/-AC	326	22	6.2%	2	2	93	93	1.6926984501658268E-7	1	1	132	194	10	12	-AC
D6_BC42_191109_LF_LIB_consensus_vsearch	3540	T	*/+C	338	14	3.92%	2	2	93	93	5.3498475308471755E-5	1	1	130	208	13	1	+C
D6_BC42_191109_LF_LIB_consensus_vsearch	3549	A	*/-CA	339	8	2.25%	2	1	93	93	0.003750129788579787	1	1	138	201	0	8	-CA
D6_BC42_191109_LF_LIB_consensus_vsearch	3550	C	*/+A	221	23	6.65%	2	2	93	93	6.921156543729746E-8	1	1	71	150	7	16	+A
D6_BC42_191109_LF_LIB_consensus_vsearch	3550	C	*/-A	221	85	24.57%	2	2	93	93	2.8876603171954787E-29	1	1	71	150	51	34	-A
D6_BC42_191109_LF_LIB_consensus_vsearch	3550	C	*/-AA	221	9	2.6%	2	2	93	93	0.001803432580702911	1	1	71	150	8	1	-A
D6_BC42_191109_LF_LIB_consensus_vsearch	3554	A	*/-G	341	9	2.53%	2	2	93	93	0.0018540429575330279	1	1	132	209	7	2	-G
D6_BC42_191109_LF_LIB_consensus_vsearch	3569	T	*/+G	325	20	5.67%	2	2	93	93	7.183176143952792E-7	1	1	126	199	16	4	+G
D6_BC42_191109_LF_LIB_consensus_vsearch	3570	A	*/-G	326	16	4.51%	2	1	93	93	1.27513014567671E-5	1	1	125	201	16	0	-G
D6_BC42_191109_LF_LIB_consensus_vsearch	3577	A	*/-G	337	11	3.12%	2	1	93	93	4.5063381864919106E-4	1	1	137	200	0	11	-G
D6_BC42_191109_LF_LIB_consensus_vsearch	3584	T	*/-G	333	9	2.53%	2	2	93	93	0.001851757938835181	1	1	141	192	1	8	-G
D6_BC42_191109_LF_LIB_consensus_vsearch	3590	T	*/+G	314	7	1.99%	2	2	93	93	0.007558551839045116	1	1	131	183	2	5	+G
D6_BC42_191109_LF_LIB_consensus_vsearch	3590	T	*/-G	314	21	5.98%	2	2	93	93	3.450867826385533E-7	1	1	131	183	7	14	-G
D6_BC42_191109_LF_LIB_consensus_vsearch	3592	G	*/-A	335	11	3.1%	2	2	93	93	4.50421630407793E-4	1	1	133	202	10	1	-A
D6_BC42_191109_LF_LIB_consensus_vsearch	3601	A	*/-T	339	7	1.95%	2	1	93	93	0.00757679283814411	1	1	141	198	0	7	-T
D6_BC42_191109_LF_LIB_consensus_vsearch	3601	A	*/-TCCG	339	7	1.95%	2	1	93	93	0.00757679283814411	1	1	141	198	0	7	-T
D6_BC42_191109_LF_LIB_consensus_vsearch	3602	T	*/-C	323	16	4.64%	2	2	93	93	1.2730582703668263E-5	1	1	125	198	12	4	-C
D6_BC42_191109_LF_LIB_consensus_vsearch	3606	C	*/-T	339	9	2.51%	2	2	93	93	0.0018534814134889795	1	1	133	206	1	8	-T
D6_BC42_191109_LF_LIB_consensus_vsearch	3607	T	*/-A	318	15	4.35%	2	2	93	93	2.597470327639494E-5	1	1	131	187	4	11	-A
D6_BC42_191109_LF_LIB_consensus_vsearch	3609	A	*/+G	326	7	1.97%	2	2	93	93	0.007567647220958338	1	1	126	200	2	5	+G
D6_BC42_191109_LF_LIB_consensus_vsearch	3609	A	*/-GG	326	9	2.54%	2	1	93	93	0.001849670331098783	1	1	126	200	9	0	-GG
D6_BC42_191109_LF_LIB_consensus_vsearch	3613	G	*/-T	327	16	4.51%	2	1	93	93	1.275813266360776E-5	1	1	138	189	0	16	-T
D6_BC42_191109_LF_LIB_consensus_vsearch	3613	G	*/-TGT	327	9	2.54%	2	1	93	93	0.0018499738086392118	1	1	138	189	0	9	-T
D6_BC42_191109_LF_LIB_consensus_vsearch	3616	T	*/-GT	292	44	12.75%	2	2	93	93	1.2602894360610543E-14	1	1	136	156	2	42	-GT
D6_BC42_191109_LF_LIB_consensus_vsearch	3618	T	*/+GT	284	14	4.47%	2	2	93	93	5.2206812826079286E-5	1	1	131	153	3	11	+GT
D6_BC42_191109_LF_LIB_consensus_vsearch	3624	C	*/-T	335	8	2.29%	2	1	93	93	0.0037483266674446895	1	1	139	196	0	8	-T
D6_BC42_191109_LF_LIB_consensus_vsearch	3629	C	*/-T	343	8	2.23%	2	1	93	93	0.0037518922043892396	1	1	142	201	0	8	-T
D6_BC42_191109_LF_LIB_consensus_vsearch	3644	G	*/+C	327	16	4.51%	2	2	93	93	1.275813266360776E-5	1	1	124	203	6	10	+C
D6_BC42_191109_LF_LIB_consensus_vsearch	3644	G	*/-C	327	8	2.25%	2	2	93	93	0.0037445925357438583	1	1	124	203	7	1	+C
D6_BC42_191109_LF_LIB_consensus_vsearch	3649	G	*/+A	276	9	2.5%	2	2	93	93	0.0018318278324416476	1	1	137	139	1	8	+A
D6_BC42_191109_LF_LIB_consensus_vsearch	3649	G	*/-A	276	68	18.89%	2	2	93	93	8.558659177240178E-23	1	1	137	139	2	66	-A
D6_BC42_191109_LF_LIB_consensus_vsearch	3663	C	*/-T	336	13	3.67%	2	1	93	93	1.089408872918302E-4	1	1	142	194	0	13	-T
D6_BC42_191109_LF_LIB_consensus_vsearch	3665	C	*/-A	310	23	6.5%	2	2	93	93	8.045020476182787E-8	1	1	140	170	2	21	-A
D6_BC42_191109_LF_LIB_consensus_vsearch	3665	C	*/-AA	310	14	3.95%	2	1	93	93	5.287968800527864E-5	1	1	140	170	0	14	-A
D6_BC42_191109_LF_LIB_consensus_vsearch	3668	G	*/-C	328	14	3.93%	2	1	93	93	5.3288541918029604E-5	1	1	138	190	0	14	-C
D6_BC42_191109_LF_LIB_consensus_vsearch	3669	C	*/+T	304	17	5.01%	2	1	93	93	6.138358545973743E-6	1	1	138	166	0	17	+T
D6_BC42_191109_LF_LIB_consensus_vsearch	3669	C	*/-G	304	8	2.36%	2	1	93	93	0.003732801665827003	1	1	138	166	0	8	+T
D6_BC42_191109_LF_LIB_consensus_vsearch	3671	T	*/+A	309	10	2.82%	2	2	93	93	9.090835764411413E-4	1	1	132	177	8	2	+A
D6_BC42_191109_LF_LIB_consensus_vsearch	3672	G	*/-T	319	8	2.29%	2	2	93	93	0.0037406775635562078	1	1	121	198	2	6	-T
D6_BC42_191109_LF_LIB_consensus_vsearch	3675	A	*/-C	326	13	3.65%	2	2	93	93	1.0856893169340675E-4	1	1	124	202	7	6	-C
D6_BC42_191109_LF_LIB_consensus_vsearch	3681	A	*/+C	330	10	2.81%	2	2	93	93	9.131703594937562E-4	1	1	136	194	1	9	+C
D6_BC42_191109_LF_LIB_consensus_vsearch	3681	A	*/-C	330	8	2.25%	2	2	93	93	0.0037460133446050297	1	1	136	194	1	7	+C
D6_BC42_191109_LF_LIB_consensus_vsearch	3683	C	*/-T	311	29	8.12%	2	2	93	93	9.98622787107139E-10	1	1	137	174	1	28	-T
D6_BC42_191109_LF_LIB_consensus_vsearch	3683	C	*/-TC	311	13	3.64%	2	2	93	93	1.0796978097540301E-4	1	1	137	174	3	10	-T
D6_BC42_191109_LF_LIB_consensus_vsearch	3694	C	*/-GT	336	7	1.99%	2	1	93	93	0.007574743473790617	1	1	142	194	0	7	-GT
D6_BC42_191109_LF_LIB_consensus_vsearch	3697	T	*/-GA	332	12	3.35%	2	2	93	93	2.214460024514316E-4	1	1	127	205	11	1	-GA
D6_BC42_191109_LF_LIB_consensus_vsearch	3698	G	*/-A	326	11	3.2%	2	1	93	93	4.4943643047913427E-4	1	1	115	211	11	0	-A
D6_BC42_191109_LF_LIB_consensus_vsearch	3706	G	*/-CG	320	28	7.87%	2	2	93	93	2.1160275598652544E-9	1	1	114	206	21	7	-CG
D6_BC42_191109_LF_LIB_consensus_vsearch	3708	G	*/+CG	314	7	2.14%	2	2	93	93	0.007558551839045116	1	1	114	200	4	3	+CG
D6_BC42_191109_LF_LIB_consensus_vsearch	3713	C	*/-G	332	10	2.79%	2	1	93	93	9.135339164919169E-4	1	1	128	204	10	0	-G
D6_BC42_191109_LF_LIB_consensus_vsearch	3714	G	*/-A	330	12	3.44%	2	2	93	93	2.2131751877418508E-4	1	1	121	209	9	3	-A
D6_BC42_191109_LF_LIB_consensus_vsearch	3718	A	*/+G	321	7	1.98%	2	1	93	93	0.007563937849782871	1	1	127	194	0	7	+G
D6_BC42_191109_LF_LIB_consensus_vsearch	3718	A	*/-G	321	12	3.4%	2	2	93	93	2.2072088388227264E-4	1	1	127	194	6	6	-G
D6_BC42_191109_LF_LIB_consensus_vsearch	3722	A	*/-G	333	10	2.8%	2	2	93	93	9.137141362428344E-4	1	1	124	209	8	2	-G
D6_BC42_191109_LF_LIB_consensus_vsearch	3726	G	*/-TG	328	20	5.6%	2	1	93	93	7.201259629387724E-7	1	1	142	186	0	20	-TG
D6_BC42_191109_LF_LIB_consensus_vsearch	3727	T	*/+G	308	7	2.08%	2	2	93	93	0.0075537459778972	1	1	142	166	1	6	+G
D6_BC42_191109_LF_LIB_consensus_vsearch	3727	T	*/-G	308	9	2.67%	2	1	93	93	0.00184388538678199	1	1	142	166	0	9	-G
D6_BC42_191109_LF_LIB_consensus_vsearch	3730	A	*/-G	341	7	1.98%	2	1	93	93	0.007578139567014644	1	1	132	209	7	0	-G
D6_BC42_191109_LF_LIB_consensus_vsearch	3737	T	*/+G	301	10	2.87%	2	2	93	93	9.073846728008486E-4	1	1	132	169	2	8	+G
D6_BC42_191109_LF_LIB_consensus_vsearch	3740	A	*/-G	329	13	3.62%	2	2	93	93	1.0868271011253566E-4	1	1	121	208	7	6	-G
D6_BC42_191109_LF_LIB_consensus_vsearch	3740	A	*/-GA	329	9	2.51%	2	1	93	93	0.0018505754546696879	1	1	121	208	9	0	-G
D6_BC42_191109_LF_LIB_consensus_vsearch	3745	C	*/+T	322	22	6.27%	2	1	93	93	1.685750939722644E-7	1	1	136	186	0	22	+T
D6_BC42_191109_LF_LIB_consensus_vsearch	3746	C	*/-T	325	25	6.98%	2	2	93	93	1.9113095257973196E-8	1	1	141	184	2	23	-T
D6_BC42_191109_LF_LIB_consensus_vsearch	3747	T	*/+G	299	17	5.09%	2	2	93	93	6.116705385367523E-6	1	1	120	179	16	1	+G
D6_BC42_191109_LF_LIB_consensus_vsearch	3748	A	*/-G	297	42	11.8%	2	2	93	93	5.872852823640358E-14	1	1	114	183	14	28	-G
D6_BC42_191109_LF_LIB_consensus_vsearch	3751	C	*/-A	339	9	2.54%	2	2	93	93	0.0018534814134889795	1	1	130	209	7	2	-A
D6_BC42_191109_LF_LIB_consensus_vsearch	3752	A	*/-GTA	328	7	2.02%	2	2	93	93	0.007569100156087223	1	1	126	202	4	3	-GTA
D6_BC42_191109_LF_LIB_consensus_vsearch	3754	T	*/-A	315	21	6%	2	2	93	93	3.454296408429679E-7	1	1	124	191	12	9	-A
D6_BC42_191109_LF_LIB_consensus_vsearch	3760	T	*/+G	328	16	4.44%	2	1	93	93	1.2764926855016624E-5	1	1	139	189	0	16	+G
D6_BC42_191109_LF_LIB_consensus_vsearch	3760	T	*/-G	328	11	3.06%	2	2	93	93	4.4965976705035063E-4	1	1	139	189	4	7	+G
D6_BC42_191109_LF_LIB_consensus_vsearch	3762	G	*/+A	319	15	4.19%	2	1	93	93	2.5987521368190842E-5	1	1	125	194	15	0	+A
D6_BC42_191109_LF_LIB_consensus_vsearch	3763	G	*/-TG	342	13	3.61%	2	1	93	93	1.0915439349354801E-4	1	1	142	200	0	13	-TG
D6_BC42_191109_LF_LIB_consensus_vsearch	3764	T	*/+G	327	7	2.03%	2	2	93	93	0.007568375850183275	1	1	134	193	5	2	+G
D6_BC42_191109_LF_LIB_consensus_vsearch	3771	G	*/-C	340	10	2.79%	2	2	93	93	9.149473929364378E-4	1	1	131	209	4	6	-C
D6_BC42_191109_LF_LIB_consensus_vsearch	3773	C	*/+T	334	7	1.94%	2	1	93	93	0.007573357318712367	1	1	142	192	0	7	+T
D6_BC42_191109_LF_LIB_consensus_vsearch	3773	C	*/-T	334	16	4.44%	2	2	93	93	1.2804931208893395E-5	1	1	142	192	1	15	-T
D6_BC42_191109_LF_LIB_consensus_vsearch	3774	T	*/-CT	328	9	2.63%	2	2	93	93	0.0018502755113221137	1	1	139	189	1	8	-CT
D6_BC42_191109_LF_LIB_consensus_vsearch	3775	C	*/-T	308	33	9.48%	2	2	93	93	5.1619118199490405E-11	1	1	138	170	2	31	-T
D6_BC42_191109_LF_LIB_consensus_vsearch	3786	C	*/-T	348	10	2.78%	2	1	93	93	9.162988826076158E-4	1	1	142	206	0	10	-T
D6_BC42_191109_LF_LIB_consensus_vsearch	3788	T	*/-G	338	11	3.06%	2	1	93	93	4.5073902379692165E-4	1	1	138	200	0	11	-G
D6_BC42_191109_LF_LIB_consensus_vsearch	3791	T	*/-GGT	338	11	3.08%	2	2	93	93	4.5073902379692165E-4	1	1	141	197	1	10	-GGT
D6_BC42_191109_LF_LIB_consensus_vsearch	3800	C	*/-A	296	34	9.74%	2	2	93	93	2.3763232250068265E-11	1	1	136	160	4	30	-A
D6_BC42_191109_LF_LIB_consensus_vsearch	3808	C	*/-A	336	11	3.08%	2	2	93	93	4.5052802251597764E-4	1	1	134	202	4	7	-A
D6_BC42_191109_LF_LIB_consensus_vsearch	3812	T	*/+G	330	8	2.27%	2	2	93	93	0.0037460133446050297	1	1	139	191	1	7	+G
D6_BC42_191109_LF_LIB_consensus_vsearch	3817	A	*/-C	346	8	2.23%	2	2	93	93	0.003753188125502644	1	1	133	213	6	2	-C
D6_BC42_191109_LF_LIB_consensus_vsearch	3819	C	*/+T	321	18	5.03%	2	1	93	93	3.025848834451551E-6	1	1	133	188	0	18	+T
D6_BC42_191109_LF_LIB_consensus_vsearch	3819	C	*/-T	321	10	2.79%	2	2	93	93	9.114810879847198E-4	1	1	133	188	3	7	+T
D6_BC42_191109_LF_LIB_consensus_vsearch	3819	C	*/-TT	321	8	2.23%	2	2	93	93	0.0037416739743984825	1	1	133	188	6	2	+T
D6_BC42_191109_LF_LIB_consensus_vsearch	3821	T	*/+G	326	10	2.86%	2	1	93	93	9.124305210040607E-4	1	1	131	195	0	10	+G
D6_BC42_191109_LF_LIB_consensus_vsearch	3828	T	*/+G	337	11	3.07%	2	2	93	93	4.5063381864919106E-4	1	1	133	204	6	5	+G
D6_BC42_191109_LF_LIB_consensus_vsearch	3833	T	*/-G	316	20	5.67%	2	1	93	93	7.127219171829692E-7	1	1	139	177	0	20	-G
D6_BC42_191109_LF_LIB_consensus_vsearch	3837	G	*/-A	335	15	4.21%	2	2	93	93	2.618321754652276E-5	1	1	129	206	11	4	-A
D6_BC42_191109_LF_LIB_consensus_vsearch	3843	T	*/+C	349	7	1.95%	2	1	93	93	0.007583376037704121	1	1	143	206	0	7	+C
D6_BC42_191109_LF_LIB_consensus_vsearch	3844	T	*/-C	347	8	2.22%	2	2	93	93	0.003753615277703552	1	1	137	210	2	6	-C
D6_BC42_191109_LF_LIB_consensus_vsearch	3861	T	*/-G	319	38	10.58%	2	1	93	93	1.2862408164314829E-12	1	1	142	177	0	38	-G
D6_BC42_191109_LF_LIB_consensus_vsearch	3867	T	*/-G	333	7	1.97%	2	2	93	93	0.007572658162744914	1	1	136	197	2	5	-G
D6_BC42_191109_LF_LIB_consensus_vsearch	3879	T	*/-C	316	36	10.08%	2	2	93	93	5.6681989317688365E-12	1	1	108	208	33	3	-C
D6_BC42_191109_LF_LIB_consensus_vsearch	3882	T	*/-A	325	14	3.94%	2	2	93	93	5.322326576251538E-5	1	1	124	201	11	3	-A
D6_BC42_191109_LF_LIB_consensus_vsearch	3886	A	*/-G	345	8	2.23%	2	2	93	93	0.0037527585760722872	1	1	133	212	7	1	-G
D6_BC42_191109_LF_LIB_consensus_vsearch	3891	G	*/+A	336	10	2.85%	2	2	93	93	9.142486664832635E-4	1	1	131	205	7	3	+A
D6_BC42_191109_LF_LIB_consensus_vsearch	3893	G	*/+A	36	172	48.04%	2	2	93	93	2.370469831835887E-81	1	1	20	16	56	116	+A
D6_BC42_191109_LF_LIB_consensus_vsearch	3893	G	*/-A	36	19	5.31%	2	2	93	93	2.9053944291181704E-7	1	1	20	16	15	4	+A
D6_BC42_191109_LF_LIB_consensus_vsearch	3894	A	+G/+G	34	291	85.34%	2	2	93	93	3.446824741737547E-147	1	1	7	27	114	177	+G
D6_BC42_191109_LF_LIB_consensus_vsearch	3895	C	*/-T	318	9	2.51%	2	1	93	93	0.0018471766916003858	1	1	141	177	0	9	-T
D6_BC42_191109_LF_LIB_consensus_vsearch	3896	T	*/+C	327	7	2%	2	2	93	93	0.007568375850183275	1	1	133	194	6	1	+C
D6_BC42_191109_LF_LIB_consensus_vsearch	3898	C	*/+T	320	8	2.24%	2	1	93	93	0.003741177272389607	1	1	139	181	0	8	+T
D6_BC42_191109_LF_LIB_consensus_vsearch	3902	T	*/+C	337	9	2.52%	2	2	93	93	0.0018529134694595746	1	1	132	205	4	5	+C
D6_BC42_191109_LF_LIB_consensus_vsearch	3903	C	*/-A	313	21	5.97%	2	2	93	93	3.447421488029332E-7	1	1	118	195	17	4	-A
D6_BC42_191109_LF_LIB_consensus_vsearch	3903	C	*/-AA	313	9	2.56%	2	2	93	93	0.0018455562033137492	1	1	118	195	1	8	-A
D6_BC42_191109_LF_LIB_consensus_vsearch	3911	C	*/-T	341	7	1.99%	2	2	93	93	0.007578139567014644	1	1	139	202	1	6	-T
D6_BC42_191109_LF_LIB_consensus_vsearch	3917	C	*/-T	315	31	8.73%	2	2	93	93	2.30502536301598E-10	1	1	140	175	1	30	-T
D6_BC42_191109_LF_LIB_consensus_vsearch	3919	T	*/-A	334	8	2.27%	2	2	93	93	0.003747869361231707	1	1	129	205	7	1	-A
D6_BC42_191109_LF_LIB_consensus_vsearch	3927	C	*/+T	344	8	2.26%	2	1	93	93	0.003752326609186822	1	1	140	204	0	8	+T
D6_BC42_191109_LF_LIB_consensus_vsearch	3933	G	*/+A	308	15	4.2%	2	2	93	93	2.5842426367644073E-5	1	1	116	192	10	5	+A
D6_BC42_191109_LF_LIB_consensus_vsearch	3933	G	*/-A	308	19	5.32%	2	2	93	93	1.4573166574969597E-6	1	1	116	192	8	11	-A
D6_BC42_191109_LF_LIB_consensus_vsearch	3933	G	*/-AA	308	10	2.8%	2	2	93	93	9.08875789075995E-4	1	1	116	192	5	5	-A
D6_BC42_191109_LF_LIB_consensus_vsearch	3936	A	*/-G	237	91	25.56%	2	2	93	93	2.8042626842686317E-31	1	1	61	176	63	28	-G
D6_BC42_191109_LF_LIB_consensus_vsearch	3936	A	*/-GG	237	14	3.93%	2	1	93	93	5.066027102584289E-5	1	1	61	176	14	0	-G
D6_BC42_191109_LF_LIB_consensus_vsearch	3941	A	*/-T	337	11	3.09%	2	1	93	93	4.5063381864919106E-4	1	1	139	198	0	11	-T
D6_BC42_191109_LF_LIB_consensus_vsearch	3942	T	*/-C	266	72	20.87%	2	2	93	93	3.0564259134819734E-24	1	1	68	198	70	2	-C
D6_BC42_191109_LF_LIB_consensus_vsearch	3944	C	*/+G	307	8	2.23%	2	1	93	93	0.003734436213792579	1	1	142	165	0	8	+G
D6_BC42_191109_LF_LIB_consensus_vsearch	3944	C	*/-G	307	26	7.24%	2	2	93	93	8.970032427271336E-9	1	1	142	165	1	25	-G
D6_BC42_191109_LF_LIB_consensus_vsearch	3948	T	*/+A	52	265	74.02%	2	2	93	93	3.8566264012692725E-126	1	1	26	26	114	151	+A
D6_BC42_191109_LF_LIB_consensus_vsearch	3948	T	*/+AA	52	15	4.19%	2	2	93	93	1.2647898708059194E-5	1	1	26	26	2	13	+A
D6_BC42_191109_LF_LIB_consensus_vsearch	3948	T	*/+G	52	7	1.96%	2	2	93	93	0.006470683990884758	1	1	26	26	1	6	+A
D6_BC42_191109_LF_LIB_consensus_vsearch	3951	A	+T/+T	47	296	82.68%	2	2	93	93	1.3258095245105757E-144	1	1	23	24	120	176	+T
D6_BC42_191109_LF_LIB_consensus_vsearch	3951	A	*/-T	47	8	2.23%	2	1	93	93	0.002971807783139731	1	1	23	24	0	8	+T
D6_BC42_191109_LF_LIB_consensus_vsearch	3954	C	*/-G	314	37	10.28%	2	1	93	93	2.6733234958583848E-12	1	1	139	175	0	37	-G
D6_BC42_191109_LF_LIB_consensus_vsearch	3961	A	*/-G	330	14	3.97%	2	2	93	93	5.3331457596803516E-5	1	1	139	191	1	13	-G
D6_BC42_191109_LF_LIB_consensus_vsearch	3966	G	*/-TG	321	21	5.88%	2	2	93	93	3.474502497428837E-7	1	1	137	184	2	19	-TG
D6_BC42_191109_LF_LIB_consensus_vsearch	3967	T	*/-G	312	8	2.46%	2	2	93	93	0.0037370930678341757	1	1	138	174	2	6	-G
D6_BC42_191109_LF_LIB_consensus_vsearch	3970	A	*/+T	260	16	4.48%	2	2	93	93	1.2200205814354207E-5	1	1	101	159	13	3	+T
D6_BC42_191109_LF_LIB_consensus_vsearch	3970	A	*/-T	260	61	17.09%	2	2	93	93	1.8533425193006165E-20	1	1	101	159	24	37	-T
D6_BC42_191109_LF_LIB_consensus_vsearch	3970	A	*/-TT	260	14	3.92%	2	1	93	93	5.1479286631846194E-5	1	1	101	159	0	14	-T
D6_BC42_191109_LF_LIB_consensus_vsearch	3986	T	*/+A	316	19	5.35%	2	2	93	93	1.4669828418081251E-6	1	1	131	185	6	13	+A
D6_BC42_191109_LF_LIB_consensus_vsearch	3986	T	*/-A	316	8	2.25%	2	2	93	93	0.0037391601206060374	1	1	131	185	3	5	+A
D6_BC42_191109_LF_LIB_consensus_vsearch	3994	C	*/-T	339	8	2.23%	2	2	93	93	0.003750129788579787	1	1	139	200	1	7	-T
D6_BC42_191109_LF_LIB_consensus_vsearch	3996	T	*/-G	290	50	14.04%	2	2	93	93	1.2701062952675022E-16	1	1	134	156	1	49	-G
D6_BC42_191109_LF_LIB_consensus_vsearch	4009	A	*/-G	271	61	17.28%	2	2	93	93	2.0798905048629026E-20	1	1	107	164	27	34	-G
D6_BC42_191109_LF_LIB_consensus_vsearch	4009	A	*/-GG	271	7	1.98%	2	1	93	93	0.0075195598088442315	1	1	107	164	0	7	-G
D6_BC42_191109_LF_LIB_consensus_vsearch	4013	G	*/-C	288	57	15.97%	2	2	93	93	5.568032126820035E-19	1	1	114	174	19	38	-C
D6_BC42_191109_LF_LIB_consensus_vsearch	4017	C	*/-G	259	56	15.64%	2	2	93	93	9.469726946273683E-19	1	1	121	138	13	43	-G
D6_BC42_191109_LF_LIB_consensus_vsearch	4017	C	*/-GG	259	20	5.59%	2	1	93	93	6.700909767889938E-7	1	1	121	138	0	20	-G
D6_BC42_191109_LF_LIB_consensus_vsearch	4022	A	*/+G	336	9	2.51%	2	1	93	93	0.001852627063167724	1	1	125	211	9	0	+G
D6_BC42_191109_LF_LIB_consensus_vsearch	4022	A	*/-G	336	8	2.23%	2	2	93	93	0.0037487813407406246	1	1	125	211	7	1	+G
D6_BC42_191109_LF_LIB_consensus_vsearch	4024	A	*/-G	330	8	2.3%	2	1	93	93	0.0037460133446050297	1	1	126	204	8	0	-G
D6_BC42_191109_LF_LIB_consensus_vsearch	4029	T	*/-C	340	10	2.81%	2	1	93	93	9.149473929364378E-4	1	1	141	199	0	10	-C
D6_BC42_191109_LF_LIB_consensus_vsearch	4030	C	*/+T	201	25	7.23%	2	2	93	93	1.4767789318515506E-8	1	1	104	97	18	7	+T
D6_BC42_191109_LF_LIB_consensus_vsearch	4030	C	*/-T	201	115	33.24%	2	2	93	93	6.834509118222164E-41	1	1	104	97	20	95	-T
D6_BC42_191109_LF_LIB_consensus_vsearch	4035	C	*/-T	312	15	4.23%	2	1	93	93	2.5896248719844637E-5	1	1	143	169	0	15	-T
D6_BC42_191109_LF_LIB_consensus_vsearch	4035	C	*/-TC	312	27	7.61%	2	1	93	93	4.346569695159955E-9	1	1	143	169	0	27	-TC
D6_BC42_191109_LF_LIB_consensus_vsearch	4036	T	*/-C	303	9	2.83%	2	2	93	93	0.001842161861056395	1	1	134	169	8	1	-C
D6_BC42_191109_LF_LIB_consensus_vsearch	4038	C	*/-T	328	14	3.9%	2	2	93	93	5.3288541918029604E-5	1	1	140	188	1	13	-T
D6_BC42_191109_LF_LIB_consensus_vsearch	4038	C	*/-TT	328	12	3.34%	2	1	93	93	2.2118757318803913E-4	1	1	140	188	0	12	-T
D6_BC42_191109_LF_LIB_consensus_vsearch	4047	C	*/-T	352	7	1.95%	2	2	93	93	0.007585279889969754	1	1	140	212	3	4	-T
D6_BC42_191109_LF_LIB_consensus_vsearch	4052	A	*/+C	315	16	4.49%	2	2	93	93	1.2673626276353975E-5	1	1	116	199	3	13	+C
D6_BC42_191109_LF_LIB_consensus_vsearch	4052	A	*/-C	315	22	6.18%	2	2	93	93	1.6732550210227956E-7	1	1	116	199	18	4	-C
D6_BC42_191109_LF_LIB_consensus_vsearch	4056	T	*/+G	307	31	8.71%	2	2	93	93	2.2651675858920818E-10	1	1	137	170	1	30	+G
D6_BC42_191109_LF_LIB_consensus_vsearch	4061	T	*/+C	338	7	1.98%	2	1	93	93	0.007576113653235487	1	1	133	205	7	0	+C
D6_BC42_191109_LF_LIB_consensus_vsearch	4069	T	*/-C	319	33	9.22%	2	1	93	93	5.3014108095074523E-11	1	1	105	214	33	0	-C
D6_BC42_191109_LF_LIB_consensus_vsearch	4071	C	*/+G	311	7	1.96%	2	1	93	93	0.007556171430833954	1	1	133	178	0	7	+G
D6_BC42_191109_LF_LIB_consensus_vsearch	4071	C	*/-G	311	28	7.82%	2	2	93	93	2.0831486096620926E-9	1	1	133	178	1	27	-G
D6_BC42_191109_LF_LIB_consensus_vsearch	4073	G	*/-A	346	10	2.79%	2	1	93	93	9.159665973031879E-4	1	1	132	214	10	0	-A
D6_BC42_191109_LF_LIB_consensus_vsearch	4078	A	*/-G	272	64	17.98%	2	2	93	93	1.961610042478709E-21	1	1	130	142	6	58	-G
D6_BC42_191109_LF_LIB_consensus_vsearch	4078	A	*/-GG	272	7	1.97%	2	1	93	93	0.007520602096545131	1	1	130	142	0	7	-G
D6_BC42_191109_LF_LIB_consensus_vsearch	4080	G	*/+A	338	11	3.12%	2	1	93	93	4.5073902379692165E-4	1	1	130	208	11	0	+A
D6_BC42_191109_LF_LIB_consensus_vsearch	4090	C	*/-G	310	38	10.61%	2	2	93	93	1.2501622787251654E-12	1	1	135	175	4	34	-G
D6_BC42_191109_LF_LIB_consensus_vsearch	4092	G	*/+A	338	10	2.8%	2	1	93	93	9.145999987969954E-4	1	1	127	211	10	0	+A
D6_BC42_191109_LF_LIB_consensus_vsearch	4097	A	*/+G	335	11	3.09%	2	1	93	93	4.50421630407793E-4	1	1	125	210	11	0	+G
D6_BC42_191109_LF_LIB_consensus_vsearch	4106	C	*/-T	329	17	4.82%	2	2	93	93	6.237978960098206E-6	1	1	135	194	3	14	-T
D6_BC42_191109_LF_LIB_consensus_vsearch	4108	T	*/+C	296	7	1.96%	2	2	93	93	0.007543567143856903	1	1	136	160	2	5	+C
D6_BC42_191109_LF_LIB_consensus_vsearch	4108	T	*/-CT	296	42	11.76%	2	1	93	93	5.847811837747603E-14	1	1	136	160	0	42	-CT
D6_BC42_191109_LF_LIB_consensus_vsearch	4109	C	*/-T	293	11	3.53%	2	1	93	93	4.45339405057571E-4	1	1	140	153	0	11	-T
D6_BC42_191109_LF_LIB_consensus_vsearch	4113	T	*/-G	336	12	3.36%	2	2	93	93	2.2169868158340307E-4	1	1	140	196	1	11	-G
D6_BC42_191109_LF_LIB_consensus_vsearch	4117	T	*/-C	301	52	14.48%	2	1	93	93	2.9218726428921004E-17	1	1	90	211	52	0	-C
D6_BC42_191109_LF_LIB_consensus_vsearch	4119	C	*/-G	337	12	3.34%	2	1	93	93	2.2176097531794397E-4	1	1	136	201	0	12	-G
D6_BC42_191109_LF_LIB_consensus_vsearch	4123	G	*/-CG	334	13	3.62%	2	1	93	93	1.0886814299174589E-4	1	1	138	196	0	13	-CG
D6_BC42_191109_LF_LIB_consensus_vsearch	4127	T	*/+C	309	17	4.74%	2	2	93	93	6.159403089609033E-6	1	1	125	184	5	12	+C
D6_BC42_191109_LF_LIB_consensus_vsearch	4127	T	*/-C	309	21	5.85%	2	2	93	93	3.433455818776044E-7	1	1	125	184	10	11	-C
D6_BC42_191109_LF_LIB_consensus_vsearch	4129	C	*/-T	341	8	2.24%	2	2	93	93	0.0037510159980200415	1	1	139	202	1	7	-T
D6_BC42_191109_LF_LIB_consensus_vsearch	4136	T	*/-C	347	7	1.95%	2	2	93	93	0.007582088979764471	1	1	136	211	6	1	-C
D6_BC42_191109_LF_LIB_consensus_vsearch	4137	C	*/+G	342	7	1.99%	2	1	93	93	0.0075788071772909795	1	1	126	216	7	0	+G
D6_BC42_191109_LF_LIB_consensus_vsearch	4138	C	*/+T	325	9	2.5%	2	1	93	93	0.0018493650629926273	1	1	138	187	0	9	+T
D6_BC42_191109_LF_LIB_consensus_vsearch	4138	C	*/-T	325	23	6.39%	2	2	93	93	8.187235827216534E-8	1	1	138	187	3	20	-T
D6_BC42_191109_LF_LIB_consensus_vsearch	4140	T	*/+G	314	20	5.59%	2	1	93	93	7.114423962555464E-7	1	1	127	187	0	20	+G
D6_BC42_191109_LF_LIB_consensus_vsearch	4141	G	*/+A	313	16	4.52%	2	2	93	93	1.2658985159540788E-5	1	1	115	198	11	5	+A
D6_BC42_191109_LF_LIB_consensus_vsearch	4141	G	*/-A	313	17	4.8%	2	2	93	93	6.175817494362356E-6	1	1	115	198	9	8	-A
D6_BC42_191109_LF_LIB_consensus_vsearch	4145	A	*/+C	334	17	4.74%	2	2	93	93	6.256332295348442E-6	1	1	138	196	1	16	+C
D6_BC42_191109_LF_LIB_consensus_vsearch	4146	T	*/+C	92	234	65.55%	2	2	93	93	3.807490330999891E-101	1	1	84	8	54	180	+C
D6_BC42_191109_LF_LIB_consensus_vsearch	4146	T	*/-C	92	17	4.76%	2	1	93	93	3.8818781680675175E-6	1	1	84	8	0	17	+C
D6_BC42_191109_LF_LIB_consensus_vsearch	4147	C	*/-A	326	10	2.92%	2	2	93	93	9.124305210040607E-4	1	1	130	196	8	2	-A
D6_BC42_191109_LF_LIB_consensus_vsearch	4149	A	*/-G	236	111	31.01%	2	2	93	93	1.0332707420251413E-38	1	1	108	128	30	81	-G
D6_BC42_191109_LF_LIB_consensus_vsearch	4159	T	*/-A	339	10	2.8%	2	1	93	93	9.147741839900973E-4	1	1	137	202	0	10	-A
D6_BC42_191109_LF_LIB_consensus_vsearch	4161	A	*/-T	322	12	3.36%	2	2	93	93	2.2078871135836308E-4	1	1	131	191	5	7	-T
D6_BC42_191109_LF_LIB_consensus_vsearch	4161	A	*/-TT	322	8	2.24%	2	2	93	93	0.0037421676966334643	1	1	131	191	1	7	-T
D6_BC42_191109_LF_LIB_consensus_vsearch	4166	C	*/+T	341	8	2.24%	2	1	93	93	0.0037510159980200415	1	1	136	205	0	8	+T
D6_BC42_191109_LF_LIB_consensus_vsearch	4176	C	*/-GT	337	7	1.99%	2	2	93	93	0.0075754305431544305	1	1	133	204	1	6	-GT
D6_BC42_191109_LF_LIB_consensus_vsearch	4180	C	*/+T	310	13	3.69%	2	2	93	93	1.079279436573884E-4	1	1	131	179	1	12	+T
D6_BC42_191109_LF_LIB_consensus_vsearch	4180	C	*/-T	310	24	6.82%	2	2	93	93	3.883802988503124E-8	1	1	131	179	2	22	-T
D6_BC42_191109_LF_LIB_consensus_vsearch	4181	T	*/-C	312	17	5.09%	2	2	93	93	6.1717482164026E-6	1	1	133	179	3	14	-C
D6_BC42_191109_LF_LIB_consensus_vsearch	4194	A	*/-G	333	9	2.56%	2	2	93	93	0.001851757938835181	1	1	129	204	5	4	-G
D6_BC42_191109_LF_LIB_consensus_vsearch	4199	T	*/-C	296	50	14.16%	2	2	93	93	1.3171869827886514E-16	1	1	102	194	38	12	-C
D6_BC42_191109_LF_LIB_consensus_vsearch	4201	C	*/+A	328	7	1.97%	2	2	93	93	0.007569100156087223	1	1	129	199	6	1	+A
D6_BC42_191109_LF_LIB_consensus_vsearch	4201	C	*/-A	328	13	3.65%	2	2	93	93	1.0864499740310097E-4	1	1	129	199	4	9	-A
D6_BC42_191109_LF_LIB_consensus_vsearch	4214	C	*/+T	333	8	2.24%	2	1	93	93	0.003747409399187016	1	1	138	195	0	8	+T
D6_BC42_191109_LF_LIB_consensus_vsearch	4214	C	*/-T	333	14	3.92%	2	1	93	93	5.33949482514561E-5	1	1	138	195	0	14	-T
D6_BC42_191109_LF_LIB_consensus_vsearch	4216	C	*/-T	322	24	6.86%	2	1	93	93	3.944013985006252E-8	1	1	138	184	0	24	-T
D6_BC42_191109_LF_LIB_consensus_vsearch	4224	T	*/+G	340	8	2.23%	2	1	93	93	0.0037505741543597316	1	1	126	214	8	0	+G
D6_BC42_191109_LF_LIB_consensus_vsearch	4224	T	*/-A	340	8	2.23%	2	2	93	93	0.0037505741543597316	1	1	126	214	6	2	+G
D6_BC42_191109_LF_LIB_consensus_vsearch	4233	G	*/-TAG	338	7	1.98%	2	1	93	93	0.007576113653235487	1	1	135	203	0	7	-TAG
D6_BC42_191109_LF_LIB_consensus_vsearch	4238	T	*/-A	318	32	8.94%	2	2	93	93	1.1083885634476248E-10	1	1	133	185	2	30	-A
D6_BC42_191109_LF_LIB_consensus_vsearch	4240	A	*/+G	238	10	2.82%	2	2	93	93	8.902795873314557E-4	1	1	65	173	8	2	+G
D6_BC42_191109_LF_LIB_consensus_vsearch	4240	A	*/-G	238	90	25.35%	2	2	93	93	6.668960837377707E-31	1	1	65	173	56	34	-G
D6_BC42_191109_LF_LIB_consensus_vsearch	4251	C	*/+A	299	12	3.39%	2	2	93	93	2.191222894905056E-4	1	1	132	167	2	10	+A
D6_BC42_191109_LF_LIB_consensus_vsearch	4251	C	*/-A	299	39	11.02%	2	2	93	93	5.684859840049764E-13	1	1	132	167	6	33	-A
D6_BC42_191109_LF_LIB_consensus_vsearch	4260	T	*/-C	347	8	2.23%	2	1	93	93	0.003753615277703552	1	1	131	216	8	0	-C
D6_BC42_191109_LF_LIB_consensus_vsearch	4266	A	*/+T	336	7	1.96%	2	1	93	93	0.007574743473790617	1	1	129	207	0	7	+T
D6_BC42_191109_LF_LIB_consensus_vsearch	4267	C	*/-T	328	25	7%	2	2	93	93	1.9188023349382658E-8	1	1	130	198	9	16	-T
D6_BC42_191109_LF_LIB_consensus_vsearch	4269	T	*/-C	332	18	5.04%	2	2	93	93	3.0485347129407417E-6	1	1	128	204	8	10	-C
D6_BC42_191109_LF_LIB_consensus_vsearch	4270	C	*/+G	300	13	3.85%	2	2	93	93	1.0749551725979228E-4	1	1	112	188	5	8	+G
D6_BC42_191109_LF_LIB_consensus_vsearch	4270	C	*/-G	300	8	2.37%	2	2	93	93	0.0037305732760555144	1	1	112	188	6	2	+G
D6_BC42_191109_LF_LIB_consensus_vsearch	4273	G	*/+A	295	9	2.52%	2	2	93	93	0.0018392881998228144	1	1	105	190	2	7	+A
D6_BC42_191109_LF_LIB_consensus_vsearch	4273	G	*/-A	295	42	11.76%	2	2	93	93	5.822719936519492E-14	1	1	105	190	27	15	-A
D6_BC42_191109_LF_LIB_consensus_vsearch	4273	G	*/-AA	295	7	1.96%	2	1	93	93	0.007542682643436916	1	1	105	190	7	0	-A
D6_BC42_191109_LF_LIB_consensus_vsearch	4277	A	*/-G	335	17	4.75%	2	2	93	93	6.259945217329066E-6	1	1	128	207	12	5	-G
D6_BC42_191109_LF_LIB_consensus_vsearch	4279	G	*/-A	337	21	5.87%	2	2	93	93	3.525492899732198E-7	1	1	121	216	20	1	-A
D6_BC42_191109_LF_LIB_consensus_vsearch	4282	T	*/-G	346	7	1.96%	2	1	93	93	0.007581440013514741	1	1	140	206	0	7	-G
D6_BC42_191109_LF_LIB_consensus_vsearch	4285	C	*/-T	338	7	1.97%	2	1	93	93	0.007576113653235487	1	1	140	198	0	7	-T
D6_BC42_191109_LF_LIB_consensus_vsearch	4287	C	*/-T	335	7	1.97%	2	2	93	93	0.0075740524106117915	1	1	139	196	1	6	-T
D6_BC42_191109_LF_LIB_consensus_vsearch	4288	T	*/-A	296	42	12.1%	2	2	93	93	5.847811837747603E-14	1	1	111	185	25	17	-A
D6_BC42_191109_LF_LIB_consensus_vsearch	4290	A	*/+G	285	12	3.39%	2	2	93	93	2.1798634127364526E-4	1	1	120	165	2	10	+G
D6_BC42_191109_LF_LIB_consensus_vsearch	4290	A	*/-G	285	13	3.67%	2	2	93	93	1.0679498904431436E-4	1	1	120	165	5	8	-G
D6_BC42_191109_LF_LIB_consensus_vsearch	4292	G	*/+A	341	9	2.54%	2	1	93	93	0.0018540429575330279	1	1	132	209	9	0	+A
D6_BC42_191109_LF_LIB_consensus_vsearch	4295	T	*/-G	339	10	2.8%	2	2	93	93	9.147741839900973E-4	1	1	136	203	3	7	-G
D6_BC42_191109_LF_LIB_consensus_vsearch	4297	G	*/+A	342	10	2.79%	2	1	93	93	9.152909147267318E-4	1	1	130	212	10	0	+A
D6_BC42_191109_LF_LIB_consensus_vsearch	4304	C	*/-G	335	12	3.4%	2	2	93	93	2.2163604035931107E-4	1	1	137	198	2	10	-G
D6_BC42_191109_LF_LIB_consensus_vsearch	4309	C	*/-T	322	25	6.98%	2	2	93	93	1.903712378044154E-8	1	1	130	192	6	19	-T
D6_BC42_191109_LF_LIB_consensus_vsearch	4311	T	*/+G	291	7	1.99%	2	2	93	93	0.007539085690174033	1	1	130	161	1	6	+G
D6_BC42_191109_LF_LIB_consensus_vsearch	4311	T	*/-G	291	39	11.11%	2	1	93	93	5.516957905234241E-13	1	1	130	161	0	39	-G
D6_BC42_191109_LF_LIB_consensus_vsearch	4317	G	+A/+A	16	276	77.31%	2	2	93	93	1.009273933490641E-148	1	1	7	9	121	155	+A
D6_BC42_191109_LF_LIB_consensus_vsearch	4323	C	*/-G	279	45	12.97%	2	1	93	93	5.502673163223723E-15	1	1	129	150	0	45	-G
D6_BC42_191109_LF_LIB_consensus_vsearch	4329	C	*/-G	314	33	9.3%	2	1	93	93	5.238694006854011E-11	1	1	138	176	0	33	-G
D6_BC42_191109_LF_LIB_consensus_vsearch	4334	T	*/-G	319	13	3.66%	2	1	93	93	1.0829578482007906E-4	1	1	137	182	0	13	-G
D6_BC42_191109_LF_LIB_consensus_vsearch	4334	T	*/-GG	319	18	5.07%	2	2	93	93	3.021579727035597E-6	1	1	137	182	1	17	-GG
D6_BC42_191109_LF_LIB_consensus_vsearch	4341	G	*/-T	324	17	4.8%	2	2	93	93	6.219130184609015E-6	1	1	114	210	15	2	-T
D6_BC42_191109_LF_LIB_consensus_vsearch	4344	T	*/-G	316	23	6.42%	2	2	93	93	8.103168148299398E-8	1	1	131	185	3	20	-G
D6_BC42_191109_LF_LIB_consensus_vsearch	4349	C	*/-A	332	13	3.66%	2	1	93	93	1.0879458901301205E-4	1	1	137	195	0	13	-A
D6_BC42_191109_LF_LIB_consensus_vsearch	4351	A	*/-C	335	9	2.52%	2	1	93	93	0.0018523390154232843	1	1	132	203	0	9	-C
D6_BC42_191109_LF_LIB_consensus_vsearch	4352	C	*/+T	327	16	4.58%	2	1	93	93	1.275813266360776E-5	1	1	139	188	0	16	+T
D6_BC42_191109_LF_LIB_consensus_vsearch	4354	T	*/-G	275	65	18.62%	2	1	93	93	9.17726413090244E-22	1	1	139	136	0	65	-G
D6_BC42_191109_LF_LIB_consensus_vsearch	4358	C	*/-G	327	20	5.62%	2	1	93	93	7.195262525170003E-7	1	1	136	191	0	20	-G
D6_BC42_191109_LF_LIB_consensus_vsearch	4361	A	*/-C	341	8	2.25%	2	2	93	93	0.0037510159980200415	1	1	130	211	6	2	-C
D6_BC42_191109_LF_LIB_consensus_vsearch	4363	C	*/-T	343	7	1.96%	2	2	93	93	0.007579470995029922	1	1	138	205	1	6	-T
D6_BC42_191109_LF_LIB_consensus_vsearch	4369	T	*/-G	278	70	19.94%	2	1	93	93	1.779732978057874E-23	1	1	139	139	0	70	-G
D6_BC42_191109_LF_LIB_consensus_vsearch	4380	G	*/-TG	257	88	25.07%	2	2	93	93	5.498936014939823E-30	1	1	103	154	34	54	-TG
D6_BC42_191109_LF_LIB_consensus_vsearch	4381	T	*/-G	245	8	3.05%	2	2	93	93	0.003692882342347513	1	1	105	140	1	7	-G
D6_BC42_191109_LF_LIB_consensus_vsearch	4385	T	*/+A	329	17	4.79%	2	1	93	93	6.237978960098206E-6	1	1	119	210	17	0	+A
D6_BC42_191109_LF_LIB_consensus_vsearch	4387	G	+C/+C	33	282	78.77%	2	2	93	93	1.2646710990891204E-142	1	1	12	21	104	178	+C
D6_BC42_191109_LF_LIB_consensus_vsearch	4387	G	*/+T	33	10	2.79%	2	1	93	93	5.414831554834494E-4	1	1	12	21	0	10	+C
D6_BC42_191109_LF_LIB_consensus_vsearch	4388	C	*/+T	332	7	1.96%	2	1	93	93	0.007571954906961894	1	1	129	203	0	7	+T
D6_BC42_191109_LF_LIB_consensus_vsearch	4388	C	*/-T	332	7	1.96%	2	2	93	93	0.007571954906961894	1	1	129	203	1	6	+T
D6_BC42_191109_LF_LIB_consensus_vsearch	4390	T	*/-G	292	49	13.92%	2	2	93	93	2.770366762619918E-16	1	1	128	164	3	46	-G
D6_BC42_191109_LF_LIB_consensus_vsearch	4393	C	*/-T	306	7	1.99%	2	2	93	93	0.007552103349072626	1	1	127	179	3	4	-T
D6_BC42_191109_LF_LIB_consensus_vsearch	4397	C	*/+T	312	25	7.02%	2	2	93	93	1.877607171400492E-8	1	1	138	174	1	24	+T
D6_BC42_191109_LF_LIB_consensus_vsearch	4397	C	*/-T	312	13	3.65%	2	1	93	93	1.0801137180022455E-4	1	1	138	174	0	13	+T
D6_BC42_191109_LF_LIB_consensus_vsearch	4399	T	*/+C	334	10	2.82%	2	1	93	93	9.138933286702405E-4	1	1	129	205	10	0	+C
D6_BC42_191109_LF_LIB_consensus_vsearch	4400	C	*/-G	302	8	2.3%	2	2	93	93	0.003731694581518785	1	1	134	168	1	7	-G
D6_BC42_191109_LF_LIB_consensus_vsearch	4400	C	*/-GG	302	19	5.46%	2	2	93	93	1.4497858522748563E-6	1	1	134	168	1	18	-GG
D6_BC42_191109_LF_LIB_consensus_vsearch	4406	T	*/-C	333	20	5.63%	2	2	93	93	7.230793462864362E-7	1	1	121	212	18	2	-C
D6_BC42_191109_LF_LIB_consensus_vsearch	4408	C	*/+G	321	20	5.63%	2	1	93	93	7.158628071628738E-7	1	1	138	183	0	20	+G
D6_BC42_191109_LF_LIB_consensus_vsearch	4415	C	*/+A	322	11	3.16%	2	1	93	93	4.4898192218289514E-4	1	1	114	208	11	0	+A
D6_BC42_191109_LF_LIB_consensus_vsearch	4417	C	*/-T	303	7	2.01%	2	2	93	93	0.007549599928934281	1	1	106	197	3	4	-T
D6_BC42_191109_LF_LIB_consensus_vsearch	4417	C	*/-TT	303	23	6.61%	2	2	93	93	7.974938951675204E-8	1	1	106	197	22	1	-TT
D6_BC42_191109_LF_LIB_consensus_vsearch	4422	C	*/+A	336	7	1.97%	2	1	93	93	0.007574743473790617	1	1	132	204	0	7	+A
D6_BC42_191109_LF_LIB_consensus_vsearch	4429	C	*/-T	330	7	1.97%	2	2	93	93	0.007570535950912546	1	1	122	208	3	4	-T
D6_BC42_191109_LF_LIB_consensus_vsearch	4429	C	*/-TT	330	11	3.1%	2	1	93	93	4.498805515561457E-4	1	1	122	208	11	0	-TT
D6_BC42_191109_LF_LIB_consensus_vsearch	4432	A	*/+G	337	10	2.84%	2	1	93	93	9.14424829084238E-4	1	1	140	197	0	10	+G
D6_BC42_191109_LF_LIB_consensus_vsearch	4442	C	*/-G	310	25	7.14%	2	1	93	93	1.872236866653441E-8	1	1	136	174	0	25	-G
D6_BC42_191109_LF_LIB_consensus_vsearch	4446	C	*/+A	331	7	1.98%	2	1	93	93	0.007571247515222922	1	1	129	202	7	0	+A
D6_BC42_191109_LF_LIB_consensus_vsearch	4448	A	*/+G	122	192	54.08%	2	2	93	93	2.1055013602219232E-77	1	1	87	35	39	153	+G
D6_BC42_191109_LF_LIB_consensus_vsearch	4448	A	*/-G	122	22	6.2%	2	2	93	93	1.0011274415717084E-7	1	1	87	35	6	16	+G
D6_BC42_191109_LF_LIB_consensus_vsearch	4455	C	*/-T	336	12	3.42%	2	2	93	93	2.2169868158340307E-4	1	1	136	200	4	8	-T
D6_BC42_191109_LF_LIB_consensus_vsearch	4457	G	-A/-A	16	334	94.89%	2	2	93	93	2.240781583911217E-182	1	1	1	15	139	195	-A
D6_BC42_191109_LF_LIB_consensus_vsearch	4460	C	*/-T	342	7	1.99%	2	2	93	93	0.0075788071772909795	1	1	138	204	1	6	-T
D6_BC42_191109_LF_LIB_consensus_vsearch	4462	G	*/+T	322	24	6.88%	2	1	93	93	3.944013985006252E-8	1	1	139	183	0	24	+T
D6_BC42_191109_LF_LIB_consensus_vsearch	4464	C	*/-T	321	23	6.65%	2	2	93	93	8.15032736623556E-8	1	1	134	187	1	22	-T
D6_BC42_191109_LF_LIB_consensus_vsearch	4469	T	*/+A	270	11	3.5%	2	2	93	93	4.4193270844278054E-4	1	1	105	165	1	10	+A
D6_BC42_191109_LF_LIB_consensus_vsearch	4469	T	*/-A	270	31	9.87%	2	1	93	93	2.0631915723440106E-10	1	1	105	165	0	31	-A
