Chrom	Position	Ref	Cons	Reads1	Reads2	VarFreq	Strands1	Strands2	Qual1	Qual2	Pvalue	MapQual1	MapQual2	Reads1Plus	Reads1Minus	Reads2Plus	Reads2Minus	VarAllele
E2_BC50_191109_LF_LIB_consensus_vsearch	35	G	K	227	11	4.47%	2	1	93	93	4.3386316031303036E-4	1	1	149	78	11	0	T
E2_BC50_191109_LF_LIB_consensus_vsearch	65	C	Y	231	13	5.24%	2	1	93	93	1.0360034592464177E-4	1	1	165	66	0	13	T
E2_BC50_191109_LF_LIB_consensus_vsearch	69	G	R	231	12	4.9%	2	1	93	93	2.124352356435401E-4	1	1	151	80	12	0	A
E2_BC50_191109_LF_LIB_consensus_vsearch	75	G	R	231	7	2.88%	2	1	93	93	0.007470748618496003	1	1	151	80	7	0	A
E2_BC50_191109_LF_LIB_consensus_vsearch	78	A	R	229	8	3.27%	2	1	93	93	0.0036786796343901236	1	1	149	80	8	0	G
E2_BC50_191109_LF_LIB_consensus_vsearch	85	G	R	237	8	3.25%	2	1	93	93	0.003686009667588161	1	1	156	81	8	0	A
E2_BC50_191109_LF_LIB_consensus_vsearch	89	A	R	239	8	3.23%	2	1	93	93	0.0036877690019176544	1	1	158	81	8	0	G
E2_BC50_191109_LF_LIB_consensus_vsearch	92	A	R	214	7	2.86%	2	1	93	93	0.007444703667648697	1	1	153	61	7	0	-C
E2_BC50_191109_LF_LIB_consensus_vsearch	100	A	R	226	9	3.64%	2	1	93	93	0.0018065516263558758	1	1	146	80	9	0	G
E2_BC50_191109_LF_LIB_consensus_vsearch	110	C	Y	232	9	3.63%	2	2	93	93	0.0018101271688386934	1	1	161	71	2	7	T
E2_BC50_191109_LF_LIB_consensus_vsearch	115	C	Y	220	21	8.47%	2	1	93	93	3.0247178099243174E-7	1	1	163	57	0	21	T
E2_BC50_191109_LF_LIB_consensus_vsearch	117	T	Y	227	12	4.94%	2	2	93	93	2.1192896510056628E-4	1	1	160	67	1	11	C
E2_BC50_191109_LF_LIB_consensus_vsearch	127	A	R	221	11	4.62%	2	1	93	93	4.3250849347899065E-4	1	1	141	80	11	0	G
E2_BC50_191109_LF_LIB_consensus_vsearch	139	C	Y	230	10	4.03%	2	1	93	93	8.874830704141458E-4	1	1	161	69	0	10	T
E2_BC50_191109_LF_LIB_consensus_vsearch	140	G	R	233	10	4.1%	2	1	93	93	8.885527375126605E-4	1	1	151	82	10	0	A
E2_BC50_191109_LF_LIB_consensus_vsearch	145	G	R	220	11	4.55%	2	1	93	93	4.322761391918409E-4	1	1	142	78	11	0	A
E2_BC50_191109_LF_LIB_consensus_vsearch	150	A	R	207	20	8.62%	2	1	93	93	6.157812320632015E-7	1	1	129	78	20	0	G
E2_BC50_191109_LF_LIB_consensus_vsearch	151	T	K	208	22	9.48%	2	1	93	93	1.4075509936715075E-7	1	1	130	78	22	0	G
E2_BC50_191109_LF_LIB_consensus_vsearch	152	T	K	218	15	6.17%	2	1	93	93	2.4184333572860243E-5	1	1	142	76	15	0	G
E2_BC50_191109_LF_LIB_consensus_vsearch	154	T	Y	222	8	3.38%	2	2	93	93	0.0036718537228742883	1	1	148	74	7	1	C
E2_BC50_191109_LF_LIB_consensus_vsearch	155	A	R	228	8	3.32%	2	2	93	93	0.00367772893957288	1	1	152	76	6	2	G
E2_BC50_191109_LF_LIB_consensus_vsearch	173	C	Y	234	10	4.03%	2	2	93	93	8.889036112835749E-4	1	1	160	74	2	8	T
E2_BC50_191109_LF_LIB_consensus_vsearch	183	T	Y	232	7	2.89%	2	2	93	93	0.007472166294706969	1	1	161	71	4	3	C
E2_BC50_191109_LF_LIB_consensus_vsearch	193	G	R	225	16	6.53%	2	1	93	93	1.179733827794779E-5	1	1	144	81	16	0	A
E2_BC50_191109_LF_LIB_consensus_vsearch	207	C	Y	226	9	3.63%	2	2	93	93	0.0018065516263558758	1	1	158	68	2	7	T
E2_BC50_191109_LF_LIB_consensus_vsearch	214	A	R	233	9	3.64%	2	2	93	93	0.0018107062087977532	1	1	156	77	6	3	G
E2_BC50_191109_LF_LIB_consensus_vsearch	216	G	R	225	15	6.17%	2	1	93	93	2.4354161852738932E-5	1	1	146	79	15	0	A
E2_BC50_191109_LF_LIB_consensus_vsearch	223	A	R	235	7	2.85%	2	2	93	93	0.007476349629382664	1	1	156	79	5	2	G
E2_BC50_191109_LF_LIB_consensus_vsearch	229	C	Y	229	10	4.07%	2	2	93	93	8.87120717393791E-4	1	1	157	72	1	9	T
E2_BC50_191109_LF_LIB_consensus_vsearch	238	T	W	218	19	7.92%	2	1	93	93	1.3102261317189997E-6	1	1	141	77	19	0	A
E2_BC50_191109_LF_LIB_consensus_vsearch	282	A	R	226	11	4.51%	2	2	93	93	4.336419657096737E-4	1	1	145	81	10	1	G
E2_BC50_191109_LF_LIB_consensus_vsearch	291	G	R	227	10	4.17%	2	1	93	93	8.863871017160644E-4	1	1	153	74	10	0	A
E2_BC50_191109_LF_LIB_consensus_vsearch	302	C	Y	230	8	3.31%	2	1	93	93	0.0036796224538833875	1	1	159	71	0	8	T
E2_BC50_191109_LF_LIB_consensus_vsearch	328	A	R	227	8	3.29%	2	2	93	93	0.003676770270380206	1	1	154	73	5	3	G
E2_BC50_191109_LF_LIB_consensus_vsearch	357	A	R	209	17	7.26%	2	2	93	93	5.582571341748222E-6	1	1	138	71	13	4	G
E2_BC50_191109_LF_LIB_consensus_vsearch	359	G	R	197	18	8.22%	2	1	93	93	2.6322566298277565E-6	1	1	144	53	18	0	A
E2_BC50_191109_LF_LIB_consensus_vsearch	364	G	R	96	39	28.26%	2	1	93	93	7.298615839280567E-14	1	1	56	40	39	0	A
E2_BC50_191109_LF_LIB_consensus_vsearch	365	G	R	199	37	15.68%	2	1	93	93	1.5738198441614805E-12	1	1	124	75	37	0	A
E2_BC50_191109_LF_LIB_consensus_vsearch	366	G	R	230	9	3.73%	2	2	93	93	0.0018089548541641684	1	1	154	76	8	1	A
E2_BC50_191109_LF_LIB_consensus_vsearch	376	C	Y	234	8	3.25%	2	1	93	93	0.00368331690336814	1	1	160	74	0	8	T
E2_BC50_191109_LF_LIB_consensus_vsearch	377	C	Y	234	7	2.83%	2	1	93	93	0.007474966656828971	1	1	159	75	0	7	T
E2_BC50_191109_LF_LIB_consensus_vsearch	380	C	Y	205	37	15.04%	2	2	93	93	1.6399321708575343E-12	1	1	157	48	3	34	T
E2_BC50_191109_LF_LIB_consensus_vsearch	381	G	R	231	12	4.88%	2	2	93	93	2.124352356435401E-4	1	1	152	79	11	1	A
E2_BC50_191109_LF_LIB_consensus_vsearch	388	A	R	232	8	3.28%	2	1	93	93	0.0036814848550168837	1	1	155	77	8	0	G
E2_BC50_191109_LF_LIB_consensus_vsearch	397	G	R	222	16	6.58%	2	1	93	93	1.1757842701133939E-5	1	1	141	81	16	0	A
E2_BC50_191109_LF_LIB_consensus_vsearch	416	C	Y	223	21	8.54%	2	2	93	93	3.0424512773401445E-7	1	1	164	59	1	20	T
E2_BC50_191109_LF_LIB_consensus_vsearch	418	T	Y	230	13	5.35%	2	2	93	93	1.0352856420599275E-4	1	1	160	70	2	11	C
E2_BC50_191109_LF_LIB_consensus_vsearch	437	T	Y	237	7	2.85%	2	2	93	93	0.007479081856645369	1	1	163	74	2	5	C
E2_BC50_191109_LF_LIB_consensus_vsearch	471	A	R	236	10	4.05%	2	1	93	93	8.895970379003203E-4	1	1	154	82	10	0	G
E2_BC50_191109_LF_LIB_consensus_vsearch	473	A	R	227	7	2.93%	2	2	93	93	0.0074649578216797186	1	1	149	78	6	1	G
E2_BC50_191109_LF_LIB_consensus_vsearch	475	C	Y	234	10	4.08%	2	1	93	93	8.889036112835749E-4	1	1	162	72	0	10	T
E2_BC50_191109_LF_LIB_consensus_vsearch	495	T	Y	222	9	3.8%	2	2	93	93	0.001804066959286255	1	1	160	62	1	8	C
E2_BC50_191109_LF_LIB_consensus_vsearch	502	T	Y	211	15	6.47%	2	1	93	93	2.4004930780571747E-5	1	1	134	77	15	0	C
E2_BC50_191109_LF_LIB_consensus_vsearch	503	T	W	212	11	4.51%	2	2	93	93	4.303452996410444E-4	1	1	134	78	10	1	A
E2_BC50_191109_LF_LIB_consensus_vsearch	503	T	Y	212	12	4.92%	2	2	93	93	2.0987757342671282E-4	1	1	134	78	10	2	C
E2_BC50_191109_LF_LIB_consensus_vsearch	521	G	S	209	26	10.7%	2	1	93	93	7.169816365416689E-9	1	1	129	80	26	0	C
E2_BC50_191109_LF_LIB_consensus_vsearch	545	C	Y	200	7	2.87%	2	2	93	93	0.007420075094973923	1	1	147	53	2	5	-TT
E2_BC50_191109_LF_LIB_consensus_vsearch	550	A	R	230	10	4.08%	2	2	93	93	8.874830704141458E-4	1	1	155	75	9	1	G
E2_BC50_191109_LF_LIB_consensus_vsearch	553	G	R	225	12	5.06%	2	1	93	93	2.1166972840265804E-4	1	1	153	72	12	0	A
E2_BC50_191109_LF_LIB_consensus_vsearch	559	G	R	218	8	3.49%	2	1	93	93	0.003667766201363899	1	1	142	76	8	0	A
E2_BC50_191109_LF_LIB_consensus_vsearch	569	A	R	184	9	3.73%	2	2	93	93	0.0017754582364345615	1	1	119	65	7	2	+C
E2_BC50_191109_LF_LIB_consensus_vsearch	571	C	Y	224	10	4.27%	2	2	93	93	8.852638500565801E-4	1	1	153	71	5	5	T
E2_BC50_191109_LF_LIB_consensus_vsearch	572	C	Y	233	8	3.23%	2	2	93	93	0.0036824046267336483	1	1	157	76	2	6	T
E2_BC50_191109_LF_LIB_consensus_vsearch	573	C	Y	217	26	10.48%	2	2	93	93	7.354588303207026E-9	1	1	159	58	4	22	T
E2_BC50_191109_LF_LIB_consensus_vsearch	585	G	R	189	9	4.41%	2	1	93	93	0.00177983409863699	1	1	112	77	9	0	A
E2_BC50_191109_LF_LIB_consensus_vsearch	597	C	Y	206	36	14.57%	2	2	93	93	3.5664544298237645E-12	1	1	162	44	1	35	T
E2_BC50_191109_LF_LIB_consensus_vsearch	599	T	Y	229	7	2.97%	2	1	93	93	0.007467877541059236	1	1	156	73	0	7	C
E2_BC50_191109_LF_LIB_consensus_vsearch	602	A	R	196	10	4.17%	2	2	93	93	8.7325475503958E-4	1	1	147	49	9	1	-G
E2_BC50_191109_LF_LIB_consensus_vsearch	608	G	R	227	13	5.35%	2	1	93	93	1.033098399812127E-4	1	1	149	78	13	0	A
E2_BC50_191109_LF_LIB_consensus_vsearch	616	C	Y	233	9	3.64%	2	2	93	93	0.0018107062087977532	1	1	162	71	1	8	T
E2_BC50_191109_LF_LIB_consensus_vsearch	629	G	R	228	15	6.17%	2	1	93	93	2.4424201260992723E-5	1	1	149	79	15	0	A
E2_BC50_191109_LF_LIB_consensus_vsearch	637	C	Y	212	12	4.92%	2	2	93	93	2.0987757342671282E-4	1	1	135	77	11	1	T
E2_BC50_191109_LF_LIB_consensus_vsearch	638	G	R	221	13	5.46%	2	1	93	93	1.0285657652119606E-4	1	1	144	77	13	0	A
E2_BC50_191109_LF_LIB_consensus_vsearch	651	A	R	222	10	4.24%	2	2	93	93	8.844993515297029E-4	1	1	142	80	9	1	G
E2_BC50_191109_LF_LIB_consensus_vsearch	661	A	R	188	9	4%	2	1	93	93	0.0017789762439091002	1	1	112	76	9	0	-C
E2_BC50_191109_LF_LIB_consensus_vsearch	663	C	S	211	19	8.12%	2	1	93	93	1.2947081676885062E-6	1	1	130	81	19	0	G
E2_BC50_191109_LF_LIB_consensus_vsearch	670	G	R	214	8	3.51%	2	1	93	93	0.003663533633296164	1	1	137	77	8	0	A
E2_BC50_191109_LF_LIB_consensus_vsearch	671	C	Y	203	9	3.78%	2	2	93	93	0.0017910143883990014	1	1	132	71	7	2	+TT
E2_BC50_191109_LF_LIB_consensus_vsearch	672	A	W	221	18	7.44%	2	1	93	93	2.7361017606407482E-6	1	1	140	81	18	0	T
E2_BC50_191109_LF_LIB_consensus_vsearch	673	C	Y	167	26	10.57%	2	2	93	93	6.04458130722122E-9	1	1	91	76	21	5	-G
E2_BC50_191109_LF_LIB_consensus_vsearch	680	A	R	200	7	3.2%	2	1	93	93	0.007420075094973923	1	1	124	76	7	0	G
E2_BC50_191109_LF_LIB_consensus_vsearch	681	T	K	209	23	9.7%	2	1	93	93	6.719419108419964E-8	1	1	133	76	23	0	G
E2_BC50_191109_LF_LIB_consensus_vsearch	713	C	Y	224	15	6.1%	2	2	93	93	2.433045785761445E-5	1	1	154	70	3	12	T
E2_BC50_191109_LF_LIB_consensus_vsearch	746	G	R	217	19	7.69%	2	2	93	93	1.3080569041578427E-6	1	1	141	76	17	2	A
E2_BC50_191109_LF_LIB_consensus_vsearch	747	C	Y	207	15	6.12%	2	2	93	93	2.3897801371672697E-5	1	1	129	78	13	2	T
E2_BC50_191109_LF_LIB_consensus_vsearch	751	A	R	230	11	4.44%	2	2	93	93	4.345161394643416E-4	1	1	153	77	10	1	G
E2_BC50_191109_LF_LIB_consensus_vsearch	755	C	M	232	8	3.25%	2	2	93	93	0.0036814848550168837	1	1	157	75	5	3	A
E2_BC50_191109_LF_LIB_consensus_vsearch	757	G	R	191	29	11.93%	2	2	93	93	6.939015054291681E-10	1	1	137	54	10	19	A
E2_BC50_191109_LF_LIB_consensus_vsearch	801	G	R	212	29	11.89%	2	2	93	93	7.604457930470955E-10	1	1	136	76	28	1	A
E2_BC50_191109_LF_LIB_consensus_vsearch	807	A	R	221	14	5.88%	2	2	93	93	5.0002770675582806E-5	1	1	141	80	13	1	G
E2_BC50_191109_LF_LIB_consensus_vsearch	830	A	R	220	7	2.85%	2	1	93	93	0.007454337359329176	1	1	148	72	7	0	-G
E2_BC50_191109_LF_LIB_consensus_vsearch	836	G	R	210	9	3.67%	2	2	93	93	0.0017960807336148846	1	1	137	73	1	8	+A
E2_BC50_191109_LF_LIB_consensus_vsearch	838	C	Y	216	14	5.76%	2	2	93	93	4.97799291733799E-5	1	1	160	56	2	12	T
E2_BC50_191109_LF_LIB_consensus_vsearch	840	A	M	233	7	2.82%	2	1	93	93	0.007473572259320498	1	1	160	73	0	7	C
E2_BC50_191109_LF_LIB_consensus_vsearch	841	T	Y	225	17	6.97%	2	1	93	93	5.7032680908834166E-6	1	1	164	61	0	17	C
E2_BC50_191109_LF_LIB_consensus_vsearch	842	T	Y	214	8	3.27%	2	1	93	93	0.003663533633296164	1	1	158	56	0	8	-C
E2_BC50_191109_LF_LIB_consensus_vsearch	847	A	R	224	15	6.12%	2	1	93	93	2.433045785761445E-5	1	1	145	79	15	0	G
E2_BC50_191109_LF_LIB_consensus_vsearch	859	A	W	227	7	2.89%	2	1	93	93	0.0074649578216797186	1	1	149	78	7	0	T
E2_BC50_191109_LF_LIB_consensus_vsearch	860	C	Y	222	9	3.66%	2	1	93	93	0.001804066959286255	1	1	140	82	9	0	T
E2_BC50_191109_LF_LIB_consensus_vsearch	868	T	W	214	14	6.01%	2	1	93	93	4.968826086820383E-5	1	1	147	67	14	0	A
E2_BC50_191109_LF_LIB_consensus_vsearch	879	C	Y	235	9	3.64%	2	2	93	93	0.0018118503395958998	1	1	158	77	5	4	T
E2_BC50_191109_LF_LIB_consensus_vsearch	881	A	R	226	13	5.31%	2	1	93	93	1.032357834289093E-4	1	1	149	77	13	0	G
E2_BC50_191109_LF_LIB_consensus_vsearch	887	A	R	232	7	2.87%	2	1	93	93	0.007472166294706969	1	1	152	80	7	0	G
E2_BC50_191109_LF_LIB_consensus_vsearch	889	G	R	209	26	10.83%	2	1	93	93	7.169816365416689E-9	1	1	128	81	26	0	A
E2_BC50_191109_LF_LIB_consensus_vsearch	892	C	Y	235	7	2.85%	2	2	93	93	0.007476349629382664	1	1	155	80	6	1	T
E2_BC50_191109_LF_LIB_consensus_vsearch	915	C	S	228	7	2.94%	2	1	93	93	0.007466423838535645	1	1	148	80	7	0	G
E2_BC50_191109_LF_LIB_consensus_vsearch	918	A	R	232	12	4.86%	2	1	93	93	2.1255933043139825E-4	1	1	150	82	12	0	G
E2_BC50_191109_LF_LIB_consensus_vsearch	929	G	R	199	8	3.7%	2	1	93	93	0.0036462285478980633	1	1	121	78	8	0	A
E2_BC50_191109_LF_LIB_consensus_vsearch	958	T	W	228	8	3.35%	2	1	93	93	0.00367772893957288	1	1	150	78	8	0	A
E2_BC50_191109_LF_LIB_consensus_vsearch	972	G	R	234	9	3.69%	2	1	93	93	0.0018112805803138848	1	1	157	77	9	0	A
E2_BC50_191109_LF_LIB_consensus_vsearch	974	T	Y	241	7	2.82%	2	2	93	93	0.007484415214222657	1	1	164	77	2	5	C
E2_BC50_191109_LF_LIB_consensus_vsearch	981	C	Y	233	11	4.45%	2	2	93	93	4.351536507121341E-4	1	1	161	72	1	10	T
E2_BC50_191109_LF_LIB_consensus_vsearch	997	C	Y	226	7	2.85%	2	1	93	93	0.007463479333376833	1	1	155	71	0	7	T
E2_BC50_191109_LF_LIB_consensus_vsearch	1001	C	S	186	48	20.25%	2	1	93	93	2.415838165654986E-16	1	1	105	81	48	0	G
E2_BC50_191109_LF_LIB_consensus_vsearch	1009	G	R	231	8	3.32%	2	1	93	93	0.0036805574954856175	1	1	154	77	8	0	A
E2_BC50_191109_LF_LIB_consensus_vsearch	1014	A	R	218	12	5.11%	2	1	93	93	2.1072864956982534E-4	1	1	137	81	12	0	G
E2_BC50_191109_LF_LIB_consensus_vsearch	1039	G	R	230	13	5.28%	2	2	93	93	1.0352856420599275E-4	1	1	151	79	12	1	A
E2_BC50_191109_LF_LIB_consensus_vsearch	1044	T	Y	235	8	3.24%	2	2	93	93	0.003684221776127662	1	1	159	76	5	3	C
E2_BC50_191109_LF_LIB_consensus_vsearch	1060	A	R	219	10	4.13%	2	2	93	93	8.833283118953115E-4	1	1	155	64	9	1	-G
E2_BC50_191109_LF_LIB_consensus_vsearch	1067	A	R	235	9	3.66%	2	2	93	93	0.0018118503395958998	1	1	156	79	7	2	G
E2_BC50_191109_LF_LIB_consensus_vsearch	1098	C	Y	230	11	4.44%	2	2	93	93	4.345161394643416E-4	1	1	151	79	10	1	T
E2_BC50_191109_LF_LIB_consensus_vsearch	1099	A	R	225	9	3.7%	2	2	93	93	0.0018059382541162866	1	1	152	73	7	2	G
E2_BC50_191109_LF_LIB_consensus_vsearch	1110	C	Y	215	12	4.84%	2	2	93	93	2.103084529771467E-4	1	1	155	60	5	7	-A
E2_BC50_191109_LF_LIB_consensus_vsearch	1145	C	Y	217	12	4.86%	2	2	93	93	2.1058974645692333E-4	1	1	147	70	1	11	T
E2_BC50_191109_LF_LIB_consensus_vsearch	1148	T	Y	217	16	6.75%	2	2	93	93	1.1689988290222098E-5	1	1	137	80	15	1	C
E2_BC50_191109_LF_LIB_consensus_vsearch	1149	T	W	218	7	2.92%	2	1	93	93	0.007451182688346346	1	1	139	79	7	0	A
E2_BC50_191109_LF_LIB_consensus_vsearch	1149	T	Y	218	9	3.75%	2	1	93	93	0.001801496644156972	1	1	139	79	9	0	C
E2_BC50_191109_LF_LIB_consensus_vsearch	1185	G	R	236	9	3.66%	2	2	93	93	0.0018124155419458562	1	1	156	80	8	1	A
E2_BC50_191109_LF_LIB_consensus_vsearch	1186	G	R	232	8	3.25%	2	2	93	93	0.0036814848550168837	1	1	159	73	1	7	A
E2_BC50_191109_LF_LIB_consensus_vsearch	1195	A	R	233	8	3.28%	2	2	93	93	0.0036824046267336483	1	1	156	77	6	2	G
E2_BC50_191109_LF_LIB_consensus_vsearch	1201	C	Y	237	7	2.85%	2	1	93	93	0.007479081856645369	1	1	163	74	0	7	T
E2_BC50_191109_LF_LIB_consensus_vsearch	1202	G	R	233	11	4.47%	2	1	93	93	4.351536507121341E-4	1	1	154	79	11	0	A
E2_BC50_191109_LF_LIB_consensus_vsearch	1210	A	R	225	11	4.55%	2	2	93	93	4.334189676817625E-4	1	1	148	77	10	1	G
E2_BC50_191109_LF_LIB_consensus_vsearch	1227	A	R	173	27	12.05%	2	1	93	93	2.908812308280772E-9	1	1	100	73	27	0	G
E2_BC50_191109_LF_LIB_consensus_vsearch	1228	C	S	200	12	5.5%	2	1	93	93	2.0803866112796158E-4	1	1	131	69	12	0	G
E2_BC50_191109_LF_LIB_consensus_vsearch	1229	C	S	232	9	3.72%	2	1	93	93	0.0018101271688386934	1	1	150	82	9	0	G
E2_BC50_191109_LF_LIB_consensus_vsearch	1231	G	R	200	30	12.71%	2	2	93	93	3.3878376895849755E-10	1	1	127	73	29	1	A
E2_BC50_191109_LF_LIB_consensus_vsearch	1239	C	Y	216	8	3.56%	2	2	93	93	0.003665668526289429	1	1	141	75	2	6	T
E2_BC50_191109_LF_LIB_consensus_vsearch	1246	T	K	217	9	3.98%	2	1	93	93	0.0018008401619304512	1	1	137	80	9	0	G
E2_BC50_191109_LF_LIB_consensus_vsearch	1261	C	Y	224	11	4.47%	2	2	93	93	4.3319414411093957E-4	1	1	157	67	2	9	T
E2_BC50_191109_LF_LIB_consensus_vsearch	1262	G	R	232	8	3.32%	2	2	93	93	0.0036814848550168837	1	1	155	77	3	5	A
E2_BC50_191109_LF_LIB_consensus_vsearch	1277	C	Y	230	8	3.24%	2	2	93	93	0.0036796224538833875	1	1	159	71	4	4	T
E2_BC50_191109_LF_LIB_consensus_vsearch	1279	G	R	238	7	2.85%	2	2	93	93	0.007480431384223459	1	1	161	77	3	4	A
E2_BC50_191109_LF_LIB_consensus_vsearch	1303	C	S	226	14	5.83%	2	1	93	93	5.0216988599021617E-5	1	1	144	82	14	0	G
E2_BC50_191109_LF_LIB_consensus_vsearch	1305	G	R	225	13	5.44%	2	2	93	93	1.0316114131630932E-4	1	1	153	72	12	1	A
E2_BC50_191109_LF_LIB_consensus_vsearch	1326	G	R	210	19	8.12%	2	1	93	93	1.2924262145172922E-6	1	1	137	73	19	0	A
E2_BC50_191109_LF_LIB_consensus_vsearch	1338	A	R	220	10	4.13%	2	2	93	93	8.837219519630479E-4	1	1	141	79	9	1	G
E2_BC50_191109_LF_LIB_consensus_vsearch	1342	G	R	220	7	2.93%	2	1	93	93	0.007454337359329176	1	1	147	73	7	0	A
E2_BC50_191109_LF_LIB_consensus_vsearch	1359	G	R	214	7	2.89%	2	2	93	93	0.007444703667648697	1	1	138	76	6	1	+C
E2_BC50_191109_LF_LIB_consensus_vsearch	1360	C	Y	217	11	4.47%	2	2	93	93	4.3156732794080477E-4	1	1	142	75	8	3	T
E2_BC50_191109_LF_LIB_consensus_vsearch	1363	G	R	196	26	11.21%	2	1	93	93	6.850873449275763E-9	1	1	127	69	26	0	A
E2_BC50_191109_LF_LIB_consensus_vsearch	1370	G	R	223	7	2.86%	2	1	93	93	0.007458967428082863	1	1	142	81	7	0	A
E2_BC50_191109_LF_LIB_consensus_vsearch	1370	G	S	223	8	3.27%	2	1	93	93	0.0036728538094896964	1	1	142	81	8	0	C
E2_BC50_191109_LF_LIB_consensus_vsearch	1373	A	R	128	106	42.91%	2	2	93	93	2.119369499528168E-39	1	1	119	9	35	71	G
E2_BC50_191109_LF_LIB_consensus_vsearch	1374	C	S	225	9	3.7%	2	2	93	93	0.0018059382541162866	1	1	154	71	1	8	G
E2_BC50_191109_LF_LIB_consensus_vsearch	1391	A	R	224	7	2.88%	2	2	93	93	0.007460484300523826	1	1	147	77	5	2	-G
E2_BC50_191109_LF_LIB_consensus_vsearch	1407	A	W	226	7	2.9%	2	1	93	93	0.007463479333376833	1	1	148	78	7	0	T
E2_BC50_191109_LF_LIB_consensus_vsearch	1415	A	R	228	7	2.85%	2	1	93	93	0.007466423838535645	1	1	148	80	7	0	-G
E2_BC50_191109_LF_LIB_consensus_vsearch	1437	G	R	218	9	3.72%	2	2	93	93	0.001801496644156972	1	1	143	75	8	1	A
E2_BC50_191109_LF_LIB_consensus_vsearch	1441	G	R	219	13	5.28%	2	2	93	93	1.0270059462456098E-4	1	1	147	72	12	1	A
E2_BC50_191109_LF_LIB_consensus_vsearch	1457	G	R	229	13	5.35%	2	2	93	93	1.0345622368198715E-4	1	1	153	76	12	1	A
E2_BC50_191109_LF_LIB_consensus_vsearch	1474	G	R	227	11	4.6%	2	2	93	93	4.3386316031303036E-4	1	1	154	73	10	1	A
E2_BC50_191109_LF_LIB_consensus_vsearch	1541	G	R	209	23	9.79%	2	2	93	93	6.719419108419964E-8	1	1	143	66	21	2	A
E2_BC50_191109_LF_LIB_consensus_vsearch	1552	T	Y	223	13	5.35%	2	2	93	93	1.03010072485016E-4	1	1	160	63	1	12	C
E2_BC50_191109_LF_LIB_consensus_vsearch	1554	T	K	225	8	3.32%	2	1	93	93	0.0036748286042396724	1	1	159	66	0	8	G
E2_BC50_191109_LF_LIB_consensus_vsearch	1559	T	Y	233	11	4.45%	2	1	93	93	4.351536507121341E-4	1	1	163	70	0	11	C
E2_BC50_191109_LF_LIB_consensus_vsearch	1561	T	Y	235	7	2.86%	2	2	93	93	0.007476349629382664	1	1	162	73	1	6	C
E2_BC50_191109_LF_LIB_consensus_vsearch	1566	A	R	221	23	9.31%	2	2	93	93	6.921156543729746E-8	1	1	142	79	21	2	G
E2_BC50_191109_LF_LIB_consensus_vsearch	1569	C	Y	206	8	3.69%	2	2	93	93	0.0036546013500883302	1	1	138	68	5	3	T
E2_BC50_191109_LF_LIB_consensus_vsearch	1570	C	Y	217	15	6.38%	2	2	93	93	2.4159309133094825E-5	1	1	145	72	8	7	T
E2_BC50_191109_LF_LIB_consensus_vsearch	1571	C	Y	216	20	8.26%	2	2	93	93	6.265967951485761E-7	1	1	149	67	6	14	T
E2_BC50_191109_LF_LIB_consensus_vsearch	1572	C	Y	225	17	6.91%	2	2	93	93	5.7032680908834166E-6	1	1	154	71	7	10	T
E2_BC50_191109_LF_LIB_consensus_vsearch	1579	C	Y	222	11	4.44%	2	2	93	93	4.3273893004878305E-4	1	1	156	66	2	9	T
E2_BC50_191109_LF_LIB_consensus_vsearch	1591	T	Y	227	9	3.75%	2	2	93	93	0.0018071599099638493	1	1	149	78	5	4	C
E2_BC50_191109_LF_LIB_consensus_vsearch	1592	A	R	231	8	3.29%	2	2	93	93	0.0036805574954856175	1	1	152	79	6	2	G
E2_BC50_191109_LF_LIB_consensus_vsearch	1604	A	R	229	13	5.28%	2	2	93	93	1.0345622368198715E-4	1	1	150	79	12	1	G
E2_BC50_191109_LF_LIB_consensus_vsearch	1609	C	Y	227	14	5.69%	2	2	93	93	5.025884107193111E-5	1	1	161	66	1	13	T
E2_BC50_191109_LF_LIB_consensus_vsearch	1670	T	Y	202	15	6.55%	2	2	93	93	2.375885795125084E-5	1	1	128	74	12	3	C
E2_BC50_191109_LF_LIB_consensus_vsearch	1671	A	R	205	10	4.42%	2	2	93	93	8.774450793915666E-4	1	1	126	79	9	1	G
E2_BC50_191109_LF_LIB_consensus_vsearch	1674	C	Y	226	13	5.39%	2	2	93	93	1.032357834289093E-4	1	1	150	76	8	5	T
E2_BC50_191109_LF_LIB_consensus_vsearch	1701	A	R	233	9	3.69%	2	1	93	93	0.0018107062087977532	1	1	154	79	9	0	G
E2_BC50_191109_LF_LIB_consensus_vsearch	1703	T	Y	235	8	3.29%	2	2	93	93	0.003684221776127662	1	1	162	73	2	6	C
E2_BC50_191109_LF_LIB_consensus_vsearch	1744	C	Y	227	9	3.67%	2	2	93	93	0.0018071599099638493	1	1	151	76	7	2	T
E2_BC50_191109_LF_LIB_consensus_vsearch	1745	G	R	226	12	4.92%	2	1	93	93	2.1179986535711708E-4	1	1	147	79	12	0	A
E2_BC50_191109_LF_LIB_consensus_vsearch	1750	T	Y	234	8	3.31%	2	2	93	93	0.00368331690336814	1	1	156	78	6	2	C
E2_BC50_191109_LF_LIB_consensus_vsearch	1771	A	R	219	13	5.49%	2	2	93	93	1.0270059462456098E-4	1	1	140	79	12	1	G
E2_BC50_191109_LF_LIB_consensus_vsearch	1776	A	R	225	7	2.92%	2	1	93	93	0.0074619882138406745	1	1	148	77	7	0	G
E2_BC50_191109_LF_LIB_consensus_vsearch	1777	T	K	231	7	2.89%	2	1	93	93	0.007470748618496003	1	1	153	78	7	0	G
E2_BC50_191109_LF_LIB_consensus_vsearch	1780	A	R	222	19	7.85%	2	1	93	93	1.3187503319271603E-6	1	1	142	80	19	0	G
E2_BC50_191109_LF_LIB_consensus_vsearch	1799	C	Y	212	12	4.88%	2	1	93	93	2.0987757342671282E-4	1	1	145	67	0	12	-AC
E2_BC50_191109_LF_LIB_consensus_vsearch	1802	C	S	223	15	6.2%	2	1	93	93	2.4306571682594968E-5	1	1	145	78	15	0	G
E2_BC50_191109_LF_LIB_consensus_vsearch	1829	G	R	233	7	2.85%	2	2	93	93	0.007473572259320498	1	1	154	79	6	1	A
E2_BC50_191109_LF_LIB_consensus_vsearch	1830	C	Y	231	7	2.89%	2	2	93	93	0.007470748618496003	1	1	153	78	6	1	T
E2_BC50_191109_LF_LIB_consensus_vsearch	1837	A	R	236	7	2.83%	2	1	93	93	0.007477721316805575	1	1	154	82	7	0	G
E2_BC50_191109_LF_LIB_consensus_vsearch	1851	C	Y	220	8	3.31%	2	2	93	93	0.0036698276230520683	1	1	144	76	5	3	T
E2_BC50_191109_LF_LIB_consensus_vsearch	1854	G	R	197	9	4.31%	2	2	93	93	0.0017864043973660122	1	1	117	80	8	1	A
E2_BC50_191109_LF_LIB_consensus_vsearch	1865	A	R	221	20	8.1%	2	1	93	93	6.323165738404836E-7	1	1	143	78	20	0	G
E2_BC50_191109_LF_LIB_consensus_vsearch	1867	C	Y	206	18	7.29%	2	2	93	93	2.6734324964115575E-6	1	1	146	60	2	16	T
E2_BC50_191109_LF_LIB_consensus_vsearch	1868	G	R	229	8	3.28%	2	1	93	93	0.0036786796343901236	1	1	147	82	8	0	A
E2_BC50_191109_LF_LIB_consensus_vsearch	1869	A	R	229	7	2.89%	2	1	93	93	0.007467877541059236	1	1	147	82	7	0	G
E2_BC50_191109_LF_LIB_consensus_vsearch	1879	A	R	191	38	15.64%	2	1	93	93	6.820779712606794E-13	1	1	113	78	38	0	G
E2_BC50_191109_LF_LIB_consensus_vsearch	1881	G	R	176	38	17.51%	2	2	93	93	5.995346125487032E-13	1	1	123	53	37	1	A
E2_BC50_191109_LF_LIB_consensus_vsearch	1886	T	Y	238	7	2.85%	2	2	93	93	0.007480431384223459	1	1	163	75	1	6	C
E2_BC50_191109_LF_LIB_consensus_vsearch	1892	C	Y	232	8	3.25%	2	1	93	93	0.0036814848550168837	1	1	163	69	0	8	T
E2_BC50_191109_LF_LIB_consensus_vsearch	1917	A	R	238	8	3.23%	2	1	93	93	0.0036868928614731586	1	1	156	82	8	0	G
E2_BC50_191109_LF_LIB_consensus_vsearch	1920	T	Y	144	7	3.35%	2	1	93	93	0.007276525855895998	1	1	84	60	7	0	-A
E2_BC50_191109_LF_LIB_consensus_vsearch	1921	A	M	174	13	6.91%	2	1	93	93	9.837503282500424E-5	1	1	110	64	13	0	C
E2_BC50_191109_LF_LIB_consensus_vsearch	1935	T	Y	234	7	2.82%	2	2	93	93	0.007474966656828971	1	1	159	75	1	6	C
E2_BC50_191109_LF_LIB_consensus_vsearch	1939	G	K	232	7	2.87%	2	1	93	93	0.007472166294706969	1	1	156	76	7	0	T
E2_BC50_191109_LF_LIB_consensus_vsearch	1960	G	K	231	11	4.49%	2	1	93	93	4.3473033454469255E-4	1	1	150	81	11	0	T
E2_BC50_191109_LF_LIB_consensus_vsearch	1964	A	R	228	9	3.67%	2	1	93	93	0.001807763167971536	1	1	147	81	9	0	G
E2_BC50_191109_LF_LIB_consensus_vsearch	1965	C	Y	228	9	3.73%	2	2	93	93	0.001807763167971536	1	1	155	73	1	8	T
E2_BC50_191109_LF_LIB_consensus_vsearch	1971	G	R	200	23	9.7%	2	1	93	93	6.557520812020474E-8	1	1	133	67	23	0	A
E2_BC50_191109_LF_LIB_consensus_vsearch	1986	C	S	222	8	3.4%	2	1	93	93	0.0036718537228742883	1	1	145	77	8	0	G
E2_BC50_191109_LF_LIB_consensus_vsearch	2001	A	R	212	19	8.09%	2	2	93	93	1.2969734963085345E-6	1	1	136	76	18	1	G
E2_BC50_191109_LF_LIB_consensus_vsearch	2007	A	R	230	7	2.87%	2	2	93	93	0.0074693190837354945	1	1	151	79	5	2	G
E2_BC50_191109_LF_LIB_consensus_vsearch	2038	G	R	236	8	3.25%	2	1	93	93	0.0036851193347710583	1	1	156	80	8	0	A
E2_BC50_191109_LF_LIB_consensus_vsearch	2048	T	Y	228	8	3.27%	2	2	93	93	0.00367772893957288	1	1	158	70	1	7	C
E2_BC50_191109_LF_LIB_consensus_vsearch	2088	G	R	223	7	2.85%	2	1	93	93	0.007458967428082863	1	1	146	77	7	0	A
E2_BC50_191109_LF_LIB_consensus_vsearch	2090	G	R	215	20	8.4%	2	1	93	93	6.254287576406704E-7	1	1	140	75	20	0	A
E2_BC50_191109_LF_LIB_consensus_vsearch	2099	C	Y	220	7	2.83%	2	1	93	93	0.007454337359329176	1	1	146	74	0	7	-AC
E2_BC50_191109_LF_LIB_consensus_vsearch	2102	C	S	217	16	6.84%	2	1	93	93	1.1689988290222098E-5	1	1	136	81	16	0	G
E2_BC50_191109_LF_LIB_consensus_vsearch	2103	C	Y	226	17	6.91%	2	2	93	93	5.710344493226392E-6	1	1	150	76	12	5	T
E2_BC50_191109_LF_LIB_consensus_vsearch	2115	A	M	232	8	3.23%	2	1	93	93	0.0036814848550168837	1	1	164	68	0	8	C
E2_BC50_191109_LF_LIB_consensus_vsearch	2148	G	R	218	18	7.59%	2	2	93	93	2.7241185068262107E-6	1	1	141	77	16	2	A
E2_BC50_191109_LF_LIB_consensus_vsearch	2159	C	Y	221	18	7.44%	2	2	93	93	2.7361017606407482E-6	1	1	140	81	17	1	T
E2_BC50_191109_LF_LIB_consensus_vsearch	2160	C	M	125	13	5.26%	2	1	93	93	9.07830098285443E-5	1	1	81	44	13	0	-G
E2_BC50_191109_LF_LIB_consensus_vsearch	2160	C	Y	125	28	11.34%	2	2	93	93	9.566330288249609E-10	1	1	81	44	22	6	T
E2_BC50_191109_LF_LIB_consensus_vsearch	2161	G	R	138	22	11.96%	2	2	93	93	1.098911743514098E-7	1	1	102	36	21	1	A
E2_BC50_191109_LF_LIB_consensus_vsearch	2161	G	K	138	19	10.33%	2	2	93	93	1.068929040553897E-6	1	1	102	36	4	15	A
E2_BC50_191109_LF_LIB_consensus_vsearch	2162	G	R	217	25	10.33%	2	2	93	93	1.5508588378506153E-8	1	1	140	77	24	1	A
E2_BC50_191109_LF_LIB_consensus_vsearch	2164	G	R	226	10	4.08%	2	1	93	93	8.86015765791995E-4	1	1	149	77	10	0	A
E2_BC50_191109_LF_LIB_consensus_vsearch	2168	A	R	234	9	3.67%	2	1	93	93	0.0018112805803138848	1	1	155	79	9	0	G
E2_BC50_191109_LF_LIB_consensus_vsearch	2170	T	Y	235	8	3.28%	2	2	93	93	0.003684221776127662	1	1	157	78	4	4	C
E2_BC50_191109_LF_LIB_consensus_vsearch	2176	G	R	220	17	7.05%	2	1	93	93	5.667095144061527E-6	1	1	142	78	17	0	A
E2_BC50_191109_LF_LIB_consensus_vsearch	2188	G	R	230	8	3.29%	2	1	93	93	0.0036796224538833875	1	1	152	78	8	0	A
E2_BC50_191109_LF_LIB_consensus_vsearch	2203	C	Y	212	20	8.1%	2	2	93	93	6.218749809509289E-7	1	1	154	58	6	14	T
E2_BC50_191109_LF_LIB_consensus_vsearch	2204	A	W	227	7	2.93%	2	2	93	93	0.0074649578216797186	1	1	159	68	2	5	T
E2_BC50_191109_LF_LIB_consensus_vsearch	2205	A	R	226	8	3.24%	2	2	93	93	0.003675803526076434	1	1	159	67	3	5	G
E2_BC50_191109_LF_LIB_consensus_vsearch	2218	G	R	236	7	2.85%	2	1	93	93	0.007477721316805575	1	1	158	78	7	0	A
E2_BC50_191109_LF_LIB_consensus_vsearch	2230	T	K	232	7	2.9%	2	1	93	93	0.007472166294706969	1	1	152	80	7	0	G
E2_BC50_191109_LF_LIB_consensus_vsearch	2232	A	R	233	7	2.88%	2	2	93	93	0.007473572259320498	1	1	155	78	4	3	G
E2_BC50_191109_LF_LIB_consensus_vsearch	2256	G	R	235	8	3.27%	2	1	93	93	0.003684221776127662	1	1	155	80	8	0	A
E2_BC50_191109_LF_LIB_consensus_vsearch	2298	C	Y	215	11	4.45%	2	2	93	93	4.3108474750487954E-4	1	1	144	71	1	10	+A
E2_BC50_191109_LF_LIB_consensus_vsearch	2299	G	K	226	15	6.1%	2	1	93	93	2.4377685733588186E-5	1	1	145	81	15	0	T
E2_BC50_191109_LF_LIB_consensus_vsearch	2301	G	R	231	8	3.28%	2	1	93	93	0.0036805574954856175	1	1	149	82	8	0	A
E2_BC50_191109_LF_LIB_consensus_vsearch	2327	A	R	223	16	6.5%	2	1	93	93	1.177110704126969E-5	1	1	142	81	16	0	G
E2_BC50_191109_LF_LIB_consensus_vsearch	2334	T	Y	232	8	3.29%	2	2	93	93	0.0036814848550168837	1	1	155	77	7	1	C
E2_BC50_191109_LF_LIB_consensus_vsearch	2335	A	R	226	7	2.89%	2	1	93	93	0.007463479333376833	1	1	152	74	7	0	G
E2_BC50_191109_LF_LIB_consensus_vsearch	2341	A	R	120	120	49.38%	2	2	93	93	1.2881747650965436E-45	1	1	78	42	83	37	G
E2_BC50_191109_LF_LIB_consensus_vsearch	2343	C	Y	233	7	2.82%	2	2	93	93	0.007473572259320498	1	1	165	68	1	6	T
E2_BC50_191109_LF_LIB_consensus_vsearch	2370	G	R	220	10	4.29%	2	2	93	93	8.837219519630479E-4	1	1	149	71	7	3	A
E2_BC50_191109_LF_LIB_consensus_vsearch	2373	A	R	230	13	5.28%	2	2	93	93	1.0352856420599275E-4	1	1	150	80	12	1	G
E2_BC50_191109_LF_LIB_consensus_vsearch	2405	T	Y	234	7	2.87%	2	1	93	93	0.007474966656828971	1	1	162	72	0	7	C
E2_BC50_191109_LF_LIB_consensus_vsearch	2429	A	R	237	8	3.24%	2	2	93	93	0.003686009667588161	1	1	157	80	6	2	G
E2_BC50_191109_LF_LIB_consensus_vsearch	2439	G	R	175	57	23.95%	2	2	93	93	1.3641396981847244E-19	1	1	105	70	56	1	A
E2_BC50_191109_LF_LIB_consensus_vsearch	2440	G	R	221	20	8.16%	2	2	93	93	6.323165738404836E-7	1	1	144	77	19	1	A
E2_BC50_191109_LF_LIB_consensus_vsearch	2441	G	K	228	13	5.28%	2	1	93	93	1.0338331781904129E-4	1	1	150	78	13	0	T
E2_BC50_191109_LF_LIB_consensus_vsearch	2447	C	Y	234	8	3.23%	2	1	93	93	0.00368331690336814	1	1	161	73	0	8	T
E2_BC50_191109_LF_LIB_consensus_vsearch	2453	C	M	119	11	4.44%	2	2	93	93	3.9165705965978737E-4	1	1	112	7	2	9	-A
E2_BC50_191109_LF_LIB_consensus_vsearch	2457	G	R	227	7	2.87%	2	2	93	93	0.0074649578216797186	1	1	151	76	2	5	A
E2_BC50_191109_LF_LIB_consensus_vsearch	2461	G	R	214	23	9.43%	2	1	93	93	6.805355377722059E-8	1	1	135	79	23	0	A
E2_BC50_191109_LF_LIB_consensus_vsearch	2462	G	K	234	8	3.27%	2	1	93	93	0.00368331690336814	1	1	156	78	8	0	T
E2_BC50_191109_LF_LIB_consensus_vsearch	2515	T	Y	234	8	3.24%	2	2	93	93	0.00368331690336814	1	1	162	72	1	7	C
E2_BC50_191109_LF_LIB_consensus_vsearch	2522	A	R	217	7	2.82%	2	2	93	93	0.007449584424390529	1	1	139	78	6	1	-CA
E2_BC50_191109_LF_LIB_consensus_vsearch	2529	G	R	226	10	4.12%	2	1	93	93	8.86015765791995E-4	1	1	145	81	10	0	A
E2_BC50_191109_LF_LIB_consensus_vsearch	2530	C	Y	228	10	4.1%	2	2	93	93	8.867554066061573E-4	1	1	150	78	9	1	T
E2_BC50_191109_LF_LIB_consensus_vsearch	2555	G	R	228	9	3.73%	2	1	93	93	0.001807763167971536	1	1	147	81	9	0	A
E2_BC50_191109_LF_LIB_consensus_vsearch	2564	G	R	228	17	6.85%	2	2	93	93	5.724343647226439E-6	1	1	150	78	15	2	A
E2_BC50_191109_LF_LIB_consensus_vsearch	2566	G	R	42	62	25%	2	2	93	93	3.572213013086597E-25	1	1	40	2	32	30	+A
E2_BC50_191109_LF_LIB_consensus_vsearch	2567	T	W	204	38	15.32%	2	2	93	93	7.520941723176385E-13	1	1	127	77	37	1	A
E2_BC50_191109_LF_LIB_consensus_vsearch	2568	T	C	44	201	81.05%	2	2	93	93	1.9713076496733753E-94	1	1	36	8	128	73	C
E2_BC50_191109_LF_LIB_consensus_vsearch	2579	A	R	236	7	2.82%	2	2	93	93	0.007477721316805575	1	1	155	81	6	1	G
E2_BC50_191109_LF_LIB_consensus_vsearch	2581	T	Y	239	7	2.85%	2	2	93	93	0.0074817700326852326	1	1	161	78	3	4	C
E2_BC50_191109_LF_LIB_consensus_vsearch	2584	T	Y	232	8	3.23%	2	1	93	93	0.0036814848550168837	1	1	153	79	8	0	C
E2_BC50_191109_LF_LIB_consensus_vsearch	2586	A	R	236	8	3.23%	2	2	93	93	0.0036851193347710583	1	1	156	80	7	1	G
E2_BC50_191109_LF_LIB_consensus_vsearch	2594	T	Y	234	8	3.28%	2	2	93	93	0.00368331690336814	1	1	157	77	5	3	C
E2_BC50_191109_LF_LIB_consensus_vsearch	2629	C	Y	230	13	5.24%	2	2	93	93	1.0352856420599275E-4	1	1	161	69	3	10	T
E2_BC50_191109_LF_LIB_consensus_vsearch	2638	G	R	218	8	3.36%	2	2	93	93	0.003667766201363899	1	1	144	74	6	2	A
E2_BC50_191109_LF_LIB_consensus_vsearch	2639	C	Y	215	7	2.9%	2	1	93	93	0.007446345105805389	1	1	141	74	7	0	T
E2_BC50_191109_LF_LIB_consensus_vsearch	2640	G	R	213	12	5.02%	2	1	93	93	2.1002241192895544E-4	1	1	137	76	12	0	A
E2_BC50_191109_LF_LIB_consensus_vsearch	2640	G	K	213	10	4.18%	2	2	93	93	8.808946039600796E-4	1	1	137	76	8	2	A
E2_BC50_191109_LF_LIB_consensus_vsearch	2649	A	R	119	116	48.13%	2	2	93	93	5.729398346760202E-44	1	1	81	38	75	41	G
E2_BC50_191109_LF_LIB_consensus_vsearch	2664	G	R	51	58	24.58%	1	1	93	93	9.258345963493684E-23	1	1	51	0	58	0	+A
E2_BC50_191109_LF_LIB_consensus_vsearch	2665	G	R	195	41	16.73%	2	1	93	93	6.780238199827569E-14	1	1	114	81	41	0	A
E2_BC50_191109_LF_LIB_consensus_vsearch	2666	G	R	220	26	10.53%	2	1	93	93	7.421753399767936E-9	1	1	138	82	26	0	A
E2_BC50_191109_LF_LIB_consensus_vsearch	2672	C	Y	220	24	9.72%	2	1	93	93	3.289409884224125E-8	1	1	164	56	0	24	T
E2_BC50_191109_LF_LIB_consensus_vsearch	2693	C	Y	233	9	3.63%	2	1	93	93	0.0018107062087977532	1	1	161	72	0	9	T
E2_BC50_191109_LF_LIB_consensus_vsearch	2698	G	R	116	115	47.72%	2	2	93	93	1.0820991006354399E-43	1	1	80	36	74	41	A
E2_BC50_191109_LF_LIB_consensus_vsearch	2714	G	R	224	12	5.06%	2	2	93	93	2.1153854171006224E-4	1	1	155	69	9	3	A
E2_BC50_191109_LF_LIB_consensus_vsearch	2730	T	W	214	22	8.94%	2	2	93	93	1.4274647865468626E-7	1	1	139	75	18	4	A
E2_BC50_191109_LF_LIB_consensus_vsearch	2735	C	Y	219	7	2.83%	2	2	93	93	0.007452766938834958	1	1	156	63	3	4	+T
E2_BC50_191109_LF_LIB_consensus_vsearch	2737	A	R	234	7	2.89%	2	1	93	93	0.007474966656828971	1	1	154	80	7	0	G
E2_BC50_191109_LF_LIB_consensus_vsearch	2756	G	R	207	8	3.67%	2	1	93	93	0.003655753662936563	1	1	153	54	8	0	A
E2_BC50_191109_LF_LIB_consensus_vsearch	2761	G	R	168	16	8.42%	2	2	93	93	1.0854949494039784E-5	1	1	120	48	12	4	A
E2_BC50_191109_LF_LIB_consensus_vsearch	2762	G	R	207	7	3.12%	2	2	93	93	0.007432788253078562	1	1	152	55	3	4	A
E2_BC50_191109_LF_LIB_consensus_vsearch	2763	G	R	206	19	7.85%	2	2	93	93	1.2831285144228921E-6	1	1	133	73	17	2	A
E2_BC50_191109_LF_LIB_consensus_vsearch	2764	G	R	228	11	4.45%	2	2	93	93	4.340825732543977E-4	1	1	148	80	10	1	A
E2_BC50_191109_LF_LIB_consensus_vsearch	2770	G	R	199	14	5.93%	2	1	93	93	4.8950273206615416E-5	1	1	138	61	14	0	-C
E2_BC50_191109_LF_LIB_consensus_vsearch	2777	C	Y	226	8	3.28%	2	1	93	93	0.003675803526076434	1	1	156	70	0	8	T
E2_BC50_191109_LF_LIB_consensus_vsearch	2780	C	Y	215	7	2.83%	2	1	93	93	0.007446345105805389	1	1	153	62	0	7	-A
E2_BC50_191109_LF_LIB_consensus_vsearch	2782	A	R	228	11	4.44%	2	1	93	93	4.340825732543977E-4	1	1	152	76	11	0	G
E2_BC50_191109_LF_LIB_consensus_vsearch	2783	T	Y	224	8	3.28%	2	1	93	93	0.003673845400689721	1	1	153	71	0	8	C
E2_BC50_191109_LF_LIB_consensus_vsearch	2803	A	W	226	9	3.73%	2	2	93	93	0.0018065516263558758	1	1	149	77	7	2	T
E2_BC50_191109_LF_LIB_consensus_vsearch	2838	G	R	227	10	4.07%	2	1	93	93	8.863871017160644E-4	1	1	148	79	10	0	A
E2_BC50_191109_LF_LIB_consensus_vsearch	2845	C	Y	221	11	4.44%	2	2	93	93	4.3250849347899065E-4	1	1	159	62	1	10	T
E2_BC50_191109_LF_LIB_consensus_vsearch	2857	A	R	236	7	2.86%	2	1	93	93	0.007477721316805575	1	1	154	82	7	0	G
E2_BC50_191109_LF_LIB_consensus_vsearch	2860	A	R	227	14	5.76%	2	1	93	93	5.025884107193111E-5	1	1	146	81	14	0	G
E2_BC50_191109_LF_LIB_consensus_vsearch	2863	T	Y	224	8	3.45%	2	2	93	93	0.003673845400689721	1	1	152	72	2	6	C
E2_BC50_191109_LF_LIB_consensus_vsearch	2869	C	Y	232	9	3.63%	2	2	93	93	0.0018101271688386934	1	1	158	74	3	6	T
E2_BC50_191109_LF_LIB_consensus_vsearch	2885	A	R	231	13	5.26%	2	1	93	93	1.0360034592464177E-4	1	1	151	80	13	0	G
E2_BC50_191109_LF_LIB_consensus_vsearch	2888	T	K	114	104	47.49%	2	2	93	93	3.798159437422218E-39	1	1	79	35	71	33	G
E2_BC50_191109_LF_LIB_consensus_vsearch	2913	G	S	221	9	3.72%	2	1	93	93	0.001803432580702911	1	1	142	79	9	0	C
E2_BC50_191109_LF_LIB_consensus_vsearch	2915	A	R	220	7	2.9%	2	1	93	93	0.007454337359329176	1	1	139	81	7	0	G
E2_BC50_191109_LF_LIB_consensus_vsearch	2925	A	R	229	12	4.94%	2	1	93	93	2.1218410207391174E-4	1	1	148	81	12	0	G
E2_BC50_191109_LF_LIB_consensus_vsearch	2936	G	R	225	11	4.56%	2	1	93	93	4.334189676817625E-4	1	1	145	80	11	0	A
E2_BC50_191109_LF_LIB_consensus_vsearch	2940	C	Y	217	8	3.38%	2	2	93	93	0.0036667219549938834	1	1	141	76	7	1	T
E2_BC50_191109_LF_LIB_consensus_vsearch	2944	T	W	218	12	5.13%	2	1	93	93	2.1072864956982534E-4	1	1	141	77	12	0	A
E2_BC50_191109_LF_LIB_consensus_vsearch	2984	A	R	162	15	6.12%	2	1	93	93	2.2397093300874712E-5	1	1	118	44	15	0	G
E2_BC50_191109_LF_LIB_consensus_vsearch	2987	C	Y	221	14	5.86%	2	2	93	93	5.0002770675582806E-5	1	1	142	79	13	1	T
E2_BC50_191109_LF_LIB_consensus_vsearch	2988	C	Y	200	10	4.07%	2	2	93	93	8.751600144021374E-4	1	1	128	72	4	6	+T
E2_BC50_191109_LF_LIB_consensus_vsearch	2995	G	R	232	8	3.24%	2	1	93	93	0.0036814848550168837	1	1	152	80	8	0	A
E2_BC50_191109_LF_LIB_consensus_vsearch	2996	T	Y	229	12	4.94%	2	1	93	93	2.1218410207391174E-4	1	1	161	68	0	12	C
E2_BC50_191109_LF_LIB_consensus_vsearch	3001	A	R	220	7	2.85%	2	1	93	93	0.007454337359329176	1	1	150	70	7	0	-G
E2_BC50_191109_LF_LIB_consensus_vsearch	3005	T	Y	237	8	3.23%	2	2	93	93	0.003686009667588161	1	1	164	73	2	6	C
E2_BC50_191109_LF_LIB_consensus_vsearch	3006	A	R	233	8	3.25%	2	2	93	93	0.0036824046267336483	1	1	156	77	7	1	G
E2_BC50_191109_LF_LIB_consensus_vsearch	3011	G	R	232	10	4.05%	2	1	93	93	8.881990455798616E-4	1	1	152	80	10	0	A
E2_BC50_191109_LF_LIB_consensus_vsearch	3019	C	Y	228	10	4.03%	2	2	93	93	8.867554066061573E-4	1	1	160	68	1	9	T
E2_BC50_191109_LF_LIB_consensus_vsearch	3030	C	S	212	19	7.95%	2	1	93	93	1.2969734963085345E-6	1	1	135	77	19	0	G
E2_BC50_191109_LF_LIB_consensus_vsearch	3034	G	R	225	15	6.1%	2	1	93	93	2.4354161852738932E-5	1	1	144	81	15	0	A
E2_BC50_191109_LF_LIB_consensus_vsearch	3047	T	Y	233	7	2.83%	2	2	93	93	0.007473572259320498	1	1	159	74	1	6	C
E2_BC50_191109_LF_LIB_consensus_vsearch	3067	A	R	230	12	4.84%	2	2	93	93	2.1231016338203528E-4	1	1	157	73	6	6	G
E2_BC50_191109_LF_LIB_consensus_vsearch	3073	G	R	199	21	8.5%	2	1	93	93	2.8898665118248697E-7	1	1	118	81	21	0	+A
E2_BC50_191109_LF_LIB_consensus_vsearch	3074	G	R	219	27	10.89%	2	2	93	93	3.5038320771469937E-9	1	1	138	81	26	1	A
E2_BC50_191109_LF_LIB_consensus_vsearch	3088	A	R	235	10	4.05%	2	2	93	93	8.892517004154109E-4	1	1	155	80	9	1	G
E2_BC50_191109_LF_LIB_consensus_vsearch	3096	C	M	233	7	2.85%	2	1	93	93	0.007473572259320498	1	1	154	79	7	0	A
E2_BC50_191109_LF_LIB_consensus_vsearch	3097	T	Y	230	7	2.9%	2	1	93	93	0.0074693190837354945	1	1	158	72	0	7	C
E2_BC50_191109_LF_LIB_consensus_vsearch	3106	A	R	222	7	3.02%	2	2	93	93	0.007457437428309682	1	1	144	78	5	2	G
E2_BC50_191109_LF_LIB_consensus_vsearch	3109	A	R	227	7	2.87%	2	1	93	93	0.0074649578216797186	1	1	152	75	7	0	-T
E2_BC50_191109_LF_LIB_consensus_vsearch	3110	T	K	223	12	5.06%	2	1	93	93	2.114062925508352E-4	1	1	150	73	12	0	G
E2_BC50_191109_LF_LIB_consensus_vsearch	3112	A	R	221	15	6.28%	2	2	93	93	2.4258244372323037E-5	1	1	148	73	14	1	G
E2_BC50_191109_LF_LIB_consensus_vsearch	3131	C	Y	222	13	5.44%	2	2	93	93	1.0293363152588527E-4	1	1	148	74	8	5	T
E2_BC50_191109_LF_LIB_consensus_vsearch	3143	A	R	207	8	3.59%	2	1	93	93	0.003655753662936563	1	1	127	80	8	0	G
E2_BC50_191109_LF_LIB_consensus_vsearch	3146	A	W	222	10	4.24%	2	1	93	93	8.844993515297029E-4	1	1	143	79	10	0	T
E2_BC50_191109_LF_LIB_consensus_vsearch	3147	A	R	231	12	4.9%	2	2	93	93	2.124352356435401E-4	1	1	151	80	11	1	G
E2_BC50_191109_LF_LIB_consensus_vsearch	3157	C	Y	233	7	2.83%	2	1	93	93	0.007473572259320498	1	1	161	72	0	7	T
E2_BC50_191109_LF_LIB_consensus_vsearch	3176	A	W	171	7	3.43%	2	1	93	93	0.007356879467164792	1	1	100	71	7	0	-CA
E2_BC50_191109_LF_LIB_consensus_vsearch	3177	C	S	174	7	3.02%	2	1	93	93	0.007364345131566664	1	1	102	72	7	0	+T
E2_BC50_191109_LF_LIB_consensus_vsearch	3177	C	Y	174	35	15.09%	2	1	93	93	6.155057147631404E-12	1	1	102	72	35	0	T
E2_BC50_191109_LF_LIB_consensus_vsearch	3178	A	R	178	41	17.3%	2	1	93	93	5.758538122984108E-14	1	1	112	66	41	0	G
E2_BC50_191109_LF_LIB_consensus_vsearch	3186	C	S	236	9	3.64%	2	1	93	93	0.0018124155419458562	1	1	156	80	9	0	G
E2_BC50_191109_LF_LIB_consensus_vsearch	3187	C	Y	219	13	5.24%	2	2	93	93	1.0270059462456098E-4	1	1	158	61	1	12	T
E2_BC50_191109_LF_LIB_consensus_vsearch	3189	A	R	235	7	2.82%	2	2	93	93	0.007476349629382664	1	1	160	75	3	4	G
E2_BC50_191109_LF_LIB_consensus_vsearch	3198	G	R	238	7	2.83%	2	1	93	93	0.007480431384223459	1	1	157	81	7	0	A
E2_BC50_191109_LF_LIB_consensus_vsearch	3209	A	R	204	10	4.27%	2	1	93	93	8.769963348909129E-4	1	1	128	76	10	0	-C
E2_BC50_191109_LF_LIB_consensus_vsearch	3210	C	S	214	11	4.82%	2	1	93	93	4.308403683968055E-4	1	1	139	75	11	0	G
E2_BC50_191109_LF_LIB_consensus_vsearch	3225	A	R	234	7	2.85%	2	2	93	93	0.007474966656828971	1	1	157	77	6	1	G
E2_BC50_191109_LF_LIB_consensus_vsearch	3229	T	Y	218	8	3.42%	2	2	93	93	0.003667766201363899	1	1	151	67	3	5	C
E2_BC50_191109_LF_LIB_consensus_vsearch	3230	A	R	212	19	8.09%	2	2	93	93	1.2969734963085345E-6	1	1	135	77	18	1	G
E2_BC50_191109_LF_LIB_consensus_vsearch	3239	G	R	229	11	4.51%	2	2	93	93	4.343002259471887E-4	1	1	154	75	10	1	A
E2_BC50_191109_LF_LIB_consensus_vsearch	3275	A	R	203	8	3.67%	2	2	93	93	0.0036510799339400076	1	1	126	77	7	1	G
E2_BC50_191109_LF_LIB_consensus_vsearch	3276	T	K	212	21	8.97%	2	1	93	93	2.9756383497132715E-7	1	1	134	78	21	0	G
E2_BC50_191109_LF_LIB_consensus_vsearch	3300	A	R	213	22	9.05%	2	1	93	93	1.4242007987645437E-7	1	1	134	79	22	0	G
E2_BC50_191109_LF_LIB_consensus_vsearch	3309	A	R	237	11	4.44%	2	2	93	93	4.359805386517798E-4	1	1	156	81	10	1	G
E2_BC50_191109_LF_LIB_consensus_vsearch	3313	C	Y	216	9	3.67%	2	2	93	93	0.0018001779733764346	1	1	144	72	2	7	T
E2_BC50_191109_LF_LIB_consensus_vsearch	3314	G	R	200	14	5.83%	2	1	93	93	4.9002433333818565E-5	1	1	121	79	14	0	A
E2_BC50_191109_LF_LIB_consensus_vsearch	3316	A	R	223	7	2.89%	2	1	93	93	0.007458967428082863	1	1	143	80	7	0	G
E2_BC50_191109_LF_LIB_consensus_vsearch	3323	G	R	226	8	3.24%	2	2	93	93	0.003675803526076434	1	1	146	80	7	1	+A
E2_BC50_191109_LF_LIB_consensus_vsearch	3329	G	R	221	15	6.3%	2	2	93	93	2.4258244372323037E-5	1	1	147	74	14	1	A
E2_BC50_191109_LF_LIB_consensus_vsearch	3372	T	W	221	9	3.67%	2	2	93	93	0.001803432580702911	1	1	147	74	8	1	A
E2_BC50_191109_LF_LIB_consensus_vsearch	3372	T	Y	221	11	4.49%	2	2	93	93	4.3250849347899065E-4	1	1	147	74	7	4	C
E2_BC50_191109_LF_LIB_consensus_vsearch	3373	G	S	228	10	4.07%	2	2	93	93	8.867554066061573E-4	1	1	151	77	8	2	C
E2_BC50_191109_LF_LIB_consensus_vsearch	3377	G	R	201	15	6.3%	2	1	93	93	2.373037043728608E-5	1	1	122	79	15	0	-C
E2_BC50_191109_LF_LIB_consensus_vsearch	3382	A	R	233	9	3.67%	2	2	93	93	0.0018107062087977532	1	1	152	81	8	1	G
E2_BC50_191109_LF_LIB_consensus_vsearch	3393	A	R	223	10	4.24%	2	2	93	93	8.848831932848452E-4	1	1	145	78	8	2	G
E2_BC50_191109_LF_LIB_consensus_vsearch	3396	T	Y	234	8	3.27%	2	2	93	93	0.00368331690336814	1	1	160	74	2	6	C
E2_BC50_191109_LF_LIB_consensus_vsearch	3404	A	R	231	8	3.24%	2	1	93	93	0.0036805574954856175	1	1	155	76	8	0	G
E2_BC50_191109_LF_LIB_consensus_vsearch	3406	A	R	223	8	3.28%	2	2	93	93	0.0036728538094896964	1	1	145	78	7	1	G
E2_BC50_191109_LF_LIB_consensus_vsearch	3409	C	Y	202	36	14.52%	2	1	93	93	3.476338724419238E-12	1	1	160	42	0	36	T
E2_BC50_191109_LF_LIB_consensus_vsearch	3411	A	R	203	7	3.32%	2	2	93	93	0.007425626339083171	1	1	125	78	6	1	G
E2_BC50_191109_LF_LIB_consensus_vsearch	3415	T	Y	237	7	2.82%	2	2	93	93	0.007479081856645369	1	1	163	74	3	4	C
E2_BC50_191109_LF_LIB_consensus_vsearch	3449	A	R	238	7	2.82%	2	1	93	93	0.007480431384223459	1	1	157	81	7	0	G
E2_BC50_191109_LF_LIB_consensus_vsearch	3450	A	R	237	7	2.82%	2	1	93	93	0.007479081856645369	1	1	157	80	7	0	G
E2_BC50_191109_LF_LIB_consensus_vsearch	3458	C	Y	236	8	3.23%	2	2	93	93	0.0036851193347710583	1	1	159	77	5	3	T
E2_BC50_191109_LF_LIB_consensus_vsearch	3518	T	Y	216	11	4.55%	2	2	93	93	4.313270586514381E-4	1	1	146	70	3	8	-A
E2_BC50_191109_LF_LIB_consensus_vsearch	3525	G	R	234	10	4.08%	2	2	93	93	8.889036112835749E-4	1	1	156	78	8	2	A
E2_BC50_191109_LF_LIB_consensus_vsearch	3528	C	Y	230	14	5.67%	2	2	93	93	5.038248401810262E-5	1	1	162	68	2	12	T
E2_BC50_191109_LF_LIB_consensus_vsearch	3595	G	R	226	7	2.88%	2	2	93	93	0.007463479333376833	1	1	149	77	6	1	A
E2_BC50_191109_LF_LIB_consensus_vsearch	3607	C	Y	230	11	4.44%	2	2	93	93	4.345161394643416E-4	1	1	164	66	1	10	T
E2_BC50_191109_LF_LIB_consensus_vsearch	3609	T	W	237	7	2.82%	2	1	93	93	0.007479081856645369	1	1	164	73	0	7	A
E2_BC50_191109_LF_LIB_consensus_vsearch	3611	T	Y	240	7	2.82%	2	1	93	93	0.007483097933064014	1	1	165	75	0	7	C
E2_BC50_191109_LF_LIB_consensus_vsearch	3625	G	R	227	12	4.88%	2	1	93	93	2.1192896510056628E-4	1	1	148	79	12	0	A
E2_BC50_191109_LF_LIB_consensus_vsearch	3644	G	K	15	24	9.68%	2	2	93	93	3.179749027110888E-10	1	1	14	1	22	2	+T
E2_BC50_191109_LF_LIB_consensus_vsearch	3646	G	K	215	27	10.98%	2	1	93	93	3.4578614725272816E-9	1	1	134	81	27	0	T
E2_BC50_191109_LF_LIB_consensus_vsearch	3669	A	R	224	10	4.24%	2	2	93	93	8.852638500565801E-4	1	1	158	66	6	4	G
E2_BC50_191109_LF_LIB_consensus_vsearch	3671	T	Y	231	10	4.12%	2	1	93	93	8.878425014170833E-4	1	1	163	68	0	10	C
E2_BC50_191109_LF_LIB_consensus_vsearch	3684	A	R	230	7	2.88%	2	2	93	93	0.0074693190837354945	1	1	155	75	3	4	G
E2_BC50_191109_LF_LIB_consensus_vsearch	3693	C	Y	59	15	19.74%	2	2	93	93	1.3877172991413745E-5	1	1	45	14	4	11	T
E2_BC50_191109_LF_LIB_consensus_vsearch	3694	C	Y	185	9	4.62%	2	2	93	93	0.0017763509872760243	1	1	131	54	2	7	T
E2_BC50_191109_LF_LIB_consensus_vsearch	3705	A	M	214	19	8.02%	2	1	93	93	1.3014549880997745E-6	1	1	133	81	19	0	C
E2_BC50_191109_LF_LIB_consensus_vsearch	3725	G	R	219	13	5.53%	2	1	93	93	1.0270059462456098E-4	1	1	150	69	13	0	A
E2_BC50_191109_LF_LIB_consensus_vsearch	3739	G	R	225	17	7%	2	1	93	93	5.7032680908834166E-6	1	1	145	80	17	0	A
E2_BC50_191109_LF_LIB_consensus_vsearch	3746	A	W	229	8	3.28%	2	2	93	93	0.0036786796343901236	1	1	159	70	2	6	T
E2_BC50_191109_LF_LIB_consensus_vsearch	3765	G	R	235	9	3.69%	2	2	93	93	0.0018118503395958998	1	1	157	78	7	2	A
E2_BC50_191109_LF_LIB_consensus_vsearch	3767	C	Y	237	9	3.64%	2	2	93	93	0.0018129762417955753	1	1	164	73	1	8	T
E2_BC50_191109_LF_LIB_consensus_vsearch	3775	A	R	232	9	3.72%	2	2	93	93	0.0018101271688386934	1	1	153	79	8	1	G
E2_BC50_191109_LF_LIB_consensus_vsearch	3777	T	Y	229	11	4.58%	2	2	93	93	4.343002259471887E-4	1	1	159	70	1	10	C
E2_BC50_191109_LF_LIB_consensus_vsearch	3786	T	Y	232	7	2.89%	2	2	93	93	0.007472166294706969	1	1	153	79	6	1	C
E2_BC50_191109_LF_LIB_consensus_vsearch	3790	A	R	222	19	7.66%	2	1	93	93	1.3187503319271603E-6	1	1	141	81	19	0	G
E2_BC50_191109_LF_LIB_consensus_vsearch	3792	G	R	227	10	4.12%	2	1	93	93	8.863871017160644E-4	1	1	148	79	10	0	A
E2_BC50_191109_LF_LIB_consensus_vsearch	3798	T	Y	219	10	4.24%	2	2	93	93	8.833283118953115E-4	1	1	146	73	6	4	C
E2_BC50_191109_LF_LIB_consensus_vsearch	3803	G	R	234	7	2.88%	2	2	93	93	0.007474966656828971	1	1	155	79	6	1	A
E2_BC50_191109_LF_LIB_consensus_vsearch	3815	C	M	238	7	2.82%	2	1	93	93	0.007480431384223459	1	1	159	79	7	0	A
E2_BC50_191109_LF_LIB_consensus_vsearch	3835	A	R	225	13	5.28%	2	2	93	93	1.0316114131630932E-4	1	1	148	77	12	1	G
E2_BC50_191109_LF_LIB_consensus_vsearch	3841	G	K	239	7	2.82%	2	1	93	93	0.0074817700326852326	1	1	157	82	7	0	T
E2_BC50_191109_LF_LIB_consensus_vsearch	3845	C	Y	217	10	4.07%	2	1	93	93	8.825309402840407E-4	1	1	155	62	0	10	+T
E2_BC50_191109_LF_LIB_consensus_vsearch	3846	C	Y	213	11	4.45%	2	2	93	93	4.305938947768699E-4	1	1	156	57	1	10	T
E2_BC50_191109_LF_LIB_consensus_vsearch	3848	T	Y	226	7	2.94%	2	2	93	93	0.007463479333376833	1	1	155	71	2	5	C
E2_BC50_191109_LF_LIB_consensus_vsearch	3865	G	R	204	26	11.11%	2	1	93	93	7.0499754694689025E-9	1	1	125	79	26	0	A
E2_BC50_191109_LF_LIB_consensus_vsearch	3867	A	R	127	113	46.5%	2	2	93	93	2.4214879140821412E-42	1	1	53	74	112	1	G
E2_BC50_191109_LF_LIB_consensus_vsearch	3886	A	R	235	7	2.87%	2	2	93	93	0.007476349629382664	1	1	155	80	6	1	G
E2_BC50_191109_LF_LIB_consensus_vsearch	3887	A	R	192	51	20.56%	2	2	93	93	2.3612211970071325E-17	1	1	115	77	48	3	G
E2_BC50_191109_LF_LIB_consensus_vsearch	3889	G	R	211	27	11.07%	2	1	93	93	3.4108874247697865E-9	1	1	134	77	27	0	A
E2_BC50_191109_LF_LIB_consensus_vsearch	3908	G	R	232	9	3.64%	2	1	93	93	0.0018101271688386934	1	1	152	80	9	0	A
E2_BC50_191109_LF_LIB_consensus_vsearch	3910	A	R	227	13	5.31%	2	1	93	93	1.033098399812127E-4	1	1	147	80	13	0	G
E2_BC50_191109_LF_LIB_consensus_vsearch	3923	C	Y	233	10	4.03%	2	2	93	93	8.885527375126605E-4	1	1	156	77	6	4	T
E2_BC50_191109_LF_LIB_consensus_vsearch	3924	C	Y	206	25	10.08%	2	2	93	93	1.500696212906936E-8	1	1	146	60	15	10	T
E2_BC50_191109_LF_LIB_consensus_vsearch	3927	G	R	192	10	4.37%	2	1	93	93	8.712766047726398E-4	1	1	112	80	10	0	A
E2_BC50_191109_LF_LIB_consensus_vsearch	3929	C	M	142	91	38.4%	2	2	93	93	6.65500960999355E-33	1	1	83	59	69	22	A
E2_BC50_191109_LF_LIB_consensus_vsearch	3930	C	M	217	27	10.93%	2	2	93	93	3.480970439200084E-9	1	1	139	78	25	2	A
E2_BC50_191109_LF_LIB_consensus_vsearch	3931	C	M	228	12	4.84%	2	1	93	93	2.1205703996137238E-4	1	1	153	75	12	0	A
E2_BC50_191109_LF_LIB_consensus_vsearch	3931	C	Y	228	7	2.82%	2	2	93	93	0.007466423838535645	1	1	153	75	1	6	A
E2_BC50_191109_LF_LIB_consensus_vsearch	3936	T	Y	235	7	2.86%	2	2	93	93	0.007476349629382664	1	1	158	77	3	4	C
E2_BC50_191109_LF_LIB_consensus_vsearch	3938	A	R	231	11	4.45%	2	1	93	93	4.3473033454469255E-4	1	1	151	80	11	0	G
E2_BC50_191109_LF_LIB_consensus_vsearch	3942	T	K	235	9	3.66%	2	1	93	93	0.0018118503395958998	1	1	156	79	9	0	G
E2_BC50_191109_LF_LIB_consensus_vsearch	3944	A	R	232	8	3.29%	2	2	93	93	0.0036814848550168837	1	1	155	77	6	2	G
E2_BC50_191109_LF_LIB_consensus_vsearch	3946	A	R	228	16	6.45%	2	2	93	93	1.1835957900629796E-5	1	1	149	79	14	2	G
E2_BC50_191109_LF_LIB_consensus_vsearch	3952	G	R	221	10	4.03%	2	1	93	93	8.841122846835742E-4	1	1	156	65	0	10	A
E2_BC50_191109_LF_LIB_consensus_vsearch	3953	T	W	215	10	4.18%	2	1	93	93	8.817198236951184E-4	1	1	151	64	0	10	A
E2_BC50_191109_LF_LIB_consensus_vsearch	3954	G	R	205	9	3.85%	2	1	93	93	0.0017924949478988227	1	1	134	71	9	0	-C
E2_BC50_191109_LF_LIB_consensus_vsearch	3956	C	Y	213	15	6.12%	2	2	93	93	2.4057212275525828E-5	1	1	152	61	7	8	T
E2_BC50_191109_LF_LIB_consensus_vsearch	3958	A	R	207	23	9.27%	2	1	93	93	6.68426042656907E-8	1	1	138	69	23	0	G
E2_BC50_191109_LF_LIB_consensus_vsearch	3960	C	Y	238	7	2.83%	2	2	93	93	0.007480431384223459	1	1	162	76	2	5	T
E2_BC50_191109_LF_LIB_consensus_vsearch	3962	A	R	224	14	5.69%	2	1	93	93	5.0132304095312896E-5	1	1	146	78	14	0	G
E2_BC50_191109_LF_LIB_consensus_vsearch	3966	A	R	240	7	2.83%	2	1	93	93	0.007483097933064014	1	1	159	81	7	0	G
E2_BC50_191109_LF_LIB_consensus_vsearch	3976	C	Y	238	8	3.23%	2	1	93	93	0.0036868928614731586	1	1	164	74	0	8	T
E2_BC50_191109_LF_LIB_consensus_vsearch	4011	A	R	222	15	6.22%	2	1	93	93	2.42825012305824E-5	1	1	144	78	15	0	G
E2_BC50_191109_LF_LIB_consensus_vsearch	4022	A	R	219	17	6.88%	2	1	93	93	5.659698267602612E-6	1	1	149	70	17	0	G
E2_BC50_191109_LF_LIB_consensus_vsearch	4050	A	R	230	7	2.94%	2	2	93	93	0.0074693190837354945	1	1	155	75	6	1	G
E2_BC50_191109_LF_LIB_consensus_vsearch	4060	G	R	213	8	3.54%	2	2	93	93	0.0036624519192641563	1	1	143	70	7	1	A
E2_BC50_191109_LF_LIB_consensus_vsearch	4062	C	Y	218	8	3.28%	2	2	93	93	0.003667766201363899	1	1	156	62	1	7	-T
E2_BC50_191109_LF_LIB_consensus_vsearch	4068	G	R	230	12	4.9%	2	1	93	93	2.1231016338203528E-4	1	1	152	78	12	0	A
E2_BC50_191109_LF_LIB_consensus_vsearch	4069	G	K	231	9	3.64%	2	1	93	93	0.0018095434033127298	1	1	151	80	9	0	T
E2_BC50_191109_LF_LIB_consensus_vsearch	4070	T	Y	225	19	7.76%	2	2	93	93	1.3249875312819313E-6	1	1	161	64	1	18	C
E2_BC50_191109_LF_LIB_consensus_vsearch	4087	A	R	235	8	3.24%	2	2	93	93	0.003684221776127662	1	1	154	81	7	1	G
E2_BC50_191109_LF_LIB_consensus_vsearch	4106	G	R	239	8	3.23%	2	2	93	93	0.0036877690019176544	1	1	158	81	7	1	A
E2_BC50_191109_LF_LIB_consensus_vsearch	4110	A	R	234	7	2.86%	2	1	93	93	0.007474966656828971	1	1	153	81	7	0	G
E2_BC50_191109_LF_LIB_consensus_vsearch	4112	G	R	214	23	9.54%	2	1	93	93	6.805355377722059E-8	1	1	134	80	23	0	A
E2_BC50_191109_LF_LIB_consensus_vsearch	4113	G	R	229	10	4.08%	2	1	93	93	8.87120717393791E-4	1	1	153	76	10	0	A
E2_BC50_191109_LF_LIB_consensus_vsearch	4116	G	R	216	8	3.45%	2	1	93	93	0.003665668526289429	1	1	151	65	8	0	A
E2_BC50_191109_LF_LIB_consensus_vsearch	4121	C	Y	210	29	11.79%	2	2	93	93	7.54399629587639E-10	1	1	158	52	2	27	T
E2_BC50_191109_LF_LIB_consensus_vsearch	4124	C	Y	216	9	3.67%	2	2	93	93	0.0018001779733764346	1	1	147	69	4	5	-A
E2_BC50_191109_LF_LIB_consensus_vsearch	4129	G	R	197	29	12.55%	2	1	93	93	7.136208771491052E-10	1	1	126	71	29	0	A
E2_BC50_191109_LF_LIB_consensus_vsearch	4130	G	R	237	7	2.85%	2	1	93	93	0.007479081856645369	1	1	157	80	7	0	A
E2_BC50_191109_LF_LIB_consensus_vsearch	4139	G	R	222	9	3.73%	2	2	93	93	0.001804066959286255	1	1	146	76	8	1	A
E2_BC50_191109_LF_LIB_consensus_vsearch	4149	C	Y	235	10	4.05%	2	2	93	93	8.892517004154109E-4	1	1	163	72	1	9	T
E2_BC50_191109_LF_LIB_consensus_vsearch	4179	A	R	234	7	2.83%	2	1	93	93	0.007474966656828971	1	1	155	79	7	0	G
E2_BC50_191109_LF_LIB_consensus_vsearch	4186	C	Y	234	7	2.83%	2	2	93	93	0.007474966656828971	1	1	161	73	1	6	T
E2_BC50_191109_LF_LIB_consensus_vsearch	4192	T	Y	231	9	3.64%	2	2	93	93	0.0018095434033127298	1	1	155	76	7	2	C
E2_BC50_191109_LF_LIB_consensus_vsearch	4221	G	R	233	9	3.66%	2	1	93	93	0.0018107062087977532	1	1	154	79	9	0	A
E2_BC50_191109_LF_LIB_consensus_vsearch	4223	G	R	235	7	2.87%	2	2	93	93	0.007476349629382664	1	1	159	76	6	1	A
E2_BC50_191109_LF_LIB_consensus_vsearch	4234	C	S	214	16	6.75%	2	1	93	93	1.1648006806131963E-5	1	1	137	77	16	0	G
E2_BC50_191109_LF_LIB_consensus_vsearch	4238	A	R	229	9	3.73%	2	1	93	93	0.0018083614623809116	1	1	148	81	9	0	G
E2_BC50_191109_LF_LIB_consensus_vsearch	4271	G	R	236	7	2.88%	2	1	93	93	0.007477721316805575	1	1	158	78	7	0	A
E2_BC50_191109_LF_LIB_consensus_vsearch	4285	C	Y	196	7	3.4%	2	2	93	93	0.007412420836520295	1	1	127	69	1	6	T
E2_BC50_191109_LF_LIB_consensus_vsearch	4289	T	Y	229	11	4.45%	2	2	93	93	4.343002259471887E-4	1	1	158	71	1	10	C
E2_BC50_191109_LF_LIB_consensus_vsearch	4293	G	R	219	17	7.08%	2	2	93	93	5.659698267602612E-6	1	1	142	77	16	1	A
E2_BC50_191109_LF_LIB_consensus_vsearch	4298	C	S	205	8	3.69%	2	1	93	93	0.0036534383902297935	1	1	125	80	8	0	G
E2_BC50_191109_LF_LIB_consensus_vsearch	4310	C	Y	230	9	3.69%	2	2	93	93	0.0018089548541641684	1	1	160	70	1	8	T
E2_BC50_191109_LF_LIB_consensus_vsearch	4319	G	R	174	18	7.96%	2	1	93	93	2.512406240593967E-6	1	1	92	82	18	0	+A
E2_BC50_191109_LF_LIB_consensus_vsearch	4321	T	Y	223	16	6.56%	2	2	93	93	1.177110704126969E-5	1	1	145	78	15	1	C
E2_BC50_191109_LF_LIB_consensus_vsearch	4345	C	Y	229	7	2.87%	2	1	93	93	0.007467877541059236	1	1	160	69	0	7	T
E2_BC50_191109_LF_LIB_consensus_vsearch	4350	G	R	227	9	3.8%	2	1	93	93	0.0018071599099638493	1	1	155	72	9	0	A
E2_BC50_191109_LF_LIB_consensus_vsearch	4353	T	Y	226	9	3.66%	2	2	93	93	0.0018065516263558758	1	1	152	74	2	7	C
E2_BC50_191109_LF_LIB_consensus_vsearch	4360	C	Y	232	11	4.45%	2	2	93	93	4.349428315974289E-4	1	1	159	73	4	7	T
E2_BC50_191109_LF_LIB_consensus_vsearch	4377	T	W	195	20	8.51%	2	1	93	93	6.002214170441375E-7	1	1	124	71	20	0	A
E2_BC50_191109_LF_LIB_consensus_vsearch	4377	T	Y	195	9	3.83%	2	2	93	93	0.0017848089483517727	1	1	124	71	8	1	A
E2_BC50_191109_LF_LIB_consensus_vsearch	4378	T	Y	217	8	3.32%	2	1	93	93	0.0036667219549938834	1	1	152	65	8	0	-G
E2_BC50_191109_LF_LIB_consensus_vsearch	4432	C	Y	212	23	9.31%	2	1	93	93	6.771311833415616E-8	1	1	159	53	0	23	T
E2_BC50_191109_LF_LIB_consensus_vsearch	4436	A	R	199	11	4.56%	2	2	93	93	4.2690732409863933E-4	1	1	122	77	10	1	-C
E2_BC50_191109_LF_LIB_consensus_vsearch	4437	C	S	218	7	3%	2	1	93	93	0.007451182688346346	1	1	147	71	7	0	G
E2_BC50_191109_LF_LIB_consensus_vsearch	4438	C	Y	228	15	6.07%	2	2	93	93	2.4424201260992723E-5	1	1	160	68	3	12	T
E2_BC50_191109_LF_LIB_consensus_vsearch	4439	C	M	168	12	4.84%	2	2	93	93	2.0201205851976917E-4	1	1	157	11	5	7	-G
E2_BC50_191109_LF_LIB_consensus_vsearch	4439	C	Y	168	47	18.95%	2	2	93	93	4.211114663089133E-16	1	1	157	11	1	46	T
E2_BC50_191109_LF_LIB_consensus_vsearch	4440	G	R	211	10	4.35%	2	2	93	93	8.800549103686053E-4	1	1	153	58	9	1	A
E2_BC50_191109_LF_LIB_consensus_vsearch	4441	T	W	209	16	6.64%	2	1	93	93	1.1575814598307718E-5	1	1	156	53	0	16	A
E2_BC50_191109_LF_LIB_consensus_vsearch	4446	C	Y	229	14	5.65%	2	2	93	93	5.0341585131799904E-5	1	1	162	67	1	13	T
E2_BC50_191109_LF_LIB_consensus_vsearch	4451	G	R	217	26	10.57%	2	1	93	93	7.354588303207026E-9	1	1	137	80	26	0	A
E2_BC50_191109_LF_LIB_consensus_vsearch	4454	A	R	235	8	3.25%	2	2	93	93	0.003684221776127662	1	1	157	78	7	1	G
E2_BC50_191109_LF_LIB_consensus_vsearch	4467	A	R	236	8	3.27%	2	2	93	93	0.0036851193347710583	1	1	160	76	6	2	G
E2_BC50_191109_LF_LIB_consensus_vsearch	4469	C	Y	224	11	4.47%	2	2	93	93	4.3319414411093957E-4	1	1	160	64	1	10	T
E2_BC50_191109_LF_LIB_consensus_vsearch	4474	A	R	237	7	2.86%	2	2	93	93	0.007479081856645369	1	1	157	80	6	1	G
E2_BC50_191109_LF_LIB_consensus_vsearch	4481	A	R	197	19	7.95%	2	1	93	93	1.261162399210312E-6	1	1	134	63	19	0	G
E2_BC50_191109_LF_LIB_consensus_vsearch	4483	G	R	224	10	4.15%	2	1	93	93	8.852638500565801E-4	1	1	148	76	10	0	A
E2_BC50_191109_LF_LIB_consensus_vsearch	4484	G	R	227	14	5.71%	2	1	93	93	5.025884107193111E-5	1	1	146	81	14	0	A
E2_BC50_191109_LF_LIB_consensus_vsearch	4490	A	R	220	10	4.1%	2	1	93	93	8.837219519630479E-4	1	1	146	74	10	0	G
E2_BC50_191109_LF_LIB_consensus_vsearch	4501	G	R	232	11	4.47%	2	1	93	93	4.349428315974289E-4	1	1	152	80	11	0	A
E2_BC50_191109_LF_LIB_consensus_vsearch	4524	C	Y	228	11	4.45%	2	2	93	93	4.340825732543977E-4	1	1	159	69	2	9	T
E2_BC50_191109_LF_LIB_consensus_vsearch	4553	G	R	238	8	3.24%	2	1	93	93	0.0036868928614731586	1	1	158	80	8	0	A
E2_BC50_191109_LF_LIB_consensus_vsearch	4557	G	R	212	25	10.37%	2	1	93	93	1.5284637044949872E-8	1	1	134	78	25	0	A
E2_BC50_191109_LF_LIB_consensus_vsearch	4558	G	R	223	8	3.24%	2	1	93	93	0.0036728538094896964	1	1	142	81	8	0	+A
E2_BC50_191109_LF_LIB_consensus_vsearch	4560	T	Y	234	8	3.31%	2	1	93	93	0.00368331690336814	1	1	163	71	0	8	C
E2_BC50_191109_LF_LIB_consensus_vsearch	4567	C	Y	231	11	4.49%	2	2	93	93	4.3473033454469255E-4	1	1	156	75	4	7	T
E2_BC50_191109_LF_LIB_consensus_vsearch	4568	C	Y	232	8	3.23%	2	2	93	93	0.0036814848550168837	1	1	158	74	4	4	T
E2_BC50_191109_LF_LIB_consensus_vsearch	4569	G	R	212	22	9.09%	2	2	93	93	1.420915100612845E-7	1	1	139	73	21	1	A
E2_BC50_191109_LF_LIB_consensus_vsearch	4571	T	Y	233	9	3.67%	2	2	93	93	0.0018107062087977532	1	1	158	75	2	7	C
E2_BC50_191109_LF_LIB_consensus_vsearch	4572	T	Y	229	7	2.82%	2	2	93	93	0.007467877541059236	1	1	152	77	6	1	C
E2_BC50_191109_LF_LIB_consensus_vsearch	4573	G	R	230	11	4.55%	2	2	93	93	4.345161394643416E-4	1	1	153	77	10	1	A
E2_BC50_191109_LF_LIB_consensus_vsearch	4579	C	Y	220	18	7.38%	2	1	93	93	2.732136395770739E-6	1	1	163	57	0	18	T
E2_BC50_191109_LF_LIB_consensus_vsearch	4580	A	R	228	11	4.51%	2	1	93	93	4.340825732543977E-4	1	1	151	77	11	0	G
E2_BC50_191109_LF_LIB_consensus_vsearch	4584	T	Y	230	8	3.31%	2	2	93	93	0.0036796224538833875	1	1	159	71	1	7	C
E2_BC50_191109_LF_LIB_consensus_vsearch	4586	A	R	231	7	2.86%	2	1	93	93	0.007470748618496003	1	1	152	79	7	0	G
E2_BC50_191109_LF_LIB_consensus_vsearch	4589	A	R	229	9	3.66%	2	1	93	93	0.0018083614623809116	1	1	149	80	9	0	G
E2_BC50_191109_LF_LIB_consensus_vsearch	4609	G	R	229	7	2.95%	2	1	93	93	0.007467877541059236	1	1	155	74	7	0	A
E2_BC50_191109_LF_LIB_consensus_vsearch	4627	G	R	219	8	3.4%	2	2	93	93	0.0036688013849068284	1	1	142	77	7	1	A
E2_BC50_191109_LF_LIB_consensus_vsearch	4630	A	R	220	21	8.54%	2	1	93	93	3.0247178099243174E-7	1	1	142	78	21	0	G
E2_BC50_191109_LF_LIB_consensus_vsearch	4659	A	R	231	12	4.88%	2	1	93	93	2.124352356435401E-4	1	1	151	80	12	0	G
E2_BC50_191109_LF_LIB_consensus_vsearch	4677	T	Y	235	8	3.23%	2	2	93	93	0.003684221776127662	1	1	160	75	1	7	C
E2_BC50_191109_LF_LIB_consensus_vsearch	4682	G	R	225	19	7.72%	2	1	93	93	1.3249875312819313E-6	1	1	144	81	19	0	A
E2_BC50_191109_LF_LIB_consensus_vsearch	4706	G	S	232	8	3.25%	2	1	93	93	0.0036814848550168837	1	1	151	81	8	0	C
E2_BC50_191109_LF_LIB_consensus_vsearch	4710	T	Y	233	7	2.89%	2	1	93	93	0.007473572259320498	1	1	161	72	0	7	C
E2_BC50_191109_LF_LIB_consensus_vsearch	4724	G	R	232	12	4.9%	2	1	93	93	2.1255933043139825E-4	1	1	154	78	12	0	A
E2_BC50_191109_LF_LIB_consensus_vsearch	4729	T	Y	232	9	3.66%	2	1	93	93	0.0018101271688386934	1	1	150	82	9	0	C
E2_BC50_191109_LF_LIB_consensus_vsearch	4731	A	R	237	8	3.24%	2	2	93	93	0.003686009667588161	1	1	158	79	7	1	G
E2_BC50_191109_LF_LIB_consensus_vsearch	4756	T	Y	230	7	2.83%	2	2	93	93	0.0074693190837354945	1	1	159	71	4	3	-G
E2_BC50_191109_LF_LIB_consensus_vsearch	4757	G	R	223	14	5.86%	2	1	93	93	5.008946442185716E-5	1	1	150	73	14	0	A
E2_BC50_191109_LF_LIB_consensus_vsearch	4764	G	R	215	21	8.79%	2	1	93	93	2.994356366197985E-7	1	1	138	77	21	0	A
