Chrom	Position	Ref	Cons	Reads1	Reads2	VarFreq	Strands1	Strands2	Qual1	Qual2	Pvalue	MapQual1	MapQual2	Reads1Plus	Reads1Minus	Reads2Plus	Reads2Minus	VarAllele
E4_BC52_191109_LF_LIB_consensus_vsearch	1	A	A	212	0	0%	2	0	93	0	1.0	1	0	164	48	0	0	
E4_BC52_191109_LF_LIB_consensus_vsearch	2	T	T	219	0	0%	2	0	93	0	1.0	1	0	165	54	0	0	
E4_BC52_191109_LF_LIB_consensus_vsearch	3	G	*/-T	194	27	11.79%	2	2	93	93	3.1993715785060778E-9	1	1	131	63	26	1	-T
E4_BC52_191109_LF_LIB_consensus_vsearch	4	T	T	208	1	0.48%	2	1	93	93	0.5000000000001412	1	1	144	64	0	1	C
E4_BC52_191109_LF_LIB_consensus_vsearch	5	T	T	242	0	0%	2	0	93	0	1.0	1	0	173	69	0	0	
E4_BC52_191109_LF_LIB_consensus_vsearch	6	T	T	246	1	0.4%	2	1	93	93	0.5000000000003686	1	1	172	74	1	0	+C
E4_BC52_191109_LF_LIB_consensus_vsearch	7	T	T	245	3	1.19%	2	2	93	93	0.1242424242424468	1	1	167	78	2	1	-A
E4_BC52_191109_LF_LIB_consensus_vsearch	8	A	A	254	1	0.39%	2	1	93	93	0.4999999999999138	1	1	170	84	1	0	G
E4_BC52_191109_LF_LIB_consensus_vsearch	9	A	A	262	2	0.75%	2	2	93	93	0.24952561669824413	1	1	171	91	1	1	-T
E4_BC52_191109_LF_LIB_consensus_vsearch	10	T	T	264	1	0.38%	2	1	93	93	0.4999999999999138	1	1	171	93	1	0	G
E4_BC52_191109_LF_LIB_consensus_vsearch	11	T	*/+G	257	12	4.43%	2	1	93	93	2.1537451184080097E-4	1	1	160	97	12	0	+G
E4_BC52_191109_LF_LIB_consensus_vsearch	12	A	*/-G	256	13	4.78%	2	2	93	93	1.0523051243934297E-4	1	1	160	96	12	1	-G
E4_BC52_191109_LF_LIB_consensus_vsearch	13	G	G	256	3	1.16%	2	2	93	93	0.12427466150865948	1	1	160	96	1	2	-A
E4_BC52_191109_LF_LIB_consensus_vsearch	14	A	A	265	2	0.74%	2	1	93	93	0.2495309568482648	1	1	168	97	2	0	+C
E4_BC52_191109_LF_LIB_consensus_vsearch	15	C	C	263	3	1.1%	2	2	93	93	0.12429378531094196	1	1	168	95	2	1	+A
E4_BC52_191109_LF_LIB_consensus_vsearch	16	A	A	267	3	1.09%	2	2	93	93	0.12430426716151294	1	1	169	98	2	1	G
E4_BC52_191109_LF_LIB_consensus_vsearch	17	G	G	269	2	0.73%	2	1	93	93	0.24953789279111838	1	1	172	97	0	2	-T
E4_BC52_191109_LF_LIB_consensus_vsearch	18	T	*/+C	264	9	3.27%	2	1	93	93	0.001826590629994852	1	1	166	98	9	0	+C
E4_BC52_191109_LF_LIB_consensus_vsearch	19	C	C	266	4	1.44%	2	2	93	93	0.06180491495741971	1	1	167	99	2	2	-A
E4_BC52_191109_LF_LIB_consensus_vsearch	20	A	*/+G	259	9	3.3%	2	2	93	93	0.0018242725891630934	1	1	169	90	2	7	+G
E4_BC52_191109_LF_LIB_consensus_vsearch	21	G	G	271	4	1.45%	2	1	93	93	0.06181756426009212	1	1	169	102	4	0	-A
E4_BC52_191109_LF_LIB_consensus_vsearch	22	A	R	251	17	6.2%	2	2	93	93	5.871878244831277E-6	1	1	158	93	12	5	G
E4_BC52_191109_LF_LIB_consensus_vsearch	23	T	T	267	6	2.19%	2	1	93	93	0.015197328608558202	1	1	169	98	6	0	G
E4_BC52_191109_LF_LIB_consensus_vsearch	24	T	*/-C	205	56	20.29%	2	2	93	93	5.072674458622049E-19	1	1	143	62	27	29	-C
E4_BC52_191109_LF_LIB_consensus_vsearch	25	C	C	211	1	0.47%	2	1	93	93	0.5000000000001412	1	1	148	63	0	1	T
E4_BC52_191109_LF_LIB_consensus_vsearch	26	C	C	265	2	0.75%	2	1	93	93	0.2495309568482648	1	1	175	90	0	2	T
E4_BC52_191109_LF_LIB_consensus_vsearch	27	C	Y	263	10	3.6%	2	2	93	93	8.979886896061976E-4	1	1	174	89	2	8	T
E4_BC52_191109_LF_LIB_consensus_vsearch	28	C	*/-A	260	11	3.94%	2	2	93	93	4.402770692935837E-4	1	1	167	93	3	8	-A
E4_BC52_191109_LF_LIB_consensus_vsearch	29	A	A	266	1	0.37%	2	1	93	93	0.4999999999999138	1	1	172	94	1	0	G
E4_BC52_191109_LF_LIB_consensus_vsearch	30	A	W	268	8	2.88%	2	1	93	93	0.003710449152927439	1	1	174	94	0	8	T
E4_BC52_191109_LF_LIB_consensus_vsearch	31	G	G	271	3	1.08%	2	1	93	93	0.12431444241326345	1	1	170	101	3	0	T
E4_BC52_191109_LF_LIB_consensus_vsearch	32	T	*/-C	257	14	5.05%	2	1	93	93	5.137984883933094E-5	1	1	156	101	14	0	-C
E4_BC52_191109_LF_LIB_consensus_vsearch	33	C	C	261	1	0.38%	2	1	93	93	0.5000000000003686	1	1	160	101	1	0	+A
E4_BC52_191109_LF_LIB_consensus_vsearch	34	C	C	266	6	2.16%	2	1	93	93	0.015195762196627145	1	1	166	100	6	0	A
E4_BC52_191109_LF_LIB_consensus_vsearch	35	G	K	269	7	2.51%	2	1	93	93	0.007517452744777598	1	1	166	103	7	0	T
E4_BC52_191109_LF_LIB_consensus_vsearch	36	T	T	276	1	0.36%	2	1	93	93	0.5000000000003686	1	1	174	102	1	0	+A
E4_BC52_191109_LF_LIB_consensus_vsearch	37	G	R	255	16	5.78%	2	1	93	93	1.2148464057705646E-5	1	1	155	100	16	0	A
E4_BC52_191109_LF_LIB_consensus_vsearch	38	C	C	276	0	0%	2	0	93	0	1.0	1	0	175	101	0	0	
E4_BC52_191109_LF_LIB_consensus_vsearch	39	C	C	271	3	1.08%	2	1	93	93	0.12431444241326345	1	1	176	95	0	3	-A
E4_BC52_191109_LF_LIB_consensus_vsearch	40	A	A	272	1	0.36%	2	1	93	93	0.5000000000003686	1	1	176	96	0	1	+CA
E4_BC52_191109_LF_LIB_consensus_vsearch	41	G	G	273	2	0.72%	2	1	93	93	0.2495446265938613	1	1	174	99	0	2	+C
E4_BC52_191109_LF_LIB_consensus_vsearch	42	T	T	273	2	0.72%	2	1	93	93	0.2495446265938613	1	1	176	97	0	2	C
E4_BC52_191109_LF_LIB_consensus_vsearch	43	T	T	265	6	2.17%	2	2	93	93	0.015194184268635263	1	1	170	95	1	5	C
E4_BC52_191109_LF_LIB_consensus_vsearch	44	C	*/+T	269	7	2.52%	2	1	93	93	0.007517452744777598	1	1	173	96	0	7	+T
E4_BC52_191109_LF_LIB_consensus_vsearch	45	T	*/+G	237	32	11.47%	2	2	93	93	8.739260898418815E-11	1	1	151	86	17	15	+G
E4_BC52_191109_LF_LIB_consensus_vsearch	46	G	G	269	3	1.08%	2	1	93	93	0.12430939226523824	1	1	166	103	3	0	-A
E4_BC52_191109_LF_LIB_consensus_vsearch	47	A	A	265	4	1.45%	2	1	93	93	0.06180232861697055	1	1	163	102	4	0	+G
E4_BC52_191109_LF_LIB_consensus_vsearch	48	G	G	271	2	0.72%	2	1	93	93	0.24954128440383208	1	1	169	102	2	0	+A
E4_BC52_191109_LF_LIB_consensus_vsearch	49	T	Y	267	9	3.26%	2	2	93	93	0.0018279418621040778	1	1	172	95	2	7	C
E4_BC52_191109_LF_LIB_consensus_vsearch	50	T	T	266	3	1.08%	2	2	93	93	0.1243016759777629	1	1	170	96	1	2	-G
E4_BC52_191109_LF_LIB_consensus_vsearch	51	G	R	265	8	2.92%	2	1	93	93	0.0037083236186299423	1	1	165	100	8	0	A
E4_BC52_191109_LF_LIB_consensus_vsearch	52	G	G	272	3	1.08%	2	2	93	93	0.12431693989066941	1	1	170	102	2	1	A
E4_BC52_191109_LF_LIB_consensus_vsearch	53	C	Y	256	16	5.78%	2	2	93	93	1.2158951336767385E-5	1	1	170	86	1	15	T
E4_BC52_191109_LF_LIB_consensus_vsearch	54	T	T	268	4	1.45%	2	2	93	93	0.061810030534865154	1	1	170	98	2	2	C
E4_BC52_191109_LF_LIB_consensus_vsearch	55	G	G	272	4	1.43%	2	2	93	93	0.06182003907461255	1	1	171	101	3	1	A
E4_BC52_191109_LF_LIB_consensus_vsearch	56	C	*/+G	268	7	2.51%	2	1	93	93	0.007516387806114139	1	1	167	101	7	0	+G
E4_BC52_191109_LF_LIB_consensus_vsearch	57	A	*/-G	263	7	2.53%	2	1	93	93	0.007510945692957774	1	1	167	96	7	0	-G
E4_BC52_191109_LF_LIB_consensus_vsearch	58	G	G	265	2	0.74%	2	1	93	93	0.2495309568482648	1	1	167	98	2	0	+A
E4_BC52_191109_LF_LIB_consensus_vsearch	59	A	A	272	1	0.36%	2	1	93	93	0.5000000000003686	1	1	173	99	1	0	+C
E4_BC52_191109_LF_LIB_consensus_vsearch	60	C	C	272	3	1.08%	2	1	93	93	0.12431693989066941	1	1	174	98	0	3	-A
E4_BC52_191109_LF_LIB_consensus_vsearch	61	A	A	273	1	0.36%	2	1	93	93	0.4999999999999138	1	1	175	98	0	1	+G
E4_BC52_191109_LF_LIB_consensus_vsearch	62	A	A	276	1	0.36%	2	1	93	93	0.5000000000003686	1	1	174	102	1	0	+CAA
E4_BC52_191109_LF_LIB_consensus_vsearch	63	T	T	272	5	1.8%	2	2	93	93	0.03068643892575303	1	1	173	99	1	4	C
E4_BC52_191109_LF_LIB_consensus_vsearch	64	G	G	271	4	1.43%	2	2	93	93	0.06181756426009212	1	1	169	102	2	2	+C
E4_BC52_191109_LF_LIB_consensus_vsearch	65	C	*/-TGC	263	7	2.5%	2	2	93	93	0.007510945692957774	1	1	164	99	6	1	-TGC
E4_BC52_191109_LF_LIB_consensus_vsearch	66	T	Y	253	11	4.06%	2	2	93	93	4.390460042919817E-4	1	1	164	89	2	9	C
E4_BC52_191109_LF_LIB_consensus_vsearch	67	G	G	260	3	1.11%	2	1	93	93	0.12428571428582305	1	1	161	99	3	0	-C
E4_BC52_191109_LF_LIB_consensus_vsearch	68	C	C	258	2	0.75%	2	2	93	93	0.24951830443137643	1	1	160	98	1	1	+TGC
E4_BC52_191109_LF_LIB_consensus_vsearch	69	C	Y	248	21	7.61%	2	2	93	93	3.177523126252125E-7	1	1	167	81	1	20	T
E4_BC52_191109_LF_LIB_consensus_vsearch	70	G	G	272	3	1.09%	2	1	93	93	0.12431693989066941	1	1	171	101	3	0	A
E4_BC52_191109_LF_LIB_consensus_vsearch	71	A	A	274	2	0.72%	2	1	93	93	0.2495462794919261	1	1	170	104	2	0	G
E4_BC52_191109_LF_LIB_consensus_vsearch	72	C	C	268	5	1.81%	2	1	93	93	0.030678189467263802	1	1	166	102	5	0	-GC
E4_BC52_191109_LF_LIB_consensus_vsearch	73	G	G	270	1	0.37%	2	1	93	93	0.4999999999999138	1	1	168	102	0	1	-CTG
E4_BC52_191109_LF_LIB_consensus_vsearch	74	C	C	260	4	1.47%	2	1	93	93	0.06178910273789233	1	1	161	99	4	0	+GC
E4_BC52_191109_LF_LIB_consensus_vsearch	75	T	T	262	6	2.17%	2	2	93	93	0.015189380104217696	1	1	166	96	4	2	-GG
E4_BC52_191109_LF_LIB_consensus_vsearch	76	G	R	255	7	2.63%	2	2	93	93	0.007501809679633719	1	1	161	94	5	2	A
E4_BC52_191109_LF_LIB_consensus_vsearch	77	G	R	252	7	2.57%	2	1	93	93	0.007498239332403135	1	1	150	102	7	0	A
E4_BC52_191109_LF_LIB_consensus_vsearch	78	G	*/-T	269	9	3.23%	2	2	93	93	0.0018288267693504104	1	1	169	100	5	4	-T
E4_BC52_191109_LF_LIB_consensus_vsearch	79	T	T	257	6	2.21%	2	2	93	93	0.015181130565948187	1	1	165	92	1	5	C
E4_BC52_191109_LF_LIB_consensus_vsearch	80	A	A	265	5	1.82%	2	1	93	93	0.030671842124359663	1	1	171	94	0	5	C
E4_BC52_191109_LF_LIB_consensus_vsearch	81	A	A	266	4	1.43%	2	1	93	93	0.06180491495741971	1	1	170	96	0	4	T
E4_BC52_191109_LF_LIB_consensus_vsearch	82	T	*/-A	252	12	4.33%	2	2	93	93	2.1485229997259312E-4	1	1	158	94	7	5	-A
E4_BC52_191109_LF_LIB_consensus_vsearch	83	A	*/-G	245	8	3.01%	2	1	93	93	0.003692882342347513	1	1	152	93	8	0	-G
E4_BC52_191109_LF_LIB_consensus_vsearch	84	G	*/-A	236	26	9.56%	2	1	93	93	7.761684752238925E-9	1	1	133	103	26	0	-A
E4_BC52_191109_LF_LIB_consensus_vsearch	85	A	*/-G	236	11	4.33%	2	2	93	93	4.3577623661818937E-4	1	1	134	102	10	1	-G
E4_BC52_191109_LF_LIB_consensus_vsearch	86	G	G	264	2	0.74%	2	2	93	93	0.24952919020719036	1	1	163	101	1	1	A
E4_BC52_191109_LF_LIB_consensus_vsearch	87	G	G	272	4	1.43%	2	1	93	93	0.06182003907461255	1	1	169	103	4	0	A
E4_BC52_191109_LF_LIB_consensus_vsearch	88	C	C	268	5	1.8%	2	2	93	93	0.030678189467263802	1	1	170	98	4	1	-A
E4_BC52_191109_LF_LIB_consensus_vsearch	89	A	R	260	7	2.55%	2	2	93	93	0.0075075833477063125	1	1	163	97	6	1	G
E4_BC52_191109_LF_LIB_consensus_vsearch	90	G	R	259	11	4%	2	1	93	93	4.40104982176298E-4	1	1	159	100	11	0	A
E4_BC52_191109_LF_LIB_consensus_vsearch	91	C	*/-A	255	7	2.55%	2	2	93	93	0.007501809679633719	1	1	160	95	4	3	-A
E4_BC52_191109_LF_LIB_consensus_vsearch	92	A	A	267	0	0%	2	0	93	0	1.0	1	0	169	98	0	0	
E4_BC52_191109_LF_LIB_consensus_vsearch	93	A	A	267	3	1.09%	2	1	93	93	0.12430426716151294	1	1	167	100	3	0	G
E4_BC52_191109_LF_LIB_consensus_vsearch	94	G	G	264	4	1.47%	2	1	93	93	0.06179972295775155	1	1	166	98	4	0	A
E4_BC52_191109_LF_LIB_consensus_vsearch	95	C	C	270	2	0.73%	2	1	93	93	0.2495395948434138	1	1	171	99	2	0	-ACA
E4_BC52_191109_LF_LIB_consensus_vsearch	96	A	A	265	4	1.45%	2	2	93	93	0.06180232861697055	1	1	166	99	2	2	-CA
E4_BC52_191109_LF_LIB_consensus_vsearch	97	C	C	271	2	0.73%	2	1	93	93	0.24954128440383208	1	1	169	102	2	0	T
E4_BC52_191109_LF_LIB_consensus_vsearch	98	A	A	264	5	1.82%	2	1	93	93	0.030669694912897477	1	1	162	102	5	0	G
E4_BC52_191109_LF_LIB_consensus_vsearch	99	G	G	278	2	0.71%	2	1	93	93	0.24955277280837324	1	1	174	104	2	0	A
E4_BC52_191109_LF_LIB_consensus_vsearch	100	C	C	273	2	0.71%	2	1	93	93	0.2495446265938613	1	1	170	103	2	0	+GC
E4_BC52_191109_LF_LIB_consensus_vsearch	101	A	*/-C	239	29	10.36%	2	2	93	93	8.36588879766186E-10	1	1	137	102	28	1	-C
E4_BC52_191109_LF_LIB_consensus_vsearch	102	C	C	239	6	2.4%	2	2	93	93	0.015148656024950557	1	1	144	95	1	5	+T
E4_BC52_191109_LF_LIB_consensus_vsearch	103	C	C	270	3	1.08%	2	1	93	93	0.12431192660547026	1	1	168	102	3	0	+A
E4_BC52_191109_LF_LIB_consensus_vsearch	104	C	Y	232	32	11.47%	2	1	93	93	8.568247476890813E-11	1	1	164	68	0	32	T
E4_BC52_191109_LF_LIB_consensus_vsearch	105	G	*/-C	250	11	4.03%	2	2	93	93	4.3849887966753017E-4	1	1	148	102	10	1	-C
E4_BC52_191109_LF_LIB_consensus_vsearch	106	C	C	258	2	0.76%	2	1	93	93	0.24951830443137643	1	1	158	100	0	2	+T
E4_BC52_191109_LF_LIB_consensus_vsearch	107	C	C	267	4	1.45%	2	1	93	93	0.061807482193030554	1	1	163	104	4	0	T
E4_BC52_191109_LF_LIB_consensus_vsearch	108	C	*/-GAA	226	19	6.79%	2	1	93	93	1.3270377047246745E-6	1	1	138	88	19	0	-GAA
E4_BC52_191109_LF_LIB_consensus_vsearch	109	G	*/-A	229	11	4.38%	2	2	93	93	4.343002259471887E-4	1	1	129	100	10	1	-A
E4_BC52_191109_LF_LIB_consensus_vsearch	110	A	A	236	2	0.83%	2	1	93	93	0.2494736842105955	1	1	136	100	2	0	C
E4_BC52_191109_LF_LIB_consensus_vsearch	111	A	A	253	3	1.17%	2	1	93	93	0.124266144814075	1	1	151	102	3	0	C
E4_BC52_191109_LF_LIB_consensus_vsearch	112	A	A	265	6	2.17%	2	2	93	93	0.015194184268635263	1	1	164	101	5	1	-G
E4_BC52_191109_LF_LIB_consensus_vsearch	113	G	G	266	4	1.47%	2	1	93	93	0.06180491495741971	1	1	164	102	4	0	A
E4_BC52_191109_LF_LIB_consensus_vsearch	114	C	C	271	3	1.08%	2	2	93	93	0.12431444241326345	1	1	169	102	2	1	-A
E4_BC52_191109_LF_LIB_consensus_vsearch	115	A	A	264	4	1.44%	2	1	93	93	0.06179972295775155	1	1	165	99	4	0	G
E4_BC52_191109_LF_LIB_consensus_vsearch	116	G	G	275	1	0.36%	2	1	93	93	0.5000000000003686	1	1	173	102	1	0	+A
E4_BC52_191109_LF_LIB_consensus_vsearch	117	G	*/-C	265	9	3.21%	2	1	93	93	0.0018270442691405997	1	1	162	103	9	0	-C
E4_BC52_191109_LF_LIB_consensus_vsearch	118	C	C	263	2	0.74%	2	2	93	93	0.24952741020799885	1	1	163	100	1	1	+T
E4_BC52_191109_LF_LIB_consensus_vsearch	119	C	C	272	4	1.43%	2	2	93	93	0.06182003907461255	1	1	174	98	1	3	T
E4_BC52_191109_LF_LIB_consensus_vsearch	120	G	R	264	11	3.93%	2	2	93	93	4.409533072146887E-4	1	1	165	99	8	3	A
E4_BC52_191109_LF_LIB_consensus_vsearch	121	C	C	268	6	2.16%	2	2	93	93	0.015198883630026071	1	1	173	95	1	5	T
E4_BC52_191109_LF_LIB_consensus_vsearch	122	G	G	272	2	0.72%	2	1	93	93	0.2495429616087481	1	1	175	97	0	2	+C
E4_BC52_191109_LF_LIB_consensus_vsearch	123	A	A	266	6	2.15%	2	1	93	93	0.015195762196627145	1	1	169	97	6	0	+C
E4_BC52_191109_LF_LIB_consensus_vsearch	124	C	*/+A	253	16	5.78%	2	1	93	93	1.2127276188955779E-5	1	1	156	97	16	0	+A
E4_BC52_191109_LF_LIB_consensus_vsearch	125	A	A	262	4	1.47%	2	1	93	93	0.06179445281046573	1	1	165	97	4	0	+G
E4_BC52_191109_LF_LIB_consensus_vsearch	126	A	A	270	2	0.72%	2	1	93	93	0.2495395948434138	1	1	172	98	2	0	+T
E4_BC52_191109_LF_LIB_consensus_vsearch	127	G	K	259	10	3.6%	2	1	93	93	8.968490941134896E-4	1	1	156	103	10	0	T
E4_BC52_191109_LF_LIB_consensus_vsearch	128	T	T	270	5	1.79%	2	2	93	93	0.030682344165700513	1	1	170	100	1	4	C
E4_BC52_191109_LF_LIB_consensus_vsearch	129	G	R	261	9	3.21%	2	1	93	93	0.0018252099194485903	1	1	158	103	9	0	A
E4_BC52_191109_LF_LIB_consensus_vsearch	130	C	C	273	1	0.36%	2	1	93	93	0.4999999999999138	1	1	170	103	1	0	+AC
E4_BC52_191109_LF_LIB_consensus_vsearch	131	C	C	267	6	2.14%	2	1	93	93	0.015197328608558202	1	1	171	96	0	6	T
E4_BC52_191109_LF_LIB_consensus_vsearch	132	G	G	275	4	1.42%	2	1	93	93	0.06182735698001327	1	1	173	102	4	0	A
E4_BC52_191109_LF_LIB_consensus_vsearch	133	T	T	272	4	1.42%	2	2	93	93	0.06182003907461255	1	1	174	98	1	3	C
E4_BC52_191109_LF_LIB_consensus_vsearch	134	C	C	275	2	0.72%	2	1	93	93	0.24954792043411347	1	1	175	100	0	2	+A
E4_BC52_191109_LF_LIB_consensus_vsearch	135	G	G	274	2	0.71%	2	1	93	93	0.2495462794919261	1	1	175	99	0	2	A
E4_BC52_191109_LF_LIB_consensus_vsearch	136	T	T	276	2	0.72%	2	2	93	93	0.24954954954932992	1	1	175	101	1	1	C
E4_BC52_191109_LF_LIB_consensus_vsearch	137	T	*/-C	220	46	16.43%	2	2	93	93	1.6878499318667029E-15	1	1	148	72	19	27	-C
E4_BC52_191109_LF_LIB_consensus_vsearch	138	C	C	228	1	0.43%	2	1	93	93	0.4999999999999138	1	1	153	75	1	0	+A
E4_BC52_191109_LF_LIB_consensus_vsearch	139	C	C	272	2	0.72%	2	2	93	93	0.2495429616087481	1	1	171	101	1	1	T
E4_BC52_191109_LF_LIB_consensus_vsearch	140	C	M	260	9	3.24%	2	1	93	93	0.0018247429645633383	1	1	166	94	9	0	A
E4_BC52_191109_LF_LIB_consensus_vsearch	141	C	Y	251	22	7.83%	2	2	93	93	1.534669851049238E-7	1	1	170	81	5	17	T
E4_BC52_191109_LF_LIB_consensus_vsearch	142	G	G	277	3	1.07%	2	1	93	93	0.12432915921300346	1	1	173	104	3	0	-A
E4_BC52_191109_LF_LIB_consensus_vsearch	143	A	A	274	2	0.72%	2	1	93	93	0.2495462794919261	1	1	170	104	2	0	G
E4_BC52_191109_LF_LIB_consensus_vsearch	144	T	T	273	6	2.14%	2	1	93	93	0.015206492151232055	1	1	169	104	6	0	+C
E4_BC52_191109_LF_LIB_consensus_vsearch	145	C	C	278	1	0.36%	2	1	93	93	0.4999999999999138	1	1	175	103	0	1	+GATC
E4_BC52_191109_LF_LIB_consensus_vsearch	146	A	A	269	5	1.79%	2	1	93	93	0.030680274390748198	1	1	168	101	5	0	G
E4_BC52_191109_LF_LIB_consensus_vsearch	147	G	G	271	3	1.08%	2	1	93	93	0.12431444241326345	1	1	169	102	3	0	A
E4_BC52_191109_LF_LIB_consensus_vsearch	148	C	C	273	3	1.07%	2	2	93	93	0.12431941923772909	1	1	171	102	1	2	T
E4_BC52_191109_LF_LIB_consensus_vsearch	149	A	R	251	18	6.45%	2	2	93	93	2.8429950533667114E-6	1	1	153	98	16	2	G
E4_BC52_191109_LF_LIB_consensus_vsearch	150	G	G	269	2	0.73%	2	1	93	93	0.24953789279111838	1	1	171	98	2	0	+A
E4_BC52_191109_LF_LIB_consensus_vsearch	151	G	G	275	1	0.36%	2	1	93	93	0.5000000000003686	1	1	175	100	0	1	+T
E4_BC52_191109_LF_LIB_consensus_vsearch	152	C	C	270	4	1.44%	2	1	93	93	0.06181507136518779	1	1	173	97	0	4	T
E4_BC52_191109_LF_LIB_consensus_vsearch	153	A	A	266	4	1.44%	2	2	93	93	0.06180491495741971	1	1	171	95	1	3	-T
E4_BC52_191109_LF_LIB_consensus_vsearch	154	T	T	271	3	1.09%	2	1	93	93	0.12431444241326345	1	1	172	99	3	0	C
E4_BC52_191109_LF_LIB_consensus_vsearch	155	T	*/+C	266	7	2.5%	2	2	93	93	0.0075142347009056415	1	1	167	99	6	1	+C
E4_BC52_191109_LF_LIB_consensus_vsearch	156	C	C	273	1	0.36%	2	1	93	93	0.4999999999999138	1	1	172	101	1	0	+A
E4_BC52_191109_LF_LIB_consensus_vsearch	157	A	A	274	4	1.43%	2	1	93	93	0.061824935242698754	1	1	172	102	4	0	G
E4_BC52_191109_LF_LIB_consensus_vsearch	158	G	*/-C	241	28	10%	2	2	93	93	1.7759518730733374E-9	1	1	165	76	9	19	-C
E4_BC52_191109_LF_LIB_consensus_vsearch	159	C	C	249	2	0.79%	2	2	93	93	0.24950099800389156	1	1	167	82	1	1	G
E4_BC52_191109_LF_LIB_consensus_vsearch	160	C	C	277	1	0.36%	2	1	93	93	0.4999999999999138	1	1	174	103	1	0	+A
E4_BC52_191109_LF_LIB_consensus_vsearch	161	C	C	273	3	1.07%	2	2	93	93	0.12431941923772909	1	1	172	101	2	1	-T
E4_BC52_191109_LF_LIB_consensus_vsearch	162	T	*/+C	262	7	2.54%	2	1	93	93	0.007509833180020558	1	1	161	101	7	0	+C
E4_BC52_191109_LF_LIB_consensus_vsearch	163	C	C	267	5	1.81%	2	1	93	93	0.030676089228361576	1	1	164	103	5	0	+A
E4_BC52_191109_LF_LIB_consensus_vsearch	164	A	*/-G	257	14	5.05%	2	1	93	93	5.137984883933094E-5	1	1	154	103	14	0	-G
E4_BC52_191109_LF_LIB_consensus_vsearch	165	G	G	259	5	1.88%	2	1	93	93	0.030658715098946722	1	1	157	102	5	0	-A
E4_BC52_191109_LF_LIB_consensus_vsearch	166	A	A	260	6	2.17%	2	1	93	93	0.01518611735985533	1	1	159	101	6	0	-G
E4_BC52_191109_LF_LIB_consensus_vsearch	167	G	R	245	12	4.4%	2	2	93	93	2.1408856657334662E-4	1	1	146	99	11	1	A
E4_BC52_191109_LF_LIB_consensus_vsearch	168	C	C	261	4	1.48%	2	1	93	93	0.06179178787806501	1	1	161	100	4	0	A
E4_BC52_191109_LF_LIB_consensus_vsearch	169	C	Y	263	9	3.2%	2	2	93	93	0.0018261337158000507	1	1	162	101	8	1	T
E4_BC52_191109_LF_LIB_consensus_vsearch	170	A	*/+C	220	20	7.25%	2	2	93	93	6.311884019848156E-7	1	1	144	76	6	14	+C
E4_BC52_191109_LF_LIB_consensus_vsearch	171	C	C	239	2	0.81%	2	1	93	93	0.2494802494800363	1	1	152	87	2	0	+G
E4_BC52_191109_LF_LIB_consensus_vsearch	172	C	C	261	3	1.11%	2	1	93	93	0.12428842504744599	1	1	164	97	3	0	G
E4_BC52_191109_LF_LIB_consensus_vsearch	173	C	C	275	2	0.71%	2	1	93	93	0.24954792043411347	1	1	173	102	0	2	T
E4_BC52_191109_LF_LIB_consensus_vsearch	174	C	*/-TT	256	11	3.9%	2	2	93	93	4.395812442207008E-4	1	1	163	93	8	3	-TT
E4_BC52_191109_LF_LIB_consensus_vsearch	175	T	T	259	2	0.76%	2	1	93	93	0.24952015355082954	1	1	164	95	2	0	+A
E4_BC52_191109_LF_LIB_consensus_vsearch	176	T	Y	257	10	3.69%	2	2	93	93	8.962668170105445E-4	1	1	165	92	1	9	C
E4_BC52_191109_LF_LIB_consensus_vsearch	177	A	A	278	1	0.36%	2	1	93	93	0.4999999999999138	1	1	176	102	0	1	+GT
E4_BC52_191109_LF_LIB_consensus_vsearch	178	T	*/-C	213	57	20.36%	2	2	93	93	2.5376717437258E-19	1	1	114	99	54	3	-C
E4_BC52_191109_LF_LIB_consensus_vsearch	179	C	C	218	0	0%	2	0	93	0	1.0	1	0	117	101	0	0	
E4_BC52_191109_LF_LIB_consensus_vsearch	180	C	C	270	4	1.45%	2	1	93	93	0.06181507136518779	1	1	170	100	0	4	+T
E4_BC52_191109_LF_LIB_consensus_vsearch	181	C	*/-T	269	7	2.48%	2	2	93	93	0.007517452744777598	1	1	171	98	3	4	-T
E4_BC52_191109_LF_LIB_consensus_vsearch	182	T	T	257	5	1.82%	2	1	93	93	0.03065420595045833	1	1	158	99	5	0	+G
E4_BC52_191109_LF_LIB_consensus_vsearch	183	A	R	256	9	3.2%	2	1	93	93	0.0018228405600327687	1	1	160	96	9	0	G
E4_BC52_191109_LF_LIB_consensus_vsearch	184	G	G	270	2	0.73%	2	1	93	93	0.2495395948434138	1	1	170	100	0	2	+TG
E4_BC52_191109_LF_LIB_consensus_vsearch	185	G	G	274	2	0.71%	2	1	93	93	0.2495462794919261	1	1	172	102	0	2	-TTA
E4_BC52_191109_LF_LIB_consensus_vsearch	186	T	T	279	0	0%	2	0	93	0	1.0	1	0	177	102	0	0	
E4_BC52_191109_LF_LIB_consensus_vsearch	187	T	T	272	6	2.14%	2	1	93	93	0.015204992260514073	1	1	171	101	6	0	-AC
E4_BC52_191109_LF_LIB_consensus_vsearch	188	A	R	257	7	2.56%	2	1	93	93	0.007504145184876668	1	1	158	99	7	0	G
E4_BC52_191109_LF_LIB_consensus_vsearch	189	C	C	259	4	1.46%	2	2	93	93	0.061786397159329126	1	1	165	94	1	3	+G
E4_BC52_191109_LF_LIB_consensus_vsearch	190	G	R	267	10	3.57%	2	2	93	93	8.990961781053044E-4	1	1	167	100	9	1	A
E4_BC52_191109_LF_LIB_consensus_vsearch	191	G	*/-A	261	18	6.41%	2	2	93	93	2.8741037386385374E-6	1	1	159	102	17	1	-A
E4_BC52_191109_LF_LIB_consensus_vsearch	192	A	A	255	5	1.9%	2	1	93	93	0.03064962750114854	1	1	154	101	5	0	-G
E4_BC52_191109_LF_LIB_consensus_vsearch	193	G	G	267	3	1.08%	2	2	93	93	0.12430426716151294	1	1	164	103	2	1	+C
E4_BC52_191109_LF_LIB_consensus_vsearch	194	C	C	272	3	1.08%	2	1	93	93	0.12431693989066941	1	1	170	102	3	0	-T
E4_BC52_191109_LF_LIB_consensus_vsearch	195	T	T	272	6	2.15%	2	1	93	93	0.015204992260514073	1	1	174	98	0	6	C
E4_BC52_191109_LF_LIB_consensus_vsearch	196	G	G	277	1	0.36%	2	1	93	93	0.4999999999999138	1	1	174	103	1	0	+A
E4_BC52_191109_LF_LIB_consensus_vsearch	197	A	A	274	2	0.72%	2	1	93	93	0.2495462794919261	1	1	170	104	2	0	G
E4_BC52_191109_LF_LIB_consensus_vsearch	198	C	*/-T	261	10	3.58%	2	2	93	93	8.974229918180157E-4	1	1	164	97	4	6	-T
E4_BC52_191109_LF_LIB_consensus_vsearch	199	T	T	258	4	1.5%	2	2	93	93	0.061783670907884385	1	1	165	93	2	2	C
E4_BC52_191109_LF_LIB_consensus_vsearch	200	T	T	266	2	0.72%	2	1	93	93	0.24953271028049737	1	1	169	97	0	2	+G
E4_BC52_191109_LF_LIB_consensus_vsearch	201	G	G	272	2	0.72%	2	1	93	93	0.2495429616087481	1	1	171	101	0	2	-CCG
E4_BC52_191109_LF_LIB_consensus_vsearch	202	C	C	270	2	0.72%	2	1	93	93	0.2495395948434138	1	1	172	98	2	0	A
E4_BC52_191109_LF_LIB_consensus_vsearch	203	C	Y	258	15	5.4%	2	2	93	93	2.5046258339043348E-5	1	1	171	87	1	14	T
E4_BC52_191109_LF_LIB_consensus_vsearch	204	G	G	274	0	0%	2	0	93	0	1.0	1	0	173	101	0	0	
E4_BC52_191109_LF_LIB_consensus_vsearch	205	A	A	269	5	1.79%	2	2	93	93	0.030680274390748198	1	1	166	103	4	1	G
E4_BC52_191109_LF_LIB_consensus_vsearch	206	C	C	263	6	2.16%	2	2	93	93	0.015190993352737225	1	1	163	100	2	4	-T
E4_BC52_191109_LF_LIB_consensus_vsearch	207	T	T	262	4	1.5%	2	1	93	93	0.06179445281046573	1	1	166	96	0	4	+C
E4_BC52_191109_LF_LIB_consensus_vsearch	208	T	*/+C	74	168	61.76%	2	2	93	93	1.4472624663638796E-71	1	1	38	36	120	48	+C
E4_BC52_191109_LF_LIB_consensus_vsearch	209	C	C	262	1	0.38%	2	1	93	93	0.5000000000003686	1	1	169	93	1	0	+G
E4_BC52_191109_LF_LIB_consensus_vsearch	210	C	*/+T	245	8	2.88%	2	2	93	93	0.003692882342347513	1	1	159	86	1	7	+T
E4_BC52_191109_LF_LIB_consensus_vsearch	211	T	Y	242	18	6.72%	2	2	93	93	2.813199565658418E-6	1	1	155	87	9	9	C
E4_BC52_191109_LF_LIB_consensus_vsearch	212	T	Y	257	15	5.43%	2	2	93	93	2.5027569093923864E-5	1	1	163	94	7	8	C
E4_BC52_191109_LF_LIB_consensus_vsearch	213	A	*/-C	238	19	6.88%	2	2	93	93	1.3505722090443434E-6	1	1	140	98	17	2	-C
E4_BC52_191109_LF_LIB_consensus_vsearch	214	C	*/+T	243	7	2.75%	2	1	93	93	0.007487018424394727	1	1	150	93	0	7	+T
E4_BC52_191109_LF_LIB_consensus_vsearch	215	C	C	269	2	0.73%	2	1	93	93	0.24953789279111838	1	1	168	101	2	0	T
E4_BC52_191109_LF_LIB_consensus_vsearch	216	C	C	269	5	1.81%	2	2	93	93	0.030680274390748198	1	1	169	100	2	3	T
E4_BC52_191109_LF_LIB_consensus_vsearch	217	A	*/-CA	261	10	3.62%	2	2	93	93	8.974229918180157E-4	1	1	162	99	6	4	-CA
E4_BC52_191109_LF_LIB_consensus_vsearch	218	C	C	264	1	0.37%	2	1	93	93	0.4999999999999138	1	1	165	99	1	0	+G
E4_BC52_191109_LF_LIB_consensus_vsearch	219	A	A	255	5	1.87%	2	1	93	93	0.03064962750114854	1	1	162	93	0	5	+CA
E4_BC52_191109_LF_LIB_consensus_vsearch	220	T	T	270	5	1.81%	2	1	93	93	0.030682344165700513	1	1	168	102	5	0	G
E4_BC52_191109_LF_LIB_consensus_vsearch	221	T	T	277	2	0.71%	2	2	93	93	0.24955116696580612	1	1	174	103	1	1	-A
E4_BC52_191109_LF_LIB_consensus_vsearch	222	A	A	275	3	1.07%	2	1	93	93	0.1243243243242452	1	1	174	101	3	0	G
E4_BC52_191109_LF_LIB_consensus_vsearch	223	G	G	277	2	0.71%	2	1	93	93	0.24955116696580612	1	1	177	100	0	2	-T
E4_BC52_191109_LF_LIB_consensus_vsearch	224	T	T	272	6	2.14%	2	2	93	93	0.015204992260514073	1	1	173	99	4	2	-C
E4_BC52_191109_LF_LIB_consensus_vsearch	225	C	C	274	1	0.36%	2	1	93	93	0.4999999999999138	1	1	173	101	0	1	T
E4_BC52_191109_LF_LIB_consensus_vsearch	226	C	C	270	3	1.07%	2	1	93	93	0.12431192660547026	1	1	171	99	3	0	+A
E4_BC52_191109_LF_LIB_consensus_vsearch	227	G	G	271	3	1.08%	2	1	93	93	0.12431444241326345	1	1	170	101	3	0	T
E4_BC52_191109_LF_LIB_consensus_vsearch	228	T	T	274	4	1.42%	2	2	93	93	0.061824935242698754	1	1	174	100	1	3	A
E4_BC52_191109_LF_LIB_consensus_vsearch	229	G	G	274	4	1.42%	2	1	93	93	0.061824935242698754	1	1	171	103	4	0	-A
E4_BC52_191109_LF_LIB_consensus_vsearch	230	A	A	270	3	1.08%	2	1	93	93	0.12431192660547026	1	1	168	102	3	0	G
E4_BC52_191109_LF_LIB_consensus_vsearch	231	G	G	278	1	0.36%	2	1	93	93	0.4999999999999138	1	1	176	102	1	0	+A
E4_BC52_191109_LF_LIB_consensus_vsearch	232	A	A	275	2	0.71%	2	1	93	93	0.24954792043411347	1	1	174	101	2	0	G
E4_BC52_191109_LF_LIB_consensus_vsearch	233	C	C	277	2	0.71%	2	1	93	93	0.24955116696580612	1	1	174	103	2	0	-T
E4_BC52_191109_LF_LIB_consensus_vsearch	234	T	*/-A	256	13	4.66%	2	1	93	93	1.0523051243934297E-4	1	1	156	100	13	0	-A
E4_BC52_191109_LF_LIB_consensus_vsearch	235	A	A	259	4	1.49%	2	2	93	93	0.061786397159329126	1	1	157	102	2	2	+G
E4_BC52_191109_LF_LIB_consensus_vsearch	236	G	*/-A	267	12	4.29%	2	1	93	93	2.1636505872716516E-4	1	1	163	104	12	0	-A
E4_BC52_191109_LF_LIB_consensus_vsearch	237	A	R	255	7	2.6%	2	1	93	93	0.007501809679633719	1	1	152	103	7	0	G
E4_BC52_191109_LF_LIB_consensus_vsearch	238	G	G	269	3	1.09%	2	1	93	93	0.12430939226523824	1	1	166	103	3	0	+AG
E4_BC52_191109_LF_LIB_consensus_vsearch	239	G	*/+T	266	10	3.55%	2	1	93	93	8.988222415871298E-4	1	1	165	101	10	0	+T
E4_BC52_191109_LF_LIB_consensus_vsearch	240	T	T	273	5	1.79%	2	2	93	93	0.03068846423273724	1	1	176	97	1	4	C
E4_BC52_191109_LF_LIB_consensus_vsearch	241	T	T	277	2	0.71%	2	2	93	93	0.24955116696580612	1	1	176	101	1	1	C
E4_BC52_191109_LF_LIB_consensus_vsearch	242	G	*/+C	264	11	3.94%	2	1	93	93	4.409533072146887E-4	1	1	175	89	0	11	+C
E4_BC52_191109_LF_LIB_consensus_vsearch	243	C	C	275	1	0.36%	2	1	93	93	0.5000000000003686	1	1	175	100	1	0	+TTTT
E4_BC52_191109_LF_LIB_consensus_vsearch	244	T	*/-C	267	12	4.29%	2	2	93	93	2.1636505872716516E-4	1	1	177	90	1	11	-C
E4_BC52_191109_LF_LIB_consensus_vsearch	245	C	C	260	4	1.48%	2	1	93	93	0.06178910273789233	1	1	171	89	4	0	-GC
E4_BC52_191109_LF_LIB_consensus_vsearch	246	G	*/+C	264	7	2.53%	2	1	93	93	0.007512050058182546	1	1	160	104	7	0	+C
E4_BC52_191109_LF_LIB_consensus_vsearch	247	C	C	269	3	1.09%	2	2	93	93	0.12430939226523824	1	1	169	100	1	2	T
E4_BC52_191109_LF_LIB_consensus_vsearch	248	C	C	268	4	1.42%	2	2	93	93	0.061810030534865154	1	1	170	98	1	3	+T
E4_BC52_191109_LF_LIB_consensus_vsearch	249	T	T	264	6	2.15%	2	1	93	93	0.015192594697130085	1	1	165	99	6	0	-A
E4_BC52_191109_LF_LIB_consensus_vsearch	250	A	*/-G	227	42	15.27%	2	2	93	93	4.006218975850338E-14	1	1	157	70	8	34	-G
E4_BC52_191109_LF_LIB_consensus_vsearch	251	G	G	229	5	2.1%	2	1	93	93	0.030582993714160966	1	1	159	70	5	0	+A
E4_BC52_191109_LF_LIB_consensus_vsearch	252	G	*/-A	270	8	2.86%	2	2	93	93	0.003711840998534883	1	1	167	103	7	1	-A
E4_BC52_191109_LF_LIB_consensus_vsearch	253	A	A	266	3	1.1%	2	2	93	93	0.1243016759777629	1	1	164	102	2	1	G
E4_BC52_191109_LF_LIB_consensus_vsearch	254	G	G	275	3	1.08%	2	1	93	93	0.1243243243242452	1	1	172	103	3	0	-A
E4_BC52_191109_LF_LIB_consensus_vsearch	255	A	A	271	3	1.08%	2	1	93	93	0.12431444241326345	1	1	168	103	3	0	G
E4_BC52_191109_LF_LIB_consensus_vsearch	256	C	C	276	2	0.71%	2	1	93	93	0.24954954954932992	1	1	176	100	0	2	+T
E4_BC52_191109_LF_LIB_consensus_vsearch	257	C	C	281	1	0.35%	2	1	93	93	0.4999999999999138	1	1	178	103	0	1	+A
E4_BC52_191109_LF_LIB_consensus_vsearch	258	T	T	274	3	1.06%	2	2	93	93	0.1243218806510022	1	1	176	98	1	2	C
E4_BC52_191109_LF_LIB_consensus_vsearch	259	G	G	279	1	0.36%	2	1	93	93	0.5000000000003686	1	1	175	104	1	0	+TAA
E4_BC52_191109_LF_LIB_consensus_vsearch	260	C	C	272	4	1.42%	2	2	93	93	0.06182003907461255	1	1	175	97	3	1	-TGC
E4_BC52_191109_LF_LIB_consensus_vsearch	261	T	T	273	2	0.72%	2	1	93	93	0.2495446265938613	1	1	173	100	0	2	+G
E4_BC52_191109_LF_LIB_consensus_vsearch	262	G	G	270	3	1.08%	2	1	93	93	0.12431192660547026	1	1	173	97	0	3	-CG
E4_BC52_191109_LF_LIB_consensus_vsearch	263	C	C	264	3	1.09%	2	1	93	93	0.1242964352720778	1	1	172	92	0	3	T
E4_BC52_191109_LF_LIB_consensus_vsearch	264	G	G	272	2	0.72%	2	1	93	93	0.2495429616087481	1	1	175	97	2	0	A
E4_BC52_191109_LF_LIB_consensus_vsearch	265	G	*/+T	261	10	3.55%	2	1	93	93	8.974229918180157E-4	1	1	158	103	10	0	+T
E4_BC52_191109_LF_LIB_consensus_vsearch	266	T	T	272	3	1.09%	2	1	93	93	0.12431693989066941	1	1	172	100	0	3	C
E4_BC52_191109_LF_LIB_consensus_vsearch	267	T	T	277	2	0.71%	2	1	93	93	0.24955116696580612	1	1	173	104	2	0	C
E4_BC52_191109_LF_LIB_consensus_vsearch	268	T	*/+A	262	9	3.19%	2	1	93	93	0.0018256734909882749	1	1	160	102	9	0	+A
E4_BC52_191109_LF_LIB_consensus_vsearch	269	A	*/-G	255	11	3.96%	2	2	93	93	4.3940412746515644E-4	1	1	160	95	10	1	-G
E4_BC52_191109_LF_LIB_consensus_vsearch	270	G	*/-A	237	16	5.93%	2	2	93	93	1.1946841269724289E-5	1	1	138	99	15	1	-A
E4_BC52_191109_LF_LIB_consensus_vsearch	271	A	A	259	3	1.14%	2	2	93	93	0.12428298279160237	1	1	159	100	2	1	-G
E4_BC52_191109_LF_LIB_consensus_vsearch	272	G	K	265	8	2.89%	2	1	93	93	0.0037083236186299423	1	1	165	100	8	0	T
E4_BC52_191109_LF_LIB_consensus_vsearch	273	T	T	263	5	1.79%	2	2	93	93	0.030667531693296068	1	1	169	94	1	4	C
E4_BC52_191109_LF_LIB_consensus_vsearch	274	A	R	258	13	4.71%	2	2	93	93	1.0534860479086726E-4	1	1	159	99	12	1	G
E4_BC52_191109_LF_LIB_consensus_vsearch	275	C	C	267	4	1.44%	2	2	93	93	0.061807482193030554	1	1	170	97	1	3	T
E4_BC52_191109_LF_LIB_consensus_vsearch	276	G	G	276	1	0.36%	2	1	93	93	0.5000000000003686	1	1	175	101	1	0	+TG
E4_BC52_191109_LF_LIB_consensus_vsearch	277	A	A	277	2	0.71%	2	1	93	93	0.24955116696580612	1	1	175	102	2	0	-C
E4_BC52_191109_LF_LIB_consensus_vsearch	278	C	C	271	4	1.43%	2	2	93	93	0.06181756426009212	1	1	170	101	2	2	-A
E4_BC52_191109_LF_LIB_consensus_vsearch	279	A	A	275	1	0.36%	2	1	93	93	0.5000000000003686	1	1	173	102	1	0	+T
E4_BC52_191109_LF_LIB_consensus_vsearch	280	A	A	273	3	1.07%	2	2	93	93	0.12431941923772909	1	1	170	103	2	1	G
E4_BC52_191109_LF_LIB_consensus_vsearch	281	C	C	269	4	1.43%	2	1	93	93	0.06181256019060895	1	1	167	102	4	0	+A
E4_BC52_191109_LF_LIB_consensus_vsearch	282	G	*/-A	256	18	6.47%	2	1	93	93	2.8588004514107823E-6	1	1	154	102	18	0	-A
E4_BC52_191109_LF_LIB_consensus_vsearch	283	A	A	255	1	0.38%	2	1	93	93	0.4999999999999138	1	1	154	101	1	0	+GA
E4_BC52_191109_LF_LIB_consensus_vsearch	284	A	A	271	3	1.08%	2	1	93	93	0.12431444241326345	1	1	168	103	3	0	-G
E4_BC52_191109_LF_LIB_consensus_vsearch	285	G	G	276	1	0.36%	2	1	93	93	0.5000000000003686	1	1	172	104	1	0	+AG
E4_BC52_191109_LF_LIB_consensus_vsearch	286	C	C	269	3	1.07%	2	2	93	93	0.12430939226523824	1	1	171	98	1	2	+T
E4_BC52_191109_LF_LIB_consensus_vsearch	287	A	A	262	4	1.43%	2	2	93	93	0.06179445281046573	1	1	166	96	2	2	G
E4_BC52_191109_LF_LIB_consensus_vsearch	288	C	*/-G	264	10	3.6%	2	2	93	93	8.982685182237654E-4	1	1	170	94	1	9	-G
E4_BC52_191109_LF_LIB_consensus_vsearch	289	G	R	256	10	3.72%	2	2	93	93	8.959724786606658E-4	1	1	163	93	9	1	A
E4_BC52_191109_LF_LIB_consensus_vsearch	290	G	G	279	1	0.36%	2	1	93	93	0.5000000000003686	1	1	177	102	1	0	A
E4_BC52_191109_LF_LIB_consensus_vsearch	291	G	G	275	4	1.42%	2	2	93	93	0.06182735698001327	1	1	173	102	2	2	-CG
E4_BC52_191109_LF_LIB_consensus_vsearch	292	C	C	274	1	0.36%	2	1	93	93	0.4999999999999138	1	1	174	100	1	0	+A
E4_BC52_191109_LF_LIB_consensus_vsearch	293	G	G	272	3	1.09%	2	1	93	93	0.12431693989066941	1	1	172	100	3	0	A
E4_BC52_191109_LF_LIB_consensus_vsearch	294	T	T	263	6	2.14%	2	2	93	93	0.015190993352737225	1	1	171	92	4	2	-A
E4_BC52_191109_LF_LIB_consensus_vsearch	295	A	R	267	7	2.55%	2	1	93	93	0.007515315152860378	1	1	166	101	7	0	G
E4_BC52_191109_LF_LIB_consensus_vsearch	296	G	G	271	3	1.07%	2	2	93	93	0.12431444241326345	1	1	172	99	1	2	-T
E4_BC52_191109_LF_LIB_consensus_vsearch	297	T	Y	267	7	2.52%	2	2	93	93	0.007515315152860378	1	1	173	94	1	6	C
E4_BC52_191109_LF_LIB_consensus_vsearch	298	T	*/-G	262	8	2.85%	2	2	93	93	0.0037061514394952193	1	1	165	97	6	2	-G
E4_BC52_191109_LF_LIB_consensus_vsearch	299	G	G	258	4	1.47%	2	1	93	93	0.061783670907884385	1	1	165	93	0	4	-T
E4_BC52_191109_LF_LIB_consensus_vsearch	300	T	T	258	6	2.17%	2	2	93	93	0.015182805374032816	1	1	172	86	1	5	A
E4_BC52_191109_LF_LIB_consensus_vsearch	301	G	G	272	3	1.08%	2	1	93	93	0.12431693989066941	1	1	175	97	0	3	C
E4_BC52_191109_LF_LIB_consensus_vsearch	302	A	A	278	1	0.36%	2	1	93	93	0.4999999999999138	1	1	175	103	0	1	+C
E4_BC52_191109_LF_LIB_consensus_vsearch	303	T	T	277	3	1.06%	2	2	93	93	0.12432915921300346	1	1	174	103	2	1	-C
E4_BC52_191109_LF_LIB_consensus_vsearch	304	C	C	267	3	1.08%	2	1	93	93	0.12430426716151294	1	1	166	101	3	0	+T
E4_BC52_191109_LF_LIB_consensus_vsearch	305	A	A	266	5	1.81%	2	2	93	93	0.030673973504714284	1	1	164	102	4	1	G
E4_BC52_191109_LF_LIB_consensus_vsearch	306	C	C	269	3	1.08%	2	1	93	93	0.12430939226523824	1	1	171	98	0	3	A
E4_BC52_191109_LF_LIB_consensus_vsearch	307	C	Y	254	13	4.61%	2	2	93	93	1.0511074343687666E-4	1	1	163	91	1	12	T
E4_BC52_191109_LF_LIB_consensus_vsearch	308	G	*/-A	251	16	5.8%	2	1	93	93	1.210579907894306E-5	1	1	148	103	16	0	-A
E4_BC52_191109_LF_LIB_consensus_vsearch	309	A	*/-G	248	12	4.53%	2	2	93	93	2.1442069742947192E-4	1	1	148	100	11	1	-G
E4_BC52_191109_LF_LIB_consensus_vsearch	310	G	G	262	4	1.49%	2	1	93	93	0.06179445281046573	1	1	163	99	4	0	A
E4_BC52_191109_LF_LIB_consensus_vsearch	311	G	*/-T	234	37	13.21%	2	2	93	93	1.946284740217188E-12	1	1	144	90	26	11	-T
E4_BC52_191109_LF_LIB_consensus_vsearch	312	T	T	233	4	1.67%	2	2	93	93	0.06170802978681481	1	1	147	86	1	3	C
E4_BC52_191109_LF_LIB_consensus_vsearch	313	T	T	271	4	1.45%	2	2	93	93	0.06181756426009212	1	1	173	98	1	3	C
E4_BC52_191109_LF_LIB_consensus_vsearch	314	T	T	278	1	0.36%	2	1	93	93	0.4999999999999138	1	1	175	103	1	0	-T
E4_BC52_191109_LF_LIB_consensus_vsearch	315	T	T	277	2	0.71%	2	1	93	93	0.24955116696580612	1	1	174	103	2	0	G
E4_BC52_191109_LF_LIB_consensus_vsearch	316	C	*/-A	248	25	8.87%	2	2	93	93	1.676195073082011E-8	1	1	148	100	23	2	-A
E4_BC52_191109_LF_LIB_consensus_vsearch	317	A	A	248	6	2.35%	2	2	93	93	0.015165466280175907	1	1	149	99	3	3	G
E4_BC52_191109_LF_LIB_consensus_vsearch	318	A	*/-G	261	9	3.21%	2	2	93	93	0.0018252099194485903	1	1	167	94	5	4	-G
E4_BC52_191109_LF_LIB_consensus_vsearch	319	G	G	261	3	1.12%	2	1	93	93	0.12428842504744599	1	1	164	97	3	0	+A
E4_BC52_191109_LF_LIB_consensus_vsearch	320	G	G	276	1	0.36%	2	1	93	93	0.5000000000003686	1	1	173	103	1	0	+A
E4_BC52_191109_LF_LIB_consensus_vsearch	321	G	G	272	5	1.79%	2	1	93	93	0.03068643892575303	1	1	169	103	5	0	+A
E4_BC52_191109_LF_LIB_consensus_vsearch	322	G	*/+C	30	189	67.5%	2	2	93	93	1.7363858107853514E-92	1	1	21	9	109	80	+C
E4_BC52_191109_LF_LIB_consensus_vsearch	323	G	G	280	1	0.36%	2	1	93	93	0.4999999999999138	1	1	176	104	1	0	C
E4_BC52_191109_LF_LIB_consensus_vsearch	324	C	*/+GC	256	17	6.05%	2	2	93	93	5.900995648755554E-6	1	1	162	94	10	7	+GC
E4_BC52_191109_LF_LIB_consensus_vsearch	325	A	A	271	3	1.08%	2	1	93	93	0.12431444241326345	1	1	170	101	3	0	G
E4_BC52_191109_LF_LIB_consensus_vsearch	326	C	C	270	4	1.43%	2	2	93	93	0.06181507136518779	1	1	168	102	3	1	T
E4_BC52_191109_LF_LIB_consensus_vsearch	327	C	C	269	5	1.79%	2	2	93	93	0.030680274390748198	1	1	168	101	2	3	T
E4_BC52_191109_LF_LIB_consensus_vsearch	328	A	*/-G	253	9	3.24%	2	1	93	93	0.0018213763549018416	1	1	154	99	9	0	-G
E4_BC52_191109_LF_LIB_consensus_vsearch	329	G	*/-A	243	14	5.3%	2	2	93	93	5.088712817288902E-5	1	1	144	99	13	1	-A
E4_BC52_191109_LF_LIB_consensus_vsearch	330	A	A	251	1	0.4%	2	1	93	93	0.5000000000003686	1	1	152	99	1	0	C
E4_BC52_191109_LF_LIB_consensus_vsearch	331	A	R	258	8	2.9%	2	1	93	93	0.003703179949352368	1	1	159	99	8	0	G
E4_BC52_191109_LF_LIB_consensus_vsearch	332	G	G	265	3	1.12%	2	2	93	93	0.12429906542060956	1	1	166	99	2	1	A
E4_BC52_191109_LF_LIB_consensus_vsearch	333	C	C	270	4	1.43%	2	1	93	93	0.06181507136518779	1	1	167	103	4	0	-A
E4_BC52_191109_LF_LIB_consensus_vsearch	334	A	A	264	2	0.73%	2	1	93	93	0.24952919020719036	1	1	163	101	2	0	+CC
E4_BC52_191109_LF_LIB_consensus_vsearch	335	C	C	256	6	2.16%	2	2	93	93	0.01517944302364848	1	1	155	101	4	2	-G
E4_BC52_191109_LF_LIB_consensus_vsearch	336	G	*/-A	259	9	3.27%	2	1	93	93	0.0018242725891630934	1	1	158	101	9	0	-A
E4_BC52_191109_LF_LIB_consensus_vsearch	337	A	A	257	5	1.83%	2	1	93	93	0.03065420595045833	1	1	158	99	5	0	-G
E4_BC52_191109_LF_LIB_consensus_vsearch	338	G	G	272	1	0.37%	2	1	93	93	0.5000000000003686	1	1	172	100	1	0	-A
E4_BC52_191109_LF_LIB_consensus_vsearch	339	A	A	268	4	1.44%	2	2	93	93	0.061810030534865154	1	1	171	97	3	1	G
E4_BC52_191109_LF_LIB_consensus_vsearch	340	C	*/-GC	256	17	6.07%	2	1	93	93	5.900995648755554E-6	1	1	156	100	17	0	-GC
E4_BC52_191109_LF_LIB_consensus_vsearch	341	G	G	259	2	0.76%	2	1	93	93	0.24952015355082954	1	1	156	103	2	0	A
E4_BC52_191109_LF_LIB_consensus_vsearch	342	C	C	253	5	1.9%	2	2	93	93	0.030644978141142375	1	1	156	97	2	3	T
E4_BC52_191109_LF_LIB_consensus_vsearch	343	A	A	262	6	2.14%	2	2	93	93	0.015189380104217696	1	1	164	98	4	2	G
E4_BC52_191109_LF_LIB_consensus_vsearch	344	C	C	265	3	1.09%	2	2	93	93	0.12429906542060956	1	1	168	97	1	2	-T
E4_BC52_191109_LF_LIB_consensus_vsearch	345	T	T	261	6	2.16%	2	1	93	93	0.015187754818318031	1	1	162	99	6	0	-A
E4_BC52_191109_LF_LIB_consensus_vsearch	346	A	*/-G	216	36	13.14%	2	2	93	93	3.7875427146731555E-12	1	1	156	60	6	30	-G
E4_BC52_191109_LF_LIB_consensus_vsearch	347	G	*/+A	222	8	3.39%	2	1	93	93	0.0036718537228742883	1	1	159	63	8	0	+A
E4_BC52_191109_LF_LIB_consensus_vsearch	348	G	*/+A	259	7	2.57%	2	1	93	93	0.007506445843275869	1	1	168	91	7	0	+A
E4_BC52_191109_LF_LIB_consensus_vsearch	349	G	G	267	3	1.08%	2	1	93	93	0.12430426716151294	1	1	169	98	3	0	A
E4_BC52_191109_LF_LIB_consensus_vsearch	350	C	C	261	4	1.44%	2	2	93	93	0.06179178787806501	1	1	176	85	1	3	-G
E4_BC52_191109_LF_LIB_consensus_vsearch	351	G	*/-C	256	8	2.95%	2	1	93	93	0.003701660868547635	1	1	174	82	0	8	-C
E4_BC52_191109_LF_LIB_consensus_vsearch	352	C	*/-T	246	8	3%	2	1	93	93	0.003693711391797067	1	1	175	71	0	8	-T
E4_BC52_191109_LF_LIB_consensus_vsearch	353	T	*/-CCT	195	27	10.04%	2	2	93	93	3.212371282433204E-9	1	1	156	39	1	26	-CCT
E4_BC52_191109_LF_LIB_consensus_vsearch	354	C	Y	208	10	4.46%	2	1	93	93	8.787673881990181E-4	1	1	172	36	0	10	T
E4_BC52_191109_LF_LIB_consensus_vsearch	355	C	Y	233	8	3.21%	2	1	93	93	0.0036824046267336483	1	1	173	60	0	8	T
E4_BC52_191109_LF_LIB_consensus_vsearch	356	T	T	249	1	0.4%	2	1	93	93	0.5000000000003686	1	1	172	77	1	0	+C
E4_BC52_191109_LF_LIB_consensus_vsearch	357	C	C	268	4	1.42%	2	1	93	93	0.061810030534865154	1	1	166	102	4	0	-A
E4_BC52_191109_LF_LIB_consensus_vsearch	358	A	A	265	5	1.82%	2	2	93	93	0.030671842124359663	1	1	163	102	4	1	G
E4_BC52_191109_LF_LIB_consensus_vsearch	359	C	C	270	2	0.73%	2	1	93	93	0.2495395948434138	1	1	168	102	2	0	G
E4_BC52_191109_LF_LIB_consensus_vsearch	360	C	C	273	4	1.42%	2	2	93	93	0.061822496004320764	1	1	171	102	3	1	T
E4_BC52_191109_LF_LIB_consensus_vsearch	361	G	G	275	3	1.07%	2	1	93	93	0.1243243243242452	1	1	172	103	3	0	-A
E4_BC52_191109_LF_LIB_consensus_vsearch	362	A	A	277	1	0.36%	2	1	93	93	0.4999999999999138	1	1	173	104	1	0	G
E4_BC52_191109_LF_LIB_consensus_vsearch	363	T	T	273	5	1.78%	2	1	93	93	0.03068846423273724	1	1	171	102	5	0	+C
E4_BC52_191109_LF_LIB_consensus_vsearch	364	C	C	274	3	1.07%	2	1	93	93	0.1243218806510022	1	1	171	103	3	0	+G
E4_BC52_191109_LF_LIB_consensus_vsearch	365	A	A	268	6	2.14%	2	2	93	93	0.015198883630026071	1	1	168	100	3	3	-G
E4_BC52_191109_LF_LIB_consensus_vsearch	366	G	G	276	0	0%	2	0	93	0	1.0	1	0	175	101	0	0	
E4_BC52_191109_LF_LIB_consensus_vsearch	367	G	*/-C	142	70	24.82%	2	2	93	93	8.91383029577384E-25	1	1	111	31	52	18	-C
E4_BC52_191109_LF_LIB_consensus_vsearch	368	C	C	152	1	0.65%	2	1	93	93	0.4999999999999138	1	1	119	33	1	0	+TGAC
E4_BC52_191109_LF_LIB_consensus_vsearch	369	C	C	220	2	0.89%	2	2	93	93	0.2494356659142869	1	1	172	48	1	1	G
E4_BC52_191109_LF_LIB_consensus_vsearch	370	C	C	255	1	0.39%	2	1	93	93	0.4999999999999138	1	1	177	78	0	1	G
E4_BC52_191109_LF_LIB_consensus_vsearch	371	C	C	277	2	0.71%	2	1	93	93	0.24955116696580612	1	1	176	101	0	2	T
E4_BC52_191109_LF_LIB_consensus_vsearch	372	C	*/-T	255	27	9.57%	2	1	93	93	3.876778622127293E-9	1	1	178	77	0	27	-T
E4_BC52_191109_LF_LIB_consensus_vsearch	373	T	T	254	1	0.39%	2	1	93	93	0.4999999999999138	1	1	178	76	0	1	-CTCT
E4_BC52_191109_LF_LIB_consensus_vsearch	374	C	C	280	1	0.36%	2	1	93	93	0.4999999999999138	1	1	178	102	0	1	G
E4_BC52_191109_LF_LIB_consensus_vsearch	375	T	*/-CT	245	32	11.39%	2	2	93	93	9.005802538444244E-11	1	1	164	81	13	19	-CT
E4_BC52_191109_LF_LIB_consensus_vsearch	376	C	*/-T	238	7	2.81%	2	2	93	93	0.007480431384223459	1	1	161	77	2	5	-T
E4_BC52_191109_LF_LIB_consensus_vsearch	377	T	T	238	1	0.42%	2	1	93	93	0.4999999999999138	1	1	160	78	1	0	+CT
E4_BC52_191109_LF_LIB_consensus_vsearch	378	G	G	277	1	0.36%	2	1	93	93	0.4999999999999138	1	1	174	103	1	0	+T
E4_BC52_191109_LF_LIB_consensus_vsearch	379	C	C	263	5	1.78%	2	1	93	93	0.030667531693296068	1	1	160	103	5	0	-G
E4_BC52_191109_LF_LIB_consensus_vsearch	380	G	G	260	5	1.84%	2	1	93	93	0.030660944175210838	1	1	160	100	5	0	A
E4_BC52_191109_LF_LIB_consensus_vsearch	381	C	C	265	3	1.1%	2	2	93	93	0.12429906542060956	1	1	167	98	1	2	-A
E4_BC52_191109_LF_LIB_consensus_vsearch	382	A	A	274	1	0.36%	2	1	93	93	0.4999999999999138	1	1	174	100	0	1	+C
E4_BC52_191109_LF_LIB_consensus_vsearch	383	A	A	277	2	0.71%	2	1	93	93	0.24955116696580612	1	1	175	102	0	2	-TG
E4_BC52_191109_LF_LIB_consensus_vsearch	384	T	T	273	2	0.72%	2	2	93	93	0.2495446265938613	1	1	173	100	1	1	+G
E4_BC52_191109_LF_LIB_consensus_vsearch	385	G	G	273	1	0.36%	2	1	93	93	0.4999999999999138	1	1	172	101	1	0	+TT
E4_BC52_191109_LF_LIB_consensus_vsearch	386	C	Y	268	8	2.86%	2	1	93	93	0.003710449152927439	1	1	173	95	0	8	T
E4_BC52_191109_LF_LIB_consensus_vsearch	387	A	A	264	6	2.16%	2	1	93	93	0.015192594697130085	1	1	165	99	6	0	+T
E4_BC52_191109_LF_LIB_consensus_vsearch	388	T	T	268	3	1.1%	2	2	93	93	0.12430683918669663	1	1	171	97	2	1	C
E4_BC52_191109_LF_LIB_consensus_vsearch	389	T	T	274	4	1.44%	2	2	93	93	0.061824935242698754	1	1	174	100	1	3	C
E4_BC52_191109_LF_LIB_consensus_vsearch	390	T	*/-C	237	37	13.26%	2	2	93	93	1.9766763591057802E-12	1	1	149	88	24	13	-C
E4_BC52_191109_LF_LIB_consensus_vsearch	391	C	C	238	1	0.42%	2	1	93	93	0.4999999999999138	1	1	150	88	0	1	+G
E4_BC52_191109_LF_LIB_consensus_vsearch	392	C	*/-G	256	13	4.64%	2	1	93	93	1.0523051243934297E-4	1	1	163	93	13	0	-G
E4_BC52_191109_LF_LIB_consensus_vsearch	393	G	*/-A	251	13	4.83%	2	1	93	93	1.049278674284444E-4	1	1	150	101	13	0	-A
E4_BC52_191109_LF_LIB_consensus_vsearch	394	A	*/-G	244	11	4.09%	2	2	93	93	4.373673587096424E-4	1	1	151	93	9	2	-G
E4_BC52_191109_LF_LIB_consensus_vsearch	395	G	G	268	1	0.37%	2	1	93	93	0.5000000000003686	1	1	167	101	1	0	+A
E4_BC52_191109_LF_LIB_consensus_vsearch	396	G	G	263	6	2.14%	2	2	93	93	0.015190993352737225	1	1	164	99	5	1	-C
E4_BC52_191109_LF_LIB_consensus_vsearch	397	C	*/+T	264	7	2.55%	2	1	93	93	0.007512050058182546	1	1	170	94	0	7	+T
E4_BC52_191109_LF_LIB_consensus_vsearch	398	C	*/-T	269	8	2.86%	2	2	93	93	0.00371114755755057	1	1	173	96	2	6	-T
E4_BC52_191109_LF_LIB_consensus_vsearch	399	T	Y	261	8	2.94%	2	2	93	93	0.003705416747963619	1	1	173	88	1	7	C
E4_BC52_191109_LF_LIB_consensus_vsearch	400	G	G	275	1	0.36%	2	1	93	93	0.5000000000003686	1	1	174	101	1	0	+A
E4_BC52_191109_LF_LIB_consensus_vsearch	401	A	A	272	4	1.43%	2	1	93	93	0.06182003907461255	1	1	170	102	4	0	G
E4_BC52_191109_LF_LIB_consensus_vsearch	402	C	C	277	2	0.71%	2	2	93	93	0.24955116696580612	1	1	177	100	1	1	T
E4_BC52_191109_LF_LIB_consensus_vsearch	403	G	G	280	1	0.36%	2	1	93	93	0.4999999999999138	1	1	177	103	1	0	+AA
E4_BC52_191109_LF_LIB_consensus_vsearch	404	G	G	280	2	0.71%	2	1	93	93	0.24955595026613578	1	1	176	104	2	0	-CGAT
E4_BC52_191109_LF_LIB_consensus_vsearch	405	C	C	279	1	0.36%	2	1	93	93	0.5000000000003686	1	1	175	104	1	0	+A
E4_BC52_191109_LF_LIB_consensus_vsearch	406	G	*/-A	264	13	4.64%	2	1	93	93	1.0569316610763818E-4	1	1	161	103	13	0	-A
E4_BC52_191109_LF_LIB_consensus_vsearch	407	A	A	258	5	1.89%	2	1	93	93	0.030656469088614302	1	1	154	104	5	0	+T
E4_BC52_191109_LF_LIB_consensus_vsearch	408	T	T	271	6	2.16%	2	1	93	93	0.015203481580703948	1	1	168	103	6	0	G
E4_BC52_191109_LF_LIB_consensus_vsearch	409	T	T	271	6	2.13%	2	1	93	93	0.015203481580703948	1	1	175	96	0	6	+G
E4_BC52_191109_LF_LIB_consensus_vsearch	410	G	R	269	8	2.85%	2	2	93	93	0.00371114755755057	1	1	168	101	6	2	A
E4_BC52_191109_LF_LIB_consensus_vsearch	411	C	Y	259	10	3.56%	2	2	93	93	8.968490941134896E-4	1	1	170	89	1	9	T
E4_BC52_191109_LF_LIB_consensus_vsearch	412	G	G	269	4	1.44%	2	1	93	93	0.06181256019060895	1	1	170	99	0	4	+TG
E4_BC52_191109_LF_LIB_consensus_vsearch	413	A	A	273	3	1.07%	2	1	93	93	0.12431941923772909	1	1	169	104	3	0	G
E4_BC52_191109_LF_LIB_consensus_vsearch	414	C	Y	267	10	3.55%	2	2	93	93	8.990961781053044E-4	1	1	164	103	9	1	T
E4_BC52_191109_LF_LIB_consensus_vsearch	415	A	A	274	3	1.08%	2	1	93	93	0.1243218806510022	1	1	170	104	3	0	G
E4_BC52_191109_LF_LIB_consensus_vsearch	416	A	A	272	4	1.43%	2	1	93	93	0.06182003907461255	1	1	168	104	4	0	G
E4_BC52_191109_LF_LIB_consensus_vsearch	417	C	*/+A	246	14	5.02%	2	2	93	93	5.099688705266337E-5	1	1	145	101	11	3	+A
E4_BC52_191109_LF_LIB_consensus_vsearch	418	A	A	256	4	1.52%	2	1	93	93	0.061778155432067945	1	1	152	104	4	0	+G
E4_BC52_191109_LF_LIB_consensus_vsearch	419	A	A	269	3	1.09%	2	1	93	93	0.12430939226523824	1	1	165	104	3	0	-G
E4_BC52_191109_LF_LIB_consensus_vsearch	420	G	G	265	4	1.47%	2	1	93	93	0.06180232861697055	1	1	161	104	4	0	-A
E4_BC52_191109_LF_LIB_consensus_vsearch	421	A	*/-GA	266	9	3.24%	2	2	93	93	0.0018274946683206224	1	1	166	100	5	4	-GA
E4_BC52_191109_LF_LIB_consensus_vsearch	422	G	G	266	4	1.47%	2	1	93	93	0.06180491495741971	1	1	166	100	4	0	-A
E4_BC52_191109_LF_LIB_consensus_vsearch	423	A	A	264	2	0.74%	2	1	93	93	0.24952919020719036	1	1	164	100	2	0	G
E4_BC52_191109_LF_LIB_consensus_vsearch	424	A	A	274	6	2.13%	2	1	93	93	0.015207981368047678	1	1	172	102	6	0	G
E4_BC52_191109_LF_LIB_consensus_vsearch	425	C	*/-T	261	12	4.26%	2	2	93	93	2.1577907883231425E-4	1	1	161	100	11	1	-T
E4_BC52_191109_LF_LIB_consensus_vsearch	426	T	T	263	2	0.75%	2	1	93	93	0.24952741020799885	1	1	162	101	2	0	C
E4_BC52_191109_LF_LIB_consensus_vsearch	427	T	T	278	1	0.36%	2	1	93	93	0.4999999999999138	1	1	174	104	1	0	A
E4_BC52_191109_LF_LIB_consensus_vsearch	428	G	G	277	3	1.06%	2	2	93	93	0.12432915921300346	1	1	175	102	2	1	A
E4_BC52_191109_LF_LIB_consensus_vsearch	429	T	T	273	6	2.14%	2	2	93	93	0.015206492151232055	1	1	174	99	2	4	-C
E4_BC52_191109_LF_LIB_consensus_vsearch	430	C	C	273	3	1.09%	2	1	93	93	0.12431941923772909	1	1	173	100	3	0	+A
E4_BC52_191109_LF_LIB_consensus_vsearch	431	C	C	270	5	1.77%	2	2	93	93	0.030682344165700513	1	1	174	96	1	4	-TC
E4_BC52_191109_LF_LIB_consensus_vsearch	432	T	T	263	3	1.09%	2	1	93	93	0.12429378531094196	1	1	168	95	3	0	+C
E4_BC52_191109_LF_LIB_consensus_vsearch	433	C	C	272	1	0.36%	2	1	93	93	0.5000000000003686	1	1	173	99	1	0	-G
E4_BC52_191109_LF_LIB_consensus_vsearch	434	G	G	275	3	1.08%	2	1	93	93	0.1243243243242452	1	1	172	103	3	0	A
E4_BC52_191109_LF_LIB_consensus_vsearch	435	G	G	278	2	0.71%	2	1	93	93	0.24955277280837324	1	1	174	104	2	0	A
E4_BC52_191109_LF_LIB_consensus_vsearch	436	T	*/-C	230	46	16.37%	2	1	93	93	1.8364159571656885E-15	1	1	127	103	46	0	-C
E4_BC52_191109_LF_LIB_consensus_vsearch	437	C	C	229	4	1.71%	2	1	93	93	0.06169441928518523	1	1	125	104	4	0	+A
E4_BC52_191109_LF_LIB_consensus_vsearch	438	C	C	276	2	0.71%	2	1	93	93	0.24954954954932992	1	1	173	103	2	0	-T
E4_BC52_191109_LF_LIB_consensus_vsearch	439	T	*/-G	250	11	3.99%	2	2	93	93	4.3849887966753017E-4	1	1	168	82	1	10	-G
E4_BC52_191109_LF_LIB_consensus_vsearch	440	G	R	254	7	2.66%	2	2	93	93	0.0075006286111248205	1	1	168	86	5	2	A
E4_BC52_191109_LF_LIB_consensus_vsearch	441	G	G	267	4	1.45%	2	1	93	93	0.061807482193030554	1	1	171	96	4	0	T
E4_BC52_191109_LF_LIB_consensus_vsearch	442	T	Y	258	9	3.3%	2	2	93	93	0.001823798755543091	1	1	166	92	7	2	C
E4_BC52_191109_LF_LIB_consensus_vsearch	443	G	G	271	1	0.37%	2	1	93	93	0.4999999999999138	1	1	173	98	0	1	+TG
E4_BC52_191109_LF_LIB_consensus_vsearch	444	C	*/-AC	262	8	2.9%	2	1	93	93	0.0037061514394952193	1	1	163	99	8	0	-AC
E4_BC52_191109_LF_LIB_consensus_vsearch	445	A	A	265	4	1.48%	2	1	93	93	0.06180232861697055	1	1	163	102	4	0	G
E4_BC52_191109_LF_LIB_consensus_vsearch	446	C	C	267	1	0.37%	2	1	93	93	0.5000000000003686	1	1	165	102	0	1	A
E4_BC52_191109_LF_LIB_consensus_vsearch	447	C	Y	266	11	3.94%	2	1	93	93	4.412843374156775E-4	1	1	175	91	0	11	T
E4_BC52_191109_LF_LIB_consensus_vsearch	448	G	G	274	2	0.71%	2	1	93	93	0.2495462794919261	1	1	171	103	2	0	-T
E4_BC52_191109_LF_LIB_consensus_vsearch	449	T	*/-C	204	65	23.47%	2	2	93	93	3.30621651820918E-22	1	1	117	87	50	15	-C
E4_BC52_191109_LF_LIB_consensus_vsearch	450	C	C	203	3	1.43%	2	1	93	93	0.12408759124090059	1	1	115	88	3	0	+G
E4_BC52_191109_LF_LIB_consensus_vsearch	451	C	C	264	5	1.81%	2	1	93	93	0.030669694912897477	1	1	162	102	5	0	+G
E4_BC52_191109_LF_LIB_consensus_vsearch	452	C	*/-T	241	14	5%	2	2	93	93	5.081261627675223E-5	1	1	157	84	4	10	-T
E4_BC52_191109_LF_LIB_consensus_vsearch	453	T	W	239	8	3.1%	2	1	93	93	0.0036877690019176544	1	1	148	91	8	0	A
E4_BC52_191109_LF_LIB_consensus_vsearch	454	T	*/-G	240	11	4.04%	2	2	93	93	4.3658402499770964E-4	1	1	153	87	1	10	-G
E4_BC52_191109_LF_LIB_consensus_vsearch	455	G	R	230	29	10.9%	2	2	93	93	8.122976839027358E-10	1	1	145	85	28	1	A
E4_BC52_191109_LF_LIB_consensus_vsearch	456	G	G	267	4	1.44%	2	2	93	93	0.061807482193030554	1	1	172	95	2	2	A
E4_BC52_191109_LF_LIB_consensus_vsearch	457	G	G	274	3	1.06%	2	2	93	93	0.1243218806510022	1	1	175	99	1	2	A
E4_BC52_191109_LF_LIB_consensus_vsearch	458	T	T	266	6	2.14%	2	1	93	93	0.015195762196627145	1	1	170	96	6	0	+C
E4_BC52_191109_LF_LIB_consensus_vsearch	459	C	C	271	2	0.71%	2	1	93	93	0.24954128440383208	1	1	176	95	0	2	-A
E4_BC52_191109_LF_LIB_consensus_vsearch	460	A	A	267	5	1.8%	2	2	93	93	0.030676089228361576	1	1	175	92	2	3	G
E4_BC52_191109_LF_LIB_consensus_vsearch	461	G	G	272	2	0.72%	2	1	93	93	0.2495429616087481	1	1	173	99	2	0	A
E4_BC52_191109_LF_LIB_consensus_vsearch	462	T	T	276	4	1.42%	2	1	93	93	0.06182976140387695	1	1	177	99	0	4	C
E4_BC52_191109_LF_LIB_consensus_vsearch	463	C	C	277	2	0.71%	2	1	93	93	0.24955116696580612	1	1	177	100	0	2	-AGC
E4_BC52_191109_LF_LIB_consensus_vsearch	464	A	R	269	7	2.51%	2	2	93	93	0.007517452744777598	1	1	172	97	4	3	G
E4_BC52_191109_LF_LIB_consensus_vsearch	465	G	*/-CG	264	9	3.24%	2	1	93	93	0.001826590629994852	1	1	175	89	0	9	-CG
E4_BC52_191109_LF_LIB_consensus_vsearch	466	C	C	260	3	1.11%	2	1	93	93	0.12428571428582305	1	1	173	87	0	3	-GT
E4_BC52_191109_LF_LIB_consensus_vsearch	467	G	G	263	3	1.11%	2	1	93	93	0.12429378531094196	1	1	173	90	3	0	A
E4_BC52_191109_LF_LIB_consensus_vsearch	468	T	Y	269	8	2.89%	2	2	93	93	0.00371114755755057	1	1	176	93	1	7	C
E4_BC52_191109_LF_LIB_consensus_vsearch	469	T	T	279	1	0.36%	2	1	93	93	0.5000000000003686	1	1	176	103	1	0	C
E4_BC52_191109_LF_LIB_consensus_vsearch	470	G	G	276	5	1.77%	2	1	93	93	0.030694453745074273	1	1	172	104	5	0	-C
E4_BC52_191109_LF_LIB_consensus_vsearch	471	C	C	277	0	0%	2	0	93	0	1.0	1	0	173	104	0	0	
E4_BC52_191109_LF_LIB_consensus_vsearch	472	C	Y	264	13	4.61%	2	1	93	93	1.0569316610763818E-4	1	1	173	91	0	13	T
E4_BC52_191109_LF_LIB_consensus_vsearch	473	G	G	275	2	0.72%	2	1	93	93	0.24954792043411347	1	1	171	104	2	0	-C
E4_BC52_191109_LF_LIB_consensus_vsearch	474	C	C	275	1	0.36%	2	1	93	93	0.5000000000003686	1	1	171	104	1	0	+A
E4_BC52_191109_LF_LIB_consensus_vsearch	475	C	C	272	3	1.08%	2	2	93	93	0.12431693989066941	1	1	171	101	2	1	-AAT
E4_BC52_191109_LF_LIB_consensus_vsearch	476	A	A	274	1	0.36%	2	1	93	93	0.4999999999999138	1	1	173	101	0	1	+C
E4_BC52_191109_LF_LIB_consensus_vsearch	477	A	A	273	4	1.43%	2	2	93	93	0.061822496004320764	1	1	173	100	2	2	G
E4_BC52_191109_LF_LIB_consensus_vsearch	478	T	T	263	6	2.15%	2	1	93	93	0.015190993352737225	1	1	163	100	6	0	+G
E4_BC52_191109_LF_LIB_consensus_vsearch	479	A	*/-G	267	7	2.51%	2	2	93	93	0.007515315152860378	1	1	165	102	5	2	-G
E4_BC52_191109_LF_LIB_consensus_vsearch	480	G	G	269	2	0.73%	2	1	93	93	0.24953789279111838	1	1	169	100	2	0	+A
E4_BC52_191109_LF_LIB_consensus_vsearch	481	T	T	278	2	0.71%	2	2	93	93	0.24955277280837324	1	1	175	103	1	1	-C
E4_BC52_191109_LF_LIB_consensus_vsearch	482	C	C	275	2	0.71%	2	1	93	93	0.24954792043411347	1	1	173	102	2	0	+G
E4_BC52_191109_LF_LIB_consensus_vsearch	483	A	*/+C	253	18	6.38%	2	2	93	93	2.849379022335122E-6	1	1	153	100	15	3	+C
E4_BC52_191109_LF_LIB_consensus_vsearch	484	C	*/+T	267	12	4.27%	2	1	93	93	2.1636505872716516E-4	1	1	176	91	0	12	+T
E4_BC52_191109_LF_LIB_consensus_vsearch	485	C	C	275	3	1.06%	2	1	93	93	0.1243243243242452	1	1	175	100	0	3	+T
E4_BC52_191109_LF_LIB_consensus_vsearch	486	C	C	278	2	0.71%	2	1	93	93	0.24955277280837324	1	1	175	103	2	0	+AC
E4_BC52_191109_LF_LIB_consensus_vsearch	487	T	T	282	0	0%	2	0	93	0	1.0	1	0	178	104	0	0	
E4_BC52_191109_LF_LIB_consensus_vsearch	488	G	G	273	5	1.77%	2	2	93	93	0.03068846423273724	1	1	173	100	3	2	-C
E4_BC52_191109_LF_LIB_consensus_vsearch	489	C	C	275	1	0.36%	2	1	93	93	0.5000000000003686	1	1	175	100	0	1	+TGC
E4_BC52_191109_LF_LIB_consensus_vsearch	490	C	C	278	2	0.71%	2	1	93	93	0.24955277280837324	1	1	177	101	0	2	-GT
E4_BC52_191109_LF_LIB_consensus_vsearch	491	G	G	272	4	1.43%	2	1	93	93	0.06182003907461255	1	1	171	101	4	0	+T
E4_BC52_191109_LF_LIB_consensus_vsearch	492	T	T	275	3	1.08%	2	1	93	93	0.1243243243242452	1	1	177	98	0	3	C
E4_BC52_191109_LF_LIB_consensus_vsearch	493	T	T	274	3	1.07%	2	2	93	93	0.1243218806510022	1	1	174	100	1	2	-GT
E4_BC52_191109_LF_LIB_consensus_vsearch	494	G	G	272	3	1.08%	2	2	93	93	0.12431693989066941	1	1	173	99	1	2	+C
E4_BC52_191109_LF_LIB_consensus_vsearch	495	T	T	261	6	2.16%	2	2	93	93	0.015187754818318031	1	1	166	95	5	1	-A
E4_BC52_191109_LF_LIB_consensus_vsearch	496	A	A	263	6	2.18%	2	2	93	93	0.015190993352737225	1	1	166	97	5	1	G
E4_BC52_191109_LF_LIB_consensus_vsearch	497	G	*/-C	268	7	2.52%	2	2	93	93	0.007516387806114139	1	1	170	98	5	2	-C
E4_BC52_191109_LF_LIB_consensus_vsearch	498	C	C	263	5	1.83%	2	1	93	93	0.030667531693296068	1	1	166	97	5	0	G
E4_BC52_191109_LF_LIB_consensus_vsearch	499	C	Y	259	10	3.56%	2	2	93	93	8.968490941134896E-4	1	1	165	94	1	9	T
E4_BC52_191109_LF_LIB_consensus_vsearch	500	G	*/-A	267	12	4.29%	2	2	93	93	2.1636505872716516E-4	1	1	166	101	10	2	-A
E4_BC52_191109_LF_LIB_consensus_vsearch	501	A	A	268	2	0.74%	2	1	93	93	0.24953617810762627	1	1	166	102	2	0	G
E4_BC52_191109_LF_LIB_consensus_vsearch	502	A	A	276	2	0.71%	2	1	93	93	0.24954954954932992	1	1	174	102	2	0	+GA
E4_BC52_191109_LF_LIB_consensus_vsearch	503	T	T	272	5	1.78%	2	1	93	93	0.03068643892575303	1	1	171	101	5	0	-C
E4_BC52_191109_LF_LIB_consensus_vsearch	504	C	*/-T	252	19	6.86%	2	2	93	93	1.3757497951354788E-6	1	1	169	83	1	18	-T
E4_BC52_191109_LF_LIB_consensus_vsearch	505	T	T	248	4	1.53%	2	2	93	93	0.061755217199896344	1	1	167	81	1	3	+G
E4_BC52_191109_LF_LIB_consensus_vsearch	506	T	T	267	4	1.42%	2	1	93	93	0.061807482193030554	1	1	170	97	0	4	A
E4_BC52_191109_LF_LIB_consensus_vsearch	507	A	R	261	13	4.69%	2	1	93	93	1.0552267566302589E-4	1	1	160	101	13	0	G
E4_BC52_191109_LF_LIB_consensus_vsearch	508	G	G	274	2	0.72%	2	2	93	93	0.2495462794919261	1	1	175	99	1	1	C
E4_BC52_191109_LF_LIB_consensus_vsearch	509	C	C	268	3	1.08%	2	1	93	93	0.12430683918669663	1	1	171	97	0	3	+G
E4_BC52_191109_LF_LIB_consensus_vsearch	510	G	G	275	3	1.08%	2	1	93	93	0.1243243243242452	1	1	173	102	3	0	A
E4_BC52_191109_LF_LIB_consensus_vsearch	511	G	G	279	1	0.36%	2	1	93	93	0.5000000000003686	1	1	177	102	1	0	A
E4_BC52_191109_LF_LIB_consensus_vsearch	512	C	-T/-T	21	234	83.27%	2	2	93	93	1.3758351070356398E-121	1	1	12	9	154	80	-T
E4_BC52_191109_LF_LIB_consensus_vsearch	513	T	T	22	1	4.17%	2	1	93	93	0.49999999999999906	1	1	15	7	0	1	+GC
E4_BC52_191109_LF_LIB_consensus_vsearch	514	T	T	255	2	0.77%	2	1	93	93	0.2495126705651419	1	1	168	87	0	2	+C
E4_BC52_191109_LF_LIB_consensus_vsearch	515	T	T	265	3	1.11%	2	1	93	93	0.12429906542060956	1	1	164	101	3	0	C
E4_BC52_191109_LF_LIB_consensus_vsearch	516	T	*/-C	167	97	34.89%	2	2	93	93	1.1859859817278351E-34	1	1	124	43	44	53	-C
E4_BC52_191109_LF_LIB_consensus_vsearch	517	C	C	174	3	1.69%	2	1	93	93	0.12393767705382001	1	1	128	46	3	0	T
E4_BC52_191109_LF_LIB_consensus_vsearch	518	C	C	260	4	1.45%	2	1	93	93	0.06178910273789233	1	1	163	97	4	0	+A
E4_BC52_191109_LF_LIB_consensus_vsearch	519	C	*/-T	249	11	3.94%	2	1	93	93	4.383137951476102E-4	1	1	169	80	0	11	-T
E4_BC52_191109_LF_LIB_consensus_vsearch	520	T	T	254	5	1.92%	2	1	93	93	0.030647311787538743	1	1	166	88	5	0	G
E4_BC52_191109_LF_LIB_consensus_vsearch	521	T	Y	262	7	2.57%	2	2	93	93	0.007509833180020558	1	1	165	97	6	1	C
E4_BC52_191109_LF_LIB_consensus_vsearch	522	T	T	273	5	1.77%	2	2	93	93	0.03068846423273724	1	1	173	100	4	1	+C
E4_BC52_191109_LF_LIB_consensus_vsearch	523	C	C	268	2	0.72%	2	2	93	93	0.24953617810762627	1	1	170	98	1	1	+TC
E4_BC52_191109_LF_LIB_consensus_vsearch	524	A	A	272	4	1.43%	2	2	93	93	0.06182003907461255	1	1	171	101	2	2	-G
E4_BC52_191109_LF_LIB_consensus_vsearch	525	G	R	253	21	7.61%	2	1	93	93	3.202080458401424E-7	1	1	151	102	21	0	A
E4_BC52_191109_LF_LIB_consensus_vsearch	526	C	*/+T	249	13	4.64%	2	1	93	93	1.0480374753057819E-4	1	1	157	92	13	0	+T
E4_BC52_191109_LF_LIB_consensus_vsearch	527	G	R	253	11	4.1%	2	1	93	93	4.390460042919817E-4	1	1	161	92	11	0	A
E4_BC52_191109_LF_LIB_consensus_vsearch	528	G	R	243	23	8.24%	2	2	93	93	7.254118414451195E-8	1	1	141	102	22	1	A
E4_BC52_191109_LF_LIB_consensus_vsearch	529	C	C	265	5	1.81%	2	2	93	93	0.030671842124359663	1	1	164	101	4	1	T
E4_BC52_191109_LF_LIB_consensus_vsearch	530	C	*/+A	53	197	70.11%	2	2	93	93	5.224836556082731E-90	1	1	38	15	113	84	+A
E4_BC52_191109_LF_LIB_consensus_vsearch	531	A	A	267	6	2.14%	2	2	93	93	0.015197328608558202	1	1	169	98	4	2	+G
E4_BC52_191109_LF_LIB_consensus_vsearch	532	G	R	259	8	2.89%	2	2	93	93	0.003703931063382389	1	1	172	87	3	5	A
E4_BC52_191109_LF_LIB_consensus_vsearch	533	G	G	277	2	0.71%	2	1	93	93	0.24955116696580612	1	1	176	101	0	2	-AC
E4_BC52_191109_LF_LIB_consensus_vsearch	534	A	A	272	3	1.08%	2	2	93	93	0.12431693989066941	1	1	173	99	2	1	G
E4_BC52_191109_LF_LIB_consensus_vsearch	535	C	C	257	5	1.81%	2	2	93	93	0.03065420595045833	1	1	159	98	4	1	+G
E4_BC52_191109_LF_LIB_consensus_vsearch	536	G	G	267	4	1.44%	2	2	93	93	0.061807482193030554	1	1	167	100	2	2	+A
E4_BC52_191109_LF_LIB_consensus_vsearch	537	C	*/-GC	236	27	9.75%	2	2	93	93	3.68864827749744E-9	1	1	142	94	19	8	-GC
E4_BC52_191109_LF_LIB_consensus_vsearch	538	G	G	233	5	2.02%	2	1	93	93	0.03059419161008273	1	1	139	94	5	0	+C
E4_BC52_191109_LF_LIB_consensus_vsearch	539	C	C	236	3	1.21%	2	1	93	93	0.12421383647810401	1	1	142	94	3	0	+A
E4_BC52_191109_LF_LIB_consensus_vsearch	540	A	W	254	9	3.26%	2	1	93	93	0.0018218680650561358	1	1	151	103	9	0	T
E4_BC52_191109_LF_LIB_consensus_vsearch	541	G	G	272	5	1.8%	2	1	93	93	0.03068643892575303	1	1	169	103	5	0	-A
E4_BC52_191109_LF_LIB_consensus_vsearch	542	A	*/-G	213	54	19.49%	2	1	93	93	2.8073917445883737E-18	1	1	116	97	54	0	-G
E4_BC52_191109_LF_LIB_consensus_vsearch	543	G	G	214	3	1.36%	2	1	93	93	0.12413394919162732	1	1	117	97	3	0	+A
E4_BC52_191109_LF_LIB_consensus_vsearch	544	A	A	267	3	1.1%	2	1	93	93	0.12430426716151294	1	1	171	96	3	0	G
E4_BC52_191109_LF_LIB_consensus_vsearch	545	C	*/-GC	253	10	3.57%	2	1	93	93	8.950763801239866E-4	1	1	152	101	10	0	-GC
E4_BC52_191109_LF_LIB_consensus_vsearch	546	G	*/-C	226	27	10.07%	2	1	93	93	3.581949807341251E-9	1	1	122	104	27	0	-C
E4_BC52_191109_LF_LIB_consensus_vsearch	547	C	C	229	3	1.24%	2	1	93	93	0.12419006479500183	1	1	128	101	0	3	+T
E4_BC52_191109_LF_LIB_consensus_vsearch	548	C	*/-T	226	23	8.24%	2	2	93	93	7.000811294180209E-8	1	1	135	91	16	7	-T
E4_BC52_191109_LF_LIB_consensus_vsearch	549	T	Y	221	7	2.9%	2	2	93	93	0.007455894130096957	1	1	126	95	6	1	C
E4_BC52_191109_LF_LIB_consensus_vsearch	550	T	W	235	17	6.44%	2	1	93	93	5.771783803360286E-6	1	1	132	103	17	0	A
E4_BC52_191109_LF_LIB_consensus_vsearch	551	G	G	254	6	2.17%	2	1	93	93	0.015176029151052142	1	1	152	102	6	0	+C
E4_BC52_191109_LF_LIB_consensus_vsearch	552	A	A	270	3	1.09%	2	1	93	93	0.12431192660547026	1	1	168	102	3	0	C
E4_BC52_191109_LF_LIB_consensus_vsearch	553	A	A	278	1	0.36%	2	1	93	93	0.4999999999999138	1	1	174	104	1	0	C
E4_BC52_191109_LF_LIB_consensus_vsearch	554	A	A	275	3	1.06%	2	2	93	93	0.1243243243242452	1	1	174	101	1	2	-T
E4_BC52_191109_LF_LIB_consensus_vsearch	555	T	T	275	3	1.08%	2	1	93	93	0.1243243243242452	1	1	174	101	3	0	G
E4_BC52_191109_LF_LIB_consensus_vsearch	556	T	*/-A	258	10	3.56%	2	2	93	93	8.96559014408215E-4	1	1	163	95	8	2	-A
E4_BC52_191109_LF_LIB_consensus_vsearch	557	A	A	262	2	0.75%	2	1	93	93	0.24952561669824413	1	1	167	95	2	0	C
E4_BC52_191109_LF_LIB_consensus_vsearch	558	A	A	271	4	1.45%	2	2	93	93	0.06181756426009212	1	1	176	95	1	3	G
E4_BC52_191109_LF_LIB_consensus_vsearch	559	A	A	273	3	1.07%	2	1	93	93	0.12431941923772909	1	1	174	99	0	3	T
E4_BC52_191109_LF_LIB_consensus_vsearch	560	G	G	273	5	1.79%	2	1	93	93	0.03068846423273724	1	1	169	104	5	0	A
E4_BC52_191109_LF_LIB_consensus_vsearch	561	C	C	279	1	0.36%	2	1	93	93	0.5000000000003686	1	1	175	104	1	0	+T
E4_BC52_191109_LF_LIB_consensus_vsearch	562	C	C	278	3	1.06%	2	1	93	93	0.12433155080212302	1	1	178	100	0	3	T
E4_BC52_191109_LF_LIB_consensus_vsearch	563	G	G	278	1	0.35%	2	1	93	93	0.4999999999999138	1	1	177	101	1	0	+A
E4_BC52_191109_LF_LIB_consensus_vsearch	564	T	T	272	5	1.79%	2	1	93	93	0.03068643892575303	1	1	177	95	0	5	C
E4_BC52_191109_LF_LIB_consensus_vsearch	565	T	T	273	3	1.07%	2	2	93	93	0.12431941923772909	1	1	172	101	2	1	-A
E4_BC52_191109_LF_LIB_consensus_vsearch	566	A	*/-G	249	12	4.3%	2	2	93	93	2.1452978457341625E-4	1	1	163	86	1	11	-G
E4_BC52_191109_LF_LIB_consensus_vsearch	567	G	G	269	1	0.37%	2	1	93	93	0.4999999999999138	1	1	176	93	1	0	A
E4_BC52_191109_LF_LIB_consensus_vsearch	568	G	G	277	1	0.35%	2	1	93	93	0.4999999999999138	1	1	174	103	1	0	+AAA
E4_BC52_191109_LF_LIB_consensus_vsearch	569	C	C	272	3	1.07%	2	1	93	93	0.12431693989066941	1	1	171	101	3	0	-T
E4_BC52_191109_LF_LIB_consensus_vsearch	570	T	T	273	3	1.08%	2	2	93	93	0.12431941923772909	1	1	171	102	2	1	C
E4_BC52_191109_LF_LIB_consensus_vsearch	571	A	A	271	4	1.43%	2	2	93	93	0.06181756426009212	1	1	173	98	2	2	-C
E4_BC52_191109_LF_LIB_consensus_vsearch	572	C	C	273	1	0.36%	2	1	93	93	0.4999999999999138	1	1	172	101	1	0	+A
E4_BC52_191109_LF_LIB_consensus_vsearch	573	C	*/-GC	254	8	2.85%	2	1	93	93	0.003700118894213593	1	1	156	98	8	0	-GC
E4_BC52_191109_LF_LIB_consensus_vsearch	574	G	G	263	1	0.38%	2	1	93	93	0.4999999999999138	1	1	162	101	1	0	+AA
E4_BC52_191109_LF_LIB_consensus_vsearch	575	C	*/-T	248	7	2.56%	2	2	93	93	0.007493349252391194	1	1	149	99	5	2	-T
E4_BC52_191109_LF_LIB_consensus_vsearch	576	T	W	250	8	3.01%	2	1	93	93	0.0036969641636293116	1	1	149	101	8	0	A
E4_BC52_191109_LF_LIB_consensus_vsearch	577	T	*/-A	241	12	4.4%	2	1	93	93	2.1363402075967646E-4	1	1	139	102	12	0	-A
E4_BC52_191109_LF_LIB_consensus_vsearch	578	A	*/-G	213	51	18.96%	2	2	93	93	3.059607805680378E-17	1	1	144	69	19	32	-G
E4_BC52_191109_LF_LIB_consensus_vsearch	579	G	G	216	6	2.62%	2	1	93	93	0.015099533131216845	1	1	146	70	6	0	+A
E4_BC52_191109_LF_LIB_consensus_vsearch	580	G	R	267	9	3.21%	2	1	93	93	0.0018279418621040778	1	1	166	101	9	0	A
E4_BC52_191109_LF_LIB_consensus_vsearch	581	A	A	271	3	1.09%	2	2	93	93	0.12431444241326345	1	1	174	97	1	2	-T
E4_BC52_191109_LF_LIB_consensus_vsearch	582	T	T	273	2	0.72%	2	1	93	93	0.2495446265938613	1	1	174	99	0	2	-C
E4_BC52_191109_LF_LIB_consensus_vsearch	583	C	C	271	3	1.08%	2	1	93	93	0.12431444241326345	1	1	172	99	3	0	+T
E4_BC52_191109_LF_LIB_consensus_vsearch	584	G	G	278	2	0.71%	2	1	93	93	0.24955277280837324	1	1	174	104	2	0	-AC
E4_BC52_191109_LF_LIB_consensus_vsearch	585	A	A	267	5	1.79%	2	1	93	93	0.030676089228361576	1	1	165	102	5	0	G
E4_BC52_191109_LF_LIB_consensus_vsearch	586	C	C	271	3	1.09%	2	1	93	93	0.12431444241326345	1	1	167	104	3	0	-TC
E4_BC52_191109_LF_LIB_consensus_vsearch	587	T	*/-C	266	7	2.51%	2	2	93	93	0.0075142347009056415	1	1	167	99	4	3	-C
E4_BC52_191109_LF_LIB_consensus_vsearch	588	C	C	264	4	1.48%	2	1	93	93	0.06179972295775155	1	1	166	98	4	0	-ACC
E4_BC52_191109_LF_LIB_consensus_vsearch	589	A	*/+C	242	11	3.97%	2	2	93	93	4.369786788264191E-4	1	1	153	89	9	2	+C
E4_BC52_191109_LF_LIB_consensus_vsearch	590	C	*/+T	258	7	2.63%	2	1	93	93	0.007505299821009934	1	1	168	90	0	7	+T
E4_BC52_191109_LF_LIB_consensus_vsearch	591	C	C	270	2	0.73%	2	1	93	93	0.2495395948434138	1	1	173	97	0	2	+T
E4_BC52_191109_LF_LIB_consensus_vsearch	592	C	C	271	6	2.13%	2	1	93	93	0.015203481580703948	1	1	174	97	0	6	T
E4_BC52_191109_LF_LIB_consensus_vsearch	593	C	Y	267	9	3.19%	2	2	93	93	0.0018279418621040778	1	1	176	91	1	8	T
E4_BC52_191109_LF_LIB_consensus_vsearch	594	G	G	271	6	2.16%	2	1	93	93	0.015203481580703948	1	1	172	99	6	0	A
E4_BC52_191109_LF_LIB_consensus_vsearch	595	G	G	280	2	0.71%	2	2	93	93	0.24955595026613578	1	1	177	103	1	1	A
E4_BC52_191109_LF_LIB_consensus_vsearch	596	C	C	273	3	1.06%	2	1	93	93	0.12431941923772909	1	1	174	99	0	3	+A
E4_BC52_191109_LF_LIB_consensus_vsearch	597	A	A	272	1	0.36%	2	1	93	93	0.5000000000003686	1	1	170	102	1	0	+C
E4_BC52_191109_LF_LIB_consensus_vsearch	598	C	C	275	2	0.72%	2	2	93	93	0.24954792043411347	1	1	173	102	1	1	T
E4_BC52_191109_LF_LIB_consensus_vsearch	599	C	C	275	2	0.71%	2	1	93	93	0.24954792043411347	1	1	175	100	2	0	-A
E4_BC52_191109_LF_LIB_consensus_vsearch	600	A	A	278	1	0.36%	2	1	93	93	0.4999999999999138	1	1	175	103	0	1	+CA
E4_BC52_191109_LF_LIB_consensus_vsearch	601	A	A	277	2	0.71%	2	1	93	93	0.24955116696580612	1	1	175	102	0	2	C
E4_BC52_191109_LF_LIB_consensus_vsearch	602	T	T	279	2	0.71%	2	1	93	93	0.24955436720141339	1	1	177	102	0	2	C
E4_BC52_191109_LF_LIB_consensus_vsearch	603	G	G	278	2	0.71%	2	1	93	93	0.24955277280837324	1	1	174	104	2	0	A
E4_BC52_191109_LF_LIB_consensus_vsearch	604	C	C	271	5	1.78%	2	2	93	93	0.030684398956702864	1	1	172	99	3	2	-G
E4_BC52_191109_LF_LIB_consensus_vsearch	605	G	R	266	8	2.9%	2	2	93	93	0.0037090372381044278	1	1	168	98	6	2	A
E4_BC52_191109_LF_LIB_consensus_vsearch	606	G	G	278	1	0.36%	2	1	93	93	0.4999999999999138	1	1	175	103	1	0	-T
E4_BC52_191109_LF_LIB_consensus_vsearch	607	T	*/+A	255	9	3.23%	2	2	93	93	0.0018223561198992344	1	1	161	94	8	1	+A
E4_BC52_191109_LF_LIB_consensus_vsearch	608	A	A	270	2	0.73%	2	1	93	93	0.2495395948434138	1	1	169	101	2	0	G
E4_BC52_191109_LF_LIB_consensus_vsearch	609	A	A	277	2	0.71%	2	1	93	93	0.24955116696580612	1	1	176	101	2	0	-G
E4_BC52_191109_LF_LIB_consensus_vsearch	610	G	G	270	4	1.43%	2	2	93	93	0.06181507136518779	1	1	167	103	3	1	-C
E4_BC52_191109_LF_LIB_consensus_vsearch	611	C	C	277	1	0.36%	2	1	93	93	0.4999999999999138	1	1	174	103	1	0	A
E4_BC52_191109_LF_LIB_consensus_vsearch	612	C	*/-A	263	14	4.96%	2	2	93	93	5.1576702130057656E-5	1	1	161	102	12	2	-A
E4_BC52_191109_LF_LIB_consensus_vsearch	613	A	*/-G	207	45	16.92%	2	2	93	93	3.2846496390120818E-15	1	1	140	67	11	34	-G
E4_BC52_191109_LF_LIB_consensus_vsearch	614	G	G	228	4	1.7%	2	1	93	93	0.061690943249532344	1	1	160	68	4	0	+A
E4_BC52_191109_LF_LIB_consensus_vsearch	615	G	*/-A	272	8	2.85%	2	1	93	93	0.003713213199727839	1	1	170	102	8	0	-A
E4_BC52_191109_LF_LIB_consensus_vsearch	616	A	A	271	2	0.73%	2	2	93	93	0.24954128440383208	1	1	168	103	1	1	G
E4_BC52_191109_LF_LIB_consensus_vsearch	617	A	A	272	5	1.77%	2	2	93	93	0.03068643892575303	1	1	172	100	4	1	G
E4_BC52_191109_LF_LIB_consensus_vsearch	618	C	C	279	2	0.71%	2	1	93	93	0.24955436720141339	1	1	175	104	2	0	+G
E4_BC52_191109_LF_LIB_consensus_vsearch	619	C	*/+T	262	10	3.55%	2	2	93	93	8.977068546848841E-4	1	1	170	92	3	7	+T
E4_BC52_191109_LF_LIB_consensus_vsearch	620	T	T	269	2	0.73%	2	1	93	93	0.24953789279111838	1	1	171	98	2	0	A
E4_BC52_191109_LF_LIB_consensus_vsearch	621	T	T	280	2	0.71%	2	1	93	93	0.24955595026613578	1	1	176	104	2	0	C
E4_BC52_191109_LF_LIB_consensus_vsearch	622	T	T	279	1	0.35%	2	1	93	93	0.5000000000003686	1	1	176	103	0	1	+C
E4_BC52_191109_LF_LIB_consensus_vsearch	623	C	C	271	5	1.78%	2	2	93	93	0.030684398956702864	1	1	175	96	1	4	-TC
E4_BC52_191109_LF_LIB_consensus_vsearch	624	T	*/-C	254	7	2.56%	2	1	93	93	0.0075006286111248205	1	1	160	94	7	0	-C
E4_BC52_191109_LF_LIB_consensus_vsearch	625	C	C	261	1	0.38%	2	1	93	93	0.5000000000003686	1	1	165	96	0	1	+TCTC
E4_BC52_191109_LF_LIB_consensus_vsearch	626	C	C	264	5	1.82%	2	1	93	93	0.030669694912897477	1	1	166	98	5	0	-A
E4_BC52_191109_LF_LIB_consensus_vsearch	627	A	*/-CA	256	7	2.59%	2	1	93	93	0.007502981837406636	1	1	156	100	7	0	-CA
E4_BC52_191109_LF_LIB_consensus_vsearch	628	C	C	273	0	0%	2	0	93	0	1.0	1	0	170	103	0	0	
E4_BC52_191109_LF_LIB_consensus_vsearch	629	A	A	266	4	1.45%	2	2	93	93	0.06180491495741971	1	1	167	99	3	1	G
E4_BC52_191109_LF_LIB_consensus_vsearch	630	T	*/+C	263	12	4.29%	2	1	93	93	2.1597713006427273E-4	1	1	160	103	12	0	+C
E4_BC52_191109_LF_LIB_consensus_vsearch	631	C	C	274	2	0.72%	2	1	93	93	0.2495462794919261	1	1	171	103	2	0	+A
E4_BC52_191109_LF_LIB_consensus_vsearch	632	A	A	269	6	2.15%	2	2	93	93	0.015200427384840735	1	1	168	101	5	1	G
E4_BC52_191109_LF_LIB_consensus_vsearch	633	G	R	264	8	2.88%	2	1	93	93	0.0037076048169334716	1	1	164	100	8	0	A
E4_BC52_191109_LF_LIB_consensus_vsearch	634	C	C	272	1	0.36%	2	1	93	93	0.5000000000003686	1	1	172	100	1	0	+G
E4_BC52_191109_LF_LIB_consensus_vsearch	635	C	C	266	6	2.14%	2	2	93	93	0.015195762196627145	1	1	168	98	2	4	-T
E4_BC52_191109_LF_LIB_consensus_vsearch	636	T	T	266	3	1.11%	2	1	93	93	0.1243016759777629	1	1	168	98	3	0	C
E4_BC52_191109_LF_LIB_consensus_vsearch	637	T	*/-C	239	22	7.91%	2	2	93	93	1.5025710947578298E-7	1	1	143	96	15	7	-C
E4_BC52_191109_LF_LIB_consensus_vsearch	638	C	C	247	2	0.8%	2	1	93	93	0.24949698189118988	1	1	150	97	2	0	G
E4_BC52_191109_LF_LIB_consensus_vsearch	639	C	C	270	1	0.37%	2	1	93	93	0.4999999999999138	1	1	167	103	0	1	A
E4_BC52_191109_LF_LIB_consensus_vsearch	640	C	Y	255	17	6.09%	2	2	93	93	5.895249132972015E-6	1	1	170	85	1	16	T
E4_BC52_191109_LF_LIB_consensus_vsearch	641	G	G	268	6	2.18%	2	1	93	93	0.015198883630026071	1	1	168	100	6	0	A
E4_BC52_191109_LF_LIB_consensus_vsearch	642	G	G	272	3	1.07%	2	2	93	93	0.12431693989066941	1	1	175	97	2	1	A
E4_BC52_191109_LF_LIB_consensus_vsearch	643	C	C	269	4	1.43%	2	1	93	93	0.06181256019060895	1	1	174	95	0	4	T
E4_BC52_191109_LF_LIB_consensus_vsearch	644	T	T	272	4	1.43%	2	1	93	93	0.06182003907461255	1	1	176	96	0	4	-C
E4_BC52_191109_LF_LIB_consensus_vsearch	645	C	C	268	3	1.08%	2	1	93	93	0.12430683918669663	1	1	172	96	3	0	-G
E4_BC52_191109_LF_LIB_consensus_vsearch	646	G	R	265	10	3.61%	2	2	93	93	8.985463618717617E-4	1	1	164	101	8	2	A
E4_BC52_191109_LF_LIB_consensus_vsearch	647	C	Y	250	8	2.86%	2	2	93	93	0.0036969641636293116	1	1	153	97	6	2	T
E4_BC52_191109_LF_LIB_consensus_vsearch	648	A	W	255	10	3.6%	2	1	93	93	8.956759757555054E-4	1	1	159	96	10	0	T
E4_BC52_191109_LF_LIB_consensus_vsearch	649	C	Y	254	15	5.42%	2	2	93	93	2.4970730105602945E-5	1	1	160	94	10	5	T
E4_BC52_191109_LF_LIB_consensus_vsearch	650	G	G	278	1	0.36%	2	1	93	93	0.4999999999999138	1	1	174	104	1	0	+C
E4_BC52_191109_LF_LIB_consensus_vsearch	651	A	*/-G	263	7	2.49%	2	1	93	93	0.007510945692957774	1	1	161	102	7	0	-G
E4_BC52_191109_LF_LIB_consensus_vsearch	652	G	G	262	3	1.11%	2	1	93	93	0.12429111531193521	1	1	159	103	3	0	-AA
E4_BC52_191109_LF_LIB_consensus_vsearch	653	A	A	271	1	0.37%	2	1	93	93	0.4999999999999138	1	1	168	103	1	0	+G
E4_BC52_191109_LF_LIB_consensus_vsearch	654	A	A	278	1	0.36%	2	1	93	93	0.4999999999999138	1	1	174	104	1	0	+C
E4_BC52_191109_LF_LIB_consensus_vsearch	655	T	T	274	4	1.42%	2	1	93	93	0.061824935242698754	1	1	171	103	4	0	-A
E4_BC52_191109_LF_LIB_consensus_vsearch	656	A	*/-T	250	16	5.76%	2	2	93	93	1.209495021153664E-5	1	1	157	93	15	1	-T
E4_BC52_191109_LF_LIB_consensus_vsearch	657	T	T	260	4	1.5%	2	1	93	93	0.06178910273789233	1	1	158	102	4	0	G
E4_BC52_191109_LF_LIB_consensus_vsearch	658	T	T	280	1	0.35%	2	1	93	93	0.4999999999999138	1	1	177	103	1	0	+A
E4_BC52_191109_LF_LIB_consensus_vsearch	659	T	T	271	3	1.06%	2	1	93	93	0.12431444241326345	1	1	172	99	0	3	+G
E4_BC52_191109_LF_LIB_consensus_vsearch	660	G	R	267	8	2.88%	2	2	93	93	0.003709745731198054	1	1	169	98	4	4	A
E4_BC52_191109_LF_LIB_consensus_vsearch	661	C	C	271	3	1.08%	2	1	93	93	0.12431444241326345	1	1	172	99	0	3	-T
E4_BC52_191109_LF_LIB_consensus_vsearch	662	T	T	268	6	2.16%	2	2	93	93	0.015198883630026071	1	1	172	96	1	5	C
E4_BC52_191109_LF_LIB_consensus_vsearch	663	A	A	271	6	2.16%	2	2	93	93	0.015203481580703948	1	1	168	103	5	1	G
E4_BC52_191109_LF_LIB_consensus_vsearch	664	C	C	272	2	0.71%	2	1	93	93	0.2495429616087481	1	1	177	95	0	2	+T
E4_BC52_191109_LF_LIB_consensus_vsearch	665	T	Y	249	25	9.03%	2	2	93	93	1.6798870513918932E-8	1	1	174	75	3	22	C
E4_BC52_191109_LF_LIB_consensus_vsearch	666	G	G	271	2	0.72%	2	2	93	93	0.24954128440383208	1	1	170	101	1	1	+C
E4_BC52_191109_LF_LIB_consensus_vsearch	667	C	C	273	1	0.36%	2	1	93	93	0.4999999999999138	1	1	172	101	1	0	+A
E4_BC52_191109_LF_LIB_consensus_vsearch	668	C	C	274	2	0.72%	2	1	93	93	0.2495462794919261	1	1	172	102	2	0	-A
E4_BC52_191109_LF_LIB_consensus_vsearch	669	A	*/-C	260	9	3.25%	2	1	93	93	0.0018247429645633383	1	1	159	101	9	0	-C
E4_BC52_191109_LF_LIB_consensus_vsearch	670	C	C	261	2	0.75%	2	1	93	93	0.24952380952412506	1	1	161	100	2	0	G
E4_BC52_191109_LF_LIB_consensus_vsearch	671	C	*/-A	260	13	4.68%	2	1	93	93	1.0546505538439052E-4	1	1	160	100	13	0	-A
E4_BC52_191109_LF_LIB_consensus_vsearch	672	A	A	262	2	0.75%	2	1	93	93	0.24952561669824413	1	1	160	102	2	0	G
E4_BC52_191109_LF_LIB_consensus_vsearch	673	A	A	281	0	0%	2	0	93	0	1.0	1	0	177	104	0	0	
E4_BC52_191109_LF_LIB_consensus_vsearch	674	G	G	278	2	0.71%	2	1	93	93	0.24955277280837324	1	1	175	103	2	0	-A
E4_BC52_191109_LF_LIB_consensus_vsearch	675	A	*/-T	272	7	2.5%	2	1	93	93	0.007520602096545131	1	1	176	96	0	7	-T
E4_BC52_191109_LF_LIB_consensus_vsearch	676	T	T	274	1	0.36%	2	1	93	93	0.4999999999999138	1	1	177	97	1	0	+C
E4_BC52_191109_LF_LIB_consensus_vsearch	677	C	C	271	4	1.42%	2	1	93	93	0.06181756426009212	1	1	175	96	0	4	-G
E4_BC52_191109_LF_LIB_consensus_vsearch	678	G	G	265	4	1.44%	2	1	93	93	0.06180232861697055	1	1	173	92	0	4	+A
E4_BC52_191109_LF_LIB_consensus_vsearch	679	G	G	271	5	1.78%	2	2	93	93	0.030684398956702864	1	1	175	96	2	3	A
E4_BC52_191109_LF_LIB_consensus_vsearch	680	C	C	267	5	1.78%	2	1	93	93	0.030676089228361576	1	1	175	92	0	5	T
E4_BC52_191109_LF_LIB_consensus_vsearch	681	A	*/+C	261	8	2.88%	2	2	93	93	0.003705416747963619	1	1	169	92	1	7	+C
E4_BC52_191109_LF_LIB_consensus_vsearch	682	C	C	268	5	1.81%	2	2	93	93	0.030678189467263802	1	1	170	98	2	3	T
E4_BC52_191109_LF_LIB_consensus_vsearch	683	T	Y	216	33	11.79%	2	2	93	93	3.7411500961089156E-11	1	1	157	59	1	32	C
E4_BC52_191109_LF_LIB_consensus_vsearch	684	A	A	255	3	1.12%	2	1	93	93	0.1242718446601877	1	1	157	98	3	0	-G
E4_BC52_191109_LF_LIB_consensus_vsearch	685	G	G	267	5	1.8%	2	2	93	93	0.030676089228361576	1	1	165	102	4	1	-AG
E4_BC52_191109_LF_LIB_consensus_vsearch	686	A	*/-G	262	7	2.57%	2	2	93	93	0.007509833180020558	1	1	162	100	4	3	-G
E4_BC52_191109_LF_LIB_consensus_vsearch	687	G	G	265	3	1.11%	2	1	93	93	0.12429906542060956	1	1	165	100	3	0	A
E4_BC52_191109_LF_LIB_consensus_vsearch	688	G	G	277	1	0.35%	2	1	93	93	0.4999999999999138	1	1	175	102	1	0	+AA
E4_BC52_191109_LF_LIB_consensus_vsearch	689	C	Y	258	16	5.69%	2	1	93	93	1.2179716121014959E-5	1	1	174	84	0	16	T
E4_BC52_191109_LF_LIB_consensus_vsearch	690	T	T	273	2	0.72%	2	2	93	93	0.2495446265938613	1	1	172	101	1	1	A
E4_BC52_191109_LF_LIB_consensus_vsearch	691	G	G	273	5	1.78%	2	2	93	93	0.03068846423273724	1	1	175	98	2	3	A
E4_BC52_191109_LF_LIB_consensus_vsearch	692	C	C	263	6	2.15%	2	2	93	93	0.015190993352737225	1	1	172	91	1	5	-T
E4_BC52_191109_LF_LIB_consensus_vsearch	693	T	*/-C	248	25	9.16%	2	2	93	93	1.676195073082011E-8	1	1	152	96	22	3	-C
E4_BC52_191109_LF_LIB_consensus_vsearch	694	C	C	253	1	0.39%	2	1	93	93	0.5000000000003686	1	1	153	100	0	1	+G
E4_BC52_191109_LF_LIB_consensus_vsearch	695	C	C	279	3	1.06%	2	1	93	93	0.12433392539955081	1	1	178	101	0	3	T
E4_BC52_191109_LF_LIB_consensus_vsearch	696	A	A	272	3	1.06%	2	2	93	93	0.12431693989066941	1	1	174	98	2	1	G
E4_BC52_191109_LF_LIB_consensus_vsearch	697	G	G	272	3	1.08%	2	1	93	93	0.12431693989066941	1	1	171	101	3	0	-CCA
E4_BC52_191109_LF_LIB_consensus_vsearch	698	C	C	273	1	0.36%	2	1	93	93	0.4999999999999138	1	1	173	100	1	0	+G
E4_BC52_191109_LF_LIB_consensus_vsearch	699	C	*/-AC	260	9	3.24%	2	1	93	93	0.0018247429645633383	1	1	161	99	9	0	-AC
E4_BC52_191109_LF_LIB_consensus_vsearch	700	A	R	255	10	3.77%	2	2	93	93	8.956759757555054E-4	1	1	155	100	9	1	G
E4_BC52_191109_LF_LIB_consensus_vsearch	701	C	C	266	2	0.74%	2	1	93	93	0.24953271028049737	1	1	165	101	2	0	+A
E4_BC52_191109_LF_LIB_consensus_vsearch	702	G	G	269	4	1.43%	2	1	93	93	0.06181256019060895	1	1	170	99	0	4	+C
E4_BC52_191109_LF_LIB_consensus_vsearch	703	C	C	272	3	1.07%	2	1	93	93	0.12431693989066941	1	1	174	98	0	3	+T
E4_BC52_191109_LF_LIB_consensus_vsearch	704	T	T	262	6	2.15%	2	2	93	93	0.015189380104217696	1	1	164	98	4	2	-C
E4_BC52_191109_LF_LIB_consensus_vsearch	705	C	C	259	5	1.82%	2	1	93	93	0.030658715098946722	1	1	162	97	5	0	-AC
E4_BC52_191109_LF_LIB_consensus_vsearch	706	A	A	265	4	1.47%	2	2	93	93	0.06180232861697055	1	1	164	101	3	1	G
E4_BC52_191109_LF_LIB_consensus_vsearch	707	C	C	270	2	0.72%	2	1	93	93	0.2495395948434138	1	1	169	101	2	0	-G
E4_BC52_191109_LF_LIB_consensus_vsearch	708	G	*/-CG	268	9	3.21%	2	2	93	93	0.0018283858845795408	1	1	171	97	3	6	-CG
E4_BC52_191109_LF_LIB_consensus_vsearch	709	C	C	269	2	0.74%	2	2	93	93	0.24953789279111838	1	1	173	96	1	1	T
E4_BC52_191109_LF_LIB_consensus_vsearch	710	G	G	264	4	1.47%	2	1	93	93	0.06179972295775155	1	1	167	97	4	0	A
E4_BC52_191109_LF_LIB_consensus_vsearch	711	T	*/-C	237	37	13.12%	2	1	93	93	1.9766763591057802E-12	1	1	133	104	37	0	-C
E4_BC52_191109_LF_LIB_consensus_vsearch	712	C	C	241	1	0.41%	2	1	93	93	0.4999999999999138	1	1	139	102	0	1	+T
E4_BC52_191109_LF_LIB_consensus_vsearch	713	C	C	275	2	0.71%	2	2	93	93	0.24954792043411347	1	1	172	103	1	1	T
E4_BC52_191109_LF_LIB_consensus_vsearch	714	A	A	278	1	0.36%	2	1	93	93	0.4999999999999138	1	1	174	104	1	0	-GCCTTC
E4_BC52_191109_LF_LIB_consensus_vsearch	715	G	R	240	35	12.59%	2	1	93	93	9.168637501598873E-12	1	1	138	102	35	0	A
E4_BC52_191109_LF_LIB_consensus_vsearch	716	C	C	273	1	0.36%	2	1	93	93	0.4999999999999138	1	1	172	101	1	0	+AA
E4_BC52_191109_LF_LIB_consensus_vsearch	717	C	C	265	6	2.15%	2	1	93	93	0.015194184268635263	1	1	174	91	0	6	-T
E4_BC52_191109_LF_LIB_consensus_vsearch	718	T	T	267	1	0.37%	2	1	93	93	0.5000000000003686	1	1	172	95	1	0	A
E4_BC52_191109_LF_LIB_consensus_vsearch	719	T	T	272	2	0.73%	2	1	93	93	0.2495429616087481	1	1	173	99	0	2	-C
E4_BC52_191109_LF_LIB_consensus_vsearch	720	C	*/-TC	252	22	8%	2	2	93	93	1.537241662192643E-7	1	1	172	80	2	20	-TC
E4_BC52_191109_LF_LIB_consensus_vsearch	721	T	*/+C	223	30	11.58%	2	1	93	93	3.7357403429808717E-10	1	1	141	82	30	0	+C
E4_BC52_191109_LF_LIB_consensus_vsearch	722	C	C	256	2	0.77%	2	1	93	93	0.24951456310670525	1	1	173	83	2	0	+A
E4_BC52_191109_LF_LIB_consensus_vsearch	723	A	R	273	9	3.19%	2	1	93	93	0.0018305595870728112	1	1	169	104	9	0	G
E4_BC52_191109_LF_LIB_consensus_vsearch	724	G	R	265	14	4.96%	2	1	93	93	5.1640552478164746E-5	1	1	163	102	14	0	A
E4_BC52_191109_LF_LIB_consensus_vsearch	725	C	*/-A	259	10	3.56%	2	2	93	93	8.968490941134896E-4	1	1	162	97	8	2	-A
E4_BC52_191109_LF_LIB_consensus_vsearch	726	A	A	266	2	0.74%	2	2	93	93	0.24953271028049737	1	1	166	100	1	1	G
E4_BC52_191109_LF_LIB_consensus_vsearch	727	A	A	277	2	0.71%	2	1	93	93	0.24955116696580612	1	1	175	102	2	0	C
E4_BC52_191109_LF_LIB_consensus_vsearch	728	A	A	277	1	0.35%	2	1	93	93	0.4999999999999138	1	1	173	104	1	0	+T
E4_BC52_191109_LF_LIB_consensus_vsearch	729	T	T	273	3	1.08%	2	1	93	93	0.12431941923772909	1	1	173	100	0	3	C
E4_BC52_191109_LF_LIB_consensus_vsearch	730	T	T	274	4	1.43%	2	2	93	93	0.061824935242698754	1	1	174	100	1	3	C
E4_BC52_191109_LF_LIB_consensus_vsearch	731	A	A	276	2	0.71%	2	1	93	93	0.24954954954932992	1	1	172	104	2	0	C
E4_BC52_191109_LF_LIB_consensus_vsearch	732	A	*/-C	262	12	4.29%	2	2	93	93	2.1587845097457918E-4	1	1	168	94	4	8	-C
E4_BC52_191109_LF_LIB_consensus_vsearch	733	C	C	265	2	0.74%	2	1	93	93	0.2495309568482648	1	1	172	93	0	2	+TC
E4_BC52_191109_LF_LIB_consensus_vsearch	734	C	C	272	5	1.78%	2	1	93	93	0.03068643892575303	1	1	176	96	0	5	-T
E4_BC52_191109_LF_LIB_consensus_vsearch	735	T	T	260	5	1.82%	2	2	93	93	0.030660944175210838	1	1	167	93	4	1	-C
E4_BC52_191109_LF_LIB_consensus_vsearch	736	C	C	269	1	0.37%	2	1	93	93	0.4999999999999138	1	1	170	99	0	1	+TC
E4_BC52_191109_LF_LIB_consensus_vsearch	737	C	*/-AC	246	24	8.6%	2	1	93	93	3.492432734552862E-8	1	1	142	104	24	0	-AC
E4_BC52_191109_LF_LIB_consensus_vsearch	738	A	A	240	4	1.62%	2	1	93	93	0.06173077330172328	1	1	137	103	4	0	G
E4_BC52_191109_LF_LIB_consensus_vsearch	739	C	C	251	3	1.17%	2	1	93	93	0.12426035502961323	1	1	148	103	3	0	-G
E4_BC52_191109_LF_LIB_consensus_vsearch	740	G	*/-C	249	15	5.43%	2	2	93	93	2.487334698777583E-5	1	1	164	85	5	10	-C
E4_BC52_191109_LF_LIB_consensus_vsearch	741	C	*/+T	238	12	4.62%	2	1	93	93	2.132839981841494E-4	1	1	167	71	0	12	+T
E4_BC52_191109_LF_LIB_consensus_vsearch	742	C	Y	263	9	3.25%	2	2	93	93	0.0018261337158000507	1	1	175	88	1	8	T
E4_BC52_191109_LF_LIB_consensus_vsearch	743	C	C	274	4	1.42%	2	2	93	93	0.061824935242698754	1	1	176	98	1	3	-T
E4_BC52_191109_LF_LIB_consensus_vsearch	744	T	*/-C	242	19	6.83%	2	2	93	93	1.3580032452255354E-6	1	1	156	86	12	7	-C
E4_BC52_191109_LF_LIB_consensus_vsearch	745	C	C	257	1	0.39%	2	1	93	93	0.4999999999999138	1	1	166	91	0	1	A
E4_BC52_191109_LF_LIB_consensus_vsearch	746	C	C	264	6	2.16%	2	1	93	93	0.015192594697130085	1	1	176	88	0	6	+T
E4_BC52_191109_LF_LIB_consensus_vsearch	747	T	Y	253	8	2.93%	2	2	93	93	0.0036993391596663746	1	1	170	83	1	7	C
E4_BC52_191109_LF_LIB_consensus_vsearch	748	A	R	264	8	2.9%	2	2	93	93	0.0037076048169334716	1	1	167	97	7	1	G
E4_BC52_191109_LF_LIB_consensus_vsearch	749	C	*/-T	242	32	11.55%	2	2	93	93	8.906856095490048E-11	1	1	174	68	2	30	-T
E4_BC52_191109_LF_LIB_consensus_vsearch	750	T	T	239	5	2.01%	2	1	93	93	0.030610300810777105	1	1	168	71	5	0	+C
E4_BC52_191109_LF_LIB_consensus_vsearch	751	C	C	276	1	0.36%	2	1	93	93	0.5000000000003686	1	1	174	102	1	0	+TC
E4_BC52_191109_LF_LIB_consensus_vsearch	752	C	C	276	3	1.07%	2	2	93	93	0.12432675044874984	1	1	174	102	1	2	T
E4_BC52_191109_LF_LIB_consensus_vsearch	753	A	A	272	3	1.07%	2	2	93	93	0.12431693989066941	1	1	172	100	2	1	G
E4_BC52_191109_LF_LIB_consensus_vsearch	754	T	T	272	4	1.43%	2	2	93	93	0.06182003907461255	1	1	173	99	3	1	C
E4_BC52_191109_LF_LIB_consensus_vsearch	755	G	*/+C	265	10	3.56%	2	1	93	93	8.985463618717617E-4	1	1	166	99	10	0	+C
E4_BC52_191109_LF_LIB_consensus_vsearch	756	C	C	273	4	1.43%	2	1	93	93	0.061822496004320764	1	1	176	97	0	4	T
E4_BC52_191109_LF_LIB_consensus_vsearch	757	C	C	267	6	2.13%	2	2	93	93	0.015197328608558202	1	1	167	100	5	1	-G
E4_BC52_191109_LF_LIB_consensus_vsearch	758	G	R	265	9	3.26%	2	1	93	93	0.0018270442691405997	1	1	162	103	9	0	A
E4_BC52_191109_LF_LIB_consensus_vsearch	759	G	G	274	3	1.06%	2	1	93	93	0.1243218806510022	1	1	171	103	3	0	+C
E4_BC52_191109_LF_LIB_consensus_vsearch	760	C	C	262	5	1.79%	2	2	93	93	0.030665352285866324	1	1	164	98	2	3	+A
E4_BC52_191109_LF_LIB_consensus_vsearch	761	A	A	269	4	1.44%	2	1	93	93	0.06181256019060895	1	1	168	101	4	0	+GA
E4_BC52_191109_LF_LIB_consensus_vsearch	762	A	A	271	5	1.79%	2	1	93	93	0.030684398956702864	1	1	169	102	5	0	-G
E4_BC52_191109_LF_LIB_consensus_vsearch	763	G	R	247	13	4.71%	2	1	93	93	1.0467782079246774E-4	1	1	148	99	13	0	A
E4_BC52_191109_LF_LIB_consensus_vsearch	764	C	C	266	4	1.48%	2	1	93	93	0.06180491495741971	1	1	167	99	4	0	A
E4_BC52_191109_LF_LIB_consensus_vsearch	765	C	*/-G	268	7	2.49%	2	1	93	93	0.007516387806114139	1	1	172	96	0	7	-G
E4_BC52_191109_LF_LIB_consensus_vsearch	766	G	G	268	3	1.1%	2	1	93	93	0.12430683918669663	1	1	176	92	0	3	T
E4_BC52_191109_LF_LIB_consensus_vsearch	767	G	G	278	1	0.36%	2	1	93	93	0.4999999999999138	1	1	176	102	1	0	+TGG
E4_BC52_191109_LF_LIB_consensus_vsearch	768	A	A	278	1	0.36%	2	1	93	93	0.4999999999999138	1	1	176	102	0	1	-CA
E4_BC52_191109_LF_LIB_consensus_vsearch	769	C	C	274	2	0.71%	2	1	93	93	0.2495462794919261	1	1	172	102	2	0	-A
E4_BC52_191109_LF_LIB_consensus_vsearch	770	A	A	270	2	0.72%	2	2	93	93	0.2495395948434138	1	1	170	100	1	1	+G
E4_BC52_191109_LF_LIB_consensus_vsearch	771	T	*/-G	262	7	2.52%	2	1	93	93	0.007509833180020558	1	1	168	94	0	7	-G
E4_BC52_191109_LF_LIB_consensus_vsearch	772	G	R	263	8	2.93%	2	1	93	93	0.003706880776381375	1	1	168	95	8	0	A
E4_BC52_191109_LF_LIB_consensus_vsearch	773	G	*/+A	272	7	2.49%	2	1	93	93	0.007520602096545131	1	1	171	101	7	0	+A
E4_BC52_191109_LF_LIB_consensus_vsearch	774	G	G	273	5	1.77%	2	2	93	93	0.03068846423273724	1	1	171	102	4	1	-C
E4_BC52_191109_LF_LIB_consensus_vsearch	775	C	C	274	1	0.36%	2	1	93	93	0.4999999999999138	1	1	172	102	1	0	+G
E4_BC52_191109_LF_LIB_consensus_vsearch	776	C	C	267	6	2.13%	2	2	93	93	0.015197328608558202	1	1	168	99	3	3	T
E4_BC52_191109_LF_LIB_consensus_vsearch	777	A	A	267	6	2.17%	2	1	93	93	0.015197328608558202	1	1	166	101	6	0	-T
E4_BC52_191109_LF_LIB_consensus_vsearch	778	T	T	254	4	1.48%	2	1	93	93	0.06177255436325217	1	1	157	97	4	0	-G
E4_BC52_191109_LF_LIB_consensus_vsearch	779	G	G	252	5	1.86%	2	1	93	93	0.030642626352771006	1	1	157	95	5	0	+C
E4_BC52_191109_LF_LIB_consensus_vsearch	780	C	C	263	3	1.11%	2	1	93	93	0.12429378531094196	1	1	169	94	0	3	T
E4_BC52_191109_LF_LIB_consensus_vsearch	781	A	*/-T	257	11	3.99%	2	1	93	93	4.3975708311224564E-4	1	1	167	90	0	11	-T
E4_BC52_191109_LF_LIB_consensus_vsearch	782	T	T	259	2	0.75%	2	1	93	93	0.24952015355082954	1	1	169	90	2	0	+C
E4_BC52_191109_LF_LIB_consensus_vsearch	783	C	C	270	2	0.73%	2	2	93	93	0.2495395948434138	1	1	171	99	1	1	-G
E4_BC52_191109_LF_LIB_consensus_vsearch	784	G	R	262	8	2.9%	2	1	93	93	0.0037061514394952193	1	1	159	103	8	0	A
E4_BC52_191109_LF_LIB_consensus_vsearch	785	G	K	271	7	2.5%	2	1	93	93	0.0075195598088442315	1	1	168	103	7	0	T
E4_BC52_191109_LF_LIB_consensus_vsearch	786	T	T	275	3	1.06%	2	1	93	93	0.1243243243242452	1	1	175	100	3	0	-G
E4_BC52_191109_LF_LIB_consensus_vsearch	787	G	G	273	2	0.72%	2	1	93	93	0.2495446265938613	1	1	170	103	2	0	A
E4_BC52_191109_LF_LIB_consensus_vsearch	788	C	C	270	5	1.79%	2	2	93	93	0.030682344165700513	1	1	171	99	3	2	+T
E4_BC52_191109_LF_LIB_consensus_vsearch	789	T	*/+G	248	17	6.09%	2	1	93	93	5.853935160646984E-6	1	1	151	97	17	0	+G
E4_BC52_191109_LF_LIB_consensus_vsearch	790	A	*/-G	247	17	6.16%	2	2	93	93	5.847872971450355E-6	1	1	155	92	8	9	-G
E4_BC52_191109_LF_LIB_consensus_vsearch	791	G	R	254	9	3.4%	2	1	93	93	0.0018218680650561358	1	1	159	95	9	0	A
E4_BC52_191109_LF_LIB_consensus_vsearch	792	G	G	274	5	1.77%	2	1	93	93	0.030690475035149573	1	1	172	102	5	0	A
E4_BC52_191109_LF_LIB_consensus_vsearch	793	C	*/-T	257	7	2.49%	2	2	93	93	0.007504145184876668	1	1	162	95	4	3	-T
E4_BC52_191109_LF_LIB_consensus_vsearch	794	T	T	258	5	1.89%	2	2	93	93	0.030656469088614302	1	1	158	100	4	1	A
E4_BC52_191109_LF_LIB_consensus_vsearch	795	T	*/-A	238	19	6.99%	2	2	93	93	1.3505722090443434E-6	1	1	141	97	16	3	-A
E4_BC52_191109_LF_LIB_consensus_vsearch	796	A	A	248	6	2.34%	2	2	93	93	0.015165466280175907	1	1	152	96	5	1	C
E4_BC52_191109_LF_LIB_consensus_vsearch	797	A	R	268	7	2.52%	2	2	93	93	0.007516387806114139	1	1	173	95	4	3	G
E4_BC52_191109_LF_LIB_consensus_vsearch	798	G	G	276	2	0.71%	2	1	93	93	0.24954954954932992	1	1	177	99	0	2	+C
E4_BC52_191109_LF_LIB_consensus_vsearch	799	C	C	272	3	1.07%	2	2	93	93	0.12431693989066941	1	1	174	98	1	2	-GC
E4_BC52_191109_LF_LIB_consensus_vsearch	800	G	G	273	2	0.72%	2	1	93	93	0.2495446265938613	1	1	172	101	2	0	A
E4_BC52_191109_LF_LIB_consensus_vsearch	801	C	C	273	3	1.08%	2	1	93	93	0.12431941923772909	1	1	172	101	3	0	T
E4_BC52_191109_LF_LIB_consensus_vsearch	802	C	C	272	6	2.14%	2	1	93	93	0.015204992260514073	1	1	175	97	0	6	T
E4_BC52_191109_LF_LIB_consensus_vsearch	803	A	A	277	4	1.42%	2	1	93	93	0.06183214869952844	1	1	173	104	4	0	+CCA
E4_BC52_191109_LF_LIB_consensus_vsearch	804	T	T	272	6	2.13%	2	1	93	93	0.015204992260514073	1	1	168	104	6	0	-C
E4_BC52_191109_LF_LIB_consensus_vsearch	805	C	C	275	1	0.36%	2	1	93	93	0.5000000000003686	1	1	171	104	1	0	+A
E4_BC52_191109_LF_LIB_consensus_vsearch	806	C	C	273	4	1.42%	2	2	93	93	0.061822496004320764	1	1	170	103	3	1	T
E4_BC52_191109_LF_LIB_consensus_vsearch	807	A	*/-T	232	24	8.6%	2	2	93	93	3.386971289599722E-8	1	1	134	98	22	2	-T
E4_BC52_191109_LF_LIB_consensus_vsearch	808	T	T	249	2	0.79%	2	2	93	93	0.24950099800389156	1	1	150	99	1	1	C
E4_BC52_191109_LF_LIB_consensus_vsearch	809	T	T	275	2	0.71%	2	2	93	93	0.24954792043411347	1	1	173	102	1	1	C
E4_BC52_191109_LF_LIB_consensus_vsearch	810	T	T	278	3	1.07%	2	2	93	93	0.12433155080212302	1	1	175	103	2	1	C
E4_BC52_191109_LF_LIB_consensus_vsearch	811	T	T	273	4	1.42%	2	1	93	93	0.061822496004320764	1	1	169	104	4	0	C
E4_BC52_191109_LF_LIB_consensus_vsearch	812	C	C	271	4	1.42%	2	1	93	93	0.06181756426009212	1	1	169	102	4	0	+A
E4_BC52_191109_LF_LIB_consensus_vsearch	813	A	*/-G	248	14	4.98%	2	2	93	93	5.106875368908258E-5	1	1	157	91	5	9	-G
E4_BC52_191109_LF_LIB_consensus_vsearch	814	G	G	263	3	1.12%	2	1	93	93	0.12429378531094196	1	1	169	94	3	0	+A
E4_BC52_191109_LF_LIB_consensus_vsearch	815	G	G	280	1	0.36%	2	1	93	93	0.4999999999999138	1	1	176	104	1	0	+A
E4_BC52_191109_LF_LIB_consensus_vsearch	816	G	G	273	4	1.42%	2	2	93	93	0.061822496004320764	1	1	171	102	3	1	A
E4_BC52_191109_LF_LIB_consensus_vsearch	817	C	C	277	1	0.36%	2	1	93	93	0.4999999999999138	1	1	173	104	1	0	T
E4_BC52_191109_LF_LIB_consensus_vsearch	818	C	C	272	4	1.42%	2	1	93	93	0.06182003907461255	1	1	170	102	4	0	+A
E4_BC52_191109_LF_LIB_consensus_vsearch	819	G	G	270	6	2.14%	2	1	93	93	0.015201959994994966	1	1	168	102	6	0	-A
E4_BC52_191109_LF_LIB_consensus_vsearch	820	A	A	270	3	1.09%	2	2	93	93	0.12431192660547026	1	1	168	102	2	1	-G
E4_BC52_191109_LF_LIB_consensus_vsearch	821	G	G	274	2	0.72%	2	2	93	93	0.2495462794919261	1	1	172	102	1	1	-C
E4_BC52_191109_LF_LIB_consensus_vsearch	822	C	C	265	6	2.15%	2	2	93	93	0.015194184268635263	1	1	168	97	4	2	T
E4_BC52_191109_LF_LIB_consensus_vsearch	823	G	G	275	2	0.71%	2	1	93	93	0.24954792043411347	1	1	174	101	2	0	-A
E4_BC52_191109_LF_LIB_consensus_vsearch	824	A	A	275	2	0.72%	2	1	93	93	0.24954792043411347	1	1	175	100	0	2	-T
E4_BC52_191109_LF_LIB_consensus_vsearch	825	T	T	273	3	1.08%	2	1	93	93	0.12431941923772909	1	1	176	97	0	3	+C
E4_BC52_191109_LF_LIB_consensus_vsearch	826	T	T	271	4	1.43%	2	1	93	93	0.06181756426009212	1	1	172	99	4	0	+C
E4_BC52_191109_LF_LIB_consensus_vsearch	827	C	C	266	3	1.09%	2	2	93	93	0.1243016759777629	1	1	175	91	1	2	T
E4_BC52_191109_LF_LIB_consensus_vsearch	828	G	G	275	1	0.36%	2	1	93	93	0.5000000000003686	1	1	177	98	0	1	+CCG
E4_BC52_191109_LF_LIB_consensus_vsearch	829	G	G	278	1	0.36%	2	1	93	93	0.4999999999999138	1	1	176	102	1	0	+C
E4_BC52_191109_LF_LIB_consensus_vsearch	830	C	C	273	3	1.07%	2	2	93	93	0.12431941923772909	1	1	172	101	1	2	+A
E4_BC52_191109_LF_LIB_consensus_vsearch	831	A	R	243	28	10%	2	1	93	93	1.786219707142426E-9	1	1	145	98	28	0	G
E4_BC52_191109_LF_LIB_consensus_vsearch	832	G	G	269	4	1.45%	2	1	93	93	0.06181256019060895	1	1	172	97	4	0	+A
E4_BC52_191109_LF_LIB_consensus_vsearch	833	G	G	278	1	0.36%	2	1	93	93	0.4999999999999138	1	1	176	102	1	0	+C
E4_BC52_191109_LF_LIB_consensus_vsearch	834	T	*/-A	250	12	4.29%	2	2	93	93	2.146380749426225E-4	1	1	162	88	11	1	-A
E4_BC52_191109_LF_LIB_consensus_vsearch	835	A	A	255	2	0.78%	2	2	93	93	0.2495126705651419	1	1	165	90	1	1	G
E4_BC52_191109_LF_LIB_consensus_vsearch	836	A	R	263	8	2.94%	2	2	93	93	0.003706880776381375	1	1	171	92	7	1	G
E4_BC52_191109_LF_LIB_consensus_vsearch	837	G	G	272	3	1.07%	2	1	93	93	0.12431693989066941	1	1	174	98	0	3	-TT
E4_BC52_191109_LF_LIB_consensus_vsearch	838	T	T	275	0	0%	2	0	93	0	1.0	1	0	177	98	0	0	
E4_BC52_191109_LF_LIB_consensus_vsearch	839	T	T	270	2	0.72%	2	1	93	93	0.2495395948434138	1	1	172	98	2	0	+C
E4_BC52_191109_LF_LIB_consensus_vsearch	840	G	R	269	7	2.53%	2	1	93	93	0.007517452744777598	1	1	166	103	7	0	A
E4_BC52_191109_LF_LIB_consensus_vsearch	841	T	T	275	1	0.36%	2	1	93	93	0.5000000000003686	1	1	171	104	1	0	A
E4_BC52_191109_LF_LIB_consensus_vsearch	842	T	T	273	3	1.08%	2	1	93	93	0.12431941923772909	1	1	172	101	0	3	+G
E4_BC52_191109_LF_LIB_consensus_vsearch	843	A	A	272	2	0.72%	2	2	93	93	0.2495429616087481	1	1	172	100	1	1	-C
E4_BC52_191109_LF_LIB_consensus_vsearch	844	C	C	272	3	1.08%	2	2	93	93	0.12431693989066941	1	1	170	102	2	1	-A
E4_BC52_191109_LF_LIB_consensus_vsearch	845	A	R	264	7	2.53%	2	1	93	93	0.007512050058182546	1	1	165	99	7	0	G
E4_BC52_191109_LF_LIB_consensus_vsearch	846	C	*/-AC	222	50	17.92%	2	2	93	93	7.427482842173302E-17	1	1	126	96	48	2	-AC
E4_BC52_191109_LF_LIB_consensus_vsearch	847	A	R	220	8	3.49%	2	1	93	93	0.0036698276230520683	1	1	119	101	8	0	G
E4_BC52_191109_LF_LIB_consensus_vsearch	848	C	*/+AC	214	8	3.49%	2	2	93	93	0.003663533633296164	1	1	116	98	7	1	+AC
E4_BC52_191109_LF_LIB_consensus_vsearch	849	T	T	277	2	0.71%	2	1	93	93	0.24955116696580612	1	1	176	101	0	2	C
E4_BC52_191109_LF_LIB_consensus_vsearch	850	T	*/-CT	247	15	5.34%	2	1	93	93	2.483343316643122E-5	1	1	173	74	0	15	-CT
E4_BC52_191109_LF_LIB_consensus_vsearch	851	C	C	246	3	1.19%	2	1	93	93	0.1242454728369122	1	1	175	71	0	3	-T
E4_BC52_191109_LF_LIB_consensus_vsearch	852	T	T	244	3	1.21%	2	2	93	93	0.1242393509128018	1	1	173	71	2	1	A
E4_BC52_191109_LF_LIB_consensus_vsearch	853	T	T	259	3	1.13%	2	1	93	93	0.12428298279160237	1	1	170	89	3	0	-AGC
E4_BC52_191109_LF_LIB_consensus_vsearch	854	A	R	261	14	5.04%	2	1	93	93	5.151198010501235E-5	1	1	160	101	14	0	G
E4_BC52_191109_LF_LIB_consensus_vsearch	855	G	G	273	2	0.72%	2	2	93	93	0.2495446265938613	1	1	174	99	1	1	A
E4_BC52_191109_LF_LIB_consensus_vsearch	856	C	C	269	4	1.43%	2	2	93	93	0.06181256019060895	1	1	173	96	1	3	T
E4_BC52_191109_LF_LIB_consensus_vsearch	857	G	G	274	4	1.43%	2	1	93	93	0.061824935242698754	1	1	172	102	4	0	A
E4_BC52_191109_LF_LIB_consensus_vsearch	858	G	G	276	3	1.07%	2	2	93	93	0.12432675044874984	1	1	174	102	2	1	-A
E4_BC52_191109_LF_LIB_consensus_vsearch	859	A	A	276	1	0.36%	2	1	93	93	0.5000000000003686	1	1	174	102	1	0	+G
E4_BC52_191109_LF_LIB_consensus_vsearch	860	T	T	280	1	0.36%	2	1	93	93	0.4999999999999138	1	1	177	103	1	0	+C
E4_BC52_191109_LF_LIB_consensus_vsearch	861	G	G	276	5	1.77%	2	1	93	93	0.030694453745074273	1	1	172	104	5	0	A
E4_BC52_191109_LF_LIB_consensus_vsearch	862	C	C	281	1	0.35%	2	1	93	93	0.4999999999999138	1	1	178	103	0	1	T
E4_BC52_191109_LF_LIB_consensus_vsearch	863	C	C	272	4	1.42%	2	1	93	93	0.06182003907461255	1	1	172	100	4	0	+A
E4_BC52_191109_LF_LIB_consensus_vsearch	864	G	G	277	2	0.71%	2	1	93	93	0.24955116696580612	1	1	173	104	2	0	-A
E4_BC52_191109_LF_LIB_consensus_vsearch	865	A	A	268	4	1.43%	2	1	93	93	0.061810030534865154	1	1	172	96	0	4	+T
E4_BC52_191109_LF_LIB_consensus_vsearch	866	C	*/-T	251	17	6.14%	2	2	93	93	5.871878244831277E-6	1	1	160	91	15	2	-T
E4_BC52_191109_LF_LIB_consensus_vsearch	867	T	T	252	4	1.54%	2	1	93	93	0.06176686569346045	1	1	157	95	0	4	+C
E4_BC52_191109_LF_LIB_consensus_vsearch	868	T	*/-C	237	23	8.19%	2	2	93	93	7.167665247804456E-8	1	1	157	80	3	20	-C
E4_BC52_191109_LF_LIB_consensus_vsearch	869	C	M	230	9	3.59%	2	2	93	93	0.0018089548541641684	1	1	154	76	6	3	A
E4_BC52_191109_LF_LIB_consensus_vsearch	870	C	C	257	5	1.82%	2	2	93	93	0.03065420595045833	1	1	163	94	2	3	-AT
E4_BC52_191109_LF_LIB_consensus_vsearch	871	A	A	256	5	1.82%	2	1	93	93	0.03065192548788321	1	1	158	98	5	0	-TG
E4_BC52_191109_LF_LIB_consensus_vsearch	872	T	Y	252	7	2.63%	2	2	93	93	0.007498239332403135	1	1	156	96	4	3	C
E4_BC52_191109_LF_LIB_consensus_vsearch	873	G	R	256	12	4.43%	2	1	93	93	2.1527156259027708E-4	1	1	153	103	12	0	A
E4_BC52_191109_LF_LIB_consensus_vsearch	874	G	R	267	8	2.85%	2	1	93	93	0.003709745731198054	1	1	164	103	8	0	A
E4_BC52_191109_LF_LIB_consensus_vsearch	875	C	C	273	3	1.08%	2	1	93	93	0.12431941923772909	1	1	170	103	3	0	A
E4_BC52_191109_LF_LIB_consensus_vsearch	876	C	C	268	6	2.14%	2	2	93	93	0.015198883630026071	1	1	166	102	5	1	T
E4_BC52_191109_LF_LIB_consensus_vsearch	877	A	A	273	2	0.72%	2	2	93	93	0.2495446265938613	1	1	171	102	1	1	-C
E4_BC52_191109_LF_LIB_consensus_vsearch	878	C	C	275	1	0.36%	2	1	93	93	0.5000000000003686	1	1	173	102	1	0	G
E4_BC52_191109_LF_LIB_consensus_vsearch	879	C	C	274	4	1.43%	2	2	93	93	0.061824935242698754	1	1	174	100	1	3	T
E4_BC52_191109_LF_LIB_consensus_vsearch	880	G	G	278	3	1.07%	2	1	93	93	0.12433155080212302	1	1	174	104	3	0	A
E4_BC52_191109_LF_LIB_consensus_vsearch	881	T	*/-C	262	15	5.34%	2	2	93	93	2.511976418557975E-5	1	1	160	102	14	1	-C
E4_BC52_191109_LF_LIB_consensus_vsearch	882	C	*/+A	259	7	2.63%	2	1	93	93	0.007506445843275869	1	1	156	103	7	0	+A
E4_BC52_191109_LF_LIB_consensus_vsearch	883	C	C	275	4	1.42%	2	2	93	93	0.06182735698001327	1	1	173	102	2	2	-T
E4_BC52_191109_LF_LIB_consensus_vsearch	884	T	Y	264	11	3.97%	2	2	93	93	4.409533072146887E-4	1	1	171	93	2	9	C
E4_BC52_191109_LF_LIB_consensus_vsearch	885	G	G	268	6	2.14%	2	1	93	93	0.015198883630026071	1	1	166	102	6	0	A
E4_BC52_191109_LF_LIB_consensus_vsearch	886	C	C	267	4	1.44%	2	2	93	93	0.061807482193030554	1	1	167	100	3	1	-T
E4_BC52_191109_LF_LIB_consensus_vsearch	887	T	T	266	4	1.45%	2	2	93	93	0.06180491495741971	1	1	169	97	1	3	C
E4_BC52_191109_LF_LIB_consensus_vsearch	888	G	R	269	7	2.5%	2	1	93	93	0.007517452744777598	1	1	167	102	7	0	A
E4_BC52_191109_LF_LIB_consensus_vsearch	889	T	T	271	4	1.43%	2	2	93	93	0.06181756426009212	1	1	172	99	1	3	C
E4_BC52_191109_LF_LIB_consensus_vsearch	890	C	C	275	1	0.36%	2	1	93	93	0.5000000000003686	1	1	172	103	1	0	+A
E4_BC52_191109_LF_LIB_consensus_vsearch	891	A	*/-TCA	265	7	2.52%	2	2	93	93	0.00751314636487435	1	1	166	99	5	2	-TCA
E4_BC52_191109_LF_LIB_consensus_vsearch	892	T	T	262	4	1.48%	2	1	93	93	0.06179445281046573	1	1	164	98	4	0	-C
E4_BC52_191109_LF_LIB_consensus_vsearch	893	C	C	264	1	0.37%	2	1	93	93	0.4999999999999138	1	1	162	102	1	0	+T
E4_BC52_191109_LF_LIB_consensus_vsearch	894	A	A	263	3	1.12%	2	2	93	93	0.12429378531094196	1	1	164	99	2	1	-C
E4_BC52_191109_LF_LIB_consensus_vsearch	895	C	C	268	2	0.73%	2	1	93	93	0.24953617810762627	1	1	168	100	2	0	+AC
E4_BC52_191109_LF_LIB_consensus_vsearch	896	C	Y	265	9	3.25%	2	2	93	93	0.0018270442691405997	1	1	170	95	2	7	T
E4_BC52_191109_LF_LIB_consensus_vsearch	897	G	G	272	3	1.08%	2	1	93	93	0.12431693989066941	1	1	170	102	3	0	-C
E4_BC52_191109_LF_LIB_consensus_vsearch	898	C	C	272	1	0.36%	2	1	93	93	0.5000000000003686	1	1	170	102	1	0	+TT
E4_BC52_191109_LF_LIB_consensus_vsearch	899	C	C	274	2	0.72%	2	1	93	93	0.2495462794919261	1	1	173	101	2	0	A
E4_BC52_191109_LF_LIB_consensus_vsearch	900	C	Y	268	8	2.86%	2	2	93	93	0.003710449152927439	1	1	172	96	2	6	T
E4_BC52_191109_LF_LIB_consensus_vsearch	901	G	G	276	1	0.36%	2	1	93	93	0.5000000000003686	1	1	172	104	1	0	+T
E4_BC52_191109_LF_LIB_consensus_vsearch	902	A	A	272	5	1.8%	2	1	93	93	0.03068643892575303	1	1	168	104	5	0	G
E4_BC52_191109_LF_LIB_consensus_vsearch	903	C	C	265	6	2.15%	2	1	93	93	0.015194184268635263	1	1	164	101	6	0	-GC
E4_BC52_191109_LF_LIB_consensus_vsearch	904	G	G	267	6	2.2%	2	2	93	93	0.015197328608558202	1	1	165	102	4	2	-C
E4_BC52_191109_LF_LIB_consensus_vsearch	905	C	C	264	1	0.37%	2	1	93	93	0.4999999999999138	1	1	163	101	1	0	+A
E4_BC52_191109_LF_LIB_consensus_vsearch	906	C	*/-T	182	49	17.56%	2	2	93	93	1.0269393994346205E-16	1	1	132	50	22	27	-T
E4_BC52_191109_LF_LIB_consensus_vsearch	907	T	T	200	3	1.48%	2	2	93	93	0.12407407407409911	1	1	139	61	2	1	C
E4_BC52_191109_LF_LIB_consensus_vsearch	908	T	T	248	3	1.19%	2	2	93	93	0.12425149700602607	1	1	162	86	1	2	C
E4_BC52_191109_LF_LIB_consensus_vsearch	909	T	T	266	1	0.37%	2	1	93	93	0.4999999999999138	1	1	170	96	1	0	A
E4_BC52_191109_LF_LIB_consensus_vsearch	910	T	T	268	3	1.09%	2	2	93	93	0.12430683918669663	1	1	169	99	2	1	C
E4_BC52_191109_LF_LIB_consensus_vsearch	911	T	T	269	3	1.09%	2	2	93	93	0.12430939226523824	1	1	169	100	2	1	C
E4_BC52_191109_LF_LIB_consensus_vsearch	912	A	R	267	7	2.53%	2	1	93	93	0.007515315152860378	1	1	167	100	7	0	G
E4_BC52_191109_LF_LIB_consensus_vsearch	913	C	C	276	1	0.36%	2	1	93	93	0.5000000000003686	1	1	175	101	1	0	+TC
E4_BC52_191109_LF_LIB_consensus_vsearch	914	A	A	277	2	0.72%	2	2	93	93	0.24955116696580612	1	1	175	102	1	1	G
E4_BC52_191109_LF_LIB_consensus_vsearch	915	T	T	277	2	0.71%	2	1	93	93	0.24955116696580612	1	1	174	103	2	0	-C
E4_BC52_191109_LF_LIB_consensus_vsearch	916	C	C	277	1	0.36%	2	1	93	93	0.4999999999999138	1	1	174	103	1	0	+G
E4_BC52_191109_LF_LIB_consensus_vsearch	917	C	C	277	2	0.71%	2	1	93	93	0.24955116696580612	1	1	174	103	2	0	-AT
E4_BC52_191109_LF_LIB_consensus_vsearch	918	A	A	274	2	0.72%	2	1	93	93	0.2495462794919261	1	1	171	103	2	0	+T
E4_BC52_191109_LF_LIB_consensus_vsearch	919	T	T	269	4	1.44%	2	1	93	93	0.06181256019060895	1	1	168	101	4	0	G
E4_BC52_191109_LF_LIB_consensus_vsearch	920	T	T	276	3	1.07%	2	1	93	93	0.12432675044874984	1	1	176	100	0	3	-G
E4_BC52_191109_LF_LIB_consensus_vsearch	921	G	G	273	3	1.08%	2	1	93	93	0.12431941923772909	1	1	173	100	3	0	+TG
E4_BC52_191109_LF_LIB_consensus_vsearch	922	G	*/-C	246	26	9.25%	2	1	93	93	7.959600433939235E-9	1	1	143	103	26	0	-C
E4_BC52_191109_LF_LIB_consensus_vsearch	923	C	C	249	3	1.18%	2	1	93	93	0.12425447316115633	1	1	150	99	0	3	T
E4_BC52_191109_LF_LIB_consensus_vsearch	924	C	C	274	6	2.14%	2	2	93	93	0.015207981368047678	1	1	174	100	2	4	-T
E4_BC52_191109_LF_LIB_consensus_vsearch	925	T	*/+G	253	18	6.57%	2	2	93	93	2.849379022335122E-6	1	1	156	97	17	1	+G
E4_BC52_191109_LF_LIB_consensus_vsearch	926	A	*/-G	255	16	5.73%	2	2	93	93	1.2148464057705646E-5	1	1	154	101	15	1	-G
E4_BC52_191109_LF_LIB_consensus_vsearch	927	G	G	259	3	1.13%	2	2	93	93	0.12428298279160237	1	1	157	102	2	1	-A
E4_BC52_191109_LF_LIB_consensus_vsearch	928	A	A	273	1	0.36%	2	1	93	93	0.4999999999999138	1	1	171	102	1	0	+G
E4_BC52_191109_LF_LIB_consensus_vsearch	929	C	C	272	4	1.43%	2	1	93	93	0.06182003907461255	1	1	174	98	0	4	-T
E4_BC52_191109_LF_LIB_consensus_vsearch	930	T	T	270	2	0.73%	2	1	93	93	0.2495395948434138	1	1	173	97	0	2	+CC
E4_BC52_191109_LF_LIB_consensus_vsearch	931	T	T	265	5	1.79%	2	2	93	93	0.030671842124359663	1	1	165	100	4	1	+G
E4_BC52_191109_LF_LIB_consensus_vsearch	932	A	*/-G	241	21	7.55%	2	1	93	93	3.141843072126988E-7	1	1	163	78	0	21	-G
E4_BC52_191109_LF_LIB_consensus_vsearch	933	G	G	254	2	0.77%	2	1	93	93	0.2495107632092758	1	1	174	80	0	2	+T
E4_BC52_191109_LF_LIB_consensus_vsearch	934	G	G	277	3	1.07%	2	1	93	93	0.12432915921300346	1	1	177	100	0	3	A
E4_BC52_191109_LF_LIB_consensus_vsearch	935	C	C	264	6	2.14%	2	1	93	93	0.015192594697130085	1	1	172	92	0	6	T
E4_BC52_191109_LF_LIB_consensus_vsearch	936	A	A	266	4	1.43%	2	1	93	93	0.06180491495741971	1	1	169	97	4	0	G
E4_BC52_191109_LF_LIB_consensus_vsearch	937	C	C	270	2	0.73%	2	2	93	93	0.2495395948434138	1	1	172	98	1	1	A
E4_BC52_191109_LF_LIB_consensus_vsearch	938	C	*/-T	253	11	3.96%	2	2	93	93	4.390460042919817E-4	1	1	167	86	5	6	-T
E4_BC52_191109_LF_LIB_consensus_vsearch	939	T	T	263	2	0.75%	2	1	93	93	0.24952741020799885	1	1	166	97	2	0	G
E4_BC52_191109_LF_LIB_consensus_vsearch	940	T	Y	267	7	2.5%	2	2	93	93	0.007515315152860378	1	1	167	100	4	3	C
E4_BC52_191109_LF_LIB_consensus_vsearch	941	A	*/-GCA	260	10	3.6%	2	1	93	93	8.97137079051494E-4	1	1	157	103	10	0	-GCA
E4_BC52_191109_LF_LIB_consensus_vsearch	942	G	G	265	1	0.37%	2	1	93	93	0.4999999999999138	1	1	162	103	1	0	+T
E4_BC52_191109_LF_LIB_consensus_vsearch	943	C	C	265	3	1.12%	2	2	93	93	0.12429906542060956	1	1	162	103	2	1	T
E4_BC52_191109_LF_LIB_consensus_vsearch	944	A	A	266	3	1.11%	2	2	93	93	0.1243016759777629	1	1	163	103	2	1	-TG
E4_BC52_191109_LF_LIB_consensus_vsearch	945	T	T	272	3	1.08%	2	2	93	93	0.12431693989066941	1	1	171	101	1	2	C
E4_BC52_191109_LF_LIB_consensus_vsearch	946	G	G	270	6	2.16%	2	1	93	93	0.015201959994994966	1	1	168	102	6	0	A
E4_BC52_191109_LF_LIB_consensus_vsearch	947	G	G	275	3	1.07%	2	1	93	93	0.1243243243242452	1	1	171	104	3	0	-CG
E4_BC52_191109_LF_LIB_consensus_vsearch	948	C	C	277	1	0.36%	2	1	93	93	0.4999999999999138	1	1	174	103	0	1	+A
E4_BC52_191109_LF_LIB_consensus_vsearch	949	G	G	274	2	0.72%	2	1	93	93	0.2495462794919261	1	1	172	102	0	2	-T
E4_BC52_191109_LF_LIB_consensus_vsearch	950	T	T	274	4	1.43%	2	1	93	93	0.061824935242698754	1	1	176	98	0	4	+C
E4_BC52_191109_LF_LIB_consensus_vsearch	951	T	T	271	5	1.78%	2	2	93	93	0.030684398956702864	1	1	176	95	1	4	-C
E4_BC52_191109_LF_LIB_consensus_vsearch	952	C	C	270	2	0.72%	2	1	93	93	0.2495395948434138	1	1	174	96	0	2	-G
E4_BC52_191109_LF_LIB_consensus_vsearch	953	G	G	270	4	1.44%	2	1	93	93	0.06181507136518779	1	1	172	98	4	0	A
E4_BC52_191109_LF_LIB_consensus_vsearch	954	G	G	275	1	0.36%	2	1	93	93	0.5000000000003686	1	1	173	102	0	1	+C
E4_BC52_191109_LF_LIB_consensus_vsearch	955	T	Y	263	16	5.73%	2	2	93	93	1.2230436340114371E-5	1	1	173	90	3	13	C
E4_BC52_191109_LF_LIB_consensus_vsearch	956	T	T	273	2	0.71%	2	1	93	93	0.2495446265938613	1	1	175	98	0	2	-G
E4_BC52_191109_LF_LIB_consensus_vsearch	957	G	G	277	1	0.36%	2	1	93	93	0.4999999999999138	1	1	176	101	0	1	+AACG
E4_BC52_191109_LF_LIB_consensus_vsearch	958	A	A	273	2	0.71%	2	1	93	93	0.2495446265938613	1	1	175	98	0	2	-T
E4_BC52_191109_LF_LIB_consensus_vsearch	959	T	*/-C	199	71	25.54%	2	2	93	93	2.08686451276409E-24	1	1	105	94	67	4	-C
E4_BC52_191109_LF_LIB_consensus_vsearch	960	C	C	204	2	0.97%	2	1	93	93	0.2493917274938698	1	1	107	97	0	2	T
E4_BC52_191109_LF_LIB_consensus_vsearch	961	C	*/+A	255	12	4.32%	2	1	93	93	2.151678747999977E-4	1	1	159	96	12	0	+A
E4_BC52_191109_LF_LIB_consensus_vsearch	962	C	Y	241	25	8.9%	2	2	93	93	1.6497752559440774E-8	1	1	168	73	1	24	T
E4_BC52_191109_LF_LIB_consensus_vsearch	963	G	R	249	18	6.59%	2	1	93	93	2.8365267850711223E-6	1	1	147	102	18	0	A
E4_BC52_191109_LF_LIB_consensus_vsearch	964	C	C	272	1	0.36%	2	1	93	93	0.5000000000003686	1	1	172	100	1	0	-A
E4_BC52_191109_LF_LIB_consensus_vsearch	965	A	A	271	3	1.08%	2	2	93	93	0.12431444241326345	1	1	170	101	2	1	G
E4_BC52_191109_LF_LIB_consensus_vsearch	966	G	G	273	2	0.72%	2	1	93	93	0.2495446265938613	1	1	171	102	2	0	A
E4_BC52_191109_LF_LIB_consensus_vsearch	967	C	C	274	3	1.08%	2	2	93	93	0.1243218806510022	1	1	173	101	1	2	T
E4_BC52_191109_LF_LIB_consensus_vsearch	968	G	G	274	2	0.72%	2	1	93	93	0.2495462794919261	1	1	170	104	2	0	-C
E4_BC52_191109_LF_LIB_consensus_vsearch	969	C	C	274	1	0.36%	2	1	93	93	0.4999999999999138	1	1	170	104	1	0	+ACTT
E4_BC52_191109_LF_LIB_consensus_vsearch	970	C	C	273	2	0.71%	2	1	93	93	0.2495446265938613	1	1	171	102	2	0	+A
E4_BC52_191109_LF_LIB_consensus_vsearch	971	A	A	269	6	2.15%	2	2	93	93	0.015200427384840735	1	1	169	100	5	1	G
E4_BC52_191109_LF_LIB_consensus_vsearch	972	G	G	274	2	0.72%	2	1	93	93	0.2495462794919261	1	1	173	101	2	0	T
E4_BC52_191109_LF_LIB_consensus_vsearch	973	T	T	276	2	0.72%	2	2	93	93	0.24954954954932992	1	1	175	101	1	1	C
E4_BC52_191109_LF_LIB_consensus_vsearch	974	T	T	269	3	1.07%	2	2	93	93	0.12430939226523824	1	1	170	99	2	1	+C
E4_BC52_191109_LF_LIB_consensus_vsearch	975	C	C	273	3	1.08%	2	2	93	93	0.12431941923772909	1	1	170	103	2	1	-T
E4_BC52_191109_LF_LIB_consensus_vsearch	976	T	W	260	8	2.89%	2	2	93	93	0.0037046766426069204	1	1	163	97	6	2	A
E4_BC52_191109_LF_LIB_consensus_vsearch	977	G	S	260	8	2.88%	2	1	93	93	0.0037046766426069204	1	1	158	102	8	0	C
E4_BC52_191109_LF_LIB_consensus_vsearch	978	C	*/-T	235	15	5.43%	2	2	93	93	2.4581621480239413E-5	1	1	150	85	11	4	-T
E4_BC52_191109_LF_LIB_consensus_vsearch	979	T	Y	247	7	2.71%	2	1	93	93	0.00749210286352295	1	1	150	97	7	0	C
E4_BC52_191109_LF_LIB_consensus_vsearch	980	T	Y	258	10	3.62%	2	2	93	93	8.96559014408215E-4	1	1	157	101	8	2	C
E4_BC52_191109_LF_LIB_consensus_vsearch	981	A	R	231	34	12.41%	2	1	93	93	1.8788595601492845E-11	1	1	129	102	34	0	G
E4_BC52_191109_LF_LIB_consensus_vsearch	982	C	C	262	5	1.82%	2	1	93	93	0.030665352285866324	1	1	163	99	5	0	G
E4_BC52_191109_LF_LIB_consensus_vsearch	983	C	*/+A	40	164	59.42%	2	2	93	93	4.982046473938331E-76	1	1	18	22	97	67	+A
E4_BC52_191109_LF_LIB_consensus_vsearch	984	A	A	277	0	0%	2	0	93	0	1.0	1	0	175	102	0	0	
E4_BC52_191109_LF_LIB_consensus_vsearch	985	A	A	277	2	0.71%	2	1	93	93	0.24955116696580612	1	1	173	104	2	0	G
E4_BC52_191109_LF_LIB_consensus_vsearch	986	A	A	273	3	1.07%	2	2	93	93	0.12431941923772909	1	1	171	102	2	1	+G
E4_BC52_191109_LF_LIB_consensus_vsearch	987	C	C	275	1	0.36%	2	1	93	93	0.5000000000003686	1	1	173	102	0	1	+G
E4_BC52_191109_LF_LIB_consensus_vsearch	988	C	C	272	3	1.07%	2	2	93	93	0.12431693989066941	1	1	172	100	2	1	+A
E4_BC52_191109_LF_LIB_consensus_vsearch	989	A	A	273	2	0.71%	2	1	93	93	0.2495446265938613	1	1	171	102	2	0	-G
E4_BC52_191109_LF_LIB_consensus_vsearch	990	G	*/-C	249	17	6.14%	2	2	93	93	5.85995649783237E-6	1	1	148	101	16	1	-C
E4_BC52_191109_LF_LIB_consensus_vsearch	991	C	C	254	2	0.77%	2	1	93	93	0.2495107632092758	1	1	154	100	0	2	+GC
E4_BC52_191109_LF_LIB_consensus_vsearch	992	C	C	274	2	0.72%	2	1	93	93	0.2495462794919261	1	1	172	102	2	0	+G
E4_BC52_191109_LF_LIB_consensus_vsearch	993	C	*/-AC	245	19	6.79%	2	1	93	93	1.3634490521887613E-6	1	1	143	102	19	0	-AC
E4_BC52_191109_LF_LIB_consensus_vsearch	994	A	R	237	15	5.88%	2	2	93	93	2.4625121800809766E-5	1	1	135	102	14	1	G
E4_BC52_191109_LF_LIB_consensus_vsearch	995	C	*/-TT	237	7	2.72%	2	1	93	93	0.007479081856645369	1	1	138	99	7	0	-TT
E4_BC52_191109_LF_LIB_consensus_vsearch	996	T	T	256	3	1.15%	2	2	93	93	0.12427466150865948	1	1	158	98	2	1	C
E4_BC52_191109_LF_LIB_consensus_vsearch	997	T	*/+G	254	8	3.01%	2	1	93	93	0.003700118894213593	1	1	158	96	0	8	+G
E4_BC52_191109_LF_LIB_consensus_vsearch	998	G	G	268	3	1.09%	2	1	93	93	0.12430683918669663	1	1	167	101	3	0	C
E4_BC52_191109_LF_LIB_consensus_vsearch	999	C	Y	267	7	2.54%	2	1	93	93	0.007515315152860378	1	1	173	94	0	7	T
E4_BC52_191109_LF_LIB_consensus_vsearch	1000	G	G	273	2	0.72%	2	2	93	93	0.2495446265938613	1	1	175	98	1	1	A
E4_BC52_191109_LF_LIB_consensus_vsearch	1001	T	*/-C	256	19	6.81%	2	2	93	93	1.3825346445327801E-6	1	1	156	100	18	1	-C
E4_BC52_191109_LF_LIB_consensus_vsearch	1002	C	C	253	5	1.91%	2	2	93	93	0.030644978141142375	1	1	155	98	4	1	+A
E4_BC52_191109_LF_LIB_consensus_vsearch	1003	C	C	272	3	1.07%	2	1	93	93	0.12431693989066941	1	1	173	99	0	3	+T
E4_BC52_191109_LF_LIB_consensus_vsearch	1004	T	T	263	5	1.79%	2	2	93	93	0.030667531693296068	1	1	171	92	2	3	C
E4_BC52_191109_LF_LIB_consensus_vsearch	1005	G	G	272	2	0.72%	2	2	93	93	0.2495429616087481	1	1	174	98	1	1	A
E4_BC52_191109_LF_LIB_consensus_vsearch	1006	T	T	266	3	1.08%	2	2	93	93	0.1243016759777629	1	1	171	95	2	1	+C
E4_BC52_191109_LF_LIB_consensus_vsearch	1007	C	C	268	3	1.09%	2	1	93	93	0.12430683918669663	1	1	172	96	0	3	T
E4_BC52_191109_LF_LIB_consensus_vsearch	1008	A	*/+T	205	51	18.55%	2	1	93	93	2.787580206822466E-17	1	1	109	96	51	0	+T
E4_BC52_191109_LF_LIB_consensus_vsearch	1009	T	T	257	4	1.5%	2	2	93	93	0.061780923746039114	1	1	164	93	2	2	C
E4_BC52_191109_LF_LIB_consensus_vsearch	1010	T	T	276	2	0.72%	2	2	93	93	0.24954954954932992	1	1	175	101	1	1	C
E4_BC52_191109_LF_LIB_consensus_vsearch	1011	T	T	270	4	1.42%	2	2	93	93	0.06181507136518779	1	1	174	96	2	2	C
E4_BC52_191109_LF_LIB_consensus_vsearch	1012	G	*/-C	261	8	2.88%	2	1	93	93	0.003705416747963619	1	1	160	101	8	0	-C
E4_BC52_191109_LF_LIB_consensus_vsearch	1013	C	C	264	3	1.12%	2	2	93	93	0.1242964352720778	1	1	164	100	1	2	T
E4_BC52_191109_LF_LIB_consensus_vsearch	1014	C	C	274	2	0.72%	2	2	93	93	0.2495462794919261	1	1	171	103	1	1	T
E4_BC52_191109_LF_LIB_consensus_vsearch	1015	C	C	270	6	2.14%	2	2	93	93	0.015201959994994966	1	1	173	97	2	4	T
E4_BC52_191109_LF_LIB_consensus_vsearch	1016	G	G	272	5	1.8%	2	1	93	93	0.03068643892575303	1	1	171	101	5	0	A
E4_BC52_191109_LF_LIB_consensus_vsearch	1017	G	G	279	1	0.36%	2	1	93	93	0.5000000000003686	1	1	176	103	1	0	A
E4_BC52_191109_LF_LIB_consensus_vsearch	1018	C	C	274	3	1.07%	2	2	93	93	0.1243218806510022	1	1	173	101	2	1	T
E4_BC52_191109_LF_LIB_consensus_vsearch	1019	G	R	257	12	4.3%	2	2	93	93	2.1537451184080097E-4	1	1	168	89	6	6	A
E4_BC52_191109_LF_LIB_consensus_vsearch	1020	T	T	268	3	1.1%	2	1	93	93	0.12430683918669663	1	1	171	97	3	0	C
E4_BC52_191109_LF_LIB_consensus_vsearch	1021	G	G	266	2	0.74%	2	1	93	93	0.24953271028049737	1	1	171	95	2	0	A
E4_BC52_191109_LF_LIB_consensus_vsearch	1022	C	C	273	2	0.72%	2	2	93	93	0.2495446265938613	1	1	173	100	1	1	T
E4_BC52_191109_LF_LIB_consensus_vsearch	1023	C	C	272	3	1.08%	2	2	93	93	0.12431693989066941	1	1	173	99	2	1	-A
E4_BC52_191109_LF_LIB_consensus_vsearch	1024	A	*/-CA	258	13	4.71%	2	1	93	93	1.0534860479086726E-4	1	1	174	84	0	13	-CA
E4_BC52_191109_LF_LIB_consensus_vsearch	1025	C	*/+A	234	15	5.66%	2	1	93	93	2.4559630594525426E-5	1	1	148	86	15	0	+A
E4_BC52_191109_LF_LIB_consensus_vsearch	1026	A	A	252	1	0.39%	2	1	93	93	0.5000000000003686	1	1	165	87	1	0	+C
E4_BC52_191109_LF_LIB_consensus_vsearch	1027	A	A	270	3	1.08%	2	1	93	93	0.12431192660547026	1	1	171	99	3	0	+G
E4_BC52_191109_LF_LIB_consensus_vsearch	1028	G	G	273	2	0.72%	2	1	93	93	0.2495446265938613	1	1	176	97	0	2	T
E4_BC52_191109_LF_LIB_consensus_vsearch	1029	G	G	273	2	0.72%	2	1	93	93	0.2495446265938613	1	1	175	98	0	2	-T
E4_BC52_191109_LF_LIB_consensus_vsearch	1030	T	T	270	5	1.79%	2	2	93	93	0.030682344165700513	1	1	174	96	3	2	-C
E4_BC52_191109_LF_LIB_consensus_vsearch	1031	C	C	267	6	2.17%	2	2	93	93	0.015197328608558202	1	1	169	98	5	1	-A
E4_BC52_191109_LF_LIB_consensus_vsearch	1032	A	A	262	4	1.47%	2	2	93	93	0.06179445281046573	1	1	168	94	2	2	G
E4_BC52_191109_LF_LIB_consensus_vsearch	1033	C	C	263	4	1.45%	2	1	93	93	0.06179709776251344	1	1	165	98	4	0	T
E4_BC52_191109_LF_LIB_consensus_vsearch	1034	A	R	255	13	4.73%	2	2	93	93	1.051708397388793E-4	1	1	159	96	9	4	G
E4_BC52_191109_LF_LIB_consensus_vsearch	1035	G	G	273	4	1.44%	2	1	93	93	0.061822496004320764	1	1	171	102	4	0	A
E4_BC52_191109_LF_LIB_consensus_vsearch	1036	C	C	277	2	0.71%	2	1	93	93	0.24955116696580612	1	1	173	104	2	0	T
E4_BC52_191109_LF_LIB_consensus_vsearch	1037	A	A	274	2	0.71%	2	1	93	93	0.2495462794919261	1	1	171	103	2	0	-CG
E4_BC52_191109_LF_LIB_consensus_vsearch	1038	C	*/-G	245	24	8.6%	2	2	93	93	3.4851781892460416E-8	1	1	166	79	2	22	-G
E4_BC52_191109_LF_LIB_consensus_vsearch	1039	G	G	245	5	1.98%	2	1	93	93	0.03062563759307	1	1	166	79	5	0	A
E4_BC52_191109_LF_LIB_consensus_vsearch	1040	G	G	278	1	0.36%	2	1	93	93	0.4999999999999138	1	1	177	101	1	0	+AA
E4_BC52_191109_LF_LIB_consensus_vsearch	1041	G	G	282	0	0%	2	0	93	0	1.0	1	0	178	104	0	0	
E4_BC52_191109_LF_LIB_consensus_vsearch	1042	A	A	277	2	0.71%	2	1	93	93	0.24955116696580612	1	1	177	100	0	2	-T
E4_BC52_191109_LF_LIB_consensus_vsearch	1043	T	T	278	2	0.71%	2	2	93	93	0.24955277280837324	1	1	177	101	1	1	-C
E4_BC52_191109_LF_LIB_consensus_vsearch	1044	C	C	269	2	0.71%	2	2	93	93	0.24953789279111838	1	1	168	101	1	1	+T
E4_BC52_191109_LF_LIB_consensus_vsearch	1045	G	G	273	4	1.43%	2	2	93	93	0.061822496004320764	1	1	172	101	3	1	A
E4_BC52_191109_LF_LIB_consensus_vsearch	1046	C	Y	265	14	5%	2	2	93	93	5.1640552478164746E-5	1	1	172	93	3	11	T
E4_BC52_191109_LF_LIB_consensus_vsearch	1047	A	A	270	6	2.14%	2	1	93	93	0.015201959994994966	1	1	166	104	6	0	G
E4_BC52_191109_LF_LIB_consensus_vsearch	1048	T	T	271	2	0.71%	2	1	93	93	0.24954128440383208	1	1	168	103	2	0	-G
E4_BC52_191109_LF_LIB_consensus_vsearch	1049	G	R	254	17	6.16%	2	2	93	93	5.889464514663097E-6	1	1	152	102	16	1	A
E4_BC52_191109_LF_LIB_consensus_vsearch	1050	C	*/-A	249	14	5.09%	2	2	93	93	5.110430355772131E-5	1	1	164	85	2	12	-A
E4_BC52_191109_LF_LIB_consensus_vsearch	1051	A	A	258	2	0.77%	2	1	93	93	0.24951830443137643	1	1	168	90	2	0	+CA
E4_BC52_191109_LF_LIB_consensus_vsearch	1052	A	M	261	9	3.27%	2	1	93	93	0.0018252099194485903	1	1	169	92	0	9	C
E4_BC52_191109_LF_LIB_consensus_vsearch	1053	T	Y	253	16	5.78%	2	1	93	93	1.2127276188955779E-5	1	1	170	83	0	16	C
E4_BC52_191109_LF_LIB_consensus_vsearch	1054	T	*/-C	241	23	8.24%	2	2	93	93	7.225642890746785E-8	1	1	167	74	2	21	-C
E4_BC52_191109_LF_LIB_consensus_vsearch	1055	C	*/-G	234	14	5.45%	2	2	93	93	5.0543007890282774E-5	1	1	162	72	7	7	-G
E4_BC52_191109_LF_LIB_consensus_vsearch	1056	G	R	252	7	2.67%	2	2	93	93	0.007498239332403135	1	1	160	92	6	1	A
E4_BC52_191109_LF_LIB_consensus_vsearch	1057	G	*/-A	243	34	12.23%	2	2	93	93	1.979566541459134E-11	1	1	143	100	32	2	-A
E4_BC52_191109_LF_LIB_consensus_vsearch	1058	A	A	243	2	0.81%	2	1	93	93	0.24948875255617758	1	1	143	100	2	0	-G
E4_BC52_191109_LF_LIB_consensus_vsearch	1059	G	*/-T	261	9	3.24%	2	2	93	93	0.0018252099194485903	1	1	162	99	8	1	-T
E4_BC52_191109_LF_LIB_consensus_vsearch	1060	T	T	266	3	1.1%	2	2	93	93	0.1243016759777629	1	1	166	100	1	2	C
E4_BC52_191109_LF_LIB_consensus_vsearch	1061	T	T	278	1	0.36%	2	1	93	93	0.4999999999999138	1	1	175	103	1	0	+A
E4_BC52_191109_LF_LIB_consensus_vsearch	1062	T	T	277	2	0.71%	2	1	93	93	0.24955116696580612	1	1	174	103	2	0	+A
E4_BC52_191109_LF_LIB_consensus_vsearch	1063	G	G	276	2	0.71%	2	1	93	93	0.24954954954932992	1	1	174	102	2	0	+A
E4_BC52_191109_LF_LIB_consensus_vsearch	1064	A	A	272	4	1.42%	2	2	93	93	0.06182003907461255	1	1	171	101	3	1	+G
E4_BC52_191109_LF_LIB_consensus_vsearch	1065	G	G	269	6	2.15%	2	2	93	93	0.015200427384840735	1	1	170	99	3	3	-A
E4_BC52_191109_LF_LIB_consensus_vsearch	1066	A	A	258	6	2.21%	2	2	93	93	0.015182805374032816	1	1	161	97	5	1	G
E4_BC52_191109_LF_LIB_consensus_vsearch	1067	A	R	268	7	2.5%	2	1	93	93	0.007516387806114139	1	1	166	102	7	0	G
E4_BC52_191109_LF_LIB_consensus_vsearch	1068	T	T	263	6	2.17%	2	2	93	93	0.015190993352737225	1	1	165	98	3	3	C
E4_BC52_191109_LF_LIB_consensus_vsearch	1069	G	G	274	4	1.42%	2	2	93	93	0.061824935242698754	1	1	172	102	3	1	-A
E4_BC52_191109_LF_LIB_consensus_vsearch	1070	A	A	266	4	1.45%	2	1	93	93	0.06180491495741971	1	1	164	102	4	0	G
E4_BC52_191109_LF_LIB_consensus_vsearch	1071	G	G	269	5	1.81%	2	2	93	93	0.030680274390748198	1	1	171	98	1	4	-C
E4_BC52_191109_LF_LIB_consensus_vsearch	1072	C	C	276	1	0.36%	2	1	93	93	0.5000000000003686	1	1	176	100	1	0	+A
E4_BC52_191109_LF_LIB_consensus_vsearch	1073	C	C	275	2	0.71%	2	1	93	93	0.24954792043411347	1	1	175	100	0	2	+G
E4_BC52_191109_LF_LIB_consensus_vsearch	1074	G	*/-A	269	7	2.49%	2	2	93	93	0.007517452744777598	1	1	171	98	5	2	-A
E4_BC52_191109_LF_LIB_consensus_vsearch	1075	A	A	264	4	1.46%	2	2	93	93	0.06179972295775155	1	1	167	97	2	2	-G
E4_BC52_191109_LF_LIB_consensus_vsearch	1076	G	G	269	2	0.72%	2	1	93	93	0.24953789279111838	1	1	173	96	0	2	+C
E4_BC52_191109_LF_LIB_consensus_vsearch	1077	G	*/-C	266	7	2.5%	2	1	93	93	0.0075142347009056415	1	1	164	102	7	0	-C
E4_BC52_191109_LF_LIB_consensus_vsearch	1078	C	C	269	2	0.73%	2	1	93	93	0.24953789279111838	1	1	168	101	0	2	T
E4_BC52_191109_LF_LIB_consensus_vsearch	1079	C	C	269	6	2.14%	2	2	93	93	0.015200427384840735	1	1	167	102	5	1	T
E4_BC52_191109_LF_LIB_consensus_vsearch	1080	A	A	271	3	1.07%	2	1	93	93	0.12431444241326345	1	1	173	98	0	3	G
E4_BC52_191109_LF_LIB_consensus_vsearch	1081	T	T	271	5	1.79%	2	2	93	93	0.030684398956702864	1	1	173	98	1	4	C
E4_BC52_191109_LF_LIB_consensus_vsearch	1082	G	G	275	2	0.71%	2	1	93	93	0.24954792043411347	1	1	172	103	2	0	+A
E4_BC52_191109_LF_LIB_consensus_vsearch	1083	A	A	269	4	1.44%	2	2	93	93	0.06181256019060895	1	1	170	99	2	2	G
E4_BC52_191109_LF_LIB_consensus_vsearch	1084	T	T	269	6	2.14%	2	2	93	93	0.015200427384840735	1	1	171	98	3	3	-G
E4_BC52_191109_LF_LIB_consensus_vsearch	1085	G	G	266	5	1.84%	2	2	93	93	0.030673973504714284	1	1	168	98	3	2	A
E4_BC52_191109_LF_LIB_consensus_vsearch	1086	G	*/-C	248	23	8.24%	2	2	93	93	7.323856325890838E-8	1	1	152	96	16	7	-C
E4_BC52_191109_LF_LIB_consensus_vsearch	1087	C	C	249	3	1.18%	2	1	93	93	0.12425447316115633	1	1	155	94	3	0	A
E4_BC52_191109_LF_LIB_consensus_vsearch	1088	C	Y	268	7	2.52%	2	2	93	93	0.007516387806114139	1	1	168	100	4	3	T
E4_BC52_191109_LF_LIB_consensus_vsearch	1089	C	Y	269	7	2.49%	2	2	93	93	0.007517452744777598	1	1	171	98	5	2	T
E4_BC52_191109_LF_LIB_consensus_vsearch	1090	C	Y	220	28	9.93%	2	2	93	93	1.6617173110837836E-9	1	1	158	62	9	19	T
E4_BC52_191109_LF_LIB_consensus_vsearch	1091	G	*/-A	265	11	3.94%	2	2	93	93	4.411194026977277E-4	1	1	163	102	10	1	-A
E4_BC52_191109_LF_LIB_consensus_vsearch	1092	A	*/-G	261	7	2.58%	2	1	93	93	0.007508712428886389	1	1	160	101	7	0	-G
E4_BC52_191109_LF_LIB_consensus_vsearch	1093	G	G	271	1	0.36%	2	1	93	93	0.4999999999999138	1	1	169	102	1	0	-A
E4_BC52_191109_LF_LIB_consensus_vsearch	1094	A	A	275	2	0.71%	2	2	93	93	0.24954792043411347	1	1	174	101	1	1	G
E4_BC52_191109_LF_LIB_consensus_vsearch	1095	C	*/-G	250	14	4.96%	2	2	93	93	5.1139601406888455E-5	1	1	152	98	13	1	-G
E4_BC52_191109_LF_LIB_consensus_vsearch	1096	G	R	151	82	31.54%	2	2	93	93	3.434455652723495E-29	1	1	85	66	50	32	A
E4_BC52_191109_LF_LIB_consensus_vsearch	1097	C	M	244	14	5.32%	2	2	93	93	5.092397942761746E-5	1	1	145	99	13	1	A
E4_BC52_191109_LF_LIB_consensus_vsearch	1098	C	*/-T	269	7	2.51%	2	2	93	93	0.007517452744777598	1	1	171	98	2	5	-T
E4_BC52_191109_LF_LIB_consensus_vsearch	1099	T	T	268	1	0.36%	2	1	93	93	0.5000000000003686	1	1	171	97	1	0	+A
E4_BC52_191109_LF_LIB_consensus_vsearch	1100	A	A	277	2	0.72%	2	1	93	93	0.24955116696580612	1	1	175	102	0	2	G
E4_BC52_191109_LF_LIB_consensus_vsearch	1101	A	A	278	2	0.71%	2	1	93	93	0.24955277280837324	1	1	174	104	2	0	G
E4_BC52_191109_LF_LIB_consensus_vsearch	1102	T	T	274	3	1.07%	2	1	93	93	0.1243218806510022	1	1	171	103	3	0	-C
E4_BC52_191109_LF_LIB_consensus_vsearch	1103	C	C	275	1	0.36%	2	1	93	93	0.5000000000003686	1	1	171	104	1	0	+T
E4_BC52_191109_LF_LIB_consensus_vsearch	1104	A	A	269	5	1.78%	2	2	93	93	0.030680274390748198	1	1	168	101	4	1	G
E4_BC52_191109_LF_LIB_consensus_vsearch	1105	T	T	273	3	1.08%	2	1	93	93	0.12431941923772909	1	1	174	99	0	3	+C
E4_BC52_191109_LF_LIB_consensus_vsearch	1106	T	T	277	3	1.06%	2	2	93	93	0.12432915921300346	1	1	176	101	1	2	-C
E4_BC52_191109_LF_LIB_consensus_vsearch	1107	C	C	264	4	1.43%	2	1	93	93	0.06179972295775155	1	1	166	98	4	0	+A
E4_BC52_191109_LF_LIB_consensus_vsearch	1108	G	G	262	6	2.17%	2	1	93	93	0.015189380104217696	1	1	170	92	0	6	+C
E4_BC52_191109_LF_LIB_consensus_vsearch	1109	C	C	273	4	1.43%	2	1	93	93	0.061822496004320764	1	1	175	98	0	4	-T
E4_BC52_191109_LF_LIB_consensus_vsearch	1110	T	T	263	6	2.16%	2	1	93	93	0.015190993352737225	1	1	176	87	0	6	+C
E4_BC52_191109_LF_LIB_consensus_vsearch	1111	C	C	274	5	1.78%	2	2	93	93	0.030690475035149573	1	1	177	97	1	4	-T
E4_BC52_191109_LF_LIB_consensus_vsearch	1112	T	Y	265	10	3.61%	2	1	93	93	8.985463618717617E-4	1	1	176	89	0	10	C
E4_BC52_191109_LF_LIB_consensus_vsearch	1113	A	A	275	3	1.07%	2	1	93	93	0.1243243243242452	1	1	173	102	3	0	G
E4_BC52_191109_LF_LIB_consensus_vsearch	1114	C	C	278	1	0.36%	2	1	93	93	0.4999999999999138	1	1	176	102	1	0	+A
E4_BC52_191109_LF_LIB_consensus_vsearch	1115	C	Y	258	14	4.96%	2	1	93	93	5.1413223332492816E-5	1	1	169	89	0	14	T
E4_BC52_191109_LF_LIB_consensus_vsearch	1116	G	S	266	7	2.5%	2	1	93	93	0.0075142347009056415	1	1	166	100	7	0	C
E4_BC52_191109_LF_LIB_consensus_vsearch	1117	C	C	270	3	1.08%	2	2	93	93	0.12431192660547026	1	1	173	97	1	2	-A
E4_BC52_191109_LF_LIB_consensus_vsearch	1118	A	A	260	5	1.82%	2	2	93	93	0.030660944175210838	1	1	167	93	3	2	G
E4_BC52_191109_LF_LIB_consensus_vsearch	1119	G	G	271	3	1.08%	2	1	93	93	0.12431444241326345	1	1	172	99	0	3	-TG
E4_BC52_191109_LF_LIB_consensus_vsearch	1120	T	T	268	4	1.44%	2	1	93	93	0.061810030534865154	1	1	177	91	0	4	-GC
E4_BC52_191109_LF_LIB_consensus_vsearch	1121	G	G	265	3	1.1%	2	1	93	93	0.12429906542060956	1	1	169	96	3	0	A
E4_BC52_191109_LF_LIB_consensus_vsearch	1122	C	C	268	2	0.73%	2	1	93	93	0.24953617810762627	1	1	172	96	0	2	+AA
E4_BC52_191109_LF_LIB_consensus_vsearch	1123	A	A	273	2	0.72%	2	1	93	93	0.2495446265938613	1	1	171	102	2	0	G
E4_BC52_191109_LF_LIB_consensus_vsearch	1124	A	A	264	4	1.44%	2	1	93	93	0.06179972295775155	1	1	165	99	4	0	+C
E4_BC52_191109_LF_LIB_consensus_vsearch	1125	C	C	275	1	0.36%	2	1	93	93	0.5000000000003686	1	1	172	103	1	0	+A
E4_BC52_191109_LF_LIB_consensus_vsearch	1126	T	T	270	6	2.14%	2	2	93	93	0.015201959994994966	1	1	175	95	2	4	C
E4_BC52_191109_LF_LIB_consensus_vsearch	1127	G	G	281	0	0%	2	0	93	0	1.0	1	0	177	104	0	0	
E4_BC52_191109_LF_LIB_consensus_vsearch	1128	A	A	275	4	1.42%	2	1	93	93	0.06182735698001327	1	1	173	102	4	0	G
E4_BC52_191109_LF_LIB_consensus_vsearch	1129	C	C	272	5	1.79%	2	1	93	93	0.03068643892575303	1	1	177	95	0	5	+T
E4_BC52_191109_LF_LIB_consensus_vsearch	1130	T	*/-C	256	15	5.36%	2	2	93	93	2.5008752181249955E-5	1	1	171	85	1	14	-C
E4_BC52_191109_LF_LIB_consensus_vsearch	1131	C	*/-TC	248	9	3.41%	2	2	93	93	0.0018188615104327871	1	1	172	76	3	6	-TC
E4_BC52_191109_LF_LIB_consensus_vsearch	1132	T	T	260	2	0.75%	2	1	93	93	0.2495219885277623	1	1	170	90	2	0	+C
E4_BC52_191109_LF_LIB_consensus_vsearch	1133	C	C	256	4	1.49%	2	2	93	93	0.061778155432067945	1	1	169	87	2	2	+TC
E4_BC52_191109_LF_LIB_consensus_vsearch	1134	A	A	268	4	1.47%	2	2	93	93	0.061810030534865154	1	1	173	95	1	3	G
E4_BC52_191109_LF_LIB_consensus_vsearch	1135	A	A	271	2	0.72%	2	1	93	93	0.24954128440383208	1	1	173	98	2	0	G
E4_BC52_191109_LF_LIB_consensus_vsearch	1136	T	T	263	6	2.16%	2	1	93	93	0.015190993352737225	1	1	165	98	6	0	+A
E4_BC52_191109_LF_LIB_consensus_vsearch	1137	A	*/-G	253	15	5.4%	2	2	93	93	2.4951522273802892E-5	1	1	165	88	6	9	-G
E4_BC52_191109_LF_LIB_consensus_vsearch	1138	G	G	252	6	2.27%	2	1	93	93	0.015172562563020547	1	1	161	91	6	0	A
E4_BC52_191109_LF_LIB_consensus_vsearch	1139	G	R	261	8	2.87%	2	2	93	93	0.003705416747963619	1	1	166	95	2	6	A
E4_BC52_191109_LF_LIB_consensus_vsearch	1140	A	A	267	3	1.09%	2	1	93	93	0.12430426716151294	1	1	165	102	3	0	T
E4_BC52_191109_LF_LIB_consensus_vsearch	1141	A	A	276	1	0.36%	2	1	93	93	0.5000000000003686	1	1	173	103	1	0	+GA
E4_BC52_191109_LF_LIB_consensus_vsearch	1142	C	*/+AC	246	21	7.47%	2	1	93	93	3.1674868491295823E-7	1	1	145	101	21	0	+AC
E4_BC52_191109_LF_LIB_consensus_vsearch	1143	G	S	240	25	8.96%	2	1	93	93	1.6459167643363623E-8	1	1	138	102	25	0	C
E4_BC52_191109_LF_LIB_consensus_vsearch	1144	C	C	269	2	0.72%	2	1	93	93	0.24953789279111838	1	1	167	102	2	0	+G
E4_BC52_191109_LF_LIB_consensus_vsearch	1145	A	A	274	2	0.72%	2	2	93	93	0.2495462794919261	1	1	172	102	1	1	G
E4_BC52_191109_LF_LIB_consensus_vsearch	1146	G	G	276	2	0.71%	2	2	93	93	0.24954954954932992	1	1	174	102	1	1	A
E4_BC52_191109_LF_LIB_consensus_vsearch	1147	C	C	278	2	0.71%	2	1	93	93	0.24955277280837324	1	1	175	103	2	0	+T
E4_BC52_191109_LF_LIB_consensus_vsearch	1148	T	T	273	6	2.13%	2	2	93	93	0.015206492151232055	1	1	175	98	1	5	C
E4_BC52_191109_LF_LIB_consensus_vsearch	1149	A	A	275	2	0.71%	2	1	93	93	0.24954792043411347	1	1	173	102	2	0	G
E4_BC52_191109_LF_LIB_consensus_vsearch	1150	T	*/-C	254	22	7.86%	2	1	93	93	1.542339755403178E-7	1	1	153	101	22	0	-C
E4_BC52_191109_LF_LIB_consensus_vsearch	1151	C	C	256	2	0.77%	2	1	93	93	0.24951456310670525	1	1	152	104	2	0	+A
E4_BC52_191109_LF_LIB_consensus_vsearch	1152	C	C	272	2	0.71%	2	2	93	93	0.2495429616087481	1	1	170	102	1	1	+G
E4_BC52_191109_LF_LIB_consensus_vsearch	1153	T	*/-G	231	19	6.81%	2	1	93	93	1.3370784316333802E-6	1	1	133	98	19	0	-G
E4_BC52_191109_LF_LIB_consensus_vsearch	1154	G	*/+A	80	149	60.57%	2	2	93	93	1.0436880652283052E-61	1	1	58	22	69	80	+A
E4_BC52_191109_LF_LIB_consensus_vsearch	1155	G	R	192	67	25.28%	2	2	93	93	4.971553320630581E-23	1	1	110	82	50	17	A
E4_BC52_191109_LF_LIB_consensus_vsearch	1156	G	R	249	14	5.28%	2	1	93	93	5.110430355772131E-5	1	1	147	102	14	0	A
E4_BC52_191109_LF_LIB_consensus_vsearch	1157	G	G	273	6	2.13%	2	2	93	93	0.015206492151232055	1	1	173	100	4	2	-A
E4_BC52_191109_LF_LIB_consensus_vsearch	1158	A	A	275	1	0.36%	2	1	93	93	0.5000000000003686	1	1	173	102	1	0	G
E4_BC52_191109_LF_LIB_consensus_vsearch	1159	A	A	279	3	1.06%	2	1	93	93	0.12433392539955081	1	1	175	104	3	0	G
E4_BC52_191109_LF_LIB_consensus_vsearch	1160	A	A	275	5	1.77%	2	1	93	93	0.030692471488257853	1	1	172	103	5	0	G
E4_BC52_191109_LF_LIB_consensus_vsearch	1161	C	*/-T	265	13	4.63%	2	2	93	93	1.0574921959690428E-4	1	1	172	93	4	9	-T
E4_BC52_191109_LF_LIB_consensus_vsearch	1162	T	T	261	1	0.38%	2	1	93	93	0.5000000000003686	1	1	170	91	0	1	+C
E4_BC52_191109_LF_LIB_consensus_vsearch	1163	T	*/+C	245	13	4.66%	2	1	93	93	1.0455004755959254E-4	1	1	152	93	13	0	+C
E4_BC52_191109_LF_LIB_consensus_vsearch	1164	C	*/-G	234	28	10.41%	2	1	93	93	1.7392024288679577E-9	1	1	168	66	0	28	-G
E4_BC52_191109_LF_LIB_consensus_vsearch	1165	G	G	245	3	1.2%	2	1	93	93	0.1242424242424468	1	1	174	71	3	0	A
E4_BC52_191109_LF_LIB_consensus_vsearch	1166	G	G	276	3	1.06%	2	1	93	93	0.12432675044874984	1	1	172	104	3	0	+A
E4_BC52_191109_LF_LIB_consensus_vsearch	1167	A	*/-G	168	94	33.69%	2	2	93	93	1.8126873908641742E-33	1	1	96	72	65	29	-G
E4_BC52_191109_LF_LIB_consensus_vsearch	1168	G	G	173	4	2.22%	2	1	93	93	0.06143919033436361	1	1	99	74	4	0	+AG
E4_BC52_191109_LF_LIB_consensus_vsearch	1169	G	G	271	2	0.73%	2	1	93	93	0.24954128440383208	1	1	167	104	2	0	A
E4_BC52_191109_LF_LIB_consensus_vsearch	1170	G	G	270	5	1.78%	2	1	93	93	0.030682344165700513	1	1	173	97	0	5	+A
E4_BC52_191109_LF_LIB_consensus_vsearch	1171	A	A	276	1	0.36%	2	1	93	93	0.5000000000003686	1	1	173	103	1	0	+G
E4_BC52_191109_LF_LIB_consensus_vsearch	1172	A	A	272	2	0.71%	2	2	93	93	0.2495429616087481	1	1	172	100	1	1	+T
E4_BC52_191109_LF_LIB_consensus_vsearch	1173	C	C	275	1	0.36%	2	1	93	93	0.5000000000003686	1	1	173	102	1	0	+T
E4_BC52_191109_LF_LIB_consensus_vsearch	1174	C	C	276	2	0.71%	2	2	93	93	0.24954954954932992	1	1	175	101	1	1	T
E4_BC52_191109_LF_LIB_consensus_vsearch	1175	A	A	275	2	0.71%	2	1	93	93	0.24954792043411347	1	1	176	99	2	0	-G
E4_BC52_191109_LF_LIB_consensus_vsearch	1176	G	G	271	6	2.16%	2	1	93	93	0.015203481580703948	1	1	169	102	6	0	A
E4_BC52_191109_LF_LIB_consensus_vsearch	1177	C	C	278	2	0.71%	2	2	93	93	0.24955277280837324	1	1	176	102	1	1	T
E4_BC52_191109_LF_LIB_consensus_vsearch	1178	C	C	280	1	0.36%	2	1	93	93	0.4999999999999138	1	1	177	103	1	0	-A
E4_BC52_191109_LF_LIB_consensus_vsearch	1179	A	*/-T	267	8	2.85%	2	2	93	93	0.003709745731198054	1	1	171	96	1	7	-T
E4_BC52_191109_LF_LIB_consensus_vsearch	1180	T	T	270	2	0.73%	2	1	93	93	0.2495395948434138	1	1	174	96	2	0	G
E4_BC52_191109_LF_LIB_consensus_vsearch	1181	T	*/+G	250	17	6.05%	2	2	93	93	5.865937391528599E-6	1	1	158	92	16	1	+G
E4_BC52_191109_LF_LIB_consensus_vsearch	1182	A	*/-G	252	18	6.52%	2	1	93	93	2.846197472922363E-6	1	1	158	94	18	0	-G
E4_BC52_191109_LF_LIB_consensus_vsearch	1183	G	G	264	0	0%	2	0	93	0	1.0	1	0	160	104	0	0	
E4_BC52_191109_LF_LIB_consensus_vsearch	1184	A	A	278	2	0.71%	2	2	93	93	0.24955277280837324	1	1	176	102	1	1	G
E4_BC52_191109_LF_LIB_consensus_vsearch	1185	C	C	273	3	1.06%	2	2	93	93	0.12431941923772909	1	1	173	100	1	2	-G
E4_BC52_191109_LF_LIB_consensus_vsearch	1186	G	R	269	8	2.87%	2	1	93	93	0.00371114755755057	1	1	168	101	8	0	A
E4_BC52_191109_LF_LIB_consensus_vsearch	1187	G	G	277	2	0.71%	2	1	93	93	0.24955116696580612	1	1	173	104	2	0	+T
E4_BC52_191109_LF_LIB_consensus_vsearch	1188	T	T	276	3	1.06%	2	1	93	93	0.12432675044874984	1	1	177	99	0	3	+C
E4_BC52_191109_LF_LIB_consensus_vsearch	1189	T	T	273	4	1.42%	2	2	93	93	0.061822496004320764	1	1	175	98	1	3	-C
E4_BC52_191109_LF_LIB_consensus_vsearch	1190	C	C	265	6	2.16%	2	2	93	93	0.015194184268635263	1	1	173	92	1	5	+G
E4_BC52_191109_LF_LIB_consensus_vsearch	1191	G	G	276	2	0.71%	2	2	93	93	0.24954954954932992	1	1	176	100	1	1	A
E4_BC52_191109_LF_LIB_consensus_vsearch	1192	A	A	274	2	0.71%	2	1	93	93	0.2495462794919261	1	1	172	102	2	0	-T
E4_BC52_191109_LF_LIB_consensus_vsearch	1193	T	T	268	6	2.15%	2	2	93	93	0.015198883630026071	1	1	167	101	4	2	-A
E4_BC52_191109_LF_LIB_consensus_vsearch	1194	A	R	243	14	5.09%	2	2	93	93	5.088712817288902E-5	1	1	152	91	13	1	G
E4_BC52_191109_LF_LIB_consensus_vsearch	1195	G	G	270	2	0.73%	2	1	93	93	0.2495395948434138	1	1	168	102	2	0	+A
E4_BC52_191109_LF_LIB_consensus_vsearch	1196	G	*/+T	266	8	2.85%	2	1	93	93	0.0037090372381044278	1	1	175	91	0	8	+T
E4_BC52_191109_LF_LIB_consensus_vsearch	1197	T	T	265	5	1.8%	2	1	93	93	0.030671842124359663	1	1	174	91	0	5	-C
E4_BC52_191109_LF_LIB_consensus_vsearch	1198	C	*/-T	241	19	7.04%	2	2	93	93	1.3561639340408357E-6	1	1	171	70	2	17	-T
E4_BC52_191109_LF_LIB_consensus_vsearch	1199	T	T	252	3	1.17%	2	1	93	93	0.12426326129665838	1	1	175	77	0	3	C
E4_BC52_191109_LF_LIB_consensus_vsearch	1200	T	T	269	4	1.45%	2	2	93	93	0.06181256019060895	1	1	173	96	3	1	C
E4_BC52_191109_LF_LIB_consensus_vsearch	1201	T	T	278	3	1.06%	2	2	93	93	0.12433155080212302	1	1	177	101	1	2	G
E4_BC52_191109_LF_LIB_consensus_vsearch	1202	C	C	264	5	1.77%	2	2	93	93	0.030669694912897477	1	1	169	95	3	2	-G
E4_BC52_191109_LF_LIB_consensus_vsearch	1203	G	*/+C	95	158	57.88%	2	2	93	93	2.5490133622151538E-64	1	1	68	27	88	70	+C
E4_BC52_191109_LF_LIB_consensus_vsearch	1204	C	C	267	2	0.74%	2	1	93	93	0.24953445065180796	1	1	164	103	2	0	+GCC
E4_BC52_191109_LF_LIB_consensus_vsearch	1205	C	C	269	4	1.44%	2	2	93	93	0.06181256019060895	1	1	168	101	3	1	T
E4_BC52_191109_LF_LIB_consensus_vsearch	1206	C	C	272	4	1.42%	2	2	93	93	0.06182003907461255	1	1	171	101	2	2	-T
E4_BC52_191109_LF_LIB_consensus_vsearch	1207	T	*/+C	260	7	2.52%	2	2	93	93	0.0075075833477063125	1	1	169	91	2	5	+C
E4_BC52_191109_LF_LIB_consensus_vsearch	1208	A	A	269	5	1.8%	2	2	93	93	0.030680274390748198	1	1	169	100	1	4	C
E4_BC52_191109_LF_LIB_consensus_vsearch	1209	T	*/-AC	267	7	2.51%	2	1	93	93	0.007515315152860378	1	1	164	103	7	0	-AC
E4_BC52_191109_LF_LIB_consensus_vsearch	1210	A	R	250	13	4.81%	2	1	93	93	1.0486603090066527E-4	1	1	148	102	13	0	G
E4_BC52_191109_LF_LIB_consensus_vsearch	1211	C	C	266	3	1.11%	2	2	93	93	0.1243016759777629	1	1	165	101	2	1	+T
E4_BC52_191109_LF_LIB_consensus_vsearch	1212	C	S	269	8	2.84%	2	1	93	93	0.00371114755755057	1	1	168	101	8	0	G
E4_BC52_191109_LF_LIB_consensus_vsearch	1213	C	C	279	2	0.71%	2	2	93	93	0.24955436720141339	1	1	176	103	1	1	-A
E4_BC52_191109_LF_LIB_consensus_vsearch	1214	A	A	272	6	2.14%	2	2	93	93	0.015204992260514073	1	1	170	102	5	1	G
E4_BC52_191109_LF_LIB_consensus_vsearch	1215	G	G	281	1	0.35%	2	1	93	93	0.4999999999999138	1	1	177	104	1	0	+A
E4_BC52_191109_LF_LIB_consensus_vsearch	1216	G	G	273	4	1.42%	2	1	93	93	0.061822496004320764	1	1	170	103	4	0	-T
E4_BC52_191109_LF_LIB_consensus_vsearch	1217	T	T	278	0	0%	2	0	93	0	1.0	1	0	174	104	0	0	
E4_BC52_191109_LF_LIB_consensus_vsearch	1218	T	T	276	3	1.06%	2	1	93	93	0.12432675044874984	1	1	174	102	3	0	-AC
E4_BC52_191109_LF_LIB_consensus_vsearch	1219	A	A	272	4	1.45%	2	1	93	93	0.06182003907461255	1	1	170	102	4	0	G
E4_BC52_191109_LF_LIB_consensus_vsearch	1220	C	C	276	1	0.36%	2	1	93	93	0.5000000000003686	1	1	173	103	1	0	+A
E4_BC52_191109_LF_LIB_consensus_vsearch	1221	G	*/-CG	270	7	2.5%	2	1	93	93	0.007518510051769894	1	1	175	95	0	7	-CG
E4_BC52_191109_LF_LIB_consensus_vsearch	1222	C	C	268	2	0.73%	2	1	93	93	0.24953617810762627	1	1	174	94	0	2	G
E4_BC52_191109_LF_LIB_consensus_vsearch	1223	G	G	268	2	0.73%	2	1	93	93	0.24953617810762627	1	1	175	93	0	2	+CG
E4_BC52_191109_LF_LIB_consensus_vsearch	1224	A	A	275	2	0.72%	2	1	93	93	0.24954792043411347	1	1	174	101	0	2	-T
E4_BC52_191109_LF_LIB_consensus_vsearch	1225	T	T	271	5	1.79%	2	1	93	93	0.030684398956702864	1	1	171	100	5	0	+C
E4_BC52_191109_LF_LIB_consensus_vsearch	1226	C	C	272	2	0.72%	2	1	93	93	0.2495429616087481	1	1	172	100	2	0	+T
E4_BC52_191109_LF_LIB_consensus_vsearch	1227	G	*/-A	252	16	5.76%	2	1	93	93	1.211657415601043E-5	1	1	149	103	16	0	-A
E4_BC52_191109_LF_LIB_consensus_vsearch	1228	A	*/-T	236	13	5.1%	2	2	93	93	1.0395109422588356E-4	1	1	139	97	9	4	-T
E4_BC52_191109_LF_LIB_consensus_vsearch	1229	T	K	242	15	5.84%	2	1	93	93	2.473114429202734E-5	1	1	144	98	15	0	G
E4_BC52_191109_LF_LIB_consensus_vsearch	1230	T	K	269	7	2.5%	2	1	93	93	0.007517452744777598	1	1	170	99	7	0	G
E4_BC52_191109_LF_LIB_consensus_vsearch	1231	T	T	270	4	1.42%	2	2	93	93	0.06181507136518779	1	1	174	96	1	3	-G
E4_BC52_191109_LF_LIB_consensus_vsearch	1232	G	G	270	2	0.72%	2	2	93	93	0.2495395948434138	1	1	171	99	1	1	T
E4_BC52_191109_LF_LIB_consensus_vsearch	1233	C	*/-AC	235	34	12.23%	2	1	93	93	1.9129039274072777E-11	1	1	137	98	34	0	-AC
E4_BC52_191109_LF_LIB_consensus_vsearch	1234	A	A	237	3	1.22%	2	2	93	93	0.12421711899798199	1	1	139	98	2	1	G
E4_BC52_191109_LF_LIB_consensus_vsearch	1235	C	C	240	4	1.64%	2	1	93	93	0.06173077330172328	1	1	143	97	0	4	T
E4_BC52_191109_LF_LIB_consensus_vsearch	1236	G	G	277	1	0.36%	2	1	93	93	0.4999999999999138	1	1	175	102	1	0	+A
E4_BC52_191109_LF_LIB_consensus_vsearch	1237	T	T	276	4	1.42%	2	1	93	93	0.06182976140387695	1	1	173	103	4	0	+C
E4_BC52_191109_LF_LIB_consensus_vsearch	1238	C	C	273	4	1.42%	2	2	93	93	0.061822496004320764	1	1	170	103	3	1	-A
E4_BC52_191109_LF_LIB_consensus_vsearch	1239	A	*/-G	268	7	2.52%	2	2	93	93	0.007516387806114139	1	1	169	99	6	1	-G
E4_BC52_191109_LF_LIB_consensus_vsearch	1240	G	*/-A	267	7	2.55%	2	2	93	93	0.007515315152860378	1	1	166	101	5	2	-A
E4_BC52_191109_LF_LIB_consensus_vsearch	1241	A	A	274	1	0.36%	2	1	93	93	0.4999999999999138	1	1	172	102	1	0	+G
E4_BC52_191109_LF_LIB_consensus_vsearch	1242	A	R	267	10	3.55%	2	1	93	93	8.990961781053044E-4	1	1	166	101	10	0	G
E4_BC52_191109_LF_LIB_consensus_vsearch	1243	T	T	265	5	1.8%	2	1	93	93	0.030671842124359663	1	1	171	94	5	0	G
E4_BC52_191109_LF_LIB_consensus_vsearch	1244	C	C	269	5	1.81%	2	1	93	93	0.030680274390748198	1	1	171	98	5	0	-G
E4_BC52_191109_LF_LIB_consensus_vsearch	1245	G	G	268	2	0.73%	2	2	93	93	0.24953617810762627	1	1	167	101	1	1	A
E4_BC52_191109_LF_LIB_consensus_vsearch	1246	C	*/-TA	259	8	2.87%	2	1	93	93	0.003703931063382389	1	1	170	89	0	8	-TA
E4_BC52_191109_LF_LIB_consensus_vsearch	1247	T	T	264	2	0.74%	2	1	93	93	0.24952919020719036	1	1	174	90	2	0	-AC
E4_BC52_191109_LF_LIB_consensus_vsearch	1248	A	R	255	11	4.09%	2	2	93	93	4.3940412746515644E-4	1	1	162	93	10	1	G
E4_BC52_191109_LF_LIB_consensus_vsearch	1249	C	C	264	5	1.81%	2	1	93	93	0.030669694912897477	1	1	165	99	5	0	+G
E4_BC52_191109_LF_LIB_consensus_vsearch	1250	A	R	255	13	4.69%	2	2	93	93	1.051708397388793E-4	1	1	158	97	11	2	G
E4_BC52_191109_LF_LIB_consensus_vsearch	1251	G	G	272	2	0.72%	2	1	93	93	0.2495429616087481	1	1	172	100	2	0	+A
E4_BC52_191109_LF_LIB_consensus_vsearch	1252	G	*/-C	265	9	3.19%	2	2	93	93	0.0018270442691405997	1	1	169	96	2	7	-C
E4_BC52_191109_LF_LIB_consensus_vsearch	1253	C	C	267	2	0.73%	2	1	93	93	0.24953445065180796	1	1	171	96	2	0	A
E4_BC52_191109_LF_LIB_consensus_vsearch	1254	C	C	273	4	1.42%	2	2	93	93	0.061822496004320764	1	1	173	100	1	3	-TC
E4_BC52_191109_LF_LIB_consensus_vsearch	1255	T	*/-C	259	10	3.61%	2	2	93	93	8.968490941134896E-4	1	1	164	95	7	3	-C
E4_BC52_191109_LF_LIB_consensus_vsearch	1256	C	C	265	1	0.38%	2	1	93	93	0.4999999999999138	1	1	167	98	1	0	T
E4_BC52_191109_LF_LIB_consensus_vsearch	1257	C	C	276	1	0.36%	2	1	93	93	0.5000000000003686	1	1	173	103	1	0	+T
E4_BC52_191109_LF_LIB_consensus_vsearch	1258	A	A	272	4	1.43%	2	1	93	93	0.06182003907461255	1	1	169	103	4	0	G
E4_BC52_191109_LF_LIB_consensus_vsearch	1259	C	C	274	1	0.36%	2	1	93	93	0.4999999999999138	1	1	173	101	0	1	+AC
E4_BC52_191109_LF_LIB_consensus_vsearch	1260	C	C	274	4	1.42%	2	2	93	93	0.061824935242698754	1	1	172	102	3	1	T
E4_BC52_191109_LF_LIB_consensus_vsearch	1261	A	A	276	2	0.71%	2	1	93	93	0.24954954954932992	1	1	173	103	2	0	G
E4_BC52_191109_LF_LIB_consensus_vsearch	1262	G	G	277	2	0.71%	2	2	93	93	0.24955116696580612	1	1	175	102	1	1	-CG
E4_BC52_191109_LF_LIB_consensus_vsearch	1263	C	C	274	3	1.07%	2	1	93	93	0.1243218806510022	1	1	174	100	0	3	T
E4_BC52_191109_LF_LIB_consensus_vsearch	1264	G	G	271	4	1.44%	2	1	93	93	0.06181756426009212	1	1	168	103	4	0	-T
E4_BC52_191109_LF_LIB_consensus_vsearch	1265	T	T	274	2	0.72%	2	1	93	93	0.2495462794919261	1	1	172	102	0	2	C
E4_BC52_191109_LF_LIB_consensus_vsearch	1266	T	T	279	2	0.71%	2	1	93	93	0.24955436720141339	1	1	175	104	2	0	C
E4_BC52_191109_LF_LIB_consensus_vsearch	1267	T	*/-C	266	7	2.48%	2	2	93	93	0.0075142347009056415	1	1	165	101	6	1	-C
E4_BC52_191109_LF_LIB_consensus_vsearch	1268	C	C	271	1	0.37%	2	1	93	93	0.4999999999999138	1	1	169	102	0	1	+A
E4_BC52_191109_LF_LIB_consensus_vsearch	1269	C	C	272	4	1.43%	2	2	93	93	0.06182003907461255	1	1	169	103	3	1	-A
E4_BC52_191109_LF_LIB_consensus_vsearch	1270	A	A	272	2	0.73%	2	1	93	93	0.2495429616087481	1	1	169	103	2	0	-C
E4_BC52_191109_LF_LIB_consensus_vsearch	1271	C	C	275	1	0.36%	2	1	93	93	0.5000000000003686	1	1	171	104	1	0	+A
E4_BC52_191109_LF_LIB_consensus_vsearch	1272	T	*/-G	266	8	2.85%	2	2	93	93	0.0037090372381044278	1	1	171	95	3	5	-G
E4_BC52_191109_LF_LIB_consensus_vsearch	1273	G	G	270	2	0.73%	2	1	93	93	0.2495395948434138	1	1	171	99	2	0	A
E4_BC52_191109_LF_LIB_consensus_vsearch	1274	G	R	268	11	3.9%	2	2	93	93	4.416107728500366E-4	1	1	169	99	6	5	A
E4_BC52_191109_LF_LIB_consensus_vsearch	1275	C	C	274	4	1.42%	2	2	93	93	0.061824935242698754	1	1	172	102	3	1	-TT
E4_BC52_191109_LF_LIB_consensus_vsearch	1276	T	T	276	0	0%	2	0	93	0	1.0	1	0	173	103	0	0	
E4_BC52_191109_LF_LIB_consensus_vsearch	1277	T	T	263	4	1.44%	2	2	93	93	0.06179709776251344	1	1	165	98	2	2	+C
E4_BC52_191109_LF_LIB_consensus_vsearch	1278	C	C	271	5	1.79%	2	1	93	93	0.030684398956702864	1	1	168	103	5	0	-AC
E4_BC52_191109_LF_LIB_consensus_vsearch	1279	A	A	261	6	2.2%	2	2	93	93	0.015187754818318031	1	1	163	98	2	4	-C
E4_BC52_191109_LF_LIB_consensus_vsearch	1280	C	*/+T	254	9	3.35%	2	1	93	93	0.0018218680650561358	1	1	164	90	0	9	+T
E4_BC52_191109_LF_LIB_consensus_vsearch	1281	C	*/+T	223	26	9.29%	2	1	93	93	7.487800330922484E-9	1	1	164	59	0	26	+T
E4_BC52_191109_LF_LIB_consensus_vsearch	1282	T	T	249	2	0.79%	2	1	93	93	0.24950099800389156	1	1	163	86	0	2	C
E4_BC52_191109_LF_LIB_consensus_vsearch	1283	T	*/-AC	237	24	8.73%	2	1	93	93	3.425621202887636E-8	1	1	136	101	24	0	-AC
E4_BC52_191109_LF_LIB_consensus_vsearch	1284	A	*/-C	222	15	6.1%	2	2	93	93	2.42825012305824E-5	1	1	123	99	12	3	-C
E4_BC52_191109_LF_LIB_consensus_vsearch	1285	C	S	220	8	3.43%	2	1	93	93	0.0036698276230520683	1	1	123	97	8	0	G
E4_BC52_191109_LF_LIB_consensus_vsearch	1286	C	S	244	25	9.19%	2	1	93	93	1.661223066858082E-8	1	1	142	102	25	0	G
E4_BC52_191109_LF_LIB_consensus_vsearch	1287	C	C	271	3	1.07%	2	1	93	93	0.12431444241326345	1	1	175	96	0	3	-GG
E4_BC52_191109_LF_LIB_consensus_vsearch	1288	G	R	252	21	7.58%	2	2	93	93	3.197228856347231E-7	1	1	156	96	20	1	A
E4_BC52_191109_LF_LIB_consensus_vsearch	1289	G	G	273	3	1.08%	2	1	93	93	0.12431941923772909	1	1	173	100	3	0	+A
E4_BC52_191109_LF_LIB_consensus_vsearch	1290	G	G	281	1	0.35%	2	1	93	93	0.4999999999999138	1	1	177	104	1	0	-C
E4_BC52_191109_LF_LIB_consensus_vsearch	1291	C	C	277	2	0.71%	2	1	93	93	0.24955116696580612	1	1	174	103	2	0	T
E4_BC52_191109_LF_LIB_consensus_vsearch	1292	A	A	276	4	1.42%	2	2	93	93	0.06182976140387695	1	1	175	101	2	2	G
E4_BC52_191109_LF_LIB_consensus_vsearch	1293	T	T	272	5	1.78%	2	1	93	93	0.03068643892575303	1	1	169	103	5	0	+G
E4_BC52_191109_LF_LIB_consensus_vsearch	1294	A	A	273	5	1.78%	2	2	93	93	0.03068846423273724	1	1	171	102	4	1	-G
E4_BC52_191109_LF_LIB_consensus_vsearch	1295	G	G	275	2	0.72%	2	1	93	93	0.24954792043411347	1	1	172	103	2	0	+A
E4_BC52_191109_LF_LIB_consensus_vsearch	1296	T	T	280	1	0.35%	2	1	93	93	0.4999999999999138	1	1	178	102	0	1	+AT
E4_BC52_191109_LF_LIB_consensus_vsearch	1297	T	T	274	4	1.42%	2	2	93	93	0.061824935242698754	1	1	173	101	3	1	C
E4_BC52_191109_LF_LIB_consensus_vsearch	1298	C	C	274	2	0.71%	2	1	93	93	0.2495462794919261	1	1	172	102	2	0	-AC
E4_BC52_191109_LF_LIB_consensus_vsearch	1299	A	A	267	3	1.08%	2	1	93	93	0.12430426716151294	1	1	166	101	3	0	+C
E4_BC52_191109_LF_LIB_consensus_vsearch	1300	C	C	261	4	1.45%	2	2	93	93	0.06179178787806501	1	1	169	92	1	3	+T
E4_BC52_191109_LF_LIB_consensus_vsearch	1301	C	C	272	6	2.15%	2	2	93	93	0.015204992260514073	1	1	176	96	1	5	T
E4_BC52_191109_LF_LIB_consensus_vsearch	1302	A	A	271	4	1.43%	2	2	93	93	0.06181756426009212	1	1	172	99	1	3	-T
E4_BC52_191109_LF_LIB_consensus_vsearch	1303	T	T	271	2	0.72%	2	1	93	93	0.24954128440383208	1	1	175	96	0	2	C
E4_BC52_191109_LF_LIB_consensus_vsearch	1304	C	*/-T	253	21	7.53%	2	1	93	93	3.202080458401424E-7	1	1	174	79	0	21	-T
E4_BC52_191109_LF_LIB_consensus_vsearch	1305	T	T	254	1	0.39%	2	1	93	93	0.4999999999999138	1	1	174	80	1	0	C
E4_BC52_191109_LF_LIB_consensus_vsearch	1306	T	T	272	2	0.72%	2	2	93	93	0.2495429616087481	1	1	174	98	1	1	C
E4_BC52_191109_LF_LIB_consensus_vsearch	1307	T	*/+C	263	8	2.86%	2	1	93	93	0.003706880776381375	1	1	162	101	8	0	+C
E4_BC52_191109_LF_LIB_consensus_vsearch	1308	C	*/-G	260	9	3.25%	2	2	93	93	0.0018247429645633383	1	1	167	93	5	4	-G
E4_BC52_191109_LF_LIB_consensus_vsearch	1309	G	R	245	24	8.92%	2	1	93	93	3.4851781892460416E-8	1	1	147	98	24	0	A
E4_BC52_191109_LF_LIB_consensus_vsearch	1310	G	G	278	1	0.36%	2	1	93	93	0.4999999999999138	1	1	176	102	0	1	+C
E4_BC52_191109_LF_LIB_consensus_vsearch	1311	G	G	278	2	0.71%	2	1	93	93	0.24955277280837324	1	1	177	101	0	2	-T
E4_BC52_191109_LF_LIB_consensus_vsearch	1312	T	T	276	2	0.72%	2	2	93	93	0.24954954954932992	1	1	176	100	1	1	-C
E4_BC52_191109_LF_LIB_consensus_vsearch	1313	C	C	276	3	1.08%	2	1	93	93	0.12432675044874984	1	1	173	103	3	0	-GC
E4_BC52_191109_LF_LIB_consensus_vsearch	1314	G	G	268	4	1.43%	2	2	93	93	0.061810030534865154	1	1	169	99	2	2	A
E4_BC52_191109_LF_LIB_consensus_vsearch	1315	C	C	269	2	0.72%	2	1	93	93	0.24953789279111838	1	1	171	98	0	2	+A
E4_BC52_191109_LF_LIB_consensus_vsearch	1316	A	A	273	1	0.36%	2	1	93	93	0.4999999999999138	1	1	172	101	0	1	+C
E4_BC52_191109_LF_LIB_consensus_vsearch	1317	C	C	270	4	1.44%	2	2	93	93	0.06181507136518779	1	1	171	99	1	3	T
E4_BC52_191109_LF_LIB_consensus_vsearch	1318	C	Y	247	31	11.03%	2	2	93	93	1.9211428574266148E-10	1	1	169	78	6	25	T
E4_BC52_191109_LF_LIB_consensus_vsearch	1319	G	G	272	5	1.79%	2	1	93	93	0.03068643892575303	1	1	171	101	5	0	A
E4_BC52_191109_LF_LIB_consensus_vsearch	1320	T	Y	268	7	2.51%	2	2	93	93	0.007516387806114139	1	1	172	96	2	5	C
E4_BC52_191109_LF_LIB_consensus_vsearch	1321	A	A	263	5	1.81%	2	2	93	93	0.030667531693296068	1	1	164	99	4	1	-CA
E4_BC52_191109_LF_LIB_consensus_vsearch	1322	C	C	265	3	1.09%	2	1	93	93	0.12429906542060956	1	1	163	102	3	0	+GT
E4_BC52_191109_LF_LIB_consensus_vsearch	1323	A	A	261	6	2.17%	2	1	93	93	0.015187754818318031	1	1	161	100	6	0	G
E4_BC52_191109_LF_LIB_consensus_vsearch	1324	T	T	277	2	0.71%	2	2	93	93	0.24955116696580612	1	1	175	102	1	1	+AA
E4_BC52_191109_LF_LIB_consensus_vsearch	1325	G	G	271	5	1.79%	2	1	93	93	0.030684398956702864	1	1	170	101	5	0	A
E4_BC52_191109_LF_LIB_consensus_vsearch	1326	C	C	272	5	1.78%	2	1	93	93	0.03068643892575303	1	1	174	98	0	5	T
E4_BC52_191109_LF_LIB_consensus_vsearch	1327	T	T	272	3	1.07%	2	2	93	93	0.12431693989066941	1	1	171	101	2	1	C
E4_BC52_191109_LF_LIB_consensus_vsearch	1328	C	C	270	6	2.14%	2	2	93	93	0.015201959994994966	1	1	174	96	4	2	-T
E4_BC52_191109_LF_LIB_consensus_vsearch	1329	T	T	270	4	1.45%	2	2	93	93	0.06181507136518779	1	1	171	99	2	2	C
E4_BC52_191109_LF_LIB_consensus_vsearch	1330	A	*/-C	258	17	6.05%	2	2	93	93	5.912375858369679E-6	1	1	174	84	1	16	-C
E4_BC52_191109_LF_LIB_consensus_vsearch	1331	C	C	261	1	0.38%	2	1	93	93	0.5000000000003686	1	1	176	85	0	1	+A
E4_BC52_191109_LF_LIB_consensus_vsearch	1332	C	*/-T	266	8	2.85%	2	1	93	93	0.0037090372381044278	1	1	177	89	0	8	-T
E4_BC52_191109_LF_LIB_consensus_vsearch	1333	T	T	258	5	1.87%	2	2	93	93	0.030656469088614302	1	1	173	85	1	4	-C
E4_BC52_191109_LF_LIB_consensus_vsearch	1334	C	C	264	4	1.47%	2	2	93	93	0.06179972295775155	1	1	171	93	3	1	-GC
E4_BC52_191109_LF_LIB_consensus_vsearch	1335	G	G	272	4	1.44%	2	2	93	93	0.06182003907461255	1	1	171	101	3	1	A
E4_BC52_191109_LF_LIB_consensus_vsearch	1336	C	C	268	3	1.08%	2	1	93	93	0.12430683918669663	1	1	170	98	0	3	+A
E4_BC52_191109_LF_LIB_consensus_vsearch	1337	A	A	265	6	2.14%	2	2	93	93	0.015194184268635263	1	1	166	99	4	2	G
E4_BC52_191109_LF_LIB_consensus_vsearch	1338	C	C	262	6	2.15%	2	2	93	93	0.015189380104217696	1	1	166	96	1	5	T
E4_BC52_191109_LF_LIB_consensus_vsearch	1339	A	A	268	3	1.09%	2	1	93	93	0.12430683918669663	1	1	167	101	3	0	G
E4_BC52_191109_LF_LIB_consensus_vsearch	1340	A	A	273	2	0.71%	2	1	93	93	0.2495446265938613	1	1	173	100	2	0	-G
E4_BC52_191109_LF_LIB_consensus_vsearch	1341	G	G	276	3	1.08%	2	1	93	93	0.12432675044874984	1	1	175	101	0	3	T
E4_BC52_191109_LF_LIB_consensus_vsearch	1342	G	G	280	1	0.35%	2	1	93	93	0.4999999999999138	1	1	176	104	1	0	+A
E4_BC52_191109_LF_LIB_consensus_vsearch	1343	C	*/-G	256	18	6.41%	2	2	93	93	2.8588004514107823E-6	1	1	169	87	4	14	-G
E4_BC52_191109_LF_LIB_consensus_vsearch	1344	G	G	257	3	1.15%	2	1	93	93	0.12427745664727831	1	1	169	88	3	0	A
E4_BC52_191109_LF_LIB_consensus_vsearch	1345	G	G	275	2	0.71%	2	1	93	93	0.24954792043411347	1	1	174	101	0	2	A
E4_BC52_191109_LF_LIB_consensus_vsearch	1346	G	G	275	2	0.71%	2	1	93	93	0.24954792043411347	1	1	175	100	0	2	-T
E4_BC52_191109_LF_LIB_consensus_vsearch	1347	T	T	277	1	0.36%	2	1	93	93	0.4999999999999138	1	1	178	99	0	1	C
E4_BC52_191109_LF_LIB_consensus_vsearch	1348	G	G	277	1	0.36%	2	1	93	93	0.4999999999999138	1	1	175	102	1	0	-C
E4_BC52_191109_LF_LIB_consensus_vsearch	1349	C	*/-G	259	11	3.94%	2	2	93	93	4.40104982176298E-4	1	1	168	91	5	6	-G
E4_BC52_191109_LF_LIB_consensus_vsearch	1350	G	R	258	7	2.62%	2	1	93	93	0.007505299821009934	1	1	163	95	7	0	A
E4_BC52_191109_LF_LIB_consensus_vsearch	1351	G	G	267	6	2.15%	2	2	93	93	0.015197328608558202	1	1	170	97	5	1	A
E4_BC52_191109_LF_LIB_consensus_vsearch	1352	G	G	276	4	1.43%	2	1	93	93	0.06182976140387695	1	1	174	102	4	0	T
E4_BC52_191109_LF_LIB_consensus_vsearch	1353	T	*/-G	271	7	2.5%	2	2	93	93	0.0075195598088442315	1	1	177	94	1	6	-G
E4_BC52_191109_LF_LIB_consensus_vsearch	1354	G	*/+T	261	11	4.01%	2	1	93	93	4.404479324483225E-4	1	1	176	85	0	11	+T
E4_BC52_191109_LF_LIB_consensus_vsearch	1355	T	T	272	3	1.06%	2	1	93	93	0.12431693989066941	1	1	172	100	0	3	C
E4_BC52_191109_LF_LIB_consensus_vsearch	1356	C	*/-T	255	18	6.45%	2	2	93	93	2.855680313954839E-6	1	1	170	85	2	16	-T
E4_BC52_191109_LF_LIB_consensus_vsearch	1357	T	T	251	4	1.53%	2	2	93	93	0.06176398786346276	1	1	171	80	2	2	C
E4_BC52_191109_LF_LIB_consensus_vsearch	1358	G	G	268	4	1.42%	2	2	93	93	0.061810030534865154	1	1	167	101	2	2	-C
E4_BC52_191109_LF_LIB_consensus_vsearch	1359	C	C	272	1	0.36%	2	1	93	93	0.5000000000003686	1	1	171	101	1	0	+GC
E4_BC52_191109_LF_LIB_consensus_vsearch	1360	C	Y	256	12	4.3%	2	2	93	93	2.1527156259027708E-4	1	1	163	93	2	10	T
E4_BC52_191109_LF_LIB_consensus_vsearch	1361	A	R	240	12	4.44%	2	2	93	93	2.1351823091343366E-4	1	1	147	93	11	1	G
E4_BC52_191109_LF_LIB_consensus_vsearch	1362	C	*/-A	207	33	12.5%	2	2	93	93	3.573884543222237E-11	1	1	115	92	31	2	-A
E4_BC52_191109_LF_LIB_consensus_vsearch	1363	A	A	223	6	2.56%	2	1	93	93	0.01511552339729264	1	1	130	93	6	0	G
E4_BC52_191109_LF_LIB_consensus_vsearch	1364	A	A	262	6	2.17%	2	1	93	93	0.015189380104217696	1	1	166	96	6	0	G
E4_BC52_191109_LF_LIB_consensus_vsearch	1365	G	G	275	2	0.72%	2	1	93	93	0.24954792043411347	1	1	177	98	0	2	+C
E4_BC52_191109_LF_LIB_consensus_vsearch	1366	G	G	280	1	0.35%	2	1	93	93	0.4999999999999138	1	1	177	103	0	1	C
E4_BC52_191109_LF_LIB_consensus_vsearch	1367	A	A	278	2	0.71%	2	2	93	93	0.24955277280837324	1	1	176	102	1	1	G
E4_BC52_191109_LF_LIB_consensus_vsearch	1368	C	C	278	2	0.71%	2	2	93	93	0.24955277280837324	1	1	177	101	1	1	+G
E4_BC52_191109_LF_LIB_consensus_vsearch	1369	A	A	270	5	1.78%	2	1	93	93	0.030682344165700513	1	1	169	101	5	0	+T
E4_BC52_191109_LF_LIB_consensus_vsearch	1370	T	T	278	3	1.07%	2	1	93	93	0.12433155080212302	1	1	178	100	0	3	C
E4_BC52_191109_LF_LIB_consensus_vsearch	1371	T	*/-C	233	34	12.06%	2	2	93	93	1.895941675268437E-11	1	1	155	78	18	16	-C
E4_BC52_191109_LF_LIB_consensus_vsearch	1372	C	C	241	2	0.82%	2	1	93	93	0.2494845360824727	1	1	158	83	2	0	T
E4_BC52_191109_LF_LIB_consensus_vsearch	1373	C	C	274	2	0.72%	2	2	93	93	0.2495462794919261	1	1	176	98	1	1	T
E4_BC52_191109_LF_LIB_consensus_vsearch	1374	C	C	271	3	1.07%	2	2	93	93	0.12431444241326345	1	1	175	96	2	1	A
E4_BC52_191109_LF_LIB_consensus_vsearch	1375	C	C	271	6	2.13%	2	1	93	93	0.015203481580703948	1	1	175	96	0	6	T
E4_BC52_191109_LF_LIB_consensus_vsearch	1376	A	A	275	2	0.71%	2	1	93	93	0.24954792043411347	1	1	174	101	0	2	-T
E4_BC52_191109_LF_LIB_consensus_vsearch	1377	T	T	276	1	0.36%	2	1	93	93	0.5000000000003686	1	1	174	102	1	0	+A
E4_BC52_191109_LF_LIB_consensus_vsearch	1378	C	C	280	0	0%	2	0	93	0	1.0	1	0	176	104	0	0	
E4_BC52_191109_LF_LIB_consensus_vsearch	1379	G	G	281	1	0.35%	2	1	93	93	0.4999999999999138	1	1	178	103	0	1	+T
E4_BC52_191109_LF_LIB_consensus_vsearch	1380	T	T	278	2	0.71%	2	1	93	93	0.24955277280837324	1	1	175	103	2	0	-C
E4_BC52_191109_LF_LIB_consensus_vsearch	1381	C	C	275	2	0.72%	2	1	93	93	0.24954792043411347	1	1	173	102	2	0	-G
E4_BC52_191109_LF_LIB_consensus_vsearch	1382	G	G	272	3	1.08%	2	2	93	93	0.12431693989066941	1	1	173	99	1	2	-CG
E4_BC52_191109_LF_LIB_consensus_vsearch	1383	C	*/-GT	260	8	2.89%	2	1	93	93	0.0037046766426069204	1	1	171	89	0	8	-GT
E4_BC52_191109_LF_LIB_consensus_vsearch	1384	G	G	258	3	1.13%	2	2	93	93	0.12428023032618613	1	1	170	88	1	2	+C
E4_BC52_191109_LF_LIB_consensus_vsearch	1385	T	T	268	3	1.1%	2	1	93	93	0.12430683918669663	1	1	176	92	0	3	C
E4_BC52_191109_LF_LIB_consensus_vsearch	1386	T	Y	266	7	2.49%	2	2	93	93	0.0075142347009056415	1	1	172	94	1	6	C
E4_BC52_191109_LF_LIB_consensus_vsearch	1387	C	C	267	6	2.15%	2	2	93	93	0.015197328608558202	1	1	169	98	5	1	-G
E4_BC52_191109_LF_LIB_consensus_vsearch	1388	G	G	271	1	0.37%	2	1	93	93	0.4999999999999138	1	1	170	101	1	0	+TT
E4_BC52_191109_LF_LIB_consensus_vsearch	1389	C	C	267	5	1.79%	2	1	93	93	0.030676089228361576	1	1	166	101	5	0	+T
E4_BC52_191109_LF_LIB_consensus_vsearch	1390	T	T	277	1	0.36%	2	1	93	93	0.4999999999999138	1	1	175	102	0	1	+A
E4_BC52_191109_LF_LIB_consensus_vsearch	1391	A	A	272	4	1.42%	2	1	93	93	0.06182003907461255	1	1	168	104	4	0	C
E4_BC52_191109_LF_LIB_consensus_vsearch	1392	C	C	276	1	0.35%	2	1	93	93	0.5000000000003686	1	1	175	101	0	1	+AGC
E4_BC52_191109_LF_LIB_consensus_vsearch	1393	G	G	270	6	2.14%	2	2	93	93	0.015201959994994966	1	1	172	98	4	2	-C
E4_BC52_191109_LF_LIB_consensus_vsearch	1394	C	C	271	2	0.73%	2	1	93	93	0.24954128440383208	1	1	171	100	0	2	+T
E4_BC52_191109_LF_LIB_consensus_vsearch	1395	C	C	273	3	1.07%	2	1	93	93	0.12431941923772909	1	1	172	101	3	0	-T
E4_BC52_191109_LF_LIB_consensus_vsearch	1396	T	*/-C	223	43	15.58%	2	1	93	93	1.7928392920818397E-14	1	1	125	98	43	0	-C
E4_BC52_191109_LF_LIB_consensus_vsearch	1397	C	C	229	3	1.28%	2	1	93	93	0.12419006479500183	1	1	132	97	0	3	+TC
E4_BC52_191109_LF_LIB_consensus_vsearch	1398	C	C	269	6	2.14%	2	1	93	93	0.015200427384840735	1	1	165	104	6	0	-A
E4_BC52_191109_LF_LIB_consensus_vsearch	1399	A	R	240	27	9.78%	2	1	93	93	3.72979208895684E-9	1	1	137	103	27	0	G
E4_BC52_191109_LF_LIB_consensus_vsearch	1400	G	G	268	6	2.18%	2	1	93	93	0.015198883630026071	1	1	165	103	6	0	+A
E4_BC52_191109_LF_LIB_consensus_vsearch	1401	G	*/+T	249	17	6.03%	2	1	93	93	5.85995649783237E-6	1	1	147	102	17	0	+T
E4_BC52_191109_LF_LIB_consensus_vsearch	1402	T	T	263	4	1.48%	2	2	93	93	0.06179709776251344	1	1	162	101	3	1	C
E4_BC52_191109_LF_LIB_consensus_vsearch	1403	T	T	277	5	1.77%	2	2	93	93	0.030696421956437656	1	1	176	101	2	3	C
E4_BC52_191109_LF_LIB_consensus_vsearch	1404	T	T	276	2	0.71%	2	1	93	93	0.24954954954932992	1	1	176	100	0	2	+C
E4_BC52_191109_LF_LIB_consensus_vsearch	1405	C	*/-A	252	23	8.19%	2	2	93	93	7.378199963352906E-8	1	1	170	82	3	20	-A
E4_BC52_191109_LF_LIB_consensus_vsearch	1406	A	A	255	2	0.77%	2	1	93	93	0.2495126705651419	1	1	171	84	2	0	G
E4_BC52_191109_LF_LIB_consensus_vsearch	1407	A	A	261	5	1.77%	2	1	93	93	0.03066315650820783	1	1	174	87	0	5	-T
E4_BC52_191109_LF_LIB_consensus_vsearch	1408	T	Y	256	14	5.17%	2	2	93	93	5.1346242618817986E-5	1	1	177	79	1	13	C
E4_BC52_191109_LF_LIB_consensus_vsearch	1409	T	*/+C	115	140	50.72%	2	2	93	93	1.4602710677231502E-54	1	1	72	43	105	35	+C
E4_BC52_191109_LF_LIB_consensus_vsearch	1410	C	C	270	2	0.73%	2	1	93	93	0.2495395948434138	1	1	176	94	0	2	T
E4_BC52_191109_LF_LIB_consensus_vsearch	1411	C	C	270	6	2.14%	2	2	93	93	0.015201959994994966	1	1	173	97	1	5	-T
E4_BC52_191109_LF_LIB_consensus_vsearch	1412	T	T	268	5	1.82%	2	2	93	93	0.030678189467263802	1	1	175	93	2	3	C
E4_BC52_191109_LF_LIB_consensus_vsearch	1413	T	T	272	5	1.77%	2	2	93	93	0.03068643892575303	1	1	172	100	2	3	-C
E4_BC52_191109_LF_LIB_consensus_vsearch	1414	C	C	271	1	0.36%	2	1	93	93	0.4999999999999138	1	1	173	98	1	0	+AC
E4_BC52_191109_LF_LIB_consensus_vsearch	1415	G	G	279	2	0.71%	2	1	93	93	0.24955436720141339	1	1	176	103	2	0	-AC
E4_BC52_191109_LF_LIB_consensus_vsearch	1416	A	A	274	3	1.08%	2	2	93	93	0.1243218806510022	1	1	174	100	2	1	G
E4_BC52_191109_LF_LIB_consensus_vsearch	1417	C	C	275	3	1.08%	2	1	93	93	0.1243243243242452	1	1	176	99	0	3	+T
E4_BC52_191109_LF_LIB_consensus_vsearch	1418	T	*/-C	261	8	2.86%	2	2	93	93	0.003705416747963619	1	1	173	88	1	7	-C
E4_BC52_191109_LF_LIB_consensus_vsearch	1419	C	*/-GC	259	9	3.3%	2	2	93	93	0.0018242725891630934	1	1	166	93	8	1	-GC
E4_BC52_191109_LF_LIB_consensus_vsearch	1420	G	G	270	1	0.37%	2	1	93	93	0.4999999999999138	1	1	169	101	1	0	A
E4_BC52_191109_LF_LIB_consensus_vsearch	1421	C	C	264	4	1.47%	2	1	93	93	0.06179972295775155	1	1	167	97	0	4	T
E4_BC52_191109_LF_LIB_consensus_vsearch	1422	A	A	275	1	0.36%	2	1	93	93	0.5000000000003686	1	1	172	103	1	0	+T
E4_BC52_191109_LF_LIB_consensus_vsearch	1423	T	T	272	2	0.72%	2	2	93	93	0.2495429616087481	1	1	172	100	1	1	C
E4_BC52_191109_LF_LIB_consensus_vsearch	1424	G	R	267	11	3.93%	2	2	93	93	4.4144812348402026E-4	1	1	164	103	10	1	A
E4_BC52_191109_LF_LIB_consensus_vsearch	1425	C	*/-A	236	28	10%	2	2	93	93	1.7498331487164673E-9	1	1	139	97	26	2	-A
E4_BC52_191109_LF_LIB_consensus_vsearch	1426	A	A	242	4	1.6%	2	2	93	93	0.061737033473691375	1	1	144	98	2	2	G
E4_BC52_191109_LF_LIB_consensus_vsearch	1427	A	A	269	6	2.14%	2	2	93	93	0.015200427384840735	1	1	172	97	4	2	-G
E4_BC52_191109_LF_LIB_consensus_vsearch	1428	G	G	271	3	1.09%	2	1	93	93	0.12431444241326345	1	1	170	101	3	0	+A
E4_BC52_191109_LF_LIB_consensus_vsearch	1429	G	G	272	3	1.06%	2	1	93	93	0.12431693989066941	1	1	172	100	3	0	+T
E4_BC52_191109_LF_LIB_consensus_vsearch	1430	T	T	273	3	1.08%	2	1	93	93	0.12431941923772909	1	1	177	96	0	3	-GC
E4_BC52_191109_LF_LIB_consensus_vsearch	1431	G	G	274	1	0.36%	2	1	93	93	0.4999999999999138	1	1	176	98	1	0	+CCTTG
E4_BC52_191109_LF_LIB_consensus_vsearch	1432	C	*/-A	254	10	3.58%	2	1	93	93	8.953772843442645E-4	1	1	160	94	10	0	-A
E4_BC52_191109_LF_LIB_consensus_vsearch	1433	A	A	258	6	2.25%	2	1	93	93	0.015182805374032816	1	1	156	102	6	0	G
E4_BC52_191109_LF_LIB_consensus_vsearch	1434	C	C	258	6	2.17%	2	1	93	93	0.015182805374032816	1	1	173	85	0	6	-T
E4_BC52_191109_LF_LIB_consensus_vsearch	1435	T	*/-C	243	17	6.25%	2	2	93	93	5.8232073313686525E-6	1	1	172	71	5	12	-C
E4_BC52_191109_LF_LIB_consensus_vsearch	1436	C	C	245	5	1.98%	2	1	93	93	0.03062563759307	1	1	170	75	0	5	T
E4_BC52_191109_LF_LIB_consensus_vsearch	1437	C	*/-T	253	11	4.04%	2	2	93	93	4.390460042919817E-4	1	1	174	79	1	10	-T
E4_BC52_191109_LF_LIB_consensus_vsearch	1438	T	T	262	2	0.75%	2	1	93	93	0.24952561669824413	1	1	173	89	2	0	A
E4_BC52_191109_LF_LIB_consensus_vsearch	1439	T	T	269	6	2.14%	2	1	93	93	0.015200427384840735	1	1	173	96	0	6	-G
E4_BC52_191109_LF_LIB_consensus_vsearch	1440	G	G	270	5	1.81%	2	1	93	93	0.030682344165700513	1	1	173	97	5	0	A
E4_BC52_191109_LF_LIB_consensus_vsearch	1441	G	G	280	1	0.35%	2	1	93	93	0.4999999999999138	1	1	177	103	1	0	+T
E4_BC52_191109_LF_LIB_consensus_vsearch	1442	T	T	280	2	0.71%	2	1	93	93	0.24955595026613578	1	1	176	104	2	0	-C
E4_BC52_191109_LF_LIB_consensus_vsearch	1443	C	C	278	1	0.36%	2	1	93	93	0.4999999999999138	1	1	174	104	1	0	+ATT
E4_BC52_191109_LF_LIB_consensus_vsearch	1444	C	C	279	1	0.35%	2	1	93	93	0.5000000000003686	1	1	178	101	0	1	+A
E4_BC52_191109_LF_LIB_consensus_vsearch	1445	G	G	278	3	1.07%	2	2	93	93	0.12433155080212302	1	1	177	101	1	2	A
E4_BC52_191109_LF_LIB_consensus_vsearch	1446	T	T	277	3	1.06%	2	1	93	93	0.12432915921300346	1	1	178	99	0	3	A
E4_BC52_191109_LF_LIB_consensus_vsearch	1447	G	G	266	6	2.14%	2	2	93	93	0.015195762196627145	1	1	169	97	3	3	-T
E4_BC52_191109_LF_LIB_consensus_vsearch	1448	T	T	268	3	1.1%	2	2	93	93	0.12430683918669663	1	1	173	95	1	2	+GT
E4_BC52_191109_LF_LIB_consensus_vsearch	1449	T	T	279	1	0.36%	2	1	93	93	0.5000000000003686	1	1	178	101	0	1	C
E4_BC52_191109_LF_LIB_consensus_vsearch	1450	T	T	272	4	1.42%	2	2	93	93	0.06182003907461255	1	1	174	98	2	2	+C
E4_BC52_191109_LF_LIB_consensus_vsearch	1451	C	*/-A	268	7	2.49%	2	2	93	93	0.007516387806114139	1	1	169	99	6	1	-A
E4_BC52_191109_LF_LIB_consensus_vsearch	1452	A	A	267	3	1.09%	2	1	93	93	0.12430426716151294	1	1	167	100	3	0	C
E4_BC52_191109_LF_LIB_consensus_vsearch	1453	A	A	277	2	0.71%	2	1	93	93	0.24955116696580612	1	1	175	102	2	0	G
E4_BC52_191109_LF_LIB_consensus_vsearch	1454	G	G	279	1	0.36%	2	1	93	93	0.5000000000003686	1	1	176	103	1	0	-A
E4_BC52_191109_LF_LIB_consensus_vsearch	1455	A	A	276	3	1.07%	2	2	93	93	0.12432675044874984	1	1	173	103	2	1	G
E4_BC52_191109_LF_LIB_consensus_vsearch	1456	C	*/-G	267	8	2.84%	2	1	93	93	0.003709745731198054	1	1	177	90	0	8	-G
E4_BC52_191109_LF_LIB_consensus_vsearch	1457	G	G	263	6	2.19%	2	1	93	93	0.015190993352737225	1	1	171	92	6	0	A
E4_BC52_191109_LF_LIB_consensus_vsearch	1458	G	G	279	2	0.71%	2	2	93	93	0.24955436720141339	1	1	176	103	1	1	A
E4_BC52_191109_LF_LIB_consensus_vsearch	1459	G	G	281	1	0.35%	2	1	93	93	0.4999999999999138	1	1	177	104	1	0	A
E4_BC52_191109_LF_LIB_consensus_vsearch	1460	C	*/-GGC	265	8	2.84%	2	1	93	93	0.0037083236186299423	1	1	164	101	8	0	-GGC
E4_BC52_191109_LF_LIB_consensus_vsearch	1461	G	G	261	5	1.87%	2	1	93	93	0.03066315650820783	1	1	160	101	5	0	A
E4_BC52_191109_LF_LIB_consensus_vsearch	1462	G	G	263	3	1.09%	2	1	93	93	0.12429378531094196	1	1	159	104	3	0	A
E4_BC52_191109_LF_LIB_consensus_vsearch	1463	C	C	268	1	0.37%	2	1	93	93	0.5000000000003686	1	1	164	104	1	0	-T
E4_BC52_191109_LF_LIB_consensus_vsearch	1464	T	Y	267	9	3.21%	2	2	93	93	0.0018279418621040778	1	1	168	99	5	4	C
E4_BC52_191109_LF_LIB_consensus_vsearch	1465	A	A	275	2	0.72%	2	2	93	93	0.24954792043411347	1	1	174	101	1	1	G
E4_BC52_191109_LF_LIB_consensus_vsearch	1466	A	A	275	3	1.07%	2	1	93	93	0.1243243243242452	1	1	171	104	3	0	G
E4_BC52_191109_LF_LIB_consensus_vsearch	1467	C	C	273	2	0.72%	2	1	93	93	0.2495446265938613	1	1	173	100	0	2	+G
E4_BC52_191109_LF_LIB_consensus_vsearch	1468	G	R	250	27	9.68%	2	2	93	93	3.829022885254523E-9	1	1	148	102	26	1	A
E4_BC52_191109_LF_LIB_consensus_vsearch	1469	G	G	276	2	0.71%	2	1	93	93	0.24954954954932992	1	1	174	102	2	0	A
E4_BC52_191109_LF_LIB_consensus_vsearch	1470	T	T	274	4	1.42%	2	1	93	93	0.061824935242698754	1	1	175	99	0	4	C
E4_BC52_191109_LF_LIB_consensus_vsearch	1471	C	*/-A	260	15	5.36%	2	2	93	93	2.5083258969058437E-5	1	1	159	101	14	1	-A
E4_BC52_191109_LF_LIB_consensus_vsearch	1472	A	A	247	6	2.27%	2	1	93	93	0.015163657292611031	1	1	151	96	6	0	G
E4_BC52_191109_LF_LIB_consensus_vsearch	1473	C	Y	253	13	4.73%	2	1	93	93	1.0505021901642927E-4	1	1	154	99	13	0	T
E4_BC52_191109_LF_LIB_consensus_vsearch	1474	A	A	266	4	1.48%	2	2	93	93	0.06180491495741971	1	1	166	100	3	1	G
E4_BC52_191109_LF_LIB_consensus_vsearch	1475	A	A	272	2	0.72%	2	2	93	93	0.2495429616087481	1	1	172	100	1	1	G
E4_BC52_191109_LF_LIB_consensus_vsearch	1476	G	G	274	2	0.71%	2	1	93	93	0.2495462794919261	1	1	175	99	0	2	+C
E4_BC52_191109_LF_LIB_consensus_vsearch	1477	A	*/-C	258	12	4.33%	2	1	93	93	2.1547673040377304E-4	1	1	161	97	12	0	-C
E4_BC52_191109_LF_LIB_consensus_vsearch	1478	C	C	261	3	1.12%	2	2	93	93	0.12428842504744599	1	1	162	99	2	1	T
E4_BC52_191109_LF_LIB_consensus_vsearch	1479	C	C	274	3	1.07%	2	1	93	93	0.1243218806510022	1	1	176	98	0	3	+T
E4_BC52_191109_LF_LIB_consensus_vsearch	1480	C	Y	240	28	9.96%	2	2	93	93	1.7707797955052088E-9	1	1	176	64	1	27	T
E4_BC52_191109_LF_LIB_consensus_vsearch	1481	G	G	269	3	1.08%	2	1	93	93	0.12430939226523824	1	1	173	96	3	0	A
E4_BC52_191109_LF_LIB_consensus_vsearch	1482	C	C	268	5	1.81%	2	2	93	93	0.030678189467263802	1	1	174	94	2	3	T
E4_BC52_191109_LF_LIB_consensus_vsearch	1483	A	A	270	4	1.42%	2	2	93	93	0.06181507136518779	1	1	171	99	3	1	G
E4_BC52_191109_LF_LIB_consensus_vsearch	1484	T	T	274	2	0.72%	2	1	93	93	0.2495462794919261	1	1	176	98	0	2	+C
E4_BC52_191109_LF_LIB_consensus_vsearch	1485	T	T	273	3	1.08%	2	2	93	93	0.12431941923772909	1	1	173	100	1	2	C
E4_BC52_191109_LF_LIB_consensus_vsearch	1486	C	C	273	2	0.72%	2	1	93	93	0.2495446265938613	1	1	175	98	0	2	-A
E4_BC52_191109_LF_LIB_consensus_vsearch	1487	A	A	273	2	0.72%	2	2	93	93	0.2495446265938613	1	1	175	98	1	1	G
E4_BC52_191109_LF_LIB_consensus_vsearch	1488	C	C	274	2	0.72%	2	1	93	93	0.2495462794919261	1	1	173	101	2	0	+GC
E4_BC52_191109_LF_LIB_consensus_vsearch	1489	A	*/-CA	259	15	5.38%	2	2	93	93	2.50648212065113E-5	1	1	165	94	5	10	-CA
E4_BC52_191109_LF_LIB_consensus_vsearch	1490	C	*/+A	248	8	3.03%	2	2	93	93	0.0036953503162476236	1	1	157	91	7	1	+A
E4_BC52_191109_LF_LIB_consensus_vsearch	1491	A	R	252	9	3.4%	2	2	93	93	0.0018208809482378404	1	1	161	91	6	3	G
E4_BC52_191109_LF_LIB_consensus_vsearch	1492	A	A	277	4	1.42%	2	2	93	93	0.06183214869952844	1	1	175	102	3	1	-G
E4_BC52_191109_LF_LIB_consensus_vsearch	1493	G	G	275	1	0.36%	2	1	93	93	0.5000000000003686	1	1	174	101	0	1	+CA
E4_BC52_191109_LF_LIB_consensus_vsearch	1494	G	G	276	5	1.77%	2	2	93	93	0.030694453745074273	1	1	173	103	4	1	A
E4_BC52_191109_LF_LIB_consensus_vsearch	1495	T	T	277	2	0.71%	2	1	93	93	0.24955116696580612	1	1	174	103	2	0	-C
E4_BC52_191109_LF_LIB_consensus_vsearch	1496	C	C	274	4	1.43%	2	1	93	93	0.061824935242698754	1	1	170	104	4	0	+T
E4_BC52_191109_LF_LIB_consensus_vsearch	1497	G	G	266	6	2.14%	2	2	93	93	0.015195762196627145	1	1	165	101	4	2	-CA
E4_BC52_191109_LF_LIB_consensus_vsearch	1498	C	C	269	3	1.09%	2	1	93	93	0.12430939226523824	1	1	168	101	3	0	+TT
E4_BC52_191109_LF_LIB_consensus_vsearch	1499	A	R	254	11	4%	2	1	93	93	4.392257188796428E-4	1	1	159	95	11	0	G
E4_BC52_191109_LF_LIB_consensus_vsearch	1500	G	G	273	2	0.72%	2	1	93	93	0.2495446265938613	1	1	177	96	0	2	+T
E4_BC52_191109_LF_LIB_consensus_vsearch	1501	G	G	278	3	1.06%	2	2	93	93	0.12433155080212302	1	1	176	102	1	2	-A
E4_BC52_191109_LF_LIB_consensus_vsearch	1502	A	A	269	4	1.43%	2	1	93	93	0.06181256019060895	1	1	169	100	4	0	-GGA
E4_BC52_191109_LF_LIB_consensus_vsearch	1503	G	G	271	2	0.73%	2	1	93	93	0.24954128440383208	1	1	172	99	0	2	T
E4_BC52_191109_LF_LIB_consensus_vsearch	1504	G	G	276	1	0.36%	2	1	93	93	0.5000000000003686	1	1	172	104	1	0	-A
E4_BC52_191109_LF_LIB_consensus_vsearch	1505	A	A	274	2	0.72%	2	1	93	93	0.2495462794919261	1	1	173	101	0	2	-T
E4_BC52_191109_LF_LIB_consensus_vsearch	1506	T	*/+C	269	9	3.21%	2	1	93	93	0.0018288267693504104	1	1	169	100	9	0	+C
E4_BC52_191109_LF_LIB_consensus_vsearch	1507	C	C	276	2	0.71%	2	1	93	93	0.24954954954932992	1	1	174	102	2	0	+A
E4_BC52_191109_LF_LIB_consensus_vsearch	1508	A	A	270	5	1.79%	2	2	93	93	0.030682344165700513	1	1	170	100	3	2	G
E4_BC52_191109_LF_LIB_consensus_vsearch	1509	G	R	266	11	3.94%	2	1	93	93	4.412843374156775E-4	1	1	162	104	11	0	A
E4_BC52_191109_LF_LIB_consensus_vsearch	1510	C	C	266	4	1.43%	2	2	93	93	0.06180491495741971	1	1	166	100	1	3	+A
E4_BC52_191109_LF_LIB_consensus_vsearch	1511	A	A	271	2	0.73%	2	1	93	93	0.24954128440383208	1	1	167	104	2	0	G
E4_BC52_191109_LF_LIB_consensus_vsearch	1512	A	R	262	15	5.36%	2	1	93	93	2.511976418557975E-5	1	1	160	102	15	0	G
E4_BC52_191109_LF_LIB_consensus_vsearch	1513	C	C	269	4	1.44%	2	1	93	93	0.06181256019060895	1	1	171	98	4	0	G
E4_BC52_191109_LF_LIB_consensus_vsearch	1514	C	C	267	6	2.13%	2	2	93	93	0.015197328608558202	1	1	172	95	1	5	T
E4_BC52_191109_LF_LIB_consensus_vsearch	1515	G	*/-A	258	17	6.09%	2	2	93	93	5.912375858369679E-6	1	1	157	101	16	1	-A
E4_BC52_191109_LF_LIB_consensus_vsearch	1516	A	A	258	3	1.15%	2	1	93	93	0.12428023032618613	1	1	156	102	3	0	+G
E4_BC52_191109_LF_LIB_consensus_vsearch	1517	A	*/-G	264	9	3.21%	2	2	93	93	0.001826590629994852	1	1	163	101	7	2	-G
E4_BC52_191109_LF_LIB_consensus_vsearch	1518	G	G	271	1	0.37%	2	1	93	93	0.4999999999999138	1	1	170	101	0	1	+C
E4_BC52_191109_LF_LIB_consensus_vsearch	1519	G	G	275	2	0.71%	2	1	93	93	0.24954792043411347	1	1	172	103	2	0	-C
E4_BC52_191109_LF_LIB_consensus_vsearch	1520	C	C	267	4	1.43%	2	1	93	93	0.061807482193030554	1	1	168	99	4	0	-T
E4_BC52_191109_LF_LIB_consensus_vsearch	1521	T	T	259	3	1.09%	2	2	93	93	0.12428298279160237	1	1	166	93	2	1	+G
E4_BC52_191109_LF_LIB_consensus_vsearch	1522	A	A	259	6	2.18%	2	2	93	93	0.015184467591539906	1	1	170	89	2	4	G
E4_BC52_191109_LF_LIB_consensus_vsearch	1523	C	C	269	1	0.37%	2	1	93	93	0.4999999999999138	1	1	171	98	0	1	+TG
E4_BC52_191109_LF_LIB_consensus_vsearch	1524	A	A	272	3	1.08%	2	1	93	93	0.12431693989066941	1	1	170	102	3	0	G
E4_BC52_191109_LF_LIB_consensus_vsearch	1525	A	R	254	25	8.9%	2	2	93	93	1.6980486111964517E-8	1	1	152	102	23	2	G
E4_BC52_191109_LF_LIB_consensus_vsearch	1526	C	C	275	2	0.71%	2	1	93	93	0.24954792043411347	1	1	171	104	2	0	+GC
E4_BC52_191109_LF_LIB_consensus_vsearch	1527	A	A	274	3	1.08%	2	1	93	93	0.1243218806510022	1	1	171	103	3	0	G
E4_BC52_191109_LF_LIB_consensus_vsearch	1528	C	C	274	2	0.71%	2	1	93	93	0.2495462794919261	1	1	172	102	0	2	-T
E4_BC52_191109_LF_LIB_consensus_vsearch	1529	T	T	274	4	1.43%	2	2	93	93	0.061824935242698754	1	1	175	99	1	3	C
E4_BC52_191109_LF_LIB_consensus_vsearch	1530	G	*/-C	239	34	12.1%	2	1	93	93	1.946471248680074E-11	1	1	136	103	34	0	-C
E4_BC52_191109_LF_LIB_consensus_vsearch	1531	C	C	238	1	0.42%	2	1	93	93	0.4999999999999138	1	1	136	102	0	1	+T
E4_BC52_191109_LF_LIB_consensus_vsearch	1532	C	C	270	4	1.45%	2	1	93	93	0.06181507136518779	1	1	167	103	4	0	T
E4_BC52_191109_LF_LIB_consensus_vsearch	1533	C	*/-GA	253	10	3.55%	2	1	93	93	8.950763801239866E-4	1	1	159	94	10	0	-GA
E4_BC52_191109_LF_LIB_consensus_vsearch	1534	G	*/-A	253	9	3.35%	2	2	93	93	0.0018213763549018416	1	1	151	102	8	1	-A
E4_BC52_191109_LF_LIB_consensus_vsearch	1535	A	A	256	3	1.15%	2	2	93	93	0.12427466150865948	1	1	155	101	1	2	G
E4_BC52_191109_LF_LIB_consensus_vsearch	1536	A	*/-GA	253	21	7.5%	2	1	93	93	3.202080458401424E-7	1	1	150	103	21	0	-GA
E4_BC52_191109_LF_LIB_consensus_vsearch	1537	G	G	253	1	0.39%	2	1	93	93	0.5000000000003686	1	1	153	100	0	1	+T
E4_BC52_191109_LF_LIB_consensus_vsearch	1538	A	A	248	4	1.54%	2	1	93	93	0.061755217199896344	1	1	147	101	4	0	G
E4_BC52_191109_LF_LIB_consensus_vsearch	1539	C	C	273	3	1.08%	2	1	93	93	0.12431941923772909	1	1	174	99	0	3	T
E4_BC52_191109_LF_LIB_consensus_vsearch	1540	A	A	271	4	1.43%	2	2	93	93	0.06181756426009212	1	1	171	100	1	3	T
E4_BC52_191109_LF_LIB_consensus_vsearch	1541	G	G	270	5	1.79%	2	1	93	93	0.030682344165700513	1	1	170	100	5	0	A
E4_BC52_191109_LF_LIB_consensus_vsearch	1542	C	C	270	3	1.09%	2	1	93	93	0.12431192660547026	1	1	174	96	0	3	T
E4_BC52_191109_LF_LIB_consensus_vsearch	1543	C	*/+A	246	8	2.87%	2	2	93	93	0.003693711391797067	1	1	161	85	7	1	+A
E4_BC52_191109_LF_LIB_consensus_vsearch	1544	G	*/-A	259	11	4.03%	2	2	93	93	4.40104982176298E-4	1	1	163	96	8	3	-A
E4_BC52_191109_LF_LIB_consensus_vsearch	1545	A	A	263	5	1.87%	2	2	93	93	0.030667531693296068	1	1	166	97	2	3	G
E4_BC52_191109_LF_LIB_consensus_vsearch	1546	A	A	260	6	2.14%	2	2	93	93	0.01518611735985533	1	1	168	92	2	4	-TT
E4_BC52_191109_LF_LIB_consensus_vsearch	1547	T	T	267	3	1.1%	2	1	93	93	0.12430426716151294	1	1	171	96	0	3	C
E4_BC52_191109_LF_LIB_consensus_vsearch	1548	T	*/-C	257	14	5.13%	2	2	93	93	5.137984883933094E-5	1	1	161	96	12	2	-C
E4_BC52_191109_LF_LIB_consensus_vsearch	1549	C	C	263	1	0.38%	2	1	93	93	0.4999999999999138	1	1	163	100	1	0	G
E4_BC52_191109_LF_LIB_consensus_vsearch	1550	C	C	275	2	0.71%	2	1	93	93	0.24954792043411347	1	1	176	99	0	2	-A
E4_BC52_191109_LF_LIB_consensus_vsearch	1551	A	A	277	1	0.36%	2	1	93	93	0.4999999999999138	1	1	177	100	0	1	+GCA
E4_BC52_191109_LF_LIB_consensus_vsearch	1552	A	R	270	11	3.91%	2	1	93	93	4.4193270844278054E-4	1	1	166	104	11	0	G
E4_BC52_191109_LF_LIB_consensus_vsearch	1553	C	C	279	2	0.71%	2	1	93	93	0.24955436720141339	1	1	178	101	0	2	-G
E4_BC52_191109_LF_LIB_consensus_vsearch	1554	G	G	272	5	1.79%	2	2	93	93	0.03068643892575303	1	1	173	99	3	2	A
E4_BC52_191109_LF_LIB_consensus_vsearch	1555	G	G	280	1	0.35%	2	1	93	93	0.4999999999999138	1	1	177	103	1	0	A
E4_BC52_191109_LF_LIB_consensus_vsearch	1556	C	C	277	2	0.71%	2	1	93	93	0.24955116696580612	1	1	174	103	2	0	-G
E4_BC52_191109_LF_LIB_consensus_vsearch	1557	G	*/-CG	251	22	7.89%	2	2	93	93	1.534669851049238E-7	1	1	158	93	12	10	-CG
E4_BC52_191109_LF_LIB_consensus_vsearch	1558	C	C	249	3	1.17%	2	2	93	93	0.12425447316115633	1	1	159	90	1	2	T
E4_BC52_191109_LF_LIB_consensus_vsearch	1559	G	G	244	4	1.56%	2	2	93	93	0.06174319257487946	1	1	152	92	3	1	+T
E4_BC52_191109_LF_LIB_consensus_vsearch	1560	T	T	273	3	1.09%	2	1	93	93	0.12431941923772909	1	1	172	101	0	3	C
E4_BC52_191109_LF_LIB_consensus_vsearch	1561	T	T	277	4	1.42%	2	2	93	93	0.06183214869952844	1	1	175	102	2	2	C
E4_BC52_191109_LF_LIB_consensus_vsearch	1562	T	T	280	2	0.71%	2	1	93	93	0.24955595026613578	1	1	178	102	0	2	G
E4_BC52_191109_LF_LIB_consensus_vsearch	1563	A	A	276	2	0.71%	2	1	93	93	0.24954954954932992	1	1	177	99	0	2	G
E4_BC52_191109_LF_LIB_consensus_vsearch	1564	T	T	275	2	0.71%	2	2	93	93	0.24954792043411347	1	1	175	100	1	1	+G
E4_BC52_191109_LF_LIB_consensus_vsearch	1565	C	C	274	2	0.71%	2	1	93	93	0.2495462794919261	1	1	174	100	0	2	+A
E4_BC52_191109_LF_LIB_consensus_vsearch	1566	A	*/-C	219	29	10.43%	2	2	93	93	7.811491633301136E-10	1	1	126	93	25	4	-C
E4_BC52_191109_LF_LIB_consensus_vsearch	1567	C	C	227	3	1.28%	2	2	93	93	0.12418300653593844	1	1	132	95	1	2	+T
E4_BC52_191109_LF_LIB_consensus_vsearch	1568	C	C	260	3	1.13%	2	2	93	93	0.12428571428582305	1	1	159	101	2	1	T
E4_BC52_191109_LF_LIB_consensus_vsearch	1569	C	C	271	5	1.79%	2	2	93	93	0.030684398956702864	1	1	171	100	1	4	T
E4_BC52_191109_LF_LIB_consensus_vsearch	1570	C	Y	259	19	6.74%	2	2	93	93	1.3875117995228537E-6	1	1	163	96	15	4	T
E4_BC52_191109_LF_LIB_consensus_vsearch	1571	A	A	276	3	1.08%	2	1	93	93	0.12432675044874984	1	1	175	101	3	0	T
E4_BC52_191109_LF_LIB_consensus_vsearch	1572	A	A	276	2	0.71%	2	1	93	93	0.24954954954932992	1	1	174	102	2	0	-CA
E4_BC52_191109_LF_LIB_consensus_vsearch	1573	C	C	277	2	0.71%	2	2	93	93	0.24955116696580612	1	1	175	102	1	1	T
E4_BC52_191109_LF_LIB_consensus_vsearch	1574	A	A	277	2	0.71%	2	2	93	93	0.24955116696580612	1	1	175	102	1	1	G
E4_BC52_191109_LF_LIB_consensus_vsearch	1575	T	T	274	3	1.07%	2	2	93	93	0.1243218806510022	1	1	173	101	2	1	C
E4_BC52_191109_LF_LIB_consensus_vsearch	1576	C	C	276	5	1.78%	2	1	93	93	0.030694453745074273	1	1	173	103	5	0	-A
E4_BC52_191109_LF_LIB_consensus_vsearch	1577	A	A	273	2	0.72%	2	2	93	93	0.2495446265938613	1	1	171	102	1	1	G
E4_BC52_191109_LF_LIB_consensus_vsearch	1578	A	*/-C	254	13	4.61%	2	1	93	93	1.0511074343687666E-4	1	1	152	102	13	0	-C
E4_BC52_191109_LF_LIB_consensus_vsearch	1579	C	*/+T	245	14	5.26%	2	1	93	93	5.0960564767895224E-5	1	1	156	89	0	14	+T
E4_BC52_191109_LF_LIB_consensus_vsearch	1580	C	C	272	2	0.72%	2	2	93	93	0.2495429616087481	1	1	171	101	1	1	T
E4_BC52_191109_LF_LIB_consensus_vsearch	1581	C	Y	267	10	3.56%	2	1	93	93	8.990961781053044E-4	1	1	176	91	0	10	T
E4_BC52_191109_LF_LIB_consensus_vsearch	1582	G	G	271	3	1.08%	2	2	93	93	0.12431444241326345	1	1	173	98	2	1	A
E4_BC52_191109_LF_LIB_consensus_vsearch	1583	C	C	275	1	0.36%	2	1	93	93	0.5000000000003686	1	1	175	100	1	0	+AT
E4_BC52_191109_LF_LIB_consensus_vsearch	1584	G	*/-CG	253	16	5.73%	2	2	93	93	1.2127276188955779E-5	1	1	162	91	10	6	-CG
E4_BC52_191109_LF_LIB_consensus_vsearch	1585	C	*/-G	238	11	4.26%	2	2	93	93	4.3618325858222517E-4	1	1	162	76	1	10	-G
E4_BC52_191109_LF_LIB_consensus_vsearch	1586	G	G	244	4	1.59%	2	1	93	93	0.06174319257487946	1	1	160	84	4	0	A
E4_BC52_191109_LF_LIB_consensus_vsearch	1587	G	*/+A	258	18	6.41%	2	1	93	93	2.864980679099093E-6	1	1	159	99	18	0	+A
E4_BC52_191109_LF_LIB_consensus_vsearch	1588	G	G	267	5	1.77%	2	1	93	93	0.030676089228361576	1	1	168	99	5	0	+C
E4_BC52_191109_LF_LIB_consensus_vsearch	1589	C	Y	267	11	3.94%	2	2	93	93	4.4144812348402026E-4	1	1	175	92	1	10	T
E4_BC52_191109_LF_LIB_consensus_vsearch	1590	C	Y	230	45	15.96%	2	2	93	93	3.999467163634142E-15	1	1	175	55	1	44	T
E4_BC52_191109_LF_LIB_consensus_vsearch	1591	G	*/+C	266	8	2.88%	2	2	93	93	0.0037090372381044278	1	1	177	89	1	7	+C
E4_BC52_191109_LF_LIB_consensus_vsearch	1592	T	Y	253	23	8.21%	2	2	93	93	7.391590525906872E-8	1	1	175	78	1	22	C
E4_BC52_191109_LF_LIB_consensus_vsearch	1593	C	*/-T	271	7	2.48%	2	1	93	93	0.0075195598088442315	1	1	175	96	0	7	-T
E4_BC52_191109_LF_LIB_consensus_vsearch	1594	T	*/+C	73	172	62.55%	2	2	93	93	1.1684115869776472E-73	1	1	68	5	107	65	+C
E4_BC52_191109_LF_LIB_consensus_vsearch	1595	C	*/+A	256	11	3.93%	2	2	93	93	4.395812442207008E-4	1	1	159	97	10	1	+A
E4_BC52_191109_LF_LIB_consensus_vsearch	1596	A	M	256	15	5.4%	2	2	93	93	2.5008752181249955E-5	1	1	157	99	14	1	C
E4_BC52_191109_LF_LIB_consensus_vsearch	1597	A	*/-G	261	9	3.2%	2	2	93	93	0.0018252099194485903	1	1	167	94	6	3	-G
E4_BC52_191109_LF_LIB_consensus_vsearch	1598	G	G	262	2	0.74%	2	1	93	93	0.24952561669824413	1	1	164	98	2	0	+A
E4_BC52_191109_LF_LIB_consensus_vsearch	1599	G	*/+A	262	15	5.34%	2	1	93	93	2.511976418557975E-5	1	1	159	103	15	0	+A
E4_BC52_191109_LF_LIB_consensus_vsearch	1600	G	G	274	3	1.06%	2	1	93	93	0.1243218806510022	1	1	171	103	3	0	+C
E4_BC52_191109_LF_LIB_consensus_vsearch	1601	T	Y	264	8	2.86%	2	2	93	93	0.0037076048169334716	1	1	170	94	3	5	C
E4_BC52_191109_LF_LIB_consensus_vsearch	1602	A	A	270	6	2.14%	2	1	93	93	0.015201959994994966	1	1	170	100	6	0	G
E4_BC52_191109_LF_LIB_consensus_vsearch	1603	G	G	273	5	1.79%	2	1	93	93	0.03068846423273724	1	1	171	102	5	0	A
E4_BC52_191109_LF_LIB_consensus_vsearch	1604	C	C	271	6	2.13%	2	2	93	93	0.015203481580703948	1	1	173	98	3	3	T
E4_BC52_191109_LF_LIB_consensus_vsearch	1605	A	*/-C	263	11	3.9%	2	2	93	93	4.407860386823763E-4	1	1	162	101	8	3	-C
E4_BC52_191109_LF_LIB_consensus_vsearch	1606	C	C	257	5	1.86%	2	2	93	93	0.03065420595045833	1	1	162	95	4	1	-T
E4_BC52_191109_LF_LIB_consensus_vsearch	1607	T	*/-A	219	18	6.59%	2	2	93	93	2.7281420824837606E-6	1	1	140	79	10	8	-A
E4_BC52_191109_LF_LIB_consensus_vsearch	1608	A	A	247	3	1.19%	2	1	93	93	0.12424849699405838	1	1	161	86	0	3	G
E4_BC52_191109_LF_LIB_consensus_vsearch	1609	A	A	262	4	1.47%	2	1	93	93	0.06179445281046573	1	1	170	92	0	4	C
E4_BC52_191109_LF_LIB_consensus_vsearch	1610	A	*/-G	262	13	4.64%	2	1	93	93	1.0557989815422707E-4	1	1	160	102	13	0	-G
E4_BC52_191109_LF_LIB_consensus_vsearch	1611	G	R	250	9	3.37%	2	1	93	93	0.0018198788774539596	1	1	149	101	9	0	A
E4_BC52_191109_LF_LIB_consensus_vsearch	1612	C	C	262	6	2.17%	2	1	93	93	0.015189380104217696	1	1	165	97	6	0	A
E4_BC52_191109_LF_LIB_consensus_vsearch	1613	A	A	271	4	1.43%	2	1	93	93	0.06181756426009212	1	1	169	102	4	0	G
E4_BC52_191109_LF_LIB_consensus_vsearch	1614	C	*/-AC	245	27	9.57%	2	2	93	93	3.780041904917118E-9	1	1	144	101	26	1	-AC
E4_BC52_191109_LF_LIB_consensus_vsearch	1615	A	*/-C	237	9	3.59%	2	2	93	93	0.0018129762417955753	1	1	136	101	7	2	-C
E4_BC52_191109_LF_LIB_consensus_vsearch	1616	C	C	230	5	2.05%	2	1	93	93	0.030585828885528864	1	1	137	93	0	5	+T
E4_BC52_191109_LF_LIB_consensus_vsearch	1617	C	S	263	15	5.36%	2	1	93	93	2.5137834101213452E-5	1	1	159	104	15	0	G
E4_BC52_191109_LF_LIB_consensus_vsearch	1618	C	*/-A	206	47	16.73%	2	2	93	93	6.731905695786696E-16	1	1	113	93	45	2	-A
E4_BC52_191109_LF_LIB_consensus_vsearch	1619	A	A	225	2	0.88%	2	1	93	93	0.24944812362040697	1	1	124	101	2	0	C
E4_BC52_191109_LF_LIB_consensus_vsearch	1620	A	A	272	3	1.09%	2	2	93	93	0.12431693989066941	1	1	169	103	2	1	G
E4_BC52_191109_LF_LIB_consensus_vsearch	1621	A	A	275	3	1.07%	2	1	93	93	0.1243243243242452	1	1	173	102	3	0	-G
E4_BC52_191109_LF_LIB_consensus_vsearch	1622	G	*/-A	271	7	2.51%	2	2	93	93	0.0075195598088442315	1	1	168	103	6	1	-A
E4_BC52_191109_LF_LIB_consensus_vsearch	1623	A	A	268	4	1.45%	2	1	93	93	0.061810030534865154	1	1	165	103	4	0	-G
E4_BC52_191109_LF_LIB_consensus_vsearch	1624	G	*/-C	257	11	3.97%	2	2	93	93	4.3975708311224564E-4	1	1	156	101	8	3	-C
E4_BC52_191109_LF_LIB_consensus_vsearch	1625	C	C	265	1	0.37%	2	1	93	93	0.4999999999999138	1	1	166	99	0	1	+T
E4_BC52_191109_LF_LIB_consensus_vsearch	1626	C	C	278	1	0.36%	2	1	93	93	0.4999999999999138	1	1	174	104	1	0	T
E4_BC52_191109_LF_LIB_consensus_vsearch	1627	C	C	270	4	1.42%	2	2	93	93	0.06181507136518779	1	1	174	96	3	1	T
E4_BC52_191109_LF_LIB_consensus_vsearch	1628	C	C	271	6	2.14%	2	2	93	93	0.015203481580703948	1	1	173	98	3	3	T
E4_BC52_191109_LF_LIB_consensus_vsearch	1629	A	A	272	4	1.43%	2	2	93	93	0.06182003907461255	1	1	170	102	2	2	T
E4_BC52_191109_LF_LIB_consensus_vsearch	1630	G	G	276	2	0.71%	2	1	93	93	0.24954954954932992	1	1	173	103	2	0	T
E4_BC52_191109_LF_LIB_consensus_vsearch	1631	C	C	266	6	2.14%	2	1	93	93	0.015195762196627145	1	1	166	100	6	0	-AC
E4_BC52_191109_LF_LIB_consensus_vsearch	1632	A	*/-C	244	16	5.84%	2	2	93	93	1.202826432383446E-5	1	1	151	93	6	10	-C
E4_BC52_191109_LF_LIB_consensus_vsearch	1633	C	C	248	4	1.57%	2	2	93	93	0.061755217199896344	1	1	157	91	2	2	T
E4_BC52_191109_LF_LIB_consensus_vsearch	1634	C	C	263	6	2.17%	2	1	93	93	0.015190993352737225	1	1	162	101	6	0	G
E4_BC52_191109_LF_LIB_consensus_vsearch	1635	C	Y	252	13	4.63%	2	2	93	93	1.0498926189604147E-4	1	1	164	88	5	8	T
E4_BC52_191109_LF_LIB_consensus_vsearch	1636	G	G	271	2	0.72%	2	1	93	93	0.24954128440383208	1	1	168	103	2	0	-A
E4_BC52_191109_LF_LIB_consensus_vsearch	1637	A	A	269	5	1.8%	2	1	93	93	0.030680274390748198	1	1	165	104	5	0	G
E4_BC52_191109_LF_LIB_consensus_vsearch	1638	T	*/+A	266	7	2.49%	2	1	93	93	0.0075142347009056415	1	1	166	100	7	0	+A
E4_BC52_191109_LF_LIB_consensus_vsearch	1639	A	R	263	12	4.27%	2	2	93	93	2.1597713006427273E-4	1	1	162	101	11	1	G
E4_BC52_191109_LF_LIB_consensus_vsearch	1640	G	+C/+C	16	233	82.92%	2	2	93	93	6.09055877261251E-124	1	1	10	6	141	92	+C
E4_BC52_191109_LF_LIB_consensus_vsearch	1641	C	C	271	4	1.43%	2	2	93	93	0.06181756426009212	1	1	172	99	3	1	T
E4_BC52_191109_LF_LIB_consensus_vsearch	1642	C	+T/+T	13	242	86.12%	2	2	93	93	3.713819203010604E-131	1	1	6	7	153	89	+T
E4_BC52_191109_LF_LIB_consensus_vsearch	1643	T	T	273	2	0.71%	2	1	93	93	0.2495446265938613	1	1	173	100	2	0	-A
E4_BC52_191109_LF_LIB_consensus_vsearch	1644	A	A	274	3	1.07%	2	2	93	93	0.1243218806510022	1	1	172	102	2	1	G
E4_BC52_191109_LF_LIB_consensus_vsearch	1645	T	*/-C	237	30	10.68%	2	2	93	93	3.9302562670704693E-10	1	1	136	101	27	3	-C
E4_BC52_191109_LF_LIB_consensus_vsearch	1646	C	C	238	2	0.83%	2	1	93	93	0.24947807933195232	1	1	137	101	2	0	G
E4_BC52_191109_LF_LIB_consensus_vsearch	1647	C	C	269	2	0.74%	2	1	93	93	0.24953789279111838	1	1	165	104	2	0	T
E4_BC52_191109_LF_LIB_consensus_vsearch	1648	C	*/-G	245	13	4.61%	2	2	93	93	1.0455004755959254E-4	1	1	164	81	3	10	-G
E4_BC52_191109_LF_LIB_consensus_vsearch	1649	G	G	262	3	1.12%	2	1	93	93	0.12429111531193521	1	1	173	89	0	3	T
E4_BC52_191109_LF_LIB_consensus_vsearch	1650	G	*/-A	259	9	3.21%	2	1	93	93	0.0018242725891630934	1	1	158	101	9	0	-A
E4_BC52_191109_LF_LIB_consensus_vsearch	1651	A	A	262	1	0.38%	2	1	93	93	0.5000000000003686	1	1	160	102	1	0	G
E4_BC52_191109_LF_LIB_consensus_vsearch	1652	A	A	269	3	1.09%	2	2	93	93	0.12430939226523824	1	1	168	101	1	2	G
E4_BC52_191109_LF_LIB_consensus_vsearch	1653	G	G	261	6	2.18%	2	2	93	93	0.015187754818318031	1	1	164	97	1	5	-C
E4_BC52_191109_LF_LIB_consensus_vsearch	1654	C	C	262	6	2.17%	2	2	93	93	0.015189380104217696	1	1	167	95	4	2	T
E4_BC52_191109_LF_LIB_consensus_vsearch	1655	G	G	273	2	0.73%	2	1	93	93	0.2495446265938613	1	1	171	102	2	0	A
E4_BC52_191109_LF_LIB_consensus_vsearch	1656	C	*/-T	252	10	3.57%	2	2	93	93	8.947732384278332E-4	1	1	169	83	2	8	-T
E4_BC52_191109_LF_LIB_consensus_vsearch	1657	T	T	258	0	0%	2	0	93	0	1.0	1	0	171	87	0	0	
E4_BC52_191109_LF_LIB_consensus_vsearch	1658	T	T	265	2	0.75%	2	2	93	93	0.2495309568482648	1	1	171	94	1	1	G
E4_BC52_191109_LF_LIB_consensus_vsearch	1659	T	T	259	6	2.21%	2	1	93	93	0.015184467591539906	1	1	174	85	0	6	-C
E4_BC52_191109_LF_LIB_consensus_vsearch	1660	C	C	267	2	0.73%	2	1	93	93	0.24953445065180796	1	1	172	95	2	0	-A
E4_BC52_191109_LF_LIB_consensus_vsearch	1661	A	A	267	4	1.45%	2	1	93	93	0.061807482193030554	1	1	166	101	4	0	G
E4_BC52_191109_LF_LIB_consensus_vsearch	1662	C	C	268	3	1.08%	2	1	93	93	0.12430683918669663	1	1	170	98	0	3	-T
E4_BC52_191109_LF_LIB_consensus_vsearch	1663	T	T	272	2	0.72%	2	1	93	93	0.2495429616087481	1	1	174	98	2	0	-A
E4_BC52_191109_LF_LIB_consensus_vsearch	1664	A	R	267	8	2.88%	2	1	93	93	0.003709745731198054	1	1	164	103	8	0	G
E4_BC52_191109_LF_LIB_consensus_vsearch	1665	C	C	273	3	1.07%	2	2	93	93	0.12431941923772909	1	1	174	99	1	2	-T
E4_BC52_191109_LF_LIB_consensus_vsearch	1666	T	T	276	1	0.36%	2	1	93	93	0.5000000000003686	1	1	175	101	1	0	+G
E4_BC52_191109_LF_LIB_consensus_vsearch	1667	G	G	272	4	1.42%	2	2	93	93	0.06182003907461255	1	1	170	102	3	1	+T
E4_BC52_191109_LF_LIB_consensus_vsearch	1668	T	T	277	2	0.72%	2	1	93	93	0.24955116696580612	1	1	173	104	2	0	C
E4_BC52_191109_LF_LIB_consensus_vsearch	1669	T	T	280	1	0.35%	2	1	93	93	0.4999999999999138	1	1	177	103	1	0	+C
E4_BC52_191109_LF_LIB_consensus_vsearch	1670	T	T	278	2	0.71%	2	1	93	93	0.24955277280837324	1	1	176	102	0	2	+C
E4_BC52_191109_LF_LIB_consensus_vsearch	1671	C	C	272	4	1.42%	2	1	93	93	0.06182003907461255	1	1	173	99	4	0	-A
E4_BC52_191109_LF_LIB_consensus_vsearch	1672	A	A	275	2	0.72%	2	2	93	93	0.24954792043411347	1	1	172	103	1	1	G
E4_BC52_191109_LF_LIB_consensus_vsearch	1673	A	R	265	9	3.2%	2	2	93	93	0.0018270442691405997	1	1	165	100	8	1	G
E4_BC52_191109_LF_LIB_consensus_vsearch	1674	C	*/+T	264	8	2.89%	2	1	93	93	0.0037076048169334716	1	1	170	94	0	8	+T
E4_BC52_191109_LF_LIB_consensus_vsearch	1675	C	C	279	1	0.35%	2	1	93	93	0.5000000000003686	1	1	177	102	0	1	+TTC
E4_BC52_191109_LF_LIB_consensus_vsearch	1676	C	C	280	2	0.71%	2	1	93	93	0.24955595026613578	1	1	178	102	0	2	T
E4_BC52_191109_LF_LIB_consensus_vsearch	1677	A	*/-T	155	106	37.59%	2	2	93	93	1.6763736637220908E-38	1	1	61	94	98	8	-T
E4_BC52_191109_LF_LIB_consensus_vsearch	1678	T	T	172	0	0%	2	0	93	0	1.0	1	0	76	96	0	0	
E4_BC52_191109_LF_LIB_consensus_vsearch	1679	T	T	278	0	0%	2	0	93	0	1.0	1	0	174	104	0	0	
E4_BC52_191109_LF_LIB_consensus_vsearch	1680	T	T	280	2	0.71%	2	1	93	93	0.24955595026613578	1	1	176	104	2	0	C
E4_BC52_191109_LF_LIB_consensus_vsearch	1681	T	T	279	1	0.35%	2	1	93	93	0.5000000000003686	1	1	175	104	1	0	+C
E4_BC52_191109_LF_LIB_consensus_vsearch	1682	T	T	276	3	1.06%	2	2	93	93	0.12432675044874984	1	1	173	103	2	1	C
E4_BC52_191109_LF_LIB_consensus_vsearch	1683	C	C	279	1	0.36%	2	1	93	93	0.5000000000003686	1	1	176	103	0	1	+TCTG
E4_BC52_191109_LF_LIB_consensus_vsearch	1684	A	A	274	3	1.07%	2	1	93	93	0.1243218806510022	1	1	172	102	3	0	-T
E4_BC52_191109_LF_LIB_consensus_vsearch	1685	T	*/+A	266	7	2.52%	2	1	93	93	0.0075142347009056415	1	1	163	103	7	0	+A
E4_BC52_191109_LF_LIB_consensus_vsearch	1686	G	G	270	5	1.79%	2	1	93	93	0.030682344165700513	1	1	168	102	5	0	A
E4_BC52_191109_LF_LIB_consensus_vsearch	1687	G	K	265	9	3.19%	2	1	93	93	0.0018270442691405997	1	1	162	103	9	0	T
E4_BC52_191109_LF_LIB_consensus_vsearch	1688	T	T	277	4	1.42%	2	2	93	93	0.06183214869952844	1	1	176	101	1	3	C
E4_BC52_191109_LF_LIB_consensus_vsearch	1689	T	T	274	3	1.06%	2	2	93	93	0.1243218806510022	1	1	171	103	2	1	C
E4_BC52_191109_LF_LIB_consensus_vsearch	1690	G	G	274	2	0.72%	2	1	93	93	0.2495462794919261	1	1	173	101	0	2	-C
E4_BC52_191109_LF_LIB_consensus_vsearch	1691	C	*/+T	227	22	7.91%	2	2	93	93	1.4680115312896036E-7	1	1	140	87	20	2	+T
E4_BC52_191109_LF_LIB_consensus_vsearch	1692	T	T	255	2	0.77%	2	1	93	93	0.2495126705651419	1	1	160	95	2	0	A
E4_BC52_191109_LF_LIB_consensus_vsearch	1693	T	T	275	3	1.08%	2	2	93	93	0.1243243243242452	1	1	174	101	2	1	C
E4_BC52_191109_LF_LIB_consensus_vsearch	1694	T	T	278	2	0.71%	2	1	93	93	0.24955277280837324	1	1	175	103	2	0	G
E4_BC52_191109_LF_LIB_consensus_vsearch	1695	T	T	274	3	1.07%	2	2	93	93	0.1243218806510022	1	1	172	102	2	1	-C
E4_BC52_191109_LF_LIB_consensus_vsearch	1696	C	C	267	4	1.43%	2	2	93	93	0.061807482193030554	1	1	168	99	2	2	+T
E4_BC52_191109_LF_LIB_consensus_vsearch	1697	A	A	264	4	1.45%	2	1	93	93	0.06179972295775155	1	1	160	104	4	0	G
E4_BC52_191109_LF_LIB_consensus_vsearch	1698	C	C	269	2	0.73%	2	1	93	93	0.24953789279111838	1	1	165	104	2	0	G
E4_BC52_191109_LF_LIB_consensus_vsearch	1699	C	*/-T	248	22	7.89%	2	2	93	93	1.5268617619661276E-7	1	1	161	87	6	16	-T
E4_BC52_191109_LF_LIB_consensus_vsearch	1700	T	T	249	3	1.19%	2	1	93	93	0.12425447316115633	1	1	162	87	3	0	C
E4_BC52_191109_LF_LIB_consensus_vsearch	1701	T	T	274	1	0.36%	2	1	93	93	0.4999999999999138	1	1	171	103	1	0	C
E4_BC52_191109_LF_LIB_consensus_vsearch	1702	T	*/-C	192	61	21.94%	2	2	93	93	7.04170881165321E-21	1	1	148	44	21	40	-C
E4_BC52_191109_LF_LIB_consensus_vsearch	1703	C	C	204	1	0.49%	2	1	93	93	0.5000000000001412	1	1	151	53	0	1	+TT
E4_BC52_191109_LF_LIB_consensus_vsearch	1704	C	C	262	3	1.12%	2	1	93	93	0.12429111531193521	1	1	170	92	3	0	+A
E4_BC52_191109_LF_LIB_consensus_vsearch	1705	C	C	271	3	1.08%	2	2	93	93	0.12431444241326345	1	1	173	98	1	2	-T
E4_BC52_191109_LF_LIB_consensus_vsearch	1706	T	T	270	3	1.09%	2	2	93	93	0.12431192660547026	1	1	173	97	1	2	-C
E4_BC52_191109_LF_LIB_consensus_vsearch	1707	C	C	266	3	1.09%	2	1	93	93	0.1243016759777629	1	1	167	99	3	0	+TC
E4_BC52_191109_LF_LIB_consensus_vsearch	1708	G	R	261	9	3.23%	2	2	93	93	0.0018252099194485903	1	1	158	103	8	1	A
E4_BC52_191109_LF_LIB_consensus_vsearch	1709	C	C	262	6	2.15%	2	1	93	93	0.015189380104217696	1	1	161	101	6	0	+TT
E4_BC52_191109_LF_LIB_consensus_vsearch	1710	G	G	265	4	1.44%	2	1	93	93	0.06180232861697055	1	1	163	102	4	0	A
E4_BC52_191109_LF_LIB_consensus_vsearch	1711	G	K	267	8	2.86%	2	1	93	93	0.003709745731198054	1	1	163	104	8	0	T
E4_BC52_191109_LF_LIB_consensus_vsearch	1712	T	T	273	3	1.07%	2	2	93	93	0.12431941923772909	1	1	172	101	2	1	+G
E4_BC52_191109_LF_LIB_consensus_vsearch	1713	A	R	263	11	3.93%	2	2	93	93	4.407860386823763E-4	1	1	161	102	10	1	G
E4_BC52_191109_LF_LIB_consensus_vsearch	1714	C	C	269	4	1.43%	2	2	93	93	0.06181256019060895	1	1	172	97	1	3	-T
E4_BC52_191109_LF_LIB_consensus_vsearch	1715	T	T	268	3	1.09%	2	2	93	93	0.12430683918669663	1	1	170	98	2	1	C
E4_BC52_191109_LF_LIB_consensus_vsearch	1716	T	T	270	3	1.07%	2	1	93	93	0.12431192660547026	1	1	170	100	3	0	+A
E4_BC52_191109_LF_LIB_consensus_vsearch	1717	G	G	271	3	1.08%	2	1	93	93	0.12431444241326345	1	1	168	103	3	0	T
E4_BC52_191109_LF_LIB_consensus_vsearch	1718	T	*/+A	266	10	3.56%	2	1	93	93	8.988222415871298E-4	1	1	163	103	10	0	+A
E4_BC52_191109_LF_LIB_consensus_vsearch	1719	G	*/-TG	244	21	7.5%	2	2	93	93	3.157325309893725E-7	1	1	143	101	20	1	-TG
E4_BC52_191109_LF_LIB_consensus_vsearch	1720	T	T	256	2	0.77%	2	1	93	93	0.24951456310670525	1	1	154	102	2	0	C
E4_BC52_191109_LF_LIB_consensus_vsearch	1721	G	G	250	4	1.54%	2	2	93	93	0.061761087351402955	1	1	149	101	2	2	+TG
E4_BC52_191109_LF_LIB_consensus_vsearch	1722	C	C	274	2	0.71%	2	1	93	93	0.2495462794919261	1	1	173	101	2	0	A
E4_BC52_191109_LF_LIB_consensus_vsearch	1723	T	T	272	5	1.78%	2	1	93	93	0.03068643892575303	1	1	175	97	0	5	C
E4_BC52_191109_LF_LIB_consensus_vsearch	1724	A	A	276	2	0.72%	2	2	93	93	0.24954954954932992	1	1	175	101	1	1	G
E4_BC52_191109_LF_LIB_consensus_vsearch	1725	T	T	269	5	1.79%	2	1	93	93	0.030680274390748198	1	1	167	102	5	0	+C
E4_BC52_191109_LF_LIB_consensus_vsearch	1726	C	C	275	1	0.36%	2	1	93	93	0.5000000000003686	1	1	174	101	0	1	T
E4_BC52_191109_LF_LIB_consensus_vsearch	1727	G	G	275	4	1.42%	2	1	93	93	0.06182735698001327	1	1	172	103	4	0	A
E4_BC52_191109_LF_LIB_consensus_vsearch	1728	G	G	280	1	0.36%	2	1	93	93	0.4999999999999138	1	1	176	104	1	0	-T
E4_BC52_191109_LF_LIB_consensus_vsearch	1729	T	T	273	3	1.07%	2	2	93	93	0.12431941923772909	1	1	170	103	2	1	C
E4_BC52_191109_LF_LIB_consensus_vsearch	1730	C	*/-AC	263	15	5.38%	2	2	93	93	2.5137834101213452E-5	1	1	160	103	14	1	-AC
E4_BC52_191109_LF_LIB_consensus_vsearch	1731	A	A	261	2	0.75%	2	1	93	93	0.24952380952412506	1	1	159	102	2	0	G
E4_BC52_191109_LF_LIB_consensus_vsearch	1732	C	C	265	0	0%	2	0	93	0	1.0	1	0	163	102	0	0	
E4_BC52_191109_LF_LIB_consensus_vsearch	1733	G	G	280	0	0%	2	0	93	0	1.0	1	0	177	103	0	0	
E4_BC52_191109_LF_LIB_consensus_vsearch	1734	T	T	279	2	0.71%	2	1	93	93	0.24955436720141339	1	1	178	101	0	2	C
E4_BC52_191109_LF_LIB_consensus_vsearch	1735	C	C	273	3	1.07%	2	1	93	93	0.12431941923772909	1	1	171	102	3	0	-A
E4_BC52_191109_LF_LIB_consensus_vsearch	1736	A	A	274	1	0.36%	2	1	93	93	0.4999999999999138	1	1	172	102	0	1	+C
E4_BC52_191109_LF_LIB_consensus_vsearch	1737	T	T	272	3	1.07%	2	2	93	93	0.12431693989066941	1	1	172	100	2	1	-C
E4_BC52_191109_LF_LIB_consensus_vsearch	1738	C	C	272	2	0.73%	2	1	93	93	0.2495429616087481	1	1	172	100	2	0	-A
E4_BC52_191109_LF_LIB_consensus_vsearch	1739	A	A	271	4	1.45%	2	2	93	93	0.06181756426009212	1	1	171	100	3	1	G
E4_BC52_191109_LF_LIB_consensus_vsearch	1740	T	T	269	4	1.44%	2	1	93	93	0.06181256019060895	1	1	170	99	4	0	-A
E4_BC52_191109_LF_LIB_consensus_vsearch	1741	A	A	266	4	1.45%	2	2	93	93	0.06180491495741971	1	1	164	102	3	1	-T
E4_BC52_191109_LF_LIB_consensus_vsearch	1742	T	T	268	4	1.45%	2	1	93	93	0.061810030534865154	1	1	168	100	4	0	G
E4_BC52_191109_LF_LIB_consensus_vsearch	1743	T	T	274	2	0.71%	2	1	93	93	0.2495462794919261	1	1	171	103	2	0	+G
E4_BC52_191109_LF_LIB_consensus_vsearch	1744	T	T	273	3	1.07%	2	2	93	93	0.12431941923772909	1	1	171	102	2	1	-A
E4_BC52_191109_LF_LIB_consensus_vsearch	1745	A	A	264	4	1.44%	2	2	93	93	0.06179972295775155	1	1	165	99	1	3	-G
E4_BC52_191109_LF_LIB_consensus_vsearch	1746	G	G	259	6	2.2%	2	1	93	93	0.015184467591539906	1	1	160	99	6	0	A
E4_BC52_191109_LF_LIB_consensus_vsearch	1747	C	C	266	2	0.74%	2	1	93	93	0.24953271028049737	1	1	165	101	0	2	T
E4_BC52_191109_LF_LIB_consensus_vsearch	1748	C	*/-T	253	9	3.27%	2	2	93	93	0.0018213763549018416	1	1	158	95	5	4	-T
E4_BC52_191109_LF_LIB_consensus_vsearch	1749	T	T	260	2	0.76%	2	1	93	93	0.2495219885277623	1	1	160	100	2	0	+A
E4_BC52_191109_LF_LIB_consensus_vsearch	1750	T	*/-A	261	8	2.9%	2	2	93	93	0.003705416747963619	1	1	160	101	7	1	-A
E4_BC52_191109_LF_LIB_consensus_vsearch	1751	A	A	257	5	1.83%	2	2	93	93	0.03065420595045833	1	1	160	97	1	4	+G
E4_BC52_191109_LF_LIB_consensus_vsearch	1752	G	*/-A	247	26	9.35%	2	2	93	93	7.978817238464998E-9	1	1	146	101	25	1	-A
E4_BC52_191109_LF_LIB_consensus_vsearch	1753	A	A	243	4	1.6%	2	1	93	93	0.061740125504571274	1	1	142	101	4	0	G
E4_BC52_191109_LF_LIB_consensus_vsearch	1754	A	*/-G	266	8	2.88%	2	2	93	93	0.0037090372381044278	1	1	166	100	6	2	-G
E4_BC52_191109_LF_LIB_consensus_vsearch	1755	G	G	266	2	0.74%	2	1	93	93	0.24953271028049737	1	1	168	98	0	2	T
E4_BC52_191109_LF_LIB_consensus_vsearch	1756	G	G	269	6	2.14%	2	2	93	93	0.015200427384840735	1	1	170	99	5	1	A
E4_BC52_191109_LF_LIB_consensus_vsearch	1757	T	T	271	5	1.79%	2	2	93	93	0.030684398956702864	1	1	172	99	3	2	-C
E4_BC52_191109_LF_LIB_consensus_vsearch	1758	C	C	274	1	0.36%	2	1	93	93	0.4999999999999138	1	1	174	100	0	1	+T
E4_BC52_191109_LF_LIB_consensus_vsearch	1759	T	*/-CT	271	7	2.49%	2	1	93	93	0.0075195598088442315	1	1	170	101	7	0	-CT
E4_BC52_191109_LF_LIB_consensus_vsearch	1760	C	C	267	3	1.09%	2	1	93	93	0.12430426716151294	1	1	167	100	0	3	T
E4_BC52_191109_LF_LIB_consensus_vsearch	1761	T	T	271	1	0.36%	2	1	93	93	0.4999999999999138	1	1	167	104	1	0	-AC
E4_BC52_191109_LF_LIB_consensus_vsearch	1762	A	R	263	9	3.21%	2	2	93	93	0.0018261337158000507	1	1	165	98	8	1	G
E4_BC52_191109_LF_LIB_consensus_vsearch	1763	C	C	264	4	1.47%	2	1	93	93	0.06179972295775155	1	1	170	94	0	4	+T
E4_BC52_191109_LF_LIB_consensus_vsearch	1764	C	C	271	4	1.42%	2	1	93	93	0.06181756426009212	1	1	171	100	0	4	-TC
E4_BC52_191109_LF_LIB_consensus_vsearch	1765	T	*/+C	251	10	3.64%	2	2	93	93	8.944678342239841E-4	1	1	155	96	9	1	+C
E4_BC52_191109_LF_LIB_consensus_vsearch	1766	C	C	259	2	0.76%	2	1	93	93	0.24952015355082954	1	1	162	97	2	0	+TC
E4_BC52_191109_LF_LIB_consensus_vsearch	1767	C	C	275	1	0.36%	2	1	93	93	0.5000000000003686	1	1	171	104	1	0	+G
E4_BC52_191109_LF_LIB_consensus_vsearch	1768	C	*/-AC	270	7	2.48%	2	1	93	93	0.007518510051769894	1	1	167	103	7	0	-AC
E4_BC52_191109_LF_LIB_consensus_vsearch	1769	A	R	254	9	3.32%	2	1	93	93	0.0018218680650561358	1	1	150	104	9	0	G
E4_BC52_191109_LF_LIB_consensus_vsearch	1770	C	*/-TT	254	8	2.99%	2	1	93	93	0.003700118894213593	1	1	152	102	8	0	-TT
E4_BC52_191109_LF_LIB_consensus_vsearch	1771	T	T	258	3	1.14%	2	2	93	93	0.12428023032618613	1	1	156	102	2	1	C
E4_BC52_191109_LF_LIB_consensus_vsearch	1772	T	T	266	3	1.1%	2	1	93	93	0.1243016759777629	1	1	166	100	3	0	C
E4_BC52_191109_LF_LIB_consensus_vsearch	1773	G	G	272	6	2.15%	2	1	93	93	0.015204992260514073	1	1	170	102	6	0	A
E4_BC52_191109_LF_LIB_consensus_vsearch	1774	G	G	280	1	0.35%	2	1	93	93	0.4999999999999138	1	1	178	102	0	1	-C
E4_BC52_191109_LF_LIB_consensus_vsearch	1775	C	C	270	4	1.42%	2	2	93	93	0.06181507136518779	1	1	173	97	1	3	-GC
E4_BC52_191109_LF_LIB_consensus_vsearch	1776	G	G	277	1	0.36%	2	1	93	93	0.4999999999999138	1	1	176	101	1	0	C
E4_BC52_191109_LF_LIB_consensus_vsearch	1777	C	C	275	2	0.72%	2	1	93	93	0.24954792043411347	1	1	174	101	2	0	+G
E4_BC52_191109_LF_LIB_consensus_vsearch	1778	A	A	276	4	1.42%	2	1	93	93	0.06182976140387695	1	1	172	104	4	0	G
E4_BC52_191109_LF_LIB_consensus_vsearch	1779	G	G	267	6	2.14%	2	1	93	93	0.015197328608558202	1	1	169	98	6	0	A
E4_BC52_191109_LF_LIB_consensus_vsearch	1780	C	*/+G	260	7	2.5%	2	1	93	93	0.0075075833477063125	1	1	164	96	7	0	+G
E4_BC52_191109_LF_LIB_consensus_vsearch	1781	A	*/-T	256	17	6.2%	2	2	93	93	5.900995648755554E-6	1	1	161	95	9	8	-T
E4_BC52_191109_LF_LIB_consensus_vsearch	1782	T	T	257	6	2.28%	2	1	93	93	0.015181130565948187	1	1	162	95	6	0	G
E4_BC52_191109_LF_LIB_consensus_vsearch	1783	T	T	277	2	0.71%	2	2	93	93	0.24955116696580612	1	1	177	100	1	1	-A
E4_BC52_191109_LF_LIB_consensus_vsearch	1784	A	*/-CA	265	7	2.5%	2	2	93	93	0.00751314636487435	1	1	169	96	4	3	-CA
E4_BC52_191109_LF_LIB_consensus_vsearch	1785	C	*/+A	249	12	4.41%	2	2	93	93	2.1452978457341625E-4	1	1	163	86	3	9	+A
E4_BC52_191109_LF_LIB_consensus_vsearch	1786	A	A	261	2	0.75%	2	2	93	93	0.24952380952412506	1	1	164	97	1	1	G
E4_BC52_191109_LF_LIB_consensus_vsearch	1787	A	A	276	3	1.07%	2	2	93	93	0.12432675044874984	1	1	175	101	2	1	G
E4_BC52_191109_LF_LIB_consensus_vsearch	1788	A	A	282	0	0%	2	0	93	0	1.0	1	0	178	104	0	0	
E4_BC52_191109_LF_LIB_consensus_vsearch	1789	A	A	275	2	0.71%	2	2	93	93	0.24954792043411347	1	1	174	101	1	1	-C
E4_BC52_191109_LF_LIB_consensus_vsearch	1790	C	C	270	6	2.14%	2	1	93	93	0.015201959994994966	1	1	168	102	6	0	-T
E4_BC52_191109_LF_LIB_consensus_vsearch	1791	T	T	270	3	1.09%	2	2	93	93	0.12431192660547026	1	1	168	102	1	2	C
E4_BC52_191109_LF_LIB_consensus_vsearch	1792	A	A	274	1	0.36%	2	1	93	93	0.4999999999999138	1	1	172	102	1	0	+TA
E4_BC52_191109_LF_LIB_consensus_vsearch	1793	C	C	276	1	0.36%	2	1	93	93	0.5000000000003686	1	1	174	102	1	0	+AC
E4_BC52_191109_LF_LIB_consensus_vsearch	1794	G	G	280	1	0.35%	2	1	93	93	0.4999999999999138	1	1	178	102	0	1	-CG
E4_BC52_191109_LF_LIB_consensus_vsearch	1795	C	C	276	2	0.71%	2	2	93	93	0.24954954954932992	1	1	175	101	1	1	+T
E4_BC52_191109_LF_LIB_consensus_vsearch	1796	G	G	276	2	0.71%	2	1	93	93	0.24954954954932992	1	1	173	103	2	0	-A
E4_BC52_191109_LF_LIB_consensus_vsearch	1797	A	A	275	1	0.36%	2	1	93	93	0.5000000000003686	1	1	173	102	0	1	+C
E4_BC52_191109_LF_LIB_consensus_vsearch	1798	C	C	276	2	0.72%	2	1	93	93	0.24954954954932992	1	1	176	100	0	2	-T
E4_BC52_191109_LF_LIB_consensus_vsearch	1799	T	T	273	3	1.07%	2	1	93	93	0.12431941923772909	1	1	175	98	3	0	+C
E4_BC52_191109_LF_LIB_consensus_vsearch	1800	C	C	275	3	1.07%	2	1	93	93	0.1243243243242452	1	1	177	98	0	3	+G
E4_BC52_191109_LF_LIB_consensus_vsearch	1801	G	*/-A	267	10	3.55%	2	1	93	93	8.990961781053044E-4	1	1	163	104	10	0	-A
E4_BC52_191109_LF_LIB_consensus_vsearch	1802	A	A	254	5	1.87%	2	2	93	93	0.030647311787538743	1	1	157	97	2	3	-G
E4_BC52_191109_LF_LIB_consensus_vsearch	1803	G	G	266	1	0.37%	2	1	93	93	0.4999999999999138	1	1	168	98	0	1	+A
E4_BC52_191109_LF_LIB_consensus_vsearch	1804	G	*/-A	231	23	8.33%	2	1	93	93	7.078041774018335E-8	1	1	129	102	23	0	-A
E4_BC52_191109_LF_LIB_consensus_vsearch	1805	A	A	223	6	2.58%	2	1	93	93	0.01511552339729264	1	1	123	100	6	0	+G
E4_BC52_191109_LF_LIB_consensus_vsearch	1806	G	G	257	1	0.38%	2	1	93	93	0.4999999999999138	1	1	156	101	1	0	+T
E4_BC52_191109_LF_LIB_consensus_vsearch	1807	C	C	271	2	0.71%	2	1	93	93	0.24954128440383208	1	1	173	98	0	2	+A
E4_BC52_191109_LF_LIB_consensus_vsearch	1808	G	G	273	2	0.72%	2	1	93	93	0.2495446265938613	1	1	172	101	2	0	-C
E4_BC52_191109_LF_LIB_consensus_vsearch	1809	C	*/-T	258	8	2.89%	2	2	93	93	0.003703179949352368	1	1	160	98	6	2	-T
E4_BC52_191109_LF_LIB_consensus_vsearch	1810	T	T	266	1	0.37%	2	1	93	93	0.4999999999999138	1	1	164	102	1	0	+AAC
E4_BC52_191109_LF_LIB_consensus_vsearch	1811	T	T	269	2	0.72%	2	2	93	93	0.24953789279111838	1	1	170	99	1	1	C
E4_BC52_191109_LF_LIB_consensus_vsearch	1812	G	G	272	4	1.43%	2	2	93	93	0.06182003907461255	1	1	172	100	3	1	A
E4_BC52_191109_LF_LIB_consensus_vsearch	1813	T	T	269	3	1.08%	2	2	93	93	0.12430939226523824	1	1	169	100	1	2	C
E4_BC52_191109_LF_LIB_consensus_vsearch	1814	C	*/-A	172	69	25%	2	2	93	93	5.669717257351382E-24	1	1	72	100	68	1	-A
E4_BC52_191109_LF_LIB_consensus_vsearch	1815	A	*/-T	164	33	15.79%	2	1	93	93	2.6966965050658794E-11	1	1	65	99	33	0	-T
E4_BC52_191109_LF_LIB_consensus_vsearch	1816	T	K	161	71	28.98%	2	1	93	93	7.402687408716437E-25	1	1	59	102	71	0	G
E4_BC52_191109_LF_LIB_consensus_vsearch	1817	T	T	271	3	1.08%	2	1	93	93	0.12431444241326345	1	1	169	102	3	0	C
E4_BC52_191109_LF_LIB_consensus_vsearch	1818	G	G	269	6	2.15%	2	1	93	93	0.015200427384840735	1	1	168	101	6	0	A
E4_BC52_191109_LF_LIB_consensus_vsearch	1819	G	G	276	3	1.06%	2	2	93	93	0.12432675044874984	1	1	174	102	2	1	A
E4_BC52_191109_LF_LIB_consensus_vsearch	1820	C	C	277	2	0.71%	2	2	93	93	0.24955116696580612	1	1	175	102	1	1	T
E4_BC52_191109_LF_LIB_consensus_vsearch	1821	G	G	270	5	1.77%	2	2	93	93	0.030682344165700513	1	1	173	97	1	4	-CG
E4_BC52_191109_LF_LIB_consensus_vsearch	1822	C	C	262	4	1.45%	2	1	93	93	0.06179445281046573	1	1	170	92	4	0	-G
E4_BC52_191109_LF_LIB_consensus_vsearch	1823	G	*/-A	260	9	3.31%	2	1	93	93	0.0018247429645633383	1	1	162	98	9	0	-A
E4_BC52_191109_LF_LIB_consensus_vsearch	1824	A	A	269	3	1.1%	2	1	93	93	0.12430939226523824	1	1	165	104	3	0	G
E4_BC52_191109_LF_LIB_consensus_vsearch	1825	G	G	274	4	1.42%	2	2	93	93	0.061824935242698754	1	1	172	102	3	1	+AG
E4_BC52_191109_LF_LIB_consensus_vsearch	1826	T	T	277	2	0.71%	2	1	93	93	0.24955116696580612	1	1	174	103	2	0	G
E4_BC52_191109_LF_LIB_consensus_vsearch	1827	G	G	272	3	1.07%	2	1	93	93	0.12431693989066941	1	1	173	99	0	3	-CA
E4_BC52_191109_LF_LIB_consensus_vsearch	1828	C	C	270	4	1.45%	2	1	93	93	0.06181507136518779	1	1	171	99	4	0	+G
E4_BC52_191109_LF_LIB_consensus_vsearch	1829	A	R	231	40	14.55%	2	1	93	93	1.922986526278564E-13	1	1	132	99	40	0	G
E4_BC52_191109_LF_LIB_consensus_vsearch	1830	G	G	273	2	0.72%	2	1	93	93	0.2495446265938613	1	1	174	99	0	2	T
E4_BC52_191109_LF_LIB_consensus_vsearch	1831	G	G	270	5	1.77%	2	1	93	93	0.030682344165700513	1	1	173	97	0	5	-CAGG
E4_BC52_191109_LF_LIB_consensus_vsearch	1832	C	*/+G	263	7	2.55%	2	1	93	93	0.007510945692957774	1	1	167	96	7	0	+G
E4_BC52_191109_LF_LIB_consensus_vsearch	1833	A	R	217	50	18.25%	2	1	93	93	7.055404329243324E-17	1	1	119	98	50	0	G
E4_BC52_191109_LF_LIB_consensus_vsearch	1834	G	*/+A	262	8	2.96%	2	1	93	93	0.0037061514394952193	1	1	164	98	8	0	+A
E4_BC52_191109_LF_LIB_consensus_vsearch	1835	G	G	268	3	1.08%	2	1	93	93	0.12430683918669663	1	1	171	97	3	0	A
E4_BC52_191109_LF_LIB_consensus_vsearch	1836	T	*/-GGT	263	8	2.87%	2	1	93	93	0.003706880776381375	1	1	174	89	0	8	-GGT
E4_BC52_191109_LF_LIB_consensus_vsearch	1837	G	G	262	4	1.49%	2	2	93	93	0.06179445281046573	1	1	170	92	3	1	A
E4_BC52_191109_LF_LIB_consensus_vsearch	1838	G	G	258	5	1.82%	2	1	93	93	0.030656469088614302	1	1	166	92	5	0	T
E4_BC52_191109_LF_LIB_consensus_vsearch	1839	T	T	259	4	1.49%	2	1	93	93	0.061786397159329126	1	1	170	89	4	0	-AC
E4_BC52_191109_LF_LIB_consensus_vsearch	1840	A	A	262	5	1.84%	2	2	93	93	0.030665352285866324	1	1	167	95	3	2	G
E4_BC52_191109_LF_LIB_consensus_vsearch	1841	C	C	263	4	1.45%	2	2	93	93	0.06179709776251344	1	1	165	98	2	2	-A
E4_BC52_191109_LF_LIB_consensus_vsearch	1842	A	R	251	18	6.5%	2	1	93	93	2.8429950533667114E-6	1	1	156	95	18	0	G
E4_BC52_191109_LF_LIB_consensus_vsearch	1843	G	G	274	1	0.36%	2	1	93	93	0.4999999999999138	1	1	176	98	0	1	+A
E4_BC52_191109_LF_LIB_consensus_vsearch	1844	G	G	273	3	1.07%	2	1	93	93	0.12431941923772909	1	1	173	100	0	3	+TG
E4_BC52_191109_LF_LIB_consensus_vsearch	1845	A	*/-C	262	9	3.23%	2	1	93	93	0.0018256734909882749	1	1	170	92	0	9	-C
E4_BC52_191109_LF_LIB_consensus_vsearch	1846	C	C	261	4	1.48%	2	1	93	93	0.06179178787806501	1	1	173	88	0	4	-T
E4_BC52_191109_LF_LIB_consensus_vsearch	1847	T	T	268	3	1.09%	2	1	93	93	0.12430683918669663	1	1	173	95	0	3	C
E4_BC52_191109_LF_LIB_consensus_vsearch	1848	G	S	262	12	4.29%	2	1	93	93	2.1587845097457918E-4	1	1	172	90	0	12	C
E4_BC52_191109_LF_LIB_consensus_vsearch	1849	T	W	257	13	4.68%	2	2	93	93	1.0528976599273693E-4	1	1	171	86	1	12	A
E4_BC52_191109_LF_LIB_consensus_vsearch	1850	G	G	275	2	0.71%	2	2	93	93	0.24954792043411347	1	1	175	100	1	1	-A
E4_BC52_191109_LF_LIB_consensus_vsearch	1851	A	*/-C	225	49	17.56%	2	2	93	93	1.6804886761171128E-16	1	1	167	58	8	41	-C
E4_BC52_191109_LF_LIB_consensus_vsearch	1852	C	C	232	1	0.43%	2	1	93	93	0.4999999999999138	1	1	170	62	0	1	+TC
E4_BC52_191109_LF_LIB_consensus_vsearch	1853	C	C	275	3	1.06%	2	1	93	93	0.1243243243242452	1	1	172	103	3	0	+A
E4_BC52_191109_LF_LIB_consensus_vsearch	1854	C	C	274	4	1.42%	2	2	93	93	0.061824935242698754	1	1	177	97	1	3	-T
E4_BC52_191109_LF_LIB_consensus_vsearch	1855	T	T	271	4	1.44%	2	1	93	93	0.06181756426009212	1	1	176	95	0	4	-CT
E4_BC52_191109_LF_LIB_consensus_vsearch	1856	C	C	270	5	1.81%	2	2	93	93	0.030682344165700513	1	1	175	95	1	4	-T
E4_BC52_191109_LF_LIB_consensus_vsearch	1857	T	T	266	3	1.1%	2	1	93	93	0.1243016759777629	1	1	174	92	0	3	+G
E4_BC52_191109_LF_LIB_consensus_vsearch	1858	G	*/-AG	266	11	3.91%	2	1	93	93	4.412843374156775E-4	1	1	162	104	11	0	-AG
E4_BC52_191109_LF_LIB_consensus_vsearch	1859	A	*/-G	249	8	2.95%	2	2	93	93	0.0036961603384701837	1	1	149	100	7	1	-G
E4_BC52_191109_LF_LIB_consensus_vsearch	1860	G	G	258	2	0.77%	2	1	93	93	0.24951830443137643	1	1	158	100	2	0	A
E4_BC52_191109_LF_LIB_consensus_vsearch	1861	G	G	276	2	0.72%	2	1	93	93	0.24954954954932992	1	1	178	98	0	2	-TG
E4_BC52_191109_LF_LIB_consensus_vsearch	1862	T	T	272	2	0.72%	2	1	93	93	0.2495429616087481	1	1	175	97	2	0	C
E4_BC52_191109_LF_LIB_consensus_vsearch	1863	G	G	273	4	1.43%	2	2	93	93	0.061822496004320764	1	1	174	99	2	2	-C
E4_BC52_191109_LF_LIB_consensus_vsearch	1864	C	C	274	1	0.36%	2	1	93	93	0.4999999999999138	1	1	175	99	0	1	+AAAG
E4_BC52_191109_LF_LIB_consensus_vsearch	1865	C	Y	270	7	2.48%	2	1	93	93	0.007518510051769894	1	1	175	95	0	7	T
E4_BC52_191109_LF_LIB_consensus_vsearch	1866	G	G	272	3	1.07%	2	2	93	93	0.12431693989066941	1	1	173	99	2	1	A
E4_BC52_191109_LF_LIB_consensus_vsearch	1867	T	T	272	3	1.07%	2	2	93	93	0.12431693989066941	1	1	173	99	2	1	-GT
E4_BC52_191109_LF_LIB_consensus_vsearch	1868	G	G	265	3	1.08%	2	2	93	93	0.12429906542060956	1	1	169	96	2	1	-T
E4_BC52_191109_LF_LIB_consensus_vsearch	1869	T	T	267	4	1.46%	2	2	93	93	0.061807482193030554	1	1	172	95	1	3	C
E4_BC52_191109_LF_LIB_consensus_vsearch	1870	T	T	271	4	1.43%	2	1	93	93	0.06181756426009212	1	1	174	97	0	4	G
E4_BC52_191109_LF_LIB_consensus_vsearch	1871	T	*/+C	261	9	3.21%	2	1	93	93	0.0018252099194485903	1	1	162	99	9	0	+C
E4_BC52_191109_LF_LIB_consensus_vsearch	1872	C	C	270	4	1.42%	2	2	93	93	0.06181507136518779	1	1	171	99	1	3	+A
E4_BC52_191109_LF_LIB_consensus_vsearch	1873	A	A	271	3	1.08%	2	1	93	93	0.12431444241326345	1	1	170	101	3	0	G
E4_BC52_191109_LF_LIB_consensus_vsearch	1874	A	R	255	17	6.09%	2	1	93	93	5.895249132972015E-6	1	1	152	103	17	0	G
E4_BC52_191109_LF_LIB_consensus_vsearch	1875	C	C	268	4	1.44%	2	1	93	93	0.061810030534865154	1	1	172	96	0	4	-G
E4_BC52_191109_LF_LIB_consensus_vsearch	1876	G	G	269	4	1.44%	2	1	93	93	0.06181256019060895	1	1	173	96	4	0	A
E4_BC52_191109_LF_LIB_consensus_vsearch	1877	G	G	272	4	1.42%	2	2	93	93	0.06182003907461255	1	1	170	102	3	1	-AC
E4_BC52_191109_LF_LIB_consensus_vsearch	1878	A	A	267	3	1.09%	2	2	93	93	0.12430426716151294	1	1	169	98	1	2	-C
E4_BC52_191109_LF_LIB_consensus_vsearch	1879	C	*/-T	258	9	3.3%	2	2	93	93	0.001823798755543091	1	1	162	96	8	1	-T
E4_BC52_191109_LF_LIB_consensus_vsearch	1880	T	T	265	2	0.75%	2	2	93	93	0.2495309568482648	1	1	168	97	1	1	C
E4_BC52_191109_LF_LIB_consensus_vsearch	1881	T	*/-C	252	12	4.3%	2	2	93	93	2.1485229997259312E-4	1	1	155	97	10	2	-C
E4_BC52_191109_LF_LIB_consensus_vsearch	1882	C	C	259	1	0.38%	2	1	93	93	0.4999999999999138	1	1	161	98	0	1	+AA
E4_BC52_191109_LF_LIB_consensus_vsearch	1883	C	*/-ACC	261	9	3.27%	2	1	93	93	0.0018252099194485903	1	1	160	101	9	0	-ACC
E4_BC52_191109_LF_LIB_consensus_vsearch	1884	A	A	268	2	0.74%	2	1	93	93	0.24953617810762627	1	1	166	102	2	0	G
E4_BC52_191109_LF_LIB_consensus_vsearch	1885	C	C	269	1	0.37%	2	1	93	93	0.4999999999999138	1	1	169	100	0	1	+T
E4_BC52_191109_LF_LIB_consensus_vsearch	1886	C	Y	252	14	5.15%	2	1	93	93	5.1209451659234146E-5	1	1	164	88	0	14	T
E4_BC52_191109_LF_LIB_consensus_vsearch	1887	G	G	272	3	1.08%	2	1	93	93	0.12431693989066941	1	1	170	102	3	0	A
E4_BC52_191109_LF_LIB_consensus_vsearch	1888	C	C	275	2	0.72%	2	2	93	93	0.24954792043411347	1	1	173	102	1	1	A
E4_BC52_191109_LF_LIB_consensus_vsearch	1889	C	Y	268	9	3.23%	2	2	93	93	0.0018283858845795408	1	1	173	95	1	8	T
E4_BC52_191109_LF_LIB_consensus_vsearch	1890	G	G	273	2	0.71%	2	1	93	93	0.2495446265938613	1	1	169	104	2	0	+A
E4_BC52_191109_LF_LIB_consensus_vsearch	1891	T	T	272	3	1.08%	2	2	93	93	0.12431693989066941	1	1	170	102	1	2	C
E4_BC52_191109_LF_LIB_consensus_vsearch	1892	T	T	275	3	1.07%	2	2	93	93	0.1243243243242452	1	1	175	100	2	1	C
E4_BC52_191109_LF_LIB_consensus_vsearch	1893	A	A	273	3	1.07%	2	2	93	93	0.12431941923772909	1	1	173	100	1	2	G
E4_BC52_191109_LF_LIB_consensus_vsearch	1894	C	C	272	3	1.07%	2	1	93	93	0.12431693989066941	1	1	172	100	3	0	-A
E4_BC52_191109_LF_LIB_consensus_vsearch	1895	A	A	266	4	1.46%	2	2	93	93	0.06180491495741971	1	1	167	99	3	1	G
E4_BC52_191109_LF_LIB_consensus_vsearch	1896	T	T	266	5	1.79%	2	2	93	93	0.030673973504714284	1	1	166	100	4	1	C
E4_BC52_191109_LF_LIB_consensus_vsearch	1897	A	A	269	6	2.16%	2	2	93	93	0.015200427384840735	1	1	168	101	5	1	G
E4_BC52_191109_LF_LIB_consensus_vsearch	1898	C	C	270	2	0.72%	2	1	93	93	0.2495395948434138	1	1	169	101	2	0	+T
E4_BC52_191109_LF_LIB_consensus_vsearch	1899	G	G	268	4	1.43%	2	1	93	93	0.061810030534865154	1	1	165	103	4	0	A
E4_BC52_191109_LF_LIB_consensus_vsearch	1900	C	C	275	3	1.07%	2	1	93	93	0.1243243243242452	1	1	172	103	3	0	+G
E4_BC52_191109_LF_LIB_consensus_vsearch	1901	A	A	276	2	0.71%	2	1	93	93	0.24954954954932992	1	1	174	102	2	0	-G
E4_BC52_191109_LF_LIB_consensus_vsearch	1902	G	G	275	1	0.36%	2	1	93	93	0.5000000000003686	1	1	174	101	1	0	+A
E4_BC52_191109_LF_LIB_consensus_vsearch	1903	A	A	266	5	1.79%	2	1	93	93	0.030673973504714284	1	1	166	100	5	0	G
E4_BC52_191109_LF_LIB_consensus_vsearch	1904	C	*/+AG	256	8	2.85%	2	1	93	93	0.003701660868547635	1	1	152	104	8	0	+AG
E4_BC52_191109_LF_LIB_consensus_vsearch	1905	G	G	269	5	1.8%	2	2	93	93	0.030680274390748198	1	1	171	98	1	4	+A
E4_BC52_191109_LF_LIB_consensus_vsearch	1906	A	A	274	2	0.72%	2	1	93	93	0.2495462794919261	1	1	172	102	2	0	+G
E4_BC52_191109_LF_LIB_consensus_vsearch	1907	A	A	278	2	0.71%	2	2	93	93	0.24955277280837324	1	1	176	102	1	1	G
E4_BC52_191109_LF_LIB_consensus_vsearch	1908	A	A	279	2	0.71%	2	1	93	93	0.24955436720141339	1	1	176	103	2	0	G
E4_BC52_191109_LF_LIB_consensus_vsearch	1909	C	C	279	1	0.36%	2	1	93	93	0.5000000000003686	1	1	178	101	0	1	-GTC
E4_BC52_191109_LF_LIB_consensus_vsearch	1910	G	G	278	1	0.36%	2	1	93	93	0.4999999999999138	1	1	176	102	1	0	+A
E4_BC52_191109_LF_LIB_consensus_vsearch	1911	T	T	270	5	1.78%	2	1	93	93	0.030682344165700513	1	1	170	100	5	0	-C
E4_BC52_191109_LF_LIB_consensus_vsearch	1912	C	C	276	0	0%	2	0	93	0	1.0	1	0	173	103	0	0	
E4_BC52_191109_LF_LIB_consensus_vsearch	1913	C	C	277	2	0.71%	2	1	93	93	0.24955116696580612	1	1	173	104	2	0	-A
E4_BC52_191109_LF_LIB_consensus_vsearch	1914	A	A	270	6	2.14%	2	1	93	93	0.015201959994994966	1	1	167	103	6	0	G
E4_BC52_191109_LF_LIB_consensus_vsearch	1915	T	*/+A	253	14	5%	2	1	93	93	5.1244009276311245E-5	1	1	151	102	14	0	+A
E4_BC52_191109_LF_LIB_consensus_vsearch	1916	A	A	269	6	2.16%	2	1	93	93	0.015200427384840735	1	1	169	100	6	0	G
E4_BC52_191109_LF_LIB_consensus_vsearch	1917	G	K	264	14	5%	2	1	93	93	5.1608735162326466E-5	1	1	163	101	14	0	T
E4_BC52_191109_LF_LIB_consensus_vsearch	1918	T	T	273	3	1.07%	2	2	93	93	0.12431941923772909	1	1	173	100	2	1	-GC
E4_BC52_191109_LF_LIB_consensus_vsearch	1919	G	G	269	4	1.45%	2	2	93	93	0.06181256019060895	1	1	170	99	3	1	A
E4_BC52_191109_LF_LIB_consensus_vsearch	1920	C	C	263	3	1.08%	2	2	93	93	0.12429378531094196	1	1	167	96	1	2	-A
E4_BC52_191109_LF_LIB_consensus_vsearch	1921	A	A	264	4	1.45%	2	2	93	93	0.06179972295775155	1	1	163	101	3	1	G
E4_BC52_191109_LF_LIB_consensus_vsearch	1922	C	C	269	4	1.45%	2	2	93	93	0.06181256019060895	1	1	169	100	1	3	T
E4_BC52_191109_LF_LIB_consensus_vsearch	1923	A	A	276	2	0.72%	2	1	93	93	0.24954954954932992	1	1	172	104	2	0	G
E4_BC52_191109_LF_LIB_consensus_vsearch	1924	A	A	272	3	1.07%	2	1	93	93	0.12431693989066941	1	1	173	99	0	3	+C
E4_BC52_191109_LF_LIB_consensus_vsearch	1925	C	C	271	3	1.07%	2	2	93	93	0.12431444241326345	1	1	170	101	2	1	-T
E4_BC52_191109_LF_LIB_consensus_vsearch	1926	T	T	261	5	1.81%	2	1	93	93	0.03066315650820783	1	1	166	95	0	5	-C
E4_BC52_191109_LF_LIB_consensus_vsearch	1927	C	C	266	3	1.09%	2	1	93	93	0.1243016759777629	1	1	168	98	3	0	A
E4_BC52_191109_LF_LIB_consensus_vsearch	1928	G	*/-A	273	7	2.49%	2	2	93	93	0.007521636994309325	1	1	171	102	6	1	-A
E4_BC52_191109_LF_LIB_consensus_vsearch	1929	A	A	270	2	0.73%	2	1	93	93	0.2495395948434138	1	1	168	102	2	0	G
E4_BC52_191109_LF_LIB_consensus_vsearch	1930	A	A	272	4	1.42%	2	1	93	93	0.06182003907461255	1	1	171	101	4	0	G
E4_BC52_191109_LF_LIB_consensus_vsearch	1931	C	*/-A	263	12	4.3%	2	2	93	93	2.1597713006427273E-4	1	1	161	102	11	1	-A
E4_BC52_191109_LF_LIB_consensus_vsearch	1932	A	R	260	8	2.97%	2	2	93	93	0.0037046766426069204	1	1	158	102	7	1	G
E4_BC52_191109_LF_LIB_consensus_vsearch	1933	A	*/-G	254	18	6.38%	2	2	93	93	2.8525399030520225E-6	1	1	159	95	12	6	-G
E4_BC52_191109_LF_LIB_consensus_vsearch	1934	G	G	251	4	1.53%	2	2	93	93	0.06176398786346276	1	1	159	92	3	1	+A
E4_BC52_191109_LF_LIB_consensus_vsearch	1935	G	*/+A	271	7	2.5%	2	1	93	93	0.0075195598088442315	1	1	169	102	7	0	+A
E4_BC52_191109_LF_LIB_consensus_vsearch	1936	G	*/+T	252	17	6.05%	2	1	93	93	5.877779455564292E-6	1	1	149	103	17	0	+T
E4_BC52_191109_LF_LIB_consensus_vsearch	1937	T	T	270	5	1.82%	2	2	93	93	0.030682344165700513	1	1	170	100	1	4	C
E4_BC52_191109_LF_LIB_consensus_vsearch	1938	T	T	279	2	0.71%	2	1	93	93	0.24955436720141339	1	1	177	102	0	2	C
E4_BC52_191109_LF_LIB_consensus_vsearch	1939	T	T	270	4	1.42%	2	1	93	93	0.06181507136518779	1	1	167	103	4	0	-A
E4_BC52_191109_LF_LIB_consensus_vsearch	1940	A	*/-C	223	35	12.82%	2	2	93	93	8.4493552646224E-12	1	1	132	91	23	12	-C
E4_BC52_191109_LF_LIB_consensus_vsearch	1941	C	C	225	5	2.13%	2	1	93	93	0.030571406778114325	1	1	139	86	0	5	+T
E4_BC52_191109_LF_LIB_consensus_vsearch	1942	C	C	270	1	0.37%	2	1	93	93	0.4999999999999138	1	1	168	102	0	1	+TC
E4_BC52_191109_LF_LIB_consensus_vsearch	1943	C	Y	259	9	3.27%	2	2	93	93	0.0018242725891630934	1	1	166	93	1	8	T
E4_BC52_191109_LF_LIB_consensus_vsearch	1944	C	Y	236	18	6.52%	2	1	93	93	2.7923090541651273E-6	1	1	159	77	0	18	T
E4_BC52_191109_LF_LIB_consensus_vsearch	1945	A	*/+G	250	7	2.67%	2	1	93	93	0.007495813166417644	1	1	156	94	7	0	+G
E4_BC52_191109_LF_LIB_consensus_vsearch	1946	A	A	267	6	2.14%	2	2	93	93	0.015197328608558202	1	1	173	94	3	3	G
E4_BC52_191109_LF_LIB_consensus_vsearch	1947	G	G	273	3	1.07%	2	1	93	93	0.12431941923772909	1	1	172	101	0	3	-T
E4_BC52_191109_LF_LIB_consensus_vsearch	1948	T	T	273	4	1.43%	2	2	93	93	0.061822496004320764	1	1	176	97	1	3	C
E4_BC52_191109_LF_LIB_consensus_vsearch	1949	C	C	274	2	0.71%	2	1	93	93	0.2495462794919261	1	1	172	102	2	0	+A
E4_BC52_191109_LF_LIB_consensus_vsearch	1950	A	A	265	5	1.79%	2	2	93	93	0.030671842124359663	1	1	170	95	3	2	-G
E4_BC52_191109_LF_LIB_consensus_vsearch	1951	G	G	273	2	0.72%	2	1	93	93	0.2495446265938613	1	1	172	101	2	0	+A
E4_BC52_191109_LF_LIB_consensus_vsearch	1952	A	A	277	1	0.36%	2	1	93	93	0.4999999999999138	1	1	176	101	0	1	+C
E4_BC52_191109_LF_LIB_consensus_vsearch	1953	T	T	271	4	1.43%	2	1	93	93	0.06181756426009212	1	1	176	95	0	4	+C
E4_BC52_191109_LF_LIB_consensus_vsearch	1954	T	*/-C	268	8	2.86%	2	2	93	93	0.003710449152927439	1	1	173	95	4	4	-C
E4_BC52_191109_LF_LIB_consensus_vsearch	1955	C	C	266	3	1.1%	2	2	93	93	0.1243016759777629	1	1	172	94	2	1	-A
E4_BC52_191109_LF_LIB_consensus_vsearch	1956	A	A	269	3	1.08%	2	2	93	93	0.12430939226523824	1	1	173	96	1	2	T
E4_BC52_191109_LF_LIB_consensus_vsearch	1957	C	C	268	3	1.08%	2	2	93	93	0.12430683918669663	1	1	171	97	2	1	T
E4_BC52_191109_LF_LIB_consensus_vsearch	1958	A	*/-CA	238	32	11.55%	2	2	93	93	8.77305109038313E-11	1	1	147	91	21	11	-CA
E4_BC52_191109_LF_LIB_consensus_vsearch	1959	C	C	231	4	1.62%	2	2	93	93	0.061701282513683633	1	1	144	87	1	3	T
E4_BC52_191109_LF_LIB_consensus_vsearch	1960	A	A	230	5	2.07%	2	2	93	93	0.030585828885528864	1	1	141	89	4	1	G
E4_BC52_191109_LF_LIB_consensus_vsearch	1961	T	T	268	4	1.47%	2	1	93	93	0.061810030534865154	1	1	166	102	4	0	G
E4_BC52_191109_LF_LIB_consensus_vsearch	1962	T	T	267	5	1.79%	2	2	93	93	0.030676089228361576	1	1	167	100	1	4	+G
E4_BC52_191109_LF_LIB_consensus_vsearch	1963	G	G	274	5	1.79%	2	1	93	93	0.030690475035149573	1	1	170	104	5	0	-A
E4_BC52_191109_LF_LIB_consensus_vsearch	1964	A	A	273	2	0.72%	2	2	93	93	0.2495446265938613	1	1	170	103	1	1	G
E4_BC52_191109_LF_LIB_consensus_vsearch	1965	G	*/-C	271	8	2.85%	2	1	93	93	0.0037125295286029917	1	1	167	104	8	0	-C
E4_BC52_191109_LF_LIB_consensus_vsearch	1966	C	C	267	4	1.47%	2	2	93	93	0.061807482193030554	1	1	166	101	1	3	T
E4_BC52_191109_LF_LIB_consensus_vsearch	1967	C	C	269	3	1.07%	2	1	93	93	0.12430939226523824	1	1	170	99	3	0	G
E4_BC52_191109_LF_LIB_consensus_vsearch	1968	G	G	274	3	1.08%	2	2	93	93	0.1243218806510022	1	1	173	101	2	1	A
E4_BC52_191109_LF_LIB_consensus_vsearch	1969	G	G	275	3	1.07%	2	2	93	93	0.1243243243242452	1	1	174	101	2	1	-T
E4_BC52_191109_LF_LIB_consensus_vsearch	1970	T	*/-C	217	53	19.06%	2	2	93	93	6.537655870323129E-18	1	1	117	100	51	2	-C
E4_BC52_191109_LF_LIB_consensus_vsearch	1971	C	C	219	1	0.45%	2	1	93	93	0.4999999999999138	1	1	117	102	1	0	A
E4_BC52_191109_LF_LIB_consensus_vsearch	1972	C	C	267	4	1.46%	2	1	93	93	0.061807482193030554	1	1	164	103	4	0	A
E4_BC52_191109_LF_LIB_consensus_vsearch	1973	C	*/-GC	235	21	7.47%	2	1	93	93	3.109985082219035E-7	1	1	151	84	21	0	-GC
E4_BC52_191109_LF_LIB_consensus_vsearch	1974	G	R	242	14	5.43%	2	2	93	93	5.0850008103496704E-5	1	1	139	103	13	1	A
E4_BC52_191109_LF_LIB_consensus_vsearch	1975	C	C	251	4	1.54%	2	2	93	93	0.06176398786346276	1	1	151	100	3	1	-T
E4_BC52_191109_LF_LIB_consensus_vsearch	1976	T	T	271	3	1.09%	2	2	93	93	0.12431444241326345	1	1	171	100	2	1	C
E4_BC52_191109_LF_LIB_consensus_vsearch	1977	T	T	268	3	1.08%	2	1	93	93	0.12430683918669663	1	1	167	101	3	0	+C
E4_BC52_191109_LF_LIB_consensus_vsearch	1978	C	*/-A	259	11	3.96%	2	1	93	93	4.40104982176298E-4	1	1	158	101	11	0	-A
E4_BC52_191109_LF_LIB_consensus_vsearch	1979	A	A	251	5	1.87%	2	1	93	93	0.03064025621010106	1	1	154	97	5	0	G
E4_BC52_191109_LF_LIB_consensus_vsearch	1980	C	C	271	2	0.73%	2	1	93	93	0.24954128440383208	1	1	172	99	0	2	+T
E4_BC52_191109_LF_LIB_consensus_vsearch	1981	T	*/-C	257	16	5.69%	2	1	93	93	1.2169368458531953E-5	1	1	172	85	0	16	-C
E4_BC52_191109_LF_LIB_consensus_vsearch	1982	C	C	250	4	1.51%	2	1	93	93	0.061761087351402955	1	1	171	79	0	4	G
E4_BC52_191109_LF_LIB_consensus_vsearch	1983	G	G	275	3	1.07%	2	1	93	93	0.1243243243242452	1	1	171	104	3	0	C
E4_BC52_191109_LF_LIB_consensus_vsearch	1984	C	C	269	5	1.79%	2	1	93	93	0.030680274390748198	1	1	168	101	5	0	-A
E4_BC52_191109_LF_LIB_consensus_vsearch	1985	A	R	264	10	3.64%	2	2	93	93	8.982685182237654E-4	1	1	161	103	9	1	G
E4_BC52_191109_LF_LIB_consensus_vsearch	1986	G	G	277	1	0.36%	2	1	93	93	0.4999999999999138	1	1	173	104	1	0	+A
E4_BC52_191109_LF_LIB_consensus_vsearch	1987	T	T	276	2	0.71%	2	2	93	93	0.24954954954932992	1	1	173	103	1	1	C
E4_BC52_191109_LF_LIB_consensus_vsearch	1988	T	T	279	1	0.36%	2	1	93	93	0.5000000000003686	1	1	176	103	0	1	+G
E4_BC52_191109_LF_LIB_consensus_vsearch	1989	A	A	267	6	2.14%	2	2	93	93	0.015197328608558202	1	1	166	101	4	2	G
E4_BC52_191109_LF_LIB_consensus_vsearch	1990	C	C	269	2	0.73%	2	1	93	93	0.24953789279111838	1	1	168	101	0	2	+T
E4_BC52_191109_LF_LIB_consensus_vsearch	1991	T	T	271	3	1.09%	2	1	93	93	0.12431444241326345	1	1	168	103	3	0	-A
E4_BC52_191109_LF_LIB_consensus_vsearch	1992	A	*/-G	127	127	46.35%	2	2	93	93	3.06385525880946E-48	1	1	67	60	89	38	-G
E4_BC52_191109_LF_LIB_consensus_vsearch	1993	G	G	135	2	1.44%	2	1	93	93	0.24908424908420843	1	1	74	61	2	0	+A
E4_BC52_191109_LF_LIB_consensus_vsearch	1994	G	G	264	2	0.74%	2	1	93	93	0.24952919020719036	1	1	165	99	2	0	C
E4_BC52_191109_LF_LIB_consensus_vsearch	1995	G	G	269	6	2.17%	2	1	93	93	0.015200427384840735	1	1	166	103	6	0	A
E4_BC52_191109_LF_LIB_consensus_vsearch	1996	G	G	269	5	1.78%	2	1	93	93	0.030680274390748198	1	1	167	102	5	0	-A
E4_BC52_191109_LF_LIB_consensus_vsearch	1997	A	A	273	2	0.73%	2	2	93	93	0.2495446265938613	1	1	170	103	1	1	G
E4_BC52_191109_LF_LIB_consensus_vsearch	1998	A	A	267	5	1.79%	2	1	93	93	0.030676089228361576	1	1	169	98	0	5	-TC
E4_BC52_191109_LF_LIB_consensus_vsearch	1999	T	*/-C	237	35	12.77%	2	2	93	93	9.044578071361934E-12	1	1	142	95	33	2	-C
E4_BC52_191109_LF_LIB_consensus_vsearch	2000	C	C	237	1	0.41%	2	1	93	93	0.5000000000003686	1	1	142	95	1	0	+A
E4_BC52_191109_LF_LIB_consensus_vsearch	2001	C	C	276	3	1.07%	2	2	93	93	0.12432675044874984	1	1	176	100	1	2	-T
E4_BC52_191109_LF_LIB_consensus_vsearch	2002	T	*/-G	263	9	3.25%	2	2	93	93	0.0018261337158000507	1	1	172	91	1	8	-G
E4_BC52_191109_LF_LIB_consensus_vsearch	2003	G	G	266	3	1.11%	2	2	93	93	0.1243016759777629	1	1	172	94	2	1	A
E4_BC52_191109_LF_LIB_consensus_vsearch	2004	G	G	274	2	0.71%	2	2	93	93	0.2495462794919261	1	1	171	103	1	1	-T
E4_BC52_191109_LF_LIB_consensus_vsearch	2005	T	T	276	2	0.72%	2	2	93	93	0.24954954954932992	1	1	174	102	1	1	C
E4_BC52_191109_LF_LIB_consensus_vsearch	2006	T	T	262	6	2.14%	2	2	93	93	0.015189380104217696	1	1	170	92	2	4	-A
E4_BC52_191109_LF_LIB_consensus_vsearch	2007	A	R	245	23	8.36%	2	2	93	93	7.282259484927565E-8	1	1	152	93	20	3	G
E4_BC52_191109_LF_LIB_consensus_vsearch	2008	G	G	261	6	2.17%	2	2	93	93	0.015187754818318031	1	1	164	97	5	1	+T
E4_BC52_191109_LF_LIB_consensus_vsearch	2009	T	T	269	5	1.81%	2	1	93	93	0.030680274390748198	1	1	171	98	0	5	C
E4_BC52_191109_LF_LIB_consensus_vsearch	2010	T	T	277	3	1.07%	2	2	93	93	0.12432915921300346	1	1	175	102	2	1	C
E4_BC52_191109_LF_LIB_consensus_vsearch	2011	T	T	268	4	1.43%	2	1	93	93	0.061810030534865154	1	1	177	91	0	4	-C
E4_BC52_191109_LF_LIB_consensus_vsearch	2012	C	*/-T	214	39	14.34%	2	2	93	93	3.72119581258618E-13	1	1	152	62	19	20	-T
E4_BC52_191109_LF_LIB_consensus_vsearch	2013	T	T	231	2	0.85%	2	1	93	93	0.24946236559140877	1	1	156	75	2	0	C
E4_BC52_191109_LF_LIB_consensus_vsearch	2014	T	T	272	2	0.73%	2	1	93	93	0.2495429616087481	1	1	175	97	2	0	C
E4_BC52_191109_LF_LIB_consensus_vsearch	2015	T	T	280	0	0%	2	0	93	0	1.0	1	0	177	103	0	0	
E4_BC52_191109_LF_LIB_consensus_vsearch	2016	T	*/-C	267	12	4.27%	2	2	93	93	2.1636505872716516E-4	1	1	172	95	4	8	-C
E4_BC52_191109_LF_LIB_consensus_vsearch	2017	C	C	266	2	0.74%	2	1	93	93	0.24953271028049737	1	1	171	95	2	0	+A
E4_BC52_191109_LF_LIB_consensus_vsearch	2018	C	C	273	3	1.07%	2	2	93	93	0.12431941923772909	1	1	174	99	2	1	-T
E4_BC52_191109_LF_LIB_consensus_vsearch	2019	T	*/-C	262	8	2.9%	2	1	93	93	0.0037061514394952193	1	1	162	100	8	0	-C
E4_BC52_191109_LF_LIB_consensus_vsearch	2020	C	C	269	1	0.37%	2	1	93	93	0.4999999999999138	1	1	168	101	1	0	+A
E4_BC52_191109_LF_LIB_consensus_vsearch	2021	C	*/-G	269	8	2.86%	2	1	93	93	0.00371114755755057	1	1	168	101	8	0	-G
E4_BC52_191109_LF_LIB_consensus_vsearch	2022	G	G	272	1	0.36%	2	1	93	93	0.5000000000003686	1	1	169	103	0	1	-CTG
E4_BC52_191109_LF_LIB_consensus_vsearch	2023	C	M	272	7	2.49%	2	1	93	93	0.007520602096545131	1	1	169	103	7	0	A
E4_BC52_191109_LF_LIB_consensus_vsearch	2024	T	T	277	2	0.71%	2	2	93	93	0.24955116696580612	1	1	176	101	1	1	C
E4_BC52_191109_LF_LIB_consensus_vsearch	2025	G	G	281	0	0%	2	0	93	0	1.0	1	0	178	103	0	0	
E4_BC52_191109_LF_LIB_consensus_vsearch	2026	A	A	277	2	0.71%	2	1	93	93	0.24955116696580612	1	1	175	102	2	0	G
E4_BC52_191109_LF_LIB_consensus_vsearch	2027	T	T	280	1	0.36%	2	1	93	93	0.4999999999999138	1	1	177	103	1	0	G
E4_BC52_191109_LF_LIB_consensus_vsearch	2028	T	T	279	2	0.71%	2	2	93	93	0.24955436720141339	1	1	176	103	1	1	-A
E4_BC52_191109_LF_LIB_consensus_vsearch	2029	A	A	278	1	0.36%	2	1	93	93	0.4999999999999138	1	1	177	101	0	1	C
E4_BC52_191109_LF_LIB_consensus_vsearch	2030	A	A	278	1	0.35%	2	1	93	93	0.4999999999999138	1	1	174	104	1	0	+C
E4_BC52_191109_LF_LIB_consensus_vsearch	2031	T	T	277	2	0.71%	2	2	93	93	0.24955116696580612	1	1	175	102	1	1	C
E4_BC52_191109_LF_LIB_consensus_vsearch	2032	A	A	273	3	1.07%	2	2	93	93	0.12431941923772909	1	1	170	103	2	1	-T
E4_BC52_191109_LF_LIB_consensus_vsearch	2033	T	T	269	2	0.72%	2	1	93	93	0.24953789279111838	1	1	167	102	2	0	-G
E4_BC52_191109_LF_LIB_consensus_vsearch	2034	G	G	269	4	1.43%	2	1	93	93	0.06181256019060895	1	1	166	103	4	0	-CT
E4_BC52_191109_LF_LIB_consensus_vsearch	2035	C	C	270	3	1.09%	2	2	93	93	0.12431192660547026	1	1	170	100	2	1	-T
E4_BC52_191109_LF_LIB_consensus_vsearch	2036	T	T	267	5	1.83%	2	1	93	93	0.030676089228361576	1	1	164	103	5	0	C
E4_BC52_191109_LF_LIB_consensus_vsearch	2037	T	T	266	4	1.42%	2	1	93	93	0.06180491495741971	1	1	166	100	4	0	-A
E4_BC52_191109_LF_LIB_consensus_vsearch	2038	A	A	271	2	0.73%	2	1	93	93	0.24954128440383208	1	1	173	98	0	2	G
E4_BC52_191109_LF_LIB_consensus_vsearch	2039	A	A	275	4	1.43%	2	2	93	93	0.06182735698001327	1	1	177	98	1	3	G
E4_BC52_191109_LF_LIB_consensus_vsearch	2040	G	*/+T	272	7	2.48%	2	2	93	93	0.007520602096545131	1	1	175	97	1	6	+T
E4_BC52_191109_LF_LIB_consensus_vsearch	2041	T	*/+C	269	7	2.48%	2	1	93	93	0.007517452744777598	1	1	168	101	7	0	+C
E4_BC52_191109_LF_LIB_consensus_vsearch	2042	C	*/-T	272	7	2.48%	2	2	93	93	0.007520602096545131	1	1	173	99	2	5	-T
E4_BC52_191109_LF_LIB_consensus_vsearch	2043	T	T	260	6	2.19%	2	2	93	93	0.01518611735985533	1	1	167	93	2	4	C
E4_BC52_191109_LF_LIB_consensus_vsearch	2044	A	R	215	57	20.5%	2	1	93	93	2.6078250660739606E-19	1	1	114	101	57	0	G
E4_BC52_191109_LF_LIB_consensus_vsearch	2045	G	G	268	2	0.72%	2	1	93	93	0.24953617810762627	1	1	170	98	2	0	+CC
E4_BC52_191109_LF_LIB_consensus_vsearch	2046	C	*/+G	246	10	3.64%	2	1	93	93	8.92905972782949E-4	1	1	165	81	0	10	+G
E4_BC52_191109_LF_LIB_consensus_vsearch	2047	G	R	255	11	4.1%	2	1	93	93	4.3940412746515644E-4	1	1	160	95	11	0	A
E4_BC52_191109_LF_LIB_consensus_vsearch	2048	G	G	276	2	0.72%	2	1	93	93	0.24954954954932992	1	1	173	103	2	0	+A
E4_BC52_191109_LF_LIB_consensus_vsearch	2049	G	G	266	5	1.79%	2	1	93	93	0.030673973504714284	1	1	166	100	5	0	+T
E4_BC52_191109_LF_LIB_consensus_vsearch	2050	T	Y	268	9	3.25%	2	1	93	93	0.0018283858845795408	1	1	175	93	0	9	C
E4_BC52_191109_LF_LIB_consensus_vsearch	2051	T	T	274	1	0.36%	2	1	93	93	0.4999999999999138	1	1	174	100	0	1	+GG
E4_BC52_191109_LF_LIB_consensus_vsearch	2052	G	G	273	1	0.36%	2	1	93	93	0.4999999999999138	1	1	173	100	0	1	+C
E4_BC52_191109_LF_LIB_consensus_vsearch	2053	T	*/+C	252	18	6.43%	2	1	93	93	2.846197472922363E-6	1	1	148	104	18	0	+C
E4_BC52_191109_LF_LIB_consensus_vsearch	2054	C	C	267	2	0.73%	2	1	93	93	0.24953445065180796	1	1	163	104	2	0	+A
E4_BC52_191109_LF_LIB_consensus_vsearch	2055	C	*/-T	264	11	3.91%	2	2	93	93	4.409533072146887E-4	1	1	163	101	10	1	-T
E4_BC52_191109_LF_LIB_consensus_vsearch	2056	T	T	255	6	2.23%	2	2	93	93	0.01517774260134363	1	1	156	99	4	2	C
E4_BC52_191109_LF_LIB_consensus_vsearch	2057	A	*/-C	198	37	13.41%	2	2	93	93	1.5627158236485188E-12	1	1	109	89	30	7	-C
E4_BC52_191109_LF_LIB_consensus_vsearch	2058	C	C	213	4	1.79%	2	1	93	93	0.06163495389099757	1	1	117	96	4	0	+A
E4_BC52_191109_LF_LIB_consensus_vsearch	2059	C	C	251	3	1.15%	2	2	93	93	0.12426035502961323	1	1	149	102	1	2	+T
E4_BC52_191109_LF_LIB_consensus_vsearch	2060	C	Y	254	9	3.33%	2	2	93	93	0.0018218680650561358	1	1	162	92	1	8	T
E4_BC52_191109_LF_LIB_consensus_vsearch	2061	C	Y	254	14	5.04%	2	2	93	93	5.1278325302827684E-5	1	1	161	93	8	6	T
E4_BC52_191109_LF_LIB_consensus_vsearch	2062	A	A	267	1	0.37%	2	1	93	93	0.5000000000003686	1	1	169	98	1	0	+G
E4_BC52_191109_LF_LIB_consensus_vsearch	2063	A	A	273	3	1.07%	2	2	93	93	0.12431941923772909	1	1	171	102	2	1	-T
E4_BC52_191109_LF_LIB_consensus_vsearch	2064	T	T	268	6	2.17%	2	2	93	93	0.015198883630026071	1	1	172	96	1	5	C
E4_BC52_191109_LF_LIB_consensus_vsearch	2065	G	G	270	6	2.14%	2	2	93	93	0.015201959994994966	1	1	168	102	5	1	-AG
E4_BC52_191109_LF_LIB_consensus_vsearch	2066	A	A	264	4	1.47%	2	2	93	93	0.06179972295775155	1	1	163	101	3	1	G
E4_BC52_191109_LF_LIB_consensus_vsearch	2067	G	G	273	1	0.36%	2	1	93	93	0.4999999999999138	1	1	170	103	1	0	T
E4_BC52_191109_LF_LIB_consensus_vsearch	2068	G	G	279	1	0.36%	2	1	93	93	0.5000000000003686	1	1	175	104	1	0	+AGG
E4_BC52_191109_LF_LIB_consensus_vsearch	2069	T	T	278	1	0.35%	2	1	93	93	0.4999999999999138	1	1	175	103	1	0	-C
E4_BC52_191109_LF_LIB_consensus_vsearch	2070	C	C	273	2	0.71%	2	1	93	93	0.2495446265938613	1	1	173	100	2	0	-A
E4_BC52_191109_LF_LIB_consensus_vsearch	2071	A	A	268	5	1.8%	2	2	93	93	0.030678189467263802	1	1	170	98	4	1	G
E4_BC52_191109_LF_LIB_consensus_vsearch	2072	T	T	271	2	0.71%	2	2	93	93	0.24954128440383208	1	1	173	98	1	1	-G
E4_BC52_191109_LF_LIB_consensus_vsearch	2073	G	*/-CG	254	14	5.02%	2	1	93	93	5.1278325302827684E-5	1	1	170	84	0	14	-CG
E4_BC52_191109_LF_LIB_consensus_vsearch	2074	C	C	254	3	1.14%	2	1	93	93	0.12426900584791233	1	1	174	80	0	3	T
E4_BC52_191109_LF_LIB_consensus_vsearch	2075	G	*/+T	248	13	4.92%	2	1	93	93	1.0474101246804906E-4	1	1	162	86	13	0	+T
E4_BC52_191109_LF_LIB_consensus_vsearch	2076	T	T	271	2	0.72%	2	1	93	93	0.24954128440383208	1	1	177	94	0	2	+GT
E4_BC52_191109_LF_LIB_consensus_vsearch	2077	T	T	270	4	1.43%	2	2	93	93	0.06181507136518779	1	1	175	95	2	2	-G
E4_BC52_191109_LF_LIB_consensus_vsearch	2078	G	G	269	2	0.73%	2	2	93	93	0.24953789279111838	1	1	174	95	1	1	A
E4_BC52_191109_LF_LIB_consensus_vsearch	2079	T	T	264	4	1.44%	2	2	93	93	0.06179972295775155	1	1	169	95	3	1	-A
E4_BC52_191109_LF_LIB_consensus_vsearch	2080	A	A	265	5	1.81%	2	2	93	93	0.030671842124359663	1	1	166	99	4	1	G
E4_BC52_191109_LF_LIB_consensus_vsearch	2081	G	G	273	3	1.08%	2	1	93	93	0.12431941923772909	1	1	171	102	3	0	T
E4_BC52_191109_LF_LIB_consensus_vsearch	2082	T	T	268	6	2.14%	2	2	93	93	0.015198883630026071	1	1	174	94	1	5	C
E4_BC52_191109_LF_LIB_consensus_vsearch	2083	A	A	270	4	1.44%	2	2	93	93	0.06181507136518779	1	1	173	97	2	2	G
E4_BC52_191109_LF_LIB_consensus_vsearch	2084	C	C	270	5	1.81%	2	2	93	93	0.030682344165700513	1	1	176	94	1	4	T
E4_BC52_191109_LF_LIB_consensus_vsearch	2085	C	Y	258	18	6.45%	2	1	93	93	2.864980679099093E-6	1	1	176	82	0	18	T
E4_BC52_191109_LF_LIB_consensus_vsearch	2086	G	G	280	1	0.35%	2	1	93	93	0.4999999999999138	1	1	176	104	1	0	-A
E4_BC52_191109_LF_LIB_consensus_vsearch	2087	A	A	275	3	1.07%	2	1	93	93	0.1243243243242452	1	1	172	103	3	0	G
E4_BC52_191109_LF_LIB_consensus_vsearch	2088	C	C	277	2	0.71%	2	1	93	93	0.24955116696580612	1	1	177	100	0	2	T
E4_BC52_191109_LF_LIB_consensus_vsearch	2089	G	G	272	2	0.72%	2	1	93	93	0.2495429616087481	1	1	172	100	2	0	+CG
E4_BC52_191109_LF_LIB_consensus_vsearch	2090	T	*/-C	221	54	19.42%	2	2	93	93	3.0919705379291776E-18	1	1	120	101	53	1	-C
E4_BC52_191109_LF_LIB_consensus_vsearch	2091	C	C	226	0	0%	2	0	93	0	1.0	1	0	124	102	0	0	
E4_BC52_191109_LF_LIB_consensus_vsearch	2092	C	*/-A	264	15	5.34%	2	1	93	93	2.5155783835883924E-5	1	1	162	102	15	0	-A
E4_BC52_191109_LF_LIB_consensus_vsearch	2093	A	A	258	2	0.75%	2	1	93	93	0.24951830443137643	1	1	159	99	0	2	G
E4_BC52_191109_LF_LIB_consensus_vsearch	2094	G	*/-A	261	12	4.3%	2	2	93	93	2.1577907883231425E-4	1	1	161	100	11	1	-A
E4_BC52_191109_LF_LIB_consensus_vsearch	2095	A	A	262	1	0.38%	2	1	93	93	0.5000000000003686	1	1	162	100	1	0	C
E4_BC52_191109_LF_LIB_consensus_vsearch	2096	A	A	269	3	1.08%	2	2	93	93	0.12430939226523824	1	1	172	97	2	1	G
E4_BC52_191109_LF_LIB_consensus_vsearch	2097	G	G	276	1	0.36%	2	1	93	93	0.5000000000003686	1	1	176	100	0	1	+C
E4_BC52_191109_LF_LIB_consensus_vsearch	2098	G	G	281	0	0%	2	0	93	0	1.0	1	0	178	103	0	0	
E4_BC52_191109_LF_LIB_consensus_vsearch	2099	A	A	276	2	0.71%	2	1	93	93	0.24954954954932992	1	1	178	98	0	2	+T
E4_BC52_191109_LF_LIB_consensus_vsearch	2100	C	C	275	2	0.71%	2	1	93	93	0.24954792043411347	1	1	175	100	2	0	+T
E4_BC52_191109_LF_LIB_consensus_vsearch	2101	G	G	268	4	1.42%	2	1	93	93	0.061810030534865154	1	1	170	98	4	0	+C
E4_BC52_191109_LF_LIB_consensus_vsearch	2102	C	C	267	4	1.43%	2	1	93	93	0.061807482193030554	1	1	175	92	0	4	T
E4_BC52_191109_LF_LIB_consensus_vsearch	2103	G	G	270	4	1.44%	2	2	93	93	0.06181507136518779	1	1	174	96	2	2	+CG
E4_BC52_191109_LF_LIB_consensus_vsearch	2104	G	G	281	1	0.35%	2	1	93	93	0.4999999999999138	1	1	177	104	1	0	A
E4_BC52_191109_LF_LIB_consensus_vsearch	2105	A	A	280	2	0.71%	2	1	93	93	0.24955595026613578	1	1	178	102	0	2	+T
E4_BC52_191109_LF_LIB_consensus_vsearch	2106	C	C	272	6	2.13%	2	2	93	93	0.015204992260514073	1	1	172	100	2	4	-T
E4_BC52_191109_LF_LIB_consensus_vsearch	2107	T	T	268	4	1.46%	2	2	93	93	0.061810030534865154	1	1	171	97	2	2	C
E4_BC52_191109_LF_LIB_consensus_vsearch	2108	T	*/-G	246	23	8.21%	2	2	93	93	7.29620637180044E-8	1	1	164	82	6	17	-G
E4_BC52_191109_LF_LIB_consensus_vsearch	2109	G	R	240	9	3.52%	2	2	93	93	0.0018146318577743554	1	1	155	85	8	1	A
E4_BC52_191109_LF_LIB_consensus_vsearch	2110	G	R	266	7	2.51%	2	2	93	93	0.0075142347009056415	1	1	168	98	6	1	A
E4_BC52_191109_LF_LIB_consensus_vsearch	2111	T	Y	254	16	5.78%	2	2	93	93	1.2137905914044053E-5	1	1	169	85	2	14	C
E4_BC52_191109_LF_LIB_consensus_vsearch	2112	G	G	270	3	1.07%	2	1	93	93	0.12431192660547026	1	1	170	100	3	0	-A
E4_BC52_191109_LF_LIB_consensus_vsearch	2113	A	A	275	2	0.72%	2	2	93	93	0.24954792043411347	1	1	173	102	1	1	G
E4_BC52_191109_LF_LIB_consensus_vsearch	2114	C	C	272	2	0.71%	2	1	93	93	0.2495429616087481	1	1	170	102	2	0	+A
E4_BC52_191109_LF_LIB_consensus_vsearch	2115	G	R	158	111	40.07%	2	2	93	93	2.0543539621735247E-40	1	1	94	64	74	37	A
E4_BC52_191109_LF_LIB_consensus_vsearch	2116	C	*/-G	252	8	2.92%	2	1	93	93	0.003698553505001527	1	1	153	99	8	0	-G
E4_BC52_191109_LF_LIB_consensus_vsearch	2117	G	R	149	106	39.55%	2	2	93	93	1.1124331293640856E-38	1	1	85	64	70	36	A
E4_BC52_191109_LF_LIB_consensus_vsearch	2118	A	A	265	4	1.45%	2	1	93	93	0.06180232861697055	1	1	165	100	4	0	-G
E4_BC52_191109_LF_LIB_consensus_vsearch	2119	G	*/-C	251	10	3.64%	2	2	93	93	8.944678342239841E-4	1	1	153	98	8	2	-C
E4_BC52_191109_LF_LIB_consensus_vsearch	2120	C	C	257	5	1.89%	2	1	93	93	0.03065420595045833	1	1	157	100	5	0	G
E4_BC52_191109_LF_LIB_consensus_vsearch	2121	C	C	268	4	1.45%	2	2	93	93	0.061810030534865154	1	1	168	100	1	3	T
E4_BC52_191109_LF_LIB_consensus_vsearch	2122	C	C	271	5	1.79%	2	2	93	93	0.030684398956702864	1	1	171	100	3	2	T
E4_BC52_191109_LF_LIB_consensus_vsearch	2123	A	A	277	1	0.36%	2	1	93	93	0.4999999999999138	1	1	175	102	1	0	G
E4_BC52_191109_LF_LIB_consensus_vsearch	2124	A	R	272	8	2.85%	2	2	93	93	0.003713213199727839	1	1	170	102	7	1	G
E4_BC52_191109_LF_LIB_consensus_vsearch	2125	C	C	269	3	1.07%	2	1	93	93	0.12430939226523824	1	1	174	95	0	3	-G
E4_BC52_191109_LF_LIB_consensus_vsearch	2126	G	R	263	13	4.68%	2	2	93	93	1.0563672695538126E-4	1	1	165	98	12	1	A
E4_BC52_191109_LF_LIB_consensus_vsearch	2127	G	*/-C	262	8	2.85%	2	1	93	93	0.0037061514394952193	1	1	164	98	8	0	-C
E4_BC52_191109_LF_LIB_consensus_vsearch	2128	C	C	262	4	1.47%	2	1	93	93	0.06179445281046573	1	1	168	94	0	4	T
E4_BC52_191109_LF_LIB_consensus_vsearch	2129	C	C	273	3	1.07%	2	2	93	93	0.12431941923772909	1	1	174	99	1	2	-G
E4_BC52_191109_LF_LIB_consensus_vsearch	2130	G	R	243	33	11.91%	2	2	93	93	4.210385759330317E-11	1	1	144	99	32	1	A
E4_BC52_191109_LF_LIB_consensus_vsearch	2131	G	G	274	2	0.71%	2	2	93	93	0.2495462794919261	1	1	175	99	1	1	A
E4_BC52_191109_LF_LIB_consensus_vsearch	2132	T	T	271	3	1.07%	2	1	93	93	0.12431444241326345	1	1	172	99	3	0	+C
E4_BC52_191109_LF_LIB_consensus_vsearch	2133	C	*/-A	265	7	2.51%	2	2	93	93	0.00751314636487435	1	1	169	96	3	4	-A
E4_BC52_191109_LF_LIB_consensus_vsearch	2134	A	A	254	6	2.21%	2	1	93	93	0.015176029151052142	1	1	160	94	6	0	+GAA
E4_BC52_191109_LF_LIB_consensus_vsearch	2135	A	A	266	6	2.15%	2	2	93	93	0.015195762196627145	1	1	171	95	4	2	G
E4_BC52_191109_LF_LIB_consensus_vsearch	2136	G	G	273	3	1.07%	2	1	93	93	0.12431941923772909	1	1	174	99	3	0	+AAG
E4_BC52_191109_LF_LIB_consensus_vsearch	2137	C	C	271	2	0.72%	2	1	93	93	0.24954128440383208	1	1	176	95	0	2	-G
E4_BC52_191109_LF_LIB_consensus_vsearch	2138	G	*/-CG	242	30	10.87%	2	2	93	93	3.9967899524451845E-10	1	1	169	73	7	23	-CG
E4_BC52_191109_LF_LIB_consensus_vsearch	2139	C	C	236	3	1.21%	2	2	93	93	0.12421383647810401	1	1	163	73	2	1	T
E4_BC52_191109_LF_LIB_consensus_vsearch	2140	G	G	236	2	0.82%	2	1	93	93	0.2494736842105955	1	1	166	70	0	2	+CG
E4_BC52_191109_LF_LIB_consensus_vsearch	2141	T	*/-C	260	15	5.42%	2	1	93	93	2.5083258969058437E-5	1	1	175	85	0	15	-C
E4_BC52_191109_LF_LIB_consensus_vsearch	2142	C	C	256	5	1.88%	2	1	93	93	0.03065192548788321	1	1	175	81	0	5	-T
E4_BC52_191109_LF_LIB_consensus_vsearch	2143	T	T	267	5	1.81%	2	1	93	93	0.030676089228361576	1	1	169	98	5	0	+C
E4_BC52_191109_LF_LIB_consensus_vsearch	2144	C	*/-A	256	9	3.2%	2	2	93	93	0.0018228405600327687	1	1	162	94	7	2	-A
E4_BC52_191109_LF_LIB_consensus_vsearch	2145	A	A	261	3	1.12%	2	2	93	93	0.12428842504744599	1	1	168	93	1	2	G
E4_BC52_191109_LF_LIB_consensus_vsearch	2146	A	A	269	3	1.08%	2	2	93	93	0.12430939226523824	1	1	174	95	2	1	-G
E4_BC52_191109_LF_LIB_consensus_vsearch	2147	G	G	269	5	1.8%	2	1	93	93	0.030680274390748198	1	1	173	96	0	5	+C
E4_BC52_191109_LF_LIB_consensus_vsearch	2148	C	*/-T	269	8	2.85%	2	1	93	93	0.00371114755755057	1	1	176	93	0	8	-T
E4_BC52_191109_LF_LIB_consensus_vsearch	2149	T	Y	262	8	2.93%	2	2	93	93	0.0037061514394952193	1	1	175	87	1	7	C
E4_BC52_191109_LF_LIB_consensus_vsearch	2150	C	*/-A	218	41	14.59%	2	2	93	93	8.148360133895636E-14	1	1	127	91	40	1	-A
E4_BC52_191109_LF_LIB_consensus_vsearch	2151	A	A	220	4	1.74%	2	2	93	93	0.061662016439223415	1	1	130	90	3	1	C
E4_BC52_191109_LF_LIB_consensus_vsearch	2152	A	A	263	6	2.21%	2	2	93	93	0.015190993352737225	1	1	170	93	3	3	G
E4_BC52_191109_LF_LIB_consensus_vsearch	2153	A	*/-G	248	26	9.22%	2	2	93	93	7.99793261561475E-9	1	1	159	89	19	7	-G
E4_BC52_191109_LF_LIB_consensus_vsearch	2154	G	G	252	2	0.78%	2	1	93	93	0.2495069033532105	1	1	158	94	0	2	A
E4_BC52_191109_LF_LIB_consensus_vsearch	2155	G	S	268	10	3.55%	2	1	93	93	8.993681918747568E-4	1	1	178	90	0	10	C
E4_BC52_191109_LF_LIB_consensus_vsearch	2156	G	G	280	2	0.71%	2	1	93	93	0.24955595026613578	1	1	176	104	2	0	-A
E4_BC52_191109_LF_LIB_consensus_vsearch	2157	A	A	275	3	1.07%	2	1	93	93	0.1243243243242452	1	1	175	100	0	3	+C
E4_BC52_191109_LF_LIB_consensus_vsearch	2158	C	C	270	4	1.42%	2	1	93	93	0.06181507136518779	1	1	175	95	0	4	+T
E4_BC52_191109_LF_LIB_consensus_vsearch	2159	T	*/-C	257	12	4.35%	2	2	93	93	2.1537451184080097E-4	1	1	167	90	6	6	-C
E4_BC52_191109_LF_LIB_consensus_vsearch	2160	C	C	262	1	0.37%	2	1	93	93	0.5000000000003686	1	1	168	94	1	0	+A
E4_BC52_191109_LF_LIB_consensus_vsearch	2161	C	C	265	6	2.14%	2	1	93	93	0.015194184268635263	1	1	170	95	6	0	-AC
E4_BC52_191109_LF_LIB_consensus_vsearch	2162	A	A	271	1	0.36%	2	1	93	93	0.4999999999999138	1	1	170	101	0	1	+GTA
E4_BC52_191109_LF_LIB_consensus_vsearch	2163	C	C	271	2	0.73%	2	1	93	93	0.24954128440383208	1	1	169	102	2	0	-G
E4_BC52_191109_LF_LIB_consensus_vsearch	2164	G	G	276	2	0.72%	2	1	93	93	0.24954954954932992	1	1	175	101	0	2	+C
E4_BC52_191109_LF_LIB_consensus_vsearch	2165	C	C	278	2	0.71%	2	1	93	93	0.24955277280837324	1	1	175	103	2	0	A
E4_BC52_191109_LF_LIB_consensus_vsearch	2166	T	T	273	4	1.42%	2	2	93	93	0.061822496004320764	1	1	173	100	1	3	C
E4_BC52_191109_LF_LIB_consensus_vsearch	2167	C	C	280	1	0.35%	2	1	93	93	0.4999999999999138	1	1	178	102	0	1	+GT
E4_BC52_191109_LF_LIB_consensus_vsearch	2168	A	R	265	11	3.9%	2	2	93	93	4.411194026977277E-4	1	1	167	98	9	2	G
E4_BC52_191109_LF_LIB_consensus_vsearch	2169	G	G	277	1	0.36%	2	1	93	93	0.4999999999999138	1	1	175	102	1	0	+A
E4_BC52_191109_LF_LIB_consensus_vsearch	2170	G	G	275	3	1.07%	2	1	93	93	0.1243243243242452	1	1	173	102	3	0	-CAT
E4_BC52_191109_LF_LIB_consensus_vsearch	2171	C	C	273	3	1.08%	2	1	93	93	0.12431941923772909	1	1	169	104	3	0	+G
E4_BC52_191109_LF_LIB_consensus_vsearch	2172	A	*/-T	261	7	2.54%	2	2	93	93	0.007508712428886389	1	1	161	100	3	4	-T
E4_BC52_191109_LF_LIB_consensus_vsearch	2173	T	T	264	3	1.11%	2	2	93	93	0.1242964352720778	1	1	165	99	2	1	C
E4_BC52_191109_LF_LIB_consensus_vsearch	2174	T	*/+G	259	7	2.49%	2	1	93	93	0.007506445843275869	1	1	158	101	7	0	+G
E4_BC52_191109_LF_LIB_consensus_vsearch	2175	A	*/+G	252	9	3.27%	2	2	93	93	0.0018208809482378404	1	1	159	93	3	6	+G
E4_BC52_191109_LF_LIB_consensus_vsearch	2176	G	*/+A	236	16	5.88%	2	1	93	93	1.1934874983236344E-5	1	1	134	102	16	0	+A
E4_BC52_191109_LF_LIB_consensus_vsearch	2177	A	A	262	3	1.1%	2	1	93	93	0.12429111531193521	1	1	160	102	3	0	G
E4_BC52_191109_LF_LIB_consensus_vsearch	2178	G	K	260	10	3.6%	2	1	93	93	8.97137079051494E-4	1	1	160	100	10	0	T
E4_BC52_191109_LF_LIB_consensus_vsearch	2179	T	T	268	4	1.44%	2	2	93	93	0.061810030534865154	1	1	170	98	2	2	+G
E4_BC52_191109_LF_LIB_consensus_vsearch	2180	A	A	260	6	2.18%	2	2	93	93	0.01518611735985533	1	1	164	96	5	1	G
E4_BC52_191109_LF_LIB_consensus_vsearch	2181	C	C	269	3	1.09%	2	1	93	93	0.12430939226523824	1	1	173	96	3	0	G
E4_BC52_191109_LF_LIB_consensus_vsearch	2182	C	C	276	1	0.36%	2	1	93	93	0.5000000000003686	1	1	174	102	1	0	+A
E4_BC52_191109_LF_LIB_consensus_vsearch	2183	C	C	278	2	0.71%	2	2	93	93	0.24955277280837324	1	1	175	103	1	1	T
E4_BC52_191109_LF_LIB_consensus_vsearch	2184	A	A	277	2	0.71%	2	1	93	93	0.24955116696580612	1	1	175	102	0	2	-T
E4_BC52_191109_LF_LIB_consensus_vsearch	2185	T	T	271	4	1.43%	2	1	93	93	0.06181756426009212	1	1	170	101	4	0	+C
E4_BC52_191109_LF_LIB_consensus_vsearch	2186	C	C	274	3	1.08%	2	1	93	93	0.1243218806510022	1	1	174	100	0	3	-A
E4_BC52_191109_LF_LIB_consensus_vsearch	2187	A	R	258	11	3.96%	2	2	93	93	4.3993165790743476E-4	1	1	164	94	10	1	G
E4_BC52_191109_LF_LIB_consensus_vsearch	2188	G	G	267	3	1.09%	2	1	93	93	0.12430426716151294	1	1	174	93	0	3	+TA
E4_BC52_191109_LF_LIB_consensus_vsearch	2189	G	G	272	3	1.07%	2	2	93	93	0.12431693989066941	1	1	175	97	1	2	+A
E4_BC52_191109_LF_LIB_consensus_vsearch	2190	C	Y	270	7	2.51%	2	1	93	93	0.007518510051769894	1	1	177	93	0	7	T
E4_BC52_191109_LF_LIB_consensus_vsearch	2191	G	G	276	2	0.72%	2	1	93	93	0.24954954954932992	1	1	175	101	2	0	-A
E4_BC52_191109_LF_LIB_consensus_vsearch	2192	A	A	274	3	1.08%	2	1	93	93	0.1243218806510022	1	1	172	102	3	0	G
E4_BC52_191109_LF_LIB_consensus_vsearch	2193	T	T	273	3	1.07%	2	1	93	93	0.12431941923772909	1	1	170	103	3	0	+C
E4_BC52_191109_LF_LIB_consensus_vsearch	2194	C	C	272	2	0.72%	2	1	93	93	0.2495429616087481	1	1	172	100	0	2	+G
E4_BC52_191109_LF_LIB_consensus_vsearch	2195	G	R	272	7	2.51%	2	1	93	93	0.007520602096545131	1	1	170	102	7	0	A
E4_BC52_191109_LF_LIB_consensus_vsearch	2196	G	G	276	5	1.78%	2	2	93	93	0.030694453745074273	1	1	174	102	3	2	A
E4_BC52_191109_LF_LIB_consensus_vsearch	2197	C	C	273	4	1.42%	2	1	93	93	0.061822496004320764	1	1	174	99	0	4	T
E4_BC52_191109_LF_LIB_consensus_vsearch	2198	G	*/-CG	266	8	2.84%	2	2	93	93	0.0037090372381044278	1	1	169	97	3	5	-CG
E4_BC52_191109_LF_LIB_consensus_vsearch	2199	C	C	261	4	1.47%	2	1	93	93	0.06179178787806501	1	1	167	94	4	0	T
E4_BC52_191109_LF_LIB_consensus_vsearch	2200	G	G	266	2	0.73%	2	1	93	93	0.24953271028049737	1	1	171	95	0	2	+CG
E4_BC52_191109_LF_LIB_consensus_vsearch	2201	A	A	276	2	0.71%	2	2	93	93	0.24954954954932992	1	1	174	102	1	1	G
E4_BC52_191109_LF_LIB_consensus_vsearch	2202	C	C	271	6	2.14%	2	1	93	93	0.015203481580703948	1	1	171	100	6	0	-GC
E4_BC52_191109_LF_LIB_consensus_vsearch	2203	G	G	269	2	0.72%	2	1	93	93	0.24953789279111838	1	1	169	100	0	2	+TG
E4_BC52_191109_LF_LIB_consensus_vsearch	2204	C	Y	264	7	2.54%	2	1	93	93	0.007512050058182546	1	1	170	94	0	7	T
E4_BC52_191109_LF_LIB_consensus_vsearch	2205	A	*/+T	263	7	2.52%	2	1	93	93	0.007510945692957774	1	1	172	91	0	7	+T
E4_BC52_191109_LF_LIB_consensus_vsearch	2206	T	T	272	2	0.72%	2	1	93	93	0.2495429616087481	1	1	173	99	2	0	+G
E4_BC52_191109_LF_LIB_consensus_vsearch	2207	C	*/-T	264	9	3.2%	2	2	93	93	0.001826590629994852	1	1	170	94	1	8	-T
E4_BC52_191109_LF_LIB_consensus_vsearch	2208	T	*/+G	248	8	2.95%	2	2	93	93	0.0036953503162476236	1	1	161	87	1	7	+G
E4_BC52_191109_LF_LIB_consensus_vsearch	2209	G	G	264	5	1.79%	2	1	93	93	0.030669694912897477	1	1	161	103	5	0	+A
E4_BC52_191109_LF_LIB_consensus_vsearch	2210	A	*/-G	234	32	11.51%	2	1	93	93	8.63706763176934E-11	1	1	130	104	32	0	-G
E4_BC52_191109_LF_LIB_consensus_vsearch	2211	G	G	236	6	2.43%	2	1	93	93	0.015142775944258497	1	1	133	103	6	0	+A
E4_BC52_191109_LF_LIB_consensus_vsearch	2212	A	*/-GA	258	7	2.54%	2	2	93	93	0.007505299821009934	1	1	157	101	5	2	-GA
E4_BC52_191109_LF_LIB_consensus_vsearch	2213	G	G	257	6	2.24%	2	1	93	93	0.015181130565948187	1	1	159	98	6	0	-A
E4_BC52_191109_LF_LIB_consensus_vsearch	2214	A	A	258	3	1.13%	2	2	93	93	0.12428023032618613	1	1	157	101	2	1	+GA
E4_BC52_191109_LF_LIB_consensus_vsearch	2215	A	A	275	1	0.36%	2	1	93	93	0.5000000000003686	1	1	171	104	1	0	+C
E4_BC52_191109_LF_LIB_consensus_vsearch	2216	C	C	271	3	1.08%	2	1	93	93	0.12431444241326345	1	1	169	102	3	0	-AC
E4_BC52_191109_LF_LIB_consensus_vsearch	2217	A	A	271	3	1.08%	2	1	93	93	0.12431444241326345	1	1	168	103	3	0	G
E4_BC52_191109_LF_LIB_consensus_vsearch	2218	C	C	268	5	1.81%	2	2	93	93	0.030678189467263802	1	1	168	100	2	3	T
E4_BC52_191109_LF_LIB_consensus_vsearch	2219	G	G	273	5	1.79%	2	1	93	93	0.03068846423273724	1	1	169	104	5	0	-A
E4_BC52_191109_LF_LIB_consensus_vsearch	2220	A	A	272	1	0.36%	2	1	93	93	0.5000000000003686	1	1	169	103	0	1	+GA
E4_BC52_191109_LF_LIB_consensus_vsearch	2221	T	*/-C	214	67	23.76%	2	1	93	93	7.713324931863364E-23	1	1	110	104	67	0	-C
E4_BC52_191109_LF_LIB_consensus_vsearch	2222	C	C	213	1	0.47%	2	1	93	93	0.4999999999999138	1	1	109	104	1	0	T
E4_BC52_191109_LF_LIB_consensus_vsearch	2223	C	*/-A	230	29	10.32%	2	2	93	93	8.122976839027358E-10	1	1	142	88	28	1	-A
E4_BC52_191109_LF_LIB_consensus_vsearch	2224	A	A	233	2	0.84%	2	2	93	93	0.2494669509597199	1	1	146	87	1	1	G
E4_BC52_191109_LF_LIB_consensus_vsearch	2225	A	A	260	6	2.25%	2	2	93	93	0.01518611735985533	1	1	174	86	3	3	G
E4_BC52_191109_LF_LIB_consensus_vsearch	2226	A	A	266	6	2.13%	2	2	93	93	0.015195762196627145	1	1	172	94	3	3	G
E4_BC52_191109_LF_LIB_consensus_vsearch	2227	G	*/+C	259	15	5.38%	2	1	93	93	2.50648212065113E-5	1	1	174	85	0	15	+C
E4_BC52_191109_LF_LIB_consensus_vsearch	2228	G	G	275	3	1.06%	2	1	93	93	0.1243243243242452	1	1	173	102	3	0	-A
E4_BC52_191109_LF_LIB_consensus_vsearch	2229	A	A	266	5	1.79%	2	1	93	93	0.030673973504714284	1	1	164	102	5	0	-C
E4_BC52_191109_LF_LIB_consensus_vsearch	2230	C	C	269	2	0.73%	2	2	93	93	0.24953789279111838	1	1	170	99	1	1	T
E4_BC52_191109_LF_LIB_consensus_vsearch	2231	C	Y	258	10	3.57%	2	1	93	93	8.96559014408215E-4	1	1	167	91	0	10	T
E4_BC52_191109_LF_LIB_consensus_vsearch	2232	G	G	267	5	1.78%	2	1	93	93	0.030676089228361576	1	1	165	102	5	0	-A
E4_BC52_191109_LF_LIB_consensus_vsearch	2233	A	*/+G	255	8	2.91%	2	2	93	93	0.003700892775288906	1	1	163	92	2	6	+G
E4_BC52_191109_LF_LIB_consensus_vsearch	2234	G	G	276	2	0.72%	2	2	93	93	0.24954954954932992	1	1	176	100	1	1	+AG
E4_BC52_191109_LF_LIB_consensus_vsearch	2235	G	G	278	1	0.36%	2	1	93	93	0.4999999999999138	1	1	178	100	0	1	+TG
E4_BC52_191109_LF_LIB_consensus_vsearch	2236	A	*/-C	268	7	2.5%	2	1	93	93	0.007516387806114139	1	1	176	92	0	7	-C
E4_BC52_191109_LF_LIB_consensus_vsearch	2237	C	Y	229	27	9.89%	2	1	93	93	3.6145502236965335E-9	1	1	174	55	0	27	T
E4_BC52_191109_LF_LIB_consensus_vsearch	2238	T	*/-C	221	44	16.06%	2	2	93	93	8.11084446896231E-15	1	1	144	77	27	17	-C
E4_BC52_191109_LF_LIB_consensus_vsearch	2239	C	Y	217	7	3.1%	2	2	93	93	0.007449584424390529	1	1	145	72	1	6	T
E4_BC52_191109_LF_LIB_consensus_vsearch	2240	C	*/+G	232	11	3.99%	2	2	93	93	4.349428315974289E-4	1	1	162	70	1	10	+G
E4_BC52_191109_LF_LIB_consensus_vsearch	2241	G	*/-A	267	7	2.53%	2	2	93	93	0.007515315152860378	1	1	166	101	6	1	-A
E4_BC52_191109_LF_LIB_consensus_vsearch	2242	A	A	263	6	2.21%	2	2	93	93	0.015190993352737225	1	1	164	99	2	4	+G
E4_BC52_191109_LF_LIB_consensus_vsearch	2243	A	R	161	107	38.21%	2	2	93	93	9.890941507491771E-39	1	1	101	60	71	36	G
E4_BC52_191109_LF_LIB_consensus_vsearch	2244	C	*/-T	257	18	6.47%	2	2	93	93	2.8619005093035246E-6	1	1	173	84	2	16	-T
E4_BC52_191109_LF_LIB_consensus_vsearch	2245	T	*/+C	239	12	4.55%	2	1	93	93	2.1340156008037268E-4	1	1	160	79	12	0	+C
E4_BC52_191109_LF_LIB_consensus_vsearch	2246	C	*/-G	263	7	2.55%	2	2	93	93	0.007510945692957774	1	1	172	91	4	3	-G
E4_BC52_191109_LF_LIB_consensus_vsearch	2247	G	R	206	56	20.36%	2	2	93	93	5.145182939071567E-19	1	1	115	91	55	1	A
E4_BC52_191109_LF_LIB_consensus_vsearch	2248	G	*/+A	264	14	4.96%	2	1	93	93	5.1608735162326466E-5	1	1	162	102	14	0	+A
E4_BC52_191109_LF_LIB_consensus_vsearch	2249	G	*/-T	267	10	3.55%	2	1	93	93	8.990961781053044E-4	1	1	174	93	0	10	-T
E4_BC52_191109_LF_LIB_consensus_vsearch	2250	T	T	263	6	2.21%	2	2	93	93	0.015190993352737225	1	1	174	89	1	5	C
E4_BC52_191109_LF_LIB_consensus_vsearch	2251	C	*/-TT	259	10	3.56%	2	2	93	93	8.968490941134896E-4	1	1	169	90	2	8	-TT
E4_BC52_191109_LF_LIB_consensus_vsearch	2252	T	T	261	2	0.76%	2	1	93	93	0.24952380952412506	1	1	172	89	0	2	C
E4_BC52_191109_LF_LIB_consensus_vsearch	2253	T	T	267	2	0.74%	2	1	93	93	0.24953445065180796	1	1	174	93	0	2	C
E4_BC52_191109_LF_LIB_consensus_vsearch	2254	T	Y	266	10	3.57%	2	2	93	93	8.988222415871298E-4	1	1	172	94	1	9	C
E4_BC52_191109_LF_LIB_consensus_vsearch	2255	C	C	273	3	1.07%	2	1	93	93	0.12431941923772909	1	1	173	100	0	3	+T
E4_BC52_191109_LF_LIB_consensus_vsearch	2256	A	A	275	3	1.06%	2	1	93	93	0.1243243243242452	1	1	173	102	3	0	G
E4_BC52_191109_LF_LIB_consensus_vsearch	2257	G	R	264	14	5%	2	1	93	93	5.1608735162326466E-5	1	1	162	102	14	0	A
E4_BC52_191109_LF_LIB_consensus_vsearch	2258	C	*/-A	211	44	15.77%	2	2	93	93	7.459490200055497E-15	1	1	112	99	43	1	-A
E4_BC52_191109_LF_LIB_consensus_vsearch	2259	A	R	197	13	5.96%	2	2	93	93	1.0080182645455998E-4	1	1	98	99	11	2	G
E4_BC52_191109_LF_LIB_consensus_vsearch	2260	A	*/-G	213	35	13.31%	2	2	93	93	8.00762268772581E-12	1	1	114	99	34	1	-G
E4_BC52_191109_LF_LIB_consensus_vsearch	2261	G	G	226	4	1.7%	2	2	93	93	0.06168390040189444	1	1	126	100	3	1	+A
E4_BC52_191109_LF_LIB_consensus_vsearch	2262	G	*/+A	223	33	11.91%	2	1	93	93	3.867424487417329E-11	1	1	124	99	33	0	+A
E4_BC52_191109_LF_LIB_consensus_vsearch	2263	A	A	261	1	0.38%	2	1	93	93	0.5000000000003686	1	1	162	99	1	0	+G
E4_BC52_191109_LF_LIB_consensus_vsearch	2264	A	A	273	1	0.36%	2	1	93	93	0.4999999999999138	1	1	172	101	1	0	+G
E4_BC52_191109_LF_LIB_consensus_vsearch	2265	A	A	269	4	1.43%	2	1	93	93	0.06181256019060895	1	1	168	101	4	0	-G
E4_BC52_191109_LF_LIB_consensus_vsearch	2266	G	G	269	3	1.09%	2	1	93	93	0.12430939226523824	1	1	168	101	3	0	-A
E4_BC52_191109_LF_LIB_consensus_vsearch	2267	A	A	267	2	0.72%	2	1	93	93	0.24953445065180796	1	1	167	100	0	2	+C
E4_BC52_191109_LF_LIB_consensus_vsearch	2268	C	C	266	5	1.8%	2	2	93	93	0.030673973504714284	1	1	170	96	1	4	-T
E4_BC52_191109_LF_LIB_consensus_vsearch	2269	T	*/-C	219	25	9.23%	2	2	93	93	1.5596339968313244E-8	1	1	143	76	9	16	-C
E4_BC52_191109_LF_LIB_consensus_vsearch	2270	C	C	224	2	0.87%	2	1	93	93	0.24944567627499675	1	1	142	82	2	0	+G
E4_BC52_191109_LF_LIB_consensus_vsearch	2271	C	Y	244	7	2.71%	2	2	93	93	0.00748830460110489	1	1	151	93	1	6	T
E4_BC52_191109_LF_LIB_consensus_vsearch	2272	C	Y	238	23	8.21%	2	2	93	93	7.182289832942073E-8	1	1	165	73	1	22	T
E4_BC52_191109_LF_LIB_consensus_vsearch	2273	G	G	275	3	1.07%	2	1	93	93	0.1243243243242452	1	1	172	103	3	0	-A
E4_BC52_191109_LF_LIB_consensus_vsearch	2274	A	A	275	2	0.72%	2	1	93	93	0.24954792043411347	1	1	171	104	2	0	G
E4_BC52_191109_LF_LIB_consensus_vsearch	2275	A	*/-G	264	8	2.85%	2	2	93	93	0.0037076048169334716	1	1	163	101	7	1	-G
E4_BC52_191109_LF_LIB_consensus_vsearch	2276	G	*/+A	257	7	2.59%	2	1	93	93	0.007504145184876668	1	1	158	99	7	0	+A
E4_BC52_191109_LF_LIB_consensus_vsearch	2277	G	G	270	5	1.8%	2	1	93	93	0.030682344165700513	1	1	168	102	5	0	-A
E4_BC52_191109_LF_LIB_consensus_vsearch	2278	A	A	267	3	1.11%	2	1	93	93	0.12430426716151294	1	1	165	102	3	0	+G
E4_BC52_191109_LF_LIB_consensus_vsearch	2279	A	A	267	3	1.08%	2	1	93	93	0.12430426716151294	1	1	164	103	3	0	-TA
E4_BC52_191109_LF_LIB_consensus_vsearch	2280	T	T	269	4	1.45%	2	2	93	93	0.06181256019060895	1	1	168	101	2	2	C
E4_BC52_191109_LF_LIB_consensus_vsearch	2281	A	A	271	5	1.79%	2	2	93	93	0.030684398956702864	1	1	169	102	4	1	G
E4_BC52_191109_LF_LIB_consensus_vsearch	2282	C	C	273	3	1.07%	2	2	93	93	0.12431941923772909	1	1	173	100	1	2	-A
E4_BC52_191109_LF_LIB_consensus_vsearch	2283	A	A	273	2	0.72%	2	2	93	93	0.2495446265938613	1	1	174	99	1	1	G
E4_BC52_191109_LF_LIB_consensus_vsearch	2284	A	A	280	1	0.35%	2	1	93	93	0.4999999999999138	1	1	176	104	1	0	-T
E4_BC52_191109_LF_LIB_consensus_vsearch	2285	T	T	273	3	1.07%	2	1	93	93	0.12431941923772909	1	1	175	98	0	3	C
E4_BC52_191109_LF_LIB_consensus_vsearch	2286	G	G	274	3	1.07%	2	2	93	93	0.1243218806510022	1	1	175	99	1	2	-ACG
E4_BC52_191109_LF_LIB_consensus_vsearch	2287	A	A	271	2	0.72%	2	1	93	93	0.24954128440383208	1	1	171	100	2	0	+G
E4_BC52_191109_LF_LIB_consensus_vsearch	2288	C	C	263	6	2.15%	2	2	93	93	0.015190993352737225	1	1	168	95	4	2	-G
E4_BC52_191109_LF_LIB_consensus_vsearch	2289	G	G	263	4	1.47%	2	1	93	93	0.06179709776251344	1	1	166	97	4	0	A
E4_BC52_191109_LF_LIB_consensus_vsearch	2290	C	C	271	4	1.43%	2	2	93	93	0.06181756426009212	1	1	173	98	1	3	-T
E4_BC52_191109_LF_LIB_consensus_vsearch	2291	T	T	270	5	1.81%	2	2	93	93	0.030682344165700513	1	1	174	96	2	3	C
E4_BC52_191109_LF_LIB_consensus_vsearch	2292	C	*/+A	118	131	46.62%	2	2	93	93	1.9034219085913097E-50	1	1	94	24	77	54	+A
E4_BC52_191109_LF_LIB_consensus_vsearch	2293	A	A	254	2	0.77%	2	2	93	93	0.2495107632092758	1	1	173	81	1	1	+G
E4_BC52_191109_LF_LIB_consensus_vsearch	2294	A	*/-G	217	36	12.81%	2	2	93	93	3.809317153785131E-12	1	1	139	78	19	17	-G
E4_BC52_191109_LF_LIB_consensus_vsearch	2295	G	R	193	31	13.19%	2	2	93	93	1.527335867261619E-10	1	1	128	65	25	6	A
E4_BC52_191109_LF_LIB_consensus_vsearch	2296	G	R	252	15	5.54%	2	2	93	93	2.4932181436345333E-5	1	1	169	83	3	12	A
E4_BC52_191109_LF_LIB_consensus_vsearch	2297	G	S	256	8	2.86%	2	1	93	93	0.003701660868547635	1	1	167	89	0	8	C
E4_BC52_191109_LF_LIB_consensus_vsearch	2298	G	G	275	3	1.06%	2	2	93	93	0.1243243243242452	1	1	173	102	2	1	A
E4_BC52_191109_LF_LIB_consensus_vsearch	2299	C	C	267	5	1.79%	2	1	93	93	0.030676089228361576	1	1	171	96	0	5	T
E4_BC52_191109_LF_LIB_consensus_vsearch	2300	A	A	270	2	0.72%	2	1	93	93	0.2495395948434138	1	1	171	99	0	2	+GC
E4_BC52_191109_LF_LIB_consensus_vsearch	2301	T	T	273	2	0.71%	2	1	93	93	0.2495446265938613	1	1	171	102	2	0	+GCC
E4_BC52_191109_LF_LIB_consensus_vsearch	2302	A	A	273	3	1.07%	2	1	93	93	0.12431941923772909	1	1	172	101	3	0	G
E4_BC52_191109_LF_LIB_consensus_vsearch	2303	C	C	271	4	1.43%	2	1	93	93	0.06181756426009212	1	1	174	97	0	4	+T
E4_BC52_191109_LF_LIB_consensus_vsearch	2304	C	Y	253	13	4.63%	2	2	93	93	1.0505021901642927E-4	1	1	162	91	2	11	T
E4_BC52_191109_LF_LIB_consensus_vsearch	2305	G	S	263	7	2.53%	2	1	93	93	0.007510945692957774	1	1	160	103	7	0	C
E4_BC52_191109_LF_LIB_consensus_vsearch	2306	C	C	277	1	0.36%	2	1	93	93	0.4999999999999138	1	1	173	104	1	0	+T
E4_BC52_191109_LF_LIB_consensus_vsearch	2307	A	A	274	2	0.72%	2	1	93	93	0.2495462794919261	1	1	170	104	2	0	G
E4_BC52_191109_LF_LIB_consensus_vsearch	2308	G	*/-C	270	7	2.49%	2	2	93	93	0.007518510051769894	1	1	167	103	6	1	-C
E4_BC52_191109_LF_LIB_consensus_vsearch	2309	C	C	271	2	0.73%	2	1	93	93	0.24954128440383208	1	1	169	102	2	0	G
E4_BC52_191109_LF_LIB_consensus_vsearch	2310	C	C	276	2	0.71%	2	1	93	93	0.24954954954932992	1	1	176	100	0	2	-G
E4_BC52_191109_LF_LIB_consensus_vsearch	2311	G	G	277	2	0.72%	2	2	93	93	0.24955116696580612	1	1	176	101	1	1	A
E4_BC52_191109_LF_LIB_consensus_vsearch	2312	G	G	279	2	0.71%	2	1	93	93	0.24955436720141339	1	1	175	104	2	0	-A
E4_BC52_191109_LF_LIB_consensus_vsearch	2313	A	*/-T	266	10	3.57%	2	2	93	93	8.988222415871298E-4	1	1	166	100	8	2	-T
E4_BC52_191109_LF_LIB_consensus_vsearch	2314	T	T	268	1	0.37%	2	1	93	93	0.5000000000003686	1	1	168	100	0	1	+AT
E4_BC52_191109_LF_LIB_consensus_vsearch	2315	T	T	271	5	1.78%	2	1	93	93	0.030684398956702864	1	1	170	101	5	0	-A
E4_BC52_191109_LF_LIB_consensus_vsearch	2316	A	*/-G	228	33	11.96%	2	2	93	93	3.955609951509065E-11	1	1	165	63	1	32	-G
E4_BC52_191109_LF_LIB_consensus_vsearch	2317	G	G	244	1	0.4%	2	1	93	93	0.4999999999999138	1	1	175	69	1	0	+A
E4_BC52_191109_LF_LIB_consensus_vsearch	2318	G	G	272	5	1.79%	2	1	93	93	0.03068643892575303	1	1	171	101	5	0	+A
E4_BC52_191109_LF_LIB_consensus_vsearch	2319	G	G	279	1	0.36%	2	1	93	93	0.5000000000003686	1	1	177	102	0	1	-C
E4_BC52_191109_LF_LIB_consensus_vsearch	2320	C	C	278	1	0.36%	2	1	93	93	0.4999999999999138	1	1	176	102	1	0	+T
E4_BC52_191109_LF_LIB_consensus_vsearch	2321	G	G	275	4	1.42%	2	2	93	93	0.06182735698001327	1	1	174	101	1	3	-CG
E4_BC52_191109_LF_LIB_consensus_vsearch	2322	C	C	272	1	0.36%	2	1	93	93	0.5000000000003686	1	1	173	99	0	1	+A
E4_BC52_191109_LF_LIB_consensus_vsearch	2323	G	G	266	4	1.45%	2	1	93	93	0.06180491495741971	1	1	169	97	4	0	+A
E4_BC52_191109_LF_LIB_consensus_vsearch	2324	G	G	275	3	1.07%	2	1	93	93	0.1243243243242452	1	1	172	103	3	0	T
E4_BC52_191109_LF_LIB_consensus_vsearch	2325	T	T	276	2	0.71%	2	1	93	93	0.24954954954932992	1	1	176	100	0	2	C
E4_BC52_191109_LF_LIB_consensus_vsearch	2326	G	G	272	3	1.07%	2	2	93	93	0.12431693989066941	1	1	172	100	1	2	A
E4_BC52_191109_LF_LIB_consensus_vsearch	2327	C	C	272	3	1.07%	2	2	93	93	0.12431693989066941	1	1	175	97	1	2	-A
E4_BC52_191109_LF_LIB_consensus_vsearch	2328	A	A	273	2	0.72%	2	2	93	93	0.2495446265938613	1	1	174	99	1	1	G
E4_BC52_191109_LF_LIB_consensus_vsearch	2329	A	A	273	4	1.43%	2	1	93	93	0.061822496004320764	1	1	171	102	4	0	G
E4_BC52_191109_LF_LIB_consensus_vsearch	2330	T	T	275	2	0.71%	2	1	93	93	0.24954792043411347	1	1	175	100	2	0	+AC
E4_BC52_191109_LF_LIB_consensus_vsearch	2331	G	G	267	6	2.13%	2	2	93	93	0.015197328608558202	1	1	171	96	1	5	-CG
E4_BC52_191109_LF_LIB_consensus_vsearch	2332	C	C	267	3	1.1%	2	1	93	93	0.12430426716151294	1	1	174	93	0	3	T
E4_BC52_191109_LF_LIB_consensus_vsearch	2333	G	R	256	8	2.93%	2	2	93	93	0.003701660868547635	1	1	164	92	7	1	A
E4_BC52_191109_LF_LIB_consensus_vsearch	2334	T	T	272	2	0.72%	2	1	93	93	0.2495429616087481	1	1	173	99	2	0	C
E4_BC52_191109_LF_LIB_consensus_vsearch	2335	T	T	272	5	1.78%	2	1	93	93	0.03068643892575303	1	1	168	104	5	0	-C
E4_BC52_191109_LF_LIB_consensus_vsearch	2336	C	C	271	3	1.09%	2	1	93	93	0.12431444241326345	1	1	170	101	0	3	+T
E4_BC52_191109_LF_LIB_consensus_vsearch	2337	A	A	277	3	1.06%	2	2	93	93	0.12432915921300346	1	1	174	103	2	1	G
E4_BC52_191109_LF_LIB_consensus_vsearch	2338	A	R	265	16	5.67%	2	2	93	93	1.2250261640620327E-5	1	1	162	103	15	1	G
E4_BC52_191109_LF_LIB_consensus_vsearch	2339	C	C	275	2	0.71%	2	1	93	93	0.24954792043411347	1	1	173	102	0	2	+A
E4_BC52_191109_LF_LIB_consensus_vsearch	2340	A	A	276	1	0.36%	2	1	93	93	0.5000000000003686	1	1	172	104	1	0	C
E4_BC52_191109_LF_LIB_consensus_vsearch	2341	A	R	261	11	3.91%	2	2	93	93	4.404479324483225E-4	1	1	164	97	10	1	G
E4_BC52_191109_LF_LIB_consensus_vsearch	2342	C	C	267	3	1.08%	2	1	93	93	0.12430426716151294	1	1	171	96	0	3	+T
E4_BC52_191109_LF_LIB_consensus_vsearch	2343	T	T	273	5	1.79%	2	2	93	93	0.03068846423273724	1	1	175	98	1	4	-C
E4_BC52_191109_LF_LIB_consensus_vsearch	2344	C	C	264	3	1.09%	2	1	93	93	0.1242964352720778	1	1	173	91	0	3	+G
E4_BC52_191109_LF_LIB_consensus_vsearch	2345	G	G	279	2	0.71%	2	1	93	93	0.24955436720141339	1	1	175	104	2	0	-A
E4_BC52_191109_LF_LIB_consensus_vsearch	2346	A	A	279	1	0.36%	2	1	93	93	0.5000000000003686	1	1	175	104	1	0	+T
E4_BC52_191109_LF_LIB_consensus_vsearch	2347	T	T	279	2	0.71%	2	1	93	93	0.24955436720141339	1	1	176	103	2	0	-GAT
E4_BC52_191109_LF_LIB_consensus_vsearch	2348	G	G	280	0	0%	2	0	93	0	1.0	1	0	176	104	0	0	
E4_BC52_191109_LF_LIB_consensus_vsearch	2349	A	A	280	0	0%	2	0	93	0	1.0	1	0	176	104	0	0	
E4_BC52_191109_LF_LIB_consensus_vsearch	2350	T	T	279	1	0.36%	2	1	93	93	0.5000000000003686	1	1	176	103	0	1	C
E4_BC52_191109_LF_LIB_consensus_vsearch	2351	T	T	278	2	0.71%	2	1	93	93	0.24955277280837324	1	1	174	104	2	0	C
E4_BC52_191109_LF_LIB_consensus_vsearch	2352	C	C	274	5	1.79%	2	1	93	93	0.030690475035149573	1	1	171	103	5	0	-AC
E4_BC52_191109_LF_LIB_consensus_vsearch	2353	A	A	270	4	1.45%	2	2	93	93	0.06181507136518779	1	1	169	101	3	1	G
E4_BC52_191109_LF_LIB_consensus_vsearch	2354	C	C	269	2	0.72%	2	2	93	93	0.24953789279111838	1	1	168	101	1	1	-GT
E4_BC52_191109_LF_LIB_consensus_vsearch	2355	G	G	274	3	1.07%	2	1	93	93	0.1243218806510022	1	1	174	100	0	3	-TAT
E4_BC52_191109_LF_LIB_consensus_vsearch	2356	T	T	268	4	1.45%	2	1	93	93	0.061810030534865154	1	1	175	93	0	4	C
E4_BC52_191109_LF_LIB_consensus_vsearch	2357	A	A	271	4	1.44%	2	2	93	93	0.06181756426009212	1	1	175	96	1	3	G
E4_BC52_191109_LF_LIB_consensus_vsearch	2358	T	*/-A	259	9	3.25%	2	2	93	93	0.0018242725891630934	1	1	169	90	3	6	-A
E4_BC52_191109_LF_LIB_consensus_vsearch	2359	A	A	254	5	1.85%	2	1	93	93	0.030647311787538743	1	1	162	92	0	5	G
E4_BC52_191109_LF_LIB_consensus_vsearch	2360	A	A	270	5	1.77%	2	1	93	93	0.030682344165700513	1	1	176	94	0	5	-G
E4_BC52_191109_LF_LIB_consensus_vsearch	2361	G	G	268	3	1.08%	2	2	93	93	0.12430683918669663	1	1	171	97	1	2	-T
E4_BC52_191109_LF_LIB_consensus_vsearch	2362	T	Y	267	11	3.94%	2	2	93	93	4.4144812348402026E-4	1	1	176	91	1	10	C
E4_BC52_191109_LF_LIB_consensus_vsearch	2363	G	G	275	3	1.06%	2	1	93	93	0.1243243243242452	1	1	173	102	3	0	A
E4_BC52_191109_LF_LIB_consensus_vsearch	2364	G	G	280	1	0.35%	2	1	93	93	0.4999999999999138	1	1	176	104	1	0	+C
E4_BC52_191109_LF_LIB_consensus_vsearch	2365	T	T	271	4	1.42%	2	1	93	93	0.06181756426009212	1	1	175	96	0	4	-G
E4_BC52_191109_LF_LIB_consensus_vsearch	2366	G	G	277	0	0%	2	0	93	0	1.0	1	0	178	99	0	0	
E4_BC52_191109_LF_LIB_consensus_vsearch	2367	G	G	280	1	0.36%	2	1	93	93	0.4999999999999138	1	1	177	103	1	0	-AC
E4_BC52_191109_LF_LIB_consensus_vsearch	2368	A	A	277	2	0.71%	2	1	93	93	0.24955116696580612	1	1	176	101	0	2	+T
E4_BC52_191109_LF_LIB_consensus_vsearch	2369	C	*/-T	268	7	2.51%	2	2	93	93	0.007516387806114139	1	1	171	97	3	4	-T
E4_BC52_191109_LF_LIB_consensus_vsearch	2370	T	T	274	1	0.36%	2	1	93	93	0.4999999999999138	1	1	175	99	0	1	A
E4_BC52_191109_LF_LIB_consensus_vsearch	2371	T	*/+G	268	7	2.48%	2	1	93	93	0.007516387806114139	1	1	176	92	0	7	+G
E4_BC52_191109_LF_LIB_consensus_vsearch	2372	G	G	269	4	1.44%	2	1	93	93	0.06181256019060895	1	1	174	95	0	4	-C
E4_BC52_191109_LF_LIB_consensus_vsearch	2373	C	*/-GC	249	15	5.4%	2	2	93	93	2.487334698777583E-5	1	1	168	81	9	6	-GC
E4_BC52_191109_LF_LIB_consensus_vsearch	2374	G	G	262	2	0.75%	2	1	93	93	0.24952561669824413	1	1	165	97	2	0	A
E4_BC52_191109_LF_LIB_consensus_vsearch	2375	C	C	267	0	0%	2	0	93	0	1.0	1	0	169	98	0	0	
E4_BC52_191109_LF_LIB_consensus_vsearch	2376	A	A	277	2	0.71%	2	2	93	93	0.24955116696580612	1	1	174	103	1	1	-T
E4_BC52_191109_LF_LIB_consensus_vsearch	2377	T	T	272	3	1.07%	2	1	93	93	0.12431693989066941	1	1	171	101	3	0	-C
E4_BC52_191109_LF_LIB_consensus_vsearch	2378	C	C	273	2	0.72%	2	2	93	93	0.2495446265938613	1	1	171	102	1	1	+G
E4_BC52_191109_LF_LIB_consensus_vsearch	2379	A	*/-CA	247	21	7.53%	2	2	93	93	3.17252050336254E-7	1	1	150	97	20	1	-CA
E4_BC52_191109_LF_LIB_consensus_vsearch	2380	C	C	257	1	0.38%	2	1	93	93	0.4999999999999138	1	1	156	101	0	1	+T
E4_BC52_191109_LF_LIB_consensus_vsearch	2381	A	A	257	2	0.77%	2	2	93	93	0.24951644100587136	1	1	156	101	1	1	G
E4_BC52_191109_LF_LIB_consensus_vsearch	2382	T	T	277	2	0.71%	2	2	93	93	0.24955116696580612	1	1	174	103	1	1	C
E4_BC52_191109_LF_LIB_consensus_vsearch	2383	C	C	275	2	0.71%	2	1	93	93	0.24954792043411347	1	1	172	103	2	0	-A
E4_BC52_191109_LF_LIB_consensus_vsearch	2384	A	A	272	5	1.8%	2	1	93	93	0.03068643892575303	1	1	169	103	5	0	G
E4_BC52_191109_LF_LIB_consensus_vsearch	2385	C	C	267	5	1.79%	2	2	93	93	0.030676089228361576	1	1	168	99	2	3	+T
E4_BC52_191109_LF_LIB_consensus_vsearch	2386	T	T	272	4	1.45%	2	2	93	93	0.06182003907461255	1	1	170	102	2	2	C
E4_BC52_191109_LF_LIB_consensus_vsearch	2387	T	T	273	2	0.72%	2	1	93	93	0.2495446265938613	1	1	171	102	2	0	C
E4_BC52_191109_LF_LIB_consensus_vsearch	2388	T	T	275	3	1.08%	2	2	93	93	0.1243243243242452	1	1	173	102	2	1	C
E4_BC52_191109_LF_LIB_consensus_vsearch	2389	A	A	278	1	0.36%	2	1	93	93	0.4999999999999138	1	1	176	102	0	1	+C
E4_BC52_191109_LF_LIB_consensus_vsearch	2390	T	T	276	2	0.71%	2	2	93	93	0.24954954954932992	1	1	173	103	1	1	-C
E4_BC52_191109_LF_LIB_consensus_vsearch	2391	C	C	270	3	1.08%	2	1	93	93	0.12431192660547026	1	1	168	102	3	0	+A
E4_BC52_191109_LF_LIB_consensus_vsearch	2392	G	G	267	4	1.44%	2	2	93	93	0.061807482193030554	1	1	165	102	3	1	A
E4_BC52_191109_LF_LIB_consensus_vsearch	2393	C	C	273	2	0.72%	2	1	93	93	0.2495446265938613	1	1	172	101	0	2	-A
E4_BC52_191109_LF_LIB_consensus_vsearch	2394	A	A	279	0	0%	2	0	93	0	1.0	1	0	177	102	0	0	
E4_BC52_191109_LF_LIB_consensus_vsearch	2395	A	*/-T	267	10	3.56%	2	2	93	93	8.990961781053044E-4	1	1	164	103	9	1	-T
E4_BC52_191109_LF_LIB_consensus_vsearch	2396	T	T	267	4	1.48%	2	2	93	93	0.061807482193030554	1	1	167	100	1	3	C
E4_BC52_191109_LF_LIB_consensus_vsearch	2397	T	T	278	1	0.36%	2	1	93	93	0.4999999999999138	1	1	176	102	1	0	+C
E4_BC52_191109_LF_LIB_consensus_vsearch	2398	T	T	270	3	1.06%	2	1	93	93	0.12431192660547026	1	1	168	102	3	0	-G
E4_BC52_191109_LF_LIB_consensus_vsearch	2399	G	R	266	10	3.61%	2	1	93	93	8.988222415871298E-4	1	1	162	104	10	0	A
E4_BC52_191109_LF_LIB_consensus_vsearch	2400	C	C	265	6	2.14%	2	1	93	93	0.015194184268635263	1	1	171	94	0	6	+A
E4_BC52_191109_LF_LIB_consensus_vsearch	2401	A	R	271	8	2.86%	2	2	93	93	0.0037125295286029917	1	1	172	99	5	3	G
E4_BC52_191109_LF_LIB_consensus_vsearch	2402	A	R	262	17	6.05%	2	1	93	93	5.934695124438223E-6	1	1	158	104	17	0	G
E4_BC52_191109_LF_LIB_consensus_vsearch	2403	C	C	268	6	2.14%	2	2	93	93	0.015198883630026071	1	1	169	99	3	3	T
E4_BC52_191109_LF_LIB_consensus_vsearch	2404	G	R	253	23	8.19%	2	1	93	93	7.391590525906872E-8	1	1	150	103	23	0	A
E4_BC52_191109_LF_LIB_consensus_vsearch	2405	G	G	280	1	0.35%	2	1	93	93	0.4999999999999138	1	1	177	103	0	1	-T
E4_BC52_191109_LF_LIB_consensus_vsearch	2406	T	T	276	3	1.07%	2	2	93	93	0.12432675044874984	1	1	177	99	1	2	C
E4_BC52_191109_LF_LIB_consensus_vsearch	2407	C	C	277	2	0.71%	2	1	93	93	0.24955116696580612	1	1	178	99	0	2	+T
E4_BC52_191109_LF_LIB_consensus_vsearch	2408	T	T	277	1	0.36%	2	1	93	93	0.4999999999999138	1	1	176	101	1	0	+GT
E4_BC52_191109_LF_LIB_consensus_vsearch	2409	T	T	279	1	0.36%	2	1	93	93	0.5000000000003686	1	1	176	103	1	0	+C
E4_BC52_191109_LF_LIB_consensus_vsearch	2410	C	C	278	1	0.35%	2	1	93	93	0.4999999999999138	1	1	176	102	1	0	+A
E4_BC52_191109_LF_LIB_consensus_vsearch	2411	A	A	275	2	0.71%	2	1	93	93	0.24954792043411347	1	1	174	101	0	2	-T
E4_BC52_191109_LF_LIB_consensus_vsearch	2412	T	T	270	3	1.08%	2	1	93	93	0.12431192660547026	1	1	170	100	3	0	+C
E4_BC52_191109_LF_LIB_consensus_vsearch	2413	C	C	273	2	0.72%	2	2	93	93	0.2495446265938613	1	1	172	101	1	1	+G
E4_BC52_191109_LF_LIB_consensus_vsearch	2414	G	G	271	3	1.07%	2	2	93	93	0.12431444241326345	1	1	170	101	1	2	+A
E4_BC52_191109_LF_LIB_consensus_vsearch	2415	A	A	276	1	0.36%	2	1	93	93	0.5000000000003686	1	1	173	103	1	0	G
E4_BC52_191109_LF_LIB_consensus_vsearch	2416	A	A	275	2	0.71%	2	1	93	93	0.24954792043411347	1	1	171	104	2	0	G
E4_BC52_191109_LF_LIB_consensus_vsearch	2417	T	T	277	2	0.71%	2	2	93	93	0.24955116696580612	1	1	174	103	1	1	C
E4_BC52_191109_LF_LIB_consensus_vsearch	2418	G	G	278	2	0.71%	2	1	93	93	0.24955277280837324	1	1	174	104	2	0	-A
E4_BC52_191109_LF_LIB_consensus_vsearch	2419	A	A	272	6	2.15%	2	2	93	93	0.015204992260514073	1	1	169	103	5	1	G
E4_BC52_191109_LF_LIB_consensus_vsearch	2420	C	C	273	3	1.07%	2	1	93	93	0.12431941923772909	1	1	172	101	0	3	T
E4_BC52_191109_LF_LIB_consensus_vsearch	2421	G	*/-TG	247	25	8.9%	2	2	93	93	1.672482844215035E-8	1	1	169	78	2	23	-TG
E4_BC52_191109_LF_LIB_consensus_vsearch	2422	T	T	249	1	0.39%	2	1	93	93	0.5000000000003686	1	1	171	78	0	1	+G
E4_BC52_191109_LF_LIB_consensus_vsearch	2423	G	G	238	6	2.38%	2	2	93	93	0.015146711995383567	1	1	160	78	5	1	A
E4_BC52_191109_LF_LIB_consensus_vsearch	2424	C	C	267	2	0.73%	2	1	93	93	0.24953445065180796	1	1	167	100	2	0	+T
E4_BC52_191109_LF_LIB_consensus_vsearch	2425	C	*/+A	230	19	6.83%	2	2	93	93	1.3350978320844665E-6	1	1	141	89	18	1	+A
E4_BC52_191109_LF_LIB_consensus_vsearch	2426	A	A	251	4	1.52%	2	1	93	93	0.06176398786346276	1	1	158	93	4	0	C
E4_BC52_191109_LF_LIB_consensus_vsearch	2427	A	*/-G	228	36	12.95%	2	2	93	93	4.044776613805596E-12	1	1	148	80	20	16	-G
E4_BC52_191109_LF_LIB_consensus_vsearch	2428	G	G	224	5	2.06%	2	1	93	93	0.03056844687042959	1	1	150	74	5	0	A
E4_BC52_191109_LF_LIB_consensus_vsearch	2429	G	R	267	7	2.51%	2	1	93	93	0.007515315152860378	1	1	168	99	7	0	A
E4_BC52_191109_LF_LIB_consensus_vsearch	2430	G	*/-A	271	7	2.49%	2	1	93	93	0.0075195598088442315	1	1	169	102	7	0	-A
E4_BC52_191109_LF_LIB_consensus_vsearch	2431	A	A	270	2	0.73%	2	1	93	93	0.2495395948434138	1	1	168	102	2	0	-T
E4_BC52_191109_LF_LIB_consensus_vsearch	2432	T	*/-C	245	32	11.51%	2	1	93	93	9.005802538444244E-11	1	1	143	102	32	0	-C
E4_BC52_191109_LF_LIB_consensus_vsearch	2433	C	C	246	2	0.81%	2	2	93	93	0.24949494949494755	1	1	144	102	1	1	T
E4_BC52_191109_LF_LIB_consensus_vsearch	2434	C	C	277	2	0.71%	2	1	93	93	0.24955116696580612	1	1	174	103	2	0	-A
E4_BC52_191109_LF_LIB_consensus_vsearch	2435	A	A	277	1	0.36%	2	1	93	93	0.4999999999999138	1	1	174	103	1	0	G
E4_BC52_191109_LF_LIB_consensus_vsearch	2436	G	R	249	30	10.68%	2	1	93	93	4.087461957181418E-10	1	1	147	102	30	0	A
E4_BC52_191109_LF_LIB_consensus_vsearch	2437	C	*/-GC	272	7	2.51%	2	2	93	93	0.007520602096545131	1	1	173	99	4	3	-GC
E4_BC52_191109_LF_LIB_consensus_vsearch	2438	G	G	268	2	0.74%	2	1	93	93	0.24953617810762627	1	1	170	98	2	0	A
E4_BC52_191109_LF_LIB_consensus_vsearch	2439	C	*/+TT	252	7	2.55%	2	1	93	93	0.007498239332403135	1	1	157	95	7	0	+TT
E4_BC52_191109_LF_LIB_consensus_vsearch	2440	T	Y	262	13	4.73%	2	2	93	93	1.0557989815422707E-4	1	1	171	91	2	11	C
E4_BC52_191109_LF_LIB_consensus_vsearch	2441	G	G	272	3	1.08%	2	1	93	93	0.12431693989066941	1	1	169	103	3	0	-C
E4_BC52_191109_LF_LIB_consensus_vsearch	2442	C	C	272	2	0.73%	2	2	93	93	0.2495429616087481	1	1	171	101	1	1	T
E4_BC52_191109_LF_LIB_consensus_vsearch	2443	C	C	271	3	1.07%	2	1	93	93	0.12431444241326345	1	1	173	98	0	3	T
E4_BC52_191109_LF_LIB_consensus_vsearch	2444	G	G	274	4	1.44%	2	2	93	93	0.061824935242698754	1	1	172	102	3	1	A
E4_BC52_191109_LF_LIB_consensus_vsearch	2445	G	G	276	1	0.36%	2	1	93	93	0.5000000000003686	1	1	173	103	1	0	+A
E4_BC52_191109_LF_LIB_consensus_vsearch	2446	T	T	277	2	0.72%	2	2	93	93	0.24955116696580612	1	1	175	102	1	1	C
E4_BC52_191109_LF_LIB_consensus_vsearch	2447	T	T	271	4	1.43%	2	1	93	93	0.06181756426009212	1	1	168	103	4	0	+G
E4_BC52_191109_LF_LIB_consensus_vsearch	2448	G	G	271	3	1.08%	2	2	93	93	0.12431444241326345	1	1	169	102	1	2	A
E4_BC52_191109_LF_LIB_consensus_vsearch	2449	T	*/-A	250	14	5.04%	2	2	93	93	5.1139601406888455E-5	1	1	151	99	12	2	-A
E4_BC52_191109_LF_LIB_consensus_vsearch	2450	A	A	259	3	1.13%	2	1	93	93	0.12428298279160237	1	1	162	97	0	3	G
E4_BC52_191109_LF_LIB_consensus_vsearch	2451	G	*/-A	256	12	4.3%	2	1	93	93	2.1527156259027708E-4	1	1	158	98	12	0	-A
E4_BC52_191109_LF_LIB_consensus_vsearch	2452	A	A	257	5	1.89%	2	1	93	93	0.03065420595045833	1	1	154	103	5	0	+G
E4_BC52_191109_LF_LIB_consensus_vsearch	2453	A	A	273	3	1.08%	2	2	93	93	0.12431941923772909	1	1	171	102	2	1	G
E4_BC52_191109_LF_LIB_consensus_vsearch	2454	A	A	277	3	1.07%	2	1	93	93	0.12432915921300346	1	1	174	103	3	0	G
E4_BC52_191109_LF_LIB_consensus_vsearch	2455	G	G	268	4	1.42%	2	1	93	93	0.061810030534865154	1	1	172	96	0	4	+C
E4_BC52_191109_LF_LIB_consensus_vsearch	2456	T	T	270	6	2.16%	2	1	93	93	0.015201959994994966	1	1	175	95	0	6	C
E4_BC52_191109_LF_LIB_consensus_vsearch	2457	T	T	274	5	1.78%	2	2	93	93	0.030690475035149573	1	1	177	97	1	4	C
E4_BC52_191109_LF_LIB_consensus_vsearch	2458	T	T	270	5	1.77%	2	1	93	93	0.030682344165700513	1	1	174	96	0	5	+G
E4_BC52_191109_LF_LIB_consensus_vsearch	2459	A	A	267	5	1.79%	2	2	93	93	0.030676089228361576	1	1	174	93	2	3	-CA
E4_BC52_191109_LF_LIB_consensus_vsearch	2460	C	C	272	3	1.08%	2	2	93	93	0.12431693989066941	1	1	174	98	1	2	-A
E4_BC52_191109_LF_LIB_consensus_vsearch	2461	A	A	272	1	0.36%	2	1	93	93	0.5000000000003686	1	1	173	99	1	0	+CA
E4_BC52_191109_LF_LIB_consensus_vsearch	2462	A	R	257	22	7.8%	2	1	93	93	1.549875019935517E-7	1	1	154	103	22	0	G
E4_BC52_191109_LF_LIB_consensus_vsearch	2463	C	C	281	0	0%	2	0	93	0	1.0	1	0	177	104	0	0	
E4_BC52_191109_LF_LIB_consensus_vsearch	2464	T	T	269	6	2.13%	2	1	93	93	0.015200427384840735	1	1	175	94	0	6	C
E4_BC52_191109_LF_LIB_consensus_vsearch	2465	G	G	274	2	0.72%	2	1	93	93	0.2495462794919261	1	1	175	99	2	0	A
E4_BC52_191109_LF_LIB_consensus_vsearch	2466	G	G	278	3	1.07%	2	1	93	93	0.12433155080212302	1	1	175	103	3	0	T
E4_BC52_191109_LF_LIB_consensus_vsearch	2467	T	T	273	6	2.14%	2	2	93	93	0.015206492151232055	1	1	175	98	2	4	C
E4_BC52_191109_LF_LIB_consensus_vsearch	2468	G	G	275	2	0.71%	2	1	93	93	0.24954792043411347	1	1	175	100	0	2	-TT
E4_BC52_191109_LF_LIB_consensus_vsearch	2469	T	T	275	1	0.36%	2	1	93	93	0.5000000000003686	1	1	175	100	1	0	C
E4_BC52_191109_LF_LIB_consensus_vsearch	2470	T	T	271	4	1.43%	2	2	93	93	0.06181756426009212	1	1	175	96	2	2	+G
E4_BC52_191109_LF_LIB_consensus_vsearch	2471	A	R	265	7	2.51%	2	2	93	93	0.00751314636487435	1	1	171	94	3	4	G
E4_BC52_191109_LF_LIB_consensus_vsearch	2472	G	G	277	2	0.71%	2	2	93	93	0.24955116696580612	1	1	174	103	1	1	+A
E4_BC52_191109_LF_LIB_consensus_vsearch	2473	A	*/+C	265	8	2.85%	2	2	93	93	0.0037083236186299423	1	1	170	95	1	7	+C
E4_BC52_191109_LF_LIB_consensus_vsearch	2474	C	C	270	4	1.43%	2	2	93	93	0.06181507136518779	1	1	173	97	1	3	-T
E4_BC52_191109_LF_LIB_consensus_vsearch	2475	T	*/-C	251	15	5.4%	2	2	93	93	2.4912706212617995E-5	1	1	167	84	5	10	-C
E4_BC52_191109_LF_LIB_consensus_vsearch	2476	C	*/-A	243	12	4.49%	2	1	93	93	2.1386299704443686E-4	1	1	154	89	12	0	-A
E4_BC52_191109_LF_LIB_consensus_vsearch	2477	A	R	255	9	3.35%	2	2	93	93	0.0018223561198992344	1	1	157	98	7	2	G
E4_BC52_191109_LF_LIB_consensus_vsearch	2478	C	Y	264	14	5%	2	2	93	93	5.1608735162326466E-5	1	1	164	100	12	2	T
E4_BC52_191109_LF_LIB_consensus_vsearch	2479	A	A	278	2	0.71%	2	1	93	93	0.24955277280837324	1	1	174	104	2	0	G
E4_BC52_191109_LF_LIB_consensus_vsearch	2480	A	A	278	2	0.71%	2	1	93	93	0.24955277280837324	1	1	174	104	2	0	G
E4_BC52_191109_LF_LIB_consensus_vsearch	2481	C	C	275	3	1.07%	2	1	93	93	0.1243243243242452	1	1	173	102	3	0	-G
E4_BC52_191109_LF_LIB_consensus_vsearch	2482	G	*/-CG	256	8	2.88%	2	2	93	93	0.003701660868547635	1	1	157	99	5	3	-CG
E4_BC52_191109_LF_LIB_consensus_vsearch	2483	C	C	256	6	2.21%	2	2	93	93	0.01517944302364848	1	1	163	93	4	2	T
E4_BC52_191109_LF_LIB_consensus_vsearch	2484	G	G	259	5	1.87%	2	2	93	93	0.030658715098946722	1	1	164	95	4	1	A
E4_BC52_191109_LF_LIB_consensus_vsearch	2485	G	G	274	4	1.42%	2	1	93	93	0.061824935242698754	1	1	173	101	4	0	-A
E4_BC52_191109_LF_LIB_consensus_vsearch	2486	A	A	276	1	0.36%	2	1	93	93	0.5000000000003686	1	1	172	104	1	0	+G
E4_BC52_191109_LF_LIB_consensus_vsearch	2487	A	A	275	5	1.77%	2	2	93	93	0.030692471488257853	1	1	176	99	2	3	G
E4_BC52_191109_LF_LIB_consensus_vsearch	2488	C	C	276	4	1.42%	2	2	93	93	0.06182976140387695	1	1	175	101	2	2	T
E4_BC52_191109_LF_LIB_consensus_vsearch	2489	G	G	279	2	0.71%	2	1	93	93	0.24955436720141339	1	1	176	103	2	0	A
E4_BC52_191109_LF_LIB_consensus_vsearch	2490	A	A	278	2	0.71%	2	1	93	93	0.24955277280837324	1	1	177	101	0	2	+T
E4_BC52_191109_LF_LIB_consensus_vsearch	2491	T	T	273	3	1.07%	2	2	93	93	0.12431941923772909	1	1	174	99	1	2	-C
E4_BC52_191109_LF_LIB_consensus_vsearch	2492	C	*/-T	257	11	3.96%	2	1	93	93	4.3975708311224564E-4	1	1	175	82	0	11	-T
E4_BC52_191109_LF_LIB_consensus_vsearch	2493	T	T	257	4	1.52%	2	2	93	93	0.061780923746039114	1	1	172	85	2	2	C
E4_BC52_191109_LF_LIB_consensus_vsearch	2494	T	T	271	3	1.09%	2	2	93	93	0.12431444241326345	1	1	174	97	1	2	C
E4_BC52_191109_LF_LIB_consensus_vsearch	2495	T	T	276	3	1.07%	2	2	93	93	0.12432675044874984	1	1	174	102	1	2	C
E4_BC52_191109_LF_LIB_consensus_vsearch	2496	A	A	277	3	1.07%	2	1	93	93	0.12432915921300346	1	1	173	104	3	0	G
E4_BC52_191109_LF_LIB_consensus_vsearch	2497	A	R	273	7	2.49%	2	1	93	93	0.007521636994309325	1	1	170	103	7	0	G
E4_BC52_191109_LF_LIB_consensus_vsearch	2498	C	C	274	5	1.78%	2	2	93	93	0.030690475035149573	1	1	172	102	4	1	+A
E4_BC52_191109_LF_LIB_consensus_vsearch	2499	G	G	271	5	1.78%	2	1	93	93	0.030684398956702864	1	1	169	102	5	0	T
E4_BC52_191109_LF_LIB_consensus_vsearch	2500	T	T	269	4	1.43%	2	1	93	93	0.06181256019060895	1	1	168	101	4	0	+A
E4_BC52_191109_LF_LIB_consensus_vsearch	2501	G	*/-TG	240	27	9.71%	2	2	93	93	3.72979208895684E-9	1	1	165	75	5	22	-TG
E4_BC52_191109_LF_LIB_consensus_vsearch	2502	T	T	241	6	2.41%	2	1	93	93	0.01515249705946412	1	1	169	72	0	6	C
E4_BC52_191109_LF_LIB_consensus_vsearch	2503	G	G	240	6	2.38%	2	1	93	93	0.01515058431619443	1	1	162	78	6	0	+TG
E4_BC52_191109_LF_LIB_consensus_vsearch	2504	C	C	273	2	0.72%	2	1	93	93	0.2495446265938613	1	1	171	102	2	0	+G
E4_BC52_191109_LF_LIB_consensus_vsearch	2505	C	C	273	6	2.14%	2	2	93	93	0.015206492151232055	1	1	175	98	2	4	-T
E4_BC52_191109_LF_LIB_consensus_vsearch	2506	T	*/+G	257	8	2.92%	2	1	93	93	0.0037024232386659835	1	1	169	88	0	8	+G
E4_BC52_191109_LF_LIB_consensus_vsearch	2507	C	*/+GA	23	134	47.69%	1	2	93	93	4.412115257048962E-65	1	1	23	0	65	69	+GA
E4_BC52_191109_LF_LIB_consensus_vsearch	2508	A	R	253	21	7.58%	2	1	93	93	3.202080458401424E-7	1	1	150	103	21	0	G
E4_BC52_191109_LF_LIB_consensus_vsearch	2509	A	A	274	4	1.43%	2	1	93	93	0.061824935242698754	1	1	171	103	4	0	+G
E4_BC52_191109_LF_LIB_consensus_vsearch	2510	A	*/-G	260	14	5.02%	2	1	93	93	5.1479286631846194E-5	1	1	159	101	14	0	-G
E4_BC52_191109_LF_LIB_consensus_vsearch	2511	G	G	254	5	1.87%	2	1	93	93	0.030647311787538743	1	1	152	102	5	0	-A
E4_BC52_191109_LF_LIB_consensus_vsearch	2512	A	*/-G	257	14	5.09%	2	2	93	93	5.137984883933094E-5	1	1	155	102	12	2	-G
E4_BC52_191109_LF_LIB_consensus_vsearch	2513	G	G	254	4	1.5%	2	1	93	93	0.06177255436325217	1	1	153	101	4	0	A
E4_BC52_191109_LF_LIB_consensus_vsearch	2514	G	G	267	5	1.77%	2	1	93	93	0.030676089228361576	1	1	165	102	5	0	T
E4_BC52_191109_LF_LIB_consensus_vsearch	2515	T	T	269	3	1.07%	2	2	93	93	0.12430939226523824	1	1	173	96	2	1	-A
E4_BC52_191109_LF_LIB_consensus_vsearch	2516	A	A	277	1	0.36%	2	1	93	93	0.4999999999999138	1	1	174	103	1	0	+GCA
E4_BC52_191109_LF_LIB_consensus_vsearch	2517	A	R	269	11	3.9%	2	1	93	93	4.417722972965338E-4	1	1	166	103	11	0	G
E4_BC52_191109_LF_LIB_consensus_vsearch	2518	C	C	269	4	1.42%	2	1	93	93	0.06181256019060895	1	1	172	97	0	4	T
E4_BC52_191109_LF_LIB_consensus_vsearch	2519	A	R	266	9	3.21%	2	1	93	93	0.0018274946683206224	1	1	166	100	9	0	G
E4_BC52_191109_LF_LIB_consensus_vsearch	2520	C	C	273	2	0.71%	2	2	93	93	0.2495446265938613	1	1	172	101	1	1	T
E4_BC52_191109_LF_LIB_consensus_vsearch	2521	A	R	264	7	2.51%	2	1	93	93	0.007512050058182546	1	1	165	99	7	0	G
E4_BC52_191109_LF_LIB_consensus_vsearch	2522	G	G	271	3	1.08%	2	1	93	93	0.12431444241326345	1	1	168	103	3	0	+A
E4_BC52_191109_LF_LIB_consensus_vsearch	2523	G	G	278	2	0.71%	2	1	93	93	0.24955277280837324	1	1	174	104	2	0	A
E4_BC52_191109_LF_LIB_consensus_vsearch	2524	C	*/+A	254	12	4.29%	2	2	93	93	2.1506344050599332E-4	1	1	161	93	8	4	+A
E4_BC52_191109_LF_LIB_consensus_vsearch	2525	A	A	269	2	0.74%	2	1	93	93	0.24953789279111838	1	1	169	100	2	0	G
E4_BC52_191109_LF_LIB_consensus_vsearch	2526	A	A	278	1	0.36%	2	1	93	93	0.4999999999999138	1	1	176	102	1	0	+G
E4_BC52_191109_LF_LIB_consensus_vsearch	2527	A	A	274	4	1.42%	2	1	93	93	0.061824935242698754	1	1	172	102	4	0	-G
E4_BC52_191109_LF_LIB_consensus_vsearch	2528	G	R	258	12	4.36%	2	1	93	93	2.1547673040377304E-4	1	1	159	99	12	0	A
E4_BC52_191109_LF_LIB_consensus_vsearch	2529	C	C	269	5	1.82%	2	1	93	93	0.030680274390748198	1	1	170	99	5	0	+A
E4_BC52_191109_LF_LIB_consensus_vsearch	2530	G	G	268	5	1.8%	2	1	93	93	0.030678189467263802	1	1	165	103	5	0	-A
E4_BC52_191109_LF_LIB_consensus_vsearch	2531	A	A	268	3	1.1%	2	1	93	93	0.12430683918669663	1	1	165	103	3	0	-C
E4_BC52_191109_LF_LIB_consensus_vsearch	2532	C	C	277	1	0.36%	2	1	93	93	0.4999999999999138	1	1	174	103	0	1	T
E4_BC52_191109_LF_LIB_consensus_vsearch	2533	C	C	272	6	2.13%	2	1	93	93	0.015204992260514073	1	1	174	98	0	6	T
E4_BC52_191109_LF_LIB_consensus_vsearch	2534	G	R	266	7	2.49%	2	2	93	93	0.0075142347009056415	1	1	164	102	6	1	A
E4_BC52_191109_LF_LIB_consensus_vsearch	2535	T	T	274	3	1.08%	2	2	93	93	0.1243218806510022	1	1	173	101	1	2	C
E4_BC52_191109_LF_LIB_consensus_vsearch	2536	T	T	279	2	0.71%	2	1	93	93	0.24955436720141339	1	1	175	104	2	0	A
E4_BC52_191109_LF_LIB_consensus_vsearch	2537	T	T	275	5	1.77%	2	1	93	93	0.030692471488257853	1	1	172	103	5	0	-A
E4_BC52_191109_LF_LIB_consensus_vsearch	2538	A	R	264	9	3.25%	2	1	93	93	0.001826590629994852	1	1	161	103	9	0	G
E4_BC52_191109_LF_LIB_consensus_vsearch	2539	G	*/-C	246	24	8.63%	2	2	93	93	3.492432734552862E-8	1	1	167	79	1	23	-C
E4_BC52_191109_LF_LIB_consensus_vsearch	2540	C	C	243	4	1.56%	2	2	93	93	0.061740125504571274	1	1	168	75	1	3	T
E4_BC52_191109_LF_LIB_consensus_vsearch	2541	C	*/-T	249	12	4.29%	2	2	93	93	2.1452978457341625E-4	1	1	168	81	3	9	-T
E4_BC52_191109_LF_LIB_consensus_vsearch	2542	T	*/-C	252	8	2.97%	2	1	93	93	0.003698553505001527	1	1	167	85	0	8	-C
E4_BC52_191109_LF_LIB_consensus_vsearch	2543	C	C	267	3	1.09%	2	2	93	93	0.12430426716151294	1	1	174	93	1	2	-G
E4_BC52_191109_LF_LIB_consensus_vsearch	2544	G	R	270	7	2.51%	2	1	93	93	0.007518510051769894	1	1	170	100	7	0	A
E4_BC52_191109_LF_LIB_consensus_vsearch	2545	G	G	272	4	1.42%	2	2	93	93	0.06182003907461255	1	1	173	99	1	3	-T
E4_BC52_191109_LF_LIB_consensus_vsearch	2546	T	*/+C	265	7	2.52%	2	1	93	93	0.00751314636487435	1	1	167	98	7	0	+C
E4_BC52_191109_LF_LIB_consensus_vsearch	2547	C	C	274	2	0.71%	2	1	93	93	0.2495462794919261	1	1	171	103	2	0	-AGAGG
E4_BC52_191109_LF_LIB_consensus_vsearch	2548	A	A	267	4	1.44%	2	2	93	93	0.061807482193030554	1	1	170	97	3	1	+G
E4_BC52_191109_LF_LIB_consensus_vsearch	2549	G	*/-AGG	258	13	4.69%	2	2	93	93	1.0534860479086726E-4	1	1	161	97	10	3	-AGG
E4_BC52_191109_LF_LIB_consensus_vsearch	2550	A	*/-G	123	121	46.18%	2	2	93	93	6.840776167902385E-46	1	1	35	88	114	7	-G
E4_BC52_191109_LF_LIB_consensus_vsearch	2551	G	G	129	3	2.22%	2	1	93	93	0.12357414448667196	1	1	41	88	3	0	+A
E4_BC52_191109_LF_LIB_consensus_vsearch	2552	G	G	257	2	0.77%	2	2	93	93	0.24951644100587136	1	1	159	98	1	1	A
E4_BC52_191109_LF_LIB_consensus_vsearch	2553	G	G	275	4	1.42%	2	1	93	93	0.06182735698001327	1	1	172	103	4	0	A
E4_BC52_191109_LF_LIB_consensus_vsearch	2554	G	G	276	2	0.71%	2	2	93	93	0.24954954954932992	1	1	174	102	1	1	-T
E4_BC52_191109_LF_LIB_consensus_vsearch	2555	T	Y	255	22	7.86%	2	2	93	93	1.5448662985607902E-7	1	1	174	81	2	20	C
E4_BC52_191109_LF_LIB_consensus_vsearch	2556	C	C	273	3	1.07%	2	2	93	93	0.12431941923772909	1	1	173	100	1	2	+A
E4_BC52_191109_LF_LIB_consensus_vsearch	2557	G	*/+T	260	7	2.5%	2	2	93	93	0.0075075833477063125	1	1	161	99	6	1	+T
E4_BC52_191109_LF_LIB_consensus_vsearch	2558	T	T	268	3	1.1%	2	2	93	93	0.12430683918669663	1	1	169	99	2	1	C
E4_BC52_191109_LF_LIB_consensus_vsearch	2559	T	T	276	3	1.07%	2	1	93	93	0.12432675044874984	1	1	176	100	0	3	C
E4_BC52_191109_LF_LIB_consensus_vsearch	2560	T	T	273	1	0.36%	2	1	93	93	0.4999999999999138	1	1	174	99	0	1	+A
E4_BC52_191109_LF_LIB_consensus_vsearch	2561	A	A	275	1	0.36%	2	1	93	93	0.5000000000003686	1	1	175	100	0	1	+T
E4_BC52_191109_LF_LIB_consensus_vsearch	2562	T	*/-C	260	13	4.68%	2	2	93	93	1.0546505538439052E-4	1	1	167	93	5	8	-C
E4_BC52_191109_LF_LIB_consensus_vsearch	2563	C	C	263	1	0.38%	2	1	93	93	0.4999999999999138	1	1	169	94	1	0	+A
E4_BC52_191109_LF_LIB_consensus_vsearch	2564	C	*/-TC	269	9	3.21%	2	1	93	93	0.0018288267693504104	1	1	175	94	0	9	-TC
E4_BC52_191109_LF_LIB_consensus_vsearch	2565	T	T	264	4	1.48%	2	2	93	93	0.06179972295775155	1	1	173	91	2	2	C
E4_BC52_191109_LF_LIB_consensus_vsearch	2566	C	C	266	3	1.11%	2	2	93	93	0.1243016759777629	1	1	176	90	1	2	-G
E4_BC52_191109_LF_LIB_consensus_vsearch	2567	G	G	274	2	0.72%	2	1	93	93	0.2495462794919261	1	1	173	101	2	0	-A
E4_BC52_191109_LF_LIB_consensus_vsearch	2568	A	A	269	6	2.16%	2	1	93	93	0.015200427384840735	1	1	166	103	6	0	-C
E4_BC52_191109_LF_LIB_consensus_vsearch	2569	C	C	269	4	1.46%	2	1	93	93	0.06181256019060895	1	1	166	103	4	0	T
E4_BC52_191109_LF_LIB_consensus_vsearch	2570	C	C	271	3	1.07%	2	1	93	93	0.12431444241326345	1	1	167	104	3	0	+A
E4_BC52_191109_LF_LIB_consensus_vsearch	2571	A	A	275	2	0.71%	2	2	93	93	0.24954792043411347	1	1	172	103	1	1	+G
E4_BC52_191109_LF_LIB_consensus_vsearch	2572	G	G	273	2	0.71%	2	1	93	93	0.2495446265938613	1	1	172	101	2	0	+A
E4_BC52_191109_LF_LIB_consensus_vsearch	2573	A	A	275	2	0.72%	2	2	93	93	0.24954792043411347	1	1	173	102	1	1	-G
E4_BC52_191109_LF_LIB_consensus_vsearch	2574	G	G	269	5	1.8%	2	1	93	93	0.030680274390748198	1	1	171	98	5	0	A
E4_BC52_191109_LF_LIB_consensus_vsearch	2575	C	C	272	3	1.07%	2	1	93	93	0.12431693989066941	1	1	175	97	0	3	T
E4_BC52_191109_LF_LIB_consensus_vsearch	2576	A	A	271	4	1.43%	2	2	93	93	0.06181756426009212	1	1	172	99	1	3	-C
E4_BC52_191109_LF_LIB_consensus_vsearch	2577	C	C	268	4	1.47%	2	1	93	93	0.061810030534865154	1	1	172	96	0	4	+T
E4_BC52_191109_LF_LIB_consensus_vsearch	2578	C	*/-T	259	13	4.68%	2	1	93	93	1.0540703316428706E-4	1	1	173	86	0	13	-T
E4_BC52_191109_LF_LIB_consensus_vsearch	2579	T	T	262	3	1.13%	2	2	93	93	0.12429111531193521	1	1	172	90	2	1	C
E4_BC52_191109_LF_LIB_consensus_vsearch	2580	T	T	276	4	1.42%	2	1	93	93	0.06182976140387695	1	1	176	100	0	4	C
E4_BC52_191109_LF_LIB_consensus_vsearch	2581	A	A	277	2	0.71%	2	2	93	93	0.24955116696580612	1	1	175	102	1	1	+C
E4_BC52_191109_LF_LIB_consensus_vsearch	2582	A	A	273	4	1.42%	2	2	93	93	0.061822496004320764	1	1	175	98	1	3	-CG
E4_BC52_191109_LF_LIB_consensus_vsearch	2583	C	C	271	5	1.8%	2	1	93	93	0.030684398956702864	1	1	175	96	0	5	T
E4_BC52_191109_LF_LIB_consensus_vsearch	2584	G	G	272	4	1.45%	2	2	93	93	0.06182003907461255	1	1	172	100	3	1	A
E4_BC52_191109_LF_LIB_consensus_vsearch	2585	T	*/-CC	223	43	15.25%	2	1	93	93	1.7928392920818397E-14	1	1	121	102	43	0	-CC
E4_BC52_191109_LF_LIB_consensus_vsearch	2586	C	C	226	0	0%	2	0	93	0	1.0	1	0	122	104	0	0	
E4_BC52_191109_LF_LIB_consensus_vsearch	2587	C	C	230	4	1.68%	2	1	93	93	0.06169786557982323	1	1	131	99	0	4	+T
E4_BC52_191109_LF_LIB_consensus_vsearch	2588	C	Y	242	23	8.19%	2	2	93	93	7.239922817414565E-8	1	1	171	71	1	22	T
E4_BC52_191109_LF_LIB_consensus_vsearch	2589	G	*/-A	268	7	2.51%	2	2	93	93	0.007516387806114139	1	1	165	103	6	1	-A
E4_BC52_191109_LF_LIB_consensus_vsearch	2590	A	A	262	6	2.19%	2	2	93	93	0.015189380104217696	1	1	162	100	3	3	-G
E4_BC52_191109_LF_LIB_consensus_vsearch	2591	G	G	272	2	0.73%	2	1	93	93	0.2495429616087481	1	1	174	98	0	2	+T
E4_BC52_191109_LF_LIB_consensus_vsearch	2592	G	G	282	0	0%	2	0	93	0	1.0	1	0	178	104	0	0	
E4_BC52_191109_LF_LIB_consensus_vsearch	2593	A	A	272	5	1.77%	2	2	93	93	0.03068643892575303	1	1	172	100	2	3	-CGA
E4_BC52_191109_LF_LIB_consensus_vsearch	2594	C	C	271	2	0.72%	2	2	93	93	0.24954128440383208	1	1	174	97	1	1	T
E4_BC52_191109_LF_LIB_consensus_vsearch	2595	G	G	273	2	0.72%	2	1	93	93	0.2495446265938613	1	1	173	100	2	0	-A
E4_BC52_191109_LF_LIB_consensus_vsearch	2596	A	A	269	2	0.73%	2	2	93	93	0.24953789279111838	1	1	172	97	1	1	+G
E4_BC52_191109_LF_LIB_consensus_vsearch	2597	T	*/+G	265	7	2.49%	2	2	93	93	0.00751314636487435	1	1	170	95	2	5	+G
E4_BC52_191109_LF_LIB_consensus_vsearch	2598	G	G	273	1	0.36%	2	1	93	93	0.4999999999999138	1	1	172	101	0	1	+CG
E4_BC52_191109_LF_LIB_consensus_vsearch	2599	G	G	271	5	1.78%	2	2	93	93	0.030684398956702864	1	1	171	100	3	2	-A
E4_BC52_191109_LF_LIB_consensus_vsearch	2600	A	A	269	4	1.46%	2	2	93	93	0.06181256019060895	1	1	169	100	3	1	G
E4_BC52_191109_LF_LIB_consensus_vsearch	2601	A	A	273	5	1.79%	2	2	93	93	0.03068846423273724	1	1	172	101	2	3	G
E4_BC52_191109_LF_LIB_consensus_vsearch	2602	A	A	275	1	0.36%	2	1	93	93	0.5000000000003686	1	1	172	103	0	1	-T
E4_BC52_191109_LF_LIB_consensus_vsearch	2603	T	T	266	5	1.81%	2	2	93	93	0.030673973504714284	1	1	164	102	4	1	C
E4_BC52_191109_LF_LIB_consensus_vsearch	2604	A	A	258	6	2.17%	2	2	93	93	0.015182805374032816	1	1	159	99	5	1	-G
E4_BC52_191109_LF_LIB_consensus_vsearch	2605	G	G	264	5	1.85%	2	2	93	93	0.030669694912897477	1	1	165	99	1	4	+A
E4_BC52_191109_LF_LIB_consensus_vsearch	2606	A	A	276	0	0%	2	0	93	0	1.0	1	0	172	104	0	0	
E4_BC52_191109_LF_LIB_consensus_vsearch	2607	A	A	274	2	0.72%	2	1	93	93	0.2495462794919261	1	1	171	103	2	0	G
E4_BC52_191109_LF_LIB_consensus_vsearch	2608	C	C	272	3	1.07%	2	1	93	93	0.12431693989066941	1	1	172	100	0	3	T
E4_BC52_191109_LF_LIB_consensus_vsearch	2609	G	G	274	4	1.44%	2	1	93	93	0.061824935242698754	1	1	171	103	4	0	A
E4_BC52_191109_LF_LIB_consensus_vsearch	2610	T	T	274	3	1.08%	2	1	93	93	0.1243218806510022	1	1	172	102	3	0	+C
E4_BC52_191109_LF_LIB_consensus_vsearch	2611	C	*/-A	249	20	7.12%	2	1	93	93	6.610268993568032E-7	1	1	146	103	20	0	-A
E4_BC52_191109_LF_LIB_consensus_vsearch	2612	A	A	256	2	0.78%	2	2	93	93	0.24951456310670525	1	1	154	102	1	1	G
E4_BC52_191109_LF_LIB_consensus_vsearch	2613	A	A	272	4	1.43%	2	1	93	93	0.06182003907461255	1	1	169	103	4	0	G
E4_BC52_191109_LF_LIB_consensus_vsearch	2614	A	A	279	1	0.36%	2	1	93	93	0.5000000000003686	1	1	176	103	1	0	-G
E4_BC52_191109_LF_LIB_consensus_vsearch	2615	G	G	277	1	0.36%	2	1	93	93	0.4999999999999138	1	1	174	103	1	0	+AAG
E4_BC52_191109_LF_LIB_consensus_vsearch	2616	A	A	276	3	1.06%	2	1	93	93	0.12432675044874984	1	1	172	104	3	0	+GA
E4_BC52_191109_LF_LIB_consensus_vsearch	2617	C	C	273	3	1.07%	2	1	93	93	0.12431941923772909	1	1	171	102	3	0	-G
E4_BC52_191109_LF_LIB_consensus_vsearch	2618	G	*/-A	262	13	4.68%	2	1	93	93	1.0557989815422707E-4	1	1	160	102	13	0	-A
E4_BC52_191109_LF_LIB_consensus_vsearch	2619	A	*/-T	251	12	4.49%	2	2	93	93	2.1474557722261152E-4	1	1	159	92	1	11	-T
E4_BC52_191109_LF_LIB_consensus_vsearch	2620	T	K	258	9	3.36%	2	1	93	93	0.001823798755543091	1	1	165	93	9	0	G
E4_BC52_191109_LF_LIB_consensus_vsearch	2621	T	Y	270	11	3.91%	2	2	93	93	4.4193270844278054E-4	1	1	176	94	1	10	C
E4_BC52_191109_LF_LIB_consensus_vsearch	2622	A	R	253	18	6.38%	2	1	93	93	2.849379022335122E-6	1	1	154	99	18	0	G
E4_BC52_191109_LF_LIB_consensus_vsearch	2623	C	Y	246	8	2.93%	2	1	93	93	0.003693711391797067	1	1	164	82	0	8	T
E4_BC52_191109_LF_LIB_consensus_vsearch	2624	T	T	255	5	1.86%	2	1	93	93	0.03064962750114854	1	1	160	95	5	0	-AT
E4_BC52_191109_LF_LIB_consensus_vsearch	2625	A	A	262	3	1.11%	2	2	93	93	0.12429111531193521	1	1	167	95	1	2	G
E4_BC52_191109_LF_LIB_consensus_vsearch	2626	T	T	259	6	2.19%	2	2	93	93	0.015184467591539906	1	1	165	94	3	3	C
E4_BC52_191109_LF_LIB_consensus_vsearch	2627	G	G	276	1	0.36%	2	1	93	93	0.5000000000003686	1	1	174	102	1	0	+A
E4_BC52_191109_LF_LIB_consensus_vsearch	2628	A	A	276	3	1.06%	2	2	93	93	0.12432675044874984	1	1	173	103	2	1	G
E4_BC52_191109_LF_LIB_consensus_vsearch	2629	T	T	266	4	1.42%	2	1	93	93	0.06180491495741971	1	1	164	102	4	0	+GAT
E4_BC52_191109_LF_LIB_consensus_vsearch	2630	C	C	276	2	0.72%	2	1	93	93	0.24954954954932992	1	1	172	104	2	0	+G
E4_BC52_191109_LF_LIB_consensus_vsearch	2631	C	C	275	3	1.06%	2	2	93	93	0.1243243243242452	1	1	173	102	2	1	-T
E4_BC52_191109_LF_LIB_consensus_vsearch	2632	T	T	276	1	0.36%	2	1	93	93	0.5000000000003686	1	1	174	102	1	0	C
E4_BC52_191109_LF_LIB_consensus_vsearch	2633	T	T	268	6	2.14%	2	2	93	93	0.015198883630026071	1	1	166	102	5	1	+C
E4_BC52_191109_LF_LIB_consensus_vsearch	2634	C	C	271	6	2.16%	2	1	93	93	0.015203481580703948	1	1	168	103	6	0	+A
E4_BC52_191109_LF_LIB_consensus_vsearch	2635	C	*/+AC	267	7	2.48%	2	1	93	93	0.007515315152860378	1	1	166	101	7	0	+AC
E4_BC52_191109_LF_LIB_consensus_vsearch	2636	G	S	264	8	2.88%	2	1	93	93	0.0037076048169334716	1	1	161	103	8	0	C
E4_BC52_191109_LF_LIB_consensus_vsearch	2637	C	C	271	2	0.72%	2	1	93	93	0.24954128440383208	1	1	169	102	2	0	+G
E4_BC52_191109_LF_LIB_consensus_vsearch	2638	A	A	266	5	1.79%	2	1	93	93	0.030673973504714284	1	1	164	102	5	0	G
E4_BC52_191109_LF_LIB_consensus_vsearch	2639	G	G	271	4	1.44%	2	2	93	93	0.06181756426009212	1	1	170	101	3	1	A
E4_BC52_191109_LF_LIB_consensus_vsearch	2640	G	G	271	3	1.07%	2	2	93	93	0.12431444241326345	1	1	169	102	2	1	-T
E4_BC52_191109_LF_LIB_consensus_vsearch	2641	T	T	273	2	0.72%	2	1	93	93	0.2495446265938613	1	1	175	98	0	2	+C
E4_BC52_191109_LF_LIB_consensus_vsearch	2642	T	T	272	3	1.06%	2	2	93	93	0.12431693989066941	1	1	173	99	2	1	-C
E4_BC52_191109_LF_LIB_consensus_vsearch	2643	C	C	268	5	1.79%	2	2	93	93	0.030678189467263802	1	1	169	99	4	1	-ACC
E4_BC52_191109_LF_LIB_consensus_vsearch	2644	A	A	261	6	2.17%	2	2	93	93	0.015187754818318031	1	1	162	99	4	2	-C
E4_BC52_191109_LF_LIB_consensus_vsearch	2645	C	C	263	6	2.22%	2	1	93	93	0.015190993352737225	1	1	169	94	0	6	+T
E4_BC52_191109_LF_LIB_consensus_vsearch	2646	C	C	269	2	0.72%	2	1	93	93	0.24953789279111838	1	1	172	97	0	2	+T
E4_BC52_191109_LF_LIB_consensus_vsearch	2647	T	T	271	5	1.8%	2	1	93	93	0.030684398956702864	1	1	169	102	5	0	-AC
E4_BC52_191109_LF_LIB_consensus_vsearch	2648	A	R	256	11	4.03%	2	1	93	93	4.395812442207008E-4	1	1	152	104	11	0	G
E4_BC52_191109_LF_LIB_consensus_vsearch	2649	C	*/-G	244	20	7.3%	2	2	93	93	6.562770486963538E-7	1	1	146	98	17	3	-G
E4_BC52_191109_LF_LIB_consensus_vsearch	2650	G	G	251	5	1.93%	2	1	93	93	0.03064025621010106	1	1	153	98	5	0	A
E4_BC52_191109_LF_LIB_consensus_vsearch	2651	G	G	269	6	2.14%	2	2	93	93	0.015200427384840735	1	1	166	103	5	1	-A
E4_BC52_191109_LF_LIB_consensus_vsearch	2652	A	A	273	0	0%	2	0	93	0	1.0	1	0	170	103	0	0	
E4_BC52_191109_LF_LIB_consensus_vsearch	2653	A	A	277	2	0.72%	2	1	93	93	0.24955116696580612	1	1	173	104	2	0	G
E4_BC52_191109_LF_LIB_consensus_vsearch	2654	A	*/-C	260	10	3.57%	2	2	93	93	8.97137079051494E-4	1	1	160	100	9	1	-C
E4_BC52_191109_LF_LIB_consensus_vsearch	2655	C	C	262	3	1.12%	2	1	93	93	0.12429111531193521	1	1	163	99	0	3	+T
E4_BC52_191109_LF_LIB_consensus_vsearch	2656	C	*/+T	258	10	3.58%	2	2	93	93	8.96559014408215E-4	1	1	165	93	1	9	+T
E4_BC52_191109_LF_LIB_consensus_vsearch	2657	T	T	265	2	0.74%	2	1	93	93	0.2495309568482648	1	1	162	103	2	0	C
E4_BC52_191109_LF_LIB_consensus_vsearch	2658	T	T	265	2	0.73%	2	1	93	93	0.2495309568482648	1	1	163	102	2	0	+A
E4_BC52_191109_LF_LIB_consensus_vsearch	2659	G	G	262	6	2.16%	2	1	93	93	0.015189380104217696	1	1	161	101	6	0	A
E4_BC52_191109_LF_LIB_consensus_vsearch	2660	T	W	261	7	2.55%	2	2	93	93	0.007508712428886389	1	1	162	99	6	1	A
E4_BC52_191109_LF_LIB_consensus_vsearch	2661	T	T	266	5	1.81%	2	1	93	93	0.030673973504714284	1	1	164	102	5	0	-AC
E4_BC52_191109_LF_LIB_consensus_vsearch	2662	A	A	270	3	1.09%	2	2	93	93	0.12431192660547026	1	1	167	103	2	1	G
E4_BC52_191109_LF_LIB_consensus_vsearch	2663	C	C	264	5	1.81%	2	2	93	93	0.030669694912897477	1	1	168	96	2	3	T
E4_BC52_191109_LF_LIB_consensus_vsearch	2664	G	G	270	3	1.09%	2	1	93	93	0.12431192660547026	1	1	171	99	3	0	-A
E4_BC52_191109_LF_LIB_consensus_vsearch	2665	A	A	272	3	1.08%	2	1	93	93	0.12431693989066941	1	1	175	97	0	3	-C
E4_BC52_191109_LF_LIB_consensus_vsearch	2666	C	Y	257	7	2.52%	2	1	93	93	0.007504145184876668	1	1	169	88	0	7	T
E4_BC52_191109_LF_LIB_consensus_vsearch	2667	T	W	260	10	3.64%	2	1	93	93	8.97137079051494E-4	1	1	159	101	10	0	A
E4_BC52_191109_LF_LIB_consensus_vsearch	2668	T	T	269	2	0.72%	2	2	93	93	0.24953789279111838	1	1	168	101	1	1	-G
E4_BC52_191109_LF_LIB_consensus_vsearch	2669	G	*/-TA	255	10	3.65%	2	2	93	93	8.956759757555054E-4	1	1	157	98	9	1	-TA
E4_BC52_191109_LF_LIB_consensus_vsearch	2670	T	T	252	5	1.89%	2	2	93	93	0.030642626352771006	1	1	159	93	3	2	C
E4_BC52_191109_LF_LIB_consensus_vsearch	2671	A	A	248	6	2.22%	2	2	93	93	0.015165466280175907	1	1	163	85	4	2	G
E4_BC52_191109_LF_LIB_consensus_vsearch	2672	C	Y	258	7	2.53%	2	1	93	93	0.007505299821009934	1	1	177	81	0	7	T
E4_BC52_191109_LF_LIB_consensus_vsearch	2673	T	T	274	1	0.36%	2	1	93	93	0.4999999999999138	1	1	177	97	0	1	C
E4_BC52_191109_LF_LIB_consensus_vsearch	2674	T	*/-C	258	9	3.23%	2	2	93	93	0.001823798755543091	1	1	171	87	2	7	-C
E4_BC52_191109_LF_LIB_consensus_vsearch	2675	C	C	253	5	1.88%	2	2	93	93	0.030644978141142375	1	1	170	83	1	4	+T
E4_BC52_191109_LF_LIB_consensus_vsearch	2676	C	C	267	4	1.44%	2	2	93	93	0.061807482193030554	1	1	174	93	2	2	-T
E4_BC52_191109_LF_LIB_consensus_vsearch	2677	T	*/+C	248	12	4.43%	2	1	93	93	2.1442069742947192E-4	1	1	161	87	12	0	+C
E4_BC52_191109_LF_LIB_consensus_vsearch	2678	C	C	257	6	2.22%	2	1	93	93	0.015181130565948187	1	1	172	85	0	6	+T
E4_BC52_191109_LF_LIB_consensus_vsearch	2679	T	*/+A	249	13	4.81%	2	1	93	93	1.0480374753057819E-4	1	1	169	80	0	13	+A
E4_BC52_191109_LF_LIB_consensus_vsearch	2680	A	A	274	1	0.36%	2	1	93	93	0.4999999999999138	1	1	172	102	0	1	C
E4_BC52_191109_LF_LIB_consensus_vsearch	2681	A	A	277	2	0.71%	2	1	93	93	0.24955116696580612	1	1	173	104	2	0	G
E4_BC52_191109_LF_LIB_consensus_vsearch	2682	A	A	276	2	0.71%	2	1	93	93	0.24954954954932992	1	1	173	103	2	0	+C
E4_BC52_191109_LF_LIB_consensus_vsearch	2683	T	T	276	1	0.36%	2	1	93	93	0.5000000000003686	1	1	175	101	0	1	+G
E4_BC52_191109_LF_LIB_consensus_vsearch	2684	G	G	278	1	0.36%	2	1	93	93	0.4999999999999138	1	1	175	103	1	0	A
E4_BC52_191109_LF_LIB_consensus_vsearch	2685	G	G	266	5	1.79%	2	1	93	93	0.030673973504714284	1	1	166	100	5	0	-C
E4_BC52_191109_LF_LIB_consensus_vsearch	2686	C	C	270	1	0.36%	2	1	93	93	0.4999999999999138	1	1	169	101	0	1	+A
E4_BC52_191109_LF_LIB_consensus_vsearch	2687	C	C	268	3	1.08%	2	2	93	93	0.12430683918669663	1	1	170	98	2	1	T
E4_BC52_191109_LF_LIB_consensus_vsearch	2688	G	G	274	2	0.71%	2	1	93	93	0.2495462794919261	1	1	170	104	2	0	-A
E4_BC52_191109_LF_LIB_consensus_vsearch	2689	A	A	277	1	0.36%	2	1	93	93	0.4999999999999138	1	1	173	104	1	0	+G
E4_BC52_191109_LF_LIB_consensus_vsearch	2690	G	G	273	2	0.71%	2	1	93	93	0.2495446265938613	1	1	172	101	2	0	A
E4_BC52_191109_LF_LIB_consensus_vsearch	2691	T	T	280	1	0.36%	2	1	93	93	0.4999999999999138	1	1	178	102	0	1	G
E4_BC52_191109_LF_LIB_consensus_vsearch	2692	T	T	275	2	0.71%	2	1	93	93	0.24954792043411347	1	1	174	101	2	0	+C
E4_BC52_191109_LF_LIB_consensus_vsearch	2693	C	*/-GA	265	9	3.21%	2	2	93	93	0.0018270442691405997	1	1	165	100	8	1	-GA
E4_BC52_191109_LF_LIB_consensus_vsearch	2694	G	*/-A	248	16	5.9%	2	2	93	93	1.2073028070108144E-5	1	1	153	95	12	4	-A
E4_BC52_191109_LF_LIB_consensus_vsearch	2695	A	A	248	2	0.79%	2	2	93	93	0.24949899799584363	1	1	155	93	1	1	G
E4_BC52_191109_LF_LIB_consensus_vsearch	2696	A	*/-G	260	12	4.33%	2	2	93	93	2.1567900632063892E-4	1	1	163	97	10	2	-G
E4_BC52_191109_LF_LIB_consensus_vsearch	2697	G	G	258	3	1.12%	2	2	93	93	0.12428023032618613	1	1	165	93	2	1	A
E4_BC52_191109_LF_LIB_consensus_vsearch	2698	G	G	272	3	1.07%	2	1	93	93	0.12431693989066941	1	1	177	95	0	3	C
E4_BC52_191109_LF_LIB_consensus_vsearch	2699	T	T	267	6	2.13%	2	1	93	93	0.015197328608558202	1	1	177	90	0	6	C
E4_BC52_191109_LF_LIB_consensus_vsearch	2700	G	*/+T	251	15	5.42%	2	2	93	93	2.4912706212617995E-5	1	1	157	94	14	1	+T
E4_BC52_191109_LF_LIB_consensus_vsearch	2701	T	T	264	5	1.85%	2	2	93	93	0.030669694912897477	1	1	170	94	1	4	C
E4_BC52_191109_LF_LIB_consensus_vsearch	2702	T	T	276	1	0.36%	2	1	93	93	0.5000000000003686	1	1	177	99	0	1	+A
E4_BC52_191109_LF_LIB_consensus_vsearch	2703	T	T	273	4	1.42%	2	2	93	93	0.061822496004320764	1	1	175	98	1	3	-G
E4_BC52_191109_LF_LIB_consensus_vsearch	2704	G	*/-C	237	22	7.94%	2	2	93	93	1.49698924089051E-7	1	1	150	87	20	2	-C
E4_BC52_191109_LF_LIB_consensus_vsearch	2705	C	*/+T	222	19	7.42%	2	1	93	93	1.3187503319271603E-6	1	1	154	68	0	19	+T
E4_BC52_191109_LF_LIB_consensus_vsearch	2706	C	Y	271	8	2.87%	2	2	93	93	0.0037125295286029917	1	1	174	97	1	7	T
E4_BC52_191109_LF_LIB_consensus_vsearch	2707	C	C	276	3	1.06%	2	1	93	93	0.12432675044874984	1	1	176	100	0	3	T
E4_BC52_191109_LF_LIB_consensus_vsearch	2708	C	Y	254	11	3.9%	2	1	93	93	4.392257188796428E-4	1	1	168	86	0	11	T
E4_BC52_191109_LF_LIB_consensus_vsearch	2709	G	G	268	2	0.74%	2	2	93	93	0.24953617810762627	1	1	168	100	1	1	A
E4_BC52_191109_LF_LIB_consensus_vsearch	2710	C	C	271	1	0.37%	2	1	93	93	0.4999999999999138	1	1	169	102	1	0	-A
E4_BC52_191109_LF_LIB_consensus_vsearch	2711	A	A	270	6	2.16%	2	1	93	93	0.015201959994994966	1	1	174	96	0	6	-T
E4_BC52_191109_LF_LIB_consensus_vsearch	2712	T	T	271	2	0.73%	2	1	93	93	0.24954128440383208	1	1	175	96	2	0	C
E4_BC52_191109_LF_LIB_consensus_vsearch	2713	C	C	279	1	0.36%	2	1	93	93	0.5000000000003686	1	1	177	102	1	0	+ATC
E4_BC52_191109_LF_LIB_consensus_vsearch	2714	G	G	275	3	1.07%	2	2	93	93	0.1243243243242452	1	1	175	100	2	1	A
E4_BC52_191109_LF_LIB_consensus_vsearch	2715	C	C	271	5	1.79%	2	1	93	93	0.030684398956702864	1	1	173	98	0	5	-G
E4_BC52_191109_LF_LIB_consensus_vsearch	2716	G	G	271	3	1.09%	2	1	93	93	0.12431444241326345	1	1	174	97	3	0	-A
E4_BC52_191109_LF_LIB_consensus_vsearch	2717	A	A	258	5	1.79%	2	2	93	93	0.030656469088614302	1	1	167	91	3	2	-C
E4_BC52_191109_LF_LIB_consensus_vsearch	2718	C	C	271	1	0.36%	2	1	93	93	0.4999999999999138	1	1	173	98	0	1	+A
E4_BC52_191109_LF_LIB_consensus_vsearch	2719	C	C	274	2	0.71%	2	1	93	93	0.2495462794919261	1	1	174	100	2	0	+A
E4_BC52_191109_LF_LIB_consensus_vsearch	2720	A	A	277	1	0.36%	2	1	93	93	0.4999999999999138	1	1	176	101	0	1	-G
E4_BC52_191109_LF_LIB_consensus_vsearch	2721	G	G	273	2	0.71%	2	1	93	93	0.2495446265938613	1	1	170	103	2	0	+C
E4_BC52_191109_LF_LIB_consensus_vsearch	2722	C	C	268	6	2.14%	2	1	93	93	0.015198883630026071	1	1	173	95	0	6	-AA
E4_BC52_191109_LF_LIB_consensus_vsearch	2723	A	A	268	2	0.74%	2	2	93	93	0.24953617810762627	1	1	174	94	1	1	G
E4_BC52_191109_LF_LIB_consensus_vsearch	2724	A	A	263	6	2.18%	2	1	93	93	0.015190993352737225	1	1	168	95	6	0	-G
E4_BC52_191109_LF_LIB_consensus_vsearch	2725	G	R	245	22	8.09%	2	2	93	93	1.5189118223902163E-7	1	1	144	101	21	1	A
E4_BC52_191109_LF_LIB_consensus_vsearch	2726	C	C	271	3	1.09%	2	1	93	93	0.12431444241326345	1	1	170	101	3	0	A
E4_BC52_191109_LF_LIB_consensus_vsearch	2727	C	Y	265	9	3.23%	2	1	93	93	0.0018270442691405997	1	1	172	93	0	9	T
E4_BC52_191109_LF_LIB_consensus_vsearch	2728	G	G	271	5	1.81%	2	2	93	93	0.030684398956702864	1	1	170	101	4	1	A
E4_BC52_191109_LF_LIB_consensus_vsearch	2729	G	G	271	2	0.72%	2	2	93	93	0.24954128440383208	1	1	171	100	1	1	A
E4_BC52_191109_LF_LIB_consensus_vsearch	2730	C	C	269	4	1.44%	2	2	93	93	0.06181256019060895	1	1	171	98	1	3	T
E4_BC52_191109_LF_LIB_consensus_vsearch	2731	G	G	277	4	1.42%	2	2	93	93	0.06183214869952844	1	1	175	102	2	2	A
E4_BC52_191109_LF_LIB_consensus_vsearch	2732	C	C	277	2	0.71%	2	1	93	93	0.24955116696580612	1	1	175	102	2	0	-G
E4_BC52_191109_LF_LIB_consensus_vsearch	2733	G	*/-CGCG	267	8	2.87%	2	2	93	93	0.003709745731198054	1	1	172	95	2	6	-CGCG
E4_BC52_191109_LF_LIB_consensus_vsearch	2734	C	C	263	5	1.85%	2	1	93	93	0.030667531693296068	1	1	168	95	5	0	-G
E4_BC52_191109_LF_LIB_consensus_vsearch	2735	G	*/-CG	202	39	14.66%	2	2	93	93	3.414268847292749E-13	1	1	134	68	14	25	-CG
E4_BC52_191109_LF_LIB_consensus_vsearch	2736	C	C	197	5	2.28%	2	1	93	93	0.030477466383663308	1	1	133	64	5	0	+A
E4_BC52_191109_LF_LIB_consensus_vsearch	2737	G	R	207	8	3.57%	2	2	93	93	0.003655753662936563	1	1	140	67	7	1	A
E4_BC52_191109_LF_LIB_consensus_vsearch	2738	G	*/-A	226	39	14.18%	2	1	93	93	4.0216518823716574E-13	1	1	127	99	39	0	-A
E4_BC52_191109_LF_LIB_consensus_vsearch	2739	A	*/-G	220	8	3.42%	2	1	93	93	0.0036698276230520683	1	1	118	102	8	0	-G
E4_BC52_191109_LF_LIB_consensus_vsearch	2740	G	G	250	5	1.89%	2	1	93	93	0.030637867497453432	1	1	155	95	0	5	-C
E4_BC52_191109_LF_LIB_consensus_vsearch	2741	C	C	259	4	1.47%	2	2	93	93	0.061786397159329126	1	1	170	89	1	3	-TC
E4_BC52_191109_LF_LIB_consensus_vsearch	2742	T	*/-C	30	195	72.49%	2	2	93	93	9.178130583179766E-96	1	1	16	14	116	79	-C
E4_BC52_191109_LF_LIB_consensus_vsearch	2743	C	C	24	5	15.15%	2	2	93	93	0.025917065390751195	1	1	14	10	1	4	T
E4_BC52_191109_LF_LIB_consensus_vsearch	2744	C	C	220	5	2.15%	2	2	93	93	0.03055634444922604	1	1	131	89	1	4	A
E4_BC52_191109_LF_LIB_consensus_vsearch	2745	C	C	266	3	1.08%	2	2	93	93	0.1243016759777629	1	1	169	97	2	1	-TC
E4_BC52_191109_LF_LIB_consensus_vsearch	2746	T	*/+A	95	99	36.4%	2	2	93	93	5.935670679006211E-38	1	1	63	32	78	21	+A
E4_BC52_191109_LF_LIB_consensus_vsearch	2747	C	M	111	82	40.2%	2	2	93	93	3.3168579683682E-30	1	1	88	23	56	26	A
E4_BC52_191109_LF_LIB_consensus_vsearch	2748	C	M	197	53	20.31%	2	2	93	93	5.069808698980816E-18	1	1	149	48	14	39	A
E4_BC52_191109_LF_LIB_consensus_vsearch	2749	C	M	254	13	4.76%	2	2	93	93	1.0511074343687666E-4	1	1	164	90	7	6	A
E4_BC52_191109_LF_LIB_consensus_vsearch	2750	C	C	274	1	0.36%	2	1	93	93	0.4999999999999138	1	1	171	103	0	1	+A
E4_BC52_191109_LF_LIB_consensus_vsearch	2751	C	C	274	2	0.72%	2	2	93	93	0.2495462794919261	1	1	171	103	1	1	-T
E4_BC52_191109_LF_LIB_consensus_vsearch	2752	T	T	269	3	1.09%	2	2	93	93	0.12430939226523824	1	1	168	101	1	2	-C
E4_BC52_191109_LF_LIB_consensus_vsearch	2753	C	C	269	4	1.44%	2	1	93	93	0.06181256019060895	1	1	169	100	4	0	-A
E4_BC52_191109_LF_LIB_consensus_vsearch	2754	A	A	268	3	1.08%	2	1	93	93	0.12430683918669663	1	1	164	104	3	0	+C
E4_BC52_191109_LF_LIB_consensus_vsearch	2755	C	C	273	3	1.08%	2	1	93	93	0.12431941923772909	1	1	172	101	3	0	G
E4_BC52_191109_LF_LIB_consensus_vsearch	2756	C	*/+A	251	10	3.57%	2	1	93	93	8.944678342239841E-4	1	1	157	94	10	0	+A
E4_BC52_191109_LF_LIB_consensus_vsearch	2757	G	*/-A	261	11	3.94%	2	2	93	93	4.404479324483225E-4	1	1	159	102	10	1	-A
E4_BC52_191109_LF_LIB_consensus_vsearch	2758	A	A	252	5	1.85%	2	1	93	93	0.030642626352771006	1	1	153	99	5	0	+G
E4_BC52_191109_LF_LIB_consensus_vsearch	2759	G	G	267	4	1.45%	2	2	93	93	0.061807482193030554	1	1	167	100	3	1	-C
E4_BC52_191109_LF_LIB_consensus_vsearch	2760	C	C	270	4	1.44%	2	1	93	93	0.06181507136518779	1	1	171	99	4	0	G
E4_BC52_191109_LF_LIB_consensus_vsearch	2761	C	C	274	4	1.42%	2	2	93	93	0.061824935242698754	1	1	173	101	1	3	T
E4_BC52_191109_LF_LIB_consensus_vsearch	2762	A	A	274	2	0.71%	2	1	93	93	0.2495462794919261	1	1	170	104	2	0	+T
E4_BC52_191109_LF_LIB_consensus_vsearch	2763	T	T	276	2	0.71%	2	1	93	93	0.24954954954932992	1	1	175	101	0	2	+C
E4_BC52_191109_LF_LIB_consensus_vsearch	2764	T	T	273	5	1.78%	2	2	93	93	0.03068846423273724	1	1	176	97	1	4	-C
E4_BC52_191109_LF_LIB_consensus_vsearch	2765	C	C	271	2	0.72%	2	1	93	93	0.24954128440383208	1	1	173	98	2	0	+A
E4_BC52_191109_LF_LIB_consensus_vsearch	2766	G	G	276	4	1.42%	2	1	93	93	0.06182976140387695	1	1	173	103	4	0	-A
E4_BC52_191109_LF_LIB_consensus_vsearch	2767	A	A	268	6	2.16%	2	1	93	93	0.015198883630026071	1	1	171	97	0	6	+C
E4_BC52_191109_LF_LIB_consensus_vsearch	2768	T	*/+C	241	24	8.51%	2	1	93	93	3.4557422520949686E-8	1	1	143	98	24	0	+C
E4_BC52_191109_LF_LIB_consensus_vsearch	2769	C	*/+G	242	11	4.01%	2	2	93	93	4.369786788264191E-4	1	1	154	88	6	5	+G
E4_BC52_191109_LF_LIB_consensus_vsearch	2770	G	G	270	2	0.73%	2	1	93	93	0.2495395948434138	1	1	172	98	2	0	A
E4_BC52_191109_LF_LIB_consensus_vsearch	2771	G	*/-A	262	11	3.91%	2	2	93	93	4.4061758463860134E-4	1	1	164	98	7	4	-A
E4_BC52_191109_LF_LIB_consensus_vsearch	2772	A	A	265	1	0.37%	2	1	93	93	0.4999999999999138	1	1	165	100	1	0	+G
E4_BC52_191109_LF_LIB_consensus_vsearch	2773	A	A	272	4	1.44%	2	2	93	93	0.06182003907461255	1	1	170	102	3	1	G
E4_BC52_191109_LF_LIB_consensus_vsearch	2774	A	R	265	7	2.5%	2	1	93	93	0.00751314636487435	1	1	163	102	7	0	G
E4_BC52_191109_LF_LIB_consensus_vsearch	2775	T	Y	268	7	2.52%	2	2	93	93	0.007516387806114139	1	1	167	101	5	2	C
E4_BC52_191109_LF_LIB_consensus_vsearch	2776	A	A	273	2	0.72%	2	1	93	93	0.2495446265938613	1	1	171	102	2	0	C
E4_BC52_191109_LF_LIB_consensus_vsearch	2777	A	A	269	5	1.79%	2	1	93	93	0.030680274390748198	1	1	168	101	5	0	G
E4_BC52_191109_LF_LIB_consensus_vsearch	2778	C	C	271	4	1.43%	2	1	93	93	0.06181756426009212	1	1	169	102	4	0	+A
E4_BC52_191109_LF_LIB_consensus_vsearch	2779	G	G	273	5	1.78%	2	1	93	93	0.03068846423273724	1	1	170	103	5	0	-A
E4_BC52_191109_LF_LIB_consensus_vsearch	2780	A	A	272	1	0.36%	2	1	93	93	0.5000000000003686	1	1	169	103	1	0	+C
E4_BC52_191109_LF_LIB_consensus_vsearch	2781	C	C	268	3	1.08%	2	2	93	93	0.12430683918669663	1	1	173	95	1	2	-G
E4_BC52_191109_LF_LIB_consensus_vsearch	2782	G	R	258	11	4.01%	2	1	93	93	4.3993165790743476E-4	1	1	159	99	11	0	A
E4_BC52_191109_LF_LIB_consensus_vsearch	2783	G	G	271	1	0.36%	2	1	93	93	0.4999999999999138	1	1	172	99	1	0	+A
E4_BC52_191109_LF_LIB_consensus_vsearch	2784	G	G	276	2	0.71%	2	1	93	93	0.24954954954932992	1	1	177	99	0	2	-C
E4_BC52_191109_LF_LIB_consensus_vsearch	2785	C	C	271	2	0.72%	2	2	93	93	0.24954128440383208	1	1	173	98	1	1	+A
E4_BC52_191109_LF_LIB_consensus_vsearch	2786	G	R	243	31	11.07%	2	2	93	93	1.894997778342523E-10	1	1	143	100	29	2	A
E4_BC52_191109_LF_LIB_consensus_vsearch	2787	G	G	274	2	0.71%	2	1	93	93	0.2495462794919261	1	1	175	99	2	0	+AG
E4_BC52_191109_LF_LIB_consensus_vsearch	2788	T	T	274	3	1.07%	2	2	93	93	0.1243218806510022	1	1	177	97	1	2	A
E4_BC52_191109_LF_LIB_consensus_vsearch	2789	G	G	274	3	1.07%	2	2	93	93	0.1243218806510022	1	1	174	100	1	2	A
E4_BC52_191109_LF_LIB_consensus_vsearch	2790	T	*/-GT	241	29	10.39%	2	2	93	93	8.418473164571434E-10	1	1	160	81	15	14	-GT
E4_BC52_191109_LF_LIB_consensus_vsearch	2791	G	G	240	3	1.2%	2	1	93	93	0.12422680412363393	1	1	157	83	0	3	A
E4_BC52_191109_LF_LIB_consensus_vsearch	2792	T	T	237	5	2.01%	2	1	93	93	0.030605019735419046	1	1	158	79	0	5	C
E4_BC52_191109_LF_LIB_consensus_vsearch	2793	A	*/-C	263	9	3.23%	2	2	93	93	0.0018261337158000507	1	1	170	93	1	8	-C
E4_BC52_191109_LF_LIB_consensus_vsearch	2794	C	*/+A	96	170	62.27%	2	2	93	93	8.42336866526284E-70	1	1	91	5	80	90	+A
E4_BC52_191109_LF_LIB_consensus_vsearch	2795	A	A	276	2	0.71%	2	1	93	93	0.24954954954932992	1	1	174	102	2	0	G
E4_BC52_191109_LF_LIB_consensus_vsearch	2796	A	*/+G	273	8	2.84%	2	2	93	93	0.0037138920631481294	1	1	170	103	7	1	+G
E4_BC52_191109_LF_LIB_consensus_vsearch	2797	G	G	265	5	1.78%	2	1	93	93	0.030671842124359663	1	1	164	101	5	0	+AG
E4_BC52_191109_LF_LIB_consensus_vsearch	2798	G	G	277	3	1.06%	2	1	93	93	0.12432915921300346	1	1	173	104	3	0	+A
E4_BC52_191109_LF_LIB_consensus_vsearch	2799	G	G	274	2	0.71%	2	1	93	93	0.2495462794919261	1	1	173	101	2	0	+AG
E4_BC52_191109_LF_LIB_consensus_vsearch	2800	C	*/+G	264	10	3.6%	2	2	93	93	8.982685182237654E-4	1	1	165	99	9	1	+G
E4_BC52_191109_LF_LIB_consensus_vsearch	2801	A	*/-G	202	46	16.49%	2	2	93	93	1.4228190703760524E-15	1	1	142	60	15	31	-G
E4_BC52_191109_LF_LIB_consensus_vsearch	2802	G	G	230	2	0.85%	2	1	93	93	0.24946004319659204	1	1	160	70	2	0	+A
E4_BC52_191109_LF_LIB_consensus_vsearch	2803	G	G	278	1	0.36%	2	1	93	93	0.4999999999999138	1	1	177	101	1	0	+AG
E4_BC52_191109_LF_LIB_consensus_vsearch	2804	G	G	280	1	0.35%	2	1	93	93	0.4999999999999138	1	1	177	103	0	1	+A
E4_BC52_191109_LF_LIB_consensus_vsearch	2805	A	*/+T	263	10	3.56%	2	1	93	93	8.979886896061976E-4	1	1	175	88	0	10	+T
E4_BC52_191109_LF_LIB_consensus_vsearch	2806	C	Y	245	23	8.24%	2	2	93	93	7.282259484927565E-8	1	1	170	75	1	22	T
E4_BC52_191109_LF_LIB_consensus_vsearch	2807	G	G	267	3	1.08%	2	1	93	93	0.12430426716151294	1	1	171	96	3	0	A
E4_BC52_191109_LF_LIB_consensus_vsearch	2808	T	T	261	5	1.8%	2	1	93	93	0.03066315650820783	1	1	174	87	0	5	C
E4_BC52_191109_LF_LIB_consensus_vsearch	2809	A	R	260	9	3.21%	2	1	93	93	0.0018247429645633383	1	1	175	85	0	9	G
E4_BC52_191109_LF_LIB_consensus_vsearch	2810	T	Y	263	7	2.53%	2	1	93	93	0.007510945692957774	1	1	178	85	0	7	C
E4_BC52_191109_LF_LIB_consensus_vsearch	2811	T	Y	265	9	3.19%	2	1	93	93	0.0018270442691405997	1	1	176	89	0	9	C
E4_BC52_191109_LF_LIB_consensus_vsearch	2812	C	C	273	3	1.09%	2	1	93	93	0.12431941923772909	1	1	177	96	0	3	+T
E4_BC52_191109_LF_LIB_consensus_vsearch	2813	A	A	275	4	1.42%	2	2	93	93	0.06182735698001327	1	1	175	100	2	2	G
E4_BC52_191109_LF_LIB_consensus_vsearch	2814	T	T	277	3	1.07%	2	2	93	93	0.12432915921300346	1	1	176	101	2	1	C
E4_BC52_191109_LF_LIB_consensus_vsearch	2815	C	C	275	3	1.07%	2	1	93	93	0.1243243243242452	1	1	172	103	3	0	+A
E4_BC52_191109_LF_LIB_consensus_vsearch	2816	G	G	272	2	0.71%	2	2	93	93	0.2495429616087481	1	1	172	100	1	1	+C
E4_BC52_191109_LF_LIB_consensus_vsearch	2817	T	T	269	3	1.08%	2	1	93	93	0.12430939226523824	1	1	171	98	3	0	+A
E4_BC52_191109_LF_LIB_consensus_vsearch	2818	G	G	269	4	1.44%	2	1	93	93	0.06181256019060895	1	1	168	101	4	0	-A
E4_BC52_191109_LF_LIB_consensus_vsearch	2819	A	A	272	1	0.36%	2	1	93	93	0.5000000000003686	1	1	168	104	1	0	+G
E4_BC52_191109_LF_LIB_consensus_vsearch	2820	G	G	271	4	1.44%	2	2	93	93	0.06181756426009212	1	1	171	100	1	3	+AG
E4_BC52_191109_LF_LIB_consensus_vsearch	2821	T	T	274	2	0.72%	2	1	93	93	0.2495462794919261	1	1	173	101	0	2	C
E4_BC52_191109_LF_LIB_consensus_vsearch	2822	T	T	271	3	1.08%	2	2	93	93	0.12431444241326345	1	1	171	100	2	1	-G
E4_BC52_191109_LF_LIB_consensus_vsearch	2823	G	G	276	0	0%	2	0	93	0	1.0	1	0	173	103	0	0	
E4_BC52_191109_LF_LIB_consensus_vsearch	2824	A	A	271	4	1.43%	2	1	93	93	0.06181756426009212	1	1	167	104	4	0	G
E4_BC52_191109_LF_LIB_consensus_vsearch	2825	T	T	279	1	0.36%	2	1	93	93	0.5000000000003686	1	1	176	103	1	0	+A
E4_BC52_191109_LF_LIB_consensus_vsearch	2826	G	G	278	2	0.71%	2	1	93	93	0.24955277280837324	1	1	175	103	2	0	A
E4_BC52_191109_LF_LIB_consensus_vsearch	2827	A	A	272	3	1.07%	2	1	93	93	0.12431693989066941	1	1	173	99	0	3	+C
E4_BC52_191109_LF_LIB_consensus_vsearch	2828	C	C	272	3	1.07%	2	1	93	93	0.12431693989066941	1	1	175	97	0	3	-T
E4_BC52_191109_LF_LIB_consensus_vsearch	2829	T	*/-C	263	7	2.55%	2	1	93	93	0.007510945692957774	1	1	174	89	0	7	-C
E4_BC52_191109_LF_LIB_consensus_vsearch	2830	C	*/-AC	252	11	4.06%	2	1	93	93	4.388649693243239E-4	1	1	159	93	11	0	-AC
E4_BC52_191109_LF_LIB_consensus_vsearch	2831	A	A	261	3	1.13%	2	2	93	93	0.12428842504744599	1	1	161	100	2	1	G
E4_BC52_191109_LF_LIB_consensus_vsearch	2832	C	C	260	3	1.12%	2	1	93	93	0.12428571428582305	1	1	161	99	3	0	+AC
E4_BC52_191109_LF_LIB_consensus_vsearch	2833	G	*/-A	272	7	2.48%	2	1	93	93	0.007520602096545131	1	1	169	103	7	0	-A
E4_BC52_191109_LF_LIB_consensus_vsearch	2834	A	A	269	3	1.09%	2	2	93	93	0.12430939226523824	1	1	168	101	2	1	G
E4_BC52_191109_LF_LIB_consensus_vsearch	2835	T	T	279	1	0.36%	2	1	93	93	0.5000000000003686	1	1	176	103	1	0	+C
E4_BC52_191109_LF_LIB_consensus_vsearch	2836	T	T	275	3	1.06%	2	2	93	93	0.1243243243242452	1	1	174	101	2	1	C
E4_BC52_191109_LF_LIB_consensus_vsearch	2837	A	R	266	8	2.86%	2	2	93	93	0.0037090372381044278	1	1	167	99	6	2	G
E4_BC52_191109_LF_LIB_consensus_vsearch	2838	C	*/-A	258	10	3.57%	2	2	93	93	8.96559014408215E-4	1	1	161	97	7	3	-A
E4_BC52_191109_LF_LIB_consensus_vsearch	2839	A	A	264	2	0.74%	2	2	93	93	0.24952919020719036	1	1	166	98	1	1	+G
E4_BC52_191109_LF_LIB_consensus_vsearch	2840	A	*/-G	262	10	3.56%	2	2	93	93	8.977068546848841E-4	1	1	166	96	6	4	-G
E4_BC52_191109_LF_LIB_consensus_vsearch	2841	G	R	254	8	2.99%	2	1	93	93	0.003700118894213593	1	1	157	97	8	0	A
E4_BC52_191109_LF_LIB_consensus_vsearch	2842	G	R	261	12	4.3%	2	1	93	93	2.1577907883231425E-4	1	1	161	100	12	0	A
E4_BC52_191109_LF_LIB_consensus_vsearch	2843	C	Y	264	8	2.88%	2	2	93	93	0.0037076048169334716	1	1	169	95	1	7	T
E4_BC52_191109_LF_LIB_consensus_vsearch	2844	A	*/+T	260	7	2.51%	2	1	93	93	0.0075075833477063125	1	1	170	90	0	7	+T
E4_BC52_191109_LF_LIB_consensus_vsearch	2845	T	T	269	3	1.09%	2	1	93	93	0.12430939226523824	1	1	173	96	0	3	+C
E4_BC52_191109_LF_LIB_consensus_vsearch	2846	T	*/-C	264	8	2.86%	2	2	93	93	0.0037076048169334716	1	1	172	92	3	5	-C
E4_BC52_191109_LF_LIB_consensus_vsearch	2847	C	C	267	2	0.73%	2	1	93	93	0.24953445065180796	1	1	174	93	0	2	+T
E4_BC52_191109_LF_LIB_consensus_vsearch	2848	C	C	267	6	2.14%	2	1	93	93	0.015197328608558202	1	1	172	95	0	6	G
E4_BC52_191109_LF_LIB_consensus_vsearch	2849	A	A	273	3	1.08%	2	1	93	93	0.12431941923772909	1	1	171	102	3	0	G
E4_BC52_191109_LF_LIB_consensus_vsearch	2850	T	T	276	1	0.36%	2	1	93	93	0.5000000000003686	1	1	176	100	0	1	+GG
E4_BC52_191109_LF_LIB_consensus_vsearch	2851	G	G	278	1	0.36%	2	1	93	93	0.4999999999999138	1	1	176	102	0	1	A
E4_BC52_191109_LF_LIB_consensus_vsearch	2852	T	T	276	2	0.71%	2	2	93	93	0.24954954954932992	1	1	174	102	1	1	C
E4_BC52_191109_LF_LIB_consensus_vsearch	2853	T	T	274	2	0.71%	2	1	93	93	0.2495462794919261	1	1	174	100	2	0	+C
E4_BC52_191109_LF_LIB_consensus_vsearch	2854	C	*/-A	252	18	6.43%	2	1	93	93	2.846197472922363E-6	1	1	151	101	18	0	-A
E4_BC52_191109_LF_LIB_consensus_vsearch	2855	A	A	253	3	1.16%	2	2	93	93	0.124266144814075	1	1	153	100	1	2	G
E4_BC52_191109_LF_LIB_consensus_vsearch	2856	C	Y	249	19	6.86%	2	2	93	93	1.3705461195175102E-6	1	1	147	102	18	1	T
E4_BC52_191109_LF_LIB_consensus_vsearch	2857	G	*/-A	266	11	3.94%	2	2	93	93	4.412843374156775E-4	1	1	164	102	10	1	-A
E4_BC52_191109_LF_LIB_consensus_vsearch	2858	A	A	262	6	2.24%	2	2	93	93	0.015189380104217696	1	1	160	102	5	1	-G
E4_BC52_191109_LF_LIB_consensus_vsearch	2859	G	G	273	1	0.36%	2	1	93	93	0.4999999999999138	1	1	170	103	1	0	+AG
E4_BC52_191109_LF_LIB_consensus_vsearch	2860	C	C	278	1	0.36%	2	1	93	93	0.4999999999999138	1	1	175	103	0	1	+G
E4_BC52_191109_LF_LIB_consensus_vsearch	2861	A	*/-CA	271	7	2.49%	2	1	93	93	0.0075195598088442315	1	1	168	103	7	0	-CA
E4_BC52_191109_LF_LIB_consensus_vsearch	2862	C	C	273	1	0.36%	2	1	93	93	0.4999999999999138	1	1	170	103	0	1	-A
E4_BC52_191109_LF_LIB_consensus_vsearch	2863	A	A	264	6	2.19%	2	2	93	93	0.015192594697130085	1	1	164	100	5	1	G
E4_BC52_191109_LF_LIB_consensus_vsearch	2864	G	G	276	2	0.71%	2	1	93	93	0.24954954954932992	1	1	172	104	2	0	+T
E4_BC52_191109_LF_LIB_consensus_vsearch	2865	T	T	275	4	1.43%	2	2	93	93	0.06182735698001327	1	1	174	101	2	2	C
E4_BC52_191109_LF_LIB_consensus_vsearch	2866	T	*/-C	254	26	9.29%	2	2	93	93	8.110536300341478E-9	1	1	152	102	24	2	-C
E4_BC52_191109_LF_LIB_consensus_vsearch	2867	C	C	253	1	0.39%	2	1	93	93	0.5000000000003686	1	1	151	102	1	0	T
E4_BC52_191109_LF_LIB_consensus_vsearch	2868	C	C	273	2	0.71%	2	1	93	93	0.2495446265938613	1	1	172	101	2	0	-A
E4_BC52_191109_LF_LIB_consensus_vsearch	2869	A	A	270	3	1.09%	2	2	93	93	0.12431192660547026	1	1	169	101	2	1	C
E4_BC52_191109_LF_LIB_consensus_vsearch	2870	G	G	272	2	0.72%	2	1	93	93	0.2495429616087481	1	1	172	100	0	2	-TG
E4_BC52_191109_LF_LIB_consensus_vsearch	2871	T	T	273	3	1.08%	2	1	93	93	0.12431941923772909	1	1	173	100	3	0	-G
E4_BC52_191109_LF_LIB_consensus_vsearch	2872	G	G	263	6	2.17%	2	1	93	93	0.015190993352737225	1	1	170	93	0	6	+C
E4_BC52_191109_LF_LIB_consensus_vsearch	2873	C	C	267	5	1.8%	2	2	93	93	0.030676089228361576	1	1	171	96	2	3	-T
E4_BC52_191109_LF_LIB_consensus_vsearch	2874	T	*/+C	255	10	3.62%	2	2	93	93	8.956759757555054E-4	1	1	162	93	8	2	+C
E4_BC52_191109_LF_LIB_consensus_vsearch	2875	C	C	266	3	1.09%	2	1	93	93	0.1243016759777629	1	1	173	93	0	3	+T
E4_BC52_191109_LF_LIB_consensus_vsearch	2876	G	G	276	2	0.71%	2	1	93	93	0.24954954954932992	1	1	174	102	2	0	-A
E4_BC52_191109_LF_LIB_consensus_vsearch	2877	A	A	275	1	0.36%	2	1	93	93	0.5000000000003686	1	1	173	102	0	1	+C
E4_BC52_191109_LF_LIB_consensus_vsearch	2878	T	*/-C	205	67	23.93%	2	2	93	93	6.508769120113488E-23	1	1	135	70	40	27	-C
E4_BC52_191109_LF_LIB_consensus_vsearch	2879	C	C	205	6	2.84%	2	1	93	93	0.015072272591959035	1	1	136	69	0	6	+T
E4_BC52_191109_LF_LIB_consensus_vsearch	2880	C	C	273	3	1.08%	2	1	93	93	0.12431941923772909	1	1	176	97	0	3	T
E4_BC52_191109_LF_LIB_consensus_vsearch	2881	C	Y	248	27	9.64%	2	2	93	93	3.809579925287233E-9	1	1	173	75	1	26	T
E4_BC52_191109_LF_LIB_consensus_vsearch	2882	C	C	272	4	1.42%	2	2	93	93	0.06182003907461255	1	1	172	100	1	3	-A
E4_BC52_191109_LF_LIB_consensus_vsearch	2883	A	A	271	3	1.08%	2	1	93	93	0.12431444241326345	1	1	170	101	3	0	-G
E4_BC52_191109_LF_LIB_consensus_vsearch	2884	G	R	261	16	5.76%	2	2	93	93	1.2210349195973403E-5	1	1	158	103	15	1	A
E4_BC52_191109_LF_LIB_consensus_vsearch	2885	C	*/-AC	265	9	3.2%	2	1	93	93	0.0018270442691405997	1	1	165	100	9	0	-AC
E4_BC52_191109_LF_LIB_consensus_vsearch	2886	A	A	267	1	0.37%	2	1	93	93	0.5000000000003686	1	1	164	103	1	0	+C
E4_BC52_191109_LF_LIB_consensus_vsearch	2887	C	C	262	3	1.1%	2	2	93	93	0.12429111531193521	1	1	164	98	2	1	+AC
E4_BC52_191109_LF_LIB_consensus_vsearch	2888	G	G	273	6	2.15%	2	1	93	93	0.015206492151232055	1	1	170	103	6	0	-A
E4_BC52_191109_LF_LIB_consensus_vsearch	2889	A	A	271	1	0.36%	2	1	93	93	0.4999999999999138	1	1	169	102	0	1	+GG
E4_BC52_191109_LF_LIB_consensus_vsearch	2890	T	T	275	2	0.71%	2	1	93	93	0.24954792043411347	1	1	174	101	2	0	-G
E4_BC52_191109_LF_LIB_consensus_vsearch	2891	G	G	276	1	0.36%	2	1	93	93	0.5000000000003686	1	1	173	103	0	1	-C
E4_BC52_191109_LF_LIB_consensus_vsearch	2892	C	C	276	3	1.07%	2	2	93	93	0.12432675044874984	1	1	175	101	1	2	T
E4_BC52_191109_LF_LIB_consensus_vsearch	2893	A	R	270	8	2.84%	2	2	93	93	0.003711840998534883	1	1	169	101	7	1	G
E4_BC52_191109_LF_LIB_consensus_vsearch	2894	G	*/-C	260	12	4.3%	2	1	93	93	2.1567900632063892E-4	1	1	172	88	0	12	-C
E4_BC52_191109_LF_LIB_consensus_vsearch	2895	C	C	260	4	1.49%	2	1	93	93	0.06178910273789233	1	1	176	84	0	4	+T
E4_BC52_191109_LF_LIB_consensus_vsearch	2896	C	C	273	2	0.71%	2	1	93	93	0.2495446265938613	1	1	175	98	0	2	-TC
E4_BC52_191109_LF_LIB_consensus_vsearch	2897	T	T	268	3	1.09%	2	2	93	93	0.12430683918669663	1	1	170	98	2	1	+C
E4_BC52_191109_LF_LIB_consensus_vsearch	2898	C	C	264	5	1.82%	2	1	93	93	0.030669694912897477	1	1	168	96	5	0	-A
E4_BC52_191109_LF_LIB_consensus_vsearch	2899	A	A	250	6	2.2%	2	1	93	93	0.015169042029074849	1	1	155	95	6	0	+C
E4_BC52_191109_LF_LIB_consensus_vsearch	2900	C	C	255	6	2.19%	2	2	93	93	0.01517774260134363	1	1	161	94	5	1	+T
E4_BC52_191109_LF_LIB_consensus_vsearch	2901	A	R	234	23	8.33%	2	1	93	93	7.123260178577455E-8	1	1	146	88	23	0	G
E4_BC52_191109_LF_LIB_consensus_vsearch	2902	G	G	265	2	0.74%	2	2	93	93	0.2495309568482648	1	1	171	94	1	1	+A
E4_BC52_191109_LF_LIB_consensus_vsearch	2903	G	G	272	6	2.13%	2	2	93	93	0.015204992260514073	1	1	170	102	5	1	-A
E4_BC52_191109_LF_LIB_consensus_vsearch	2904	A	A	264	6	2.19%	2	2	93	93	0.015192594697130085	1	1	167	97	1	5	-T
E4_BC52_191109_LF_LIB_consensus_vsearch	2905	T	T	272	1	0.36%	2	1	93	93	0.5000000000003686	1	1	173	99	1	0	+CG
E4_BC52_191109_LF_LIB_consensus_vsearch	2906	T	T	271	4	1.42%	2	2	93	93	0.06181756426009212	1	1	170	101	2	2	C
E4_BC52_191109_LF_LIB_consensus_vsearch	2907	A	*/-C	250	10	3.61%	2	2	93	93	8.941601421015523E-4	1	1	155	95	9	1	-C
E4_BC52_191109_LF_LIB_consensus_vsearch	2908	C	*/+T	252	9	3.36%	2	1	93	93	0.0018208809482378404	1	1	164	88	0	9	+T
E4_BC52_191109_LF_LIB_consensus_vsearch	2909	C	C	268	3	1.07%	2	1	93	93	0.12430683918669663	1	1	171	97	0	3	+TC
E4_BC52_191109_LF_LIB_consensus_vsearch	2910	C	Y	271	8	2.85%	2	2	93	93	0.0037125295286029917	1	1	175	96	2	6	T
E4_BC52_191109_LF_LIB_consensus_vsearch	2911	A	A	274	3	1.07%	2	1	93	93	0.1243218806510022	1	1	172	102	3	0	G
E4_BC52_191109_LF_LIB_consensus_vsearch	2912	G	G	265	6	2.14%	2	2	93	93	0.015194184268635263	1	1	169	96	2	4	-C
E4_BC52_191109_LF_LIB_consensus_vsearch	2913	C	*/+T	262	9	3.27%	2	1	93	93	0.0018256734909882749	1	1	175	87	0	9	+T
E4_BC52_191109_LF_LIB_consensus_vsearch	2914	C	C	275	4	1.42%	2	2	93	93	0.06182735698001327	1	1	177	98	1	3	T
E4_BC52_191109_LF_LIB_consensus_vsearch	2915	C	C	270	6	2.13%	2	1	93	93	0.015201959994994966	1	1	178	92	0	6	+T
E4_BC52_191109_LF_LIB_consensus_vsearch	2916	T	*/-C	260	12	4.33%	2	1	93	93	2.1567900632063892E-4	1	1	176	84	0	12	-C
E4_BC52_191109_LF_LIB_consensus_vsearch	2917	C	*/-TC	236	15	5.58%	2	2	93	93	2.4603451297384386E-5	1	1	165	71	9	6	-TC
E4_BC52_191109_LF_LIB_consensus_vsearch	2918	T	*/+C	226	10	4.02%	2	1	93	93	8.86015765791995E-4	1	1	144	82	10	0	+C
E4_BC52_191109_LF_LIB_consensus_vsearch	2919	C	*/-GG	233	7	2.71%	2	1	93	93	0.007473572259320498	1	1	160	73	0	7	-GG
E4_BC52_191109_LF_LIB_consensus_vsearch	2920	G	R	241	20	7.6%	2	1	93	93	6.533534499892919E-7	1	1	156	85	20	0	A
E4_BC52_191109_LF_LIB_consensus_vsearch	2921	G	G	267	2	0.74%	2	1	93	93	0.24953445065180796	1	1	177	90	0	2	A
E4_BC52_191109_LF_LIB_consensus_vsearch	2922	G	G	277	2	0.71%	2	1	93	93	0.24955116696580612	1	1	176	101	2	0	A
E4_BC52_191109_LF_LIB_consensus_vsearch	2923	A	A	274	2	0.71%	2	2	93	93	0.2495462794919261	1	1	173	101	1	1	-T
E4_BC52_191109_LF_LIB_consensus_vsearch	2924	T	Y	257	7	2.51%	2	2	93	93	0.007504145184876668	1	1	163	94	1	6	C
E4_BC52_191109_LF_LIB_consensus_vsearch	2925	A	R	251	14	5.05%	2	2	93	93	5.1174649899007536E-5	1	1	154	97	12	2	G
E4_BC52_191109_LF_LIB_consensus_vsearch	2926	G	G	270	4	1.45%	2	2	93	93	0.06181507136518779	1	1	169	101	3	1	+A
E4_BC52_191109_LF_LIB_consensus_vsearch	2927	G	G	281	1	0.35%	2	1	93	93	0.4999999999999138	1	1	177	104	1	0	T
E4_BC52_191109_LF_LIB_consensus_vsearch	2928	T	T	278	2	0.71%	2	1	93	93	0.24955277280837324	1	1	176	102	0	2	+G
E4_BC52_191109_LF_LIB_consensus_vsearch	2929	G	G	274	4	1.42%	2	1	93	93	0.061824935242698754	1	1	172	102	4	0	-A
E4_BC52_191109_LF_LIB_consensus_vsearch	2930	A	A	273	2	0.72%	2	2	93	93	0.2495446265938613	1	1	171	102	1	1	+G
E4_BC52_191109_LF_LIB_consensus_vsearch	2931	A	A	273	4	1.43%	2	1	93	93	0.061822496004320764	1	1	170	103	4	0	G
E4_BC52_191109_LF_LIB_consensus_vsearch	2932	T	T	277	1	0.36%	2	1	93	93	0.4999999999999138	1	1	174	103	0	1	+C
E4_BC52_191109_LF_LIB_consensus_vsearch	2933	G	*/-C	268	11	3.9%	2	1	93	93	4.416107728500366E-4	1	1	166	102	11	0	-C
E4_BC52_191109_LF_LIB_consensus_vsearch	2934	C	C	268	1	0.37%	2	1	93	93	0.5000000000003686	1	1	165	103	1	0	G
E4_BC52_191109_LF_LIB_consensus_vsearch	2935	C	C	273	3	1.07%	2	2	93	93	0.12431941923772909	1	1	173	100	1	2	T
E4_BC52_191109_LF_LIB_consensus_vsearch	2936	C	C	276	2	0.71%	2	1	93	93	0.24954954954932992	1	1	173	103	2	0	-A
E4_BC52_191109_LF_LIB_consensus_vsearch	2937	A	A	275	2	0.72%	2	1	93	93	0.24954792043411347	1	1	174	101	0	2	G
E4_BC52_191109_LF_LIB_consensus_vsearch	2938	T	T	276	2	0.72%	2	1	93	93	0.24954954954932992	1	1	174	102	2	0	G
E4_BC52_191109_LF_LIB_consensus_vsearch	2939	T	T	277	2	0.71%	2	1	93	93	0.24955116696580612	1	1	176	101	0	2	+G
E4_BC52_191109_LF_LIB_consensus_vsearch	2940	G	G	274	3	1.07%	2	1	93	93	0.1243218806510022	1	1	174	100	0	3	+T
E4_BC52_191109_LF_LIB_consensus_vsearch	2941	T	T	272	4	1.42%	2	2	93	93	0.06182003907461255	1	1	174	98	1	3	C
E4_BC52_191109_LF_LIB_consensus_vsearch	2942	C	C	273	3	1.08%	2	1	93	93	0.12431941923772909	1	1	176	97	0	3	-T
E4_BC52_191109_LF_LIB_consensus_vsearch	2943	T	T	270	2	0.72%	2	1	93	93	0.2495395948434138	1	1	175	95	0	2	-G
E4_BC52_191109_LF_LIB_consensus_vsearch	2944	G	G	276	2	0.72%	2	2	93	93	0.24954954954932992	1	1	177	99	1	1	A
E4_BC52_191109_LF_LIB_consensus_vsearch	2945	C	Y	270	9	3.21%	2	1	93	93	0.001829264549546966	1	1	177	93	0	9	T
E4_BC52_191109_LF_LIB_consensus_vsearch	2946	A	A	277	1	0.36%	2	1	93	93	0.4999999999999138	1	1	176	101	0	1	+TT
E4_BC52_191109_LF_LIB_consensus_vsearch	2947	T	*/+C	269	7	2.5%	2	1	93	93	0.007517452744777598	1	1	168	101	7	0	+C
E4_BC52_191109_LF_LIB_consensus_vsearch	2948	C	C	273	2	0.71%	2	2	93	93	0.2495446265938613	1	1	172	101	1	1	-A
E4_BC52_191109_LF_LIB_consensus_vsearch	2949	A	A	269	5	1.79%	2	2	93	93	0.030680274390748198	1	1	170	99	4	1	G
E4_BC52_191109_LF_LIB_consensus_vsearch	2950	G	G	269	5	1.8%	2	1	93	93	0.030680274390748198	1	1	167	102	5	0	A
E4_BC52_191109_LF_LIB_consensus_vsearch	2951	T	T	265	6	2.14%	2	1	93	93	0.015194184268635263	1	1	171	94	0	6	-GT
E4_BC52_191109_LF_LIB_consensus_vsearch	2952	G	G	254	6	2.21%	2	2	93	93	0.015176029151052142	1	1	157	97	5	1	-TA
E4_BC52_191109_LF_LIB_consensus_vsearch	2953	T	Y	238	13	4.94%	2	2	93	93	1.0408769971274523E-4	1	1	157	81	3	10	C
E4_BC52_191109_LF_LIB_consensus_vsearch	2954	A	R	246	9	3.37%	2	1	93	93	0.0018178284943888832	1	1	147	99	9	0	G
E4_BC52_191109_LF_LIB_consensus_vsearch	2955	G	G	252	6	2.23%	2	2	93	93	0.015172562563020547	1	1	156	96	5	1	-C
E4_BC52_191109_LF_LIB_consensus_vsearch	2956	C	C	242	5	1.85%	2	1	93	93	0.030618062239993613	1	1	148	94	5	0	-G
E4_BC52_191109_LF_LIB_consensus_vsearch	2957	G	G	254	6	2.17%	2	1	93	93	0.015176029151052142	1	1	156	98	6	0	A
E4_BC52_191109_LF_LIB_consensus_vsearch	2958	C	Y	247	15	5.43%	2	2	93	93	2.483343316643122E-5	1	1	159	88	5	10	T
E4_BC52_191109_LF_LIB_consensus_vsearch	2959	G	*/-CG	205	58	20.86%	2	2	93	93	1.0094358909040294E-19	1	1	132	73	30	28	-CG
E4_BC52_191109_LF_LIB_consensus_vsearch	2960	C	C	204	6	2.76%	2	2	93	93	0.015069653452839263	1	1	140	64	1	5	T
E4_BC52_191109_LF_LIB_consensus_vsearch	2961	G	*/+A	177	15	6.91%	2	1	93	93	2.2967098326715997E-5	1	1	116	61	15	0	+A
E4_BC52_191109_LF_LIB_consensus_vsearch	2962	T	T	262	1	0.37%	2	1	93	93	0.5000000000003686	1	1	171	91	1	0	+A
E4_BC52_191109_LF_LIB_consensus_vsearch	2963	G	R	254	10	3.57%	2	1	93	93	8.953772843442645E-4	1	1	159	95	10	0	A
E4_BC52_191109_LF_LIB_consensus_vsearch	2964	C	*/-GG	228	20	7.33%	2	2	93	93	6.400015184651805E-7	1	1	146	82	10	10	-GG
E4_BC52_191109_LF_LIB_consensus_vsearch	2965	G	G	250	4	1.55%	2	1	93	93	0.061761087351402955	1	1	161	89	4	0	+A
E4_BC52_191109_LF_LIB_consensus_vsearch	2966	G	+C/+C	22	205	78.54%	2	2	93	93	1.0228319616853236E-104	1	1	12	10	135	70	+C
E4_BC52_191109_LF_LIB_consensus_vsearch	2967	C	C	274	4	1.42%	2	1	93	93	0.061824935242698754	1	1	176	98	0	4	+TC
E4_BC52_191109_LF_LIB_consensus_vsearch	2968	C	C	270	3	1.06%	2	2	93	93	0.12431192660547026	1	1	171	99	2	1	+A
E4_BC52_191109_LF_LIB_consensus_vsearch	2969	A	*/-G	264	7	2.51%	2	2	93	93	0.007512050058182546	1	1	170	94	1	6	-G
E4_BC52_191109_LF_LIB_consensus_vsearch	2970	G	G	273	1	0.36%	2	1	93	93	0.4999999999999138	1	1	176	97	0	1	+T
E4_BC52_191109_LF_LIB_consensus_vsearch	2971	G	G	281	1	0.35%	2	1	93	93	0.4999999999999138	1	1	177	104	1	0	-A
E4_BC52_191109_LF_LIB_consensus_vsearch	2972	A	A	278	3	1.07%	2	2	93	93	0.12433155080212302	1	1	175	103	2	1	G
E4_BC52_191109_LF_LIB_consensus_vsearch	2973	C	C	281	1	0.35%	2	1	93	93	0.4999999999999138	1	1	177	104	1	0	+G
E4_BC52_191109_LF_LIB_consensus_vsearch	2974	A	A	277	2	0.71%	2	1	93	93	0.24955116696580612	1	1	175	102	0	2	-T
E4_BC52_191109_LF_LIB_consensus_vsearch	2975	T	T	275	3	1.07%	2	1	93	93	0.1243243243242452	1	1	174	101	3	0	+C
E4_BC52_191109_LF_LIB_consensus_vsearch	2976	C	C	281	1	0.35%	2	1	93	93	0.4999999999999138	1	1	177	104	1	0	-TA
E4_BC52_191109_LF_LIB_consensus_vsearch	2977	T	*/-A	256	13	4.63%	2	2	93	93	1.0523051243934297E-4	1	1	155	101	11	2	-A
E4_BC52_191109_LF_LIB_consensus_vsearch	2978	A	A	266	1	0.37%	2	1	93	93	0.4999999999999138	1	1	165	101	0	1	G
E4_BC52_191109_LF_LIB_consensus_vsearch	2979	A	*/-G	262	7	2.49%	2	2	93	93	0.007509833180020558	1	1	167	95	3	4	-G
E4_BC52_191109_LF_LIB_consensus_vsearch	2980	G	G	269	1	0.37%	2	1	93	93	0.4999999999999138	1	1	170	99	1	0	+A
E4_BC52_191109_LF_LIB_consensus_vsearch	2981	G	G	270	4	1.43%	2	1	93	93	0.06181507136518779	1	1	168	102	4	0	A
E4_BC52_191109_LF_LIB_consensus_vsearch	2982	G	G	275	2	0.71%	2	2	93	93	0.24954792043411347	1	1	174	101	1	1	-CA
E4_BC52_191109_LF_LIB_consensus_vsearch	2983	C	C	270	6	2.16%	2	2	93	93	0.015201959994994966	1	1	171	99	3	3	T
E4_BC52_191109_LF_LIB_consensus_vsearch	2984	A	A	275	1	0.36%	2	1	93	93	0.5000000000003686	1	1	174	101	0	1	+C
E4_BC52_191109_LF_LIB_consensus_vsearch	2985	T	T	272	3	1.07%	2	2	93	93	0.12431693989066941	1	1	171	101	2	1	-C
E4_BC52_191109_LF_LIB_consensus_vsearch	2986	C	C	272	6	2.16%	2	1	93	93	0.015204992260514073	1	1	169	103	6	0	-A
E4_BC52_191109_LF_LIB_consensus_vsearch	2987	A	A	262	5	1.81%	2	1	93	93	0.030665352285866324	1	1	163	99	5	0	T
E4_BC52_191109_LF_LIB_consensus_vsearch	2988	C	C	268	5	1.79%	2	1	93	93	0.030678189467263802	1	1	168	100	5	0	G
E4_BC52_191109_LF_LIB_consensus_vsearch	2989	A	A	267	6	2.15%	2	2	93	93	0.015197328608558202	1	1	169	98	5	1	G
E4_BC52_191109_LF_LIB_consensus_vsearch	2990	G	G	274	2	0.72%	2	1	93	93	0.2495462794919261	1	1	172	102	2	0	-A
E4_BC52_191109_LF_LIB_consensus_vsearch	2991	A	A	267	6	2.15%	2	1	93	93	0.015197328608558202	1	1	173	94	0	6	+C
E4_BC52_191109_LF_LIB_consensus_vsearch	2992	C	C	276	1	0.36%	2	1	93	93	0.5000000000003686	1	1	176	100	0	1	+T
E4_BC52_191109_LF_LIB_consensus_vsearch	2993	C	C	277	3	1.06%	2	1	93	93	0.12432915921300346	1	1	178	99	0	3	-T
E4_BC52_191109_LF_LIB_consensus_vsearch	2994	T	Y	261	8	2.87%	2	2	93	93	0.003705416747963619	1	1	174	87	1	7	C
E4_BC52_191109_LF_LIB_consensus_vsearch	2995	G	*/-T	262	11	3.93%	2	2	93	93	4.4061758463860134E-4	1	1	164	98	10	1	-T
E4_BC52_191109_LF_LIB_consensus_vsearch	2996	T	T	260	4	1.5%	2	2	93	93	0.06178910273789233	1	1	166	94	1	3	C
E4_BC52_191109_LF_LIB_consensus_vsearch	2997	T	*/-A	241	25	8.99%	2	1	93	93	1.6497752559440774E-8	1	1	145	96	25	0	-A
E4_BC52_191109_LF_LIB_consensus_vsearch	2998	A	A	235	6	2.4%	2	2	93	93	0.015140783526168764	1	1	138	97	4	2	G
E4_BC52_191109_LF_LIB_consensus_vsearch	2999	T	K	244	25	9.23%	2	1	93	93	1.661223066858082E-8	1	1	145	99	25	0	G
E4_BC52_191109_LF_LIB_consensus_vsearch	3000	T	T	270	1	0.36%	2	1	93	93	0.4999999999999138	1	1	169	101	0	1	-GCC
E4_BC52_191109_LF_LIB_consensus_vsearch	3001	G	*/-C	260	14	5.02%	2	2	93	93	5.1479286631846194E-5	1	1	167	93	6	8	-C
E4_BC52_191109_LF_LIB_consensus_vsearch	3002	C	C	259	2	0.76%	2	1	93	93	0.24952015355082954	1	1	171	88	0	2	T
E4_BC52_191109_LF_LIB_consensus_vsearch	3003	C	*/-A	242	17	6.12%	2	2	93	93	5.816934560054175E-6	1	1	167	75	4	13	-A
E4_BC52_191109_LF_LIB_consensus_vsearch	3004	A	A	247	6	2.32%	2	1	93	93	0.015163657292611031	1	1	173	74	0	6	T
E4_BC52_191109_LF_LIB_consensus_vsearch	3005	A	*/-G	255	13	4.68%	2	2	93	93	1.051708397388793E-4	1	1	172	83	6	7	-G
E4_BC52_191109_LF_LIB_consensus_vsearch	3006	G	R	247	11	4.17%	2	1	93	93	4.3793947047224713E-4	1	1	159	88	11	0	A
E4_BC52_191109_LF_LIB_consensus_vsearch	3007	C	C	271	1	0.36%	2	1	93	93	0.4999999999999138	1	1	176	95	0	1	+A
E4_BC52_191109_LF_LIB_consensus_vsearch	3008	A	A	273	5	1.77%	2	2	93	93	0.03068846423273724	1	1	177	96	1	4	-C
E4_BC52_191109_LF_LIB_consensus_vsearch	3009	C	C	272	2	0.72%	2	1	93	93	0.2495429616087481	1	1	176	96	0	2	T
E4_BC52_191109_LF_LIB_consensus_vsearch	3010	C	C	272	5	1.78%	2	1	93	93	0.03068643892575303	1	1	178	94	0	5	-TC
E4_BC52_191109_LF_LIB_consensus_vsearch	3011	T	T	265	5	1.82%	2	2	93	93	0.030671842124359663	1	1	172	93	4	1	-C
E4_BC52_191109_LF_LIB_consensus_vsearch	3012	C	C	268	1	0.37%	2	1	93	93	0.5000000000003686	1	1	174	94	0	1	+A
E4_BC52_191109_LF_LIB_consensus_vsearch	3013	C	*/-AC	267	10	3.57%	2	1	93	93	8.990961781053044E-4	1	1	168	99	10	0	-AC
E4_BC52_191109_LF_LIB_consensus_vsearch	3014	A	A	264	2	0.74%	2	1	93	93	0.24952919020719036	1	1	165	99	0	2	+T
E4_BC52_191109_LF_LIB_consensus_vsearch	3015	C	C	265	1	0.37%	2	1	93	93	0.4999999999999138	1	1	165	100	1	0	+A
E4_BC52_191109_LF_LIB_consensus_vsearch	3016	G	*/-C	261	12	4.3%	2	2	93	93	2.1577907883231425E-4	1	1	165	96	9	3	-C
E4_BC52_191109_LF_LIB_consensus_vsearch	3017	C	*/+T	256	10	3.73%	2	1	93	93	8.959724786606658E-4	1	1	168	88	0	10	+T
E4_BC52_191109_LF_LIB_consensus_vsearch	3018	C	*/+T	266	10	3.56%	2	1	93	93	8.988222415871298E-4	1	1	177	89	0	10	+T
E4_BC52_191109_LF_LIB_consensus_vsearch	3019	C	*/-T	248	23	8.16%	2	2	93	93	7.323856325890838E-8	1	1	170	78	4	19	-T
E4_BC52_191109_LF_LIB_consensus_vsearch	3020	T	T	242	6	2.33%	2	1	93	93	0.015154394442017034	1	1	165	77	6	0	A
E4_BC52_191109_LF_LIB_consensus_vsearch	3021	T	Y	269	10	3.57%	2	2	93	93	8.99638303056038E-4	1	1	175	94	3	7	C
E4_BC52_191109_LF_LIB_consensus_vsearch	3022	A	A	279	2	0.71%	2	1	93	93	0.24955436720141339	1	1	176	103	2	0	G
E4_BC52_191109_LF_LIB_consensus_vsearch	3023	A	*/-C	270	8	2.84%	2	2	93	93	0.003711840998534883	1	1	169	101	6	2	-C
E4_BC52_191109_LF_LIB_consensus_vsearch	3024	C	C	270	2	0.73%	2	1	93	93	0.2495395948434138	1	1	171	99	0	2	+TT
E4_BC52_191109_LF_LIB_consensus_vsearch	3025	C	Y	255	9	3.19%	2	2	93	93	0.0018223561198992344	1	1	166	89	2	7	T
E4_BC52_191109_LF_LIB_consensus_vsearch	3026	G	G	264	3	1.11%	2	1	93	93	0.1242964352720778	1	1	169	95	3	0	A
E4_BC52_191109_LF_LIB_consensus_vsearch	3027	G	G	272	3	1.08%	2	2	93	93	0.12431693989066941	1	1	173	99	2	1	A
E4_BC52_191109_LF_LIB_consensus_vsearch	3028	G	+C/+C	9	244	86.83%	2	2	93	93	1.878410610198439E-135	1	1	3	6	159	85	+C
E4_BC52_191109_LF_LIB_consensus_vsearch	3029	G	*/-C	269	8	2.84%	2	2	93	93	0.00371114755755057	1	1	170	99	3	5	-C
E4_BC52_191109_LF_LIB_consensus_vsearch	3030	C	C	266	2	0.73%	2	1	93	93	0.24953271028049737	1	1	172	94	0	2	T
E4_BC52_191109_LF_LIB_consensus_vsearch	3031	C	Y	267	8	2.84%	2	2	93	93	0.003709745731198054	1	1	173	94	2	6	T
E4_BC52_191109_LF_LIB_consensus_vsearch	3032	G	G	273	3	1.08%	2	2	93	93	0.12431941923772909	1	1	173	100	2	1	A
E4_BC52_191109_LF_LIB_consensus_vsearch	3033	G	G	271	3	1.06%	2	2	93	93	0.12431444241326345	1	1	173	98	1	2	-T
E4_BC52_191109_LF_LIB_consensus_vsearch	3034	T	*/-C	212	35	12.64%	2	2	93	93	7.962686957276134E-12	1	1	126	86	25	10	-C
E4_BC52_191109_LF_LIB_consensus_vsearch	3035	C	C	227	0	0%	2	0	93	0	1.0	1	0	138	89	0	0	
E4_BC52_191109_LF_LIB_consensus_vsearch	3036	C	C	258	2	0.76%	2	1	93	93	0.24951830443137643	1	1	159	99	2	0	T
E4_BC52_191109_LF_LIB_consensus_vsearch	3037	C	Y	257	12	4.27%	2	2	93	93	2.1537451184080097E-4	1	1	168	89	2	10	T
E4_BC52_191109_LF_LIB_consensus_vsearch	3038	C	Y	199	54	19.15%	2	2	93	93	2.332051167311844E-18	1	1	122	77	40	14	T
E4_BC52_191109_LF_LIB_consensus_vsearch	3039	A	R	242	10	3.83%	2	2	93	93	8.916130618494134E-4	1	1	158	84	5	5	G
E4_BC52_191109_LF_LIB_consensus_vsearch	3040	A	R	250	9	3.25%	2	2	93	93	0.0018198788774539596	1	1	166	84	5	4	G
E4_BC52_191109_LF_LIB_consensus_vsearch	3041	G	K	259	7	2.58%	2	1	93	93	0.007506445843275869	1	1	169	90	0	7	T
E4_BC52_191109_LF_LIB_consensus_vsearch	3042	G	G	281	0	0%	2	0	93	0	1.0	1	0	178	103	0	0	
E4_BC52_191109_LF_LIB_consensus_vsearch	3043	C	C	266	5	1.78%	2	1	93	93	0.030673973504714284	1	1	171	95	0	5	T
E4_BC52_191109_LF_LIB_consensus_vsearch	3044	G	G	269	3	1.08%	2	1	93	93	0.12430939226523824	1	1	171	98	3	0	C
E4_BC52_191109_LF_LIB_consensus_vsearch	3045	C	*/-A	244	18	6.5%	2	2	93	93	2.8199762761997825E-6	1	1	152	92	16	2	-A
E4_BC52_191109_LF_LIB_consensus_vsearch	3046	A	A	254	2	0.77%	2	2	93	93	0.2495107632092758	1	1	157	97	1	1	+G
E4_BC52_191109_LF_LIB_consensus_vsearch	3047	A	A	268	3	1.07%	2	2	93	93	0.12430683918669663	1	1	169	99	2	1	+G
E4_BC52_191109_LF_LIB_consensus_vsearch	3048	G	*/-A	250	11	3.99%	2	1	93	93	4.3849887966753017E-4	1	1	151	99	11	0	-A
E4_BC52_191109_LF_LIB_consensus_vsearch	3049	A	A	256	3	1.14%	2	2	93	93	0.12427466150865948	1	1	156	100	2	1	+GA
E4_BC52_191109_LF_LIB_consensus_vsearch	3050	A	A	271	4	1.45%	2	1	93	93	0.06181756426009212	1	1	169	102	4	0	+G
E4_BC52_191109_LF_LIB_consensus_vsearch	3051	G	*/-A	256	14	5.07%	2	1	93	93	5.1346242618817986E-5	1	1	155	101	14	0	-A
E4_BC52_191109_LF_LIB_consensus_vsearch	3052	A	A	257	3	1.13%	2	2	93	93	0.12427745664727831	1	1	159	98	1	2	G
E4_BC52_191109_LF_LIB_consensus_vsearch	3053	G	G	271	2	0.72%	2	2	93	93	0.24954128440383208	1	1	172	99	1	1	-C
E4_BC52_191109_LF_LIB_consensus_vsearch	3054	C	C	269	4	1.44%	2	1	93	93	0.06181256019060895	1	1	174	95	0	4	T
E4_BC52_191109_LF_LIB_consensus_vsearch	3055	G	G	269	2	0.72%	2	1	93	93	0.24953789279111838	1	1	170	99	2	0	+C
E4_BC52_191109_LF_LIB_consensus_vsearch	3056	C	C	266	4	1.44%	2	2	93	93	0.06180491495741971	1	1	168	98	1	3	T
E4_BC52_191109_LF_LIB_consensus_vsearch	3057	C	*/-GCC	263	7	2.49%	2	2	93	93	0.007510945692957774	1	1	171	92	3	4	-GCC
E4_BC52_191109_LF_LIB_consensus_vsearch	3058	G	*/-C	245	19	6.99%	2	2	93	93	1.3634490521887613E-6	1	1	166	79	2	17	-C
E4_BC52_191109_LF_LIB_consensus_vsearch	3059	C	C	249	1	0.4%	2	1	93	93	0.5000000000003686	1	1	169	80	1	0	+GC
E4_BC52_191109_LF_LIB_consensus_vsearch	3060	C	C	271	1	0.37%	2	1	93	93	0.4999999999999138	1	1	172	99	1	0	+G
E4_BC52_191109_LF_LIB_consensus_vsearch	3061	C	*/-T	266	7	2.49%	2	2	93	93	0.0075142347009056415	1	1	177	89	1	6	-T
E4_BC52_191109_LF_LIB_consensus_vsearch	3062	T	*/+C	252	7	2.61%	2	1	93	93	0.007498239332403135	1	1	167	85	7	0	+C
E4_BC52_191109_LF_LIB_consensus_vsearch	3063	C	*/+A	254	12	4.38%	2	2	93	93	2.1506344050599332E-4	1	1	162	92	10	2	+A
E4_BC52_191109_LF_LIB_consensus_vsearch	3064	G	*/+A	28	206	73.57%	2	2	93	93	1.348790360013615E-102	1	1	25	3	107	99	+A
E4_BC52_191109_LF_LIB_consensus_vsearch	3065	A	*/+G	54	200	73.26%	1	2	93	93	2.5144202168498385E-91	1	1	54	0	101	99	+G
E4_BC52_191109_LF_LIB_consensus_vsearch	3066	C	S	240	21	7.55%	2	1	93	93	3.1366171603076095E-7	1	1	139	101	21	0	G
E4_BC52_191109_LF_LIB_consensus_vsearch	3067	C	S	268	7	2.51%	2	1	93	93	0.007516387806114139	1	1	164	104	7	0	G
E4_BC52_191109_LF_LIB_consensus_vsearch	3068	C	*/+A	222	12	4.27%	2	2	93	93	2.1127296798947417E-4	1	1	132	90	10	2	+A
E4_BC52_191109_LF_LIB_consensus_vsearch	3069	G	*/-A	223	27	10.42%	2	2	93	93	3.5488272109490146E-9	1	1	125	98	25	2	-A
E4_BC52_191109_LF_LIB_consensus_vsearch	3070	A	A	233	4	1.65%	2	2	93	93	0.06170802978681481	1	1	135	98	3	1	+G
E4_BC52_191109_LF_LIB_consensus_vsearch	3071	A	M	245	22	7.91%	2	2	93	93	1.5189118223902163E-7	1	1	147	98	20	2	C
E4_BC52_191109_LF_LIB_consensus_vsearch	3072	A	*/-G	252	24	8.51%	2	2	93	93	3.535108512385678E-8	1	1	153	99	22	2	-G
E4_BC52_191109_LF_LIB_consensus_vsearch	3073	G	G	252	2	0.78%	2	1	93	93	0.2495069033532105	1	1	155	97	0	2	+TA
E4_BC52_191109_LF_LIB_consensus_vsearch	3074	C	C	276	2	0.71%	2	2	93	93	0.24954954954932992	1	1	175	101	1	1	+GC
E4_BC52_191109_LF_LIB_consensus_vsearch	3075	A	+CA/+CA	48	222	79%	2	2	93	93	2.029250118205616E-104	1	1	33	15	135	87	+CA
E4_BC52_191109_LF_LIB_consensus_vsearch	3076	T	Y	257	10	3.65%	2	2	93	93	8.962668170105445E-4	1	1	158	99	8	2	C
E4_BC52_191109_LF_LIB_consensus_vsearch	3077	G	*/-A	251	17	6.09%	2	1	93	93	5.871878244831277E-6	1	1	148	103	17	0	-A
E4_BC52_191109_LF_LIB_consensus_vsearch	3078	A	*/-G	150	92	34.85%	2	2	93	93	4.2719009701858695E-33	1	1	59	91	79	13	-G
E4_BC52_191109_LF_LIB_consensus_vsearch	3079	G	G	181	1	0.55%	2	1	93	93	0.4999999999999138	1	1	90	91	1	0	+AG
E4_BC52_191109_LF_LIB_consensus_vsearch	3080	G	G	268	6	2.18%	2	1	93	93	0.015198883630026071	1	1	164	104	6	0	T
E4_BC52_191109_LF_LIB_consensus_vsearch	3081	G	*/-A	272	8	2.84%	2	1	93	93	0.003713213199727839	1	1	168	104	8	0	-A
E4_BC52_191109_LF_LIB_consensus_vsearch	3082	A	A	266	3	1.1%	2	1	93	93	0.1243016759777629	1	1	163	103	3	0	-G
E4_BC52_191109_LF_LIB_consensus_vsearch	3083	G	G	265	5	1.81%	2	1	93	93	0.030671842124359663	1	1	162	103	5	0	-A
E4_BC52_191109_LF_LIB_consensus_vsearch	3084	A	R	259	9	3.31%	2	2	93	93	0.0018242725891630934	1	1	159	100	7	2	G
E4_BC52_191109_LF_LIB_consensus_vsearch	3085	C	C	270	5	1.79%	2	2	93	93	0.030682344165700513	1	1	169	101	3	2	T
E4_BC52_191109_LF_LIB_consensus_vsearch	3086	G	R	263	16	5.71%	2	1	93	93	1.2230436340114371E-5	1	1	160	103	16	0	A
E4_BC52_191109_LF_LIB_consensus_vsearch	3087	G	G	275	2	0.71%	2	1	93	93	0.24954792043411347	1	1	174	101	0	2	A
E4_BC52_191109_LF_LIB_consensus_vsearch	3088	C	C	262	6	2.14%	2	1	93	93	0.015189380104217696	1	1	163	99	6	0	-G
E4_BC52_191109_LF_LIB_consensus_vsearch	3089	G	*/-C	252	14	5.11%	2	2	93	93	5.1209451659234146E-5	1	1	150	102	12	2	-C
E4_BC52_191109_LF_LIB_consensus_vsearch	3090	C	C	253	5	1.89%	2	1	93	93	0.030644978141142375	1	1	152	101	5	0	A
E4_BC52_191109_LF_LIB_consensus_vsearch	3091	C	Y	236	30	10.75%	2	2	93	93	3.9167684520851346E-10	1	1	148	88	17	13	T
E4_BC52_191109_LF_LIB_consensus_vsearch	3092	A	A	264	3	1.12%	2	2	93	93	0.1242964352720778	1	1	164	100	2	1	T
E4_BC52_191109_LF_LIB_consensus_vsearch	3093	A	*/-C	259	10	3.57%	2	2	93	93	8.968490941134896E-4	1	1	158	101	9	1	-C
E4_BC52_191109_LF_LIB_consensus_vsearch	3094	C	C	258	5	1.87%	2	1	93	93	0.030656469088614302	1	1	155	103	5	0	G
E4_BC52_191109_LF_LIB_consensus_vsearch	3095	C	*/-T	227	22	7.91%	2	2	93	93	1.4680115312896036E-7	1	1	140	87	11	11	-T
E4_BC52_191109_LF_LIB_consensus_vsearch	3096	T	Y	226	8	3.32%	2	2	93	93	0.003675803526076434	1	1	135	91	7	1	C
E4_BC52_191109_LF_LIB_consensus_vsearch	3097	T	Y	225	19	7.17%	2	1	93	93	1.3249875312819313E-6	1	1	133	92	19	0	C
E4_BC52_191109_LF_LIB_consensus_vsearch	3098	G	R	222	39	14.61%	2	1	93	93	3.922265535011069E-13	1	1	132	90	39	0	A
E4_BC52_191109_LF_LIB_consensus_vsearch	3099	G	G	275	5	1.77%	2	2	93	93	0.030692471488257853	1	1	173	102	4	1	A
E4_BC52_191109_LF_LIB_consensus_vsearch	3100	G	G	272	3	1.06%	2	1	93	93	0.12431693989066941	1	1	172	100	3	0	A
E4_BC52_191109_LF_LIB_consensus_vsearch	3101	T	T	275	3	1.07%	2	1	93	93	0.1243243243242452	1	1	176	99	0	3	C
E4_BC52_191109_LF_LIB_consensus_vsearch	3102	C	C	278	2	0.71%	2	1	93	93	0.24955277280837324	1	1	176	102	0	2	-T
E4_BC52_191109_LF_LIB_consensus_vsearch	3103	T	T	265	5	1.79%	2	1	93	93	0.030671842124359663	1	1	167	98	5	0	+C
E4_BC52_191109_LF_LIB_consensus_vsearch	3104	C	C	268	4	1.43%	2	2	93	93	0.061810030534865154	1	1	171	97	1	3	+T
E4_BC52_191109_LF_LIB_consensus_vsearch	3105	G	R	257	15	5.36%	2	1	93	93	2.5027569093923864E-5	1	1	155	102	15	0	A
E4_BC52_191109_LF_LIB_consensus_vsearch	3106	G	G	277	2	0.71%	2	1	93	93	0.24955116696580612	1	1	175	102	2	0	+A
E4_BC52_191109_LF_LIB_consensus_vsearch	3107	T	T	275	2	0.71%	2	2	93	93	0.24954792043411347	1	1	175	100	1	1	C
E4_BC52_191109_LF_LIB_consensus_vsearch	3108	C	C	271	3	1.07%	2	2	93	93	0.12431444241326345	1	1	171	100	1	2	-T
E4_BC52_191109_LF_LIB_consensus_vsearch	3109	T	T	269	2	0.72%	2	1	93	93	0.24953789279111838	1	1	172	97	0	2	+G
E4_BC52_191109_LF_LIB_consensus_vsearch	3110	C	C	266	5	1.81%	2	1	93	93	0.030673973504714284	1	1	170	96	5	0	-G
E4_BC52_191109_LF_LIB_consensus_vsearch	3111	G	G	265	6	2.17%	2	1	93	93	0.015194184268635263	1	1	173	92	0	6	+C
E4_BC52_191109_LF_LIB_consensus_vsearch	3112	C	C	272	4	1.43%	2	1	93	93	0.06182003907461255	1	1	174	98	4	0	A
E4_BC52_191109_LF_LIB_consensus_vsearch	3113	T	T	273	5	1.77%	2	1	93	93	0.03068846423273724	1	1	177	96	0	5	-C
E4_BC52_191109_LF_LIB_consensus_vsearch	3114	C	C	272	1	0.36%	2	1	93	93	0.5000000000003686	1	1	177	95	0	1	+A
E4_BC52_191109_LF_LIB_consensus_vsearch	3115	G	G	278	2	0.71%	2	1	93	93	0.24955277280837324	1	1	176	102	0	2	-T
E4_BC52_191109_LF_LIB_consensus_vsearch	3116	T	T	280	0	0%	2	0	93	0	1.0	1	0	178	102	0	0	
E4_BC52_191109_LF_LIB_consensus_vsearch	3117	T	T	277	3	1.06%	2	1	93	93	0.12432915921300346	1	1	177	100	0	3	C
E4_BC52_191109_LF_LIB_consensus_vsearch	3118	A	A	276	2	0.71%	2	1	93	93	0.24954954954932992	1	1	177	99	0	2	+C
E4_BC52_191109_LF_LIB_consensus_vsearch	3119	T	*/+C	261	13	4.64%	2	1	93	93	1.0552267566302589E-4	1	1	161	100	13	0	+C
E4_BC52_191109_LF_LIB_consensus_vsearch	3120	C	*/-G	260	12	4.32%	2	2	93	93	2.1567900632063892E-4	1	1	169	91	4	8	-G
E4_BC52_191109_LF_LIB_consensus_vsearch	3121	G	G	263	3	1.12%	2	1	93	93	0.12429378531094196	1	1	170	93	3	0	A
E4_BC52_191109_LF_LIB_consensus_vsearch	3122	G	G	277	3	1.06%	2	2	93	93	0.12432915921300346	1	1	175	102	2	1	A
E4_BC52_191109_LF_LIB_consensus_vsearch	3123	A	A	280	1	0.36%	2	1	93	93	0.4999999999999138	1	1	176	104	1	0	G
E4_BC52_191109_LF_LIB_consensus_vsearch	3124	A	A	278	1	0.35%	2	1	93	93	0.4999999999999138	1	1	177	101	0	1	+C
E4_BC52_191109_LF_LIB_consensus_vsearch	3125	T	T	276	2	0.71%	2	1	93	93	0.24954954954932992	1	1	176	100	2	0	+C
E4_BC52_191109_LF_LIB_consensus_vsearch	3126	C	C	276	2	0.71%	2	1	93	93	0.24954954954932992	1	1	175	101	2	0	-A
E4_BC52_191109_LF_LIB_consensus_vsearch	3127	A	A	278	1	0.36%	2	1	93	93	0.4999999999999138	1	1	175	103	1	0	C
E4_BC52_191109_LF_LIB_consensus_vsearch	3128	A	R	266	10	3.56%	2	1	93	93	8.988222415871298E-4	1	1	165	101	10	0	G
E4_BC52_191109_LF_LIB_consensus_vsearch	3129	C	C	274	3	1.07%	2	1	93	93	0.1243218806510022	1	1	173	101	3	0	G
E4_BC52_191109_LF_LIB_consensus_vsearch	3130	C	C	275	3	1.06%	2	1	93	93	0.1243243243242452	1	1	174	101	3	0	+G
E4_BC52_191109_LF_LIB_consensus_vsearch	3131	A	A	270	5	1.77%	2	2	93	93	0.030682344165700513	1	1	171	99	2	3	+G
E4_BC52_191109_LF_LIB_consensus_vsearch	3132	G	G	275	1	0.36%	2	1	93	93	0.5000000000003686	1	1	173	102	1	0	+A
E4_BC52_191109_LF_LIB_consensus_vsearch	3133	A	A	272	4	1.43%	2	1	93	93	0.06182003907461255	1	1	171	101	4	0	+C
E4_BC52_191109_LF_LIB_consensus_vsearch	3134	C	C	269	6	2.14%	2	2	93	93	0.015200427384840735	1	1	170	99	4	2	-A
E4_BC52_191109_LF_LIB_consensus_vsearch	3135	A	A	273	1	0.36%	2	1	93	93	0.4999999999999138	1	1	173	100	1	0	G
E4_BC52_191109_LF_LIB_consensus_vsearch	3136	A	A	275	3	1.06%	2	2	93	93	0.1243243243242452	1	1	173	102	2	1	G
E4_BC52_191109_LF_LIB_consensus_vsearch	3137	G	G	276	3	1.07%	2	1	93	93	0.12432675044874984	1	1	173	103	3	0	A
E4_BC52_191109_LF_LIB_consensus_vsearch	3138	T	T	279	1	0.35%	2	1	93	93	0.5000000000003686	1	1	175	104	1	0	+A
E4_BC52_191109_LF_LIB_consensus_vsearch	3139	C	C	274	2	0.71%	2	1	93	93	0.2495462794919261	1	1	171	103	2	0	-A
E4_BC52_191109_LF_LIB_consensus_vsearch	3140	A	*/-C	232	36	12.95%	2	2	93	93	4.128545891004656E-12	1	1	134	98	35	1	-C
E4_BC52_191109_LF_LIB_consensus_vsearch	3141	C	C	234	5	2.07%	2	1	93	93	0.03059693258301707	1	1	139	95	0	5	+T
E4_BC52_191109_LF_LIB_consensus_vsearch	3142	C	C	276	2	0.72%	2	1	93	93	0.24954954954932992	1	1	176	100	0	2	T
E4_BC52_191109_LF_LIB_consensus_vsearch	3143	C	C	269	5	1.77%	2	2	93	93	0.030680274390748198	1	1	172	97	4	1	T
E4_BC52_191109_LF_LIB_consensus_vsearch	3144	C	C	269	6	2.13%	2	2	93	93	0.015200427384840735	1	1	172	97	4	2	T
E4_BC52_191109_LF_LIB_consensus_vsearch	3145	A	A	273	2	0.72%	2	1	93	93	0.2495446265938613	1	1	174	99	0	2	+T
E4_BC52_191109_LF_LIB_consensus_vsearch	3146	C	*/+A	262	12	4.32%	2	1	93	93	2.1587845097457918E-4	1	1	162	100	12	0	+A
E4_BC52_191109_LF_LIB_consensus_vsearch	3147	G	*/-A	268	10	3.56%	2	1	93	93	8.993681918747568E-4	1	1	166	102	10	0	-A
E4_BC52_191109_LF_LIB_consensus_vsearch	3148	A	A	265	3	1.11%	2	2	93	93	0.12429906542060956	1	1	165	100	2	1	G
E4_BC52_191109_LF_LIB_consensus_vsearch	3149	A	A	273	3	1.07%	2	1	93	93	0.12431941923772909	1	1	173	100	3	0	-C
E4_BC52_191109_LF_LIB_consensus_vsearch	3150	C	C	266	5	1.8%	2	2	93	93	0.030673973504714284	1	1	168	98	2	3	-T
E4_BC52_191109_LF_LIB_consensus_vsearch	3151	T	*/-A	250	11	4.01%	2	1	93	93	4.3849887966753017E-4	1	1	158	92	11	0	-A
E4_BC52_191109_LF_LIB_consensus_vsearch	3152	A	A	265	2	0.75%	2	1	93	93	0.2495309568482648	1	1	164	101	0	2	C
E4_BC52_191109_LF_LIB_consensus_vsearch	3153	A	A	278	2	0.71%	2	1	93	93	0.24955277280837324	1	1	175	103	2	0	G
E4_BC52_191109_LF_LIB_consensus_vsearch	3154	G	G	275	6	2.13%	2	1	93	93	0.015209460024490622	1	1	172	103	6	0	-A
E4_BC52_191109_LF_LIB_consensus_vsearch	3155	A	A	273	2	0.72%	2	1	93	93	0.2495446265938613	1	1	170	103	2	0	G
E4_BC52_191109_LF_LIB_consensus_vsearch	3156	A	R	273	9	3.19%	2	1	93	93	0.0018305595870728112	1	1	169	104	9	0	G
E4_BC52_191109_LF_LIB_consensus_vsearch	3157	C	C	269	6	2.13%	2	2	93	93	0.015200427384840735	1	1	170	99	4	2	-G
E4_BC52_191109_LF_LIB_consensus_vsearch	3158	G	G	268	6	2.19%	2	1	93	93	0.015198883630026071	1	1	167	101	6	0	A
E4_BC52_191109_LF_LIB_consensus_vsearch	3159	G	G	267	6	2.14%	2	2	93	93	0.015197328608558202	1	1	166	101	4	2	-C
E4_BC52_191109_LF_LIB_consensus_vsearch	3160	C	C	269	3	1.1%	2	2	93	93	0.12430939226523824	1	1	171	98	1	2	T
E4_BC52_191109_LF_LIB_consensus_vsearch	3161	C	Y	252	23	8.24%	2	2	93	93	7.378199963352906E-8	1	1	171	81	3	20	T
E4_BC52_191109_LF_LIB_consensus_vsearch	3162	A	A	270	2	0.72%	2	1	93	93	0.2495395948434138	1	1	171	99	2	0	+T
E4_BC52_191109_LF_LIB_consensus_vsearch	3163	T	T	270	4	1.44%	2	2	93	93	0.06181507136518779	1	1	173	97	3	1	-GC
E4_BC52_191109_LF_LIB_consensus_vsearch	3164	G	R	267	7	2.54%	2	2	93	93	0.007515315152860378	1	1	167	100	6	1	A
E4_BC52_191109_LF_LIB_consensus_vsearch	3165	C	*/-AC	259	14	5.05%	2	1	93	93	5.14463684801948E-5	1	1	159	100	14	0	-AC
E4_BC52_191109_LF_LIB_consensus_vsearch	3166	A	A	263	1	0.38%	2	1	93	93	0.4999999999999138	1	1	160	103	1	0	-C
E4_BC52_191109_LF_LIB_consensus_vsearch	3167	C	C	262	1	0.38%	2	1	93	93	0.5000000000003686	1	1	161	101	1	0	+G
E4_BC52_191109_LF_LIB_consensus_vsearch	3168	C	Y	270	7	2.5%	2	1	93	93	0.007518510051769894	1	1	175	95	0	7	T
E4_BC52_191109_LF_LIB_consensus_vsearch	3169	A	A	271	5	1.8%	2	1	93	93	0.030684398956702864	1	1	169	102	5	0	-C
E4_BC52_191109_LF_LIB_consensus_vsearch	3170	C	C	266	5	1.82%	2	1	93	93	0.030673973504714284	1	1	170	96	0	5	+T
E4_BC52_191109_LF_LIB_consensus_vsearch	3171	C	C	265	5	1.78%	2	2	93	93	0.030671842124359663	1	1	173	92	1	4	T
E4_BC52_191109_LF_LIB_consensus_vsearch	3172	A	*/-C	263	8	2.91%	2	2	93	93	0.003706880776381375	1	1	166	97	7	1	-C
E4_BC52_191109_LF_LIB_consensus_vsearch	3173	C	*/+T	254	12	4.51%	2	1	93	93	2.1506344050599332E-4	1	1	167	87	0	12	+T
E4_BC52_191109_LF_LIB_consensus_vsearch	3174	C	C	270	2	0.73%	2	2	93	93	0.2495395948434138	1	1	171	99	1	1	+ACC
E4_BC52_191109_LF_LIB_consensus_vsearch	3175	C	C	271	4	1.43%	2	2	93	93	0.06181756426009212	1	1	172	99	1	3	T
E4_BC52_191109_LF_LIB_consensus_vsearch	3176	A	A	270	3	1.08%	2	1	93	93	0.12431192660547026	1	1	169	101	3	0	T
E4_BC52_191109_LF_LIB_consensus_vsearch	3177	T	T	275	2	0.72%	2	2	93	93	0.24954792043411347	1	1	174	101	1	1	C
E4_BC52_191109_LF_LIB_consensus_vsearch	3178	G	G	273	3	1.07%	2	1	93	93	0.12431941923772909	1	1	171	102	3	0	-A
E4_BC52_191109_LF_LIB_consensus_vsearch	3179	A	A	263	6	2.17%	2	1	93	93	0.015190993352737225	1	1	168	95	0	6	-GA
E4_BC52_191109_LF_LIB_consensus_vsearch	3180	G	G	271	1	0.37%	2	1	93	93	0.4999999999999138	1	1	174	97	1	0	-A
E4_BC52_191109_LF_LIB_consensus_vsearch	3181	A	A	270	2	0.73%	2	1	93	93	0.2495395948434138	1	1	175	95	0	2	-T
E4_BC52_191109_LF_LIB_consensus_vsearch	3182	T	T	273	2	0.72%	2	1	93	93	0.2495446265938613	1	1	174	99	2	0	-C
E4_BC52_191109_LF_LIB_consensus_vsearch	3183	C	C	273	1	0.36%	2	1	93	93	0.4999999999999138	1	1	172	101	1	0	+GC
E4_BC52_191109_LF_LIB_consensus_vsearch	3184	A	A	270	4	1.43%	2	2	93	93	0.06181507136518779	1	1	170	100	3	1	G
E4_BC52_191109_LF_LIB_consensus_vsearch	3185	T	T	265	4	1.44%	2	2	93	93	0.06180232861697055	1	1	168	97	2	2	+G
E4_BC52_191109_LF_LIB_consensus_vsearch	3186	G	*/-A	250	17	6.03%	2	2	93	93	5.865937391528599E-6	1	1	156	94	16	1	-A
E4_BC52_191109_LF_LIB_consensus_vsearch	3187	A	A	263	1	0.38%	2	1	93	93	0.4999999999999138	1	1	160	103	1	0	T
E4_BC52_191109_LF_LIB_consensus_vsearch	3188	A	A	274	3	1.07%	2	1	93	93	0.1243218806510022	1	1	173	101	0	3	G
E4_BC52_191109_LF_LIB_consensus_vsearch	3189	A	A	279	2	0.71%	2	2	93	93	0.24955436720141339	1	1	177	102	1	1	+G
E4_BC52_191109_LF_LIB_consensus_vsearch	3190	G	G	278	3	1.07%	2	1	93	93	0.12433155080212302	1	1	175	103	3	0	-A
E4_BC52_191109_LF_LIB_consensus_vsearch	3191	A	A	271	4	1.43%	2	1	93	93	0.06181756426009212	1	1	173	98	0	4	+T
E4_BC52_191109_LF_LIB_consensus_vsearch	3192	T	T	270	6	2.13%	2	2	93	93	0.015201959994994966	1	1	170	100	3	3	C
E4_BC52_191109_LF_LIB_consensus_vsearch	3193	C	C	275	5	1.79%	2	1	93	93	0.030692471488257853	1	1	176	99	0	5	-T
E4_BC52_191109_LF_LIB_consensus_vsearch	3194	T	T	272	2	0.72%	2	1	93	93	0.2495429616087481	1	1	174	98	2	0	+G
E4_BC52_191109_LF_LIB_consensus_vsearch	3195	G	G	274	3	1.07%	2	2	93	93	0.1243218806510022	1	1	173	101	2	1	A
E4_BC52_191109_LF_LIB_consensus_vsearch	3196	T	T	267	4	1.43%	2	2	93	93	0.061807482193030554	1	1	170	97	2	2	C
E4_BC52_191109_LF_LIB_consensus_vsearch	3197	C	C	272	3	1.07%	2	2	93	93	0.12431693989066941	1	1	174	98	1	2	-A
E4_BC52_191109_LF_LIB_consensus_vsearch	3198	A	A	270	3	1.08%	2	2	93	93	0.12431192660547026	1	1	172	98	2	1	G
E4_BC52_191109_LF_LIB_consensus_vsearch	3199	T	T	270	3	1.07%	2	1	93	93	0.12431192660547026	1	1	173	97	3	0	-GT
E4_BC52_191109_LF_LIB_consensus_vsearch	3200	G	G	269	4	1.44%	2	2	93	93	0.06181256019060895	1	1	171	98	3	1	A
E4_BC52_191109_LF_LIB_consensus_vsearch	3201	T	T	272	4	1.43%	2	1	93	93	0.06182003907461255	1	1	168	104	4	0	+C
E4_BC52_191109_LF_LIB_consensus_vsearch	3202	C	C	278	4	1.42%	2	2	93	93	0.06183451904904406	1	1	177	101	1	3	-T
E4_BC52_191109_LF_LIB_consensus_vsearch	3203	T	T	272	3	1.08%	2	2	93	93	0.12431693989066941	1	1	173	99	1	2	C
E4_BC52_191109_LF_LIB_consensus_vsearch	3204	G	R	274	7	2.49%	2	1	93	93	0.007522664580457306	1	1	170	104	7	0	A
E4_BC52_191109_LF_LIB_consensus_vsearch	3205	T	T	271	5	1.78%	2	2	93	93	0.030684398956702864	1	1	168	103	4	1	C
E4_BC52_191109_LF_LIB_consensus_vsearch	3206	C	C	276	1	0.36%	2	1	93	93	0.5000000000003686	1	1	173	103	1	0	+A
E4_BC52_191109_LF_LIB_consensus_vsearch	3207	A	A	279	2	0.71%	2	1	93	93	0.24955436720141339	1	1	176	103	2	0	G
E4_BC52_191109_LF_LIB_consensus_vsearch	3208	A	*/-T	274	7	2.48%	2	1	93	93	0.007522664580457306	1	1	177	97	0	7	-T
E4_BC52_191109_LF_LIB_consensus_vsearch	3209	T	*/-C	218	31	11.27%	2	2	93	93	1.7210429252428313E-10	1	1	124	94	30	1	-C
E4_BC52_191109_LF_LIB_consensus_vsearch	3210	C	C	250	1	0.4%	2	1	93	93	0.4999999999999138	1	1	147	103	1	0	+TCC
E4_BC52_191109_LF_LIB_consensus_vsearch	3211	C	C	268	5	1.77%	2	2	93	93	0.030678189467263802	1	1	175	93	2	3	-T
E4_BC52_191109_LF_LIB_consensus_vsearch	3212	T	T	267	3	1.09%	2	2	93	93	0.12430426716151294	1	1	170	97	1	2	C
E4_BC52_191109_LF_LIB_consensus_vsearch	3213	A	A	276	1	0.36%	2	1	93	93	0.5000000000003686	1	1	174	102	0	1	+C
E4_BC52_191109_LF_LIB_consensus_vsearch	3214	A	A	280	1	0.36%	2	1	93	93	0.4999999999999138	1	1	177	103	0	1	G
E4_BC52_191109_LF_LIB_consensus_vsearch	3215	T	T	267	5	1.78%	2	2	93	93	0.030676089228361576	1	1	168	99	3	2	C
E4_BC52_191109_LF_LIB_consensus_vsearch	3216	C	C	269	2	0.72%	2	2	93	93	0.24953789279111838	1	1	168	101	1	1	-AT
E4_BC52_191109_LF_LIB_consensus_vsearch	3217	A	A	268	2	0.73%	2	1	93	93	0.24953617810762627	1	1	170	98	0	2	+G
E4_BC52_191109_LF_LIB_consensus_vsearch	3218	T	T	268	3	1.09%	2	1	93	93	0.12430683918669663	1	1	169	99	0	3	C
E4_BC52_191109_LF_LIB_consensus_vsearch	3219	G	G	272	4	1.43%	2	2	93	93	0.06182003907461255	1	1	170	102	3	1	+C
E4_BC52_191109_LF_LIB_consensus_vsearch	3220	T	*/-C	260	10	3.6%	2	2	93	93	8.97137079051494E-4	1	1	160	100	9	1	-C
E4_BC52_191109_LF_LIB_consensus_vsearch	3221	C	C	268	1	0.37%	2	1	93	93	0.5000000000003686	1	1	165	103	1	0	+A
E4_BC52_191109_LF_LIB_consensus_vsearch	3222	C	C	273	2	0.71%	2	1	93	93	0.2495446265938613	1	1	171	102	2	0	-T
E4_BC52_191109_LF_LIB_consensus_vsearch	3223	T	T	269	6	2.15%	2	1	93	93	0.015200427384840735	1	1	172	97	0	6	C
E4_BC52_191109_LF_LIB_consensus_vsearch	3224	G	*/-C	252	16	5.73%	2	1	93	93	1.211657415601043E-5	1	1	152	100	16	0	-C
E4_BC52_191109_LF_LIB_consensus_vsearch	3225	C	C	257	3	1.14%	2	1	93	93	0.12427745664727831	1	1	157	100	0	3	+T
E4_BC52_191109_LF_LIB_consensus_vsearch	3226	C	C	277	1	0.36%	2	1	93	93	0.4999999999999138	1	1	174	103	0	1	+T
E4_BC52_191109_LF_LIB_consensus_vsearch	3227	C	C	271	2	0.71%	2	1	93	93	0.24954128440383208	1	1	171	100	2	0	+AC
E4_BC52_191109_LF_LIB_consensus_vsearch	3228	T	*/+G	257	9	3.25%	2	2	93	93	0.0018233214254448316	1	1	172	85	1	8	+G
E4_BC52_191109_LF_LIB_consensus_vsearch	3229	G	R	264	8	2.89%	2	2	93	93	0.0037076048169334716	1	1	165	99	6	2	A
E4_BC52_191109_LF_LIB_consensus_vsearch	3230	G	G	278	2	0.71%	2	1	93	93	0.24955277280837324	1	1	175	103	2	0	A
E4_BC52_191109_LF_LIB_consensus_vsearch	3231	T	*/+A	267	7	2.5%	2	1	93	93	0.007515315152860378	1	1	166	101	7	0	+A
E4_BC52_191109_LF_LIB_consensus_vsearch	3232	G	*/-A	267	7	2.51%	2	1	93	93	0.007515315152860378	1	1	164	103	7	0	-A
E4_BC52_191109_LF_LIB_consensus_vsearch	3233	A	R	255	8	2.93%	2	2	93	93	0.003700892775288906	1	1	156	99	7	1	G
E4_BC52_191109_LF_LIB_consensus_vsearch	3234	G	G	264	4	1.46%	2	2	93	93	0.06179972295775155	1	1	167	97	3	1	+AG
E4_BC52_191109_LF_LIB_consensus_vsearch	3235	C	C	264	3	1.09%	2	2	93	93	0.1242964352720778	1	1	170	94	1	2	-T
E4_BC52_191109_LF_LIB_consensus_vsearch	3236	T	T	269	4	1.46%	2	2	93	93	0.06181256019060895	1	1	171	98	2	2	C
E4_BC52_191109_LF_LIB_consensus_vsearch	3237	T	*/-C	192	64	23.02%	2	2	93	93	5.961586218207013E-22	1	1	140	52	30	34	-C
E4_BC52_191109_LF_LIB_consensus_vsearch	3238	C	C	205	4	1.91%	2	1	93	93	0.06160180289502593	1	1	145	60	0	4	T
E4_BC52_191109_LF_LIB_consensus_vsearch	3239	C	C	274	1	0.36%	2	1	93	93	0.4999999999999138	1	1	175	99	1	0	T
E4_BC52_191109_LF_LIB_consensus_vsearch	3240	C	C	277	1	0.36%	2	1	93	93	0.4999999999999138	1	1	175	102	1	0	+A
E4_BC52_191109_LF_LIB_consensus_vsearch	3241	C	C	272	4	1.42%	2	1	93	93	0.06182003907461255	1	1	175	97	0	4	T
E4_BC52_191109_LF_LIB_consensus_vsearch	3242	G	G	274	5	1.77%	2	2	93	93	0.030690475035149573	1	1	173	101	3	2	A
E4_BC52_191109_LF_LIB_consensus_vsearch	3243	T	T	274	3	1.06%	2	1	93	93	0.1243218806510022	1	1	175	99	0	3	A
E4_BC52_191109_LF_LIB_consensus_vsearch	3244	G	G	275	2	0.71%	2	1	93	93	0.24954792043411347	1	1	173	102	0	2	+C
E4_BC52_191109_LF_LIB_consensus_vsearch	3245	T	T	273	5	1.8%	2	1	93	93	0.03068846423273724	1	1	174	99	0	5	C
E4_BC52_191109_LF_LIB_consensus_vsearch	3246	T	*/+G	265	7	2.49%	2	1	93	93	0.00751314636487435	1	1	164	101	7	0	+G
E4_BC52_191109_LF_LIB_consensus_vsearch	3247	G	*/-A	267	7	2.51%	2	2	93	93	0.007515315152860378	1	1	165	102	6	1	-A
E4_BC52_191109_LF_LIB_consensus_vsearch	3248	A	*/+G	262	7	2.55%	2	1	93	93	0.007509833180020558	1	1	160	102	7	0	+G
E4_BC52_191109_LF_LIB_consensus_vsearch	3249	G	G	279	1	0.36%	2	1	93	93	0.5000000000003686	1	1	176	103	1	0	+A
E4_BC52_191109_LF_LIB_consensus_vsearch	3250	T	T	276	3	1.06%	2	2	93	93	0.12432675044874984	1	1	176	100	1	2	C
E4_BC52_191109_LF_LIB_consensus_vsearch	3251	C	*/-AA	262	8	2.85%	2	2	93	93	0.0037061514394952193	1	1	174	88	1	7	-AA
E4_BC52_191109_LF_LIB_consensus_vsearch	3252	A	*/+G	254	7	2.63%	2	1	93	93	0.0075006286111248205	1	1	166	88	7	0	+G
E4_BC52_191109_LF_LIB_consensus_vsearch	3253	A	A	268	1	0.37%	2	1	93	93	0.5000000000003686	1	1	174	94	1	0	+G
E4_BC52_191109_LF_LIB_consensus_vsearch	3254	A	*/-T	271	7	2.49%	2	2	93	93	0.0075195598088442315	1	1	175	96	2	5	-T
E4_BC52_191109_LF_LIB_consensus_vsearch	3255	T	T	268	4	1.46%	2	1	93	93	0.061810030534865154	1	1	175	93	0	4	C
E4_BC52_191109_LF_LIB_consensus_vsearch	3256	T	*/-AA	216	43	15.25%	2	1	93	93	1.697700634630299E-14	1	1	168	48	0	43	-AA
E4_BC52_191109_LF_LIB_consensus_vsearch	3257	A	A	224	3	1.32%	2	1	93	93	0.12417218543044797	1	1	173	51	3	0	C
E4_BC52_191109_LF_LIB_consensus_vsearch	3258	A	A	225	4	1.67%	2	1	93	93	0.06168033279637854	1	1	173	52	0	4	C
E4_BC52_191109_LF_LIB_consensus_vsearch	3259	G	R	261	12	4.3%	2	1	93	93	2.1577907883231425E-4	1	1	159	102	12	0	A
E4_BC52_191109_LF_LIB_consensus_vsearch	3260	C	C	270	3	1.07%	2	1	93	93	0.12431192660547026	1	1	168	102	3	0	A
E4_BC52_191109_LF_LIB_consensus_vsearch	3261	C	Y	252	10	3.56%	2	2	93	93	8.947732384278332E-4	1	1	159	93	2	8	T
E4_BC52_191109_LF_LIB_consensus_vsearch	3262	G	S	255	10	3.57%	2	1	93	93	8.956759757555054E-4	1	1	151	104	10	0	C
E4_BC52_191109_LF_LIB_consensus_vsearch	3263	C	C	272	2	0.72%	2	1	93	93	0.2495429616087481	1	1	168	104	2	0	-A
E4_BC52_191109_LF_LIB_consensus_vsearch	3264	A	R	260	8	2.87%	2	1	93	93	0.0037046766426069204	1	1	160	100	8	0	G
E4_BC52_191109_LF_LIB_consensus_vsearch	3265	G	G	272	1	0.36%	2	1	93	93	0.5000000000003686	1	1	171	101	1	0	+A
E4_BC52_191109_LF_LIB_consensus_vsearch	3266	G	G	275	5	1.77%	2	2	93	93	0.030692471488257853	1	1	174	101	3	2	A
E4_BC52_191109_LF_LIB_consensus_vsearch	3267	C	C	275	5	1.78%	2	1	93	93	0.030692471488257853	1	1	177	98	0	5	-T
E4_BC52_191109_LF_LIB_consensus_vsearch	3268	T	*/+C	253	11	3.99%	2	1	93	93	4.390460042919817E-4	1	1	159	94	11	0	+C
E4_BC52_191109_LF_LIB_consensus_vsearch	3269	C	C	271	2	0.73%	2	1	93	93	0.24954128440383208	1	1	168	103	2	0	+TC
E4_BC52_191109_LF_LIB_consensus_vsearch	3270	C	*/-AC	254	17	6.05%	2	1	93	93	5.889464514663097E-6	1	1	152	102	17	0	-AC
E4_BC52_191109_LF_LIB_consensus_vsearch	3271	A	A	254	1	0.39%	2	1	93	93	0.4999999999999138	1	1	151	103	1	0	+C
E4_BC52_191109_LF_LIB_consensus_vsearch	3272	C	*/-GC	253	7	2.64%	2	1	93	93	0.007499438529900444	1	1	150	103	7	0	-GC
E4_BC52_191109_LF_LIB_consensus_vsearch	3273	G	*/-C	260	9	3.27%	2	2	93	93	0.0018247429645633383	1	1	159	101	8	1	-C
E4_BC52_191109_LF_LIB_consensus_vsearch	3274	C	C	262	2	0.75%	2	1	93	93	0.24952561669824413	1	1	161	101	2	0	G
E4_BC52_191109_LF_LIB_consensus_vsearch	3275	C	C	272	3	1.06%	2	1	93	93	0.12431693989066941	1	1	170	102	3	0	T
E4_BC52_191109_LF_LIB_consensus_vsearch	3276	T	+G/+G	17	231	82.5%	2	2	93	93	3.5611855411588973E-122	1	1	16	1	136	95	+G
E4_BC52_191109_LF_LIB_consensus_vsearch	3277	G	+T/+T	9	238	86.23%	2	2	93	93	6.151230325904617E-132	1	1	8	1	148	90	+T
E4_BC52_191109_LF_LIB_consensus_vsearch	3278	T	*/+A	243	26	9.49%	2	1	93	93	7.901333885253313E-9	1	1	144	99	26	0	+A
E4_BC52_191109_LF_LIB_consensus_vsearch	3279	G	K	243	26	9.32%	2	1	93	93	7.901333885253313E-9	1	1	146	97	26	0	T
E4_BC52_191109_LF_LIB_consensus_vsearch	3280	T	T	269	5	1.79%	2	2	93	93	0.030680274390748198	1	1	173	96	1	4	A
E4_BC52_191109_LF_LIB_consensus_vsearch	3281	G	*/-C	246	22	7.83%	2	2	93	93	1.521577794816416E-7	1	1	150	96	20	2	-C
E4_BC52_191109_LF_LIB_consensus_vsearch	3282	C	*/+T	245	8	3.1%	2	1	93	93	0.003692882342347513	1	1	154	91	0	8	+T
E4_BC52_191109_LF_LIB_consensus_vsearch	3283	C	C	269	5	1.78%	2	1	93	93	0.030680274390748198	1	1	172	97	0	5	+T
E4_BC52_191109_LF_LIB_consensus_vsearch	3284	C	*/+T	263	7	2.49%	2	2	93	93	0.007510945692957774	1	1	169	94	2	5	+T
E4_BC52_191109_LF_LIB_consensus_vsearch	3285	T	T	270	3	1.09%	2	1	93	93	0.12431192660547026	1	1	174	96	0	3	+CT
E4_BC52_191109_LF_LIB_consensus_vsearch	3286	T	T	263	6	2.14%	2	2	93	93	0.015190993352737225	1	1	164	99	5	1	-C
E4_BC52_191109_LF_LIB_consensus_vsearch	3287	C	C	269	2	0.73%	2	2	93	93	0.24953789279111838	1	1	169	100	1	1	+A
E4_BC52_191109_LF_LIB_consensus_vsearch	3288	C	C	272	4	1.43%	2	1	93	93	0.06182003907461255	1	1	171	101	4	0	A
E4_BC52_191109_LF_LIB_consensus_vsearch	3289	G	G	276	5	1.78%	2	1	93	93	0.030694453745074273	1	1	173	103	5	0	A
E4_BC52_191109_LF_LIB_consensus_vsearch	3290	T	T	276	3	1.07%	2	1	93	93	0.12432675044874984	1	1	173	103	3	0	+C
E4_BC52_191109_LF_LIB_consensus_vsearch	3291	C	*/-A	266	7	2.48%	2	2	93	93	0.0075142347009056415	1	1	169	97	1	6	-A
E4_BC52_191109_LF_LIB_consensus_vsearch	3292	A	A	271	2	0.73%	2	2	93	93	0.24954128440383208	1	1	175	96	1	1	+G
E4_BC52_191109_LF_LIB_consensus_vsearch	3293	A	A	273	4	1.42%	2	2	93	93	0.061822496004320764	1	1	175	98	2	2	+T
E4_BC52_191109_LF_LIB_consensus_vsearch	3294	T	T	272	5	1.79%	2	2	93	93	0.03068643892575303	1	1	177	95	1	4	C
E4_BC52_191109_LF_LIB_consensus_vsearch	3295	T	T	267	5	1.79%	2	1	93	93	0.030676089228361576	1	1	176	91	0	5	C
E4_BC52_191109_LF_LIB_consensus_vsearch	3296	C	C	278	1	0.36%	2	1	93	93	0.4999999999999138	1	1	176	102	1	0	+A
E4_BC52_191109_LF_LIB_consensus_vsearch	3297	C	*/-T	258	11	3.93%	2	2	93	93	4.3993165790743476E-4	1	1	171	87	1	10	-T
E4_BC52_191109_LF_LIB_consensus_vsearch	3298	T	T	264	2	0.74%	2	1	93	93	0.24952919020719036	1	1	176	88	0	2	C
E4_BC52_191109_LF_LIB_consensus_vsearch	3299	T	T	277	4	1.42%	2	1	93	93	0.06183214869952844	1	1	174	103	4	0	C
E4_BC52_191109_LF_LIB_consensus_vsearch	3300	T	T	265	6	2.13%	2	1	93	93	0.015194184268635263	1	1	170	95	0	6	-AA
E4_BC52_191109_LF_LIB_consensus_vsearch	3301	A	A	260	4	1.48%	2	1	93	93	0.06178910273789233	1	1	169	91	4	0	+GA
E4_BC52_191109_LF_LIB_consensus_vsearch	3302	A	A	267	5	1.82%	2	2	93	93	0.030676089228361576	1	1	173	94	3	2	G
E4_BC52_191109_LF_LIB_consensus_vsearch	3303	G	*/+T	255	12	4.3%	2	1	93	93	2.151678747999977E-4	1	1	159	96	12	0	+T
E4_BC52_191109_LF_LIB_consensus_vsearch	3304	T	T	265	5	1.83%	2	1	93	93	0.030671842124359663	1	1	173	92	0	5	C
E4_BC52_191109_LF_LIB_consensus_vsearch	3305	T	T	273	6	2.14%	2	1	93	93	0.015206492151232055	1	1	178	95	0	6	C
E4_BC52_191109_LF_LIB_consensus_vsearch	3306	T	*/+C	269	7	2.49%	2	2	93	93	0.007517452744777598	1	1	171	98	6	1	+C
E4_BC52_191109_LF_LIB_consensus_vsearch	3307	C	C	270	6	2.16%	2	1	93	93	0.015201959994994966	1	1	178	92	0	6	G
E4_BC52_191109_LF_LIB_consensus_vsearch	3308	A	W	268	7	2.52%	2	2	93	93	0.007516387806114139	1	1	176	92	1	6	T
E4_BC52_191109_LF_LIB_consensus_vsearch	3309	G	G	280	1	0.36%	2	1	93	93	0.4999999999999138	1	1	178	102	0	1	+T
E4_BC52_191109_LF_LIB_consensus_vsearch	3310	A	A	279	2	0.71%	2	1	93	93	0.24955436720141339	1	1	176	103	2	0	G
E4_BC52_191109_LF_LIB_consensus_vsearch	3311	C	C	271	6	2.14%	2	1	93	93	0.015203481580703948	1	1	171	100	6	0	+T
E4_BC52_191109_LF_LIB_consensus_vsearch	3312	T	T	273	4	1.44%	2	2	93	93	0.061822496004320764	1	1	176	97	1	3	C
E4_BC52_191109_LF_LIB_consensus_vsearch	3313	T	*/+G	268	7	2.5%	2	1	93	93	0.007516387806114139	1	1	174	94	0	7	+G
E4_BC52_191109_LF_LIB_consensus_vsearch	3314	G	G	265	5	1.81%	2	1	93	93	0.030671842124359663	1	1	166	99	5	0	A
E4_BC52_191109_LF_LIB_consensus_vsearch	3315	C	Y	255	11	4%	2	2	93	93	4.3940412746515644E-4	1	1	165	90	4	7	T
E4_BC52_191109_LF_LIB_consensus_vsearch	3316	G	G	268	1	0.37%	2	1	93	93	0.5000000000003686	1	1	169	99	0	1	+T
E4_BC52_191109_LF_LIB_consensus_vsearch	3317	A	A	264	6	2.16%	2	2	93	93	0.015192594697130085	1	1	164	100	4	2	-C
E4_BC52_191109_LF_LIB_consensus_vsearch	3318	C	C	268	2	0.74%	2	1	93	93	0.24953617810762627	1	1	168	100	2	0	G
E4_BC52_191109_LF_LIB_consensus_vsearch	3319	C	*/-A	262	8	2.86%	2	2	93	93	0.0037061514394952193	1	1	166	96	5	3	-A
E4_BC52_191109_LF_LIB_consensus_vsearch	3320	A	*/+T	253	12	4.44%	2	2	93	93	2.1495825162865442E-4	1	1	165	88	2	10	+T
E4_BC52_191109_LF_LIB_consensus_vsearch	3321	A	T	15	258	92.81%	2	2	93	93	5.221586641498986E-139	1	1	7	8	167	91	T
E4_BC52_191109_LF_LIB_consensus_vsearch	3322	A	W	258	16	5.67%	2	2	93	93	1.2179716121014959E-5	1	1	167	91	8	8	T
E4_BC52_191109_LF_LIB_consensus_vsearch	3323	C	*/+T	245	15	5.42%	2	2	93	93	2.4792952994020384E-5	1	1	174	71	1	14	+T
E4_BC52_191109_LF_LIB_consensus_vsearch	3324	T	*/-C	176	61	22.02%	2	2	93	93	5.1077295636989116E-21	1	1	107	69	40	21	-C
E4_BC52_191109_LF_LIB_consensus_vsearch	3325	C	Y	194	10	4.78%	2	2	93	93	8.722750499460999E-4	1	1	127	67	1	9	T
E4_BC52_191109_LF_LIB_consensus_vsearch	3326	C	C	267	6	2.2%	2	2	93	93	0.015197328608558202	1	1	171	96	1	5	T
E4_BC52_191109_LF_LIB_consensus_vsearch	3327	C	C	273	3	1.08%	2	1	93	93	0.12431941923772909	1	1	174	99	0	3	T
E4_BC52_191109_LF_LIB_consensus_vsearch	3328	C	C	280	1	0.36%	2	1	93	93	0.4999999999999138	1	1	178	102	0	1	+G
E4_BC52_191109_LF_LIB_consensus_vsearch	3329	C	C	277	2	0.71%	2	1	93	93	0.24955116696580612	1	1	176	101	0	2	+T
E4_BC52_191109_LF_LIB_consensus_vsearch	3330	A	A	272	4	1.42%	2	1	93	93	0.06182003907461255	1	1	170	102	4	0	-G
E4_BC52_191109_LF_LIB_consensus_vsearch	3331	G	*/-A	253	20	7.22%	2	1	93	93	6.647203076827856E-7	1	1	151	102	20	0	-A
E4_BC52_191109_LF_LIB_consensus_vsearch	3332	A	A	253	4	1.54%	2	1	93	93	0.0617697211064687	1	1	150	103	4	0	G
E4_BC52_191109_LF_LIB_consensus_vsearch	3333	G	G	276	1	0.36%	2	1	93	93	0.5000000000003686	1	1	175	101	1	0	+AT
E4_BC52_191109_LF_LIB_consensus_vsearch	3334	T	*/-C	261	19	6.76%	2	2	93	93	1.3907782849768878E-6	1	1	159	102	18	1	-C
E4_BC52_191109_LF_LIB_consensus_vsearch	3335	C	C	261	1	0.38%	2	1	93	93	0.5000000000003686	1	1	159	102	0	1	+T
E4_BC52_191109_LF_LIB_consensus_vsearch	3336	C	*/+A	35	180	63.83%	2	2	93	93	6.32513073745396E-86	1	1	32	3	85	95	+A
E4_BC52_191109_LF_LIB_consensus_vsearch	3337	A	A	266	4	1.47%	2	1	93	93	0.06180491495741971	1	1	162	104	4	0	G
E4_BC52_191109_LF_LIB_consensus_vsearch	3338	A	A	276	3	1.07%	2	1	93	93	0.12432675044874984	1	1	173	103	3	0	+G
E4_BC52_191109_LF_LIB_consensus_vsearch	3339	G	G	279	0	0%	2	0	93	0	1.0	1	0	176	103	0	0	
E4_BC52_191109_LF_LIB_consensus_vsearch	3340	A	R	271	7	2.48%	2	1	93	93	0.0075195598088442315	1	1	170	101	7	0	G
E4_BC52_191109_LF_LIB_consensus_vsearch	3341	C	C	266	4	1.43%	2	2	93	93	0.06180491495741971	1	1	175	91	1	3	-T
E4_BC52_191109_LF_LIB_consensus_vsearch	3342	T	*/-C	211	26	9.49%	2	2	93	93	7.216799673781971E-9	1	1	141	70	1	25	-C
E4_BC52_191109_LF_LIB_consensus_vsearch	3343	C	*/-T	235	10	4%	2	2	93	93	8.892517004154109E-4	1	1	171	64	2	8	-T
E4_BC52_191109_LF_LIB_consensus_vsearch	3344	T	*/-A	231	18	6.77%	2	2	93	93	2.774229261475934E-6	1	1	160	71	1	17	-A
E4_BC52_191109_LF_LIB_consensus_vsearch	3345	A	M	242	10	3.85%	2	2	93	93	8.916130618494134E-4	1	1	171	71	1	9	C
E4_BC52_191109_LF_LIB_consensus_vsearch	3346	A	*/-T	248	15	5.38%	2	2	93	93	2.485346012865692E-5	1	1	162	86	6	9	-T
E4_BC52_191109_LF_LIB_consensus_vsearch	3347	T	Y	247	13	4.92%	2	1	93	93	1.0467782079246774E-4	1	1	167	80	0	13	C
E4_BC52_191109_LF_LIB_consensus_vsearch	3348	T	Y	264	10	3.58%	2	2	93	93	8.982685182237654E-4	1	1	172	92	2	8	C
E4_BC52_191109_LF_LIB_consensus_vsearch	3349	T	*/-CT	263	8	2.86%	2	1	93	93	0.003706880776381375	1	1	172	91	0	8	-CT
E4_BC52_191109_LF_LIB_consensus_vsearch	3350	C	C	261	6	2.21%	2	2	93	93	0.015187754818318031	1	1	173	88	2	4	-T
E4_BC52_191109_LF_LIB_consensus_vsearch	3351	T	T	257	3	1.12%	2	1	93	93	0.12427745664727831	1	1	167	90	3	0	-AT
E4_BC52_191109_LF_LIB_consensus_vsearch	3352	A	A	269	2	0.73%	2	1	93	93	0.24953789279111838	1	1	167	102	2	0	-TA
E4_BC52_191109_LF_LIB_consensus_vsearch	3353	T	*/-A	259	8	2.92%	2	1	93	93	0.003703931063382389	1	1	158	101	8	0	-A
E4_BC52_191109_LF_LIB_consensus_vsearch	3354	A	A	253	4	1.5%	2	1	93	93	0.0617697211064687	1	1	152	101	4	0	+TA
E4_BC52_191109_LF_LIB_consensus_vsearch	3355	C	C	264	3	1.09%	2	1	93	93	0.1242964352720778	1	1	167	97	3	0	+A
E4_BC52_191109_LF_LIB_consensus_vsearch	3356	G	G	268	4	1.43%	2	2	93	93	0.061810030534865154	1	1	170	98	3	1	A
E4_BC52_191109_LF_LIB_consensus_vsearch	3357	C	*/-T	256	15	5.36%	2	1	93	93	2.5008752181249955E-5	1	1	172	84	0	15	-T
E4_BC52_191109_LF_LIB_consensus_vsearch	3358	T	*/+C	225	14	5.26%	2	2	93	93	5.017481087076924E-5	1	1	156	69	8	6	+C
E4_BC52_191109_LF_LIB_consensus_vsearch	3359	C	C	259	1	0.38%	2	1	93	93	0.4999999999999138	1	1	163	96	1	0	+TC
E4_BC52_191109_LF_LIB_consensus_vsearch	3360	C	C	263	3	1.11%	2	2	93	93	0.12429378531094196	1	1	164	99	1	2	T
E4_BC52_191109_LF_LIB_consensus_vsearch	3361	C	*/+A	247	9	3.19%	2	1	93	93	0.0018183469810084327	1	1	157	90	9	0	+A
E4_BC52_191109_LF_LIB_consensus_vsearch	3362	G	*/-A	255	17	6.14%	2	2	93	93	5.895249132972015E-6	1	1	153	102	16	1	-A
E4_BC52_191109_LF_LIB_consensus_vsearch	3363	A	A	259	2	0.76%	2	1	93	93	0.24952015355082954	1	1	156	103	2	0	G
E4_BC52_191109_LF_LIB_consensus_vsearch	3364	G	G	275	1	0.36%	2	1	93	93	0.5000000000003686	1	1	174	101	0	1	+AG
E4_BC52_191109_LF_LIB_consensus_vsearch	3365	C	C	273	3	1.07%	2	2	93	93	0.12431941923772909	1	1	173	100	2	1	-GC
E4_BC52_191109_LF_LIB_consensus_vsearch	3366	G	G	272	3	1.08%	2	2	93	93	0.12431693989066941	1	1	172	100	1	2	+C
E4_BC52_191109_LF_LIB_consensus_vsearch	3367	C	C	270	3	1.08%	2	1	93	93	0.12431192660547026	1	1	172	98	0	3	T
E4_BC52_191109_LF_LIB_consensus_vsearch	3368	T	Y	259	12	4.29%	2	2	93	93	2.155782260196067E-4	1	1	174	85	1	11	C
E4_BC52_191109_LF_LIB_consensus_vsearch	3369	G	G	268	3	1.08%	2	2	93	93	0.12430683918669663	1	1	170	98	2	1	-C
E4_BC52_191109_LF_LIB_consensus_vsearch	3370	C	C	262	4	1.45%	2	1	93	93	0.06179445281046573	1	1	170	92	0	4	-T
E4_BC52_191109_LF_LIB_consensus_vsearch	3371	T	T	261	3	1.12%	2	1	93	93	0.12428842504744599	1	1	169	92	3	0	-A
E4_BC52_191109_LF_LIB_consensus_vsearch	3372	A	A	271	1	0.37%	2	1	93	93	0.4999999999999138	1	1	168	103	1	0	G
E4_BC52_191109_LF_LIB_consensus_vsearch	3373	A	R	263	11	3.96%	2	2	93	93	4.407860386823763E-4	1	1	161	102	10	1	G
E4_BC52_191109_LF_LIB_consensus_vsearch	3374	C	*/-A	260	10	3.56%	2	1	93	93	8.97137079051494E-4	1	1	159	101	10	0	-A
E4_BC52_191109_LF_LIB_consensus_vsearch	3375	A	W	247	8	2.96%	2	1	93	93	0.0036945340250354765	1	1	144	103	8	0	T
E4_BC52_191109_LF_LIB_consensus_vsearch	3376	C	S	262	8	2.9%	2	1	93	93	0.0037061514394952193	1	1	160	102	8	0	G
E4_BC52_191109_LF_LIB_consensus_vsearch	3377	A	W	247	18	6.47%	2	2	93	93	2.8299725532929543E-6	1	1	145	102	17	1	T
E4_BC52_191109_LF_LIB_consensus_vsearch	3378	G	*/+A	256	12	4.4%	2	1	93	93	2.1527156259027708E-4	1	1	153	103	12	0	+A
E4_BC52_191109_LF_LIB_consensus_vsearch	3379	A	A	273	5	1.79%	2	2	93	93	0.03068846423273724	1	1	170	103	4	1	-C
E4_BC52_191109_LF_LIB_consensus_vsearch	3380	C	C	270	3	1.08%	2	1	93	93	0.12431192660547026	1	1	170	100	0	3	+A
E4_BC52_191109_LF_LIB_consensus_vsearch	3381	A	*/+C	252	11	3.91%	2	2	93	93	4.388649693243239E-4	1	1	156	96	10	1	+C
E4_BC52_191109_LF_LIB_consensus_vsearch	3382	C	C	263	3	1.11%	2	1	93	93	0.12429378531094196	1	1	168	95	0	3	+T
E4_BC52_191109_LF_LIB_consensus_vsearch	3383	C	C	271	4	1.42%	2	1	93	93	0.06181756426009212	1	1	174	97	0	4	T
E4_BC52_191109_LF_LIB_consensus_vsearch	3384	C	Y	268	8	2.84%	2	2	93	93	0.003710449152927439	1	1	175	93	2	6	T
E4_BC52_191109_LF_LIB_consensus_vsearch	3385	G	G	273	4	1.43%	2	1	93	93	0.061822496004320764	1	1	176	97	0	4	-T
E4_BC52_191109_LF_LIB_consensus_vsearch	3386	T	T	271	3	1.08%	2	1	93	93	0.12431444241326345	1	1	176	95	0	3	A
E4_BC52_191109_LF_LIB_consensus_vsearch	3387	G	G	279	2	0.71%	2	1	93	93	0.24955436720141339	1	1	177	102	0	2	C
E4_BC52_191109_LF_LIB_consensus_vsearch	3388	A	A	276	2	0.71%	2	1	93	93	0.24954954954932992	1	1	176	100	0	2	-TCG
E4_BC52_191109_LF_LIB_consensus_vsearch	3389	T	T	278	1	0.36%	2	1	93	93	0.4999999999999138	1	1	177	101	1	0	+C
E4_BC52_191109_LF_LIB_consensus_vsearch	3390	C	C	277	1	0.36%	2	1	93	93	0.4999999999999138	1	1	176	101	1	0	+A
E4_BC52_191109_LF_LIB_consensus_vsearch	3391	G	*/-CG	267	7	2.51%	2	2	93	93	0.007515315152860378	1	1	173	94	2	5	-CG
E4_BC52_191109_LF_LIB_consensus_vsearch	3392	C	C	270	3	1.09%	2	1	93	93	0.12431192660547026	1	1	175	95	0	3	T
E4_BC52_191109_LF_LIB_consensus_vsearch	3393	G	G	271	2	0.73%	2	2	93	93	0.24954128440383208	1	1	174	97	1	1	+CG
E4_BC52_191109_LF_LIB_consensus_vsearch	3394	T	T	275	3	1.06%	2	2	93	93	0.1243243243242452	1	1	175	100	1	2	C
E4_BC52_191109_LF_LIB_consensus_vsearch	3395	C	C	273	3	1.07%	2	2	93	93	0.12431941923772909	1	1	174	99	1	2	+A
E4_BC52_191109_LF_LIB_consensus_vsearch	3396	G	G	276	2	0.71%	2	1	93	93	0.24954954954932992	1	1	173	103	2	0	-A
E4_BC52_191109_LF_LIB_consensus_vsearch	3397	A	A	272	3	1.08%	2	2	93	93	0.12431693989066941	1	1	169	103	2	1	+G
E4_BC52_191109_LF_LIB_consensus_vsearch	3398	C	C	274	6	2.14%	2	2	93	93	0.015207981368047678	1	1	175	99	1	5	T
E4_BC52_191109_LF_LIB_consensus_vsearch	3399	A	A	276	6	2.13%	2	1	93	93	0.015210928232456502	1	1	178	98	0	6	-T
E4_BC52_191109_LF_LIB_consensus_vsearch	3400	T	T	273	2	0.72%	2	2	93	93	0.2495446265938613	1	1	176	97	1	1	C
E4_BC52_191109_LF_LIB_consensus_vsearch	3401	C	C	278	2	0.71%	2	2	93	93	0.24955277280837324	1	1	175	103	1	1	+ATC
E4_BC52_191109_LF_LIB_consensus_vsearch	3402	G	*/+T	265	9	3.19%	2	1	93	93	0.0018270442691405997	1	1	164	101	9	0	+T
E4_BC52_191109_LF_LIB_consensus_vsearch	3403	T	T	274	3	1.08%	2	2	93	93	0.1243218806510022	1	1	171	103	2	1	C
E4_BC52_191109_LF_LIB_consensus_vsearch	3404	T	T	281	0	0%	2	0	93	0	1.0	1	0	177	104	0	0	
E4_BC52_191109_LF_LIB_consensus_vsearch	3405	T	T	279	1	0.36%	2	1	93	93	0.5000000000003686	1	1	176	103	1	0	-ACT
E4_BC52_191109_LF_LIB_consensus_vsearch	3406	A	A	277	3	1.07%	2	2	93	93	0.12432915921300346	1	1	174	103	2	1	G
E4_BC52_191109_LF_LIB_consensus_vsearch	3407	C	C	279	1	0.36%	2	1	93	93	0.5000000000003686	1	1	177	102	0	1	-TGGT
E4_BC52_191109_LF_LIB_consensus_vsearch	3408	T	*/-G	262	11	3.93%	2	1	93	93	4.4061758463860134E-4	1	1	173	89	0	11	-G
E4_BC52_191109_LF_LIB_consensus_vsearch	3409	G	G	269	1	0.37%	2	1	93	93	0.4999999999999138	1	1	177	92	1	0	+A
E4_BC52_191109_LF_LIB_consensus_vsearch	3410	G	G	280	1	0.36%	2	1	93	93	0.4999999999999138	1	1	178	102	0	1	-T
E4_BC52_191109_LF_LIB_consensus_vsearch	3411	T	*/-G	254	15	5.36%	2	1	93	93	2.4970730105602945E-5	1	1	177	77	0	15	-G
E4_BC52_191109_LF_LIB_consensus_vsearch	3412	G	G	261	2	0.75%	2	1	93	93	0.24952380952412506	1	1	176	85	2	0	A
E4_BC52_191109_LF_LIB_consensus_vsearch	3413	G	G	278	2	0.71%	2	1	93	93	0.24955277280837324	1	1	176	102	2	0	A
E4_BC52_191109_LF_LIB_consensus_vsearch	3414	G	G	277	4	1.42%	2	2	93	93	0.06183214869952844	1	1	175	102	2	2	A
E4_BC52_191109_LF_LIB_consensus_vsearch	3415	A	A	273	2	0.71%	2	2	93	93	0.2495446265938613	1	1	171	102	1	1	+C
E4_BC52_191109_LF_LIB_consensus_vsearch	3416	C	C	273	4	1.43%	2	1	93	93	0.061822496004320764	1	1	171	102	4	0	-T
E4_BC52_191109_LF_LIB_consensus_vsearch	3417	T	T	263	4	1.44%	2	2	93	93	0.06179709776251344	1	1	167	96	3	1	C
E4_BC52_191109_LF_LIB_consensus_vsearch	3418	A	A	272	4	1.43%	2	1	93	93	0.06182003907461255	1	1	174	98	0	4	+G
E4_BC52_191109_LF_LIB_consensus_vsearch	3419	C	C	271	4	1.44%	2	2	93	93	0.06181756426009212	1	1	172	99	3	1	-A
E4_BC52_191109_LF_LIB_consensus_vsearch	3420	A	A	272	3	1.09%	2	1	93	93	0.12431693989066941	1	1	170	102	3	0	G
E4_BC52_191109_LF_LIB_consensus_vsearch	3421	A	R	252	25	8.9%	2	1	93	93	1.6908430407339444E-8	1	1	149	103	25	0	G
E4_BC52_191109_LF_LIB_consensus_vsearch	3422	C	C	268	3	1.08%	2	2	93	93	0.12430683918669663	1	1	169	99	1	2	+G
E4_BC52_191109_LF_LIB_consensus_vsearch	3423	G	R	258	18	6.52%	2	1	93	93	2.864980679099093E-6	1	1	155	103	18	0	A
E4_BC52_191109_LF_LIB_consensus_vsearch	3424	G	G	280	2	0.71%	2	1	93	93	0.24955595026613578	1	1	176	104	2	0	A
E4_BC52_191109_LF_LIB_consensus_vsearch	3425	T	T	278	3	1.06%	2	2	93	93	0.12433155080212302	1	1	177	101	1	2	C
E4_BC52_191109_LF_LIB_consensus_vsearch	3426	G	*/+T	261	14	4.96%	2	2	93	93	5.151198010501235E-5	1	1	172	89	1	13	+T
E4_BC52_191109_LF_LIB_consensus_vsearch	3427	T	T	275	2	0.71%	2	1	93	93	0.24954792043411347	1	1	174	101	0	2	C
E4_BC52_191109_LF_LIB_consensus_vsearch	3428	C	*/-T	261	15	5.34%	2	2	93	93	2.5101572882403942E-5	1	1	171	90	2	13	-T
E4_BC52_191109_LF_LIB_consensus_vsearch	3429	T	T	253	5	1.89%	2	2	93	93	0.030644978141142375	1	1	168	85	2	3	C
E4_BC52_191109_LF_LIB_consensus_vsearch	3430	A	A	275	1	0.36%	2	1	93	93	0.5000000000003686	1	1	172	103	1	0	+C
E4_BC52_191109_LF_LIB_consensus_vsearch	3431	A	A	274	3	1.07%	2	1	93	93	0.1243218806510022	1	1	172	102	3	0	G
E4_BC52_191109_LF_LIB_consensus_vsearch	3432	T	T	276	4	1.42%	2	2	93	93	0.06182976140387695	1	1	174	102	3	1	-C
E4_BC52_191109_LF_LIB_consensus_vsearch	3433	C	C	268	3	1.08%	2	1	93	93	0.12430683918669663	1	1	168	100	3	0	-G
E4_BC52_191109_LF_LIB_consensus_vsearch	3434	G	G	270	6	2.16%	2	1	93	93	0.015201959994994966	1	1	168	102	6	0	A
E4_BC52_191109_LF_LIB_consensus_vsearch	3435	T	T	272	2	0.71%	2	1	93	93	0.2495429616087481	1	1	172	100	0	2	C
E4_BC52_191109_LF_LIB_consensus_vsearch	3436	C	*/+T	56	206	73.57%	2	2	93	93	5.81808080768938E-94	1	1	44	12	117	89	+T
E4_BC52_191109_LF_LIB_consensus_vsearch	3437	T	T	275	4	1.43%	2	1	93	93	0.06182735698001327	1	1	171	104	4	0	C
E4_BC52_191109_LF_LIB_consensus_vsearch	3438	T	*/+A	239	22	7.83%	2	1	93	93	1.5025710947578298E-7	1	1	136	103	22	0	+A
E4_BC52_191109_LF_LIB_consensus_vsearch	3439	G	R	236	23	8.58%	2	2	93	93	7.152952622804149E-8	1	1	136	100	21	2	A
E4_BC52_191109_LF_LIB_consensus_vsearch	3440	C	*/-T	262	9	3.24%	2	2	93	93	0.0018256734909882749	1	1	168	94	3	6	-T
E4_BC52_191109_LF_LIB_consensus_vsearch	3441	T	*/+C	118	117	43.98%	2	2	93	93	1.9259841900122382E-44	1	1	88	30	74	43	+C
E4_BC52_191109_LF_LIB_consensus_vsearch	3442	C	C	251	1	0.39%	2	1	93	93	0.5000000000003686	1	1	169	82	1	0	+A
E4_BC52_191109_LF_LIB_consensus_vsearch	3443	C	C	279	1	0.36%	2	1	93	93	0.5000000000003686	1	1	176	103	0	1	+T
E4_BC52_191109_LF_LIB_consensus_vsearch	3444	C	C	272	4	1.42%	2	2	93	93	0.06182003907461255	1	1	173	99	1	3	+T
E4_BC52_191109_LF_LIB_consensus_vsearch	3445	C	C	275	3	1.06%	2	1	93	93	0.1243243243242452	1	1	177	98	0	3	+A
E4_BC52_191109_LF_LIB_consensus_vsearch	3446	A	*/-C	264	7	2.49%	2	2	93	93	0.007512050058182546	1	1	170	94	3	4	-C
E4_BC52_191109_LF_LIB_consensus_vsearch	3447	C	C	271	2	0.73%	2	2	93	93	0.24954128440383208	1	1	173	98	1	1	A
E4_BC52_191109_LF_LIB_consensus_vsearch	3448	C	C	274	4	1.42%	2	1	93	93	0.061824935242698754	1	1	174	100	0	4	T
E4_BC52_191109_LF_LIB_consensus_vsearch	3449	C	C	276	5	1.77%	2	2	93	93	0.030694453745074273	1	1	174	102	3	2	-T
E4_BC52_191109_LF_LIB_consensus_vsearch	3450	T	T	275	1	0.36%	2	1	93	93	0.5000000000003686	1	1	174	101	1	0	+A
E4_BC52_191109_LF_LIB_consensus_vsearch	3451	T	T	277	2	0.71%	2	1	93	93	0.24955116696580612	1	1	175	102	2	0	+C
E4_BC52_191109_LF_LIB_consensus_vsearch	3452	C	*/+A	269	7	2.49%	2	2	93	93	0.007517452744777598	1	1	169	100	6	1	+A
E4_BC52_191109_LF_LIB_consensus_vsearch	3453	G	G	267	6	2.13%	2	1	93	93	0.015197328608558202	1	1	167	100	6	0	T
E4_BC52_191109_LF_LIB_consensus_vsearch	3454	T	*/+A	265	7	2.5%	2	1	93	93	0.00751314636487435	1	1	165	100	7	0	+A
E4_BC52_191109_LF_LIB_consensus_vsearch	3455	G	*/-CT	250	15	5.38%	2	1	93	93	2.489309520280837E-5	1	1	148	102	15	0	-CT
E4_BC52_191109_LF_LIB_consensus_vsearch	3456	C	C	256	5	1.89%	2	1	93	93	0.03065192548788321	1	1	154	102	5	0	-TT
E4_BC52_191109_LF_LIB_consensus_vsearch	3457	T	T	254	4	1.53%	2	1	93	93	0.06177255436325217	1	1	151	103	4	0	C
E4_BC52_191109_LF_LIB_consensus_vsearch	3458	T	T	265	2	0.72%	2	1	93	93	0.2495309568482648	1	1	165	100	2	0	A
E4_BC52_191109_LF_LIB_consensus_vsearch	3459	G	G	277	1	0.36%	2	1	93	93	0.4999999999999138	1	1	174	103	1	0	+C
E4_BC52_191109_LF_LIB_consensus_vsearch	3460	A	A	277	3	1.07%	2	2	93	93	0.12432915921300346	1	1	174	103	2	1	+G
E4_BC52_191109_LF_LIB_consensus_vsearch	3461	T	T	275	6	2.13%	2	1	93	93	0.015209460024490622	1	1	171	104	6	0	+C
E4_BC52_191109_LF_LIB_consensus_vsearch	3462	C	C	278	2	0.71%	2	1	93	93	0.24955277280837324	1	1	175	103	2	0	+G
E4_BC52_191109_LF_LIB_consensus_vsearch	3463	A	A	279	1	0.36%	2	1	93	93	0.5000000000003686	1	1	176	103	1	0	C
E4_BC52_191109_LF_LIB_consensus_vsearch	3464	A	R	266	12	4.27%	2	2	93	93	2.1626908067955367E-4	1	1	165	101	11	1	G
E4_BC52_191109_LF_LIB_consensus_vsearch	3465	T	T	264	6	2.14%	2	1	93	93	0.015192594697130085	1	1	164	100	6	0	-GA
E4_BC52_191109_LF_LIB_consensus_vsearch	3466	G	*/-A	253	12	4.38%	2	2	93	93	2.1495825162865442E-4	1	1	155	98	11	1	-A
E4_BC52_191109_LF_LIB_consensus_vsearch	3467	A	A	258	2	0.76%	2	2	93	93	0.24951830443137643	1	1	157	101	1	1	+G
E4_BC52_191109_LF_LIB_consensus_vsearch	3468	A	A	279	1	0.36%	2	1	93	93	0.5000000000003686	1	1	176	103	0	1	C
E4_BC52_191109_LF_LIB_consensus_vsearch	3469	A	A	272	5	1.77%	2	2	93	93	0.03068643892575303	1	1	172	100	3	2	-G
E4_BC52_191109_LF_LIB_consensus_vsearch	3470	G	G	269	5	1.81%	2	1	93	93	0.030680274390748198	1	1	169	100	5	0	T
E4_BC52_191109_LF_LIB_consensus_vsearch	3471	T	T	273	4	1.42%	2	2	93	93	0.061822496004320764	1	1	175	98	3	1	+G
E4_BC52_191109_LF_LIB_consensus_vsearch	3472	A	*/+C	138	124	43.97%	2	2	93	93	1.8471378143129413E-46	1	1	82	56	87	37	+C
E4_BC52_191109_LF_LIB_consensus_vsearch	3473	C	*/+TC	247	20	7.17%	2	1	93	93	6.591450366205537E-7	1	1	174	73	0	20	+TC
E4_BC52_191109_LF_LIB_consensus_vsearch	3474	C	*/-T	262	10	3.55%	2	2	93	93	8.977068546848841E-4	1	1	177	85	1	9	-T
E4_BC52_191109_LF_LIB_consensus_vsearch	3475	T	Y	244	15	5.51%	2	2	93	93	2.4772496762156424E-5	1	1	171	73	4	11	C
E4_BC52_191109_LF_LIB_consensus_vsearch	3476	A	R	258	10	3.56%	2	1	93	93	8.96559014408215E-4	1	1	156	102	10	0	G
E4_BC52_191109_LF_LIB_consensus_vsearch	3477	G	G	268	2	0.73%	2	1	93	93	0.24953617810762627	1	1	167	101	2	0	-C
E4_BC52_191109_LF_LIB_consensus_vsearch	3478	C	C	270	3	1.09%	2	2	93	93	0.12431192660547026	1	1	168	102	2	1	A
E4_BC52_191109_LF_LIB_consensus_vsearch	3479	C	Y	264	9	3.25%	2	2	93	93	0.001826590629994852	1	1	165	99	4	5	T
E4_BC52_191109_LF_LIB_consensus_vsearch	3480	A	A	272	1	0.36%	2	1	93	93	0.5000000000003686	1	1	169	103	0	1	+C
E4_BC52_191109_LF_LIB_consensus_vsearch	3481	A	R	258	9	3.21%	2	1	93	93	0.001823798755543091	1	1	161	97	9	0	G
E4_BC52_191109_LF_LIB_consensus_vsearch	3482	C	C	267	4	1.44%	2	1	93	93	0.061807482193030554	1	1	171	96	0	4	+A
E4_BC52_191109_LF_LIB_consensus_vsearch	3483	T	T	266	4	1.43%	2	1	93	93	0.06180491495741971	1	1	172	94	0	4	A
E4_BC52_191109_LF_LIB_consensus_vsearch	3484	G	G	267	6	2.16%	2	1	93	93	0.015197328608558202	1	1	166	101	6	0	T
E4_BC52_191109_LF_LIB_consensus_vsearch	3485	C	*/-T	255	7	2.52%	2	1	93	93	0.007501809679633719	1	1	171	84	0	7	-T
E4_BC52_191109_LF_LIB_consensus_vsearch	3486	T	T	263	2	0.75%	2	1	93	93	0.24952741020799885	1	1	173	90	0	2	C
E4_BC52_191109_LF_LIB_consensus_vsearch	3487	T	T	270	2	0.73%	2	1	93	93	0.2495395948434138	1	1	173	97	0	2	C
E4_BC52_191109_LF_LIB_consensus_vsearch	3488	T	*/-C	269	9	3.19%	2	1	93	93	0.0018288267693504104	1	1	174	95	0	9	-C
E4_BC52_191109_LF_LIB_consensus_vsearch	3489	C	C	264	3	1.1%	2	1	93	93	0.1242964352720778	1	1	174	90	0	3	+T
E4_BC52_191109_LF_LIB_consensus_vsearch	3490	G	G	274	3	1.08%	2	2	93	93	0.1243218806510022	1	1	173	101	1	2	T
E4_BC52_191109_LF_LIB_consensus_vsearch	3491	C	C	277	1	0.36%	2	1	93	93	0.4999999999999138	1	1	174	103	1	0	+G
E4_BC52_191109_LF_LIB_consensus_vsearch	3492	A	A	276	4	1.42%	2	2	93	93	0.06182976140387695	1	1	176	100	1	3	-T
E4_BC52_191109_LF_LIB_consensus_vsearch	3493	T	T	275	1	0.36%	2	1	93	93	0.5000000000003686	1	1	174	101	1	0	A
E4_BC52_191109_LF_LIB_consensus_vsearch	3494	T	T	270	5	1.78%	2	1	93	93	0.030682344165700513	1	1	169	101	5	0	+A
E4_BC52_191109_LF_LIB_consensus_vsearch	3495	A	*/-G	269	7	2.49%	2	2	93	93	0.007517452744777598	1	1	173	96	1	6	-G
E4_BC52_191109_LF_LIB_consensus_vsearch	3496	G	G	271	2	0.73%	2	1	93	93	0.24954128440383208	1	1	175	96	2	0	+A
E4_BC52_191109_LF_LIB_consensus_vsearch	3497	G	G	276	2	0.71%	2	1	93	93	0.24954954954932992	1	1	176	100	2	0	A
E4_BC52_191109_LF_LIB_consensus_vsearch	3498	T	T	279	1	0.36%	2	1	93	93	0.5000000000003686	1	1	176	103	1	0	+G
E4_BC52_191109_LF_LIB_consensus_vsearch	3499	C	C	272	2	0.71%	2	2	93	93	0.2495429616087481	1	1	174	98	1	1	-G
E4_BC52_191109_LF_LIB_consensus_vsearch	3500	G	G	273	5	1.8%	2	1	93	93	0.03068846423273724	1	1	171	102	5	0	A
E4_BC52_191109_LF_LIB_consensus_vsearch	3501	T	T	275	2	0.71%	2	1	93	93	0.24954792043411347	1	1	173	102	2	0	+G
E4_BC52_191109_LF_LIB_consensus_vsearch	3502	C	C	271	2	0.72%	2	2	93	93	0.24954128440383208	1	1	172	99	1	1	+T
E4_BC52_191109_LF_LIB_consensus_vsearch	3503	T	T	276	1	0.36%	2	1	93	93	0.5000000000003686	1	1	173	103	1	0	G
E4_BC52_191109_LF_LIB_consensus_vsearch	3504	T	T	275	2	0.71%	2	1	93	93	0.24954792043411347	1	1	172	103	2	0	A
E4_BC52_191109_LF_LIB_consensus_vsearch	3505	C	C	269	5	1.79%	2	2	93	93	0.030680274390748198	1	1	171	98	1	4	-T
E4_BC52_191109_LF_LIB_consensus_vsearch	3506	T	T	264	3	1.09%	2	2	93	93	0.1242964352720778	1	1	168	96	1	2	C
E4_BC52_191109_LF_LIB_consensus_vsearch	3507	G	*/-AGG	263	7	2.51%	2	1	93	93	0.007510945692957774	1	1	160	103	7	0	-AGG
E4_BC52_191109_LF_LIB_consensus_vsearch	3508	A	*/-G	193	63	23.42%	2	2	93	93	1.3869182445463804E-21	1	1	98	95	56	7	-G
E4_BC52_191109_LF_LIB_consensus_vsearch	3509	G	G	207	2	0.95%	2	1	93	93	0.24940047961641743	1	1	111	96	2	0	+A
E4_BC52_191109_LF_LIB_consensus_vsearch	3510	G	G	265	5	1.82%	2	1	93	93	0.030671842124359663	1	1	161	104	5	0	A
E4_BC52_191109_LF_LIB_consensus_vsearch	3511	G	G	276	3	1.06%	2	1	93	93	0.12432675044874984	1	1	173	103	3	0	A
E4_BC52_191109_LF_LIB_consensus_vsearch	3512	T	T	274	2	0.71%	2	1	93	93	0.2495462794919261	1	1	170	104	2	0	+C
E4_BC52_191109_LF_LIB_consensus_vsearch	3513	C	*/-A	240	22	7.86%	2	1	93	93	1.50533634271118E-7	1	1	137	103	22	0	-A
E4_BC52_191109_LF_LIB_consensus_vsearch	3514	A	W	219	9	3.63%	2	1	93	93	0.0018021474934649558	1	1	125	94	9	0	T
E4_BC52_191109_LF_LIB_consensus_vsearch	3515	C	Y	222	22	8.33%	2	1	93	93	1.4528193465661186E-7	1	1	123	99	22	0	T
E4_BC52_191109_LF_LIB_consensus_vsearch	3516	A	R	206	37	13.91%	2	2	93	93	1.6508639577238282E-12	1	1	115	91	36	1	G
E4_BC52_191109_LF_LIB_consensus_vsearch	3517	G	G	248	6	2.26%	2	1	93	93	0.015165466280175907	1	1	157	91	6	0	A
E4_BC52_191109_LF_LIB_consensus_vsearch	3518	G	*/-A	256	23	8.16%	2	1	93	93	7.431303733650836E-8	1	1	152	104	23	0	-A
E4_BC52_191109_LF_LIB_consensus_vsearch	3519	A	*/-T	240	8	3.11%	2	2	93	93	0.003688638173064166	1	1	145	95	4	4	-T
E4_BC52_191109_LF_LIB_consensus_vsearch	3520	T	T	269	1	0.37%	2	1	93	93	0.4999999999999138	1	1	172	97	0	1	C
E4_BC52_191109_LF_LIB_consensus_vsearch	3521	T	T	279	1	0.36%	2	1	93	93	0.5000000000003686	1	1	177	102	1	0	A
E4_BC52_191109_LF_LIB_consensus_vsearch	3522	T	*/-C	272	7	2.49%	2	2	93	93	0.007520602096545131	1	1	172	100	4	3	-C
E4_BC52_191109_LF_LIB_consensus_vsearch	3523	C	C	269	1	0.36%	2	1	93	93	0.4999999999999138	1	1	170	99	0	1	+G
E4_BC52_191109_LF_LIB_consensus_vsearch	3524	A	*/-C	121	102	36.56%	2	2	93	93	5.057905391918567E-38	1	1	74	47	52	50	-C
E4_BC52_191109_LF_LIB_consensus_vsearch	3525	C	C	136	1	0.72%	2	1	93	93	0.5000000000001412	1	1	89	47	0	1	+T
E4_BC52_191109_LF_LIB_consensus_vsearch	3526	C	C	235	5	2.07%	2	2	93	93	0.030599650739886693	1	1	141	94	1	4	T
E4_BC52_191109_LF_LIB_consensus_vsearch	3527	C	C	250	6	2.33%	2	2	93	93	0.015169042029074849	1	1	151	99	1	5	T
E4_BC52_191109_LF_LIB_consensus_vsearch	3528	C	C	267	5	1.78%	2	2	93	93	0.030676089228361576	1	1	172	95	2	3	-T
E4_BC52_191109_LF_LIB_consensus_vsearch	3529	T	T	269	2	0.72%	2	1	93	93	0.24953789279111838	1	1	172	97	2	0	-A
E4_BC52_191109_LF_LIB_consensus_vsearch	3530	A	A	268	5	1.8%	2	1	93	93	0.030678189467263802	1	1	169	99	5	0	G
E4_BC52_191109_LF_LIB_consensus_vsearch	3531	G	*/-C	257	11	3.97%	2	2	93	93	4.3975708311224564E-4	1	1	162	95	6	5	-C
E4_BC52_191109_LF_LIB_consensus_vsearch	3532	C	C	258	5	1.87%	2	1	93	93	0.030656469088614302	1	1	170	88	0	5	+T
E4_BC52_191109_LF_LIB_consensus_vsearch	3533	C	C	278	1	0.36%	2	1	93	93	0.4999999999999138	1	1	176	102	0	1	T
E4_BC52_191109_LF_LIB_consensus_vsearch	3534	C	C	278	3	1.07%	2	2	93	93	0.12433155080212302	1	1	177	101	1	2	T
E4_BC52_191109_LF_LIB_consensus_vsearch	3535	C	C	274	3	1.07%	2	2	93	93	0.1243218806510022	1	1	173	101	1	2	T
E4_BC52_191109_LF_LIB_consensus_vsearch	3536	A	A	271	5	1.79%	2	1	93	93	0.030684398956702864	1	1	168	103	5	0	-G
E4_BC52_191109_LF_LIB_consensus_vsearch	3537	G	*/-A	229	42	15.22%	2	1	93	93	4.062324519933074E-14	1	1	125	104	42	0	-A
E4_BC52_191109_LF_LIB_consensus_vsearch	3538	A	A	232	3	1.28%	2	1	93	93	0.12420042643922884	1	1	128	104	3	0	G
E4_BC52_191109_LF_LIB_consensus_vsearch	3539	G	G	271	3	1.08%	2	2	93	93	0.12431444241326345	1	1	170	101	2	1	-TA
E4_BC52_191109_LF_LIB_consensus_vsearch	3540	T	T	266	6	2.17%	2	2	93	93	0.015195762196627145	1	1	171	95	2	4	C
E4_BC52_191109_LF_LIB_consensus_vsearch	3541	A	A	267	3	1.09%	2	1	93	93	0.12430426716151294	1	1	168	99	3	0	+C
E4_BC52_191109_LF_LIB_consensus_vsearch	3542	C	Y	262	8	2.89%	2	2	93	93	0.0037061514394952193	1	1	169	93	2	6	T
E4_BC52_191109_LF_LIB_consensus_vsearch	3543	G	R	267	8	2.89%	2	1	93	93	0.003709745731198054	1	1	167	100	8	0	A
E4_BC52_191109_LF_LIB_consensus_vsearch	3544	G	G	265	5	1.79%	2	2	93	93	0.030671842124359663	1	1	167	98	4	1	T
E4_BC52_191109_LF_LIB_consensus_vsearch	3545	T	T	277	2	0.72%	2	1	93	93	0.24955116696580612	1	1	175	102	0	2	C
E4_BC52_191109_LF_LIB_consensus_vsearch	3546	T	T	263	5	1.79%	2	1	93	93	0.030667531693296068	1	1	165	98	5	0	-GG
E4_BC52_191109_LF_LIB_consensus_vsearch	3547	G	G	263	3	1.11%	2	2	93	93	0.12429378531094196	1	1	161	102	2	1	T
E4_BC52_191109_LF_LIB_consensus_vsearch	3548	G	*/+C	106	137	49.82%	2	2	93	93	7.39318269472578E-54	1	1	81	25	61	76	+C
E4_BC52_191109_LF_LIB_consensus_vsearch	3549	C	C	247	6	2.29%	2	1	93	93	0.015163657292611031	1	1	146	101	6	0	T
E4_BC52_191109_LF_LIB_consensus_vsearch	3550	C	Y	257	17	6.09%	2	2	93	93	5.906704434617644E-6	1	1	161	96	14	3	T
E4_BC52_191109_LF_LIB_consensus_vsearch	3551	C	Y	217	24	8.57%	2	1	93	93	3.2638989920788505E-8	1	1	138	79	24	0	T
E4_BC52_191109_LF_LIB_consensus_vsearch	3552	G	S	179	54	20.22%	2	1	93	93	1.7120770170545748E-18	1	1	77	102	54	0	C
E4_BC52_191109_LF_LIB_consensus_vsearch	3553	A	A	256	4	1.49%	2	1	93	93	0.061778155432067945	1	1	153	103	4	0	-G
E4_BC52_191109_LF_LIB_consensus_vsearch	3554	G	G	264	2	0.73%	2	1	93	93	0.24952919020719036	1	1	163	101	0	2	+C
E4_BC52_191109_LF_LIB_consensus_vsearch	3555	T	T	263	5	1.79%	2	2	93	93	0.030667531693296068	1	1	170	93	2	3	C
E4_BC52_191109_LF_LIB_consensus_vsearch	3556	A	*/-C	169	66	23.66%	2	2	93	93	6.589577911699948E-23	1	1	102	67	35	31	-C
E4_BC52_191109_LF_LIB_consensus_vsearch	3557	C	Y	178	7	3.65%	2	1	93	93	0.007373926992228167	1	1	114	64	0	7	T
E4_BC52_191109_LF_LIB_consensus_vsearch	3558	C	Y	247	10	3.88%	2	1	93	93	8.932230783903669E-4	1	1	153	94	0	10	T
E4_BC52_191109_LF_LIB_consensus_vsearch	3559	C	Y	257	13	4.74%	2	1	93	93	1.0528976599273693E-4	1	1	167	90	0	13	T
E4_BC52_191109_LF_LIB_consensus_vsearch	3560	C	C	270	4	1.42%	2	2	93	93	0.06181507136518779	1	1	173	97	1	3	T
E4_BC52_191109_LF_LIB_consensus_vsearch	3561	T	T	271	2	0.72%	2	1	93	93	0.24954128440383208	1	1	175	96	0	2	+A
E4_BC52_191109_LF_LIB_consensus_vsearch	3562	G	R	269	7	2.49%	2	1	93	93	0.007517452744777598	1	1	168	101	7	0	A
E4_BC52_191109_LF_LIB_consensus_vsearch	3563	T	Y	267	7	2.5%	2	2	93	93	0.007515315152860378	1	1	166	101	6	1	C
E4_BC52_191109_LF_LIB_consensus_vsearch	3564	T	T	272	4	1.43%	2	2	93	93	0.06182003907461255	1	1	171	101	3	1	C
E4_BC52_191109_LF_LIB_consensus_vsearch	3565	A	A	277	2	0.71%	2	1	93	93	0.24955116696580612	1	1	175	102	2	0	G
E4_BC52_191109_LF_LIB_consensus_vsearch	3566	A	A	279	1	0.35%	2	1	93	93	0.5000000000003686	1	1	175	104	1	0	C
E4_BC52_191109_LF_LIB_consensus_vsearch	3567	T	T	274	2	0.71%	2	2	93	93	0.2495462794919261	1	1	175	99	1	1	-C
E4_BC52_191109_LF_LIB_consensus_vsearch	3568	C	C	269	6	2.16%	2	2	93	93	0.015200427384840735	1	1	169	100	5	1	-A
E4_BC52_191109_LF_LIB_consensus_vsearch	3569	A	A	266	4	1.47%	2	1	93	93	0.06180491495741971	1	1	165	101	4	0	G
E4_BC52_191109_LF_LIB_consensus_vsearch	3570	T	K	266	7	2.52%	2	1	93	93	0.0075142347009056415	1	1	166	100	7	0	G
E4_BC52_191109_LF_LIB_consensus_vsearch	3571	T	T	275	4	1.42%	2	1	93	93	0.06182735698001327	1	1	172	103	4	0	-ACT
E4_BC52_191109_LF_LIB_consensus_vsearch	3572	A	R	265	11	3.96%	2	2	93	93	4.411194026977277E-4	1	1	163	102	10	1	G
E4_BC52_191109_LF_LIB_consensus_vsearch	3573	C	*/-TG	253	19	6.86%	2	1	93	93	1.3774622345546545E-6	1	1	150	103	19	0	-TG
E4_BC52_191109_LF_LIB_consensus_vsearch	3574	T	T	248	3	1.17%	2	2	93	93	0.12425149700602607	1	1	148	100	2	1	C
E4_BC52_191109_LF_LIB_consensus_vsearch	3575	G	G	259	2	0.76%	2	1	93	93	0.24952015355082954	1	1	155	104	2	0	C
E4_BC52_191109_LF_LIB_consensus_vsearch	3576	C	C	274	2	0.71%	2	1	93	93	0.2495462794919261	1	1	173	101	0	2	T
E4_BC52_191109_LF_LIB_consensus_vsearch	3577	A	A	271	3	1.08%	2	1	93	93	0.12431444241326345	1	1	170	101	0	3	-T
E4_BC52_191109_LF_LIB_consensus_vsearch	3578	T	T	272	2	0.72%	2	1	93	93	0.2495429616087481	1	1	172	100	2	0	-C
E4_BC52_191109_LF_LIB_consensus_vsearch	3579	C	C	276	2	0.72%	2	2	93	93	0.24954954954932992	1	1	173	103	1	1	-GTC
E4_BC52_191109_LF_LIB_consensus_vsearch	3580	G	G	271	4	1.43%	2	1	93	93	0.06181756426009212	1	1	171	100	4	0	A
E4_BC52_191109_LF_LIB_consensus_vsearch	3581	T	T	275	1	0.36%	2	1	93	93	0.5000000000003686	1	1	174	101	1	0	+C
E4_BC52_191109_LF_LIB_consensus_vsearch	3582	C	C	267	5	1.79%	2	2	93	93	0.030676089228361576	1	1	170	97	2	3	+T
E4_BC52_191109_LF_LIB_consensus_vsearch	3583	T	T	275	2	0.72%	2	2	93	93	0.24954792043411347	1	1	173	102	1	1	C
E4_BC52_191109_LF_LIB_consensus_vsearch	3584	T	T	277	2	0.71%	2	1	93	93	0.24955116696580612	1	1	173	104	2	0	G
E4_BC52_191109_LF_LIB_consensus_vsearch	3585	T	T	274	4	1.42%	2	2	93	93	0.061824935242698754	1	1	172	102	3	1	C
E4_BC52_191109_LF_LIB_consensus_vsearch	3586	A	A	274	2	0.72%	2	1	93	93	0.2495462794919261	1	1	171	103	2	0	+CA
E4_BC52_191109_LF_LIB_consensus_vsearch	3587	A	A	268	6	2.14%	2	1	93	93	0.015198883630026071	1	1	164	104	6	0	-C
E4_BC52_191109_LF_LIB_consensus_vsearch	3588	C	C	271	3	1.09%	2	2	93	93	0.12431444241326345	1	1	168	103	2	1	T
E4_BC52_191109_LF_LIB_consensus_vsearch	3589	C	Y	268	10	3.57%	2	2	93	93	8.993681918747568E-4	1	1	169	99	5	5	T
E4_BC52_191109_LF_LIB_consensus_vsearch	3590	A	A	278	1	0.36%	2	1	93	93	0.4999999999999138	1	1	175	103	0	1	G
E4_BC52_191109_LF_LIB_consensus_vsearch	3591	A	R	266	10	3.57%	2	1	93	93	8.988222415871298E-4	1	1	165	101	10	0	G
E4_BC52_191109_LF_LIB_consensus_vsearch	3592	C	C	274	4	1.42%	2	1	93	93	0.061824935242698754	1	1	175	99	0	4	+A
E4_BC52_191109_LF_LIB_consensus_vsearch	3593	A	A	277	3	1.07%	2	1	93	93	0.12432915921300346	1	1	173	104	3	0	G
E4_BC52_191109_LF_LIB_consensus_vsearch	3594	A	R	266	8	2.85%	2	1	93	93	0.0037090372381044278	1	1	168	98	8	0	G
E4_BC52_191109_LF_LIB_consensus_vsearch	3595	C	*/-A	262	8	2.9%	2	2	93	93	0.0037061514394952193	1	1	166	96	7	1	-A
E4_BC52_191109_LF_LIB_consensus_vsearch	3596	A	A	263	2	0.75%	2	1	93	93	0.24952741020799885	1	1	165	98	2	0	G
E4_BC52_191109_LF_LIB_consensus_vsearch	3597	A	A	270	3	1.09%	2	1	93	93	0.12431192660547026	1	1	171	99	3	0	G
E4_BC52_191109_LF_LIB_consensus_vsearch	3598	G	G	279	1	0.36%	2	1	93	93	0.5000000000003686	1	1	175	104	1	0	-ACG
E4_BC52_191109_LF_LIB_consensus_vsearch	3599	A	A	276	2	0.71%	2	1	93	93	0.24954954954932992	1	1	173	103	2	0	G
E4_BC52_191109_LF_LIB_consensus_vsearch	3600	C	C	270	4	1.43%	2	1	93	93	0.06181507136518779	1	1	167	103	4	0	T
E4_BC52_191109_LF_LIB_consensus_vsearch	3601	G	G	274	2	0.72%	2	1	93	93	0.2495462794919261	1	1	173	101	2	0	A
E4_BC52_191109_LF_LIB_consensus_vsearch	3602	C	C	267	5	1.79%	2	1	93	93	0.030676089228361576	1	1	168	99	5	0	+TT
E4_BC52_191109_LF_LIB_consensus_vsearch	3603	T	T	273	1	0.36%	2	1	93	93	0.4999999999999138	1	1	174	99	1	0	+A
E4_BC52_191109_LF_LIB_consensus_vsearch	3604	G	G	270	2	0.71%	2	1	93	93	0.2495395948434138	1	1	172	98	2	0	+C
E4_BC52_191109_LF_LIB_consensus_vsearch	3605	C	C	267	3	1.08%	2	1	93	93	0.12430426716151294	1	1	173	94	0	3	T
E4_BC52_191109_LF_LIB_consensus_vsearch	3606	G	R	261	11	3.96%	2	2	93	93	4.404479324483225E-4	1	1	165	96	10	1	A
E4_BC52_191109_LF_LIB_consensus_vsearch	3607	G	G	277	2	0.71%	2	2	93	93	0.24955116696580612	1	1	175	102	1	1	A
E4_BC52_191109_LF_LIB_consensus_vsearch	3608	T	*/-C	263	12	4.26%	2	1	93	93	2.1597713006427273E-4	1	1	162	101	12	0	-C
E4_BC52_191109_LF_LIB_consensus_vsearch	3609	C	C	266	2	0.74%	2	1	93	93	0.24953271028049737	1	1	163	103	2	0	G
E4_BC52_191109_LF_LIB_consensus_vsearch	3610	C	C	273	3	1.06%	2	2	93	93	0.12431941923772909	1	1	172	101	2	1	-AT
E4_BC52_191109_LF_LIB_consensus_vsearch	3611	A	R	262	13	4.68%	2	1	93	93	1.0557989815422707E-4	1	1	159	103	13	0	G
E4_BC52_191109_LF_LIB_consensus_vsearch	3612	T	*/+A	258	7	2.53%	2	1	93	93	0.007505299821009934	1	1	159	99	7	0	+A
E4_BC52_191109_LF_LIB_consensus_vsearch	3613	G	R	259	18	6.47%	2	1	93	93	2.8680411498503605E-6	1	1	155	104	18	0	A
E4_BC52_191109_LF_LIB_consensus_vsearch	3614	T	*/-GT	246	18	6.43%	2	2	93	93	2.8266626691789653E-6	1	1	154	92	8	10	-GT
E4_BC52_191109_LF_LIB_consensus_vsearch	3615	G	R	238	14	5.45%	2	1	93	93	5.0698780178159105E-5	1	1	145	93	14	0	A
E4_BC52_191109_LF_LIB_consensus_vsearch	3616	T	T	252	1	0.39%	2	1	93	93	0.5000000000003686	1	1	161	91	0	1	+GT
E4_BC52_191109_LF_LIB_consensus_vsearch	3617	T	T	267	3	1.09%	2	1	93	93	0.12430426716151294	1	1	167	100	3	0	-ATT
E4_BC52_191109_LF_LIB_consensus_vsearch	3618	A	A	270	3	1.09%	2	1	93	93	0.12431192660547026	1	1	172	98	0	3	+G
E4_BC52_191109_LF_LIB_consensus_vsearch	3619	T	T	270	3	1.08%	2	1	93	93	0.12431192660547026	1	1	173	97	0	3	C
E4_BC52_191109_LF_LIB_consensus_vsearch	3620	T	T	274	4	1.43%	2	1	93	93	0.061824935242698754	1	1	171	103	4	0	-C
E4_BC52_191109_LF_LIB_consensus_vsearch	3621	C	C	276	1	0.36%	2	1	93	93	0.5000000000003686	1	1	174	102	0	1	+G
E4_BC52_191109_LF_LIB_consensus_vsearch	3622	C	C	280	1	0.35%	2	1	93	93	0.4999999999999138	1	1	177	103	1	0	-A
E4_BC52_191109_LF_LIB_consensus_vsearch	3623	A	A	277	1	0.36%	2	1	93	93	0.4999999999999138	1	1	175	102	0	1	+CA
E4_BC52_191109_LF_LIB_consensus_vsearch	3624	T	T	275	4	1.42%	2	1	93	93	0.06182735698001327	1	1	176	99	0	4	-GCT
E4_BC52_191109_LF_LIB_consensus_vsearch	3625	G	G	273	1	0.36%	2	1	93	93	0.4999999999999138	1	1	173	100	1	0	+A
E4_BC52_191109_LF_LIB_consensus_vsearch	3626	C	C	272	2	0.72%	2	1	93	93	0.2495429616087481	1	1	175	97	0	2	T
E4_BC52_191109_LF_LIB_consensus_vsearch	3627	T	T	273	2	0.72%	2	2	93	93	0.2495446265938613	1	1	176	97	1	1	-A
E4_BC52_191109_LF_LIB_consensus_vsearch	3628	A	A	276	1	0.36%	2	1	93	93	0.5000000000003686	1	1	174	102	1	0	+GTA
E4_BC52_191109_LF_LIB_consensus_vsearch	3629	A	A	276	2	0.71%	2	1	93	93	0.24954954954932992	1	1	174	102	2	0	G
E4_BC52_191109_LF_LIB_consensus_vsearch	3630	T	T	274	3	1.07%	2	1	93	93	0.1243218806510022	1	1	171	103	3	0	+G
E4_BC52_191109_LF_LIB_consensus_vsearch	3631	A	A	271	3	1.08%	2	1	93	93	0.12431444241326345	1	1	170	101	3	0	G
E4_BC52_191109_LF_LIB_consensus_vsearch	3632	G	G	277	1	0.36%	2	1	93	93	0.4999999999999138	1	1	173	104	1	0	-A
E4_BC52_191109_LF_LIB_consensus_vsearch	3633	A	A	275	2	0.71%	2	2	93	93	0.24954792043411347	1	1	174	101	1	1	G
E4_BC52_191109_LF_LIB_consensus_vsearch	3634	T	T	278	1	0.36%	2	1	93	93	0.4999999999999138	1	1	175	103	1	0	G
E4_BC52_191109_LF_LIB_consensus_vsearch	3635	T	T	274	5	1.78%	2	2	93	93	0.030690475035149573	1	1	173	101	2	3	-C
E4_BC52_191109_LF_LIB_consensus_vsearch	3636	C	C	276	1	0.36%	2	1	93	93	0.5000000000003686	1	1	175	101	1	0	+AAC
E4_BC52_191109_LF_LIB_consensus_vsearch	3637	C	*/-G	265	8	2.84%	2	2	93	93	0.0037083236186299423	1	1	173	92	2	6	-G
E4_BC52_191109_LF_LIB_consensus_vsearch	3638	G	R	261	8	2.94%	2	2	93	93	0.003705416747963619	1	1	167	94	6	2	A
E4_BC52_191109_LF_LIB_consensus_vsearch	3639	G	G	275	2	0.71%	2	1	93	93	0.24954792043411347	1	1	173	102	2	0	-CAA
E4_BC52_191109_LF_LIB_consensus_vsearch	3640	C	C	271	2	0.72%	2	2	93	93	0.24954128440383208	1	1	170	101	1	1	-A
E4_BC52_191109_LF_LIB_consensus_vsearch	3641	A	A	272	1	0.36%	2	1	93	93	0.5000000000003686	1	1	169	103	1	0	+CA
E4_BC52_191109_LF_LIB_consensus_vsearch	3642	A	R	259	14	5.04%	2	1	93	93	5.14463684801948E-5	1	1	156	103	14	0	G
E4_BC52_191109_LF_LIB_consensus_vsearch	3643	C	Y	263	7	2.52%	2	2	93	93	0.007510945692957774	1	1	162	101	5	2	T
E4_BC52_191109_LF_LIB_consensus_vsearch	3644	A	A	271	3	1.08%	2	1	93	93	0.12431444241326345	1	1	170	101	3	0	G
E4_BC52_191109_LF_LIB_consensus_vsearch	3645	T	T	264	5	1.81%	2	1	93	93	0.030669694912897477	1	1	166	98	5	0	-G
E4_BC52_191109_LF_LIB_consensus_vsearch	3646	G	G	264	3	1.1%	2	1	93	93	0.1242964352720778	1	1	166	98	0	3	-TG
E4_BC52_191109_LF_LIB_consensus_vsearch	3647	T	T	267	3	1.09%	2	2	93	93	0.12430426716151294	1	1	171	96	2	1	C
E4_BC52_191109_LF_LIB_consensus_vsearch	3648	G	G	262	6	2.17%	2	1	93	93	0.015189380104217696	1	1	166	96	6	0	A
E4_BC52_191109_LF_LIB_consensus_vsearch	3649	C	C	267	6	2.15%	2	2	93	93	0.015197328608558202	1	1	170	97	1	5	+T
E4_BC52_191109_LF_LIB_consensus_vsearch	3650	C	*/-T	270	8	2.85%	2	2	93	93	0.003711840998534883	1	1	173	97	2	6	-T
E4_BC52_191109_LF_LIB_consensus_vsearch	3651	T	T	262	5	1.83%	2	1	93	93	0.030665352285866324	1	1	169	93	5	0	-GCCT
E4_BC52_191109_LF_LIB_consensus_vsearch	3652	G	G	265	4	1.45%	2	1	93	93	0.06180232861697055	1	1	170	95	0	4	+C
E4_BC52_191109_LF_LIB_consensus_vsearch	3653	C	C	268	1	0.37%	2	1	93	93	0.5000000000003686	1	1	169	99	0	1	+G
E4_BC52_191109_LF_LIB_consensus_vsearch	3654	C	C	274	2	0.72%	2	1	93	93	0.2495462794919261	1	1	173	101	0	2	-TC
E4_BC52_191109_LF_LIB_consensus_vsearch	3655	T	T	269	3	1.09%	2	1	93	93	0.12430939226523824	1	1	173	96	0	3	-C
E4_BC52_191109_LF_LIB_consensus_vsearch	3656	C	C	265	5	1.81%	2	2	93	93	0.030671842124359663	1	1	173	92	1	4	+T
E4_BC52_191109_LF_LIB_consensus_vsearch	3657	A	R	262	8	2.89%	2	2	93	93	0.0037061514394952193	1	1	164	98	7	1	G
E4_BC52_191109_LF_LIB_consensus_vsearch	3658	T	T	271	4	1.44%	2	2	93	93	0.06181756426009212	1	1	172	99	2	2	C
E4_BC52_191109_LF_LIB_consensus_vsearch	3659	G	G	274	3	1.07%	2	1	93	93	0.1243218806510022	1	1	172	102	3	0	A
E4_BC52_191109_LF_LIB_consensus_vsearch	3660	C	C	266	4	1.43%	2	2	93	93	0.06180491495741971	1	1	168	98	3	1	-GC
E4_BC52_191109_LF_LIB_consensus_vsearch	3661	G	*/+C	263	11	4%	2	1	93	93	4.407860386823763E-4	1	1	173	90	0	11	+C
E4_BC52_191109_LF_LIB_consensus_vsearch	3662	C	*/+T	265	9	3.25%	2	1	93	93	0.0018270442691405997	1	1	173	92	0	9	+T
E4_BC52_191109_LF_LIB_consensus_vsearch	3663	T	*/+C	263	7	2.49%	2	2	93	93	0.007510945692957774	1	1	171	92	3	4	+C
E4_BC52_191109_LF_LIB_consensus_vsearch	3664	C	*/-TC	263	9	3.25%	2	2	93	93	0.0018261337158000507	1	1	173	90	4	5	-TC
E4_BC52_191109_LF_LIB_consensus_vsearch	3665	T	T	267	2	0.74%	2	1	93	93	0.24953445065180796	1	1	171	96	2	0	C
E4_BC52_191109_LF_LIB_consensus_vsearch	3666	C	C	265	4	1.47%	2	1	93	93	0.06180232861697055	1	1	170	95	4	0	+TC
E4_BC52_191109_LF_LIB_consensus_vsearch	3667	A	*/+T	269	9	3.19%	2	1	93	93	0.0018288267693504104	1	1	167	102	9	0	+T
E4_BC52_191109_LF_LIB_consensus_vsearch	3668	T	T	277	1	0.36%	2	1	93	93	0.4999999999999138	1	1	176	101	0	1	+GT
E4_BC52_191109_LF_LIB_consensus_vsearch	3669	T	T	280	1	0.35%	2	1	93	93	0.4999999999999138	1	1	178	102	0	1	+G
E4_BC52_191109_LF_LIB_consensus_vsearch	3670	T	T	278	1	0.35%	2	1	93	93	0.4999999999999138	1	1	176	102	1	0	-GTT
E4_BC52_191109_LF_LIB_consensus_vsearch	3671	G	G	277	1	0.36%	2	1	93	93	0.4999999999999138	1	1	176	101	0	1	+A
E4_BC52_191109_LF_LIB_consensus_vsearch	3672	T	T	277	2	0.71%	2	1	93	93	0.24955116696580612	1	1	177	100	0	2	C
E4_BC52_191109_LF_LIB_consensus_vsearch	3673	T	T	271	5	1.78%	2	1	93	93	0.030684398956702864	1	1	170	101	5	0	+C
E4_BC52_191109_LF_LIB_consensus_vsearch	3674	C	*/-G	255	20	7.17%	2	1	93	93	6.665327099814594E-7	1	1	156	99	20	0	-G
E4_BC52_191109_LF_LIB_consensus_vsearch	3675	G	*/-AG	235	14	5.34%	2	1	93	93	5.0582388118107997E-5	1	1	131	104	14	0	-AG
E4_BC52_191109_LF_LIB_consensus_vsearch	3676	A	*/-G	240	13	5%	2	1	93	93	1.0422226518848426E-4	1	1	138	102	13	0	-G
E4_BC52_191109_LF_LIB_consensus_vsearch	3677	G	G	248	2	0.79%	2	2	93	93	0.24949899799584363	1	1	147	101	1	1	+A
E4_BC52_191109_LF_LIB_consensus_vsearch	3678	G	G	275	2	0.71%	2	1	93	93	0.24954792043411347	1	1	173	102	2	0	T
E4_BC52_191109_LF_LIB_consensus_vsearch	3679	T	T	275	3	1.07%	2	2	93	93	0.1243243243242452	1	1	175	100	1	2	+G
E4_BC52_191109_LF_LIB_consensus_vsearch	3680	A	A	264	5	1.77%	2	1	93	93	0.030669694912897477	1	1	172	92	0	5	-T
E4_BC52_191109_LF_LIB_consensus_vsearch	3681	T	T	272	4	1.44%	2	1	93	93	0.06182003907461255	1	1	178	94	0	4	C
E4_BC52_191109_LF_LIB_consensus_vsearch	3682	T	T	274	4	1.42%	2	1	93	93	0.061824935242698754	1	1	178	96	0	4	C
E4_BC52_191109_LF_LIB_consensus_vsearch	3683	C	*/-G	267	9	3.23%	2	2	93	93	0.0018279418621040778	1	1	174	93	1	8	-G
E4_BC52_191109_LF_LIB_consensus_vsearch	3684	G	G	265	3	1.1%	2	1	93	93	0.12429906542060956	1	1	174	91	0	3	-T
E4_BC52_191109_LF_LIB_consensus_vsearch	3685	T	W	267	9	3.23%	2	1	93	93	0.0018279418621040778	1	1	177	90	0	9	A
E4_BC52_191109_LF_LIB_consensus_vsearch	3686	G	G	279	3	1.06%	2	1	93	93	0.12433392539955081	1	1	178	101	0	3	C
E4_BC52_191109_LF_LIB_consensus_vsearch	3687	A	A	266	6	2.13%	2	1	93	93	0.015195762196627145	1	1	167	99	6	0	+C
E4_BC52_191109_LF_LIB_consensus_vsearch	3688	C	C	272	2	0.72%	2	2	93	93	0.2495429616087481	1	1	174	98	1	1	A
E4_BC52_191109_LF_LIB_consensus_vsearch	3689	C	*/-G	250	17	6.03%	2	2	93	93	5.865937391528599E-6	1	1	171	79	2	15	-G
E4_BC52_191109_LF_LIB_consensus_vsearch	3690	G	G	258	3	1.14%	2	1	93	93	0.12428023032618613	1	1	173	85	0	3	T
E4_BC52_191109_LF_LIB_consensus_vsearch	3691	G	*/-A	257	23	8.21%	2	1	93	93	7.444390748717086E-8	1	1	154	103	23	0	-A
E4_BC52_191109_LF_LIB_consensus_vsearch	3692	A	A	258	0	0%	2	0	93	0	1.0	1	0	155	103	0	0	
E4_BC52_191109_LF_LIB_consensus_vsearch	3693	G	*/-C	263	11	3.91%	2	1	93	93	4.407860386823763E-4	1	1	162	101	11	0	-C
E4_BC52_191109_LF_LIB_consensus_vsearch	3694	C	C	269	1	0.37%	2	1	93	93	0.4999999999999138	1	1	166	103	1	0	G
E4_BC52_191109_LF_LIB_consensus_vsearch	3695	C	*/-G	248	10	3.56%	2	1	93	93	8.935377905624525E-4	1	1	154	94	10	0	-G
E4_BC52_191109_LF_LIB_consensus_vsearch	3696	G	*/-A	249	8	3.03%	2	2	93	93	0.0036961603384701837	1	1	152	97	7	1	-A
E4_BC52_191109_LF_LIB_consensus_vsearch	3697	A	A	256	2	0.77%	2	1	93	93	0.24951456310670525	1	1	163	93	0	2	G
E4_BC52_191109_LF_LIB_consensus_vsearch	3698	A	A	269	3	1.09%	2	1	93	93	0.12430939226523824	1	1	169	100	3	0	-G
E4_BC52_191109_LF_LIB_consensus_vsearch	3699	G	G	260	6	2.17%	2	2	93	93	0.01518611735985533	1	1	158	102	5	1	A
E4_BC52_191109_LF_LIB_consensus_vsearch	3700	C	C	270	3	1.09%	2	2	93	93	0.12431192660547026	1	1	171	99	1	2	T
E4_BC52_191109_LF_LIB_consensus_vsearch	3701	C	C	273	4	1.42%	2	1	93	93	0.061822496004320764	1	1	176	97	0	4	T
E4_BC52_191109_LF_LIB_consensus_vsearch	3702	C	*/-AC	260	17	6.03%	2	1	93	93	5.923608067183983E-6	1	1	158	102	17	0	-AC
E4_BC52_191109_LF_LIB_consensus_vsearch	3703	A	A	253	5	1.9%	2	2	93	93	0.030644978141142375	1	1	151	102	4	1	G
E4_BC52_191109_LF_LIB_consensus_vsearch	3704	C	C	249	5	1.89%	2	2	93	93	0.03063545999571253	1	1	152	97	3	2	T
E4_BC52_191109_LF_LIB_consensus_vsearch	3705	G	R	271	7	2.49%	2	1	93	93	0.0075195598088442315	1	1	169	102	7	0	A
E4_BC52_191109_LF_LIB_consensus_vsearch	3706	G	G	274	4	1.42%	2	1	93	93	0.061824935242698754	1	1	172	102	4	0	-C
E4_BC52_191109_LF_LIB_consensus_vsearch	3707	C	C	269	2	0.72%	2	2	93	93	0.24953789279111838	1	1	173	96	1	1	+TG
E4_BC52_191109_LF_LIB_consensus_vsearch	3708	C	*/-A	256	9	3.21%	2	1	93	93	0.0018228405600327687	1	1	162	94	9	0	-A
E4_BC52_191109_LF_LIB_consensus_vsearch	3709	A	*/-T	249	12	4.43%	2	2	93	93	2.1452978457341625E-4	1	1	158	91	7	5	-T
E4_BC52_191109_LF_LIB_consensus_vsearch	3710	T	K	246	14	5.26%	2	1	93	93	5.099688705266337E-5	1	1	154	92	14	0	G
E4_BC52_191109_LF_LIB_consensus_vsearch	3711	T	*/-A	260	9	3.24%	2	2	93	93	0.0018247429645633383	1	1	167	93	7	2	-A
E4_BC52_191109_LF_LIB_consensus_vsearch	3712	A	*/-G	205	40	14.81%	2	2	93	93	1.606546160090641E-13	1	1	150	55	1	39	-G
E4_BC52_191109_LF_LIB_consensus_vsearch	3713	G	G	234	2	0.83%	2	1	93	93	0.24946921443740738	1	1	173	61	0	2	+T
E4_BC52_191109_LF_LIB_consensus_vsearch	3714	G	G	279	1	0.36%	2	1	93	93	0.5000000000003686	1	1	177	102	1	0	+A
E4_BC52_191109_LF_LIB_consensus_vsearch	3715	G	G	279	2	0.71%	2	2	93	93	0.24955436720141339	1	1	177	102	1	1	-C
E4_BC52_191109_LF_LIB_consensus_vsearch	3716	C	C	269	3	1.07%	2	2	93	93	0.12430939226523824	1	1	172	97	2	1	-GC
E4_BC52_191109_LF_LIB_consensus_vsearch	3717	G	R	262	13	4.68%	2	2	93	93	1.0557989815422707E-4	1	1	165	97	8	5	A
E4_BC52_191109_LF_LIB_consensus_vsearch	3718	C	C	271	2	0.72%	2	2	93	93	0.24954128440383208	1	1	172	99	1	1	T
E4_BC52_191109_LF_LIB_consensus_vsearch	3719	C	C	270	4	1.42%	2	1	93	93	0.06181507136518779	1	1	174	96	0	4	-G
E4_BC52_191109_LF_LIB_consensus_vsearch	3720	G	R	262	12	4.33%	2	1	93	93	2.1587845097457918E-4	1	1	163	99	12	0	A
E4_BC52_191109_LF_LIB_consensus_vsearch	3721	G	R	263	9	3.2%	2	2	93	93	0.0018261337158000507	1	1	161	102	8	1	A
E4_BC52_191109_LF_LIB_consensus_vsearch	3722	C	C	276	0	0%	2	0	93	0	1.0	1	0	173	103	0	0	
E4_BC52_191109_LF_LIB_consensus_vsearch	3723	C	C	269	3	1.07%	2	2	93	93	0.12430939226523824	1	1	171	98	1	2	T
E4_BC52_191109_LF_LIB_consensus_vsearch	3724	G	G	268	2	0.72%	2	2	93	93	0.24953617810762627	1	1	169	99	1	1	+C
E4_BC52_191109_LF_LIB_consensus_vsearch	3725	G	R	266	7	2.51%	2	2	93	93	0.0075142347009056415	1	1	165	101	6	1	A
E4_BC52_191109_LF_LIB_consensus_vsearch	3726	C	*/+G	249	16	5.78%	2	1	93	93	1.2084026797485504E-5	1	1	152	97	16	0	+G
E4_BC52_191109_LF_LIB_consensus_vsearch	3727	A	*/-G	262	10	3.6%	2	1	93	93	8.977068546848841E-4	1	1	163	99	10	0	-G
E4_BC52_191109_LF_LIB_consensus_vsearch	3728	G	*/+A	255	7	2.58%	2	1	93	93	0.007501809679633719	1	1	153	102	7	0	+A
E4_BC52_191109_LF_LIB_consensus_vsearch	3729	T	*/-C	255	14	4.96%	2	2	93	93	5.131240225618357E-5	1	1	152	103	13	1	-C
E4_BC52_191109_LF_LIB_consensus_vsearch	3730	C	C	262	5	1.87%	2	1	93	93	0.030665352285866324	1	1	159	103	5	0	+A
E4_BC52_191109_LF_LIB_consensus_vsearch	3731	C	C	271	4	1.42%	2	1	93	93	0.06181756426009212	1	1	170	101	4	0	-A
E4_BC52_191109_LF_LIB_consensus_vsearch	3732	A	*/-C	215	28	10.26%	2	2	93	93	1.6326809839350082E-9	1	1	127	88	21	7	-C
E4_BC52_191109_LF_LIB_consensus_vsearch	3733	C	C	235	4	1.65%	2	1	93	93	0.06171466401859809	1	1	146	89	0	4	+T
E4_BC52_191109_LF_LIB_consensus_vsearch	3734	C	C	268	2	0.73%	2	1	93	93	0.24953617810762627	1	1	170	98	2	0	G
E4_BC52_191109_LF_LIB_consensus_vsearch	3735	C	C	276	3	1.08%	2	2	93	93	0.12432675044874984	1	1	173	103	2	1	T
E4_BC52_191109_LF_LIB_consensus_vsearch	3736	C	Y	250	23	8.16%	2	2	93	93	7.351185736897802E-8	1	1	171	79	3	20	T
E4_BC52_191109_LF_LIB_consensus_vsearch	3737	G	G	268	5	1.79%	2	1	93	93	0.030678189467263802	1	1	165	103	5	0	-A
E4_BC52_191109_LF_LIB_consensus_vsearch	3738	A	A	272	1	0.37%	2	1	93	93	0.5000000000003686	1	1	168	104	1	0	G
E4_BC52_191109_LF_LIB_consensus_vsearch	3739	A	A	275	3	1.07%	2	1	93	93	0.1243243243242452	1	1	175	100	0	3	-G
E4_BC52_191109_LF_LIB_consensus_vsearch	3740	G	G	274	2	0.72%	2	1	93	93	0.2495462794919261	1	1	176	98	0	2	+C
E4_BC52_191109_LF_LIB_consensus_vsearch	3741	G	G	279	2	0.71%	2	2	93	93	0.24955436720141339	1	1	177	102	1	1	-A
E4_BC52_191109_LF_LIB_consensus_vsearch	3742	A	A	278	2	0.71%	2	1	93	93	0.24955277280837324	1	1	175	103	2	0	G
E4_BC52_191109_LF_LIB_consensus_vsearch	3743	T	T	280	1	0.35%	2	1	93	93	0.4999999999999138	1	1	177	103	1	0	-G
E4_BC52_191109_LF_LIB_consensus_vsearch	3744	G	G	273	2	0.71%	2	2	93	93	0.2495446265938613	1	1	175	98	1	1	+C
E4_BC52_191109_LF_LIB_consensus_vsearch	3745	C	C	264	6	2.14%	2	2	93	93	0.015192594697130085	1	1	171	93	2	4	+T
E4_BC52_191109_LF_LIB_consensus_vsearch	3746	T	T	270	1	0.36%	2	1	93	93	0.4999999999999138	1	1	171	99	0	1	+C
E4_BC52_191109_LF_LIB_consensus_vsearch	3747	T	T	264	5	1.79%	2	1	93	93	0.030669694912897477	1	1	172	92	0	5	+CT
E4_BC52_191109_LF_LIB_consensus_vsearch	3748	G	G	276	4	1.42%	2	1	93	93	0.06182976140387695	1	1	172	104	4	0	-C
E4_BC52_191109_LF_LIB_consensus_vsearch	3749	C	C	272	1	0.36%	2	1	93	93	0.5000000000003686	1	1	171	101	1	0	+G
E4_BC52_191109_LF_LIB_consensus_vsearch	3750	C	C	268	5	1.78%	2	2	93	93	0.030678189467263802	1	1	170	98	4	1	-A
E4_BC52_191109_LF_LIB_consensus_vsearch	3751	A	*/-TA	251	11	4%	2	2	93	93	4.386825993841257E-4	1	1	166	85	3	8	-TA
E4_BC52_191109_LF_LIB_consensus_vsearch	3752	T	T	251	6	2.25%	2	2	93	93	0.015170809117680038	1	1	164	87	2	4	C
E4_BC52_191109_LF_LIB_consensus_vsearch	3753	A	R	248	9	3.36%	2	2	93	93	0.0018188615104327871	1	1	162	86	6	3	G
E4_BC52_191109_LF_LIB_consensus_vsearch	3754	G	G	271	1	0.36%	2	1	93	93	0.4999999999999138	1	1	170	101	1	0	+A
E4_BC52_191109_LF_LIB_consensus_vsearch	3755	G	G	279	2	0.71%	2	1	93	93	0.24955436720141339	1	1	176	103	2	0	A
E4_BC52_191109_LF_LIB_consensus_vsearch	3756	C	C	280	1	0.36%	2	1	93	93	0.4999999999999138	1	1	177	103	1	0	+T
E4_BC52_191109_LF_LIB_consensus_vsearch	3757	G	G	272	5	1.78%	2	2	93	93	0.03068643892575303	1	1	171	101	3	2	-CG
E4_BC52_191109_LF_LIB_consensus_vsearch	3758	C	*/-G	266	7	2.54%	2	2	93	93	0.0075142347009056415	1	1	171	95	1	6	-G
E4_BC52_191109_LF_LIB_consensus_vsearch	3759	G	G	266	3	1.12%	2	2	93	93	0.1243016759777629	1	1	171	95	2	1	A
E4_BC52_191109_LF_LIB_consensus_vsearch	3760	G	*/-C	191	64	22.78%	2	2	93	93	5.841554280927723E-22	1	1	118	73	39	25	-C
E4_BC52_191109_LF_LIB_consensus_vsearch	3761	C	C	197	3	1.46%	2	1	93	93	0.1240601503759118	1	1	123	74	0	3	+T
E4_BC52_191109_LF_LIB_consensus_vsearch	3762	C	C	267	2	0.74%	2	1	93	93	0.24953445065180796	1	1	163	104	2	0	T
E4_BC52_191109_LF_LIB_consensus_vsearch	3763	C	C	265	5	1.81%	2	1	93	93	0.030671842124359663	1	1	168	97	0	5	+T
E4_BC52_191109_LF_LIB_consensus_vsearch	3764	C	*/-T	266	7	2.48%	2	2	93	93	0.0075142347009056415	1	1	174	92	1	6	-T
E4_BC52_191109_LF_LIB_consensus_vsearch	3765	T	*/+G	258	11	4%	2	2	93	93	4.3993165790743476E-4	1	1	173	85	1	10	+G
E4_BC52_191109_LF_LIB_consensus_vsearch	3766	G	G	270	6	2.14%	2	1	93	93	0.015201959994994966	1	1	170	100	6	0	-A
E4_BC52_191109_LF_LIB_consensus_vsearch	3767	A	A	268	4	1.45%	2	1	93	93	0.061810030534865154	1	1	168	100	0	4	-G
E4_BC52_191109_LF_LIB_consensus_vsearch	3768	G	G	276	1	0.36%	2	1	93	93	0.5000000000003686	1	1	176	100	1	0	A
E4_BC52_191109_LF_LIB_consensus_vsearch	3769	C	C	277	3	1.07%	2	2	93	93	0.12432915921300346	1	1	175	102	1	2	T
E4_BC52_191109_LF_LIB_consensus_vsearch	3770	A	A	277	1	0.35%	2	1	93	93	0.4999999999999138	1	1	173	104	1	0	+CA
E4_BC52_191109_LF_LIB_consensus_vsearch	3771	T	T	273	3	1.07%	2	2	93	93	0.12431941923772909	1	1	171	102	1	2	C
E4_BC52_191109_LF_LIB_consensus_vsearch	3772	C	C	272	3	1.08%	2	2	93	93	0.12431693989066941	1	1	172	100	1	2	-A
E4_BC52_191109_LF_LIB_consensus_vsearch	3773	A	A	273	4	1.44%	2	2	93	93	0.061822496004320764	1	1	173	100	2	2	G
E4_BC52_191109_LF_LIB_consensus_vsearch	3774	A	R	258	19	6.79%	2	2	93	93	1.3858631675571705E-6	1	1	158	100	18	1	G
E4_BC52_191109_LF_LIB_consensus_vsearch	3775	C	C	271	6	2.14%	2	1	93	93	0.015203481580703948	1	1	168	103	6	0	-T
E4_BC52_191109_LF_LIB_consensus_vsearch	3776	T	T	268	2	0.73%	2	2	93	93	0.24953617810762627	1	1	166	102	1	1	+G
E4_BC52_191109_LF_LIB_consensus_vsearch	3777	A	A	270	6	2.15%	2	2	93	93	0.015201959994994966	1	1	168	102	5	1	G
E4_BC52_191109_LF_LIB_consensus_vsearch	3778	C	C	277	2	0.72%	2	2	93	93	0.24955116696580612	1	1	174	103	1	1	+T
E4_BC52_191109_LF_LIB_consensus_vsearch	3779	G	G	272	4	1.42%	2	1	93	93	0.06182003907461255	1	1	171	101	4	0	A
E4_BC52_191109_LF_LIB_consensus_vsearch	3780	C	*/-AC	255	21	7.47%	2	1	93	93	3.2116957259577946E-7	1	1	153	102	21	0	-AC
E4_BC52_191109_LF_LIB_consensus_vsearch	3781	A	A	252	5	1.92%	2	1	93	93	0.030642626352771006	1	1	149	103	5	0	G
E4_BC52_191109_LF_LIB_consensus_vsearch	3782	C	C	254	2	0.77%	2	1	93	93	0.2495107632092758	1	1	152	102	0	2	T
E4_BC52_191109_LF_LIB_consensus_vsearch	3783	G	*/-T	253	20	7.19%	2	2	93	93	6.647203076827856E-7	1	1	152	101	19	1	-T
E4_BC52_191109_LF_LIB_consensus_vsearch	3784	T	T	257	1	0.39%	2	1	93	93	0.4999999999999138	1	1	156	101	0	1	C
E4_BC52_191109_LF_LIB_consensus_vsearch	3785	T	T	278	1	0.36%	2	1	93	93	0.4999999999999138	1	1	175	103	1	0	A
E4_BC52_191109_LF_LIB_consensus_vsearch	3786	T	T	277	1	0.36%	2	1	93	93	0.4999999999999138	1	1	175	102	0	1	+CTT
E4_BC52_191109_LF_LIB_consensus_vsearch	3787	T	*/-A	267	10	3.56%	2	2	93	93	8.990961781053044E-4	1	1	166	101	9	1	-A
E4_BC52_191109_LF_LIB_consensus_vsearch	3788	A	A	268	2	0.74%	2	1	93	93	0.24953617810762627	1	1	168	100	0	2	G
E4_BC52_191109_LF_LIB_consensus_vsearch	3789	A	R	263	10	3.57%	2	1	93	93	8.979886896061976E-4	1	1	163	100	10	0	G
E4_BC52_191109_LF_LIB_consensus_vsearch	3790	C	*/-T	268	8	2.88%	2	2	93	93	0.003710449152927439	1	1	167	101	7	1	-T
E4_BC52_191109_LF_LIB_consensus_vsearch	3791	T	Y	253	12	4.43%	2	2	93	93	2.1495825162865442E-4	1	1	163	90	2	10	C
E4_BC52_191109_LF_LIB_consensus_vsearch	3792	G	G	279	1	0.35%	2	1	93	93	0.5000000000003686	1	1	176	103	1	0	+C
E4_BC52_191109_LF_LIB_consensus_vsearch	3793	C	*/+A	264	13	4.61%	2	1	93	93	1.0569316610763818E-4	1	1	177	87	0	13	+A
E4_BC52_191109_LF_LIB_consensus_vsearch	3794	A	A	280	1	0.36%	2	1	93	93	0.4999999999999138	1	1	178	102	0	1	G
E4_BC52_191109_LF_LIB_consensus_vsearch	3795	A	R	268	11	3.9%	2	1	93	93	4.416107728500366E-4	1	1	164	104	11	0	G
E4_BC52_191109_LF_LIB_consensus_vsearch	3796	C	Y	261	12	4.26%	2	2	93	93	2.1577907883231425E-4	1	1	171	90	1	11	T
E4_BC52_191109_LF_LIB_consensus_vsearch	3797	A	A	273	1	0.36%	2	1	93	93	0.4999999999999138	1	1	172	101	1	0	+GCA
E4_BC52_191109_LF_LIB_consensus_vsearch	3798	A	R	263	9	3.24%	2	1	93	93	0.0018261337158000507	1	1	164	99	9	0	G
E4_BC52_191109_LF_LIB_consensus_vsearch	3799	C	C	260	6	2.18%	2	2	93	93	0.01518611735985533	1	1	168	92	2	4	+T
E4_BC52_191109_LF_LIB_consensus_vsearch	3800	T	T	264	5	1.82%	2	2	93	93	0.030669694912897477	1	1	171	93	1	4	-C
E4_BC52_191109_LF_LIB_consensus_vsearch	3801	C	C	268	3	1.09%	2	1	93	93	0.12430683918669663	1	1	174	94	0	3	+TC
E4_BC52_191109_LF_LIB_consensus_vsearch	3802	A	*/-CA	251	13	4.64%	2	2	93	93	1.049278674284444E-4	1	1	163	88	9	4	-CA
E4_BC52_191109_LF_LIB_consensus_vsearch	3803	C	C	256	4	1.52%	2	2	93	93	0.061778155432067945	1	1	162	94	3	1	-A
E4_BC52_191109_LF_LIB_consensus_vsearch	3804	A	A	254	4	1.54%	2	2	93	93	0.06177255436325217	1	1	161	93	2	2	G
E4_BC52_191109_LF_LIB_consensus_vsearch	3805	T	T	272	4	1.45%	2	2	93	93	0.06182003907461255	1	1	173	99	3	1	C
E4_BC52_191109_LF_LIB_consensus_vsearch	3806	A	*/-TA	257	17	6.16%	2	2	93	93	5.906704434617644E-6	1	1	168	89	6	11	-TA
E4_BC52_191109_LF_LIB_consensus_vsearch	3807	T	T	262	2	0.76%	2	2	93	93	0.24952561669824413	1	1	170	92	1	1	C
E4_BC52_191109_LF_LIB_consensus_vsearch	3808	A	*/+TA	249	7	2.65%	2	2	93	93	0.007494585982750822	1	1	158	91	6	1	+TA
E4_BC52_191109_LF_LIB_consensus_vsearch	3809	C	C	275	3	1.07%	2	1	93	93	0.1243243243242452	1	1	175	100	0	3	T
E4_BC52_191109_LF_LIB_consensus_vsearch	3810	G	G	278	2	0.71%	2	1	93	93	0.24955277280837324	1	1	177	101	0	2	+C
E4_BC52_191109_LF_LIB_consensus_vsearch	3811	C	C	278	3	1.06%	2	1	93	93	0.12433155080212302	1	1	178	100	0	3	-T
E4_BC52_191109_LF_LIB_consensus_vsearch	3812	T	T	272	6	2.15%	2	2	93	93	0.015204992260514073	1	1	176	96	2	4	C
E4_BC52_191109_LF_LIB_consensus_vsearch	3813	C	C	276	3	1.06%	2	2	93	93	0.12432675044874984	1	1	177	99	1	2	+TC
E4_BC52_191109_LF_LIB_consensus_vsearch	3814	G	G	272	3	1.08%	2	1	93	93	0.12431693989066941	1	1	176	96	0	3	-TG
E4_BC52_191109_LF_LIB_consensus_vsearch	3815	T	T	273	2	0.72%	2	2	93	93	0.2495446265938613	1	1	177	96	1	1	A
E4_BC52_191109_LF_LIB_consensus_vsearch	3816	G	G	274	2	0.72%	2	2	93	93	0.2495462794919261	1	1	176	98	1	1	T
E4_BC52_191109_LF_LIB_consensus_vsearch	3817	G	*/-A	261	19	6.76%	2	2	93	93	1.3907782849768878E-6	1	1	160	101	18	1	-A
E4_BC52_191109_LF_LIB_consensus_vsearch	3818	A	A	261	1	0.38%	2	1	93	93	0.5000000000003686	1	1	158	103	1	0	+G
E4_BC52_191109_LF_LIB_consensus_vsearch	3819	G	G	278	1	0.36%	2	1	93	93	0.4999999999999138	1	1	175	103	1	0	+C
E4_BC52_191109_LF_LIB_consensus_vsearch	3820	C	C	274	4	1.42%	2	1	93	93	0.061824935242698754	1	1	176	98	0	4	T
E4_BC52_191109_LF_LIB_consensus_vsearch	3821	T	*/-G	264	8	2.86%	2	2	93	93	0.0037076048169334716	1	1	170	94	2	6	-G
E4_BC52_191109_LF_LIB_consensus_vsearch	3822	G	G	270	3	1.1%	2	2	93	93	0.12431192660547026	1	1	175	95	1	2	T
E4_BC52_191109_LF_LIB_consensus_vsearch	3823	G	G	270	5	1.77%	2	1	93	93	0.030682344165700513	1	1	169	101	5	0	-A
E4_BC52_191109_LF_LIB_consensus_vsearch	3824	A	A	273	2	0.72%	2	1	93	93	0.2495446265938613	1	1	170	103	2	0	+G
E4_BC52_191109_LF_LIB_consensus_vsearch	3825	A	A	271	5	1.78%	2	2	93	93	0.030684398956702864	1	1	172	99	4	1	G
E4_BC52_191109_LF_LIB_consensus_vsearch	3826	T	T	275	2	0.72%	2	1	93	93	0.24954792043411347	1	1	173	102	2	0	G
E4_BC52_191109_LF_LIB_consensus_vsearch	3827	T	T	272	3	1.06%	2	1	93	93	0.12431693989066941	1	1	174	98	0	3	C
E4_BC52_191109_LF_LIB_consensus_vsearch	3828	A	A	268	3	1.08%	2	1	93	93	0.12430683918669663	1	1	168	100	3	0	+C
E4_BC52_191109_LF_LIB_consensus_vsearch	3829	C	C	267	5	1.79%	2	2	93	93	0.030676089228361576	1	1	171	96	1	4	T
E4_BC52_191109_LF_LIB_consensus_vsearch	3830	C	Y	264	11	3.93%	2	2	93	93	4.409533072146887E-4	1	1	174	90	1	10	T
E4_BC52_191109_LF_LIB_consensus_vsearch	3831	G	R	266	9	3.2%	2	2	93	93	0.0018274946683206224	1	1	166	100	8	1	A
E4_BC52_191109_LF_LIB_consensus_vsearch	3832	C	C	261	6	2.17%	2	2	93	93	0.015187754818318031	1	1	170	91	4	2	T
E4_BC52_191109_LF_LIB_consensus_vsearch	3833	G	G	264	4	1.46%	2	1	93	93	0.06179972295775155	1	1	169	95	4	0	A
E4_BC52_191109_LF_LIB_consensus_vsearch	3834	G	G	274	5	1.78%	2	2	93	93	0.030690475035149573	1	1	173	101	3	2	A
E4_BC52_191109_LF_LIB_consensus_vsearch	3835	C	Y	272	7	2.49%	2	2	93	93	0.007520602096545131	1	1	176	96	1	6	T
E4_BC52_191109_LF_LIB_consensus_vsearch	3836	T	T	276	3	1.07%	2	2	93	93	0.12432675044874984	1	1	176	100	1	2	A
E4_BC52_191109_LF_LIB_consensus_vsearch	3837	G	G	274	3	1.07%	2	2	93	93	0.1243218806510022	1	1	172	102	2	1	A
E4_BC52_191109_LF_LIB_consensus_vsearch	3838	C	C	271	3	1.08%	2	2	93	93	0.12431444241326345	1	1	169	102	2	1	+A
E4_BC52_191109_LF_LIB_consensus_vsearch	3839	T	T	264	3	1.09%	2	1	93	93	0.1242964352720778	1	1	166	98	0	3	+G
E4_BC52_191109_LF_LIB_consensus_vsearch	3840	G	G	270	2	0.73%	2	1	93	93	0.2495395948434138	1	1	167	103	2	0	A
E4_BC52_191109_LF_LIB_consensus_vsearch	3841	G	G	276	4	1.43%	2	1	93	93	0.06182976140387695	1	1	172	104	4	0	A
E4_BC52_191109_LF_LIB_consensus_vsearch	3842	C	*/-A	234	31	11.03%	2	1	93	93	1.8345131649887046E-10	1	1	135	99	31	0	-A
E4_BC52_191109_LF_LIB_consensus_vsearch	3843	A	A	231	6	2.42%	2	1	93	93	0.015132646455363082	1	1	131	100	6	0	G
E4_BC52_191109_LF_LIB_consensus_vsearch	3844	C	S	238	30	10.91%	2	1	93	93	3.943683279375187E-10	1	1	138	100	30	0	G
E4_BC52_191109_LF_LIB_consensus_vsearch	3845	C	C	266	4	1.42%	2	2	93	93	0.06180491495741971	1	1	165	101	2	2	A
E4_BC52_191109_LF_LIB_consensus_vsearch	3846	A	A	270	4	1.43%	2	2	93	93	0.06181507136518779	1	1	171	99	3	1	G
E4_BC52_191109_LF_LIB_consensus_vsearch	3847	G	G	275	3	1.07%	2	1	93	93	0.1243243243242452	1	1	172	103	3	0	-A
E4_BC52_191109_LF_LIB_consensus_vsearch	3848	A	A	269	4	1.44%	2	1	93	93	0.06181256019060895	1	1	169	100	4	0	G
E4_BC52_191109_LF_LIB_consensus_vsearch	3849	C	Y	257	11	3.96%	2	2	93	93	4.3975708311224564E-4	1	1	169	88	1	10	T
E4_BC52_191109_LF_LIB_consensus_vsearch	3850	T	*/+C	265	9	3.27%	2	1	93	93	0.0018270442691405997	1	1	172	93	0	9	+C
E4_BC52_191109_LF_LIB_consensus_vsearch	3851	T	T	272	2	0.72%	2	2	93	93	0.2495429616087481	1	1	173	99	1	1	C
E4_BC52_191109_LF_LIB_consensus_vsearch	3852	G	*/-C	256	9	3.19%	2	2	93	93	0.0018228405600327687	1	1	165	91	8	1	-C
E4_BC52_191109_LF_LIB_consensus_vsearch	3853	C	*/+T	241	17	6.27%	2	1	93	93	5.8106183676465616E-6	1	1	168	73	0	17	+T
E4_BC52_191109_LF_LIB_consensus_vsearch	3854	C	Y	242	18	6.43%	2	1	93	93	2.813199565658418E-6	1	1	167	75	0	18	T
E4_BC52_191109_LF_LIB_consensus_vsearch	3855	C	*/-T	262	12	4.26%	2	2	93	93	2.1587845097457918E-4	1	1	168	94	2	10	-T
E4_BC52_191109_LF_LIB_consensus_vsearch	3856	T	*/+C	104	159	58.89%	2	2	93	93	6.22242273878123E-64	1	1	96	8	77	82	+C
E4_BC52_191109_LF_LIB_consensus_vsearch	3857	C	C	278	2	0.71%	2	1	93	93	0.24955277280837324	1	1	175	103	2	0	-A
E4_BC52_191109_LF_LIB_consensus_vsearch	3858	A	M	270	8	2.86%	2	1	93	93	0.003711840998534883	1	1	176	94	0	8	C
E4_BC52_191109_LF_LIB_consensus_vsearch	3859	A	A	276	3	1.06%	2	1	93	93	0.12432675044874984	1	1	175	101	0	3	-T
E4_BC52_191109_LF_LIB_consensus_vsearch	3860	T	T	270	6	2.15%	2	1	93	93	0.015201959994994966	1	1	176	94	0	6	C
E4_BC52_191109_LF_LIB_consensus_vsearch	3861	C	C	273	3	1.07%	2	2	93	93	0.12431941923772909	1	1	174	99	2	1	+A
E4_BC52_191109_LF_LIB_consensus_vsearch	3862	G	G	272	4	1.43%	2	1	93	93	0.06182003907461255	1	1	171	101	4	0	+T
E4_BC52_191109_LF_LIB_consensus_vsearch	3863	T	T	274	6	2.14%	2	1	93	93	0.015207981368047678	1	1	177	97	0	6	C
E4_BC52_191109_LF_LIB_consensus_vsearch	3864	T	T	275	5	1.77%	2	2	93	93	0.030692471488257853	1	1	177	98	1	4	C
E4_BC52_191109_LF_LIB_consensus_vsearch	3865	G	G	273	4	1.42%	2	1	93	93	0.061822496004320764	1	1	176	97	0	4	-C
E4_BC52_191109_LF_LIB_consensus_vsearch	3866	C	C	275	1	0.36%	2	1	93	93	0.5000000000003686	1	1	176	99	1	0	+TT
E4_BC52_191109_LF_LIB_consensus_vsearch	3867	T	T	272	3	1.07%	2	1	93	93	0.12431693989066941	1	1	172	100	3	0	+C
E4_BC52_191109_LF_LIB_consensus_vsearch	3868	C	*/-A	256	19	6.81%	2	1	93	93	1.3825346445327801E-6	1	1	154	102	19	0	-A
E4_BC52_191109_LF_LIB_consensus_vsearch	3869	A	A	251	4	1.54%	2	1	93	93	0.06176398786346276	1	1	149	102	4	0	G
E4_BC52_191109_LF_LIB_consensus_vsearch	3870	C	*/-T	260	11	3.99%	2	1	93	93	4.402770692935837E-4	1	1	169	91	0	11	-T
E4_BC52_191109_LF_LIB_consensus_vsearch	3871	T	T	252	6	2.27%	2	1	93	93	0.015172562563020547	1	1	166	86	0	6	-C
E4_BC52_191109_LF_LIB_consensus_vsearch	3872	C	C	264	1	0.37%	2	1	93	93	0.4999999999999138	1	1	168	96	1	0	+A
E4_BC52_191109_LF_LIB_consensus_vsearch	3873	A	*/+G	258	11	3.96%	2	2	93	93	4.3993165790743476E-4	1	1	165	93	5	6	+G
E4_BC52_191109_LF_LIB_consensus_vsearch	3874	G	*/-A	260	15	5.32%	2	1	93	93	2.5083258969058437E-5	1	1	159	101	15	0	-A
E4_BC52_191109_LF_LIB_consensus_vsearch	3875	A	A	250	6	2.26%	2	1	93	93	0.015169042029074849	1	1	148	102	6	0	-G
E4_BC52_191109_LF_LIB_consensus_vsearch	3876	G	G	271	1	0.36%	2	1	93	93	0.4999999999999138	1	1	171	100	0	1	+C
E4_BC52_191109_LF_LIB_consensus_vsearch	3877	C	C	265	6	2.13%	2	2	93	93	0.015194184268635263	1	1	171	94	1	5	-T
E4_BC52_191109_LF_LIB_consensus_vsearch	3878	T	T	271	2	0.73%	2	2	93	93	0.24954128440383208	1	1	174	97	1	1	C
E4_BC52_191109_LF_LIB_consensus_vsearch	3879	T	T	278	1	0.36%	2	1	93	93	0.4999999999999138	1	1	175	103	1	0	+G
E4_BC52_191109_LF_LIB_consensus_vsearch	3880	T	T	275	2	0.71%	2	1	93	93	0.24954792043411347	1	1	172	103	2	0	+G
E4_BC52_191109_LF_LIB_consensus_vsearch	3881	A	R	265	8	2.85%	2	1	93	93	0.0037083236186299423	1	1	165	100	8	0	G
E4_BC52_191109_LF_LIB_consensus_vsearch	3882	G	G	271	6	2.16%	2	1	93	93	0.015203481580703948	1	1	167	104	6	0	-A
E4_BC52_191109_LF_LIB_consensus_vsearch	3883	A	A	271	4	1.45%	2	1	93	93	0.06181756426009212	1	1	167	104	4	0	G
E4_BC52_191109_LF_LIB_consensus_vsearch	3884	T	T	276	5	1.77%	2	1	93	93	0.030694453745074273	1	1	172	104	5	0	G
E4_BC52_191109_LF_LIB_consensus_vsearch	3885	T	*/+G	240	26	9.22%	2	1	93	93	7.842126956263815E-9	1	1	138	102	26	0	+G
E4_BC52_191109_LF_LIB_consensus_vsearch	3886	A	*/-G	233	31	11.23%	2	2	93	93	1.8276476377733185E-10	1	1	143	90	23	8	-G
E4_BC52_191109_LF_LIB_consensus_vsearch	3887	G	R	228	10	4%	2	1	93	93	8.867554066061573E-4	1	1	133	95	10	0	A
E4_BC52_191109_LF_LIB_consensus_vsearch	3888	G	R	267	7	2.49%	2	1	93	93	0.007515315152860378	1	1	169	98	7	0	A
E4_BC52_191109_LF_LIB_consensus_vsearch	3889	C	C	276	3	1.06%	2	1	93	93	0.12432675044874984	1	1	172	104	3	0	-T
E4_BC52_191109_LF_LIB_consensus_vsearch	3890	T	T	267	6	2.15%	2	2	93	93	0.015197328608558202	1	1	171	96	3	3	C
E4_BC52_191109_LF_LIB_consensus_vsearch	3891	C	C	271	2	0.72%	2	1	93	93	0.24954128440383208	1	1	174	97	2	0	A
E4_BC52_191109_LF_LIB_consensus_vsearch	3892	A	A	277	1	0.36%	2	1	93	93	0.4999999999999138	1	1	176	101	0	1	+G
E4_BC52_191109_LF_LIB_consensus_vsearch	3893	T	T	277	2	0.71%	2	1	93	93	0.24955116696580612	1	1	176	101	0	2	C
E4_BC52_191109_LF_LIB_consensus_vsearch	3894	T	*/-C	213	62	22.06%	2	2	93	93	4.472026316836924E-21	1	1	118	95	58	4	-C
E4_BC52_191109_LF_LIB_consensus_vsearch	3895	C	C	216	2	0.92%	2	1	93	93	0.249425287356441	1	1	117	99	2	0	T
E4_BC52_191109_LF_LIB_consensus_vsearch	3896	C	*/-A	239	30	10.71%	2	2	93	93	3.957049822360994E-10	1	1	168	71	4	26	-A
E4_BC52_191109_LF_LIB_consensus_vsearch	3897	A	A	245	2	0.8%	2	1	93	93	0.24949290060873971	1	1	171	74	2	0	+G
E4_BC52_191109_LF_LIB_consensus_vsearch	3898	A	A	272	3	1.08%	2	1	93	93	0.12431693989066941	1	1	176	96	0	3	-T
E4_BC52_191109_LF_LIB_consensus_vsearch	3899	T	Y	248	25	9.03%	2	1	93	93	1.676195073082011E-8	1	1	174	74	0	25	C
E4_BC52_191109_LF_LIB_consensus_vsearch	3900	T	*/+A	262	9	3.21%	2	1	93	93	0.0018256734909882749	1	1	163	99	9	0	+A
E4_BC52_191109_LF_LIB_consensus_vsearch	3901	A	*/+G	259	11	3.94%	2	1	93	93	4.40104982176298E-4	1	1	169	90	0	11	+G
E4_BC52_191109_LF_LIB_consensus_vsearch	3902	G	G	274	2	0.72%	2	1	93	93	0.2495462794919261	1	1	173	101	2	0	+A
E4_BC52_191109_LF_LIB_consensus_vsearch	3903	G	G	280	1	0.36%	2	1	93	93	0.4999999999999138	1	1	178	102	0	1	+C
E4_BC52_191109_LF_LIB_consensus_vsearch	3904	T	T	266	6	2.13%	2	1	93	93	0.015195762196627145	1	1	166	100	6	0	+C
E4_BC52_191109_LF_LIB_consensus_vsearch	3905	C	C	272	2	0.72%	2	1	93	93	0.2495429616087481	1	1	170	102	2	0	-A
E4_BC52_191109_LF_LIB_consensus_vsearch	3906	A	*/-CA	265	11	3.94%	2	1	93	93	4.411194026977277E-4	1	1	163	102	11	0	-CA
E4_BC52_191109_LF_LIB_consensus_vsearch	3907	C	C	265	4	1.48%	2	1	93	93	0.06180232861697055	1	1	161	104	4	0	-A
E4_BC52_191109_LF_LIB_consensus_vsearch	3908	A	A	258	5	1.88%	2	2	93	93	0.030656469088614302	1	1	157	101	4	1	G
E4_BC52_191109_LF_LIB_consensus_vsearch	3909	T	K	272	7	2.5%	2	1	93	93	0.007520602096545131	1	1	170	102	7	0	G
E4_BC52_191109_LF_LIB_consensus_vsearch	3910	T	T	280	1	0.35%	2	1	93	93	0.4999999999999138	1	1	176	104	1	0	-G
E4_BC52_191109_LF_LIB_consensus_vsearch	3911	G	G	272	5	1.78%	2	2	93	93	0.03068643892575303	1	1	172	100	3	2	A
E4_BC52_191109_LF_LIB_consensus_vsearch	3912	C	C	274	3	1.07%	2	2	93	93	0.1243218806510022	1	1	173	101	1	2	-T
E4_BC52_191109_LF_LIB_consensus_vsearch	3913	T	T	273	3	1.08%	2	1	93	93	0.12431941923772909	1	1	175	98	0	3	-C
E4_BC52_191109_LF_LIB_consensus_vsearch	3914	C	*/+A	247	25	8.96%	2	2	93	93	1.672482844215035E-8	1	1	155	92	20	5	+A
E4_BC52_191109_LF_LIB_consensus_vsearch	3915	G	K	250	19	6.76%	2	1	93	93	1.3722918430653026E-6	1	1	149	101	19	0	T
E4_BC52_191109_LF_LIB_consensus_vsearch	3916	T	T	272	3	1.08%	2	1	93	93	0.12431693989066941	1	1	172	100	3	0	-G
E4_BC52_191109_LF_LIB_consensus_vsearch	3917	G	G	267	6	2.17%	2	2	93	93	0.015197328608558202	1	1	167	100	4	2	A
E4_BC52_191109_LF_LIB_consensus_vsearch	3918	C	*/-GC	260	8	2.86%	2	2	93	93	0.0037046766426069204	1	1	167	93	2	6	-GC
E4_BC52_191109_LF_LIB_consensus_vsearch	3919	G	*/-C	248	11	4.07%	2	2	93	93	4.381273305750124E-4	1	1	154	94	10	1	-C
E4_BC52_191109_LF_LIB_consensus_vsearch	3920	C	C	249	3	1.15%	2	1	93	93	0.12425447316115633	1	1	156	93	0	3	+T
E4_BC52_191109_LF_LIB_consensus_vsearch	3921	C	C	275	5	1.79%	2	2	93	93	0.030692471488257853	1	1	173	102	3	2	T
E4_BC52_191109_LF_LIB_consensus_vsearch	3922	C	C	274	4	1.43%	2	1	93	93	0.061824935242698754	1	1	171	103	4	0	T
E4_BC52_191109_LF_LIB_consensus_vsearch	3923	C	C	276	4	1.42%	2	1	93	93	0.06182976140387695	1	1	173	103	4	0	T
E4_BC52_191109_LF_LIB_consensus_vsearch	3924	A	A	272	4	1.42%	2	1	93	93	0.06182003907461255	1	1	170	102	4	0	G
E4_BC52_191109_LF_LIB_consensus_vsearch	3925	T	T	277	3	1.07%	2	1	93	93	0.12432915921300346	1	1	173	104	3	0	C
E4_BC52_191109_LF_LIB_consensus_vsearch	3926	T	T	278	1	0.35%	2	1	93	93	0.4999999999999138	1	1	175	103	1	0	+A
E4_BC52_191109_LF_LIB_consensus_vsearch	3927	G	G	273	2	0.71%	2	2	93	93	0.2495446265938613	1	1	171	102	1	1	+T
E4_BC52_191109_LF_LIB_consensus_vsearch	3928	T	T	271	3	1.08%	2	1	93	93	0.12431444241326345	1	1	168	103	3	0	A
E4_BC52_191109_LF_LIB_consensus_vsearch	3929	T	T	269	3	1.08%	2	2	93	93	0.12430939226523824	1	1	170	99	1	2	+A
E4_BC52_191109_LF_LIB_consensus_vsearch	3930	A	A	270	2	0.72%	2	1	93	93	0.2495395948434138	1	1	171	99	0	2	+G
E4_BC52_191109_LF_LIB_consensus_vsearch	3931	T	T	268	2	0.72%	2	1	93	93	0.24953617810762627	1	1	167	101	2	0	+A
E4_BC52_191109_LF_LIB_consensus_vsearch	3932	G	G	269	2	0.72%	2	1	93	93	0.24953789279111838	1	1	168	101	0	2	+CG
E4_BC52_191109_LF_LIB_consensus_vsearch	3933	T	T	268	4	1.43%	2	1	93	93	0.061810030534865154	1	1	169	99	4	0	C
E4_BC52_191109_LF_LIB_consensus_vsearch	3934	A	A	272	4	1.43%	2	1	93	93	0.06182003907461255	1	1	169	103	4	0	G
E4_BC52_191109_LF_LIB_consensus_vsearch	3935	C	C	273	3	1.07%	2	2	93	93	0.12431941923772909	1	1	173	100	1	2	T
E4_BC52_191109_LF_LIB_consensus_vsearch	3936	T	T	271	3	1.07%	2	2	93	93	0.12431444241326345	1	1	170	101	2	1	-G
E4_BC52_191109_LF_LIB_consensus_vsearch	3937	G	G	273	2	0.72%	2	1	93	93	0.2495446265938613	1	1	171	102	2	0	-T
E4_BC52_191109_LF_LIB_consensus_vsearch	3938	T	T	271	4	1.43%	2	2	93	93	0.06181756426009212	1	1	171	100	3	1	-C
E4_BC52_191109_LF_LIB_consensus_vsearch	3939	C	*/-G	260	11	3.99%	2	2	93	93	4.402770692935837E-4	1	1	159	101	10	1	-G
E4_BC52_191109_LF_LIB_consensus_vsearch	3940	G	G	263	1	0.38%	2	1	93	93	0.4999999999999138	1	1	162	101	0	1	+T
E4_BC52_191109_LF_LIB_consensus_vsearch	3941	C	C	260	5	1.81%	2	1	93	93	0.030660944175210838	1	1	160	100	5	0	+TT
E4_BC52_191109_LF_LIB_consensus_vsearch	3942	T	T	271	2	0.71%	2	1	93	93	0.24954128440383208	1	1	175	96	0	2	-AC
E4_BC52_191109_LF_LIB_consensus_vsearch	3943	A	*/-C	251	11	3.99%	2	2	93	93	4.386825993841257E-4	1	1	162	89	1	10	-C
E4_BC52_191109_LF_LIB_consensus_vsearch	3944	C	C	258	3	1.15%	2	1	93	93	0.12428023032618613	1	1	171	87	0	3	+T
E4_BC52_191109_LF_LIB_consensus_vsearch	3945	C	C	262	6	2.19%	2	1	93	93	0.015189380104217696	1	1	169	93	0	6	-TC
E4_BC52_191109_LF_LIB_consensus_vsearch	3946	T	T	259	2	0.76%	2	1	93	93	0.24952015355082954	1	1	169	90	0	2	A
E4_BC52_191109_LF_LIB_consensus_vsearch	3947	C	C	263	2	0.75%	2	1	93	93	0.24952741020799885	1	1	171	92	2	0	-A
E4_BC52_191109_LF_LIB_consensus_vsearch	3948	A	A	267	3	1.1%	2	1	93	93	0.12430426716151294	1	1	167	100	3	0	T
E4_BC52_191109_LF_LIB_consensus_vsearch	3949	C	*/-ACAC	238	31	11.19%	2	1	93	93	1.861682888865055E-10	1	1	139	99	31	0	-ACAC
E4_BC52_191109_LF_LIB_consensus_vsearch	3950	A	A	241	2	0.82%	2	2	93	93	0.2494845360824727	1	1	139	102	1	1	G
E4_BC52_191109_LF_LIB_consensus_vsearch	3951	C	*/-AC	172	57	23.36%	2	2	93	93	1.2858458463453079E-19	1	1	83	89	50	7	-AC
E4_BC52_191109_LF_LIB_consensus_vsearch	3952	A	A	171	3	1.72%	2	1	93	93	0.1239193083573888	1	1	85	86	0	3	G
E4_BC52_191109_LF_LIB_consensus_vsearch	3953	C	C	170	3	1.69%	2	2	93	93	0.12391304347830047	1	1	84	86	2	1	+AC
E4_BC52_191109_LF_LIB_consensus_vsearch	3954	G	G	263	1	0.38%	2	1	93	93	0.4999999999999138	1	1	167	96	1	0	A
E4_BC52_191109_LF_LIB_consensus_vsearch	3955	T	T	259	2	0.75%	2	1	93	93	0.24952015355082954	1	1	165	94	2	0	-G
E4_BC52_191109_LF_LIB_consensus_vsearch	3956	G	G	276	1	0.36%	2	1	93	93	0.5000000000003686	1	1	173	103	1	0	A
E4_BC52_191109_LF_LIB_consensus_vsearch	3957	T	*/-GT	244	34	12.14%	2	2	93	93	1.9877672269533226E-11	1	1	171	73	5	29	-GT
E4_BC52_191109_LF_LIB_consensus_vsearch	3958	G	G	243	2	0.82%	2	1	93	93	0.24948875255617758	1	1	172	71	0	2	-TA
E4_BC52_191109_LF_LIB_consensus_vsearch	3959	T	T	234	2	0.82%	2	1	93	93	0.24946921443740738	1	1	166	68	0	2	+GT
E4_BC52_191109_LF_LIB_consensus_vsearch	3960	A	A	268	5	1.82%	2	1	93	93	0.030678189467263802	1	1	167	101	5	0	G
E4_BC52_191109_LF_LIB_consensus_vsearch	3961	T	T	272	4	1.44%	2	2	93	93	0.06182003907461255	1	1	171	101	2	2	C
E4_BC52_191109_LF_LIB_consensus_vsearch	3962	T	*/-GG	259	11	3.94%	2	1	93	93	4.40104982176298E-4	1	1	173	86	0	11	-GG
E4_BC52_191109_LF_LIB_consensus_vsearch	3963	G	R	256	7	2.65%	2	1	93	93	0.007502981837406636	1	1	169	87	7	0	A
E4_BC52_191109_LF_LIB_consensus_vsearch	3964	G	G	261	5	1.85%	2	2	93	93	0.03066315650820783	1	1	171	90	3	2	A
E4_BC52_191109_LF_LIB_consensus_vsearch	3965	G	G	275	4	1.42%	2	2	93	93	0.06182735698001327	1	1	173	102	3	1	-T
E4_BC52_191109_LF_LIB_consensus_vsearch	3966	T	Y	259	9	3.25%	2	1	93	93	0.0018242725891630934	1	1	167	92	0	9	C
E4_BC52_191109_LF_LIB_consensus_vsearch	3967	A	A	270	3	1.09%	2	2	93	93	0.12431192660547026	1	1	169	101	2	1	C
E4_BC52_191109_LF_LIB_consensus_vsearch	3968	A	*/-T	218	57	20.43%	2	2	93	93	2.714442160138619E-19	1	1	117	101	56	1	-T
E4_BC52_191109_LF_LIB_consensus_vsearch	3969	T	T	218	1	0.45%	2	1	93	93	0.5000000000003686	1	1	118	100	1	0	+G
E4_BC52_191109_LF_LIB_consensus_vsearch	3970	T	T	273	2	0.72%	2	1	93	93	0.2495446265938613	1	1	174	99	0	2	C
E4_BC52_191109_LF_LIB_consensus_vsearch	3971	T	T	269	4	1.43%	2	2	93	93	0.06181256019060895	1	1	172	97	2	2	G
E4_BC52_191109_LF_LIB_consensus_vsearch	3972	G	G	270	3	1.08%	2	1	93	93	0.12431192660547026	1	1	173	97	0	3	-C
E4_BC52_191109_LF_LIB_consensus_vsearch	3973	C	Y	264	7	2.52%	2	2	93	93	0.007512050058182546	1	1	169	95	4	3	T
E4_BC52_191109_LF_LIB_consensus_vsearch	3974	G	G	277	1	0.36%	2	1	93	93	0.4999999999999138	1	1	174	103	1	0	A
E4_BC52_191109_LF_LIB_consensus_vsearch	3975	C	*/-GC	233	37	13.31%	2	2	93	93	1.936099091647337E-12	1	1	145	88	29	8	-GC
E4_BC52_191109_LF_LIB_consensus_vsearch	3976	G	G	235	2	0.84%	2	1	93	93	0.24947145877361238	1	1	141	94	2	0	-C
E4_BC52_191109_LF_LIB_consensus_vsearch	3977	C	C	235	4	1.67%	2	1	93	93	0.06171466401859809	1	1	145	90	0	4	+T
E4_BC52_191109_LF_LIB_consensus_vsearch	3978	C	C	275	2	0.71%	2	1	93	93	0.24954792043411347	1	1	175	100	0	2	+A
E4_BC52_191109_LF_LIB_consensus_vsearch	3979	T	T	274	2	0.71%	2	1	93	93	0.2495462794919261	1	1	177	97	0	2	A
E4_BC52_191109_LF_LIB_consensus_vsearch	3980	G	G	273	3	1.08%	2	1	93	93	0.12431941923772909	1	1	172	101	3	0	A
E4_BC52_191109_LF_LIB_consensus_vsearch	3981	C	C	266	6	2.16%	2	1	93	93	0.015195762196627145	1	1	172	94	0	6	T
E4_BC52_191109_LF_LIB_consensus_vsearch	3982	T	T	269	2	0.72%	2	1	93	93	0.24953789279111838	1	1	173	96	0	2	A
E4_BC52_191109_LF_LIB_consensus_vsearch	3983	G	*/-C	257	9	3.24%	2	2	93	93	0.0018233214254448316	1	1	156	101	8	1	-C
E4_BC52_191109_LF_LIB_consensus_vsearch	3984	C	C	256	6	2.23%	2	1	93	93	0.01517944302364848	1	1	158	98	6	0	+G
E4_BC52_191109_LF_LIB_consensus_vsearch	3985	C	*/+T	262	8	2.85%	2	2	93	93	0.0037061514394952193	1	1	171	91	1	7	+T
E4_BC52_191109_LF_LIB_consensus_vsearch	3986	T	T	270	3	1.09%	2	2	93	93	0.12431192660547026	1	1	171	99	2	1	C
E4_BC52_191109_LF_LIB_consensus_vsearch	3987	T	*/-C	253	17	6.09%	2	2	93	93	5.8836414163460775E-6	1	1	157	96	11	6	-C
E4_BC52_191109_LF_LIB_consensus_vsearch	3988	C	*/+G	245	8	3.08%	2	1	93	93	0.003692882342347513	1	1	150	95	8	0	+G
E4_BC52_191109_LF_LIB_consensus_vsearch	3989	C	*/-T	250	12	4.32%	2	2	93	93	2.146380749426225E-4	1	1	163	87	4	8	-T
E4_BC52_191109_LF_LIB_consensus_vsearch	3990	T	W	241	12	4.58%	2	1	93	93	2.1363402075967646E-4	1	1	150	91	12	0	A
E4_BC52_191109_LF_LIB_consensus_vsearch	3991	T	*/-G	253	15	5.47%	2	2	93	93	2.4951522273802892E-5	1	1	166	87	1	14	-G
E4_BC52_191109_LF_LIB_consensus_vsearch	3992	G	G	260	3	1.13%	2	1	93	93	0.12428571428582305	1	1	174	86	3	0	A
E4_BC52_191109_LF_LIB_consensus_vsearch	3993	G	G	278	3	1.06%	2	1	93	93	0.12433155080212302	1	1	174	104	3	0	-A
E4_BC52_191109_LF_LIB_consensus_vsearch	3994	A	A	277	1	0.36%	2	1	93	93	0.4999999999999138	1	1	174	103	0	1	-T
E4_BC52_191109_LF_LIB_consensus_vsearch	3995	T	T	272	2	0.71%	2	1	93	93	0.2495429616087481	1	1	170	102	2	0	+A
E4_BC52_191109_LF_LIB_consensus_vsearch	3996	G	G	263	5	1.79%	2	2	93	93	0.030667531693296068	1	1	164	99	2	3	-T
E4_BC52_191109_LF_LIB_consensus_vsearch	3997	T	*/-A	196	58	21.25%	2	1	93	93	8.757288072846339E-20	1	1	101	95	58	0	-A
E4_BC52_191109_LF_LIB_consensus_vsearch	3998	A	M	204	7	3.21%	2	2	93	93	0.007427442022474603	1	1	106	98	4	3	C
E4_BC52_191109_LF_LIB_consensus_vsearch	3999	A	A	268	4	1.44%	2	2	93	93	0.061810030534865154	1	1	168	100	3	1	G
E4_BC52_191109_LF_LIB_consensus_vsearch	4000	G	*/-A	266	11	3.91%	2	2	93	93	4.412843374156775E-4	1	1	165	101	10	1	-A
E4_BC52_191109_LF_LIB_consensus_vsearch	4001	A	A	260	5	1.86%	2	2	93	93	0.030660944175210838	1	1	160	100	4	1	G
E4_BC52_191109_LF_LIB_consensus_vsearch	4002	G	G	273	4	1.44%	2	1	93	93	0.061822496004320764	1	1	171	102	4	0	-C
E4_BC52_191109_LF_LIB_consensus_vsearch	4003	C	C	275	1	0.36%	2	1	93	93	0.5000000000003686	1	1	174	101	0	1	+A
E4_BC52_191109_LF_LIB_consensus_vsearch	4004	C	C	273	3	1.07%	2	1	93	93	0.12431941923772909	1	1	173	100	3	0	-G
E4_BC52_191109_LF_LIB_consensus_vsearch	4005	G	G	273	2	0.72%	2	1	93	93	0.2495446265938613	1	1	172	101	0	2	-T
E4_BC52_191109_LF_LIB_consensus_vsearch	4006	T	T	269	6	2.15%	2	2	93	93	0.015200427384840735	1	1	173	96	3	3	-GT
E4_BC52_191109_LF_LIB_consensus_vsearch	4007	G	G	269	2	0.73%	2	1	93	93	0.24953789279111838	1	1	174	95	0	2	+T
E4_BC52_191109_LF_LIB_consensus_vsearch	4008	T	T	266	3	1.1%	2	1	93	93	0.1243016759777629	1	1	173	93	0	3	-C
E4_BC52_191109_LF_LIB_consensus_vsearch	4009	C	C	270	5	1.81%	2	2	93	93	0.030682344165700513	1	1	175	95	3	2	-T
E4_BC52_191109_LF_LIB_consensus_vsearch	4010	T	T	269	4	1.45%	2	2	93	93	0.06181256019060895	1	1	170	99	2	2	C
E4_BC52_191109_LF_LIB_consensus_vsearch	4011	C	C	274	2	0.71%	2	1	93	93	0.2495462794919261	1	1	172	102	2	0	-A
E4_BC52_191109_LF_LIB_consensus_vsearch	4012	A	A	270	3	1.08%	2	1	93	93	0.12431192660547026	1	1	171	99	3	0	G
E4_BC52_191109_LF_LIB_consensus_vsearch	4013	T	T	272	3	1.08%	2	2	93	93	0.12431693989066941	1	1	175	97	1	2	C
E4_BC52_191109_LF_LIB_consensus_vsearch	4014	G	G	272	4	1.43%	2	1	93	93	0.06182003907461255	1	1	175	97	0	4	+C
E4_BC52_191109_LF_LIB_consensus_vsearch	4015	C	C	272	5	1.78%	2	2	93	93	0.03068643892575303	1	1	174	98	1	4	+T
E4_BC52_191109_LF_LIB_consensus_vsearch	4016	T	T	276	1	0.36%	2	1	93	93	0.5000000000003686	1	1	175	101	0	1	+C
E4_BC52_191109_LF_LIB_consensus_vsearch	4017	C	*/-T	226	47	16.73%	2	2	93	93	8.134754918906102E-16	1	1	167	59	5	42	-T
E4_BC52_191109_LF_LIB_consensus_vsearch	4018	T	T	227	2	0.86%	2	1	93	93	0.24945295404843976	1	1	170	57	0	2	+C
E4_BC52_191109_LF_LIB_consensus_vsearch	4019	T	T	278	1	0.36%	2	1	93	93	0.4999999999999138	1	1	176	102	0	1	+CT
E4_BC52_191109_LF_LIB_consensus_vsearch	4020	T	T	274	2	0.71%	2	1	93	93	0.2495462794919261	1	1	171	103	2	0	+C
E4_BC52_191109_LF_LIB_consensus_vsearch	4021	C	C	273	4	1.43%	2	2	93	93	0.061822496004320764	1	1	172	101	2	2	-TC
E4_BC52_191109_LF_LIB_consensus_vsearch	4022	T	*/-C	222	51	18.41%	2	1	93	93	3.373031198970985E-17	1	1	120	102	51	0	-C
E4_BC52_191109_LF_LIB_consensus_vsearch	4023	C	C	223	1	0.44%	2	1	93	93	0.5000000000003686	1	1	121	102	1	0	+T
E4_BC52_191109_LF_LIB_consensus_vsearch	4024	C	*/-G	254	20	7.14%	2	2	93	93	6.656293236362204E-7	1	1	167	87	5	15	-G
E4_BC52_191109_LF_LIB_consensus_vsearch	4025	G	G	259	2	0.77%	2	1	93	93	0.24952015355082954	1	1	170	89	2	0	A
E4_BC52_191109_LF_LIB_consensus_vsearch	4026	G	G	278	1	0.36%	2	1	93	93	0.4999999999999138	1	1	175	103	1	0	+A
E4_BC52_191109_LF_LIB_consensus_vsearch	4027	A	A	276	4	1.43%	2	1	93	93	0.06182976140387695	1	1	172	104	4	0	+G
E4_BC52_191109_LF_LIB_consensus_vsearch	4028	A	A	279	2	0.71%	2	2	93	93	0.24955436720141339	1	1	177	102	1	1	G
E4_BC52_191109_LF_LIB_consensus_vsearch	4029	T	T	279	1	0.35%	2	1	93	93	0.5000000000003686	1	1	176	103	1	0	+C
E4_BC52_191109_LF_LIB_consensus_vsearch	4030	C	C	267	4	1.42%	2	1	93	93	0.061807482193030554	1	1	165	102	4	0	+A
E4_BC52_191109_LF_LIB_consensus_vsearch	4031	G	G	269	4	1.45%	2	1	93	93	0.06181256019060895	1	1	165	104	4	0	-A
E4_BC52_191109_LF_LIB_consensus_vsearch	4032	A	A	272	3	1.09%	2	1	93	93	0.12431693989066941	1	1	168	104	3	0	+G
E4_BC52_191109_LF_LIB_consensus_vsearch	4033	A	A	269	3	1.07%	2	1	93	93	0.12430939226523824	1	1	172	97	0	3	+T
E4_BC52_191109_LF_LIB_consensus_vsearch	4034	C	*/-T	267	7	2.51%	2	1	93	93	0.007515315152860378	1	1	176	91	0	7	-T
E4_BC52_191109_LF_LIB_consensus_vsearch	4035	T	*/+C	242	14	5.15%	2	2	93	93	5.0850008103496704E-5	1	1	160	82	13	1	+C
E4_BC52_191109_LF_LIB_consensus_vsearch	4036	C	C	255	5	1.87%	2	2	93	93	0.03064962750114854	1	1	172	83	1	4	-T
E4_BC52_191109_LF_LIB_consensus_vsearch	4037	T	*/-A	237	21	7.72%	2	2	93	93	3.120739667501159E-7	1	1	161	76	6	15	-A
E4_BC52_191109_LF_LIB_consensus_vsearch	4038	A	M	240	8	3.14%	2	1	93	93	0.003688638173064166	1	1	165	75	0	8	C
E4_BC52_191109_LF_LIB_consensus_vsearch	4039	A	M	260	7	2.52%	2	1	93	93	0.0075075833477063125	1	1	171	89	0	7	C
E4_BC52_191109_LF_LIB_consensus_vsearch	4040	T	Y	251	17	6.3%	2	1	93	93	5.871878244831277E-6	1	1	173	78	0	17	C
E4_BC52_191109_LF_LIB_consensus_vsearch	4041	T	*/-C	209	50	17.92%	2	2	93	93	6.468708953347902E-17	1	1	148	61	25	25	-C
E4_BC52_191109_LF_LIB_consensus_vsearch	4042	C	C	218	1	0.45%	2	1	93	93	0.5000000000003686	1	1	151	67	1	0	A
E4_BC52_191109_LF_LIB_consensus_vsearch	4043	C	C	265	2	0.74%	2	1	93	93	0.2495309568482648	1	1	176	89	0	2	+T
E4_BC52_191109_LF_LIB_consensus_vsearch	4044	C	Y	264	9	3.24%	2	1	93	93	0.001826590629994852	1	1	177	87	0	9	T
E4_BC52_191109_LF_LIB_consensus_vsearch	4045	C	Y	259	13	4.63%	2	1	93	93	1.0540703316428706E-4	1	1	176	83	0	13	T
E4_BC52_191109_LF_LIB_consensus_vsearch	4046	G	G	276	3	1.07%	2	1	93	93	0.12432675044874984	1	1	173	103	3	0	-T
E4_BC52_191109_LF_LIB_consensus_vsearch	4047	T	T	270	4	1.44%	2	2	93	93	0.06181507136518779	1	1	167	103	3	1	C
E4_BC52_191109_LF_LIB_consensus_vsearch	4048	T	T	274	3	1.07%	2	2	93	93	0.1243218806510022	1	1	172	102	2	1	C
E4_BC52_191109_LF_LIB_consensus_vsearch	4049	A	*/+C	96	170	60.71%	2	2	93	93	8.42336866526284E-70	1	1	17	79	147	23	+C
E4_BC52_191109_LF_LIB_consensus_vsearch	4050	C	C	273	3	1.08%	2	1	93	93	0.12431941923772909	1	1	175	98	0	3	+T
E4_BC52_191109_LF_LIB_consensus_vsearch	4051	C	*/+T	204	71	25.36%	2	1	93	93	2.333296757373372E-24	1	1	175	29	0	71	+T
E4_BC52_191109_LF_LIB_consensus_vsearch	4052	G	G	273	2	0.72%	2	1	93	93	0.2495446265938613	1	1	171	102	2	0	A
E4_BC52_191109_LF_LIB_consensus_vsearch	4053	T	T	278	2	0.71%	2	2	93	93	0.24955277280837324	1	1	176	102	1	1	C
E4_BC52_191109_LF_LIB_consensus_vsearch	4054	C	C	274	3	1.07%	2	1	93	93	0.1243218806510022	1	1	172	102	3	0	+TC
E4_BC52_191109_LF_LIB_consensus_vsearch	4055	G	G	276	5	1.78%	2	1	93	93	0.030694453745074273	1	1	173	103	5	0	A
E4_BC52_191109_LF_LIB_consensus_vsearch	4056	T	*/-C	262	18	6.38%	2	1	93	93	2.87710622312298E-6	1	1	159	103	18	0	-C
E4_BC52_191109_LF_LIB_consensus_vsearch	4057	C	C	261	1	0.38%	2	1	93	93	0.5000000000003686	1	1	157	104	1	0	+G
E4_BC52_191109_LF_LIB_consensus_vsearch	4058	C	C	275	2	0.71%	2	1	93	93	0.24954792043411347	1	1	172	103	2	0	-GC
E4_BC52_191109_LF_LIB_consensus_vsearch	4059	G	G	265	6	2.15%	2	1	93	93	0.015194184268635263	1	1	167	98	6	0	A
E4_BC52_191109_LF_LIB_consensus_vsearch	4060	C	C	275	2	0.72%	2	1	93	93	0.24954792043411347	1	1	175	100	0	2	T
E4_BC52_191109_LF_LIB_consensus_vsearch	4061	T	T	266	6	2.14%	2	1	93	93	0.015195762196627145	1	1	171	95	6	0	+C
E4_BC52_191109_LF_LIB_consensus_vsearch	4062	C	C	275	1	0.36%	2	1	93	93	0.5000000000003686	1	1	177	98	1	0	+A
E4_BC52_191109_LF_LIB_consensus_vsearch	4063	G	G	273	5	1.77%	2	1	93	93	0.03068846423273724	1	1	171	102	5	0	A
E4_BC52_191109_LF_LIB_consensus_vsearch	4064	G	G	280	1	0.35%	2	1	93	93	0.4999999999999138	1	1	177	103	0	1	A
E4_BC52_191109_LF_LIB_consensus_vsearch	4065	T	T	274	3	1.06%	2	2	93	93	0.1243218806510022	1	1	174	100	2	1	-G
E4_BC52_191109_LF_LIB_consensus_vsearch	4066	G	G	273	3	1.08%	2	1	93	93	0.12431941923772909	1	1	171	102	3	0	A
E4_BC52_191109_LF_LIB_consensus_vsearch	4067	G	G	279	2	0.71%	2	1	93	93	0.24955436720141339	1	1	175	104	2	0	A
E4_BC52_191109_LF_LIB_consensus_vsearch	4068	T	*/-C	221	60	21.28%	2	1	93	93	2.5401158236915508E-20	1	1	117	104	60	0	-C
E4_BC52_191109_LF_LIB_consensus_vsearch	4069	C	C	217	2	0.9%	2	1	93	93	0.24942791762028085	1	1	113	104	2	0	T
E4_BC52_191109_LF_LIB_consensus_vsearch	4070	C	*/-A	262	9	3.2%	2	2	93	93	0.0018256734909882749	1	1	160	102	8	1	-A
E4_BC52_191109_LF_LIB_consensus_vsearch	4071	A	A	271	1	0.37%	2	1	93	93	0.4999999999999138	1	1	168	103	1	0	C
E4_BC52_191109_LF_LIB_consensus_vsearch	4072	A	A	275	5	1.77%	2	2	93	93	0.030692471488257853	1	1	172	103	4	1	G
E4_BC52_191109_LF_LIB_consensus_vsearch	4073	G	G	279	2	0.71%	2	1	93	93	0.24955436720141339	1	1	175	104	2	0	+A
E4_BC52_191109_LF_LIB_consensus_vsearch	4074	A	A	276	3	1.07%	2	1	93	93	0.12432675044874984	1	1	172	104	3	0	+C
E4_BC52_191109_LF_LIB_consensus_vsearch	4075	C	C	276	3	1.06%	2	1	93	93	0.12432675044874984	1	1	175	101	3	0	-A
E4_BC52_191109_LF_LIB_consensus_vsearch	4076	A	A	272	4	1.43%	2	2	93	93	0.06182003907461255	1	1	172	100	1	3	-CA
E4_BC52_191109_LF_LIB_consensus_vsearch	4077	C	C	266	6	2.16%	2	1	93	93	0.015195762196627145	1	1	175	91	0	6	+A
E4_BC52_191109_LF_LIB_consensus_vsearch	4078	A	A	272	6	2.16%	2	2	93	93	0.015204992260514073	1	1	172	100	5	1	G
E4_BC52_191109_LF_LIB_consensus_vsearch	4079	A	R	270	7	2.48%	2	2	93	93	0.007518510051769894	1	1	168	102	6	1	G
E4_BC52_191109_LF_LIB_consensus_vsearch	4080	C	C	277	2	0.71%	2	1	93	93	0.24955116696580612	1	1	173	104	2	0	+G
E4_BC52_191109_LF_LIB_consensus_vsearch	4081	C	Y	263	10	3.56%	2	1	93	93	8.979886896061976E-4	1	1	175	88	0	10	T
E4_BC52_191109_LF_LIB_consensus_vsearch	4082	G	G	276	2	0.71%	2	1	93	93	0.24954954954932992	1	1	174	102	2	0	A
E4_BC52_191109_LF_LIB_consensus_vsearch	4083	A	A	281	1	0.35%	2	1	93	93	0.4999999999999138	1	1	177	104	1	0	G
E4_BC52_191109_LF_LIB_consensus_vsearch	4084	C	C	275	2	0.71%	2	2	93	93	0.24954792043411347	1	1	175	100	1	1	+A
E4_BC52_191109_LF_LIB_consensus_vsearch	4085	A	A	277	2	0.72%	2	1	93	93	0.24955116696580612	1	1	174	103	2	0	G
E4_BC52_191109_LF_LIB_consensus_vsearch	4086	A	A	272	3	1.07%	2	1	93	93	0.12431693989066941	1	1	170	102	3	0	G
E4_BC52_191109_LF_LIB_consensus_vsearch	4087	C	C	270	2	0.72%	2	1	93	93	0.2495395948434138	1	1	167	103	2	0	+A
E4_BC52_191109_LF_LIB_consensus_vsearch	4088	G	*/-TG	262	9	3.24%	2	2	93	93	0.0018256734909882749	1	1	167	95	1	8	-TG
E4_BC52_191109_LF_LIB_consensus_vsearch	4089	T	T	265	2	0.74%	2	1	93	93	0.2495309568482648	1	1	171	94	2	0	+A
E4_BC52_191109_LF_LIB_consensus_vsearch	4090	G	G	269	1	0.37%	2	1	93	93	0.4999999999999138	1	1	173	96	1	0	-A
E4_BC52_191109_LF_LIB_consensus_vsearch	4091	A	A	277	2	0.71%	2	2	93	93	0.24955116696580612	1	1	174	103	1	1	G
E4_BC52_191109_LF_LIB_consensus_vsearch	4092	T	T	269	6	2.14%	2	2	93	93	0.015200427384840735	1	1	167	102	4	2	-A
E4_BC52_191109_LF_LIB_consensus_vsearch	4093	A	R	244	16	5.82%	2	2	93	93	1.202826432383446E-5	1	1	155	89	15	1	G
E4_BC52_191109_LF_LIB_consensus_vsearch	4094	G	G	261	4	1.49%	2	1	93	93	0.06179178787806501	1	1	169	92	4	0	+A
E4_BC52_191109_LF_LIB_consensus_vsearch	4095	G	G	264	6	2.16%	2	1	93	93	0.015192594697130085	1	1	164	100	6	0	A
E4_BC52_191109_LF_LIB_consensus_vsearch	4096	G	G	272	3	1.07%	2	1	93	93	0.12431693989066941	1	1	170	102	3	0	A
E4_BC52_191109_LF_LIB_consensus_vsearch	4097	C	C	265	4	1.44%	2	1	93	93	0.06180232861697055	1	1	163	102	4	0	+G
E4_BC52_191109_LF_LIB_consensus_vsearch	4098	A	A	263	5	1.82%	2	1	93	93	0.030667531693296068	1	1	161	102	5	0	-G
E4_BC52_191109_LF_LIB_consensus_vsearch	4099	G	G	269	3	1.09%	2	1	93	93	0.12430939226523824	1	1	166	103	3	0	+A
E4_BC52_191109_LF_LIB_consensus_vsearch	4100	T	T	277	2	0.71%	2	1	93	93	0.24955116696580612	1	1	173	104	2	0	G
E4_BC52_191109_LF_LIB_consensus_vsearch	4101	T	T	276	2	0.71%	2	1	93	93	0.24954954954932992	1	1	173	103	2	0	+C
E4_BC52_191109_LF_LIB_consensus_vsearch	4102	A	R	264	8	2.87%	2	1	93	93	0.0037076048169334716	1	1	162	102	8	0	G
E4_BC52_191109_LF_LIB_consensus_vsearch	4103	C	*/-TT	263	8	2.89%	2	1	93	93	0.003706880776381375	1	1	165	98	8	0	-TT
E4_BC52_191109_LF_LIB_consensus_vsearch	4104	T	T	255	6	2.27%	2	1	93	93	0.01517774260134363	1	1	158	97	6	0	C
E4_BC52_191109_LF_LIB_consensus_vsearch	4105	T	Y	256	7	2.56%	2	1	93	93	0.007502981837406636	1	1	158	98	7	0	C
E4_BC52_191109_LF_LIB_consensus_vsearch	4106	G	G	267	6	2.15%	2	2	93	93	0.015197328608558202	1	1	172	95	2	4	-A
E4_BC52_191109_LF_LIB_consensus_vsearch	4107	A	A	269	3	1.1%	2	1	93	93	0.12430939226523824	1	1	170	99	3	0	G
E4_BC52_191109_LF_LIB_consensus_vsearch	4108	A	A	277	1	0.36%	2	1	93	93	0.4999999999999138	1	1	176	101	0	1	-TG
E4_BC52_191109_LF_LIB_consensus_vsearch	4109	T	T	261	6	2.15%	2	1	93	93	0.015187754818318031	1	1	172	89	0	6	C
E4_BC52_191109_LF_LIB_consensus_vsearch	4110	G	*/-A	251	14	5.07%	2	2	93	93	5.1174649899007536E-5	1	1	162	89	10	4	-A
E4_BC52_191109_LF_LIB_consensus_vsearch	4111	A	A	251	6	2.31%	2	1	93	93	0.015170809117680038	1	1	166	85	0	6	T
E4_BC52_191109_LF_LIB_consensus_vsearch	4112	A	A	267	5	1.82%	2	1	93	93	0.030676089228361576	1	1	169	98	5	0	-G
E4_BC52_191109_LF_LIB_consensus_vsearch	4113	G	G	269	2	0.74%	2	1	93	93	0.24953789279111838	1	1	171	98	0	2	-C
E4_BC52_191109_LF_LIB_consensus_vsearch	4114	C	C	271	4	1.44%	2	2	93	93	0.06181756426009212	1	1	176	95	1	3	-GC
E4_BC52_191109_LF_LIB_consensus_vsearch	4115	G	G	267	3	1.09%	2	2	93	93	0.12430426716151294	1	1	170	97	2	1	+C
E4_BC52_191109_LF_LIB_consensus_vsearch	4116	C	C	271	2	0.73%	2	2	93	93	0.24954128440383208	1	1	172	99	1	1	A
E4_BC52_191109_LF_LIB_consensus_vsearch	4117	C	C	274	6	2.13%	2	1	93	93	0.015207981368047678	1	1	176	98	0	6	T
E4_BC52_191109_LF_LIB_consensus_vsearch	4118	G	G	272	3	1.06%	2	1	93	93	0.12431693989066941	1	1	170	102	3	0	+C
E4_BC52_191109_LF_LIB_consensus_vsearch	4119	C	C	274	1	0.36%	2	1	93	93	0.4999999999999138	1	1	173	101	1	0	+TT
E4_BC52_191109_LF_LIB_consensus_vsearch	4120	C	C	270	4	1.43%	2	2	93	93	0.06181507136518779	1	1	175	95	1	3	-G
E4_BC52_191109_LF_LIB_consensus_vsearch	4121	G	G	271	3	1.09%	2	1	93	93	0.12431444241326345	1	1	172	99	3	0	A
E4_BC52_191109_LF_LIB_consensus_vsearch	4122	G	G	277	3	1.07%	2	1	93	93	0.12432915921300346	1	1	175	102	3	0	A
E4_BC52_191109_LF_LIB_consensus_vsearch	4123	C	C	269	4	1.42%	2	2	93	93	0.06181256019060895	1	1	171	98	3	1	-AT
E4_BC52_191109_LF_LIB_consensus_vsearch	4124	A	A	265	4	1.44%	2	1	93	93	0.06180232861697055	1	1	165	100	4	0	-T
E4_BC52_191109_LF_LIB_consensus_vsearch	4125	T	*/+G	231	13	4.76%	2	2	93	93	1.0360034592464177E-4	1	1	134	97	12	1	+G
E4_BC52_191109_LF_LIB_consensus_vsearch	4126	G	*/-A	177	77	29.28%	2	2	93	93	7.246381947873403E-27	1	1	78	99	76	1	-A
E4_BC52_191109_LF_LIB_consensus_vsearch	4127	A	A	181	3	1.58%	2	2	93	93	0.12397820163492167	1	1	84	97	2	1	G
E4_BC52_191109_LF_LIB_consensus_vsearch	4128	A	R	260	8	2.89%	2	1	93	93	0.0037046766426069204	1	1	159	101	8	0	G
E4_BC52_191109_LF_LIB_consensus_vsearch	4129	G	*/+C	221	28	10.11%	2	1	93	93	1.6674360501569858E-9	1	1	120	101	28	0	+C
E4_BC52_191109_LF_LIB_consensus_vsearch	4130	C	C	250	4	1.55%	2	1	93	93	0.061761087351402955	1	1	148	102	4	0	G
E4_BC52_191109_LF_LIB_consensus_vsearch	4131	C	C	268	4	1.44%	2	1	93	93	0.061810030534865154	1	1	167	101	4	0	A
E4_BC52_191109_LF_LIB_consensus_vsearch	4132	T	T	255	6	2.15%	2	2	93	93	0.01517774260134363	1	1	166	89	3	3	+G
E4_BC52_191109_LF_LIB_consensus_vsearch	4133	G	*/-A	270	9	3.2%	2	1	93	93	0.001829264549546966	1	1	166	104	9	0	-A
E4_BC52_191109_LF_LIB_consensus_vsearch	4134	A	R	257	9	3.31%	2	1	93	93	0.0018233214254448316	1	1	153	104	9	0	G
E4_BC52_191109_LF_LIB_consensus_vsearch	4135	G	G	276	2	0.72%	2	1	93	93	0.24954954954932992	1	1	172	104	2	0	+C
E4_BC52_191109_LF_LIB_consensus_vsearch	4136	C	C	274	5	1.77%	2	2	93	93	0.030690475035149573	1	1	173	101	2	3	T
E4_BC52_191109_LF_LIB_consensus_vsearch	4137	G	G	279	1	0.36%	2	1	93	93	0.5000000000003686	1	1	176	103	1	0	A
E4_BC52_191109_LF_LIB_consensus_vsearch	4138	G	G	277	3	1.07%	2	1	93	93	0.12432915921300346	1	1	174	103	3	0	A
E4_BC52_191109_LF_LIB_consensus_vsearch	4139	T	*/-C	206	72	25.62%	2	2	93	93	1.0624659978177017E-24	1	1	104	102	71	1	-C
E4_BC52_191109_LF_LIB_consensus_vsearch	4140	C	C	204	4	1.91%	2	1	93	93	0.06159747950639958	1	1	101	103	4	0	T
E4_BC52_191109_LF_LIB_consensus_vsearch	4141	C	*/+G	244	9	3.2%	2	1	93	93	0.001816779465609443	1	1	160	84	0	9	+G
E4_BC52_191109_LF_LIB_consensus_vsearch	4142	G	*/-A	263	12	4.27%	2	1	93	93	2.1597713006427273E-4	1	1	161	102	12	0	-A
E4_BC52_191109_LF_LIB_consensus_vsearch	4143	A	A	260	6	2.24%	2	2	93	93	0.01518611735985533	1	1	161	99	1	5	G
E4_BC52_191109_LF_LIB_consensus_vsearch	4144	A	A	273	2	0.71%	2	1	93	93	0.2495446265938613	1	1	171	102	0	2	-TG
E4_BC52_191109_LF_LIB_consensus_vsearch	4145	T	T	269	3	1.08%	2	1	93	93	0.12430939226523824	1	1	171	98	3	0	+A
E4_BC52_191109_LF_LIB_consensus_vsearch	4146	G	G	272	3	1.08%	2	1	93	93	0.12431693989066941	1	1	172	100	3	0	-A
E4_BC52_191109_LF_LIB_consensus_vsearch	4147	A	A	268	4	1.45%	2	2	93	93	0.061810030534865154	1	1	168	100	3	1	G
E4_BC52_191109_LF_LIB_consensus_vsearch	4148	T	*/-G	267	7	2.54%	2	1	93	93	0.007515315152860378	1	1	166	101	7	0	-G
E4_BC52_191109_LF_LIB_consensus_vsearch	4149	G	*/-CT	254	11	4.04%	2	1	93	93	4.392257188796428E-4	1	1	154	100	11	0	-CT
E4_BC52_191109_LF_LIB_consensus_vsearch	4150	C	C	262	3	1.12%	2	2	93	93	0.12429111531193521	1	1	161	101	2	1	-T
E4_BC52_191109_LF_LIB_consensus_vsearch	4151	T	T	265	1	0.37%	2	1	93	93	0.4999999999999138	1	1	162	103	1	0	+A
E4_BC52_191109_LF_LIB_consensus_vsearch	4152	T	T	273	5	1.78%	2	2	93	93	0.03068846423273724	1	1	173	100	3	2	-AT
E4_BC52_191109_LF_LIB_consensus_vsearch	4153	A	R	266	8	2.9%	2	2	93	93	0.0037090372381044278	1	1	174	92	1	7	G
E4_BC52_191109_LF_LIB_consensus_vsearch	4154	T	*/+G	250	9	3.26%	2	1	93	93	0.0018198788774539596	1	1	159	91	9	0	+G
E4_BC52_191109_LF_LIB_consensus_vsearch	4155	G	G	270	3	1.08%	2	2	93	93	0.12431192660547026	1	1	173	97	2	1	-A
E4_BC52_191109_LF_LIB_consensus_vsearch	4156	A	A	264	5	1.81%	2	2	93	93	0.030669694912897477	1	1	169	95	4	1	-G
E4_BC52_191109_LF_LIB_consensus_vsearch	4157	G	G	269	4	1.45%	2	2	93	93	0.06181256019060895	1	1	170	99	3	1	A
E4_BC52_191109_LF_LIB_consensus_vsearch	4158	T	T	276	2	0.71%	2	2	93	93	0.24954954954932992	1	1	176	100	1	1	-C
E4_BC52_191109_LF_LIB_consensus_vsearch	4159	C	C	271	4	1.44%	2	1	93	93	0.06181756426009212	1	1	170	101	4	0	-ACCT
E4_BC52_191109_LF_LIB_consensus_vsearch	4160	A	A	271	3	1.09%	2	2	93	93	0.12431444241326345	1	1	170	101	1	2	-C
E4_BC52_191109_LF_LIB_consensus_vsearch	4161	C	C	269	2	0.73%	2	1	93	93	0.24953789279111838	1	1	169	100	2	0	+G
E4_BC52_191109_LF_LIB_consensus_vsearch	4162	C	*/+T	254	9	3.26%	2	2	93	93	0.0018218680650561358	1	1	167	87	2	7	+T
E4_BC52_191109_LF_LIB_consensus_vsearch	4163	T	T	265	2	0.75%	2	2	93	93	0.2495309568482648	1	1	168	97	1	1	C
E4_BC52_191109_LF_LIB_consensus_vsearch	4164	T	T	273	1	0.36%	2	1	93	93	0.4999999999999138	1	1	170	103	1	0	+A
E4_BC52_191109_LF_LIB_consensus_vsearch	4165	G	*/-C	259	8	2.87%	2	2	93	93	0.003703931063382389	1	1	160	99	6	2	-C
E4_BC52_191109_LF_LIB_consensus_vsearch	4166	C	*/+T	251	10	3.8%	2	1	93	93	8.944678342239841E-4	1	1	160	91	0	10	+T
E4_BC52_191109_LF_LIB_consensus_vsearch	4167	C	*/-T	251	11	4.06%	2	2	93	93	4.386825993841257E-4	1	1	158	93	3	8	-T
E4_BC52_191109_LF_LIB_consensus_vsearch	4168	T	T	246	5	1.94%	2	1	93	93	0.03062812251247695	1	1	161	85	0	5	+GG
E4_BC52_191109_LF_LIB_consensus_vsearch	4169	G	G	260	2	0.75%	2	2	93	93	0.2495219885277623	1	1	159	101	1	1	-C
E4_BC52_191109_LF_LIB_consensus_vsearch	4170	C	Y	259	7	2.55%	2	1	93	93	0.007506445843275869	1	1	165	94	0	7	T
E4_BC52_191109_LF_LIB_consensus_vsearch	4171	A	A	273	1	0.36%	2	1	93	93	0.4999999999999138	1	1	172	101	1	0	+TTA
E4_BC52_191109_LF_LIB_consensus_vsearch	4172	A	A	273	2	0.72%	2	1	93	93	0.2495446265938613	1	1	172	101	2	0	+C
E4_BC52_191109_LF_LIB_consensus_vsearch	4173	G	R	234	40	14.34%	2	1	93	93	1.958641358778995E-13	1	1	134	100	40	0	A
E4_BC52_191109_LF_LIB_consensus_vsearch	4174	C	C	273	2	0.72%	2	1	93	93	0.2495446265938613	1	1	173	100	0	2	T
E4_BC52_191109_LF_LIB_consensus_vsearch	4175	A	R	227	39	13.98%	2	1	93	93	4.0463749470306827E-13	1	1	134	93	39	0	G
E4_BC52_191109_LF_LIB_consensus_vsearch	4176	G	G	272	1	0.36%	2	1	93	93	0.5000000000003686	1	1	178	94	0	1	+A
E4_BC52_191109_LF_LIB_consensus_vsearch	4177	G	G	280	2	0.71%	2	1	93	93	0.24955595026613578	1	1	178	102	0	2	T
E4_BC52_191109_LF_LIB_consensus_vsearch	4178	A	A	276	2	0.71%	2	2	93	93	0.24954954954932992	1	1	174	102	1	1	G
E4_BC52_191109_LF_LIB_consensus_vsearch	4179	C	*/+G	265	10	3.55%	2	1	93	93	8.985463618717617E-4	1	1	161	104	10	0	+G
E4_BC52_191109_LF_LIB_consensus_vsearch	4180	G	G	272	3	1.08%	2	1	93	93	0.12431693989066941	1	1	168	104	3	0	+A
E4_BC52_191109_LF_LIB_consensus_vsearch	4181	A	*/-G	219	53	19%	2	1	93	93	6.690685487056286E-18	1	1	117	102	53	0	-G
E4_BC52_191109_LF_LIB_consensus_vsearch	4182	G	G	218	4	1.77%	2	1	93	93	0.061654458623218986	1	1	116	102	4	0	+A
E4_BC52_191109_LF_LIB_consensus_vsearch	4183	G	*/-T	265	7	2.49%	2	2	93	93	0.00751314636487435	1	1	163	102	6	1	-T
E4_BC52_191109_LF_LIB_consensus_vsearch	4184	T	T	274	1	0.36%	2	1	93	93	0.4999999999999138	1	1	172	102	0	1	C
E4_BC52_191109_LF_LIB_consensus_vsearch	4185	T	T	279	2	0.71%	2	1	93	93	0.24955436720141339	1	1	175	104	2	0	C
E4_BC52_191109_LF_LIB_consensus_vsearch	4186	T	*/-G	242	36	12.77%	2	1	93	93	4.3336456718423484E-12	1	1	176	66	0	36	-G
E4_BC52_191109_LF_LIB_consensus_vsearch	4187	G	G	241	3	1.22%	2	1	93	93	0.1242299794660452	1	1	174	67	3	0	A
E4_BC52_191109_LF_LIB_consensus_vsearch	4188	G	G	272	6	2.14%	2	1	93	93	0.015204992260514073	1	1	170	102	6	0	A
E4_BC52_191109_LF_LIB_consensus_vsearch	4189	A	A	270	5	1.79%	2	1	93	93	0.030682344165700513	1	1	173	97	0	5	+T
E4_BC52_191109_LF_LIB_consensus_vsearch	4190	T	T	274	4	1.42%	2	1	93	93	0.061824935242698754	1	1	174	100	4	0	+C
E4_BC52_191109_LF_LIB_consensus_vsearch	4191	C	*/-T	268	8	2.84%	2	2	93	93	0.003710449152927439	1	1	169	99	5	3	-T
E4_BC52_191109_LF_LIB_consensus_vsearch	4192	T	T	253	6	2.22%	2	2	93	93	0.01517430252249324	1	1	164	89	3	3	-A
E4_BC52_191109_LF_LIB_consensus_vsearch	4193	A	A	264	3	1.12%	2	1	93	93	0.1242964352720778	1	1	166	98	3	0	C
E4_BC52_191109_LF_LIB_consensus_vsearch	4194	A	R	265	7	2.53%	2	2	93	93	0.00751314636487435	1	1	167	98	4	3	G
E4_BC52_191109_LF_LIB_consensus_vsearch	4195	T	Y	261	9	3.26%	2	2	93	93	0.0018252099194485903	1	1	164	97	4	5	C
E4_BC52_191109_LF_LIB_consensus_vsearch	4196	G	G	273	3	1.08%	2	2	93	93	0.12431941923772909	1	1	170	103	2	1	-A
E4_BC52_191109_LF_LIB_consensus_vsearch	4197	A	A	269	3	1.08%	2	2	93	93	0.12430939226523824	1	1	169	100	1	2	-G
E4_BC52_191109_LF_LIB_consensus_vsearch	4198	G	G	275	1	0.36%	2	1	93	93	0.5000000000003686	1	1	175	100	0	1	+AG
E4_BC52_191109_LF_LIB_consensus_vsearch	4199	C	*/-AC	253	21	7.53%	2	1	93	93	3.202080458401424E-7	1	1	152	101	21	0	-AC
E4_BC52_191109_LF_LIB_consensus_vsearch	4200	A	A	256	2	0.77%	2	1	93	93	0.24951456310670525	1	1	155	101	0	2	+T
E4_BC52_191109_LF_LIB_consensus_vsearch	4201	C	C	257	1	0.39%	2	1	93	93	0.4999999999999138	1	1	156	101	0	1	+TC
E4_BC52_191109_LF_LIB_consensus_vsearch	4202	G	G	275	5	1.79%	2	2	93	93	0.030692471488257853	1	1	174	101	3	2	A
E4_BC52_191109_LF_LIB_consensus_vsearch	4203	T	*/-C	263	15	5.34%	2	1	93	93	2.5137834101213452E-5	1	1	162	101	15	0	-C
E4_BC52_191109_LF_LIB_consensus_vsearch	4204	C	C	266	0	0%	2	0	93	0	1.0	1	0	163	103	0	0	
E4_BC52_191109_LF_LIB_consensus_vsearch	4205	C	C	274	4	1.42%	2	1	93	93	0.061824935242698754	1	1	172	102	4	0	-AC
E4_BC52_191109_LF_LIB_consensus_vsearch	4206	A	A	268	6	2.17%	2	1	93	93	0.015198883630026071	1	1	167	101	6	0	G
E4_BC52_191109_LF_LIB_consensus_vsearch	4207	C	C	270	3	1.08%	2	2	93	93	0.12431192660547026	1	1	172	98	1	2	-T
E4_BC52_191109_LF_LIB_consensus_vsearch	4208	T	*/-C	256	8	2.88%	2	2	93	93	0.003701660868547635	1	1	170	86	2	6	-C
E4_BC52_191109_LF_LIB_consensus_vsearch	4209	C	*/-T	244	14	5.3%	2	2	93	93	5.092397942761746E-5	1	1	170	74	1	13	-T
E4_BC52_191109_LF_LIB_consensus_vsearch	4210	T	T	249	5	1.95%	2	2	93	93	0.03063545999571253	1	1	167	82	4	1	C
E4_BC52_191109_LF_LIB_consensus_vsearch	4211	T	K	266	7	2.52%	2	2	93	93	0.0075142347009056415	1	1	171	95	2	5	G
E4_BC52_191109_LF_LIB_consensus_vsearch	4212	G	G	278	3	1.07%	2	1	93	93	0.12433155080212302	1	1	175	103	3	0	-A
E4_BC52_191109_LF_LIB_consensus_vsearch	4213	A	A	267	6	2.16%	2	1	93	93	0.015197328608558202	1	1	164	103	6	0	+G
E4_BC52_191109_LF_LIB_consensus_vsearch	4214	G	G	276	1	0.36%	2	1	93	93	0.5000000000003686	1	1	173	103	1	0	+T
E4_BC52_191109_LF_LIB_consensus_vsearch	4215	T	Y	270	11	3.91%	2	2	93	93	4.4193270844278054E-4	1	1	177	93	1	10	C
E4_BC52_191109_LF_LIB_consensus_vsearch	4216	T	T	275	2	0.71%	2	1	93	93	0.24954792043411347	1	1	176	99	0	2	-GG
E4_BC52_191109_LF_LIB_consensus_vsearch	4217	G	G	271	6	2.16%	2	1	93	93	0.015203481580703948	1	1	171	100	6	0	A
E4_BC52_191109_LF_LIB_consensus_vsearch	4218	G	G	276	1	0.36%	2	1	93	93	0.5000000000003686	1	1	176	100	1	0	+ATGG
E4_BC52_191109_LF_LIB_consensus_vsearch	4219	G	G	280	1	0.36%	2	1	93	93	0.4999999999999138	1	1	178	102	0	1	A
E4_BC52_191109_LF_LIB_consensus_vsearch	4220	A	A	274	3	1.07%	2	1	93	93	0.1243218806510022	1	1	176	98	0	3	+T
E4_BC52_191109_LF_LIB_consensus_vsearch	4221	C	C	275	5	1.79%	2	2	93	93	0.030692471488257853	1	1	176	99	1	4	-T
E4_BC52_191109_LF_LIB_consensus_vsearch	4222	T	T	269	4	1.45%	2	2	93	93	0.06181256019060895	1	1	174	95	1	3	C
E4_BC52_191109_LF_LIB_consensus_vsearch	4223	G	R	266	7	2.5%	2	2	93	93	0.0075142347009056415	1	1	170	96	2	5	A
E4_BC52_191109_LF_LIB_consensus_vsearch	4224	T	Y	267	9	3.25%	2	2	93	93	0.0018279418621040778	1	1	174	93	1	8	C
E4_BC52_191109_LF_LIB_consensus_vsearch	4225	T	T	265	4	1.45%	2	1	93	93	0.06180232861697055	1	1	169	96	0	4	A
E4_BC52_191109_LF_LIB_consensus_vsearch	4226	G	G	268	3	1.09%	2	2	93	93	0.12430683918669663	1	1	167	101	2	1	-TG
E4_BC52_191109_LF_LIB_consensus_vsearch	4227	T	T	263	5	1.82%	2	1	93	93	0.030667531693296068	1	1	169	94	0	5	-GC
E4_BC52_191109_LF_LIB_consensus_vsearch	4228	G	G	262	2	0.75%	2	1	93	93	0.24952561669824413	1	1	167	95	2	0	+TG
E4_BC52_191109_LF_LIB_consensus_vsearch	4229	C	C	263	3	1.1%	2	2	93	93	0.12429378531094196	1	1	168	95	1	2	T
E4_BC52_191109_LF_LIB_consensus_vsearch	4230	A	A	270	2	0.73%	2	2	93	93	0.2495395948434138	1	1	170	100	1	1	G
E4_BC52_191109_LF_LIB_consensus_vsearch	4231	T	T	268	4	1.45%	2	2	93	93	0.061810030534865154	1	1	170	98	3	1	-GT
E4_BC52_191109_LF_LIB_consensus_vsearch	4232	G	*/-T	261	7	2.55%	2	2	93	93	0.007508712428886389	1	1	168	93	1	6	-T
E4_BC52_191109_LF_LIB_consensus_vsearch	4233	T	T	255	3	1.12%	2	2	93	93	0.1242718446601877	1	1	169	86	1	2	-AT
E4_BC52_191109_LF_LIB_consensus_vsearch	4234	A	R	254	10	3.62%	2	2	93	93	8.953772843442645E-4	1	1	171	83	2	8	G
E4_BC52_191109_LF_LIB_consensus_vsearch	4235	T	T	260	2	0.75%	2	2	93	93	0.2495219885277623	1	1	170	90	1	1	+AT
E4_BC52_191109_LF_LIB_consensus_vsearch	4236	T	T	267	5	1.81%	2	2	93	93	0.030676089228361576	1	1	169	98	3	2	C
E4_BC52_191109_LF_LIB_consensus_vsearch	4237	A	A	273	1	0.36%	2	1	93	93	0.4999999999999138	1	1	175	98	0	1	+T
E4_BC52_191109_LF_LIB_consensus_vsearch	4238	T	T	274	2	0.72%	2	1	93	93	0.2495462794919261	1	1	174	100	0	2	-C
E4_BC52_191109_LF_LIB_consensus_vsearch	4239	C	C	273	3	1.08%	2	1	93	93	0.12431941923772909	1	1	175	98	0	3	-T
E4_BC52_191109_LF_LIB_consensus_vsearch	4240	T	*/-C	245	17	6.18%	2	2	93	93	5.8356243756399695E-6	1	1	157	88	16	1	-C
E4_BC52_191109_LF_LIB_consensus_vsearch	4241	C	C	258	1	0.38%	2	1	93	93	0.4999999999999138	1	1	156	102	1	0	+ACA
E4_BC52_191109_LF_LIB_consensus_vsearch	4242	C	C	273	4	1.43%	2	1	93	93	0.061822496004320764	1	1	175	98	0	4	-T
E4_BC52_191109_LF_LIB_consensus_vsearch	4243	T	T	264	6	2.17%	2	2	93	93	0.015192594697130085	1	1	171	93	2	4	C
E4_BC52_191109_LF_LIB_consensus_vsearch	4244	G	G	268	3	1.09%	2	1	93	93	0.12430683918669663	1	1	165	103	3	0	-AA
E4_BC52_191109_LF_LIB_consensus_vsearch	4245	A	A	270	2	0.73%	2	2	93	93	0.2495395948434138	1	1	168	102	1	1	G
E4_BC52_191109_LF_LIB_consensus_vsearch	4246	A	A	272	1	0.36%	2	1	93	93	0.5000000000003686	1	1	169	103	1	0	+C
E4_BC52_191109_LF_LIB_consensus_vsearch	4247	T	T	273	2	0.72%	2	1	93	93	0.2495446265938613	1	1	171	102	2	0	G
E4_BC52_191109_LF_LIB_consensus_vsearch	4248	T	T	276	1	0.36%	2	1	93	93	0.5000000000003686	1	1	174	102	0	1	C
E4_BC52_191109_LF_LIB_consensus_vsearch	4249	T	T	273	2	0.72%	2	2	93	93	0.2495446265938613	1	1	172	101	1	1	C
E4_BC52_191109_LF_LIB_consensus_vsearch	4250	G	G	271	2	0.72%	2	2	93	93	0.24954128440383208	1	1	171	100	1	1	-T
E4_BC52_191109_LF_LIB_consensus_vsearch	4251	T	T	268	5	1.81%	2	1	93	93	0.030678189467263802	1	1	168	100	5	0	-C
E4_BC52_191109_LF_LIB_consensus_vsearch	4252	C	C	261	3	1.09%	2	2	93	93	0.12428842504744599	1	1	161	100	2	1	-A
E4_BC52_191109_LF_LIB_consensus_vsearch	4253	A	A	262	4	1.47%	2	2	93	93	0.06179445281046573	1	1	161	101	3	1	G
E4_BC52_191109_LF_LIB_consensus_vsearch	4254	C	*/-G	252	8	2.94%	2	2	93	93	0.003698553505001527	1	1	157	95	7	1	-G
E4_BC52_191109_LF_LIB_consensus_vsearch	4255	G	G	261	5	1.87%	2	2	93	93	0.03066315650820783	1	1	163	98	4	1	A
E4_BC52_191109_LF_LIB_consensus_vsearch	4256	G	R	260	9	3.25%	2	1	93	93	0.0018247429645633383	1	1	160	100	9	0	A
E4_BC52_191109_LF_LIB_consensus_vsearch	4257	C	C	263	5	1.82%	2	1	93	93	0.030667531693296068	1	1	165	98	5	0	T
E4_BC52_191109_LF_LIB_consensus_vsearch	4258	T	T	267	5	1.81%	2	2	93	93	0.030676089228361576	1	1	170	97	2	3	C
E4_BC52_191109_LF_LIB_consensus_vsearch	4259	A	A	264	6	2.16%	2	1	93	93	0.015192594697130085	1	1	163	101	6	0	-G
E4_BC52_191109_LF_LIB_consensus_vsearch	4260	G	G	271	1	0.37%	2	1	93	93	0.4999999999999138	1	1	169	102	1	0	+C
E4_BC52_191109_LF_LIB_consensus_vsearch	4261	C	C	271	3	1.08%	2	1	93	93	0.12431444241326345	1	1	170	101	3	0	A
E4_BC52_191109_LF_LIB_consensus_vsearch	4262	C	C	273	5	1.79%	2	2	93	93	0.03068846423273724	1	1	173	100	4	1	T
E4_BC52_191109_LF_LIB_consensus_vsearch	4263	A	A	276	3	1.07%	2	2	93	93	0.12432675044874984	1	1	175	101	1	2	G
E4_BC52_191109_LF_LIB_consensus_vsearch	4264	T	T	268	4	1.43%	2	2	93	93	0.061810030534865154	1	1	172	96	3	1	+G
E4_BC52_191109_LF_LIB_consensus_vsearch	4265	G	G	269	3	1.09%	2	1	93	93	0.12430939226523824	1	1	173	96	3	0	-TA
E4_BC52_191109_LF_LIB_consensus_vsearch	4266	T	Y	261	7	2.57%	2	2	93	93	0.007508712428886389	1	1	167	94	6	1	C
E4_BC52_191109_LF_LIB_consensus_vsearch	4267	A	A	266	6	2.17%	2	1	93	93	0.015195762196627145	1	1	166	100	6	0	G
E4_BC52_191109_LF_LIB_consensus_vsearch	4268	C	*/-A	218	49	17.5%	2	2	93	93	1.5696656420553559E-16	1	1	125	93	44	5	-A
E4_BC52_191109_LF_LIB_consensus_vsearch	4269	A	A	223	3	1.31%	2	2	93	93	0.12416851441234596	1	1	127	96	2	1	G
E4_BC52_191109_LF_LIB_consensus_vsearch	4270	A	A	274	2	0.72%	2	1	93	93	0.2495462794919261	1	1	172	102	2	0	G
E4_BC52_191109_LF_LIB_consensus_vsearch	4271	A	A	280	0	0%	2	0	93	0	1.0	1	0	177	103	0	0	
E4_BC52_191109_LF_LIB_consensus_vsearch	4272	A	A	276	1	0.36%	2	1	93	93	0.5000000000003686	1	1	175	101	1	0	+T
E4_BC52_191109_LF_LIB_consensus_vsearch	4273	T	T	276	2	0.72%	2	2	93	93	0.24954954954932992	1	1	175	101	1	1	C
E4_BC52_191109_LF_LIB_consensus_vsearch	4274	T	*/-C	264	15	5.38%	2	1	93	93	2.5155783835883924E-5	1	1	176	88	0	15	-C
E4_BC52_191109_LF_LIB_consensus_vsearch	4275	C	C	257	2	0.76%	2	1	93	93	0.24951644100587136	1	1	173	84	2	0	+A
E4_BC52_191109_LF_LIB_consensus_vsearch	4276	G	G	275	2	0.72%	2	1	93	93	0.24954792043411347	1	1	174	101	2	0	-A
E4_BC52_191109_LF_LIB_consensus_vsearch	4277	A	A	266	5	1.81%	2	1	93	93	0.030673973504714284	1	1	166	100	5	0	G
E4_BC52_191109_LF_LIB_consensus_vsearch	4278	C	*/+T	265	7	2.54%	2	2	93	93	0.00751314636487435	1	1	175	90	1	6	+T
E4_BC52_191109_LF_LIB_consensus_vsearch	4279	T	*/-CT	258	10	3.61%	2	1	93	93	8.96559014408215E-4	1	1	175	83	0	10	-CT
E4_BC52_191109_LF_LIB_consensus_vsearch	4280	C	C	259	3	1.13%	2	2	93	93	0.12428298279160237	1	1	173	86	2	1	-T
E4_BC52_191109_LF_LIB_consensus_vsearch	4281	T	T	258	2	0.75%	2	1	93	93	0.24951830443137643	1	1	171	87	0	2	+CT
E4_BC52_191109_LF_LIB_consensus_vsearch	4282	T	T	268	2	0.72%	2	1	93	93	0.24953617810762627	1	1	168	100	2	0	+C
E4_BC52_191109_LF_LIB_consensus_vsearch	4283	C	*/-AA	258	7	2.53%	2	1	93	93	0.007505299821009934	1	1	168	90	0	7	-AA
E4_BC52_191109_LF_LIB_consensus_vsearch	4284	A	A	266	1	0.37%	2	1	93	93	0.4999999999999138	1	1	175	91	1	0	T
E4_BC52_191109_LF_LIB_consensus_vsearch	4285	A	A	263	6	2.21%	2	2	93	93	0.015190993352737225	1	1	173	90	2	4	-G
E4_BC52_191109_LF_LIB_consensus_vsearch	4286	G	R	257	9	3.31%	2	1	93	93	0.0018233214254448316	1	1	161	96	9	0	A
E4_BC52_191109_LF_LIB_consensus_vsearch	4287	T	Y	264	7	2.55%	2	2	93	93	0.007512050058182546	1	1	170	94	1	6	C
E4_BC52_191109_LF_LIB_consensus_vsearch	4288	G	G	272	4	1.44%	2	1	93	93	0.06182003907461255	1	1	170	102	4	0	-A
E4_BC52_191109_LF_LIB_consensus_vsearch	4289	A	A	273	2	0.73%	2	2	93	93	0.2495446265938613	1	1	171	102	1	1	G
E4_BC52_191109_LF_LIB_consensus_vsearch	4290	A	A	275	4	1.43%	2	1	93	93	0.06182735698001327	1	1	172	103	4	0	G
E4_BC52_191109_LF_LIB_consensus_vsearch	4291	T	T	275	2	0.71%	2	2	93	93	0.24954792043411347	1	1	174	101	1	1	+C
E4_BC52_191109_LF_LIB_consensus_vsearch	4292	C	C	272	3	1.08%	2	1	93	93	0.12431693989066941	1	1	171	101	3	0	-A
E4_BC52_191109_LF_LIB_consensus_vsearch	4293	A	A	267	2	0.72%	2	1	93	93	0.24953445065180796	1	1	169	98	2	0	G
E4_BC52_191109_LF_LIB_consensus_vsearch	4294	T	T	269	2	0.72%	2	1	93	93	0.24953789279111838	1	1	173	96	0	2	+CAT
E4_BC52_191109_LF_LIB_consensus_vsearch	4295	A	A	271	2	0.73%	2	2	93	93	0.24954128440383208	1	1	172	99	1	1	C
E4_BC52_191109_LF_LIB_consensus_vsearch	4296	A	R	270	7	2.52%	2	1	93	93	0.007518510051769894	1	1	169	101	7	0	G
E4_BC52_191109_LF_LIB_consensus_vsearch	4297	C	C	272	2	0.72%	2	2	93	93	0.2495429616087481	1	1	172	100	1	1	-T
E4_BC52_191109_LF_LIB_consensus_vsearch	4298	T	T	265	6	2.17%	2	2	93	93	0.015194184268635263	1	1	172	93	1	5	C
E4_BC52_191109_LF_LIB_consensus_vsearch	4299	G	G	271	2	0.72%	2	1	93	93	0.24954128440383208	1	1	169	102	2	0	+A
E4_BC52_191109_LF_LIB_consensus_vsearch	4300	A	A	269	4	1.44%	2	2	93	93	0.06181256019060895	1	1	170	99	2	2	-T
E4_BC52_191109_LF_LIB_consensus_vsearch	4301	T	T	271	3	1.09%	2	2	93	93	0.12431444241326345	1	1	171	100	2	1	C
E4_BC52_191109_LF_LIB_consensus_vsearch	4302	T	T	279	1	0.36%	2	1	93	93	0.5000000000003686	1	1	176	103	1	0	C
E4_BC52_191109_LF_LIB_consensus_vsearch	4303	T	T	274	3	1.07%	2	1	93	93	0.1243218806510022	1	1	172	102	3	0	-A
E4_BC52_191109_LF_LIB_consensus_vsearch	4304	A	A	276	1	0.36%	2	1	93	93	0.5000000000003686	1	1	173	103	1	0	+T
E4_BC52_191109_LF_LIB_consensus_vsearch	4305	A	A	273	2	0.71%	2	1	93	93	0.2495446265938613	1	1	170	103	2	0	+C
E4_BC52_191109_LF_LIB_consensus_vsearch	4306	T	T	271	3	1.08%	2	1	93	93	0.12431444241326345	1	1	168	103	3	0	+G
E4_BC52_191109_LF_LIB_consensus_vsearch	4307	G	G	271	6	2.14%	2	1	93	93	0.015203481580703948	1	1	168	103	6	0	-A
E4_BC52_191109_LF_LIB_consensus_vsearch	4308	A	A	265	6	2.19%	2	1	93	93	0.015194184268635263	1	1	162	103	6	0	G
E4_BC52_191109_LF_LIB_consensus_vsearch	4309	G	G	274	2	0.72%	2	1	93	93	0.2495462794919261	1	1	171	103	2	0	+T
E4_BC52_191109_LF_LIB_consensus_vsearch	4310	C	C	270	5	1.8%	2	1	93	93	0.030682344165700513	1	1	167	103	5	0	G
E4_BC52_191109_LF_LIB_consensus_vsearch	4311	C	C	277	2	0.71%	2	2	93	93	0.24955116696580612	1	1	176	101	1	1	T
E4_BC52_191109_LF_LIB_consensus_vsearch	4312	A	A	271	6	2.14%	2	2	93	93	0.015203481580703948	1	1	171	100	5	1	+T
E4_BC52_191109_LF_LIB_consensus_vsearch	4313	T	T	274	3	1.08%	2	1	93	93	0.1243218806510022	1	1	176	98	0	3	+C
E4_BC52_191109_LF_LIB_consensus_vsearch	4314	T	T	271	5	1.79%	2	2	93	93	0.030684398956702864	1	1	172	99	2	3	-C
E4_BC52_191109_LF_LIB_consensus_vsearch	4315	C	C	264	4	1.46%	2	1	93	93	0.06179972295775155	1	1	164	100	4	0	+AC
E4_BC52_191109_LF_LIB_consensus_vsearch	4316	G	R	254	8	2.89%	2	1	93	93	0.003700118894213593	1	1	155	99	8	0	A
E4_BC52_191109_LF_LIB_consensus_vsearch	4317	C	C	261	5	1.82%	2	2	93	93	0.03066315650820783	1	1	165	96	4	1	T
E4_BC52_191109_LF_LIB_consensus_vsearch	4318	A	A	268	4	1.44%	2	2	93	93	0.061810030534865154	1	1	169	99	1	3	T
E4_BC52_191109_LF_LIB_consensus_vsearch	4319	G	G	266	6	2.15%	2	2	93	93	0.015195762196627145	1	1	167	99	4	2	-T
E4_BC52_191109_LF_LIB_consensus_vsearch	4320	T	T	270	4	1.46%	2	2	93	93	0.06181507136518779	1	1	172	98	1	3	C
E4_BC52_191109_LF_LIB_consensus_vsearch	4321	T	T	276	3	1.07%	2	2	93	93	0.12432675044874984	1	1	176	100	1	2	C
E4_BC52_191109_LF_LIB_consensus_vsearch	4322	T	T	273	5	1.79%	2	2	93	93	0.03068846423273724	1	1	175	98	1	4	+C
E4_BC52_191109_LF_LIB_consensus_vsearch	4323	C	C	272	2	0.71%	2	1	93	93	0.2495429616087481	1	1	174	98	0	2	-A
E4_BC52_191109_LF_LIB_consensus_vsearch	4324	A	A	274	1	0.36%	2	1	93	93	0.4999999999999138	1	1	175	99	1	0	+G
E4_BC52_191109_LF_LIB_consensus_vsearch	4325	A	A	272	3	1.08%	2	1	93	93	0.12431693989066941	1	1	172	100	3	0	+T
E4_BC52_191109_LF_LIB_consensus_vsearch	4326	T	T	276	2	0.72%	2	1	93	93	0.24954954954932992	1	1	176	100	0	2	C
E4_BC52_191109_LF_LIB_consensus_vsearch	4327	T	T	274	2	0.72%	2	2	93	93	0.2495462794919261	1	1	174	100	1	1	C
E4_BC52_191109_LF_LIB_consensus_vsearch	4328	G	G	269	4	1.44%	2	1	93	93	0.06181256019060895	1	1	168	101	4	0	-T
E4_BC52_191109_LF_LIB_consensus_vsearch	4329	T	T	270	3	1.1%	2	1	93	93	0.12431192660547026	1	1	171	99	0	3	C
E4_BC52_191109_LF_LIB_consensus_vsearch	4330	T	T	277	1	0.36%	2	1	93	93	0.4999999999999138	1	1	175	102	1	0	+C
E4_BC52_191109_LF_LIB_consensus_vsearch	4331	T	*/-A	254	13	4.64%	2	2	93	93	1.0511074343687666E-4	1	1	157	97	10	3	-A
E4_BC52_191109_LF_LIB_consensus_vsearch	4332	A	A	259	4	1.5%	2	2	93	93	0.061786397159329126	1	1	162	97	3	1	G
E4_BC52_191109_LF_LIB_consensus_vsearch	4333	A	A	270	4	1.43%	2	2	93	93	0.06181507136518779	1	1	174	96	2	2	-G
E4_BC52_191109_LF_LIB_consensus_vsearch	4334	G	G	270	2	0.72%	2	1	93	93	0.2495395948434138	1	1	172	98	2	0	+A
E4_BC52_191109_LF_LIB_consensus_vsearch	4335	G	G	275	1	0.36%	2	1	93	93	0.5000000000003686	1	1	173	102	1	0	+A
E4_BC52_191109_LF_LIB_consensus_vsearch	4336	T	T	271	3	1.08%	2	1	93	93	0.12431444241326345	1	1	172	99	0	3	-C
E4_BC52_191109_LF_LIB_consensus_vsearch	4337	C	C	268	5	1.81%	2	1	93	93	0.030678189467263802	1	1	173	95	0	5	+T
E4_BC52_191109_LF_LIB_consensus_vsearch	4338	T	*/+C	261	11	3.96%	2	2	93	93	4.404479324483225E-4	1	1	164	97	10	1	+C
E4_BC52_191109_LF_LIB_consensus_vsearch	4339	C	*/+T	261	8	2.92%	2	1	93	93	0.003705416747963619	1	1	175	86	0	8	+T
E4_BC52_191109_LF_LIB_consensus_vsearch	4340	T	T	265	5	1.82%	2	1	93	93	0.030671842124359663	1	1	172	93	0	5	+G
E4_BC52_191109_LF_LIB_consensus_vsearch	4341	G	G	274	3	1.08%	2	2	93	93	0.1243218806510022	1	1	173	101	2	1	-A
E4_BC52_191109_LF_LIB_consensus_vsearch	4342	A	A	276	0	0%	2	0	93	0	1.0	1	0	174	102	0	0	
E4_BC52_191109_LF_LIB_consensus_vsearch	4343	A	A	273	3	1.08%	2	1	93	93	0.12431941923772909	1	1	175	98	0	3	+T
E4_BC52_191109_LF_LIB_consensus_vsearch	4344	C	C	270	4	1.44%	2	1	93	93	0.06181507136518779	1	1	176	94	0	4	+T
E4_BC52_191109_LF_LIB_consensus_vsearch	4345	T	*/-C	262	9	3.26%	2	1	93	93	0.0018256734909882749	1	1	173	89	0	9	-C
E4_BC52_191109_LF_LIB_consensus_vsearch	4346	C	*/-TC	180	81	30.34%	2	2	93	93	2.5796172065099685E-28	1	1	165	15	11	70	-TC
E4_BC52_191109_LF_LIB_consensus_vsearch	4347	T	T	182	2	1.05%	2	1	93	93	0.2493188010900035	1	1	160	22	2	0	+A
E4_BC52_191109_LF_LIB_consensus_vsearch	4348	C	C	184	5	2.58%	2	2	93	93	0.030424403183015276	1	1	158	26	4	1	-GC
E4_BC52_191109_LF_LIB_consensus_vsearch	4349	G	G	269	2	0.74%	2	1	93	93	0.24953789279111838	1	1	170	99	2	0	A
E4_BC52_191109_LF_LIB_consensus_vsearch	4350	C	Y	260	10	3.66%	2	2	93	93	8.97137079051494E-4	1	1	169	91	1	9	T
E4_BC52_191109_LF_LIB_consensus_vsearch	4351	A	A	270	3	1.08%	2	1	93	93	0.12431192660547026	1	1	169	101	3	0	G
E4_BC52_191109_LF_LIB_consensus_vsearch	4352	T	T	269	2	0.72%	2	2	93	93	0.24953789279111838	1	1	172	97	1	1	+AC
E4_BC52_191109_LF_LIB_consensus_vsearch	4353	G	G	274	2	0.72%	2	2	93	93	0.2495462794919261	1	1	173	101	1	1	A
E4_BC52_191109_LF_LIB_consensus_vsearch	4354	C	C	266	4	1.44%	2	1	93	93	0.06180491495741971	1	1	171	95	0	4	T
E4_BC52_191109_LF_LIB_consensus_vsearch	4355	A	A	268	2	0.73%	2	2	93	93	0.24953617810762627	1	1	169	99	1	1	-T
E4_BC52_191109_LF_LIB_consensus_vsearch	4356	T	T	266	4	1.47%	2	2	93	93	0.06180491495741971	1	1	170	96	3	1	C
E4_BC52_191109_LF_LIB_consensus_vsearch	4357	G	G	265	6	2.17%	2	1	93	93	0.015194184268635263	1	1	167	98	6	0	A
E4_BC52_191109_LF_LIB_consensus_vsearch	4358	G	G	274	3	1.08%	2	1	93	93	0.1243218806510022	1	1	173	101	3	0	A
E4_BC52_191109_LF_LIB_consensus_vsearch	4359	C	C	268	4	1.44%	2	1	93	93	0.061810030534865154	1	1	170	98	0	4	T
E4_BC52_191109_LF_LIB_consensus_vsearch	4360	T	T	271	2	0.73%	2	2	93	93	0.24954128440383208	1	1	170	101	1	1	G
E4_BC52_191109_LF_LIB_consensus_vsearch	4361	T	T	268	3	1.09%	2	1	93	93	0.12430683918669663	1	1	168	100	3	0	+G
E4_BC52_191109_LF_LIB_consensus_vsearch	4362	A	A	268	4	1.44%	2	1	93	93	0.061810030534865154	1	1	169	99	4	0	G
E4_BC52_191109_LF_LIB_consensus_vsearch	4363	G	G	269	5	1.81%	2	2	93	93	0.030680274390748198	1	1	170	99	3	2	A
E4_BC52_191109_LF_LIB_consensus_vsearch	4364	T	*/-C	252	22	7.89%	2	1	93	93	1.537241662192643E-7	1	1	152	100	22	0	-C
E4_BC52_191109_LF_LIB_consensus_vsearch	4365	C	C	256	1	0.39%	2	1	93	93	0.4999999999999138	1	1	154	102	1	0	T
E4_BC52_191109_LF_LIB_consensus_vsearch	4366	C	C	261	5	1.79%	2	2	93	93	0.03066315650820783	1	1	168	93	2	3	T
E4_BC52_191109_LF_LIB_consensus_vsearch	4367	G	G	270	5	1.81%	2	1	93	93	0.030682344165700513	1	1	171	99	5	0	-A
E4_BC52_191109_LF_LIB_consensus_vsearch	4368	A	A	271	1	0.37%	2	1	93	93	0.4999999999999138	1	1	170	101	1	0	+G
E4_BC52_191109_LF_LIB_consensus_vsearch	4369	T	T	275	1	0.36%	2	1	93	93	0.5000000000003686	1	1	176	99	1	0	+C
E4_BC52_191109_LF_LIB_consensus_vsearch	4370	G	G	275	1	0.36%	2	1	93	93	0.5000000000003686	1	1	176	99	1	0	A
E4_BC52_191109_LF_LIB_consensus_vsearch	4371	G	G	275	1	0.36%	2	1	93	93	0.5000000000003686	1	1	176	99	1	0	-A
E4_BC52_191109_LF_LIB_consensus_vsearch	4372	A	A	274	1	0.36%	2	1	93	93	0.4999999999999138	1	1	175	99	0	1	C
E4_BC52_191109_LF_LIB_consensus_vsearch	4373	C	C	263	6	2.19%	2	2	93	93	0.015190993352737225	1	1	169	94	4	2	T
E4_BC52_191109_LF_LIB_consensus_vsearch	4374	A	A	269	2	0.74%	2	1	93	93	0.24953789279111838	1	1	173	96	2	0	G
E4_BC52_191109_LF_LIB_consensus_vsearch	4375	A	A	268	1	0.37%	2	1	93	93	0.5000000000003686	1	1	173	95	1	0	+C
E4_BC52_191109_LF_LIB_consensus_vsearch	4376	G	G	258	6	2.26%	2	1	93	93	0.015182805374032816	1	1	163	95	6	0	A
E4_BC52_191109_LF_LIB_consensus_vsearch	4377	C	C	257	2	0.76%	2	2	93	93	0.24951644100587136	1	1	163	94	1	1	-A
E4_BC52_191109_LF_LIB_consensus_vsearch	4378	A	A	254	1	0.39%	2	1	93	93	0.4999999999999138	1	1	159	95	1	0	C
E4_BC52_191109_LF_LIB_consensus_vsearch	4379	T	T	246	4	1.57%	2	1	93	93	0.061749253033287245	1	1	154	92	4	0	-AT
E4_BC52_191109_LF_LIB_consensus_vsearch	4380	A	A	238	1	0.41%	2	1	93	93	0.4999999999999138	1	1	144	94	0	1	+G
E4_BC52_191109_LF_LIB_consensus_vsearch	4381	T	T	230	1	0.43%	2	1	93	93	0.5000000000003686	1	1	137	93	0	1	-G
E4_BC52_191109_LF_LIB_consensus_vsearch	4382	G	G	228	0	0%	2	0	93	0	1.0	1	0	135	93	0	0	
E4_BC52_191109_LF_LIB_consensus_vsearch	4383	A	A	222	0	0%	2	0	93	0	1.0	1	0	128	94	0	0	
E4_BC52_191109_LF_LIB_consensus_vsearch	4384	C	C	208	0	0%	2	0	93	0	1.0	1	0	115	93	0	0	
E4_BC52_191109_LF_LIB_consensus_vsearch	4385	T	T	200	0	0%	2	0	93	0	1.0	1	0	107	93	0	0	
E4_BC52_191109_LF_LIB_consensus_vsearch	4386	A	A	180	0	0%	2	0	93	0	1.0	1	0	89	91	0	0	
E4_BC52_191109_LF_LIB_consensus_vsearch	4387	C	C	170	0	0%	2	0	93	0	1.0	1	0	81	89	0	0	
