Chrom	Position	Ref	Cons	Reads1	Reads2	VarFreq	Strands1	Strands2	Qual1	Qual2	Pvalue	MapQual1	MapQual2	Reads1Plus	Reads1Minus	Reads2Plus	Reads2Minus	VarAllele
F12_BC72_191109_LF_LIB_consensus_vsearch	3	G	*/+T	477	22	3.64%	2	2	93	93	1.881895464824958E-7	1	1	393	84	21	1	+T
F12_BC72_191109_LF_LIB_consensus_vsearch	3	G	*/-T	477	104	17.22%	2	2	93	93	3.103415107910116E-34	1	1	393	84	101	3	-T
F12_BC72_191109_LF_LIB_consensus_vsearch	11	T	*/+G	589	26	4.11%	2	2	93	93	1.137704279307716E-8	1	1	485	104	25	1	+G
F12_BC72_191109_LF_LIB_consensus_vsearch	11	T	*/-A	589	7	1.11%	2	2	93	93	0.007675326899053761	1	1	485	104	6	1	+G
F12_BC72_191109_LF_LIB_consensus_vsearch	12	A	*/-G	589	29	4.63%	2	2	93	93	1.3307391758082481E-9	1	1	486	103	28	1	-G
F12_BC72_191109_LF_LIB_consensus_vsearch	15	C	*/+G	615	9	1.42%	2	1	93	93	0.0018972139396271118	1	1	504	111	9	0	+G
F12_BC72_191109_LF_LIB_consensus_vsearch	18	T	*/+C	619	15	2.35%	2	1	93	93	2.8065344971487303E-5	1	1	508	111	15	0	+C
F12_BC72_191109_LF_LIB_consensus_vsearch	19	C	*/+G	609	13	2.04%	2	2	93	93	1.1457833548985164E-4	1	1	501	108	12	1	+G
F12_BC72_191109_LF_LIB_consensus_vsearch	20	A	*/-G	609	13	2.06%	2	1	93	93	1.1457833548985164E-4	1	1	504	105	13	0	-G
F12_BC72_191109_LF_LIB_consensus_vsearch	21	G	*/-A	612	12	1.92%	2	1	93	93	2.3145076346180296E-4	1	1	500	112	12	0	-A
F12_BC72_191109_LF_LIB_consensus_vsearch	24	T	*/-C	454	148	23.23%	2	2	93	93	9.147692402984211E-50	1	1	401	53	94	54	-C
F12_BC72_191109_LF_LIB_consensus_vsearch	24	T	*/-CC	454	27	4.24%	2	1	93	93	5.119421605295718E-9	1	1	401	53	27	0	-C
F12_BC72_191109_LF_LIB_consensus_vsearch	28	C	*/-T	615	12	1.88%	2	2	93	93	2.315104309433486E-4	1	1	510	105	9	3	-T
F12_BC72_191109_LF_LIB_consensus_vsearch	32	T	*/+C	586	9	1.42%	2	1	93	93	0.0018945108065208946	1	1	475	111	9	0	+C
F12_BC72_191109_LF_LIB_consensus_vsearch	32	T	*/-C	586	34	5.35%	2	1	93	93	3.656077532402618E-11	1	1	475	111	34	0	-C
F12_BC72_191109_LF_LIB_consensus_vsearch	34	C	*/+A	613	13	2.04%	2	2	93	93	1.1462518627902735E-4	1	1	505	108	12	1	+A
F12_BC72_191109_LF_LIB_consensus_vsearch	43	T	*/+C	619	10	1.56%	2	2	93	93	9.419904715398489E-4	1	1	511	108	9	1	+C
F12_BC72_191109_LF_LIB_consensus_vsearch	44	C	*/+T	625	8	1.26%	2	1	93	93	0.003820300170214244	1	1	524	101	0	8	+T
F12_BC72_191109_LF_LIB_consensus_vsearch	61	C	*/+A	621	15	2.35%	2	1	93	93	2.8072824494922685E-5	1	1	509	112	15	0	+A
F12_BC72_191109_LF_LIB_consensus_vsearch	63	T	*/-A	614	7	1.1%	2	1	93	93	0.0076808312175928525	1	1	504	110	7	0	-A
F12_BC72_191109_LF_LIB_consensus_vsearch	63	T	*/-AC	614	9	1.42%	2	2	93	93	0.0018971248849278615	1	1	504	110	7	2	-AC
F12_BC72_191109_LF_LIB_consensus_vsearch	66	G	*/+C	571	26	4.15%	2	1	93	93	1.1282837445586427E-8	1	1	461	110	26	0	+C
F12_BC72_191109_LF_LIB_consensus_vsearch	66	G	*/-C	571	11	1.75%	2	2	93	93	4.655455542392171E-4	1	1	461	110	9	2	+C
F12_BC72_191109_LF_LIB_consensus_vsearch	69	A	*/+T	607	8	1.25%	2	2	93	93	0.003817797974000658	1	1	499	108	7	1	+T
F12_BC72_191109_LF_LIB_consensus_vsearch	69	A	*/-G	607	14	2.19%	2	1	93	93	5.6677339765541744E-5	1	1	499	108	14	0	-G
F12_BC72_191109_LF_LIB_consensus_vsearch	70	G	*/+A	608	8	1.28%	2	1	93	93	0.003817940800681945	1	1	495	113	8	0	+A
F12_BC72_191109_LF_LIB_consensus_vsearch	73	G	*/+C	561	7	1.11%	2	1	93	93	0.007668588879253857	1	1	449	112	7	0	+C
F12_BC72_191109_LF_LIB_consensus_vsearch	73	G	*/-C	561	25	3.95%	2	1	93	93	2.294565527161393E-8	1	1	449	112	25	0	-C
F12_BC72_191109_LF_LIB_consensus_vsearch	73	G	*/-CC	561	30	4.74%	2	1	93	93	6.385016175435428E-10	1	1	449	112	30	0	-CC
F12_BC72_191109_LF_LIB_consensus_vsearch	74	C	*/+GC	565	9	1.55%	2	1	93	93	0.0018923842920326984	1	1	453	112	9	0	+GC
F12_BC72_191109_LF_LIB_consensus_vsearch	76	C	*/+G	582	19	2.98%	2	2	93	93	1.6507365474208966E-6	1	1	492	90	4	15	+G
F12_BC72_191109_LF_LIB_consensus_vsearch	77	G	*/+A	542	61	9.7%	2	1	93	93	8.77077348397673E-20	1	1	432	110	61	0	+A
F12_BC72_191109_LF_LIB_consensus_vsearch	77	G	*/-A	542	17	2.7%	2	2	93	93	6.743208849693524E-6	1	1	432	110	16	1	+A
F12_BC72_191109_LF_LIB_consensus_vsearch	78	A	*/+G	594	8	1.3%	2	1	93	93	0.0038158982838517787	1	1	482	112	8	0	+G
F12_BC72_191109_LF_LIB_consensus_vsearch	79	A	*/-G	594	33	5.18%	2	1	93	93	7.555476851340536E-11	1	1	481	113	33	0	-G
F12_BC72_191109_LF_LIB_consensus_vsearch	80	G	*/+C	558	7	1.16%	2	2	93	93	0.007667827480669072	1	1	447	111	6	1	+C
F12_BC72_191109_LF_LIB_consensus_vsearch	81	G	*/+C	574	11	1.73%	2	1	93	93	4.6566043808442384E-4	1	1	462	112	11	0	+C
F12_BC72_191109_LF_LIB_consensus_vsearch	82	C	*/+T	572	8	1.26%	2	1	93	93	0.0038124905281564036	1	1	463	109	8	0	+T
F12_BC72_191109_LF_LIB_consensus_vsearch	82	C	*/-A	572	19	3%	2	2	93	93	1.646641266904007E-6	1	1	463	109	17	2	-A
F12_BC72_191109_LF_LIB_consensus_vsearch	83	A	*/-G	541	53	8.58%	2	1	93	93	3.2974559248448784E-17	1	1	434	107	53	0	-G
F12_BC72_191109_LF_LIB_consensus_vsearch	84	G	*/-C	360	82	14.19%	2	2	93	93	3.27484191024749E-27	1	1	251	109	80	2	-C
F12_BC72_191109_LF_LIB_consensus_vsearch	86	C	*/+A	563	9	1.42%	2	1	93	93	0.0018921736921997058	1	1	460	103	9	0	+A
F12_BC72_191109_LF_LIB_consensus_vsearch	86	C	*/-A	563	30	4.72%	2	1	93	93	6.393359705043089E-10	1	1	460	103	30	0	-A
F12_BC72_191109_LF_LIB_consensus_vsearch	98	C	*/-ACAC	616	14	2.19%	2	1	93	93	5.673800135975473E-5	1	1	508	108	14	0	-ACAC
F12_BC72_191109_LF_LIB_consensus_vsearch	100	C	*/-A	496	10	1.6%	2	1	93	93	9.33695448696871E-4	1	1	395	101	10	0	-A
F12_BC72_191109_LF_LIB_consensus_vsearch	100	C	*/-AC	496	108	17.31%	2	2	93	93	1.60297536015788E-35	1	1	395	101	102	6	-AC
F12_BC72_191109_LF_LIB_consensus_vsearch	101	A	*/-C	488	9	1.79%	2	2	93	93	0.0018830645540022467	1	1	383	105	8	1	-C
F12_BC72_191109_LF_LIB_consensus_vsearch	102	C	*/+AC	486	7	1.39%	2	2	93	93	0.007646785429777685	1	1	386	100	5	2	+AC
F12_BC72_191109_LF_LIB_consensus_vsearch	106	T	*/+C	587	10	1.57%	2	1	93	93	9.40157711688526E-4	1	1	477	110	10	0	+C
F12_BC72_191109_LF_LIB_consensus_vsearch	106	T	*/-C	587	38	5.97%	2	2	93	93	2.0371302722387124E-12	1	1	477	110	37	1	-C
F12_BC72_191109_LF_LIB_consensus_vsearch	109	T	*/-G	615	15	2.36%	2	1	93	93	2.805024786330585E-5	1	1	519	96	0	15	-G
F12_BC72_191109_LF_LIB_consensus_vsearch	113	C	*/+G	607	12	1.89%	2	1	93	93	2.313500552075147E-4	1	1	499	108	12	0	+G
F12_BC72_191109_LF_LIB_consensus_vsearch	114	A	*/-G	614	15	2.36%	2	2	93	93	2.804644451350534E-5	1	1	507	107	13	2	-G
F12_BC72_191109_LF_LIB_consensus_vsearch	117	T	*/+C	601	12	1.88%	2	1	93	93	2.312270755488514E-4	1	1	490	111	12	0	+C
F12_BC72_191109_LF_LIB_consensus_vsearch	117	T	*/-C	601	24	3.76%	2	1	93	93	4.759316705597063E-8	1	1	490	111	24	0	-C
F12_BC72_191109_LF_LIB_consensus_vsearch	121	T	*/-C	561	24	3.75%	2	2	93	93	4.6851547206789726E-8	1	1	456	105	18	6	-C
F12_BC72_191109_LF_LIB_consensus_vsearch	121	T	*/-CC	561	46	7.19%	2	1	93	93	5.85930705266509E-15	1	1	456	105	46	0	-CC
F12_BC72_191109_LF_LIB_consensus_vsearch	124	C	*/-G	608	11	1.72%	2	2	93	93	4.66885719967091E-4	1	1	507	101	8	3	-G
F12_BC72_191109_LF_LIB_consensus_vsearch	126	G	*/-T	608	11	1.72%	2	2	93	93	4.66885719967091E-4	1	1	497	111	9	2	-T
F12_BC72_191109_LF_LIB_consensus_vsearch	129	G	*/-C	524	41	6.47%	2	1	93	93	2.1420423290240003E-13	1	1	413	111	41	0	-C
F12_BC72_191109_LF_LIB_consensus_vsearch	129	G	*/-CC	524	64	10.09%	2	1	93	93	8.844074870892489E-21	1	1	413	111	64	0	-CC
F12_BC72_191109_LF_LIB_consensus_vsearch	132	C	*/+A	568	21	3.28%	2	1	93	93	3.9771676773039065E-7	1	1	466	102	21	0	+A
F12_BC72_191109_LF_LIB_consensus_vsearch	132	C	*/+AG	568	9	1.41%	2	1	93	93	0.0018926974773018042	1	1	466	102	9	0	+A
F12_BC72_191109_LF_LIB_consensus_vsearch	133	G	*/-A	609	10	1.58%	2	2	93	93	9.414378721184591E-4	1	1	503	106	7	3	-A
F12_BC72_191109_LF_LIB_consensus_vsearch	141	T	*/-C	623	12	1.88%	2	1	93	93	2.3166683558848133E-4	1	1	511	112	12	0	-C
F12_BC72_191109_LF_LIB_consensus_vsearch	147	T	*/-G	612	11	1.73%	2	2	93	93	4.670212007059329E-4	1	1	507	105	6	5	-G
F12_BC72_191109_LF_LIB_consensus_vsearch	151	T	*/-C	516	109	17.06%	2	1	93	93	8.809724533449251E-36	1	1	403	113	109	0	-C
F12_BC72_191109_LF_LIB_consensus_vsearch	151	T	*/-CCAG	516	7	1.1%	2	1	93	93	0.007656254294522524	1	1	403	113	7	0	-C
F12_BC72_191109_LF_LIB_consensus_vsearch	159	C	*/-TTC	611	7	1.1%	2	1	93	93	0.007680194135688583	1	1	505	106	7	0	-TTC
F12_BC72_191109_LF_LIB_consensus_vsearch	161	T	*/-C	522	90	14.33%	2	2	93	93	2.358113384349605E-29	1	1	421	101	84	6	-C
F12_BC72_191109_LF_LIB_consensus_vsearch	163	C	*/-A	573	49	7.7%	2	1	93	93	6.640524825129776E-16	1	1	471	102	49	0	-A
F12_BC72_191109_LF_LIB_consensus_vsearch	165	A	*/-C	606	12	1.88%	2	2	93	93	2.3132972148126748E-4	1	1	496	110	11	1	-C
F12_BC72_191109_LF_LIB_consensus_vsearch	167	C	*/+A	569	8	1.25%	2	1	93	93	0.003812005815438782	1	1	467	102	8	0	+A
F12_BC72_191109_LF_LIB_consensus_vsearch	167	C	*/-A	569	48	7.51%	2	2	93	93	1.372676513962893E-15	1	1	467	102	46	2	-A
F12_BC72_191109_LF_LIB_consensus_vsearch	169	A	*/+G	598	7	1.1%	2	2	93	93	0.007677360682574865	1	1	505	93	3	4	+G
F12_BC72_191109_LF_LIB_consensus_vsearch	169	A	*/-G	598	10	1.57%	2	2	93	93	9.408092461695015E-4	1	1	505	93	9	1	-G
F12_BC72_191109_LF_LIB_consensus_vsearch	171	G	*/-C	592	23	3.6%	2	1	93	93	9.66740286669306E-8	1	1	483	109	23	0	-C
F12_BC72_191109_LF_LIB_consensus_vsearch	172	C	*/+T	592	7	1.14%	2	1	93	93	0.007676011594473652	1	1	494	98	0	7	+T
F12_BC72_191109_LF_LIB_consensus_vsearch	174	C	*/-A	603	15	2.35%	2	2	93	93	2.8003820913672325E-5	1	1	493	110	14	1	-A
F12_BC72_191109_LF_LIB_consensus_vsearch	176	A	*/-C	592	10	1.57%	2	1	93	93	9.40456782931894E-4	1	1	479	113	10	0	-C
F12_BC72_191109_LF_LIB_consensus_vsearch	177	C	*/-GC	596	15	2.39%	2	2	93	93	2.797592322016374E-5	1	1	488	108	14	1	-GC
F12_BC72_191109_LF_LIB_consensus_vsearch	179	C	*/-AC	599	8	1.29%	2	1	93	93	0.0038166385111775814	1	1	490	109	8	0	-AC
F12_BC72_191109_LF_LIB_consensus_vsearch	180	A	*/+C	574	18	2.89%	2	1	93	93	3.3457631735446256E-6	1	1	466	108	18	0	+C
F12_BC72_191109_LF_LIB_consensus_vsearch	180	A	*/-C	574	13	2.09%	2	2	93	93	1.1414178313129473E-4	1	1	466	108	11	2	+C
F12_BC72_191109_LF_LIB_consensus_vsearch	187	C	*/-T	619	10	1.57%	2	2	93	93	9.419904715398489E-4	1	1	513	106	6	4	-T
F12_BC72_191109_LF_LIB_consensus_vsearch	189	T	*/+C	558	64	10.03%	2	1	93	93	9.818735048503765E-21	1	1	446	112	64	0	+C
F12_BC72_191109_LF_LIB_consensus_vsearch	189	T	*/-C	558	10	1.57%	2	1	93	93	9.383204768022652E-4	1	1	446	112	10	0	+C
F12_BC72_191109_LF_LIB_consensus_vsearch	190	C	*/+A	577	29	4.62%	2	1	93	93	1.3216939826941642E-9	1	1	469	108	29	0	+A
F12_BC72_191109_LF_LIB_consensus_vsearch	190	C	*/-A	577	10	1.59%	2	2	93	93	9.395444569434851E-4	1	1	469	108	9	1	+A
F12_BC72_191109_LF_LIB_consensus_vsearch	191	A	*/-G	609	8	1.27%	2	1	93	93	0.003818083166867038	1	1	502	107	8	0	-G
F12_BC72_191109_LF_LIB_consensus_vsearch	192	G	*/-A	607	20	3.17%	2	1	93	93	8.176279377779767E-7	1	1	495	112	20	0	-A
F12_BC72_191109_LF_LIB_consensus_vsearch	193	A	*/-G	600	8	1.29%	2	1	93	93	0.0038167851036022588	1	1	488	112	8	0	-G
F12_BC72_191109_LF_LIB_consensus_vsearch	194	G	*/+C	598	8	1.27%	2	1	93	93	0.0038164914375851252	1	1	487	111	8	0	+C
F12_BC72_191109_LF_LIB_consensus_vsearch	194	G	*/-C	598	12	1.9%	2	2	93	93	2.3116469482417247E-4	1	1	487	111	11	1	-C
F12_BC72_191109_LF_LIB_consensus_vsearch	198	A	*/-TC	620	9	1.41%	2	1	93	93	0.0018976549983159713	1	1	523	97	0	9	-TC
F12_BC72_191109_LF_LIB_consensus_vsearch	199	T	*/+C	600	15	2.4%	2	1	93	93	2.7991940056994497E-5	1	1	502	98	15	0	+C
F12_BC72_191109_LF_LIB_consensus_vsearch	199	T	*/-C	600	7	1.12%	2	1	93	93	0.007677804471649726	1	1	502	98	7	0	+C
F12_BC72_191109_LF_LIB_consensus_vsearch	201	C	*/+T	554	16	2.5%	2	2	93	93	1.3714288136134782E-5	1	1	472	82	14	2	+T
F12_BC72_191109_LF_LIB_consensus_vsearch	201	C	*/-T	554	48	7.5%	2	2	93	93	1.3392112892646385E-15	1	1	472	82	29	19	-T
F12_BC72_191109_LF_LIB_consensus_vsearch	201	C	*/-TT	554	8	1.25%	2	2	93	93	0.0038095050853976346	1	1	472	82	4	4	-T
F12_BC72_191109_LF_LIB_consensus_vsearch	205	T	*/-C	595	19	2.97%	2	2	93	93	1.655872245226263E-6	1	1	495	100	12	7	-C
F12_BC72_191109_LF_LIB_consensus_vsearch	205	T	*/-CC	595	8	1.25%	2	1	93	93	0.003816047305998458	1	1	495	100	8	0	-C
F12_BC72_191109_LF_LIB_consensus_vsearch	208	C	*/+G	592	9	1.42%	2	2	93	93	0.0018950913063116844	1	1	500	92	1	8	+G
F12_BC72_191109_LF_LIB_consensus_vsearch	208	C	*/-GA	592	9	1.42%	2	2	93	93	0.0018950913063116844	1	1	500	92	8	1	+G
F12_BC72_191109_LF_LIB_consensus_vsearch	209	G	*/+A	602	8	1.27%	2	1	93	93	0.003817076854362142	1	1	492	110	8	0	+A
F12_BC72_191109_LF_LIB_consensus_vsearch	209	G	*/-A	602	10	1.59%	2	1	93	93	9.410404237437951E-4	1	1	492	110	10	0	-A
F12_BC72_191109_LF_LIB_consensus_vsearch	210	A	*/+G	596	14	2.27%	2	1	93	93	5.660083223156595E-5	1	1	485	111	14	0	+G
F12_BC72_191109_LF_LIB_consensus_vsearch	211	A	*/-G	618	15	2.35%	2	1	93	93	2.8061588031300916E-5	1	1	507	111	15	0	-G
F12_BC72_191109_LF_LIB_consensus_vsearch	220	T	*/+C	621	8	1.25%	2	1	93	93	0.003819756437826965	1	1	512	109	8	0	+C
F12_BC72_191109_LF_LIB_consensus_vsearch	223	A	*/+T	537	22	3.49%	2	2	93	93	1.9312624606094616E-7	1	1	442	95	10	12	+T
F12_BC72_191109_LF_LIB_consensus_vsearch	223	A	*/-T	537	61	9.68%	2	2	93	93	8.64806842894597E-20	1	1	442	95	57	4	-T
F12_BC72_191109_LF_LIB_consensus_vsearch	227	T	*/-G	622	7	1.09%	2	1	93	93	0.007682500488298281	1	1	516	106	7	0	-G
F12_BC72_191109_LF_LIB_consensus_vsearch	228	G	*/+C	610	9	1.42%	2	1	93	93	0.0018967658112020432	1	1	498	112	9	0	+C
F12_BC72_191109_LF_LIB_consensus_vsearch	230	C	*/+A	602	15	2.35%	2	1	93	93	2.7999873059601364E-5	1	1	494	108	15	0	+A
F12_BC72_191109_LF_LIB_consensus_vsearch	233	C	*/-T	612	10	1.57%	2	2	93	93	9.416054977802662E-4	1	1	502	110	7	3	-T
F12_BC72_191109_LF_LIB_consensus_vsearch	235	T	*/+C	474	11	1.76%	2	2	93	93	4.610787829701709E-4	1	1	421	53	3	8	+C
F12_BC72_191109_LF_LIB_consensus_vsearch	235	T	*/-C	474	126	20.16%	2	2	93	93	7.585857498333282E-42	1	1	421	53	79	47	-C
F12_BC72_191109_LF_LIB_consensus_vsearch	237	C	*/+A	580	32	5.14%	2	1	93	93	1.5359666769791329E-10	1	1	475	105	32	0	+A
F12_BC72_191109_LF_LIB_consensus_vsearch	243	C	*/-T	619	8	1.25%	2	2	93	93	0.0038194819837437974	1	1	509	110	7	1	-T
F12_BC72_191109_LF_LIB_consensus_vsearch	247	A	*/+T	609	8	1.27%	2	1	93	93	0.003818083166867038	1	1	501	108	8	0	+T
F12_BC72_191109_LF_LIB_consensus_vsearch	253	C	*/-T	625	7	1.1%	2	1	93	93	0.007683115604648609	1	1	514	111	7	0	-T
F12_BC72_191109_LF_LIB_consensus_vsearch	256	T	*/+C	623	9	1.41%	2	1	93	93	0.0018979163093137406	1	1	511	112	9	0	+C
F12_BC72_191109_LF_LIB_consensus_vsearch	259	A	*/-C	611	9	1.41%	2	1	93	93	0.00189685601060935	1	1	502	109	9	0	-C
F12_BC72_191109_LF_LIB_consensus_vsearch	261	T	*/-A	559	57	8.99%	2	2	93	93	1.784073613592901E-18	1	1	452	107	54	3	-A
F12_BC72_191109_LF_LIB_consensus_vsearch	262	A	*/+G	550	12	2.08%	2	2	93	93	2.3007779846877656E-4	1	1	446	104	9	3	+G
F12_BC72_191109_LF_LIB_consensus_vsearch	263	G	*/+A	597	9	1.42%	2	1	93	93	0.0018955663452473773	1	1	487	110	9	0	+A
F12_BC72_191109_LF_LIB_consensus_vsearch	263	G	*/-A	597	21	3.32%	2	1	93	93	4.011752963549665E-7	1	1	487	110	21	0	-A
F12_BC72_191109_LF_LIB_consensus_vsearch	264	A	*/-G	585	15	2.44%	2	1	93	93	2.7930811545040623E-5	1	1	474	111	15	0	-G
F12_BC72_191109_LF_LIB_consensus_vsearch	273	A	*/-C	609	13	2.04%	2	2	93	93	1.1457833548985164E-4	1	1	499	110	12	1	-C
F12_BC72_191109_LF_LIB_consensus_vsearch	276	T	*/-A	610	9	1.42%	2	1	93	93	0.0018967658112020432	1	1	503	107	9	0	-A
F12_BC72_191109_LF_LIB_consensus_vsearch	277	A	*/+G	560	19	3.03%	2	2	93	93	1.6415513660007268E-6	1	1	485	75	11	8	+G
F12_BC72_191109_LF_LIB_consensus_vsearch	277	A	*/-G	560	38	6.05%	2	2	93	93	1.9827865634863514E-12	1	1	485	75	8	30	-G
F12_BC72_191109_LF_LIB_consensus_vsearch	279	G	*/-A	612	19	2.99%	2	1	93	93	1.6622863958217584E-6	1	1	499	113	19	0	-A
F12_BC72_191109_LF_LIB_consensus_vsearch	280	A	*/-G	603	11	1.77%	2	1	93	93	4.667139217478047E-4	1	1	491	112	11	0	-G
F12_BC72_191109_LF_LIB_consensus_vsearch	281	G	*/-A	618	7	1.11%	2	2	93	93	0.007681671177273311	1	1	506	112	6	1	-A
F12_BC72_191109_LF_LIB_consensus_vsearch	282	A	*/-C	599	8	1.27%	2	2	93	93	0.0038166385111775814	1	1	490	109	6	2	-C
F12_BC72_191109_LF_LIB_consensus_vsearch	285	T	*/+G	619	10	1.56%	2	2	93	93	9.419904715398489E-4	1	1	517	102	1	9	+G
F12_BC72_191109_LF_LIB_consensus_vsearch	298	T	*/-GT	536	86	13.5%	2	2	93	93	5.495412891227222E-28	1	1	439	97	73	13	-GT
F12_BC72_191109_LF_LIB_consensus_vsearch	300	T	*/+GT	521	8	1.46%	2	2	93	93	0.0038035073991726275	1	1	428	93	5	3	+GT
F12_BC72_191109_LF_LIB_consensus_vsearch	300	T	*/-AC	521	8	1.46%	2	1	93	93	0.0038035073991726275	1	1	428	93	8	0	+GT
F12_BC72_191109_LF_LIB_consensus_vsearch	303	G	*/-A	626	7	1.1%	2	1	93	93	0.00768331935194577	1	1	514	112	7	0	-A
F12_BC72_191109_LF_LIB_consensus_vsearch	304	A	*/-C	613	11	1.74%	2	2	93	93	4.670548032662723E-4	1	1	505	108	6	5	-C
F12_BC72_191109_LF_LIB_consensus_vsearch	306	C	*/-G	605	13	2.03%	2	2	93	93	1.1453089151739446E-4	1	1	517	88	3	10	-G
F12_BC72_191109_LF_LIB_consensus_vsearch	306	C	*/-GG	605	12	1.88%	2	1	93	93	2.3130932301625493E-4	1	1	517	88	0	12	-G
F12_BC72_191109_LF_LIB_consensus_vsearch	308	G	*/+A	607	7	1.12%	2	1	93	93	0.007679335041004716	1	1	514	93	7	0	+A
F12_BC72_191109_LF_LIB_consensus_vsearch	310	C	*/-T	592	15	2.35%	2	1	93	93	2.7959702069988565E-5	1	1	488	104	15	0	-T
F12_BC72_191109_LF_LIB_consensus_vsearch	310	C	*/-TT	592	19	2.98%	2	1	93	93	1.6547053819918965E-6	1	1	488	104	19	0	-TT
F12_BC72_191109_LF_LIB_consensus_vsearch	312	T	*/+G	584	7	1.13%	2	1	93	93	0.007674170345963	1	1	479	105	0	7	+G
F12_BC72_191109_LF_LIB_consensus_vsearch	313	G	*/+A	553	18	2.84%	2	2	93	93	3.3294108796759145E-6	1	1	453	100	13	5	+A
F12_BC72_191109_LF_LIB_consensus_vsearch	313	G	*/-A	553	38	5.99%	2	2	93	93	1.968115354143208E-12	1	1	453	100	33	5	-A
F12_BC72_191109_LF_LIB_consensus_vsearch	313	G	*/-AA	553	9	1.42%	2	1	93	93	0.0018910984026092464	1	1	453	100	9	0	-A
F12_BC72_191109_LF_LIB_consensus_vsearch	313	G	*/-AAAA	553	7	1.1%	2	1	93	93	0.00766654042031271	1	1	453	100	7	0	-A
F12_BC72_191109_LF_LIB_consensus_vsearch	322	T	*/+ATT	605	10	1.56%	2	2	93	93	9.412118547048385E-4	1	1	497	108	9	1	+ATT
F12_BC72_191109_LF_LIB_consensus_vsearch	322	T	*/+C	605	7	1.1%	2	1	93	93	0.007678901296381563	1	1	497	108	7	0	+ATT
F12_BC72_191109_LF_LIB_consensus_vsearch	322	T	*/-C	605	9	1.41%	2	2	93	93	0.0018963104416950996	1	1	497	108	5	4	-C
F12_BC72_191109_LF_LIB_consensus_vsearch	323	C	*/-A	602	22	3.49%	2	1	93	93	1.9748792575712198E-7	1	1	495	107	22	0	-A
F12_BC72_191109_LF_LIB_consensus_vsearch	325	C	*/-T	624	11	1.72%	2	2	93	93	4.674175416773515E-4	1	1	515	109	7	4	-T
F12_BC72_191109_LF_LIB_consensus_vsearch	326	T	*/+C	200	393	62.68%	2	2	93	93	4.1988676273348304E-163	1	1	173	27	331	62	+C
F12_BC72_191109_LF_LIB_consensus_vsearch	326	T	*/+CC	200	21	3.35%	2	2	93	93	2.896747146375421E-7	1	1	173	27	7	14	+C
F12_BC72_191109_LF_LIB_consensus_vsearch	327	C	*/+G	616	9	1.42%	2	1	93	93	0.0018973027115589166	1	1	506	110	9	0	+G
F12_BC72_191109_LF_LIB_consensus_vsearch	328	C	*/+T	605	13	2.04%	2	2	93	93	1.1453089151739446E-4	1	1	504	101	3	10	+T
F12_BC72_191109_LF_LIB_consensus_vsearch	328	C	*/-T	605	7	1.1%	2	1	93	93	0.007678901296381563	1	1	504	101	7	0	+T
F12_BC72_191109_LF_LIB_consensus_vsearch	330	T	*/-G	587	24	3.76%	2	2	93	93	4.734356614971437E-8	1	1	495	92	11	13	-G
F12_BC72_191109_LF_LIB_consensus_vsearch	330	T	*/-GG	587	7	1.1%	2	1	93	93	0.007674866606290045	1	1	495	92	0	7	-G
F12_BC72_191109_LF_LIB_consensus_vsearch	333	G	*/+T	410	26	4.06%	2	2	93	93	1.014973264952114E-8	1	1	311	99	25	1	+T
F12_BC72_191109_LF_LIB_consensus_vsearch	333	G	*/-T	410	185	28.91%	2	2	93	93	8.248512159783735E-64	1	1	311	99	178	7	-T
F12_BC72_191109_LF_LIB_consensus_vsearch	338	C	*/-A	535	89	13.99%	2	2	93	93	5.497342019132219E-29	1	1	425	110	87	2	-A
F12_BC72_191109_LF_LIB_consensus_vsearch	340	A	*/-G	594	18	2.82%	2	2	93	93	3.3603454813858794E-6	1	1	494	100	10	8	-G
F12_BC72_191109_LF_LIB_consensus_vsearch	350	A	*/+C	615	8	1.25%	2	1	93	93	0.0038189278171456382	1	1	505	110	8	0	+C
F12_BC72_191109_LF_LIB_consensus_vsearch	351	C	*/+G	598	15	2.36%	2	1	93	93	2.798395693586877E-5	1	1	497	101	15	0	+G
F12_BC72_191109_LF_LIB_consensus_vsearch	351	C	*/-A	598	9	1.42%	2	1	93	93	0.001895660421391307	1	1	497	101	9	0	+G
F12_BC72_191109_LF_LIB_consensus_vsearch	352	A	*/-G	588	10	1.59%	2	2	93	93	9.402179215996255E-4	1	1	479	109	9	1	-G
F12_BC72_191109_LF_LIB_consensus_vsearch	356	C	*/-AC	589	28	4.43%	2	1	93	93	2.7232193572904215E-9	1	1	480	109	28	0	-AC
F12_BC72_191109_LF_LIB_consensus_vsearch	357	A	*/-CG	577	12	1.98%	2	1	93	93	2.3071056867786312E-4	1	1	466	111	12	0	-CG
F12_BC72_191109_LF_LIB_consensus_vsearch	358	C	*/-G	537	41	6.86%	2	2	93	93	2.1799763479127183E-13	1	1	466	71	2	39	-G
F12_BC72_191109_LF_LIB_consensus_vsearch	362	A	*/-C	600	21	3.3%	2	2	93	93	4.015159412018626E-7	1	1	493	107	15	6	-C
F12_BC72_191109_LF_LIB_consensus_vsearch	365	C	*/-G	625	8	1.25%	2	2	93	93	0.003820300170214244	1	1	520	105	4	4	-G
F12_BC72_191109_LF_LIB_consensus_vsearch	368	C	*/-A	602	17	2.67%	2	1	93	93	6.825506875879907E-6	1	1	490	112	17	0	-A
F12_BC72_191109_LF_LIB_consensus_vsearch	369	A	*/+G	558	20	3.22%	2	1	93	93	8.068470501060323E-7	1	1	447	111	20	0	+G
F12_BC72_191109_LF_LIB_consensus_vsearch	369	A	*/-G	558	28	4.5%	2	1	93	93	2.677377679802448E-9	1	1	447	111	28	0	-G
F12_BC72_191109_LF_LIB_consensus_vsearch	370	G	*/-A	550	42	6.87%	2	1	93	93	1.069989121389059E-13	1	1	438	112	42	0	-A
F12_BC72_191109_LF_LIB_consensus_vsearch	371	A	*/-G	500	77	13.07%	2	2	93	93	4.368693046213499E-25	1	1	391	109	75	2	-G
F12_BC72_191109_LF_LIB_consensus_vsearch	374	T	*/-GT	621	7	1.1%	2	2	93	93	0.007682294147772585	1	1	520	101	2	5	-GT
F12_BC72_191109_LF_LIB_consensus_vsearch	376	T	*/+C	605	12	1.9%	2	1	93	93	2.3130932301625493E-4	1	1	504	101	12	0	+C
F12_BC72_191109_LF_LIB_consensus_vsearch	377	C	*/-G	609	19	2.98%	2	1	93	93	1.6611783302063576E-6	1	1	498	111	19	0	-G
F12_BC72_191109_LF_LIB_consensus_vsearch	378	G	*/-A	591	20	3.22%	2	1	93	93	8.142856077635445E-7	1	1	480	111	20	0	-A
F12_BC72_191109_LF_LIB_consensus_vsearch	379	A	*/-G	593	15	2.42%	2	2	93	93	2.7963776725181955E-5	1	1	482	111	14	1	-G
F12_BC72_191109_LF_LIB_consensus_vsearch	381	C	*/-T	613	12	1.89%	2	2	93	93	2.3147071514967828E-4	1	1	513	100	1	11	-T
F12_BC72_191109_LF_LIB_consensus_vsearch	383	C	*/+T	585	7	1.1%	2	2	93	93	0.007674403214110395	1	1	508	77	4	3	+T
F12_BC72_191109_LF_LIB_consensus_vsearch	383	C	*/-T	585	39	6.13%	2	2	93	93	9.856320578598616E-13	1	1	508	77	8	31	-T
F12_BC72_191109_LF_LIB_consensus_vsearch	385	T	*/-A	610	8	1.25%	2	2	93	93	0.0038182250747820883	1	1	501	109	7	1	-A
F12_BC72_191109_LF_LIB_consensus_vsearch	385	T	*/-ACA	610	7	1.1%	2	2	93	93	0.007679980402859511	1	1	501	109	6	1	-A
F12_BC72_191109_LF_LIB_consensus_vsearch	391	C	*/+G	619	7	1.1%	2	1	93	93	0.007681879495413374	1	1	507	112	7	0	+G
F12_BC72_191109_LF_LIB_consensus_vsearch	392	A	*/-T	604	11	1.73%	2	2	93	93	4.667485017187267E-4	1	1	496	108	9	2	-T
F12_BC72_191109_LF_LIB_consensus_vsearch	397	A	*/-C	597	18	2.81%	2	1	93	93	3.3624550761022073E-6	1	1	484	113	18	0	-C
F12_BC72_191109_LF_LIB_consensus_vsearch	399	C	*/-T	580	38	5.97%	2	2	93	93	2.0233733340773698E-12	1	1	495	85	14	24	-T
F12_BC72_191109_LF_LIB_consensus_vsearch	399	C	*/-TT	580	10	1.57%	2	1	93	93	9.39730591623294E-4	1	1	495	85	10	0	-T
F12_BC72_191109_LF_LIB_consensus_vsearch	401	T	*/+A	600	8	1.27%	2	2	93	93	0.0038167851036022588	1	1	489	111	7	1	+A
F12_BC72_191109_LF_LIB_consensus_vsearch	405	T	*/-C	426	196	31.11%	2	2	93	93	1.0867774728885528E-67	1	1	322	104	195	1	-C
F12_BC72_191109_LF_LIB_consensus_vsearch	407	C	*/-G	626	7	1.1%	2	2	93	93	0.00768331935194577	1	1	520	106	2	5	-G
F12_BC72_191109_LF_LIB_consensus_vsearch	414	T	*/-C	613	19	2.98%	2	2	93	93	1.6626535412585391E-6	1	1	506	107	18	1	-C
F12_BC72_191109_LF_LIB_consensus_vsearch	421	T	*/+C	627	10	1.56%	2	1	93	93	9.424201888415695E-4	1	1	514	113	10	0	+C
F12_BC72_191109_LF_LIB_consensus_vsearch	422	C	*/+A	584	8	1.25%	2	2	93	93	0.0038143805269862142	1	1	473	111	7	1	+A
F12_BC72_191109_LF_LIB_consensus_vsearch	422	C	*/-A	584	44	6.88%	2	1	93	93	2.6047634689199797E-14	1	1	473	111	44	0	-A
F12_BC72_191109_LF_LIB_consensus_vsearch	438	T	*/+A	608	9	1.41%	2	1	93	93	0.0018965845421057724	1	1	500	108	9	0	+A
F12_BC72_191109_LF_LIB_consensus_vsearch	438	T	*/-A	608	17	2.66%	2	2	93	93	6.832904575123663E-6	1	1	500	108	15	2	-A
F12_BC72_191109_LF_LIB_consensus_vsearch	444	G	*/-A	491	61	9.55%	2	2	93	93	7.5009301130961E-20	1	1	380	111	60	1	-A
F12_BC72_191109_LF_LIB_consensus_vsearch	444	G	*/-AA	491	45	7.04%	2	2	93	93	1.0841143269960838E-14	1	1	380	111	44	1	-A
F12_BC72_191109_LF_LIB_consensus_vsearch	444	G	*/-AAA	491	33	5.16%	2	1	93	93	6.92092548335042E-11	1	1	380	111	33	0	-A
F12_BC72_191109_LF_LIB_consensus_vsearch	447	A	*/+G	588	14	2.31%	2	2	93	93	5.654348207050046E-5	1	1	479	109	11	3	+G
F12_BC72_191109_LF_LIB_consensus_vsearch	448	A	*/+G	211	297	46.48%	2	2	93	93	1.7982718126626336E-117	1	1	201	10	214	83	+G
F12_BC72_191109_LF_LIB_consensus_vsearch	450	G	*/-A	611	18	2.83%	2	1	93	93	3.3720466548715064E-6	1	1	500	111	18	0	-A
F12_BC72_191109_LF_LIB_consensus_vsearch	451	A	*/+GA	544	60	9.72%	2	2	93	93	1.8560591972233696E-19	1	1	439	105	53	7	+GA
F12_BC72_191109_LF_LIB_consensus_vsearch	452	A	*/-C	602	7	1.1%	2	2	93	93	0.007678245355574117	1	1	492	110	6	1	-C
F12_BC72_191109_LF_LIB_consensus_vsearch	453	C	*/-T	614	10	1.58%	2	1	93	93	9.417163622843452E-4	1	1	505	109	10	0	-T
F12_BC72_191109_LF_LIB_consensus_vsearch	456	A	*/-TC	615	8	1.25%	2	2	93	93	0.0038189278171456382	1	1	518	97	2	6	-TC
F12_BC72_191109_LF_LIB_consensus_vsearch	457	T	*/-C	470	136	21.79%	2	2	93	93	2.2211323329102272E-45	1	1	386	84	126	10	-C
F12_BC72_191109_LF_LIB_consensus_vsearch	461	C	*/-G	608	21	3.28%	2	1	93	93	4.024095477705195E-7	1	1	520	88	0	21	-G
F12_BC72_191109_LF_LIB_consensus_vsearch	467	G	*/-C	613	12	1.89%	2	1	93	93	2.3147071514967828E-4	1	1	503	110	12	0	-C
F12_BC72_191109_LF_LIB_consensus_vsearch	469	C	*/-ACC	607	9	1.41%	2	1	93	93	0.0018964934696203018	1	1	496	111	9	0	-ACC
F12_BC72_191109_LF_LIB_consensus_vsearch	477	T	*/+C	559	10	1.58%	2	1	93	93	9.383869109591451E-4	1	1	461	98	10	0	+C
F12_BC72_191109_LF_LIB_consensus_vsearch	477	T	*/-C	559	46	7.28%	2	2	93	93	5.8414936170458164E-15	1	1	461	98	36	10	-C
F12_BC72_191109_LF_LIB_consensus_vsearch	477	T	*/-CC	559	11	1.74%	2	2	93	93	4.6507410995373774E-4	1	1	461	98	10	1	-C
F12_BC72_191109_LF_LIB_consensus_vsearch	480	C	*/+A	612	8	1.25%	2	1	93	93	0.0038185075246258285	1	1	505	107	8	0	+A
F12_BC72_191109_LF_LIB_consensus_vsearch	481	C	*/-A	560	42	6.57%	2	2	93	93	1.0839613303501454E-13	1	1	488	72	21	21	-A
F12_BC72_191109_LF_LIB_consensus_vsearch	485	T	*/+C	622	11	1.72%	2	1	93	93	4.673525141114969E-4	1	1	523	99	0	11	+C
F12_BC72_191109_LF_LIB_consensus_vsearch	486	T	*/-C	614	12	1.88%	2	2	93	93	2.3149060421235934E-4	1	1	515	99	1	11	-C
F12_BC72_191109_LF_LIB_consensus_vsearch	488	G	*/+T	556	14	2.2%	2	1	93	93	5.6298446096534314E-5	1	1	447	109	14	0	+T
F12_BC72_191109_LF_LIB_consensus_vsearch	488	G	*/-T	556	55	8.65%	2	2	93	93	7.775875466448155E-18	1	1	447	109	54	1	-T
F12_BC72_191109_LF_LIB_consensus_vsearch	497	G	*/-C	621	10	1.57%	2	1	93	93	9.420989116669185E-4	1	1	510	111	10	0	-C
F12_BC72_191109_LF_LIB_consensus_vsearch	499	C	*/-G	615	10	1.56%	2	1	93	93	9.417715312813918E-4	1	1	512	103	10	0	-G
F12_BC72_191109_LF_LIB_consensus_vsearch	504	A	*/-G	574	31	4.88%	2	1	93	93	3.139330697629858E-10	1	1	464	110	31	0	-G
F12_BC72_191109_LF_LIB_consensus_vsearch	504	A	*/-GA	574	14	2.2%	2	2	93	93	5.643946893550629E-5	1	1	464	110	12	2	-G
F12_BC72_191109_LF_LIB_consensus_vsearch	504	A	*/-GAA	574	9	1.42%	2	1	93	93	0.0018933142585401675	1	1	464	110	9	0	-G
F12_BC72_191109_LF_LIB_consensus_vsearch	505	G	*/-A	562	14	2.39%	2	1	93	93	5.634640511578813E-5	1	1	451	111	14	0	-A
F12_BC72_191109_LF_LIB_consensus_vsearch	508	T	*/+C	253	376	58.75%	2	2	93	93	9.713941559057569E-150	1	1	243	10	277	99	+C
F12_BC72_191109_LF_LIB_consensus_vsearch	509	C	*/+A	610	7	1.1%	2	2	93	93	0.007679980402859511	1	1	501	109	5	2	+A
F12_BC72_191109_LF_LIB_consensus_vsearch	509	C	*/-A	610	15	2.37%	2	1	93	93	2.8031113202158442E-5	1	1	501	109	15	0	-A
F12_BC72_191109_LF_LIB_consensus_vsearch	512	A	*/-T	618	10	1.56%	2	2	93	93	9.4193599519434E-4	1	1	516	102	2	8	-T
F12_BC72_191109_LF_LIB_consensus_vsearch	513	T	*/+C	588	8	1.27%	2	1	93	93	0.00381499370763636	1	1	488	100	8	0	+C
F12_BC72_191109_LF_LIB_consensus_vsearch	513	T	*/-C	588	23	3.66%	2	2	93	93	9.653900648528795E-8	1	1	488	100	21	2	-C
F12_BC72_191109_LF_LIB_consensus_vsearch	513	T	*/-CC	588	7	1.11%	2	1	93	93	0.007675097138165556	1	1	488	100	7	0	-C
F12_BC72_191109_LF_LIB_consensus_vsearch	523	C	*/-G	527	99	15.54%	2	1	93	93	2.340970292274345E-32	1	1	415	112	99	0	-G
F12_BC72_191109_LF_LIB_consensus_vsearch	524	G	*/-A	522	8	1.49%	2	1	93	93	0.0038037000521996237	1	1	409	113	8	0	-A
F12_BC72_191109_LF_LIB_consensus_vsearch	526	A	*/+T	537	11	1.74%	2	2	93	93	4.641570195599558E-4	1	1	464	73	7	4	+T
F12_BC72_191109_LF_LIB_consensus_vsearch	526	A	*/-T	537	72	11.36%	2	2	93	93	2.2750896766049373E-23	1	1	464	73	39	33	-T
F12_BC72_191109_LF_LIB_consensus_vsearch	537	A	*/+T	582	31	4.86%	2	1	93	93	3.155943852497974E-10	1	1	477	105	31	0	+T
F12_BC72_191109_LF_LIB_consensus_vsearch	537	A	*/-T	582	7	1.1%	2	2	93	93	0.007673702245629301	1	1	477	105	1	6	+T
F12_BC72_191109_LF_LIB_consensus_vsearch	539	T	*/+C	489	10	1.56%	2	2	93	93	9.331020233624242E-4	1	1	435	54	8	2	+C
F12_BC72_191109_LF_LIB_consensus_vsearch	539	T	*/-C	489	131	20.5%	2	2	93	93	1.6760794884648257E-43	1	1	435	54	81	50	-C
F12_BC72_191109_LF_LIB_consensus_vsearch	542	C	*/+T	579	17	2.66%	2	2	93	93	6.795830515697058E-6	1	1	508	71	6	11	+T
F12_BC72_191109_LF_LIB_consensus_vsearch	542	C	*/-T	579	11	1.72%	2	2	93	93	4.658493531133954E-4	1	1	508	71	4	7	+T
F12_BC72_191109_LF_LIB_consensus_vsearch	542	C	*/-TT	579	11	1.72%	2	2	93	93	4.658493531133954E-4	1	1	508	71	3	8	+T
F12_BC72_191109_LF_LIB_consensus_vsearch	549	T	*/+G	616	13	2.03%	2	1	93	93	1.1465994175273148E-4	1	1	504	112	13	0	+G
F12_BC72_191109_LF_LIB_consensus_vsearch	550	A	*/-G	602	22	3.46%	2	2	93	93	1.9748792575712198E-7	1	1	496	106	19	3	-G
F12_BC72_191109_LF_LIB_consensus_vsearch	553	C	*/+A	619	7	1.1%	2	1	93	93	0.007681879495413374	1	1	508	111	7	0	+A
F12_BC72_191109_LF_LIB_consensus_vsearch	558	C	*/+A	609	9	1.42%	2	1	93	93	0.0018966753221652782	1	1	502	107	9	0	+A
F12_BC72_191109_LF_LIB_consensus_vsearch	559	G	*/-A	628	8	1.26%	2	1	93	93	0.003820703504447891	1	1	516	112	8	0	-A
F12_BC72_191109_LF_LIB_consensus_vsearch	562	C	*/-A	616	9	1.41%	2	1	93	93	0.0018973027115589166	1	1	503	113	9	0	-A
F12_BC72_191109_LF_LIB_consensus_vsearch	564	A	*/-G	615	13	2.03%	2	1	93	93	1.1464839269418865E-4	1	1	503	112	13	0	-G
F12_BC72_191109_LF_LIB_consensus_vsearch	566	C	*/+A	607	13	2.05%	2	1	93	93	1.1455468835314959E-4	1	1	500	107	13	0	+A
F12_BC72_191109_LF_LIB_consensus_vsearch	570	C	*/-AC	616	11	1.72%	2	2	93	93	4.671549767250724E-4	1	1	505	111	10	1	-AC
F12_BC72_191109_LF_LIB_consensus_vsearch	572	C	*/+T	584	7	1.12%	2	1	93	93	0.007674170345963	1	1	481	103	7	0	+T
F12_BC72_191109_LF_LIB_consensus_vsearch	572	C	*/-T	584	11	1.76%	2	2	93	93	4.660351394123344E-4	1	1	481	103	5	6	-T
F12_BC72_191109_LF_LIB_consensus_vsearch	572	C	*/-TT	584	12	1.92%	2	1	93	93	2.3086543430195892E-4	1	1	481	103	12	0	-TT
F12_BC72_191109_LF_LIB_consensus_vsearch	575	T	*/+G	592	17	2.67%	2	2	93	93	6.812867542315784E-6	1	1	486	106	12	5	+G
F12_BC72_191109_LF_LIB_consensus_vsearch	576	G	*/-A	621	8	1.26%	2	1	93	93	0.003819756437826965	1	1	508	113	8	0	-A
F12_BC72_191109_LF_LIB_consensus_vsearch	580	C	*/+A	596	11	1.73%	2	1	93	93	4.664687172762994E-4	1	1	488	108	11	0	+A
F12_BC72_191109_LF_LIB_consensus_vsearch	580	C	*/+T	596	7	1.1%	2	1	93	93	0.007676913959545329	1	1	488	108	7	0	+A
F12_BC72_191109_LF_LIB_consensus_vsearch	580	C	*/-G	596	10	1.57%	2	2	93	93	9.406925254444043E-4	1	1	488	108	8	2	-G
F12_BC72_191109_LF_LIB_consensus_vsearch	582	G	*/-A	591	48	7.5%	2	1	93	93	1.4201799284799754E-15	1	1	478	113	48	0	-A
F12_BC72_191109_LF_LIB_consensus_vsearch	583	A	*/-G	557	31	5.24%	2	1	93	93	3.102797651783363E-10	1	1	444	113	31	0	-G
F12_BC72_191109_LF_LIB_consensus_vsearch	585	C	*/-T	604	23	3.62%	2	2	93	93	9.706965103862632E-8	1	1	512	92	5	18	-T
F12_BC72_191109_LF_LIB_consensus_vsearch	587	T	*/-C	360	255	40.41%	2	2	93	93	4.480342683615063E-92	1	1	282	78	225	30	-C
F12_BC72_191109_LF_LIB_consensus_vsearch	587	T	*/-CC	360	7	1.11%	2	2	93	93	0.007590205510476451	1	1	282	78	5	2	-C
F12_BC72_191109_LF_LIB_consensus_vsearch	595	T	*/-CT	610	13	2.05%	2	2	93	93	1.1459010336189954E-4	1	1	505	105	10	3	-CT
F12_BC72_191109_LF_LIB_consensus_vsearch	596	C	*/-T	607	12	1.93%	2	2	93	93	2.313500552075147E-4	1	1	507	100	4	8	-T
F12_BC72_191109_LF_LIB_consensus_vsearch	598	T	*/-A	623	10	1.57%	2	1	93	93	9.422066737133776E-4	1	1	510	113	10	0	-A
F12_BC72_191109_LF_LIB_consensus_vsearch	599	A	*/-G	551	49	7.79%	2	2	93	93	6.395349569703823E-16	1	1	489	62	2	47	-G
F12_BC72_191109_LF_LIB_consensus_vsearch	603	T	*/+C	588	45	7.03%	2	1	93	93	1.2635308251638596E-14	1	1	476	112	45	0	+C
F12_BC72_191109_LF_LIB_consensus_vsearch	604	C	*/+A	629	7	1.1%	2	1	93	93	0.007683926761732176	1	1	518	111	7	0	+A
F12_BC72_191109_LF_LIB_consensus_vsearch	605	G	*/+A	583	7	1.1%	2	1	93	93	0.007673936691127849	1	1	474	109	7	0	+A
F12_BC72_191109_LF_LIB_consensus_vsearch	610	A	*/+C	570	8	1.27%	2	2	93	93	0.003812167942212529	1	1	463	107	7	1	+C
F12_BC72_191109_LF_LIB_consensus_vsearch	610	A	*/-C	570	34	5.41%	2	2	93	93	3.610033798500374E-11	1	1	463	107	31	3	-C
F12_BC72_191109_LF_LIB_consensus_vsearch	611	C	*/+T	580	10	1.68%	2	1	93	93	9.39730591623294E-4	1	1	481	99	0	10	+T
F12_BC72_191109_LF_LIB_consensus_vsearch	613	C	*/-A	618	7	1.1%	2	1	93	93	0.007681671177273311	1	1	506	112	7	0	-A
F12_BC72_191109_LF_LIB_consensus_vsearch	617	T	*/-C	578	47	7.41%	2	1	93	93	2.893370051755068E-15	1	1	468	110	47	0	-C
F12_BC72_191109_LF_LIB_consensus_vsearch	627	G	*/-T	614	7	1.1%	2	2	93	93	0.0076808312175928525	1	1	504	110	6	1	-T
F12_BC72_191109_LF_LIB_consensus_vsearch	636	G	*/-A	624	12	1.88%	2	1	93	93	2.316861142850313E-4	1	1	512	112	12	0	-A
F12_BC72_191109_LF_LIB_consensus_vsearch	645	T	*/+C	563	7	1.11%	2	1	93	93	0.007669092041544023	1	1	454	109	7	0	+C
F12_BC72_191109_LF_LIB_consensus_vsearch	645	T	*/-C	563	57	9%	2	1	93	93	1.8005415789203127E-18	1	1	454	109	57	0	-C
F12_BC72_191109_LF_LIB_consensus_vsearch	647	C	*/-A	605	18	2.82%	2	2	93	93	3.367986186747336E-6	1	1	496	109	17	1	-A
F12_BC72_191109_LF_LIB_consensus_vsearch	647	C	*/-AC	605	9	1.41%	2	1	93	93	0.0018963104416950996	1	1	496	109	9	0	-A
F12_BC72_191109_LF_LIB_consensus_vsearch	651	T	*/+C	615	13	2.04%	2	2	93	93	1.1464839269418865E-4	1	1	508	107	12	1	+C
F12_BC72_191109_LF_LIB_consensus_vsearch	656	C	*/-T	625	7	1.1%	2	2	93	93	0.007683115604648609	1	1	515	110	6	1	-T
F12_BC72_191109_LF_LIB_consensus_vsearch	658	T	*/+C	618	8	1.25%	2	1	93	93	0.003819344102536125	1	1	508	110	8	0	+C
F12_BC72_191109_LF_LIB_consensus_vsearch	659	C	*/+A	543	61	9.58%	2	2	93	93	8.795263094870932E-20	1	1	437	106	60	1	+A
F12_BC72_191109_LF_LIB_consensus_vsearch	659	C	*/-A	543	17	2.67%	2	2	93	93	6.744718149796163E-6	1	1	437	106	16	1	+A
F12_BC72_191109_LF_LIB_consensus_vsearch	661	A	*/-G	614	12	1.9%	2	2	93	93	2.3149060421235934E-4	1	1	505	109	11	1	-G
F12_BC72_191109_LF_LIB_consensus_vsearch	667	T	*/+C	614	10	1.57%	2	1	93	93	9.417163622843452E-4	1	1	507	107	10	0	+C
F12_BC72_191109_LF_LIB_consensus_vsearch	668	C	*/-A	614	9	1.42%	2	1	93	93	0.0018971248849278615	1	1	508	106	9	0	-A
F12_BC72_191109_LF_LIB_consensus_vsearch	669	A	*/-CT	569	7	1.12%	2	1	93	93	0.007670580637356587	1	1	458	111	7	0	-CT
F12_BC72_191109_LF_LIB_consensus_vsearch	670	C	*/-TT	588	26	4.15%	2	2	93	93	1.1371937147847118E-8	1	1	479	109	25	1	-TT
F12_BC72_191109_LF_LIB_consensus_vsearch	676	T	*/-A	611	22	3.45%	2	1	93	93	1.9802671616894147E-7	1	1	500	111	22	0	-A
F12_BC72_191109_LF_LIB_consensus_vsearch	677	A	*/+T	561	19	3.09%	2	1	93	93	1.6419830881071052E-6	1	1	452	109	19	0	+T
F12_BC72_191109_LF_LIB_consensus_vsearch	677	A	*/-T	561	23	3.74%	2	2	93	93	9.558369752998525E-8	1	1	452	109	21	2	-T
F12_BC72_191109_LF_LIB_consensus_vsearch	680	T	*/-G	622	7	1.1%	2	2	93	93	0.007682500488298281	1	1	512	110	6	1	-G
F12_BC72_191109_LF_LIB_consensus_vsearch	685	C	*/-TAC	619	8	1.25%	2	1	93	93	0.0038194819837437974	1	1	508	111	8	0	-TAC
F12_BC72_191109_LF_LIB_consensus_vsearch	687	A	*/-CCAC	611	8	1.28%	2	1	93	93	0.0038183665266398586	1	1	500	111	8	0	-CCAC
F12_BC72_191109_LF_LIB_consensus_vsearch	690	A	*/-C	573	20	3.22%	2	1	93	93	8.103240766322557E-7	1	1	465	108	20	0	-C
F12_BC72_191109_LF_LIB_consensus_vsearch	690	A	*/-CCA	573	21	3.38%	2	1	93	93	3.9833538223670323E-7	1	1	465	108	21	0	-CCA
F12_BC72_191109_LF_LIB_consensus_vsearch	692	C	*/+A	564	9	1.46%	2	2	93	93	0.0018922791743317562	1	1	467	97	8	1	+A
F12_BC72_191109_LF_LIB_consensus_vsearch	692	C	*/-A	564	25	4.05%	2	1	93	93	2.297688701857108E-8	1	1	467	97	25	0	-A
F12_BC72_191109_LF_LIB_consensus_vsearch	698	C	*/-TGC	624	8	1.25%	2	1	93	93	0.003820164879001387	1	1	515	109	8	0	-TGC
F12_BC72_191109_LF_LIB_consensus_vsearch	701	C	*/-AC	606	14	2.22%	2	1	93	93	5.66704937494216E-5	1	1	496	110	14	0	-AC
F12_BC72_191109_LF_LIB_consensus_vsearch	704	T	*/-A	613	11	1.72%	2	1	93	93	4.670548032662723E-4	1	1	506	107	11	0	-A
F12_BC72_191109_LF_LIB_consensus_vsearch	706	G	*/-A	587	44	6.91%	2	1	93	93	2.6147961370386378E-14	1	1	476	111	44	0	-A
F12_BC72_191109_LF_LIB_consensus_vsearch	707	A	*/+G	575	7	1.17%	2	1	93	93	0.007672038647635164	1	1	466	109	7	0	+G
F12_BC72_191109_LF_LIB_consensus_vsearch	709	C	*/-GC	621	7	1.09%	2	2	93	93	0.007682294147772585	1	1	515	106	4	3	-GC
F12_BC72_191109_LF_LIB_consensus_vsearch	710	G	*/+C	611	7	1.11%	2	1	93	93	0.007680194135688583	1	1	505	106	7	0	+C
F12_BC72_191109_LF_LIB_consensus_vsearch	713	G	*/+T	617	7	1.1%	2	1	93	93	0.007681462193627429	1	1	507	110	7	0	+T
F12_BC72_191109_LF_LIB_consensus_vsearch	716	C	*/+T	609	10	1.57%	2	2	93	93	9.414378721184591E-4	1	1	509	100	1	9	+T
F12_BC72_191109_LF_LIB_consensus_vsearch	716	C	*/-T	609	10	1.57%	2	2	93	93	9.414378721184591E-4	1	1	509	100	8	2	+T
F12_BC72_191109_LF_LIB_consensus_vsearch	717	T	*/-AC	576	24	3.84%	2	1	93	93	4.714009041761056E-8	1	1	471	105	24	0	-AC
F12_BC72_191109_LF_LIB_consensus_vsearch	718	A	*/-C	561	15	2.48%	2	2	93	93	2.782660779890985E-5	1	1	454	107	12	3	-C
F12_BC72_191109_LF_LIB_consensus_vsearch	719	C	*/+T	568	10	1.7%	2	2	93	93	9.389745926330508E-4	1	1	470	98	1	9	+T
F12_BC72_191109_LF_LIB_consensus_vsearch	721	C	*/+A	604	13	2.04%	2	1	93	93	1.145189365177416E-4	1	1	493	111	13	0	+A
F12_BC72_191109_LF_LIB_consensus_vsearch	721	C	*/-A	604	7	1.1%	2	1	93	93	0.007678683362771209	1	1	493	111	7	0	+A
F12_BC72_191109_LF_LIB_consensus_vsearch	722	A	*/+C	609	11	1.74%	2	1	93	93	4.66919751749692E-4	1	1	497	112	11	0	+C
F12_BC72_191109_LF_LIB_consensus_vsearch	724	C	*/-A	613	13	2.04%	2	1	93	93	1.1462518627902735E-4	1	1	500	113	13	0	-A
F12_BC72_191109_LF_LIB_consensus_vsearch	731	G	*/+C	576	7	1.1%	2	2	93	93	0.007672278741851824	1	1	465	111	5	2	+C
F12_BC72_191109_LF_LIB_consensus_vsearch	731	G	*/-C	576	45	7.1%	2	1	93	93	1.243158885573935E-14	1	1	465	111	45	0	-C
F12_BC72_191109_LF_LIB_consensus_vsearch	732	C	*/+T	572	13	2.21%	2	2	93	93	1.141152960809769E-4	1	1	473	99	1	12	+T
F12_BC72_191109_LF_LIB_consensus_vsearch	734	T	*/+G	586	17	2.69%	2	2	93	93	6.80509156438958E-6	1	1	495	91	16	1	+G
F12_BC72_191109_LF_LIB_consensus_vsearch	734	T	*/-A	586	11	1.74%	2	2	93	93	4.661085952376518E-4	1	1	495	91	9	2	+G
F12_BC72_191109_LF_LIB_consensus_vsearch	735	A	*/+G	583	8	1.28%	2	2	93	93	0.0038142259421648926	1	1	485	98	1	7	+G
F12_BC72_191109_LF_LIB_consensus_vsearch	735	A	*/-G	583	13	2.08%	2	2	93	93	1.1425882511188655E-4	1	1	485	98	12	1	-G
F12_BC72_191109_LF_LIB_consensus_vsearch	738	C	*/-T	621	12	1.88%	2	2	93	93	2.31628098627824E-4	1	1	513	108	9	3	-T
F12_BC72_191109_LF_LIB_consensus_vsearch	741	C	*/-TTC	610	9	1.42%	2	2	93	93	0.0018967658112020432	1	1	508	102	4	5	-TTC
F12_BC72_191109_LF_LIB_consensus_vsearch	743	T	*/+C	605	9	1.43%	2	1	93	93	0.0018963104416950996	1	1	497	108	9	0	+C
F12_BC72_191109_LF_LIB_consensus_vsearch	743	T	*/-C	605	7	1.11%	2	1	93	93	0.007678901296381563	1	1	497	108	7	0	+C
F12_BC72_191109_LF_LIB_consensus_vsearch	744	C	*/-A	517	12	1.93%	2	1	93	93	2.2921851699297558E-4	1	1	409	108	12	0	-A
F12_BC72_191109_LF_LIB_consensus_vsearch	744	C	*/-AC	517	90	14.47%	2	1	93	93	2.285007982825458E-29	1	1	409	108	90	0	-AC
F12_BC72_191109_LF_LIB_consensus_vsearch	748	A	*/-C	614	7	1.1%	2	2	93	93	0.0076808312175928525	1	1	512	102	3	4	-C
F12_BC72_191109_LF_LIB_consensus_vsearch	751	T	*/+C	590	13	2.05%	2	1	93	93	1.1434749666655842E-4	1	1	479	111	13	0	+C
F12_BC72_191109_LF_LIB_consensus_vsearch	751	T	*/-C	590	28	4.41%	2	2	93	93	2.7246320752129144E-9	1	1	479	111	27	1	-C
F12_BC72_191109_LF_LIB_consensus_vsearch	753	C	*/-A	590	10	1.57%	2	1	93	93	9.403377459733819E-4	1	1	478	112	10	0	-A
F12_BC72_191109_LF_LIB_consensus_vsearch	753	C	*/-AC	590	33	5.18%	2	1	93	93	7.533969437207368E-11	1	1	478	112	33	0	-AC
F12_BC72_191109_LF_LIB_consensus_vsearch	756	G	*/-C	602	9	1.43%	2	2	93	93	0.00189603367090227	1	1	500	102	5	4	-C
F12_BC72_191109_LF_LIB_consensus_vsearch	757	C	*/+T	593	14	2.25%	2	1	93	93	5.65794982865058E-5	1	1	509	84	0	14	+T
F12_BC72_191109_LF_LIB_consensus_vsearch	758	C	*/-T	604	22	3.46%	2	2	93	93	1.9760889155373745E-7	1	1	515	89	3	19	-T
F12_BC72_191109_LF_LIB_consensus_vsearch	760	G	*/+C	603	11	1.74%	2	1	93	93	4.667139217478047E-4	1	1	494	109	11	0	+C
F12_BC72_191109_LF_LIB_consensus_vsearch	760	G	*/+CC	603	8	1.26%	2	1	93	93	0.003817222017377877	1	1	494	109	8	0	+C
F12_BC72_191109_LF_LIB_consensus_vsearch	766	T	*/-C	607	19	3%	2	2	93	93	1.6604340454390277E-6	1	1	514	93	2	17	-C
F12_BC72_191109_LF_LIB_consensus_vsearch	770	C	*/-A	607	30	4.7%	2	2	93	93	6.565737704338437E-10	1	1	496	111	28	2	-A
F12_BC72_191109_LF_LIB_consensus_vsearch	772	A	*/-C	595	36	5.62%	2	2	93	93	8.70584138623286E-12	1	1	483	112	35	1	-C
F12_BC72_191109_LF_LIB_consensus_vsearch	773	C	*/-GC	580	21	3.48%	2	1	93	93	3.9918541264856243E-7	1	1	469	111	21	0	-GC
F12_BC72_191109_LF_LIB_consensus_vsearch	775	C	*/-ATA	601	7	1.13%	2	1	93	93	0.007678025274973404	1	1	489	112	7	0	-ATA
F12_BC72_191109_LF_LIB_consensus_vsearch	777	T	*/-A	582	23	3.69%	2	2	93	93	9.633342461418409E-8	1	1	478	104	21	2	-A
F12_BC72_191109_LF_LIB_consensus_vsearch	778	A	*/-GAA	565	13	2.16%	2	1	93	93	1.1402118179950934E-4	1	1	458	107	13	0	-GAA
F12_BC72_191109_LF_LIB_consensus_vsearch	779	G	*/-A	584	17	2.79%	2	2	93	93	6.802466591937852E-6	1	1	477	107	11	6	-A
F12_BC72_191109_LF_LIB_consensus_vsearch	783	A	*/-C	609	11	1.72%	2	1	93	93	4.66919751749692E-4	1	1	497	112	11	0	-C
F12_BC72_191109_LF_LIB_consensus_vsearch	786	C	*/-T	616	9	1.42%	2	1	93	93	0.0018973027115589166	1	1	503	113	9	0	-T
F12_BC72_191109_LF_LIB_consensus_vsearch	794	G	*/-A	564	31	4.87%	2	1	93	93	3.118048203931142E-10	1	1	451	113	31	0	-A
F12_BC72_191109_LF_LIB_consensus_vsearch	794	G	*/-AG	564	36	5.66%	2	1	93	93	8.470878151981022E-12	1	1	451	113	36	0	-AG
F12_BC72_191109_LF_LIB_consensus_vsearch	795	A	*/+G	532	10	1.75%	2	1	93	93	9.365081955943183E-4	1	1	421	111	10	0	+G
F12_BC72_191109_LF_LIB_consensus_vsearch	795	A	*/-G	532	18	3.15%	2	2	93	93	3.311878973473198E-6	1	1	421	111	17	1	-G
F12_BC72_191109_LF_LIB_consensus_vsearch	800	T	*/+A	588	9	1.42%	2	1	93	93	0.0018947055924330373	1	1	492	96	9	0	+A
F12_BC72_191109_LF_LIB_consensus_vsearch	800	T	*/-G	588	15	2.37%	2	2	93	93	2.794327267465775E-5	1	1	492	96	7	8	-G
F12_BC72_191109_LF_LIB_consensus_vsearch	802	G	*/+A	587	25	3.92%	2	1	93	93	2.3207250945785982E-8	1	1	478	109	25	0	+A
F12_BC72_191109_LF_LIB_consensus_vsearch	804	T	*/+A	609	9	1.42%	2	1	93	93	0.0018966753221652782	1	1	514	95	0	9	+A
F12_BC72_191109_LF_LIB_consensus_vsearch	807	C	*/-AC	586	16	2.51%	2	1	93	93	1.3793331093475405E-5	1	1	487	99	16	0	-AC
F12_BC72_191109_LF_LIB_consensus_vsearch	808	A	*/-C	567	7	1.13%	2	1	93	93	0.007670087884333406	1	1	456	111	7	0	-C
F12_BC72_191109_LF_LIB_consensus_vsearch	809	C	*/+A	523	42	6.81%	2	1	93	93	1.0306980536355128E-13	1	1	412	111	42	0	+A
F12_BC72_191109_LF_LIB_consensus_vsearch	809	C	*/-G	523	27	4.38%	2	1	93	93	5.372487197153554E-9	1	1	412	111	27	0	+A
F12_BC72_191109_LF_LIB_consensus_vsearch	811	C	*/-T	554	33	5.21%	2	2	93	93	7.329940356389606E-11	1	1	447	107	30	3	-T
F12_BC72_191109_LF_LIB_consensus_vsearch	811	C	*/-TT	554	31	4.89%	2	1	93	93	3.0961703229048474E-10	1	1	447	107	31	0	-T
F12_BC72_191109_LF_LIB_consensus_vsearch	814	G	*/-A	600	20	3.17%	2	1	93	93	8.161855577944026E-7	1	1	487	113	20	0	-A
F12_BC72_191109_LF_LIB_consensus_vsearch	815	A	*/-G	590	20	3.23%	2	2	93	93	8.140712629980462E-7	1	1	479	111	18	2	-G
F12_BC72_191109_LF_LIB_consensus_vsearch	822	T	*/-C	623	11	1.72%	2	1	93	93	4.6738507847670534E-4	1	1	512	111	11	0	-C
F12_BC72_191109_LF_LIB_consensus_vsearch	825	A	*/+T	459	15	2.35%	2	2	93	93	2.7270852271146047E-5	1	1	352	107	13	2	+T
F12_BC72_191109_LF_LIB_consensus_vsearch	825	A	*/-T	459	156	24.41%	2	2	93	93	1.366311512595338E-52	1	1	352	107	155	1	-T
F12_BC72_191109_LF_LIB_consensus_vsearch	831	A	*/+G	565	20	3.15%	2	2	93	93	8.084903678727047E-7	1	1	470	95	19	1	+G
F12_BC72_191109_LF_LIB_consensus_vsearch	831	A	*/-G	565	19	3%	2	2	93	93	1.6436960696383207E-6	1	1	470	95	6	13	+G
F12_BC72_191109_LF_LIB_consensus_vsearch	833	G	*/+A	626	7	1.1%	2	1	93	93	0.00768331935194577	1	1	516	110	7	0	+A
F12_BC72_191109_LF_LIB_consensus_vsearch	838	G	*/+A	619	7	1.11%	2	1	93	93	0.007681879495413374	1	1	508	111	7	0	+A
F12_BC72_191109_LF_LIB_consensus_vsearch	844	T	*/+C	609	9	1.41%	2	1	93	93	0.0018966753221652782	1	1	504	105	9	0	+C
F12_BC72_191109_LF_LIB_consensus_vsearch	844	T	*/+CC	609	7	1.1%	2	1	93	93	0.007679765978387823	1	1	504	105	7	0	+C
F12_BC72_191109_LF_LIB_consensus_vsearch	844	T	*/-C	609	8	1.25%	2	2	93	93	0.003818083166867038	1	1	504	105	3	5	-C
F12_BC72_191109_LF_LIB_consensus_vsearch	848	C	*/+TT	615	12	1.88%	2	1	93	93	2.315104309433486E-4	1	1	504	111	12	0	+TT
F12_BC72_191109_LF_LIB_consensus_vsearch	853	G	*/-A	616	17	2.66%	2	1	93	93	6.8425591596214335E-6	1	1	507	109	17	0	-A
F12_BC72_191109_LF_LIB_consensus_vsearch	854	A	*/+G	596	7	1.13%	2	1	93	93	0.007676913959545329	1	1	486	110	7	0	+G
F12_BC72_191109_LF_LIB_consensus_vsearch	854	A	*/-G	596	10	1.61%	2	1	93	93	9.406925254444043E-4	1	1	486	110	10	0	-G
F12_BC72_191109_LF_LIB_consensus_vsearch	855	G	*/+T	602	16	2.55%	2	2	93	93	1.3829896814827522E-5	1	1	491	111	15	1	+T
F12_BC72_191109_LF_LIB_consensus_vsearch	857	T	*/+A	603	12	1.89%	2	1	93	93	2.3126833063019417E-4	1	1	492	111	12	0	+A
F12_BC72_191109_LF_LIB_consensus_vsearch	858	G	*/-T	577	8	1.28%	2	1	93	93	0.0038132873975118887	1	1	469	108	8	0	-T
F12_BC72_191109_LF_LIB_consensus_vsearch	860	T	*/-A	608	10	1.59%	2	2	93	93	9.413816391173476E-4	1	1	504	104	9	1	-A
F12_BC72_191109_LF_LIB_consensus_vsearch	862	C	*/-ACA	573	22	3.49%	2	1	93	93	1.9565001112381234E-7	1	1	466	107	22	0	-ACA
F12_BC72_191109_LF_LIB_consensus_vsearch	864	C	*/-A	454	13	2.12%	2	1	93	93	1.1216264916711506E-4	1	1	347	107	13	0	-A
F12_BC72_191109_LF_LIB_consensus_vsearch	864	C	*/-AC	454	131	21.41%	2	2	93	93	9.95797492712962E-44	1	1	347	107	128	3	-AC
F12_BC72_191109_LF_LIB_consensus_vsearch	866	C	*/+AC	465	21	4.17%	2	1	93	93	3.8239491644037583E-7	1	1	362	103	21	0	+AC
F12_BC72_191109_LF_LIB_consensus_vsearch	866	C	*/-T	465	9	1.79%	2	2	93	93	0.001879699435718404	1	1	362	103	6	3	+AC
F12_BC72_191109_LF_LIB_consensus_vsearch	867	T	*/+C	562	12	1.91%	2	2	93	93	2.3036623810212666E-4	1	1	463	99	8	4	+C
F12_BC72_191109_LF_LIB_consensus_vsearch	867	T	*/-C	562	43	6.84%	2	2	93	93	5.2448374688448545E-14	1	1	463	99	41	2	-C
F12_BC72_191109_LF_LIB_consensus_vsearch	869	C	*/-T	619	9	1.42%	2	2	93	93	0.0018975673441181103	1	1	517	102	6	3	-T
F12_BC72_191109_LF_LIB_consensus_vsearch	871	T	*/-A	602	7	1.1%	2	2	93	93	0.007678245355574117	1	1	495	107	6	1	-A
F12_BC72_191109_LF_LIB_consensus_vsearch	871	T	*/-AGC	602	14	2.19%	2	1	93	93	5.6642893326464415E-5	1	1	495	107	14	0	-AGC
F12_BC72_191109_LF_LIB_consensus_vsearch	874	C	*/-G	587	12	1.96%	2	2	93	93	2.3093071758653033E-4	1	1	484	103	9	3	-G
F12_BC72_191109_LF_LIB_consensus_vsearch	875	G	*/+A	572	9	1.45%	2	1	93	93	0.0018931100684577166	1	1	467	105	9	0	+A
F12_BC72_191109_LF_LIB_consensus_vsearch	876	G	*/+A	605	10	1.57%	2	1	93	93	9.412118547048385E-4	1	1	494	111	10	0	+A
F12_BC72_191109_LF_LIB_consensus_vsearch	879	T	*/-C	615	13	2.03%	2	2	93	93	1.1464839269418865E-4	1	1	504	111	12	1	-C
F12_BC72_191109_LF_LIB_consensus_vsearch	884	C	*/-T	603	17	2.67%	2	2	93	93	6.826749343834777E-6	1	1	498	105	13	4	-T
F12_BC72_191109_LF_LIB_consensus_vsearch	886	T	*/+C	569	16	2.54%	2	1	93	93	1.3752374071037443E-5	1	1	464	105	16	0	+C
F12_BC72_191109_LF_LIB_consensus_vsearch	886	T	*/-C	569	26	4.13%	2	2	93	93	1.1272060653769355E-8	1	1	464	105	20	6	-C
F12_BC72_191109_LF_LIB_consensus_vsearch	886	T	*/-CC	569	8	1.27%	2	2	93	93	0.003812005815438782	1	1	464	105	7	1	-C
F12_BC72_191109_LF_LIB_consensus_vsearch	888	C	*/-A	603	10	1.59%	2	2	93	93	9.410977518218434E-4	1	1	493	110	9	1	-A
F12_BC72_191109_LF_LIB_consensus_vsearch	890	T	*/-G	606	14	2.21%	2	2	93	93	5.66704937494216E-5	1	1	496	110	12	2	-G
F12_BC72_191109_LF_LIB_consensus_vsearch	892	G	*/-C	610	9	1.42%	2	1	93	93	0.0018967658112020432	1	1	497	113	9	0	-C
F12_BC72_191109_LF_LIB_consensus_vsearch	895	A	*/+C	607	9	1.42%	2	1	93	93	0.0018964934696203018	1	1	495	112	9	0	+C
F12_BC72_191109_LF_LIB_consensus_vsearch	899	T	*/-C	610	19	2.97%	2	1	93	93	1.6615487952633694E-6	1	1	499	111	19	0	-C
F12_BC72_191109_LF_LIB_consensus_vsearch	901	C	*/-T	623	8	1.25%	2	2	93	93	0.0038200291612249474	1	1	513	110	7	1	-T
F12_BC72_191109_LF_LIB_consensus_vsearch	908	C	*/-T	624	7	1.1%	2	2	93	93	0.00768291121366534	1	1	519	105	1	6	-T
F12_BC72_191109_LF_LIB_consensus_vsearch	909	T	*/+G	595	15	2.38%	2	1	93	93	2.797188723884423E-5	1	1	493	102	15	0	+G
F12_BC72_191109_LF_LIB_consensus_vsearch	910	A	*/-G	607	15	2.37%	2	1	93	93	2.8019489369197462E-5	1	1	503	104	15	0	-G
F12_BC72_191109_LF_LIB_consensus_vsearch	914	G	*/-A	616	10	1.57%	2	2	93	93	9.418265258818377E-4	1	1	510	106	9	1	-A
F12_BC72_191109_LF_LIB_consensus_vsearch	916	A	*/-C	609	8	1.25%	2	2	93	93	0.003818083166867038	1	1	504	105	7	1	-C
F12_BC72_191109_LF_LIB_consensus_vsearch	924	C	*/+T	494	53	8.28%	2	2	93	93	2.954985605525638E-17	1	1	437	57	35	18	+T
F12_BC72_191109_LF_LIB_consensus_vsearch	924	C	*/-T	494	80	12.5%	2	2	93	93	4.285713681757916E-26	1	1	437	57	52	28	-T
F12_BC72_191109_LF_LIB_consensus_vsearch	929	G	*/-TG	603	28	4.38%	2	1	93	93	2.7426446895000892E-9	1	1	491	112	28	0	-TG
F12_BC72_191109_LF_LIB_consensus_vsearch	936	C	*/-T	626	8	1.25%	2	2	93	93	0.00382043503686791	1	1	514	112	7	1	-T
F12_BC72_191109_LF_LIB_consensus_vsearch	937	T	*/+G	612	11	1.75%	2	1	93	93	4.670212007059329E-4	1	1	517	95	0	11	+G
F12_BC72_191109_LF_LIB_consensus_vsearch	941	G	*/-A	625	9	1.41%	2	2	93	93	0.0018980891532379173	1	1	514	111	8	1	-A
F12_BC72_191109_LF_LIB_consensus_vsearch	942	A	*/-G	601	20	3.17%	2	2	93	93	8.163934777852906E-7	1	1	491	110	19	1	-G
F12_BC72_191109_LF_LIB_consensus_vsearch	945	G	*/+A	610	8	1.26%	2	1	93	93	0.0038182250747820883	1	1	497	113	8	0	+A
F12_BC72_191109_LF_LIB_consensus_vsearch	946	T	*/+A	590	9	1.42%	2	2	93	93	0.0018948990881047542	1	1	488	102	8	1	+A
F12_BC72_191109_LF_LIB_consensus_vsearch	946	T	*/-GT	590	21	3.31%	2	2	93	93	4.0036838118850727E-7	1	1	488	102	14	7	-GT
F12_BC72_191109_LF_LIB_consensus_vsearch	951	T	*/-C	595	35	5.49%	2	2	93	93	1.790875365094713E-11	1	1	486	109	33	2	-C
F12_BC72_191109_LF_LIB_consensus_vsearch	957	A	*/-C	595	8	1.25%	2	2	93	93	0.003816047305998458	1	1	485	110	6	2	-C
F12_BC72_191109_LF_LIB_consensus_vsearch	957	A	*/-CCT	595	17	2.66%	2	1	93	93	6.816700833685703E-6	1	1	485	110	17	0	-CCT
F12_BC72_191109_LF_LIB_consensus_vsearch	959	C	*/-T	589	14	2.25%	2	2	93	93	5.6550731796518395E-5	1	1	490	99	5	9	-T
F12_BC72_191109_LF_LIB_consensus_vsearch	963	A	*/-C	619	12	1.88%	2	2	93	93	2.3158912037872086E-4	1	1	519	100	1	11	-C
F12_BC72_191109_LF_LIB_consensus_vsearch	965	C	*/-T	628	7	1.09%	2	2	93	93	0.007683724927463553	1	1	522	106	2	5	-T
F12_BC72_191109_LF_LIB_consensus_vsearch	972	T	*/+C	619	17	2.66%	2	1	93	93	6.846119619970408E-6	1	1	506	113	17	0	+C
F12_BC72_191109_LF_LIB_consensus_vsearch	980	T	*/+C	473	44	6.91%	2	2	93	93	2.1865723869371866E-14	1	1	364	109	43	1	+C
F12_BC72_191109_LF_LIB_consensus_vsearch	980	T	*/-C	473	85	13.34%	2	1	93	93	8.08501728687074E-28	1	1	364	109	85	0	-C
F12_BC72_191109_LF_LIB_consensus_vsearch	980	T	*/-CC	473	26	4.08%	2	1	93	93	1.0667595713642963E-8	1	1	364	109	26	0	-C
F12_BC72_191109_LF_LIB_consensus_vsearch	983	C	*/-GC	575	20	3.13%	2	2	93	93	8.107753059056237E-7	1	1	500	75	19	1	-GC
F12_BC72_191109_LF_LIB_consensus_vsearch	986	A	*/-T	614	13	2.04%	2	1	93	93	1.1463680759254574E-4	1	1	517	97	0	13	-T
F12_BC72_191109_LF_LIB_consensus_vsearch	988	C	*/-G	619	9	1.41%	2	1	93	93	0.0018975673441181103	1	1	506	113	9	0	-G
F12_BC72_191109_LF_LIB_consensus_vsearch	989	G	*/-C	603	7	1.11%	2	2	93	93	0.007678464717006819	1	1	494	109	3	4	-C
F12_BC72_191109_LF_LIB_consensus_vsearch	999	C	*/-T	589	21	3.34%	2	2	93	93	4.002517043081294E-7	1	1	488	101	17	4	-T
F12_BC72_191109_LF_LIB_consensus_vsearch	1001	T	*/-A	582	34	5.38%	2	1	93	93	3.6447431686581044E-11	1	1	472	110	34	0	-A
F12_BC72_191109_LF_LIB_consensus_vsearch	1002	A	*/-C	563	17	2.83%	2	2	93	93	6.773861357899011E-6	1	1	454	109	16	1	-C
F12_BC72_191109_LF_LIB_consensus_vsearch	1004	C	*/+A	465	40	6.32%	2	2	93	93	4.070589233611012E-13	1	1	379	86	36	4	+A
F12_BC72_191109_LF_LIB_consensus_vsearch	1004	C	*/-A	465	100	15.8%	2	2	93	93	6.421207532176458E-33	1	1	379	86	78	22	-A
F12_BC72_191109_LF_LIB_consensus_vsearch	1004	C	*/-AA	465	15	2.37%	2	2	93	93	2.730981548476588E-5	1	1	379	86	14	1	-A
F12_BC72_191109_LF_LIB_consensus_vsearch	1012	G	*/-C	606	23	3.6%	2	2	93	93	9.713424669096457E-8	1	1	497	109	22	1	-C
F12_BC72_191109_LF_LIB_consensus_vsearch	1015	C	*/-AC	616	9	1.41%	2	1	93	93	0.0018973027115589166	1	1	509	107	9	0	-AC
F12_BC72_191109_LF_LIB_consensus_vsearch	1016	A	*/-C	605	10	1.6%	2	1	93	93	9.412118547048385E-4	1	1	493	112	10	0	-C
F12_BC72_191109_LF_LIB_consensus_vsearch	1018	T	*/-A	604	14	2.22%	2	1	93	93	5.665673701399589E-5	1	1	495	109	14	0	-A
F12_BC72_191109_LF_LIB_consensus_vsearch	1019	A	*/-G	585	20	3.22%	2	1	93	93	8.129895967206285E-7	1	1	478	107	20	0	-G
F12_BC72_191109_LF_LIB_consensus_vsearch	1023	A	*/+T	607	9	1.41%	2	1	93	93	0.0018964934696203018	1	1	507	100	0	9	+T
F12_BC72_191109_LF_LIB_consensus_vsearch	1024	C	*/+T	569	55	8.68%	2	1	93	93	7.994586225959975E-18	1	1	523	46	0	55	+T
F12_BC72_191109_LF_LIB_consensus_vsearch	1024	C	*/-T	569	8	1.26%	2	2	93	93	0.003812005815438782	1	1	523	46	2	6	+T
F12_BC72_191109_LF_LIB_consensus_vsearch	1025	T	*/+C	595	19	3.01%	2	2	93	93	1.655872245226263E-6	1	1	516	79	2	17	+C
F12_BC72_191109_LF_LIB_consensus_vsearch	1025	T	*/-C	595	11	1.74%	2	1	93	93	4.664332322513514E-4	1	1	516	79	0	11	+C
F12_BC72_191109_LF_LIB_consensus_vsearch	1026	C	*/-TC	600	16	2.54%	2	1	93	93	1.3825426120750478E-5	1	1	506	94	16	0	-TC
F12_BC72_191109_LF_LIB_consensus_vsearch	1029	A	*/+T	517	11	1.74%	2	2	93	93	4.632580735397798E-4	1	1	408	109	10	1	+T
F12_BC72_191109_LF_LIB_consensus_vsearch	1029	A	*/-T	517	99	15.64%	2	2	93	93	2.1729500656944822E-32	1	1	408	109	97	2	-T
F12_BC72_191109_LF_LIB_consensus_vsearch	1033	T	*/+C	604	17	2.66%	2	1	93	93	6.827987981114814E-6	1	1	493	111	17	0	+C
F12_BC72_191109_LF_LIB_consensus_vsearch	1047	T	*/-A	584	31	4.92%	2	2	93	93	3.160041313180666E-10	1	1	476	108	30	1	-A
F12_BC72_191109_LF_LIB_consensus_vsearch	1047	T	*/-AA	584	7	1.11%	2	1	93	93	0.007674170345963	1	1	476	108	7	0	-A
F12_BC72_191109_LF_LIB_consensus_vsearch	1048	A	*/+G	582	7	1.18%	2	1	93	93	0.007673702245629301	1	1	472	110	7	0	+G
F12_BC72_191109_LF_LIB_consensus_vsearch	1049	A	*/-G	569	19	3.01%	2	1	93	93	1.6453871199250226E-6	1	1	460	109	19	0	-G
F12_BC72_191109_LF_LIB_consensus_vsearch	1049	A	*/-GA	569	9	1.43%	2	1	93	93	0.0018928011559758858	1	1	460	109	9	0	-G
F12_BC72_191109_LF_LIB_consensus_vsearch	1049	A	*/-GAA	569	22	3.49%	2	1	93	93	1.9538351813160615E-7	1	1	460	109	22	0	-GAA
F12_BC72_191109_LF_LIB_consensus_vsearch	1050	G	*/-A	575	8	1.36%	2	2	93	93	0.0038129702806793094	1	1	468	107	3	5	-A
F12_BC72_191109_LF_LIB_consensus_vsearch	1053	A	*/-CAA	605	7	1.1%	2	1	93	93	0.007678901296381563	1	1	496	109	7	0	-CAA
F12_BC72_191109_LF_LIB_consensus_vsearch	1054	C	*/+A	597	8	1.27%	2	1	93	93	0.003816343880444348	1	1	488	109	8	0	+A
F12_BC72_191109_LF_LIB_consensus_vsearch	1054	C	*/-A	597	10	1.59%	2	1	93	93	9.40750980904605E-4	1	1	488	109	10	0	-A
F12_BC72_191109_LF_LIB_consensus_vsearch	1062	A	*/+G	607	9	1.42%	2	1	93	93	0.0018964934696203018	1	1	498	109	9	0	+G
F12_BC72_191109_LF_LIB_consensus_vsearch	1062	A	*/-G	607	12	1.89%	2	2	93	93	2.313500552075147E-4	1	1	498	109	8	4	-G
F12_BC72_191109_LF_LIB_consensus_vsearch	1064	C	*/+A	611	9	1.41%	2	1	93	93	0.00189685601060935	1	1	508	103	9	0	+A
F12_BC72_191109_LF_LIB_consensus_vsearch	1067	A	*/-CA	603	13	2.04%	2	1	93	93	1.1450694355721017E-4	1	1	493	110	13	0	-CA
F12_BC72_191109_LF_LIB_consensus_vsearch	1068	C	*/-A	593	13	2.08%	2	2	93	93	1.1438488570233223E-4	1	1	484	109	11	2	-A
F12_BC72_191109_LF_LIB_consensus_vsearch	1069	A	*/+C	579	10	1.63%	2	1	93	93	9.396687550389984E-4	1	1	469	110	10	0	+C
F12_BC72_191109_LF_LIB_consensus_vsearch	1070	T	*/-A	557	60	9.39%	2	2	93	93	1.920559816734213E-19	1	1	448	109	59	1	-A
F12_BC72_191109_LF_LIB_consensus_vsearch	1071	A	*/-T	510	40	6.96%	2	2	93	93	4.358146708588916E-13	1	1	403	107	39	1	-T
F12_BC72_191109_LF_LIB_consensus_vsearch	1072	T	*/+G	498	18	3.03%	2	1	93	93	3.2806470096594276E-6	1	1	391	107	18	0	+G
F12_BC72_191109_LF_LIB_consensus_vsearch	1074	T	*/+A	576	12	1.88%	2	2	93	93	2.306881496410543E-4	1	1	471	105	9	3	+A
F12_BC72_191109_LF_LIB_consensus_vsearch	1074	T	*/+AA	576	8	1.25%	2	2	93	93	0.0038131291090651434	1	1	471	105	7	1	+A
F12_BC72_191109_LF_LIB_consensus_vsearch	1074	T	*/-A	576	18	2.81%	2	2	93	93	3.347263328889398E-6	1	1	471	105	17	1	-A
F12_BC72_191109_LF_LIB_consensus_vsearch	1083	A	*/+G	605	14	2.19%	2	1	93	93	5.66636261994821E-5	1	1	494	111	14	0	+G
F12_BC72_191109_LF_LIB_consensus_vsearch	1083	A	*/-GA	605	7	1.09%	2	2	93	93	0.007678901296381563	1	1	494	111	5	2	+G
F12_BC72_191109_LF_LIB_consensus_vsearch	1088	A	*/-G	611	9	1.43%	2	2	93	93	0.00189685601060935	1	1	506	105	6	3	-G
F12_BC72_191109_LF_LIB_consensus_vsearch	1091	T	*/+A	512	32	5.06%	2	1	93	93	1.4558603215448828E-10	1	1	405	107	32	0	+A
F12_BC72_191109_LF_LIB_consensus_vsearch	1091	T	*/-A	512	76	12.01%	2	2	93	93	9.911294369562856E-25	1	1	405	107	75	1	-A
F12_BC72_191109_LF_LIB_consensus_vsearch	1094	A	*/-G	609	16	2.52%	2	2	93	93	1.3845327168641099E-5	1	1	504	105	15	1	-G
F12_BC72_191109_LF_LIB_consensus_vsearch	1096	G	*/-A	630	8	1.25%	2	2	93	93	0.003820970297541775	1	1	518	112	7	1	-A
F12_BC72_191109_LF_LIB_consensus_vsearch	1099	G	*/+T	614	9	1.41%	2	1	93	93	0.0018971248849278615	1	1	504	110	9	0	+T
F12_BC72_191109_LF_LIB_consensus_vsearch	1105	T	*/+C	331	16	2.51%	2	2	93	93	1.2785090312088044E-5	1	1	232	99	15	1	+C
F12_BC72_191109_LF_LIB_consensus_vsearch	1105	T	*/-C	331	246	38.62%	2	2	93	93	2.292984613692768E-89	1	1	232	99	239	7	-C
F12_BC72_191109_LF_LIB_consensus_vsearch	1105	T	*/-CC	331	26	4.08%	2	2	93	93	9.29327282446199E-9	1	1	232	99	20	6	-C
F12_BC72_191109_LF_LIB_consensus_vsearch	1105	T	*/-CCC	331	16	2.51%	2	1	93	93	1.2785090312088044E-5	1	1	232	99	16	0	-C
F12_BC72_191109_LF_LIB_consensus_vsearch	1111	A	*/-G	598	12	1.89%	2	2	93	93	2.3116469482417247E-4	1	1	490	108	9	3	-G
F12_BC72_191109_LF_LIB_consensus_vsearch	1116	T	*/+C	606	27	4.25%	2	2	93	93	5.613035933113266E-9	1	1	496	110	25	2	+C
F12_BC72_191109_LF_LIB_consensus_vsearch	1117	C	*/-T	620	14	2.19%	2	2	93	93	5.67644235390304E-5	1	1	511	109	11	3	-T
F12_BC72_191109_LF_LIB_consensus_vsearch	1122	C	*/-A	615	14	2.19%	2	2	93	93	5.673134467445169E-5	1	1	504	111	13	1	-A
F12_BC72_191109_LF_LIB_consensus_vsearch	1125	T	*/+A	599	20	3.13%	2	1	93	93	8.159770083828346E-7	1	1	487	112	20	0	+A
F12_BC72_191109_LF_LIB_consensus_vsearch	1125	T	*/-A	599	8	1.25%	2	1	93	93	0.0038166385111775814	1	1	487	112	8	0	+A
F12_BC72_191109_LF_LIB_consensus_vsearch	1128	C	*/+T	578	20	3.14%	2	2	93	93	8.11446860778249E-7	1	1	474	104	19	1	+T
F12_BC72_191109_LF_LIB_consensus_vsearch	1128	C	*/-T	578	17	2.67%	2	2	93	93	6.79449051358913E-6	1	1	474	104	12	5	+T
F12_BC72_191109_LF_LIB_consensus_vsearch	1128	C	*/-TT	578	11	1.73%	2	1	93	93	4.658118229180549E-4	1	1	474	104	11	0	+T
F12_BC72_191109_LF_LIB_consensus_vsearch	1128	C	*/-TTT	578	7	1.1%	2	1	93	93	0.007672756476313913	1	1	474	104	7	0	+T
F12_BC72_191109_LF_LIB_consensus_vsearch	1135	A	*/-CA	600	24	3.79%	2	2	93	93	4.757567434488484E-8	1	1	491	109	22	2	-CA
F12_BC72_191109_LF_LIB_consensus_vsearch	1143	C	*/-T	618	14	2.2%	2	1	93	93	5.675125317276878E-5	1	1	507	111	14	0	-T
F12_BC72_191109_LF_LIB_consensus_vsearch	1145	G	*/-A	625	12	1.88%	2	1	93	93	2.3170533349430565E-4	1	1	513	112	12	0	-A
F12_BC72_191109_LF_LIB_consensus_vsearch	1149	C	*/+A	428	11	1.74%	2	1	93	93	4.5828417992626897E-4	1	1	321	107	11	0	+A
F12_BC72_191109_LF_LIB_consensus_vsearch	1149	C	*/-G	428	182	28.75%	2	1	93	93	1.9452145455667104E-62	1	1	321	107	182	0	-G
F12_BC72_191109_LF_LIB_consensus_vsearch	1150	G	*/-A	430	9	1.98%	2	1	93	93	0.0018739095280781474	1	1	319	111	9	0	-A
F12_BC72_191109_LF_LIB_consensus_vsearch	1152	A	*/-T	622	7	1.1%	2	2	93	93	0.007682500488298281	1	1	512	110	5	2	-T
F12_BC72_191109_LF_LIB_consensus_vsearch	1156	C	*/-T	625	7	1.09%	2	2	93	93	0.007683115604648609	1	1	521	104	2	5	-T
F12_BC72_191109_LF_LIB_consensus_vsearch	1162	T	*/+C	559	7	1.1%	2	1	93	93	0.007668082173792139	1	1	447	112	7	0	+C
F12_BC72_191109_LF_LIB_consensus_vsearch	1162	T	*/-C	559	67	10.49%	2	1	93	93	1.0485529563564856E-21	1	1	447	112	67	0	-C
F12_BC72_191109_LF_LIB_consensus_vsearch	1165	T	*/-G	498	19	2.99%	2	1	93	93	1.6117409074573944E-6	1	1	388	110	19	0	-G
F12_BC72_191109_LF_LIB_consensus_vsearch	1165	T	*/-GGG	498	102	16.06%	2	1	93	93	1.8012486654819423E-33	1	1	388	110	102	0	-GGG
F12_BC72_191109_LF_LIB_consensus_vsearch	1166	G	*/+A	253	239	46.41%	2	2	93	93	1.5507087354075396E-89	1	1	237	16	147	92	+A
F12_BC72_191109_LF_LIB_consensus_vsearch	1166	G	*/+AG	253	11	2.14%	2	2	93	93	4.390460042919817E-4	1	1	237	16	6	5	+A
F12_BC72_191109_LF_LIB_consensus_vsearch	1169	G	*/-A	631	7	1.09%	2	2	93	93	0.007684328538188862	1	1	520	111	5	2	-A
F12_BC72_191109_LF_LIB_consensus_vsearch	1173	C	*/-T	597	26	4.08%	2	2	93	93	1.1417365757010283E-8	1	1	503	94	11	15	-T
F12_BC72_191109_LF_LIB_consensus_vsearch	1173	C	*/-TT	597	9	1.41%	2	1	93	93	0.0018955663452473773	1	1	503	94	9	0	-T
F12_BC72_191109_LF_LIB_consensus_vsearch	1175	T	*/+C	574	9	1.44%	2	1	93	93	0.0018933142585401675	1	1	478	96	9	0	+C
F12_BC72_191109_LF_LIB_consensus_vsearch	1175	T	*/-C	574	28	4.47%	2	2	93	93	2.701544422721337E-9	1	1	478	96	13	15	-C
F12_BC72_191109_LF_LIB_consensus_vsearch	1179	C	*/+G	591	12	1.9%	2	1	93	93	2.3101676991554602E-4	1	1	481	110	12	0	+G
F12_BC72_191109_LF_LIB_consensus_vsearch	1179	C	*/-A	591	11	1.74%	2	1	93	93	4.6629013023138596E-4	1	1	481	110	11	0	+G
F12_BC72_191109_LF_LIB_consensus_vsearch	1180	A	*/-G	517	17	2.75%	2	2	93	93	6.7037305813230395E-6	1	1	410	107	12	5	-G
F12_BC72_191109_LF_LIB_consensus_vsearch	1182	G	*/-A	627	11	1.72%	2	1	93	93	4.675143289757741E-4	1	1	516	111	11	0	-A
F12_BC72_191109_LF_LIB_consensus_vsearch	1184	A	*/-C	611	9	1.41%	2	2	93	93	0.00189685601060935	1	1	502	109	7	2	-C
F12_BC72_191109_LF_LIB_consensus_vsearch	1188	G	*/-C	565	7	1.1%	2	1	93	93	0.007669591697725923	1	1	455	110	7	0	-C
F12_BC72_191109_LF_LIB_consensus_vsearch	1193	T	*/-A	622	7	1.1%	2	2	93	93	0.007682500488298281	1	1	514	108	3	4	-A
F12_BC72_191109_LF_LIB_consensus_vsearch	1199	G	*/+T	627	7	1.1%	2	1	93	93	0.007683522458510221	1	1	515	112	7	0	+T
F12_BC72_191109_LF_LIB_consensus_vsearch	1200	T	*/+C	620	11	1.73%	2	1	93	93	4.6728707999027204E-4	1	1	522	98	0	11	+C
F12_BC72_191109_LF_LIB_consensus_vsearch	1201	T	*/+C	616	7	1.1%	2	1	93	93	0.0076812525413027955	1	1	513	103	7	0	+C
F12_BC72_191109_LF_LIB_consensus_vsearch	1201	T	*/-C	616	10	1.56%	2	1	93	93	9.418265258818377E-4	1	1	513	103	0	10	-C
F12_BC72_191109_LF_LIB_consensus_vsearch	1203	G	*/-A	626	7	1.1%	2	1	93	93	0.00768331935194577	1	1	515	111	7	0	-A
F12_BC72_191109_LF_LIB_consensus_vsearch	1206	T	*/+G	614	13	2.03%	2	2	93	93	1.1463680759254574E-4	1	1	505	109	12	1	+G
F12_BC72_191109_LF_LIB_consensus_vsearch	1207	A	*/-G	574	12	1.89%	2	2	93	93	2.3064308632724596E-4	1	1	466	108	11	1	-G
F12_BC72_191109_LF_LIB_consensus_vsearch	1210	C	*/+T	564	20	3.14%	2	2	93	93	8.082578584391768E-7	1	1	463	101	19	1	+T
F12_BC72_191109_LF_LIB_consensus_vsearch	1210	C	*/-T	564	41	6.44%	2	2	93	93	2.2552873792980401E-13	1	1	463	101	35	6	-T
F12_BC72_191109_LF_LIB_consensus_vsearch	1214	C	*/+T	602	7	1.1%	2	2	93	93	0.007678245355574117	1	1	494	108	3	4	+T
F12_BC72_191109_LF_LIB_consensus_vsearch	1214	C	*/-G	602	7	1.1%	2	1	93	93	0.007678245355574117	1	1	494	108	7	0	+T
F12_BC72_191109_LF_LIB_consensus_vsearch	1215	G	*/+C	414	9	1.43%	2	2	93	93	0.0018709472608215796	1	1	315	99	8	1	+C
F12_BC72_191109_LF_LIB_consensus_vsearch	1215	G	*/-C	414	170	27.03%	2	2	93	93	3.5199076139361186E-58	1	1	315	99	157	13	-C
F12_BC72_191109_LF_LIB_consensus_vsearch	1223	A	*/+C	554	25	3.96%	2	1	93	93	2.2871665050342805E-8	1	1	450	104	25	0	+C
F12_BC72_191109_LF_LIB_consensus_vsearch	1223	A	*/-C	554	14	2.22%	2	2	93	93	5.6282241107786643E-5	1	1	450	104	9	5	+C
F12_BC72_191109_LF_LIB_consensus_vsearch	1226	C	*/-A	613	8	1.26%	2	1	93	93	0.003818648070932916	1	1	504	109	8	0	-A
F12_BC72_191109_LF_LIB_consensus_vsearch	1227	A	*/-CA	579	38	6.07%	2	2	93	93	2.0213894770322554E-12	1	1	472	107	36	2	-CA
F12_BC72_191109_LF_LIB_consensus_vsearch	1236	G	*/-A	628	7	1.1%	2	1	93	93	0.007683724927463553	1	1	517	111	7	0	-A
F12_BC72_191109_LF_LIB_consensus_vsearch	1239	C	*/-G	621	11	1.73%	2	2	93	93	4.6731984810845727E-4	1	1	511	110	10	1	-G
F12_BC72_191109_LF_LIB_consensus_vsearch	1240	G	*/-A	583	39	6.22%	2	1	93	93	9.836294360574946E-13	1	1	471	112	39	0	-A
F12_BC72_191109_LF_LIB_consensus_vsearch	1241	A	*/-T	565	23	3.86%	2	2	93	93	9.573025140118971E-8	1	1	456	109	21	2	-T
F12_BC72_191109_LF_LIB_consensus_vsearch	1246	C	*/-AC	521	104	16.4%	2	1	93	93	4.584184246216904E-34	1	1	413	108	104	0	-AC
F12_BC72_191109_LF_LIB_consensus_vsearch	1250	T	*/+C	582	49	7.67%	2	1	93	93	6.738208012351273E-16	1	1	474	108	49	0	+C
F12_BC72_191109_LF_LIB_consensus_vsearch	1251	C	*/+A	609	23	3.6%	2	1	93	93	9.723043915724227E-8	1	1	498	111	23	0	+A
F12_BC72_191109_LF_LIB_consensus_vsearch	1252	A	*/-G	602	21	3.3%	2	1	93	93	4.017413432613541E-7	1	1	492	110	21	0	-G
F12_BC72_191109_LF_LIB_consensus_vsearch	1253	G	*/-A	598	11	1.78%	2	1	93	93	4.6653934269962007E-4	1	1	486	112	11	0	-A
F12_BC72_191109_LF_LIB_consensus_vsearch	1257	C	*/-G	605	18	2.83%	2	1	93	93	3.367986186747336E-6	1	1	497	108	18	0	-G
F12_BC72_191109_LF_LIB_consensus_vsearch	1260	T	*/-AC	608	15	2.37%	2	1	93	93	2.8023376029505557E-5	1	1	500	108	15	0	-AC
F12_BC72_191109_LF_LIB_consensus_vsearch	1262	C	*/-G	593	8	1.29%	2	1	93	93	0.0038157487685222483	1	1	484	109	8	0	-G
F12_BC72_191109_LF_LIB_consensus_vsearch	1264	A	*/-G	614	13	2.05%	2	1	93	93	1.1463680759254574E-4	1	1	502	112	13	0	-G
F12_BC72_191109_LF_LIB_consensus_vsearch	1265	G	*/-C	593	16	2.56%	2	2	93	93	1.3809556131308305E-5	1	1	492	101	7	9	-C
F12_BC72_191109_LF_LIB_consensus_vsearch	1268	T	*/+C	593	10	1.57%	2	1	93	93	9.40516008551418E-4	1	1	489	104	10	0	+C
F12_BC72_191109_LF_LIB_consensus_vsearch	1268	T	*/-C	593	23	3.62%	2	2	93	93	9.670753428181014E-8	1	1	489	104	18	5	-C
F12_BC72_191109_LF_LIB_consensus_vsearch	1270	C	*/-A	605	22	3.47%	2	2	93	93	1.9766910756971893E-7	1	1	495	110	21	1	-A
F12_BC72_191109_LF_LIB_consensus_vsearch	1271	A	*/-C	584	16	2.62%	2	1	93	93	1.3788628484243414E-5	1	1	472	112	16	0	-C
F12_BC72_191109_LF_LIB_consensus_vsearch	1274	A	*/+G	587	14	2.21%	2	1	93	93	5.653620887744197E-5	1	1	477	110	14	0	+G
F12_BC72_191109_LF_LIB_consensus_vsearch	1274	A	*/-G	587	22	3.47%	2	1	93	93	1.96557382642815E-7	1	1	477	110	22	0	-G
F12_BC72_191109_LF_LIB_consensus_vsearch	1275	G	*/-A	578	32	5.19%	2	2	93	93	1.5338172947998923E-10	1	1	467	111	31	1	-A
F12_BC72_191109_LF_LIB_consensus_vsearch	1276	A	*/-G	584	13	2.15%	2	2	93	93	1.1427161689440221E-4	1	1	475	109	12	1	-G
F12_BC72_191109_LF_LIB_consensus_vsearch	1277	G	*/-T	604	10	1.6%	2	1	93	93	9.411548951787121E-4	1	1	495	109	10	0	-T
F12_BC72_191109_LF_LIB_consensus_vsearch	1280	T	*/+C	370	15	2.35%	2	1	93	93	2.6557536805524368E-5	1	1	358	12	15	0	+C
F12_BC72_191109_LF_LIB_consensus_vsearch	1280	T	*/-C	370	199	31.14%	2	2	93	93	8.299043780340399E-70	1	1	358	12	134	65	-C
F12_BC72_191109_LF_LIB_consensus_vsearch	1280	T	*/-CC	370	36	5.63%	2	2	93	93	6.46308809154896E-12	1	1	358	12	12	24	-C
F12_BC72_191109_LF_LIB_consensus_vsearch	1280	T	*/-CCC	370	14	2.19%	2	2	93	93	5.409998888327447E-5	1	1	358	12	2	12	-C
F12_BC72_191109_LF_LIB_consensus_vsearch	1285	T	*/+A	19	9	1.41%	2	1	93	93	9.116854288885203E-4	1	1	17	2	9	0	+A
F12_BC72_191109_LF_LIB_consensus_vsearch	1285	T	+G/+G	19	583	91.38%	2	2	93	93	0.0	1	1	17	2	481	102	+G
F12_BC72_191109_LF_LIB_consensus_vsearch	1287	C	*/-T	607	15	2.35%	2	1	93	93	2.8019489369197462E-5	1	1	500	107	15	0	-T
F12_BC72_191109_LF_LIB_consensus_vsearch	1289	T	*/-C	591	12	1.89%	2	1	93	93	2.3101676991554602E-4	1	1	486	105	12	0	-C
F12_BC72_191109_LF_LIB_consensus_vsearch	1291	A	*/+C	530	15	2.35%	2	2	93	93	2.7678914296373578E-5	1	1	423	107	13	2	+C
F12_BC72_191109_LF_LIB_consensus_vsearch	1291	A	*/-C	530	79	12.4%	2	2	93	93	1.1052156801948242E-25	1	1	423	107	77	2	-C
F12_BC72_191109_LF_LIB_consensus_vsearch	1299	C	*/+G	612	13	2.05%	2	1	93	93	1.1461352858371434E-4	1	1	500	112	13	0	+G
F12_BC72_191109_LF_LIB_consensus_vsearch	1300	A	*/-G	603	8	1.26%	2	2	93	93	0.003817222017377877	1	1	494	109	6	2	-G
F12_BC72_191109_LF_LIB_consensus_vsearch	1309	T	*/-C	629	7	1.1%	2	2	93	93	0.007683926761732176	1	1	521	108	3	4	-C
F12_BC72_191109_LF_LIB_consensus_vsearch	1311	A	*/+C	600	10	1.58%	2	1	93	93	9.409252098230042E-4	1	1	489	111	10	0	+C
F12_BC72_191109_LF_LIB_consensus_vsearch	1316	C	*/+T	589	12	1.88%	2	1	93	93	2.3097388431502796E-4	1	1	499	90	12	0	+T
F12_BC72_191109_LF_LIB_consensus_vsearch	1316	C	*/-T	589	29	4.55%	2	2	93	93	1.3307391758082481E-9	1	1	499	90	8	21	-T
F12_BC72_191109_LF_LIB_consensus_vsearch	1319	T	*/+C	616	8	1.25%	2	1	93	93	0.003819067021328395	1	1	506	110	8	0	+C
F12_BC72_191109_LF_LIB_consensus_vsearch	1319	T	*/-C	616	7	1.1%	2	2	93	93	0.0076812525413027955	1	1	506	110	6	1	+C
F12_BC72_191109_LF_LIB_consensus_vsearch	1320	C	*/+A	600	9	1.43%	2	1	93	93	0.0018958476541767384	1	1	498	102	9	0	+A
F12_BC72_191109_LF_LIB_consensus_vsearch	1320	C	*/-G	600	11	1.75%	2	2	93	93	4.666095123248642E-4	1	1	498	102	9	2	-G
F12_BC72_191109_LF_LIB_consensus_vsearch	1324	T	*/+C	603	7	1.1%	2	2	93	93	0.007678464717006819	1	1	493	110	6	1	+C
F12_BC72_191109_LF_LIB_consensus_vsearch	1324	T	*/-C	603	23	3.6%	2	1	93	93	9.703721178724564E-8	1	1	493	110	23	0	-C
F12_BC72_191109_LF_LIB_consensus_vsearch	1329	T	*/+C	587	9	1.41%	2	1	93	93	0.001894608361560784	1	1	477	110	9	0	+C
F12_BC72_191109_LF_LIB_consensus_vsearch	1329	T	*/-C	587	31	4.86%	2	2	93	93	3.166146348053725E-10	1	1	477	110	28	3	-C
F12_BC72_191109_LF_LIB_consensus_vsearch	1330	C	*/+A	596	7	1.15%	2	1	93	93	0.007676913959545329	1	1	487	109	7	0	+A
F12_BC72_191109_LF_LIB_consensus_vsearch	1331	C	*/-T	597	19	2.98%	2	2	93	93	1.656644194685947E-6	1	1	493	104	14	5	-T
F12_BC72_191109_LF_LIB_consensus_vsearch	1331	C	*/-TA	597	12	1.88%	2	2	93	93	2.311437671365465E-4	1	1	493	104	11	1	-T
F12_BC72_191109_LF_LIB_consensus_vsearch	1333	A	*/+C	579	14	2.28%	2	1	93	93	5.647716467319973E-5	1	1	479	100	14	0	+C
F12_BC72_191109_LF_LIB_consensus_vsearch	1339	T	*/+C	616	9	1.42%	2	2	93	93	0.0018973027115589166	1	1	509	107	7	2	+C
F12_BC72_191109_LF_LIB_consensus_vsearch	1340	C	*/+T	621	8	1.25%	2	1	93	93	0.003819756437826965	1	1	518	103	0	8	+T
F12_BC72_191109_LF_LIB_consensus_vsearch	1341	T	*/-ACCT	618	7	1.1%	2	1	93	93	0.007681671177273311	1	1	509	109	7	0	-ACCT
F12_BC72_191109_LF_LIB_consensus_vsearch	1342	A	*/-C	609	7	1.11%	2	2	93	93	0.007679765978387823	1	1	506	103	2	5	-C
F12_BC72_191109_LF_LIB_consensus_vsearch	1354	T	*/-C	628	8	1.25%	2	1	93	93	0.003820703504447891	1	1	516	112	8	0	-C
F12_BC72_191109_LF_LIB_consensus_vsearch	1358	T	*/-A	600	10	1.58%	2	2	93	93	9.409252098230042E-4	1	1	502	98	7	3	-A
F12_BC72_191109_LF_LIB_consensus_vsearch	1362	C	*/-TTC	615	7	1.1%	2	2	93	93	0.007681042217029198	1	1	513	102	6	1	-TTC
F12_BC72_191109_LF_LIB_consensus_vsearch	1364	T	*/-CT	602	12	1.91%	2	1	93	93	2.312477360836041E-4	1	1	510	92	0	12	-CT
F12_BC72_191109_LF_LIB_consensus_vsearch	1365	C	*/-T	592	8	1.29%	2	2	93	93	0.003815598757548882	1	1	514	78	2	6	-T
F12_BC72_191109_LF_LIB_consensus_vsearch	1367	G	*/-CG	615	9	1.42%	2	1	93	93	0.0018972139396271118	1	1	514	101	0	9	-CG
F12_BC72_191109_LF_LIB_consensus_vsearch	1377	T	*/+C	609	20	3.12%	2	1	93	93	8.180345158282228E-7	1	1	497	112	20	0	+C
F12_BC72_191109_LF_LIB_consensus_vsearch	1378	C	*/+A	622	8	1.26%	2	1	93	93	0.0038198930148462262	1	1	512	110	8	0	+A
F12_BC72_191109_LF_LIB_consensus_vsearch	1379	G	*/+A	549	10	1.57%	2	1	93	93	9.37712000234479E-4	1	1	438	111	10	0	+A
F12_BC72_191109_LF_LIB_consensus_vsearch	1383	C	*/-TC	611	7	1.1%	2	1	93	93	0.007680194135688583	1	1	505	106	7	0	-TC
F12_BC72_191109_LF_LIB_consensus_vsearch	1384	T	*/+C	489	14	2.23%	2	1	93	93	5.568771535207834E-5	1	1	382	107	14	0	+C
F12_BC72_191109_LF_LIB_consensus_vsearch	1384	T	*/-C	489	120	19.11%	2	1	93	93	1.1168421816944552E-39	1	1	382	107	120	0	-C
F12_BC72_191109_LF_LIB_consensus_vsearch	1387	A	*/+G	34	107	16.96%	2	1	93	93	5.439474865635192E-48	1	1	32	2	107	0	+G
F12_BC72_191109_LF_LIB_consensus_vsearch	1387	A	*/+GC	34	7	1.11%	2	1	93	93	0.005913566040148227	1	1	32	2	0	7	+G
F12_BC72_191109_LF_LIB_consensus_vsearch	1387	A	*/+GT	34	433	68.62%	2	2	93	93	1.7706359680046276E-227	1	1	32	2	337	96	+GT
F12_BC72_191109_LF_LIB_consensus_vsearch	1387	A	*/+GTA	34	24	3.8%	2	2	93	93	2.918597608777016E-9	1	1	32	2	22	2	+GT
F12_BC72_191109_LF_LIB_consensus_vsearch	1388	A	*/+T	503	9	1.42%	2	1	93	93	0.0018850978568829356	1	1	394	109	9	0	+T
F12_BC72_191109_LF_LIB_consensus_vsearch	1390	A	*/-G	615	8	1.25%	2	2	93	93	0.0038189278171456382	1	1	509	106	6	2	-G
F12_BC72_191109_LF_LIB_consensus_vsearch	1394	T	*/-C	588	42	6.56%	2	2	93	93	1.1215163023136082E-13	1	1	481	107	37	5	-C
F12_BC72_191109_LF_LIB_consensus_vsearch	1394	T	*/-CC	588	7	1.09%	2	1	93	93	0.007675097138165556	1	1	481	107	7	0	-C
F12_BC72_191109_LF_LIB_consensus_vsearch	1397	C	*/+T	580	14	2.19%	2	1	93	93	5.648462977218392E-5	1	1	510	70	0	14	+T
F12_BC72_191109_LF_LIB_consensus_vsearch	1403	T	*/+C	623	8	1.25%	2	1	93	93	0.0038200291612249474	1	1	513	110	8	0	+C
F12_BC72_191109_LF_LIB_consensus_vsearch	1404	C	*/-A	615	13	2.04%	2	1	93	93	1.1464839269418865E-4	1	1	503	112	13	0	-A
F12_BC72_191109_LF_LIB_consensus_vsearch	1406	C	*/-T	605	8	1.26%	2	2	93	93	0.003817510930198833	1	1	500	105	3	5	-T
F12_BC72_191109_LF_LIB_consensus_vsearch	1406	C	*/-TT	605	17	2.69%	2	2	93	93	6.829222805366522E-6	1	1	500	105	16	1	-TT
F12_BC72_191109_LF_LIB_consensus_vsearch	1409	T	*/+C	623	7	1.09%	2	1	93	93	0.007682706175917277	1	1	518	105	7	0	+C
F12_BC72_191109_LF_LIB_consensus_vsearch	1409	T	*/-C	623	9	1.41%	2	2	93	93	0.0018979163093137406	1	1	518	105	1	8	-C
F12_BC72_191109_LF_LIB_consensus_vsearch	1411	A	*/+T	590	31	4.87%	2	1	93	93	3.172202512667334E-10	1	1	479	111	31	0	+T
F12_BC72_191109_LF_LIB_consensus_vsearch	1411	A	*/-T	590	13	2.04%	2	1	93	93	1.1434749666655842E-4	1	1	479	111	13	0	+T
F12_BC72_191109_LF_LIB_consensus_vsearch	1421	T	*/-G	608	12	1.9%	2	2	93	93	2.3137032450377607E-4	1	1	503	105	10	2	-G
F12_BC72_191109_LF_LIB_consensus_vsearch	1424	G	*/+T	573	41	6.41%	2	1	93	93	2.2793987553448875E-13	1	1	463	110	41	0	+T
F12_BC72_191109_LF_LIB_consensus_vsearch	1424	G	*/+TT	573	9	1.41%	2	1	93	93	0.0018932123374629899	1	1	463	110	9	0	+T
F12_BC72_191109_LF_LIB_consensus_vsearch	1424	G	*/-T	573	12	1.88%	2	2	93	93	2.3062044129554138E-4	1	1	463	110	9	3	-T
F12_BC72_191109_LF_LIB_consensus_vsearch	1430	C	*/-AC	589	20	3.15%	2	1	93	93	8.138562594676353E-7	1	1	486	103	20	0	-AC
F12_BC72_191109_LF_LIB_consensus_vsearch	1431	A	*/+C	565	10	1.62%	2	1	93	93	9.387807192830865E-4	1	1	458	107	10	0	+C
F12_BC72_191109_LF_LIB_consensus_vsearch	1431	A	*/-C	565	12	1.95%	2	2	93	93	2.3043650914873222E-4	1	1	458	107	8	4	-C
F12_BC72_191109_LF_LIB_consensus_vsearch	1432	C	*/+T	584	9	1.48%	2	2	93	93	0.0018943147174077597	1	1	487	97	1	8	+T
F12_BC72_191109_LF_LIB_consensus_vsearch	1434	C	*/+A	529	33	5.16%	2	1	93	93	7.176197907231632E-11	1	1	417	112	33	0	+A
F12_BC72_191109_LF_LIB_consensus_vsearch	1434	C	*/-A	529	44	6.88%	2	1	93	93	2.4095569892261068E-14	1	1	417	112	44	0	-A
F12_BC72_191109_LF_LIB_consensus_vsearch	1434	C	*/-AA	529	17	2.66%	2	2	93	93	6.723109338714888E-6	1	1	417	112	16	1	-A
F12_BC72_191109_LF_LIB_consensus_vsearch	1438	G	*/+A	618	8	1.26%	2	1	93	93	0.003819344102536125	1	1	506	112	8	0	+A
F12_BC72_191109_LF_LIB_consensus_vsearch	1444	C	*/-AC	610	9	1.42%	2	1	93	93	0.0018967658112020432	1	1	502	108	9	0	-AC
F12_BC72_191109_LF_LIB_consensus_vsearch	1446	C	*/+A	596	10	1.6%	2	1	93	93	9.406925254444043E-4	1	1	484	112	10	0	+A
F12_BC72_191109_LF_LIB_consensus_vsearch	1446	C	*/-G	596	8	1.28%	2	1	93	93	0.0038161958373891486	1	1	484	112	8	0	+A
F12_BC72_191109_LF_LIB_consensus_vsearch	1448	C	*/+A	553	15	2.37%	2	2	93	93	2.7789983577292E-5	1	1	443	110	14	1	+A
F12_BC72_191109_LF_LIB_consensus_vsearch	1448	C	*/-A	553	30	4.75%	2	1	93	93	6.351166760358881E-10	1	1	443	110	30	0	-A
F12_BC72_191109_LF_LIB_consensus_vsearch	1453	T	*/+G	599	23	3.6%	2	1	93	93	9.690650230136011E-8	1	1	488	111	23	0	+G
F12_BC72_191109_LF_LIB_consensus_vsearch	1454	A	*/-G	597	24	3.79%	2	1	93	93	4.752289061662305E-8	1	1	485	112	24	0	-G
F12_BC72_191109_LF_LIB_consensus_vsearch	1458	T	*/-C	605	20	3.16%	2	2	93	93	8.172189201112594E-7	1	1	513	92	8	12	-C
F12_BC72_191109_LF_LIB_consensus_vsearch	1460	C	*/-T	611	13	2.03%	2	2	93	93	1.1460183433533657E-4	1	1	517	94	3	10	-T
F12_BC72_191109_LF_LIB_consensus_vsearch	1465	T	*/-C	620	11	1.72%	2	1	93	93	4.6728707999027204E-4	1	1	510	110	11	0	-C
F12_BC72_191109_LF_LIB_consensus_vsearch	1470	G	*/-T	615	12	1.88%	2	1	93	93	2.315104309433486E-4	1	1	504	111	12	0	-T
F12_BC72_191109_LF_LIB_consensus_vsearch	1473	T	*/+C	614	17	2.66%	2	1	93	93	6.840167500356229E-6	1	1	506	108	17	0	+C
F12_BC72_191109_LF_LIB_consensus_vsearch	1474	C	*/-A	601	23	3.6%	2	2	93	93	9.697204837326437E-8	1	1	492	109	22	1	-A
F12_BC72_191109_LF_LIB_consensus_vsearch	1479	C	*/-G	600	17	2.66%	2	2	93	93	6.823010376694416E-6	1	1	500	100	8	9	-G
F12_BC72_191109_LF_LIB_consensus_vsearch	1484	C	*/+A	603	7	1.11%	2	1	93	93	0.007678464717006819	1	1	493	110	7	0	+A
F12_BC72_191109_LF_LIB_consensus_vsearch	1484	C	*/+G	603	7	1.11%	2	1	93	93	0.007678464717006819	1	1	493	110	7	0	+A
F12_BC72_191109_LF_LIB_consensus_vsearch	1486	C	*/-T	602	8	1.27%	2	2	93	93	0.003817076854362142	1	1	493	109	7	1	-T
F12_BC72_191109_LF_LIB_consensus_vsearch	1486	C	*/-TT	602	12	1.9%	2	1	93	93	2.312477360836041E-4	1	1	493	109	12	0	-TT
F12_BC72_191109_LF_LIB_consensus_vsearch	1488	T	*/+A	519	42	6.72%	2	2	93	93	1.0246749933969126E-13	1	1	411	108	41	1	+A
F12_BC72_191109_LF_LIB_consensus_vsearch	1488	T	*/-A	519	31	4.96%	2	2	93	93	3.014538898324231E-10	1	1	411	108	29	2	+A
F12_BC72_191109_LF_LIB_consensus_vsearch	1491	A	*/-G	622	7	1.1%	2	1	93	93	0.007682500488298281	1	1	509	113	7	0	-G
F12_BC72_191109_LF_LIB_consensus_vsearch	1495	A	*/-T	614	12	1.89%	2	2	93	93	2.3149060421235934E-4	1	1	517	97	3	9	-T
F12_BC72_191109_LF_LIB_consensus_vsearch	1505	C	*/-A	554	68	10.68%	2	1	93	93	4.8819704255796775E-22	1	1	443	111	68	0	-A
F12_BC72_191109_LF_LIB_consensus_vsearch	1507	A	*/+G	618	8	1.27%	2	1	93	93	0.003819344102536125	1	1	506	112	8	0	+G
F12_BC72_191109_LF_LIB_consensus_vsearch	1508	A	*/-G	621	12	1.88%	2	1	93	93	2.31628098627824E-4	1	1	508	113	12	0	-G
F12_BC72_191109_LF_LIB_consensus_vsearch	1509	G	*/+A	616	8	1.27%	2	1	93	93	0.003819067021328395	1	1	504	112	8	0	+A
F12_BC72_191109_LF_LIB_consensus_vsearch	1514	C	*/+AA	603	7	1.1%	2	1	93	93	0.007678464717006819	1	1	517	86	0	7	+AA
F12_BC72_191109_LF_LIB_consensus_vsearch	1516	C	*/-TA	612	7	1.11%	2	2	93	93	0.007680407180211814	1	1	513	99	1	6	-TA
F12_BC72_191109_LF_LIB_consensus_vsearch	1517	T	*/+A	368	68	10.93%	2	1	93	93	1.9896545113649891E-22	1	1	273	95	68	0	+A
F12_BC72_191109_LF_LIB_consensus_vsearch	1517	T	*/+AA	368	7	1.13%	2	1	93	93	0.007594922120899784	1	1	273	95	7	0	+A
F12_BC72_191109_LF_LIB_consensus_vsearch	1517	T	*/-A	368	89	14.31%	2	2	93	93	1.3936829888342796E-29	1	1	273	95	87	2	-A
F12_BC72_191109_LF_LIB_consensus_vsearch	1517	T	*/-AA	368	80	12.86%	2	2	93	93	1.7145038145028012E-26	1	1	273	95	79	1	-A
F12_BC72_191109_LF_LIB_consensus_vsearch	1526	G	*/+C	614	8	1.26%	2	1	93	93	0.0038187881677128523	1	1	503	111	8	0	+C
F12_BC72_191109_LF_LIB_consensus_vsearch	1526	G	*/-C	614	9	1.42%	2	1	93	93	0.0018971248849278615	1	1	503	111	9	0	-C
F12_BC72_191109_LF_LIB_consensus_vsearch	1535	T	*/+C	600	11	1.72%	2	1	93	93	4.666095123248642E-4	1	1	487	113	11	0	+C
F12_BC72_191109_LF_LIB_consensus_vsearch	1535	T	*/-C	600	24	3.75%	2	1	93	93	4.757567434488484E-8	1	1	487	113	24	0	-C
F12_BC72_191109_LF_LIB_consensus_vsearch	1539	T	*/+C	563	15	2.42%	2	2	93	93	2.7835610801038993E-5	1	1	457	106	13	2	+C
F12_BC72_191109_LF_LIB_consensus_vsearch	1539	T	*/-C	563	8	1.29%	2	2	93	93	0.0038110211985538677	1	1	457	106	6	2	+C
F12_BC72_191109_LF_LIB_consensus_vsearch	1539	T	*/-CC	563	14	2.26%	2	1	93	93	5.6354304075806794E-5	1	1	457	106	14	0	-CC
F12_BC72_191109_LF_LIB_consensus_vsearch	1542	C	*/+A	609	12	1.88%	2	1	93	93	2.313905296735276E-4	1	1	519	90	0	12	+A
F12_BC72_191109_LF_LIB_consensus_vsearch	1549	C	*/+A	608	16	2.53%	2	1	93	93	1.3843143251108883E-5	1	1	499	109	16	0	+A
F12_BC72_191109_LF_LIB_consensus_vsearch	1558	T	*/+A	616	12	1.88%	2	2	93	93	2.3153019563630506E-4	1	1	519	97	2	10	+A
F12_BC72_191109_LF_LIB_consensus_vsearch	1561	C	*/+A	574	17	2.66%	2	2	93	93	6.7890871943561975E-6	1	1	484	90	14	3	+A
F12_BC72_191109_LF_LIB_consensus_vsearch	1561	C	*/+G	574	7	1.1%	2	1	93	93	0.007671797729860669	1	1	484	90	7	0	+A
F12_BC72_191109_LF_LIB_consensus_vsearch	1561	C	*/-A	574	16	2.51%	2	2	93	93	1.3764655753705977E-5	1	1	484	90	8	8	-A
F12_BC72_191109_LF_LIB_consensus_vsearch	1575	G	*/+C	601	15	2.36%	2	1	93	93	2.7995912793602184E-5	1	1	493	108	15	0	+C
F12_BC72_191109_LF_LIB_consensus_vsearch	1575	G	*/-C	601	14	2.2%	2	1	93	93	5.663593861785446E-5	1	1	493	108	14	0	+C
F12_BC72_191109_LF_LIB_consensus_vsearch	1577	C	*/+A	608	7	1.09%	2	1	93	93	0.007679550858895406	1	1	509	99	7	0	+A
F12_BC72_191109_LF_LIB_consensus_vsearch	1577	C	*/-G	608	11	1.72%	2	2	93	93	4.66885719967091E-4	1	1	509	99	1	10	-G
F12_BC72_191109_LF_LIB_consensus_vsearch	1579	G	*/-A	602	34	5.32%	2	1	93	93	3.700283431858051E-11	1	1	490	112	34	0	-A
F12_BC72_191109_LF_LIB_consensus_vsearch	1580	A	*/-G	584	10	1.65%	2	1	93	93	9.39975879151716E-4	1	1	472	112	10	0	-G
F12_BC72_191109_LF_LIB_consensus_vsearch	1582	C	*/-T	606	7	1.1%	2	2	93	93	0.007679118521310854	1	1	505	101	4	3	-T
F12_BC72_191109_LF_LIB_consensus_vsearch	1584	G	*/-C	605	16	2.52%	2	1	93	93	1.3836550850951309E-5	1	1	494	111	16	0	-C
F12_BC72_191109_LF_LIB_consensus_vsearch	1586	C	*/-A	602	15	2.35%	2	1	93	93	2.7999873059601364E-5	1	1	498	104	15	0	-A
F12_BC72_191109_LF_LIB_consensus_vsearch	1587	A	*/-CA	565	32	5.14%	2	2	93	93	1.5195623258827625E-10	1	1	462	103	28	4	-CA
F12_BC72_191109_LF_LIB_consensus_vsearch	1589	A	*/+T	580	11	1.81%	2	1	93	93	4.658867581677564E-4	1	1	477	103	11	0	+T
F12_BC72_191109_LF_LIB_consensus_vsearch	1591	T	*/+C	607	23	3.61%	2	1	93	93	9.716640390950243E-8	1	1	497	110	23	0	+C
F12_BC72_191109_LF_LIB_consensus_vsearch	1592	C	*/+A	586	19	3%	2	1	93	93	1.6523389243905286E-6	1	1	494	92	19	0	+A
F12_BC72_191109_LF_LIB_consensus_vsearch	1592	C	*/-A	586	9	1.42%	2	2	93	93	0.0018945108065208946	1	1	494	92	2	7	+A
F12_BC72_191109_LF_LIB_consensus_vsearch	1592	C	*/-AA	586	12	1.89%	2	1	93	93	2.3090902793379252E-4	1	1	494	92	0	12	-AA
F12_BC72_191109_LF_LIB_consensus_vsearch	1594	A	*/-G	593	25	3.98%	2	1	93	93	2.326482544109926E-8	1	1	498	95	25	0	-G
F12_BC72_191109_LF_LIB_consensus_vsearch	1598	A	*/-C	585	38	5.95%	2	2	93	93	2.033222789332208E-12	1	1	490	95	30	8	-C
F12_BC72_191109_LF_LIB_consensus_vsearch	1601	C	*/+T	541	18	2.82%	2	2	93	93	3.319545137624332E-6	1	1	467	74	13	5	+T
F12_BC72_191109_LF_LIB_consensus_vsearch	1601	C	*/-T	541	56	8.76%	2	2	93	93	3.5862124229687E-18	1	1	467	74	37	19	-T
F12_BC72_191109_LF_LIB_consensus_vsearch	1601	C	*/-TT	541	10	1.56%	2	2	93	93	9.371546456216187E-4	1	1	467	74	2	8	-T
F12_BC72_191109_LF_LIB_consensus_vsearch	1605	T	*/-C	618	8	1.25%	2	2	93	93	0.003819344102536125	1	1	516	102	4	4	-C
F12_BC72_191109_LF_LIB_consensus_vsearch	1609	T	*/+C	619	15	2.34%	2	1	93	93	2.8065344971487303E-5	1	1	508	111	15	0	+C
F12_BC72_191109_LF_LIB_consensus_vsearch	1610	C	*/+A	620	8	1.25%	2	1	93	93	0.0038196194281571397	1	1	507	113	8	0	+A
F12_BC72_191109_LF_LIB_consensus_vsearch	1614	C	*/+A	538	61	9.58%	2	1	93	93	8.672643443354189E-20	1	1	426	112	61	0	+A
F12_BC72_191109_LF_LIB_consensus_vsearch	1614	C	*/+AG	538	12	1.88%	2	1	93	93	2.2977702410449847E-4	1	1	426	112	12	0	+A
F12_BC72_191109_LF_LIB_consensus_vsearch	1614	C	*/-G	538	9	1.41%	2	1	93	93	0.0018894124030413505	1	1	426	112	9	0	+A
F12_BC72_191109_LF_LIB_consensus_vsearch	1615	G	*/-A	600	15	2.38%	2	2	93	93	2.7991940056994497E-5	1	1	492	108	11	4	-A
F12_BC72_191109_LF_LIB_consensus_vsearch	1619	T	*/+G	605	13	2.04%	2	1	93	93	1.1453089151739446E-4	1	1	499	106	13	0	+G
F12_BC72_191109_LF_LIB_consensus_vsearch	1619	T	*/-A	605	7	1.1%	2	1	93	93	0.007678901296381563	1	1	499	106	7	0	+G
F12_BC72_191109_LF_LIB_consensus_vsearch	1621	G	*/-A	627	9	1.41%	2	1	93	93	0.0018982609183489257	1	1	514	113	9	0	-A
F12_BC72_191109_LF_LIB_consensus_vsearch	1623	C	*/+A	579	7	1.1%	2	1	93	93	0.007672994124905477	1	1	466	113	7	0	+A
F12_BC72_191109_LF_LIB_consensus_vsearch	1623	C	*/-G	579	18	2.83%	2	1	93	93	3.3494956774692988E-6	1	1	466	113	18	0	-G
F12_BC72_191109_LF_LIB_consensus_vsearch	1623	C	*/-GC	579	22	3.46%	2	1	93	93	1.960436404195043E-7	1	1	466	113	22	0	-GC
F12_BC72_191109_LF_LIB_consensus_vsearch	1625	C	*/+TT	572	18	2.94%	2	1	93	93	3.344253372681461E-6	1	1	461	111	18	0	+TT
F12_BC72_191109_LF_LIB_consensus_vsearch	1628	G	*/-C	545	83	13.01%	2	1	93	93	5.676395789400339E-27	1	1	433	112	83	0	-C
F12_BC72_191109_LF_LIB_consensus_vsearch	1634	C	*/-A	596	37	5.79%	2	1	93	93	4.232582535912926E-12	1	1	488	108	37	0	-A
F12_BC72_191109_LF_LIB_consensus_vsearch	1636	A	*/-C	598	18	2.81%	2	1	93	93	3.3631539336838833E-6	1	1	489	109	18	0	-C
F12_BC72_191109_LF_LIB_consensus_vsearch	1638	C	*/+A	544	14	2.19%	2	2	93	93	5.619952498505845E-5	1	1	435	109	13	1	+A
F12_BC72_191109_LF_LIB_consensus_vsearch	1638	C	*/+AA	544	8	1.25%	2	1	93	93	0.0038077628791647437	1	1	435	109	8	0	+A
F12_BC72_191109_LF_LIB_consensus_vsearch	1638	C	*/-A	544	57	8.92%	2	2	93	93	1.7216776085961881E-18	1	1	435	109	56	1	-A
F12_BC72_191109_LF_LIB_consensus_vsearch	1638	C	*/-AA	544	7	1.1%	2	1	93	93	0.007664165065188001	1	1	435	109	7	0	-A
F12_BC72_191109_LF_LIB_consensus_vsearch	1640	A	*/-G	560	31	4.91%	2	1	93	93	3.1093698562724354E-10	1	1	448	112	31	0	-G
F12_BC72_191109_LF_LIB_consensus_vsearch	1640	A	*/-GA	560	22	3.48%	2	1	93	93	1.9477163910382986E-7	1	1	448	112	22	0	-G
F12_BC72_191109_LF_LIB_consensus_vsearch	1647	C	*/-A	583	42	6.57%	2	2	93	93	1.1149741505273988E-13	1	1	473	110	41	1	-A
F12_BC72_191109_LF_LIB_consensus_vsearch	1647	C	*/-AC	583	9	1.41%	2	1	93	93	0.0018942161800671361	1	1	473	110	9	0	-A
F12_BC72_191109_LF_LIB_consensus_vsearch	1648	A	*/-C	559	11	1.87%	2	1	93	93	4.6507410995373774E-4	1	1	452	107	11	0	-C
F12_BC72_191109_LF_LIB_consensus_vsearch	1649	C	*/+AC	552	13	2.12%	2	1	93	93	1.1384035972199544E-4	1	1	442	110	13	0	+AC
F12_BC72_191109_LF_LIB_consensus_vsearch	1654	C	*/+A	594	7	1.1%	2	1	93	93	0.0076764642733761	1	1	483	111	7	0	+A
F12_BC72_191109_LF_LIB_consensus_vsearch	1654	C	*/-A	594	30	4.72%	2	1	93	93	6.516936437103664E-10	1	1	483	111	30	0	-A
F12_BC72_191109_LF_LIB_consensus_vsearch	1655	A	*/-GA	583	11	1.8%	2	1	93	93	4.65998228714525E-4	1	1	470	113	11	0	-GA
F12_BC72_191109_LF_LIB_consensus_vsearch	1660	C	*/+A	596	14	2.2%	2	2	93	93	5.660083223156595E-5	1	1	494	102	13	1	+A
F12_BC72_191109_LF_LIB_consensus_vsearch	1660	C	*/-A	596	17	2.67%	2	2	93	93	6.817970620454918E-6	1	1	494	102	13	4	-A
F12_BC72_191109_LF_LIB_consensus_vsearch	1662	A	*/-G	603	11	1.73%	2	2	93	93	4.667139217478047E-4	1	1	500	103	9	2	-G
F12_BC72_191109_LF_LIB_consensus_vsearch	1666	T	*/+G	602	16	2.52%	2	2	93	93	1.3829896814827522E-5	1	1	493	109	15	1	+G
F12_BC72_191109_LF_LIB_consensus_vsearch	1667	G	*/-A	623	7	1.1%	2	1	93	93	0.007682706175917277	1	1	510	113	7	0	-A
F12_BC72_191109_LF_LIB_consensus_vsearch	1668	A	*/+G	605	14	2.21%	2	2	93	93	5.66636261994821E-5	1	1	494	111	13	1	+G
F12_BC72_191109_LF_LIB_consensus_vsearch	1672	T	*/+C	566	54	8.54%	2	1	93	93	1.661169365729263E-17	1	1	458	108	54	0	+C
F12_BC72_191109_LF_LIB_consensus_vsearch	1673	C	*/-G	575	42	6.66%	2	2	93	93	1.1043604469625486E-13	1	1	500	75	6	36	-G
F12_BC72_191109_LF_LIB_consensus_vsearch	1675	G	*/-A	621	9	1.41%	2	1	93	93	0.0018977423763799528	1	1	508	113	9	0	-A
F12_BC72_191109_LF_LIB_consensus_vsearch	1681	G	*/-CG	607	15	2.37%	2	1	93	93	2.8019489369197462E-5	1	1	495	112	15	0	-CG
F12_BC72_191109_LF_LIB_consensus_vsearch	1684	A	*/-C	610	7	1.11%	2	2	93	93	0.007679980402859511	1	1	500	110	6	1	-C
F12_BC72_191109_LF_LIB_consensus_vsearch	1685	C	*/-T	619	7	1.11%	2	2	93	93	0.007681879495413374	1	1	509	110	5	2	-T
F12_BC72_191109_LF_LIB_consensus_vsearch	1689	C	*/-T	598	22	3.46%	2	1	93	93	1.972438369736739E-7	1	1	491	107	22	0	-T
F12_BC72_191109_LF_LIB_consensus_vsearch	1689	C	*/-TT	598	10	1.57%	2	2	93	93	9.408092461695015E-4	1	1	491	107	8	2	-T
F12_BC72_191109_LF_LIB_consensus_vsearch	1691	T	*/+C	575	20	3.18%	2	2	93	93	8.107753059056237E-7	1	1	478	97	13	7	+C
F12_BC72_191109_LF_LIB_consensus_vsearch	1692	C	*/+A	575	14	2.23%	2	1	93	93	5.6447057855957204E-5	1	1	473	102	14	0	+A
F12_BC72_191109_LF_LIB_consensus_vsearch	1692	C	*/-A	575	17	2.7%	2	2	93	93	6.790444562646919E-6	1	1	473	102	13	4	-A
F12_BC72_191109_LF_LIB_consensus_vsearch	1694	A	*/-G	607	9	1.42%	2	1	93	93	0.0018964934696203018	1	1	506	101	9	0	-G
F12_BC72_191109_LF_LIB_consensus_vsearch	1695	G	*/+C	597	8	1.28%	2	2	93	93	0.003816343880444348	1	1	492	105	5	3	+C
F12_BC72_191109_LF_LIB_consensus_vsearch	1696	C	*/+T	612	8	1.26%	2	1	93	93	0.0038185075246258285	1	1	513	99	0	8	+T
F12_BC72_191109_LF_LIB_consensus_vsearch	1697	G	*/+T	568	8	1.27%	2	1	93	93	0.003811843128951762	1	1	460	108	8	0	+T
F12_BC72_191109_LF_LIB_consensus_vsearch	1697	G	*/-T	568	44	7%	2	2	93	93	2.550217673237564E-14	1	1	460	108	43	1	-T
F12_BC72_191109_LF_LIB_consensus_vsearch	1700	T	*/+C	511	22	3.48%	2	2	93	93	1.9111089364878963E-7	1	1	432	79	18	4	+C
F12_BC72_191109_LF_LIB_consensus_vsearch	1700	T	*/-C	511	85	13.43%	2	2	93	93	1.0260093070452718E-27	1	1	432	79	59	26	-C
F12_BC72_191109_LF_LIB_consensus_vsearch	1703	C	*/-T	611	19	2.97%	2	2	93	93	1.661918148809788E-6	1	1	505	106	16	3	-T
F12_BC72_191109_LF_LIB_consensus_vsearch	1705	A	*/-C	604	18	2.83%	2	2	93	93	3.3673021982370338E-6	1	1	493	111	17	1	-C
F12_BC72_191109_LF_LIB_consensus_vsearch	1710	C	*/-A	620	7	1.11%	2	2	93	93	0.007682087151165184	1	1	512	108	6	1	-A
F12_BC72_191109_LF_LIB_consensus_vsearch	1712	A	*/+T	612	10	1.57%	2	2	93	93	9.416054977802662E-4	1	1	503	109	8	2	+T
F12_BC72_191109_LF_LIB_consensus_vsearch	1716	C	*/-AC	596	37	5.8%	2	1	93	93	4.232582535912926E-12	1	1	486	110	37	0	-AC
F12_BC72_191109_LF_LIB_consensus_vsearch	1724	G	*/-T	611	10	1.57%	2	1	93	93	9.415498005924852E-4	1	1	501	110	10	0	-T
F12_BC72_191109_LF_LIB_consensus_vsearch	1733	T	*/-CT	586	28	4.42%	2	2	93	93	2.718957398363433E-9	1	1	506	80	12	16	-CT
F12_BC72_191109_LF_LIB_consensus_vsearch	1733	T	*/-CTT	586	13	2.05%	2	2	93	93	1.1429707523026712E-4	1	1	506	80	1	12	-CT
F12_BC72_191109_LF_LIB_consensus_vsearch	1734	C	*/-T	565	21	3.52%	2	2	93	93	3.973409109396266E-7	1	1	500	65	4	17	-T
F12_BC72_191109_LF_LIB_consensus_vsearch	1735	T	*/+CT	555	12	2.09%	2	2	93	93	2.30199436603214E-4	1	1	491	64	11	1	+CT
F12_BC72_191109_LF_LIB_consensus_vsearch	1737	T	*/-C	545	87	13.59%	2	1	93	93	2.687589834526234E-28	1	1	433	112	87	0	-C
F12_BC72_191109_LF_LIB_consensus_vsearch	1739	C	*/+A	540	23	3.62%	2	2	93	93	9.478340558055193E-8	1	1	428	112	22	1	+A
F12_BC72_191109_LF_LIB_consensus_vsearch	1739	C	*/-A	540	57	8.96%	2	1	93	93	1.7048689989699982E-18	1	1	428	112	57	0	-A
F12_BC72_191109_LF_LIB_consensus_vsearch	1746	C	*/+T	541	19	2.98%	2	2	93	93	1.633073814358291E-6	1	1	437	104	15	4	+T
F12_BC72_191109_LF_LIB_consensus_vsearch	1746	C	*/-T	541	71	11.13%	2	2	93	93	4.905473404005009E-23	1	1	437	104	70	1	-T
F12_BC72_191109_LF_LIB_consensus_vsearch	1754	C	*/+T	584	14	2.2%	2	2	93	93	5.651424735111487E-5	1	1	487	97	7	7	+T
F12_BC72_191109_LF_LIB_consensus_vsearch	1754	C	*/-T	584	13	2.04%	2	2	93	93	1.1427161689440221E-4	1	1	487	97	5	8	+T
F12_BC72_191109_LF_LIB_consensus_vsearch	1754	C	*/-TT	584	15	2.35%	2	1	93	93	2.792663100107862E-5	1	1	487	97	15	0	-TT
F12_BC72_191109_LF_LIB_consensus_vsearch	1757	T	*/+C	551	16	2.5%	2	2	93	93	1.3706438903741324E-5	1	1	484	67	7	9	+C
F12_BC72_191109_LF_LIB_consensus_vsearch	1757	T	*/-C	551	65	10.16%	2	2	93	93	4.559571416561958E-21	1	1	484	67	30	35	-C
F12_BC72_191109_LF_LIB_consensus_vsearch	1761	T	*/+C	613	12	1.89%	2	1	93	93	2.3147071514967828E-4	1	1	504	109	12	0	+C
F12_BC72_191109_LF_LIB_consensus_vsearch	1771	T	*/+A	619	9	1.41%	2	1	93	93	0.0018975673441181103	1	1	508	111	9	0	+A
F12_BC72_191109_LF_LIB_consensus_vsearch	1775	C	*/-G	602	22	3.46%	2	1	93	93	1.9748792575712198E-7	1	1	491	111	22	0	-G
F12_BC72_191109_LF_LIB_consensus_vsearch	1780	T	*/+C	619	15	2.35%	2	1	93	93	2.8065344971487303E-5	1	1	508	111	15	0	+C
F12_BC72_191109_LF_LIB_consensus_vsearch	1784	T	*/-C	624	8	1.26%	2	1	93	93	0.003820164879001387	1	1	512	112	8	0	-C
F12_BC72_191109_LF_LIB_consensus_vsearch	1787	T	*/-C	565	18	2.82%	2	2	93	93	3.3388917550220514E-6	1	1	454	111	16	2	-C
F12_BC72_191109_LF_LIB_consensus_vsearch	1787	T	*/-CC	565	48	7.52%	2	1	93	93	1.3638392351633497E-15	1	1	454	111	48	0	-CC
F12_BC72_191109_LF_LIB_consensus_vsearch	1790	C	*/-G	556	9	1.41%	2	2	93	93	0.0018914249519062073	1	1	488	68	6	3	-G
F12_BC72_191109_LF_LIB_consensus_vsearch	1790	C	*/-GA	556	18	2.81%	2	1	93	93	3.331816288518551E-6	1	1	488	68	18	0	-GA
F12_BC72_191109_LF_LIB_consensus_vsearch	1791	G	*/-A	589	7	1.14%	2	1	93	93	0.007675326899053761	1	1	482	107	7	0	-A
F12_BC72_191109_LF_LIB_consensus_vsearch	1791	G	*/-AA	589	7	1.14%	2	2	93	93	0.007675326899053761	1	1	482	107	6	1	-A
F12_BC72_191109_LF_LIB_consensus_vsearch	1796	A	*/-T	619	8	1.26%	2	2	93	93	0.0038194819837437974	1	1	508	111	6	2	-T
F12_BC72_191109_LF_LIB_consensus_vsearch	1799	T	*/-A	620	9	1.42%	2	1	93	93	0.0018976549983159713	1	1	510	110	9	0	-A
F12_BC72_191109_LF_LIB_consensus_vsearch	1802	C	*/+T	596	12	1.89%	2	2	93	93	2.3112277185229562E-4	1	1	507	89	7	5	+T
F12_BC72_191109_LF_LIB_consensus_vsearch	1802	C	*/-T	596	17	2.67%	2	2	93	93	6.817970620454918E-6	1	1	507	89	7	10	-T
F12_BC72_191109_LF_LIB_consensus_vsearch	1805	T	*/+A	593	10	1.56%	2	1	93	93	9.40516008551418E-4	1	1	485	108	10	0	+A
F12_BC72_191109_LF_LIB_consensus_vsearch	1805	T	*/-A	593	29	4.53%	2	2	93	93	1.3336881268451008E-9	1	1	485	108	26	3	-A
F12_BC72_191109_LF_LIB_consensus_vsearch	1807	G	*/+A	603	20	3.14%	2	1	93	93	8.168074408621405E-7	1	1	491	112	20	0	+A
F12_BC72_191109_LF_LIB_consensus_vsearch	1807	G	*/-A	603	12	1.88%	2	1	93	93	2.3126833063019417E-4	1	1	491	112	12	0	+A
F12_BC72_191109_LF_LIB_consensus_vsearch	1808	A	*/+G	606	8	1.28%	2	1	93	93	0.0038176546845975347	1	1	498	108	8	0	+G
F12_BC72_191109_LF_LIB_consensus_vsearch	1808	A	*/+GA	606	7	1.12%	2	2	93	93	0.007679118521310854	1	1	498	108	6	1	+G
F12_BC72_191109_LF_LIB_consensus_vsearch	1809	A	*/-G	506	109	17.06%	2	1	93	93	8.032339639015639E-36	1	1	394	112	109	0	-G
F12_BC72_191109_LF_LIB_consensus_vsearch	1809	A	*/-GG	506	10	1.56%	2	1	93	93	9.345156292752411E-4	1	1	394	112	10	0	-G
F12_BC72_191109_LF_LIB_consensus_vsearch	1811	G	*/-A	548	29	4.66%	2	2	93	93	1.2985270174007117E-9	1	1	437	111	27	2	-A
F12_BC72_191109_LF_LIB_consensus_vsearch	1811	G	*/-AAT	548	12	1.93%	2	1	93	93	2.3002854697407773E-4	1	1	437	111	12	0	-A
F12_BC72_191109_LF_LIB_consensus_vsearch	1811	G	*/-AATT	548	22	3.54%	2	1	93	93	1.9392831771612027E-7	1	1	437	111	22	0	-AATT
F12_BC72_191109_LF_LIB_consensus_vsearch	1813	A	*/-T	579	9	1.51%	2	2	93	93	0.0018938187066465067	1	1	471	108	5	4	-T
F12_BC72_191109_LF_LIB_consensus_vsearch	1817	A	*/-C	610	7	1.1%	2	2	93	93	0.007679980402859511	1	1	507	103	2	5	-C
F12_BC72_191109_LF_LIB_consensus_vsearch	1820	T	*/-C	516	106	16.77%	2	2	93	93	9.224362027846647E-35	1	1	414	102	101	5	-C
F12_BC72_191109_LF_LIB_consensus_vsearch	1824	A	*/+T	510	59	9.22%	2	1	93	93	3.552543264919592E-19	1	1	403	107	59	0	+T
F12_BC72_191109_LF_LIB_consensus_vsearch	1824	A	*/-T	510	64	10%	2	2	93	93	8.439162372915468E-21	1	1	403	107	60	4	-T
F12_BC72_191109_LF_LIB_consensus_vsearch	1829	G	*/-A	625	7	1.1%	2	2	93	93	0.007683115604648609	1	1	513	112	6	1	-A
F12_BC72_191109_LF_LIB_consensus_vsearch	1836	A	*/+T	619	7	1.1%	2	2	93	93	0.007681879495413374	1	1	511	108	5	2	+T
F12_BC72_191109_LF_LIB_consensus_vsearch	1838	T	*/+C	596	16	2.5%	2	2	93	93	1.3816400347469124E-5	1	1	498	98	15	1	+C
F12_BC72_191109_LF_LIB_consensus_vsearch	1838	T	*/-C	596	17	2.66%	2	2	93	93	6.817970620454918E-6	1	1	498	98	6	11	-C
F12_BC72_191109_LF_LIB_consensus_vsearch	1841	C	*/+A	613	9	1.41%	2	2	93	93	0.0018970355461003963	1	1	516	97	5	4	+A
F12_BC72_191109_LF_LIB_consensus_vsearch	1845	C	*/-A	625	8	1.25%	2	2	93	93	0.003820300170214244	1	1	514	111	6	2	-A
F12_BC72_191109_LF_LIB_consensus_vsearch	1849	T	*/-C	615	7	1.11%	2	1	93	93	0.007681042217029198	1	1	517	98	0	7	-C
F12_BC72_191109_LF_LIB_consensus_vsearch	1854	T	*/+C	623	8	1.26%	2	2	93	93	0.0038200291612249474	1	1	518	105	3	5	+C
F12_BC72_191109_LF_LIB_consensus_vsearch	1858	C	*/+G	616	7	1.1%	2	1	93	93	0.0076812525413027955	1	1	504	112	7	0	+G
F12_BC72_191109_LF_LIB_consensus_vsearch	1859	G	*/+A	621	8	1.27%	2	1	93	93	0.003819756437826965	1	1	509	112	8	0	+A
F12_BC72_191109_LF_LIB_consensus_vsearch	1860	A	*/+G	593	28	4.38%	2	1	93	93	2.7288466529576917E-9	1	1	481	112	28	0	+G
F12_BC72_191109_LF_LIB_consensus_vsearch	1860	A	*/-G	593	11	1.72%	2	1	93	93	4.663619147626718E-4	1	1	481	112	11	0	+G
F12_BC72_191109_LF_LIB_consensus_vsearch	1861	G	*/+A	404	16	2.54%	2	1	93	93	1.3191918461060696E-5	1	1	295	109	16	0	+A
F12_BC72_191109_LF_LIB_consensus_vsearch	1861	G	*/+AA	404	9	1.43%	2	2	93	93	0.0018689806633249517	1	1	295	109	8	1	+A
F12_BC72_191109_LF_LIB_consensus_vsearch	1861	G	*/-A	404	27	4.29%	2	2	93	93	4.894508934146719E-9	1	1	295	109	26	1	-A
F12_BC72_191109_LF_LIB_consensus_vsearch	1861	G	*/-AG	404	167	26.55%	2	2	93	93	3.363038199110443E-57	1	1	295	109	165	2	-AG
F12_BC72_191109_LF_LIB_consensus_vsearch	1869	C	*/+A	574	24	3.77%	2	2	93	93	4.71023707754632E-8	1	1	474	100	22	2	+A
F12_BC72_191109_LF_LIB_consensus_vsearch	1869	C	*/-GT	574	10	1.57%	2	2	93	93	9.393564316164558E-4	1	1	474	100	1	9	+A
F12_BC72_191109_LF_LIB_consensus_vsearch	1871	T	*/+A	505	7	1.13%	2	2	93	93	0.007652910705556474	1	1	423	82	1	6	+A
F12_BC72_191109_LF_LIB_consensus_vsearch	1871	T	*/+C	505	17	2.74%	2	2	93	93	6.683506255907583E-6	1	1	423	82	16	1	+C
F12_BC72_191109_LF_LIB_consensus_vsearch	1871	T	*/-A	505	61	9.84%	2	2	93	93	7.853266086462184E-20	1	1	423	82	53	8	-A
F12_BC72_191109_LF_LIB_consensus_vsearch	1874	A	*/-G	576	43	6.76%	2	1	93	93	5.3407762977683625E-14	1	1	467	109	43	0	-G
F12_BC72_191109_LF_LIB_consensus_vsearch	1874	A	*/-GC	576	8	1.26%	2	1	93	93	0.0038131291090651434	1	1	467	109	8	0	-G
F12_BC72_191109_LF_LIB_consensus_vsearch	1875	G	*/-C	524	41	6.98%	2	1	93	93	2.1420423290240003E-13	1	1	417	107	41	0	-C
F12_BC72_191109_LF_LIB_consensus_vsearch	1878	C	*/-T	624	8	1.25%	2	2	93	93	0.003820164879001387	1	1	519	105	6	2	-T
F12_BC72_191109_LF_LIB_consensus_vsearch	1879	T	*/-G	605	11	1.75%	2	2	93	93	4.6678297099811E-4	1	1	513	92	2	9	-G
F12_BC72_191109_LF_LIB_consensus_vsearch	1883	C	*/-T	625	7	1.1%	2	2	93	93	0.007683115604648609	1	1	521	104	1	6	-T
F12_BC72_191109_LF_LIB_consensus_vsearch	1884	T	*/+C	542	34	5.39%	2	2	93	93	3.5246896517298476E-11	1	1	452	90	28	6	+C
F12_BC72_191109_LF_LIB_consensus_vsearch	1884	T	*/-C	542	42	6.66%	2	2	93	93	1.0585897267823168E-13	1	1	452	90	35	7	-C
F12_BC72_191109_LF_LIB_consensus_vsearch	1884	T	*/-CC	542	8	1.27%	2	2	93	93	0.003807406881292934	1	1	452	90	5	3	-C
F12_BC72_191109_LF_LIB_consensus_vsearch	1887	C	*/-A	583	37	5.79%	2	1	93	93	4.183318051232785E-12	1	1	484	99	37	0	-A
F12_BC72_191109_LF_LIB_consensus_vsearch	1895	T	*/-AC	617	10	1.57%	2	1	93	93	9.418813469131037E-4	1	1	505	112	10	0	-AC
F12_BC72_191109_LF_LIB_consensus_vsearch	1897	C	*/+A	562	7	1.12%	2	1	93	93	0.007668840900969684	1	1	468	94	7	0	+A
F12_BC72_191109_LF_LIB_consensus_vsearch	1897	C	*/-G	562	43	6.89%	2	2	93	93	5.2448374688448545E-14	1	1	468	94	26	17	-G
F12_BC72_191109_LF_LIB_consensus_vsearch	1900	G	*/-A	599	39	6.1%	2	1	93	93	9.993968594239524E-13	1	1	486	113	39	0	-A
F12_BC72_191109_LF_LIB_consensus_vsearch	1906	C	*/+T	616	8	1.27%	2	2	93	93	0.003819067021328395	1	1	513	103	7	1	+T
F12_BC72_191109_LF_LIB_consensus_vsearch	1907	A	*/-C	532	82	12.89%	2	2	93	93	1.1388942148891898E-26	1	1	464	68	49	33	-C
F12_BC72_191109_LF_LIB_consensus_vsearch	1911	T	*/-CT	606	19	3%	2	2	93	93	1.6600602156080644E-6	1	1	516	90	3	16	-CT
F12_BC72_191109_LF_LIB_consensus_vsearch	1912	C	*/-T	599	12	1.94%	2	2	93	93	2.3118555523961583E-4	1	1	514	85	7	5	-T
F12_BC72_191109_LF_LIB_consensus_vsearch	1913	T	*/-AT	587	7	1.15%	2	2	93	93	0.007674866606290045	1	1	501	86	6	1	-AT
F12_BC72_191109_LF_LIB_consensus_vsearch	1919	G	*/-TA	621	7	1.1%	2	1	93	93	0.007682294147772585	1	1	512	109	7	0	-TA
F12_BC72_191109_LF_LIB_consensus_vsearch	1926	T	*/+C	621	11	1.72%	2	1	93	93	4.6731984810845727E-4	1	1	513	108	11	0	+C
F12_BC72_191109_LF_LIB_consensus_vsearch	1927	C	*/-G	608	12	1.89%	2	1	93	93	2.3137032450377607E-4	1	1	504	104	12	0	-G
F12_BC72_191109_LF_LIB_consensus_vsearch	1928	G	*/-A	590	24	3.83%	2	1	93	93	4.739791726332859E-8	1	1	477	113	24	0	-A
F12_BC72_191109_LF_LIB_consensus_vsearch	1929	A	*/+G	561	14	2.3%	2	1	93	93	5.633847946619086E-5	1	1	451	110	14	0	+G
F12_BC72_191109_LF_LIB_consensus_vsearch	1929	A	*/-G	561	15	2.46%	2	1	93	93	2.782660779890985E-5	1	1	451	110	15	0	-G
F12_BC72_191109_LF_LIB_consensus_vsearch	1935	C	*/-T	589	14	2.21%	2	2	93	93	5.6550731796518395E-5	1	1	481	108	12	2	-T
F12_BC72_191109_LF_LIB_consensus_vsearch	1935	C	*/-TT	589	24	3.79%	2	1	93	93	4.737985358372943E-8	1	1	481	108	24	0	-TT
F12_BC72_191109_LF_LIB_consensus_vsearch	1940	G	*/+A	569	21	3.37%	2	1	93	93	3.978412670926488E-7	1	1	460	109	21	0	+A
F12_BC72_191109_LF_LIB_consensus_vsearch	1940	G	*/+AA	569	11	1.76%	2	1	93	93	4.654683146367026E-4	1	1	460	109	11	0	+A
F12_BC72_191109_LF_LIB_consensus_vsearch	1942	T	*/-G	608	17	2.66%	2	2	93	93	6.832904575123663E-6	1	1	508	100	8	9	-G
F12_BC72_191109_LF_LIB_consensus_vsearch	1946	T	*/-C	541	93	14.55%	2	1	93	93	2.6426922528128778E-30	1	1	430	111	93	0	-C
F12_BC72_191109_LF_LIB_consensus_vsearch	1953	C	*/+G	532	23	3.66%	2	1	93	93	9.446415617562604E-8	1	1	425	107	23	0	+G
F12_BC72_191109_LF_LIB_consensus_vsearch	1953	C	*/-A	532	58	9.22%	2	1	93	93	7.951257961942817E-19	1	1	425	107	58	0	-A
F12_BC72_191109_LF_LIB_consensus_vsearch	1954	A	*/-G	528	22	3.83%	2	1	93	93	1.924482640802142E-7	1	1	420	108	22	0	-G
F12_BC72_191109_LF_LIB_consensus_vsearch	1955	G	*/+A	562	19	3.16%	2	2	93	93	1.6424134127886282E-6	1	1	457	105	16	3	+A
F12_BC72_191109_LF_LIB_consensus_vsearch	1955	G	*/-A	562	12	1.99%	2	2	93	93	2.3036623810212666E-4	1	1	457	105	8	4	+A
F12_BC72_191109_LF_LIB_consensus_vsearch	1960	C	*/+A	597	11	1.72%	2	1	93	93	4.665040872402467E-4	1	1	487	110	11	0	+A
F12_BC72_191109_LF_LIB_consensus_vsearch	1960	C	*/-G	597	14	2.19%	2	1	93	93	5.6607898241035394E-5	1	1	487	110	14	0	-G
F12_BC72_191109_LF_LIB_consensus_vsearch	1960	C	*/-GC	597	8	1.25%	2	1	93	93	0.003816343880444348	1	1	487	110	8	0	-G
F12_BC72_191109_LF_LIB_consensus_vsearch	1962	C	*/+T	610	7	1.11%	2	2	93	93	0.007679980402859511	1	1	501	109	5	2	+T
F12_BC72_191109_LF_LIB_consensus_vsearch	1962	C	*/-TTC	610	8	1.27%	2	2	93	93	0.0038182250747820883	1	1	501	109	7	1	-TTC
F12_BC72_191109_LF_LIB_consensus_vsearch	1966	T	*/+C	586	25	3.94%	2	1	93	93	2.319755703657649E-8	1	1	489	97	25	0	+C
F12_BC72_191109_LF_LIB_consensus_vsearch	1966	T	*/-CT	586	10	1.58%	2	2	93	93	9.400973019723426E-4	1	1	489	97	3	7	+C
F12_BC72_191109_LF_LIB_consensus_vsearch	1967	C	*/-T	600	9	1.44%	2	2	93	93	0.0018958476541767384	1	1	507	93	7	2	-T
F12_BC72_191109_LF_LIB_consensus_vsearch	1968	T	*/-A	583	10	1.63%	2	2	93	93	9.399148640318375E-4	1	1	490	93	9	1	-A
F12_BC72_191109_LF_LIB_consensus_vsearch	1970	G	*/-A	618	10	1.58%	2	1	93	93	9.4193599519434E-4	1	1	506	112	10	0	-A
F12_BC72_191109_LF_LIB_consensus_vsearch	1978	C	*/-T	628	8	1.25%	2	2	93	93	0.003820703504447891	1	1	522	106	2	6	-T
F12_BC72_191109_LF_LIB_consensus_vsearch	1979	T	*/+C	558	64	10.14%	2	1	93	93	9.818735048503765E-21	1	1	453	105	64	0	+C
F12_BC72_191109_LF_LIB_consensus_vsearch	1980	C	*/-G	607	20	3.15%	2	1	93	93	8.176279377779767E-7	1	1	518	89	0	20	-G
F12_BC72_191109_LF_LIB_consensus_vsearch	1989	T	*/+G	615	7	1.1%	2	2	93	93	0.007681042217029198	1	1	506	109	3	4	+G
F12_BC72_191109_LF_LIB_consensus_vsearch	1990	G	*/+A	622	7	1.1%	2	1	93	93	0.007682500488298281	1	1	510	112	7	0	+A
F12_BC72_191109_LF_LIB_consensus_vsearch	1991	A	*/-GA	603	11	1.72%	2	2	93	93	4.667139217478047E-4	1	1	495	108	9	2	-GA
F12_BC72_191109_LF_LIB_consensus_vsearch	1992	G	*/-A	611	11	1.75%	2	2	93	93	4.6698749160563975E-4	1	1	501	110	10	1	-A
F12_BC72_191109_LF_LIB_consensus_vsearch	1996	G	*/-C	610	10	1.58%	2	1	93	93	9.414939256568898E-4	1	1	499	111	10	0	-C
F12_BC72_191109_LF_LIB_consensus_vsearch	2004	T	*/+A	577	7	1.09%	2	2	93	93	0.007672518016675552	1	1	472	105	5	2	+A
F12_BC72_191109_LF_LIB_consensus_vsearch	2004	T	*/-A	577	34	5.31%	2	2	93	93	3.630411123639995E-11	1	1	472	105	31	3	-A
F12_BC72_191109_LF_LIB_consensus_vsearch	2004	T	*/-AA	577	7	1.09%	2	1	93	93	0.007672518016675552	1	1	472	105	7	0	-A
F12_BC72_191109_LF_LIB_consensus_vsearch	2008	A	*/-T	604	22	3.45%	2	2	93	93	1.9760889155373745E-7	1	1	494	110	20	2	-T
F12_BC72_191109_LF_LIB_consensus_vsearch	2011	T	*/-G	616	8	1.25%	2	1	93	93	0.003819067021328395	1	1	505	111	8	0	-G
F12_BC72_191109_LF_LIB_consensus_vsearch	2013	A	*/-G	615	9	1.42%	2	1	93	93	0.0018972139396271118	1	1	504	111	9	0	-G
F12_BC72_191109_LF_LIB_consensus_vsearch	2017	C	*/+T	617	10	1.57%	2	2	93	93	9.418813469131037E-4	1	1	515	102	2	8	+T
F12_BC72_191109_LF_LIB_consensus_vsearch	2019	T	*/-C	502	117	18.28%	2	2	93	93	1.402505945279255E-38	1	1	400	102	113	4	-C
F12_BC72_191109_LF_LIB_consensus_vsearch	2022	C	*/-G	540	7	1.1%	2	1	93	93	0.007663084355008458	1	1	435	105	7	0	-G
F12_BC72_191109_LF_LIB_consensus_vsearch	2022	C	*/-GC	540	78	12.24%	2	1	93	93	2.4720949111329397E-25	1	1	435	105	78	0	-GC
F12_BC72_191109_LF_LIB_consensus_vsearch	2027	C	*/-A	595	31	4.88%	2	1	93	93	3.182189073861218E-10	1	1	483	112	31	0	-A
F12_BC72_191109_LF_LIB_consensus_vsearch	2030	T	*/-C	621	9	1.41%	2	2	93	93	0.0018977423763799528	1	1	522	99	1	8	-C
F12_BC72_191109_LF_LIB_consensus_vsearch	2031	C	*/+TC	611	10	1.59%	2	1	93	93	9.415498005924852E-4	1	1	508	103	10	0	+TC
F12_BC72_191109_LF_LIB_consensus_vsearch	2032	G	*/-C	611	15	2.36%	2	2	93	93	2.8034963826258367E-5	1	1	504	107	13	2	-C
F12_BC72_191109_LF_LIB_consensus_vsearch	2038	A	*/-C	621	7	1.1%	2	1	93	93	0.007682294147772585	1	1	508	113	7	0	-C
F12_BC72_191109_LF_LIB_consensus_vsearch	2040	T	*/+A	612	10	1.58%	2	1	93	93	9.416054977802662E-4	1	1	500	112	10	0	+A
F12_BC72_191109_LF_LIB_consensus_vsearch	2041	A	*/+G	342	229	36.12%	2	2	93	93	3.3120097576502855E-82	1	1	306	36	167	62	+G
F12_BC72_191109_LF_LIB_consensus_vsearch	2041	A	*/+GG	342	32	5.05%	2	2	93	93	1.1649339172068344E-10	1	1	306	36	22	10	+G
F12_BC72_191109_LF_LIB_consensus_vsearch	2041	A	*/-G	342	12	1.89%	2	2	93	93	2.220673313828221E-4	1	1	306	36	9	3	+G
F12_BC72_191109_LF_LIB_consensus_vsearch	2047	T	*/-C	618	10	1.57%	2	2	93	93	9.4193599519434E-4	1	1	513	105	9	1	-C
F12_BC72_191109_LF_LIB_consensus_vsearch	2049	C	*/+T	619	7	1.09%	2	2	93	93	0.007681879495413374	1	1	516	103	3	4	+T
F12_BC72_191109_LF_LIB_consensus_vsearch	2054	T	*/+G	610	12	1.89%	2	1	93	93	2.3141067102251553E-4	1	1	505	105	12	0	+G
F12_BC72_191109_LF_LIB_consensus_vsearch	2055	A	*/-G	611	13	2.05%	2	2	93	93	1.1460183433533657E-4	1	1	505	106	12	1	-G
F12_BC72_191109_LF_LIB_consensus_vsearch	2056	G	*/+T	572	27	4.31%	2	2	93	93	5.521505681433479E-9	1	1	467	105	24	3	+T
F12_BC72_191109_LF_LIB_consensus_vsearch	2056	G	*/-T	572	17	2.71%	2	2	93	93	6.786359253675274E-6	1	1	467	105	14	3	+T
F12_BC72_191109_LF_LIB_consensus_vsearch	2059	T	*/-C	613	7	1.09%	2	1	93	93	0.007680619539752568	1	1	520	93	0	7	-C
F12_BC72_191109_LF_LIB_consensus_vsearch	2060	C	*/+T	567	16	2.56%	2	2	93	93	1.3747404729208327E-5	1	1	501	66	7	9	+T
F12_BC72_191109_LF_LIB_consensus_vsearch	2060	C	*/+TT	567	10	1.6%	2	2	93	93	9.389101896133754E-4	1	1	501	66	2	8	+T
F12_BC72_191109_LF_LIB_consensus_vsearch	2060	C	*/-T	567	24	3.85%	2	2	93	93	4.6968544518145336E-8	1	1	501	66	15	9	-T
F12_BC72_191109_LF_LIB_consensus_vsearch	2064	T	*/-C	620	12	1.88%	2	2	93	93	2.3160863980489126E-4	1	1	514	106	7	5	-C
F12_BC72_191109_LF_LIB_consensus_vsearch	2065	C	*/+A	613	9	1.43%	2	1	93	93	0.0018970355461003963	1	1	508	105	9	0	+A
F12_BC72_191109_LF_LIB_consensus_vsearch	2067	T	*/+C	606	10	1.57%	2	1	93	93	9.412686312824308E-4	1	1	497	109	10	0	+C
F12_BC72_191109_LF_LIB_consensus_vsearch	2067	T	*/-C	606	17	2.67%	2	1	93	93	6.830453834170163E-6	1	1	497	109	17	0	-C
F12_BC72_191109_LF_LIB_consensus_vsearch	2069	C	*/-GC	613	7	1.1%	2	1	93	93	0.007680619539752568	1	1	504	109	7	0	-GC
F12_BC72_191109_LF_LIB_consensus_vsearch	2073	T	*/+G	605	22	3.46%	2	1	93	93	1.9766910756971893E-7	1	1	494	111	22	0	+G
F12_BC72_191109_LF_LIB_consensus_vsearch	2074	A	*/-T	612	21	3.29%	2	1	93	93	4.028484667168862E-7	1	1	500	112	21	0	-T
F12_BC72_191109_LF_LIB_consensus_vsearch	2082	G	*/-CT	607	8	1.26%	2	1	93	93	0.003817797974000658	1	1	503	104	8	0	-CT
F12_BC72_191109_LF_LIB_consensus_vsearch	2085	T	*/+A	574	9	1.42%	2	1	93	93	0.0018933142585401675	1	1	495	79	9	0	+A
F12_BC72_191109_LF_LIB_consensus_vsearch	2085	T	*/-A	574	37	5.84%	2	2	93	93	4.148299478171586E-12	1	1	495	79	6	31	-A
F12_BC72_191109_LF_LIB_consensus_vsearch	2094	C	*/-G	597	18	2.85%	2	2	93	93	3.3624550761022073E-6	1	1	496	101	10	8	-G
F12_BC72_191109_LF_LIB_consensus_vsearch	2096	G	*/+A	606	15	2.36%	2	1	93	93	2.8015590584416504E-5	1	1	494	112	15	0	+A
F12_BC72_191109_LF_LIB_consensus_vsearch	2098	T	*/-A	616	9	1.41%	2	2	93	93	0.0018973027115589166	1	1	510	106	8	1	-A
F12_BC72_191109_LF_LIB_consensus_vsearch	2101	T	*/+C	544	38	5.96%	2	2	93	93	1.9488827808366503E-12	1	1	435	109	37	1	+C
F12_BC72_191109_LF_LIB_consensus_vsearch	2101	T	*/-C	544	51	7.99%	2	2	93	93	1.4500197426757122E-16	1	1	435	109	49	2	-C
F12_BC72_191109_LF_LIB_consensus_vsearch	2103	C	*/-T	617	11	1.73%	2	2	93	93	4.6718815813061483E-4	1	1	506	111	10	1	-T
F12_BC72_191109_LF_LIB_consensus_vsearch	2104	T	*/-AC	563	47	7.52%	2	1	93	93	2.827638525128818E-15	1	1	454	109	47	0	-AC
F12_BC72_191109_LF_LIB_consensus_vsearch	2105	A	*/+C	474	19	3.26%	2	1	93	93	1.5983298244217642E-6	1	1	365	109	19	0	+C
F12_BC72_191109_LF_LIB_consensus_vsearch	2105	A	*/-C	474	36	6.19%	2	2	93	93	7.672675036518778E-12	1	1	365	109	33	3	-C
F12_BC72_191109_LF_LIB_consensus_vsearch	2105	A	*/-CC	474	29	4.98%	2	1	93	93	1.2294828003305904E-9	1	1	365	109	29	0	-C
F12_BC72_191109_LF_LIB_consensus_vsearch	2108	C	*/+G	565	7	1.1%	2	2	93	93	0.007669591697725923	1	1	482	83	3	4	+G
F12_BC72_191109_LF_LIB_consensus_vsearch	2108	C	*/-G	565	33	5.17%	2	2	93	93	7.394355585780157E-11	1	1	482	83	32	1	-G
F12_BC72_191109_LF_LIB_consensus_vsearch	2114	G	*/+A	621	10	1.56%	2	1	93	93	9.420989116669185E-4	1	1	509	112	10	0	+A
F12_BC72_191109_LF_LIB_consensus_vsearch	2115	A	*/+G	589	11	1.73%	2	1	93	93	4.6621787405539203E-4	1	1	477	112	11	0	+G
F12_BC72_191109_LF_LIB_consensus_vsearch	2115	A	*/-GA	589	24	3.78%	2	1	93	93	4.737985358372943E-8	1	1	477	112	24	0	-GA
F12_BC72_191109_LF_LIB_consensus_vsearch	2116	G	*/-A	597	10	1.63%	2	2	93	93	9.40750980904605E-4	1	1	486	111	9	1	-A
F12_BC72_191109_LF_LIB_consensus_vsearch	2117	A	*/-T	584	8	1.33%	2	1	93	93	0.0038143805269862142	1	1	477	107	8	0	-T
F12_BC72_191109_LF_LIB_consensus_vsearch	2119	T	*/+G	604	17	2.66%	2	1	93	93	6.827987981114814E-6	1	1	492	112	17	0	+G
F12_BC72_191109_LF_LIB_consensus_vsearch	2120	A	*/-G	597	24	3.78%	2	1	93	93	4.752289061662305E-8	1	1	486	111	24	0	-G
F12_BC72_191109_LF_LIB_consensus_vsearch	2122	A	*/-C	604	7	1.11%	2	1	93	93	0.007678683362771209	1	1	506	98	0	7	-C
F12_BC72_191109_LF_LIB_consensus_vsearch	2123	C	*/+T	582	17	2.7%	2	2	93	93	6.799824866788739E-6	1	1	491	91	13	4	+T
F12_BC72_191109_LF_LIB_consensus_vsearch	2123	C	*/+TT	582	7	1.11%	2	1	93	93	0.007673702245629301	1	1	491	91	7	0	+T
F12_BC72_191109_LF_LIB_consensus_vsearch	2123	C	*/-T	582	12	1.9%	2	2	93	93	2.3082155254131308E-4	1	1	491	91	5	7	-T
F12_BC72_191109_LF_LIB_consensus_vsearch	2126	T	*/+C	619	15	2.35%	2	1	93	93	2.8065344971487303E-5	1	1	507	112	15	0	+C
F12_BC72_191109_LF_LIB_consensus_vsearch	2128	G	*/+A	610	9	1.41%	2	1	93	93	0.0018967658112020432	1	1	501	109	9	0	+A
F12_BC72_191109_LF_LIB_consensus_vsearch	2131	C	*/+A	575	12	1.89%	2	2	93	93	2.306656556500044E-4	1	1	465	110	11	1	+A
F12_BC72_191109_LF_LIB_consensus_vsearch	2131	C	*/-G	575	22	3.46%	2	1	93	93	1.9578202809303645E-7	1	1	465	110	22	0	-G
F12_BC72_191109_LF_LIB_consensus_vsearch	2131	C	*/-GC	575	8	1.26%	2	1	93	93	0.0038129702806793094	1	1	465	110	8	0	-G
F12_BC72_191109_LF_LIB_consensus_vsearch	2136	G	*/-TC	615	9	1.42%	2	1	93	93	0.0018972139396271118	1	1	505	110	9	0	-TC
F12_BC72_191109_LF_LIB_consensus_vsearch	2137	T	*/-C	558	55	8.8%	2	2	93	93	7.809756192916823E-18	1	1	452	106	52	3	-C
F12_BC72_191109_LF_LIB_consensus_vsearch	2140	T	*/-A	611	7	1.11%	2	2	93	93	0.007680194135688583	1	1	508	103	4	3	-A
F12_BC72_191109_LF_LIB_consensus_vsearch	2142	A	*/-G	618	12	1.88%	2	1	93	93	2.3156954006542198E-4	1	1	507	111	12	0	-G
F12_BC72_191109_LF_LIB_consensus_vsearch	2145	C	*/-A	621	7	1.1%	2	2	93	93	0.007682294147772585	1	1	518	103	4	3	-A
F12_BC72_191109_LF_LIB_consensus_vsearch	2149	T	*/-A	584	36	5.64%	2	2	93	93	8.624511872751989E-12	1	1	481	103	32	4	-A
F12_BC72_191109_LF_LIB_consensus_vsearch	2150	A	*/+G	581	7	1.16%	2	1	93	93	0.007673467005464533	1	1	483	98	0	7	+G
F12_BC72_191109_LF_LIB_consensus_vsearch	2150	A	*/-G	581	8	1.33%	2	2	93	93	0.0038139152066312184	1	1	483	98	6	2	-G
F12_BC72_191109_LF_LIB_consensus_vsearch	2151	G	*/-A	610	11	1.74%	2	2	93	93	4.6695367545624854E-4	1	1	505	105	9	2	-A
F12_BC72_191109_LF_LIB_consensus_vsearch	2155	C	*/+T	601	12	1.88%	2	1	93	93	2.312270755488514E-4	1	1	495	106	12	0	+T
F12_BC72_191109_LF_LIB_consensus_vsearch	2155	C	*/-G	601	10	1.57%	2	2	93	93	9.409829100459055E-4	1	1	495	106	9	1	+T
F12_BC72_191109_LF_LIB_consensus_vsearch	2157	G	*/-C	595	7	1.1%	2	2	93	93	0.0076766894886899275	1	1	489	106	6	1	-C
F12_BC72_191109_LF_LIB_consensus_vsearch	2159	T	*/+C	581	41	6.49%	2	2	93	93	2.300432647955586E-13	1	1	476	105	39	2	+C
F12_BC72_191109_LF_LIB_consensus_vsearch	2164	A	*/+C	566	22	3.48%	2	1	93	93	1.9518146663799422E-7	1	1	456	110	22	0	+C
F12_BC72_191109_LF_LIB_consensus_vsearch	2164	A	*/-C	566	34	5.37%	2	2	93	93	3.598222637625818E-11	1	1	456	110	31	3	-C
F12_BC72_191109_LF_LIB_consensus_vsearch	2165	C	*/+T	583	7	1.17%	2	1	93	93	0.007673936691127849	1	1	482	101	0	7	+T
F12_BC72_191109_LF_LIB_consensus_vsearch	2169	T	*/-GT	595	30	4.69%	2	2	93	93	6.520751075167769E-10	1	1	486	109	28	2	-GT
F12_BC72_191109_LF_LIB_consensus_vsearch	2174	A	*/-C	605	10	1.59%	2	2	93	93	9.412118547048385E-4	1	1	495	110	7	3	-C
F12_BC72_191109_LF_LIB_consensus_vsearch	2183	C	*/-T	611	7	1.11%	2	2	93	93	0.007680194135688583	1	1	504	107	6	1	-T
F12_BC72_191109_LF_LIB_consensus_vsearch	2185	T	*/-A	584	25	3.94%	2	1	93	93	2.317808397875322E-8	1	1	471	113	25	0	-A
F12_BC72_191109_LF_LIB_consensus_vsearch	2185	T	*/-AA	584	20	3.15%	2	1	93	93	8.127712534697937E-7	1	1	471	113	20	0	-A
F12_BC72_191109_LF_LIB_consensus_vsearch	2186	A	*/+G	571	10	1.69%	2	1	93	93	9.391664866947025E-4	1	1	459	112	10	0	+G
F12_BC72_191109_LF_LIB_consensus_vsearch	2187	A	*/-G	596	13	2.1%	2	1	93	93	1.1442191457763927E-4	1	1	484	112	13	0	-G
F12_BC72_191109_LF_LIB_consensus_vsearch	2188	G	*/+A	415	49	7.9%	2	2	93	93	4.661551178275442E-16	1	1	337	78	39	10	+A
F12_BC72_191109_LF_LIB_consensus_vsearch	2188	G	*/-A	415	145	23.39%	2	2	93	93	4.84836592326246E-49	1	1	337	78	125	20	-A
F12_BC72_191109_LF_LIB_consensus_vsearch	2192	A	*/-G	623	8	1.26%	2	1	93	93	0.0038200291612249474	1	1	512	111	8	0	-G
F12_BC72_191109_LF_LIB_consensus_vsearch	2197	T	*/-C	607	21	3.3%	2	2	93	93	4.022990052407496E-7	1	1	497	110	19	2	-C
F12_BC72_191109_LF_LIB_consensus_vsearch	2200	T	*/+C	567	49	7.77%	2	1	93	93	6.574566700001121E-16	1	1	460	107	49	0	+C
F12_BC72_191109_LF_LIB_consensus_vsearch	2204	C	*/+A	592	18	2.83%	2	1	93	93	3.358928132019517E-6	1	1	481	111	18	0	+A
F12_BC72_191109_LF_LIB_consensus_vsearch	2204	C	*/+AG	592	11	1.73%	2	1	93	93	4.663260811636574E-4	1	1	481	111	11	0	+A
F12_BC72_191109_LF_LIB_consensus_vsearch	2205	G	*/-A	620	8	1.26%	2	2	93	93	0.0038196194281571397	1	1	510	110	7	1	-A
F12_BC72_191109_LF_LIB_consensus_vsearch	2209	T	*/+A	523	22	3.46%	2	2	93	93	1.9206280099225252E-7	1	1	416	107	21	1	+A
F12_BC72_191109_LF_LIB_consensus_vsearch	2209	T	*/-A	523	83	13.05%	2	2	93	93	5.068576577884346E-27	1	1	416	107	82	1	-A
F12_BC72_191109_LF_LIB_consensus_vsearch	2211	A	*/+G	623	7	1.1%	2	1	93	93	0.007682706175917277	1	1	513	110	7	0	+G
F12_BC72_191109_LF_LIB_consensus_vsearch	2212	A	*/-G	601	9	1.41%	2	2	93	93	0.0018959408138061896	1	1	496	105	8	1	-G
F12_BC72_191109_LF_LIB_consensus_vsearch	2213	G	*/+A	602	15	2.39%	2	1	93	93	2.7999873059601364E-5	1	1	493	109	15	0	+A
F12_BC72_191109_LF_LIB_consensus_vsearch	2215	C	*/+T	581	10	1.57%	2	1	93	93	9.397922212937875E-4	1	1	475	106	10	0	+T
F12_BC72_191109_LF_LIB_consensus_vsearch	2215	C	*/-TT	581	27	4.25%	2	1	93	93	5.546602850758403E-9	1	1	475	106	27	0	-TT
F12_BC72_191109_LF_LIB_consensus_vsearch	2219	C	*/-T	595	8	1.26%	2	1	93	93	0.003816047305998458	1	1	486	109	8	0	-T
F12_BC72_191109_LF_LIB_consensus_vsearch	2219	C	*/-TA	595	8	1.26%	2	1	93	93	0.003816047305998458	1	1	486	109	8	0	-T
F12_BC72_191109_LF_LIB_consensus_vsearch	2219	C	*/-TAC	595	10	1.58%	2	1	93	93	9.406338788580862E-4	1	1	486	109	10	0	-TAC
F12_BC72_191109_LF_LIB_consensus_vsearch	2224	T	*/+C	612	11	1.73%	2	1	93	93	4.670212007059329E-4	1	1	503	109	11	0	+C
F12_BC72_191109_LF_LIB_consensus_vsearch	2225	C	*/+A	535	17	2.68%	2	1	93	93	6.732498005838406E-6	1	1	424	111	17	0	+A
F12_BC72_191109_LF_LIB_consensus_vsearch	2225	C	*/+G	535	10	1.58%	2	1	93	93	9.367260223435176E-4	1	1	424	111	10	0	+A
F12_BC72_191109_LF_LIB_consensus_vsearch	2225	C	*/-G	535	64	10.09%	2	1	93	93	9.160900901442979E-21	1	1	424	111	64	0	-G
F12_BC72_191109_LF_LIB_consensus_vsearch	2226	G	*/+A	520	18	3.13%	2	1	93	93	3.30128106187894E-6	1	1	409	111	18	0	+A
F12_BC72_191109_LF_LIB_consensus_vsearch	2226	G	*/-A	520	18	3.13%	2	1	93	93	3.30128106187894E-6	1	1	409	111	18	0	+A
F12_BC72_191109_LF_LIB_consensus_vsearch	2228	G	*/+AG	612	10	1.57%	2	1	93	93	9.416054977802662E-4	1	1	510	102	10	0	+AG
F12_BC72_191109_LF_LIB_consensus_vsearch	2228	G	*/-T	612	9	1.42%	2	1	93	93	0.0018969459217843378	1	1	510	102	0	9	+AG
F12_BC72_191109_LF_LIB_consensus_vsearch	2229	T	*/+A	587	9	1.43%	2	1	93	93	0.001894608361560784	1	1	484	103	9	0	+A
F12_BC72_191109_LF_LIB_consensus_vsearch	2229	T	*/+G	587	23	3.66%	2	1	93	93	9.650499877887885E-8	1	1	484	103	23	0	+G
F12_BC72_191109_LF_LIB_consensus_vsearch	2230	G	*/-A	617	15	2.36%	2	2	93	93	2.8057819568620197E-5	1	1	507	110	13	2	-A
F12_BC72_191109_LF_LIB_consensus_vsearch	2241	T	*/-C	625	7	1.1%	2	2	93	93	0.007683115604648609	1	1	513	112	6	1	-C
F12_BC72_191109_LF_LIB_consensus_vsearch	2242	C	*/+A	596	13	2.07%	2	1	93	93	1.1442191457763927E-4	1	1	486	110	13	0	+A
F12_BC72_191109_LF_LIB_consensus_vsearch	2242	C	*/-G	596	16	2.54%	2	2	93	93	1.3816400347469124E-5	1	1	486	110	15	1	-G
F12_BC72_191109_LF_LIB_consensus_vsearch	2243	G	*/+A	550	7	1.13%	2	1	93	93	0.007665757133253386	1	1	439	111	7	0	+A
F12_BC72_191109_LF_LIB_consensus_vsearch	2254	T	*/-A	609	13	2.06%	2	2	93	93	1.1457833548985164E-4	1	1	518	91	3	10	-A
F12_BC72_191109_LF_LIB_consensus_vsearch	2257	T	*/+C	612	8	1.26%	2	1	93	93	0.0038185075246258285	1	1	513	99	0	8	+C
F12_BC72_191109_LF_LIB_consensus_vsearch	2260	A	*/+T	602	12	1.9%	2	2	93	93	2.312477360836041E-4	1	1	496	106	9	3	+T
F12_BC72_191109_LF_LIB_consensus_vsearch	2260	A	*/-T	602	8	1.26%	2	2	93	93	0.003817076854362142	1	1	496	106	7	1	+T
F12_BC72_191109_LF_LIB_consensus_vsearch	2263	T	*/+C	614	16	2.5%	2	2	93	93	1.3856146534855633E-5	1	1	517	97	5	11	+C
F12_BC72_191109_LF_LIB_consensus_vsearch	2264	C	*/-A	615	8	1.26%	2	2	93	93	0.0038189278171456382	1	1	511	104	6	2	-A
F12_BC72_191109_LF_LIB_consensus_vsearch	2266	A	*/-G	603	12	1.9%	2	1	93	93	2.3126833063019417E-4	1	1	502	101	12	0	-G
F12_BC72_191109_LF_LIB_consensus_vsearch	2268	C	*/+A	597	16	2.52%	2	2	93	93	1.3818667421681382E-5	1	1	488	109	15	1	+A
F12_BC72_191109_LF_LIB_consensus_vsearch	2268	C	*/-G	597	8	1.26%	2	1	93	93	0.003816343880444348	1	1	488	109	8	0	+A
F12_BC72_191109_LF_LIB_consensus_vsearch	2269	G	*/+A	607	9	1.43%	2	1	93	93	0.0018964934696203018	1	1	497	110	9	0	+A
F12_BC72_191109_LF_LIB_consensus_vsearch	2269	G	*/-A	607	9	1.43%	2	1	93	93	0.0018964934696203018	1	1	497	110	9	0	+A
F12_BC72_191109_LF_LIB_consensus_vsearch	2270	A	*/+G	613	7	1.12%	2	1	93	93	0.007680619539752568	1	1	501	112	7	0	+G
F12_BC72_191109_LF_LIB_consensus_vsearch	2274	G	*/-A	629	7	1.1%	2	1	93	93	0.007683926761732176	1	1	516	113	7	0	-A
F12_BC72_191109_LF_LIB_consensus_vsearch	2276	T	*/-C	621	8	1.26%	2	1	93	93	0.003819756437826965	1	1	516	105	0	8	-C
F12_BC72_191109_LF_LIB_consensus_vsearch	2280	T	*/+A	560	22	3.52%	2	2	93	93	1.9477163910382986E-7	1	1	478	82	21	1	+A
F12_BC72_191109_LF_LIB_consensus_vsearch	2280	T	*/-A	560	22	3.52%	2	2	93	93	1.9477163910382986E-7	1	1	478	82	13	9	+A
F12_BC72_191109_LF_LIB_consensus_vsearch	2280	T	*/-AA	560	8	1.28%	2	1	93	93	0.0038105211348542487	1	1	478	82	0	8	+A
F12_BC72_191109_LF_LIB_consensus_vsearch	2281	A	*/+G	560	14	2.33%	2	1	93	93	5.6330526991142806E-5	1	1	476	84	14	0	+G
F12_BC72_191109_LF_LIB_consensus_vsearch	2281	A	*/+GA	560	8	1.33%	2	1	93	93	0.0038105211348542487	1	1	476	84	8	0	+G
F12_BC72_191109_LF_LIB_consensus_vsearch	2282	A	*/-G	591	15	2.4%	2	2	93	93	2.795561439988372E-5	1	1	507	84	6	9	-G
F12_BC72_191109_LF_LIB_consensus_vsearch	2284	T	*/+G	585	13	2.06%	2	1	93	93	1.1428436686558987E-4	1	1	498	87	13	0	+G
F12_BC72_191109_LF_LIB_consensus_vsearch	2299	C	*/+GC	605	13	2.06%	2	1	93	93	1.1453089151739446E-4	1	1	500	105	13	0	+GC
F12_BC72_191109_LF_LIB_consensus_vsearch	2300	T	*/+C	605	11	1.74%	2	2	93	93	4.6678297099811E-4	1	1	503	102	10	1	+C
F12_BC72_191109_LF_LIB_consensus_vsearch	2301	C	*/-A	603	13	2.04%	2	2	93	93	1.1450694355721017E-4	1	1	495	108	12	1	-A
F12_BC72_191109_LF_LIB_consensus_vsearch	2302	A	*/+G	574	38	6.13%	2	1	93	93	2.011399501677145E-12	1	1	467	107	38	0	+G
F12_BC72_191109_LF_LIB_consensus_vsearch	2305	T	*/-C	441	189	29.62%	2	2	93	93	7.3604692896160995E-65	1	1	331	110	188	1	-C
F12_BC72_191109_LF_LIB_consensus_vsearch	2307	C	*/+A	586	11	1.72%	2	1	93	93	4.661085952376518E-4	1	1	480	106	11	0	+A
F12_BC72_191109_LF_LIB_consensus_vsearch	2307	C	*/-A	586	21	3.29%	2	2	93	93	3.9989953345129177E-7	1	1	480	106	19	2	-A
F12_BC72_191109_LF_LIB_consensus_vsearch	2309	A	*/-G	620	8	1.26%	2	2	93	93	0.0038196194281571397	1	1	514	106	7	1	-G
F12_BC72_191109_LF_LIB_consensus_vsearch	2315	T	*/-C	568	60	9.42%	2	1	93	93	1.9745909470824427E-19	1	1	457	111	60	0	-C
F12_BC72_191109_LF_LIB_consensus_vsearch	2317	C	*/-G	606	24	3.76%	2	2	93	93	4.767987645359462E-8	1	1	521	85	1	23	-G
F12_BC72_191109_LF_LIB_consensus_vsearch	2319	G	*/-A	546	91	14.24%	2	1	93	93	1.2650592709003993E-29	1	1	433	113	91	0	-A
F12_BC72_191109_LF_LIB_consensus_vsearch	2322	T	*/-C	508	108	16.95%	2	2	93	93	1.7939951643084126E-35	1	1	400	108	107	1	-C
F12_BC72_191109_LF_LIB_consensus_vsearch	2322	T	*/-CC	508	10	1.57%	2	1	93	93	9.346759140832711E-4	1	1	400	108	10	0	-C
F12_BC72_191109_LF_LIB_consensus_vsearch	2324	C	*/+A	570	12	1.91%	2	1	93	93	2.3055204810949474E-4	1	1	460	110	12	0	+A
F12_BC72_191109_LF_LIB_consensus_vsearch	2324	C	*/-A	570	32	5.1%	2	2	93	93	1.5251040250453203E-10	1	1	460	110	31	1	-A
F12_BC72_191109_LF_LIB_consensus_vsearch	2328	T	*/+C	625	8	1.25%	2	1	93	93	0.003820300170214244	1	1	516	109	8	0	+C
F12_BC72_191109_LF_LIB_consensus_vsearch	2329	C	*/-A	615	11	1.72%	2	2	93	93	4.671216907759083E-4	1	1	511	104	6	5	-A
F12_BC72_191109_LF_LIB_consensus_vsearch	2334	T	*/-C	501	128	20.13%	2	2	93	93	2.1829503896273316E-42	1	1	399	102	121	7	-C
F12_BC72_191109_LF_LIB_consensus_vsearch	2338	A	*/-C	587	9	1.41%	2	1	93	93	0.001894608361560784	1	1	476	111	9	0	-C
F12_BC72_191109_LF_LIB_consensus_vsearch	2339	C	*/-T	601	8	1.27%	2	2	93	93	0.0038169312172194295	1	1	491	110	6	2	-T
F12_BC72_191109_LF_LIB_consensus_vsearch	2339	C	*/-TAC	601	12	1.9%	2	1	93	93	2.312270755488514E-4	1	1	491	110	12	0	-TAC
F12_BC72_191109_LF_LIB_consensus_vsearch	2348	T	*/-C	605	9	1.41%	2	2	93	93	0.0018963104416950996	1	1	495	110	7	2	-C
F12_BC72_191109_LF_LIB_consensus_vsearch	2348	T	*/-CC	605	10	1.57%	2	1	93	93	9.412118547048385E-4	1	1	495	110	10	0	-CC
F12_BC72_191109_LF_LIB_consensus_vsearch	2354	T	*/+G	603	17	2.67%	2	1	93	93	6.826749343834777E-6	1	1	496	107	17	0	+G
F12_BC72_191109_LF_LIB_consensus_vsearch	2355	A	*/-G	612	16	2.51%	2	1	93	93	1.3851838709729497E-5	1	1	501	111	16	0	-G
F12_BC72_191109_LF_LIB_consensus_vsearch	2360	G	*/+T	610	8	1.25%	2	2	93	93	0.0038182250747820883	1	1	505	105	7	1	+T
F12_BC72_191109_LF_LIB_consensus_vsearch	2360	G	*/-T	610	9	1.41%	2	1	93	93	0.0018967658112020432	1	1	505	105	9	0	-T
F12_BC72_191109_LF_LIB_consensus_vsearch	2364	C	*/+T	610	11	1.74%	2	2	93	93	4.6695367545624854E-4	1	1	513	97	1	10	+T
F12_BC72_191109_LF_LIB_consensus_vsearch	2366	T	*/+C	600	22	3.45%	2	1	93	93	1.973662430204067E-7	1	1	494	106	22	0	+C
F12_BC72_191109_LF_LIB_consensus_vsearch	2367	C	*/+A	616	7	1.11%	2	1	93	93	0.0076812525413027955	1	1	508	108	7	0	+A
F12_BC72_191109_LF_LIB_consensus_vsearch	2373	T	*/-C	611	23	3.61%	2	1	93	93	9.729410482641351E-8	1	1	500	111	23	0	-C
F12_BC72_191109_LF_LIB_consensus_vsearch	2377	A	*/-C	617	10	1.57%	2	1	93	93	9.418813469131037E-4	1	1	505	112	10	0	-C
F12_BC72_191109_LF_LIB_consensus_vsearch	2379	C	*/+T	557	20	3.13%	2	2	93	93	8.066092562534995E-7	1	1	493	64	16	4	+T
F12_BC72_191109_LF_LIB_consensus_vsearch	2379	C	*/-T	557	49	7.67%	2	2	93	93	6.463128552463098E-16	1	1	493	64	4	45	-T
F12_BC72_191109_LF_LIB_consensus_vsearch	2379	C	*/-TT	557	7	1.1%	2	1	93	93	0.007667571887622288	1	1	493	64	7	0	-T
F12_BC72_191109_LF_LIB_consensus_vsearch	2384	C	*/-A	593	31	4.89%	2	2	93	93	3.1782103806683737E-10	1	1	487	106	30	1	-A
F12_BC72_191109_LF_LIB_consensus_vsearch	2388	T	*/+A	583	11	1.73%	2	1	93	93	4.65998228714525E-4	1	1	472	111	11	0	+A
F12_BC72_191109_LF_LIB_consensus_vsearch	2388	T	*/-A	583	36	5.65%	2	1	93	93	8.617009252668566E-12	1	1	472	111	36	0	-A
F12_BC72_191109_LF_LIB_consensus_vsearch	2389	A	*/+G	551	20	3.32%	2	2	93	93	8.051662009551136E-7	1	1	455	96	4	16	+G
F12_BC72_191109_LF_LIB_consensus_vsearch	2389	A	*/-G	551	7	1.16%	2	1	93	93	0.007666019161359943	1	1	455	96	7	0	+G
F12_BC72_191109_LF_LIB_consensus_vsearch	2389	A	*/-GA	551	16	2.66%	2	1	93	93	1.3706438903741324E-5	1	1	455	96	16	0	-GA
F12_BC72_191109_LF_LIB_consensus_vsearch	2390	G	*/-A	598	8	1.3%	2	1	93	93	0.0038164914375851252	1	1	488	110	8	0	-A
F12_BC72_191109_LF_LIB_consensus_vsearch	2393	A	*/-C	624	7	1.1%	2	2	93	93	0.00768291121366534	1	1	513	111	5	2	-C
F12_BC72_191109_LF_LIB_consensus_vsearch	2396	A	*/+G	620	15	2.35%	2	2	93	93	2.8069090441855636E-5	1	1	509	111	14	1	+G
F12_BC72_191109_LF_LIB_consensus_vsearch	2397	G	*/-A	616	16	2.5%	2	1	93	93	1.386042808153103E-5	1	1	504	112	16	0	-A
F12_BC72_191109_LF_LIB_consensus_vsearch	2398	A	*/-G	589	17	2.75%	2	2	93	93	6.808997958299613E-6	1	1	481	108	14	3	-G
F12_BC72_191109_LF_LIB_consensus_vsearch	2401	C	*/-T	589	19	2.98%	2	1	93	93	1.65352765905388E-6	1	1	485	104	19	0	-T
F12_BC72_191109_LF_LIB_consensus_vsearch	2401	C	*/-TT	589	17	2.67%	2	1	93	93	6.808997958299613E-6	1	1	485	104	17	0	-T
F12_BC72_191109_LF_LIB_consensus_vsearch	2403	T	*/+G	566	25	4.02%	2	2	93	93	2.299755159043207E-8	1	1	459	107	23	2	+G
F12_BC72_191109_LF_LIB_consensus_vsearch	2404	G	*/-A	616	18	2.82%	2	2	93	93	3.3753744867907907E-6	1	1	505	111	17	1	-A
F12_BC72_191109_LF_LIB_consensus_vsearch	2409	G	*/-A	622	13	2.05%	2	1	93	93	1.1472848853073657E-4	1	1	512	110	13	0	-A
F12_BC72_191109_LF_LIB_consensus_vsearch	2419	C	*/-T	606	11	1.74%	2	2	93	93	4.668173301138406E-4	1	1	515	91	4	7	-T
F12_BC72_191109_LF_LIB_consensus_vsearch	2420	T	*/+C	582	10	1.6%	2	1	93	93	9.398536450879837E-4	1	1	506	76	10	0	+C
F12_BC72_191109_LF_LIB_consensus_vsearch	2420	T	*/-C	582	31	4.95%	2	2	93	93	3.155943852497974E-10	1	1	506	76	2	29	-C
F12_BC72_191109_LF_LIB_consensus_vsearch	2421	C	*/-A	577	19	3.14%	2	2	93	93	1.6487050868445217E-6	1	1	512	65	8	11	-A
F12_BC72_191109_LF_LIB_consensus_vsearch	2423	A	*/-C	587	11	1.72%	2	2	93	93	4.661451415700126E-4	1	1	493	94	9	2	-C
F12_BC72_191109_LF_LIB_consensus_vsearch	2425	C	*/-G	598	9	1.41%	2	2	93	93	0.001895660421391307	1	1	509	89	6	3	-G
F12_BC72_191109_LF_LIB_consensus_vsearch	2429	C	*/-A	615	9	1.42%	2	1	93	93	0.0018972139396271118	1	1	502	113	9	0	-A
F12_BC72_191109_LF_LIB_consensus_vsearch	2432	A	*/-C	555	39	6.2%	2	2	93	93	9.545956251003484E-13	1	1	482	73	13	26	-C
F12_BC72_191109_LF_LIB_consensus_vsearch	2433	C	*/+T	565	16	2.71%	2	1	93	93	1.3742402523843782E-5	1	1	503	62	0	16	+T
F12_BC72_191109_LF_LIB_consensus_vsearch	2434	C	*/+A	604	15	2.37%	2	1	93	93	2.80077564139367E-5	1	1	506	98	15	0	+A
F12_BC72_191109_LF_LIB_consensus_vsearch	2436	T	*/+C	434	66	10.44%	2	1	93	93	1.3625331708300727E-21	1	1	329	105	66	0	+C
F12_BC72_191109_LF_LIB_consensus_vsearch	2436	T	*/-C	434	128	20.25%	2	2	93	93	8.243069040652138E-43	1	1	329	105	127	1	-C
F12_BC72_191109_LF_LIB_consensus_vsearch	2438	C	*/-G	595	32	5.03%	2	2	93	93	1.5517298676183965E-10	1	1	506	89	11	21	-G
F12_BC72_191109_LF_LIB_consensus_vsearch	2440	G	*/-A	622	8	1.25%	2	1	93	93	0.0038198930148462262	1	1	509	113	8	0	-A
F12_BC72_191109_LF_LIB_consensus_vsearch	2448	G	*/-AG	589	39	6.12%	2	1	93	93	9.896098443767628E-13	1	1	476	113	39	0	-AG
F12_BC72_191109_LF_LIB_consensus_vsearch	2449	A	*/+G	473	15	2.53%	2	1	93	93	2.7360336076732557E-5	1	1	364	109	15	0	+G
F12_BC72_191109_LF_LIB_consensus_vsearch	2449	A	*/-G	473	99	16.69%	2	2	93	93	1.5134315044774168E-32	1	1	364	109	96	3	-G
F12_BC72_191109_LF_LIB_consensus_vsearch	2451	G	*/+A	618	8	1.26%	2	1	93	93	0.003819344102536125	1	1	507	111	8	0	+A
F12_BC72_191109_LF_LIB_consensus_vsearch	2455	C	*/+A	532	60	9.45%	2	1	93	93	1.7959212010922218E-19	1	1	426	106	60	0	+A
F12_BC72_191109_LF_LIB_consensus_vsearch	2455	C	*/+AA	532	8	1.26%	2	1	93	93	0.003805587578891379	1	1	426	106	8	0	+A
F12_BC72_191109_LF_LIB_consensus_vsearch	2455	C	*/-A	532	32	5.04%	2	2	93	93	1.481019409276511E-10	1	1	426	106	28	4	-A
F12_BC72_191109_LF_LIB_consensus_vsearch	2461	G	*/+C	614	7	1.1%	2	1	93	93	0.0076808312175928525	1	1	508	106	7	0	+C
F12_BC72_191109_LF_LIB_consensus_vsearch	2465	T	*/+C	621	7	1.09%	2	2	93	93	0.007682294147772585	1	1	515	106	6	1	+C
F12_BC72_191109_LF_LIB_consensus_vsearch	2466	C	*/+A	499	26	4.09%	2	2	93	93	1.085014616691947E-8	1	1	392	107	25	1	+A
F12_BC72_191109_LF_LIB_consensus_vsearch	2466	C	*/-A	499	95	14.96%	2	1	93	93	4.232699491097521E-31	1	1	392	107	95	0	-A
F12_BC72_191109_LF_LIB_consensus_vsearch	2466	C	*/-AA	499	7	1.1%	2	1	93	93	0.007651025903258369	1	1	392	107	7	0	-A
F12_BC72_191109_LF_LIB_consensus_vsearch	2469	A	*/-G	620	10	1.56%	2	1	93	93	9.420447767642226E-4	1	1	507	113	10	0	-G
F12_BC72_191109_LF_LIB_consensus_vsearch	2470	G	*/+A	607	8	1.28%	2	1	93	93	0.003817797974000658	1	1	495	112	8	0	+A
F12_BC72_191109_LF_LIB_consensus_vsearch	2470	G	*/-A	607	8	1.28%	2	1	93	93	0.003817797974000658	1	1	495	112	8	0	+A
F12_BC72_191109_LF_LIB_consensus_vsearch	2472	T	*/+C	620	11	1.72%	2	1	93	93	4.6728707999027204E-4	1	1	519	101	0	11	+C
F12_BC72_191109_LF_LIB_consensus_vsearch	2473	T	*/-C	622	13	2.03%	2	2	93	93	1.1472848853073657E-4	1	1	519	103	4	9	-C
F12_BC72_191109_LF_LIB_consensus_vsearch	2482	C	*/-AC	616	9	1.42%	2	1	93	93	0.0018973027115589166	1	1	505	111	9	0	-AC
F12_BC72_191109_LF_LIB_consensus_vsearch	2486	G	*/-A	601	14	2.21%	2	1	93	93	5.663593861785446E-5	1	1	489	112	14	0	-A
F12_BC72_191109_LF_LIB_consensus_vsearch	2490	T	*/-CT	610	7	1.11%	2	1	93	93	0.007679980402859511	1	1	506	104	7	0	-CT
F12_BC72_191109_LF_LIB_consensus_vsearch	2494	C	*/+G	597	16	2.52%	2	1	93	93	1.3818667421681382E-5	1	1	502	95	16	0	+G
F12_BC72_191109_LF_LIB_consensus_vsearch	2494	C	*/-A	597	14	2.2%	2	1	93	93	5.6607898241035394E-5	1	1	502	95	0	14	+G
F12_BC72_191109_LF_LIB_consensus_vsearch	2496	A	*/-T	617	8	1.25%	2	1	93	93	0.0038192057824281843	1	1	517	100	0	8	-T
F12_BC72_191109_LF_LIB_consensus_vsearch	2498	T	*/+C	611	8	1.26%	2	1	93	93	0.0038183665266398586	1	1	513	98	8	0	+C
F12_BC72_191109_LF_LIB_consensus_vsearch	2499	C	*/-A	624	8	1.26%	2	2	93	93	0.003820164879001387	1	1	518	106	5	3	-A
F12_BC72_191109_LF_LIB_consensus_vsearch	2500	A	*/-CA	582	36	5.72%	2	2	93	93	8.609488182707797E-12	1	1	474	108	34	2	-CA
F12_BC72_191109_LF_LIB_consensus_vsearch	2501	C	*/-A	562	31	5.16%	2	1	93	93	3.1137210328223704E-10	1	1	453	109	31	0	-A
F12_BC72_191109_LF_LIB_consensus_vsearch	2506	C	*/-T	615	8	1.27%	2	1	93	93	0.0038189278171456382	1	1	508	107	8	0	-T
F12_BC72_191109_LF_LIB_consensus_vsearch	2511	C	*/+A	595	24	3.77%	2	1	93	93	4.7487444582983406E-8	1	1	482	113	24	0	+A
F12_BC72_191109_LF_LIB_consensus_vsearch	2517	T	*/-C	623	9	1.41%	2	2	93	93	0.0018979163093137406	1	1	522	101	2	7	-C
F12_BC72_191109_LF_LIB_consensus_vsearch	2518	C	*/-G	596	24	3.81%	2	2	93	93	4.750519343694863E-8	1	1	494	102	23	1	-G
F12_BC72_191109_LF_LIB_consensus_vsearch	2524	G	*/+T	622	9	1.41%	2	1	93	93	0.0018978294796178708	1	1	512	110	9	0	+T
F12_BC72_191109_LF_LIB_consensus_vsearch	2527	C	*/+T	623	7	1.1%	2	1	93	93	0.007682706175917277	1	1	520	103	0	7	+T
F12_BC72_191109_LF_LIB_consensus_vsearch	2532	T	*/+C	620	7	1.1%	2	1	93	93	0.007682087151165184	1	1	510	110	7	0	+C
F12_BC72_191109_LF_LIB_consensus_vsearch	2533	C	*/+A	604	25	3.94%	2	1	93	93	2.3367823190625944E-8	1	1	492	112	25	0	+A
F12_BC72_191109_LF_LIB_consensus_vsearch	2534	G	*/-A	602	31	4.85%	2	1	93	93	3.1959498112856447E-10	1	1	491	111	31	0	-A
F12_BC72_191109_LF_LIB_consensus_vsearch	2535	A	*/-G	590	8	1.31%	2	1	93	93	0.003815297238788008	1	1	478	112	8	0	-G
F12_BC72_191109_LF_LIB_consensus_vsearch	2537	C	*/-G	593	22	3.45%	2	2	93	93	1.9693461489028034E-7	1	1	506	87	7	15	-G
F12_BC72_191109_LF_LIB_consensus_vsearch	2537	C	*/-GG	593	9	1.41%	2	1	93	93	0.0018951869403117238	1	1	506	87	0	9	-G
F12_BC72_191109_LF_LIB_consensus_vsearch	2543	G	*/-C	612	8	1.26%	2	1	93	93	0.0038185075246258285	1	1	500	112	8	0	-C
F12_BC72_191109_LF_LIB_consensus_vsearch	2545	C	*/+A	537	56	8.78%	2	2	93	93	3.55200789143597E-18	1	1	429	108	55	1	+A
F12_BC72_191109_LF_LIB_consensus_vsearch	2545	C	*/-A	537	30	4.7%	2	2	93	93	6.281101732517469E-10	1	1	429	108	27	3	+A
F12_BC72_191109_LF_LIB_consensus_vsearch	2547	A	*/-G	606	15	2.37%	2	1	93	93	2.8015590584416504E-5	1	1	496	110	15	0	-G
F12_BC72_191109_LF_LIB_consensus_vsearch	2549	A	*/-G	610	16	2.52%	2	2	93	93	1.3847504363633126E-5	1	1	501	109	15	1	-G
F12_BC72_191109_LF_LIB_consensus_vsearch	2550	G	*/-A	597	15	2.43%	2	1	93	93	2.7979946432322596E-5	1	1	487	110	15	0	-A
F12_BC72_191109_LF_LIB_consensus_vsearch	2551	A	*/+GA	588	24	3.88%	2	2	93	93	4.736173662405395E-8	1	1	479	109	23	1	+GA
F12_BC72_191109_LF_LIB_consensus_vsearch	2552	T	*/-C	615	12	1.88%	2	2	93	93	2.315104309433486E-4	1	1	506	109	11	1	-C
F12_BC72_191109_LF_LIB_consensus_vsearch	2571	C	*/-A	623	9	1.42%	2	1	93	93	0.0018979163093137406	1	1	511	112	9	0	-A
F12_BC72_191109_LF_LIB_consensus_vsearch	2575	A	*/+T	395	70	10.99%	2	2	93	93	5.1017748722400316E-23	1	1	301	94	66	4	+T
F12_BC72_191109_LF_LIB_consensus_vsearch	2575	A	*/-T	395	167	26.22%	2	2	93	93	2.5642952018841857E-57	1	1	301	94	154	13	-T
F12_BC72_191109_LF_LIB_consensus_vsearch	2585	C	*/+A	593	23	3.63%	2	2	93	93	9.670753428181014E-8	1	1	487	106	22	1	+A
F12_BC72_191109_LF_LIB_consensus_vsearch	2586	G	*/-A	602	28	4.41%	2	1	93	93	2.7412819491726255E-9	1	1	490	112	28	0	-A
F12_BC72_191109_LF_LIB_consensus_vsearch	2589	C	*/-AC	596	35	5.48%	2	1	93	93	1.7922931847118254E-11	1	1	487	109	35	0	-AC
F12_BC72_191109_LF_LIB_consensus_vsearch	2595	C	*/-T	614	14	2.21%	2	2	93	93	5.6724667342721544E-5	1	1	517	97	5	9	-T
F12_BC72_191109_LF_LIB_consensus_vsearch	2600	C	*/-A	606	31	4.85%	2	1	93	93	3.203699989179934E-10	1	1	494	112	31	0	-A
F12_BC72_191109_LF_LIB_consensus_vsearch	2605	C	*/+A	439	40	6.27%	2	2	93	93	3.8893679326390126E-13	1	1	332	107	36	4	+A
F12_BC72_191109_LF_LIB_consensus_vsearch	2605	C	*/+AA	439	8	1.25%	2	1	93	93	0.003784798257927548	1	1	332	107	8	0	+A
F12_BC72_191109_LF_LIB_consensus_vsearch	2605	C	*/-A	439	145	22.73%	2	1	93	93	8.051665682672486E-49	1	1	332	107	145	0	-A
F12_BC72_191109_LF_LIB_consensus_vsearch	2608	A	*/-G	628	7	1.09%	2	2	93	93	0.007683724927463553	1	1	518	110	6	1	-G
F12_BC72_191109_LF_LIB_consensus_vsearch	2615	T	*/-A	614	19	2.98%	2	2	93	93	1.6630195900503404E-6	1	1	521	93	2	17	-A
F12_BC72_191109_LF_LIB_consensus_vsearch	2621	T	*/+A	530	7	1.11%	2	1	93	93	0.007660312408999644	1	1	441	89	7	0	+A
F12_BC72_191109_LF_LIB_consensus_vsearch	2621	T	*/-A	530	60	9.55%	2	2	93	93	1.7858440342253492E-19	1	1	441	89	57	3	-A
F12_BC72_191109_LF_LIB_consensus_vsearch	2621	T	*/-AA	530	16	2.55%	2	1	93	93	1.36491804687831E-5	1	1	441	89	0	16	-A
F12_BC72_191109_LF_LIB_consensus_vsearch	2624	A	*/-G	611	9	1.42%	2	2	93	93	0.00189685601060935	1	1	508	103	5	4	-G
F12_BC72_191109_LF_LIB_consensus_vsearch	2625	G	*/+C	603	21	3.33%	2	1	93	93	4.0185354047193245E-7	1	1	521	82	0	21	+C
F12_BC72_191109_LF_LIB_consensus_vsearch	2635	C	*/+A	406	71	11.25%	2	2	93	93	2.5353684417290436E-23	1	1	302	104	66	5	+A
F12_BC72_191109_LF_LIB_consensus_vsearch	2635	C	*/+AA	406	9	1.43%	2	1	93	93	0.0018693814758962122	1	1	302	104	9	0	+A
F12_BC72_191109_LF_LIB_consensus_vsearch	2635	C	*/-A	406	127	20.13%	2	2	93	93	1.1465205674483327E-42	1	1	302	104	126	1	-A
F12_BC72_191109_LF_LIB_consensus_vsearch	2635	C	*/-AA	406	7	1.11%	2	2	93	93	0.007614843055105977	1	1	302	104	6	1	-A
F12_BC72_191109_LF_LIB_consensus_vsearch	2637	A	*/+G	613	9	1.43%	2	1	93	93	0.0018970355461003963	1	1	502	111	9	0	+G
F12_BC72_191109_LF_LIB_consensus_vsearch	2638	A	*/-G	616	10	1.57%	2	1	93	93	9.418265258818377E-4	1	1	506	110	10	0	-G
F12_BC72_191109_LF_LIB_consensus_vsearch	2641	C	*/+A	619	7	1.1%	2	1	93	93	0.007681879495413374	1	1	508	111	7	0	+A
F12_BC72_191109_LF_LIB_consensus_vsearch	2646	C	*/+G	593	9	1.41%	2	2	93	93	0.0018951869403117238	1	1	508	85	4	5	+G
F12_BC72_191109_LF_LIB_consensus_vsearch	2647	G	*/+A	615	7	1.1%	2	1	93	93	0.007681042217029198	1	1	502	113	7	0	+A
F12_BC72_191109_LF_LIB_consensus_vsearch	2647	G	*/-A	615	10	1.57%	2	1	93	93	9.417715312813918E-4	1	1	502	113	10	0	-A
F12_BC72_191109_LF_LIB_consensus_vsearch	2654	A	*/-CA	609	10	1.57%	2	2	93	93	9.414378721184591E-4	1	1	502	107	8	2	-CA
F12_BC72_191109_LF_LIB_consensus_vsearch	2658	T	*/-G	600	21	3.3%	2	2	93	93	4.015159412018626E-7	1	1	513	87	6	15	-G
F12_BC72_191109_LF_LIB_consensus_vsearch	2661	G	*/+A	617	8	1.26%	2	1	93	93	0.0038192057824281843	1	1	507	110	8	0	+A
F12_BC72_191109_LF_LIB_consensus_vsearch	2671	G	*/+A	576	11	1.73%	2	1	93	93	4.657363845851338E-4	1	1	464	112	11	0	+A
F12_BC72_191109_LF_LIB_consensus_vsearch	2671	G	*/-A	576	10	1.57%	2	1	93	93	9.394819933234852E-4	1	1	464	112	10	0	+A
F12_BC72_191109_LF_LIB_consensus_vsearch	2671	G	*/-AAG	576	34	5.35%	2	2	93	93	3.6275225628831244E-11	1	1	464	112	33	1	-AAG
F12_BC72_191109_LF_LIB_consensus_vsearch	2675	A	*/+T	604	7	1.12%	2	1	93	93	0.007678683362771209	1	1	496	108	7	0	+T
F12_BC72_191109_LF_LIB_consensus_vsearch	2682	G	*/+A	611	13	2.03%	2	1	93	93	1.1460183433533657E-4	1	1	506	105	13	0	+A
F12_BC72_191109_LF_LIB_consensus_vsearch	2682	G	*/-TG	611	7	1.1%	2	1	93	93	0.007680194135688583	1	1	506	105	0	7	+A
F12_BC72_191109_LF_LIB_consensus_vsearch	2685	C	*/+A	587	10	1.57%	2	1	93	93	9.40157711688526E-4	1	1	490	97	0	10	+A
F12_BC72_191109_LF_LIB_consensus_vsearch	2685	C	*/+G	587	15	2.36%	2	1	93	93	2.7939132317165916E-5	1	1	490	97	15	0	+G
F12_BC72_191109_LF_LIB_consensus_vsearch	2685	C	*/-A	587	10	1.57%	2	1	93	93	9.40157711688526E-4	1	1	490	97	10	0	+G
F12_BC72_191109_LF_LIB_consensus_vsearch	2687	C	*/-T	578	12	1.89%	2	1	93	93	2.3073291313309075E-4	1	1	481	97	12	0	-T
F12_BC72_191109_LF_LIB_consensus_vsearch	2687	C	*/-TT	578	14	2.21%	2	1	93	93	5.646967505352899E-5	1	1	481	97	14	0	-TT
F12_BC72_191109_LF_LIB_consensus_vsearch	2689	T	*/+A	537	23	3.73%	2	1	93	93	9.466465233641151E-8	1	1	428	109	23	0	+A
F12_BC72_191109_LF_LIB_consensus_vsearch	2689	T	*/-G	537	10	1.62%	2	1	93	93	9.368699288806099E-4	1	1	428	109	10	0	+A
F12_BC72_191109_LF_LIB_consensus_vsearch	2690	G	*/-T	552	37	6%	2	1	93	93	4.05939222953254E-12	1	1	439	113	37	0	-T
F12_BC72_191109_LF_LIB_consensus_vsearch	2691	T	*/+A	503	8	1.36%	2	1	93	93	0.003799911542051382	1	1	395	108	8	0	+A
F12_BC72_191109_LF_LIB_consensus_vsearch	2691	T	*/-A	503	25	4.25%	2	1	93	93	2.2280691823969355E-8	1	1	395	108	25	0	-A
F12_BC72_191109_LF_LIB_consensus_vsearch	2693	A	*/-G	595	16	2.53%	2	1	93	93	1.3814126130207295E-5	1	1	483	112	16	0	-G
F12_BC72_191109_LF_LIB_consensus_vsearch	2693	A	*/-GA	595	9	1.42%	2	1	93	93	0.0018953772659027035	1	1	483	112	9	0	-G
F12_BC72_191109_LF_LIB_consensus_vsearch	2694	G	*/-A	594	11	1.79%	2	2	93	93	4.6639763160160295E-4	1	1	484	110	10	1	-A
F12_BC72_191109_LF_LIB_consensus_vsearch	2696	A	*/-C	616	11	1.72%	2	1	93	93	4.671549767250724E-4	1	1	505	111	11	0	-C
F12_BC72_191109_LF_LIB_consensus_vsearch	2710	C	*/+T	621	7	1.1%	2	1	93	93	0.007682294147772585	1	1	510	111	7	0	+T
F12_BC72_191109_LF_LIB_consensus_vsearch	2712	C	*/+A	600	14	2.2%	2	2	93	93	5.66289618601581E-5	1	1	492	108	13	1	+A
F12_BC72_191109_LF_LIB_consensus_vsearch	2712	C	*/-A	600	9	1.42%	2	2	93	93	0.0018958476541767384	1	1	492	108	7	2	+A
F12_BC72_191109_LF_LIB_consensus_vsearch	2718	C	*/-A	607	15	2.37%	2	1	93	93	2.8019489369197462E-5	1	1	499	108	15	0	-A
F12_BC72_191109_LF_LIB_consensus_vsearch	2719	A	*/-T	577	8	1.29%	2	2	93	93	0.0038132873975118887	1	1	481	96	4	4	-T
F12_BC72_191109_LF_LIB_consensus_vsearch	2719	A	*/-TT	577	9	1.45%	2	2	93	93	0.0018936179518815892	1	1	481	96	1	8	-TT
F12_BC72_191109_LF_LIB_consensus_vsearch	2721	T	*/-A	586	21	3.37%	2	1	93	93	3.9989953345129177E-7	1	1	488	98	21	0	-A
F12_BC72_191109_LF_LIB_consensus_vsearch	2727	T	*/-C	610	12	1.88%	2	2	93	93	2.3141067102251553E-4	1	1	500	110	11	1	-C
F12_BC72_191109_LF_LIB_consensus_vsearch	2728	C	*/+G	610	11	1.76%	2	1	93	93	4.6695367545624854E-4	1	1	498	112	11	0	+G
F12_BC72_191109_LF_LIB_consensus_vsearch	2729	C	*/-T	624	7	1.1%	2	2	93	93	0.00768291121366534	1	1	517	107	3	4	-T
F12_BC72_191109_LF_LIB_consensus_vsearch	2731	T	*/+C	574	39	6.1%	2	2	93	93	9.745025340787697E-13	1	1	464	110	38	1	+C
F12_BC72_191109_LF_LIB_consensus_vsearch	2731	T	*/-C	574	18	2.82%	2	1	93	93	3.3457631735446256E-6	1	1	464	110	18	0	+C
F12_BC72_191109_LF_LIB_consensus_vsearch	2733	C	*/+T	601	12	1.88%	2	1	93	93	2.312270755488514E-4	1	1	493	108	12	0	+T
F12_BC72_191109_LF_LIB_consensus_vsearch	2734	G	*/-CA	596	8	1.27%	2	2	93	93	0.0038161958373891486	1	1	485	111	7	1	-CA
F12_BC72_191109_LF_LIB_consensus_vsearch	2736	A	*/-G	584	12	1.91%	2	1	93	93	2.3086543430195892E-4	1	1	476	108	12	0	-G
F12_BC72_191109_LF_LIB_consensus_vsearch	2737	G	*/+A	613	7	1.12%	2	1	93	93	0.007680619539752568	1	1	505	108	7	0	+A
F12_BC72_191109_LF_LIB_consensus_vsearch	2738	G	*/+T	613	13	2.04%	2	1	93	93	1.1462518627902735E-4	1	1	501	112	13	0	+T
F12_BC72_191109_LF_LIB_consensus_vsearch	2740	T	*/-C	624	7	1.1%	2	1	93	93	0.00768291121366534	1	1	513	111	7	0	-C
F12_BC72_191109_LF_LIB_consensus_vsearch	2742	A	*/+C	602	7	1.1%	2	1	93	93	0.007678245355574117	1	1	493	109	7	0	+C
F12_BC72_191109_LF_LIB_consensus_vsearch	2742	A	*/-C	602	14	2.21%	2	2	93	93	5.6642893326464415E-5	1	1	493	109	12	2	-C
F12_BC72_191109_LF_LIB_consensus_vsearch	2744	C	*/-T	625	8	1.26%	2	2	93	93	0.003820300170214244	1	1	517	108	4	4	-T
F12_BC72_191109_LF_LIB_consensus_vsearch	2747	C	*/-G	576	37	5.86%	2	1	93	93	4.1561473836611666E-12	1	1	464	112	37	0	-G
F12_BC72_191109_LF_LIB_consensus_vsearch	2749	G	*/-A	617	8	1.26%	2	2	93	93	0.0038192057824281843	1	1	505	112	7	1	-A
F12_BC72_191109_LF_LIB_consensus_vsearch	2754	C	*/+T	591	21	3.29%	2	2	93	93	4.004847040640822E-7	1	1	495	96	5	16	+T
F12_BC72_191109_LF_LIB_consensus_vsearch	2756	T	*/+A	589	9	1.42%	2	1	93	93	0.001894802500745058	1	1	478	111	9	0	+A
F12_BC72_191109_LF_LIB_consensus_vsearch	2756	T	*/-G	589	8	1.26%	2	1	93	93	0.003815145726019033	1	1	478	111	8	0	+A
F12_BC72_191109_LF_LIB_consensus_vsearch	2757	G	*/+T	557	16	2.58%	2	1	93	93	1.3722058466540388E-5	1	1	444	113	16	0	+T
F12_BC72_191109_LF_LIB_consensus_vsearch	2757	G	*/-T	557	9	1.45%	2	1	93	93	0.001891533038997417	1	1	444	113	9	0	+T
F12_BC72_191109_LF_LIB_consensus_vsearch	2759	T	*/-A	593	7	1.1%	2	1	93	93	0.007676238309885784	1	1	482	111	7	0	-A
F12_BC72_191109_LF_LIB_consensus_vsearch	2759	T	*/-AC	593	27	4.25%	2	1	93	93	5.579075282247843E-9	1	1	482	111	27	0	-AC
F12_BC72_191109_LF_LIB_consensus_vsearch	2761	C	*/-G	584	9	1.47%	2	1	93	93	0.0018943147174077597	1	1	475	109	9	0	-G
F12_BC72_191109_LF_LIB_consensus_vsearch	2764	C	*/+T	517	34	5.42%	2	2	93	93	3.4428887528127286E-11	1	1	421	96	24	10	+T
F12_BC72_191109_LF_LIB_consensus_vsearch	2764	C	*/-T	517	62	9.89%	2	2	93	93	3.8616460935470995E-20	1	1	421	96	58	4	-T
F12_BC72_191109_LF_LIB_consensus_vsearch	2772	T	*/-C	594	19	3.01%	2	2	93	93	1.655484488184348E-6	1	1	508	86	4	15	-C
F12_BC72_191109_LF_LIB_consensus_vsearch	2772	T	*/-CCT	594	10	1.58%	2	2	93	93	9.405750402100623E-4	1	1	508	86	2	8	-C
F12_BC72_191109_LF_LIB_consensus_vsearch	2773	C	*/+A	592	7	1.16%	2	1	93	93	0.007676011594473652	1	1	509	83	7	0	+A
F12_BC72_191109_LF_LIB_consensus_vsearch	2775	T	*/+C	591	27	4.32%	2	1	93	93	5.5737397274659116E-9	1	1	493	98	27	0	+C
F12_BC72_191109_LF_LIB_consensus_vsearch	2777	T	*/+A	607	10	1.58%	2	2	93	93	9.413252257957377E-4	1	1	509	98	1	9	+A
F12_BC72_191109_LF_LIB_consensus_vsearch	2777	T	*/-A	607	7	1.11%	2	1	93	93	0.007679335041004716	1	1	509	98	7	0	+A
F12_BC72_191109_LF_LIB_consensus_vsearch	2783	G	*/-C	616	14	2.19%	2	1	93	93	5.673800135975473E-5	1	1	505	111	14	0	-C
F12_BC72_191109_LF_LIB_consensus_vsearch	2785	C	*/+G	612	11	1.72%	2	2	93	93	4.670212007059329E-4	1	1	504	108	8	3	+G
F12_BC72_191109_LF_LIB_consensus_vsearch	2787	A	*/+G	606	8	1.26%	2	1	93	93	0.0038176546845975347	1	1	493	113	8	0	+G
F12_BC72_191109_LF_LIB_consensus_vsearch	2788	G	*/+AG	609	13	2.05%	2	2	93	93	1.1457833548985164E-4	1	1	498	111	12	1	+AG
F12_BC72_191109_LF_LIB_consensus_vsearch	2788	G	*/-T	609	7	1.1%	2	2	93	93	0.007679765978387823	1	1	498	111	6	1	+AG
F12_BC72_191109_LF_LIB_consensus_vsearch	2794	C	*/-A	623	9	1.41%	2	2	93	93	0.0018979163093137406	1	1	515	108	7	2	-A
F12_BC72_191109_LF_LIB_consensus_vsearch	2800	T	*/-C	615	8	1.26%	2	1	93	93	0.0038189278171456382	1	1	515	100	0	8	-C
F12_BC72_191109_LF_LIB_consensus_vsearch	2801	C	*/-TC	588	34	5.41%	2	2	93	93	3.661701549067971E-11	1	1	517	71	1	33	-TC
F12_BC72_191109_LF_LIB_consensus_vsearch	2807	G	*/-A	625	7	1.1%	2	1	93	93	0.007683115604648609	1	1	513	112	7	0	-A
F12_BC72_191109_LF_LIB_consensus_vsearch	2809	C	*/+A	561	11	1.73%	2	1	93	93	4.6515403682255657E-4	1	1	455	106	11	0	+A
F12_BC72_191109_LF_LIB_consensus_vsearch	2809	C	*/+G	561	7	1.1%	2	2	93	93	0.007668588879253857	1	1	455	106	2	5	+A
F12_BC72_191109_LF_LIB_consensus_vsearch	2809	C	*/-G	561	7	1.1%	2	1	93	93	0.007668588879253857	1	1	455	106	7	0	+A
F12_BC72_191109_LF_LIB_consensus_vsearch	2809	C	*/-GA	561	39	6.12%	2	1	93	93	9.609779573438452E-13	1	1	455	106	39	0	-GA
F12_BC72_191109_LF_LIB_consensus_vsearch	2810	G	*/-A	566	8	1.35%	2	2	93	93	0.003811516065223009	1	1	458	108	6	2	-A
F12_BC72_191109_LF_LIB_consensus_vsearch	2815	G	*/-C	607	12	1.9%	2	1	93	93	2.313500552075147E-4	1	1	499	108	12	0	-C
F12_BC72_191109_LF_LIB_consensus_vsearch	2818	G	*/+T	599	22	3.44%	2	1	93	93	1.973051308118693E-7	1	1	490	109	22	0	+T
F12_BC72_191109_LF_LIB_consensus_vsearch	2821	G	*/+C	600	20	3.14%	2	1	93	93	8.161855577944026E-7	1	1	493	107	20	0	+C
F12_BC72_191109_LF_LIB_consensus_vsearch	2823	C	*/+A	20	21	3.31%	1	2	93	93	1.468190462868769E-8	1	1	20	0	20	1	+A
F12_BC72_191109_LF_LIB_consensus_vsearch	2823	C	+G/+G	20	565	88.98%	1	2	93	93	3.453458181E-314	1	1	20	0	465	100	+G
F12_BC72_191109_LF_LIB_consensus_vsearch	2824	G	*/+A	612	11	1.74%	2	1	93	93	4.670212007059329E-4	1	1	501	111	11	0	+A
F12_BC72_191109_LF_LIB_consensus_vsearch	2826	T	*/+C	416	21	3.31%	2	2	93	93	3.7282374960453956E-7	1	1	329	87	20	1	+C
F12_BC72_191109_LF_LIB_consensus_vsearch	2826	T	*/-C	416	189	29.81%	2	2	93	93	3.2254497371190094E-65	1	1	329	87	167	22	-C
F12_BC72_191109_LF_LIB_consensus_vsearch	2830	C	*/+A	538	19	2.97%	2	2	93	93	1.6316856754432163E-6	1	1	458	80	13	6	+A
F12_BC72_191109_LF_LIB_consensus_vsearch	2830	C	*/-A	538	35	5.47%	2	2	93	93	1.703842850499326E-11	1	1	458	80	32	3	-A
F12_BC72_191109_LF_LIB_consensus_vsearch	2830	C	*/-AA	538	12	1.88%	2	2	93	93	2.2977702410449847E-4	1	1	458	80	5	7	-A
F12_BC72_191109_LF_LIB_consensus_vsearch	2833	A	*/-G	599	19	2.98%	2	1	93	93	1.6574114275360504E-6	1	1	495	104	19	0	-G
F12_BC72_191109_LF_LIB_consensus_vsearch	2834	G	*/+C	531	13	2.12%	2	1	93	93	1.1353046202906254E-4	1	1	418	113	13	0	+C
F12_BC72_191109_LF_LIB_consensus_vsearch	2834	G	*/-C	531	31	5.05%	2	1	93	93	3.043454524880013E-10	1	1	418	113	31	0	-C
F12_BC72_191109_LF_LIB_consensus_vsearch	2839	T	*/-C	489	140	21.94%	2	2	93	93	1.169371032922537E-46	1	1	382	107	136	4	-C
F12_BC72_191109_LF_LIB_consensus_vsearch	2841	C	*/+A	572	26	4.06%	2	1	93	93	1.1288202050694434E-8	1	1	479	93	26	0	+A
F12_BC72_191109_LF_LIB_consensus_vsearch	2841	C	*/+G	572	18	2.81%	2	2	93	93	3.344253372681461E-6	1	1	479	93	6	12	+A
F12_BC72_191109_LF_LIB_consensus_vsearch	2842	G	*/-A	590	37	5.82%	2	2	93	93	4.21003510065329E-12	1	1	480	110	35	2	-A
F12_BC72_191109_LF_LIB_consensus_vsearch	2848	C	*/-TC	621	9	1.42%	2	1	93	93	0.0018977423763799528	1	1	513	108	9	0	-TC
F12_BC72_191109_LF_LIB_consensus_vsearch	2853	T	*/+G	594	26	4.07%	2	2	93	93	1.1402352512859191E-8	1	1	491	103	24	2	+G
F12_BC72_191109_LF_LIB_consensus_vsearch	2854	G	*/-A	612	21	3.29%	2	1	93	93	4.028484667168862E-7	1	1	500	112	21	0	-A
F12_BC72_191109_LF_LIB_consensus_vsearch	2861	T	*/+C	618	17	2.66%	2	1	93	93	6.844936381919539E-6	1	1	506	112	17	0	+C
F12_BC72_191109_LF_LIB_consensus_vsearch	2867	G	*/+A	592	15	2.38%	2	1	93	93	2.7959702069988565E-5	1	1	481	111	15	0	+A
F12_BC72_191109_LF_LIB_consensus_vsearch	2869	T	*/+A	598	17	2.68%	2	2	93	93	6.820498339989392E-6	1	1	492	106	16	1	+A
F12_BC72_191109_LF_LIB_consensus_vsearch	2870	A	*/-G	617	7	1.1%	2	1	93	93	0.007681462193627429	1	1	505	112	7	0	-G
F12_BC72_191109_LF_LIB_consensus_vsearch	2870	A	*/-GT	617	7	1.1%	2	1	93	93	0.007681462193627429	1	1	505	112	7	0	-G
F12_BC72_191109_LF_LIB_consensus_vsearch	2871	G	*/+C	490	15	2.4%	2	1	93	93	2.7462584508536294E-5	1	1	382	108	15	0	+C
F12_BC72_191109_LF_LIB_consensus_vsearch	2871	G	*/-TAG	490	18	2.88%	2	2	93	93	3.272727261978208E-6	1	1	382	108	14	4	-TAG
F12_BC72_191109_LF_LIB_consensus_vsearch	2872	T	*/+A	548	17	2.78%	2	1	93	93	6.752188283154901E-6	1	1	447	101	17	0	+A
F12_BC72_191109_LF_LIB_consensus_vsearch	2872	T	*/-A	548	8	1.31%	2	1	93	93	0.003808467237244324	1	1	447	101	8	0	+A
F12_BC72_191109_LF_LIB_consensus_vsearch	2873	A	*/+C	579	8	1.31%	2	1	93	93	0.003813602365568841	1	1	471	108	8	0	+C
F12_BC72_191109_LF_LIB_consensus_vsearch	2873	A	*/-G	579	8	1.31%	2	1	93	93	0.003813602365568841	1	1	471	108	8	0	+C
F12_BC72_191109_LF_LIB_consensus_vsearch	2882	C	*/+G	602	25	3.92%	2	1	93	93	2.334933707412423E-8	1	1	492	110	25	0	+G
F12_BC72_191109_LF_LIB_consensus_vsearch	2887	T	*/-GT	577	43	6.74%	2	2	93	93	5.347522277285157E-14	1	1	480	97	34	9	-GT
F12_BC72_191109_LF_LIB_consensus_vsearch	2891	C	*/+A	444	12	1.89%	2	1	93	93	2.268864813065808E-4	1	1	340	104	12	0	+A
F12_BC72_191109_LF_LIB_consensus_vsearch	2891	C	*/-A	444	162	25.51%	2	2	93	93	6.611976273953168E-55	1	1	340	104	161	1	-A
F12_BC72_191109_LF_LIB_consensus_vsearch	2893	A	*/+G	618	7	1.11%	2	2	93	93	0.007681671177273311	1	1	511	107	6	1	+G
F12_BC72_191109_LF_LIB_consensus_vsearch	2894	A	*/-G	610	12	1.88%	2	2	93	93	2.3141067102251553E-4	1	1	504	106	10	2	-G
F12_BC72_191109_LF_LIB_consensus_vsearch	2895	G	*/+A	604	11	1.75%	2	1	93	93	4.667485017187267E-4	1	1	499	105	11	0	+A
F12_BC72_191109_LF_LIB_consensus_vsearch	2896	G	*/+A	600	29	4.54%	2	1	93	93	1.3387716995320007E-9	1	1	490	110	29	0	+A
F12_BC72_191109_LF_LIB_consensus_vsearch	2898	C	*/-A	615	7	1.11%	2	1	93	93	0.007681042217029198	1	1	508	107	7	0	-A
F12_BC72_191109_LF_LIB_consensus_vsearch	2899	A	*/+G	544	34	5.45%	2	2	93	93	3.5309978249082615E-11	1	1	466	78	27	7	+G
F12_BC72_191109_LF_LIB_consensus_vsearch	2899	A	*/-G	544	32	5.13%	2	2	93	93	1.4954443744982165E-10	1	1	466	78	11	21	+G
F12_BC72_191109_LF_LIB_consensus_vsearch	2910	C	*/-A	623	13	2.03%	2	2	93	93	1.1473978993158247E-4	1	1	512	111	12	1	-A
F12_BC72_191109_LF_LIB_consensus_vsearch	2912	A	*/-C	574	9	1.41%	2	1	93	93	0.0018933142585401675	1	1	465	109	9	0	-C
F12_BC72_191109_LF_LIB_consensus_vsearch	2915	C	*/+A	600	8	1.26%	2	1	93	93	0.0038167851036022588	1	1	488	112	8	0	+A
F12_BC72_191109_LF_LIB_consensus_vsearch	2915	C	*/+TT	600	10	1.57%	2	1	93	93	9.409252098230042E-4	1	1	488	112	10	0	+TT
F12_BC72_191109_LF_LIB_consensus_vsearch	2916	G	*/-A	599	25	3.95%	2	1	93	93	2.3321408992558252E-8	1	1	488	111	25	0	-A
F12_BC72_191109_LF_LIB_consensus_vsearch	2917	A	*/+G	560	12	1.96%	2	1	93	93	2.3031898910607474E-4	1	1	447	113	12	0	+G
F12_BC72_191109_LF_LIB_consensus_vsearch	2917	A	*/-G	560	8	1.31%	2	1	93	93	0.0038105211348542487	1	1	447	113	8	0	+G
F12_BC72_191109_LF_LIB_consensus_vsearch	2918	G	*/-C	611	7	1.11%	2	1	93	93	0.007680194135688583	1	1	499	112	7	0	-C
F12_BC72_191109_LF_LIB_consensus_vsearch	2927	T	*/+C	609	13	2.04%	2	1	93	93	1.1457833548985164E-4	1	1	501	108	13	0	+C
F12_BC72_191109_LF_LIB_consensus_vsearch	2928	C	*/-AC	603	16	2.52%	2	2	93	93	1.3832121728531134E-5	1	1	495	108	15	1	-AC
F12_BC72_191109_LF_LIB_consensus_vsearch	2932	C	*/-T	595	12	1.89%	2	2	93	93	2.3110170864211674E-4	1	1	495	100	2	10	-T
F12_BC72_191109_LF_LIB_consensus_vsearch	2932	C	*/-TT	595	18	2.83%	2	1	93	93	3.361050860029251E-6	1	1	495	100	18	0	-TT
F12_BC72_191109_LF_LIB_consensus_vsearch	2938	A	*/+G	612	9	1.42%	2	2	93	93	0.0018969459217843378	1	1	509	103	4	5	+G
F12_BC72_191109_LF_LIB_consensus_vsearch	2939	G	*/+A	626	7	1.1%	2	1	93	93	0.00768331935194577	1	1	515	111	7	0	+A
F12_BC72_191109_LF_LIB_consensus_vsearch	2944	T	*/+C	496	35	5.49%	2	2	93	93	1.6308487441401116E-11	1	1	393	103	34	1	+C
F12_BC72_191109_LF_LIB_consensus_vsearch	2944	T	*/-C	496	98	15.36%	2	2	93	93	4.0145434450853826E-32	1	1	393	103	89	9	-C
F12_BC72_191109_LF_LIB_consensus_vsearch	2952	G	*/+A	602	23	3.6%	2	1	93	93	9.700467770368823E-8	1	1	490	112	23	0	+A
F12_BC72_191109_LF_LIB_consensus_vsearch	2952	G	*/-AAG	602	11	1.72%	2	1	93	93	4.6667923055175814E-4	1	1	490	112	11	0	+A
F12_BC72_191109_LF_LIB_consensus_vsearch	2955	G	*/-A	582	30	4.82%	2	2	93	93	6.470345136921839E-10	1	1	472	110	29	1	-A
F12_BC72_191109_LF_LIB_consensus_vsearch	2958	C	*/-A	600	30	4.7%	2	1	93	93	6.539671129585503E-10	1	1	523	77	0	30	-A
F12_BC72_191109_LF_LIB_consensus_vsearch	2961	T	*/-A	556	36	5.66%	2	2	93	93	8.407244543510396E-12	1	1	482	74	34	2	-A
F12_BC72_191109_LF_LIB_consensus_vsearch	2961	T	*/-AAT	556	10	1.57%	2	2	93	93	9.381869124860784E-4	1	1	482	74	8	2	-A
F12_BC72_191109_LF_LIB_consensus_vsearch	2967	C	*/-A	617	7	1.1%	2	1	93	93	0.007681462193627429	1	1	511	106	7	0	-A
F12_BC72_191109_LF_LIB_consensus_vsearch	2974	C	*/-T	619	16	2.51%	2	2	93	93	1.38668016525178E-5	1	1	515	104	8	8	-T
F12_BC72_191109_LF_LIB_consensus_vsearch	2977	T	*/+C	584	11	1.72%	2	2	93	93	4.660351394123344E-4	1	1	477	107	9	2	+C
F12_BC72_191109_LF_LIB_consensus_vsearch	2977	T	*/-C	584	34	5.32%	2	2	93	93	3.6504248101197883E-11	1	1	477	107	31	3	-C
F12_BC72_191109_LF_LIB_consensus_vsearch	2984	C	*/-AC	604	22	3.46%	2	1	93	93	1.9760889155373745E-7	1	1	494	110	22	0	-AC
F12_BC72_191109_LF_LIB_consensus_vsearch	2986	C	*/-G	603	7	1.13%	2	1	93	93	0.007678464717006819	1	1	492	111	7	0	-G
F12_BC72_191109_LF_LIB_consensus_vsearch	2989	C	*/+A	602	17	2.66%	2	1	93	93	6.825506875879907E-6	1	1	489	113	17	0	+A
F12_BC72_191109_LF_LIB_consensus_vsearch	2990	A	*/-G	605	20	3.14%	2	1	93	93	8.172189201112594E-7	1	1	493	112	20	0	-G
F12_BC72_191109_LF_LIB_consensus_vsearch	2991	G	*/-A	602	12	1.94%	2	1	93	93	2.312477360836041E-4	1	1	489	113	12	0	-A
F12_BC72_191109_LF_LIB_consensus_vsearch	2993	G	*/-T	604	13	2.04%	2	1	93	93	1.145189365177416E-4	1	1	493	111	13	0	-T
F12_BC72_191109_LF_LIB_consensus_vsearch	2996	T	*/-C	620	7	1.1%	2	2	93	93	0.007682087151165184	1	1	510	110	6	1	-C
F12_BC72_191109_LF_LIB_consensus_vsearch	2997	C	*/+T	594	11	1.74%	2	2	93	93	4.6639763160160295E-4	1	1	488	106	9	2	+T
F12_BC72_191109_LF_LIB_consensus_vsearch	2997	C	*/-A	594	14	2.21%	2	2	93	93	5.6586632363048166E-5	1	1	488	106	13	1	-A
F12_BC72_191109_LF_LIB_consensus_vsearch	2998	A	*/+C	580	9	1.45%	2	1	93	93	0.001893918576967777	1	1	475	105	9	0	+C
F12_BC72_191109_LF_LIB_consensus_vsearch	2999	C	*/+A	574	12	1.91%	2	2	93	93	2.3064308632724596E-4	1	1	465	109	11	1	+A
F12_BC72_191109_LF_LIB_consensus_vsearch	2999	C	*/-A	574	22	3.5%	2	1	93	93	1.9571612128286045E-7	1	1	465	109	22	0	-A
F12_BC72_191109_LF_LIB_consensus_vsearch	3002	G	*/-A	607	9	1.43%	2	1	93	93	0.0018964934696203018	1	1	495	112	9	0	-A
F12_BC72_191109_LF_LIB_consensus_vsearch	3002	G	*/-AT	607	11	1.75%	2	1	93	93	4.6685157959659295E-4	1	1	495	112	11	0	-AT
F12_BC72_191109_LF_LIB_consensus_vsearch	3005	T	*/-A	592	11	1.72%	2	2	93	93	4.663260811636574E-4	1	1	483	109	10	1	-A
F12_BC72_191109_LF_LIB_consensus_vsearch	3005	T	*/-AC	592	33	5.16%	2	1	93	93	7.544750823597607E-11	1	1	483	109	33	0	-AC
F12_BC72_191109_LF_LIB_consensus_vsearch	3006	A	*/-C	512	36	6.04%	2	2	93	93	8.032954296613324E-12	1	1	413	99	25	11	-C
F12_BC72_191109_LF_LIB_consensus_vsearch	3006	A	*/-CC	512	14	2.35%	2	1	93	93	5.591435815604937E-5	1	1	413	99	14	0	-C
F12_BC72_191109_LF_LIB_consensus_vsearch	3009	C	*/-G	603	11	1.72%	2	1	93	93	4.667139217478047E-4	1	1	512	91	0	11	-G
F12_BC72_191109_LF_LIB_consensus_vsearch	3014	A	*/+T	613	13	2.04%	2	2	93	93	1.1462518627902735E-4	1	1	505	108	12	1	+T
F12_BC72_191109_LF_LIB_consensus_vsearch	3020	G	*/-C	622	7	1.1%	2	1	93	93	0.007682500488298281	1	1	515	107	7	0	-C
F12_BC72_191109_LF_LIB_consensus_vsearch	3022	C	*/+A	550	9	1.41%	2	1	93	93	0.0018907683786527404	1	1	445	105	9	0	+A
F12_BC72_191109_LF_LIB_consensus_vsearch	3022	C	*/-A	550	64	10%	2	2	93	93	9.590698018645711E-21	1	1	445	105	62	2	-A
F12_BC72_191109_LF_LIB_consensus_vsearch	3024	A	*/-G	618	8	1.25%	2	2	93	93	0.003819344102536125	1	1	509	109	7	1	-G
F12_BC72_191109_LF_LIB_consensus_vsearch	3030	T	*/+A	607	21	3.29%	2	2	93	93	4.022990052407496E-7	1	1	512	95	3	18	+A
F12_BC72_191109_LF_LIB_consensus_vsearch	3030	T	*/-A	607	8	1.25%	2	1	93	93	0.003817797974000658	1	1	512	95	8	0	+A
F12_BC72_191109_LF_LIB_consensus_vsearch	3033	A	*/+G	619	7	1.09%	2	1	93	93	0.007681879495413374	1	1	507	112	7	0	+G
F12_BC72_191109_LF_LIB_consensus_vsearch	3036	C	*/-AC	624	8	1.26%	2	1	93	93	0.003820164879001387	1	1	511	113	8	0	-AC
F12_BC72_191109_LF_LIB_consensus_vsearch	3047	T	*/+C	610	18	2.81%	2	1	93	93	3.371375037366279E-6	1	1	500	110	18	0	+C
F12_BC72_191109_LF_LIB_consensus_vsearch	3057	G	*/-CGCG	612	14	2.22%	2	2	93	93	5.6711250354383166E-5	1	1	509	103	7	7	-CGCG
F12_BC72_191109_LF_LIB_consensus_vsearch	3059	G	*/-CG	411	185	30.18%	2	2	93	93	8.53531377400612E-64	1	1	347	64	145	40	-CG
F12_BC72_191109_LF_LIB_consensus_vsearch	3061	G	*/+A	403	7	1.61%	2	1	93	93	0.007613403934674614	1	1	344	59	7	0	+A
F12_BC72_191109_LF_LIB_consensus_vsearch	3062	T	*/-G	615	8	1.26%	2	1	93	93	0.0038189278171456382	1	1	506	109	8	0	-G
F12_BC72_191109_LF_LIB_consensus_vsearch	3064	C	*/+T	605	9	1.43%	2	1	93	93	0.0018963104416950996	1	1	500	105	9	0	+T
F12_BC72_191109_LF_LIB_consensus_vsearch	3066	G	*/+C	553	10	1.58%	2	1	93	93	9.379848076918366E-4	1	1	445	108	10	0	+C
F12_BC72_191109_LF_LIB_consensus_vsearch	3066	G	*/-C	553	34	5.36%	2	2	93	93	3.5589719171136834E-11	1	1	445	108	33	1	-C
F12_BC72_191109_LF_LIB_consensus_vsearch	3069	C	*/+A	591	30	4.69%	2	1	93	93	6.505430533572782E-10	1	1	481	110	30	0	+A
F12_BC72_191109_LF_LIB_consensus_vsearch	3071	G	*/-A	626	7	1.1%	2	1	93	93	0.00768331935194577	1	1	514	112	7	0	-A
F12_BC72_191109_LF_LIB_consensus_vsearch	3077	C	*/-T	624	10	1.56%	2	2	93	93	9.422603024420415E-4	1	1	516	108	7	3	-T
F12_BC72_191109_LF_LIB_consensus_vsearch	3078	T	*/+A	559	45	7.18%	2	1	93	93	1.2134649111674476E-14	1	1	453	106	45	0	+A
F12_BC72_191109_LF_LIB_consensus_vsearch	3078	T	*/-A	559	13	2.07%	2	2	93	93	1.1393872252603484E-4	1	1	453	106	10	3	+A
F12_BC72_191109_LF_LIB_consensus_vsearch	3080	A	*/+G	604	12	1.88%	2	2	93	93	2.312888595030254E-4	1	1	500	104	9	3	+G
F12_BC72_191109_LF_LIB_consensus_vsearch	3080	A	*/-G	604	13	2.03%	2	2	93	93	1.145189365177416E-4	1	1	500	104	10	3	-G
F12_BC72_191109_LF_LIB_consensus_vsearch	3081	G	*/+A	605	7	1.12%	2	1	93	93	0.007678901296381563	1	1	497	108	7	0	+A
F12_BC72_191109_LF_LIB_consensus_vsearch	3082	G	*/+A	620	15	2.34%	2	1	93	93	2.8069090441855636E-5	1	1	507	113	15	0	+A
F12_BC72_191109_LF_LIB_consensus_vsearch	3086	T	*/-C	623	7	1.1%	2	2	93	93	0.007682706175917277	1	1	513	110	6	1	-C
F12_BC72_191109_LF_LIB_consensus_vsearch	3092	A	*/-C	615	9	1.41%	2	2	93	93	0.0018972139396271118	1	1	507	108	8	1	-C
F12_BC72_191109_LF_LIB_consensus_vsearch	3096	G	*/-T	606	14	2.19%	2	1	93	93	5.66704937494216E-5	1	1	496	110	14	0	-T
F12_BC72_191109_LF_LIB_consensus_vsearch	3098	T	*/-A	572	43	6.77%	2	1	93	93	5.3136512889205494E-14	1	1	461	111	43	0	-A
F12_BC72_191109_LF_LIB_consensus_vsearch	3098	T	*/-ATT	572	15	2.36%	2	2	93	93	2.787539038542439E-5	1	1	461	111	13	2	-A
F12_BC72_191109_LF_LIB_consensus_vsearch	3102	G	*/-C	584	25	3.94%	2	2	93	93	2.317808397875322E-8	1	1	474	110	24	1	-C
F12_BC72_191109_LF_LIB_consensus_vsearch	3104	C	*/+A	565	12	1.89%	2	2	93	93	2.3043650914873222E-4	1	1	494	71	11	1	+A
F12_BC72_191109_LF_LIB_consensus_vsearch	3104	C	*/+T	565	9	1.42%	2	1	93	93	0.0018923842920326984	1	1	494	71	9	0	+A
F12_BC72_191109_LF_LIB_consensus_vsearch	3106	C	*/-A	605	11	1.74%	2	2	93	93	4.6678297099811E-4	1	1	497	108	9	2	-A
F12_BC72_191109_LF_LIB_consensus_vsearch	3110	C	*/-T	624	10	1.56%	2	1	93	93	9.422603024420415E-4	1	1	511	113	10	0	-T
F12_BC72_191109_LF_LIB_consensus_vsearch	3112	T	*/-C	601	24	3.77%	2	2	93	93	4.759316705597063E-8	1	1	497	104	15	9	-C
F12_BC72_191109_LF_LIB_consensus_vsearch	3115	A	*/-T	618	11	1.73%	2	1	93	93	4.6722123548494386E-4	1	1	505	113	11	0	-T
F12_BC72_191109_LF_LIB_consensus_vsearch	3116	T	*/-G	601	20	3.18%	2	1	93	93	8.163934777852906E-7	1	1	489	112	20	0	-G
F12_BC72_191109_LF_LIB_consensus_vsearch	3117	G	*/+C	589	11	1.79%	2	1	93	93	4.6621787405539203E-4	1	1	478	111	11	0	+C
F12_BC72_191109_LF_LIB_consensus_vsearch	3118	C	*/-A	615	14	2.21%	2	1	93	93	5.673134467445169E-5	1	1	503	112	14	0	-A
F12_BC72_191109_LF_LIB_consensus_vsearch	3121	T	*/-A	619	15	2.35%	2	1	93	93	2.8065344971487303E-5	1	1	507	112	15	0	-A
F12_BC72_191109_LF_LIB_consensus_vsearch	3124	T	*/-C	618	8	1.25%	2	2	93	93	0.003819344102536125	1	1	511	107	7	1	-C
F12_BC72_191109_LF_LIB_consensus_vsearch	3130	A	*/-CA	583	30	4.74%	2	1	93	93	6.474286187976792E-10	1	1	472	111	30	0	-CA
F12_BC72_191109_LF_LIB_consensus_vsearch	3134	T	*/-C	483	146	23.03%	2	2	93	93	8.046721111618339E-49	1	1	404	79	116	30	-C
F12_BC72_191109_LF_LIB_consensus_vsearch	3136	C	*/+T	623	7	1.1%	2	2	93	93	0.007682706175917277	1	1	517	106	1	6	+T
F12_BC72_191109_LF_LIB_consensus_vsearch	3137	C	*/+T	614	7	1.1%	2	2	93	93	0.0076808312175928525	1	1	512	102	3	4	+T
F12_BC72_191109_LF_LIB_consensus_vsearch	3137	C	*/-T	614	8	1.25%	2	2	93	93	0.0038187881677128523	1	1	512	102	4	4	-T
F12_BC72_191109_LF_LIB_consensus_vsearch	3140	T	*/+A	580	8	1.25%	2	1	93	93	0.0038137590506295174	1	1	468	112	8	0	+A
F12_BC72_191109_LF_LIB_consensus_vsearch	3140	T	*/-A	580	38	5.94%	2	1	93	93	2.0233733340773698E-12	1	1	468	112	38	0	-A
F12_BC72_191109_LF_LIB_consensus_vsearch	3142	A	*/+G	583	42	6.61%	2	2	93	93	1.1149741505273988E-13	1	1	475	108	40	2	+G
F12_BC72_191109_LF_LIB_consensus_vsearch	3143	G	*/-AG	613	15	2.36%	2	1	93	93	2.80426294270818E-5	1	1	500	113	15	0	-AG
F12_BC72_191109_LF_LIB_consensus_vsearch	3144	A	*/-G	519	83	13.41%	2	2	93	93	4.960520169704688E-27	1	1	412	107	79	4	-G
F12_BC72_191109_LF_LIB_consensus_vsearch	3145	G	*/+A	531	9	1.66%	2	1	93	93	0.0018885938357894548	1	1	422	109	9	0	+A
F12_BC72_191109_LF_LIB_consensus_vsearch	3146	G	*/+A	617	11	1.72%	2	1	93	93	4.6718815813061483E-4	1	1	504	113	11	0	+A
F12_BC72_191109_LF_LIB_consensus_vsearch	3147	A	*/-G	612	20	3.13%	2	1	93	93	8.186398560592905E-7	1	1	501	111	20	0	-G
F12_BC72_191109_LF_LIB_consensus_vsearch	3148	G	*/+A	145	69	11.22%	2	2	93	93	2.3847621809275926E-24	1	1	136	9	63	6	+A
F12_BC72_191109_LF_LIB_consensus_vsearch	3148	G	*/+AG	145	385	62.6%	2	2	93	93	4.045489676036827E-167	1	1	136	9	292	93	+AG
F12_BC72_191109_LF_LIB_consensus_vsearch	3156	C	*/+A	455	26	4.09%	2	2	93	93	1.053138158806238E-8	1	1	369	86	22	4	+A
F12_BC72_191109_LF_LIB_consensus_vsearch	3156	C	*/-A	455	117	18.43%	2	2	93	93	8.036527703569428E-39	1	1	369	86	100	17	-A
F12_BC72_191109_LF_LIB_consensus_vsearch	3156	C	*/-AA	455	23	3.62%	2	2	93	93	9.090649906313673E-8	1	1	369	86	21	2	-A
F12_BC72_191109_LF_LIB_consensus_vsearch	3160	A	*/-G	624	7	1.1%	2	2	93	93	0.00768291121366534	1	1	514	110	6	1	-G
F12_BC72_191109_LF_LIB_consensus_vsearch	3162	T	*/+C	605	8	1.26%	2	1	93	93	0.003817510930198833	1	1	497	108	8	0	+C
F12_BC72_191109_LF_LIB_consensus_vsearch	3162	T	*/+CC	605	8	1.26%	2	1	93	93	0.003817510930198833	1	1	497	108	8	0	+C
F12_BC72_191109_LF_LIB_consensus_vsearch	3162	T	*/-C	605	7	1.1%	2	2	93	93	0.007678901296381563	1	1	497	108	6	1	+C
F12_BC72_191109_LF_LIB_consensus_vsearch	3169	T	*/+C	613	9	1.42%	2	2	93	93	0.0018970355461003963	1	1	518	95	3	6	+C
F12_BC72_191109_LF_LIB_consensus_vsearch	3170	C	*/-TC	598	28	4.44%	2	2	93	93	2.7357933284400758E-9	1	1	511	87	11	17	-TC
F12_BC72_191109_LF_LIB_consensus_vsearch	3171	T	*/+C	579	15	2.47%	2	1	93	93	2.7905524078281228E-5	1	1	494	85	15	0	+C
F12_BC72_191109_LF_LIB_consensus_vsearch	3171	T	*/-C	579	7	1.15%	2	1	93	93	0.007672994124905477	1	1	494	85	0	7	+C
F12_BC72_191109_LF_LIB_consensus_vsearch	3175	C	*/+T	618	7	1.1%	2	1	93	93	0.007681671177273311	1	1	510	108	7	0	+T
F12_BC72_191109_LF_LIB_consensus_vsearch	3176	T	*/+C	564	7	1.1%	2	2	93	93	0.007669342305605016	1	1	462	102	4	3	+C
F12_BC72_191109_LF_LIB_consensus_vsearch	3176	T	*/-A	564	39	6.15%	2	1	93	93	9.64135552862034E-13	1	1	462	102	39	0	-A
F12_BC72_191109_LF_LIB_consensus_vsearch	3180	G	*/-AT	615	7	1.1%	2	1	93	93	0.007681042217029198	1	1	502	113	7	0	-AT
F12_BC72_191109_LF_LIB_consensus_vsearch	3183	T	*/-AC	617	10	1.56%	2	1	93	93	9.418813469131037E-4	1	1	506	111	10	0	-AC
F12_BC72_191109_LF_LIB_consensus_vsearch	3186	G	*/-A	626	10	1.57%	2	1	93	93	9.423670592274315E-4	1	1	514	112	10	0	-A
F12_BC72_191109_LF_LIB_consensus_vsearch	3189	C	*/-TC	619	13	2.05%	2	1	93	93	1.1469437434408794E-4	1	1	510	109	13	0	-TC
F12_BC72_191109_LF_LIB_consensus_vsearch	3200	T	*/+C	591	38	5.94%	2	1	93	93	2.044890539001552E-12	1	1	480	111	38	0	+C
F12_BC72_191109_LF_LIB_consensus_vsearch	3201	C	*/+A	605	7	1.1%	2	1	93	93	0.007678901296381563	1	1	498	107	7	0	+A
F12_BC72_191109_LF_LIB_consensus_vsearch	3201	C	*/+G	605	9	1.41%	2	1	93	93	0.0018963104416950996	1	1	498	107	9	0	+G
F12_BC72_191109_LF_LIB_consensus_vsearch	3201	C	*/-G	605	15	2.35%	2	2	93	93	2.8011679618364403E-5	1	1	498	107	13	2	-G
F12_BC72_191109_LF_LIB_consensus_vsearch	3203	G	*/-A	614	16	2.5%	2	1	93	93	1.3856146534855633E-5	1	1	501	113	16	0	-A
F12_BC72_191109_LF_LIB_consensus_vsearch	3209	A	*/-C	613	12	1.88%	2	2	93	93	2.3147071514967828E-4	1	1	503	110	11	1	-C
F12_BC72_191109_LF_LIB_consensus_vsearch	3215	C	*/+A	611	12	1.88%	2	2	93	93	2.3143074885202073E-4	1	1	502	109	10	2	+A
F12_BC72_191109_LF_LIB_consensus_vsearch	3219	T	*/+C	605	21	3.3%	2	1	93	93	4.0207693471504103E-7	1	1	497	108	21	0	+C
F12_BC72_191109_LF_LIB_consensus_vsearch	3220	C	*/-A	579	47	7.39%	2	2	93	93	2.8976881627651254E-15	1	1	472	107	46	1	-A
F12_BC72_191109_LF_LIB_consensus_vsearch	3223	T	*/+C	588	19	3.01%	2	1	93	93	1.6531326452776263E-6	1	1	487	101	19	0	+C
F12_BC72_191109_LF_LIB_consensus_vsearch	3223	T	*/-C	588	20	3.16%	2	2	93	93	8.13640594138073E-7	1	1	487	101	15	5	-C
F12_BC72_191109_LF_LIB_consensus_vsearch	3225	C	*/-A	616	11	1.73%	2	2	93	93	4.671549767250724E-4	1	1	507	109	10	1	-A
F12_BC72_191109_LF_LIB_consensus_vsearch	3230	A	*/-C	616	7	1.09%	2	1	93	93	0.0076812525413027955	1	1	504	112	7	0	-C
F12_BC72_191109_LF_LIB_consensus_vsearch	3235	G	*/+A	619	11	1.72%	2	2	93	93	4.6725420927558385E-4	1	1	516	103	1	10	+A
F12_BC72_191109_LF_LIB_consensus_vsearch	3235	G	*/-A	619	8	1.25%	2	1	93	93	0.0038194819837437974	1	1	516	103	8	0	+A
F12_BC72_191109_LF_LIB_consensus_vsearch	3238	C	*/-G	613	11	1.72%	2	2	93	93	4.670548032662723E-4	1	1	502	111	9	2	-G
F12_BC72_191109_LF_LIB_consensus_vsearch	3240	G	*/-C	596	7	1.1%	2	2	93	93	0.007676913959545329	1	1	484	112	6	1	-C
F12_BC72_191109_LF_LIB_consensus_vsearch	3244	T	*/-G	596	7	1.1%	2	1	93	93	0.007676913959545329	1	1	487	109	7	0	-G
F12_BC72_191109_LF_LIB_consensus_vsearch	3244	T	*/-GC	596	21	3.31%	2	1	93	93	4.0106106416391137E-7	1	1	487	109	21	0	-GC
F12_BC72_191109_LF_LIB_consensus_vsearch	3246	C	*/-AC	568	34	5.52%	2	1	93	93	3.6041435694322256E-11	1	1	457	111	34	0	-AC
F12_BC72_191109_LF_LIB_consensus_vsearch	3247	A	*/-C	576	12	2%	2	2	93	93	2.306881496410543E-4	1	1	468	108	11	1	-C
F12_BC72_191109_LF_LIB_consensus_vsearch	3250	A	*/-C	611	7	1.11%	2	2	93	93	0.007680194135688583	1	1	501	110	6	1	-C
F12_BC72_191109_LF_LIB_consensus_vsearch	3252	C	*/-ACC	611	10	1.57%	2	2	93	93	9.415498005924852E-4	1	1	502	109	9	1	-ACC
F12_BC72_191109_LF_LIB_consensus_vsearch	3253	A	*/-C	594	14	2.23%	2	2	93	93	5.6586632363048166E-5	1	1	487	107	9	5	-C
F12_BC72_191109_LF_LIB_consensus_vsearch	3258	T	*/+A	594	7	1.11%	2	2	93	93	0.0076764642733761	1	1	488	106	4	3	+A
F12_BC72_191109_LF_LIB_consensus_vsearch	3258	T	*/-A	594	15	2.37%	2	2	93	93	2.7967838427668203E-5	1	1	488	106	11	4	-A
F12_BC72_191109_LF_LIB_consensus_vsearch	3263	T	*/+C	624	13	2.03%	2	1	93	93	1.1475105660385562E-4	1	1	511	113	13	0	+C
F12_BC72_191109_LF_LIB_consensus_vsearch	3264	C	*/+A	545	49	7.66%	2	1	93	93	6.326875134091021E-16	1	1	432	113	49	0	+A
F12_BC72_191109_LF_LIB_consensus_vsearch	3264	C	*/-A	545	19	2.97%	2	1	93	93	1.634903109315917E-6	1	1	432	113	19	0	+A
F12_BC72_191109_LF_LIB_consensus_vsearch	3264	C	*/-AA	545	9	1.41%	2	1	93	93	0.001890210465296116	1	1	432	113	9	0	+A
F12_BC72_191109_LF_LIB_consensus_vsearch	3265	A	*/+G	582	24	3.93%	2	1	93	93	4.72519027422598E-8	1	1	470	112	24	0	+G
F12_BC72_191109_LF_LIB_consensus_vsearch	3266	A	*/+G	598	10	1.59%	2	1	93	93	9.408092461695015E-4	1	1	485	113	10	0	+G
F12_BC72_191109_LF_LIB_consensus_vsearch	3266	A	*/-G	598	17	2.7%	2	1	93	93	6.820498339989392E-6	1	1	485	113	17	0	-G
F12_BC72_191109_LF_LIB_consensus_vsearch	3267	G	*/+A	419	68	10.99%	2	2	93	93	2.7389518771068865E-22	1	1	310	109	65	3	+A
F12_BC72_191109_LF_LIB_consensus_vsearch	3267	G	*/+AA	419	21	3.39%	2	1	93	93	3.7346484366063784E-7	1	1	310	109	21	0	+A
F12_BC72_191109_LF_LIB_consensus_vsearch	3267	G	*/-A	419	87	14.05%	2	1	93	93	1.1280994757437105E-28	1	1	310	109	87	0	-A
F12_BC72_191109_LF_LIB_consensus_vsearch	3268	A	*/+G	532	9	1.65%	2	1	93	93	0.0018887120592700076	1	1	422	110	9	0	+G
F12_BC72_191109_LF_LIB_consensus_vsearch	3271	G	*/-A	612	13	2.06%	2	1	93	93	1.1461352858371434E-4	1	1	500	112	13	0	-A
F12_BC72_191109_LF_LIB_consensus_vsearch	3277	T	*/+C	601	30	4.69%	2	1	93	93	6.543424795404383E-10	1	1	492	109	30	0	+C
F12_BC72_191109_LF_LIB_consensus_vsearch	3285	T	*/+C	611	11	1.72%	2	1	93	93	4.6698749160563975E-4	1	1	501	110	11	0	+C
F12_BC72_191109_LF_LIB_consensus_vsearch	3285	T	*/-C	611	7	1.09%	2	1	93	93	0.007680194135688583	1	1	501	110	7	0	+C
F12_BC72_191109_LF_LIB_consensus_vsearch	3288	A	*/-TC	619	7	1.1%	2	1	93	93	0.007681879495413374	1	1	522	97	0	7	-TC
F12_BC72_191109_LF_LIB_consensus_vsearch	3289	T	*/+C	590	15	2.39%	2	2	93	93	2.7951513652517615E-5	1	1	495	95	13	2	+C
F12_BC72_191109_LF_LIB_consensus_vsearch	3289	T	*/-C	590	12	1.91%	2	2	93	93	2.3099536208476528E-4	1	1	495	95	7	5	+C
F12_BC72_191109_LF_LIB_consensus_vsearch	3289	T	*/-CCT	590	8	1.27%	2	1	93	93	0.003815297238788008	1	1	495	95	8	0	+C
F12_BC72_191109_LF_LIB_consensus_vsearch	3291	C	*/-TC	614	7	1.11%	2	2	93	93	0.0076808312175928525	1	1	512	102	1	6	-TC
F12_BC72_191109_LF_LIB_consensus_vsearch	3302	T	*/-G	609	18	2.84%	2	1	93	93	3.3707013814169045E-6	1	1	518	91	0	18	-G
F12_BC72_191109_LF_LIB_consensus_vsearch	3305	A	*/-C	620	10	1.56%	2	2	93	93	9.420447767642226E-4	1	1	510	110	9	1	-C
F12_BC72_191109_LF_LIB_consensus_vsearch	3308	T	*/+G	613	7	1.1%	2	2	93	93	0.007680619539752568	1	1	516	97	4	3	+G
F12_BC72_191109_LF_LIB_consensus_vsearch	3309	G	*/+A	614	8	1.27%	2	1	93	93	0.0038187881677128523	1	1	509	105	8	0	+A
F12_BC72_191109_LF_LIB_consensus_vsearch	3311	T	*/+A	621	11	1.72%	2	1	93	93	4.6731984810845727E-4	1	1	511	110	11	0	+A
F12_BC72_191109_LF_LIB_consensus_vsearch	3312	G	*/-A	617	15	2.35%	2	2	93	93	2.8057819568620197E-5	1	1	507	110	14	1	-A
F12_BC72_191109_LF_LIB_consensus_vsearch	3313	A	*/+G	601	10	1.6%	2	1	93	93	9.409829100459055E-4	1	1	491	110	10	0	+G
F12_BC72_191109_LF_LIB_consensus_vsearch	3314	G	*/+T	615	7	1.1%	2	1	93	93	0.007681042217029198	1	1	504	111	7	0	+T
F12_BC72_191109_LF_LIB_consensus_vsearch	3314	G	*/-T	615	7	1.1%	2	1	93	93	0.007681042217029198	1	1	504	111	7	0	+T
F12_BC72_191109_LF_LIB_consensus_vsearch	3317	T	*/+C	437	12	1.88%	2	2	93	93	2.266239976305489E-4	1	1	401	36	6	6	+C
F12_BC72_191109_LF_LIB_consensus_vsearch	3317	T	*/-C	437	157	24.53%	2	2	93	93	3.6506411891382602E-53	1	1	401	36	110	47	-C
F12_BC72_191109_LF_LIB_consensus_vsearch	3317	T	*/-CC	437	30	4.69%	2	2	93	93	5.757029883283665E-10	1	1	401	36	9	21	-C
F12_BC72_191109_LF_LIB_consensus_vsearch	3326	T	*/+A	590	12	1.88%	2	1	93	93	2.3099536208476528E-4	1	1	481	109	12	0	+A
F12_BC72_191109_LF_LIB_consensus_vsearch	3326	T	*/+G	590	9	1.41%	2	2	93	93	0.0018948990881047542	1	1	481	109	7	2	+A
F12_BC72_191109_LF_LIB_consensus_vsearch	3326	T	*/-G	590	22	3.44%	2	2	93	93	1.9674684962739576E-7	1	1	481	109	21	1	-G
F12_BC72_191109_LF_LIB_consensus_vsearch	3327	G	*/-A	598	15	2.43%	2	2	93	93	2.798395693586877E-5	1	1	488	110	14	1	-A
F12_BC72_191109_LF_LIB_consensus_vsearch	3328	A	*/+G	595	16	2.56%	2	1	93	93	1.3814126130207295E-5	1	1	488	107	16	0	+G
F12_BC72_191109_LF_LIB_consensus_vsearch	3331	C	*/+A	614	10	1.57%	2	1	93	93	9.417163622843452E-4	1	1	505	109	10	0	+A
F12_BC72_191109_LF_LIB_consensus_vsearch	3332	A	*/+G	601	17	2.69%	2	1	93	93	6.824260559450741E-6	1	1	493	108	17	0	+G
F12_BC72_191109_LF_LIB_consensus_vsearch	3336	T	*/+A	586	8	1.25%	2	1	93	93	0.00381468814385855	1	1	503	83	8	0	+A
F12_BC72_191109_LF_LIB_consensus_vsearch	3336	T	*/-A	586	9	1.41%	2	2	93	93	0.0018945108065208946	1	1	503	83	6	3	-A
F12_BC72_191109_LF_LIB_consensus_vsearch	3336	T	*/-AA	586	23	3.6%	2	1	93	93	9.647088930696401E-8	1	1	503	83	0	23	-AA
F12_BC72_191109_LF_LIB_consensus_vsearch	3338	A	*/-G	594	8	1.3%	2	1	93	93	0.0038158982838517787	1	1	507	87	8	0	-G
F12_BC72_191109_LF_LIB_consensus_vsearch	3339	G	*/+C	588	7	1.11%	2	1	93	93	0.007675097138165556	1	1	477	111	7	0	+C
F12_BC72_191109_LF_LIB_consensus_vsearch	3341	C	*/+A	560	37	5.81%	2	1	93	93	4.092279694943432E-12	1	1	448	112	37	0	+A
F12_BC72_191109_LF_LIB_consensus_vsearch	3341	C	*/+T	560	15	2.35%	2	1	93	93	2.782208360962169E-5	1	1	448	112	15	0	+A
F12_BC72_191109_LF_LIB_consensus_vsearch	3341	C	*/-G	560	9	1.41%	2	1	93	93	0.001891855040132679	1	1	448	112	9	0	+A
F12_BC72_191109_LF_LIB_consensus_vsearch	3341	C	*/-GC	560	8	1.26%	2	1	93	93	0.0038105211348542487	1	1	448	112	8	0	+A
F12_BC72_191109_LF_LIB_consensus_vsearch	3343	C	*/-A	594	12	1.92%	2	2	93	93	2.310805771773137E-4	1	1	487	107	11	1	-A
F12_BC72_191109_LF_LIB_consensus_vsearch	3347	C	*/-T	627	7	1.1%	2	1	93	93	0.007683522458510221	1	1	522	105	0	7	-T
F12_BC72_191109_LF_LIB_consensus_vsearch	3348	T	*/-C	617	8	1.26%	2	2	93	93	0.0038192057824281843	1	1	512	105	7	1	-C
F12_BC72_191109_LF_LIB_consensus_vsearch	3350	C	*/-AC	595	35	5.5%	2	1	93	93	1.790875365094713E-11	1	1	483	112	35	0	-AC
F12_BC72_191109_LF_LIB_consensus_vsearch	3352	C	*/+AC	580	9	1.49%	2	1	93	93	0.001893918576967777	1	1	467	113	9	0	+AC
F12_BC72_191109_LF_LIB_consensus_vsearch	3352	C	*/-GC	580	10	1.66%	2	1	93	93	9.39730591623294E-4	1	1	467	113	10	0	-GC
F12_BC72_191109_LF_LIB_consensus_vsearch	3358	G	*/-TG	607	19	2.98%	2	2	93	93	1.6604340454390277E-6	1	1	495	112	18	1	-TG
F12_BC72_191109_LF_LIB_consensus_vsearch	3363	G	*/-C	579	43	6.74%	2	2	93	93	5.3609721792835986E-14	1	1	471	108	42	1	-C
F12_BC72_191109_LF_LIB_consensus_vsearch	3364	C	*/+T	575	11	1.86%	2	2	93	93	4.65698475176409E-4	1	1	476	99	1	10	+T
F12_BC72_191109_LF_LIB_consensus_vsearch	3366	C	*/+T	607	12	1.88%	2	2	93	93	2.313500552075147E-4	1	1	507	100	5	7	+T
F12_BC72_191109_LF_LIB_consensus_vsearch	3366	C	*/-T	607	7	1.1%	2	2	93	93	0.007679335041004716	1	1	507	100	5	2	+T
F12_BC72_191109_LF_LIB_consensus_vsearch	3368	T	*/+C	576	32	5.05%	2	1	93	93	1.5316564291030855E-10	1	1	470	106	32	0	+C
F12_BC72_191109_LF_LIB_consensus_vsearch	3368	T	*/-C	576	14	2.21%	2	2	93	93	5.645462176707094E-5	1	1	470	106	9	5	+C
F12_BC72_191109_LF_LIB_consensus_vsearch	3369	C	*/+A	582	30	4.8%	2	1	93	93	6.470345136921839E-10	1	1	475	107	30	0	+A
F12_BC72_191109_LF_LIB_consensus_vsearch	3370	C	*/+AA	562	22	3.44%	2	1	93	93	1.9490910563964625E-7	1	1	453	109	22	0	+AA
F12_BC72_191109_LF_LIB_consensus_vsearch	3372	T	*/+C	619	9	1.42%	2	1	93	93	0.0018975673441181103	1	1	508	111	9	0	+C
F12_BC72_191109_LF_LIB_consensus_vsearch	3373	C	*/-A	612	10	1.58%	2	2	93	93	9.416054977802662E-4	1	1	505	107	6	4	-A
F12_BC72_191109_LF_LIB_consensus_vsearch	3377	T	*/-C	602	17	2.68%	2	2	93	93	6.825506875879907E-6	1	1	504	98	16	1	-C
F12_BC72_191109_LF_LIB_consensus_vsearch	3379	C	*/-T	606	13	2.05%	2	2	93	93	1.1454280873653575E-4	1	1	516	90	3	10	-T
F12_BC72_191109_LF_LIB_consensus_vsearch	3379	C	*/-TT	606	7	1.1%	2	2	93	93	0.007679118521310854	1	1	516	90	3	4	-T
F12_BC72_191109_LF_LIB_consensus_vsearch	3382	T	*/-A	602	16	2.5%	2	2	93	93	1.3829896814827522E-5	1	1	501	101	13	3	-A
F12_BC72_191109_LF_LIB_consensus_vsearch	3385	G	*/+T	615	11	1.72%	2	1	93	93	4.671216907759083E-4	1	1	504	111	11	0	+T
F12_BC72_191109_LF_LIB_consensus_vsearch	3385	G	*/-T	615	8	1.25%	2	1	93	93	0.0038189278171456382	1	1	504	111	8	0	+T
F12_BC72_191109_LF_LIB_consensus_vsearch	3388	T	*/+C	618	12	1.88%	2	2	93	93	2.3156954006542198E-4	1	1	510	108	10	2	+C
F12_BC72_191109_LF_LIB_consensus_vsearch	3393	C	*/+T	601	24	3.76%	2	2	93	93	4.759316705597063E-8	1	1	495	106	20	4	+T
F12_BC72_191109_LF_LIB_consensus_vsearch	3397	C	*/+A	607	8	1.26%	2	1	93	93	0.003817797974000658	1	1	500	107	8	0	+A
F12_BC72_191109_LF_LIB_consensus_vsearch	3399	A	*/-C	601	7	1.11%	2	2	93	93	0.007678025274973404	1	1	495	106	6	1	-C
F12_BC72_191109_LF_LIB_consensus_vsearch	3401	C	*/-A	619	8	1.25%	2	2	93	93	0.0038194819837437974	1	1	509	110	7	1	-A
F12_BC72_191109_LF_LIB_consensus_vsearch	3403	T	*/-A	617	9	1.42%	2	1	93	93	0.0018973912020602754	1	1	507	110	9	0	-A
F12_BC72_191109_LF_LIB_consensus_vsearch	3405	C	*/+T	607	11	1.73%	2	2	93	93	4.6685157959659295E-4	1	1	510	97	1	10	+T
F12_BC72_191109_LF_LIB_consensus_vsearch	3406	T	*/+C	314	83	13.32%	2	2	93	93	8.563771765334158E-28	1	1	248	66	81	2	+C
F12_BC72_191109_LF_LIB_consensus_vsearch	3406	T	*/-C	314	184	29.53%	2	2	93	93	3.4139858310472967E-65	1	1	248	66	152	32	-C
F12_BC72_191109_LF_LIB_consensus_vsearch	3406	T	*/-CC	314	37	5.94%	2	2	93	93	2.6733234958583848E-12	1	1	248	66	30	7	-C
F12_BC72_191109_LF_LIB_consensus_vsearch	3413	G	*/-A	620	10	1.58%	2	1	93	93	9.420447767642226E-4	1	1	509	111	10	0	-A
F12_BC72_191109_LF_LIB_consensus_vsearch	3415	A	*/+C	589	7	1.1%	2	1	93	93	0.007675326899053761	1	1	477	112	7	0	+C
F12_BC72_191109_LF_LIB_consensus_vsearch	3415	A	*/-C	589	39	6.11%	2	2	93	93	9.896098443767628E-13	1	1	477	112	38	1	-C
F12_BC72_191109_LF_LIB_consensus_vsearch	3418	C	*/+A	564	16	2.5%	2	2	93	93	1.3739888995429954E-5	1	1	458	106	14	2	+A
F12_BC72_191109_LF_LIB_consensus_vsearch	3418	C	*/-A	564	39	6.09%	2	2	93	93	9.64135552862034E-13	1	1	458	106	37	2	-A
F12_BC72_191109_LF_LIB_consensus_vsearch	3418	C	*/-AA	564	10	1.56%	2	1	93	93	9.387156496901478E-4	1	1	458	106	10	0	-A
F12_BC72_191109_LF_LIB_consensus_vsearch	3424	C	*/-T	609	16	2.52%	2	2	93	93	1.3845327168641099E-5	1	1	512	97	5	11	-T
F12_BC72_191109_LF_LIB_consensus_vsearch	3428	G	*/-A	620	7	1.1%	2	1	93	93	0.007682087151165184	1	1	508	112	7	0	-A
F12_BC72_191109_LF_LIB_consensus_vsearch	3428	G	*/-AT	620	10	1.57%	2	1	93	93	9.420447767642226E-4	1	1	508	112	10	0	-AT
F12_BC72_191109_LF_LIB_consensus_vsearch	3429	A	*/+T	594	14	2.25%	2	2	93	93	5.6586632363048166E-5	1	1	496	98	3	11	+T
F12_BC72_191109_LF_LIB_consensus_vsearch	3433	C	*/-TC	606	25	3.94%	2	2	93	93	2.3386204271618744E-8	1	1	520	86	5	20	-TC
F12_BC72_191109_LF_LIB_consensus_vsearch	3435	C	*/+A	592	9	1.48%	2	1	93	93	0.0018950913063116844	1	1	504	88	9	0	+A
F12_BC72_191109_LF_LIB_consensus_vsearch	3441	G	*/-T	623	7	1.09%	2	2	93	93	0.007682706175917277	1	1	517	106	1	6	-T
F12_BC72_191109_LF_LIB_consensus_vsearch	3443	T	*/-C	548	86	13.46%	2	2	93	93	5.859813682857417E-28	1	1	439	109	84	2	-C
F12_BC72_191109_LF_LIB_consensus_vsearch	3445	C	*/-GA	603	7	1.1%	2	1	93	93	0.007678464717006819	1	1	501	102	7	0	-GA
F12_BC72_191109_LF_LIB_consensus_vsearch	3446	G	*/+A	583	14	2.22%	2	1	93	93	5.650687914175413E-5	1	1	471	112	14	0	+A
F12_BC72_191109_LF_LIB_consensus_vsearch	3446	G	*/-A	583	16	2.53%	2	1	93	93	1.3786265853415174E-5	1	1	471	112	16	0	-A
F12_BC72_191109_LF_LIB_consensus_vsearch	3446	G	*/-AA	583	9	1.42%	2	1	93	93	0.0018942161800671361	1	1	471	112	9	0	-A
F12_BC72_191109_LF_LIB_consensus_vsearch	3448	A	*/-G	589	23	3.68%	2	1	93	93	9.657291287839787E-8	1	1	476	113	23	0	-G
F12_BC72_191109_LF_LIB_consensus_vsearch	3450	G	*/+A	622	12	1.89%	2	1	93	93	2.3164749712945135E-4	1	1	509	113	12	0	+A
F12_BC72_191109_LF_LIB_consensus_vsearch	3453	A	*/-CA	598	24	3.77%	2	1	93	93	4.754053634607485E-8	1	1	487	111	24	0	-CA
F12_BC72_191109_LF_LIB_consensus_vsearch	3454	C	*/+G	591	7	1.14%	2	1	93	93	0.007675784123381086	1	1	486	105	7	0	+G
F12_BC72_191109_LF_LIB_consensus_vsearch	3456	T	*/+A	587	7	1.11%	2	2	93	93	0.007674866606290045	1	1	475	112	6	1	+A
F12_BC72_191109_LF_LIB_consensus_vsearch	3456	T	*/-A	587	18	2.85%	2	1	93	93	3.3553458226074673E-6	1	1	475	112	18	0	-A
F12_BC72_191109_LF_LIB_consensus_vsearch	3458	A	*/-G	619	7	1.1%	2	1	93	93	0.007681879495413374	1	1	509	110	7	0	-G
F12_BC72_191109_LF_LIB_consensus_vsearch	3459	G	*/-A	615	15	2.38%	2	2	93	93	2.805024786330585E-5	1	1	505	110	14	1	-A
F12_BC72_191109_LF_LIB_consensus_vsearch	3463	G	*/-A	619	9	1.42%	2	1	93	93	0.0018975673441181103	1	1	506	113	9	0	-A
F12_BC72_191109_LF_LIB_consensus_vsearch	3464	A	*/-G	595	19	3.03%	2	1	93	93	1.655872245226263E-6	1	1	483	112	19	0	-G
F12_BC72_191109_LF_LIB_consensus_vsearch	3465	G	*/-A	600	10	1.62%	2	2	93	93	9.409252098230042E-4	1	1	488	112	9	1	-A
F12_BC72_191109_LF_LIB_consensus_vsearch	3466	A	*/-C	551	60	9.62%	2	2	93	93	1.8908758632714103E-19	1	1	488	63	15	45	-C
F12_BC72_191109_LF_LIB_consensus_vsearch	3468	C	*/+A	594	28	4.4%	2	1	93	93	2.7302437074859285E-9	1	1	494	100	28	0	+A
F12_BC72_191109_LF_LIB_consensus_vsearch	3468	C	*/+T	594	8	1.26%	2	1	93	93	0.0038158982838517787	1	1	494	100	0	8	+A
F12_BC72_191109_LF_LIB_consensus_vsearch	3470	T	*/-C	607	14	2.22%	2	1	93	93	5.6677339765541744E-5	1	1	501	106	14	0	-C
F12_BC72_191109_LF_LIB_consensus_vsearch	3473	G	*/-A	614	11	1.74%	2	1	93	93	4.670882997892316E-4	1	1	508	106	11	0	-A
F12_BC72_191109_LF_LIB_consensus_vsearch	3474	A	*/-C	561	40	6.36%	2	2	93	93	4.648860892725863E-13	1	1	451	110	39	1	-C
F12_BC72_191109_LF_LIB_consensus_vsearch	3474	A	*/-CC	561	8	1.27%	2	1	93	93	0.0038106884052637497	1	1	451	110	8	0	-C
F12_BC72_191109_LF_LIB_consensus_vsearch	3477	C	*/-G	582	39	6.09%	2	2	93	93	9.826246671502793E-13	1	1	493	89	23	16	-G
F12_BC72_191109_LF_LIB_consensus_vsearch	3479	G	*/-A	609	21	3.3%	2	1	93	93	4.025197637461137E-7	1	1	496	113	21	0	-A
F12_BC72_191109_LF_LIB_consensus_vsearch	3488	T	*/-A	552	42	6.59%	2	1	93	93	1.072807952461219E-13	1	1	440	112	42	0	-A
F12_BC72_191109_LF_LIB_consensus_vsearch	3489	A	*/-G	553	7	1.18%	2	2	93	93	0.00766654042031271	1	1	442	111	5	2	-G
F12_BC72_191109_LF_LIB_consensus_vsearch	3490	G	*/+A	524	22	3.49%	2	1	93	93	1.9214040768879586E-7	1	1	414	110	22	0	+A
F12_BC72_191109_LF_LIB_consensus_vsearch	3490	G	*/-T	524	80	12.68%	2	1	93	93	5.0175443370790153E-26	1	1	414	110	80	0	-T
F12_BC72_191109_LF_LIB_consensus_vsearch	3493	T	*/-A	628	7	1.09%	2	2	93	93	0.007683724927463553	1	1	517	111	6	1	-A
F12_BC72_191109_LF_LIB_consensus_vsearch	3499	T	*/+A	591	21	3.28%	2	2	93	93	4.004847040640822E-7	1	1	483	108	20	1	+A
F12_BC72_191109_LF_LIB_consensus_vsearch	3499	T	*/-A	591	12	1.88%	2	2	93	93	2.3101676991554602E-4	1	1	483	108	10	2	+A
F12_BC72_191109_LF_LIB_consensus_vsearch	3504	C	*/-T	621	8	1.25%	2	2	93	93	0.003819756437826965	1	1	510	111	7	1	-T
F12_BC72_191109_LF_LIB_consensus_vsearch	3517	T	*/-A	614	12	1.89%	2	1	93	93	2.3149060421235934E-4	1	1	504	110	12	0	-A
F12_BC72_191109_LF_LIB_consensus_vsearch	3522	G	*/+T	532	9	1.42%	2	1	93	93	0.0018887120592700076	1	1	425	107	9	0	+T
F12_BC72_191109_LF_LIB_consensus_vsearch	3522	G	*/-T	532	82	12.89%	2	2	93	93	1.1388942148891898E-26	1	1	425	107	78	4	-T
F12_BC72_191109_LF_LIB_consensus_vsearch	3526	T	*/+C	589	25	3.91%	2	1	93	93	2.322655414066285E-8	1	1	479	110	25	0	+C
F12_BC72_191109_LF_LIB_consensus_vsearch	3528	G	*/-A	624	11	1.72%	2	1	93	93	4.674175416773515E-4	1	1	511	113	11	0	-A
F12_BC72_191109_LF_LIB_consensus_vsearch	3530	T	*/+C	262	245	38.34%	2	2	93	93	1.2083928378673955E-91	1	1	240	22	160	85	+C
F12_BC72_191109_LF_LIB_consensus_vsearch	3530	T	*/+CC	262	35	5.48%	2	1	93	93	1.0041699200837597E-11	1	1	240	22	35	0	+C
F12_BC72_191109_LF_LIB_consensus_vsearch	3530	T	*/-C	262	69	10.8%	2	2	93	93	3.224118822003172E-23	1	1	240	22	64	5	-C
F12_BC72_191109_LF_LIB_consensus_vsearch	3530	T	*/-CC	262	26	4.07%	2	1	93	93	8.255304936916915E-9	1	1	240	22	26	0	-C
F12_BC72_191109_LF_LIB_consensus_vsearch	3533	C	*/-T	626	7	1.09%	2	2	93	93	0.00768331935194577	1	1	519	107	5	2	-T
F12_BC72_191109_LF_LIB_consensus_vsearch	3538	C	*/+T	618	7	1.09%	2	2	93	93	0.007681671177273311	1	1	517	101	2	5	+T
F12_BC72_191109_LF_LIB_consensus_vsearch	3538	C	*/-T	618	9	1.41%	2	2	93	93	0.0018974794124720213	1	1	517	101	2	7	-T
F12_BC72_191109_LF_LIB_consensus_vsearch	3551	T	*/-A	621	7	1.1%	2	1	93	93	0.007682294147772585	1	1	516	105	7	0	-A
F12_BC72_191109_LF_LIB_consensus_vsearch	3555	G	*/+A	588	8	1.28%	2	2	93	93	0.00381499370763636	1	1	497	91	2	6	+A
F12_BC72_191109_LF_LIB_consensus_vsearch	3555	G	*/-A	588	21	3.35%	2	2	93	93	4.001346718088353E-7	1	1	497	91	6	15	-A
F12_BC72_191109_LF_LIB_consensus_vsearch	3562	T	*/-C	608	27	4.22%	2	2	93	93	5.6181523883431475E-9	1	1	498	110	24	3	-C
F12_BC72_191109_LF_LIB_consensus_vsearch	3564	C	*/-T	616	17	2.66%	2	2	93	93	6.8425591596214335E-6	1	1	517	99	5	12	-T
F12_BC72_191109_LF_LIB_consensus_vsearch	3569	C	*/+A	579	23	3.61%	2	1	93	93	9.62292349688043E-8	1	1	482	97	23	0	+A
F12_BC72_191109_LF_LIB_consensus_vsearch	3569	C	*/-A	579	20	3.14%	2	2	93	93	8.116693151646295E-7	1	1	482	97	13	7	+A
F12_BC72_191109_LF_LIB_consensus_vsearch	3573	T	*/-G	624	9	1.41%	2	1	93	93	0.0018980028667622965	1	1	513	111	9	0	-G
F12_BC72_191109_LF_LIB_consensus_vsearch	3574	G	*/-CT	596	22	3.49%	2	1	93	93	1.971207011716246E-7	1	1	510	86	0	22	-CT
F12_BC72_191109_LF_LIB_consensus_vsearch	3575	C	*/+T	568	15	2.45%	2	2	93	93	2.7857857118546746E-5	1	1	506	62	4	11	+T
F12_BC72_191109_LF_LIB_consensus_vsearch	3575	C	*/-TT	568	9	1.47%	2	2	93	93	0.0018926974773018042	1	1	506	62	6	3	+T
F12_BC72_191109_LF_LIB_consensus_vsearch	3578	T	*/-C	604	22	3.45%	2	2	93	93	1.9760889155373745E-7	1	1	516	88	1	21	-C
F12_BC72_191109_LF_LIB_consensus_vsearch	3579	C	*/+AT	581	12	1.95%	2	2	93	93	2.3079950271826945E-4	1	1	503	78	11	1	+AT
F12_BC72_191109_LF_LIB_consensus_vsearch	3580	G	*/-C	610	11	1.73%	2	1	93	93	4.6695367545624854E-4	1	1	499	111	11	0	-C
F12_BC72_191109_LF_LIB_consensus_vsearch	3581	C	*/+G	551	54	8.6%	2	2	93	93	1.6099503045651038E-17	1	1	442	109	53	1	+G
F12_BC72_191109_LF_LIB_consensus_vsearch	3581	C	*/-A	551	8	1.27%	2	1	93	93	0.0038089889297735855	1	1	442	109	8	0	+G
F12_BC72_191109_LF_LIB_consensus_vsearch	3582	A	*/-G	541	60	9.51%	2	1	93	93	1.8410776486874722E-19	1	1	429	112	60	0	-G
F12_BC72_191109_LF_LIB_consensus_vsearch	3584	T	*/+C	596	16	2.51%	2	1	93	93	1.3816400347469124E-5	1	1	495	101	16	0	+C
F12_BC72_191109_LF_LIB_consensus_vsearch	3586	G	*/+T	603	18	2.84%	2	1	93	93	3.366616114761631E-6	1	1	501	102	18	0	+T
F12_BC72_191109_LF_LIB_consensus_vsearch	3588	T	*/+G	609	17	2.66%	2	1	93	93	6.83412432187731E-6	1	1	501	108	17	0	+G
F12_BC72_191109_LF_LIB_consensus_vsearch	3589	A	*/-G	595	12	1.89%	2	2	93	93	2.3110170864211674E-4	1	1	489	106	10	2	-G
F12_BC72_191109_LF_LIB_consensus_vsearch	3594	T	*/+C	592	39	6.12%	2	1	93	93	9.925693899279184E-13	1	1	483	109	39	0	+C
F12_BC72_191109_LF_LIB_consensus_vsearch	3598	T	*/+C	611	15	2.35%	2	1	93	93	2.8034963826258367E-5	1	1	502	109	15	0	+C
F12_BC72_191109_LF_LIB_consensus_vsearch	3602	T	*/+C	580	7	1.1%	2	2	93	93	0.0076732309665896	1	1	471	109	6	1	+C
F12_BC72_191109_LF_LIB_consensus_vsearch	3602	T	*/-C	580	48	7.54%	2	1	93	93	1.3966589770693122E-15	1	1	471	109	48	0	-C
F12_BC72_191109_LF_LIB_consensus_vsearch	3604	C	*/+A	548	25	3.91%	2	1	93	93	2.280697063466262E-8	1	1	438	110	25	0	+A
F12_BC72_191109_LF_LIB_consensus_vsearch	3604	C	*/-A	548	51	7.98%	2	1	93	93	1.4613862567699885E-16	1	1	438	110	51	0	-A
F12_BC72_191109_LF_LIB_consensus_vsearch	3606	A	*/-G	558	49	7.72%	2	1	93	93	6.474357915333162E-16	1	1	447	111	49	0	-G
F12_BC72_191109_LF_LIB_consensus_vsearch	3606	A	*/-GA	558	8	1.26%	2	1	93	93	0.0038101848312436046	1	1	447	111	8	0	-G
F12_BC72_191109_LF_LIB_consensus_vsearch	3614	A	*/-C	605	15	2.37%	2	2	93	93	2.8011679618364403E-5	1	1	508	97	1	14	-C
F12_BC72_191109_LF_LIB_consensus_vsearch	3617	T	*/+C	587	31	4.89%	2	1	93	93	3.166146348053725E-10	1	1	483	104	31	0	+C
F12_BC72_191109_LF_LIB_consensus_vsearch	3618	C	*/-T	620	9	1.42%	2	2	93	93	0.0018976549983159713	1	1	515	105	7	2	-T
F12_BC72_191109_LF_LIB_consensus_vsearch	3622	C	*/-G	614	7	1.11%	2	2	93	93	0.0076808312175928525	1	1	505	109	6	1	-G
F12_BC72_191109_LF_LIB_consensus_vsearch	3626	T	*/+G	617	8	1.25%	2	1	93	93	0.0038192057824281843	1	1	519	98	0	8	+G
F12_BC72_191109_LF_LIB_consensus_vsearch	3627	G	*/-A	626	7	1.1%	2	1	93	93	0.00768331935194577	1	1	513	113	7	0	-A
F12_BC72_191109_LF_LIB_consensus_vsearch	3631	A	*/-C	593	21	3.32%	2	1	93	93	4.007162942054558E-7	1	1	482	111	21	0	-C
F12_BC72_191109_LF_LIB_consensus_vsearch	3633	T	*/+A	605	9	1.43%	2	2	93	93	0.0018963104416950996	1	1	499	106	6	3	+A
F12_BC72_191109_LF_LIB_consensus_vsearch	3633	T	*/-A	605	8	1.27%	2	1	93	93	0.003817510930198833	1	1	499	106	8	0	+A
F12_BC72_191109_LF_LIB_consensus_vsearch	3636	T	*/-G	617	13	2.04%	2	1	93	93	1.1467145493622186E-4	1	1	507	110	13	0	-G
F12_BC72_191109_LF_LIB_consensus_vsearch	3637	G	*/+C	403	9	1.44%	2	2	93	93	0.0018687788150290171	1	1	320	83	6	3	+C
F12_BC72_191109_LF_LIB_consensus_vsearch	3637	G	*/-C	403	163	26.12%	2	2	93	93	9.766188587097834E-56	1	1	320	83	139	24	-C
F12_BC72_191109_LF_LIB_consensus_vsearch	3637	G	*/-CC	403	9	1.44%	2	1	93	93	0.0018687788150290171	1	1	320	83	9	0	-C
F12_BC72_191109_LF_LIB_consensus_vsearch	3637	G	*/-CCC	403	28	4.49%	2	1	93	93	2.3681216879039146E-9	1	1	320	83	28	0	-CCC
F12_BC72_191109_LF_LIB_consensus_vsearch	3644	A	*/-C	600	12	1.88%	2	1	93	93	2.3120634870750164E-4	1	1	487	113	12	0	-C
F12_BC72_191109_LF_LIB_consensus_vsearch	3648	T	*/+C	389	8	1.27%	2	1	93	93	0.0037696288519149155	1	1	279	110	8	0	+C
F12_BC72_191109_LF_LIB_consensus_vsearch	3648	T	*/-C	389	145	22.94%	2	2	93	93	2.635115294195095E-49	1	1	279	110	144	1	-C
F12_BC72_191109_LF_LIB_consensus_vsearch	3648	T	*/-CC	389	88	13.92%	2	1	93	93	3.867877795866727E-29	1	1	279	110	88	0	-C
F12_BC72_191109_LF_LIB_consensus_vsearch	3653	A	*/-TTA	616	14	2.2%	2	1	93	93	5.673800135975473E-5	1	1	510	106	14	0	-TTA
F12_BC72_191109_LF_LIB_consensus_vsearch	3659	C	*/-A	616	17	2.67%	2	1	93	93	6.8425591596214335E-6	1	1	504	112	17	0	-A
F12_BC72_191109_LF_LIB_consensus_vsearch	3662	T	*/-AC	628	8	1.25%	2	1	93	93	0.003820703504447891	1	1	517	111	8	0	-AC
F12_BC72_191109_LF_LIB_consensus_vsearch	3664	C	*/-G	602	7	1.11%	2	2	93	93	0.007678245355574117	1	1	498	104	4	3	-G
F12_BC72_191109_LF_LIB_consensus_vsearch	3667	C	*/-G	616	7	1.1%	2	2	93	93	0.0076812525413027955	1	1	509	107	6	1	-G
F12_BC72_191109_LF_LIB_consensus_vsearch	3671	T	*/+C	609	10	1.57%	2	2	93	93	9.414378721184591E-4	1	1	513	96	8	2	+C
F12_BC72_191109_LF_LIB_consensus_vsearch	3671	T	*/-C	609	13	2.04%	2	1	93	93	1.1457833548985164E-4	1	1	513	96	0	13	-C
F12_BC72_191109_LF_LIB_consensus_vsearch	3672	C	*/-T	603	11	1.76%	2	2	93	93	4.667139217478047E-4	1	1	507	96	10	1	-T
F12_BC72_191109_LF_LIB_consensus_vsearch	3673	T	*/+A	552	12	1.93%	2	1	93	93	2.301267074775218E-4	1	1	447	105	12	0	+A
F12_BC72_191109_LF_LIB_consensus_vsearch	3673	T	*/-A	552	37	5.95%	2	2	93	93	4.05939222953254E-12	1	1	447	105	36	1	-A
F12_BC72_191109_LF_LIB_consensus_vsearch	3674	A	*/+G	550	23	3.84%	2	2	93	93	9.517112052162226E-8	1	1	442	108	21	2	+G
F12_BC72_191109_LF_LIB_consensus_vsearch	3674	A	*/-G	550	11	1.84%	2	1	93	93	4.647074958288269E-4	1	1	442	108	11	0	+G
F12_BC72_191109_LF_LIB_consensus_vsearch	3683	C	*/+A	482	54	8.46%	2	2	93	93	1.3611705518498598E-17	1	1	387	95	48	6	+A
F12_BC72_191109_LF_LIB_consensus_vsearch	3683	C	*/+AA	482	8	1.25%	2	1	93	93	0.0037953847313509786	1	1	387	95	8	0	+A
F12_BC72_191109_LF_LIB_consensus_vsearch	3683	C	*/-A	482	82	12.85%	2	2	93	93	8.628568612020449E-27	1	1	387	95	76	6	-A
F12_BC72_191109_LF_LIB_consensus_vsearch	3688	T	*/+A	607	7	1.11%	2	1	93	93	0.007679335041004716	1	1	496	111	7	0	+A
F12_BC72_191109_LF_LIB_consensus_vsearch	3688	T	*/-A	607	11	1.74%	2	1	93	93	4.6685157959659295E-4	1	1	496	111	11	0	-A
F12_BC72_191109_LF_LIB_consensus_vsearch	3690	G	*/+A	618	7	1.1%	2	1	93	93	0.007681671177273311	1	1	513	105	0	7	+A
F12_BC72_191109_LF_LIB_consensus_vsearch	3696	C	*/-AC	557	61	9.59%	2	2	93	93	9.136266334657102E-20	1	1	451	106	60	1	-AC
F12_BC72_191109_LF_LIB_consensus_vsearch	3702	T	*/-A	611	18	2.85%	2	1	93	93	3.3720466548715064E-6	1	1	500	111	18	0	-A
F12_BC72_191109_LF_LIB_consensus_vsearch	3703	A	*/-T	585	14	2.25%	2	1	93	93	5.652159163288675E-5	1	1	474	111	14	0	-T
F12_BC72_191109_LF_LIB_consensus_vsearch	3706	T	*/-GTT	613	14	2.19%	2	2	93	93	5.671796926825033E-5	1	1	502	111	13	1	-GTT
F12_BC72_191109_LF_LIB_consensus_vsearch	3707	G	*/+T	603	7	1.13%	2	1	93	93	0.007678464717006819	1	1	491	112	7	0	+T
F12_BC72_191109_LF_LIB_consensus_vsearch	3709	T	*/-ATT	604	9	1.44%	2	1	93	93	0.0018962184833923616	1	1	494	110	9	0	-ATT
F12_BC72_191109_LF_LIB_consensus_vsearch	3712	T	*/-C	599	17	2.7%	2	1	93	93	6.821756309580753E-6	1	1	490	109	17	0	-C
F12_BC72_191109_LF_LIB_consensus_vsearch	3717	G	*/+C	558	34	5.35%	2	1	93	93	3.574227195601097E-11	1	1	446	112	34	0	+C
F12_BC72_191109_LF_LIB_consensus_vsearch	3717	G	*/+CC	558	7	1.1%	2	1	93	93	0.007667827480669072	1	1	446	112	7	0	+C
F12_BC72_191109_LF_LIB_consensus_vsearch	3724	T	*/-AT	622	9	1.41%	2	2	93	93	0.0018978294796178708	1	1	510	112	8	1	-AT
F12_BC72_191109_LF_LIB_consensus_vsearch	3726	T	*/+AT	615	8	1.28%	2	2	93	93	0.0038189278171456382	1	1	507	108	7	1	+AT
F12_BC72_191109_LF_LIB_consensus_vsearch	3727	T	*/+C	620	10	1.57%	2	1	93	93	9.420447767642226E-4	1	1	510	110	10	0	+C
F12_BC72_191109_LF_LIB_consensus_vsearch	3735	A	*/-G	610	13	2.04%	2	2	93	93	1.1459010336189954E-4	1	1	513	97	3	10	-G
F12_BC72_191109_LF_LIB_consensus_vsearch	3737	G	*/-C	618	11	1.72%	2	1	93	93	4.6722123548494386E-4	1	1	506	112	11	0	-C
F12_BC72_191109_LF_LIB_consensus_vsearch	3742	C	*/+T	590	9	1.42%	2	1	93	93	0.0018948990881047542	1	1	497	93	0	9	+T
F12_BC72_191109_LF_LIB_consensus_vsearch	3742	C	*/-T	590	8	1.26%	2	2	93	93	0.003815297238788008	1	1	497	93	4	4	+T
F12_BC72_191109_LF_LIB_consensus_vsearch	3742	C	*/-TT	590	22	3.47%	2	2	93	93	1.9674684962739576E-7	1	1	497	93	21	1	-TT
F12_BC72_191109_LF_LIB_consensus_vsearch	3749	C	*/-A	598	36	5.63%	2	1	93	93	8.727647197269474E-12	1	1	485	113	36	0	-A
F12_BC72_191109_LF_LIB_consensus_vsearch	3752	T	*/+C	610	18	2.82%	2	1	93	93	3.371375037366279E-6	1	1	501	109	18	0	+C
F12_BC72_191109_LF_LIB_consensus_vsearch	3754	T	*/-A	621	8	1.26%	2	2	93	93	0.003819756437826965	1	1	517	104	4	4	-A
F12_BC72_191109_LF_LIB_consensus_vsearch	3756	A	*/+T	584	33	5.16%	2	2	93	93	7.501288919306692E-11	1	1	479	105	29	4	+T
F12_BC72_191109_LF_LIB_consensus_vsearch	3756	A	*/-T	584	17	2.66%	2	2	93	93	6.802466591937852E-6	1	1	479	105	16	1	+T
F12_BC72_191109_LF_LIB_consensus_vsearch	3761	C	*/-TC	610	17	2.67%	2	2	93	93	6.83534034230302E-6	1	1	521	89	3	14	-TC
F12_BC72_191109_LF_LIB_consensus_vsearch	3762	T	*/+C	605	8	1.29%	2	1	93	93	0.003817510930198833	1	1	511	94	8	0	+C
F12_BC72_191109_LF_LIB_consensus_vsearch	3763	C	*/+A	517	48	7.78%	2	1	93	93	1.2527548437576072E-15	1	1	429	88	48	0	+A
F12_BC72_191109_LF_LIB_consensus_vsearch	3763	C	*/-A	517	45	7.29%	2	2	93	93	1.1356637090396924E-14	1	1	429	88	40	5	+A
F12_BC72_191109_LF_LIB_consensus_vsearch	3765	A	*/-G	611	12	1.89%	2	2	93	93	2.3143074885202073E-4	1	1	510	101	11	1	-G
F12_BC72_191109_LF_LIB_consensus_vsearch	3766	G	*/+A	606	8	1.28%	2	1	93	93	0.0038176546845975347	1	1	505	101	8	0	+A
F12_BC72_191109_LF_LIB_consensus_vsearch	3768	T	*/+A	571	22	3.45%	2	2	93	93	1.9551717699649296E-7	1	1	492	79	20	2	+A
F12_BC72_191109_LF_LIB_consensus_vsearch	3768	T	*/-A	571	22	3.45%	2	2	93	93	1.9551717699649296E-7	1	1	492	79	8	14	+A
F12_BC72_191109_LF_LIB_consensus_vsearch	3768	T	*/-AA	571	10	1.57%	2	1	93	93	9.391664866947025E-4	1	1	492	79	0	10	+A
F12_BC72_191109_LF_LIB_consensus_vsearch	3771	G	*/+T	597	9	1.43%	2	2	93	93	0.0018955663452473773	1	1	492	105	8	1	+T
F12_BC72_191109_LF_LIB_consensus_vsearch	3771	G	*/-T	597	16	2.54%	2	2	93	93	1.3818667421681382E-5	1	1	492	105	15	1	-T
F12_BC72_191109_LF_LIB_consensus_vsearch	3774	T	*/+C	567	7	1.1%	2	2	93	93	0.007670087884333406	1	1	495	72	6	1	+C
F12_BC72_191109_LF_LIB_consensus_vsearch	3774	T	*/-C	567	58	9.08%	2	2	93	93	8.670092189563309E-19	1	1	495	72	20	38	-C
F12_BC72_191109_LF_LIB_consensus_vsearch	3776	C	*/-T	617	13	2.04%	2	2	93	93	1.1467145493622186E-4	1	1	519	98	4	9	-T
F12_BC72_191109_LF_LIB_consensus_vsearch	3777	T	*/+G	601	7	1.13%	2	2	93	93	0.007678025274973404	1	1	513	88	4	3	+G
F12_BC72_191109_LF_LIB_consensus_vsearch	3781	T	*/+C	504	7	1.1%	2	2	93	93	0.007652599633320344	1	1	420	84	6	1	+C
F12_BC72_191109_LF_LIB_consensus_vsearch	3781	T	*/-C	504	117	18.34%	2	2	93	93	1.433159599812649E-38	1	1	420	84	90	27	-C
F12_BC72_191109_LF_LIB_consensus_vsearch	3785	C	*/+G	579	7	1.1%	2	2	93	93	0.007672994124905477	1	1	500	79	1	6	+G
F12_BC72_191109_LF_LIB_consensus_vsearch	3785	C	*/+T	579	9	1.41%	2	1	93	93	0.0018938187066465067	1	1	500	79	0	9	+T
F12_BC72_191109_LF_LIB_consensus_vsearch	3785	C	*/-G	579	9	1.41%	2	1	93	93	0.0018938187066465067	1	1	500	79	9	0	+T
F12_BC72_191109_LF_LIB_consensus_vsearch	3787	A	*/+T	611	8	1.26%	2	1	93	93	0.0038183665266398586	1	1	499	112	8	0	+T
F12_BC72_191109_LF_LIB_consensus_vsearch	3790	C	*/-AC	568	61	9.53%	2	2	93	93	9.401691979567014E-20	1	1	468	100	52	9	-AC
F12_BC72_191109_LF_LIB_consensus_vsearch	3791	A	*/-CC	544	7	1.22%	2	1	93	93	0.007664165065188001	1	1	444	100	7	0	-CC
F12_BC72_191109_LF_LIB_consensus_vsearch	3791	A	*/-CCCA	544	10	1.74%	2	1	93	93	9.373655173650468E-4	1	1	444	100	10	0	-CCCA
F12_BC72_191109_LF_LIB_consensus_vsearch	3792	C	*/+AC	534	7	1.26%	2	1	93	93	0.007661433438157596	1	1	438	96	7	0	+AC
F12_BC72_191109_LF_LIB_consensus_vsearch	3794	C	*/-A	595	24	3.81%	2	2	93	93	4.7487444582983406E-8	1	1	511	84	2	22	-A
F12_BC72_191109_LF_LIB_consensus_vsearch	3797	T	*/+A	540	17	2.66%	2	2	93	93	6.740174767448187E-6	1	1	453	87	16	1	+A
F12_BC72_191109_LF_LIB_consensus_vsearch	3797	T	*/-A	540	35	5.49%	2	1	93	93	1.7071181632432675E-11	1	1	453	87	35	0	-A
F12_BC72_191109_LF_LIB_consensus_vsearch	3800	A	*/-G	622	8	1.25%	2	2	93	93	0.0038198930148462262	1	1	513	109	7	1	-G
F12_BC72_191109_LF_LIB_consensus_vsearch	3807	G	*/+C	568	26	4.09%	2	1	93	93	1.1266648327382424E-8	1	1	465	103	26	0	+C
F12_BC72_191109_LF_LIB_consensus_vsearch	3807	G	*/-C	568	17	2.68%	2	2	93	93	6.780849953574307E-6	1	1	465	103	7	10	+C
F12_BC72_191109_LF_LIB_consensus_vsearch	3809	C	*/+A	605	7	1.1%	2	1	93	93	0.007678901296381563	1	1	511	94	7	0	+A
F12_BC72_191109_LF_LIB_consensus_vsearch	3809	C	*/-G	605	17	2.66%	2	2	93	93	6.829222805366522E-6	1	1	511	94	2	15	-G
F12_BC72_191109_LF_LIB_consensus_vsearch	3812	A	*/-C	624	10	1.57%	2	1	93	93	9.422603024420415E-4	1	1	511	113	10	0	-C
F12_BC72_191109_LF_LIB_consensus_vsearch	3814	C	*/-A	583	36	5.64%	2	2	93	93	8.617009252668566E-12	1	1	478	105	35	1	-A
F12_BC72_191109_LF_LIB_consensus_vsearch	3815	A	*/+C	551	20	3.33%	2	1	93	93	8.051662009551136E-7	1	1	446	105	20	0	+C
F12_BC72_191109_LF_LIB_consensus_vsearch	3815	A	*/-C	551	15	2.5%	2	2	93	93	2.778067133807422E-5	1	1	446	105	12	3	+C
F12_BC72_191109_LF_LIB_consensus_vsearch	3816	C	*/+T	569	8	1.29%	2	2	93	93	0.003812005815438782	1	1	473	96	1	7	+T
F12_BC72_191109_LF_LIB_consensus_vsearch	3817	C	*/+A	515	8	1.26%	2	1	93	93	0.0038023361077742447	1	1	417	98	8	0	+A
F12_BC72_191109_LF_LIB_consensus_vsearch	3817	C	*/-A	515	90	14.13%	2	2	93	93	2.256048151540936E-29	1	1	417	98	86	4	-A
F12_BC72_191109_LF_LIB_consensus_vsearch	3818	A	*/+G	504	11	2.04%	2	1	93	93	4.6263694917115237E-4	1	1	403	101	11	0	+G
F12_BC72_191109_LF_LIB_consensus_vsearch	3819	A	*/-G	605	15	2.37%	2	1	93	93	2.8011679618364403E-5	1	1	496	109	15	0	-G
F12_BC72_191109_LF_LIB_consensus_vsearch	3820	G	*/+A	590	8	1.29%	2	1	93	93	0.003815297238788008	1	1	484	106	8	0	+A
F12_BC72_191109_LF_LIB_consensus_vsearch	3820	G	*/-A	590	13	2.09%	2	1	93	93	1.1434749666655842E-4	1	1	484	106	13	0	-A
F12_BC72_191109_LF_LIB_consensus_vsearch	3821	A	*/+G	569	7	1.13%	2	2	93	93	0.007670580637356587	1	1	464	105	6	1	+G
F12_BC72_191109_LF_LIB_consensus_vsearch	3821	A	*/-G	569	32	5.15%	2	2	93	93	1.524001656954472E-10	1	1	464	105	31	1	-G
F12_BC72_191109_LF_LIB_consensus_vsearch	3822	G	*/+A	578	7	1.17%	2	1	93	93	0.007672756476313913	1	1	475	103	7	0	+A
F12_BC72_191109_LF_LIB_consensus_vsearch	3824	T	*/+A	569	13	2.05%	2	1	93	93	1.1407523213728538E-4	1	1	464	105	13	0	+A
F12_BC72_191109_LF_LIB_consensus_vsearch	3824	T	*/-A	569	37	5.84%	2	1	93	93	4.128512034627798E-12	1	1	464	105	37	0	-A
F12_BC72_191109_LF_LIB_consensus_vsearch	3826	A	*/-G	615	7	1.1%	2	1	93	93	0.007681042217029198	1	1	504	111	7	0	-G
F12_BC72_191109_LF_LIB_consensus_vsearch	3828	A	*/-C	593	15	2.36%	2	1	93	93	2.7963776725181955E-5	1	1	482	111	15	0	-C
F12_BC72_191109_LF_LIB_consensus_vsearch	3831	C	*/-G	621	8	1.25%	2	2	93	93	0.003819756437826965	1	1	518	103	4	4	-G
F12_BC72_191109_LF_LIB_consensus_vsearch	3835	T	*/+A	614	10	1.57%	2	1	93	93	9.417163622843452E-4	1	1	507	107	10	0	+A
F12_BC72_191109_LF_LIB_consensus_vsearch	3836	G	*/-A	622	14	2.19%	2	2	93	93	5.677751320679537E-5	1	1	510	112	13	1	-A
F12_BC72_191109_LF_LIB_consensus_vsearch	3839	C	*/+G	610	12	1.88%	2	1	93	93	2.3141067102251553E-4	1	1	498	112	12	0	+G
F12_BC72_191109_LF_LIB_consensus_vsearch	3839	C	*/-A	610	7	1.09%	2	1	93	93	0.007679980402859511	1	1	498	112	7	0	+G
F12_BC72_191109_LF_LIB_consensus_vsearch	3843	A	*/+C	609	10	1.57%	2	1	93	93	9.414378721184591E-4	1	1	500	109	10	0	+C
F12_BC72_191109_LF_LIB_consensus_vsearch	3845	A	*/-CA	548	71	11.16%	2	2	93	93	5.034089522315624E-23	1	1	445	103	64	7	-CA
F12_BC72_191109_LF_LIB_consensus_vsearch	3847	A	*/+CA	548	8	1.41%	2	2	93	93	0.003808467237244324	1	1	445	103	7	1	+CA
F12_BC72_191109_LF_LIB_consensus_vsearch	3849	C	*/+T	617	12	1.88%	2	2	93	93	2.315498985799895E-4	1	1	514	103	8	4	+T
F12_BC72_191109_LF_LIB_consensus_vsearch	3851	T	*/+G	618	12	1.88%	2	1	93	93	2.3156954006542198E-4	1	1	520	98	0	12	+G
F12_BC72_191109_LF_LIB_consensus_vsearch	3856	C	*/+A	618	7	1.1%	2	1	93	93	0.007681671177273311	1	1	510	108	7	0	+A
F12_BC72_191109_LF_LIB_consensus_vsearch	3858	G	*/-A	627	9	1.41%	2	1	93	93	0.0018982609183489257	1	1	516	111	9	0	-A
F12_BC72_191109_LF_LIB_consensus_vsearch	3869	C	*/+A	620	7	1.1%	2	1	93	93	0.007682087151165184	1	1	508	112	7	0	+A
F12_BC72_191109_LF_LIB_consensus_vsearch	3870	A	*/-G	610	9	1.41%	2	2	93	93	0.0018967658112020432	1	1	502	108	7	2	-G
F12_BC72_191109_LF_LIB_consensus_vsearch	3873	T	*/+C	614	12	1.88%	2	1	93	93	2.3149060421235934E-4	1	1	508	106	12	0	+C
F12_BC72_191109_LF_LIB_consensus_vsearch	3874	C	*/+A	615	8	1.26%	2	1	93	93	0.0038189278171456382	1	1	507	108	8	0	+A
F12_BC72_191109_LF_LIB_consensus_vsearch	3875	T	*/+G	573	32	5.07%	2	2	93	93	1.5283934015567525E-10	1	1	500	73	2	30	+G
F12_BC72_191109_LF_LIB_consensus_vsearch	3876	G	*/-A	585	15	2.38%	2	1	93	93	2.7930811545040623E-5	1	1	476	109	15	0	-A
F12_BC72_191109_LF_LIB_consensus_vsearch	3876	G	*/-AA	585	22	3.49%	2	2	93	93	1.9643011450328348E-7	1	1	476	109	20	2	-AA
F12_BC72_191109_LF_LIB_consensus_vsearch	3877	A	*/+GA	581	9	1.5%	2	1	93	93	0.0018940181115188759	1	1	473	108	9	0	+GA
F12_BC72_191109_LF_LIB_consensus_vsearch	3885	C	*/+T	624	8	1.25%	2	2	93	93	0.003820164879001387	1	1	514	110	5	3	+T
F12_BC72_191109_LF_LIB_consensus_vsearch	3886	T	*/-AC	607	17	2.67%	2	1	93	93	6.831681084965007E-6	1	1	495	112	17	0	-AC
F12_BC72_191109_LF_LIB_consensus_vsearch	3888	C	*/+A	576	16	2.59%	2	1	93	93	1.3769512585367692E-5	1	1	465	111	16	0	+A
F12_BC72_191109_LF_LIB_consensus_vsearch	3888	C	*/+T	576	16	2.59%	2	1	93	93	1.3769512585367692E-5	1	1	465	111	16	0	+A
F12_BC72_191109_LF_LIB_consensus_vsearch	3889	G	*/+A	601	10	1.57%	2	1	93	93	9.409829100459055E-4	1	1	491	110	10	0	+A
F12_BC72_191109_LF_LIB_consensus_vsearch	3889	G	*/-A	601	19	2.99%	2	2	93	93	1.6581739867972665E-6	1	1	491	110	18	1	-A
F12_BC72_191109_LF_LIB_consensus_vsearch	3890	A	*/-G	587	19	3.06%	2	1	93	93	1.6527364023052459E-6	1	1	476	111	19	0	-G
F12_BC72_191109_LF_LIB_consensus_vsearch	3892	C	*/+T	448	21	3.29%	2	2	93	93	3.792794403261766E-7	1	1	368	80	16	5	+T
F12_BC72_191109_LF_LIB_consensus_vsearch	3892	C	*/-T	448	136	21.32%	2	2	93	93	1.539681170711381E-45	1	1	368	80	117	19	-T
F12_BC72_191109_LF_LIB_consensus_vsearch	3892	C	*/-TT	448	26	4.08%	2	2	93	93	1.0476041215272843E-8	1	1	368	80	20	6	-T
F12_BC72_191109_LF_LIB_consensus_vsearch	3897	T	*/-A	609	24	3.76%	2	1	93	93	4.773130649525048E-8	1	1	496	113	24	0	-A
F12_BC72_191109_LF_LIB_consensus_vsearch	3903	C	*/+A	619	11	1.73%	2	2	93	93	4.6725420927558385E-4	1	1	519	100	1	10	+A
F12_BC72_191109_LF_LIB_consensus_vsearch	3909	C	*/+T	607	14	2.19%	2	2	93	93	5.6677339765541744E-5	1	1	503	104	10	4	+T
F12_BC72_191109_LF_LIB_consensus_vsearch	3909	C	*/-T	607	8	1.25%	2	2	93	93	0.003817797974000658	1	1	503	104	3	5	+T
F12_BC72_191109_LF_LIB_consensus_vsearch	3912	T	*/-A	615	15	2.35%	2	1	93	93	2.805024786330585E-5	1	1	502	113	15	0	-A
F12_BC72_191109_LF_LIB_consensus_vsearch	3917	T	*/-AT	625	8	1.25%	2	2	93	93	0.003820300170214244	1	1	515	110	5	3	-AT
F12_BC72_191109_LF_LIB_consensus_vsearch	3922	T	*/-A	606	17	2.69%	2	1	93	93	6.830453834170163E-6	1	1	499	107	17	0	-A
F12_BC72_191109_LF_LIB_consensus_vsearch	3925	T	*/-G	603	26	4.08%	2	1	93	93	1.1447011522403138E-8	1	1	518	85	0	26	-G
F12_BC72_191109_LF_LIB_consensus_vsearch	3927	G	*/-A	604	32	5%	2	2	93	93	1.5608951526506554E-10	1	1	494	110	31	1	-A
F12_BC72_191109_LF_LIB_consensus_vsearch	3931	T	*/-G	624	7	1.1%	2	2	93	93	0.00768291121366534	1	1	518	106	5	2	-G
F12_BC72_191109_LF_LIB_consensus_vsearch	3938	A	*/-C	602	16	2.53%	2	2	93	93	1.3829896814827522E-5	1	1	495	107	15	1	-C
F12_BC72_191109_LF_LIB_consensus_vsearch	3942	C	*/-G	603	7	1.1%	2	2	93	93	0.007678464717006819	1	1	515	88	2	5	-G
F12_BC72_191109_LF_LIB_consensus_vsearch	3947	G	*/-C	619	7	1.1%	2	1	93	93	0.007681879495413374	1	1	508	111	7	0	-C
F12_BC72_191109_LF_LIB_consensus_vsearch	3948	C	*/-TG	606	8	1.26%	2	1	93	93	0.0038176546845975347	1	1	499	107	8	0	-TG
F12_BC72_191109_LF_LIB_consensus_vsearch	3949	T	*/-G	602	8	1.27%	2	2	93	93	0.003817076854362142	1	1	495	107	7	1	-G
F12_BC72_191109_LF_LIB_consensus_vsearch	3952	C	*/-A	554	56	8.78%	2	1	93	93	3.6963015896697985E-18	1	1	444	110	56	0	-A
F12_BC72_191109_LF_LIB_consensus_vsearch	3953	A	*/-C	533	15	2.59%	2	2	93	93	2.7693911463208213E-5	1	1	427	106	11	4	-C
F12_BC72_191109_LF_LIB_consensus_vsearch	3955	C	*/+G	608	7	1.1%	2	1	93	93	0.007679550858895406	1	1	498	110	7	0	+G
F12_BC72_191109_LF_LIB_consensus_vsearch	3956	A	*/-G	612	8	1.26%	2	1	93	93	0.0038185075246258285	1	1	503	109	8	0	-G
F12_BC72_191109_LF_LIB_consensus_vsearch	3959	C	*/-TT	619	8	1.26%	2	1	93	93	0.0038194819837437974	1	1	507	112	8	0	-TT
F12_BC72_191109_LF_LIB_consensus_vsearch	3962	G	*/+C	599	7	1.11%	2	2	93	93	0.0076775829420487485	1	1	497	102	2	5	+C
F12_BC72_191109_LF_LIB_consensus_vsearch	3962	G	*/-C	599	15	2.37%	2	1	93	93	2.7987954790845546E-5	1	1	497	102	15	0	-C
F12_BC72_191109_LF_LIB_consensus_vsearch	3964	C	*/+A	596	18	2.82%	2	1	93	93	3.361754054896359E-6	1	1	494	102	18	0	+A
F12_BC72_191109_LF_LIB_consensus_vsearch	3964	C	*/+T	596	12	1.88%	2	2	93	93	2.3112277185229562E-4	1	1	494	102	7	5	+A
F12_BC72_191109_LF_LIB_consensus_vsearch	3965	C	*/+AC	609	12	1.88%	2	1	93	93	2.313905296735276E-4	1	1	503	106	12	0	+AC
F12_BC72_191109_LF_LIB_consensus_vsearch	3965	C	*/-T	609	14	2.19%	2	2	93	93	5.669096759990904E-5	1	1	503	106	8	6	-T
F12_BC72_191109_LF_LIB_consensus_vsearch	3966	T	*/+C	297	313	50%	2	2	93	93	8.417981788529843E-119	1	1	296	1	211	102	+C
F12_BC72_191109_LF_LIB_consensus_vsearch	3974	T	*/-C	615	13	2.04%	2	2	93	93	1.1464839269418865E-4	1	1	509	106	11	2	-C
F12_BC72_191109_LF_LIB_consensus_vsearch	3979	G	*/+T	604	19	2.97%	2	2	93	93	1.6593091555227483E-6	1	1	494	110	18	1	+T
F12_BC72_191109_LF_LIB_consensus_vsearch	3979	G	*/-T	604	12	1.88%	2	2	93	93	2.312888595030254E-4	1	1	494	110	11	1	+T
F12_BC72_191109_LF_LIB_consensus_vsearch	3982	T	*/+A	613	12	1.88%	2	1	93	93	2.3147071514967828E-4	1	1	505	108	12	0	+A
F12_BC72_191109_LF_LIB_consensus_vsearch	3984	T	*/-G	592	22	3.46%	2	2	93	93	1.96872214137295E-7	1	1	497	95	14	8	-G
F12_BC72_191109_LF_LIB_consensus_vsearch	3986	G	*/+A	609	7	1.1%	2	1	93	93	0.007679765978387823	1	1	497	112	7	0	+A
F12_BC72_191109_LF_LIB_consensus_vsearch	3987	G	*/+T	593	23	3.59%	2	2	93	93	9.670753428181014E-8	1	1	483	110	22	1	+T
F12_BC72_191109_LF_LIB_consensus_vsearch	3987	G	*/-T	593	14	2.19%	2	2	93	93	5.65794982865058E-5	1	1	483	110	13	1	+T
F12_BC72_191109_LF_LIB_consensus_vsearch	3990	T	*/-A	608	14	2.19%	2	2	93	93	5.668416434892582E-5	1	1	502	106	9	5	-A
F12_BC72_191109_LF_LIB_consensus_vsearch	3993	A	*/+T	617	14	2.19%	2	1	93	93	5.674463749429341E-5	1	1	522	95	0	14	+T
F12_BC72_191109_LF_LIB_consensus_vsearch	3994	T	*/+C	618	12	1.88%	2	1	93	93	2.3156954006542198E-4	1	1	511	107	12	0	+C
F12_BC72_191109_LF_LIB_consensus_vsearch	3995	C	*/-T	611	18	2.83%	2	2	93	93	3.3720466548715064E-6	1	1	518	93	4	14	-T
F12_BC72_191109_LF_LIB_consensus_vsearch	3998	T	*/-C	618	13	2.04%	2	1	93	93	1.1468293241135295E-4	1	1	522	96	0	13	-C
F12_BC72_191109_LF_LIB_consensus_vsearch	3999	C	*/-TC	615	8	1.28%	2	1	93	93	0.0038189278171456382	1	1	517	98	8	0	-TC
F12_BC72_191109_LF_LIB_consensus_vsearch	4002	A	*/+T	616	14	2.19%	2	1	93	93	5.673800135975473E-5	1	1	503	113	14	0	+T
F12_BC72_191109_LF_LIB_consensus_vsearch	4004	T	*/-C	560	72	11.27%	2	2	93	93	2.4798008690446125E-23	1	1	449	111	70	2	-C
F12_BC72_191109_LF_LIB_consensus_vsearch	4006	C	*/+A	599	7	1.1%	2	2	93	93	0.0076775829420487485	1	1	492	107	2	5	+A
F12_BC72_191109_LF_LIB_consensus_vsearch	4006	C	*/-A	599	27	4.23%	2	1	93	93	5.594902883706282E-9	1	1	492	107	27	0	-A
F12_BC72_191109_LF_LIB_consensus_vsearch	4010	T	*/-GC	624	8	1.25%	2	1	93	93	0.003820164879001387	1	1	514	110	8	0	-GC
F12_BC72_191109_LF_LIB_consensus_vsearch	4012	C	*/-AC	601	18	2.85%	2	1	93	93	3.3652376243049603E-6	1	1	493	108	18	0	-AC
F12_BC72_191109_LF_LIB_consensus_vsearch	4017	T	*/-C	533	103	16.09%	2	1	93	93	1.0982501308055686E-33	1	1	420	113	103	0	-C
F12_BC72_191109_LF_LIB_consensus_vsearch	4019	C	*/+A	459	29	4.54%	2	2	93	93	1.2134130124350864E-9	1	1	357	102	26	3	+A
F12_BC72_191109_LF_LIB_consensus_vsearch	4019	C	*/-A	459	107	16.74%	2	2	93	93	2.4199881783600863E-35	1	1	357	102	100	7	-A
F12_BC72_191109_LF_LIB_consensus_vsearch	4019	C	*/-AA	459	17	2.66%	2	1	93	93	6.597060655992414E-6	1	1	357	102	17	0	-A
F12_BC72_191109_LF_LIB_consensus_vsearch	4024	G	*/-A	611	17	2.68%	2	1	93	93	6.836552653522473E-6	1	1	504	107	17	0	-A
F12_BC72_191109_LF_LIB_consensus_vsearch	4026	A	*/-C	609	10	1.57%	2	1	93	93	9.414378721184591E-4	1	1	498	111	10	0	-C
F12_BC72_191109_LF_LIB_consensus_vsearch	4028	C	*/+A	601	7	1.09%	2	1	93	93	0.007678025274973404	1	1	503	98	7	0	+A
F12_BC72_191109_LF_LIB_consensus_vsearch	4029	G	*/-A	617	17	2.66%	2	2	93	93	6.843749567212566E-6	1	1	507	110	14	3	-A
F12_BC72_191109_LF_LIB_consensus_vsearch	4042	T	*/-A	557	25	3.96%	2	1	93	93	2.2903568510906506E-8	1	1	455	102	25	0	-A
F12_BC72_191109_LF_LIB_consensus_vsearch	4042	T	*/-ATT	557	23	3.64%	2	1	93	93	9.543531095765245E-8	1	1	455	102	23	0	-A
F12_BC72_191109_LF_LIB_consensus_vsearch	4042	T	*/-ATTGT	557	9	1.42%	2	1	93	93	0.001891533038997417	1	1	455	102	9	0	-A
F12_BC72_191109_LF_LIB_consensus_vsearch	4048	C	*/-A	610	12	1.9%	2	2	93	93	2.3141067102251553E-4	1	1	501	109	11	1	-A
F12_BC72_191109_LF_LIB_consensus_vsearch	4048	C	*/-AC	610	7	1.11%	2	1	93	93	0.007679980402859511	1	1	501	109	7	0	-A
F12_BC72_191109_LF_LIB_consensus_vsearch	4055	T	*/+C	266	341	53.96%	2	2	93	93	5.603452678119151E-133	1	1	217	49	290	51	+C
F12_BC72_191109_LF_LIB_consensus_vsearch	4055	T	*/+CC	266	14	2.22%	2	2	93	93	5.1672156243472136E-5	1	1	217	49	5	9	+C
F12_BC72_191109_LF_LIB_consensus_vsearch	4058	C	*/+G	521	13	2.04%	2	2	93	93	1.1337454285865033E-4	1	1	441	80	9	4	+G
F12_BC72_191109_LF_LIB_consensus_vsearch	4058	C	*/+T	521	21	3.29%	2	2	93	93	3.9138888367359235E-7	1	1	441	80	1	20	+T
F12_BC72_191109_LF_LIB_consensus_vsearch	4058	C	*/-G	521	60	9.4%	2	1	93	93	1.740311126792606E-19	1	1	441	80	60	0	-G
F12_BC72_191109_LF_LIB_consensus_vsearch	4059	G	*/-A	514	18	3.15%	2	1	93	93	3.2958131076589083E-6	1	1	402	112	18	0	-A
F12_BC72_191109_LF_LIB_consensus_vsearch	4059	G	*/-AA	514	10	1.75%	2	1	93	93	9.351495202966257E-4	1	1	402	112	10	0	-A
F12_BC72_191109_LF_LIB_consensus_vsearch	4063	T	*/-G	619	9	1.41%	2	2	93	93	0.0018975673441181103	1	1	513	106	5	4	-G
F12_BC72_191109_LF_LIB_consensus_vsearch	4066	G	*/-A	630	7	1.09%	2	1	93	93	0.007684127964298881	1	1	517	113	7	0	-A
F12_BC72_191109_LF_LIB_consensus_vsearch	4069	T	*/-G	609	7	1.09%	2	2	93	93	0.007679765978387823	1	1	511	98	5	2	-G
F12_BC72_191109_LF_LIB_consensus_vsearch	4069	T	*/-GG	609	11	1.72%	2	1	93	93	4.66919751749692E-4	1	1	511	98	0	11	-GG
F12_BC72_191109_LF_LIB_consensus_vsearch	4071	G	*/+A	609	9	1.43%	2	1	93	93	0.0018966753221652782	1	1	510	99	9	0	+A
F12_BC72_191109_LF_LIB_consensus_vsearch	4073	T	*/-A	593	9	1.42%	2	2	93	93	0.0018951869403117238	1	1	499	94	8	1	-A
F12_BC72_191109_LF_LIB_consensus_vsearch	4075	A	*/-T	612	12	1.89%	2	2	93	93	2.3145076346180296E-4	1	1	506	106	9	3	-T
F12_BC72_191109_LF_LIB_consensus_vsearch	4082	C	*/-GC	563	69	10.78%	2	2	93	93	2.3780550936910027E-22	1	1	463	100	58	11	-GC
F12_BC72_191109_LF_LIB_consensus_vsearch	4088	C	*/-TGC	603	10	1.56%	2	2	93	93	9.410977518218434E-4	1	1	502	101	8	2	-TGC
F12_BC72_191109_LF_LIB_consensus_vsearch	4090	G	*/+CC	580	8	1.28%	2	2	93	93	0.0038137590506295174	1	1	474	106	7	1	+CC
F12_BC72_191109_LF_LIB_consensus_vsearch	4090	G	*/-C	580	24	3.85%	2	2	93	93	4.721485440346075E-8	1	1	474	106	23	1	-C
F12_BC72_191109_LF_LIB_consensus_vsearch	4091	C	*/+G	556	30	4.98%	2	1	93	93	6.363950277686408E-10	1	1	448	108	30	0	+G
F12_BC72_191109_LF_LIB_consensus_vsearch	4092	C	*/+T	587	23	3.61%	2	2	93	93	9.650499877887885E-8	1	1	504	83	4	19	+T
F12_BC72_191109_LF_LIB_consensus_vsearch	4092	C	*/-T	587	10	1.57%	2	2	93	93	9.40157711688526E-4	1	1	504	83	5	5	+T
F12_BC72_191109_LF_LIB_consensus_vsearch	4094	T	*/-C	544	69	10.85%	2	2	93	93	2.2294401154113676E-22	1	1	443	101	61	8	-C
F12_BC72_191109_LF_LIB_consensus_vsearch	4094	T	*/-CCTT	544	8	1.26%	2	2	93	93	0.0038077628791647437	1	1	443	101	7	1	-C
F12_BC72_191109_LF_LIB_consensus_vsearch	4095	C	*/+G	486	52	9.37%	2	1	93	93	6.082756773508786E-17	1	1	383	103	52	0	+G
F12_BC72_191109_LF_LIB_consensus_vsearch	4096	C	*/-T	572	20	3.19%	2	2	93	93	8.10097394197934E-7	1	1	471	101	16	4	-T
F12_BC72_191109_LF_LIB_consensus_vsearch	4096	C	*/-TT	572	15	2.4%	2	1	93	93	2.787539038542439E-5	1	1	471	101	15	0	-T
F12_BC72_191109_LF_LIB_consensus_vsearch	4098	T	*/-G	589	9	1.46%	2	2	93	93	0.001894802500745058	1	1	486	103	1	8	-G
F12_BC72_191109_LF_LIB_consensus_vsearch	4103	G	*/-TG	618	12	1.88%	2	2	93	93	2.3156954006542198E-4	1	1	509	109	9	3	-TG
F12_BC72_191109_LF_LIB_consensus_vsearch	4109	G	*/-C	617	11	1.72%	2	2	93	93	4.6718815813061483E-4	1	1	507	110	9	2	-C
F12_BC72_191109_LF_LIB_consensus_vsearch	4112	G	*/+T	597	10	1.59%	2	2	93	93	9.40750980904605E-4	1	1	497	100	9	1	+T
F12_BC72_191109_LF_LIB_consensus_vsearch	4112	G	*/-T	597	9	1.43%	2	1	93	93	0.0018955663452473773	1	1	497	100	9	0	+T
F12_BC72_191109_LF_LIB_consensus_vsearch	4116	C	*/-T	620	7	1.1%	2	2	93	93	0.007682087151165184	1	1	521	99	2	5	-T
F12_BC72_191109_LF_LIB_consensus_vsearch	4117	T	*/+C	574	40	6.39%	2	1	93	93	4.717640629520093E-13	1	1	472	102	40	0	+C
F12_BC72_191109_LF_LIB_consensus_vsearch	4118	C	*/+G	595	20	3.17%	2	2	93	93	8.15136459205121E-7	1	1	495	100	18	2	+G
F12_BC72_191109_LF_LIB_consensus_vsearch	4118	C	*/-A	595	7	1.11%	2	2	93	93	0.0076766894886899275	1	1	495	100	6	1	+G
F12_BC72_191109_LF_LIB_consensus_vsearch	4119	A	*/-G	563	12	1.9%	2	2	93	93	2.303897416995595E-4	1	1	461	102	10	2	-G
F12_BC72_191109_LF_LIB_consensus_vsearch	4120	G	*/+A	597	12	1.92%	2	1	93	93	2.311437671365465E-4	1	1	489	108	12	0	+A
F12_BC72_191109_LF_LIB_consensus_vsearch	4122	C	*/-TC	611	11	1.72%	2	2	93	93	4.6698749160563975E-4	1	1	510	101	3	8	-TC
F12_BC72_191109_LF_LIB_consensus_vsearch	4123	T	*/-C	480	127	20.45%	2	2	93	93	3.68754327844125E-42	1	1	408	72	99	28	-C
F12_BC72_191109_LF_LIB_consensus_vsearch	4128	C	*/-TC	615	19	2.98%	2	2	93	93	1.6633845470921976E-6	1	1	516	99	5	14	-TC
F12_BC72_191109_LF_LIB_consensus_vsearch	4129	T	*/-C	513	94	15.21%	2	1	93	93	1.0163745397102105E-30	1	1	416	97	94	0	-C
F12_BC72_191109_LF_LIB_consensus_vsearch	4131	C	*/-G	604	25	3.94%	2	2	93	93	2.3367823190625944E-8	1	1	501	103	16	9	-G
F12_BC72_191109_LF_LIB_consensus_vsearch	4133	G	*/-A	625	11	1.72%	2	1	93	93	4.674499041809556E-4	1	1	512	113	11	0	-A
F12_BC72_191109_LF_LIB_consensus_vsearch	4134	A	*/+G	611	13	2.08%	2	1	93	93	1.1460183433533657E-4	1	1	498	113	13	0	+G
F12_BC72_191109_LF_LIB_consensus_vsearch	4137	C	*/+A	584	32	5.03%	2	1	93	93	1.5402313467946993E-10	1	1	475	109	32	0	+A
F12_BC72_191109_LF_LIB_consensus_vsearch	4137	C	*/-G	584	13	2.04%	2	2	93	93	1.1427161689440221E-4	1	1	475	109	12	1	+A
F12_BC72_191109_LF_LIB_consensus_vsearch	4138	G	*/-A	587	31	4.95%	2	2	93	93	3.166146348053725E-10	1	1	476	111	30	1	-A
F12_BC72_191109_LF_LIB_consensus_vsearch	4140	A	*/+C	552	19	2.97%	2	2	93	93	1.6380464559277034E-6	1	1	452	100	15	4	+C
F12_BC72_191109_LF_LIB_consensus_vsearch	4140	A	*/-C	552	40	6.25%	2	2	93	93	4.600032928325088E-13	1	1	452	100	32	8	-C
F12_BC72_191109_LF_LIB_consensus_vsearch	4140	A	*/-CC	552	9	1.41%	2	1	93	93	0.0018909887834267728	1	1	452	100	9	0	-C
F12_BC72_191109_LF_LIB_consensus_vsearch	4142	C	*/+A	611	10	1.59%	2	1	93	93	9.415498005924852E-4	1	1	500	111	10	0	+A
F12_BC72_191109_LF_LIB_consensus_vsearch	4148	T	*/+C	508	18	2.83%	2	2	93	93	3.290227655321514E-6	1	1	433	75	17	1	+C
F12_BC72_191109_LF_LIB_consensus_vsearch	4148	T	*/-C	508	89	13.99%	2	2	93	93	4.6589384367535383E-29	1	1	433	75	54	35	-C
F12_BC72_191109_LF_LIB_consensus_vsearch	4148	T	*/-CC	508	7	1.1%	2	1	93	93	0.007653836702707571	1	1	433	75	7	0	-C
F12_BC72_191109_LF_LIB_consensus_vsearch	4148	T	*/-CCC	508	7	1.1%	2	2	93	93	0.007653836702707571	1	1	433	75	6	1	-C
F12_BC72_191109_LF_LIB_consensus_vsearch	4152	C	*/+T	606	7	1.1%	2	1	93	93	0.007679118521310854	1	1	517	89	0	7	+T
F12_BC72_191109_LF_LIB_consensus_vsearch	4155	T	*/-A	608	27	4.23%	2	1	93	93	5.6181523883431475E-9	1	1	496	112	27	0	-A
F12_BC72_191109_LF_LIB_consensus_vsearch	4156	A	*/-C	528	62	10.13%	2	2	93	93	3.995093609383503E-20	1	1	417	111	61	1	-C
F12_BC72_191109_LF_LIB_consensus_vsearch	4164	T	*/+C	616	9	1.41%	2	1	93	93	0.0018973027115589166	1	1	503	113	9	0	+C
F12_BC72_191109_LF_LIB_consensus_vsearch	4168	C	*/-TT	501	125	19.56%	2	1	93	93	2.3987359410055503E-41	1	1	392	109	125	0	-TT
F12_BC72_191109_LF_LIB_consensus_vsearch	4173	T	*/-A	606	8	1.26%	2	2	93	93	0.0038176546845975347	1	1	501	105	3	5	-A
F12_BC72_191109_LF_LIB_consensus_vsearch	4175	G	*/-A	624	9	1.42%	2	1	93	93	0.0018980028667622965	1	1	513	111	9	0	-A
F12_BC72_191109_LF_LIB_consensus_vsearch	4176	A	*/-C	608	7	1.11%	2	1	93	93	0.007679550858895406	1	1	496	112	7	0	-C
F12_BC72_191109_LF_LIB_consensus_vsearch	4181	T	*/-ACT	623	8	1.26%	2	1	93	93	0.0038200291612249474	1	1	510	113	8	0	-ACT
F12_BC72_191109_LF_LIB_consensus_vsearch	4187	A	*/-C	607	9	1.43%	2	1	93	93	0.0018964934696203018	1	1	496	111	9	0	-C
F12_BC72_191109_LF_LIB_consensus_vsearch	4201	A	*/-G	586	12	1.89%	2	2	93	93	2.3090902793379252E-4	1	1	483	103	6	6	-G
F12_BC72_191109_LF_LIB_consensus_vsearch	4205	C	*/+G	615	10	1.57%	2	1	93	93	9.417715312813918E-4	1	1	502	113	10	0	+G
F12_BC72_191109_LF_LIB_consensus_vsearch	4206	A	*/-G	578	7	1.1%	2	2	93	93	0.007672756476313913	1	1	470	108	5	2	-G
F12_BC72_191109_LF_LIB_consensus_vsearch	4207	G	*/+A	614	9	1.43%	2	1	93	93	0.0018971248849278615	1	1	505	109	9	0	+A
F12_BC72_191109_LF_LIB_consensus_vsearch	4210	A	*/-T	606	7	1.1%	2	2	93	93	0.007679118521310854	1	1	501	105	3	4	-T
F12_BC72_191109_LF_LIB_consensus_vsearch	4212	T	*/+C	625	8	1.25%	2	1	93	93	0.003820300170214244	1	1	513	112	8	0	+C
F12_BC72_191109_LF_LIB_consensus_vsearch	4214	G	*/-A	618	10	1.57%	2	2	93	93	9.4193599519434E-4	1	1	508	110	9	1	-A
F12_BC72_191109_LF_LIB_consensus_vsearch	4215	A	*/+G	593	12	1.9%	2	1	93	93	2.3105937712433416E-4	1	1	483	110	12	0	+G
F12_BC72_191109_LF_LIB_consensus_vsearch	4218	G	*/-A	574	52	8.25%	2	2	93	93	7.355251950231506E-17	1	1	464	110	51	1	-A
F12_BC72_191109_LF_LIB_consensus_vsearch	4223	A	*/-T	623	13	2.03%	2	2	93	93	1.1473978993158247E-4	1	1	523	100	1	12	-T
F12_BC72_191109_LF_LIB_consensus_vsearch	4233	C	*/+A	587	8	1.28%	2	1	93	93	0.003814841181091788	1	1	479	108	8	0	+A
F12_BC72_191109_LF_LIB_consensus_vsearch	4233	C	*/-A	587	19	3.04%	2	2	93	93	1.6527364023052459E-6	1	1	479	108	18	1	-A
F12_BC72_191109_LF_LIB_consensus_vsearch	4241	T	*/-AC	620	7	1.1%	2	1	93	93	0.007682087151165184	1	1	512	108	7	0	-AC
F12_BC72_191109_LF_LIB_consensus_vsearch	4247	T	*/+C	619	8	1.25%	2	2	93	93	0.0038194819837437974	1	1	512	107	7	1	+C
F12_BC72_191109_LF_LIB_consensus_vsearch	4248	C	*/-GAGA	605	11	1.74%	2	1	93	93	4.6678297099811E-4	1	1	502	103	11	0	-GAGA
F12_BC72_191109_LF_LIB_consensus_vsearch	4250	A	*/+G	486	29	4.65%	2	1	93	93	1.2417865057097689E-9	1	1	373	113	29	0	+G
F12_BC72_191109_LF_LIB_consensus_vsearch	4250	A	*/-G	486	14	2.25%	2	1	93	93	5.5656666655237846E-5	1	1	373	113	14	0	+G
F12_BC72_191109_LF_LIB_consensus_vsearch	4250	A	*/-GA	486	87	13.96%	2	1	93	93	1.8846365505663955E-28	1	1	373	113	87	0	-GA
F12_BC72_191109_LF_LIB_consensus_vsearch	4251	G	*/-A	500	12	2.28%	2	1	93	93	2.2873355777739844E-4	1	1	389	111	12	0	-A
F12_BC72_191109_LF_LIB_consensus_vsearch	4251	G	*/-AAG	500	10	1.9%	2	1	93	93	9.340273303059306E-4	1	1	389	111	10	0	-A
F12_BC72_191109_LF_LIB_consensus_vsearch	4252	A	*/+G	479	8	1.55%	2	1	93	93	0.0037947063913870826	1	1	383	96	8	0	+G
F12_BC72_191109_LF_LIB_consensus_vsearch	4253	A	*/-G	598	19	3.04%	2	1	93	93	1.6570283979868058E-6	1	1	486	112	19	0	-G
F12_BC72_191109_LF_LIB_consensus_vsearch	4257	A	*/-TTA	608	15	2.36%	2	2	93	93	2.8023376029505557E-5	1	1	511	97	4	11	-TTA
F12_BC72_191109_LF_LIB_consensus_vsearch	4262	G	*/-A	627	9	1.41%	2	2	93	93	0.0018982609183489257	1	1	515	112	8	1	-A
F12_BC72_191109_LF_LIB_consensus_vsearch	4266	C	*/-A	584	35	5.54%	2	1	93	93	1.7750448854429477E-11	1	1	477	107	35	0	-A
F12_BC72_191109_LF_LIB_consensus_vsearch	4268	C	*/+T	575	8	1.27%	2	2	93	93	0.0038129702806793094	1	1	482	93	1	7	+T
F12_BC72_191109_LF_LIB_consensus_vsearch	4269	C	*/+A	535	8	1.26%	2	1	93	93	0.0038061403627091955	1	1	450	85	8	0	+A
F12_BC72_191109_LF_LIB_consensus_vsearch	4269	C	*/-A	535	54	8.5%	2	2	93	93	1.5541876858704926E-17	1	1	450	85	51	3	-A
F12_BC72_191109_LF_LIB_consensus_vsearch	4271	A	*/-G	594	10	1.58%	2	2	93	93	9.405750402100623E-4	1	1	504	90	6	4	-G
F12_BC72_191109_LF_LIB_consensus_vsearch	4272	G	*/+A	600	8	1.27%	2	1	93	93	0.0038167851036022588	1	1	510	90	8	0	+A
F12_BC72_191109_LF_LIB_consensus_vsearch	4273	G	*/-A	516	100	15.67%	2	2	93	93	9.9154032123823E-33	1	1	408	108	99	1	-A
F12_BC72_191109_LF_LIB_consensus_vsearch	4273	G	*/-AG	516	16	2.51%	2	2	93	93	1.3608605054744201E-5	1	1	408	108	15	1	-A
F12_BC72_191109_LF_LIB_consensus_vsearch	4279	C	*/+G	610	10	1.57%	2	1	93	93	9.414939256568898E-4	1	1	499	111	10	0	+G
F12_BC72_191109_LF_LIB_consensus_vsearch	4279	C	*/-A	610	7	1.1%	2	1	93	93	0.007679980402859511	1	1	499	111	7	0	+G
F12_BC72_191109_LF_LIB_consensus_vsearch	4281	A	*/-G	624	7	1.1%	2	1	93	93	0.00768291121366534	1	1	514	110	7	0	-G
F12_BC72_191109_LF_LIB_consensus_vsearch	4282	G	*/+C	597	7	1.11%	2	1	93	93	0.007677137689619137	1	1	484	113	7	0	+C
F12_BC72_191109_LF_LIB_consensus_vsearch	4282	G	*/-C	597	13	2.06%	2	1	93	93	1.1443417839760826E-4	1	1	484	113	13	0	-C
F12_BC72_191109_LF_LIB_consensus_vsearch	4291	G	*/+T	138	251	39.22%	2	2	93	93	3.4629997127653117E-103	1	1	121	17	164	87	+T
F12_BC72_191109_LF_LIB_consensus_vsearch	4291	G	*/+TT	138	10	1.56%	2	2	93	93	8.345915577180846E-4	1	1	121	17	8	2	+T
F12_BC72_191109_LF_LIB_consensus_vsearch	4291	G	*/-T	138	215	33.59%	2	2	93	93	1.7823774959171983E-86	1	1	121	17	211	4	-T
F12_BC72_191109_LF_LIB_consensus_vsearch	4291	G	*/-TT	138	10	1.56%	2	2	93	93	8.345915577180846E-4	1	1	121	17	9	1	-T
F12_BC72_191109_LF_LIB_consensus_vsearch	4297	A	*/+T	613	7	1.1%	2	1	93	93	0.007680619539752568	1	1	507	106	0	7	+T
F12_BC72_191109_LF_LIB_consensus_vsearch	4298	T	*/+C	613	16	2.52%	2	1	93	93	1.3853995922185818E-5	1	1	501	112	16	0	+C
F12_BC72_191109_LF_LIB_consensus_vsearch	4299	C	*/-T	618	12	1.89%	2	2	93	93	2.3156954006542198E-4	1	1	516	102	4	8	-T
F12_BC72_191109_LF_LIB_consensus_vsearch	4300	T	*/-A	612	8	1.28%	2	2	93	93	0.0038185075246258285	1	1	510	102	5	3	-A
F12_BC72_191109_LF_LIB_consensus_vsearch	4303	T	*/-A	620	9	1.41%	2	1	93	93	0.0018976549983159713	1	1	513	107	9	0	-A
F12_BC72_191109_LF_LIB_consensus_vsearch	4309	C	*/-A	573	7	1.1%	2	2	93	93	0.0076715559842246905	1	1	484	89	3	4	-A
F12_BC72_191109_LF_LIB_consensus_vsearch	4309	C	*/-AC	573	34	5.34%	2	2	93	93	3.618812077993805E-11	1	1	484	89	29	5	-AC
F12_BC72_191109_LF_LIB_consensus_vsearch	4310	A	*/-C	560	12	2.03%	2	2	93	93	2.3031898910607474E-4	1	1	472	88	5	7	-C
F12_BC72_191109_LF_LIB_consensus_vsearch	4311	C	*/+T	548	18	3.08%	2	1	93	93	3.325348252620839E-6	1	1	482	66	0	18	+T
F12_BC72_191109_LF_LIB_consensus_vsearch	4316	C	*/+A	613	10	1.58%	2	2	93	93	9.416610180635744E-4	1	1	504	109	7	3	+A
F12_BC72_191109_LF_LIB_consensus_vsearch	4319	G	*/-C	607	12	1.9%	2	2	93	93	2.313500552075147E-4	1	1	498	109	10	2	-C
F12_BC72_191109_LF_LIB_consensus_vsearch	4321	C	*/-G	607	10	1.57%	2	2	93	93	9.413252257957377E-4	1	1	505	102	7	3	-G
F12_BC72_191109_LF_LIB_consensus_vsearch	4321	C	*/-GG	607	8	1.26%	2	2	93	93	0.003817797974000658	1	1	505	102	5	3	-G
F12_BC72_191109_LF_LIB_consensus_vsearch	4323	G	*/+A	578	29	4.6%	2	1	93	93	1.322459347180592E-9	1	1	470	108	29	0	+A
F12_BC72_191109_LF_LIB_consensus_vsearch	4324	G	*/-CT	597	14	2.19%	2	1	93	93	5.6607898241035394E-5	1	1	484	113	14	0	-CT
F12_BC72_191109_LF_LIB_consensus_vsearch	4325	C	*/-T	523	44	7.09%	2	2	93	93	2.386895070259596E-14	1	1	421	102	35	9	-T
F12_BC72_191109_LF_LIB_consensus_vsearch	4325	C	*/-TT	523	26	4.19%	2	2	93	93	1.1005337240759333E-8	1	1	421	102	25	1	-T
F12_BC72_191109_LF_LIB_consensus_vsearch	4326	T	*/+C	501	19	3.44%	2	1	93	93	1.6133360900710925E-6	1	1	399	102	19	0	+C
F12_BC72_191109_LF_LIB_consensus_vsearch	4327	T	*/+A	511	11	1.8%	2	1	93	93	4.6297518094279196E-4	1	1	414	97	11	0	+A
F12_BC72_191109_LF_LIB_consensus_vsearch	4327	T	*/-A	511	13	2.13%	2	2	93	93	1.1321282700887585E-4	1	1	414	97	4	9	-A
F12_BC72_191109_LF_LIB_consensus_vsearch	4329	A	*/-G	607	10	1.58%	2	2	93	93	9.413252257957377E-4	1	1	513	94	1	9	-G
F12_BC72_191109_LF_LIB_consensus_vsearch	4331	T	*/-G	588	16	2.52%	2	2	93	93	1.3798003739908034E-5	1	1	485	103	14	2	-G
F12_BC72_191109_LF_LIB_consensus_vsearch	4331	T	*/-GC	588	16	2.52%	2	1	93	93	1.3798003739908034E-5	1	1	485	103	16	0	-G
F12_BC72_191109_LF_LIB_consensus_vsearch	4333	C	*/+T	551	7	1.13%	2	1	93	93	0.007666019161359943	1	1	450	101	7	0	+T
F12_BC72_191109_LF_LIB_consensus_vsearch	4333	C	*/-AC	551	28	4.52%	2	1	93	93	2.6664461318157962E-9	1	1	450	101	28	0	-AC
F12_BC72_191109_LF_LIB_consensus_vsearch	4334	A	*/-C	581	9	1.49%	2	1	93	93	0.0018940181115188759	1	1	469	112	9	0	-C
F12_BC72_191109_LF_LIB_consensus_vsearch	4335	C	*/+AC	566	12	2.01%	2	1	93	93	2.3045977381397776E-4	1	1	461	105	12	0	+AC
F12_BC72_191109_LF_LIB_consensus_vsearch	4338	A	*/-TTA	600	20	3.17%	2	2	93	93	8.161855577944026E-7	1	1	494	106	19	1	-TTA
F12_BC72_191109_LF_LIB_consensus_vsearch	4340	T	*/-A	597	8	1.31%	2	2	93	93	0.003816343880444348	1	1	489	108	5	3	-A
F12_BC72_191109_LF_LIB_consensus_vsearch	4341	A	*/-G	539	8	1.32%	2	2	93	93	0.0038068680328523356	1	1	434	105	5	3	-G
F12_BC72_191109_LF_LIB_consensus_vsearch	4345	C	*/+T	595	8	1.27%	2	1	93	93	0.003816047305998458	1	1	496	99	0	8	+T
F12_BC72_191109_LF_LIB_consensus_vsearch	4345	C	*/-T	595	18	2.85%	2	2	93	93	3.361050860029251E-6	1	1	496	99	13	5	-T
F12_BC72_191109_LF_LIB_consensus_vsearch	4346	T	*/+G	573	13	2.13%	2	1	93	93	1.1412856168272655E-4	1	1	467	106	13	0	+G
F12_BC72_191109_LF_LIB_consensus_vsearch	4346	T	*/-A	573	8	1.31%	2	1	93	93	0.0038126509930167373	1	1	467	106	8	0	+G
F12_BC72_191109_LF_LIB_consensus_vsearch	4347	A	*/+C	571	8	1.27%	2	1	93	93	0.0038123295121620672	1	1	459	112	8	0	+C
F12_BC72_191109_LF_LIB_consensus_vsearch	4347	A	*/-G	571	27	4.3%	2	1	93	93	5.518676558109664E-9	1	1	459	112	27	0	-G
F12_BC72_191109_LF_LIB_consensus_vsearch	4348	G	*/-A	584	7	1.15%	2	1	93	93	0.007674170345963	1	1	471	113	7	0	-A
F12_BC72_191109_LF_LIB_consensus_vsearch	4350	A	*/+T	616	7	1.1%	2	1	93	93	0.0076812525413027955	1	1	504	112	7	0	+T
F12_BC72_191109_LF_LIB_consensus_vsearch	4353	A	*/-C	599	7	1.11%	2	1	93	93	0.0076775829420487485	1	1	489	110	7	0	-C
F12_BC72_191109_LF_LIB_consensus_vsearch	4363	T	*/-C	624	8	1.25%	2	2	93	93	0.003820164879001387	1	1	513	111	7	1	-C
F12_BC72_191109_LF_LIB_consensus_vsearch	4372	T	*/+A	536	23	3.62%	2	1	93	93	9.462481216666319E-8	1	1	426	110	23	0	+A
F12_BC72_191109_LF_LIB_consensus_vsearch	4372	T	*/-A	536	65	10.22%	2	1	93	93	4.349966087913918E-21	1	1	426	110	65	0	-A
F12_BC72_191109_LF_LIB_consensus_vsearch	4372	T	*/-AA	536	8	1.26%	2	2	93	93	0.003806323277364471	1	1	426	110	7	1	-A
F12_BC72_191109_LF_LIB_consensus_vsearch	4376	A	*/-G	600	15	2.38%	2	1	93	93	2.7991940056994497E-5	1	1	495	105	15	0	-G
F12_BC72_191109_LF_LIB_consensus_vsearch	4376	A	*/-GA	600	8	1.27%	2	2	93	93	0.0038167851036022588	1	1	495	105	1	7	-G
F12_BC72_191109_LF_LIB_consensus_vsearch	4377	G	*/-A	600	7	1.15%	2	1	93	93	0.007677804471649726	1	1	495	105	7	0	-A
F12_BC72_191109_LF_LIB_consensus_vsearch	4383	C	*/-A	605	15	2.4%	2	2	93	93	2.8011679618364403E-5	1	1	503	102	10	5	-A
F12_BC72_191109_LF_LIB_consensus_vsearch	4391	C	*/-T	619	10	1.58%	2	1	93	93	9.419904715398489E-4	1	1	506	113	10	0	-T
F12_BC72_191109_LF_LIB_consensus_vsearch	4394	T	*/-A	615	8	1.26%	2	1	93	93	0.0038189278171456382	1	1	504	111	8	0	-A
F12_BC72_191109_LF_LIB_consensus_vsearch	4397	C	*/-T	617	8	1.26%	2	2	93	93	0.0038192057824281843	1	1	509	108	6	2	-T
F12_BC72_191109_LF_LIB_consensus_vsearch	4398	T	*/+C	600	7	1.11%	2	2	93	93	0.007677804471649726	1	1	503	97	1	6	+C
F12_BC72_191109_LF_LIB_consensus_vsearch	4399	G	*/-A	617	11	1.73%	2	1	93	93	4.6718815813061483E-4	1	1	505	112	11	0	-A
F12_BC72_191109_LF_LIB_consensus_vsearch	4403	T	*/-A	623	13	2.04%	2	1	93	93	1.1473978993158247E-4	1	1	512	111	13	0	-A
F12_BC72_191109_LF_LIB_consensus_vsearch	4406	T	*/+A	602	19	2.99%	2	2	93	93	1.6585535271298484E-6	1	1	491	111	18	1	+A
F12_BC72_191109_LF_LIB_consensus_vsearch	4407	G	*/-A	610	18	2.82%	2	1	93	93	3.371375037366279E-6	1	1	498	112	18	0	-A
F12_BC72_191109_LF_LIB_consensus_vsearch	4408	A	*/-G	595	8	1.29%	2	1	93	93	0.003816047305998458	1	1	482	113	8	0	-G
F12_BC72_191109_LF_LIB_consensus_vsearch	4412	A	*/+T	615	12	1.89%	2	2	93	93	2.315104309433486E-4	1	1	508	107	11	1	+T
F12_BC72_191109_LF_LIB_consensus_vsearch	4413	T	*/+C	625	9	1.42%	2	2	93	93	0.0018980891532379173	1	1	523	102	1	8	+C
F12_BC72_191109_LF_LIB_consensus_vsearch	4414	T	*/+C	615	8	1.25%	2	1	93	93	0.0038189278171456382	1	1	510	105	8	0	+C
F12_BC72_191109_LF_LIB_consensus_vsearch	4414	T	*/-C	615	9	1.41%	2	2	93	93	0.0018972139396271118	1	1	510	105	2	7	-C
F12_BC72_191109_LF_LIB_consensus_vsearch	4419	G	*/+T	605	9	1.43%	2	2	93	93	0.0018963104416950996	1	1	506	99	4	5	+T
F12_BC72_191109_LF_LIB_consensus_vsearch	4423	C	*/-A	616	10	1.57%	2	2	93	93	9.418265258818377E-4	1	1	510	106	9	1	-A
F12_BC72_191109_LF_LIB_consensus_vsearch	4430	C	*/+A	597	16	2.54%	2	1	93	93	1.3818667421681382E-5	1	1	489	108	16	0	+A
F12_BC72_191109_LF_LIB_consensus_vsearch	4430	C	*/-A	597	13	2.06%	2	2	93	93	1.1443417839760826E-4	1	1	489	108	12	1	+A
F12_BC72_191109_LF_LIB_consensus_vsearch	4435	G	*/-C	601	7	1.12%	2	1	93	93	0.007678025274973404	1	1	499	102	0	7	-C
F12_BC72_191109_LF_LIB_consensus_vsearch	4440	T	*/-A	603	9	1.43%	2	1	93	93	0.001896126226944554	1	1	493	110	9	0	-A
F12_BC72_191109_LF_LIB_consensus_vsearch	4440	T	*/-AC	603	12	1.9%	2	1	93	93	2.3126833063019417E-4	1	1	493	110	12	0	-AC
F12_BC72_191109_LF_LIB_consensus_vsearch	4442	C	*/-T	600	8	1.29%	2	2	93	93	0.0038167851036022588	1	1	498	102	6	2	-T
F12_BC72_191109_LF_LIB_consensus_vsearch	4444	T	*/+G	605	9	1.42%	2	1	93	93	0.0018963104416950996	1	1	496	109	9	0	+G
F12_BC72_191109_LF_LIB_consensus_vsearch	4445	A	*/-G	609	11	1.74%	2	1	93	93	4.66919751749692E-4	1	1	499	110	11	0	-G
F12_BC72_191109_LF_LIB_consensus_vsearch	4446	G	*/-A	616	7	1.12%	2	1	93	93	0.0076812525413027955	1	1	504	112	7	0	-A
F12_BC72_191109_LF_LIB_consensus_vsearch	4448	C	*/-A	615	7	1.1%	2	2	93	93	0.007681042217029198	1	1	506	109	6	1	-A
F12_BC72_191109_LF_LIB_consensus_vsearch	4457	C	*/-T	594	8	1.27%	2	1	93	93	0.0038158982838517787	1	1	487	107	8	0	-T
F12_BC72_191109_LF_LIB_consensus_vsearch	4457	C	*/-TT	594	24	3.8%	2	1	93	93	4.746964382935397E-8	1	1	487	107	24	0	-TT
F12_BC72_191109_LF_LIB_consensus_vsearch	4461	A	*/+T	625	7	1.1%	2	1	93	93	0.007683115604648609	1	1	520	105	0	7	+T
F12_BC72_191109_LF_LIB_consensus_vsearch	4463	C	*/+T	581	18	2.84%	2	2	93	93	3.3509721189416796E-6	1	1	497	84	7	11	+T
F12_BC72_191109_LF_LIB_consensus_vsearch	4463	C	*/-T	581	24	3.79%	2	2	93	93	4.723340617134871E-8	1	1	497	84	8	16	-T
F12_BC72_191109_LF_LIB_consensus_vsearch	4463	C	*/-TT	581	7	1.11%	2	1	93	93	0.007673467005464533	1	1	497	84	7	0	-T
F12_BC72_191109_LF_LIB_consensus_vsearch	4466	T	*/+G	604	12	1.89%	2	2	93	93	2.312888595030254E-4	1	1	499	105	10	2	+G
F12_BC72_191109_LF_LIB_consensus_vsearch	4468	A	*/-G	585	28	4.45%	2	1	93	93	2.7175287552047158E-9	1	1	475	110	28	0	-G
F12_BC72_191109_LF_LIB_consensus_vsearch	4471	C	*/+A	610	11	1.75%	2	1	93	93	4.6695367545624854E-4	1	1	498	112	11	0	+A
F12_BC72_191109_LF_LIB_consensus_vsearch	4477	T	*/-AT	581	8	1.35%	2	2	93	93	0.0038139152066312184	1	1	471	110	7	1	-AT
