Chrom	Position	Ref	Cons	Reads1	Reads2	VarFreq	Strands1	Strands2	Qual1	Qual2	Pvalue	MapQual1	MapQual2	Reads1Plus	Reads1Minus	Reads2Plus	Reads2Minus	VarAllele
F1_BC61_191109_LF_LIB_consensus_vsearch	20	T	*/+C	216	9	3.96%	2	1	93	93	0.0018001779733764346	1	1	90	126	9	0	+C
F1_BC61_191109_LF_LIB_consensus_vsearch	21	C	*/-G	210	10	4.41%	2	1	93	93	8.796295164637225E-4	1	1	98	112	0	10	-G
F1_BC61_191109_LF_LIB_consensus_vsearch	40	G	*/+A	213	10	4.42%	2	1	93	93	8.808946039600796E-4	1	1	85	128	10	0	+A
F1_BC61_191109_LF_LIB_consensus_vsearch	42	G	*/+AG	107	115	50.22%	2	2	93	93	3.6220309194523263E-44	1	1	92	15	2	113	+AG
F1_BC61_191109_LF_LIB_consensus_vsearch	45	C	*/+A	211	7	3.07%	2	1	93	93	0.007439689863414905	1	1	84	127	7	0	+A
F1_BC61_191109_LF_LIB_consensus_vsearch	45	C	*/-A	211	9	3.95%	2	2	93	93	0.0017967787753331713	1	1	84	127	8	1	-A
F1_BC61_191109_LF_LIB_consensus_vsearch	46	A	*/+G	207	8	3.64%	2	2	93	93	0.003655753662936563	1	1	87	120	2	6	+G
F1_BC61_191109_LF_LIB_consensus_vsearch	52	C	*/-T	212	13	5.68%	2	2	93	93	1.0213418662308634E-4	1	1	98	114	2	11	-T
F1_BC61_191109_LF_LIB_consensus_vsearch	106	G	*/+A	210	7	3.12%	2	1	93	93	0.007437988084800957	1	1	84	126	7	0	+A
F1_BC61_191109_LF_LIB_consensus_vsearch	110	C	*/-G	210	17	7.42%	2	2	93	93	5.590552312029508E-6	1	1	85	125	15	2	-G
F1_BC61_191109_LF_LIB_consensus_vsearch	113	A	*/+T	183	13	5.7%	2	2	93	93	9.938754956784761E-5	1	1	90	93	3	10	+T
F1_BC61_191109_LF_LIB_consensus_vsearch	113	A	*/-T	183	27	11.84%	2	2	93	93	3.0514694714635637E-9	1	1	90	93	7	20	-T
F1_BC61_191109_LF_LIB_consensus_vsearch	143	A	*/+G	195	14	6.19%	2	2	93	93	4.873705147345955E-5	1	1	83	112	13	1	+G
F1_BC61_191109_LF_LIB_consensus_vsearch	143	A	*/-G	195	14	6.19%	2	2	93	93	4.873705147345955E-5	1	1	83	112	1	13	+G
F1_BC61_191109_LF_LIB_consensus_vsearch	149	T	*/-A	211	13	5.7%	2	1	93	93	1.0205056322589528E-4	1	1	85	126	13	0	-A
F1_BC61_191109_LF_LIB_consensus_vsearch	153	A	*/-CA	207	7	3.1%	2	2	93	93	0.007432788253078562	1	1	85	122	2	5	-CA
F1_BC61_191109_LF_LIB_consensus_vsearch	156	T	*/-GC	216	7	3.08%	2	1	93	93	0.007447971960236055	1	1	91	125	7	0	-GC
F1_BC61_191109_LF_LIB_consensus_vsearch	173	T	*/+C	216	10	4.41%	2	2	93	93	8.821271222096345E-4	1	1	92	124	9	1	+C
F1_BC61_191109_LF_LIB_consensus_vsearch	174	C	*/-A	213	14	6.11%	2	1	93	93	4.9641866600329834E-5	1	1	86	127	14	0	-A
F1_BC61_191109_LF_LIB_consensus_vsearch	177	G	*/-AG	211	7	3.14%	2	2	93	93	0.007439689863414905	1	1	85	126	6	1	-AG
F1_BC61_191109_LF_LIB_consensus_vsearch	180	T	*/-G	212	12	5.33%	2	1	93	93	2.0987757342671282E-4	1	1	101	111	0	12	-G
F1_BC61_191109_LF_LIB_consensus_vsearch	185	G	*/-TG	209	17	7.42%	2	1	93	93	5.582571341748222E-6	1	1	98	111	0	17	-TG
F1_BC61_191109_LF_LIB_consensus_vsearch	193	T	*/+G	212	8	3.54%	2	2	93	93	0.003661360523321731	1	1	91	121	6	2	+G
F1_BC61_191109_LF_LIB_consensus_vsearch	194	A	*/+G	201	9	4.07%	2	1	93	93	0.0017895062981052791	1	1	88	113	0	9	+G
F1_BC61_191109_LF_LIB_consensus_vsearch	197	T	*/-C	186	38	16.67%	2	2	93	93	6.547483362553506E-13	1	1	60	126	37	1	-C
F1_BC61_191109_LF_LIB_consensus_vsearch	202	A	*/-C	185	32	13.97%	2	1	93	93	6.781303413340521E-11	1	1	92	93	0	32	-C
F1_BC61_191109_LF_LIB_consensus_vsearch	208	T	*/+C	215	8	3.51%	2	2	93	93	0.0036646057936482192	1	1	95	120	3	5	+C
F1_BC61_191109_LF_LIB_consensus_vsearch	218	A	*/-G	206	8	3.56%	2	2	93	93	0.0036546013500883302	1	1	89	117	7	1	-G
F1_BC61_191109_LF_LIB_consensus_vsearch	221	C	*/-A	202	9	4.04%	2	2	93	93	0.0017902638323438202	1	1	90	112	3	6	-A
F1_BC61_191109_LF_LIB_consensus_vsearch	228	A	*/+C	218	7	3.06%	2	2	93	93	0.007451182688346346	1	1	99	119	1	6	+C
F1_BC61_191109_LF_LIB_consensus_vsearch	230	T	*/-C	208	8	3.56%	2	1	93	93	0.0036568954742723925	1	1	97	111	0	8	-C
F1_BC61_191109_LF_LIB_consensus_vsearch	233	T	*/-A	205	9	4%	2	2	93	93	0.0017924949478988227	1	1	93	112	2	7	-A
F1_BC61_191109_LF_LIB_consensus_vsearch	241	A	*/-T	214	9	3.98%	2	1	93	93	0.0017988361772468277	1	1	97	117	0	9	-T
F1_BC61_191109_LF_LIB_consensus_vsearch	243	T	*/+C	206	13	5.68%	2	2	93	93	1.016217291023551E-4	1	1	88	118	11	2	+C
F1_BC61_191109_LF_LIB_consensus_vsearch	244	C	*/-G	172	48	21.43%	2	2	93	93	1.992441167529821E-16	1	1	98	74	1	47	-G
F1_BC61_191109_LF_LIB_consensus_vsearch	254	A	*/+G	181	31	13.72%	2	1	93	93	1.426753848156371E-10	1	1	97	84	0	31	+G
F1_BC61_191109_LF_LIB_consensus_vsearch	254	A	*/-G	181	9	3.98%	2	2	93	93	0.0017727250885016482	1	1	97	84	1	8	+G
F1_BC61_191109_LF_LIB_consensus_vsearch	257	C	*/-T	163	56	24.78%	2	2	93	93	2.441204056577288E-19	1	1	96	67	1	55	-T
F1_BC61_191109_LF_LIB_consensus_vsearch	259	T	*/+C	197	9	3.98%	2	1	93	93	0.0017864043973660122	1	1	97	100	0	9	+C
F1_BC61_191109_LF_LIB_consensus_vsearch	259	T	*/-C	197	16	7.08%	2	2	93	93	1.1390278653101552E-5	1	1	97	100	2	14	-C
F1_BC61_191109_LF_LIB_consensus_vsearch	273	C	*/-T	208	13	5.73%	2	2	93	93	1.0179544238135389E-4	1	1	87	121	10	3	-T
F1_BC61_191109_LF_LIB_consensus_vsearch	275	T	*/+C	209	7	3.08%	2	2	93	93	0.007436270701269745	1	1	84	125	6	1	+C
F1_BC61_191109_LF_LIB_consensus_vsearch	280	C	*/-A	204	8	3.57%	2	2	93	93	0.0036522646351654408	1	1	85	119	5	3	-A
F1_BC61_191109_LF_LIB_consensus_vsearch	289	G	*/-C	201	18	7.93%	2	2	93	93	2.6509133703959145E-6	1	1	80	121	17	1	-C
F1_BC61_191109_LF_LIB_consensus_vsearch	303	T	*/+C	217	8	3.52%	2	1	93	93	0.0036667219549938834	1	1	89	128	8	0	+C
F1_BC61_191109_LF_LIB_consensus_vsearch	310	T	*/-GT	210	7	3.07%	2	2	93	93	0.007437988084800957	1	1	93	117	5	2	-GT
F1_BC61_191109_LF_LIB_consensus_vsearch	313	C	*/-T	214	7	3.07%	2	1	93	93	0.007444703667648697	1	1	99	115	0	7	-T
F1_BC61_191109_LF_LIB_consensus_vsearch	315	T	*/-G	183	41	17.9%	2	1	93	93	6.059120245957685E-14	1	1	96	87	0	41	-G
F1_BC61_191109_LF_LIB_consensus_vsearch	323	C	*/+A	207	7	3.07%	2	1	93	93	0.007432788253078562	1	1	91	116	7	0	+A
F1_BC61_191109_LF_LIB_consensus_vsearch	327	C	*/-G	214	10	4.42%	2	1	93	93	8.813089995913842E-4	1	1	101	113	0	10	-G
F1_BC61_191109_LF_LIB_consensus_vsearch	334	C	*/-G	198	21	9.25%	2	2	93	93	2.882936455442224E-7	1	1	97	101	1	20	-G
F1_BC61_191109_LF_LIB_consensus_vsearch	341	C	*/-G	164	44	19.38%	2	2	93	93	4.458911413543618E-15	1	1	59	105	30	14	-G
F1_BC61_191109_LF_LIB_consensus_vsearch	345	G	*/-A	194	21	9.29%	2	1	93	93	2.8547116176505525E-7	1	1	68	126	21	0	-A
F1_BC61_191109_LF_LIB_consensus_vsearch	347	A	*/-T	204	10	4.48%	2	2	93	93	8.769963348909129E-4	1	1	82	122	6	4	-T
F1_BC61_191109_LF_LIB_consensus_vsearch	349	T	*/-A	203	10	4.39%	2	2	93	93	8.765435124402236E-4	1	1	82	121	6	4	-A
F1_BC61_191109_LF_LIB_consensus_vsearch	350	A	*/+G	196	7	3.21%	2	1	93	93	0.007412420836520295	1	1	82	114	0	7	+G
F1_BC61_191109_LF_LIB_consensus_vsearch	350	A	*/-G	196	7	3.21%	2	1	93	93	0.007412420836520295	1	1	82	114	7	0	+G
F1_BC61_191109_LF_LIB_consensus_vsearch	360	T	*/-C	197	28	12.28%	2	2	93	93	1.5217163857873044E-9	1	1	79	118	21	7	-C
F1_BC61_191109_LF_LIB_consensus_vsearch	362	C	*/-G	193	34	14.85%	2	1	93	93	1.5309572857714794E-11	1	1	99	94	0	34	-G
F1_BC61_191109_LF_LIB_consensus_vsearch	366	G	*/-A	199	26	11.4%	2	1	93	93	6.926624973953721E-9	1	1	74	125	26	0	-A
F1_BC61_191109_LF_LIB_consensus_vsearch	380	C	*/-AC	216	7	3.06%	2	2	93	93	0.007447971960236055	1	1	93	123	4	3	-AC
F1_BC61_191109_LF_LIB_consensus_vsearch	387	C	*/-T	181	39	17.26%	2	2	93	93	2.864665720414177E-13	1	1	97	84	1	38	-T
F1_BC61_191109_LF_LIB_consensus_vsearch	393	T	*/-C	214	13	5.7%	2	1	93	93	1.0229936061105097E-4	1	1	87	127	13	0	-C
F1_BC61_191109_LF_LIB_consensus_vsearch	395	C	*/-A	191	21	9.17%	2	2	93	93	2.832998157915201E-7	1	1	82	109	7	14	-A
F1_BC61_191109_LF_LIB_consensus_vsearch	397	A	*/+G	196	7	3.08%	2	2	93	93	0.007412420836520295	1	1	87	109	2	5	+G
F1_BC61_191109_LF_LIB_consensus_vsearch	397	A	*/-G	196	13	5.73%	2	2	93	93	1.0070666248340834E-4	1	1	87	109	9	4	-G
F1_BC61_191109_LF_LIB_consensus_vsearch	398	G	*/+C	192	7	3.26%	2	1	93	93	0.007404462106241813	1	1	87	105	0	7	+C
F1_BC61_191109_LF_LIB_consensus_vsearch	399	G	*/+A	205	13	5.7%	2	1	93	93	1.0153375468649412E-4	1	1	85	120	13	0	+A
F1_BC61_191109_LF_LIB_consensus_vsearch	401	A	*/-G	210	9	3.98%	2	2	93	93	0.0017960807336148846	1	1	96	114	4	5	-G
F1_BC61_191109_LF_LIB_consensus_vsearch	413	C	*/-G	189	7	3.08%	2	2	93	93	0.007398282157210082	1	1	82	107	4	3	-G
F1_BC61_191109_LF_LIB_consensus_vsearch	413	C	*/-GC	189	18	7.93%	2	2	93	93	2.5931159639340357E-6	1	1	82	107	8	10	-GC
F1_BC61_191109_LF_LIB_consensus_vsearch	413	C	*/-GCA	189	7	3.08%	2	1	93	93	0.007398282157210082	1	1	82	107	0	7	-GC
F1_BC61_191109_LF_LIB_consensus_vsearch	415	C	*/-A	155	37	18.32%	2	2	93	93	1.0666188002893842E-12	1	1	84	71	4	33	-A
F1_BC61_191109_LF_LIB_consensus_vsearch	420	T	*/-AC	216	8	3.49%	2	1	93	93	0.003665668526289429	1	1	90	126	8	0	-AC
F1_BC61_191109_LF_LIB_consensus_vsearch	431	C	*/-AC	191	24	10.81%	2	2	93	93	3.0216532806748016E-8	1	1	70	121	22	2	-AC
F1_BC61_191109_LF_LIB_consensus_vsearch	436	G	*/-TGTG	206	17	7.49%	2	1	93	93	5.5582526785826E-6	1	1	98	108	0	17	-TGTG
F1_BC61_191109_LF_LIB_consensus_vsearch	438	G	*/-TG	153	49	23.33%	2	2	93	93	6.432651033495283E-17	1	1	91	62	4	45	-TG
F1_BC61_191109_LF_LIB_consensus_vsearch	440	G	*/-AG	143	8	5%	2	1	93	93	0.003551931265251157	1	1	83	60	8	0	-AG
F1_BC61_191109_LF_LIB_consensus_vsearch	441	A	*/-G	201	12	5.56%	2	1	93	93	2.081993933684706E-4	1	1	75	126	12	0	-G
F1_BC61_191109_LF_LIB_consensus_vsearch	463	T	*/-G	209	8	3.54%	2	2	93	93	0.003658026926953576	1	1	95	114	2	6	-G
F1_BC61_191109_LF_LIB_consensus_vsearch	470	C	*/+A	195	9	4.05%	2	1	93	93	0.0017848089483517727	1	1	88	107	0	9	+A
F1_BC61_191109_LF_LIB_consensus_vsearch	480	G	*/-TG	217	8	3.49%	2	2	93	93	0.0036667219549938834	1	1	98	119	1	7	-TG
F1_BC61_191109_LF_LIB_consensus_vsearch	486	T	*/-A	197	24	10.62%	2	2	93	93	3.081154251806747E-8	1	1	74	123	23	1	-A
F1_BC61_191109_LF_LIB_consensus_vsearch	490	T	*/-G	184	39	17.11%	2	2	93	93	2.943942119501022E-13	1	1	96	88	1	38	-G
F1_BC61_191109_LF_LIB_consensus_vsearch	498	G	*/-C	211	11	4.85%	2	1	93	93	4.300945555177922E-4	1	1	84	127	11	0	-C
F1_BC61_191109_LF_LIB_consensus_vsearch	499	C	*/+T	191	21	9.68%	2	1	93	93	2.832998157915201E-7	1	1	88	103	0	21	+T
F1_BC61_191109_LF_LIB_consensus_vsearch	500	C	*/-T	198	18	7.89%	2	2	93	93	2.63697592562017E-6	1	1	99	99	1	17	-T
F1_BC61_191109_LF_LIB_consensus_vsearch	501	T	*/+C	196	7	3.33%	2	1	93	93	0.007412420836520295	1	1	97	99	0	7	+C
F1_BC61_191109_LF_LIB_consensus_vsearch	511	C	*/-T	212	12	5.31%	2	2	93	93	2.0987757342671282E-4	1	1	99	113	1	11	-T
F1_BC61_191109_LF_LIB_consensus_vsearch	514	T	*/+G	208	13	5.73%	2	2	93	93	1.0179544238135389E-4	1	1	93	115	2	11	+G
F1_BC61_191109_LF_LIB_consensus_vsearch	515	G	*/-A	211	12	5.31%	2	1	93	93	2.0973150235371546E-4	1	1	84	127	12	0	-A
F1_BC61_191109_LF_LIB_consensus_vsearch	517	G	*/-T	201	18	7.96%	2	2	93	93	2.6509133703959145E-6	1	1	95	106	1	17	-T
F1_BC61_191109_LF_LIB_consensus_vsearch	527	A	*/+T	71	139	61.5%	2	2	93	93	4.970467984665278E-58	1	1	1	70	84	55	+T
F1_BC61_191109_LF_LIB_consensus_vsearch	531	A	*/-G	201	18	8%	2	2	93	93	2.6509133703959145E-6	1	1	88	113	10	8	-G
F1_BC61_191109_LF_LIB_consensus_vsearch	532	G	*/+A	190	8	3.81%	2	1	93	93	0.003634608580377523	1	1	81	109	8	0	+A
F1_BC61_191109_LF_LIB_consensus_vsearch	533	G	*/+A	197	16	7.02%	2	1	93	93	1.1390278653101552E-5	1	1	72	125	16	0	+A
F1_BC61_191109_LF_LIB_consensus_vsearch	541	T	*/-G	175	36	16.07%	2	2	93	93	2.844573692919743E-12	1	1	93	82	1	35	-G
F1_BC61_191109_LF_LIB_consensus_vsearch	559	T	*/-A	212	8	3.51%	2	2	93	93	0.003661360523321731	1	1	90	122	5	3	-A
F1_BC61_191109_LF_LIB_consensus_vsearch	563	T	*/-C	219	7	3.07%	2	1	93	93	0.007452766938834958	1	1	93	126	7	0	-C
F1_BC61_191109_LF_LIB_consensus_vsearch	568	C	*/-T	208	18	7.89%	2	2	93	93	2.682200943510207E-6	1	1	96	112	4	14	-T
F1_BC61_191109_LF_LIB_consensus_vsearch	581	T	*/-AT	202	17	7.52%	2	2	93	93	5.524923410580334E-6	1	1	92	110	5	12	-AT
F1_BC61_191109_LF_LIB_consensus_vsearch	584	G	*/-TG	209	11	4.85%	2	2	93	93	4.2958650804029443E-4	1	1	91	118	5	6	-TG
F1_BC61_191109_LF_LIB_consensus_vsearch	599	T	*/-A	207	11	4.89%	2	2	93	93	4.2906952287648286E-4	1	1	95	112	4	7	-A
F1_BC61_191109_LF_LIB_consensus_vsearch	622	A	*/-G	154	55	24.23%	2	2	93	93	4.596540841452265E-19	1	1	64	90	31	24	-G
F1_BC61_191109_LF_LIB_consensus_vsearch	630	C	*/-GC	219	7	3.06%	2	2	93	93	0.007452766938834958	1	1	96	123	4	3	-GC
F1_BC61_191109_LF_LIB_consensus_vsearch	634	T	*/-AT	199	15	6.7%	2	2	93	93	2.3672673108116326E-5	1	1	84	115	14	1	-AT
F1_BC61_191109_LF_LIB_consensus_vsearch	647	C	*/-T	211	12	5.24%	2	1	93	93	2.0973150235371546E-4	1	1	100	111	0	12	-T
F1_BC61_191109_LF_LIB_consensus_vsearch	650	C	*/+A	169	7	3.17%	2	2	93	93	0.007351762655103386	1	1	82	87	6	1	+A
F1_BC61_191109_LF_LIB_consensus_vsearch	650	C	*/+G	169	9	4.07%	2	2	93	93	0.0017608971948629478	1	1	82	87	1	8	+G
F1_BC61_191109_LF_LIB_consensus_vsearch	650	C	*/-G	169	21	9.5%	2	2	93	93	2.6579218220022787E-7	1	1	82	87	6	15	-G
F1_BC61_191109_LF_LIB_consensus_vsearch	650	C	*/-GG	169	7	3.17%	2	2	93	93	0.007351762655103386	1	1	82	87	4	3	-G
F1_BC61_191109_LF_LIB_consensus_vsearch	655	T	*/+G	197	7	3.12%	2	1	93	93	0.007414362253072604	1	1	101	96	0	7	+G
F1_BC61_191109_LF_LIB_consensus_vsearch	655	T	*/-G	197	16	7.14%	2	1	93	93	1.1390278653101552E-5	1	1	101	96	0	16	-G
F1_BC61_191109_LF_LIB_consensus_vsearch	658	A	*/+T	213	8	3.56%	2	1	93	93	0.0036624519192641563	1	1	99	114	0	8	+T
F1_BC61_191109_LF_LIB_consensus_vsearch	659	C	*/-T	204	10	4.44%	2	2	93	93	8.769963348909129E-4	1	1	93	111	4	6	-T
F1_BC61_191109_LF_LIB_consensus_vsearch	671	G	*/+C	168	7	3.14%	2	2	93	93	0.007349160919077469	1	1	47	121	4	3	+C
F1_BC61_191109_LF_LIB_consensus_vsearch	671	G	*/-C	168	37	16.59%	2	1	93	93	1.219691081152711E-12	1	1	47	121	37	0	-C
F1_BC61_191109_LF_LIB_consensus_vsearch	674	C	*/-T	217	8	3.51%	2	2	93	93	0.0036667219549938834	1	1	97	120	2	6	-T
F1_BC61_191109_LF_LIB_consensus_vsearch	675	T	*/-A	188	11	5.05%	2	2	93	93	4.2366328040616125E-4	1	1	86	102	5	6	-A
F1_BC61_191109_LF_LIB_consensus_vsearch	690	T	*/-C	200	17	7.56%	2	2	93	93	5.507857341679661E-6	1	1	92	108	1	16	-C
F1_BC61_191109_LF_LIB_consensus_vsearch	694	C	*/-T	210	16	7.02%	2	1	93	93	1.1590481452408359E-5	1	1	99	111	0	16	-T
F1_BC61_191109_LF_LIB_consensus_vsearch	695	T	*/-C	193	13	6.13%	2	1	93	93	1.0041600859633792E-4	1	1	84	109	13	0	-C
F1_BC61_191109_LF_LIB_consensus_vsearch	708	A	*/-C	214	9	3.95%	2	1	93	93	0.0017988361772468277	1	1	99	115	0	9	-C
F1_BC61_191109_LF_LIB_consensus_vsearch	710	C	*/-T	205	8	3.49%	2	2	93	93	0.0036534383902297935	1	1	99	106	1	7	-T
F1_BC61_191109_LF_LIB_consensus_vsearch	710	C	*/-TC	205	12	5.24%	2	1	93	93	2.0882828978061456E-4	1	1	99	106	0	12	-TC
F1_BC61_191109_LF_LIB_consensus_vsearch	711	T	*/-C	189	13	6.22%	2	1	93	93	1.000159835994925E-4	1	1	94	95	0	13	-C
F1_BC61_191109_LF_LIB_consensus_vsearch	716	C	*/+A	214	8	3.49%	2	2	93	93	0.003663533633296164	1	1	98	116	1	7	+A
F1_BC61_191109_LF_LIB_consensus_vsearch	722	A	*/+G	218	8	3.51%	2	2	93	93	0.003667766201363899	1	1	93	125	6	2	+G
F1_BC61_191109_LF_LIB_consensus_vsearch	723	G	*/+A	190	8	3.54%	2	2	93	93	0.003634608580377523	1	1	74	116	7	1	+A
F1_BC61_191109_LF_LIB_consensus_vsearch	723	G	*/-AG	190	15	6.64%	2	2	93	93	2.3400493517599244E-5	1	1	74	116	7	8	-AG
F1_BC61_191109_LF_LIB_consensus_vsearch	740	A	*/-CA	210	7	3.12%	2	1	93	93	0.007437988084800957	1	1	91	119	7	0	-CA
F1_BC61_191109_LF_LIB_consensus_vsearch	747	G	*/-C	210	9	3.98%	2	2	93	93	0.0017960807336148846	1	1	88	122	8	1	-C
F1_BC61_191109_LF_LIB_consensus_vsearch	749	C	*/-G	210	10	4.46%	2	2	93	93	8.796295164637225E-4	1	1	94	116	3	7	-G
F1_BC61_191109_LF_LIB_consensus_vsearch	773	A	*/-CA	201	12	5.26%	2	2	93	93	2.081993933684706E-4	1	1	89	112	8	4	-CA
F1_BC61_191109_LF_LIB_consensus_vsearch	789	C	*/-T	213	9	3.98%	2	1	93	93	0.0017981564163397133	1	1	98	115	0	9	-T
F1_BC61_191109_LF_LIB_consensus_vsearch	795	G	*/-TTG	219	7	3.06%	2	2	93	93	0.007452766938834958	1	1	94	125	6	1	-TTG
F1_BC61_191109_LF_LIB_consensus_vsearch	811	G	*/-CA	215	7	3.08%	2	1	93	93	0.007446345105805389	1	1	96	119	0	7	-CA
F1_BC61_191109_LF_LIB_consensus_vsearch	815	T	*/-A	211	11	4.85%	2	2	93	93	4.300945555177922E-4	1	1	99	112	2	9	-A
F1_BC61_191109_LF_LIB_consensus_vsearch	826	A	*/+G	154	7	3.11%	2	2	93	93	0.007309387540537701	1	1	70	84	1	6	+G
F1_BC61_191109_LF_LIB_consensus_vsearch	826	A	*/-G	154	48	21.33%	2	2	93	93	1.4870284207307648E-16	1	1	70	84	23	25	-G
F1_BC61_191109_LF_LIB_consensus_vsearch	826	A	*/-GG	154	11	4.89%	2	2	93	93	4.110509155841592E-4	1	1	70	84	1	10	-G
F1_BC61_191109_LF_LIB_consensus_vsearch	833	C	*/+T	198	14	6.25%	2	1	93	93	4.8897660884513865E-5	1	1	99	99	0	14	+T
F1_BC61_191109_LF_LIB_consensus_vsearch	834	T	*/-C	162	39	17.49%	2	2	93	93	2.3596841042461585E-13	1	1	91	71	3	36	-C
F1_BC61_191109_LF_LIB_consensus_vsearch	834	T	*/-CG	162	9	4.04%	2	1	93	93	0.001753253527181243	1	1	91	71	0	9	-C
F1_BC61_191109_LF_LIB_consensus_vsearch	835	C	*/-G	150	7	4%	2	1	93	93	0.007296738417420601	1	1	86	64	7	0	-G
F1_BC61_191109_LF_LIB_consensus_vsearch	835	C	*/-GG	150	7	4%	2	2	93	93	0.007296738417420601	1	1	86	64	1	6	-G
F1_BC61_191109_LF_LIB_consensus_vsearch	841	C	*/+A	210	8	3.49%	2	2	93	93	0.0036591481612605	1	1	96	114	1	7	+A
F1_BC61_191109_LF_LIB_consensus_vsearch	849	C	*/-T	202	26	11.35%	2	1	93	93	7.001063960203066E-9	1	1	101	101	0	26	-T
F1_BC61_191109_LF_LIB_consensus_vsearch	852	T	*/-G	204	8	3.62%	2	2	93	93	0.0036522646351654408	1	1	95	109	3	5	-G
F1_BC61_191109_LF_LIB_consensus_vsearch	859	A	*/+G	100	14	6.33%	2	2	93	93	3.9922089255144543E-5	1	1	46	54	2	12	+G
F1_BC61_191109_LF_LIB_consensus_vsearch	859	A	*/-G	100	73	33.03%	2	2	93	93	6.331256128004196E-27	1	1	46	54	44	29	-G
F1_BC61_191109_LF_LIB_consensus_vsearch	859	A	*/-GG	100	7	3.17%	2	2	93	93	0.007060418475842725	1	1	46	54	1	6	-G
F1_BC61_191109_LF_LIB_consensus_vsearch	859	A	*/-GGG	100	20	9.05%	2	1	93	93	4.02430630412517E-7	1	1	46	54	0	20	-GGG
F1_BC61_191109_LF_LIB_consensus_vsearch	868	A	*/-T	213	9	3.93%	2	1	93	93	0.0017981564163397133	1	1	100	113	0	9	-T
F1_BC61_191109_LF_LIB_consensus_vsearch	869	T	*/-C	198	12	5.56%	2	2	93	93	2.077128545125299E-4	1	1	89	109	10	2	-C
F1_BC61_191109_LF_LIB_consensus_vsearch	871	C	*/-T	203	17	7.42%	2	1	93	93	5.533354906074952E-6	1	1	100	103	0	17	-T
F1_BC61_191109_LF_LIB_consensus_vsearch	876	A	*/-C	165	56	24.56%	2	2	93	93	2.546192427383719E-19	1	1	94	71	6	50	-C
F1_BC61_191109_LF_LIB_consensus_vsearch	880	T	*/+C	208	11	4.89%	2	1	93	93	4.293291473235971E-4	1	1	86	122	11	0	+C
F1_BC61_191109_LF_LIB_consensus_vsearch	881	C	*/-A	213	7	3.11%	2	1	93	93	0.007443047448823043	1	1	90	123	7	0	-A
F1_BC61_191109_LF_LIB_consensus_vsearch	898	C	*/+A	209	7	3.08%	2	1	93	93	0.007436270701269745	1	1	87	122	7	0	+A
F1_BC61_191109_LF_LIB_consensus_vsearch	904	C	*/+G	208	9	3.98%	2	1	93	93	0.0017946657928001688	1	1	87	121	9	0	+G
F1_BC61_191109_LF_LIB_consensus_vsearch	905	A	*/-G	210	10	4.37%	2	2	93	93	8.796295164637225E-4	1	1	84	126	9	1	-G
F1_BC61_191109_LF_LIB_consensus_vsearch	912	T	*/+G	189	15	6.58%	2	1	93	93	2.336891796251475E-5	1	1	69	120	15	0	+G
F1_BC61_191109_LF_LIB_consensus_vsearch	912	T	*/-AG	189	7	3.07%	2	1	93	93	0.007398282157210082	1	1	69	120	7	0	+G
F1_BC61_191109_LF_LIB_consensus_vsearch	913	A	*/-G	129	80	37.21%	2	2	93	93	6.686851559790552E-29	1	1	62	67	22	58	-G
F1_BC61_191109_LF_LIB_consensus_vsearch	915	G	*/+A	199	17	7.49%	2	1	93	93	5.499221151421095E-6	1	1	73	126	17	0	+A
F1_BC61_191109_LF_LIB_consensus_vsearch	919	C	*/-T	214	7	3.08%	2	1	93	93	0.007444703667648697	1	1	99	115	0	7	-T
F1_BC61_191109_LF_LIB_consensus_vsearch	930	C	*/-A	205	19	8.37%	2	2	93	93	1.2807606843266436E-6	1	1	99	106	2	17	-A
F1_BC61_191109_LF_LIB_consensus_vsearch	932	A	*/-G	209	14	6.19%	2	1	93	93	4.9452447660699634E-5	1	1	101	108	0	14	-G
F1_BC61_191109_LF_LIB_consensus_vsearch	939	A	*/-G	204	12	5.41%	2	2	93	93	2.0867313373012331E-4	1	1	87	117	6	6	-G
F1_BC61_191109_LF_LIB_consensus_vsearch	943	T	*/+G	211	10	4.39%	2	2	93	93	8.800549103686053E-4	1	1	91	120	5	5	+G
F1_BC61_191109_LF_LIB_consensus_vsearch	946	G	*/+A	203	25	10.92%	2	2	93	93	1.486432791549526E-8	1	1	78	125	23	2	+A
F1_BC61_191109_LF_LIB_consensus_vsearch	947	G	*/+A	120	77	33.62%	2	2	93	93	6.007588716891649E-28	1	1	53	67	24	53	+A
F1_BC61_191109_LF_LIB_consensus_vsearch	947	G	*/+C	120	21	9.17%	2	2	93	93	2.1342695528242375E-7	1	1	53	67	20	1	+A
F1_BC61_191109_LF_LIB_consensus_vsearch	948	G	*/+CA	110	60	26.2%	2	2	93	93	1.5024935361812666E-21	1	1	42	68	32	28	+CA
F1_BC61_191109_LF_LIB_consensus_vsearch	948	G	*/+TTA	110	9	3.93%	2	1	93	93	0.001669514551639384	1	1	42	68	0	9	+CA
F1_BC61_191109_LF_LIB_consensus_vsearch	949	A	*/+GCA	122	13	5.78%	2	2	93	93	9.015828469833915E-5	1	1	59	63	6	7	+GCA
F1_BC61_191109_LF_LIB_consensus_vsearch	949	A	*/+GCAA	122	63	28%	2	2	93	93	1.8092855116610008E-22	1	1	59	63	29	34	+GCAA
F1_BC61_191109_LF_LIB_consensus_vsearch	957	T	*/+G	215	9	3.93%	2	1	93	93	0.0017995100038167202	1	1	89	126	9	0	+G
F1_BC61_191109_LF_LIB_consensus_vsearch	958	A	*/-G	213	9	3.96%	2	1	93	93	0.0017981564163397133	1	1	87	126	9	0	-G
F1_BC61_191109_LF_LIB_consensus_vsearch	972	T	*/-C	210	14	6.17%	2	2	93	93	4.950038813942507E-5	1	1	86	124	13	1	-C
F1_BC61_191109_LF_LIB_consensus_vsearch	975	C	*/-A	219	7	3.06%	2	2	93	93	0.007452766938834958	1	1	94	125	6	1	-A
F1_BC61_191109_LF_LIB_consensus_vsearch	981	T	*/+A	211	9	3.93%	2	2	93	93	0.0017967787753331713	1	1	96	115	2	7	+A
F1_BC61_191109_LF_LIB_consensus_vsearch	986	G	*/-A	216	9	3.96%	2	1	93	93	0.0018001779733764346	1	1	90	126	9	0	-A
F1_BC61_191109_LF_LIB_consensus_vsearch	1002	C	*/-G	206	17	7.46%	2	2	93	93	5.5582526785826E-6	1	1	91	115	7	10	-G
F1_BC61_191109_LF_LIB_consensus_vsearch	1007	G	*/+T	216	7	3.07%	2	1	93	93	0.007447971960236055	1	1	100	116	0	7	+T
F1_BC61_191109_LF_LIB_consensus_vsearch	1025	C	*/+G	189	12	5.33%	2	2	93	93	2.0617105570630654E-4	1	1	86	103	5	7	+G
F1_BC61_191109_LF_LIB_consensus_vsearch	1025	C	*/-G	189	14	6.22%	2	2	93	93	4.840279700124344E-5	1	1	86	103	9	5	-G
F1_BC61_191109_LF_LIB_consensus_vsearch	1025	C	*/-GG	189	8	3.56%	2	2	93	93	0.0036332530695703403	1	1	86	103	1	7	-G
F1_BC61_191109_LF_LIB_consensus_vsearch	1028	G	*/-A	213	12	5.26%	2	2	93	93	2.1002241192895544E-4	1	1	87	126	11	1	-A
F1_BC61_191109_LF_LIB_consensus_vsearch	1032	G	*/-T	210	9	3.96%	2	2	93	93	0.0017960807336148846	1	1	94	116	1	8	-T
F1_BC61_191109_LF_LIB_consensus_vsearch	1036	A	*/-G	199	22	9.65%	2	2	93	93	1.3761269103930465E-7	1	1	83	116	15	7	-G
F1_BC61_191109_LF_LIB_consensus_vsearch	1037	G	+A/+A	33	169	81.64%	2	2	93	93	1.1689653070618253E-80	1	1	29	4	54	115	+A
F1_BC61_191109_LF_LIB_consensus_vsearch	1039	A	*/+G	23	12	5.24%	2	1	93	93	7.84340736367941E-5	1	1	19	4	12	0	+G
F1_BC61_191109_LF_LIB_consensus_vsearch	1039	A	+T/+T	23	178	77.73%	2	2	93	93	3.3248598013946244E-89	1	1	19	4	55	123	+T
F1_BC61_191109_LF_LIB_consensus_vsearch	1040	T	*/+C	199	10	4.44%	2	2	93	93	8.746903119674215E-4	1	1	81	118	2	8	+C
F1_BC61_191109_LF_LIB_consensus_vsearch	1041	A	*/+G	153	27	12.11%	2	1	93	93	2.5979187125660854E-9	1	1	59	94	0	27	+G
F1_BC61_191109_LF_LIB_consensus_vsearch	1041	A	*/-G	153	29	13%	2	1	93	93	5.545529420668417E-10	1	1	59	94	29	0	-G
F1_BC61_191109_LF_LIB_consensus_vsearch	1046	C	*/-T	190	28	12.23%	2	2	93	93	1.4756662984247696E-9	1	1	96	94	1	27	-T
F1_BC61_191109_LF_LIB_consensus_vsearch	1049	T	*/-G	194	33	14.41%	2	1	93	93	3.322335140775101E-11	1	1	100	94	0	33	-G
F1_BC61_191109_LF_LIB_consensus_vsearch	1053	C	*/-T	214	12	5.26%	2	1	93	93	2.1016603336412182E-4	1	1	99	115	0	12	-T
F1_BC61_191109_LF_LIB_consensus_vsearch	1054	T	*/-C	205	8	3.69%	2	1	93	93	0.0036534383902297935	1	1	99	106	0	8	-C
F1_BC61_191109_LF_LIB_consensus_vsearch	1056	T	*/+G	142	25	11.01%	2	2	93	93	1.129397154506912E-8	1	1	69	73	5	20	+G
F1_BC61_191109_LF_LIB_consensus_vsearch	1056	T	*/-G	142	41	18.06%	2	2	93	93	3.637956197882488E-14	1	1	69	73	14	27	-G
F1_BC61_191109_LF_LIB_consensus_vsearch	1056	T	*/-GG	142	11	4.85%	2	2	93	93	4.0534063849111915E-4	1	1	69	73	6	5	-G
F1_BC61_191109_LF_LIB_consensus_vsearch	1061	G	*/+A	199	15	6.55%	2	2	93	93	2.3672673108116326E-5	1	1	76	123	14	1	+A
F1_BC61_191109_LF_LIB_consensus_vsearch	1062	A	*/-G	218	7	3.08%	2	2	93	93	0.007451182688346346	1	1	92	126	6	1	-G
F1_BC61_191109_LF_LIB_consensus_vsearch	1079	G	*/-A	218	7	3.07%	2	2	93	93	0.007451182688346346	1	1	95	123	4	3	-A
F1_BC61_191109_LF_LIB_consensus_vsearch	1085	T	*/-A	195	7	3.18%	2	2	93	93	0.007410460397262536	1	1	79	116	4	3	-A
F1_BC61_191109_LF_LIB_consensus_vsearch	1088	A	*/-G	218	7	3.07%	2	2	93	93	0.007451182688346346	1	1	96	122	1	6	-G
F1_BC61_191109_LF_LIB_consensus_vsearch	1099	G	*/-A	212	8	3.52%	2	2	93	93	0.003661360523321731	1	1	89	123	5	3	-A
F1_BC61_191109_LF_LIB_consensus_vsearch	1101	A	*/-G	200	16	7.02%	2	2	93	93	1.1438379994950568E-5	1	1	94	106	2	14	-G
F1_BC61_191109_LF_LIB_consensus_vsearch	1103	G	*/+A	216	7	3.07%	2	1	93	93	0.007447971960236055	1	1	90	126	7	0	+A
F1_BC61_191109_LF_LIB_consensus_vsearch	1105	C	*/+A	196	24	10.53%	2	1	93	93	3.071396715362743E-8	1	1	97	99	0	24	+A
F1_BC61_191109_LF_LIB_consensus_vsearch	1116	G	*/-TG	193	20	9.13%	2	1	93	93	5.974908386377013E-7	1	1	97	96	0	20	-TG
F1_BC61_191109_LF_LIB_consensus_vsearch	1124	T	*/+G	210	7	3.06%	2	1	93	93	0.007437988084800957	1	1	100	110	0	7	+G
F1_BC61_191109_LF_LIB_consensus_vsearch	1129	C	*/-TT	180	35	15.28%	2	2	93	93	6.45292861291265E-12	1	1	62	118	34	1	-TT
F1_BC61_191109_LF_LIB_consensus_vsearch	1131	T	*/-A	170	7	3.65%	2	2	93	93	0.007354335343249384	1	1	52	118	6	1	-A
F1_BC61_191109_LF_LIB_consensus_vsearch	1133	A	*/-T	201	16	7.17%	2	2	93	93	1.1454151088665753E-5	1	1	83	118	12	4	-T
F1_BC61_191109_LF_LIB_consensus_vsearch	1138	A	*/+C	218	7	3.08%	2	1	93	93	0.007451182688346346	1	1	98	120	0	7	+C
F1_BC61_191109_LF_LIB_consensus_vsearch	1140	T	*/+C	205	7	3.15%	2	2	93	93	0.0074292407456773525	1	1	95	110	3	4	+C
F1_BC61_191109_LF_LIB_consensus_vsearch	1146	C	*/+G	139	13	5.75%	2	2	93	93	9.340403906257766E-5	1	1	45	94	11	2	+G
F1_BC61_191109_LF_LIB_consensus_vsearch	1146	C	*/-G	139	60	26.55%	2	2	93	93	4.523353925778116E-21	1	1	45	94	35	25	-G
F1_BC61_191109_LF_LIB_consensus_vsearch	1153	G	*/+C	206	12	5.31%	2	2	93	93	2.089820970245861E-4	1	1	97	109	1	11	+C
F1_BC61_191109_LF_LIB_consensus_vsearch	1155	T	*/-C	210	11	4.8%	2	1	93	93	4.298416344617859E-4	1	1	100	110	0	11	-C
F1_BC61_191109_LF_LIB_consensus_vsearch	1157	A	*/+C	208	7	3.14%	2	2	93	93	0.007434537497224064	1	1	85	123	6	1	+C
F1_BC61_191109_LF_LIB_consensus_vsearch	1158	C	*/+T	207	7	3.17%	2	1	93	93	0.007432788253078562	1	1	90	117	0	7	+T
F1_BC61_191109_LF_LIB_consensus_vsearch	1160	A	*/-G	197	15	6.7%	2	2	93	93	2.361399232959602E-5	1	1	89	108	1	14	-G
F1_BC61_191109_LF_LIB_consensus_vsearch	1176	A	*/+G	183	13	5.78%	2	1	93	93	9.938754956784761E-5	1	1	97	86	0	13	+G
F1_BC61_191109_LF_LIB_consensus_vsearch	1176	A	*/-G	183	26	11.56%	2	1	93	93	6.506695717774377E-9	1	1	97	86	0	26	-G
F1_BC61_191109_LF_LIB_consensus_vsearch	1212	T	*/-G	207	13	5.78%	2	2	93	93	1.0170895517465024E-4	1	1	92	115	7	6	-G
F1_BC61_191109_LF_LIB_consensus_vsearch	1214	G	*/+A	214	10	4.39%	2	1	93	93	8.813089995913842E-4	1	1	88	126	10	0	+A
F1_BC61_191109_LF_LIB_consensus_vsearch	1234	C	*/-T	213	9	4%	2	1	93	93	0.0017981564163397133	1	1	99	114	0	9	-T
F1_BC61_191109_LF_LIB_consensus_vsearch	1243	T	*/-G	196	21	9.25%	2	2	93	93	2.868926012059276E-7	1	1	94	102	4	17	-G
F1_BC61_191109_LF_LIB_consensus_vsearch	1246	G	*/+A	214	7	3.08%	2	1	93	93	0.007444703667648697	1	1	91	123	7	0	+A
F1_BC61_191109_LF_LIB_consensus_vsearch	1265	T	*/-C	210	16	7.05%	2	2	93	93	1.1590481452408359E-5	1	1	96	114	5	11	-C
F1_BC61_191109_LF_LIB_consensus_vsearch	1277	C	*/+A	205	9	3.96%	2	1	93	93	0.0017924949478988227	1	1	85	120	9	0	+A
F1_BC61_191109_LF_LIB_consensus_vsearch	1287	A	*/-C	195	23	10.09%	2	2	93	93	6.46332756739895E-8	1	1	86	109	9	14	-C
F1_BC61_191109_LF_LIB_consensus_vsearch	1290	C	*/-A	182	12	5.26%	2	2	93	93	2.0487881937931402E-4	1	1	88	94	10	2	-A
F1_BC61_191109_LF_LIB_consensus_vsearch	1290	C	*/-AA	182	12	5.26%	2	1	93	93	2.0487881937931402E-4	1	1	88	94	0	12	-A
F1_BC61_191109_LF_LIB_consensus_vsearch	1296	T	*/-G	208	14	6.14%	2	2	93	93	4.9404108604884E-5	1	1	94	114	2	12	-G
F1_BC61_191109_LF_LIB_consensus_vsearch	1306	T	*/-C	139	67	30.18%	2	2	93	93	1.082292083098658E-23	1	1	84	55	15	52	-C
F1_BC61_191109_LF_LIB_consensus_vsearch	1309	C	*/-T	213	13	5.68%	2	1	93	93	1.0221711622714382E-4	1	1	99	114	0	13	-T
F1_BC61_191109_LF_LIB_consensus_vsearch	1314	G	*/-TG	212	7	3.07%	2	2	93	93	0.00744137624879223	1	1	90	122	6	1	-TG
F1_BC61_191109_LF_LIB_consensus_vsearch	1317	C	*/-T	198	17	7.56%	2	2	93	93	5.490515091509853E-6	1	1	97	101	2	15	-T
F1_BC61_191109_LF_LIB_consensus_vsearch	1320	T	*/-C	207	9	3.96%	2	2	93	93	0.001793948723227531	1	1	97	110	1	8	-C
F1_BC61_191109_LF_LIB_consensus_vsearch	1321	C	*/-G	185	9	4.21%	2	1	93	93	0.0017763509872760243	1	1	98	87	0	9	-G
F1_BC61_191109_LF_LIB_consensus_vsearch	1321	C	*/-GG	185	7	3.27%	2	1	93	93	0.007389745092191117	1	1	98	87	0	7	-G
F1_BC61_191109_LF_LIB_consensus_vsearch	1325	C	*/-T	185	14	6.31%	2	2	93	93	4.8169731487453406E-5	1	1	95	90	2	12	-T
F1_BC61_191109_LF_LIB_consensus_vsearch	1327	T	*/-C	208	12	5.38%	2	2	93	93	2.0928573468617033E-4	1	1	95	113	1	11	-C
F1_BC61_191109_LF_LIB_consensus_vsearch	1329	G	*/-AG	207	7	3.12%	2	1	93	93	0.007432788253078562	1	1	80	127	7	0	-AG
F1_BC61_191109_LF_LIB_consensus_vsearch	1330	A	*/-G	188	18	8.37%	2	2	93	93	2.5880431248781214E-6	1	1	63	125	16	2	-G
F1_BC61_191109_LF_LIB_consensus_vsearch	1339	C	*/-T	209	9	3.96%	2	2	93	93	0.0017953764342624938	1	1	96	113	1	8	-T
F1_BC61_191109_LF_LIB_consensus_vsearch	1341	C	*/-T	207	10	4.42%	2	2	93	93	8.783305527122537E-4	1	1	98	109	2	8	-T
F1_BC61_191109_LF_LIB_consensus_vsearch	1343	T	*/-CTT	211	7	3.08%	2	1	93	93	0.007439689863414905	1	1	97	114	0	7	-CTT
F1_BC61_191109_LF_LIB_consensus_vsearch	1344	C	*/-T	182	26	12.09%	2	2	93	93	6.479101948423553E-9	1	1	90	92	6	20	-T
F1_BC61_191109_LF_LIB_consensus_vsearch	1348	C	*/-GC	215	8	3.49%	2	2	93	93	0.0036646057936482192	1	1	92	123	5	3	-GC
F1_BC61_191109_LF_LIB_consensus_vsearch	1351	C	*/-T	204	12	5.24%	2	2	93	93	2.0867313373012331E-4	1	1	86	118	5	7	-T
F1_BC61_191109_LF_LIB_consensus_vsearch	1353	T	*/+G	169	9	4.02%	2	1	93	93	0.0017608971948629478	1	1	80	89	0	9	+G
F1_BC61_191109_LF_LIB_consensus_vsearch	1353	T	*/-G	169	13	5.8%	2	2	93	93	9.777264385923668E-5	1	1	80	89	3	10	-G
F1_BC61_191109_LF_LIB_consensus_vsearch	1353	T	*/-GG	169	15	6.7%	2	2	93	93	2.2673356043783E-5	1	1	80	89	2	13	-GG
F1_BC61_191109_LF_LIB_consensus_vsearch	1364	G	*/-C	212	9	3.98%	2	2	93	93	0.00179747064240055	1	1	87	125	8	1	-C
F1_BC61_191109_LF_LIB_consensus_vsearch	1371	T	*/-A	187	28	12.23%	2	2	93	93	1.4554047345259757E-9	1	1	73	114	22	6	-A
F1_BC61_191109_LF_LIB_consensus_vsearch	1373	A	*/-G	194	15	6.73%	2	2	93	93	2.3524071874557613E-5	1	1	86	108	5	10	-G
F1_BC61_191109_LF_LIB_consensus_vsearch	1378	G	*/-TG	214	9	3.95%	2	1	93	93	0.0017988361772468277	1	1	95	119	0	9	-TG
F1_BC61_191109_LF_LIB_consensus_vsearch	1386	G	*/-C	201	8	3.59%	2	2	93	93	0.003648677074969142	1	1	88	113	1	7	-C
F1_BC61_191109_LF_LIB_consensus_vsearch	1386	G	*/-CT	201	11	4.93%	2	2	93	93	4.274625226161483E-4	1	1	88	113	10	1	-CT
F1_BC61_191109_LF_LIB_consensus_vsearch	1387	C	*/-T	179	12	5.85%	2	2	93	93	2.0429775305230596E-4	1	1	78	101	8	4	-T
F1_BC61_191109_LF_LIB_consensus_vsearch	1392	C	*/-A	200	19	8.44%	2	2	93	93	1.268651398690971E-6	1	1	94	106	2	17	-A
F1_BC61_191109_LF_LIB_consensus_vsearch	1410	G	*/-C	214	8	3.51%	2	2	93	93	0.003663533633296164	1	1	97	117	2	6	-C
F1_BC61_191109_LF_LIB_consensus_vsearch	1421	T	*/-C	214	12	5.26%	2	1	93	93	2.1016603336412182E-4	1	1	87	127	12	0	-C
F1_BC61_191109_LF_LIB_consensus_vsearch	1424	T	*/-G	216	9	3.96%	2	1	93	93	0.0018001779733764346	1	1	101	115	0	9	-G
F1_BC61_191109_LF_LIB_consensus_vsearch	1427	G	*/+T	212	8	3.49%	2	1	93	93	0.003661360523321731	1	1	93	119	0	8	+T
F1_BC61_191109_LF_LIB_consensus_vsearch	1432	A	*/+T	207	13	5.75%	2	1	93	93	1.0170895517465024E-4	1	1	99	108	0	13	+T
F1_BC61_191109_LF_LIB_consensus_vsearch	1434	G	*/-C	141	65	28.76%	2	2	93	93	6.582682476244068E-23	1	1	60	81	28	37	-C
F1_BC61_191109_LF_LIB_consensus_vsearch	1434	G	*/-CCG	141	11	4.87%	2	1	93	93	4.0482654336574796E-4	1	1	60	81	11	0	-C
F1_BC61_191109_LF_LIB_consensus_vsearch	1435	C	+G/+G	8	127	84.67%	2	2	93	93	3.860552686728839E-68	1	1	4	4	55	72	+G
F1_BC61_191109_LF_LIB_consensus_vsearch	1444	T	*/+G	210	13	5.78%	2	2	93	93	1.0196623731956113E-4	1	1	97	113	1	12	+G
F1_BC61_191109_LF_LIB_consensus_vsearch	1456	T	*/-G	211	13	5.73%	2	1	93	93	1.0205056322589528E-4	1	1	101	110	0	13	-G
F1_BC61_191109_LF_LIB_consensus_vsearch	1466	C	*/+T	210	7	3.14%	2	1	93	93	0.007437988084800957	1	1	90	120	0	7	+T
F1_BC61_191109_LF_LIB_consensus_vsearch	1467	C	*/-T	215	12	5.24%	2	2	93	93	2.103084529771467E-4	1	1	99	116	1	11	-T
F1_BC61_191109_LF_LIB_consensus_vsearch	1470	T	*/+C	209	7	3.06%	2	2	93	93	0.007436270701269745	1	1	85	124	3	4	+C
F1_BC61_191109_LF_LIB_consensus_vsearch	1470	T	*/-C	209	7	3.06%	2	1	93	93	0.007436270701269745	1	1	85	124	7	0	+C
F1_BC61_191109_LF_LIB_consensus_vsearch	1473	C	*/+G	186	15	6.55%	2	2	93	93	2.3272499024923496E-5	1	1	91	95	7	8	+G
F1_BC61_191109_LF_LIB_consensus_vsearch	1475	A	*/-G	205	16	7.17%	2	1	93	93	1.1515964001761286E-5	1	1	80	125	16	0	-G
F1_BC61_191109_LF_LIB_consensus_vsearch	1476	G	*/-AG	185	14	6.6%	2	2	93	93	4.8169731487453406E-5	1	1	67	118	7	7	-AG
F1_BC61_191109_LF_LIB_consensus_vsearch	1477	A	*/-G	191	8	3.9%	2	2	93	93	0.0036359507017874977	1	1	80	111	4	4	-G
F1_BC61_191109_LF_LIB_consensus_vsearch	1479	G	*/+A	211	9	4.05%	2	1	93	93	0.0017967787753331713	1	1	85	126	9	0	+A
F1_BC61_191109_LF_LIB_consensus_vsearch	1484	G	*/+A	206	8	3.57%	2	1	93	93	0.0036546013500883302	1	1	86	120	8	0	+A
F1_BC61_191109_LF_LIB_consensus_vsearch	1486	T	*/-A	211	7	3.06%	2	2	93	93	0.007439689863414905	1	1	91	120	6	1	-A
F1_BC61_191109_LF_LIB_consensus_vsearch	1489	T	*/+C	206	7	3.11%	2	2	93	93	0.007431022745174962	1	1	89	117	2	5	+C
F1_BC61_191109_LF_LIB_consensus_vsearch	1489	T	*/-C	206	10	4.44%	2	1	93	93	8.778898007284436E-4	1	1	89	117	10	0	-C
F1_BC61_191109_LF_LIB_consensus_vsearch	1496	A	*/-G	205	15	6.61%	2	2	93	93	2.384291138391124E-5	1	1	82	123	14	1	-G
F1_BC61_191109_LF_LIB_consensus_vsearch	1503	A	*/-T	215	7	3.11%	2	2	93	93	0.007446345105805389	1	1	97	118	1	6	-T
F1_BC61_191109_LF_LIB_consensus_vsearch	1506	G	*/-TG	216	8	3.51%	2	1	93	93	0.003665668526289429	1	1	99	117	0	8	-TG
F1_BC61_191109_LF_LIB_consensus_vsearch	1509	C	*/-T	201	7	3.18%	2	2	93	93	0.007421943123229272	1	1	91	110	5	2	-T
F1_BC61_191109_LF_LIB_consensus_vsearch	1510	T	*/+G	173	7	3.23%	2	2	93	93	0.007361883903780164	1	1	69	104	3	4	+G
F1_BC61_191109_LF_LIB_consensus_vsearch	1510	T	*/-G	173	31	14.29%	2	2	93	93	1.3568409128948386E-10	1	1	69	104	17	14	-G
F1_BC61_191109_LF_LIB_consensus_vsearch	1524	T	*/-G	199	22	9.73%	2	1	93	93	1.3761269103930465E-7	1	1	99	100	0	22	-G
F1_BC61_191109_LF_LIB_consensus_vsearch	1536	C	*/-G	216	8	3.51%	2	1	93	93	0.003665668526289429	1	1	100	116	0	8	-G
F1_BC61_191109_LF_LIB_consensus_vsearch	1544	T	*/+G	203	10	4.41%	2	2	93	93	8.765435124402236E-4	1	1	84	119	9	1	+G
F1_BC61_191109_LF_LIB_consensus_vsearch	1546	G	*/+A	212	7	3.11%	2	1	93	93	0.00744137624879223	1	1	89	123	7	0	+A
F1_BC61_191109_LF_LIB_consensus_vsearch	1547	A	*/+G	212	7	3.15%	2	1	93	93	0.00744137624879223	1	1	88	124	7	0	+G
F1_BC61_191109_LF_LIB_consensus_vsearch	1552	C	*/-T	202	11	4.87%	2	2	93	93	4.2773637746469634E-4	1	1	97	105	2	9	-T
F1_BC61_191109_LF_LIB_consensus_vsearch	1588	T	*/+C	58	150	66.37%	2	2	93	93	3.4186193570842894E-65	1	1	37	21	48	102	+C
F1_BC61_191109_LF_LIB_consensus_vsearch	1588	T	*/+CC	58	11	4.87%	2	2	93	93	3.1704315374231514E-4	1	1	37	21	9	2	+C
F1_BC61_191109_LF_LIB_consensus_vsearch	1591	T	*/+C	195	7	3.11%	2	1	93	93	0.007410460397262536	1	1	96	99	0	7	+C
F1_BC61_191109_LF_LIB_consensus_vsearch	1593	C	*/+T	209	7	3.14%	2	1	93	93	0.007436270701269745	1	1	98	111	0	7	+T
F1_BC61_191109_LF_LIB_consensus_vsearch	1595	C	*/-T	168	50	21.93%	2	2	93	93	3.70025722198237E-17	1	1	90	78	5	45	-T
F1_BC61_191109_LF_LIB_consensus_vsearch	1604	C	*/+A	66	22	9.82%	2	2	93	93	5.319888894535322E-8	1	1	38	28	2	20	+A
F1_BC61_191109_LF_LIB_consensus_vsearch	1604	C	*/+AC	66	126	56.25%	2	2	93	93	1.8358585242777345E-52	1	1	38	28	55	71	+AC
F1_BC61_191109_LF_LIB_consensus_vsearch	1605	C	*/+T	204	19	8.37%	2	1	93	93	1.2783751095611703E-6	1	1	98	106	0	19	+T
F1_BC61_191109_LF_LIB_consensus_vsearch	1606	G	*/-C	215	7	3.06%	2	2	93	93	0.007446345105805389	1	1	92	123	5	2	-C
F1_BC61_191109_LF_LIB_consensus_vsearch	1619	T	*/-C	206	7	3.14%	2	2	93	93	0.007431022745174962	1	1	94	112	3	4	-C
F1_BC61_191109_LF_LIB_consensus_vsearch	1621	C	*/+G	204	8	3.49%	2	1	93	93	0.0036522646351654408	1	1	100	104	0	8	+G
F1_BC61_191109_LF_LIB_consensus_vsearch	1621	C	*/+T	204	7	3.06%	2	1	93	93	0.007427442022474603	1	1	100	104	0	7	+G
F1_BC61_191109_LF_LIB_consensus_vsearch	1625	C	*/+A	215	9	3.96%	2	2	93	93	0.0017995100038167202	1	1	91	124	8	1	+A
F1_BC61_191109_LF_LIB_consensus_vsearch	1626	G	*/-A	217	8	3.49%	2	2	93	93	0.0036667219549938834	1	1	91	126	6	2	-A
F1_BC61_191109_LF_LIB_consensus_vsearch	1631	G	*/+C	212	10	4.37%	2	1	93	93	8.804765900705064E-4	1	1	98	114	0	10	+C
F1_BC61_191109_LF_LIB_consensus_vsearch	1633	T	*/+C	202	8	3.52%	2	1	93	93	0.0036498841327700354	1	1	87	115	8	0	+C
F1_BC61_191109_LF_LIB_consensus_vsearch	1633	T	*/-C	202	10	4.41%	2	1	93	93	8.760865562530377E-4	1	1	87	115	0	10	-C
F1_BC61_191109_LF_LIB_consensus_vsearch	1639	A	*/+G	68	61	27.11%	2	2	93	93	3.529266112017723E-23	1	1	52	16	23	38	+G
F1_BC61_191109_LF_LIB_consensus_vsearch	1639	A	*/+GG	68	77	34.22%	2	2	93	93	5.4246689295482535E-30	1	1	52	16	17	60	+GG
F1_BC61_191109_LF_LIB_consensus_vsearch	1639	A	*/-G	68	12	5.33%	2	2	93	93	1.5646941553972113E-4	1	1	52	16	5	7	+GG
F1_BC61_191109_LF_LIB_consensus_vsearch	1641	G	*/+A	216	9	3.96%	2	1	93	93	0.0018001779733764346	1	1	89	127	9	0	+A
F1_BC61_191109_LF_LIB_consensus_vsearch	1642	G	*/+AG	214	10	4.39%	2	1	93	93	8.813089995913842E-4	1	1	90	124	10	0	+AG
F1_BC61_191109_LF_LIB_consensus_vsearch	1644	A	*/-G	185	26	11.76%	2	2	93	93	6.561390566155701E-9	1	1	92	93	3	23	-G
F1_BC61_191109_LF_LIB_consensus_vsearch	1649	C	*/-T	209	7	3.1%	2	1	93	93	0.007436270701269745	1	1	99	110	0	7	-T
F1_BC61_191109_LF_LIB_consensus_vsearch	1651	C	*/+G	187	25	11.21%	2	2	93	93	1.4057802921912948E-8	1	1	95	92	2	23	+G
F1_BC61_191109_LF_LIB_consensus_vsearch	1658	C	*/+G	104	7	3.2%	2	2	93	93	0.007087006596374399	1	1	40	64	1	6	+G
F1_BC61_191109_LF_LIB_consensus_vsearch	1658	C	*/+GC	104	106	48.4%	2	2	93	93	1.7991970410220488E-40	1	1	40	64	51	55	+GC
F1_BC61_191109_LF_LIB_consensus_vsearch	1674	G	*/-A	217	10	4.39%	2	1	93	93	8.825309402840407E-4	1	1	90	127	10	0	-A
F1_BC61_191109_LF_LIB_consensus_vsearch	1678	C	*/-G	192	19	8.41%	2	2	93	93	1.2482898133299926E-6	1	1	91	101	4	15	-G
F1_BC61_191109_LF_LIB_consensus_vsearch	1681	G	*/+A	193	15	6.55%	2	1	93	93	2.349357883668848E-5	1	1	67	126	15	0	+A
F1_BC61_191109_LF_LIB_consensus_vsearch	1683	C	*/+A	202	12	5.31%	2	2	93	93	2.0835870377678545E-4	1	1	91	111	1	11	+A
F1_BC61_191109_LF_LIB_consensus_vsearch	1688	A	*/-C	206	7	3.12%	2	2	93	93	0.007431022745174962	1	1	86	120	1	6	-C
F1_BC61_191109_LF_LIB_consensus_vsearch	1690	C	*/-T	202	18	7.93%	2	2	93	93	2.655487106225235E-6	1	1	92	110	5	13	-T
F1_BC61_191109_LF_LIB_consensus_vsearch	1704	A	*/+T	211	8	3.51%	2	2	93	93	0.0036602593149509337	1	1	92	119	6	2	+T
F1_BC61_191109_LF_LIB_consensus_vsearch	1708	A	*/+G	201	8	3.65%	2	1	93	93	0.003648677074969142	1	1	87	114	0	8	+G
F1_BC61_191109_LF_LIB_consensus_vsearch	1710	A	*/-G	197	8	3.65%	2	2	93	93	0.003643733038795537	1	1	74	123	7	1	-G
F1_BC61_191109_LF_LIB_consensus_vsearch	1712	G	*/+A	206	9	4.04%	2	1	93	93	0.001793225137980622	1	1	81	125	9	0	+A
F1_BC61_191109_LF_LIB_consensus_vsearch	1712	G	*/-A	206	7	3.14%	2	2	93	93	0.007431022745174962	1	1	81	125	5	2	+A
F1_BC61_191109_LF_LIB_consensus_vsearch	1715	G	*/-TA	204	7	3.12%	2	1	93	93	0.007427442022474603	1	1	90	114	0	7	-TA
F1_BC61_191109_LF_LIB_consensus_vsearch	1728	C	*/+A	196	10	4.44%	2	1	93	93	8.7325475503958E-4	1	1	85	111	10	0	+A
F1_BC61_191109_LF_LIB_consensus_vsearch	1735	T	*/-C	213	13	5.68%	2	2	93	93	1.0221711622714382E-4	1	1	98	115	2	11	-C
F1_BC61_191109_LF_LIB_consensus_vsearch	1752	G	*/+TG	214	7	3.14%	2	1	93	93	0.007444703667648697	1	1	100	114	0	7	+TG
F1_BC61_191109_LF_LIB_consensus_vsearch	1765	T	*/-A	202	7	3.12%	2	1	93	93	0.007423793454516522	1	1	89	113	7	0	-A
F1_BC61_191109_LF_LIB_consensus_vsearch	1772	C	*/-T	207	15	6.55%	2	2	93	93	2.3897801371672697E-5	1	1	97	110	2	13	-T
F1_BC61_191109_LF_LIB_consensus_vsearch	1785	T	*/-C	215	8	3.54%	2	1	93	93	0.0036646057936482192	1	1	98	117	0	8	-C
F1_BC61_191109_LF_LIB_consensus_vsearch	1796	C	*/-T	211	8	3.54%	2	1	93	93	0.0036602593149509337	1	1	98	113	0	8	-T
F1_BC61_191109_LF_LIB_consensus_vsearch	1798	C	*/-G	178	18	8.11%	2	2	93	93	2.5349365835156024E-6	1	1	94	84	2	16	-G
F1_BC61_191109_LF_LIB_consensus_vsearch	1798	C	*/-GG	178	22	9.91%	2	1	93	93	1.294631979695753E-7	1	1	94	84	0	22	-GG
F1_BC61_191109_LF_LIB_consensus_vsearch	1806	T	*/-A	208	11	4.85%	2	2	93	93	4.293291473235971E-4	1	1	91	117	4	7	-A
F1_BC61_191109_LF_LIB_consensus_vsearch	1820	C	*/-G	201	20	8.85%	2	2	93	93	6.081727839654859E-7	1	1	83	118	14	6	-G
F1_BC61_191109_LF_LIB_consensus_vsearch	1826	T	*/-A	209	15	6.58%	2	1	93	93	2.3951800712612044E-5	1	1	99	110	0	15	-A
F1_BC61_191109_LF_LIB_consensus_vsearch	1831	G	*/-A	213	9	3.96%	2	2	93	93	0.0017981564163397133	1	1	89	124	7	2	-A
F1_BC61_191109_LF_LIB_consensus_vsearch	1832	A	*/-C	99	95	43.98%	2	2	93	93	4.74358862147772E-36	1	1	67	32	9	86	-C
F1_BC61_191109_LF_LIB_consensus_vsearch	1832	A	*/-CC	99	10	4.63%	2	2	93	93	7.869290767202031E-4	1	1	67	32	5	5	-C
F1_BC61_191109_LF_LIB_consensus_vsearch	1844	G	*/-A	217	7	3.06%	2	1	93	93	0.007449584424390529	1	1	90	127	7	0	-A
F1_BC61_191109_LF_LIB_consensus_vsearch	1845	A	*/-G	194	22	10%	2	1	93	93	1.357809470111312E-7	1	1	67	127	22	0	-G
F1_BC61_191109_LF_LIB_consensus_vsearch	1872	C	*/+T	215	7	3.12%	2	1	93	93	0.007446345105805389	1	1	98	117	0	7	+T
F1_BC61_191109_LF_LIB_consensus_vsearch	1875	C	*/-T	195	26	11.35%	2	2	93	93	6.825326034146069E-9	1	1	100	95	1	25	-T
F1_BC61_191109_LF_LIB_consensus_vsearch	1878	T	*/-G	181	35	15.35%	2	2	93	93	6.5021459351427536E-12	1	1	88	93	5	30	-G
F1_BC61_191109_LF_LIB_consensus_vsearch	1883	G	+C/+C	3	183	80.26%	2	2	93	93	2.784677432669435E-105	1	1	1	2	73	110	+C
F1_BC61_191109_LF_LIB_consensus_vsearch	1883	G	*/+CA	3	6	2.63%	2	1	93	93	0.004524886877828076	1	1	1	2	0	6	+C
F1_BC61_191109_LF_LIB_consensus_vsearch	1883	G	*/-A	3	16	7.02%	2	2	93	93	4.3570193978860627E-8	1	1	1	2	15	1	-A
F1_BC61_191109_LF_LIB_consensus_vsearch	1890	T	*/-A	209	11	4.8%	2	1	93	93	4.2958650804029443E-4	1	1	84	125	11	0	-A
F1_BC61_191109_LF_LIB_consensus_vsearch	1907	T	*/-G	203	12	5.24%	2	1	93	93	2.0851661109317314E-4	1	1	98	105	0	12	-G
F1_BC61_191109_LF_LIB_consensus_vsearch	1931	C	*/-T	217	7	3.07%	2	2	93	93	0.007449584424390529	1	1	97	120	1	6	-T
F1_BC61_191109_LF_LIB_consensus_vsearch	1935	C	*/-T	202	19	8.44%	2	2	93	93	1.273549938699874E-6	1	1	98	104	2	17	-T
F1_BC61_191109_LF_LIB_consensus_vsearch	1955	T	*/-C	185	28	12.5%	2	2	93	93	1.4417175327440286E-9	1	1	73	112	21	7	-C
F1_BC61_191109_LF_LIB_consensus_vsearch	1958	C	*/+T	194	14	6.14%	2	1	93	93	4.868257057911772E-5	1	1	92	102	0	14	+T
F1_BC61_191109_LF_LIB_consensus_vsearch	1958	C	*/-T	194	11	4.82%	2	2	93	93	4.2547401580496607E-4	1	1	92	102	4	7	+T
F1_BC61_191109_LF_LIB_consensus_vsearch	1963	C	*/-AC	199	19	8.3%	2	2	93	93	1.266174101535565E-6	1	1	82	117	18	1	-AC
F1_BC61_191109_LF_LIB_consensus_vsearch	1987	C	*/-A	203	10	4.41%	2	2	93	93	8.765435124402236E-4	1	1	96	107	2	8	-A
F1_BC61_191109_LF_LIB_consensus_vsearch	2006	G	*/-TG	212	10	4.41%	2	1	93	93	8.804765900705064E-4	1	1	97	115	0	10	-TG
F1_BC61_191109_LF_LIB_consensus_vsearch	2018	T	*/+C	215	9	3.95%	2	1	93	93	0.0017995100038167202	1	1	89	126	9	0	+C
F1_BC61_191109_LF_LIB_consensus_vsearch	2041	C	*/-G	197	7	3.08%	2	2	93	93	0.007414362253072604	1	1	85	112	6	1	-G
F1_BC61_191109_LF_LIB_consensus_vsearch	2066	G	*/-C	179	33	14.73%	2	1	93	93	3.0173209983986354E-11	1	1	55	124	33	0	-C
F1_BC61_191109_LF_LIB_consensus_vsearch	2073	T	*/-C	213	8	3.56%	2	1	93	93	0.0036624519192641563	1	1	90	123	8	0	-C
F1_BC61_191109_LF_LIB_consensus_vsearch	2087	G	*/+C	56	145	64.44%	2	2	93	93	4.7616724831390457E-63	1	1	23	33	63	82	+C
F1_BC61_191109_LF_LIB_consensus_vsearch	2087	G	*/-C	56	8	3.56%	2	2	93	93	0.003095864276791816	1	1	23	33	5	3	+C
F1_BC61_191109_LF_LIB_consensus_vsearch	2090	C	*/+T	73	125	54.59%	2	2	93	93	3.151813219772175E-51	1	1	14	59	57	68	+T
F1_BC61_191109_LF_LIB_consensus_vsearch	2090	C	*/-T	73	14	6.11%	2	1	93	93	3.459841454875879E-5	1	1	14	59	14	0	+T
F1_BC61_191109_LF_LIB_consensus_vsearch	2107	T	*/-C	203	12	5.29%	2	2	93	93	2.0851661109317314E-4	1	1	98	105	1	11	-C
F1_BC61_191109_LF_LIB_consensus_vsearch	2112	C	*/+A	25	18	7.89%	2	2	93	93	3.987103851273295E-7	1	1	18	7	17	1	+A
F1_BC61_191109_LF_LIB_consensus_vsearch	2112	C	*/+G	25	149	65.35%	2	2	93	93	1.614485408055809E-72	1	1	18	7	49	100	+G
F1_BC61_191109_LF_LIB_consensus_vsearch	2112	C	*/+GG	25	7	3.07%	2	2	93	93	0.005418171714365526	1	1	18	7	4	3	+G
F1_BC61_191109_LF_LIB_consensus_vsearch	2112	C	*/-G	25	13	5.7%	2	2	93	93	3.545572726089975E-5	1	1	18	7	2	11	-G
F1_BC61_191109_LF_LIB_consensus_vsearch	2118	C	*/+T	192	22	9.78%	2	2	93	93	1.3503013098022896E-7	1	1	94	98	2	20	+T
F1_BC61_191109_LF_LIB_consensus_vsearch	2121	T	*/-C	214	13	5.68%	2	1	93	93	1.0229936061105097E-4	1	1	100	114	0	13	-C
F1_BC61_191109_LF_LIB_consensus_vsearch	2123	C	*/-T	168	40	17.54%	2	1	93	93	1.1413283517690633E-13	1	1	98	70	0	40	-T
F1_BC61_191109_LF_LIB_consensus_vsearch	2123	C	*/-TT	168	17	7.46%	2	1	93	93	5.192137088615319E-6	1	1	98	70	0	17	-T
F1_BC61_191109_LF_LIB_consensus_vsearch	2129	G	*/-A	211	7	3.06%	2	2	93	93	0.007439689863414905	1	1	89	122	5	2	-A
F1_BC61_191109_LF_LIB_consensus_vsearch	2134	A	*/-C	204	10	4.55%	2	2	93	93	8.769963348909129E-4	1	1	82	122	7	3	-C
F1_BC61_191109_LF_LIB_consensus_vsearch	2135	C	*/+T	197	16	7.34%	2	2	93	93	1.1390278653101552E-5	1	1	90	107	1	15	+T
F1_BC61_191109_LF_LIB_consensus_vsearch	2137	C	*/+G	170	12	5.26%	2	2	93	93	2.024468861085566E-4	1	1	92	78	1	11	+G
F1_BC61_191109_LF_LIB_consensus_vsearch	2138	G	*/-A	214	10	4.39%	2	2	93	93	8.813089995913842E-4	1	1	90	124	9	1	-A
F1_BC61_191109_LF_LIB_consensus_vsearch	2140	G	*/+C	203	13	5.75%	2	1	93	93	1.0135552209744578E-4	1	1	95	108	0	13	+C
F1_BC61_191109_LF_LIB_consensus_vsearch	2141	C	*/-T	216	8	3.52%	2	2	93	93	0.003665668526289429	1	1	97	119	3	5	-T
F1_BC61_191109_LF_LIB_consensus_vsearch	2142	T	*/-C	197	14	6.33%	2	1	93	93	4.8844590491071155E-5	1	1	94	103	0	14	-C
F1_BC61_191109_LF_LIB_consensus_vsearch	2143	C	*/-G	178	28	13.02%	2	2	93	93	1.3926549242027516E-9	1	1	78	100	15	13	-G
F1_BC61_191109_LF_LIB_consensus_vsearch	2145	G	*/+A	198	14	6.22%	2	1	93	93	4.8897660884513865E-5	1	1	71	127	14	0	+A
F1_BC61_191109_LF_LIB_consensus_vsearch	2145	G	*/-A	198	7	3.11%	2	1	93	93	0.007416284922397948	1	1	71	127	7	0	+A
F1_BC61_191109_LF_LIB_consensus_vsearch	2162	T	*/-G	209	11	4.87%	2	1	93	93	4.2958650804029443E-4	1	1	99	110	0	11	-G
F1_BC61_191109_LF_LIB_consensus_vsearch	2174	T	*/-C	195	21	9.33%	2	1	93	93	2.8618445754659307E-7	1	1	98	97	0	21	-C
F1_BC61_191109_LF_LIB_consensus_vsearch	2175	C	*/+T	177	9	4.5%	2	1	93	93	0.0017689474455757383	1	1	96	81	0	9	+T
F1_BC61_191109_LF_LIB_consensus_vsearch	2175	C	*/-T	177	12	6%	2	2	93	93	2.0390075187582733E-4	1	1	96	81	2	10	-T
F1_BC61_191109_LF_LIB_consensus_vsearch	2202	T	*/-G	214	7	3.08%	2	2	93	93	0.007444703667648697	1	1	92	122	5	2	-G
F1_BC61_191109_LF_LIB_consensus_vsearch	2208	C	*/+T	203	14	6.17%	2	1	93	93	4.915625783020227E-5	1	1	100	103	0	14	+T
F1_BC61_191109_LF_LIB_consensus_vsearch	2210	C	*/-T	208	7	3.11%	2	2	93	93	0.007434537497224064	1	1	99	109	1	6	-T
F1_BC61_191109_LF_LIB_consensus_vsearch	2215	G	*/+C	213	8	3.57%	2	2	93	93	0.0036624519192641563	1	1	97	116	2	6	+C
F1_BC61_191109_LF_LIB_consensus_vsearch	2224	T	*/-G	195	16	7.24%	2	2	93	93	1.1357537987418757E-5	1	1	88	107	7	9	-G
F1_BC61_191109_LF_LIB_consensus_vsearch	2226	G	*/-A	210	8	3.6%	2	2	93	93	0.0036591481612605	1	1	93	117	6	2	-A
F1_BC61_191109_LF_LIB_consensus_vsearch	2229	T	*/+C	80	146	64.32%	2	2	93	93	2.6917760927679993E-60	1	1	24	56	76	70	+C
F1_BC61_191109_LF_LIB_consensus_vsearch	2230	C	*/+G	216	8	3.52%	2	1	93	93	0.003665668526289429	1	1	90	126	8	0	+G
F1_BC61_191109_LF_LIB_consensus_vsearch	2238	C	*/-T	211	7	3.1%	2	2	93	93	0.007439689863414905	1	1	88	123	5	2	-T
F1_BC61_191109_LF_LIB_consensus_vsearch	2238	C	*/-TT	211	7	3.1%	2	1	93	93	0.007439689863414905	1	1	88	123	7	0	-T
F1_BC61_191109_LF_LIB_consensus_vsearch	2242	A	*/-G	204	17	7.62%	2	1	93	93	5.541719766097385E-6	1	1	79	125	17	0	-G
F1_BC61_191109_LF_LIB_consensus_vsearch	2247	C	*/-GC	191	26	11.56%	2	2	93	93	6.7216213593145134E-9	1	1	73	118	22	4	-GC
F1_BC61_191109_LF_LIB_consensus_vsearch	2249	C	*/+T	178	8	4.02%	2	1	93	93	0.0036173981471315664	1	1	67	111	0	8	+T
F1_BC61_191109_LF_LIB_consensus_vsearch	2251	T	*/+CT	212	8	3.51%	2	1	93	93	0.003661360523321731	1	1	98	114	0	8	+CT
F1_BC61_191109_LF_LIB_consensus_vsearch	2262	T	*/-G	212	13	5.7%	2	2	93	93	1.0213418662308634E-4	1	1	96	116	4	9	-G
F1_BC61_191109_LF_LIB_consensus_vsearch	2265	G	*/+C	194	15	6.58%	2	1	93	93	2.3524071874557613E-5	1	1	98	96	0	15	+C
F1_BC61_191109_LF_LIB_consensus_vsearch	2267	T	*/-C	195	24	10.62%	2	2	93	93	3.0615762161336064E-8	1	1	95	100	2	22	-C
F1_BC61_191109_LF_LIB_consensus_vsearch	2273	C	*/-A	204	18	7.96%	2	2	93	93	2.6645289168846238E-6	1	1	80	124	17	1	-A
F1_BC61_191109_LF_LIB_consensus_vsearch	2274	A	*/-C	189	11	5.24%	2	2	93	93	4.239722735294379E-4	1	1	75	114	2	9	-C
F1_BC61_191109_LF_LIB_consensus_vsearch	2276	C	*/-A	210	10	4.39%	2	2	93	93	8.796295164637225E-4	1	1	92	118	6	4	-A
F1_BC61_191109_LF_LIB_consensus_vsearch	2286	T	*/+C	213	7	3.08%	2	1	93	93	0.007443047448823043	1	1	89	124	7	0	+C
F1_BC61_191109_LF_LIB_consensus_vsearch	2292	T	*/-G	202	21	9.25%	2	2	93	93	2.9103621750809095E-7	1	1	98	104	1	20	-G
F1_BC61_191109_LF_LIB_consensus_vsearch	2307	C	*/+A	215	7	3.07%	2	1	93	93	0.007446345105805389	1	1	98	117	0	7	+A
F1_BC61_191109_LF_LIB_consensus_vsearch	2310	C	*/-GC	208	11	4.87%	2	1	93	93	4.293291473235971E-4	1	1	83	125	11	0	-GC
F1_BC61_191109_LF_LIB_consensus_vsearch	2323	T	*/+G	161	8	3.49%	2	2	93	93	0.0035889176506417294	1	1	87	74	2	6	+G
F1_BC61_191109_LF_LIB_consensus_vsearch	2323	T	*/-G	161	41	17.9%	2	2	93	93	4.7427893906649993E-14	1	1	87	74	8	33	-G
F1_BC61_191109_LF_LIB_consensus_vsearch	2323	T	*/-GG	161	10	4.37%	2	2	93	93	8.529341483590452E-4	1	1	87	74	2	8	-G
F1_BC61_191109_LF_LIB_consensus_vsearch	2328	T	*/-A	198	7	3.12%	2	2	93	93	0.007416284922397948	1	1	97	101	1	6	-A
F1_BC61_191109_LF_LIB_consensus_vsearch	2329	A	*/+G	187	21	9.72%	2	1	93	93	2.8032918471012836E-7	1	1	97	90	0	21	+G
F1_BC61_191109_LF_LIB_consensus_vsearch	2335	A	*/+C	200	9	4%	2	1	93	93	0.0017887416879729845	1	1	80	120	9	0	+C
F1_BC61_191109_LF_LIB_consensus_vsearch	2335	A	*/-C	200	7	3.11%	2	2	93	93	0.007420075094973923	1	1	80	120	4	3	+C
F1_BC61_191109_LF_LIB_consensus_vsearch	2341	T	*/+G	178	7	3.17%	2	1	93	93	0.007373926992228167	1	1	91	87	7	0	+G
F1_BC61_191109_LF_LIB_consensus_vsearch	2342	A	*/-G	204	9	4.07%	2	2	93	93	0.0017917580621936403	1	1	93	111	7	2	-G
F1_BC61_191109_LF_LIB_consensus_vsearch	2349	A	*/-G	215	7	3.08%	2	2	93	93	0.007446345105805389	1	1	100	115	1	6	-G
F1_BC61_191109_LF_LIB_consensus_vsearch	2366	A	*/-G	206	15	6.61%	2	2	93	93	2.3870469071571428E-5	1	1	87	119	9	6	-G
F1_BC61_191109_LF_LIB_consensus_vsearch	2368	G	*/-A	189	22	9.69%	2	2	93	93	1.3388383735158294E-7	1	1	74	115	14	8	-A
F1_BC61_191109_LF_LIB_consensus_vsearch	2377	C	*/-T	207	10	4.46%	2	2	93	93	8.783305527122537E-4	1	1	81	126	9	1	-T
F1_BC61_191109_LF_LIB_consensus_vsearch	2380	A	*/-C	210	13	5.68%	2	2	93	93	1.0196623731956113E-4	1	1	85	125	11	2	-C
F1_BC61_191109_LF_LIB_consensus_vsearch	2385	G	+A/+A	8	194	85.09%	2	2	93	93	5.0006578847841596E-107	1	1	6	2	90	104	+A
F1_BC61_191109_LF_LIB_consensus_vsearch	2387	T	*/-C	107	105	46.67%	2	2	93	93	6.788784663183206E-40	1	1	53	54	42	63	-C
F1_BC61_191109_LF_LIB_consensus_vsearch	2397	A	*/+T	217	8	3.51%	2	1	93	93	0.0036667219549938834	1	1	99	118	0	8	+T
F1_BC61_191109_LF_LIB_consensus_vsearch	2401	C	*/+A	188	13	5.7%	2	2	93	93	9.991366545768514E-5	1	1	75	113	12	1	+A
F1_BC61_191109_LF_LIB_consensus_vsearch	2401	C	*/-G	188	12	5.26%	2	2	93	93	2.059916701724999E-4	1	1	75	113	11	1	+A
F1_BC61_191109_LF_LIB_consensus_vsearch	2404	G	*/-T	211	9	3.96%	2	1	93	93	0.0017967787753331713	1	1	98	113	0	9	-T
F1_BC61_191109_LF_LIB_consensus_vsearch	2409	G	*/-CG	197	14	6.22%	2	2	93	93	4.8844590491071155E-5	1	1	91	106	1	13	-CG
F1_BC61_191109_LF_LIB_consensus_vsearch	2410	C	*/-G	168	28	13.59%	2	2	93	93	1.3193299226492842E-9	1	1	93	75	3	25	-G
F1_BC61_191109_LF_LIB_consensus_vsearch	2414	A	*/-C	206	21	9.17%	2	2	93	93	2.937021083806429E-7	1	1	85	121	15	6	-C
F1_BC61_191109_LF_LIB_consensus_vsearch	2421	C	*/-A	219	7	3.07%	2	2	93	93	0.007452766938834958	1	1	100	119	1	6	-A
F1_BC61_191109_LF_LIB_consensus_vsearch	2427	G	*/-TG	199	22	9.73%	2	2	93	93	1.3761269103930465E-7	1	1	84	115	13	9	-TG
F1_BC61_191109_LF_LIB_consensus_vsearch	2433	C	*/-T	216	9	3.96%	2	2	93	93	0.0018001779733764346	1	1	98	118	3	6	-T
F1_BC61_191109_LF_LIB_consensus_vsearch	2439	T	*/-G	174	31	13.66%	2	2	93	93	1.3657065372720783E-10	1	1	83	91	5	26	-G
F1_BC61_191109_LF_LIB_consensus_vsearch	2444	T	*/+A	191	17	7.49%	2	2	93	93	5.427543998578852E-6	1	1	94	97	1	16	+A
F1_BC61_191109_LF_LIB_consensus_vsearch	2448	C	*/+T	206	10	4.46%	2	1	93	93	8.778898007284436E-4	1	1	94	112	0	10	+T
F1_BC61_191109_LF_LIB_consensus_vsearch	2454	T	*/-C	200	16	7.14%	2	1	93	93	1.1438379994950568E-5	1	1	81	119	16	0	-C
F1_BC61_191109_LF_LIB_consensus_vsearch	2456	C	*/+G	208	11	4.82%	2	2	93	93	4.293291473235971E-4	1	1	95	113	1	10	+G
F1_BC61_191109_LF_LIB_consensus_vsearch	2461	T	*/+A	213	9	3.95%	2	1	93	93	0.0017981564163397133	1	1	90	123	9	0	+A
F1_BC61_191109_LF_LIB_consensus_vsearch	2465	C	*/+A	207	11	4.89%	2	1	93	93	4.2906952287648286E-4	1	1	96	111	0	11	+A
F1_BC61_191109_LF_LIB_consensus_vsearch	2479	C	*/+T	204	17	7.52%	2	1	93	93	5.541719766097385E-6	1	1	101	103	0	17	+T
F1_BC61_191109_LF_LIB_consensus_vsearch	2500	T	*/-G	199	14	6.25%	2	2	93	93	4.8950273206615416E-5	1	1	91	108	8	6	-G
F1_BC61_191109_LF_LIB_consensus_vsearch	2511	T	*/+G	206	8	3.52%	2	1	93	93	0.0036546013500883302	1	1	98	108	0	8	+G
F1_BC61_191109_LF_LIB_consensus_vsearch	2512	G	*/-A	207	7	3.12%	2	2	93	93	0.007432788253078562	1	1	90	117	3	4	-A
F1_BC61_191109_LF_LIB_consensus_vsearch	2524	C	*/-TC	209	8	3.57%	2	1	93	93	0.003658026926953576	1	1	96	113	0	8	-TC
F1_BC61_191109_LF_LIB_consensus_vsearch	2529	A	*/-G	176	48	21.24%	2	2	93	93	2.1110432242782754E-16	1	1	57	119	40	8	-G
F1_BC61_191109_LF_LIB_consensus_vsearch	2537	A	*/-G	204	17	7.49%	2	1	93	93	5.541719766097385E-6	1	1	79	125	17	0	-G
F1_BC61_191109_LF_LIB_consensus_vsearch	2566	C	*/-A	162	63	27.63%	2	2	93	93	6.865623755271718E-22	1	1	94	68	5	58	-A
F1_BC61_191109_LF_LIB_consensus_vsearch	2569	T	*/+C	154	14	6.25%	2	1	93	93	4.602560235661552E-5	1	1	95	59	0	14	+C
F1_BC61_191109_LF_LIB_consensus_vsearch	2578	C	*/-T	187	25	10.92%	2	1	93	93	1.4057802921912948E-8	1	1	101	86	0	25	-T
F1_BC61_191109_LF_LIB_consensus_vsearch	2578	C	*/-TC	187	12	5.24%	2	1	93	93	2.0581058583041666E-4	1	1	101	86	0	12	-T
F1_BC61_191109_LF_LIB_consensus_vsearch	2583	C	*/+G	214	7	3.11%	2	1	93	93	0.007444703667648697	1	1	98	116	0	7	+G
F1_BC61_191109_LF_LIB_consensus_vsearch	2594	G	*/+T	200	16	7.05%	2	2	93	93	1.1438379994950568E-5	1	1	81	119	14	2	+T
F1_BC61_191109_LF_LIB_consensus_vsearch	2611	C	*/-A	211	9	3.95%	2	2	93	93	0.0017967787753331713	1	1	94	117	2	7	-A
F1_BC61_191109_LF_LIB_consensus_vsearch	2615	T	*/+G	191	11	4.98%	2	2	93	93	4.245814926811591E-4	1	1	95	96	2	9	+G
F1_BC61_191109_LF_LIB_consensus_vsearch	2615	T	*/-G	191	10	4.52%	2	2	93	93	8.707701860076834E-4	1	1	95	96	3	7	+G
F1_BC61_191109_LF_LIB_consensus_vsearch	2618	G	*/-AG	218	7	3.06%	2	2	93	93	0.007451182688346346	1	1	94	124	6	1	-AG
F1_BC61_191109_LF_LIB_consensus_vsearch	2619	A	*/-G	206	8	3.64%	2	2	93	93	0.0036546013500883302	1	1	88	118	6	2	-G
F1_BC61_191109_LF_LIB_consensus_vsearch	2629	C	*/-T	204	16	7.05%	2	2	93	93	1.1500698432241858E-5	1	1	97	107	1	15	-T
F1_BC61_191109_LF_LIB_consensus_vsearch	2632	C	*/-T	210	10	4.42%	2	2	93	93	8.796295164637225E-4	1	1	96	114	3	7	-T
F1_BC61_191109_LF_LIB_consensus_vsearch	2633	T	*/-A	194	9	4.23%	2	2	93	93	0.0017839997252666491	1	1	87	107	4	5	-A
F1_BC61_191109_LF_LIB_consensus_vsearch	2652	G	*/-TG	207	12	5.29%	2	1	93	93	2.091345729349345E-4	1	1	93	114	0	12	-TG
F1_BC61_191109_LF_LIB_consensus_vsearch	2663	C	*/+A	217	8	3.54%	2	1	93	93	0.0036667219549938834	1	1	100	117	0	8	+A
F1_BC61_191109_LF_LIB_consensus_vsearch	2666	A	*/-CA	201	18	7.86%	2	2	93	93	2.6509133703959145E-6	1	1	93	108	3	15	-CA
F1_BC61_191109_LF_LIB_consensus_vsearch	2678	A	*/+G	70	118	52.91%	2	2	93	93	2.7831246424514184E-48	1	1	45	25	26	92	+G
F1_BC61_191109_LF_LIB_consensus_vsearch	2678	A	*/+GG	70	16	7.17%	2	2	93	93	7.079003966829815E-6	1	1	45	25	12	4	+G
F1_BC61_191109_LF_LIB_consensus_vsearch	2678	A	*/-G	70	14	6.28%	2	2	93	93	3.3842206060783575E-5	1	1	45	25	12	2	+G
F1_BC61_191109_LF_LIB_consensus_vsearch	2680	G	*/-A	208	16	7.02%	2	2	93	93	1.1561030828960615E-5	1	1	84	124	14	2	-A
F1_BC61_191109_LF_LIB_consensus_vsearch	2687	G	*/+A	192	10	4.39%	2	2	93	93	8.712766047726398E-4	1	1	87	105	4	6	+A
F1_BC61_191109_LF_LIB_consensus_vsearch	2687	G	*/-A	192	17	7.46%	2	2	93	93	5.4367634478171795E-6	1	1	87	105	5	12	-A
F1_BC61_191109_LF_LIB_consensus_vsearch	2691	A	*/-G	217	7	3.07%	2	2	93	93	0.007449584424390529	1	1	92	125	6	1	-G
F1_BC61_191109_LF_LIB_consensus_vsearch	2693	C	*/+A	213	9	3.95%	2	1	93	93	0.0017981564163397133	1	1	98	115	0	9	+A
F1_BC61_191109_LF_LIB_consensus_vsearch	2700	G	*/+A	92	125	54.59%	2	2	93	93	1.521553136543926E-49	1	1	16	76	84	41	+A
F1_BC61_191109_LF_LIB_consensus_vsearch	2707	G	*/+A	203	8	3.49%	2	1	93	93	0.0036510799339400076	1	1	79	124	8	0	+A
F1_BC61_191109_LF_LIB_consensus_vsearch	2722	G	*/-A	187	7	3.21%	2	1	93	93	0.007394057154213738	1	1	69	118	7	0	-A
F1_BC61_191109_LF_LIB_consensus_vsearch	2722	G	*/-AAA	187	12	5.5%	2	1	93	93	2.0581058583041666E-4	1	1	69	118	12	0	-AAA
F1_BC61_191109_LF_LIB_consensus_vsearch	2731	T	*/-C	200	16	7.02%	2	2	93	93	1.1438379994950568E-5	1	1	82	118	14	2	-C
F1_BC61_191109_LF_LIB_consensus_vsearch	2733	C	*/-G	202	10	4.5%	2	1	93	93	8.760865562530377E-4	1	1	98	104	0	10	-G
F1_BC61_191109_LF_LIB_consensus_vsearch	2740	A	*/+G	190	15	6.55%	2	1	93	93	2.3400493517599244E-5	1	1	97	93	0	15	+G
F1_BC61_191109_LF_LIB_consensus_vsearch	2744	C	*/+T	210	7	3.08%	2	1	93	93	0.007437988084800957	1	1	97	113	0	7	+T
F1_BC61_191109_LF_LIB_consensus_vsearch	2748	C	*/-G	209	9	4%	2	2	93	93	0.0017953764342624938	1	1	90	119	6	3	-G
F1_BC61_191109_LF_LIB_consensus_vsearch	2755	T	*/-G	211	9	3.95%	2	2	93	93	0.0017967787753331713	1	1	95	116	4	5	-G
F1_BC61_191109_LF_LIB_consensus_vsearch	2760	C	*/-T	204	15	6.67%	2	1	93	93	2.3815125527116474E-5	1	1	98	106	0	15	-T
F1_BC61_191109_LF_LIB_consensus_vsearch	2762	C	*/-T	180	28	12.61%	2	2	93	93	1.4068589834878034E-9	1	1	97	83	1	27	-T
F1_BC61_191109_LF_LIB_consensus_vsearch	2770	G	*/-TG	206	12	5.29%	2	1	93	93	2.089820970245861E-4	1	1	101	105	0	12	-TG
F1_BC61_191109_LF_LIB_consensus_vsearch	2771	T	*/-G	194	7	3.27%	2	2	93	93	0.007408480654387502	1	1	97	97	3	4	-G
F1_BC61_191109_LF_LIB_consensus_vsearch	2773	C	*/-T	175	17	7.66%	2	2	93	93	5.268874801705308E-6	1	1	80	95	6	11	-T
F1_BC61_191109_LF_LIB_consensus_vsearch	2773	C	*/-TT	175	11	4.95%	2	2	93	93	4.1935871135675344E-4	1	1	80	95	10	1	-T
F1_BC61_191109_LF_LIB_consensus_vsearch	2777	A	*/-G	210	7	3.11%	2	1	93	93	0.007437988084800957	1	1	95	115	0	7	-G
F1_BC61_191109_LF_LIB_consensus_vsearch	2783	A	*/-C	213	7	3.07%	2	2	93	93	0.007443047448823043	1	1	93	120	1	6	-C
F1_BC61_191109_LF_LIB_consensus_vsearch	2784	C	*/+T	210	7	3.15%	2	1	93	93	0.007437988084800957	1	1	98	112	0	7	+T
F1_BC61_191109_LF_LIB_consensus_vsearch	2786	C	*/-T	201	14	6.11%	2	2	93	93	4.905414704302361E-5	1	1	93	108	2	12	-T
F1_BC61_191109_LF_LIB_consensus_vsearch	2788	T	*/-G	169	40	18.02%	2	2	93	93	1.1539606522861983E-13	1	1	81	88	2	38	-G
F1_BC61_191109_LF_LIB_consensus_vsearch	2790	G	*/-A	207	18	7.89%	2	1	93	93	2.677833421406879E-6	1	1	81	126	18	0	-A
F1_BC61_191109_LF_LIB_consensus_vsearch	2792	G	*/-A	211	8	3.59%	2	1	93	93	0.0036602593149509337	1	1	86	125	8	0	-A
F1_BC61_191109_LF_LIB_consensus_vsearch	2796	G	*/-C	191	14	6.14%	2	1	93	93	4.85162064553485E-5	1	1	64	127	14	0	-C
F1_BC61_191109_LF_LIB_consensus_vsearch	2797	C	*/+T	195	12	5.66%	2	1	93	93	2.0721299272133376E-4	1	1	81	114	0	12	+T
F1_BC61_191109_LF_LIB_consensus_vsearch	2802	G	*/-CG	214	8	3.51%	2	2	93	93	0.003663533633296164	1	1	94	120	5	3	-CG
F1_BC61_191109_LF_LIB_consensus_vsearch	2803	C	*/-G	200	12	5.53%	2	1	93	93	2.0803866112796158E-4	1	1	93	107	0	12	-G
F1_BC61_191109_LF_LIB_consensus_vsearch	2805	G	*/+A	213	10	4.42%	2	1	93	93	8.808946039600796E-4	1	1	89	124	10	0	+A
F1_BC61_191109_LF_LIB_consensus_vsearch	2814	T	*/+G	185	7	3.07%	2	2	93	93	0.007389745092191117	1	1	94	91	3	4	+G
F1_BC61_191109_LF_LIB_consensus_vsearch	2814	T	*/-G	185	28	12.28%	2	2	93	93	1.4417175327440286E-9	1	1	94	91	3	25	-G
F1_BC61_191109_LF_LIB_consensus_vsearch	2818	G	*/-CG	212	9	3.96%	2	1	93	93	0.00179747064240055	1	1	98	114	0	9	-CG
F1_BC61_191109_LF_LIB_consensus_vsearch	2828	C	*/-GC	206	19	8.41%	2	2	93	93	1.2831285144228921E-6	1	1	92	114	7	12	-GC
F1_BC61_191109_LF_LIB_consensus_vsearch	2834	T	*/-G	204	18	7.96%	2	2	93	93	2.6645289168846238E-6	1	1	94	110	5	13	-G
F1_BC61_191109_LF_LIB_consensus_vsearch	2836	G	*/+A	208	7	3.08%	2	2	93	93	0.007434537497224064	1	1	88	120	6	1	+A
F1_BC61_191109_LF_LIB_consensus_vsearch	2840	T	*/-C	207	10	4.37%	2	1	93	93	8.783305527122537E-4	1	1	95	112	0	10	-C
F1_BC61_191109_LF_LIB_consensus_vsearch	2847	T	*/-CT	204	12	5.38%	2	1	93	93	2.0867313373012331E-4	1	1	95	109	0	12	-CT
F1_BC61_191109_LF_LIB_consensus_vsearch	2848	C	*/-T	181	25	11.68%	2	1	93	93	1.3734043143758148E-8	1	1	96	85	0	25	-T
F1_BC61_191109_LF_LIB_consensus_vsearch	2850	T	*/+C	194	8	3.59%	2	1	93	93	0.003639898683792886	1	1	86	108	8	0	+C
F1_BC61_191109_LF_LIB_consensus_vsearch	2850	T	*/-CG	194	10	4.48%	2	1	93	93	8.722750499460999E-4	1	1	86	108	0	10	-CG
F1_BC61_191109_LF_LIB_consensus_vsearch	2851	C	*/-G	182	18	8.61%	2	2	93	93	2.556712983549592E-6	1	1	95	87	1	17	-G
F1_BC61_191109_LF_LIB_consensus_vsearch	2867	C	*/-T	208	13	5.73%	2	1	93	93	1.0179544238135389E-4	1	1	99	109	0	13	-T
F1_BC61_191109_LF_LIB_consensus_vsearch	2892	C	*/+T	209	12	5.24%	2	2	93	93	2.0943559915765036E-4	1	1	99	110	1	11	+T
F1_BC61_191109_LF_LIB_consensus_vsearch	2897	G	*/-TG	208	15	6.55%	2	2	93	93	2.392491102102212E-5	1	1	88	120	12	3	-TG
F1_BC61_191109_LF_LIB_consensus_vsearch	2904	C	*/-G	207	10	4.48%	2	2	93	93	8.783305527122537E-4	1	1	96	111	1	9	-G
F1_BC61_191109_LF_LIB_consensus_vsearch	2909	C	*/-T	212	11	4.85%	2	1	93	93	4.303452996410444E-4	1	1	99	113	0	11	-T
F1_BC61_191109_LF_LIB_consensus_vsearch	2911	T	*/-G	211	9	3.95%	2	2	93	93	0.0017967787753331713	1	1	99	112	1	8	-G
F1_BC61_191109_LF_LIB_consensus_vsearch	2925	G	*/-C	215	7	3.1%	2	1	93	93	0.007446345105805389	1	1	90	125	7	0	-C
F1_BC61_191109_LF_LIB_consensus_vsearch	2931	C	*/-T	215	7	3.1%	2	1	93	93	0.007446345105805389	1	1	97	118	0	7	-T
F1_BC61_191109_LF_LIB_consensus_vsearch	2945	C	*/-A	204	15	6.58%	2	2	93	93	2.3815125527116474E-5	1	1	82	122	13	2	-A
F1_BC61_191109_LF_LIB_consensus_vsearch	2951	G	*/-T	208	7	3.12%	2	1	93	93	0.007434537497224064	1	1	88	120	0	7	-T
F1_BC61_191109_LF_LIB_consensus_vsearch	2957	C	*/+T	195	9	3.93%	2	2	93	93	0.0017848089483517727	1	1	96	99	1	8	+T
F1_BC61_191109_LF_LIB_consensus_vsearch	2957	C	*/-T	195	21	9.17%	2	2	93	93	2.8618445754659307E-7	1	1	96	99	3	18	-T
F1_BC61_191109_LF_LIB_consensus_vsearch	2970	C	*/-GA	215	7	3.07%	2	2	93	93	0.007446345105805389	1	1	94	121	5	2	-GA
F1_BC61_191109_LF_LIB_consensus_vsearch	2971	G	*/-A	208	7	3.17%	2	1	93	93	0.007434537497224064	1	1	84	124	7	0	-A
F1_BC61_191109_LF_LIB_consensus_vsearch	2974	G	*/+A	210	10	4.44%	2	2	93	93	8.796295164637225E-4	1	1	87	123	9	1	+A
F1_BC61_191109_LF_LIB_consensus_vsearch	2975	G	*/+A	142	82	35.96%	2	2	93	93	2.2240490442775802E-29	1	1	53	89	44	38	+A
F1_BC61_191109_LF_LIB_consensus_vsearch	2976	G	*/+AA	6	120	52.4%	1	2	93	93	1.8017379732617387E-65	1	1	6	0	32	88	+AA
F1_BC61_191109_LF_LIB_consensus_vsearch	2976	G	*/-T	6	14	6.11%	1	1	93	93	1.6701907691896066E-6	1	1	6	0	14	0	+AA
F1_BC61_191109_LF_LIB_consensus_vsearch	2979	G	*/+A	212	9	3.95%	2	1	93	93	0.00179747064240055	1	1	100	112	0	9	+A
F1_BC61_191109_LF_LIB_consensus_vsearch	2982	A	*/-C	211	8	3.51%	2	2	93	93	0.0036602593149509337	1	1	96	115	1	7	-C
F1_BC61_191109_LF_LIB_consensus_vsearch	2983	C	*/+T	207	7	3.21%	2	1	93	93	0.007432788253078562	1	1	99	108	0	7	+T
F1_BC61_191109_LF_LIB_consensus_vsearch	2984	C	*/-T	216	9	3.96%	2	2	93	93	0.0018001779733764346	1	1	100	116	1	8	-T
F1_BC61_191109_LF_LIB_consensus_vsearch	2985	T	*/-G	169	30	13.7%	2	1	93	93	2.8568300199663876E-10	1	1	99	70	0	30	-G
F1_BC61_191109_LF_LIB_consensus_vsearch	3001	G	*/-CG	219	8	3.51%	2	2	93	93	0.0036688013849068284	1	1	95	124	5	3	-CG
F1_BC61_191109_LF_LIB_consensus_vsearch	3008	T	*/-G	186	32	14.16%	2	2	93	93	6.822874621997747E-11	1	1	76	110	19	13	-G
F1_BC61_191109_LF_LIB_consensus_vsearch	3018	C	*/+G	211	9	4.07%	2	1	93	93	0.0017967787753331713	1	1	85	126	9	0	+G
F1_BC61_191109_LF_LIB_consensus_vsearch	3019	C	*/+T	181	11	4.87%	2	2	93	93	4.214144486820526E-4	1	1	89	92	2	9	+T
F1_BC61_191109_LF_LIB_consensus_vsearch	3019	C	*/-T	181	27	11.95%	2	2	93	93	3.023580909262589E-9	1	1	89	92	5	22	-T
F1_BC61_191109_LF_LIB_consensus_vsearch	3026	C	*/+G	205	13	5.73%	2	2	93	93	1.0153375468649412E-4	1	1	83	122	12	1	+G
F1_BC61_191109_LF_LIB_consensus_vsearch	3027	A	*/-G	206	14	6.28%	2	1	93	93	4.930621480362649E-5	1	1	83	123	14	0	-G
F1_BC61_191109_LF_LIB_consensus_vsearch	3031	A	*/-C	208	17	7.46%	2	2	93	93	5.574528228215115E-6	1	1	84	124	15	2	-C
F1_BC61_191109_LF_LIB_consensus_vsearch	3037	A	*/-C	215	7	3.1%	2	2	93	93	0.007446345105805389	1	1	93	122	6	1	-C
F1_BC61_191109_LF_LIB_consensus_vsearch	3043	C	*/-T	219	7	3.06%	2	2	93	93	0.007452766938834958	1	1	99	120	1	6	-T
F1_BC61_191109_LF_LIB_consensus_vsearch	3050	G	*/-A	205	7	3.17%	2	2	93	93	0.0074292407456773525	1	1	82	123	6	1	-A
F1_BC61_191109_LF_LIB_consensus_vsearch	3051	A	*/-G	191	20	9.26%	2	2	93	93	5.947187199983573E-7	1	1	68	123	18	2	-G
F1_BC61_191109_LF_LIB_consensus_vsearch	3054	T	*/+A	213	7	3.06%	2	1	93	93	0.007443047448823043	1	1	89	124	7	0	+A
F1_BC61_191109_LF_LIB_consensus_vsearch	3075	C	*/+G	192	12	5.24%	2	2	93	93	2.0669925458579255E-4	1	1	95	97	1	11	+G
F1_BC61_191109_LF_LIB_consensus_vsearch	3076	G	*/-A	204	16	7.05%	2	2	93	93	1.1500698432241858E-5	1	1	82	122	15	1	-A
F1_BC61_191109_LF_LIB_consensus_vsearch	3093	G	*/-C	204	16	7.08%	2	2	93	93	1.1500698432241858E-5	1	1	91	113	4	12	-C
F1_BC61_191109_LF_LIB_consensus_vsearch	3096	C	*/-G	179	26	11.45%	2	2	93	93	6.395320378182074E-9	1	1	94	85	4	22	-G
F1_BC61_191109_LF_LIB_consensus_vsearch	3096	C	*/-GG	179	16	7.05%	2	1	93	93	1.1074415688876696E-5	1	1	94	85	0	16	-G
F1_BC61_191109_LF_LIB_consensus_vsearch	3100	T	*/+A	159	19	8.44%	2	2	93	93	1.1488882430925014E-6	1	1	61	98	18	1	+A
F1_BC61_191109_LF_LIB_consensus_vsearch	3100	T	*/-A	159	17	7.56%	2	2	93	93	5.085944969025747E-6	1	1	61	98	15	2	+A
F1_BC61_191109_LF_LIB_consensus_vsearch	3102	A	*/-G	213	7	3.07%	2	2	93	93	0.007443047448823043	1	1	95	118	5	2	-G
F1_BC61_191109_LF_LIB_consensus_vsearch	3126	T	*/-G	211	7	3.12%	2	2	93	93	0.007439689863414905	1	1	98	113	2	5	-G
F1_BC61_191109_LF_LIB_consensus_vsearch	3139	C	*/-G	213	7	3.1%	2	1	93	93	0.007443047448823043	1	1	91	122	7	0	-G
F1_BC61_191109_LF_LIB_consensus_vsearch	3149	G	*/-TG	185	31	13.72%	2	1	93	93	1.4608479492410707E-10	1	1	91	94	0	31	-TG
F1_BC61_191109_LF_LIB_consensus_vsearch	3152	C	*/-A	203	16	7.14%	2	2	93	93	1.1485308764863282E-5	1	1	94	109	2	14	-A
F1_BC61_191109_LF_LIB_consensus_vsearch	3162	G	*/-CG	213	10	4.39%	2	2	93	93	8.808946039600796E-4	1	1	88	125	9	1	-CG
F1_BC61_191109_LF_LIB_consensus_vsearch	3170	T	*/-GG	205	8	3.51%	2	1	93	93	0.0036534383902297935	1	1	99	106	0	8	-GG
F1_BC61_191109_LF_LIB_consensus_vsearch	3172	G	*/+A	207	7	3.17%	2	1	93	93	0.007432788253078562	1	1	94	113	7	0	+A
F1_BC61_191109_LF_LIB_consensus_vsearch	3177	A	*/+G	147	12	5.48%	2	2	93	93	1.968338727730909E-4	1	1	77	70	6	6	+G
F1_BC61_191109_LF_LIB_consensus_vsearch	3177	A	*/-G	147	46	21%	2	2	93	93	6.738518433689054E-16	1	1	77	70	13	33	-G
F1_BC61_191109_LF_LIB_consensus_vsearch	3183	G	*/+A	194	8	3.59%	2	2	93	93	0.003639898683792886	1	1	73	121	6	2	+A
F1_BC61_191109_LF_LIB_consensus_vsearch	3183	G	*/-A	194	16	7.17%	2	2	93	93	1.1340960665062282E-5	1	1	73	121	15	1	-A
F1_BC61_191109_LF_LIB_consensus_vsearch	3185	A	*/+G	212	7	3.17%	2	1	93	93	0.00744137624879223	1	1	85	127	7	0	+G
F1_BC61_191109_LF_LIB_consensus_vsearch	3186	A	*/-G	211	8	3.49%	2	2	93	93	0.0036602593149509337	1	1	85	126	7	1	-G
F1_BC61_191109_LF_LIB_consensus_vsearch	3186	A	*/-GA	211	7	3.06%	2	2	93	93	0.007439689863414905	1	1	85	126	6	1	-G
F1_BC61_191109_LF_LIB_consensus_vsearch	3200	G	*/+T	215	13	5.68%	2	1	93	93	1.0238092820754376E-4	1	1	100	115	0	13	+T
F1_BC61_191109_LF_LIB_consensus_vsearch	3202	C	*/-T	208	15	6.55%	2	2	93	93	2.392491102102212E-5	1	1	96	112	2	13	-T
F1_BC61_191109_LF_LIB_consensus_vsearch	3216	C	*/+T	150	62	27.43%	2	2	93	93	1.1471777418006107E-21	1	1	83	67	13	49	+T
F1_BC61_191109_LF_LIB_consensus_vsearch	3217	C	*/+T	87	24	10.48%	2	1	93	93	1.4791451695381822E-8	1	1	21	66	24	0	+T
F1_BC61_191109_LF_LIB_consensus_vsearch	3217	C	*/+TC	87	98	42.79%	2	2	93	93	5.669222183395981E-38	1	1	21	66	40	58	+TC
F1_BC61_191109_LF_LIB_consensus_vsearch	3218	C	*/+G	196	12	5.24%	2	1	93	93	2.0738112718811548E-4	1	1	89	107	0	12	+G
F1_BC61_191109_LF_LIB_consensus_vsearch	3219	G	*/-AA	200	11	5%	2	2	93	93	4.27186182801716E-4	1	1	86	114	2	9	-AA
F1_BC61_191109_LF_LIB_consensus_vsearch	3225	T	*/+C	78	118	51.53%	2	2	93	93	1.5718109889897517E-47	1	1	32	46	67	51	+C
F1_BC61_191109_LF_LIB_consensus_vsearch	3225	T	*/+CC	78	7	3.06%	2	2	93	93	0.006870605212382576	1	1	32	46	1	6	+C
F1_BC61_191109_LF_LIB_consensus_vsearch	3225	T	*/-CCT	78	10	4.37%	2	1	93	93	7.451790311476478E-4	1	1	32	46	0	10	-CCT
F1_BC61_191109_LF_LIB_consensus_vsearch	3230	A	*/-G	203	16	7.08%	2	1	93	93	1.1485308764863282E-5	1	1	94	109	0	16	-G
F1_BC61_191109_LF_LIB_consensus_vsearch	3242	T	*/+C	191	8	3.49%	2	1	93	93	0.0036359507017874977	1	1	101	90	0	8	+C
F1_BC61_191109_LF_LIB_consensus_vsearch	3242	T	*/+GT	191	23	10.04%	2	1	93	93	6.385661366550778E-8	1	1	101	90	0	23	+GT
F1_BC61_191109_LF_LIB_consensus_vsearch	3243	T	*/+C	41	171	74.67%	2	2	93	93	1.9472965650162113E-79	1	1	19	22	79	92	+C
F1_BC61_191109_LF_LIB_consensus_vsearch	3243	T	*/-C	41	10	4.37%	2	1	93	93	5.998683287718721E-4	1	1	19	22	0	10	+C
F1_BC61_191109_LF_LIB_consensus_vsearch	3250	A	*/-G	200	18	7.93%	2	2	93	93	2.6463038722080364E-6	1	1	78	122	17	1	-G
F1_BC61_191109_LF_LIB_consensus_vsearch	3251	G	*/-AG	188	14	6.83%	2	2	93	93	4.834532199564987E-5	1	1	64	124	12	2	-AG
F1_BC61_191109_LF_LIB_consensus_vsearch	3255	C	*/-A	221	7	3.06%	2	2	93	93	0.007455894130096957	1	1	96	125	4	3	-A
F1_BC61_191109_LF_LIB_consensus_vsearch	3272	A	*/+G	212	8	3.54%	2	1	93	93	0.003661360523321731	1	1	84	128	8	0	+G
F1_BC61_191109_LF_LIB_consensus_vsearch	3274	C	*/+A	212	8	3.51%	2	1	93	93	0.003661360523321731	1	1	88	124	8	0	+A
F1_BC61_191109_LF_LIB_consensus_vsearch	3275	G	*/-A	206	13	5.73%	2	2	93	93	1.016217291023551E-4	1	1	87	119	9	4	-A
F1_BC61_191109_LF_LIB_consensus_vsearch	3277	A	*/-T	216	9	3.95%	2	2	93	93	0.0018001779733764346	1	1	97	119	2	7	-T
F1_BC61_191109_LF_LIB_consensus_vsearch	3283	A	*/+G	193	15	6.61%	2	2	93	93	2.349357883668848E-5	1	1	96	97	1	14	+G
F1_BC61_191109_LF_LIB_consensus_vsearch	3283	A	*/-G	193	17	7.49%	2	2	93	93	5.4459068540119155E-6	1	1	96	97	3	14	-G
F1_BC61_191109_LF_LIB_consensus_vsearch	3289	C	*/-T	216	8	3.49%	2	1	93	93	0.003665668526289429	1	1	101	115	0	8	-T
F1_BC61_191109_LF_LIB_consensus_vsearch	3290	T	*/+C	200	10	4.52%	2	1	93	93	8.751600144021374E-4	1	1	86	114	10	0	+C
F1_BC61_191109_LF_LIB_consensus_vsearch	3291	C	*/-G	194	17	7.59%	2	2	93	93	5.454975141743846E-6	1	1	87	107	9	8	-G
F1_BC61_191109_LF_LIB_consensus_vsearch	3306	C	*/-T	219	7	3.06%	2	1	93	93	0.007452766938834958	1	1	101	118	0	7	-T
F1_BC61_191109_LF_LIB_consensus_vsearch	3319	C	*/-A	212	7	3.1%	2	2	93	93	0.00744137624879223	1	1	98	114	1	6	-A
F1_BC61_191109_LF_LIB_consensus_vsearch	3323	C	*/-T	197	29	12.66%	2	1	93	93	7.136208771491052E-10	1	1	98	99	0	29	-T
F1_BC61_191109_LF_LIB_consensus_vsearch	3324	T	*/-C	187	9	4.52%	2	2	93	93	0.001778109859374632	1	1	90	97	8	1	-C
F1_BC61_191109_LF_LIB_consensus_vsearch	3340	T	*/-C	202	20	8.73%	2	1	93	93	6.094640790165047E-7	1	1	77	125	20	0	-C
F1_BC61_191109_LF_LIB_consensus_vsearch	3347	C	*/-T	211	7	3.07%	2	1	93	93	0.007439689863414905	1	1	99	112	0	7	-T
F1_BC61_191109_LF_LIB_consensus_vsearch	3354	C	*/-T	213	7	3.06%	2	2	93	93	0.007443047448823043	1	1	95	118	1	6	-T
F1_BC61_191109_LF_LIB_consensus_vsearch	3357	G	*/-TG	213	10	4.42%	2	2	93	93	8.808946039600796E-4	1	1	89	124	9	1	-TG
F1_BC61_191109_LF_LIB_consensus_vsearch	3361	C	*/-AC	220	7	3.06%	2	1	93	93	0.007454337359329176	1	1	93	127	7	0	-AC
F1_BC61_191109_LF_LIB_consensus_vsearch	3370	C	*/+A	161	44	19.3%	2	2	93	93	4.276086144502725E-15	1	1	91	70	1	43	+A
F1_BC61_191109_LF_LIB_consensus_vsearch	3370	C	*/-A	161	13	5.7%	2	2	93	93	9.67427286895422E-5	1	1	91	70	6	7	+A
F1_BC61_191109_LF_LIB_consensus_vsearch	3378	A	*/-G	202	15	6.7%	2	1	93	93	2.375885795125084E-5	1	1	94	108	0	15	-G
F1_BC61_191109_LF_LIB_consensus_vsearch	3387	G	*/-TG	202	10	4.42%	2	1	93	93	8.760865562530377E-4	1	1	96	106	0	10	-TG
F1_BC61_191109_LF_LIB_consensus_vsearch	3388	T	*/-G	184	13	6.25%	2	2	93	93	9.949475485699823E-5	1	1	97	87	2	11	-G
F1_BC61_191109_LF_LIB_consensus_vsearch	3395	G	*/+T	186	7	3.08%	2	2	93	93	0.007391912172859777	1	1	77	109	4	3	+T
F1_BC61_191109_LF_LIB_consensus_vsearch	3395	G	*/-T	186	30	13.22%	2	2	93	93	3.1573165354568655E-10	1	1	77	109	19	11	-T
F1_BC61_191109_LF_LIB_consensus_vsearch	3399	T	*/-G	190	33	14.47%	2	2	93	93	3.24254603811228E-11	1	1	100	90	1	32	-G
F1_BC61_191109_LF_LIB_consensus_vsearch	3402	T	*/-A	172	15	6.91%	2	1	93	93	2.2786128332551297E-5	1	1	96	76	0	15	-A
F1_BC61_191109_LF_LIB_consensus_vsearch	3419	G	*/-C	201	15	6.58%	2	2	93	93	2.373037043728608E-5	1	1	89	112	2	13	-C
F1_BC61_191109_LF_LIB_consensus_vsearch	3420	C	*/+G	153	7	3.35%	2	2	93	93	0.007306283766632104	1	1	82	71	5	2	+G
F1_BC61_191109_LF_LIB_consensus_vsearch	3420	C	*/-G	153	30	14.35%	2	2	93	93	2.5524628566388184E-10	1	1	82	71	2	28	-G
F1_BC61_191109_LF_LIB_consensus_vsearch	3439	T	*/-GCT	212	8	3.52%	2	1	93	93	0.003661360523321731	1	1	99	113	0	8	-GCT
F1_BC61_191109_LF_LIB_consensus_vsearch	3442	T	*/-A	191	12	5.58%	2	2	93	93	2.0652482483515445E-4	1	1	88	103	8	4	-A
F1_BC61_191109_LF_LIB_consensus_vsearch	3448	G	*/-C	200	17	7.46%	2	2	93	93	5.507857341679661E-6	1	1	75	125	16	1	-C
F1_BC61_191109_LF_LIB_consensus_vsearch	3456	C	*/-T	218	9	3.95%	2	1	93	93	0.001801496644156972	1	1	99	119	0	9	-T
F1_BC61_191109_LF_LIB_consensus_vsearch	3458	A	*/+G	190	8	3.54%	2	1	93	93	0.003634608580377523	1	1	88	102	0	8	+G
F1_BC61_191109_LF_LIB_consensus_vsearch	3458	A	*/-G	190	19	8.41%	2	2	93	93	1.2429986855259503E-6	1	1	88	102	2	17	-G
F1_BC61_191109_LF_LIB_consensus_vsearch	3471	T	*/+A	137	9	4.04%	2	2	93	93	0.001720178313593195	1	1	48	89	3	6	+A
F1_BC61_191109_LF_LIB_consensus_vsearch	3471	T	*/-A	137	41	18.39%	2	2	93	93	3.3566051431527754E-14	1	1	48	89	26	15	-A
F1_BC61_191109_LF_LIB_consensus_vsearch	3471	T	*/-AA	137	16	7.17%	2	2	93	93	1.0093382216767947E-5	1	1	48	89	14	2	-A
F1_BC61_191109_LF_LIB_consensus_vsearch	3499	A	*/-G	212	10	4.42%	2	1	93	93	8.804765900705064E-4	1	1	96	116	0	10	-G
F1_BC61_191109_LF_LIB_consensus_vsearch	3512	T	*/-G	192	16	7.27%	2	2	93	93	1.1307383330374262E-5	1	1	86	106	11	5	-G
F1_BC61_191109_LF_LIB_consensus_vsearch	3516	A	*/-G	213	9	4%	2	2	93	93	0.0017981564163397133	1	1	92	121	7	2	-G
F1_BC61_191109_LF_LIB_consensus_vsearch	3531	A	*/-GA	204	14	6.25%	2	1	93	93	4.920666598282105E-5	1	1	80	124	14	0	-GA
F1_BC61_191109_LF_LIB_consensus_vsearch	3532	G	*/-AAG	193	10	4.78%	2	1	93	93	8.717782032788638E-4	1	1	67	126	10	0	-AAG
F1_BC61_191109_LF_LIB_consensus_vsearch	3538	T	*/-GT	183	35	15.62%	2	2	93	93	6.6002049576840496E-12	1	1	98	85	1	34	-GT
F1_BC61_191109_LF_LIB_consensus_vsearch	3546	C	*/-T	180	14	6.28%	2	2	93	93	4.7866085588579185E-5	1	1	68	112	1	13	-T
F1_BC61_191109_LF_LIB_consensus_vsearch	3546	C	*/-TT	180	24	10.76%	2	1	93	93	2.9063178163050538E-8	1	1	68	112	24	0	-TT
F1_BC61_191109_LF_LIB_consensus_vsearch	3551	C	*/-T	212	10	4.39%	2	2	93	93	8.804765900705064E-4	1	1	90	122	7	3	-T
F1_BC61_191109_LF_LIB_consensus_vsearch	3566	G	*/-C	206	12	5.26%	2	2	93	93	2.089820970245861E-4	1	1	86	120	11	1	-C
F1_BC61_191109_LF_LIB_consensus_vsearch	3571	G	*/+A	194	11	4.87%	2	2	93	93	4.2547401580496607E-4	1	1	94	100	1	10	+A
F1_BC61_191109_LF_LIB_consensus_vsearch	3571	G	*/-A	194	16	7.08%	2	2	93	93	1.1340960665062282E-5	1	1	94	100	4	12	-A
F1_BC61_191109_LF_LIB_consensus_vsearch	3585	C	*/-T	206	14	6.22%	2	2	93	93	4.930621480362649E-5	1	1	94	112	3	11	-T
F1_BC61_191109_LF_LIB_consensus_vsearch	3587	T	*/-AA	201	9	4.02%	2	2	93	93	0.0017895062981052791	1	1	92	109	1	8	-AA
F1_BC61_191109_LF_LIB_consensus_vsearch	3590	G	*/-C	218	7	3.06%	2	1	93	93	0.007451182688346346	1	1	93	125	7	0	-C
F1_BC61_191109_LF_LIB_consensus_vsearch	3591	C	*/+T	205	7	3.17%	2	1	93	93	0.0074292407456773525	1	1	93	112	0	7	+T
F1_BC61_191109_LF_LIB_consensus_vsearch	3592	C	*/-T	202	15	6.58%	2	2	93	93	2.375885795125084E-5	1	1	97	105	2	13	-T
F1_BC61_191109_LF_LIB_consensus_vsearch	3615	T	*/-C	209	10	4.37%	2	1	93	93	8.792003591123169E-4	1	1	86	123	10	0	-C
F1_BC61_191109_LF_LIB_consensus_vsearch	3630	T	*/+G	208	13	5.75%	2	2	93	93	1.0179544238135389E-4	1	1	95	113	2	11	+G
F1_BC61_191109_LF_LIB_consensus_vsearch	3632	G	*/-A	207	16	7.02%	2	1	93	93	1.1546128752618848E-5	1	1	79	128	16	0	-A
F1_BC61_191109_LF_LIB_consensus_vsearch	3636	A	*/+G	192	8	3.54%	2	2	93	93	0.0036372796311357324	1	1	89	103	1	7	+G
F1_BC61_191109_LF_LIB_consensus_vsearch	3636	A	*/-G	192	18	7.96%	2	2	93	93	2.608089386660468E-6	1	1	89	103	4	14	-G
F1_BC61_191109_LF_LIB_consensus_vsearch	3639	A	*/-G	197	13	5.86%	2	2	93	93	1.0080182645455998E-4	1	1	74	123	10	3	-G
F1_BC61_191109_LF_LIB_consensus_vsearch	3641	G	*/+A	193	16	7.27%	2	1	93	93	1.132424303638399E-5	1	1	67	126	16	0	+A
F1_BC61_191109_LF_LIB_consensus_vsearch	3644	G	*/-TG	196	23	10.13%	2	2	93	93	6.482419029061125E-8	1	1	96	100	1	22	-TG
F1_BC61_191109_LF_LIB_consensus_vsearch	3654	A	*/+T	213	7	3.06%	2	2	93	93	0.007443047448823043	1	1	95	118	1	6	+T
F1_BC61_191109_LF_LIB_consensus_vsearch	3660	T	*/+G	204	16	7.05%	2	1	93	93	1.1500698432241858E-5	1	1	98	106	0	16	+G
F1_BC61_191109_LF_LIB_consensus_vsearch	3662	A	*/-GA	190	31	13.66%	2	2	93	93	1.5026665253615298E-10	1	1	66	124	29	2	-GA
F1_BC61_191109_LF_LIB_consensus_vsearch	3663	G	*/-A	185	7	3.57%	2	2	93	93	0.007389745092191117	1	1	62	123	6	1	-A
F1_BC61_191109_LF_LIB_consensus_vsearch	3669	T	*/-G	215	10	4.39%	2	1	93	93	8.817198236951184E-4	1	1	101	114	0	10	-G
F1_BC61_191109_LF_LIB_consensus_vsearch	3687	T	*/-G	205	18	7.96%	2	2	93	93	2.6689977897177195E-6	1	1	97	108	1	17	-G
F1_BC61_191109_LF_LIB_consensus_vsearch	3696	C	*/-T	212	11	4.82%	2	1	93	93	4.303452996410444E-4	1	1	100	112	0	11	-T
F1_BC61_191109_LF_LIB_consensus_vsearch	3698	C	*/-T	207	17	7.49%	2	2	93	93	5.56642225097613E-6	1	1	98	109	3	14	-T
F1_BC61_191109_LF_LIB_consensus_vsearch	3699	T	*/+G	181	19	9.05%	2	1	93	93	1.218119798445089E-6	1	1	78	103	19	0	+G
F1_BC61_191109_LF_LIB_consensus_vsearch	3709	C	*/-T	221	7	3.06%	2	1	93	93	0.007455894130096957	1	1	101	120	0	7	-T
F1_BC61_191109_LF_LIB_consensus_vsearch	3711	T	*/-G	214	12	5.24%	2	1	93	93	2.1016603336412182E-4	1	1	100	114	0	12	-G
F1_BC61_191109_LF_LIB_consensus_vsearch	3717	C	*/-A	215	8	3.54%	2	2	93	93	0.0036646057936482192	1	1	93	122	6	2	-A
F1_BC61_191109_LF_LIB_consensus_vsearch	3723	C	*/+A	201	9	3.95%	2	2	93	93	0.0017895062981052791	1	1	89	112	8	1	+A
F1_BC61_191109_LF_LIB_consensus_vsearch	3723	C	*/-A	201	14	6.14%	2	2	93	93	4.905414704302361E-5	1	1	89	112	1	13	-A
F1_BC61_191109_LF_LIB_consensus_vsearch	3733	C	*/+AA	215	8	3.54%	2	1	93	93	0.0036646057936482192	1	1	101	114	0	8	+AA
F1_BC61_191109_LF_LIB_consensus_vsearch	3742	C	*/-G	195	13	5.68%	2	2	93	93	1.0061064586351875E-4	1	1	89	106	5	8	-G
F1_BC61_191109_LF_LIB_consensus_vsearch	3742	C	*/-GG	195	8	3.49%	2	1	93	93	0.003641189182853133	1	1	89	106	0	8	-G
F1_BC61_191109_LF_LIB_consensus_vsearch	3756	T	*/-G	202	8	3.69%	2	1	93	93	0.0036498841327700354	1	1	100	102	0	8	-G
F1_BC61_191109_LF_LIB_consensus_vsearch	3760	G	*/+A	197	7	3.18%	2	2	93	93	0.007414362253072604	1	1	80	117	5	2	+A
F1_BC61_191109_LF_LIB_consensus_vsearch	3760	G	*/-A	197	10	4.55%	2	2	93	93	8.737377439902802E-4	1	1	80	117	8	2	-A
F1_BC61_191109_LF_LIB_consensus_vsearch	3767	T	*/-C	188	32	14.1%	2	2	93	93	6.905539526646406E-11	1	1	76	112	24	8	-C
F1_BC61_191109_LF_LIB_consensus_vsearch	3769	C	*/-T	217	9	3.96%	2	2	93	93	0.0018008401619304512	1	1	100	117	1	8	-T
F1_BC61_191109_LF_LIB_consensus_vsearch	3773	C	*/+T	202	8	3.54%	2	2	93	93	0.0036498841327700354	1	1	97	105	2	6	+T
F1_BC61_191109_LF_LIB_consensus_vsearch	3773	C	*/-T	202	7	3.1%	2	2	93	93	0.007423793454516522	1	1	97	105	1	6	+T
F1_BC61_191109_LF_LIB_consensus_vsearch	3787	G	*/-C	218	7	3.07%	2	2	93	93	0.007451182688346346	1	1	94	124	5	2	-C
F1_BC61_191109_LF_LIB_consensus_vsearch	3789	C	*/-G	189	19	8.33%	2	2	93	93	1.240321732146791E-6	1	1	82	107	10	9	-G
F1_BC61_191109_LF_LIB_consensus_vsearch	3802	T	*/-C	186	35	15.42%	2	2	93	93	6.7463415254651095E-12	1	1	66	120	29	6	-C
F1_BC61_191109_LF_LIB_consensus_vsearch	3804	C	*/-T	203	14	6.17%	2	2	93	93	4.915625783020227E-5	1	1	97	106	1	13	-T
F1_BC61_191109_LF_LIB_consensus_vsearch	3805	T	*/-A	196	9	4.23%	2	2	93	93	0.001785610469261078	1	1	96	100	2	7	-A
F1_BC61_191109_LF_LIB_consensus_vsearch	3808	G	*/-CG	208	10	4.48%	2	1	93	93	8.787673881990181E-4	1	1	98	110	0	10	-CG
F1_BC61_191109_LF_LIB_consensus_vsearch	3814	G	*/-C	208	9	4.02%	2	1	93	93	0.0017946657928001688	1	1	84	124	9	0	-C
F1_BC61_191109_LF_LIB_consensus_vsearch	3823	C	*/-T	177	10	4.39%	2	2	93	93	8.631325337656354E-4	1	1	56	121	9	1	-T
F1_BC61_191109_LF_LIB_consensus_vsearch	3823	C	*/-TT	177	23	10.09%	2	1	93	93	6.096415142482513E-8	1	1	56	121	23	0	-TT
F1_BC61_191109_LF_LIB_consensus_vsearch	3823	C	*/-TTG	177	11	4.82%	2	1	93	93	4.200578330993431E-4	1	1	56	121	11	0	-TT
F1_BC61_191109_LF_LIB_consensus_vsearch	3825	T	*/-G	163	10	5.15%	2	1	93	93	8.543079772296276E-4	1	1	43	120	10	0	-G
F1_BC61_191109_LF_LIB_consensus_vsearch	3826	G	*/-A	189	13	6.31%	2	2	93	93	1.000159835994925E-4	1	1	65	124	11	2	-A
F1_BC61_191109_LF_LIB_consensus_vsearch	3828	A	*/-T	215	8	3.52%	2	2	93	93	0.0036646057936482192	1	1	93	122	5	3	-T
F1_BC61_191109_LF_LIB_consensus_vsearch	3832	C	*/-A	191	10	4.48%	2	2	93	93	8.707701860076834E-4	1	1	92	99	2	8	-A
F1_BC61_191109_LF_LIB_consensus_vsearch	3833	A	*/+T	177	10	4.93%	2	1	93	93	8.631325337656354E-4	1	1	93	84	0	10	+T
F1_BC61_191109_LF_LIB_consensus_vsearch	3834	A	*/-G	192	11	5.14%	2	2	93	93	4.248818010929111E-4	1	1	97	95	2	9	-G
F1_BC61_191109_LF_LIB_consensus_vsearch	3836	G	*/-CG	214	10	4.44%	2	1	93	93	8.813089995913842E-4	1	1	99	115	0	10	-CG
F1_BC61_191109_LF_LIB_consensus_vsearch	3839	T	*/-C	180	29	13.18%	2	2	93	93	6.561968160395861E-10	1	1	93	87	1	28	-C
F1_BC61_191109_LF_LIB_consensus_vsearch	3841	T	*/-CT	198	10	4.55%	2	2	93	93	8.74216242207188E-4	1	1	89	109	9	1	-CT
F1_BC61_191109_LF_LIB_consensus_vsearch	3846	G	*/-CG	196	19	8.48%	2	2	93	93	1.258627563292186E-6	1	1	85	111	7	12	-CG
F1_BC61_191109_LF_LIB_consensus_vsearch	3849	T	*/-C	213	8	3.54%	2	2	93	93	0.0036624519192641563	1	1	86	127	7	1	-C
F1_BC61_191109_LF_LIB_consensus_vsearch	3851	C	*/-T	181	40	17.54%	2	2	93	93	1.3056639678068584E-13	1	1	92	89	7	33	-T
F1_BC61_191109_LF_LIB_consensus_vsearch	3855	G	*/+T	213	10	4.37%	2	1	93	93	8.808946039600796E-4	1	1	98	115	0	10	+T
F1_BC61_191109_LF_LIB_consensus_vsearch	3861	G	*/-A	203	11	4.82%	2	2	93	93	4.280077806644155E-4	1	1	81	122	10	1	-A
F1_BC61_191109_LF_LIB_consensus_vsearch	3861	G	*/-AA	203	10	4.39%	2	2	93	93	8.765435124402236E-4	1	1	81	122	7	3	-A
F1_BC61_191109_LF_LIB_consensus_vsearch	3864	A	*/-G	136	79	34.5%	2	2	93	93	2.396787841832377E-28	1	1	48	88	44	35	-G
F1_BC61_191109_LF_LIB_consensus_vsearch	3867	G	*/-A	203	10	4.37%	2	2	93	93	8.765435124402236E-4	1	1	86	117	9	1	-A
F1_BC61_191109_LF_LIB_consensus_vsearch	3876	T	*/-A	190	18	8.07%	2	2	93	93	2.598147628391323E-6	1	1	79	111	15	3	-A
F1_BC61_191109_LF_LIB_consensus_vsearch	3896	A	*/+G	207	10	4.42%	2	1	93	93	8.783305527122537E-4	1	1	94	113	0	10	+G
F1_BC61_191109_LF_LIB_consensus_vsearch	3898	G	*/+A	204	22	9.65%	2	1	93	93	1.3938223685465813E-7	1	1	77	127	22	0	+A
F1_BC61_191109_LF_LIB_consensus_vsearch	3902	A	*/+T	214	8	3.51%	2	1	93	93	0.003663533633296164	1	1	97	117	0	8	+T
F1_BC61_191109_LF_LIB_consensus_vsearch	3903	C	*/-T	217	7	3.08%	2	1	93	93	0.007449584424390529	1	1	98	119	0	7	-T
F1_BC61_191109_LF_LIB_consensus_vsearch	3910	C	*/+A	6	12	5.29%	2	1	93	93	1.4831294030403634E-5	1	1	4	2	12	0	+A
F1_BC61_191109_LF_LIB_consensus_vsearch	3910	C	+G/+G	6	203	89.43%	2	2	93	93	4.842912119799698E-114	1	1	4	2	84	119	+G
F1_BC61_191109_LF_LIB_consensus_vsearch	3915	C	*/-GC	206	8	3.57%	2	2	93	93	0.0036546013500883302	1	1	85	121	7	1	-GC
F1_BC61_191109_LF_LIB_consensus_vsearch	3917	C	*/-T	206	7	3.21%	2	2	93	93	0.007431022745174962	1	1	84	122	5	2	-T
F1_BC61_191109_LF_LIB_consensus_vsearch	3924	A	*/-C	199	7	3.11%	2	2	93	93	0.007418189114685095	1	1	79	120	2	5	-C
F1_BC61_191109_LF_LIB_consensus_vsearch	3924	A	*/-CC	199	16	7.11%	2	1	93	93	1.1422478632590395E-5	1	1	79	120	16	0	-CC
F1_BC61_191109_LF_LIB_consensus_vsearch	3927	C	*/-A	200	12	5.29%	2	2	93	93	2.0803866112796158E-4	1	1	89	111	8	4	-A
F1_BC61_191109_LF_LIB_consensus_vsearch	3929	A	*/-G	158	57	25.11%	2	2	93	93	9.514161473116437E-20	1	1	81	77	18	39	-G
F1_BC61_191109_LF_LIB_consensus_vsearch	3940	A	*/-C	209	7	3.14%	2	2	93	93	0.007436270701269745	1	1	86	123	5	2	-C
F1_BC61_191109_LF_LIB_consensus_vsearch	3943	A	*/-G	168	43	19.28%	2	2	93	93	1.0475163371040984E-14	1	1	89	79	1	42	-G
F1_BC61_191109_LF_LIB_consensus_vsearch	3950	A	*/-G	202	10	4.52%	2	2	93	93	8.760865562530377E-4	1	1	84	118	7	3	-G
F1_BC61_191109_LF_LIB_consensus_vsearch	3954	C	*/+A	204	7	3.1%	2	2	93	93	0.007427442022474603	1	1	94	110	5	2	+A
F1_BC61_191109_LF_LIB_consensus_vsearch	3954	C	*/-A	204	7	3.1%	2	1	93	93	0.007427442022474603	1	1	94	110	0	7	+A
F1_BC61_191109_LF_LIB_consensus_vsearch	3961	T	*/-CT	203	10	4.42%	2	2	93	93	8.765435124402236E-4	1	1	95	108	5	5	-CT
F1_BC61_191109_LF_LIB_consensus_vsearch	3962	C	*/-T	194	7	3.38%	2	2	93	93	0.007408480654387502	1	1	93	101	1	6	-T
F1_BC61_191109_LF_LIB_consensus_vsearch	3972	C	*/-A	203	7	3.12%	2	1	93	93	0.007425626339083171	1	1	95	108	0	7	-A
F1_BC61_191109_LF_LIB_consensus_vsearch	3983	A	*/-G	204	9	3.98%	2	2	93	93	0.0017917580621936403	1	1	87	117	6	3	-G
F1_BC61_191109_LF_LIB_consensus_vsearch	3985	G	*/+C	211	7	3.07%	2	2	93	93	0.007439689863414905	1	1	93	118	4	3	+C
F1_BC61_191109_LF_LIB_consensus_vsearch	3985	G	*/-C	211	7	3.07%	2	2	93	93	0.007439689863414905	1	1	93	118	1	6	+C
F1_BC61_191109_LF_LIB_consensus_vsearch	3987	C	*/-T	217	9	3.93%	2	2	93	93	0.0018008401619304512	1	1	97	120	2	7	-T
F1_BC61_191109_LF_LIB_consensus_vsearch	3988	T	*/-C	203	8	3.64%	2	2	93	93	0.0036510799339400076	1	1	91	112	1	7	-C
F1_BC61_191109_LF_LIB_consensus_vsearch	3989	C	*/-G	190	25	11.31%	2	2	93	93	1.4215166911555927E-8	1	1	80	110	15	10	-G
F1_BC61_191109_LF_LIB_consensus_vsearch	4000	T	*/+G	220	7	3.06%	2	1	93	93	0.007454337359329176	1	1	101	119	0	7	+G
F1_BC61_191109_LF_LIB_consensus_vsearch	4007	A	*/-G	197	8	3.57%	2	2	93	93	0.003643733038795537	1	1	75	122	3	5	-G
F1_BC61_191109_LF_LIB_consensus_vsearch	4007	A	*/-GG	197	17	7.59%	2	1	93	93	5.481738321341071E-6	1	1	75	122	17	0	-GG
F1_BC61_191109_LF_LIB_consensus_vsearch	4008	G	*/+A	63	43	21.61%	2	2	93	93	5.214181537446184E-16	1	1	48	15	9	34	+A
F1_BC61_191109_LF_LIB_consensus_vsearch	4008	G	*/+AG	63	85	42.71%	2	2	93	93	7.4680315322680205E-34	1	1	48	15	17	68	+AG
F1_BC61_191109_LF_LIB_consensus_vsearch	4008	G	*/+AGG	63	7	3.52%	2	2	93	93	0.006674952009195826	1	1	48	15	3	4	+AG
F1_BC61_191109_LF_LIB_consensus_vsearch	4023	G	*/+A	216	9	3.93%	2	1	93	93	0.0018001779733764346	1	1	88	128	9	0	+A
F1_BC61_191109_LF_LIB_consensus_vsearch	4024	A	*/+G	208	8	3.52%	2	2	93	93	0.0036568954742723925	1	1	88	120	4	4	+G
F1_BC61_191109_LF_LIB_consensus_vsearch	4025	G	*/+A	159	8	3.59%	2	1	93	93	0.0035851936379921044	1	1	47	112	8	0	+A
F1_BC61_191109_LF_LIB_consensus_vsearch	4025	G	*/+AGC	159	14	6.28%	2	2	93	93	4.6418184944691E-5	1	1	47	112	12	2	+AGC
F1_BC61_191109_LF_LIB_consensus_vsearch	4025	G	*/+C	159	35	15.7%	2	2	93	93	5.3925761550137584E-12	1	1	47	112	23	12	+C
F1_BC61_191109_LF_LIB_consensus_vsearch	4026	G	*/+AG	60	21	9.21%	2	2	93	93	1.0753995789014166E-7	1	1	43	17	11	10	+AG
F1_BC61_191109_LF_LIB_consensus_vsearch	4026	G	*/+AGCG	60	107	46.93%	2	2	93	93	3.382300890802363E-44	1	1	43	17	13	94	+AGCG
F1_BC61_191109_LF_LIB_consensus_vsearch	4026	G	*/-C	60	12	5.26%	2	1	93	93	1.4826663775036595E-4	1	1	43	17	12	0	+AGCG
F1_BC61_191109_LF_LIB_consensus_vsearch	4027	C	*/+G	169	32	14.88%	2	2	93	93	6.094460006407764E-11	1	1	54	115	24	8	+G
F1_BC61_191109_LF_LIB_consensus_vsearch	4031	A	*/-G	213	7	3.1%	2	1	93	93	0.007443047448823043	1	1	94	119	0	7	-G
F1_BC61_191109_LF_LIB_consensus_vsearch	4034	G	*/-CG	204	16	7.11%	2	1	93	93	1.1500698432241858E-5	1	1	95	109	0	16	-CG
F1_BC61_191109_LF_LIB_consensus_vsearch	4044	C	*/-T	207	14	6.25%	2	1	93	93	4.93553660030744E-5	1	1	99	108	0	14	-T
F1_BC61_191109_LF_LIB_consensus_vsearch	4054	G	*/+C	180	10	4.48%	2	2	93	93	8.648604879212406E-4	1	1	83	97	4	6	+C
F1_BC61_191109_LF_LIB_consensus_vsearch	4054	G	*/-C	180	25	11.21%	2	2	93	93	1.3678879697783834E-8	1	1	83	97	8	17	-C
F1_BC61_191109_LF_LIB_consensus_vsearch	4058	C	*/-T	210	9	3.95%	2	1	93	93	0.0017960807336148846	1	1	97	113	0	9	-T
F1_BC61_191109_LF_LIB_consensus_vsearch	4061	G	*/-A	188	32	14.04%	2	2	93	93	6.905539526646406E-11	1	1	90	98	8	24	-A
F1_BC61_191109_LF_LIB_consensus_vsearch	4067	C	*/-T	208	13	5.68%	2	2	93	93	1.0179544238135389E-4	1	1	97	111	2	11	-T
F1_BC61_191109_LF_LIB_consensus_vsearch	4075	T	*/-C	213	7	3.08%	2	2	93	93	0.007443047448823043	1	1	93	120	4	3	-C
F1_BC61_191109_LF_LIB_consensus_vsearch	4105	C	*/-T	202	7	3.11%	2	1	93	93	0.007423793454516522	1	1	98	104	0	7	-T
F1_BC61_191109_LF_LIB_consensus_vsearch	4106	T	*/-C	208	8	3.64%	2	1	93	93	0.0036568954742723925	1	1	98	110	0	8	-C
F1_BC61_191109_LF_LIB_consensus_vsearch	4107	C	*/+T	197	9	4.13%	2	1	93	93	0.0017864043973660122	1	1	97	100	0	9	+T
F1_BC61_191109_LF_LIB_consensus_vsearch	4124	T	*/+C	176	9	4.02%	2	2	93	93	0.001767978203561041	1	1	61	115	5	4	+C
F1_BC61_191109_LF_LIB_consensus_vsearch	4124	T	*/-C	176	37	16.52%	2	2	93	93	1.312827074657805E-12	1	1	61	115	35	2	-C
F1_BC61_191109_LF_LIB_consensus_vsearch	4128	A	*/+G	206	9	3.96%	2	1	93	93	0.001793225137980622	1	1	91	115	0	9	+G
F1_BC61_191109_LF_LIB_consensus_vsearch	4131	C	*/+A	210	10	4.44%	2	1	93	93	8.796295164637225E-4	1	1	88	122	10	0	+A
F1_BC61_191109_LF_LIB_consensus_vsearch	4132	G	*/-A	215	9	3.98%	2	1	93	93	0.0017995100038167202	1	1	91	124	9	0	-A
F1_BC61_191109_LF_LIB_consensus_vsearch	4135	C	*/+A	217	7	3.06%	2	1	93	93	0.007449584424390529	1	1	99	118	0	7	+A
F1_BC61_191109_LF_LIB_consensus_vsearch	4139	C	*/-T	209	16	6.99%	2	1	93	93	1.1575814598307718E-5	1	1	100	109	0	16	-T
F1_BC61_191109_LF_LIB_consensus_vsearch	4141	C	*/-T	209	12	5.29%	2	1	93	93	2.0943559915765036E-4	1	1	99	110	0	12	-T
F1_BC61_191109_LF_LIB_consensus_vsearch	4142	T	*/+G	199	7	3.27%	2	2	93	93	0.007418189114685095	1	1	95	104	4	3	+G
F1_BC61_191109_LF_LIB_consensus_vsearch	4160	T	*/-G	191	19	8.72%	2	2	93	93	1.2456546324351246E-6	1	1	94	97	2	17	-G
F1_BC61_191109_LF_LIB_consensus_vsearch	4162	G	*/+A	209	12	5.31%	2	1	93	93	2.0943559915765036E-4	1	1	85	124	12	0	+A
F1_BC61_191109_LF_LIB_consensus_vsearch	4164	T	*/-A	187	23	10.22%	2	2	93	93	6.305854379020566E-8	1	1	75	112	18	5	-A
F1_BC61_191109_LF_LIB_consensus_vsearch	4166	A	*/-G	169	37	16.52%	2	2	93	93	1.2313859552522467E-12	1	1	66	103	22	15	-G
F1_BC61_191109_LF_LIB_consensus_vsearch	4177	C	*/-A	198	13	5.75%	2	2	93	93	1.0089614904466718E-4	1	1	90	108	5	8	-A
F1_BC61_191109_LF_LIB_consensus_vsearch	4185	C	*/-T	208	10	4.42%	2	1	93	93	8.787673881990181E-4	1	1	99	109	0	10	-T
F1_BC61_191109_LF_LIB_consensus_vsearch	4194	C	*/-T	218	7	3.07%	2	2	93	93	0.007451182688346346	1	1	99	119	1	6	-T
F1_BC61_191109_LF_LIB_consensus_vsearch	4196	A	*/-G	172	37	16.44%	2	2	93	93	1.2663836770743226E-12	1	1	85	87	5	32	-G
F1_BC61_191109_LF_LIB_consensus_vsearch	4201	T	*/-A	204	8	3.51%	2	2	93	93	0.0036522646351654408	1	1	85	119	4	4	-A
F1_BC61_191109_LF_LIB_consensus_vsearch	4203	A	*/+G	160	15	6.7%	2	2	93	93	2.2314583551599593E-5	1	1	66	94	8	7	+G
F1_BC61_191109_LF_LIB_consensus_vsearch	4203	A	*/-G	160	25	11.16%	2	2	93	93	1.2497798106544961E-8	1	1	66	94	16	9	-G
F1_BC61_191109_LF_LIB_consensus_vsearch	4203	A	*/-GG	160	13	5.8%	2	1	93	93	9.660784741618469E-5	1	1	66	94	0	13	-G
F1_BC61_191109_LF_LIB_consensus_vsearch	4214	T	*/+G	214	8	3.59%	2	1	93	93	0.003663533633296164	1	1	98	116	0	8	+G
F1_BC61_191109_LF_LIB_consensus_vsearch	4216	A	*/-G	196	22	9.82%	2	2	93	93	1.365213067807403E-7	1	1	80	116	17	5	-G
F1_BC61_191109_LF_LIB_consensus_vsearch	4236	C	*/-G	179	35	15.42%	2	2	93	93	6.403587322353786E-12	1	1	79	100	18	17	-G
F1_BC61_191109_LF_LIB_consensus_vsearch	4251	C	*/+T	192	11	4.93%	2	2	93	93	4.248818010929111E-4	1	1	91	101	1	10	+T
F1_BC61_191109_LF_LIB_consensus_vsearch	4251	C	*/-T	192	9	4.04%	2	2	93	93	0.0017823577244849092	1	1	91	101	2	7	+T
F1_BC61_191109_LF_LIB_consensus_vsearch	4265	C	*/+T	203	9	3.98%	2	2	93	93	0.0017910143883990014	1	1	92	111	4	5	+T
F1_BC61_191109_LF_LIB_consensus_vsearch	4265	C	*/-T	203	10	4.42%	2	2	93	93	8.765435124402236E-4	1	1	92	111	3	7	-T
F1_BC61_191109_LF_LIB_consensus_vsearch	4267	T	*/-C	205	13	5.73%	2	2	93	93	1.0153375468649412E-4	1	1	91	114	8	5	-C
F1_BC61_191109_LF_LIB_consensus_vsearch	4268	C	*/+A	8	86	41.55%	2	2	93	93	9.618471441434225E-45	1	1	4	4	39	47	+A
F1_BC61_191109_LF_LIB_consensus_vsearch	4269	C	*/-G	117	91	41.36%	2	2	93	93	1.1746741367948459E-33	1	1	58	59	42	49	-G
F1_BC61_191109_LF_LIB_consensus_vsearch	4273	C	*/-G	182	28	12.61%	2	2	93	93	1.4209132653381032E-9	1	1	87	95	6	22	-G
F1_BC61_191109_LF_LIB_consensus_vsearch	4281	G	*/-TG	211	7	3.12%	2	2	93	93	0.007439689863414905	1	1	96	115	1	6	-TG
F1_BC61_191109_LF_LIB_consensus_vsearch	4292	C	*/-T	191	23	10.18%	2	1	93	93	6.385661366550778E-8	1	1	98	93	0	23	-T
F1_BC61_191109_LF_LIB_consensus_vsearch	4320	C	*/-T	217	7	3.11%	2	2	93	93	0.007449584424390529	1	1	95	122	2	5	-T
F1_BC61_191109_LF_LIB_consensus_vsearch	4331	T	*/+C	195	19	8.56%	2	2	93	93	1.2560731117652181E-6	1	1	92	103	6	13	+C
F1_BC61_191109_LF_LIB_consensus_vsearch	4343	C	*/-G	200	9	3.98%	2	1	93	93	0.0017887416879729845	1	1	95	105	0	9	-G
F1_BC61_191109_LF_LIB_consensus_vsearch	4349	T	*/+G	163	8	3.59%	2	2	93	93	0.0035925563072326206	1	1	61	102	4	4	+G
F1_BC61_191109_LF_LIB_consensus_vsearch	4349	T	*/-G	163	46	20.63%	2	2	93	93	8.768123163328043E-16	1	1	61	102	27	19	-G
F1_BC61_191109_LF_LIB_consensus_vsearch	4370	T	*/+A	192	12	5.61%	2	2	93	93	2.0669925458579255E-4	1	1	84	108	1	11	+A
F1_BC61_191109_LF_LIB_consensus_vsearch	4370	T	*/-A	192	7	3.27%	2	1	93	93	0.007404462106241813	1	1	84	108	0	7	+A
