Chrom	Position	Ref	Cons	Reads1	Reads2	VarFreq	Strands1	Strands2	Qual1	Qual2	Pvalue	MapQual1	MapQual2	Reads1Plus	Reads1Minus	Reads2Plus	Reads2Minus	VarAllele
F2_BC62_191109_LF_LIB_consensus_vsearch	3	G	*/-T	77	11	11.83%	2	1	93	93	3.501443640331993E-4	1	1	73	4	11	0	-T
F2_BC62_191109_LF_LIB_consensus_vsearch	11	T	*/+G	87	12	11.88%	2	1	93	93	1.71337512702886E-4	1	1	82	5	12	0	+G
F2_BC62_191109_LF_LIB_consensus_vsearch	12	A	*/-G	89	9	8.91%	2	1	93	93	0.0016118239607923867	1	1	84	5	9	0	-G
F2_BC62_191109_LF_LIB_consensus_vsearch	24	T	*/-C	87	11	10.78%	2	2	93	93	3.629407527147718E-4	1	1	82	5	10	1	-C
F2_BC62_191109_LF_LIB_consensus_vsearch	32	T	*/-C	92	8	7.84%	2	1	93	93	0.003377337287624839	1	1	86	6	8	0	-C
F2_BC62_191109_LF_LIB_consensus_vsearch	45	T	*/+G	87	14	13.86%	2	1	93	93	3.764807618054374E-5	1	1	81	6	14	0	+G
F2_BC62_191109_LF_LIB_consensus_vsearch	67	G	*/-C	90	8	8%	2	1	93	93	0.003366921162543502	1	1	84	6	8	0	-C
F2_BC62_191109_LF_LIB_consensus_vsearch	85	A	*/-G	79	13	13.54%	2	1	93	93	7.743103760332356E-5	1	1	73	6	13	0	-G
F2_BC62_191109_LF_LIB_consensus_vsearch	109	G	*/+A	44	45	44.12%	1	2	93	93	1.4812831017457745E-17	1	1	44	0	41	4	+A
F2_BC62_191109_LF_LIB_consensus_vsearch	109	G	*/+AA	44	8	7.84%	1	2	93	93	0.0029216213584122254	1	1	44	0	7	1	+A
F2_BC62_191109_LF_LIB_consensus_vsearch	111	C	*/-G	77	16	15.84%	2	2	93	93	7.541173600628708E-6	1	1	73	4	15	1	-G
F2_BC62_191109_LF_LIB_consensus_vsearch	112	G	*/+A	54	7	8.14%	2	1	93	93	0.006513094748389102	1	1	49	5	7	0	+A
F2_BC62_191109_LF_LIB_consensus_vsearch	114	G	*/-C	74	8	7.84%	2	1	93	93	0.003266103505100527	1	1	69	5	8	0	-C
F2_BC62_191109_LF_LIB_consensus_vsearch	134	T	*/-C	78	17	16.67%	2	2	93	93	3.479778449936993E-6	1	1	73	5	16	1	-C
F2_BC62_191109_LF_LIB_consensus_vsearch	155	G	*/-C	90	7	6.86%	2	2	93	93	0.006984570496764789	1	1	86	4	5	2	-C
F2_BC62_191109_LF_LIB_consensus_vsearch	167	A	*/+C	67	13	12.75%	2	2	93	93	7.189135308580363E-5	1	1	64	3	11	2	+C
F2_BC62_191109_LF_LIB_consensus_vsearch	167	A	*/-C	67	11	10.78%	2	2	93	93	3.3447467096847986E-4	1	1	64	3	10	1	+C
F2_BC62_191109_LF_LIB_consensus_vsearch	175	T	*/-C	71	31	30.1%	2	1	93	93	3.148126672087655E-11	1	1	65	6	31	0	-C
F2_BC62_191109_LF_LIB_consensus_vsearch	188	G	*/-A	88	12	11.65%	2	1	93	93	1.719832570974524E-4	1	1	83	5	12	0	-A
F2_BC62_191109_LF_LIB_consensus_vsearch	205	T	*/-C	78	16	16.33%	2	2	93	93	7.603215341481552E-6	1	1	76	2	13	3	-C
F2_BC62_191109_LF_LIB_consensus_vsearch	211	A	*/-C	87	8	7.92%	2	1	93	93	0.0033505057613061914	1	1	81	6	8	0	-C
F2_BC62_191109_LF_LIB_consensus_vsearch	215	A	*/-CA	94	7	6.86%	2	1	93	93	0.007016672878749878	1	1	88	6	7	0	-CA
F2_BC62_191109_LF_LIB_consensus_vsearch	237	G	*/+T	91	7	6.8%	2	1	93	93	0.006992836260667077	1	1	86	5	7	0	+T
F2_BC62_191109_LF_LIB_consensus_vsearch	244	G	*/+C	92	8	7.92%	2	1	93	93	0.003377337287624839	1	1	86	6	8	0	+C
F2_BC62_191109_LF_LIB_consensus_vsearch	268	G	*/-A	84	8	8.08%	2	1	93	93	0.003333061730303187	1	1	78	6	8	0	-A
F2_BC62_191109_LF_LIB_consensus_vsearch	309	G	*/-T	87	14	13.59%	2	1	93	93	3.764807618054374E-5	1	1	81	6	14	0	-T
F2_BC62_191109_LF_LIB_consensus_vsearch	316	A	*/+G	32	53	52.48%	1	2	93	93	5.856427731929008E-22	1	1	32	0	48	5	+G
F2_BC62_191109_LF_LIB_consensus_vsearch	338	C	*/-GC	85	14	14.14%	2	1	93	93	3.725507904804453E-5	1	1	79	6	14	0	-GC
F2_BC62_191109_LF_LIB_consensus_vsearch	365	G	*/-C	62	30	29.41%	2	2	93	93	5.480301263518066E-11	1	1	60	2	29	1	-C
F2_BC62_191109_LF_LIB_consensus_vsearch	388	T	*/-C	88	13	12.62%	2	2	93	93	8.085779997867714E-5	1	1	83	5	12	1	-C
F2_BC62_191109_LF_LIB_consensus_vsearch	404	G	*/-A	91	9	8.91%	2	1	93	93	0.0016183074503201467	1	1	86	5	9	0	-A
F2_BC62_191109_LF_LIB_consensus_vsearch	419	A	*/-GA	91	7	6.93%	2	2	93	93	0.006992836260667077	1	1	87	4	6	1	-GA
F2_BC62_191109_LF_LIB_consensus_vsearch	434	T	*/-C	81	21	20.39%	2	1	93	93	1.514686183783026E-7	1	1	75	6	21	0	-C
F2_BC62_191109_LF_LIB_consensus_vsearch	447	T	*/-C	75	25	24.75%	2	2	93	93	5.363437730476785E-9	1	1	70	5	24	1	-C
F2_BC62_191109_LF_LIB_consensus_vsearch	513	T	*/-C	69	28	27.18%	2	2	93	93	3.8077860274161556E-10	1	1	66	3	26	2	-C
F2_BC62_191109_LF_LIB_consensus_vsearch	527	C	*/-A	68	28	27.45%	2	1	93	93	3.7026861283032975E-10	1	1	62	6	28	0	-A
F2_BC62_191109_LF_LIB_consensus_vsearch	540	A	*/-G	72	24	23.53%	2	1	93	93	1.1523826427200058E-8	1	1	66	6	24	0	-G
F2_BC62_191109_LF_LIB_consensus_vsearch	544	G	*/+C	23	56	57.14%	1	2	93	93	1.795268346396568E-24	1	1	23	0	51	5	+C
F2_BC62_191109_LF_LIB_consensus_vsearch	545	C	*/+TT	20	52	50.98%	1	2	93	93	5.640534999106082E-23	1	1	20	0	48	4	+TT
F2_BC62_191109_LF_LIB_consensus_vsearch	551	C	*/-A	96	7	6.8%	2	1	93	93	0.007031808995392218	1	1	90	6	7	0	-A
F2_BC62_191109_LF_LIB_consensus_vsearch	568	C	*/-GC	83	8	7.84%	2	1	93	93	0.0033270016180662106	1	1	77	6	8	0	-GC
F2_BC62_191109_LF_LIB_consensus_vsearch	570	C	*/-TT	82	9	9.47%	2	1	93	93	0.0015870180132160528	1	1	77	5	9	0	-TT
F2_BC62_191109_LF_LIB_consensus_vsearch	572	T	*/-A	72	9	9.57%	2	1	93	93	0.0015446322789749098	1	1	67	5	9	0	-A
F2_BC62_191109_LF_LIB_consensus_vsearch	625	T	*/+C	95	7	6.86%	2	1	93	93	0.007024313538872513	1	1	89	6	7	0	+C
F2_BC62_191109_LF_LIB_consensus_vsearch	632	T	*/-CC	87	7	6.93%	2	1	93	93	0.0069587427350203575	1	1	82	5	7	0	-CC
F2_BC62_191109_LF_LIB_consensus_vsearch	646	A	*/-G	88	7	6.86%	2	1	93	93	0.006967529026351955	1	1	82	6	7	0	-G
F2_BC62_191109_LF_LIB_consensus_vsearch	666	C	*/-A	94	8	7.84%	2	1	93	93	0.0033873593207767528	1	1	88	6	8	0	-A
F2_BC62_191109_LF_LIB_consensus_vsearch	678	T	*/-A	94	7	6.8%	2	1	93	93	0.007016672878749878	1	1	88	6	7	0	-A
F2_BC62_191109_LF_LIB_consensus_vsearch	688	T	*/-C	87	13	12.62%	2	1	93	93	8.050280119457902E-5	1	1	81	6	13	0	-C
F2_BC62_191109_LF_LIB_consensus_vsearch	716	T	*/+C	87	12	12%	2	1	93	93	1.71337512702886E-4	1	1	83	4	12	0	+C
F2_BC62_191109_LF_LIB_consensus_vsearch	732	C	*/-AC	82	14	13.86%	2	1	93	93	3.664084791437323E-5	1	1	76	6	14	0	-AC
F2_BC62_191109_LF_LIB_consensus_vsearch	739	T	*/-C	92	7	6.86%	2	2	93	93	0.00700093875247144	1	1	87	5	6	1	-C
F2_BC62_191109_LF_LIB_consensus_vsearch	790	T	*/-A	84	8	8.25%	2	1	93	93	0.003333061730303187	1	1	78	6	8	0	-A
F2_BC62_191109_LF_LIB_consensus_vsearch	802	A	*/+T	83	8	7.92%	2	1	93	93	0.0033270016180662106	1	1	77	6	8	0	+T
F2_BC62_191109_LF_LIB_consensus_vsearch	802	A	*/-T	83	7	6.93%	2	1	93	93	0.0069216930214951	1	1	77	6	7	0	+T
F2_BC62_191109_LF_LIB_consensus_vsearch	841	C	*/-AC	78	20	19.8%	2	1	93	93	3.24292036781081E-7	1	1	73	5	20	0	-AC
F2_BC62_191109_LF_LIB_consensus_vsearch	876	T	*/-C	93	10	9.71%	2	1	93	93	7.766140881779252E-4	1	1	87	6	10	0	-C
F2_BC62_191109_LF_LIB_consensus_vsearch	901	C	*/-T	72	22	21.57%	2	2	93	93	5.930975337829201E-8	1	1	70	2	20	2	-T
F2_BC62_191109_LF_LIB_consensus_vsearch	921	T	*/+G	85	15	14.71%	2	1	93	93	1.7317059356497582E-5	1	1	80	5	15	0	+G
F2_BC62_191109_LF_LIB_consensus_vsearch	922	A	*/-G	87	15	14.56%	2	1	93	93	1.7525828566808913E-5	1	1	81	6	15	0	-G
F2_BC62_191109_LF_LIB_consensus_vsearch	955	T	*/-C	65	34	33.01%	2	1	93	93	1.87713892935778E-12	1	1	62	3	34	0	-C
F2_BC62_191109_LF_LIB_consensus_vsearch	974	C	*/+T	81	7	7.22%	2	1	93	93	0.006901936923231458	1	1	75	6	7	0	+T
F2_BC62_191109_LF_LIB_consensus_vsearch	976	T	*/+A	23	63	63.64%	1	2	93	93	6.339066799608227E-28	1	1	23	0	57	6	+A
F2_BC62_191109_LF_LIB_consensus_vsearch	978	C	*/-A	81	13	13.13%	2	2	93	93	7.823995533797144E-5	1	1	78	3	10	3	-A
F2_BC62_191109_LF_LIB_consensus_vsearch	986	G	*/-C	87	12	11.65%	2	1	93	93	1.71337512702886E-4	1	1	81	6	12	0	-C
F2_BC62_191109_LF_LIB_consensus_vsearch	989	C	*/-AC	94	8	7.77%	2	1	93	93	0.0033873593207767528	1	1	88	6	8	0	-AC
F2_BC62_191109_LF_LIB_consensus_vsearch	997	T	*/-C	86	15	14.56%	2	1	93	93	1.7422248019719786E-5	1	1	81	5	15	0	-C
F2_BC62_191109_LF_LIB_consensus_vsearch	1004	A	*/+T	66	31	30.39%	2	1	93	93	2.6648297106895758E-11	1	1	62	4	31	0	+T
F2_BC62_191109_LF_LIB_consensus_vsearch	1007	T	+G/+G	3	92	90.2%	1	2	93	93	1.676589696692484E-51	1	1	3	0	88	4	+G
F2_BC62_191109_LF_LIB_consensus_vsearch	1020	C	*/+A	83	10	9.9%	2	1	93	93	7.566950955283912E-4	1	1	78	5	10	0	+A
F2_BC62_191109_LF_LIB_consensus_vsearch	1053	G	*/-A	83	18	17.82%	2	1	93	93	1.662549466255295E-6	1	1	77	6	18	0	-A
F2_BC62_191109_LF_LIB_consensus_vsearch	1092	A	*/+C	78	10	9.9%	2	1	93	93	7.451790311476478E-4	1	1	72	6	10	0	+C
F2_BC62_191109_LF_LIB_consensus_vsearch	1092	A	*/-C	78	11	10.89%	2	1	93	93	3.5153926045674693E-4	1	1	72	6	11	0	-C
F2_BC62_191109_LF_LIB_consensus_vsearch	1138	C	*/+AC	82	10	9.8%	2	1	93	93	7.54483973495983E-4	1	1	76	6	10	0	+AC
F2_BC62_191109_LF_LIB_consensus_vsearch	1146	T	*/-C	80	20	19.42%	2	1	93	93	3.321687077708545E-7	1	1	74	6	20	0	-C
F2_BC62_191109_LF_LIB_consensus_vsearch	1151	A	*/-G	49	30	30.61%	2	2	93	93	3.060228301124588E-11	1	1	44	5	29	1	-G
F2_BC62_191109_LF_LIB_consensus_vsearch	1151	A	*/-GGGA	49	9	9.18%	2	1	93	93	0.001396830324505615	1	1	44	5	9	0	-G
F2_BC62_191109_LF_LIB_consensus_vsearch	1158	C	+T/+T	8	94	91.26%	2	2	93	93	2.856012141912152E-49	1	1	7	1	90	4	+T
F2_BC62_191109_LF_LIB_consensus_vsearch	1159	T	+C/+C	6	83	80.58%	2	2	93	93	3.7985190829578585E-44	1	1	4	2	80	3	+C
F2_BC62_191109_LF_LIB_consensus_vsearch	1159	T	*/+CC	6	7	6.8%	2	1	93	93	0.002608695652173943	1	1	4	2	7	0	+C
F2_BC62_191109_LF_LIB_consensus_vsearch	1162	A	*/-G	74	24	23.53%	2	1	93	93	1.1974307317859867E-8	1	1	68	6	24	0	-G
F2_BC62_191109_LF_LIB_consensus_vsearch	1167	A	-C/-C	7	93	90.29%	1	2	93	93	2.879779159828746E-49	1	1	7	0	87	6	-C
F2_BC62_191109_LF_LIB_consensus_vsearch	1199	G	*/-C	58	36	36.36%	2	1	93	93	2.250317211165101E-13	1	1	53	5	36	0	-C
F2_BC62_191109_LF_LIB_consensus_vsearch	1224	G	*/-A	93	7	6.93%	2	1	93	93	0.00700888275818608	1	1	87	6	7	0	-A
F2_BC62_191109_LF_LIB_consensus_vsearch	1230	C	*/-AC	83	18	17.65%	2	1	93	93	1.662549466255295E-6	1	1	77	6	18	0	-AC
F2_BC62_191109_LF_LIB_consensus_vsearch	1234	T	*/+C	94	8	7.84%	2	1	93	93	0.0033873593207767528	1	1	88	6	8	0	+C
F2_BC62_191109_LF_LIB_consensus_vsearch	1280	T	*/-AC	88	7	7.07%	2	1	93	93	0.006967529026351955	1	1	83	5	7	0	-AC
F2_BC62_191109_LF_LIB_consensus_vsearch	1281	A	*/-C	71	13	13.83%	2	1	93	93	7.388087238621446E-5	1	1	65	6	13	0	-C
F2_BC62_191109_LF_LIB_consensus_vsearch	1281	A	*/-CC	71	7	7.45%	2	1	93	93	0.006788393631324507	1	1	65	6	7	0	-C
F2_BC62_191109_LF_LIB_consensus_vsearch	1359	C	*/+A	68	7	7%	2	1	93	93	0.006748603167255938	1	1	63	5	7	0	+A
F2_BC62_191109_LF_LIB_consensus_vsearch	1359	C	*/-A	68	22	22%	2	1	93	93	5.52644171409968E-8	1	1	63	5	22	0	-A
F2_BC62_191109_LF_LIB_consensus_vsearch	1368	T	*/-C	87	10	9.71%	2	2	93	93	7.651183435608197E-4	1	1	83	4	8	2	-C
F2_BC62_191109_LF_LIB_consensus_vsearch	1393	T	*/-C	75	25	24.27%	2	1	93	93	5.363437730476785E-9	1	1	69	6	25	0	-C
F2_BC62_191109_LF_LIB_consensus_vsearch	1398	G	*/-T	85	9	8.82%	2	1	93	93	0.0015980759098657691	1	1	79	6	9	0	-T
F2_BC62_191109_LF_LIB_consensus_vsearch	1406	T	*/-C	72	30	29.41%	2	2	93	93	7.607972790875357E-11	1	1	68	4	28	2	-C
F2_BC62_191109_LF_LIB_consensus_vsearch	1417	C	*/-GC	95	7	6.86%	2	1	93	93	0.007024313538872513	1	1	90	5	7	0	-GC
F2_BC62_191109_LF_LIB_consensus_vsearch	1423	C	*/+A	76	8	8%	2	1	93	93	0.0032807151767424653	1	1	70	6	8	0	+A
F2_BC62_191109_LF_LIB_consensus_vsearch	1423	C	*/-A	76	15	15%	2	1	93	93	1.6291743559238175E-5	1	1	70	6	15	0	-A
F2_BC62_191109_LF_LIB_consensus_vsearch	1430	C	*/-A	93	8	7.77%	2	1	93	93	0.003382396156936316	1	1	87	6	8	0	-A
F2_BC62_191109_LF_LIB_consensus_vsearch	1449	C	*/-A	94	8	7.84%	2	1	93	93	0.0033873593207767528	1	1	88	6	8	0	-A
F2_BC62_191109_LF_LIB_consensus_vsearch	1475	A	*/-C	92	11	10.68%	2	1	93	93	3.684954602069747E-4	1	1	86	6	11	0	-C
F2_BC62_191109_LF_LIB_consensus_vsearch	1532	G	*/-A	84	15	14.56%	2	1	93	93	1.721022673414966E-5	1	1	78	6	15	0	-A
F2_BC62_191109_LF_LIB_consensus_vsearch	1541	C	*/+A	79	7	6.8%	2	1	93	93	0.006881285700164685	1	1	74	5	7	0	+A
F2_BC62_191109_LF_LIB_consensus_vsearch	1541	C	*/-G	79	15	14.56%	2	1	93	93	1.665007916551503E-5	1	1	74	5	15	0	-G
F2_BC62_191109_LF_LIB_consensus_vsearch	1542	G	*/-A	79	8	9.09%	2	1	93	93	0.0033014260873630128	1	1	73	6	8	0	-A
F2_BC62_191109_LF_LIB_consensus_vsearch	1546	T	*/+C	79	16	15.53%	2	1	93	93	7.66432215555636E-6	1	1	74	5	16	0	+C
F2_BC62_191109_LF_LIB_consensus_vsearch	1554	C	*/-AC	73	27	26.47%	2	1	93	93	9.775723942252275E-10	1	1	67	6	27	0	-AC
F2_BC62_191109_LF_LIB_consensus_vsearch	1558	T	*/+C	95	8	7.77%	2	1	93	93	0.003392229465115033	1	1	89	6	8	0	+C
F2_BC62_191109_LF_LIB_consensus_vsearch	1567	C	*/+AA	87	7	6.8%	2	1	93	93	0.0069587427350203575	1	1	81	6	7	0	+AA
F2_BC62_191109_LF_LIB_consensus_vsearch	1572	A	*/+TCA	39	58	56.86%	2	2	93	93	1.2981992024330052E-23	1	1	37	2	54	4	+TCA
F2_BC62_191109_LF_LIB_consensus_vsearch	1574	C	*/+AA	79	15	14.56%	2	1	93	93	1.665007916551503E-5	1	1	76	3	15	0	+AA
F2_BC62_191109_LF_LIB_consensus_vsearch	1576	C	*/-A	85	14	13.59%	2	1	93	93	3.725507904804453E-5	1	1	79	6	14	0	-A
F2_BC62_191109_LF_LIB_consensus_vsearch	1582	G	*/+A	85	14	13.59%	2	1	93	93	3.725507904804453E-5	1	1	79	6	14	0	+A
F2_BC62_191109_LF_LIB_consensus_vsearch	1590	C	*/-A	68	26	26%	2	1	93	93	2.000048878432625E-9	1	1	62	6	26	0	-A
F2_BC62_191109_LF_LIB_consensus_vsearch	1610	C	*/-AC	86	12	11.76%	2	1	93	93	1.7068024587124582E-4	1	1	80	6	12	0	-AC
F2_BC62_191109_LF_LIB_consensus_vsearch	1614	C	*/-A	60	28	27.72%	2	1	93	93	2.8793316292007673E-10	1	1	56	4	28	0	-A
F2_BC62_191109_LF_LIB_consensus_vsearch	1675	A	*/+T	70	27	26.47%	2	2	93	93	9.084289522551536E-10	1	1	68	2	23	4	+T
F2_BC62_191109_LF_LIB_consensus_vsearch	1688	C	*/+T	80	12	11.65%	2	1	93	93	1.6647673084717405E-4	1	1	75	5	12	0	+T
F2_BC62_191109_LF_LIB_consensus_vsearch	1688	C	*/-T	80	10	9.71%	2	1	93	93	7.499263913844549E-4	1	1	75	5	10	0	+T
F2_BC62_191109_LF_LIB_consensus_vsearch	1699	T	*/-C	81	18	17.65%	2	2	93	93	1.6321376011457826E-6	1	1	78	3	17	1	-C
F2_BC62_191109_LF_LIB_consensus_vsearch	1716	G	*/-TG	85	12	11.65%	2	2	93	93	1.7001115011055435E-4	1	1	80	5	11	1	-TG
F2_BC62_191109_LF_LIB_consensus_vsearch	1749	G	*/-A	86	11	10.78%	2	1	93	93	3.617679124445076E-4	1	1	80	6	11	0	-A
F2_BC62_191109_LF_LIB_consensus_vsearch	1766	A	*/-CT	89	7	7.14%	2	1	93	93	0.0069761364802936685	1	1	83	6	7	0	-CT
F2_BC62_191109_LF_LIB_consensus_vsearch	1781	A	*/-CA	93	7	6.8%	2	1	93	93	0.00700888275818608	1	1	87	6	7	0	-CA
F2_BC62_191109_LF_LIB_consensus_vsearch	1801	G	*/-A	73	13	12.87%	2	1	93	93	7.481907146168648E-5	1	1	67	6	13	0	-A
F2_BC62_191109_LF_LIB_consensus_vsearch	1801	G	*/-AG	73	14	13.86%	2	1	93	93	3.459841454875879E-5	1	1	67	6	14	0	-AG
F2_BC62_191109_LF_LIB_consensus_vsearch	1812	G	*/+A	39	24	24%	1	1	93	93	3.939405109343815E-9	1	1	39	0	24	0	+A
F2_BC62_191109_LF_LIB_consensus_vsearch	1815	G	*/-C	67	32	31.37%	2	2	93	93	1.1627054562438317E-11	1	1	65	2	29	3	-C
F2_BC62_191109_LF_LIB_consensus_vsearch	1819	G	*/-CG	40	54	54.55%	2	2	93	93	9.852606482204913E-22	1	1	36	4	52	2	-CG
F2_BC62_191109_LF_LIB_consensus_vsearch	1849	A	*/-C	88	9	9.09%	2	1	93	93	0.0016084874268040704	1	1	82	6	9	0	-C
F2_BC62_191109_LF_LIB_consensus_vsearch	1902	C	*/+A	88	8	7.77%	2	1	93	93	0.0033560872797097677	1	1	82	6	8	0	+A
F2_BC62_191109_LF_LIB_consensus_vsearch	1913	T	*/+A	87	7	7.14%	2	1	93	93	0.0069587427350203575	1	1	81	6	7	0	+A
F2_BC62_191109_LF_LIB_consensus_vsearch	1924	T	*/+C	90	7	6.86%	2	1	93	93	0.006984570496764789	1	1	85	5	7	0	+C
F2_BC62_191109_LF_LIB_consensus_vsearch	1933	A	*/-G	90	12	11.65%	2	1	93	93	1.7324135340535205E-4	1	1	84	6	12	0	-G
F2_BC62_191109_LF_LIB_consensus_vsearch	1938	T	*/-AC	86	13	12.62%	2	1	93	93	8.014173981261941E-5	1	1	80	6	13	0	-AC
F2_BC62_191109_LF_LIB_consensus_vsearch	1942	C	*/-A	77	12	12.12%	2	2	93	93	1.641919899139002E-4	1	1	73	4	11	1	-A
F2_BC62_191109_LF_LIB_consensus_vsearch	1957	A	*/-CA	82	16	16%	2	1	93	93	7.842222132335323E-6	1	1	76	6	16	0	-CA
F2_BC62_191109_LF_LIB_consensus_vsearch	1969	T	*/+C	37	51	49.51%	2	2	93	93	1.2820047624499884E-20	1	1	35	2	48	3	+C
F2_BC62_191109_LF_LIB_consensus_vsearch	1969	T	*/-C	37	13	12.62%	2	1	93	93	4.9906250980141915E-5	1	1	35	2	13	0	+C
F2_BC62_191109_LF_LIB_consensus_vsearch	1971	C	*/-G	91	7	6.8%	2	1	93	93	0.006992836260667077	1	1	86	5	7	0	-G
F2_BC62_191109_LF_LIB_consensus_vsearch	1976	C	*/-A	93	8	7.84%	2	1	93	93	0.003382396156936316	1	1	87	6	8	0	-A
F2_BC62_191109_LF_LIB_consensus_vsearch	1991	A	*/-G	56	31	33.33%	2	1	93	93	1.7782935092015407E-11	1	1	50	6	31	0	-G
F2_BC62_191109_LF_LIB_consensus_vsearch	1997	T	*/-C	86	16	15.53%	2	2	93	93	8.06744489582909E-6	1	1	81	5	15	1	-C
F2_BC62_191109_LF_LIB_consensus_vsearch	2051	T	*/+C	88	9	8.74%	2	1	93	93	0.0016084874268040704	1	1	82	6	9	0	+C
F2_BC62_191109_LF_LIB_consensus_vsearch	2053	C	*/-T	93	8	7.77%	2	1	93	93	0.003382396156936316	1	1	87	6	8	0	-T
F2_BC62_191109_LF_LIB_consensus_vsearch	2055	A	*/-C	61	24	24.49%	2	1	93	93	8.985723525394314E-9	1	1	55	6	24	0	-C
F2_BC62_191109_LF_LIB_consensus_vsearch	2091	T	*/-C	68	32	31.07%	2	1	93	93	1.2053230963777033E-11	1	1	62	6	32	0	-C
F2_BC62_191109_LF_LIB_consensus_vsearch	2128	C	*/-AC	90	8	7.77%	2	1	93	93	0.003366921162543502	1	1	85	5	8	0	-AC
F2_BC62_191109_LF_LIB_consensus_vsearch	2129	A	*/-C	78	7	7.69%	2	1	93	93	0.006870605212382576	1	1	72	6	7	0	-C
F2_BC62_191109_LF_LIB_consensus_vsearch	2156	A	*/-G	74	17	17.35%	2	1	93	93	3.3497921610147527E-6	1	1	69	5	17	0	-G
F2_BC62_191109_LF_LIB_consensus_vsearch	2169	T	*/+C	90	10	9.8%	2	1	93	93	7.710260627179726E-4	1	1	85	5	10	0	+C
F2_BC62_191109_LF_LIB_consensus_vsearch	2179	G	*/-A	80	16	16.16%	2	1	93	93	7.724513167248218E-6	1	1	74	6	16	0	-A
F2_BC62_191109_LF_LIB_consensus_vsearch	2190	C	*/-A	94	7	6.86%	2	1	93	93	0.007016672878749878	1	1	88	6	7	0	-A
F2_BC62_191109_LF_LIB_consensus_vsearch	2215	A	*/-G	73	28	27.72%	2	1	93	93	4.231283497391926E-10	1	1	67	6	28	0	-G
F2_BC62_191109_LF_LIB_consensus_vsearch	2217	A	*/-GA	90	8	7.92%	2	2	93	93	0.003366921162543502	1	1	85	5	7	1	-GA
F2_BC62_191109_LF_LIB_consensus_vsearch	2229	C	*/-A	92	7	6.8%	2	1	93	93	0.00700093875247144	1	1	87	5	7	0	-A
F2_BC62_191109_LF_LIB_consensus_vsearch	2244	T	*/-C	74	27	26.73%	2	2	93	93	1.000641367626452E-9	1	1	70	4	25	2	-C
F2_BC62_191109_LF_LIB_consensus_vsearch	2251	T	*/+C	88	12	11.88%	2	1	93	93	1.719832570974524E-4	1	1	84	4	12	0	+C
F2_BC62_191109_LF_LIB_consensus_vsearch	2264	C	*/+A	62	10	9.8%	2	2	93	93	6.986800682143436E-4	1	1	57	5	9	1	+A
F2_BC62_191109_LF_LIB_consensus_vsearch	2264	C	*/-A	62	21	20.59%	2	1	93	93	1.1206543307876933E-7	1	1	57	5	21	0	-A
F2_BC62_191109_LF_LIB_consensus_vsearch	2267	A	*/+G	80	8	7.92%	2	1	93	93	0.003308028939537178	1	1	74	6	8	0	+G
F2_BC62_191109_LF_LIB_consensus_vsearch	2267	A	*/-G	80	11	10.89%	2	1	93	93	3.5424699703522257E-4	1	1	74	6	11	0	-G
F2_BC62_191109_LF_LIB_consensus_vsearch	2274	T	*/-CC	84	7	6.86%	2	1	93	93	0.00693125337097071	1	1	78	6	7	0	-CC
F2_BC62_191109_LF_LIB_consensus_vsearch	2298	A	*/-GG	42	57	55.88%	1	2	93	93	6.36281026187959E-23	1	1	42	0	52	5	-GG
F2_BC62_191109_LF_LIB_consensus_vsearch	2300	G	*/-AG	5	8	17.39%	1	1	93	93	8.237986270022903E-4	1	1	5	0	8	0	-AG
F2_BC62_191109_LF_LIB_consensus_vsearch	2300	G	*/-AGG	5	19	41.3%	1	1	93	93	3.6825992147203637E-9	1	1	5	0	19	0	-AGG
F2_BC62_191109_LF_LIB_consensus_vsearch	2300	G	*/-AGGG	5	9	19.57%	1	1	93	93	2.898550724637687E-4	1	1	5	0	9	0	-AGG
F2_BC62_191109_LF_LIB_consensus_vsearch	2301	A	*/-G	46	15	24.19%	2	1	93	93	1.1456993050928616E-5	1	1	42	4	15	0	-G
F2_BC62_191109_LF_LIB_consensus_vsearch	2322	T	*/+A	92	8	7.77%	2	1	93	93	0.003377337287624839	1	1	86	6	8	0	+A
F2_BC62_191109_LF_LIB_consensus_vsearch	2386	A	*/-CA	87	11	10.89%	2	1	93	93	3.629407527147718E-4	1	1	81	6	11	0	-CA
F2_BC62_191109_LF_LIB_consensus_vsearch	2402	A	*/-T	93	9	8.74%	2	1	93	93	0.0016245498783317288	1	1	87	6	9	0	-T
F2_BC62_191109_LF_LIB_consensus_vsearch	2432	C	*/+A	81	12	11.76%	2	1	93	93	1.6720996169374304E-4	1	1	75	6	12	0	+A
F2_BC62_191109_LF_LIB_consensus_vsearch	2434	A	*/-G	85	17	16.5%	2	2	93	93	3.690426920433769E-6	1	1	81	4	16	1	-G
F2_BC62_191109_LF_LIB_consensus_vsearch	2439	T	*/-C	88	13	12.62%	2	1	93	93	8.085779997867714E-5	1	1	82	6	13	0	-C
F2_BC62_191109_LF_LIB_consensus_vsearch	2462	G	*/-T	49	36	34.95%	2	1	93	93	1.2717766801009104E-13	1	1	43	6	36	0	-T
F2_BC62_191109_LF_LIB_consensus_vsearch	2462	G	*/-TT	49	14	13.59%	2	1	93	93	2.7129656724531104E-5	1	1	43	6	14	0	-T
F2_BC62_191109_LF_LIB_consensus_vsearch	2469	A	-C/-C	1	98	98%	1	2	93	93	4.395433779468769E-57	1	1	1	0	92	6	-C
F2_BC62_191109_LF_LIB_consensus_vsearch	2484	T	*/+C	95	7	6.86%	2	1	93	93	0.007024313538872513	1	1	89	6	7	0	+C
F2_BC62_191109_LF_LIB_consensus_vsearch	2485	C	*/-A	92	9	8.74%	2	1	93	93	0.0016214579515213031	1	1	86	6	9	0	-A
F2_BC62_191109_LF_LIB_consensus_vsearch	2507	C	*/+A	89	7	7.07%	2	1	93	93	0.0069761364802936685	1	1	84	5	7	0	+A
F2_BC62_191109_LF_LIB_consensus_vsearch	2509	T	*/+A	91	9	8.82%	2	1	93	93	0.0016183074503201467	1	1	85	6	9	0	+A
F2_BC62_191109_LF_LIB_consensus_vsearch	2512	G	*/-C	88	7	6.86%	2	2	93	93	0.006967529026351955	1	1	84	4	6	1	-C
F2_BC62_191109_LF_LIB_consensus_vsearch	2520	A	*/-G	22	43	43.88%	1	2	93	93	2.391614110968598E-18	1	1	22	0	37	6	-G
F2_BC62_191109_LF_LIB_consensus_vsearch	2520	A	*/-GG	22	32	32.65%	1	1	93	93	2.9233329639999195E-13	1	1	22	0	32	0	-G
F2_BC62_191109_LF_LIB_consensus_vsearch	2543	A	*/-G	85	7	6.93%	2	1	93	93	0.006940610897217693	1	1	80	5	7	0	-G
F2_BC62_191109_LF_LIB_consensus_vsearch	2560	A	*/+G	60	30	30%	2	2	93	93	5.077885767810182E-11	1	1	58	2	27	3	+G
F2_BC62_191109_LF_LIB_consensus_vsearch	2560	A	*/+GG	60	7	7%	2	2	93	93	0.00662566455193586	1	1	58	2	6	1	+G
F2_BC62_191109_LF_LIB_consensus_vsearch	2577	A	*/-C	89	9	8.82%	2	1	93	93	0.0016118239607923867	1	1	83	6	9	0	-C
F2_BC62_191109_LF_LIB_consensus_vsearch	2594	T	*/-C	66	37	35.92%	2	1	93	93	1.3868770298746302E-13	1	1	60	6	37	0	-C
F2_BC62_191109_LF_LIB_consensus_vsearch	2608	G	*/+A	69	28	27.18%	2	1	93	93	3.8077860274161556E-10	1	1	63	6	28	0	+A
F2_BC62_191109_LF_LIB_consensus_vsearch	2611	C	*/+G	63	27	27%	2	2	93	93	7.483983457081585E-10	1	1	62	1	23	4	+G
F2_BC62_191109_LF_LIB_consensus_vsearch	2622	C	*/-A	89	8	7.84%	2	1	93	93	0.0033615579930956	1	1	83	6	8	0	-A
F2_BC62_191109_LF_LIB_consensus_vsearch	2660	C	*/-G	91	7	6.86%	2	1	93	93	0.006992836260667077	1	1	85	6	7	0	-G
F2_BC62_191109_LF_LIB_consensus_vsearch	2705	G	*/-A	90	7	7%	2	1	93	93	0.006984570496764789	1	1	84	6	7	0	-A
F2_BC62_191109_LF_LIB_consensus_vsearch	2717	T	*/+C	92	7	6.93%	2	1	93	93	0.00700093875247144	1	1	88	4	7	0	+C
F2_BC62_191109_LF_LIB_consensus_vsearch	2740	G	*/-A	91	12	11.65%	2	1	93	93	1.7385426840533266E-4	1	1	85	6	12	0	-A
F2_BC62_191109_LF_LIB_consensus_vsearch	2753	T	*/+C	73	7	6.93%	2	1	93	93	0.006813309504518076	1	1	68	5	7	0	+C
F2_BC62_191109_LF_LIB_consensus_vsearch	2753	T	*/-C	73	19	18.81%	2	2	93	93	6.772803822818163E-7	1	1	68	5	18	1	-C
F2_BC62_191109_LF_LIB_consensus_vsearch	2757	A	*/-C	53	33	32.35%	2	2	93	93	2.553009837326621E-12	1	1	50	3	32	1	-C
F2_BC62_191109_LF_LIB_consensus_vsearch	2757	A	*/-CC	53	7	6.86%	2	2	93	93	0.0064922289986227965	1	1	50	3	5	2	-C
F2_BC62_191109_LF_LIB_consensus_vsearch	2764	C	+A/+A	5	90	89.11%	1	2	93	93	8.299118998626912E-49	1	1	5	0	84	6	+A
F2_BC62_191109_LF_LIB_consensus_vsearch	2800	T	*/-GT	91	9	8.74%	2	2	93	93	0.0016183074503201467	1	1	88	3	6	3	-GT
F2_BC62_191109_LF_LIB_consensus_vsearch	2804	C	*/-A	57	41	40.2%	2	1	93	93	2.1928479076286712E-15	1	1	52	5	41	0	-A
F2_BC62_191109_LF_LIB_consensus_vsearch	2807	A	*/-G	90	7	6.86%	2	2	93	93	0.006984570496764789	1	1	86	4	6	1	-G
F2_BC62_191109_LF_LIB_consensus_vsearch	2812	A	*/+G	76	9	8.91%	2	2	93	93	0.0015627075250163828	1	1	74	2	8	1	+G
F2_BC62_191109_LF_LIB_consensus_vsearch	2812	A	*/-G	76	7	6.93%	2	2	93	93	0.006848492931449737	1	1	74	2	5	2	+G
F2_BC62_191109_LF_LIB_consensus_vsearch	2849	C	*/+A	92	7	6.8%	2	1	93	93	0.00700093875247144	1	1	86	6	7	0	+A
F2_BC62_191109_LF_LIB_consensus_vsearch	2877	T	*/-C	89	14	13.59%	2	1	93	93	3.802858977190336E-5	1	1	83	6	14	0	-C
F2_BC62_191109_LF_LIB_consensus_vsearch	2889	T	*/-C	89	13	12.62%	2	1	93	93	8.120688440876153E-5	1	1	83	6	13	0	-C
F2_BC62_191109_LF_LIB_consensus_vsearch	2909	C	*/-A	93	8	7.84%	2	1	93	93	0.003382396156936316	1	1	87	6	8	0	-A
F2_BC62_191109_LF_LIB_consensus_vsearch	2928	C	*/-TC	88	8	7.92%	2	1	93	93	0.0033560872797097677	1	1	87	1	8	0	-TC
F2_BC62_191109_LF_LIB_consensus_vsearch	2929	T	*/+C	82	9	9.78%	2	1	93	93	0.0015870180132160528	1	1	78	4	9	0	+C
F2_BC62_191109_LF_LIB_consensus_vsearch	2970	G	*/+TG	78	9	9%	2	1	93	93	0.001571160607841898	1	1	72	6	9	0	+TG
F2_BC62_191109_LF_LIB_consensus_vsearch	2972	G	*/-T	79	12	12.12%	2	2	93	93	1.6572958925623843E-4	1	1	75	4	11	1	-T
F2_BC62_191109_LF_LIB_consensus_vsearch	2975	C	+G/+G	4	77	76.24%	1	2	93	93	5.533593675754227E-42	1	1	4	0	73	4	+G
F2_BC62_191109_LF_LIB_consensus_vsearch	2975	C	*/-G	4	13	12.87%	1	2	93	93	2.5647000546646834E-6	1	1	4	0	12	1	+G
F2_BC62_191109_LF_LIB_consensus_vsearch	2976	G	+C/+C	12	71	79.78%	1	2	93	93	9.450320188964149E-35	1	1	12	0	67	4	+C
F2_BC62_191109_LF_LIB_consensus_vsearch	3005	G	*/-T	91	7	6.86%	2	1	93	93	0.006992836260667077	1	1	85	6	7	0	-T
F2_BC62_191109_LF_LIB_consensus_vsearch	3007	T	*/-A	81	11	10.78%	2	1	93	93	3.555614127970116E-4	1	1	75	6	11	0	-A
F2_BC62_191109_LF_LIB_consensus_vsearch	3025	C	*/-AC	88	12	11.76%	2	1	93	93	1.719832570974524E-4	1	1	82	6	12	0	-AC
F2_BC62_191109_LF_LIB_consensus_vsearch	3034	C	*/-G	89	10	9.71%	2	1	93	93	7.690936665708389E-4	1	1	83	6	10	0	-G
F2_BC62_191109_LF_LIB_consensus_vsearch	3058	G	*/+A	84	9	8.74%	2	1	93	93	0.0015944646655782606	1	1	78	6	9	0	+A
F2_BC62_191109_LF_LIB_consensus_vsearch	3061	G	*/-A	89	7	7.07%	2	1	93	93	0.0069761364802936685	1	1	84	5	7	0	-A
F2_BC62_191109_LF_LIB_consensus_vsearch	3073	C	*/-G	78	11	10.78%	2	1	93	93	3.5153926045674693E-4	1	1	72	6	11	0	-G
F2_BC62_191109_LF_LIB_consensus_vsearch	3073	C	*/-GA	78	8	7.84%	2	1	93	93	0.003294676183715407	1	1	72	6	8	0	-G
F2_BC62_191109_LF_LIB_consensus_vsearch	3074	G	*/+A	67	10	11.9%	2	1	93	93	7.15083779311783E-4	1	1	61	6	10	0	+A
F2_BC62_191109_LF_LIB_consensus_vsearch	3076	A	*/+G	73	9	8.82%	1	2	93	93	0.0015493055088298398	1	1	73	0	8	1	+G
F2_BC62_191109_LF_LIB_consensus_vsearch	3076	A	*/+GC	73	9	8.82%	1	2	93	93	0.0015493055088298398	1	1	73	0	4	5	+G
F2_BC62_191109_LF_LIB_consensus_vsearch	3077	A	*/+G	22	9	8.82%	1	1	93	93	9.937635520765498E-4	1	1	22	0	9	0	+G
F2_BC62_191109_LF_LIB_consensus_vsearch	3078	C	*/-A	72	19	19.39%	2	1	93	93	6.687205193570978E-7	1	1	68	4	19	0	-A
F2_BC62_191109_LF_LIB_consensus_vsearch	3088	T	*/-GG	56	31	30.39%	2	1	93	93	1.7782935092015407E-11	1	1	50	6	31	0	-GG
F2_BC62_191109_LF_LIB_consensus_vsearch	3089	G	*/+A	21	24	33.8%	1	1	93	93	8.578401106792082E-10	1	1	21	0	24	0	+A
F2_BC62_191109_LF_LIB_consensus_vsearch	3089	G	*/+AG	21	21	29.58%	1	2	93	93	1.6450808800819E-8	1	1	21	0	15	6	+A
F2_BC62_191109_LF_LIB_consensus_vsearch	3101	C	*/-A	92	10	9.8%	2	1	93	93	7.747853265891162E-4	1	1	86	6	10	0	-A
F2_BC62_191109_LF_LIB_consensus_vsearch	3105	C	*/-TT	84	15	14.56%	2	1	93	93	1.721022673414966E-5	1	1	78	6	15	0	-TT
F2_BC62_191109_LF_LIB_consensus_vsearch	3129	T	*/+C	93	8	7.77%	2	1	93	93	0.003382396156936316	1	1	87	6	8	0	+C
F2_BC62_191109_LF_LIB_consensus_vsearch	3150	A	*/-C	82	12	11.65%	2	1	93	93	1.679296602375506E-4	1	1	76	6	12	0	-C
F2_BC62_191109_LF_LIB_consensus_vsearch	3196	G	*/-A	88	11	10.68%	2	1	93	93	3.6409221449363173E-4	1	1	82	6	11	0	-A
F2_BC62_191109_LF_LIB_consensus_vsearch	3219	T	*/+C	67	10	9.8%	2	1	93	93	7.15083779311783E-4	1	1	61	6	10	0	+C
F2_BC62_191109_LF_LIB_consensus_vsearch	3219	T	*/-C	67	24	23.53%	2	1	93	93	1.0381161230905917E-8	1	1	61	6	24	0	-C
F2_BC62_191109_LF_LIB_consensus_vsearch	3234	G	*/-C	92	7	6.8%	2	1	93	93	0.00700093875247144	1	1	86	6	7	0	-C
F2_BC62_191109_LF_LIB_consensus_vsearch	3239	G	*/+A	91	7	6.86%	2	1	93	93	0.006992836260667077	1	1	85	6	7	0	+A
F2_BC62_191109_LF_LIB_consensus_vsearch	3241	T	*/+A	94	7	6.8%	2	1	93	93	0.007016672878749878	1	1	88	6	7	0	+A
F2_BC62_191109_LF_LIB_consensus_vsearch	3242	G	*/-A	92	8	7.77%	2	1	93	93	0.003377337287624839	1	1	86	6	8	0	-A
F2_BC62_191109_LF_LIB_consensus_vsearch	3247	T	*/-C	75	23	22.55%	2	2	93	93	2.7620735546529058E-8	1	1	72	3	20	3	-C
F2_BC62_191109_LF_LIB_consensus_vsearch	3271	C	+G/+G	7	85	84.16%	2	2	93	93	1.033588878327116E-44	1	1	6	1	80	5	+G
F2_BC62_191109_LF_LIB_consensus_vsearch	3279	C	*/-AC	85	15	14.56%	2	1	93	93	1.7317059356497582E-5	1	1	79	6	15	0	-AC
F2_BC62_191109_LF_LIB_consensus_vsearch	3289	T	*/+A	86	15	14.71%	2	1	93	93	1.7422248019719786E-5	1	1	80	6	15	0	+A
F2_BC62_191109_LF_LIB_consensus_vsearch	3292	G	*/-C	86	11	11%	2	1	93	93	3.617679124445076E-4	1	1	81	5	11	0	-C
F2_BC62_191109_LF_LIB_consensus_vsearch	3335	T	*/+C	63	13	13%	2	1	93	93	6.973589833777482E-5	1	1	60	3	13	0	+C
F2_BC62_191109_LF_LIB_consensus_vsearch	3335	T	*/-C	63	20	20%	2	2	93	93	2.597071941189916E-7	1	1	60	3	17	3	-C
F2_BC62_191109_LF_LIB_consensus_vsearch	3342	G	*/-A	90	9	9%	2	1	93	93	0.0016150966997992011	1	1	84	6	9	0	-A
F2_BC62_191109_LF_LIB_consensus_vsearch	3345	T	*/-C	80	23	22.33%	2	1	93	93	2.992428802108374E-8	1	1	74	6	23	0	-C
F2_BC62_191109_LF_LIB_consensus_vsearch	3349	A	*/+G	79	16	15.53%	2	1	93	93	7.66432215555636E-6	1	1	73	6	16	0	+G
F2_BC62_191109_LF_LIB_consensus_vsearch	3351	G	*/+AC	67	12	11.65%	2	1	93	93	1.555200699407391E-4	1	1	63	4	12	0	+AC
F2_BC62_191109_LF_LIB_consensus_vsearch	3352	T	*/-C	19	14	13.59%	2	1	93	93	1.0577067317699397E-5	1	1	17	2	14	0	-C
F2_BC62_191109_LF_LIB_consensus_vsearch	3353	C	*/+T	20	65	73.03%	2	2	93	93	1.7253664526912668E-29	1	1	18	2	62	3	+T
F2_BC62_191109_LF_LIB_consensus_vsearch	3372	C	*/+A	90	7	6.86%	2	1	93	93	0.006984570496764789	1	1	84	6	7	0	+A
F2_BC62_191109_LF_LIB_consensus_vsearch	3373	G	*/-A	89	10	10%	2	1	93	93	7.690936665708389E-4	1	1	83	6	10	0	-A
F2_BC62_191109_LF_LIB_consensus_vsearch	3383	C	*/+A	64	10	9.9%	2	1	93	93	7.054802053515234E-4	1	1	58	6	10	0	+A
F2_BC62_191109_LF_LIB_consensus_vsearch	3383	C	*/-G	64	19	18.81%	2	1	93	93	5.965149614919937E-7	1	1	58	6	19	0	-G
F2_BC62_191109_LF_LIB_consensus_vsearch	3385	C	*/+A	43	30	31.25%	1	2	93	93	2.1366481322240073E-11	1	1	43	0	24	6	+A
F2_BC62_191109_LF_LIB_consensus_vsearch	3387	T	*/+A	39	9	8.91%	1	1	93	93	0.0012935215335016762	1	1	39	0	9	0	+A
F2_BC62_191109_LF_LIB_consensus_vsearch	3388	G	*/-A	39	40	39.22%	1	2	93	93	1.1086109521716435E-15	1	1	39	0	34	6	-A
F2_BC62_191109_LF_LIB_consensus_vsearch	3389	A	*/+G	38	21	33.87%	1	1	93	93	5.4447741999261833E-8	1	1	38	0	21	0	+G
F2_BC62_191109_LF_LIB_consensus_vsearch	3392	A	*/-C	80	10	9.9%	2	1	93	93	7.499263913844549E-4	1	1	74	6	10	0	-C
F2_BC62_191109_LF_LIB_consensus_vsearch	3447	C	*/-T	81	16	15.69%	2	2	93	93	7.783807069894937E-6	1	1	77	4	15	1	-T
F2_BC62_191109_LF_LIB_consensus_vsearch	3450	T	*/+A	78	16	15.53%	2	1	93	93	7.603215341481552E-6	1	1	72	6	16	0	+A
F2_BC62_191109_LF_LIB_consensus_vsearch	3453	T	*/-C	43	54	52.94%	2	2	93	93	1.6125835804719237E-21	1	1	41	2	52	2	-C
F2_BC62_191109_LF_LIB_consensus_vsearch	3465	C	*/+A	93	7	6.86%	2	1	93	93	0.00700888275818608	1	1	87	6	7	0	+A
F2_BC62_191109_LF_LIB_consensus_vsearch	3468	G	*/-CT	89	11	11%	2	1	93	93	3.65222871813782E-4	1	1	83	6	11	0	-CT
F2_BC62_191109_LF_LIB_consensus_vsearch	3479	G	*/-A	85	12	12%	2	1	93	93	1.7001115011055435E-4	1	1	79	6	12	0	-A
F2_BC62_191109_LF_LIB_consensus_vsearch	3485	A	*/+C	65	36	34.95%	2	2	93	93	3.213507542381805E-13	1	1	61	4	34	2	+C
F2_BC62_191109_LF_LIB_consensus_vsearch	3521	A	*/-G	61	33	33.67%	2	1	93	93	3.80587477543159E-12	1	1	55	6	33	0	-G
F2_BC62_191109_LF_LIB_consensus_vsearch	3526	C	*/-A	89	10	9.9%	2	1	93	93	7.690936665708389E-4	1	1	83	6	10	0	-A
F2_BC62_191109_LF_LIB_consensus_vsearch	3531	G	*/-A	90	11	10.68%	2	1	93	93	3.663332785550111E-4	1	1	84	6	11	0	-A
F2_BC62_191109_LF_LIB_consensus_vsearch	3537	A	*/+C	31	49	48.51%	2	2	93	93	3.254545418783162E-20	1	1	27	4	47	2	+C
F2_BC62_191109_LF_LIB_consensus_vsearch	3537	A	*/-CC	31	9	8.91%	2	1	93	93	0.0011791225940696183	1	1	27	4	9	0	+C
F2_BC62_191109_LF_LIB_consensus_vsearch	3543	G	*/-C	91	7	6.86%	2	1	93	93	0.006992836260667077	1	1	85	6	7	0	-C
F2_BC62_191109_LF_LIB_consensus_vsearch	3549	G	*/-A	81	19	18.63%	2	1	93	93	7.42253532179127E-7	1	1	75	6	19	0	-A
F2_BC62_191109_LF_LIB_consensus_vsearch	3560	G	*/-C	74	11	11.11%	2	2	93	93	3.4578543837704336E-4	1	1	69	5	10	1	-C
F2_BC62_191109_LF_LIB_consensus_vsearch	3560	G	*/-CC	74	9	9.09%	2	1	93	93	0.001553873485760156	1	1	69	5	9	0	-C
F2_BC62_191109_LF_LIB_consensus_vsearch	3564	C	*/-G	47	41	40.2%	2	1	93	93	9.750158910415616E-16	1	1	41	6	41	0	-G
F2_BC62_191109_LF_LIB_consensus_vsearch	3565	G	*/+A	42	9	14.75%	2	1	93	93	0.001328279870851897	1	1	36	6	9	0	+A
F2_BC62_191109_LF_LIB_consensus_vsearch	3569	A	*/-C	65	20	19.8%	2	2	93	93	2.6889582550285495E-7	1	1	61	4	18	2	-C
F2_BC62_191109_LF_LIB_consensus_vsearch	3569	A	*/-CC	65	8	7.92%	2	1	93	93	0.0031909412365132518	1	1	61	4	8	0	-C
F2_BC62_191109_LF_LIB_consensus_vsearch	3589	C	*/-AC	88	14	13.59%	2	1	93	93	3.783985713287638E-5	1	1	82	6	14	0	-AC
F2_BC62_191109_LF_LIB_consensus_vsearch	3621	T	*/-C	93	9	8.74%	2	1	93	93	0.0016245498783317288	1	1	87	6	9	0	-C
F2_BC62_191109_LF_LIB_consensus_vsearch	3633	T	*/-C	94	7	6.93%	2	1	93	93	0.007016672878749878	1	1	88	6	7	0	-C
F2_BC62_191109_LF_LIB_consensus_vsearch	3648	T	*/+C	91	11	10.68%	2	1	93	93	3.674239693101988E-4	1	1	85	6	11	0	+C
F2_BC62_191109_LF_LIB_consensus_vsearch	3685	C	*/-G	91	10	9.71%	2	1	93	93	7.729229613467544E-4	1	1	85	6	10	0	-G
F2_BC62_191109_LF_LIB_consensus_vsearch	3686	G	*/-AG	74	12	12.9%	2	1	93	93	1.617709653225875E-4	1	1	68	6	12	0	-AG
F2_BC62_191109_LF_LIB_consensus_vsearch	3687	A	*/-G	76	8	9.2%	2	1	93	93	0.0032807151767424653	1	1	70	6	8	0	-G
F2_BC62_191109_LF_LIB_consensus_vsearch	3707	G	*/-A	89	13	12.75%	2	2	93	93	8.120688440876153E-5	1	1	85	4	11	2	-A
F2_BC62_191109_LF_LIB_consensus_vsearch	3708	A	*/-G	80	8	8.89%	2	1	93	93	0.003308028939537178	1	1	76	4	8	0	-G
F2_BC62_191109_LF_LIB_consensus_vsearch	3719	C	*/+G	82	10	10%	2	1	93	93	7.54483973495983E-4	1	1	79	3	10	0	+G
F2_BC62_191109_LF_LIB_consensus_vsearch	3720	A	*/-T	86	10	10.2%	2	1	93	93	7.630733016589391E-4	1	1	80	6	10	0	-T
F2_BC62_191109_LF_LIB_consensus_vsearch	3725	G	*/+A	92	9	8.74%	2	1	93	93	0.0016214579515213031	1	1	86	6	9	0	+A
F2_BC62_191109_LF_LIB_consensus_vsearch	3732	G	*/-C	90	7	6.8%	2	1	93	93	0.006984570496764789	1	1	84	6	7	0	-C
F2_BC62_191109_LF_LIB_consensus_vsearch	3737	C	*/+G	90	10	10%	2	1	93	93	7.710260627179726E-4	1	1	84	6	10	0	+G
F2_BC62_191109_LF_LIB_consensus_vsearch	3742	C	*/-ACC	89	9	8.91%	2	1	93	93	0.0016118239607923867	1	1	83	6	9	0	-ACC
F2_BC62_191109_LF_LIB_consensus_vsearch	3743	A	*/-C	72	7	7.78%	2	1	93	93	0.006801004765989798	1	1	66	6	7	0	-C
F2_BC62_191109_LF_LIB_consensus_vsearch	3748	G	*/-A	83	8	8.16%	2	1	93	93	0.0033270016180662106	1	1	77	6	8	0	-A
F2_BC62_191109_LF_LIB_consensus_vsearch	3750	A	*/-G	70	15	15.31%	2	1	93	93	1.5519354850357857E-5	1	1	64	6	15	0	-G
F2_BC62_191109_LF_LIB_consensus_vsearch	3750	A	*/-GG	70	11	11.22%	2	1	93	93	3.39532172777731E-4	1	1	64	6	11	0	-G
F2_BC62_191109_LF_LIB_consensus_vsearch	3759	G	*/-C	83	12	12%	2	1	93	93	1.6863619160593116E-4	1	1	77	6	12	0	-C
F2_BC62_191109_LF_LIB_consensus_vsearch	3761	C	*/-T	90	9	8.91%	2	1	93	93	0.0016150966997992011	1	1	85	5	9	0	-T
F2_BC62_191109_LF_LIB_consensus_vsearch	3770	G	*/-C	62	32	31.07%	2	2	93	93	9.57607201560101E-12	1	1	59	3	29	3	-C
F2_BC62_191109_LF_LIB_consensus_vsearch	3790	C	*/-AC	91	11	10.68%	2	1	93	93	3.674239693101988E-4	1	1	85	6	11	0	-AC
F2_BC62_191109_LF_LIB_consensus_vsearch	3793	G	*/-T	92	8	7.77%	2	1	93	93	0.003377337287624839	1	1	86	6	8	0	-T
F2_BC62_191109_LF_LIB_consensus_vsearch	3852	C	*/-A	80	20	19.42%	2	1	93	93	3.321687077708545E-7	1	1	74	6	20	0	-A
F2_BC62_191109_LF_LIB_consensus_vsearch	3866	T	*/+C	57	40	40.4%	2	2	93	93	5.517488283710242E-15	1	1	56	1	35	5	+C
F2_BC62_191109_LF_LIB_consensus_vsearch	3878	C	*/-A	90	12	11.65%	2	1	93	93	1.7324135340535205E-4	1	1	84	6	12	0	-A
F2_BC62_191109_LF_LIB_consensus_vsearch	3895	T	*/+G	78	20	19.42%	2	1	93	93	3.24292036781081E-7	1	1	72	6	20	0	+G
F2_BC62_191109_LF_LIB_consensus_vsearch	3896	A	*/-G	84	16	15.53%	2	2	93	93	7.956486731365802E-6	1	1	79	5	15	1	-G
F2_BC62_191109_LF_LIB_consensus_vsearch	3904	T	*/-C	65	38	36.89%	2	2	93	93	5.416206152172702E-14	1	1	60	5	37	1	-C
F2_BC62_191109_LF_LIB_consensus_vsearch	3924	C	*/+A	90	11	10.89%	2	1	93	93	3.663332785550111E-4	1	1	84	6	11	0	+A
F2_BC62_191109_LF_LIB_consensus_vsearch	3978	A	*/-T	88	12	11.76%	2	1	93	93	1.719832570974524E-4	1	1	82	6	12	0	-T
F2_BC62_191109_LF_LIB_consensus_vsearch	3985	C	*/-GC	85	15	14.71%	2	1	93	93	1.7317059356497582E-5	1	1	79	6	15	0	-GC
F2_BC62_191109_LF_LIB_consensus_vsearch	3997	T	*/-C	87	9	8.82%	2	2	93	93	0.0016050852207308754	1	1	82	5	8	1	-C
F2_BC62_191109_LF_LIB_consensus_vsearch	4007	T	*/+A	26	69	66.99%	1	2	93	93	2.14175492339166E-30	1	1	26	0	64	5	+A
F2_BC62_191109_LF_LIB_consensus_vsearch	4009	G	*/-A	91	10	9.71%	2	1	93	93	7.729229613467544E-4	1	1	85	6	10	0	-A
F2_BC62_191109_LF_LIB_consensus_vsearch	4031	T	*/-C	76	26	25.49%	2	1	93	93	2.397637377670729E-9	1	1	71	5	26	0	-C
F2_BC62_191109_LF_LIB_consensus_vsearch	4033	C	*/-G	93	8	7.84%	2	2	93	93	0.003382396156936316	1	1	90	3	6	2	-G
F2_BC62_191109_LF_LIB_consensus_vsearch	4044	T	*/+C	89	8	7.84%	2	1	93	93	0.0033615579930956	1	1	84	5	8	0	+C
F2_BC62_191109_LF_LIB_consensus_vsearch	4050	T	*/-C	80	18	17.48%	2	2	93	93	1.616636852978701E-6	1	1	78	2	15	3	-C
F2_BC62_191109_LF_LIB_consensus_vsearch	4057	T	*/-A	93	8	7.77%	2	1	93	93	0.003382396156936316	1	1	87	6	8	0	-A
F2_BC62_191109_LF_LIB_consensus_vsearch	4058	A	*/-C	78	10	10.64%	2	1	93	93	7.451790311476478E-4	1	1	72	6	10	0	-C
F2_BC62_191109_LF_LIB_consensus_vsearch	4066	T	*/-C	96	7	6.8%	2	1	93	93	0.007031808995392218	1	1	90	6	7	0	-C
F2_BC62_191109_LF_LIB_consensus_vsearch	4078	T	*/-C	70	30	29.13%	2	1	93	93	7.1695512544392E-11	1	1	64	6	30	0	-C
F2_BC62_191109_LF_LIB_consensus_vsearch	4135	T	*/-G	50	44	43.14%	2	1	93	93	7.361096071353173E-17	1	1	44	6	44	0	-G
F2_BC62_191109_LF_LIB_consensus_vsearch	4137	G	*/-A	48	12	11.76%	1	1	93	93	1.3273048332404941E-4	1	1	48	0	12	0	-A
F2_BC62_191109_LF_LIB_consensus_vsearch	4139	G	*/+C	50	20	20.62%	2	1	93	93	1.9571045279848223E-7	1	1	44	6	20	0	+C
F2_BC62_191109_LF_LIB_consensus_vsearch	4139	G	*/-C	50	13	13.4%	2	1	93	93	6.131302419742613E-5	1	1	44	6	13	0	+C
F2_BC62_191109_LF_LIB_consensus_vsearch	4149	T	*/-C	64	36	35.29%	2	1	93	93	3.0656791559865385E-13	1	1	58	6	36	0	-C
F2_BC62_191109_LF_LIB_consensus_vsearch	4152	G	+A/+A	11	92	89.32%	1	2	93	93	1.1268478863247136E-46	1	1	11	0	86	6	+A
F2_BC62_191109_LF_LIB_consensus_vsearch	4192	G	*/+T	10	47	46.08%	2	2	93	93	1.6013549699649044E-22	1	1	8	2	44	3	+T
F2_BC62_191109_LF_LIB_consensus_vsearch	4207	C	*/-AC	87	12	11.88%	2	1	93	93	1.71337512702886E-4	1	1	82	5	12	0	-AC
F2_BC62_191109_LF_LIB_consensus_vsearch	4211	T	*/-C	93	10	9.71%	2	1	93	93	7.766140881779252E-4	1	1	87	6	10	0	-C
F2_BC62_191109_LF_LIB_consensus_vsearch	4248	T	*/-C	91	11	10.68%	2	1	93	93	3.674239693101988E-4	1	1	85	6	11	0	-C
F2_BC62_191109_LF_LIB_consensus_vsearch	4276	C	*/-A	75	23	22.55%	2	2	93	93	2.7620735546529058E-8	1	1	71	4	21	2	-A
F2_BC62_191109_LF_LIB_consensus_vsearch	4372	T	*/-C	93	7	6.8%	2	1	93	93	0.00700888275818608	1	1	87	6	7	0	-C
