Chrom	Position	Ref	Cons	Reads1	Reads2	VarFreq	Strands1	Strands2	Qual1	Qual2	Pvalue	MapQual1	MapQual2	Reads1Plus	Reads1Minus	Reads2Plus	Reads2Minus	VarAllele
F3_BC63_191109_LF_LIB_consensus_vsearch	20	T	*/+C	228	8	3.32%	2	1	93	93	0.00367772893957288	1	1	88	140	8	0	+C
F3_BC63_191109_LF_LIB_consensus_vsearch	21	C	*/-G	228	8	3.38%	2	1	93	93	0.00367772893957288	1	1	97	131	0	8	-G
F3_BC63_191109_LF_LIB_consensus_vsearch	40	G	*/+A	224	12	5.02%	2	1	93	93	2.1153854171006224E-4	1	1	82	142	12	0	+A
F3_BC63_191109_LF_LIB_consensus_vsearch	42	G	*/+AG	120	118	48.76%	2	2	93	93	9.109440880645615E-45	1	1	88	32	9	109	+AG
F3_BC63_191109_LF_LIB_consensus_vsearch	45	C	*/+A	227	7	2.9%	2	1	93	93	0.0074649578216797186	1	1	84	143	7	0	+A
F3_BC63_191109_LF_LIB_consensus_vsearch	46	A	*/+G	223	9	3.81%	2	1	93	93	0.0018046959863042469	1	1	91	132	0	9	+G
F3_BC63_191109_LF_LIB_consensus_vsearch	52	C	*/-T	217	15	6.22%	2	2	93	93	2.4159309133094825E-5	1	1	88	129	3	12	-T
F3_BC63_191109_LF_LIB_consensus_vsearch	67	C	*/-T	224	8	3.35%	2	2	93	93	0.003673845400689721	1	1	90	134	3	5	-T
F3_BC63_191109_LF_LIB_consensus_vsearch	102	T	*/+G	226	8	3.36%	2	2	93	93	0.003675803526076434	1	1	92	134	1	7	+G
F3_BC63_191109_LF_LIB_consensus_vsearch	105	A	*/-G	226	8	3.35%	2	2	93	93	0.003675803526076434	1	1	87	139	7	1	-G
F3_BC63_191109_LF_LIB_consensus_vsearch	110	C	*/-G	227	10	4.15%	2	2	93	93	8.863871017160644E-4	1	1	88	139	8	2	-G
F3_BC63_191109_LF_LIB_consensus_vsearch	113	A	*/+T	181	11	4.6%	2	2	93	93	4.214144486820526E-4	1	1	81	100	5	6	+T
F3_BC63_191109_LF_LIB_consensus_vsearch	113	A	*/-T	181	42	17.57%	2	2	93	93	2.6958399310963214E-14	1	1	81	100	7	35	-T
F3_BC63_191109_LF_LIB_consensus_vsearch	123	T	*/-G	225	7	2.93%	2	2	93	93	0.0074619882138406745	1	1	94	131	1	6	-G
F3_BC63_191109_LF_LIB_consensus_vsearch	136	C	*/-A	227	7	2.9%	2	2	93	93	0.0074649578216797186	1	1	93	134	3	4	-A
F3_BC63_191109_LF_LIB_consensus_vsearch	143	A	*/+G	211	9	3.77%	2	1	93	93	0.0017967787753331713	1	1	80	131	9	0	+G
F3_BC63_191109_LF_LIB_consensus_vsearch	143	A	*/-G	211	14	5.86%	2	2	93	93	4.9547934929218304E-5	1	1	80	131	3	11	-G
F3_BC63_191109_LF_LIB_consensus_vsearch	149	T	*/-A	227	7	2.9%	2	1	93	93	0.0074649578216797186	1	1	89	138	7	0	-A
F3_BC63_191109_LF_LIB_consensus_vsearch	174	C	*/-A	226	16	6.58%	2	2	93	93	1.1810307374064424E-5	1	1	82	144	15	1	-A
F3_BC63_191109_LF_LIB_consensus_vsearch	177	G	*/-AG	222	11	4.6%	2	1	93	93	4.3273893004878305E-4	1	1	78	144	11	0	-AG
F3_BC63_191109_LF_LIB_consensus_vsearch	180	T	*/-G	217	15	6.3%	2	1	93	93	2.4159309133094825E-5	1	1	96	121	0	15	-G
F3_BC63_191109_LF_LIB_consensus_vsearch	185	G	*/-TG	217	17	7.02%	2	2	93	93	5.644737386387644E-6	1	1	91	126	1	16	-TG
F3_BC63_191109_LF_LIB_consensus_vsearch	197	T	*/-C	214	25	10.33%	2	1	93	93	1.5375012090044474E-8	1	1	71	143	25	0	-C
F3_BC63_191109_LF_LIB_consensus_vsearch	202	A	*/-C	188	46	19.01%	2	1	93	93	1.2208517470325545E-15	1	1	95	93	0	46	-C
F3_BC63_191109_LF_LIB_consensus_vsearch	218	A	*/-G	219	9	3.77%	2	2	93	93	0.0018021474934649558	1	1	89	130	4	5	-G
F3_BC63_191109_LF_LIB_consensus_vsearch	221	C	*/-A	214	10	4.27%	2	2	93	93	8.813089995913842E-4	1	1	84	130	6	4	-A
F3_BC63_191109_LF_LIB_consensus_vsearch	235	A	*/-G	227	7	2.88%	2	1	93	93	0.0074649578216797186	1	1	96	131	0	7	-G
F3_BC63_191109_LF_LIB_consensus_vsearch	241	A	*/-T	218	12	5.11%	2	1	93	93	2.1072864956982534E-4	1	1	91	127	0	12	-T
F3_BC63_191109_LF_LIB_consensus_vsearch	243	T	*/+C	226	7	2.92%	2	2	93	93	0.007463479333376833	1	1	88	138	5	2	+C
F3_BC63_191109_LF_LIB_consensus_vsearch	244	C	*/-G	191	47	19.58%	2	1	93	93	5.706625374043968E-16	1	1	98	93	0	47	-G
F3_BC63_191109_LF_LIB_consensus_vsearch	254	A	*/+G	175	29	12.08%	2	2	93	93	6.383702557081336E-10	1	1	91	84	1	28	+G
F3_BC63_191109_LF_LIB_consensus_vsearch	254	A	*/-G	175	23	9.58%	2	2	93	93	6.05273689417414E-8	1	1	91	84	1	22	+G
F3_BC63_191109_LF_LIB_consensus_vsearch	254	A	*/-GG	175	7	2.92%	2	2	93	93	0.007366779625824957	1	1	91	84	1	6	+G
F3_BC63_191109_LF_LIB_consensus_vsearch	257	C	*/-T	169	58	24.27%	2	2	93	93	5.2880936115505435E-20	1	1	96	73	1	57	-T
F3_BC63_191109_LF_LIB_consensus_vsearch	259	T	*/+C	205	12	5%	2	1	93	93	2.0882828978061456E-4	1	1	96	109	0	12	+C
F3_BC63_191109_LF_LIB_consensus_vsearch	259	T	*/-C	205	16	6.67%	2	1	93	93	1.1515964001761286E-5	1	1	96	109	0	16	-C
F3_BC63_191109_LF_LIB_consensus_vsearch	273	C	*/-T	214	15	6.38%	2	2	93	93	2.4083041099152977E-5	1	1	85	129	8	7	-T
F3_BC63_191109_LF_LIB_consensus_vsearch	276	C	*/-A	222	8	3.38%	2	2	93	93	0.0036718537228742883	1	1	82	140	7	1	-A
F3_BC63_191109_LF_LIB_consensus_vsearch	289	G	*/-C	213	20	8.37%	2	2	93	93	6.23067936136875E-7	1	1	76	137	18	2	-C
F3_BC63_191109_LF_LIB_consensus_vsearch	303	T	*/+C	228	9	3.73%	2	2	93	93	0.001807763167971536	1	1	89	139	8	1	+C
F3_BC63_191109_LF_LIB_consensus_vsearch	313	C	*/-T	225	12	4.98%	2	1	93	93	2.1166972840265804E-4	1	1	96	129	0	12	-T
F3_BC63_191109_LF_LIB_consensus_vsearch	315	T	*/-G	196	42	17.36%	2	1	93	93	3.124895590293549E-14	1	1	96	100	0	42	-G
F3_BC63_191109_LF_LIB_consensus_vsearch	327	C	*/-G	223	15	6.22%	2	1	93	93	2.4306571682594968E-5	1	1	96	127	0	15	-G
F3_BC63_191109_LF_LIB_consensus_vsearch	334	C	*/-G	212	16	6.69%	2	2	93	93	1.1619469874592578E-5	1	1	91	121	3	13	-G
F3_BC63_191109_LF_LIB_consensus_vsearch	341	C	*/+G	170	8	3.32%	2	2	93	93	0.003604660140070728	1	1	52	118	2	6	+G
F3_BC63_191109_LF_LIB_consensus_vsearch	341	C	*/-G	170	49	20.33%	2	2	93	93	8.60750231628448E-17	1	1	52	118	32	17	-G
F3_BC63_191109_LF_LIB_consensus_vsearch	345	G	*/-A	214	19	7.85%	2	1	93	93	1.3014549880997745E-6	1	1	71	143	19	0	-A
F3_BC63_191109_LF_LIB_consensus_vsearch	347	A	*/-T	220	11	4.64%	2	2	93	93	4.322761391918409E-4	1	1	84	136	4	7	-T
F3_BC63_191109_LF_LIB_consensus_vsearch	349	T	*/-A	212	11	4.53%	2	2	93	93	4.303452996410444E-4	1	1	74	138	6	5	-A
F3_BC63_191109_LF_LIB_consensus_vsearch	350	A	*/+G	200	12	5.17%	2	1	93	93	2.0803866112796158E-4	1	1	77	123	0	12	+G
F3_BC63_191109_LF_LIB_consensus_vsearch	350	A	*/-G	200	7	3.02%	2	1	93	93	0.007420075094973923	1	1	77	123	7	0	+G
F3_BC63_191109_LF_LIB_consensus_vsearch	351	G	*/-A	225	10	4.24%	2	2	93	93	8.856413612935507E-4	1	1	82	143	9	1	-A
F3_BC63_191109_LF_LIB_consensus_vsearch	355	T	*/-C	231	7	2.88%	2	2	93	93	0.007470748618496003	1	1	95	136	1	6	-C
F3_BC63_191109_LF_LIB_consensus_vsearch	360	T	*/-C	212	29	11.93%	2	2	93	93	7.604457930470955E-10	1	1	76	136	20	9	-C
F3_BC63_191109_LF_LIB_consensus_vsearch	362	C	*/-G	206	31	12.81%	2	1	93	93	1.630658391825846E-10	1	1	94	112	0	31	-G
F3_BC63_191109_LF_LIB_consensus_vsearch	366	G	*/-A	201	31	12.97%	2	2	93	93	1.5915985814348622E-10	1	1	64	137	30	1	-A
F3_BC63_191109_LF_LIB_consensus_vsearch	370	G	*/-A	230	8	3.33%	2	2	93	93	0.0036796224538833875	1	1	89	141	7	1	-A
F3_BC63_191109_LF_LIB_consensus_vsearch	385	C	*/-T	219	16	6.67%	2	2	93	93	1.1717441248540928E-5	1	1	94	125	1	15	-T
F3_BC63_191109_LF_LIB_consensus_vsearch	387	C	*/-T	177	52	21.58%	2	1	93	93	8.432630932621715E-18	1	1	93	84	0	52	-T
F3_BC63_191109_LF_LIB_consensus_vsearch	393	T	*/-C	225	13	5.44%	2	1	93	93	1.0316114131630932E-4	1	1	84	141	13	0	-C
F3_BC63_191109_LF_LIB_consensus_vsearch	395	C	*/-A	199	15	6.22%	2	2	93	93	2.3672673108116326E-5	1	1	79	120	4	11	-A
F3_BC63_191109_LF_LIB_consensus_vsearch	397	A	*/-G	213	8	3.39%	2	2	93	93	0.0036624519192641563	1	1	88	125	6	2	-G
F3_BC63_191109_LF_LIB_consensus_vsearch	398	G	*/+C	204	10	4.33%	2	1	93	93	8.769963348909129E-4	1	1	87	117	0	10	+C
F3_BC63_191109_LF_LIB_consensus_vsearch	401	A	*/-G	222	12	4.98%	2	2	93	93	2.1127296798947417E-4	1	1	94	128	2	10	-G
F3_BC63_191109_LF_LIB_consensus_vsearch	413	C	*/-GC	193	34	14.11%	2	2	93	93	1.5309572857714794E-11	1	1	81	112	8	26	-GC
F3_BC63_191109_LF_LIB_consensus_vsearch	415	C	*/-A	176	12	6%	2	2	93	93	2.0369927796885998E-4	1	1	78	98	1	11	-A
F3_BC63_191109_LF_LIB_consensus_vsearch	420	T	*/-AC	227	10	4.13%	2	1	93	93	8.863871017160644E-4	1	1	88	139	10	0	-AC
F3_BC63_191109_LF_LIB_consensus_vsearch	422	C	*/+T	211	13	5.73%	2	1	93	93	1.0205056322589528E-4	1	1	86	125	0	13	+T
F3_BC63_191109_LF_LIB_consensus_vsearch	440	G	*/-AG	220	9	3.8%	2	1	93	93	0.0018027927820038396	1	1	85	135	9	0	-AG
F3_BC63_191109_LF_LIB_consensus_vsearch	441	A	*/-G	212	14	6.06%	2	2	93	93	4.9595092839070994E-5	1	1	71	141	13	1	-G
F3_BC63_191109_LF_LIB_consensus_vsearch	463	T	*/-G	222	8	3.29%	2	2	93	93	0.0036718537228742883	1	1	95	127	3	5	-G
F3_BC63_191109_LF_LIB_consensus_vsearch	470	C	*/+A	211	16	6.78%	2	1	93	93	1.1605032761469583E-5	1	1	92	119	0	16	+A
F3_BC63_191109_LF_LIB_consensus_vsearch	473	G	*/-A	229	7	2.92%	2	2	93	93	0.007467877541059236	1	1	89	140	5	2	-A
F3_BC63_191109_LF_LIB_consensus_vsearch	476	C	*/-A	223	10	4.13%	2	2	93	93	8.848831932848452E-4	1	1	95	128	2	8	-A
F3_BC63_191109_LF_LIB_consensus_vsearch	485	C	*/+T	225	8	3.29%	2	1	93	93	0.0036748286042396724	1	1	96	129	0	8	+T
F3_BC63_191109_LF_LIB_consensus_vsearch	486	T	*/-A	209	21	8.9%	2	2	93	93	2.9565305560848877E-7	1	1	74	135	20	1	-A
F3_BC63_191109_LF_LIB_consensus_vsearch	490	T	*/-G	188	44	18.33%	2	2	93	93	5.968953656424522E-15	1	1	90	98	2	42	-G
F3_BC63_191109_LF_LIB_consensus_vsearch	498	G	*/-C	221	10	4.17%	2	2	93	93	8.841122846835742E-4	1	1	88	133	8	2	-C
F3_BC63_191109_LF_LIB_consensus_vsearch	499	C	*/+T	201	25	10.78%	2	1	93	93	1.4767789318515506E-8	1	1	88	113	0	25	+T
F3_BC63_191109_LF_LIB_consensus_vsearch	500	C	*/-T	206	23	9.5%	2	2	93	93	6.666508889949626E-8	1	1	97	109	1	22	-T
F3_BC63_191109_LF_LIB_consensus_vsearch	505	C	*/-T	231	8	3.32%	2	2	93	93	0.0036805574954856175	1	1	96	135	1	7	-T
F3_BC63_191109_LF_LIB_consensus_vsearch	506	T	*/-A	211	9	3.85%	2	2	93	93	0.0017967787753331713	1	1	90	121	6	3	-A
F3_BC63_191109_LF_LIB_consensus_vsearch	511	C	*/-T	226	12	4.98%	2	1	93	93	2.1179986535711708E-4	1	1	97	129	0	12	-T
F3_BC63_191109_LF_LIB_consensus_vsearch	515	G	*/-A	229	7	2.93%	2	1	93	93	0.007467877541059236	1	1	85	144	7	0	-A
F3_BC63_191109_LF_LIB_consensus_vsearch	517	G	*/-T	220	18	7.47%	2	1	93	93	2.732136395770739E-6	1	1	97	123	0	18	-T
F3_BC63_191109_LF_LIB_consensus_vsearch	529	T	*/-G	159	80	33.2%	2	1	93	93	2.8219588040788467E-28	1	1	97	62	0	80	-G
F3_BC63_191109_LF_LIB_consensus_vsearch	532	A	*/-G	216	13	5.46%	2	2	93	93	1.0246182731202857E-4	1	1	81	135	9	4	-G
F3_BC63_191109_LF_LIB_consensus_vsearch	534	G	*/+A	214	16	6.69%	2	1	93	93	1.1648006806131963E-5	1	1	71	143	16	0	+A
F3_BC63_191109_LF_LIB_consensus_vsearch	542	T	*/-G	204	25	10.5%	2	1	93	93	1.4912160094400614E-8	1	1	96	108	0	25	-G
F3_BC63_191109_LF_LIB_consensus_vsearch	569	C	*/-T	222	18	7.41%	2	2	93	93	2.7400384866437167E-6	1	1	93	129	3	15	-T
F3_BC63_191109_LF_LIB_consensus_vsearch	582	T	*/-AT	212	15	6.36%	2	2	93	93	2.4031176331551327E-5	1	1	85	127	9	6	-AT
F3_BC63_191109_LF_LIB_consensus_vsearch	585	G	*/-TG	222	11	4.55%	2	2	93	93	4.3273893004878305E-4	1	1	93	129	3	8	-TG
F3_BC63_191109_LF_LIB_consensus_vsearch	587	G	*/+A	213	11	4.74%	2	2	93	93	4.305938947768699E-4	1	1	80	133	10	1	+A
F3_BC63_191109_LF_LIB_consensus_vsearch	588	A	*/+G	229	7	2.92%	2	1	93	93	0.007467877541059236	1	1	85	144	7	0	+G
F3_BC63_191109_LF_LIB_consensus_vsearch	591	T	*/+A	232	8	3.29%	2	1	93	93	0.0036814848550168837	1	1	90	142	8	0	+A
F3_BC63_191109_LF_LIB_consensus_vsearch	600	T	*/-A	215	16	6.67%	2	1	93	93	1.1662109220663649E-5	1	1	95	120	0	16	-A
F3_BC63_191109_LF_LIB_consensus_vsearch	606	G	*/-TG	227	13	5.37%	2	1	93	93	1.033098399812127E-4	1	1	97	130	0	13	-TG
F3_BC63_191109_LF_LIB_consensus_vsearch	621	T	*/+C	221	8	3.39%	2	1	93	93	0.003670845031231652	1	1	85	136	8	0	+C
F3_BC63_191109_LF_LIB_consensus_vsearch	623	A	*/-G	163	50	21.01%	2	2	93	93	3.399075329141731E-17	1	1	80	83	12	38	-G
F3_BC63_191109_LF_LIB_consensus_vsearch	623	A	*/-GG	163	10	4.2%	2	1	93	93	8.543079772296276E-4	1	1	80	83	0	10	-G
F3_BC63_191109_LF_LIB_consensus_vsearch	634	C	*/-A	178	39	16.12%	2	2	93	93	2.785205466475896E-13	1	1	77	101	13	26	-A
F3_BC63_191109_LF_LIB_consensus_vsearch	636	A	*/-G	209	11	4.62%	2	2	93	93	4.2958650804029443E-4	1	1	83	126	6	5	-G
F3_BC63_191109_LF_LIB_consensus_vsearch	637	G	*/+C	195	10	4.41%	2	2	93	93	8.72767211907752E-4	1	1	78	117	3	7	+C
F3_BC63_191109_LF_LIB_consensus_vsearch	639	C	*/-A	189	8	3.39%	2	2	93	93	0.0036332530695703403	1	1	77	112	5	3	-A
F3_BC63_191109_LF_LIB_consensus_vsearch	639	C	*/-AA	189	11	4.66%	2	1	93	93	4.239722735294379E-4	1	1	77	112	0	11	-AA
F3_BC63_191109_LF_LIB_consensus_vsearch	639	C	*/-AAGC	189	8	3.39%	2	1	93	93	0.0036332530695703403	1	1	77	112	0	8	-AA
F3_BC63_191109_LF_LIB_consensus_vsearch	640	A	*/+GA	194	10	4.72%	2	1	93	93	8.722750499460999E-4	1	1	79	115	10	0	+GA
F3_BC63_191109_LF_LIB_consensus_vsearch	644	A	*/-C	195	29	12.13%	2	2	93	93	7.071124992433461E-10	1	1	94	101	1	28	-C
F3_BC63_191109_LF_LIB_consensus_vsearch	644	A	*/-CC	195	10	4.18%	2	1	93	93	8.72767211907752E-4	1	1	94	101	0	10	-C
F3_BC63_191109_LF_LIB_consensus_vsearch	645	C	*/+T	192	7	3.45%	2	1	93	93	0.007404462106241813	1	1	94	98	0	7	+T
F3_BC63_191109_LF_LIB_consensus_vsearch	647	C	*/-T	194	17	7.02%	2	1	93	93	5.454975141743846E-6	1	1	98	96	0	17	-T
F3_BC63_191109_LF_LIB_consensus_vsearch	647	C	*/-TTC	194	9	3.72%	2	1	93	93	0.0017839997252666491	1	1	98	96	0	9	-T
F3_BC63_191109_LF_LIB_consensus_vsearch	650	C	*/+G	195	7	3.11%	2	2	93	93	0.007410460397262536	1	1	91	104	2	5	+G
F3_BC63_191109_LF_LIB_consensus_vsearch	650	C	*/-G	195	13	5.78%	2	2	93	93	1.0061064586351875E-4	1	1	91	104	2	11	-G
F3_BC63_191109_LF_LIB_consensus_vsearch	653	G	*/+A	218	9	3.8%	2	1	93	93	0.001801496644156972	1	1	84	134	9	0	+A
F3_BC63_191109_LF_LIB_consensus_vsearch	654	G	*/-TGG	224	9	3.73%	2	1	93	93	0.0018053197291553536	1	1	96	128	0	9	-TGG
F3_BC63_191109_LF_LIB_consensus_vsearch	655	T	*/-G	208	9	3.96%	2	1	93	93	0.0017946657928001688	1	1	94	114	0	9	-G
F3_BC63_191109_LF_LIB_consensus_vsearch	658	A	*/+T	217	17	7.05%	2	1	93	93	5.644737386387644E-6	1	1	96	121	0	17	+T
F3_BC63_191109_LF_LIB_consensus_vsearch	659	C	*/-T	223	13	5.42%	2	2	93	93	1.03010072485016E-4	1	1	94	129	4	9	-T
F3_BC63_191109_LF_LIB_consensus_vsearch	663	C	*/-G	219	9	3.75%	2	2	93	93	0.0018021474934649558	1	1	93	126	1	8	-G
F3_BC63_191109_LF_LIB_consensus_vsearch	671	G	*/-C	186	33	14.22%	2	2	93	93	3.161629544518734E-11	1	1	54	132	32	1	-C
F3_BC63_191109_LF_LIB_consensus_vsearch	672	C	*/+T	181	9	4.5%	2	1	93	93	0.0017727250885016482	1	1	56	125	0	9	+T
F3_BC63_191109_LF_LIB_consensus_vsearch	675	T	+A/+A	25	186	78.15%	2	2	93	93	8.634531691988723E-93	1	1	13	12	71	115	+A
F3_BC63_191109_LF_LIB_consensus_vsearch	675	T	*/-AT	25	7	2.94%	2	1	93	93	0.005418171714365526	1	1	13	12	7	0	+A
F3_BC63_191109_LF_LIB_consensus_vsearch	677	T	*/+C	201	14	6.03%	2	2	93	93	4.905414704302361E-5	1	1	82	119	1	13	+C
F3_BC63_191109_LF_LIB_consensus_vsearch	679	G	*/-C	215	7	2.9%	2	2	93	93	0.007446345105805389	1	1	74	141	6	1	-C
F3_BC63_191109_LF_LIB_consensus_vsearch	682	G	*/-TG	219	15	6.25%	2	2	93	93	2.4209162755784478E-5	1	1	91	128	4	11	-TG
F3_BC63_191109_LF_LIB_consensus_vsearch	683	T	*/-G	207	7	3.12%	2	2	93	93	0.007432788253078562	1	1	86	121	2	5	-G
F3_BC63_191109_LF_LIB_consensus_vsearch	686	A	*/-C	229	7	2.9%	2	2	93	93	0.007467877541059236	1	1	90	139	2	5	-C
F3_BC63_191109_LF_LIB_consensus_vsearch	688	C	*/-T	226	15	6.2%	2	1	93	93	2.4377685733588186E-5	1	1	97	129	0	15	-T
F3_BC63_191109_LF_LIB_consensus_vsearch	707	A	*/-C	223	13	5.42%	2	2	93	93	1.03010072485016E-4	1	1	93	130	1	12	-C
F3_BC63_191109_LF_LIB_consensus_vsearch	709	C	*/-T	210	13	5.35%	2	1	93	93	1.0196623731956113E-4	1	1	96	114	0	13	-T
F3_BC63_191109_LF_LIB_consensus_vsearch	709	C	*/-TC	210	12	4.94%	2	1	93	93	2.0958418294317403E-4	1	1	96	114	0	12	-T
F3_BC63_191109_LF_LIB_consensus_vsearch	710	T	*/-C	200	15	6.91%	2	1	93	93	2.3701643162627867E-5	1	1	96	104	0	15	-C
F3_BC63_191109_LF_LIB_consensus_vsearch	715	C	*/+A	228	9	3.72%	2	1	93	93	0.001807763167971536	1	1	94	134	0	9	+A
F3_BC63_191109_LF_LIB_consensus_vsearch	722	G	*/+A	213	11	4.55%	2	2	93	93	4.305938947768699E-4	1	1	75	138	10	1	+A
F3_BC63_191109_LF_LIB_consensus_vsearch	722	G	*/-A	213	9	3.72%	2	1	93	93	0.0017981564163397133	1	1	75	138	9	0	+A
F3_BC63_191109_LF_LIB_consensus_vsearch	722	G	*/-AG	213	8	3.31%	2	2	93	93	0.0036624519192641563	1	1	75	138	3	5	+A
F3_BC63_191109_LF_LIB_consensus_vsearch	723	A	*/+G	214	7	3.1%	2	1	93	93	0.007444703667648697	1	1	77	137	7	0	+G
F3_BC63_191109_LF_LIB_consensus_vsearch	735	A	*/-G	215	8	3.36%	2	2	93	93	0.0036646057936482192	1	1	86	129	4	4	-G
F3_BC63_191109_LF_LIB_consensus_vsearch	735	A	*/-GGCA	215	8	3.36%	2	2	93	93	0.0036646057936482192	1	1	86	129	2	6	-G
F3_BC63_191109_LF_LIB_consensus_vsearch	747	C	*/+G	223	8	3.29%	2	1	93	93	0.0036728538094896964	1	1	93	130	0	8	+G
F3_BC63_191109_LF_LIB_consensus_vsearch	770	A	*/-CA	229	10	4.12%	2	2	93	93	8.87120717393791E-4	1	1	94	135	4	6	-CA
F3_BC63_191109_LF_LIB_consensus_vsearch	773	T	*/-G	219	9	3.78%	2	2	93	93	0.0018021474934649558	1	1	97	122	1	8	-G
F3_BC63_191109_LF_LIB_consensus_vsearch	792	G	*/-TTG	234	8	3.31%	2	1	93	93	0.00368331690336814	1	1	89	145	8	0	-TTG
F3_BC63_191109_LF_LIB_consensus_vsearch	806	G	*/-TG	222	11	4.55%	2	1	93	93	4.3273893004878305E-4	1	1	94	128	0	11	-TG
F3_BC63_191109_LF_LIB_consensus_vsearch	812	T	*/-A	226	7	2.93%	2	2	93	93	0.007463479333376833	1	1	97	129	1	6	-A
F3_BC63_191109_LF_LIB_consensus_vsearch	823	A	*/+G	73	135	55.56%	2	2	93	93	6.609247166551472E-56	1	1	39	34	51	84	+G
F3_BC63_191109_LF_LIB_consensus_vsearch	823	A	*/-G	73	20	8.23%	2	2	93	93	3.0386092826695376E-7	1	1	39	34	4	16	+G
F3_BC63_191109_LF_LIB_consensus_vsearch	828	A	*/-C	231	7	2.88%	2	2	93	93	0.007470748618496003	1	1	94	137	1	6	-C
F3_BC63_191109_LF_LIB_consensus_vsearch	830	T	*/-C	28	149	62.34%	2	2	93	93	1.6368136337143436E-71	1	1	9	19	87	62	-C
F3_BC63_191109_LF_LIB_consensus_vsearch	830	T	*/-CC	28	47	19.67%	2	2	93	93	1.410392259495041E-19	1	1	9	19	1	46	-C
F3_BC63_191109_LF_LIB_consensus_vsearch	830	T	*/-CCG	28	8	3.35%	2	1	93	93	0.002528222798579596	1	1	9	19	0	8	-C
F3_BC63_191109_LF_LIB_consensus_vsearch	832	C	*/-G	141	16	8.84%	2	2	93	93	1.0205901016940575E-5	1	1	84	57	9	7	-G
F3_BC63_191109_LF_LIB_consensus_vsearch	832	C	*/-GG	141	12	6.63%	2	2	93	93	1.951131209009317E-4	1	1	84	57	1	11	-G
F3_BC63_191109_LF_LIB_consensus_vsearch	838	C	*/+A	221	8	3.32%	2	1	93	93	0.003670845031231652	1	1	95	126	0	8	+A
F3_BC63_191109_LF_LIB_consensus_vsearch	846	C	*/-T	211	31	12.76%	2	1	93	93	1.6688872476793795E-10	1	1	98	113	0	31	-T
F3_BC63_191109_LF_LIB_consensus_vsearch	849	T	*/-G	221	10	4.22%	2	2	93	93	8.841122846835742E-4	1	1	91	130	3	7	-G
F3_BC63_191109_LF_LIB_consensus_vsearch	856	A	*/+G	96	9	3.8%	2	2	93	93	0.001633490058565588	1	1	44	52	1	8	+G
F3_BC63_191109_LF_LIB_consensus_vsearch	856	A	*/-G	96	86	36.29%	2	2	93	93	2.0831870255970028E-32	1	1	44	52	40	46	-G
F3_BC63_191109_LF_LIB_consensus_vsearch	856	A	*/-GG	96	18	7.59%	2	2	93	93	1.8426148750910493E-6	1	1	44	52	7	11	-G
F3_BC63_191109_LF_LIB_consensus_vsearch	856	A	*/-GGG	96	22	9.28%	2	1	93	93	8.106904138352564E-8	1	1	44	52	0	22	-GGG
F3_BC63_191109_LF_LIB_consensus_vsearch	865	A	*/-T	219	12	4.94%	2	2	93	93	2.10866409362083E-4	1	1	95	124	1	11	-T
F3_BC63_191109_LF_LIB_consensus_vsearch	866	T	*/-C	208	13	5.75%	2	2	93	93	1.0179544238135389E-4	1	1	87	121	8	5	-C
F3_BC63_191109_LF_LIB_consensus_vsearch	868	C	*/-T	215	15	6.2%	2	1	93	93	2.4108665249874024E-5	1	1	96	119	0	15	-T
F3_BC63_191109_LF_LIB_consensus_vsearch	870	G	*/-TG	199	9	3.77%	2	2	93	93	0.0017879699024036485	1	1	87	112	2	7	-TG
F3_BC63_191109_LF_LIB_consensus_vsearch	873	A	*/+C	177	7	2.89%	2	1	93	93	0.007371570136883838	1	1	91	86	0	7	+C
F3_BC63_191109_LF_LIB_consensus_vsearch	873	A	*/-C	177	55	22.73%	2	2	93	93	7.307290694515611E-19	1	1	91	86	6	49	-C
F3_BC63_191109_LF_LIB_consensus_vsearch	878	C	*/-A	220	10	4.27%	2	2	93	93	8.837219519630479E-4	1	1	87	133	9	1	-A
F3_BC63_191109_LF_LIB_consensus_vsearch	902	A	*/-G	226	8	3.31%	2	2	93	93	0.003675803526076434	1	1	86	140	6	2	-G
F3_BC63_191109_LF_LIB_consensus_vsearch	909	T	*/+G	206	11	4.58%	2	1	93	93	4.288076047440095E-4	1	1	73	133	11	0	+G
F3_BC63_191109_LF_LIB_consensus_vsearch	909	T	*/-A	206	7	2.92%	2	2	93	93	0.007431022745174962	1	1	73	133	6	1	+G
F3_BC63_191109_LF_LIB_consensus_vsearch	910	A	*/-G	130	92	39.83%	2	2	93	93	1.2257275101915009E-33	1	1	59	71	20	72	-G
F3_BC63_191109_LF_LIB_consensus_vsearch	912	G	*/+A	207	17	7.02%	2	1	93	93	5.56642225097613E-6	1	1	65	142	17	0	+A
F3_BC63_191109_LF_LIB_consensus_vsearch	916	C	*/-T	221	7	2.92%	2	1	93	93	0.007455894130096957	1	1	92	129	0	7	-T
F3_BC63_191109_LF_LIB_consensus_vsearch	920	C	*/-AT	223	8	3.4%	2	1	93	93	0.0036728538094896964	1	1	94	129	0	8	-AT
F3_BC63_191109_LF_LIB_consensus_vsearch	927	C	*/-A	220	17	7.02%	2	1	93	93	5.667095144061527E-6	1	1	95	125	0	17	-A
F3_BC63_191109_LF_LIB_consensus_vsearch	929	A	*/-G	216	18	7.47%	2	2	93	93	2.715982290125382E-6	1	1	95	121	1	17	-G
F3_BC63_191109_LF_LIB_consensus_vsearch	936	A	*/-G	214	19	7.92%	2	2	93	93	1.3014549880997745E-6	1	1	81	133	13	6	-G
F3_BC63_191109_LF_LIB_consensus_vsearch	940	T	*/-G	98	111	46.44%	2	2	93	93	5.854505152212431E-43	1	1	41	57	38	73	-G
F3_BC63_191109_LF_LIB_consensus_vsearch	940	T	*/-GG	98	19	7.95%	2	2	93	93	8.617743143073369E-7	1	1	41	57	17	2	-G
F3_BC63_191109_LF_LIB_consensus_vsearch	945	G	*/-AG	230	7	2.89%	2	2	93	93	0.0074693190837354945	1	1	90	140	6	1	-AG
F3_BC63_191109_LF_LIB_consensus_vsearch	947	G	*/+T	200	21	9.01%	2	1	93	93	2.896747146375421E-7	1	1	92	108	0	21	+T
F3_BC63_191109_LF_LIB_consensus_vsearch	947	G	*/-CA	200	7	3%	2	1	93	93	0.007420075094973923	1	1	92	108	0	7	+T
F3_BC63_191109_LF_LIB_consensus_vsearch	948	C	*/-A	170	25	10.78%	2	2	93	93	1.3107425681232982E-8	1	1	86	84	10	15	-A
F3_BC63_191109_LF_LIB_consensus_vsearch	958	T	*/+G	225	8	3.31%	2	2	93	93	0.0036748286042396724	1	1	87	138	6	2	+G
F3_BC63_191109_LF_LIB_consensus_vsearch	959	A	*/-G	221	7	2.95%	2	1	93	93	0.007455894130096957	1	1	85	136	7	0	-G
F3_BC63_191109_LF_LIB_consensus_vsearch	973	T	*/-C	228	9	3.73%	2	1	93	93	0.001807763167971536	1	1	87	141	9	0	-C
F3_BC63_191109_LF_LIB_consensus_vsearch	982	T	*/+A	222	11	4.56%	2	2	93	93	4.3273893004878305E-4	1	1	94	128	2	9	+A
F3_BC63_191109_LF_LIB_consensus_vsearch	1003	C	*/+G	207	17	7.11%	2	2	93	93	5.56642225097613E-6	1	1	87	120	2	15	+G
F3_BC63_191109_LF_LIB_consensus_vsearch	1003	C	*/-G	207	8	3.35%	2	2	93	93	0.003655753662936563	1	1	87	120	6	2	+G
F3_BC63_191109_LF_LIB_consensus_vsearch	1008	G	*/+T	182	54	22.59%	2	1	93	93	1.8001320689748625E-18	1	1	97	85	0	54	+T
F3_BC63_191109_LF_LIB_consensus_vsearch	1012	G	*/-T	193	33	13.81%	2	1	93	93	3.302493573590362E-11	1	1	94	99	0	33	-T
F3_BC63_191109_LF_LIB_consensus_vsearch	1014	G	*/-C	194	11	4.6%	2	1	93	93	4.2547401580496607E-4	1	1	95	99	0	11	-C
F3_BC63_191109_LF_LIB_consensus_vsearch	1014	G	*/-CG	194	15	6.28%	2	1	93	93	2.3524071874557613E-5	1	1	95	99	0	15	-CG
F3_BC63_191109_LF_LIB_consensus_vsearch	1023	G	*/+C	216	7	2.98%	2	1	93	93	0.007447971960236055	1	1	85	131	0	7	+C
F3_BC63_191109_LF_LIB_consensus_vsearch	1024	C	*/-T	218	10	4.31%	2	2	93	93	8.829313223014774E-4	1	1	88	130	1	9	-T
F3_BC63_191109_LF_LIB_consensus_vsearch	1025	T	*/+C	208	8	3.43%	2	1	93	93	0.0036568954742723925	1	1	85	123	8	0	+C
F3_BC63_191109_LF_LIB_consensus_vsearch	1025	T	*/-C	208	10	4.29%	2	1	93	93	8.787673881990181E-4	1	1	85	123	0	10	-C
F3_BC63_191109_LF_LIB_consensus_vsearch	1026	C	*/+G	197	10	4.29%	2	2	93	93	8.737377439902802E-4	1	1	85	112	4	6	+G
F3_BC63_191109_LF_LIB_consensus_vsearch	1026	C	*/-G	197	11	4.72%	2	2	93	93	4.263419112240475E-4	1	1	85	112	5	6	-G
F3_BC63_191109_LF_LIB_consensus_vsearch	1026	C	*/-GG	197	12	5.15%	2	2	93	93	2.0754774095569465E-4	1	1	85	112	1	11	-GG
F3_BC63_191109_LF_LIB_consensus_vsearch	1029	G	*/-A	227	7	2.88%	2	1	93	93	0.0074649578216797186	1	1	83	144	7	0	-A
F3_BC63_191109_LF_LIB_consensus_vsearch	1033	G	*/-T	224	9	3.72%	2	1	93	93	0.0018053197291553536	1	1	96	128	0	9	-T
F3_BC63_191109_LF_LIB_consensus_vsearch	1038	G	*/-A	219	15	6.36%	2	2	93	93	2.4209162755784478E-5	1	1	83	136	7	8	-A
F3_BC63_191109_LF_LIB_consensus_vsearch	1041	A	*/-T	220	10	4.12%	2	2	93	93	8.837219519630479E-4	1	1	84	136	6	4	-T
F3_BC63_191109_LF_LIB_consensus_vsearch	1044	A	*/+G	184	19	8.02%	2	1	93	93	1.226613196470832E-6	1	1	66	118	0	19	+G
F3_BC63_191109_LF_LIB_consensus_vsearch	1044	A	*/-G	184	19	8.02%	2	1	93	93	1.226613196470832E-6	1	1	66	118	19	0	+G
F3_BC63_191109_LF_LIB_consensus_vsearch	1049	C	*/-T	199	32	13.33%	2	1	93	93	7.348888697582006E-11	1	1	94	105	0	32	-T
F3_BC63_191109_LF_LIB_consensus_vsearch	1049	C	*/-TT	199	8	3.33%	2	2	93	93	0.0036462285478980633	1	1	94	105	1	7	-T
F3_BC63_191109_LF_LIB_consensus_vsearch	1052	T	*/-G	199	41	16.94%	2	1	93	93	7.019932698843418E-14	1	1	96	103	0	41	-G
F3_BC63_191109_LF_LIB_consensus_vsearch	1056	C	*/-T	226	12	5%	2	1	93	93	2.1179986535711708E-4	1	1	97	129	0	12	-T
F3_BC63_191109_LF_LIB_consensus_vsearch	1059	T	*/+G	76	118	49.17%	2	2	93	93	1.0416470634804324E-47	1	1	33	43	49	69	+G
F3_BC63_191109_LF_LIB_consensus_vsearch	1059	T	*/+GG	76	31	12.92%	2	2	93	93	3.6511322101923236E-11	1	1	33	43	3	28	+G
F3_BC63_191109_LF_LIB_consensus_vsearch	1063	G	*/+A	208	21	8.68%	2	1	93	93	2.950072630570878E-7	1	1	69	139	21	0	+A
F3_BC63_191109_LF_LIB_consensus_vsearch	1063	G	*/-A	208	9	3.72%	2	2	93	93	0.0017946657928001688	1	1	69	139	5	4	+A
F3_BC63_191109_LF_LIB_consensus_vsearch	1087	T	*/-A	215	7	2.93%	2	2	93	93	0.007446345105805389	1	1	80	135	6	1	-A
F3_BC63_191109_LF_LIB_consensus_vsearch	1103	A	*/+G	213	7	2.89%	2	2	93	93	0.007443047448823043	1	1	90	123	5	2	+G
F3_BC63_191109_LF_LIB_consensus_vsearch	1103	A	*/-G	213	17	7.02%	2	2	93	93	5.61412940655465E-6	1	1	90	123	1	16	-G
F3_BC63_191109_LF_LIB_consensus_vsearch	1105	G	*/+A	229	8	3.32%	2	1	93	93	0.0036786796343901236	1	1	88	141	8	0	+A
F3_BC63_191109_LF_LIB_consensus_vsearch	1107	C	*/+A	210	22	9.17%	2	1	93	93	1.4142777361521092E-7	1	1	93	117	0	22	+A
F3_BC63_191109_LF_LIB_consensus_vsearch	1118	G	*/-TG	203	26	10.88%	2	1	93	93	7.025590437087678E-9	1	1	95	108	0	26	-TG
F3_BC63_191109_LF_LIB_consensus_vsearch	1126	T	*/+G	221	10	4.2%	2	1	93	93	8.841122846835742E-4	1	1	97	124	0	10	+G
F3_BC63_191109_LF_LIB_consensus_vsearch	1131	C	*/-TT	183	39	16.12%	2	2	93	93	2.917538891382571E-13	1	1	53	130	37	2	-TT
F3_BC63_191109_LF_LIB_consensus_vsearch	1133	T	*/-A	181	10	4.9%	2	2	93	93	8.654248463553992E-4	1	1	46	135	8	2	-A
F3_BC63_191109_LF_LIB_consensus_vsearch	1135	A	*/-T	218	18	7.44%	2	2	93	93	2.7241185068262107E-6	1	1	80	138	15	3	-T
F3_BC63_191109_LF_LIB_consensus_vsearch	1148	C	*/+G	163	9	3.72%	2	2	93	93	0.0017543824532390317	1	1	51	112	5	4	+G
F3_BC63_191109_LF_LIB_consensus_vsearch	1148	C	*/-G	163	62	25.62%	2	2	93	93	1.6342711760996413E-21	1	1	51	112	36	26	-G
F3_BC63_191109_LF_LIB_consensus_vsearch	1160	C	*/+T	221	14	5.88%	2	1	93	93	5.0002770675582806E-5	1	1	91	130	0	14	+T
F3_BC63_191109_LF_LIB_consensus_vsearch	1162	A	*/-G	213	19	7.85%	2	1	93	93	1.2992223780433995E-6	1	1	93	120	0	19	-G
F3_BC63_191109_LF_LIB_consensus_vsearch	1178	A	*/+G	197	15	6.28%	2	1	93	93	2.361399232959602E-5	1	1	96	101	0	15	+G
F3_BC63_191109_LF_LIB_consensus_vsearch	1178	A	*/-G	197	25	10.46%	2	1	93	93	1.4571147082456177E-8	1	1	96	101	0	25	-G
F3_BC63_191109_LF_LIB_consensus_vsearch	1200	C	*/-T	214	20	8.33%	2	1	93	93	6.242524996453359E-7	1	1	94	120	0	20	-T
F3_BC63_191109_LF_LIB_consensus_vsearch	1216	G	*/+A	222	11	4.56%	2	1	93	93	4.3273893004878305E-4	1	1	85	137	11	0	+A
F3_BC63_191109_LF_LIB_consensus_vsearch	1223	G	*/-TG	227	9	3.8%	2	1	93	93	0.0018071599099638493	1	1	95	132	0	9	-TG
F3_BC63_191109_LF_LIB_consensus_vsearch	1241	T	*/+C	229	10	4.13%	2	1	93	93	8.87120717393791E-4	1	1	97	132	0	10	+C
F3_BC63_191109_LF_LIB_consensus_vsearch	1242	T	*/-C	226	10	4.12%	2	1	93	93	8.86015765791995E-4	1	1	95	131	0	10	-C
F3_BC63_191109_LF_LIB_consensus_vsearch	1245	T	*/-G	177	48	20.08%	2	2	93	93	2.1410063156036323E-16	1	1	83	94	9	39	-G
F3_BC63_191109_LF_LIB_consensus_vsearch	1267	T	*/-C	234	8	3.31%	2	2	93	93	0.00368331690336814	1	1	95	139	2	6	-C
F3_BC63_191109_LF_LIB_consensus_vsearch	1269	C	*/+G	224	12	4.94%	2	1	93	93	2.1153854171006224E-4	1	1	98	126	0	12	+G
F3_BC63_191109_LF_LIB_consensus_vsearch	1276	G	*/+A	220	8	3.38%	2	1	93	93	0.0036698276230520683	1	1	77	143	8	0	+A
F3_BC63_191109_LF_LIB_consensus_vsearch	1279	C	*/-G	222	10	4.12%	2	2	93	93	8.844993515297029E-4	1	1	83	139	9	1	-G
F3_BC63_191109_LF_LIB_consensus_vsearch	1289	A	*/-C	206	23	9.62%	2	2	93	93	6.666508889949626E-8	1	1	84	122	5	18	-C
F3_BC63_191109_LF_LIB_consensus_vsearch	1292	C	*/-A	178	11	4.53%	2	2	93	93	4.204021120137521E-4	1	1	83	95	10	1	-A
F3_BC63_191109_LF_LIB_consensus_vsearch	1292	C	*/-AA	178	19	7.82%	2	2	93	93	1.209416308929124E-6	1	1	83	95	1	18	-AA
F3_BC63_191109_LF_LIB_consensus_vsearch	1292	C	*/-AAG	178	12	4.94%	2	1	93	93	2.0410023380081397E-4	1	1	83	95	0	12	-AA
F3_BC63_191109_LF_LIB_consensus_vsearch	1308	T	*/-C	150	43	17.77%	2	2	93	93	8.1489149100058E-15	1	1	84	66	11	32	-C
F3_BC63_191109_LF_LIB_consensus_vsearch	1308	T	*/-CCCT	150	41	16.94%	2	2	93	93	4.097312151316716E-14	1	1	84	66	1	40	-C
F3_BC63_191109_LF_LIB_consensus_vsearch	1311	C	*/-T	177	13	6.47%	2	2	93	93	9.872239569714929E-5	1	1	96	81	1	12	-T
F3_BC63_191109_LF_LIB_consensus_vsearch	1311	C	*/-TC	177	10	4.98%	2	1	93	93	8.631325337656354E-4	1	1	96	81	0	10	-T
F3_BC63_191109_LF_LIB_consensus_vsearch	1312	T	*/-C	168	7	3.93%	2	1	93	93	0.007349160919077469	1	1	96	72	0	7	-C
F3_BC63_191109_LF_LIB_consensus_vsearch	1319	C	*/-T	61	122	51.05%	2	2	93	93	3.652908294046765E-51	1	1	22	39	62	60	-T
F3_BC63_191109_LF_LIB_consensus_vsearch	1319	C	*/-TT	61	43	17.99%	2	2	93	93	4.564430237118407E-16	1	1	22	39	6	37	-T
F3_BC63_191109_LF_LIB_consensus_vsearch	1324	T	*/+C	160	7	2.92%	2	1	93	93	0.007327239497639241	1	1	90	70	0	7	+C
F3_BC63_191109_LF_LIB_consensus_vsearch	1324	T	*/-G	160	16	6.67%	2	2	93	93	1.0680484434952118E-5	1	1	90	70	1	15	-G
F3_BC63_191109_LF_LIB_consensus_vsearch	1324	T	*/-GG	160	45	18.75%	2	1	93	93	1.881010571761913E-15	1	1	90	70	0	45	-GG
F3_BC63_191109_LF_LIB_consensus_vsearch	1327	G	*/-CT	195	9	3.78%	2	1	93	93	0.0017848089483517727	1	1	96	99	0	9	-CT
F3_BC63_191109_LF_LIB_consensus_vsearch	1327	G	*/-CTTC	195	16	6.72%	2	1	93	93	1.1357537987418757E-5	1	1	96	99	0	16	-CTTC
F3_BC63_191109_LF_LIB_consensus_vsearch	1329	T	*/+G	197	7	3.32%	2	1	93	93	0.007414362253072604	1	1	95	102	0	7	+G
F3_BC63_191109_LF_LIB_consensus_vsearch	1330	T	*/+GA	186	8	3.56%	2	1	93	93	0.0036291041675517713	1	1	92	94	0	8	+GA
F3_BC63_191109_LF_LIB_consensus_vsearch	1331	C	*/+G	175	10	4.46%	2	1	93	93	8.619505923183497E-4	1	1	80	95	10	0	+G
F3_BC63_191109_LF_LIB_consensus_vsearch	1332	G	*/+A	72	21	8.71%	2	2	93	93	1.3362558893663746E-7	1	1	21	51	8	13	+A
F3_BC63_191109_LF_LIB_consensus_vsearch	1332	G	*/+AG	72	16	6.64%	2	2	93	93	7.216240748741985E-6	1	1	21	51	12	4	+A
F3_BC63_191109_LF_LIB_consensus_vsearch	1332	G	*/+AGG	72	128	53.11%	2	2	93	93	9.877086180784584E-53	1	1	21	51	54	74	+AGG
F3_BC63_191109_LF_LIB_consensus_vsearch	1333	G	*/-C	220	19	7.85%	2	2	93	93	1.3145184545692624E-6	1	1	88	132	9	10	-C
F3_BC63_191109_LF_LIB_consensus_vsearch	1341	C	*/+T	219	10	4.18%	2	2	93	93	8.833283118953115E-4	1	1	96	123	1	9	+T
F3_BC63_191109_LF_LIB_consensus_vsearch	1341	C	*/-T	219	10	4.18%	2	1	93	93	8.833283118953115E-4	1	1	96	123	0	10	+T
F3_BC63_191109_LF_LIB_consensus_vsearch	1346	T	*/+A	15	7	2.92%	2	1	93	93	0.004450455953575614	1	1	7	8	7	0	+A
F3_BC63_191109_LF_LIB_consensus_vsearch	1346	T	*/+G	15	176	73.33%	2	2	93	93	5.763390436236122E-92	1	1	7	8	62	114	+G
F3_BC63_191109_LF_LIB_consensus_vsearch	1346	T	*/-C	15	9	3.75%	2	1	93	93	7.796188798107704E-4	1	1	7	8	9	0	+G
F3_BC63_191109_LF_LIB_consensus_vsearch	1348	G	*/-C	229	8	3.32%	2	2	93	93	0.0036786796343901236	1	1	88	141	6	2	-C
F3_BC63_191109_LF_LIB_consensus_vsearch	1350	C	*/-T	222	7	2.9%	2	2	93	93	0.007457437428309682	1	1	88	134	4	3	-T
F3_BC63_191109_LF_LIB_consensus_vsearch	1352	T	*/+G	189	7	2.92%	2	1	93	93	0.007398282157210082	1	1	75	114	0	7	+G
F3_BC63_191109_LF_LIB_consensus_vsearch	1352	T	*/-G	189	14	5.83%	2	2	93	93	4.840279700124344E-5	1	1	75	114	4	10	-G
F3_BC63_191109_LF_LIB_consensus_vsearch	1352	T	*/-GG	189	12	5%	2	2	93	93	2.0617105570630654E-4	1	1	75	114	3	9	-G
F3_BC63_191109_LF_LIB_consensus_vsearch	1363	A	*/-C	204	26	10.83%	2	2	93	93	7.0499754694689025E-9	1	1	82	122	6	20	-C
F3_BC63_191109_LF_LIB_consensus_vsearch	1371	A	*/+G	36	157	64.61%	2	2	93	93	2.0691618878148216E-73	1	1	15	21	55	102	+G
F3_BC63_191109_LF_LIB_consensus_vsearch	1371	A	*/-G	36	19	7.82%	2	1	93	93	2.9053944291181704E-7	1	1	15	21	19	0	+G
F3_BC63_191109_LF_LIB_consensus_vsearch	1373	G	*/-T	219	12	4.98%	2	1	93	93	2.10866409362083E-4	1	1	90	129	0	12	-T
F3_BC63_191109_LF_LIB_consensus_vsearch	1379	A	*/-G	228	8	3.35%	2	1	93	93	0.00367772893957288	1	1	84	144	8	0	-G
F3_BC63_191109_LF_LIB_consensus_vsearch	1383	G	*/-C	220	9	3.75%	2	2	93	93	0.0018027927820038396	1	1	84	136	2	7	-C
F3_BC63_191109_LF_LIB_consensus_vsearch	1383	G	*/-CT	220	9	3.75%	2	1	93	93	0.0018027927820038396	1	1	84	136	9	0	-C
F3_BC63_191109_LF_LIB_consensus_vsearch	1384	C	*/-T	192	21	9.38%	2	2	93	93	2.8402889619972804E-7	1	1	67	125	15	6	-T
F3_BC63_191109_LF_LIB_consensus_vsearch	1389	C	*/-A	210	25	10.42%	2	2	93	93	1.5193182298143594E-8	1	1	93	117	3	22	-A
F3_BC63_191109_LF_LIB_consensus_vsearch	1391	A	*/-TAA	222	7	2.9%	2	1	93	93	0.007457437428309682	1	1	93	129	0	7	-TAA
F3_BC63_191109_LF_LIB_consensus_vsearch	1407	G	*/-C	228	8	3.31%	2	2	93	93	0.00367772893957288	1	1	95	133	2	6	-C
F3_BC63_191109_LF_LIB_consensus_vsearch	1410	C	*/+T	221	9	3.7%	2	1	93	93	0.001803432580702911	1	1	96	125	0	9	+T
F3_BC63_191109_LF_LIB_consensus_vsearch	1410	C	*/-T	221	8	3.29%	2	2	93	93	0.003670845031231652	1	1	96	125	1	7	+T
F3_BC63_191109_LF_LIB_consensus_vsearch	1418	T	*/-C	225	8	3.35%	2	1	93	93	0.0036748286042396724	1	1	86	139	8	0	-C
F3_BC63_191109_LF_LIB_consensus_vsearch	1424	G	*/+C	38	28	11.57%	2	2	93	93	9.585418986031751E-11	1	1	8	30	17	11	+C
F3_BC63_191109_LF_LIB_consensus_vsearch	1424	G	*/+CCGCA	38	53	21.9%	2	2	93	93	1.9430551558581394E-21	1	1	8	30	25	28	+CCGCA
F3_BC63_191109_LF_LIB_consensus_vsearch	1424	G	*/+CCGCACG	38	79	32.64%	2	2	93	93	1.6034911377092964E-33	1	1	8	30	29	50	+CCGCACG
F3_BC63_191109_LF_LIB_consensus_vsearch	1427	C	*/+AC	206	21	8.68%	2	2	93	93	2.937021083806429E-7	1	1	79	127	16	5	+AC
F3_BC63_191109_LF_LIB_consensus_vsearch	1447	T	*/-G	221	12	5.04%	2	2	93	93	2.1113855488095296E-4	1	1	94	127	1	11	-G
F3_BC63_191109_LF_LIB_consensus_vsearch	1458	C	*/-T	228	7	2.9%	2	2	93	93	0.007466423838535645	1	1	97	131	1	6	-T
F3_BC63_191109_LF_LIB_consensus_vsearch	1462	T	*/-C	227	10	4.12%	2	2	93	93	8.863871017160644E-4	1	1	87	140	9	1	-C
F3_BC63_191109_LF_LIB_consensus_vsearch	1464	C	*/+G	210	17	7.02%	2	2	93	93	5.590552312029508E-6	1	1	90	120	3	14	+G
F3_BC63_191109_LF_LIB_consensus_vsearch	1466	A	*/-G	215	18	7.59%	2	1	93	93	2.7118689984586317E-6	1	1	77	138	18	0	-G
F3_BC63_191109_LF_LIB_consensus_vsearch	1467	G	*/-AG	193	22	9.82%	2	2	93	93	1.3540685912566394E-7	1	1	63	130	8	14	-AG
F3_BC63_191109_LF_LIB_consensus_vsearch	1468	A	*/-G	202	11	5.07%	2	1	93	93	4.2773637746469634E-4	1	1	73	129	11	0	-G
F3_BC63_191109_LF_LIB_consensus_vsearch	1470	G	*/+A	227	11	4.6%	2	1	93	93	4.3386316031303036E-4	1	1	82	145	11	0	+A
F3_BC63_191109_LF_LIB_consensus_vsearch	1473	T	*/-GG	218	12	4.96%	2	1	93	93	2.1072864956982534E-4	1	1	93	125	0	12	-GG
F3_BC63_191109_LF_LIB_consensus_vsearch	1480	T	*/-C	220	14	5.88%	2	2	93	93	4.995890859598848E-5	1	1	87	133	11	3	-C
F3_BC63_191109_LF_LIB_consensus_vsearch	1482	C	*/-T	234	7	2.89%	2	1	93	93	0.007474966656828971	1	1	98	136	0	7	-T
F3_BC63_191109_LF_LIB_consensus_vsearch	1487	A	*/+G	223	8	3.31%	2	2	93	93	0.0036728538094896964	1	1	83	140	5	3	+G
F3_BC63_191109_LF_LIB_consensus_vsearch	1487	A	*/-G	223	8	3.31%	2	2	93	93	0.0036728538094896964	1	1	83	140	7	1	+G
F3_BC63_191109_LF_LIB_consensus_vsearch	1499	G	*/-C	210	16	6.93%	2	2	93	93	1.1590481452408359E-5	1	1	95	115	1	15	-C
F3_BC63_191109_LF_LIB_consensus_vsearch	1501	T	*/-G	186	42	17.72%	2	2	93	93	2.8386468747083013E-14	1	1	72	114	18	24	-G
F3_BC63_191109_LF_LIB_consensus_vsearch	1508	C	*/+G	231	7	2.89%	2	2	93	93	0.007470748618496003	1	1	94	137	1	6	+G
F3_BC63_191109_LF_LIB_consensus_vsearch	1515	T	*/-G	219	15	6.17%	2	2	93	93	2.4209162755784478E-5	1	1	94	125	1	14	-G
F3_BC63_191109_LF_LIB_consensus_vsearch	1524	G	*/-C	225	8	3.32%	2	2	93	93	0.0036748286042396724	1	1	95	130	2	6	-C
F3_BC63_191109_LF_LIB_consensus_vsearch	1527	C	*/-G	227	10	4.18%	2	1	93	93	8.863871017160644E-4	1	1	96	131	0	10	-G
F3_BC63_191109_LF_LIB_consensus_vsearch	1535	T	*/-G	222	7	2.89%	2	2	93	93	0.007457437428309682	1	1	81	141	5	2	-G
F3_BC63_191109_LF_LIB_consensus_vsearch	1537	G	*/+A	226	9	3.7%	2	1	93	93	0.0018065516263558758	1	1	86	140	9	0	+A
F3_BC63_191109_LF_LIB_consensus_vsearch	1541	G	*/-C	222	10	4.13%	2	1	93	93	8.844993515297029E-4	1	1	91	131	0	10	-C
F3_BC63_191109_LF_LIB_consensus_vsearch	1553	T	*/+A	220	7	2.97%	2	1	93	93	0.007454337359329176	1	1	85	135	7	0	+A
F3_BC63_191109_LF_LIB_consensus_vsearch	1554	G	*/-A	220	9	3.88%	2	1	93	93	0.0018027927820038396	1	1	82	138	9	0	-A
F3_BC63_191109_LF_LIB_consensus_vsearch	1579	T	*/-C	38	153	64.56%	2	2	93	93	8.68017826935672E-71	1	1	11	27	45	108	-C
F3_BC63_191109_LF_LIB_consensus_vsearch	1579	T	*/-CC	38	38	16.03%	2	2	93	93	6.99250590082711E-15	1	1	11	27	34	4	-C
F3_BC63_191109_LF_LIB_consensus_vsearch	1583	C	*/-T	216	16	6.61%	2	2	93	93	1.1676102632271101E-5	1	1	93	123	1	15	-T
F3_BC63_191109_LF_LIB_consensus_vsearch	1587	C	*/+T	221	7	2.92%	2	1	93	93	0.007455894130096957	1	1	89	132	0	7	+T
F3_BC63_191109_LF_LIB_consensus_vsearch	1588	C	*/-T	169	66	27.39%	2	2	93	93	6.589577911699948E-23	1	1	87	82	5	61	-T
F3_BC63_191109_LF_LIB_consensus_vsearch	1597	C	*/+A	63	19	7.88%	2	1	93	93	5.870094113648695E-7	1	1	37	26	0	19	+A
F3_BC63_191109_LF_LIB_consensus_vsearch	1597	C	*/+AC	63	148	61.41%	2	2	93	93	1.9736800666784666E-63	1	1	37	26	60	88	+AC
F3_BC63_191109_LF_LIB_consensus_vsearch	1598	C	*/+T	215	20	8.23%	2	2	93	93	6.254287576406704E-7	1	1	95	120	2	18	+T
F3_BC63_191109_LF_LIB_consensus_vsearch	1612	T	*/+C	219	11	4.55%	2	2	93	93	4.3204184318133837E-4	1	1	93	126	3	8	+C
F3_BC63_191109_LF_LIB_consensus_vsearch	1612	T	*/-C	219	9	3.72%	2	2	93	93	0.0018021474934649558	1	1	93	126	2	7	+C
F3_BC63_191109_LF_LIB_consensus_vsearch	1614	C	*/+G	199	18	7.44%	2	1	93	93	2.641658197446781E-6	1	1	97	102	0	18	+G
F3_BC63_191109_LF_LIB_consensus_vsearch	1614	C	*/+T	199	9	3.72%	2	1	93	93	0.0017879699024036485	1	1	97	102	0	9	+G
F3_BC63_191109_LF_LIB_consensus_vsearch	1624	G	*/+C	230	10	4.13%	2	1	93	93	8.874830704141458E-4	1	1	98	132	0	10	+C
F3_BC63_191109_LF_LIB_consensus_vsearch	1625	C	*/-T	228	7	2.89%	2	1	93	93	0.007466423838535645	1	1	97	131	0	7	-T
F3_BC63_191109_LF_LIB_consensus_vsearch	1626	T	*/-C	209	12	5.11%	2	2	93	93	2.0943559915765036E-4	1	1	89	120	1	11	-C
F3_BC63_191109_LF_LIB_consensus_vsearch	1632	A	*/+G	120	76	32.2%	2	2	93	93	1.489578779646104E-27	1	1	49	71	16	60	+G
F3_BC63_191109_LF_LIB_consensus_vsearch	1632	A	*/-G	120	30	12.71%	2	2	93	93	1.8591249817548734E-10	1	1	49	71	21	9	+G
F3_BC63_191109_LF_LIB_consensus_vsearch	1637	T	*/-A	223	7	2.94%	2	1	93	93	0.007458967428082863	1	1	95	128	0	7	-A
F3_BC63_191109_LF_LIB_consensus_vsearch	1638	A	*/+G	174	13	5.6%	2	2	93	93	9.837503282500424E-5	1	1	90	84	1	12	+G
F3_BC63_191109_LF_LIB_consensus_vsearch	1638	A	*/-G	174	39	16.81%	2	2	93	93	2.679025912295411E-13	1	1	90	84	3	36	-G
F3_BC63_191109_LF_LIB_consensus_vsearch	1641	A	*/-G	221	8	3.39%	2	2	93	93	0.003670845031231652	1	1	92	129	1	7	-G
F3_BC63_191109_LF_LIB_consensus_vsearch	1650	C	*/-GC	200	36	14.94%	2	2	93	93	3.430927260269545E-12	1	1	64	136	29	7	-GC
F3_BC63_191109_LF_LIB_consensus_vsearch	1652	C	*/-T	179	20	9.8%	2	2	93	93	5.771599551937324E-7	1	1	61	118	2	18	-T
F3_BC63_191109_LF_LIB_consensus_vsearch	1653	T	*/-C	206	12	5.41%	2	1	93	93	2.089820970245861E-4	1	1	81	125	12	0	-C
F3_BC63_191109_LF_LIB_consensus_vsearch	1670	G	*/-A	231	11	4.55%	2	1	93	93	4.3473033454469255E-4	1	1	87	144	11	0	-A
F3_BC63_191109_LF_LIB_consensus_vsearch	1674	C	*/-G	218	7	2.99%	2	1	93	93	0.007451182688346346	1	1	90	128	0	7	-G
F3_BC63_191109_LF_LIB_consensus_vsearch	1676	G	*/-A	231	8	3.31%	2	2	93	93	0.0036805574954856175	1	1	90	141	7	1	-A
F3_BC63_191109_LF_LIB_consensus_vsearch	1679	C	*/+A	211	10	4.15%	2	1	93	93	8.800549103686053E-4	1	1	76	135	10	0	+A
F3_BC63_191109_LF_LIB_consensus_vsearch	1680	G	*/-A	216	14	5.86%	2	2	93	93	4.97799291733799E-5	1	1	82	134	12	2	-A
F3_BC63_191109_LF_LIB_consensus_vsearch	1686	C	*/-T	227	10	4.13%	2	1	93	93	8.863871017160644E-4	1	1	95	132	0	10	-T
F3_BC63_191109_LF_LIB_consensus_vsearch	1706	A	*/-G	209	20	8.47%	2	2	93	93	6.182448862155197E-7	1	1	74	135	16	4	-G
F3_BC63_191109_LF_LIB_consensus_vsearch	1708	G	*/+A	227	8	3.33%	2	2	93	93	0.003676770270380206	1	1	84	143	7	1	+A
F3_BC63_191109_LF_LIB_consensus_vsearch	1710	A	*/+G	229	7	2.9%	2	1	93	93	0.007467877541059236	1	1	87	142	7	0	+G
F3_BC63_191109_LF_LIB_consensus_vsearch	1724	C	*/+A	213	8	3.36%	2	2	93	93	0.0036624519192641563	1	1	85	128	7	1	+A
F3_BC63_191109_LF_LIB_consensus_vsearch	1728	G	*/-T	229	8	3.31%	2	2	93	93	0.0036786796343901236	1	1	95	134	2	6	-T
F3_BC63_191109_LF_LIB_consensus_vsearch	1731	T	*/-C	222	17	7%	2	2	93	93	5.681724827274391E-6	1	1	93	129	4	13	-C
F3_BC63_191109_LF_LIB_consensus_vsearch	1736	A	*/-G	215	11	4.62%	2	2	93	93	4.3108474750487954E-4	1	1	89	126	3	8	-G
F3_BC63_191109_LF_LIB_consensus_vsearch	1747	C	*/+G	204	7	2.99%	2	2	93	93	0.007427442022474603	1	1	95	109	1	6	+G
F3_BC63_191109_LF_LIB_consensus_vsearch	1749	G	*/-A	230	7	2.92%	2	2	93	93	0.0074693190837354945	1	1	93	137	3	4	-A
F3_BC63_191109_LF_LIB_consensus_vsearch	1761	T	*/-A	215	12	5.08%	2	2	93	93	2.103084529771467E-4	1	1	92	123	3	9	-A
F3_BC63_191109_LF_LIB_consensus_vsearch	1768	C	*/-T	212	18	7.41%	2	2	93	93	2.699344387350368E-6	1	1	96	116	1	17	-T
F3_BC63_191109_LF_LIB_consensus_vsearch	1776	C	*/-AC	222	8	3.39%	2	2	93	93	0.0036718537228742883	1	1	84	138	7	1	-AC
F3_BC63_191109_LF_LIB_consensus_vsearch	1777	A	*/+T	219	7	2.99%	2	1	93	93	0.007452766938834958	1	1	85	134	0	7	+T
F3_BC63_191109_LF_LIB_consensus_vsearch	1780	C	*/+T	215	10	4.18%	2	2	93	93	8.817198236951184E-4	1	1	91	124	1	9	+T
F3_BC63_191109_LF_LIB_consensus_vsearch	1782	T	*/-G	167	51	21.43%	2	2	93	93	1.6104746458363567E-17	1	1	75	92	10	41	-G
F3_BC63_191109_LF_LIB_consensus_vsearch	1782	T	*/-GG	167	7	2.94%	2	2	93	93	0.007346529640553612	1	1	75	92	5	2	-G
F3_BC63_191109_LF_LIB_consensus_vsearch	1786	T	*/-C	221	13	5.42%	2	2	93	93	1.0285657652119606E-4	1	1	87	134	7	6	-C
F3_BC63_191109_LF_LIB_consensus_vsearch	1788	C	*/+T	229	7	2.93%	2	1	93	93	0.007467877541059236	1	1	94	135	0	7	+T
F3_BC63_191109_LF_LIB_consensus_vsearch	1796	T	*/-C	188	48	20%	2	2	93	93	2.478080508898333E-16	1	1	85	103	10	38	-C
F3_BC63_191109_LF_LIB_consensus_vsearch	1798	C	*/-G	128	33	13.69%	2	1	93	93	1.8718007463922923E-11	1	1	51	77	0	33	-G
F3_BC63_191109_LF_LIB_consensus_vsearch	1805	T	*/-A	216	13	5.37%	2	2	93	93	1.0246182731202857E-4	1	1	81	135	7	6	-A
F3_BC63_191109_LF_LIB_consensus_vsearch	1812	C	*/-T	231	7	2.9%	2	2	93	93	0.007470748618496003	1	1	95	136	1	6	-T
F3_BC63_191109_LF_LIB_consensus_vsearch	1820	G	*/-AG	232	7	2.89%	2	1	93	93	0.007472166294706969	1	1	89	143	7	0	-AG
F3_BC63_191109_LF_LIB_consensus_vsearch	1821	A	*/-G	215	13	5.56%	2	2	93	93	1.0238092820754376E-4	1	1	77	138	8	5	-G
F3_BC63_191109_LF_LIB_consensus_vsearch	1825	T	*/-A	220	19	7.82%	2	2	93	93	1.3145184545692624E-6	1	1	96	124	2	17	-A
F3_BC63_191109_LF_LIB_consensus_vsearch	1831	A	*/+C	120	8	3.36%	2	2	93	93	0.0034899422840876464	1	1	72	48	4	4	+C
F3_BC63_191109_LF_LIB_consensus_vsearch	1831	A	*/-C	120	90	37.82%	2	2	93	93	3.7865714589281856E-33	1	1	72	48	6	84	-C
F3_BC63_191109_LF_LIB_consensus_vsearch	1831	A	*/-CC	120	11	4.62%	2	2	93	93	3.923448354670324E-4	1	1	72	48	2	9	-C
F3_BC63_191109_LF_LIB_consensus_vsearch	1835	C	*/-T	231	7	2.88%	2	2	93	93	0.007470748618496003	1	1	97	134	1	6	-T
F3_BC63_191109_LF_LIB_consensus_vsearch	1836	T	*/-CT	222	7	2.98%	2	2	93	93	0.007457437428309682	1	1	93	129	1	6	-CT
F3_BC63_191109_LF_LIB_consensus_vsearch	1844	A	*/-G	219	19	7.98%	2	2	93	93	1.312379928099055E-6	1	1	77	142	18	1	-G
F3_BC63_191109_LF_LIB_consensus_vsearch	1851	C	*/+T	223	10	4.22%	2	1	93	93	8.848831932848452E-4	1	1	95	128	0	10	+T
F3_BC63_191109_LF_LIB_consensus_vsearch	1852	C	*/+T	223	9	3.7%	2	1	93	93	0.0018046959863042469	1	1	98	125	0	9	+T
F3_BC63_191109_LF_LIB_consensus_vsearch	1852	C	*/-T	223	7	2.88%	2	1	93	93	0.007458967428082863	1	1	98	125	0	7	+T
F3_BC63_191109_LF_LIB_consensus_vsearch	1863	T	*/+C	220	8	3.35%	2	2	93	93	0.0036698276230520683	1	1	86	134	7	1	+C
F3_BC63_191109_LF_LIB_consensus_vsearch	1870	T	-A/-A	11	226	93.78%	2	2	93	93	2.4438184454683808E-123	1	1	6	5	90	136	-A
F3_BC63_191109_LF_LIB_consensus_vsearch	1872	A	*/-C	180	49	20.5%	2	2	93	93	9.986089063233234E-17	1	1	93	87	1	48	-C
F3_BC63_191109_LF_LIB_consensus_vsearch	1876	T	*/-C	223	12	5.04%	2	2	93	93	2.114062925508352E-4	1	1	94	129	1	11	-C
F3_BC63_191109_LF_LIB_consensus_vsearch	1878	C	*/-G	143	8	3.32%	2	1	93	93	0.003551931265251157	1	1	53	90	0	8	-G
F3_BC63_191109_LF_LIB_consensus_vsearch	1879	G	*/-TG	215	12	5.13%	2	1	93	93	2.103084529771467E-4	1	1	96	119	0	12	-TG
F3_BC63_191109_LF_LIB_consensus_vsearch	1881	G	*/+C	208	10	4.44%	2	1	93	93	8.787673881990181E-4	1	1	93	115	0	10	+C
F3_BC63_191109_LF_LIB_consensus_vsearch	1883	G	*/-C	213	23	9.5%	2	2	93	93	6.788388096024037E-8	1	1	73	140	21	2	-C
F3_BC63_191109_LF_LIB_consensus_vsearch	1884	C	+A/+A	16	190	87.16%	2	2	93	93	2.301578032354411E-99	1	1	2	14	69	121	+A
F3_BC63_191109_LF_LIB_consensus_vsearch	1886	A	*/+TAA	218	11	4.58%	2	1	93	93	4.318055810374596E-4	1	1	93	125	0	11	+TAA
F3_BC63_191109_LF_LIB_consensus_vsearch	1890	T	*/-A	214	11	4.55%	2	2	93	93	4.308403683968055E-4	1	1	80	134	9	2	-A
F3_BC63_191109_LF_LIB_consensus_vsearch	1900	T	*/-C	231	7	2.88%	2	1	93	93	0.007470748618496003	1	1	88	143	7	0	-C
F3_BC63_191109_LF_LIB_consensus_vsearch	1909	T	*/+G	193	12	5.13%	2	2	93	93	2.0687207786004562E-4	1	1	87	106	3	9	+G
F3_BC63_191109_LF_LIB_consensus_vsearch	1925	T	*/+A	69	119	50%	2	2	93	93	7.551113370986913E-49	1	1	15	54	61	58	+A
F3_BC63_191109_LF_LIB_consensus_vsearch	1925	T	*/-A	69	21	8.82%	2	2	93	93	1.273484394987792E-7	1	1	15	54	5	16	+A
F3_BC63_191109_LF_LIB_consensus_vsearch	1925	T	*/-AA	69	12	5.04%	2	1	93	93	1.5739902049295915E-4	1	1	15	54	12	0	+A
F3_BC63_191109_LF_LIB_consensus_vsearch	1948	C	*/-GC	222	8	3.35%	2	2	93	93	0.0036718537228742883	1	1	92	130	3	5	-GC
F3_BC63_191109_LF_LIB_consensus_vsearch	1951	T	*/-G	208	19	8.02%	2	1	93	93	1.287811711287195E-6	1	1	92	116	0	19	-G
F3_BC63_191109_LF_LIB_consensus_vsearch	1955	T	*/-C	192	40	16.67%	2	2	93	93	1.4442719500927095E-13	1	1	65	127	25	15	-C
F3_BC63_191109_LF_LIB_consensus_vsearch	1958	C	*/+T	195	16	6.58%	2	1	93	93	1.1357537987418757E-5	1	1	89	106	0	16	+T
F3_BC63_191109_LF_LIB_consensus_vsearch	1958	C	*/-T	195	18	7.41%	2	2	93	93	2.622705226031456E-6	1	1	89	106	8	10	-T
F3_BC63_191109_LF_LIB_consensus_vsearch	1987	C	*/-A	222	9	3.72%	2	1	93	93	0.001804066959286255	1	1	96	126	0	9	-A
F3_BC63_191109_LF_LIB_consensus_vsearch	2001	G	*/-T	235	7	2.88%	2	1	93	93	0.007476349629382664	1	1	97	138	0	7	-T
F3_BC63_191109_LF_LIB_consensus_vsearch	2006	G	*/-TG	222	12	5%	2	1	93	93	2.1127296798947417E-4	1	1	91	131	0	12	-TG
F3_BC63_191109_LF_LIB_consensus_vsearch	2012	C	*/+A	213	10	4.13%	2	1	93	93	8.808946039600796E-4	1	1	78	135	10	0	+A
F3_BC63_191109_LF_LIB_consensus_vsearch	2012	C	*/-GC	213	8	3.31%	2	2	93	93	0.0036624519192641563	1	1	78	135	3	5	+A
F3_BC63_191109_LF_LIB_consensus_vsearch	2024	A	*/-CT	218	14	5.81%	2	1	93	93	4.9870133531628E-5	1	1	75	143	14	0	-CT
F3_BC63_191109_LF_LIB_consensus_vsearch	2025	C	*/-T	217	8	3.49%	2	2	93	93	0.0036667219549938834	1	1	80	137	3	5	-T
F3_BC63_191109_LF_LIB_consensus_vsearch	2026	T	*/+C	203	8	3.62%	2	1	93	93	0.0036510799339400076	1	1	74	129	0	8	+C
F3_BC63_191109_LF_LIB_consensus_vsearch	2066	G	*/-C	200	30	12.66%	2	2	93	93	3.3878376895849755E-10	1	1	62	138	29	1	-C
F3_BC63_191109_LF_LIB_consensus_vsearch	2070	T	*/+A	221	9	3.72%	2	1	93	93	0.001803432580702911	1	1	97	124	0	9	+A
F3_BC63_191109_LF_LIB_consensus_vsearch	2081	C	*/-G	221	8	3.4%	2	2	93	93	0.003670845031231652	1	1	89	132	2	6	-G
F3_BC63_191109_LF_LIB_consensus_vsearch	2087	G	*/+C	172	9	3.75%	2	2	93	93	0.0017639971126793845	1	1	63	109	3	6	+C
F3_BC63_191109_LF_LIB_consensus_vsearch	2087	G	*/-C	172	30	12.5%	2	2	93	93	2.911548269068352E-10	1	1	63	109	8	22	-C
F3_BC63_191109_LF_LIB_consensus_vsearch	2087	G	*/-CC	172	23	9.58%	2	2	93	93	5.986045261644147E-8	1	1	63	109	19	4	-C
F3_BC63_191109_LF_LIB_consensus_vsearch	2088	C	*/+T	176	7	3.76%	2	1	93	93	0.007369187819667051	1	1	67	109	0	7	+T
F3_BC63_191109_LF_LIB_consensus_vsearch	2091	C	*/-T	161	64	26.34%	2	2	93	93	2.8739820370887033E-22	1	1	74	87	8	56	-T
F3_BC63_191109_LF_LIB_consensus_vsearch	2091	C	*/-TT	161	13	5.35%	2	2	93	93	9.67427286895422E-5	1	1	74	87	12	1	-T
F3_BC63_191109_LF_LIB_consensus_vsearch	2101	C	*/-A	232	7	2.88%	2	1	93	93	0.007472166294706969	1	1	89	143	7	0	-A
F3_BC63_191109_LF_LIB_consensus_vsearch	2113	C	*/+G	194	7	2.9%	2	2	93	93	0.007408480654387502	1	1	71	123	2	5	+G
F3_BC63_191109_LF_LIB_consensus_vsearch	2113	C	*/-G	194	20	8.3%	2	2	93	93	5.988612635554178E-7	1	1	71	123	17	3	-G
F3_BC63_191109_LF_LIB_consensus_vsearch	2113	C	*/-GG	194	10	4.15%	2	2	93	93	8.722750499460999E-4	1	1	71	123	3	7	-G
F3_BC63_191109_LF_LIB_consensus_vsearch	2121	T	*/-C	214	12	5.08%	2	2	93	93	2.1016603336412182E-4	1	1	95	119	1	11	-C
F3_BC63_191109_LF_LIB_consensus_vsearch	2123	C	*/+T	181	13	5.46%	2	2	93	93	9.917006682722331E-5	1	1	96	85	1	12	+T
F3_BC63_191109_LF_LIB_consensus_vsearch	2123	C	*/-T	181	38	15.97%	2	1	93	93	6.272260604795377E-13	1	1	96	85	0	38	-T
F3_BC63_191109_LF_LIB_consensus_vsearch	2135	A	*/-C	225	8	3.31%	2	2	93	93	0.0036748286042396724	1	1	89	136	4	4	-C
F3_BC63_191109_LF_LIB_consensus_vsearch	2136	C	*/+T	218	9	3.9%	2	1	93	93	0.001801496644156972	1	1	90	128	0	9	+T
F3_BC63_191109_LF_LIB_consensus_vsearch	2138	C	*/+G	179	20	8.23%	2	2	93	93	5.771599551937324E-7	1	1	91	88	1	19	+G
F3_BC63_191109_LF_LIB_consensus_vsearch	2139	G	*/-A	228	10	4.13%	2	2	93	93	8.867554066061573E-4	1	1	85	143	9	1	-A
F3_BC63_191109_LF_LIB_consensus_vsearch	2143	T	*/+C	227	7	2.88%	2	1	93	93	0.0074649578216797186	1	1	88	139	7	0	+C
F3_BC63_191109_LF_LIB_consensus_vsearch	2144	C	*/-G	171	59	24.79%	2	2	93	93	2.409210082477455E-20	1	1	76	95	14	45	-G
F3_BC63_191109_LF_LIB_consensus_vsearch	2146	G	*/-A	217	18	7.59%	2	1	93	93	2.7200653503708843E-6	1	1	75	142	18	0	-A
F3_BC63_191109_LF_LIB_consensus_vsearch	2149	T	*/+C	224	9	3.75%	2	2	93	93	0.0018053197291553536	1	1	85	139	7	2	+C
F3_BC63_191109_LF_LIB_consensus_vsearch	2157	C	*/+G	212	25	10.5%	2	1	93	93	1.5284637044949872E-8	1	1	68	144	25	0	+G
F3_BC63_191109_LF_LIB_consensus_vsearch	2158	C	*/-T	195	21	8.68%	2	2	93	93	2.8618445754659307E-7	1	1	76	119	1	20	-T
F3_BC63_191109_LF_LIB_consensus_vsearch	2158	C	*/-TT	195	22	9.09%	2	2	93	93	1.3615242091130014E-7	1	1	76	119	21	1	-TT
F3_BC63_191109_LF_LIB_consensus_vsearch	2161	T	*/+G	225	7	2.88%	2	2	93	93	0.0074619882138406745	1	1	95	130	1	6	+G
F3_BC63_191109_LF_LIB_consensus_vsearch	2169	T	*/-GT	226	8	3.31%	2	1	93	93	0.003675803526076434	1	1	95	131	0	8	-GT
F3_BC63_191109_LF_LIB_consensus_vsearch	2174	T	*/-C	201	35	14.64%	2	1	93	93	7.4592796653594E-12	1	1	97	104	0	35	-C
F3_BC63_191109_LF_LIB_consensus_vsearch	2175	C	*/-TC	187	9	4.39%	2	2	93	93	0.001778109859374632	1	1	96	91	1	8	-TC
F3_BC63_191109_LF_LIB_consensus_vsearch	2188	C	*/-GC	229	7	2.88%	2	2	93	93	0.007467877541059236	1	1	91	138	4	3	-GC
F3_BC63_191109_LF_LIB_consensus_vsearch	2195	C	*/-G	228	7	2.89%	2	2	93	93	0.007466423838535645	1	1	87	141	6	1	-G
F3_BC63_191109_LF_LIB_consensus_vsearch	2197	C	*/-T	219	7	2.93%	2	2	93	93	0.007452766938834958	1	1	85	134	1	6	-T
F3_BC63_191109_LF_LIB_consensus_vsearch	2210	C	*/-T	220	21	8.68%	2	2	93	93	3.0247178099243174E-7	1	1	96	124	1	20	-T
F3_BC63_191109_LF_LIB_consensus_vsearch	2212	C	*/-T	226	8	3.35%	2	2	93	93	0.003675803526076434	1	1	92	134	4	4	-T
F3_BC63_191109_LF_LIB_consensus_vsearch	2226	T	*/-G	224	9	3.8%	2	2	93	93	0.0018053197291553536	1	1	91	133	4	5	-G
F3_BC63_191109_LF_LIB_consensus_vsearch	2231	T	*/+C	194	9	3.7%	2	1	93	93	0.0017839997252666491	1	1	85	109	0	9	+C
F3_BC63_191109_LF_LIB_consensus_vsearch	2231	T	*/-C	194	39	16.05%	2	2	93	93	3.206515867492819E-13	1	1	85	109	13	26	-C
F3_BC63_191109_LF_LIB_consensus_vsearch	2234	C	*/-T	232	10	4.12%	2	2	93	93	8.881990455798616E-4	1	1	96	136	2	8	-T
F3_BC63_191109_LF_LIB_consensus_vsearch	2237	T	*/+G	214	8	3.43%	2	1	93	93	0.003663533633296164	1	1	94	120	0	8	+G
F3_BC63_191109_LF_LIB_consensus_vsearch	2238	G	*/-AA	219	7	2.97%	2	1	93	93	0.007452766938834958	1	1	91	128	0	7	-AA
F3_BC63_191109_LF_LIB_consensus_vsearch	2250	C	*/-GC	208	28	11.72%	2	2	93	93	1.590755435638844E-9	1	1	75	133	19	9	-GC
F3_BC63_191109_LF_LIB_consensus_vsearch	2252	C	*/-T	187	12	5.69%	2	2	93	93	2.0581058583041666E-4	1	1	70	117	4	8	-T
F3_BC63_191109_LF_LIB_consensus_vsearch	2256	A	*/-C	226	14	5.79%	2	2	93	93	5.0216988599021617E-5	1	1	92	134	4	10	-C
F3_BC63_191109_LF_LIB_consensus_vsearch	2258	C	*/-G	179	19	7.85%	2	2	93	93	1.2123412815450364E-6	1	1	84	95	9	10	-G
F3_BC63_191109_LF_LIB_consensus_vsearch	2260	G	*/+A	174	17	7.14%	2	1	93	93	5.258205410644831E-6	1	1	53	121	17	0	+A
F3_BC63_191109_LF_LIB_consensus_vsearch	2261	G	*/-TG	213	15	6.2%	2	1	93	93	2.4057212275525828E-5	1	1	88	125	0	15	-TG
F3_BC63_191109_LF_LIB_consensus_vsearch	2269	A	*/-C	229	9	3.75%	2	2	93	93	0.0018083614623809116	1	1	96	133	1	8	-C
F3_BC63_191109_LF_LIB_consensus_vsearch	2270	C	*/+T	224	8	3.42%	2	1	93	93	0.003673845400689721	1	1	96	128	0	8	+T
F3_BC63_191109_LF_LIB_consensus_vsearch	2274	T	*/-GT	229	7	2.89%	2	2	93	93	0.007467877541059236	1	1	94	135	4	3	-GT
F3_BC63_191109_LF_LIB_consensus_vsearch	2284	T	*/-C	212	30	12.35%	2	1	93	93	3.5739377851246345E-10	1	1	67	145	30	0	-C
F3_BC63_191109_LF_LIB_consensus_vsearch	2297	A	*/-G	183	47	19.58%	2	1	93	93	5.173978832128927E-16	1	1	92	91	0	47	-G
F3_BC63_191109_LF_LIB_consensus_vsearch	2303	G	*/+T	224	11	4.6%	2	2	93	93	4.3319414411093957E-4	1	1	86	138	10	1	+T
F3_BC63_191109_LF_LIB_consensus_vsearch	2307	G	*/+A	205	15	6.36%	2	1	93	93	2.384291138391124E-5	1	1	66	139	15	0	+A
F3_BC63_191109_LF_LIB_consensus_vsearch	2311	C	*/-T	221	7	2.9%	2	2	93	93	0.007455894130096957	1	1	88	133	2	5	-T
F3_BC63_191109_LF_LIB_consensus_vsearch	2314	C	*/+A	219	12	5.08%	2	1	93	93	2.10866409362083E-4	1	1	92	127	0	12	+A
F3_BC63_191109_LF_LIB_consensus_vsearch	2331	T	*/+G	170	10	4.13%	2	2	93	93	8.588852401034393E-4	1	1	81	89	4	6	+G
F3_BC63_191109_LF_LIB_consensus_vsearch	2331	T	*/-G	170	37	15.29%	2	2	93	93	1.2430666709081865E-12	1	1	81	89	6	31	-G
F3_BC63_191109_LF_LIB_consensus_vsearch	2331	T	*/-GG	170	9	3.72%	2	2	93	93	0.001761941721127389	1	1	81	89	3	6	-G
F3_BC63_191109_LF_LIB_consensus_vsearch	2331	T	*/-GGG	170	9	3.72%	2	1	93	93	0.001761941721127389	1	1	81	89	0	9	-G
F3_BC63_191109_LF_LIB_consensus_vsearch	2337	A	*/+G	199	16	6.96%	2	1	93	93	1.1422478632590395E-5	1	1	92	107	0	16	+G
F3_BC63_191109_LF_LIB_consensus_vsearch	2337	A	*/-G	199	12	5.22%	2	2	93	93	2.078764879814198E-4	1	1	92	107	3	9	+G
F3_BC63_191109_LF_LIB_consensus_vsearch	2341	C	*/+A	227	9	3.7%	2	1	93	93	0.0018071599099638493	1	1	91	136	0	9	+A
F3_BC63_191109_LF_LIB_consensus_vsearch	2343	A	*/-C	216	8	3.38%	2	2	93	93	0.003665668526289429	1	1	78	138	2	6	-C
F3_BC63_191109_LF_LIB_consensus_vsearch	2349	T	*/+G	186	9	3.75%	2	1	93	93	0.0017772348172719874	1	1	88	98	9	0	+G
F3_BC63_191109_LF_LIB_consensus_vsearch	2350	A	*/-G	219	10	4.17%	2	2	93	93	8.833283118953115E-4	1	1	87	132	9	1	-G
F3_BC63_191109_LF_LIB_consensus_vsearch	2374	A	*/-G	227	10	4.12%	2	2	93	93	8.863871017160644E-4	1	1	86	141	6	4	-G
F3_BC63_191109_LF_LIB_consensus_vsearch	2376	G	*/+A	184	11	4.58%	2	2	93	93	4.223970856632319E-4	1	1	59	125	6	5	+A
F3_BC63_191109_LF_LIB_consensus_vsearch	2376	G	*/-A	184	37	15.42%	2	2	93	93	1.4048584009600596E-12	1	1	59	125	23	14	-A
F3_BC63_191109_LF_LIB_consensus_vsearch	2381	G	*/+A	214	10	4.27%	2	1	93	93	8.813089995913842E-4	1	1	83	131	0	10	+A
F3_BC63_191109_LF_LIB_consensus_vsearch	2388	A	*/-C	222	11	4.56%	2	1	93	93	4.3273893004878305E-4	1	1	80	142	11	0	-C
F3_BC63_191109_LF_LIB_consensus_vsearch	2391	A	*/-G	207	28	11.62%	2	2	93	93	1.5846412514860424E-9	1	1	91	116	2	26	-G
F3_BC63_191109_LF_LIB_consensus_vsearch	2396	T	*/-C	167	59	24.28%	2	2	93	93	2.2071650735990624E-20	1	1	90	77	7	52	-C
F3_BC63_191109_LF_LIB_consensus_vsearch	2399	C	*/-T	221	11	4.62%	2	1	93	93	4.3250849347899065E-4	1	1	97	124	0	11	-T
F3_BC63_191109_LF_LIB_consensus_vsearch	2410	C	*/+A	215	7	2.9%	2	1	93	93	0.007446345105805389	1	1	80	135	7	0	+A
F3_BC63_191109_LF_LIB_consensus_vsearch	2410	C	*/-G	215	7	2.9%	2	1	93	93	0.007446345105805389	1	1	80	135	7	0	+A
F3_BC63_191109_LF_LIB_consensus_vsearch	2411	G	*/+TG	210	8	3.42%	2	1	93	93	0.0036591481612605	1	1	79	131	0	8	+TG
F3_BC63_191109_LF_LIB_consensus_vsearch	2411	G	*/-A	210	7	2.99%	2	2	93	93	0.007437988084800957	1	1	79	131	6	1	+TG
F3_BC63_191109_LF_LIB_consensus_vsearch	2413	G	*/-T	213	18	7.59%	2	1	93	93	2.703550386671577E-6	1	1	95	118	0	18	-T
F3_BC63_191109_LF_LIB_consensus_vsearch	2418	G	*/-CG	221	12	4.98%	2	1	93	93	2.1113855488095296E-4	1	1	95	126	0	12	-CG
F3_BC63_191109_LF_LIB_consensus_vsearch	2419	C	*/-G	169	43	19.2%	2	2	93	93	1.0607482149614508E-14	1	1	93	76	3	40	-G
F3_BC63_191109_LF_LIB_consensus_vsearch	2419	C	*/-GG	169	9	4.02%	2	1	93	93	0.0017608971948629478	1	1	93	76	0	9	-G
F3_BC63_191109_LF_LIB_consensus_vsearch	2429	T	*/+C	222	8	3.35%	2	2	93	93	0.0036718537228742883	1	1	88	134	7	1	+C
F3_BC63_191109_LF_LIB_consensus_vsearch	2436	G	*/-TG	200	30	12.66%	2	2	93	93	3.3878376895849755E-10	1	1	77	123	14	16	-TG
F3_BC63_191109_LF_LIB_consensus_vsearch	2446	C	*/-T	200	25	10.46%	2	2	93	93	1.471907806965831E-8	1	1	87	113	2	23	-T
F3_BC63_191109_LF_LIB_consensus_vsearch	2449	T	*/-G	208	14	5.76%	2	2	93	93	4.9404108604884E-5	1	1	91	117	3	11	-G
F3_BC63_191109_LF_LIB_consensus_vsearch	2449	T	*/-GG	208	15	6.17%	2	2	93	93	2.392491102102212E-5	1	1	91	117	1	14	-GG
F3_BC63_191109_LF_LIB_consensus_vsearch	2453	T	*/+A	193	11	4.62%	2	2	93	93	4.251792957023273E-4	1	1	91	102	2	9	+A
F3_BC63_191109_LF_LIB_consensus_vsearch	2456	A	*/-C	198	34	13.99%	2	1	93	93	1.5792968151385072E-11	1	1	91	107	0	34	-C
F3_BC63_191109_LF_LIB_consensus_vsearch	2457	C	*/+T	194	9	4.31%	2	1	93	93	0.0017839997252666491	1	1	98	96	0	9	+T
F3_BC63_191109_LF_LIB_consensus_vsearch	2464	T	*/-C	209	32	13.17%	2	2	93	93	7.735576651372202E-11	1	1	65	144	31	1	-C
F3_BC63_191109_LF_LIB_consensus_vsearch	2466	C	*/+G	222	9	3.7%	2	1	93	93	0.001804066959286255	1	1	90	132	0	9	+G
F3_BC63_191109_LF_LIB_consensus_vsearch	2475	C	*/+A	221	10	4.2%	2	1	93	93	8.841122846835742E-4	1	1	92	129	0	10	+A
F3_BC63_191109_LF_LIB_consensus_vsearch	2488	T	*/-C	225	7	2.92%	2	1	93	93	0.0074619882138406745	1	1	95	130	0	7	-C
F3_BC63_191109_LF_LIB_consensus_vsearch	2489	C	*/+T	213	9	3.86%	2	1	93	93	0.0017981564163397133	1	1	96	117	0	9	+T
F3_BC63_191109_LF_LIB_consensus_vsearch	2496	G	*/-T	226	8	3.31%	2	2	93	93	0.003675803526076434	1	1	84	142	7	1	-T
F3_BC63_191109_LF_LIB_consensus_vsearch	2501	T	*/-A	217	7	2.92%	2	2	93	93	0.007449584424390529	1	1	82	135	6	1	-A
F3_BC63_191109_LF_LIB_consensus_vsearch	2510	T	*/-G	217	13	5.49%	2	2	93	93	1.0254206608526479E-4	1	1	92	125	6	7	-G
F3_BC63_191109_LF_LIB_consensus_vsearch	2534	C	*/-TC	226	10	4.15%	2	1	93	93	8.86015765791995E-4	1	1	96	130	0	10	-TC
F3_BC63_191109_LF_LIB_consensus_vsearch	2539	A	*/-G	192	44	18.57%	2	2	93	93	6.226379447911984E-15	1	1	57	135	35	9	-G
F3_BC63_191109_LF_LIB_consensus_vsearch	2547	A	*/-G	216	14	5.86%	2	1	93	93	4.97799291733799E-5	1	1	80	136	14	0	-G
F3_BC63_191109_LF_LIB_consensus_vsearch	2549	T	*/-C	226	10	4.12%	2	2	93	93	8.86015765791995E-4	1	1	84	142	9	1	-C
F3_BC63_191109_LF_LIB_consensus_vsearch	2576	C	*/-A	151	84	34.71%	2	2	93	93	5.825808871112076E-30	1	1	95	56	1	83	-A
F3_BC63_191109_LF_LIB_consensus_vsearch	2579	T	*/+C	140	22	9.21%	2	1	93	93	1.1102436913452534E-7	1	1	94	46	0	22	+C
F3_BC63_191109_LF_LIB_consensus_vsearch	2582	C	*/-A	218	9	3.8%	2	2	93	93	0.001801496644156972	1	1	87	131	3	6	-A
F3_BC63_191109_LF_LIB_consensus_vsearch	2588	C	*/-T	196	23	9.58%	2	1	93	93	6.482419029061125E-8	1	1	96	100	0	23	-T
F3_BC63_191109_LF_LIB_consensus_vsearch	2588	C	*/-TC	196	18	7.5%	2	1	93	93	2.6274998766511106E-6	1	1	96	100	0	18	-T
F3_BC63_191109_LF_LIB_consensus_vsearch	2591	C	*/-TC	224	11	4.66%	2	1	93	93	4.3319414411093957E-4	1	1	95	129	0	11	-TC
F3_BC63_191109_LF_LIB_consensus_vsearch	2604	G	*/+T	206	26	10.74%	2	1	93	93	7.098325499488448E-9	1	1	64	142	26	0	+T
F3_BC63_191109_LF_LIB_consensus_vsearch	2604	G	*/-T	206	9	3.72%	2	2	93	93	0.001793225137980622	1	1	64	142	7	2	+T
F3_BC63_191109_LF_LIB_consensus_vsearch	2608	T	*/-GT	226	7	2.88%	2	2	93	93	0.007463479333376833	1	1	90	136	2	5	-GT
F3_BC63_191109_LF_LIB_consensus_vsearch	2621	C	*/-A	221	10	4.12%	2	1	93	93	8.841122846835742E-4	1	1	94	127	0	10	-A
F3_BC63_191109_LF_LIB_consensus_vsearch	2623	A	*/-G	220	9	3.78%	2	1	93	93	0.0018027927820038396	1	1	96	124	0	9	-G
F3_BC63_191109_LF_LIB_consensus_vsearch	2625	T	*/+G	194	7	3.02%	2	1	93	93	0.007408480654387502	1	1	84	110	0	7	+G
F3_BC63_191109_LF_LIB_consensus_vsearch	2625	T	*/-G	194	11	4.74%	2	2	93	93	4.2547401580496607E-4	1	1	84	110	6	5	-G
F3_BC63_191109_LF_LIB_consensus_vsearch	2629	A	*/-G	226	10	4.18%	2	1	93	93	8.86015765791995E-4	1	1	84	142	10	0	-G
F3_BC63_191109_LF_LIB_consensus_vsearch	2637	A	*/-C	225	7	2.93%	2	2	93	93	0.0074619882138406745	1	1	88	137	2	5	-C
F3_BC63_191109_LF_LIB_consensus_vsearch	2639	C	*/-T	218	16	6.64%	2	2	93	93	1.1703767424993676E-5	1	1	94	124	1	15	-T
F3_BC63_191109_LF_LIB_consensus_vsearch	2642	C	*/-T	230	7	2.93%	2	2	93	93	0.0074693190837354945	1	1	95	135	1	6	-T
F3_BC63_191109_LF_LIB_consensus_vsearch	2643	T	*/-A	215	8	3.46%	2	2	93	93	0.0036646057936482192	1	1	87	128	5	3	-A
F3_BC63_191109_LF_LIB_consensus_vsearch	2673	C	*/+A	229	7	2.93%	2	1	93	93	0.007467877541059236	1	1	95	134	0	7	+A
F3_BC63_191109_LF_LIB_consensus_vsearch	2676	A	*/-CA	230	9	3.72%	2	2	93	93	0.0018089548541641684	1	1	93	137	2	7	-CA
F3_BC63_191109_LF_LIB_consensus_vsearch	2687	G	*/-A	233	8	3.29%	2	2	93	93	0.0036824046267336483	1	1	94	139	4	4	-A
F3_BC63_191109_LF_LIB_consensus_vsearch	2688	A	*/+G	66	135	57.45%	2	2	93	93	9.655774907617247E-57	1	1	37	29	28	107	+G
F3_BC63_191109_LF_LIB_consensus_vsearch	2688	A	*/+GG	66	9	3.83%	2	2	93	93	0.0015141650758406918	1	1	37	29	7	2	+G
F3_BC63_191109_LF_LIB_consensus_vsearch	2688	A	*/-G	66	18	7.66%	2	2	93	93	1.377072560908589E-6	1	1	37	29	17	1	-G
F3_BC63_191109_LF_LIB_consensus_vsearch	2690	G	*/-A	214	19	7.88%	2	2	93	93	1.3014549880997745E-6	1	1	80	134	16	3	-A
F3_BC63_191109_LF_LIB_consensus_vsearch	2697	G	*/+A	202	11	4.64%	2	2	93	93	4.2773637746469634E-4	1	1	82	120	2	9	+A
F3_BC63_191109_LF_LIB_consensus_vsearch	2697	G	*/-A	202	14	5.91%	2	2	93	93	4.9105420013800674E-5	1	1	82	120	7	7	-A
F3_BC63_191109_LF_LIB_consensus_vsearch	2703	C	*/+A	228	10	4.15%	2	1	93	93	8.867554066061573E-4	1	1	98	130	0	10	+A
F3_BC63_191109_LF_LIB_consensus_vsearch	2710	G	*/+A	149	9	3.72%	2	2	93	93	0.0017373186708144468	1	1	91	58	1	8	+A
F3_BC63_191109_LF_LIB_consensus_vsearch	2710	G	*/-A	149	82	33.88%	2	2	93	93	3.1296928492188917E-29	1	1	91	58	6	76	-A
F3_BC63_191109_LF_LIB_consensus_vsearch	2718	G	*/+A	228	7	2.89%	2	1	93	93	0.007466423838535645	1	1	86	142	7	0	+A
F3_BC63_191109_LF_LIB_consensus_vsearch	2722	G	*/-A	225	8	3.29%	2	2	93	93	0.0036748286042396724	1	1	92	133	3	5	-A
F3_BC63_191109_LF_LIB_consensus_vsearch	2733	G	*/-AAA	219	7	2.95%	2	1	93	93	0.007452766938834958	1	1	79	140	7	0	-AAA
F3_BC63_191109_LF_LIB_consensus_vsearch	2742	A	*/-C	225	9	3.75%	2	2	93	93	0.0018059382541162866	1	1	92	133	1	8	-C
F3_BC63_191109_LF_LIB_consensus_vsearch	2744	C	*/-G	202	12	4.96%	2	2	93	93	2.0835870377678545E-4	1	1	94	108	1	11	-G
F3_BC63_191109_LF_LIB_consensus_vsearch	2744	C	*/-GG	202	12	4.96%	2	1	93	93	2.0835870377678545E-4	1	1	94	108	0	12	-G
F3_BC63_191109_LF_LIB_consensus_vsearch	2759	C	*/-G	224	8	3.33%	2	2	93	93	0.003673845400689721	1	1	93	131	4	4	-G
F3_BC63_191109_LF_LIB_consensus_vsearch	2766	T	*/-G	222	7	2.93%	2	2	93	93	0.007457437428309682	1	1	90	132	2	5	-G
F3_BC63_191109_LF_LIB_consensus_vsearch	2771	C	*/-T	229	8	3.33%	2	1	93	93	0.0036786796343901236	1	1	98	131	0	8	-T
F3_BC63_191109_LF_LIB_consensus_vsearch	2772	T	*/-C	220	8	3.4%	2	1	93	93	0.0036698276230520683	1	1	98	122	0	8	-C
F3_BC63_191109_LF_LIB_consensus_vsearch	2773	C	*/+T	179	8	3.45%	2	2	93	93	0.0036189151712300786	1	1	95	84	2	6	+T
F3_BC63_191109_LF_LIB_consensus_vsearch	2773	C	*/-T	179	41	17.67%	2	1	93	93	5.81862900068728E-14	1	1	95	84	0	41	-T
F3_BC63_191109_LF_LIB_consensus_vsearch	2781	G	*/-TG	215	22	9.09%	2	1	93	93	1.4307072701069838E-7	1	1	94	121	0	22	-TG
F3_BC63_191109_LF_LIB_consensus_vsearch	2786	T	*/+C	229	8	3.31%	2	2	93	93	0.0036786796343901236	1	1	90	139	5	3	+C
F3_BC63_191109_LF_LIB_consensus_vsearch	2794	A	*/+C	213	8	3.32%	2	2	93	93	0.0036624519192641563	1	1	88	125	1	7	+C
F3_BC63_191109_LF_LIB_consensus_vsearch	2794	A	*/-C	213	12	4.98%	2	2	93	93	2.1002241192895544E-4	1	1	88	125	3	9	-C
F3_BC63_191109_LF_LIB_consensus_vsearch	2797	C	*/-T	193	45	18.52%	2	2	93	93	2.8540826872083466E-15	1	1	95	98	1	44	-T
F3_BC63_191109_LF_LIB_consensus_vsearch	2807	G	*/-C	221	9	3.73%	2	2	93	93	0.001803432580702911	1	1	86	135	8	1	-C
F3_BC63_191109_LF_LIB_consensus_vsearch	2808	C	*/+T	200	25	10.78%	2	1	93	93	1.471907806965831E-8	1	1	87	113	0	25	+T
F3_BC63_191109_LF_LIB_consensus_vsearch	2810	C	*/-AC	219	16	6.58%	2	1	93	93	1.1717441248540928E-5	1	1	78	141	16	0	-AC
F3_BC63_191109_LF_LIB_consensus_vsearch	2813	G	*/-TG	219	20	8.26%	2	1	93	93	6.300524183115758E-7	1	1	98	121	0	20	-TG
F3_BC63_191109_LF_LIB_consensus_vsearch	2816	G	*/+A	226	9	3.77%	2	1	93	93	0.0018065516263558758	1	1	86	140	9	0	+A
F3_BC63_191109_LF_LIB_consensus_vsearch	2825	T	*/+G	216	9	3.72%	2	2	93	93	0.0018001779733764346	1	1	89	127	4	5	+G
F3_BC63_191109_LF_LIB_consensus_vsearch	2825	T	*/-G	216	9	3.72%	2	2	93	93	0.0018001779733764346	1	1	89	127	2	7	+G
F3_BC63_191109_LF_LIB_consensus_vsearch	2834	A	*/+G	220	10	4.2%	2	1	93	93	8.837219519630479E-4	1	1	88	132	0	10	+G
F3_BC63_191109_LF_LIB_consensus_vsearch	2839	C	*/-GC	105	53	21.99%	2	2	93	93	5.7406724746003765E-19	1	1	51	54	5	48	-GC
F3_BC63_191109_LF_LIB_consensus_vsearch	2844	T	*/-A	214	11	4.72%	2	2	93	93	4.308403683968055E-4	1	1	96	118	1	10	-A
F3_BC63_191109_LF_LIB_consensus_vsearch	2845	A	*/+G	171	13	5.88%	2	1	93	93	9.80172223605813E-5	1	1	74	97	0	13	+G
F3_BC63_191109_LF_LIB_consensus_vsearch	2845	A	*/-G	171	32	14.48%	2	2	93	93	6.182546941726889E-11	1	1	74	97	22	10	-G
F3_BC63_191109_LF_LIB_consensus_vsearch	2850	T	*/+C	212	12	5.04%	2	1	93	93	2.0987757342671282E-4	1	1	94	118	0	12	+C
F3_BC63_191109_LF_LIB_consensus_vsearch	2851	T	*/-C	199	30	12.4%	2	2	93	93	3.371859921985077E-10	1	1	88	111	2	28	-C
F3_BC63_191109_LF_LIB_consensus_vsearch	2859	C	*/-T	204	31	12.76%	2	1	93	93	1.6151350762221155E-10	1	1	96	108	0	31	-T
F3_BC63_191109_LF_LIB_consensus_vsearch	2861	T	*/+C	225	10	4.15%	2	1	93	93	8.856413612935507E-4	1	1	87	138	10	0	+C
F3_BC63_191109_LF_LIB_consensus_vsearch	2868	G	*/-T	231	7	2.92%	2	1	93	93	0.007470748618496003	1	1	95	136	0	7	-T
F3_BC63_191109_LF_LIB_consensus_vsearch	2873	G	*/-T	219	7	2.93%	2	2	93	93	0.007452766938834958	1	1	86	133	1	6	-T
F3_BC63_191109_LF_LIB_consensus_vsearch	2875	A	*/+G	211	7	3.03%	2	1	93	93	0.007439689863414905	1	1	91	120	0	7	+G
F3_BC63_191109_LF_LIB_consensus_vsearch	2878	C	*/-T	222	11	4.53%	2	2	93	93	4.3273893004878305E-4	1	1	93	129	3	8	-T
F3_BC63_191109_LF_LIB_consensus_vsearch	2888	T	*/+G	223	8	3.29%	2	1	93	93	0.0036728538094896964	1	1	94	129	0	8	+G
F3_BC63_191109_LF_LIB_consensus_vsearch	2894	T	*/+C	222	7	2.9%	2	2	93	93	0.007457437428309682	1	1	87	135	4	3	+C
F3_BC63_191109_LF_LIB_consensus_vsearch	2894	T	*/-C	222	7	2.9%	2	2	93	93	0.007457437428309682	1	1	87	135	6	1	+C
F3_BC63_191109_LF_LIB_consensus_vsearch	2903	C	*/+T	229	9	3.7%	2	1	93	93	0.0018083614623809116	1	1	97	132	0	9	+T
F3_BC63_191109_LF_LIB_consensus_vsearch	2909	T	*/-A	228	9	3.73%	2	2	93	93	0.001807763167971536	1	1	89	139	4	5	-A
F3_BC63_191109_LF_LIB_consensus_vsearch	2915	C	*/-G	219	9	3.8%	2	2	93	93	0.0018021474934649558	1	1	91	128	2	7	-G
F3_BC63_191109_LF_LIB_consensus_vsearch	2936	G	*/-C	215	15	6.3%	2	1	93	93	2.4108665249874024E-5	1	1	78	137	15	0	-C
F3_BC63_191109_LF_LIB_consensus_vsearch	2954	A	*/-C	231	10	4.12%	2	1	93	93	8.878425014170833E-4	1	1	88	143	10	0	-C
F3_BC63_191109_LF_LIB_consensus_vsearch	2956	C	*/-A	220	11	4.53%	2	2	93	93	4.322761391918409E-4	1	1	84	136	7	4	-A
F3_BC63_191109_LF_LIB_consensus_vsearch	2958	A	*/-G	221	7	2.93%	2	2	93	93	0.007455894130096957	1	1	83	138	5	2	-G
F3_BC63_191109_LF_LIB_consensus_vsearch	2960	G	*/-A	212	8	3.4%	2	1	93	93	0.003661360523321731	1	1	70	142	8	0	-A
F3_BC63_191109_LF_LIB_consensus_vsearch	2962	G	*/-T	215	9	3.85%	2	1	93	93	0.0017995100038167202	1	1	84	131	0	9	-T
F3_BC63_191109_LF_LIB_consensus_vsearch	2968	C	*/-T	210	22	9.09%	2	2	93	93	1.4142777361521092E-7	1	1	92	118	1	21	-T
F3_BC63_191109_LF_LIB_consensus_vsearch	2981	C	*/-GA	232	7	2.88%	2	1	93	93	0.007472166294706969	1	1	90	142	7	0	-GA
F3_BC63_191109_LF_LIB_consensus_vsearch	2982	G	*/-A	223	9	3.81%	2	2	93	93	0.0018046959863042469	1	1	83	140	7	2	-A
F3_BC63_191109_LF_LIB_consensus_vsearch	2984	A	*/-G	180	59	24.28%	2	2	93	93	2.8980457572343004E-20	1	1	73	107	25	34	-G
F3_BC63_191109_LF_LIB_consensus_vsearch	2988	A	*/-T	226	8	3.35%	2	1	93	93	0.003675803526076434	1	1	94	132	0	8	-T
F3_BC63_191109_LF_LIB_consensus_vsearch	2992	G	*/+A	220	9	3.73%	2	1	93	93	0.0018027927820038396	1	1	97	123	0	9	+A
F3_BC63_191109_LF_LIB_consensus_vsearch	2992	G	*/-A	220	10	4.15%	2	1	93	93	8.837219519630479E-4	1	1	97	123	0	10	-A
F3_BC63_191109_LF_LIB_consensus_vsearch	2996	C	*/+T	225	10	4.18%	2	1	93	93	8.856413612935507E-4	1	1	94	131	0	10	+T
F3_BC63_191109_LF_LIB_consensus_vsearch	2997	C	*/-T	228	12	4.96%	2	2	93	93	2.1205703996137238E-4	1	1	95	133	3	9	-T
F3_BC63_191109_LF_LIB_consensus_vsearch	2998	T	*/-G	174	30	13.04%	2	2	93	93	2.947619914219121E-10	1	1	94	80	1	29	-G
F3_BC63_191109_LF_LIB_consensus_vsearch	3009	C	*/+G	222	8	3.39%	2	2	93	93	0.0036718537228742883	1	1	84	138	5	3	+G
F3_BC63_191109_LF_LIB_consensus_vsearch	3021	T	*/+G	192	10	4.18%	2	2	93	93	8.712766047726398E-4	1	1	75	117	7	3	+G
F3_BC63_191109_LF_LIB_consensus_vsearch	3021	T	*/-G	192	28	11.72%	2	2	93	93	1.48899698039867E-9	1	1	75	117	11	17	-G
F3_BC63_191109_LF_LIB_consensus_vsearch	3032	C	*/+T	191	14	5.81%	2	2	93	93	4.85162064553485E-5	1	1	88	103	1	13	+T
F3_BC63_191109_LF_LIB_consensus_vsearch	3032	C	*/-T	191	29	12.03%	2	2	93	93	6.939015054291681E-10	1	1	88	103	4	25	-T
F3_BC63_191109_LF_LIB_consensus_vsearch	3035	G	*/-TG	217	8	3.4%	2	2	93	93	0.0036667219549938834	1	1	89	128	4	4	-TG
F3_BC63_191109_LF_LIB_consensus_vsearch	3039	C	*/+G	213	14	5.96%	2	1	93	93	4.9641866600329834E-5	1	1	75	138	14	0	+G
F3_BC63_191109_LF_LIB_consensus_vsearch	3040	A	*/-G	214	17	7.14%	2	2	93	93	5.621868794714691E-6	1	1	75	139	16	1	-G
F3_BC63_191109_LF_LIB_consensus_vsearch	3044	A	*/-C	219	14	5.83%	2	2	93	93	4.9914697602419593E-5	1	1	85	134	5	9	-C
F3_BC63_191109_LF_LIB_consensus_vsearch	3050	A	*/-C	222	17	7%	2	2	93	93	5.681724827274391E-6	1	1	85	137	11	6	-C
F3_BC63_191109_LF_LIB_consensus_vsearch	3056	C	*/-T	230	7	2.88%	2	2	93	93	0.0074693190837354945	1	1	92	138	1	6	-T
F3_BC63_191109_LF_LIB_consensus_vsearch	3064	A	*/-G	210	20	8.55%	2	1	93	93	6.194635450840602E-7	1	1	68	142	20	0	-G
F3_BC63_191109_LF_LIB_consensus_vsearch	3067	T	*/+A	230	7	2.88%	2	1	93	93	0.0074693190837354945	1	1	88	142	7	0	+A
F3_BC63_191109_LF_LIB_consensus_vsearch	3088	C	*/+G	209	9	3.7%	2	1	93	93	0.0017953764342624938	1	1	95	114	0	9	+G
F3_BC63_191109_LF_LIB_consensus_vsearch	3089	G	*/-A	212	20	8.44%	2	1	93	93	6.218749809509289E-7	1	1	74	138	20	0	-A
F3_BC63_191109_LF_LIB_consensus_vsearch	3096	G	*/+A	229	8	3.33%	2	1	93	93	0.0036786796343901236	1	1	87	142	8	0	+A
F3_BC63_191109_LF_LIB_consensus_vsearch	3106	G	*/-C	223	14	5.81%	2	2	93	93	5.008946442185716E-5	1	1	89	134	5	9	-C
F3_BC63_191109_LF_LIB_consensus_vsearch	3109	C	*/-G	193	24	9.88%	2	2	93	93	3.041744078539526E-8	1	1	96	97	2	22	-G
F3_BC63_191109_LF_LIB_consensus_vsearch	3109	C	*/-GG	193	19	7.82%	2	1	93	93	1.2509044651274263E-6	1	1	96	97	0	19	-G
F3_BC63_191109_LF_LIB_consensus_vsearch	3113	T	*/+A	186	10	4.22%	2	1	93	93	8.681632994859981E-4	1	1	66	120	10	0	+A
F3_BC63_191109_LF_LIB_consensus_vsearch	3113	T	*/-A	186	23	9.7%	2	2	93	93	6.285558458128331E-8	1	1	66	120	18	5	-A
F3_BC63_191109_LF_LIB_consensus_vsearch	3116	G	*/+A	218	12	5.08%	2	1	93	93	2.1072864956982534E-4	1	1	80	138	12	0	+A
F3_BC63_191109_LF_LIB_consensus_vsearch	3118	T	*/+G	222	8	3.38%	2	2	93	93	0.0036718537228742883	1	1	88	134	4	4	+G
F3_BC63_191109_LF_LIB_consensus_vsearch	3126	G	*/-TG	230	9	3.75%	2	1	93	93	0.0018089548541641684	1	1	95	135	0	9	-TG
F3_BC63_191109_LF_LIB_consensus_vsearch	3127	T	*/-G	222	7	3%	2	2	93	93	0.007457437428309682	1	1	94	128	4	3	-G
F3_BC63_191109_LF_LIB_consensus_vsearch	3142	A	*/-G	228	7	2.94%	2	2	93	93	0.007466423838535645	1	1	89	139	4	3	-G
F3_BC63_191109_LF_LIB_consensus_vsearch	3148	G	*/-TA	226	7	2.92%	2	2	93	93	0.007463479333376833	1	1	89	137	5	2	-TA
F3_BC63_191109_LF_LIB_consensus_vsearch	3152	C	*/-G	226	7	2.89%	2	1	93	93	0.007463479333376833	1	1	88	138	7	0	-G
F3_BC63_191109_LF_LIB_consensus_vsearch	3158	T	*/+G	227	10	4.18%	2	1	93	93	8.863871017160644E-4	1	1	94	133	0	10	+G
F3_BC63_191109_LF_LIB_consensus_vsearch	3162	G	*/-TG	207	27	11.2%	2	1	93	93	3.3628812079033417E-9	1	1	93	114	0	27	-TG
F3_BC63_191109_LF_LIB_consensus_vsearch	3165	C	*/-A	217	15	6.28%	2	2	93	93	2.4159309133094825E-5	1	1	89	128	2	13	-A
F3_BC63_191109_LF_LIB_consensus_vsearch	3175	G	*/-CG	230	8	3.31%	2	1	93	93	0.0036796224538833875	1	1	88	142	8	0	-CG
F3_BC63_191109_LF_LIB_consensus_vsearch	3190	A	*/-G	151	65	27.31%	2	2	93	93	9.167067672773501E-23	1	1	74	77	17	48	-G
F3_BC63_191109_LF_LIB_consensus_vsearch	3190	A	*/-GGG	151	7	2.94%	2	1	93	93	0.0072999599354883	1	1	74	77	0	7	-G
F3_BC63_191109_LF_LIB_consensus_vsearch	3196	G	*/+A	208	8	3.36%	2	2	93	93	0.0036568954742723925	1	1	69	139	7	1	+A
F3_BC63_191109_LF_LIB_consensus_vsearch	3196	G	*/-A	208	18	7.56%	2	2	93	93	2.682200943510207E-6	1	1	69	139	17	1	-A
F3_BC63_191109_LF_LIB_consensus_vsearch	3198	A	*/+G	225	10	4.18%	2	1	93	93	8.856413612935507E-4	1	1	80	145	10	0	+G
F3_BC63_191109_LF_LIB_consensus_vsearch	3199	A	*/-G	215	12	4.94%	2	1	93	93	2.103084529771467E-4	1	1	71	144	12	0	-G
F3_BC63_191109_LF_LIB_consensus_vsearch	3199	A	*/-GA	215	12	4.94%	2	2	93	93	2.103084529771467E-4	1	1	71	144	11	1	-G
F3_BC63_191109_LF_LIB_consensus_vsearch	3203	C	*/-T	231	8	3.32%	2	2	93	93	0.0036805574954856175	1	1	94	137	1	7	-T
F3_BC63_191109_LF_LIB_consensus_vsearch	3207	C	*/+A	232	7	2.88%	2	2	93	93	0.007472166294706969	1	1	93	139	5	2	+A
F3_BC63_191109_LF_LIB_consensus_vsearch	3213	G	*/+T	226	11	4.58%	2	1	93	93	4.336419657096737E-4	1	1	95	131	0	11	+T
F3_BC63_191109_LF_LIB_consensus_vsearch	3215	C	*/-T	230	12	4.94%	2	2	93	93	2.1231016338203528E-4	1	1	97	133	1	11	-T
F3_BC63_191109_LF_LIB_consensus_vsearch	3227	T	*/-C	157	79	32.64%	2	2	93	93	6.241743460709708E-28	1	1	69	88	28	51	-C
F3_BC63_191109_LF_LIB_consensus_vsearch	3231	T	*/-C	201	38	15.77%	2	2	93	93	7.360801072685839E-13	1	1	61	140	37	1	-C
F3_BC63_191109_LF_LIB_consensus_vsearch	3233	C	*/+G	217	10	4.12%	2	2	93	93	8.825309402840407E-4	1	1	88	129	1	9	+G
F3_BC63_191109_LF_LIB_consensus_vsearch	3233	C	*/-GA	217	8	3.29%	2	2	93	93	0.0036667219549938834	1	1	88	129	6	2	+G
F3_BC63_191109_LF_LIB_consensus_vsearch	3240	T	*/+C	143	12	4.94%	2	2	93	93	1.9570038859303553E-4	1	1	75	68	1	11	+C
F3_BC63_191109_LF_LIB_consensus_vsearch	3240	T	*/-C	143	60	24.69%	2	2	93	93	5.113268241103186E-21	1	1	75	68	21	39	-C
F3_BC63_191109_LF_LIB_consensus_vsearch	3240	T	*/-CCCT	143	18	7.41%	2	1	93	93	2.307403514021655E-6	1	1	75	68	0	18	-C
F3_BC63_191109_LF_LIB_consensus_vsearch	3243	C	*/-T	213	7	3.11%	2	2	93	93	0.007443047448823043	1	1	97	116	1	6	-T
F3_BC63_191109_LF_LIB_consensus_vsearch	3246	A	*/-G	217	15	6.25%	2	2	93	93	2.4159309133094825E-5	1	1	94	123	1	14	-G
F3_BC63_191109_LF_LIB_consensus_vsearch	3258	T	*/+GT	211	17	7.2%	2	1	93	93	5.598471848662059E-6	1	1	95	116	0	17	+GT
F3_BC63_191109_LF_LIB_consensus_vsearch	3259	T	*/-C	218	19	7.85%	2	2	93	93	1.3102261317189997E-6	1	1	83	135	11	8	-C
F3_BC63_191109_LF_LIB_consensus_vsearch	3267	A	*/-G	219	17	7%	2	1	93	93	5.659698267602612E-6	1	1	77	142	17	0	-G
F3_BC63_191109_LF_LIB_consensus_vsearch	3272	C	*/-A	229	7	2.9%	2	2	93	93	0.007467877541059236	1	1	93	136	2	5	-A
F3_BC63_191109_LF_LIB_consensus_vsearch	3300	A	*/+G	195	11	4.64%	2	2	93	93	4.2576599996950053E-4	1	1	90	105	1	10	+G
F3_BC63_191109_LF_LIB_consensus_vsearch	3300	A	*/-G	195	29	12.24%	2	2	93	93	7.071124992433461E-10	1	1	90	105	4	25	-G
F3_BC63_191109_LF_LIB_consensus_vsearch	3306	C	*/-T	225	9	3.75%	2	2	93	93	0.0018059382541162866	1	1	94	131	1	8	-T
F3_BC63_191109_LF_LIB_consensus_vsearch	3307	T	*/+C	208	14	6.06%	2	1	93	93	4.9404108604884E-5	1	1	77	131	14	0	+C
F3_BC63_191109_LF_LIB_consensus_vsearch	3308	C	*/-G	209	15	6.38%	2	2	93	93	2.3951800712612044E-5	1	1	86	123	6	9	-G
F3_BC63_191109_LF_LIB_consensus_vsearch	3323	C	*/-T	223	9	3.7%	2	1	93	93	0.0018046959863042469	1	1	97	126	0	9	-T
F3_BC63_191109_LF_LIB_consensus_vsearch	3325	C	*/-G	228	7	2.94%	2	2	93	93	0.007466423838535645	1	1	96	132	1	6	-G
F3_BC63_191109_LF_LIB_consensus_vsearch	3336	C	*/-A	219	14	5.86%	2	1	93	93	4.9914697602419593E-5	1	1	95	124	0	14	-A
F3_BC63_191109_LF_LIB_consensus_vsearch	3340	C	*/-T	207	35	14.4%	2	1	93	93	7.735932555519177E-12	1	1	98	109	0	35	-T
F3_BC63_191109_LF_LIB_consensus_vsearch	3341	T	*/-C	190	14	6.73%	2	2	93	93	4.8459756195942085E-5	1	1	88	102	9	5	-C
F3_BC63_191109_LF_LIB_consensus_vsearch	3343	C	*/-GA	203	11	4.56%	2	1	93	93	4.280077806644155E-4	1	1	77	126	11	0	-GA
F3_BC63_191109_LF_LIB_consensus_vsearch	3351	G	*/-TG	223	7	2.92%	2	1	93	93	0.007458967428082863	1	1	94	129	0	7	-TG
F3_BC63_191109_LF_LIB_consensus_vsearch	3355	G	*/-A	225	7	2.97%	2	1	93	93	0.0074619882138406745	1	1	91	134	7	0	-A
F3_BC63_191109_LF_LIB_consensus_vsearch	3357	T	*/-C	188	46	19.01%	2	2	93	93	1.2208517470325545E-15	1	1	57	131	38	8	-C
F3_BC63_191109_LF_LIB_consensus_vsearch	3372	C	*/+T	221	8	3.32%	2	2	93	93	0.003670845031231652	1	1	92	129	1	7	+T
F3_BC63_191109_LF_LIB_consensus_vsearch	3375	G	*/-TG	224	13	5.44%	2	1	93	93	1.0308590668956199E-4	1	1	82	142	13	0	-TG
F3_BC63_191109_LF_LIB_consensus_vsearch	3379	C	*/-AC	227	10	4.15%	2	2	93	93	8.863871017160644E-4	1	1	88	139	8	2	-AC
F3_BC63_191109_LF_LIB_consensus_vsearch	3388	C	*/+A	194	31	12.76%	2	1	93	93	1.5354892800941676E-10	1	1	97	97	0	31	+A
F3_BC63_191109_LF_LIB_consensus_vsearch	3388	C	*/-A	194	9	3.7%	2	2	93	93	0.0017839997252666491	1	1	97	97	1	8	+A
F3_BC63_191109_LF_LIB_consensus_vsearch	3396	A	*/-G	222	15	6.25%	2	2	93	93	2.42825012305824E-5	1	1	95	127	1	14	-G
F3_BC63_191109_LF_LIB_consensus_vsearch	3405	G	*/-TG	216	14	5.91%	2	1	93	93	4.97799291733799E-5	1	1	94	122	0	14	-TG
F3_BC63_191109_LF_LIB_consensus_vsearch	3413	G	*/+T	91	130	53.72%	2	2	93	93	7.150852855532974E-52	1	1	28	63	59	71	+T
F3_BC63_191109_LF_LIB_consensus_vsearch	3413	G	*/+TT	91	7	2.89%	2	2	93	93	0.006992836260667077	1	1	28	63	6	1	+T
F3_BC63_191109_LF_LIB_consensus_vsearch	3416	T	*/-GG	221	9	3.7%	2	1	93	93	0.001803432580702911	1	1	95	126	0	9	-GG
F3_BC63_191109_LF_LIB_consensus_vsearch	3418	G	*/-T	219	9	3.86%	2	1	93	93	0.0018021474934649558	1	1	96	123	0	9	-T
F3_BC63_191109_LF_LIB_consensus_vsearch	3419	T	*/-A	171	15	6.49%	2	1	93	93	2.2748896676102235E-5	1	1	95	76	0	15	-A
F3_BC63_191109_LF_LIB_consensus_vsearch	3436	G	*/-C	217	9	3.81%	2	1	93	93	0.0018008401619304512	1	1	93	124	0	9	-C
F3_BC63_191109_LF_LIB_consensus_vsearch	3437	C	*/-G	167	44	19.38%	2	2	93	93	4.643344185581628E-15	1	1	89	78	2	42	-G
F3_BC63_191109_LF_LIB_consensus_vsearch	3438	G	*/+T	153	9	4.71%	2	1	93	93	0.001742485574678114	1	1	75	78	0	9	+T
F3_BC63_191109_LF_LIB_consensus_vsearch	3447	C	*/+A	226	7	2.88%	2	2	93	93	0.007463479333376833	1	1	89	137	6	1	+A
F3_BC63_191109_LF_LIB_consensus_vsearch	3459	T	*/-A	220	7	2.92%	2	2	93	93	0.007454337359329176	1	1	85	135	3	4	-A
F3_BC63_191109_LF_LIB_consensus_vsearch	3461	A	*/-G	232	7	2.89%	2	2	93	93	0.007472166294706969	1	1	90	142	4	3	-G
F3_BC63_191109_LF_LIB_consensus_vsearch	3465	G	*/-C	226	8	3.29%	2	2	93	93	0.003675803526076434	1	1	84	142	5	3	-C
F3_BC63_191109_LF_LIB_consensus_vsearch	3467	C	*/-A	221	11	4.55%	2	2	93	93	4.3250849347899065E-4	1	1	83	138	10	1	-A
F3_BC63_191109_LF_LIB_consensus_vsearch	3471	G	*/+T	210	27	11.16%	2	1	93	93	3.3989837749286058E-9	1	1	94	116	0	27	+T
F3_BC63_191109_LF_LIB_consensus_vsearch	3473	C	*/-T	213	27	11.16%	2	1	93	93	3.4345016568623683E-9	1	1	98	115	0	27	-T
F3_BC63_191109_LF_LIB_consensus_vsearch	3475	A	*/-G	206	20	8.26%	2	2	93	93	6.145360512532276E-7	1	1	88	118	1	19	-G
F3_BC63_191109_LF_LIB_consensus_vsearch	3489	T	*/-A	151	58	24.58%	2	2	93	93	3.470279585289704E-20	1	1	54	97	28	30	-A
F3_BC63_191109_LF_LIB_consensus_vsearch	3489	T	*/-AA	151	12	5.08%	2	2	93	93	1.9791572417455602E-4	1	1	54	97	7	5	-A
F3_BC63_191109_LF_LIB_consensus_vsearch	3518	G	*/+T	228	7	2.97%	2	1	93	93	0.007466423838535645	1	1	96	132	0	7	+T
F3_BC63_191109_LF_LIB_consensus_vsearch	3524	T	*/-G	223	7	2.93%	2	2	93	93	0.007458967428082863	1	1	96	127	1	6	-G
F3_BC63_191109_LF_LIB_consensus_vsearch	3530	T	*/-G	201	20	8.44%	2	2	93	93	6.081727839654859E-7	1	1	78	123	12	8	-G
F3_BC63_191109_LF_LIB_consensus_vsearch	3532	G	*/-A	220	10	4.22%	2	2	93	93	8.837219519630479E-4	1	1	87	133	5	5	-A
F3_BC63_191109_LF_LIB_consensus_vsearch	3533	A	*/+G	217	7	3.08%	2	2	93	93	0.007449584424390529	1	1	86	131	6	1	+G
F3_BC63_191109_LF_LIB_consensus_vsearch	3534	A	*/-G	224	8	3.35%	2	1	93	93	0.003673845400689721	1	1	90	134	8	0	-G
F3_BC63_191109_LF_LIB_consensus_vsearch	3549	A	*/-GA	218	13	5.44%	2	1	93	93	1.0262165255618348E-4	1	1	79	139	13	0	-GA
F3_BC63_191109_LF_LIB_consensus_vsearch	3550	G	*/-AAG	209	7	3.12%	2	1	93	93	0.007436270701269745	1	1	69	140	7	0	-AAG
F3_BC63_191109_LF_LIB_consensus_vsearch	3556	T	*/-GT	190	42	17.72%	2	2	93	93	2.9530945266187085E-14	1	1	93	97	2	40	-GT
F3_BC63_191109_LF_LIB_consensus_vsearch	3558	T	*/+GT	178	7	3.54%	2	1	93	93	0.007373926992228167	1	1	92	86	0	7	+GT
F3_BC63_191109_LF_LIB_consensus_vsearch	3564	C	*/-T	208	12	5.04%	2	1	93	93	2.0928573468617033E-4	1	1	84	124	0	12	-T
F3_BC63_191109_LF_LIB_consensus_vsearch	3564	C	*/-TT	208	12	5.04%	2	1	93	93	2.0928573468617033E-4	1	1	84	124	12	0	-T
F3_BC63_191109_LF_LIB_consensus_vsearch	3574	G	*/-A	230	9	3.73%	2	1	93	93	0.0018089548541641684	1	1	86	144	9	0	-A
F3_BC63_191109_LF_LIB_consensus_vsearch	3579	G	*/+C	226	7	2.93%	2	1	93	93	0.007463479333376833	1	1	93	133	0	7	+C
F3_BC63_191109_LF_LIB_consensus_vsearch	3581	T	*/-C	227	7	2.92%	2	1	93	93	0.0074649578216797186	1	1	95	132	0	7	-C
F3_BC63_191109_LF_LIB_consensus_vsearch	3584	G	*/+C	217	10	4.12%	2	2	93	93	8.825309402840407E-4	1	1	85	132	2	8	+C
F3_BC63_191109_LF_LIB_consensus_vsearch	3584	G	*/-C	217	9	3.7%	2	2	93	93	0.0018008401619304512	1	1	85	132	8	1	+C
F3_BC63_191109_LF_LIB_consensus_vsearch	3589	G	*/+A	204	11	4.56%	2	2	93	93	4.2827676494109035E-4	1	1	91	113	1	10	+A
F3_BC63_191109_LF_LIB_consensus_vsearch	3589	G	*/-A	204	19	7.88%	2	2	93	93	1.2783751095611703E-6	1	1	91	113	2	17	-A
F3_BC63_191109_LF_LIB_consensus_vsearch	3603	C	*/-T	211	23	9.54%	2	2	93	93	6.754125590357996E-8	1	1	90	121	4	19	-T
F3_BC63_191109_LF_LIB_consensus_vsearch	3605	T	*/-AA	215	14	5.79%	2	1	93	93	4.973428022334695E-5	1	1	94	121	0	14	-AA
F3_BC63_191109_LF_LIB_consensus_vsearch	3608	G	*/-C	226	9	3.8%	2	1	93	93	0.0018065516263558758	1	1	82	144	9	0	-C
F3_BC63_191109_LF_LIB_consensus_vsearch	3610	C	*/-T	222	9	3.7%	2	2	93	93	0.001804066959286255	1	1	93	129	2	7	-T
F3_BC63_191109_LF_LIB_consensus_vsearch	3611	T	*/+C	212	9	3.85%	2	1	93	93	0.00179747064240055	1	1	94	118	0	9	+C
F3_BC63_191109_LF_LIB_consensus_vsearch	3626	G	*/-C	227	11	4.58%	2	2	93	93	4.3386316031303036E-4	1	1	89	138	9	2	-C
F3_BC63_191109_LF_LIB_consensus_vsearch	3633	T	*/-C	231	7	2.92%	2	1	93	93	0.007470748618496003	1	1	89	142	7	0	-C
F3_BC63_191109_LF_LIB_consensus_vsearch	3635	C	*/+G	227	7	2.88%	2	1	93	93	0.0074649578216797186	1	1	95	132	0	7	+G
F3_BC63_191109_LF_LIB_consensus_vsearch	3635	C	*/-G	227	7	2.88%	2	2	93	93	0.0074649578216797186	1	1	95	132	2	5	+G
F3_BC63_191109_LF_LIB_consensus_vsearch	3648	T	*/+G	219	12	4.98%	2	1	93	93	2.10866409362083E-4	1	1	95	124	0	12	+G
F3_BC63_191109_LF_LIB_consensus_vsearch	3650	G	*/-A	216	23	9.54%	2	1	93	93	6.838966941093143E-8	1	1	73	143	23	0	-A
F3_BC63_191109_LF_LIB_consensus_vsearch	3654	A	*/-G	205	18	7.53%	2	2	93	93	2.6689977897177195E-6	1	1	84	121	3	15	-G
F3_BC63_191109_LF_LIB_consensus_vsearch	3657	A	*/-G	205	16	6.78%	2	2	93	93	1.1515964001761286E-5	1	1	67	138	14	2	-G
F3_BC63_191109_LF_LIB_consensus_vsearch	3659	G	*/+A	215	11	4.76%	2	1	93	93	4.3108474750487954E-4	1	1	70	145	11	0	+A
F3_BC63_191109_LF_LIB_consensus_vsearch	3662	G	*/-TG	215	20	8.26%	2	2	93	93	6.254287576406704E-7	1	1	95	120	1	19	-TG
F3_BC63_191109_LF_LIB_consensus_vsearch	3678	T	*/+G	215	17	7.05%	2	1	93	93	5.6295494834087824E-6	1	1	97	118	0	17	+G
F3_BC63_191109_LF_LIB_consensus_vsearch	3680	A	*/-GA	209	25	10.29%	2	1	93	93	1.5147044483682217E-8	1	1	65	144	25	0	-GA
F3_BC63_191109_LF_LIB_consensus_vsearch	3683	A	*/-G	231	7	2.9%	2	2	93	93	0.007470748618496003	1	1	94	137	4	3	-G
F3_BC63_191109_LF_LIB_consensus_vsearch	3686	C	*/-TT	222	7	2.9%	2	1	93	93	0.007457437428309682	1	1	90	132	7	0	-TT
F3_BC63_191109_LF_LIB_consensus_vsearch	3692	G	*/-CG	228	9	3.72%	2	2	93	93	0.001807763167971536	1	1	90	138	7	2	-CG
F3_BC63_191109_LF_LIB_consensus_vsearch	3705	T	*/-G	218	15	6.22%	2	2	93	93	2.4184333572860243E-5	1	1	95	123	1	14	-G
F3_BC63_191109_LF_LIB_consensus_vsearch	3707	G	*/-A	231	7	2.89%	2	1	93	93	0.007470748618496003	1	1	90	141	7	0	-A
F3_BC63_191109_LF_LIB_consensus_vsearch	3712	G	*/-C	218	9	3.75%	2	2	93	93	0.001801496644156972	1	1	83	135	1	8	-C
F3_BC63_191109_LF_LIB_consensus_vsearch	3716	C	*/-T	223	14	5.86%	2	2	93	93	5.008946442185716E-5	1	1	96	127	1	13	-T
F3_BC63_191109_LF_LIB_consensus_vsearch	3717	T	*/+G	205	14	6.19%	2	1	93	93	4.9256649870734555E-5	1	1	80	125	14	0	+G
F3_BC63_191109_LF_LIB_consensus_vsearch	3727	C	*/-T	224	7	2.9%	2	1	93	93	0.007460484300523826	1	1	96	128	0	7	-T
F3_BC63_191109_LF_LIB_consensus_vsearch	3729	T	*/-G	224	8	3.4%	2	2	93	93	0.003673845400689721	1	1	94	130	1	7	-G
F3_BC63_191109_LF_LIB_consensus_vsearch	3741	C	*/+A	217	7	2.89%	2	1	93	93	0.007449584424390529	1	1	89	128	7	0	+A
F3_BC63_191109_LF_LIB_consensus_vsearch	3741	C	*/-A	217	9	3.72%	2	2	93	93	0.0018008401619304512	1	1	89	128	1	8	-A
F3_BC63_191109_LF_LIB_consensus_vsearch	3760	C	*/-G	213	20	8.26%	2	2	93	93	6.23067936136875E-7	1	1	92	121	5	15	-G
F3_BC63_191109_LF_LIB_consensus_vsearch	3769	T	*/+G	223	7	2.93%	2	1	93	93	0.007458967428082863	1	1	97	126	0	7	+G
F3_BC63_191109_LF_LIB_consensus_vsearch	3778	G	*/-A	220	11	4.66%	2	2	93	93	4.322761391918409E-4	1	1	80	140	8	3	-A
F3_BC63_191109_LF_LIB_consensus_vsearch	3785	T	*/-C	200	34	14.11%	2	2	93	93	1.598414849450267E-11	1	1	71	129	26	8	-C
F3_BC63_191109_LF_LIB_consensus_vsearch	3807	C	*/+G	200	11	4.56%	2	2	93	93	4.27186182801716E-4	1	1	84	116	1	10	+G
F3_BC63_191109_LF_LIB_consensus_vsearch	3807	C	*/-G	200	13	5.39%	2	2	93	93	1.0108231417166703E-4	1	1	84	116	8	5	-G
F3_BC63_191109_LF_LIB_consensus_vsearch	3812	T	*/-G	218	7	2.97%	2	2	93	93	0.007451182688346346	1	1	90	128	3	4	-G
F3_BC63_191109_LF_LIB_consensus_vsearch	3820	T	*/-C	191	44	18.64%	2	2	93	93	6.1619202240591395E-15	1	1	62	129	35	9	-C
F3_BC63_191109_LF_LIB_consensus_vsearch	3821	C	*/+T	181	9	4.59%	2	1	93	93	0.0017727250885016482	1	1	63	118	0	9	+T
F3_BC63_191109_LF_LIB_consensus_vsearch	3822	C	*/-T	221	8	3.32%	2	1	93	93	0.003670845031231652	1	1	98	123	0	8	-T
F3_BC63_191109_LF_LIB_consensus_vsearch	3826	G	*/-CG	214	16	6.93%	2	1	93	93	1.1648006806131963E-5	1	1	98	116	0	16	-CG
F3_BC63_191109_LF_LIB_consensus_vsearch	3834	C	*/-T	229	7	2.92%	2	1	93	93	0.007467877541059236	1	1	95	134	0	7	-T
F3_BC63_191109_LF_LIB_consensus_vsearch	3841	C	*/-T	218	10	4.13%	2	2	93	93	8.829313223014774E-4	1	1	87	131	5	5	-T
F3_BC63_191109_LF_LIB_consensus_vsearch	3850	C	*/-A	200	9	3.81%	2	2	93	93	0.0017887416879729845	1	1	87	113	5	4	-A
F3_BC63_191109_LF_LIB_consensus_vsearch	3851	A	*/+T	187	7	3.11%	2	1	93	93	0.007394057154213738	1	1	87	100	0	7	+T
F3_BC63_191109_LF_LIB_consensus_vsearch	3852	A	*/-G	196	12	5.13%	2	2	93	93	2.0738112718811548E-4	1	1	92	104	4	8	-G
F3_BC63_191109_LF_LIB_consensus_vsearch	3854	G	*/-CG	225	7	2.9%	2	1	93	93	0.0074619882138406745	1	1	97	128	0	7	-CG
F3_BC63_191109_LF_LIB_consensus_vsearch	3856	G	*/+T	215	7	3.03%	2	1	93	93	0.007446345105805389	1	1	97	118	0	7	+T
F3_BC63_191109_LF_LIB_consensus_vsearch	3857	T	*/-C	215	19	7.92%	2	1	93	93	1.3036714992599925E-6	1	1	97	118	0	19	-C
F3_BC63_191109_LF_LIB_consensus_vsearch	3859	T	*/+G	220	10	4.2%	2	2	93	93	8.837219519630479E-4	1	1	92	128	4	6	+G
F3_BC63_191109_LF_LIB_consensus_vsearch	3860	C	*/-T	218	9	3.77%	2	2	93	93	0.001801496644156972	1	1	90	128	4	5	-T
F3_BC63_191109_LF_LIB_consensus_vsearch	3864	G	*/+CG	51	176	73.03%	2	2	93	93	1.2305783212428794E-79	1	1	17	34	73	103	+CG
F3_BC63_191109_LF_LIB_consensus_vsearch	3864	G	*/-T	51	8	3.32%	2	2	93	93	0.0030313114191532118	1	1	17	34	6	2	+CG
F3_BC63_191109_LF_LIB_consensus_vsearch	3867	C	*/-T	199	33	13.64%	2	2	93	93	3.420487071984168E-11	1	1	91	108	2	31	-T
F3_BC63_191109_LF_LIB_consensus_vsearch	3869	T	*/-G	219	13	5.42%	2	1	93	93	1.0270059462456098E-4	1	1	95	124	0	13	-G
F3_BC63_191109_LF_LIB_consensus_vsearch	3877	G	*/+A	212	9	3.73%	2	2	93	93	0.00179747064240055	1	1	78	134	6	3	+A
F3_BC63_191109_LF_LIB_consensus_vsearch	3877	G	*/-A	212	9	3.73%	2	2	93	93	0.00179747064240055	1	1	78	134	7	2	+A
F3_BC63_191109_LF_LIB_consensus_vsearch	3880	A	*/+G	110	103	42.74%	2	2	93	93	6.589365136017135E-39	1	1	62	48	21	82	+G
F3_BC63_191109_LF_LIB_consensus_vsearch	3882	G	*/-A	222	9	3.75%	2	2	93	93	0.001804066959286255	1	1	88	134	5	4	-A
F3_BC63_191109_LF_LIB_consensus_vsearch	3888	C	*/-GCT	226	9	3.72%	2	2	93	93	0.0018065516263558758	1	1	94	132	1	8	-GCT
F3_BC63_191109_LF_LIB_consensus_vsearch	3891	T	*/-A	188	11	4.78%	2	2	93	93	4.2366328040616125E-4	1	1	82	106	9	2	-A
F3_BC63_191109_LF_LIB_consensus_vsearch	3896	T	*/+C	223	9	3.75%	2	1	93	93	0.0018046959863042469	1	1	95	128	0	9	+C
F3_BC63_191109_LF_LIB_consensus_vsearch	3897	T	*/-C	227	12	4.98%	2	2	93	93	2.1192896510056628E-4	1	1	97	130	1	11	-C
F3_BC63_191109_LF_LIB_consensus_vsearch	3911	A	*/+G	205	14	5.83%	2	2	93	93	4.9256649870734555E-5	1	1	87	118	3	11	+G
F3_BC63_191109_LF_LIB_consensus_vsearch	3913	G	*/+A	222	13	5.46%	2	1	93	93	1.0293363152588527E-4	1	1	81	141	13	0	+A
F3_BC63_191109_LF_LIB_consensus_vsearch	3931	C	*/-GC	229	7	2.93%	2	1	93	93	0.007467877541059236	1	1	86	143	7	0	-GC
F3_BC63_191109_LF_LIB_consensus_vsearch	3940	A	*/-C	211	14	5.86%	2	2	93	93	4.9547934929218304E-5	1	1	76	135	5	9	-C
F3_BC63_191109_LF_LIB_consensus_vsearch	3940	A	*/-CC	211	9	3.77%	2	1	93	93	0.0017967787753331713	1	1	76	135	9	0	-C
F3_BC63_191109_LF_LIB_consensus_vsearch	3943	C	*/-A	196	17	7.02%	2	2	93	93	5.472889986979232E-6	1	1	79	117	11	6	-A
F3_BC63_191109_LF_LIB_consensus_vsearch	3945	A	*/-G	164	54	22.69%	2	2	93	93	1.3009831374697632E-18	1	1	81	83	6	48	-G
F3_BC63_191109_LF_LIB_consensus_vsearch	3956	A	*/-C	218	7	2.95%	2	2	93	93	0.007451182688346346	1	1	82	136	3	4	-C
F3_BC63_191109_LF_LIB_consensus_vsearch	3959	A	*/-G	195	29	12.29%	2	1	93	93	7.071124992433461E-10	1	1	91	104	0	29	-G
F3_BC63_191109_LF_LIB_consensus_vsearch	3966	A	*/-G	219	14	5.88%	2	2	93	93	4.9914697602419593E-5	1	1	81	138	9	5	-G
F3_BC63_191109_LF_LIB_consensus_vsearch	3967	G	*/+T	214	8	3.54%	2	1	93	93	0.003663533633296164	1	1	85	129	0	8	+T
F3_BC63_191109_LF_LIB_consensus_vsearch	3970	C	*/-A	225	9	3.73%	2	2	93	93	0.0018059382541162866	1	1	94	131	1	8	-A
F3_BC63_191109_LF_LIB_consensus_vsearch	3978	C	*/+T	217	7	3.06%	2	2	93	93	0.007449584424390529	1	1	94	123	2	5	+T
F3_BC63_191109_LF_LIB_consensus_vsearch	3988	C	*/-A	232	9	3.72%	2	1	93	93	0.0018101271688386934	1	1	98	134	0	9	-A
F3_BC63_191109_LF_LIB_consensus_vsearch	3995	C	*/-GTC	231	7	2.88%	2	2	93	93	0.007470748618496003	1	1	91	140	2	5	-GTC
F3_BC63_191109_LF_LIB_consensus_vsearch	3999	A	*/-G	229	7	2.89%	2	2	93	93	0.007467877541059236	1	1	90	139	3	4	-G
F3_BC63_191109_LF_LIB_consensus_vsearch	4005	C	*/-G	205	28	11.72%	2	2	93	93	1.57231726117909E-9	1	1	84	121	12	16	-G
F3_BC63_191109_LF_LIB_consensus_vsearch	4024	G	*/-A	198	19	7.85%	2	2	93	93	1.2636778396454046E-6	1	1	71	127	13	6	-A
F3_BC63_191109_LF_LIB_consensus_vsearch	4024	G	*/-AG	198	12	4.96%	2	2	93	93	2.077128545125299E-4	1	1	71	127	4	8	-A
F3_BC63_191109_LF_LIB_consensus_vsearch	4024	G	*/-AGG	198	11	4.55%	2	2	93	93	4.2662591196418204E-4	1	1	71	127	9	2	-A
F3_BC63_191109_LF_LIB_consensus_vsearch	4025	A	*/+G	55	97	48.5%	2	2	93	93	4.671907545445194E-40	1	1	23	32	19	78	+G
F3_BC63_191109_LF_LIB_consensus_vsearch	4025	A	*/-G	55	29	14.5%	2	2	93	93	9.936623742609821E-11	1	1	23	32	24	5	+G
F3_BC63_191109_LF_LIB_consensus_vsearch	4030	C	*/-TT	222	9	3.72%	2	1	93	93	0.001804066959286255	1	1	87	135	9	0	-TT
F3_BC63_191109_LF_LIB_consensus_vsearch	4041	A	*/+G	203	12	5.04%	2	2	93	93	2.0851661109317314E-4	1	1	67	136	9	3	+G
F3_BC63_191109_LF_LIB_consensus_vsearch	4041	A	*/-G	203	17	7.14%	2	2	93	93	5.533354906074952E-6	1	1	67	136	13	4	-G
F3_BC63_191109_LF_LIB_consensus_vsearch	4042	G	*/+A	201	13	5.8%	2	2	93	93	1.0117417827629507E-4	1	1	74	127	7	6	+A
F3_BC63_191109_LF_LIB_consensus_vsearch	4043	G	*/+AG	83	145	60.17%	2	2	93	93	1.6682534521272187E-59	1	1	56	27	33	112	+AG
F3_BC63_191109_LF_LIB_consensus_vsearch	4045	G	*/-C	214	12	4.96%	2	1	93	93	2.1016603336412182E-4	1	1	72	142	12	0	-C
F3_BC63_191109_LF_LIB_consensus_vsearch	4045	G	*/-CC	214	9	3.72%	2	1	93	93	0.0017988361772468277	1	1	72	142	9	0	-C
F3_BC63_191109_LF_LIB_consensus_vsearch	4046	C	*/+G	194	18	8.18%	2	2	93	93	2.6178722311443477E-6	1	1	61	133	14	4	+G
F3_BC63_191109_LF_LIB_consensus_vsearch	4053	G	*/-CG	211	23	9.66%	2	1	93	93	6.754125590357996E-8	1	1	93	118	0	23	-CG
F3_BC63_191109_LF_LIB_consensus_vsearch	4073	G	*/+C	183	13	5.46%	2	1	93	93	9.938754956784761E-5	1	1	87	96	0	13	+C
F3_BC63_191109_LF_LIB_consensus_vsearch	4073	G	*/-C	183	35	14.71%	2	2	93	93	6.6002049576840496E-12	1	1	87	96	4	31	-C
F3_BC63_191109_LF_LIB_consensus_vsearch	4074	C	*/+T	187	10	5%	2	1	93	93	8.686948931293806E-4	1	1	87	100	0	10	+T
F3_BC63_191109_LF_LIB_consensus_vsearch	4077	C	*/-T	224	15	6.17%	2	2	93	93	2.433045785761445E-5	1	1	93	131	1	14	-T
F3_BC63_191109_LF_LIB_consensus_vsearch	4080	G	*/-A	201	32	13.22%	2	2	93	93	7.427460046691759E-11	1	1	89	112	5	27	-A
F3_BC63_191109_LF_LIB_consensus_vsearch	4086	C	*/-T	232	8	3.29%	2	2	93	93	0.0036814848550168837	1	1	97	135	1	7	-T
F3_BC63_191109_LF_LIB_consensus_vsearch	4095	C	*/-AC	228	11	4.55%	2	2	93	93	4.340825732543977E-4	1	1	86	142	10	1	-AC
F3_BC63_191109_LF_LIB_consensus_vsearch	4099	A	*/+T	226	7	2.9%	2	1	93	93	0.007463479333376833	1	1	92	134	0	7	+T
F3_BC63_191109_LF_LIB_consensus_vsearch	4104	A	*/-C	220	9	3.83%	2	2	93	93	0.0018027927820038396	1	1	80	140	8	1	-C
F3_BC63_191109_LF_LIB_consensus_vsearch	4124	C	*/-T	219	14	5.83%	2	1	93	93	4.9914697602419593E-5	1	1	94	125	0	14	-T
F3_BC63_191109_LF_LIB_consensus_vsearch	4126	C	*/+T	221	7	2.94%	2	1	93	93	0.007455894130096957	1	1	96	125	0	7	+T
F3_BC63_191109_LF_LIB_consensus_vsearch	4127	T	*/+A	218	9	3.78%	2	2	93	93	0.001801496644156972	1	1	94	124	1	8	+A
F3_BC63_191109_LF_LIB_consensus_vsearch	4138	A	*/-G	230	7	2.92%	2	2	93	93	0.0074693190837354945	1	1	89	141	4	3	-G
F3_BC63_191109_LF_LIB_consensus_vsearch	4143	T	*/-C	181	45	18.91%	2	2	93	93	2.491432783762119E-15	1	1	53	128	37	8	-C
F3_BC63_191109_LF_LIB_consensus_vsearch	4147	A	*/+G	225	8	3.32%	2	1	93	93	0.0036748286042396724	1	1	91	134	0	8	+G
F3_BC63_191109_LF_LIB_consensus_vsearch	4150	C	*/+A	227	7	2.9%	2	1	93	93	0.0074649578216797186	1	1	89	138	7	0	+A
F3_BC63_191109_LF_LIB_consensus_vsearch	4151	G	*/-A	229	7	2.9%	2	2	93	93	0.007467877541059236	1	1	88	141	6	1	-A
F3_BC63_191109_LF_LIB_consensus_vsearch	4154	C	*/+A	232	8	3.29%	2	1	93	93	0.0036814848550168837	1	1	97	135	0	8	+A
F3_BC63_191109_LF_LIB_consensus_vsearch	4158	C	*/-T	231	10	4.12%	2	1	93	93	8.878425014170833E-4	1	1	97	134	0	10	-T
F3_BC63_191109_LF_LIB_consensus_vsearch	4178	G	*/-TG	226	11	4.56%	2	2	93	93	4.336419657096737E-4	1	1	92	134	4	7	-TG
F3_BC63_191109_LF_LIB_consensus_vsearch	4179	T	*/-G	201	16	6.99%	2	1	93	93	1.1454151088665753E-5	1	1	92	109	0	16	-G
F3_BC63_191109_LF_LIB_consensus_vsearch	4183	T	*/-A	213	14	5.79%	2	2	93	93	4.9641866600329834E-5	1	1	83	130	10	4	-A
F3_BC63_191109_LF_LIB_consensus_vsearch	4185	A	*/-G	171	45	18.75%	2	2	93	93	2.1960806645546457E-15	1	1	61	110	25	20	-G
F3_BC63_191109_LF_LIB_consensus_vsearch	4185	A	*/-GG	171	8	3.33%	2	2	93	93	0.003606313464294743	1	1	61	110	7	1	-G
F3_BC63_191109_LF_LIB_consensus_vsearch	4196	C	*/-AA	218	11	4.56%	2	1	93	93	4.318055810374596E-4	1	1	95	123	0	11	-AA
F3_BC63_191109_LF_LIB_consensus_vsearch	4204	C	*/-T	220	16	6.72%	2	1	93	93	1.1731010954670857E-5	1	1	98	122	0	16	-T
F3_BC63_191109_LF_LIB_consensus_vsearch	4212	C	*/+T	225	10	4.17%	2	1	93	93	8.856413612935507E-4	1	1	94	131	0	10	+T
F3_BC63_191109_LF_LIB_consensus_vsearch	4213	C	*/-T	231	9	3.7%	2	2	93	93	0.0018095434033127298	1	1	96	135	1	8	-T
F3_BC63_191109_LF_LIB_consensus_vsearch	4215	A	*/-G	180	42	17.5%	2	2	93	93	2.6673270674157487E-14	1	1	87	93	2	40	-G
F3_BC63_191109_LF_LIB_consensus_vsearch	4220	T	*/-A	230	7	2.88%	2	2	93	93	0.0074693190837354945	1	1	88	142	4	3	-A
F3_BC63_191109_LF_LIB_consensus_vsearch	4222	A	*/+G	172	20	8.3%	2	2	93	93	5.661236069647623E-7	1	1	54	118	11	9	+G
F3_BC63_191109_LF_LIB_consensus_vsearch	4222	A	*/+GG	172	8	3.32%	2	2	93	93	0.0036079487687097848	1	1	54	118	7	1	+G
F3_BC63_191109_LF_LIB_consensus_vsearch	4222	A	*/-G	172	26	10.79%	2	2	93	93	6.193833331036707E-9	1	1	54	118	19	7	-G
F3_BC63_191109_LF_LIB_consensus_vsearch	4222	A	*/-GG	172	11	4.56%	2	2	93	93	4.1828279774789115E-4	1	1	54	118	1	10	-G
F3_BC63_191109_LF_LIB_consensus_vsearch	4235	A	*/-G	207	20	8.37%	2	2	93	93	6.157812320632015E-7	1	1	75	132	16	4	-G
F3_BC63_191109_LF_LIB_consensus_vsearch	4255	C	*/+G	173	9	3.73%	2	1	93	93	0.001765008337317725	1	1	65	108	0	9	+G
F3_BC63_191109_LF_LIB_consensus_vsearch	4255	C	*/-G	173	47	19.5%	2	2	93	93	4.526181380574945E-16	1	1	65	108	28	19	-G
F3_BC63_191109_LF_LIB_consensus_vsearch	4269	G	*/-C	221	9	3.75%	2	1	93	93	0.001803432580702911	1	1	92	129	0	9	-C
F3_BC63_191109_LF_LIB_consensus_vsearch	4270	C	*/-T	207	8	3.46%	2	2	93	93	0.003655753662936563	1	1	88	119	7	1	-T
F3_BC63_191109_LF_LIB_consensus_vsearch	4277	C	*/-G	199	19	8.05%	2	2	93	93	1.266174101535565E-6	1	1	85	114	1	18	-G
F3_BC63_191109_LF_LIB_consensus_vsearch	4279	G	*/-C	180	35	14.52%	2	2	93	93	6.45292861291265E-12	1	1	70	110	16	19	-C
F3_BC63_191109_LF_LIB_consensus_vsearch	4280	C	*/+T	172	13	6.37%	2	1	93	93	9.813768217245088E-5	1	1	79	93	0	13	+T
F3_BC63_191109_LF_LIB_consensus_vsearch	4283	G	*/+C	218	7	2.94%	2	2	93	93	0.007451182688346346	1	1	88	130	1	6	+C
F3_BC63_191109_LF_LIB_consensus_vsearch	4284	C	*/-T	169	53	22.27%	2	1	93	93	3.2521503192135584E-18	1	1	94	75	0	53	-T
F3_BC63_191109_LF_LIB_consensus_vsearch	4285	T	*/+C	165	7	3.78%	2	2	93	93	0.007341176420737498	1	1	90	75	2	5	+C
F3_BC63_191109_LF_LIB_consensus_vsearch	4290	C	*/-G	214	15	6.38%	2	2	93	93	2.4083041099152977E-5	1	1	86	128	5	10	-G
F3_BC63_191109_LF_LIB_consensus_vsearch	4292	G	*/+A	213	14	5.91%	2	1	93	93	4.9641866600329834E-5	1	1	70	143	14	0	+A
F3_BC63_191109_LF_LIB_consensus_vsearch	4301	C	*/-T	210	16	6.81%	2	2	93	93	1.1590481452408359E-5	1	1	77	133	13	3	-T
F3_BC63_191109_LF_LIB_consensus_vsearch	4307	A	*/-C	202	22	9.28%	2	1	93	93	1.3868168753729865E-7	1	1	86	116	0	22	-C
F3_BC63_191109_LF_LIB_consensus_vsearch	4309	C	*/-T	223	8	3.36%	2	1	93	93	0.0036728538094896964	1	1	95	128	0	8	-T
F3_BC63_191109_LF_LIB_consensus_vsearch	4310	T	*/-C	212	11	4.78%	2	2	93	93	4.303452996410444E-4	1	1	89	123	1	10	-C
F3_BC63_191109_LF_LIB_consensus_vsearch	4317	C	*/+T	218	10	4.26%	2	1	93	93	8.829313223014774E-4	1	1	93	125	0	10	+T
F3_BC63_191109_LF_LIB_consensus_vsearch	4325	T	*/-G	222	9	3.73%	2	2	93	93	0.001804066959286255	1	1	92	130	2	7	-G
F3_BC63_191109_LF_LIB_consensus_vsearch	4329	A	*/-GCA	216	10	4.22%	2	2	93	93	8.821271222096345E-4	1	1	87	129	6	4	-GCA
F3_BC63_191109_LF_LIB_consensus_vsearch	4337	C	*/-T	228	8	3.38%	2	1	93	93	0.00367772893957288	1	1	95	133	0	8	-T
F3_BC63_191109_LF_LIB_consensus_vsearch	4348	T	*/+C	201	24	10.21%	2	2	93	93	3.1195657998345904E-8	1	1	78	123	14	10	+C
F3_BC63_191109_LF_LIB_consensus_vsearch	4349	C	*/+A	224	10	4.18%	2	1	93	93	8.852638500565801E-4	1	1	82	142	10	0	+A
F3_BC63_191109_LF_LIB_consensus_vsearch	4350	A	*/+G	227	7	2.94%	2	2	93	93	0.0074649578216797186	1	1	89	138	2	5	+G
F3_BC63_191109_LF_LIB_consensus_vsearch	4354	C	*/-T	223	7	2.94%	2	1	93	93	0.007458967428082863	1	1	79	144	7	0	-T
F3_BC63_191109_LF_LIB_consensus_vsearch	4360	C	*/-G	213	11	4.62%	2	2	93	93	4.305938947768699E-4	1	1	89	124	1	10	-G
F3_BC63_191109_LF_LIB_consensus_vsearch	4366	T	*/-G	176	40	16.95%	2	2	93	93	1.2424603315132233E-13	1	1	57	119	25	15	-G
F3_BC63_191109_LF_LIB_consensus_vsearch	4366	T	*/-GGG	176	7	2.97%	2	2	93	93	0.007369187819667051	1	1	57	119	3	4	-G
F3_BC63_191109_LF_LIB_consensus_vsearch	4375	T	*/+G	229	7	2.94%	2	1	93	93	0.007467877541059236	1	1	93	136	0	7	+G
F3_BC63_191109_LF_LIB_consensus_vsearch	4382	C	*/-T	225	7	2.97%	2	1	93	93	0.0074619882138406745	1	1	90	135	0	7	-T
F3_BC63_191109_LF_LIB_consensus_vsearch	4387	T	*/+A	194	7	3.14%	2	1	93	93	0.007408480654387502	1	1	80	114	0	7	+A
F3_BC63_191109_LF_LIB_consensus_vsearch	4387	T	*/-A	194	21	9.42%	2	2	93	93	2.8547116176505525E-7	1	1	80	114	1	20	-A
