Chrom	Position	Ref	Cons	Reads1	Reads2	VarFreq	Strands1	Strands2	Qual1	Qual2	Pvalue	MapQual1	MapQual2	Reads1Plus	Reads1Minus	Reads2Plus	Reads2Minus	VarAllele
F4_BC64_191109_LF_LIB_consensus_vsearch	3	G	*/+T	159	8	4.3%	2	1	93	93	0.0035851936379921044	1	1	122	37	8	0	+T
F4_BC64_191109_LF_LIB_consensus_vsearch	3	G	*/-T	159	19	10.22%	2	1	93	93	1.1488882430925014E-6	1	1	122	37	19	0	-T
F4_BC64_191109_LF_LIB_consensus_vsearch	11	T	*/+G	197	18	8.33%	2	1	93	93	2.6322566298277565E-6	1	1	134	63	18	0	+G
F4_BC64_191109_LF_LIB_consensus_vsearch	12	A	*/-G	195	17	7.87%	2	1	93	93	5.4639692209021505E-6	1	1	133	62	17	0	-G
F4_BC64_191109_LF_LIB_consensus_vsearch	18	T	*/+C	206	11	5.07%	2	1	93	93	4.288076047440095E-4	1	1	141	65	11	0	+C
F4_BC64_191109_LF_LIB_consensus_vsearch	24	T	*/-C	165	47	21.46%	2	2	93	93	4.025253840441076E-16	1	1	120	45	28	19	-C
F4_BC64_191109_LF_LIB_consensus_vsearch	28	C	*/-A	203	8	3.65%	2	2	93	93	0.0036510799339400076	1	1	141	62	6	2	-A
F4_BC64_191109_LF_LIB_consensus_vsearch	32	T	*/-C	196	13	5.99%	2	1	93	93	1.0070666248340834E-4	1	1	132	64	13	0	-C
F4_BC64_191109_LF_LIB_consensus_vsearch	45	T	*/+G	192	20	9.17%	2	2	93	93	5.961100290609897E-7	1	1	136	56	11	9	+G
F4_BC64_191109_LF_LIB_consensus_vsearch	46	G	*/-A	205	8	3.65%	2	1	93	93	0.0036534383902297935	1	1	139	66	8	0	-A
F4_BC64_191109_LF_LIB_consensus_vsearch	56	C	*/+G	202	11	5.09%	2	1	93	93	4.2773637746469634E-4	1	1	140	62	11	0	+G
F4_BC64_191109_LF_LIB_consensus_vsearch	57	A	*/-G	201	11	5.05%	2	1	93	93	4.274625226161483E-4	1	1	137	64	11	0	-G
F4_BC64_191109_LF_LIB_consensus_vsearch	77	G	*/+A	185	12	5.61%	2	1	93	93	2.0544322354252122E-4	1	1	122	63	12	0	+A
F4_BC64_191109_LF_LIB_consensus_vsearch	77	G	*/+AG	185	7	3.27%	2	1	93	93	0.007389745092191117	1	1	122	63	7	0	+A
F4_BC64_191109_LF_LIB_consensus_vsearch	78	G	*/-T	205	8	3.67%	2	2	93	93	0.0036534383902297935	1	1	142	63	7	1	-T
F4_BC64_191109_LF_LIB_consensus_vsearch	84	G	*/-A	187	18	8.41%	2	1	93	93	2.582928613336354E-6	1	1	122	65	18	0	-A
F4_BC64_191109_LF_LIB_consensus_vsearch	85	A	*/-G	180	15	7.5%	2	2	93	93	2.3071699351829828E-5	1	1	119	61	13	2	-G
F4_BC64_191109_LF_LIB_consensus_vsearch	101	A	*/-C	171	30	14.02%	2	2	93	93	2.89339048642677E-10	1	1	111	60	27	3	-C
F4_BC64_191109_LF_LIB_consensus_vsearch	105	G	*/-C	191	10	4.65%	2	1	93	93	8.707701860076834E-4	1	1	127	64	10	0	-C
F4_BC64_191109_LF_LIB_consensus_vsearch	108	C	*/-GAA	184	11	5.07%	2	1	93	93	4.223970856632319E-4	1	1	130	54	11	0	-GAA
F4_BC64_191109_LF_LIB_consensus_vsearch	109	G	*/-A	175	8	3.96%	2	2	93	93	0.0036127494603351348	1	1	126	49	4	4	-A
F4_BC64_191109_LF_LIB_consensus_vsearch	109	G	*/-AA	175	12	5.94%	2	2	93	93	2.0349578218661617E-4	1	1	126	49	1	11	-AA
F4_BC64_191109_LF_LIB_consensus_vsearch	115	A	*/-G	200	9	4.19%	2	2	93	93	0.0017887416879729845	1	1	142	58	4	5	-G
F4_BC64_191109_LF_LIB_consensus_vsearch	129	G	*/-C	180	14	6.64%	2	1	93	93	4.7866085588579185E-5	1	1	116	64	14	0	-C
F4_BC64_191109_LF_LIB_consensus_vsearch	137	T	*/+C	163	9	4.11%	2	1	93	93	0.0017543824532390317	1	1	112	51	9	0	+C
F4_BC64_191109_LF_LIB_consensus_vsearch	137	T	*/-C	163	46	21%	2	2	93	93	8.768123163328043E-16	1	1	112	51	32	14	-C
F4_BC64_191109_LF_LIB_consensus_vsearch	158	G	*/-C	194	19	8.72%	2	2	93	93	1.2534988212656054E-6	1	1	143	51	9	10	-C
F4_BC64_191109_LF_LIB_consensus_vsearch	165	G	*/-A	202	8	3.72%	2	1	93	93	0.0036498841327700354	1	1	137	65	8	0	-A
F4_BC64_191109_LF_LIB_consensus_vsearch	170	A	*/+C	162	14	6.45%	2	2	93	93	4.6644094013034604E-5	1	1	113	49	11	3	+C
F4_BC64_191109_LF_LIB_consensus_vsearch	170	A	*/-C	162	26	11.98%	2	2	93	93	5.890700015067377E-9	1	1	113	49	14	12	-C
F4_BC64_191109_LF_LIB_consensus_vsearch	170	A	*/-CC	162	11	5.07%	2	1	93	93	4.144410722870704E-4	1	1	113	49	11	0	-C
F4_BC64_191109_LF_LIB_consensus_vsearch	174	C	*/-T	203	8	3.65%	2	2	93	93	0.0036510799339400076	1	1	143	60	2	6	-T
F4_BC64_191109_LF_LIB_consensus_vsearch	174	C	*/-TT	203	7	3.2%	2	2	93	93	0.007425626339083171	1	1	143	60	6	1	-T
F4_BC64_191109_LF_LIB_consensus_vsearch	178	T	*/-C	161	50	22.94%	2	1	93	93	3.281354489688461E-17	1	1	97	64	50	0	-C
F4_BC64_191109_LF_LIB_consensus_vsearch	191	G	*/-A	201	16	7.27%	2	1	93	93	1.1454151088665753E-5	1	1	134	67	16	0	-A
F4_BC64_191109_LF_LIB_consensus_vsearch	208	T	*/+C	66	128	60.66%	2	2	93	93	2.0743433173075547E-53	1	1	39	27	95	33	+C
F4_BC64_191109_LF_LIB_consensus_vsearch	210	C	*/+T	194	7	3.2%	2	1	93	93	0.007408480654387502	1	1	136	58	0	7	+T
F4_BC64_191109_LF_LIB_consensus_vsearch	210	C	*/-T	194	8	3.65%	2	2	93	93	0.003639898683792886	1	1	136	58	7	1	-T
F4_BC64_191109_LF_LIB_consensus_vsearch	213	A	*/-C	186	20	9.26%	2	1	93	93	5.876005482895781E-7	1	1	119	67	20	0	-C
F4_BC64_191109_LF_LIB_consensus_vsearch	217	A	*/-CA	197	10	4.63%	2	1	93	93	8.737377439902802E-4	1	1	133	64	10	0	-CA
F4_BC64_191109_LF_LIB_consensus_vsearch	234	T	*/-A	199	7	3.26%	2	1	93	93	0.007418189114685095	1	1	135	64	7	0	-A
F4_BC64_191109_LF_LIB_consensus_vsearch	235	A	*/+G	200	10	4.69%	2	2	93	93	8.751600144021374E-4	1	1	134	66	9	1	+G
F4_BC64_191109_LF_LIB_consensus_vsearch	236	G	*/-A	204	11	5.02%	2	2	93	93	4.2827676494109035E-4	1	1	138	66	10	1	-A
F4_BC64_191109_LF_LIB_consensus_vsearch	237	A	*/-G	188	9	4.35%	2	1	93	93	0.0017789762439091002	1	1	124	64	9	0	-G
F4_BC64_191109_LF_LIB_consensus_vsearch	242	G	*/+C	205	8	3.65%	2	1	93	93	0.0036534383902297935	1	1	150	55	0	8	+C
F4_BC64_191109_LF_LIB_consensus_vsearch	244	T	*/-C	205	10	4.59%	2	1	93	93	8.774450793915666E-4	1	1	151	54	0	10	-C
F4_BC64_191109_LF_LIB_consensus_vsearch	246	G	*/+C	203	9	4.15%	2	2	93	93	0.0017910143883990014	1	1	140	63	8	1	+C
F4_BC64_191109_LF_LIB_consensus_vsearch	250	A	*/-G	191	12	5.63%	2	2	93	93	2.0652482483515445E-4	1	1	140	51	1	11	-G
F4_BC64_191109_LF_LIB_consensus_vsearch	265	G	*/+T	204	8	3.64%	2	2	93	93	0.0036522646351654408	1	1	139	65	7	1	+T
F4_BC64_191109_LF_LIB_consensus_vsearch	270	G	*/-A	189	15	6.98%	2	2	93	93	2.336891796251475E-5	1	1	127	62	12	3	-A
F4_BC64_191109_LF_LIB_consensus_vsearch	298	T	*/+A	190	14	6.39%	2	1	93	93	4.8459756195942085E-5	1	1	127	63	14	0	+A
F4_BC64_191109_LF_LIB_consensus_vsearch	298	T	*/-G	190	7	3.2%	2	2	93	93	0.007400362831181816	1	1	127	63	6	1	+A
F4_BC64_191109_LF_LIB_consensus_vsearch	308	G	*/+A	188	7	3.24%	2	1	93	93	0.007396180372504935	1	1	121	67	7	0	+A
F4_BC64_191109_LF_LIB_consensus_vsearch	308	G	*/-A	188	14	6.48%	2	1	93	93	4.834532199564987E-5	1	1	121	67	14	0	-A
F4_BC64_191109_LF_LIB_consensus_vsearch	309	A	*/-G	183	16	7.8%	2	1	93	93	1.1148945141386872E-5	1	1	116	67	16	0	-G
F4_BC64_191109_LF_LIB_consensus_vsearch	311	G	*/-T	195	16	7.31%	2	2	93	93	1.1357537987418757E-5	1	1	132	63	14	2	-T
F4_BC64_191109_LF_LIB_consensus_vsearch	316	C	*/-A	191	19	8.68%	2	2	93	93	1.2456546324351246E-6	1	1	127	64	18	1	-A
F4_BC64_191109_LF_LIB_consensus_vsearch	318	A	*/+G	153	12	5.5%	2	2	93	93	1.984383730406842E-4	1	1	100	53	9	3	+G
F4_BC64_191109_LF_LIB_consensus_vsearch	318	A	*/-G	153	42	19.27%	2	2	93	93	1.910863277852328E-14	1	1	100	53	35	7	-G
F4_BC64_191109_LF_LIB_consensus_vsearch	330	G	*/-A	197	9	4.25%	2	2	93	93	0.0017864043973660122	1	1	134	63	8	1	-A
F4_BC64_191109_LF_LIB_consensus_vsearch	336	C	*/-G	199	7	3.2%	2	1	93	93	0.007418189114685095	1	1	136	63	7	0	-G
F4_BC64_191109_LF_LIB_consensus_vsearch	341	C	*/-GC	196	19	8.72%	2	1	93	93	1.258627563292186E-6	1	1	131	65	19	0	-GC
F4_BC64_191109_LF_LIB_consensus_vsearch	346	T	*/-A	184	12	5.58%	2	1	93	93	2.052568958466569E-4	1	1	128	56	12	0	-A
F4_BC64_191109_LF_LIB_consensus_vsearch	347	A	*/-G	163	25	12.14%	2	2	93	93	1.2684881627546497E-8	1	1	126	37	4	21	-G
F4_BC64_191109_LF_LIB_consensus_vsearch	351	C	*/-GC	169	8	3.7%	2	2	93	93	0.0036029884966937457	1	1	146	23	3	5	-GC
F4_BC64_191109_LF_LIB_consensus_vsearch	351	C	*/-GCTCC	169	9	4.17%	2	1	93	93	0.0017608971948629478	1	1	146	23	0	9	-GCTCC
F4_BC64_191109_LF_LIB_consensus_vsearch	354	T	*/-C	166	21	10.19%	2	2	93	93	2.6316563117976456E-7	1	1	145	21	3	18	-C
F4_BC64_191109_LF_LIB_consensus_vsearch	354	T	*/-CCT	166	12	5.83%	2	2	93	93	2.0156809457974717E-4	1	1	145	21	1	11	-C
F4_BC64_191109_LF_LIB_consensus_vsearch	368	G	*/+C	116	9	4.11%	2	2	93	93	0.00168258665405184	1	1	94	22	8	1	+C
F4_BC64_191109_LF_LIB_consensus_vsearch	368	G	*/-C	116	51	23.29%	2	2	93	93	4.8287947210164375E-18	1	1	94	22	39	12	-C
F4_BC64_191109_LF_LIB_consensus_vsearch	368	G	*/-CC	116	27	12.33%	2	2	93	93	1.921941671149582E-9	1	1	94	22	4	23	-C
F4_BC64_191109_LF_LIB_consensus_vsearch	368	G	*/-CCC	116	12	5.48%	2	2	93	93	1.8636506095184423E-4	1	1	94	22	5	7	-C
F4_BC64_191109_LF_LIB_consensus_vsearch	373	C	*/-T	206	14	6.33%	2	2	93	93	4.930621480362649E-5	1	1	150	56	3	11	-T
F4_BC64_191109_LF_LIB_consensus_vsearch	376	T	*/-CT	188	24	11.01%	2	2	93	93	2.9910218982788557E-8	1	1	137	51	12	12	-CT
F4_BC64_191109_LF_LIB_consensus_vsearch	391	T	*/-C	193	21	9.55%	2	2	93	93	2.8475265963193784E-7	1	1	139	54	10	11	-C
F4_BC64_191109_LF_LIB_consensus_vsearch	394	G	*/-A	199	13	6.05%	2	1	93	93	1.0098964132434686E-4	1	1	132	67	13	0	-A
F4_BC64_191109_LF_LIB_consensus_vsearch	395	A	*/+G	188	7	3.38%	2	2	93	93	0.007396180372504935	1	1	126	62	4	3	+G
F4_BC64_191109_LF_LIB_consensus_vsearch	407	G	*/-A	212	8	3.62%	2	2	93	93	0.003661360523321731	1	1	147	65	7	1	-A
F4_BC64_191109_LF_LIB_consensus_vsearch	412	C	*/-G	198	11	5.02%	2	1	93	93	4.2662591196418204E-4	1	1	139	59	11	0	-G
F4_BC64_191109_LF_LIB_consensus_vsearch	414	A	*/+TT	189	8	3.69%	2	1	93	93	0.0036332530695703403	1	1	124	65	8	0	+TT
F4_BC64_191109_LF_LIB_consensus_vsearch	415	C	*/+T	182	12	5.48%	2	1	93	93	2.0487881937931402E-4	1	1	120	62	12	0	+T
F4_BC64_191109_LF_LIB_consensus_vsearch	418	C	*/+A	189	7	3.23%	2	1	93	93	0.007398282157210082	1	1	124	65	7	0	+A
F4_BC64_191109_LF_LIB_consensus_vsearch	418	C	*/-A	189	10	4.61%	2	1	93	93	8.697426073947409E-4	1	1	124	65	10	0	-A
F4_BC64_191109_LF_LIB_consensus_vsearch	420	A	*/-G	199	8	3.7%	2	1	93	93	0.0036462285478980633	1	1	133	66	8	0	-G
F4_BC64_191109_LF_LIB_consensus_vsearch	422	A	*/-GA	205	8	3.7%	2	2	93	93	0.0036534383902297935	1	1	140	65	6	2	-GA
F4_BC64_191109_LF_LIB_consensus_vsearch	430	T	*/-C	205	10	4.59%	2	2	93	93	8.774450793915666E-4	1	1	145	60	5	5	-C
F4_BC64_191109_LF_LIB_consensus_vsearch	437	T	*/-C	183	37	16.82%	2	1	93	93	1.3934217099063119E-12	1	1	116	67	37	0	-C
F4_BC64_191109_LF_LIB_consensus_vsearch	450	T	*/-C	160	56	25.45%	2	2	93	93	2.287899060633389E-19	1	1	105	55	45	11	-C
F4_BC64_191109_LF_LIB_consensus_vsearch	453	C	*/-T	195	11	4.98%	2	1	93	93	4.2576599996950053E-4	1	1	144	51	0	11	-T
F4_BC64_191109_LF_LIB_consensus_vsearch	455	T	*/-G	188	8	3.72%	2	2	93	93	0.0036318839680821967	1	1	141	47	1	7	-G
F4_BC64_191109_LF_LIB_consensus_vsearch	455	T	*/-GG	188	10	4.65%	2	1	93	93	8.692213039856426E-4	1	1	141	47	0	10	-GG
F4_BC64_191109_LF_LIB_consensus_vsearch	484	A	*/+C	189	16	7.27%	2	1	93	93	1.1255933590740409E-5	1	1	124	65	16	0	+C
F4_BC64_191109_LF_LIB_consensus_vsearch	485	C	*/+T	194	17	7.98%	2	1	93	93	5.454975141743846E-6	1	1	147	47	0	17	+T
F4_BC64_191109_LF_LIB_consensus_vsearch	505	C	*/-T	197	17	7.83%	2	2	93	93	5.481738321341071E-6	1	1	148	49	1	16	-T
F4_BC64_191109_LF_LIB_consensus_vsearch	507	T	*/-AGC	199	9	4.09%	2	2	93	93	0.0017879699024036485	1	1	141	58	7	2	-AGC
F4_BC64_191109_LF_LIB_consensus_vsearch	513	C	*/-T	197	9	4.09%	2	2	93	93	0.0017864043973660122	1	1	144	53	2	7	-T
F4_BC64_191109_LF_LIB_consensus_vsearch	516	T	*/-C	134	67	30.59%	2	2	93	93	8.910140710831227E-24	1	1	103	31	41	26	-C
F4_BC64_191109_LF_LIB_consensus_vsearch	519	C	*/-T	196	8	3.72%	2	2	93	93	0.0036424672415343016	1	1	144	52	1	7	-T
F4_BC64_191109_LF_LIB_consensus_vsearch	519	C	*/-TT	196	8	3.72%	2	2	93	93	0.0036424672415343016	1	1	144	52	4	4	-T
F4_BC64_191109_LF_LIB_consensus_vsearch	526	C	*/+T	205	7	3.17%	2	1	93	93	0.0074292407456773525	1	1	143	62	7	0	+T
F4_BC64_191109_LF_LIB_consensus_vsearch	530	C	*/-A	175	35	15.91%	2	2	93	93	6.205002718756778E-12	1	1	112	63	31	4	-A
F4_BC64_191109_LF_LIB_consensus_vsearch	538	C	*/-GC	192	17	7.8%	2	2	93	93	5.4367634478171795E-6	1	1	130	62	14	3	-GC
F4_BC64_191109_LF_LIB_consensus_vsearch	543	A	*/-G	173	33	15.28%	2	1	93	93	2.8909116482398715E-11	1	1	110	63	33	0	-G
F4_BC64_191109_LF_LIB_consensus_vsearch	546	C	*/-GC	182	16	7.55%	2	1	93	93	1.1130560435702788E-5	1	1	117	65	16	0	-GC
F4_BC64_191109_LF_LIB_consensus_vsearch	547	G	*/-C	164	22	11.28%	2	2	93	93	1.232921838407717E-7	1	1	101	63	19	3	-C
F4_BC64_191109_LF_LIB_consensus_vsearch	549	C	*/-T	167	12	5.53%	2	2	93	93	2.0179123643446653E-4	1	1	110	57	9	3	-T
F4_BC64_191109_LF_LIB_consensus_vsearch	549	C	*/-TT	167	10	4.61%	2	1	93	93	8.569661506081246E-4	1	1	110	57	10	0	-T
F4_BC64_191109_LF_LIB_consensus_vsearch	550	T	*/+A	169	10	5.08%	2	1	93	93	8.582524143025632E-4	1	1	105	64	10	0	+A
F4_BC64_191109_LF_LIB_consensus_vsearch	552	G	*/+C	194	7	3.23%	2	1	93	93	0.007408480654387502	1	1	128	66	7	0	+C
F4_BC64_191109_LF_LIB_consensus_vsearch	555	A	*/-T	203	10	4.59%	2	2	93	93	8.765435124402236E-4	1	1	147	56	1	9	-T
F4_BC64_191109_LF_LIB_consensus_vsearch	558	C	*/-A	180	11	5.21%	2	2	93	93	4.2108036879098717E-4	1	1	146	34	2	9	-A
F4_BC64_191109_LF_LIB_consensus_vsearch	558	C	*/-AA	180	16	7.58%	2	1	93	93	1.1093297898063658E-5	1	1	146	34	0	16	-AA
F4_BC64_191109_LF_LIB_consensus_vsearch	567	A	*/-G	190	15	6.82%	2	2	93	93	2.3400493517599244E-5	1	1	139	51	3	12	-G
F4_BC64_191109_LF_LIB_consensus_vsearch	571	T	*/+C	76	129	59.72%	2	2	93	93	8.830298309026112E-53	1	1	69	7	77	52	+C
F4_BC64_191109_LF_LIB_consensus_vsearch	573	C	*/+A	169	11	4.98%	2	1	93	93	4.171728309073988E-4	1	1	113	56	11	0	+A
F4_BC64_191109_LF_LIB_consensus_vsearch	573	C	*/+T	169	8	3.62%	2	1	93	93	0.0036029884966937457	1	1	113	56	0	8	+A
F4_BC64_191109_LF_LIB_consensus_vsearch	573	C	*/-G	169	17	7.69%	2	2	93	93	5.203399319974215E-6	1	1	113	56	15	2	-G
F4_BC64_191109_LF_LIB_consensus_vsearch	573	C	*/-GC	169	14	6.33%	2	1	93	93	4.7145165258180184E-5	1	1	113	56	14	0	-G
F4_BC64_191109_LF_LIB_consensus_vsearch	575	C	*/-T	179	8	3.9%	2	2	93	93	0.0036189151712300786	1	1	117	62	4	4	-T
F4_BC64_191109_LF_LIB_consensus_vsearch	575	C	*/-TT	179	14	6.83%	2	1	93	93	4.780363754070553E-5	1	1	117	62	14	0	-TT
F4_BC64_191109_LF_LIB_consensus_vsearch	577	T	*/-A	180	7	3.41%	2	1	93	93	0.007378565932456183	1	1	121	59	7	0	-A
F4_BC64_191109_LF_LIB_consensus_vsearch	578	A	*/-G	176	24	11.27%	2	2	93	93	2.8622426530999085E-8	1	1	132	44	8	16	-G
F4_BC64_191109_LF_LIB_consensus_vsearch	589	A	*/+C	185	11	5.12%	2	1	93	93	4.227182557705049E-4	1	1	126	59	11	0	+C
F4_BC64_191109_LF_LIB_consensus_vsearch	589	A	*/-C	185	13	6.05%	2	2	93	93	9.960095521111045E-5	1	1	126	59	9	4	-C
F4_BC64_191109_LF_LIB_consensus_vsearch	612	C	*/-A	206	7	3.17%	2	2	93	93	0.007431022745174962	1	1	142	64	5	2	-A
F4_BC64_191109_LF_LIB_consensus_vsearch	613	A	*/-G	182	13	6.13%	2	2	93	93	9.927932507195894E-5	1	1	125	57	6	7	-G
F4_BC64_191109_LF_LIB_consensus_vsearch	619	C	*/-T	205	10	4.55%	2	2	93	93	8.774450793915666E-4	1	1	148	57	3	7	-T
F4_BC64_191109_LF_LIB_consensus_vsearch	624	T	*/-C	196	9	4.23%	2	1	93	93	0.001785610469261078	1	1	132	64	9	0	-C
F4_BC64_191109_LF_LIB_consensus_vsearch	627	A	*/-CA	202	8	3.76%	2	2	93	93	0.0036498841327700354	1	1	137	65	7	1	-CA
F4_BC64_191109_LF_LIB_consensus_vsearch	630	T	*/+C	207	7	3.18%	2	1	93	93	0.007432788253078562	1	1	140	67	7	0	+C
F4_BC64_191109_LF_LIB_consensus_vsearch	637	T	*/+C	184	7	3.24%	2	2	93	93	0.007387555568979833	1	1	124	60	6	1	+C
F4_BC64_191109_LF_LIB_consensus_vsearch	637	T	*/-C	184	20	9.26%	2	2	93	93	5.846755776787465E-7	1	1	124	60	15	5	-C
F4_BC64_191109_LF_LIB_consensus_vsearch	645	C	*/-G	205	7	3.21%	2	1	93	93	0.0074292407456773525	1	1	144	61	7	0	-G
F4_BC64_191109_LF_LIB_consensus_vsearch	656	A	*/+T	193	7	3.26%	2	2	93	93	0.007406481321433913	1	1	131	62	3	4	+T
F4_BC64_191109_LF_LIB_consensus_vsearch	656	A	*/-T	193	14	6.51%	2	2	93	93	4.862760706844154E-5	1	1	131	62	13	1	-T
F4_BC64_191109_LF_LIB_consensus_vsearch	669	A	*/-C	206	8	3.67%	2	1	93	93	0.0036546013500883302	1	1	139	67	8	0	-C
F4_BC64_191109_LF_LIB_consensus_vsearch	671	C	*/-A	204	10	4.57%	2	1	93	93	8.769963348909129E-4	1	1	138	66	10	0	-A
F4_BC64_191109_LF_LIB_consensus_vsearch	683	T	*/+C	180	8	3.7%	2	1	93	93	0.00362041635085765	1	1	136	44	0	8	+C
F4_BC64_191109_LF_LIB_consensus_vsearch	683	T	*/-A	180	9	4.17%	2	1	93	93	0.001771795269848945	1	1	136	44	9	0	-A
F4_BC64_191109_LF_LIB_consensus_vsearch	686	A	*/-G	199	10	4.69%	2	2	93	93	8.746903119674215E-4	1	1	135	64	8	2	-G
F4_BC64_191109_LF_LIB_consensus_vsearch	692	C	*/-T	210	8	3.64%	2	1	93	93	0.0036591481612605	1	1	153	57	0	8	-T
F4_BC64_191109_LF_LIB_consensus_vsearch	693	T	*/-C	192	18	8.49%	2	1	93	93	2.608089386660468E-6	1	1	134	58	18	0	-C
F4_BC64_191109_LF_LIB_consensus_vsearch	711	T	*/-C	191	22	10%	2	1	93	93	1.3465073597617135E-7	1	1	125	66	22	0	-C
F4_BC64_191109_LF_LIB_consensus_vsearch	720	C	*/-TC	199	15	6.98%	2	1	93	93	2.3672673108116326E-5	1	1	151	48	0	15	-TC
F4_BC64_191109_LF_LIB_consensus_vsearch	721	T	*/+C	182	20	9.76%	2	1	93	93	5.817046897591735E-7	1	1	131	51	20	0	+C
F4_BC64_191109_LF_LIB_consensus_vsearch	735	T	*/-C	201	10	4.65%	2	2	93	93	8.756254095238223E-4	1	1	140	61	9	1	-C
F4_BC64_191109_LF_LIB_consensus_vsearch	737	C	*/-AC	194	18	8.29%	2	2	93	93	2.6178722311443477E-6	1	1	131	63	17	1	-AC
F4_BC64_191109_LF_LIB_consensus_vsearch	740	G	*/-C	196	8	3.69%	2	2	93	93	0.0036424672415343016	1	1	141	55	3	5	-C
F4_BC64_191109_LF_LIB_consensus_vsearch	744	T	*/-C	199	13	5.96%	2	2	93	93	1.0098964132434686E-4	1	1	141	58	10	3	-C
F4_BC64_191109_LF_LIB_consensus_vsearch	749	C	*/-T	202	12	5.58%	2	1	93	93	2.0835870377678545E-4	1	1	152	50	0	12	-T
F4_BC64_191109_LF_LIB_consensus_vsearch	750	T	*/+C	188	11	5.29%	2	1	93	93	4.2366328040616125E-4	1	1	137	51	11	0	+C
F4_BC64_191109_LF_LIB_consensus_vsearch	763	G	*/-C	197	8	3.67%	2	2	93	93	0.003643733038795537	1	1	135	62	4	4	-C
F4_BC64_191109_LF_LIB_consensus_vsearch	773	G	*/+A	210	8	3.62%	2	1	93	93	0.0036591481612605	1	1	143	67	8	0	+A
F4_BC64_191109_LF_LIB_consensus_vsearch	781	A	*/-T	200	7	3.29%	2	1	93	93	0.007420075094973923	1	1	142	58	0	7	-T
F4_BC64_191109_LF_LIB_consensus_vsearch	789	T	*/+G	193	15	6.79%	2	1	93	93	2.349357883668848E-5	1	1	134	59	15	0	+G
F4_BC64_191109_LF_LIB_consensus_vsearch	790	A	*/-G	187	13	6.02%	2	2	93	93	9.981039688765196E-5	1	1	127	60	8	5	-G
F4_BC64_191109_LF_LIB_consensus_vsearch	793	C	*/-TT	200	7	3.17%	2	1	93	93	0.007420075094973923	1	1	134	66	7	0	-TT
F4_BC64_191109_LF_LIB_consensus_vsearch	795	T	*/-A	181	10	4.81%	2	2	93	93	8.654248463553992E-4	1	1	116	65	9	1	-A
F4_BC64_191109_LF_LIB_consensus_vsearch	807	A	*/+T	183	14	6.39%	2	1	93	93	4.804996035085705E-5	1	1	120	63	14	0	+T
F4_BC64_191109_LF_LIB_consensus_vsearch	807	A	*/-T	183	15	6.85%	2	2	93	93	2.317346189073492E-5	1	1	120	63	12	3	-T
F4_BC64_191109_LF_LIB_consensus_vsearch	813	A	*/-G	183	15	6.85%	2	2	93	93	2.317346189073492E-5	1	1	131	52	4	11	-G
F4_BC64_191109_LF_LIB_consensus_vsearch	819	G	*/-A	210	9	4.07%	2	1	93	93	0.0017960807336148846	1	1	144	66	9	0	-A
F4_BC64_191109_LF_LIB_consensus_vsearch	834	T	*/-AA	195	9	4.13%	2	2	93	93	0.0017848089483517727	1	1	138	57	1	8	-AA
F4_BC64_191109_LF_LIB_consensus_vsearch	846	C	*/-AC	170	40	18.35%	2	2	93	93	1.166597031743409E-13	1	1	111	59	39	1	-AC
F4_BC64_191109_LF_LIB_consensus_vsearch	850	T	*/-CT	195	9	4.17%	2	1	93	93	0.0017848089483517727	1	1	149	46	0	9	-CT
F4_BC64_191109_LF_LIB_consensus_vsearch	850	T	*/-CTT	195	7	3.24%	2	1	93	93	0.007410460397262536	1	1	149	46	0	7	-CT
F4_BC64_191109_LF_LIB_consensus_vsearch	866	C	*/-T	195	14	6.42%	2	2	93	93	4.873705147345955E-5	1	1	135	60	10	4	-T
F4_BC64_191109_LF_LIB_consensus_vsearch	868	T	*/-C	183	17	7.98%	2	2	93	93	5.350934823492497E-6	1	1	130	53	5	12	-C
F4_BC64_191109_LF_LIB_consensus_vsearch	881	T	*/-C	200	15	6.85%	2	1	93	93	2.3701643162627867E-5	1	1	136	64	15	0	-C
F4_BC64_191109_LF_LIB_consensus_vsearch	906	C	*/+T	149	12	5.56%	2	2	93	93	1.973810305249449E-4	1	1	119	30	5	7	+T
F4_BC64_191109_LF_LIB_consensus_vsearch	906	C	*/-T	149	28	12.96%	2	2	93	93	1.1688749267255453E-9	1	1	119	30	14	14	-T
F4_BC64_191109_LF_LIB_consensus_vsearch	906	C	*/-TT	149	12	5.56%	2	2	93	93	1.973810305249449E-4	1	1	119	30	8	4	-T
F4_BC64_191109_LF_LIB_consensus_vsearch	915	T	*/-C	212	7	3.17%	2	1	93	93	0.00744137624879223	1	1	145	67	7	0	-C
F4_BC64_191109_LF_LIB_consensus_vsearch	922	G	*/-C	185	27	12.27%	2	2	93	93	3.0790449819890455E-9	1	1	123	62	26	1	-C
F4_BC64_191109_LF_LIB_consensus_vsearch	925	T	*/+G	184	17	7.87%	2	1	93	93	5.360797763101831E-6	1	1	127	57	17	0	+G
F4_BC64_191109_LF_LIB_consensus_vsearch	926	A	*/-G	195	18	8.26%	2	1	93	93	2.622705226031456E-6	1	1	131	64	18	0	-G
F4_BC64_191109_LF_LIB_consensus_vsearch	932	A	*/-G	183	19	8.72%	2	2	93	93	1.223804948400246E-6	1	1	134	49	3	16	-G
F4_BC64_191109_LF_LIB_consensus_vsearch	938	C	*/-T	201	9	4.13%	2	2	93	93	0.0017895062981052791	1	1	144	57	6	3	-T
F4_BC64_191109_LF_LIB_consensus_vsearch	959	T	*/-C	160	55	24.89%	2	2	93	93	5.24513029326095E-19	1	1	97	63	53	2	-C
F4_BC64_191109_LF_LIB_consensus_vsearch	961	C	*/+A	205	10	4.55%	2	1	93	93	8.774450793915666E-4	1	1	143	62	10	0	+A
F4_BC64_191109_LF_LIB_consensus_vsearch	978	C	*/-T	181	16	7.48%	2	2	93	93	1.1112012077803707E-5	1	1	124	57	14	2	-T
F4_BC64_191109_LF_LIB_consensus_vsearch	980	T	*/-A	184	28	13.08%	2	1	93	93	1.4348194500451993E-9	1	1	118	66	28	0	-A
F4_BC64_191109_LF_LIB_consensus_vsearch	981	A	*/-C	161	15	8.02%	2	2	93	93	2.2356045059508273E-5	1	1	98	63	12	3	-C
F4_BC64_191109_LF_LIB_consensus_vsearch	983	C	*/-A	175	23	10.5%	2	2	93	93	6.05273689417414E-8	1	1	130	45	10	13	-A
F4_BC64_191109_LF_LIB_consensus_vsearch	991	G	*/-C	203	12	5.5%	2	2	93	93	2.0851661109317314E-4	1	1	137	66	11	1	-C
F4_BC64_191109_LF_LIB_consensus_vsearch	994	C	*/-AC	202	13	5.88%	2	1	93	93	1.0126524414330837E-4	1	1	136	66	13	0	-AC
F4_BC64_191109_LF_LIB_consensus_vsearch	1002	T	*/-C	200	16	7.24%	2	2	93	93	1.1438379994950568E-5	1	1	137	63	14	2	-C
F4_BC64_191109_LF_LIB_consensus_vsearch	1009	A	*/+T	168	39	18.06%	2	1	93	93	2.519421627574772E-13	1	1	102	66	39	0	+T
F4_BC64_191109_LF_LIB_consensus_vsearch	1013	G	*/-C	200	13	5.94%	2	2	93	93	1.0108231417166703E-4	1	1	137	63	11	2	-C
F4_BC64_191109_LF_LIB_consensus_vsearch	1022	G	*/-C	205	8	3.7%	2	2	93	93	0.0036534383902297935	1	1	144	61	7	1	-C
F4_BC64_191109_LF_LIB_consensus_vsearch	1026	C	*/-A	194	10	4.67%	2	2	93	93	8.722750499460999E-4	1	1	134	60	9	1	-A
F4_BC64_191109_LF_LIB_consensus_vsearch	1032	C	*/-A	209	7	3.17%	2	1	93	93	0.007436270701269745	1	1	143	66	7	0	-A
F4_BC64_191109_LF_LIB_consensus_vsearch	1039	C	*/-G	191	21	9.68%	2	2	93	93	2.832998157915201E-7	1	1	148	43	4	17	-G
F4_BC64_191109_LF_LIB_consensus_vsearch	1055	T	*/+C	199	7	3.17%	2	2	93	93	0.007418189114685095	1	1	144	55	6	1	+C
F4_BC64_191109_LF_LIB_consensus_vsearch	1055	T	*/-C	199	7	3.17%	2	2	93	93	0.007418189114685095	1	1	144	55	1	6	+C
F4_BC64_191109_LF_LIB_consensus_vsearch	1056	C	*/-G	196	11	5.16%	2	1	93	93	4.260552860545617E-4	1	1	148	48	0	11	-G
F4_BC64_191109_LF_LIB_consensus_vsearch	1058	G	*/-A	185	31	14.22%	2	1	93	93	1.4608479492410707E-10	1	1	120	65	31	0	-A
F4_BC64_191109_LF_LIB_consensus_vsearch	1060	G	*/-T	198	18	8.18%	2	1	93	93	2.63697592562017E-6	1	1	132	66	18	0	-T
F4_BC64_191109_LF_LIB_consensus_vsearch	1075	G	*/-A	209	9	4.09%	2	2	93	93	0.0017953764342624938	1	1	143	66	8	1	-A
F4_BC64_191109_LF_LIB_consensus_vsearch	1087	G	*/-C	199	12	5.48%	2	2	93	93	2.078764879814198E-4	1	1	136	63	9	3	-C
F4_BC64_191109_LF_LIB_consensus_vsearch	1092	G	*/-A	211	7	3.18%	2	1	93	93	0.007439689863414905	1	1	144	67	7	0	-A
F4_BC64_191109_LF_LIB_consensus_vsearch	1097	G	*/+C	170	14	6.67%	2	2	93	93	4.721392964410002E-5	1	1	106	64	13	1	+C
F4_BC64_191109_LF_LIB_consensus_vsearch	1097	G	*/-C	170	19	9.05%	2	1	93	93	1.1851204359271555E-6	1	1	106	64	19	0	-C
F4_BC64_191109_LF_LIB_consensus_vsearch	1099	C	*/-T	203	8	3.67%	2	1	93	93	0.0036510799339400076	1	1	138	65	8	0	-T
F4_BC64_191109_LF_LIB_consensus_vsearch	1106	T	*/+C	212	7	3.17%	2	1	93	93	0.00744137624879223	1	1	153	59	0	7	+C
F4_BC64_191109_LF_LIB_consensus_vsearch	1131	T	*/-C	204	12	5.45%	2	2	93	93	2.0867313373012331E-4	1	1	150	54	1	11	-C
F4_BC64_191109_LF_LIB_consensus_vsearch	1138	A	*/-G	191	17	7.94%	2	2	93	93	5.427543998578852E-6	1	1	133	58	11	6	-G
F4_BC64_191109_LF_LIB_consensus_vsearch	1140	G	*/-A	203	7	3.17%	2	1	93	93	0.007425626339083171	1	1	142	61	7	0	-A
F4_BC64_191109_LF_LIB_consensus_vsearch	1141	A	*/+C	201	8	3.76%	2	1	93	93	0.003648677074969142	1	1	135	66	8	0	+C
F4_BC64_191109_LF_LIB_consensus_vsearch	1143	C	*/+AC	187	13	5.91%	2	1	93	93	9.981039688765196E-5	1	1	122	65	13	0	+AC
F4_BC64_191109_LF_LIB_consensus_vsearch	1143	C	*/-GC	187	7	3.18%	2	1	93	93	0.007394057154213738	1	1	122	65	7	0	+AC
F4_BC64_191109_LF_LIB_consensus_vsearch	1151	T	*/-C	194	20	9.05%	2	1	93	93	5.988612635554178E-7	1	1	131	63	20	0	-C
F4_BC64_191109_LF_LIB_consensus_vsearch	1155	G	*/-A	208	8	3.62%	2	1	93	93	0.0036568954742723925	1	1	142	66	8	0	-A
F4_BC64_191109_LF_LIB_consensus_vsearch	1156	A	*/+G	103	15	7.11%	2	2	93	93	1.8990253874201368E-5	1	1	55	48	13	2	+G
F4_BC64_191109_LF_LIB_consensus_vsearch	1156	A	*/-G	103	65	30.81%	2	2	93	93	1.1853503526261408E-23	1	1	55	48	49	16	-G
F4_BC64_191109_LF_LIB_consensus_vsearch	1156	A	*/-GG	103	8	3.79%	2	1	93	93	0.0034281334233636305	1	1	55	48	8	0	-G
F4_BC64_191109_LF_LIB_consensus_vsearch	1156	A	*/-GGGA	103	16	7.58%	2	1	93	93	8.894169536019536E-6	1	1	55	48	16	0	-GGGA
F4_BC64_191109_LF_LIB_consensus_vsearch	1163	C	*/-T	202	12	5.48%	2	2	93	93	2.0835870377678545E-4	1	1	149	53	2	10	-T
F4_BC64_191109_LF_LIB_consensus_vsearch	1165	T	*/+C	186	11	5.07%	2	1	93	93	4.2303631514374124E-4	1	1	132	54	11	0	+C
F4_BC64_191109_LF_LIB_consensus_vsearch	1165	T	*/-C	186	8	3.69%	2	2	93	93	0.0036291041675517713	1	1	132	54	2	6	+C
F4_BC64_191109_LF_LIB_consensus_vsearch	1166	C	*/-G	188	13	6.19%	2	1	93	93	9.991366545768514E-5	1	1	146	42	0	13	-G
F4_BC64_191109_LF_LIB_consensus_vsearch	1169	A	*/-G	145	59	27.06%	2	2	93	93	1.2678790413632725E-20	1	1	90	55	48	11	-G
F4_BC64_191109_LF_LIB_consensus_vsearch	1169	A	*/-GG	145	10	4.59%	2	1	93	93	8.407243705351934E-4	1	1	90	55	10	0	-G
F4_BC64_191109_LF_LIB_consensus_vsearch	1172	G	*/-A	204	8	3.65%	2	1	93	93	0.0036522646351654408	1	1	143	61	8	0	-A
F4_BC64_191109_LF_LIB_consensus_vsearch	1183	T	*/+G	206	7	3.18%	2	1	93	93	0.007431022745174962	1	1	141	65	7	0	+G
F4_BC64_191109_LF_LIB_consensus_vsearch	1184	A	*/-G	207	7	3.2%	2	1	93	93	0.007432788253078562	1	1	141	66	7	0	-G
F4_BC64_191109_LF_LIB_consensus_vsearch	1200	C	*/-T	191	13	5.99%	2	2	93	93	1.0021782040526559E-4	1	1	147	44	3	10	-T
F4_BC64_191109_LF_LIB_consensus_vsearch	1205	G	*/-C	146	63	28.77%	2	2	93	93	4.333110859064796E-22	1	1	89	57	56	7	-C
F4_BC64_191109_LF_LIB_consensus_vsearch	1212	T	*/-AC	199	10	4.63%	2	1	93	93	8.746903119674215E-4	1	1	134	65	10	0	-AC
F4_BC64_191109_LF_LIB_consensus_vsearch	1213	A	*/-C	177	9	4.39%	2	2	93	93	0.0017689474455757383	1	1	119	58	4	5	-C
F4_BC64_191109_LF_LIB_consensus_vsearch	1224	G	*/-CG	211	9	4.07%	2	2	93	93	0.0017967787753331713	1	1	150	61	4	5	-CG
F4_BC64_191109_LF_LIB_consensus_vsearch	1230	G	*/-A	204	12	5.45%	2	1	93	93	2.0867313373012331E-4	1	1	137	67	12	0	-A
F4_BC64_191109_LF_LIB_consensus_vsearch	1236	C	*/-AC	176	34	15.6%	2	1	93	93	1.3608699144542992E-11	1	1	116	60	34	0	-AC
F4_BC64_191109_LF_LIB_consensus_vsearch	1247	C	*/-G	202	9	4.15%	2	1	93	93	0.0017902638323438202	1	1	137	65	9	0	-G
F4_BC64_191109_LF_LIB_consensus_vsearch	1258	T	*/-C	206	9	4.11%	2	2	93	93	0.001793225137980622	1	1	144	62	7	2	-C
F4_BC64_191109_LF_LIB_consensus_vsearch	1282	A	*/-C	202	11	5.09%	2	2	93	93	4.2773637746469634E-4	1	1	141	61	6	5	-C
F4_BC64_191109_LF_LIB_consensus_vsearch	1283	C	*/+T	193	7	3.41%	2	1	93	93	0.007406481321433913	1	1	138	55	0	7	+T
F4_BC64_191109_LF_LIB_consensus_vsearch	1284	C	*/+T	175	18	8.18%	2	2	93	93	2.51811159354104E-6	1	1	141	34	1	17	+T
F4_BC64_191109_LF_LIB_consensus_vsearch	1284	C	*/-T	175	21	9.55%	2	2	93	93	2.708629858939431E-7	1	1	141	34	9	12	-T
F4_BC64_191109_LF_LIB_consensus_vsearch	1286	T	*/-AC	187	22	10.05%	2	2	93	93	1.3310594381924066E-7	1	1	125	62	21	1	-AC
F4_BC64_191109_LF_LIB_consensus_vsearch	1287	A	*/-C	160	20	10.31%	2	2	93	93	5.456704829469642E-7	1	1	96	64	19	1	-C
F4_BC64_191109_LF_LIB_consensus_vsearch	1287	A	*/-CC	160	8	4.12%	2	1	93	93	0.003587066500341587	1	1	96	64	8	0	-C
F4_BC64_191109_LF_LIB_consensus_vsearch	1290	C	*/-G	199	7	3.17%	2	1	93	93	0.007418189114685095	1	1	149	50	0	7	-G
F4_BC64_191109_LF_LIB_consensus_vsearch	1307	C	*/-T	197	14	6.36%	2	2	93	93	4.8844590491071155E-5	1	1	148	49	2	12	-T
F4_BC64_191109_LF_LIB_consensus_vsearch	1307	C	*/-TT	197	7	3.18%	2	2	93	93	0.007414362253072604	1	1	148	49	3	4	-T
F4_BC64_191109_LF_LIB_consensus_vsearch	1310	T	*/+C	198	11	4.98%	2	1	93	93	4.2662591196418204E-4	1	1	135	63	11	0	+C
F4_BC64_191109_LF_LIB_consensus_vsearch	1333	A	*/-C	196	19	8.64%	2	2	93	93	1.258627563292186E-6	1	1	148	48	1	18	-C
F4_BC64_191109_LF_LIB_consensus_vsearch	1341	C	*/+A	200	7	3.23%	2	1	93	93	0.007420075094973923	1	1	140	60	7	0	+A
F4_BC64_191109_LF_LIB_consensus_vsearch	1346	C	*/-G	207	10	4.52%	2	2	93	93	8.783305527122537E-4	1	1	150	57	3	7	-G
F4_BC64_191109_LF_LIB_consensus_vsearch	1352	C	*/-G	190	12	5.63%	2	2	93	93	2.0634876616312749E-4	1	1	138	52	4	8	-G
F4_BC64_191109_LF_LIB_consensus_vsearch	1357	G	*/+T	206	7	3.17%	2	1	93	93	0.007431022745174962	1	1	148	58	0	7	+T
F4_BC64_191109_LF_LIB_consensus_vsearch	1359	C	*/-T	204	10	4.59%	2	2	93	93	8.769963348909129E-4	1	1	147	57	4	6	-T
F4_BC64_191109_LF_LIB_consensus_vsearch	1365	C	*/-A	161	31	14.9%	2	2	93	93	1.247619385429138E-10	1	1	104	57	29	2	-A
F4_BC64_191109_LF_LIB_consensus_vsearch	1374	T	*/-C	178	28	12.67%	2	2	93	93	1.3926549242027516E-9	1	1	127	51	20	8	-C
F4_BC64_191109_LF_LIB_consensus_vsearch	1385	G	*/-CG	209	7	3.2%	2	2	93	93	0.007436270701269745	1	1	146	63	3	4	-CG
F4_BC64_191109_LF_LIB_consensus_vsearch	1397	C	*/+T	208	8	3.69%	2	1	93	93	0.0036568954742723925	1	1	149	59	0	8	+T
F4_BC64_191109_LF_LIB_consensus_vsearch	1399	T	*/+C	69	140	64.81%	2	2	93	93	9.430378708644764E-59	1	1	66	3	83	57	+C
F4_BC64_191109_LF_LIB_consensus_vsearch	1403	G	*/+T	196	13	5.88%	2	1	93	93	1.0070666248340834E-4	1	1	130	66	13	0	+T
F4_BC64_191109_LF_LIB_consensus_vsearch	1407	C	*/-A	201	16	7.27%	2	2	93	93	1.1454151088665753E-5	1	1	148	53	4	12	-A
F4_BC64_191109_LF_LIB_consensus_vsearch	1411	T	*/+C	84	113	52.8%	2	2	93	93	8.766764535666274E-45	1	1	57	27	91	22	+C
F4_BC64_191109_LF_LIB_consensus_vsearch	1413	C	*/-T	209	8	3.62%	2	1	93	93	0.003658026926953576	1	1	151	58	0	8	-T
F4_BC64_191109_LF_LIB_consensus_vsearch	1415	T	*/-C	212	7	3.18%	2	2	93	93	0.00744137624879223	1	1	152	60	1	6	-C
F4_BC64_191109_LF_LIB_consensus_vsearch	1427	C	*/-A	180	32	14.68%	2	2	93	93	6.571054618738405E-11	1	1	116	64	31	1	-A
F4_BC64_191109_LF_LIB_consensus_vsearch	1434	C	*/-A	204	11	5.02%	2	1	93	93	4.2827676494109035E-4	1	1	143	61	11	0	-A
F4_BC64_191109_LF_LIB_consensus_vsearch	1437	T	*/-C	189	15	7.18%	2	2	93	93	2.336891796251475E-5	1	1	144	45	8	7	-C
F4_BC64_191109_LF_LIB_consensus_vsearch	1439	C	*/-T	200	16	7.31%	2	2	93	93	1.1438379994950568E-5	1	1	148	52	3	13	-T
F4_BC64_191109_LF_LIB_consensus_vsearch	1453	C	*/-A	210	7	3.2%	2	1	93	93	0.007437988084800957	1	1	145	65	7	0	-A
F4_BC64_191109_LF_LIB_consensus_vsearch	1462	C	*/-GGC	206	7	3.2%	2	1	93	93	0.007431022745174962	1	1	144	62	7	0	-GGC
F4_BC64_191109_LF_LIB_consensus_vsearch	1473	C	*/-A	206	8	3.67%	2	1	93	93	0.0036546013500883302	1	1	141	65	8	0	-A
F4_BC64_191109_LF_LIB_consensus_vsearch	1479	A	*/-C	203	8	3.72%	2	1	93	93	0.0036510799339400076	1	1	139	64	8	0	-C
F4_BC64_191109_LF_LIB_consensus_vsearch	1491	A	*/-CA	195	17	7.8%	2	2	93	93	5.4639692209021505E-6	1	1	142	53	7	10	-CA
F4_BC64_191109_LF_LIB_consensus_vsearch	1512	C	*/-A	206	9	4.11%	2	2	93	93	0.001793225137980622	1	1	148	58	4	5	-A
F4_BC64_191109_LF_LIB_consensus_vsearch	1517	G	*/-A	186	23	10.45%	2	1	93	93	6.285558458128331E-8	1	1	122	64	23	0	-A
F4_BC64_191109_LF_LIB_consensus_vsearch	1519	A	*/-G	202	8	3.69%	2	2	93	93	0.0036498841327700354	1	1	139	63	6	2	-G
F4_BC64_191109_LF_LIB_consensus_vsearch	1532	G	*/-C	190	23	10.41%	2	1	93	93	6.365913507781368E-8	1	1	123	67	23	0	-C
F4_BC64_191109_LF_LIB_consensus_vsearch	1532	G	*/-CC	190	7	3.17%	2	1	93	93	0.007400362831181816	1	1	123	67	7	0	-C
F4_BC64_191109_LF_LIB_consensus_vsearch	1536	G	*/-A	192	14	6.51%	2	1	93	93	4.85721545340522E-5	1	1	127	65	14	0	-A
F4_BC64_191109_LF_LIB_consensus_vsearch	1536	G	*/-AA	192	7	3.26%	2	1	93	93	0.007404462106241813	1	1	127	65	7	0	-A
F4_BC64_191109_LF_LIB_consensus_vsearch	1538	A	*/-GA	191	10	4.69%	2	1	93	93	8.707701860076834E-4	1	1	126	65	10	0	-GA
F4_BC64_191109_LF_LIB_consensus_vsearch	1545	T	*/+G	207	7	3.2%	2	1	93	93	0.007432788253078562	1	1	151	56	0	7	+G
F4_BC64_191109_LF_LIB_consensus_vsearch	1550	T	*/-C	201	13	6.02%	2	2	93	93	1.0117417827629507E-4	1	1	139	62	10	3	-C
F4_BC64_191109_LF_LIB_consensus_vsearch	1559	G	*/-CG	201	15	6.82%	2	2	93	93	2.373037043728608E-5	1	1	136	65	14	1	-CG
F4_BC64_191109_LF_LIB_consensus_vsearch	1562	T	*/+C	206	9	4.15%	2	1	93	93	0.001793225137980622	1	1	139	67	9	0	+C
F4_BC64_191109_LF_LIB_consensus_vsearch	1568	G	*/-C	186	15	7.01%	2	2	93	93	2.3272499024923496E-5	1	1	123	63	13	2	-C
F4_BC64_191109_LF_LIB_consensus_vsearch	1580	A	*/-C	201	12	5.45%	2	1	93	93	2.081993933684706E-4	1	1	136	65	12	0	-C
F4_BC64_191109_LF_LIB_consensus_vsearch	1581	C	*/+T	191	14	6.76%	2	1	93	93	4.85162064553485E-5	1	1	139	52	0	14	+T
F4_BC64_191109_LF_LIB_consensus_vsearch	1586	G	*/-CG	200	9	4.13%	2	2	93	93	0.0017887416879729845	1	1	139	61	6	3	-CG
F4_BC64_191109_LF_LIB_consensus_vsearch	1587	C	*/-G	191	8	3.88%	2	1	93	93	0.0036359507017874977	1	1	143	48	0	8	-G
F4_BC64_191109_LF_LIB_consensus_vsearch	1589	G	*/+A	206	9	4.15%	2	1	93	93	0.001793225137980622	1	1	141	65	9	0	+A
F4_BC64_191109_LF_LIB_consensus_vsearch	1593	G	*/+C	197	13	5.94%	2	1	93	93	1.0080182645455998E-4	1	1	152	45	0	13	+C
F4_BC64_191109_LF_LIB_consensus_vsearch	1593	G	*/-T	197	8	3.65%	2	1	93	93	0.003643733038795537	1	1	152	45	0	8	+C
F4_BC64_191109_LF_LIB_consensus_vsearch	1595	C	*/-T	208	9	4.13%	2	1	93	93	0.0017946657928001688	1	1	152	56	0	9	-T
F4_BC64_191109_LF_LIB_consensus_vsearch	1596	T	*/-C	167	28	13.33%	2	2	93	93	1.311781308978471E-9	1	1	125	42	26	2	-C
F4_BC64_191109_LF_LIB_consensus_vsearch	1600	A	*/-G	181	30	14.02%	2	2	93	93	3.0713327112998625E-10	1	1	117	64	27	3	-G
F4_BC64_191109_LF_LIB_consensus_vsearch	1602	G	*/+A	207	11	5.02%	2	1	93	93	4.2906952287648286E-4	1	1	140	67	11	0	+A
F4_BC64_191109_LF_LIB_consensus_vsearch	1608	A	*/-C	197	9	4.15%	2	2	93	93	0.0017864043973660122	1	1	135	62	8	1	-C
F4_BC64_191109_LF_LIB_consensus_vsearch	1610	T	*/+A	168	10	4.69%	2	1	93	93	8.576127548470182E-4	1	1	122	46	10	0	+A
F4_BC64_191109_LF_LIB_consensus_vsearch	1610	T	*/-A	168	15	7.04%	2	2	93	93	2.26350367290671E-5	1	1	122	46	10	5	-A
F4_BC64_191109_LF_LIB_consensus_vsearch	1610	T	*/-AA	168	7	3.29%	2	2	93	93	0.007349160919077469	1	1	122	46	2	5	-A
F4_BC64_191109_LF_LIB_consensus_vsearch	1617	C	*/-A	181	29	13.24%	2	2	93	93	6.597097303356845E-10	1	1	118	63	26	3	-A
F4_BC64_191109_LF_LIB_consensus_vsearch	1618	A	*/+C	38	139	73.54%	2	2	93	93	1.6283067412521288E-63	1	1	30	8	84	55	+C
F4_BC64_191109_LF_LIB_consensus_vsearch	1620	C	*/+A	187	8	3.69%	2	1	93	93	0.0036305010705765203	1	1	122	65	8	0	+A
F4_BC64_191109_LF_LIB_consensus_vsearch	1620	C	*/-A	187	18	8.29%	2	1	93	93	2.582928613336354E-6	1	1	122	65	18	0	-A
F4_BC64_191109_LF_LIB_consensus_vsearch	1624	G	*/-A	203	11	5.12%	2	1	93	93	4.280077806644155E-4	1	1	137	66	11	0	-A
F4_BC64_191109_LF_LIB_consensus_vsearch	1626	G	*/-C	197	7	3.23%	2	2	93	93	0.007414362253072604	1	1	134	63	5	2	-C
F4_BC64_191109_LF_LIB_consensus_vsearch	1640	T	*/+A	203	8	3.65%	2	2	93	93	0.0036510799339400076	1	1	140	63	7	1	+A
F4_BC64_191109_LF_LIB_consensus_vsearch	1642	G	*/+C	199	8	3.69%	2	1	93	93	0.0036462285478980633	1	1	133	66	8	0	+C
F4_BC64_191109_LF_LIB_consensus_vsearch	1649	T	*/-C	186	23	10.5%	2	2	93	93	6.285558458128331E-8	1	1	124	62	19	4	-C
F4_BC64_191109_LF_LIB_consensus_vsearch	1652	C	*/-G	202	8	3.64%	2	2	93	93	0.0036498841327700354	1	1	141	61	3	5	-G
F4_BC64_191109_LF_LIB_consensus_vsearch	1654	G	*/+A	199	7	3.18%	2	2	93	93	0.007418189114685095	1	1	137	62	6	1	+A
F4_BC64_191109_LF_LIB_consensus_vsearch	1660	C	*/-TTT	193	7	3.23%	2	1	93	93	0.007406481321433913	1	1	142	51	0	7	-TTT
F4_BC64_191109_LF_LIB_consensus_vsearch	1671	G	*/-T	198	8	3.72%	2	1	93	93	0.0036449867501809376	1	1	133	65	8	0	-T
F4_BC64_191109_LF_LIB_consensus_vsearch	1678	C	*/+T	206	9	4.15%	2	2	93	93	0.001793225137980622	1	1	147	59	1	8	+T
F4_BC64_191109_LF_LIB_consensus_vsearch	1681	A	*/+T	104	100	45.66%	2	2	93	93	6.345457160372467E-38	1	1	101	3	40	60	+T
F4_BC64_191109_LF_LIB_consensus_vsearch	1694	C	*/+T	173	14	6.39%	2	2	93	93	4.7416220807620975E-5	1	1	119	54	12	2	+T
F4_BC64_191109_LF_LIB_consensus_vsearch	1694	C	*/-T	173	28	12.79%	2	2	93	93	1.3564785577282461E-9	1	1	119	54	22	6	-T
F4_BC64_191109_LF_LIB_consensus_vsearch	1702	C	*/-T	196	19	8.64%	2	2	93	93	1.258627563292186E-6	1	1	144	52	5	14	-T
F4_BC64_191109_LF_LIB_consensus_vsearch	1705	T	*/-C	152	49	22.37%	2	2	93	93	6.312259569898568E-17	1	1	118	34	27	22	-C
F4_BC64_191109_LF_LIB_consensus_vsearch	1721	T	*/+A	203	12	5.45%	2	1	93	93	2.0851661109317314E-4	1	1	136	67	12	0	+A
F4_BC64_191109_LF_LIB_consensus_vsearch	1722	G	*/-TG	189	15	6.94%	2	2	93	93	2.336891796251475E-5	1	1	123	66	14	1	-TG
F4_BC64_191109_LF_LIB_consensus_vsearch	1733	C	*/-AC	198	17	7.76%	2	1	93	93	5.490515091509853E-6	1	1	131	67	17	0	-AC
F4_BC64_191109_LF_LIB_consensus_vsearch	1744	A	*/-T	204	8	3.69%	2	2	93	93	0.0036522646351654408	1	1	142	62	5	3	-T
F4_BC64_191109_LF_LIB_consensus_vsearch	1751	C	*/-T	206	8	3.64%	2	2	93	93	0.0036546013500883302	1	1	146	60	3	5	-T
F4_BC64_191109_LF_LIB_consensus_vsearch	1753	T	*/-A	193	11	5.05%	2	2	93	93	4.251792957023273E-4	1	1	130	63	10	1	-A
F4_BC64_191109_LF_LIB_consensus_vsearch	1755	G	*/-A	199	16	7.31%	2	2	93	93	1.1422478632590395E-5	1	1	135	64	15	1	-A
F4_BC64_191109_LF_LIB_consensus_vsearch	1765	A	*/-C	204	7	3.18%	2	2	93	93	0.007427442022474603	1	1	141	63	3	4	-C
F4_BC64_191109_LF_LIB_consensus_vsearch	1768	T	*/+C	190	7	3.21%	2	2	93	93	0.007400362831181816	1	1	130	60	5	2	+C
F4_BC64_191109_LF_LIB_consensus_vsearch	1768	T	*/-C	190	11	5.05%	2	1	93	93	4.2427833042722946E-4	1	1	130	60	11	0	-C
F4_BC64_191109_LF_LIB_consensus_vsearch	1771	C	*/-AC	202	11	4.98%	2	1	93	93	4.2773637746469634E-4	1	1	137	65	11	0	-AC
F4_BC64_191109_LF_LIB_consensus_vsearch	1783	C	*/+G	199	10	4.59%	2	1	93	93	8.746903119674215E-4	1	1	139	60	10	0	+G
F4_BC64_191109_LF_LIB_consensus_vsearch	1784	A	*/-T	199	15	6.91%	2	2	93	93	2.3672673108116326E-5	1	1	138	61	12	3	-T
F4_BC64_191109_LF_LIB_consensus_vsearch	1787	A	*/-CA	204	7	3.2%	2	2	93	93	0.007427442022474603	1	1	143	61	6	1	-CA
F4_BC64_191109_LF_LIB_consensus_vsearch	1788	C	*/+A	184	11	5.21%	2	2	93	93	4.223970856632319E-4	1	1	135	49	2	9	+A
F4_BC64_191109_LF_LIB_consensus_vsearch	1788	C	*/-A	184	9	4.27%	2	2	93	93	0.0017754582364345615	1	1	135	49	6	3	+A
F4_BC64_191109_LF_LIB_consensus_vsearch	1793	C	*/-T	207	7	3.2%	2	1	93	93	0.007432788253078562	1	1	143	64	7	0	-T
F4_BC64_191109_LF_LIB_consensus_vsearch	1802	T	*/-C	207	7	3.17%	2	2	93	93	0.007432788253078562	1	1	150	57	1	6	-C
F4_BC64_191109_LF_LIB_consensus_vsearch	1807	G	*/-A	166	18	8.26%	2	1	93	93	2.4649253998702584E-6	1	1	100	66	18	0	-A
F4_BC64_191109_LF_LIB_consensus_vsearch	1807	G	*/-AG	166	33	15.14%	2	1	93	93	2.7403238465974374E-11	1	1	100	66	33	0	-AG
F4_BC64_191109_LF_LIB_consensus_vsearch	1812	C	*/-T	200	9	4.11%	2	2	93	93	0.0017887416879729845	1	1	139	61	7	2	-T
F4_BC64_191109_LF_LIB_consensus_vsearch	1817	C	*/+G	127	28	12.84%	2	1	93	93	9.752858467727302E-10	1	1	63	64	28	0	+G
F4_BC64_191109_LF_LIB_consensus_vsearch	1817	C	*/-A	127	57	26.15%	2	2	93	93	4.015907217292703E-20	1	1	63	64	56	1	-A
F4_BC64_191109_LF_LIB_consensus_vsearch	1818	A	*/-T	113	31	19.38%	2	2	93	93	7.620255299448843E-11	1	1	50	63	30	1	-T
F4_BC64_191109_LF_LIB_consensus_vsearch	1819	T	*/+G	113	11	5.95%	2	1	93	93	3.8731500401211E-4	1	1	49	64	11	0	+G
F4_BC64_191109_LF_LIB_consensus_vsearch	1826	G	*/-A	202	7	3.27%	2	1	93	93	0.007423793454516522	1	1	140	62	7	0	-A
F4_BC64_191109_LF_LIB_consensus_vsearch	1848	A	*/-C	205	12	5.45%	2	1	93	93	2.0882828978061456E-4	1	1	151	54	0	12	-C
F4_BC64_191109_LF_LIB_consensus_vsearch	1854	A	*/-C	182	31	14.16%	2	2	93	93	1.4353309721310144E-10	1	1	141	41	7	24	-C
F4_BC64_191109_LF_LIB_consensus_vsearch	1856	C	*/+A	206	7	3.18%	2	1	93	93	0.007431022745174962	1	1	143	63	7	0	+A
F4_BC64_191109_LF_LIB_consensus_vsearch	1861	G	*/-AG	202	12	5.43%	2	1	93	93	2.0835870377678545E-4	1	1	135	67	12	0	-AG
F4_BC64_191109_LF_LIB_consensus_vsearch	1862	A	*/-G	187	11	5.31%	2	2	93	93	4.2335130867721316E-4	1	1	122	65	10	1	-G
F4_BC64_191109_LF_LIB_consensus_vsearch	1874	T	*/+C	201	13	5.91%	2	1	93	93	1.0117417827629507E-4	1	1	135	66	13	0	+C
F4_BC64_191109_LF_LIB_consensus_vsearch	1882	C	*/-T	206	8	3.7%	2	2	93	93	0.0036546013500883302	1	1	143	63	6	2	-T
F4_BC64_191109_LF_LIB_consensus_vsearch	1884	T	*/-C	202	8	3.65%	2	2	93	93	0.0036498841327700354	1	1	138	64	6	2	-C
F4_BC64_191109_LF_LIB_consensus_vsearch	1903	C	*/+G	206	7	3.17%	2	1	93	93	0.007431022745174962	1	1	141	65	7	0	+G
F4_BC64_191109_LF_LIB_consensus_vsearch	1904	A	*/-G	208	7	3.18%	2	1	93	93	0.007434537497224064	1	1	142	66	7	0	-G
F4_BC64_191109_LF_LIB_consensus_vsearch	1918	T	*/+A	200	8	3.64%	2	1	93	93	0.003647458600901869	1	1	135	65	8	0	+A
F4_BC64_191109_LF_LIB_consensus_vsearch	1928	C	*/+T	209	7	3.18%	2	1	93	93	0.007436270701269745	1	1	150	59	0	7	+T
F4_BC64_191109_LF_LIB_consensus_vsearch	1929	T	*/+C	198	9	4.11%	2	1	93	93	0.0017871908399793336	1	1	140	58	9	0	+C
F4_BC64_191109_LF_LIB_consensus_vsearch	1930	C	*/-G	201	9	4.21%	2	1	93	93	0.0017895062981052791	1	1	151	50	0	9	-G
F4_BC64_191109_LF_LIB_consensus_vsearch	1938	G	*/+A	208	8	3.62%	2	1	93	93	0.0036568954742723925	1	1	142	66	8	0	+A
F4_BC64_191109_LF_LIB_consensus_vsearch	1939	G	*/+T	200	11	4.98%	2	1	93	93	4.27186182801716E-4	1	1	135	65	11	0	+T
F4_BC64_191109_LF_LIB_consensus_vsearch	1943	A	*/-C	176	31	14.42%	2	2	93	93	1.3833291099782788E-10	1	1	113	63	29	2	-C
F4_BC64_191109_LF_LIB_consensus_vsearch	1947	C	*/-A	178	11	5%	2	2	93	93	4.204021120137521E-4	1	1	138	40	8	3	-A
F4_BC64_191109_LF_LIB_consensus_vsearch	1961	A	*/-CA	193	21	9.63%	2	2	93	93	2.8475265963193784E-7	1	1	132	61	16	5	-CA
F4_BC64_191109_LF_LIB_consensus_vsearch	1969	C	*/-G	203	13	5.94%	2	2	93	93	1.0135552209744578E-4	1	1	144	59	7	6	-G
F4_BC64_191109_LF_LIB_consensus_vsearch	1973	T	*/-C	176	41	18.55%	2	2	93	93	5.638416977881887E-14	1	1	113	63	39	2	-C
F4_BC64_191109_LF_LIB_consensus_vsearch	1976	C	*/-GC	187	24	10.86%	2	1	93	93	2.980677010509384E-8	1	1	129	58	24	0	-GC
F4_BC64_191109_LF_LIB_consensus_vsearch	1981	C	*/-A	201	11	5.05%	2	1	93	93	4.274625226161483E-4	1	1	134	67	11	0	-A
F4_BC64_191109_LF_LIB_consensus_vsearch	1984	T	*/-C	201	16	7.27%	2	2	93	93	1.1454151088665753E-5	1	1	149	52	1	15	-C
F4_BC64_191109_LF_LIB_consensus_vsearch	1988	A	*/-G	204	9	4.15%	2	1	93	93	0.0017917580621936403	1	1	137	67	9	0	-G
F4_BC64_191109_LF_LIB_consensus_vsearch	1995	A	*/+G	99	88	40.93%	2	2	93	93	4.1011964655839966E-33	1	1	68	31	59	29	+G
F4_BC64_191109_LF_LIB_consensus_vsearch	1995	A	*/+GG	99	11	5.12%	2	2	93	93	3.7549812108327073E-4	1	1	68	31	7	4	+G
F4_BC64_191109_LF_LIB_consensus_vsearch	1998	G	*/-A	213	7	3.18%	2	1	93	93	0.007443047448823043	1	1	146	67	7	0	-A
F4_BC64_191109_LF_LIB_consensus_vsearch	2001	T	+C/+C	26	191	87.21%	2	2	93	93	3.871497317144571E-95	1	1	25	1	126	65	+C
F4_BC64_191109_LF_LIB_consensus_vsearch	2009	G	*/+T	197	10	4.59%	2	2	93	93	8.737377439902802E-4	1	1	137	60	9	1	+T
F4_BC64_191109_LF_LIB_consensus_vsearch	2013	C	*/-T	183	21	9.81%	2	2	93	93	2.7726883065169835E-7	1	1	136	47	12	9	-T
F4_BC64_191109_LF_LIB_consensus_vsearch	2035	G	*/-CT	208	9	4.09%	2	1	93	93	0.0017946657928001688	1	1	141	67	9	0	-CT
F4_BC64_191109_LF_LIB_consensus_vsearch	2054	T	*/+C	195	16	7.27%	2	1	93	93	1.1357537987418757E-5	1	1	128	67	16	0	+C
F4_BC64_191109_LF_LIB_consensus_vsearch	2058	A	*/+C	86	103	47.91%	2	2	93	93	3.2412556896092335E-40	1	1	69	17	60	43	+C
F4_BC64_191109_LF_LIB_consensus_vsearch	2058	A	*/+CC	86	8	3.72%	2	2	93	93	0.0033448100439043152	1	1	69	17	5	3	+C
F4_BC64_191109_LF_LIB_consensus_vsearch	2058	A	*/-C	86	10	4.65%	2	2	93	93	7.630733016589391E-4	1	1	69	17	8	2	-C
F4_BC64_191109_LF_LIB_consensus_vsearch	2061	C	*/+T	198	10	4.55%	2	2	93	93	8.74216242207188E-4	1	1	145	53	2	8	+T
F4_BC64_191109_LF_LIB_consensus_vsearch	2073	G	*/-CG	205	8	3.64%	2	2	93	93	0.0036534383902297935	1	1	146	59	1	7	-CG
F4_BC64_191109_LF_LIB_consensus_vsearch	2090	T	*/-C	177	31	14.09%	2	2	93	93	1.3920861453897108E-10	1	1	113	64	30	1	-C
F4_BC64_191109_LF_LIB_consensus_vsearch	2094	T	*/+A	194	7	3.24%	2	1	93	93	0.007408480654387502	1	1	142	52	7	0	+A
F4_BC64_191109_LF_LIB_consensus_vsearch	2094	T	*/-A	194	11	5.09%	2	2	93	93	4.2547401580496607E-4	1	1	142	52	3	8	-A
F4_BC64_191109_LF_LIB_consensus_vsearch	2108	T	*/-G	201	8	3.65%	2	2	93	93	0.003648677074969142	1	1	146	55	1	7	-G
F4_BC64_191109_LF_LIB_consensus_vsearch	2114	C	*/-A	207	7	3.17%	2	1	93	93	0.007432788253078562	1	1	144	63	7	0	-A
F4_BC64_191109_LF_LIB_consensus_vsearch	2116	C	*/+A	175	24	11.01%	2	1	93	93	2.851037277608188E-8	1	1	111	64	24	0	+A
F4_BC64_191109_LF_LIB_consensus_vsearch	2116	C	*/-G	175	9	4.13%	2	1	93	93	0.0017669987142516655	1	1	111	64	9	0	+A
F4_BC64_191109_LF_LIB_consensus_vsearch	2117	G	*/-A	178	26	12.32%	2	2	93	93	6.3670555946337175E-9	1	1	113	65	25	1	-A
F4_BC64_191109_LF_LIB_consensus_vsearch	2119	G	*/-C	204	8	3.7%	2	2	93	93	0.0036522646351654408	1	1	141	63	6	2	-C
F4_BC64_191109_LF_LIB_consensus_vsearch	2133	C	*/-A	198	13	5.91%	2	2	93	93	1.0089614904466718E-4	1	1	139	59	8	5	-A
F4_BC64_191109_LF_LIB_consensus_vsearch	2141	T	*/-C	201	8	3.72%	2	1	93	93	0.003648677074969142	1	1	150	51	0	8	-C
F4_BC64_191109_LF_LIB_consensus_vsearch	2142	C	*/-TC	182	22	10.53%	2	2	93	93	1.3111161759501132E-7	1	1	136	46	13	9	-TC
F4_BC64_191109_LF_LIB_consensus_vsearch	2152	G	*/-A	164	50	22.73%	2	2	93	93	3.458535363387373E-17	1	1	105	59	43	7	-A
F4_BC64_191109_LF_LIB_consensus_vsearch	2159	T	*/-C	207	9	4.15%	2	2	93	93	0.001793948723227531	1	1	148	59	5	4	-C
F4_BC64_191109_LF_LIB_consensus_vsearch	2166	T	*/+C	201	11	5.07%	2	1	93	93	4.274625226161483E-4	1	1	140	61	11	0	+C
F4_BC64_191109_LF_LIB_consensus_vsearch	2174	T	*/-A	199	7	3.18%	2	2	93	93	0.007418189114685095	1	1	135	64	6	1	-A
F4_BC64_191109_LF_LIB_consensus_vsearch	2176	G	*/+A	196	9	4.13%	2	1	93	93	0.001785610469261078	1	1	130	66	9	0	+A
F4_BC64_191109_LF_LIB_consensus_vsearch	2176	G	*/-A	196	7	3.21%	2	1	93	93	0.007412420836520295	1	1	130	66	7	0	+A
F4_BC64_191109_LF_LIB_consensus_vsearch	2180	A	*/-C	202	9	4.11%	2	2	93	93	0.0017902638323438202	1	1	142	60	3	6	-C
F4_BC64_191109_LF_LIB_consensus_vsearch	2202	C	*/-GC	207	7	3.23%	2	2	93	93	0.007432788253078562	1	1	144	63	6	1	-GC
F4_BC64_191109_LF_LIB_consensus_vsearch	2208	T	*/+A	184	8	3.72%	2	1	93	93	0.0036262674855563662	1	1	121	63	8	0	+A
F4_BC64_191109_LF_LIB_consensus_vsearch	2208	T	*/-A	184	10	4.65%	2	1	93	93	8.670842550026666E-4	1	1	121	63	10	0	-A
F4_BC64_191109_LF_LIB_consensus_vsearch	2210	A	*/-G	192	19	9%	2	1	93	93	1.2482898133299926E-6	1	1	126	66	19	0	-G
F4_BC64_191109_LF_LIB_consensus_vsearch	2212	A	*/-GA	205	7	3.2%	2	1	93	93	0.0074292407456773525	1	1	138	67	7	0	-GA
F4_BC64_191109_LF_LIB_consensus_vsearch	2221	T	*/-C	177	42	19.18%	2	2	93	93	2.581913818366105E-14	1	1	111	66	41	1	-C
F4_BC64_191109_LF_LIB_consensus_vsearch	2223	C	*/-A	152	42	19%	2	2	93	93	1.883614059890149E-14	1	1	98	54	36	6	-A
F4_BC64_191109_LF_LIB_consensus_vsearch	2223	C	*/-AA	152	13	5.88%	2	2	93	93	9.547506627427142E-5	1	1	98	54	12	1	-A
F4_BC64_191109_LF_LIB_consensus_vsearch	2228	G	*/+C	208	10	4.55%	2	1	93	93	8.787673881990181E-4	1	1	153	55	0	10	+C
F4_BC64_191109_LF_LIB_consensus_vsearch	2239	T	*/-C	147	61	28.37%	2	2	93	93	2.4583771812646943E-21	1	1	110	37	39	22	-C
F4_BC64_191109_LF_LIB_consensus_vsearch	2242	G	*/-A	206	9	4.15%	2	2	93	93	0.001793225137980622	1	1	145	61	8	1	-A
F4_BC64_191109_LF_LIB_consensus_vsearch	2245	C	*/-T	208	8	3.64%	2	1	93	93	0.0036568954742723925	1	1	150	58	0	8	-T
F4_BC64_191109_LF_LIB_consensus_vsearch	2246	T	*/+C	186	14	6.64%	2	2	93	93	4.822879642891894E-5	1	1	137	49	13	1	+C
F4_BC64_191109_LF_LIB_consensus_vsearch	2247	C	*/-G	204	7	3.26%	2	2	93	93	0.007427442022474603	1	1	149	55	1	6	-G
F4_BC64_191109_LF_LIB_consensus_vsearch	2249	G	*/+A	210	7	3.18%	2	1	93	93	0.007437988084800957	1	1	143	67	7	0	+A
F4_BC64_191109_LF_LIB_consensus_vsearch	2250	G	*/-T	207	9	4.09%	2	2	93	93	0.001793948723227531	1	1	152	55	1	8	-T
F4_BC64_191109_LF_LIB_consensus_vsearch	2252	C	*/-TT	204	7	3.18%	2	2	93	93	0.007427442022474603	1	1	150	54	1	6	-TT
F4_BC64_191109_LF_LIB_consensus_vsearch	2260	A	*/-G	148	52	24.53%	2	2	93	93	4.874603812027903E-18	1	1	88	60	51	1	-G
F4_BC64_191109_LF_LIB_consensus_vsearch	2262	G	*/+A	174	18	8.53%	2	2	93	93	2.512406240593967E-6	1	1	110	64	17	1	+A
F4_BC64_191109_LF_LIB_consensus_vsearch	2262	G	*/-A	174	10	4.74%	2	1	93	93	8.613503481727668E-4	1	1	110	64	10	0	+A
F4_BC64_191109_LF_LIB_consensus_vsearch	2269	T	*/-C	165	14	6.57%	2	2	93	93	4.686317044849749E-5	1	1	112	53	7	7	-C
F4_BC64_191109_LF_LIB_consensus_vsearch	2269	T	*/-CC	165	28	13.15%	2	1	93	93	1.296563625802569E-9	1	1	112	53	28	0	-CC
F4_BC64_191109_LF_LIB_consensus_vsearch	2273	G	*/-A	197	9	4.11%	2	2	93	93	0.0017864043973660122	1	1	133	64	8	1	-A
F4_BC64_191109_LF_LIB_consensus_vsearch	2275	A	*/-G	202	9	4.19%	2	1	93	93	0.0017902638323438202	1	1	137	65	9	0	-G
F4_BC64_191109_LF_LIB_consensus_vsearch	2292	C	*/-A	197	11	5%	2	2	93	93	4.263419112240475E-4	1	1	143	54	10	1	-A
F4_BC64_191109_LF_LIB_consensus_vsearch	2295	A	*/+G	39	107	48.64%	2	2	93	93	4.633451012219742E-47	1	1	33	6	70	37	+G
F4_BC64_191109_LF_LIB_consensus_vsearch	2295	A	*/+GG	39	8	3.64%	2	1	93	93	0.002824932084658956	1	1	33	6	8	0	+G
F4_BC64_191109_LF_LIB_consensus_vsearch	2295	A	*/-G	39	11	5%	2	2	93	93	2.6374207670482627E-4	1	1	33	6	2	9	-G
F4_BC64_191109_LF_LIB_consensus_vsearch	2308	G	*/-C	211	8	3.62%	2	1	93	93	0.0036602593149509337	1	1	144	67	8	0	-C
F4_BC64_191109_LF_LIB_consensus_vsearch	2313	A	*/-T	207	9	4.11%	2	2	93	93	0.001793948723227531	1	1	141	66	8	1	-T
F4_BC64_191109_LF_LIB_consensus_vsearch	2316	A	*/+G	166	16	7.44%	2	2	93	93	1.0812577386491999E-5	1	1	134	32	3	13	+G
F4_BC64_191109_LF_LIB_consensus_vsearch	2316	A	*/-G	166	21	9.77%	2	2	93	93	2.6316563117976456E-7	1	1	134	32	3	18	-G
F4_BC64_191109_LF_LIB_consensus_vsearch	2371	T	*/+G	200	9	4.21%	2	1	93	93	0.0017887416879729845	1	1	145	55	0	9	+G
F4_BC64_191109_LF_LIB_consensus_vsearch	2373	C	*/-GC	191	11	5.14%	2	2	93	93	4.245814926811591E-4	1	1	138	53	9	2	-GC
F4_BC64_191109_LF_LIB_consensus_vsearch	2379	A	*/-CA	189	21	9.68%	2	1	93	93	2.818254776251494E-7	1	1	123	66	21	0	-CA
F4_BC64_191109_LF_LIB_consensus_vsearch	2391	C	*/+A	208	8	3.64%	2	1	93	93	0.0036568954742723925	1	1	141	67	8	0	+A
F4_BC64_191109_LF_LIB_consensus_vsearch	2395	A	*/-T	203	12	5.45%	2	1	93	93	2.0851661109317314E-4	1	1	138	65	12	0	-T
F4_BC64_191109_LF_LIB_consensus_vsearch	2421	G	*/-TG	202	11	5%	2	1	93	93	4.2773637746469634E-4	1	1	148	54	0	11	-TG
F4_BC64_191109_LF_LIB_consensus_vsearch	2425	C	*/+A	184	11	5.05%	2	2	93	93	4.223970856632319E-4	1	1	124	60	10	1	+A
F4_BC64_191109_LF_LIB_consensus_vsearch	2425	C	*/-A	184	13	5.96%	2	2	93	93	9.949475485699823E-5	1	1	124	60	12	1	-A
F4_BC64_191109_LF_LIB_consensus_vsearch	2427	A	*/-G	174	31	14.29%	2	2	93	93	1.3657065372720783E-10	1	1	128	46	17	14	-G
F4_BC64_191109_LF_LIB_consensus_vsearch	2432	T	*/-C	177	36	16.44%	2	1	93	93	2.8926698255163892E-12	1	1	111	66	36	0	-C
F4_BC64_191109_LF_LIB_consensus_vsearch	2449	T	*/-A	183	25	11.36%	2	2	93	93	1.3843327113842039E-8	1	1	131	52	14	11	-A
F4_BC64_191109_LF_LIB_consensus_vsearch	2455	G	*/-T	203	9	4.13%	2	1	93	93	0.0017910143883990014	1	1	136	67	9	0	-T
F4_BC64_191109_LF_LIB_consensus_vsearch	2474	T	*/+C	191	13	5.91%	2	2	93	93	1.0021782040526559E-4	1	1	135	56	9	4	+C
F4_BC64_191109_LF_LIB_consensus_vsearch	2474	T	*/-C	191	13	5.91%	2	2	93	93	1.0021782040526559E-4	1	1	135	56	8	5	+C
F4_BC64_191109_LF_LIB_consensus_vsearch	2475	C	*/-A	195	10	4.83%	2	1	93	93	8.72767211907752E-4	1	1	134	61	10	0	-A
F4_BC64_191109_LF_LIB_consensus_vsearch	2500	G	*/-TG	193	14	6.39%	2	2	93	93	4.862760706844154E-5	1	1	141	52	3	11	-TG
F4_BC64_191109_LF_LIB_consensus_vsearch	2505	T	*/-C	175	25	11.57%	2	2	93	93	1.339773156771226E-8	1	1	124	51	24	1	-C
F4_BC64_191109_LF_LIB_consensus_vsearch	2505	T	*/-CC	175	10	4.63%	2	1	93	93	8.619505923183497E-4	1	1	124	51	0	10	-C
F4_BC64_191109_LF_LIB_consensus_vsearch	2507	C	*/-A	172	15	7.18%	2	2	93	93	2.2786128332551297E-5	1	1	126	46	13	2	-A
F4_BC64_191109_LF_LIB_consensus_vsearch	2511	G	*/-AG	204	8	3.64%	2	1	93	93	0.0036522646351654408	1	1	137	67	8	0	-AG
F4_BC64_191109_LF_LIB_consensus_vsearch	2512	A	*/-G	187	18	8.78%	2	1	93	93	2.582928613336354E-6	1	1	120	67	18	0	-G
F4_BC64_191109_LF_LIB_consensus_vsearch	2513	G	*/+A	178	10	5.21%	2	1	93	93	8.637144208672183E-4	1	1	114	64	10	0	+A
F4_BC64_191109_LF_LIB_consensus_vsearch	2533	G	*/-T	202	9	4.13%	2	2	93	93	0.0017902638323438202	1	1	138	64	6	3	-T
F4_BC64_191109_LF_LIB_consensus_vsearch	2538	A	*/-C	178	36	16.29%	2	2	93	93	2.916646643006454E-12	1	1	147	31	1	35	-C
F4_BC64_191109_LF_LIB_consensus_vsearch	2541	T	*/+C	207	7	3.23%	2	1	93	93	0.007432788253078562	1	1	145	62	7	0	+C
F4_BC64_191109_LF_LIB_consensus_vsearch	2549	A	*/+G	96	97	45.54%	2	2	93	93	4.785634484951122E-37	1	1	84	12	51	46	+G
F4_BC64_191109_LF_LIB_consensus_vsearch	2549	A	*/-G	96	11	5.16%	2	2	93	93	3.7259914414660913E-4	1	1	84	12	7	4	+G
F4_BC64_191109_LF_LIB_consensus_vsearch	2555	G	*/-T	195	18	8.18%	2	2	93	93	2.622705226031456E-6	1	1	133	62	15	3	-T
F4_BC64_191109_LF_LIB_consensus_vsearch	2566	A	*/-C	198	11	5.07%	2	1	93	93	4.2662591196418204E-4	1	1	132	66	11	0	-C
F4_BC64_191109_LF_LIB_consensus_vsearch	2583	T	*/-C	196	20	9.05%	2	1	93	93	6.015714107611032E-7	1	1	131	65	20	0	-C
F4_BC64_191109_LF_LIB_consensus_vsearch	2585	C	*/-T	202	15	6.82%	2	1	93	93	2.375885795125084E-5	1	1	135	67	15	0	-T
F4_BC64_191109_LF_LIB_consensus_vsearch	2609	C	*/-A	196	12	5.45%	2	1	93	93	2.0738112718811548E-4	1	1	131	65	12	0	-A
F4_BC64_191109_LF_LIB_consensus_vsearch	2620	A	*/-CTA	195	9	4.09%	2	2	93	93	0.0017848089483517727	1	1	134	61	5	4	-CTA
F4_BC64_191109_LF_LIB_consensus_vsearch	2627	T	*/+GAT	210	8	3.64%	2	1	93	93	0.0036591481612605	1	1	143	67	8	0	+GAT
F4_BC64_191109_LF_LIB_consensus_vsearch	2631	T	*/+C	203	7	3.17%	2	1	93	93	0.007425626339083171	1	1	136	67	7	0	+C
F4_BC64_191109_LF_LIB_consensus_vsearch	2631	T	*/-C	203	7	3.17%	2	1	93	93	0.007425626339083171	1	1	136	67	7	0	+C
F4_BC64_191109_LF_LIB_consensus_vsearch	2647	C	*/-G	195	15	6.85%	2	2	93	93	2.3554302919744083E-5	1	1	136	59	12	3	-G
F4_BC64_191109_LF_LIB_consensus_vsearch	2652	A	*/-C	207	8	3.64%	2	2	93	93	0.003655753662936563	1	1	143	64	7	1	-C
F4_BC64_191109_LF_LIB_consensus_vsearch	2654	C	*/+T	193	11	4.98%	2	2	93	93	4.251792957023273E-4	1	1	137	56	5	6	+T
F4_BC64_191109_LF_LIB_consensus_vsearch	2667	G	*/-TA	195	11	5.16%	2	2	93	93	4.2576599996950053E-4	1	1	133	62	10	1	-TA
F4_BC64_191109_LF_LIB_consensus_vsearch	2672	T	*/-C	205	8	3.62%	2	2	93	93	0.0036534383902297935	1	1	150	55	2	6	-C
F4_BC64_191109_LF_LIB_consensus_vsearch	2675	T	*/+C	198	9	4.23%	2	1	93	93	0.0017871908399793336	1	1	140	58	9	0	+C
F4_BC64_191109_LF_LIB_consensus_vsearch	2692	G	*/-A	193	13	6.07%	2	2	93	93	1.0041600859633792E-4	1	1	137	56	10	3	-A
F4_BC64_191109_LF_LIB_consensus_vsearch	2694	A	*/-G	198	10	4.69%	2	2	93	93	8.74216242207188E-4	1	1	141	57	8	2	-G
F4_BC64_191109_LF_LIB_consensus_vsearch	2700	T	*/-C	204	9	4.07%	2	2	93	93	0.0017917580621936403	1	1	150	54	1	8	-C
F4_BC64_191109_LF_LIB_consensus_vsearch	2702	G	*/-C	171	33	15.07%	2	2	93	93	2.848224942440517E-11	1	1	111	60	29	4	-C
F4_BC64_191109_LF_LIB_consensus_vsearch	2709	A	*/-T	205	12	5.48%	2	2	93	93	2.0882828978061456E-4	1	1	150	55	1	11	-T
F4_BC64_191109_LF_LIB_consensus_vsearch	2733	G	*/+C	139	9	4.23%	2	1	93	93	0.0017232214177345935	1	1	106	33	9	0	+C
F4_BC64_191109_LF_LIB_consensus_vsearch	2733	G	*/-C	139	51	23.94%	2	2	93	93	9.127063738954105E-18	1	1	106	33	21	30	-C
F4_BC64_191109_LF_LIB_consensus_vsearch	2733	G	*/-CG	139	8	3.76%	2	2	93	93	0.0035425109284445205	1	1	106	33	7	1	-C
F4_BC64_191109_LF_LIB_consensus_vsearch	2736	G	*/+A	60	100	45.45%	2	2	93	93	6.115247788859888E-41	1	1	49	11	75	25	+A
F4_BC64_191109_LF_LIB_consensus_vsearch	2739	T	*/+C	41	160	73.39%	2	2	93	93	1.0891113483966915E-73	1	1	34	7	109	51	+C
F4_BC64_191109_LF_LIB_consensus_vsearch	2739	T	*/+CC	41	7	3.21%	2	1	93	93	0.006177354055113364	1	1	34	7	7	0	+C
F4_BC64_191109_LF_LIB_consensus_vsearch	2742	A	*/-C	88	79	36.74%	2	2	93	93	7.869631655004178E-30	1	1	74	14	50	29	-C
F4_BC64_191109_LF_LIB_consensus_vsearch	2742	A	*/-CC	88	36	16.74%	2	2	93	93	7.40144408143876E-13	1	1	74	14	13	23	-C
F4_BC64_191109_LF_LIB_consensus_vsearch	2753	G	*/-A	202	8	3.7%	2	1	93	93	0.0036498841327700354	1	1	137	65	8	0	-A
F4_BC64_191109_LF_LIB_consensus_vsearch	2764	T	*/+C	196	14	6.33%	2	1	93	93	4.879105604804982E-5	1	1	131	65	14	0	+C
F4_BC64_191109_LF_LIB_consensus_vsearch	2764	T	*/+CC	196	8	3.62%	2	1	93	93	0.0036424672415343016	1	1	131	65	8	0	+C
F4_BC64_191109_LF_LIB_consensus_vsearch	2777	C	*/-G	208	8	3.64%	2	2	93	93	0.0036568954742723925	1	1	149	59	3	5	-G
F4_BC64_191109_LF_LIB_consensus_vsearch	2781	C	*/+A	198	23	10.41%	2	1	93	93	6.520220361141492E-8	1	1	131	67	23	0	+A
F4_BC64_191109_LF_LIB_consensus_vsearch	2782	G	*/+T	184	23	10.41%	2	1	93	93	6.244544295921632E-8	1	1	119	65	23	0	+T
F4_BC64_191109_LF_LIB_consensus_vsearch	2786	T	*/+GT	79	130	59.09%	2	2	93	93	6.046528578090706E-53	1	1	56	23	88	42	+GT
F4_BC64_191109_LF_LIB_consensus_vsearch	2788	C	*/+A	84	124	56.62%	2	2	93	93	9.69387923147345E-50	1	1	81	3	66	58	+A
F4_BC64_191109_LF_LIB_consensus_vsearch	2795	A	*/+G	147	18	8.29%	2	2	93	93	2.3373236979351213E-6	1	1	115	32	12	6	+G
F4_BC64_191109_LF_LIB_consensus_vsearch	2795	A	*/-G	147	37	17.05%	2	2	93	93	9.71855532935342E-13	1	1	115	32	10	27	-G
F4_BC64_191109_LF_LIB_consensus_vsearch	2812	G	*/-A	206	7	3.27%	2	1	93	93	0.007431022745174962	1	1	143	63	7	0	-A
F4_BC64_191109_LF_LIB_consensus_vsearch	2823	T	*/-C	205	8	3.67%	2	1	93	93	0.0036534383902297935	1	1	149	56	0	8	-C
F4_BC64_191109_LF_LIB_consensus_vsearch	2827	G	*/-A	210	8	3.62%	2	1	93	93	0.0036591481612605	1	1	144	66	8	0	-A
F4_BC64_191109_LF_LIB_consensus_vsearch	2834	A	*/-G	205	8	3.62%	2	1	93	93	0.0036534383902297935	1	1	141	64	8	0	-G
F4_BC64_191109_LF_LIB_consensus_vsearch	2848	C	*/-A	206	9	4.11%	2	1	93	93	0.001793225137980622	1	1	139	67	9	0	-A
F4_BC64_191109_LF_LIB_consensus_vsearch	2851	G	*/-A	211	8	3.64%	2	1	93	93	0.0036602593149509337	1	1	145	66	8	0	-A
F4_BC64_191109_LF_LIB_consensus_vsearch	2860	T	*/-C	200	15	6.79%	2	1	93	93	2.3701643162627867E-5	1	1	135	65	15	0	-C
F4_BC64_191109_LF_LIB_consensus_vsearch	2872	T	*/-C	177	36	16.36%	2	2	93	93	2.8926698255163892E-12	1	1	123	54	24	12	-C
F4_BC64_191109_LF_LIB_consensus_vsearch	2882	G	*/-A	210	8	3.67%	2	1	93	93	0.0036591481612605	1	1	143	67	8	0	-A
F4_BC64_191109_LF_LIB_consensus_vsearch	2888	G	*/-C	202	9	4.15%	2	2	93	93	0.0017902638323438202	1	1	147	55	1	8	-C
F4_BC64_191109_LF_LIB_consensus_vsearch	2892	C	*/-A	205	9	4.17%	2	1	93	93	0.0017924949478988227	1	1	143	62	9	0	-A
F4_BC64_191109_LF_LIB_consensus_vsearch	2895	A	*/-G	188	8	3.67%	2	2	93	93	0.0036318839680821967	1	1	131	57	2	6	-G
F4_BC64_191109_LF_LIB_consensus_vsearch	2906	G	*/-C	200	9	4.17%	2	2	93	93	0.0017887416879729845	1	1	142	58	4	5	-C
F4_BC64_191109_LF_LIB_consensus_vsearch	2910	T	*/-C	205	10	4.63%	2	2	93	93	8.774450793915666E-4	1	1	150	55	1	9	-C
F4_BC64_191109_LF_LIB_consensus_vsearch	2911	C	*/-T	181	9	4.29%	2	2	93	93	0.0017727250885016482	1	1	137	44	4	5	-T
F4_BC64_191109_LF_LIB_consensus_vsearch	2911	C	*/-TC	181	18	8.57%	2	2	93	93	2.5513375306020147E-6	1	1	137	44	12	6	-TC
F4_BC64_191109_LF_LIB_consensus_vsearch	2912	T	*/+C	171	8	4.17%	2	1	93	93	0.003606313464294743	1	1	121	50	8	0	+C
F4_BC64_191109_LF_LIB_consensus_vsearch	2918	T	*/-A	200	7	3.21%	2	1	93	93	0.007420075094973923	1	1	137	63	7	0	-A
F4_BC64_191109_LF_LIB_consensus_vsearch	2927	G	*/-C	200	17	7.8%	2	1	93	93	5.507857341679661E-6	1	1	134	66	17	0	-C
F4_BC64_191109_LF_LIB_consensus_vsearch	2941	T	*/+C	210	8	3.62%	2	1	93	93	0.0036591481612605	1	1	143	67	8	0	+C
F4_BC64_191109_LF_LIB_consensus_vsearch	2950	C	*/+T	184	7	3.33%	2	1	93	93	0.007387555568979833	1	1	128	56	7	0	+T
F4_BC64_191109_LF_LIB_consensus_vsearch	2953	G	*/-CG	155	42	19.91%	2	2	93	93	1.965581914790205E-14	1	1	107	48	30	12	-CG
F4_BC64_191109_LF_LIB_consensus_vsearch	2955	G	*/+A	151	8	4.71%	2	1	93	93	0.003569381041008898	1	1	102	49	8	0	+A
F4_BC64_191109_LF_LIB_consensus_vsearch	2960	G	*/-C	191	8	3.7%	2	1	93	93	0.0036359507017874977	1	1	126	65	8	0	-C
F4_BC64_191109_LF_LIB_consensus_vsearch	2972	T	*/+A	198	15	6.82%	2	1	93	93	2.3643457204170923E-5	1	1	135	63	15	0	+A
F4_BC64_191109_LF_LIB_consensus_vsearch	2974	A	*/-G	201	7	3.17%	2	2	93	93	0.007421943123229272	1	1	142	59	4	3	-G
F4_BC64_191109_LF_LIB_consensus_vsearch	2992	T	*/-A	196	16	7.27%	2	1	93	93	1.137397674554477E-5	1	1	131	65	16	0	-A
F4_BC64_191109_LF_LIB_consensus_vsearch	2996	G	*/-C	197	10	4.65%	2	2	93	93	8.737377439902802E-4	1	1	140	57	4	6	-C
F4_BC64_191109_LF_LIB_consensus_vsearch	2998	C	*/-A	190	16	7.31%	2	2	93	93	1.1273230453731282E-5	1	1	144	46	4	12	-A
F4_BC64_191109_LF_LIB_consensus_vsearch	3000	A	*/-G	200	12	5.53%	2	2	93	93	2.0803866112796158E-4	1	1	148	52	3	9	-G
F4_BC64_191109_LF_LIB_consensus_vsearch	3006	T	*/-C	200	8	3.69%	2	2	93	93	0.003647458600901869	1	1	141	59	6	2	-C
F4_BC64_191109_LF_LIB_consensus_vsearch	3008	C	*/-AC	205	9	4.09%	2	1	93	93	0.0017924949478988227	1	1	141	64	9	0	-AC
F4_BC64_191109_LF_LIB_consensus_vsearch	3011	G	*/-C	202	10	4.52%	2	2	93	93	8.760865562530377E-4	1	1	145	57	5	5	-C
F4_BC64_191109_LF_LIB_consensus_vsearch	3014	C	*/-T	191	24	10.86%	2	2	93	93	3.0216532806748016E-8	1	1	145	46	6	18	-T
F4_BC64_191109_LF_LIB_consensus_vsearch	3018	A	*/-C	210	8	3.62%	2	2	93	93	0.0036591481612605	1	1	146	64	5	3	-C
F4_BC64_191109_LF_LIB_consensus_vsearch	3020	C	*/-G	200	9	4.07%	2	2	93	93	0.0017887416879729845	1	1	147	53	5	4	-G
F4_BC64_191109_LF_LIB_consensus_vsearch	3030	T	*/+C	177	10	4.55%	2	1	93	93	8.631325337656354E-4	1	1	116	61	10	0	+C
F4_BC64_191109_LF_LIB_consensus_vsearch	3030	T	*/-C	177	18	8.18%	2	2	93	93	2.5293761571789134E-6	1	1	116	61	15	3	-C
F4_BC64_191109_LF_LIB_consensus_vsearch	3030	T	*/-CC	177	11	5%	2	2	93	93	4.200578330993431E-4	1	1	116	61	10	1	-C
F4_BC64_191109_LF_LIB_consensus_vsearch	3034	C	*/-A	171	8	3.64%	2	2	93	93	0.003606313464294743	1	1	118	53	4	4	-A
F4_BC64_191109_LF_LIB_consensus_vsearch	3041	C	*/-A	185	20	9.26%	2	2	93	93	5.861437381195238E-7	1	1	128	57	19	1	-A
F4_BC64_191109_LF_LIB_consensus_vsearch	3047	G	*/-A	195	13	6.05%	2	1	93	93	1.0061064586351875E-4	1	1	132	63	13	0	-A
F4_BC64_191109_LF_LIB_consensus_vsearch	3053	C	*/-GCC	202	13	5.88%	2	2	93	93	1.0126524414330837E-4	1	1	147	55	4	9	-GCC
F4_BC64_191109_LF_LIB_consensus_vsearch	3054	G	*/-C	188	13	6.37%	2	2	93	93	9.991366545768514E-5	1	1	138	50	7	6	-C
F4_BC64_191109_LF_LIB_consensus_vsearch	3057	C	*/-TC	203	11	5.02%	2	1	93	93	4.280077806644155E-4	1	1	151	52	0	11	-TC
F4_BC64_191109_LF_LIB_consensus_vsearch	3059	C	*/-G	176	21	10%	2	1	93	93	2.7168534922717327E-7	1	1	122	54	21	0	-G
F4_BC64_191109_LF_LIB_consensus_vsearch	3060	G	*/-A	181	9	4.52%	2	1	93	93	0.0017727250885016482	1	1	115	66	9	0	-A
F4_BC64_191109_LF_LIB_consensus_vsearch	3063	G	*/+C	154	12	5.63%	2	1	93	93	1.9869530662687383E-4	1	1	93	61	12	0	+C
F4_BC64_191109_LF_LIB_consensus_vsearch	3063	G	*/-C	154	25	11.74%	2	2	93	93	1.211237425729223E-8	1	1	93	61	20	5	-C
F4_BC64_191109_LF_LIB_consensus_vsearch	3067	C	*/-A	187	12	5.43%	2	1	93	93	2.0581058583041666E-4	1	1	125	62	12	0	-A
F4_BC64_191109_LF_LIB_consensus_vsearch	3077	G	*/-A	196	15	6.85%	2	1	93	93	2.358427531063154E-5	1	1	130	66	15	0	-A
F4_BC64_191109_LF_LIB_consensus_vsearch	3078	A	*/-G	96	46	22.77%	2	2	93	93	1.8044884547302256E-16	1	1	33	63	43	3	-G
F4_BC64_191109_LF_LIB_consensus_vsearch	3078	A	*/-GG	96	8	3.96%	2	1	93	93	0.0033970091765190653	1	1	33	63	8	0	-G
F4_BC64_191109_LF_LIB_consensus_vsearch	3078	A	*/-GGGA	96	45	22.28%	2	1	93	93	4.291346493179605E-16	1	1	33	63	45	0	-GGGA
F4_BC64_191109_LF_LIB_consensus_vsearch	3093	A	*/-C	194	12	5.43%	2	1	93	93	2.070433166935576E-4	1	1	127	67	12	0	-C
F4_BC64_191109_LF_LIB_consensus_vsearch	3095	C	*/-T	183	9	4.09%	2	2	93	93	0.0017745564291022078	1	1	127	56	3	6	-T
F4_BC64_191109_LF_LIB_consensus_vsearch	3095	C	*/-TT	183	19	8.64%	2	2	93	93	1.223804948400246E-6	1	1	127	56	18	1	-TT
F4_BC64_191109_LF_LIB_consensus_vsearch	3099	G	*/+A	212	7	3.17%	2	1	93	93	0.00744137624879223	1	1	145	67	7	0	+A
F4_BC64_191109_LF_LIB_consensus_vsearch	3140	A	*/+C	171	7	3.2%	2	2	93	93	0.007356879467164792	1	1	111	60	4	3	+C
F4_BC64_191109_LF_LIB_consensus_vsearch	3140	A	*/-C	171	35	15.98%	2	2	93	93	6.004520878187821E-12	1	1	111	60	33	2	-C
F4_BC64_191109_LF_LIB_consensus_vsearch	3165	C	*/-AC	201	8	3.7%	2	1	93	93	0.003648677074969142	1	1	138	63	8	0	-AC
F4_BC64_191109_LF_LIB_consensus_vsearch	3173	C	*/+T	199	7	3.38%	2	1	93	93	0.007418189114685095	1	1	140	59	0	7	+T
F4_BC64_191109_LF_LIB_consensus_vsearch	3186	G	*/-A	203	17	7.69%	2	2	93	93	5.533354906074952E-6	1	1	137	66	16	1	-A
F4_BC64_191109_LF_LIB_consensus_vsearch	3209	T	*/+C	150	21	9.77%	2	1	93	93	2.480289251016574E-7	1	1	89	61	21	0	+C
F4_BC64_191109_LF_LIB_consensus_vsearch	3209	T	*/-C	150	42	19.53%	2	1	93	93	1.8293482451045824E-14	1	1	89	61	42	0	-C
F4_BC64_191109_LF_LIB_consensus_vsearch	3224	G	*/-C	195	18	8.29%	2	1	93	93	2.622705226031456E-6	1	1	129	66	18	0	-C
F4_BC64_191109_LF_LIB_consensus_vsearch	3229	G	*/+A	192	11	5.14%	2	1	93	93	4.248818010929111E-4	1	1	131	61	11	0	+A
F4_BC64_191109_LF_LIB_consensus_vsearch	3231	T	*/+A	205	8	3.69%	2	1	93	93	0.0036534383902297935	1	1	144	61	8	0	+A
F4_BC64_191109_LF_LIB_consensus_vsearch	3232	G	*/-A	202	9	4.15%	2	1	93	93	0.0017902638323438202	1	1	141	61	9	0	-A
F4_BC64_191109_LF_LIB_consensus_vsearch	3237	T	*/-C	167	42	19.27%	2	2	93	93	2.299078694208973E-14	1	1	128	39	20	22	-C
F4_BC64_191109_LF_LIB_consensus_vsearch	3246	T	*/+G	200	8	3.64%	2	2	93	93	0.003647458600901869	1	1	137	63	7	1	+G
F4_BC64_191109_LF_LIB_consensus_vsearch	3251	C	*/-A	207	7	3.17%	2	2	93	93	0.007432788253078562	1	1	150	57	1	6	-A
F4_BC64_191109_LF_LIB_consensus_vsearch	3256	T	*/-A	182	7	3.2%	2	2	93	93	0.007383107786177688	1	1	146	36	3	4	-A
F4_BC64_191109_LF_LIB_consensus_vsearch	3256	T	*/-AA	182	23	10.5%	2	1	93	93	6.202957947344825E-8	1	1	146	36	0	23	-AA
F4_BC64_191109_LF_LIB_consensus_vsearch	3268	T	-C/-C	22	194	88.58%	2	2	93	93	1.479794688725196E-98	1	1	20	2	132	62	-C
F4_BC64_191109_LF_LIB_consensus_vsearch	3271	C	*/-A	181	35	15.84%	2	1	93	93	6.5021459351427536E-12	1	1	117	64	35	0	-A
F4_BC64_191109_LF_LIB_consensus_vsearch	3273	C	+G/+G	10	167	78.04%	2	2	93	93	7.253998634286296E-90	1	1	9	1	102	65	+G
F4_BC64_191109_LF_LIB_consensus_vsearch	3278	G	-T/-T	31	179	81.74%	2	2	93	93	1.0693657684278657E-86	1	1	29	2	116	63	-T
F4_BC64_191109_LF_LIB_consensus_vsearch	3278	G	*/-TT	31	7	3.2%	2	1	93	93	0.0057727185027981525	1	1	29	2	7	0	-T
F4_BC64_191109_LF_LIB_consensus_vsearch	3280	T	*/+A	181	22	10.38%	2	1	93	93	1.3070401671130853E-7	1	1	124	57	22	0	+A
F4_BC64_191109_LF_LIB_consensus_vsearch	3281	T	*/-G	192	22	10.05%	2	1	93	93	1.3503013098022896E-7	1	1	127	65	22	0	-G
F4_BC64_191109_LF_LIB_consensus_vsearch	3284	G	*/+C	187	9	4.11%	2	2	93	93	0.001778109859374632	1	1	130	57	2	7	+C
F4_BC64_191109_LF_LIB_consensus_vsearch	3284	G	*/-C	187	19	8.68%	2	2	93	93	1.2349038260840205E-6	1	1	130	57	17	2	-C
F4_BC64_191109_LF_LIB_consensus_vsearch	3300	C	*/-T	196	9	4.11%	2	2	93	93	0.001785610469261078	1	1	140	56	2	7	-T
F4_BC64_191109_LF_LIB_consensus_vsearch	3303	T	*/+A	193	8	3.67%	2	1	93	93	0.003638595561901328	1	1	135	58	8	0	+A
F4_BC64_191109_LF_LIB_consensus_vsearch	3326	C	*/+T	196	9	4.13%	2	1	93	93	0.001785610469261078	1	1	150	46	0	9	+T
F4_BC64_191109_LF_LIB_consensus_vsearch	3327	T	*/+C	133	20	9.22%	2	2	93	93	4.910938966137517E-7	1	1	89	44	17	3	+C
F4_BC64_191109_LF_LIB_consensus_vsearch	3327	T	*/-C	133	47	21.66%	2	2	93	93	2.2311842737315585E-16	1	1	89	44	40	7	-C
F4_BC64_191109_LF_LIB_consensus_vsearch	3327	T	*/-CC	133	8	3.69%	2	2	93	93	0.0035274029490243563	1	1	89	44	4	4	-C
F4_BC64_191109_LF_LIB_consensus_vsearch	3334	G	*/-A	196	16	7.44%	2	1	93	93	1.137397674554477E-5	1	1	130	66	16	0	-A
F4_BC64_191109_LF_LIB_consensus_vsearch	3337	T	*/+C	61	156	70.59%	2	2	93	93	1.1455544313625726E-67	1	1	59	2	92	64	+C
F4_BC64_191109_LF_LIB_consensus_vsearch	3341	A	+G/+G	8	180	81.45%	2	2	93	93	7.384880123005714E-99	1	1	6	2	116	64	+G
F4_BC64_191109_LF_LIB_consensus_vsearch	3344	T	*/+C	172	24	10.96%	2	1	93	93	2.81696247606528E-8	1	1	124	48	24	0	+C
F4_BC64_191109_LF_LIB_consensus_vsearch	3344	T	*/-C	172	16	7.31%	2	1	93	93	1.0937341599623022E-5	1	1	124	48	0	16	+C
F4_BC64_191109_LF_LIB_consensus_vsearch	3345	C	*/-T	195	7	3.41%	2	2	93	93	0.007410460397262536	1	1	151	44	1	6	-T
F4_BC64_191109_LF_LIB_consensus_vsearch	3346	T	*/+G	182	7	3.29%	2	1	93	93	0.007383107786177688	1	1	137	45	7	0	+G
F4_BC64_191109_LF_LIB_consensus_vsearch	3346	T	*/-A	182	17	7.98%	2	2	93	93	5.340986808569128E-6	1	1	137	45	3	14	-A
F4_BC64_191109_LF_LIB_consensus_vsearch	3348	A	*/-T	205	9	4.09%	2	2	93	93	0.0017924949478988227	1	1	152	53	1	8	-T
F4_BC64_191109_LF_LIB_consensus_vsearch	3352	C	*/-T	211	7	3.2%	2	2	93	93	0.007439689863414905	1	1	151	60	3	4	-T
F4_BC64_191109_LF_LIB_consensus_vsearch	3355	T	*/-A	205	8	3.64%	2	1	93	93	0.0036534383902297935	1	1	140	65	8	0	-A
F4_BC64_191109_LF_LIB_consensus_vsearch	3359	C	*/-T	210	7	3.17%	2	1	93	93	0.007437988084800957	1	1	151	59	0	7	-T
F4_BC64_191109_LF_LIB_consensus_vsearch	3360	T	*/+C	185	8	3.76%	2	2	93	93	0.003627693045256358	1	1	133	52	5	3	+C
F4_BC64_191109_LF_LIB_consensus_vsearch	3360	T	*/-C	185	8	3.76%	2	2	93	93	0.003627693045256358	1	1	133	52	7	1	+C
F4_BC64_191109_LF_LIB_consensus_vsearch	3360	T	*/-CC	185	8	3.76%	2	1	93	93	0.003627693045256358	1	1	133	52	8	0	+C
F4_BC64_191109_LF_LIB_consensus_vsearch	3363	C	*/+A	197	9	4.07%	2	1	93	93	0.0017864043973660122	1	1	134	63	9	0	+A
F4_BC64_191109_LF_LIB_consensus_vsearch	3364	G	*/-A	198	17	7.8%	2	1	93	93	5.490515091509853E-6	1	1	133	65	17	0	-A
F4_BC64_191109_LF_LIB_consensus_vsearch	3376	C	*/-A	195	16	7.31%	2	1	93	93	1.1357537987418757E-5	1	1	130	65	16	0	-A
F4_BC64_191109_LF_LIB_consensus_vsearch	3380	G	*/+A	203	12	5.56%	2	1	93	93	2.0851661109317314E-4	1	1	136	67	12	0	+A
F4_BC64_191109_LF_LIB_consensus_vsearch	3383	A	*/-C	197	10	4.57%	2	2	93	93	8.737377439902802E-4	1	1	136	61	6	4	-C
F4_BC64_191109_LF_LIB_consensus_vsearch	3413	T	*/-G	200	7	3.21%	2	2	93	93	0.007420075094973923	1	1	151	49	2	5	-G
F4_BC64_191109_LF_LIB_consensus_vsearch	3428	G	*/+T	202	10	4.57%	2	1	93	93	8.760865562530377E-4	1	1	149	53	0	10	+T
F4_BC64_191109_LF_LIB_consensus_vsearch	3430	C	*/-T	204	11	5%	2	2	93	93	4.2827676494109035E-4	1	1	147	57	1	10	-T
F4_BC64_191109_LF_LIB_consensus_vsearch	3438	C	*/+T	176	11	5.05%	2	2	93	93	4.1971005075956745E-4	1	1	117	59	10	1	+T
F4_BC64_191109_LF_LIB_consensus_vsearch	3438	C	*/-T	176	23	10.55%	2	2	93	93	6.074653290361054E-8	1	1	117	59	18	5	-T
F4_BC64_191109_LF_LIB_consensus_vsearch	3441	T	*/+A	178	19	8.64%	2	1	93	93	1.209416308929124E-6	1	1	113	65	19	0	+A
F4_BC64_191109_LF_LIB_consensus_vsearch	3441	T	*/-G	178	10	4.55%	2	1	93	93	8.637144208672183E-4	1	1	113	65	10	0	+A
F4_BC64_191109_LF_LIB_consensus_vsearch	3444	T	*/+C	98	87	40.28%	2	2	93	93	9.708659471350842E-33	1	1	75	23	57	30	+C
F4_BC64_191109_LF_LIB_consensus_vsearch	3444	T	*/+CC	98	9	4.17%	2	2	93	93	0.001639185378520361	1	1	75	23	7	2	+C
F4_BC64_191109_LF_LIB_consensus_vsearch	3444	T	*/-C	98	14	6.48%	2	2	93	93	3.960090668853317E-5	1	1	75	23	5	9	-C
F4_BC64_191109_LF_LIB_consensus_vsearch	3449	A	*/-C	197	14	6.39%	2	2	93	93	4.8844590491071155E-5	1	1	140	57	9	5	-C
F4_BC64_191109_LF_LIB_consensus_vsearch	3455	C	*/+A	207	8	3.67%	2	1	93	93	0.003655753662936563	1	1	146	61	8	0	+A
F4_BC64_191109_LF_LIB_consensus_vsearch	3458	G	*/-CT	194	16	7.31%	2	1	93	93	1.1340960665062282E-5	1	1	132	62	16	0	-CT
F4_BC64_191109_LF_LIB_consensus_vsearch	3469	G	*/-A	122	81	38.03%	2	2	93	93	1.7720242338076343E-29	1	1	65	57	75	6	-A
F4_BC64_191109_LF_LIB_consensus_vsearch	3476	C	*/+T	117	7	3.27%	2	1	93	93	0.007161779091602289	1	1	69	48	0	7	+T
F4_BC64_191109_LF_LIB_consensus_vsearch	3478	C	*/-T	200	13	5.88%	2	2	93	93	1.0108231417166703E-4	1	1	152	48	1	12	-T
F4_BC64_191109_LF_LIB_consensus_vsearch	3492	T	*/-C	205	8	3.67%	2	2	93	93	0.0036534383902297935	1	1	147	58	1	7	-C
F4_BC64_191109_LF_LIB_consensus_vsearch	3510	T	*/+G	202	7	3.29%	2	2	93	93	0.007423793454516522	1	1	147	55	1	6	+G
F4_BC64_191109_LF_LIB_consensus_vsearch	3512	A	*/-G	146	64	29.63%	2	2	93	93	1.8407964985993366E-22	1	1	81	65	62	2	-G
F4_BC64_191109_LF_LIB_consensus_vsearch	3517	C	*/-A	190	20	9.13%	2	2	93	93	5.933167950001205E-7	1	1	127	63	18	2	-A
F4_BC64_191109_LF_LIB_consensus_vsearch	3522	G	*/-A	205	12	5.43%	2	1	93	93	2.0882828978061456E-4	1	1	139	66	12	0	-A
F4_BC64_191109_LF_LIB_consensus_vsearch	3528	A	*/+C	96	12	5.53%	2	2	93	93	1.7676796606027565E-4	1	1	64	32	10	2	+C
F4_BC64_191109_LF_LIB_consensus_vsearch	3528	A	*/-C	96	76	35.02%	2	2	93	93	2.812905176285221E-28	1	1	64	32	45	31	-C
F4_BC64_191109_LF_LIB_consensus_vsearch	3528	A	*/-CC	96	9	4.15%	2	2	93	93	0.001633490058565588	1	1	64	32	7	2	-C
F4_BC64_191109_LF_LIB_consensus_vsearch	3528	A	*/-CCC	96	21	9.68%	2	1	93	93	1.7804882920679653E-7	1	1	64	32	21	0	-CCC
F4_BC64_191109_LF_LIB_consensus_vsearch	3533	T	*/-A	207	7	3.26%	2	1	93	93	0.007432788253078562	1	1	145	62	7	0	-A
F4_BC64_191109_LF_LIB_consensus_vsearch	3534	A	-G/-G	8	203	95.31%	1	2	93	93	2.742688873297278E-112	1	1	8	0	137	66	-G
F4_BC64_191109_LF_LIB_consensus_vsearch	3536	G	*/-C	200	7	3.18%	2	2	93	93	0.007420075094973923	1	1	134	66	6	1	-C
F4_BC64_191109_LF_LIB_consensus_vsearch	3542	G	*/-A	165	44	20.28%	2	2	93	93	4.520216990133667E-15	1	1	100	65	43	1	-A
F4_BC64_191109_LF_LIB_consensus_vsearch	3551	T	*/-GG	202	8	3.64%	2	2	93	93	0.0036498841327700354	1	1	138	64	7	1	-GG
F4_BC64_191109_LF_LIB_consensus_vsearch	3553	G	*/-C	172	20	9.43%	2	1	93	93	5.661236069647623E-7	1	1	107	65	20	0	-C
F4_BC64_191109_LF_LIB_consensus_vsearch	3557	C	*/+G	75	91	41.74%	2	2	93	93	1.1464387491088492E-35	1	1	72	3	39	52	+G
F4_BC64_191109_LF_LIB_consensus_vsearch	3557	C	*/+GA	75	7	3.21%	2	1	93	93	0.00683704333734377	1	1	72	3	7	0	+G
F4_BC64_191109_LF_LIB_consensus_vsearch	3558	A	*/-G	201	8	3.67%	2	2	93	93	0.003648677074969142	1	1	138	63	7	1	-G
F4_BC64_191109_LF_LIB_consensus_vsearch	3561	A	*/-C	155	40	18.18%	2	2	93	93	9.778464574348398E-14	1	1	102	53	28	12	-C
F4_BC64_191109_LF_LIB_consensus_vsearch	3561	A	*/-CC	155	11	5%	2	1	93	93	4.1149157049812866E-4	1	1	102	53	11	0	-C
F4_BC64_191109_LF_LIB_consensus_vsearch	3578	C	*/-TG	197	12	5.58%	2	1	93	93	2.0754774095569465E-4	1	1	132	65	12	0	-TG
F4_BC64_191109_LF_LIB_consensus_vsearch	3613	T	*/-C	211	9	4.07%	2	1	93	93	0.0017967787753331713	1	1	144	67	9	0	-C
F4_BC64_191109_LF_LIB_consensus_vsearch	3625	T	*/-C	206	7	3.2%	2	2	93	93	0.007431022745174962	1	1	140	66	6	1	-C
F4_BC64_191109_LF_LIB_consensus_vsearch	3642	C	*/-G	212	7	3.17%	2	2	93	93	0.00744137624879223	1	1	152	60	1	6	-G
F4_BC64_191109_LF_LIB_consensus_vsearch	3648	C	*/+A	194	12	5.48%	2	1	93	93	2.070433166935576E-4	1	1	131	63	12	0	+A
F4_BC64_191109_LF_LIB_consensus_vsearch	3648	C	*/-A	194	7	3.2%	2	1	93	93	0.007408480654387502	1	1	131	63	7	0	+A
F4_BC64_191109_LF_LIB_consensus_vsearch	3656	T	*/-GCCT	202	9	4.17%	2	1	93	93	0.0017902638323438202	1	1	141	61	9	0	-GCCT
F4_BC64_191109_LF_LIB_consensus_vsearch	3657	G	*/-C	199	8	3.79%	2	2	93	93	0.0036462285478980633	1	1	139	60	3	5	-C
F4_BC64_191109_LF_LIB_consensus_vsearch	3669	C	*/-TC	209	8	3.69%	2	2	93	93	0.003658026926953576	1	1	149	60	5	3	-TC
F4_BC64_191109_LF_LIB_consensus_vsearch	3679	C	*/-G	194	19	8.64%	2	1	93	93	1.2534988212656054E-6	1	1	129	65	19	0	-G
F4_BC64_191109_LF_LIB_consensus_vsearch	3680	G	*/-A	173	12	5.94%	2	1	93	93	2.0308260241471053E-4	1	1	106	67	12	0	-A
F4_BC64_191109_LF_LIB_consensus_vsearch	3680	G	*/-AG	173	15	7.43%	2	1	93	93	2.2823007615405344E-5	1	1	106	67	15	0	-AG
F4_BC64_191109_LF_LIB_consensus_vsearch	3681	A	*/-G	180	8	4.12%	2	1	93	93	0.00362041635085765	1	1	115	65	8	0	-G
F4_BC64_191109_LF_LIB_consensus_vsearch	3688	C	*/-G	203	10	4.61%	2	2	93	93	8.765435124402236E-4	1	1	149	54	1	9	-G
F4_BC64_191109_LF_LIB_consensus_vsearch	3694	C	*/-G	201	9	4.09%	2	2	93	93	0.0017895062981052791	1	1	143	58	7	2	-G
F4_BC64_191109_LF_LIB_consensus_vsearch	3700	C	*/+A	184	13	5.88%	2	1	93	93	9.949475485699823E-5	1	1	120	64	13	0	+A
F4_BC64_191109_LF_LIB_consensus_vsearch	3700	C	*/-G	184	12	5.43%	2	1	93	93	2.052568958466569E-4	1	1	120	64	12	0	+A
F4_BC64_191109_LF_LIB_consensus_vsearch	3700	C	*/-GA	184	7	3.17%	2	2	93	93	0.007387555568979833	1	1	120	64	6	1	+A
F4_BC64_191109_LF_LIB_consensus_vsearch	3701	G	*/-A	187	7	3.47%	2	1	93	93	0.007394057154213738	1	1	123	64	7	0	-A
F4_BC64_191109_LF_LIB_consensus_vsearch	3707	C	*/-AC	192	20	9.05%	2	1	93	93	5.961100290609897E-7	1	1	129	63	20	0	-AC
F4_BC64_191109_LF_LIB_consensus_vsearch	3713	C	*/+G	203	8	3.69%	2	1	93	93	0.0036510799339400076	1	1	142	61	8	0	+G
F4_BC64_191109_LF_LIB_consensus_vsearch	3714	A	*/-T	200	10	4.69%	2	2	93	93	8.751600144021374E-4	1	1	140	60	7	3	-T
F4_BC64_191109_LF_LIB_consensus_vsearch	3717	A	*/-G	163	31	14.35%	2	2	93	93	1.2661863826539118E-10	1	1	129	34	2	29	-G
F4_BC64_191109_LF_LIB_consensus_vsearch	3719	G	*/+A	197	16	7.27%	2	1	93	93	1.1390278653101552E-5	1	1	132	65	16	0	+A
F4_BC64_191109_LF_LIB_consensus_vsearch	3731	C	*/+G	188	17	8.06%	2	1	93	93	5.3994199204314716E-6	1	1	126	62	17	0	+G
F4_BC64_191109_LF_LIB_consensus_vsearch	3732	A	*/-G	199	11	5.05%	2	1	93	93	4.2690732409863933E-4	1	1	138	61	11	0	-G
F4_BC64_191109_LF_LIB_consensus_vsearch	3734	T	*/-C	205	7	3.18%	2	1	93	93	0.0074292407456773525	1	1	139	66	7	0	-C
F4_BC64_191109_LF_LIB_consensus_vsearch	3737	A	*/-C	185	20	9.17%	2	2	93	93	5.861437381195238E-7	1	1	122	63	19	1	-C
F4_BC64_191109_LF_LIB_consensus_vsearch	3738	C	*/+T	182	9	4.59%	2	1	93	93	0.001773645426870732	1	1	125	57	0	9	+T
F4_BC64_191109_LF_LIB_consensus_vsearch	3742	G	*/-A	197	12	5.56%	2	1	93	93	2.0754774095569465E-4	1	1	132	65	12	0	-A
F4_BC64_191109_LF_LIB_consensus_vsearch	3756	A	*/-TA	194	10	4.67%	2	1	93	93	8.722750499460999E-4	1	1	141	53	0	10	-TA
F4_BC64_191109_LF_LIB_consensus_vsearch	3763	C	*/-G	201	9	4.11%	2	2	93	93	0.0017895062981052791	1	1	144	57	4	5	-G
F4_BC64_191109_LF_LIB_consensus_vsearch	3765	G	*/-C	154	48	21.72%	2	2	93	93	1.4870284207307648E-16	1	1	106	48	32	16	-C
F4_BC64_191109_LF_LIB_consensus_vsearch	3765	G	*/-CC	154	9	4.07%	2	1	93	93	0.0017437389109563706	1	1	106	48	9	0	-C
F4_BC64_191109_LF_LIB_consensus_vsearch	3785	C	*/-AC	204	11	5.05%	2	1	93	93	4.2827676494109035E-4	1	1	138	66	11	0	-AC
F4_BC64_191109_LF_LIB_consensus_vsearch	3788	G	*/-T	199	15	6.85%	2	2	93	93	2.3672673108116326E-5	1	1	134	65	13	2	-T
F4_BC64_191109_LF_LIB_consensus_vsearch	3798	C	*/+A	208	9	4.07%	2	2	93	93	0.0017946657928001688	1	1	150	58	1	8	+A
F4_BC64_191109_LF_LIB_consensus_vsearch	3807	A	*/-CA	203	11	5.05%	2	2	93	93	4.280077806644155E-4	1	1	139	64	9	2	-CA
F4_BC64_191109_LF_LIB_consensus_vsearch	3811	A	*/-TA	202	12	5.56%	2	2	93	93	2.0835870377678545E-4	1	1	140	62	8	4	-TA
F4_BC64_191109_LF_LIB_consensus_vsearch	3822	G	*/-A	211	10	4.52%	2	1	93	93	8.800549103686053E-4	1	1	144	67	10	0	-A
F4_BC64_191109_LF_LIB_consensus_vsearch	3826	T	*/-G	205	7	3.2%	2	2	93	93	0.0074292407456773525	1	1	142	63	5	2	-G
F4_BC64_191109_LF_LIB_consensus_vsearch	3830	A	*/-T	204	8	3.67%	2	2	93	93	0.0036522646351654408	1	1	142	62	4	4	-T
F4_BC64_191109_LF_LIB_consensus_vsearch	3847	C	*/-A	175	31	14.22%	2	1	93	93	1.3745359226014947E-10	1	1	113	62	31	0	-A
F4_BC64_191109_LF_LIB_consensus_vsearch	3857	G	*/-C	202	11	4.98%	2	2	93	93	4.2773637746469634E-4	1	1	144	58	7	4	-C
F4_BC64_191109_LF_LIB_consensus_vsearch	3858	C	*/+T	190	10	4.78%	2	1	93	93	8.702588772443723E-4	1	1	146	44	0	10	+T
F4_BC64_191109_LF_LIB_consensus_vsearch	3861	T	*/-C	131	78	35.94%	2	1	93	93	4.525698830190027E-28	1	1	68	63	78	0	-C
F4_BC64_191109_LF_LIB_consensus_vsearch	3863	C	*/-A	206	10	4.55%	2	2	93	93	8.778898007284436E-4	1	1	150	56	1	9	-A
F4_BC64_191109_LF_LIB_consensus_vsearch	3874	C	*/-A	191	24	10.91%	2	1	93	93	3.0216532806748016E-8	1	1	126	65	24	0	-A
F4_BC64_191109_LF_LIB_consensus_vsearch	3876	C	*/-T	211	7	3.2%	2	1	93	93	0.007439689863414905	1	1	151	60	0	7	-T
F4_BC64_191109_LF_LIB_consensus_vsearch	3877	T	*/+C	202	7	3.3%	2	2	93	93	0.007423793454516522	1	1	146	56	6	1	+C
F4_BC64_191109_LF_LIB_consensus_vsearch	3880	G	*/-A	200	15	6.82%	2	1	93	93	2.3701643162627867E-5	1	1	136	64	15	0	-A
F4_BC64_191109_LF_LIB_consensus_vsearch	3883	C	*/-T	203	8	3.69%	2	2	93	93	0.0036510799339400076	1	1	146	57	2	6	-T
F4_BC64_191109_LF_LIB_consensus_vsearch	3891	T	*/+G	184	29	13.12%	2	2	93	93	6.701450843153254E-10	1	1	121	63	27	2	+G
F4_BC64_191109_LF_LIB_consensus_vsearch	3892	A	*/-G	179	31	14.29%	2	2	93	93	1.409491967626089E-10	1	1	127	52	21	10	-G
F4_BC64_191109_LF_LIB_consensus_vsearch	3893	G	*/+A	165	11	5.79%	2	1	93	93	4.1563705559920753E-4	1	1	108	57	11	0	+A
F4_BC64_191109_LF_LIB_consensus_vsearch	3900	T	*/-C	169	48	21.72%	2	2	93	93	1.9048661438624594E-16	1	1	109	60	43	5	-C
F4_BC64_191109_LF_LIB_consensus_vsearch	3902	C	*/-A	189	21	9.55%	2	2	93	93	2.818254776251494E-7	1	1	143	46	1	20	-A
F4_BC64_191109_LF_LIB_consensus_vsearch	3907	A	*/+G	200	7	3.17%	2	1	93	93	0.007420075094973923	1	1	144	56	0	7	+G
F4_BC64_191109_LF_LIB_consensus_vsearch	3910	T	*/+C	207	10	4.52%	2	1	93	93	8.783305527122537E-4	1	1	141	66	10	0	+C
F4_BC64_191109_LF_LIB_consensus_vsearch	3912	A	*/-CA	203	8	3.69%	2	1	93	93	0.0036510799339400076	1	1	138	65	8	0	-CA
F4_BC64_191109_LF_LIB_consensus_vsearch	3920	C	*/+A	198	16	7.31%	2	2	93	93	1.1406445395916652E-5	1	1	138	60	12	4	+A
F4_BC64_191109_LF_LIB_consensus_vsearch	3924	C	*/-GC	204	7	3.17%	2	2	93	93	0.007427442022474603	1	1	143	61	4	3	-GC
F4_BC64_191109_LF_LIB_consensus_vsearch	3925	G	*/+C	188	8	3.79%	2	2	93	93	0.0036318839680821967	1	1	125	63	7	1	+C
F4_BC64_191109_LF_LIB_consensus_vsearch	3925	G	*/-C	188	13	6.16%	2	1	93	93	9.991366545768514E-5	1	1	125	63	13	0	-C
F4_BC64_191109_LF_LIB_consensus_vsearch	3945	C	*/-G	203	10	4.57%	2	1	93	93	8.765435124402236E-4	1	1	137	66	10	0	-G
F4_BC64_191109_LF_LIB_consensus_vsearch	3949	A	*/-C	203	9	4.09%	2	2	93	93	0.0017910143883990014	1	1	145	58	1	8	-C
F4_BC64_191109_LF_LIB_consensus_vsearch	3963	T	*/-GT	203	12	5.48%	2	2	93	93	2.0851661109317314E-4	1	1	142	61	11	1	-GT
F4_BC64_191109_LF_LIB_consensus_vsearch	3970	G	*/+A	202	12	5.45%	2	1	93	93	2.0835870377678545E-4	1	1	137	65	12	0	+A
F4_BC64_191109_LF_LIB_consensus_vsearch	3972	T	*/-A	201	12	5.48%	2	1	93	93	2.081993933684706E-4	1	1	138	63	12	0	-A
F4_BC64_191109_LF_LIB_consensus_vsearch	3974	A	*/+T	99	110	49.77%	2	2	93	93	1.8214016029115496E-42	1	1	92	7	57	53	+T
F4_BC64_191109_LF_LIB_consensus_vsearch	3976	T	*/-G	198	21	9.55%	2	2	93	93	2.882936455442224E-7	1	1	138	60	16	5	-G
F4_BC64_191109_LF_LIB_consensus_vsearch	3980	C	*/-GC	199	14	6.36%	2	1	93	93	4.8950273206615416E-5	1	1	135	64	14	0	-GC
F4_BC64_191109_LF_LIB_consensus_vsearch	3986	C	*/-T	201	9	4.11%	2	2	93	93	0.0017895062981052791	1	1	142	59	7	2	-T
F4_BC64_191109_LF_LIB_consensus_vsearch	3988	G	*/-C	196	9	4.19%	2	1	93	93	0.001785610469261078	1	1	131	65	9	0	-C
F4_BC64_191109_LF_LIB_consensus_vsearch	3989	C	*/+G	182	17	8.21%	2	1	93	93	5.340986808569128E-6	1	1	120	62	17	0	+G
F4_BC64_191109_LF_LIB_consensus_vsearch	3990	C	*/+T	207	9	4.09%	2	1	93	93	0.001793948723227531	1	1	151	56	0	9	+T
F4_BC64_191109_LF_LIB_consensus_vsearch	3992	T	*/-C	191	19	8.64%	2	2	93	93	1.2456546324351246E-6	1	1	129	62	14	5	-C
F4_BC64_191109_LF_LIB_consensus_vsearch	3993	C	*/+G	185	7	3.57%	2	1	93	93	0.007389745092191117	1	1	124	61	7	0	+G
F4_BC64_191109_LF_LIB_consensus_vsearch	3994	C	*/-T	191	9	4.17%	2	2	93	93	0.0017815247172920585	1	1	137	54	1	8	-T
F4_BC64_191109_LF_LIB_consensus_vsearch	3996	T	*/-G	193	8	3.79%	2	1	93	93	0.003638595561901328	1	1	140	53	0	8	-G
F4_BC64_191109_LF_LIB_consensus_vsearch	4002	T	*/-A	152	54	24.88%	2	1	93	93	1.0100621996208934E-18	1	1	89	63	54	0	-A
F4_BC64_191109_LF_LIB_consensus_vsearch	4005	G	*/-A	200	15	6.94%	2	2	93	93	2.3701643162627867E-5	1	1	135	65	14	1	-A
F4_BC64_191109_LF_LIB_consensus_vsearch	4011	T	*/-GT	210	7	3.18%	2	2	93	93	0.007437988084800957	1	1	147	63	4	3	-GT
F4_BC64_191109_LF_LIB_consensus_vsearch	4016	C	*/-A	208	7	3.2%	2	2	93	93	0.007434537497224064	1	1	145	63	5	2	-A
F4_BC64_191109_LF_LIB_consensus_vsearch	4022	C	*/-T	190	26	11.76%	2	2	93	93	6.695310633512329E-9	1	1	149	41	1	25	-T
F4_BC64_191109_LF_LIB_consensus_vsearch	4027	T	*/-C	176	36	16.67%	2	1	93	93	2.868645278813566E-12	1	1	113	63	36	0	-C
F4_BC64_191109_LF_LIB_consensus_vsearch	4029	C	*/-G	195	19	8.72%	2	2	93	93	1.2560731117652181E-6	1	1	148	47	4	15	-G
F4_BC64_191109_LF_LIB_consensus_vsearch	4040	T	*/+C	192	17	7.98%	2	2	93	93	5.4367634478171795E-6	1	1	134	58	16	1	+C
F4_BC64_191109_LF_LIB_consensus_vsearch	4041	C	*/-T	203	7	3.24%	2	2	93	93	0.007425626339083171	1	1	148	55	1	6	-T
F4_BC64_191109_LF_LIB_consensus_vsearch	4042	T	*/-A	187	13	6.25%	2	2	93	93	9.981039688765196E-5	1	1	142	45	5	8	-A
F4_BC64_191109_LF_LIB_consensus_vsearch	4046	T	*/-C	165	39	17.81%	2	2	93	93	2.439549234117927E-13	1	1	124	41	23	16	-C
F4_BC64_191109_LF_LIB_consensus_vsearch	4054	A	*/-C	195	7	3.24%	2	1	93	93	0.007410460397262536	1	1	130	65	7	0	-C
F4_BC64_191109_LF_LIB_consensus_vsearch	4062	T	*/-C	204	13	5.91%	2	1	93	93	1.0144502228683225E-4	1	1	138	66	13	0	-C
F4_BC64_191109_LF_LIB_consensus_vsearch	4067	T	*/+C	205	8	3.64%	2	2	93	93	0.0036534383902297935	1	1	146	59	7	1	+C
F4_BC64_191109_LF_LIB_consensus_vsearch	4074	T	*/-C	159	59	26.7%	2	1	93	93	1.8317282702512487E-20	1	1	92	67	59	0	-C
F4_BC64_191109_LF_LIB_consensus_vsearch	4076	C	*/-A	203	7	3.17%	2	1	93	93	0.007425626339083171	1	1	137	66	7	0	-A
F4_BC64_191109_LF_LIB_consensus_vsearch	4099	A	*/-G	184	14	6.51%	2	2	93	93	4.811012196880537E-5	1	1	129	55	4	10	-G
F4_BC64_191109_LF_LIB_consensus_vsearch	4109	C	*/-T	206	7	3.23%	2	2	93	93	0.007431022745174962	1	1	145	61	2	5	-T
F4_BC64_191109_LF_LIB_consensus_vsearch	4112	G	*/-A	207	8	3.64%	2	2	93	93	0.003655753662936563	1	1	148	59	3	5	-A
F4_BC64_191109_LF_LIB_consensus_vsearch	4116	G	*/-A	209	7	3.17%	2	2	93	93	0.007436270701269745	1	1	149	60	4	3	-A
F4_BC64_191109_LF_LIB_consensus_vsearch	4131	T	*/+A	182	16	7.34%	2	1	93	93	1.1130560435702788E-5	1	1	119	63	16	0	+A
F4_BC64_191109_LF_LIB_consensus_vsearch	4131	T	*/+G	182	8	3.67%	2	2	93	93	0.003623372158916335	1	1	119	63	6	2	+A
F4_BC64_191109_LF_LIB_consensus_vsearch	4132	G	*/+A	81	115	53.49%	2	2	93	93	6.4553496202149E-46	1	1	80	1	50	65	+A
F4_BC64_191109_LF_LIB_consensus_vsearch	4132	G	*/-A	81	14	6.51%	2	1	93	93	3.642918555418356E-5	1	1	80	1	14	0	+A
F4_BC64_191109_LF_LIB_consensus_vsearch	4134	G	*/+C	161	31	14.49%	2	2	93	93	1.247619385429138E-10	1	1	99	62	29	2	+C
F4_BC64_191109_LF_LIB_consensus_vsearch	4134	G	*/-C	161	12	5.61%	2	2	93	93	2.0041627973286082E-4	1	1	99	62	11	1	+C
F4_BC64_191109_LF_LIB_consensus_vsearch	4138	G	*/-A	207	9	4.13%	2	1	93	93	0.001793948723227531	1	1	141	66	9	0	-A
F4_BC64_191109_LF_LIB_consensus_vsearch	4144	T	*/-C	152	61	27.73%	2	1	93	93	2.8359079113219718E-21	1	1	86	66	61	0	-C
F4_BC64_191109_LF_LIB_consensus_vsearch	4146	C	*/+G	192	9	4.09%	2	1	93	93	0.0017823577244849092	1	1	139	53	0	9	+G
F4_BC64_191109_LF_LIB_consensus_vsearch	4147	G	*/-A	208	10	4.55%	2	1	93	93	8.787673881990181E-4	1	1	142	66	10	0	-A
F4_BC64_191109_LF_LIB_consensus_vsearch	4154	G	*/-CT	205	7	3.23%	2	1	93	93	0.0074292407456773525	1	1	139	66	7	0	-CT
F4_BC64_191109_LF_LIB_consensus_vsearch	4164	C	*/-ACCT	209	7	3.2%	2	1	93	93	0.007436270701269745	1	1	143	66	7	0	-ACCT
F4_BC64_191109_LF_LIB_consensus_vsearch	4167	C	*/-T	200	7	3.29%	2	2	93	93	0.007420075094973923	1	1	143	57	2	5	-T
F4_BC64_191109_LF_LIB_consensus_vsearch	4172	C	*/-T	204	7	3.26%	2	2	93	93	0.007427442022474603	1	1	140	64	4	3	-T
F4_BC64_191109_LF_LIB_consensus_vsearch	4184	C	*/+G	203	7	3.17%	2	1	93	93	0.007425626339083171	1	1	138	65	7	0	+G
F4_BC64_191109_LF_LIB_consensus_vsearch	4185	G	*/-A	211	7	3.17%	2	1	93	93	0.007439689863414905	1	1	144	67	7	0	-A
F4_BC64_191109_LF_LIB_consensus_vsearch	4186	A	*/+G	61	147	68.69%	2	2	93	93	3.0473054314388385E-63	1	1	59	2	82	65	+G
F4_BC64_191109_LF_LIB_consensus_vsearch	4187	G	*/+T	208	7	3.17%	2	1	93	93	0.007434537497224064	1	1	142	66	7	0	+T
F4_BC64_191109_LF_LIB_consensus_vsearch	4190	T	*/-G	187	31	14.09%	2	1	93	93	1.477681402091444E-10	1	1	153	34	0	31	-G
F4_BC64_191109_LF_LIB_consensus_vsearch	4194	T	*/+C	204	7	3.18%	2	1	93	93	0.007427442022474603	1	1	142	62	7	0	+C
F4_BC64_191109_LF_LIB_consensus_vsearch	4195	C	*/-T	205	9	4.13%	2	2	93	93	0.0017924949478988227	1	1	143	62	4	5	-T
F4_BC64_191109_LF_LIB_consensus_vsearch	4203	C	*/-AC	202	14	6.39%	2	1	93	93	4.9105420013800674E-5	1	1	137	65	14	0	-AC
F4_BC64_191109_LF_LIB_consensus_vsearch	4207	T	*/-C	210	8	3.62%	2	1	93	93	0.0036591481612605	1	1	143	67	8	0	-C
F4_BC64_191109_LF_LIB_consensus_vsearch	4212	T	*/-CT	204	11	5.02%	2	1	93	93	4.2827676494109035E-4	1	1	151	53	0	11	-CT
F4_BC64_191109_LF_LIB_consensus_vsearch	4213	C	*/-T	191	10	4.85%	2	1	93	93	8.707701860076834E-4	1	1	149	42	0	10	-T
F4_BC64_191109_LF_LIB_consensus_vsearch	4229	T	*/+A	199	10	4.59%	2	2	93	93	8.746903119674215E-4	1	1	139	60	9	1	+A
F4_BC64_191109_LF_LIB_consensus_vsearch	4236	G	*/-T	199	11	5.16%	2	2	93	93	4.2690732409863933E-4	1	1	144	55	1	10	-T
F4_BC64_191109_LF_LIB_consensus_vsearch	4244	T	*/-C	197	16	7.31%	2	2	93	93	1.1390278653101552E-5	1	1	135	62	15	1	-C
F4_BC64_191109_LF_LIB_consensus_vsearch	4258	C	*/-G	195	8	3.77%	2	2	93	93	0.003641189182853133	1	1	136	59	6	2	-G
F4_BC64_191109_LF_LIB_consensus_vsearch	4272	C	*/+A	181	12	5.5%	2	2	93	93	2.0468701793138264E-4	1	1	121	60	6	6	+A
F4_BC64_191109_LF_LIB_consensus_vsearch	4272	C	*/-A	181	21	9.63%	2	1	93	93	2.757037852504083E-7	1	1	121	60	21	0	-A
F4_BC64_191109_LF_LIB_consensus_vsearch	4278	T	*/-C	212	7	3.18%	2	2	93	93	0.00744137624879223	1	1	152	60	1	6	-C
F4_BC64_191109_LF_LIB_consensus_vsearch	4286	T	*/+C	207	10	4.55%	2	1	93	93	8.783305527122537E-4	1	1	140	67	10	0	+C
F4_BC64_191109_LF_LIB_consensus_vsearch	4335	T	*/+A	203	8	3.62%	2	1	93	93	0.0036510799339400076	1	1	136	67	8	0	+A
F4_BC64_191109_LF_LIB_consensus_vsearch	4335	T	*/-A	203	9	4.07%	2	1	93	93	0.0017910143883990014	1	1	136	67	9	0	-A
F4_BC64_191109_LF_LIB_consensus_vsearch	4342	T	*/+C	200	9	4.13%	2	2	93	93	0.0017887416879729845	1	1	137	63	8	1	+C
F4_BC64_191109_LF_LIB_consensus_vsearch	4343	C	*/+T	200	9	4.15%	2	1	93	93	0.0017887416879729845	1	1	149	51	0	9	+T
F4_BC64_191109_LF_LIB_consensus_vsearch	4343	C	*/-T	200	7	3.23%	2	2	93	93	0.007420075094973923	1	1	149	51	2	5	+T
F4_BC64_191109_LF_LIB_consensus_vsearch	4350	C	*/-TC	159	48	22.43%	2	2	93	93	1.622334633569373E-16	1	1	147	12	6	42	-TC
F4_BC64_191109_LF_LIB_consensus_vsearch	4368	T	*/-C	210	10	4.52%	2	1	93	93	8.796295164637225E-4	1	1	144	66	10	0	-C
