Chrom	Position	Ref	Cons	Reads1	Reads2	VarFreq	Strands1	Strands2	Qual1	Qual2	Pvalue	MapQual1	MapQual2	Reads1Plus	Reads1Minus	Reads2Plus	Reads2Minus	VarAllele
F6_BC66_191109_LF_LIB_consensus_vsearch	3	G	*/-T	208	21	8.94%	2	2	93	93	2.950072630570878E-7	1	1	132	76	19	2	-T
F6_BC66_191109_LF_LIB_consensus_vsearch	11	T	*/+G	255	12	4.46%	2	1	93	93	2.151678747999977E-4	1	1	149	106	12	0	+G
F6_BC66_191109_LF_LIB_consensus_vsearch	12	A	*/-G	257	12	4.43%	2	1	93	93	2.1537451184080097E-4	1	1	148	109	12	0	-G
F6_BC66_191109_LF_LIB_consensus_vsearch	18	T	*/+C	264	7	2.55%	2	1	93	93	0.007512050058182546	1	1	155	109	7	0	+C
F6_BC66_191109_LF_LIB_consensus_vsearch	24	T	*/-C	203	59	21.45%	2	2	93	93	4.3521456326471185E-20	1	1	133	70	25	34	-C
F6_BC66_191109_LF_LIB_consensus_vsearch	28	C	*/-A	249	8	2.91%	2	2	93	93	0.0036961603384701837	1	1	149	100	4	4	-A
F6_BC66_191109_LF_LIB_consensus_vsearch	32	T	*/-C	252	14	5.13%	2	2	93	93	5.1209451659234146E-5	1	1	145	107	13	1	-C
F6_BC66_191109_LF_LIB_consensus_vsearch	44	C	*/+T	260	8	2.93%	2	1	93	93	0.0037046766426069204	1	1	159	101	0	8	+T
F6_BC66_191109_LF_LIB_consensus_vsearch	45	T	*/+G	238	28	10.29%	2	2	93	93	1.760358479282108E-9	1	1	140	98	17	11	+G
F6_BC66_191109_LF_LIB_consensus_vsearch	56	C	*/+G	252	10	3.65%	2	1	93	93	8.947732384278332E-4	1	1	148	104	10	0	+G
F6_BC66_191109_LF_LIB_consensus_vsearch	57	A	*/-G	253	10	3.65%	2	1	93	93	8.950763801239866E-4	1	1	145	108	10	0	-G
F6_BC66_191109_LF_LIB_consensus_vsearch	67	G	*/-C	256	11	4.06%	2	2	93	93	4.395812442207008E-4	1	1	149	107	10	1	-C
F6_BC66_191109_LF_LIB_consensus_vsearch	77	G	*/+A	258	10	3.66%	2	1	93	93	8.96559014408215E-4	1	1	148	110	10	0	+A
F6_BC66_191109_LF_LIB_consensus_vsearch	84	G	*/-A	254	9	3.36%	2	1	93	93	0.0018218680650561358	1	1	142	112	9	0	-A
F6_BC66_191109_LF_LIB_consensus_vsearch	85	A	*/-G	241	16	6.06%	2	2	93	93	1.1993861560497258E-5	1	1	132	109	14	2	-G
F6_BC66_191109_LF_LIB_consensus_vsearch	91	C	*/-A	229	19	7.14%	2	1	93	93	1.3331035995980523E-6	1	1	154	75	0	19	-A
F6_BC66_191109_LF_LIB_consensus_vsearch	101	A	*/-C	242	13	4.8%	2	2	93	93	1.0435483590733689E-4	1	1	144	98	7	6	-C
F6_BC66_191109_LF_LIB_consensus_vsearch	102	C	*/+T	235	13	5.02%	2	1	93	93	1.0388201196169096E-4	1	1	152	83	0	13	+T
F6_BC66_191109_LF_LIB_consensus_vsearch	105	G	*/-C	259	7	2.58%	2	2	93	93	0.007506445843275869	1	1	151	108	6	1	-C
F6_BC66_191109_LF_LIB_consensus_vsearch	107	C	*/-G	257	7	2.57%	2	2	93	93	0.007504145184876668	1	1	151	106	4	3	-G
F6_BC66_191109_LF_LIB_consensus_vsearch	109	G	*/+A	209	9	3.27%	2	2	93	93	0.0017953764342624938	1	1	102	107	6	3	+A
F6_BC66_191109_LF_LIB_consensus_vsearch	109	G	*/-A	209	54	19.64%	2	2	93	93	2.6684874319488124E-18	1	1	102	107	53	1	-A
F6_BC66_191109_LF_LIB_consensus_vsearch	112	C	*/+A	224	11	4.01%	2	2	93	93	4.3319414411093957E-4	1	1	133	91	10	1	+A
F6_BC66_191109_LF_LIB_consensus_vsearch	112	C	*/-G	224	25	9.12%	2	2	93	93	1.5811292663067998E-8	1	1	133	91	13	12	-G
F6_BC66_191109_LF_LIB_consensus_vsearch	113	G	*/+A	196	7	2.83%	2	1	93	93	0.007412420836520295	1	1	98	98	7	0	+A
F6_BC66_191109_LF_LIB_consensus_vsearch	115	G	*/-C	235	17	6.16%	2	1	93	93	5.771783803360286E-6	1	1	123	112	17	0	-C
F6_BC66_191109_LF_LIB_consensus_vsearch	122	C	*/+A	238	8	2.93%	2	1	93	93	0.0036868928614731586	1	1	145	93	8	0	+A
F6_BC66_191109_LF_LIB_consensus_vsearch	122	C	*/-A	238	8	2.93%	2	1	93	93	0.0036868928614731586	1	1	145	93	0	8	+A
F6_BC66_191109_LF_LIB_consensus_vsearch	124	A	*/-G	247	17	6.2%	2	1	93	93	5.847872971450355E-6	1	1	139	108	17	0	-G
F6_BC66_191109_LF_LIB_consensus_vsearch	135	T	*/+C	211	8	2.91%	2	2	93	93	0.0036602593149509337	1	1	131	80	7	1	+C
F6_BC66_191109_LF_LIB_consensus_vsearch	135	T	*/-C	211	48	17.45%	2	2	93	93	3.218003869519918E-16	1	1	131	80	20	28	-C
F6_BC66_191109_LF_LIB_consensus_vsearch	138	C	*/+T	252	8	2.92%	2	1	93	93	0.003698553505001527	1	1	161	91	0	8	+T
F6_BC66_191109_LF_LIB_consensus_vsearch	153	T	*/+C	259	11	4.01%	2	2	93	93	4.40104982176298E-4	1	1	152	107	9	2	+C
F6_BC66_191109_LF_LIB_consensus_vsearch	156	G	*/-C	233	27	9.89%	2	2	93	93	3.6572240733529572E-9	1	1	141	92	11	16	-C
F6_BC66_191109_LF_LIB_consensus_vsearch	163	G	*/-A	263	8	2.94%	2	1	93	93	0.003706880776381375	1	1	152	111	8	0	-A
F6_BC66_191109_LF_LIB_consensus_vsearch	168	A	*/+C	231	21	7.64%	2	2	93	93	3.088057298473435E-7	1	1	137	94	9	12	+C
F6_BC66_191109_LF_LIB_consensus_vsearch	168	A	*/-C	231	13	4.73%	2	1	93	93	1.0360034592464177E-4	1	1	137	94	13	0	+C
F6_BC66_191109_LF_LIB_consensus_vsearch	172	C	*/+T	13	203	73.55%	2	2	93	93	1.2705243495961768E-108	1	1	5	8	131	72	+T
F6_BC66_191109_LF_LIB_consensus_vsearch	172	C	*/-T	13	6	2.17%	2	2	93	93	0.009828009828009346	1	1	5	8	1	5	+T
F6_BC66_191109_LF_LIB_consensus_vsearch	175	T	*/-C	211	51	18.61%	2	2	93	93	2.990982358562139E-17	1	1	107	104	47	4	-C
F6_BC66_191109_LF_LIB_consensus_vsearch	178	C	*/-T	262	8	2.9%	2	2	93	93	0.0037061514394952193	1	1	159	103	3	5	-T
F6_BC66_191109_LF_LIB_consensus_vsearch	180	A	*/-G	251	9	3.35%	2	2	93	93	0.0018203818032406984	1	1	149	102	5	4	-G
F6_BC66_191109_LF_LIB_consensus_vsearch	188	G	*/-A	257	11	4%	2	1	93	93	4.3975708311224564E-4	1	1	146	111	11	0	-A
F6_BC66_191109_LF_LIB_consensus_vsearch	195	C	*/-TT	258	7	2.55%	2	1	93	93	0.007505299821009934	1	1	151	107	7	0	-TT
F6_BC66_191109_LF_LIB_consensus_vsearch	203	C	*/-TTC	257	7	2.57%	2	1	93	93	0.007504145184876668	1	1	148	109	7	0	-TTC
F6_BC66_191109_LF_LIB_consensus_vsearch	205	T	*/-C	198	49	18.56%	2	2	93	93	1.2613514779877843E-16	1	1	134	64	16	33	-C
F6_BC66_191109_LF_LIB_consensus_vsearch	205	T	*/-CC	198	9	3.41%	2	1	93	93	0.0017871908399793336	1	1	134	64	0	9	-C
F6_BC66_191109_LF_LIB_consensus_vsearch	208	C	*/-T	235	18	6.57%	2	2	93	93	2.788743065390371E-6	1	1	149	86	4	14	-T
F6_BC66_191109_LF_LIB_consensus_vsearch	211	A	*/-C	247	16	5.8%	2	1	93	93	1.2061953252272482E-5	1	1	135	112	16	0	-C
F6_BC66_191109_LF_LIB_consensus_vsearch	212	C	*/+T	250	7	2.7%	2	1	93	93	0.007495813166417644	1	1	144	106	0	7	+T
F6_BC66_191109_LF_LIB_consensus_vsearch	215	A	*/-CA	245	19	6.99%	2	2	93	93	1.3634490521887613E-6	1	1	144	101	12	7	-CA
F6_BC66_191109_LF_LIB_consensus_vsearch	232	T	*/-A	249	10	3.72%	2	1	93	93	8.93850136274439E-4	1	1	146	103	10	0	-A
F6_BC66_191109_LF_LIB_consensus_vsearch	234	G	*/-A	260	12	4.38%	2	1	93	93	2.1567900632063892E-4	1	1	148	112	12	0	-A
F6_BC66_191109_LF_LIB_consensus_vsearch	240	G	*/+C	260	10	3.66%	2	1	93	93	8.97137079051494E-4	1	1	161	99	0	10	+C
F6_BC66_191109_LF_LIB_consensus_vsearch	242	T	*/-C	258	9	3.3%	2	2	93	93	0.001823798755543091	1	1	160	98	1	8	-C
F6_BC66_191109_LF_LIB_consensus_vsearch	248	A	*/+G	225	7	2.62%	2	2	93	93	0.0074619882138406745	1	1	149	76	2	5	+G
F6_BC66_191109_LF_LIB_consensus_vsearch	248	A	*/-G	225	35	13.11%	2	2	93	93	8.536039410096593E-12	1	1	149	76	6	29	-G
F6_BC66_191109_LF_LIB_consensus_vsearch	249	G	*/+AG	227	7	2.94%	2	1	93	93	0.0074649578216797186	1	1	146	81	7	0	+AG
F6_BC66_191109_LF_LIB_consensus_vsearch	266	T	*/+A	256	8	2.91%	2	1	93	93	0.003701660868547635	1	1	148	108	8	0	+A
F6_BC66_191109_LF_LIB_consensus_vsearch	268	G	*/-A	237	16	5.95%	2	1	93	93	1.1946841269724289E-5	1	1	127	110	16	0	-A
F6_BC66_191109_LF_LIB_consensus_vsearch	286	C	*/-G	245	14	5.13%	2	2	93	93	5.0960564767895224E-5	1	1	151	94	4	10	-G
F6_BC66_191109_LF_LIB_consensus_vsearch	297	G	*/-TG	261	8	2.92%	2	1	93	93	0.003705416747963619	1	1	159	102	0	8	-TG
F6_BC66_191109_LF_LIB_consensus_vsearch	306	G	*/-A	262	7	2.54%	2	1	93	93	0.007509833180020558	1	1	150	112	7	0	-A
F6_BC66_191109_LF_LIB_consensus_vsearch	309	G	*/-T	236	27	9.82%	2	2	93	93	3.68864827749744E-9	1	1	136	100	19	8	-T
F6_BC66_191109_LF_LIB_consensus_vsearch	314	C	*/-A	259	8	2.91%	2	2	93	93	0.003703931063382389	1	1	152	107	6	2	-A
F6_BC66_191109_LF_LIB_consensus_vsearch	316	A	*/+G	206	14	5.13%	2	2	93	93	4.930621480362649E-5	1	1	109	97	11	3	+G
F6_BC66_191109_LF_LIB_consensus_vsearch	316	A	*/-G	206	46	16.85%	2	2	93	93	1.4813125822977238E-15	1	1	109	97	38	8	-G
F6_BC66_191109_LF_LIB_consensus_vsearch	328	G	*/-A	244	10	3.77%	2	2	93	93	8.922644712756052E-4	1	1	138	106	9	1	-A
F6_BC66_191109_LF_LIB_consensus_vsearch	334	C	*/+A	248	7	2.57%	2	1	93	93	0.007493349252391194	1	1	140	108	7	0	+A
F6_BC66_191109_LF_LIB_consensus_vsearch	335	G	*/-A	254	10	3.7%	2	2	93	93	8.953772843442645E-4	1	1	144	110	9	1	-A
F6_BC66_191109_LF_LIB_consensus_vsearch	339	C	*/-GC	238	24	8.86%	2	1	93	93	3.433216937353479E-8	1	1	130	108	24	0	-GC
F6_BC66_191109_LF_LIB_consensus_vsearch	344	T	*/+G	245	9	3.36%	2	1	93	93	0.0018173060047634259	1	1	143	102	9	0	+G
F6_BC66_191109_LF_LIB_consensus_vsearch	345	A	*/-G	196	36	13.43%	2	2	93	93	3.339407576914095E-12	1	1	135	61	12	24	-G
F6_BC66_191109_LF_LIB_consensus_vsearch	345	A	*/-GG	196	24	8.96%	2	2	93	93	3.071396715362743E-8	1	1	135	61	1	23	-G
F6_BC66_191109_LF_LIB_consensus_vsearch	349	C	*/-GC	257	7	2.57%	2	2	93	93	0.007504145184876668	1	1	150	107	4	3	-GC
F6_BC66_191109_LF_LIB_consensus_vsearch	351	C	*/-T	248	9	3.38%	2	2	93	93	0.0018188615104327871	1	1	155	93	1	8	-T
F6_BC66_191109_LF_LIB_consensus_vsearch	352	T	*/-C	225	8	3.07%	2	2	93	93	0.0036748286042396724	1	1	150	75	5	3	-C
F6_BC66_191109_LF_LIB_consensus_vsearch	352	T	*/-CCT	225	22	8.43%	2	2	93	93	1.4619930146121474E-7	1	1	150	75	1	21	-CCT
F6_BC66_191109_LF_LIB_consensus_vsearch	363	C	*/-A	251	7	2.55%	2	2	93	93	0.007497030913500092	1	1	149	102	6	1	-A
F6_BC66_191109_LF_LIB_consensus_vsearch	363	C	*/-AA	251	8	2.91%	2	1	93	93	0.0036977618625582452	1	1	149	102	0	8	-AA
F6_BC66_191109_LF_LIB_consensus_vsearch	366	G	*/-C	148	56	20.59%	2	2	93	93	1.7260912109110827E-19	1	1	103	45	39	17	-C
F6_BC66_191109_LF_LIB_consensus_vsearch	366	G	*/-CC	148	35	12.87%	2	2	93	93	4.819878116039855E-12	1	1	103	45	6	29	-C
F6_BC66_191109_LF_LIB_consensus_vsearch	366	G	*/-CCC	148	21	7.72%	2	2	93	93	2.459920735754065E-7	1	1	103	45	4	17	-C
F6_BC66_191109_LF_LIB_consensus_vsearch	371	C	*/-T	252	21	7.64%	2	2	93	93	3.197228856347231E-7	1	1	160	92	2	19	-T
F6_BC66_191109_LF_LIB_consensus_vsearch	374	T	*/-CT	240	25	9.16%	2	2	93	93	1.6459167643363623E-8	1	1	152	88	9	16	-CT
F6_BC66_191109_LF_LIB_consensus_vsearch	389	T	*/-C	226	41	15.02%	2	2	93	93	8.616577044814203E-14	1	1	135	91	25	16	-C
F6_BC66_191109_LF_LIB_consensus_vsearch	391	C	*/+G	236	15	5.47%	2	2	93	93	2.4603451297384386E-5	1	1	149	87	3	12	+G
F6_BC66_191109_LF_LIB_consensus_vsearch	391	C	*/-G	236	9	3.28%	2	1	93	93	0.0018124155419458562	1	1	149	87	9	0	+G
F6_BC66_191109_LF_LIB_consensus_vsearch	392	G	*/-A	258	7	2.62%	2	1	93	93	0.007505299821009934	1	1	146	112	7	0	-A
F6_BC66_191109_LF_LIB_consensus_vsearch	393	A	*/-G	255	8	2.97%	2	1	93	93	0.003700892775288906	1	1	144	111	8	0	-G
F6_BC66_191109_LF_LIB_consensus_vsearch	405	G	*/-A	261	9	3.33%	2	1	93	93	0.0018252099194485903	1	1	152	109	9	0	-A
F6_BC66_191109_LF_LIB_consensus_vsearch	420	A	*/-GA	254	12	4.41%	2	2	93	93	2.1506344050599332E-4	1	1	143	111	10	2	-GA
F6_BC66_191109_LF_LIB_consensus_vsearch	421	G	*/-A	253	8	3.05%	2	1	93	93	0.0036993391596663746	1	1	142	111	8	0	-A
F6_BC66_191109_LF_LIB_consensus_vsearch	424	C	*/-T	257	7	2.55%	2	2	93	93	0.007504145184876668	1	1	151	106	5	2	-T
F6_BC66_191109_LF_LIB_consensus_vsearch	435	T	*/-C	226	46	16.67%	2	1	93	93	1.7769304331862263E-15	1	1	116	110	46	0	-C
F6_BC66_191109_LF_LIB_consensus_vsearch	438	T	*/+G	245	7	2.59%	2	2	93	93	0.007489580654151418	1	1	151	94	2	5	+G
F6_BC66_191109_LF_LIB_consensus_vsearch	438	T	*/-G	245	7	2.59%	2	2	93	93	0.007489580654151418	1	1	151	94	3	4	+G
F6_BC66_191109_LF_LIB_consensus_vsearch	443	C	*/-AC	259	10	3.68%	2	2	93	93	8.968490941134896E-4	1	1	153	106	8	2	-AC
F6_BC66_191109_LF_LIB_consensus_vsearch	448	T	*/-C	205	65	23.81%	2	2	93	93	3.368453998259887E-22	1	1	114	91	46	19	-C
F6_BC66_191109_LF_LIB_consensus_vsearch	449	C	*/+G	199	8	3.83%	2	1	93	93	0.0036462285478980633	1	1	107	92	8	0	+G
F6_BC66_191109_LF_LIB_consensus_vsearch	451	C	*/-T	223	31	11.23%	2	2	93	93	1.7573453092722525E-10	1	1	144	79	7	24	-T
F6_BC66_191109_LF_LIB_consensus_vsearch	451	C	*/-TT	223	10	3.62%	2	2	93	93	8.848831932848452E-4	1	1	144	79	8	2	-T
F6_BC66_191109_LF_LIB_consensus_vsearch	453	T	*/-G	228	12	4.58%	2	2	93	93	2.1205703996137238E-4	1	1	135	93	4	8	-G
F6_BC66_191109_LF_LIB_consensus_vsearch	472	G	*/-C	260	7	2.59%	2	2	93	93	0.0075075833477063125	1	1	154	106	4	3	-C
F6_BC66_191109_LF_LIB_consensus_vsearch	477	T	*/+G	258	8	2.91%	2	1	93	93	0.003703179949352368	1	1	152	106	8	0	+G
F6_BC66_191109_LF_LIB_consensus_vsearch	478	A	*/-G	258	8	2.94%	2	2	93	93	0.003703179949352368	1	1	151	107	7	1	-G
F6_BC66_191109_LF_LIB_consensus_vsearch	482	A	*/+C	236	14	5.19%	2	2	93	93	5.062147474326143E-5	1	1	132	104	12	2	+C
F6_BC66_191109_LF_LIB_consensus_vsearch	483	C	*/+T	253	13	4.89%	2	1	93	93	1.0505021901642927E-4	1	1	155	98	0	13	+T
F6_BC66_191109_LF_LIB_consensus_vsearch	494	T	*/-A	246	7	2.63%	2	2	93	93	0.007490846702557751	1	1	148	98	5	2	-A
F6_BC66_191109_LF_LIB_consensus_vsearch	496	G	*/-C	262	9	3.31%	2	2	93	93	0.0018256734909882749	1	1	154	108	6	3	-C
F6_BC66_191109_LF_LIB_consensus_vsearch	499	G	*/-A	263	10	3.65%	2	2	93	93	8.979886896061976E-4	1	1	154	109	6	4	-A
F6_BC66_191109_LF_LIB_consensus_vsearch	503	C	*/-T	239	22	8.12%	2	2	93	93	1.5025710947578298E-7	1	1	155	84	3	19	-T
F6_BC66_191109_LF_LIB_consensus_vsearch	511	C	*/+T	235	9	3.28%	2	1	93	93	0.0018118503395958998	1	1	143	92	9	0	+T
F6_BC66_191109_LF_LIB_consensus_vsearch	511	C	*/-T	235	13	4.74%	2	1	93	93	1.0388201196169096E-4	1	1	143	92	0	13	-T
F6_BC66_191109_LF_LIB_consensus_vsearch	511	C	*/-TT	235	7	2.55%	2	2	93	93	0.007476349629382664	1	1	143	92	3	4	-T
F6_BC66_191109_LF_LIB_consensus_vsearch	514	T	*/+C	150	8	2.97%	2	2	93	93	0.0035672943374071937	1	1	113	37	2	6	+C
F6_BC66_191109_LF_LIB_consensus_vsearch	514	T	*/-C	150	88	32.71%	2	2	93	93	1.560307607385332E-31	1	1	113	37	40	48	-C
F6_BC66_191109_LF_LIB_consensus_vsearch	514	T	*/-CC	150	12	4.46%	2	1	93	93	1.976499087089946E-4	1	1	113	37	0	12	-C
F6_BC66_191109_LF_LIB_consensus_vsearch	517	C	*/-T	237	12	4.48%	2	2	93	93	2.131655349948094E-4	1	1	153	84	1	11	-T
F6_BC66_191109_LF_LIB_consensus_vsearch	517	C	*/-TT	237	7	2.61%	2	2	93	93	0.007479081856645369	1	1	153	84	5	2	-T
F6_BC66_191109_LF_LIB_consensus_vsearch	520	T	*/+C	260	7	2.6%	2	1	93	93	0.0075075833477063125	1	1	154	106	7	0	+C
F6_BC66_191109_LF_LIB_consensus_vsearch	524	C	*/+T	248	10	3.66%	2	1	93	93	8.935377905624525E-4	1	1	146	102	10	0	+T
F6_BC66_191109_LF_LIB_consensus_vsearch	524	C	*/-G	248	9	3.3%	2	2	93	93	0.0018188615104327871	1	1	146	102	2	7	+T
F6_BC66_191109_LF_LIB_consensus_vsearch	528	C	*/-A	222	44	16%	2	2	93	93	8.175933785983981E-15	1	1	118	104	38	6	-A
F6_BC66_191109_LF_LIB_consensus_vsearch	530	A	*/-G	260	8	2.91%	2	2	93	93	0.0037046766426069204	1	1	159	101	1	7	-G
F6_BC66_191109_LF_LIB_consensus_vsearch	536	C	*/+T	242	7	2.56%	2	1	93	93	0.007485722003053852	1	1	138	104	7	0	+T
F6_BC66_191109_LF_LIB_consensus_vsearch	536	C	*/-GC	242	17	6.23%	2	2	93	93	5.816934560054175E-6	1	1	138	104	9	8	-GC
F6_BC66_191109_LF_LIB_consensus_vsearch	541	A	*/-G	214	41	15.13%	2	1	93	93	7.912532126816318E-14	1	1	112	102	41	0	-G
F6_BC66_191109_LF_LIB_consensus_vsearch	541	A	*/-GA	214	9	3.32%	2	1	93	93	0.0017988361772468277	1	1	112	102	0	9	-G
F6_BC66_191109_LF_LIB_consensus_vsearch	544	C	*/-GC	243	14	5.19%	2	2	93	93	5.088712817288902E-5	1	1	133	110	13	1	-GC
F6_BC66_191109_LF_LIB_consensus_vsearch	545	G	*/-C	215	24	9.38%	2	2	93	93	3.2466304599445884E-8	1	1	106	109	22	2	-C
F6_BC66_191109_LF_LIB_consensus_vsearch	546	C	*/+T	210	8	3.4%	2	1	93	93	0.0036591481612605	1	1	111	99	0	8	+T
F6_BC66_191109_LF_LIB_consensus_vsearch	547	C	*/-T	213	18	6.59%	2	2	93	93	2.703550386671577E-6	1	1	114	99	8	10	-T
F6_BC66_191109_LF_LIB_consensus_vsearch	547	C	*/-TT	213	15	5.49%	2	1	93	93	2.4057212275525828E-5	1	1	114	99	15	0	-T
F6_BC66_191109_LF_LIB_consensus_vsearch	548	T	*/+A	207	7	2.94%	2	1	93	93	0.007432788253078562	1	1	105	102	7	0	+A
F6_BC66_191109_LF_LIB_consensus_vsearch	550	G	*/-A	247	8	2.97%	2	2	93	93	0.0036945340250354765	1	1	140	107	3	5	-A
F6_BC66_191109_LF_LIB_consensus_vsearch	555	C	*/-A	246	13	4.8%	2	2	93	93	1.0461416751144055E-4	1	1	152	94	6	7	-A
F6_BC66_191109_LF_LIB_consensus_vsearch	565	A	*/+G	236	7	2.55%	2	1	93	93	0.007477721316805575	1	1	143	93	0	7	+G
F6_BC66_191109_LF_LIB_consensus_vsearch	565	A	*/-G	236	16	5.84%	2	2	93	93	1.1934874983236344E-5	1	1	143	93	4	12	-G
F6_BC66_191109_LF_LIB_consensus_vsearch	572	C	*/-GC	247	14	5.07%	2	1	93	93	5.103294910034228E-5	1	1	136	111	14	0	-GC
F6_BC66_191109_LF_LIB_consensus_vsearch	574	C	*/-T	228	16	6.13%	2	2	93	93	1.1835957900629796E-5	1	1	128	100	7	9	-T
F6_BC66_191109_LF_LIB_consensus_vsearch	574	C	*/-TT	228	10	3.83%	2	1	93	93	8.867554066061573E-4	1	1	128	100	10	0	-T
F6_BC66_191109_LF_LIB_consensus_vsearch	576	T	*/+G	229	7	2.65%	2	1	93	93	0.007467877541059236	1	1	125	104	7	0	+G
F6_BC66_191109_LF_LIB_consensus_vsearch	576	T	*/-A	229	9	3.41%	2	2	93	93	0.0018083614623809116	1	1	125	104	8	1	-A
F6_BC66_191109_LF_LIB_consensus_vsearch	577	A	*/-G	206	52	19.62%	2	2	93	93	1.2709150232227069E-17	1	1	136	70	15	37	-G
F6_BC66_191109_LF_LIB_consensus_vsearch	588	A	*/+C	233	10	3.69%	2	2	93	93	8.885527375126605E-4	1	1	136	97	9	1	+C
F6_BC66_191109_LF_LIB_consensus_vsearch	588	A	*/-C	233	18	6.64%	2	2	93	93	2.7815366487660633E-6	1	1	136	97	9	9	-C
F6_BC66_191109_LF_LIB_consensus_vsearch	609	G	*/-C	256	7	2.55%	2	2	93	93	0.007502981837406636	1	1	148	108	3	4	-C
F6_BC66_191109_LF_LIB_consensus_vsearch	612	A	*/-G	222	39	14.29%	2	2	93	93	3.922265535011069E-13	1	1	146	76	8	31	-G
F6_BC66_191109_LF_LIB_consensus_vsearch	618	C	*/+T	252	12	4.36%	2	1	93	93	2.1485229997259312E-4	1	1	161	91	0	12	+T
F6_BC66_191109_LF_LIB_consensus_vsearch	618	C	*/-T	252	8	2.91%	2	1	93	93	0.003698553505001527	1	1	161	91	0	8	+T
F6_BC66_191109_LF_LIB_consensus_vsearch	622	C	*/-TC	263	7	2.55%	2	1	93	93	0.007510945692957774	1	1	163	100	0	7	-TC
F6_BC66_191109_LF_LIB_consensus_vsearch	623	T	*/-C	244	7	2.65%	2	1	93	93	0.00748830460110489	1	1	144	100	7	0	-C
F6_BC66_191109_LF_LIB_consensus_vsearch	629	T	*/+C	263	10	3.64%	2	1	93	93	8.979886896061976E-4	1	1	150	113	10	0	+C
F6_BC66_191109_LF_LIB_consensus_vsearch	636	T	*/+C	232	8	2.94%	2	2	93	93	0.0036814848550168837	1	1	129	103	6	2	+C
F6_BC66_191109_LF_LIB_consensus_vsearch	636	T	*/-C	232	23	8.46%	2	2	93	93	7.093206266327472E-8	1	1	129	103	17	6	-C
F6_BC66_191109_LF_LIB_consensus_vsearch	643	T	*/-C	258	8	2.94%	2	2	93	93	0.003703179949352368	1	1	156	102	2	6	-C
F6_BC66_191109_LF_LIB_consensus_vsearch	646	C	*/+TT	255	7	2.55%	2	1	93	93	0.007501809679633719	1	1	149	106	7	0	+TT
F6_BC66_191109_LF_LIB_consensus_vsearch	650	A	*/-GA	257	8	2.9%	2	2	93	93	0.0037024232386659835	1	1	149	108	6	2	-GA
F6_BC66_191109_LF_LIB_consensus_vsearch	655	A	*/-T	256	9	3.28%	2	2	93	93	0.0018228405600327687	1	1	152	104	6	3	-T
F6_BC66_191109_LF_LIB_consensus_vsearch	667	C	*/-A	258	9	3.31%	2	1	93	93	0.001823798755543091	1	1	149	109	9	0	-A
F6_BC66_191109_LF_LIB_consensus_vsearch	670	C	*/-A	257	14	5.11%	2	2	93	93	5.137984883933094E-5	1	1	149	108	12	2	-A
F6_BC66_191109_LF_LIB_consensus_vsearch	676	C	*/-G	260	7	2.54%	2	2	93	93	0.0075075833477063125	1	1	159	101	3	4	-G
F6_BC66_191109_LF_LIB_consensus_vsearch	682	T	*/+C	218	9	3.27%	2	1	93	93	0.001801496644156972	1	1	138	80	0	9	+C
F6_BC66_191109_LF_LIB_consensus_vsearch	682	T	*/-A	218	14	5.09%	2	2	93	93	4.9870133531628E-5	1	1	138	80	12	2	-A
F6_BC66_191109_LF_LIB_consensus_vsearch	684	G	*/-A	260	8	2.94%	2	1	93	93	0.0037046766426069204	1	1	148	112	8	0	-A
F6_BC66_191109_LF_LIB_consensus_vsearch	685	A	*/-G	247	10	3.82%	2	2	93	93	8.932230783903669E-4	1	1	137	110	9	1	-G
F6_BC66_191109_LF_LIB_consensus_vsearch	692	T	*/-C	244	17	6.34%	2	1	93	93	5.829437124312315E-6	1	1	141	103	17	0	-C
F6_BC66_191109_LF_LIB_consensus_vsearch	707	G	*/-CG	264	9	3.26%	2	2	93	93	0.001826590629994852	1	1	159	105	2	7	-CG
F6_BC66_191109_LF_LIB_consensus_vsearch	714	G	*/-C	251	7	2.56%	2	2	93	93	0.007497030913500092	1	1	145	106	4	3	-C
F6_BC66_191109_LF_LIB_consensus_vsearch	716	C	*/-T	260	7	2.55%	2	1	93	93	0.0075075833477063125	1	1	163	97	0	7	-T
F6_BC66_191109_LF_LIB_consensus_vsearch	719	C	*/-TC	246	25	9.23%	2	1	93	93	1.668750206804489E-8	1	1	163	83	0	25	-TC
F6_BC66_191109_LF_LIB_consensus_vsearch	720	T	*/+C	228	21	8.37%	2	1	93	93	3.071234650985349E-7	1	1	141	87	21	0	+C
F6_BC66_191109_LF_LIB_consensus_vsearch	724	C	*/-A	258	9	3.27%	2	2	93	93	0.001823798755543091	1	1	153	105	4	5	-A
F6_BC66_191109_LF_LIB_consensus_vsearch	731	A	*/-C	253	11	4.03%	2	1	93	93	4.390460042919817E-4	1	1	154	99	0	11	-C
F6_BC66_191109_LF_LIB_consensus_vsearch	736	C	*/-AC	248	22	8%	2	1	93	93	1.5268617619661276E-7	1	1	136	112	22	0	-AC
F6_BC66_191109_LF_LIB_consensus_vsearch	739	G	*/-C	235	17	6.25%	2	2	93	93	5.771783803360286E-6	1	1	147	88	8	9	-C
F6_BC66_191109_LF_LIB_consensus_vsearch	740	C	*/+T	224	13	5.2%	2	2	93	93	1.0308590668956199E-4	1	1	153	71	1	12	+T
F6_BC66_191109_LF_LIB_consensus_vsearch	743	T	*/+C	242	9	3.31%	2	2	93	93	0.00181571404902803	1	1	142	100	6	3	+C
F6_BC66_191109_LF_LIB_consensus_vsearch	743	T	*/-C	242	16	5.88%	2	2	93	93	1.2005409850526221E-5	1	1	142	100	12	4	-C
F6_BC66_191109_LF_LIB_consensus_vsearch	748	C	*/-T	238	24	8.96%	2	2	93	93	3.433216937353479E-8	1	1	157	81	1	23	-T
F6_BC66_191109_LF_LIB_consensus_vsearch	749	T	*/+C	228	10	4.02%	2	2	93	93	8.867554066061573E-4	1	1	143	85	8	2	+C
F6_BC66_191109_LF_LIB_consensus_vsearch	749	T	*/-C	228	7	2.81%	2	2	93	93	0.007466423838535645	1	1	143	85	6	1	+C
F6_BC66_191109_LF_LIB_consensus_vsearch	754	G	*/+C	260	8	2.91%	2	1	93	93	0.0037046766426069204	1	1	150	110	8	0	+C
F6_BC66_191109_LF_LIB_consensus_vsearch	764	C	*/-G	242	24	8.76%	2	1	93	93	3.46316458685608E-8	1	1	158	84	0	24	-G
F6_BC66_191109_LF_LIB_consensus_vsearch	772	G	*/+A	260	7	2.54%	2	1	93	93	0.0075075833477063125	1	1	153	107	7	0	+A
F6_BC66_191109_LF_LIB_consensus_vsearch	788	T	*/+G	238	10	3.69%	2	1	93	93	8.902795873314557E-4	1	1	138	100	10	0	+G
F6_BC66_191109_LF_LIB_consensus_vsearch	788	T	*/-A	238	7	2.58%	2	2	93	93	0.007480431384223459	1	1	138	100	6	1	+G
F6_BC66_191109_LF_LIB_consensus_vsearch	789	A	*/-G	234	13	4.91%	2	2	93	93	1.0381240209820479E-4	1	1	134	100	5	8	-G
F6_BC66_191109_LF_LIB_consensus_vsearch	792	C	*/-T	251	7	2.56%	2	2	93	93	0.007497030913500092	1	1	146	105	4	3	-T
F6_BC66_191109_LF_LIB_consensus_vsearch	794	T	*/-A	236	15	5.66%	2	2	93	93	2.4603451297384386E-5	1	1	131	105	13	2	-A
F6_BC66_191109_LF_LIB_consensus_vsearch	806	A	*/+T	230	15	5.45%	2	2	93	93	2.4470020356425385E-5	1	1	130	100	13	2	+T
F6_BC66_191109_LF_LIB_consensus_vsearch	806	A	*/-T	230	20	7.27%	2	2	93	93	6.42131221843996E-7	1	1	130	100	15	5	-T
F6_BC66_191109_LF_LIB_consensus_vsearch	812	A	*/-G	228	22	8.06%	2	2	93	93	1.4709921474682063E-7	1	1	144	84	1	21	-G
F6_BC66_191109_LF_LIB_consensus_vsearch	818	G	*/-A	264	7	2.55%	2	1	93	93	0.007512050058182546	1	1	152	112	7	0	-A
F6_BC66_191109_LF_LIB_consensus_vsearch	825	T	*/-C	262	7	2.54%	2	2	93	93	0.007509833180020558	1	1	156	106	1	6	-C
F6_BC66_191109_LF_LIB_consensus_vsearch	833	T	*/-A	219	20	7.27%	2	2	93	93	6.300524183115758E-7	1	1	138	81	19	1	-A
F6_BC66_191109_LF_LIB_consensus_vsearch	833	T	*/-AA	219	29	10.55%	2	1	93	93	7.811491633301136E-10	1	1	138	81	0	29	-AA
F6_BC66_191109_LF_LIB_consensus_vsearch	838	T	*/-G	258	11	3.99%	2	2	93	93	4.3993165790743476E-4	1	1	151	107	8	3	-G
F6_BC66_191109_LF_LIB_consensus_vsearch	845	C	*/+A	74	12	4.4%	2	1	93	93	1.617709653225875E-4	1	1	61	13	0	12	+A
F6_BC66_191109_LF_LIB_consensus_vsearch	845	C	*/+AC	74	153	56.04%	2	2	93	93	2.4759597183843345E-64	1	1	61	13	87	66	+AC
F6_BC66_191109_LF_LIB_consensus_vsearch	845	C	*/-T	74	8	2.93%	2	2	93	93	0.003266103505100527	1	1	61	13	2	6	+AC
F6_BC66_191109_LF_LIB_consensus_vsearch	847	T	*/-C	240	15	5.43%	2	1	93	93	2.468919460222434E-5	1	1	158	82	0	15	-C
F6_BC66_191109_LF_LIB_consensus_vsearch	863	C	*/-T	246	17	6.27%	2	2	93	93	5.841769516295736E-6	1	1	147	99	11	6	-T
F6_BC66_191109_LF_LIB_consensus_vsearch	865	T	*/-C	231	26	9.56%	2	2	93	93	7.658648530086122E-9	1	1	140	91	9	17	-C
F6_BC66_191109_LF_LIB_consensus_vsearch	878	T	*/-C	255	19	6.91%	2	1	93	93	1.380854557662234E-6	1	1	143	112	19	0	-C
F6_BC66_191109_LF_LIB_consensus_vsearch	879	C	*/+A	247	8	3.12%	2	1	93	93	0.0036945340250354765	1	1	135	112	8	0	+A
F6_BC66_191109_LF_LIB_consensus_vsearch	901	G	*/-C	261	8	2.94%	2	2	93	93	0.003705416747963619	1	1	155	106	2	6	-C
F6_BC66_191109_LF_LIB_consensus_vsearch	903	C	*/+T	157	12	4.4%	2	2	93	93	1.9944912213477976E-4	1	1	108	49	5	7	+T
F6_BC66_191109_LF_LIB_consensus_vsearch	903	C	*/-T	157	77	28.21%	2	2	93	93	3.579983613043374E-27	1	1	108	49	41	36	-T
F6_BC66_191109_LF_LIB_consensus_vsearch	903	C	*/-TT	157	16	5.86%	2	2	93	93	1.061148802625045E-5	1	1	108	49	4	12	-T
F6_BC66_191109_LF_LIB_consensus_vsearch	920	G	*/+C	247	9	3.26%	2	2	93	93	0.0018183469810084327	1	1	138	109	8	1	+C
F6_BC66_191109_LF_LIB_consensus_vsearch	920	G	*/-C	247	17	6.16%	2	1	93	93	5.847872971450355E-6	1	1	138	109	17	0	-C
F6_BC66_191109_LF_LIB_consensus_vsearch	923	T	*/+G	238	26	9.52%	2	1	93	93	7.802122762981613E-9	1	1	134	104	26	0	+G
F6_BC66_191109_LF_LIB_consensus_vsearch	924	A	*/-G	245	25	9.09%	2	1	93	93	1.6649970013577793E-8	1	1	136	109	25	0	-G
F6_BC66_191109_LF_LIB_consensus_vsearch	927	C	*/-T	256	10	3.62%	2	2	93	93	8.959724786606658E-4	1	1	158	98	3	7	-T
F6_BC66_191109_LF_LIB_consensus_vsearch	933	C	*/+A	262	8	2.92%	2	1	93	93	0.0037061514394952193	1	1	161	101	0	8	+A
F6_BC66_191109_LF_LIB_consensus_vsearch	936	C	*/-T	244	10	3.7%	2	2	93	93	8.922644712756052E-4	1	1	151	93	1	9	-T
F6_BC66_191109_LF_LIB_consensus_vsearch	950	C	*/-G	259	8	2.95%	2	2	93	93	0.003703931063382389	1	1	156	103	2	6	-G
F6_BC66_191109_LF_LIB_consensus_vsearch	957	T	*/+C	209	8	2.91%	2	2	93	93	0.003658026926953576	1	1	106	103	4	4	+C
F6_BC66_191109_LF_LIB_consensus_vsearch	957	T	*/-C	209	51	18.55%	2	2	93	93	2.922759633060265E-17	1	1	106	103	49	2	-C
F6_BC66_191109_LF_LIB_consensus_vsearch	976	C	*/+T	218	7	2.6%	2	2	93	93	0.007451182688346346	1	1	120	98	5	2	+T
F6_BC66_191109_LF_LIB_consensus_vsearch	976	C	*/-T	218	26	9.67%	2	2	93	93	7.377102490404845E-9	1	1	120	98	24	2	-T
F6_BC66_191109_LF_LIB_consensus_vsearch	979	A	*/+C	62	151	55.31%	2	2	93	93	4.755111549884948E-65	1	1	25	37	79	72	+C
F6_BC66_191109_LF_LIB_consensus_vsearch	980	C	*/+A	235	10	3.73%	2	2	93	93	8.892517004154109E-4	1	1	139	96	6	4	+A
F6_BC66_191109_LF_LIB_consensus_vsearch	980	C	*/+T	235	9	3.36%	2	1	93	93	0.0018118503395958998	1	1	139	96	0	9	+A
F6_BC66_191109_LF_LIB_consensus_vsearch	980	C	*/-A	235	8	2.99%	2	1	93	93	0.003684221776127662	1	1	139	96	8	0	+A
F6_BC66_191109_LF_LIB_consensus_vsearch	988	G	*/-C	258	7	2.56%	2	1	93	93	0.007505299821009934	1	1	146	112	7	0	-C
F6_BC66_191109_LF_LIB_consensus_vsearch	991	C	*/-AC	257	13	4.73%	2	1	93	93	1.0528976599273693E-4	1	1	146	111	13	0	-AC
F6_BC66_191109_LF_LIB_consensus_vsearch	993	C	*/-T	241	7	2.66%	2	2	93	93	0.007484415214222657	1	1	137	104	2	5	-T
F6_BC66_191109_LF_LIB_consensus_vsearch	993	C	*/-TT	241	8	3.04%	2	1	93	93	0.0036895004577195047	1	1	137	104	8	0	-TT
F6_BC66_191109_LF_LIB_consensus_vsearch	999	T	*/-C	254	16	5.86%	2	2	93	93	1.2137905914044053E-5	1	1	147	107	15	1	-C
F6_BC66_191109_LF_LIB_consensus_vsearch	1006	A	*/+T	208	46	16.91%	2	2	93	93	1.5106613594504477E-15	1	1	105	103	44	2	+T
F6_BC66_191109_LF_LIB_consensus_vsearch	1006	A	*/-T	208	12	4.41%	2	2	93	93	2.0928573468617033E-4	1	1	105	103	8	4	+T
F6_BC66_191109_LF_LIB_consensus_vsearch	1022	A	*/-CA	248	14	5.15%	2	2	93	93	5.106875368908258E-5	1	1	156	92	1	13	-CA
F6_BC66_191109_LF_LIB_consensus_vsearch	1023	C	*/+A	231	17	6.59%	2	1	93	93	5.7449664289726325E-6	1	1	138	93	17	0	+A
F6_BC66_191109_LF_LIB_consensus_vsearch	1037	C	*/-G	228	36	13.19%	2	2	93	93	4.044776613805596E-12	1	1	149	79	4	32	-G
F6_BC66_191109_LF_LIB_consensus_vsearch	1045	C	*/-AC	246	9	3.27%	2	2	93	93	0.0018178284943888832	1	1	146	100	8	1	-AC
F6_BC66_191109_LF_LIB_consensus_vsearch	1049	C	*/-A	246	18	6.69%	2	2	93	93	2.8266626691789653E-6	1	1	154	92	2	16	-A
F6_BC66_191109_LF_LIB_consensus_vsearch	1053	T	*/-C	254	11	3.99%	2	1	93	93	4.392257188796428E-4	1	1	160	94	0	11	-C
F6_BC66_191109_LF_LIB_consensus_vsearch	1054	C	*/-G	243	10	3.8%	2	2	93	93	8.91940019333984E-4	1	1	155	88	1	9	-G
F6_BC66_191109_LF_LIB_consensus_vsearch	1056	G	*/-A	239	31	11.31%	2	1	93	93	1.8684029309667894E-10	1	1	127	112	31	0	-A
F6_BC66_191109_LF_LIB_consensus_vsearch	1058	G	*/-T	263	10	3.65%	2	1	93	93	8.979886896061976E-4	1	1	151	112	10	0	-T
F6_BC66_191109_LF_LIB_consensus_vsearch	1063	A	*/+G	252	9	3.3%	2	2	93	93	0.0018208809482378404	1	1	145	107	7	2	+G
F6_BC66_191109_LF_LIB_consensus_vsearch	1073	G	*/-A	254	12	4.4%	2	1	93	93	2.1506344050599332E-4	1	1	143	111	12	0	-A
F6_BC66_191109_LF_LIB_consensus_vsearch	1076	G	*/-C	264	7	2.55%	2	2	93	93	0.007512050058182546	1	1	153	111	5	2	-C
F6_BC66_191109_LF_LIB_consensus_vsearch	1085	G	*/-C	241	19	7.01%	2	2	93	93	1.3561639340408357E-6	1	1	135	106	14	5	-C
F6_BC66_191109_LF_LIB_consensus_vsearch	1090	G	*/-A	261	9	3.3%	2	1	93	93	0.0018252099194485903	1	1	148	113	9	0	-A
F6_BC66_191109_LF_LIB_consensus_vsearch	1095	A	*/+C	228	17	6.27%	2	2	93	93	5.724343647226439E-6	1	1	119	109	16	1	+C
F6_BC66_191109_LF_LIB_consensus_vsearch	1095	A	*/-C	228	22	8.12%	2	2	93	93	1.4709921474682063E-7	1	1	119	109	21	1	-C
F6_BC66_191109_LF_LIB_consensus_vsearch	1114	C	*/+A	250	8	2.92%	2	1	93	93	0.0036969641636293116	1	1	149	101	8	0	+A
F6_BC66_191109_LF_LIB_consensus_vsearch	1129	T	*/-C	254	13	4.74%	2	2	93	93	1.0511074343687666E-4	1	1	158	96	1	12	-C
F6_BC66_191109_LF_LIB_consensus_vsearch	1130	C	*/-TC	250	11	4.2%	2	2	93	93	4.3849887966753017E-4	1	1	159	91	3	8	-TC
F6_BC66_191109_LF_LIB_consensus_vsearch	1131	T	*/+C	255	7	2.64%	2	1	93	93	0.007501809679633719	1	1	153	102	7	0	+C
F6_BC66_191109_LF_LIB_consensus_vsearch	1136	A	*/-G	243	23	8.42%	2	2	93	93	7.254118414451195E-8	1	1	145	98	11	12	-G
F6_BC66_191109_LF_LIB_consensus_vsearch	1139	A	*/+C	261	7	2.59%	2	1	93	93	0.007508712428886389	1	1	148	113	7	0	+C
F6_BC66_191109_LF_LIB_consensus_vsearch	1141	C	*/+AC	244	16	5.8%	2	1	93	93	1.202826432383446E-5	1	1	132	112	16	0	+AC
F6_BC66_191109_LF_LIB_consensus_vsearch	1149	T	*/-C	241	30	10.87%	2	1	93	93	3.983602828336478E-10	1	1	129	112	30	0	-C
F6_BC66_191109_LF_LIB_consensus_vsearch	1153	G	*/-A	258	9	3.3%	2	2	93	93	0.001823798755543091	1	1	146	112	8	1	-A
F6_BC66_191109_LF_LIB_consensus_vsearch	1154	A	*/+G	150	10	3.79%	2	2	93	93	8.447908106466188E-4	1	1	68	82	9	1	+G
F6_BC66_191109_LF_LIB_consensus_vsearch	1154	A	*/-G	150	74	28.03%	2	2	93	93	3.724840248998877E-26	1	1	68	82	45	29	-G
F6_BC66_191109_LF_LIB_consensus_vsearch	1154	A	*/-GG	150	12	4.55%	2	1	93	93	1.976499087089946E-4	1	1	68	82	12	0	-G
F6_BC66_191109_LF_LIB_consensus_vsearch	1154	A	*/-GGGA	150	16	6.06%	2	1	93	93	1.0442229936658031E-5	1	1	68	82	16	0	-GGGA
F6_BC66_191109_LF_LIB_consensus_vsearch	1161	C	*/-T	251	15	5.49%	2	2	93	93	2.4912706212617995E-5	1	1	156	95	3	12	-T
F6_BC66_191109_LF_LIB_consensus_vsearch	1163	T	*/+C	241	12	4.43%	2	1	93	93	2.1363402075967646E-4	1	1	137	104	12	0	+C
F6_BC66_191109_LF_LIB_consensus_vsearch	1163	T	*/-C	241	9	3.32%	2	2	93	93	0.0018151750748872056	1	1	137	104	4	5	+C
F6_BC66_191109_LF_LIB_consensus_vsearch	1164	C	*/-G	233	18	6.84%	2	2	93	93	2.7815366487660633E-6	1	1	155	78	1	17	-G
F6_BC66_191109_LF_LIB_consensus_vsearch	1165	G	*/+A	231	20	7.84%	2	2	93	93	6.431854331802894E-7	1	1	159	72	2	18	+A
F6_BC66_191109_LF_LIB_consensus_vsearch	1166	G	*/-A	254	16	5.8%	2	2	93	93	1.2137905914044053E-5	1	1	157	97	1	15	-A
F6_BC66_191109_LF_LIB_consensus_vsearch	1167	A	*/+G	115	128	49.23%	2	2	93	93	2.528762082621224E-49	1	1	72	43	79	49	+G
F6_BC66_191109_LF_LIB_consensus_vsearch	1167	A	*/-G	115	7	2.69%	2	2	93	93	0.007151294421903387	1	1	72	43	6	1	+G
F6_BC66_191109_LF_LIB_consensus_vsearch	1168	G	*/+AGG	253	9	3.37%	2	1	93	93	0.0018213763549018416	1	1	142	111	9	0	+AGG
F6_BC66_191109_LF_LIB_consensus_vsearch	1187	T	*/+C	261	8	2.92%	2	1	93	93	0.003705416747963619	1	1	160	101	0	8	+C
F6_BC66_191109_LF_LIB_consensus_vsearch	1188	T	*/-C	261	7	2.55%	2	1	93	93	0.007508712428886389	1	1	156	105	0	7	-C
F6_BC66_191109_LF_LIB_consensus_vsearch	1193	A	*/+G	252	7	2.6%	2	1	93	93	0.007498239332403135	1	1	149	103	0	7	+G
F6_BC66_191109_LF_LIB_consensus_vsearch	1195	G	*/+T	252	15	5.43%	2	1	93	93	2.4932181436345333E-5	1	1	159	93	0	15	+T
F6_BC66_191109_LF_LIB_consensus_vsearch	1196	T	*/-CTT	245	15	5.51%	2	2	93	93	2.4792952994020384E-5	1	1	154	91	1	14	-CTT
F6_BC66_191109_LF_LIB_consensus_vsearch	1197	C	*/-T	219	22	8.56%	2	1	93	93	1.4434661999665344E-7	1	1	153	66	0	22	-T
F6_BC66_191109_LF_LIB_consensus_vsearch	1200	T	*/-C	266	7	2.54%	2	2	93	93	0.0075142347009056415	1	1	158	108	3	4	-C
F6_BC66_191109_LF_LIB_consensus_vsearch	1202	G	*/-C	186	68	25.09%	2	2	93	93	1.884438627670497E-23	1	1	92	94	52	16	-C
F6_BC66_191109_LF_LIB_consensus_vsearch	1209	T	*/-AC	253	8	2.94%	2	1	93	93	0.0036993391596663746	1	1	143	110	8	0	-AC
F6_BC66_191109_LF_LIB_consensus_vsearch	1211	C	*/+T	257	7	2.64%	2	2	93	93	0.007504145184876668	1	1	148	109	4	3	+T
F6_BC66_191109_LF_LIB_consensus_vsearch	1221	G	*/-CG	262	9	3.26%	2	1	93	93	0.0018256734909882749	1	1	160	102	0	9	-CG
F6_BC66_191109_LF_LIB_consensus_vsearch	1227	G	*/-A	261	8	2.96%	2	1	93	93	0.003705416747963619	1	1	149	112	8	0	-A
F6_BC66_191109_LF_LIB_consensus_vsearch	1228	A	*/-T	250	7	2.63%	2	2	93	93	0.007495813166417644	1	1	143	107	6	1	-T
F6_BC66_191109_LF_LIB_consensus_vsearch	1233	C	*/-AC	234	33	12.09%	2	2	93	93	4.059259740637717E-11	1	1	127	107	32	1	-AC
F6_BC66_191109_LF_LIB_consensus_vsearch	1250	A	*/-G	252	8	2.92%	2	2	93	93	0.003698553505001527	1	1	145	107	4	4	-G
F6_BC66_191109_LF_LIB_consensus_vsearch	1277	T	*/+C	256	7	2.57%	2	2	93	93	0.007502981837406636	1	1	147	109	4	3	+C
F6_BC66_191109_LF_LIB_consensus_vsearch	1279	A	*/-C	260	8	2.92%	2	2	93	93	0.0037046766426069204	1	1	152	108	4	4	-C
F6_BC66_191109_LF_LIB_consensus_vsearch	1280	C	*/+T	253	11	4.14%	2	1	93	93	4.390460042919817E-4	1	1	158	95	0	11	+T
F6_BC66_191109_LF_LIB_consensus_vsearch	1281	C	*/+T	229	24	8.7%	2	1	93	93	3.3632307211116254E-8	1	1	158	71	0	24	+T
F6_BC66_191109_LF_LIB_consensus_vsearch	1281	C	*/-T	229	19	6.88%	2	2	93	93	1.3331035995980523E-6	1	1	158	71	4	15	+T
F6_BC66_191109_LF_LIB_consensus_vsearch	1283	T	*/-AC	247	19	6.91%	2	1	93	93	1.367020640150722E-6	1	1	138	109	19	0	-AC
F6_BC66_191109_LF_LIB_consensus_vsearch	1284	A	*/-C	212	26	10.32%	2	2	93	93	7.2400912318250535E-9	1	1	103	109	23	3	-C
F6_BC66_191109_LF_LIB_consensus_vsearch	1284	A	*/-CC	212	9	3.57%	2	1	93	93	0.00179747064240055	1	1	103	109	9	0	-C
F6_BC66_191109_LF_LIB_consensus_vsearch	1304	C	*/-T	250	19	6.88%	2	2	93	93	1.3722918430653026E-6	1	1	157	93	1	18	-T
F6_BC66_191109_LF_LIB_consensus_vsearch	1307	T	*/+C	261	7	2.55%	2	2	93	93	0.007508712428886389	1	1	152	109	6	1	+C
F6_BC66_191109_LF_LIB_consensus_vsearch	1321	A	*/-CA	245	9	3.27%	2	1	93	93	0.0018173060047634259	1	1	135	110	9	0	-CA
F6_BC66_191109_LF_LIB_consensus_vsearch	1328	C	*/+T	260	7	2.54%	2	2	93	93	0.0075075833477063125	1	1	159	101	1	6	+T
F6_BC66_191109_LF_LIB_consensus_vsearch	1330	A	*/-C	246	19	7.04%	2	1	93	93	1.3652406653585688E-6	1	1	156	90	0	19	-C
F6_BC66_191109_LF_LIB_consensus_vsearch	1332	C	*/-TC	254	10	3.68%	2	1	93	93	8.953772843442645E-4	1	1	159	95	0	10	-TC
F6_BC66_191109_LF_LIB_consensus_vsearch	1337	A	*/-CA	230	36	13.04%	2	2	93	93	4.086784918968076E-12	1	1	135	95	22	14	-CA
F6_BC66_191109_LF_LIB_consensus_vsearch	1345	G	*/+T	249	21	7.61%	2	2	93	93	3.1824949978315514E-7	1	1	149	100	9	12	+T
F6_BC66_191109_LF_LIB_consensus_vsearch	1346	G	*/+TG	72	200	72.46%	2	2	93	93	1.1854193735794911E-87	1	1	37	35	125	75	+TG
F6_BC66_191109_LF_LIB_consensus_vsearch	1347	C	*/+A	219	7	2.56%	2	1	93	93	0.007452766938834958	1	1	132	87	7	0	+A
F6_BC66_191109_LF_LIB_consensus_vsearch	1348	G	*/+C	228	24	8.82%	2	2	93	93	3.355223097997583E-8	1	1	137	91	9	15	+C
F6_BC66_191109_LF_LIB_consensus_vsearch	1348	G	*/+CA	228	12	4.41%	2	1	93	93	2.1205703996137238E-4	1	1	137	91	12	0	+C
F6_BC66_191109_LF_LIB_consensus_vsearch	1352	G	*/+T	252	15	5.47%	2	1	93	93	2.4932181436345333E-5	1	1	159	93	0	15	+T
F6_BC66_191109_LF_LIB_consensus_vsearch	1354	C	*/-T	245	18	6.74%	2	2	93	93	2.8233306503124774E-6	1	1	152	93	3	15	-T
F6_BC66_191109_LF_LIB_consensus_vsearch	1358	C	*/-A	240	9	3.28%	2	1	93	93	0.0018146318577743554	1	1	136	104	9	0	-A
F6_BC66_191109_LF_LIB_consensus_vsearch	1360	C	*/+A	214	8	3.04%	2	2	93	93	0.003663533633296164	1	1	111	103	7	1	+A
F6_BC66_191109_LF_LIB_consensus_vsearch	1360	C	*/-A	214	26	9.89%	2	2	93	93	7.286279215956525E-9	1	1	111	103	25	1	-A
F6_BC66_191109_LF_LIB_consensus_vsearch	1369	T	*/+C	219	11	4%	2	2	93	93	4.3204184318133837E-4	1	1	143	76	5	6	+C
F6_BC66_191109_LF_LIB_consensus_vsearch	1369	T	*/-C	219	38	13.82%	2	2	93	93	8.307406938157111E-13	1	1	143	76	14	24	-C
F6_BC66_191109_LF_LIB_consensus_vsearch	1380	G	*/-CG	263	8	2.92%	2	2	93	93	0.003706880776381375	1	1	161	102	1	7	-CG
F6_BC66_191109_LF_LIB_consensus_vsearch	1394	T	*/-C	228	43	15.69%	2	2	93	93	1.860544630129189E-14	1	1	118	110	42	1	-C
F6_BC66_191109_LF_LIB_consensus_vsearch	1396	C	*/-A	249	19	6.88%	2	1	93	93	1.3705461195175102E-6	1	1	138	111	19	0	-A
F6_BC66_191109_LF_LIB_consensus_vsearch	1397	A	*/-G	228	7	2.73%	2	1	93	93	0.007466423838535645	1	1	116	112	7	0	-G
F6_BC66_191109_LF_LIB_consensus_vsearch	1399	G	*/+T	200	15	5.47%	2	2	93	93	2.3701643162627867E-5	1	1	93	107	12	3	+T
F6_BC66_191109_LF_LIB_consensus_vsearch	1399	G	*/-T	200	51	18.61%	2	2	93	93	2.621132642763761E-17	1	1	93	107	49	2	-T
F6_BC66_191109_LF_LIB_consensus_vsearch	1407	T	*/+C	76	188	68.36%	2	2	93	93	4.877989179405601E-81	1	1	51	25	105	83	+C
F6_BC66_191109_LF_LIB_consensus_vsearch	1417	C	*/-GC	251	10	3.68%	2	1	93	93	8.944678342239841E-4	1	1	151	100	10	0	-GC
F6_BC66_191109_LF_LIB_consensus_vsearch	1423	C	*/+A	230	13	4.78%	2	2	93	93	1.0352856420599275E-4	1	1	122	108	12	1	+A
F6_BC66_191109_LF_LIB_consensus_vsearch	1423	C	*/-A	230	25	9.19%	2	2	93	93	1.606117534181233E-8	1	1	122	108	22	3	-A
F6_BC66_191109_LF_LIB_consensus_vsearch	1425	A	*/-G	259	9	3.27%	2	2	93	93	0.0018242725891630934	1	1	151	108	7	2	-G
F6_BC66_191109_LF_LIB_consensus_vsearch	1430	C	*/+A	255	8	2.92%	2	1	93	93	0.003700892775288906	1	1	153	102	0	8	+A
F6_BC66_191109_LF_LIB_consensus_vsearch	1430	C	*/-A	255	9	3.28%	2	1	93	93	0.0018223561198992344	1	1	153	102	9	0	-A
F6_BC66_191109_LF_LIB_consensus_vsearch	1432	C	*/-TC	248	7	2.55%	2	1	93	93	0.007493349252391194	1	1	162	86	0	7	-TC
F6_BC66_191109_LF_LIB_consensus_vsearch	1433	T	*/-C	245	10	3.79%	2	2	93	93	8.925864463478502E-4	1	1	158	87	5	5	-C
F6_BC66_191109_LF_LIB_consensus_vsearch	1435	C	*/-T	248	13	4.81%	2	2	93	93	1.0474101246804906E-4	1	1	156	92	2	11	-T
F6_BC66_191109_LF_LIB_consensus_vsearch	1437	T	*/-G	255	8	2.95%	2	1	93	93	0.003700892775288906	1	1	152	103	0	8	-G
F6_BC66_191109_LF_LIB_consensus_vsearch	1445	G	*/-T	256	8	2.91%	2	2	93	93	0.003701660868547635	1	1	150	106	7	1	-T
F6_BC66_191109_LF_LIB_consensus_vsearch	1449	C	*/-A	263	12	4.35%	2	2	93	93	2.1597713006427273E-4	1	1	153	110	10	2	-A
F6_BC66_191109_LF_LIB_consensus_vsearch	1454	C	*/-G	259	8	2.91%	2	1	93	93	0.003703931063382389	1	1	161	98	0	8	-G
F6_BC66_191109_LF_LIB_consensus_vsearch	1458	C	*/-G	257	8	2.91%	2	2	93	93	0.0037024232386659835	1	1	151	106	3	5	-G
F6_BC66_191109_LF_LIB_consensus_vsearch	1458	C	*/-GGC	257	7	2.55%	2	1	93	93	0.007504145184876668	1	1	151	106	7	0	-G
F6_BC66_191109_LF_LIB_consensus_vsearch	1475	A	*/-C	252	16	5.82%	2	2	93	93	1.211657415601043E-5	1	1	145	107	14	2	-C
F6_BC66_191109_LF_LIB_consensus_vsearch	1480	C	*/-A	257	8	2.94%	2	2	93	93	0.0037024232386659835	1	1	153	104	5	3	-A
F6_BC66_191109_LF_LIB_consensus_vsearch	1497	A	*/-G	232	12	4.56%	2	2	93	93	2.1255933043139825E-4	1	1	139	93	2	10	-G
F6_BC66_191109_LF_LIB_consensus_vsearch	1514	C	*/-A	251	8	2.93%	2	2	93	93	0.0036977618625582452	1	1	148	103	7	1	-A
F6_BC66_191109_LF_LIB_consensus_vsearch	1517	G	*/+C	254	8	2.91%	2	1	93	93	0.003700118894213593	1	1	142	112	8	0	+C
F6_BC66_191109_LF_LIB_consensus_vsearch	1519	T	*/+G	236	9	3.36%	2	2	93	93	0.0018124155419458562	1	1	140	96	2	7	+G
F6_BC66_191109_LF_LIB_consensus_vsearch	1528	G	*/-C	260	9	3.26%	2	1	93	93	0.0018247429645633383	1	1	148	112	9	0	-C
F6_BC66_191109_LF_LIB_consensus_vsearch	1531	C	*/+G	252	8	2.91%	2	1	93	93	0.003698553505001527	1	1	154	98	0	8	+G
F6_BC66_191109_LF_LIB_consensus_vsearch	1532	G	*/-A	242	26	9.49%	2	1	93	93	7.881703767279813E-9	1	1	132	110	26	0	-A
F6_BC66_191109_LF_LIB_consensus_vsearch	1541	C	*/+A	219	25	9.09%	2	1	93	93	1.5596339968313244E-8	1	1	117	102	25	0	+A
F6_BC66_191109_LF_LIB_consensus_vsearch	1541	C	*/-G	219	17	6.18%	2	1	93	93	5.659698267602612E-6	1	1	117	102	17	0	+A
F6_BC66_191109_LF_LIB_consensus_vsearch	1542	G	*/-A	222	27	10.55%	2	2	93	93	3.5376683766866284E-9	1	1	113	109	25	2	-A
F6_BC66_191109_LF_LIB_consensus_vsearch	1546	T	*/+C	215	23	8.39%	2	2	93	93	6.822214666934832E-8	1	1	126	89	22	1	+C
F6_BC66_191109_LF_LIB_consensus_vsearch	1546	T	*/-C	215	26	9.49%	2	2	93	93	7.309177642151234E-9	1	1	126	89	6	20	-C
F6_BC66_191109_LF_LIB_consensus_vsearch	1548	C	*/-T	262	8	2.92%	2	2	93	93	0.0037061514394952193	1	1	155	107	4	4	-T
F6_BC66_191109_LF_LIB_consensus_vsearch	1555	G	*/-CG	233	34	12.55%	2	2	93	93	1.895941675268437E-11	1	1	148	85	9	25	-CG
F6_BC66_191109_LF_LIB_consensus_vsearch	1564	G	*/-C	242	8	2.95%	2	1	93	93	0.003690355937378303	1	1	136	106	8	0	-C
F6_BC66_191109_LF_LIB_consensus_vsearch	1564	G	*/-CC	242	9	3.32%	2	1	93	93	0.00181571404902803	1	1	136	106	9	0	-CC
F6_BC66_191109_LF_LIB_consensus_vsearch	1573	T	*/+C	262	8	2.91%	2	1	93	93	0.0037061514394952193	1	1	152	110	8	0	+C
F6_BC66_191109_LF_LIB_consensus_vsearch	1576	A	*/-C	233	27	9.78%	2	1	93	93	3.6572240733529572E-9	1	1	121	112	27	0	-C
F6_BC66_191109_LF_LIB_consensus_vsearch	1577	C	*/+T	231	8	3.25%	2	2	93	93	0.0036805574954856175	1	1	124	107	2	6	+T
F6_BC66_191109_LF_LIB_consensus_vsearch	1579	C	+A/+A	48	209	75.72%	2	2	93	93	1.513876823983103E-97	1	1	44	4	105	104	+A
F6_BC66_191109_LF_LIB_consensus_vsearch	1581	G	*/-TG	236	26	9.52%	2	2	93	93	7.761684752238925E-9	1	1	153	83	1	25	-TG
F6_BC66_191109_LF_LIB_consensus_vsearch	1582	T	*/-G	219	15	6.05%	2	2	93	93	2.4209162755784478E-5	1	1	154	65	3	12	-G
F6_BC66_191109_LF_LIB_consensus_vsearch	1584	G	*/+A	253	17	6.18%	2	1	93	93	5.8836414163460775E-6	1	1	145	108	17	0	+A
F6_BC66_191109_LF_LIB_consensus_vsearch	1592	C	*/-A	214	47	17.15%	2	2	93	93	7.289340703192054E-16	1	1	114	100	44	3	-A
F6_BC66_191109_LF_LIB_consensus_vsearch	1592	C	*/-AA	214	9	3.28%	2	2	93	93	0.0017988361772468277	1	1	114	100	1	8	-A
F6_BC66_191109_LF_LIB_consensus_vsearch	1595	A	*/+G	245	8	2.9%	2	1	93	93	0.003692882342347513	1	1	139	106	8	0	+G
F6_BC66_191109_LF_LIB_consensus_vsearch	1595	A	*/-G	245	15	5.43%	2	2	93	93	2.4792952994020384E-5	1	1	139	106	12	3	-G
F6_BC66_191109_LF_LIB_consensus_vsearch	1596	G	*/+C	249	7	2.69%	2	1	93	93	0.007494585982750822	1	1	148	101	0	7	+C
F6_BC66_191109_LF_LIB_consensus_vsearch	1605	T	*/+G	255	10	3.69%	2	2	93	93	8.956759757555054E-4	1	1	153	102	5	5	+G
F6_BC66_191109_LF_LIB_consensus_vsearch	1612	C	*/-AC	236	34	12.36%	2	2	93	93	1.9213402902839802E-11	1	1	128	108	33	1	-AC
F6_BC66_191109_LF_LIB_consensus_vsearch	1616	C	*/-A	199	47	17.15%	2	2	93	93	6.249711343195022E-16	1	1	100	99	45	2	-A
F6_BC66_191109_LF_LIB_consensus_vsearch	1620	G	*/-A	257	11	4.03%	2	1	93	93	4.3975708311224564E-4	1	1	145	112	11	0	-A
F6_BC66_191109_LF_LIB_consensus_vsearch	1622	G	*/-C	247	8	3%	2	2	93	93	0.0036945340250354765	1	1	140	107	7	1	-C
F6_BC66_191109_LF_LIB_consensus_vsearch	1629	C	*/+A	259	7	2.55%	2	1	93	93	0.007506445843275869	1	1	153	106	0	7	+A
F6_BC66_191109_LF_LIB_consensus_vsearch	1630	A	*/-C	247	11	4.09%	2	2	93	93	4.3793947047224713E-4	1	1	147	100	3	8	-C
F6_BC66_191109_LF_LIB_consensus_vsearch	1638	G	*/-C	247	9	3.35%	2	2	93	93	0.0018183469810084327	1	1	137	110	8	1	-C
F6_BC66_191109_LF_LIB_consensus_vsearch	1645	T	*/-C	246	8	2.9%	2	2	93	93	0.003693711391797067	1	1	138	108	7	1	-C
F6_BC66_191109_LF_LIB_consensus_vsearch	1645	T	*/-CC	246	14	5.07%	2	2	93	93	5.099688705266337E-5	1	1	138	108	13	1	-CC
F6_BC66_191109_LF_LIB_consensus_vsearch	1656	C	*/-T	236	9	3.35%	2	2	93	93	0.0018124155419458562	1	1	151	85	2	7	-T
F6_BC66_191109_LF_LIB_consensus_vsearch	1656	C	*/-TTT	236	7	2.6%	2	1	93	93	0.007477721316805575	1	1	151	85	0	7	-T
F6_BC66_191109_LF_LIB_consensus_vsearch	1674	C	*/+T	263	11	4%	2	1	93	93	4.407860386823763E-4	1	1	163	100	0	11	+T
F6_BC66_191109_LF_LIB_consensus_vsearch	1677	A	*/+T	105	152	55.27%	2	2	93	93	1.1573534498833424E-60	1	1	95	10	53	99	+T
F6_BC66_191109_LF_LIB_consensus_vsearch	1677	A	*/+TT	105	9	3.27%	2	2	93	93	0.0016576178165820684	1	1	95	10	8	1	+T
F6_BC66_191109_LF_LIB_consensus_vsearch	1690	C	*/+T	238	7	2.58%	2	2	93	93	0.007480431384223459	1	1	142	96	6	1	+T
F6_BC66_191109_LF_LIB_consensus_vsearch	1690	C	*/-T	238	19	7.01%	2	2	93	93	1.3505722090443434E-6	1	1	142	96	13	6	-T
F6_BC66_191109_LF_LIB_consensus_vsearch	1698	C	*/-T	237	32	11.64%	2	2	93	93	8.739260898418815E-11	1	1	149	88	8	24	-T
F6_BC66_191109_LF_LIB_consensus_vsearch	1701	T	*/+C	172	9	3.26%	2	2	93	93	0.0017639971126793845	1	1	126	46	2	7	+C
F6_BC66_191109_LF_LIB_consensus_vsearch	1701	T	*/-C	172	73	26.45%	2	2	93	93	1.8931828112230597E-25	1	1	126	46	32	41	-C
F6_BC66_191109_LF_LIB_consensus_vsearch	1701	T	*/-CC	172	11	3.99%	2	1	93	93	4.1828279774789115E-4	1	1	126	46	0	11	-C
F6_BC66_191109_LF_LIB_consensus_vsearch	1708	C	*/+TT	246	7	2.57%	2	1	93	93	0.007490846702557751	1	1	140	106	7	0	+TT
F6_BC66_191109_LF_LIB_consensus_vsearch	1718	G	*/-TG	239	26	9.49%	2	2	93	93	7.82217868200253E-9	1	1	132	107	20	6	-TG
F6_BC66_191109_LF_LIB_consensus_vsearch	1729	C	*/-AC	256	16	5.84%	2	2	93	93	1.2158951336767385E-5	1	1	146	110	14	2	-AC
F6_BC66_191109_LF_LIB_consensus_vsearch	1739	T	*/-A	258	7	2.59%	2	1	93	93	0.007505299821009934	1	1	152	106	7	0	-A
F6_BC66_191109_LF_LIB_consensus_vsearch	1747	C	*/-T	253	10	3.66%	2	2	93	93	8.950763801239866E-4	1	1	151	102	1	9	-T
F6_BC66_191109_LF_LIB_consensus_vsearch	1749	T	*/-A	254	12	4.43%	2	2	93	93	2.1506344050599332E-4	1	1	144	110	10	2	-A
F6_BC66_191109_LF_LIB_consensus_vsearch	1751	G	*/-A	236	32	11.72%	2	2	93	93	8.705333974725566E-11	1	1	131	105	28	4	-A
F6_BC66_191109_LF_LIB_consensus_vsearch	1753	A	*/-G	253	11	4.04%	2	2	93	93	4.390460042919817E-4	1	1	154	99	8	3	-G
F6_BC66_191109_LF_LIB_consensus_vsearch	1764	T	*/+C	239	11	4.12%	2	2	93	93	4.3638441469499997E-4	1	1	142	97	7	4	+C
F6_BC66_191109_LF_LIB_consensus_vsearch	1764	T	*/-C	239	13	4.87%	2	2	93	93	1.041552345920223E-4	1	1	142	97	8	5	-C
F6_BC66_191109_LF_LIB_consensus_vsearch	1768	A	*/-CT	254	7	2.61%	2	2	93	93	0.0075006286111248205	1	1	143	111	6	1	-CT
F6_BC66_191109_LF_LIB_consensus_vsearch	1783	A	*/-C	249	8	2.94%	2	2	93	93	0.0036961603384701837	1	1	145	104	4	4	-C
F6_BC66_191109_LF_LIB_consensus_vsearch	1783	A	*/-CA	249	8	2.94%	2	2	93	93	0.0036961603384701837	1	1	145	104	7	1	-C
F6_BC66_191109_LF_LIB_consensus_vsearch	1784	C	*/+A	208	30	11.58%	2	2	93	93	3.513043633151075E-10	1	1	141	67	1	29	+A
F6_BC66_191109_LF_LIB_consensus_vsearch	1784	C	*/-A	208	15	5.79%	2	2	93	93	2.392491102102212E-5	1	1	141	67	7	8	+A
F6_BC66_191109_LF_LIB_consensus_vsearch	1798	T	*/+C	257	7	2.55%	2	2	93	93	0.007504145184876668	1	1	157	100	3	4	+C
F6_BC66_191109_LF_LIB_consensus_vsearch	1800	G	*/-A	256	10	3.66%	2	2	93	93	8.959724786606658E-4	1	1	145	111	9	1	-A
F6_BC66_191109_LF_LIB_consensus_vsearch	1803	G	*/-A	223	18	6.59%	2	1	93	93	2.7439468789888166E-6	1	1	112	111	18	0	-A
F6_BC66_191109_LF_LIB_consensus_vsearch	1803	G	*/-AG	223	28	10.26%	2	1	93	93	1.678786524940686E-9	1	1	112	111	28	0	-AG
F6_BC66_191109_LF_LIB_consensus_vsearch	1808	C	*/-T	243	11	4.15%	2	2	93	93	4.3717375701073373E-4	1	1	143	100	9	2	-T
F6_BC66_191109_LF_LIB_consensus_vsearch	1813	C	*/+G	175	26	9.59%	2	2	93	93	6.281230759920335E-9	1	1	68	107	24	2	+G
F6_BC66_191109_LF_LIB_consensus_vsearch	1813	C	*/-A	175	62	22.88%	2	1	93	93	2.1766595719372318E-21	1	1	68	107	62	0	-A
F6_BC66_191109_LF_LIB_consensus_vsearch	1814	A	*/-T	167	29	13.88%	2	2	93	93	6.089215027612298E-10	1	1	59	108	28	1	-T
F6_BC66_191109_LF_LIB_consensus_vsearch	1815	T	*/+G	170	7	2.89%	2	1	93	93	0.007354335343249384	1	1	62	108	7	0	+G
F6_BC66_191109_LF_LIB_consensus_vsearch	1830	G	*/+C	261	10	3.62%	2	1	93	93	8.974229918180157E-4	1	1	150	111	10	0	+C
F6_BC66_191109_LF_LIB_consensus_vsearch	1833	G	*/+A	257	10	3.69%	2	1	93	93	8.962668170105445E-4	1	1	147	110	10	0	+A
F6_BC66_191109_LF_LIB_consensus_vsearch	1841	A	*/+G	238	8	3%	2	1	93	93	0.0036868928614731586	1	1	146	92	0	8	+G
F6_BC66_191109_LF_LIB_consensus_vsearch	1841	A	*/-G	238	7	2.62%	2	1	93	93	0.007480431384223459	1	1	146	92	0	7	+G
F6_BC66_191109_LF_LIB_consensus_vsearch	1844	A	*/-C	256	16	5.82%	2	1	93	93	1.2158951336767385E-5	1	1	162	94	0	16	-C
F6_BC66_191109_LF_LIB_consensus_vsearch	1850	A	*/-C	217	51	18.68%	2	2	93	93	3.198010373537438E-17	1	1	147	70	9	42	-C
F6_BC66_191109_LF_LIB_consensus_vsearch	1857	G	*/-AG	262	9	3.28%	2	1	93	93	0.0018256734909882749	1	1	150	112	9	0	-AG
F6_BC66_191109_LF_LIB_consensus_vsearch	1867	G	*/-T	253	11	4.04%	2	2	93	93	4.390460042919817E-4	1	1	149	104	8	3	-T
F6_BC66_191109_LF_LIB_consensus_vsearch	1878	C	*/-T	254	15	5.51%	2	2	93	93	2.4970730105602945E-5	1	1	147	107	13	2	-T
F6_BC66_191109_LF_LIB_consensus_vsearch	1880	T	*/-C	245	11	4.01%	2	2	93	93	4.375595006058856E-4	1	1	145	100	5	6	-C
F6_BC66_191109_LF_LIB_consensus_vsearch	1880	T	*/-CC	245	11	4.01%	2	2	93	93	4.375595006058856E-4	1	1	145	100	10	1	-C
F6_BC66_191109_LF_LIB_consensus_vsearch	1888	C	*/-T	252	12	4.41%	2	1	93	93	2.1485229997259312E-4	1	1	157	95	0	12	-T
F6_BC66_191109_LF_LIB_consensus_vsearch	1893	C	*/+A	252	8	2.91%	2	2	93	93	0.003698553505001527	1	1	159	93	2	6	+A
F6_BC66_191109_LF_LIB_consensus_vsearch	1893	C	*/-A	252	12	4.36%	2	1	93	93	2.1485229997259312E-4	1	1	159	93	0	12	-A
F6_BC66_191109_LF_LIB_consensus_vsearch	1903	C	*/+A	247	15	5.45%	2	1	93	93	2.483343316643122E-5	1	1	137	110	15	0	+A
F6_BC66_191109_LF_LIB_consensus_vsearch	1917	T	*/-GC	258	11	4%	2	2	93	93	4.3993165790743476E-4	1	1	151	107	8	3	-GC
F6_BC66_191109_LF_LIB_consensus_vsearch	1920	A	*/-CA	258	7	2.57%	2	2	93	93	0.007505299821009934	1	1	147	111	6	1	-CA
F6_BC66_191109_LF_LIB_consensus_vsearch	1925	T	*/+C	239	23	8.49%	2	1	93	93	7.19682713646141E-8	1	1	131	108	23	0	+C
F6_BC66_191109_LF_LIB_consensus_vsearch	1926	C	*/-G	251	19	6.91%	2	1	93	93	1.374026366236268E-6	1	1	161	90	0	19	-G
F6_BC66_191109_LF_LIB_consensus_vsearch	1934	A	*/-G	233	36	13.14%	2	2	93	93	4.149333639752136E-12	1	1	125	108	35	1	-G
F6_BC66_191109_LF_LIB_consensus_vsearch	1936	G	*/+T	249	9	3.27%	2	2	93	93	0.0018193721277701645	1	1	142	107	8	1	+T
F6_BC66_191109_LF_LIB_consensus_vsearch	1939	T	*/-AC	240	23	8.33%	2	1	93	93	7.211277908413451E-8	1	1	131	109	23	0	-AC
F6_BC66_191109_LF_LIB_consensus_vsearch	1943	C	*/-A	227	23	8.36%	2	1	93	93	7.016447900055975E-8	1	1	130	97	23	0	-A
F6_BC66_191109_LF_LIB_consensus_vsearch	1958	A	*/-CA	230	33	12.09%	2	2	93	93	3.99042132830425E-11	1	1	136	94	18	15	-CA
F6_BC66_191109_LF_LIB_consensus_vsearch	1962	T	*/+G	256	7	2.55%	2	1	93	93	0.007502981837406636	1	1	150	106	0	7	+G
F6_BC66_191109_LF_LIB_consensus_vsearch	1963	G	*/-A	259	8	2.94%	2	2	93	93	0.003703931063382389	1	1	148	111	6	2	-A
F6_BC66_191109_LF_LIB_consensus_vsearch	1970	T	*/-C	223	44	15.94%	2	2	93	93	8.241006126837414E-15	1	1	118	105	39	5	-C
F6_BC66_191109_LF_LIB_consensus_vsearch	1973	C	*/-GC	238	21	7.61%	2	1	93	93	3.126065767739242E-7	1	1	136	102	21	0	-GC
F6_BC66_191109_LF_LIB_consensus_vsearch	1978	C	*/-A	248	16	5.93%	2	2	93	93	1.2073028070108144E-5	1	1	142	106	15	1	-A
F6_BC66_191109_LF_LIB_consensus_vsearch	1981	T	*/-C	253	14	5.11%	2	1	93	93	5.1244009276311245E-5	1	1	157	96	0	14	-C
F6_BC66_191109_LF_LIB_consensus_vsearch	1992	G	*/-A	244	18	6.67%	2	2	93	93	2.8199762761997825E-6	1	1	132	112	17	1	-A
F6_BC66_191109_LF_LIB_consensus_vsearch	1992	G	*/-AG	244	7	2.59%	2	1	93	93	0.00748830460110489	1	1	132	112	7	0	-A
F6_BC66_191109_LF_LIB_consensus_vsearch	1993	A	*/-G	191	44	17.6%	2	2	93	93	6.1619202240591395E-15	1	1	83	108	40	4	-G
F6_BC66_191109_LF_LIB_consensus_vsearch	1996	G	*/-A	262	10	3.65%	2	2	93	93	8.977068546848841E-4	1	1	150	112	9	1	-A
F6_BC66_191109_LF_LIB_consensus_vsearch	1999	T	*/-C	239	33	12.09%	2	2	93	93	4.1438548067542925E-11	1	1	130	109	32	1	-C
F6_BC66_191109_LF_LIB_consensus_vsearch	2002	T	*/-G	258	7	2.59%	2	1	93	93	0.007505299821009934	1	1	161	97	0	7	-G
F6_BC66_191109_LF_LIB_consensus_vsearch	2006	T	*/-A	258	9	3.27%	2	2	93	93	0.001823798755543091	1	1	156	102	3	6	-A
F6_BC66_191109_LF_LIB_consensus_vsearch	2012	C	*/+T	197	9	3.41%	2	2	93	93	0.0017864043973660122	1	1	137	60	6	3	+T
F6_BC66_191109_LF_LIB_consensus_vsearch	2012	C	*/-T	197	38	14.39%	2	2	93	93	7.14590607581325E-13	1	1	137	60	14	24	-T
F6_BC66_191109_LF_LIB_consensus_vsearch	2012	C	*/-TT	197	8	3.03%	2	2	93	93	0.003643733038795537	1	1	137	60	1	7	-T
F6_BC66_191109_LF_LIB_consensus_vsearch	2016	T	*/-C	260	10	3.62%	2	2	93	93	8.97137079051494E-4	1	1	156	104	3	7	-C
F6_BC66_191109_LF_LIB_consensus_vsearch	2019	T	*/+C	263	9	3.28%	2	1	93	93	0.0018261337158000507	1	1	152	111	9	0	+C
F6_BC66_191109_LF_LIB_consensus_vsearch	2021	C	*/-G	260	8	2.92%	2	2	93	93	0.0037046766426069204	1	1	152	108	7	1	-G
F6_BC66_191109_LF_LIB_consensus_vsearch	2042	C	*/-T	261	7	2.55%	2	2	93	93	0.007508712428886389	1	1	153	108	4	3	-T
F6_BC66_191109_LF_LIB_consensus_vsearch	2046	C	*/+G	243	8	2.99%	2	1	93	93	0.003691204692263428	1	1	151	92	0	8	+G
F6_BC66_191109_LF_LIB_consensus_vsearch	2046	C	*/-G	243	12	4.48%	2	2	93	93	2.1386299704443686E-4	1	1	151	92	4	8	-G
F6_BC66_191109_LF_LIB_consensus_vsearch	2053	T	*/+C	232	26	9.45%	2	2	93	93	7.679480977120887E-9	1	1	125	107	25	1	+C
F6_BC66_191109_LF_LIB_consensus_vsearch	2053	T	*/-C	232	14	5.09%	2	2	93	93	5.046335334004922E-5	1	1	125	107	11	3	+C
F6_BC66_191109_LF_LIB_consensus_vsearch	2057	A	*/-C	187	38	14.34%	2	2	93	93	6.602303709654208E-13	1	1	88	99	32	6	-C
F6_BC66_191109_LF_LIB_consensus_vsearch	2057	A	*/-CC	187	12	4.53%	2	2	93	93	2.0581058583041666E-4	1	1	88	99	8	4	-C
F6_BC66_191109_LF_LIB_consensus_vsearch	2057	A	*/-CCC	187	11	4.15%	2	1	93	93	4.2335130867721316E-4	1	1	88	99	11	0	-C
F6_BC66_191109_LF_LIB_consensus_vsearch	2061	C	*/-A	256	8	2.91%	2	1	93	93	0.003701660868547635	1	1	155	101	0	8	-A
F6_BC66_191109_LF_LIB_consensus_vsearch	2065	G	*/-AG	262	9	3.27%	2	1	93	93	0.0018256734909882749	1	1	150	112	9	0	-AG
F6_BC66_191109_LF_LIB_consensus_vsearch	2073	G	*/-TG	250	17	6.23%	2	2	93	93	5.865937391528599E-6	1	1	142	108	13	4	-TG
F6_BC66_191109_LF_LIB_consensus_vsearch	2084	A	*/+C	246	13	4.78%	2	2	93	93	1.0461416751144055E-4	1	1	139	107	12	1	+C
F6_BC66_191109_LF_LIB_consensus_vsearch	2092	T	*/-C	192	73	26.94%	2	1	93	93	3.3079938697836515E-25	1	1	85	107	73	0	-C
F6_BC66_191109_LF_LIB_consensus_vsearch	2094	C	*/-T	260	7	2.56%	2	2	93	93	0.0075075833477063125	1	1	154	106	4	3	-T
F6_BC66_191109_LF_LIB_consensus_vsearch	2106	G	*/-A	248	24	8.79%	2	2	93	93	3.5068188669058554E-8	1	1	157	91	2	22	-A
F6_BC66_191109_LF_LIB_consensus_vsearch	2109	C	*/+T	243	10	3.65%	2	2	93	93	8.91940019333984E-4	1	1	144	99	7	3	+T
F6_BC66_191109_LF_LIB_consensus_vsearch	2109	C	*/-T	243	10	3.65%	2	2	93	93	8.91940019333984E-4	1	1	144	99	2	8	+T
F6_BC66_191109_LF_LIB_consensus_vsearch	2109	C	*/-TT	243	8	2.92%	2	1	93	93	0.003691204692263428	1	1	144	99	8	0	+T
F6_BC66_191109_LF_LIB_consensus_vsearch	2124	T	*/-C	254	7	2.55%	2	1	93	93	0.0075006286111248205	1	1	156	98	0	7	-C
F6_BC66_191109_LF_LIB_consensus_vsearch	2126	A	*/-T	241	23	8.46%	2	2	93	93	7.225642890746785E-8	1	1	137	104	19	4	-T
F6_BC66_191109_LF_LIB_consensus_vsearch	2128	C	*/+A	40	43	15.75%	2	2	93	93	6.523537476515037E-17	1	1	34	6	7	36	+A
F6_BC66_191109_LF_LIB_consensus_vsearch	2128	C	*/+AC	40	162	59.34%	2	2	93	93	5.540144576210103E-75	1	1	34	6	118	44	+AC
F6_BC66_191109_LF_LIB_consensus_vsearch	2128	C	*/+ACT	40	20	7.33%	2	1	93	93	1.4227860183064522E-7	1	1	34	6	0	20	+AC
F6_BC66_191109_LF_LIB_consensus_vsearch	2129	C	*/+G	226	14	5.09%	2	2	93	93	5.0216988599021617E-5	1	1	133	93	13	1	+G
F6_BC66_191109_LF_LIB_consensus_vsearch	2129	C	*/+T	226	18	6.55%	2	2	93	93	2.7555050429337695E-6	1	1	133	93	2	16	+T
F6_BC66_191109_LF_LIB_consensus_vsearch	2130	C	*/+T	248	15	5.43%	2	1	93	93	2.485346012865692E-5	1	1	157	91	0	15	+T
F6_BC66_191109_LF_LIB_consensus_vsearch	2134	C	*/-A	254	15	5.43%	2	2	93	93	2.4970730105602945E-5	1	1	152	102	9	6	-A
F6_BC66_191109_LF_LIB_consensus_vsearch	2136	A	*/-G	257	10	3.65%	2	2	93	93	8.962668170105445E-4	1	1	154	103	6	4	-G
F6_BC66_191109_LF_LIB_consensus_vsearch	2139	G	*/-CG	109	26	9.52%	2	2	93	93	3.9344930139011026E-9	1	1	62	47	16	10	-CG
F6_BC66_191109_LF_LIB_consensus_vsearch	2145	C	*/+TC	263	8	2.9%	2	2	93	93	0.003706880776381375	1	1	155	108	6	2	+TC
F6_BC66_191109_LF_LIB_consensus_vsearch	2148	C	*/-T	253	8	2.92%	2	2	93	93	0.0036993391596663746	1	1	148	105	5	3	-T
F6_BC66_191109_LF_LIB_consensus_vsearch	2148	C	*/-TT	253	7	2.55%	2	2	93	93	0.007499438529900444	1	1	148	105	6	1	-T
F6_BC66_191109_LF_LIB_consensus_vsearch	2150	T	*/+C	253	7	2.62%	2	2	93	93	0.007499438529900444	1	1	144	109	6	1	+C
F6_BC66_191109_LF_LIB_consensus_vsearch	2153	G	*/-AG	258	8	2.92%	2	2	93	93	0.003703179949352368	1	1	151	107	6	2	-AG
F6_BC66_191109_LF_LIB_consensus_vsearch	2154	A	*/-G	201	54	20.61%	2	2	93	93	2.3980408842051996E-18	1	1	112	89	36	18	-G
F6_BC66_191109_LF_LIB_consensus_vsearch	2160	T	*/-C	255	11	4.06%	2	2	93	93	4.3940412746515644E-4	1	1	155	100	5	6	-C
F6_BC66_191109_LF_LIB_consensus_vsearch	2162	C	*/-AC	262	9	3.26%	2	2	93	93	0.0018256734909882749	1	1	153	109	8	1	-AC
F6_BC66_191109_LF_LIB_consensus_vsearch	2167	T	*/+C	257	10	3.66%	2	1	93	93	8.962668170105445E-4	1	1	149	108	10	0	+C
F6_BC66_191109_LF_LIB_consensus_vsearch	2176	A	*/-G	247	13	4.81%	2	1	93	93	1.0467782079246774E-4	1	1	139	108	13	0	-G
F6_BC66_191109_LF_LIB_consensus_vsearch	2177	G	*/-A	232	24	9.13%	2	1	93	93	3.386971289599722E-8	1	1	120	112	24	0	-A
F6_BC66_191109_LF_LIB_consensus_vsearch	2188	C	*/-AA	260	8	2.91%	2	2	93	93	0.0037046766426069204	1	1	156	104	2	6	-AA
F6_BC66_191109_LF_LIB_consensus_vsearch	2201	G	*/-CG	255	11	3.99%	2	2	93	93	4.3940412746515644E-4	1	1	152	103	2	9	-CG
F6_BC66_191109_LF_LIB_consensus_vsearch	2208	A	*/+T	259	7	2.55%	2	1	93	93	0.007506445843275869	1	1	157	102	0	7	+T
F6_BC66_191109_LF_LIB_consensus_vsearch	2210	C	*/-T	264	12	4.35%	2	2	93	93	2.160751233175339E-4	1	1	159	105	4	8	-T
F6_BC66_191109_LF_LIB_consensus_vsearch	2211	T	*/+G	249	9	3.41%	2	1	93	93	0.0018193721277701645	1	1	155	94	0	9	+G
F6_BC66_191109_LF_LIB_consensus_vsearch	2213	A	*/-G	239	25	9.16%	2	1	93	93	1.6420367153866296E-8	1	1	126	113	25	0	-G
F6_BC66_191109_LF_LIB_consensus_vsearch	2215	A	*/-GA	240	16	6.08%	2	2	93	93	1.198223143122491E-5	1	1	129	111	15	1	-GA
F6_BC66_191109_LF_LIB_consensus_vsearch	2227	C	*/-A	228	13	4.71%	2	2	93	93	1.0338331781904129E-4	1	1	145	83	11	2	-A
F6_BC66_191109_LF_LIB_consensus_vsearch	2227	C	*/-AA	228	27	9.78%	2	2	93	93	3.603740756814993E-9	1	1	145	83	3	24	-AA
F6_BC66_191109_LF_LIB_consensus_vsearch	2231	G	*/+C	239	32	11.68%	2	1	93	93	8.8067051274647E-11	1	1	161	78	0	32	+C
F6_BC66_191109_LF_LIB_consensus_vsearch	2237	A	*/+G	250	7	2.57%	2	2	93	93	0.007495813166417644	1	1	146	104	1	6	+G
F6_BC66_191109_LF_LIB_consensus_vsearch	2237	A	*/-G	250	8	2.94%	2	2	93	93	0.0036969641636293116	1	1	146	104	6	2	-G
F6_BC66_191109_LF_LIB_consensus_vsearch	2240	A	*/+T	263	8	2.9%	2	1	93	93	0.003706880776381375	1	1	160	103	0	8	+T
F6_BC66_191109_LF_LIB_consensus_vsearch	2241	C	*/+T	240	9	3.26%	2	1	93	93	0.0018146318577743554	1	1	161	79	0	9	+T
F6_BC66_191109_LF_LIB_consensus_vsearch	2242	T	*/+C	94	168	61.76%	2	2	93	93	4.425443261453743E-69	1	1	56	38	103	65	+C
F6_BC66_191109_LF_LIB_consensus_vsearch	2243	C	*/+G	231	26	9.59%	2	1	93	93	7.658648530086122E-9	1	1	157	74	0	26	+G
F6_BC66_191109_LF_LIB_consensus_vsearch	2245	A	*/+G	261	7	2.57%	2	1	93	93	0.007508712428886389	1	1	148	113	7	0	+G
F6_BC66_191109_LF_LIB_consensus_vsearch	2247	C	*/-T	263	9	3.28%	2	2	93	93	0.0018261337158000507	1	1	159	104	1	8	-T
F6_BC66_191109_LF_LIB_consensus_vsearch	2248	T	*/+C	235	19	7.17%	2	1	93	93	1.3448672179231312E-6	1	1	139	96	19	0	+C
F6_BC66_191109_LF_LIB_consensus_vsearch	2249	C	*/-G	255	9	3.32%	2	2	93	93	0.0018223561198992344	1	1	158	97	2	7	-G
F6_BC66_191109_LF_LIB_consensus_vsearch	2252	G	*/-T	261	13	4.71%	2	2	93	93	1.0552267566302589E-4	1	1	161	100	1	12	-T
F6_BC66_191109_LF_LIB_consensus_vsearch	2255	T	*/-C	235	20	7.41%	2	2	93	93	6.473329437938356E-7	1	1	137	98	19	1	-C
F6_BC66_191109_LF_LIB_consensus_vsearch	2260	C	*/+A	192	8	2.97%	2	2	93	93	0.0036372796311357324	1	1	87	105	5	3	+A
F6_BC66_191109_LF_LIB_consensus_vsearch	2260	C	*/-A	192	61	22.68%	2	1	93	93	7.04170881165321E-21	1	1	87	105	61	0	-A
F6_BC66_191109_LF_LIB_consensus_vsearch	2263	A	*/-G	224	36	13.24%	2	2	93	93	3.960018283033735E-12	1	1	116	108	33	3	-G
F6_BC66_191109_LF_LIB_consensus_vsearch	2270	T	*/+C	229	11	4.09%	2	2	93	93	4.343002259471887E-4	1	1	144	85	5	6	+C
F6_BC66_191109_LF_LIB_consensus_vsearch	2270	T	*/-C	229	19	7.06%	2	2	93	93	1.3331035995980523E-6	1	1	144	85	5	14	-C
F6_BC66_191109_LF_LIB_consensus_vsearch	2270	T	*/-CC	229	8	2.97%	2	2	93	93	0.0036786796343901236	1	1	144	85	7	1	-C
F6_BC66_191109_LF_LIB_consensus_vsearch	2273	C	*/+G	228	10	3.64%	2	2	93	93	8.867554066061573E-4	1	1	155	73	4	6	+G
F6_BC66_191109_LF_LIB_consensus_vsearch	2282	T	*/-A	252	9	3.3%	2	2	93	93	0.0018208809482378404	1	1	154	98	2	7	-A
F6_BC66_191109_LF_LIB_consensus_vsearch	2292	C	*/-A	192	62	22.71%	2	2	93	93	3.097240759368223E-21	1	1	101	91	57	5	-A
F6_BC66_191109_LF_LIB_consensus_vsearch	2292	C	*/-AA	192	10	3.66%	2	2	93	93	8.712766047726398E-4	1	1	101	91	1	9	-A
F6_BC66_191109_LF_LIB_consensus_vsearch	2295	A	*/-G	181	50	18.25%	2	2	93	93	4.525495658529636E-17	1	1	102	79	41	9	-G
F6_BC66_191109_LF_LIB_consensus_vsearch	2295	A	*/-GG	181	21	7.66%	2	2	93	93	2.757037852504083E-7	1	1	102	79	3	18	-G
F6_BC66_191109_LF_LIB_consensus_vsearch	2298	G	*/+A	257	7	2.56%	2	1	93	93	0.007504145184876668	1	1	151	106	7	0	+A
F6_BC66_191109_LF_LIB_consensus_vsearch	2317	A	*/-G	221	36	13.33%	2	2	93	93	3.895801370508621E-12	1	1	149	72	1	35	-G
F6_BC66_191109_LF_LIB_consensus_vsearch	2359	T	*/-A	247	10	3.7%	2	2	93	93	8.932230783903669E-4	1	1	151	96	3	7	-A
F6_BC66_191109_LF_LIB_consensus_vsearch	2366	T	*/-G	259	7	2.56%	2	2	93	93	0.007506445843275869	1	1	159	100	1	6	-G
F6_BC66_191109_LF_LIB_consensus_vsearch	2372	T	*/+G	254	10	3.75%	2	1	93	93	8.953772843442645E-4	1	1	153	101	0	10	+G
F6_BC66_191109_LF_LIB_consensus_vsearch	2378	T	*/+C	264	7	2.55%	2	1	93	93	0.007512050058182546	1	1	155	109	7	0	+C
F6_BC66_191109_LF_LIB_consensus_vsearch	2380	A	*/-CA	246	20	7.35%	2	1	93	93	6.581951230355511E-7	1	1	137	109	20	0	-CA
F6_BC66_191109_LF_LIB_consensus_vsearch	2392	C	*/+A	262	10	3.65%	2	1	93	93	8.977068546848841E-4	1	1	150	112	10	0	+A
F6_BC66_191109_LF_LIB_consensus_vsearch	2396	A	*/-T	261	8	2.9%	2	2	93	93	0.003705416747963619	1	1	151	110	6	2	-T
F6_BC66_191109_LF_LIB_consensus_vsearch	2422	G	*/-TG	239	24	8.76%	2	2	93	93	3.440768783336836E-8	1	1	156	83	2	22	-TG
F6_BC66_191109_LF_LIB_consensus_vsearch	2424	G	*/+C	231	7	2.8%	2	1	93	93	0.007470748618496003	1	1	144	87	7	0	+C
F6_BC66_191109_LF_LIB_consensus_vsearch	2426	C	*/+A	227	22	8.06%	2	1	93	93	1.4680115312896036E-7	1	1	124	103	22	0	+A
F6_BC66_191109_LF_LIB_consensus_vsearch	2426	C	*/-A	227	11	4.03%	2	2	93	93	4.3386316031303036E-4	1	1	124	103	7	4	+A
F6_BC66_191109_LF_LIB_consensus_vsearch	2428	A	*/+G	203	7	2.58%	2	2	93	93	0.007425626339083171	1	1	137	66	3	4	+G
F6_BC66_191109_LF_LIB_consensus_vsearch	2428	A	*/-G	203	53	19.56%	2	2	93	93	5.497340575734201E-18	1	1	137	66	19	34	-G
F6_BC66_191109_LF_LIB_consensus_vsearch	2433	T	*/-C	231	39	14.23%	2	2	93	93	4.144763787716387E-13	1	1	120	111	38	1	-C
F6_BC66_191109_LF_LIB_consensus_vsearch	2438	C	*/-GC	256	8	2.94%	2	2	93	93	0.003701660868547635	1	1	146	110	7	1	-GC
F6_BC66_191109_LF_LIB_consensus_vsearch	2456	G	*/+T	76	122	45.19%	2	2	93	93	1.5203235094965894E-49	1	1	61	15	65	57	+T
F6_BC66_191109_LF_LIB_consensus_vsearch	2456	G	*/-T	76	47	17.41%	2	2	93	93	2.996257140753755E-17	1	1	61	15	28	19	+T
F6_BC66_191109_LF_LIB_consensus_vsearch	2456	G	*/-TT	76	12	4.44%	2	2	93	93	1.6340070321554782E-4	1	1	61	15	1	11	+T
F6_BC66_191109_LF_LIB_consensus_vsearch	2476	T	*/+C	247	9	3.32%	2	2	93	93	0.0018183469810084327	1	1	147	100	8	1	+C
F6_BC66_191109_LF_LIB_consensus_vsearch	2476	T	*/-C	247	12	4.43%	2	2	93	93	2.1431080469910618E-4	1	1	147	100	4	8	-C
F6_BC66_191109_LF_LIB_consensus_vsearch	2477	C	*/-A	246	9	3.41%	2	1	93	93	0.0018178284943888832	1	1	145	101	9	0	-A
F6_BC66_191109_LF_LIB_consensus_vsearch	2483	G	*/-CG	253	10	3.68%	2	2	93	93	8.950763801239866E-4	1	1	143	110	9	1	-CG
F6_BC66_191109_LF_LIB_consensus_vsearch	2493	C	*/+T	236	11	4.09%	2	2	93	93	4.3577623661818937E-4	1	1	162	74	1	10	+T
F6_BC66_191109_LF_LIB_consensus_vsearch	2493	C	*/-T	236	11	4.09%	2	1	93	93	4.3577623661818937E-4	1	1	162	74	0	11	+T
F6_BC66_191109_LF_LIB_consensus_vsearch	2499	C	*/+A	263	8	2.9%	2	1	93	93	0.003706880776381375	1	1	155	108	8	0	+A
F6_BC66_191109_LF_LIB_consensus_vsearch	2501	T	*/+A	252	17	6.18%	2	1	93	93	5.877779455564292E-6	1	1	145	107	17	0	+A
F6_BC66_191109_LF_LIB_consensus_vsearch	2502	G	*/-TG	224	15	5.43%	2	2	93	93	2.433045785761445E-5	1	1	135	89	3	12	-TG
F6_BC66_191109_LF_LIB_consensus_vsearch	2502	G	*/-TGC	224	8	2.9%	2	1	93	93	0.003673845400689721	1	1	135	89	0	8	-TG
F6_BC66_191109_LF_LIB_consensus_vsearch	2504	G	*/-C	219	24	9.6%	2	2	93	93	3.280957911260649E-8	1	1	146	73	7	17	-C
F6_BC66_191109_LF_LIB_consensus_vsearch	2507	C	*/-TC	258	11	4%	2	1	93	93	4.3993165790743476E-4	1	1	160	98	0	11	-TC
F6_BC66_191109_LF_LIB_consensus_vsearch	2510	G	*/+A	248	25	9.16%	2	2	93	93	1.676195073082011E-8	1	1	161	87	1	24	+A
F6_BC66_191109_LF_LIB_consensus_vsearch	2511	G	*/-A	246	26	9.42%	2	2	93	93	7.959600433939235E-9	1	1	158	88	3	23	-A
F6_BC66_191109_LF_LIB_consensus_vsearch	2512	A	*/+G	85	155	62.75%	2	2	93	93	5.7130220672440494E-64	1	1	75	10	76	79	+G
F6_BC66_191109_LF_LIB_consensus_vsearch	2513	G	*/+AG	251	8	2.97%	2	1	93	93	0.0036977618625582452	1	1	141	110	8	0	+AG
F6_BC66_191109_LF_LIB_consensus_vsearch	2533	C	*/+T	242	9	3.26%	2	1	93	93	0.00181571404902803	1	1	157	85	0	9	+T
F6_BC66_191109_LF_LIB_consensus_vsearch	2533	C	*/-T	242	19	6.88%	2	2	93	93	1.3580032452255354E-6	1	1	157	85	1	18	-T
F6_BC66_191109_LF_LIB_consensus_vsearch	2534	T	*/-C	241	7	2.75%	2	2	93	93	0.007484415214222657	1	1	155	86	1	6	-C
F6_BC66_191109_LF_LIB_consensus_vsearch	2542	A	*/-G	145	106	40%	2	2	93	93	8.343223412168364E-39	1	1	52	93	91	15	-G
F6_BC66_191109_LF_LIB_consensus_vsearch	2542	A	*/-GG	145	10	3.77%	2	2	93	93	8.407243705351934E-4	1	1	52	93	8	2	-G
F6_BC66_191109_LF_LIB_consensus_vsearch	2548	C	*/+G	251	7	2.62%	2	2	93	93	0.007497030913500092	1	1	150	101	3	4	+G
F6_BC66_191109_LF_LIB_consensus_vsearch	2554	T	*/-C	250	15	5.47%	2	2	93	93	2.489309520280837E-5	1	1	151	99	5	10	-C
F6_BC66_191109_LF_LIB_consensus_vsearch	2556	C	*/-TC	256	11	4.07%	2	1	93	93	4.395812442207008E-4	1	1	154	102	0	11	-TC
F6_BC66_191109_LF_LIB_consensus_vsearch	2560	A	*/-C	258	13	4.76%	2	2	93	93	1.0534860479086726E-4	1	1	148	110	12	1	-C
F6_BC66_191109_LF_LIB_consensus_vsearch	2570	C	*/-T	257	11	4%	2	2	93	93	4.3975708311224564E-4	1	1	157	100	2	9	-T
F6_BC66_191109_LF_LIB_consensus_vsearch	2577	T	*/-C	197	77	27.9%	2	1	93	93	1.2990634975883054E-26	1	1	84	113	77	0	-C
F6_BC66_191109_LF_LIB_consensus_vsearch	2589	C	*/-G	234	27	9.93%	2	2	93	93	3.667753509263725E-9	1	1	130	104	21	6	-G
F6_BC66_191109_LF_LIB_consensus_vsearch	2591	G	*/-A	254	17	6.16%	2	2	93	93	5.889464514663097E-6	1	1	156	98	5	12	-A
F6_BC66_191109_LF_LIB_consensus_vsearch	2594	A	*/-CA	252	9	3.28%	2	2	93	93	0.0018208809482378404	1	1	151	101	1	8	-CA
F6_BC66_191109_LF_LIB_consensus_vsearch	2606	C	*/-A	238	24	8.76%	2	2	93	93	3.433216937353479E-8	1	1	130	108	23	1	-A
F6_BC66_191109_LF_LIB_consensus_vsearch	2613	G	*/-T	256	10	3.65%	2	2	93	93	8.959724786606658E-4	1	1	148	108	8	2	-T
F6_BC66_191109_LF_LIB_consensus_vsearch	2624	T	*/+GAT	258	7	2.55%	2	1	93	93	0.007505299821009934	1	1	148	110	7	0	+GAT
F6_BC66_191109_LF_LIB_consensus_vsearch	2628	T	*/+C	261	9	3.28%	2	1	93	93	0.0018252099194485903	1	1	150	111	9	0	+C
F6_BC66_191109_LF_LIB_consensus_vsearch	2633	A	*/-G	250	13	4.78%	2	2	93	93	1.0486603090066527E-4	1	1	142	108	11	2	-G
F6_BC66_191109_LF_LIB_consensus_vsearch	2639	A	*/-C	261	7	2.56%	2	2	93	93	0.007508712428886389	1	1	151	110	4	3	-C
F6_BC66_191109_LF_LIB_consensus_vsearch	2644	C	*/-G	236	19	7.12%	2	2	93	93	1.3467816754362136E-6	1	1	132	104	13	6	-G
F6_BC66_191109_LF_LIB_consensus_vsearch	2651	C	*/-T	256	7	2.54%	2	2	93	93	0.007502981837406636	1	1	156	100	1	6	-T
F6_BC66_191109_LF_LIB_consensus_vsearch	2656	T	*/-AC	258	7	2.56%	2	2	93	93	0.007505299821009934	1	1	152	106	5	2	-AC
F6_BC66_191109_LF_LIB_consensus_vsearch	2664	G	*/-TA	256	7	2.61%	2	1	93	93	0.007502981837406636	1	1	148	108	7	0	-TA
F6_BC66_191109_LF_LIB_consensus_vsearch	2666	A	*/-C	247	8	3.02%	2	1	93	93	0.0036945340250354765	1	1	150	97	0	8	-C
F6_BC66_191109_LF_LIB_consensus_vsearch	2667	C	*/+T	237	9	3.41%	2	1	93	93	0.0018129762417955753	1	1	159	78	0	9	+T
F6_BC66_191109_LF_LIB_consensus_vsearch	2669	T	*/-C	240	18	6.59%	2	2	93	93	2.8063307146367735E-6	1	1	153	87	2	16	-C
F6_BC66_191109_LF_LIB_consensus_vsearch	2672	T	*/+C	252	11	4.1%	2	1	93	93	4.388649693243239E-4	1	1	148	104	11	0	+C
F6_BC66_191109_LF_LIB_consensus_vsearch	2674	T	*/+A	252	7	2.6%	2	2	93	93	0.007498239332403135	1	1	156	96	1	6	+A
F6_BC66_191109_LF_LIB_consensus_vsearch	2680	G	*/-C	263	7	2.55%	2	2	93	93	0.007510945692957774	1	1	154	109	6	1	-C
F6_BC66_191109_LF_LIB_consensus_vsearch	2682	C	*/-G	258	9	3.28%	2	2	93	93	0.001823798755543091	1	1	150	108	8	1	-G
F6_BC66_191109_LF_LIB_consensus_vsearch	2688	C	*/-GA	254	10	3.68%	2	2	93	93	8.953772843442645E-4	1	1	152	102	8	2	-GA
F6_BC66_191109_LF_LIB_consensus_vsearch	2689	G	*/-A	246	10	3.77%	2	2	93	93	8.92905972782949E-4	1	1	142	104	8	2	-A
F6_BC66_191109_LF_LIB_consensus_vsearch	2691	A	*/-G	258	8	2.92%	2	1	93	93	0.003703179949352368	1	1	152	106	8	0	-G
F6_BC66_191109_LF_LIB_consensus_vsearch	2696	T	*/+C	254	9	3.3%	2	1	93	93	0.0018218680650561358	1	1	162	92	0	9	+C
F6_BC66_191109_LF_LIB_consensus_vsearch	2697	T	*/-C	249	15	5.45%	2	2	93	93	2.487334698777583E-5	1	1	159	90	1	14	-C
F6_BC66_191109_LF_LIB_consensus_vsearch	2700	C	*/-T	253	17	6.18%	2	2	93	93	5.8836414163460775E-6	1	1	156	97	1	16	-T
F6_BC66_191109_LF_LIB_consensus_vsearch	2701	T	*/+C	238	11	4.25%	2	1	93	93	4.3618325858222517E-4	1	1	142	96	11	0	+C
F6_BC66_191109_LF_LIB_consensus_vsearch	2703	C	*/+GG	255	7	2.55%	2	1	93	93	0.007501809679633719	1	1	158	97	0	7	+GG
F6_BC66_191109_LF_LIB_consensus_vsearch	2706	A	*/-T	252	19	6.96%	2	1	93	93	1.3757497951354788E-6	1	1	160	92	0	19	-T
F6_BC66_191109_LF_LIB_consensus_vsearch	2722	C	*/-G	259	9	3.26%	2	1	93	93	0.0018242725891630934	1	1	158	101	0	9	-G
F6_BC66_191109_LF_LIB_consensus_vsearch	2724	G	*/-A	242	29	10.62%	2	1	93	93	8.444579549329974E-10	1	1	130	112	29	0	-A
F6_BC66_191109_LF_LIB_consensus_vsearch	2730	G	*/-CG	226	48	17.45%	2	2	93	93	3.717895301142547E-16	1	1	151	75	12	36	-CG
F6_BC66_191109_LF_LIB_consensus_vsearch	2734	T	*/-G	255	8	2.9%	2	2	93	93	0.003700892775288906	1	1	148	107	6	2	-G
F6_BC66_191109_LF_LIB_consensus_vsearch	2737	T	*/+C	212	12	4.46%	2	1	93	93	2.0987757342671282E-4	1	1	107	105	12	0	+C
F6_BC66_191109_LF_LIB_consensus_vsearch	2737	T	*/-C	212	36	13.38%	2	2	93	93	3.6998343437882E-12	1	1	107	105	34	2	-C
F6_BC66_191109_LF_LIB_consensus_vsearch	2739	C	*/-T	257	7	2.57%	2	2	93	93	0.007504145184876668	1	1	152	105	4	3	-T
F6_BC66_191109_LF_LIB_consensus_vsearch	2741	A	*/+C	127	88	32.84%	2	2	93	93	3.9919942337943636E-32	1	1	73	54	69	19	+C
F6_BC66_191109_LF_LIB_consensus_vsearch	2741	A	*/+CC	127	7	2.61%	2	2	93	93	0.007209583328966473	1	1	73	54	2	5	+C
F6_BC66_191109_LF_LIB_consensus_vsearch	2741	A	*/-C	127	36	13.43%	2	2	93	93	1.6547093047420287E-12	1	1	73	54	12	24	-C
F6_BC66_191109_LF_LIB_consensus_vsearch	2747	C	-A/-A	15	257	93.8%	2	2	93	93	1.9762254997331658E-138	1	1	13	2	149	108	-A
F6_BC66_191109_LF_LIB_consensus_vsearch	2751	C	*/+G	247	10	3.64%	2	1	93	93	8.932230783903669E-4	1	1	149	98	0	10	+G
F6_BC66_191109_LF_LIB_consensus_vsearch	2752	G	*/-A	260	10	3.66%	2	1	93	93	8.97137079051494E-4	1	1	149	111	10	0	-A
F6_BC66_191109_LF_LIB_consensus_vsearch	2763	T	*/+C	249	13	4.73%	2	1	93	93	1.0480374753057819E-4	1	1	139	110	13	0	+C
F6_BC66_191109_LF_LIB_consensus_vsearch	2763	T	*/+CC	249	9	3.27%	2	1	93	93	0.0018193721277701645	1	1	139	110	9	0	+C
F6_BC66_191109_LF_LIB_consensus_vsearch	2764	C	*/-G	253	13	4.74%	2	2	93	93	1.0505021901642927E-4	1	1	152	101	5	8	-G
F6_BC66_191109_LF_LIB_consensus_vsearch	2766	G	*/-A	260	7	2.55%	2	2	93	93	0.0075075833477063125	1	1	153	107	6	1	-A
F6_BC66_191109_LF_LIB_consensus_vsearch	2780	C	*/+AG	67	26	9.59%	2	1	93	93	1.9502048568475724E-9	1	1	26	41	26	0	+AG
F6_BC66_191109_LF_LIB_consensus_vsearch	2780	C	*/+GG	67	160	59.04%	2	2	93	93	1.0762165447993077E-68	1	1	26	41	96	64	+GG
F6_BC66_191109_LF_LIB_consensus_vsearch	2787	C	*/-A	201	57	20.8%	2	2	93	93	2.1331208733008247E-19	1	1	99	102	56	1	-A
F6_BC66_191109_LF_LIB_consensus_vsearch	2789	A	*/+G	256	10	3.68%	2	2	93	93	8.959724786606658E-4	1	1	149	107	9	1	+G
F6_BC66_191109_LF_LIB_consensus_vsearch	2790	A	*/-G	246	13	4.73%	2	2	93	93	1.0461416751144055E-4	1	1	142	104	10	3	-G
F6_BC66_191109_LF_LIB_consensus_vsearch	2794	C	*/+G	249	8	2.97%	2	1	93	93	0.0036961603384701837	1	1	144	105	8	0	+G
F6_BC66_191109_LF_LIB_consensus_vsearch	2794	C	*/-A	249	7	2.6%	2	2	93	93	0.007494585982750822	1	1	144	105	5	2	+G
F6_BC66_191109_LF_LIB_consensus_vsearch	2795	A	*/+G	188	15	5.66%	2	2	93	93	2.3337062839874777E-5	1	1	124	64	7	8	+G
F6_BC66_191109_LF_LIB_consensus_vsearch	2795	A	*/-G	188	51	19.25%	2	2	93	93	2.2344914621597906E-17	1	1	124	64	17	34	-G
F6_BC66_191109_LF_LIB_consensus_vsearch	2799	A	*/+T	259	7	2.57%	2	1	93	93	0.007506445843275869	1	1	161	98	0	7	+T
F6_BC66_191109_LF_LIB_consensus_vsearch	2823	T	*/-C	256	9	3.33%	2	2	93	93	0.0018228405600327687	1	1	159	97	1	8	-C
F6_BC66_191109_LF_LIB_consensus_vsearch	2832	C	*/+A	253	8	2.92%	2	1	93	93	0.0036993391596663746	1	1	148	105	8	0	+A
F6_BC66_191109_LF_LIB_consensus_vsearch	2834	A	*/-G	263	8	2.9%	2	2	93	93	0.003706880776381375	1	1	156	107	6	2	-G
F6_BC66_191109_LF_LIB_consensus_vsearch	2848	C	*/-A	259	8	2.94%	2	2	93	93	0.003703931063382389	1	1	152	107	7	1	-A
F6_BC66_191109_LF_LIB_consensus_vsearch	2860	T	*/-C	254	20	7.25%	2	2	93	93	6.656293236362204E-7	1	1	143	111	18	2	-C
F6_BC66_191109_LF_LIB_consensus_vsearch	2868	T	*/+C	260	7	2.57%	2	1	93	93	0.0075075833477063125	1	1	153	107	7	0	+C
F6_BC66_191109_LF_LIB_consensus_vsearch	2872	T	*/-C	211	58	21.17%	2	2	93	93	1.1031394700454835E-19	1	1	133	78	24	34	-C
F6_BC66_191109_LF_LIB_consensus_vsearch	2879	C	*/-A	242	7	2.6%	2	1	93	93	0.007485722003053852	1	1	137	105	7	0	-A
F6_BC66_191109_LF_LIB_consensus_vsearch	2879	C	*/-AC	242	7	2.6%	2	1	93	93	0.007485722003053852	1	1	137	105	7	0	-A
F6_BC66_191109_LF_LIB_consensus_vsearch	2888	G	*/-C	258	10	3.62%	2	1	93	93	8.96559014408215E-4	1	1	159	99	0	10	-C
F6_BC66_191109_LF_LIB_consensus_vsearch	2895	A	*/-G	235	14	5.19%	2	2	93	93	5.0582388118107997E-5	1	1	138	97	4	10	-G
F6_BC66_191109_LF_LIB_consensus_vsearch	2901	A	*/-C	244	7	2.59%	2	2	93	93	0.00748830460110489	1	1	136	108	6	1	-C
F6_BC66_191109_LF_LIB_consensus_vsearch	2902	C	*/+T	248	9	3.41%	2	1	93	93	0.0018188615104327871	1	1	151	97	0	9	+T
F6_BC66_191109_LF_LIB_consensus_vsearch	2906	G	*/-C	255	8	2.94%	2	2	93	93	0.003700892775288906	1	1	154	101	2	6	-C
F6_BC66_191109_LF_LIB_consensus_vsearch	2907	C	*/+T	247	11	4.14%	2	1	93	93	4.3793947047224713E-4	1	1	156	91	0	11	+T
F6_BC66_191109_LF_LIB_consensus_vsearch	2909	C	*/+T	259	8	2.9%	2	2	93	93	0.003703931063382389	1	1	160	99	1	7	+T
F6_BC66_191109_LF_LIB_consensus_vsearch	2910	T	*/-C	249	18	6.67%	2	1	93	93	2.8365267850711223E-6	1	1	159	90	0	18	-C
F6_BC66_191109_LF_LIB_consensus_vsearch	2911	C	*/-T	231	8	3.1%	2	2	93	93	0.0036805574954856175	1	1	152	79	3	5	-T
F6_BC66_191109_LF_LIB_consensus_vsearch	2911	C	*/-TC	231	16	6.2%	2	2	93	93	1.1873730197672824E-5	1	1	152	79	8	8	-TC
F6_BC66_191109_LF_LIB_consensus_vsearch	2912	T	*/+C	229	15	6%	2	1	93	93	2.4447196886404097E-5	1	1	132	97	15	0	+C
F6_BC66_191109_LF_LIB_consensus_vsearch	2913	C	*/-G	236	10	3.88%	2	2	93	93	8.895970379003203E-4	1	1	143	93	1	9	-G
F6_BC66_191109_LF_LIB_consensus_vsearch	2918	T	*/+G	255	7	2.55%	2	1	93	93	0.007501809679633719	1	1	146	109	7	0	+G
F6_BC66_191109_LF_LIB_consensus_vsearch	2918	T	*/-A	255	7	2.55%	2	1	93	93	0.007501809679633719	1	1	146	109	7	0	+G
F6_BC66_191109_LF_LIB_consensus_vsearch	2919	A	*/-G	248	8	2.99%	2	2	93	93	0.0036953503162476236	1	1	143	105	6	2	-G
F6_BC66_191109_LF_LIB_consensus_vsearch	2923	G	*/-A	265	7	2.55%	2	2	93	93	0.00751314636487435	1	1	155	110	6	1	-A
F6_BC66_191109_LF_LIB_consensus_vsearch	2927	G	*/-C	257	11	4.03%	2	2	93	93	4.3975708311224564E-4	1	1	149	108	10	1	-C
F6_BC66_191109_LF_LIB_consensus_vsearch	2934	G	*/+T	268	8	2.9%	2	1	93	93	0.003710449152927439	1	1	163	105	0	8	+T
F6_BC66_191109_LF_LIB_consensus_vsearch	2936	C	*/-T	266	7	2.55%	2	1	93	93	0.0075142347009056415	1	1	162	104	0	7	-T
F6_BC66_191109_LF_LIB_consensus_vsearch	2941	T	*/+C	253	19	6.91%	2	2	93	93	1.3774622345546545E-6	1	1	145	108	18	1	+C
F6_BC66_191109_LF_LIB_consensus_vsearch	2951	G	*/-CG	250	9	3.35%	2	2	93	93	0.0018198788774539596	1	1	152	98	1	8	-CG
F6_BC66_191109_LF_LIB_consensus_vsearch	2953	G	*/+CG	118	117	44.32%	2	2	93	93	1.9259841900122382E-44	1	1	64	54	74	43	+CG
F6_BC66_191109_LF_LIB_consensus_vsearch	2953	G	*/+CGA	118	7	2.65%	2	1	93	93	0.007166897781991431	1	1	64	54	7	0	+CG
F6_BC66_191109_LF_LIB_consensus_vsearch	2956	C	*/-G	242	7	2.61%	2	2	93	93	0.007485722003053852	1	1	150	92	2	5	-G
F6_BC66_191109_LF_LIB_consensus_vsearch	2958	G	*/-C	246	13	4.76%	2	2	93	93	1.0461416751144055E-4	1	1	138	108	12	1	-C
F6_BC66_191109_LF_LIB_consensus_vsearch	2959	C	*/+T	249	9	3.45%	2	1	93	93	0.0018193721277701645	1	1	146	103	0	9	+T
F6_BC66_191109_LF_LIB_consensus_vsearch	2962	A	*/-G	253	9	3.3%	2	1	93	93	0.0018213763549018416	1	1	153	100	0	9	-G
F6_BC66_191109_LF_LIB_consensus_vsearch	2970	T	*/+A	249	9	3.35%	2	1	93	93	0.0018193721277701645	1	1	143	106	9	0	+A
F6_BC66_191109_LF_LIB_consensus_vsearch	2970	T	*/-A	249	8	2.97%	2	2	93	93	0.0036961603384701837	1	1	143	106	4	4	+A
F6_BC66_191109_LF_LIB_consensus_vsearch	2972	A	*/-G	243	11	4%	2	2	93	93	4.3717375701073373E-4	1	1	147	96	5	6	-G
F6_BC66_191109_LF_LIB_consensus_vsearch	2990	T	*/-A	241	19	6.93%	2	1	93	93	1.3561639340408357E-6	1	1	134	107	19	0	-A
F6_BC66_191109_LF_LIB_consensus_vsearch	2990	T	*/-ATT	241	10	3.65%	2	2	93	93	8.912835697054955E-4	1	1	134	107	9	1	-A
F6_BC66_191109_LF_LIB_consensus_vsearch	2994	G	*/-C	248	15	5.51%	2	2	93	93	2.485346012865692E-5	1	1	150	98	6	9	-C
F6_BC66_191109_LF_LIB_consensus_vsearch	2996	C	*/-A	213	20	7.33%	2	2	93	93	6.23067936136875E-7	1	1	153	60	5	15	-A
F6_BC66_191109_LF_LIB_consensus_vsearch	2998	A	*/-G	245	7	2.57%	2	2	93	93	0.007489580654151418	1	1	154	91	3	4	-G
F6_BC66_191109_LF_LIB_consensus_vsearch	3001	A	*/-C	259	7	2.56%	2	2	93	93	0.007506445843275869	1	1	158	101	2	5	-C
F6_BC66_191109_LF_LIB_consensus_vsearch	3008	C	*/-AC	255	12	4.38%	2	1	93	93	2.151678747999977E-4	1	1	149	106	12	0	-AC
F6_BC66_191109_LF_LIB_consensus_vsearch	3009	A	*/-C	213	17	6.54%	2	2	93	93	5.61412940655465E-6	1	1	134	79	8	9	-C
F6_BC66_191109_LF_LIB_consensus_vsearch	3009	A	*/-CC	213	20	7.69%	2	1	93	93	6.23067936136875E-7	1	1	134	79	0	20	-CC
F6_BC66_191109_LF_LIB_consensus_vsearch	3011	C	*/+T	237	8	3.17%	2	1	93	93	0.003686009667588161	1	1	156	81	0	8	+T
F6_BC66_191109_LF_LIB_consensus_vsearch	3012	C	*/-T	247	8	2.94%	2	2	93	93	0.0036945340250354765	1	1	146	101	3	5	-T
F6_BC66_191109_LF_LIB_consensus_vsearch	3017	C	*/-G	231	35	12.92%	2	2	93	93	8.79277967415468E-12	1	1	136	95	19	16	-G
F6_BC66_191109_LF_LIB_consensus_vsearch	3027	T	*/+C	225	9	3.31%	2	1	93	93	0.0018059382541162866	1	1	134	91	9	0	+C
F6_BC66_191109_LF_LIB_consensus_vsearch	3027	T	*/-C	225	20	7.35%	2	2	93	93	6.367526990821138E-7	1	1	134	91	5	15	-C
F6_BC66_191109_LF_LIB_consensus_vsearch	3027	T	*/-CC	225	15	5.51%	2	2	93	93	2.4354161852738932E-5	1	1	134	91	13	2	-C
F6_BC66_191109_LF_LIB_consensus_vsearch	3031	C	*/-A	221	14	5.09%	2	2	93	93	5.0002770675582806E-5	1	1	131	90	3	11	-A
F6_BC66_191109_LF_LIB_consensus_vsearch	3036	C	*/-GC	248	10	3.72%	2	2	93	93	8.935377905624525E-4	1	1	155	93	1	9	-GC
F6_BC66_191109_LF_LIB_consensus_vsearch	3038	C	*/-A	220	20	7.72%	2	2	93	93	6.311884019848156E-7	1	1	137	83	16	4	-A
F6_BC66_191109_LF_LIB_consensus_vsearch	3041	G	*/+A	247	7	2.57%	2	1	93	93	0.00749210286352295	1	1	138	109	7	0	+A
F6_BC66_191109_LF_LIB_consensus_vsearch	3041	G	*/-A	247	8	2.94%	2	1	93	93	0.0036945340250354765	1	1	138	109	8	0	-A
F6_BC66_191109_LF_LIB_consensus_vsearch	3050	C	*/-GCC	260	8	2.9%	2	2	93	93	0.0037046766426069204	1	1	158	102	2	6	-GCC
F6_BC66_191109_LF_LIB_consensus_vsearch	3051	G	*/-C	237	22	8.24%	2	2	93	93	1.49698924089051E-7	1	1	153	84	5	17	-C
F6_BC66_191109_LF_LIB_consensus_vsearch	3054	C	*/-TC	264	7	2.55%	2	1	93	93	0.007512050058182546	1	1	163	101	0	7	-TC
F6_BC66_191109_LF_LIB_consensus_vsearch	3056	C	*/-G	223	24	9.02%	2	1	93	93	3.3144611148479934E-8	1	1	125	98	24	0	-G
F6_BC66_191109_LF_LIB_consensus_vsearch	3056	C	*/-GA	223	10	3.76%	2	2	93	93	8.848831932848452E-4	1	1	125	98	8	2	-G
F6_BC66_191109_LF_LIB_consensus_vsearch	3057	G	*/+A	206	18	7.5%	2	1	93	93	2.6734324964115575E-6	1	1	99	107	18	0	+A
F6_BC66_191109_LF_LIB_consensus_vsearch	3057	G	*/-A	206	12	5%	2	2	93	93	2.089820970245861E-4	1	1	99	107	10	2	+A
F6_BC66_191109_LF_LIB_consensus_vsearch	3059	A	*/-G	236	8	2.91%	2	1	93	93	0.0036851193347710583	1	1	125	111	8	0	-G
F6_BC66_191109_LF_LIB_consensus_vsearch	3059	A	*/-GC	236	14	5.09%	2	1	93	93	5.062147474326143E-5	1	1	125	111	14	0	-GC
F6_BC66_191109_LF_LIB_consensus_vsearch	3059	A	*/-GCC	236	8	2.91%	2	1	93	93	0.0036851193347710583	1	1	125	111	8	0	-GC
F6_BC66_191109_LF_LIB_consensus_vsearch	3060	G	*/-C	143	15	6.28%	2	1	93	93	2.153998315356075E-5	1	1	31	112	15	0	-C
F6_BC66_191109_LF_LIB_consensus_vsearch	3060	G	*/-CC	143	62	25.94%	2	1	93	93	9.273199145198504E-22	1	1	31	112	62	0	-CC
F6_BC66_191109_LF_LIB_consensus_vsearch	3063	C	*/+A	176	19	7.09%	2	2	93	93	1.2034934941417678E-6	1	1	99	77	1	18	+A
F6_BC66_191109_LF_LIB_consensus_vsearch	3063	C	*/-A	176	52	19.4%	2	2	93	93	8.29662571926394E-18	1	1	99	77	47	5	-A
F6_BC66_191109_LF_LIB_consensus_vsearch	3063	C	*/-AA	176	7	2.61%	2	2	93	93	0.007369187819667051	1	1	99	77	6	1	-A
F6_BC66_191109_LF_LIB_consensus_vsearch	3074	G	*/-A	256	10	3.66%	2	2	93	93	8.959724786606658E-4	1	1	147	109	8	2	-A
F6_BC66_191109_LF_LIB_consensus_vsearch	3075	A	*/+G	61	128	48.48%	2	2	93	93	4.9510827729355884E-54	1	1	45	16	37	91	+G
F6_BC66_191109_LF_LIB_consensus_vsearch	3075	A	*/+GG	61	7	2.65%	2	2	93	93	0.006642560599974168	1	1	45	16	4	3	+G
F6_BC66_191109_LF_LIB_consensus_vsearch	3075	A	*/-GGA	61	47	17.8%	2	2	93	93	1.111834975721496E-17	1	1	45	16	46	1	-GGA
F6_BC66_191109_LF_LIB_consensus_vsearch	3087	C	*/-A	241	12	4.41%	2	1	93	93	2.1363402075967646E-4	1	1	141	100	12	0	-A
F6_BC66_191109_LF_LIB_consensus_vsearch	3089	A	*/-C	251	8	2.92%	2	2	93	93	0.0036977618625582452	1	1	140	111	7	1	-C
F6_BC66_191109_LF_LIB_consensus_vsearch	3091	C	*/+T	222	8	2.93%	2	2	93	93	0.0036718537228742883	1	1	129	93	1	7	+T
F6_BC66_191109_LF_LIB_consensus_vsearch	3091	C	*/-T	222	17	6.23%	2	2	93	93	5.681724827274391E-6	1	1	129	93	6	11	-T
F6_BC66_191109_LF_LIB_consensus_vsearch	3091	C	*/-TT	222	23	8.42%	2	2	93	93	6.937286654880951E-8	1	1	129	93	22	1	-TT
F6_BC66_191109_LF_LIB_consensus_vsearch	3095	G	*/+A	260	7	2.54%	2	2	93	93	0.0075075833477063125	1	1	151	109	6	1	+A
F6_BC66_191109_LF_LIB_consensus_vsearch	3105	T	*/-C	254	10	3.68%	2	2	93	93	8.953772843442645E-4	1	1	152	102	2	8	-C
F6_BC66_191109_LF_LIB_consensus_vsearch	3106	C	*/+T	243	8	3.02%	2	2	93	93	0.003691204692263428	1	1	149	94	1	7	+T
F6_BC66_191109_LF_LIB_consensus_vsearch	3115	T	*/+C	259	10	3.65%	2	1	93	93	8.968490941134896E-4	1	1	148	111	10	0	+C
F6_BC66_191109_LF_LIB_consensus_vsearch	3116	C	*/-G	259	7	2.56%	2	2	93	93	0.007506445843275869	1	1	153	106	2	5	-G
F6_BC66_191109_LF_LIB_consensus_vsearch	3136	A	*/-C	224	38	13.87%	2	2	93	93	8.563982977801014E-13	1	1	118	106	35	3	-C
F6_BC66_191109_LF_LIB_consensus_vsearch	3140	C	*/-A	252	7	2.54%	2	2	93	93	0.007498239332403135	1	1	148	104	6	1	-A
F6_BC66_191109_LF_LIB_consensus_vsearch	3143	G	*/-A	263	7	2.56%	2	1	93	93	0.007510945692957774	1	1	154	109	7	0	-A
F6_BC66_191109_LF_LIB_consensus_vsearch	3150	G	*/-A	264	8	2.92%	2	1	93	93	0.0037076048169334716	1	1	153	111	8	0	-A
F6_BC66_191109_LF_LIB_consensus_vsearch	3168	A	*/-C	254	9	3.35%	2	2	93	93	0.0018218680650561358	1	1	148	106	5	4	-C
F6_BC66_191109_LF_LIB_consensus_vsearch	3169	C	*/+T	242	15	5.79%	2	1	93	93	2.473114429202734E-5	1	1	150	92	0	15	+T
F6_BC66_191109_LF_LIB_consensus_vsearch	3182	G	*/-A	248	20	7.27%	2	1	93	93	6.600889434412791E-7	1	1	137	111	20	0	-A
F6_BC66_191109_LF_LIB_consensus_vsearch	3204	A	*/-T	266	7	2.54%	2	1	93	93	0.0075142347009056415	1	1	160	106	0	7	-T
F6_BC66_191109_LF_LIB_consensus_vsearch	3205	T	*/+C	209	15	5.58%	2	1	93	93	2.3951800712612044E-5	1	1	105	104	15	0	+C
F6_BC66_191109_LF_LIB_consensus_vsearch	3205	T	*/-C	209	42	15.61%	2	2	93	93	3.496513771965098E-14	1	1	105	104	40	2	-C
F6_BC66_191109_LF_LIB_consensus_vsearch	3207	C	*/-T	263	7	2.54%	2	1	93	93	0.007510945692957774	1	1	163	100	0	7	-T
F6_BC66_191109_LF_LIB_consensus_vsearch	3220	G	*/-C	243	23	8.33%	2	1	93	93	7.254118414451195E-8	1	1	134	109	23	0	-C
F6_BC66_191109_LF_LIB_consensus_vsearch	3221	C	*/+T	240	10	3.97%	2	2	93	93	8.909515133367017E-4	1	1	136	104	1	9	+T
F6_BC66_191109_LF_LIB_consensus_vsearch	3224	T	*/+G	251	7	2.56%	2	2	93	93	0.007497030913500092	1	1	156	95	1	6	+G
F6_BC66_191109_LF_LIB_consensus_vsearch	3225	G	*/+A	254	7	2.6%	2	1	93	93	0.0075006286111248205	1	1	149	105	7	0	+A
F6_BC66_191109_LF_LIB_consensus_vsearch	3227	T	*/+A	256	9	3.31%	2	1	93	93	0.0018228405600327687	1	1	150	106	9	0	+A
F6_BC66_191109_LF_LIB_consensus_vsearch	3228	G	*/-A	262	8	2.94%	2	2	93	93	0.0037061514394952193	1	1	154	108	7	1	-A
F6_BC66_191109_LF_LIB_consensus_vsearch	3229	A	*/-G	249	7	2.63%	2	1	93	93	0.007494585982750822	1	1	139	110	7	0	-G
F6_BC66_191109_LF_LIB_consensus_vsearch	3233	T	*/+C	198	11	4%	2	2	93	93	4.2662591196418204E-4	1	1	128	70	2	9	+C
F6_BC66_191109_LF_LIB_consensus_vsearch	3233	T	*/-C	198	56	20.36%	2	2	93	93	4.5767079121829575E-19	1	1	128	70	23	33	-C
F6_BC66_191109_LF_LIB_consensus_vsearch	3233	T	*/-CC	198	7	2.55%	2	1	93	93	0.007416284922397948	1	1	128	70	7	0	-C
F6_BC66_191109_LF_LIB_consensus_vsearch	3244	A	*/+G	258	7	2.57%	2	1	93	93	0.007505299821009934	1	1	150	108	7	0	+G
F6_BC66_191109_LF_LIB_consensus_vsearch	3247	C	*/-A	252	11	4.01%	2	2	93	93	4.388649693243239E-4	1	1	151	101	4	7	-A
F6_BC66_191109_LF_LIB_consensus_vsearch	3252	T	*/-A	203	10	3.65%	2	2	93	93	8.765435124402236E-4	1	1	147	56	7	3	-A
F6_BC66_191109_LF_LIB_consensus_vsearch	3252	T	*/-AA	203	50	18.25%	2	1	93	93	6.036634879791589E-17	1	1	147	56	0	50	-AA
F6_BC66_191109_LF_LIB_consensus_vsearch	3257	C	*/+A	252	9	3.26%	2	1	93	93	0.0018208809482378404	1	1	144	108	9	0	+A
F6_BC66_191109_LF_LIB_consensus_vsearch	3266	C	*/-AC	241	24	8.76%	2	1	93	93	3.4557422520949686E-8	1	1	131	110	24	0	-AC
F6_BC66_191109_LF_LIB_consensus_vsearch	3274	G	*/-T	253	8	2.94%	2	1	93	93	0.0036993391596663746	1	1	144	109	8	0	-T
F6_BC66_191109_LF_LIB_consensus_vsearch	3276	T	*/+A	247	22	8.06%	2	1	93	93	1.5242277278721827E-7	1	1	136	111	22	0	+A
F6_BC66_191109_LF_LIB_consensus_vsearch	3279	G	*/+C	234	12	4.38%	2	2	93	93	2.1280463299094273E-4	1	1	134	100	5	7	+C
F6_BC66_191109_LF_LIB_consensus_vsearch	3279	G	*/-C	234	21	7.66%	2	2	93	93	3.104555954926836E-7	1	1	134	100	19	2	-C
F6_BC66_191109_LF_LIB_consensus_vsearch	3289	C	*/-A	265	8	2.9%	2	1	93	93	0.0037083236186299423	1	1	161	104	0	8	-A
F6_BC66_191109_LF_LIB_consensus_vsearch	3293	T	*/-C	262	7	2.55%	2	2	93	93	0.007509833180020558	1	1	157	105	5	2	-C
F6_BC66_191109_LF_LIB_consensus_vsearch	3295	C	*/-T	254	15	5.45%	2	2	93	93	2.4970730105602945E-5	1	1	159	95	3	12	-T
F6_BC66_191109_LF_LIB_consensus_vsearch	3298	T	*/-AA	248	8	2.91%	2	1	93	93	0.0036953503162476236	1	1	149	99	0	8	-AA
F6_BC66_191109_LF_LIB_consensus_vsearch	3301	G	*/+T	260	9	3.27%	2	1	93	93	0.0018247429645633383	1	1	152	108	9	0	+T
F6_BC66_191109_LF_LIB_consensus_vsearch	3321	C	*/+T	239	12	4.46%	2	1	93	93	2.1340156008037268E-4	1	1	155	84	0	12	+T
F6_BC66_191109_LF_LIB_consensus_vsearch	3322	T	*/+C	161	34	12.64%	2	2	93	93	1.2037947484520312E-11	1	1	89	72	30	4	+C
F6_BC66_191109_LF_LIB_consensus_vsearch	3322	T	*/-C	161	63	23.42%	2	2	93	93	6.686103288361617E-22	1	1	89	72	37	26	-C
F6_BC66_191109_LF_LIB_consensus_vsearch	3322	T	*/-CC	161	8	2.97%	2	2	93	93	0.0035889176506417294	1	1	89	72	3	5	-C
F6_BC66_191109_LF_LIB_consensus_vsearch	3329	G	*/-A	255	12	4.4%	2	1	93	93	2.151678747999977E-4	1	1	144	111	12	0	-A
F6_BC66_191109_LF_LIB_consensus_vsearch	3332	T	*/-C	223	52	18.84%	2	1	93	93	1.5458353734107673E-17	1	1	111	112	52	0	-C
F6_BC66_191109_LF_LIB_consensus_vsearch	3334	C	*/-A	231	31	11.23%	2	1	93	93	1.8138278765043263E-10	1	1	121	110	31	0	-A
F6_BC66_191109_LF_LIB_consensus_vsearch	3334	C	*/-AA	231	8	2.9%	2	1	93	93	0.0036805574954856175	1	1	121	110	8	0	-A
F6_BC66_191109_LF_LIB_consensus_vsearch	3340	C	*/-T	254	8	2.94%	2	1	93	93	0.003700118894213593	1	1	162	92	0	8	-T
F6_BC66_191109_LF_LIB_consensus_vsearch	3341	T	*/+C	216	27	10.15%	2	1	93	93	3.469447090860305E-9	1	1	129	87	27	0	+C
F6_BC66_191109_LF_LIB_consensus_vsearch	3341	T	*/-C	216	16	6.02%	2	1	93	93	1.1676102632271101E-5	1	1	129	87	0	16	+C
F6_BC66_191109_LF_LIB_consensus_vsearch	3342	C	*/-T	247	8	3.1%	2	2	93	93	0.0036945340250354765	1	1	160	87	1	7	-T
F6_BC66_191109_LF_LIB_consensus_vsearch	3348	T	*/-CT	260	9	3.27%	2	1	93	93	0.0018247429645633383	1	1	160	100	0	9	-CT
F6_BC66_191109_LF_LIB_consensus_vsearch	3352	T	*/-A	251	9	3.35%	2	2	93	93	0.0018203818032406984	1	1	143	108	8	1	-A
F6_BC66_191109_LF_LIB_consensus_vsearch	3356	C	*/-T	249	17	6.2%	2	2	93	93	5.85995649783237E-6	1	1	160	89	1	16	-T
F6_BC66_191109_LF_LIB_consensus_vsearch	3357	T	*/+C	218	9	3.53%	2	2	93	93	0.001801496644156972	1	1	144	74	8	1	+C
F6_BC66_191109_LF_LIB_consensus_vsearch	3357	T	*/-C	218	13	5.1%	2	2	93	93	1.0262165255618348E-4	1	1	144	74	3	10	-C
F6_BC66_191109_LF_LIB_consensus_vsearch	3357	T	*/-CC	218	8	3.14%	2	2	93	93	0.003667766201363899	1	1	144	74	7	1	-C
F6_BC66_191109_LF_LIB_consensus_vsearch	3360	C	*/+A	251	9	3.27%	2	1	93	93	0.0018203818032406984	1	1	151	100	9	0	+A
F6_BC66_191109_LF_LIB_consensus_vsearch	3361	G	*/-A	258	13	4.73%	2	2	93	93	1.0534860479086726E-4	1	1	150	108	12	1	-A
F6_BC66_191109_LF_LIB_consensus_vsearch	3370	T	*/+C	251	12	4.43%	2	1	93	93	2.1474557722261152E-4	1	1	145	106	12	0	+C
F6_BC66_191109_LF_LIB_consensus_vsearch	3371	C	*/+A	230	8	2.95%	2	1	93	93	0.0036796224538833875	1	1	122	108	8	0	+A
F6_BC66_191109_LF_LIB_consensus_vsearch	3371	C	*/-G	230	12	4.43%	2	1	93	93	2.1231016338203528E-4	1	1	122	108	12	0	-G
F6_BC66_191109_LF_LIB_consensus_vsearch	3371	C	*/-GC	230	12	4.43%	2	1	93	93	2.1231016338203528E-4	1	1	122	108	12	0	-G
F6_BC66_191109_LF_LIB_consensus_vsearch	3372	G	*/+C	173	17	6.75%	2	1	93	93	5.247440456017121E-6	1	1	60	113	17	0	+C
F6_BC66_191109_LF_LIB_consensus_vsearch	3373	C	*/+T	208	7	2.68%	2	1	93	93	0.007434537497224064	1	1	98	110	7	0	+T
F6_BC66_191109_LF_LIB_consensus_vsearch	3373	C	*/-A	208	25	9.58%	2	1	93	93	1.5100630039324042E-8	1	1	98	110	25	0	-A
F6_BC66_191109_LF_LIB_consensus_vsearch	3374	A	*/+C	217	7	2.82%	2	1	93	93	0.007449584424390529	1	1	104	113	7	0	+C
F6_BC66_191109_LF_LIB_consensus_vsearch	3376	A	*/-G	204	10	3.66%	2	1	93	93	8.769963348909129E-4	1	1	93	111	10	0	-G
F6_BC66_191109_LF_LIB_consensus_vsearch	3377	G	*/+A	207	54	20.3%	2	1	93	93	2.5999330213825205E-18	1	1	97	110	54	0	+A
F6_BC66_191109_LF_LIB_consensus_vsearch	3380	A	*/+C	240	15	5.43%	2	1	93	93	2.468919460222434E-5	1	1	135	105	15	0	+C
F6_BC66_191109_LF_LIB_consensus_vsearch	3380	A	*/-C	240	15	5.43%	2	2	93	93	2.468919460222434E-5	1	1	135	105	9	6	+C
F6_BC66_191109_LF_LIB_consensus_vsearch	3381	C	*/+T	248	8	3.07%	2	1	93	93	0.0036953503162476236	1	1	152	96	0	8	+T
F6_BC66_191109_LF_LIB_consensus_vsearch	3390	G	*/-CG	264	7	2.55%	2	2	93	93	0.007512050058182546	1	1	157	107	3	4	-CG
F6_BC66_191109_LF_LIB_consensus_vsearch	3410	T	*/-G	248	21	7.64%	2	2	93	93	3.177523126252125E-7	1	1	162	86	1	20	-G
F6_BC66_191109_LF_LIB_consensus_vsearch	3425	G	*/+T	258	8	2.92%	2	1	93	93	0.003703179949352368	1	1	160	98	0	8	+T
F6_BC66_191109_LF_LIB_consensus_vsearch	3427	C	*/-T	261	11	3.99%	2	2	93	93	4.404479324483225E-4	1	1	158	103	1	10	-T
F6_BC66_191109_LF_LIB_consensus_vsearch	3435	C	*/+T	214	10	3.65%	2	2	93	93	8.813089995913842E-4	1	1	121	93	9	1	+T
F6_BC66_191109_LF_LIB_consensus_vsearch	3435	C	*/-T	214	42	15.33%	2	2	93	93	3.638835713896946E-14	1	1	121	93	26	16	-T
F6_BC66_191109_LF_LIB_consensus_vsearch	3438	T	*/+A	234	22	8%	2	1	93	93	1.4884857318176255E-7	1	1	122	112	22	0	+A
F6_BC66_191109_LF_LIB_consensus_vsearch	3438	T	*/-G	234	11	4%	2	1	93	93	4.353628116613763E-4	1	1	122	112	11	0	+A
F6_BC66_191109_LF_LIB_consensus_vsearch	3441	T	*/-C	240	23	8.58%	2	2	93	93	7.211277908413451E-8	1	1	155	85	5	18	-C
F6_BC66_191109_LF_LIB_consensus_vsearch	3446	C	*/+A	32	109	39.64%	2	2	93	93	2.004299113053088E-49	1	1	16	16	63	46	+A
F6_BC66_191109_LF_LIB_consensus_vsearch	3447	C	*/+AC	246	9	3.26%	2	2	93	93	0.0018178284943888832	1	1	150	96	3	6	+AC
F6_BC66_191109_LF_LIB_consensus_vsearch	3452	C	*/+A	258	8	2.93%	2	2	93	93	0.003703179949352368	1	1	152	106	7	1	+A
F6_BC66_191109_LF_LIB_consensus_vsearch	3455	G	*/-CT	241	23	8.42%	2	1	93	93	7.225642890746785E-8	1	1	131	110	23	0	-CT
F6_BC66_191109_LF_LIB_consensus_vsearch	3461	T	*/+C	264	7	2.54%	2	1	93	93	0.007512050058182546	1	1	152	112	7	0	+C
F6_BC66_191109_LF_LIB_consensus_vsearch	3465	T	*/-GA	250	7	2.6%	2	1	93	93	0.007495813166417644	1	1	142	108	7	0	-GA
F6_BC66_191109_LF_LIB_consensus_vsearch	3466	G	*/-A	246	7	2.64%	2	2	93	93	0.007490846702557751	1	1	138	108	5	2	-A
F6_BC66_191109_LF_LIB_consensus_vsearch	3469	A	*/-G	268	7	2.54%	2	2	93	93	0.007516387806114139	1	1	156	112	6	1	-G
F6_BC66_191109_LF_LIB_consensus_vsearch	3472	A	*/-C	169	88	32.23%	2	2	93	93	3.8334812008307537E-31	1	1	80	89	76	12	-C
F6_BC66_191109_LF_LIB_consensus_vsearch	3473	C	*/+T	156	19	10.22%	2	1	93	93	1.1383846772176152E-6	1	1	81	75	0	19	+T
F6_BC66_191109_LF_LIB_consensus_vsearch	3474	C	*/+T	252	13	4.73%	2	1	93	93	1.0498926189604147E-4	1	1	159	93	0	13	+T
F6_BC66_191109_LF_LIB_consensus_vsearch	3475	C	*/-T	244	23	8.36%	2	2	93	93	7.268230400117209E-8	1	1	161	83	1	22	-T
F6_BC66_191109_LF_LIB_consensus_vsearch	3486	C	*/-T	256	7	2.55%	2	1	93	93	0.007502981837406636	1	1	160	96	0	7	-T
F6_BC66_191109_LF_LIB_consensus_vsearch	3486	C	*/-TT	256	7	2.55%	2	2	93	93	0.007502981837406636	1	1	160	96	2	5	-T
F6_BC66_191109_LF_LIB_consensus_vsearch	3489	T	*/-C	262	8	2.9%	2	2	93	93	0.0037061514394952193	1	1	159	103	1	7	-C
F6_BC66_191109_LF_LIB_consensus_vsearch	3490	C	*/+T	250	7	2.62%	2	1	93	93	0.007495813166417644	1	1	155	95	0	7	+T
F6_BC66_191109_LF_LIB_consensus_vsearch	3496	A	*/-G	247	14	5.13%	2	2	93	93	5.103294910034228E-5	1	1	150	97	4	10	-G
F6_BC66_191109_LF_LIB_consensus_vsearch	3506	C	*/-T	259	10	3.68%	2	1	93	93	8.968490941134896E-4	1	1	158	101	0	10	-T
F6_BC66_191109_LF_LIB_consensus_vsearch	3509	A	*/-G	212	51	19.03%	2	2	93	93	3.0252456335593966E-17	1	1	108	104	42	9	-G
F6_BC66_191109_LF_LIB_consensus_vsearch	3513	T	*/-C	255	15	5.45%	2	2	93	93	2.498980629358518E-5	1	1	149	106	12	3	-C
F6_BC66_191109_LF_LIB_consensus_vsearch	3514	C	+A/+A	25	221	84.67%	2	2	93	93	2.986362849732586E-112	1	1	23	2	121	100	+A
F6_BC66_191109_LF_LIB_consensus_vsearch	3516	A	*/-G	222	10	3.72%	2	2	93	93	8.844993515297029E-4	1	1	122	100	3	7	-G
F6_BC66_191109_LF_LIB_consensus_vsearch	3518	G	*/-A	260	10	3.64%	2	1	93	93	8.97137079051494E-4	1	1	150	110	10	0	-A
F6_BC66_191109_LF_LIB_consensus_vsearch	3524	A	*/+C	137	14	5.17%	2	2	93	93	4.451878857237427E-5	1	1	72	65	13	1	+C
F6_BC66_191109_LF_LIB_consensus_vsearch	3524	A	*/-C	137	85	31.37%	2	2	93	93	1.1457794613889988E-30	1	1	72	65	45	40	-C
F6_BC66_191109_LF_LIB_consensus_vsearch	3524	A	*/-CC	137	17	6.27%	2	2	93	93	4.78367137635331E-6	1	1	72	65	12	5	-C
F6_BC66_191109_LF_LIB_consensus_vsearch	3524	A	*/-CCC	137	14	5.17%	2	1	93	93	4.451878857237427E-5	1	1	72	65	14	0	-C
F6_BC66_191109_LF_LIB_consensus_vsearch	3528	C	*/-T	249	16	5.84%	2	2	93	93	1.2084026797485504E-5	1	1	156	93	2	14	-T
F6_BC66_191109_LF_LIB_consensus_vsearch	3531	G	*/+C	257	7	2.57%	2	2	93	93	0.007504145184876668	1	1	148	109	5	2	+C
F6_BC66_191109_LF_LIB_consensus_vsearch	3537	G	*/-A	235	29	10.62%	2	1	93	93	8.259212461942531E-10	1	1	123	112	29	0	-A
F6_BC66_191109_LF_LIB_consensus_vsearch	3537	G	*/-AG	235	8	2.93%	2	2	93	93	0.003684221776127662	1	1	123	112	7	1	-A
F6_BC66_191109_LF_LIB_consensus_vsearch	3546	T	*/-G	253	10	3.65%	2	2	93	93	8.950763801239866E-4	1	1	149	104	8	2	-G
F6_BC66_191109_LF_LIB_consensus_vsearch	3548	G	*/-C	224	16	5.88%	2	1	93	93	1.1784271864232843E-5	1	1	124	100	16	0	-C
F6_BC66_191109_LF_LIB_consensus_vsearch	3551	C	*/+T	239	11	4.09%	2	1	93	93	4.3638441469499997E-4	1	1	140	99	0	11	+T
F6_BC66_191109_LF_LIB_consensus_vsearch	3552	C	*/+G	68	134	49.26%	2	2	93	93	5.118223117359535E-56	1	1	65	3	52	82	+G
F6_BC66_191109_LF_LIB_consensus_vsearch	3552	C	*/+GA	68	7	2.57%	2	1	93	93	0.006748603167255938	1	1	65	3	7	0	+G
F6_BC66_191109_LF_LIB_consensus_vsearch	3556	A	*/+C	172	10	3.69%	2	2	93	93	8.601308235378474E-4	1	1	94	78	9	1	+C
F6_BC66_191109_LF_LIB_consensus_vsearch	3556	A	*/-C	172	59	21.77%	2	2	93	93	2.461197148654469E-20	1	1	94	78	31	28	-C
F6_BC66_191109_LF_LIB_consensus_vsearch	3556	A	*/-CC	172	22	8.12%	2	1	93	93	1.2689763524680979E-7	1	1	94	78	22	0	-C
F6_BC66_191109_LF_LIB_consensus_vsearch	3576	C	*/-AC	260	9	3.28%	2	1	93	93	0.0018247429645633383	1	1	152	108	9	0	-AC
F6_BC66_191109_LF_LIB_consensus_vsearch	3608	T	*/-C	259	15	5.45%	2	1	93	93	2.50648212065113E-5	1	1	146	113	15	0	-C
F6_BC66_191109_LF_LIB_consensus_vsearch	3614	T	*/-GT	257	10	3.62%	2	2	93	93	8.962668170105445E-4	1	1	150	107	5	5	-GT
F6_BC66_191109_LF_LIB_consensus_vsearch	3635	T	*/-C	259	7	2.55%	2	2	93	93	0.007506445843275869	1	1	154	105	3	4	-C
F6_BC66_191109_LF_LIB_consensus_vsearch	3640	C	*/-A	254	14	5.09%	2	1	93	93	5.1278325302827684E-5	1	1	144	110	14	0	-A
F6_BC66_191109_LF_LIB_consensus_vsearch	3648	C	*/-T	255	11	4%	2	2	93	93	4.3940412746515644E-4	1	1	150	105	6	5	-T
F6_BC66_191109_LF_LIB_consensus_vsearch	3649	T	*/-GCCT	242	8	3.02%	2	1	93	93	0.003690355937378303	1	1	144	98	8	0	-GCCT
F6_BC66_191109_LF_LIB_consensus_vsearch	3652	C	*/-T	247	10	3.76%	2	2	93	93	8.932230783903669E-4	1	1	148	99	4	6	-T
F6_BC66_191109_LF_LIB_consensus_vsearch	3659	G	*/+C	253	12	4.41%	2	1	93	93	2.1495825162865442E-4	1	1	158	95	0	12	+C
F6_BC66_191109_LF_LIB_consensus_vsearch	3661	T	*/-C	258	9	3.32%	2	2	93	93	0.001823798755543091	1	1	162	96	1	8	-C
F6_BC66_191109_LF_LIB_consensus_vsearch	3662	C	*/-TC	252	8	3%	2	2	93	93	0.003698553505001527	1	1	157	95	3	5	-TC
F6_BC66_191109_LF_LIB_consensus_vsearch	3665	A	*/+T	253	10	3.68%	2	1	93	93	8.950763801239866E-4	1	1	143	110	10	0	+T
F6_BC66_191109_LF_LIB_consensus_vsearch	3671	T	*/+C	260	9	3.28%	2	1	93	93	0.0018247429645633383	1	1	152	108	9	0	+C
F6_BC66_191109_LF_LIB_consensus_vsearch	3672	C	*/-G	246	23	8.33%	2	2	93	93	7.29620637180044E-8	1	1	139	107	22	1	-G
F6_BC66_191109_LF_LIB_consensus_vsearch	3673	G	*/-AG	227	19	7.51%	2	1	93	93	1.329073677768642E-6	1	1	116	111	19	0	-AG
F6_BC66_191109_LF_LIB_consensus_vsearch	3674	A	*/-G	221	22	8.7%	2	2	93	93	1.4497218222783636E-7	1	1	115	106	19	3	-G
F6_BC66_191109_LF_LIB_consensus_vsearch	3677	T	*/+G	256	7	2.6%	2	2	93	93	0.007502981837406636	1	1	157	99	1	6	+G
F6_BC66_191109_LF_LIB_consensus_vsearch	3680	T	*/-C	257	8	2.92%	2	2	93	93	0.0037024232386659835	1	1	157	100	1	7	-C
F6_BC66_191109_LF_LIB_consensus_vsearch	3685	A	*/-C	257	8	2.92%	2	2	93	93	0.0037024232386659835	1	1	148	109	5	3	-C
F6_BC66_191109_LF_LIB_consensus_vsearch	3687	C	*/-GG	252	7	2.55%	2	1	93	93	0.007498239332403135	1	1	155	97	0	7	-GG
F6_BC66_191109_LF_LIB_consensus_vsearch	3693	C	*/+G	262	8	2.91%	2	2	93	93	0.0037061514394952193	1	1	155	107	2	6	+G
F6_BC66_191109_LF_LIB_consensus_vsearch	3694	G	*/-A	253	13	4.76%	2	1	93	93	1.0505021901642927E-4	1	1	141	112	13	0	-A
F6_BC66_191109_LF_LIB_consensus_vsearch	3695	A	*/-G	240	15	5.81%	2	2	93	93	2.468919460222434E-5	1	1	128	112	14	1	-G
F6_BC66_191109_LF_LIB_consensus_vsearch	3698	T	*/-C	252	8	2.94%	2	1	93	93	0.003698553505001527	1	1	147	105	8	0	-C
F6_BC66_191109_LF_LIB_consensus_vsearch	3700	C	*/-AC	262	8	2.94%	2	2	93	93	0.0037061514394952193	1	1	154	108	5	3	-AC
F6_BC66_191109_LF_LIB_consensus_vsearch	3706	C	*/+G	224	14	5.2%	2	1	93	93	5.0132304095312896E-5	1	1	138	86	14	0	+G
F6_BC66_191109_LF_LIB_consensus_vsearch	3706	C	*/-A	224	11	4.09%	2	1	93	93	4.3319414411093957E-4	1	1	138	86	11	0	+G
F6_BC66_191109_LF_LIB_consensus_vsearch	3707	A	*/-T	221	23	8.88%	2	2	93	93	6.921156543729746E-8	1	1	135	86	14	9	-T
F6_BC66_191109_LF_LIB_consensus_vsearch	3709	T	*/-A	245	7	2.6%	2	2	93	93	0.007489580654151418	1	1	149	96	6	1	-A
F6_BC66_191109_LF_LIB_consensus_vsearch	3710	A	*/-G	189	42	16.03%	2	1	93	93	2.924471473994922E-14	1	1	136	53	0	42	-G
F6_BC66_191109_LF_LIB_consensus_vsearch	3712	G	*/+A	246	18	6.64%	2	1	93	93	2.8266626691789653E-6	1	1	138	108	18	0	+A
F6_BC66_191109_LF_LIB_consensus_vsearch	3719	G	*/-C	256	8	2.91%	2	2	93	93	0.003701660868547635	1	1	146	110	6	2	-C
F6_BC66_191109_LF_LIB_consensus_vsearch	3721	C	*/-G	255	8	2.92%	2	2	93	93	0.003700892775288906	1	1	150	105	5	3	-G
F6_BC66_191109_LF_LIB_consensus_vsearch	3724	C	*/+G	244	15	5.6%	2	1	93	93	2.4772496762156424E-5	1	1	137	107	15	0	+G
F6_BC66_191109_LF_LIB_consensus_vsearch	3725	A	*/-G	251	11	4.07%	2	1	93	93	4.386825993841257E-4	1	1	143	108	11	0	-G
F6_BC66_191109_LF_LIB_consensus_vsearch	3726	G	*/+A	242	15	5.73%	2	1	93	93	2.473114429202734E-5	1	1	134	108	15	0	+A
F6_BC66_191109_LF_LIB_consensus_vsearch	3727	T	*/-C	257	9	3.3%	2	1	93	93	0.0018233214254448316	1	1	148	109	9	0	-C
F6_BC66_191109_LF_LIB_consensus_vsearch	3729	C	*/-AC	258	7	2.55%	2	1	93	93	0.007505299821009934	1	1	148	110	7	0	-AC
F6_BC66_191109_LF_LIB_consensus_vsearch	3730	A	*/+C	211	13	4.98%	2	2	93	93	1.0205056322589528E-4	1	1	110	101	7	6	+C
F6_BC66_191109_LF_LIB_consensus_vsearch	3730	A	*/-C	211	22	8.43%	2	2	93	93	1.4176074834593726E-7	1	1	110	101	19	3	-C
F6_BC66_191109_LF_LIB_consensus_vsearch	3731	C	*/+T	224	8	3.4%	2	1	93	93	0.003673845400689721	1	1	127	97	0	8	+T
F6_BC66_191109_LF_LIB_consensus_vsearch	3734	C	*/-GA	237	8	2.92%	2	1	93	93	0.003686009667588161	1	1	147	90	8	0	-GA
F6_BC66_191109_LF_LIB_consensus_vsearch	3735	G	*/-A	247	13	4.89%	2	2	93	93	1.0467782079246774E-4	1	1	137	110	12	1	-A
F6_BC66_191109_LF_LIB_consensus_vsearch	3737	A	*/-G	225	17	6.32%	2	2	93	93	5.7032680908834166E-6	1	1	115	110	16	1	-G
F6_BC66_191109_LF_LIB_consensus_vsearch	3737	A	*/-GG	225	22	8.18%	2	1	93	93	1.4619930146121474E-7	1	1	115	110	22	0	-GG
F6_BC66_191109_LF_LIB_consensus_vsearch	3743	C	*/-TT	234	11	4.04%	2	1	93	93	4.353628116613763E-4	1	1	132	102	11	0	-TT
F6_BC66_191109_LF_LIB_consensus_vsearch	3745	T	*/+CT	216	12	4.67%	2	1	93	93	2.104496857598024E-4	1	1	132	84	0	12	+CT
F6_BC66_191109_LF_LIB_consensus_vsearch	3746	G	*/-C	215	31	11.74%	2	2	93	93	1.6988830276882073E-10	1	1	121	94	23	8	-C
F6_BC66_191109_LF_LIB_consensus_vsearch	3747	C	*/+G	205	7	3.04%	2	2	93	93	0.0074292407456773525	1	1	117	88	6	1	+G
F6_BC66_191109_LF_LIB_consensus_vsearch	3748	C	*/+T	212	9	3.37%	2	2	93	93	0.00179747064240055	1	1	133	79	1	8	+T
F6_BC66_191109_LF_LIB_consensus_vsearch	3748	C	*/-T	212	33	12.36%	2	2	93	93	3.667497964895256E-11	1	1	133	79	15	18	-T
F6_BC66_191109_LF_LIB_consensus_vsearch	3757	G	*/-C	185	71	25.72%	2	2	93	93	1.4857127754555825E-24	1	1	100	85	51	20	-C
F6_BC66_191109_LF_LIB_consensus_vsearch	3757	G	*/-CC	185	9	3.26%	2	1	93	93	0.0017763509872760243	1	1	100	85	9	0	-C
F6_BC66_191109_LF_LIB_consensus_vsearch	3762	T	*/+G	253	14	5.15%	2	2	93	93	5.1244009276311245E-5	1	1	155	98	5	9	+G
F6_BC66_191109_LF_LIB_consensus_vsearch	3777	C	*/-AC	259	9	3.32%	2	1	93	93	0.0018242725891630934	1	1	149	110	9	0	-AC
F6_BC66_191109_LF_LIB_consensus_vsearch	3780	G	*/-T	241	27	9.82%	2	1	93	93	3.73994570918026E-9	1	1	129	112	27	0	-T
F6_BC66_191109_LF_LIB_consensus_vsearch	3784	T	*/-A	267	9	3.26%	2	2	93	93	0.0018279418621040778	1	1	158	109	5	4	-A
F6_BC66_191109_LF_LIB_consensus_vsearch	3796	C	*/+T	243	15	5.62%	2	1	93	93	2.475189438315933E-5	1	1	158	85	0	15	+T
F6_BC66_191109_LF_LIB_consensus_vsearch	3799	A	*/-CA	249	14	5.15%	2	2	93	93	5.110430355772131E-5	1	1	144	105	12	2	-CA
F6_BC66_191109_LF_LIB_consensus_vsearch	3803	A	*/-TA	253	17	6.23%	2	2	93	93	5.8836414163460775E-6	1	1	153	100	6	11	-TA
F6_BC66_191109_LF_LIB_consensus_vsearch	3814	G	*/-A	258	13	4.76%	2	2	93	93	1.0534860479086726E-4	1	1	150	108	12	1	-A
F6_BC66_191109_LF_LIB_consensus_vsearch	3818	T	*/-G	259	9	3.3%	2	2	93	93	0.0018242725891630934	1	1	155	104	3	6	-G
F6_BC66_191109_LF_LIB_consensus_vsearch	3839	C	*/-A	224	34	12.45%	2	2	93	93	1.8181201953335382E-11	1	1	122	102	33	1	-A
F6_BC66_191109_LF_LIB_consensus_vsearch	3849	G	*/-C	236	22	8.12%	2	2	93	93	1.4941723256528376E-7	1	1	150	86	10	12	-C
F6_BC66_191109_LF_LIB_consensus_vsearch	3850	C	*/+T	213	24	9.6%	2	1	93	93	3.2291486714684166E-8	1	1	150	63	0	24	+T
F6_BC66_191109_LF_LIB_consensus_vsearch	3853	T	*/-C	181	85	31.48%	2	1	93	93	8.451158945990837E-30	1	1	71	110	85	0	-C
F6_BC66_191109_LF_LIB_consensus_vsearch	3855	C	*/-A	266	7	2.55%	2	2	93	93	0.0075142347009056415	1	1	161	105	1	6	-A
F6_BC66_191109_LF_LIB_consensus_vsearch	3866	C	*/-A	256	17	6.2%	2	1	93	93	5.900995648755554E-6	1	1	144	112	17	0	-A
F6_BC66_191109_LF_LIB_consensus_vsearch	3868	C	*/-T	259	11	4.06%	2	2	93	93	4.40104982176298E-4	1	1	158	101	2	9	-T
F6_BC66_191109_LF_LIB_consensus_vsearch	3869	T	*/+C	250	12	4.53%	2	1	93	93	2.146380749426225E-4	1	1	149	101	12	0	+C
F6_BC66_191109_LF_LIB_consensus_vsearch	3872	G	*/-A	252	19	6.96%	2	2	93	93	1.3757497951354788E-6	1	1	143	109	18	1	-A
F6_BC66_191109_LF_LIB_consensus_vsearch	3875	C	*/-T	245	14	5.13%	2	2	93	93	5.0960564767895224E-5	1	1	149	96	7	7	-T
F6_BC66_191109_LF_LIB_consensus_vsearch	3883	T	*/-A	243	24	8.73%	2	1	93	93	3.4705444571956286E-8	1	1	131	112	24	0	-A
F6_BC66_191109_LF_LIB_consensus_vsearch	3884	A	-G/-G	15	221	88.4%	2	2	93	93	1.1026286152015056E-117	1	1	13	2	123	98	-G
F6_BC66_191109_LF_LIB_consensus_vsearch	3884	A	*/-GG	15	11	4.4%	2	1	93	93	1.2790865975286677E-4	1	1	13	2	0	11	-G
F6_BC66_191109_LF_LIB_consensus_vsearch	3893	T	*/+C	91	171	62.18%	2	2	93	93	7.955615651185229E-71	1	1	67	24	88	83	+C
F6_BC66_191109_LF_LIB_consensus_vsearch	3899	A	*/+G	252	9	3.3%	2	1	93	93	0.0018208809482378404	1	1	156	96	0	9	+G
F6_BC66_191109_LF_LIB_consensus_vsearch	3904	A	*/-CA	255	9	3.3%	2	1	93	93	0.0018223561198992344	1	1	146	109	9	0	-CA
F6_BC66_191109_LF_LIB_consensus_vsearch	3912	C	*/+A	247	14	5.2%	2	2	93	93	5.103294910034228E-5	1	1	146	101	11	3	+A
F6_BC66_191109_LF_LIB_consensus_vsearch	3916	C	*/-GC	252	10	3.65%	2	2	93	93	8.947732384278332E-4	1	1	152	100	5	5	-GC
F6_BC66_191109_LF_LIB_consensus_vsearch	3917	G	*/-C	236	17	6.46%	2	2	93	93	5.778370165149079E-6	1	1	136	100	12	5	-C
F6_BC66_191109_LF_LIB_consensus_vsearch	3937	C	*/-G	250	13	4.8%	2	2	93	93	1.0486603090066527E-4	1	1	146	104	11	2	-G
F6_BC66_191109_LF_LIB_consensus_vsearch	3939	C	*/+TT	251	8	2.93%	2	1	93	93	0.0036977618625582452	1	1	144	107	8	0	+TT
F6_BC66_191109_LF_LIB_consensus_vsearch	3943	C	*/-TC	251	13	4.76%	2	1	93	93	1.049278674284444E-4	1	1	161	90	0	13	-TC
F6_BC66_191109_LF_LIB_consensus_vsearch	3945	C	*/-AC	251	7	2.68%	2	2	93	93	0.007497030913500092	1	1	154	97	6	1	-AC
F6_BC66_191109_LF_LIB_consensus_vsearch	3952	G	*/-TG	258	9	3.31%	2	2	93	93	0.001823798755543091	1	1	154	104	1	8	-TG
F6_BC66_191109_LF_LIB_consensus_vsearch	3960	T	*/-GG	245	12	4.48%	2	1	93	93	2.1408856657334662E-4	1	1	151	94	0	12	-GG
F6_BC66_191109_LF_LIB_consensus_vsearch	3962	G	*/+A	242	15	5.68%	2	1	93	93	2.473114429202734E-5	1	1	143	99	15	0	+A
F6_BC66_191109_LF_LIB_consensus_vsearch	3966	A	*/-T	253	20	7.27%	2	2	93	93	6.647203076827856E-7	1	1	143	110	19	1	-T
F6_BC66_191109_LF_LIB_consensus_vsearch	3973	C	*/-GC	234	36	13.04%	2	2	93	93	4.170059582010682E-12	1	1	129	105	32	4	-GC
F6_BC66_191109_LF_LIB_consensus_vsearch	3981	G	*/-C	254	9	3.31%	2	1	93	93	0.0018218680650561358	1	1	145	109	9	0	-C
F6_BC66_191109_LF_LIB_consensus_vsearch	3982	C	*/+G	248	8	3.04%	2	1	93	93	0.0036953503162476236	1	1	141	107	8	0	+G
F6_BC66_191109_LF_LIB_consensus_vsearch	3983	C	*/+T	249	11	4%	2	1	93	93	4.383137951476102E-4	1	1	157	92	0	11	+T
F6_BC66_191109_LF_LIB_consensus_vsearch	3983	C	*/-T	249	10	3.64%	2	2	93	93	8.93850136274439E-4	1	1	157	92	2	8	+T
F6_BC66_191109_LF_LIB_consensus_vsearch	3985	T	*/-C	241	22	8%	2	2	93	93	1.5080846746234768E-7	1	1	137	104	15	7	-C
F6_BC66_191109_LF_LIB_consensus_vsearch	3987	C	*/-T	236	16	5.86%	2	2	93	93	1.1934874983236344E-5	1	1	147	89	8	8	-T
F6_BC66_191109_LF_LIB_consensus_vsearch	3989	T	*/-G	245	13	4.78%	2	1	93	93	1.0455004755959254E-4	1	1	152	93	0	13	-G
F6_BC66_191109_LF_LIB_consensus_vsearch	3995	T	*/-A	202	57	20.88%	2	1	93	93	2.1657200355828207E-19	1	1	93	109	57	0	-A
F6_BC66_191109_LF_LIB_consensus_vsearch	3998	G	*/-A	254	15	5.54%	2	1	93	93	2.4970730105602945E-5	1	1	141	113	15	0	-A
F6_BC66_191109_LF_LIB_consensus_vsearch	4004	T	*/-GT	258	11	4.01%	2	2	93	93	4.3993165790743476E-4	1	1	158	100	1	10	-GT
F6_BC66_191109_LF_LIB_consensus_vsearch	4015	C	*/-T	226	41	15.13%	2	1	93	93	8.616577044814203E-14	1	1	156	70	0	41	-T
F6_BC66_191109_LF_LIB_consensus_vsearch	4020	T	*/-C	221	48	17.65%	2	1	93	93	3.5501770768306806E-16	1	1	113	108	48	0	-C
F6_BC66_191109_LF_LIB_consensus_vsearch	4022	C	*/-G	241	31	11.31%	2	2	93	93	1.8817571371420704E-10	1	1	152	89	9	22	-G
F6_BC66_191109_LF_LIB_consensus_vsearch	4032	C	*/-T	264	8	2.91%	2	2	93	93	0.0037076048169334716	1	1	159	105	2	6	-T
F6_BC66_191109_LF_LIB_consensus_vsearch	4033	T	*/+C	244	12	4.48%	2	1	93	93	2.1397620289108517E-4	1	1	145	99	12	0	+C
F6_BC66_191109_LF_LIB_consensus_vsearch	4034	C	*/+T	257	7	2.61%	2	1	93	93	0.007504145184876668	1	1	160	97	0	7	+T
F6_BC66_191109_LF_LIB_consensus_vsearch	4035	T	*/-A	237	28	10.29%	2	2	93	93	1.7551089013124922E-9	1	1	158	79	1	27	-A
F6_BC66_191109_LF_LIB_consensus_vsearch	4039	T	*/+C	196	9	3.27%	2	2	93	93	0.001785610469261078	1	1	133	63	7	2	+C
F6_BC66_191109_LF_LIB_consensus_vsearch	4039	T	*/-C	196	53	19.27%	2	2	93	93	4.9997231622455216E-18	1	1	133	63	19	34	-C
F6_BC66_191109_LF_LIB_consensus_vsearch	4039	T	*/-CC	196	10	3.64%	2	2	93	93	8.7325475503958E-4	1	1	133	63	3	7	-C
F6_BC66_191109_LF_LIB_consensus_vsearch	4044	G	*/-T	265	8	2.9%	2	2	93	93	0.0037083236186299423	1	1	153	112	7	1	-T
F6_BC66_191109_LF_LIB_consensus_vsearch	4046	T	*/-A	262	11	3.99%	2	1	93	93	4.4061758463860134E-4	1	1	150	112	11	0	-A
F6_BC66_191109_LF_LIB_consensus_vsearch	4047	A	*/-C	241	8	3.04%	2	1	93	93	0.0036895004577195047	1	1	131	110	8	0	-C
F6_BC66_191109_LF_LIB_consensus_vsearch	4055	T	*/-C	265	7	2.54%	2	1	93	93	0.00751314636487435	1	1	152	113	7	0	-C
F6_BC66_191109_LF_LIB_consensus_vsearch	4067	T	*/-C	217	52	18.98%	2	2	93	93	1.4471443589754703E-17	1	1	107	110	51	1	-C
F6_BC66_191109_LF_LIB_consensus_vsearch	4069	C	*/-A	260	8	2.91%	2	2	93	93	0.0037046766426069204	1	1	150	110	7	1	-A
F6_BC66_191109_LF_LIB_consensus_vsearch	4075	A	*/-CA	257	10	3.68%	2	1	93	93	8.962668170105445E-4	1	1	154	103	0	10	-CA
F6_BC66_191109_LF_LIB_consensus_vsearch	4076	C	*/+A	251	9	3.4%	2	1	93	93	0.0018203818032406984	1	1	157	94	0	9	+A
F6_BC66_191109_LF_LIB_consensus_vsearch	4092	A	*/-G	241	16	5.86%	2	2	93	93	1.1993861560497258E-5	1	1	147	94	1	15	-G
F6_BC66_191109_LF_LIB_consensus_vsearch	4102	C	*/-T	252	10	3.73%	2	2	93	93	8.947732384278332E-4	1	1	156	96	2	8	-T
F6_BC66_191109_LF_LIB_consensus_vsearch	4105	G	*/-A	257	9	3.31%	2	2	93	93	0.0018233214254448316	1	1	154	103	6	3	-A
F6_BC66_191109_LF_LIB_consensus_vsearch	4108	T	*/+G	256	9	3.27%	2	1	93	93	0.0018228405600327687	1	1	161	95	0	9	+G
F6_BC66_191109_LF_LIB_consensus_vsearch	4109	G	*/-A	248	8	2.91%	2	2	93	93	0.0036953503162476236	1	1	152	96	5	3	-A
F6_BC66_191109_LF_LIB_consensus_vsearch	4124	T	*/+G	231	8	2.96%	2	1	93	93	0.0036805574954856175	1	1	123	108	8	0	+G
F6_BC66_191109_LF_LIB_consensus_vsearch	4124	T	*/-G	231	18	6.67%	2	1	93	93	2.774229261475934E-6	1	1	123	108	18	0	-G
F6_BC66_191109_LF_LIB_consensus_vsearch	4125	G	*/-A	170	78	30.59%	2	1	93	93	2.428118033621985E-27	1	1	61	109	78	0	-A
F6_BC66_191109_LF_LIB_consensus_vsearch	4128	G	*/+C	195	38	14.13%	2	2	93	93	7.037891237369459E-13	1	1	84	111	37	1	+C
F6_BC66_191109_LF_LIB_consensus_vsearch	4128	G	*/-C	195	27	10.04%	2	1	93	93	3.212371282433204E-9	1	1	84	111	27	0	+C
F6_BC66_191109_LF_LIB_consensus_vsearch	4138	T	*/-C	211	59	21.53%	2	1	93	93	4.9221714758037126E-20	1	1	99	112	59	0	-C
F6_BC66_191109_LF_LIB_consensus_vsearch	4140	C	*/+A	239	7	2.55%	2	2	93	93	0.0074817700326852326	1	1	148	91	4	3	+A
F6_BC66_191109_LF_LIB_consensus_vsearch	4141	G	*/-A	258	11	4.04%	2	2	93	93	4.3993165790743476E-4	1	1	151	107	9	2	-A
F6_BC66_191109_LF_LIB_consensus_vsearch	4148	G	*/-CT	258	12	4.36%	2	1	93	93	2.1547673040377304E-4	1	1	147	111	12	0	-CT
F6_BC66_191109_LF_LIB_consensus_vsearch	4154	G	*/-A	260	10	3.64%	2	1	93	93	8.97137079051494E-4	1	1	148	112	10	0	-A
F6_BC66_191109_LF_LIB_consensus_vsearch	4161	C	*/+T	248	10	3.7%	2	2	93	93	8.935377905624525E-4	1	1	150	98	3	7	+T
F6_BC66_191109_LF_LIB_consensus_vsearch	4161	C	*/-T	248	8	2.96%	2	2	93	93	0.0036953503162476236	1	1	150	98	3	5	+T
F6_BC66_191109_LF_LIB_consensus_vsearch	4174	A	*/-G	231	9	3.3%	2	1	93	93	0.0018095434033127298	1	1	132	99	0	9	-G
F6_BC66_191109_LF_LIB_consensus_vsearch	4180	A	*/-G	222	46	16.97%	2	1	93	93	1.7175180993314142E-15	1	1	109	113	46	0	-G
F6_BC66_191109_LF_LIB_consensus_vsearch	4182	G	*/+AG	250	7	2.54%	2	1	93	93	0.007495813166417644	1	1	141	109	7	0	+AG
F6_BC66_191109_LF_LIB_consensus_vsearch	4182	G	*/-T	250	7	2.54%	2	2	93	93	0.007495813166417644	1	1	141	109	6	1	+AG
F6_BC66_191109_LF_LIB_consensus_vsearch	4185	T	*/-G	235	34	12.32%	2	2	93	93	1.9129039274072777E-11	1	1	160	75	1	33	-G
F6_BC66_191109_LF_LIB_consensus_vsearch	4189	T	*/+C	261	8	2.92%	2	1	93	93	0.003705416747963619	1	1	153	108	8	0	+C
F6_BC66_191109_LF_LIB_consensus_vsearch	4190	C	*/-T	264	8	2.92%	2	2	93	93	0.0037076048169334716	1	1	159	105	2	6	-T
F6_BC66_191109_LF_LIB_consensus_vsearch	4191	T	*/-A	244	14	5.24%	2	2	93	93	5.092397942761746E-5	1	1	157	87	4	10	-A
F6_BC66_191109_LF_LIB_consensus_vsearch	4198	C	*/-AC	247	17	6.25%	2	1	93	93	5.847872971450355E-6	1	1	138	109	17	0	-AC
F6_BC66_191109_LF_LIB_consensus_vsearch	4202	T	*/-C	255	13	4.74%	2	1	93	93	1.051708397388793E-4	1	1	146	109	13	0	-C
F6_BC66_191109_LF_LIB_consensus_vsearch	4207	T	*/-CT	254	12	4.41%	2	1	93	93	2.1506344050599332E-4	1	1	162	92	0	12	-CT
F6_BC66_191109_LF_LIB_consensus_vsearch	4208	C	*/-T	241	14	5.41%	2	2	93	93	5.081261627675223E-5	1	1	161	80	1	13	-T
F6_BC66_191109_LF_LIB_consensus_vsearch	4224	T	*/+A	262	9	3.28%	2	2	93	93	0.0018256734909882749	1	1	152	110	8	1	+A
F6_BC66_191109_LF_LIB_consensus_vsearch	4231	G	*/-T	255	9	3.35%	2	1	93	93	0.0018223561198992344	1	1	155	100	0	9	-T
F6_BC66_191109_LF_LIB_consensus_vsearch	4237	T	*/-C	261	8	2.93%	2	1	93	93	0.003705416747963619	1	1	159	102	0	8	-C
F6_BC66_191109_LF_LIB_consensus_vsearch	4239	T	*/+C	240	9	3.3%	2	1	93	93	0.0018146318577743554	1	1	140	100	0	9	+C
F6_BC66_191109_LF_LIB_consensus_vsearch	4239	T	*/-C	240	23	8.42%	2	2	93	93	7.211277908413451E-8	1	1	140	100	22	1	-C
F6_BC66_191109_LF_LIB_consensus_vsearch	4245	A	*/-T	264	8	2.91%	2	2	93	93	0.0037076048169334716	1	1	156	108	3	5	-T
F6_BC66_191109_LF_LIB_consensus_vsearch	4251	C	*/-AC	262	7	2.56%	2	1	93	93	0.007509833180020558	1	1	149	113	7	0	-AC
F6_BC66_191109_LF_LIB_consensus_vsearch	4253	C	*/-G	245	9	3.4%	2	2	93	93	0.0018173060047634259	1	1	141	104	6	3	-G
F6_BC66_191109_LF_LIB_consensus_vsearch	4255	G	*/-C	253	10	3.68%	2	2	93	93	8.950763801239866E-4	1	1	146	107	9	1	-C
F6_BC66_191109_LF_LIB_consensus_vsearch	4267	C	*/+A	206	21	7.61%	2	2	93	93	2.937021083806429E-7	1	1	111	95	14	7	+A
F6_BC66_191109_LF_LIB_consensus_vsearch	4267	C	*/-A	206	44	15.94%	2	2	93	93	7.133961084292286E-15	1	1	111	95	34	10	-A
F6_BC66_191109_LF_LIB_consensus_vsearch	4273	T	*/-C	252	15	5.45%	2	2	93	93	2.4932181436345333E-5	1	1	161	91	1	14	-C
F6_BC66_191109_LF_LIB_consensus_vsearch	4281	T	*/+C	265	7	2.55%	2	2	93	93	0.00751314636487435	1	1	155	110	6	1	+C
F6_BC66_191109_LF_LIB_consensus_vsearch	4306	G	*/-A	266	7	2.54%	2	2	93	93	0.0075142347009056415	1	1	155	111	6	1	-A
F6_BC66_191109_LF_LIB_consensus_vsearch	4330	T	*/+A	244	7	2.54%	2	1	93	93	0.00748830460110489	1	1	137	107	7	0	+A
F6_BC66_191109_LF_LIB_consensus_vsearch	4330	T	*/-A	244	20	7.25%	2	2	93	93	6.562770486963538E-7	1	1	137	107	16	4	-A
F6_BC66_191109_LF_LIB_consensus_vsearch	4332	A	*/-G	259	8	2.93%	2	2	93	93	0.003703931063382389	1	1	153	106	5	3	-G
F6_BC66_191109_LF_LIB_consensus_vsearch	4337	T	*/+C	252	10	3.65%	2	1	93	93	8.947732384278332E-4	1	1	150	102	10	0	+C
F6_BC66_191109_LF_LIB_consensus_vsearch	4337	T	*/-C	252	7	2.55%	2	1	93	93	0.007498239332403135	1	1	150	102	0	7	+C
F6_BC66_191109_LF_LIB_consensus_vsearch	4338	C	*/-T	240	16	5.99%	2	2	93	93	1.198223143122491E-5	1	1	158	82	2	14	-T
F6_BC66_191109_LF_LIB_consensus_vsearch	4343	C	*/+T	256	7	2.56%	2	2	93	93	0.007502981837406636	1	1	157	99	1	6	+T
F6_BC66_191109_LF_LIB_consensus_vsearch	4345	C	*/-T	178	7	2.6%	2	1	93	93	0.007373926992228167	1	1	157	21	0	7	-T
F6_BC66_191109_LF_LIB_consensus_vsearch	4345	C	*/-TC	178	80	29.74%	2	2	93	93	5.701053003808238E-28	1	1	157	21	4	76	-TC
F6_BC66_191109_LF_LIB_consensus_vsearch	4363	T	*/-C	251	20	7.3%	2	1	93	93	6.628851785349505E-7	1	1	141	110	20	0	-C
F6_BC66_191109_LF_LIB_consensus_vsearch	4365	C	*/+G	259	10	3.65%	2	1	93	93	8.968490941134896E-4	1	1	158	101	0	10	+G
