Chrom	Position	Ref	Cons	Reads1	Reads2	VarFreq	Strands1	Strands2	Qual1	Qual2	Pvalue	MapQual1	MapQual2	Reads1Plus	Reads1Minus	Reads2Plus	Reads2Minus	VarAllele
F6_BC66_191109_LF_LIB_consensus_vsearch	1	A	A	216	0	0%	2	0	93	0	1.0	1	0	153	63	0	0	
F6_BC66_191109_LF_LIB_consensus_vsearch	2	T	T	225	0	0%	2	0	93	0	1.0	1	0	156	69	0	0	
F6_BC66_191109_LF_LIB_consensus_vsearch	3	G	*/-T	208	21	8.94%	2	2	93	93	2.950072630570878E-7	1	1	132	76	19	2	-T
F6_BC66_191109_LF_LIB_consensus_vsearch	4	T	T	223	0	0%	2	0	93	0	1.0	1	0	140	83	0	0	
F6_BC66_191109_LF_LIB_consensus_vsearch	5	T	T	251	1	0.4%	2	1	93	93	0.5000000000003686	1	1	159	92	1	0	C
F6_BC66_191109_LF_LIB_consensus_vsearch	6	T	T	254	0	0%	2	0	93	0	1.0	1	0	160	94	0	0	
F6_BC66_191109_LF_LIB_consensus_vsearch	7	T	T	254	2	0.78%	2	2	93	93	0.2495107632092758	1	1	158	96	1	1	-A
F6_BC66_191109_LF_LIB_consensus_vsearch	8	A	A	259	0	0%	2	0	93	0	1.0	1	0	162	97	0	0	
F6_BC66_191109_LF_LIB_consensus_vsearch	9	A	A	263	0	0%	2	0	93	0	1.0	1	0	163	100	0	0	
F6_BC66_191109_LF_LIB_consensus_vsearch	10	T	T	266	1	0.37%	2	1	93	93	0.4999999999999138	1	1	162	104	1	0	G
F6_BC66_191109_LF_LIB_consensus_vsearch	11	T	*/+G	255	12	4.46%	2	1	93	93	2.151678747999977E-4	1	1	149	106	12	0	+G
F6_BC66_191109_LF_LIB_consensus_vsearch	12	A	*/-G	257	12	4.43%	2	1	93	93	2.1537451184080097E-4	1	1	148	109	12	0	-G
F6_BC66_191109_LF_LIB_consensus_vsearch	13	G	G	259	1	0.38%	2	1	93	93	0.4999999999999138	1	1	149	110	1	0	+A
F6_BC66_191109_LF_LIB_consensus_vsearch	14	A	A	264	2	0.73%	2	1	93	93	0.24952919020719036	1	1	156	108	2	0	+C
F6_BC66_191109_LF_LIB_consensus_vsearch	15	C	C	261	5	1.83%	2	1	93	93	0.03066315650820783	1	1	151	110	5	0	+G
F6_BC66_191109_LF_LIB_consensus_vsearch	16	A	A	265	3	1.1%	2	1	93	93	0.12429906542060956	1	1	155	110	3	0	G
F6_BC66_191109_LF_LIB_consensus_vsearch	17	G	G	269	3	1.1%	2	1	93	93	0.12430939226523824	1	1	158	111	3	0	A
F6_BC66_191109_LF_LIB_consensus_vsearch	18	T	*/+C	264	7	2.55%	2	1	93	93	0.007512050058182546	1	1	155	109	7	0	+C
F6_BC66_191109_LF_LIB_consensus_vsearch	19	C	C	269	4	1.46%	2	2	93	93	0.06181256019060895	1	1	160	109	2	2	-A
F6_BC66_191109_LF_LIB_consensus_vsearch	20	A	A	264	3	1.11%	2	2	93	93	0.1242964352720778	1	1	157	107	1	2	+G
F6_BC66_191109_LF_LIB_consensus_vsearch	21	G	G	270	2	0.73%	2	1	93	93	0.2495395948434138	1	1	158	112	2	0	-A
F6_BC66_191109_LF_LIB_consensus_vsearch	22	A	R	262	9	3.3%	2	2	93	93	0.0018256734909882749	1	1	157	105	4	5	G
F6_BC66_191109_LF_LIB_consensus_vsearch	23	T	T	264	5	1.83%	2	1	93	93	0.030669694912897477	1	1	162	102	0	5	C
F6_BC66_191109_LF_LIB_consensus_vsearch	24	T	*/-C	203	59	21.45%	2	2	93	93	4.3521456326471185E-20	1	1	133	70	25	34	-C
F6_BC66_191109_LF_LIB_consensus_vsearch	25	C	C	210	0	0%	2	0	93	0	1.0	1	0	137	73	0	0	
F6_BC66_191109_LF_LIB_consensus_vsearch	26	C	C	269	0	0%	2	0	93	0	1.0	1	0	162	107	0	0	
F6_BC66_191109_LF_LIB_consensus_vsearch	27	C	C	269	4	1.45%	2	2	93	93	0.06181256019060895	1	1	162	107	1	3	T
F6_BC66_191109_LF_LIB_consensus_vsearch	28	C	*/-A	249	8	2.91%	2	2	93	93	0.0036961603384701837	1	1	149	100	4	4	-A
F6_BC66_191109_LF_LIB_consensus_vsearch	29	A	A	259	3	1.13%	2	1	93	93	0.12428298279160237	1	1	154	105	3	0	+G
F6_BC66_191109_LF_LIB_consensus_vsearch	30	A	A	263	4	1.47%	2	1	93	93	0.06179709776251344	1	1	158	105	4	0	G
F6_BC66_191109_LF_LIB_consensus_vsearch	31	G	G	264	3	1.1%	2	1	93	93	0.1242964352720778	1	1	157	107	3	0	A
F6_BC66_191109_LF_LIB_consensus_vsearch	32	T	*/-C	252	14	5.13%	2	2	93	93	5.1209451659234146E-5	1	1	145	107	13	1	-C
F6_BC66_191109_LF_LIB_consensus_vsearch	33	C	C	257	1	0.38%	2	1	93	93	0.4999999999999138	1	1	149	108	0	1	+T
F6_BC66_191109_LF_LIB_consensus_vsearch	34	C	C	261	4	1.46%	2	1	93	93	0.06179178787806501	1	1	156	105	4	0	+A
F6_BC66_191109_LF_LIB_consensus_vsearch	35	G	G	261	6	2.19%	2	1	93	93	0.015187754818318031	1	1	154	107	6	0	T
F6_BC66_191109_LF_LIB_consensus_vsearch	36	T	T	264	3	1.09%	2	1	93	93	0.1242964352720778	1	1	161	103	0	3	-G
F6_BC66_191109_LF_LIB_consensus_vsearch	37	G	R	248	11	4.1%	2	1	93	93	4.381273305750124E-4	1	1	149	99	11	0	A
F6_BC66_191109_LF_LIB_consensus_vsearch	38	C	C	252	3	1.13%	2	2	93	93	0.12426326129665838	1	1	160	92	1	2	T
F6_BC66_191109_LF_LIB_consensus_vsearch	39	C	C	267	5	1.82%	2	1	93	93	0.030676089228361576	1	1	163	104	0	5	T
F6_BC66_191109_LF_LIB_consensus_vsearch	40	A	A	262	6	2.18%	2	1	93	93	0.015189380104217696	1	1	161	101	0	6	T
F6_BC66_191109_LF_LIB_consensus_vsearch	41	G	G	269	2	0.73%	2	1	93	93	0.24953789279111838	1	1	160	109	2	0	-T
F6_BC66_191109_LF_LIB_consensus_vsearch	42	T	T	272	1	0.37%	2	1	93	93	0.5000000000003686	1	1	161	111	0	1	C
F6_BC66_191109_LF_LIB_consensus_vsearch	43	T	T	268	4	1.45%	2	2	93	93	0.061810030534865154	1	1	159	109	2	2	C
F6_BC66_191109_LF_LIB_consensus_vsearch	44	C	*/+T	260	8	2.93%	2	1	93	93	0.0037046766426069204	1	1	159	101	0	8	+T
F6_BC66_191109_LF_LIB_consensus_vsearch	45	T	*/+G	238	28	10.29%	2	2	93	93	1.760358479282108E-9	1	1	140	98	17	11	+G
F6_BC66_191109_LF_LIB_consensus_vsearch	46	G	G	268	3	1.09%	2	1	93	93	0.12430683918669663	1	1	156	112	3	0	+A
F6_BC66_191109_LF_LIB_consensus_vsearch	47	A	R	260	8	2.92%	2	2	93	93	0.0037046766426069204	1	1	149	111	7	1	G
F6_BC66_191109_LF_LIB_consensus_vsearch	48	G	G	270	1	0.36%	2	1	93	93	0.4999999999999138	1	1	161	109	0	1	+AG
F6_BC66_191109_LF_LIB_consensus_vsearch	49	T	Y	264	7	2.55%	2	1	93	93	0.007512050058182546	1	1	161	103	0	7	C
F6_BC66_191109_LF_LIB_consensus_vsearch	50	T	T	266	4	1.45%	2	2	93	93	0.06180491495741971	1	1	160	106	1	3	-G
F6_BC66_191109_LF_LIB_consensus_vsearch	51	G	G	268	3	1.1%	2	1	93	93	0.12430683918669663	1	1	158	110	3	0	+A
F6_BC66_191109_LF_LIB_consensus_vsearch	52	G	R	264	7	2.54%	2	2	93	93	0.007512050058182546	1	1	156	108	5	2	A
F6_BC66_191109_LF_LIB_consensus_vsearch	53	C	Y	258	7	2.55%	2	2	93	93	0.007505299821009934	1	1	154	104	1	6	T
F6_BC66_191109_LF_LIB_consensus_vsearch	54	T	T	265	3	1.09%	2	1	93	93	0.12429906542060956	1	1	158	107	3	0	C
F6_BC66_191109_LF_LIB_consensus_vsearch	55	G	G	267	4	1.46%	2	2	93	93	0.061807482193030554	1	1	160	107	3	1	A
F6_BC66_191109_LF_LIB_consensus_vsearch	56	C	*/+G	252	10	3.65%	2	1	93	93	8.947732384278332E-4	1	1	148	104	10	0	+G
F6_BC66_191109_LF_LIB_consensus_vsearch	57	A	*/-G	253	10	3.65%	2	1	93	93	8.950763801239866E-4	1	1	145	108	10	0	-G
F6_BC66_191109_LF_LIB_consensus_vsearch	58	G	G	258	4	1.51%	2	1	93	93	0.061783670907884385	1	1	148	110	4	0	+A
F6_BC66_191109_LF_LIB_consensus_vsearch	59	A	A	262	3	1.09%	2	2	93	93	0.12429111531193521	1	1	157	105	2	1	G
F6_BC66_191109_LF_LIB_consensus_vsearch	60	C	C	269	3	1.09%	2	2	93	93	0.12430939226523824	1	1	159	110	2	1	T
F6_BC66_191109_LF_LIB_consensus_vsearch	61	A	A	273	1	0.36%	2	1	93	93	0.4999999999999138	1	1	162	111	0	1	C
F6_BC66_191109_LF_LIB_consensus_vsearch	62	A	A	273	1	0.36%	2	1	93	93	0.4999999999999138	1	1	161	112	0	1	-T
F6_BC66_191109_LF_LIB_consensus_vsearch	63	T	T	269	4	1.45%	2	2	93	93	0.06181256019060895	1	1	161	108	1	3	C
F6_BC66_191109_LF_LIB_consensus_vsearch	64	G	G	266	3	1.09%	2	1	93	93	0.1243016759777629	1	1	159	107	3	0	A
F6_BC66_191109_LF_LIB_consensus_vsearch	65	C	C	263	5	1.82%	2	2	93	93	0.030667531693296068	1	1	158	105	3	2	-T
F6_BC66_191109_LF_LIB_consensus_vsearch	66	T	T	260	4	1.49%	2	2	93	93	0.06178910273789233	1	1	159	101	1	3	C
F6_BC66_191109_LF_LIB_consensus_vsearch	67	G	*/-C	256	11	4.06%	2	2	93	93	4.395812442207008E-4	1	1	149	107	10	1	-C
F6_BC66_191109_LF_LIB_consensus_vsearch	68	C	C	258	1	0.38%	2	1	93	93	0.4999999999999138	1	1	152	106	0	1	+A
F6_BC66_191109_LF_LIB_consensus_vsearch	69	C	Y	263	8	2.92%	2	2	93	93	0.003706880776381375	1	1	154	109	6	2	T
F6_BC66_191109_LF_LIB_consensus_vsearch	70	A	A	268	2	0.73%	2	1	93	93	0.24953617810762627	1	1	157	111	0	2	+CA
F6_BC66_191109_LF_LIB_consensus_vsearch	71	A	R	265	9	3.26%	2	2	93	93	0.0018270442691405997	1	1	153	112	8	1	G
F6_BC66_191109_LF_LIB_consensus_vsearch	72	C	C	269	2	0.73%	2	1	93	93	0.24953789279111838	1	1	156	113	2	0	-G
F6_BC66_191109_LF_LIB_consensus_vsearch	73	G	G	268	1	0.37%	2	1	93	93	0.5000000000003686	1	1	157	111	0	1	-C
F6_BC66_191109_LF_LIB_consensus_vsearch	74	C	C	261	3	1.11%	2	2	93	93	0.12428842504744599	1	1	153	108	2	1	+GC
F6_BC66_191109_LF_LIB_consensus_vsearch	75	T	T	263	4	1.47%	2	2	93	93	0.06179709776251344	1	1	156	107	2	2	-G
F6_BC66_191109_LF_LIB_consensus_vsearch	76	G	G	264	2	0.75%	2	1	93	93	0.24952919020719036	1	1	156	108	2	0	A
F6_BC66_191109_LF_LIB_consensus_vsearch	77	G	*/+A	258	10	3.66%	2	1	93	93	8.96559014408215E-4	1	1	148	110	10	0	+A
F6_BC66_191109_LF_LIB_consensus_vsearch	78	G	G	268	4	1.45%	2	2	93	93	0.061810030534865154	1	1	158	110	3	1	A
F6_BC66_191109_LF_LIB_consensus_vsearch	79	T	T	259	6	2.2%	2	2	93	93	0.015184467591539906	1	1	154	105	2	4	C
F6_BC66_191109_LF_LIB_consensus_vsearch	80	A	A	266	3	1.11%	2	2	93	93	0.1243016759777629	1	1	157	109	1	2	C
F6_BC66_191109_LF_LIB_consensus_vsearch	81	A	A	266	3	1.09%	2	1	93	93	0.1243016759777629	1	1	159	107	0	3	-TA
F6_BC66_191109_LF_LIB_consensus_vsearch	82	T	T	258	6	2.2%	2	1	93	93	0.015182805374032816	1	1	151	107	6	0	-A
F6_BC66_191109_LF_LIB_consensus_vsearch	83	A	A	254	6	2.26%	2	1	93	93	0.015176029151052142	1	1	146	108	6	0	-G
F6_BC66_191109_LF_LIB_consensus_vsearch	84	G	*/-A	254	9	3.36%	2	1	93	93	0.0018218680650561358	1	1	142	112	9	0	-A
F6_BC66_191109_LF_LIB_consensus_vsearch	85	A	*/-G	241	16	6.06%	2	2	93	93	1.1993861560497258E-5	1	1	132	109	14	2	-G
F6_BC66_191109_LF_LIB_consensus_vsearch	86	G	G	241	6	2.35%	2	1	93	93	0.01515249705946412	1	1	135	106	6	0	A
F6_BC66_191109_LF_LIB_consensus_vsearch	87	G	G	262	4	1.47%	2	1	93	93	0.06179445281046573	1	1	152	110	4	0	T
F6_BC66_191109_LF_LIB_consensus_vsearch	88	T	Y	256	9	3.32%	2	2	93	93	0.0018228405600327687	1	1	155	101	2	7	C
F6_BC66_191109_LF_LIB_consensus_vsearch	89	A	A	261	3	1.12%	2	2	93	93	0.12428842504744599	1	1	154	107	2	1	C
F6_BC66_191109_LF_LIB_consensus_vsearch	90	A	A	255	5	1.82%	2	2	93	93	0.03064962750114854	1	1	152	103	2	3	-C
F6_BC66_191109_LF_LIB_consensus_vsearch	91	C	*/-A	229	19	7.14%	2	1	93	93	1.3331035995980523E-6	1	1	154	75	0	19	-A
F6_BC66_191109_LF_LIB_consensus_vsearch	92	A	A	242	5	1.99%	2	2	93	93	0.030618062239993613	1	1	157	85	2	3	T
F6_BC66_191109_LF_LIB_consensus_vsearch	93	A	A	261	4	1.48%	2	1	93	93	0.06179178787806501	1	1	156	105	4	0	G
F6_BC66_191109_LF_LIB_consensus_vsearch	94	G	G	267	2	0.74%	2	1	93	93	0.24953445065180796	1	1	162	105	0	2	-C
F6_BC66_191109_LF_LIB_consensus_vsearch	95	C	C	263	4	1.47%	2	1	93	93	0.06179709776251344	1	1	159	104	0	4	T
F6_BC66_191109_LF_LIB_consensus_vsearch	96	A	R	259	7	2.55%	2	2	93	93	0.007506445843275869	1	1	152	107	6	1	G
F6_BC66_191109_LF_LIB_consensus_vsearch	97	C	C	263	5	1.85%	2	2	93	93	0.030667531693296068	1	1	158	105	2	3	-A
F6_BC66_191109_LF_LIB_consensus_vsearch	98	A	A	260	3	1.12%	2	1	93	93	0.12428571428582305	1	1	154	106	3	0	G
F6_BC66_191109_LF_LIB_consensus_vsearch	99	G	G	269	1	0.37%	2	1	93	93	0.4999999999999138	1	1	161	108	0	1	+T
F6_BC66_191109_LF_LIB_consensus_vsearch	100	C	C	260	5	1.82%	2	2	93	93	0.030660944175210838	1	1	156	104	1	4	T
F6_BC66_191109_LF_LIB_consensus_vsearch	101	A	*/-C	242	13	4.8%	2	2	93	93	1.0435483590733689E-4	1	1	144	98	7	6	-C
F6_BC66_191109_LF_LIB_consensus_vsearch	102	C	*/+T	235	13	5.02%	2	1	93	93	1.0388201196169096E-4	1	1	152	83	0	13	+T
F6_BC66_191109_LF_LIB_consensus_vsearch	103	C	Y	256	11	4.04%	2	1	93	93	4.395812442207008E-4	1	1	160	96	0	11	T
F6_BC66_191109_LF_LIB_consensus_vsearch	104	C	Y	235	28	10.29%	2	1	93	93	1.7445310490751427E-9	1	1	155	80	0	28	T
F6_BC66_191109_LF_LIB_consensus_vsearch	105	G	*/-C	259	7	2.58%	2	2	93	93	0.007506445843275869	1	1	151	108	6	1	-C
F6_BC66_191109_LF_LIB_consensus_vsearch	106	C	C	261	2	0.76%	2	1	93	93	0.24952380952412506	1	1	152	109	2	0	+GC
F6_BC66_191109_LF_LIB_consensus_vsearch	107	C	*/-G	257	7	2.57%	2	2	93	93	0.007504145184876668	1	1	151	106	4	3	-G
F6_BC66_191109_LF_LIB_consensus_vsearch	108	G	R	237	27	10.19%	2	2	93	93	3.699014377668205E-9	1	1	132	105	26	1	A
F6_BC66_191109_LF_LIB_consensus_vsearch	109	G	*/-A	209	54	19.64%	2	2	93	93	2.6684874319488124E-18	1	1	102	107	53	1	-A
F6_BC66_191109_LF_LIB_consensus_vsearch	110	A	A	210	5	2.25%	2	1	93	93	0.0305241206880699	1	1	99	111	5	0	+G
F6_BC66_191109_LF_LIB_consensus_vsearch	111	G	R	255	11	4.01%	2	1	93	93	4.3940412746515644E-4	1	1	147	108	11	0	A
F6_BC66_191109_LF_LIB_consensus_vsearch	112	C	*/-G	224	25	9.12%	2	2	93	93	1.5811292663067998E-8	1	1	133	91	13	12	-G
F6_BC66_191109_LF_LIB_consensus_vsearch	113	G	R	196	37	14.98%	2	1	93	93	1.5404363983823972E-12	1	1	98	98	37	0	A
F6_BC66_191109_LF_LIB_consensus_vsearch	114	G	R	229	39	14.29%	2	1	93	93	4.095670636040442E-13	1	1	120	109	39	0	A
F6_BC66_191109_LF_LIB_consensus_vsearch	115	G	*/-C	235	17	6.16%	2	1	93	93	5.771783803360286E-6	1	1	123	112	17	0	-C
F6_BC66_191109_LF_LIB_consensus_vsearch	116	C	M	244	7	2.7%	2	1	93	93	0.00748830460110489	1	1	138	106	7	0	A
F6_BC66_191109_LF_LIB_consensus_vsearch	117	C	Y	262	9	3.26%	2	2	93	93	0.0018256734909882749	1	1	159	103	2	7	T
F6_BC66_191109_LF_LIB_consensus_vsearch	118	G	R	258	10	3.64%	2	2	93	93	8.96559014408215E-4	1	1	153	105	6	4	A
F6_BC66_191109_LF_LIB_consensus_vsearch	119	C	C	259	6	2.21%	2	2	93	93	0.015184467591539906	1	1	158	101	1	5	T
F6_BC66_191109_LF_LIB_consensus_vsearch	120	G	G	268	3	1.11%	2	2	93	93	0.12430683918669663	1	1	159	109	1	2	-A
F6_BC66_191109_LF_LIB_consensus_vsearch	121	A	A	255	6	2.21%	2	2	93	93	0.01517774260134363	1	1	150	105	5	1	+T
F6_BC66_191109_LF_LIB_consensus_vsearch	122	C	Y	238	9	3.3%	2	2	93	93	0.0018135324927119494	1	1	145	93	5	4	T
F6_BC66_191109_LF_LIB_consensus_vsearch	123	A	A	259	4	1.51%	2	2	93	93	0.061786397159329126	1	1	160	99	2	2	G
F6_BC66_191109_LF_LIB_consensus_vsearch	124	A	*/-G	247	17	6.2%	2	1	93	93	5.847872971450355E-6	1	1	139	108	17	0	-G
F6_BC66_191109_LF_LIB_consensus_vsearch	125	G	R	241	12	4.71%	2	1	93	93	2.1363402075967646E-4	1	1	130	111	12	0	A
F6_BC66_191109_LF_LIB_consensus_vsearch	126	C	C	259	4	1.47%	2	1	93	93	0.061786397159329126	1	1	149	110	4	0	-AC
F6_BC66_191109_LF_LIB_consensus_vsearch	127	A	A	260	5	1.85%	2	2	93	93	0.030660944175210838	1	1	150	110	3	2	G
F6_BC66_191109_LF_LIB_consensus_vsearch	128	C	C	265	2	0.74%	2	1	93	93	0.2495309568482648	1	1	154	111	0	2	T
F6_BC66_191109_LF_LIB_consensus_vsearch	129	C	C	265	3	1.1%	2	2	93	93	0.12429906542060956	1	1	156	109	1	2	T
F6_BC66_191109_LF_LIB_consensus_vsearch	130	G	G	269	4	1.46%	2	1	93	93	0.06181256019060895	1	1	157	112	4	0	A
F6_BC66_191109_LF_LIB_consensus_vsearch	131	T	T	273	3	1.09%	2	2	93	93	0.12431941923772909	1	1	162	111	1	2	C
F6_BC66_191109_LF_LIB_consensus_vsearch	132	C	C	272	2	0.72%	2	2	93	93	0.2495429616087481	1	1	160	112	1	1	+A
F6_BC66_191109_LF_LIB_consensus_vsearch	133	G	G	271	1	0.36%	2	1	93	93	0.4999999999999138	1	1	160	111	1	0	+T
F6_BC66_191109_LF_LIB_consensus_vsearch	134	T	T	273	1	0.36%	2	1	93	93	0.4999999999999138	1	1	162	111	1	0	C
F6_BC66_191109_LF_LIB_consensus_vsearch	135	T	*/-C	211	48	17.45%	2	2	93	93	3.218003869519918E-16	1	1	131	80	20	28	-C
F6_BC66_191109_LF_LIB_consensus_vsearch	136	C	C	222	1	0.45%	2	1	93	93	0.4999999999999138	1	1	140	82	1	0	T
F6_BC66_191109_LF_LIB_consensus_vsearch	137	C	C	270	1	0.37%	2	1	93	93	0.4999999999999138	1	1	160	110	1	0	+TCC
F6_BC66_191109_LF_LIB_consensus_vsearch	138	C	Y	252	10	3.65%	2	2	93	93	8.947732384278332E-4	1	1	161	91	1	9	T
F6_BC66_191109_LF_LIB_consensus_vsearch	139	C	Y	259	13	4.71%	2	2	93	93	1.0540703316428706E-4	1	1	161	98	2	11	T
F6_BC66_191109_LF_LIB_consensus_vsearch	140	G	G	275	1	0.36%	2	1	93	93	0.5000000000003686	1	1	163	112	0	1	A
F6_BC66_191109_LF_LIB_consensus_vsearch	141	A	A	274	2	0.72%	2	1	93	93	0.2495462794919261	1	1	161	113	2	0	G
F6_BC66_191109_LF_LIB_consensus_vsearch	142	T	T	268	4	1.45%	2	1	93	93	0.061810030534865154	1	1	156	112	4	0	+C
F6_BC66_191109_LF_LIB_consensus_vsearch	143	C	C	274	1	0.36%	2	1	93	93	0.4999999999999138	1	1	161	113	1	0	+T
F6_BC66_191109_LF_LIB_consensus_vsearch	144	G	R	259	14	5.07%	2	2	93	93	5.14463684801948E-5	1	1	147	112	13	1	A
F6_BC66_191109_LF_LIB_consensus_vsearch	145	G	G	271	2	0.72%	2	1	93	93	0.24954128440383208	1	1	158	113	2	0	+C
F6_BC66_191109_LF_LIB_consensus_vsearch	146	C	C	264	5	1.82%	2	2	93	93	0.030669694912897477	1	1	156	108	2	3	-A
F6_BC66_191109_LF_LIB_consensus_vsearch	147	A	R	226	29	10.78%	2	2	93	93	8.011615104821872E-10	1	1	127	99	28	1	G
F6_BC66_191109_LF_LIB_consensus_vsearch	148	G	G	261	2	0.76%	2	1	93	93	0.24952380952412506	1	1	158	103	0	2	A
F6_BC66_191109_LF_LIB_consensus_vsearch	149	G	G	262	4	1.49%	2	2	93	93	0.06179445281046573	1	1	158	104	3	1	A
F6_BC66_191109_LF_LIB_consensus_vsearch	150	C	C	262	3	1.11%	2	1	93	93	0.12429111531193521	1	1	160	102	0	3	T
F6_BC66_191109_LF_LIB_consensus_vsearch	151	A	A	262	2	0.75%	2	1	93	93	0.24952561669824413	1	1	159	103	0	2	-T
F6_BC66_191109_LF_LIB_consensus_vsearch	152	T	T	270	1	0.37%	2	1	93	93	0.4999999999999138	1	1	161	109	1	0	C
F6_BC66_191109_LF_LIB_consensus_vsearch	153	T	*/+C	259	11	4.01%	2	2	93	93	4.40104982176298E-4	1	1	152	107	9	2	+C
F6_BC66_191109_LF_LIB_consensus_vsearch	154	C	C	273	2	0.72%	2	2	93	93	0.2495446265938613	1	1	161	112	1	1	-A
F6_BC66_191109_LF_LIB_consensus_vsearch	155	A	A	267	4	1.46%	2	2	93	93	0.061807482193030554	1	1	157	110	2	2	G
F6_BC66_191109_LF_LIB_consensus_vsearch	156	G	*/-C	233	27	9.89%	2	2	93	93	3.6572240733529572E-9	1	1	141	92	11	16	-C
F6_BC66_191109_LF_LIB_consensus_vsearch	157	C	C	240	3	1.21%	2	1	93	93	0.12422680412363393	1	1	148	92	3	0	A
F6_BC66_191109_LF_LIB_consensus_vsearch	158	C	C	273	2	0.73%	2	1	93	93	0.2495446265938613	1	1	161	112	2	0	+A
F6_BC66_191109_LF_LIB_consensus_vsearch	159	C	C	274	1	0.36%	2	1	93	93	0.4999999999999138	1	1	162	112	1	0	+AC
F6_BC66_191109_LF_LIB_consensus_vsearch	160	T	T	264	4	1.45%	2	1	93	93	0.06179972295775155	1	1	157	107	0	4	C
F6_BC66_191109_LF_LIB_consensus_vsearch	161	C	C	264	5	1.82%	2	2	93	93	0.030669694912897477	1	1	157	107	2	3	-A
F6_BC66_191109_LF_LIB_consensus_vsearch	162	A	A	256	6	2.22%	2	2	93	93	0.01517944302364848	1	1	152	104	3	3	+G
F6_BC66_191109_LF_LIB_consensus_vsearch	163	G	*/-A	263	8	2.94%	2	1	93	93	0.003706880776381375	1	1	152	111	8	0	-A
F6_BC66_191109_LF_LIB_consensus_vsearch	164	A	A	260	4	1.49%	2	2	93	93	0.06178910273789233	1	1	148	112	3	1	-G
F6_BC66_191109_LF_LIB_consensus_vsearch	165	G	G	266	3	1.11%	2	1	93	93	0.1243016759777629	1	1	154	112	3	0	-C
F6_BC66_191109_LF_LIB_consensus_vsearch	166	C	C	260	3	1.1%	2	1	93	93	0.12428571428582305	1	1	149	111	3	0	A
F6_BC66_191109_LF_LIB_consensus_vsearch	167	C	C	267	5	1.82%	2	1	93	93	0.030676089228361576	1	1	156	111	5	0	T
F6_BC66_191109_LF_LIB_consensus_vsearch	168	A	*/+C	231	21	7.64%	2	2	93	93	3.088057298473435E-7	1	1	137	94	9	12	+C
F6_BC66_191109_LF_LIB_consensus_vsearch	169	C	C	259	3	1.15%	2	1	93	93	0.12428298279160237	1	1	149	110	0	3	+T
F6_BC66_191109_LF_LIB_consensus_vsearch	170	C	C	270	3	1.09%	2	1	93	93	0.12431192660547026	1	1	162	108	0	3	+TC
F6_BC66_191109_LF_LIB_consensus_vsearch	171	C	C	267	4	1.45%	2	1	93	93	0.061807482193030554	1	1	160	107	0	4	+T
F6_BC66_191109_LF_LIB_consensus_vsearch	172	C	*/+T	13	203	73.55%	2	2	93	93	1.2705243495961768E-108	1	1	5	8	131	72	+T
F6_BC66_191109_LF_LIB_consensus_vsearch	173	T	T	262	3	1.12%	2	2	93	93	0.12429111531193521	1	1	158	104	1	2	+C
F6_BC66_191109_LF_LIB_consensus_vsearch	174	A	A	274	0	0%	2	0	93	0	1.0	1	0	161	113	0	0	
F6_BC66_191109_LF_LIB_consensus_vsearch	175	T	*/-C	211	51	18.61%	2	2	93	93	2.990982358562139E-17	1	1	107	104	47	4	-C
F6_BC66_191109_LF_LIB_consensus_vsearch	176	C	C	218	1	0.45%	2	1	93	93	0.5000000000003686	1	1	109	109	1	0	+AT
F6_BC66_191109_LF_LIB_consensus_vsearch	177	C	C	267	4	1.47%	2	1	93	93	0.061807482193030554	1	1	158	109	0	4	+T
F6_BC66_191109_LF_LIB_consensus_vsearch	178	C	*/-T	262	8	2.9%	2	2	93	93	0.0037061514394952193	1	1	159	103	3	5	-T
F6_BC66_191109_LF_LIB_consensus_vsearch	179	T	T	244	6	2.25%	2	2	93	93	0.015158143859196256	1	1	146	98	4	2	-A
F6_BC66_191109_LF_LIB_consensus_vsearch	180	A	*/-G	251	9	3.35%	2	2	93	93	0.0018203818032406984	1	1	149	102	5	4	-G
F6_BC66_191109_LF_LIB_consensus_vsearch	181	G	G	259	3	1.12%	2	1	93	93	0.12428298279160237	1	1	157	102	0	3	+TG
F6_BC66_191109_LF_LIB_consensus_vsearch	182	G	G	270	2	0.72%	2	2	93	93	0.2495395948434138	1	1	158	112	1	1	-T
F6_BC66_191109_LF_LIB_consensus_vsearch	183	T	T	273	1	0.36%	2	1	93	93	0.4999999999999138	1	1	162	111	0	1	C
F6_BC66_191109_LF_LIB_consensus_vsearch	184	T	T	273	2	0.72%	2	2	93	93	0.2495446265938613	1	1	162	111	1	1	-A
F6_BC66_191109_LF_LIB_consensus_vsearch	185	A	A	266	5	1.82%	2	1	93	93	0.030673973504714284	1	1	155	111	5	0	+C
F6_BC66_191109_LF_LIB_consensus_vsearch	186	C	C	256	6	2.17%	2	1	93	93	0.01517944302364848	1	1	157	99	0	6	-G
F6_BC66_191109_LF_LIB_consensus_vsearch	187	G	G	259	5	1.86%	2	1	93	93	0.030658715098946722	1	1	152	107	5	0	A
F6_BC66_191109_LF_LIB_consensus_vsearch	188	G	*/-A	257	11	4%	2	1	93	93	4.3975708311224564E-4	1	1	146	111	11	0	-A
F6_BC66_191109_LF_LIB_consensus_vsearch	189	A	A	254	4	1.52%	2	1	93	93	0.06177255436325217	1	1	144	110	4	0	-G
F6_BC66_191109_LF_LIB_consensus_vsearch	190	G	G	264	2	0.74%	2	1	93	93	0.24952919020719036	1	1	152	112	2	0	+CC
F6_BC66_191109_LF_LIB_consensus_vsearch	191	C	C	266	5	1.82%	2	2	93	93	0.030673973504714284	1	1	157	109	2	3	-T
F6_BC66_191109_LF_LIB_consensus_vsearch	192	T	Y	262	7	2.58%	2	2	93	93	0.007509833180020558	1	1	158	104	3	4	C
F6_BC66_191109_LF_LIB_consensus_vsearch	193	G	G	271	1	0.36%	2	1	93	93	0.4999999999999138	1	1	161	110	0	1	+CTG
F6_BC66_191109_LF_LIB_consensus_vsearch	194	A	A	271	1	0.36%	2	1	93	93	0.4999999999999138	1	1	159	112	1	0	+G
F6_BC66_191109_LF_LIB_consensus_vsearch	195	C	*/-TT	258	7	2.55%	2	1	93	93	0.007505299821009934	1	1	151	107	7	0	-TT
F6_BC66_191109_LF_LIB_consensus_vsearch	196	T	T	252	5	1.9%	2	2	93	93	0.030642626352771006	1	1	148	104	3	2	C
F6_BC66_191109_LF_LIB_consensus_vsearch	197	T	T	261	3	1.12%	2	2	93	93	0.12428842504744599	1	1	151	110	2	1	C
F6_BC66_191109_LF_LIB_consensus_vsearch	198	G	G	269	2	0.73%	2	1	93	93	0.24953789279111838	1	1	157	112	2	0	A
F6_BC66_191109_LF_LIB_consensus_vsearch	199	C	C	267	5	1.82%	2	2	93	93	0.030676089228361576	1	1	159	108	3	2	T
F6_BC66_191109_LF_LIB_consensus_vsearch	200	C	Y	257	12	4.36%	2	1	93	93	2.1537451184080097E-4	1	1	157	100	0	12	T
F6_BC66_191109_LF_LIB_consensus_vsearch	201	G	G	267	2	0.74%	2	2	93	93	0.24953445065180796	1	1	158	109	1	1	A
F6_BC66_191109_LF_LIB_consensus_vsearch	202	A	R	263	7	2.55%	2	2	93	93	0.007510945692957774	1	1	152	111	6	1	G
F6_BC66_191109_LF_LIB_consensus_vsearch	203	C	*/-TTC	257	7	2.57%	2	1	93	93	0.007504145184876668	1	1	148	109	7	0	-TTC
F6_BC66_191109_LF_LIB_consensus_vsearch	204	T	T	260	1	0.38%	2	1	93	93	0.4999999999999138	1	1	150	110	1	0	A
F6_BC66_191109_LF_LIB_consensus_vsearch	205	T	*/-C	198	49	18.56%	2	2	93	93	1.2613514779877843E-16	1	1	134	64	16	33	-C
F6_BC66_191109_LF_LIB_consensus_vsearch	206	C	C	206	1	0.48%	2	1	93	93	0.5000000000001412	1	1	136	70	1	0	+GCA
F6_BC66_191109_LF_LIB_consensus_vsearch	207	C	C	256	3	1.14%	2	1	93	93	0.12427466150865948	1	1	154	102	3	0	+A
F6_BC66_191109_LF_LIB_consensus_vsearch	208	C	*/-T	235	18	6.57%	2	2	93	93	2.788743065390371E-6	1	1	149	86	4	14	-T
F6_BC66_191109_LF_LIB_consensus_vsearch	209	T	T	237	6	2.39%	2	2	93	93	0.015144752034015739	1	1	143	94	4	2	C
F6_BC66_191109_LF_LIB_consensus_vsearch	210	T	T	259	6	2.23%	2	1	93	93	0.015184467591539906	1	1	150	109	6	0	C
F6_BC66_191109_LF_LIB_consensus_vsearch	211	A	*/-C	247	16	5.8%	2	1	93	93	1.2061953252272482E-5	1	1	135	112	16	0	-C
F6_BC66_191109_LF_LIB_consensus_vsearch	212	C	*/+T	250	7	2.7%	2	1	93	93	0.007495813166417644	1	1	144	106	0	7	+T
F6_BC66_191109_LF_LIB_consensus_vsearch	213	C	C	268	2	0.73%	2	1	93	93	0.24953617810762627	1	1	159	109	0	2	+T
F6_BC66_191109_LF_LIB_consensus_vsearch	214	C	C	264	6	2.18%	2	2	93	93	0.015192594697130085	1	1	157	107	1	5	T
F6_BC66_191109_LF_LIB_consensus_vsearch	215	A	*/-CA	245	19	6.99%	2	2	93	93	1.3634490521887613E-6	1	1	144	101	12	7	-CA
F6_BC66_191109_LF_LIB_consensus_vsearch	216	C	C	248	4	1.57%	2	1	93	93	0.061755217199896344	1	1	143	105	4	0	+G
F6_BC66_191109_LF_LIB_consensus_vsearch	217	A	R	238	8	3.15%	2	2	93	93	0.0036868928614731586	1	1	137	101	6	2	G
F6_BC66_191109_LF_LIB_consensus_vsearch	218	T	K	257	9	3.33%	2	1	93	93	0.0018233214254448316	1	1	147	110	9	0	G
F6_BC66_191109_LF_LIB_consensus_vsearch	219	T	T	271	3	1.09%	2	2	93	93	0.12431444241326345	1	1	160	111	2	1	C
F6_BC66_191109_LF_LIB_consensus_vsearch	220	A	A	268	4	1.45%	2	1	93	93	0.061810030534865154	1	1	157	111	4	0	G
F6_BC66_191109_LF_LIB_consensus_vsearch	221	G	G	275	0	0%	2	0	93	0	1.0	1	0	163	112	0	0	
F6_BC66_191109_LF_LIB_consensus_vsearch	222	T	T	272	3	1.09%	2	1	93	93	0.12431693989066941	1	1	160	112	3	0	-C
F6_BC66_191109_LF_LIB_consensus_vsearch	223	C	C	272	1	0.37%	2	1	93	93	0.5000000000003686	1	1	160	112	0	1	T
F6_BC66_191109_LF_LIB_consensus_vsearch	224	C	C	272	2	0.72%	2	1	93	93	0.2495429616087481	1	1	160	112	2	0	+A
F6_BC66_191109_LF_LIB_consensus_vsearch	225	G	G	270	2	0.73%	2	2	93	93	0.2495395948434138	1	1	159	111	1	1	A
F6_BC66_191109_LF_LIB_consensus_vsearch	226	T	T	269	2	0.73%	2	2	93	93	0.24953789279111838	1	1	159	110	1	1	+G
F6_BC66_191109_LF_LIB_consensus_vsearch	227	G	G	268	5	1.82%	2	2	93	93	0.030678189467263802	1	1	158	110	3	2	-A
F6_BC66_191109_LF_LIB_consensus_vsearch	228	A	A	266	2	0.74%	2	1	93	93	0.24953271028049737	1	1	158	108	0	2	-GA
F6_BC66_191109_LF_LIB_consensus_vsearch	229	G	G	270	1	0.37%	2	1	93	93	0.4999999999999138	1	1	160	110	0	1	+C
F6_BC66_191109_LF_LIB_consensus_vsearch	230	A	A	264	5	1.83%	2	2	93	93	0.030669694912897477	1	1	157	107	4	1	G
F6_BC66_191109_LF_LIB_consensus_vsearch	231	C	C	267	5	1.82%	2	2	93	93	0.030676089228361576	1	1	159	108	2	3	-T
F6_BC66_191109_LF_LIB_consensus_vsearch	232	T	*/-A	249	10	3.72%	2	1	93	93	8.93850136274439E-4	1	1	146	103	10	0	-A
F6_BC66_191109_LF_LIB_consensus_vsearch	233	A	A	254	6	2.27%	2	2	93	93	0.015176029151052142	1	1	144	110	4	2	+G
F6_BC66_191109_LF_LIB_consensus_vsearch	234	G	*/-A	260	12	4.38%	2	1	93	93	2.1567900632063892E-4	1	1	148	112	12	0	-A
F6_BC66_191109_LF_LIB_consensus_vsearch	235	A	A	257	3	1.14%	2	1	93	93	0.12427745664727831	1	1	145	112	3	0	-G
F6_BC66_191109_LF_LIB_consensus_vsearch	236	G	G	270	2	0.74%	2	1	93	93	0.2495395948434138	1	1	158	112	2	0	A
F6_BC66_191109_LF_LIB_consensus_vsearch	237	G	G	263	6	2.18%	2	1	93	93	0.015190993352737225	1	1	151	112	6	0	T
F6_BC66_191109_LF_LIB_consensus_vsearch	238	T	T	270	6	2.17%	2	2	93	93	0.015201959994994966	1	1	161	109	2	4	C
F6_BC66_191109_LF_LIB_consensus_vsearch	239	T	T	272	2	0.72%	2	1	93	93	0.2495429616087481	1	1	161	111	2	0	-G
F6_BC66_191109_LF_LIB_consensus_vsearch	240	G	*/+C	260	10	3.66%	2	1	93	93	8.97137079051494E-4	1	1	161	99	0	10	+C
F6_BC66_191109_LF_LIB_consensus_vsearch	241	C	C	269	2	0.73%	2	1	93	93	0.24953789279111838	1	1	160	109	2	0	-TC
F6_BC66_191109_LF_LIB_consensus_vsearch	242	T	*/-C	258	9	3.3%	2	2	93	93	0.001823798755543091	1	1	160	98	1	8	-C
F6_BC66_191109_LF_LIB_consensus_vsearch	243	C	C	262	2	0.76%	2	2	93	93	0.24952561669824413	1	1	159	103	1	1	+TC
F6_BC66_191109_LF_LIB_consensus_vsearch	244	G	G	269	6	2.18%	2	2	93	93	0.015200427384840735	1	1	158	111	5	1	+C
F6_BC66_191109_LF_LIB_consensus_vsearch	245	C	C	269	4	1.45%	2	1	93	93	0.06181256019060895	1	1	163	106	0	4	+T
F6_BC66_191109_LF_LIB_consensus_vsearch	246	C	C	266	3	1.09%	2	1	93	93	0.1243016759777629	1	1	161	105	0	3	-T
F6_BC66_191109_LF_LIB_consensus_vsearch	247	T	T	261	4	1.49%	2	2	93	93	0.06179178787806501	1	1	157	104	3	1	-A
F6_BC66_191109_LF_LIB_consensus_vsearch	248	A	*/-G	225	35	13.11%	2	2	93	93	8.536039410096593E-12	1	1	149	76	6	29	-G
F6_BC66_191109_LF_LIB_consensus_vsearch	249	G	*/+AG	227	7	2.94%	2	1	93	93	0.0074649578216797186	1	1	146	81	7	0	+AG
F6_BC66_191109_LF_LIB_consensus_vsearch	250	G	G	273	2	0.73%	2	1	93	93	0.2495446265938613	1	1	161	112	2	0	-A
F6_BC66_191109_LF_LIB_consensus_vsearch	251	A	A	269	4	1.47%	2	2	93	93	0.06181256019060895	1	1	158	111	3	1	G
F6_BC66_191109_LF_LIB_consensus_vsearch	252	G	G	273	1	0.36%	2	1	93	93	0.4999999999999138	1	1	162	111	0	1	+A
F6_BC66_191109_LF_LIB_consensus_vsearch	253	A	A	268	2	0.73%	2	2	93	93	0.24953617810762627	1	1	158	110	1	1	+C
F6_BC66_191109_LF_LIB_consensus_vsearch	254	C	C	266	5	1.82%	2	1	93	93	0.030673973504714284	1	1	160	106	0	5	+T
F6_BC66_191109_LF_LIB_consensus_vsearch	255	C	C	272	3	1.09%	2	1	93	93	0.12431693989066941	1	1	163	109	0	3	-T
F6_BC66_191109_LF_LIB_consensus_vsearch	256	T	T	270	2	0.73%	2	1	93	93	0.2495395948434138	1	1	163	107	0	2	C
F6_BC66_191109_LF_LIB_consensus_vsearch	257	G	G	273	1	0.36%	2	1	93	93	0.4999999999999138	1	1	162	111	1	0	+CCTG
F6_BC66_191109_LF_LIB_consensus_vsearch	258	C	Y	260	9	3.26%	2	2	93	93	0.0018247429645633383	1	1	158	102	1	8	T
F6_BC66_191109_LF_LIB_consensus_vsearch	259	T	T	265	4	1.48%	2	1	93	93	0.06180232861697055	1	1	159	106	0	4	+G
F6_BC66_191109_LF_LIB_consensus_vsearch	260	G	G	264	2	0.74%	2	1	93	93	0.24952919020719036	1	1	156	108	2	0	+C
F6_BC66_191109_LF_LIB_consensus_vsearch	261	C	Y	253	13	4.81%	2	2	93	93	1.0505021901642927E-4	1	1	157	96	1	12	T
F6_BC66_191109_LF_LIB_consensus_vsearch	262	G	G	270	1	0.37%	2	1	93	93	0.4999999999999138	1	1	160	110	1	0	+CG
F6_BC66_191109_LF_LIB_consensus_vsearch	263	G	G	264	5	1.82%	2	1	93	93	0.030669694912897477	1	1	154	110	5	0	+T
F6_BC66_191109_LF_LIB_consensus_vsearch	264	T	T	267	2	0.74%	2	1	93	93	0.24953445065180796	1	1	159	108	0	2	C
F6_BC66_191109_LF_LIB_consensus_vsearch	265	T	T	270	3	1.09%	2	1	93	93	0.12431192660547026	1	1	161	109	0	3	C
F6_BC66_191109_LF_LIB_consensus_vsearch	266	T	*/+A	256	8	2.91%	2	1	93	93	0.003701660868547635	1	1	148	108	8	0	+A
F6_BC66_191109_LF_LIB_consensus_vsearch	267	A	A	258	6	2.19%	2	1	93	93	0.015182805374032816	1	1	151	107	6	0	-G
F6_BC66_191109_LF_LIB_consensus_vsearch	268	G	*/-A	237	16	5.95%	2	1	93	93	1.1946841269724289E-5	1	1	127	110	16	0	-A
F6_BC66_191109_LF_LIB_consensus_vsearch	269	A	A	255	2	0.77%	2	1	93	93	0.2495126705651419	1	1	143	112	2	0	+G
F6_BC66_191109_LF_LIB_consensus_vsearch	270	G	K	259	12	4.38%	2	1	93	93	2.155782260196067E-4	1	1	150	109	12	0	T
F6_BC66_191109_LF_LIB_consensus_vsearch	271	T	T	264	5	1.82%	2	1	93	93	0.030669694912897477	1	1	157	107	5	0	-AC
F6_BC66_191109_LF_LIB_consensus_vsearch	272	A	R	262	8	2.95%	2	1	93	93	0.0037061514394952193	1	1	150	112	8	0	G
F6_BC66_191109_LF_LIB_consensus_vsearch	273	C	C	263	4	1.48%	2	1	93	93	0.06179709776251344	1	1	157	106	0	4	T
F6_BC66_191109_LF_LIB_consensus_vsearch	274	G	G	273	1	0.36%	2	1	93	93	0.4999999999999138	1	1	163	110	0	1	+TG
F6_BC66_191109_LF_LIB_consensus_vsearch	275	A	A	272	3	1.09%	2	1	93	93	0.12431693989066941	1	1	162	110	0	3	G
F6_BC66_191109_LF_LIB_consensus_vsearch	276	C	C	271	1	0.36%	2	1	93	93	0.4999999999999138	1	1	158	113	1	0	+G
F6_BC66_191109_LF_LIB_consensus_vsearch	277	A	A	271	1	0.36%	2	1	93	93	0.4999999999999138	1	1	158	113	1	0	C
F6_BC66_191109_LF_LIB_consensus_vsearch	278	A	A	267	3	1.09%	2	1	93	93	0.12430426716151294	1	1	154	113	3	0	G
F6_BC66_191109_LF_LIB_consensus_vsearch	279	C	C	265	2	0.73%	2	1	93	93	0.2495309568482648	1	1	153	112	2	0	+A
F6_BC66_191109_LF_LIB_consensus_vsearch	280	G	G	266	6	2.18%	2	1	93	93	0.015195762196627145	1	1	155	111	6	0	-A
F6_BC66_191109_LF_LIB_consensus_vsearch	281	A	A	264	2	0.75%	2	1	93	93	0.24952919020719036	1	1	153	111	2	0	G
F6_BC66_191109_LF_LIB_consensus_vsearch	282	A	A	268	5	1.82%	2	2	93	93	0.030678189467263802	1	1	157	111	4	1	G
F6_BC66_191109_LF_LIB_consensus_vsearch	283	G	G	273	1	0.36%	2	1	93	93	0.4999999999999138	1	1	161	112	1	0	+AAG
F6_BC66_191109_LF_LIB_consensus_vsearch	284	C	C	269	2	0.72%	2	2	93	93	0.24953789279111838	1	1	159	110	1	1	-A
F6_BC66_191109_LF_LIB_consensus_vsearch	285	A	A	267	3	1.1%	2	1	93	93	0.12430426716151294	1	1	156	111	3	0	+C
F6_BC66_191109_LF_LIB_consensus_vsearch	286	C	*/-G	245	14	5.13%	2	2	93	93	5.0960564767895224E-5	1	1	151	94	4	10	-G
F6_BC66_191109_LF_LIB_consensus_vsearch	287	G	R	242	10	3.83%	2	2	93	93	8.916130618494134E-4	1	1	144	98	9	1	A
F6_BC66_191109_LF_LIB_consensus_vsearch	288	G	R	267	7	2.54%	2	2	93	93	0.007515315152860378	1	1	155	112	6	1	A
F6_BC66_191109_LF_LIB_consensus_vsearch	289	G	G	268	4	1.45%	2	1	93	93	0.061810030534865154	1	1	156	112	4	0	T
F6_BC66_191109_LF_LIB_consensus_vsearch	290	T	T	263	5	1.82%	2	2	93	93	0.030667531693296068	1	1	157	106	1	4	-GT
F6_BC66_191109_LF_LIB_consensus_vsearch	291	G	G	265	2	0.74%	2	1	93	93	0.2495309568482648	1	1	158	107	2	0	-T
F6_BC66_191109_LF_LIB_consensus_vsearch	292	T	T	253	5	1.87%	2	1	93	93	0.030644978141142375	1	1	148	105	5	0	+G
F6_BC66_191109_LF_LIB_consensus_vsearch	293	A	A	266	4	1.47%	2	1	93	93	0.06180491495741971	1	1	156	110	4	0	-G
F6_BC66_191109_LF_LIB_consensus_vsearch	294	G	G	263	5	1.85%	2	2	93	93	0.030667531693296068	1	1	153	110	3	2	A
F6_BC66_191109_LF_LIB_consensus_vsearch	295	T	T	269	4	1.45%	2	2	93	93	0.06181256019060895	1	1	161	108	1	3	C
F6_BC66_191109_LF_LIB_consensus_vsearch	296	C	C	263	3	1.1%	2	2	93	93	0.12429378531094196	1	1	153	110	2	1	+A
F6_BC66_191109_LF_LIB_consensus_vsearch	297	G	*/-TG	261	8	2.92%	2	1	93	93	0.003705416747963619	1	1	159	102	0	8	-TG
F6_BC66_191109_LF_LIB_consensus_vsearch	298	T	T	256	2	0.75%	2	1	93	93	0.24951456310670525	1	1	156	100	0	2	+G
F6_BC66_191109_LF_LIB_consensus_vsearch	299	G	G	261	2	0.75%	2	1	93	93	0.24952380952412506	1	1	159	102	2	0	-A
F6_BC66_191109_LF_LIB_consensus_vsearch	300	A	A	269	2	0.73%	2	1	93	93	0.24953789279111838	1	1	156	113	2	0	G
F6_BC66_191109_LF_LIB_consensus_vsearch	301	T	T	268	3	1.09%	2	2	93	93	0.12430683918669663	1	1	158	110	1	2	C
F6_BC66_191109_LF_LIB_consensus_vsearch	302	C	C	263	4	1.46%	2	2	93	93	0.06179709776251344	1	1	152	111	3	1	+T
F6_BC66_191109_LF_LIB_consensus_vsearch	303	A	R	254	7	2.59%	2	1	93	93	0.0075006286111248205	1	1	144	110	7	0	G
F6_BC66_191109_LF_LIB_consensus_vsearch	304	C	C	257	3	1.12%	2	1	93	93	0.12427745664727831	1	1	152	105	3	0	G
F6_BC66_191109_LF_LIB_consensus_vsearch	305	C	Y	253	16	5.84%	2	2	93	93	1.2127276188955779E-5	1	1	158	95	2	14	T
F6_BC66_191109_LF_LIB_consensus_vsearch	306	G	*/-A	262	7	2.54%	2	1	93	93	0.007509833180020558	1	1	150	112	7	0	-A
F6_BC66_191109_LF_LIB_consensus_vsearch	307	A	A	256	5	1.87%	2	2	93	93	0.03065192548788321	1	1	145	111	4	1	+G
F6_BC66_191109_LF_LIB_consensus_vsearch	308	G	G	268	2	0.74%	2	1	93	93	0.24953617810762627	1	1	157	111	2	0	+A
F6_BC66_191109_LF_LIB_consensus_vsearch	309	G	*/-T	236	27	9.82%	2	2	93	93	3.68864827749744E-9	1	1	136	100	19	8	-T
F6_BC66_191109_LF_LIB_consensus_vsearch	310	T	T	238	4	1.64%	2	2	93	93	0.061724409550499286	1	1	137	101	2	2	C
F6_BC66_191109_LF_LIB_consensus_vsearch	311	T	T	265	5	1.85%	2	2	93	93	0.030671842124359663	1	1	157	108	2	3	C
F6_BC66_191109_LF_LIB_consensus_vsearch	312	T	T	272	2	0.73%	2	1	93	93	0.2495429616087481	1	1	163	109	0	2	C
F6_BC66_191109_LF_LIB_consensus_vsearch	313	T	T	269	3	1.09%	2	2	93	93	0.12430939226523824	1	1	161	108	1	2	C
F6_BC66_191109_LF_LIB_consensus_vsearch	314	C	*/-A	259	8	2.91%	2	2	93	93	0.003703931063382389	1	1	152	107	6	2	-A
F6_BC66_191109_LF_LIB_consensus_vsearch	315	A	R	255	7	2.64%	2	1	93	93	0.007501809679633719	1	1	148	107	7	0	G
F6_BC66_191109_LF_LIB_consensus_vsearch	316	A	*/-G	206	46	16.85%	2	2	93	93	1.4813125822977238E-15	1	1	109	97	38	8	-G
F6_BC66_191109_LF_LIB_consensus_vsearch	317	G	G	220	5	2.2%	2	1	93	93	0.03055634444922604	1	1	118	102	5	0	A
F6_BC66_191109_LF_LIB_consensus_vsearch	318	G	G	274	1	0.36%	2	1	93	93	0.4999999999999138	1	1	161	113	1	0	+A
F6_BC66_191109_LF_LIB_consensus_vsearch	319	G	G	265	6	2.17%	2	1	93	93	0.015194184268635263	1	1	154	111	6	0	+A
F6_BC66_191109_LF_LIB_consensus_vsearch	320	G	G	271	2	0.72%	2	2	93	93	0.24954128440383208	1	1	159	112	1	1	-C
F6_BC66_191109_LF_LIB_consensus_vsearch	321	C	C	267	3	1.1%	2	2	93	93	0.12430426716151294	1	1	158	109	1	2	-GC
F6_BC66_191109_LF_LIB_consensus_vsearch	322	G	G	270	1	0.37%	2	1	93	93	0.4999999999999138	1	1	160	110	1	0	+C
F6_BC66_191109_LF_LIB_consensus_vsearch	323	C	C	270	1	0.37%	2	1	93	93	0.4999999999999138	1	1	161	109	0	1	+GC
F6_BC66_191109_LF_LIB_consensus_vsearch	324	A	A	272	1	0.36%	2	1	93	93	0.5000000000003686	1	1	159	113	1	0	+C
F6_BC66_191109_LF_LIB_consensus_vsearch	325	C	C	271	2	0.73%	2	2	93	93	0.24954128440383208	1	1	160	111	1	1	T
F6_BC66_191109_LF_LIB_consensus_vsearch	326	C	C	269	2	0.73%	2	1	93	93	0.24953789279111838	1	1	159	110	2	0	-A
F6_BC66_191109_LF_LIB_consensus_vsearch	327	A	A	257	6	2.2%	2	1	93	93	0.015181130565948187	1	1	148	109	6	0	-GA
F6_BC66_191109_LF_LIB_consensus_vsearch	328	G	*/-A	244	10	3.77%	2	2	93	93	8.922644712756052E-4	1	1	138	106	9	1	-A
F6_BC66_191109_LF_LIB_consensus_vsearch	329	A	A	249	2	0.79%	2	1	93	93	0.24950099800389156	1	1	143	106	0	2	T
F6_BC66_191109_LF_LIB_consensus_vsearch	330	A	A	259	5	1.86%	2	1	93	93	0.030658715098946722	1	1	153	106	5	0	-G
F6_BC66_191109_LF_LIB_consensus_vsearch	331	G	G	261	3	1.13%	2	1	93	93	0.12428842504744599	1	1	155	106	3	0	A
F6_BC66_191109_LF_LIB_consensus_vsearch	332	C	C	262	3	1.1%	2	2	93	93	0.12429111531193521	1	1	157	105	1	2	+T
F6_BC66_191109_LF_LIB_consensus_vsearch	333	A	A	256	4	1.48%	2	2	93	93	0.061778155432067945	1	1	150	106	2	2	T
F6_BC66_191109_LF_LIB_consensus_vsearch	334	C	*/+A	248	7	2.57%	2	1	93	93	0.007493349252391194	1	1	140	108	7	0	+A
F6_BC66_191109_LF_LIB_consensus_vsearch	335	G	*/-A	254	10	3.7%	2	2	93	93	8.953772843442645E-4	1	1	144	110	9	1	-A
F6_BC66_191109_LF_LIB_consensus_vsearch	336	A	A	254	4	1.52%	2	1	93	93	0.06177255436325217	1	1	146	108	4	0	G
F6_BC66_191109_LF_LIB_consensus_vsearch	337	G	G	269	2	0.74%	2	1	93	93	0.24953789279111838	1	1	159	110	2	0	-AC
F6_BC66_191109_LF_LIB_consensus_vsearch	338	A	A	267	2	0.74%	2	2	93	93	0.24953445065180796	1	1	158	109	1	1	+GA
F6_BC66_191109_LF_LIB_consensus_vsearch	339	C	*/-GC	238	24	8.86%	2	1	93	93	3.433216937353479E-8	1	1	130	108	24	0	-GC
F6_BC66_191109_LF_LIB_consensus_vsearch	340	G	G	238	6	2.45%	2	2	93	93	0.015146711995383567	1	1	128	110	5	1	A
F6_BC66_191109_LF_LIB_consensus_vsearch	341	C	C	223	6	2.42%	2	1	93	93	0.01511552339729264	1	1	123	100	0	6	+A
F6_BC66_191109_LF_LIB_consensus_vsearch	342	A	A	251	4	1.51%	2	1	93	93	0.06176398786346276	1	1	148	103	4	0	-C
F6_BC66_191109_LF_LIB_consensus_vsearch	343	C	C	251	6	2.27%	2	1	93	93	0.015170809117680038	1	1	150	101	0	6	T
F6_BC66_191109_LF_LIB_consensus_vsearch	344	T	*/+G	245	9	3.36%	2	1	93	93	0.0018173060047634259	1	1	143	102	9	0	+G
F6_BC66_191109_LF_LIB_consensus_vsearch	345	A	*/-G	196	36	13.43%	2	2	93	93	3.339407576914095E-12	1	1	135	61	12	24	-G
F6_BC66_191109_LF_LIB_consensus_vsearch	346	G	G	208	4	1.87%	2	1	93	93	0.06161452805712106	1	1	144	64	4	0	+A
F6_BC66_191109_LF_LIB_consensus_vsearch	347	G	G	238	6	2.39%	2	1	93	93	0.015146711995383567	1	1	151	87	6	0	A
F6_BC66_191109_LF_LIB_consensus_vsearch	348	G	R	259	7	2.55%	2	1	93	93	0.007506445843275869	1	1	147	112	7	0	A
F6_BC66_191109_LF_LIB_consensus_vsearch	349	C	*/-GC	257	7	2.57%	2	2	93	93	0.007504145184876668	1	1	150	107	4	3	-GC
F6_BC66_191109_LF_LIB_consensus_vsearch	350	G	G	255	4	1.51%	2	1	93	93	0.06177536572082746	1	1	151	104	4	0	A
F6_BC66_191109_LF_LIB_consensus_vsearch	351	C	*/-T	248	9	3.38%	2	2	93	93	0.0018188615104327871	1	1	155	93	1	8	-T
F6_BC66_191109_LF_LIB_consensus_vsearch	352	T	*/-CCT	225	22	8.43%	2	2	93	93	1.4619930146121474E-7	1	1	150	75	1	21	-CCT
F6_BC66_191109_LF_LIB_consensus_vsearch	353	C	C	234	3	1.25%	2	1	93	93	0.12420718816069089	1	1	151	83	3	0	+A
F6_BC66_191109_LF_LIB_consensus_vsearch	354	C	C	246	4	1.58%	2	1	93	93	0.061749253033287245	1	1	161	85	0	4	-TC
F6_BC66_191109_LF_LIB_consensus_vsearch	355	T	T	246	1	0.4%	2	1	93	93	0.5000000000003686	1	1	160	86	0	1	-C
F6_BC66_191109_LF_LIB_consensus_vsearch	356	C	C	267	2	0.74%	2	2	93	93	0.24953445065180796	1	1	160	107	1	1	+T
F6_BC66_191109_LF_LIB_consensus_vsearch	357	G	G	268	3	1.09%	2	1	93	93	0.12430683918669663	1	1	156	112	3	0	A
F6_BC66_191109_LF_LIB_consensus_vsearch	358	C	C	270	1	0.37%	2	1	93	93	0.4999999999999138	1	1	158	112	1	0	+A
F6_BC66_191109_LF_LIB_consensus_vsearch	359	C	C	265	3	1.09%	2	1	93	93	0.12429906542060956	1	1	156	109	3	0	+A
F6_BC66_191109_LF_LIB_consensus_vsearch	360	G	G	268	4	1.47%	2	1	93	93	0.061810030534865154	1	1	157	111	4	0	-A
F6_BC66_191109_LF_LIB_consensus_vsearch	361	A	A	265	3	1.11%	2	2	93	93	0.12429906542060956	1	1	155	110	2	1	G
F6_BC66_191109_LF_LIB_consensus_vsearch	362	T	T	272	1	0.36%	2	1	93	93	0.5000000000003686	1	1	161	111	1	0	-C
F6_BC66_191109_LF_LIB_consensus_vsearch	363	C	*/-AA	251	8	2.91%	2	1	93	93	0.0036977618625582452	1	1	149	102	0	8	-AA
F6_BC66_191109_LF_LIB_consensus_vsearch	364	A	A	255	2	0.77%	2	1	93	93	0.2495126705651419	1	1	155	100	0	2	G
F6_BC66_191109_LF_LIB_consensus_vsearch	365	A	A	258	3	1.12%	2	1	93	93	0.12428023032618613	1	1	156	102	3	0	G
F6_BC66_191109_LF_LIB_consensus_vsearch	366	G	*/-C	148	56	20.59%	2	2	93	93	1.7260912109110827E-19	1	1	103	45	39	17	-C
F6_BC66_191109_LF_LIB_consensus_vsearch	367	C	C	154	2	1.24%	2	1	93	93	0.24919614147907784	1	1	112	42	0	2	+T
F6_BC66_191109_LF_LIB_consensus_vsearch	368	C	C	209	5	2.3%	2	1	93	93	0.030520732883336912	1	1	151	58	0	5	T
F6_BC66_191109_LF_LIB_consensus_vsearch	369	C	C	249	3	1.19%	2	1	93	93	0.12425447316115633	1	1	159	90	0	3	T
F6_BC66_191109_LF_LIB_consensus_vsearch	370	C	C	268	3	1.1%	2	2	93	93	0.12430683918669663	1	1	162	106	1	2	T
F6_BC66_191109_LF_LIB_consensus_vsearch	371	C	*/-T	252	21	7.64%	2	2	93	93	3.197228856347231E-7	1	1	160	92	2	19	-T
F6_BC66_191109_LF_LIB_consensus_vsearch	372	T	T	253	1	0.39%	2	1	93	93	0.5000000000003686	1	1	160	93	1	0	+G
F6_BC66_191109_LF_LIB_consensus_vsearch	373	C	C	272	3	1.09%	2	1	93	93	0.12431693989066941	1	1	163	109	0	3	-T
F6_BC66_191109_LF_LIB_consensus_vsearch	374	T	*/-CT	240	25	9.16%	2	2	93	93	1.6459167643363623E-8	1	1	152	88	9	16	-CT
F6_BC66_191109_LF_LIB_consensus_vsearch	375	C	C	240	6	2.41%	2	1	93	93	0.01515058431619443	1	1	153	87	0	6	-T
F6_BC66_191109_LF_LIB_consensus_vsearch	376	T	T	239	2	0.82%	2	1	93	93	0.2494802494800363	1	1	151	88	2	0	+CT
F6_BC66_191109_LF_LIB_consensus_vsearch	377	G	G	267	2	0.73%	2	1	93	93	0.24953445065180796	1	1	158	109	0	2	-C
F6_BC66_191109_LF_LIB_consensus_vsearch	378	C	C	258	4	1.47%	2	1	93	93	0.061783670907884385	1	1	149	109	4	0	-GC
F6_BC66_191109_LF_LIB_consensus_vsearch	379	G	G	260	4	1.49%	2	1	93	93	0.06178910273789233	1	1	150	110	4	0	A
F6_BC66_191109_LF_LIB_consensus_vsearch	380	C	C	261	3	1.12%	2	1	93	93	0.12428842504744599	1	1	153	108	3	0	A
F6_BC66_191109_LF_LIB_consensus_vsearch	381	A	A	269	2	0.74%	2	1	93	93	0.24953789279111838	1	1	159	110	2	0	G
F6_BC66_191109_LF_LIB_consensus_vsearch	382	A	A	270	2	0.73%	2	1	93	93	0.2495395948434138	1	1	160	110	0	2	G
F6_BC66_191109_LF_LIB_consensus_vsearch	383	T	T	271	2	0.72%	2	2	93	93	0.24954128440383208	1	1	161	110	1	1	C
F6_BC66_191109_LF_LIB_consensus_vsearch	384	G	G	270	1	0.36%	2	1	93	93	0.4999999999999138	1	1	158	112	1	0	+C
F6_BC66_191109_LF_LIB_consensus_vsearch	385	C	C	267	2	0.73%	2	1	93	93	0.24953445065180796	1	1	159	108	2	0	-ATTTC
F6_BC66_191109_LF_LIB_consensus_vsearch	386	A	A	248	6	2.22%	2	1	93	93	0.015165466280175907	1	1	146	102	6	0	+T
F6_BC66_191109_LF_LIB_consensus_vsearch	387	T	T	264	3	1.12%	2	1	93	93	0.1242964352720778	1	1	160	104	0	3	C
F6_BC66_191109_LF_LIB_consensus_vsearch	388	T	T	267	3	1.11%	2	2	93	93	0.12430426716151294	1	1	159	108	1	2	C
F6_BC66_191109_LF_LIB_consensus_vsearch	389	T	*/-C	226	41	15.02%	2	2	93	93	8.616577044814203E-14	1	1	135	91	25	16	-C
F6_BC66_191109_LF_LIB_consensus_vsearch	390	C	C	225	3	1.3%	2	1	93	93	0.12417582417582212	1	1	131	94	3	0	T
F6_BC66_191109_LF_LIB_consensus_vsearch	391	C	*/+G	236	15	5.47%	2	2	93	93	2.4603451297384386E-5	1	1	149	87	3	12	+G
F6_BC66_191109_LF_LIB_consensus_vsearch	392	G	*/-A	258	7	2.62%	2	1	93	93	0.007505299821009934	1	1	146	112	7	0	-A
F6_BC66_191109_LF_LIB_consensus_vsearch	393	A	*/-G	255	8	2.97%	2	1	93	93	0.003700892775288906	1	1	144	111	8	0	-G
F6_BC66_191109_LF_LIB_consensus_vsearch	394	G	G	265	1	0.37%	2	1	93	93	0.4999999999999138	1	1	154	111	1	0	+A
F6_BC66_191109_LF_LIB_consensus_vsearch	395	G	G	262	4	1.45%	2	2	93	93	0.06179445281046573	1	1	151	111	3	1	A
F6_BC66_191109_LF_LIB_consensus_vsearch	396	C	C	267	4	1.47%	2	1	93	93	0.061807482193030554	1	1	159	108	0	4	+T
F6_BC66_191109_LF_LIB_consensus_vsearch	397	C	C	264	5	1.81%	2	2	93	93	0.030669694912897477	1	1	158	106	1	4	-T
F6_BC66_191109_LF_LIB_consensus_vsearch	398	T	Y	262	7	2.58%	2	2	93	93	0.007509833180020558	1	1	159	103	3	4	C
F6_BC66_191109_LF_LIB_consensus_vsearch	399	G	G	273	1	0.36%	2	1	93	93	0.4999999999999138	1	1	161	112	1	0	-A
F6_BC66_191109_LF_LIB_consensus_vsearch	400	A	A	274	1	0.36%	2	1	93	93	0.4999999999999138	1	1	161	113	1	0	+G
F6_BC66_191109_LF_LIB_consensus_vsearch	401	C	C	272	2	0.72%	2	2	93	93	0.2495429616087481	1	1	160	112	1	1	T
F6_BC66_191109_LF_LIB_consensus_vsearch	402	G	G	275	1	0.36%	2	1	93	93	0.5000000000003686	1	1	163	112	0	1	+TG
F6_BC66_191109_LF_LIB_consensus_vsearch	403	A	A	268	4	1.45%	2	2	93	93	0.061810030534865154	1	1	159	109	1	3	-CGA
F6_BC66_191109_LF_LIB_consensus_vsearch	404	C	C	267	2	0.74%	2	2	93	93	0.24953445065180796	1	1	160	107	1	1	-G
F6_BC66_191109_LF_LIB_consensus_vsearch	405	G	*/-A	261	9	3.33%	2	1	93	93	0.0018252099194485903	1	1	152	109	9	0	-A
F6_BC66_191109_LF_LIB_consensus_vsearch	406	A	A	257	2	0.76%	2	2	93	93	0.24951644100587136	1	1	152	105	1	1	+T
F6_BC66_191109_LF_LIB_consensus_vsearch	407	T	K	261	10	3.64%	2	2	93	93	8.974229918180157E-4	1	1	151	110	9	1	G
F6_BC66_191109_LF_LIB_consensus_vsearch	408	T	T	265	6	2.17%	2	1	93	93	0.015194184268635263	1	1	161	104	0	6	+G
F6_BC66_191109_LF_LIB_consensus_vsearch	409	G	G	272	2	0.72%	2	2	93	93	0.2495429616087481	1	1	161	111	1	1	-C
F6_BC66_191109_LF_LIB_consensus_vsearch	410	C	C	261	5	1.83%	2	1	93	93	0.03066315650820783	1	1	160	101	0	5	T
F6_BC66_191109_LF_LIB_consensus_vsearch	411	G	G	270	1	0.37%	2	1	93	93	0.4999999999999138	1	1	161	109	0	1	+AAG
F6_BC66_191109_LF_LIB_consensus_vsearch	412	A	A	269	2	0.73%	2	2	93	93	0.24953789279111838	1	1	158	111	1	1	G
F6_BC66_191109_LF_LIB_consensus_vsearch	413	C	C	269	3	1.09%	2	2	93	93	0.12430939226523824	1	1	160	109	2	1	T
F6_BC66_191109_LF_LIB_consensus_vsearch	414	A	A	273	2	0.72%	2	1	93	93	0.2495446265938613	1	1	160	113	2	0	G
F6_BC66_191109_LF_LIB_consensus_vsearch	415	A	A	270	3	1.09%	2	2	93	93	0.12431192660547026	1	1	160	110	1	2	-CAA
F6_BC66_191109_LF_LIB_consensus_vsearch	416	C	C	259	4	1.47%	2	2	93	93	0.061786397159329126	1	1	151	108	3	1	+A
F6_BC66_191109_LF_LIB_consensus_vsearch	417	A	A	263	2	0.75%	2	1	93	93	0.24952741020799885	1	1	154	109	2	0	G
F6_BC66_191109_LF_LIB_consensus_vsearch	418	A	A	265	5	1.85%	2	1	93	93	0.030671842124359663	1	1	155	110	5	0	-G
F6_BC66_191109_LF_LIB_consensus_vsearch	419	G	G	258	6	2.24%	2	1	93	93	0.015182805374032816	1	1	146	112	6	0	+A
F6_BC66_191109_LF_LIB_consensus_vsearch	420	A	*/-GA	254	12	4.41%	2	2	93	93	2.1506344050599332E-4	1	1	143	111	10	2	-GA
F6_BC66_191109_LF_LIB_consensus_vsearch	421	G	*/-A	253	8	3.05%	2	1	93	93	0.0036993391596663746	1	1	142	111	8	0	-A
F6_BC66_191109_LF_LIB_consensus_vsearch	422	A	A	249	3	1.18%	2	1	93	93	0.12425447316115633	1	1	138	111	3	0	G
F6_BC66_191109_LF_LIB_consensus_vsearch	423	A	A	270	1	0.36%	2	1	93	93	0.4999999999999138	1	1	160	110	0	1	+TC
F6_BC66_191109_LF_LIB_consensus_vsearch	424	C	*/-T	257	7	2.55%	2	2	93	93	0.007504145184876668	1	1	151	106	5	2	-T
F6_BC66_191109_LF_LIB_consensus_vsearch	425	T	T	262	1	0.38%	2	1	93	93	0.5000000000003686	1	1	153	109	0	1	C
F6_BC66_191109_LF_LIB_consensus_vsearch	426	T	T	263	3	1.11%	2	2	93	93	0.12429378531094196	1	1	154	109	2	1	C
F6_BC66_191109_LF_LIB_consensus_vsearch	427	G	G	268	2	0.74%	2	1	93	93	0.24953617810762627	1	1	158	110	2	0	T
F6_BC66_191109_LF_LIB_consensus_vsearch	428	T	T	263	4	1.45%	2	2	93	93	0.06179709776251344	1	1	160	103	1	3	-C
F6_BC66_191109_LF_LIB_consensus_vsearch	429	C	C	265	3	1.11%	2	1	93	93	0.12429906542060956	1	1	156	109	3	0	+A
F6_BC66_191109_LF_LIB_consensus_vsearch	430	C	C	266	4	1.45%	2	1	93	93	0.06180491495741971	1	1	162	104	0	4	-TC
F6_BC66_191109_LF_LIB_consensus_vsearch	431	T	T	258	3	1.12%	2	1	93	93	0.12428023032618613	1	1	156	102	3	0	+C
F6_BC66_191109_LF_LIB_consensus_vsearch	432	C	C	266	2	0.74%	2	2	93	93	0.24953271028049737	1	1	162	104	1	1	+A
F6_BC66_191109_LF_LIB_consensus_vsearch	433	G	G	271	1	0.37%	2	1	93	93	0.4999999999999138	1	1	162	109	1	0	+A
F6_BC66_191109_LF_LIB_consensus_vsearch	434	G	G	275	0	0%	2	0	93	0	1.0	1	0	163	112	0	0	
F6_BC66_191109_LF_LIB_consensus_vsearch	435	T	*/-C	226	46	16.67%	2	1	93	93	1.7769304331862263E-15	1	1	116	110	46	0	-C
F6_BC66_191109_LF_LIB_consensus_vsearch	436	C	C	226	3	1.3%	2	1	93	93	0.12417943107231426	1	1	113	113	3	0	+A
F6_BC66_191109_LF_LIB_consensus_vsearch	437	C	C	267	4	1.45%	2	1	93	93	0.061807482193030554	1	1	156	111	4	0	-T
F6_BC66_191109_LF_LIB_consensus_vsearch	438	T	*/+G	245	7	2.59%	2	2	93	93	0.007489580654151418	1	1	151	94	2	5	+G
F6_BC66_191109_LF_LIB_consensus_vsearch	439	G	G	256	3	1.15%	2	2	93	93	0.12427466150865948	1	1	155	101	1	2	A
F6_BC66_191109_LF_LIB_consensus_vsearch	440	G	G	264	3	1.11%	2	1	93	93	0.1242964352720778	1	1	158	106	3	0	T
F6_BC66_191109_LF_LIB_consensus_vsearch	441	T	T	262	4	1.49%	2	1	93	93	0.06179445281046573	1	1	162	100	0	4	-GC
F6_BC66_191109_LF_LIB_consensus_vsearch	442	G	G	269	2	0.74%	2	2	93	93	0.24953789279111838	1	1	162	107	1	1	A
F6_BC66_191109_LF_LIB_consensus_vsearch	443	C	*/-AC	259	10	3.68%	2	2	93	93	8.968490941134896E-4	1	1	153	106	8	2	-AC
F6_BC66_191109_LF_LIB_consensus_vsearch	444	A	A	255	4	1.51%	2	1	93	93	0.06177536572082746	1	1	146	109	4	0	G
F6_BC66_191109_LF_LIB_consensus_vsearch	445	C	C	260	2	0.75%	2	1	93	93	0.2495219885277623	1	1	152	108	0	2	+T
F6_BC66_191109_LF_LIB_consensus_vsearch	446	C	C	268	4	1.45%	2	2	93	93	0.061810030534865154	1	1	159	109	1	3	T
F6_BC66_191109_LF_LIB_consensus_vsearch	447	G	G	263	5	1.82%	2	1	93	93	0.030667531693296068	1	1	151	112	5	0	A
F6_BC66_191109_LF_LIB_consensus_vsearch	448	T	*/-C	205	65	23.81%	2	2	93	93	3.368453998259887E-22	1	1	114	91	46	19	-C
F6_BC66_191109_LF_LIB_consensus_vsearch	449	C	*/+G	199	8	3.83%	2	1	93	93	0.0036462285478980633	1	1	107	92	8	0	+G
F6_BC66_191109_LF_LIB_consensus_vsearch	450	C	S	256	7	2.55%	2	1	93	93	0.007502981837406636	1	1	149	107	7	0	G
F6_BC66_191109_LF_LIB_consensus_vsearch	451	C	*/-T	223	31	11.23%	2	2	93	93	1.7573453092722525E-10	1	1	144	79	7	24	-T
F6_BC66_191109_LF_LIB_consensus_vsearch	452	T	T	224	5	2.16%	2	2	93	93	0.03056844687042959	1	1	142	82	3	2	C
F6_BC66_191109_LF_LIB_consensus_vsearch	453	T	Y	228	14	5.34%	2	2	93	93	5.030037202373037E-5	1	1	135	93	12	2	C
F6_BC66_191109_LF_LIB_consensus_vsearch	454	G	R	226	25	9.8%	2	2	93	93	1.5895545641820623E-8	1	1	134	92	24	1	A
F6_BC66_191109_LF_LIB_consensus_vsearch	455	G	G	255	4	1.49%	2	2	93	93	0.06177536572082746	1	1	161	94	1	3	A
F6_BC66_191109_LF_LIB_consensus_vsearch	456	G	R	265	7	2.55%	2	2	93	93	0.00751314636487435	1	1	161	104	2	5	A
F6_BC66_191109_LF_LIB_consensus_vsearch	457	T	T	266	3	1.09%	2	2	93	93	0.1243016759777629	1	1	159	107	1	2	A
F6_BC66_191109_LF_LIB_consensus_vsearch	458	C	C	262	4	1.46%	2	2	93	93	0.06179445281046573	1	1	155	107	3	1	+A
F6_BC66_191109_LF_LIB_consensus_vsearch	459	A	A	265	3	1.11%	2	2	93	93	0.12429906542060956	1	1	157	108	2	1	G
F6_BC66_191109_LF_LIB_consensus_vsearch	460	A	A	262	4	1.45%	2	1	93	93	0.06179445281046573	1	1	157	105	0	4	-T
F6_BC66_191109_LF_LIB_consensus_vsearch	461	T	T	261	4	1.48%	2	1	93	93	0.06179178787806501	1	1	155	106	4	0	+C
F6_BC66_191109_LF_LIB_consensus_vsearch	462	C	C	267	2	0.73%	2	2	93	93	0.24953445065180796	1	1	157	110	1	1	-A
F6_BC66_191109_LF_LIB_consensus_vsearch	463	A	A	264	6	2.19%	2	2	93	93	0.015192594697130085	1	1	157	107	4	2	G
F6_BC66_191109_LF_LIB_consensus_vsearch	464	G	R	260	7	2.55%	2	2	93	93	0.0075075833477063125	1	1	155	105	6	1	A
F6_BC66_191109_LF_LIB_consensus_vsearch	465	C	C	263	3	1.11%	2	1	93	93	0.12429378531094196	1	1	162	101	0	3	-GT
F6_BC66_191109_LF_LIB_consensus_vsearch	466	G	G	260	3	1.12%	2	2	93	93	0.12428571428582305	1	1	156	104	2	1	-T
F6_BC66_191109_LF_LIB_consensus_vsearch	467	T	Y	262	8	2.96%	2	1	93	93	0.0037061514394952193	1	1	161	101	0	8	C
F6_BC66_191109_LF_LIB_consensus_vsearch	468	T	T	271	4	1.45%	2	2	93	93	0.06181756426009212	1	1	162	109	1	3	C
F6_BC66_191109_LF_LIB_consensus_vsearch	469	G	G	268	4	1.45%	2	2	93	93	0.061810030534865154	1	1	156	112	3	1	A
F6_BC66_191109_LF_LIB_consensus_vsearch	470	C	C	271	1	0.37%	2	1	93	93	0.4999999999999138	1	1	159	112	1	0	+A
F6_BC66_191109_LF_LIB_consensus_vsearch	471	C	Y	247	23	8.33%	2	1	93	93	7.310071756135082E-8	1	1	160	87	0	23	T
F6_BC66_191109_LF_LIB_consensus_vsearch	472	G	*/-C	260	7	2.59%	2	2	93	93	0.0075075833477063125	1	1	154	106	4	3	-C
F6_BC66_191109_LF_LIB_consensus_vsearch	473	C	C	261	1	0.38%	2	1	93	93	0.5000000000003686	1	1	155	106	1	0	A
F6_BC66_191109_LF_LIB_consensus_vsearch	474	C	C	264	3	1.11%	2	2	93	93	0.1242964352720778	1	1	158	106	1	2	-A
F6_BC66_191109_LF_LIB_consensus_vsearch	475	A	A	264	6	2.21%	2	1	93	93	0.015192594697130085	1	1	156	108	6	0	G
F6_BC66_191109_LF_LIB_consensus_vsearch	476	G	G	270	4	1.45%	2	1	93	93	0.06181507136518779	1	1	158	112	4	0	T
F6_BC66_191109_LF_LIB_consensus_vsearch	477	T	*/+G	258	8	2.91%	2	1	93	93	0.003703179949352368	1	1	152	106	8	0	+G
F6_BC66_191109_LF_LIB_consensus_vsearch	478	A	*/-G	258	8	2.94%	2	2	93	93	0.003703179949352368	1	1	151	107	7	1	-G
F6_BC66_191109_LF_LIB_consensus_vsearch	479	G	G	258	1	0.38%	2	1	93	93	0.4999999999999138	1	1	150	108	1	0	+A
F6_BC66_191109_LF_LIB_consensus_vsearch	480	T	T	263	4	1.48%	2	2	93	93	0.06179709776251344	1	1	156	107	2	2	C
F6_BC66_191109_LF_LIB_consensus_vsearch	481	C	C	267	1	0.37%	2	1	93	93	0.5000000000003686	1	1	158	109	0	1	+T
F6_BC66_191109_LF_LIB_consensus_vsearch	482	A	*/+C	236	14	5.19%	2	2	93	93	5.062147474326143E-5	1	1	132	104	12	2	+C
F6_BC66_191109_LF_LIB_consensus_vsearch	483	C	*/+T	253	13	4.89%	2	1	93	93	1.0505021901642927E-4	1	1	155	98	0	13	+T
F6_BC66_191109_LF_LIB_consensus_vsearch	484	C	C	267	2	0.73%	2	1	93	93	0.24953445065180796	1	1	158	109	0	2	+T
F6_BC66_191109_LF_LIB_consensus_vsearch	485	C	C	267	2	0.72%	2	2	93	93	0.24953445065180796	1	1	157	110	1	1	+T
F6_BC66_191109_LF_LIB_consensus_vsearch	486	T	T	268	3	1.1%	2	1	93	93	0.12430683918669663	1	1	156	112	3	0	C
F6_BC66_191109_LF_LIB_consensus_vsearch	487	G	G	261	6	2.19%	2	2	93	93	0.015187754818318031	1	1	151	110	5	1	-C
F6_BC66_191109_LF_LIB_consensus_vsearch	488	C	C	265	1	0.37%	2	1	93	93	0.4999999999999138	1	1	155	110	1	0	+AC
F6_BC66_191109_LF_LIB_consensus_vsearch	489	C	C	267	3	1.1%	2	1	93	93	0.12430426716151294	1	1	160	107	0	3	T
F6_BC66_191109_LF_LIB_consensus_vsearch	490	G	G	264	4	1.47%	2	1	93	93	0.06179972295775155	1	1	155	109	4	0	+T
F6_BC66_191109_LF_LIB_consensus_vsearch	491	T	T	267	4	1.48%	2	2	93	93	0.061807482193030554	1	1	161	106	1	3	C
F6_BC66_191109_LF_LIB_consensus_vsearch	492	T	T	259	4	1.47%	2	2	93	93	0.061786397159329126	1	1	156	103	2	2	+A
F6_BC66_191109_LF_LIB_consensus_vsearch	493	G	G	260	3	1.12%	2	1	93	93	0.12428571428582305	1	1	154	106	3	0	-TA
F6_BC66_191109_LF_LIB_consensus_vsearch	494	T	*/-A	246	7	2.63%	2	2	93	93	0.007490846702557751	1	1	148	98	5	2	-A
F6_BC66_191109_LF_LIB_consensus_vsearch	495	A	R	252	10	3.79%	2	2	93	93	8.947732384278332E-4	1	1	144	108	8	2	G
F6_BC66_191109_LF_LIB_consensus_vsearch	496	G	*/-C	262	9	3.31%	2	2	93	93	0.0018256734909882749	1	1	154	108	6	3	-C
F6_BC66_191109_LF_LIB_consensus_vsearch	497	C	C	260	3	1.13%	2	1	93	93	0.12428571428582305	1	1	152	108	3	0	G
F6_BC66_191109_LF_LIB_consensus_vsearch	498	C	Y	254	13	4.73%	2	2	93	93	1.0511074343687666E-4	1	1	152	102	2	11	T
F6_BC66_191109_LF_LIB_consensus_vsearch	499	G	*/-A	263	10	3.65%	2	2	93	93	8.979886896061976E-4	1	1	154	109	6	4	-A
F6_BC66_191109_LF_LIB_consensus_vsearch	500	A	A	259	3	1.13%	2	2	93	93	0.12428298279160237	1	1	151	108	2	1	G
F6_BC66_191109_LF_LIB_consensus_vsearch	501	A	A	269	4	1.45%	2	2	93	93	0.06181256019060895	1	1	161	108	1	3	-T
F6_BC66_191109_LF_LIB_consensus_vsearch	502	T	T	262	5	1.84%	2	2	93	93	0.030665352285866324	1	1	157	105	2	3	-C
F6_BC66_191109_LF_LIB_consensus_vsearch	503	C	*/-T	239	22	8.12%	2	2	93	93	1.5025710947578298E-7	1	1	155	84	3	19	-T
F6_BC66_191109_LF_LIB_consensus_vsearch	504	T	T	239	5	1.99%	2	2	93	93	0.030610300810777105	1	1	150	89	1	4	C
F6_BC66_191109_LF_LIB_consensus_vsearch	505	T	Y	255	13	4.76%	2	2	93	93	1.051708397388793E-4	1	1	154	101	4	9	C
F6_BC66_191109_LF_LIB_consensus_vsearch	506	A	R	244	20	7.35%	2	2	93	93	6.562770486963538E-7	1	1	139	105	18	2	G
F6_BC66_191109_LF_LIB_consensus_vsearch	507	G	G	267	2	0.74%	2	2	93	93	0.24953445065180796	1	1	157	110	1	1	-C
F6_BC66_191109_LF_LIB_consensus_vsearch	508	C	C	261	4	1.48%	2	1	93	93	0.06179178787806501	1	1	158	103	0	4	-G
F6_BC66_191109_LF_LIB_consensus_vsearch	509	G	R	257	9	3.33%	2	1	93	93	0.0018233214254448316	1	1	152	105	9	0	A
F6_BC66_191109_LF_LIB_consensus_vsearch	510	G	G	268	4	1.45%	2	1	93	93	0.061810030534865154	1	1	159	109	4	0	A
F6_BC66_191109_LF_LIB_consensus_vsearch	511	C	*/-T	235	13	4.74%	2	1	93	93	1.0388201196169096E-4	1	1	143	92	0	13	-T
F6_BC66_191109_LF_LIB_consensus_vsearch	512	T	T	247	2	0.8%	2	1	93	93	0.24949698189118988	1	1	156	91	0	2	C
F6_BC66_191109_LF_LIB_consensus_vsearch	513	T	T	257	3	1.15%	2	2	93	93	0.12427745664727831	1	1	153	104	2	1	C
F6_BC66_191109_LF_LIB_consensus_vsearch	514	T	*/-C	150	88	32.71%	2	2	93	93	1.560307607385332E-31	1	1	113	37	40	48	-C
F6_BC66_191109_LF_LIB_consensus_vsearch	515	C	C	158	5	3.01%	2	1	93	93	0.03029292688734866	1	1	114	44	5	0	T
F6_BC66_191109_LF_LIB_consensus_vsearch	516	C	C	246	4	1.57%	2	1	93	93	0.061749253033287245	1	1	157	89	4	0	+G
F6_BC66_191109_LF_LIB_consensus_vsearch	517	C	*/-T	237	12	4.48%	2	2	93	93	2.131655349948094E-4	1	1	153	84	1	11	-T
F6_BC66_191109_LF_LIB_consensus_vsearch	518	T	T	242	3	1.21%	2	1	93	93	0.1242331288343819	1	1	152	90	3	0	G
F6_BC66_191109_LF_LIB_consensus_vsearch	519	T	T	252	5	1.92%	2	1	93	93	0.030642626352771006	1	1	151	101	5	0	C
F6_BC66_191109_LF_LIB_consensus_vsearch	520	T	*/+C	260	7	2.6%	2	1	93	93	0.0075075833477063125	1	1	154	106	7	0	+C
F6_BC66_191109_LF_LIB_consensus_vsearch	521	C	C	265	2	0.73%	2	1	93	93	0.2495309568482648	1	1	158	107	2	0	-A
F6_BC66_191109_LF_LIB_consensus_vsearch	522	A	A	265	4	1.47%	2	1	93	93	0.06180232861697055	1	1	154	111	4	0	G
F6_BC66_191109_LF_LIB_consensus_vsearch	523	G	R	250	21	7.72%	2	1	93	93	3.1874363948725266E-7	1	1	139	111	21	0	A
F6_BC66_191109_LF_LIB_consensus_vsearch	524	C	*/+T	248	10	3.66%	2	1	93	93	8.935377905624525E-4	1	1	146	102	10	0	+T
F6_BC66_191109_LF_LIB_consensus_vsearch	525	G	R	252	9	3.4%	2	1	93	93	0.0018208809482378404	1	1	148	104	9	0	A
F6_BC66_191109_LF_LIB_consensus_vsearch	526	G	R	246	21	7.66%	2	1	93	93	3.1674868491295823E-7	1	1	137	109	21	0	A
F6_BC66_191109_LF_LIB_consensus_vsearch	527	C	C	263	4	1.48%	2	2	93	93	0.06179709776251344	1	1	156	107	3	1	A
F6_BC66_191109_LF_LIB_consensus_vsearch	528	C	*/-A	222	44	16%	2	2	93	93	8.175933785983981E-15	1	1	118	104	38	6	-A
F6_BC66_191109_LF_LIB_consensus_vsearch	529	A	M	221	7	3.03%	2	1	93	93	0.007455894130096957	1	1	118	103	7	0	C
F6_BC66_191109_LF_LIB_consensus_vsearch	530	A	*/-G	260	8	2.91%	2	2	93	93	0.0037046766426069204	1	1	159	101	1	7	-G
F6_BC66_191109_LF_LIB_consensus_vsearch	531	G	G	256	5	1.87%	2	1	93	93	0.03065192548788321	1	1	162	94	0	5	T
F6_BC66_191109_LF_LIB_consensus_vsearch	532	G	G	275	1	0.36%	2	1	93	93	0.5000000000003686	1	1	163	112	0	1	-AC
F6_BC66_191109_LF_LIB_consensus_vsearch	533	A	A	273	1	0.36%	2	1	93	93	0.4999999999999138	1	1	162	111	0	1	C
F6_BC66_191109_LF_LIB_consensus_vsearch	534	C	C	269	3	1.09%	2	1	93	93	0.12430939226523824	1	1	158	111	3	0	+A
F6_BC66_191109_LF_LIB_consensus_vsearch	535	G	G	266	6	2.18%	2	1	93	93	0.015195762196627145	1	1	154	112	6	0	A
F6_BC66_191109_LF_LIB_consensus_vsearch	536	C	*/-GC	242	17	6.23%	2	2	93	93	5.816934560054175E-6	1	1	138	104	9	8	-GC
F6_BC66_191109_LF_LIB_consensus_vsearch	537	G	R	239	7	2.76%	2	1	93	93	0.0074817700326852326	1	1	136	103	7	0	A
F6_BC66_191109_LF_LIB_consensus_vsearch	538	C	C	241	4	1.57%	2	1	93	93	0.06173391617646867	1	1	138	103	4	0	+A
F6_BC66_191109_LF_LIB_consensus_vsearch	539	A	A	255	4	1.48%	2	1	93	93	0.06177536572082746	1	1	142	113	4	0	+G
F6_BC66_191109_LF_LIB_consensus_vsearch	540	G	G	266	4	1.47%	2	2	93	93	0.06180491495741971	1	1	155	111	3	1	-A
F6_BC66_191109_LF_LIB_consensus_vsearch	541	A	*/-G	214	41	15.13%	2	1	93	93	7.912532126816318E-14	1	1	112	102	41	0	-G
F6_BC66_191109_LF_LIB_consensus_vsearch	542	G	G	216	3	1.33%	2	1	93	93	0.12414187643025615	1	1	113	103	3	0	+A
F6_BC66_191109_LF_LIB_consensus_vsearch	543	A	A	252	4	1.52%	2	1	93	93	0.06176686569346045	1	1	152	100	4	0	-C
F6_BC66_191109_LF_LIB_consensus_vsearch	544	C	*/-GC	243	14	5.19%	2	2	93	93	5.088712817288902E-5	1	1	133	110	13	1	-GC
F6_BC66_191109_LF_LIB_consensus_vsearch	545	G	*/-C	215	24	9.38%	2	2	93	93	3.2466304599445884E-8	1	1	106	109	22	2	-C
F6_BC66_191109_LF_LIB_consensus_vsearch	546	C	*/+T	210	8	3.4%	2	1	93	93	0.0036591481612605	1	1	111	99	0	8	+T
F6_BC66_191109_LF_LIB_consensus_vsearch	547	C	*/-T	213	18	6.59%	2	2	93	93	2.703550386671577E-6	1	1	114	99	8	10	-T
F6_BC66_191109_LF_LIB_consensus_vsearch	548	T	W	207	9	3.78%	2	1	93	93	0.001793948723227531	1	1	105	102	9	0	A
F6_BC66_191109_LF_LIB_consensus_vsearch	549	T	Y	222	15	5.86%	2	2	93	93	2.42825012305824E-5	1	1	111	111	14	1	C
F6_BC66_191109_LF_LIB_consensus_vsearch	550	G	*/-A	247	8	2.97%	2	2	93	93	0.0036945340250354765	1	1	140	107	3	5	-A
F6_BC66_191109_LF_LIB_consensus_vsearch	551	A	A	261	2	0.75%	2	1	93	93	0.24952380952412506	1	1	154	107	2	0	C
F6_BC66_191109_LF_LIB_consensus_vsearch	552	A	A	270	2	0.73%	2	2	93	93	0.2495395948434138	1	1	161	109	1	1	G
F6_BC66_191109_LF_LIB_consensus_vsearch	553	A	A	265	4	1.46%	2	1	93	93	0.06180232861697055	1	1	160	105	0	4	-T
F6_BC66_191109_LF_LIB_consensus_vsearch	554	T	T	262	4	1.48%	2	2	93	93	0.06179445281046573	1	1	155	107	2	2	-C
F6_BC66_191109_LF_LIB_consensus_vsearch	555	C	*/-A	246	13	4.8%	2	2	93	93	1.0461416751144055E-4	1	1	152	94	6	7	-A
F6_BC66_191109_LF_LIB_consensus_vsearch	556	A	A	248	4	1.56%	2	2	93	93	0.061755217199896344	1	1	149	99	2	2	G
F6_BC66_191109_LF_LIB_consensus_vsearch	557	A	A	266	4	1.48%	2	1	93	93	0.06180491495741971	1	1	161	105	0	4	G
F6_BC66_191109_LF_LIB_consensus_vsearch	558	A	A	267	5	1.82%	2	1	93	93	0.030676089228361576	1	1	161	106	0	5	T
F6_BC66_191109_LF_LIB_consensus_vsearch	559	G	G	268	2	0.73%	2	1	93	93	0.24953617810762627	1	1	155	113	2	0	-C
F6_BC66_191109_LF_LIB_consensus_vsearch	560	C	C	273	1	0.36%	2	1	93	93	0.4999999999999138	1	1	161	112	0	1	T
F6_BC66_191109_LF_LIB_consensus_vsearch	561	C	C	270	3	1.09%	2	1	93	93	0.12431192660547026	1	1	161	109	0	3	T
F6_BC66_191109_LF_LIB_consensus_vsearch	562	G	G	274	1	0.36%	2	1	93	93	0.4999999999999138	1	1	161	113	1	0	+A
F6_BC66_191109_LF_LIB_consensus_vsearch	563	T	Y	268	8	2.9%	2	2	93	93	0.003710449152927439	1	1	162	106	1	7	C
F6_BC66_191109_LF_LIB_consensus_vsearch	564	T	T	264	4	1.45%	2	1	93	93	0.06179972295775155	1	1	153	111	4	0	+G
F6_BC66_191109_LF_LIB_consensus_vsearch	565	A	*/-G	236	16	5.84%	2	2	93	93	1.1934874983236344E-5	1	1	143	93	4	12	-G
F6_BC66_191109_LF_LIB_consensus_vsearch	566	G	G	258	0	0%	2	0	93	0	1.0	1	0	158	100	0	0	
F6_BC66_191109_LF_LIB_consensus_vsearch	567	G	G	271	2	0.73%	2	1	93	93	0.24954128440383208	1	1	159	112	2	0	A
F6_BC66_191109_LF_LIB_consensus_vsearch	568	C	C	268	3	1.09%	2	1	93	93	0.12430683918669663	1	1	158	110	0	3	T
F6_BC66_191109_LF_LIB_consensus_vsearch	569	T	T	271	1	0.37%	2	1	93	93	0.4999999999999138	1	1	160	111	0	1	+C
F6_BC66_191109_LF_LIB_consensus_vsearch	570	A	A	267	4	1.45%	2	2	93	93	0.061807482193030554	1	1	156	111	2	2	-C
F6_BC66_191109_LF_LIB_consensus_vsearch	571	C	C	266	1	0.37%	2	1	93	93	0.4999999999999138	1	1	157	109	1	0	+A
F6_BC66_191109_LF_LIB_consensus_vsearch	572	C	*/-GC	247	14	5.07%	2	1	93	93	5.103294910034228E-5	1	1	136	111	14	0	-GC
F6_BC66_191109_LF_LIB_consensus_vsearch	573	G	G	251	4	1.55%	2	1	93	93	0.06176398786346276	1	1	139	112	4	0	A
F6_BC66_191109_LF_LIB_consensus_vsearch	574	C	*/-T	228	16	6.13%	2	2	93	93	1.1835957900629796E-5	1	1	128	100	7	9	-T
F6_BC66_191109_LF_LIB_consensus_vsearch	575	T	W	230	13	5.24%	2	1	93	93	1.0352856420599275E-4	1	1	127	103	13	0	A
F6_BC66_191109_LF_LIB_consensus_vsearch	576	T	Y	229	11	4.17%	2	2	93	93	4.343002259471887E-4	1	1	125	104	5	6	C
F6_BC66_191109_LF_LIB_consensus_vsearch	577	A	*/-G	206	52	19.62%	2	2	93	93	1.2709150232227069E-17	1	1	136	70	15	37	-G
F6_BC66_191109_LF_LIB_consensus_vsearch	578	G	R	210	7	3.14%	2	1	93	93	0.007437988084800957	1	1	136	74	7	0	A
F6_BC66_191109_LF_LIB_consensus_vsearch	579	G	R	260	12	4.36%	2	1	93	93	2.1567900632063892E-4	1	1	147	113	12	0	A
F6_BC66_191109_LF_LIB_consensus_vsearch	580	A	A	270	1	0.37%	2	1	93	93	0.4999999999999138	1	1	158	112	0	1	+C
F6_BC66_191109_LF_LIB_consensus_vsearch	581	T	T	271	2	0.72%	2	1	93	93	0.24954128440383208	1	1	160	111	2	0	+C
F6_BC66_191109_LF_LIB_consensus_vsearch	582	C	C	268	3	1.09%	2	2	93	93	0.12430683918669663	1	1	158	110	1	2	-G
F6_BC66_191109_LF_LIB_consensus_vsearch	583	G	G	271	1	0.37%	2	1	93	93	0.4999999999999138	1	1	160	111	1	0	+A
F6_BC66_191109_LF_LIB_consensus_vsearch	584	A	A	267	4	1.45%	2	1	93	93	0.061807482193030554	1	1	157	110	4	0	G
F6_BC66_191109_LF_LIB_consensus_vsearch	585	C	C	270	2	0.72%	2	1	93	93	0.2495395948434138	1	1	159	111	0	2	-T
F6_BC66_191109_LF_LIB_consensus_vsearch	586	T	T	262	4	1.47%	2	2	93	93	0.06179445281046573	1	1	156	106	1	3	-C
F6_BC66_191109_LF_LIB_consensus_vsearch	587	C	C	258	3	1.11%	2	2	93	93	0.12428023032618613	1	1	154	104	1	2	T
F6_BC66_191109_LF_LIB_consensus_vsearch	588	A	*/-C	233	18	6.64%	2	2	93	93	2.7815366487660633E-6	1	1	136	97	9	9	-C
F6_BC66_191109_LF_LIB_consensus_vsearch	589	C	C	238	5	2.01%	2	1	93	93	0.030607671127594244	1	1	147	91	0	5	+T
F6_BC66_191109_LF_LIB_consensus_vsearch	590	C	C	265	2	0.75%	2	2	93	93	0.2495309568482648	1	1	157	108	1	1	T
F6_BC66_191109_LF_LIB_consensus_vsearch	591	C	Y	262	7	2.56%	2	2	93	93	0.007509833180020558	1	1	156	106	1	6	T
F6_BC66_191109_LF_LIB_consensus_vsearch	592	C	Y	254	10	3.65%	2	2	93	93	8.953772843442645E-4	1	1	155	99	3	7	T
F6_BC66_191109_LF_LIB_consensus_vsearch	593	G	G	265	5	1.85%	2	1	93	93	0.030671842124359663	1	1	156	109	5	0	A
F6_BC66_191109_LF_LIB_consensus_vsearch	594	G	G	271	1	0.37%	2	1	93	93	0.4999999999999138	1	1	161	110	0	1	-CA
F6_BC66_191109_LF_LIB_consensus_vsearch	595	C	C	269	1	0.37%	2	1	93	93	0.4999999999999138	1	1	160	109	1	0	+GC
F6_BC66_191109_LF_LIB_consensus_vsearch	596	A	A	265	6	2.19%	2	2	93	93	0.015194184268635263	1	1	160	105	3	3	-C
F6_BC66_191109_LF_LIB_consensus_vsearch	597	C	C	262	2	0.75%	2	2	93	93	0.24952561669824413	1	1	158	104	1	1	T
F6_BC66_191109_LF_LIB_consensus_vsearch	598	C	C	264	5	1.82%	2	2	93	93	0.030669694912897477	1	1	159	105	3	2	T
F6_BC66_191109_LF_LIB_consensus_vsearch	599	A	A	271	1	0.37%	2	1	93	93	0.4999999999999138	1	1	161	110	1	0	+G
F6_BC66_191109_LF_LIB_consensus_vsearch	600	A	A	268	4	1.47%	2	2	93	93	0.061810030534865154	1	1	160	108	2	2	C
F6_BC66_191109_LF_LIB_consensus_vsearch	601	T	T	273	2	0.72%	2	2	93	93	0.2495446265938613	1	1	161	112	1	1	+G
F6_BC66_191109_LF_LIB_consensus_vsearch	602	A	R	265	9	3.26%	2	2	93	93	0.0018270442691405997	1	1	154	111	7	2	G
F6_BC66_191109_LF_LIB_consensus_vsearch	603	C	C	265	5	1.81%	2	2	93	93	0.030671842124359663	1	1	159	106	1	4	+G
F6_BC66_191109_LF_LIB_consensus_vsearch	604	G	G	268	3	1.09%	2	1	93	93	0.12430683918669663	1	1	158	110	3	0	A
F6_BC66_191109_LF_LIB_consensus_vsearch	605	G	G	272	2	0.72%	2	2	93	93	0.2495429616087481	1	1	160	112	1	1	T
F6_BC66_191109_LF_LIB_consensus_vsearch	606	T	T	257	4	1.45%	2	2	93	93	0.061780923746039114	1	1	156	101	2	2	+G
F6_BC66_191109_LF_LIB_consensus_vsearch	607	A	A	263	2	0.75%	2	1	93	93	0.24952741020799885	1	1	157	106	0	2	T
F6_BC66_191109_LF_LIB_consensus_vsearch	608	A	A	267	2	0.74%	2	1	93	93	0.24953445065180796	1	1	160	107	0	2	T
F6_BC66_191109_LF_LIB_consensus_vsearch	609	G	*/-C	256	7	2.55%	2	2	93	93	0.007502981837406636	1	1	148	108	3	4	-C
F6_BC66_191109_LF_LIB_consensus_vsearch	610	C	C	264	3	1.12%	2	2	93	93	0.1242964352720778	1	1	158	106	1	2	T
F6_BC66_191109_LF_LIB_consensus_vsearch	611	C	C	267	5	1.81%	2	2	93	93	0.030676089228361576	1	1	159	108	1	4	T
F6_BC66_191109_LF_LIB_consensus_vsearch	612	A	*/-G	222	39	14.29%	2	2	93	93	3.922265535011069E-13	1	1	146	76	8	31	-G
F6_BC66_191109_LF_LIB_consensus_vsearch	613	G	G	227	4	1.69%	2	1	93	93	0.061687437086248645	1	1	150	77	0	4	+T
F6_BC66_191109_LF_LIB_consensus_vsearch	614	G	G	266	5	1.81%	2	1	93	93	0.030673973504714284	1	1	158	108	5	0	-A
F6_BC66_191109_LF_LIB_consensus_vsearch	615	A	A	269	1	0.37%	2	1	93	93	0.4999999999999138	1	1	157	112	1	0	+G
F6_BC66_191109_LF_LIB_consensus_vsearch	616	A	A	269	3	1.09%	2	2	93	93	0.12430939226523824	1	1	158	111	2	1	-C
F6_BC66_191109_LF_LIB_consensus_vsearch	617	C	C	266	2	0.74%	2	1	93	93	0.24953271028049737	1	1	158	108	0	2	+TC
F6_BC66_191109_LF_LIB_consensus_vsearch	618	C	*/+T	252	12	4.36%	2	1	93	93	2.1485229997259312E-4	1	1	161	91	0	12	+T
F6_BC66_191109_LF_LIB_consensus_vsearch	619	T	T	264	1	0.38%	2	1	93	93	0.4999999999999138	1	1	162	102	0	1	C
F6_BC66_191109_LF_LIB_consensus_vsearch	620	T	T	273	0	0%	2	0	93	0	1.0	1	0	162	111	0	0	
F6_BC66_191109_LF_LIB_consensus_vsearch	621	T	T	271	1	0.36%	2	1	93	93	0.4999999999999138	1	1	161	110	0	1	+C
F6_BC66_191109_LF_LIB_consensus_vsearch	622	C	*/-TC	263	7	2.55%	2	1	93	93	0.007510945692957774	1	1	163	100	0	7	-TC
F6_BC66_191109_LF_LIB_consensus_vsearch	623	T	*/-C	244	7	2.65%	2	1	93	93	0.00748830460110489	1	1	144	100	7	0	-C
F6_BC66_191109_LF_LIB_consensus_vsearch	624	C	C	250	0	0%	2	0	93	0	1.0	1	0	149	101	0	0	
F6_BC66_191109_LF_LIB_consensus_vsearch	625	C	C	258	4	1.52%	2	1	93	93	0.061783670907884385	1	1	152	106	4	0	-A
F6_BC66_191109_LF_LIB_consensus_vsearch	626	A	A	252	6	2.26%	2	1	93	93	0.015172562563020547	1	1	144	108	6	0	-CA
F6_BC66_191109_LF_LIB_consensus_vsearch	627	C	C	265	2	0.75%	2	1	93	93	0.2495309568482648	1	1	153	112	2	0	-A
F6_BC66_191109_LF_LIB_consensus_vsearch	628	A	A	265	2	0.75%	2	1	93	93	0.2495309568482648	1	1	152	113	2	0	G
F6_BC66_191109_LF_LIB_consensus_vsearch	629	T	*/+C	263	10	3.64%	2	1	93	93	8.979886896061976E-4	1	1	150	113	10	0	+C
F6_BC66_191109_LF_LIB_consensus_vsearch	630	C	C	272	1	0.36%	2	1	93	93	0.5000000000003686	1	1	160	112	1	0	+AAC
F6_BC66_191109_LF_LIB_consensus_vsearch	631	A	A	271	3	1.09%	2	1	93	93	0.12431444241326345	1	1	158	113	3	0	G
F6_BC66_191109_LF_LIB_consensus_vsearch	632	G	G	268	4	1.45%	2	2	93	93	0.061810030534865154	1	1	157	111	2	2	-C
F6_BC66_191109_LF_LIB_consensus_vsearch	633	C	C	270	1	0.37%	2	1	93	93	0.4999999999999138	1	1	159	111	1	0	A
F6_BC66_191109_LF_LIB_consensus_vsearch	634	C	C	267	4	1.45%	2	1	93	93	0.061807482193030554	1	1	158	109	0	4	-T
F6_BC66_191109_LF_LIB_consensus_vsearch	635	T	T	268	0	0%	2	0	93	0	1.0	1	0	159	109	0	0	
F6_BC66_191109_LF_LIB_consensus_vsearch	636	T	*/-C	232	23	8.46%	2	2	93	93	7.093206266327472E-8	1	1	129	103	17	6	-C
F6_BC66_191109_LF_LIB_consensus_vsearch	637	C	C	241	1	0.41%	2	1	93	93	0.4999999999999138	1	1	136	105	1	0	+A
F6_BC66_191109_LF_LIB_consensus_vsearch	638	C	C	264	1	0.37%	2	1	93	93	0.4999999999999138	1	1	153	111	1	0	+TT
F6_BC66_191109_LF_LIB_consensus_vsearch	639	C	Y	256	11	4.01%	2	1	93	93	4.395812442207008E-4	1	1	158	98	0	11	T
F6_BC66_191109_LF_LIB_consensus_vsearch	640	G	G	265	3	1.11%	2	1	93	93	0.12429906542060956	1	1	156	109	3	0	A
F6_BC66_191109_LF_LIB_consensus_vsearch	641	G	G	265	4	1.45%	2	1	93	93	0.06180232861697055	1	1	161	104	0	4	+C
F6_BC66_191109_LF_LIB_consensus_vsearch	642	C	C	266	2	0.73%	2	2	93	93	0.24953271028049737	1	1	160	106	1	1	-T
F6_BC66_191109_LF_LIB_consensus_vsearch	643	T	*/-C	258	8	2.94%	2	2	93	93	0.003703179949352368	1	1	156	102	2	6	-C
F6_BC66_191109_LF_LIB_consensus_vsearch	644	C	C	256	5	1.88%	2	1	93	93	0.03065192548788321	1	1	152	104	5	0	-G
F6_BC66_191109_LF_LIB_consensus_vsearch	645	G	G	258	4	1.49%	2	1	93	93	0.061783670907884385	1	1	147	111	4	0	A
F6_BC66_191109_LF_LIB_consensus_vsearch	646	C	*/+TT	255	7	2.55%	2	1	93	93	0.007501809679633719	1	1	149	106	7	0	+TT
F6_BC66_191109_LF_LIB_consensus_vsearch	647	A	W	265	10	3.62%	2	1	93	93	8.985463618717617E-4	1	1	152	113	10	0	T
F6_BC66_191109_LF_LIB_consensus_vsearch	648	C	Y	254	15	5.43%	2	2	93	93	2.4970730105602945E-5	1	1	148	106	10	5	T
F6_BC66_191109_LF_LIB_consensus_vsearch	649	G	G	273	1	0.36%	2	1	93	93	0.4999999999999138	1	1	161	112	1	0	+AA
F6_BC66_191109_LF_LIB_consensus_vsearch	650	A	*/-GA	257	8	2.9%	2	2	93	93	0.0037024232386659835	1	1	149	108	6	2	-GA
F6_BC66_191109_LF_LIB_consensus_vsearch	651	G	G	261	2	0.75%	2	1	93	93	0.24952380952412506	1	1	152	109	2	0	-A
F6_BC66_191109_LF_LIB_consensus_vsearch	652	A	A	260	2	0.75%	2	1	93	93	0.2495219885277623	1	1	151	109	2	0	+G
F6_BC66_191109_LF_LIB_consensus_vsearch	653	A	A	271	2	0.73%	2	1	93	93	0.24954128440383208	1	1	160	111	2	0	G
F6_BC66_191109_LF_LIB_consensus_vsearch	654	T	T	267	2	0.73%	2	1	93	93	0.24953445065180796	1	1	160	107	2	0	+G
F6_BC66_191109_LF_LIB_consensus_vsearch	655	A	*/-T	256	9	3.28%	2	2	93	93	0.0018228405600327687	1	1	152	104	6	3	-T
F6_BC66_191109_LF_LIB_consensus_vsearch	656	T	T	259	1	0.38%	2	1	93	93	0.4999999999999138	1	1	153	106	0	1	+AT
F6_BC66_191109_LF_LIB_consensus_vsearch	657	T	T	265	5	1.85%	2	2	93	93	0.030671842124359663	1	1	158	107	1	4	C
F6_BC66_191109_LF_LIB_consensus_vsearch	658	T	T	254	6	2.2%	2	1	93	93	0.015176029151052142	1	1	153	101	6	0	C
F6_BC66_191109_LF_LIB_consensus_vsearch	659	G	G	265	4	1.47%	2	2	93	93	0.06180232861697055	1	1	157	108	2	2	A
F6_BC66_191109_LF_LIB_consensus_vsearch	660	C	Y	255	10	3.69%	2	2	93	93	8.956759757555054E-4	1	1	155	100	1	9	T
F6_BC66_191109_LF_LIB_consensus_vsearch	661	T	T	260	3	1.12%	2	2	93	93	0.12428571428582305	1	1	153	107	2	1	-A
F6_BC66_191109_LF_LIB_consensus_vsearch	662	A	A	257	4	1.5%	2	2	93	93	0.061780923746039114	1	1	149	108	3	1	G
F6_BC66_191109_LF_LIB_consensus_vsearch	663	C	C	262	3	1.11%	2	2	93	93	0.12429111531193521	1	1	153	109	1	2	-T
F6_BC66_191109_LF_LIB_consensus_vsearch	664	T	Y	238	24	9.06%	2	1	93	93	3.433216937353479E-8	1	1	153	85	0	24	C
F6_BC66_191109_LF_LIB_consensus_vsearch	665	G	G	262	3	1.1%	2	2	93	93	0.12429111531193521	1	1	152	110	2	1	-C
F6_BC66_191109_LF_LIB_consensus_vsearch	666	C	C	263	1	0.38%	2	1	93	93	0.4999999999999138	1	1	152	111	1	0	+A
F6_BC66_191109_LF_LIB_consensus_vsearch	667	C	*/-A	258	9	3.31%	2	1	93	93	0.001823798755543091	1	1	149	109	9	0	-A
F6_BC66_191109_LF_LIB_consensus_vsearch	668	A	A	251	6	2.27%	2	2	93	93	0.015170809117680038	1	1	143	108	3	3	-C
F6_BC66_191109_LF_LIB_consensus_vsearch	669	C	S	252	9	3.4%	2	1	93	93	0.0018208809482378404	1	1	146	106	9	0	G
F6_BC66_191109_LF_LIB_consensus_vsearch	670	C	*/-A	257	14	5.11%	2	2	93	93	5.137984883933094E-5	1	1	149	108	12	2	-A
F6_BC66_191109_LF_LIB_consensus_vsearch	671	A	A	257	1	0.38%	2	1	93	93	0.4999999999999138	1	1	147	110	1	0	+G
F6_BC66_191109_LF_LIB_consensus_vsearch	672	A	A	272	2	0.72%	2	2	93	93	0.2495429616087481	1	1	162	110	1	1	G
F6_BC66_191109_LF_LIB_consensus_vsearch	673	G	G	273	2	0.72%	2	1	93	93	0.2495446265938613	1	1	163	110	0	2	-A
F6_BC66_191109_LF_LIB_consensus_vsearch	674	A	A	264	5	1.82%	2	1	93	93	0.030669694912897477	1	1	161	103	0	5	-T
F6_BC66_191109_LF_LIB_consensus_vsearch	675	T	T	266	2	0.74%	2	1	93	93	0.24953271028049737	1	1	160	106	2	0	+C
F6_BC66_191109_LF_LIB_consensus_vsearch	676	C	*/-G	260	7	2.54%	2	2	93	93	0.0075075833477063125	1	1	159	101	3	4	-G
F6_BC66_191109_LF_LIB_consensus_vsearch	677	G	G	259	2	0.74%	2	1	93	93	0.24952015355082954	1	1	156	103	0	2	+T
F6_BC66_191109_LF_LIB_consensus_vsearch	678	G	G	265	5	1.81%	2	2	93	93	0.030671842124359663	1	1	158	107	2	3	A
F6_BC66_191109_LF_LIB_consensus_vsearch	679	C	Y	255	11	4.03%	2	2	93	93	4.3940412746515644E-4	1	1	159	96	1	10	T
F6_BC66_191109_LF_LIB_consensus_vsearch	680	A	A	261	5	1.83%	2	1	93	93	0.03066315650820783	1	1	159	102	0	5	+C
F6_BC66_191109_LF_LIB_consensus_vsearch	681	C	C	267	5	1.81%	2	2	93	93	0.030676089228361576	1	1	158	109	3	2	T
F6_BC66_191109_LF_LIB_consensus_vsearch	682	T	Y	218	25	9.09%	2	2	93	93	1.555259269622697E-8	1	1	138	80	3	22	C
F6_BC66_191109_LF_LIB_consensus_vsearch	683	A	A	249	2	0.78%	2	1	93	93	0.24950099800389156	1	1	142	107	0	2	+G
F6_BC66_191109_LF_LIB_consensus_vsearch	684	G	*/-A	260	8	2.94%	2	1	93	93	0.0037046766426069204	1	1	148	112	8	0	-A
F6_BC66_191109_LF_LIB_consensus_vsearch	685	A	*/-G	247	10	3.82%	2	2	93	93	8.932230783903669E-4	1	1	137	110	9	1	-G
F6_BC66_191109_LF_LIB_consensus_vsearch	686	G	G	253	6	2.29%	2	2	93	93	0.01517430252249324	1	1	144	109	5	1	+AG
F6_BC66_191109_LF_LIB_consensus_vsearch	687	G	G	268	4	1.46%	2	1	93	93	0.061810030534865154	1	1	158	110	4	0	A
F6_BC66_191109_LF_LIB_consensus_vsearch	688	C	Y	253	15	5.47%	2	1	93	93	2.4951522273802892E-5	1	1	159	94	0	15	T
F6_BC66_191109_LF_LIB_consensus_vsearch	689	T	T	265	5	1.84%	2	1	93	93	0.030671842124359663	1	1	160	105	0	5	C
F6_BC66_191109_LF_LIB_consensus_vsearch	690	G	G	269	3	1.09%	2	2	93	93	0.12430939226523824	1	1	158	111	2	1	A
F6_BC66_191109_LF_LIB_consensus_vsearch	691	C	C	259	6	2.17%	2	2	93	93	0.015184467591539906	1	1	158	101	1	5	-T
F6_BC66_191109_LF_LIB_consensus_vsearch	692	T	*/-C	244	17	6.34%	2	1	93	93	5.829437124312315E-6	1	1	141	103	17	0	-C
F6_BC66_191109_LF_LIB_consensus_vsearch	693	C	C	256	0	0%	2	0	93	0	1.0	1	0	143	113	0	0	
F6_BC66_191109_LF_LIB_consensus_vsearch	694	C	C	271	1	0.36%	2	1	93	93	0.4999999999999138	1	1	159	112	1	0	+G
F6_BC66_191109_LF_LIB_consensus_vsearch	695	A	A	266	4	1.46%	2	1	93	93	0.06180491495741971	1	1	154	112	4	0	G
F6_BC66_191109_LF_LIB_consensus_vsearch	696	G	G	267	6	2.18%	2	1	93	93	0.015197328608558202	1	1	155	112	6	0	-C
F6_BC66_191109_LF_LIB_consensus_vsearch	697	C	C	264	2	0.74%	2	1	93	93	0.24952919020719036	1	1	155	109	0	2	+T
F6_BC66_191109_LF_LIB_consensus_vsearch	698	C	C	268	4	1.45%	2	1	93	93	0.061810030534865154	1	1	157	111	4	0	-AC
F6_BC66_191109_LF_LIB_consensus_vsearch	699	A	A	268	2	0.74%	2	1	93	93	0.24953617810762627	1	1	155	113	2	0	G
F6_BC66_191109_LF_LIB_consensus_vsearch	700	C	C	266	1	0.37%	2	1	93	93	0.4999999999999138	1	1	156	110	1	0	+A
F6_BC66_191109_LF_LIB_consensus_vsearch	701	G	G	270	3	1.09%	2	1	93	93	0.12431192660547026	1	1	160	110	3	0	A
F6_BC66_191109_LF_LIB_consensus_vsearch	702	C	C	266	5	1.83%	2	1	93	93	0.030673973504714284	1	1	156	110	5	0	+GC
F6_BC66_191109_LF_LIB_consensus_vsearch	703	T	T	265	3	1.1%	2	2	93	93	0.12429906542060956	1	1	155	110	1	2	C
F6_BC66_191109_LF_LIB_consensus_vsearch	704	C	C	271	2	0.73%	2	1	93	93	0.24954128440383208	1	1	158	113	2	0	-AC
F6_BC66_191109_LF_LIB_consensus_vsearch	705	A	A	265	4	1.47%	2	1	93	93	0.06180232861697055	1	1	152	113	4	0	G
F6_BC66_191109_LF_LIB_consensus_vsearch	706	C	C	269	2	0.73%	2	1	93	93	0.24953789279111838	1	1	158	111	2	0	T
F6_BC66_191109_LF_LIB_consensus_vsearch	707	G	*/-CG	264	9	3.26%	2	2	93	93	0.001826590629994852	1	1	159	105	2	7	-CG
F6_BC66_191109_LF_LIB_consensus_vsearch	708	C	C	266	0	0%	2	0	93	0	1.0	1	0	160	106	0	0	
F6_BC66_191109_LF_LIB_consensus_vsearch	709	G	G	260	3	1.12%	2	1	93	93	0.12428571428582305	1	1	156	104	3	0	A
F6_BC66_191109_LF_LIB_consensus_vsearch	710	T	T	269	3	1.09%	2	1	93	93	0.12430939226523824	1	1	158	111	3	0	+C
F6_BC66_191109_LF_LIB_consensus_vsearch	711	C	C	260	5	1.82%	2	1	93	93	0.030660944175210838	1	1	155	105	0	5	-A
F6_BC66_191109_LF_LIB_consensus_vsearch	712	A	A	265	2	0.75%	2	1	93	93	0.2495309568482648	1	1	161	104	2	0	+GA
F6_BC66_191109_LF_LIB_consensus_vsearch	713	A	A	267	2	0.73%	2	2	93	93	0.24953445065180796	1	1	160	107	1	1	-G
F6_BC66_191109_LF_LIB_consensus_vsearch	714	G	R	251	11	4.03%	2	1	93	93	4.386825993841257E-4	1	1	145	106	11	0	A
F6_BC66_191109_LF_LIB_consensus_vsearch	715	C	C	265	2	0.75%	2	1	93	93	0.2495309568482648	1	1	156	109	2	0	+G
F6_BC66_191109_LF_LIB_consensus_vsearch	716	C	*/-T	260	7	2.55%	2	1	93	93	0.0075075833477063125	1	1	163	97	0	7	-T
F6_BC66_191109_LF_LIB_consensus_vsearch	717	T	T	265	1	0.37%	2	1	93	93	0.4999999999999138	1	1	163	102	0	1	+C
F6_BC66_191109_LF_LIB_consensus_vsearch	718	T	T	266	4	1.46%	2	1	93	93	0.06180491495741971	1	1	162	104	0	4	-C
F6_BC66_191109_LF_LIB_consensus_vsearch	719	C	*/-TC	246	25	9.23%	2	1	93	93	1.668750206804489E-8	1	1	163	83	0	25	-TC
F6_BC66_191109_LF_LIB_consensus_vsearch	720	T	*/+C	228	21	8.37%	2	1	93	93	3.071234650985349E-7	1	1	141	87	21	0	+C
F6_BC66_191109_LF_LIB_consensus_vsearch	721	C	C	239	4	1.59%	2	2	93	93	0.06172760453354286	1	1	155	84	3	1	+A
F6_BC66_191109_LF_LIB_consensus_vsearch	722	A	R	261	12	4.38%	2	2	93	93	2.1577907883231425E-4	1	1	151	110	11	1	G
F6_BC66_191109_LF_LIB_consensus_vsearch	723	G	R	255	17	6.16%	2	2	93	93	5.895249132972015E-6	1	1	144	111	16	1	A
F6_BC66_191109_LF_LIB_consensus_vsearch	724	C	*/-A	258	9	3.27%	2	2	93	93	0.001823798755543091	1	1	153	105	4	5	-A
F6_BC66_191109_LF_LIB_consensus_vsearch	725	A	A	261	2	0.75%	2	1	93	93	0.24952380952412506	1	1	157	104	2	0	+G
F6_BC66_191109_LF_LIB_consensus_vsearch	726	A	A	273	1	0.36%	2	1	93	93	0.4999999999999138	1	1	162	111	1	0	+GA
F6_BC66_191109_LF_LIB_consensus_vsearch	727	A	A	271	2	0.72%	2	1	93	93	0.24954128440383208	1	1	161	110	0	2	-T
F6_BC66_191109_LF_LIB_consensus_vsearch	728	T	T	268	3	1.1%	2	1	93	93	0.12430683918669663	1	1	160	108	0	3	C
F6_BC66_191109_LF_LIB_consensus_vsearch	729	T	T	267	2	0.73%	2	1	93	93	0.24953445065180796	1	1	157	110	0	2	C
F6_BC66_191109_LF_LIB_consensus_vsearch	730	A	A	269	2	0.74%	2	1	93	93	0.24953789279111838	1	1	156	113	2	0	G
F6_BC66_191109_LF_LIB_consensus_vsearch	731	A	*/-C	253	11	4.03%	2	1	93	93	4.390460042919817E-4	1	1	154	99	0	11	-C
F6_BC66_191109_LF_LIB_consensus_vsearch	732	C	C	257	1	0.38%	2	1	93	93	0.4999999999999138	1	1	158	99	1	0	+A
F6_BC66_191109_LF_LIB_consensus_vsearch	733	C	C	265	4	1.46%	2	2	93	93	0.06180232861697055	1	1	157	108	2	2	-T
F6_BC66_191109_LF_LIB_consensus_vsearch	734	T	T	263	4	1.49%	2	2	93	93	0.06179709776251344	1	1	155	108	3	1	-C
F6_BC66_191109_LF_LIB_consensus_vsearch	735	C	C	267	1	0.37%	2	1	93	93	0.5000000000003686	1	1	158	109	1	0	+TC
F6_BC66_191109_LF_LIB_consensus_vsearch	736	C	*/-AC	248	22	8%	2	1	93	93	1.5268617619661276E-7	1	1	136	112	22	0	-AC
F6_BC66_191109_LF_LIB_consensus_vsearch	737	A	R	242	7	2.78%	2	2	93	93	0.007485722003053852	1	1	131	111	6	1	G
F6_BC66_191109_LF_LIB_consensus_vsearch	738	C	C	249	2	0.79%	2	2	93	93	0.24950099800389156	1	1	138	111	1	1	-G
F6_BC66_191109_LF_LIB_consensus_vsearch	739	G	*/-C	235	17	6.25%	2	2	93	93	5.771783803360286E-6	1	1	147	88	8	9	-C
F6_BC66_191109_LF_LIB_consensus_vsearch	740	C	*/+T	224	13	5.2%	2	2	93	93	1.0308590668956199E-4	1	1	153	71	1	12	+T
F6_BC66_191109_LF_LIB_consensus_vsearch	741	C	Y	254	9	3.37%	2	1	93	93	0.0018218680650561358	1	1	161	93	0	9	T
F6_BC66_191109_LF_LIB_consensus_vsearch	742	C	C	267	2	0.73%	2	1	93	93	0.24953445065180796	1	1	163	104	0	2	-T
F6_BC66_191109_LF_LIB_consensus_vsearch	743	T	*/-C	242	16	5.88%	2	2	93	93	1.2005409850526221E-5	1	1	142	100	12	4	-C
F6_BC66_191109_LF_LIB_consensus_vsearch	744	C	C	253	2	0.78%	2	1	93	93	0.24950884086425928	1	1	151	102	0	2	+T
F6_BC66_191109_LF_LIB_consensus_vsearch	745	C	C	262	4	1.46%	2	1	93	93	0.06179445281046573	1	1	160	102	0	4	+T
F6_BC66_191109_LF_LIB_consensus_vsearch	746	T	Y	249	11	4.07%	2	2	93	93	4.383137951476102E-4	1	1	157	92	2	9	C
F6_BC66_191109_LF_LIB_consensus_vsearch	747	A	R	250	11	4.06%	2	2	93	93	4.3849887966753017E-4	1	1	149	101	9	2	G
F6_BC66_191109_LF_LIB_consensus_vsearch	748	C	*/-T	238	24	8.96%	2	2	93	93	3.433216937353479E-8	1	1	157	81	1	23	-T
F6_BC66_191109_LF_LIB_consensus_vsearch	749	T	*/+C	228	10	4.02%	2	2	93	93	8.867554066061573E-4	1	1	143	85	8	2	+C
F6_BC66_191109_LF_LIB_consensus_vsearch	750	C	C	263	2	0.75%	2	1	93	93	0.24952741020799885	1	1	152	111	2	0	+TC
F6_BC66_191109_LF_LIB_consensus_vsearch	751	C	C	271	3	1.09%	2	1	93	93	0.12431444241326345	1	1	162	109	0	3	T
F6_BC66_191109_LF_LIB_consensus_vsearch	752	A	A	269	2	0.73%	2	1	93	93	0.24953789279111838	1	1	158	111	2	0	-T
F6_BC66_191109_LF_LIB_consensus_vsearch	753	T	T	268	3	1.1%	2	2	93	93	0.12430683918669663	1	1	158	110	2	1	C
F6_BC66_191109_LF_LIB_consensus_vsearch	754	G	*/+C	260	8	2.91%	2	1	93	93	0.0037046766426069204	1	1	150	110	8	0	+C
F6_BC66_191109_LF_LIB_consensus_vsearch	755	C	C	267	1	0.37%	2	1	93	93	0.5000000000003686	1	1	158	109	1	0	+G
F6_BC66_191109_LF_LIB_consensus_vsearch	756	C	C	261	3	1.09%	2	2	93	93	0.12428842504744599	1	1	153	108	1	2	T
F6_BC66_191109_LF_LIB_consensus_vsearch	757	G	R	259	9	3.32%	2	1	93	93	0.0018242725891630934	1	1	149	110	9	0	A
F6_BC66_191109_LF_LIB_consensus_vsearch	758	G	G	269	2	0.73%	2	2	93	93	0.24953789279111838	1	1	159	110	1	1	-C
F6_BC66_191109_LF_LIB_consensus_vsearch	759	C	C	259	6	2.21%	2	2	93	93	0.015184467591539906	1	1	151	108	5	1	+A
F6_BC66_191109_LF_LIB_consensus_vsearch	760	A	A	267	2	0.74%	2	1	93	93	0.24953445065180796	1	1	157	110	2	0	+GA
F6_BC66_191109_LF_LIB_consensus_vsearch	761	A	A	269	2	0.73%	2	1	93	93	0.24953789279111838	1	1	160	109	2	0	G
F6_BC66_191109_LF_LIB_consensus_vsearch	762	G	R	249	14	5.09%	2	1	93	93	5.110430355772131E-5	1	1	139	110	14	0	A
F6_BC66_191109_LF_LIB_consensus_vsearch	763	C	C	265	1	0.37%	2	1	93	93	0.4999999999999138	1	1	155	110	1	0	+G
F6_BC66_191109_LF_LIB_consensus_vsearch	764	C	*/-G	242	24	8.76%	2	1	93	93	3.46316458685608E-8	1	1	158	84	0	24	-G
F6_BC66_191109_LF_LIB_consensus_vsearch	765	G	G	249	2	0.8%	2	1	93	93	0.24950099800389156	1	1	163	86	0	2	T
F6_BC66_191109_LF_LIB_consensus_vsearch	766	G	G	275	1	0.36%	2	1	93	93	0.5000000000003686	1	1	162	113	1	0	+T
F6_BC66_191109_LF_LIB_consensus_vsearch	767	A	A	269	3	1.09%	2	1	93	93	0.12430939226523824	1	1	158	111	3	0	G
F6_BC66_191109_LF_LIB_consensus_vsearch	768	C	C	266	3	1.09%	2	2	93	93	0.1243016759777629	1	1	156	110	1	2	T
F6_BC66_191109_LF_LIB_consensus_vsearch	769	A	A	265	4	1.46%	2	2	93	93	0.06180232861697055	1	1	157	108	1	3	-T
F6_BC66_191109_LF_LIB_consensus_vsearch	770	T	T	260	5	1.85%	2	2	93	93	0.030660944175210838	1	1	158	102	1	4	-G
F6_BC66_191109_LF_LIB_consensus_vsearch	771	G	R	258	7	2.6%	2	2	93	93	0.007505299821009934	1	1	156	102	5	2	A
F6_BC66_191109_LF_LIB_consensus_vsearch	772	G	*/+A	260	7	2.54%	2	1	93	93	0.0075075833477063125	1	1	153	107	7	0	+A
F6_BC66_191109_LF_LIB_consensus_vsearch	773	G	G	267	3	1.09%	2	2	93	93	0.12430426716151294	1	1	155	112	2	1	-C
F6_BC66_191109_LF_LIB_consensus_vsearch	774	C	C	271	1	0.37%	2	1	93	93	0.4999999999999138	1	1	159	112	1	0	+TTA
F6_BC66_191109_LF_LIB_consensus_vsearch	775	C	C	271	2	0.72%	2	1	93	93	0.24954128440383208	1	1	159	112	2	0	+A
F6_BC66_191109_LF_LIB_consensus_vsearch	776	A	A	266	3	1.09%	2	1	93	93	0.1243016759777629	1	1	156	110	3	0	-T
F6_BC66_191109_LF_LIB_consensus_vsearch	777	T	T	263	2	0.74%	2	1	93	93	0.24952741020799885	1	1	154	109	2	0	-G
F6_BC66_191109_LF_LIB_consensus_vsearch	778	G	G	260	4	1.49%	2	1	93	93	0.06178910273789233	1	1	149	111	4	0	A
F6_BC66_191109_LF_LIB_consensus_vsearch	779	C	C	263	5	1.84%	2	1	93	93	0.030667531693296068	1	1	160	103	0	5	T
F6_BC66_191109_LF_LIB_consensus_vsearch	780	A	A	264	6	2.18%	2	1	93	93	0.015192594697130085	1	1	159	105	0	6	-T
F6_BC66_191109_LF_LIB_consensus_vsearch	781	T	T	263	2	0.74%	2	1	93	93	0.24952741020799885	1	1	158	105	0	2	-C
F6_BC66_191109_LF_LIB_consensus_vsearch	782	C	C	262	4	1.46%	2	2	93	93	0.06179445281046573	1	1	158	104	1	3	-G
F6_BC66_191109_LF_LIB_consensus_vsearch	783	G	R	257	7	2.6%	2	2	93	93	0.007504145184876668	1	1	152	105	6	1	A
F6_BC66_191109_LF_LIB_consensus_vsearch	784	G	G	267	3	1.1%	2	1	93	93	0.12430426716151294	1	1	157	110	3	0	T
F6_BC66_191109_LF_LIB_consensus_vsearch	785	T	T	261	6	2.2%	2	2	93	93	0.015187754818318031	1	1	154	107	4	2	C
F6_BC66_191109_LF_LIB_consensus_vsearch	786	G	G	266	4	1.46%	2	2	93	93	0.06180491495741971	1	1	155	111	3	1	-C
F6_BC66_191109_LF_LIB_consensus_vsearch	787	C	C	261	3	1.11%	2	1	93	93	0.12428842504744599	1	1	152	109	3	0	+T
F6_BC66_191109_LF_LIB_consensus_vsearch	788	T	Y	238	14	5.17%	2	2	93	93	5.0698780178159105E-5	1	1	138	100	5	9	C
F6_BC66_191109_LF_LIB_consensus_vsearch	789	A	*/-G	234	13	4.91%	2	2	93	93	1.0381240209820479E-4	1	1	134	100	5	8	-G
F6_BC66_191109_LF_LIB_consensus_vsearch	790	G	G	254	5	1.93%	2	1	93	93	0.030647311787538743	1	1	151	103	5	0	A
F6_BC66_191109_LF_LIB_consensus_vsearch	791	G	G	268	3	1.09%	2	1	93	93	0.12430683918669663	1	1	156	112	3	0	A
F6_BC66_191109_LF_LIB_consensus_vsearch	792	C	*/-T	251	7	2.56%	2	2	93	93	0.007497030913500092	1	1	146	105	4	3	-T
F6_BC66_191109_LF_LIB_consensus_vsearch	793	T	T	251	4	1.55%	2	1	93	93	0.06176398786346276	1	1	141	110	4	0	A
F6_BC66_191109_LF_LIB_consensus_vsearch	794	T	*/-A	236	15	5.66%	2	2	93	93	2.4603451297384386E-5	1	1	131	105	13	2	-A
F6_BC66_191109_LF_LIB_consensus_vsearch	795	A	A	242	5	1.99%	2	1	93	93	0.030618062239993613	1	1	140	102	0	5	G
F6_BC66_191109_LF_LIB_consensus_vsearch	796	A	A	260	5	1.84%	2	1	93	93	0.030660944175210838	1	1	159	101	0	5	-G
F6_BC66_191109_LF_LIB_consensus_vsearch	797	G	G	265	3	1.11%	2	1	93	93	0.12429906542060956	1	1	161	104	0	3	+C
F6_BC66_191109_LF_LIB_consensus_vsearch	798	C	C	268	4	1.45%	2	2	93	93	0.061810030534865154	1	1	159	109	1	3	T
F6_BC66_191109_LF_LIB_consensus_vsearch	799	G	G	270	1	0.36%	2	1	93	93	0.4999999999999138	1	1	159	111	0	1	-C
F6_BC66_191109_LF_LIB_consensus_vsearch	800	C	C	270	1	0.37%	2	1	93	93	0.4999999999999138	1	1	159	111	1	0	+T
F6_BC66_191109_LF_LIB_consensus_vsearch	801	C	Y	266	7	2.55%	2	1	93	93	0.0075142347009056415	1	1	161	105	0	7	T
F6_BC66_191109_LF_LIB_consensus_vsearch	802	A	A	264	4	1.45%	2	1	93	93	0.06179972295775155	1	1	157	107	4	0	+CCA
F6_BC66_191109_LF_LIB_consensus_vsearch	803	T	T	265	6	2.2%	2	2	93	93	0.015194184268635263	1	1	155	110	5	1	-C
F6_BC66_191109_LF_LIB_consensus_vsearch	804	C	C	266	1	0.37%	2	1	93	93	0.4999999999999138	1	1	156	110	0	1	+T
F6_BC66_191109_LF_LIB_consensus_vsearch	805	C	C	271	2	0.72%	2	1	93	93	0.24954128440383208	1	1	162	109	0	2	T
F6_BC66_191109_LF_LIB_consensus_vsearch	806	A	*/-T	230	20	7.27%	2	2	93	93	6.42131221843996E-7	1	1	130	100	15	5	-T
F6_BC66_191109_LF_LIB_consensus_vsearch	807	T	T	250	1	0.4%	2	1	93	93	0.4999999999999138	1	1	146	104	1	0	A
F6_BC66_191109_LF_LIB_consensus_vsearch	808	T	T	269	3	1.1%	2	2	93	93	0.12430939226523824	1	1	161	108	1	2	C
F6_BC66_191109_LF_LIB_consensus_vsearch	809	T	T	268	4	1.45%	2	2	93	93	0.061810030534865154	1	1	159	109	3	1	C
F6_BC66_191109_LF_LIB_consensus_vsearch	810	T	T	259	5	1.81%	2	1	93	93	0.030658715098946722	1	1	149	110	5	0	+C
F6_BC66_191109_LF_LIB_consensus_vsearch	811	C	C	263	3	1.11%	2	2	93	93	0.12429378531094196	1	1	155	108	1	2	+G
F6_BC66_191109_LF_LIB_consensus_vsearch	812	A	*/-G	228	22	8.06%	2	2	93	93	1.4709921474682063E-7	1	1	144	84	1	21	-G
F6_BC66_191109_LF_LIB_consensus_vsearch	813	G	G	248	1	0.4%	2	1	93	93	0.4999999999999138	1	1	160	88	1	0	+A
F6_BC66_191109_LF_LIB_consensus_vsearch	814	G	G	271	3	1.09%	2	1	93	93	0.12431444241326345	1	1	160	111	3	0	+A
F6_BC66_191109_LF_LIB_consensus_vsearch	815	G	G	270	2	0.73%	2	1	93	93	0.2495395948434138	1	1	158	112	2	0	-C
F6_BC66_191109_LF_LIB_consensus_vsearch	816	C	C	272	1	0.37%	2	1	93	93	0.5000000000003686	1	1	161	111	0	1	T
F6_BC66_191109_LF_LIB_consensus_vsearch	817	C	C	263	6	2.17%	2	1	93	93	0.015190993352737225	1	1	156	107	0	6	T
F6_BC66_191109_LF_LIB_consensus_vsearch	818	G	*/-A	264	7	2.55%	2	1	93	93	0.007512050058182546	1	1	152	112	7	0	-A
F6_BC66_191109_LF_LIB_consensus_vsearch	819	A	A	266	2	0.74%	2	1	93	93	0.24953271028049737	1	1	153	113	2	0	-G
F6_BC66_191109_LF_LIB_consensus_vsearch	820	G	G	264	3	1.09%	2	2	93	93	0.1242964352720778	1	1	155	109	2	1	A
F6_BC66_191109_LF_LIB_consensus_vsearch	821	C	C	263	5	1.83%	2	2	93	93	0.030667531693296068	1	1	159	104	1	4	T
F6_BC66_191109_LF_LIB_consensus_vsearch	822	G	G	273	1	0.36%	2	1	93	93	0.4999999999999138	1	1	161	112	1	0	T
F6_BC66_191109_LF_LIB_consensus_vsearch	823	A	A	266	6	2.18%	2	2	93	93	0.015195762196627145	1	1	160	106	1	5	-T
F6_BC66_191109_LF_LIB_consensus_vsearch	824	T	T	263	5	1.85%	2	1	93	93	0.030667531693296068	1	1	161	102	0	5	+C
F6_BC66_191109_LF_LIB_consensus_vsearch	825	T	*/-C	262	7	2.54%	2	2	93	93	0.007509833180020558	1	1	156	106	1	6	-C
F6_BC66_191109_LF_LIB_consensus_vsearch	826	C	C	261	5	1.86%	2	2	93	93	0.03066315650820783	1	1	161	100	1	4	-G
F6_BC66_191109_LF_LIB_consensus_vsearch	827	G	G	262	6	2.22%	2	2	93	93	0.015189380104217696	1	1	155	107	5	1	A
F6_BC66_191109_LF_LIB_consensus_vsearch	828	G	G	271	1	0.36%	2	1	93	93	0.4999999999999138	1	1	160	111	1	0	+T
F6_BC66_191109_LF_LIB_consensus_vsearch	829	C	C	262	4	1.46%	2	1	93	93	0.06179445281046573	1	1	154	108	4	0	+G
F6_BC66_191109_LF_LIB_consensus_vsearch	830	A	R	242	21	7.75%	2	1	93	93	3.1470362011721145E-7	1	1	137	105	21	0	G
F6_BC66_191109_LF_LIB_consensus_vsearch	831	G	G	265	1	0.37%	2	1	93	93	0.4999999999999138	1	1	158	107	1	0	+A
F6_BC66_191109_LF_LIB_consensus_vsearch	832	G	G	272	1	0.36%	2	1	93	93	0.5000000000003686	1	1	160	112	1	0	+C
F6_BC66_191109_LF_LIB_consensus_vsearch	833	T	*/-AA	219	29	10.55%	2	1	93	93	7.811491633301136E-10	1	1	138	81	0	29	-AA
F6_BC66_191109_LF_LIB_consensus_vsearch	834	A	A	220	5	2.21%	2	2	93	93	0.03055634444922604	1	1	140	80	2	3	G
F6_BC66_191109_LF_LIB_consensus_vsearch	835	A	R	225	10	4.07%	2	1	93	93	8.856413612935507E-4	1	1	147	78	10	0	G
F6_BC66_191109_LF_LIB_consensus_vsearch	836	G	G	261	5	1.85%	2	2	93	93	0.03066315650820783	1	1	153	108	4	1	+T
F6_BC66_191109_LF_LIB_consensus_vsearch	837	T	T	270	2	0.73%	2	2	93	93	0.2495395948434138	1	1	161	109	1	1	C
F6_BC66_191109_LF_LIB_consensus_vsearch	838	T	*/-G	258	11	3.99%	2	2	93	93	4.3993165790743476E-4	1	1	151	107	8	3	-G
F6_BC66_191109_LF_LIB_consensus_vsearch	839	G	G	250	6	2.27%	2	2	93	93	0.015169042029074849	1	1	145	105	3	3	A
F6_BC66_191109_LF_LIB_consensus_vsearch	840	T	W	254	14	5.09%	2	2	93	93	5.1278325302827684E-5	1	1	147	107	11	3	A
F6_BC66_191109_LF_LIB_consensus_vsearch	841	T	Y	256	13	4.73%	2	2	93	93	1.0523051243934297E-4	1	1	151	105	9	4	C
F6_BC66_191109_LF_LIB_consensus_vsearch	842	A	A	271	2	0.72%	2	1	93	93	0.24954128440383208	1	1	161	110	2	0	G
F6_BC66_191109_LF_LIB_consensus_vsearch	843	C	C	268	3	1.09%	2	2	93	93	0.12430683918669663	1	1	158	110	2	1	+GC
F6_BC66_191109_LF_LIB_consensus_vsearch	844	A	A	271	1	0.37%	2	1	93	93	0.4999999999999138	1	1	160	111	0	1	+CCA
F6_BC66_191109_LF_LIB_consensus_vsearch	845	C	*/+AC	74	153	56.04%	2	2	93	93	2.4759597183843345E-64	1	1	61	13	87	66	+AC
F6_BC66_191109_LF_LIB_consensus_vsearch	846	T	Y	249	15	5.6%	2	2	93	93	2.487334698777583E-5	1	1	160	89	1	14	C
F6_BC66_191109_LF_LIB_consensus_vsearch	847	T	*/-C	240	15	5.43%	2	1	93	93	2.468919460222434E-5	1	1	158	82	0	15	-C
F6_BC66_191109_LF_LIB_consensus_vsearch	848	C	C	250	6	2.32%	2	2	93	93	0.015169042029074849	1	1	160	90	2	4	-T
F6_BC66_191109_LF_LIB_consensus_vsearch	849	T	T	261	4	1.49%	2	2	93	93	0.06179178787806501	1	1	157	104	2	2	C
F6_BC66_191109_LF_LIB_consensus_vsearch	850	T	T	263	4	1.46%	2	1	93	93	0.06179709776251344	1	1	155	108	4	0	-AGC
F6_BC66_191109_LF_LIB_consensus_vsearch	851	A	R	261	8	2.95%	2	1	93	93	0.003705416747963619	1	1	150	111	8	0	G
F6_BC66_191109_LF_LIB_consensus_vsearch	852	G	G	269	1	0.37%	2	1	93	93	0.4999999999999138	1	1	158	111	0	1	-CGG
F6_BC66_191109_LF_LIB_consensus_vsearch	853	C	C	263	4	1.48%	2	1	93	93	0.06179709776251344	1	1	158	105	0	4	-G
F6_BC66_191109_LF_LIB_consensus_vsearch	854	G	G	269	1	0.37%	2	1	93	93	0.4999999999999138	1	1	162	107	0	1	+TCAG
F6_BC66_191109_LF_LIB_consensus_vsearch	855	G	G	271	3	1.09%	2	1	93	93	0.12431444241326345	1	1	159	112	3	0	-A
F6_BC66_191109_LF_LIB_consensus_vsearch	856	A	A	269	1	0.37%	2	1	93	93	0.4999999999999138	1	1	156	113	1	0	+CAC
F6_BC66_191109_LF_LIB_consensus_vsearch	857	T	T	270	2	0.72%	2	1	93	93	0.2495395948434138	1	1	158	112	2	0	-G
F6_BC66_191109_LF_LIB_consensus_vsearch	858	G	G	268	2	0.73%	2	1	93	93	0.24953617810762627	1	1	155	113	2	0	A
F6_BC66_191109_LF_LIB_consensus_vsearch	859	C	C	266	3	1.09%	2	1	93	93	0.1243016759777629	1	1	155	111	3	0	+AC
F6_BC66_191109_LF_LIB_consensus_vsearch	860	C	C	264	6	2.17%	2	2	93	93	0.015192594697130085	1	1	154	110	3	3	T
F6_BC66_191109_LF_LIB_consensus_vsearch	861	G	G	269	4	1.45%	2	1	93	93	0.06181256019060895	1	1	156	113	4	0	A
F6_BC66_191109_LF_LIB_consensus_vsearch	862	A	A	260	4	1.45%	2	1	93	93	0.06178910273789233	1	1	156	104	0	4	+T
F6_BC66_191109_LF_LIB_consensus_vsearch	863	C	*/-T	246	17	6.27%	2	2	93	93	5.841769516295736E-6	1	1	147	99	11	6	-T
F6_BC66_191109_LF_LIB_consensus_vsearch	864	T	T	251	2	0.79%	2	1	93	93	0.24950495049494414	1	1	145	106	2	0	C
F6_BC66_191109_LF_LIB_consensus_vsearch	865	T	*/-C	231	26	9.56%	2	2	93	93	7.658648530086122E-9	1	1	140	91	9	17	-C
F6_BC66_191109_LF_LIB_consensus_vsearch	866	C	C	239	3	1.23%	2	1	93	93	0.12422360248443731	1	1	147	92	3	0	G
F6_BC66_191109_LF_LIB_consensus_vsearch	867	C	C	261	3	1.11%	2	2	93	93	0.12428842504744599	1	1	152	109	2	1	T
F6_BC66_191109_LF_LIB_consensus_vsearch	868	A	A	262	5	1.85%	2	2	93	93	0.030665352285866324	1	1	153	109	4	1	G
F6_BC66_191109_LF_LIB_consensus_vsearch	869	T	T	260	5	1.84%	2	1	93	93	0.030660944175210838	1	1	148	112	5	0	-G
F6_BC66_191109_LF_LIB_consensus_vsearch	870	G	R	251	15	5.6%	2	1	93	93	2.4912706212617995E-5	1	1	139	112	15	0	A
F6_BC66_191109_LF_LIB_consensus_vsearch	871	G	R	265	7	2.55%	2	2	93	93	0.00751314636487435	1	1	153	112	6	1	A
F6_BC66_191109_LF_LIB_consensus_vsearch	872	C	C	267	3	1.1%	2	1	93	93	0.12430426716151294	1	1	155	112	3	0	A
F6_BC66_191109_LF_LIB_consensus_vsearch	873	C	C	266	6	2.18%	2	2	93	93	0.015195762196627145	1	1	154	112	5	1	T
F6_BC66_191109_LF_LIB_consensus_vsearch	874	A	A	264	4	1.47%	2	1	93	93	0.06179972295775155	1	1	151	113	4	0	G
F6_BC66_191109_LF_LIB_consensus_vsearch	875	C	C	270	1	0.37%	2	1	93	93	0.4999999999999138	1	1	158	112	0	1	A
F6_BC66_191109_LF_LIB_consensus_vsearch	876	C	C	265	3	1.09%	2	2	93	93	0.12429906542060956	1	1	155	110	2	1	+A
F6_BC66_191109_LF_LIB_consensus_vsearch	877	G	R	263	9	3.27%	2	2	93	93	0.0018261337158000507	1	1	152	111	8	1	A
F6_BC66_191109_LF_LIB_consensus_vsearch	878	T	*/-C	255	19	6.91%	2	1	93	93	1.380854557662234E-6	1	1	143	112	19	0	-C
F6_BC66_191109_LF_LIB_consensus_vsearch	879	C	*/+A	247	8	3.12%	2	1	93	93	0.0036945340250354765	1	1	135	112	8	0	+A
F6_BC66_191109_LF_LIB_consensus_vsearch	880	C	C	269	4	1.45%	2	2	93	93	0.06181256019060895	1	1	159	110	3	1	-T
F6_BC66_191109_LF_LIB_consensus_vsearch	881	T	T	263	3	1.11%	2	1	93	93	0.12429378531094196	1	1	153	110	3	0	C
F6_BC66_191109_LF_LIB_consensus_vsearch	882	G	G	262	4	1.47%	2	1	93	93	0.06179445281046573	1	1	153	109	4	0	A
F6_BC66_191109_LF_LIB_consensus_vsearch	883	C	C	263	5	1.82%	2	2	93	93	0.030667531693296068	1	1	155	108	2	3	-T
F6_BC66_191109_LF_LIB_consensus_vsearch	884	T	T	259	5	1.86%	2	2	93	93	0.030658715098946722	1	1	153	106	2	3	C
F6_BC66_191109_LF_LIB_consensus_vsearch	885	G	G	266	4	1.46%	2	1	93	93	0.06180491495741971	1	1	156	110	4	0	A
F6_BC66_191109_LF_LIB_consensus_vsearch	886	T	T	267	4	1.45%	2	2	93	93	0.061807482193030554	1	1	156	111	3	1	C
F6_BC66_191109_LF_LIB_consensus_vsearch	887	C	C	270	1	0.36%	2	1	93	93	0.4999999999999138	1	1	158	112	1	0	+GC
F6_BC66_191109_LF_LIB_consensus_vsearch	888	A	A	265	4	1.47%	2	1	93	93	0.06180232861697055	1	1	158	107	0	4	-TCA
F6_BC66_191109_LF_LIB_consensus_vsearch	889	T	T	265	2	0.74%	2	2	93	93	0.2495309568482648	1	1	158	107	1	1	C
F6_BC66_191109_LF_LIB_consensus_vsearch	890	C	C	265	3	1.11%	2	2	93	93	0.12429906542060956	1	1	158	107	1	2	T
F6_BC66_191109_LF_LIB_consensus_vsearch	891	A	A	263	3	1.12%	2	2	93	93	0.12429378531094196	1	1	156	107	1	2	T
F6_BC66_191109_LF_LIB_consensus_vsearch	892	C	C	265	4	1.47%	2	1	93	93	0.06180232861697055	1	1	156	109	0	4	+T
F6_BC66_191109_LF_LIB_consensus_vsearch	893	C	Y	256	12	4.4%	2	1	93	93	2.1527156259027708E-4	1	1	156	100	0	12	T
F6_BC66_191109_LF_LIB_consensus_vsearch	894	G	G	265	5	1.85%	2	1	93	93	0.030671842124359663	1	1	152	113	5	0	-C
F6_BC66_191109_LF_LIB_consensus_vsearch	895	C	C	266	1	0.37%	2	1	93	93	0.4999999999999138	1	1	154	112	0	1	+T
F6_BC66_191109_LF_LIB_consensus_vsearch	896	C	C	272	0	0%	2	0	93	0	1.0	1	0	159	113	0	0	
F6_BC66_191109_LF_LIB_consensus_vsearch	897	C	C	265	5	1.82%	2	2	93	93	0.030671842124359663	1	1	158	107	1	4	T
F6_BC66_191109_LF_LIB_consensus_vsearch	898	G	G	271	1	0.36%	2	1	93	93	0.4999999999999138	1	1	158	113	1	0	-A
F6_BC66_191109_LF_LIB_consensus_vsearch	899	A	A	267	4	1.47%	2	2	93	93	0.061807482193030554	1	1	156	111	3	1	G
F6_BC66_191109_LF_LIB_consensus_vsearch	900	C	C	268	2	0.73%	2	1	93	93	0.24953617810762627	1	1	158	110	0	2	T
F6_BC66_191109_LF_LIB_consensus_vsearch	901	G	*/-C	261	8	2.94%	2	2	93	93	0.003705416747963619	1	1	155	106	2	6	-C
F6_BC66_191109_LF_LIB_consensus_vsearch	902	C	C	260	2	0.76%	2	1	93	93	0.2495219885277623	1	1	154	106	2	0	+G
F6_BC66_191109_LF_LIB_consensus_vsearch	903	C	*/-T	157	77	28.21%	2	2	93	93	3.579983613043374E-27	1	1	108	49	41	36	-T
F6_BC66_191109_LF_LIB_consensus_vsearch	904	T	T	172	2	1.14%	2	1	93	93	0.24927953890490892	1	1	113	59	2	0	C
F6_BC66_191109_LF_LIB_consensus_vsearch	905	T	T	246	5	1.98%	2	2	93	93	0.03062812251247695	1	1	155	91	1	4	C
F6_BC66_191109_LF_LIB_consensus_vsearch	906	T	T	265	3	1.12%	2	1	93	93	0.12429906542060956	1	1	161	104	0	3	C
F6_BC66_191109_LF_LIB_consensus_vsearch	907	T	T	273	1	0.36%	2	1	93	93	0.4999999999999138	1	1	161	112	0	1	+G
F6_BC66_191109_LF_LIB_consensus_vsearch	908	T	T	272	2	0.73%	2	2	93	93	0.2495429616087481	1	1	160	112	1	1	C
F6_BC66_191109_LF_LIB_consensus_vsearch	909	A	A	272	2	0.73%	2	1	93	93	0.2495429616087481	1	1	159	113	2	0	G
F6_BC66_191109_LF_LIB_consensus_vsearch	910	C	C	269	5	1.81%	2	2	93	93	0.030680274390748198	1	1	159	110	3	2	-A
F6_BC66_191109_LF_LIB_consensus_vsearch	911	A	A	268	3	1.11%	2	1	93	93	0.12430683918669663	1	1	160	108	0	3	G
F6_BC66_191109_LF_LIB_consensus_vsearch	912	A	A	272	2	0.72%	2	1	93	93	0.2495429616087481	1	1	162	110	0	2	-T
F6_BC66_191109_LF_LIB_consensus_vsearch	913	T	T	270	3	1.09%	2	1	93	93	0.12431192660547026	1	1	160	110	3	0	-C
F6_BC66_191109_LF_LIB_consensus_vsearch	914	C	C	272	1	0.37%	2	1	93	93	0.5000000000003686	1	1	159	113	1	0	T
F6_BC66_191109_LF_LIB_consensus_vsearch	915	C	C	270	3	1.09%	2	2	93	93	0.12431192660547026	1	1	159	111	2	1	-A
F6_BC66_191109_LF_LIB_consensus_vsearch	916	A	A	267	3	1.1%	2	1	93	93	0.12430426716151294	1	1	156	111	3	0	-T
F6_BC66_191109_LF_LIB_consensus_vsearch	917	T	T	270	3	1.1%	2	1	93	93	0.12431192660547026	1	1	157	113	3	0	G
F6_BC66_191109_LF_LIB_consensus_vsearch	918	T	T	271	3	1.09%	2	1	93	93	0.12431444241326345	1	1	162	109	0	3	-G
F6_BC66_191109_LF_LIB_consensus_vsearch	919	G	G	270	2	0.73%	2	1	93	93	0.2495395948434138	1	1	160	110	2	0	A
F6_BC66_191109_LF_LIB_consensus_vsearch	920	G	*/-C	247	17	6.16%	2	1	93	93	5.847872971450355E-6	1	1	138	109	17	0	-C
F6_BC66_191109_LF_LIB_consensus_vsearch	921	C	C	255	4	1.54%	2	1	93	93	0.06177536572082746	1	1	146	109	0	4	+T
F6_BC66_191109_LF_LIB_consensus_vsearch	922	C	C	271	3	1.09%	2	1	93	93	0.12431444241326345	1	1	162	109	0	3	-T
F6_BC66_191109_LF_LIB_consensus_vsearch	923	T	*/+G	238	26	9.52%	2	1	93	93	7.802122762981613E-9	1	1	134	104	26	0	+G
F6_BC66_191109_LF_LIB_consensus_vsearch	924	A	*/-G	245	25	9.09%	2	1	93	93	1.6649970013577793E-8	1	1	136	109	25	0	-G
F6_BC66_191109_LF_LIB_consensus_vsearch	925	G	G	247	2	0.8%	2	1	93	93	0.24949698189118988	1	1	135	112	2	0	-A
F6_BC66_191109_LF_LIB_consensus_vsearch	926	A	A	271	2	0.73%	2	2	93	93	0.24954128440383208	1	1	160	111	1	1	G
F6_BC66_191109_LF_LIB_consensus_vsearch	927	C	*/-T	256	10	3.62%	2	2	93	93	8.959724786606658E-4	1	1	158	98	3	7	-T
F6_BC66_191109_LF_LIB_consensus_vsearch	928	T	T	262	2	0.76%	2	1	93	93	0.24952561669824413	1	1	159	103	0	2	+C
F6_BC66_191109_LF_LIB_consensus_vsearch	929	T	T	272	1	0.36%	2	1	93	93	0.5000000000003686	1	1	160	112	1	0	+CTT
F6_BC66_191109_LF_LIB_consensus_vsearch	930	T	T	266	4	1.45%	2	2	93	93	0.06180491495741971	1	1	161	105	2	2	-G
F6_BC66_191109_LF_LIB_consensus_vsearch	931	G	G	264	2	0.74%	2	1	93	93	0.24952919020719036	1	1	158	106	2	0	+TG
F6_BC66_191109_LF_LIB_consensus_vsearch	932	G	G	271	3	1.09%	2	2	93	93	0.12431444241326345	1	1	162	109	1	2	A
F6_BC66_191109_LF_LIB_consensus_vsearch	933	C	*/+A	262	8	2.92%	2	1	93	93	0.0037061514394952193	1	1	161	101	0	8	+A
F6_BC66_191109_LF_LIB_consensus_vsearch	934	A	A	258	5	1.82%	2	1	93	93	0.030656469088614302	1	1	152	106	5	0	-CCT
F6_BC66_191109_LF_LIB_consensus_vsearch	935	C	Y	253	7	2.63%	2	2	93	93	0.007499438529900444	1	1	151	102	1	6	T
F6_BC66_191109_LF_LIB_consensus_vsearch	936	C	*/-T	244	10	3.7%	2	2	93	93	8.922644712756052E-4	1	1	151	93	1	9	-T
F6_BC66_191109_LF_LIB_consensus_vsearch	937	T	T	252	3	1.16%	2	1	93	93	0.12426326129665838	1	1	149	103	3	0	A
F6_BC66_191109_LF_LIB_consensus_vsearch	938	T	T	267	5	1.83%	2	2	93	93	0.030676089228361576	1	1	157	110	3	2	C
F6_BC66_191109_LF_LIB_consensus_vsearch	939	A	A	268	3	1.09%	2	1	93	93	0.12430683918669663	1	1	157	111	3	0	-GCA
F6_BC66_191109_LF_LIB_consensus_vsearch	940	G	G	265	3	1.11%	2	1	93	93	0.12429906542060956	1	1	154	111	3	0	+C
F6_BC66_191109_LF_LIB_consensus_vsearch	941	C	C	268	3	1.1%	2	2	93	93	0.12430683918669663	1	1	158	110	1	2	-AT
F6_BC66_191109_LF_LIB_consensus_vsearch	942	A	A	263	3	1.11%	2	2	93	93	0.12429378531094196	1	1	154	109	2	1	G
F6_BC66_191109_LF_LIB_consensus_vsearch	943	T	T	267	1	0.37%	2	1	93	93	0.5000000000003686	1	1	159	108	0	1	+G
F6_BC66_191109_LF_LIB_consensus_vsearch	944	G	R	265	8	2.92%	2	1	93	93	0.0037083236186299423	1	1	153	112	8	0	A
F6_BC66_191109_LF_LIB_consensus_vsearch	945	G	G	272	2	0.72%	2	1	93	93	0.2495429616087481	1	1	160	112	2	0	-CG
F6_BC66_191109_LF_LIB_consensus_vsearch	946	C	C	271	1	0.36%	2	1	93	93	0.4999999999999138	1	1	159	112	1	0	+AC
F6_BC66_191109_LF_LIB_consensus_vsearch	947	G	G	269	2	0.73%	2	1	93	93	0.24953789279111838	1	1	160	109	0	2	-T
F6_BC66_191109_LF_LIB_consensus_vsearch	948	T	T	272	1	0.36%	2	1	93	93	0.5000000000003686	1	1	163	109	0	1	+C
F6_BC66_191109_LF_LIB_consensus_vsearch	949	T	T	269	5	1.81%	2	2	93	93	0.030680274390748198	1	1	158	111	4	1	-C
F6_BC66_191109_LF_LIB_consensus_vsearch	950	C	*/-G	259	8	2.95%	2	2	93	93	0.003703931063382389	1	1	156	103	2	6	-G
F6_BC66_191109_LF_LIB_consensus_vsearch	951	G	G	256	6	2.26%	2	2	93	93	0.01517944302364848	1	1	154	102	5	1	A
F6_BC66_191109_LF_LIB_consensus_vsearch	952	G	G	260	5	1.82%	2	1	93	93	0.030660944175210838	1	1	155	105	5	0	+T
F6_BC66_191109_LF_LIB_consensus_vsearch	953	T	Y	245	22	8.12%	2	2	93	93	1.5189118223902163E-7	1	1	157	88	2	20	C
F6_BC66_191109_LF_LIB_consensus_vsearch	954	T	T	266	4	1.45%	2	2	93	93	0.06180491495741971	1	1	162	104	1	3	C
F6_BC66_191109_LF_LIB_consensus_vsearch	955	G	G	264	5	1.82%	2	2	93	93	0.030669694912897477	1	1	159	105	1	4	C
F6_BC66_191109_LF_LIB_consensus_vsearch	956	A	A	268	4	1.45%	2	1	93	93	0.061810030534865154	1	1	161	107	0	4	+C
F6_BC66_191109_LF_LIB_consensus_vsearch	957	T	*/-C	209	51	18.55%	2	2	93	93	2.922759633060265E-17	1	1	106	103	49	2	-C
F6_BC66_191109_LF_LIB_consensus_vsearch	958	C	C	216	3	1.35%	2	2	93	93	0.12414187643025615	1	1	109	107	1	2	T
F6_BC66_191109_LF_LIB_consensus_vsearch	959	C	C	262	6	2.19%	2	1	93	93	0.015189380104217696	1	1	152	110	6	0	+A
F6_BC66_191109_LF_LIB_consensus_vsearch	960	C	Y	243	14	5.09%	2	2	93	93	5.088712817288902E-5	1	1	149	94	1	13	T
F6_BC66_191109_LF_LIB_consensus_vsearch	961	G	R	252	14	5.2%	2	1	93	93	5.1209451659234146E-5	1	1	143	109	14	0	A
F6_BC66_191109_LF_LIB_consensus_vsearch	962	C	C	263	2	0.74%	2	1	93	93	0.24952741020799885	1	1	155	108	2	0	-A
F6_BC66_191109_LF_LIB_consensus_vsearch	963	A	A	269	2	0.73%	2	1	93	93	0.24953789279111838	1	1	157	112	2	0	G
F6_BC66_191109_LF_LIB_consensus_vsearch	964	G	G	271	4	1.45%	2	2	93	93	0.06181756426009212	1	1	160	111	2	2	A
F6_BC66_191109_LF_LIB_consensus_vsearch	965	C	C	269	4	1.45%	2	1	93	93	0.06181256019060895	1	1	161	108	0	4	-GC
F6_BC66_191109_LF_LIB_consensus_vsearch	966	G	G	268	2	0.74%	2	1	93	93	0.24953617810762627	1	1	161	107	0	2	-C
F6_BC66_191109_LF_LIB_consensus_vsearch	967	C	C	269	1	0.37%	2	1	93	93	0.4999999999999138	1	1	162	107	1	0	+GC
F6_BC66_191109_LF_LIB_consensus_vsearch	968	C	C	271	2	0.72%	2	2	93	93	0.24954128440383208	1	1	161	110	1	1	+A
F6_BC66_191109_LF_LIB_consensus_vsearch	969	A	A	269	3	1.09%	2	2	93	93	0.12430939226523824	1	1	159	110	2	1	-G
F6_BC66_191109_LF_LIB_consensus_vsearch	970	G	G	263	4	1.47%	2	1	93	93	0.06179709776251344	1	1	156	107	4	0	+T
F6_BC66_191109_LF_LIB_consensus_vsearch	971	T	T	271	3	1.09%	2	1	93	93	0.12431444241326345	1	1	163	108	0	3	C
F6_BC66_191109_LF_LIB_consensus_vsearch	972	T	T	269	4	1.45%	2	1	93	93	0.06181256019060895	1	1	162	107	0	4	-C
F6_BC66_191109_LF_LIB_consensus_vsearch	973	C	C	268	2	0.74%	2	2	93	93	0.24953617810762627	1	1	160	108	1	1	-T
F6_BC66_191109_LF_LIB_consensus_vsearch	974	T	T	262	5	1.84%	2	1	93	93	0.030665352285866324	1	1	151	111	5	0	A
F6_BC66_191109_LF_LIB_consensus_vsearch	975	G	G	255	5	1.85%	2	1	93	93	0.03064962750114854	1	1	143	112	5	0	-CT
F6_BC66_191109_LF_LIB_consensus_vsearch	976	C	*/-T	218	26	9.67%	2	2	93	93	7.377102490404845E-9	1	1	120	98	24	2	-T
F6_BC66_191109_LF_LIB_consensus_vsearch	977	T	T	232	6	2.48%	2	2	93	93	0.01513470625298032	1	1	122	110	5	1	C
F6_BC66_191109_LF_LIB_consensus_vsearch	978	T	Y	254	7	2.56%	2	2	93	93	0.0075006286111248205	1	1	146	108	6	1	C
F6_BC66_191109_LF_LIB_consensus_vsearch	979	A	*/+C	62	151	55.31%	2	2	93	93	4.755111549884948E-65	1	1	25	37	79	72	+C
F6_BC66_191109_LF_LIB_consensus_vsearch	980	C	*/+A	235	10	3.73%	2	2	93	93	8.892517004154109E-4	1	1	139	96	6	4	+A
F6_BC66_191109_LF_LIB_consensus_vsearch	981	A	M	220	32	12.17%	2	2	93	93	8.143444158604725E-11	1	1	135	85	9	23	C
F6_BC66_191109_LF_LIB_consensus_vsearch	982	A	A	273	2	0.72%	2	1	93	93	0.2495446265938613	1	1	161	112	2	0	G
F6_BC66_191109_LF_LIB_consensus_vsearch	983	A	A	269	4	1.45%	2	2	93	93	0.06181256019060895	1	1	159	110	1	3	G
F6_BC66_191109_LF_LIB_consensus_vsearch	984	A	A	265	5	1.81%	2	2	93	93	0.030671842124359663	1	1	156	109	3	2	G
F6_BC66_191109_LF_LIB_consensus_vsearch	985	C	C	270	2	0.73%	2	1	93	93	0.2495395948434138	1	1	160	110	0	2	+TG
F6_BC66_191109_LF_LIB_consensus_vsearch	986	C	C	268	2	0.73%	2	1	93	93	0.24953617810762627	1	1	160	108	0	2	+G
F6_BC66_191109_LF_LIB_consensus_vsearch	987	A	R	262	7	2.56%	2	2	93	93	0.007509833180020558	1	1	158	104	1	6	G
F6_BC66_191109_LF_LIB_consensus_vsearch	988	G	*/-C	258	7	2.56%	2	1	93	93	0.007505299821009934	1	1	146	112	7	0	-C
F6_BC66_191109_LF_LIB_consensus_vsearch	989	C	C	261	2	0.75%	2	1	93	93	0.24952380952412506	1	1	152	109	0	2	+TT
F6_BC66_191109_LF_LIB_consensus_vsearch	990	C	C	271	1	0.36%	2	1	93	93	0.4999999999999138	1	1	161	110	0	1	+AC
F6_BC66_191109_LF_LIB_consensus_vsearch	991	C	*/-AC	257	13	4.73%	2	1	93	93	1.0528976599273693E-4	1	1	146	111	13	0	-AC
F6_BC66_191109_LF_LIB_consensus_vsearch	992	A	R	243	16	6.13%	2	2	93	93	1.2016877157013512E-5	1	1	132	111	15	1	G
F6_BC66_191109_LF_LIB_consensus_vsearch	993	C	*/-TT	241	8	3.04%	2	1	93	93	0.0036895004577195047	1	1	137	104	8	0	-TT
F6_BC66_191109_LF_LIB_consensus_vsearch	994	T	T	255	1	0.39%	2	1	93	93	0.4999999999999138	1	1	149	106	0	1	+C
F6_BC66_191109_LF_LIB_consensus_vsearch	995	T	T	257	4	1.51%	2	1	93	93	0.061780923746039114	1	1	150	107	0	4	+G
F6_BC66_191109_LF_LIB_consensus_vsearch	996	G	G	261	5	1.83%	2	2	93	93	0.03066315650820783	1	1	154	107	3	2	A
F6_BC66_191109_LF_LIB_consensus_vsearch	997	C	Y	262	9	3.31%	2	1	93	93	0.0018256734909882749	1	1	163	99	0	9	T
F6_BC66_191109_LF_LIB_consensus_vsearch	998	G	G	266	2	0.74%	2	1	93	93	0.24953271028049737	1	1	163	103	0	2	+CG
F6_BC66_191109_LF_LIB_consensus_vsearch	999	T	*/-C	254	16	5.86%	2	2	93	93	1.2137905914044053E-5	1	1	147	107	15	1	-C
F6_BC66_191109_LF_LIB_consensus_vsearch	1000	C	C	256	2	0.78%	2	1	93	93	0.24951456310670525	1	1	146	110	2	0	+A
F6_BC66_191109_LF_LIB_consensus_vsearch	1001	C	C	274	1	0.36%	2	1	93	93	0.4999999999999138	1	1	161	113	1	0	-T
F6_BC66_191109_LF_LIB_consensus_vsearch	1002	T	T	262	6	2.18%	2	1	93	93	0.015189380104217696	1	1	161	101	0	6	C
F6_BC66_191109_LF_LIB_consensus_vsearch	1003	G	G	269	2	0.73%	2	1	93	93	0.24953789279111838	1	1	161	108	0	2	+C
F6_BC66_191109_LF_LIB_consensus_vsearch	1004	T	T	267	3	1.1%	2	2	93	93	0.12430426716151294	1	1	160	107	2	1	C
F6_BC66_191109_LF_LIB_consensus_vsearch	1005	C	C	269	2	0.73%	2	2	93	93	0.24953789279111838	1	1	160	109	1	1	+G
F6_BC66_191109_LF_LIB_consensus_vsearch	1006	A	*/+T	208	46	16.91%	2	2	93	93	1.5106613594504477E-15	1	1	105	103	44	2	+T
F6_BC66_191109_LF_LIB_consensus_vsearch	1007	T	T	255	3	1.15%	2	2	93	93	0.1242718446601877	1	1	153	102	1	2	C
F6_BC66_191109_LF_LIB_consensus_vsearch	1008	T	T	272	3	1.09%	2	2	93	93	0.12431693989066941	1	1	161	111	1	2	C
F6_BC66_191109_LF_LIB_consensus_vsearch	1009	T	T	270	2	0.72%	2	1	93	93	0.2495395948434138	1	1	162	108	0	2	+G
F6_BC66_191109_LF_LIB_consensus_vsearch	1010	G	G	260	6	2.18%	2	1	93	93	0.01518611735985533	1	1	149	111	6	0	-C
F6_BC66_191109_LF_LIB_consensus_vsearch	1011	C	C	260	4	1.5%	2	2	93	93	0.06178910273789233	1	1	152	108	1	3	T
F6_BC66_191109_LF_LIB_consensus_vsearch	1012	C	C	269	3	1.1%	2	1	93	93	0.12430939226523824	1	1	159	110	0	3	T
F6_BC66_191109_LF_LIB_consensus_vsearch	1013	C	C	268	3	1.09%	2	2	93	93	0.12430683918669663	1	1	161	107	1	2	-G
F6_BC66_191109_LF_LIB_consensus_vsearch	1014	G	G	265	4	1.47%	2	1	93	93	0.06180232861697055	1	1	158	107	4	0	A
F6_BC66_191109_LF_LIB_consensus_vsearch	1015	G	G	273	1	0.36%	2	1	93	93	0.4999999999999138	1	1	163	110	0	1	-CG
F6_BC66_191109_LF_LIB_consensus_vsearch	1016	C	C	270	2	0.73%	2	2	93	93	0.2495395948434138	1	1	161	109	1	1	T
F6_BC66_191109_LF_LIB_consensus_vsearch	1017	G	G	264	6	2.19%	2	2	93	93	0.015192594697130085	1	1	161	103	1	5	-TG
F6_BC66_191109_LF_LIB_consensus_vsearch	1018	T	T	264	3	1.12%	2	2	93	93	0.1242964352720778	1	1	160	104	2	1	C
F6_BC66_191109_LF_LIB_consensus_vsearch	1019	G	G	257	4	1.5%	2	1	93	93	0.061780923746039114	1	1	152	105	4	0	A
F6_BC66_191109_LF_LIB_consensus_vsearch	1020	C	C	268	2	0.74%	2	2	93	93	0.24953617810762627	1	1	158	110	1	1	+A
F6_BC66_191109_LF_LIB_consensus_vsearch	1021	C	C	271	3	1.09%	2	2	93	93	0.12431444241326345	1	1	161	110	1	2	-A
F6_BC66_191109_LF_LIB_consensus_vsearch	1022	A	*/-CA	248	14	5.15%	2	2	93	93	5.106875368908258E-5	1	1	156	92	1	13	-CA
F6_BC66_191109_LF_LIB_consensus_vsearch	1023	C	*/+A	231	17	6.59%	2	1	93	93	5.7449664289726325E-6	1	1	138	93	17	0	+A
F6_BC66_191109_LF_LIB_consensus_vsearch	1024	A	A	247	2	0.79%	2	1	93	93	0.24949698189118988	1	1	154	93	2	0	+CA
F6_BC66_191109_LF_LIB_consensus_vsearch	1025	A	A	259	5	1.84%	2	2	93	93	0.030658715098946722	1	1	158	101	2	3	-G
F6_BC66_191109_LF_LIB_consensus_vsearch	1026	G	G	266	1	0.37%	2	1	93	93	0.4999999999999138	1	1	160	106	0	1	+T
F6_BC66_191109_LF_LIB_consensus_vsearch	1027	G	G	268	3	1.09%	2	1	93	93	0.12430683918669663	1	1	158	110	3	0	A
F6_BC66_191109_LF_LIB_consensus_vsearch	1028	T	T	268	4	1.45%	2	2	93	93	0.061810030534865154	1	1	156	112	3	1	C
F6_BC66_191109_LF_LIB_consensus_vsearch	1029	C	C	264	3	1.09%	2	1	93	93	0.1242964352720778	1	1	152	112	3	0	+T
F6_BC66_191109_LF_LIB_consensus_vsearch	1030	A	R	253	10	3.68%	2	2	93	93	8.950763801239866E-4	1	1	147	106	7	3	G
F6_BC66_191109_LF_LIB_consensus_vsearch	1031	C	C	267	2	0.73%	2	2	93	93	0.24953445065180796	1	1	156	111	1	1	-A
F6_BC66_191109_LF_LIB_consensus_vsearch	1032	A	R	259	9	3.31%	2	2	93	93	0.0018242725891630934	1	1	148	111	8	1	G
F6_BC66_191109_LF_LIB_consensus_vsearch	1033	G	R	261	10	3.66%	2	1	93	93	8.974229918180157E-4	1	1	150	111	10	0	A
F6_BC66_191109_LF_LIB_consensus_vsearch	1034	C	C	264	4	1.46%	2	2	93	93	0.06179972295775155	1	1	158	106	2	2	-A
F6_BC66_191109_LF_LIB_consensus_vsearch	1035	A	A	266	1	0.37%	2	1	93	93	0.4999999999999138	1	1	158	108	1	0	+CA
F6_BC66_191109_LF_LIB_consensus_vsearch	1036	A	R	248	18	6.52%	2	2	93	93	2.833260520315021E-6	1	1	141	107	17	1	G
F6_BC66_191109_LF_LIB_consensus_vsearch	1037	C	*/-G	228	36	13.19%	2	2	93	93	4.044776613805596E-12	1	1	149	79	4	32	-G
F6_BC66_191109_LF_LIB_consensus_vsearch	1038	G	R	215	20	8.4%	2	2	93	93	6.254287576406704E-7	1	1	138	77	19	1	A
F6_BC66_191109_LF_LIB_consensus_vsearch	1039	G	G	276	0	0%	2	0	93	0	1.0	1	0	163	113	0	0	
F6_BC66_191109_LF_LIB_consensus_vsearch	1040	G	G	276	0	0%	2	0	93	0	1.0	1	0	163	113	0	0	
F6_BC66_191109_LF_LIB_consensus_vsearch	1041	A	A	270	4	1.45%	2	1	93	93	0.06181507136518779	1	1	162	108	0	4	-T
F6_BC66_191109_LF_LIB_consensus_vsearch	1042	T	T	264	4	1.47%	2	2	93	93	0.06179972295775155	1	1	157	107	2	2	C
F6_BC66_191109_LF_LIB_consensus_vsearch	1043	C	C	267	2	0.73%	2	2	93	93	0.24953445065180796	1	1	156	111	1	1	-G
F6_BC66_191109_LF_LIB_consensus_vsearch	1044	G	G	265	4	1.47%	2	2	93	93	0.06180232861697055	1	1	155	110	3	1	A
F6_BC66_191109_LF_LIB_consensus_vsearch	1045	C	Y	246	12	4.36%	2	2	93	93	2.1420009743898608E-4	1	1	146	100	4	8	T
F6_BC66_191109_LF_LIB_consensus_vsearch	1046	A	A	257	2	0.75%	2	1	93	93	0.24951644100587136	1	1	148	109	2	0	-CGCA
F6_BC66_191109_LF_LIB_consensus_vsearch	1047	C	C	251	5	1.9%	2	2	93	93	0.03064025621010106	1	1	145	106	2	3	T
F6_BC66_191109_LF_LIB_consensus_vsearch	1048	G	G	263	4	1.48%	2	2	93	93	0.06179709776251344	1	1	154	109	3	1	A
F6_BC66_191109_LF_LIB_consensus_vsearch	1049	C	*/-A	246	18	6.69%	2	2	93	93	2.8266626691789653E-6	1	1	154	92	2	16	-A
F6_BC66_191109_LF_LIB_consensus_vsearch	1050	A	A	247	5	1.97%	2	2	93	93	0.030630587731099716	1	1	154	93	4	1	G
F6_BC66_191109_LF_LIB_consensus_vsearch	1051	A	A	266	4	1.45%	2	2	93	93	0.06180491495741971	1	1	159	107	2	2	G
F6_BC66_191109_LF_LIB_consensus_vsearch	1052	T	Y	253	16	5.86%	2	1	93	93	1.2127276188955779E-5	1	1	159	94	0	16	C
F6_BC66_191109_LF_LIB_consensus_vsearch	1053	T	*/-C	254	11	3.99%	2	1	93	93	4.392257188796428E-4	1	1	160	94	0	11	-C
F6_BC66_191109_LF_LIB_consensus_vsearch	1054	C	*/-G	243	10	3.8%	2	2	93	93	8.91940019333984E-4	1	1	155	88	1	9	-G
F6_BC66_191109_LF_LIB_consensus_vsearch	1055	G	R	250	7	2.67%	2	1	93	93	0.007495813166417644	1	1	151	99	7	0	A
F6_BC66_191109_LF_LIB_consensus_vsearch	1056	G	*/-A	239	31	11.31%	2	1	93	93	1.8684029309667894E-10	1	1	127	112	31	0	-A
F6_BC66_191109_LF_LIB_consensus_vsearch	1057	A	A	242	1	0.41%	2	1	93	93	0.4999999999999138	1	1	130	112	1	0	-G
F6_BC66_191109_LF_LIB_consensus_vsearch	1058	G	*/-T	263	10	3.65%	2	1	93	93	8.979886896061976E-4	1	1	151	112	10	0	-T
F6_BC66_191109_LF_LIB_consensus_vsearch	1059	T	T	260	3	1.13%	2	2	93	93	0.12428571428582305	1	1	149	111	1	2	C
F6_BC66_191109_LF_LIB_consensus_vsearch	1060	T	T	272	2	0.72%	2	1	93	93	0.2495429616087481	1	1	161	111	0	2	+C
F6_BC66_191109_LF_LIB_consensus_vsearch	1061	T	T	274	1	0.36%	2	1	93	93	0.4999999999999138	1	1	162	112	0	1	-GAG
F6_BC66_191109_LF_LIB_consensus_vsearch	1062	G	G	270	2	0.73%	2	2	93	93	0.2495395948434138	1	1	160	110	1	1	-A
F6_BC66_191109_LF_LIB_consensus_vsearch	1063	A	*/+G	252	9	3.3%	2	2	93	93	0.0018208809482378404	1	1	145	107	7	2	+G
F6_BC66_191109_LF_LIB_consensus_vsearch	1064	G	G	263	3	1.12%	2	2	93	93	0.12429378531094196	1	1	155	108	2	1	A
F6_BC66_191109_LF_LIB_consensus_vsearch	1065	A	A	264	3	1.11%	2	2	93	93	0.1242964352720778	1	1	157	107	1	2	G
F6_BC66_191109_LF_LIB_consensus_vsearch	1066	A	A	271	2	0.72%	2	1	93	93	0.24954128440383208	1	1	159	112	2	0	-T
F6_BC66_191109_LF_LIB_consensus_vsearch	1067	T	T	266	5	1.82%	2	2	93	93	0.030673973504714284	1	1	158	108	1	4	C
F6_BC66_191109_LF_LIB_consensus_vsearch	1068	G	G	265	5	1.81%	2	2	93	93	0.030671842124359663	1	1	155	110	4	1	-A
F6_BC66_191109_LF_LIB_consensus_vsearch	1069	A	R	256	8	2.97%	2	2	93	93	0.003701660868547635	1	1	149	107	5	3	G
F6_BC66_191109_LF_LIB_consensus_vsearch	1070	G	G	268	2	0.74%	2	1	93	93	0.24953617810762627	1	1	158	110	0	2	-C
F6_BC66_191109_LF_LIB_consensus_vsearch	1071	C	C	271	1	0.37%	2	1	93	93	0.4999999999999138	1	1	160	111	1	0	+AC
F6_BC66_191109_LF_LIB_consensus_vsearch	1072	C	C	265	4	1.45%	2	2	93	93	0.06180232861697055	1	1	156	109	2	2	+G
F6_BC66_191109_LF_LIB_consensus_vsearch	1073	G	*/-A	254	12	4.4%	2	1	93	93	2.1506344050599332E-4	1	1	143	111	12	0	-A
F6_BC66_191109_LF_LIB_consensus_vsearch	1074	A	A	250	4	1.52%	2	2	93	93	0.061761087351402955	1	1	141	109	3	1	+G
F6_BC66_191109_LF_LIB_consensus_vsearch	1075	G	G	269	1	0.37%	2	1	93	93	0.4999999999999138	1	1	159	110	1	0	+ACC
F6_BC66_191109_LF_LIB_consensus_vsearch	1076	G	*/-C	264	7	2.55%	2	2	93	93	0.007512050058182546	1	1	153	111	5	2	-C
F6_BC66_191109_LF_LIB_consensus_vsearch	1077	C	C	264	3	1.12%	2	1	93	93	0.1242964352720778	1	1	154	110	3	0	+G
F6_BC66_191109_LF_LIB_consensus_vsearch	1078	C	C	260	5	1.81%	2	2	93	93	0.030660944175210838	1	1	155	105	1	4	T
F6_BC66_191109_LF_LIB_consensus_vsearch	1079	A	A	259	6	2.22%	2	2	93	93	0.015184467591539906	1	1	157	102	2	4	G
F6_BC66_191109_LF_LIB_consensus_vsearch	1080	T	Y	257	8	2.93%	2	2	93	93	0.0037024232386659835	1	1	156	101	2	6	C
F6_BC66_191109_LF_LIB_consensus_vsearch	1081	G	G	267	2	0.73%	2	1	93	93	0.24953445065180796	1	1	158	109	0	2	+CG
F6_BC66_191109_LF_LIB_consensus_vsearch	1082	A	A	268	2	0.73%	2	1	93	93	0.24953617810762627	1	1	156	112	2	0	G
F6_BC66_191109_LF_LIB_consensus_vsearch	1083	T	T	267	4	1.46%	2	1	93	93	0.061807482193030554	1	1	157	110	4	0	-GG
F6_BC66_191109_LF_LIB_consensus_vsearch	1084	G	G	264	2	0.74%	2	1	93	93	0.24952919020719036	1	1	153	111	2	0	A
F6_BC66_191109_LF_LIB_consensus_vsearch	1085	G	*/-C	241	19	7.01%	2	2	93	93	1.3561639340408357E-6	1	1	135	106	14	5	-C
F6_BC66_191109_LF_LIB_consensus_vsearch	1086	C	C	242	3	1.2%	2	1	93	93	0.1242331288343819	1	1	138	104	3	0	A
F6_BC66_191109_LF_LIB_consensus_vsearch	1087	C	C	262	6	2.23%	2	2	93	93	0.015189380104217696	1	1	151	111	5	1	T
F6_BC66_191109_LF_LIB_consensus_vsearch	1088	C	Y	265	7	2.55%	2	2	93	93	0.00751314636487435	1	1	155	110	6	1	T
F6_BC66_191109_LF_LIB_consensus_vsearch	1089	C	Y	230	27	9.85%	2	2	93	93	3.62530289026847E-9	1	1	142	88	11	16	T
F6_BC66_191109_LF_LIB_consensus_vsearch	1090	G	*/-A	261	9	3.3%	2	1	93	93	0.0018252099194485903	1	1	148	113	9	0	-A
F6_BC66_191109_LF_LIB_consensus_vsearch	1091	A	A	257	4	1.5%	2	1	93	93	0.061780923746039114	1	1	145	112	4	0	-G
F6_BC66_191109_LF_LIB_consensus_vsearch	1092	G	G	268	2	0.74%	2	2	93	93	0.24953617810762627	1	1	157	111	1	1	+A
F6_BC66_191109_LF_LIB_consensus_vsearch	1093	A	A	265	3	1.09%	2	2	93	93	0.12429906542060956	1	1	156	109	2	1	G
F6_BC66_191109_LF_LIB_consensus_vsearch	1094	C	C	264	3	1.09%	2	1	93	93	0.1242964352720778	1	1	155	109	3	0	-A
F6_BC66_191109_LF_LIB_consensus_vsearch	1095	A	*/-C	228	22	8.12%	2	2	93	93	1.4709921474682063E-7	1	1	119	109	21	1	-C
F6_BC66_191109_LF_LIB_consensus_vsearch	1096	C	C	245	2	0.79%	2	1	93	93	0.24949290060873971	1	1	135	110	2	0	G
F6_BC66_191109_LF_LIB_consensus_vsearch	1097	C	C	270	3	1.09%	2	2	93	93	0.12431192660547026	1	1	161	109	2	1	-T
F6_BC66_191109_LF_LIB_consensus_vsearch	1098	T	Y	256	8	2.93%	2	2	93	93	0.003701660868547635	1	1	155	101	1	7	C
F6_BC66_191109_LF_LIB_consensus_vsearch	1099	A	A	268	2	0.74%	2	2	93	93	0.24953617810762627	1	1	159	109	1	1	G
F6_BC66_191109_LF_LIB_consensus_vsearch	1100	A	A	269	5	1.81%	2	2	93	93	0.030680274390748198	1	1	158	111	3	2	G
F6_BC66_191109_LF_LIB_consensus_vsearch	1101	T	T	269	4	1.45%	2	2	93	93	0.06181256019060895	1	1	159	110	2	2	C
F6_BC66_191109_LF_LIB_consensus_vsearch	1102	C	C	265	3	1.09%	2	1	93	93	0.12429906542060956	1	1	153	112	3	0	-A
F6_BC66_191109_LF_LIB_consensus_vsearch	1103	A	A	263	3	1.11%	2	2	93	93	0.12429378531094196	1	1	154	109	1	2	-T
F6_BC66_191109_LF_LIB_consensus_vsearch	1104	T	T	266	3	1.11%	2	2	93	93	0.1243016759777629	1	1	160	106	1	2	C
F6_BC66_191109_LF_LIB_consensus_vsearch	1105	T	T	268	2	0.73%	2	1	93	93	0.24953617810762627	1	1	160	108	0	2	-C
F6_BC66_191109_LF_LIB_consensus_vsearch	1106	C	C	266	2	0.73%	2	2	93	93	0.24953271028049737	1	1	158	108	1	1	-G
F6_BC66_191109_LF_LIB_consensus_vsearch	1107	G	G	263	4	1.47%	2	1	93	93	0.06179709776251344	1	1	159	104	0	4	+C
F6_BC66_191109_LF_LIB_consensus_vsearch	1108	C	C	268	2	0.73%	2	1	93	93	0.24953617810762627	1	1	161	107	0	2	+T
F6_BC66_191109_LF_LIB_consensus_vsearch	1109	T	T	263	4	1.47%	2	1	93	93	0.06179709776251344	1	1	161	102	0	4	-C
F6_BC66_191109_LF_LIB_consensus_vsearch	1110	C	C	264	4	1.48%	2	2	93	93	0.06179972295775155	1	1	161	103	1	3	-T
F6_BC66_191109_LF_LIB_consensus_vsearch	1111	T	T	264	5	1.84%	2	2	93	93	0.030669694912897477	1	1	160	104	1	4	C
F6_BC66_191109_LF_LIB_consensus_vsearch	1112	A	A	267	3	1.09%	2	2	93	93	0.12430426716151294	1	1	158	109	2	1	-C
F6_BC66_191109_LF_LIB_consensus_vsearch	1113	C	C	271	0	0%	2	0	93	0	1.0	1	0	160	111	0	0	
F6_BC66_191109_LF_LIB_consensus_vsearch	1114	C	*/+A	250	8	2.92%	2	1	93	93	0.0036969641636293116	1	1	149	101	8	0	+A
F6_BC66_191109_LF_LIB_consensus_vsearch	1115	G	S	256	9	3.31%	2	1	93	93	0.0018228405600327687	1	1	146	110	9	0	C
F6_BC66_191109_LF_LIB_consensus_vsearch	1116	C	C	264	3	1.1%	2	2	93	93	0.1242964352720778	1	1	157	107	2	1	T
F6_BC66_191109_LF_LIB_consensus_vsearch	1117	A	A	269	1	0.37%	2	1	93	93	0.4999999999999138	1	1	159	110	1	0	+TA
F6_BC66_191109_LF_LIB_consensus_vsearch	1118	A	A	268	2	0.73%	2	1	93	93	0.24953617810762627	1	1	157	111	2	0	G
F6_BC66_191109_LF_LIB_consensus_vsearch	1119	T	T	268	1	0.37%	2	1	93	93	0.5000000000003686	1	1	158	110	1	0	+A
F6_BC66_191109_LF_LIB_consensus_vsearch	1120	G	G	269	3	1.09%	2	1	93	93	0.12430939226523824	1	1	157	112	3	0	A
F6_BC66_191109_LF_LIB_consensus_vsearch	1121	C	C	269	2	0.73%	2	2	93	93	0.24953789279111838	1	1	159	110	1	1	-A
F6_BC66_191109_LF_LIB_consensus_vsearch	1122	A	A	272	1	0.37%	2	1	93	93	0.5000000000003686	1	1	160	112	1	0	C
F6_BC66_191109_LF_LIB_consensus_vsearch	1123	A	R	260	7	2.55%	2	2	93	93	0.0075075833477063125	1	1	152	108	6	1	G
F6_BC66_191109_LF_LIB_consensus_vsearch	1124	C	C	270	3	1.09%	2	2	93	93	0.12431192660547026	1	1	158	112	2	1	T
F6_BC66_191109_LF_LIB_consensus_vsearch	1125	T	T	270	4	1.45%	2	1	93	93	0.06181507136518779	1	1	161	109	0	4	C
F6_BC66_191109_LF_LIB_consensus_vsearch	1126	G	G	273	2	0.73%	2	2	93	93	0.2495446265938613	1	1	161	112	1	1	A
F6_BC66_191109_LF_LIB_consensus_vsearch	1127	A	A	273	2	0.72%	2	1	93	93	0.2495446265938613	1	1	161	112	2	0	-C
F6_BC66_191109_LF_LIB_consensus_vsearch	1128	C	C	268	2	0.73%	2	1	93	93	0.24953617810762627	1	1	161	107	0	2	+T
F6_BC66_191109_LF_LIB_consensus_vsearch	1129	T	*/-C	254	13	4.74%	2	2	93	93	1.0511074343687666E-4	1	1	158	96	1	12	-C
F6_BC66_191109_LF_LIB_consensus_vsearch	1130	C	*/-TC	250	11	4.2%	2	2	93	93	4.3849887966753017E-4	1	1	159	91	3	8	-TC
F6_BC66_191109_LF_LIB_consensus_vsearch	1131	T	*/+C	255	7	2.64%	2	1	93	93	0.007501809679633719	1	1	153	102	7	0	+C
F6_BC66_191109_LF_LIB_consensus_vsearch	1132	C	C	258	2	0.75%	2	1	93	93	0.24951830443137643	1	1	156	102	2	0	+TC
F6_BC66_191109_LF_LIB_consensus_vsearch	1133	A	A	270	1	0.37%	2	1	93	93	0.4999999999999138	1	1	159	111	0	1	+C
F6_BC66_191109_LF_LIB_consensus_vsearch	1134	A	A	267	2	0.73%	2	1	93	93	0.24953445065180796	1	1	157	110	2	0	G
F6_BC66_191109_LF_LIB_consensus_vsearch	1135	T	T	259	6	2.19%	2	1	93	93	0.015184467591539906	1	1	148	111	6	0	C
F6_BC66_191109_LF_LIB_consensus_vsearch	1136	A	*/-G	243	23	8.42%	2	2	93	93	7.254118414451195E-8	1	1	145	98	11	12	-G
F6_BC66_191109_LF_LIB_consensus_vsearch	1137	G	R	240	8	3.19%	2	1	93	93	0.003688638173064166	1	1	139	101	8	0	A
F6_BC66_191109_LF_LIB_consensus_vsearch	1138	G	G	263	5	1.81%	2	2	93	93	0.030667531693296068	1	1	152	111	3	2	A
F6_BC66_191109_LF_LIB_consensus_vsearch	1139	A	*/+C	261	7	2.59%	2	1	93	93	0.007508712428886389	1	1	148	113	7	0	+C
F6_BC66_191109_LF_LIB_consensus_vsearch	1140	A	A	267	4	1.46%	2	2	93	93	0.061807482193030554	1	1	155	112	3	1	G
F6_BC66_191109_LF_LIB_consensus_vsearch	1141	C	*/+AC	244	16	5.8%	2	1	93	93	1.202826432383446E-5	1	1	132	112	16	0	+AC
F6_BC66_191109_LF_LIB_consensus_vsearch	1142	G	S	234	21	7.78%	2	1	93	93	3.104555954926836E-7	1	1	121	113	21	0	C
F6_BC66_191109_LF_LIB_consensus_vsearch	1143	C	C	257	4	1.48%	2	1	93	93	0.061780923746039114	1	1	144	113	4	0	T
F6_BC66_191109_LF_LIB_consensus_vsearch	1144	A	R	258	7	2.56%	2	1	93	93	0.007505299821009934	1	1	147	111	7	0	G
F6_BC66_191109_LF_LIB_consensus_vsearch	1145	G	G	264	3	1.11%	2	1	93	93	0.1242964352720778	1	1	153	111	3	0	A
F6_BC66_191109_LF_LIB_consensus_vsearch	1146	C	C	265	2	0.73%	2	1	93	93	0.2495309568482648	1	1	158	107	2	0	+AGC
F6_BC66_191109_LF_LIB_consensus_vsearch	1147	T	T	265	3	1.09%	2	2	93	93	0.12429906542060956	1	1	159	106	1	2	C
F6_BC66_191109_LF_LIB_consensus_vsearch	1148	A	A	267	4	1.47%	2	2	93	93	0.061807482193030554	1	1	158	109	2	2	G
F6_BC66_191109_LF_LIB_consensus_vsearch	1149	T	*/-C	241	30	10.87%	2	1	93	93	3.983602828336478E-10	1	1	129	112	30	0	-C
F6_BC66_191109_LF_LIB_consensus_vsearch	1150	C	C	243	2	0.81%	2	1	93	93	0.24948875255617758	1	1	131	112	2	0	+A
F6_BC66_191109_LF_LIB_consensus_vsearch	1151	C	C	268	2	0.72%	2	2	93	93	0.24953617810762627	1	1	159	109	1	1	+T
F6_BC66_191109_LF_LIB_consensus_vsearch	1152	T	T	262	6	2.21%	2	1	93	93	0.015189380104217696	1	1	157	105	0	6	+G
F6_BC66_191109_LF_LIB_consensus_vsearch	1153	G	*/-A	258	9	3.3%	2	2	93	93	0.001823798755543091	1	1	146	112	8	1	-A
F6_BC66_191109_LF_LIB_consensus_vsearch	1154	A	*/-G	150	74	28.03%	2	2	93	93	3.724840248998877E-26	1	1	68	82	45	29	-G
F6_BC66_191109_LF_LIB_consensus_vsearch	1155	G	G	164	4	2.34%	2	1	93	93	0.06138227780017282	1	1	85	79	0	4	+T
F6_BC66_191109_LF_LIB_consensus_vsearch	1156	G	G	244	2	0.81%	2	2	93	93	0.24949083503056865	1	1	133	111	1	1	A
F6_BC66_191109_LF_LIB_consensus_vsearch	1157	G	G	249	6	2.31%	2	2	93	93	0.015167261137354384	1	1	143	106	2	4	-A
F6_BC66_191109_LF_LIB_consensus_vsearch	1158	A	A	250	3	1.19%	2	1	93	93	0.12425742574263329	1	1	144	106	0	3	G
F6_BC66_191109_LF_LIB_consensus_vsearch	1159	A	A	274	1	0.36%	2	1	93	93	0.4999999999999138	1	1	161	113	1	0	G
F6_BC66_191109_LF_LIB_consensus_vsearch	1160	A	A	268	3	1.09%	2	1	93	93	0.12430683918669663	1	1	160	108	3	0	G
F6_BC66_191109_LF_LIB_consensus_vsearch	1161	C	*/-T	251	15	5.49%	2	2	93	93	2.4912706212617995E-5	1	1	156	95	3	12	-T
F6_BC66_191109_LF_LIB_consensus_vsearch	1162	T	T	251	1	0.39%	2	1	93	93	0.5000000000003686	1	1	154	97	0	1	+C
F6_BC66_191109_LF_LIB_consensus_vsearch	1163	T	*/+C	241	12	4.43%	2	1	93	93	2.1363402075967646E-4	1	1	137	104	12	0	+C
F6_BC66_191109_LF_LIB_consensus_vsearch	1164	C	*/-G	233	18	6.84%	2	2	93	93	2.7815366487660633E-6	1	1	155	78	1	17	-G
F6_BC66_191109_LF_LIB_consensus_vsearch	1165	G	*/+A	231	20	7.84%	2	2	93	93	6.431854331802894E-7	1	1	159	72	2	18	+A
F6_BC66_191109_LF_LIB_consensus_vsearch	1166	G	*/-A	254	16	5.8%	2	2	93	93	1.2137905914044053E-5	1	1	157	97	1	15	-A
F6_BC66_191109_LF_LIB_consensus_vsearch	1167	A	*/+G	115	128	49.23%	2	2	93	93	2.528762082621224E-49	1	1	72	43	79	49	+G
F6_BC66_191109_LF_LIB_consensus_vsearch	1168	G	*/+AGG	253	9	3.37%	2	1	93	93	0.0018213763549018416	1	1	142	111	9	0	+AGG
F6_BC66_191109_LF_LIB_consensus_vsearch	1169	G	G	266	3	1.09%	2	2	93	93	0.1243016759777629	1	1	159	107	1	2	+A
F6_BC66_191109_LF_LIB_consensus_vsearch	1170	A	A	267	3	1.11%	2	2	93	93	0.12430426716151294	1	1	158	109	1	2	G
F6_BC66_191109_LF_LIB_consensus_vsearch	1171	A	A	266	3	1.09%	2	2	93	93	0.1243016759777629	1	1	159	107	2	1	G
F6_BC66_191109_LF_LIB_consensus_vsearch	1172	C	C	274	1	0.36%	2	1	93	93	0.4999999999999138	1	1	163	111	0	1	+TGC
F6_BC66_191109_LF_LIB_consensus_vsearch	1173	C	C	272	2	0.72%	2	1	93	93	0.2495429616087481	1	1	162	110	0	2	-A
F6_BC66_191109_LF_LIB_consensus_vsearch	1174	A	A	268	2	0.73%	2	1	93	93	0.24953617810762627	1	1	162	106	0	2	-G
F6_BC66_191109_LF_LIB_consensus_vsearch	1175	G	G	270	2	0.74%	2	2	93	93	0.2495395948434138	1	1	162	108	1	1	-C
F6_BC66_191109_LF_LIB_consensus_vsearch	1176	C	C	270	1	0.37%	2	1	93	93	0.4999999999999138	1	1	162	108	0	1	A
F6_BC66_191109_LF_LIB_consensus_vsearch	1177	C	C	272	2	0.72%	2	2	93	93	0.2495429616087481	1	1	162	110	1	1	-AT
F6_BC66_191109_LF_LIB_consensus_vsearch	1178	A	A	264	6	2.19%	2	1	93	93	0.015192594697130085	1	1	155	109	6	0	G
F6_BC66_191109_LF_LIB_consensus_vsearch	1179	T	T	265	2	0.74%	2	1	93	93	0.2495309568482648	1	1	158	107	2	0	+G
F6_BC66_191109_LF_LIB_consensus_vsearch	1180	T	Y	252	7	2.55%	2	2	93	93	0.007498239332403135	1	1	149	103	3	4	C
F6_BC66_191109_LF_LIB_consensus_vsearch	1181	A	A	261	5	1.84%	2	1	93	93	0.03066315650820783	1	1	155	106	5	0	-G
F6_BC66_191109_LF_LIB_consensus_vsearch	1182	G	G	266	3	1.11%	2	1	93	93	0.1243016759777629	1	1	154	112	3	0	-A
F6_BC66_191109_LF_LIB_consensus_vsearch	1183	A	A	264	2	0.74%	2	1	93	93	0.24952919020719036	1	1	155	109	2	0	+C
F6_BC66_191109_LF_LIB_consensus_vsearch	1184	C	C	263	6	2.2%	2	1	93	93	0.015190993352737225	1	1	159	104	0	6	T
F6_BC66_191109_LF_LIB_consensus_vsearch	1185	G	R	255	13	4.74%	2	1	93	93	1.051708397388793E-4	1	1	149	106	13	0	A
F6_BC66_191109_LF_LIB_consensus_vsearch	1186	G	G	270	2	0.73%	2	1	93	93	0.2495395948434138	1	1	158	112	2	0	T
F6_BC66_191109_LF_LIB_consensus_vsearch	1187	T	*/+C	261	8	2.92%	2	1	93	93	0.003705416747963619	1	1	160	101	0	8	+C
F6_BC66_191109_LF_LIB_consensus_vsearch	1188	T	*/-C	261	7	2.55%	2	1	93	93	0.007508712428886389	1	1	156	105	0	7	-C
F6_BC66_191109_LF_LIB_consensus_vsearch	1189	C	C	259	3	1.12%	2	2	93	93	0.12428298279160237	1	1	159	100	1	2	+T
F6_BC66_191109_LF_LIB_consensus_vsearch	1190	G	G	269	2	0.73%	2	1	93	93	0.24953789279111838	1	1	157	112	2	0	-A
F6_BC66_191109_LF_LIB_consensus_vsearch	1191	A	A	267	1	0.37%	2	1	93	93	0.5000000000003686	1	1	156	111	1	0	+C
F6_BC66_191109_LF_LIB_consensus_vsearch	1192	T	T	261	3	1.11%	2	2	93	93	0.12428842504744599	1	1	151	110	2	1	-A
F6_BC66_191109_LF_LIB_consensus_vsearch	1193	A	*/+G	252	7	2.6%	2	1	93	93	0.007498239332403135	1	1	149	103	0	7	+G
F6_BC66_191109_LF_LIB_consensus_vsearch	1194	G	G	268	1	0.37%	2	1	93	93	0.5000000000003686	1	1	157	111	1	0	+A
F6_BC66_191109_LF_LIB_consensus_vsearch	1195	G	*/+T	252	15	5.43%	2	1	93	93	2.4932181436345333E-5	1	1	159	93	0	15	+T
F6_BC66_191109_LF_LIB_consensus_vsearch	1196	T	*/-CTT	245	15	5.51%	2	2	93	93	2.4792952994020384E-5	1	1	154	91	1	14	-CTT
F6_BC66_191109_LF_LIB_consensus_vsearch	1197	C	*/-T	219	22	8.56%	2	1	93	93	1.4434661999665344E-7	1	1	153	66	0	22	-T
F6_BC66_191109_LF_LIB_consensus_vsearch	1198	T	Y	221	8	3.42%	2	2	93	93	0.003670845031231652	1	1	150	71	6	2	C
F6_BC66_191109_LF_LIB_consensus_vsearch	1199	T	Y	241	10	3.91%	2	2	93	93	8.912835697054955E-4	1	1	151	90	7	3	C
F6_BC66_191109_LF_LIB_consensus_vsearch	1200	T	*/-C	266	7	2.54%	2	2	93	93	0.0075142347009056415	1	1	158	108	3	4	-C
F6_BC66_191109_LF_LIB_consensus_vsearch	1201	C	C	261	3	1.12%	2	2	93	93	0.12428842504744599	1	1	155	106	2	1	-GC
F6_BC66_191109_LF_LIB_consensus_vsearch	1202	G	*/-C	186	68	25.09%	2	2	93	93	1.884438627670497E-23	1	1	92	94	52	16	-C
F6_BC66_191109_LF_LIB_consensus_vsearch	1203	C	C	189	3	1.53%	2	1	93	93	0.12402088772842607	1	1	98	91	0	3	+T
F6_BC66_191109_LF_LIB_consensus_vsearch	1204	C	C	266	1	0.37%	2	1	93	93	0.4999999999999138	1	1	154	112	0	1	T
F6_BC66_191109_LF_LIB_consensus_vsearch	1205	C	C	262	4	1.48%	2	2	93	93	0.06179445281046573	1	1	152	110	2	2	+T
F6_BC66_191109_LF_LIB_consensus_vsearch	1206	C	C	264	6	2.18%	2	2	93	93	0.015192594697130085	1	1	157	107	1	5	-T
F6_BC66_191109_LF_LIB_consensus_vsearch	1207	T	Y	257	7	2.59%	2	2	93	93	0.007504145184876668	1	1	156	101	2	5	C
F6_BC66_191109_LF_LIB_consensus_vsearch	1208	A	A	266	2	0.74%	2	1	93	93	0.24953271028049737	1	1	156	110	2	0	-TA
F6_BC66_191109_LF_LIB_consensus_vsearch	1209	T	*/-AC	253	8	2.94%	2	1	93	93	0.0036993391596663746	1	1	143	110	8	0	-AC
F6_BC66_191109_LF_LIB_consensus_vsearch	1210	A	R	233	17	6.54%	2	2	93	93	5.758470500124073E-6	1	1	124	109	15	2	G
F6_BC66_191109_LF_LIB_consensus_vsearch	1211	C	*/+T	257	7	2.64%	2	2	93	93	0.007504145184876668	1	1	148	109	4	3	+T
F6_BC66_191109_LF_LIB_consensus_vsearch	1212	C	S	261	12	4.35%	2	1	93	93	2.1577907883231425E-4	1	1	148	113	12	0	G
F6_BC66_191109_LF_LIB_consensus_vsearch	1213	C	C	271	2	0.72%	2	1	93	93	0.24954128440383208	1	1	159	112	2	0	+G
F6_BC66_191109_LF_LIB_consensus_vsearch	1214	A	A	267	3	1.09%	2	1	93	93	0.12430426716151294	1	1	156	111	3	0	-G
F6_BC66_191109_LF_LIB_consensus_vsearch	1215	G	G	270	1	0.37%	2	1	93	93	0.4999999999999138	1	1	158	112	1	0	+A
F6_BC66_191109_LF_LIB_consensus_vsearch	1216	G	G	265	5	1.81%	2	2	93	93	0.030671842124359663	1	1	154	111	4	1	-T
F6_BC66_191109_LF_LIB_consensus_vsearch	1217	T	T	267	1	0.37%	2	1	93	93	0.5000000000003686	1	1	158	109	0	1	+AAAGGT
F6_BC66_191109_LF_LIB_consensus_vsearch	1218	T	T	267	5	1.81%	2	1	93	93	0.030676089228361576	1	1	155	112	5	0	-AC
F6_BC66_191109_LF_LIB_consensus_vsearch	1219	A	A	266	3	1.11%	2	2	93	93	0.1243016759777629	1	1	155	111	2	1	G
F6_BC66_191109_LF_LIB_consensus_vsearch	1220	C	C	268	1	0.37%	2	1	93	93	0.5000000000003686	1	1	156	112	1	0	+G
F6_BC66_191109_LF_LIB_consensus_vsearch	1221	G	*/-CG	262	9	3.26%	2	1	93	93	0.0018256734909882749	1	1	160	102	0	9	-CG
F6_BC66_191109_LF_LIB_consensus_vsearch	1222	C	C	259	4	1.5%	2	2	93	93	0.061786397159329126	1	1	159	100	2	2	T
F6_BC66_191109_LF_LIB_consensus_vsearch	1223	G	G	267	0	0%	2	0	93	0	1.0	1	0	163	104	0	0	
F6_BC66_191109_LF_LIB_consensus_vsearch	1224	A	A	271	4	1.45%	2	1	93	93	0.06181756426009212	1	1	162	109	0	4	-T
F6_BC66_191109_LF_LIB_consensus_vsearch	1225	T	T	270	1	0.37%	2	1	93	93	0.4999999999999138	1	1	162	108	1	0	-CGAT
F6_BC66_191109_LF_LIB_consensus_vsearch	1226	C	C	266	5	1.82%	2	2	93	93	0.030673973504714284	1	1	156	110	4	1	-G
F6_BC66_191109_LF_LIB_consensus_vsearch	1227	G	*/-A	261	8	2.96%	2	1	93	93	0.003705416747963619	1	1	149	112	8	0	-A
F6_BC66_191109_LF_LIB_consensus_vsearch	1228	A	*/-T	250	7	2.63%	2	2	93	93	0.007495813166417644	1	1	143	107	6	1	-T
F6_BC66_191109_LF_LIB_consensus_vsearch	1229	T	K	250	11	4.15%	2	2	93	93	4.3849887966753017E-4	1	1	141	109	10	1	G
F6_BC66_191109_LF_LIB_consensus_vsearch	1230	T	T	271	2	0.73%	2	2	93	93	0.24954128440383208	1	1	160	111	1	1	G
F6_BC66_191109_LF_LIB_consensus_vsearch	1231	T	T	264	4	1.45%	2	2	93	93	0.06179972295775155	1	1	156	108	1	3	-G
F6_BC66_191109_LF_LIB_consensus_vsearch	1232	G	G	266	1	0.37%	2	1	93	93	0.4999999999999138	1	1	159	107	0	1	+A
F6_BC66_191109_LF_LIB_consensus_vsearch	1233	C	*/-AC	234	33	12.09%	2	2	93	93	4.059259740637717E-11	1	1	127	107	32	1	-AC
F6_BC66_191109_LF_LIB_consensus_vsearch	1234	A	A	237	1	0.41%	2	1	93	93	0.5000000000003686	1	1	126	111	1	0	+C
F6_BC66_191109_LF_LIB_consensus_vsearch	1235	C	Y	233	8	3.32%	2	2	93	93	0.0036824046267336483	1	1	126	107	3	5	T
F6_BC66_191109_LF_LIB_consensus_vsearch	1236	G	G	270	3	1.09%	2	2	93	93	0.12431192660547026	1	1	159	111	1	2	-T
F6_BC66_191109_LF_LIB_consensus_vsearch	1237	T	T	266	4	1.47%	2	1	93	93	0.06180491495741971	1	1	157	109	4	0	+C
F6_BC66_191109_LF_LIB_consensus_vsearch	1238	C	C	269	4	1.45%	2	1	93	93	0.06181256019060895	1	1	157	112	4	0	+A
F6_BC66_191109_LF_LIB_consensus_vsearch	1239	A	A	265	3	1.09%	2	2	93	93	0.12429906542060956	1	1	158	107	1	2	+G
F6_BC66_191109_LF_LIB_consensus_vsearch	1240	G	G	268	4	1.46%	2	2	93	93	0.061810030534865154	1	1	159	109	2	2	-A
F6_BC66_191109_LF_LIB_consensus_vsearch	1241	A	A	270	2	0.74%	2	2	93	93	0.2495395948434138	1	1	160	110	1	1	G
F6_BC66_191109_LF_LIB_consensus_vsearch	1242	A	A	263	5	1.81%	2	1	93	93	0.030667531693296068	1	1	155	108	5	0	G
F6_BC66_191109_LF_LIB_consensus_vsearch	1243	T	T	259	6	2.21%	2	1	93	93	0.015184467591539906	1	1	159	100	0	6	-C
F6_BC66_191109_LF_LIB_consensus_vsearch	1244	C	C	251	6	2.25%	2	1	93	93	0.015170809117680038	1	1	149	102	6	0	-G
F6_BC66_191109_LF_LIB_consensus_vsearch	1245	G	G	262	2	0.75%	2	2	93	93	0.24952561669824413	1	1	152	110	1	1	A
F6_BC66_191109_LF_LIB_consensus_vsearch	1246	C	M	258	7	2.55%	2	1	93	93	0.007505299821009934	1	1	149	109	7	0	A
F6_BC66_191109_LF_LIB_consensus_vsearch	1247	T	T	258	4	1.49%	2	2	93	93	0.061783670907884385	1	1	153	105	2	2	C
F6_BC66_191109_LF_LIB_consensus_vsearch	1248	A	R	251	11	4.12%	2	2	93	93	4.386825993841257E-4	1	1	143	108	10	1	G
F6_BC66_191109_LF_LIB_consensus_vsearch	1249	C	C	262	2	0.74%	2	1	93	93	0.24952561669824413	1	1	152	110	2	0	+G
F6_BC66_191109_LF_LIB_consensus_vsearch	1250	A	R	252	9	3.28%	2	2	93	93	0.0018208809482378404	1	1	145	107	7	2	G
F6_BC66_191109_LF_LIB_consensus_vsearch	1251	G	G	263	3	1.12%	2	1	93	93	0.12429378531094196	1	1	155	108	3	0	+A
F6_BC66_191109_LF_LIB_consensus_vsearch	1252	G	G	266	3	1.09%	2	1	93	93	0.1243016759777629	1	1	160	106	0	3	+C
F6_BC66_191109_LF_LIB_consensus_vsearch	1253	C	C	270	1	0.37%	2	1	93	93	0.4999999999999138	1	1	162	108	0	1	+TC
F6_BC66_191109_LF_LIB_consensus_vsearch	1254	C	C	268	4	1.45%	2	1	93	93	0.061810030534865154	1	1	162	106	0	4	-T
F6_BC66_191109_LF_LIB_consensus_vsearch	1255	T	T	258	5	1.85%	2	2	93	93	0.030656469088614302	1	1	154	104	4	1	-C
F6_BC66_191109_LF_LIB_consensus_vsearch	1256	C	C	266	1	0.37%	2	1	93	93	0.4999999999999138	1	1	157	109	0	1	+TC
F6_BC66_191109_LF_LIB_consensus_vsearch	1257	C	C	273	0	0%	2	0	93	0	1.0	1	0	161	112	0	0	
F6_BC66_191109_LF_LIB_consensus_vsearch	1258	A	A	270	2	0.73%	2	2	93	93	0.2495395948434138	1	1	158	112	1	1	-C
F6_BC66_191109_LF_LIB_consensus_vsearch	1259	C	C	270	1	0.37%	2	1	93	93	0.4999999999999138	1	1	159	111	1	0	+AC
F6_BC66_191109_LF_LIB_consensus_vsearch	1260	C	C	269	4	1.45%	2	2	93	93	0.06181256019060895	1	1	162	107	1	3	T
F6_BC66_191109_LF_LIB_consensus_vsearch	1261	A	A	271	1	0.36%	2	1	93	93	0.4999999999999138	1	1	162	109	0	1	C
F6_BC66_191109_LF_LIB_consensus_vsearch	1262	G	G	272	1	0.36%	2	1	93	93	0.5000000000003686	1	1	163	109	0	1	+C
F6_BC66_191109_LF_LIB_consensus_vsearch	1263	C	C	270	1	0.37%	2	1	93	93	0.4999999999999138	1	1	162	108	0	1	+T
F6_BC66_191109_LF_LIB_consensus_vsearch	1264	G	G	266	3	1.1%	2	1	93	93	0.1243016759777629	1	1	155	111	3	0	+T
F6_BC66_191109_LF_LIB_consensus_vsearch	1265	T	T	267	4	1.48%	2	2	93	93	0.061807482193030554	1	1	157	110	2	2	C
F6_BC66_191109_LF_LIB_consensus_vsearch	1266	T	T	272	4	1.45%	2	2	93	93	0.06182003907461255	1	1	162	110	1	3	C
F6_BC66_191109_LF_LIB_consensus_vsearch	1267	T	T	268	3	1.09%	2	1	93	93	0.12430683918669663	1	1	157	111	3	0	+C
F6_BC66_191109_LF_LIB_consensus_vsearch	1268	C	C	270	1	0.37%	2	1	93	93	0.4999999999999138	1	1	159	111	1	0	+A
F6_BC66_191109_LF_LIB_consensus_vsearch	1269	C	C	271	3	1.09%	2	1	93	93	0.12431444241326345	1	1	159	112	3	0	-AC
F6_BC66_191109_LF_LIB_consensus_vsearch	1270	A	A	268	2	0.73%	2	1	93	93	0.24953617810762627	1	1	158	110	0	2	+C
F6_BC66_191109_LF_LIB_consensus_vsearch	1271	C	C	264	4	1.47%	2	2	93	93	0.06179972295775155	1	1	155	109	2	2	-T
F6_BC66_191109_LF_LIB_consensus_vsearch	1272	T	T	262	6	2.21%	2	1	93	93	0.015189380104217696	1	1	159	103	0	6	+C
F6_BC66_191109_LF_LIB_consensus_vsearch	1273	G	G	269	1	0.36%	2	1	93	93	0.4999999999999138	1	1	158	111	1	0	+AA
F6_BC66_191109_LF_LIB_consensus_vsearch	1274	G	G	270	5	1.82%	2	1	93	93	0.030682344165700513	1	1	157	113	5	0	A
F6_BC66_191109_LF_LIB_consensus_vsearch	1275	C	C	266	4	1.45%	2	2	93	93	0.06180491495741971	1	1	155	111	3	1	-T
F6_BC66_191109_LF_LIB_consensus_vsearch	1276	T	T	264	4	1.49%	2	2	93	93	0.06179972295775155	1	1	154	110	2	2	C
F6_BC66_191109_LF_LIB_consensus_vsearch	1277	T	*/+C	256	7	2.57%	2	2	93	93	0.007502981837406636	1	1	147	109	4	3	+C
F6_BC66_191109_LF_LIB_consensus_vsearch	1278	C	C	268	2	0.73%	2	2	93	93	0.24953617810762627	1	1	159	109	1	1	+T
F6_BC66_191109_LF_LIB_consensus_vsearch	1279	A	*/-C	260	8	2.92%	2	2	93	93	0.0037046766426069204	1	1	152	108	4	4	-C
F6_BC66_191109_LF_LIB_consensus_vsearch	1280	C	*/+T	253	11	4.14%	2	1	93	93	4.390460042919817E-4	1	1	158	95	0	11	+T
F6_BC66_191109_LF_LIB_consensus_vsearch	1281	C	*/+T	229	24	8.7%	2	1	93	93	3.3632307211116254E-8	1	1	158	71	0	24	+T
F6_BC66_191109_LF_LIB_consensus_vsearch	1282	T	T	252	4	1.56%	2	1	93	93	0.06176686569346045	1	1	154	98	4	0	A
F6_BC66_191109_LF_LIB_consensus_vsearch	1283	T	*/-AC	247	19	6.91%	2	1	93	93	1.367020640150722E-6	1	1	138	109	19	0	-AC
F6_BC66_191109_LF_LIB_consensus_vsearch	1284	A	*/-C	212	26	10.32%	2	2	93	93	7.2400912318250535E-9	1	1	103	109	23	3	-C
F6_BC66_191109_LF_LIB_consensus_vsearch	1285	C	C	213	4	1.81%	2	1	93	93	0.06163495389099757	1	1	107	106	4	0	G
F6_BC66_191109_LF_LIB_consensus_vsearch	1286	C	S	245	19	7.14%	2	1	93	93	1.3634490521887613E-6	1	1	134	111	19	0	G
F6_BC66_191109_LF_LIB_consensus_vsearch	1287	C	Y	252	9	3.27%	2	1	93	93	0.0018208809482378404	1	1	160	92	0	9	T
F6_BC66_191109_LF_LIB_consensus_vsearch	1288	G	R	239	22	8.3%	2	2	93	93	1.5025710947578298E-7	1	1	141	98	21	1	A
F6_BC66_191109_LF_LIB_consensus_vsearch	1289	G	G	262	4	1.48%	2	1	93	93	0.06179445281046573	1	1	156	106	4	0	+A
F6_BC66_191109_LF_LIB_consensus_vsearch	1290	G	G	273	1	0.36%	2	1	93	93	0.4999999999999138	1	1	162	111	0	1	-C
F6_BC66_191109_LF_LIB_consensus_vsearch	1291	C	C	275	0	0%	2	0	93	0	1.0	1	0	163	112	0	0	
F6_BC66_191109_LF_LIB_consensus_vsearch	1292	A	A	272	2	0.72%	2	1	93	93	0.2495429616087481	1	1	159	113	2	0	C
F6_BC66_191109_LF_LIB_consensus_vsearch	1293	T	T	267	3	1.09%	2	1	93	93	0.12430426716151294	1	1	158	109	3	0	+G
F6_BC66_191109_LF_LIB_consensus_vsearch	1294	A	A	270	4	1.45%	2	2	93	93	0.06181507136518779	1	1	160	110	2	2	-G
F6_BC66_191109_LF_LIB_consensus_vsearch	1295	G	G	266	3	1.1%	2	2	93	93	0.1243016759777629	1	1	159	107	1	2	A
F6_BC66_191109_LF_LIB_consensus_vsearch	1296	T	T	268	4	1.45%	2	2	93	93	0.061810030534865154	1	1	161	107	2	2	C
F6_BC66_191109_LF_LIB_consensus_vsearch	1297	T	T	265	6	2.17%	2	2	93	93	0.015194184268635263	1	1	157	108	2	4	-C
F6_BC66_191109_LF_LIB_consensus_vsearch	1298	C	C	263	1	0.37%	2	1	93	93	0.4999999999999138	1	1	154	109	1	0	+T
F6_BC66_191109_LF_LIB_consensus_vsearch	1299	A	A	263	5	1.83%	2	2	93	93	0.030667531693296068	1	1	153	110	4	1	G
F6_BC66_191109_LF_LIB_consensus_vsearch	1300	C	C	261	4	1.47%	2	1	93	93	0.06179178787806501	1	1	159	102	0	4	A
F6_BC66_191109_LF_LIB_consensus_vsearch	1301	C	C	266	3	1.09%	2	1	93	93	0.1243016759777629	1	1	157	109	0	3	T
F6_BC66_191109_LF_LIB_consensus_vsearch	1302	A	A	266	4	1.47%	2	2	93	93	0.06180491495741971	1	1	158	108	1	3	G
F6_BC66_191109_LF_LIB_consensus_vsearch	1303	T	T	270	3	1.09%	2	2	93	93	0.12431192660547026	1	1	158	112	2	1	G
F6_BC66_191109_LF_LIB_consensus_vsearch	1304	C	*/-T	250	19	6.88%	2	2	93	93	1.3722918430653026E-6	1	1	157	93	1	18	-T
F6_BC66_191109_LF_LIB_consensus_vsearch	1305	T	T	249	1	0.4%	2	1	93	93	0.5000000000003686	1	1	158	91	1	0	+A
F6_BC66_191109_LF_LIB_consensus_vsearch	1306	T	T	270	1	0.37%	2	1	93	93	0.4999999999999138	1	1	159	111	1	0	A
F6_BC66_191109_LF_LIB_consensus_vsearch	1307	T	*/+C	261	7	2.55%	2	2	93	93	0.007508712428886389	1	1	152	109	6	1	+C
F6_BC66_191109_LF_LIB_consensus_vsearch	1308	C	C	267	5	1.81%	2	2	93	93	0.030676089228361576	1	1	159	108	3	2	-G
F6_BC66_191109_LF_LIB_consensus_vsearch	1309	G	R	252	15	5.58%	2	1	93	93	2.4932181436345333E-5	1	1	144	108	15	0	A
F6_BC66_191109_LF_LIB_consensus_vsearch	1310	G	G	269	2	0.73%	2	1	93	93	0.24953789279111838	1	1	160	109	2	0	+A
F6_BC66_191109_LF_LIB_consensus_vsearch	1311	G	G	273	3	1.09%	2	2	93	93	0.12431941923772909	1	1	161	112	2	1	T
F6_BC66_191109_LF_LIB_consensus_vsearch	1312	T	T	275	1	0.36%	2	1	93	93	0.5000000000003686	1	1	163	112	0	1	C
F6_BC66_191109_LF_LIB_consensus_vsearch	1313	C	C	267	3	1.09%	2	2	93	93	0.12430426716151294	1	1	158	109	2	1	T
F6_BC66_191109_LF_LIB_consensus_vsearch	1314	G	G	270	1	0.37%	2	1	93	93	0.4999999999999138	1	1	159	111	0	1	+T
F6_BC66_191109_LF_LIB_consensus_vsearch	1315	C	C	269	3	1.09%	2	1	93	93	0.12430939226523824	1	1	157	112	3	0	-AC
F6_BC66_191109_LF_LIB_consensus_vsearch	1316	A	A	268	2	0.73%	2	1	93	93	0.24953617810762627	1	1	155	113	2	0	-C
F6_BC66_191109_LF_LIB_consensus_vsearch	1317	C	C	266	2	0.74%	2	2	93	93	0.24953271028049737	1	1	154	112	1	1	+A
F6_BC66_191109_LF_LIB_consensus_vsearch	1318	C	Y	255	9	3.27%	2	2	93	93	0.0018223561198992344	1	1	154	101	2	7	T
F6_BC66_191109_LF_LIB_consensus_vsearch	1319	G	R	254	13	4.74%	2	1	93	93	1.0511074343687666E-4	1	1	144	110	13	0	A
F6_BC66_191109_LF_LIB_consensus_vsearch	1320	T	T	264	2	0.74%	2	1	93	93	0.24952919020719036	1	1	156	108	0	2	C
F6_BC66_191109_LF_LIB_consensus_vsearch	1321	A	R	245	12	4.36%	2	1	93	93	2.1408856657334662E-4	1	1	135	110	12	0	G
F6_BC66_191109_LF_LIB_consensus_vsearch	1322	C	C	264	1	0.38%	2	1	93	93	0.4999999999999138	1	1	152	112	1	0	-A
F6_BC66_191109_LF_LIB_consensus_vsearch	1323	A	R	254	8	3.02%	2	2	93	93	0.003700118894213593	1	1	142	112	7	1	G
F6_BC66_191109_LF_LIB_consensus_vsearch	1324	T	T	269	2	0.73%	2	1	93	93	0.24953789279111838	1	1	159	110	2	0	+A
F6_BC66_191109_LF_LIB_consensus_vsearch	1325	G	R	253	9	3.27%	2	2	93	93	0.0018213763549018416	1	1	148	105	8	1	A
F6_BC66_191109_LF_LIB_consensus_vsearch	1326	C	C	266	3	1.09%	2	2	93	93	0.1243016759777629	1	1	158	108	1	2	T
F6_BC66_191109_LF_LIB_consensus_vsearch	1327	T	T	269	3	1.09%	2	2	93	93	0.12430939226523824	1	1	159	110	2	1	+C
F6_BC66_191109_LF_LIB_consensus_vsearch	1328	C	*/+T	260	7	2.54%	2	2	93	93	0.0075075833477063125	1	1	159	101	1	6	+T
F6_BC66_191109_LF_LIB_consensus_vsearch	1329	T	T	260	2	0.74%	2	1	93	93	0.2495219885277623	1	1	157	103	0	2	+A
F6_BC66_191109_LF_LIB_consensus_vsearch	1330	A	*/-C	246	19	7.04%	2	1	93	93	1.3652406653585688E-6	1	1	156	90	0	19	-C
F6_BC66_191109_LF_LIB_consensus_vsearch	1331	C	C	242	4	1.59%	2	1	93	93	0.061737033473691375	1	1	157	85	0	4	+TC
F6_BC66_191109_LF_LIB_consensus_vsearch	1332	C	*/-TC	254	10	3.68%	2	1	93	93	8.953772843442645E-4	1	1	159	95	0	10	-TC
F6_BC66_191109_LF_LIB_consensus_vsearch	1333	T	T	252	3	1.16%	2	1	93	93	0.12426326129665838	1	1	157	95	3	0	+C
F6_BC66_191109_LF_LIB_consensus_vsearch	1334	C	C	257	3	1.13%	2	1	93	93	0.12427745664727831	1	1	159	98	3	0	-A
F6_BC66_191109_LF_LIB_consensus_vsearch	1335	A	A	261	3	1.1%	2	1	93	93	0.12428842504744599	1	1	158	103	0	3	-C
F6_BC66_191109_LF_LIB_consensus_vsearch	1336	C	C	264	3	1.1%	2	1	93	93	0.1242964352720778	1	1	162	102	0	3	+A
F6_BC66_191109_LF_LIB_consensus_vsearch	1337	A	*/-CA	230	36	13.04%	2	2	93	93	4.086784918968076E-12	1	1	135	95	22	14	-CA
F6_BC66_191109_LF_LIB_consensus_vsearch	1338	C	Y	222	8	3.36%	2	2	93	93	0.0036718537228742883	1	1	133	89	1	7	T
F6_BC66_191109_LF_LIB_consensus_vsearch	1339	A	A	235	2	0.84%	2	2	93	93	0.24947145877361238	1	1	138	97	1	1	+CA
F6_BC66_191109_LF_LIB_consensus_vsearch	1340	A	A	271	2	0.73%	2	2	93	93	0.24954128440383208	1	1	161	110	1	1	-G
F6_BC66_191109_LF_LIB_consensus_vsearch	1341	G	G	273	1	0.36%	2	1	93	93	0.4999999999999138	1	1	162	111	0	1	T
F6_BC66_191109_LF_LIB_consensus_vsearch	1342	G	G	274	1	0.36%	2	1	93	93	0.4999999999999138	1	1	162	112	1	0	-C
F6_BC66_191109_LF_LIB_consensus_vsearch	1343	C	C	265	4	1.46%	2	1	93	93	0.06180232861697055	1	1	155	110	4	0	+A
F6_BC66_191109_LF_LIB_consensus_vsearch	1344	G	G	270	1	0.36%	2	1	93	93	0.4999999999999138	1	1	160	110	1	0	+A
F6_BC66_191109_LF_LIB_consensus_vsearch	1345	G	*/+T	249	21	7.61%	2	2	93	93	3.1824949978315514E-7	1	1	149	100	9	12	+T
F6_BC66_191109_LF_LIB_consensus_vsearch	1346	G	*/+TG	72	200	72.46%	2	2	93	93	1.1854193735794911E-87	1	1	37	35	125	75	+TG
F6_BC66_191109_LF_LIB_consensus_vsearch	1347	C	Y	219	45	16.48%	2	2	93	93	3.657154654688374E-15	1	1	132	87	23	22	T
F6_BC66_191109_LF_LIB_consensus_vsearch	1348	G	*/+C	228	24	8.82%	2	2	93	93	3.355223097997583E-8	1	1	137	91	9	15	+C
F6_BC66_191109_LF_LIB_consensus_vsearch	1349	G	R	257	10	3.64%	2	1	93	93	8.962668170105445E-4	1	1	149	108	10	0	A
F6_BC66_191109_LF_LIB_consensus_vsearch	1350	G	K	263	10	3.64%	2	1	93	93	8.979886896061976E-4	1	1	153	110	10	0	T
F6_BC66_191109_LF_LIB_consensus_vsearch	1351	T	T	268	3	1.09%	2	2	93	93	0.12430683918669663	1	1	160	108	2	1	C
F6_BC66_191109_LF_LIB_consensus_vsearch	1352	G	*/+T	252	15	5.47%	2	1	93	93	2.4932181436345333E-5	1	1	159	93	0	15	+T
F6_BC66_191109_LF_LIB_consensus_vsearch	1353	T	T	256	5	1.82%	2	2	93	93	0.03065192548788321	1	1	149	107	4	1	C
F6_BC66_191109_LF_LIB_consensus_vsearch	1354	C	*/-T	245	18	6.74%	2	2	93	93	2.8233306503124774E-6	1	1	152	93	3	15	-T
F6_BC66_191109_LF_LIB_consensus_vsearch	1355	T	T	237	4	1.58%	2	2	93	93	0.06172118802604435	1	1	149	88	1	3	-GC
F6_BC66_191109_LF_LIB_consensus_vsearch	1356	G	G	264	3	1.12%	2	1	93	93	0.1242964352720778	1	1	154	110	3	0	+C
F6_BC66_191109_LF_LIB_consensus_vsearch	1357	C	C	263	2	0.74%	2	2	93	93	0.24952741020799885	1	1	155	108	1	1	T
F6_BC66_191109_LF_LIB_consensus_vsearch	1358	C	Y	240	10	3.65%	2	2	93	93	8.909515133367017E-4	1	1	136	104	2	8	T
F6_BC66_191109_LF_LIB_consensus_vsearch	1359	A	R	240	8	3.1%	2	2	93	93	0.003688638173064166	1	1	135	105	6	2	G
F6_BC66_191109_LF_LIB_consensus_vsearch	1360	C	*/-A	214	26	9.89%	2	2	93	93	7.286279215956525E-9	1	1	111	103	25	1	-A
F6_BC66_191109_LF_LIB_consensus_vsearch	1361	A	A	227	6	2.54%	2	1	93	93	0.015124231248259196	1	1	120	107	6	0	G
F6_BC66_191109_LF_LIB_consensus_vsearch	1362	A	R	250	9	3.32%	2	1	93	93	0.0018198788774539596	1	1	143	107	9	0	G
F6_BC66_191109_LF_LIB_consensus_vsearch	1363	G	G	268	1	0.37%	2	1	93	93	0.5000000000003686	1	1	159	109	0	1	+C
F6_BC66_191109_LF_LIB_consensus_vsearch	1364	G	G	272	2	0.73%	2	1	93	93	0.2495429616087481	1	1	161	111	0	2	A
F6_BC66_191109_LF_LIB_consensus_vsearch	1365	A	A	272	1	0.36%	2	1	93	93	0.5000000000003686	1	1	160	112	1	0	-CA
F6_BC66_191109_LF_LIB_consensus_vsearch	1366	C	C	268	3	1.09%	2	2	93	93	0.12430683918669663	1	1	158	110	1	2	T
F6_BC66_191109_LF_LIB_consensus_vsearch	1367	A	A	269	3	1.09%	2	1	93	93	0.12430939226523824	1	1	158	111	3	0	+T
F6_BC66_191109_LF_LIB_consensus_vsearch	1368	T	T	272	2	0.73%	2	1	93	93	0.2495429616087481	1	1	163	109	0	2	C
F6_BC66_191109_LF_LIB_consensus_vsearch	1369	T	*/-C	219	38	13.82%	2	2	93	93	8.307406938157111E-13	1	1	143	76	14	24	-C
F6_BC66_191109_LF_LIB_consensus_vsearch	1370	C	C	231	0	0%	2	0	93	0	1.0	1	0	148	83	0	0	
F6_BC66_191109_LF_LIB_consensus_vsearch	1371	C	C	268	1	0.37%	2	1	93	93	0.5000000000003686	1	1	162	106	0	1	T
F6_BC66_191109_LF_LIB_consensus_vsearch	1372	C	C	268	3	1.09%	2	2	93	93	0.12430683918669663	1	1	160	108	1	2	T
F6_BC66_191109_LF_LIB_consensus_vsearch	1373	C	Y	257	9	3.28%	2	1	93	93	0.0018233214254448316	1	1	162	95	0	9	T
F6_BC66_191109_LF_LIB_consensus_vsearch	1374	A	A	270	2	0.74%	2	1	93	93	0.2495395948434138	1	1	160	110	2	0	G
F6_BC66_191109_LF_LIB_consensus_vsearch	1375	T	T	269	2	0.73%	2	1	93	93	0.24953789279111838	1	1	160	109	0	2	C
F6_BC66_191109_LF_LIB_consensus_vsearch	1376	C	C	268	3	1.09%	2	1	93	93	0.12430683918669663	1	1	157	111	3	0	+A
F6_BC66_191109_LF_LIB_consensus_vsearch	1377	G	G	270	3	1.09%	2	1	93	93	0.12431192660547026	1	1	158	112	3	0	A
F6_BC66_191109_LF_LIB_consensus_vsearch	1378	T	T	274	1	0.36%	2	1	93	93	0.4999999999999138	1	1	162	112	1	0	C
F6_BC66_191109_LF_LIB_consensus_vsearch	1379	C	C	272	1	0.36%	2	1	93	93	0.5000000000003686	1	1	161	111	1	0	+A
F6_BC66_191109_LF_LIB_consensus_vsearch	1380	G	*/-CG	263	8	2.92%	2	2	93	93	0.003706880776381375	1	1	161	102	1	7	-CG
F6_BC66_191109_LF_LIB_consensus_vsearch	1381	C	C	259	2	0.76%	2	1	93	93	0.24952015355082954	1	1	161	98	0	2	-G
F6_BC66_191109_LF_LIB_consensus_vsearch	1382	G	G	252	3	1.15%	2	2	93	93	0.12426326129665838	1	1	157	95	2	1	-T
F6_BC66_191109_LF_LIB_consensus_vsearch	1383	T	T	266	3	1.12%	2	2	93	93	0.1243016759777629	1	1	160	106	1	2	C
F6_BC66_191109_LF_LIB_consensus_vsearch	1384	T	Y	262	7	2.54%	2	2	93	93	0.007509833180020558	1	1	161	101	2	5	C
F6_BC66_191109_LF_LIB_consensus_vsearch	1385	C	C	264	4	1.46%	2	2	93	93	0.06179972295775155	1	1	157	107	2	2	-G
F6_BC66_191109_LF_LIB_consensus_vsearch	1386	G	G	267	2	0.74%	2	1	93	93	0.24953445065180796	1	1	157	110	2	0	A
F6_BC66_191109_LF_LIB_consensus_vsearch	1387	C	C	264	3	1.09%	2	2	93	93	0.1242964352720778	1	1	153	111	2	1	+T
F6_BC66_191109_LF_LIB_consensus_vsearch	1388	T	T	267	3	1.1%	2	1	93	93	0.12430426716151294	1	1	158	109	0	3	C
F6_BC66_191109_LF_LIB_consensus_vsearch	1389	A	A	265	6	2.19%	2	1	93	93	0.015194184268635263	1	1	152	113	6	0	T
F6_BC66_191109_LF_LIB_consensus_vsearch	1390	C	C	269	1	0.37%	2	1	93	93	0.4999999999999138	1	1	157	112	1	0	+AC
F6_BC66_191109_LF_LIB_consensus_vsearch	1391	G	G	265	2	0.74%	2	1	93	93	0.2495309568482648	1	1	157	108	0	2	+C
F6_BC66_191109_LF_LIB_consensus_vsearch	1392	C	C	262	5	1.85%	2	1	93	93	0.030665352285866324	1	1	158	104	0	5	+T
F6_BC66_191109_LF_LIB_consensus_vsearch	1393	C	C	271	1	0.36%	2	1	93	93	0.4999999999999138	1	1	161	110	0	1	+T
F6_BC66_191109_LF_LIB_consensus_vsearch	1394	T	*/-C	228	43	15.69%	2	2	93	93	1.860544630129189E-14	1	1	118	110	42	1	-C
F6_BC66_191109_LF_LIB_consensus_vsearch	1395	C	C	227	4	1.73%	2	1	93	93	0.061687437086248645	1	1	120	107	0	4	+TC
F6_BC66_191109_LF_LIB_consensus_vsearch	1396	C	*/-A	249	19	6.88%	2	1	93	93	1.3705461195175102E-6	1	1	138	111	19	0	-A
F6_BC66_191109_LF_LIB_consensus_vsearch	1397	A	R	228	16	6.25%	2	2	93	93	1.1835957900629796E-5	1	1	116	112	15	1	G
F6_BC66_191109_LF_LIB_consensus_vsearch	1398	G	G	264	3	1.12%	2	1	93	93	0.1242964352720778	1	1	151	113	3	0	+A
F6_BC66_191109_LF_LIB_consensus_vsearch	1399	G	*/-T	200	51	18.61%	2	2	93	93	2.621132642763761E-17	1	1	93	107	49	2	-T
F6_BC66_191109_LF_LIB_consensus_vsearch	1400	T	K	201	19	8.56%	2	1	93	93	1.2711099418435063E-6	1	1	90	111	19	0	G
F6_BC66_191109_LF_LIB_consensus_vsearch	1401	T	T	272	1	0.36%	2	1	93	93	0.5000000000003686	1	1	160	112	1	0	+C
F6_BC66_191109_LF_LIB_consensus_vsearch	1402	T	T	269	3	1.09%	2	1	93	93	0.12430939226523824	1	1	158	111	3	0	C
F6_BC66_191109_LF_LIB_consensus_vsearch	1403	T	T	266	5	1.81%	2	2	93	93	0.030673973504714284	1	1	155	111	3	2	-A
F6_BC66_191109_LF_LIB_consensus_vsearch	1404	A	A	270	1	0.37%	2	1	93	93	0.4999999999999138	1	1	159	111	1	0	C
F6_BC66_191109_LF_LIB_consensus_vsearch	1405	A	A	275	1	0.36%	2	1	93	93	0.5000000000003686	1	1	162	113	1	0	G
F6_BC66_191109_LF_LIB_consensus_vsearch	1406	A	A	272	1	0.36%	2	1	93	93	0.5000000000003686	1	1	161	111	1	0	+C
F6_BC66_191109_LF_LIB_consensus_vsearch	1407	T	*/+C	76	188	68.36%	2	2	93	93	4.877989179405601E-81	1	1	51	25	105	83	+C
F6_BC66_191109_LF_LIB_consensus_vsearch	1408	C	C	273	1	0.36%	2	1	93	93	0.4999999999999138	1	1	163	110	0	1	+T
F6_BC66_191109_LF_LIB_consensus_vsearch	1409	C	C	270	3	1.09%	2	2	93	93	0.12431192660547026	1	1	161	109	1	2	-T
F6_BC66_191109_LF_LIB_consensus_vsearch	1410	T	T	262	5	1.84%	2	2	93	93	0.030665352285866324	1	1	160	102	2	3	C
F6_BC66_191109_LF_LIB_consensus_vsearch	1411	T	T	270	3	1.09%	2	1	93	93	0.12431192660547026	1	1	162	108	0	3	-C
F6_BC66_191109_LF_LIB_consensus_vsearch	1412	C	C	264	2	0.73%	2	2	93	93	0.24952919020719036	1	1	160	104	1	1	+G
F6_BC66_191109_LF_LIB_consensus_vsearch	1413	G	G	268	3	1.09%	2	1	93	93	0.12430683918669663	1	1	157	111	3	0	-A
F6_BC66_191109_LF_LIB_consensus_vsearch	1414	A	A	264	3	1.1%	2	2	93	93	0.1242964352720778	1	1	155	109	1	2	+C
F6_BC66_191109_LF_LIB_consensus_vsearch	1415	C	C	271	2	0.73%	2	1	93	93	0.24954128440383208	1	1	161	110	0	2	+T
F6_BC66_191109_LF_LIB_consensus_vsearch	1416	T	T	268	4	1.45%	2	1	93	93	0.061810030534865154	1	1	162	106	0	4	-C
F6_BC66_191109_LF_LIB_consensus_vsearch	1417	C	*/-GC	251	10	3.68%	2	1	93	93	8.944678342239841E-4	1	1	151	100	10	0	-GC
F6_BC66_191109_LF_LIB_consensus_vsearch	1418	G	G	262	3	1.13%	2	2	93	93	0.12429111531193521	1	1	151	111	2	1	A
F6_BC66_191109_LF_LIB_consensus_vsearch	1419	C	C	256	5	1.88%	2	2	93	93	0.03065192548788321	1	1	148	108	1	4	T
F6_BC66_191109_LF_LIB_consensus_vsearch	1420	A	A	266	2	0.74%	2	1	93	93	0.24953271028049737	1	1	157	109	0	2	+CA
F6_BC66_191109_LF_LIB_consensus_vsearch	1421	T	T	260	4	1.47%	2	2	93	93	0.06178910273789233	1	1	154	106	3	1	C
F6_BC66_191109_LF_LIB_consensus_vsearch	1422	G	G	264	5	1.84%	2	2	93	93	0.030669694912897477	1	1	154	110	4	1	A
F6_BC66_191109_LF_LIB_consensus_vsearch	1423	C	*/-A	230	25	9.19%	2	2	93	93	1.606117534181233E-8	1	1	122	108	22	3	-A
F6_BC66_191109_LF_LIB_consensus_vsearch	1424	A	A	240	3	1.21%	2	1	93	93	0.12422680412363393	1	1	131	109	3	0	G
F6_BC66_191109_LF_LIB_consensus_vsearch	1425	A	*/-G	259	9	3.27%	2	2	93	93	0.0018242725891630934	1	1	151	108	7	2	-G
F6_BC66_191109_LF_LIB_consensus_vsearch	1426	G	G	261	2	0.75%	2	1	93	93	0.24952380952412506	1	1	153	108	2	0	+A
F6_BC66_191109_LF_LIB_consensus_vsearch	1427	G	G	271	2	0.73%	2	1	93	93	0.24954128440383208	1	1	160	111	2	0	T
F6_BC66_191109_LF_LIB_consensus_vsearch	1428	T	T	265	3	1.1%	2	2	93	93	0.12429906542060956	1	1	160	105	1	2	C
F6_BC66_191109_LF_LIB_consensus_vsearch	1429	G	G	270	1	0.37%	2	1	93	93	0.4999999999999138	1	1	161	109	1	0	A
F6_BC66_191109_LF_LIB_consensus_vsearch	1430	C	*/-A	255	9	3.28%	2	1	93	93	0.0018223561198992344	1	1	153	102	9	0	-A
F6_BC66_191109_LF_LIB_consensus_vsearch	1431	A	A	258	4	1.5%	2	1	93	93	0.061783670907884385	1	1	148	110	4	0	G
F6_BC66_191109_LF_LIB_consensus_vsearch	1432	C	Y	248	9	3.27%	2	1	93	93	0.0018188615104327871	1	1	162	86	0	9	T
F6_BC66_191109_LF_LIB_consensus_vsearch	1433	T	*/-C	245	10	3.79%	2	2	93	93	8.925864463478502E-4	1	1	158	87	5	5	-C
F6_BC66_191109_LF_LIB_consensus_vsearch	1434	C	Y	243	7	2.77%	2	2	93	93	0.007487018424394727	1	1	154	89	1	6	T
F6_BC66_191109_LF_LIB_consensus_vsearch	1435	C	*/-T	248	13	4.81%	2	2	93	93	1.0474101246804906E-4	1	1	156	92	2	11	-T
F6_BC66_191109_LF_LIB_consensus_vsearch	1436	T	T	248	2	0.79%	2	1	93	93	0.24949899799584363	1	1	152	96	2	0	A
F6_BC66_191109_LF_LIB_consensus_vsearch	1437	T	*/-G	255	8	2.95%	2	1	93	93	0.003700892775288906	1	1	152	103	0	8	-G
F6_BC66_191109_LF_LIB_consensus_vsearch	1438	G	G	261	2	0.75%	2	1	93	93	0.24952380952412506	1	1	157	104	2	0	A
F6_BC66_191109_LF_LIB_consensus_vsearch	1439	G	G	272	2	0.73%	2	1	93	93	0.2495429616087481	1	1	159	113	2	0	T
F6_BC66_191109_LF_LIB_consensus_vsearch	1440	T	T	269	5	1.82%	2	1	93	93	0.030680274390748198	1	1	156	113	5	0	-C
F6_BC66_191109_LF_LIB_consensus_vsearch	1441	C	C	269	1	0.37%	2	1	93	93	0.4999999999999138	1	1	156	113	1	0	+A
F6_BC66_191109_LF_LIB_consensus_vsearch	1442	C	C	273	1	0.36%	2	1	93	93	0.4999999999999138	1	1	161	112	1	0	A
F6_BC66_191109_LF_LIB_consensus_vsearch	1443	G	G	272	1	0.36%	2	1	93	93	0.5000000000003686	1	1	160	112	1	0	+A
F6_BC66_191109_LF_LIB_consensus_vsearch	1444	T	T	270	3	1.09%	2	2	93	93	0.12431192660547026	1	1	160	110	2	1	C
F6_BC66_191109_LF_LIB_consensus_vsearch	1445	G	*/-T	256	8	2.91%	2	2	93	93	0.003701660868547635	1	1	150	106	7	1	-T
F6_BC66_191109_LF_LIB_consensus_vsearch	1446	T	T	259	4	1.52%	2	2	93	93	0.061786397159329126	1	1	154	105	1	3	C
F6_BC66_191109_LF_LIB_consensus_vsearch	1447	T	T	272	1	0.37%	2	1	93	93	0.5000000000003686	1	1	163	109	0	1	G
F6_BC66_191109_LF_LIB_consensus_vsearch	1448	T	T	268	4	1.45%	2	1	93	93	0.061810030534865154	1	1	158	110	4	0	+C
F6_BC66_191109_LF_LIB_consensus_vsearch	1449	C	*/-A	263	12	4.35%	2	2	93	93	2.1597713006427273E-4	1	1	153	110	10	2	-A
F6_BC66_191109_LF_LIB_consensus_vsearch	1450	A	A	256	3	1.14%	2	1	93	93	0.12427466150865948	1	1	147	109	3	0	C
F6_BC66_191109_LF_LIB_consensus_vsearch	1451	A	A	271	2	0.72%	2	1	93	93	0.24954128440383208	1	1	160	111	0	2	C
F6_BC66_191109_LF_LIB_consensus_vsearch	1452	G	G	272	1	0.36%	2	1	93	93	0.5000000000003686	1	1	160	112	1	0	+A
F6_BC66_191109_LF_LIB_consensus_vsearch	1453	A	A	267	2	0.73%	2	1	93	93	0.24953445065180796	1	1	158	109	0	2	+T
F6_BC66_191109_LF_LIB_consensus_vsearch	1454	C	*/-G	259	8	2.91%	2	1	93	93	0.003703931063382389	1	1	161	98	0	8	-G
F6_BC66_191109_LF_LIB_consensus_vsearch	1455	G	G	258	6	2.24%	2	2	93	93	0.015182805374032816	1	1	158	100	4	2	A
F6_BC66_191109_LF_LIB_consensus_vsearch	1456	G	G	274	1	0.36%	2	1	93	93	0.4999999999999138	1	1	162	112	1	0	+A
F6_BC66_191109_LF_LIB_consensus_vsearch	1457	G	G	271	4	1.45%	2	1	93	93	0.06181756426009212	1	1	159	112	4	0	A
F6_BC66_191109_LF_LIB_consensus_vsearch	1458	C	*/-G	257	8	2.91%	2	2	93	93	0.0037024232386659835	1	1	151	106	3	5	-G
F6_BC66_191109_LF_LIB_consensus_vsearch	1459	G	G	259	1	0.38%	2	1	93	93	0.4999999999999138	1	1	152	107	0	1	+T
F6_BC66_191109_LF_LIB_consensus_vsearch	1460	G	G	260	5	1.86%	2	1	93	93	0.030660944175210838	1	1	147	113	5	0	A
F6_BC66_191109_LF_LIB_consensus_vsearch	1461	C	C	259	6	2.24%	2	2	93	93	0.015184467591539906	1	1	151	108	2	4	T
F6_BC66_191109_LF_LIB_consensus_vsearch	1462	T	T	268	5	1.82%	2	2	93	93	0.030678189467263802	1	1	159	109	2	3	C
F6_BC66_191109_LF_LIB_consensus_vsearch	1463	A	A	271	2	0.73%	2	2	93	93	0.24954128440383208	1	1	161	110	1	1	G
F6_BC66_191109_LF_LIB_consensus_vsearch	1464	A	A	263	6	2.17%	2	2	93	93	0.015190993352737225	1	1	154	109	5	1	G
F6_BC66_191109_LF_LIB_consensus_vsearch	1465	C	C	268	2	0.73%	2	2	93	93	0.24953617810762627	1	1	157	111	1	1	-G
F6_BC66_191109_LF_LIB_consensus_vsearch	1466	G	R	256	11	4.04%	2	1	93	93	4.395812442207008E-4	1	1	145	111	11	0	A
F6_BC66_191109_LF_LIB_consensus_vsearch	1467	G	G	265	2	0.73%	2	1	93	93	0.2495309568482648	1	1	155	110	2	0	+A
F6_BC66_191109_LF_LIB_consensus_vsearch	1468	T	T	268	3	1.1%	2	2	93	93	0.12430683918669663	1	1	159	109	1	2	C
F6_BC66_191109_LF_LIB_consensus_vsearch	1469	C	C	264	3	1.1%	2	1	93	93	0.1242964352720778	1	1	153	111	3	0	+A
F6_BC66_191109_LF_LIB_consensus_vsearch	1470	G	R	247	16	5.93%	2	1	93	93	1.2061953252272482E-5	1	1	137	110	16	0	A
F6_BC66_191109_LF_LIB_consensus_vsearch	1471	C	Y	241	17	6.27%	2	2	93	93	5.8106183676465616E-6	1	1	135	106	15	2	T
F6_BC66_191109_LF_LIB_consensus_vsearch	1472	A	A	262	2	0.75%	2	2	93	93	0.24952561669824413	1	1	154	108	1	1	G
F6_BC66_191109_LF_LIB_consensus_vsearch	1473	A	A	263	6	2.2%	2	2	93	93	0.015190993352737225	1	1	157	106	3	3	G
F6_BC66_191109_LF_LIB_consensus_vsearch	1474	G	G	269	1	0.37%	2	1	93	93	0.4999999999999138	1	1	162	107	0	1	+C
F6_BC66_191109_LF_LIB_consensus_vsearch	1475	A	*/-C	252	16	5.82%	2	2	93	93	1.211657415601043E-5	1	1	145	107	14	2	-C
F6_BC66_191109_LF_LIB_consensus_vsearch	1476	C	C	250	5	1.94%	2	1	93	93	0.030637867497453432	1	1	148	102	0	5	T
F6_BC66_191109_LF_LIB_consensus_vsearch	1477	C	C	273	1	0.36%	2	1	93	93	0.4999999999999138	1	1	161	112	1	0	+AC
F6_BC66_191109_LF_LIB_consensus_vsearch	1478	C	Y	243	25	9.06%	2	2	93	93	1.6574282407741525E-8	1	1	160	83	1	24	T
F6_BC66_191109_LF_LIB_consensus_vsearch	1479	G	G	265	2	0.73%	2	2	93	93	0.2495309568482648	1	1	155	110	1	1	+TG
F6_BC66_191109_LF_LIB_consensus_vsearch	1480	C	*/-A	257	8	2.94%	2	2	93	93	0.0037024232386659835	1	1	153	104	5	3	-A
F6_BC66_191109_LF_LIB_consensus_vsearch	1481	A	A	262	3	1.13%	2	2	93	93	0.12429111531193521	1	1	154	108	2	1	G
F6_BC66_191109_LF_LIB_consensus_vsearch	1482	A	A	264	4	1.47%	2	2	93	93	0.06179972295775155	1	1	157	107	1	3	-T
F6_BC66_191109_LF_LIB_consensus_vsearch	1483	T	T	262	5	1.85%	2	1	93	93	0.030665352285866324	1	1	156	106	5	0	G
F6_BC66_191109_LF_LIB_consensus_vsearch	1484	T	T	266	3	1.09%	2	1	93	93	0.1243016759777629	1	1	159	107	0	3	C
F6_BC66_191109_LF_LIB_consensus_vsearch	1485	A	A	266	2	0.74%	2	1	93	93	0.24953271028049737	1	1	156	110	2	0	+C
F6_BC66_191109_LF_LIB_consensus_vsearch	1486	C	C	259	6	2.2%	2	2	93	93	0.015184467591539906	1	1	147	112	5	1	-A
F6_BC66_191109_LF_LIB_consensus_vsearch	1487	A	A	255	5	1.87%	2	2	93	93	0.03064962750114854	1	1	147	108	3	2	G
F6_BC66_191109_LF_LIB_consensus_vsearch	1488	G	G	266	6	2.18%	2	1	93	93	0.015195762196627145	1	1	153	113	6	0	+A
F6_BC66_191109_LF_LIB_consensus_vsearch	1489	A	A	266	3	1.1%	2	1	93	93	0.1243016759777629	1	1	153	113	3	0	+GA
F6_BC66_191109_LF_LIB_consensus_vsearch	1490	A	A	273	1	0.36%	2	1	93	93	0.4999999999999138	1	1	160	113	1	0	+G
F6_BC66_191109_LF_LIB_consensus_vsearch	1491	G	G	274	1	0.36%	2	1	93	93	0.4999999999999138	1	1	162	112	1	0	+A
F6_BC66_191109_LF_LIB_consensus_vsearch	1492	G	G	270	3	1.09%	2	1	93	93	0.12431192660547026	1	1	158	112	3	0	A
F6_BC66_191109_LF_LIB_consensus_vsearch	1493	T	T	271	2	0.73%	2	1	93	93	0.24954128440383208	1	1	159	112	2	0	-C
F6_BC66_191109_LF_LIB_consensus_vsearch	1494	C	C	265	4	1.46%	2	1	93	93	0.06180232861697055	1	1	159	106	0	4	+G
F6_BC66_191109_LF_LIB_consensus_vsearch	1495	G	G	260	4	1.47%	2	1	93	93	0.06178910273789233	1	1	153	107	4	0	A
F6_BC66_191109_LF_LIB_consensus_vsearch	1496	T	Y	139	119	44.24%	2	2	93	93	2.4472922541593206E-44	1	1	85	54	71	48	C
F6_BC66_191109_LF_LIB_consensus_vsearch	1497	A	R	232	15	5.7%	2	1	93	93	2.4515158468444498E-5	1	1	139	93	15	0	G
F6_BC66_191109_LF_LIB_consensus_vsearch	1498	G	G	256	1	0.39%	2	1	93	93	0.4999999999999138	1	1	157	99	1	0	A
F6_BC66_191109_LF_LIB_consensus_vsearch	1499	G	G	269	3	1.09%	2	2	93	93	0.12430939226523824	1	1	159	110	2	1	-A
F6_BC66_191109_LF_LIB_consensus_vsearch	1500	A	A	259	6	2.21%	2	2	93	93	0.015184467591539906	1	1	155	104	1	5	-G
F6_BC66_191109_LF_LIB_consensus_vsearch	1501	G	G	262	2	0.75%	2	1	93	93	0.24952561669824413	1	1	158	104	0	2	T
F6_BC66_191109_LF_LIB_consensus_vsearch	1502	G	G	269	1	0.37%	2	1	93	93	0.4999999999999138	1	1	159	110	0	1	+TG
F6_BC66_191109_LF_LIB_consensus_vsearch	1503	A	A	265	2	0.74%	2	1	93	93	0.2495309568482648	1	1	158	107	0	2	-T
F6_BC66_191109_LF_LIB_consensus_vsearch	1504	T	T	264	4	1.47%	2	1	93	93	0.06179972295775155	1	1	156	108	4	0	+C
F6_BC66_191109_LF_LIB_consensus_vsearch	1505	C	C	268	5	1.81%	2	2	93	93	0.030678189467263802	1	1	158	110	3	2	-A
F6_BC66_191109_LF_LIB_consensus_vsearch	1506	A	R	258	7	2.58%	2	2	93	93	0.007505299821009934	1	1	149	109	6	1	G
F6_BC66_191109_LF_LIB_consensus_vsearch	1507	G	R	261	9	3.28%	2	1	93	93	0.0018252099194485903	1	1	149	112	9	0	A
F6_BC66_191109_LF_LIB_consensus_vsearch	1508	C	C	260	4	1.47%	2	1	93	93	0.06178910273789233	1	1	155	105	0	4	+A
F6_BC66_191109_LF_LIB_consensus_vsearch	1509	A	A	266	4	1.47%	2	2	93	93	0.06180491495741971	1	1	157	109	3	1	G
F6_BC66_191109_LF_LIB_consensus_vsearch	1510	A	R	246	25	9.09%	2	2	93	93	1.668750206804489E-8	1	1	134	112	24	1	G
F6_BC66_191109_LF_LIB_consensus_vsearch	1511	C	C	270	3	1.09%	2	1	93	93	0.12431192660547026	1	1	160	110	0	3	T
F6_BC66_191109_LF_LIB_consensus_vsearch	1512	C	Y	258	7	2.54%	2	2	93	93	0.007505299821009934	1	1	152	106	1	6	T
F6_BC66_191109_LF_LIB_consensus_vsearch	1513	G	G	263	4	1.45%	2	1	93	93	0.06179709776251344	1	1	152	111	4	0	C
F6_BC66_191109_LF_LIB_consensus_vsearch	1514	C	*/-A	251	8	2.93%	2	2	93	93	0.0036977618625582452	1	1	148	103	7	1	-A
F6_BC66_191109_LF_LIB_consensus_vsearch	1515	A	R	243	10	3.76%	2	1	93	93	8.91940019333984E-4	1	1	137	106	10	0	G
F6_BC66_191109_LF_LIB_consensus_vsearch	1516	G	G	268	1	0.37%	2	1	93	93	0.5000000000003686	1	1	157	111	1	0	+A
F6_BC66_191109_LF_LIB_consensus_vsearch	1517	G	*/+C	254	8	2.91%	2	1	93	93	0.003700118894213593	1	1	142	112	8	0	+C
F6_BC66_191109_LF_LIB_consensus_vsearch	1518	C	Y	228	22	8.06%	2	2	93	93	1.4709921474682063E-7	1	1	139	89	2	20	T
F6_BC66_191109_LF_LIB_consensus_vsearch	1519	T	*/+G	236	9	3.36%	2	2	93	93	0.0018124155419458562	1	1	140	96	2	7	+G
F6_BC66_191109_LF_LIB_consensus_vsearch	1520	A	R	195	60	22.39%	2	2	93	93	1.6860790395636524E-20	1	1	103	92	51	9	G
F6_BC66_191109_LF_LIB_consensus_vsearch	1521	C	C	261	4	1.47%	2	2	93	93	0.06179178787806501	1	1	155	106	3	1	+T
F6_BC66_191109_LF_LIB_consensus_vsearch	1522	A	A	265	2	0.74%	2	1	93	93	0.2495309568482648	1	1	155	110	2	0	G
F6_BC66_191109_LF_LIB_consensus_vsearch	1523	A	R	222	48	17.45%	2	1	93	93	3.5836441224369107E-16	1	1	110	112	48	0	G
F6_BC66_191109_LF_LIB_consensus_vsearch	1524	C	C	262	4	1.45%	2	1	93	93	0.06179445281046573	1	1	150	112	4	0	-AC
F6_BC66_191109_LF_LIB_consensus_vsearch	1525	A	R	257	7	2.6%	2	2	93	93	0.007504145184876668	1	1	146	111	6	1	G
F6_BC66_191109_LF_LIB_consensus_vsearch	1526	C	C	265	3	1.1%	2	1	93	93	0.12429906542060956	1	1	155	110	0	3	-T
F6_BC66_191109_LF_LIB_consensus_vsearch	1527	T	T	269	2	0.73%	2	2	93	93	0.24953789279111838	1	1	161	108	1	1	C
F6_BC66_191109_LF_LIB_consensus_vsearch	1528	G	*/-C	260	9	3.26%	2	1	93	93	0.0018247429645633383	1	1	148	112	9	0	-C
F6_BC66_191109_LF_LIB_consensus_vsearch	1529	C	C	260	1	0.38%	2	1	93	93	0.4999999999999138	1	1	149	111	0	1	+T
F6_BC66_191109_LF_LIB_consensus_vsearch	1530	C	Y	262	8	2.95%	2	2	93	93	0.0037061514394952193	1	1	150	112	7	1	T
F6_BC66_191109_LF_LIB_consensus_vsearch	1531	C	Y	252	11	4%	2	2	93	93	4.388649693243239E-4	1	1	154	98	7	4	T
F6_BC66_191109_LF_LIB_consensus_vsearch	1532	G	*/-A	242	26	9.49%	2	1	93	93	7.881703767279813E-9	1	1	132	110	26	0	-A
F6_BC66_191109_LF_LIB_consensus_vsearch	1533	A	A	245	1	0.4%	2	1	93	93	0.4999999999999138	1	1	133	112	1	0	+G
F6_BC66_191109_LF_LIB_consensus_vsearch	1534	A	A	270	5	1.81%	2	2	93	93	0.030682344165700513	1	1	159	111	4	1	-G
F6_BC66_191109_LF_LIB_consensus_vsearch	1535	G	G	263	4	1.48%	2	1	93	93	0.06179709776251344	1	1	158	105	0	4	+C
F6_BC66_191109_LF_LIB_consensus_vsearch	1536	G	G	275	1	0.36%	2	1	93	93	0.5000000000003686	1	1	162	113	1	0	A
F6_BC66_191109_LF_LIB_consensus_vsearch	1537	C	C	266	4	1.45%	2	2	93	93	0.06180491495741971	1	1	157	109	1	3	-A
F6_BC66_191109_LF_LIB_consensus_vsearch	1538	A	R	246	20	7.38%	2	2	93	93	6.581951230355511E-7	1	1	142	104	17	3	G
F6_BC66_191109_LF_LIB_consensus_vsearch	1539	G	G	261	4	1.48%	2	1	93	93	0.06179178787806501	1	1	152	109	4	0	+C
F6_BC66_191109_LF_LIB_consensus_vsearch	1540	C	C	266	2	0.74%	2	2	93	93	0.24953271028049737	1	1	158	108	1	1	A
F6_BC66_191109_LF_LIB_consensus_vsearch	1541	C	*/+A	219	25	9.09%	2	1	93	93	1.5596339968313244E-8	1	1	117	102	25	0	+A
F6_BC66_191109_LF_LIB_consensus_vsearch	1542	G	*/-A	222	27	10.55%	2	2	93	93	3.5376683766866284E-9	1	1	113	109	25	2	-A
F6_BC66_191109_LF_LIB_consensus_vsearch	1543	A	A	238	3	1.23%	2	1	93	93	0.12422037422037172	1	1	128	110	3	0	G
F6_BC66_191109_LF_LIB_consensus_vsearch	1544	A	R	254	9	3.31%	2	1	93	93	0.0018218680650561358	1	1	144	110	9	0	G
F6_BC66_191109_LF_LIB_consensus_vsearch	1545	T	T	267	2	0.74%	2	2	93	93	0.24953445065180796	1	1	157	110	1	1	C
F6_BC66_191109_LF_LIB_consensus_vsearch	1546	T	*/-C	215	26	9.49%	2	2	93	93	7.309177642151234E-9	1	1	126	89	6	20	-C
F6_BC66_191109_LF_LIB_consensus_vsearch	1547	C	C	243	2	0.81%	2	1	93	93	0.24948875255617758	1	1	153	90	0	2	T
F6_BC66_191109_LF_LIB_consensus_vsearch	1548	C	*/-T	262	8	2.92%	2	2	93	93	0.0037061514394952193	1	1	155	107	4	4	-T
F6_BC66_191109_LF_LIB_consensus_vsearch	1549	T	T	254	3	1.13%	2	2	93	93	0.12426900584791233	1	1	149	105	2	1	-G
F6_BC66_191109_LF_LIB_consensus_vsearch	1550	G	R	249	13	4.81%	2	1	93	93	1.0480374753057819E-4	1	1	137	112	13	0	A
F6_BC66_191109_LF_LIB_consensus_vsearch	1551	C	C	267	3	1.1%	2	2	93	93	0.12430426716151294	1	1	157	110	1	2	-A
F6_BC66_191109_LF_LIB_consensus_vsearch	1552	A	R	256	11	4.09%	2	1	93	93	4.395812442207008E-4	1	1	147	109	11	0	G
F6_BC66_191109_LF_LIB_consensus_vsearch	1553	G	G	269	3	1.09%	2	1	93	93	0.12430939226523824	1	1	159	110	3	0	A
F6_BC66_191109_LF_LIB_consensus_vsearch	1554	C	C	268	1	0.37%	2	1	93	93	0.5000000000003686	1	1	159	109	0	1	+A
F6_BC66_191109_LF_LIB_consensus_vsearch	1555	G	*/-CG	233	34	12.55%	2	2	93	93	1.895941675268437E-11	1	1	148	85	9	25	-CG
F6_BC66_191109_LF_LIB_consensus_vsearch	1556	C	C	234	2	0.84%	2	2	93	93	0.24946921443740738	1	1	148	86	1	1	-G
F6_BC66_191109_LF_LIB_consensus_vsearch	1557	G	G	227	3	1.27%	2	1	93	93	0.12418300653593844	1	1	145	82	0	3	+T
F6_BC66_191109_LF_LIB_consensus_vsearch	1558	T	T	263	4	1.47%	2	1	93	93	0.06179709776251344	1	1	153	110	4	0	+C
F6_BC66_191109_LF_LIB_consensus_vsearch	1559	C	C	263	5	1.85%	2	2	93	93	0.030667531693296068	1	1	155	108	2	3	-T
F6_BC66_191109_LF_LIB_consensus_vsearch	1560	T	T	265	1	0.37%	2	1	93	93	0.4999999999999138	1	1	158	107	0	1	+A
F6_BC66_191109_LF_LIB_consensus_vsearch	1561	A	A	268	4	1.45%	2	2	93	93	0.061810030534865154	1	1	156	112	3	1	G
F6_BC66_191109_LF_LIB_consensus_vsearch	1562	T	T	268	3	1.09%	2	2	93	93	0.12430683918669663	1	1	158	110	2	1	C
F6_BC66_191109_LF_LIB_consensus_vsearch	1563	C	C	268	2	0.73%	2	1	93	93	0.24953617810762627	1	1	156	112	2	0	+G
F6_BC66_191109_LF_LIB_consensus_vsearch	1564	G	*/-CC	242	9	3.32%	2	1	93	93	0.00181571404902803	1	1	136	106	9	0	-CC
F6_BC66_191109_LF_LIB_consensus_vsearch	1565	C	C	253	1	0.39%	2	1	93	93	0.5000000000003686	1	1	141	112	1	0	+TTTG
F6_BC66_191109_LF_LIB_consensus_vsearch	1566	C	C	255	6	2.27%	2	2	93	93	0.01517774260134363	1	1	145	110	5	1	T
F6_BC66_191109_LF_LIB_consensus_vsearch	1567	C	Y	264	8	2.91%	2	2	93	93	0.0037076048169334716	1	1	154	110	5	3	T
F6_BC66_191109_LF_LIB_consensus_vsearch	1568	C	Y	254	20	7.25%	2	2	93	93	6.656293236362204E-7	1	1	151	103	12	8	T
F6_BC66_191109_LF_LIB_consensus_vsearch	1569	A	A	271	2	0.72%	2	2	93	93	0.24954128440383208	1	1	159	112	1	1	G
F6_BC66_191109_LF_LIB_consensus_vsearch	1570	A	R	266	7	2.54%	2	2	93	93	0.0075142347009056415	1	1	156	110	6	1	G
F6_BC66_191109_LF_LIB_consensus_vsearch	1571	C	C	272	2	0.72%	2	1	93	93	0.2495429616087481	1	1	160	112	2	0	T
F6_BC66_191109_LF_LIB_consensus_vsearch	1572	A	A	273	1	0.36%	2	1	93	93	0.4999999999999138	1	1	161	112	1	0	+CA
F6_BC66_191109_LF_LIB_consensus_vsearch	1573	T	*/+C	262	8	2.91%	2	1	93	93	0.0037061514394952193	1	1	152	110	8	0	+C
F6_BC66_191109_LF_LIB_consensus_vsearch	1574	C	C	264	6	2.19%	2	1	93	93	0.015192594697130085	1	1	155	109	6	0	-A
F6_BC66_191109_LF_LIB_consensus_vsearch	1575	A	A	265	2	0.74%	2	1	93	93	0.2495309568482648	1	1	155	110	2	0	C
F6_BC66_191109_LF_LIB_consensus_vsearch	1576	A	*/-C	233	27	9.78%	2	1	93	93	3.6572240733529572E-9	1	1	121	112	27	0	-C
F6_BC66_191109_LF_LIB_consensus_vsearch	1577	C	*/+T	231	8	3.25%	2	2	93	93	0.0036805574954856175	1	1	124	107	2	6	+T
F6_BC66_191109_LF_LIB_consensus_vsearch	1578	C	C	269	2	0.73%	2	1	93	93	0.24953789279111838	1	1	159	110	0	2	T
F6_BC66_191109_LF_LIB_consensus_vsearch	1579	C	+A/+A	48	209	75.72%	2	2	93	93	1.513876823983103E-97	1	1	44	4	105	104	+A
F6_BC66_191109_LF_LIB_consensus_vsearch	1580	C	C	263	4	1.45%	2	2	93	93	0.06179709776251344	1	1	152	111	3	1	+AC
F6_BC66_191109_LF_LIB_consensus_vsearch	1581	G	*/-TG	236	26	9.52%	2	2	93	93	7.761684752238925E-9	1	1	153	83	1	25	-TG
F6_BC66_191109_LF_LIB_consensus_vsearch	1582	T	*/-G	219	15	6.05%	2	2	93	93	2.4209162755784478E-5	1	1	154	65	3	12	-G
F6_BC66_191109_LF_LIB_consensus_vsearch	1583	G	G	230	3	1.28%	2	2	93	93	0.12419354838701845	1	1	157	73	1	2	A
F6_BC66_191109_LF_LIB_consensus_vsearch	1584	G	*/+A	253	17	6.18%	2	1	93	93	5.8836414163460775E-6	1	1	145	108	17	0	+A
F6_BC66_191109_LF_LIB_consensus_vsearch	1585	G	G	264	4	1.45%	2	2	93	93	0.06179972295775155	1	1	155	109	3	1	-C
F6_BC66_191109_LF_LIB_consensus_vsearch	1586	C	C	255	5	1.85%	2	2	93	93	0.03064962750114854	1	1	150	105	3	2	T
F6_BC66_191109_LF_LIB_consensus_vsearch	1587	C	Y	259	11	4.01%	2	2	93	93	4.40104982176298E-4	1	1	161	98	1	10	T
F6_BC66_191109_LF_LIB_consensus_vsearch	1588	G	G	266	4	1.47%	2	1	93	93	0.06180491495741971	1	1	162	104	0	4	-T
F6_BC66_191109_LF_LIB_consensus_vsearch	1589	T	T	267	3	1.11%	2	1	93	93	0.12430426716151294	1	1	163	104	0	3	-C
F6_BC66_191109_LF_LIB_consensus_vsearch	1590	C	C	267	2	0.73%	2	1	93	93	0.24953445065180796	1	1	160	107	0	2	+T
F6_BC66_191109_LF_LIB_consensus_vsearch	1591	T	T	264	5	1.84%	2	2	93	93	0.030669694912897477	1	1	156	108	2	3	C
F6_BC66_191109_LF_LIB_consensus_vsearch	1592	C	*/-A	214	47	17.15%	2	2	93	93	7.289340703192054E-16	1	1	114	100	44	3	-A
F6_BC66_191109_LF_LIB_consensus_vsearch	1593	A	A	212	4	1.83%	2	2	93	93	0.061630944461591126	1	1	114	98	3	1	C
F6_BC66_191109_LF_LIB_consensus_vsearch	1594	A	A	260	4	1.5%	2	2	93	93	0.06178910273789233	1	1	160	100	1	3	C
F6_BC66_191109_LF_LIB_consensus_vsearch	1595	A	*/-G	245	15	5.43%	2	2	93	93	2.4792952994020384E-5	1	1	139	106	12	3	-G
F6_BC66_191109_LF_LIB_consensus_vsearch	1596	G	*/+C	249	7	2.69%	2	1	93	93	0.007494585982750822	1	1	148	101	0	7	+C
F6_BC66_191109_LF_LIB_consensus_vsearch	1597	G	G	260	6	2.18%	2	1	93	93	0.01518611735985533	1	1	151	109	6	0	+A
F6_BC66_191109_LF_LIB_consensus_vsearch	1598	G	G	268	5	1.81%	2	2	93	93	0.030678189467263802	1	1	158	110	3	2	-T
F6_BC66_191109_LF_LIB_consensus_vsearch	1599	T	Y	256	7	2.59%	2	1	93	93	0.007502981837406636	1	1	157	99	0	7	C
F6_BC66_191109_LF_LIB_consensus_vsearch	1600	A	A	256	4	1.46%	2	2	93	93	0.061778155432067945	1	1	151	105	3	1	G
F6_BC66_191109_LF_LIB_consensus_vsearch	1601	G	G	269	1	0.37%	2	1	93	93	0.4999999999999138	1	1	157	112	0	1	-C
F6_BC66_191109_LF_LIB_consensus_vsearch	1602	C	C	262	4	1.47%	2	1	93	93	0.06179445281046573	1	1	154	108	4	0	T
F6_BC66_191109_LF_LIB_consensus_vsearch	1603	A	A	261	5	1.83%	2	1	93	93	0.03066315650820783	1	1	153	108	5	0	G
F6_BC66_191109_LF_LIB_consensus_vsearch	1604	C	C	262	3	1.11%	2	2	93	93	0.12429111531193521	1	1	154	108	1	2	-T
F6_BC66_191109_LF_LIB_consensus_vsearch	1605	T	*/+G	255	10	3.69%	2	2	93	93	8.956759757555054E-4	1	1	153	102	5	5	+G
F6_BC66_191109_LF_LIB_consensus_vsearch	1606	G	G	265	5	1.83%	2	1	93	93	0.030671842124359663	1	1	155	110	5	0	-A
F6_BC66_191109_LF_LIB_consensus_vsearch	1607	A	A	266	1	0.37%	2	1	93	93	0.4999999999999138	1	1	156	110	1	0	+GA
F6_BC66_191109_LF_LIB_consensus_vsearch	1608	A	A	272	2	0.72%	2	2	93	93	0.2495429616087481	1	1	161	111	1	1	-G
F6_BC66_191109_LF_LIB_consensus_vsearch	1609	G	G	266	3	1.1%	2	2	93	93	0.1243016759777629	1	1	157	109	2	1	-C
F6_BC66_191109_LF_LIB_consensus_vsearch	1610	C	C	265	2	0.74%	2	1	93	93	0.2495309568482648	1	1	160	105	0	2	+A
F6_BC66_191109_LF_LIB_consensus_vsearch	1611	A	A	268	6	2.17%	2	1	93	93	0.015198883630026071	1	1	156	112	6	0	G
F6_BC66_191109_LF_LIB_consensus_vsearch	1612	C	*/-AC	236	34	12.36%	2	2	93	93	1.9213402902839802E-11	1	1	128	108	33	1	-AC
F6_BC66_191109_LF_LIB_consensus_vsearch	1613	A	A	231	3	1.25%	2	1	93	93	0.12419700214135107	1	1	120	111	3	0	-C
F6_BC66_191109_LF_LIB_consensus_vsearch	1614	C	C	231	2	0.84%	2	1	93	93	0.24946236559140877	1	1	122	109	2	0	+AC
F6_BC66_191109_LF_LIB_consensus_vsearch	1615	C	S	249	21	7.66%	2	1	93	93	3.1824949978315514E-7	1	1	138	111	21	0	G
F6_BC66_191109_LF_LIB_consensus_vsearch	1616	C	*/-A	199	47	17.15%	2	2	93	93	6.249711343195022E-16	1	1	100	99	45	2	-A
F6_BC66_191109_LF_LIB_consensus_vsearch	1617	A	A	218	3	1.35%	2	1	93	93	0.12414965986396012	1	1	107	111	3	0	C
F6_BC66_191109_LF_LIB_consensus_vsearch	1618	A	A	269	0	0%	2	0	93	0	1.0	1	0	156	113	0	0	
F6_BC66_191109_LF_LIB_consensus_vsearch	1619	A	A	264	5	1.82%	2	2	93	93	0.030669694912897477	1	1	155	109	1	4	G
F6_BC66_191109_LF_LIB_consensus_vsearch	1620	G	*/-A	257	11	4.03%	2	1	93	93	4.3975708311224564E-4	1	1	145	112	11	0	-A
F6_BC66_191109_LF_LIB_consensus_vsearch	1621	A	A	251	3	1.15%	2	1	93	93	0.12426035502961323	1	1	140	111	3	0	+G
F6_BC66_191109_LF_LIB_consensus_vsearch	1622	G	*/-C	247	8	3%	2	2	93	93	0.0036945340250354765	1	1	140	107	7	1	-C
F6_BC66_191109_LF_LIB_consensus_vsearch	1623	C	C	256	2	0.76%	2	1	93	93	0.24951456310670525	1	1	148	108	0	2	T
F6_BC66_191109_LF_LIB_consensus_vsearch	1624	C	C	270	2	0.74%	2	2	93	93	0.2495395948434138	1	1	158	112	1	1	T
F6_BC66_191109_LF_LIB_consensus_vsearch	1625	C	C	266	4	1.46%	2	2	93	93	0.06180491495741971	1	1	157	109	3	1	T
F6_BC66_191109_LF_LIB_consensus_vsearch	1626	C	C	269	4	1.45%	2	2	93	93	0.06181256019060895	1	1	159	110	3	1	T
F6_BC66_191109_LF_LIB_consensus_vsearch	1627	A	A	263	6	2.17%	2	2	93	93	0.015190993352737225	1	1	153	110	5	1	G
F6_BC66_191109_LF_LIB_consensus_vsearch	1628	G	G	268	3	1.1%	2	2	93	93	0.12430683918669663	1	1	157	111	2	1	A
F6_BC66_191109_LF_LIB_consensus_vsearch	1629	C	*/+A	259	7	2.55%	2	1	93	93	0.007506445843275869	1	1	153	106	0	7	+A
F6_BC66_191109_LF_LIB_consensus_vsearch	1630	A	*/-C	247	11	4.09%	2	2	93	93	4.3793947047224713E-4	1	1	147	100	3	8	-C
F6_BC66_191109_LF_LIB_consensus_vsearch	1631	C	C	250	5	1.95%	2	2	93	93	0.030637867497453432	1	1	151	99	1	4	T
F6_BC66_191109_LF_LIB_consensus_vsearch	1632	C	C	262	5	1.85%	2	2	93	93	0.030665352285866324	1	1	153	109	3	2	T
F6_BC66_191109_LF_LIB_consensus_vsearch	1633	C	Y	240	21	7.69%	2	2	93	93	3.1366171603076095E-7	1	1	152	88	3	18	T
F6_BC66_191109_LF_LIB_consensus_vsearch	1634	G	G	269	1	0.37%	2	1	93	93	0.4999999999999138	1	1	158	111	1	0	-A
F6_BC66_191109_LF_LIB_consensus_vsearch	1635	A	A	267	4	1.45%	2	1	93	93	0.061807482193030554	1	1	154	113	4	0	+T
F6_BC66_191109_LF_LIB_consensus_vsearch	1636	T	T	262	5	1.82%	2	2	93	93	0.030665352285866324	1	1	154	108	4	1	-A
F6_BC66_191109_LF_LIB_consensus_vsearch	1637	A	R	255	7	2.59%	2	1	93	93	0.007501809679633719	1	1	144	111	7	0	G
F6_BC66_191109_LF_LIB_consensus_vsearch	1638	G	*/-C	247	9	3.35%	2	2	93	93	0.0018183469810084327	1	1	137	110	8	1	-C
F6_BC66_191109_LF_LIB_consensus_vsearch	1639	C	C	253	5	1.92%	2	1	93	93	0.030644978141142375	1	1	147	106	0	5	+T
F6_BC66_191109_LF_LIB_consensus_vsearch	1640	C	C	259	3	1.11%	2	1	93	93	0.12428298279160237	1	1	153	106	0	3	+T
F6_BC66_191109_LF_LIB_consensus_vsearch	1641	C	C	256	5	1.82%	2	2	93	93	0.03065192548788321	1	1	154	102	2	3	-T
F6_BC66_191109_LF_LIB_consensus_vsearch	1642	T	W	246	16	5.9%	2	2	93	93	1.205080155621444E-5	1	1	140	106	15	1	A
F6_BC66_191109_LF_LIB_consensus_vsearch	1643	T	T	269	3	1.09%	2	2	93	93	0.12430939226523824	1	1	162	107	1	2	C
F6_BC66_191109_LF_LIB_consensus_vsearch	1644	A	A	270	4	1.45%	2	2	93	93	0.06181507136518779	1	1	160	110	3	1	G
F6_BC66_191109_LF_LIB_consensus_vsearch	1645	T	*/-CC	246	14	5.07%	2	2	93	93	5.099688705266337E-5	1	1	138	108	13	1	-CC
F6_BC66_191109_LF_LIB_consensus_vsearch	1646	C	C	251	1	0.4%	2	1	93	93	0.5000000000003686	1	1	140	111	1	0	G
F6_BC66_191109_LF_LIB_consensus_vsearch	1647	C	C	257	2	0.77%	2	2	93	93	0.24951644100587136	1	1	146	111	1	1	+T
F6_BC66_191109_LF_LIB_consensus_vsearch	1648	C	Y	262	10	3.64%	2	2	93	93	8.977068546848841E-4	1	1	159	103	3	7	T
F6_BC66_191109_LF_LIB_consensus_vsearch	1649	G	R	253	17	6.23%	2	2	93	93	5.8836414163460775E-6	1	1	144	109	16	1	A
F6_BC66_191109_LF_LIB_consensus_vsearch	1650	G	G	265	4	1.45%	2	1	93	93	0.06180232861697055	1	1	153	112	4	0	T
F6_BC66_191109_LF_LIB_consensus_vsearch	1651	T	T	265	3	1.1%	2	1	93	93	0.12429906542060956	1	1	158	107	0	3	+AA
F6_BC66_191109_LF_LIB_consensus_vsearch	1652	A	A	265	4	1.48%	2	1	93	93	0.06180232861697055	1	1	154	111	4	0	G
F6_BC66_191109_LF_LIB_consensus_vsearch	1653	G	G	262	4	1.48%	2	1	93	93	0.06179445281046573	1	1	157	105	0	4	-C
F6_BC66_191109_LF_LIB_consensus_vsearch	1654	C	C	258	5	1.85%	2	2	93	93	0.030656469088614302	1	1	152	106	4	1	-GC
F6_BC66_191109_LF_LIB_consensus_vsearch	1655	G	G	263	1	0.37%	2	1	93	93	0.4999999999999138	1	1	154	109	1	0	+C
F6_BC66_191109_LF_LIB_consensus_vsearch	1656	C	*/-T	236	9	3.35%	2	2	93	93	0.0018124155419458562	1	1	151	85	2	7	-T
F6_BC66_191109_LF_LIB_consensus_vsearch	1657	T	T	251	1	0.4%	2	1	93	93	0.5000000000003686	1	1	157	94	1	0	C
F6_BC66_191109_LF_LIB_consensus_vsearch	1658	T	T	258	2	0.77%	2	1	93	93	0.24951830443137643	1	1	157	101	2	0	C
F6_BC66_191109_LF_LIB_consensus_vsearch	1659	T	T	256	4	1.5%	2	2	93	93	0.061778155432067945	1	1	155	101	2	2	-C
F6_BC66_191109_LF_LIB_consensus_vsearch	1660	C	C	256	6	2.22%	2	1	93	93	0.01517944302364848	1	1	154	102	0	6	+T
F6_BC66_191109_LF_LIB_consensus_vsearch	1661	A	A	263	5	1.85%	2	2	93	93	0.030667531693296068	1	1	152	111	3	2	G
F6_BC66_191109_LF_LIB_consensus_vsearch	1662	C	C	268	1	0.36%	2	1	93	93	0.5000000000003686	1	1	157	111	1	0	+AC
F6_BC66_191109_LF_LIB_consensus_vsearch	1663	T	T	264	6	2.19%	2	2	93	93	0.015192594697130085	1	1	155	109	5	1	-ACT
F6_BC66_191109_LF_LIB_consensus_vsearch	1664	A	A	259	6	2.24%	2	2	93	93	0.015184467591539906	1	1	150	109	5	1	G
F6_BC66_191109_LF_LIB_consensus_vsearch	1665	C	C	265	2	0.75%	2	1	93	93	0.2495309568482648	1	1	157	108	0	2	A
F6_BC66_191109_LF_LIB_consensus_vsearch	1666	T	Y	260	9	3.33%	2	2	93	93	0.0018247429645633383	1	1	154	106	3	6	C
F6_BC66_191109_LF_LIB_consensus_vsearch	1667	G	G	269	2	0.73%	2	2	93	93	0.24953789279111838	1	1	157	112	1	1	+C
F6_BC66_191109_LF_LIB_consensus_vsearch	1668	T	T	274	0	0%	2	0	93	0	1.0	1	0	161	113	0	0	
F6_BC66_191109_LF_LIB_consensus_vsearch	1669	T	T	274	1	0.36%	2	1	93	93	0.4999999999999138	1	1	162	112	0	1	+CT
F6_BC66_191109_LF_LIB_consensus_vsearch	1670	T	T	264	6	2.17%	2	2	93	93	0.015192594697130085	1	1	156	108	2	4	+C
F6_BC66_191109_LF_LIB_consensus_vsearch	1671	C	C	271	1	0.36%	2	1	93	93	0.4999999999999138	1	1	161	110	0	1	+A
F6_BC66_191109_LF_LIB_consensus_vsearch	1672	A	A	273	2	0.73%	2	2	93	93	0.2495446265938613	1	1	162	111	1	1	G
F6_BC66_191109_LF_LIB_consensus_vsearch	1673	A	R	259	13	4.71%	2	2	93	93	1.0540703316428706E-4	1	1	151	108	11	2	G
F6_BC66_191109_LF_LIB_consensus_vsearch	1674	C	*/+T	263	11	4%	2	1	93	93	4.407860386823763E-4	1	1	163	100	0	11	+T
F6_BC66_191109_LF_LIB_consensus_vsearch	1675	C	Y	266	8	2.9%	2	1	93	93	0.0037090372381044278	1	1	162	104	0	8	T
F6_BC66_191109_LF_LIB_consensus_vsearch	1676	C	C	270	4	1.45%	2	1	93	93	0.06181507136518779	1	1	162	108	0	4	T
F6_BC66_191109_LF_LIB_consensus_vsearch	1677	A	*/+T	105	152	55.27%	2	2	93	93	1.1573534498833424E-60	1	1	95	10	53	99	+T
F6_BC66_191109_LF_LIB_consensus_vsearch	1678	T	T	269	1	0.37%	2	1	93	93	0.4999999999999138	1	1	158	111	1	0	+C
F6_BC66_191109_LF_LIB_consensus_vsearch	1679	T	T	272	3	1.09%	2	1	93	93	0.12431693989066941	1	1	160	112	3	0	+C
F6_BC66_191109_LF_LIB_consensus_vsearch	1680	T	T	274	1	0.36%	2	1	93	93	0.4999999999999138	1	1	163	111	0	1	+C
F6_BC66_191109_LF_LIB_consensus_vsearch	1681	T	T	269	5	1.81%	2	2	93	93	0.030680274390748198	1	1	159	110	3	2	+C
F6_BC66_191109_LF_LIB_consensus_vsearch	1682	C	C	267	3	1.09%	2	2	93	93	0.12430426716151294	1	1	157	110	2	1	-A
F6_BC66_191109_LF_LIB_consensus_vsearch	1683	A	A	263	2	0.74%	2	1	93	93	0.24952741020799885	1	1	153	110	2	0	G
F6_BC66_191109_LF_LIB_consensus_vsearch	1684	T	T	263	5	1.82%	2	1	93	93	0.030667531693296068	1	1	153	110	5	0	+A
F6_BC66_191109_LF_LIB_consensus_vsearch	1685	G	G	271	1	0.36%	2	1	93	93	0.4999999999999138	1	1	159	112	1	0	+CCA
F6_BC66_191109_LF_LIB_consensus_vsearch	1686	G	G	266	4	1.45%	2	1	93	93	0.06180491495741971	1	1	153	113	4	0	+T
F6_BC66_191109_LF_LIB_consensus_vsearch	1687	T	Y	265	10	3.62%	2	2	93	93	8.985463618717617E-4	1	1	160	105	2	8	C
F6_BC66_191109_LF_LIB_consensus_vsearch	1688	T	T	271	1	0.36%	2	1	93	93	0.4999999999999138	1	1	160	111	1	0	+A
F6_BC66_191109_LF_LIB_consensus_vsearch	1689	G	G	268	3	1.1%	2	1	93	93	0.12430683918669663	1	1	160	108	0	3	-C
F6_BC66_191109_LF_LIB_consensus_vsearch	1690	C	*/-T	238	19	7.01%	2	2	93	93	1.3505722090443434E-6	1	1	142	96	13	6	-T
F6_BC66_191109_LF_LIB_consensus_vsearch	1691	T	T	252	1	0.4%	2	1	93	93	0.5000000000003686	1	1	148	104	1	0	C
F6_BC66_191109_LF_LIB_consensus_vsearch	1692	T	T	272	0	0%	2	0	93	0	1.0	1	0	162	110	0	0	
F6_BC66_191109_LF_LIB_consensus_vsearch	1693	T	T	275	1	0.36%	2	1	93	93	0.5000000000003686	1	1	163	112	0	1	G
F6_BC66_191109_LF_LIB_consensus_vsearch	1694	T	T	272	2	0.72%	2	1	93	93	0.2495429616087481	1	1	159	113	2	0	-C
F6_BC66_191109_LF_LIB_consensus_vsearch	1695	C	C	266	3	1.09%	2	2	93	93	0.1243016759777629	1	1	158	108	2	1	-AC
F6_BC66_191109_LF_LIB_consensus_vsearch	1696	A	A	260	4	1.47%	2	1	93	93	0.06178910273789233	1	1	150	110	4	0	G
F6_BC66_191109_LF_LIB_consensus_vsearch	1697	C	C	262	3	1.12%	2	1	93	93	0.12429111531193521	1	1	154	108	3	0	G
F6_BC66_191109_LF_LIB_consensus_vsearch	1698	C	*/-T	237	32	11.64%	2	2	93	93	8.739260898418815E-11	1	1	149	88	8	24	-T
F6_BC66_191109_LF_LIB_consensus_vsearch	1699	T	T	238	1	0.42%	2	1	93	93	0.4999999999999138	1	1	150	88	0	1	A
F6_BC66_191109_LF_LIB_consensus_vsearch	1700	T	T	269	3	1.1%	2	2	93	93	0.12430939226523824	1	1	157	112	2	1	C
F6_BC66_191109_LF_LIB_consensus_vsearch	1701	T	*/-C	172	73	26.45%	2	2	93	93	1.8931828112230597E-25	1	1	126	46	32	41	-C
F6_BC66_191109_LF_LIB_consensus_vsearch	1702	C	C	187	1	0.53%	2	1	93	93	0.4999999999999138	1	1	129	58	1	0	+A
F6_BC66_191109_LF_LIB_consensus_vsearch	1703	C	C	257	3	1.15%	2	2	93	93	0.12427745664727831	1	1	158	99	2	1	+T
F6_BC66_191109_LF_LIB_consensus_vsearch	1704	C	C	268	3	1.1%	2	2	93	93	0.12430683918669663	1	1	160	108	1	2	-TC
F6_BC66_191109_LF_LIB_consensus_vsearch	1705	T	T	263	1	0.37%	2	1	93	93	0.4999999999999138	1	1	158	105	1	0	+A
F6_BC66_191109_LF_LIB_consensus_vsearch	1706	C	C	261	3	1.1%	2	1	93	93	0.12428842504744599	1	1	152	109	3	0	-G
F6_BC66_191109_LF_LIB_consensus_vsearch	1707	G	R	250	11	4.03%	2	2	93	93	4.3849887966753017E-4	1	1	140	110	10	1	A
F6_BC66_191109_LF_LIB_consensus_vsearch	1708	C	Y	246	13	4.78%	2	2	93	93	1.0461416751144055E-4	1	1	140	106	10	3	T
F6_BC66_191109_LF_LIB_consensus_vsearch	1709	G	G	266	2	0.74%	2	1	93	93	0.24953271028049737	1	1	155	111	2	0	+A
F6_BC66_191109_LF_LIB_consensus_vsearch	1710	G	G	267	5	1.82%	2	1	93	93	0.030676089228361576	1	1	157	110	5	0	T
F6_BC66_191109_LF_LIB_consensus_vsearch	1711	T	T	268	2	0.73%	2	1	93	93	0.24953617810762627	1	1	159	109	2	0	+A
F6_BC66_191109_LF_LIB_consensus_vsearch	1712	A	A	266	6	2.18%	2	2	93	93	0.015195762196627145	1	1	156	110	5	1	G
F6_BC66_191109_LF_LIB_consensus_vsearch	1713	C	C	268	3	1.09%	2	2	93	93	0.12430683918669663	1	1	160	108	1	2	-T
F6_BC66_191109_LF_LIB_consensus_vsearch	1714	T	T	266	2	0.74%	2	1	93	93	0.24953271028049737	1	1	157	109	2	0	G
F6_BC66_191109_LF_LIB_consensus_vsearch	1715	T	T	266	4	1.46%	2	2	93	93	0.06180491495741971	1	1	159	107	2	2	C
F6_BC66_191109_LF_LIB_consensus_vsearch	1716	G	G	271	1	0.36%	2	1	93	93	0.4999999999999138	1	1	162	109	1	0	A
F6_BC66_191109_LF_LIB_consensus_vsearch	1717	T	T	260	6	2.18%	2	1	93	93	0.01518611735985533	1	1	150	110	6	0	+A
F6_BC66_191109_LF_LIB_consensus_vsearch	1718	G	*/-TG	239	26	9.49%	2	2	93	93	7.82217868200253E-9	1	1	132	107	20	6	-TG
F6_BC66_191109_LF_LIB_consensus_vsearch	1719	T	T	243	1	0.4%	2	1	93	93	0.4999999999999138	1	1	137	106	1	0	+A
F6_BC66_191109_LF_LIB_consensus_vsearch	1720	G	G	243	1	0.4%	2	1	93	93	0.4999999999999138	1	1	139	104	0	1	+T
F6_BC66_191109_LF_LIB_consensus_vsearch	1721	C	C	269	1	0.37%	2	1	93	93	0.4999999999999138	1	1	159	110	1	0	+A
F6_BC66_191109_LF_LIB_consensus_vsearch	1722	T	T	270	1	0.36%	2	1	93	93	0.4999999999999138	1	1	159	111	1	0	+A
F6_BC66_191109_LF_LIB_consensus_vsearch	1723	A	A	270	2	0.73%	2	2	93	93	0.2495395948434138	1	1	159	111	1	1	G
F6_BC66_191109_LF_LIB_consensus_vsearch	1724	T	T	269	2	0.73%	2	1	93	93	0.24953789279111838	1	1	157	112	2	0	+C
F6_BC66_191109_LF_LIB_consensus_vsearch	1725	C	C	273	1	0.36%	2	1	93	93	0.4999999999999138	1	1	161	112	0	1	-GGTC
F6_BC66_191109_LF_LIB_consensus_vsearch	1726	G	G	271	2	0.73%	2	1	93	93	0.24954128440383208	1	1	159	112	2	0	+A
F6_BC66_191109_LF_LIB_consensus_vsearch	1727	G	G	271	2	0.73%	2	1	93	93	0.24954128440383208	1	1	159	112	2	0	T
F6_BC66_191109_LF_LIB_consensus_vsearch	1728	T	T	274	1	0.36%	2	1	93	93	0.4999999999999138	1	1	162	112	1	0	-C
F6_BC66_191109_LF_LIB_consensus_vsearch	1729	C	*/-AC	256	16	5.84%	2	2	93	93	1.2158951336767385E-5	1	1	146	110	14	2	-AC
F6_BC66_191109_LF_LIB_consensus_vsearch	1730	A	A	250	5	1.93%	2	1	93	93	0.030637867497453432	1	1	139	111	5	0	-CG
F6_BC66_191109_LF_LIB_consensus_vsearch	1731	C	C	251	1	0.39%	2	1	93	93	0.5000000000003686	1	1	142	109	0	1	-G
F6_BC66_191109_LF_LIB_consensus_vsearch	1732	G	G	267	1	0.37%	2	1	93	93	0.5000000000003686	1	1	156	111	0	1	+C
F6_BC66_191109_LF_LIB_consensus_vsearch	1733	T	T	266	5	1.82%	2	2	93	93	0.030673973504714284	1	1	156	110	3	2	-C
F6_BC66_191109_LF_LIB_consensus_vsearch	1734	C	C	268	2	0.74%	2	1	93	93	0.24953617810762627	1	1	159	109	0	2	T
F6_BC66_191109_LF_LIB_consensus_vsearch	1735	A	A	270	3	1.09%	2	1	93	93	0.12431192660547026	1	1	159	111	3	0	G
F6_BC66_191109_LF_LIB_consensus_vsearch	1736	T	T	264	6	2.18%	2	2	93	93	0.015192594697130085	1	1	157	107	2	4	-CAT
F6_BC66_191109_LF_LIB_consensus_vsearch	1737	C	C	265	1	0.37%	2	1	93	93	0.4999999999999138	1	1	158	107	1	0	+T
F6_BC66_191109_LF_LIB_consensus_vsearch	1738	A	A	265	2	0.75%	2	1	93	93	0.2495309568482648	1	1	158	107	2	0	G
F6_BC66_191109_LF_LIB_consensus_vsearch	1739	T	*/-A	258	7	2.59%	2	1	93	93	0.007505299821009934	1	1	152	106	7	0	-A
F6_BC66_191109_LF_LIB_consensus_vsearch	1740	A	A	255	5	1.87%	2	2	93	93	0.03064962750114854	1	1	149	106	4	1	-T
F6_BC66_191109_LF_LIB_consensus_vsearch	1741	T	K	259	7	2.61%	2	1	93	93	0.007506445843275869	1	1	150	109	7	0	G
F6_BC66_191109_LF_LIB_consensus_vsearch	1742	T	T	268	2	0.73%	2	2	93	93	0.24953617810762627	1	1	157	111	1	1	A
F6_BC66_191109_LF_LIB_consensus_vsearch	1743	T	T	266	3	1.09%	2	1	93	93	0.1243016759777629	1	1	154	112	3	0	-A
F6_BC66_191109_LF_LIB_consensus_vsearch	1744	A	A	262	3	1.1%	2	1	93	93	0.12429111531193521	1	1	150	112	3	0	-GC
F6_BC66_191109_LF_LIB_consensus_vsearch	1745	G	G	264	3	1.11%	2	1	93	93	0.1242964352720778	1	1	152	112	3	0	A
F6_BC66_191109_LF_LIB_consensus_vsearch	1746	C	C	263	2	0.74%	2	1	93	93	0.24952741020799885	1	1	152	111	2	0	+G
F6_BC66_191109_LF_LIB_consensus_vsearch	1747	C	*/-T	253	10	3.66%	2	2	93	93	8.950763801239866E-4	1	1	151	102	1	9	-T
F6_BC66_191109_LF_LIB_consensus_vsearch	1748	T	T	252	3	1.15%	2	1	93	93	0.12426326129665838	1	1	150	102	3	0	+A
F6_BC66_191109_LF_LIB_consensus_vsearch	1749	T	*/-A	254	12	4.43%	2	2	93	93	2.1506344050599332E-4	1	1	144	110	10	2	-A
F6_BC66_191109_LF_LIB_consensus_vsearch	1750	A	A	256	3	1.14%	2	1	93	93	0.12427466150865948	1	1	149	107	0	3	+G
F6_BC66_191109_LF_LIB_consensus_vsearch	1751	G	*/-A	236	32	11.72%	2	2	93	93	8.705333974725566E-11	1	1	131	105	28	4	-A
F6_BC66_191109_LF_LIB_consensus_vsearch	1752	A	A	233	2	0.84%	2	1	93	93	0.2494669509597199	1	1	130	103	0	2	T
F6_BC66_191109_LF_LIB_consensus_vsearch	1753	A	*/-G	253	11	4.04%	2	2	93	93	4.390460042919817E-4	1	1	154	99	8	3	-G
F6_BC66_191109_LF_LIB_consensus_vsearch	1754	G	G	254	4	1.53%	2	1	93	93	0.06177255436325217	1	1	153	101	0	4	T
F6_BC66_191109_LF_LIB_consensus_vsearch	1755	G	G	269	2	0.73%	2	1	93	93	0.24953789279111838	1	1	161	108	0	2	+C
F6_BC66_191109_LF_LIB_consensus_vsearch	1756	T	T	267	3	1.09%	2	1	93	93	0.12430426716151294	1	1	159	108	0	3	-C
F6_BC66_191109_LF_LIB_consensus_vsearch	1757	C	C	268	1	0.37%	2	1	93	93	0.5000000000003686	1	1	160	108	0	1	+T
F6_BC66_191109_LF_LIB_consensus_vsearch	1758	T	T	264	3	1.1%	2	1	93	93	0.1242964352720778	1	1	155	109	3	0	-CT
F6_BC66_191109_LF_LIB_consensus_vsearch	1759	C	C	260	3	1.11%	2	2	93	93	0.12428571428582305	1	1	155	105	1	2	-T
F6_BC66_191109_LF_LIB_consensus_vsearch	1760	T	T	262	3	1.12%	2	2	93	93	0.12429111531193521	1	1	154	108	2	1	C
F6_BC66_191109_LF_LIB_consensus_vsearch	1761	A	R	257	9	3.3%	2	2	93	93	0.0018233214254448316	1	1	152	105	8	1	G
F6_BC66_191109_LF_LIB_consensus_vsearch	1762	C	C	258	4	1.49%	2	1	93	93	0.061783670907884385	1	1	156	102	0	4	+T
F6_BC66_191109_LF_LIB_consensus_vsearch	1763	C	C	260	5	1.82%	2	1	93	93	0.030660944175210838	1	1	158	102	0	5	-TC
F6_BC66_191109_LF_LIB_consensus_vsearch	1764	T	*/-C	239	13	4.87%	2	2	93	93	1.041552345920223E-4	1	1	142	97	8	5	-C
F6_BC66_191109_LF_LIB_consensus_vsearch	1765	C	C	251	1	0.4%	2	1	93	93	0.5000000000003686	1	1	148	103	1	0	+T
F6_BC66_191109_LF_LIB_consensus_vsearch	1766	C	C	267	2	0.74%	2	1	93	93	0.24953445065180796	1	1	157	110	0	2	T
F6_BC66_191109_LF_LIB_consensus_vsearch	1767	C	C	264	4	1.47%	2	1	93	93	0.06179972295775155	1	1	152	112	4	0	-A
F6_BC66_191109_LF_LIB_consensus_vsearch	1768	A	*/-CT	254	7	2.61%	2	2	93	93	0.0075006286111248205	1	1	143	111	6	1	-CT
F6_BC66_191109_LF_LIB_consensus_vsearch	1769	C	C	260	2	0.76%	2	1	93	93	0.2495219885277623	1	1	150	110	0	2	+T
F6_BC66_191109_LF_LIB_consensus_vsearch	1770	T	T	256	3	1.13%	2	2	93	93	0.12427466150865948	1	1	149	107	2	1	A
F6_BC66_191109_LF_LIB_consensus_vsearch	1771	T	T	262	4	1.47%	2	1	93	93	0.06179445281046573	1	1	158	104	0	4	-G
F6_BC66_191109_LF_LIB_consensus_vsearch	1772	G	G	262	4	1.5%	2	1	93	93	0.06179445281046573	1	1	157	105	4	0	A
F6_BC66_191109_LF_LIB_consensus_vsearch	1773	G	R	264	7	2.58%	2	2	93	93	0.007512050058182546	1	1	158	106	4	3	A
F6_BC66_191109_LF_LIB_consensus_vsearch	1774	C	C	262	4	1.47%	2	2	93	93	0.06179445281046573	1	1	159	103	3	1	-GC
F6_BC66_191109_LF_LIB_consensus_vsearch	1775	G	G	267	1	0.37%	2	1	93	93	0.5000000000003686	1	1	159	108	1	0	+A
F6_BC66_191109_LF_LIB_consensus_vsearch	1776	C	C	267	2	0.74%	2	1	93	93	0.24953445065180796	1	1	158	109	0	2	T
F6_BC66_191109_LF_LIB_consensus_vsearch	1777	A	A	267	3	1.09%	2	2	93	93	0.12430426716151294	1	1	159	108	1	2	-GCA
F6_BC66_191109_LF_LIB_consensus_vsearch	1778	G	R	262	9	3.32%	2	2	93	93	0.0018256734909882749	1	1	154	108	8	1	A
F6_BC66_191109_LF_LIB_consensus_vsearch	1779	C	C	256	6	2.21%	2	2	93	93	0.01517944302364848	1	1	160	96	1	5	-A
F6_BC66_191109_LF_LIB_consensus_vsearch	1780	A	A	254	4	1.53%	2	1	93	93	0.06177255436325217	1	1	158	96	0	4	+C
F6_BC66_191109_LF_LIB_consensus_vsearch	1781	A	A	264	2	0.74%	2	1	93	93	0.24952919020719036	1	1	160	104	0	2	+G
F6_BC66_191109_LF_LIB_consensus_vsearch	1782	T	Y	258	7	2.6%	2	1	93	93	0.007505299821009934	1	1	160	98	0	7	C
F6_BC66_191109_LF_LIB_consensus_vsearch	1783	A	*/-C	249	8	2.94%	2	2	93	93	0.0036961603384701837	1	1	145	104	4	4	-C
F6_BC66_191109_LF_LIB_consensus_vsearch	1784	C	*/+A	208	30	11.58%	2	2	93	93	3.513043633151075E-10	1	1	141	67	1	29	+A
F6_BC66_191109_LF_LIB_consensus_vsearch	1785	A	A	243	6	2.4%	2	2	93	93	0.015156276648152922	1	1	143	100	4	2	G
F6_BC66_191109_LF_LIB_consensus_vsearch	1786	A	A	272	2	0.73%	2	1	93	93	0.2495429616087481	1	1	160	112	2	0	C
F6_BC66_191109_LF_LIB_consensus_vsearch	1787	A	A	271	3	1.09%	2	1	93	93	0.12431444241326345	1	1	158	113	3	0	C
F6_BC66_191109_LF_LIB_consensus_vsearch	1788	A	A	272	2	0.72%	2	1	93	93	0.2495429616087481	1	1	160	112	2	0	+C
F6_BC66_191109_LF_LIB_consensus_vsearch	1789	C	C	269	2	0.72%	2	1	93	93	0.24953789279111838	1	1	157	112	2	0	-T
F6_BC66_191109_LF_LIB_consensus_vsearch	1790	T	T	268	1	0.37%	2	1	93	93	0.5000000000003686	1	1	158	110	0	1	+C
F6_BC66_191109_LF_LIB_consensus_vsearch	1791	A	A	268	1	0.36%	2	1	93	93	0.5000000000003686	1	1	156	112	1	0	+CCA
F6_BC66_191109_LF_LIB_consensus_vsearch	1792	C	C	271	1	0.36%	2	1	93	93	0.4999999999999138	1	1	160	111	0	1	+A
F6_BC66_191109_LF_LIB_consensus_vsearch	1793	G	G	267	4	1.45%	2	1	93	93	0.061807482193030554	1	1	160	107	0	4	-CG
F6_BC66_191109_LF_LIB_consensus_vsearch	1794	C	C	267	2	0.74%	2	2	93	93	0.24953445065180796	1	1	159	108	1	1	-G
F6_BC66_191109_LF_LIB_consensus_vsearch	1795	G	G	265	3	1.11%	2	1	93	93	0.12429906542060956	1	1	157	108	3	0	A
F6_BC66_191109_LF_LIB_consensus_vsearch	1796	A	A	263	6	2.18%	2	1	93	93	0.015190993352737225	1	1	157	106	0	6	+C
F6_BC66_191109_LF_LIB_consensus_vsearch	1797	C	C	266	5	1.83%	2	1	93	93	0.030673973504714284	1	1	160	106	0	5	+T
F6_BC66_191109_LF_LIB_consensus_vsearch	1798	T	*/+C	257	7	2.55%	2	2	93	93	0.007504145184876668	1	1	157	100	3	4	+C
F6_BC66_191109_LF_LIB_consensus_vsearch	1799	C	C	259	4	1.49%	2	2	93	93	0.061786397159329126	1	1	158	101	1	3	+G
F6_BC66_191109_LF_LIB_consensus_vsearch	1800	G	*/-A	256	10	3.66%	2	2	93	93	8.959724786606658E-4	1	1	145	111	9	1	-A
F6_BC66_191109_LF_LIB_consensus_vsearch	1801	A	A	251	2	0.77%	2	1	93	93	0.24950495049494414	1	1	141	110	2	0	+G
F6_BC66_191109_LF_LIB_consensus_vsearch	1802	G	G	263	2	0.75%	2	2	93	93	0.24952741020799885	1	1	153	110	1	1	+C
F6_BC66_191109_LF_LIB_consensus_vsearch	1803	G	*/-AG	223	28	10.26%	2	1	93	93	1.678786524940686E-9	1	1	112	111	28	0	-AG
F6_BC66_191109_LF_LIB_consensus_vsearch	1804	A	A	221	2	0.88%	2	1	93	93	0.24943820224728358	1	1	109	112	2	0	+G
F6_BC66_191109_LF_LIB_consensus_vsearch	1805	G	G	244	1	0.41%	2	1	93	93	0.4999999999999138	1	1	133	111	0	1	-C
F6_BC66_191109_LF_LIB_consensus_vsearch	1806	C	C	269	3	1.1%	2	1	93	93	0.12430939226523824	1	1	162	107	0	3	-GC
F6_BC66_191109_LF_LIB_consensus_vsearch	1807	G	G	260	4	1.48%	2	2	93	93	0.06178910273789233	1	1	157	103	1	3	-C
F6_BC66_191109_LF_LIB_consensus_vsearch	1808	C	*/-T	243	11	4.15%	2	2	93	93	4.3717375701073373E-4	1	1	143	100	9	2	-T
F6_BC66_191109_LF_LIB_consensus_vsearch	1809	T	T	253	2	0.77%	2	2	93	93	0.24950884086425928	1	1	143	110	1	1	A
F6_BC66_191109_LF_LIB_consensus_vsearch	1810	T	T	266	2	0.74%	2	1	93	93	0.24953271028049737	1	1	156	110	0	2	+G
F6_BC66_191109_LF_LIB_consensus_vsearch	1811	G	G	264	3	1.09%	2	2	93	93	0.1242964352720778	1	1	156	108	2	1	-T
F6_BC66_191109_LF_LIB_consensus_vsearch	1812	T	T	261	5	1.84%	2	2	93	93	0.03066315650820783	1	1	154	107	2	3	C
F6_BC66_191109_LF_LIB_consensus_vsearch	1813	C	*/-A	175	62	22.88%	2	1	93	93	2.1766595719372318E-21	1	1	68	107	62	0	-A
F6_BC66_191109_LF_LIB_consensus_vsearch	1814	A	*/-T	167	29	13.88%	2	2	93	93	6.089215027612298E-10	1	1	59	108	28	1	-T
F6_BC66_191109_LF_LIB_consensus_vsearch	1815	T	K	170	62	25.62%	2	1	93	93	1.9397909452386257E-21	1	1	62	108	62	0	G
F6_BC66_191109_LF_LIB_consensus_vsearch	1816	T	T	266	2	0.74%	2	1	93	93	0.24953271028049737	1	1	156	110	2	0	C
F6_BC66_191109_LF_LIB_consensus_vsearch	1817	G	G	270	2	0.73%	2	1	93	93	0.2495395948434138	1	1	159	111	2	0	A
F6_BC66_191109_LF_LIB_consensus_vsearch	1818	G	G	268	4	1.45%	2	2	93	93	0.061810030534865154	1	1	159	109	2	2	-C
F6_BC66_191109_LF_LIB_consensus_vsearch	1819	C	C	270	1	0.37%	2	1	93	93	0.4999999999999138	1	1	161	109	0	1	A
F6_BC66_191109_LF_LIB_consensus_vsearch	1820	G	G	265	5	1.82%	2	2	93	93	0.030671842124359663	1	1	158	107	3	2	-CG
F6_BC66_191109_LF_LIB_consensus_vsearch	1821	C	C	256	6	2.22%	2	2	93	93	0.01517944302364848	1	1	151	105	5	1	-G
F6_BC66_191109_LF_LIB_consensus_vsearch	1822	G	G	259	3	1.14%	2	1	93	93	0.12428298279160237	1	1	150	109	3	0	-A
F6_BC66_191109_LF_LIB_consensus_vsearch	1823	A	A	265	4	1.47%	2	2	93	93	0.06180232861697055	1	1	153	112	3	1	-G
F6_BC66_191109_LF_LIB_consensus_vsearch	1824	G	G	262	3	1.11%	2	1	93	93	0.12429111531193521	1	1	156	106	3	0	+AG
F6_BC66_191109_LF_LIB_consensus_vsearch	1825	T	T	266	2	0.74%	2	1	93	93	0.24953271028049737	1	1	161	105	0	2	C
F6_BC66_191109_LF_LIB_consensus_vsearch	1826	G	G	267	3	1.1%	2	1	93	93	0.12430426716151294	1	1	159	108	3	0	A
F6_BC66_191109_LF_LIB_consensus_vsearch	1827	C	C	264	4	1.47%	2	1	93	93	0.06179972295775155	1	1	156	108	4	0	+G
F6_BC66_191109_LF_LIB_consensus_vsearch	1828	A	R	214	49	17.95%	2	2	93	93	1.5069283304591953E-16	1	1	112	102	47	2	G
F6_BC66_191109_LF_LIB_consensus_vsearch	1829	G	G	264	1	0.37%	2	1	93	93	0.4999999999999138	1	1	158	106	1	0	+A
F6_BC66_191109_LF_LIB_consensus_vsearch	1830	G	*/+C	261	10	3.62%	2	1	93	93	8.974229918180157E-4	1	1	150	111	10	0	+C
F6_BC66_191109_LF_LIB_consensus_vsearch	1831	C	C	261	3	1.11%	2	1	93	93	0.12428842504744599	1	1	152	109	3	0	-A
F6_BC66_191109_LF_LIB_consensus_vsearch	1832	A	R	216	44	16.3%	2	2	93	93	7.785216783079033E-15	1	1	108	108	42	2	G
F6_BC66_191109_LF_LIB_consensus_vsearch	1833	G	*/+A	257	10	3.69%	2	1	93	93	8.962668170105445E-4	1	1	147	110	10	0	+A
F6_BC66_191109_LF_LIB_consensus_vsearch	1834	G	G	263	3	1.1%	2	1	93	93	0.12429378531094196	1	1	152	111	3	0	-T
F6_BC66_191109_LF_LIB_consensus_vsearch	1835	T	T	263	4	1.47%	2	2	93	93	0.06179709776251344	1	1	158	105	1	3	-GGT
F6_BC66_191109_LF_LIB_consensus_vsearch	1836	G	G	261	6	2.22%	2	1	93	93	0.015187754818318031	1	1	154	107	6	0	A
F6_BC66_191109_LF_LIB_consensus_vsearch	1837	G	G	269	1	0.37%	2	1	93	93	0.4999999999999138	1	1	160	109	1	0	-TA
F6_BC66_191109_LF_LIB_consensus_vsearch	1838	T	T	263	2	0.74%	2	1	93	93	0.24952741020799885	1	1	159	104	0	2	C
F6_BC66_191109_LF_LIB_consensus_vsearch	1839	A	A	265	4	1.47%	2	2	93	93	0.06180232861697055	1	1	157	108	2	2	-CA
F6_BC66_191109_LF_LIB_consensus_vsearch	1840	C	C	259	3	1.11%	2	1	93	93	0.12428298279160237	1	1	155	104	3	0	-A
F6_BC66_191109_LF_LIB_consensus_vsearch	1841	A	R	238	11	4.12%	2	1	93	93	4.3618325858222517E-4	1	1	146	92	11	0	G
F6_BC66_191109_LF_LIB_consensus_vsearch	1842	G	G	265	2	0.75%	2	1	93	93	0.2495309568482648	1	1	163	102	0	2	T
F6_BC66_191109_LF_LIB_consensus_vsearch	1843	G	G	273	1	0.36%	2	1	93	93	0.4999999999999138	1	1	163	110	0	1	+TG
F6_BC66_191109_LF_LIB_consensus_vsearch	1844	A	*/-C	256	16	5.82%	2	1	93	93	1.2158951336767385E-5	1	1	162	94	0	16	-C
F6_BC66_191109_LF_LIB_consensus_vsearch	1845	C	C	255	3	1.15%	2	2	93	93	0.1242718446601877	1	1	160	95	1	2	-T
F6_BC66_191109_LF_LIB_consensus_vsearch	1846	T	T	262	6	2.21%	2	2	93	93	0.015189380104217696	1	1	155	107	2	4	C
F6_BC66_191109_LF_LIB_consensus_vsearch	1847	G	S	252	16	5.86%	2	1	93	93	1.211657415601043E-5	1	1	156	96	0	16	C
F6_BC66_191109_LF_LIB_consensus_vsearch	1848	T	W	247	17	6.25%	2	2	93	93	5.847872971450355E-6	1	1	152	95	1	16	A
F6_BC66_191109_LF_LIB_consensus_vsearch	1849	G	G	265	2	0.74%	2	1	93	93	0.2495309568482648	1	1	152	113	2	0	-A
F6_BC66_191109_LF_LIB_consensus_vsearch	1850	A	*/-C	217	51	18.68%	2	2	93	93	3.198010373537438E-17	1	1	147	70	9	42	-C
F6_BC66_191109_LF_LIB_consensus_vsearch	1851	C	C	217	4	1.79%	2	2	93	93	0.0616506283607095	1	1	150	67	1	3	+T
F6_BC66_191109_LF_LIB_consensus_vsearch	1852	C	C	272	2	0.73%	2	1	93	93	0.2495429616087481	1	1	159	113	2	0	+A
F6_BC66_191109_LF_LIB_consensus_vsearch	1853	C	C	268	3	1.09%	2	2	93	93	0.12430683918669663	1	1	160	108	1	2	-T
F6_BC66_191109_LF_LIB_consensus_vsearch	1854	T	T	261	6	2.21%	2	1	93	93	0.015187754818318031	1	1	158	103	0	6	-CT
F6_BC66_191109_LF_LIB_consensus_vsearch	1855	C	C	263	3	1.12%	2	1	93	93	0.12429378531094196	1	1	158	105	3	0	-T
F6_BC66_191109_LF_LIB_consensus_vsearch	1856	T	T	255	4	1.51%	2	2	93	93	0.06177536572082746	1	1	154	101	1	3	+G
F6_BC66_191109_LF_LIB_consensus_vsearch	1857	G	*/-AG	262	9	3.28%	2	1	93	93	0.0018256734909882749	1	1	150	112	9	0	-AG
F6_BC66_191109_LF_LIB_consensus_vsearch	1858	A	A	255	3	1.14%	2	2	93	93	0.1242718446601877	1	1	145	110	2	1	+G
F6_BC66_191109_LF_LIB_consensus_vsearch	1859	G	G	258	3	1.15%	2	1	93	93	0.12428023032618613	1	1	147	111	3	0	A
F6_BC66_191109_LF_LIB_consensus_vsearch	1860	G	G	270	2	0.73%	2	1	93	93	0.2495395948434138	1	1	160	110	2	0	+AG
F6_BC66_191109_LF_LIB_consensus_vsearch	1861	T	T	272	1	0.37%	2	1	93	93	0.5000000000003686	1	1	162	110	0	1	C
F6_BC66_191109_LF_LIB_consensus_vsearch	1862	G	G	270	2	0.73%	2	1	93	93	0.2495395948434138	1	1	162	108	0	2	+AAG
F6_BC66_191109_LF_LIB_consensus_vsearch	1863	C	C	275	0	0%	2	0	93	0	1.0	1	0	162	113	0	0	
F6_BC66_191109_LF_LIB_consensus_vsearch	1864	C	C	270	2	0.73%	2	1	93	93	0.2495395948434138	1	1	160	110	2	0	+AA
F6_BC66_191109_LF_LIB_consensus_vsearch	1865	G	G	271	2	0.73%	2	1	93	93	0.24954128440383208	1	1	160	111	2	0	A
F6_BC66_191109_LF_LIB_consensus_vsearch	1866	T	T	267	3	1.09%	2	1	93	93	0.12430426716151294	1	1	162	105	0	3	-GT
F6_BC66_191109_LF_LIB_consensus_vsearch	1867	G	*/-T	253	11	4.04%	2	2	93	93	4.390460042919817E-4	1	1	149	104	8	3	-T
F6_BC66_191109_LF_LIB_consensus_vsearch	1868	T	T	250	6	2.3%	2	2	93	93	0.015169042029074849	1	1	152	98	1	5	C
F6_BC66_191109_LF_LIB_consensus_vsearch	1869	T	T	268	5	1.82%	2	2	93	93	0.030678189467263802	1	1	161	107	1	4	C
F6_BC66_191109_LF_LIB_consensus_vsearch	1870	T	T	259	4	1.45%	2	2	93	93	0.061786397159329126	1	1	155	104	2	2	+C
F6_BC66_191109_LF_LIB_consensus_vsearch	1871	C	C	267	1	0.37%	2	1	93	93	0.5000000000003686	1	1	157	110	0	1	+A
F6_BC66_191109_LF_LIB_consensus_vsearch	1872	A	A	273	1	0.36%	2	1	93	93	0.4999999999999138	1	1	161	112	0	1	+GC
F6_BC66_191109_LF_LIB_consensus_vsearch	1873	A	R	263	10	3.64%	2	1	93	93	8.979886896061976E-4	1	1	151	112	10	0	G
F6_BC66_191109_LF_LIB_consensus_vsearch	1874	C	C	260	6	2.19%	2	1	93	93	0.01518611735985533	1	1	159	101	0	6	-G
F6_BC66_191109_LF_LIB_consensus_vsearch	1875	G	G	261	4	1.48%	2	1	93	93	0.06179178787806501	1	1	158	103	4	0	A
F6_BC66_191109_LF_LIB_consensus_vsearch	1876	G	G	271	3	1.09%	2	1	93	93	0.12431444241326345	1	1	158	113	3	0	-AC
F6_BC66_191109_LF_LIB_consensus_vsearch	1877	A	A	270	1	0.37%	2	1	93	93	0.4999999999999138	1	1	160	110	0	1	+C
F6_BC66_191109_LF_LIB_consensus_vsearch	1878	C	*/-T	254	15	5.51%	2	2	93	93	2.4970730105602945E-5	1	1	147	107	13	2	-T
F6_BC66_191109_LF_LIB_consensus_vsearch	1879	T	T	258	1	0.39%	2	1	93	93	0.4999999999999138	1	1	150	108	0	1	+C
F6_BC66_191109_LF_LIB_consensus_vsearch	1880	T	*/-C	245	11	4.01%	2	2	93	93	4.375595006058856E-4	1	1	145	100	5	6	-C
F6_BC66_191109_LF_LIB_consensus_vsearch	1881	C	C	250	1	0.4%	2	1	93	93	0.4999999999999138	1	1	145	105	1	0	G
F6_BC66_191109_LF_LIB_consensus_vsearch	1882	C	C	259	3	1.14%	2	1	93	93	0.12428298279160237	1	1	147	112	3	0	-ACC
F6_BC66_191109_LF_LIB_consensus_vsearch	1883	A	A	269	2	0.74%	2	2	93	93	0.24953789279111838	1	1	157	112	1	1	G
F6_BC66_191109_LF_LIB_consensus_vsearch	1884	C	C	270	1	0.37%	2	1	93	93	0.4999999999999138	1	1	158	112	0	1	A
F6_BC66_191109_LF_LIB_consensus_vsearch	1885	C	C	266	4	1.47%	2	2	93	93	0.06180491495741971	1	1	157	109	3	1	-GCC
F6_BC66_191109_LF_LIB_consensus_vsearch	1886	G	G	267	4	1.47%	2	2	93	93	0.061807482193030554	1	1	157	110	3	1	-C
F6_BC66_191109_LF_LIB_consensus_vsearch	1887	C	C	263	3	1.12%	2	1	93	93	0.12429378531094196	1	1	157	106	0	3	+T
F6_BC66_191109_LF_LIB_consensus_vsearch	1888	C	*/-T	252	12	4.41%	2	1	93	93	2.1485229997259312E-4	1	1	157	95	0	12	-T
F6_BC66_191109_LF_LIB_consensus_vsearch	1889	T	T	259	4	1.52%	2	2	93	93	0.061786397159329126	1	1	160	99	2	2	C
F6_BC66_191109_LF_LIB_consensus_vsearch	1890	T	T	275	0	0%	2	0	93	0	1.0	1	0	162	113	0	0	
F6_BC66_191109_LF_LIB_consensus_vsearch	1891	T	T	269	3	1.09%	2	2	93	93	0.12430939226523824	1	1	160	109	1	2	C
F6_BC66_191109_LF_LIB_consensus_vsearch	1892	A	A	270	3	1.09%	2	1	93	93	0.12431192660547026	1	1	162	108	0	3	G
F6_BC66_191109_LF_LIB_consensus_vsearch	1893	C	*/-A	252	12	4.36%	2	1	93	93	2.1485229997259312E-4	1	1	159	93	0	12	-A
F6_BC66_191109_LF_LIB_consensus_vsearch	1894	A	A	253	3	1.15%	2	1	93	93	0.124266144814075	1	1	156	97	3	0	G
F6_BC66_191109_LF_LIB_consensus_vsearch	1895	A	A	272	2	0.73%	2	1	93	93	0.2495429616087481	1	1	160	112	2	0	G
F6_BC66_191109_LF_LIB_consensus_vsearch	1896	A	A	271	4	1.45%	2	1	93	93	0.06181756426009212	1	1	158	113	4	0	G
F6_BC66_191109_LF_LIB_consensus_vsearch	1897	C	C	267	4	1.45%	2	1	93	93	0.061807482193030554	1	1	155	112	4	0	+A
F6_BC66_191109_LF_LIB_consensus_vsearch	1898	G	G	266	4	1.47%	2	1	93	93	0.06180491495741971	1	1	154	112	4	0	C
F6_BC66_191109_LF_LIB_consensus_vsearch	1899	C	C	268	4	1.45%	2	1	93	93	0.061810030534865154	1	1	156	112	4	0	+G
F6_BC66_191109_LF_LIB_consensus_vsearch	1900	A	A	269	4	1.45%	2	1	93	93	0.06181256019060895	1	1	157	112	4	0	-G
F6_BC66_191109_LF_LIB_consensus_vsearch	1901	G	G	271	0	0%	2	0	93	0	1.0	1	0	159	112	0	0	
F6_BC66_191109_LF_LIB_consensus_vsearch	1902	A	A	268	3	1.09%	2	1	93	93	0.12430683918669663	1	1	158	110	3	0	+C
F6_BC66_191109_LF_LIB_consensus_vsearch	1903	C	*/+A	247	15	5.45%	2	1	93	93	2.483343316643122E-5	1	1	137	110	15	0	+A
F6_BC66_191109_LF_LIB_consensus_vsearch	1904	G	G	258	5	1.86%	2	1	93	93	0.030656469088614302	1	1	155	103	0	5	+A
F6_BC66_191109_LF_LIB_consensus_vsearch	1905	A	A	265	2	0.74%	2	1	93	93	0.2495309568482648	1	1	157	108	2	0	+G
F6_BC66_191109_LF_LIB_consensus_vsearch	1906	A	A	273	1	0.36%	2	1	93	93	0.4999999999999138	1	1	160	113	1	0	C
F6_BC66_191109_LF_LIB_consensus_vsearch	1907	A	R	266	8	2.9%	2	2	93	93	0.0037090372381044278	1	1	156	110	5	3	G
F6_BC66_191109_LF_LIB_consensus_vsearch	1908	C	C	272	2	0.73%	2	2	93	93	0.2495429616087481	1	1	161	111	1	1	T
F6_BC66_191109_LF_LIB_consensus_vsearch	1909	G	G	269	2	0.73%	2	2	93	93	0.24953789279111838	1	1	158	111	1	1	+C
F6_BC66_191109_LF_LIB_consensus_vsearch	1910	T	T	268	4	1.45%	2	2	93	93	0.061810030534865154	1	1	157	111	3	1	C
F6_BC66_191109_LF_LIB_consensus_vsearch	1911	C	C	272	1	0.36%	2	1	93	93	0.5000000000003686	1	1	162	110	0	1	+T
F6_BC66_191109_LF_LIB_consensus_vsearch	1912	C	C	263	6	2.18%	2	1	93	93	0.015190993352737225	1	1	152	111	6	0	+GC
F6_BC66_191109_LF_LIB_consensus_vsearch	1913	A	A	260	6	2.19%	2	1	93	93	0.01518611735985533	1	1	150	110	6	0	-T
F6_BC66_191109_LF_LIB_consensus_vsearch	1914	T	Y	249	7	2.61%	2	2	93	93	0.007494585982750822	1	1	140	109	6	1	C
F6_BC66_191109_LF_LIB_consensus_vsearch	1915	A	R	258	14	5.11%	2	1	93	93	5.1413223332492816E-5	1	1	148	110	14	0	G
F6_BC66_191109_LF_LIB_consensus_vsearch	1916	G	K	256	15	5.43%	2	1	93	93	2.5008752181249955E-5	1	1	146	110	15	0	T
F6_BC66_191109_LF_LIB_consensus_vsearch	1917	T	*/-GC	258	11	4%	2	2	93	93	4.3993165790743476E-4	1	1	151	107	8	3	-GC
F6_BC66_191109_LF_LIB_consensus_vsearch	1918	G	R	253	7	2.67%	2	2	93	93	0.007499438529900444	1	1	146	107	6	1	A
F6_BC66_191109_LF_LIB_consensus_vsearch	1919	C	C	255	3	1.13%	2	2	93	93	0.1242718446601877	1	1	147	108	2	1	T
F6_BC66_191109_LF_LIB_consensus_vsearch	1920	A	*/-CA	258	7	2.57%	2	2	93	93	0.007505299821009934	1	1	147	111	6	1	-CA
F6_BC66_191109_LF_LIB_consensus_vsearch	1921	C	C	260	5	1.87%	2	1	93	93	0.030660944175210838	1	1	149	111	5	0	-A
F6_BC66_191109_LF_LIB_consensus_vsearch	1922	A	A	259	1	0.38%	2	1	93	93	0.4999999999999138	1	1	148	111	0	1	+CA
F6_BC66_191109_LF_LIB_consensus_vsearch	1923	A	R	261	8	2.91%	2	2	93	93	0.003705416747963619	1	1	151	110	7	1	G
F6_BC66_191109_LF_LIB_consensus_vsearch	1924	C	C	263	5	1.81%	2	1	93	93	0.030667531693296068	1	1	154	109	5	0	G
F6_BC66_191109_LF_LIB_consensus_vsearch	1925	T	*/+C	239	23	8.49%	2	1	93	93	7.19682713646141E-8	1	1	131	108	23	0	+C
F6_BC66_191109_LF_LIB_consensus_vsearch	1926	C	*/-G	251	19	6.91%	2	1	93	93	1.374026366236268E-6	1	1	161	90	0	19	-G
F6_BC66_191109_LF_LIB_consensus_vsearch	1927	G	G	248	4	1.56%	2	1	93	93	0.061755217199896344	1	1	159	89	0	4	T
F6_BC66_191109_LF_LIB_consensus_vsearch	1928	G	G	275	1	0.36%	2	1	93	93	0.5000000000003686	1	1	162	113	1	0	-AC
F6_BC66_191109_LF_LIB_consensus_vsearch	1929	A	A	269	2	0.73%	2	2	93	93	0.24953789279111838	1	1	160	109	1	1	-C
F6_BC66_191109_LF_LIB_consensus_vsearch	1930	C	C	269	3	1.1%	2	2	93	93	0.12430939226523824	1	1	160	109	1	2	-T
F6_BC66_191109_LF_LIB_consensus_vsearch	1931	T	T	266	3	1.1%	2	1	93	93	0.1243016759777629	1	1	160	106	0	3	-C
F6_BC66_191109_LF_LIB_consensus_vsearch	1932	C	C	263	2	0.74%	2	1	93	93	0.24952741020799885	1	1	160	103	0	2	+T
F6_BC66_191109_LF_LIB_consensus_vsearch	1933	G	G	269	2	0.73%	2	1	93	93	0.24953789279111838	1	1	159	110	0	2	A
F6_BC66_191109_LF_LIB_consensus_vsearch	1934	A	*/-G	233	36	13.14%	2	2	93	93	4.149333639752136E-12	1	1	125	108	35	1	-G
F6_BC66_191109_LF_LIB_consensus_vsearch	1935	G	G	231	5	2.1%	2	1	93	93	0.0305886400572169	1	1	121	110	5	0	+A
F6_BC66_191109_LF_LIB_consensus_vsearch	1936	G	*/+T	249	9	3.27%	2	2	93	93	0.0018193721277701645	1	1	142	107	8	1	+T
F6_BC66_191109_LF_LIB_consensus_vsearch	1937	T	T	263	4	1.49%	2	2	93	93	0.06179709776251344	1	1	156	107	2	2	C
F6_BC66_191109_LF_LIB_consensus_vsearch	1938	T	T	273	1	0.36%	2	1	93	93	0.4999999999999138	1	1	161	112	1	0	G
F6_BC66_191109_LF_LIB_consensus_vsearch	1939	T	*/-AC	240	23	8.33%	2	1	93	93	7.211277908413451E-8	1	1	131	109	23	0	-AC
F6_BC66_191109_LF_LIB_consensus_vsearch	1940	A	R	228	8	3.24%	2	2	93	93	0.00367772893957288	1	1	118	110	7	1	G
F6_BC66_191109_LF_LIB_consensus_vsearch	1941	C	C	238	4	1.63%	2	1	93	93	0.061724409550499286	1	1	128	110	4	0	G
F6_BC66_191109_LF_LIB_consensus_vsearch	1942	C	S	246	25	9.12%	2	1	93	93	1.668750206804489E-8	1	1	136	110	25	0	G
F6_BC66_191109_LF_LIB_consensus_vsearch	1943	C	*/-A	227	23	8.36%	2	1	93	93	7.016447900055975E-8	1	1	130	97	23	0	-A
F6_BC66_191109_LF_LIB_consensus_vsearch	1944	A	A	246	2	0.8%	2	2	93	93	0.24949494949494755	1	1	135	111	1	1	G
F6_BC66_191109_LF_LIB_consensus_vsearch	1945	A	A	270	1	0.37%	2	1	93	93	0.4999999999999138	1	1	159	111	1	0	+G
F6_BC66_191109_LF_LIB_consensus_vsearch	1946	A	A	267	6	2.18%	2	1	93	93	0.015197328608558202	1	1	155	112	6	0	-G
F6_BC66_191109_LF_LIB_consensus_vsearch	1947	G	G	260	6	2.22%	2	1	93	93	0.01518611735985533	1	1	147	113	6	0	A
F6_BC66_191109_LF_LIB_consensus_vsearch	1948	C	C	272	0	0%	2	0	93	0	1.0	1	0	159	113	0	0	
F6_BC66_191109_LF_LIB_consensus_vsearch	1949	C	C	273	2	0.72%	2	1	93	93	0.2495446265938613	1	1	161	112	2	0	T
F6_BC66_191109_LF_LIB_consensus_vsearch	1950	A	A	270	2	0.73%	2	1	93	93	0.2495395948434138	1	1	161	109	2	0	-G
F6_BC66_191109_LF_LIB_consensus_vsearch	1951	G	G	274	0	0%	2	0	93	0	1.0	1	0	161	113	0	0	
F6_BC66_191109_LF_LIB_consensus_vsearch	1952	A	A	275	1	0.36%	2	1	93	93	0.5000000000003686	1	1	163	112	0	1	G
F6_BC66_191109_LF_LIB_consensus_vsearch	1953	T	T	271	4	1.45%	2	1	93	93	0.06181756426009212	1	1	163	108	0	4	+C
F6_BC66_191109_LF_LIB_consensus_vsearch	1954	T	T	271	2	0.72%	2	2	93	93	0.24954128440383208	1	1	160	111	1	1	-C
F6_BC66_191109_LF_LIB_consensus_vsearch	1955	C	C	270	2	0.73%	2	2	93	93	0.2495395948434138	1	1	159	111	1	1	T
F6_BC66_191109_LF_LIB_consensus_vsearch	1956	A	A	268	3	1.09%	2	1	93	93	0.12430683918669663	1	1	157	111	3	0	G
F6_BC66_191109_LF_LIB_consensus_vsearch	1957	C	C	268	2	0.73%	2	1	93	93	0.24953617810762627	1	1	157	111	2	0	+G
F6_BC66_191109_LF_LIB_consensus_vsearch	1958	A	*/-CA	230	33	12.09%	2	2	93	93	3.99042132830425E-11	1	1	136	94	18	15	-CA
F6_BC66_191109_LF_LIB_consensus_vsearch	1959	C	C	231	3	1.26%	2	2	93	93	0.12419700214135107	1	1	136	95	1	2	T
F6_BC66_191109_LF_LIB_consensus_vsearch	1960	A	A	228	5	2.1%	2	1	93	93	0.030580134234414084	1	1	132	96	5	0	G
F6_BC66_191109_LF_LIB_consensus_vsearch	1961	T	T	263	5	1.83%	2	1	93	93	0.030667531693296068	1	1	150	113	5	0	G
F6_BC66_191109_LF_LIB_consensus_vsearch	1962	T	*/+G	256	7	2.55%	2	1	93	93	0.007502981837406636	1	1	150	106	0	7	+G
F6_BC66_191109_LF_LIB_consensus_vsearch	1963	G	*/-A	259	8	2.94%	2	2	93	93	0.003703931063382389	1	1	148	111	6	2	-A
F6_BC66_191109_LF_LIB_consensus_vsearch	1964	A	A	258	4	1.49%	2	1	93	93	0.061783670907884385	1	1	149	109	4	0	+G
F6_BC66_191109_LF_LIB_consensus_vsearch	1965	G	G	266	4	1.46%	2	1	93	93	0.06180491495741971	1	1	156	110	4	0	-C
F6_BC66_191109_LF_LIB_consensus_vsearch	1966	C	C	264	3	1.11%	2	1	93	93	0.1242964352720778	1	1	155	109	3	0	G
F6_BC66_191109_LF_LIB_consensus_vsearch	1967	C	Y	256	13	4.73%	2	2	93	93	1.0523051243934297E-4	1	1	156	100	2	11	T
F6_BC66_191109_LF_LIB_consensus_vsearch	1968	G	G	268	5	1.82%	2	1	93	93	0.030678189467263802	1	1	156	112	5	0	-A
F6_BC66_191109_LF_LIB_consensus_vsearch	1969	A	A	266	2	0.74%	2	1	93	93	0.24953271028049737	1	1	155	111	2	0	G
F6_BC66_191109_LF_LIB_consensus_vsearch	1970	T	*/-C	223	44	15.94%	2	2	93	93	8.241006126837414E-15	1	1	118	105	39	5	-C
F6_BC66_191109_LF_LIB_consensus_vsearch	1971	C	C	227	0	0%	2	0	93	0	1.0	1	0	119	108	0	0	
F6_BC66_191109_LF_LIB_consensus_vsearch	1972	C	C	260	5	1.85%	2	1	93	93	0.030660944175210838	1	1	151	109	5	0	A
F6_BC66_191109_LF_LIB_consensus_vsearch	1973	C	*/-GC	238	21	7.61%	2	1	93	93	3.126065767739242E-7	1	1	136	102	21	0	-GC
F6_BC66_191109_LF_LIB_consensus_vsearch	1974	G	R	233	10	4.02%	2	1	93	93	8.885527375126605E-4	1	1	125	108	10	0	A
F6_BC66_191109_LF_LIB_consensus_vsearch	1975	C	C	243	2	0.8%	2	2	93	93	0.24948875255617758	1	1	135	108	1	1	-T
F6_BC66_191109_LF_LIB_consensus_vsearch	1976	T	T	261	6	2.24%	2	2	93	93	0.015187754818318031	1	1	157	104	1	5	C
F6_BC66_191109_LF_LIB_consensus_vsearch	1977	T	T	265	4	1.46%	2	2	93	93	0.06180232861697055	1	1	154	111	3	1	+C
F6_BC66_191109_LF_LIB_consensus_vsearch	1978	C	*/-A	248	16	5.93%	2	2	93	93	1.2073028070108144E-5	1	1	142	106	15	1	-A
F6_BC66_191109_LF_LIB_consensus_vsearch	1979	A	A	242	6	2.33%	2	1	93	93	0.015154394442017034	1	1	136	106	0	6	+C
F6_BC66_191109_LF_LIB_consensus_vsearch	1980	C	C	270	2	0.73%	2	2	93	93	0.2495395948434138	1	1	159	111	1	1	-T
F6_BC66_191109_LF_LIB_consensus_vsearch	1981	T	*/-C	253	14	5.11%	2	1	93	93	5.1244009276311245E-5	1	1	157	96	0	14	-C
F6_BC66_191109_LF_LIB_consensus_vsearch	1982	C	C	241	6	2.29%	2	1	93	93	0.01515249705946412	1	1	147	94	6	0	+AC
F6_BC66_191109_LF_LIB_consensus_vsearch	1983	G	G	264	3	1.09%	2	2	93	93	0.1242964352720778	1	1	154	110	1	2	A
F6_BC66_191109_LF_LIB_consensus_vsearch	1984	C	C	262	3	1.09%	2	1	93	93	0.12429111531193521	1	1	153	109	0	3	+AA
F6_BC66_191109_LF_LIB_consensus_vsearch	1985	A	R	262	9	3.3%	2	1	93	93	0.0018256734909882749	1	1	149	113	9	0	G
F6_BC66_191109_LF_LIB_consensus_vsearch	1986	G	G	274	1	0.36%	2	1	93	93	0.4999999999999138	1	1	162	112	0	1	+CAG
F6_BC66_191109_LF_LIB_consensus_vsearch	1987	T	T	272	2	0.73%	2	1	93	93	0.2495429616087481	1	1	159	113	2	0	G
F6_BC66_191109_LF_LIB_consensus_vsearch	1988	T	T	275	1	0.36%	2	1	93	93	0.5000000000003686	1	1	162	113	1	0	-ACT
F6_BC66_191109_LF_LIB_consensus_vsearch	1989	A	R	264	8	2.91%	2	1	93	93	0.0037076048169334716	1	1	152	112	8	0	G
F6_BC66_191109_LF_LIB_consensus_vsearch	1990	C	C	265	4	1.47%	2	1	93	93	0.06180232861697055	1	1	153	112	4	0	-TG
F6_BC66_191109_LF_LIB_consensus_vsearch	1991	T	T	259	4	1.49%	2	2	93	93	0.061786397159329126	1	1	153	106	1	3	+G
F6_BC66_191109_LF_LIB_consensus_vsearch	1992	G	*/-A	244	18	6.67%	2	2	93	93	2.8199762761997825E-6	1	1	132	112	17	1	-A
F6_BC66_191109_LF_LIB_consensus_vsearch	1993	A	*/-G	191	44	17.6%	2	2	93	93	6.1619202240591395E-15	1	1	83	108	40	4	-G
F6_BC66_191109_LF_LIB_consensus_vsearch	1994	G	G	215	1	0.46%	2	1	93	93	0.4999999999999138	1	1	107	108	0	1	+AG
F6_BC66_191109_LF_LIB_consensus_vsearch	1995	G	G	265	2	0.75%	2	1	93	93	0.2495309568482648	1	1	152	113	2	0	A
F6_BC66_191109_LF_LIB_consensus_vsearch	1996	G	*/-A	262	10	3.65%	2	2	93	93	8.977068546848841E-4	1	1	150	112	9	1	-A
F6_BC66_191109_LF_LIB_consensus_vsearch	1997	A	A	262	1	0.38%	2	1	93	93	0.5000000000003686	1	1	151	111	1	0	+G
F6_BC66_191109_LF_LIB_consensus_vsearch	1998	A	A	265	3	1.09%	2	1	93	93	0.12429906542060956	1	1	158	107	0	3	+C
F6_BC66_191109_LF_LIB_consensus_vsearch	1999	T	*/-C	239	33	12.09%	2	2	93	93	4.1438548067542925E-11	1	1	130	109	32	1	-C
F6_BC66_191109_LF_LIB_consensus_vsearch	2000	C	C	241	2	0.82%	2	1	93	93	0.2494845360824727	1	1	131	110	0	2	T
F6_BC66_191109_LF_LIB_consensus_vsearch	2001	C	C	265	5	1.81%	2	1	93	93	0.030671842124359663	1	1	163	102	0	5	-T
F6_BC66_191109_LF_LIB_consensus_vsearch	2002	T	*/-G	258	7	2.59%	2	1	93	93	0.007505299821009934	1	1	161	97	0	7	-G
F6_BC66_191109_LF_LIB_consensus_vsearch	2003	G	G	261	4	1.49%	2	2	93	93	0.06179178787806501	1	1	161	100	1	3	A
F6_BC66_191109_LF_LIB_consensus_vsearch	2004	G	G	272	2	0.72%	2	1	93	93	0.2495429616087481	1	1	162	110	0	2	A
F6_BC66_191109_LF_LIB_consensus_vsearch	2005	T	T	269	3	1.09%	2	2	93	93	0.12430939226523824	1	1	161	108	1	2	C
F6_BC66_191109_LF_LIB_consensus_vsearch	2006	T	*/-A	258	9	3.27%	2	2	93	93	0.001823798755543091	1	1	156	102	3	6	-A
F6_BC66_191109_LF_LIB_consensus_vsearch	2007	A	R	249	7	2.64%	2	1	93	93	0.007494585982750822	1	1	149	100	7	0	G
F6_BC66_191109_LF_LIB_consensus_vsearch	2008	G	G	243	6	2.25%	2	2	93	93	0.015156276648152922	1	1	145	98	5	1	+T
F6_BC66_191109_LF_LIB_consensus_vsearch	2009	T	Y	251	7	2.66%	2	1	93	93	0.007497030913500092	1	1	155	96	0	7	C
F6_BC66_191109_LF_LIB_consensus_vsearch	2010	T	T	266	2	0.75%	2	2	93	93	0.24953271028049737	1	1	162	104	1	1	C
F6_BC66_191109_LF_LIB_consensus_vsearch	2011	T	T	255	6	2.22%	2	2	93	93	0.01517774260134363	1	1	158	97	1	5	-C
F6_BC66_191109_LF_LIB_consensus_vsearch	2012	C	*/-T	197	38	14.39%	2	2	93	93	7.14590607581325E-13	1	1	137	60	14	24	-T
F6_BC66_191109_LF_LIB_consensus_vsearch	2013	T	T	221	2	0.89%	2	1	93	93	0.24943820224728358	1	1	143	78	2	0	C
F6_BC66_191109_LF_LIB_consensus_vsearch	2014	T	T	262	1	0.38%	2	1	93	93	0.5000000000003686	1	1	159	103	1	0	C
F6_BC66_191109_LF_LIB_consensus_vsearch	2015	T	T	270	1	0.37%	2	1	93	93	0.4999999999999138	1	1	160	110	0	1	+CC
F6_BC66_191109_LF_LIB_consensus_vsearch	2016	T	*/-C	260	10	3.62%	2	2	93	93	8.97137079051494E-4	1	1	156	104	3	7	-C
F6_BC66_191109_LF_LIB_consensus_vsearch	2017	C	C	258	4	1.51%	2	1	93	93	0.061783670907884385	1	1	154	104	4	0	+A
F6_BC66_191109_LF_LIB_consensus_vsearch	2018	C	C	270	2	0.73%	2	2	93	93	0.2495395948434138	1	1	160	110	1	1	-TCC
F6_BC66_191109_LF_LIB_consensus_vsearch	2019	T	*/+C	263	9	3.28%	2	1	93	93	0.0018261337158000507	1	1	152	111	9	0	+C
F6_BC66_191109_LF_LIB_consensus_vsearch	2020	C	C	272	1	0.37%	2	1	93	93	0.5000000000003686	1	1	161	111	0	1	+TC
F6_BC66_191109_LF_LIB_consensus_vsearch	2021	C	*/-G	260	8	2.92%	2	2	93	93	0.0037046766426069204	1	1	152	108	7	1	-G
F6_BC66_191109_LF_LIB_consensus_vsearch	2022	G	G	261	3	1.12%	2	1	93	93	0.12428842504744599	1	1	155	106	0	3	-CTG
F6_BC66_191109_LF_LIB_consensus_vsearch	2023	C	C	259	5	1.84%	2	1	93	93	0.030658715098946722	1	1	151	108	5	0	A
F6_BC66_191109_LF_LIB_consensus_vsearch	2024	T	T	259	4	1.48%	2	2	93	93	0.061786397159329126	1	1	158	101	1	3	C
F6_BC66_191109_LF_LIB_consensus_vsearch	2025	G	G	271	1	0.37%	2	1	93	93	0.4999999999999138	1	1	162	109	1	0	C
F6_BC66_191109_LF_LIB_consensus_vsearch	2026	A	A	273	1	0.36%	2	1	93	93	0.4999999999999138	1	1	162	111	1	0	+G
F6_BC66_191109_LF_LIB_consensus_vsearch	2027	T	T	274	0	0%	2	0	93	0	1.0	1	0	163	111	0	0	
F6_BC66_191109_LF_LIB_consensus_vsearch	2028	T	T	270	2	0.73%	2	2	93	93	0.2495395948434138	1	1	162	108	1	1	C
F6_BC66_191109_LF_LIB_consensus_vsearch	2029	A	A	269	2	0.73%	2	1	93	93	0.24953789279111838	1	1	162	107	0	2	G
F6_BC66_191109_LF_LIB_consensus_vsearch	2030	A	A	270	3	1.09%	2	2	93	93	0.12431192660547026	1	1	161	109	1	2	G
F6_BC66_191109_LF_LIB_consensus_vsearch	2031	T	T	269	2	0.73%	2	2	93	93	0.24953789279111838	1	1	161	108	1	1	C
F6_BC66_191109_LF_LIB_consensus_vsearch	2032	A	A	266	4	1.46%	2	2	93	93	0.06180491495741971	1	1	159	107	2	2	G
F6_BC66_191109_LF_LIB_consensus_vsearch	2033	T	T	267	2	0.73%	2	1	93	93	0.24953445065180796	1	1	158	109	2	0	+A
F6_BC66_191109_LF_LIB_consensus_vsearch	2034	G	G	264	5	1.82%	2	1	93	93	0.030669694912897477	1	1	153	111	5	0	-CT
F6_BC66_191109_LF_LIB_consensus_vsearch	2035	C	C	253	4	1.49%	2	2	93	93	0.0617697211064687	1	1	151	102	2	2	-T
F6_BC66_191109_LF_LIB_consensus_vsearch	2036	T	T	259	3	1.14%	2	1	93	93	0.12428298279160237	1	1	150	109	3	0	C
F6_BC66_191109_LF_LIB_consensus_vsearch	2037	T	T	256	4	1.47%	2	2	93	93	0.061778155432067945	1	1	153	103	1	3	-A
F6_BC66_191109_LF_LIB_consensus_vsearch	2038	A	R	256	7	2.62%	2	2	93	93	0.007502981837406636	1	1	154	102	4	3	G
F6_BC66_191109_LF_LIB_consensus_vsearch	2039	A	A	262	5	1.85%	2	2	93	93	0.030665352285866324	1	1	158	104	2	3	G
F6_BC66_191109_LF_LIB_consensus_vsearch	2040	G	G	264	3	1.1%	2	1	93	93	0.1242964352720778	1	1	158	106	0	3	+T
F6_BC66_191109_LF_LIB_consensus_vsearch	2041	T	T	264	4	1.47%	2	2	93	93	0.06179972295775155	1	1	157	107	1	3	C
F6_BC66_191109_LF_LIB_consensus_vsearch	2042	C	*/-T	261	7	2.55%	2	2	93	93	0.007508712428886389	1	1	153	108	4	3	-T
F6_BC66_191109_LF_LIB_consensus_vsearch	2043	T	T	256	5	1.87%	2	2	93	93	0.03065192548788321	1	1	150	106	3	2	C
F6_BC66_191109_LF_LIB_consensus_vsearch	2044	A	R	225	39	14.5%	2	2	93	93	3.996879081795323E-13	1	1	119	106	36	3	G
F6_BC66_191109_LF_LIB_consensus_vsearch	2045	G	G	260	3	1.11%	2	1	93	93	0.12428571428582305	1	1	150	110	3	0	+C
F6_BC66_191109_LF_LIB_consensus_vsearch	2046	C	*/-G	243	12	4.48%	2	2	93	93	2.1386299704443686E-4	1	1	151	92	4	8	-G
F6_BC66_191109_LF_LIB_consensus_vsearch	2047	G	R	243	11	4.26%	2	1	93	93	4.3717375701073373E-4	1	1	140	103	11	0	A
F6_BC66_191109_LF_LIB_consensus_vsearch	2048	G	G	266	4	1.46%	2	2	93	93	0.06180491495741971	1	1	156	110	3	1	A
F6_BC66_191109_LF_LIB_consensus_vsearch	2049	G	G	262	4	1.45%	2	1	93	93	0.06179445281046573	1	1	155	107	4	0	+T
F6_BC66_191109_LF_LIB_consensus_vsearch	2050	T	Y	256	12	4.44%	2	2	93	93	2.1527156259027708E-4	1	1	160	96	1	11	C
F6_BC66_191109_LF_LIB_consensus_vsearch	2051	T	T	266	3	1.1%	2	2	93	93	0.1243016759777629	1	1	161	105	1	2	C
F6_BC66_191109_LF_LIB_consensus_vsearch	2052	G	G	268	1	0.37%	2	1	93	93	0.5000000000003686	1	1	161	107	0	1	+A
F6_BC66_191109_LF_LIB_consensus_vsearch	2053	T	*/+C	232	26	9.45%	2	2	93	93	7.679480977120887E-9	1	1	125	107	25	1	+C
F6_BC66_191109_LF_LIB_consensus_vsearch	2054	C	C	257	3	1.15%	2	2	93	93	0.12427745664727831	1	1	149	108	1	2	+T
F6_BC66_191109_LF_LIB_consensus_vsearch	2055	C	C	262	5	1.81%	2	2	93	93	0.030665352285866324	1	1	157	105	2	3	-T
F6_BC66_191109_LF_LIB_consensus_vsearch	2056	T	T	253	3	1.12%	2	1	93	93	0.124266144814075	1	1	147	106	3	0	-A
F6_BC66_191109_LF_LIB_consensus_vsearch	2057	A	*/-C	187	38	14.34%	2	2	93	93	6.602303709654208E-13	1	1	88	99	32	6	-C
F6_BC66_191109_LF_LIB_consensus_vsearch	2058	C	C	202	3	1.44%	2	1	93	93	0.12408312958435573	1	1	102	100	3	0	G
F6_BC66_191109_LF_LIB_consensus_vsearch	2059	C	C	239	6	2.4%	2	1	93	93	0.015148656024950557	1	1	132	107	6	0	T
F6_BC66_191109_LF_LIB_consensus_vsearch	2060	C	Y	245	11	4.18%	2	2	93	93	4.375595006058856E-4	1	1	142	103	3	8	T
F6_BC66_191109_LF_LIB_consensus_vsearch	2061	C	*/-A	256	8	2.91%	2	1	93	93	0.003701660868547635	1	1	155	101	0	8	-A
F6_BC66_191109_LF_LIB_consensus_vsearch	2062	A	A	258	2	0.76%	2	1	93	93	0.24951830443137643	1	1	155	103	2	0	T
F6_BC66_191109_LF_LIB_consensus_vsearch	2063	A	A	269	2	0.74%	2	1	93	93	0.24953789279111838	1	1	157	112	2	0	G
F6_BC66_191109_LF_LIB_consensus_vsearch	2064	T	Y	267	7	2.55%	2	1	93	93	0.007515315152860378	1	1	162	105	0	7	C
F6_BC66_191109_LF_LIB_consensus_vsearch	2065	G	*/-AG	262	9	3.27%	2	1	93	93	0.0018256734909882749	1	1	150	112	9	0	-AG
F6_BC66_191109_LF_LIB_consensus_vsearch	2066	A	A	258	3	1.13%	2	1	93	93	0.12428023032618613	1	1	150	108	3	0	+G
F6_BC66_191109_LF_LIB_consensus_vsearch	2067	G	G	261	2	0.76%	2	1	93	93	0.24952380952412506	1	1	152	109	2	0	A
F6_BC66_191109_LF_LIB_consensus_vsearch	2068	G	G	272	2	0.73%	2	1	93	93	0.2495429616087481	1	1	162	110	0	2	+C
F6_BC66_191109_LF_LIB_consensus_vsearch	2069	T	T	266	3	1.09%	2	1	93	93	0.1243016759777629	1	1	162	104	0	3	C
F6_BC66_191109_LF_LIB_consensus_vsearch	2070	C	C	265	5	1.83%	2	2	93	93	0.030671842124359663	1	1	156	109	4	1	-AT
F6_BC66_191109_LF_LIB_consensus_vsearch	2071	A	R	258	7	2.6%	2	2	93	93	0.007505299821009934	1	1	152	106	5	2	G
F6_BC66_191109_LF_LIB_consensus_vsearch	2072	T	T	261	5	1.85%	2	2	93	93	0.03066315650820783	1	1	153	108	2	3	C
F6_BC66_191109_LF_LIB_consensus_vsearch	2073	G	*/-TG	250	17	6.23%	2	2	93	93	5.865937391528599E-6	1	1	142	108	13	4	-TG
F6_BC66_191109_LF_LIB_consensus_vsearch	2074	T	T	246	4	1.57%	2	2	93	93	0.061749253033287245	1	1	144	102	1	3	C
F6_BC66_191109_LF_LIB_consensus_vsearch	2075	G	G	250	3	1.17%	2	1	93	93	0.12425742574263329	1	1	145	105	3	0	A
F6_BC66_191109_LF_LIB_consensus_vsearch	2076	G	G	266	4	1.45%	2	1	93	93	0.06180491495741971	1	1	153	113	4	0	+T
F6_BC66_191109_LF_LIB_consensus_vsearch	2077	T	T	271	4	1.45%	2	2	93	93	0.06181756426009212	1	1	161	110	1	3	C
F6_BC66_191109_LF_LIB_consensus_vsearch	2078	T	T	260	4	1.45%	2	2	93	93	0.06178910273789233	1	1	154	106	1	3	C
F6_BC66_191109_LF_LIB_consensus_vsearch	2079	G	G	262	3	1.11%	2	1	93	93	0.12429111531193521	1	1	152	110	3	0	-TA
F6_BC66_191109_LF_LIB_consensus_vsearch	2080	T	Y	255	9	3.33%	2	2	93	93	0.0018223561198992344	1	1	152	103	6	3	C
F6_BC66_191109_LF_LIB_consensus_vsearch	2081	A	A	260	5	1.85%	2	2	93	93	0.030660944175210838	1	1	151	109	3	2	G
F6_BC66_191109_LF_LIB_consensus_vsearch	2082	G	G	268	2	0.74%	2	1	93	93	0.24953617810762627	1	1	157	111	2	0	A
F6_BC66_191109_LF_LIB_consensus_vsearch	2083	T	T	264	3	1.1%	2	2	93	93	0.1242964352720778	1	1	158	106	2	1	-A
F6_BC66_191109_LF_LIB_consensus_vsearch	2084	A	*/+C	246	13	4.78%	2	2	93	93	1.0461416751144055E-4	1	1	139	107	12	1	+C
F6_BC66_191109_LF_LIB_consensus_vsearch	2085	C	C	261	5	1.84%	2	2	93	93	0.03066315650820783	1	1	158	103	1	4	+T
F6_BC66_191109_LF_LIB_consensus_vsearch	2086	C	C	268	2	0.72%	2	1	93	93	0.24953617810762627	1	1	157	111	2	0	-A
F6_BC66_191109_LF_LIB_consensus_vsearch	2087	A	A	266	4	1.47%	2	2	93	93	0.06180491495741971	1	1	156	110	3	1	G
F6_BC66_191109_LF_LIB_consensus_vsearch	2088	G	G	267	4	1.47%	2	1	93	93	0.061807482193030554	1	1	155	112	4	0	-A
F6_BC66_191109_LF_LIB_consensus_vsearch	2089	A	A	264	2	0.74%	2	1	93	93	0.24952919020719036	1	1	156	108	2	0	-CG
F6_BC66_191109_LF_LIB_consensus_vsearch	2090	C	C	267	3	1.09%	2	1	93	93	0.12430426716151294	1	1	159	108	0	3	T
F6_BC66_191109_LF_LIB_consensus_vsearch	2091	G	G	256	5	1.85%	2	2	93	93	0.03065192548788321	1	1	150	106	4	1	A
F6_BC66_191109_LF_LIB_consensus_vsearch	2092	T	*/-C	192	73	26.94%	2	1	93	93	3.3079938697836515E-25	1	1	85	107	73	0	-C
F6_BC66_191109_LF_LIB_consensus_vsearch	2093	C	Y	188	7	3.5%	2	2	93	93	0.007396180372504935	1	1	84	104	2	5	T
F6_BC66_191109_LF_LIB_consensus_vsearch	2094	C	*/-T	260	7	2.56%	2	2	93	93	0.0075075833477063125	1	1	154	106	4	3	-T
F6_BC66_191109_LF_LIB_consensus_vsearch	2095	T	Y	250	10	3.75%	2	2	93	93	8.941601421015523E-4	1	1	154	96	3	7	C
F6_BC66_191109_LF_LIB_consensus_vsearch	2096	G	G	271	2	0.73%	2	1	93	93	0.24954128440383208	1	1	160	111	2	0	-A
F6_BC66_191109_LF_LIB_consensus_vsearch	2097	A	A	263	6	2.21%	2	2	93	93	0.015190993352737225	1	1	154	109	3	3	G
F6_BC66_191109_LF_LIB_consensus_vsearch	2098	C	C	265	5	1.82%	2	2	93	93	0.030671842124359663	1	1	158	107	3	2	T
F6_BC66_191109_LF_LIB_consensus_vsearch	2099	G	G	271	2	0.73%	2	1	93	93	0.24954128440383208	1	1	162	109	0	2	T
F6_BC66_191109_LF_LIB_consensus_vsearch	2100	G	G	275	1	0.36%	2	1	93	93	0.5000000000003686	1	1	162	113	1	0	A
F6_BC66_191109_LF_LIB_consensus_vsearch	2101	A	A	273	1	0.36%	2	1	93	93	0.4999999999999138	1	1	161	112	0	1	+GT
F6_BC66_191109_LF_LIB_consensus_vsearch	2102	C	C	261	6	2.18%	2	1	93	93	0.015187754818318031	1	1	151	110	6	0	-G
F6_BC66_191109_LF_LIB_consensus_vsearch	2103	G	G	252	5	1.88%	2	2	93	93	0.030642626352771006	1	1	145	107	2	3	-CT
F6_BC66_191109_LF_LIB_consensus_vsearch	2104	C	C	254	6	2.26%	2	1	93	93	0.015176029151052142	1	1	146	108	6	0	A
F6_BC66_191109_LF_LIB_consensus_vsearch	2105	T	T	259	3	1.12%	2	2	93	93	0.12428298279160237	1	1	153	106	2	1	+G
F6_BC66_191109_LF_LIB_consensus_vsearch	2106	G	*/-A	248	24	8.79%	2	2	93	93	3.5068188669058554E-8	1	1	157	91	2	22	-A
F6_BC66_191109_LF_LIB_consensus_vsearch	2107	A	R	146	103	41.04%	2	2	93	93	1.4430590216002082E-37	1	1	90	56	68	35	G
F6_BC66_191109_LF_LIB_consensus_vsearch	2108	A	A	263	5	1.81%	2	2	93	93	0.030667531693296068	1	1	159	104	4	1	G
F6_BC66_191109_LF_LIB_consensus_vsearch	2109	C	*/+T	243	10	3.65%	2	2	93	93	8.91940019333984E-4	1	1	144	99	7	3	+T
F6_BC66_191109_LF_LIB_consensus_vsearch	2110	T	T	249	3	1.17%	2	2	93	93	0.12425447316115633	1	1	151	98	2	1	A
F6_BC66_191109_LF_LIB_consensus_vsearch	2111	T	T	258	3	1.12%	2	2	93	93	0.12428023032618613	1	1	151	107	1	2	A
F6_BC66_191109_LF_LIB_consensus_vsearch	2112	G	R	249	14	5.13%	2	2	93	93	5.110430355772131E-5	1	1	141	108	12	2	A
F6_BC66_191109_LF_LIB_consensus_vsearch	2113	C	C	265	1	0.37%	2	1	93	93	0.4999999999999138	1	1	154	111	1	0	+A
F6_BC66_191109_LF_LIB_consensus_vsearch	2114	C	Y	249	13	4.74%	2	2	93	93	1.0480374753057819E-4	1	1	151	98	3	10	T
F6_BC66_191109_LF_LIB_consensus_vsearch	2115	G	G	263	2	0.74%	2	1	93	93	0.24952741020799885	1	1	152	111	2	0	A
F6_BC66_191109_LF_LIB_consensus_vsearch	2116	A	A	263	4	1.45%	2	1	93	93	0.06179709776251344	1	1	153	110	4	0	G
F6_BC66_191109_LF_LIB_consensus_vsearch	2117	C	C	264	4	1.45%	2	1	93	93	0.06179972295775155	1	1	151	113	4	0	T
F6_BC66_191109_LF_LIB_consensus_vsearch	2118	A	A	260	3	1.1%	2	2	93	93	0.12428571428582305	1	1	152	108	1	2	-C
F6_BC66_191109_LF_LIB_consensus_vsearch	2119	C	C	252	5	1.86%	2	1	93	93	0.030642626352771006	1	1	154	98	0	5	+A
F6_BC66_191109_LF_LIB_consensus_vsearch	2120	G	R	149	113	42.48%	2	2	93	93	1.6569360720099057E-41	1	1	92	57	68	45	A
F6_BC66_191109_LF_LIB_consensus_vsearch	2121	G	G	264	6	2.19%	2	2	93	93	0.015192594697130085	1	1	157	107	3	3	A
F6_BC66_191109_LF_LIB_consensus_vsearch	2122	G	S	259	7	2.54%	2	1	93	93	0.007506445843275869	1	1	158	101	0	7	C
F6_BC66_191109_LF_LIB_consensus_vsearch	2123	C	C	267	3	1.09%	2	2	93	93	0.12430426716151294	1	1	158	109	1	2	+A
F6_BC66_191109_LF_LIB_consensus_vsearch	2124	T	Y	254	8	2.92%	2	2	93	93	0.003700118894213593	1	1	156	98	3	5	C
F6_BC66_191109_LF_LIB_consensus_vsearch	2125	C	C	259	4	1.49%	2	2	93	93	0.061786397159329126	1	1	157	102	3	1	-A
F6_BC66_191109_LF_LIB_consensus_vsearch	2126	A	*/-T	241	23	8.46%	2	2	93	93	7.225642890746785E-8	1	1	137	104	19	4	-T
F6_BC66_191109_LF_LIB_consensus_vsearch	2127	T	Y	127	119	47.22%	2	2	93	93	7.427636877845924E-45	1	1	67	60	71	48	C
F6_BC66_191109_LF_LIB_consensus_vsearch	2128	C	*/+AC	40	162	59.34%	2	2	93	93	5.540144576210103E-75	1	1	34	6	118	44	+AC
F6_BC66_191109_LF_LIB_consensus_vsearch	2129	C	*/+T	226	18	6.55%	2	2	93	93	2.7555050429337695E-6	1	1	133	93	2	16	+T
F6_BC66_191109_LF_LIB_consensus_vsearch	2130	C	*/+T	248	15	5.43%	2	1	93	93	2.485346012865692E-5	1	1	157	91	0	15	+T
F6_BC66_191109_LF_LIB_consensus_vsearch	2131	G	R	225	47	17.09%	2	1	93	93	8.063981483926324E-16	1	1	115	110	47	0	A
F6_BC66_191109_LF_LIB_consensus_vsearch	2132	G	R	265	10	3.62%	2	2	93	93	8.985463618717617E-4	1	1	153	112	9	1	A
F6_BC66_191109_LF_LIB_consensus_vsearch	2133	T	T	269	6	2.17%	2	1	93	93	0.015200427384840735	1	1	156	113	6	0	+C
F6_BC66_191109_LF_LIB_consensus_vsearch	2134	C	*/-A	254	15	5.43%	2	2	93	93	2.4970730105602945E-5	1	1	152	102	9	6	-A
F6_BC66_191109_LF_LIB_consensus_vsearch	2135	A	A	257	1	0.39%	2	1	93	93	0.4999999999999138	1	1	153	104	1	0	C
F6_BC66_191109_LF_LIB_consensus_vsearch	2136	A	*/-G	257	10	3.65%	2	2	93	93	8.962668170105445E-4	1	1	154	103	6	4	-G
F6_BC66_191109_LF_LIB_consensus_vsearch	2137	G	R	252	7	2.63%	2	1	93	93	0.007498239332403135	1	1	148	104	7	0	A
F6_BC66_191109_LF_LIB_consensus_vsearch	2138	C	C	265	3	1.1%	2	2	93	93	0.12429906542060956	1	1	160	105	1	2	T
F6_BC66_191109_LF_LIB_consensus_vsearch	2139	G	R	109	136	49.82%	2	2	93	93	3.3296254868285006E-53	1	1	62	47	84	52	A
F6_BC66_191109_LF_LIB_consensus_vsearch	2140	C	C	244	2	0.81%	2	1	93	93	0.24949083503056865	1	1	146	98	0	2	T
F6_BC66_191109_LF_LIB_consensus_vsearch	2141	G	G	241	3	1.21%	2	1	93	93	0.1242299794660452	1	1	144	97	0	3	+T
F6_BC66_191109_LF_LIB_consensus_vsearch	2142	T	T	271	3	1.09%	2	1	93	93	0.12431444241326345	1	1	160	111	3	0	C
F6_BC66_191109_LF_LIB_consensus_vsearch	2143	C	C	270	2	0.73%	2	1	93	93	0.2495395948434138	1	1	160	110	2	0	+A
F6_BC66_191109_LF_LIB_consensus_vsearch	2144	T	T	264	6	2.18%	2	2	93	93	0.015192594697130085	1	1	158	106	1	5	C
F6_BC66_191109_LF_LIB_consensus_vsearch	2145	C	*/+TC	263	8	2.9%	2	2	93	93	0.003706880776381375	1	1	155	108	6	2	+TC
F6_BC66_191109_LF_LIB_consensus_vsearch	2146	A	R	246	27	9.78%	2	1	93	93	3.789938188270391E-9	1	1	134	112	27	0	G
F6_BC66_191109_LF_LIB_consensus_vsearch	2147	G	G	270	3	1.09%	2	1	93	93	0.12431192660547026	1	1	159	111	3	0	A
F6_BC66_191109_LF_LIB_consensus_vsearch	2148	C	*/-T	253	8	2.92%	2	2	93	93	0.0036993391596663746	1	1	148	105	5	3	-T
F6_BC66_191109_LF_LIB_consensus_vsearch	2149	T	T	256	2	0.78%	2	2	93	93	0.24951456310670525	1	1	149	107	1	1	C
F6_BC66_191109_LF_LIB_consensus_vsearch	2150	T	*/+C	253	7	2.62%	2	2	93	93	0.007499438529900444	1	1	144	109	6	1	+C
F6_BC66_191109_LF_LIB_consensus_vsearch	2151	C	C	258	5	1.85%	2	2	93	93	0.030656469088614302	1	1	151	107	2	3	-A
F6_BC66_191109_LF_LIB_consensus_vsearch	2152	A	A	263	2	0.74%	2	1	93	93	0.24952741020799885	1	1	155	108	2	0	G
F6_BC66_191109_LF_LIB_consensus_vsearch	2153	G	*/-AG	258	8	2.92%	2	2	93	93	0.003703179949352368	1	1	151	107	6	2	-AG
F6_BC66_191109_LF_LIB_consensus_vsearch	2154	A	*/-G	201	54	20.61%	2	2	93	93	2.3980408842051996E-18	1	1	112	89	36	18	-G
F6_BC66_191109_LF_LIB_consensus_vsearch	2155	G	G	203	4	1.9%	2	2	93	93	0.06159311429633927	1	1	115	88	1	3	+T
F6_BC66_191109_LF_LIB_consensus_vsearch	2156	G	G	271	1	0.37%	2	1	93	93	0.4999999999999138	1	1	161	110	0	1	+A
F6_BC66_191109_LF_LIB_consensus_vsearch	2157	G	G	272	3	1.09%	2	1	93	93	0.12431693989066941	1	1	159	113	3	0	-A
F6_BC66_191109_LF_LIB_consensus_vsearch	2158	A	A	267	4	1.47%	2	1	93	93	0.061807482193030554	1	1	158	109	0	4	+C
F6_BC66_191109_LF_LIB_consensus_vsearch	2159	C	C	270	4	1.45%	2	1	93	93	0.06181507136518779	1	1	161	109	0	4	-T
F6_BC66_191109_LF_LIB_consensus_vsearch	2160	T	*/-C	255	11	4.06%	2	2	93	93	4.3940412746515644E-4	1	1	155	100	5	6	-C
F6_BC66_191109_LF_LIB_consensus_vsearch	2161	C	C	262	2	0.76%	2	2	93	93	0.24952561669824413	1	1	156	106	1	1	T
F6_BC66_191109_LF_LIB_consensus_vsearch	2162	C	*/-AC	262	9	3.26%	2	2	93	93	0.0018256734909882749	1	1	153	109	8	1	-AC
F6_BC66_191109_LF_LIB_consensus_vsearch	2163	A	A	259	3	1.13%	2	2	93	93	0.12428298279160237	1	1	151	108	1	2	-C
F6_BC66_191109_LF_LIB_consensus_vsearch	2164	C	C	258	3	1.14%	2	1	93	93	0.12428023032618613	1	1	149	109	3	0	-G
F6_BC66_191109_LF_LIB_consensus_vsearch	2165	G	G	263	3	1.1%	2	2	93	93	0.12429378531094196	1	1	153	110	1	2	-C
F6_BC66_191109_LF_LIB_consensus_vsearch	2166	C	C	263	3	1.1%	2	2	93	93	0.12429378531094196	1	1	154	109	2	1	-T
F6_BC66_191109_LF_LIB_consensus_vsearch	2167	T	*/+C	257	10	3.66%	2	1	93	93	8.962668170105445E-4	1	1	149	108	10	0	+C
F6_BC66_191109_LF_LIB_consensus_vsearch	2168	C	C	268	2	0.73%	2	2	93	93	0.24953617810762627	1	1	157	111	1	1	-A
F6_BC66_191109_LF_LIB_consensus_vsearch	2169	A	A	263	6	2.19%	2	1	93	93	0.015190993352737225	1	1	153	110	6	0	G
F6_BC66_191109_LF_LIB_consensus_vsearch	2170	G	G	272	1	0.36%	2	1	93	93	0.5000000000003686	1	1	161	111	0	1	+T
F6_BC66_191109_LF_LIB_consensus_vsearch	2171	G	G	272	3	1.09%	2	1	93	93	0.12431693989066941	1	1	159	113	3	0	A
F6_BC66_191109_LF_LIB_consensus_vsearch	2172	C	C	268	4	1.45%	2	1	93	93	0.061810030534865154	1	1	156	112	4	0	-A
F6_BC66_191109_LF_LIB_consensus_vsearch	2173	A	A	265	3	1.11%	2	2	93	93	0.12429906542060956	1	1	153	112	2	1	-T
F6_BC66_191109_LF_LIB_consensus_vsearch	2174	T	T	264	5	1.85%	2	1	93	93	0.030669694912897477	1	1	152	112	5	0	G
F6_BC66_191109_LF_LIB_consensus_vsearch	2175	T	T	260	5	1.82%	2	2	93	93	0.030660944175210838	1	1	150	110	4	1	-A
F6_BC66_191109_LF_LIB_consensus_vsearch	2176	A	*/-G	247	13	4.81%	2	1	93	93	1.0467782079246774E-4	1	1	139	108	13	0	-G
F6_BC66_191109_LF_LIB_consensus_vsearch	2177	G	*/-A	232	24	9.13%	2	1	93	93	3.386971289599722E-8	1	1	120	112	24	0	-A
F6_BC66_191109_LF_LIB_consensus_vsearch	2178	A	A	252	0	0%	2	0	93	0	1.0	1	0	139	113	0	0	
F6_BC66_191109_LF_LIB_consensus_vsearch	2179	G	G	271	3	1.09%	2	1	93	93	0.12431444241326345	1	1	161	110	0	3	-T
F6_BC66_191109_LF_LIB_consensus_vsearch	2180	T	T	271	2	0.73%	2	2	93	93	0.24954128440383208	1	1	162	109	1	1	C
F6_BC66_191109_LF_LIB_consensus_vsearch	2181	G	G	272	1	0.36%	2	1	93	93	0.5000000000003686	1	1	162	110	0	1	+A
F6_BC66_191109_LF_LIB_consensus_vsearch	2182	A	A	268	4	1.45%	2	2	93	93	0.061810030534865154	1	1	157	111	3	1	-C
F6_BC66_191109_LF_LIB_consensus_vsearch	2183	C	C	266	4	1.47%	2	1	93	93	0.06180491495741971	1	1	158	108	0	4	+T
F6_BC66_191109_LF_LIB_consensus_vsearch	2184	C	C	273	1	0.36%	2	1	93	93	0.4999999999999138	1	1	161	112	1	0	+G
F6_BC66_191109_LF_LIB_consensus_vsearch	2185	C	Y	265	7	2.54%	2	1	93	93	0.00751314636487435	1	1	160	105	0	7	T
F6_BC66_191109_LF_LIB_consensus_vsearch	2186	A	A	272	1	0.37%	2	1	93	93	0.5000000000003686	1	1	159	113	1	0	G
F6_BC66_191109_LF_LIB_consensus_vsearch	2187	T	T	273	1	0.36%	2	1	93	93	0.4999999999999138	1	1	161	112	1	0	-C
F6_BC66_191109_LF_LIB_consensus_vsearch	2188	C	*/-AA	260	8	2.91%	2	2	93	93	0.0037046766426069204	1	1	156	104	2	6	-AA
F6_BC66_191109_LF_LIB_consensus_vsearch	2189	A	A	262	2	0.76%	2	1	93	93	0.24952561669824413	1	1	155	107	2	0	G
F6_BC66_191109_LF_LIB_consensus_vsearch	2190	A	A	266	2	0.75%	2	2	93	93	0.24953271028049737	1	1	160	106	1	1	G
F6_BC66_191109_LF_LIB_consensus_vsearch	2191	A	A	271	4	1.45%	2	2	93	93	0.06181756426009212	1	1	159	112	3	1	G
F6_BC66_191109_LF_LIB_consensus_vsearch	2192	G	G	264	5	1.82%	2	1	93	93	0.030669694912897477	1	1	157	107	0	5	-C
F6_BC66_191109_LF_LIB_consensus_vsearch	2193	C	C	261	3	1.12%	2	1	93	93	0.12428842504744599	1	1	159	102	0	3	T
F6_BC66_191109_LF_LIB_consensus_vsearch	2194	G	G	269	3	1.09%	2	1	93	93	0.12430939226523824	1	1	159	110	3	0	-A
F6_BC66_191109_LF_LIB_consensus_vsearch	2195	A	A	263	5	1.84%	2	2	93	93	0.030667531693296068	1	1	156	107	1	4	-T
F6_BC66_191109_LF_LIB_consensus_vsearch	2196	T	T	267	4	1.48%	2	1	93	93	0.061807482193030554	1	1	158	109	4	0	+C
F6_BC66_191109_LF_LIB_consensus_vsearch	2197	C	C	269	3	1.09%	2	2	93	93	0.12430939226523824	1	1	159	110	2	1	-G
F6_BC66_191109_LF_LIB_consensus_vsearch	2198	G	G	269	2	0.73%	2	2	93	93	0.24953789279111838	1	1	160	109	1	1	A
F6_BC66_191109_LF_LIB_consensus_vsearch	2199	G	G	273	1	0.36%	2	1	93	93	0.4999999999999138	1	1	161	112	0	1	-C
F6_BC66_191109_LF_LIB_consensus_vsearch	2200	C	C	271	2	0.73%	2	1	93	93	0.24954128440383208	1	1	160	111	2	0	+AC
F6_BC66_191109_LF_LIB_consensus_vsearch	2201	G	*/-CG	255	11	3.99%	2	2	93	93	4.3940412746515644E-4	1	1	152	103	2	9	-CG
F6_BC66_191109_LF_LIB_consensus_vsearch	2202	C	C	255	3	1.13%	2	1	93	93	0.1242718446601877	1	1	156	99	3	0	+TT
F6_BC66_191109_LF_LIB_consensus_vsearch	2203	G	G	259	3	1.13%	2	1	93	93	0.12428298279160237	1	1	155	104	3	0	-A
F6_BC66_191109_LF_LIB_consensus_vsearch	2204	A	A	269	1	0.37%	2	1	93	93	0.4999999999999138	1	1	158	111	1	0	+CGA
F6_BC66_191109_LF_LIB_consensus_vsearch	2205	T	T	273	1	0.36%	2	1	93	93	0.4999999999999138	1	1	161	112	1	0	-G
F6_BC66_191109_LF_LIB_consensus_vsearch	2206	G	G	265	4	1.46%	2	1	93	93	0.06180232861697055	1	1	155	110	4	0	A
F6_BC66_191109_LF_LIB_consensus_vsearch	2207	C	C	266	6	2.18%	2	1	93	93	0.015195762196627145	1	1	162	104	0	6	T
F6_BC66_191109_LF_LIB_consensus_vsearch	2208	A	*/+T	259	7	2.55%	2	1	93	93	0.007506445843275869	1	1	157	102	0	7	+T
F6_BC66_191109_LF_LIB_consensus_vsearch	2209	T	T	269	2	0.73%	2	2	93	93	0.24953789279111838	1	1	159	110	1	1	+C
F6_BC66_191109_LF_LIB_consensus_vsearch	2210	C	*/-T	264	12	4.35%	2	2	93	93	2.160751233175339E-4	1	1	159	105	4	8	-T
F6_BC66_191109_LF_LIB_consensus_vsearch	2211	T	*/+G	249	9	3.41%	2	1	93	93	0.0018193721277701645	1	1	155	94	0	9	+G
F6_BC66_191109_LF_LIB_consensus_vsearch	2212	G	G	268	3	1.09%	2	1	93	93	0.12430683918669663	1	1	155	113	3	0	+A
F6_BC66_191109_LF_LIB_consensus_vsearch	2213	A	*/-G	239	25	9.16%	2	1	93	93	1.6420367153866296E-8	1	1	126	113	25	0	-G
F6_BC66_191109_LF_LIB_consensus_vsearch	2214	G	G	234	4	1.65%	2	2	93	93	0.061711360854634224	1	1	122	112	3	1	-A
F6_BC66_191109_LF_LIB_consensus_vsearch	2215	A	*/-GA	240	16	6.08%	2	2	93	93	1.198223143122491E-5	1	1	129	111	15	1	-GA
F6_BC66_191109_LF_LIB_consensus_vsearch	2216	G	G	240	6	2.41%	2	2	93	93	0.01515058431619443	1	1	129	111	5	1	-A
F6_BC66_191109_LF_LIB_consensus_vsearch	2217	A	A	245	2	0.81%	2	1	93	93	0.24949290060873971	1	1	134	111	2	0	+GA
F6_BC66_191109_LF_LIB_consensus_vsearch	2218	A	A	268	2	0.73%	2	1	93	93	0.24953617810762627	1	1	156	112	2	0	G
F6_BC66_191109_LF_LIB_consensus_vsearch	2219	C	C	269	1	0.37%	2	1	93	93	0.4999999999999138	1	1	157	112	1	0	+TT
F6_BC66_191109_LF_LIB_consensus_vsearch	2220	A	A	265	2	0.74%	2	1	93	93	0.2495309568482648	1	1	156	109	0	2	-CGA
F6_BC66_191109_LF_LIB_consensus_vsearch	2221	C	C	262	3	1.1%	2	1	93	93	0.12429111531193521	1	1	156	106	0	3	T
F6_BC66_191109_LF_LIB_consensus_vsearch	2222	G	G	267	3	1.11%	2	1	93	93	0.12430426716151294	1	1	158	109	3	0	-A
F6_BC66_191109_LF_LIB_consensus_vsearch	2223	A	A	265	2	0.74%	2	1	93	93	0.2495309568482648	1	1	157	108	0	2	+GA
F6_BC66_191109_LF_LIB_consensus_vsearch	2224	T	T	262	5	1.82%	2	2	93	93	0.030665352285866324	1	1	154	108	3	2	+C
F6_BC66_191109_LF_LIB_consensus_vsearch	2225	C	C	269	1	0.37%	2	1	93	93	0.4999999999999138	1	1	159	110	0	1	+T
F6_BC66_191109_LF_LIB_consensus_vsearch	2226	C	C	273	0	0%	2	0	93	0	1.0	1	0	160	113	0	0	
F6_BC66_191109_LF_LIB_consensus_vsearch	2227	C	*/-AA	228	27	9.78%	2	2	93	93	3.603740756814993E-9	1	1	145	83	3	24	-AA
F6_BC66_191109_LF_LIB_consensus_vsearch	2228	A	A	230	3	1.28%	2	1	93	93	0.12419354838701845	1	1	146	84	0	3	G
F6_BC66_191109_LF_LIB_consensus_vsearch	2229	A	A	240	3	1.21%	2	2	93	93	0.12422680412363393	1	1	156	84	1	2	C
F6_BC66_191109_LF_LIB_consensus_vsearch	2230	A	R	262	8	2.91%	2	1	93	93	0.0037061514394952193	1	1	152	110	8	0	G
F6_BC66_191109_LF_LIB_consensus_vsearch	2231	G	*/+C	239	32	11.68%	2	1	93	93	8.8067051274647E-11	1	1	161	78	0	32	+C
F6_BC66_191109_LF_LIB_consensus_vsearch	2232	G	G	274	1	0.36%	2	1	93	93	0.4999999999999138	1	1	162	112	1	0	+T
F6_BC66_191109_LF_LIB_consensus_vsearch	2233	A	A	269	3	1.09%	2	1	93	93	0.12430939226523824	1	1	157	112	3	0	-C
F6_BC66_191109_LF_LIB_consensus_vsearch	2234	C	C	270	2	0.74%	2	2	93	93	0.2495395948434138	1	1	159	111	1	1	T
F6_BC66_191109_LF_LIB_consensus_vsearch	2235	C	C	264	5	1.81%	2	2	93	93	0.030669694912897477	1	1	156	108	4	1	+G
F6_BC66_191109_LF_LIB_consensus_vsearch	2236	G	G	266	2	0.73%	2	1	93	93	0.24953271028049737	1	1	154	112	2	0	-A
F6_BC66_191109_LF_LIB_consensus_vsearch	2237	A	*/-G	250	8	2.94%	2	2	93	93	0.0036969641636293116	1	1	146	104	6	2	-G
F6_BC66_191109_LF_LIB_consensus_vsearch	2238	G	G	263	2	0.75%	2	1	93	93	0.24952741020799885	1	1	153	110	2	0	+A
F6_BC66_191109_LF_LIB_consensus_vsearch	2239	G	G	274	1	0.36%	2	1	93	93	0.4999999999999138	1	1	163	111	0	1	T
F6_BC66_191109_LF_LIB_consensus_vsearch	2240	A	*/+T	263	8	2.9%	2	1	93	93	0.003706880776381375	1	1	160	103	0	8	+T
F6_BC66_191109_LF_LIB_consensus_vsearch	2241	C	Y	240	23	8.33%	2	1	93	93	7.211277908413451E-8	1	1	161	79	0	23	T
F6_BC66_191109_LF_LIB_consensus_vsearch	2242	T	*/+C	94	168	61.76%	2	2	93	93	4.425443261453743E-69	1	1	56	38	103	65	+C
F6_BC66_191109_LF_LIB_consensus_vsearch	2243	C	*/+G	231	26	9.59%	2	1	93	93	7.658648530086122E-9	1	1	157	74	0	26	+G
F6_BC66_191109_LF_LIB_consensus_vsearch	2244	G	S	261	8	2.92%	2	1	93	93	0.003705416747963619	1	1	149	112	8	0	C
F6_BC66_191109_LF_LIB_consensus_vsearch	2245	A	*/+G	261	7	2.57%	2	1	93	93	0.007508712428886389	1	1	148	113	7	0	+G
F6_BC66_191109_LF_LIB_consensus_vsearch	2246	A	A	267	3	1.09%	2	1	93	93	0.12430426716151294	1	1	160	107	0	3	+C
F6_BC66_191109_LF_LIB_consensus_vsearch	2247	C	*/-T	263	9	3.28%	2	2	93	93	0.0018261337158000507	1	1	159	104	1	8	-T
F6_BC66_191109_LF_LIB_consensus_vsearch	2248	T	*/+C	235	19	7.17%	2	1	93	93	1.3448672179231312E-6	1	1	139	96	19	0	+C
F6_BC66_191109_LF_LIB_consensus_vsearch	2249	C	*/-G	255	9	3.32%	2	2	93	93	0.0018223561198992344	1	1	158	97	2	7	-G
F6_BC66_191109_LF_LIB_consensus_vsearch	2250	G	R	202	50	19.16%	2	2	93	93	5.965352079245747E-17	1	1	108	94	48	2	A
F6_BC66_191109_LF_LIB_consensus_vsearch	2251	G	G	268	2	0.74%	2	1	93	93	0.24953617810762627	1	1	161	107	2	0	+A
F6_BC66_191109_LF_LIB_consensus_vsearch	2252	G	*/-T	261	13	4.71%	2	2	93	93	1.0552267566302589E-4	1	1	161	100	1	12	-T
F6_BC66_191109_LF_LIB_consensus_vsearch	2253	T	T	256	4	1.52%	2	2	93	93	0.061778155432067945	1	1	160	96	2	2	C
F6_BC66_191109_LF_LIB_consensus_vsearch	2254	C	C	267	2	0.73%	2	2	93	93	0.24953445065180796	1	1	158	109	1	1	-T
F6_BC66_191109_LF_LIB_consensus_vsearch	2255	T	*/-C	235	20	7.41%	2	2	93	93	6.473329437938356E-7	1	1	137	98	19	1	-C
F6_BC66_191109_LF_LIB_consensus_vsearch	2256	C	C	249	1	0.4%	2	1	93	93	0.5000000000003686	1	1	137	112	1	0	+AA
F6_BC66_191109_LF_LIB_consensus_vsearch	2257	C	C	266	4	1.47%	2	1	93	93	0.06180491495741971	1	1	153	113	4	0	-A
F6_BC66_191109_LF_LIB_consensus_vsearch	2258	A	A	267	2	0.74%	2	1	93	93	0.24953445065180796	1	1	156	111	0	2	-GCA
F6_BC66_191109_LF_LIB_consensus_vsearch	2259	G	R	255	11	4.03%	2	1	93	93	4.3940412746515644E-4	1	1	146	109	11	0	A
F6_BC66_191109_LF_LIB_consensus_vsearch	2260	C	*/-A	192	61	22.68%	2	1	93	93	7.04170881165321E-21	1	1	87	105	61	0	-A
F6_BC66_191109_LF_LIB_consensus_vsearch	2261	A	A	195	3	1.47%	2	1	93	93	0.12405063291138052	1	1	89	106	3	0	C
F6_BC66_191109_LF_LIB_consensus_vsearch	2262	A	A	260	5	1.87%	2	2	93	93	0.030660944175210838	1	1	152	108	4	1	G
F6_BC66_191109_LF_LIB_consensus_vsearch	2263	A	*/-G	224	36	13.24%	2	2	93	93	3.960018283033735E-12	1	1	116	108	33	3	-G
F6_BC66_191109_LF_LIB_consensus_vsearch	2264	G	G	227	2	0.86%	2	1	93	93	0.24945295404843976	1	1	120	107	0	2	+C
F6_BC66_191109_LF_LIB_consensus_vsearch	2265	G	G	259	6	2.21%	2	1	93	93	0.015184467591539906	1	1	148	111	6	0	-A
F6_BC66_191109_LF_LIB_consensus_vsearch	2266	A	A	256	4	1.5%	2	2	93	93	0.061778155432067945	1	1	145	111	3	1	-GA
F6_BC66_191109_LF_LIB_consensus_vsearch	2267	G	G	257	5	1.87%	2	1	93	93	0.03065420595045833	1	1	147	110	5	0	-A
F6_BC66_191109_LF_LIB_consensus_vsearch	2268	A	A	260	3	1.13%	2	2	93	93	0.12428571428582305	1	1	151	109	2	1	-C
F6_BC66_191109_LF_LIB_consensus_vsearch	2269	C	C	261	6	2.2%	2	2	93	93	0.015187754818318031	1	1	157	104	1	5	-T
F6_BC66_191109_LF_LIB_consensus_vsearch	2270	T	*/-C	229	19	7.06%	2	2	93	93	1.3331035995980523E-6	1	1	144	85	5	14	-C
F6_BC66_191109_LF_LIB_consensus_vsearch	2271	C	C	244	3	1.21%	2	2	93	93	0.1242393509128018	1	1	149	95	1	2	T
F6_BC66_191109_LF_LIB_consensus_vsearch	2272	C	Y	254	10	3.75%	2	1	93	93	8.953772843442645E-4	1	1	156	98	0	10	T
F6_BC66_191109_LF_LIB_consensus_vsearch	2273	C	Y	228	23	8.36%	2	1	93	93	7.03198840955012E-8	1	1	155	73	0	23	T
F6_BC66_191109_LF_LIB_consensus_vsearch	2274	G	G	264	5	1.83%	2	1	93	93	0.030669694912897477	1	1	153	111	5	0	+A
F6_BC66_191109_LF_LIB_consensus_vsearch	2275	A	A	269	1	0.37%	2	1	93	93	0.4999999999999138	1	1	159	110	1	0	+GA
F6_BC66_191109_LF_LIB_consensus_vsearch	2276	A	A	268	3	1.09%	2	2	93	93	0.12430683918669663	1	1	159	109	2	1	+G
F6_BC66_191109_LF_LIB_consensus_vsearch	2277	G	G	270	2	0.73%	2	1	93	93	0.2495395948434138	1	1	162	108	0	2	+C
F6_BC66_191109_LF_LIB_consensus_vsearch	2278	G	G	274	1	0.36%	2	1	93	93	0.4999999999999138	1	1	161	113	1	0	+A
F6_BC66_191109_LF_LIB_consensus_vsearch	2279	A	A	269	3	1.09%	2	2	93	93	0.12430939226523824	1	1	159	110	2	1	G
F6_BC66_191109_LF_LIB_consensus_vsearch	2280	T	T	267	2	0.73%	2	1	93	93	0.24953445065180796	1	1	157	110	2	0	-GT
F6_BC66_191109_LF_LIB_consensus_vsearch	2281	G	G	265	2	0.74%	2	1	93	93	0.2495309568482648	1	1	155	110	2	0	+C
F6_BC66_191109_LF_LIB_consensus_vsearch	2282	T	*/-A	252	9	3.3%	2	2	93	93	0.0018208809482378404	1	1	154	98	2	7	-A
F6_BC66_191109_LF_LIB_consensus_vsearch	2283	A	A	259	4	1.51%	2	2	93	93	0.061786397159329126	1	1	159	100	1	3	G
F6_BC66_191109_LF_LIB_consensus_vsearch	2284	A	A	270	3	1.09%	2	2	93	93	0.12431192660547026	1	1	160	110	2	1	-T
F6_BC66_191109_LF_LIB_consensus_vsearch	2285	T	Y	258	10	3.68%	2	2	93	93	8.96559014408215E-4	1	1	158	100	1	9	C
F6_BC66_191109_LF_LIB_consensus_vsearch	2286	G	G	269	3	1.1%	2	1	93	93	0.12430939226523824	1	1	159	110	3	0	-A
F6_BC66_191109_LF_LIB_consensus_vsearch	2287	A	A	267	1	0.37%	2	1	93	93	0.5000000000003686	1	1	159	108	0	1	+GT
F6_BC66_191109_LF_LIB_consensus_vsearch	2288	C	C	261	3	1.1%	2	1	93	93	0.12428842504744599	1	1	154	107	3	0	-G
F6_BC66_191109_LF_LIB_consensus_vsearch	2289	G	G	260	4	1.49%	2	1	93	93	0.06178910273789233	1	1	154	106	0	4	-C
F6_BC66_191109_LF_LIB_consensus_vsearch	2290	C	C	262	3	1.12%	2	1	93	93	0.12429111531193521	1	1	158	104	0	3	-T
F6_BC66_191109_LF_LIB_consensus_vsearch	2291	T	T	266	3	1.11%	2	2	93	93	0.1243016759777629	1	1	159	107	2	1	C
F6_BC66_191109_LF_LIB_consensus_vsearch	2292	C	*/-A	192	62	22.71%	2	2	93	93	3.097240759368223E-21	1	1	101	91	57	5	-A
F6_BC66_191109_LF_LIB_consensus_vsearch	2293	A	A	194	2	0.99%	2	1	93	93	0.24936061381078306	1	1	102	92	0	2	+GC
F6_BC66_191109_LF_LIB_consensus_vsearch	2294	A	A	256	4	1.52%	2	1	93	93	0.061778155432067945	1	1	155	101	4	0	+G
F6_BC66_191109_LF_LIB_consensus_vsearch	2295	A	*/-G	181	50	18.25%	2	2	93	93	4.525495658529636E-17	1	1	102	79	41	9	-G
F6_BC66_191109_LF_LIB_consensus_vsearch	2296	G	G	192	4	2%	2	1	93	93	0.061542153465828975	1	1	117	75	0	4	+C
F6_BC66_191109_LF_LIB_consensus_vsearch	2297	G	G	247	2	0.8%	2	2	93	93	0.24949698189118988	1	1	157	90	1	1	A
F6_BC66_191109_LF_LIB_consensus_vsearch	2298	G	*/+A	257	7	2.56%	2	1	93	93	0.007504145184876668	1	1	151	106	7	0	+A
F6_BC66_191109_LF_LIB_consensus_vsearch	2299	G	G	270	2	0.73%	2	1	93	93	0.2495395948434138	1	1	159	111	2	0	A
F6_BC66_191109_LF_LIB_consensus_vsearch	2300	C	C	262	6	2.2%	2	2	93	93	0.015189380104217696	1	1	155	107	3	3	-A
F6_BC66_191109_LF_LIB_consensus_vsearch	2301	A	A	258	3	1.12%	2	1	93	93	0.12428023032618613	1	1	149	109	3	0	-TA
F6_BC66_191109_LF_LIB_consensus_vsearch	2302	T	T	268	4	1.47%	2	2	93	93	0.061810030534865154	1	1	156	112	3	1	C
F6_BC66_191109_LF_LIB_consensus_vsearch	2303	A	A	265	5	1.83%	2	1	93	93	0.030671842124359663	1	1	153	112	5	0	G
F6_BC66_191109_LF_LIB_consensus_vsearch	2304	C	C	264	5	1.82%	2	2	93	93	0.030669694912897477	1	1	159	105	1	4	+T
F6_BC66_191109_LF_LIB_consensus_vsearch	2305	C	Y	250	17	6.16%	2	2	93	93	5.865937391528599E-6	1	1	155	95	1	16	T
F6_BC66_191109_LF_LIB_consensus_vsearch	2306	G	G	268	4	1.46%	2	1	93	93	0.061810030534865154	1	1	156	112	4	0	C
F6_BC66_191109_LF_LIB_consensus_vsearch	2307	C	C	265	4	1.46%	2	2	93	93	0.06180232861697055	1	1	160	105	1	3	-A
F6_BC66_191109_LF_LIB_consensus_vsearch	2308	A	A	262	3	1.11%	2	2	93	93	0.12429111531193521	1	1	157	105	1	2	T
F6_BC66_191109_LF_LIB_consensus_vsearch	2309	G	G	267	3	1.1%	2	2	93	93	0.12430426716151294	1	1	158	109	2	1	-C
F6_BC66_191109_LF_LIB_consensus_vsearch	2310	C	C	268	1	0.37%	2	1	93	93	0.5000000000003686	1	1	159	109	1	0	+TG
F6_BC66_191109_LF_LIB_consensus_vsearch	2311	C	C	269	3	1.09%	2	1	93	93	0.12430939226523824	1	1	162	107	0	3	T
F6_BC66_191109_LF_LIB_consensus_vsearch	2312	G	R	267	7	2.55%	2	1	93	93	0.007515315152860378	1	1	155	112	7	0	A
F6_BC66_191109_LF_LIB_consensus_vsearch	2313	G	G	261	6	2.19%	2	2	93	93	0.015187754818318031	1	1	151	110	4	2	-T
F6_BC66_191109_LF_LIB_consensus_vsearch	2314	T	T	267	1	0.37%	2	1	93	93	0.5000000000003686	1	1	158	109	0	1	C
F6_BC66_191109_LF_LIB_consensus_vsearch	2315	T	T	274	1	0.36%	2	1	93	93	0.4999999999999138	1	1	162	112	0	1	+G
F6_BC66_191109_LF_LIB_consensus_vsearch	2316	T	T	259	6	2.17%	2	1	93	93	0.015184467591539906	1	1	148	111	6	0	+A
F6_BC66_191109_LF_LIB_consensus_vsearch	2317	A	*/-G	221	36	13.33%	2	2	93	93	3.895801370508621E-12	1	1	149	72	1	35	-G
F6_BC66_191109_LF_LIB_consensus_vsearch	2318	G	G	234	1	0.42%	2	1	93	93	0.5000000000003686	1	1	159	75	1	0	+AG
F6_BC66_191109_LF_LIB_consensus_vsearch	2319	G	G	271	2	0.73%	2	1	93	93	0.24954128440383208	1	1	161	110	2	0	+A
F6_BC66_191109_LF_LIB_consensus_vsearch	2320	G	G	274	1	0.36%	2	1	93	93	0.4999999999999138	1	1	162	112	0	1	-C
F6_BC66_191109_LF_LIB_consensus_vsearch	2321	C	C	271	2	0.73%	2	1	93	93	0.24954128440383208	1	1	160	111	2	0	-G
F6_BC66_191109_LF_LIB_consensus_vsearch	2322	G	G	268	3	1.09%	2	1	93	93	0.12430683918669663	1	1	158	110	3	0	A
F6_BC66_191109_LF_LIB_consensus_vsearch	2323	C	C	259	4	1.47%	2	2	93	93	0.061786397159329126	1	1	154	105	2	2	T
F6_BC66_191109_LF_LIB_consensus_vsearch	2324	G	R	256	7	2.58%	2	1	93	93	0.007502981837406636	1	1	149	107	7	0	A
F6_BC66_191109_LF_LIB_consensus_vsearch	2325	G	G	267	4	1.45%	2	1	93	93	0.061807482193030554	1	1	156	111	4	0	T
F6_BC66_191109_LF_LIB_consensus_vsearch	2326	T	T	262	5	1.82%	2	1	93	93	0.030665352285866324	1	1	157	105	0	5	-GC
F6_BC66_191109_LF_LIB_consensus_vsearch	2327	G	G	258	6	2.25%	2	2	93	93	0.015182805374032816	1	1	156	102	4	2	A
F6_BC66_191109_LF_LIB_consensus_vsearch	2328	C	C	251	4	1.49%	2	2	93	93	0.06176398786346276	1	1	156	95	2	2	-A
F6_BC66_191109_LF_LIB_consensus_vsearch	2329	A	A	256	3	1.14%	2	1	93	93	0.12427466150865948	1	1	156	100	3	0	G
F6_BC66_191109_LF_LIB_consensus_vsearch	2330	A	A	264	2	0.74%	2	1	93	93	0.24952919020719036	1	1	161	103	0	2	-TG
F6_BC66_191109_LF_LIB_consensus_vsearch	2331	T	T	262	3	1.13%	2	1	93	93	0.12429111531193521	1	1	162	100	0	3	C
F6_BC66_191109_LF_LIB_consensus_vsearch	2332	G	G	262	3	1.11%	2	1	93	93	0.12429111531193521	1	1	157	105	3	0	A
F6_BC66_191109_LF_LIB_consensus_vsearch	2333	C	C	264	3	1.11%	2	2	93	93	0.1242964352720778	1	1	158	106	2	1	T
F6_BC66_191109_LF_LIB_consensus_vsearch	2334	G	G	262	2	0.74%	2	1	93	93	0.24952561669824413	1	1	153	109	2	0	+A
F6_BC66_191109_LF_LIB_consensus_vsearch	2335	T	T	263	4	1.47%	2	2	93	93	0.06179709776251344	1	1	157	106	1	3	C
F6_BC66_191109_LF_LIB_consensus_vsearch	2336	T	T	264	5	1.81%	2	1	93	93	0.030669694912897477	1	1	153	111	5	0	+C
F6_BC66_191109_LF_LIB_consensus_vsearch	2337	C	C	267	2	0.73%	2	2	93	93	0.24953445065180796	1	1	158	109	1	1	-A
F6_BC66_191109_LF_LIB_consensus_vsearch	2338	A	A	269	3	1.1%	2	2	93	93	0.12430939226523824	1	1	159	110	2	1	G
F6_BC66_191109_LF_LIB_consensus_vsearch	2339	A	R	260	10	3.65%	2	2	93	93	8.97137079051494E-4	1	1	152	108	9	1	G
F6_BC66_191109_LF_LIB_consensus_vsearch	2340	C	C	265	3	1.09%	2	1	93	93	0.12429906542060956	1	1	157	108	0	3	T
F6_BC66_191109_LF_LIB_consensus_vsearch	2341	A	A	269	1	0.37%	2	1	93	93	0.4999999999999138	1	1	158	111	1	0	C
F6_BC66_191109_LF_LIB_consensus_vsearch	2342	A	A	265	3	1.1%	2	2	93	93	0.12429906542060956	1	1	157	108	2	1	G
F6_BC66_191109_LF_LIB_consensus_vsearch	2343	C	C	267	3	1.1%	2	2	93	93	0.12430426716151294	1	1	156	111	1	2	-T
F6_BC66_191109_LF_LIB_consensus_vsearch	2344	T	T	260	6	2.21%	2	1	93	93	0.01518611735985533	1	1	158	102	0	6	-C
F6_BC66_191109_LF_LIB_consensus_vsearch	2345	C	C	258	4	1.49%	2	1	93	93	0.061783670907884385	1	1	160	98	0	4	+GG
F6_BC66_191109_LF_LIB_consensus_vsearch	2346	G	G	274	1	0.36%	2	1	93	93	0.4999999999999138	1	1	161	113	1	0	+A
F6_BC66_191109_LF_LIB_consensus_vsearch	2347	A	A	272	2	0.73%	2	1	93	93	0.2495429616087481	1	1	161	111	0	2	-T
F6_BC66_191109_LF_LIB_consensus_vsearch	2348	T	T	271	2	0.73%	2	1	93	93	0.24954128440383208	1	1	160	111	2	0	+G
F6_BC66_191109_LF_LIB_consensus_vsearch	2349	G	G	276	0	0%	2	0	93	0	1.0	1	0	163	113	0	0	
F6_BC66_191109_LF_LIB_consensus_vsearch	2350	A	A	274	1	0.36%	2	1	93	93	0.4999999999999138	1	1	163	111	0	1	-T
F6_BC66_191109_LF_LIB_consensus_vsearch	2351	T	T	274	1	0.36%	2	1	93	93	0.4999999999999138	1	1	163	111	0	1	C
F6_BC66_191109_LF_LIB_consensus_vsearch	2352	T	T	270	3	1.09%	2	1	93	93	0.12431192660547026	1	1	159	111	3	0	+C
F6_BC66_191109_LF_LIB_consensus_vsearch	2353	C	C	271	3	1.09%	2	1	93	93	0.12431444241326345	1	1	158	113	3	0	-AC
F6_BC66_191109_LF_LIB_consensus_vsearch	2354	A	A	268	3	1.1%	2	1	93	93	0.12430683918669663	1	1	156	112	3	0	G
F6_BC66_191109_LF_LIB_consensus_vsearch	2355	C	C	269	1	0.37%	2	1	93	93	0.4999999999999138	1	1	157	112	1	0	+A
F6_BC66_191109_LF_LIB_consensus_vsearch	2356	G	G	268	3	1.09%	2	1	93	93	0.12430683918669663	1	1	158	110	0	3	-TAT
F6_BC66_191109_LF_LIB_consensus_vsearch	2357	T	T	259	6	2.21%	2	2	93	93	0.015184467591539906	1	1	160	99	1	5	C
F6_BC66_191109_LF_LIB_consensus_vsearch	2358	A	A	266	3	1.11%	2	2	93	93	0.1243016759777629	1	1	160	106	2	1	-TA
F6_BC66_191109_LF_LIB_consensus_vsearch	2359	T	*/-A	247	10	3.7%	2	2	93	93	8.932230783903669E-4	1	1	151	96	3	7	-A
F6_BC66_191109_LF_LIB_consensus_vsearch	2360	A	R	243	11	4.21%	2	2	93	93	4.3717375701073373E-4	1	1	148	95	3	8	G
F6_BC66_191109_LF_LIB_consensus_vsearch	2361	A	A	257	5	1.82%	2	2	93	93	0.03065420595045833	1	1	160	97	1	4	-G
F6_BC66_191109_LF_LIB_consensus_vsearch	2362	G	G	263	4	1.48%	2	1	93	93	0.06179709776251344	1	1	158	105	0	4	-T
F6_BC66_191109_LF_LIB_consensus_vsearch	2363	T	Y	250	15	5.56%	2	1	93	93	2.489309520280837E-5	1	1	159	91	0	15	C
F6_BC66_191109_LF_LIB_consensus_vsearch	2364	G	G	268	2	0.73%	2	1	93	93	0.24953617810762627	1	1	158	110	2	0	A
F6_BC66_191109_LF_LIB_consensus_vsearch	2365	G	G	268	2	0.73%	2	2	93	93	0.24953617810762627	1	1	157	111	1	1	+C
F6_BC66_191109_LF_LIB_consensus_vsearch	2366	T	*/-G	259	7	2.56%	2	2	93	93	0.007506445843275869	1	1	159	100	1	6	-G
F6_BC66_191109_LF_LIB_consensus_vsearch	2367	G	G	266	0	0%	2	0	93	0	1.0	1	0	160	106	0	0	
F6_BC66_191109_LF_LIB_consensus_vsearch	2368	G	G	273	1	0.36%	2	1	93	93	0.4999999999999138	1	1	161	112	0	1	+A
F6_BC66_191109_LF_LIB_consensus_vsearch	2369	A	A	272	2	0.73%	2	1	93	93	0.2495429616087481	1	1	161	111	0	2	G
F6_BC66_191109_LF_LIB_consensus_vsearch	2370	C	C	257	5	1.82%	2	2	93	93	0.03065420595045833	1	1	149	108	2	3	-T
F6_BC66_191109_LF_LIB_consensus_vsearch	2371	T	T	258	2	0.76%	2	2	93	93	0.24951830443137643	1	1	151	107	1	1	C
F6_BC66_191109_LF_LIB_consensus_vsearch	2372	T	*/+G	254	10	3.75%	2	1	93	93	8.953772843442645E-4	1	1	153	101	0	10	+G
F6_BC66_191109_LF_LIB_consensus_vsearch	2373	G	G	263	2	0.75%	2	1	93	93	0.24952741020799885	1	1	153	110	0	2	-C
F6_BC66_191109_LF_LIB_consensus_vsearch	2374	C	Y	246	12	4.49%	2	2	93	93	2.1420009743898608E-4	1	1	150	96	1	11	T
F6_BC66_191109_LF_LIB_consensus_vsearch	2375	G	G	265	1	0.37%	2	1	93	93	0.4999999999999138	1	1	156	109	0	1	+TG
F6_BC66_191109_LF_LIB_consensus_vsearch	2376	C	C	264	2	0.74%	2	1	93	93	0.24952919020719036	1	1	157	107	0	2	A
F6_BC66_191109_LF_LIB_consensus_vsearch	2377	A	A	274	1	0.36%	2	1	93	93	0.4999999999999138	1	1	162	112	0	1	-T
F6_BC66_191109_LF_LIB_consensus_vsearch	2378	T	*/+C	264	7	2.55%	2	1	93	93	0.007512050058182546	1	1	155	109	7	0	+C
F6_BC66_191109_LF_LIB_consensus_vsearch	2379	C	C	268	4	1.46%	2	1	93	93	0.061810030534865154	1	1	157	111	4	0	-A
F6_BC66_191109_LF_LIB_consensus_vsearch	2380	A	*/-CA	246	20	7.35%	2	1	93	93	6.581951230355511E-7	1	1	137	109	20	0	-CA
F6_BC66_191109_LF_LIB_consensus_vsearch	2381	C	C	250	2	0.78%	2	2	93	93	0.2495029821073759	1	1	140	110	1	1	T
F6_BC66_191109_LF_LIB_consensus_vsearch	2382	A	A	249	5	1.96%	2	2	93	93	0.03063545999571253	1	1	138	111	4	1	G
F6_BC66_191109_LF_LIB_consensus_vsearch	2383	T	T	270	5	1.82%	2	2	93	93	0.030682344165700513	1	1	160	110	3	2	-C
F6_BC66_191109_LF_LIB_consensus_vsearch	2384	C	C	266	4	1.48%	2	2	93	93	0.06180491495741971	1	1	156	110	3	1	-A
F6_BC66_191109_LF_LIB_consensus_vsearch	2385	A	A	264	6	2.21%	2	1	93	93	0.015192594697130085	1	1	152	112	6	0	G
F6_BC66_191109_LF_LIB_consensus_vsearch	2386	C	C	261	4	1.45%	2	1	93	93	0.06179178787806501	1	1	159	102	0	4	-T
F6_BC66_191109_LF_LIB_consensus_vsearch	2387	T	T	268	0	0%	2	0	93	0	1.0	1	0	159	109	0	0	
F6_BC66_191109_LF_LIB_consensus_vsearch	2388	T	T	270	1	0.37%	2	1	93	93	0.4999999999999138	1	1	158	112	1	0	+A
F6_BC66_191109_LF_LIB_consensus_vsearch	2389	T	T	269	1	0.36%	2	1	93	93	0.4999999999999138	1	1	157	112	0	1	+A
F6_BC66_191109_LF_LIB_consensus_vsearch	2390	A	A	271	2	0.73%	2	1	93	93	0.24954128440383208	1	1	160	111	0	2	G
F6_BC66_191109_LF_LIB_consensus_vsearch	2391	T	T	270	2	0.73%	2	2	93	93	0.2495395948434138	1	1	158	112	1	1	-C
F6_BC66_191109_LF_LIB_consensus_vsearch	2392	C	*/+A	262	10	3.65%	2	1	93	93	8.977068546848841E-4	1	1	150	112	10	0	+A
F6_BC66_191109_LF_LIB_consensus_vsearch	2393	G	S	258	11	3.99%	2	1	93	93	4.3993165790743476E-4	1	1	146	112	11	0	C
F6_BC66_191109_LF_LIB_consensus_vsearch	2394	C	C	267	5	1.81%	2	2	93	93	0.030676089228361576	1	1	156	111	3	2	-A
F6_BC66_191109_LF_LIB_consensus_vsearch	2395	A	A	268	2	0.74%	2	2	93	93	0.24953617810762627	1	1	158	110	1	1	G
F6_BC66_191109_LF_LIB_consensus_vsearch	2396	A	*/-T	261	8	2.9%	2	2	93	93	0.003705416747963619	1	1	151	110	6	2	-T
F6_BC66_191109_LF_LIB_consensus_vsearch	2397	T	T	262	4	1.5%	2	1	93	93	0.06179445281046573	1	1	152	110	4	0	G
F6_BC66_191109_LF_LIB_consensus_vsearch	2398	T	T	269	6	2.18%	2	2	93	93	0.015200427384840735	1	1	159	110	3	3	C
F6_BC66_191109_LF_LIB_consensus_vsearch	2399	T	T	265	2	0.73%	2	1	93	93	0.2495309568482648	1	1	157	108	0	2	+G
F6_BC66_191109_LF_LIB_consensus_vsearch	2400	G	G	268	3	1.09%	2	1	93	93	0.12430683918669663	1	1	157	111	3	0	A
F6_BC66_191109_LF_LIB_consensus_vsearch	2401	C	C	264	3	1.1%	2	2	93	93	0.1242964352720778	1	1	157	107	2	1	T
F6_BC66_191109_LF_LIB_consensus_vsearch	2402	A	A	268	3	1.1%	2	2	93	93	0.12430683918669663	1	1	158	110	1	2	G
F6_BC66_191109_LF_LIB_consensus_vsearch	2403	A	R	255	16	5.86%	2	2	93	93	1.2148464057705646E-5	1	1	144	111	15	1	G
F6_BC66_191109_LF_LIB_consensus_vsearch	2404	C	C	266	3	1.09%	2	2	93	93	0.1243016759777629	1	1	157	109	1	2	T
F6_BC66_191109_LF_LIB_consensus_vsearch	2405	G	R	243	29	10.58%	2	2	93	93	8.470563067940501E-10	1	1	132	111	28	1	A
F6_BC66_191109_LF_LIB_consensus_vsearch	2406	G	G	270	2	0.73%	2	1	93	93	0.2495395948434138	1	1	160	110	0	2	-T
F6_BC66_191109_LF_LIB_consensus_vsearch	2407	T	T	268	3	1.1%	2	2	93	93	0.12430683918669663	1	1	161	107	1	2	C
F6_BC66_191109_LF_LIB_consensus_vsearch	2408	C	C	265	4	1.47%	2	1	93	93	0.06180232861697055	1	1	159	106	0	4	-T
F6_BC66_191109_LF_LIB_consensus_vsearch	2409	T	T	266	1	0.37%	2	1	93	93	0.4999999999999138	1	1	160	106	0	1	+C
F6_BC66_191109_LF_LIB_consensus_vsearch	2410	T	T	267	4	1.47%	2	2	93	93	0.061807482193030554	1	1	156	111	3	1	C
F6_BC66_191109_LF_LIB_consensus_vsearch	2411	C	C	268	1	0.37%	2	1	93	93	0.5000000000003686	1	1	157	111	0	1	+T
F6_BC66_191109_LF_LIB_consensus_vsearch	2412	A	A	270	2	0.73%	2	1	93	93	0.2495395948434138	1	1	161	109	0	2	-T
F6_BC66_191109_LF_LIB_consensus_vsearch	2413	T	T	270	1	0.37%	2	1	93	93	0.4999999999999138	1	1	161	109	1	0	+C
F6_BC66_191109_LF_LIB_consensus_vsearch	2414	C	C	268	2	0.73%	2	1	93	93	0.24953617810762627	1	1	157	111	2	0	+A
F6_BC66_191109_LF_LIB_consensus_vsearch	2415	G	G	268	2	0.73%	2	2	93	93	0.24953617810762627	1	1	156	112	1	1	+A
F6_BC66_191109_LF_LIB_consensus_vsearch	2416	A	A	271	0	0%	2	0	93	0	1.0	1	0	158	113	0	0	
F6_BC66_191109_LF_LIB_consensus_vsearch	2417	A	R	265	7	2.55%	2	2	93	93	0.00751314636487435	1	1	157	108	3	4	G
F6_BC66_191109_LF_LIB_consensus_vsearch	2418	T	T	267	3	1.1%	2	2	93	93	0.12430426716151294	1	1	158	109	1	2	C
F6_BC66_191109_LF_LIB_consensus_vsearch	2419	G	G	270	1	0.37%	2	1	93	93	0.4999999999999138	1	1	160	110	0	1	-A
F6_BC66_191109_LF_LIB_consensus_vsearch	2420	A	A	266	3	1.1%	2	1	93	93	0.1243016759777629	1	1	157	109	3	0	G
F6_BC66_191109_LF_LIB_consensus_vsearch	2421	C	C	268	2	0.73%	2	1	93	93	0.24953617810762627	1	1	159	109	2	0	+A
F6_BC66_191109_LF_LIB_consensus_vsearch	2422	G	*/-TG	239	24	8.76%	2	2	93	93	3.440768783336836E-8	1	1	156	83	2	22	-TG
F6_BC66_191109_LF_LIB_consensus_vsearch	2423	T	T	245	2	0.81%	2	1	93	93	0.24949290060873971	1	1	158	87	0	2	C
F6_BC66_191109_LF_LIB_consensus_vsearch	2424	G	*/+C	231	7	2.8%	2	1	93	93	0.007470748618496003	1	1	144	87	7	0	+C
F6_BC66_191109_LF_LIB_consensus_vsearch	2425	C	C	265	2	0.74%	2	1	93	93	0.2495309568482648	1	1	157	108	0	2	G
F6_BC66_191109_LF_LIB_consensus_vsearch	2426	C	*/+A	227	22	8.06%	2	1	93	93	1.4680115312896036E-7	1	1	124	103	22	0	+A
F6_BC66_191109_LF_LIB_consensus_vsearch	2427	A	R	238	9	3.47%	2	2	93	93	0.0018135324927119494	1	1	140	98	6	3	G
F6_BC66_191109_LF_LIB_consensus_vsearch	2428	A	*/-G	203	53	19.56%	2	2	93	93	5.497340575734201E-18	1	1	137	66	19	34	-G
F6_BC66_191109_LF_LIB_consensus_vsearch	2429	G	R	197	8	3.72%	2	2	93	93	0.003643733038795537	1	1	131	66	7	1	A
F6_BC66_191109_LF_LIB_consensus_vsearch	2430	G	G	264	3	1.11%	2	1	93	93	0.1242964352720778	1	1	157	107	3	0	A
F6_BC66_191109_LF_LIB_consensus_vsearch	2431	G	G	269	4	1.45%	2	1	93	93	0.06181256019060895	1	1	157	112	4	0	-A
F6_BC66_191109_LF_LIB_consensus_vsearch	2432	A	A	267	1	0.37%	2	1	93	93	0.5000000000003686	1	1	156	111	0	1	+C
F6_BC66_191109_LF_LIB_consensus_vsearch	2433	T	*/-C	231	39	14.23%	2	2	93	93	4.144763787716387E-13	1	1	120	111	38	1	-C
F6_BC66_191109_LF_LIB_consensus_vsearch	2434	C	Y	205	28	12.02%	2	2	93	93	1.57231726117909E-9	1	1	121	84	1	27	T
F6_BC66_191109_LF_LIB_consensus_vsearch	2435	C	C	264	4	1.46%	2	2	93	93	0.06179972295775155	1	1	154	110	2	2	-A
F6_BC66_191109_LF_LIB_consensus_vsearch	2436	A	A	265	1	0.37%	2	1	93	93	0.4999999999999138	1	1	156	109	0	1	+G
F6_BC66_191109_LF_LIB_consensus_vsearch	2437	G	R	242	26	9.56%	2	1	93	93	7.881703767279813E-9	1	1	132	110	26	0	A
F6_BC66_191109_LF_LIB_consensus_vsearch	2438	C	*/-GC	256	8	2.94%	2	2	93	93	0.003701660868547635	1	1	146	110	7	1	-GC
F6_BC66_191109_LF_LIB_consensus_vsearch	2439	G	G	255	3	1.16%	2	1	93	93	0.1242718446601877	1	1	145	110	3	0	A
F6_BC66_191109_LF_LIB_consensus_vsearch	2440	C	C	253	3	1.15%	2	1	93	93	0.124266144814075	1	1	142	111	3	0	+TT
F6_BC66_191109_LF_LIB_consensus_vsearch	2441	T	T	269	1	0.37%	2	1	93	93	0.4999999999999138	1	1	159	110	0	1	-AC
F6_BC66_191109_LF_LIB_consensus_vsearch	2442	A	A	266	4	1.46%	2	2	93	93	0.06180491495741971	1	1	157	109	3	1	G
F6_BC66_191109_LF_LIB_consensus_vsearch	2443	C	C	268	2	0.74%	2	1	93	93	0.24953617810762627	1	1	161	107	0	2	+T
F6_BC66_191109_LF_LIB_consensus_vsearch	2444	C	Y	263	7	2.55%	2	2	93	93	0.007510945692957774	1	1	157	106	2	5	T
F6_BC66_191109_LF_LIB_consensus_vsearch	2445	G	G	271	1	0.36%	2	1	93	93	0.4999999999999138	1	1	161	110	1	0	+A
F6_BC66_191109_LF_LIB_consensus_vsearch	2446	G	G	264	5	1.82%	2	2	93	93	0.030669694912897477	1	1	154	110	4	1	T
F6_BC66_191109_LF_LIB_consensus_vsearch	2447	T	Y	265	9	3.28%	2	2	93	93	0.0018270442691405997	1	1	160	105	1	8	C
F6_BC66_191109_LF_LIB_consensus_vsearch	2448	T	T	269	2	0.73%	2	1	93	93	0.24953789279111838	1	1	158	111	2	0	+AT
F6_BC66_191109_LF_LIB_consensus_vsearch	2449	G	R	265	7	2.55%	2	2	93	93	0.00751314636487435	1	1	156	109	5	2	A
F6_BC66_191109_LF_LIB_consensus_vsearch	2450	T	T	253	6	2.21%	2	1	93	93	0.01517430252249324	1	1	152	101	0	6	+A
F6_BC66_191109_LF_LIB_consensus_vsearch	2451	A	A	266	1	0.37%	2	1	93	93	0.4999999999999138	1	1	154	112	1	0	+C
F6_BC66_191109_LF_LIB_consensus_vsearch	2452	A	R	268	7	2.55%	2	2	93	93	0.007516387806114139	1	1	156	112	6	1	G
F6_BC66_191109_LF_LIB_consensus_vsearch	2453	A	R	252	16	5.8%	2	1	93	93	1.211657415601043E-5	1	1	145	107	16	0	G
F6_BC66_191109_LF_LIB_consensus_vsearch	2454	C	C	266	4	1.46%	2	1	93	93	0.06180491495741971	1	1	159	107	0	4	+G
F6_BC66_191109_LF_LIB_consensus_vsearch	2455	T	Y	256	9	3.3%	2	2	93	93	0.0018228405600327687	1	1	160	96	1	8	C
F6_BC66_191109_LF_LIB_consensus_vsearch	2456	G	*/+T	76	122	45.19%	2	2	93	93	1.5203235094965894E-49	1	1	61	15	65	57	+T
F6_BC66_191109_LF_LIB_consensus_vsearch	2457	T	T	210	3	1.4%	2	1	93	93	0.1241176470588473	1	1	132	78	0	3	C
F6_BC66_191109_LF_LIB_consensus_vsearch	2458	T	T	258	2	0.76%	2	1	93	93	0.24951830443137643	1	1	160	98	2	0	+C
F6_BC66_191109_LF_LIB_consensus_vsearch	2459	T	T	269	3	1.09%	2	1	93	93	0.12430939226523824	1	1	162	107	0	3	C
F6_BC66_191109_LF_LIB_consensus_vsearch	2460	T	T	273	1	0.36%	2	1	93	93	0.4999999999999138	1	1	161	112	1	0	+C
F6_BC66_191109_LF_LIB_consensus_vsearch	2461	T	T	268	3	1.09%	2	1	93	93	0.12430683918669663	1	1	158	110	3	0	C
F6_BC66_191109_LF_LIB_consensus_vsearch	2462	A	A	263	5	1.82%	2	2	93	93	0.030667531693296068	1	1	156	107	2	3	G
F6_BC66_191109_LF_LIB_consensus_vsearch	2463	C	C	262	3	1.1%	2	2	93	93	0.12429111531193521	1	1	156	106	1	2	+T
F6_BC66_191109_LF_LIB_consensus_vsearch	2464	A	A	266	2	0.74%	2	1	93	93	0.24953271028049737	1	1	154	112	2	0	+CA
F6_BC66_191109_LF_LIB_consensus_vsearch	2465	A	R	257	14	5.09%	2	1	93	93	5.137984883933094E-5	1	1	145	112	14	0	G
F6_BC66_191109_LF_LIB_consensus_vsearch	2466	C	C	267	3	1.1%	2	2	93	93	0.12430426716151294	1	1	156	111	2	1	T
F6_BC66_191109_LF_LIB_consensus_vsearch	2467	C	C	272	1	0.36%	2	1	93	93	0.5000000000003686	1	1	159	113	1	0	+A
F6_BC66_191109_LF_LIB_consensus_vsearch	2468	A	A	273	3	1.09%	2	1	93	93	0.12431941923772909	1	1	160	113	3	0	G
F6_BC66_191109_LF_LIB_consensus_vsearch	2469	G	G	273	1	0.36%	2	1	93	93	0.4999999999999138	1	1	161	112	0	1	-TAAG
F6_BC66_191109_LF_LIB_consensus_vsearch	2470	T	T	271	2	0.73%	2	2	93	93	0.24954128440383208	1	1	160	111	1	1	C
F6_BC66_191109_LF_LIB_consensus_vsearch	2471	A	A	269	3	1.09%	2	2	93	93	0.12430939226523824	1	1	158	111	2	1	C
F6_BC66_191109_LF_LIB_consensus_vsearch	2472	A	A	268	3	1.09%	2	1	93	93	0.12430683918669663	1	1	158	110	3	0	+G
F6_BC66_191109_LF_LIB_consensus_vsearch	2473	G	G	273	1	0.36%	2	1	93	93	0.4999999999999138	1	1	163	110	0	1	+T
F6_BC66_191109_LF_LIB_consensus_vsearch	2474	A	A	258	6	2.18%	2	2	93	93	0.015182805374032816	1	1	148	110	5	1	-C
F6_BC66_191109_LF_LIB_consensus_vsearch	2475	C	C	260	5	1.85%	2	2	93	93	0.030660944175210838	1	1	154	106	2	3	-T
F6_BC66_191109_LF_LIB_consensus_vsearch	2476	T	*/-C	247	12	4.43%	2	2	93	93	2.1431080469910618E-4	1	1	147	100	4	8	-C
F6_BC66_191109_LF_LIB_consensus_vsearch	2477	C	*/-A	246	9	3.41%	2	1	93	93	0.0018178284943888832	1	1	145	101	9	0	-A
F6_BC66_191109_LF_LIB_consensus_vsearch	2478	A	A	249	6	2.26%	2	2	93	93	0.015167261137354384	1	1	142	107	4	2	-CA
F6_BC66_191109_LF_LIB_consensus_vsearch	2479	C	Y	256	10	3.73%	2	2	93	93	8.959724786606658E-4	1	1	148	108	9	1	T
F6_BC66_191109_LF_LIB_consensus_vsearch	2480	A	A	264	3	1.12%	2	2	93	93	0.1242964352720778	1	1	154	110	2	1	G
F6_BC66_191109_LF_LIB_consensus_vsearch	2481	A	A	272	2	0.72%	2	1	93	93	0.2495429616087481	1	1	160	112	2	0	G
F6_BC66_191109_LF_LIB_consensus_vsearch	2482	C	C	266	3	1.09%	2	1	93	93	0.1243016759777629	1	1	156	110	3	0	-G
F6_BC66_191109_LF_LIB_consensus_vsearch	2483	G	*/-CG	253	10	3.68%	2	2	93	93	8.950763801239866E-4	1	1	143	110	9	1	-CG
F6_BC66_191109_LF_LIB_consensus_vsearch	2484	C	C	245	6	2.28%	2	2	93	93	0.015159996253657923	1	1	140	105	4	2	-G
F6_BC66_191109_LF_LIB_consensus_vsearch	2485	G	G	248	4	1.55%	2	1	93	93	0.061755217199896344	1	1	140	108	4	0	T
F6_BC66_191109_LF_LIB_consensus_vsearch	2486	G	G	268	4	1.46%	2	1	93	93	0.061810030534865154	1	1	158	110	4	0	-A
F6_BC66_191109_LF_LIB_consensus_vsearch	2487	A	A	268	1	0.37%	2	1	93	93	0.5000000000003686	1	1	156	112	1	0	G
F6_BC66_191109_LF_LIB_consensus_vsearch	2488	A	A	274	1	0.36%	2	1	93	93	0.4999999999999138	1	1	161	113	1	0	G
F6_BC66_191109_LF_LIB_consensus_vsearch	2489	C	C	272	2	0.72%	2	2	93	93	0.2495429616087481	1	1	160	112	1	1	T
F6_BC66_191109_LF_LIB_consensus_vsearch	2490	G	G	273	2	0.72%	2	1	93	93	0.2495446265938613	1	1	161	112	2	0	-A
F6_BC66_191109_LF_LIB_consensus_vsearch	2491	A	A	267	3	1.09%	2	1	93	93	0.12430426716151294	1	1	160	107	0	3	+T
F6_BC66_191109_LF_LIB_consensus_vsearch	2492	T	T	266	2	0.73%	2	1	93	93	0.24953271028049737	1	1	162	104	0	2	-C
F6_BC66_191109_LF_LIB_consensus_vsearch	2493	C	*/+T	236	11	4.09%	2	2	93	93	4.3577623661818937E-4	1	1	162	74	1	10	+T
F6_BC66_191109_LF_LIB_consensus_vsearch	2494	T	T	252	2	0.78%	2	2	93	93	0.2495069033532105	1	1	161	91	1	1	C
F6_BC66_191109_LF_LIB_consensus_vsearch	2495	T	T	264	3	1.12%	2	2	93	93	0.1242964352720778	1	1	162	102	1	2	C
F6_BC66_191109_LF_LIB_consensus_vsearch	2496	T	T	264	5	1.83%	2	1	93	93	0.030669694912897477	1	1	161	103	0	5	C
F6_BC66_191109_LF_LIB_consensus_vsearch	2497	A	A	270	1	0.37%	2	1	93	93	0.4999999999999138	1	1	160	110	1	0	+CA
F6_BC66_191109_LF_LIB_consensus_vsearch	2498	A	A	271	4	1.45%	2	1	93	93	0.06181756426009212	1	1	159	112	4	0	G
F6_BC66_191109_LF_LIB_consensus_vsearch	2499	C	*/+A	263	8	2.9%	2	1	93	93	0.003706880776381375	1	1	155	108	8	0	+A
F6_BC66_191109_LF_LIB_consensus_vsearch	2500	G	K	263	8	2.91%	2	1	93	93	0.003706880776381375	1	1	153	110	8	0	T
F6_BC66_191109_LF_LIB_consensus_vsearch	2501	T	*/+A	252	17	6.18%	2	1	93	93	5.877779455564292E-6	1	1	145	107	17	0	+A
F6_BC66_191109_LF_LIB_consensus_vsearch	2502	G	K	224	17	6.16%	2	1	93	93	5.696139726468511E-6	1	1	135	89	17	0	T
F6_BC66_191109_LF_LIB_consensus_vsearch	2503	T	T	241	3	1.2%	2	1	93	93	0.1242299794660452	1	1	154	87	0	3	C
F6_BC66_191109_LF_LIB_consensus_vsearch	2504	G	*/-C	219	24	9.6%	2	2	93	93	3.280957911260649E-8	1	1	146	73	7	17	-C
F6_BC66_191109_LF_LIB_consensus_vsearch	2505	C	C	237	3	1.24%	2	1	93	93	0.12421711899798199	1	1	154	83	0	3	+T
F6_BC66_191109_LF_LIB_consensus_vsearch	2506	C	C	272	1	0.36%	2	1	93	93	0.5000000000003686	1	1	160	112	1	0	+GC
F6_BC66_191109_LF_LIB_consensus_vsearch	2507	C	*/-TC	258	11	4%	2	1	93	93	4.3993165790743476E-4	1	1	160	98	0	11	-TC
F6_BC66_191109_LF_LIB_consensus_vsearch	2508	T	T	247	4	1.54%	2	1	93	93	0.061752247008950906	1	1	151	96	4	0	+C
F6_BC66_191109_LF_LIB_consensus_vsearch	2509	C	C	257	3	1.14%	2	2	93	93	0.12427745664727831	1	1	158	99	1	2	-G
F6_BC66_191109_LF_LIB_consensus_vsearch	2510	G	*/+A	248	25	9.16%	2	2	93	93	1.676195073082011E-8	1	1	161	87	1	24	+A
F6_BC66_191109_LF_LIB_consensus_vsearch	2511	G	*/-A	246	26	9.42%	2	2	93	93	7.959600433939235E-9	1	1	158	88	3	23	-A
F6_BC66_191109_LF_LIB_consensus_vsearch	2512	A	*/+G	85	155	62.75%	2	2	93	93	5.7130220672440494E-64	1	1	75	10	76	79	+G
F6_BC66_191109_LF_LIB_consensus_vsearch	2513	G	*/+AG	251	8	2.97%	2	1	93	93	0.0036977618625582452	1	1	141	110	8	0	+AG
F6_BC66_191109_LF_LIB_consensus_vsearch	2514	G	G	263	3	1.09%	2	1	93	93	0.12429378531094196	1	1	150	113	3	0	+AG
F6_BC66_191109_LF_LIB_consensus_vsearch	2515	T	T	267	5	1.81%	2	1	93	93	0.030676089228361576	1	1	161	106	0	5	+A
F6_BC66_191109_LF_LIB_consensus_vsearch	2516	A	A	273	3	1.09%	2	1	93	93	0.12431941923772909	1	1	160	113	3	0	G
F6_BC66_191109_LF_LIB_consensus_vsearch	2517	A	A	271	2	0.72%	2	1	93	93	0.24954128440383208	1	1	160	111	0	2	-C
F6_BC66_191109_LF_LIB_consensus_vsearch	2518	C	Y	256	7	2.55%	2	2	93	93	0.007502981837406636	1	1	153	103	1	6	T
F6_BC66_191109_LF_LIB_consensus_vsearch	2519	A	A	265	3	1.09%	2	2	93	93	0.12429906542060956	1	1	156	109	2	1	-CA
F6_BC66_191109_LF_LIB_consensus_vsearch	2520	C	C	264	4	1.47%	2	2	93	93	0.06179972295775155	1	1	156	108	2	2	T
F6_BC66_191109_LF_LIB_consensus_vsearch	2521	A	A	261	4	1.48%	2	2	93	93	0.06179178787806501	1	1	155	106	1	3	G
F6_BC66_191109_LF_LIB_consensus_vsearch	2522	A	R	255	17	6.18%	2	2	93	93	5.895249132972015E-6	1	1	144	111	16	1	G
F6_BC66_191109_LF_LIB_consensus_vsearch	2523	C	C	266	4	1.46%	2	2	93	93	0.06180491495741971	1	1	156	110	2	2	T
F6_BC66_191109_LF_LIB_consensus_vsearch	2524	A	A	269	3	1.09%	2	1	93	93	0.12430939226523824	1	1	157	112	3	0	G
F6_BC66_191109_LF_LIB_consensus_vsearch	2525	C	C	271	2	0.73%	2	1	93	93	0.24954128440383208	1	1	161	110	0	2	T
F6_BC66_191109_LF_LIB_consensus_vsearch	2526	C	C	269	2	0.73%	2	1	93	93	0.24953789279111838	1	1	160	109	0	2	T
F6_BC66_191109_LF_LIB_consensus_vsearch	2527	G	G	270	4	1.45%	2	1	93	93	0.06181507136518779	1	1	158	112	4	0	A
F6_BC66_191109_LF_LIB_consensus_vsearch	2528	T	T	270	3	1.09%	2	1	93	93	0.12431192660547026	1	1	162	108	0	3	C
F6_BC66_191109_LF_LIB_consensus_vsearch	2529	T	T	273	1	0.36%	2	1	93	93	0.4999999999999138	1	1	163	110	0	1	+A
F6_BC66_191109_LF_LIB_consensus_vsearch	2530	A	A	269	4	1.45%	2	2	93	93	0.06181256019060895	1	1	158	111	3	1	-G
F6_BC66_191109_LF_LIB_consensus_vsearch	2531	G	R	252	13	4.78%	2	1	93	93	1.0498926189604147E-4	1	1	146	106	13	0	A
F6_BC66_191109_LF_LIB_consensus_vsearch	2532	C	C	264	3	1.1%	2	1	93	93	0.1242964352720778	1	1	160	104	3	0	A
F6_BC66_191109_LF_LIB_consensus_vsearch	2533	C	*/-T	242	19	6.88%	2	2	93	93	1.3580032452255354E-6	1	1	157	85	1	18	-T
F6_BC66_191109_LF_LIB_consensus_vsearch	2534	T	*/-C	241	7	2.75%	2	2	93	93	0.007484415214222657	1	1	155	86	1	6	-C
F6_BC66_191109_LF_LIB_consensus_vsearch	2535	C	C	260	4	1.5%	2	2	93	93	0.06178910273789233	1	1	158	102	3	1	-G
F6_BC66_191109_LF_LIB_consensus_vsearch	2536	G	G	261	3	1.11%	2	1	93	93	0.12428842504744599	1	1	152	109	3	0	A
F6_BC66_191109_LF_LIB_consensus_vsearch	2537	G	G	269	3	1.09%	2	1	93	93	0.12430939226523824	1	1	156	113	3	0	-T
F6_BC66_191109_LF_LIB_consensus_vsearch	2538	T	T	266	4	1.47%	2	1	93	93	0.06180491495741971	1	1	157	109	0	4	C
F6_BC66_191109_LF_LIB_consensus_vsearch	2539	C	C	267	2	0.73%	2	2	93	93	0.24953445065180796	1	1	156	111	1	1	-A
F6_BC66_191109_LF_LIB_consensus_vsearch	2540	A	R	258	9	3.32%	2	2	93	93	0.001823798755543091	1	1	149	109	8	1	G
F6_BC66_191109_LF_LIB_consensus_vsearch	2541	G	G	263	3	1.1%	2	2	93	93	0.12429378531094196	1	1	154	109	1	2	-A
F6_BC66_191109_LF_LIB_consensus_vsearch	2542	A	*/-G	145	106	40%	2	2	93	93	8.343223412168364E-39	1	1	52	93	91	15	-G
F6_BC66_191109_LF_LIB_consensus_vsearch	2543	G	G	145	3	1.97%	2	1	93	93	0.12372881355932525	1	1	51	94	3	0	+A
F6_BC66_191109_LF_LIB_consensus_vsearch	2544	G	G	256	3	1.15%	2	1	93	93	0.12427466150865948	1	1	146	110	3	0	A
F6_BC66_191109_LF_LIB_consensus_vsearch	2545	G	G	273	1	0.36%	2	1	93	93	0.4999999999999138	1	1	161	112	1	0	A
F6_BC66_191109_LF_LIB_consensus_vsearch	2546	G	G	265	3	1.09%	2	1	93	93	0.12429906542060956	1	1	159	106	0	3	+C
F6_BC66_191109_LF_LIB_consensus_vsearch	2547	T	Y	254	9	3.3%	2	1	93	93	0.0018218680650561358	1	1	159	95	0	9	C
F6_BC66_191109_LF_LIB_consensus_vsearch	2548	C	*/+G	251	7	2.62%	2	2	93	93	0.007497030913500092	1	1	150	101	3	4	+G
F6_BC66_191109_LF_LIB_consensus_vsearch	2549	A	R	132	116	43.61%	2	2	93	93	2.218691740532786E-43	1	1	84	48	61	55	G
F6_BC66_191109_LF_LIB_consensus_vsearch	2550	T	T	252	5	1.91%	2	2	93	93	0.030642626352771006	1	1	148	104	2	3	C
F6_BC66_191109_LF_LIB_consensus_vsearch	2551	T	T	267	1	0.37%	2	1	93	93	0.5000000000003686	1	1	160	107	0	1	+C
F6_BC66_191109_LF_LIB_consensus_vsearch	2552	T	T	267	2	0.73%	2	1	93	93	0.24953445065180796	1	1	159	108	0	2	+C
F6_BC66_191109_LF_LIB_consensus_vsearch	2553	A	A	269	3	1.09%	2	2	93	93	0.12430939226523824	1	1	159	110	2	1	G
F6_BC66_191109_LF_LIB_consensus_vsearch	2554	T	*/-C	250	15	5.47%	2	2	93	93	2.489309520280837E-5	1	1	151	99	5	10	-C
F6_BC66_191109_LF_LIB_consensus_vsearch	2555	C	C	253	1	0.39%	2	1	93	93	0.5000000000003686	1	1	151	102	1	0	+T
F6_BC66_191109_LF_LIB_consensus_vsearch	2556	C	*/-TC	256	11	4.07%	2	1	93	93	4.395812442207008E-4	1	1	154	102	0	11	-TC
F6_BC66_191109_LF_LIB_consensus_vsearch	2557	T	T	253	3	1.16%	2	2	93	93	0.124266144814075	1	1	153	100	1	2	-C
F6_BC66_191109_LF_LIB_consensus_vsearch	2558	C	C	258	2	0.76%	2	1	93	93	0.24951830443137643	1	1	161	97	0	2	-G
F6_BC66_191109_LF_LIB_consensus_vsearch	2559	G	G	270	1	0.37%	2	1	93	93	0.4999999999999138	1	1	160	110	1	0	-A
F6_BC66_191109_LF_LIB_consensus_vsearch	2560	A	*/-C	258	13	4.76%	2	2	93	93	1.0534860479086726E-4	1	1	148	110	12	1	-C
F6_BC66_191109_LF_LIB_consensus_vsearch	2561	C	C	259	1	0.38%	2	1	93	93	0.4999999999999138	1	1	149	110	1	0	+GC
F6_BC66_191109_LF_LIB_consensus_vsearch	2562	C	C	267	2	0.73%	2	1	93	93	0.24953445065180796	1	1	155	112	2	0	+A
F6_BC66_191109_LF_LIB_consensus_vsearch	2563	A	A	266	4	1.46%	2	1	93	93	0.06180491495741971	1	1	155	111	4	0	-G
F6_BC66_191109_LF_LIB_consensus_vsearch	2564	G	G	261	6	2.21%	2	1	93	93	0.015187754818318031	1	1	153	108	6	0	-A
F6_BC66_191109_LF_LIB_consensus_vsearch	2565	A	A	262	2	0.74%	2	1	93	93	0.24952561669824413	1	1	151	111	2	0	-G
F6_BC66_191109_LF_LIB_consensus_vsearch	2566	G	G	270	1	0.37%	2	1	93	93	0.4999999999999138	1	1	159	111	0	1	-C
F6_BC66_191109_LF_LIB_consensus_vsearch	2567	C	C	270	2	0.73%	2	1	93	93	0.2495395948434138	1	1	159	111	2	0	-GC
F6_BC66_191109_LF_LIB_consensus_vsearch	2568	G	G	269	1	0.37%	2	1	93	93	0.4999999999999138	1	1	157	112	1	0	-C
F6_BC66_191109_LF_LIB_consensus_vsearch	2569	C	C	269	2	0.74%	2	1	93	93	0.24953789279111838	1	1	156	113	2	0	+GC
F6_BC66_191109_LF_LIB_consensus_vsearch	2570	C	*/-T	257	11	4%	2	2	93	93	4.3975708311224564E-4	1	1	157	100	2	9	-T
F6_BC66_191109_LF_LIB_consensus_vsearch	2571	T	T	257	1	0.38%	2	1	93	93	0.4999999999999138	1	1	155	102	1	0	+C
F6_BC66_191109_LF_LIB_consensus_vsearch	2572	T	T	268	2	0.73%	2	1	93	93	0.24953617810762627	1	1	155	113	2	0	C
F6_BC66_191109_LF_LIB_consensus_vsearch	2573	A	A	273	1	0.36%	2	1	93	93	0.4999999999999138	1	1	160	113	1	0	C
F6_BC66_191109_LF_LIB_consensus_vsearch	2574	A	A	270	3	1.09%	2	1	93	93	0.12431192660547026	1	1	159	111	3	0	G
F6_BC66_191109_LF_LIB_consensus_vsearch	2575	C	C	275	0	0%	2	0	93	0	1.0	1	0	163	112	0	0	
F6_BC66_191109_LF_LIB_consensus_vsearch	2576	G	G	274	1	0.36%	2	1	93	93	0.4999999999999138	1	1	162	112	1	0	A
F6_BC66_191109_LF_LIB_consensus_vsearch	2577	T	*/-C	197	77	27.9%	2	1	93	93	1.2990634975883054E-26	1	1	84	113	77	0	-C
F6_BC66_191109_LF_LIB_consensus_vsearch	2578	C	C	196	2	1.01%	2	2	93	93	0.24936708860772178	1	1	84	112	1	1	T
F6_BC66_191109_LF_LIB_consensus_vsearch	2579	C	C	272	3	1.09%	2	1	93	93	0.12431693989066941	1	1	159	113	3	0	-A
F6_BC66_191109_LF_LIB_consensus_vsearch	2580	A	A	269	2	0.73%	2	2	93	93	0.24953789279111838	1	1	158	111	1	1	-G
F6_BC66_191109_LF_LIB_consensus_vsearch	2581	G	G	268	2	0.73%	2	1	93	93	0.24953617810762627	1	1	157	111	2	0	-A
F6_BC66_191109_LF_LIB_consensus_vsearch	2582	A	A	257	5	1.85%	2	2	93	93	0.03065420595045833	1	1	148	109	4	1	+G
F6_BC66_191109_LF_LIB_consensus_vsearch	2583	G	G	264	4	1.48%	2	1	93	93	0.06179972295775155	1	1	159	105	0	4	+T
F6_BC66_191109_LF_LIB_consensus_vsearch	2584	G	G	273	1	0.36%	2	1	93	93	0.4999999999999138	1	1	161	112	0	1	-A
F6_BC66_191109_LF_LIB_consensus_vsearch	2585	A	A	266	4	1.46%	2	2	93	93	0.06180491495741971	1	1	158	108	1	3	-CA
F6_BC66_191109_LF_LIB_consensus_vsearch	2586	C	C	262	4	1.49%	2	1	93	93	0.06179445281046573	1	1	155	107	4	0	-AAC
F6_BC66_191109_LF_LIB_consensus_vsearch	2587	A	A	263	1	0.38%	2	1	93	93	0.4999999999999138	1	1	156	107	1	0	C
F6_BC66_191109_LF_LIB_consensus_vsearch	2588	A	R	256	14	5.15%	2	2	93	93	5.1346242618817986E-5	1	1	144	112	13	1	G
F6_BC66_191109_LF_LIB_consensus_vsearch	2589	C	*/-G	234	27	9.93%	2	2	93	93	3.667753509263725E-9	1	1	130	104	21	6	-G
F6_BC66_191109_LF_LIB_consensus_vsearch	2590	G	G	241	4	1.61%	2	1	93	93	0.06173391617646867	1	1	135	106	4	0	+A
F6_BC66_191109_LF_LIB_consensus_vsearch	2591	G	*/-A	254	17	6.16%	2	2	93	93	5.889464514663097E-6	1	1	156	98	5	12	-A
F6_BC66_191109_LF_LIB_consensus_vsearch	2592	A	A	256	1	0.39%	2	1	93	93	0.4999999999999138	1	1	155	101	1	0	C
F6_BC66_191109_LF_LIB_consensus_vsearch	2593	A	A	270	3	1.09%	2	1	93	93	0.12431192660547026	1	1	157	113	3	0	G
F6_BC66_191109_LF_LIB_consensus_vsearch	2594	A	*/-CA	252	9	3.28%	2	2	93	93	0.0018208809482378404	1	1	151	101	1	8	-CA
F6_BC66_191109_LF_LIB_consensus_vsearch	2595	C	Y	249	8	3.03%	2	2	93	93	0.0036961603384701837	1	1	155	94	2	6	T
F6_BC66_191109_LF_LIB_consensus_vsearch	2596	A	A	257	4	1.52%	2	2	93	93	0.061780923746039114	1	1	158	99	2	2	G
F6_BC66_191109_LF_LIB_consensus_vsearch	2597	A	W	263	9	3.27%	2	1	93	93	0.0018261337158000507	1	1	161	102	0	9	T
F6_BC66_191109_LF_LIB_consensus_vsearch	2598	G	G	268	3	1.09%	2	1	93	93	0.12430683918669663	1	1	159	109	3	0	A
F6_BC66_191109_LF_LIB_consensus_vsearch	2599	C	C	265	3	1.1%	2	1	93	93	0.12429906542060956	1	1	162	103	0	3	-G
F6_BC66_191109_LF_LIB_consensus_vsearch	2600	G	G	261	4	1.48%	2	1	93	93	0.06179178787806501	1	1	157	104	4	0	+A
F6_BC66_191109_LF_LIB_consensus_vsearch	2601	T	T	265	3	1.11%	2	1	93	93	0.12429906542060956	1	1	162	103	0	3	-GCGT
F6_BC66_191109_LF_LIB_consensus_vsearch	2602	G	G	264	4	1.49%	2	2	93	93	0.06179972295775155	1	1	161	103	1	3	-CG
F6_BC66_191109_LF_LIB_consensus_vsearch	2603	C	C	265	1	0.37%	2	1	93	93	0.4999999999999138	1	1	160	105	1	0	+A
F6_BC66_191109_LF_LIB_consensus_vsearch	2604	G	G	263	2	0.74%	2	2	93	93	0.24952741020799885	1	1	160	103	1	1	-T
F6_BC66_191109_LF_LIB_consensus_vsearch	2605	T	T	268	1	0.37%	2	1	93	93	0.5000000000003686	1	1	161	107	0	1	-C
F6_BC66_191109_LF_LIB_consensus_vsearch	2606	C	*/-A	238	24	8.76%	2	2	93	93	3.433216937353479E-8	1	1	130	108	23	1	-A
F6_BC66_191109_LF_LIB_consensus_vsearch	2607	A	A	239	3	1.23%	2	2	93	93	0.12422360248443731	1	1	132	107	1	2	G
F6_BC66_191109_LF_LIB_consensus_vsearch	2608	A	A	261	3	1.12%	2	1	93	93	0.12428842504744599	1	1	151	110	3	0	+G
F6_BC66_191109_LF_LIB_consensus_vsearch	2609	A	R	267	7	2.55%	2	2	93	93	0.007515315152860378	1	1	157	110	5	2	G
F6_BC66_191109_LF_LIB_consensus_vsearch	2610	G	G	266	4	1.46%	2	2	93	93	0.06180491495741971	1	1	157	109	1	3	+C
F6_BC66_191109_LF_LIB_consensus_vsearch	2611	A	A	259	6	2.21%	2	1	93	93	0.015184467591539906	1	1	148	111	6	0	G
F6_BC66_191109_LF_LIB_consensus_vsearch	2612	C	C	271	2	0.73%	2	1	93	93	0.24954128440383208	1	1	161	110	0	2	T
F6_BC66_191109_LF_LIB_consensus_vsearch	2613	G	*/-T	256	10	3.65%	2	2	93	93	8.959724786606658E-4	1	1	148	108	8	2	-T
F6_BC66_191109_LF_LIB_consensus_vsearch	2614	T	T	261	3	1.13%	2	2	93	93	0.12428842504744599	1	1	154	107	1	2	C
F6_BC66_191109_LF_LIB_consensus_vsearch	2615	T	T	273	1	0.36%	2	1	93	93	0.4999999999999138	1	1	162	111	1	0	C
F6_BC66_191109_LF_LIB_consensus_vsearch	2616	T	T	270	3	1.09%	2	2	93	93	0.12431192660547026	1	1	160	110	2	1	C
F6_BC66_191109_LF_LIB_consensus_vsearch	2617	A	R	262	7	2.55%	2	2	93	93	0.007509833180020558	1	1	152	110	5	2	G
F6_BC66_191109_LF_LIB_consensus_vsearch	2618	C	C	261	3	1.11%	2	1	93	93	0.12428842504744599	1	1	154	107	0	3	T
F6_BC66_191109_LF_LIB_consensus_vsearch	2619	T	T	258	3	1.12%	2	1	93	93	0.12428023032618613	1	1	148	110	3	0	+G
F6_BC66_191109_LF_LIB_consensus_vsearch	2620	A	A	254	4	1.52%	2	1	93	93	0.06177255436325217	1	1	150	104	0	4	G
F6_BC66_191109_LF_LIB_consensus_vsearch	2621	T	T	265	4	1.48%	2	2	93	93	0.06180232861697055	1	1	159	106	1	3	C
F6_BC66_191109_LF_LIB_consensus_vsearch	2622	G	G	268	1	0.36%	2	1	93	93	0.5000000000003686	1	1	158	110	1	0	+A
F6_BC66_191109_LF_LIB_consensus_vsearch	2623	A	A	272	1	0.36%	2	1	93	93	0.5000000000003686	1	1	160	112	1	0	+G
F6_BC66_191109_LF_LIB_consensus_vsearch	2624	T	*/+GAT	258	7	2.55%	2	1	93	93	0.007505299821009934	1	1	148	110	7	0	+GAT
F6_BC66_191109_LF_LIB_consensus_vsearch	2625	C	C	267	2	0.74%	2	1	93	93	0.24953445065180796	1	1	154	113	2	0	+G
F6_BC66_191109_LF_LIB_consensus_vsearch	2626	C	C	267	2	0.72%	2	2	93	93	0.24953445065180796	1	1	158	109	1	1	-T
F6_BC66_191109_LF_LIB_consensus_vsearch	2627	T	T	266	3	1.1%	2	1	93	93	0.1243016759777629	1	1	159	107	3	0	A
F6_BC66_191109_LF_LIB_consensus_vsearch	2628	T	*/+C	261	9	3.28%	2	1	93	93	0.0018252099194485903	1	1	150	111	9	0	+C
F6_BC66_191109_LF_LIB_consensus_vsearch	2629	C	C	264	5	1.85%	2	1	93	93	0.030669694912897477	1	1	153	111	5	0	+A
F6_BC66_191109_LF_LIB_consensus_vsearch	2630	C	C	257	5	1.82%	2	1	93	93	0.03065420595045833	1	1	148	109	5	0	+AC
F6_BC66_191109_LF_LIB_consensus_vsearch	2631	G	G	255	5	1.84%	2	1	93	93	0.03064962750114854	1	1	143	112	5	0	C
F6_BC66_191109_LF_LIB_consensus_vsearch	2632	C	C	263	3	1.1%	2	1	93	93	0.12429378531094196	1	1	153	110	3	0	T
F6_BC66_191109_LF_LIB_consensus_vsearch	2633	A	*/-G	250	13	4.78%	2	2	93	93	1.0486603090066527E-4	1	1	142	108	11	2	-G
F6_BC66_191109_LF_LIB_consensus_vsearch	2634	G	G	256	2	0.77%	2	1	93	93	0.24951456310670525	1	1	148	108	2	0	+A
F6_BC66_191109_LF_LIB_consensus_vsearch	2635	G	G	267	2	0.72%	2	1	93	93	0.24953445065180796	1	1	155	112	2	0	+T
F6_BC66_191109_LF_LIB_consensus_vsearch	2636	T	T	271	3	1.09%	2	2	93	93	0.12431444241326345	1	1	161	110	1	2	C
F6_BC66_191109_LF_LIB_consensus_vsearch	2637	T	T	272	2	0.73%	2	2	93	93	0.2495429616087481	1	1	161	111	1	1	-C
F6_BC66_191109_LF_LIB_consensus_vsearch	2638	C	C	265	2	0.73%	2	1	93	93	0.2495309568482648	1	1	156	109	0	2	+A
F6_BC66_191109_LF_LIB_consensus_vsearch	2639	A	*/-C	261	7	2.56%	2	2	93	93	0.007508712428886389	1	1	151	110	4	3	-C
F6_BC66_191109_LF_LIB_consensus_vsearch	2640	C	C	258	3	1.14%	2	1	93	93	0.12428023032618613	1	1	154	104	0	3	+T
F6_BC66_191109_LF_LIB_consensus_vsearch	2641	C	C	261	4	1.47%	2	1	93	93	0.06179178787806501	1	1	157	104	0	4	T
F6_BC66_191109_LF_LIB_consensus_vsearch	2642	T	T	261	5	1.85%	2	1	93	93	0.03066315650820783	1	1	152	109	5	0	-AC
F6_BC66_191109_LF_LIB_consensus_vsearch	2643	A	R	248	13	4.85%	2	2	93	93	1.0474101246804906E-4	1	1	139	109	11	2	G
F6_BC66_191109_LF_LIB_consensus_vsearch	2644	C	*/-G	236	19	7.12%	2	2	93	93	1.3467816754362136E-6	1	1	132	104	13	6	-G
F6_BC66_191109_LF_LIB_consensus_vsearch	2645	G	G	247	3	1.18%	2	2	93	93	0.12424849699405838	1	1	144	103	2	1	A
F6_BC66_191109_LF_LIB_consensus_vsearch	2646	G	G	266	6	2.17%	2	2	93	93	0.015195762196627145	1	1	156	110	3	3	-A
F6_BC66_191109_LF_LIB_consensus_vsearch	2647	A	A	268	0	0%	2	0	93	0	1.0	1	0	158	110	0	0	
F6_BC66_191109_LF_LIB_consensus_vsearch	2648	A	A	268	3	1.09%	2	1	93	93	0.12430683918669663	1	1	157	111	3	0	G
F6_BC66_191109_LF_LIB_consensus_vsearch	2649	A	A	260	6	2.18%	2	2	93	93	0.01518611735985533	1	1	153	107	4	2	G
F6_BC66_191109_LF_LIB_consensus_vsearch	2650	C	C	265	4	1.47%	2	1	93	93	0.06180232861697055	1	1	154	111	4	0	+G
F6_BC66_191109_LF_LIB_consensus_vsearch	2651	C	*/-T	256	7	2.54%	2	2	93	93	0.007502981837406636	1	1	156	100	1	6	-T
F6_BC66_191109_LF_LIB_consensus_vsearch	2652	T	T	265	2	0.75%	2	1	93	93	0.2495309568482648	1	1	158	107	2	0	A
F6_BC66_191109_LF_LIB_consensus_vsearch	2653	T	T	261	6	2.19%	2	1	93	93	0.015187754818318031	1	1	149	112	6	0	+A
F6_BC66_191109_LF_LIB_consensus_vsearch	2654	G	G	250	6	2.21%	2	1	93	93	0.015169042029074849	1	1	140	110	6	0	A
F6_BC66_191109_LF_LIB_consensus_vsearch	2655	T	T	263	3	1.11%	2	2	93	93	0.12429378531094196	1	1	154	109	2	1	A
F6_BC66_191109_LF_LIB_consensus_vsearch	2656	T	*/-AC	258	7	2.56%	2	2	93	93	0.007505299821009934	1	1	152	106	5	2	-AC
F6_BC66_191109_LF_LIB_consensus_vsearch	2657	A	A	262	2	0.75%	2	1	93	93	0.24952561669824413	1	1	154	108	0	2	C
F6_BC66_191109_LF_LIB_consensus_vsearch	2658	C	C	253	6	2.25%	2	2	93	93	0.01517430252249324	1	1	150	103	3	3	T
F6_BC66_191109_LF_LIB_consensus_vsearch	2659	G	G	269	2	0.73%	2	2	93	93	0.24953789279111838	1	1	157	112	1	1	-A
F6_BC66_191109_LF_LIB_consensus_vsearch	2660	A	A	262	6	2.21%	2	1	93	93	0.015189380104217696	1	1	157	105	0	6	+TT
F6_BC66_191109_LF_LIB_consensus_vsearch	2661	C	C	252	5	1.84%	2	1	93	93	0.030642626352771006	1	1	152	100	0	5	T
F6_BC66_191109_LF_LIB_consensus_vsearch	2662	T	W	258	9	3.35%	2	1	93	93	0.001823798755543091	1	1	146	112	9	0	A
F6_BC66_191109_LF_LIB_consensus_vsearch	2663	T	T	260	6	2.21%	2	2	93	93	0.01518611735985533	1	1	152	108	3	3	-GT
F6_BC66_191109_LF_LIB_consensus_vsearch	2664	G	*/-TA	256	7	2.61%	2	1	93	93	0.007502981837406636	1	1	148	108	7	0	-TA
F6_BC66_191109_LF_LIB_consensus_vsearch	2665	T	T	252	4	1.53%	2	2	93	93	0.06176686569346045	1	1	149	103	2	2	C
F6_BC66_191109_LF_LIB_consensus_vsearch	2666	A	*/-C	247	8	3.02%	2	1	93	93	0.0036945340250354765	1	1	150	97	0	8	-C
F6_BC66_191109_LF_LIB_consensus_vsearch	2667	C	Y	237	11	4.17%	2	2	93	93	4.359805386517798E-4	1	1	159	78	1	10	T
F6_BC66_191109_LF_LIB_consensus_vsearch	2668	T	T	266	1	0.37%	2	1	93	93	0.4999999999999138	1	1	161	105	0	1	+C
F6_BC66_191109_LF_LIB_consensus_vsearch	2669	T	*/-C	240	18	6.59%	2	2	93	93	2.8063307146367735E-6	1	1	153	87	2	16	-C
F6_BC66_191109_LF_LIB_consensus_vsearch	2670	C	C	239	4	1.62%	2	1	93	93	0.06172760453354286	1	1	154	85	4	0	+A
F6_BC66_191109_LF_LIB_consensus_vsearch	2671	C	C	258	4	1.51%	2	1	93	93	0.061783670907884385	1	1	160	98	0	4	+T
F6_BC66_191109_LF_LIB_consensus_vsearch	2672	T	*/+C	252	11	4.1%	2	1	93	93	4.388649693243239E-4	1	1	148	104	11	0	+C
F6_BC66_191109_LF_LIB_consensus_vsearch	2673	C	C	264	2	0.74%	2	1	93	93	0.24952919020719036	1	1	159	105	0	2	+T
F6_BC66_191109_LF_LIB_consensus_vsearch	2674	T	*/+A	252	7	2.6%	2	2	93	93	0.007498239332403135	1	1	156	96	1	6	+A
F6_BC66_191109_LF_LIB_consensus_vsearch	2675	A	A	263	1	0.38%	2	1	93	93	0.4999999999999138	1	1	157	106	1	0	+CA
F6_BC66_191109_LF_LIB_consensus_vsearch	2676	A	A	271	2	0.73%	2	1	93	93	0.24954128440383208	1	1	160	111	2	0	G
F6_BC66_191109_LF_LIB_consensus_vsearch	2677	A	A	270	4	1.45%	2	2	93	93	0.06181507136518779	1	1	159	111	3	1	G
F6_BC66_191109_LF_LIB_consensus_vsearch	2678	T	T	266	3	1.09%	2	2	93	93	0.1243016759777629	1	1	160	106	1	2	C
F6_BC66_191109_LF_LIB_consensus_vsearch	2679	G	G	268	1	0.37%	2	1	93	93	0.5000000000003686	1	1	159	109	1	0	+AAAAA
F6_BC66_191109_LF_LIB_consensus_vsearch	2680	G	*/-C	263	7	2.55%	2	2	93	93	0.007510945692957774	1	1	154	109	6	1	-C
F6_BC66_191109_LF_LIB_consensus_vsearch	2681	C	C	263	1	0.37%	2	1	93	93	0.4999999999999138	1	1	153	110	0	1	+A
F6_BC66_191109_LF_LIB_consensus_vsearch	2682	C	*/-G	258	9	3.28%	2	2	93	93	0.001823798755543091	1	1	150	108	8	1	-G
F6_BC66_191109_LF_LIB_consensus_vsearch	2683	G	G	260	2	0.75%	2	2	93	93	0.2495219885277623	1	1	151	109	1	1	+A
F6_BC66_191109_LF_LIB_consensus_vsearch	2684	A	A	270	2	0.73%	2	2	93	93	0.2495395948434138	1	1	160	110	1	1	+G
F6_BC66_191109_LF_LIB_consensus_vsearch	2685	G	G	268	2	0.73%	2	1	93	93	0.24953617810762627	1	1	162	106	0	2	+T
F6_BC66_191109_LF_LIB_consensus_vsearch	2686	T	T	269	4	1.46%	2	1	93	93	0.06181256019060895	1	1	163	106	0	4	C
F6_BC66_191109_LF_LIB_consensus_vsearch	2687	T	T	262	6	2.18%	2	1	93	93	0.015189380104217696	1	1	156	106	6	0	+C
F6_BC66_191109_LF_LIB_consensus_vsearch	2688	C	*/-GA	254	10	3.68%	2	2	93	93	8.953772843442645E-4	1	1	152	102	8	2	-GA
F6_BC66_191109_LF_LIB_consensus_vsearch	2689	G	*/-A	246	10	3.77%	2	2	93	93	8.92905972782949E-4	1	1	142	104	8	2	-A
F6_BC66_191109_LF_LIB_consensus_vsearch	2690	A	A	246	3	1.18%	2	2	93	93	0.1242454728369122	1	1	143	103	1	2	G
F6_BC66_191109_LF_LIB_consensus_vsearch	2691	A	*/-G	258	8	2.92%	2	1	93	93	0.003703179949352368	1	1	152	106	8	0	-G
F6_BC66_191109_LF_LIB_consensus_vsearch	2692	G	G	259	3	1.13%	2	1	93	93	0.12428298279160237	1	1	153	106	0	3	T
F6_BC66_191109_LF_LIB_consensus_vsearch	2693	G	G	269	2	0.73%	2	1	93	93	0.24953789279111838	1	1	162	107	0	2	C
F6_BC66_191109_LF_LIB_consensus_vsearch	2694	T	T	262	6	2.17%	2	1	93	93	0.015189380104217696	1	1	162	100	0	6	C
F6_BC66_191109_LF_LIB_consensus_vsearch	2695	G	G	261	3	1.1%	2	1	93	93	0.12428842504744599	1	1	159	102	0	3	+C
F6_BC66_191109_LF_LIB_consensus_vsearch	2696	T	*/+C	254	9	3.3%	2	1	93	93	0.0018218680650561358	1	1	162	92	0	9	+C
F6_BC66_191109_LF_LIB_consensus_vsearch	2697	T	*/-C	249	15	5.45%	2	2	93	93	2.487334698777583E-5	1	1	159	90	1	14	-C
F6_BC66_191109_LF_LIB_consensus_vsearch	2698	C	C	237	6	2.31%	2	1	93	93	0.015144752034015739	1	1	149	88	6	0	-G
F6_BC66_191109_LF_LIB_consensus_vsearch	2699	G	G	262	2	0.75%	2	1	93	93	0.24952561669824413	1	1	154	108	0	2	A
F6_BC66_191109_LF_LIB_consensus_vsearch	2700	C	*/-T	253	17	6.18%	2	2	93	93	5.8836414163460775E-6	1	1	156	97	1	16	-T
F6_BC66_191109_LF_LIB_consensus_vsearch	2701	T	*/+C	238	11	4.25%	2	1	93	93	4.3618325858222517E-4	1	1	142	96	11	0	+C
F6_BC66_191109_LF_LIB_consensus_vsearch	2702	C	C	261	3	1.12%	2	1	93	93	0.12428842504744599	1	1	151	110	3	0	+A
F6_BC66_191109_LF_LIB_consensus_vsearch	2703	C	*/+GG	255	7	2.55%	2	1	93	93	0.007501809679633719	1	1	158	97	0	7	+GG
F6_BC66_191109_LF_LIB_consensus_vsearch	2704	G	G	264	5	1.85%	2	1	93	93	0.030669694912897477	1	1	153	111	5	0	A
F6_BC66_191109_LF_LIB_consensus_vsearch	2705	C	C	267	1	0.37%	2	1	93	93	0.5000000000003686	1	1	157	110	1	0	+GGC
F6_BC66_191109_LF_LIB_consensus_vsearch	2706	A	*/-T	252	19	6.96%	2	1	93	93	1.3757497951354788E-6	1	1	160	92	0	19	-T
F6_BC66_191109_LF_LIB_consensus_vsearch	2707	T	T	253	2	0.78%	2	2	93	93	0.24950884086425928	1	1	160	93	1	1	-C
F6_BC66_191109_LF_LIB_consensus_vsearch	2708	C	C	271	1	0.37%	2	1	93	93	0.4999999999999138	1	1	159	112	1	0	+T
F6_BC66_191109_LF_LIB_consensus_vsearch	2709	G	G	268	3	1.09%	2	1	93	93	0.12430683918669663	1	1	157	111	3	0	A
F6_BC66_191109_LF_LIB_consensus_vsearch	2710	C	C	271	3	1.09%	2	2	93	93	0.12431444241326345	1	1	161	110	1	2	T
F6_BC66_191109_LF_LIB_consensus_vsearch	2711	C	C	269	4	1.45%	2	1	93	93	0.06181256019060895	1	1	158	111	4	0	-A
F6_BC66_191109_LF_LIB_consensus_vsearch	2712	A	A	261	4	1.48%	2	1	93	93	0.06179178787806501	1	1	149	112	4	0	+C
F6_BC66_191109_LF_LIB_consensus_vsearch	2713	C	C	264	4	1.48%	2	1	93	93	0.06179972295775155	1	1	154	110	4	0	G
F6_BC66_191109_LF_LIB_consensus_vsearch	2714	C	C	266	1	0.37%	2	1	93	93	0.4999999999999138	1	1	155	111	1	0	+AACCC
F6_BC66_191109_LF_LIB_consensus_vsearch	2715	A	A	266	3	1.09%	2	1	93	93	0.1243016759777629	1	1	155	111	3	0	G
F6_BC66_191109_LF_LIB_consensus_vsearch	2716	G	G	271	3	1.09%	2	1	93	93	0.12431444241326345	1	1	158	113	3	0	A
F6_BC66_191109_LF_LIB_consensus_vsearch	2717	C	C	263	3	1.09%	2	1	93	93	0.12429378531094196	1	1	155	108	0	3	-AA
F6_BC66_191109_LF_LIB_consensus_vsearch	2718	A	A	271	0	0%	2	0	93	0	1.0	1	0	161	110	0	0	
F6_BC66_191109_LF_LIB_consensus_vsearch	2719	A	A	268	2	0.73%	2	1	93	93	0.24953617810762627	1	1	158	110	2	0	-G
F6_BC66_191109_LF_LIB_consensus_vsearch	2720	G	G	257	6	2.19%	2	1	93	93	0.015181130565948187	1	1	145	112	6	0	+C
F6_BC66_191109_LF_LIB_consensus_vsearch	2721	C	C	270	2	0.74%	2	2	93	93	0.2495395948434138	1	1	159	111	1	1	T
F6_BC66_191109_LF_LIB_consensus_vsearch	2722	C	*/-G	259	9	3.26%	2	1	93	93	0.0018242725891630934	1	1	158	101	0	9	-G
F6_BC66_191109_LF_LIB_consensus_vsearch	2723	G	R	249	11	4.17%	2	2	93	93	4.383137951476102E-4	1	1	151	98	9	2	A
F6_BC66_191109_LF_LIB_consensus_vsearch	2724	G	*/-A	242	29	10.62%	2	1	93	93	8.444579549329974E-10	1	1	130	112	29	0	-A
F6_BC66_191109_LF_LIB_consensus_vsearch	2725	A	A	242	1	0.41%	2	1	93	93	0.4999999999999138	1	1	130	112	1	0	C
F6_BC66_191109_LF_LIB_consensus_vsearch	2726	G	G	271	1	0.37%	2	1	93	93	0.4999999999999138	1	1	160	111	1	0	-C
F6_BC66_191109_LF_LIB_consensus_vsearch	2727	C	C	268	3	1.1%	2	1	93	93	0.12430683918669663	1	1	157	111	3	0	-G
F6_BC66_191109_LF_LIB_consensus_vsearch	2728	G	G	270	1	0.37%	2	1	93	93	0.4999999999999138	1	1	159	111	0	1	+T
F6_BC66_191109_LF_LIB_consensus_vsearch	2729	C	C	270	2	0.73%	2	2	93	93	0.2495395948434138	1	1	160	110	1	1	T
F6_BC66_191109_LF_LIB_consensus_vsearch	2730	G	*/-CG	226	48	17.45%	2	2	93	93	3.717895301142547E-16	1	1	151	75	12	36	-CG
F6_BC66_191109_LF_LIB_consensus_vsearch	2731	C	C	222	3	1.32%	2	2	93	93	0.12416481069040536	1	1	148	74	2	1	-G
F6_BC66_191109_LF_LIB_consensus_vsearch	2732	G	G	213	3	1.35%	2	2	93	93	0.12412993039444345	1	1	141	72	1	2	+CG
F6_BC66_191109_LF_LIB_consensus_vsearch	2733	T	T	266	6	2.21%	2	2	93	93	0.015195762196627145	1	1	159	107	2	4	C
F6_BC66_191109_LF_LIB_consensus_vsearch	2734	T	*/-G	255	8	2.9%	2	2	93	93	0.003700892775288906	1	1	148	107	6	2	-G
F6_BC66_191109_LF_LIB_consensus_vsearch	2735	G	R	246	8	3.04%	2	2	93	93	0.003693711391797067	1	1	141	105	7	1	A
F6_BC66_191109_LF_LIB_consensus_vsearch	2736	C	C	246	5	1.87%	2	1	93	93	0.03062812251247695	1	1	149	97	0	5	T
F6_BC66_191109_LF_LIB_consensus_vsearch	2737	T	*/-C	212	36	13.38%	2	2	93	93	3.6998343437882E-12	1	1	107	105	34	2	-C
F6_BC66_191109_LF_LIB_consensus_vsearch	2738	C	C	228	3	1.28%	2	2	93	93	0.12418655097611722	1	1	124	104	1	2	A
F6_BC66_191109_LF_LIB_consensus_vsearch	2739	C	*/-T	257	7	2.57%	2	2	93	93	0.007504145184876668	1	1	152	105	4	3	-T
F6_BC66_191109_LF_LIB_consensus_vsearch	2740	T	T	251	2	0.77%	2	1	93	93	0.24950495049494414	1	1	149	102	2	0	+G
F6_BC66_191109_LF_LIB_consensus_vsearch	2741	A	*/+C	127	88	32.84%	2	2	93	93	3.9919942337943636E-32	1	1	73	54	69	19	+C
F6_BC66_191109_LF_LIB_consensus_vsearch	2742	C	C	218	6	2.6%	2	1	93	93	0.015104203282490625	1	1	147	71	0	6	+TC
F6_BC66_191109_LF_LIB_consensus_vsearch	2743	C	C	260	5	1.87%	2	1	93	93	0.030660944175210838	1	1	158	102	0	5	T
F6_BC66_191109_LF_LIB_consensus_vsearch	2744	C	C	273	1	0.36%	2	1	93	93	0.4999999999999138	1	1	160	113	1	0	T
F6_BC66_191109_LF_LIB_consensus_vsearch	2745	C	C	272	1	0.36%	2	1	93	93	0.5000000000003686	1	1	160	112	0	1	+T
F6_BC66_191109_LF_LIB_consensus_vsearch	2746	T	T	264	2	0.73%	2	2	93	93	0.24952919020719036	1	1	155	109	1	1	+C
F6_BC66_191109_LF_LIB_consensus_vsearch	2747	C	-A/-A	15	257	93.8%	2	2	93	93	1.9762254997331658E-138	1	1	13	2	149	108	-A
F6_BC66_191109_LF_LIB_consensus_vsearch	2748	A	A	8	4	25%	2	2	93	93	0.04658385093167752	1	1	7	1	2	2	C
F6_BC66_191109_LF_LIB_consensus_vsearch	2749	A	M	251	8	2.92%	2	1	93	93	0.0036977618625582452	1	1	143	108	8	0	C
F6_BC66_191109_LF_LIB_consensus_vsearch	2750	C	C	263	1	0.37%	2	1	93	93	0.4999999999999138	1	1	154	109	1	0	+A
F6_BC66_191109_LF_LIB_consensus_vsearch	2751	C	*/+G	247	10	3.64%	2	1	93	93	8.932230783903669E-4	1	1	149	98	0	10	+G
F6_BC66_191109_LF_LIB_consensus_vsearch	2752	G	*/-A	260	10	3.66%	2	1	93	93	8.97137079051494E-4	1	1	149	111	10	0	-A
F6_BC66_191109_LF_LIB_consensus_vsearch	2753	A	R	250	8	3.01%	2	1	93	93	0.0036969641636293116	1	1	139	111	8	0	G
F6_BC66_191109_LF_LIB_consensus_vsearch	2754	G	G	270	2	0.73%	2	1	93	93	0.2495395948434138	1	1	158	112	2	0	+AG
F6_BC66_191109_LF_LIB_consensus_vsearch	2755	C	C	272	2	0.73%	2	1	93	93	0.2495429616087481	1	1	160	112	2	0	G
F6_BC66_191109_LF_LIB_consensus_vsearch	2756	C	C	275	1	0.36%	2	1	93	93	0.5000000000003686	1	1	162	113	1	0	-ATTC
F6_BC66_191109_LF_LIB_consensus_vsearch	2757	A	A	272	2	0.73%	2	1	93	93	0.2495429616087481	1	1	160	112	2	0	G
F6_BC66_191109_LF_LIB_consensus_vsearch	2758	T	T	271	2	0.73%	2	1	93	93	0.24954128440383208	1	1	161	110	0	2	+C
F6_BC66_191109_LF_LIB_consensus_vsearch	2759	T	T	268	4	1.45%	2	2	93	93	0.061810030534865154	1	1	160	108	2	2	+C
F6_BC66_191109_LF_LIB_consensus_vsearch	2760	C	C	270	2	0.74%	2	1	93	93	0.2495395948434138	1	1	162	108	0	2	+T
F6_BC66_191109_LF_LIB_consensus_vsearch	2761	G	G	274	1	0.36%	2	1	93	93	0.4999999999999138	1	1	162	112	1	0	-A
F6_BC66_191109_LF_LIB_consensus_vsearch	2762	A	A	273	1	0.36%	2	1	93	93	0.4999999999999138	1	1	162	111	0	1	+C
F6_BC66_191109_LF_LIB_consensus_vsearch	2763	T	*/+C	249	13	4.73%	2	1	93	93	1.0480374753057819E-4	1	1	139	110	13	0	+C
F6_BC66_191109_LF_LIB_consensus_vsearch	2764	C	*/-G	253	13	4.74%	2	2	93	93	1.0505021901642927E-4	1	1	152	101	5	8	-G
F6_BC66_191109_LF_LIB_consensus_vsearch	2765	G	G	259	1	0.38%	2	1	93	93	0.4999999999999138	1	1	156	103	0	1	+TG
F6_BC66_191109_LF_LIB_consensus_vsearch	2766	G	*/-A	260	7	2.55%	2	2	93	93	0.0075075833477063125	1	1	153	107	6	1	-A
F6_BC66_191109_LF_LIB_consensus_vsearch	2767	A	A	263	1	0.38%	2	1	93	93	0.4999999999999138	1	1	152	111	1	0	+GGA
F6_BC66_191109_LF_LIB_consensus_vsearch	2768	A	A	267	3	1.1%	2	2	93	93	0.12430426716151294	1	1	157	110	2	1	G
F6_BC66_191109_LF_LIB_consensus_vsearch	2769	A	A	262	5	1.82%	2	1	93	93	0.030665352285866324	1	1	154	108	5	0	G
F6_BC66_191109_LF_LIB_consensus_vsearch	2770	T	T	264	3	1.11%	2	1	93	93	0.1242964352720778	1	1	158	106	0	3	C
F6_BC66_191109_LF_LIB_consensus_vsearch	2771	A	A	268	2	0.74%	2	1	93	93	0.24953617810762627	1	1	157	111	2	0	T
F6_BC66_191109_LF_LIB_consensus_vsearch	2772	A	A	270	3	1.09%	2	2	93	93	0.12431192660547026	1	1	158	112	2	1	G
F6_BC66_191109_LF_LIB_consensus_vsearch	2773	C	C	270	3	1.09%	2	2	93	93	0.12431192660547026	1	1	159	111	2	1	T
F6_BC66_191109_LF_LIB_consensus_vsearch	2774	G	G	272	1	0.36%	2	1	93	93	0.5000000000003686	1	1	161	111	1	0	-A
F6_BC66_191109_LF_LIB_consensus_vsearch	2775	A	A	271	2	0.73%	2	2	93	93	0.24954128440383208	1	1	160	111	1	1	G
F6_BC66_191109_LF_LIB_consensus_vsearch	2776	C	C	264	4	1.45%	2	2	93	93	0.06179972295775155	1	1	158	106	2	2	-G
F6_BC66_191109_LF_LIB_consensus_vsearch	2777	G	R	255	11	4.04%	2	1	93	93	4.3940412746515644E-4	1	1	146	109	11	0	A
F6_BC66_191109_LF_LIB_consensus_vsearch	2778	G	G	269	3	1.09%	2	1	93	93	0.12430939226523824	1	1	160	109	0	3	+C
F6_BC66_191109_LF_LIB_consensus_vsearch	2779	G	G	271	5	1.81%	2	2	93	93	0.030684398956702864	1	1	160	111	3	2	-C
F6_BC66_191109_LF_LIB_consensus_vsearch	2780	C	*/+GG	67	160	59.04%	2	2	93	93	1.0762165447993077E-68	1	1	26	41	96	64	+GG
F6_BC66_191109_LF_LIB_consensus_vsearch	2781	T	K	203	59	21.53%	2	2	93	93	4.3521456326471185E-20	1	1	133	70	18	41	G
F6_BC66_191109_LF_LIB_consensus_vsearch	2782	G	G	268	2	0.73%	2	2	93	93	0.24953617810762627	1	1	159	109	1	1	+C
F6_BC66_191109_LF_LIB_consensus_vsearch	2783	T	T	268	3	1.09%	2	2	93	93	0.12430683918669663	1	1	160	108	2	1	+G
F6_BC66_191109_LF_LIB_consensus_vsearch	2784	G	G	270	2	0.73%	2	2	93	93	0.2495395948434138	1	1	159	111	1	1	+CG
F6_BC66_191109_LF_LIB_consensus_vsearch	2785	T	T	267	2	0.72%	2	2	93	93	0.24953445065180796	1	1	160	107	1	1	+G
F6_BC66_191109_LF_LIB_consensus_vsearch	2786	A	R	249	13	4.74%	2	2	93	93	1.0480374753057819E-4	1	1	149	100	8	5	G
F6_BC66_191109_LF_LIB_consensus_vsearch	2787	C	*/-A	201	57	20.8%	2	2	93	93	2.1331208733008247E-19	1	1	99	102	56	1	-A
F6_BC66_191109_LF_LIB_consensus_vsearch	2788	A	A	209	2	0.93%	2	1	93	93	0.24940617577189375	1	1	102	107	2	0	C
F6_BC66_191109_LF_LIB_consensus_vsearch	2789	A	*/+G	256	10	3.68%	2	2	93	93	8.959724786606658E-4	1	1	149	107	9	1	+G
F6_BC66_191109_LF_LIB_consensus_vsearch	2790	A	*/-G	246	13	4.73%	2	2	93	93	1.0461416751144055E-4	1	1	142	104	10	3	-G
F6_BC66_191109_LF_LIB_consensus_vsearch	2791	G	G	254	2	0.76%	2	1	93	93	0.2495107632092758	1	1	150	104	2	0	+AG
F6_BC66_191109_LF_LIB_consensus_vsearch	2792	G	G	265	4	1.45%	2	1	93	93	0.06180232861697055	1	1	153	112	4	0	+A
F6_BC66_191109_LF_LIB_consensus_vsearch	2793	G	G	264	4	1.45%	2	1	93	93	0.06179972295775155	1	1	154	110	4	0	-C
F6_BC66_191109_LF_LIB_consensus_vsearch	2794	C	*/+G	249	8	2.97%	2	1	93	93	0.0036961603384701837	1	1	144	105	8	0	+G
F6_BC66_191109_LF_LIB_consensus_vsearch	2795	A	*/-G	188	51	19.25%	2	2	93	93	2.2344914621597906E-17	1	1	124	64	17	34	-G
F6_BC66_191109_LF_LIB_consensus_vsearch	2796	G	G	216	2	0.91%	2	1	93	93	0.249425287356441	1	1	143	73	0	2	T
F6_BC66_191109_LF_LIB_consensus_vsearch	2797	G	G	270	1	0.37%	2	1	93	93	0.4999999999999138	1	1	160	110	0	1	+T
F6_BC66_191109_LF_LIB_consensus_vsearch	2798	G	G	270	1	0.37%	2	1	93	93	0.4999999999999138	1	1	160	110	1	0	+TT
F6_BC66_191109_LF_LIB_consensus_vsearch	2799	A	*/+T	259	7	2.57%	2	1	93	93	0.007506445843275869	1	1	161	98	0	7	+T
F6_BC66_191109_LF_LIB_consensus_vsearch	2800	C	Y	244	17	6.25%	2	1	93	93	5.829437124312315E-6	1	1	156	88	0	17	T
F6_BC66_191109_LF_LIB_consensus_vsearch	2801	G	K	255	7	2.57%	2	2	93	93	0.007501809679633719	1	1	153	102	3	4	T
F6_BC66_191109_LF_LIB_consensus_vsearch	2802	T	Y	258	7	2.59%	2	1	93	93	0.007505299821009934	1	1	161	97	0	7	C
F6_BC66_191109_LF_LIB_consensus_vsearch	2803	A	R	260	9	3.28%	2	2	93	93	0.0018247429645633383	1	1	160	100	3	6	G
F6_BC66_191109_LF_LIB_consensus_vsearch	2804	T	T	262	5	1.83%	2	1	93	93	0.030665352285866324	1	1	163	99	0	5	G
F6_BC66_191109_LF_LIB_consensus_vsearch	2805	T	T	264	5	1.82%	2	1	93	93	0.030669694912897477	1	1	161	103	0	5	C
F6_BC66_191109_LF_LIB_consensus_vsearch	2806	C	C	263	5	1.84%	2	1	93	93	0.030667531693296068	1	1	162	101	0	5	+T
F6_BC66_191109_LF_LIB_consensus_vsearch	2807	A	A	270	3	1.09%	2	1	93	93	0.12431192660547026	1	1	162	108	0	3	-T
F6_BC66_191109_LF_LIB_consensus_vsearch	2808	T	T	268	3	1.1%	2	2	93	93	0.12430683918669663	1	1	162	106	1	2	C
F6_BC66_191109_LF_LIB_consensus_vsearch	2809	C	C	266	5	1.82%	2	1	93	93	0.030673973504714284	1	1	156	110	5	0	+A
F6_BC66_191109_LF_LIB_consensus_vsearch	2810	G	G	262	5	1.83%	2	1	93	93	0.030665352285866324	1	1	153	109	5	0	T
F6_BC66_191109_LF_LIB_consensus_vsearch	2811	T	T	262	5	1.84%	2	2	93	93	0.030665352285866324	1	1	155	107	4	1	+G
F6_BC66_191109_LF_LIB_consensus_vsearch	2812	G	G	260	5	1.85%	2	2	93	93	0.030660944175210838	1	1	153	107	4	1	-A
F6_BC66_191109_LF_LIB_consensus_vsearch	2813	A	A	262	6	2.21%	2	2	93	93	0.015189380104217696	1	1	152	110	5	1	-G
F6_BC66_191109_LF_LIB_consensus_vsearch	2814	G	G	259	3	1.12%	2	1	93	93	0.12428298279160237	1	1	154	105	0	3	+AG
F6_BC66_191109_LF_LIB_consensus_vsearch	2815	T	T	265	6	2.21%	2	1	93	93	0.015194184268635263	1	1	160	105	0	6	C
F6_BC66_191109_LF_LIB_consensus_vsearch	2816	T	T	269	2	0.73%	2	2	93	93	0.24953789279111838	1	1	160	109	1	1	C
F6_BC66_191109_LF_LIB_consensus_vsearch	2817	G	G	272	1	0.36%	2	1	93	93	0.5000000000003686	1	1	162	110	1	0	+TG
F6_BC66_191109_LF_LIB_consensus_vsearch	2818	A	A	269	3	1.09%	2	2	93	93	0.12430939226523824	1	1	159	110	2	1	-TGA
F6_BC66_191109_LF_LIB_consensus_vsearch	2819	T	T	263	3	1.11%	2	2	93	93	0.12429378531094196	1	1	157	106	1	2	C
F6_BC66_191109_LF_LIB_consensus_vsearch	2820	G	G	266	1	0.37%	2	1	93	93	0.4999999999999138	1	1	160	106	0	1	+A
F6_BC66_191109_LF_LIB_consensus_vsearch	2821	A	A	261	3	1.11%	2	1	93	93	0.12428842504744599	1	1	158	103	0	3	+C
F6_BC66_191109_LF_LIB_consensus_vsearch	2822	C	C	265	5	1.83%	2	1	93	93	0.030671842124359663	1	1	161	104	0	5	-T
F6_BC66_191109_LF_LIB_consensus_vsearch	2823	T	*/-C	256	9	3.33%	2	2	93	93	0.0018228405600327687	1	1	159	97	1	8	-C
F6_BC66_191109_LF_LIB_consensus_vsearch	2824	C	C	260	4	1.5%	2	1	93	93	0.06178910273789233	1	1	156	104	4	0	-AC
F6_BC66_191109_LF_LIB_consensus_vsearch	2825	A	A	267	4	1.47%	2	2	93	93	0.061807482193030554	1	1	156	111	3	1	G
F6_BC66_191109_LF_LIB_consensus_vsearch	2826	C	C	264	2	0.74%	2	1	93	93	0.24952919020719036	1	1	153	111	2	0	+A
F6_BC66_191109_LF_LIB_consensus_vsearch	2827	G	G	269	4	1.46%	2	2	93	93	0.06181256019060895	1	1	158	111	3	1	-A
F6_BC66_191109_LF_LIB_consensus_vsearch	2828	A	A	264	4	1.47%	2	2	93	93	0.06179972295775155	1	1	157	107	2	2	-T
F6_BC66_191109_LF_LIB_consensus_vsearch	2829	T	T	263	5	1.85%	2	2	93	93	0.030667531693296068	1	1	158	105	1	4	C
F6_BC66_191109_LF_LIB_consensus_vsearch	2830	T	T	267	6	2.18%	2	2	93	93	0.015197328608558202	1	1	159	108	3	3	C
F6_BC66_191109_LF_LIB_consensus_vsearch	2831	A	R	258	13	4.73%	2	2	93	93	1.0534860479086726E-4	1	1	150	108	10	3	G
F6_BC66_191109_LF_LIB_consensus_vsearch	2832	C	*/+A	253	8	2.92%	2	1	93	93	0.0036993391596663746	1	1	148	105	8	0	+A
F6_BC66_191109_LF_LIB_consensus_vsearch	2833	A	A	266	2	0.74%	2	1	93	93	0.24953271028049737	1	1	159	107	2	0	+G
F6_BC66_191109_LF_LIB_consensus_vsearch	2834	A	*/-G	263	8	2.9%	2	2	93	93	0.003706880776381375	1	1	156	107	6	2	-G
F6_BC66_191109_LF_LIB_consensus_vsearch	2835	G	G	259	4	1.5%	2	1	93	93	0.061786397159329126	1	1	150	109	4	0	+A
F6_BC66_191109_LF_LIB_consensus_vsearch	2836	G	G	265	6	2.18%	2	1	93	93	0.015194184268635263	1	1	152	113	6	0	A
F6_BC66_191109_LF_LIB_consensus_vsearch	2837	C	Y	260	9	3.28%	2	2	93	93	0.0018247429645633383	1	1	156	104	1	8	T
F6_BC66_191109_LF_LIB_consensus_vsearch	2838	A	A	259	6	2.19%	2	2	93	93	0.015184467591539906	1	1	156	103	1	5	+T
F6_BC66_191109_LF_LIB_consensus_vsearch	2839	T	T	262	6	2.21%	2	1	93	93	0.015189380104217696	1	1	159	103	0	6	+C
F6_BC66_191109_LF_LIB_consensus_vsearch	2840	T	T	255	6	2.21%	2	2	93	93	0.01517774260134363	1	1	153	102	2	4	+C
F6_BC66_191109_LF_LIB_consensus_vsearch	2841	C	C	256	5	1.87%	2	1	93	93	0.03065192548788321	1	1	156	100	0	5	+T
F6_BC66_191109_LF_LIB_consensus_vsearch	2842	C	C	264	5	1.82%	2	1	93	93	0.030669694912897477	1	1	159	105	0	5	T
F6_BC66_191109_LF_LIB_consensus_vsearch	2843	A	A	271	1	0.36%	2	1	93	93	0.4999999999999138	1	1	161	110	0	1	+G
F6_BC66_191109_LF_LIB_consensus_vsearch	2844	T	T	268	4	1.46%	2	2	93	93	0.061810030534865154	1	1	161	107	1	3	C
F6_BC66_191109_LF_LIB_consensus_vsearch	2845	G	G	270	2	0.73%	2	1	93	93	0.2495395948434138	1	1	162	108	0	2	-T
F6_BC66_191109_LF_LIB_consensus_vsearch	2846	T	T	261	6	2.21%	2	2	93	93	0.015187754818318031	1	1	160	101	2	4	C
F6_BC66_191109_LF_LIB_consensus_vsearch	2847	T	T	269	3	1.09%	2	1	93	93	0.12430939226523824	1	1	160	109	0	3	-C
F6_BC66_191109_LF_LIB_consensus_vsearch	2848	C	*/-A	259	8	2.94%	2	2	93	93	0.003703931063382389	1	1	152	107	7	1	-A
F6_BC66_191109_LF_LIB_consensus_vsearch	2849	A	A	260	1	0.38%	2	1	93	93	0.4999999999999138	1	1	150	110	1	0	-C
F6_BC66_191109_LF_LIB_consensus_vsearch	2850	C	Y	257	7	2.59%	2	1	93	93	0.007504145184876668	1	1	147	110	7	0	T
F6_BC66_191109_LF_LIB_consensus_vsearch	2851	G	G	267	4	1.45%	2	1	93	93	0.061807482193030554	1	1	158	109	4	0	-A
F6_BC66_191109_LF_LIB_consensus_vsearch	2852	A	A	261	5	1.85%	2	2	93	93	0.03066315650820783	1	1	151	110	4	1	-G
F6_BC66_191109_LF_LIB_consensus_vsearch	2853	G	G	266	1	0.37%	2	1	93	93	0.4999999999999138	1	1	158	108	1	0	+AGG
F6_BC66_191109_LF_LIB_consensus_vsearch	2854	C	C	270	1	0.36%	2	1	93	93	0.4999999999999138	1	1	160	110	1	0	+A
F6_BC66_191109_LF_LIB_consensus_vsearch	2855	A	A	269	2	0.73%	2	1	93	93	0.24953789279111838	1	1	157	112	2	0	G
F6_BC66_191109_LF_LIB_consensus_vsearch	2856	C	C	269	2	0.73%	2	1	93	93	0.24953789279111838	1	1	159	110	0	2	-A
F6_BC66_191109_LF_LIB_consensus_vsearch	2857	A	R	260	10	3.65%	2	1	93	93	8.97137079051494E-4	1	1	149	111	10	0	G
F6_BC66_191109_LF_LIB_consensus_vsearch	2858	G	G	272	2	0.73%	2	1	93	93	0.2495429616087481	1	1	160	112	2	0	+A
F6_BC66_191109_LF_LIB_consensus_vsearch	2859	T	T	271	2	0.73%	2	1	93	93	0.24954128440383208	1	1	160	111	2	0	C
F6_BC66_191109_LF_LIB_consensus_vsearch	2860	T	*/-C	254	20	7.25%	2	2	93	93	6.656293236362204E-7	1	1	143	111	18	2	-C
F6_BC66_191109_LF_LIB_consensus_vsearch	2861	C	C	255	1	0.39%	2	1	93	93	0.4999999999999138	1	1	144	111	1	0	T
F6_BC66_191109_LF_LIB_consensus_vsearch	2862	C	C	269	2	0.72%	2	2	93	93	0.24953789279111838	1	1	160	109	1	1	+A
F6_BC66_191109_LF_LIB_consensus_vsearch	2863	A	A	265	4	1.47%	2	2	93	93	0.06180232861697055	1	1	159	106	1	3	-G
F6_BC66_191109_LF_LIB_consensus_vsearch	2864	G	G	269	1	0.37%	2	1	93	93	0.4999999999999138	1	1	161	108	1	0	T
F6_BC66_191109_LF_LIB_consensus_vsearch	2865	T	T	265	6	2.18%	2	2	93	93	0.015194184268635263	1	1	158	107	3	3	C
F6_BC66_191109_LF_LIB_consensus_vsearch	2866	G	G	266	2	0.73%	2	1	93	93	0.24953271028049737	1	1	158	108	0	2	+C
F6_BC66_191109_LF_LIB_consensus_vsearch	2867	C	C	263	3	1.11%	2	1	93	93	0.12429378531094196	1	1	158	105	0	3	+GC
F6_BC66_191109_LF_LIB_consensus_vsearch	2868	T	*/+C	260	7	2.57%	2	1	93	93	0.0075075833477063125	1	1	153	107	7	0	+C
F6_BC66_191109_LF_LIB_consensus_vsearch	2869	C	C	261	4	1.48%	2	1	93	93	0.06179178787806501	1	1	158	103	0	4	+G
F6_BC66_191109_LF_LIB_consensus_vsearch	2870	G	G	271	3	1.09%	2	1	93	93	0.12431444241326345	1	1	160	111	3	0	-A
F6_BC66_191109_LF_LIB_consensus_vsearch	2871	A	A	267	2	0.74%	2	1	93	93	0.24953445065180796	1	1	157	110	2	0	-T
F6_BC66_191109_LF_LIB_consensus_vsearch	2872	T	*/-C	211	58	21.17%	2	2	93	93	1.1031394700454835E-19	1	1	133	78	24	34	-C
F6_BC66_191109_LF_LIB_consensus_vsearch	2873	C	C	213	1	0.47%	2	1	93	93	0.4999999999999138	1	1	136	77	0	1	+TT
F6_BC66_191109_LF_LIB_consensus_vsearch	2874	C	C	271	2	0.73%	2	1	93	93	0.24954128440383208	1	1	160	111	0	2	T
F6_BC66_191109_LF_LIB_consensus_vsearch	2875	C	Y	238	29	10.58%	2	1	93	93	8.339409306171493E-10	1	1	157	81	0	29	T
F6_BC66_191109_LF_LIB_consensus_vsearch	2876	C	C	269	4	1.45%	2	2	93	93	0.06181256019060895	1	1	161	108	2	2	T
F6_BC66_191109_LF_LIB_consensus_vsearch	2877	A	W	259	7	2.55%	2	2	93	93	0.007506445843275869	1	1	155	104	2	5	T
F6_BC66_191109_LF_LIB_consensus_vsearch	2878	G	R	240	24	8.92%	2	1	93	93	3.448277102311292E-8	1	1	132	108	24	0	A
F6_BC66_191109_LF_LIB_consensus_vsearch	2879	C	*/-A	242	7	2.6%	2	1	93	93	0.007485722003053852	1	1	137	105	7	0	-A
F6_BC66_191109_LF_LIB_consensus_vsearch	2880	A	A	254	1	0.39%	2	1	93	93	0.4999999999999138	1	1	146	108	0	1	+T
F6_BC66_191109_LF_LIB_consensus_vsearch	2881	C	Y	252	8	2.99%	2	2	93	93	0.003698553505001527	1	1	146	106	4	4	T
F6_BC66_191109_LF_LIB_consensus_vsearch	2882	G	G	267	3	1.1%	2	1	93	93	0.12430426716151294	1	1	157	110	3	0	-A
F6_BC66_191109_LF_LIB_consensus_vsearch	2883	A	A	264	2	0.74%	2	2	93	93	0.24952919020719036	1	1	154	110	1	1	-T
F6_BC66_191109_LF_LIB_consensus_vsearch	2884	T	T	269	1	0.37%	2	1	93	93	0.4999999999999138	1	1	158	111	1	0	+C
F6_BC66_191109_LF_LIB_consensus_vsearch	2885	G	G	268	3	1.09%	2	2	93	93	0.12430683918669663	1	1	159	109	2	1	A
F6_BC66_191109_LF_LIB_consensus_vsearch	2886	C	C	268	3	1.1%	2	2	93	93	0.12430683918669663	1	1	160	108	2	1	T
F6_BC66_191109_LF_LIB_consensus_vsearch	2887	A	A	269	5	1.82%	2	1	93	93	0.030680274390748198	1	1	158	111	5	0	G
F6_BC66_191109_LF_LIB_consensus_vsearch	2888	G	*/-C	258	10	3.62%	2	1	93	93	8.96559014408215E-4	1	1	159	99	0	10	-C
F6_BC66_191109_LF_LIB_consensus_vsearch	2889	C	C	263	1	0.38%	2	1	93	93	0.4999999999999138	1	1	163	100	0	1	+GC
F6_BC66_191109_LF_LIB_consensus_vsearch	2890	C	C	271	2	0.72%	2	1	93	93	0.24954128440383208	1	1	162	109	0	2	-TC
F6_BC66_191109_LF_LIB_consensus_vsearch	2891	T	T	268	2	0.73%	2	1	93	93	0.24953617810762627	1	1	161	107	0	2	-C
F6_BC66_191109_LF_LIB_consensus_vsearch	2892	C	C	257	6	2.21%	2	1	93	93	0.015181130565948187	1	1	150	107	6	0	-A
F6_BC66_191109_LF_LIB_consensus_vsearch	2893	A	A	250	5	1.87%	2	1	93	93	0.030637867497453432	1	1	140	110	5	0	+CC
F6_BC66_191109_LF_LIB_consensus_vsearch	2894	C	C	257	6	2.21%	2	2	93	93	0.015181130565948187	1	1	147	110	5	1	T
F6_BC66_191109_LF_LIB_consensus_vsearch	2895	A	R	235	15	5.56%	2	2	93	93	2.4581621480239413E-5	1	1	138	97	14	1	G
F6_BC66_191109_LF_LIB_consensus_vsearch	2896	G	G	256	2	0.77%	2	1	93	93	0.24951456310670525	1	1	153	103	2	0	A
F6_BC66_191109_LF_LIB_consensus_vsearch	2897	G	G	265	5	1.82%	2	1	93	93	0.030671842124359663	1	1	153	112	5	0	-A
F6_BC66_191109_LF_LIB_consensus_vsearch	2898	A	A	261	5	1.87%	2	2	93	93	0.03066315650820783	1	1	151	110	3	2	-T
F6_BC66_191109_LF_LIB_consensus_vsearch	2899	T	T	264	1	0.37%	2	1	93	93	0.4999999999999138	1	1	154	110	0	1	A
F6_BC66_191109_LF_LIB_consensus_vsearch	2900	T	T	266	3	1.09%	2	2	93	93	0.1243016759777629	1	1	155	111	2	1	-A
F6_BC66_191109_LF_LIB_consensus_vsearch	2901	A	R	244	13	4.81%	2	2	93	93	1.0448545579776443E-4	1	1	136	108	12	1	G
F6_BC66_191109_LF_LIB_consensus_vsearch	2902	C	*/+T	248	9	3.41%	2	1	93	93	0.0018188615104327871	1	1	151	97	0	9	+T
F6_BC66_191109_LF_LIB_consensus_vsearch	2903	C	C	261	3	1.1%	2	1	93	93	0.12428842504744599	1	1	155	106	0	3	+T
F6_BC66_191109_LF_LIB_consensus_vsearch	2904	C	Y	259	11	3.99%	2	2	93	93	4.40104982176298E-4	1	1	158	101	2	9	T
F6_BC66_191109_LF_LIB_consensus_vsearch	2905	A	A	261	5	1.82%	2	2	93	93	0.03066315650820783	1	1	156	105	1	4	T
F6_BC66_191109_LF_LIB_consensus_vsearch	2906	G	*/-C	255	8	2.94%	2	2	93	93	0.003700892775288906	1	1	154	101	2	6	-C
F6_BC66_191109_LF_LIB_consensus_vsearch	2907	C	*/+T	247	11	4.14%	2	1	93	93	4.3793947047224713E-4	1	1	156	91	0	11	+T
F6_BC66_191109_LF_LIB_consensus_vsearch	2908	C	C	266	6	2.18%	2	1	93	93	0.015195762196627145	1	1	161	105	0	6	T
F6_BC66_191109_LF_LIB_consensus_vsearch	2909	C	*/+T	259	8	2.9%	2	2	93	93	0.003703931063382389	1	1	160	99	1	7	+T
F6_BC66_191109_LF_LIB_consensus_vsearch	2910	T	*/-C	249	18	6.67%	2	1	93	93	2.8365267850711223E-6	1	1	159	90	0	18	-C
F6_BC66_191109_LF_LIB_consensus_vsearch	2911	C	*/-TC	231	16	6.2%	2	2	93	93	1.1873730197672824E-5	1	1	152	79	8	8	-TC
F6_BC66_191109_LF_LIB_consensus_vsearch	2912	T	*/+C	229	15	6%	2	1	93	93	2.4447196886404097E-5	1	1	132	97	15	0	+C
F6_BC66_191109_LF_LIB_consensus_vsearch	2913	C	*/-G	236	10	3.88%	2	2	93	93	8.895970379003203E-4	1	1	143	93	1	9	-G
F6_BC66_191109_LF_LIB_consensus_vsearch	2914	G	G	258	3	1.14%	2	1	93	93	0.12428023032618613	1	1	157	101	3	0	A
F6_BC66_191109_LF_LIB_consensus_vsearch	2915	G	G	268	3	1.09%	2	1	93	93	0.12430683918669663	1	1	157	111	3	0	-AA
F6_BC66_191109_LF_LIB_consensus_vsearch	2916	A	A	266	4	1.48%	2	2	93	93	0.06180491495741971	1	1	154	112	3	1	G
F6_BC66_191109_LF_LIB_consensus_vsearch	2917	A	A	270	2	0.73%	2	2	93	93	0.2495395948434138	1	1	159	111	1	1	G
F6_BC66_191109_LF_LIB_consensus_vsearch	2918	T	*/+G	255	7	2.55%	2	1	93	93	0.007501809679633719	1	1	146	109	7	0	+G
F6_BC66_191109_LF_LIB_consensus_vsearch	2919	A	*/-G	248	8	2.99%	2	2	93	93	0.0036953503162476236	1	1	143	105	6	2	-G
F6_BC66_191109_LF_LIB_consensus_vsearch	2920	G	G	266	1	0.37%	2	1	93	93	0.4999999999999138	1	1	156	110	1	0	+T
F6_BC66_191109_LF_LIB_consensus_vsearch	2921	G	G	271	1	0.36%	2	1	93	93	0.4999999999999138	1	1	159	112	1	0	+CCC
F6_BC66_191109_LF_LIB_consensus_vsearch	2922	T	T	268	2	0.73%	2	2	93	93	0.24953617810762627	1	1	158	110	1	1	+G
F6_BC66_191109_LF_LIB_consensus_vsearch	2923	G	*/-A	265	7	2.55%	2	2	93	93	0.00751314636487435	1	1	155	110	6	1	-A
F6_BC66_191109_LF_LIB_consensus_vsearch	2924	A	A	260	4	1.49%	2	2	93	93	0.06178910273789233	1	1	152	108	1	3	G
F6_BC66_191109_LF_LIB_consensus_vsearch	2925	A	A	263	6	2.17%	2	1	93	93	0.015190993352737225	1	1	155	108	6	0	G
F6_BC66_191109_LF_LIB_consensus_vsearch	2926	T	T	270	1	0.37%	2	1	93	93	0.4999999999999138	1	1	160	110	1	0	+CT
F6_BC66_191109_LF_LIB_consensus_vsearch	2927	G	*/-C	257	11	4.03%	2	2	93	93	4.3975708311224564E-4	1	1	149	108	10	1	-C
F6_BC66_191109_LF_LIB_consensus_vsearch	2928	C	C	258	2	0.76%	2	2	93	93	0.24951830443137643	1	1	149	109	1	1	+TT
F6_BC66_191109_LF_LIB_consensus_vsearch	2929	C	C	268	2	0.73%	2	1	93	93	0.24953617810762627	1	1	160	108	0	2	T
F6_BC66_191109_LF_LIB_consensus_vsearch	2930	C	C	272	2	0.73%	2	1	93	93	0.2495429616087481	1	1	162	110	0	2	T
F6_BC66_191109_LF_LIB_consensus_vsearch	2931	A	A	268	3	1.09%	2	1	93	93	0.12430683918669663	1	1	158	110	0	3	-T
F6_BC66_191109_LF_LIB_consensus_vsearch	2932	T	T	271	1	0.37%	2	1	93	93	0.4999999999999138	1	1	161	110	1	0	C
F6_BC66_191109_LF_LIB_consensus_vsearch	2933	T	T	270	4	1.45%	2	2	93	93	0.06181507136518779	1	1	162	108	1	3	C
F6_BC66_191109_LF_LIB_consensus_vsearch	2934	G	*/+T	268	8	2.9%	2	1	93	93	0.003710449152927439	1	1	163	105	0	8	+T
F6_BC66_191109_LF_LIB_consensus_vsearch	2935	T	T	269	1	0.36%	2	1	93	93	0.4999999999999138	1	1	159	110	0	1	+C
F6_BC66_191109_LF_LIB_consensus_vsearch	2936	C	*/-T	266	7	2.55%	2	1	93	93	0.0075142347009056415	1	1	162	104	0	7	-T
F6_BC66_191109_LF_LIB_consensus_vsearch	2937	T	T	260	4	1.49%	2	2	93	93	0.06178910273789233	1	1	159	101	1	3	C
F6_BC66_191109_LF_LIB_consensus_vsearch	2938	G	G	272	2	0.73%	2	1	93	93	0.2495429616087481	1	1	160	112	2	0	+C
F6_BC66_191109_LF_LIB_consensus_vsearch	2939	C	Y	265	11	3.99%	2	2	93	93	4.411194026977277E-4	1	1	162	103	1	10	T
F6_BC66_191109_LF_LIB_consensus_vsearch	2940	A	A	274	1	0.36%	2	1	93	93	0.4999999999999138	1	1	163	111	0	1	-T
F6_BC66_191109_LF_LIB_consensus_vsearch	2941	T	*/+C	253	19	6.91%	2	2	93	93	1.3774622345546545E-6	1	1	145	108	18	1	+C
F6_BC66_191109_LF_LIB_consensus_vsearch	2942	C	C	265	4	1.45%	2	1	93	93	0.06180232861697055	1	1	157	108	4	0	+A
F6_BC66_191109_LF_LIB_consensus_vsearch	2943	A	A	268	2	0.74%	2	1	93	93	0.24953617810762627	1	1	162	106	0	2	G
F6_BC66_191109_LF_LIB_consensus_vsearch	2944	G	G	266	4	1.46%	2	1	93	93	0.06180491495741971	1	1	156	110	4	0	T
F6_BC66_191109_LF_LIB_consensus_vsearch	2945	T	T	262	5	1.81%	2	2	93	93	0.030665352285866324	1	1	158	104	2	3	+A
F6_BC66_191109_LF_LIB_consensus_vsearch	2946	G	G	265	2	0.73%	2	2	93	93	0.2495309568482648	1	1	158	107	1	1	+C
F6_BC66_191109_LF_LIB_consensus_vsearch	2947	T	Y	250	9	3.32%	2	2	93	93	0.0018198788774539596	1	1	155	95	2	7	C
F6_BC66_191109_LF_LIB_consensus_vsearch	2948	A	R	246	10	3.66%	2	2	93	93	8.92905972782949E-4	1	1	146	100	9	1	G
F6_BC66_191109_LF_LIB_consensus_vsearch	2949	G	G	254	3	1.12%	2	1	93	93	0.12426900584791233	1	1	151	103	3	0	A
F6_BC66_191109_LF_LIB_consensus_vsearch	2950	C	C	260	3	1.11%	2	2	93	93	0.12428571428582305	1	1	156	104	2	1	-G
F6_BC66_191109_LF_LIB_consensus_vsearch	2951	G	*/-CG	250	9	3.35%	2	2	93	93	0.0018198788774539596	1	1	152	98	1	8	-CG
F6_BC66_191109_LF_LIB_consensus_vsearch	2952	C	C	253	3	1.14%	2	2	93	93	0.124266144814075	1	1	155	98	1	2	T
F6_BC66_191109_LF_LIB_consensus_vsearch	2953	G	*/+CG	118	117	44.32%	2	2	93	93	1.9259841900122382E-44	1	1	64	54	74	43	+CG
F6_BC66_191109_LF_LIB_consensus_vsearch	2954	T	Y	254	13	4.8%	2	2	93	93	1.0511074343687666E-4	1	1	150	104	10	3	C
F6_BC66_191109_LF_LIB_consensus_vsearch	2955	G	G	248	5	1.85%	2	1	93	93	0.030633033482245435	1	1	148	100	5	0	+TA
F6_BC66_191109_LF_LIB_consensus_vsearch	2956	C	Y	242	9	3.36%	2	2	93	93	0.00181571404902803	1	1	150	92	4	5	T
F6_BC66_191109_LF_LIB_consensus_vsearch	2957	G	R	251	7	2.68%	2	1	93	93	0.007497030913500092	1	1	150	101	7	0	A
F6_BC66_191109_LF_LIB_consensus_vsearch	2958	G	*/-C	246	13	4.76%	2	2	93	93	1.0461416751144055E-4	1	1	138	108	12	1	-C
F6_BC66_191109_LF_LIB_consensus_vsearch	2959	C	*/+T	249	9	3.45%	2	1	93	93	0.0018193721277701645	1	1	146	103	0	9	+T
F6_BC66_191109_LF_LIB_consensus_vsearch	2960	C	C	268	5	1.82%	2	1	93	93	0.030678189467263802	1	1	155	113	5	0	T
F6_BC66_191109_LF_LIB_consensus_vsearch	2961	C	Y	263	8	2.9%	2	2	93	93	0.003706880776381375	1	1	156	107	3	5	T
F6_BC66_191109_LF_LIB_consensus_vsearch	2962	A	*/-G	253	9	3.3%	2	1	93	93	0.0018213763549018416	1	1	153	100	0	9	-G
F6_BC66_191109_LF_LIB_consensus_vsearch	2963	G	G	263	2	0.75%	2	2	93	93	0.24952741020799885	1	1	161	102	1	1	+A
F6_BC66_191109_LF_LIB_consensus_vsearch	2964	G	G	273	1	0.36%	2	1	93	93	0.4999999999999138	1	1	160	113	1	0	-A
F6_BC66_191109_LF_LIB_consensus_vsearch	2965	A	A	265	4	1.46%	2	2	93	93	0.06180232861697055	1	1	155	110	3	1	G
F6_BC66_191109_LF_LIB_consensus_vsearch	2966	C	C	270	3	1.09%	2	1	93	93	0.12431192660547026	1	1	161	109	0	3	T
F6_BC66_191109_LF_LIB_consensus_vsearch	2967	A	A	264	5	1.83%	2	2	93	93	0.030669694912897477	1	1	155	109	4	1	G
F6_BC66_191109_LF_LIB_consensus_vsearch	2968	T	T	265	5	1.83%	2	1	93	93	0.030671842124359663	1	1	156	109	5	0	+C
F6_BC66_191109_LF_LIB_consensus_vsearch	2969	C	C	267	6	2.17%	2	2	93	93	0.015197328608558202	1	1	159	108	3	3	-T
F6_BC66_191109_LF_LIB_consensus_vsearch	2970	T	*/+A	249	9	3.35%	2	1	93	93	0.0018193721277701645	1	1	143	106	9	0	+A
F6_BC66_191109_LF_LIB_consensus_vsearch	2971	A	A	260	2	0.75%	2	2	93	93	0.2495219885277623	1	1	154	106	1	1	+G
F6_BC66_191109_LF_LIB_consensus_vsearch	2972	A	*/-G	243	11	4%	2	2	93	93	4.3717375701073373E-4	1	1	147	96	5	6	-G
F6_BC66_191109_LF_LIB_consensus_vsearch	2973	G	G	257	3	1.15%	2	1	93	93	0.12427745664727831	1	1	153	104	3	0	+A
F6_BC66_191109_LF_LIB_consensus_vsearch	2974	G	G	267	3	1.1%	2	1	93	93	0.12430426716151294	1	1	158	109	3	0	A
F6_BC66_191109_LF_LIB_consensus_vsearch	2975	G	G	272	1	0.36%	2	1	93	93	0.5000000000003686	1	1	162	110	0	1	-C
F6_BC66_191109_LF_LIB_consensus_vsearch	2976	C	C	268	5	1.82%	2	1	93	93	0.030678189467263802	1	1	161	107	0	5	T
F6_BC66_191109_LF_LIB_consensus_vsearch	2977	A	A	270	2	0.73%	2	1	93	93	0.2495395948434138	1	1	159	111	2	0	G
F6_BC66_191109_LF_LIB_consensus_vsearch	2978	T	T	271	2	0.73%	2	1	93	93	0.24954128440383208	1	1	160	111	2	0	G
F6_BC66_191109_LF_LIB_consensus_vsearch	2979	C	C	266	4	1.45%	2	2	93	93	0.06180491495741971	1	1	157	109	3	1	-A
F6_BC66_191109_LF_LIB_consensus_vsearch	2980	A	A	257	5	1.85%	2	2	93	93	0.03065420595045833	1	1	150	107	3	2	G
F6_BC66_191109_LF_LIB_consensus_vsearch	2981	C	C	269	3	1.09%	2	2	93	93	0.12430939226523824	1	1	157	112	2	1	T
F6_BC66_191109_LF_LIB_consensus_vsearch	2982	A	A	265	4	1.45%	2	2	93	93	0.06180232861697055	1	1	155	110	3	1	-G
F6_BC66_191109_LF_LIB_consensus_vsearch	2983	G	G	267	1	0.37%	2	1	93	93	0.5000000000003686	1	1	157	110	1	0	+A
F6_BC66_191109_LF_LIB_consensus_vsearch	2984	A	A	263	5	1.82%	2	2	93	93	0.030667531693296068	1	1	157	106	2	3	+C
F6_BC66_191109_LF_LIB_consensus_vsearch	2985	C	C	270	2	0.74%	2	1	93	93	0.2495395948434138	1	1	160	110	0	2	T
F6_BC66_191109_LF_LIB_consensus_vsearch	2986	C	C	273	1	0.36%	2	1	93	93	0.4999999999999138	1	1	162	111	0	1	-T
F6_BC66_191109_LF_LIB_consensus_vsearch	2987	T	Y	257	8	2.93%	2	2	93	93	0.0037024232386659835	1	1	160	97	1	7	C
F6_BC66_191109_LF_LIB_consensus_vsearch	2988	G	G	264	5	1.84%	2	1	93	93	0.030669694912897477	1	1	156	108	5	0	-T
F6_BC66_191109_LF_LIB_consensus_vsearch	2989	T	T	259	3	1.12%	2	1	93	93	0.12428298279160237	1	1	153	106	0	3	A
F6_BC66_191109_LF_LIB_consensus_vsearch	2990	T	*/-A	241	19	6.93%	2	1	93	93	1.3561639340408357E-6	1	1	134	107	19	0	-A
F6_BC66_191109_LF_LIB_consensus_vsearch	2991	A	A	235	5	2.03%	2	2	93	93	0.030599650739886693	1	1	130	105	3	2	G
F6_BC66_191109_LF_LIB_consensus_vsearch	2992	T	K	238	19	7.25%	2	1	93	93	1.3505722090443434E-6	1	1	133	105	19	0	G
F6_BC66_191109_LF_LIB_consensus_vsearch	2993	T	T	256	2	0.76%	2	1	93	93	0.24951456310670525	1	1	149	107	0	2	A
F6_BC66_191109_LF_LIB_consensus_vsearch	2994	G	*/-C	248	15	5.51%	2	2	93	93	2.485346012865692E-5	1	1	150	98	6	9	-C
F6_BC66_191109_LF_LIB_consensus_vsearch	2995	C	Y	248	7	2.72%	2	1	93	93	0.007493349252391194	1	1	155	93	0	7	T
F6_BC66_191109_LF_LIB_consensus_vsearch	2996	C	Y	213	32	11.72%	2	2	93	93	7.885981539539215E-11	1	1	153	60	1	31	T
F6_BC66_191109_LF_LIB_consensus_vsearch	2997	A	W	236	9	3.57%	2	1	93	93	0.0018124155419458562	1	1	155	81	0	9	T
F6_BC66_191109_LF_LIB_consensus_vsearch	2998	A	R	245	13	4.78%	2	2	93	93	1.0455004755959254E-4	1	1	154	91	3	10	G
F6_BC66_191109_LF_LIB_consensus_vsearch	2999	G	G	257	5	1.88%	2	1	93	93	0.03065420595045833	1	1	154	103	5	0	A
F6_BC66_191109_LF_LIB_consensus_vsearch	3000	C	C	265	4	1.46%	2	1	93	93	0.06180232861697055	1	1	161	104	0	4	T
F6_BC66_191109_LF_LIB_consensus_vsearch	3001	A	*/-C	259	7	2.56%	2	2	93	93	0.007506445843275869	1	1	158	101	2	5	-C
F6_BC66_191109_LF_LIB_consensus_vsearch	3002	C	C	262	1	0.38%	2	1	93	93	0.5000000000003686	1	1	159	103	0	1	+T
F6_BC66_191109_LF_LIB_consensus_vsearch	3003	C	Y	263	8	2.9%	2	1	93	93	0.003706880776381375	1	1	162	101	0	8	T
F6_BC66_191109_LF_LIB_consensus_vsearch	3004	T	T	265	4	1.47%	2	2	93	93	0.06180232861697055	1	1	158	107	3	1	-C
F6_BC66_191109_LF_LIB_consensus_vsearch	3005	C	C	270	1	0.37%	2	1	93	93	0.4999999999999138	1	1	160	110	0	1	+A
F6_BC66_191109_LF_LIB_consensus_vsearch	3006	C	C	271	2	0.72%	2	1	93	93	0.24954128440383208	1	1	163	108	0	2	-A
F6_BC66_191109_LF_LIB_consensus_vsearch	3007	A	A	266	3	1.1%	2	2	93	93	0.1243016759777629	1	1	160	106	2	1	G
F6_BC66_191109_LF_LIB_consensus_vsearch	3008	C	*/-AC	255	12	4.38%	2	1	93	93	2.151678747999977E-4	1	1	149	106	12	0	-AC
F6_BC66_191109_LF_LIB_consensus_vsearch	3009	A	*/-CC	213	20	7.69%	2	1	93	93	6.23067936136875E-7	1	1	134	79	0	20	-CC
F6_BC66_191109_LF_LIB_consensus_vsearch	3010	C	C	212	5	2.24%	2	1	93	93	0.030530802741347875	1	1	138	74	0	5	+T
F6_BC66_191109_LF_LIB_consensus_vsearch	3011	C	*/+T	237	8	3.17%	2	1	93	93	0.003686009667588161	1	1	156	81	0	8	+T
F6_BC66_191109_LF_LIB_consensus_vsearch	3012	C	*/-T	247	8	2.94%	2	2	93	93	0.0036945340250354765	1	1	146	101	3	5	-T
F6_BC66_191109_LF_LIB_consensus_vsearch	3013	T	W	243	9	3.47%	2	1	93	93	0.001816248829692974	1	1	138	105	9	0	A
F6_BC66_191109_LF_LIB_consensus_vsearch	3014	T	T	257	6	2.23%	2	2	93	93	0.015181130565948187	1	1	148	109	5	1	C
F6_BC66_191109_LF_LIB_consensus_vsearch	3015	A	A	268	1	0.37%	2	1	93	93	0.5000000000003686	1	1	157	111	0	1	+CAC
F6_BC66_191109_LF_LIB_consensus_vsearch	3016	A	A	263	6	2.19%	2	1	93	93	0.015190993352737225	1	1	152	111	6	0	G
F6_BC66_191109_LF_LIB_consensus_vsearch	3017	C	*/-G	231	35	12.92%	2	2	93	93	8.79277967415468E-12	1	1	136	95	19	16	-G
F6_BC66_191109_LF_LIB_consensus_vsearch	3018	G	R	223	7	2.95%	2	1	93	93	0.007458967428082863	1	1	127	96	7	0	A
F6_BC66_191109_LF_LIB_consensus_vsearch	3019	G	G	265	3	1.09%	2	1	93	93	0.12429906542060956	1	1	153	112	3	0	T
F6_BC66_191109_LF_LIB_consensus_vsearch	3020	G	K	262	8	2.91%	2	1	93	93	0.0037061514394952193	1	1	153	109	8	0	T
F6_BC66_191109_LF_LIB_consensus_vsearch	3021	T	T	270	1	0.37%	2	1	93	93	0.4999999999999138	1	1	162	108	0	1	+AA
F6_BC66_191109_LF_LIB_consensus_vsearch	3022	G	G	262	4	1.48%	2	2	93	93	0.06179445281046573	1	1	155	107	2	2	-C
F6_BC66_191109_LF_LIB_consensus_vsearch	3023	C	C	269	1	0.37%	2	1	93	93	0.4999999999999138	1	1	158	111	1	0	+ACTTGC
F6_BC66_191109_LF_LIB_consensus_vsearch	3024	C	Y	257	10	3.64%	2	2	93	93	8.962668170105445E-4	1	1	159	98	1	9	T
F6_BC66_191109_LF_LIB_consensus_vsearch	3025	G	G	265	2	0.74%	2	1	93	93	0.2495309568482648	1	1	158	107	2	0	A
F6_BC66_191109_LF_LIB_consensus_vsearch	3026	G	G	267	5	1.81%	2	2	93	93	0.030676089228361576	1	1	158	109	4	1	A
F6_BC66_191109_LF_LIB_consensus_vsearch	3027	T	*/-C	225	20	7.35%	2	2	93	93	6.367526990821138E-7	1	1	134	91	5	15	-C
F6_BC66_191109_LF_LIB_consensus_vsearch	3028	C	C	235	1	0.42%	2	1	93	93	0.4999999999999138	1	1	143	92	0	1	T
F6_BC66_191109_LF_LIB_consensus_vsearch	3029	C	C	255	1	0.39%	2	1	93	93	0.4999999999999138	1	1	147	108	0	1	+TT
F6_BC66_191109_LF_LIB_consensus_vsearch	3030	C	Y	244	16	5.86%	2	2	93	93	1.202826432383446E-5	1	1	157	87	1	15	T
F6_BC66_191109_LF_LIB_consensus_vsearch	3031	C	Y	221	25	9.09%	2	2	93	93	1.5683071663758607E-8	1	1	131	90	20	5	T
F6_BC66_191109_LF_LIB_consensus_vsearch	3032	A	A	242	6	2.36%	2	2	93	93	0.015154394442017034	1	1	153	89	1	5	T
F6_BC66_191109_LF_LIB_consensus_vsearch	3033	A	A	249	6	2.23%	2	1	93	93	0.015167261137354384	1	1	158	91	0	6	G
F6_BC66_191109_LF_LIB_consensus_vsearch	3034	G	K	255	9	3.37%	2	1	93	93	0.0018223561198992344	1	1	158	97	0	9	T
F6_BC66_191109_LF_LIB_consensus_vsearch	3035	G	G	266	4	1.47%	2	2	93	93	0.06180491495741971	1	1	159	107	2	2	-C
F6_BC66_191109_LF_LIB_consensus_vsearch	3036	C	*/-GC	248	10	3.72%	2	2	93	93	8.935377905624525E-4	1	1	155	93	1	9	-GC
F6_BC66_191109_LF_LIB_consensus_vsearch	3037	G	G	250	5	1.9%	2	2	93	93	0.030637867497453432	1	1	156	94	2	3	-C
F6_BC66_191109_LF_LIB_consensus_vsearch	3038	C	*/-A	220	20	7.72%	2	2	93	93	6.311884019848156E-7	1	1	137	83	16	4	-A
F6_BC66_191109_LF_LIB_consensus_vsearch	3039	A	A	241	3	1.21%	2	1	93	93	0.1242299794660452	1	1	141	100	3	0	G
F6_BC66_191109_LF_LIB_consensus_vsearch	3040	A	A	262	2	0.74%	2	2	93	93	0.24952561669824413	1	1	156	106	1	1	+G
F6_BC66_191109_LF_LIB_consensus_vsearch	3041	G	*/-A	247	8	2.94%	2	1	93	93	0.0036945340250354765	1	1	138	109	8	0	-A
F6_BC66_191109_LF_LIB_consensus_vsearch	3042	A	A	251	3	1.16%	2	1	93	93	0.12426035502961323	1	1	140	111	3	0	+GA
F6_BC66_191109_LF_LIB_consensus_vsearch	3043	A	A	265	2	0.75%	2	1	93	93	0.2495309568482648	1	1	153	112	2	0	-G
F6_BC66_191109_LF_LIB_consensus_vsearch	3044	G	G	258	3	1.12%	2	1	93	93	0.12428023032618613	1	1	146	112	3	0	-A
F6_BC66_191109_LF_LIB_consensus_vsearch	3045	A	A	263	4	1.48%	2	2	93	93	0.06179709776251344	1	1	153	110	3	1	G
F6_BC66_191109_LF_LIB_consensus_vsearch	3046	G	G	271	0	0%	2	0	93	0	1.0	1	0	160	111	0	0	
F6_BC66_191109_LF_LIB_consensus_vsearch	3047	C	C	267	4	1.46%	2	1	93	93	0.061807482193030554	1	1	161	106	0	4	T
F6_BC66_191109_LF_LIB_consensus_vsearch	3048	G	G	268	4	1.47%	2	1	93	93	0.061810030534865154	1	1	158	110	4	0	-C
F6_BC66_191109_LF_LIB_consensus_vsearch	3049	C	C	267	3	1.11%	2	1	93	93	0.12430426716151294	1	1	156	111	3	0	+GC
F6_BC66_191109_LF_LIB_consensus_vsearch	3050	C	*/-GCC	260	8	2.9%	2	2	93	93	0.0037046766426069204	1	1	158	102	2	6	-GCC
F6_BC66_191109_LF_LIB_consensus_vsearch	3051	G	*/-C	237	22	8.24%	2	2	93	93	1.49698924089051E-7	1	1	153	84	5	17	-C
F6_BC66_191109_LF_LIB_consensus_vsearch	3052	C	C	242	1	0.41%	2	1	93	93	0.4999999999999138	1	1	155	87	0	1	+T
F6_BC66_191109_LF_LIB_consensus_vsearch	3053	C	C	265	1	0.37%	2	1	93	93	0.4999999999999138	1	1	159	106	1	0	+A
F6_BC66_191109_LF_LIB_consensus_vsearch	3054	C	*/-TC	264	7	2.55%	2	1	93	93	0.007512050058182546	1	1	163	101	0	7	-TC
F6_BC66_191109_LF_LIB_consensus_vsearch	3055	T	T	256	5	1.89%	2	1	93	93	0.03065192548788321	1	1	156	100	5	0	+C
F6_BC66_191109_LF_LIB_consensus_vsearch	3056	C	*/-G	223	24	9.02%	2	1	93	93	3.3144611148479934E-8	1	1	125	98	24	0	-G
F6_BC66_191109_LF_LIB_consensus_vsearch	3057	G	*/+A	206	18	7.5%	2	1	93	93	2.6734324964115575E-6	1	1	99	107	18	0	+A
F6_BC66_191109_LF_LIB_consensus_vsearch	3058	A	A	250	1	0.4%	2	1	93	93	0.4999999999999138	1	1	143	107	1	0	+GA
F6_BC66_191109_LF_LIB_consensus_vsearch	3059	A	*/-GC	236	14	5.09%	2	1	93	93	5.062147474326143E-5	1	1	125	111	14	0	-GC
F6_BC66_191109_LF_LIB_consensus_vsearch	3060	G	*/-CC	143	62	25.94%	2	1	93	93	9.273199145198504E-22	1	1	31	112	62	0	-CC
F6_BC66_191109_LF_LIB_consensus_vsearch	3061	C	C	161	5	2.96%	2	1	93	93	0.030310195685913578	1	1	52	109	5	0	A
F6_BC66_191109_LF_LIB_consensus_vsearch	3062	C	M	163	18	9.09%	2	1	93	93	2.446232980840583E-6	1	1	61	102	18	0	A
F6_BC66_191109_LF_LIB_consensus_vsearch	3063	C	*/-A	176	52	19.4%	2	2	93	93	8.29662571926394E-18	1	1	99	77	47	5	-A
F6_BC66_191109_LF_LIB_consensus_vsearch	3064	A	A	211	2	0.93%	2	1	93	93	0.24941176470603904	1	1	107	104	2	0	T
F6_BC66_191109_LF_LIB_consensus_vsearch	3065	A	A	262	4	1.49%	2	1	93	93	0.06179445281046573	1	1	150	112	4	0	C
F6_BC66_191109_LF_LIB_consensus_vsearch	3066	A	A	270	3	1.09%	2	2	93	93	0.12431192660547026	1	1	158	112	2	1	+G
F6_BC66_191109_LF_LIB_consensus_vsearch	3067	A	A	264	5	1.82%	2	2	93	93	0.030669694912897477	1	1	155	109	4	1	G
F6_BC66_191109_LF_LIB_consensus_vsearch	3068	G	G	267	4	1.48%	2	2	93	93	0.061807482193030554	1	1	157	110	3	1	-A
F6_BC66_191109_LF_LIB_consensus_vsearch	3069	A	A	265	3	1.12%	2	2	93	93	0.12429906542060956	1	1	156	109	1	2	G
F6_BC66_191109_LF_LIB_consensus_vsearch	3070	A	A	268	3	1.09%	2	2	93	93	0.12430683918669663	1	1	159	109	2	1	G
F6_BC66_191109_LF_LIB_consensus_vsearch	3071	C	C	264	3	1.09%	2	1	93	93	0.1242964352720778	1	1	158	106	3	0	-AT
F6_BC66_191109_LF_LIB_consensus_vsearch	3072	A	A	262	4	1.49%	2	2	93	93	0.06179445281046573	1	1	155	107	3	1	G
F6_BC66_191109_LF_LIB_consensus_vsearch	3073	T	T	258	4	1.49%	2	2	93	93	0.061783670907884385	1	1	149	109	3	1	C
F6_BC66_191109_LF_LIB_consensus_vsearch	3074	G	*/-A	256	10	3.66%	2	2	93	93	8.959724786606658E-4	1	1	147	109	8	2	-A
F6_BC66_191109_LF_LIB_consensus_vsearch	3075	A	*/+G	61	128	48.48%	2	2	93	93	4.9510827729355884E-54	1	1	45	16	37	91	+G
F6_BC66_191109_LF_LIB_consensus_vsearch	3076	G	G	212	3	1.36%	2	1	93	93	0.1241258741259166	1	1	101	111	3	0	C
F6_BC66_191109_LF_LIB_consensus_vsearch	3077	G	G	221	4	1.75%	2	2	93	93	0.06166574490670126	1	1	112	109	3	1	-A
F6_BC66_191109_LF_LIB_consensus_vsearch	3078	A	A	218	5	2.24%	2	2	93	93	0.030550130621104243	1	1	111	107	1	4	G
F6_BC66_191109_LF_LIB_consensus_vsearch	3079	A	A	271	2	0.73%	2	2	93	93	0.24954128440383208	1	1	159	112	1	1	G
F6_BC66_191109_LF_LIB_consensus_vsearch	3080	A	A	264	5	1.82%	2	1	93	93	0.030669694912897477	1	1	153	111	5	0	G
F6_BC66_191109_LF_LIB_consensus_vsearch	3081	C	C	262	5	1.84%	2	2	93	93	0.030665352285866324	1	1	157	105	1	4	T
F6_BC66_191109_LF_LIB_consensus_vsearch	3082	G	R	250	20	7.35%	2	2	93	93	6.619589595492575E-7	1	1	142	108	18	2	A
F6_BC66_191109_LF_LIB_consensus_vsearch	3083	G	G	268	4	1.45%	2	2	93	93	0.061810030534865154	1	1	160	108	1	3	A
F6_BC66_191109_LF_LIB_consensus_vsearch	3084	C	C	255	5	1.83%	2	2	93	93	0.03064962750114854	1	1	150	105	1	4	T
F6_BC66_191109_LF_LIB_consensus_vsearch	3085	G	G	253	4	1.52%	2	2	93	93	0.0617697211064687	1	1	146	107	2	2	-C
F6_BC66_191109_LF_LIB_consensus_vsearch	3086	C	C	256	4	1.52%	2	2	93	93	0.061778155432067945	1	1	149	107	3	1	A
F6_BC66_191109_LF_LIB_consensus_vsearch	3087	C	Y	241	16	5.88%	2	2	93	93	1.1993861560497258E-5	1	1	141	100	4	12	T
F6_BC66_191109_LF_LIB_consensus_vsearch	3088	A	A	255	3	1.15%	2	2	93	93	0.1242718446601877	1	1	144	111	2	1	G
F6_BC66_191109_LF_LIB_consensus_vsearch	3089	A	R	251	14	5.11%	2	1	93	93	5.1174649899007536E-5	1	1	140	111	14	0	G
F6_BC66_191109_LF_LIB_consensus_vsearch	3090	C	S	245	15	5.66%	2	1	93	93	2.4792952994020384E-5	1	1	137	108	15	0	G
F6_BC66_191109_LF_LIB_consensus_vsearch	3091	C	*/-TT	222	23	8.42%	2	2	93	93	6.937286654880951E-8	1	1	129	93	22	1	-TT
F6_BC66_191109_LF_LIB_consensus_vsearch	3092	T	T	229	4	1.7%	2	2	93	93	0.06169441928518523	1	1	130	99	2	2	C
F6_BC66_191109_LF_LIB_consensus_vsearch	3093	T	Y	235	7	2.78%	2	1	93	93	0.007476349629382664	1	1	127	108	7	0	C
F6_BC66_191109_LF_LIB_consensus_vsearch	3094	G	R	230	31	11.52%	2	1	93	93	1.8068733590899944E-10	1	1	126	104	31	0	A
F6_BC66_191109_LF_LIB_consensus_vsearch	3095	G	*/+A	260	7	2.54%	2	2	93	93	0.0075075833477063125	1	1	151	109	6	1	+A
F6_BC66_191109_LF_LIB_consensus_vsearch	3096	G	G	268	3	1.09%	2	1	93	93	0.12430683918669663	1	1	157	111	3	0	A
F6_BC66_191109_LF_LIB_consensus_vsearch	3097	T	T	263	5	1.82%	2	2	93	93	0.030667531693296068	1	1	157	106	1	4	C
F6_BC66_191109_LF_LIB_consensus_vsearch	3098	C	C	268	5	1.82%	2	2	93	93	0.030678189467263802	1	1	157	111	3	2	-T
F6_BC66_191109_LF_LIB_consensus_vsearch	3099	T	T	255	6	2.22%	2	1	93	93	0.01517774260134363	1	1	150	105	0	6	C
F6_BC66_191109_LF_LIB_consensus_vsearch	3100	C	C	262	3	1.09%	2	2	93	93	0.12429111531193521	1	1	155	107	2	1	+G
F6_BC66_191109_LF_LIB_consensus_vsearch	3101	G	R	255	17	6.2%	2	1	93	93	5.895249132972015E-6	1	1	144	111	17	0	A
F6_BC66_191109_LF_LIB_consensus_vsearch	3102	G	G	270	3	1.09%	2	2	93	93	0.12431192660547026	1	1	160	110	1	2	+T
F6_BC66_191109_LF_LIB_consensus_vsearch	3103	T	T	270	2	0.72%	2	1	93	93	0.2495395948434138	1	1	161	109	0	2	+C
F6_BC66_191109_LF_LIB_consensus_vsearch	3104	C	C	268	3	1.09%	2	2	93	93	0.12430683918669663	1	1	158	110	2	1	-T
F6_BC66_191109_LF_LIB_consensus_vsearch	3105	T	*/-C	254	10	3.68%	2	2	93	93	8.953772843442645E-4	1	1	152	102	2	8	-C
F6_BC66_191109_LF_LIB_consensus_vsearch	3106	C	*/+T	243	8	3.02%	2	2	93	93	0.003691204692263428	1	1	149	94	1	7	+T
F6_BC66_191109_LF_LIB_consensus_vsearch	3107	G	G	260	4	1.47%	2	1	93	93	0.06178910273789233	1	1	156	104	0	4	+T
F6_BC66_191109_LF_LIB_consensus_vsearch	3108	C	C	260	4	1.47%	2	2	93	93	0.06178910273789233	1	1	157	103	1	3	T
F6_BC66_191109_LF_LIB_consensus_vsearch	3109	T	T	261	4	1.49%	2	1	93	93	0.06179178787806501	1	1	159	102	0	4	-C
F6_BC66_191109_LF_LIB_consensus_vsearch	3110	C	C	266	2	0.74%	2	1	93	93	0.24953271028049737	1	1	160	106	0	2	T
F6_BC66_191109_LF_LIB_consensus_vsearch	3111	G	G	269	5	1.82%	2	1	93	93	0.030680274390748198	1	1	156	113	5	0	A
F6_BC66_191109_LF_LIB_consensus_vsearch	3112	T	T	273	2	0.73%	2	1	93	93	0.2495446265938613	1	1	162	111	0	2	C
F6_BC66_191109_LF_LIB_consensus_vsearch	3113	T	T	274	1	0.36%	2	1	93	93	0.4999999999999138	1	1	161	113	1	0	-ATC
F6_BC66_191109_LF_LIB_consensus_vsearch	3114	A	A	268	2	0.73%	2	1	93	93	0.24953617810762627	1	1	157	111	2	0	C
F6_BC66_191109_LF_LIB_consensus_vsearch	3115	T	*/+C	259	10	3.65%	2	1	93	93	8.968490941134896E-4	1	1	148	111	10	0	+C
F6_BC66_191109_LF_LIB_consensus_vsearch	3116	C	*/-G	259	7	2.56%	2	2	93	93	0.007506445843275869	1	1	153	106	2	5	-G
F6_BC66_191109_LF_LIB_consensus_vsearch	3117	G	R	256	11	4.12%	2	1	93	93	4.395812442207008E-4	1	1	149	107	11	0	A
F6_BC66_191109_LF_LIB_consensus_vsearch	3118	G	G	263	5	1.82%	2	1	93	93	0.030667531693296068	1	1	154	109	5	0	-A
F6_BC66_191109_LF_LIB_consensus_vsearch	3119	A	A	265	1	0.37%	2	1	93	93	0.4999999999999138	1	1	153	112	1	0	+G
F6_BC66_191109_LF_LIB_consensus_vsearch	3120	A	A	272	1	0.37%	2	1	93	93	0.5000000000003686	1	1	160	112	0	1	+GGAA
F6_BC66_191109_LF_LIB_consensus_vsearch	3121	T	T	272	2	0.73%	2	1	93	93	0.2495429616087481	1	1	160	112	2	0	+C
F6_BC66_191109_LF_LIB_consensus_vsearch	3122	C	C	267	4	1.45%	2	1	93	93	0.061807482193030554	1	1	158	109	4	0	-A
F6_BC66_191109_LF_LIB_consensus_vsearch	3123	A	A	268	2	0.74%	2	2	93	93	0.24953617810762627	1	1	157	111	1	1	C
F6_BC66_191109_LF_LIB_consensus_vsearch	3124	A	A	262	6	2.19%	2	1	93	93	0.015189380104217696	1	1	151	111	6	0	G
F6_BC66_191109_LF_LIB_consensus_vsearch	3125	C	C	264	3	1.11%	2	1	93	93	0.1242964352720778	1	1	154	110	3	0	G
F6_BC66_191109_LF_LIB_consensus_vsearch	3126	C	C	266	4	1.46%	2	2	93	93	0.06180491495741971	1	1	157	109	2	2	T
F6_BC66_191109_LF_LIB_consensus_vsearch	3127	A	A	270	2	0.73%	2	1	93	93	0.2495395948434138	1	1	159	111	2	0	T
F6_BC66_191109_LF_LIB_consensus_vsearch	3128	G	G	271	1	0.36%	2	1	93	93	0.4999999999999138	1	1	160	111	1	0	+A
F6_BC66_191109_LF_LIB_consensus_vsearch	3129	A	A	271	1	0.36%	2	1	93	93	0.4999999999999138	1	1	160	111	1	0	+C
F6_BC66_191109_LF_LIB_consensus_vsearch	3130	C	C	266	5	1.83%	2	1	93	93	0.030673973504714284	1	1	155	111	5	0	-A
F6_BC66_191109_LF_LIB_consensus_vsearch	3131	A	A	263	4	1.49%	2	2	93	93	0.06179709776251344	1	1	154	109	1	3	G
F6_BC66_191109_LF_LIB_consensus_vsearch	3132	A	A	267	5	1.82%	2	2	93	93	0.030676089228361576	1	1	158	109	3	2	G
F6_BC66_191109_LF_LIB_consensus_vsearch	3133	G	G	272	0	0%	2	0	93	0	1.0	1	0	161	111	0	0	
F6_BC66_191109_LF_LIB_consensus_vsearch	3134	T	T	268	3	1.09%	2	2	93	93	0.12430683918669663	1	1	158	110	1	2	-C
F6_BC66_191109_LF_LIB_consensus_vsearch	3135	C	C	270	1	0.37%	2	1	93	93	0.4999999999999138	1	1	159	111	1	0	-ACC
F6_BC66_191109_LF_LIB_consensus_vsearch	3136	A	*/-C	224	38	13.87%	2	2	93	93	8.563982977801014E-13	1	1	118	106	35	3	-C
F6_BC66_191109_LF_LIB_consensus_vsearch	3137	C	C	222	6	2.58%	2	1	93	93	0.015113298912360445	1	1	121	101	0	6	+T
F6_BC66_191109_LF_LIB_consensus_vsearch	3138	C	C	266	4	1.47%	2	2	93	93	0.06180491495741971	1	1	157	109	3	1	T
F6_BC66_191109_LF_LIB_consensus_vsearch	3139	C	Y	260	9	3.27%	2	2	93	93	0.0018247429645633383	1	1	155	105	6	3	T
F6_BC66_191109_LF_LIB_consensus_vsearch	3140	C	Y	252	10	3.62%	2	2	93	93	8.947732384278332E-4	1	1	148	104	7	3	T
F6_BC66_191109_LF_LIB_consensus_vsearch	3141	A	A	258	6	2.23%	2	1	93	93	0.015182805374032816	1	1	153	105	0	6	+T
F6_BC66_191109_LF_LIB_consensus_vsearch	3142	C	Y	251	12	4.41%	2	2	93	93	2.1474557722261152E-4	1	1	147	104	5	7	T
F6_BC66_191109_LF_LIB_consensus_vsearch	3143	G	*/-A	263	7	2.56%	2	1	93	93	0.007510945692957774	1	1	154	109	7	0	-A
F6_BC66_191109_LF_LIB_consensus_vsearch	3144	A	A	266	1	0.37%	2	1	93	93	0.4999999999999138	1	1	155	111	0	1	T
F6_BC66_191109_LF_LIB_consensus_vsearch	3145	A	A	265	3	1.09%	2	2	93	93	0.12429906542060956	1	1	158	107	2	1	G
F6_BC66_191109_LF_LIB_consensus_vsearch	3146	C	C	267	5	1.82%	2	2	93	93	0.030676089228361576	1	1	156	111	4	1	-T
F6_BC66_191109_LF_LIB_consensus_vsearch	3147	T	Y	247	12	4.44%	2	2	93	93	2.1431080469910618E-4	1	1	148	99	2	10	C
F6_BC66_191109_LF_LIB_consensus_vsearch	3148	A	A	265	2	0.74%	2	2	93	93	0.2495309568482648	1	1	154	111	1	1	C
F6_BC66_191109_LF_LIB_consensus_vsearch	3149	A	A	271	2	0.72%	2	2	93	93	0.24954128440383208	1	1	159	112	1	1	-GA
F6_BC66_191109_LF_LIB_consensus_vsearch	3150	G	*/-A	264	8	2.92%	2	1	93	93	0.0037076048169334716	1	1	153	111	8	0	-A
F6_BC66_191109_LF_LIB_consensus_vsearch	3151	A	A	263	2	0.75%	2	1	93	93	0.24952741020799885	1	1	151	112	2	0	G
F6_BC66_191109_LF_LIB_consensus_vsearch	3152	A	R	266	8	2.91%	2	1	93	93	0.0037090372381044278	1	1	153	113	8	0	G
F6_BC66_191109_LF_LIB_consensus_vsearch	3153	C	C	258	6	2.18%	2	2	93	93	0.015182805374032816	1	1	152	106	4	2	-G
F6_BC66_191109_LF_LIB_consensus_vsearch	3154	G	G	262	5	1.87%	2	1	93	93	0.030665352285866324	1	1	151	111	5	0	A
F6_BC66_191109_LF_LIB_consensus_vsearch	3155	G	G	262	5	1.82%	2	1	93	93	0.030665352285866324	1	1	149	113	5	0	-C
F6_BC66_191109_LF_LIB_consensus_vsearch	3156	C	C	263	2	0.75%	2	2	93	93	0.24952741020799885	1	1	154	109	1	1	A
F6_BC66_191109_LF_LIB_consensus_vsearch	3157	C	Y	250	21	7.66%	2	2	93	93	3.1874363948725266E-7	1	1	155	95	3	18	T
F6_BC66_191109_LF_LIB_consensus_vsearch	3158	A	A	265	5	1.84%	2	1	93	93	0.030671842124359663	1	1	152	113	5	0	G
F6_BC66_191109_LF_LIB_consensus_vsearch	3159	T	T	266	5	1.82%	2	1	93	93	0.030673973504714284	1	1	155	111	5	0	-GC
F6_BC66_191109_LF_LIB_consensus_vsearch	3160	G	G	264	4	1.48%	2	1	93	93	0.06179972295775155	1	1	152	112	4	0	A
F6_BC66_191109_LF_LIB_consensus_vsearch	3161	C	C	260	5	1.85%	2	1	93	93	0.030660944175210838	1	1	152	108	5	0	-AC
F6_BC66_191109_LF_LIB_consensus_vsearch	3162	A	A	265	3	1.11%	2	1	93	93	0.12429906542060956	1	1	154	111	3	0	-C
F6_BC66_191109_LF_LIB_consensus_vsearch	3163	C	C	264	3	1.12%	2	1	93	93	0.1242964352720778	1	1	154	110	0	3	T
F6_BC66_191109_LF_LIB_consensus_vsearch	3164	C	C	274	1	0.36%	2	1	93	93	0.4999999999999138	1	1	162	112	1	0	+T
F6_BC66_191109_LF_LIB_consensus_vsearch	3165	A	A	272	2	0.72%	2	1	93	93	0.2495429616087481	1	1	160	112	2	0	-C
F6_BC66_191109_LF_LIB_consensus_vsearch	3166	C	C	268	4	1.46%	2	1	93	93	0.061810030534865154	1	1	160	108	0	4	+T
F6_BC66_191109_LF_LIB_consensus_vsearch	3167	C	C	262	6	2.17%	2	2	93	93	0.015189380104217696	1	1	154	108	5	1	-ACC
F6_BC66_191109_LF_LIB_consensus_vsearch	3168	A	*/-C	254	9	3.35%	2	2	93	93	0.0018218680650561358	1	1	148	106	5	4	-C
F6_BC66_191109_LF_LIB_consensus_vsearch	3169	C	*/+T	242	15	5.79%	2	1	93	93	2.473114429202734E-5	1	1	150	92	0	15	+T
F6_BC66_191109_LF_LIB_consensus_vsearch	3170	C	C	264	2	0.74%	2	1	93	93	0.24952919020719036	1	1	155	109	0	2	T
F6_BC66_191109_LF_LIB_consensus_vsearch	3171	C	C	272	1	0.36%	2	1	93	93	0.5000000000003686	1	1	161	111	1	0	-AT
F6_BC66_191109_LF_LIB_consensus_vsearch	3172	A	A	268	2	0.73%	2	1	93	93	0.24953617810762627	1	1	157	111	2	0	+G
F6_BC66_191109_LF_LIB_consensus_vsearch	3173	T	T	270	1	0.37%	2	1	93	93	0.4999999999999138	1	1	160	110	0	1	-G
F6_BC66_191109_LF_LIB_consensus_vsearch	3174	G	G	269	2	0.73%	2	1	93	93	0.24953789279111838	1	1	159	110	2	0	A
F6_BC66_191109_LF_LIB_consensus_vsearch	3175	A	A	264	6	2.19%	2	1	93	93	0.015192594697130085	1	1	160	104	0	6	-GA
F6_BC66_191109_LF_LIB_consensus_vsearch	3176	G	G	268	1	0.37%	2	1	93	93	0.5000000000003686	1	1	162	106	1	0	-A
F6_BC66_191109_LF_LIB_consensus_vsearch	3177	A	A	264	1	0.37%	2	1	93	93	0.4999999999999138	1	1	162	102	0	1	+GA
F6_BC66_191109_LF_LIB_consensus_vsearch	3178	T	T	272	1	0.36%	2	1	93	93	0.5000000000003686	1	1	162	110	1	0	+C
F6_BC66_191109_LF_LIB_consensus_vsearch	3179	C	C	270	2	0.72%	2	1	93	93	0.2495395948434138	1	1	161	109	0	2	+G
F6_BC66_191109_LF_LIB_consensus_vsearch	3180	A	A	264	4	1.45%	2	2	93	93	0.06179972295775155	1	1	157	107	2	2	G
F6_BC66_191109_LF_LIB_consensus_vsearch	3181	T	T	262	4	1.46%	2	2	93	93	0.06179445281046573	1	1	156	106	1	3	C
F6_BC66_191109_LF_LIB_consensus_vsearch	3182	G	*/-A	248	20	7.27%	2	1	93	93	6.600889434412791E-7	1	1	137	111	20	0	-A
F6_BC66_191109_LF_LIB_consensus_vsearch	3183	A	A	254	1	0.39%	2	1	93	93	0.4999999999999138	1	1	142	112	1	0	+G
F6_BC66_191109_LF_LIB_consensus_vsearch	3184	A	A	274	1	0.36%	2	1	93	93	0.4999999999999138	1	1	162	112	1	0	+G
F6_BC66_191109_LF_LIB_consensus_vsearch	3185	A	A	274	2	0.72%	2	2	93	93	0.2495462794919261	1	1	162	112	1	1	G
F6_BC66_191109_LF_LIB_consensus_vsearch	3186	G	G	275	1	0.36%	2	1	93	93	0.5000000000003686	1	1	162	113	1	0	-ATC
F6_BC66_191109_LF_LIB_consensus_vsearch	3187	A	R	264	8	2.91%	2	2	93	93	0.0037076048169334716	1	1	156	108	6	2	G
F6_BC66_191109_LF_LIB_consensus_vsearch	3188	T	T	263	5	1.82%	2	2	93	93	0.030667531693296068	1	1	157	106	4	1	+C
F6_BC66_191109_LF_LIB_consensus_vsearch	3189	C	C	265	3	1.1%	2	2	93	93	0.12429906542060956	1	1	157	108	1	2	-T
F6_BC66_191109_LF_LIB_consensus_vsearch	3190	T	T	264	3	1.1%	2	2	93	93	0.1242964352720778	1	1	160	104	1	2	C
F6_BC66_191109_LF_LIB_consensus_vsearch	3191	G	G	272	2	0.72%	2	2	93	93	0.2495429616087481	1	1	162	110	1	1	A
F6_BC66_191109_LF_LIB_consensus_vsearch	3192	T	T	270	3	1.09%	2	2	93	93	0.12431192660547026	1	1	160	110	1	2	C
F6_BC66_191109_LF_LIB_consensus_vsearch	3193	C	C	271	1	0.36%	2	1	93	93	0.4999999999999138	1	1	159	112	1	0	+G
F6_BC66_191109_LF_LIB_consensus_vsearch	3194	A	R	262	7	2.55%	2	2	93	93	0.007509833180020558	1	1	158	104	2	5	G
F6_BC66_191109_LF_LIB_consensus_vsearch	3195	T	T	263	6	2.2%	2	2	93	93	0.015190993352737225	1	1	159	104	1	5	C
F6_BC66_191109_LF_LIB_consensus_vsearch	3196	G	G	266	2	0.74%	2	1	93	93	0.24953271028049737	1	1	159	107	0	2	+T
F6_BC66_191109_LF_LIB_consensus_vsearch	3197	T	T	261	4	1.48%	2	2	93	93	0.06179178787806501	1	1	154	107	2	2	C
F6_BC66_191109_LF_LIB_consensus_vsearch	3198	C	C	264	6	2.21%	2	2	93	93	0.015192594697130085	1	1	158	106	3	3	-T
F6_BC66_191109_LF_LIB_consensus_vsearch	3199	T	T	263	2	0.74%	2	1	93	93	0.24952741020799885	1	1	158	105	0	2	+G
F6_BC66_191109_LF_LIB_consensus_vsearch	3200	G	G	269	5	1.81%	2	1	93	93	0.030680274390748198	1	1	158	111	5	0	A
F6_BC66_191109_LF_LIB_consensus_vsearch	3201	T	T	274	1	0.36%	2	1	93	93	0.4999999999999138	1	1	162	112	1	0	+C
F6_BC66_191109_LF_LIB_consensus_vsearch	3202	C	C	273	1	0.36%	2	1	93	93	0.4999999999999138	1	1	163	110	0	1	+GT
F6_BC66_191109_LF_LIB_consensus_vsearch	3203	A	A	273	1	0.36%	2	1	93	93	0.4999999999999138	1	1	163	110	0	1	C
F6_BC66_191109_LF_LIB_consensus_vsearch	3204	A	*/-T	266	7	2.54%	2	1	93	93	0.0075142347009056415	1	1	160	106	0	7	-T
F6_BC66_191109_LF_LIB_consensus_vsearch	3205	T	*/-C	209	42	15.61%	2	2	93	93	3.496513771965098E-14	1	1	105	104	40	2	-C
F6_BC66_191109_LF_LIB_consensus_vsearch	3206	C	C	229	3	1.28%	2	2	93	93	0.12419006479500183	1	1	120	109	1	2	+T
F6_BC66_191109_LF_LIB_consensus_vsearch	3207	C	*/-T	263	7	2.54%	2	1	93	93	0.007510945692957774	1	1	163	100	0	7	-T
F6_BC66_191109_LF_LIB_consensus_vsearch	3208	T	T	264	1	0.37%	2	1	93	93	0.4999999999999138	1	1	160	104	1	0	+A
F6_BC66_191109_LF_LIB_consensus_vsearch	3209	A	A	273	1	0.36%	2	1	93	93	0.4999999999999138	1	1	161	112	1	0	+T
F6_BC66_191109_LF_LIB_consensus_vsearch	3210	A	A	271	2	0.72%	2	1	93	93	0.24954128440383208	1	1	161	110	0	2	-T
F6_BC66_191109_LF_LIB_consensus_vsearch	3211	T	T	266	5	1.82%	2	2	93	93	0.030673973504714284	1	1	158	108	3	2	C
F6_BC66_191109_LF_LIB_consensus_vsearch	3212	C	C	268	3	1.09%	2	2	93	93	0.12430683918669663	1	1	159	109	1	2	-AT
F6_BC66_191109_LF_LIB_consensus_vsearch	3213	A	A	264	5	1.85%	2	2	93	93	0.030669694912897477	1	1	157	107	2	3	G
F6_BC66_191109_LF_LIB_consensus_vsearch	3214	T	T	263	5	1.84%	2	1	93	93	0.030667531693296068	1	1	158	105	0	5	C
F6_BC66_191109_LF_LIB_consensus_vsearch	3215	G	G	271	1	0.36%	2	1	93	93	0.4999999999999138	1	1	160	111	0	1	-TC
F6_BC66_191109_LF_LIB_consensus_vsearch	3216	T	T	263	4	1.46%	2	2	93	93	0.06179709776251344	1	1	154	109	2	2	C
F6_BC66_191109_LF_LIB_consensus_vsearch	3217	C	C	267	3	1.1%	2	1	93	93	0.12430426716151294	1	1	155	112	3	0	+A
F6_BC66_191109_LF_LIB_consensus_vsearch	3218	C	C	270	3	1.09%	2	2	93	93	0.12431192660547026	1	1	159	111	1	2	+T
F6_BC66_191109_LF_LIB_consensus_vsearch	3219	T	Y	262	10	3.65%	2	1	93	93	8.977068546848841E-4	1	1	161	101	0	10	C
F6_BC66_191109_LF_LIB_consensus_vsearch	3220	G	*/-C	243	23	8.33%	2	1	93	93	7.254118414451195E-8	1	1	134	109	23	0	-C
F6_BC66_191109_LF_LIB_consensus_vsearch	3221	C	*/+T	240	10	3.97%	2	2	93	93	8.909515133367017E-4	1	1	136	104	1	9	+T
F6_BC66_191109_LF_LIB_consensus_vsearch	3222	C	C	272	3	1.09%	2	2	93	93	0.12431693989066941	1	1	160	112	2	1	T
F6_BC66_191109_LF_LIB_consensus_vsearch	3223	C	C	271	1	0.36%	2	1	93	93	0.4999999999999138	1	1	159	112	1	0	+A
F6_BC66_191109_LF_LIB_consensus_vsearch	3224	T	Y	251	8	2.93%	2	2	93	93	0.0036977618625582452	1	1	156	95	2	6	C
F6_BC66_191109_LF_LIB_consensus_vsearch	3225	G	*/+A	254	7	2.6%	2	1	93	93	0.0075006286111248205	1	1	149	105	7	0	+A
F6_BC66_191109_LF_LIB_consensus_vsearch	3226	G	G	265	4	1.45%	2	1	93	93	0.06180232861697055	1	1	155	110	4	0	T
F6_BC66_191109_LF_LIB_consensus_vsearch	3227	T	*/+A	256	9	3.31%	2	1	93	93	0.0018228405600327687	1	1	150	106	9	0	+A
F6_BC66_191109_LF_LIB_consensus_vsearch	3228	G	*/-A	262	8	2.94%	2	2	93	93	0.0037061514394952193	1	1	154	108	7	1	-A
F6_BC66_191109_LF_LIB_consensus_vsearch	3229	A	*/-G	249	7	2.63%	2	1	93	93	0.007494585982750822	1	1	139	110	7	0	-G
F6_BC66_191109_LF_LIB_consensus_vsearch	3230	G	G	263	2	0.75%	2	1	93	93	0.24952741020799885	1	1	154	109	0	2	-C
F6_BC66_191109_LF_LIB_consensus_vsearch	3231	C	C	265	4	1.46%	2	1	93	93	0.06180232861697055	1	1	161	104	0	4	-T
F6_BC66_191109_LF_LIB_consensus_vsearch	3232	T	T	267	2	0.74%	2	1	93	93	0.24953445065180796	1	1	162	105	0	2	+C
F6_BC66_191109_LF_LIB_consensus_vsearch	3233	T	*/-C	198	56	20.36%	2	2	93	93	4.5767079121829575E-19	1	1	128	70	23	33	-C
F6_BC66_191109_LF_LIB_consensus_vsearch	3234	C	C	210	1	0.47%	2	1	93	93	0.4999999999999138	1	1	131	79	0	1	T
F6_BC66_191109_LF_LIB_consensus_vsearch	3235	C	C	266	1	0.37%	2	1	93	93	0.4999999999999138	1	1	154	112	0	1	T
F6_BC66_191109_LF_LIB_consensus_vsearch	3236	C	C	270	2	0.73%	2	1	93	93	0.2495395948434138	1	1	160	110	2	0	A
F6_BC66_191109_LF_LIB_consensus_vsearch	3237	C	Y	261	7	2.54%	2	2	93	93	0.007508712428886389	1	1	160	101	2	5	T
F6_BC66_191109_LF_LIB_consensus_vsearch	3238	G	G	267	5	1.81%	2	2	93	93	0.030676089228361576	1	1	160	107	1	4	A
F6_BC66_191109_LF_LIB_consensus_vsearch	3239	T	T	269	3	1.1%	2	1	93	93	0.12430939226523824	1	1	161	108	0	3	A
F6_BC66_191109_LF_LIB_consensus_vsearch	3240	G	G	268	3	1.09%	2	1	93	93	0.12430683918669663	1	1	159	109	3	0	A
F6_BC66_191109_LF_LIB_consensus_vsearch	3241	T	T	268	6	2.18%	2	1	93	93	0.015198883630026071	1	1	161	107	0	6	C
F6_BC66_191109_LF_LIB_consensus_vsearch	3242	T	T	260	3	1.09%	2	2	93	93	0.12428571428582305	1	1	150	110	2	1	+G
F6_BC66_191109_LF_LIB_consensus_vsearch	3243	G	G	262	3	1.09%	2	2	93	93	0.12429111531193521	1	1	152	110	1	2	-A
F6_BC66_191109_LF_LIB_consensus_vsearch	3244	A	*/+G	258	7	2.57%	2	1	93	93	0.007505299821009934	1	1	150	108	7	0	+G
F6_BC66_191109_LF_LIB_consensus_vsearch	3245	G	G	273	1	0.36%	2	1	93	93	0.4999999999999138	1	1	162	111	0	1	A
F6_BC66_191109_LF_LIB_consensus_vsearch	3246	T	T	269	3	1.09%	2	1	93	93	0.12430939226523824	1	1	160	109	0	3	A
F6_BC66_191109_LF_LIB_consensus_vsearch	3247	C	*/-A	252	11	4.01%	2	2	93	93	4.388649693243239E-4	1	1	151	101	4	7	-A
F6_BC66_191109_LF_LIB_consensus_vsearch	3248	A	A	251	5	1.93%	2	2	93	93	0.03064025621010106	1	1	151	100	2	3	G
F6_BC66_191109_LF_LIB_consensus_vsearch	3249	A	A	264	5	1.85%	2	2	93	93	0.030669694912897477	1	1	157	107	3	2	G
F6_BC66_191109_LF_LIB_consensus_vsearch	3250	A	A	263	4	1.46%	2	1	93	93	0.06179709776251344	1	1	158	105	0	4	C
F6_BC66_191109_LF_LIB_consensus_vsearch	3251	T	T	260	6	2.21%	2	2	93	93	0.01518611735985533	1	1	156	104	1	5	C
F6_BC66_191109_LF_LIB_consensus_vsearch	3252	T	*/-AA	203	50	18.25%	2	1	93	93	6.036634879791589E-17	1	1	147	56	0	50	-AA
F6_BC66_191109_LF_LIB_consensus_vsearch	3253	A	A	208	4	1.86%	2	2	93	93	0.06161452805712106	1	1	151	57	2	2	G
F6_BC66_191109_LF_LIB_consensus_vsearch	3254	A	A	212	5	2.21%	2	2	93	93	0.030530802741347875	1	1	154	58	2	3	G
F6_BC66_191109_LF_LIB_consensus_vsearch	3255	G	R	248	14	5.13%	2	1	93	93	5.106875368908258E-5	1	1	136	112	14	0	A
F6_BC66_191109_LF_LIB_consensus_vsearch	3256	C	C	273	2	0.73%	2	1	93	93	0.2495446265938613	1	1	160	113	2	0	A
F6_BC66_191109_LF_LIB_consensus_vsearch	3257	C	*/+A	252	9	3.26%	2	1	93	93	0.0018208809482378404	1	1	144	108	9	0	+A
F6_BC66_191109_LF_LIB_consensus_vsearch	3258	G	S	247	14	5.15%	2	1	93	93	5.103294910034228E-5	1	1	135	112	14	0	C
F6_BC66_191109_LF_LIB_consensus_vsearch	3259	C	C	263	4	1.47%	2	2	93	93	0.06179709776251344	1	1	153	110	2	2	T
F6_BC66_191109_LF_LIB_consensus_vsearch	3260	A	A	259	6	2.19%	2	2	93	93	0.015184467591539906	1	1	151	108	5	1	-G
F6_BC66_191109_LF_LIB_consensus_vsearch	3261	G	G	267	1	0.37%	2	1	93	93	0.5000000000003686	1	1	157	110	0	1	+TG
F6_BC66_191109_LF_LIB_consensus_vsearch	3262	G	G	270	2	0.72%	2	2	93	93	0.2495395948434138	1	1	161	109	1	1	-C
F6_BC66_191109_LF_LIB_consensus_vsearch	3263	C	C	266	5	1.82%	2	2	93	93	0.030673973504714284	1	1	160	106	1	4	-T
F6_BC66_191109_LF_LIB_consensus_vsearch	3264	T	T	259	5	1.85%	2	1	93	93	0.030658715098946722	1	1	152	107	5	0	-C
F6_BC66_191109_LF_LIB_consensus_vsearch	3265	C	C	266	2	0.75%	2	1	93	93	0.24953271028049737	1	1	154	112	2	0	+TC
F6_BC66_191109_LF_LIB_consensus_vsearch	3266	C	*/-AC	241	24	8.76%	2	1	93	93	3.4557422520949686E-8	1	1	131	110	24	0	-AC
F6_BC66_191109_LF_LIB_consensus_vsearch	3267	A	A	241	1	0.41%	2	1	93	93	0.4999999999999138	1	1	129	112	1	0	+T
F6_BC66_191109_LF_LIB_consensus_vsearch	3268	C	C	238	3	1.2%	2	1	93	93	0.12422037422037172	1	1	127	111	3	0	-GC
F6_BC66_191109_LF_LIB_consensus_vsearch	3269	G	G	260	2	0.75%	2	2	93	93	0.2495219885277623	1	1	149	111	1	1	-C
F6_BC66_191109_LF_LIB_consensus_vsearch	3270	C	C	262	3	1.12%	2	2	93	93	0.12429111531193521	1	1	152	110	1	2	T
F6_BC66_191109_LF_LIB_consensus_vsearch	3271	C	C	268	1	0.37%	2	1	93	93	0.5000000000003686	1	1	157	111	0	1	-T
F6_BC66_191109_LF_LIB_consensus_vsearch	3272	T	T	262	5	1.84%	2	2	93	93	0.030665352285866324	1	1	157	105	2	3	-G
F6_BC66_191109_LF_LIB_consensus_vsearch	3273	G	R	240	20	7.52%	2	1	93	93	6.523662836403481E-7	1	1	133	107	20	0	A
F6_BC66_191109_LF_LIB_consensus_vsearch	3274	G	*/-T	253	8	2.94%	2	1	93	93	0.0036993391596663746	1	1	144	109	8	0	-T
F6_BC66_191109_LF_LIB_consensus_vsearch	3275	T	Y	244	19	7.2%	2	2	93	93	1.361645687652025E-6	1	1	149	95	2	17	C
F6_BC66_191109_LF_LIB_consensus_vsearch	3276	T	*/+A	247	22	8.06%	2	1	93	93	1.5242277278721827E-7	1	1	136	111	22	0	+A
F6_BC66_191109_LF_LIB_consensus_vsearch	3277	G	K	243	22	8.09%	2	1	93	93	1.5135311898103385E-7	1	1	135	108	22	0	T
F6_BC66_191109_LF_LIB_consensus_vsearch	3278	T	T	264	2	0.74%	2	1	93	93	0.24952919020719036	1	1	158	106	0	2	+A
F6_BC66_191109_LF_LIB_consensus_vsearch	3279	G	*/-C	234	21	7.66%	2	2	93	93	3.104555954926836E-7	1	1	134	100	19	2	-C
F6_BC66_191109_LF_LIB_consensus_vsearch	3280	C	C	243	6	2.39%	2	1	93	93	0.015156276648152922	1	1	141	102	0	6	+T
F6_BC66_191109_LF_LIB_consensus_vsearch	3281	C	C	264	4	1.47%	2	1	93	93	0.06179972295775155	1	1	157	107	0	4	+T
F6_BC66_191109_LF_LIB_consensus_vsearch	3282	C	C	260	5	1.82%	2	2	93	93	0.030660944175210838	1	1	158	102	1	4	-T
F6_BC66_191109_LF_LIB_consensus_vsearch	3283	T	T	261	3	1.12%	2	1	93	93	0.12428842504744599	1	1	157	104	0	3	+CT
F6_BC66_191109_LF_LIB_consensus_vsearch	3284	T	T	265	5	1.82%	2	1	93	93	0.030671842124359663	1	1	153	112	5	0	+C
F6_BC66_191109_LF_LIB_consensus_vsearch	3285	C	C	270	1	0.37%	2	1	93	93	0.4999999999999138	1	1	159	111	0	1	+TTC
F6_BC66_191109_LF_LIB_consensus_vsearch	3286	C	C	270	3	1.09%	2	2	93	93	0.12431192660547026	1	1	159	111	2	1	T
F6_BC66_191109_LF_LIB_consensus_vsearch	3287	G	G	270	3	1.09%	2	2	93	93	0.12431192660547026	1	1	160	110	2	1	A
F6_BC66_191109_LF_LIB_consensus_vsearch	3288	T	T	268	3	1.09%	2	1	93	93	0.12430683918669663	1	1	157	111	3	0	+C
F6_BC66_191109_LF_LIB_consensus_vsearch	3289	C	*/-A	265	8	2.9%	2	1	93	93	0.0037083236186299423	1	1	161	104	0	8	-A
F6_BC66_191109_LF_LIB_consensus_vsearch	3290	A	A	267	1	0.37%	2	1	93	93	0.5000000000003686	1	1	163	104	0	1	G
F6_BC66_191109_LF_LIB_consensus_vsearch	3291	A	A	266	5	1.81%	2	2	93	93	0.030673973504714284	1	1	160	106	1	4	-T
F6_BC66_191109_LF_LIB_consensus_vsearch	3292	T	T	265	4	1.48%	2	1	93	93	0.06180232861697055	1	1	162	103	0	4	C
F6_BC66_191109_LF_LIB_consensus_vsearch	3293	T	*/-C	262	7	2.55%	2	2	93	93	0.007509833180020558	1	1	157	105	5	2	-C
F6_BC66_191109_LF_LIB_consensus_vsearch	3294	C	C	263	3	1.12%	2	1	93	93	0.12429378531094196	1	1	154	109	3	0	+G
F6_BC66_191109_LF_LIB_consensus_vsearch	3295	C	*/-T	254	15	5.45%	2	2	93	93	2.4970730105602945E-5	1	1	159	95	3	12	-T
F6_BC66_191109_LF_LIB_consensus_vsearch	3296	T	T	254	3	1.16%	2	1	93	93	0.12426900584791233	1	1	159	95	0	3	C
F6_BC66_191109_LF_LIB_consensus_vsearch	3297	T	T	265	2	0.73%	2	1	93	93	0.2495309568482648	1	1	157	108	2	0	A
F6_BC66_191109_LF_LIB_consensus_vsearch	3298	T	*/-AA	248	8	2.91%	2	1	93	93	0.0036953503162476236	1	1	149	99	0	8	-AA
F6_BC66_191109_LF_LIB_consensus_vsearch	3299	A	R	251	8	3.04%	2	2	93	93	0.0036977618625582452	1	1	155	96	2	6	G
F6_BC66_191109_LF_LIB_consensus_vsearch	3300	A	R	256	10	3.73%	2	2	93	93	8.959724786606658E-4	1	1	160	96	2	8	G
F6_BC66_191109_LF_LIB_consensus_vsearch	3301	G	*/+T	260	9	3.27%	2	1	93	93	0.0018247429645633383	1	1	152	108	9	0	+T
F6_BC66_191109_LF_LIB_consensus_vsearch	3302	T	Y	264	8	2.94%	2	1	93	93	0.0037076048169334716	1	1	162	102	0	8	C
F6_BC66_191109_LF_LIB_consensus_vsearch	3303	T	Y	265	10	3.64%	2	1	93	93	8.985463618717617E-4	1	1	163	102	0	10	C
F6_BC66_191109_LF_LIB_consensus_vsearch	3304	T	T	262	6	2.18%	2	2	93	93	0.015189380104217696	1	1	156	106	4	2	+C
F6_BC66_191109_LF_LIB_consensus_vsearch	3305	C	C	265	3	1.1%	2	1	93	93	0.12429906542060956	1	1	160	105	0	3	G
F6_BC66_191109_LF_LIB_consensus_vsearch	3306	A	A	265	5	1.82%	2	1	93	93	0.030671842124359663	1	1	161	104	0	5	T
F6_BC66_191109_LF_LIB_consensus_vsearch	3307	G	G	272	2	0.72%	2	1	93	93	0.2495429616087481	1	1	159	113	2	0	-A
F6_BC66_191109_LF_LIB_consensus_vsearch	3308	A	A	265	3	1.09%	2	1	93	93	0.12429906542060956	1	1	157	108	0	3	+T
F6_BC66_191109_LF_LIB_consensus_vsearch	3309	C	C	266	5	1.82%	2	2	93	93	0.030673973504714284	1	1	156	110	2	3	-T
F6_BC66_191109_LF_LIB_consensus_vsearch	3310	T	T	266	2	0.74%	2	2	93	93	0.24953271028049737	1	1	159	107	1	1	C
F6_BC66_191109_LF_LIB_consensus_vsearch	3311	T	T	271	2	0.72%	2	1	93	93	0.24954128440383208	1	1	161	110	0	2	+G
F6_BC66_191109_LF_LIB_consensus_vsearch	3312	G	G	268	3	1.09%	2	2	93	93	0.12430683918669663	1	1	158	110	1	2	-CG
F6_BC66_191109_LF_LIB_consensus_vsearch	3313	C	Y	258	7	2.56%	2	2	93	93	0.007505299821009934	1	1	154	104	3	4	T
F6_BC66_191109_LF_LIB_consensus_vsearch	3314	G	G	265	1	0.37%	2	1	93	93	0.4999999999999138	1	1	158	107	1	0	+A
F6_BC66_191109_LF_LIB_consensus_vsearch	3315	A	A	267	2	0.73%	2	2	93	93	0.24953445065180796	1	1	155	112	1	1	G
F6_BC66_191109_LF_LIB_consensus_vsearch	3316	C	C	269	2	0.73%	2	1	93	93	0.24953789279111838	1	1	156	113	2	0	A
F6_BC66_191109_LF_LIB_consensus_vsearch	3317	C	C	266	4	1.46%	2	2	93	93	0.06180491495741971	1	1	156	110	3	1	-A
F6_BC66_191109_LF_LIB_consensus_vsearch	3318	A	A	261	4	1.48%	2	2	93	93	0.06179178787806501	1	1	153	108	3	1	+C
F6_BC66_191109_LF_LIB_consensus_vsearch	3319	T	T	263	4	1.46%	2	2	93	93	0.06179709776251344	1	1	155	108	3	1	-A
F6_BC66_191109_LF_LIB_consensus_vsearch	3320	A	R	247	7	2.6%	2	1	93	93	0.00749210286352295	1	1	148	99	7	0	G
F6_BC66_191109_LF_LIB_consensus_vsearch	3321	C	*/+T	239	12	4.46%	2	1	93	93	2.1340156008037268E-4	1	1	155	84	0	12	+T
F6_BC66_191109_LF_LIB_consensus_vsearch	3322	T	*/-C	161	63	23.42%	2	2	93	93	6.686103288361617E-22	1	1	89	72	37	26	-C
F6_BC66_191109_LF_LIB_consensus_vsearch	3323	C	Y	192	8	3.96%	2	1	93	93	0.0036372796311357324	1	1	121	71	0	8	T
F6_BC66_191109_LF_LIB_consensus_vsearch	3324	C	C	260	6	2.26%	2	1	93	93	0.01518611735985533	1	1	159	101	0	6	T
F6_BC66_191109_LF_LIB_consensus_vsearch	3325	C	C	271	4	1.45%	2	1	93	93	0.06181756426009212	1	1	162	109	0	4	T
F6_BC66_191109_LF_LIB_consensus_vsearch	3326	C	C	273	2	0.73%	2	2	93	93	0.2495446265938613	1	1	161	112	1	1	T
F6_BC66_191109_LF_LIB_consensus_vsearch	3327	C	C	275	1	0.36%	2	1	93	93	0.5000000000003686	1	1	162	113	1	0	+A
F6_BC66_191109_LF_LIB_consensus_vsearch	3328	A	A	271	3	1.09%	2	1	93	93	0.12431444241326345	1	1	159	112	3	0	-G
F6_BC66_191109_LF_LIB_consensus_vsearch	3329	G	*/-A	255	12	4.4%	2	1	93	93	2.151678747999977E-4	1	1	144	111	12	0	-A
F6_BC66_191109_LF_LIB_consensus_vsearch	3330	A	A	261	2	0.76%	2	1	93	93	0.24952380952412506	1	1	148	113	2	0	G
F6_BC66_191109_LF_LIB_consensus_vsearch	3331	G	G	274	1	0.36%	2	1	93	93	0.4999999999999138	1	1	161	113	1	0	A
F6_BC66_191109_LF_LIB_consensus_vsearch	3332	T	*/-C	223	52	18.84%	2	1	93	93	1.5458353734107673E-17	1	1	111	112	52	0	-C
F6_BC66_191109_LF_LIB_consensus_vsearch	3333	C	C	221	2	0.89%	2	1	93	93	0.24943820224728358	1	1	108	113	2	0	T
F6_BC66_191109_LF_LIB_consensus_vsearch	3334	C	*/-A	231	31	11.23%	2	1	93	93	1.8138278765043263E-10	1	1	121	110	31	0	-A
F6_BC66_191109_LF_LIB_consensus_vsearch	3335	A	A	236	1	0.42%	2	1	93	93	0.4999999999999138	1	1	123	113	1	0	G
F6_BC66_191109_LF_LIB_consensus_vsearch	3336	A	A	263	2	0.75%	2	1	93	93	0.24952741020799885	1	1	150	113	2	0	+G
F6_BC66_191109_LF_LIB_consensus_vsearch	3337	A	A	275	1	0.36%	2	1	93	93	0.5000000000003686	1	1	162	113	1	0	-GACTC
F6_BC66_191109_LF_LIB_consensus_vsearch	3338	G	G	274	1	0.36%	2	1	93	93	0.4999999999999138	1	1	161	113	1	0	-A
F6_BC66_191109_LF_LIB_consensus_vsearch	3339	A	A	265	5	1.82%	2	2	93	93	0.030671842124359663	1	1	158	107	3	2	G
F6_BC66_191109_LF_LIB_consensus_vsearch	3340	C	*/-T	254	8	2.94%	2	1	93	93	0.003700118894213593	1	1	162	92	0	8	-T
F6_BC66_191109_LF_LIB_consensus_vsearch	3341	T	*/+C	216	27	10.15%	2	1	93	93	3.469447090860305E-9	1	1	129	87	27	0	+C
F6_BC66_191109_LF_LIB_consensus_vsearch	3342	C	*/-T	247	8	3.1%	2	2	93	93	0.0036945340250354765	1	1	160	87	1	7	-T
F6_BC66_191109_LF_LIB_consensus_vsearch	3343	T	Y	240	9	3.38%	2	2	93	93	0.0018146318577743554	1	1	150	90	3	6	C
F6_BC66_191109_LF_LIB_consensus_vsearch	3344	A	M	257	10	3.73%	2	2	93	93	8.962668170105445E-4	1	1	159	98	2	8	C
F6_BC66_191109_LF_LIB_consensus_vsearch	3345	A	A	261	6	2.17%	2	2	93	93	0.015187754818318031	1	1	159	102	2	4	-T
F6_BC66_191109_LF_LIB_consensus_vsearch	3346	T	Y	257	10	3.73%	2	2	93	93	8.962668170105445E-4	1	1	158	99	2	8	C
F6_BC66_191109_LF_LIB_consensus_vsearch	3347	T	T	269	3	1.09%	2	2	93	93	0.12430939226523824	1	1	162	107	1	2	C
F6_BC66_191109_LF_LIB_consensus_vsearch	3348	T	*/-CT	260	9	3.27%	2	1	93	93	0.0018247429645633383	1	1	160	100	0	9	-CT
F6_BC66_191109_LF_LIB_consensus_vsearch	3349	C	C	256	6	2.26%	2	2	93	93	0.01517944302364848	1	1	160	96	3	3	-T
F6_BC66_191109_LF_LIB_consensus_vsearch	3350	T	T	250	4	1.54%	2	2	93	93	0.061761087351402955	1	1	151	99	3	1	-A
F6_BC66_191109_LF_LIB_consensus_vsearch	3351	A	A	256	3	1.12%	2	1	93	93	0.12427466150865948	1	1	146	110	3	0	+C
F6_BC66_191109_LF_LIB_consensus_vsearch	3352	T	*/-A	251	9	3.35%	2	2	93	93	0.0018203818032406984	1	1	143	108	8	1	-A
F6_BC66_191109_LF_LIB_consensus_vsearch	3353	A	A	243	5	1.92%	2	2	93	93	0.030620607699729043	1	1	138	105	4	1	+TA
F6_BC66_191109_LF_LIB_consensus_vsearch	3354	C	C	264	4	1.47%	2	1	93	93	0.06179972295775155	1	1	158	106	0	4	T
F6_BC66_191109_LF_LIB_consensus_vsearch	3355	G	G	264	4	1.47%	2	2	93	93	0.06179972295775155	1	1	158	106	2	2	A
F6_BC66_191109_LF_LIB_consensus_vsearch	3356	C	*/-T	249	17	6.2%	2	2	93	93	5.85995649783237E-6	1	1	160	89	1	16	-T
F6_BC66_191109_LF_LIB_consensus_vsearch	3357	T	*/-C	218	13	5.1%	2	2	93	93	1.0262165255618348E-4	1	1	144	74	3	10	-C
F6_BC66_191109_LF_LIB_consensus_vsearch	3358	C	C	250	1	0.4%	2	1	93	93	0.4999999999999138	1	1	153	97	0	1	+G
F6_BC66_191109_LF_LIB_consensus_vsearch	3359	C	Y	254	9	3.37%	2	2	93	93	0.0018218680650561358	1	1	154	100	1	8	T
F6_BC66_191109_LF_LIB_consensus_vsearch	3360	C	*/+A	251	9	3.27%	2	1	93	93	0.0018203818032406984	1	1	151	100	9	0	+A
F6_BC66_191109_LF_LIB_consensus_vsearch	3361	G	*/-A	258	13	4.73%	2	2	93	93	1.0534860479086726E-4	1	1	150	108	12	1	-A
F6_BC66_191109_LF_LIB_consensus_vsearch	3362	A	A	252	6	2.29%	2	2	93	93	0.015172562563020547	1	1	145	107	3	3	-G
F6_BC66_191109_LF_LIB_consensus_vsearch	3363	G	G	259	4	1.49%	2	1	93	93	0.061786397159329126	1	1	159	100	0	4	-CG
F6_BC66_191109_LF_LIB_consensus_vsearch	3364	C	C	257	5	1.86%	2	2	93	93	0.03065420595045833	1	1	158	99	3	2	-GC
F6_BC66_191109_LF_LIB_consensus_vsearch	3365	G	G	262	2	0.75%	2	1	93	93	0.24952561669824413	1	1	156	106	2	0	T
F6_BC66_191109_LF_LIB_consensus_vsearch	3366	C	C	255	6	2.22%	2	1	93	93	0.01517774260134363	1	1	156	99	0	6	A
F6_BC66_191109_LF_LIB_consensus_vsearch	3367	T	Y	261	7	2.56%	2	1	93	93	0.007508712428886389	1	1	162	99	0	7	C
F6_BC66_191109_LF_LIB_consensus_vsearch	3368	G	G	262	5	1.84%	2	1	93	93	0.030665352285866324	1	1	160	102	0	5	+C
F6_BC66_191109_LF_LIB_consensus_vsearch	3369	C	C	265	2	0.74%	2	1	93	93	0.2495309568482648	1	1	161	104	0	2	-T
F6_BC66_191109_LF_LIB_consensus_vsearch	3370	T	*/+C	251	12	4.43%	2	1	93	93	2.1474557722261152E-4	1	1	145	106	12	0	+C
F6_BC66_191109_LF_LIB_consensus_vsearch	3371	C	*/-G	230	12	4.43%	2	1	93	93	2.1231016338203528E-4	1	1	122	108	12	0	-G
F6_BC66_191109_LF_LIB_consensus_vsearch	3372	G	R	173	41	16.27%	2	1	93	93	5.4584368704858075E-14	1	1	60	113	41	0	A
F6_BC66_191109_LF_LIB_consensus_vsearch	3373	C	*/-A	208	25	9.58%	2	1	93	93	1.5100630039324042E-8	1	1	98	110	25	0	-A
F6_BC66_191109_LF_LIB_consensus_vsearch	3374	A	M	217	14	5.65%	2	1	93	93	4.982521215421391E-5	1	1	104	113	14	0	C
F6_BC66_191109_LF_LIB_consensus_vsearch	3375	C	S	262	7	2.58%	2	1	93	93	0.007509833180020558	1	1	150	112	7	0	G
F6_BC66_191109_LF_LIB_consensus_vsearch	3376	A	W	204	54	19.78%	2	1	93	93	2.4982656881048904E-18	1	1	93	111	54	0	T
F6_BC66_191109_LF_LIB_consensus_vsearch	3377	G	*/+A	207	54	20.3%	2	1	93	93	2.5999330213825205E-18	1	1	97	110	54	0	+A
F6_BC66_191109_LF_LIB_consensus_vsearch	3378	A	A	269	2	0.73%	2	1	93	93	0.24953789279111838	1	1	158	111	2	0	G
F6_BC66_191109_LF_LIB_consensus_vsearch	3379	C	C	268	4	1.45%	2	2	93	93	0.061810030534865154	1	1	161	107	2	2	T
F6_BC66_191109_LF_LIB_consensus_vsearch	3380	A	*/+C	240	15	5.43%	2	1	93	93	2.468919460222434E-5	1	1	135	105	15	0	+C
F6_BC66_191109_LF_LIB_consensus_vsearch	3381	C	*/+T	248	8	3.07%	2	1	93	93	0.0036953503162476236	1	1	152	96	0	8	+T
F6_BC66_191109_LF_LIB_consensus_vsearch	3382	C	C	269	5	1.81%	2	1	93	93	0.030680274390748198	1	1	162	107	0	5	T
F6_BC66_191109_LF_LIB_consensus_vsearch	3383	C	Y	257	11	3.99%	2	1	93	93	4.3975708311224564E-4	1	1	161	96	0	11	T
F6_BC66_191109_LF_LIB_consensus_vsearch	3384	G	G	262	3	1.09%	2	1	93	93	0.12429111531193521	1	1	158	104	3	0	A
F6_BC66_191109_LF_LIB_consensus_vsearch	3385	T	T	260	5	1.84%	2	2	93	93	0.030660944175210838	1	1	159	101	3	2	C
F6_BC66_191109_LF_LIB_consensus_vsearch	3386	G	G	269	1	0.37%	2	1	93	93	0.4999999999999138	1	1	161	108	0	1	+CG
F6_BC66_191109_LF_LIB_consensus_vsearch	3387	A	A	271	2	0.73%	2	1	93	93	0.24954128440383208	1	1	159	112	2	0	-C
F6_BC66_191109_LF_LIB_consensus_vsearch	3388	C	C	274	0	0%	2	0	93	0	1.0	1	0	161	113	0	0	
F6_BC66_191109_LF_LIB_consensus_vsearch	3389	C	C	274	2	0.72%	2	2	93	93	0.2495462794919261	1	1	162	112	1	1	-G
F6_BC66_191109_LF_LIB_consensus_vsearch	3390	G	*/-CG	264	7	2.55%	2	2	93	93	0.007512050058182546	1	1	157	107	3	4	-CG
F6_BC66_191109_LF_LIB_consensus_vsearch	3391	C	C	266	2	0.74%	2	1	93	93	0.24953271028049737	1	1	160	106	0	2	T
F6_BC66_191109_LF_LIB_consensus_vsearch	3392	G	G	269	0	0%	2	0	93	0	1.0	1	0	160	109	0	0	
F6_BC66_191109_LF_LIB_consensus_vsearch	3393	T	T	270	4	1.45%	2	2	93	93	0.06181507136518779	1	1	158	112	3	1	C
F6_BC66_191109_LF_LIB_consensus_vsearch	3394	C	C	269	2	0.72%	2	1	93	93	0.24953789279111838	1	1	160	109	2	0	+A
F6_BC66_191109_LF_LIB_consensus_vsearch	3395	G	G	268	2	0.73%	2	1	93	93	0.24953617810762627	1	1	156	112	2	0	-A
F6_BC66_191109_LF_LIB_consensus_vsearch	3396	A	R	256	14	5.15%	2	1	93	93	5.1346242618817986E-5	1	1	143	113	14	0	G
F6_BC66_191109_LF_LIB_consensus_vsearch	3397	C	C	268	2	0.73%	2	1	93	93	0.24953617810762627	1	1	155	113	2	0	+GC
F6_BC66_191109_LF_LIB_consensus_vsearch	3398	A	R	260	10	3.65%	2	2	93	93	8.97137079051494E-4	1	1	149	111	9	1	G
F6_BC66_191109_LF_LIB_consensus_vsearch	3399	T	T	269	3	1.09%	2	1	93	93	0.12430939226523824	1	1	160	109	3	0	-C
F6_BC66_191109_LF_LIB_consensus_vsearch	3400	C	C	262	2	0.74%	2	1	93	93	0.24952561669824413	1	1	152	110	2	0	+TC
F6_BC66_191109_LF_LIB_consensus_vsearch	3401	G	G	259	5	1.83%	2	1	93	93	0.030658715098946722	1	1	150	109	5	0	+T
F6_BC66_191109_LF_LIB_consensus_vsearch	3402	T	T	265	2	0.74%	2	1	93	93	0.2495309568482648	1	1	155	110	2	0	C
F6_BC66_191109_LF_LIB_consensus_vsearch	3403	T	T	270	4	1.46%	2	2	93	93	0.06181507136518779	1	1	160	110	2	2	C
F6_BC66_191109_LF_LIB_consensus_vsearch	3404	T	T	272	2	0.73%	2	1	93	93	0.2495429616087481	1	1	162	110	0	2	C
F6_BC66_191109_LF_LIB_consensus_vsearch	3405	A	A	270	2	0.73%	2	1	93	93	0.2495395948434138	1	1	160	110	2	0	G
F6_BC66_191109_LF_LIB_consensus_vsearch	3406	C	C	268	3	1.09%	2	2	93	93	0.12430683918669663	1	1	159	109	2	1	-T
F6_BC66_191109_LF_LIB_consensus_vsearch	3407	T	T	255	6	2.2%	2	1	93	93	0.01517774260134363	1	1	155	100	0	6	-G
F6_BC66_191109_LF_LIB_consensus_vsearch	3408	G	G	263	2	0.74%	2	1	93	93	0.24952741020799885	1	1	159	104	2	0	+AA
F6_BC66_191109_LF_LIB_consensus_vsearch	3409	G	G	272	2	0.72%	2	1	93	93	0.2495429616087481	1	1	160	112	2	0	T
F6_BC66_191109_LF_LIB_consensus_vsearch	3410	T	*/-G	248	21	7.64%	2	2	93	93	3.177523126252125E-7	1	1	162	86	1	20	-G
F6_BC66_191109_LF_LIB_consensus_vsearch	3411	G	G	252	2	0.78%	2	1	93	93	0.2495069033532105	1	1	160	92	2	0	A
F6_BC66_191109_LF_LIB_consensus_vsearch	3412	G	G	273	2	0.72%	2	1	93	93	0.2495446265938613	1	1	163	110	0	2	A
F6_BC66_191109_LF_LIB_consensus_vsearch	3413	G	G	273	3	1.09%	2	1	93	93	0.12431941923772909	1	1	163	110	0	3	A
F6_BC66_191109_LF_LIB_consensus_vsearch	3414	A	A	268	3	1.09%	2	2	93	93	0.12430683918669663	1	1	159	109	2	1	-C
F6_BC66_191109_LF_LIB_consensus_vsearch	3415	C	C	263	3	1.1%	2	1	93	93	0.12429378531094196	1	1	157	106	0	3	-TA
F6_BC66_191109_LF_LIB_consensus_vsearch	3416	T	Y	257	9	3.32%	2	2	93	93	0.0018233214254448316	1	1	155	102	5	4	C
F6_BC66_191109_LF_LIB_consensus_vsearch	3417	A	A	263	3	1.11%	2	2	93	93	0.12429378531094196	1	1	160	103	1	2	G
F6_BC66_191109_LF_LIB_consensus_vsearch	3418	C	C	265	4	1.47%	2	2	93	93	0.06180232861697055	1	1	159	106	2	2	-A
F6_BC66_191109_LF_LIB_consensus_vsearch	3419	A	A	265	4	1.48%	2	1	93	93	0.06180232861697055	1	1	155	110	4	0	G
F6_BC66_191109_LF_LIB_consensus_vsearch	3420	A	R	248	21	7.64%	2	1	93	93	3.177523126252125E-7	1	1	136	112	21	0	G
F6_BC66_191109_LF_LIB_consensus_vsearch	3421	C	C	265	4	1.47%	2	2	93	93	0.06180232861697055	1	1	156	109	2	2	-G
F6_BC66_191109_LF_LIB_consensus_vsearch	3422	G	R	243	21	7.84%	2	2	93	93	3.1521968480678163E-7	1	1	136	107	18	3	A
F6_BC66_191109_LF_LIB_consensus_vsearch	3423	G	G	270	3	1.09%	2	1	93	93	0.12431192660547026	1	1	161	109	0	3	A
F6_BC66_191109_LF_LIB_consensus_vsearch	3424	T	T	269	3	1.09%	2	1	93	93	0.12430939226523824	1	1	162	107	0	3	A
F6_BC66_191109_LF_LIB_consensus_vsearch	3425	G	*/+T	258	8	2.92%	2	1	93	93	0.003703179949352368	1	1	160	98	0	8	+T
F6_BC66_191109_LF_LIB_consensus_vsearch	3426	T	T	268	4	1.45%	2	1	93	93	0.061810030534865154	1	1	157	111	4	0	+C
F6_BC66_191109_LF_LIB_consensus_vsearch	3427	C	*/-T	261	11	3.99%	2	2	93	93	4.404479324483225E-4	1	1	158	103	1	10	-T
F6_BC66_191109_LF_LIB_consensus_vsearch	3428	T	T	251	6	2.28%	2	2	93	93	0.015170809117680038	1	1	155	96	2	4	C
F6_BC66_191109_LF_LIB_consensus_vsearch	3429	A	A	266	4	1.48%	2	1	93	93	0.06180491495741971	1	1	154	112	4	0	G
F6_BC66_191109_LF_LIB_consensus_vsearch	3430	A	R	262	8	2.92%	2	2	93	93	0.0037061514394952193	1	1	155	107	6	2	G
F6_BC66_191109_LF_LIB_consensus_vsearch	3431	T	T	270	1	0.37%	2	1	93	93	0.4999999999999138	1	1	160	110	1	0	+C
F6_BC66_191109_LF_LIB_consensus_vsearch	3432	C	C	270	3	1.09%	2	2	93	93	0.12431192660547026	1	1	158	112	2	1	-G
F6_BC66_191109_LF_LIB_consensus_vsearch	3433	G	G	266	3	1.11%	2	2	93	93	0.1243016759777629	1	1	158	108	1	2	A
F6_BC66_191109_LF_LIB_consensus_vsearch	3434	T	T	265	4	1.46%	2	2	93	93	0.06180232861697055	1	1	154	111	3	1	C
F6_BC66_191109_LF_LIB_consensus_vsearch	3435	C	*/-T	214	42	15.33%	2	2	93	93	3.638835713896946E-14	1	1	121	93	26	16	-T
F6_BC66_191109_LF_LIB_consensus_vsearch	3436	T	T	223	1	0.44%	2	1	93	93	0.5000000000003686	1	1	129	94	0	1	+C
F6_BC66_191109_LF_LIB_consensus_vsearch	3437	T	T	256	5	1.86%	2	2	93	93	0.03065192548788321	1	1	148	108	3	2	C
F6_BC66_191109_LF_LIB_consensus_vsearch	3438	T	*/+A	234	22	8%	2	1	93	93	1.4884857318176255E-7	1	1	122	112	22	0	+A
F6_BC66_191109_LF_LIB_consensus_vsearch	3439	G	R	230	30	11.36%	2	1	93	93	3.8345459066689145E-10	1	1	118	112	30	0	A
F6_BC66_191109_LF_LIB_consensus_vsearch	3440	C	C	262	6	2.2%	2	2	93	93	0.015189380104217696	1	1	158	104	1	5	-T
F6_BC66_191109_LF_LIB_consensus_vsearch	3441	T	*/-C	240	23	8.58%	2	2	93	93	7.211277908413451E-8	1	1	155	85	5	18	-C
F6_BC66_191109_LF_LIB_consensus_vsearch	3442	C	C	246	1	0.4%	2	1	93	93	0.5000000000003686	1	1	156	90	1	0	+A
F6_BC66_191109_LF_LIB_consensus_vsearch	3443	C	C	269	2	0.74%	2	1	93	93	0.24953789279111838	1	1	162	107	0	2	T
F6_BC66_191109_LF_LIB_consensus_vsearch	3444	C	C	273	1	0.36%	2	1	93	93	0.4999999999999138	1	1	161	112	0	1	A
F6_BC66_191109_LF_LIB_consensus_vsearch	3445	C	C	262	5	1.82%	2	2	93	93	0.030665352285866324	1	1	157	105	3	2	+A
F6_BC66_191109_LF_LIB_consensus_vsearch	3446	C	M	32	130	47.27%	2	2	93	93	2.713710669765505E-60	1	1	16	16	83	47	A
F6_BC66_191109_LF_LIB_consensus_vsearch	3447	C	M	246	12	4.35%	2	2	93	93	2.1420009743898608E-4	1	1	150	96	5	7	A
F6_BC66_191109_LF_LIB_consensus_vsearch	3448	C	C	268	4	1.45%	2	2	93	93	0.061810030534865154	1	1	159	109	1	3	T
F6_BC66_191109_LF_LIB_consensus_vsearch	3449	C	C	263	6	2.17%	2	2	93	93	0.015190993352737225	1	1	157	106	2	4	-T
F6_BC66_191109_LF_LIB_consensus_vsearch	3450	T	T	264	2	0.75%	2	2	93	93	0.24952919020719036	1	1	160	104	1	1	C
F6_BC66_191109_LF_LIB_consensus_vsearch	3451	T	T	266	2	0.73%	2	2	93	93	0.24953271028049737	1	1	157	109	1	1	-C
F6_BC66_191109_LF_LIB_consensus_vsearch	3452	C	*/+A	258	8	2.93%	2	2	93	93	0.003703179949352368	1	1	152	106	7	1	+A
F6_BC66_191109_LF_LIB_consensus_vsearch	3453	G	G	262	6	2.18%	2	1	93	93	0.015189380104217696	1	1	152	110	6	0	T
F6_BC66_191109_LF_LIB_consensus_vsearch	3454	T	T	265	5	1.82%	2	2	93	93	0.030671842124359663	1	1	156	109	4	1	+A
F6_BC66_191109_LF_LIB_consensus_vsearch	3455	G	*/-CT	241	23	8.42%	2	1	93	93	7.225642890746785E-8	1	1	131	110	23	0	-CT
F6_BC66_191109_LF_LIB_consensus_vsearch	3456	C	C	242	4	1.6%	2	1	93	93	0.061737033473691375	1	1	133	109	4	0	-TT
F6_BC66_191109_LF_LIB_consensus_vsearch	3457	T	T	243	3	1.22%	2	1	93	93	0.12423625254575449	1	1	130	113	3	0	C
F6_BC66_191109_LF_LIB_consensus_vsearch	3458	T	T	260	6	2.21%	2	2	93	93	0.01518611735985533	1	1	152	108	5	1	C
F6_BC66_191109_LF_LIB_consensus_vsearch	3459	G	G	275	1	0.36%	2	1	93	93	0.5000000000003686	1	1	162	113	1	0	-A
F6_BC66_191109_LF_LIB_consensus_vsearch	3460	A	A	271	2	0.73%	2	2	93	93	0.24954128440383208	1	1	160	111	1	1	G
F6_BC66_191109_LF_LIB_consensus_vsearch	3461	T	*/+C	264	7	2.54%	2	1	93	93	0.007512050058182546	1	1	152	112	7	0	+C
F6_BC66_191109_LF_LIB_consensus_vsearch	3462	C	C	267	4	1.45%	2	2	93	93	0.061807482193030554	1	1	156	111	3	1	-A
F6_BC66_191109_LF_LIB_consensus_vsearch	3463	A	A	265	3	1.11%	2	1	93	93	0.12429906542060956	1	1	155	110	3	0	T
F6_BC66_191109_LF_LIB_consensus_vsearch	3464	A	R	250	16	5.82%	2	2	93	93	1.209495021153664E-5	1	1	140	110	15	1	G
F6_BC66_191109_LF_LIB_consensus_vsearch	3465	T	*/-GA	250	7	2.6%	2	1	93	93	0.007495813166417644	1	1	142	108	7	0	-GA
F6_BC66_191109_LF_LIB_consensus_vsearch	3466	G	*/-A	246	7	2.64%	2	2	93	93	0.007490846702557751	1	1	138	108	5	2	-A
F6_BC66_191109_LF_LIB_consensus_vsearch	3467	A	A	248	2	0.78%	2	2	93	93	0.24949899799584363	1	1	142	106	1	1	+G
F6_BC66_191109_LF_LIB_consensus_vsearch	3468	A	A	269	1	0.37%	2	1	93	93	0.4999999999999138	1	1	158	111	1	0	C
F6_BC66_191109_LF_LIB_consensus_vsearch	3469	A	*/-G	268	7	2.54%	2	2	93	93	0.007516387806114139	1	1	156	112	6	1	-G
F6_BC66_191109_LF_LIB_consensus_vsearch	3470	G	G	261	5	1.86%	2	1	93	93	0.03066315650820783	1	1	151	110	5	0	T
F6_BC66_191109_LF_LIB_consensus_vsearch	3471	T	T	257	6	2.17%	2	1	93	93	0.015181130565948187	1	1	160	97	0	6	C
F6_BC66_191109_LF_LIB_consensus_vsearch	3472	A	*/-C	169	88	32.23%	2	2	93	93	3.8334812008307537E-31	1	1	80	89	76	12	-C
F6_BC66_191109_LF_LIB_consensus_vsearch	3473	C	*/+T	156	19	10.22%	2	1	93	93	1.1383846772176152E-6	1	1	81	75	0	19	+T
F6_BC66_191109_LF_LIB_consensus_vsearch	3474	C	*/+T	252	13	4.73%	2	1	93	93	1.0498926189604147E-4	1	1	159	93	0	13	+T
F6_BC66_191109_LF_LIB_consensus_vsearch	3475	C	*/-T	244	23	8.36%	2	2	93	93	7.268230400117209E-8	1	1	161	83	1	22	-T
F6_BC66_191109_LF_LIB_consensus_vsearch	3476	T	Y	237	7	2.77%	2	2	93	93	0.007479081856645369	1	1	159	78	1	6	C
F6_BC66_191109_LF_LIB_consensus_vsearch	3477	A	R	252	11	4.01%	2	2	93	93	4.388649693243239E-4	1	1	148	104	9	2	G
F6_BC66_191109_LF_LIB_consensus_vsearch	3478	G	G	258	4	1.5%	2	2	93	93	0.061783670907884385	1	1	152	106	3	1	-C
F6_BC66_191109_LF_LIB_consensus_vsearch	3479	C	C	260	4	1.5%	2	2	93	93	0.06178910273789233	1	1	152	108	3	1	A
F6_BC66_191109_LF_LIB_consensus_vsearch	3480	C	Y	253	12	4.4%	2	2	93	93	2.1495825162865442E-4	1	1	152	101	6	6	T
F6_BC66_191109_LF_LIB_consensus_vsearch	3481	A	A	262	4	1.48%	2	2	93	93	0.06179445281046573	1	1	155	107	3	1	G
F6_BC66_191109_LF_LIB_consensus_vsearch	3482	A	R	254	14	5.09%	2	1	93	93	5.1278325302827684E-5	1	1	146	108	14	0	G
F6_BC66_191109_LF_LIB_consensus_vsearch	3483	C	C	269	3	1.09%	2	1	93	93	0.12430939226523824	1	1	162	107	0	3	-T
F6_BC66_191109_LF_LIB_consensus_vsearch	3484	T	T	265	6	2.2%	2	2	93	93	0.015194184268635263	1	1	161	104	2	4	C
F6_BC66_191109_LF_LIB_consensus_vsearch	3485	G	G	271	3	1.09%	2	1	93	93	0.12431444241326345	1	1	160	111	3	0	T
F6_BC66_191109_LF_LIB_consensus_vsearch	3486	C	*/-T	256	7	2.55%	2	1	93	93	0.007502981837406636	1	1	160	96	0	7	-T
F6_BC66_191109_LF_LIB_consensus_vsearch	3487	T	T	252	6	2.31%	2	2	93	93	0.015172562563020547	1	1	156	96	3	3	C
F6_BC66_191109_LF_LIB_consensus_vsearch	3488	T	T	264	3	1.12%	2	2	93	93	0.1242964352720778	1	1	159	105	1	2	C
F6_BC66_191109_LF_LIB_consensus_vsearch	3489	T	*/-C	262	8	2.9%	2	2	93	93	0.0037061514394952193	1	1	159	103	1	7	-C
F6_BC66_191109_LF_LIB_consensus_vsearch	3490	C	*/+T	250	7	2.62%	2	1	93	93	0.007495813166417644	1	1	155	95	0	7	+T
F6_BC66_191109_LF_LIB_consensus_vsearch	3491	G	G	268	2	0.74%	2	1	93	93	0.24953617810762627	1	1	156	112	2	0	A
F6_BC66_191109_LF_LIB_consensus_vsearch	3492	C	C	263	4	1.47%	2	2	93	93	0.06179709776251344	1	1	154	109	1	3	T
F6_BC66_191109_LF_LIB_consensus_vsearch	3493	A	A	269	2	0.73%	2	2	93	93	0.24953789279111838	1	1	157	112	1	1	-T
F6_BC66_191109_LF_LIB_consensus_vsearch	3494	T	T	271	2	0.73%	2	1	93	93	0.24954128440383208	1	1	159	112	2	0	G
F6_BC66_191109_LF_LIB_consensus_vsearch	3495	T	T	263	4	1.45%	2	1	93	93	0.06179709776251344	1	1	153	110	4	0	+G
F6_BC66_191109_LF_LIB_consensus_vsearch	3496	A	*/-G	247	14	5.13%	2	2	93	93	5.103294910034228E-5	1	1	150	97	4	10	-G
F6_BC66_191109_LF_LIB_consensus_vsearch	3497	G	G	259	1	0.38%	2	1	93	93	0.4999999999999138	1	1	158	101	1	0	+A
F6_BC66_191109_LF_LIB_consensus_vsearch	3498	G	G	273	1	0.36%	2	1	93	93	0.4999999999999138	1	1	162	111	0	1	+C
F6_BC66_191109_LF_LIB_consensus_vsearch	3499	T	T	272	1	0.36%	2	1	93	93	0.5000000000003686	1	1	161	111	1	0	+C
F6_BC66_191109_LF_LIB_consensus_vsearch	3500	C	C	271	1	0.36%	2	1	93	93	0.4999999999999138	1	1	161	110	0	1	+A
F6_BC66_191109_LF_LIB_consensus_vsearch	3501	G	G	268	4	1.45%	2	2	93	93	0.061810030534865154	1	1	158	110	3	1	A
F6_BC66_191109_LF_LIB_consensus_vsearch	3502	T	T	269	2	0.73%	2	1	93	93	0.24953789279111838	1	1	160	109	0	2	C
F6_BC66_191109_LF_LIB_consensus_vsearch	3503	C	C	267	5	1.83%	2	1	93	93	0.030676089228361576	1	1	160	107	0	5	-T
F6_BC66_191109_LF_LIB_consensus_vsearch	3504	T	T	266	1	0.37%	2	1	93	93	0.4999999999999138	1	1	160	106	0	1	A
F6_BC66_191109_LF_LIB_consensus_vsearch	3505	T	T	263	5	1.82%	2	2	93	93	0.030667531693296068	1	1	154	109	4	1	+C
F6_BC66_191109_LF_LIB_consensus_vsearch	3506	C	*/-T	259	10	3.68%	2	1	93	93	8.968490941134896E-4	1	1	158	101	0	10	-T
F6_BC66_191109_LF_LIB_consensus_vsearch	3507	T	T	246	5	1.89%	2	1	93	93	0.03062812251247695	1	1	152	94	0	5	+G
F6_BC66_191109_LF_LIB_consensus_vsearch	3508	G	G	258	6	2.2%	2	1	93	93	0.015182805374032816	1	1	145	113	6	0	C
F6_BC66_191109_LF_LIB_consensus_vsearch	3509	A	*/-G	212	51	19.03%	2	2	93	93	3.0252456335593966E-17	1	1	108	104	42	9	-G
F6_BC66_191109_LF_LIB_consensus_vsearch	3510	G	G	216	1	0.46%	2	1	93	93	0.4999999999999138	1	1	112	104	1	0	+A
F6_BC66_191109_LF_LIB_consensus_vsearch	3511	G	G	264	5	1.85%	2	1	93	93	0.030669694912897477	1	1	151	113	5	0	A
F6_BC66_191109_LF_LIB_consensus_vsearch	3512	G	G	271	2	0.72%	2	1	93	93	0.24954128440383208	1	1	160	111	2	0	A
F6_BC66_191109_LF_LIB_consensus_vsearch	3513	T	*/-C	255	15	5.45%	2	2	93	93	2.498980629358518E-5	1	1	149	106	12	3	-C
F6_BC66_191109_LF_LIB_consensus_vsearch	3514	C	+A/+A	25	221	84.67%	2	2	93	93	2.986362849732586E-112	1	1	23	2	121	100	+A
F6_BC66_191109_LF_LIB_consensus_vsearch	3515	C	Y	239	23	8.33%	2	2	93	93	7.19682713646141E-8	1	1	129	110	22	1	T
F6_BC66_191109_LF_LIB_consensus_vsearch	3516	A	R	222	26	9.67%	2	1	93	93	7.465907359710654E-9	1	1	122	100	26	0	G
F6_BC66_191109_LF_LIB_consensus_vsearch	3517	G	G	256	3	1.14%	2	2	93	93	0.12427466150865948	1	1	153	103	2	1	+A
F6_BC66_191109_LF_LIB_consensus_vsearch	3518	G	*/-A	260	10	3.64%	2	1	93	93	8.97137079051494E-4	1	1	150	110	10	0	-A
F6_BC66_191109_LF_LIB_consensus_vsearch	3519	A	A	252	3	1.15%	2	2	93	93	0.12426326129665838	1	1	145	107	2	1	+T
F6_BC66_191109_LF_LIB_consensus_vsearch	3520	T	T	268	0	0%	2	0	93	0	1.0	1	0	159	109	0	0	
F6_BC66_191109_LF_LIB_consensus_vsearch	3521	T	T	270	3	1.09%	2	1	93	93	0.12431192660547026	1	1	160	110	3	0	C
F6_BC66_191109_LF_LIB_consensus_vsearch	3522	T	T	268	3	1.09%	2	2	93	93	0.12430683918669663	1	1	160	108	2	1	-C
F6_BC66_191109_LF_LIB_consensus_vsearch	3523	C	C	265	1	0.37%	2	1	93	93	0.4999999999999138	1	1	157	108	0	1	+A
F6_BC66_191109_LF_LIB_consensus_vsearch	3524	A	*/-C	137	85	31.37%	2	2	93	93	1.1457794613889988E-30	1	1	72	65	45	40	-C
F6_BC66_191109_LF_LIB_consensus_vsearch	3525	C	C	151	3	1.94%	2	1	93	93	0.12377850162863198	1	1	88	63	0	3	+T
F6_BC66_191109_LF_LIB_consensus_vsearch	3526	C	C	236	3	1.25%	2	2	93	93	0.12421383647810401	1	1	133	103	1	2	T
F6_BC66_191109_LF_LIB_consensus_vsearch	3527	C	C	250	6	2.32%	2	1	93	93	0.015169042029074849	1	1	144	106	0	6	T
F6_BC66_191109_LF_LIB_consensus_vsearch	3528	C	*/-T	249	16	5.84%	2	2	93	93	1.2084026797485504E-5	1	1	156	93	2	14	-T
F6_BC66_191109_LF_LIB_consensus_vsearch	3529	T	T	256	1	0.39%	2	1	93	93	0.4999999999999138	1	1	158	98	1	0	+AAT
F6_BC66_191109_LF_LIB_consensus_vsearch	3530	A	A	263	6	2.19%	2	2	93	93	0.015190993352737225	1	1	153	110	5	1	G
F6_BC66_191109_LF_LIB_consensus_vsearch	3531	G	*/+C	257	7	2.57%	2	2	93	93	0.007504145184876668	1	1	148	109	5	2	+C
F6_BC66_191109_LF_LIB_consensus_vsearch	3532	C	C	258	6	2.23%	2	1	93	93	0.015182805374032816	1	1	154	104	0	6	+T
F6_BC66_191109_LF_LIB_consensus_vsearch	3533	C	C	270	4	1.46%	2	2	93	93	0.06181507136518779	1	1	160	110	1	3	T
F6_BC66_191109_LF_LIB_consensus_vsearch	3534	C	C	271	3	1.09%	2	2	93	93	0.12431444241326345	1	1	159	112	2	1	T
F6_BC66_191109_LF_LIB_consensus_vsearch	3535	C	C	265	4	1.45%	2	2	93	93	0.06180232861697055	1	1	154	111	2	2	T
F6_BC66_191109_LF_LIB_consensus_vsearch	3536	A	A	262	3	1.1%	2	2	93	93	0.12429111531193521	1	1	151	111	2	1	+G
F6_BC66_191109_LF_LIB_consensus_vsearch	3537	G	*/-A	235	29	10.62%	2	1	93	93	8.259212461942531E-10	1	1	123	112	29	0	-A
F6_BC66_191109_LF_LIB_consensus_vsearch	3538	A	A	230	5	2.1%	2	1	93	93	0.030585828885528864	1	1	118	112	5	0	-G
F6_BC66_191109_LF_LIB_consensus_vsearch	3539	G	G	259	2	0.76%	2	2	93	93	0.24952015355082954	1	1	148	111	1	1	-T
F6_BC66_191109_LF_LIB_consensus_vsearch	3540	T	T	266	3	1.09%	2	2	93	93	0.1243016759777629	1	1	159	107	1	2	C
F6_BC66_191109_LF_LIB_consensus_vsearch	3541	A	R	263	9	3.27%	2	2	93	93	0.0018261337158000507	1	1	153	110	8	1	G
F6_BC66_191109_LF_LIB_consensus_vsearch	3542	C	Y	260	7	2.55%	2	2	93	93	0.0075075833477063125	1	1	157	103	3	4	T
F6_BC66_191109_LF_LIB_consensus_vsearch	3543	G	R	259	10	3.66%	2	2	93	93	8.968490941134896E-4	1	1	150	109	9	1	A
F6_BC66_191109_LF_LIB_consensus_vsearch	3544	G	G	259	6	2.18%	2	2	93	93	0.015184467591539906	1	1	154	105	5	1	+T
F6_BC66_191109_LF_LIB_consensus_vsearch	3545	T	T	267	5	1.82%	2	2	93	93	0.030676089228361576	1	1	158	109	2	3	C
F6_BC66_191109_LF_LIB_consensus_vsearch	3546	T	*/-G	253	10	3.65%	2	2	93	93	8.950763801239866E-4	1	1	149	104	8	2	-G
F6_BC66_191109_LF_LIB_consensus_vsearch	3547	G	G	254	4	1.53%	2	2	93	93	0.06177255436325217	1	1	145	109	3	1	A
F6_BC66_191109_LF_LIB_consensus_vsearch	3548	G	*/-C	224	16	5.88%	2	1	93	93	1.1784271864232843E-5	1	1	124	100	16	0	-C
F6_BC66_191109_LF_LIB_consensus_vsearch	3549	C	C	236	4	1.62%	2	1	93	93	0.0617179396278951	1	1	127	109	4	0	T
F6_BC66_191109_LF_LIB_consensus_vsearch	3550	C	Y	250	11	4.18%	2	2	93	93	4.3849887966753017E-4	1	1	142	108	7	4	T
F6_BC66_191109_LF_LIB_consensus_vsearch	3551	C	Y	239	15	5.58%	2	2	93	93	2.466799176058401E-5	1	1	140	99	12	3	T
F6_BC66_191109_LF_LIB_consensus_vsearch	3552	C	*/+G	68	134	49.26%	2	2	93	93	5.118223117359535E-56	1	1	65	3	52	82	+G
F6_BC66_191109_LF_LIB_consensus_vsearch	3553	A	A	256	6	2.22%	2	2	93	93	0.01517944302364848	1	1	149	107	3	3	G
F6_BC66_191109_LF_LIB_consensus_vsearch	3554	G	G	264	3	1.11%	2	1	93	93	0.1242964352720778	1	1	156	108	0	3	+C
F6_BC66_191109_LF_LIB_consensus_vsearch	3555	T	T	260	4	1.45%	2	2	93	93	0.06178910273789233	1	1	157	103	1	3	A
F6_BC66_191109_LF_LIB_consensus_vsearch	3556	A	*/-C	172	59	21.77%	2	2	93	93	2.461197148654469E-20	1	1	94	78	31	28	-C
F6_BC66_191109_LF_LIB_consensus_vsearch	3557	C	C	177	5	2.62%	2	1	93	93	0.03039269552742511	1	1	103	74	0	5	T
F6_BC66_191109_LF_LIB_consensus_vsearch	3558	C	Y	240	8	3.16%	2	1	93	93	0.003688638173064166	1	1	137	103	0	8	T
F6_BC66_191109_LF_LIB_consensus_vsearch	3559	C	Y	261	13	4.73%	2	1	93	93	1.0552267566302589E-4	1	1	162	99	0	13	T
F6_BC66_191109_LF_LIB_consensus_vsearch	3560	C	C	265	4	1.45%	2	2	93	93	0.06180232861697055	1	1	160	105	1	3	-T
F6_BC66_191109_LF_LIB_consensus_vsearch	3561	T	T	266	1	0.37%	2	1	93	93	0.4999999999999138	1	1	159	107	1	0	+A
F6_BC66_191109_LF_LIB_consensus_vsearch	3562	G	G	262	6	2.2%	2	1	93	93	0.015189380104217696	1	1	152	110	6	0	A
F6_BC66_191109_LF_LIB_consensus_vsearch	3563	T	T	262	5	1.84%	2	1	93	93	0.030665352285866324	1	1	156	106	0	5	C
F6_BC66_191109_LF_LIB_consensus_vsearch	3564	T	T	269	1	0.37%	2	1	93	93	0.4999999999999138	1	1	160	109	1	0	+A
F6_BC66_191109_LF_LIB_consensus_vsearch	3565	A	A	271	2	0.73%	2	2	93	93	0.24954128440383208	1	1	162	109	1	1	G
F6_BC66_191109_LF_LIB_consensus_vsearch	3566	A	A	272	1	0.36%	2	1	93	93	0.5000000000003686	1	1	162	110	0	1	+GA
F6_BC66_191109_LF_LIB_consensus_vsearch	3567	T	T	270	2	0.73%	2	2	93	93	0.2495395948434138	1	1	161	109	1	1	-C
F6_BC66_191109_LF_LIB_consensus_vsearch	3568	C	C	268	1	0.37%	2	1	93	93	0.5000000000003686	1	1	158	110	1	0	+G
F6_BC66_191109_LF_LIB_consensus_vsearch	3569	A	A	268	1	0.37%	2	1	93	93	0.5000000000003686	1	1	159	109	0	1	+CA
F6_BC66_191109_LF_LIB_consensus_vsearch	3570	T	T	270	1	0.37%	2	1	93	93	0.4999999999999138	1	1	160	110	0	1	+GGC
F6_BC66_191109_LF_LIB_consensus_vsearch	3571	T	T	267	2	0.73%	2	1	93	93	0.24953445065180796	1	1	156	111	2	0	-A
F6_BC66_191109_LF_LIB_consensus_vsearch	3572	A	A	263	6	2.21%	2	2	93	93	0.015190993352737225	1	1	152	111	5	1	G
F6_BC66_191109_LF_LIB_consensus_vsearch	3573	C	C	263	3	1.1%	2	2	93	93	0.12429378531094196	1	1	152	111	2	1	-T
F6_BC66_191109_LF_LIB_consensus_vsearch	3574	T	T	261	4	1.5%	2	2	93	93	0.06179178787806501	1	1	153	108	2	2	C
F6_BC66_191109_LF_LIB_consensus_vsearch	3575	G	G	272	1	0.37%	2	1	93	93	0.5000000000003686	1	1	159	113	1	0	A
F6_BC66_191109_LF_LIB_consensus_vsearch	3576	C	*/-AC	260	9	3.28%	2	1	93	93	0.0018247429645633383	1	1	152	108	9	0	-AC
F6_BC66_191109_LF_LIB_consensus_vsearch	3577	A	A	260	2	0.75%	2	1	93	93	0.2495219885277623	1	1	147	113	2	0	-C
F6_BC66_191109_LF_LIB_consensus_vsearch	3578	C	C	260	1	0.38%	2	1	93	93	0.4999999999999138	1	1	147	113	1	0	+A
F6_BC66_191109_LF_LIB_consensus_vsearch	3579	C	Y	234	35	12.73%	2	1	93	93	8.919294105962771E-12	1	1	156	78	0	35	T
F6_BC66_191109_LF_LIB_consensus_vsearch	3580	G	G	268	6	2.17%	2	1	93	93	0.015198883630026071	1	1	157	111	6	0	A
F6_BC66_191109_LF_LIB_consensus_vsearch	3581	T	T	268	2	0.72%	2	1	93	93	0.24953617810762627	1	1	159	109	2	0	+G
F6_BC66_191109_LF_LIB_consensus_vsearch	3582	C	C	262	6	2.17%	2	2	93	93	0.015189380104217696	1	1	161	101	1	5	-T
F6_BC66_191109_LF_LIB_consensus_vsearch	3583	T	T	267	2	0.74%	2	2	93	93	0.24953445065180796	1	1	160	107	1	1	C
F6_BC66_191109_LF_LIB_consensus_vsearch	3584	T	T	273	2	0.72%	2	1	93	93	0.2495446265938613	1	1	160	113	2	0	C
F6_BC66_191109_LF_LIB_consensus_vsearch	3585	T	T	267	4	1.45%	2	1	93	93	0.061807482193030554	1	1	158	109	4	0	-A
F6_BC66_191109_LF_LIB_consensus_vsearch	3586	A	A	266	2	0.74%	2	2	93	93	0.24953271028049737	1	1	155	111	1	1	C
F6_BC66_191109_LF_LIB_consensus_vsearch	3587	A	R	264	8	2.9%	2	2	93	93	0.0037076048169334716	1	1	155	109	6	2	G
F6_BC66_191109_LF_LIB_consensus_vsearch	3588	C	C	267	4	1.47%	2	1	93	93	0.061807482193030554	1	1	156	111	4	0	G
F6_BC66_191109_LF_LIB_consensus_vsearch	3589	C	Y	252	18	6.55%	2	2	93	93	2.846197472922363E-6	1	1	160	92	2	16	T
F6_BC66_191109_LF_LIB_consensus_vsearch	3590	A	A	269	1	0.37%	2	1	93	93	0.4999999999999138	1	1	159	110	1	0	+GC
F6_BC66_191109_LF_LIB_consensus_vsearch	3591	A	R	259	14	5.07%	2	2	93	93	5.14463684801948E-5	1	1	149	110	12	2	G
F6_BC66_191109_LF_LIB_consensus_vsearch	3592	C	C	267	5	1.81%	2	1	93	93	0.030676089228361576	1	1	160	107	0	5	+A
F6_BC66_191109_LF_LIB_consensus_vsearch	3593	A	A	274	1	0.36%	2	1	93	93	0.4999999999999138	1	1	162	112	0	1	G
F6_BC66_191109_LF_LIB_consensus_vsearch	3594	A	A	267	4	1.45%	2	1	93	93	0.061807482193030554	1	1	160	107	0	4	-CAA
F6_BC66_191109_LF_LIB_consensus_vsearch	3595	C	C	260	5	1.85%	2	1	93	93	0.030660944175210838	1	1	153	107	5	0	-A
F6_BC66_191109_LF_LIB_consensus_vsearch	3596	A	A	264	1	0.37%	2	1	93	93	0.4999999999999138	1	1	155	109	1	0	+G
F6_BC66_191109_LF_LIB_consensus_vsearch	3597	A	A	267	2	0.74%	2	1	93	93	0.24953445065180796	1	1	160	107	2	0	-G
F6_BC66_191109_LF_LIB_consensus_vsearch	3598	G	G	270	1	0.36%	2	1	93	93	0.4999999999999138	1	1	159	111	0	1	-AC
F6_BC66_191109_LF_LIB_consensus_vsearch	3599	A	A	270	2	0.73%	2	1	93	93	0.2495395948434138	1	1	159	111	2	0	G
F6_BC66_191109_LF_LIB_consensus_vsearch	3600	C	C	270	3	1.09%	2	1	93	93	0.12431192660547026	1	1	158	112	3	0	-G
F6_BC66_191109_LF_LIB_consensus_vsearch	3601	G	G	269	1	0.37%	2	1	93	93	0.4999999999999138	1	1	157	112	0	1	+TG
F6_BC66_191109_LF_LIB_consensus_vsearch	3602	C	C	263	5	1.81%	2	1	93	93	0.030667531693296068	1	1	155	108	5	0	+TT
F6_BC66_191109_LF_LIB_consensus_vsearch	3603	T	T	271	1	0.37%	2	1	93	93	0.4999999999999138	1	1	162	109	0	1	+G
F6_BC66_191109_LF_LIB_consensus_vsearch	3604	G	G	267	2	0.73%	2	1	93	93	0.24953445065180796	1	1	157	110	2	0	+C
F6_BC66_191109_LF_LIB_consensus_vsearch	3605	C	C	266	3	1.09%	2	1	93	93	0.1243016759777629	1	1	161	105	0	3	T
F6_BC66_191109_LF_LIB_consensus_vsearch	3606	G	R	253	15	5.49%	2	2	93	93	2.4951522273802892E-5	1	1	148	105	13	2	A
F6_BC66_191109_LF_LIB_consensus_vsearch	3607	G	G	267	6	2.17%	2	2	93	93	0.015197328608558202	1	1	158	109	2	4	A
F6_BC66_191109_LF_LIB_consensus_vsearch	3608	T	*/-C	259	15	5.45%	2	1	93	93	2.50648212065113E-5	1	1	146	113	15	0	-C
F6_BC66_191109_LF_LIB_consensus_vsearch	3609	C	C	257	2	0.77%	2	2	93	93	0.24951644100587136	1	1	146	111	1	1	+G
F6_BC66_191109_LF_LIB_consensus_vsearch	3610	C	C	271	2	0.72%	2	2	93	93	0.24954128440383208	1	1	159	112	1	1	T
F6_BC66_191109_LF_LIB_consensus_vsearch	3611	A	A	270	2	0.73%	2	1	93	93	0.2495395948434138	1	1	158	112	2	0	G
F6_BC66_191109_LF_LIB_consensus_vsearch	3612	T	T	267	4	1.45%	2	2	93	93	0.061807482193030554	1	1	157	110	2	2	C
F6_BC66_191109_LF_LIB_consensus_vsearch	3613	G	G	269	5	1.82%	2	1	93	93	0.030680274390748198	1	1	157	112	5	0	A
F6_BC66_191109_LF_LIB_consensus_vsearch	3614	T	*/-GT	257	10	3.62%	2	2	93	93	8.962668170105445E-4	1	1	150	107	5	5	-GT
F6_BC66_191109_LF_LIB_consensus_vsearch	3615	G	R	249	7	2.67%	2	1	93	93	0.007494585982750822	1	1	142	107	7	0	A
F6_BC66_191109_LF_LIB_consensus_vsearch	3616	T	T	255	2	0.76%	2	1	93	93	0.2495126705651419	1	1	150	105	0	2	C
F6_BC66_191109_LF_LIB_consensus_vsearch	3617	T	T	263	6	2.21%	2	2	93	93	0.015190993352737225	1	1	153	110	4	2	C
F6_BC66_191109_LF_LIB_consensus_vsearch	3618	A	A	266	3	1.11%	2	2	93	93	0.1243016759777629	1	1	155	111	2	1	-T
F6_BC66_191109_LF_LIB_consensus_vsearch	3619	T	T	264	3	1.11%	2	1	93	93	0.1242964352720778	1	1	156	108	0	3	+C
F6_BC66_191109_LF_LIB_consensus_vsearch	3620	T	T	262	6	2.2%	2	2	93	93	0.015189380104217696	1	1	152	110	5	1	-C
F6_BC66_191109_LF_LIB_consensus_vsearch	3621	C	C	267	1	0.37%	2	1	93	93	0.5000000000003686	1	1	155	112	1	0	+GC
F6_BC66_191109_LF_LIB_consensus_vsearch	3622	C	C	270	2	0.73%	2	1	93	93	0.2495395948434138	1	1	157	113	2	0	A
F6_BC66_191109_LF_LIB_consensus_vsearch	3623	A	A	269	4	1.45%	2	2	93	93	0.06181256019060895	1	1	157	112	3	1	G
F6_BC66_191109_LF_LIB_consensus_vsearch	3624	T	T	268	2	0.73%	2	1	93	93	0.24953617810762627	1	1	160	108	0	2	-GC
F6_BC66_191109_LF_LIB_consensus_vsearch	3625	G	G	265	1	0.37%	2	1	93	93	0.4999999999999138	1	1	156	109	1	0	+C
F6_BC66_191109_LF_LIB_consensus_vsearch	3626	C	C	261	4	1.47%	2	1	93	93	0.06179178787806501	1	1	155	106	4	0	+TTGC
F6_BC66_191109_LF_LIB_consensus_vsearch	3627	T	T	264	2	0.74%	2	1	93	93	0.24952919020719036	1	1	157	107	2	0	-AAT
F6_BC66_191109_LF_LIB_consensus_vsearch	3628	A	A	266	3	1.1%	2	2	93	93	0.1243016759777629	1	1	157	109	2	1	C
F6_BC66_191109_LF_LIB_consensus_vsearch	3629	A	A	266	3	1.09%	2	2	93	93	0.1243016759777629	1	1	158	108	2	1	G
F6_BC66_191109_LF_LIB_consensus_vsearch	3630	T	T	267	3	1.09%	2	1	93	93	0.12430426716151294	1	1	157	110	3	0	+G
F6_BC66_191109_LF_LIB_consensus_vsearch	3631	A	A	271	3	1.09%	2	1	93	93	0.12431444241326345	1	1	158	113	3	0	-G
F6_BC66_191109_LF_LIB_consensus_vsearch	3632	G	G	270	3	1.1%	2	2	93	93	0.12431192660547026	1	1	158	112	2	1	-A
F6_BC66_191109_LF_LIB_consensus_vsearch	3633	A	A	270	1	0.37%	2	1	93	93	0.4999999999999138	1	1	160	110	0	1	+T
F6_BC66_191109_LF_LIB_consensus_vsearch	3634	T	T	268	4	1.46%	2	1	93	93	0.061810030534865154	1	1	161	107	0	4	+C
F6_BC66_191109_LF_LIB_consensus_vsearch	3635	T	*/-C	259	7	2.55%	2	2	93	93	0.007506445843275869	1	1	154	105	3	4	-C
F6_BC66_191109_LF_LIB_consensus_vsearch	3636	C	C	263	3	1.12%	2	1	93	93	0.12429378531094196	1	1	159	104	0	3	-GG
F6_BC66_191109_LF_LIB_consensus_vsearch	3637	G	G	266	3	1.1%	2	1	93	93	0.1243016759777629	1	1	157	109	3	0	A
F6_BC66_191109_LF_LIB_consensus_vsearch	3638	G	G	267	2	0.73%	2	1	93	93	0.24953445065180796	1	1	158	109	2	0	A
F6_BC66_191109_LF_LIB_consensus_vsearch	3639	G	G	265	4	1.45%	2	2	93	93	0.06180232861697055	1	1	153	112	3	1	A
F6_BC66_191109_LF_LIB_consensus_vsearch	3640	C	*/-A	254	14	5.09%	2	1	93	93	5.1278325302827684E-5	1	1	144	110	14	0	-A
F6_BC66_191109_LF_LIB_consensus_vsearch	3641	A	A	249	5	1.93%	2	2	93	93	0.03063545999571253	1	1	140	109	3	2	G
F6_BC66_191109_LF_LIB_consensus_vsearch	3642	A	A	272	1	0.36%	2	1	93	93	0.5000000000003686	1	1	160	112	1	0	+G
F6_BC66_191109_LF_LIB_consensus_vsearch	3643	A	A	271	2	0.72%	2	2	93	93	0.24954128440383208	1	1	159	112	1	1	G
F6_BC66_191109_LF_LIB_consensus_vsearch	3644	G	G	268	2	0.73%	2	1	93	93	0.24953617810762627	1	1	158	110	0	2	-T
F6_BC66_191109_LF_LIB_consensus_vsearch	3645	T	T	268	2	0.73%	2	2	93	93	0.24953617810762627	1	1	162	106	1	1	-G
F6_BC66_191109_LF_LIB_consensus_vsearch	3646	G	G	257	6	2.2%	2	2	93	93	0.015181130565948187	1	1	150	107	5	1	-C
F6_BC66_191109_LF_LIB_consensus_vsearch	3647	C	C	255	5	1.87%	2	1	93	93	0.03064962750114854	1	1	155	100	0	5	+T
F6_BC66_191109_LF_LIB_consensus_vsearch	3648	C	*/-T	255	11	4%	2	2	93	93	4.3940412746515644E-4	1	1	150	105	6	5	-T
F6_BC66_191109_LF_LIB_consensus_vsearch	3649	T	*/-GCCT	242	8	3.02%	2	1	93	93	0.003690355937378303	1	1	144	98	8	0	-GCCT
F6_BC66_191109_LF_LIB_consensus_vsearch	3650	G	G	258	3	1.13%	2	1	93	93	0.12428023032618613	1	1	149	109	3	0	-C
F6_BC66_191109_LF_LIB_consensus_vsearch	3651	C	C	252	6	2.28%	2	1	93	93	0.015172562563020547	1	1	142	110	6	0	+G
F6_BC66_191109_LF_LIB_consensus_vsearch	3652	C	*/-T	247	10	3.76%	2	2	93	93	8.932230783903669E-4	1	1	148	99	4	6	-T
F6_BC66_191109_LF_LIB_consensus_vsearch	3653	T	T	248	4	1.57%	2	1	93	93	0.061755217199896344	1	1	142	106	4	0	C
F6_BC66_191109_LF_LIB_consensus_vsearch	3654	T	Y	263	9	3.3%	2	2	93	93	0.0018261337158000507	1	1	152	111	8	1	C
F6_BC66_191109_LF_LIB_consensus_vsearch	3655	A	A	263	5	1.82%	2	2	93	93	0.030667531693296068	1	1	156	107	3	2	G
F6_BC66_191109_LF_LIB_consensus_vsearch	3656	T	T	265	4	1.47%	2	2	93	93	0.06180232861697055	1	1	158	107	1	3	C
F6_BC66_191109_LF_LIB_consensus_vsearch	3657	G	G	267	5	1.82%	2	2	93	93	0.030676089228361576	1	1	155	112	4	1	A
F6_BC66_191109_LF_LIB_consensus_vsearch	3658	C	C	269	4	1.45%	2	2	93	93	0.06181256019060895	1	1	158	111	2	2	-G
F6_BC66_191109_LF_LIB_consensus_vsearch	3659	G	*/+C	253	12	4.41%	2	1	93	93	2.1495825162865442E-4	1	1	158	95	0	12	+C
F6_BC66_191109_LF_LIB_consensus_vsearch	3660	C	C	265	6	2.17%	2	1	93	93	0.015194184268635263	1	1	163	102	0	6	+T
F6_BC66_191109_LF_LIB_consensus_vsearch	3661	T	*/-C	258	9	3.32%	2	2	93	93	0.001823798755543091	1	1	162	96	1	8	-C
F6_BC66_191109_LF_LIB_consensus_vsearch	3662	C	*/-TC	252	8	3%	2	2	93	93	0.003698553505001527	1	1	157	95	3	5	-TC
F6_BC66_191109_LF_LIB_consensus_vsearch	3663	T	T	262	2	0.75%	2	1	93	93	0.24952561669824413	1	1	157	105	2	0	-CA
F6_BC66_191109_LF_LIB_consensus_vsearch	3664	C	C	258	2	0.75%	2	2	93	93	0.24951830443137643	1	1	153	105	1	1	+T
F6_BC66_191109_LF_LIB_consensus_vsearch	3665	A	*/+T	253	10	3.68%	2	1	93	93	8.950763801239866E-4	1	1	143	110	10	0	+T
F6_BC66_191109_LF_LIB_consensus_vsearch	3666	T	T	267	2	0.74%	2	2	93	93	0.24953445065180796	1	1	157	110	1	1	C
F6_BC66_191109_LF_LIB_consensus_vsearch	3667	T	T	271	1	0.37%	2	1	93	93	0.4999999999999138	1	1	160	111	0	1	A
F6_BC66_191109_LF_LIB_consensus_vsearch	3668	T	T	270	1	0.36%	2	1	93	93	0.4999999999999138	1	1	160	110	1	0	+A
F6_BC66_191109_LF_LIB_consensus_vsearch	3669	G	G	269	2	0.73%	2	1	93	93	0.24953789279111838	1	1	159	110	0	2	C
F6_BC66_191109_LF_LIB_consensus_vsearch	3670	T	T	271	1	0.36%	2	1	93	93	0.4999999999999138	1	1	162	109	0	1	+C
F6_BC66_191109_LF_LIB_consensus_vsearch	3671	T	*/+C	260	9	3.28%	2	1	93	93	0.0018247429645633383	1	1	152	108	9	0	+C
F6_BC66_191109_LF_LIB_consensus_vsearch	3672	C	*/-G	246	23	8.33%	2	2	93	93	7.29620637180044E-8	1	1	139	107	22	1	-G
F6_BC66_191109_LF_LIB_consensus_vsearch	3673	G	*/-AG	227	19	7.51%	2	1	93	93	1.329073677768642E-6	1	1	116	111	19	0	-AG
F6_BC66_191109_LF_LIB_consensus_vsearch	3674	A	*/-G	221	22	8.7%	2	2	93	93	1.4497218222783636E-7	1	1	115	106	19	3	-G
F6_BC66_191109_LF_LIB_consensus_vsearch	3675	G	R	220	8	3.4%	2	1	93	93	0.0036698276230520683	1	1	112	108	8	0	A
F6_BC66_191109_LF_LIB_consensus_vsearch	3676	G	K	261	7	2.54%	2	1	93	93	0.007508712428886389	1	1	153	108	7	0	T
F6_BC66_191109_LF_LIB_consensus_vsearch	3677	T	*/+G	256	7	2.6%	2	2	93	93	0.007502981837406636	1	1	157	99	1	6	+G
F6_BC66_191109_LF_LIB_consensus_vsearch	3678	A	R	245	11	4.01%	2	2	93	93	4.375595006058856E-4	1	1	154	91	5	6	G
F6_BC66_191109_LF_LIB_consensus_vsearch	3679	T	Y	256	9	3.33%	2	2	93	93	0.0018228405600327687	1	1	159	97	1	8	C
F6_BC66_191109_LF_LIB_consensus_vsearch	3680	T	*/-C	257	8	2.92%	2	2	93	93	0.0037024232386659835	1	1	157	100	1	7	-C
F6_BC66_191109_LF_LIB_consensus_vsearch	3681	C	C	253	6	2.24%	2	2	93	93	0.01517430252249324	1	1	156	97	1	5	-G
F6_BC66_191109_LF_LIB_consensus_vsearch	3682	G	G	257	3	1.12%	2	2	93	93	0.12427745664727831	1	1	154	103	2	1	T
F6_BC66_191109_LF_LIB_consensus_vsearch	3683	T	T	260	5	1.85%	2	1	93	93	0.030660944175210838	1	1	156	104	0	5	A
F6_BC66_191109_LF_LIB_consensus_vsearch	3684	G	G	266	2	0.73%	2	1	93	93	0.24953271028049737	1	1	159	107	0	2	C
F6_BC66_191109_LF_LIB_consensus_vsearch	3685	A	*/-C	257	8	2.92%	2	2	93	93	0.0037024232386659835	1	1	148	109	5	3	-C
F6_BC66_191109_LF_LIB_consensus_vsearch	3686	C	C	261	3	1.13%	2	2	93	93	0.12428842504744599	1	1	154	107	1	2	T
F6_BC66_191109_LF_LIB_consensus_vsearch	3687	C	*/-GG	252	7	2.55%	2	1	93	93	0.007498239332403135	1	1	155	97	0	7	-GG
F6_BC66_191109_LF_LIB_consensus_vsearch	3688	G	G	254	6	2.3%	2	1	93	93	0.015176029151052142	1	1	154	100	6	0	A
F6_BC66_191109_LF_LIB_consensus_vsearch	3689	G	G	263	4	1.49%	2	2	93	93	0.06179709776251344	1	1	161	102	1	3	T
F6_BC66_191109_LF_LIB_consensus_vsearch	3690	G	G	272	1	0.36%	2	1	93	93	0.5000000000003686	1	1	161	111	1	0	+T
F6_BC66_191109_LF_LIB_consensus_vsearch	3691	A	A	262	5	1.82%	2	2	93	93	0.030665352285866324	1	1	152	110	4	1	-C
F6_BC66_191109_LF_LIB_consensus_vsearch	3692	C	C	267	2	0.74%	2	2	93	93	0.24953445065180796	1	1	157	110	1	1	T
F6_BC66_191109_LF_LIB_consensus_vsearch	3693	C	*/+G	262	8	2.91%	2	2	93	93	0.0037061514394952193	1	1	155	107	2	6	+G
F6_BC66_191109_LF_LIB_consensus_vsearch	3694	G	*/-A	253	13	4.76%	2	1	93	93	1.0505021901642927E-4	1	1	141	112	13	0	-A
F6_BC66_191109_LF_LIB_consensus_vsearch	3695	A	*/-G	240	15	5.81%	2	2	93	93	2.468919460222434E-5	1	1	128	112	14	1	-G
F6_BC66_191109_LF_LIB_consensus_vsearch	3696	G	G	250	2	0.78%	2	1	93	93	0.2495029821073759	1	1	142	108	2	0	+A
F6_BC66_191109_LF_LIB_consensus_vsearch	3697	G	G	267	4	1.45%	2	1	93	93	0.061807482193030554	1	1	160	107	0	4	-T
F6_BC66_191109_LF_LIB_consensus_vsearch	3698	T	*/-C	252	8	2.94%	2	1	93	93	0.003698553505001527	1	1	147	105	8	0	-C
F6_BC66_191109_LF_LIB_consensus_vsearch	3699	C	C	264	0	0%	2	0	93	0	1.0	1	0	152	112	0	0	
F6_BC66_191109_LF_LIB_consensus_vsearch	3700	C	*/-AC	262	8	2.94%	2	2	93	93	0.0037061514394952193	1	1	154	108	5	3	-AC
F6_BC66_191109_LF_LIB_consensus_vsearch	3701	A	A	254	2	0.76%	2	1	93	93	0.2495107632092758	1	1	153	101	0	2	-CGG
F6_BC66_191109_LF_LIB_consensus_vsearch	3702	C	C	244	6	2.28%	2	2	93	93	0.015158143859196256	1	1	152	92	1	5	-G
F6_BC66_191109_LF_LIB_consensus_vsearch	3703	G	G	258	5	1.89%	2	1	93	93	0.030656469088614302	1	1	155	103	5	0	A
F6_BC66_191109_LF_LIB_consensus_vsearch	3704	G	G	257	4	1.48%	2	2	93	93	0.061780923746039114	1	1	155	102	3	1	-C
F6_BC66_191109_LF_LIB_consensus_vsearch	3705	C	Y	244	18	6.79%	2	1	93	93	2.8199762761997825E-6	1	1	159	85	0	18	T
F6_BC66_191109_LF_LIB_consensus_vsearch	3706	C	Y	224	18	6.69%	2	1	93	93	2.7478272386502084E-6	1	1	138	86	0	18	T
F6_BC66_191109_LF_LIB_consensus_vsearch	3707	A	*/-T	221	23	8.88%	2	2	93	93	6.921156543729746E-8	1	1	135	86	14	9	-T
F6_BC66_191109_LF_LIB_consensus_vsearch	3708	T	K	225	13	5.31%	2	1	93	93	1.0316114131630932E-4	1	1	133	92	13	0	G
F6_BC66_191109_LF_LIB_consensus_vsearch	3709	T	Y	245	10	3.72%	2	2	93	93	8.925864463478502E-4	1	1	149	96	2	8	C
F6_BC66_191109_LF_LIB_consensus_vsearch	3710	A	*/-G	189	42	16.03%	2	1	93	93	2.924471473994922E-14	1	1	136	53	0	42	-G
F6_BC66_191109_LF_LIB_consensus_vsearch	3711	G	G	225	1	0.44%	2	1	93	93	0.5000000000003686	1	1	162	63	0	1	+C
F6_BC66_191109_LF_LIB_consensus_vsearch	3712	G	*/+A	246	18	6.64%	2	1	93	93	2.8266626691789653E-6	1	1	138	108	18	0	+A
F6_BC66_191109_LF_LIB_consensus_vsearch	3713	G	R	266	7	2.56%	2	2	93	93	0.0075142347009056415	1	1	156	110	6	1	A
F6_BC66_191109_LF_LIB_consensus_vsearch	3714	C	Y	260	7	2.55%	2	1	93	93	0.0075075833477063125	1	1	155	105	0	7	T
F6_BC66_191109_LF_LIB_consensus_vsearch	3715	G	G	262	4	1.48%	2	1	93	93	0.06179445281046573	1	1	150	112	4	0	A
F6_BC66_191109_LF_LIB_consensus_vsearch	3716	C	C	265	2	0.74%	2	1	93	93	0.2495309568482648	1	1	154	111	2	0	A
F6_BC66_191109_LF_LIB_consensus_vsearch	3717	C	Y	255	12	4.38%	2	2	93	93	2.151678747999977E-4	1	1	153	102	3	9	T
F6_BC66_191109_LF_LIB_consensus_vsearch	3718	G	R	256	10	3.72%	2	1	93	93	8.959724786606658E-4	1	1	145	111	10	0	A
F6_BC66_191109_LF_LIB_consensus_vsearch	3719	G	*/-C	256	8	2.91%	2	2	93	93	0.003701660868547635	1	1	146	110	6	2	-C
F6_BC66_191109_LF_LIB_consensus_vsearch	3720	C	C	259	4	1.5%	2	2	93	93	0.061786397159329126	1	1	152	107	3	1	A
F6_BC66_191109_LF_LIB_consensus_vsearch	3721	C	*/-G	255	8	2.92%	2	2	93	93	0.003700892775288906	1	1	150	105	5	3	-G
F6_BC66_191109_LF_LIB_consensus_vsearch	3722	G	G	254	5	1.89%	2	1	93	93	0.030647311787538743	1	1	147	107	5	0	A
F6_BC66_191109_LF_LIB_consensus_vsearch	3723	G	G	259	6	2.2%	2	1	93	93	0.015184467591539906	1	1	151	108	6	0	A
F6_BC66_191109_LF_LIB_consensus_vsearch	3724	C	*/+G	244	15	5.6%	2	1	93	93	2.4772496762156424E-5	1	1	137	107	15	0	+G
F6_BC66_191109_LF_LIB_consensus_vsearch	3725	A	*/-G	251	11	4.07%	2	1	93	93	4.386825993841257E-4	1	1	143	108	11	0	-G
F6_BC66_191109_LF_LIB_consensus_vsearch	3726	G	*/+A	242	15	5.73%	2	1	93	93	2.473114429202734E-5	1	1	134	108	15	0	+A
F6_BC66_191109_LF_LIB_consensus_vsearch	3727	T	*/-C	257	9	3.3%	2	1	93	93	0.0018233214254448316	1	1	148	109	9	0	-C
F6_BC66_191109_LF_LIB_consensus_vsearch	3728	C	C	263	1	0.38%	2	1	93	93	0.4999999999999138	1	1	151	112	1	0	+A
F6_BC66_191109_LF_LIB_consensus_vsearch	3729	C	*/-AC	258	7	2.55%	2	1	93	93	0.007505299821009934	1	1	148	110	7	0	-AC
F6_BC66_191109_LF_LIB_consensus_vsearch	3730	A	*/-C	211	22	8.43%	2	2	93	93	1.4176074834593726E-7	1	1	110	101	19	3	-C
F6_BC66_191109_LF_LIB_consensus_vsearch	3731	C	*/+T	224	8	3.4%	2	1	93	93	0.003673845400689721	1	1	127	97	0	8	+T
F6_BC66_191109_LF_LIB_consensus_vsearch	3732	C	S	257	8	3.01%	2	1	93	93	0.0037024232386659835	1	1	147	110	8	0	G
F6_BC66_191109_LF_LIB_consensus_vsearch	3733	C	C	266	3	1.1%	2	1	93	93	0.1243016759777629	1	1	154	112	3	0	G
F6_BC66_191109_LF_LIB_consensus_vsearch	3734	C	Y	237	19	6.93%	2	1	93	93	1.3486832968659411E-6	1	1	147	90	0	19	T
F6_BC66_191109_LF_LIB_consensus_vsearch	3735	G	*/-A	247	13	4.89%	2	2	93	93	1.0467782079246774E-4	1	1	137	110	12	1	-A
F6_BC66_191109_LF_LIB_consensus_vsearch	3736	A	A	247	1	0.4%	2	1	93	93	0.4999999999999138	1	1	136	111	1	0	+GA
F6_BC66_191109_LF_LIB_consensus_vsearch	3737	A	*/-GG	225	22	8.18%	2	1	93	93	1.4619930146121474E-7	1	1	115	110	22	0	-GG
F6_BC66_191109_LF_LIB_consensus_vsearch	3738	G	G	221	4	1.72%	2	1	93	93	0.06166574490670126	1	1	115	106	0	4	+C
F6_BC66_191109_LF_LIB_consensus_vsearch	3739	G	R	235	9	3.61%	2	1	93	93	0.0018118503395958998	1	1	122	113	9	0	A
F6_BC66_191109_LF_LIB_consensus_vsearch	3740	G	G	271	2	0.73%	2	1	93	93	0.24954128440383208	1	1	159	112	2	0	A
F6_BC66_191109_LF_LIB_consensus_vsearch	3741	T	T	268	3	1.09%	2	2	93	93	0.12430683918669663	1	1	158	110	1	2	C
F6_BC66_191109_LF_LIB_consensus_vsearch	3742	G	G	265	3	1.1%	2	1	93	93	0.12429906542060956	1	1	158	107	0	3	+C
F6_BC66_191109_LF_LIB_consensus_vsearch	3743	C	*/-TT	234	11	4.04%	2	1	93	93	4.353628116613763E-4	1	1	132	102	11	0	-TT
F6_BC66_191109_LF_LIB_consensus_vsearch	3744	T	Y	238	7	2.79%	2	2	93	93	0.007480431384223459	1	1	135	103	3	4	C
F6_BC66_191109_LF_LIB_consensus_vsearch	3745	T	*/+CT	216	12	4.67%	2	1	93	93	2.104496857598024E-4	1	1	132	84	0	12	+CT
F6_BC66_191109_LF_LIB_consensus_vsearch	3746	G	*/-C	215	31	11.74%	2	2	93	93	1.6988830276882073E-10	1	1	121	94	23	8	-C
F6_BC66_191109_LF_LIB_consensus_vsearch	3747	C	*/+G	205	7	3.04%	2	2	93	93	0.0074292407456773525	1	1	117	88	6	1	+G
F6_BC66_191109_LF_LIB_consensus_vsearch	3748	C	*/-T	212	33	12.36%	2	2	93	93	3.667497964895256E-11	1	1	133	79	15	18	-T
F6_BC66_191109_LF_LIB_consensus_vsearch	3749	T	W	203	12	5.19%	2	1	93	93	2.0851661109317314E-4	1	1	115	88	12	0	A
F6_BC66_191109_LF_LIB_consensus_vsearch	3750	T	Y	250	12	4.48%	2	2	93	93	2.146380749426225E-4	1	1	150	100	4	8	C
F6_BC66_191109_LF_LIB_consensus_vsearch	3751	G	R	240	28	10.37%	2	2	93	93	1.7707797955052088E-9	1	1	132	108	27	1	A
F6_BC66_191109_LF_LIB_consensus_vsearch	3752	G	G	272	1	0.36%	2	1	93	93	0.5000000000003686	1	1	160	112	0	1	-C
F6_BC66_191109_LF_LIB_consensus_vsearch	3753	C	C	271	1	0.36%	2	1	93	93	0.4999999999999138	1	1	159	112	1	0	+G
F6_BC66_191109_LF_LIB_consensus_vsearch	3754	G	G	265	5	1.82%	2	1	93	93	0.030671842124359663	1	1	155	110	5	0	A
F6_BC66_191109_LF_LIB_consensus_vsearch	3755	C	C	263	5	1.84%	2	2	93	93	0.030667531693296068	1	1	156	107	2	3	-G
F6_BC66_191109_LF_LIB_consensus_vsearch	3756	G	G	265	2	0.75%	2	1	93	93	0.2495309568482648	1	1	156	109	2	0	A
F6_BC66_191109_LF_LIB_consensus_vsearch	3757	G	*/-C	185	71	25.72%	2	2	93	93	1.4857127754555825E-24	1	1	100	85	51	20	-C
F6_BC66_191109_LF_LIB_consensus_vsearch	3758	C	C	185	6	3.11%	2	1	93	93	0.01501470753479516	1	1	99	86	0	6	+T
F6_BC66_191109_LF_LIB_consensus_vsearch	3759	C	C	262	1	0.38%	2	1	93	93	0.5000000000003686	1	1	150	112	1	0	G
F6_BC66_191109_LF_LIB_consensus_vsearch	3760	C	C	267	2	0.73%	2	1	93	93	0.24953445065180796	1	1	157	110	0	2	+T
F6_BC66_191109_LF_LIB_consensus_vsearch	3761	C	C	269	4	1.45%	2	2	93	93	0.06181256019060895	1	1	162	107	1	3	-T
F6_BC66_191109_LF_LIB_consensus_vsearch	3762	T	*/+G	253	14	5.15%	2	2	93	93	5.1244009276311245E-5	1	1	155	98	5	9	+G
F6_BC66_191109_LF_LIB_consensus_vsearch	3763	G	G	264	3	1.09%	2	1	93	93	0.1242964352720778	1	1	153	111	3	0	+A
F6_BC66_191109_LF_LIB_consensus_vsearch	3764	A	A	263	5	1.84%	2	2	93	93	0.030667531693296068	1	1	155	108	3	2	G
F6_BC66_191109_LF_LIB_consensus_vsearch	3765	G	G	272	1	0.37%	2	1	93	93	0.5000000000003686	1	1	162	110	1	0	A
F6_BC66_191109_LF_LIB_consensus_vsearch	3766	C	C	271	2	0.72%	2	2	93	93	0.24954128440383208	1	1	160	111	1	1	T
F6_BC66_191109_LF_LIB_consensus_vsearch	3767	A	A	270	1	0.36%	2	1	93	93	0.4999999999999138	1	1	159	111	0	1	+CCGGG
F6_BC66_191109_LF_LIB_consensus_vsearch	3768	T	T	268	1	0.36%	2	1	93	93	0.5000000000003686	1	1	157	111	1	0	+CC
F6_BC66_191109_LF_LIB_consensus_vsearch	3769	C	C	269	3	1.09%	2	1	93	93	0.12430939226523824	1	1	161	108	0	3	-A
F6_BC66_191109_LF_LIB_consensus_vsearch	3770	A	A	269	1	0.37%	2	1	93	93	0.4999999999999138	1	1	160	109	0	1	C
F6_BC66_191109_LF_LIB_consensus_vsearch	3771	A	R	259	11	4.01%	2	1	93	93	4.40104982176298E-4	1	1	149	110	11	0	G
F6_BC66_191109_LF_LIB_consensus_vsearch	3772	C	C	260	3	1.1%	2	1	93	93	0.12428571428582305	1	1	152	108	3	0	+T
F6_BC66_191109_LF_LIB_consensus_vsearch	3773	T	T	259	5	1.86%	2	2	93	93	0.030658715098946722	1	1	153	106	2	3	C
F6_BC66_191109_LF_LIB_consensus_vsearch	3774	A	A	263	2	0.74%	2	1	93	93	0.24952741020799885	1	1	152	111	2	0	G
F6_BC66_191109_LF_LIB_consensus_vsearch	3775	C	C	262	4	1.47%	2	2	93	93	0.06179445281046573	1	1	154	108	3	1	-GC
F6_BC66_191109_LF_LIB_consensus_vsearch	3776	G	G	268	1	0.37%	2	1	93	93	0.5000000000003686	1	1	157	111	0	1	+T
F6_BC66_191109_LF_LIB_consensus_vsearch	3777	C	*/-AC	259	9	3.32%	2	1	93	93	0.0018242725891630934	1	1	149	110	9	0	-AC
F6_BC66_191109_LF_LIB_consensus_vsearch	3778	A	R	253	9	3.37%	2	1	93	93	0.0018213763549018416	1	1	144	109	9	0	G
F6_BC66_191109_LF_LIB_consensus_vsearch	3779	C	C	261	2	0.75%	2	2	93	93	0.24952380952412506	1	1	151	110	1	1	T
F6_BC66_191109_LF_LIB_consensus_vsearch	3780	G	*/-T	241	27	9.82%	2	1	93	93	3.73994570918026E-9	1	1	129	112	27	0	-T
F6_BC66_191109_LF_LIB_consensus_vsearch	3781	T	T	243	3	1.21%	2	1	93	93	0.12423625254575449	1	1	133	110	0	3	C
F6_BC66_191109_LF_LIB_consensus_vsearch	3782	T	T	275	0	0%	2	0	93	0	1.0	1	0	162	113	0	0	
F6_BC66_191109_LF_LIB_consensus_vsearch	3783	T	T	273	1	0.36%	2	1	93	93	0.4999999999999138	1	1	161	112	1	0	A
F6_BC66_191109_LF_LIB_consensus_vsearch	3784	T	*/-A	267	9	3.26%	2	2	93	93	0.0018279418621040778	1	1	158	109	5	4	-A
F6_BC66_191109_LF_LIB_consensus_vsearch	3785	A	A	266	1	0.37%	2	1	93	93	0.4999999999999138	1	1	158	108	0	1	G
F6_BC66_191109_LF_LIB_consensus_vsearch	3786	A	R	261	9	3.26%	2	2	93	93	0.0018252099194485903	1	1	152	109	8	1	G
F6_BC66_191109_LF_LIB_consensus_vsearch	3787	C	C	269	2	0.74%	2	2	93	93	0.24953789279111838	1	1	158	111	1	1	T
F6_BC66_191109_LF_LIB_consensus_vsearch	3788	T	Y	258	9	3.28%	2	2	93	93	0.001823798755543091	1	1	157	101	2	7	C
F6_BC66_191109_LF_LIB_consensus_vsearch	3789	G	G	269	2	0.73%	2	1	93	93	0.24953789279111838	1	1	159	110	0	2	+T
F6_BC66_191109_LF_LIB_consensus_vsearch	3790	C	C	265	4	1.45%	2	1	93	93	0.06180232861697055	1	1	161	104	0	4	+A
F6_BC66_191109_LF_LIB_consensus_vsearch	3791	A	A	272	2	0.73%	2	2	93	93	0.2495429616087481	1	1	160	112	1	1	G
F6_BC66_191109_LF_LIB_consensus_vsearch	3792	A	R	263	11	4%	2	1	93	93	4.407860386823763E-4	1	1	151	112	11	0	G
F6_BC66_191109_LF_LIB_consensus_vsearch	3793	C	Y	260	8	2.92%	2	2	93	93	0.0037046766426069204	1	1	157	103	2	6	T
F6_BC66_191109_LF_LIB_consensus_vsearch	3794	A	A	266	2	0.74%	2	1	93	93	0.24953271028049737	1	1	158	108	2	0	+GCA
F6_BC66_191109_LF_LIB_consensus_vsearch	3795	A	A	258	6	2.2%	2	1	93	93	0.015182805374032816	1	1	155	103	0	6	-C
F6_BC66_191109_LF_LIB_consensus_vsearch	3796	C	*/+T	243	15	5.62%	2	1	93	93	2.475189438315933E-5	1	1	158	85	0	15	+T
F6_BC66_191109_LF_LIB_consensus_vsearch	3797	T	T	260	4	1.49%	2	2	93	93	0.06178910273789233	1	1	159	101	1	3	-C
F6_BC66_191109_LF_LIB_consensus_vsearch	3798	C	C	261	5	1.85%	2	2	93	93	0.03066315650820783	1	1	158	103	1	4	+TC
F6_BC66_191109_LF_LIB_consensus_vsearch	3799	A	*/-CA	249	14	5.15%	2	2	93	93	5.110430355772131E-5	1	1	144	105	12	2	-CA
F6_BC66_191109_LF_LIB_consensus_vsearch	3800	C	C	252	5	1.92%	2	2	93	93	0.030642626352771006	1	1	145	107	4	1	-A
F6_BC66_191109_LF_LIB_consensus_vsearch	3801	A	A	249	3	1.18%	2	2	93	93	0.12425447316115633	1	1	144	105	1	2	G
F6_BC66_191109_LF_LIB_consensus_vsearch	3802	T	T	267	4	1.47%	2	2	93	93	0.061807482193030554	1	1	157	110	3	1	C
F6_BC66_191109_LF_LIB_consensus_vsearch	3803	A	*/-TA	253	17	6.23%	2	2	93	93	5.8836414163460775E-6	1	1	153	100	6	11	-TA
F6_BC66_191109_LF_LIB_consensus_vsearch	3804	T	T	251	6	2.32%	2	2	93	93	0.015170809117680038	1	1	152	99	4	2	C
F6_BC66_191109_LF_LIB_consensus_vsearch	3805	A	R	243	7	2.7%	2	1	93	93	0.007487018424394727	1	1	144	99	7	0	G
F6_BC66_191109_LF_LIB_consensus_vsearch	3806	C	C	270	3	1.09%	2	1	93	93	0.12431192660547026	1	1	160	110	0	3	T
F6_BC66_191109_LF_LIB_consensus_vsearch	3807	G	G	267	6	2.17%	2	2	93	93	0.015197328608558202	1	1	160	107	2	4	-C
F6_BC66_191109_LF_LIB_consensus_vsearch	3808	C	C	265	4	1.48%	2	2	93	93	0.06180232861697055	1	1	160	105	1	3	-T
F6_BC66_191109_LF_LIB_consensus_vsearch	3809	T	T	266	2	0.74%	2	1	93	93	0.24953271028049737	1	1	159	107	2	0	+C
F6_BC66_191109_LF_LIB_consensus_vsearch	3810	C	C	268	3	1.09%	2	2	93	93	0.12430683918669663	1	1	159	109	2	1	+TC
F6_BC66_191109_LF_LIB_consensus_vsearch	3811	G	G	266	3	1.09%	2	1	93	93	0.1243016759777629	1	1	160	106	0	3	-TG
F6_BC66_191109_LF_LIB_consensus_vsearch	3812	T	Y	253	7	2.58%	2	2	93	93	0.007499438529900444	1	1	155	98	4	3	C
F6_BC66_191109_LF_LIB_consensus_vsearch	3813	G	G	261	2	0.75%	2	2	93	93	0.24952380952412506	1	1	161	100	1	1	T
F6_BC66_191109_LF_LIB_consensus_vsearch	3814	G	*/-A	258	13	4.76%	2	2	93	93	1.0534860479086726E-4	1	1	150	108	12	1	-A
F6_BC66_191109_LF_LIB_consensus_vsearch	3815	A	A	257	2	0.77%	2	2	93	93	0.24951644100587136	1	1	149	108	1	1	-G
F6_BC66_191109_LF_LIB_consensus_vsearch	3816	G	G	265	2	0.74%	2	1	93	93	0.2495309568482648	1	1	158	107	2	0	+A
F6_BC66_191109_LF_LIB_consensus_vsearch	3817	C	C	264	5	1.83%	2	1	93	93	0.030669694912897477	1	1	162	102	0	5	T
F6_BC66_191109_LF_LIB_consensus_vsearch	3818	T	*/-G	259	9	3.3%	2	2	93	93	0.0018242725891630934	1	1	155	104	3	6	-G
F6_BC66_191109_LF_LIB_consensus_vsearch	3819	G	G	266	1	0.37%	2	1	93	93	0.4999999999999138	1	1	159	107	1	0	+C
F6_BC66_191109_LF_LIB_consensus_vsearch	3820	G	G	266	4	1.45%	2	1	93	93	0.06180491495741971	1	1	155	111	4	0	-A
F6_BC66_191109_LF_LIB_consensus_vsearch	3821	A	A	264	3	1.12%	2	2	93	93	0.1242964352720778	1	1	153	111	1	2	G
F6_BC66_191109_LF_LIB_consensus_vsearch	3822	A	A	267	2	0.73%	2	2	93	93	0.24953445065180796	1	1	157	110	1	1	+T
F6_BC66_191109_LF_LIB_consensus_vsearch	3823	T	T	270	3	1.09%	2	1	93	93	0.12431192660547026	1	1	159	111	3	0	G
F6_BC66_191109_LF_LIB_consensus_vsearch	3824	T	T	271	2	0.72%	2	1	93	93	0.24954128440383208	1	1	163	108	0	2	+G
F6_BC66_191109_LF_LIB_consensus_vsearch	3825	A	A	265	5	1.82%	2	1	93	93	0.030671842124359663	1	1	157	108	5	0	-C
F6_BC66_191109_LF_LIB_consensus_vsearch	3826	C	C	258	5	1.87%	2	1	93	93	0.030656469088614302	1	1	154	104	0	5	T
F6_BC66_191109_LF_LIB_consensus_vsearch	3827	C	Y	253	9	3.28%	2	1	93	93	0.0018213763549018416	1	1	158	95	0	9	T
F6_BC66_191109_LF_LIB_consensus_vsearch	3828	G	R	261	9	3.28%	2	2	93	93	0.0018252099194485903	1	1	152	109	6	3	A
F6_BC66_191109_LF_LIB_consensus_vsearch	3829	C	C	257	5	1.82%	2	2	93	93	0.03065420595045833	1	1	158	99	1	4	-G
F6_BC66_191109_LF_LIB_consensus_vsearch	3830	G	G	264	4	1.49%	2	1	93	93	0.06179972295775155	1	1	156	108	4	0	A
F6_BC66_191109_LF_LIB_consensus_vsearch	3831	G	G	265	4	1.46%	2	1	93	93	0.06180232861697055	1	1	156	109	4	0	A
F6_BC66_191109_LF_LIB_consensus_vsearch	3832	C	C	263	4	1.47%	2	2	93	93	0.06179709776251344	1	1	157	106	1	3	T
F6_BC66_191109_LF_LIB_consensus_vsearch	3833	T	Y	259	7	2.57%	2	2	93	93	0.007506445843275869	1	1	158	101	1	6	C
F6_BC66_191109_LF_LIB_consensus_vsearch	3834	G	G	262	3	1.11%	2	2	93	93	0.12429111531193521	1	1	157	105	1	2	-C
F6_BC66_191109_LF_LIB_consensus_vsearch	3835	C	C	249	4	1.5%	2	1	93	93	0.06175816388801474	1	1	149	100	0	4	T
F6_BC66_191109_LF_LIB_consensus_vsearch	3836	T	T	255	4	1.51%	2	2	93	93	0.06177536572082746	1	1	152	103	2	2	C
F6_BC66_191109_LF_LIB_consensus_vsearch	3837	G	G	258	2	0.75%	2	1	93	93	0.24951830443137643	1	1	153	105	0	2	+C
F6_BC66_191109_LF_LIB_consensus_vsearch	3838	G	G	266	6	2.19%	2	2	93	93	0.015195762196627145	1	1	156	110	5	1	A
F6_BC66_191109_LF_LIB_consensus_vsearch	3839	C	*/-A	224	34	12.45%	2	2	93	93	1.8181201953335382E-11	1	1	122	102	33	1	-A
F6_BC66_191109_LF_LIB_consensus_vsearch	3840	A	W	213	10	4.17%	2	2	93	93	8.808946039600796E-4	1	1	111	102	9	1	T
F6_BC66_191109_LF_LIB_consensus_vsearch	3841	C	S	219	35	12.96%	2	1	93	93	8.274325767407188E-12	1	1	114	105	35	0	G
F6_BC66_191109_LF_LIB_consensus_vsearch	3842	C	C	267	3	1.09%	2	2	93	93	0.12430426716151294	1	1	158	109	1	2	+G
F6_BC66_191109_LF_LIB_consensus_vsearch	3843	A	A	261	5	1.83%	2	2	93	93	0.03066315650820783	1	1	153	108	4	1	G
F6_BC66_191109_LF_LIB_consensus_vsearch	3844	G	G	269	3	1.1%	2	1	93	93	0.12430939226523824	1	1	157	112	3	0	-A
F6_BC66_191109_LF_LIB_consensus_vsearch	3845	A	A	266	2	0.74%	2	1	93	93	0.24953271028049737	1	1	156	110	0	2	+T
F6_BC66_191109_LF_LIB_consensus_vsearch	3846	C	Y	256	9	3.28%	2	1	93	93	0.0018228405600327687	1	1	158	98	0	9	T
F6_BC66_191109_LF_LIB_consensus_vsearch	3847	T	T	261	5	1.85%	2	1	93	93	0.03066315650820783	1	1	156	105	0	5	+C
F6_BC66_191109_LF_LIB_consensus_vsearch	3848	T	T	265	4	1.47%	2	2	93	93	0.06180232861697055	1	1	158	107	1	3	-G
F6_BC66_191109_LF_LIB_consensus_vsearch	3849	G	*/-C	236	22	8.12%	2	2	93	93	1.4941723256528376E-7	1	1	150	86	10	12	-C
F6_BC66_191109_LF_LIB_consensus_vsearch	3850	C	*/+T	213	24	9.6%	2	1	93	93	3.2291486714684166E-8	1	1	150	63	0	24	+T
F6_BC66_191109_LF_LIB_consensus_vsearch	3851	C	Y	252	10	3.68%	2	2	93	93	8.947732384278332E-4	1	1	157	95	1	9	T
F6_BC66_191109_LF_LIB_consensus_vsearch	3852	C	C	266	3	1.09%	2	2	93	93	0.1243016759777629	1	1	157	109	1	2	-T
F6_BC66_191109_LF_LIB_consensus_vsearch	3853	T	*/-C	181	85	31.48%	2	1	93	93	8.451158945990837E-30	1	1	71	110	85	0	-C
F6_BC66_191109_LF_LIB_consensus_vsearch	3854	C	C	184	1	0.53%	2	1	93	93	0.4999999999999138	1	1	73	111	1	0	+T
F6_BC66_191109_LF_LIB_consensus_vsearch	3855	C	*/-A	266	7	2.55%	2	2	93	93	0.0075142347009056415	1	1	161	105	1	6	-A
F6_BC66_191109_LF_LIB_consensus_vsearch	3856	A	A	256	6	2.25%	2	2	93	93	0.01517944302364848	1	1	157	99	4	2	G
F6_BC66_191109_LF_LIB_consensus_vsearch	3857	A	A	264	5	1.82%	2	2	93	93	0.030669694912897477	1	1	157	107	1	4	C
F6_BC66_191109_LF_LIB_consensus_vsearch	3858	T	Y	261	9	3.27%	2	2	93	93	0.0018252099194485903	1	1	161	100	1	8	C
F6_BC66_191109_LF_LIB_consensus_vsearch	3859	C	C	269	2	0.74%	2	1	93	93	0.24953789279111838	1	1	162	107	0	2	T
F6_BC66_191109_LF_LIB_consensus_vsearch	3860	G	G	273	1	0.36%	2	1	93	93	0.4999999999999138	1	1	161	112	0	1	+CG
F6_BC66_191109_LF_LIB_consensus_vsearch	3861	T	Y	264	11	3.99%	2	2	93	93	4.409533072146887E-4	1	1	160	104	2	9	C
F6_BC66_191109_LF_LIB_consensus_vsearch	3862	T	T	271	2	0.72%	2	1	93	93	0.24954128440383208	1	1	159	112	2	0	C
F6_BC66_191109_LF_LIB_consensus_vsearch	3863	G	G	268	3	1.09%	2	2	93	93	0.12430683918669663	1	1	159	109	2	1	A
F6_BC66_191109_LF_LIB_consensus_vsearch	3864	C	C	271	3	1.09%	2	2	93	93	0.12431444241326345	1	1	160	111	2	1	-T
F6_BC66_191109_LF_LIB_consensus_vsearch	3865	T	T	268	2	0.73%	2	2	93	93	0.24953617810762627	1	1	158	110	1	1	-C
F6_BC66_191109_LF_LIB_consensus_vsearch	3866	C	*/-A	256	17	6.2%	2	1	93	93	5.900995648755554E-6	1	1	144	112	17	0	-A
F6_BC66_191109_LF_LIB_consensus_vsearch	3867	A	A	247	4	1.55%	2	2	93	93	0.061752247008950906	1	1	139	108	2	2	-C
F6_BC66_191109_LF_LIB_consensus_vsearch	3868	C	*/-T	259	11	4.06%	2	2	93	93	4.40104982176298E-4	1	1	158	101	2	9	-T
F6_BC66_191109_LF_LIB_consensus_vsearch	3869	T	*/+C	250	12	4.53%	2	1	93	93	2.146380749426225E-4	1	1	149	101	12	0	+C
F6_BC66_191109_LF_LIB_consensus_vsearch	3870	C	C	270	1	0.37%	2	1	93	93	0.4999999999999138	1	1	162	108	1	0	+A
F6_BC66_191109_LF_LIB_consensus_vsearch	3871	A	A	263	4	1.45%	2	2	93	93	0.06179709776251344	1	1	158	105	1	3	+G
F6_BC66_191109_LF_LIB_consensus_vsearch	3872	G	*/-A	252	19	6.96%	2	2	93	93	1.3757497951354788E-6	1	1	143	109	18	1	-A
F6_BC66_191109_LF_LIB_consensus_vsearch	3873	A	A	245	4	1.57%	2	2	93	93	0.061746234985649476	1	1	136	109	3	1	G
F6_BC66_191109_LF_LIB_consensus_vsearch	3874	G	G	267	3	1.1%	2	1	93	93	0.12430426716151294	1	1	160	107	0	3	T
F6_BC66_191109_LF_LIB_consensus_vsearch	3875	C	*/-T	245	14	5.13%	2	2	93	93	5.0960564767895224E-5	1	1	149	96	7	7	-T
F6_BC66_191109_LF_LIB_consensus_vsearch	3876	T	T	253	1	0.39%	2	1	93	93	0.5000000000003686	1	1	151	102	1	0	A
F6_BC66_191109_LF_LIB_consensus_vsearch	3877	T	T	263	3	1.12%	2	2	93	93	0.12429378531094196	1	1	157	106	1	2	C
F6_BC66_191109_LF_LIB_consensus_vsearch	3878	T	T	264	5	1.82%	2	2	93	93	0.030669694912897477	1	1	155	109	4	1	-A
F6_BC66_191109_LF_LIB_consensus_vsearch	3879	A	A	261	5	1.86%	2	1	93	93	0.03066315650820783	1	1	152	109	5	0	G
F6_BC66_191109_LF_LIB_consensus_vsearch	3880	G	G	267	6	2.17%	2	1	93	93	0.015197328608558202	1	1	154	113	6	0	-A
F6_BC66_191109_LF_LIB_consensus_vsearch	3881	A	R	260	7	2.59%	2	2	93	93	0.0075075833477063125	1	1	148	112	6	1	G
F6_BC66_191109_LF_LIB_consensus_vsearch	3882	T	K	268	7	2.55%	2	1	93	93	0.007516387806114139	1	1	155	113	7	0	G
F6_BC66_191109_LF_LIB_consensus_vsearch	3883	T	*/-A	243	24	8.73%	2	1	93	93	3.4705444571956286E-8	1	1	131	112	24	0	-A
F6_BC66_191109_LF_LIB_consensus_vsearch	3884	A	-G/-G	15	221	88.4%	2	2	93	93	1.1026286152015056E-117	1	1	13	2	123	98	-G
F6_BC66_191109_LF_LIB_consensus_vsearch	3885	G	G	34	3	7.32%	2	1	93	93	0.11986301369863006	1	1	31	3	3	0	C
F6_BC66_191109_LF_LIB_consensus_vsearch	3886	G	R	227	30	11.41%	2	1	93	93	3.7925864890110165E-10	1	1	126	101	30	0	A
F6_BC66_191109_LF_LIB_consensus_vsearch	3887	G	G	262	6	2.19%	2	1	93	93	0.015189380104217696	1	1	154	108	6	0	A
F6_BC66_191109_LF_LIB_consensus_vsearch	3888	C	C	268	2	0.74%	2	1	93	93	0.24953617810762627	1	1	160	108	0	2	T
F6_BC66_191109_LF_LIB_consensus_vsearch	3889	T	T	272	1	0.36%	2	1	93	93	0.5000000000003686	1	1	160	112	1	0	+C
F6_BC66_191109_LF_LIB_consensus_vsearch	3890	C	C	270	1	0.36%	2	1	93	93	0.4999999999999138	1	1	160	110	1	0	+G
F6_BC66_191109_LF_LIB_consensus_vsearch	3891	A	A	263	4	1.46%	2	2	93	93	0.06179709776251344	1	1	156	107	2	2	G
F6_BC66_191109_LF_LIB_consensus_vsearch	3892	T	T	267	5	1.82%	2	2	93	93	0.030676089228361576	1	1	160	107	2	3	+C
F6_BC66_191109_LF_LIB_consensus_vsearch	3893	T	*/+C	91	171	62.18%	2	2	93	93	7.955615651185229E-71	1	1	67	24	88	83	+C
F6_BC66_191109_LF_LIB_consensus_vsearch	3894	C	C	261	6	2.21%	2	1	93	93	0.015187754818318031	1	1	151	110	6	0	+G
F6_BC66_191109_LF_LIB_consensus_vsearch	3895	A	M	244	22	8.06%	2	2	93	93	1.5162296685927537E-7	1	1	153	91	1	21	C
F6_BC66_191109_LF_LIB_consensus_vsearch	3896	A	A	263	6	2.17%	2	2	93	93	0.015190993352737225	1	1	156	107	2	4	-T
F6_BC66_191109_LF_LIB_consensus_vsearch	3897	T	Y	245	19	7.06%	2	1	93	93	1.3634490521887613E-6	1	1	156	89	0	19	C
F6_BC66_191109_LF_LIB_consensus_vsearch	3898	T	T	261	4	1.45%	2	2	93	93	0.06179178787806501	1	1	154	107	2	2	+G
F6_BC66_191109_LF_LIB_consensus_vsearch	3899	A	*/+G	252	9	3.3%	2	1	93	93	0.0018208809482378404	1	1	156	96	0	9	+G
F6_BC66_191109_LF_LIB_consensus_vsearch	3900	G	G	265	6	2.21%	2	1	93	93	0.015194184268635263	1	1	153	112	6	0	A
F6_BC66_191109_LF_LIB_consensus_vsearch	3901	G	G	272	2	0.72%	2	1	93	93	0.2495429616087481	1	1	160	112	2	0	T
F6_BC66_191109_LF_LIB_consensus_vsearch	3902	T	T	267	6	2.17%	2	1	93	93	0.015197328608558202	1	1	155	112	6	0	+C
F6_BC66_191109_LF_LIB_consensus_vsearch	3903	C	C	270	2	0.72%	2	1	93	93	0.2495395948434138	1	1	160	110	2	0	-A
F6_BC66_191109_LF_LIB_consensus_vsearch	3904	A	*/-CA	255	9	3.3%	2	1	93	93	0.0018223561198992344	1	1	146	109	9	0	-CA
F6_BC66_191109_LF_LIB_consensus_vsearch	3905	C	C	258	4	1.5%	2	1	93	93	0.061783670907884385	1	1	149	109	4	0	-A
F6_BC66_191109_LF_LIB_consensus_vsearch	3906	A	A	252	3	1.15%	2	2	93	93	0.12426326129665838	1	1	143	109	2	1	-T
F6_BC66_191109_LF_LIB_consensus_vsearch	3907	T	T	260	5	1.85%	2	1	93	93	0.030660944175210838	1	1	154	106	5	0	G
F6_BC66_191109_LF_LIB_consensus_vsearch	3908	T	T	270	2	0.73%	2	1	93	93	0.2495395948434138	1	1	158	112	2	0	-G
F6_BC66_191109_LF_LIB_consensus_vsearch	3909	G	G	264	3	1.09%	2	2	93	93	0.1242964352720778	1	1	156	108	1	2	+C
F6_BC66_191109_LF_LIB_consensus_vsearch	3910	C	C	260	4	1.47%	2	2	93	93	0.06178910273789233	1	1	158	102	1	3	-T
F6_BC66_191109_LF_LIB_consensus_vsearch	3911	T	T	257	5	1.85%	2	2	93	93	0.03065420595045833	1	1	156	101	1	4	-C
F6_BC66_191109_LF_LIB_consensus_vsearch	3912	C	*/+A	247	14	5.2%	2	2	93	93	5.103294910034228E-5	1	1	146	101	11	3	+A
F6_BC66_191109_LF_LIB_consensus_vsearch	3913	G	K	246	13	4.74%	2	1	93	93	1.0461416751144055E-4	1	1	141	105	13	0	T
F6_BC66_191109_LF_LIB_consensus_vsearch	3914	T	T	266	2	0.73%	2	1	93	93	0.24953271028049737	1	1	158	108	2	0	-G
F6_BC66_191109_LF_LIB_consensus_vsearch	3915	G	G	263	6	2.21%	2	2	93	93	0.015190993352737225	1	1	155	108	4	2	A
F6_BC66_191109_LF_LIB_consensus_vsearch	3916	C	*/-GC	252	10	3.65%	2	2	93	93	8.947732384278332E-4	1	1	152	100	5	5	-GC
F6_BC66_191109_LF_LIB_consensus_vsearch	3917	G	*/-C	236	17	6.46%	2	2	93	93	5.778370165149079E-6	1	1	136	100	12	5	-C
F6_BC66_191109_LF_LIB_consensus_vsearch	3918	C	C	243	2	0.81%	2	1	93	93	0.24948875255617758	1	1	143	100	0	2	+T
F6_BC66_191109_LF_LIB_consensus_vsearch	3919	C	C	271	2	0.73%	2	2	93	93	0.24954128440383208	1	1	160	111	1	1	T
F6_BC66_191109_LF_LIB_consensus_vsearch	3920	C	C	273	3	1.09%	2	1	93	93	0.12431941923772909	1	1	160	113	3	0	T
F6_BC66_191109_LF_LIB_consensus_vsearch	3921	C	Y	268	8	2.9%	2	2	93	93	0.003710449152927439	1	1	159	109	4	4	T
F6_BC66_191109_LF_LIB_consensus_vsearch	3922	A	A	271	3	1.09%	2	1	93	93	0.12431444241326345	1	1	158	113	3	0	+T
F6_BC66_191109_LF_LIB_consensus_vsearch	3923	T	T	274	2	0.72%	2	1	93	93	0.2495462794919261	1	1	161	113	2	0	C
F6_BC66_191109_LF_LIB_consensus_vsearch	3924	T	T	269	3	1.09%	2	2	93	93	0.12430939226523824	1	1	160	109	1	2	C
F6_BC66_191109_LF_LIB_consensus_vsearch	3925	G	G	269	3	1.1%	2	2	93	93	0.12430939226523824	1	1	158	111	2	1	A
F6_BC66_191109_LF_LIB_consensus_vsearch	3926	T	T	271	1	0.37%	2	1	93	93	0.4999999999999138	1	1	159	112	1	0	+AG
F6_BC66_191109_LF_LIB_consensus_vsearch	3927	T	T	267	2	0.73%	2	1	93	93	0.24953445065180796	1	1	158	109	0	2	+A
F6_BC66_191109_LF_LIB_consensus_vsearch	3928	A	A	267	3	1.09%	2	1	93	93	0.12430426716151294	1	1	158	109	0	3	+G
F6_BC66_191109_LF_LIB_consensus_vsearch	3929	T	T	269	2	0.73%	2	2	93	93	0.24953789279111838	1	1	160	109	1	1	-GT
F6_BC66_191109_LF_LIB_consensus_vsearch	3930	G	G	266	2	0.73%	2	1	93	93	0.24953271028049737	1	1	156	110	2	0	-TA
F6_BC66_191109_LF_LIB_consensus_vsearch	3931	T	T	264	5	1.84%	2	1	93	93	0.030669694912897477	1	1	160	104	0	5	+GT
F6_BC66_191109_LF_LIB_consensus_vsearch	3932	A	A	265	4	1.46%	2	2	93	93	0.06180232861697055	1	1	155	110	3	1	G
F6_BC66_191109_LF_LIB_consensus_vsearch	3933	C	C	269	2	0.72%	2	1	93	93	0.24953789279111838	1	1	162	107	0	2	A
F6_BC66_191109_LF_LIB_consensus_vsearch	3934	T	T	268	2	0.73%	2	1	93	93	0.24953617810762627	1	1	161	107	0	2	+C
F6_BC66_191109_LF_LIB_consensus_vsearch	3935	G	G	267	3	1.09%	2	2	93	93	0.12430426716151294	1	1	160	107	1	2	A
F6_BC66_191109_LF_LIB_consensus_vsearch	3936	T	T	264	3	1.1%	2	1	93	93	0.1242964352720778	1	1	157	107	3	0	+AT
F6_BC66_191109_LF_LIB_consensus_vsearch	3937	C	*/-G	250	13	4.8%	2	2	93	93	1.0486603090066527E-4	1	1	146	104	11	2	-G
F6_BC66_191109_LF_LIB_consensus_vsearch	3938	G	G	254	1	0.39%	2	1	93	93	0.4999999999999138	1	1	147	107	0	1	+AATCG
F6_BC66_191109_LF_LIB_consensus_vsearch	3939	C	*/+TT	251	8	2.93%	2	1	93	93	0.0036977618625582452	1	1	144	107	8	0	+TT
F6_BC66_191109_LF_LIB_consensus_vsearch	3940	T	T	264	5	1.83%	2	2	93	93	0.030669694912897477	1	1	160	104	1	4	C
F6_BC66_191109_LF_LIB_consensus_vsearch	3941	A	R	256	7	2.56%	2	1	93	93	0.007502981837406636	1	1	154	102	7	0	G
F6_BC66_191109_LF_LIB_consensus_vsearch	3942	C	C	256	4	1.5%	2	1	93	93	0.061778155432067945	1	1	158	98	0	4	+T
F6_BC66_191109_LF_LIB_consensus_vsearch	3943	C	*/-TC	251	13	4.76%	2	1	93	93	1.049278674284444E-4	1	1	161	90	0	13	-TC
F6_BC66_191109_LF_LIB_consensus_vsearch	3944	T	T	253	2	0.77%	2	1	93	93	0.24950884086425928	1	1	159	94	2	0	+C
F6_BC66_191109_LF_LIB_consensus_vsearch	3945	C	*/-AC	251	7	2.68%	2	2	93	93	0.007497030913500092	1	1	154	97	6	1	-AC
F6_BC66_191109_LF_LIB_consensus_vsearch	3946	A	A	266	0	0%	2	0	93	0	1.0	1	0	154	112	0	0	
F6_BC66_191109_LF_LIB_consensus_vsearch	3947	C	C	265	1	0.37%	2	1	93	93	0.4999999999999138	1	1	154	111	1	0	+T
F6_BC66_191109_LF_LIB_consensus_vsearch	3948	G	G	269	4	1.45%	2	2	93	93	0.06181256019060895	1	1	157	112	3	1	-CACG
F6_BC66_191109_LF_LIB_consensus_vsearch	3949	C	C	261	6	2.22%	2	1	93	93	0.015187754818318031	1	1	151	110	6	0	-AC
F6_BC66_191109_LF_LIB_consensus_vsearch	3950	A	A	264	1	0.38%	2	1	93	93	0.4999999999999138	1	1	152	112	1	0	T
F6_BC66_191109_LF_LIB_consensus_vsearch	3951	C	C	261	2	0.75%	2	1	93	93	0.24952380952412506	1	1	149	112	2	0	+A
F6_BC66_191109_LF_LIB_consensus_vsearch	3952	G	*/-TG	258	9	3.31%	2	2	93	93	0.001823798755543091	1	1	154	104	1	8	-TG
F6_BC66_191109_LF_LIB_consensus_vsearch	3953	T	T	262	3	1.12%	2	2	93	93	0.12429111531193521	1	1	161	101	1	2	C
F6_BC66_191109_LF_LIB_consensus_vsearch	3954	G	G	259	2	0.75%	2	1	93	93	0.24952015355082954	1	1	158	101	0	2	-CG
F6_BC66_191109_LF_LIB_consensus_vsearch	3955	C	C	263	4	1.48%	2	2	93	93	0.06179709776251344	1	1	157	106	2	2	T
F6_BC66_191109_LF_LIB_consensus_vsearch	3956	G	G	267	1	0.37%	2	1	93	93	0.5000000000003686	1	1	160	107	0	1	-T
F6_BC66_191109_LF_LIB_consensus_vsearch	3957	T	T	262	3	1.11%	2	1	93	93	0.12429111531193521	1	1	155	107	3	0	-ATT
F6_BC66_191109_LF_LIB_consensus_vsearch	3958	A	A	260	3	1.11%	2	2	93	93	0.12428571428582305	1	1	151	109	2	1	-T
F6_BC66_191109_LF_LIB_consensus_vsearch	3959	T	T	258	5	1.89%	2	2	93	93	0.030656469088614302	1	1	149	109	2	3	C
F6_BC66_191109_LF_LIB_consensus_vsearch	3960	T	*/-GG	245	12	4.48%	2	1	93	93	2.1408856657334662E-4	1	1	151	94	0	12	-GG
F6_BC66_191109_LF_LIB_consensus_vsearch	3961	G	R	239	16	6.23%	2	1	93	93	1.1970518595027228E-5	1	1	142	97	16	0	A
F6_BC66_191109_LF_LIB_consensus_vsearch	3962	G	*/+A	242	15	5.68%	2	1	93	93	2.473114429202734E-5	1	1	143	99	15	0	+A
F6_BC66_191109_LF_LIB_consensus_vsearch	3963	G	G	265	4	1.45%	2	2	93	93	0.06180232861697055	1	1	154	111	2	2	-T
F6_BC66_191109_LF_LIB_consensus_vsearch	3964	T	Y	254	13	4.78%	2	1	93	93	1.0511074343687666E-4	1	1	156	98	0	13	C
F6_BC66_191109_LF_LIB_consensus_vsearch	3965	A	A	268	3	1.1%	2	2	93	93	0.12430683918669663	1	1	157	111	1	2	C
F6_BC66_191109_LF_LIB_consensus_vsearch	3966	A	*/-T	253	20	7.27%	2	2	93	93	6.647203076827856E-7	1	1	143	110	19	1	-T
F6_BC66_191109_LF_LIB_consensus_vsearch	3967	T	T	251	2	0.78%	2	1	93	93	0.24950495049494414	1	1	141	110	0	2	C
F6_BC66_191109_LF_LIB_consensus_vsearch	3968	T	T	273	1	0.36%	2	1	93	93	0.4999999999999138	1	1	161	112	0	1	+C
F6_BC66_191109_LF_LIB_consensus_vsearch	3969	T	T	270	2	0.72%	2	1	93	93	0.2495395948434138	1	1	161	109	0	2	+G
F6_BC66_191109_LF_LIB_consensus_vsearch	3970	G	G	273	1	0.36%	2	1	93	93	0.4999999999999138	1	1	160	113	1	0	-C
F6_BC66_191109_LF_LIB_consensus_vsearch	3971	C	Y	266	7	2.55%	2	2	93	93	0.0075142347009056415	1	1	159	107	1	6	T
F6_BC66_191109_LF_LIB_consensus_vsearch	3972	G	G	275	1	0.36%	2	1	93	93	0.5000000000003686	1	1	163	112	0	1	T
F6_BC66_191109_LF_LIB_consensus_vsearch	3973	C	*/-GC	234	36	13.04%	2	2	93	93	4.170059582010682E-12	1	1	129	105	32	4	-GC
F6_BC66_191109_LF_LIB_consensus_vsearch	3974	G	G	232	2	0.84%	2	2	93	93	0.2494646680939916	1	1	128	104	1	1	-C
F6_BC66_191109_LF_LIB_consensus_vsearch	3975	C	C	228	6	2.55%	2	1	93	93	0.015126361901819861	1	1	127	101	0	6	+T
F6_BC66_191109_LF_LIB_consensus_vsearch	3976	C	C	268	2	0.73%	2	1	93	93	0.24953617810762627	1	1	161	107	0	2	-T
F6_BC66_191109_LF_LIB_consensus_vsearch	3977	T	T	267	2	0.74%	2	1	93	93	0.24953445065180796	1	1	161	106	0	2	A
F6_BC66_191109_LF_LIB_consensus_vsearch	3978	G	G	272	1	0.37%	2	1	93	93	0.5000000000003686	1	1	161	111	1	0	A
F6_BC66_191109_LF_LIB_consensus_vsearch	3979	C	Y	261	8	2.9%	2	1	93	93	0.003705416747963619	1	1	161	100	0	8	T
F6_BC66_191109_LF_LIB_consensus_vsearch	3980	T	T	265	2	0.74%	2	1	93	93	0.2495309568482648	1	1	158	107	0	2	+C
F6_BC66_191109_LF_LIB_consensus_vsearch	3981	G	*/-C	254	9	3.31%	2	1	93	93	0.0018218680650561358	1	1	145	109	9	0	-C
F6_BC66_191109_LF_LIB_consensus_vsearch	3982	C	*/+G	248	8	3.04%	2	1	93	93	0.0036953503162476236	1	1	141	107	8	0	+G
F6_BC66_191109_LF_LIB_consensus_vsearch	3983	C	*/+T	249	11	4%	2	1	93	93	4.383137951476102E-4	1	1	157	92	0	11	+T
F6_BC66_191109_LF_LIB_consensus_vsearch	3984	T	T	260	2	0.75%	2	1	93	93	0.2495219885277623	1	1	158	102	0	2	C
F6_BC66_191109_LF_LIB_consensus_vsearch	3985	T	*/-C	241	22	8%	2	2	93	93	1.5080846746234768E-7	1	1	137	104	15	7	-C
F6_BC66_191109_LF_LIB_consensus_vsearch	3986	C	C	238	6	2.39%	2	1	93	93	0.015146711995383567	1	1	133	105	6	0	+G
F6_BC66_191109_LF_LIB_consensus_vsearch	3987	C	*/-T	236	16	5.86%	2	2	93	93	1.1934874983236344E-5	1	1	147	89	8	8	-T
F6_BC66_191109_LF_LIB_consensus_vsearch	3988	T	W	232	13	5.1%	2	1	93	93	1.0367157527188826E-4	1	1	133	99	13	0	A
F6_BC66_191109_LF_LIB_consensus_vsearch	3989	T	*/-G	245	13	4.78%	2	1	93	93	1.0455004755959254E-4	1	1	152	93	0	13	-G
F6_BC66_191109_LF_LIB_consensus_vsearch	3990	G	G	252	3	1.15%	2	1	93	93	0.12426326129665838	1	1	156	96	3	0	A
F6_BC66_191109_LF_LIB_consensus_vsearch	3991	G	G	269	4	1.45%	2	1	93	93	0.06181256019060895	1	1	156	113	4	0	-A
F6_BC66_191109_LF_LIB_consensus_vsearch	3992	A	A	266	2	0.74%	2	2	93	93	0.24953271028049737	1	1	155	111	1	1	G
F6_BC66_191109_LF_LIB_consensus_vsearch	3993	T	T	269	4	1.45%	2	2	93	93	0.06181256019060895	1	1	158	111	2	2	C
F6_BC66_191109_LF_LIB_consensus_vsearch	3994	G	G	269	3	1.09%	2	2	93	93	0.12430939226523824	1	1	157	112	2	1	-T
F6_BC66_191109_LF_LIB_consensus_vsearch	3995	T	*/-A	202	57	20.88%	2	1	93	93	2.1657200355828207E-19	1	1	93	109	57	0	-A
F6_BC66_191109_LF_LIB_consensus_vsearch	3996	A	A	214	2	0.92%	2	1	93	93	0.24941995359642635	1	1	102	112	2	0	G
F6_BC66_191109_LF_LIB_consensus_vsearch	3997	A	A	266	5	1.82%	2	1	93	93	0.030673973504714284	1	1	154	112	5	0	-G
F6_BC66_191109_LF_LIB_consensus_vsearch	3998	G	*/-A	254	15	5.54%	2	1	93	93	2.4970730105602945E-5	1	1	141	113	15	0	-A
F6_BC66_191109_LF_LIB_consensus_vsearch	3999	A	A	253	4	1.53%	2	2	93	93	0.0617697211064687	1	1	143	110	2	2	G
F6_BC66_191109_LF_LIB_consensus_vsearch	4000	G	G	265	6	2.19%	2	2	93	93	0.015194184268635263	1	1	155	110	3	3	-C
F6_BC66_191109_LF_LIB_consensus_vsearch	4001	C	C	268	1	0.37%	2	1	93	93	0.5000000000003686	1	1	159	109	0	1	T
F6_BC66_191109_LF_LIB_consensus_vsearch	4002	C	C	269	2	0.72%	2	1	93	93	0.24953789279111838	1	1	158	111	2	0	+A
F6_BC66_191109_LF_LIB_consensus_vsearch	4003	G	G	270	2	0.73%	2	1	93	93	0.2495395948434138	1	1	159	111	2	0	A
F6_BC66_191109_LF_LIB_consensus_vsearch	4004	T	*/-GT	258	11	4.01%	2	2	93	93	4.3993165790743476E-4	1	1	158	100	1	10	-GT
F6_BC66_191109_LF_LIB_consensus_vsearch	4005	G	G	258	1	0.38%	2	1	93	93	0.4999999999999138	1	1	159	99	0	1	+CG
F6_BC66_191109_LF_LIB_consensus_vsearch	4006	T	T	259	3	1.14%	2	1	93	93	0.12428298279160237	1	1	160	99	0	3	-C
F6_BC66_191109_LF_LIB_consensus_vsearch	4007	C	C	266	3	1.1%	2	1	93	93	0.1243016759777629	1	1	158	108	3	0	-TC
F6_BC66_191109_LF_LIB_consensus_vsearch	4008	T	T	266	2	0.74%	2	2	93	93	0.24953271028049737	1	1	157	109	1	1	+C
F6_BC66_191109_LF_LIB_consensus_vsearch	4009	C	C	265	5	1.83%	2	2	93	93	0.030671842124359663	1	1	156	109	1	4	-AT
F6_BC66_191109_LF_LIB_consensus_vsearch	4010	A	A	257	5	1.86%	2	2	93	93	0.03065420595045833	1	1	156	101	1	4	-T
F6_BC66_191109_LF_LIB_consensus_vsearch	4011	T	T	263	3	1.13%	2	1	93	93	0.12429378531094196	1	1	161	102	0	3	C
F6_BC66_191109_LF_LIB_consensus_vsearch	4012	G	G	267	5	1.81%	2	1	93	93	0.030676089228361576	1	1	160	107	0	5	+C
F6_BC66_191109_LF_LIB_consensus_vsearch	4013	C	C	266	2	0.73%	2	1	93	93	0.24953271028049737	1	1	159	107	0	2	+G
F6_BC66_191109_LF_LIB_consensus_vsearch	4014	T	T	266	3	1.1%	2	1	93	93	0.1243016759777629	1	1	157	109	3	0	-CT
F6_BC66_191109_LF_LIB_consensus_vsearch	4015	C	*/-T	226	41	15.13%	2	1	93	93	8.616577044814203E-14	1	1	156	70	0	41	-T
F6_BC66_191109_LF_LIB_consensus_vsearch	4016	T	T	223	3	1.31%	2	2	93	93	0.12416851441234596	1	1	156	67	1	2	C
F6_BC66_191109_LF_LIB_consensus_vsearch	4017	T	T	270	2	0.73%	2	2	93	93	0.2495395948434138	1	1	160	110	1	1	C
F6_BC66_191109_LF_LIB_consensus_vsearch	4018	T	T	271	3	1.09%	2	2	93	93	0.12431444241326345	1	1	161	110	1	2	-C
F6_BC66_191109_LF_LIB_consensus_vsearch	4019	C	C	269	2	0.73%	2	1	93	93	0.24953789279111838	1	1	162	107	0	2	-TC
F6_BC66_191109_LF_LIB_consensus_vsearch	4020	T	*/-C	221	48	17.65%	2	1	93	93	3.5501770768306806E-16	1	1	113	108	48	0	-C
F6_BC66_191109_LF_LIB_consensus_vsearch	4021	C	C	224	0	0%	2	0	93	0	1.0	1	0	115	109	0	0	
F6_BC66_191109_LF_LIB_consensus_vsearch	4022	C	*/-G	241	31	11.31%	2	2	93	93	1.8817571371420704E-10	1	1	152	89	9	22	-G
F6_BC66_191109_LF_LIB_consensus_vsearch	4023	G	G	241	2	0.82%	2	2	93	93	0.2494845360824727	1	1	152	89	1	1	A
F6_BC66_191109_LF_LIB_consensus_vsearch	4024	G	G	275	1	0.36%	2	1	93	93	0.5000000000003686	1	1	163	112	0	1	-A
F6_BC66_191109_LF_LIB_consensus_vsearch	4025	A	A	269	6	2.18%	2	1	93	93	0.015200427384840735	1	1	157	112	6	0	+G
F6_BC66_191109_LF_LIB_consensus_vsearch	4026	A	A	275	1	0.36%	2	1	93	93	0.5000000000003686	1	1	162	113	1	0	G
F6_BC66_191109_LF_LIB_consensus_vsearch	4027	T	T	270	3	1.09%	2	2	93	93	0.12431192660547026	1	1	158	112	2	1	C
F6_BC66_191109_LF_LIB_consensus_vsearch	4028	C	C	263	4	1.45%	2	1	93	93	0.06179709776251344	1	1	155	108	4	0	+A
F6_BC66_191109_LF_LIB_consensus_vsearch	4029	G	G	268	3	1.1%	2	1	93	93	0.12430683918669663	1	1	157	111	3	0	-A
F6_BC66_191109_LF_LIB_consensus_vsearch	4030	A	A	272	0	0%	2	0	93	0	1.0	1	0	160	112	0	0	
F6_BC66_191109_LF_LIB_consensus_vsearch	4031	A	A	268	2	0.72%	2	2	93	93	0.24953617810762627	1	1	158	110	1	1	+T
F6_BC66_191109_LF_LIB_consensus_vsearch	4032	C	*/-T	264	8	2.91%	2	2	93	93	0.0037076048169334716	1	1	159	105	2	6	-T
F6_BC66_191109_LF_LIB_consensus_vsearch	4033	T	*/+C	244	12	4.48%	2	1	93	93	2.1397620289108517E-4	1	1	145	99	12	0	+C
F6_BC66_191109_LF_LIB_consensus_vsearch	4034	C	*/+T	257	7	2.61%	2	1	93	93	0.007504145184876668	1	1	160	97	0	7	+T
F6_BC66_191109_LF_LIB_consensus_vsearch	4035	T	*/-A	237	28	10.29%	2	2	93	93	1.7551089013124922E-9	1	1	158	79	1	27	-A
F6_BC66_191109_LF_LIB_consensus_vsearch	4036	A	A	241	4	1.62%	2	2	93	93	0.06173391617646867	1	1	160	81	1	3	C
F6_BC66_191109_LF_LIB_consensus_vsearch	4037	A	M	258	7	2.55%	2	2	93	93	0.007505299821009934	1	1	159	99	1	6	C
F6_BC66_191109_LF_LIB_consensus_vsearch	4038	T	Y	246	19	7.06%	2	2	93	93	1.3652406653585688E-6	1	1	159	87	1	18	C
F6_BC66_191109_LF_LIB_consensus_vsearch	4039	T	*/-C	196	53	19.27%	2	2	93	93	4.9997231622455216E-18	1	1	133	63	19	34	-C
F6_BC66_191109_LF_LIB_consensus_vsearch	4040	C	C	207	2	0.95%	2	1	93	93	0.24940047961641743	1	1	141	66	0	2	T
F6_BC66_191109_LF_LIB_consensus_vsearch	4041	C	C	260	2	0.76%	2	1	93	93	0.2495219885277623	1	1	160	100	0	2	+T
F6_BC66_191109_LF_LIB_consensus_vsearch	4042	C	Y	260	9	3.28%	2	1	93	93	0.0018247429645633383	1	1	162	98	0	9	T
F6_BC66_191109_LF_LIB_consensus_vsearch	4043	C	Y	253	11	3.99%	2	1	93	93	4.390460042919817E-4	1	1	158	95	0	11	T
F6_BC66_191109_LF_LIB_consensus_vsearch	4044	G	*/-T	265	8	2.9%	2	2	93	93	0.0037083236186299423	1	1	153	112	7	1	-T
F6_BC66_191109_LF_LIB_consensus_vsearch	4045	T	T	265	2	0.75%	2	1	93	93	0.2495309568482648	1	1	155	110	0	2	C
F6_BC66_191109_LF_LIB_consensus_vsearch	4046	T	*/-A	262	11	3.99%	2	1	93	93	4.4061758463860134E-4	1	1	150	112	11	0	-A
F6_BC66_191109_LF_LIB_consensus_vsearch	4047	A	R	241	9	3.42%	2	2	93	93	0.0018151750748872056	1	1	131	110	7	2	G
F6_BC66_191109_LF_LIB_consensus_vsearch	4048	C	S	250	11	4.17%	2	1	93	93	4.3849887966753017E-4	1	1	140	110	11	0	G
F6_BC66_191109_LF_LIB_consensus_vsearch	4049	C	C	266	3	1.1%	2	1	93	93	0.1243016759777629	1	1	159	107	0	3	T
F6_BC66_191109_LF_LIB_consensus_vsearch	4050	C	Y	200	73	26.55%	2	1	93	93	4.026267066621648E-25	1	1	162	38	0	73	T
F6_BC66_191109_LF_LIB_consensus_vsearch	4051	G	G	272	2	0.72%	2	1	93	93	0.2495429616087481	1	1	162	110	0	2	+C
F6_BC66_191109_LF_LIB_consensus_vsearch	4052	T	T	274	1	0.36%	2	1	93	93	0.4999999999999138	1	1	161	113	1	0	-C
F6_BC66_191109_LF_LIB_consensus_vsearch	4053	C	C	266	4	1.45%	2	1	93	93	0.06180491495741971	1	1	153	113	4	0	+TC
F6_BC66_191109_LF_LIB_consensus_vsearch	4054	G	G	272	1	0.36%	2	1	93	93	0.5000000000003686	1	1	159	113	1	0	+A
F6_BC66_191109_LF_LIB_consensus_vsearch	4055	T	*/-C	265	7	2.54%	2	1	93	93	0.00751314636487435	1	1	152	113	7	0	-C
F6_BC66_191109_LF_LIB_consensus_vsearch	4056	C	C	267	1	0.37%	2	1	93	93	0.5000000000003686	1	1	154	113	1	0	G
F6_BC66_191109_LF_LIB_consensus_vsearch	4057	C	C	269	2	0.73%	2	1	93	93	0.24953789279111838	1	1	159	110	0	2	+T
F6_BC66_191109_LF_LIB_consensus_vsearch	4058	G	G	264	6	2.2%	2	1	93	93	0.015192594697130085	1	1	159	105	0	6	+C
F6_BC66_191109_LF_LIB_consensus_vsearch	4059	C	C	270	2	0.73%	2	1	93	93	0.2495395948434138	1	1	159	111	0	2	-T
F6_BC66_191109_LF_LIB_consensus_vsearch	4060	T	T	257	6	2.2%	2	2	93	93	0.015181130565948187	1	1	156	101	1	5	-C
F6_BC66_191109_LF_LIB_consensus_vsearch	4061	C	C	265	2	0.74%	2	2	93	93	0.2495309568482648	1	1	160	105	1	1	-G
F6_BC66_191109_LF_LIB_consensus_vsearch	4062	G	R	264	7	2.55%	2	2	93	93	0.007512050058182546	1	1	155	109	6	1	A
F6_BC66_191109_LF_LIB_consensus_vsearch	4063	G	G	272	1	0.36%	2	1	93	93	0.5000000000003686	1	1	161	111	0	1	-TG
F6_BC66_191109_LF_LIB_consensus_vsearch	4064	T	T	267	4	1.45%	2	2	93	93	0.061807482193030554	1	1	161	106	1	3	-G
F6_BC66_191109_LF_LIB_consensus_vsearch	4065	G	G	263	5	1.86%	2	2	93	93	0.030667531693296068	1	1	157	106	3	2	A
F6_BC66_191109_LF_LIB_consensus_vsearch	4066	G	G	272	1	0.36%	2	1	93	93	0.5000000000003686	1	1	162	110	0	1	A
F6_BC66_191109_LF_LIB_consensus_vsearch	4067	T	*/-C	217	52	18.98%	2	2	93	93	1.4471443589754703E-17	1	1	107	110	51	1	-C
F6_BC66_191109_LF_LIB_consensus_vsearch	4068	C	C	221	1	0.45%	2	1	93	93	0.4999999999999138	1	1	111	110	0	1	G
F6_BC66_191109_LF_LIB_consensus_vsearch	4069	C	*/-A	260	8	2.91%	2	2	93	93	0.0037046766426069204	1	1	150	110	7	1	-A
F6_BC66_191109_LF_LIB_consensus_vsearch	4070	A	A	266	2	0.75%	2	1	93	93	0.24953271028049737	1	1	156	110	0	2	G
F6_BC66_191109_LF_LIB_consensus_vsearch	4071	A	A	270	2	0.72%	2	1	93	93	0.2495395948434138	1	1	158	112	2	0	+G
F6_BC66_191109_LF_LIB_consensus_vsearch	4072	G	G	269	2	0.73%	2	1	93	93	0.24953789279111838	1	1	156	113	2	0	A
F6_BC66_191109_LF_LIB_consensus_vsearch	4073	A	A	263	3	1.1%	2	2	93	93	0.12429378531094196	1	1	152	111	1	2	G
F6_BC66_191109_LF_LIB_consensus_vsearch	4074	C	C	266	4	1.45%	2	1	93	93	0.06180491495741971	1	1	155	111	4	0	-A
F6_BC66_191109_LF_LIB_consensus_vsearch	4075	A	*/-CA	257	10	3.68%	2	1	93	93	8.962668170105445E-4	1	1	154	103	0	10	-CA
F6_BC66_191109_LF_LIB_consensus_vsearch	4076	C	*/+A	251	9	3.4%	2	1	93	93	0.0018203818032406984	1	1	157	94	0	9	+A
F6_BC66_191109_LF_LIB_consensus_vsearch	4077	A	R	257	8	3.02%	2	2	93	93	0.0037024232386659835	1	1	155	102	7	1	G
F6_BC66_191109_LF_LIB_consensus_vsearch	4078	A	A	268	5	1.81%	2	1	93	93	0.030678189467263802	1	1	158	110	5	0	G
F6_BC66_191109_LF_LIB_consensus_vsearch	4079	C	C	269	4	1.45%	2	1	93	93	0.06181256019060895	1	1	162	107	0	4	T
F6_BC66_191109_LF_LIB_consensus_vsearch	4080	C	Y	255	11	3.99%	2	1	93	93	4.3940412746515644E-4	1	1	160	95	0	11	T
F6_BC66_191109_LF_LIB_consensus_vsearch	4081	G	G	270	2	0.73%	2	1	93	93	0.2495395948434138	1	1	159	111	2	0	A
F6_BC66_191109_LF_LIB_consensus_vsearch	4082	A	A	268	3	1.09%	2	2	93	93	0.12430683918669663	1	1	157	111	2	1	G
F6_BC66_191109_LF_LIB_consensus_vsearch	4083	C	C	268	4	1.45%	2	2	93	93	0.061810030534865154	1	1	160	108	2	2	T
F6_BC66_191109_LF_LIB_consensus_vsearch	4084	A	A	272	1	0.37%	2	1	93	93	0.5000000000003686	1	1	161	111	1	0	+C
F6_BC66_191109_LF_LIB_consensus_vsearch	4085	A	R	264	8	2.91%	2	1	93	93	0.0037076048169334716	1	1	153	111	8	0	G
F6_BC66_191109_LF_LIB_consensus_vsearch	4086	C	C	271	1	0.36%	2	1	93	93	0.4999999999999138	1	1	162	109	0	1	+G
F6_BC66_191109_LF_LIB_consensus_vsearch	4087	G	G	267	5	1.82%	2	1	93	93	0.030676089228361576	1	1	162	105	0	5	-TG
F6_BC66_191109_LF_LIB_consensus_vsearch	4088	T	T	267	3	1.11%	2	1	93	93	0.12430426716151294	1	1	163	104	0	3	G
F6_BC66_191109_LF_LIB_consensus_vsearch	4089	G	G	268	1	0.37%	2	1	93	93	0.5000000000003686	1	1	161	107	0	1	+C
F6_BC66_191109_LF_LIB_consensus_vsearch	4090	A	A	273	1	0.36%	2	1	93	93	0.4999999999999138	1	1	161	112	0	1	+GA
F6_BC66_191109_LF_LIB_consensus_vsearch	4091	T	T	264	4	1.45%	2	1	93	93	0.06179972295775155	1	1	153	111	4	0	+G
F6_BC66_191109_LF_LIB_consensus_vsearch	4092	A	*/-G	241	16	5.86%	2	2	93	93	1.1993861560497258E-5	1	1	147	94	1	15	-G
F6_BC66_191109_LF_LIB_consensus_vsearch	4093	G	G	251	4	1.55%	2	1	93	93	0.06176398786346276	1	1	155	96	4	0	+A
F6_BC66_191109_LF_LIB_consensus_vsearch	4094	G	G	262	6	2.19%	2	1	93	93	0.015189380104217696	1	1	151	111	6	0	A
F6_BC66_191109_LF_LIB_consensus_vsearch	4095	G	R	259	8	2.91%	2	1	93	93	0.003703931063382389	1	1	150	109	8	0	A
F6_BC66_191109_LF_LIB_consensus_vsearch	4096	C	C	261	3	1.11%	2	1	93	93	0.12428842504744599	1	1	155	106	3	0	-A
F6_BC66_191109_LF_LIB_consensus_vsearch	4097	A	A	260	4	1.49%	2	1	93	93	0.06178910273789233	1	1	151	109	4	0	G
F6_BC66_191109_LF_LIB_consensus_vsearch	4098	G	G	262	3	1.11%	2	1	93	93	0.12429111531193521	1	1	153	109	3	0	+A
F6_BC66_191109_LF_LIB_consensus_vsearch	4099	T	T	269	3	1.1%	2	2	93	93	0.12430939226523824	1	1	158	111	1	2	C
F6_BC66_191109_LF_LIB_consensus_vsearch	4100	T	T	269	3	1.09%	2	2	93	93	0.12430939226523824	1	1	158	111	2	1	C
F6_BC66_191109_LF_LIB_consensus_vsearch	4101	A	R	255	11	3.99%	2	2	93	93	4.3940412746515644E-4	1	1	149	106	10	1	G
F6_BC66_191109_LF_LIB_consensus_vsearch	4102	C	*/-T	252	10	3.73%	2	2	93	93	8.947732384278332E-4	1	1	156	96	2	8	-T
F6_BC66_191109_LF_LIB_consensus_vsearch	4103	T	T	248	5	1.92%	2	2	93	93	0.030633033482245435	1	1	150	98	4	1	C
F6_BC66_191109_LF_LIB_consensus_vsearch	4104	T	Y	252	9	3.32%	2	2	93	93	0.0018208809482378404	1	1	149	103	6	3	C
F6_BC66_191109_LF_LIB_consensus_vsearch	4105	G	*/-A	257	9	3.31%	2	2	93	93	0.0018233214254448316	1	1	154	103	6	3	-A
F6_BC66_191109_LF_LIB_consensus_vsearch	4106	A	A	256	5	1.89%	2	1	93	93	0.03065192548788321	1	1	150	106	5	0	+G
F6_BC66_191109_LF_LIB_consensus_vsearch	4107	A	A	273	1	0.36%	2	1	93	93	0.4999999999999138	1	1	162	111	0	1	+T
F6_BC66_191109_LF_LIB_consensus_vsearch	4108	T	*/+G	256	9	3.27%	2	1	93	93	0.0018228405600327687	1	1	161	95	0	9	+G
F6_BC66_191109_LF_LIB_consensus_vsearch	4109	G	*/-A	248	8	2.91%	2	2	93	93	0.0036953503162476236	1	1	152	96	5	3	-A
F6_BC66_191109_LF_LIB_consensus_vsearch	4110	A	A	250	4	1.53%	2	1	93	93	0.061761087351402955	1	1	156	94	0	4	C
F6_BC66_191109_LF_LIB_consensus_vsearch	4111	A	A	261	6	2.22%	2	2	93	93	0.015187754818318031	1	1	156	105	5	1	G
F6_BC66_191109_LF_LIB_consensus_vsearch	4112	G	G	270	1	0.37%	2	1	93	93	0.4999999999999138	1	1	162	108	0	1	-C
F6_BC66_191109_LF_LIB_consensus_vsearch	4113	C	C	267	4	1.47%	2	1	93	93	0.061807482193030554	1	1	161	106	0	4	T
F6_BC66_191109_LF_LIB_consensus_vsearch	4114	G	G	268	2	0.74%	2	2	93	93	0.24953617810762627	1	1	158	110	1	1	-C
F6_BC66_191109_LF_LIB_consensus_vsearch	4115	C	C	272	1	0.37%	2	1	93	93	0.5000000000003686	1	1	160	112	1	0	T
F6_BC66_191109_LF_LIB_consensus_vsearch	4116	C	C	270	2	0.72%	2	1	93	93	0.2495395948434138	1	1	160	110	0	2	T
F6_BC66_191109_LF_LIB_consensus_vsearch	4117	G	G	261	6	2.2%	2	2	93	93	0.015187754818318031	1	1	156	105	1	5	-CCG
F6_BC66_191109_LF_LIB_consensus_vsearch	4118	C	C	261	1	0.38%	2	1	93	93	0.5000000000003686	1	1	157	104	0	1	+A
F6_BC66_191109_LF_LIB_consensus_vsearch	4119	C	C	257	4	1.49%	2	1	93	93	0.061780923746039114	1	1	158	99	0	4	+G
F6_BC66_191109_LF_LIB_consensus_vsearch	4120	G	G	254	5	1.89%	2	2	93	93	0.030647311787538743	1	1	151	103	4	1	A
F6_BC66_191109_LF_LIB_consensus_vsearch	4121	G	G	265	3	1.09%	2	1	93	93	0.12429906542060956	1	1	155	110	3	0	+C
F6_BC66_191109_LF_LIB_consensus_vsearch	4122	C	C	261	4	1.48%	2	1	93	93	0.06179178787806501	1	1	153	108	4	0	+G
F6_BC66_191109_LF_LIB_consensus_vsearch	4123	A	A	256	4	1.47%	2	2	93	93	0.061778155432067945	1	1	147	109	3	1	-T
F6_BC66_191109_LF_LIB_consensus_vsearch	4124	T	*/-G	231	18	6.67%	2	1	93	93	2.774229261475934E-6	1	1	123	108	18	0	-G
F6_BC66_191109_LF_LIB_consensus_vsearch	4125	G	*/-A	170	78	30.59%	2	1	93	93	2.428118033621985E-27	1	1	61	109	78	0	-A
F6_BC66_191109_LF_LIB_consensus_vsearch	4126	A	A	187	2	1.04%	2	1	93	93	0.24933687002661706	1	1	78	109	2	0	+G
F6_BC66_191109_LF_LIB_consensus_vsearch	4127	A	R	244	21	7.72%	2	2	93	93	3.157325309893725E-7	1	1	136	108	20	1	G
F6_BC66_191109_LF_LIB_consensus_vsearch	4128	G	*/+C	195	38	14.13%	2	2	93	93	7.037891237369459E-13	1	1	84	111	37	1	+C
F6_BC66_191109_LF_LIB_consensus_vsearch	4129	C	C	233	6	2.45%	2	1	93	93	0.015136748888845615	1	1	122	111	6	0	A
F6_BC66_191109_LF_LIB_consensus_vsearch	4130	C	C	261	5	1.83%	2	2	93	93	0.03066315650820783	1	1	155	106	1	4	T
F6_BC66_191109_LF_LIB_consensus_vsearch	4131	T	T	250	5	1.85%	2	2	93	93	0.030637867497453432	1	1	152	98	1	4	C
F6_BC66_191109_LF_LIB_consensus_vsearch	4132	A	A	263	4	1.49%	2	1	93	93	0.06179709776251344	1	1	158	105	0	4	G
F6_BC66_191109_LF_LIB_consensus_vsearch	4133	A	A	264	5	1.85%	2	1	93	93	0.030669694912897477	1	1	160	104	0	5	G
F6_BC66_191109_LF_LIB_consensus_vsearch	4134	G	G	260	6	2.18%	2	1	93	93	0.01518611735985533	1	1	154	106	6	0	A
F6_BC66_191109_LF_LIB_consensus_vsearch	4135	C	C	261	3	1.12%	2	1	93	93	0.12428842504744599	1	1	158	103	0	3	T
F6_BC66_191109_LF_LIB_consensus_vsearch	4136	G	G	266	2	0.74%	2	1	93	93	0.24953271028049737	1	1	160	106	0	2	T
F6_BC66_191109_LF_LIB_consensus_vsearch	4137	G	G	274	1	0.36%	2	1	93	93	0.4999999999999138	1	1	162	112	0	1	-T
F6_BC66_191109_LF_LIB_consensus_vsearch	4138	T	*/-C	211	59	21.53%	2	1	93	93	4.9221714758037126E-20	1	1	99	112	59	0	-C
F6_BC66_191109_LF_LIB_consensus_vsearch	4139	C	C	214	1	0.46%	2	1	93	93	0.5000000000001412	1	1	101	113	1	0	+A
F6_BC66_191109_LF_LIB_consensus_vsearch	4140	C	Y	239	9	3.27%	2	1	93	93	0.001814084347407265	1	1	148	91	0	9	T
F6_BC66_191109_LF_LIB_consensus_vsearch	4141	G	*/-A	258	11	4.04%	2	2	93	93	4.3993165790743476E-4	1	1	151	107	9	2	-A
F6_BC66_191109_LF_LIB_consensus_vsearch	4142	A	A	258	3	1.14%	2	2	93	93	0.12428023032618613	1	1	149	109	2	1	+G
F6_BC66_191109_LF_LIB_consensus_vsearch	4143	A	A	270	4	1.45%	2	2	93	93	0.06181507136518779	1	1	158	112	3	1	G
F6_BC66_191109_LF_LIB_consensus_vsearch	4144	T	T	270	2	0.73%	2	2	93	93	0.2495395948434138	1	1	160	110	1	1	+G
F6_BC66_191109_LF_LIB_consensus_vsearch	4145	G	G	272	2	0.73%	2	1	93	93	0.2495429616087481	1	1	160	112	2	0	-A
F6_BC66_191109_LF_LIB_consensus_vsearch	4146	A	A	264	3	1.1%	2	1	93	93	0.1242964352720778	1	1	155	109	3	0	+G
F6_BC66_191109_LF_LIB_consensus_vsearch	4147	T	T	270	2	0.74%	2	1	93	93	0.2495395948434138	1	1	162	108	0	2	C
F6_BC66_191109_LF_LIB_consensus_vsearch	4148	G	*/-CT	258	12	4.36%	2	1	93	93	2.1547673040377304E-4	1	1	147	111	12	0	-CT
F6_BC66_191109_LF_LIB_consensus_vsearch	4149	C	C	249	4	1.52%	2	2	93	93	0.06175816388801474	1	1	143	106	3	1	-T
F6_BC66_191109_LF_LIB_consensus_vsearch	4150	T	T	252	3	1.16%	2	1	93	93	0.12426326129665838	1	1	141	111	3	0	C
F6_BC66_191109_LF_LIB_consensus_vsearch	4151	T	T	264	6	2.18%	2	2	93	93	0.015192594697130085	1	1	155	109	4	2	C
F6_BC66_191109_LF_LIB_consensus_vsearch	4152	A	A	264	4	1.45%	2	2	93	93	0.06179972295775155	1	1	155	109	3	1	-T
F6_BC66_191109_LF_LIB_consensus_vsearch	4153	T	T	254	5	1.85%	2	1	93	93	0.030647311787538743	1	1	149	105	5	0	+A
F6_BC66_191109_LF_LIB_consensus_vsearch	4154	G	*/-A	260	10	3.64%	2	1	93	93	8.97137079051494E-4	1	1	148	112	10	0	-A
F6_BC66_191109_LF_LIB_consensus_vsearch	4155	A	A	252	6	2.26%	2	2	93	93	0.015172562563020547	1	1	140	112	5	1	-G
F6_BC66_191109_LF_LIB_consensus_vsearch	4156	G	G	260	5	1.86%	2	1	93	93	0.030660944175210838	1	1	151	109	5	0	A
F6_BC66_191109_LF_LIB_consensus_vsearch	4157	T	T	269	2	0.73%	2	1	93	93	0.24953789279111838	1	1	158	111	2	0	-C
F6_BC66_191109_LF_LIB_consensus_vsearch	4158	C	C	262	5	1.83%	2	1	93	93	0.030665352285866324	1	1	152	110	5	0	-ACCT
F6_BC66_191109_LF_LIB_consensus_vsearch	4159	A	A	254	5	1.87%	2	2	93	93	0.030647311787538743	1	1	150	104	3	2	-C
F6_BC66_191109_LF_LIB_consensus_vsearch	4160	C	C	259	1	0.38%	2	1	93	93	0.4999999999999138	1	1	151	108	1	0	+A
F6_BC66_191109_LF_LIB_consensus_vsearch	4161	C	*/+T	248	10	3.7%	2	2	93	93	8.935377905624525E-4	1	1	150	98	3	7	+T
F6_BC66_191109_LF_LIB_consensus_vsearch	4162	T	T	254	2	0.77%	2	1	93	93	0.2495107632092758	1	1	149	105	2	0	C
F6_BC66_191109_LF_LIB_consensus_vsearch	4163	T	T	266	3	1.1%	2	2	93	93	0.1243016759777629	1	1	158	108	1	2	C
F6_BC66_191109_LF_LIB_consensus_vsearch	4164	G	G	262	4	1.47%	2	2	93	93	0.06179445281046573	1	1	153	109	3	1	-C
F6_BC66_191109_LF_LIB_consensus_vsearch	4165	C	C	257	6	2.23%	2	1	93	93	0.015181130565948187	1	1	154	103	0	6	+T
F6_BC66_191109_LF_LIB_consensus_vsearch	4166	C	C	262	5	1.82%	2	2	93	93	0.030665352285866324	1	1	154	108	2	3	-T
F6_BC66_191109_LF_LIB_consensus_vsearch	4167	T	T	252	4	1.48%	2	2	93	93	0.06176686569346045	1	1	153	99	2	2	C
F6_BC66_191109_LF_LIB_consensus_vsearch	4168	G	G	264	3	1.11%	2	1	93	93	0.1242964352720778	1	1	156	108	3	0	C
F6_BC66_191109_LF_LIB_consensus_vsearch	4169	C	Y	258	7	2.55%	2	2	93	93	0.007505299821009934	1	1	155	103	1	6	T
F6_BC66_191109_LF_LIB_consensus_vsearch	4170	A	A	268	2	0.73%	2	2	93	93	0.24953617810762627	1	1	159	109	1	1	G
F6_BC66_191109_LF_LIB_consensus_vsearch	4171	A	A	266	3	1.09%	2	2	93	93	0.1243016759777629	1	1	156	110	2	1	T
F6_BC66_191109_LF_LIB_consensus_vsearch	4172	G	R	240	25	9.19%	2	1	93	93	1.6459167643363623E-8	1	1	132	108	25	0	A
F6_BC66_191109_LF_LIB_consensus_vsearch	4173	C	C	265	2	0.74%	2	2	93	93	0.2495309568482648	1	1	159	106	1	1	T
F6_BC66_191109_LF_LIB_consensus_vsearch	4174	A	R	231	30	10.99%	2	2	93	93	3.848405595992283E-10	1	1	132	99	29	1	G
F6_BC66_191109_LF_LIB_consensus_vsearch	4175	G	G	263	1	0.38%	2	1	93	93	0.4999999999999138	1	1	163	100	0	1	+AG
F6_BC66_191109_LF_LIB_consensus_vsearch	4176	G	G	272	3	1.09%	2	2	93	93	0.12431693989066941	1	1	162	110	1	2	A
F6_BC66_191109_LF_LIB_consensus_vsearch	4177	A	A	268	2	0.73%	2	2	93	93	0.24953617810762627	1	1	160	108	1	1	G
F6_BC66_191109_LF_LIB_consensus_vsearch	4178	C	C	266	3	1.09%	2	1	93	93	0.1243016759777629	1	1	156	110	3	0	+G
F6_BC66_191109_LF_LIB_consensus_vsearch	4179	G	G	266	4	1.47%	2	1	93	93	0.06180491495741971	1	1	154	112	4	0	-A
F6_BC66_191109_LF_LIB_consensus_vsearch	4180	A	*/-G	222	46	16.97%	2	1	93	93	1.7175180993314142E-15	1	1	109	113	46	0	-G
F6_BC66_191109_LF_LIB_consensus_vsearch	4181	G	G	222	3	1.31%	2	2	93	93	0.12416481069040536	1	1	113	109	1	2	+AG
F6_BC66_191109_LF_LIB_consensus_vsearch	4182	G	*/+AG	250	7	2.54%	2	1	93	93	0.007495813166417644	1	1	141	109	7	0	+AG
F6_BC66_191109_LF_LIB_consensus_vsearch	4183	T	T	264	1	0.37%	2	1	93	93	0.4999999999999138	1	1	155	109	0	1	+G
F6_BC66_191109_LF_LIB_consensus_vsearch	4184	T	T	273	2	0.73%	2	1	93	93	0.2495446265938613	1	1	163	110	0	2	C
F6_BC66_191109_LF_LIB_consensus_vsearch	4185	T	*/-G	235	34	12.32%	2	2	93	93	1.9129039274072777E-11	1	1	160	75	1	33	-G
F6_BC66_191109_LF_LIB_consensus_vsearch	4186	G	G	233	6	2.49%	2	2	93	93	0.015136748888845615	1	1	157	76	5	1	A
F6_BC66_191109_LF_LIB_consensus_vsearch	4187	G	G	269	2	0.73%	2	1	93	93	0.24953789279111838	1	1	159	110	2	0	-A
F6_BC66_191109_LF_LIB_consensus_vsearch	4188	A	A	263	4	1.47%	2	1	93	93	0.06179709776251344	1	1	158	105	0	4	+C
F6_BC66_191109_LF_LIB_consensus_vsearch	4189	T	*/+C	261	8	2.92%	2	1	93	93	0.003705416747963619	1	1	153	108	8	0	+C
F6_BC66_191109_LF_LIB_consensus_vsearch	4190	C	*/-T	264	8	2.92%	2	2	93	93	0.0037076048169334716	1	1	159	105	2	6	-T
F6_BC66_191109_LF_LIB_consensus_vsearch	4191	T	*/-A	244	14	5.24%	2	2	93	93	5.092397942761746E-5	1	1	157	87	4	10	-A
F6_BC66_191109_LF_LIB_consensus_vsearch	4192	A	A	256	3	1.15%	2	2	93	93	0.12427466150865948	1	1	157	99	2	1	G
F6_BC66_191109_LF_LIB_consensus_vsearch	4193	A	R	268	8	2.9%	2	2	93	93	0.003710449152927439	1	1	158	110	5	3	G
F6_BC66_191109_LF_LIB_consensus_vsearch	4194	T	Y	255	13	4.71%	2	1	93	93	1.051708397388793E-4	1	1	156	99	0	13	C
F6_BC66_191109_LF_LIB_consensus_vsearch	4195	G	G	267	2	0.73%	2	1	93	93	0.24953445065180796	1	1	156	111	0	2	+TG
F6_BC66_191109_LF_LIB_consensus_vsearch	4196	A	A	264	3	1.09%	2	1	93	93	0.1242964352720778	1	1	152	112	3	0	-G
F6_BC66_191109_LF_LIB_consensus_vsearch	4197	G	G	264	3	1.1%	2	2	93	93	0.1242964352720778	1	1	154	110	2	1	-C
F6_BC66_191109_LF_LIB_consensus_vsearch	4198	C	*/-AC	247	17	6.25%	2	1	93	93	5.847872971450355E-6	1	1	138	109	17	0	-AC
F6_BC66_191109_LF_LIB_consensus_vsearch	4199	A	A	251	3	1.16%	2	2	93	93	0.12426035502961323	1	1	141	110	2	1	-CG
F6_BC66_191109_LF_LIB_consensus_vsearch	4200	C	C	248	3	1.18%	2	1	93	93	0.12425149700602607	1	1	142	106	0	3	T
F6_BC66_191109_LF_LIB_consensus_vsearch	4201	G	G	271	0	0%	2	0	93	0	1.0	1	0	160	111	0	0	
F6_BC66_191109_LF_LIB_consensus_vsearch	4202	T	*/-C	255	13	4.74%	2	1	93	93	1.051708397388793E-4	1	1	146	109	13	0	-C
F6_BC66_191109_LF_LIB_consensus_vsearch	4203	C	C	258	1	0.38%	2	1	93	93	0.4999999999999138	1	1	148	110	1	0	+T
F6_BC66_191109_LF_LIB_consensus_vsearch	4204	C	C	264	4	1.47%	2	1	93	93	0.06179972295775155	1	1	154	110	4	0	-AC
F6_BC66_191109_LF_LIB_consensus_vsearch	4205	A	A	263	1	0.37%	2	1	93	93	0.4999999999999138	1	1	156	107	0	1	+T
F6_BC66_191109_LF_LIB_consensus_vsearch	4206	C	C	260	5	1.86%	2	1	93	93	0.030660944175210838	1	1	158	102	0	5	+T
F6_BC66_191109_LF_LIB_consensus_vsearch	4207	T	*/-CT	254	12	4.41%	2	1	93	93	2.1506344050599332E-4	1	1	162	92	0	12	-CT
F6_BC66_191109_LF_LIB_consensus_vsearch	4208	C	*/-T	241	14	5.41%	2	2	93	93	5.081261627675223E-5	1	1	161	80	1	13	-T
F6_BC66_191109_LF_LIB_consensus_vsearch	4209	T	T	247	1	0.4%	2	1	93	93	0.4999999999999138	1	1	161	86	1	0	+CT
F6_BC66_191109_LF_LIB_consensus_vsearch	4210	T	T	265	4	1.46%	2	2	93	93	0.06180232861697055	1	1	160	105	2	2	+G
F6_BC66_191109_LF_LIB_consensus_vsearch	4211	G	G	271	1	0.36%	2	1	93	93	0.4999999999999138	1	1	160	111	1	0	+A
F6_BC66_191109_LF_LIB_consensus_vsearch	4212	A	A	262	5	1.84%	2	1	93	93	0.030665352285866324	1	1	153	109	5	0	+G
F6_BC66_191109_LF_LIB_consensus_vsearch	4213	G	G	265	2	0.73%	2	1	93	93	0.2495309568482648	1	1	155	110	2	0	+AG
F6_BC66_191109_LF_LIB_consensus_vsearch	4214	T	Y	260	10	3.69%	2	1	93	93	8.97137079051494E-4	1	1	160	100	0	10	C
F6_BC66_191109_LF_LIB_consensus_vsearch	4215	T	T	262	4	1.46%	2	2	93	93	0.06179445281046573	1	1	156	106	3	1	+A
F6_BC66_191109_LF_LIB_consensus_vsearch	4216	G	R	259	11	4.04%	2	1	93	93	4.40104982176298E-4	1	1	149	110	11	0	A
F6_BC66_191109_LF_LIB_consensus_vsearch	4217	G	G	274	1	0.36%	2	1	93	93	0.4999999999999138	1	1	162	112	1	0	+A
F6_BC66_191109_LF_LIB_consensus_vsearch	4218	G	G	269	3	1.09%	2	1	93	93	0.12430939226523824	1	1	159	110	3	0	-A
F6_BC66_191109_LF_LIB_consensus_vsearch	4219	A	A	268	2	0.73%	2	2	93	93	0.24953617810762627	1	1	157	111	1	1	G
F6_BC66_191109_LF_LIB_consensus_vsearch	4220	C	C	270	2	0.73%	2	2	93	93	0.2495395948434138	1	1	159	111	1	1	-T
F6_BC66_191109_LF_LIB_consensus_vsearch	4221	T	T	270	3	1.09%	2	2	93	93	0.12431192660547026	1	1	161	109	1	2	C
F6_BC66_191109_LF_LIB_consensus_vsearch	4222	G	G	267	3	1.09%	2	1	93	93	0.12430426716151294	1	1	156	111	3	0	+T
F6_BC66_191109_LF_LIB_consensus_vsearch	4223	T	T	268	6	2.19%	2	2	93	93	0.015198883630026071	1	1	161	107	1	5	C
F6_BC66_191109_LF_LIB_consensus_vsearch	4224	T	*/+A	262	9	3.28%	2	2	93	93	0.0018256734909882749	1	1	152	110	8	1	+A
F6_BC66_191109_LF_LIB_consensus_vsearch	4225	G	K	256	8	2.93%	2	1	93	93	0.003701660868547635	1	1	148	108	8	0	T
F6_BC66_191109_LF_LIB_consensus_vsearch	4226	T	T	258	5	1.85%	2	1	93	93	0.030656469088614302	1	1	158	100	0	5	-GC
F6_BC66_191109_LF_LIB_consensus_vsearch	4227	G	G	252	5	1.9%	2	1	93	93	0.030642626352771006	1	1	151	101	5	0	A
F6_BC66_191109_LF_LIB_consensus_vsearch	4228	C	C	259	5	1.87%	2	2	93	93	0.030658715098946722	1	1	158	101	2	3	T
F6_BC66_191109_LF_LIB_consensus_vsearch	4229	A	A	265	5	1.84%	2	1	93	93	0.030671842124359663	1	1	155	110	5	0	G
F6_BC66_191109_LF_LIB_consensus_vsearch	4230	T	T	265	5	1.82%	2	2	93	93	0.030671842124359663	1	1	157	108	3	2	-GT
F6_BC66_191109_LF_LIB_consensus_vsearch	4231	G	*/-T	255	9	3.35%	2	1	93	93	0.0018223561198992344	1	1	155	100	0	9	-T
F6_BC66_191109_LF_LIB_consensus_vsearch	4232	T	T	253	4	1.53%	2	1	93	93	0.0617697211064687	1	1	160	93	0	4	+G
F6_BC66_191109_LF_LIB_consensus_vsearch	4233	A	R	254	11	4%	2	1	93	93	4.392257188796428E-4	1	1	161	93	0	11	G
F6_BC66_191109_LF_LIB_consensus_vsearch	4234	T	T	269	2	0.74%	2	1	93	93	0.24953789279111838	1	1	161	108	0	2	C
F6_BC66_191109_LF_LIB_consensus_vsearch	4235	T	T	267	2	0.73%	2	1	93	93	0.24953445065180796	1	1	159	108	0	2	C
F6_BC66_191109_LF_LIB_consensus_vsearch	4236	A	A	265	3	1.1%	2	1	93	93	0.12429906542060956	1	1	159	106	0	3	+C
F6_BC66_191109_LF_LIB_consensus_vsearch	4237	T	*/-C	261	8	2.93%	2	1	93	93	0.003705416747963619	1	1	159	102	0	8	-C
F6_BC66_191109_LF_LIB_consensus_vsearch	4238	C	C	262	2	0.75%	2	1	93	93	0.24952561669824413	1	1	161	101	0	2	T
F6_BC66_191109_LF_LIB_consensus_vsearch	4239	T	*/-C	240	23	8.42%	2	2	93	93	7.211277908413451E-8	1	1	140	100	22	1	-C
F6_BC66_191109_LF_LIB_consensus_vsearch	4240	C	C	248	2	0.79%	2	1	93	93	0.24949899799584363	1	1	137	111	2	0	T
F6_BC66_191109_LF_LIB_consensus_vsearch	4241	C	C	272	4	1.45%	2	2	93	93	0.06182003907461255	1	1	161	111	2	2	-T
F6_BC66_191109_LF_LIB_consensus_vsearch	4242	T	T	260	5	1.84%	2	2	93	93	0.030660944175210838	1	1	157	103	1	4	C
F6_BC66_191109_LF_LIB_consensus_vsearch	4243	G	G	267	3	1.09%	2	1	93	93	0.12430426716151294	1	1	156	111	3	0	-A
F6_BC66_191109_LF_LIB_consensus_vsearch	4244	A	A	267	2	0.74%	2	1	93	93	0.24953445065180796	1	1	154	113	2	0	+G
F6_BC66_191109_LF_LIB_consensus_vsearch	4245	A	*/-T	264	8	2.91%	2	2	93	93	0.0037076048169334716	1	1	156	108	3	5	-T
F6_BC66_191109_LF_LIB_consensus_vsearch	4246	T	T	263	3	1.12%	2	2	93	93	0.12429378531094196	1	1	157	106	2	1	C
F6_BC66_191109_LF_LIB_consensus_vsearch	4247	T	T	271	3	1.09%	2	2	93	93	0.12431444241326345	1	1	160	111	2	1	C
F6_BC66_191109_LF_LIB_consensus_vsearch	4248	T	T	273	2	0.72%	2	2	93	93	0.2495446265938613	1	1	162	111	1	1	C
F6_BC66_191109_LF_LIB_consensus_vsearch	4249	G	G	270	5	1.81%	2	1	93	93	0.030682344165700513	1	1	158	112	5	0	A
F6_BC66_191109_LF_LIB_consensus_vsearch	4250	T	T	270	3	1.09%	2	1	93	93	0.12431192660547026	1	1	157	113	3	0	-C
F6_BC66_191109_LF_LIB_consensus_vsearch	4251	C	*/-AC	262	7	2.56%	2	1	93	93	0.007509833180020558	1	1	149	113	7	0	-AC
F6_BC66_191109_LF_LIB_consensus_vsearch	4252	A	A	258	3	1.13%	2	2	93	93	0.12428023032618613	1	1	150	108	1	2	G
F6_BC66_191109_LF_LIB_consensus_vsearch	4253	C	*/-G	245	9	3.4%	2	2	93	93	0.0018173060047634259	1	1	141	104	6	3	-G
F6_BC66_191109_LF_LIB_consensus_vsearch	4254	G	R	248	7	2.69%	2	2	93	93	0.007493349252391194	1	1	146	102	5	2	A
F6_BC66_191109_LF_LIB_consensus_vsearch	4255	G	*/-C	253	10	3.68%	2	2	93	93	8.950763801239866E-4	1	1	146	107	9	1	-C
F6_BC66_191109_LF_LIB_consensus_vsearch	4256	C	C	250	3	1.15%	2	1	93	93	0.12425742574263329	1	1	146	104	0	3	+A
F6_BC66_191109_LF_LIB_consensus_vsearch	4257	T	T	266	2	0.74%	2	1	93	93	0.24953271028049737	1	1	156	110	2	0	C
F6_BC66_191109_LF_LIB_consensus_vsearch	4258	A	A	260	6	2.19%	2	2	93	93	0.01518611735985533	1	1	151	109	5	1	G
F6_BC66_191109_LF_LIB_consensus_vsearch	4259	G	G	265	2	0.74%	2	1	93	93	0.2495309568482648	1	1	154	111	2	0	+C
F6_BC66_191109_LF_LIB_consensus_vsearch	4260	C	C	270	1	0.37%	2	1	93	93	0.4999999999999138	1	1	159	111	1	0	A
F6_BC66_191109_LF_LIB_consensus_vsearch	4261	C	C	266	4	1.47%	2	2	93	93	0.06180491495741971	1	1	159	107	1	3	T
F6_BC66_191109_LF_LIB_consensus_vsearch	4262	A	A	268	2	0.74%	2	2	93	93	0.24953617810762627	1	1	159	109	1	1	G
F6_BC66_191109_LF_LIB_consensus_vsearch	4263	T	T	265	2	0.73%	2	2	93	93	0.2495309568482648	1	1	157	108	1	1	-GT
F6_BC66_191109_LF_LIB_consensus_vsearch	4264	G	G	264	3	1.1%	2	2	93	93	0.1242964352720778	1	1	155	109	2	1	-TA
F6_BC66_191109_LF_LIB_consensus_vsearch	4265	T	T	264	3	1.12%	2	1	93	93	0.1242964352720778	1	1	155	109	3	0	C
F6_BC66_191109_LF_LIB_consensus_vsearch	4266	A	R	257	12	4.43%	2	2	93	93	2.1537451184080097E-4	1	1	147	110	11	1	G
F6_BC66_191109_LF_LIB_consensus_vsearch	4267	C	*/-A	206	44	15.94%	2	2	93	93	7.133961084292286E-15	1	1	111	95	34	10	-A
F6_BC66_191109_LF_LIB_consensus_vsearch	4268	A	A	222	2	0.88%	2	1	93	93	0.24944071588395061	1	1	122	100	2	0	C
F6_BC66_191109_LF_LIB_consensus_vsearch	4269	A	A	267	4	1.47%	2	1	93	93	0.061807482193030554	1	1	159	108	0	4	G
F6_BC66_191109_LF_LIB_consensus_vsearch	4270	A	A	271	2	0.73%	2	2	93	93	0.24954128440383208	1	1	161	110	1	1	G
F6_BC66_191109_LF_LIB_consensus_vsearch	4271	A	A	268	4	1.45%	2	2	93	93	0.061810030534865154	1	1	162	106	1	3	G
F6_BC66_191109_LF_LIB_consensus_vsearch	4272	T	T	268	3	1.1%	2	2	93	93	0.12430683918669663	1	1	162	106	1	2	C
F6_BC66_191109_LF_LIB_consensus_vsearch	4273	T	*/-C	252	15	5.45%	2	2	93	93	2.4932181436345333E-5	1	1	161	91	1	14	-C
F6_BC66_191109_LF_LIB_consensus_vsearch	4274	C	C	254	2	0.77%	2	2	93	93	0.2495107632092758	1	1	158	96	1	1	T
F6_BC66_191109_LF_LIB_consensus_vsearch	4275	G	G	271	1	0.36%	2	1	93	93	0.4999999999999138	1	1	161	110	1	0	+A
F6_BC66_191109_LF_LIB_consensus_vsearch	4276	A	A	267	3	1.09%	2	1	93	93	0.12430426716151294	1	1	156	111	3	0	+G
F6_BC66_191109_LF_LIB_consensus_vsearch	4277	C	C	264	6	2.19%	2	1	93	93	0.015192594697130085	1	1	161	103	0	6	+T
F6_BC66_191109_LF_LIB_consensus_vsearch	4278	T	T	259	5	1.83%	2	1	93	93	0.030658715098946722	1	1	162	97	0	5	-CT
F6_BC66_191109_LF_LIB_consensus_vsearch	4279	C	C	261	2	0.75%	2	1	93	93	0.24952380952412506	1	1	159	102	2	0	+T
F6_BC66_191109_LF_LIB_consensus_vsearch	4280	T	T	267	1	0.37%	2	1	93	93	0.5000000000003686	1	1	162	105	0	1	+CT
F6_BC66_191109_LF_LIB_consensus_vsearch	4281	T	*/+C	265	7	2.55%	2	2	93	93	0.00751314636487435	1	1	155	110	6	1	+C
F6_BC66_191109_LF_LIB_consensus_vsearch	4282	C	C	257	6	2.19%	2	2	93	93	0.015181130565948187	1	1	156	101	5	1	+A
F6_BC66_191109_LF_LIB_consensus_vsearch	4283	A	A	264	1	0.38%	2	1	93	93	0.4999999999999138	1	1	161	103	1	0	+G
F6_BC66_191109_LF_LIB_consensus_vsearch	4284	A	A	263	5	1.84%	2	2	93	93	0.030667531693296068	1	1	161	102	1	4	-G
F6_BC66_191109_LF_LIB_consensus_vsearch	4285	G	R	256	9	3.32%	2	1	93	93	0.0018228405600327687	1	1	151	105	9	0	A
F6_BC66_191109_LF_LIB_consensus_vsearch	4286	T	Y	260	8	2.94%	2	1	93	93	0.0037046766426069204	1	1	159	101	0	8	C
F6_BC66_191109_LF_LIB_consensus_vsearch	4287	G	G	272	1	0.37%	2	1	93	93	0.5000000000003686	1	1	159	113	1	0	-A
F6_BC66_191109_LF_LIB_consensus_vsearch	4288	A	A	271	2	0.73%	2	2	93	93	0.24954128440383208	1	1	159	112	1	1	T
F6_BC66_191109_LF_LIB_consensus_vsearch	4289	A	A	269	5	1.81%	2	1	93	93	0.030680274390748198	1	1	158	111	5	0	G
F6_BC66_191109_LF_LIB_consensus_vsearch	4290	T	T	272	1	0.36%	2	1	93	93	0.5000000000003686	1	1	162	110	0	1	+C
F6_BC66_191109_LF_LIB_consensus_vsearch	4291	C	C	270	2	0.73%	2	1	93	93	0.2495395948434138	1	1	159	111	2	0	+T
F6_BC66_191109_LF_LIB_consensus_vsearch	4292	A	R	263	7	2.54%	2	2	93	93	0.007510945692957774	1	1	155	108	4	3	G
F6_BC66_191109_LF_LIB_consensus_vsearch	4293	T	T	266	6	2.17%	2	2	93	93	0.015195762196627145	1	1	158	108	3	3	C
F6_BC66_191109_LF_LIB_consensus_vsearch	4294	A	A	273	1	0.36%	2	1	93	93	0.4999999999999138	1	1	162	111	0	1	+TA
F6_BC66_191109_LF_LIB_consensus_vsearch	4295	A	A	269	4	1.45%	2	1	93	93	0.06181256019060895	1	1	158	111	4	0	G
F6_BC66_191109_LF_LIB_consensus_vsearch	4296	C	C	270	3	1.09%	2	1	93	93	0.12431192660547026	1	1	161	109	0	3	-T
F6_BC66_191109_LF_LIB_consensus_vsearch	4297	T	T	258	5	1.83%	2	1	93	93	0.030656469088614302	1	1	156	102	0	5	C
F6_BC66_191109_LF_LIB_consensus_vsearch	4298	G	G	266	3	1.1%	2	1	93	93	0.1243016759777629	1	1	155	111	3	0	-A
F6_BC66_191109_LF_LIB_consensus_vsearch	4299	A	A	261	5	1.85%	2	2	93	93	0.03066315650820783	1	1	153	108	2	3	-T
F6_BC66_191109_LF_LIB_consensus_vsearch	4300	T	T	266	2	0.74%	2	2	93	93	0.24953271028049737	1	1	157	109	1	1	C
F6_BC66_191109_LF_LIB_consensus_vsearch	4301	T	T	271	4	1.45%	2	2	93	93	0.06181756426009212	1	1	160	111	2	2	C
F6_BC66_191109_LF_LIB_consensus_vsearch	4302	T	T	261	6	2.17%	2	2	93	93	0.015187754818318031	1	1	157	104	4	2	-A
F6_BC66_191109_LF_LIB_consensus_vsearch	4303	A	A	268	1	0.37%	2	1	93	93	0.5000000000003686	1	1	159	109	0	1	+CGA
F6_BC66_191109_LF_LIB_consensus_vsearch	4304	A	A	272	4	1.45%	2	1	93	93	0.06182003907461255	1	1	159	113	4	0	G
F6_BC66_191109_LF_LIB_consensus_vsearch	4305	T	T	268	2	0.72%	2	1	93	93	0.24953617810762627	1	1	158	110	2	0	+A
F6_BC66_191109_LF_LIB_consensus_vsearch	4306	G	*/-A	266	7	2.54%	2	2	93	93	0.0075142347009056415	1	1	155	111	6	1	-A
F6_BC66_191109_LF_LIB_consensus_vsearch	4307	A	R	255	8	2.97%	2	2	93	93	0.003700892775288906	1	1	147	108	7	1	G
F6_BC66_191109_LF_LIB_consensus_vsearch	4308	G	G	270	2	0.73%	2	1	93	93	0.2495395948434138	1	1	159	111	2	0	-C
F6_BC66_191109_LF_LIB_consensus_vsearch	4309	C	C	263	6	2.19%	2	1	93	93	0.015190993352737225	1	1	154	109	6	0	G
F6_BC66_191109_LF_LIB_consensus_vsearch	4310	C	C	268	4	1.45%	2	2	93	93	0.061810030534865154	1	1	159	109	1	3	T
F6_BC66_191109_LF_LIB_consensus_vsearch	4311	A	A	266	5	1.82%	2	2	93	93	0.030673973504714284	1	1	157	109	4	1	G
F6_BC66_191109_LF_LIB_consensus_vsearch	4312	T	T	268	2	0.73%	2	1	93	93	0.24953617810762627	1	1	160	108	0	2	+C
F6_BC66_191109_LF_LIB_consensus_vsearch	4313	T	T	267	4	1.45%	2	2	93	93	0.061807482193030554	1	1	160	107	2	2	C
F6_BC66_191109_LF_LIB_consensus_vsearch	4314	C	C	251	4	1.47%	2	1	93	93	0.06176398786346276	1	1	153	98	0	4	+T
F6_BC66_191109_LF_LIB_consensus_vsearch	4315	G	G	262	4	1.48%	2	1	93	93	0.06179445281046573	1	1	151	111	4	0	C
F6_BC66_191109_LF_LIB_consensus_vsearch	4316	C	C	264	3	1.1%	2	2	93	93	0.1242964352720778	1	1	159	105	1	2	T
F6_BC66_191109_LF_LIB_consensus_vsearch	4317	A	A	266	3	1.1%	2	2	93	93	0.1243016759777629	1	1	158	108	2	1	G
F6_BC66_191109_LF_LIB_consensus_vsearch	4318	G	G	264	4	1.46%	2	2	93	93	0.06179972295775155	1	1	153	111	3	1	+T
F6_BC66_191109_LF_LIB_consensus_vsearch	4319	T	T	265	5	1.84%	2	1	93	93	0.030671842124359663	1	1	159	106	0	5	C
F6_BC66_191109_LF_LIB_consensus_vsearch	4320	T	T	273	3	1.09%	2	1	93	93	0.12431941923772909	1	1	163	110	0	3	C
F6_BC66_191109_LF_LIB_consensus_vsearch	4321	T	T	273	2	0.72%	2	1	93	93	0.2495446265938613	1	1	162	111	0	2	+C
F6_BC66_191109_LF_LIB_consensus_vsearch	4322	C	C	269	2	0.72%	2	1	93	93	0.24953789279111838	1	1	162	107	0	2	-A
F6_BC66_191109_LF_LIB_consensus_vsearch	4323	A	A	270	1	0.36%	2	1	93	93	0.4999999999999138	1	1	163	107	0	1	+TA
F6_BC66_191109_LF_LIB_consensus_vsearch	4324	A	A	272	1	0.36%	2	1	93	93	0.5000000000003686	1	1	161	111	1	0	+G
F6_BC66_191109_LF_LIB_consensus_vsearch	4325	T	T	272	3	1.09%	2	1	93	93	0.12431693989066941	1	1	163	109	0	3	C
F6_BC66_191109_LF_LIB_consensus_vsearch	4326	T	T	274	2	0.72%	2	1	93	93	0.2495462794919261	1	1	161	113	2	0	-GTT
F6_BC66_191109_LF_LIB_consensus_vsearch	4327	G	G	267	3	1.09%	2	1	93	93	0.12430426716151294	1	1	155	112	3	0	-T
F6_BC66_191109_LF_LIB_consensus_vsearch	4328	T	T	269	2	0.74%	2	1	93	93	0.24953789279111838	1	1	156	113	2	0	C
F6_BC66_191109_LF_LIB_consensus_vsearch	4329	T	T	271	2	0.73%	2	1	93	93	0.24954128440383208	1	1	160	111	0	2	C
F6_BC66_191109_LF_LIB_consensus_vsearch	4330	T	*/-A	244	20	7.25%	2	2	93	93	6.562770486963538E-7	1	1	137	107	16	4	-A
F6_BC66_191109_LF_LIB_consensus_vsearch	4331	A	A	244	6	2.37%	2	2	93	93	0.015158143859196256	1	1	139	105	5	1	G
F6_BC66_191109_LF_LIB_consensus_vsearch	4332	A	*/-G	259	8	2.93%	2	2	93	93	0.003703931063382389	1	1	153	106	5	3	-G
F6_BC66_191109_LF_LIB_consensus_vsearch	4333	G	G	263	1	0.37%	2	1	93	93	0.4999999999999138	1	1	155	108	1	0	+A
F6_BC66_191109_LF_LIB_consensus_vsearch	4334	G	G	269	4	1.45%	2	2	93	93	0.06181256019060895	1	1	160	109	2	2	A
F6_BC66_191109_LF_LIB_consensus_vsearch	4335	T	T	271	2	0.73%	2	2	93	93	0.24954128440383208	1	1	162	109	1	1	-C
F6_BC66_191109_LF_LIB_consensus_vsearch	4336	C	C	267	3	1.09%	2	2	93	93	0.12430426716151294	1	1	160	107	1	2	+T
F6_BC66_191109_LF_LIB_consensus_vsearch	4337	T	*/+C	252	10	3.65%	2	1	93	93	8.947732384278332E-4	1	1	150	102	10	0	+C
F6_BC66_191109_LF_LIB_consensus_vsearch	4338	C	*/-T	240	16	5.99%	2	2	93	93	1.198223143122491E-5	1	1	158	82	2	14	-T
F6_BC66_191109_LF_LIB_consensus_vsearch	4339	T	T	244	6	2.33%	2	2	93	93	0.015158143859196256	1	1	155	89	1	5	+G
F6_BC66_191109_LF_LIB_consensus_vsearch	4340	G	G	271	2	0.72%	2	2	93	93	0.24954128440383208	1	1	160	111	1	1	-A
F6_BC66_191109_LF_LIB_consensus_vsearch	4341	A	A	271	1	0.36%	2	1	93	93	0.4999999999999138	1	1	159	112	1	0	+G
F6_BC66_191109_LF_LIB_consensus_vsearch	4342	A	A	269	3	1.09%	2	2	93	93	0.12430939226523824	1	1	159	110	1	2	+T
F6_BC66_191109_LF_LIB_consensus_vsearch	4343	C	*/+T	256	7	2.56%	2	2	93	93	0.007502981837406636	1	1	157	99	1	6	+T
F6_BC66_191109_LF_LIB_consensus_vsearch	4344	T	T	260	5	1.87%	2	1	93	93	0.030660944175210838	1	1	160	100	0	5	-C
F6_BC66_191109_LF_LIB_consensus_vsearch	4345	C	*/-TC	178	80	29.74%	2	2	93	93	5.701053003808238E-28	1	1	157	21	4	76	-TC
F6_BC66_191109_LF_LIB_consensus_vsearch	4346	T	T	177	4	2.14%	2	2	93	93	0.061462665606988216	1	1	156	21	1	3	C
F6_BC66_191109_LF_LIB_consensus_vsearch	4347	C	C	185	2	1.05%	2	1	93	93	0.24932975871318122	1	1	154	31	2	0	-GC
F6_BC66_191109_LF_LIB_consensus_vsearch	4348	G	G	263	4	1.47%	2	1	93	93	0.06179709776251344	1	1	156	107	4	0	A
F6_BC66_191109_LF_LIB_consensus_vsearch	4349	C	C	264	3	1.12%	2	2	93	93	0.1242964352720778	1	1	159	105	1	2	T
F6_BC66_191109_LF_LIB_consensus_vsearch	4350	A	A	268	3	1.1%	2	2	93	93	0.12430683918669663	1	1	159	109	2	1	T
F6_BC66_191109_LF_LIB_consensus_vsearch	4351	T	T	271	2	0.73%	2	2	93	93	0.24954128440383208	1	1	162	109	1	1	+A
F6_BC66_191109_LF_LIB_consensus_vsearch	4352	G	G	271	2	0.72%	2	1	93	93	0.24954128440383208	1	1	158	113	2	0	-CA
F6_BC66_191109_LF_LIB_consensus_vsearch	4353	C	C	269	2	0.73%	2	2	93	93	0.24953789279111838	1	1	157	112	1	1	-A
F6_BC66_191109_LF_LIB_consensus_vsearch	4354	A	A	264	3	1.11%	2	1	93	93	0.1242964352720778	1	1	154	110	3	0	G
F6_BC66_191109_LF_LIB_consensus_vsearch	4355	T	T	264	3	1.1%	2	2	93	93	0.1242964352720778	1	1	155	109	2	1	-G
F6_BC66_191109_LF_LIB_consensus_vsearch	4356	G	G	265	3	1.11%	2	1	93	93	0.12429906542060956	1	1	155	110	3	0	A
F6_BC66_191109_LF_LIB_consensus_vsearch	4357	G	G	266	3	1.09%	2	2	93	93	0.1243016759777629	1	1	157	109	2	1	-CT
F6_BC66_191109_LF_LIB_consensus_vsearch	4358	C	C	258	4	1.47%	2	2	93	93	0.061783670907884385	1	1	153	105	3	1	-TT
F6_BC66_191109_LF_LIB_consensus_vsearch	4359	T	T	261	2	0.75%	2	1	93	93	0.24952380952412506	1	1	152	109	2	0	A
F6_BC66_191109_LF_LIB_consensus_vsearch	4360	T	T	267	3	1.1%	2	1	93	93	0.12430426716151294	1	1	155	112	3	0	G
F6_BC66_191109_LF_LIB_consensus_vsearch	4361	A	A	265	4	1.45%	2	2	93	93	0.06180232861697055	1	1	158	107	1	3	-G
F6_BC66_191109_LF_LIB_consensus_vsearch	4362	G	G	267	3	1.11%	2	2	93	93	0.12430426716151294	1	1	158	109	2	1	A
F6_BC66_191109_LF_LIB_consensus_vsearch	4363	T	*/-C	251	20	7.3%	2	1	93	93	6.628851785349505E-7	1	1	141	110	20	0	-C
F6_BC66_191109_LF_LIB_consensus_vsearch	4364	C	C	252	2	0.79%	2	1	93	93	0.2495069033532105	1	1	141	111	0	2	T
F6_BC66_191109_LF_LIB_consensus_vsearch	4365	C	*/+G	259	10	3.65%	2	1	93	93	8.968490941134896E-4	1	1	158	101	0	10	+G
F6_BC66_191109_LF_LIB_consensus_vsearch	4366	G	G	269	2	0.74%	2	1	93	93	0.24953789279111838	1	1	156	113	2	0	-A
F6_BC66_191109_LF_LIB_consensus_vsearch	4367	A	A	269	2	0.73%	2	1	93	93	0.24953789279111838	1	1	158	111	2	0	+T
F6_BC66_191109_LF_LIB_consensus_vsearch	4368	T	T	270	1	0.36%	2	1	93	93	0.4999999999999138	1	1	161	109	0	1	+G
F6_BC66_191109_LF_LIB_consensus_vsearch	4369	G	G	267	3	1.1%	2	2	93	93	0.12430426716151294	1	1	160	107	1	2	A
F6_BC66_191109_LF_LIB_consensus_vsearch	4370	G	G	270	2	0.73%	2	1	93	93	0.2495395948434138	1	1	159	111	2	0	-A
F6_BC66_191109_LF_LIB_consensus_vsearch	4371	A	A	267	1	0.37%	2	1	93	93	0.5000000000003686	1	1	158	109	0	1	+T
F6_BC66_191109_LF_LIB_consensus_vsearch	4372	C	C	263	4	1.48%	2	1	93	93	0.06179709776251344	1	1	158	105	0	4	-A
F6_BC66_191109_LF_LIB_consensus_vsearch	4373	A	A	264	3	1.12%	2	1	93	93	0.1242964352720778	1	1	157	107	3	0	+GA
F6_BC66_191109_LF_LIB_consensus_vsearch	4374	A	A	268	2	0.73%	2	2	93	93	0.24953617810762627	1	1	156	112	1	1	-G
F6_BC66_191109_LF_LIB_consensus_vsearch	4375	G	R	254	11	4.1%	2	2	93	93	4.392257188796428E-4	1	1	145	109	10	1	A
F6_BC66_191109_LF_LIB_consensus_vsearch	4376	C	C	258	6	2.26%	2	2	93	93	0.015182805374032816	1	1	150	108	2	4	T
F6_BC66_191109_LF_LIB_consensus_vsearch	4377	A	A	260	1	0.38%	2	1	93	93	0.4999999999999138	1	1	148	112	1	0	+C
F6_BC66_191109_LF_LIB_consensus_vsearch	4378	T	T	250	4	1.55%	2	1	93	93	0.061761087351402955	1	1	141	109	4	0	-AT
F6_BC66_191109_LF_LIB_consensus_vsearch	4379	A	A	241	1	0.41%	2	1	93	93	0.4999999999999138	1	1	132	109	1	0	+C
F6_BC66_191109_LF_LIB_consensus_vsearch	4380	T	T	230	3	1.28%	2	2	93	93	0.12419354838701845	1	1	125	105	1	2	C
F6_BC66_191109_LF_LIB_consensus_vsearch	4381	G	G	229	1	0.43%	2	1	93	93	0.4999999999999138	1	1	120	109	1	0	-A
F6_BC66_191109_LF_LIB_consensus_vsearch	4382	A	A	221	0	0%	2	0	93	0	1.0	1	0	112	109	0	0	
F6_BC66_191109_LF_LIB_consensus_vsearch	4383	C	C	214	0	0%	2	0	93	0	1.0	1	0	105	109	0	0	
F6_BC66_191109_LF_LIB_consensus_vsearch	4384	T	T	200	0	0%	2	0	93	0	1.0	1	0	91	109	0	0	
F6_BC66_191109_LF_LIB_consensus_vsearch	4385	A	A	182	0	0%	2	0	93	0	1.0	1	0	75	107	0	0	
F6_BC66_191109_LF_LIB_consensus_vsearch	4386	C	C	168	0	0%	2	0	93	0	1.0	1	0	65	103	0	0	
