Chrom	Position	Ref	Cons	Reads1	Reads2	VarFreq	Strands1	Strands2	Qual1	Qual2	Pvalue	MapQual1	MapQual2	Reads1Plus	Reads1Minus	Reads2Plus	Reads2Minus	VarAllele
F8_BC68_191109_LF_LIB_consensus_vsearch	3	G	*/+T	513	28	4.53%	2	1	93	93	2.602937215330769E-9	1	1	374	139	28	0	+T
F8_BC68_191109_LF_LIB_consensus_vsearch	3	G	*/-T	513	77	12.46%	2	1	93	93	4.658082505183676E-25	1	1	374	139	77	0	-T
F8_BC68_191109_LF_LIB_consensus_vsearch	11	T	*/+G	659	20	2.91%	2	1	93	93	8.274653912968745E-7	1	1	461	198	20	0	+G
F8_BC68_191109_LF_LIB_consensus_vsearch	12	A	*/-G	656	23	3.34%	2	1	93	93	9.863533806246941E-8	1	1	457	199	23	0	-G
F8_BC68_191109_LF_LIB_consensus_vsearch	18	T	*/+C	687	13	1.85%	2	1	93	93	1.1539721756013441E-4	1	1	475	212	13	0	+C
F8_BC68_191109_LF_LIB_consensus_vsearch	19	C	*/+A	684	10	1.42%	2	1	93	93	9.451978971244695E-4	1	1	478	206	10	0	+A
F8_BC68_191109_LF_LIB_consensus_vsearch	20	A	*/+G	679	12	1.71%	2	1	93	93	2.3266187675392302E-4	1	1	484	195	0	12	+G
F8_BC68_191109_LF_LIB_consensus_vsearch	24	T	*/+C	575	12	1.71%	2	2	93	93	2.306656556500044E-4	1	1	438	137	5	7	+C
F8_BC68_191109_LF_LIB_consensus_vsearch	24	T	*/-C	575	105	14.94%	2	2	93	93	3.16939166101349E-34	1	1	438	137	45	60	-C
F8_BC68_191109_LF_LIB_consensus_vsearch	28	C	*/-A	671	9	1.28%	2	2	93	93	0.001901785939178216	1	1	482	189	2	7	-A
F8_BC68_191109_LF_LIB_consensus_vsearch	32	T	*/-C	673	28	3.97%	2	2	93	93	2.8295491253745715E-9	1	1	464	209	24	4	-C
F8_BC68_191109_LF_LIB_consensus_vsearch	34	C	*/+A	674	11	1.56%	2	2	93	93	4.6892138226090437E-4	1	1	474	200	10	1	+A
F8_BC68_191109_LF_LIB_consensus_vsearch	37	G	*/-C	650	16	2.29%	2	2	93	93	1.3929415119341313E-5	1	1	453	197	6	10	-C
F8_BC68_191109_LF_LIB_consensus_vsearch	44	C	*/+T	680	19	2.7%	2	2	93	93	1.6849779450437953E-6	1	1	486	194	2	17	+T
F8_BC68_191109_LF_LIB_consensus_vsearch	45	T	*/+G	632	62	8.82%	2	2	93	93	5.209634942298391E-20	1	1	437	195	46	16	+G
F8_BC68_191109_LF_LIB_consensus_vsearch	46	G	*/-A	675	18	2.55%	2	2	93	93	3.41117578142527E-6	1	1	462	213	17	1	-A
F8_BC68_191109_LF_LIB_consensus_vsearch	47	A	*/+G	656	8	1.16%	2	1	93	93	0.0038242930806613286	1	1	450	206	8	0	+G
F8_BC68_191109_LF_LIB_consensus_vsearch	48	G	*/+A	679	9	1.28%	2	1	93	93	0.0019023787507757343	1	1	471	208	9	0	+A
F8_BC68_191109_LF_LIB_consensus_vsearch	50	T	*/-G	681	15	2.12%	2	2	93	93	2.827778200608379E-5	1	1	481	200	3	12	-G
F8_BC68_191109_LF_LIB_consensus_vsearch	56	C	*/+G	634	58	8.27%	2	1	93	93	9.974716238818666E-19	1	1	426	208	58	0	+G
F8_BC68_191109_LF_LIB_consensus_vsearch	57	A	*/-G	622	62	8.83%	2	1	93	93	5.097057582838669E-20	1	1	417	205	62	0	-G
F8_BC68_191109_LF_LIB_consensus_vsearch	65	C	*/-TGC	664	22	3.11%	2	2	93	93	2.009332786434768E-7	1	1	467	197	9	13	-TGC
F8_BC68_191109_LF_LIB_consensus_vsearch	67	G	*/-C	663	10	1.47%	2	2	93	93	9.442287348475047E-4	1	1	466	197	9	1	-C
F8_BC68_191109_LF_LIB_consensus_vsearch	72	C	*/+A	682	8	1.13%	2	1	93	93	0.0038273666483378274	1	1	468	214	8	0	+A
F8_BC68_191109_LF_LIB_consensus_vsearch	72	C	*/-GC	682	11	1.56%	2	1	93	93	4.6914211039852195E-4	1	1	468	214	11	0	-GC
F8_BC68_191109_LF_LIB_consensus_vsearch	74	C	*/+GC	665	11	1.58%	2	1	93	93	4.686668983151157E-4	1	1	452	213	11	0	+GC
F8_BC68_191109_LF_LIB_consensus_vsearch	75	T	*/-G	677	8	1.14%	2	2	93	93	0.0038267936108249954	1	1	467	210	7	1	-G
F8_BC68_191109_LF_LIB_consensus_vsearch	77	G	*/+A	648	27	3.85%	2	1	93	93	5.714851937501063E-9	1	1	438	210	27	0	+A
F8_BC68_191109_LF_LIB_consensus_vsearch	78	G	*/-T	676	7	0.99%	2	2	93	93	0.007692748279243189	1	1	463	213	5	2	-T
F8_BC68_191109_LF_LIB_consensus_vsearch	79	T	*/-A	650	18	2.57%	2	2	93	93	3.396742772865506E-6	1	1	452	198	15	3	-A
F8_BC68_191109_LF_LIB_consensus_vsearch	81	A	*/+C	684	11	1.55%	2	1	93	93	4.691965083280461E-4	1	1	473	211	11	0	+C
F8_BC68_191109_LF_LIB_consensus_vsearch	82	T	*/+A	666	12	1.7%	2	1	93	93	2.3244529801020794E-4	1	1	458	208	12	0	+A
F8_BC68_191109_LF_LIB_consensus_vsearch	82	T	*/-A	666	8	1.13%	2	2	93	93	0.003825503147506549	1	1	458	208	6	2	+A
F8_BC68_191109_LF_LIB_consensus_vsearch	83	A	*/+G	661	7	1%	2	1	93	93	0.0076900673602228325	1	1	452	209	7	0	+G
F8_BC68_191109_LF_LIB_consensus_vsearch	83	A	*/-G	661	11	1.57%	2	1	93	93	4.6855163449319664E-4	1	1	452	209	11	0	-G
F8_BC68_191109_LF_LIB_consensus_vsearch	84	G	*/+A	621	12	1.72%	2	1	93	93	2.31628098627824E-4	1	1	406	215	12	0	+A
F8_BC68_191109_LF_LIB_consensus_vsearch	84	G	*/-A	621	54	7.75%	2	1	93	93	1.8403296762042722E-17	1	1	406	215	54	0	-A
F8_BC68_191109_LF_LIB_consensus_vsearch	85	A	*/-G	586	46	7.09%	2	2	93	93	6.076347317669811E-15	1	1	374	212	45	1	-G
F8_BC68_191109_LF_LIB_consensus_vsearch	88	C	*/+A	674	11	1.56%	2	2	93	93	4.6892138226090437E-4	1	1	477	197	2	9	+A
F8_BC68_191109_LF_LIB_consensus_vsearch	88	C	*/-A	674	9	1.28%	2	2	93	93	0.0019020098594393618	1	1	477	197	4	5	+A
F8_BC68_191109_LF_LIB_consensus_vsearch	90	A	*/-C	662	9	1.28%	2	1	93	93	0.0019011022511233608	1	1	463	199	0	9	-C
F8_BC68_191109_LF_LIB_consensus_vsearch	91	C	*/+A	621	8	1.15%	2	2	93	93	0.003819756437826965	1	1	465	156	6	2	+A
F8_BC68_191109_LF_LIB_consensus_vsearch	91	C	*/-A	621	34	4.9%	2	2	93	93	3.750535163620671E-11	1	1	465	156	8	26	-A
F8_BC68_191109_LF_LIB_consensus_vsearch	93	A	*/-G	680	10	1.41%	2	2	93	93	9.450177994018546E-4	1	1	477	203	2	8	-G
F8_BC68_191109_LF_LIB_consensus_vsearch	100	C	*/-A	687	7	0.99%	2	1	93	93	0.00769464084724551	1	1	478	209	7	0	-A
F8_BC68_191109_LF_LIB_consensus_vsearch	101	A	*/-C	633	52	7.45%	2	2	93	93	8.120154665882896E-17	1	1	426	207	47	5	-C
F8_BC68_191109_LF_LIB_consensus_vsearch	108	G	*/-TG	680	7	0.99%	2	1	93	93	0.007693443477408817	1	1	476	204	0	7	-TG
F8_BC68_191109_LF_LIB_consensus_vsearch	109	T	*/+G	672	9	1.29%	2	2	93	93	0.0019018607969218603	1	1	474	198	8	1	+G
F8_BC68_191109_LF_LIB_consensus_vsearch	110	G	*/-A	671	12	1.73%	2	1	93	93	2.3252955756265846E-4	1	1	470	201	12	0	-A
F8_BC68_191109_LF_LIB_consensus_vsearch	114	C	*/+G	644	11	1.57%	2	2	93	93	4.680462649744882E-4	1	1	472	172	8	3	+G
F8_BC68_191109_LF_LIB_consensus_vsearch	114	C	*/-G	644	45	6.41%	2	2	93	93	1.35259266850561E-14	1	1	472	172	11	34	-G
F8_BC68_191109_LF_LIB_consensus_vsearch	115	G	*/+A	637	7	1.07%	2	1	93	93	0.007685518941658472	1	1	463	174	7	0	+A
F8_BC68_191109_LF_LIB_consensus_vsearch	116	G	*/+A	677	11	1.55%	2	1	93	93	4.690047492968275E-4	1	1	463	214	11	0	+A
F8_BC68_191109_LF_LIB_consensus_vsearch	117	G	*/+T	630	10	1.41%	2	2	93	93	9.425785918033E-4	1	1	430	200	1	9	+T
F8_BC68_191109_LF_LIB_consensus_vsearch	117	G	*/-C	630	36	5.08%	2	1	93	93	8.950758898611575E-12	1	1	430	200	36	0	-C
F8_BC68_191109_LF_LIB_consensus_vsearch	120	G	*/-CG	662	7	0.99%	2	1	93	93	0.0076902498170032686	1	1	467	195	7	0	-CG
F8_BC68_191109_LF_LIB_consensus_vsearch	124	C	*/+A	649	15	2.13%	2	2	93	93	2.8172945707034592E-5	1	1	447	202	13	2	+A
F8_BC68_191109_LF_LIB_consensus_vsearch	124	C	*/-A	649	13	1.85%	2	2	93	93	1.1502188739462001E-4	1	1	447	202	9	4	+A
F8_BC68_191109_LF_LIB_consensus_vsearch	126	A	*/-G	633	60	8.5%	2	2	93	93	2.2830216950894253E-19	1	1	420	213	59	1	-G
F8_BC68_191109_LF_LIB_consensus_vsearch	128	C	*/-GC	683	11	1.56%	2	2	93	93	4.6916934806662123E-4	1	1	471	212	10	1	-GC
F8_BC68_191109_LF_LIB_consensus_vsearch	137	T	*/+C	515	46	6.49%	2	2	93	93	5.43180081136617E-15	1	1	348	167	42	4	+C
F8_BC68_191109_LF_LIB_consensus_vsearch	137	T	*/-C	515	128	18.05%	2	2	93	93	2.6000613391423802E-42	1	1	348	167	91	37	-C
F8_BC68_191109_LF_LIB_consensus_vsearch	137	T	*/-CC	515	8	1.13%	2	2	93	93	0.0038023361077742447	1	1	348	167	7	1	-C
F8_BC68_191109_LF_LIB_consensus_vsearch	140	C	*/+T	669	8	1.13%	2	1	93	93	0.003825859230664742	1	1	484	185	0	8	+T
F8_BC68_191109_LF_LIB_consensus_vsearch	148	C	*/+G	684	10	1.41%	2	1	93	93	9.451978971244695E-4	1	1	474	210	10	0	+G
F8_BC68_191109_LF_LIB_consensus_vsearch	149	A	*/-G	615	13	1.84%	2	2	93	93	1.1464839269418865E-4	1	1	416	199	6	7	-G
F8_BC68_191109_LF_LIB_consensus_vsearch	155	T	*/+C	692	11	1.55%	2	2	93	93	4.694110429594632E-4	1	1	481	211	10	1	+C
F8_BC68_191109_LF_LIB_consensus_vsearch	158	G	*/+C	649	13	1.84%	2	2	93	93	1.1502188739462001E-4	1	1	463	186	5	8	+C
F8_BC68_191109_LF_LIB_consensus_vsearch	158	G	*/-C	649	36	5.08%	2	2	93	93	9.075514516676332E-12	1	1	463	186	16	20	-C
F8_BC68_191109_LF_LIB_consensus_vsearch	161	C	*/-T	691	8	1.13%	2	2	93	93	0.0038283775544042174	1	1	483	208	3	5	-T
F8_BC68_191109_LF_LIB_consensus_vsearch	162	T	*/+C	663	16	2.29%	2	1	93	93	1.3954028146995765E-5	1	1	457	206	16	0	+C
F8_BC68_191109_LF_LIB_consensus_vsearch	163	C	*/+A	678	12	1.71%	2	2	93	93	2.3264550198641236E-4	1	1	471	207	11	1	+A
F8_BC68_191109_LF_LIB_consensus_vsearch	164	A	*/-G	675	11	1.57%	2	1	93	93	4.6894925126844146E-4	1	1	470	205	11	0	-G
F8_BC68_191109_LF_LIB_consensus_vsearch	165	G	*/-A	685	12	1.71%	2	1	93	93	2.3275915415398786E-4	1	1	469	216	12	0	-A
F8_BC68_191109_LF_LIB_consensus_vsearch	167	G	*/-C	681	8	1.14%	2	2	93	93	0.0038272527030184396	1	1	468	213	7	1	-C
F8_BC68_191109_LF_LIB_consensus_vsearch	170	A	*/+C	567	42	5.98%	2	2	93	93	1.0935630679687188E-13	1	1	408	159	21	21	+C
F8_BC68_191109_LF_LIB_consensus_vsearch	170	A	*/-C	567	52	7.41%	2	2	93	93	7.259925376139493E-17	1	1	408	159	23	29	-C
F8_BC68_191109_LF_LIB_consensus_vsearch	170	A	*/-CC	567	28	3.99%	2	2	93	93	2.6911085996389797E-9	1	1	408	159	26	2	-C
F8_BC68_191109_LF_LIB_consensus_vsearch	174	C	*/+T	661	7	0.98%	2	1	93	93	0.0076900673602228325	1	1	478	183	0	7	+T
F8_BC68_191109_LF_LIB_consensus_vsearch	174	C	*/-T	661	16	2.25%	2	2	93	93	1.3950300978900542E-5	1	1	478	183	4	12	-T
F8_BC68_191109_LF_LIB_consensus_vsearch	174	C	*/-TT	661	16	2.25%	2	2	93	93	1.3950300978900542E-5	1	1	478	183	11	5	-T
F8_BC68_191109_LF_LIB_consensus_vsearch	178	T	*/+C	555	7	0.99%	2	1	93	93	0.007667057982678975	1	1	345	210	7	0	+C
F8_BC68_191109_LF_LIB_consensus_vsearch	178	T	*/-C	555	132	18.7%	2	1	93	93	1.7231122792577275E-43	1	1	345	210	132	0	-C
F8_BC68_191109_LF_LIB_consensus_vsearch	178	T	*/-CC	555	8	1.13%	2	1	93	93	0.0038096759220663046	1	1	345	210	8	0	-C
F8_BC68_191109_LF_LIB_consensus_vsearch	180	C	*/+T	682	10	1.42%	2	1	93	93	9.451081060357581E-4	1	1	480	202	0	10	+T
F8_BC68_191109_LF_LIB_consensus_vsearch	181	C	*/-T	678	23	3.23%	2	2	93	93	9.923321603577231E-8	1	1	484	194	7	16	-T
F8_BC68_191109_LF_LIB_consensus_vsearch	182	T	*/+G	653	17	2.47%	2	2	93	93	6.884331308271095E-6	1	1	461	192	16	1	+G
F8_BC68_191109_LF_LIB_consensus_vsearch	183	A	*/-G	666	18	2.55%	2	2	93	93	3.4060960486967574E-6	1	1	456	210	16	2	-G
F8_BC68_191109_LF_LIB_consensus_vsearch	188	A	*/+C	674	15	2.12%	2	1	93	93	2.8255657678475353E-5	1	1	458	216	15	0	+C
F8_BC68_191109_LF_LIB_consensus_vsearch	189	C	*/-G	688	8	1.13%	2	1	93	93	0.0038280434768544216	1	1	476	212	8	0	-G
F8_BC68_191109_LF_LIB_consensus_vsearch	191	G	*/-A	670	37	5.19%	2	1	93	93	4.486327076642887E-12	1	1	454	216	37	0	-A
F8_BC68_191109_LF_LIB_consensus_vsearch	192	A	*/-G	658	10	1.48%	2	1	93	93	9.439890893708059E-4	1	1	442	216	10	0	-G
F8_BC68_191109_LF_LIB_consensus_vsearch	193	G	*/+C	679	7	1%	2	1	93	93	0.007693270435678032	1	1	462	217	7	0	+C
F8_BC68_191109_LF_LIB_consensus_vsearch	194	C	*/-T	695	9	1.27%	2	2	93	93	0.0019035242319234804	1	1	486	209	3	6	-T
F8_BC68_191109_LF_LIB_consensus_vsearch	198	C	*/+T	671	11	1.55%	2	2	93	93	4.688372910985754E-4	1	1	465	206	5	6	+T
F8_BC68_191109_LF_LIB_consensus_vsearch	198	C	*/-T	671	15	2.12%	2	2	93	93	2.824604152153984E-5	1	1	465	206	11	4	-T
F8_BC68_191109_LF_LIB_consensus_vsearch	198	C	*/-TT	671	10	1.41%	2	1	93	93	9.446049190917967E-4	1	1	465	206	10	0	-T
F8_BC68_191109_LF_LIB_consensus_vsearch	206	C	*/-T	682	15	2.11%	2	2	93	93	2.8280907359597763E-5	1	1	468	214	12	3	-T
F8_BC68_191109_LF_LIB_consensus_vsearch	206	C	*/-TTC	682	7	0.99%	2	1	93	93	0.007693788058408534	1	1	468	214	7	0	-T
F8_BC68_191109_LF_LIB_consensus_vsearch	208	T	*/+C	561	11	1.57%	2	2	93	93	4.6515403682255657E-4	1	1	408	153	4	7	+C
F8_BC68_191109_LF_LIB_consensus_vsearch	208	T	*/-C	561	111	15.83%	2	2	93	93	2.7121861338609686E-36	1	1	408	153	59	52	-C
F8_BC68_191109_LF_LIB_consensus_vsearch	210	C	*/+A	658	18	2.55%	2	1	93	93	3.40147227163991E-6	1	1	450	208	18	0	+A
F8_BC68_191109_LF_LIB_consensus_vsearch	211	C	*/+G	620	9	1.27%	2	1	93	93	0.0018976549983159713	1	1	451	169	9	0	+G
F8_BC68_191109_LF_LIB_consensus_vsearch	211	C	*/+GCC	620	7	0.98%	2	1	93	93	0.007682087151165184	1	1	451	169	7	0	+G
F8_BC68_191109_LF_LIB_consensus_vsearch	211	C	*/+T	620	7	0.98%	2	2	93	93	0.007682087151165184	1	1	451	169	1	6	+G
F8_BC68_191109_LF_LIB_consensus_vsearch	211	C	*/-T	620	43	6.05%	2	2	93	93	5.62482055245011E-14	1	1	451	169	9	34	-T
F8_BC68_191109_LF_LIB_consensus_vsearch	211	C	*/-TT	620	10	1.41%	2	2	93	93	9.420447767642226E-4	1	1	451	169	7	3	-T
F8_BC68_191109_LF_LIB_consensus_vsearch	214	A	*/+C	624	16	2.26%	2	2	93	93	1.3877296230764005E-5	1	1	414	210	15	1	+C
F8_BC68_191109_LF_LIB_consensus_vsearch	214	A	*/-C	624	48	6.79%	2	2	93	93	1.4880736451133008E-15	1	1	414	210	47	1	-C
F8_BC68_191109_LF_LIB_consensus_vsearch	215	C	*/+T	631	22	3.34%	2	1	93	93	1.991748308493971E-7	1	1	441	190	0	22	+T
F8_BC68_191109_LF_LIB_consensus_vsearch	217	C	*/-A	691	7	0.98%	2	2	93	93	0.007695314307205932	1	1	483	208	4	3	-A
F8_BC68_191109_LF_LIB_consensus_vsearch	218	A	*/-CA	670	11	1.57%	2	1	93	93	4.6880909815982715E-4	1	1	461	209	11	0	-CA
F8_BC68_191109_LF_LIB_consensus_vsearch	219	C	*/+G	657	27	3.88%	2	1	93	93	5.735228399169531E-9	1	1	447	210	27	0	+G
F8_BC68_191109_LF_LIB_consensus_vsearch	220	A	*/-T	656	21	3.03%	2	1	93	93	4.073564303954074E-7	1	1	442	214	21	0	-T
F8_BC68_191109_LF_LIB_consensus_vsearch	223	A	*/-G	694	12	1.69%	2	2	93	93	2.329020181664877E-4	1	1	478	216	11	1	-G
F8_BC68_191109_LF_LIB_consensus_vsearch	225	T	*/-C	700	8	1.12%	2	2	93	93	0.003829362879125778	1	1	484	216	7	1	-C
F8_BC68_191109_LF_LIB_consensus_vsearch	230	G	*/+A	690	9	1.27%	2	1	93	93	0.0019031718633756593	1	1	478	212	9	0	+A
F8_BC68_191109_LF_LIB_consensus_vsearch	231	A	*/+G	678	12	1.69%	2	1	93	93	2.3264550198641236E-4	1	1	470	208	12	0	+G
F8_BC68_191109_LF_LIB_consensus_vsearch	231	A	*/-GA	678	8	1.13%	2	1	93	93	0.0038269088833870367	1	1	470	208	0	8	+G
F8_BC68_191109_LF_LIB_consensus_vsearch	233	A	*/+CC	669	7	1%	2	1	93	93	0.007691511945153724	1	1	471	198	7	0	+CC
F8_BC68_191109_LF_LIB_consensus_vsearch	235	T	*/-A	634	31	4.42%	2	2	93	93	3.2557595586223823E-10	1	1	441	193	30	1	-A
F8_BC68_191109_LF_LIB_consensus_vsearch	236	A	*/+G	650	14	2.07%	2	1	93	93	5.695269332154495E-5	1	1	439	211	14	0	+G
F8_BC68_191109_LF_LIB_consensus_vsearch	236	A	*/-G	650	7	1.03%	2	1	93	93	0.007688023790642392	1	1	439	211	7	0	+G
F8_BC68_191109_LF_LIB_consensus_vsearch	237	G	*/-A	649	49	6.96%	2	1	93	93	7.420407531397079E-16	1	1	434	215	49	0	-A
F8_BC68_191109_LF_LIB_consensus_vsearch	238	A	*/+G	621	8	1.21%	2	1	93	93	0.003819756437826965	1	1	407	214	8	0	+G
F8_BC68_191109_LF_LIB_consensus_vsearch	238	A	*/-G	621	19	2.87%	2	2	93	93	1.665551633194227E-6	1	1	407	214	18	1	-G
F8_BC68_191109_LF_LIB_consensus_vsearch	240	G	*/+T	682	15	2.11%	2	1	93	93	2.8280907359597763E-5	1	1	466	216	15	0	+T
F8_BC68_191109_LF_LIB_consensus_vsearch	243	G	*/+C	690	10	1.41%	2	1	93	93	9.454642209044981E-4	1	1	488	202	0	10	+C
F8_BC68_191109_LF_LIB_consensus_vsearch	245	T	*/-C	682	13	1.84%	2	2	93	93	1.1535013129177892E-4	1	1	483	199	2	11	-C
F8_BC68_191109_LF_LIB_consensus_vsearch	247	G	*/+C	639	43	6.12%	2	1	93	93	5.739834612138154E-14	1	1	424	215	43	0	+C
F8_BC68_191109_LF_LIB_consensus_vsearch	248	C	*/+T	677	8	1.14%	2	1	93	93	0.0038267936108249954	1	1	472	205	0	8	+T
F8_BC68_191109_LF_LIB_consensus_vsearch	249	C	*/-T	696	8	1.13%	2	2	93	93	0.0038289280527219385	1	1	487	209	1	7	-T
F8_BC68_191109_LF_LIB_consensus_vsearch	250	T	*/+A	650	7	0.99%	2	1	93	93	0.007688023790642392	1	1	464	186	7	0	+A
F8_BC68_191109_LF_LIB_consensus_vsearch	250	T	*/-A	650	10	1.42%	2	2	93	93	9.435981797922699E-4	1	1	464	186	9	1	-A
F8_BC68_191109_LF_LIB_consensus_vsearch	251	A	*/+G	605	20	2.85%	2	2	93	93	8.172189201112594E-7	1	1	459	146	7	13	+G
F8_BC68_191109_LF_LIB_consensus_vsearch	251	A	*/-G	605	63	8.97%	2	2	93	93	2.33788024495071E-20	1	1	459	146	8	55	-G
F8_BC68_191109_LF_LIB_consensus_vsearch	252	G	*/+AG	633	9	1.38%	2	1	93	93	0.0018987698408519942	1	1	473	160	9	0	+AG
F8_BC68_191109_LF_LIB_consensus_vsearch	253	G	*/-A	701	8	1.12%	2	1	93	93	0.003829470822680027	1	1	484	217	8	0	-A
F8_BC68_191109_LF_LIB_consensus_vsearch	255	G	*/-A	695	7	0.99%	2	1	93	93	0.007695980114598385	1	1	481	214	7	0	-A
F8_BC68_191109_LF_LIB_consensus_vsearch	261	C	*/-TGC	689	7	0.98%	2	2	93	93	0.007694978542018557	1	1	484	205	6	1	-TGC
F8_BC68_191109_LF_LIB_consensus_vsearch	266	G	*/+T	673	16	2.25%	2	1	93	93	1.3972350165253509E-5	1	1	468	205	16	0	+T
F8_BC68_191109_LF_LIB_consensus_vsearch	266	G	*/-T	673	10	1.41%	2	2	93	93	9.44697601521353E-4	1	1	468	205	8	2	+T
F8_BC68_191109_LF_LIB_consensus_vsearch	269	T	*/-C	695	8	1.12%	2	2	93	93	0.003828818576574826	1	1	486	209	3	5	-C
F8_BC68_191109_LF_LIB_consensus_vsearch	270	C	*/+A	570	9	1.28%	2	1	93	93	0.0018929044795225952	1	1	376	194	9	0	+A
F8_BC68_191109_LF_LIB_consensus_vsearch	270	C	*/+G	570	13	1.84%	2	2	93	93	1.1408863153197961E-4	1	1	376	194	4	9	+G
F8_BC68_191109_LF_LIB_consensus_vsearch	270	C	*/+T	570	7	0.99%	2	2	93	93	0.007670825737374831	1	1	376	194	1	6	+G
F8_BC68_191109_LF_LIB_consensus_vsearch	270	C	*/-G	570	100	14.18%	2	2	93	93	1.4526499950472164E-32	1	1	376	194	99	1	-G
F8_BC68_191109_LF_LIB_consensus_vsearch	271	G	*/+A	574	7	1.14%	2	1	93	93	0.007671797729860669	1	1	359	215	7	0	+A
F8_BC68_191109_LF_LIB_consensus_vsearch	271	G	*/-A	574	23	3.75%	2	1	93	93	9.605346941393846E-8	1	1	359	215	23	0	-A
F8_BC68_191109_LF_LIB_consensus_vsearch	272	A	*/-G	662	9	1.3%	2	2	93	93	0.0019011022511233608	1	1	447	215	8	1	-G
F8_BC68_191109_LF_LIB_consensus_vsearch	283	G	*/-A	691	12	1.69%	2	1	93	93	2.3285479693682914E-4	1	1	476	215	12	0	-A
F8_BC68_191109_LF_LIB_consensus_vsearch	289	C	*/+G	683	10	1.41%	2	2	93	93	9.451530657497562E-4	1	1	487	196	1	9	+G
F8_BC68_191109_LF_LIB_consensus_vsearch	295	T	*/-A	651	27	3.81%	2	2	93	93	5.721697316526337E-9	1	1	453	198	24	3	-A
F8_BC68_191109_LF_LIB_consensus_vsearch	297	G	*/-T	673	9	1.27%	2	1	93	93	0.001901935436692325	1	1	462	211	9	0	-T
F8_BC68_191109_LF_LIB_consensus_vsearch	299	T	*/+A	664	20	2.82%	2	2	93	93	8.283369733481201E-7	1	1	458	206	19	1	+A
F8_BC68_191109_LF_LIB_consensus_vsearch	299	T	*/-G	664	9	1.27%	2	2	93	93	0.0019012557507408912	1	1	458	206	6	3	+A
F8_BC68_191109_LF_LIB_consensus_vsearch	300	G	*/+C	664	8	1.15%	2	2	93	93	0.003825264001117595	1	1	467	197	3	5	+C
F8_BC68_191109_LF_LIB_consensus_vsearch	301	T	*/+G	645	7	1%	2	1	93	93	0.007687072171301746	1	1	462	183	0	7	+G
F8_BC68_191109_LF_LIB_consensus_vsearch	302	G	*/-A	691	8	1.13%	2	1	93	93	0.0038283775544042174	1	1	479	212	8	0	-A
F8_BC68_191109_LF_LIB_consensus_vsearch	304	T	*/-C	692	10	1.4%	2	2	93	93	9.455519933469597E-4	1	1	481	211	7	3	-C
F8_BC68_191109_LF_LIB_consensus_vsearch	308	C	*/+G	670	8	1.13%	2	2	93	93	0.0038259772281954976	1	1	479	191	6	2	+G
F8_BC68_191109_LF_LIB_consensus_vsearch	309	G	*/+A	668	9	1.26%	2	1	93	93	0.0019015600485241956	1	1	452	216	9	0	+A
F8_BC68_191109_LF_LIB_consensus_vsearch	309	G	*/-A	668	25	3.51%	2	1	93	93	2.390838553858539E-8	1	1	452	216	25	0	-A
F8_BC68_191109_LF_LIB_consensus_vsearch	310	A	*/-G	665	12	1.75%	2	2	93	93	2.3242829916540379E-4	1	1	450	215	10	2	-G
F8_BC68_191109_LF_LIB_consensus_vsearch	312	G	*/+T	619	12	1.68%	2	2	93	93	2.3158912037872086E-4	1	1	418	201	10	2	+T
F8_BC68_191109_LF_LIB_consensus_vsearch	312	G	*/-T	619	70	9.82%	2	2	93	93	1.3365293153748071E-22	1	1	418	201	63	7	-T
F8_BC68_191109_LF_LIB_consensus_vsearch	317	C	*/+A	638	13	1.84%	2	2	93	93	1.1490523124283632E-4	1	1	434	204	12	1	+A
F8_BC68_191109_LF_LIB_consensus_vsearch	317	C	*/-A	638	41	5.79%	2	2	93	93	2.4402072162202633E-13	1	1	434	204	39	2	-A
F8_BC68_191109_LF_LIB_consensus_vsearch	319	A	*/+G	538	27	3.81%	2	2	93	93	5.420470492824478E-9	1	1	357	181	22	5	+G
F8_BC68_191109_LF_LIB_consensus_vsearch	319	A	*/-G	538	111	15.68%	2	2	93	93	2.2372103567080753E-36	1	1	357	181	95	16	-G
F8_BC68_191109_LF_LIB_consensus_vsearch	319	A	*/-GG	538	16	2.26%	2	2	93	93	1.3671483862754112E-5	1	1	357	181	9	7	-G
F8_BC68_191109_LF_LIB_consensus_vsearch	322	G	*/+A	679	25	3.52%	2	1	93	93	2.3992317540916857E-8	1	1	465	214	25	0	+A
F8_BC68_191109_LF_LIB_consensus_vsearch	324	C	*/-GC	693	11	1.55%	2	2	93	93	4.694375211719313E-4	1	1	485	208	6	5	-GC
F8_BC68_191109_LF_LIB_consensus_vsearch	329	C	*/+A	690	7	0.98%	2	1	93	93	0.007695146664767802	1	1	479	211	7	0	+A
F8_BC68_191109_LF_LIB_consensus_vsearch	329	C	*/-A	690	8	1.13%	2	1	93	93	0.0038282665127912204	1	1	479	211	8	0	-A
F8_BC68_191109_LF_LIB_consensus_vsearch	330	A	*/+G	658	8	1.14%	2	2	93	93	0.00382453798670624	1	1	447	211	5	3	+G
F8_BC68_191109_LF_LIB_consensus_vsearch	330	A	*/-G	658	9	1.28%	2	1	93	93	0.0019007925102782891	1	1	447	211	9	0	-G
F8_BC68_191109_LF_LIB_consensus_vsearch	330	A	*/-GA	658	21	2.99%	2	2	93	93	4.0754835042263685E-7	1	1	447	211	20	1	-GA
F8_BC68_191109_LF_LIB_consensus_vsearch	331	G	*/-A	655	24	3.51%	2	2	93	93	4.846800132503346E-8	1	1	444	211	22	2	-A
F8_BC68_191109_LF_LIB_consensus_vsearch	333	A	*/-G	688	10	1.41%	2	1	93	93	9.453759502338604E-4	1	1	478	210	10	0	-G
F8_BC68_191109_LF_LIB_consensus_vsearch	335	C	*/-A	668	10	1.42%	2	1	93	93	9.444648801915616E-4	1	1	470	198	10	0	-A
F8_BC68_191109_LF_LIB_consensus_vsearch	337	C	*/+A	651	19	2.69%	2	1	93	93	1.675834937378662E-6	1	1	444	207	19	0	+A
F8_BC68_191109_LF_LIB_consensus_vsearch	337	C	*/-G	651	10	1.41%	2	1	93	93	9.436475557806096E-4	1	1	444	207	10	0	+A
F8_BC68_191109_LF_LIB_consensus_vsearch	338	G	*/-A	685	12	1.71%	2	2	93	93	2.3275915415398786E-4	1	1	471	214	11	1	-A
F8_BC68_191109_LF_LIB_consensus_vsearch	339	A	*/-GA	674	10	1.43%	2	1	93	93	9.447437414487541E-4	1	1	470	204	0	10	-GA
F8_BC68_191109_LF_LIB_consensus_vsearch	342	C	*/-GC	646	49	6.89%	2	1	93	93	7.391480657153249E-16	1	1	438	208	49	0	-GC
F8_BC68_191109_LF_LIB_consensus_vsearch	344	C	*/+A	628	16	2.44%	2	1	93	93	1.3885578726531942E-5	1	1	432	196	0	16	+A
F8_BC68_191109_LF_LIB_consensus_vsearch	344	C	*/-AC	628	8	1.22%	2	1	93	93	0.003820703504447891	1	1	432	196	8	0	+A
F8_BC68_191109_LF_LIB_consensus_vsearch	345	A	*/-C	673	15	2.14%	2	2	93	93	2.8252461347411953E-5	1	1	464	209	14	1	-C
F8_BC68_191109_LF_LIB_consensus_vsearch	347	T	*/+A	648	9	1.27%	2	1	93	93	0.0019000017786656748	1	1	458	190	9	0	+A
F8_BC68_191109_LF_LIB_consensus_vsearch	347	T	*/+G	648	9	1.27%	2	1	93	93	0.0019000017786656748	1	1	458	190	9	0	+A
F8_BC68_191109_LF_LIB_consensus_vsearch	347	T	*/-A	648	13	1.84%	2	2	93	93	1.1501143944434632E-4	1	1	458	190	12	1	-A
F8_BC68_191109_LF_LIB_consensus_vsearch	348	A	*/+G	563	10	1.44%	2	2	93	93	9.386503556046882E-4	1	1	442	121	7	3	+G
F8_BC68_191109_LF_LIB_consensus_vsearch	348	A	*/-G	563	91	13.13%	2	2	93	93	1.3937821246632914E-29	1	1	442	121	13	78	-G
F8_BC68_191109_LF_LIB_consensus_vsearch	349	G	*/+A	594	8	1.32%	2	1	93	93	0.0038158982838517787	1	1	470	124	8	0	+A
F8_BC68_191109_LF_LIB_consensus_vsearch	350	G	*/+A	650	8	1.14%	2	1	93	93	0.0038235494745854515	1	1	483	167	8	0	+A
F8_BC68_191109_LF_LIB_consensus_vsearch	350	G	*/+T	650	8	1.14%	2	1	93	93	0.0038235494745854515	1	1	483	167	0	8	+A
F8_BC68_191109_LF_LIB_consensus_vsearch	352	C	*/-G	566	14	2%	2	2	93	93	5.6377842156358585E-5	1	1	481	85	1	13	-G
F8_BC68_191109_LF_LIB_consensus_vsearch	352	C	*/-GC	566	19	2.71%	2	2	93	93	1.6441208717700983E-6	1	1	481	85	5	14	-GC
F8_BC68_191109_LF_LIB_consensus_vsearch	354	C	*/+T	622	21	3.09%	2	1	93	93	4.039234992861307E-7	1	1	480	142	0	21	+T
F8_BC68_191109_LF_LIB_consensus_vsearch	354	C	*/-T	622	7	1.03%	2	1	93	93	0.007682500488298281	1	1	480	142	0	7	+T
F8_BC68_191109_LF_LIB_consensus_vsearch	355	T	*/+C	588	9	1.3%	2	2	93	93	0.0018947055924330373	1	1	462	126	8	1	+C
F8_BC68_191109_LF_LIB_consensus_vsearch	355	T	*/-C	588	40	5.78%	2	2	93	93	4.789483963336037E-13	1	1	462	126	13	27	-C
F8_BC68_191109_LF_LIB_consensus_vsearch	355	T	*/-CCT	588	38	5.49%	2	2	93	93	2.0390771536192357E-12	1	1	462	126	1	37	-C
F8_BC68_191109_LF_LIB_consensus_vsearch	357	C	*/-TC	626	8	1.2%	2	2	93	93	0.00382043503686791	1	1	491	135	1	7	-TC
F8_BC68_191109_LF_LIB_consensus_vsearch	365	T	*/+C	690	11	1.55%	2	1	93	93	4.6935786269801464E-4	1	1	477	213	11	0	+C
F8_BC68_191109_LF_LIB_consensus_vsearch	366	C	*/+G	678	15	2.12%	2	1	93	93	2.826835334515371E-5	1	1	465	213	15	0	+G
F8_BC68_191109_LF_LIB_consensus_vsearch	367	A	*/-G	660	27	3.84%	2	2	93	93	5.741915330351998E-9	1	1	456	204	19	8	-G
F8_BC68_191109_LF_LIB_consensus_vsearch	369	G	*/+C	420	13	1.83%	2	2	93	93	1.1140871758939428E-4	1	1	356	64	11	2	+C
F8_BC68_191109_LF_LIB_consensus_vsearch	369	G	*/-C	420	151	21.21%	2	2	93	93	3.6702529532063055E-51	1	1	356	64	100	51	-C
F8_BC68_191109_LF_LIB_consensus_vsearch	369	G	*/-CC	420	77	10.81%	2	2	93	93	2.71689393142558E-25	1	1	356	64	14	63	-C
F8_BC68_191109_LF_LIB_consensus_vsearch	369	G	*/-CCC	420	39	5.48%	2	2	93	93	7.830865480844131E-13	1	1	356	64	5	34	-C
F8_BC68_191109_LF_LIB_consensus_vsearch	374	C	*/-T	661	49	6.88%	2	2	93	93	7.534674493992796E-16	1	1	483	178	11	38	-T
F8_BC68_191109_LF_LIB_consensus_vsearch	377	T	*/-CT	642	54	7.63%	2	2	93	93	1.905238016775785E-17	1	1	471	171	18	36	-CT
F8_BC68_191109_LF_LIB_consensus_vsearch	381	C	*/+A	670	10	1.41%	2	2	93	93	9.445583754165734E-4	1	1	463	207	8	2	+A
F8_BC68_191109_LF_LIB_consensus_vsearch	381	C	*/-G	670	9	1.27%	2	1	93	93	0.0019017108625084104	1	1	463	207	9	0	+A
F8_BC68_191109_LF_LIB_consensus_vsearch	381	C	*/-GC	670	12	1.69%	2	2	93	93	2.325128029022739E-4	1	1	463	207	10	2	-GC
F8_BC68_191109_LF_LIB_consensus_vsearch	383	C	*/-A	679	8	1.15%	2	2	93	93	0.0038270238219715778	1	1	471	208	6	2	-A
F8_BC68_191109_LF_LIB_consensus_vsearch	389	A	*/+T	665	9	1.27%	2	1	93	93	0.0019013321613719355	1	1	459	206	9	0	+T
F8_BC68_191109_LF_LIB_consensus_vsearch	389	A	*/-T	665	15	2.12%	2	2	93	93	2.8226561941462025E-5	1	1	459	206	11	4	-T
F8_BC68_191109_LF_LIB_consensus_vsearch	392	T	*/-C	628	71	10.04%	2	2	93	93	6.509007364144035E-23	1	1	440	188	47	24	-C
F8_BC68_191109_LF_LIB_consensus_vsearch	394	C	*/+G	668	16	2.24%	2	2	93	93	1.396325388941075E-5	1	1	460	208	13	3	+G
F8_BC68_191109_LF_LIB_consensus_vsearch	394	C	*/-G	668	19	2.66%	2	2	93	93	1.6812835498470444E-6	1	1	460	208	18	1	-G
F8_BC68_191109_LF_LIB_consensus_vsearch	395	G	*/-A	661	25	3.61%	2	2	93	93	2.3853705744549102E-8	1	1	447	214	23	2	-A
F8_BC68_191109_LF_LIB_consensus_vsearch	396	A	*/+G	634	13	1.9%	2	2	93	93	1.1486184792714629E-4	1	1	432	202	9	4	+G
F8_BC68_191109_LF_LIB_consensus_vsearch	396	A	*/-G	634	22	3.21%	2	2	93	93	1.9934145866572664E-7	1	1	432	202	21	1	-G
F8_BC68_191109_LF_LIB_consensus_vsearch	398	G	*/+AG	664	17	2.39%	2	1	93	93	6.895908777036158E-6	1	1	452	212	17	0	+AG
F8_BC68_191109_LF_LIB_consensus_vsearch	398	G	*/+C	664	13	1.83%	2	2	93	93	1.151749768588324E-4	1	1	452	212	10	3	+AG
F8_BC68_191109_LF_LIB_consensus_vsearch	399	C	*/+T	688	14	1.99%	2	1	93	93	5.716860745288917E-5	1	1	486	202	0	14	+T
F8_BC68_191109_LF_LIB_consensus_vsearch	400	C	*/-T	690	15	2.11%	2	2	93	93	2.8305599806146846E-5	1	1	486	204	4	11	-T
F8_BC68_191109_LF_LIB_consensus_vsearch	408	G	*/-A	674	34	4.78%	2	1	93	93	3.8791094633656604E-11	1	1	460	214	34	0	-A
F8_BC68_191109_LF_LIB_consensus_vsearch	409	A	*/+T	661	7	1.04%	2	1	93	93	0.0076900673602228325	1	1	450	211	7	0	+T
F8_BC68_191109_LF_LIB_consensus_vsearch	411	T	*/+G	691	7	0.99%	2	1	93	93	0.007695314307205932	1	1	487	204	0	7	+G
F8_BC68_191109_LF_LIB_consensus_vsearch	413	C	*/+AC	627	8	1.13%	2	1	93	93	0.0038205694809533087	1	1	431	196	8	0	+AC
F8_BC68_191109_LF_LIB_consensus_vsearch	413	C	*/-G	627	52	7.34%	2	2	93	93	8.045436181800567E-17	1	1	431	196	51	1	-G
F8_BC68_191109_LF_LIB_consensus_vsearch	415	A	*/+T	628	13	1.84%	2	2	93	93	1.1479577918774512E-4	1	1	415	213	12	1	+T
F8_BC68_191109_LF_LIB_consensus_vsearch	415	A	*/+TT	628	24	3.39%	2	1	93	93	4.804704507811245E-8	1	1	415	213	24	0	+TT
F8_BC68_191109_LF_LIB_consensus_vsearch	415	A	*/+TTT	628	7	0.99%	2	1	93	93	0.007683724927463553	1	1	415	213	7	0	+TT
F8_BC68_191109_LF_LIB_consensus_vsearch	416	C	*/+T	608	29	4.07%	2	1	93	93	1.3444643818932684E-9	1	1	393	215	29	0	+T
F8_BC68_191109_LF_LIB_consensus_vsearch	419	C	*/+A	657	14	1.98%	2	2	93	93	5.699425972311672E-5	1	1	447	210	9	5	+A
F8_BC68_191109_LF_LIB_consensus_vsearch	419	C	*/-A	657	16	2.26%	2	2	93	93	1.3942782437750426E-5	1	1	447	210	15	1	-A
F8_BC68_191109_LF_LIB_consensus_vsearch	422	G	*/-A	687	10	1.42%	2	1	93	93	9.453316267322512E-4	1	1	471	216	10	0	-A
F8_BC68_191109_LF_LIB_consensus_vsearch	424	T	*/-A	691	9	1.27%	2	2	93	93	0.0019032427370135523	1	1	481	210	7	2	-A
F8_BC68_191109_LF_LIB_consensus_vsearch	427	C	*/-T	677	11	1.54%	2	2	93	93	4.690047492968275E-4	1	1	466	211	9	2	-T
F8_BC68_191109_LF_LIB_consensus_vsearch	427	C	*/-TT	677	11	1.54%	2	1	93	93	4.690047492968275E-4	1	1	466	211	11	0	-T
F8_BC68_191109_LF_LIB_consensus_vsearch	431	T	*/-C	684	17	2.4%	2	2	93	93	6.916062977040764E-6	1	1	480	204	10	7	-C
F8_BC68_191109_LF_LIB_consensus_vsearch	432	C	*/+A	683	8	1.15%	2	1	93	93	0.003827480265442575	1	1	477	206	8	0	+A
F8_BC68_191109_LF_LIB_consensus_vsearch	433	C	*/-T	699	7	0.98%	2	2	93	93	0.0076966383990413785	1	1	493	206	1	6	-T
F8_BC68_191109_LF_LIB_consensus_vsearch	438	T	*/-C	557	147	20.65%	2	1	93	93	1.1114729634939206E-48	1	1	343	214	147	0	-C
F8_BC68_191109_LF_LIB_consensus_vsearch	441	T	*/-G	673	15	2.11%	2	2	93	93	2.8252461347411953E-5	1	1	478	195	6	9	-G
F8_BC68_191109_LF_LIB_consensus_vsearch	446	C	*/-AC	681	14	1.97%	2	1	93	93	5.7130566115596164E-5	1	1	470	211	14	0	-AC
F8_BC68_191109_LF_LIB_consensus_vsearch	451	T	*/-C	578	123	17.35%	2	2	93	93	2.646665868498417E-40	1	1	390	188	100	23	-C
F8_BC68_191109_LF_LIB_consensus_vsearch	453	C	*/+G	673	12	1.69%	2	1	93	93	2.3256292247515707E-4	1	1	464	209	12	0	+G
F8_BC68_191109_LF_LIB_consensus_vsearch	454	C	*/+GC	630	14	1.96%	2	1	93	93	5.682907954155903E-5	1	1	461	169	14	0	+GC
F8_BC68_191109_LF_LIB_consensus_vsearch	454	C	*/-T	630	53	7.43%	2	2	93	93	3.887480382279146E-17	1	1	461	169	13	40	-T
F8_BC68_191109_LF_LIB_consensus_vsearch	456	T	*/-G	640	17	2.41%	2	2	93	93	6.870169137435846E-6	1	1	460	180	4	13	-G
F8_BC68_191109_LF_LIB_consensus_vsearch	456	T	*/-GG	640	15	2.12%	2	1	93	93	2.8141669649688525E-5	1	1	460	180	0	15	-G
F8_BC68_191109_LF_LIB_consensus_vsearch	461	C	*/+G	681	13	1.84%	2	1	93	93	1.1534063420715205E-4	1	1	475	206	13	0	+G
F8_BC68_191109_LF_LIB_consensus_vsearch	462	A	*/-G	664	14	1.99%	2	2	93	93	5.703498854057624E-5	1	1	462	202	13	1	-G
F8_BC68_191109_LF_LIB_consensus_vsearch	463	G	*/-T	673	13	1.86%	2	2	93	93	1.1526368039547316E-4	1	1	476	197	1	12	-T
F8_BC68_191109_LF_LIB_consensus_vsearch	468	C	*/-GT	673	12	1.71%	2	1	93	93	2.3256292247515707E-4	1	1	485	188	0	12	-GT
F8_BC68_191109_LF_LIB_consensus_vsearch	477	C	*/-A	684	7	0.99%	2	2	93	93	0.007694130650567804	1	1	478	206	6	1	-A
F8_BC68_191109_LF_LIB_consensus_vsearch	480	T	*/+G	680	17	2.39%	2	1	93	93	6.9121211579727486E-6	1	1	463	217	17	0	+G
F8_BC68_191109_LF_LIB_consensus_vsearch	481	A	*/-G	679	18	2.53%	2	2	93	93	3.4133931644263426E-6	1	1	469	210	14	4	-G
F8_BC68_191109_LF_LIB_consensus_vsearch	485	A	*/+C	649	19	2.69%	2	2	93	93	1.6751766330545529E-6	1	1	444	205	18	1	+C
F8_BC68_191109_LF_LIB_consensus_vsearch	485	A	*/-C	649	18	2.55%	2	2	93	93	3.3961439713314676E-6	1	1	444	205	14	4	+C
F8_BC68_191109_LF_LIB_consensus_vsearch	486	C	*/+T	660	23	3.33%	2	1	93	93	9.874668225160268E-8	1	1	475	185	0	23	+T
F8_BC68_191109_LF_LIB_consensus_vsearch	487	C	*/+T	693	7	0.99%	2	1	93	93	0.007695648159281727	1	1	491	202	0	7	+T
F8_BC68_191109_LF_LIB_consensus_vsearch	488	C	*/+AC	683	12	1.68%	2	1	93	93	2.3272691203554888E-4	1	1	478	205	12	0	+AC
F8_BC68_191109_LF_LIB_consensus_vsearch	490	G	*/-C	689	8	1.13%	2	1	93	93	0.0038281551540559158	1	1	476	213	8	0	-C
F8_BC68_191109_LF_LIB_consensus_vsearch	493	G	*/+T	693	9	1.26%	2	1	93	93	0.0019033838827015696	1	1	482	211	9	0	+T
F8_BC68_191109_LF_LIB_consensus_vsearch	495	T	*/-GT	694	8	1.13%	2	2	93	93	0.003828708790007478	1	1	484	210	5	3	-GT
F8_BC68_191109_LF_LIB_consensus_vsearch	496	G	*/-TA	683	7	1%	2	1	93	93	0.007693959601990333	1	1	472	211	7	0	-TA
F8_BC68_191109_LF_LIB_consensus_vsearch	497	T	*/-A	661	7	1.01%	2	2	93	93	0.0076900673602228325	1	1	455	206	6	1	-A
F8_BC68_191109_LF_LIB_consensus_vsearch	499	G	*/-C	683	16	2.28%	2	2	93	93	1.399016506018352E-5	1	1	470	213	14	2	-C
F8_BC68_191109_LF_LIB_consensus_vsearch	502	G	*/-A	693	9	1.27%	2	2	93	93	0.0019033838827015696	1	1	480	213	8	1	-A
F8_BC68_191109_LF_LIB_consensus_vsearch	505	T	*/-C	694	9	1.27%	2	2	93	93	0.001903454156451721	1	1	483	211	5	4	-C
F8_BC68_191109_LF_LIB_consensus_vsearch	506	C	*/+T	653	11	1.56%	2	1	93	93	4.683169949882425E-4	1	1	485	168	0	11	+T
F8_BC68_191109_LF_LIB_consensus_vsearch	506	C	*/-T	653	36	5.12%	2	2	93	93	9.101090523292937E-12	1	1	485	168	3	33	-T
F8_BC68_191109_LF_LIB_consensus_vsearch	508	T	*/-AGC	671	17	2.39%	2	1	93	93	6.903090914510574E-6	1	1	466	205	17	0	-AGC
F8_BC68_191109_LF_LIB_consensus_vsearch	513	G	*/+C	698	8	1.13%	2	2	93	93	0.0038291460789557676	1	1	486	212	5	3	+C
F8_BC68_191109_LF_LIB_consensus_vsearch	514	C	*/+T	656	9	1.27%	2	2	93	93	0.0019006362526543875	1	1	455	201	8	1	+T
F8_BC68_191109_LF_LIB_consensus_vsearch	514	C	*/+TT	656	11	1.55%	2	1	93	93	4.684056358370776E-4	1	1	455	201	11	0	+TT
F8_BC68_191109_LF_LIB_consensus_vsearch	514	C	*/-T	656	17	2.39%	2	2	93	93	6.887524858349418E-6	1	1	455	201	8	9	-T
F8_BC68_191109_LF_LIB_consensus_vsearch	514	C	*/-TT	656	10	1.41%	2	2	93	93	9.438922336612554E-4	1	1	455	201	8	2	-T
F8_BC68_191109_LF_LIB_consensus_vsearch	516	T	*/+C	683	8	1.14%	2	2	93	93	0.003827480265442575	1	1	473	210	6	2	+C
F8_BC68_191109_LF_LIB_consensus_vsearch	517	T	*/+C	221	430	60.39%	2	2	93	93	3.844652671697734E-178	1	1	136	85	328	102	+C
F8_BC68_191109_LF_LIB_consensus_vsearch	517	T	*/+CC	221	9	1.26%	2	1	93	93	0.001803432580702911	1	1	136	85	0	9	+C
F8_BC68_191109_LF_LIB_consensus_vsearch	519	C	*/+GC	661	7	0.99%	2	1	93	93	0.0076900673602228325	1	1	471	190	7	0	+GC
F8_BC68_191109_LF_LIB_consensus_vsearch	519	C	*/+T	661	10	1.41%	2	2	93	93	9.441333010107843E-4	1	1	471	190	3	7	+T
F8_BC68_191109_LF_LIB_consensus_vsearch	519	C	*/-T	661	17	2.39%	2	2	93	93	6.892787088850134E-6	1	1	471	190	7	10	-T
F8_BC68_191109_LF_LIB_consensus_vsearch	519	C	*/-TT	661	7	0.99%	2	2	93	93	0.0076900673602228325	1	1	471	190	2	5	-T
F8_BC68_191109_LF_LIB_consensus_vsearch	522	T	*/+C	684	15	2.11%	2	1	93	93	2.8287131985743293E-5	1	1	469	215	15	0	+C
F8_BC68_191109_LF_LIB_consensus_vsearch	526	C	*/+T	663	15	2.11%	2	1	93	93	2.821999433004045E-5	1	1	465	198	15	0	+T
F8_BC68_191109_LF_LIB_consensus_vsearch	526	C	*/-G	663	22	3.1%	2	2	93	93	2.0088230471247083E-7	1	1	465	198	7	15	-G
F8_BC68_191109_LF_LIB_consensus_vsearch	528	G	*/-C	659	19	2.66%	2	1	93	93	1.6784312944570722E-6	1	1	442	217	19	0	-C
F8_BC68_191109_LF_LIB_consensus_vsearch	530	C	*/+A	566	15	2.11%	2	1	93	93	2.784900299453663E-5	1	1	360	206	15	0	+A
F8_BC68_191109_LF_LIB_consensus_vsearch	530	C	*/-A	566	112	15.75%	2	2	93	93	1.2957623701261328E-36	1	1	360	206	103	9	-A
F8_BC68_191109_LF_LIB_consensus_vsearch	532	A	*/-G	687	10	1.41%	2	2	93	93	9.453316267322512E-4	1	1	483	204	4	6	-G
F8_BC68_191109_LF_LIB_consensus_vsearch	536	C	*/+A	680	10	1.41%	2	1	93	93	9.450177994018546E-4	1	1	474	206	10	0	+A
F8_BC68_191109_LF_LIB_consensus_vsearch	538	C	*/+A	621	7	0.98%	2	2	93	93	0.007682294147772585	1	1	420	201	5	2	+A
F8_BC68_191109_LF_LIB_consensus_vsearch	538	C	*/+T	621	19	2.67%	2	1	93	93	1.665551633194227E-6	1	1	420	201	19	0	+T
F8_BC68_191109_LF_LIB_consensus_vsearch	538	C	*/-GC	621	51	7.17%	2	2	93	93	1.656831717345976E-16	1	1	420	201	40	11	-GC
F8_BC68_191109_LF_LIB_consensus_vsearch	539	G	*/+C	618	12	1.83%	2	1	93	93	2.3156954006542198E-4	1	1	416	202	12	0	+C
F8_BC68_191109_LF_LIB_consensus_vsearch	539	G	*/-C	618	10	1.52%	2	1	93	93	9.4193599519434E-4	1	1	416	202	10	0	+C
F8_BC68_191109_LF_LIB_consensus_vsearch	540	C	*/+A	607	15	2.33%	2	1	93	93	2.8019489369197462E-5	1	1	407	200	15	0	+A
F8_BC68_191109_LF_LIB_consensus_vsearch	541	A	*/+G	642	18	2.57%	2	2	93	93	3.3919038891010325E-6	1	1	432	210	17	1	+G
F8_BC68_191109_LF_LIB_consensus_vsearch	541	A	*/-G	642	7	1%	2	1	93	93	0.0076864941835295955	1	1	432	210	7	0	+G
F8_BC68_191109_LF_LIB_consensus_vsearch	542	G	*/-A	678	16	2.28%	2	1	93	93	1.3981319678996957E-5	1	1	465	213	16	0	-A
F8_BC68_191109_LF_LIB_consensus_vsearch	543	A	*/-G	555	108	15.54%	2	1	93	93	2.671172175552738E-35	1	1	347	208	108	0	-G
F8_BC68_191109_LF_LIB_consensus_vsearch	543	A	*/-GA	555	9	1.29%	2	2	93	93	0.001891316484819383	1	1	347	208	2	7	-G
F8_BC68_191109_LF_LIB_consensus_vsearch	544	G	*/+A	567	8	1.35%	2	1	93	93	0.0038116798798562227	1	1	357	210	8	0	+A
F8_BC68_191109_LF_LIB_consensus_vsearch	544	G	*/-AC	567	9	1.52%	2	1	93	93	0.0018925934416486783	1	1	357	210	9	0	-AC
F8_BC68_191109_LF_LIB_consensus_vsearch	545	A	*/-C	657	12	1.74%	2	2	93	93	2.3229050890362837E-4	1	1	455	202	11	1	-C
F8_BC68_191109_LF_LIB_consensus_vsearch	546	C	*/-GC	638	31	4.51%	2	1	93	93	3.2628974776093255E-10	1	1	424	214	31	0	-GC
F8_BC68_191109_LF_LIB_consensus_vsearch	546	C	*/-GCC	638	9	1.31%	2	1	93	93	0.0018991867863578625	1	1	424	214	9	0	-GC
F8_BC68_191109_LF_LIB_consensus_vsearch	547	G	*/-C	590	51	7.66%	2	2	93	93	1.5765554082782987E-16	1	1	380	210	48	3	-C
F8_BC68_191109_LF_LIB_consensus_vsearch	548	C	*/+G	573	7	1.13%	2	1	93	93	0.0076715559842246905	1	1	374	199	7	0	+G
F8_BC68_191109_LF_LIB_consensus_vsearch	548	C	*/+T	573	13	2.1%	2	1	93	93	1.1412856168272655E-4	1	1	374	199	0	13	+T
F8_BC68_191109_LF_LIB_consensus_vsearch	549	C	*/+T	574	11	1.57%	2	1	93	93	4.6566043808442384E-4	1	1	389	185	0	11	+T
F8_BC68_191109_LF_LIB_consensus_vsearch	549	C	*/-T	574	37	5.28%	2	2	93	93	4.148299478171586E-12	1	1	389	185	20	17	-T
F8_BC68_191109_LF_LIB_consensus_vsearch	549	C	*/-TT	574	29	4.14%	2	1	93	93	1.3193849732531715E-9	1	1	389	185	29	0	-T
F8_BC68_191109_LF_LIB_consensus_vsearch	550	T	*/+A	563	32	4.98%	2	1	93	93	1.5173245789615005E-10	1	1	364	199	32	0	+A
F8_BC68_191109_LF_LIB_consensus_vsearch	551	T	*/+G	606	15	2.21%	2	2	93	93	2.8015590584416504E-5	1	1	403	203	7	8	+G
F8_BC68_191109_LF_LIB_consensus_vsearch	552	G	*/+C	669	9	1.28%	2	1	93	93	0.0019016355659458553	1	1	456	213	9	0	+C
F8_BC68_191109_LF_LIB_consensus_vsearch	555	A	*/-T	689	18	2.52%	2	2	93	93	3.4188315591916383E-6	1	1	487	202	4	14	-T
F8_BC68_191109_LF_LIB_consensus_vsearch	557	T	*/+C	670	7	0.98%	2	1	93	93	0.007691690124933204	1	1	482	188	7	0	+C
F8_BC68_191109_LF_LIB_consensus_vsearch	557	T	*/-C	670	9	1.26%	2	2	93	93	0.0019017108625084104	1	1	482	188	2	7	-C
F8_BC68_191109_LF_LIB_consensus_vsearch	557	T	*/-CAA	670	19	2.66%	2	1	93	93	1.6819077718369796E-6	1	1	482	188	0	19	-CAA
F8_BC68_191109_LF_LIB_consensus_vsearch	558	C	*/+G	601	9	1.32%	2	2	93	93	0.0018959408138061896	1	1	480	121	8	1	+G
F8_BC68_191109_LF_LIB_consensus_vsearch	558	C	*/-A	601	16	2.34%	2	2	93	93	1.3827664956412127E-5	1	1	480	121	2	14	-A
F8_BC68_191109_LF_LIB_consensus_vsearch	558	C	*/-AA	601	51	7.47%	2	1	93	93	1.6054886511082924E-16	1	1	480	121	0	51	-AA
F8_BC68_191109_LF_LIB_consensus_vsearch	561	G	*/+C	676	9	1.28%	2	1	93	93	0.0019021580576563692	1	1	462	214	9	0	+C
F8_BC68_191109_LF_LIB_consensus_vsearch	566	T	*/+G	691	9	1.27%	2	1	93	93	0.0019032427370135523	1	1	476	215	9	0	+G
F8_BC68_191109_LF_LIB_consensus_vsearch	567	A	*/+G	620	7	0.99%	2	1	93	93	0.007682087151165184	1	1	427	193	0	7	+G
F8_BC68_191109_LF_LIB_consensus_vsearch	567	A	*/-G	620	27	3.81%	2	2	93	93	5.648266913497274E-9	1	1	427	193	11	16	-G
F8_BC68_191109_LF_LIB_consensus_vsearch	574	C	*/+A	637	9	1.27%	2	1	93	93	0.0018991039097335373	1	1	427	210	9	0	+A
F8_BC68_191109_LF_LIB_consensus_vsearch	574	C	*/-G	637	12	1.7%	2	1	93	93	2.3193142241339178E-4	1	1	427	210	12	0	-G
F8_BC68_191109_LF_LIB_consensus_vsearch	574	C	*/-GC	637	31	4.39%	2	1	93	93	3.2611197401880956E-10	1	1	427	210	31	0	-GC
F8_BC68_191109_LF_LIB_consensus_vsearch	576	C	*/-T	623	21	3.11%	2	2	93	93	4.0402929104067274E-7	1	1	416	207	13	8	-T
F8_BC68_191109_LF_LIB_consensus_vsearch	576	C	*/-TT	623	14	2.07%	2	1	93	93	5.678402801002936E-5	1	1	416	207	14	0	-T
F8_BC68_191109_LF_LIB_consensus_vsearch	578	T	*/+G	630	7	1.01%	2	2	93	93	0.007684127964298881	1	1	420	210	6	1	+G
F8_BC68_191109_LF_LIB_consensus_vsearch	578	T	*/-A	630	21	3.02%	2	2	93	93	4.0476134435006245E-7	1	1	420	210	20	1	-A
F8_BC68_191109_LF_LIB_consensus_vsearch	579	A	*/-G	547	124	18.08%	2	2	93	93	8.903687904686236E-41	1	1	440	107	23	101	-G
F8_BC68_191109_LF_LIB_consensus_vsearch	580	G	*/+A	554	17	2.91%	2	1	93	93	6.76098779718637E-6	1	1	442	112	17	0	+A
F8_BC68_191109_LF_LIB_consensus_vsearch	581	G	*/-A	682	7	0.98%	2	2	93	93	0.007693788058408534	1	1	468	214	6	1	-A
F8_BC68_191109_LF_LIB_consensus_vsearch	588	T	*/-C	676	12	1.72%	2	2	93	93	2.3261261192221447E-4	1	1	471	205	8	4	-C
F8_BC68_191109_LF_LIB_consensus_vsearch	589	C	*/-ACC	670	8	1.16%	2	2	93	93	0.0038259772281954976	1	1	466	204	7	1	-ACC
F8_BC68_191109_LF_LIB_consensus_vsearch	590	A	*/+C	629	12	1.72%	2	2	93	93	2.3178162093565876E-4	1	1	437	192	9	3	+C
F8_BC68_191109_LF_LIB_consensus_vsearch	590	A	*/-C	629	32	4.6%	2	2	93	93	1.585271826411555E-10	1	1	437	192	23	9	-C
F8_BC68_191109_LF_LIB_consensus_vsearch	590	A	*/-CC	629	9	1.29%	2	2	93	93	0.0018984316147072759	1	1	437	192	4	5	-C
F8_BC68_191109_LF_LIB_consensus_vsearch	591	C	*/+T	637	12	1.82%	2	2	93	93	2.3193142241339178E-4	1	1	451	186	1	11	+T
F8_BC68_191109_LF_LIB_consensus_vsearch	600	C	*/-A	680	26	3.67%	2	1	93	93	1.178730126667451E-8	1	1	465	215	26	0	-A
F8_BC68_191109_LF_LIB_consensus_vsearch	601	A	*/-T	664	9	1.32%	2	2	93	93	0.0019012557507408912	1	1	456	208	5	4	-T
F8_BC68_191109_LF_LIB_consensus_vsearch	608	T	*/+A	661	14	1.98%	2	2	93	93	5.7017634264194104E-5	1	1	460	201	11	3	+A
F8_BC68_191109_LF_LIB_consensus_vsearch	608	T	*/-A	661	7	0.99%	2	1	93	93	0.0076900673602228325	1	1	460	201	7	0	+A
F8_BC68_191109_LF_LIB_consensus_vsearch	610	A	*/-G	692	8	1.13%	2	1	93	93	0.0038284882802459928	1	1	478	214	8	0	-G
F8_BC68_191109_LF_LIB_consensus_vsearch	611	G	*/-C	652	9	1.28%	2	2	93	93	0.0019003209213852956	1	1	441	211	4	5	-C
F8_BC68_191109_LF_LIB_consensus_vsearch	613	C	*/-A	679	19	2.66%	2	2	93	93	1.6846746908355057E-6	1	1	468	211	18	1	-A
F8_BC68_191109_LF_LIB_consensus_vsearch	614	A	*/+G	589	12	1.73%	2	2	93	93	2.3097388431502796E-4	1	1	429	160	10	2	+G
F8_BC68_191109_LF_LIB_consensus_vsearch	614	A	*/-G	589	63	9.09%	2	2	93	93	2.247160873666155E-20	1	1	429	160	16	47	-G
F8_BC68_191109_LF_LIB_consensus_vsearch	616	G	*/-A	694	10	1.4%	2	1	93	93	9.456392717556314E-4	1	1	484	210	10	0	-A
F8_BC68_191109_LF_LIB_consensus_vsearch	620	C	*/+T	660	22	3.09%	2	2	93	93	2.0072854992326528E-7	1	1	486	174	2	20	+T
F8_BC68_191109_LF_LIB_consensus_vsearch	620	C	*/-T	660	24	3.37%	2	2	93	93	4.854262653483501E-8	1	1	486	174	3	21	-T
F8_BC68_191109_LF_LIB_consensus_vsearch	625	T	*/+C	667	10	1.42%	2	2	93	93	9.444179274457236E-4	1	1	457	210	9	1	+C
F8_BC68_191109_LF_LIB_consensus_vsearch	625	T	*/-C	667	22	3.12%	2	1	93	93	2.0108537528478014E-7	1	1	457	210	22	0	-C
F8_BC68_191109_LF_LIB_consensus_vsearch	627	C	*/-AC	688	13	1.83%	2	1	93	93	1.1540655576482854E-4	1	1	476	212	13	0	-AC
F8_BC68_191109_LF_LIB_consensus_vsearch	629	C	*/-T	680	8	1.15%	2	2	93	93	0.0038271384280311226	1	1	472	208	2	6	-T
F8_BC68_191109_LF_LIB_consensus_vsearch	631	T	*/+C	656	42	5.92%	2	2	93	93	1.2040204394592658E-13	1	1	453	203	33	9	+C
F8_BC68_191109_LF_LIB_consensus_vsearch	638	T	*/+C	621	17	2.4%	2	2	93	93	6.848475430459044E-6	1	1	418	203	15	2	+C
F8_BC68_191109_LF_LIB_consensus_vsearch	638	T	*/-C	621	49	6.93%	2	2	93	93	7.144669487690987E-16	1	1	418	203	40	9	-C
F8_BC68_191109_LF_LIB_consensus_vsearch	638	T	*/-CC	621	16	2.26%	2	1	93	93	1.3871018544621352E-5	1	1	418	203	16	0	-C
F8_BC68_191109_LF_LIB_consensus_vsearch	645	T	*/-C	691	11	1.55%	2	2	93	93	4.6938449023983423E-4	1	1	486	205	2	9	-C
F8_BC68_191109_LF_LIB_consensus_vsearch	646	C	*/-G	682	10	1.43%	2	1	93	93	9.451081060357581E-4	1	1	479	203	10	0	-G
F8_BC68_191109_LF_LIB_consensus_vsearch	648	C	*/+TT	646	22	3.11%	2	1	93	93	1.9999409489462792E-7	1	1	436	210	22	0	+TT
F8_BC68_191109_LF_LIB_consensus_vsearch	652	A	*/-G	670	10	1.41%	2	1	93	93	9.445583754165734E-4	1	1	460	210	10	0	-G
F8_BC68_191109_LF_LIB_consensus_vsearch	652	A	*/-GA	670	9	1.27%	2	2	93	93	0.0019017108625084104	1	1	460	210	8	1	-G
F8_BC68_191109_LF_LIB_consensus_vsearch	653	G	*/-A	677	8	1.15%	2	2	93	93	0.0038267936108249954	1	1	463	214	7	1	-A
F8_BC68_191109_LF_LIB_consensus_vsearch	656	T	*/-A	694	7	0.98%	2	1	93	93	0.007695814373028502	1	1	483	211	7	0	-A
F8_BC68_191109_LF_LIB_consensus_vsearch	657	A	*/+T	639	14	1.98%	2	2	93	93	5.688561929058274E-5	1	1	435	204	8	6	+T
F8_BC68_191109_LF_LIB_consensus_vsearch	657	A	*/-T	639	41	5.81%	2	2	93	93	2.4425114166051213E-13	1	1	435	204	38	3	-T
F8_BC68_191109_LF_LIB_consensus_vsearch	669	C	*/-A	679	13	1.85%	2	1	93	93	1.153215593019467E-4	1	1	465	214	13	0	-A
F8_BC68_191109_LF_LIB_consensus_vsearch	670	A	*/-C	661	12	1.74%	2	1	93	93	2.3235980684521864E-4	1	1	446	215	12	0	-C
F8_BC68_191109_LF_LIB_consensus_vsearch	672	C	*/-A	681	24	3.39%	2	2	93	93	4.884546868535826E-8	1	1	467	214	23	1	-A
F8_BC68_191109_LF_LIB_consensus_vsearch	676	A	*/-T	696	7	0.98%	2	1	93	93	0.007696145385976602	1	1	487	209	0	7	-T
F8_BC68_191109_LF_LIB_consensus_vsearch	682	A	*/+C	686	7	0.98%	2	1	93	93	0.007694471271058793	1	1	479	207	0	7	+C
F8_BC68_191109_LF_LIB_consensus_vsearch	684	T	*/+C	602	22	3.12%	2	1	93	93	1.9748792575712198E-7	1	1	437	165	0	22	+C
F8_BC68_191109_LF_LIB_consensus_vsearch	684	T	*/-A	602	47	6.66%	2	2	93	93	2.9948577508305805E-15	1	1	437	165	45	2	-A
F8_BC68_191109_LF_LIB_consensus_vsearch	686	G	*/-A	662	37	5.23%	2	1	93	93	4.460900004480109E-12	1	1	445	217	37	0	-A
F8_BC68_191109_LF_LIB_consensus_vsearch	687	A	*/-G	644	17	2.54%	2	2	93	93	6.874583685551155E-6	1	1	431	213	14	3	-G
F8_BC68_191109_LF_LIB_consensus_vsearch	694	T	*/-C	630	70	9.9%	2	2	93	93	1.3780042429194808E-22	1	1	423	207	68	2	-C
F8_BC68_191109_LF_LIB_consensus_vsearch	698	G	*/-C	690	7	0.99%	2	1	93	93	0.007695146664767802	1	1	477	213	7	0	-C
F8_BC68_191109_LF_LIB_consensus_vsearch	700	C	*/-AC	684	13	1.84%	2	1	93	93	1.1536904529305717E-4	1	1	471	213	13	0	-AC
F8_BC68_191109_LF_LIB_consensus_vsearch	703	G	*/+C	695	9	1.27%	2	1	93	93	0.0019035242319234804	1	1	493	202	0	9	+C
F8_BC68_191109_LF_LIB_consensus_vsearch	705	T	*/-C	691	7	0.99%	2	2	93	93	0.007695314307205932	1	1	488	203	1	6	-C
F8_BC68_191109_LF_LIB_consensus_vsearch	709	G	*/-CG	681	15	2.11%	2	2	93	93	2.827778200608379E-5	1	1	470	211	11	4	-CG
F8_BC68_191109_LF_LIB_consensus_vsearch	713	C	*/+A	682	7	0.98%	2	2	93	93	0.007693788058408534	1	1	478	204	6	1	+A
F8_BC68_191109_LF_LIB_consensus_vsearch	713	C	*/-A	682	11	1.55%	2	2	93	93	4.6914211039852195E-4	1	1	478	204	5	6	-A
F8_BC68_191109_LF_LIB_consensus_vsearch	718	C	*/+T	675	11	1.54%	2	1	93	93	4.6894925126844146E-4	1	1	487	188	0	11	+T
F8_BC68_191109_LF_LIB_consensus_vsearch	718	C	*/-T	675	10	1.4%	2	2	93	93	9.447897479611806E-4	1	1	487	188	3	7	+T
F8_BC68_191109_LF_LIB_consensus_vsearch	721	C	*/-TC	656	44	6.22%	2	2	93	93	2.8298194833011762E-14	1	1	488	168	1	43	-TC
F8_BC68_191109_LF_LIB_consensus_vsearch	722	T	*/+C	593	64	9.62%	2	1	93	93	1.080510816703076E-20	1	1	428	165	64	0	+C
F8_BC68_191109_LF_LIB_consensus_vsearch	723	C	*/+A	646	15	2.25%	2	1	93	93	2.816261220005829E-5	1	1	475	171	15	0	+A
F8_BC68_191109_LF_LIB_consensus_vsearch	726	C	*/+A	680	13	1.82%	2	2	93	93	1.1533111024855475E-4	1	1	470	210	10	3	+A
F8_BC68_191109_LF_LIB_consensus_vsearch	726	C	*/-A	680	14	1.96%	2	2	93	93	5.7125070469182755E-5	1	1	470	210	11	3	-A
F8_BC68_191109_LF_LIB_consensus_vsearch	733	A	*/-C	674	16	2.25%	2	2	93	93	1.397415412378021E-5	1	1	478	196	3	13	-C
F8_BC68_191109_LF_LIB_consensus_vsearch	735	C	*/-TC	694	8	1.13%	2	1	93	93	0.003828708790007478	1	1	490	204	0	8	-TC
F8_BC68_191109_LF_LIB_consensus_vsearch	736	T	*/+C	666	12	1.72%	2	1	93	93	2.3244529801020794E-4	1	1	466	200	12	0	+C
F8_BC68_191109_LF_LIB_consensus_vsearch	736	T	*/-C	666	8	1.14%	2	2	93	93	0.003825503147506549	1	1	466	200	6	2	+C
F8_BC68_191109_LF_LIB_consensus_vsearch	736	T	*/-CCA	666	7	1%	2	1	93	93	0.007690974238331026	1	1	466	200	7	0	+C
F8_BC68_191109_LF_LIB_consensus_vsearch	738	C	*/-A	629	12	1.7%	2	1	93	93	2.3178162093565876E-4	1	1	415	214	12	0	-A
F8_BC68_191109_LF_LIB_consensus_vsearch	738	C	*/-AC	629	60	8.5%	2	1	93	93	2.2645941718917586E-19	1	1	415	214	60	0	-AC
F8_BC68_191109_LF_LIB_consensus_vsearch	741	G	*/+C	646	8	1.13%	2	2	93	93	0.003823046195335939	1	1	464	182	2	6	+C
F8_BC68_191109_LF_LIB_consensus_vsearch	741	G	*/-C	646	31	4.37%	2	2	93	93	3.2769599425121425E-10	1	1	464	182	16	15	-C
F8_BC68_191109_LF_LIB_consensus_vsearch	742	C	*/+T	618	30	4.44%	2	2	93	93	6.605735361461453E-10	1	1	470	148	1	29	+T
F8_BC68_191109_LF_LIB_consensus_vsearch	744	C	*/-T	695	7	0.98%	2	2	93	93	0.007695980114598385	1	1	487	208	5	2	-T
F8_BC68_191109_LF_LIB_consensus_vsearch	745	T	*/+C	611	15	2.13%	2	2	93	93	2.8034963826258367E-5	1	1	420	191	11	4	+C
F8_BC68_191109_LF_LIB_consensus_vsearch	745	T	*/+CC	611	10	1.42%	2	1	93	93	9.415498005924852E-4	1	1	420	191	10	0	+C
F8_BC68_191109_LF_LIB_consensus_vsearch	745	T	*/-C	611	54	7.66%	2	2	93	93	1.8087509554078063E-17	1	1	420	191	43	11	-C
F8_BC68_191109_LF_LIB_consensus_vsearch	747	C	*/+T	683	9	1.28%	2	1	93	93	0.0019026700524163046	1	1	491	192	0	9	+T
F8_BC68_191109_LF_LIB_consensus_vsearch	747	C	*/-T	683	7	0.99%	2	2	93	93	0.007693959601990333	1	1	491	192	1	6	+T
F8_BC68_191109_LF_LIB_consensus_vsearch	750	C	*/+T	641	8	1.13%	2	1	93	93	0.003822408416603577	1	1	486	155	0	8	+T
F8_BC68_191109_LF_LIB_consensus_vsearch	750	C	*/-T	641	49	6.93%	2	2	93	93	7.342944764454517E-16	1	1	486	155	3	46	-T
F8_BC68_191109_LF_LIB_consensus_vsearch	751	T	*/+C	613	25	3.81%	2	2	93	93	2.3449723619124025E-8	1	1	450	163	22	3	+C
F8_BC68_191109_LF_LIB_consensus_vsearch	751	T	*/-C	613	13	1.98%	2	1	93	93	1.1462518627902735E-4	1	1	450	163	13	0	+C
F8_BC68_191109_LF_LIB_consensus_vsearch	756	G	*/+C	667	20	2.83%	2	1	93	93	8.288541780790994E-7	1	1	461	206	20	0	+C
F8_BC68_191109_LF_LIB_consensus_vsearch	761	C	*/+A	676	19	2.68%	2	2	93	93	1.6837599518308374E-6	1	1	465	211	17	2	+A
F8_BC68_191109_LF_LIB_consensus_vsearch	764	G	*/-C	612	18	2.55%	2	2	93	93	3.3727162431699297E-6	1	1	406	206	11	7	-C
F8_BC68_191109_LF_LIB_consensus_vsearch	766	C	*/-G	674	28	3.93%	2	1	93	93	2.830680200550398E-9	1	1	491	183	0	28	-G
F8_BC68_191109_LF_LIB_consensus_vsearch	772	T	*/-G	660	19	2.69%	2	2	93	93	1.6787517559841914E-6	1	1	463	197	7	12	-G
F8_BC68_191109_LF_LIB_consensus_vsearch	774	G	*/+A	682	14	1.97%	2	1	93	93	5.713604634080099E-5	1	1	469	213	14	0	+A
F8_BC68_191109_LF_LIB_consensus_vsearch	775	G	*/+C	671	9	1.26%	2	1	93	93	0.001901785939178216	1	1	455	216	9	0	+C
F8_BC68_191109_LF_LIB_consensus_vsearch	775	G	*/-C	671	10	1.4%	2	1	93	93	9.446049190917967E-4	1	1	455	216	10	0	-C
F8_BC68_191109_LF_LIB_consensus_vsearch	777	C	*/+A	667	9	1.26%	2	2	93	93	0.0019014843092738523	1	1	455	212	8	1	+A
F8_BC68_191109_LF_LIB_consensus_vsearch	777	C	*/-A	667	7	0.98%	2	1	93	93	0.007691154004207902	1	1	455	212	7	0	+A
F8_BC68_191109_LF_LIB_consensus_vsearch	778	A	*/-T	674	12	1.71%	2	2	93	93	2.3257953314238005E-4	1	1	466	208	10	2	-T
F8_BC68_191109_LF_LIB_consensus_vsearch	779	T	*/-G	663	11	1.58%	2	1	93	93	4.686094352243864E-4	1	1	455	208	11	0	-G
F8_BC68_191109_LF_LIB_consensus_vsearch	780	G	*/+C	651	16	2.3%	2	1	93	93	1.3931341326495143E-5	1	1	442	209	16	0	+C
F8_BC68_191109_LF_LIB_consensus_vsearch	782	A	*/-T	666	10	1.43%	2	2	93	93	9.443708371449778E-4	1	1	463	203	1	9	-T
F8_BC68_191109_LF_LIB_consensus_vsearch	788	A	*/+C	678	8	1.13%	2	2	93	93	0.0038269088833870367	1	1	467	211	5	3	+C
F8_BC68_191109_LF_LIB_consensus_vsearch	788	A	*/-C	678	11	1.55%	2	1	93	93	4.6903237900469013E-4	1	1	467	211	11	0	-C
F8_BC68_191109_LF_LIB_consensus_vsearch	789	C	*/+T	684	7	1%	2	2	93	93	0.007694130650567804	1	1	475	209	4	3	+T
F8_BC68_191109_LF_LIB_consensus_vsearch	790	T	*/+C	635	9	1.28%	2	1	93	93	0.0018989373901442874	1	1	439	196	0	9	+C
F8_BC68_191109_LF_LIB_consensus_vsearch	790	T	*/+G	635	31	4.4%	2	1	93	93	3.2575507974593874E-10	1	1	439	196	31	0	+G
F8_BC68_191109_LF_LIB_consensus_vsearch	790	T	*/-A	635	8	1.13%	2	1	93	93	0.003821630056475877	1	1	439	196	8	0	+G
F8_BC68_191109_LF_LIB_consensus_vsearch	791	A	*/-G	641	31	4.43%	2	2	93	93	3.268203953458256E-10	1	1	441	200	24	7	-G
F8_BC68_191109_LF_LIB_consensus_vsearch	794	C	*/-T	664	16	2.24%	2	2	93	93	1.395588378519507E-5	1	1	458	206	11	5	-T
F8_BC68_191109_LF_LIB_consensus_vsearch	794	C	*/-TT	664	15	2.1%	2	1	93	93	2.82232828334635E-5	1	1	458	206	15	0	-T
F8_BC68_191109_LF_LIB_consensus_vsearch	794	C	*/-TTA	664	10	1.4%	2	1	93	93	9.442762414594748E-4	1	1	458	206	10	0	-T
F8_BC68_191109_LF_LIB_consensus_vsearch	796	T	*/+A	611	10	1.45%	2	2	93	93	9.415498005924852E-4	1	1	407	204	9	1	+A
F8_BC68_191109_LF_LIB_consensus_vsearch	796	T	*/-A	611	39	5.67%	2	2	93	93	1.0108524704338823E-12	1	1	407	204	37	2	-A
F8_BC68_191109_LF_LIB_consensus_vsearch	805	T	*/-C	686	18	2.54%	2	1	93	93	3.4172155648017084E-6	1	1	470	216	18	0	-C
F8_BC68_191109_LF_LIB_consensus_vsearch	808	A	*/+T	610	28	3.94%	2	2	93	93	2.752080127078672E-9	1	1	403	207	27	1	+T
F8_BC68_191109_LF_LIB_consensus_vsearch	808	A	*/-T	610	62	8.72%	2	2	93	93	4.960702571822392E-20	1	1	403	207	56	6	-T
F8_BC68_191109_LF_LIB_consensus_vsearch	812	T	*/+C	680	21	2.95%	2	1	93	93	4.095916972542259E-7	1	1	464	216	21	0	+C
F8_BC68_191109_LF_LIB_consensus_vsearch	814	A	*/-G	645	19	2.69%	2	2	93	93	1.6738487456470905E-6	1	1	453	192	3	16	-G
F8_BC68_191109_LF_LIB_consensus_vsearch	820	G	*/+A	681	7	0.99%	2	2	93	93	0.007693616017588559	1	1	466	215	6	1	+A
F8_BC68_191109_LF_LIB_consensus_vsearch	820	G	*/-A	681	15	2.12%	2	1	93	93	2.827778200608379E-5	1	1	466	215	15	0	-A
F8_BC68_191109_LF_LIB_consensus_vsearch	821	A	*/-G	675	13	1.86%	2	2	93	93	1.1528308332773016E-4	1	1	462	213	11	2	-G
F8_BC68_191109_LF_LIB_consensus_vsearch	826	T	*/+C	695	8	1.13%	2	1	93	93	0.003828818576574826	1	1	494	201	0	8	+C
F8_BC68_191109_LF_LIB_consensus_vsearch	827	T	*/-C	693	10	1.4%	2	2	93	93	9.455956940415569E-4	1	1	489	204	1	9	-C
F8_BC68_191109_LF_LIB_consensus_vsearch	828	C	*/-G	686	7	1%	2	2	93	93	0.007694471271058793	1	1	492	194	2	5	-G
F8_BC68_191109_LF_LIB_consensus_vsearch	831	C	*/+G	680	7	0.98%	2	1	93	93	0.007693443477408817	1	1	469	211	7	0	+G
F8_BC68_191109_LF_LIB_consensus_vsearch	831	C	*/-A	680	9	1.26%	2	2	93	93	0.0019024518910627653	1	1	469	211	7	2	-A
F8_BC68_191109_LF_LIB_consensus_vsearch	832	A	*/-G	613	8	1.14%	2	2	93	93	0.003818648070932916	1	1	404	209	6	2	-G
F8_BC68_191109_LF_LIB_consensus_vsearch	835	T	*/+G	604	7	0.99%	2	2	93	93	0.007678683362771209	1	1	434	170	6	1	+G
F8_BC68_191109_LF_LIB_consensus_vsearch	835	T	*/-A	604	47	6.64%	2	2	93	93	3.003116441304026E-15	1	1	434	170	46	1	-A
F8_BC68_191109_LF_LIB_consensus_vsearch	835	T	*/-AA	604	33	4.66%	2	2	93	93	7.608290983662633E-11	1	1	434	170	2	31	-A
F8_BC68_191109_LF_LIB_consensus_vsearch	837	A	*/-G	640	8	1.18%	2	1	93	93	0.0038222796857976513	1	1	462	178	8	0	-G
F8_BC68_191109_LF_LIB_consensus_vsearch	841	G	*/+T	665	13	1.85%	2	2	93	93	1.1518494678179604E-4	1	1	459	206	9	4	+T
F8_BC68_191109_LF_LIB_consensus_vsearch	847	C	*/-AC	534	151	21.45%	2	2	93	93	3.16996832346933E-50	1	1	334	200	149	2	-AC
F8_BC68_191109_LF_LIB_consensus_vsearch	849	C	*/+AC	508	12	2.17%	2	2	93	93	2.289656400273516E-4	1	1	319	189	11	1	+AC
F8_BC68_191109_LF_LIB_consensus_vsearch	849	C	*/-T	508	14	2.53%	2	2	93	93	5.587633141279175E-5	1	1	319	189	5	9	-T
F8_BC68_191109_LF_LIB_consensus_vsearch	851	T	*/-C	638	9	1.27%	2	2	93	93	0.0018991867863578625	1	1	482	156	1	8	-C
F8_BC68_191109_LF_LIB_consensus_vsearch	851	T	*/-CT	638	27	3.8%	2	1	93	93	5.691639976815723E-9	1	1	482	156	0	27	-CT
F8_BC68_191109_LF_LIB_consensus_vsearch	851	T	*/-CTT	638	12	1.69%	2	1	93	93	2.319498927033577E-4	1	1	482	156	0	12	-CT
F8_BC68_191109_LF_LIB_consensus_vsearch	852	C	*/-T	650	10	1.51%	2	2	93	93	9.435981797922699E-4	1	1	489	161	2	8	-T
F8_BC68_191109_LF_LIB_consensus_vsearch	866	A	*/+T	678	12	1.69%	2	1	93	93	2.3264550198641236E-4	1	1	480	198	0	12	+T
F8_BC68_191109_LF_LIB_consensus_vsearch	867	C	*/-T	643	41	5.78%	2	2	93	93	2.4516802395692214E-13	1	1	443	200	30	11	-T
F8_BC68_191109_LF_LIB_consensus_vsearch	867	C	*/-TT	643	10	1.41%	2	1	93	93	9.432483563647963E-4	1	1	443	200	10	0	-T
F8_BC68_191109_LF_LIB_consensus_vsearch	869	T	*/+C	622	7	1.01%	2	2	93	93	0.007682500488298281	1	1	441	181	6	1	+C
F8_BC68_191109_LF_LIB_consensus_vsearch	869	T	*/-C	622	36	5.19%	2	2	93	93	8.896556977781986E-12	1	1	441	181	10	26	-C
F8_BC68_191109_LF_LIB_consensus_vsearch	869	T	*/-CC	622	10	1.44%	2	2	93	93	9.421528770545325E-4	1	1	441	181	8	2	-C
F8_BC68_191109_LF_LIB_consensus_vsearch	873	T	*/-G	656	22	3.14%	2	2	93	93	2.0052157865230884E-7	1	1	452	204	18	4	-G
F8_BC68_191109_LF_LIB_consensus_vsearch	878	A	*/+C	677	11	1.56%	2	1	93	93	4.690047492968275E-4	1	1	462	215	11	0	+C
F8_BC68_191109_LF_LIB_consensus_vsearch	882	T	*/-C	671	32	4.49%	2	1	93	93	1.6229591511397923E-10	1	1	457	214	32	0	-C
F8_BC68_191109_LF_LIB_consensus_vsearch	883	C	*/+A	661	14	2.06%	2	1	93	93	5.7017634264194104E-5	1	1	445	216	14	0	+A
F8_BC68_191109_LF_LIB_consensus_vsearch	892	A	*/-TCA	691	16	2.25%	2	2	93	93	1.4004065832173002E-5	1	1	489	202	2	14	-TCA
F8_BC68_191109_LF_LIB_consensus_vsearch	898	G	*/-C	696	7	0.98%	2	1	93	93	0.007696145385976602	1	1	481	215	7	0	-C
F8_BC68_191109_LF_LIB_consensus_vsearch	904	C	*/-GC	691	7	0.99%	2	1	93	93	0.007695314307205932	1	1	481	210	7	0	-GC
F8_BC68_191109_LF_LIB_consensus_vsearch	905	G	*/-C	681	13	1.86%	2	2	93	93	1.1534063420715205E-4	1	1	471	210	8	5	-C
F8_BC68_191109_LF_LIB_consensus_vsearch	907	C	*/+T	483	29	4.09%	2	2	93	93	1.2387548636830318E-9	1	1	389	94	20	9	+T
F8_BC68_191109_LF_LIB_consensus_vsearch	907	C	*/-T	483	132	18.62%	2	2	93	93	6.880412644194925E-44	1	1	389	94	66	66	-T
F8_BC68_191109_LF_LIB_consensus_vsearch	907	C	*/-TT	483	36	5.08%	2	2	93	93	7.76139794910826E-12	1	1	389	94	12	24	-T
F8_BC68_191109_LF_LIB_consensus_vsearch	907	C	*/-TTT	483	15	2.12%	2	2	93	93	2.7421294323415507E-5	1	1	389	94	3	12	-T
F8_BC68_191109_LF_LIB_consensus_vsearch	923	G	*/+C	628	24	3.37%	2	1	93	93	4.804704507811245E-8	1	1	415	213	24	0	+C
F8_BC68_191109_LF_LIB_consensus_vsearch	923	G	*/-C	628	55	7.72%	2	1	93	93	8.942539027435049E-18	1	1	415	213	55	0	-C
F8_BC68_191109_LF_LIB_consensus_vsearch	926	T	*/+G	633	56	7.91%	2	2	93	93	4.329648978227299E-18	1	1	432	201	55	1	+G
F8_BC68_191109_LF_LIB_consensus_vsearch	927	A	*/-G	651	54	7.57%	2	1	93	93	1.9324808442338977E-17	1	1	436	215	54	0	-G
F8_BC68_191109_LF_LIB_consensus_vsearch	930	C	*/-T	672	20	2.81%	2	2	93	93	8.297067812230699E-7	1	1	488	184	1	19	-T
F8_BC68_191109_LF_LIB_consensus_vsearch	930	C	*/-TT	672	8	1.13%	2	2	93	93	0.0038262121871574886	1	1	488	184	2	6	-T
F8_BC68_191109_LF_LIB_consensus_vsearch	933	T	*/-G	678	15	2.11%	2	2	93	93	2.826835334515371E-5	1	1	483	195	6	9	-G
F8_BC68_191109_LF_LIB_consensus_vsearch	937	A	*/-C	684	10	1.41%	2	2	93	93	9.451978971244695E-4	1	1	478	206	5	5	-C
F8_BC68_191109_LF_LIB_consensus_vsearch	937	A	*/-CCT	684	7	0.99%	2	1	93	93	0.007694130650567804	1	1	478	206	7	0	-C
F8_BC68_191109_LF_LIB_consensus_vsearch	939	C	*/+T	673	7	0.99%	2	1	93	93	0.007692221529292311	1	1	482	191	0	7	+T
F8_BC68_191109_LF_LIB_consensus_vsearch	939	C	*/-T	673	9	1.27%	2	2	93	93	0.001901935436692325	1	1	482	191	2	7	-T
F8_BC68_191109_LF_LIB_consensus_vsearch	955	G	*/+T	689	13	1.83%	2	2	93	93	1.1541586787677064E-4	1	1	477	212	12	1	+T
F8_BC68_191109_LF_LIB_consensus_vsearch	960	T	*/+C	523	11	1.55%	2	2	93	93	4.635347125797556E-4	1	1	331	192	3	8	+C
F8_BC68_191109_LF_LIB_consensus_vsearch	960	T	*/-C	523	161	22.71%	2	2	93	93	7.726078537880515E-54	1	1	331	192	153	8	-C
F8_BC68_191109_LF_LIB_consensus_vsearch	962	C	*/+A	678	16	2.26%	2	1	93	93	1.3981319678996957E-5	1	1	470	208	16	0	+A
F8_BC68_191109_LF_LIB_consensus_vsearch	963	C	*/-GC	626	8	1.12%	2	2	93	93	0.00382043503686791	1	1	472	154	3	5	-GC
F8_BC68_191109_LF_LIB_consensus_vsearch	968	C	*/-GC	696	8	1.13%	2	2	93	93	0.0038289280527219385	1	1	484	212	6	2	-GC
F8_BC68_191109_LF_LIB_consensus_vsearch	976	C	*/-T	698	7	0.98%	2	2	93	93	0.007696474526240225	1	1	485	213	6	1	-T
F8_BC68_191109_LF_LIB_consensus_vsearch	978	G	*/+C	663	8	1.13%	2	1	93	93	0.003825143895930989	1	1	449	214	8	0	+C
F8_BC68_191109_LF_LIB_consensus_vsearch	978	G	*/-CT	663	9	1.28%	2	1	93	93	0.0019011791143256859	1	1	449	214	9	0	-CT
F8_BC68_191109_LF_LIB_consensus_vsearch	979	C	*/+T	609	20	2.88%	2	2	93	93	8.180345158282228E-7	1	1	408	201	17	3	+T
F8_BC68_191109_LF_LIB_consensus_vsearch	979	C	*/-T	609	30	4.32%	2	1	93	93	6.573096623015372E-10	1	1	408	201	30	0	-T
F8_BC68_191109_LF_LIB_consensus_vsearch	981	T	*/-A	620	58	8.29%	2	1	93	93	9.710005374485778E-19	1	1	405	215	58	0	-A
F8_BC68_191109_LF_LIB_consensus_vsearch	982	A	*/-C	579	27	4.19%	2	2	93	93	5.541081824286399E-9	1	1	370	209	24	3	-C
F8_BC68_191109_LF_LIB_consensus_vsearch	984	C	*/+A	543	40	5.7%	2	2	93	93	4.550181256550795E-13	1	1	416	127	21	19	+A
F8_BC68_191109_LF_LIB_consensus_vsearch	984	C	*/-A	543	64	9.12%	2	2	93	93	9.390470666309953E-21	1	1	416	127	26	38	-A
F8_BC68_191109_LF_LIB_consensus_vsearch	988	A	*/+T	682	12	1.68%	2	2	93	93	2.3271072238938135E-4	1	1	483	199	1	11	+T
F8_BC68_191109_LF_LIB_consensus_vsearch	992	G	*/+C	657	7	0.99%	2	1	93	93	0.007689332054127551	1	1	445	212	7	0	+C
F8_BC68_191109_LF_LIB_consensus_vsearch	992	G	*/-C	657	35	4.93%	2	1	93	93	1.8726090941473264E-11	1	1	445	212	35	0	-C
F8_BC68_191109_LF_LIB_consensus_vsearch	995	C	*/-A	677	8	1.12%	2	1	93	93	0.0038267936108249954	1	1	463	214	8	0	-A
F8_BC68_191109_LF_LIB_consensus_vsearch	995	C	*/-AC	677	24	3.37%	2	1	93	93	4.8789064881971E-8	1	1	463	214	24	0	-AC
F8_BC68_191109_LF_LIB_consensus_vsearch	997	C	*/+T	654	9	1.31%	2	2	93	93	0.00190047905916723	1	1	451	203	1	8	+T
F8_BC68_191109_LF_LIB_consensus_vsearch	997	C	*/-TT	654	13	1.9%	2	1	93	93	1.1507366676028227E-4	1	1	451	203	13	0	-TT
F8_BC68_191109_LF_LIB_consensus_vsearch	999	T	*/+G	671	13	1.87%	2	1	93	93	1.152441662388416E-4	1	1	472	199	0	13	+G
F8_BC68_191109_LF_LIB_consensus_vsearch	1003	T	*/-C	646	52	7.3%	2	2	93	93	8.279741937484874E-17	1	1	436	210	51	1	-C
F8_BC68_191109_LF_LIB_consensus_vsearch	1010	A	*/+T	578	37	5.21%	2	1	93	93	4.163957358051793E-12	1	1	383	195	37	0	+T
F8_BC68_191109_LF_LIB_consensus_vsearch	1010	A	*/+TT	578	10	1.41%	2	1	93	93	9.396067104969792E-4	1	1	383	195	10	0	+T
F8_BC68_191109_LF_LIB_consensus_vsearch	1010	A	*/-T	578	71	10%	2	2	93	93	5.587060721863796E-23	1	1	383	195	57	14	-T
F8_BC68_191109_LF_LIB_consensus_vsearch	1014	T	*/+C	629	8	1.12%	2	2	93	93	0.003820837109322582	1	1	447	182	3	5	+C
F8_BC68_191109_LF_LIB_consensus_vsearch	1014	T	*/-C	629	56	7.85%	2	2	93	93	4.299046781592484E-18	1	1	447	182	35	21	-C
F8_BC68_191109_LF_LIB_consensus_vsearch	1014	T	*/-CC	629	8	1.12%	2	1	93	93	0.003820837109322582	1	1	447	182	8	0	-C
F8_BC68_191109_LF_LIB_consensus_vsearch	1026	A	*/-CA	658	22	3.14%	2	2	93	93	2.0062534689674337E-7	1	1	472	186	1	21	-CA
F8_BC68_191109_LF_LIB_consensus_vsearch	1027	C	*/+A	618	33	4.82%	2	2	93	93	7.680018228688406E-11	1	1	431	187	32	1	+A
F8_BC68_191109_LF_LIB_consensus_vsearch	1027	C	*/-A	618	17	2.49%	2	2	93	93	6.844936381919539E-6	1	1	431	187	16	1	+A
F8_BC68_191109_LF_LIB_consensus_vsearch	1029	A	*/-G	687	7	0.99%	2	2	93	93	0.00769464084724551	1	1	478	209	6	1	-G
F8_BC68_191109_LF_LIB_consensus_vsearch	1032	T	*/+C	685	15	2.11%	2	1	93	93	2.82902313308046E-5	1	1	470	215	15	0	+C
F8_BC68_191109_LF_LIB_consensus_vsearch	1032	T	*/-C	685	8	1.12%	2	2	93	93	0.003827706520627659	1	1	470	215	7	1	+C
F8_BC68_191109_LF_LIB_consensus_vsearch	1033	C	*/-A	696	8	1.13%	2	1	93	93	0.0038289280527219385	1	1	480	216	8	0	-A
F8_BC68_191109_LF_LIB_consensus_vsearch	1041	C	*/+G	619	9	1.27%	2	1	93	93	0.0018975673441181103	1	1	467	152	9	0	+G
F8_BC68_191109_LF_LIB_consensus_vsearch	1041	C	*/-G	619	71	10.01%	2	2	93	93	6.343425938441932E-23	1	1	467	152	8	63	-G
F8_BC68_191109_LF_LIB_consensus_vsearch	1051	C	*/+AC	680	7	1%	2	1	93	93	0.007693443477408817	1	1	469	211	7	0	+AC
F8_BC68_191109_LF_LIB_consensus_vsearch	1053	C	*/-A	673	12	1.71%	2	2	93	93	2.3256292247515707E-4	1	1	477	196	2	10	-A
F8_BC68_191109_LF_LIB_consensus_vsearch	1057	T	*/+C	660	12	1.69%	2	2	93	93	2.323425584393901E-4	1	1	470	190	11	1	+C
F8_BC68_191109_LF_LIB_consensus_vsearch	1057	T	*/-C	660	21	2.96%	2	2	93	93	4.0773921541866735E-7	1	1	470	190	7	14	-C
F8_BC68_191109_LF_LIB_consensus_vsearch	1058	C	*/-G	657	19	2.76%	2	1	93	93	1.6777876722220347E-6	1	1	482	175	0	19	-G
F8_BC68_191109_LF_LIB_consensus_vsearch	1060	G	*/-A	584	126	17.7%	2	1	93	93	2.655012855307106E-41	1	1	368	216	126	0	-A
F8_BC68_191109_LF_LIB_consensus_vsearch	1062	G	*/-T	675	25	3.52%	2	2	93	93	2.3962073618542957E-8	1	1	461	214	23	2	-T
F8_BC68_191109_LF_LIB_consensus_vsearch	1067	A	*/+G	677	8	1.13%	2	1	93	93	0.0038267936108249954	1	1	463	214	8	0	+G
F8_BC68_191109_LF_LIB_consensus_vsearch	1067	A	*/-G	677	8	1.13%	2	1	93	93	0.0038267936108249954	1	1	463	214	8	0	+G
F8_BC68_191109_LF_LIB_consensus_vsearch	1067	A	*/-GA	677	9	1.27%	2	2	93	93	0.001902231834999292	1	1	463	214	7	2	-GA
F8_BC68_191109_LF_LIB_consensus_vsearch	1068	G	*/+A	669	8	1.15%	2	2	93	93	0.003825859230664742	1	1	459	210	6	2	+A
F8_BC68_191109_LF_LIB_consensus_vsearch	1072	G	*/-A	695	10	1.41%	2	2	93	93	9.456827270018123E-4	1	1	483	212	9	1	-A
F8_BC68_191109_LF_LIB_consensus_vsearch	1076	C	*/-G	691	8	1.12%	2	2	93	93	0.0038283775544042174	1	1	479	212	7	1	-G
F8_BC68_191109_LF_LIB_consensus_vsearch	1077	G	*/+A	655	17	2.41%	2	1	93	93	6.886463385159438E-6	1	1	443	212	17	0	+A
F8_BC68_191109_LF_LIB_consensus_vsearch	1077	G	*/-A	655	20	2.84%	2	2	93	93	8.267593648282868E-7	1	1	443	212	17	3	-A
F8_BC68_191109_LF_LIB_consensus_vsearch	1078	A	*/-G	667	15	2.17%	2	2	93	93	2.8233092131938518E-5	1	1	463	204	6	9	-G
F8_BC68_191109_LF_LIB_consensus_vsearch	1080	G	*/-C	673	16	2.24%	2	1	93	93	1.3972350165253509E-5	1	1	457	216	16	0	-C
F8_BC68_191109_LF_LIB_consensus_vsearch	1089	G	*/+C	647	8	1.12%	2	1	93	93	0.0038231725885201516	1	1	438	209	8	0	+C
F8_BC68_191109_LF_LIB_consensus_vsearch	1089	G	*/-C	647	40	5.62%	2	2	93	93	5.069007982188648E-13	1	1	438	209	35	5	-C
F8_BC68_191109_LF_LIB_consensus_vsearch	1089	G	*/-CC	647	8	1.12%	2	1	93	93	0.0038231725885201516	1	1	438	209	8	0	-C
F8_BC68_191109_LF_LIB_consensus_vsearch	1093	C	*/+G	604	13	1.82%	2	2	93	93	1.145189365177416E-4	1	1	464	140	4	9	+G
F8_BC68_191109_LF_LIB_consensus_vsearch	1093	C	*/-G	604	7	0.98%	2	1	93	93	0.007678683362771209	1	1	464	140	7	0	+G
F8_BC68_191109_LF_LIB_consensus_vsearch	1094	G	*/-A	680	18	2.55%	2	2	93	93	3.413943711714024E-6	1	1	465	215	16	2	-A
F8_BC68_191109_LF_LIB_consensus_vsearch	1095	A	*/-G	677	7	1.01%	2	1	93	93	0.007692922838799737	1	1	462	215	7	0	-G
F8_BC68_191109_LF_LIB_consensus_vsearch	1099	A	*/+C	560	35	4.96%	2	2	93	93	1.738946865982487E-11	1	1	353	207	32	3	+C
F8_BC68_191109_LF_LIB_consensus_vsearch	1099	A	*/-C	560	89	12.62%	2	2	93	93	6.323497496710646E-29	1	1	353	207	88	1	-C
F8_BC68_191109_LF_LIB_consensus_vsearch	1101	C	*/-T	695	12	1.69%	2	2	93	93	2.3291767090076885E-4	1	1	484	211	8	4	-T
F8_BC68_191109_LF_LIB_consensus_vsearch	1110	C	*/-G	683	7	0.99%	2	2	93	93	0.007693959601990333	1	1	474	209	3	4	-G
F8_BC68_191109_LF_LIB_consensus_vsearch	1113	T	*/+C	691	8	1.13%	2	2	93	93	0.0038283775544042174	1	1	485	206	3	5	+C
F8_BC68_191109_LF_LIB_consensus_vsearch	1118	C	*/+A	676	14	1.97%	2	1	93	93	5.7102932363953475E-5	1	1	465	211	14	0	+A
F8_BC68_191109_LF_LIB_consensus_vsearch	1128	C	*/-T	685	13	1.83%	2	2	93	93	1.1537846243535248E-4	1	1	473	212	12	1	-T
F8_BC68_191109_LF_LIB_consensus_vsearch	1133	T	*/+C	686	11	1.55%	2	2	93	93	4.69250597951495E-4	1	1	489	197	2	9	+C
F8_BC68_191109_LF_LIB_consensus_vsearch	1134	C	*/-TC	679	20	2.84%	2	2	93	93	8.308810751487971E-7	1	1	486	193	6	14	-TC
F8_BC68_191109_LF_LIB_consensus_vsearch	1136	C	*/-A	612	66	9.57%	2	1	93	93	2.5695029811463652E-21	1	1	414	198	66	0	-A
F8_BC68_191109_LF_LIB_consensus_vsearch	1139	T	*/-A	683	10	1.41%	2	2	93	93	9.451530657497562E-4	1	1	474	209	9	1	-A
F8_BC68_191109_LF_LIB_consensus_vsearch	1139	T	*/-AG	683	9	1.27%	2	2	93	93	0.0019026700524163046	1	1	474	209	6	3	-A
F8_BC68_191109_LF_LIB_consensus_vsearch	1140	A	*/+G	589	11	1.59%	2	2	93	93	4.6621787405539203E-4	1	1	428	161	3	8	+G
F8_BC68_191109_LF_LIB_consensus_vsearch	1140	A	*/-G	589	60	8.67%	2	2	93	93	2.0763006592940086E-19	1	1	428	161	20	40	-G
F8_BC68_191109_LF_LIB_consensus_vsearch	1142	G	*/-A	691	8	1.12%	2	1	93	93	0.0038283775544042174	1	1	485	206	8	0	-A
F8_BC68_191109_LF_LIB_consensus_vsearch	1143	A	*/+C	686	9	1.28%	2	1	93	93	0.001902886343431154	1	1	472	214	9	0	+C
F8_BC68_191109_LF_LIB_consensus_vsearch	1145	C	*/+A	656	8	1.12%	2	1	93	93	0.0038242930806613286	1	1	444	212	8	0	+A
F8_BC68_191109_LF_LIB_consensus_vsearch	1145	C	*/+AC	656	22	3.09%	2	1	93	93	2.0052157865230884E-7	1	1	444	212	22	0	+AC
F8_BC68_191109_LF_LIB_consensus_vsearch	1145	C	*/-GC	656	12	1.69%	2	1	93	93	2.3227305687118882E-4	1	1	444	212	12	0	+AC
F8_BC68_191109_LF_LIB_consensus_vsearch	1150	C	*/+T	676	7	0.99%	2	2	93	93	0.007692748279243189	1	1	472	204	2	5	+T
F8_BC68_191109_LF_LIB_consensus_vsearch	1153	T	*/+C	640	9	1.27%	2	2	93	93	0.0018993517791017233	1	1	428	212	7	2	+C
F8_BC68_191109_LF_LIB_consensus_vsearch	1153	T	*/-C	640	57	8.02%	2	1	93	93	2.1033186408766506E-18	1	1	428	212	57	0	-C
F8_BC68_191109_LF_LIB_consensus_vsearch	1156	T	*/+G	688	9	1.27%	2	2	93	93	0.0019030295102081	1	1	484	204	1	8	+G
F8_BC68_191109_LF_LIB_consensus_vsearch	1157	G	*/-A	655	32	4.53%	2	2	93	93	1.6090554678884626E-10	1	1	440	215	30	2	-A
F8_BC68_191109_LF_LIB_consensus_vsearch	1157	G	*/-AG	655	14	1.98%	2	1	93	93	5.698247019721081E-5	1	1	440	215	14	0	-A
F8_BC68_191109_LF_LIB_consensus_vsearch	1158	A	*/+G	407	33	4.96%	2	2	93	93	6.242730591665786E-11	1	1	220	187	29	4	+G
F8_BC68_191109_LF_LIB_consensus_vsearch	1158	A	*/-G	407	150	22.56%	2	2	93	93	6.212761318287129E-51	1	1	220	187	128	22	-G
F8_BC68_191109_LF_LIB_consensus_vsearch	1158	A	*/-GG	407	20	3.01%	2	1	93	93	7.594696420327181E-7	1	1	220	187	20	0	-G
F8_BC68_191109_LF_LIB_consensus_vsearch	1158	A	*/-GGGA	407	38	5.71%	2	1	93	93	1.594450255287653E-12	1	1	220	187	38	0	-GGGA
F8_BC68_191109_LF_LIB_consensus_vsearch	1161	G	*/-A	655	7	1.04%	2	2	93	93	0.007688961079086654	1	1	446	209	3	4	-A
F8_BC68_191109_LF_LIB_consensus_vsearch	1165	C	*/-T	658	31	4.36%	2	2	93	93	3.2975356886390946E-10	1	1	473	185	12	19	-T
F8_BC68_191109_LF_LIB_consensus_vsearch	1165	C	*/-TT	658	13	1.83%	2	2	93	93	1.1511454585396973E-4	1	1	473	185	9	4	-T
F8_BC68_191109_LF_LIB_consensus_vsearch	1167	T	*/+C	620	40	5.72%	2	2	93	93	4.945536227643735E-13	1	1	427	193	39	1	+C
F8_BC68_191109_LF_LIB_consensus_vsearch	1167	T	*/+CC	620	9	1.29%	2	1	93	93	0.0018976549983159713	1	1	427	193	9	0	+C
F8_BC68_191109_LF_LIB_consensus_vsearch	1167	T	*/-C	620	19	2.72%	2	2	93	93	1.6651931254180407E-6	1	1	427	193	7	12	-C
F8_BC68_191109_LF_LIB_consensus_vsearch	1168	C	*/-G	600	75	10.9%	2	2	93	93	3.0016074074400528E-24	1	1	475	125	3	72	-G
F8_BC68_191109_LF_LIB_consensus_vsearch	1171	A	*/+G	506	11	1.56%	2	1	93	93	4.6273450568771844E-4	1	1	337	169	11	0	+G
F8_BC68_191109_LF_LIB_consensus_vsearch	1171	A	*/-G	506	166	23.48%	2	2	93	93	9.23620324903716E-56	1	1	337	169	122	44	-G
F8_BC68_191109_LF_LIB_consensus_vsearch	1171	A	*/-GG	506	17	2.4%	2	1	93	93	6.685225258218731E-6	1	1	337	169	17	0	-G
F8_BC68_191109_LF_LIB_consensus_vsearch	1172	G	*/+AG	490	20	3.8%	2	1	93	93	7.887151338714244E-7	1	1	324	166	20	0	+AG
F8_BC68_191109_LF_LIB_consensus_vsearch	1174	G	*/-A	688	12	1.69%	2	2	93	93	2.328071772860128E-4	1	1	482	206	10	2	-A
F8_BC68_191109_LF_LIB_consensus_vsearch	1185	T	*/+G	661	36	5.07%	2	2	93	93	9.151548641829408E-12	1	1	453	208	35	1	+G
F8_BC68_191109_LF_LIB_consensus_vsearch	1186	A	*/-G	660	36	5.09%	2	1	93	93	9.145291362848066E-12	1	1	452	208	36	0	-G
F8_BC68_191109_LF_LIB_consensus_vsearch	1193	T	*/+C	700	7	0.98%	2	2	93	93	0.00769680180962235	1	1	487	213	6	1	+C
F8_BC68_191109_LF_LIB_consensus_vsearch	1198	A	*/+G	633	15	2.13%	2	2	93	93	2.8116761230133185E-5	1	1	436	197	1	14	+G
F8_BC68_191109_LF_LIB_consensus_vsearch	1198	A	*/-G	633	7	0.99%	2	2	93	93	0.00768472781148268	1	1	436	197	4	3	+G
F8_BC68_191109_LF_LIB_consensus_vsearch	1200	G	*/+T	676	22	3.1%	2	1	93	93	2.0153436714940313E-7	1	1	487	189	0	22	+T
F8_BC68_191109_LF_LIB_consensus_vsearch	1201	T	*/-CTT	681	14	1.98%	2	1	93	93	5.7130566115596164E-5	1	1	489	192	0	14	-CTT
F8_BC68_191109_LF_LIB_consensus_vsearch	1202	C	*/+T	612	19	2.75%	2	2	93	93	1.6622863958217584E-6	1	1	479	133	4	15	+T
F8_BC68_191109_LF_LIB_consensus_vsearch	1202	C	*/-T	612	42	6.07%	2	2	93	93	1.1519737185292467E-13	1	1	479	133	2	40	-T
F8_BC68_191109_LF_LIB_consensus_vsearch	1202	C	*/-TT	612	11	1.59%	2	2	93	93	4.670212007059329E-4	1	1	479	133	7	4	-T
F8_BC68_191109_LF_LIB_consensus_vsearch	1206	C	*/+T	678	8	1.13%	2	2	93	93	0.0038269088833870367	1	1	475	203	1	7	+T
F8_BC68_191109_LF_LIB_consensus_vsearch	1207	G	*/+C	522	21	3%	2	2	93	93	3.915340037637537E-7	1	1	325	197	16	5	+C
F8_BC68_191109_LF_LIB_consensus_vsearch	1207	G	*/-C	522	130	18.6%	2	2	93	93	5.744728289899918E-43	1	1	325	197	118	12	-C
F8_BC68_191109_LF_LIB_consensus_vsearch	1207	G	*/-CC	522	7	1%	2	1	93	93	0.007658019686838506	1	1	325	197	7	0	-C
F8_BC68_191109_LF_LIB_consensus_vsearch	1207	G	*/-CCC	522	11	1.57%	2	1	93	93	4.6348903153335794E-4	1	1	325	197	11	0	-CCC
F8_BC68_191109_LF_LIB_consensus_vsearch	1210	C	*/+T	679	7	1.01%	2	2	93	93	0.007693270435678032	1	1	472	207	1	6	+T
F8_BC68_191109_LF_LIB_consensus_vsearch	1211	C	*/-T	689	12	1.69%	2	2	93	93	2.3282309508343565E-4	1	1	484	205	2	10	-T
F8_BC68_191109_LF_LIB_consensus_vsearch	1214	T	*/-A	669	11	1.56%	2	1	93	93	4.687808233562141E-4	1	1	458	211	11	0	-A
F8_BC68_191109_LF_LIB_consensus_vsearch	1214	T	*/-AC	669	18	2.55%	2	1	93	93	3.407803428383612E-6	1	1	458	211	18	0	-AC
F8_BC68_191109_LF_LIB_consensus_vsearch	1215	A	*/-C	617	29	4.29%	2	2	93	93	1.3507240280395896E-9	1	1	414	203	19	10	-C
F8_BC68_191109_LF_LIB_consensus_vsearch	1216	C	*/+T	648	8	1.21%	2	2	93	93	0.0038232985982926083	1	1	446	202	4	4	+T
F8_BC68_191109_LF_LIB_consensus_vsearch	1226	G	*/-CG	687	15	2.11%	2	2	93	93	2.829640426446843E-5	1	1	489	198	2	13	-CG
F8_BC68_191109_LF_LIB_consensus_vsearch	1232	G	*/-A	656	36	5.11%	2	1	93	93	9.120119902553745E-12	1	1	444	212	36	0	-A
F8_BC68_191109_LF_LIB_consensus_vsearch	1232	G	*/-AT	656	10	1.42%	2	1	93	93	9.438922336612554E-4	1	1	444	212	10	0	-A
F8_BC68_191109_LF_LIB_consensus_vsearch	1233	A	*/-T	619	34	5.11%	2	2	93	93	3.745355670434929E-11	1	1	418	201	26	8	-T
F8_BC68_191109_LF_LIB_consensus_vsearch	1236	T	*/-GC	680	10	1.4%	2	1	93	93	9.450177994018546E-4	1	1	479	201	10	0	-GC
F8_BC68_191109_LF_LIB_consensus_vsearch	1238	C	*/-AC	612	78	11.11%	2	1	93	93	3.29438355687644E-25	1	1	405	207	78	0	-AC
F8_BC68_191109_LF_LIB_consensus_vsearch	1242	T	*/+C	679	27	3.79%	2	1	93	93	5.783091530571353E-9	1	1	464	215	27	0	+C
F8_BC68_191109_LF_LIB_consensus_vsearch	1243	C	*/+A	685	18	2.53%	2	1	93	93	3.4166739671643E-6	1	1	469	216	18	0	+A
F8_BC68_191109_LF_LIB_consensus_vsearch	1244	A	*/+G	677	7	0.99%	2	2	93	93	0.007692922838799737	1	1	468	209	1	6	+G
F8_BC68_191109_LF_LIB_consensus_vsearch	1244	A	*/-G	677	17	2.4%	2	1	93	93	6.90913610959003E-6	1	1	468	209	17	0	-G
F8_BC68_191109_LF_LIB_consensus_vsearch	1249	C	*/-G	677	15	2.12%	2	1	93	93	2.8265192801604615E-5	1	1	470	207	15	0	-G
F8_BC68_191109_LF_LIB_consensus_vsearch	1251	C	*/+GC	660	8	1.13%	2	2	93	93	0.0038247814334864054	1	1	461	199	7	1	+GC
F8_BC68_191109_LF_LIB_consensus_vsearch	1251	C	*/-TA	660	12	1.7%	2	2	93	93	2.323425584393901E-4	1	1	461	199	1	11	-TA
F8_BC68_191109_LF_LIB_consensus_vsearch	1254	C	*/+G	680	10	1.42%	2	2	93	93	9.450177994018546E-4	1	1	469	211	9	1	+G
F8_BC68_191109_LF_LIB_consensus_vsearch	1255	A	*/-G	670	12	1.7%	2	2	93	93	2.325128029022739E-4	1	1	460	210	10	2	-G
F8_BC68_191109_LF_LIB_consensus_vsearch	1257	G	*/-C	690	9	1.26%	2	2	93	93	0.0019031718633756593	1	1	482	208	4	5	-C
F8_BC68_191109_LF_LIB_consensus_vsearch	1260	T	*/+C	680	9	1.27%	2	1	93	93	0.0019024518910627653	1	1	473	207	9	0	+C
F8_BC68_191109_LF_LIB_consensus_vsearch	1260	T	*/-C	680	8	1.13%	2	2	93	93	0.0038271384280311226	1	1	473	207	5	3	+C
F8_BC68_191109_LF_LIB_consensus_vsearch	1269	G	*/-T	687	7	0.99%	2	1	93	93	0.00769464084724551	1	1	473	214	7	0	-T
F8_BC68_191109_LF_LIB_consensus_vsearch	1272	T	*/+C	677	12	1.68%	2	2	93	93	2.3262908044286573E-4	1	1	470	207	10	2	+C
F8_BC68_191109_LF_LIB_consensus_vsearch	1272	T	*/-C	677	18	2.52%	2	2	93	93	3.412287524236182E-6	1	1	470	207	11	7	-C
F8_BC68_191109_LF_LIB_consensus_vsearch	1280	C	*/-T	689	9	1.27%	2	1	93	93	0.0019031007880593255	1	1	474	215	9	0	-T
F8_BC68_191109_LF_LIB_consensus_vsearch	1280	C	*/-TT	689	9	1.27%	2	1	93	93	0.0019031007880593255	1	1	474	215	9	0	-T
F8_BC68_191109_LF_LIB_consensus_vsearch	1282	T	*/+C	674	9	1.28%	2	2	93	93	0.0019020098594393618	1	1	459	215	7	2	+C
F8_BC68_191109_LF_LIB_consensus_vsearch	1282	T	*/-C	674	7	1%	2	1	93	93	0.007692397626735055	1	1	459	215	7	0	+C
F8_BC68_191109_LF_LIB_consensus_vsearch	1283	C	*/-AC	678	7	1%	2	1	93	93	0.007693096890205231	1	1	463	215	7	0	-AC
F8_BC68_191109_LF_LIB_consensus_vsearch	1284	A	*/-C	663	15	2.16%	2	2	93	93	2.821999433004045E-5	1	1	455	208	7	8	-C
F8_BC68_191109_LF_LIB_consensus_vsearch	1285	C	*/+T	649	15	2.21%	2	2	93	93	2.8172945707034592E-5	1	1	458	191	1	14	+T
F8_BC68_191109_LF_LIB_consensus_vsearch	1286	C	*/+T	575	41	5.84%	2	2	93	93	2.2846919984957E-13	1	1	456	119	1	40	+T
F8_BC68_191109_LF_LIB_consensus_vsearch	1286	C	*/-T	575	65	9.26%	2	2	93	93	4.8924177487037945E-21	1	1	456	119	16	49	-T
F8_BC68_191109_LF_LIB_consensus_vsearch	1286	C	*/-TT	575	7	1%	2	1	93	93	0.007672038647635164	1	1	456	119	7	0	-T
F8_BC68_191109_LF_LIB_consensus_vsearch	1288	T	*/-A	623	12	1.71%	2	2	93	93	2.3166683558848133E-4	1	1	417	206	11	1	-A
F8_BC68_191109_LF_LIB_consensus_vsearch	1288	T	*/-AC	623	48	6.85%	2	2	93	93	1.4860733745170553E-15	1	1	417	206	47	1	-AC
F8_BC68_191109_LF_LIB_consensus_vsearch	1289	A	*/-C	563	51	7.87%	2	2	93	93	1.503387320507551E-16	1	1	355	208	47	4	-C
F8_BC68_191109_LF_LIB_consensus_vsearch	1289	A	*/-CC	563	15	2.31%	2	1	93	93	2.7835610801038993E-5	1	1	355	208	15	0	-C
F8_BC68_191109_LF_LIB_consensus_vsearch	1290	C	*/+T	571	8	1.35%	2	1	93	93	0.0038123295121620672	1	1	369	202	0	8	+T
F8_BC68_191109_LF_LIB_consensus_vsearch	1292	C	*/-G	692	9	1.26%	2	1	93	93	0.0019033134098504238	1	1	492	200	0	9	-G
F8_BC68_191109_LF_LIB_consensus_vsearch	1309	C	*/-T	676	28	3.93%	2	2	93	93	2.832933863829305E-9	1	1	487	189	4	24	-T
F8_BC68_191109_LF_LIB_consensus_vsearch	1312	T	*/+C	676	27	3.79%	2	1	93	93	5.7767216614563555E-9	1	1	463	213	27	0	+C
F8_BC68_191109_LF_LIB_consensus_vsearch	1313	C	*/-G	681	13	1.83%	2	2	93	93	1.1534063420715205E-4	1	1	483	198	5	8	-G
F8_BC68_191109_LF_LIB_consensus_vsearch	1323	C	*/+A	662	22	3.09%	2	2	93	93	2.0083119232473455E-7	1	1	466	196	21	1	+A
F8_BC68_191109_LF_LIB_consensus_vsearch	1326	A	*/-CA	674	13	1.84%	2	1	93	93	1.1527339570506947E-4	1	1	464	210	13	0	-CA
F8_BC68_191109_LF_LIB_consensus_vsearch	1332	T	*/-CT	691	7	0.99%	2	1	93	93	0.007695314307205932	1	1	481	210	7	0	-CT
F8_BC68_191109_LF_LIB_consensus_vsearch	1333	C	*/+T	673	25	3.54%	2	1	93	93	2.3946833793029653E-8	1	1	486	187	0	25	+T
F8_BC68_191109_LF_LIB_consensus_vsearch	1333	C	*/-T	673	7	0.99%	2	2	93	93	0.007692221529292311	1	1	486	187	3	4	+T
F8_BC68_191109_LF_LIB_consensus_vsearch	1335	A	*/-C	684	12	1.69%	2	2	93	93	2.3274305589242978E-4	1	1	485	199	2	10	-C
F8_BC68_191109_LF_LIB_consensus_vsearch	1337	C	*/-T	685	14	1.97%	2	2	93	93	5.715239513620629E-5	1	1	488	197	1	13	-T
F8_BC68_191109_LF_LIB_consensus_vsearch	1343	C	*/-A	681	7	0.99%	2	2	93	93	0.007693616017588559	1	1	479	202	2	5	-A
F8_BC68_191109_LF_LIB_consensus_vsearch	1348	C	*/-G	660	37	5.23%	2	2	93	93	4.454472497968208E-12	1	1	480	180	8	29	-G
F8_BC68_191109_LF_LIB_consensus_vsearch	1354	C	*/-G	639	54	7.64%	2	2	93	93	1.8960809313403315E-17	1	1	456	183	27	27	-G
F8_BC68_191109_LF_LIB_consensus_vsearch	1355	G	*/+A	633	7	1.08%	2	1	93	93	0.00768472781148268	1	1	448	185	7	0	+A
F8_BC68_191109_LF_LIB_consensus_vsearch	1358	T	*/-G	695	9	1.26%	2	1	93	93	0.0019035242319234804	1	1	491	204	0	9	-G
F8_BC68_191109_LF_LIB_consensus_vsearch	1359	G	*/+T	669	26	3.71%	2	1	93	93	1.1742829855339043E-8	1	1	491	178	0	26	+T
F8_BC68_191109_LF_LIB_consensus_vsearch	1361	C	*/-T	652	43	6.13%	2	2	93	93	5.816051689562142E-14	1	1	476	176	7	36	-T
F8_BC68_191109_LF_LIB_consensus_vsearch	1362	T	*/-GCC	632	10	1.51%	2	2	93	93	9.426833798087301E-4	1	1	465	167	9	1	-GCC
F8_BC68_191109_LF_LIB_consensus_vsearch	1365	C	*/-A	658	18	2.57%	2	2	93	93	3.40147227163991E-6	1	1	451	207	17	1	-A
F8_BC68_191109_LF_LIB_consensus_vsearch	1366	A	*/-CA	642	14	2.06%	2	2	93	93	5.69041297259133E-5	1	1	450	192	2	12	-CA
F8_BC68_191109_LF_LIB_consensus_vsearch	1367	C	*/+A	548	27	3.97%	2	2	93	93	5.451258522341729E-9	1	1	362	186	25	2	+A
F8_BC68_191109_LF_LIB_consensus_vsearch	1367	C	*/-A	548	76	11.18%	2	2	93	93	1.1623814139247646E-24	1	1	362	186	73	3	-A
F8_BC68_191109_LF_LIB_consensus_vsearch	1369	A	*/-G	666	8	1.13%	2	2	93	93	0.003825503147506549	1	1	463	203	3	5	-G
F8_BC68_191109_LF_LIB_consensus_vsearch	1370	G	*/+C	682	15	2.13%	2	1	93	93	2.8280907359597763E-5	1	1	491	191	0	15	+C
F8_BC68_191109_LF_LIB_consensus_vsearch	1374	A	*/+T	686	8	1.13%	2	1	93	93	0.003827819161525346	1	1	475	211	8	0	+T
F8_BC68_191109_LF_LIB_consensus_vsearch	1376	T	*/+C	603	27	3.81%	2	2	93	93	5.6053078662295674E-9	1	1	433	170	16	11	+C
F8_BC68_191109_LF_LIB_consensus_vsearch	1376	T	*/-C	603	71	10.01%	2	2	93	93	6.048520125695186E-23	1	1	433	170	42	29	-C
F8_BC68_191109_LF_LIB_consensus_vsearch	1387	G	*/-CG	684	13	1.84%	2	2	93	93	1.1536904529305717E-4	1	1	477	207	9	4	-CG
F8_BC68_191109_LF_LIB_consensus_vsearch	1388	C	*/-GT	668	17	2.43%	2	2	93	93	6.900030136008669E-6	1	1	477	191	1	16	-GT
F8_BC68_191109_LF_LIB_consensus_vsearch	1391	T	*/+C	683	7	0.98%	2	1	93	93	0.007693959601990333	1	1	491	192	0	7	+C
F8_BC68_191109_LF_LIB_consensus_vsearch	1392	C	*/-G	676	9	1.27%	2	1	93	93	0.0019021580576563692	1	1	477	199	9	0	-G
F8_BC68_191109_LF_LIB_consensus_vsearch	1394	C	*/-TAC	677	7	0.99%	2	2	93	93	0.007692922838799737	1	1	468	209	6	1	-TAC
F8_BC68_191109_LF_LIB_consensus_vsearch	1401	T	*/-C	550	142	20.11%	2	1	93	93	5.58425692502017E-47	1	1	342	208	142	0	-C
F8_BC68_191109_LF_LIB_consensus_vsearch	1402	C	*/+G	546	11	1.95%	2	1	93	93	4.6454081261780003E-4	1	1	339	207	11	0	+G
F8_BC68_191109_LF_LIB_consensus_vsearch	1403	C	*/-A	683	8	1.12%	2	1	93	93	0.003827480265442575	1	1	468	215	8	0	-A
F8_BC68_191109_LF_LIB_consensus_vsearch	1404	A	*/-G	591	23	3.27%	2	2	93	93	9.664042352329673E-8	1	1	379	212	22	1	-G
F8_BC68_191109_LF_LIB_consensus_vsearch	1405	G	*/+A	669	20	2.9%	2	1	93	93	8.291966204064356E-7	1	1	453	216	20	0	+A
F8_BC68_191109_LF_LIB_consensus_vsearch	1406	G	*/+T	638	37	5.2%	2	1	93	93	4.3818367754839685E-12	1	1	425	213	37	0	+T
F8_BC68_191109_LF_LIB_consensus_vsearch	1406	G	*/-T	638	23	3.23%	2	2	93	93	9.811897014448395E-8	1	1	425	213	21	2	+T
F8_BC68_191109_LF_LIB_consensus_vsearch	1410	C	*/-A	667	27	3.79%	2	2	93	93	5.757318507492962E-9	1	1	463	204	17	10	-A
F8_BC68_191109_LF_LIB_consensus_vsearch	1413	A	*/-TC	683	16	2.25%	2	1	93	93	1.399016506018352E-5	1	1	486	197	0	16	-TC
F8_BC68_191109_LF_LIB_consensus_vsearch	1414	T	*/+C	550	7	1.01%	2	2	93	93	0.007665757133253386	1	1	381	169	5	2	+C
F8_BC68_191109_LF_LIB_consensus_vsearch	1414	T	*/-C	550	130	18.71%	2	2	93	93	7.965252567444482E-43	1	1	381	169	105	25	-C
F8_BC68_191109_LF_LIB_consensus_vsearch	1417	C	*/-T	683	15	2.1%	2	2	93	93	2.8284024007331092E-5	1	1	487	196	1	14	-T
F8_BC68_191109_LF_LIB_consensus_vsearch	1419	T	*/-C	686	12	1.69%	2	2	93	93	2.327752070121532E-4	1	1	482	204	3	9	-C
F8_BC68_191109_LF_LIB_consensus_vsearch	1424	T	*/-C	692	11	1.54%	2	1	93	93	4.694110429594632E-4	1	1	489	203	0	11	-C
F8_BC68_191109_LF_LIB_consensus_vsearch	1425	C	*/-GC	681	7	1%	2	1	93	93	0.007693616017588559	1	1	481	200	7	0	-GC
F8_BC68_191109_LF_LIB_consensus_vsearch	1431	C	*/+A	609	43	6.11%	2	2	93	93	5.556190383330602E-14	1	1	396	213	42	1	+A
F8_BC68_191109_LF_LIB_consensus_vsearch	1431	C	*/-A	609	43	6.11%	2	1	93	93	5.556190383330602E-14	1	1	396	213	43	0	+A
F8_BC68_191109_LF_LIB_consensus_vsearch	1433	A	*/-G	684	13	1.84%	2	2	93	93	1.1536904529305717E-4	1	1	476	208	10	3	-G
F8_BC68_191109_LF_LIB_consensus_vsearch	1434	G	*/+A	688	7	1%	2	1	93	93	0.007694809936862327	1	1	474	214	7	0	+A
F8_BC68_191109_LF_LIB_consensus_vsearch	1438	C	*/-A	684	16	2.25%	2	1	93	93	1.3991919466867768E-5	1	1	472	212	16	0	-A
F8_BC68_191109_LF_LIB_consensus_vsearch	1440	C	*/-T	678	9	1.27%	2	1	93	93	0.0019023053990612246	1	1	488	190	0	9	-T
F8_BC68_191109_LF_LIB_consensus_vsearch	1440	C	*/-TC	678	7	0.99%	2	1	93	93	0.007693096890205231	1	1	488	190	0	7	-T
F8_BC68_191109_LF_LIB_consensus_vsearch	1441	T	*/-C	642	29	4.16%	2	2	93	93	1.3673513736739472E-9	1	1	473	169	14	15	-C
F8_BC68_191109_LF_LIB_consensus_vsearch	1441	T	*/-CCT	642	10	1.43%	2	1	93	93	9.431977746219286E-4	1	1	473	169	0	10	-C
F8_BC68_191109_LF_LIB_consensus_vsearch	1443	C	*/-T	648	20	2.86%	2	2	93	93	8.255046582017623E-7	1	1	472	176	3	17	-T
F8_BC68_191109_LF_LIB_consensus_vsearch	1445	T	*/-G	679	8	1.13%	2	1	93	93	0.0038270238219715778	1	1	476	203	0	8	-G
F8_BC68_191109_LF_LIB_consensus_vsearch	1448	T	*/-C	688	15	2.11%	2	2	93	93	2.829947792420914E-5	1	1	475	213	14	1	-C
F8_BC68_191109_LF_LIB_consensus_vsearch	1453	G	*/+T	669	13	1.83%	2	1	93	93	1.1522453989954195E-4	1	1	458	211	13	0	+T
F8_BC68_191109_LF_LIB_consensus_vsearch	1453	G	*/-T	669	20	2.82%	2	2	93	93	8.291966204064356E-7	1	1	458	211	18	2	-T
F8_BC68_191109_LF_LIB_consensus_vsearch	1456	T	*/+C	686	15	2.1%	2	2	93	93	2.8293322078510216E-5	1	1	474	212	14	1	+C
F8_BC68_191109_LF_LIB_consensus_vsearch	1457	C	*/-A	688	15	2.11%	2	2	93	93	2.829947792420914E-5	1	1	477	211	14	1	-A
F8_BC68_191109_LF_LIB_consensus_vsearch	1462	C	*/+G	675	8	1.12%	2	2	93	93	0.003826562057959725	1	1	493	182	1	7	+G
F8_BC68_191109_LF_LIB_consensus_vsearch	1462	C	*/-G	675	25	3.51%	2	2	93	93	2.3962073618542957E-8	1	1	493	182	2	23	-G
F8_BC68_191109_LF_LIB_consensus_vsearch	1466	C	*/-G	677	16	2.25%	2	2	93	93	1.3979535789920161E-5	1	1	473	204	10	6	-G
F8_BC68_191109_LF_LIB_consensus_vsearch	1466	C	*/-GGC	677	10	1.41%	2	2	93	93	9.448813630496414E-4	1	1	473	204	8	2	-G
F8_BC68_191109_LF_LIB_consensus_vsearch	1469	C	*/-T	680	7	1.01%	2	2	93	93	0.007693443477408817	1	1	471	209	4	3	-T
F8_BC68_191109_LF_LIB_consensus_vsearch	1477	C	*/+A	686	11	1.55%	2	2	93	93	4.69250597951495E-4	1	1	472	214	9	2	+A
F8_BC68_191109_LF_LIB_consensus_vsearch	1479	C	*/-A	656	16	2.27%	2	2	93	93	1.3940889291913346E-5	1	1	454	202	13	3	-A
F8_BC68_191109_LF_LIB_consensus_vsearch	1483	A	*/-C	655	42	5.91%	2	2	93	93	1.2028886893481945E-13	1	1	444	211	39	3	-C
F8_BC68_191109_LF_LIB_consensus_vsearch	1485	C	*/+A	695	7	0.99%	2	1	93	93	0.007695980114598385	1	1	481	214	7	0	+A
F8_BC68_191109_LF_LIB_consensus_vsearch	1492	C	*/-A	693	9	1.27%	2	2	93	93	0.0019033838827015696	1	1	481	212	7	2	-A
F8_BC68_191109_LF_LIB_consensus_vsearch	1493	A	*/+C	672	16	2.29%	2	1	93	93	1.3970541136495358E-5	1	1	462	210	16	0	+C
F8_BC68_191109_LF_LIB_consensus_vsearch	1494	C	*/-A	672	25	3.52%	2	1	93	93	2.3939184147216112E-8	1	1	462	210	25	0	-A
F8_BC68_191109_LF_LIB_consensus_vsearch	1495	A	*/-CA	630	30	4.37%	2	2	93	93	6.648076452996836E-10	1	1	420	210	28	2	-CA
F8_BC68_191109_LF_LIB_consensus_vsearch	1496	C	*/+A	623	17	2.52%	2	1	93	93	6.850817126571179E-6	1	1	417	206	17	0	+A
F8_BC68_191109_LF_LIB_consensus_vsearch	1496	C	*/+T	623	8	1.19%	2	1	93	93	0.0038200291612249474	1	1	417	206	8	0	+A
F8_BC68_191109_LF_LIB_consensus_vsearch	1496	C	*/-A	623	8	1.19%	2	1	93	93	0.0038200291612249474	1	1	417	206	8	0	+A
F8_BC68_191109_LF_LIB_consensus_vsearch	1497	A	*/+CA	627	11	1.65%	2	2	93	93	4.675143289757741E-4	1	1	417	210	10	1	+CA
F8_BC68_191109_LF_LIB_consensus_vsearch	1498	A	*/-G	671	15	2.12%	2	1	93	93	2.824604152153984E-5	1	1	461	210	15	0	-G
F8_BC68_191109_LF_LIB_consensus_vsearch	1504	C	*/-A	683	8	1.13%	2	2	93	93	0.003827480265442575	1	1	475	208	5	3	-A
F8_BC68_191109_LF_LIB_consensus_vsearch	1505	A	*/+G	653	8	1.15%	2	1	93	93	0.0038239229566628804	1	1	455	198	0	8	+G
F8_BC68_191109_LF_LIB_consensus_vsearch	1508	A	*/-G	691	8	1.13%	2	2	93	93	0.0038283775544042174	1	1	483	208	1	7	-G
F8_BC68_191109_LF_LIB_consensus_vsearch	1512	T	*/+C	683	18	2.52%	2	2	93	93	3.415586336673205E-6	1	1	474	209	17	1	+C
F8_BC68_191109_LF_LIB_consensus_vsearch	1516	C	*/-A	694	8	1.13%	2	2	93	93	0.003828708790007478	1	1	485	209	5	3	-A
F8_BC68_191109_LF_LIB_consensus_vsearch	1520	C	*/+A	686	7	0.98%	2	2	93	93	0.007694471271058793	1	1	476	210	6	1	+A
F8_BC68_191109_LF_LIB_consensus_vsearch	1522	C	*/+G	635	37	5.27%	2	1	93	93	4.3716491532085106E-12	1	1	434	201	37	0	+G
F8_BC68_191109_LF_LIB_consensus_vsearch	1522	C	*/-A	635	11	1.57%	2	2	93	93	4.677680925038414E-4	1	1	434	201	9	2	+G
F8_BC68_191109_LF_LIB_consensus_vsearch	1523	A	*/-G	612	45	6.47%	2	2	93	93	1.3028757785087789E-14	1	1	414	198	44	1	-G
F8_BC68_191109_LF_LIB_consensus_vsearch	1525	G	*/+C	639	18	2.54%	2	1	93	93	3.390060329954583E-6	1	1	431	208	18	0	+C
F8_BC68_191109_LF_LIB_consensus_vsearch	1525	G	*/-C	639	17	2.39%	2	2	93	93	6.8690574278252945E-6	1	1	431	208	15	2	+C
F8_BC68_191109_LF_LIB_consensus_vsearch	1526	C	*/-T	620	18	2.6%	2	2	93	93	3.3780009867505704E-6	1	1	423	197	17	1	-T
F8_BC68_191109_LF_LIB_consensus_vsearch	1527	T	*/+C	627	17	2.47%	2	1	93	93	6.855458679460618E-6	1	1	432	195	17	0	+C
F8_BC68_191109_LF_LIB_consensus_vsearch	1527	T	*/+GG	627	9	1.31%	2	1	93	93	0.0018982609183489257	1	1	432	195	0	9	+C
F8_BC68_191109_LF_LIB_consensus_vsearch	1528	A	*/+G	467	8	1.15%	2	2	93	93	0.0037919079446709545	1	1	280	187	2	6	+G
F8_BC68_191109_LF_LIB_consensus_vsearch	1529	C	*/-A	668	10	1.44%	2	2	93	93	9.444648801915616E-4	1	1	462	206	9	1	-A
F8_BC68_191109_LF_LIB_consensus_vsearch	1532	C	*/-A	675	13	1.84%	2	1	93	93	1.1528308332773016E-4	1	1	462	213	13	0	-A
F8_BC68_191109_LF_LIB_consensus_vsearch	1536	G	*/-C	674	28	3.93%	2	2	93	93	2.830680200550398E-9	1	1	458	216	27	1	-C
F8_BC68_191109_LF_LIB_consensus_vsearch	1539	C	*/+A	568	25	3.52%	2	2	93	93	2.301809219374687E-8	1	1	360	208	23	2	+A
F8_BC68_191109_LF_LIB_consensus_vsearch	1539	C	*/+AA	568	17	2.39%	2	1	93	93	6.780849953574307E-6	1	1	360	208	17	0	+A
F8_BC68_191109_LF_LIB_consensus_vsearch	1539	C	*/-A	568	65	9.14%	2	2	93	93	4.795695475811236E-21	1	1	360	208	63	2	-A
F8_BC68_191109_LF_LIB_consensus_vsearch	1539	C	*/-AA	568	7	0.98%	2	2	93	93	0.007670334687803565	1	1	360	208	4	3	-A
F8_BC68_191109_LF_LIB_consensus_vsearch	1542	A	*/-G	693	13	1.83%	2	2	93	93	1.1545285757734665E-4	1	1	485	208	7	6	-G
F8_BC68_191109_LF_LIB_consensus_vsearch	1547	G	*/-C	685	11	1.56%	2	2	93	93	4.692235915156968E-4	1	1	474	211	10	1	-C
F8_BC68_191109_LF_LIB_consensus_vsearch	1549	C	*/+A	626	18	2.54%	2	1	93	93	3.381882448475114E-6	1	1	424	202	18	0	+A
F8_BC68_191109_LF_LIB_consensus_vsearch	1549	C	*/+G	626	8	1.13%	2	2	93	93	0.00382043503686791	1	1	424	202	3	5	+A
F8_BC68_191109_LF_LIB_consensus_vsearch	1549	C	*/-G	626	45	6.35%	2	1	93	93	1.3250005512009979E-14	1	1	424	202	45	0	-G
F8_BC68_191109_LF_LIB_consensus_vsearch	1550	G	*/-A	631	29	4.37%	2	2	93	93	1.3601690492563462E-9	1	1	420	211	26	3	-A
F8_BC68_191109_LF_LIB_consensus_vsearch	1552	A	*/+GA	682	7	0.98%	2	1	93	93	0.007693788058408534	1	1	469	213	7	0	+GA
F8_BC68_191109_LF_LIB_consensus_vsearch	1554	T	*/+C	530	110	15.47%	2	2	93	93	4.561424333065616E-36	1	1	349	181	108	2	+C
F8_BC68_191109_LF_LIB_consensus_vsearch	1554	T	*/+CC	530	13	1.83%	2	1	93	93	1.1351512206818896E-4	1	1	349	181	13	0	+C
F8_BC68_191109_LF_LIB_consensus_vsearch	1554	T	*/-C	530	45	6.33%	2	2	93	93	1.160445526679203E-14	1	1	349	181	12	33	-C
F8_BC68_191109_LF_LIB_consensus_vsearch	1556	C	*/-T	677	15	2.11%	2	2	93	93	2.8265192801604615E-5	1	1	474	203	11	4	-T
F8_BC68_191109_LF_LIB_consensus_vsearch	1557	T	*/+A	658	7	1.01%	2	1	93	93	0.007689516707417525	1	1	451	207	7	0	+A
F8_BC68_191109_LF_LIB_consensus_vsearch	1557	T	*/+AC	658	18	2.6%	2	1	93	93	3.40147227163991E-6	1	1	451	207	18	0	+AC
F8_BC68_191109_LF_LIB_consensus_vsearch	1559	C	*/-A	689	8	1.13%	2	2	93	93	0.0038281551540559158	1	1	477	212	7	1	-A
F8_BC68_191109_LF_LIB_consensus_vsearch	1563	G	*/-CG	637	61	8.64%	2	2	93	93	1.1011957155803186E-19	1	1	451	186	32	29	-CG
F8_BC68_191109_LF_LIB_consensus_vsearch	1564	C	*/-GT	635	7	1.08%	2	2	93	93	0.0076851246049578804	1	1	453	182	3	4	-GT
F8_BC68_191109_LF_LIB_consensus_vsearch	1566	T	*/+C	687	12	1.7%	2	2	93	93	2.3279121466020827E-4	1	1	477	210	11	1	+C
F8_BC68_191109_LF_LIB_consensus_vsearch	1571	C	*/-G	694	10	1.4%	2	1	93	93	9.456392717556314E-4	1	1	479	215	10	0	-G
F8_BC68_191109_LF_LIB_consensus_vsearch	1572	G	*/+C	615	15	2.14%	2	2	93	93	2.805024786330585E-5	1	1	413	202	7	8	+C
F8_BC68_191109_LF_LIB_consensus_vsearch	1572	G	*/-C	615	16	2.28%	2	2	93	93	1.385829057798719E-5	1	1	413	202	12	4	-C
F8_BC68_191109_LF_LIB_consensus_vsearch	1572	G	*/-CC	615	41	5.85%	2	1	93	93	2.385849485263018E-13	1	1	413	202	41	0	-CC
F8_BC68_191109_LF_LIB_consensus_vsearch	1582	C	*/-A	692	9	1.27%	2	2	93	93	0.0019033134098504238	1	1	483	209	4	5	-A
F8_BC68_191109_LF_LIB_consensus_vsearch	1584	A	*/+C	598	12	1.69%	2	1	93	93	2.3116469482417247E-4	1	1	433	165	0	12	+C
F8_BC68_191109_LF_LIB_consensus_vsearch	1584	A	*/-C	598	41	5.77%	2	2	93	93	2.3439260720208217E-13	1	1	433	165	9	32	-C
F8_BC68_191109_LF_LIB_consensus_vsearch	1585	C	*/+T	651	8	1.2%	2	1	93	93	0.0038236743445426657	1	1	477	174	0	8	+T
F8_BC68_191109_LF_LIB_consensus_vsearch	1586	C	*/+A	698	7	0.99%	2	1	93	93	0.007696474526240225	1	1	487	211	7	0	+A
F8_BC68_191109_LF_LIB_consensus_vsearch	1590	G	*/+C	660	9	1.27%	2	1	93	93	0.001900947840357131	1	1	447	213	9	0	+C
F8_BC68_191109_LF_LIB_consensus_vsearch	1591	C	*/-G	634	29	4.09%	2	2	93	93	1.362148247180758E-9	1	1	455	179	4	25	-G
F8_BC68_191109_LF_LIB_consensus_vsearch	1592	G	*/+A	655	9	1.33%	2	1	93	93	0.0019005577734205698	1	1	467	188	9	0	+A
F8_BC68_191109_LF_LIB_consensus_vsearch	1594	G	*/+C	678	7	0.98%	2	1	93	93	0.007693096890205231	1	1	464	214	7	0	+C
F8_BC68_191109_LF_LIB_consensus_vsearch	1594	G	*/-C	678	7	0.98%	2	2	93	93	0.007693096890205231	1	1	464	214	6	1	+C
F8_BC68_191109_LF_LIB_consensus_vsearch	1597	G	*/+C	651	25	3.53%	2	1	93	93	2.3773816520740582E-8	1	1	487	164	0	25	+C
F8_BC68_191109_LF_LIB_consensus_vsearch	1597	G	*/-T	651	21	2.96%	2	1	93	93	4.068719569046407E-7	1	1	487	164	0	21	+C
F8_BC68_191109_LF_LIB_consensus_vsearch	1599	C	*/-T	671	28	3.97%	2	2	93	93	2.827278435017442E-9	1	1	486	185	2	26	-T
F8_BC68_191109_LF_LIB_consensus_vsearch	1600	T	*/+C	592	10	1.48%	2	2	93	93	9.40456782931894E-4	1	1	448	144	1	9	+C
F8_BC68_191109_LF_LIB_consensus_vsearch	1600	T	*/-C	592	38	5.61%	2	2	93	93	2.0468192979502646E-12	1	1	448	144	36	2	-C
F8_BC68_191109_LF_LIB_consensus_vsearch	1603	G	*/-A	675	10	1.41%	2	2	93	93	9.447897479611806E-4	1	1	462	213	6	4	-A
F8_BC68_191109_LF_LIB_consensus_vsearch	1603	G	*/-AG	675	14	1.98%	2	1	93	93	5.709735862722917E-5	1	1	462	213	14	0	-AG
F8_BC68_191109_LF_LIB_consensus_vsearch	1603	G	*/-AGG	675	7	0.99%	2	1	93	93	0.007692573209303539	1	1	462	213	7	0	-AG
F8_BC68_191109_LF_LIB_consensus_vsearch	1604	A	*/+G	581	12	1.76%	2	1	93	93	2.3079950271826945E-4	1	1	376	205	12	0	+G
F8_BC68_191109_LF_LIB_consensus_vsearch	1604	A	*/-G	581	74	10.85%	2	2	93	93	5.9504787026092E-24	1	1	376	205	68	6	-G
F8_BC68_191109_LF_LIB_consensus_vsearch	1606	G	*/+A	682	21	2.98%	2	1	93	93	4.0977150806816705E-7	1	1	465	217	21	0	+A
F8_BC68_191109_LF_LIB_consensus_vsearch	1611	C	*/+T	682	8	1.13%	2	2	93	93	0.0038273666483378274	1	1	481	201	7	1	+T
F8_BC68_191109_LF_LIB_consensus_vsearch	1612	A	*/-C	663	22	3.09%	2	1	93	93	2.0088230471247083E-7	1	1	454	209	22	0	-C
F8_BC68_191109_LF_LIB_consensus_vsearch	1614	T	*/+A	193	328	46.66%	2	2	93	93	2.6043935054467056E-133	1	1	167	26	161	167	+A
F8_BC68_191109_LF_LIB_consensus_vsearch	1614	T	*/+AA	193	108	15.36%	2	2	93	93	2.36317154795536E-38	1	1	167	26	107	1	+A
F8_BC68_191109_LF_LIB_consensus_vsearch	1614	T	*/+AAA	193	25	3.56%	2	2	93	93	1.4369618577937874E-8	1	1	167	26	24	1	+A
F8_BC68_191109_LF_LIB_consensus_vsearch	1614	T	*/+AAAA	193	13	1.85%	2	1	93	93	1.0041600859633792E-4	1	1	167	26	13	0	+A
F8_BC68_191109_LF_LIB_consensus_vsearch	1614	T	*/+C	193	7	1%	2	2	93	93	0.007406481321433913	1	1	167	26	1	6	+A
F8_BC68_191109_LF_LIB_consensus_vsearch	1614	T	*/+CA	193	7	1%	2	1	93	93	0.007406481321433913	1	1	167	26	0	7	+A
F8_BC68_191109_LF_LIB_consensus_vsearch	1616	A	*/+G	173	441	61.94%	2	2	93	93	3.3747339962127125E-190	1	1	171	2	259	182	+G
F8_BC68_191109_LF_LIB_consensus_vsearch	1616	A	*/-C	173	47	6.6%	2	2	93	93	4.526181380574945E-16	1	1	171	2	43	4	+G
F8_BC68_191109_LF_LIB_consensus_vsearch	1617	C	*/+TT	570	23	3.46%	2	1	93	93	9.591091758144768E-8	1	1	362	208	23	0	+TT
F8_BC68_191109_LF_LIB_consensus_vsearch	1618	A	*/+G	629	53	7.46%	2	2	93	93	3.881260976934412E-17	1	1	421	208	49	4	+G
F8_BC68_191109_LF_LIB_consensus_vsearch	1619	C	*/+TT	676	8	1.13%	2	1	93	93	0.0038266780028401756	1	1	464	212	8	0	+TT
F8_BC68_191109_LF_LIB_consensus_vsearch	1620	A	*/-C	676	15	2.12%	2	2	93	93	2.8262023367739823E-5	1	1	463	213	14	1	-C
F8_BC68_191109_LF_LIB_consensus_vsearch	1621	C	*/+A	666	15	2.17%	2	2	93	93	2.8229831694370956E-5	1	1	455	211	14	1	+A
F8_BC68_191109_LF_LIB_consensus_vsearch	1623	C	*/+A	503	17	2.39%	2	2	93	93	6.6800494332252985E-6	1	1	299	204	16	1	+A
F8_BC68_191109_LF_LIB_consensus_vsearch	1623	C	*/+AA	503	7	0.98%	2	1	93	93	0.007652287346020835	1	1	299	204	7	0	+A
F8_BC68_191109_LF_LIB_consensus_vsearch	1623	C	*/-A	503	146	20.51%	2	2	93	93	1.1226165146429201E-48	1	1	299	204	145	1	-A
F8_BC68_191109_LF_LIB_consensus_vsearch	1623	C	*/-AA	503	13	1.83%	2	1	93	93	1.1307906032105104E-4	1	1	299	204	13	0	-A
F8_BC68_191109_LF_LIB_consensus_vsearch	1627	G	*/-A	663	35	4.96%	2	2	93	93	1.879902656490654E-11	1	1	448	215	34	1	-A
F8_BC68_191109_LF_LIB_consensus_vsearch	1629	G	*/+C	649	11	1.58%	2	2	93	93	4.681975701275244E-4	1	1	440	209	9	2	+C
F8_BC68_191109_LF_LIB_consensus_vsearch	1629	G	*/-C	649	26	3.72%	2	2	93	93	1.1658650177601977E-8	1	1	440	209	21	5	-C
F8_BC68_191109_LF_LIB_consensus_vsearch	1636	C	*/+A	676	8	1.13%	2	1	93	93	0.0038266780028401756	1	1	470	206	0	8	+A
F8_BC68_191109_LF_LIB_consensus_vsearch	1636	C	*/-AC	676	13	1.84%	2	1	93	93	1.1529274338195737E-4	1	1	470	206	13	0	-AC
F8_BC68_191109_LF_LIB_consensus_vsearch	1637	A	*/-C	651	13	1.88%	2	2	93	93	1.1504269081059769E-4	1	1	445	206	9	4	-C
F8_BC68_191109_LF_LIB_consensus_vsearch	1640	C	*/+G	649	7	0.99%	2	2	93	93	0.00768783462368761	1	1	461	188	1	6	+G
F8_BC68_191109_LF_LIB_consensus_vsearch	1640	C	*/-G	649	10	1.41%	2	1	93	93	9.435486554556352E-4	1	1	461	188	10	0	-G
F8_BC68_191109_LF_LIB_consensus_vsearch	1642	A	*/+T	685	10	1.42%	2	1	93	93	9.452426007191464E-4	1	1	471	214	10	0	+T
F8_BC68_191109_LF_LIB_consensus_vsearch	1643	T	*/+A	680	16	2.26%	2	2	93	93	1.3984872582505138E-5	1	1	467	213	15	1	+A
F8_BC68_191109_LF_LIB_consensus_vsearch	1644	A	*/-G	638	8	1.13%	2	2	93	93	0.003822021034639057	1	1	428	210	5	3	-G
F8_BC68_191109_LF_LIB_consensus_vsearch	1645	G	*/+C	661	16	2.28%	2	2	93	93	1.3950300978900542E-5	1	1	456	205	15	1	+C
F8_BC68_191109_LF_LIB_consensus_vsearch	1645	G	*/-C	661	10	1.42%	2	2	93	93	9.441333010107843E-4	1	1	456	205	5	5	+C
F8_BC68_191109_LF_LIB_consensus_vsearch	1648	C	*/+T	675	9	1.26%	2	2	93	93	0.0019020840661164082	1	1	476	199	2	7	+T
F8_BC68_191109_LF_LIB_consensus_vsearch	1648	C	*/-T	675	12	1.69%	2	2	93	93	2.3259609622305495E-4	1	1	476	199	5	7	-T
F8_BC68_191109_LF_LIB_consensus_vsearch	1652	T	*/-C	617	37	5.2%	2	2	93	93	4.309029779415695E-12	1	1	407	210	33	4	-C
F8_BC68_191109_LF_LIB_consensus_vsearch	1652	T	*/-CC	617	45	6.33%	2	1	93	93	1.3108457139065852E-14	1	1	407	210	45	0	-CC
F8_BC68_191109_LF_LIB_consensus_vsearch	1655	C	*/-G	692	10	1.4%	2	2	93	93	9.455519933469597E-4	1	1	483	209	9	1	-G
F8_BC68_191109_LF_LIB_consensus_vsearch	1661	C	*/+A	681	7	0.99%	2	2	93	93	0.007693616017588559	1	1	473	208	5	2	+A
F8_BC68_191109_LF_LIB_consensus_vsearch	1662	G	*/-A	686	17	2.4%	2	2	93	93	6.918017697409913E-6	1	1	475	211	16	1	-A
F8_BC68_191109_LF_LIB_consensus_vsearch	1663	A	*/+T	664	8	1.15%	2	2	93	93	0.003825264001117595	1	1	451	213	6	2	+T
F8_BC68_191109_LF_LIB_consensus_vsearch	1667	C	*/-A	683	8	1.13%	2	2	93	93	0.003827480265442575	1	1	475	208	7	1	-A
F8_BC68_191109_LF_LIB_consensus_vsearch	1674	G	*/+T	674	18	2.54%	2	2	93	93	3.4106176057344612E-6	1	1	463	211	16	2	+T
F8_BC68_191109_LF_LIB_consensus_vsearch	1674	G	*/-T	674	11	1.55%	2	1	93	93	4.6892138226090437E-4	1	1	463	211	11	0	+T
F8_BC68_191109_LF_LIB_consensus_vsearch	1677	T	*/+C	689	13	1.83%	2	2	93	93	1.1541586787677064E-4	1	1	480	209	7	6	+C
F8_BC68_191109_LF_LIB_consensus_vsearch	1678	C	*/-A	695	7	0.98%	2	2	93	93	0.007695980114598385	1	1	486	209	6	1	-A
F8_BC68_191109_LF_LIB_consensus_vsearch	1680	A	*/-C	646	16	2.25%	2	2	93	93	1.3921654103412526E-5	1	1	436	210	14	2	-C
F8_BC68_191109_LF_LIB_consensus_vsearch	1681	C	*/+T	678	14	2.01%	2	1	93	93	5.71140326521087E-5	1	1	477	201	0	14	+T
F8_BC68_191109_LF_LIB_consensus_vsearch	1684	A	*/+C	312	9	1.26%	2	2	93	93	0.001845226140356732	1	1	291	21	6	3	+C
F8_BC68_191109_LF_LIB_consensus_vsearch	1684	A	*/+T	312	330	46.35%	2	2	93	93	2.786414355074018E-125	1	1	291	21	141	189	+T
F8_BC68_191109_LF_LIB_consensus_vsearch	1684	A	*/+TT	312	33	4.63%	2	2	93	93	5.213286441244317E-11	1	1	291	21	32	1	+T
F8_BC68_191109_LF_LIB_consensus_vsearch	1684	A	*/+TTT	312	16	2.25%	2	2	93	93	1.2651602428018386E-5	1	1	291	21	15	1	+T
F8_BC68_191109_LF_LIB_consensus_vsearch	1691	T	*/+A	681	15	2.11%	2	1	93	93	2.827778200608379E-5	1	1	471	210	15	0	+A
F8_BC68_191109_LF_LIB_consensus_vsearch	1693	G	*/+T	660	27	3.79%	2	1	93	93	5.741915330351998E-9	1	1	444	216	27	0	+T
F8_BC68_191109_LF_LIB_consensus_vsearch	1697	C	*/+T	595	37	5.22%	2	2	93	93	4.228846944131707E-12	1	1	407	188	33	4	+T
F8_BC68_191109_LF_LIB_consensus_vsearch	1697	C	*/-T	595	60	8.46%	2	2	93	93	2.1050049296862352E-19	1	1	407	188	46	14	-T
F8_BC68_191109_LF_LIB_consensus_vsearch	1703	A	*/+C	673	7	1%	2	1	93	93	0.007692221529292311	1	1	460	213	7	0	+C
F8_BC68_191109_LF_LIB_consensus_vsearch	1705	C	*/-T	655	42	5.92%	2	2	93	93	1.2028886893481945E-13	1	1	475	180	9	33	-T
F8_BC68_191109_LF_LIB_consensus_vsearch	1708	T	*/+C	534	32	4.51%	2	2	93	93	1.4834574404749108E-10	1	1	422	112	18	14	+C
F8_BC68_191109_LF_LIB_consensus_vsearch	1708	T	*/-C	534	114	16.08%	2	2	93	93	2.0576036451659917E-37	1	1	422	112	49	65	-C
F8_BC68_191109_LF_LIB_consensus_vsearch	1708	T	*/-CC	534	19	2.68%	2	2	93	93	1.629812865665941E-6	1	1	422	112	1	18	-C
F8_BC68_191109_LF_LIB_consensus_vsearch	1713	C	*/-G	692	8	1.13%	2	1	93	93	0.0038284882802459928	1	1	480	212	8	0	-G
F8_BC68_191109_LF_LIB_consensus_vsearch	1714	G	*/+CC	647	13	1.85%	2	1	93	93	1.1500096048290026E-4	1	1	433	214	13	0	+CC
F8_BC68_191109_LF_LIB_consensus_vsearch	1715	C	*/+TT	659	14	1.98%	2	1	93	93	5.700598088104079E-5	1	1	450	209	14	0	+TT
F8_BC68_191109_LF_LIB_consensus_vsearch	1724	T	*/+A	687	15	2.11%	2	1	93	93	2.829640426446843E-5	1	1	474	213	15	0	+A
F8_BC68_191109_LF_LIB_consensus_vsearch	1725	G	*/-TG	633	59	8.31%	2	2	93	93	4.769208216749368E-19	1	1	423	210	54	5	-TG
F8_BC68_191109_LF_LIB_consensus_vsearch	1727	G	*/+TG	636	7	1.08%	2	2	93	93	0.007685322078985439	1	1	427	209	6	1	+TG
F8_BC68_191109_LF_LIB_consensus_vsearch	1731	T	*/+C	694	8	1.13%	2	1	93	93	0.003828708790007478	1	1	479	215	8	0	+C
F8_BC68_191109_LF_LIB_consensus_vsearch	1735	T	*/-C	696	8	1.12%	2	1	93	93	0.0038289280527219385	1	1	479	217	8	0	-C
F8_BC68_191109_LF_LIB_consensus_vsearch	1736	C	*/-A	653	14	1.99%	2	1	93	93	5.697061170414673E-5	1	1	439	214	14	0	-A
F8_BC68_191109_LF_LIB_consensus_vsearch	1736	C	*/-AC	653	31	4.4%	2	1	93	93	3.2890366165761105E-10	1	1	439	214	31	0	-AC
F8_BC68_191109_LF_LIB_consensus_vsearch	1746	T	*/-A	676	17	2.41%	2	1	93	93	6.908135569192966E-6	1	1	469	207	17	0	-A
F8_BC68_191109_LF_LIB_consensus_vsearch	1747	A	*/-T	660	12	1.73%	2	2	93	93	2.323425584393901E-4	1	1	448	212	11	1	-T
F8_BC68_191109_LF_LIB_consensus_vsearch	1750	T	*/-A	699	7	0.98%	2	1	93	93	0.0076966383990413785	1	1	484	215	7	0	-A
F8_BC68_191109_LF_LIB_consensus_vsearch	1754	C	*/-T	671	16	2.28%	2	2	93	93	1.3968727016108438E-5	1	1	468	203	7	9	-T
F8_BC68_191109_LF_LIB_consensus_vsearch	1756	T	*/+A	666	7	1%	2	1	93	93	0.007690974238331026	1	1	453	213	7	0	+A
F8_BC68_191109_LF_LIB_consensus_vsearch	1756	T	*/-A	666	20	2.84%	2	2	93	93	8.286822506120228E-7	1	1	453	213	19	1	-A
F8_BC68_191109_LF_LIB_consensus_vsearch	1757	A	*/+G	675	8	1.16%	2	1	93	93	0.003826562057959725	1	1	467	208	0	8	+G
F8_BC68_191109_LF_LIB_consensus_vsearch	1758	G	*/-A	631	71	10%	2	2	93	93	6.564139886685406E-23	1	1	416	215	70	1	-A
F8_BC68_191109_LF_LIB_consensus_vsearch	1759	A	*/+GA	618	9	1.41%	2	1	93	93	0.0018974794124720213	1	1	404	214	9	0	+GA
F8_BC68_191109_LF_LIB_consensus_vsearch	1760	A	*/-G	693	7	0.99%	2	2	93	93	0.007695648159281727	1	1	480	213	6	1	-G
F8_BC68_191109_LF_LIB_consensus_vsearch	1766	C	*/-T	683	9	1.27%	2	2	93	93	0.0019026700524163046	1	1	482	201	4	5	-T
F8_BC68_191109_LF_LIB_consensus_vsearch	1768	A	*/-C	672	8	1.13%	2	2	93	93	0.0038262121871574886	1	1	470	202	1	7	-C
F8_BC68_191109_LF_LIB_consensus_vsearch	1769	C	*/+T	679	16	2.28%	2	1	93	93	1.3983098602929015E-5	1	1	487	192	0	16	+T
F8_BC68_191109_LF_LIB_consensus_vsearch	1770	C	*/-TC	684	13	1.83%	2	2	93	93	1.1536904529305717E-4	1	1	484	200	5	8	-TC
F8_BC68_191109_LF_LIB_consensus_vsearch	1771	T	*/+C	619	21	3.04%	2	2	93	93	4.0360427590304976E-7	1	1	424	195	19	2	+C
F8_BC68_191109_LF_LIB_consensus_vsearch	1771	T	*/-C	619	37	5.36%	2	2	93	93	4.316116608853385E-12	1	1	424	195	32	5	-C
F8_BC68_191109_LF_LIB_consensus_vsearch	1771	T	*/-CC	619	9	1.3%	2	2	93	93	0.0018975673441181103	1	1	424	195	7	2	-C
F8_BC68_191109_LF_LIB_consensus_vsearch	1774	C	*/-A	686	10	1.41%	2	1	93	93	9.452871770742829E-4	1	1	473	213	10	0	-A
F8_BC68_191109_LF_LIB_consensus_vsearch	1774	C	*/-AC	686	10	1.41%	2	1	93	93	9.452871770742829E-4	1	1	473	213	10	0	-A
F8_BC68_191109_LF_LIB_consensus_vsearch	1775	A	*/-CT	664	10	1.45%	2	1	93	93	9.442762414594748E-4	1	1	449	215	10	0	-CT
F8_BC68_191109_LF_LIB_consensus_vsearch	1778	T	*/-G	683	9	1.27%	2	2	93	93	0.0019026700524163046	1	1	475	208	4	5	-G
F8_BC68_191109_LF_LIB_consensus_vsearch	1781	C	*/-GC	692	7	0.98%	2	2	93	93	0.007695481471345102	1	1	481	211	5	2	-GC
F8_BC68_191109_LF_LIB_consensus_vsearch	1786	C	*/+G	674	17	2.4%	2	1	93	93	6.90612613285916E-6	1	1	462	212	17	0	+G
F8_BC68_191109_LF_LIB_consensus_vsearch	1786	C	*/-A	674	13	1.84%	2	1	93	93	1.1527339570506947E-4	1	1	462	212	13	0	+G
F8_BC68_191109_LF_LIB_consensus_vsearch	1787	A	*/-T	670	20	2.87%	2	2	93	93	8.293671391237392E-7	1	1	461	209	17	3	-T
F8_BC68_191109_LF_LIB_consensus_vsearch	1790	A	*/-C	677	8	1.13%	2	2	93	93	0.0038267936108249954	1	1	469	208	6	2	-C
F8_BC68_191109_LF_LIB_consensus_vsearch	1790	A	*/-CA	677	14	1.97%	2	2	93	93	5.710849035009345E-5	1	1	469	208	12	2	-CA
F8_BC68_191109_LF_LIB_consensus_vsearch	1791	C	*/+A	606	41	5.96%	2	2	93	93	2.363845486259785E-13	1	1	449	157	10	31	+A
F8_BC68_191109_LF_LIB_consensus_vsearch	1791	C	*/-A	606	33	4.8%	2	2	93	93	7.618693428598128E-11	1	1	449	157	12	21	+A
F8_BC68_191109_LF_LIB_consensus_vsearch	1795	A	*/+C	692	8	1.12%	2	1	93	93	0.0038284882802459928	1	1	478	214	8	0	+C
F8_BC68_191109_LF_LIB_consensus_vsearch	1796	C	*/-T	682	9	1.27%	2	2	93	93	0.0019025975409729535	1	1	470	212	8	1	-T
F8_BC68_191109_LF_LIB_consensus_vsearch	1805	T	*/+C	687	13	1.83%	2	2	93	93	1.1539721756013441E-4	1	1	481	206	11	2	+C
F8_BC68_191109_LF_LIB_consensus_vsearch	1806	C	*/+G	680	10	1.42%	2	1	93	93	9.450177994018546E-4	1	1	491	189	0	10	+G
F8_BC68_191109_LF_LIB_consensus_vsearch	1806	C	*/+GG	680	10	1.42%	2	1	93	93	9.450177994018546E-4	1	1	491	189	0	10	+G
F8_BC68_191109_LF_LIB_consensus_vsearch	1807	G	*/-A	678	11	1.55%	2	2	93	93	4.6903237900469013E-4	1	1	463	215	10	1	-A
F8_BC68_191109_LF_LIB_consensus_vsearch	1807	G	*/-AG	678	14	1.98%	2	1	93	93	5.71140326521087E-5	1	1	463	215	14	0	-AG
F8_BC68_191109_LF_LIB_consensus_vsearch	1808	A	*/-G	657	11	1.6%	2	2	93	93	4.6843500815013563E-4	1	1	447	210	7	4	-G
F8_BC68_191109_LF_LIB_consensus_vsearch	1810	G	*/-A	656	30	4.23%	2	2	93	93	6.73546694333086E-10	1	1	441	215	29	1	-A
F8_BC68_191109_LF_LIB_consensus_vsearch	1810	G	*/-AG	656	19	2.68%	2	1	93	93	1.6774645039397743E-6	1	1	441	215	19	0	-A
F8_BC68_191109_LF_LIB_consensus_vsearch	1815	C	*/+T	668	9	1.27%	2	2	93	93	0.0019015600485241956	1	1	466	202	6	3	+T
F8_BC68_191109_LF_LIB_consensus_vsearch	1815	C	*/-T	668	7	0.99%	2	2	93	93	0.00769133323902577	1	1	466	202	5	2	+T
F8_BC68_191109_LF_LIB_consensus_vsearch	1815	C	*/-TT	668	10	1.41%	2	1	93	93	9.444648801915616E-4	1	1	466	202	10	0	-TT
F8_BC68_191109_LF_LIB_consensus_vsearch	1820	C	*/+G	496	89	12.57%	2	1	93	93	4.305618002210189E-29	1	1	282	214	89	0	+G
F8_BC68_191109_LF_LIB_consensus_vsearch	1820	C	*/-A	496	115	16.24%	2	1	93	93	6.404392373323256E-38	1	1	282	214	115	0	-A
F8_BC68_191109_LF_LIB_consensus_vsearch	1821	A	*/-T	478	93	15.71%	2	1	93	93	1.7046253932306838E-30	1	1	263	215	93	0	-T
F8_BC68_191109_LF_LIB_consensus_vsearch	1822	T	*/+G	476	10	1.63%	2	1	93	93	9.319552152179441E-4	1	1	263	213	10	0	+G
F8_BC68_191109_LF_LIB_consensus_vsearch	1823	T	*/-G	699	7	0.98%	2	2	93	93	0.0076966383990413785	1	1	484	215	6	1	-G
F8_BC68_191109_LF_LIB_consensus_vsearch	1827	G	*/-CG	688	8	1.13%	2	2	93	93	0.0038280434768544216	1	1	477	211	4	4	-CG
F8_BC68_191109_LF_LIB_consensus_vsearch	1828	C	*/-G	670	13	1.87%	2	1	93	93	1.1523436715259954E-4	1	1	463	207	13	0	-G
F8_BC68_191109_LF_LIB_consensus_vsearch	1829	G	*/-A	661	19	2.77%	2	1	93	93	1.6790713227950396E-6	1	1	451	210	19	0	-A
F8_BC68_191109_LF_LIB_consensus_vsearch	1834	C	*/+G	689	10	1.42%	2	1	93	93	9.454201481114765E-4	1	1	477	212	10	0	+G
F8_BC68_191109_LF_LIB_consensus_vsearch	1837	G	*/+C	689	9	1.26%	2	1	93	93	0.0019031007880593255	1	1	476	213	9	0	+C
F8_BC68_191109_LF_LIB_consensus_vsearch	1838	C	*/+G	681	10	1.41%	2	2	93	93	9.450630174371408E-4	1	1	469	212	9	1	+G
F8_BC68_191109_LF_LIB_consensus_vsearch	1838	C	*/-A	681	9	1.27%	2	1	93	93	0.001902524820821714	1	1	469	212	9	0	+G
F8_BC68_191109_LF_LIB_consensus_vsearch	1840	G	*/+A	678	21	2.97%	2	1	93	93	4.094109216438014E-7	1	1	464	214	21	0	+A
F8_BC68_191109_LF_LIB_consensus_vsearch	1843	G	*/+A	676	7	1%	2	1	93	93	0.007692748279243189	1	1	467	209	7	0	+A
F8_BC68_191109_LF_LIB_consensus_vsearch	1848	A	*/-G	642	27	3.85%	2	2	93	93	5.7009983634792865E-9	1	1	459	183	1	26	-G
F8_BC68_191109_LF_LIB_consensus_vsearch	1851	A	*/-C	665	32	4.51%	2	1	93	93	1.617807884908527E-10	1	1	486	179	0	32	-C
F8_BC68_191109_LF_LIB_consensus_vsearch	1857	A	*/-C	609	81	11.46%	2	2	93	93	3.412439778948686E-26	1	1	460	149	19	62	-C
F8_BC68_191109_LF_LIB_consensus_vsearch	1859	C	*/+A	692	12	1.69%	2	1	93	93	2.3287058136907908E-4	1	1	479	213	12	0	+A
F8_BC68_191109_LF_LIB_consensus_vsearch	1861	T	*/-CT	674	20	2.81%	2	2	93	93	8.300445755105138E-7	1	1	479	195	1	19	-CT
F8_BC68_191109_LF_LIB_consensus_vsearch	1864	G	*/-AG	654	43	6.06%	2	1	93	93	5.827604227250046E-14	1	1	437	217	43	0	-AG
F8_BC68_191109_LF_LIB_consensus_vsearch	1865	A	*/+G	630	11	1.66%	2	1	93	93	4.676102225541957E-4	1	1	417	213	11	0	+G
F8_BC68_191109_LF_LIB_consensus_vsearch	1865	A	*/-G	630	14	2.11%	2	2	93	93	5.682907954155903E-5	1	1	417	213	12	2	-G
F8_BC68_191109_LF_LIB_consensus_vsearch	1869	G	*/-C	692	9	1.27%	2	2	93	93	0.0019033134098504238	1	1	481	211	8	1	-C
F8_BC68_191109_LF_LIB_consensus_vsearch	1874	G	*/+T	663	11	1.56%	2	2	93	93	4.686094352243864E-4	1	1	459	204	10	1	+T
F8_BC68_191109_LF_LIB_consensus_vsearch	1874	G	*/-T	663	19	2.7%	2	2	93	93	1.6797077872211833E-6	1	1	459	204	16	3	-T
F8_BC68_191109_LF_LIB_consensus_vsearch	1877	T	*/+C	653	35	4.92%	2	2	93	93	1.86769026088906E-11	1	1	446	207	31	4	+C
F8_BC68_191109_LF_LIB_consensus_vsearch	1877	T	*/-C	653	7	0.98%	2	2	93	93	0.007688587862634188	1	1	446	207	4	3	+C
F8_BC68_191109_LF_LIB_consensus_vsearch	1878	C	*/+A	680	7	0.99%	2	2	93	93	0.007693443477408817	1	1	477	203	1	6	+A
F8_BC68_191109_LF_LIB_consensus_vsearch	1881	C	*/-G	684	11	1.55%	2	1	93	93	4.691965083280461E-4	1	1	486	198	0	11	-G
F8_BC68_191109_LF_LIB_consensus_vsearch	1883	G	*/-A	696	7	0.98%	2	1	93	93	0.007696145385976602	1	1	480	216	7	0	-A
F8_BC68_191109_LF_LIB_consensus_vsearch	1883	G	*/-AC	696	7	0.98%	2	1	93	93	0.007696145385976602	1	1	480	216	7	0	-A
F8_BC68_191109_LF_LIB_consensus_vsearch	1885	C	*/-T	673	19	2.71%	2	2	93	93	1.6828376766266522E-6	1	1	467	206	12	7	-T
F8_BC68_191109_LF_LIB_consensus_vsearch	1887	T	*/+C	653	8	1.13%	2	1	93	93	0.0038239229566628804	1	1	447	206	8	0	+C
F8_BC68_191109_LF_LIB_consensus_vsearch	1887	T	*/-C	653	27	3.83%	2	2	93	93	5.726231180107417E-9	1	1	447	206	17	10	-C
F8_BC68_191109_LF_LIB_consensus_vsearch	1887	T	*/-CC	653	11	1.56%	2	1	93	93	4.683169949882425E-4	1	1	447	206	11	0	-C
F8_BC68_191109_LF_LIB_consensus_vsearch	1889	C	*/-ACC	683	11	1.57%	2	1	93	93	4.6916934806662123E-4	1	1	467	216	11	0	-ACC
F8_BC68_191109_LF_LIB_consensus_vsearch	1895	C	*/+T	668	8	1.13%	2	2	93	93	0.003825740885727296	1	1	481	187	1	7	+T
F8_BC68_191109_LF_LIB_consensus_vsearch	1895	C	*/+TT	668	9	1.27%	2	1	93	93	0.0019015600485241956	1	1	481	187	0	9	+TT
F8_BC68_191109_LF_LIB_consensus_vsearch	1895	C	*/-T	668	18	2.54%	2	2	93	93	3.407235887724633E-6	1	1	481	187	7	11	-T
F8_BC68_191109_LF_LIB_consensus_vsearch	1900	C	*/+A	674	14	1.98%	2	2	93	93	5.709176907287856E-5	1	1	480	194	1	13	+A
F8_BC68_191109_LF_LIB_consensus_vsearch	1900	C	*/-A	674	9	1.27%	2	2	93	93	0.0019020098594393618	1	1	480	194	2	7	+A
F8_BC68_191109_LF_LIB_consensus_vsearch	1904	C	*/+A	686	13	1.83%	2	1	93	93	1.1538785315412462E-4	1	1	470	216	13	0	+A
F8_BC68_191109_LF_LIB_consensus_vsearch	1909	A	*/+C	690	8	1.13%	2	1	93	93	0.0038282665127912204	1	1	478	212	8	0	+C
F8_BC68_191109_LF_LIB_consensus_vsearch	1910	C	*/+A	617	42	5.92%	2	2	93	93	1.1581284413554143E-13	1	1	403	214	41	1	+A
F8_BC68_191109_LF_LIB_consensus_vsearch	1910	C	*/-G	617	28	3.95%	2	1	93	93	2.7613376408569746E-9	1	1	403	214	28	0	+A
F8_BC68_191109_LF_LIB_consensus_vsearch	1921	T	*/+A	638	37	5.26%	2	1	93	93	4.3818367754839685E-12	1	1	425	213	37	0	+A
F8_BC68_191109_LF_LIB_consensus_vsearch	1924	T	*/-GC	689	13	1.83%	2	2	93	93	1.1541586787677064E-4	1	1	484	205	6	7	-GC
F8_BC68_191109_LF_LIB_consensus_vsearch	1926	C	*/+A	674	9	1.29%	2	1	93	93	0.0019020098594393618	1	1	475	199	0	9	+A
F8_BC68_191109_LF_LIB_consensus_vsearch	1927	A	*/-CA	676	11	1.56%	2	2	93	93	4.689770401652236E-4	1	1	465	211	9	2	-CA
F8_BC68_191109_LF_LIB_consensus_vsearch	1930	A	*/+T	688	8	1.12%	2	1	93	93	0.0038280434768544216	1	1	483	205	0	8	+T
F8_BC68_191109_LF_LIB_consensus_vsearch	1931	C	*/+T	688	12	1.69%	2	2	93	93	2.328071772860128E-4	1	1	489	199	1	11	+T
F8_BC68_191109_LF_LIB_consensus_vsearch	1932	T	*/+C	591	97	13.7%	2	2	93	93	1.6528199363628627E-31	1	1	394	197	93	4	+C
F8_BC68_191109_LF_LIB_consensus_vsearch	1933	C	*/-G	662	37	5.23%	2	1	93	93	4.460900004480109E-12	1	1	492	170	0	37	-G
F8_BC68_191109_LF_LIB_consensus_vsearch	1936	A	*/-C	629	65	9.17%	2	2	93	93	5.626611005467746E-21	1	1	417	212	62	3	-C
F8_BC68_191109_LF_LIB_consensus_vsearch	1936	A	*/-CC	629	9	1.27%	2	1	93	93	0.0018984316147072759	1	1	417	212	9	0	-C
F8_BC68_191109_LF_LIB_consensus_vsearch	1939	C	*/-G	615	55	7.72%	2	2	93	93	8.739894387690489E-18	1	1	476	139	8	47	-G
F8_BC68_191109_LF_LIB_consensus_vsearch	1939	C	*/-GG	615	29	4.07%	2	1	93	93	1.3493459677598461E-9	1	1	476	139	0	29	-G
F8_BC68_191109_LF_LIB_consensus_vsearch	1947	A	*/+C	558	11	1.56%	2	2	93	93	4.6503393903056577E-4	1	1	411	147	4	7	+C
F8_BC68_191109_LF_LIB_consensus_vsearch	1947	A	*/-C	558	108	15.36%	2	2	93	93	2.7342110318340695E-35	1	1	411	147	60	48	-C
F8_BC68_191109_LF_LIB_consensus_vsearch	1947	A	*/-CC	558	14	1.99%	2	2	93	93	5.6314541018637804E-5	1	1	411	147	5	9	-C
F8_BC68_191109_LF_LIB_consensus_vsearch	1951	C	*/-A	617	55	7.71%	2	2	93	93	8.771297118043139E-18	1	1	471	146	8	47	-A
F8_BC68_191109_LF_LIB_consensus_vsearch	1953	A	*/-G	646	9	1.27%	2	1	93	93	0.0018998407563544394	1	1	484	162	9	0	-G
F8_BC68_191109_LF_LIB_consensus_vsearch	1954	G	*/+C	680	7	1%	2	1	93	93	0.007693443477408817	1	1	466	214	7	0	+C
F8_BC68_191109_LF_LIB_consensus_vsearch	1957	A	*/-G	693	9	1.27%	2	2	93	93	0.0019033838827015696	1	1	485	208	8	1	-G
F8_BC68_191109_LF_LIB_consensus_vsearch	1961	T	*/-C	696	7	0.98%	2	2	93	93	0.007696145385976602	1	1	485	211	5	2	-C
F8_BC68_191109_LF_LIB_consensus_vsearch	1964	C	*/-AC	603	99	13.94%	2	2	93	93	3.825929652629825E-32	1	1	404	199	89	10	-AC
F8_BC68_191109_LF_LIB_consensus_vsearch	1970	G	*/-A	691	9	1.27%	2	1	93	93	0.0019032427370135523	1	1	477	214	9	0	-A
F8_BC68_191109_LF_LIB_consensus_vsearch	1971	A	*/-G	685	8	1.14%	2	2	93	93	0.003827706520627659	1	1	474	211	6	2	-G
F8_BC68_191109_LF_LIB_consensus_vsearch	1972	G	*/-C	688	10	1.42%	2	1	93	93	9.453759502338604E-4	1	1	477	211	10	0	-C
F8_BC68_191109_LF_LIB_consensus_vsearch	1975	G	*/-A	703	9	1.26%	2	1	93	93	0.0019040777973840534	1	1	487	216	9	0	-A
F8_BC68_191109_LF_LIB_consensus_vsearch	1977	T	*/+C	534	7	0.98%	2	2	93	93	0.007661433438157596	1	1	324	210	3	4	+C
F8_BC68_191109_LF_LIB_consensus_vsearch	1977	T	*/-C	534	138	19.41%	2	2	93	93	1.116178068735363E-45	1	1	324	210	136	2	-C
F8_BC68_191109_LF_LIB_consensus_vsearch	1977	T	*/-CC	534	30	4.22%	2	1	93	93	6.267599709760973E-10	1	1	324	210	30	0	-C
F8_BC68_191109_LF_LIB_consensus_vsearch	1980	C	*/-GC	636	53	7.44%	2	1	93	93	3.924608106277396E-17	1	1	433	203	53	0	-GC
F8_BC68_191109_LF_LIB_consensus_vsearch	1985	C	*/-A	658	33	4.68%	2	2	93	93	7.871788380565795E-11	1	1	445	213	31	2	-A
F8_BC68_191109_LF_LIB_consensus_vsearch	1987	C	*/-T	693	7	0.99%	2	2	93	93	0.007695648159281727	1	1	482	211	6	1	-T
F8_BC68_191109_LF_LIB_consensus_vsearch	1988	T	*/-C	662	28	3.97%	2	1	93	93	2.8169172845384593E-9	1	1	480	182	0	28	-C
F8_BC68_191109_LF_LIB_consensus_vsearch	1989	C	*/+AC	643	15	2.19%	2	1	93	93	2.815218725369913E-5	1	1	460	183	15	0	+AC
F8_BC68_191109_LF_LIB_consensus_vsearch	1999	G	*/-A	647	38	5.38%	2	2	93	93	2.1463719271320836E-12	1	1	431	216	37	1	-A
F8_BC68_191109_LF_LIB_consensus_vsearch	1999	G	*/-AG	647	11	1.56%	2	1	93	93	4.6813732037120725E-4	1	1	431	216	11	0	-A
F8_BC68_191109_LF_LIB_consensus_vsearch	2000	A	*/+G	469	13	1.96%	2	2	93	93	1.1246241212055434E-4	1	1	261	208	11	2	+G
F8_BC68_191109_LF_LIB_consensus_vsearch	2000	A	*/-G	469	149	22.51%	2	2	93	93	5.364110361357555E-50	1	1	261	208	144	5	-G
F8_BC68_191109_LF_LIB_consensus_vsearch	2000	A	*/-GG	469	18	2.72%	2	1	93	93	3.2507776765118372E-6	1	1	261	208	18	0	-G
F8_BC68_191109_LF_LIB_consensus_vsearch	2003	G	*/-A	683	19	2.68%	2	2	93	93	1.6858827784328652E-6	1	1	468	215	18	1	-A
F8_BC68_191109_LF_LIB_consensus_vsearch	2005	A	*/-T	688	11	1.55%	2	1	93	93	4.6930438187799145E-4	1	1	487	201	0	11	-T
F8_BC68_191109_LF_LIB_consensus_vsearch	2006	T	*/+C	527	9	1.29%	2	1	93	93	0.001888116570402175	1	1	331	196	9	0	+C
F8_BC68_191109_LF_LIB_consensus_vsearch	2006	T	*/-C	527	160	22.89%	2	2	93	93	1.877048947078291E-53	1	1	331	196	154	6	-C
F8_BC68_191109_LF_LIB_consensus_vsearch	2008	C	*/-T	692	7	0.98%	2	2	93	93	0.007695481471345102	1	1	494	198	1	6	-T
F8_BC68_191109_LF_LIB_consensus_vsearch	2011	G	*/-TT	689	9	1.27%	2	1	93	93	0.0019031007880593255	1	1	484	205	0	9	-TT
F8_BC68_191109_LF_LIB_consensus_vsearch	2013	T	*/+A	668	9	1.28%	2	2	93	93	0.0019015600485241956	1	1	478	190	2	7	+A
F8_BC68_191109_LF_LIB_consensus_vsearch	2013	T	*/+G	668	12	1.7%	2	2	93	93	2.324791481283335E-4	1	1	478	190	10	2	+G
F8_BC68_191109_LF_LIB_consensus_vsearch	2013	T	*/-A	668	7	0.99%	2	2	93	93	0.00769133323902577	1	1	478	190	1	6	+G
F8_BC68_191109_LF_LIB_consensus_vsearch	2014	A	*/-G	653	15	2.13%	2	2	93	93	2.8186583543640286E-5	1	1	464	189	10	5	-G
F8_BC68_191109_LF_LIB_consensus_vsearch	2015	G	*/+T	647	23	3.3%	2	2	93	93	9.838034325293785E-8	1	1	441	206	22	1	+T
F8_BC68_191109_LF_LIB_consensus_vsearch	2015	G	*/-T	647	16	2.3%	2	2	93	93	1.3923602834538202E-5	1	1	441	206	13	3	+T
F8_BC68_191109_LF_LIB_consensus_vsearch	2018	T	*/-C	681	7	0.98%	2	1	93	93	0.007693616017588559	1	1	486	195	0	7	-C
F8_BC68_191109_LF_LIB_consensus_vsearch	2018	T	*/-CTT	681	9	1.26%	2	1	93	93	0.001902524820821714	1	1	486	195	0	9	-CTT
F8_BC68_191109_LF_LIB_consensus_vsearch	2019	C	*/+T	593	23	3.31%	2	2	93	93	9.670753428181014E-8	1	1	459	134	11	12	+T
F8_BC68_191109_LF_LIB_consensus_vsearch	2019	C	*/-T	593	53	7.64%	2	2	93	93	3.651269690159241E-17	1	1	459	134	15	38	-T
F8_BC68_191109_LF_LIB_consensus_vsearch	2019	C	*/-TT	593	11	1.59%	2	2	93	93	4.663619147626718E-4	1	1	459	134	3	8	-T
F8_BC68_191109_LF_LIB_consensus_vsearch	2023	T	*/-C	673	27	3.79%	2	2	93	93	5.770303238185175E-9	1	1	480	193	10	17	-C
F8_BC68_191109_LF_LIB_consensus_vsearch	2024	C	*/+A	666	10	1.46%	2	1	93	93	9.443708371449778E-4	1	1	471	195	10	0	+A
F8_BC68_191109_LF_LIB_consensus_vsearch	2026	T	*/+C	679	16	2.27%	2	2	93	93	1.3983098602929015E-5	1	1	468	211	15	1	+C
F8_BC68_191109_LF_LIB_consensus_vsearch	2026	T	*/-C	679	8	1.13%	2	2	93	93	0.0038270238219715778	1	1	468	211	7	1	+C
F8_BC68_191109_LF_LIB_consensus_vsearch	2028	C	*/-G	688	11	1.55%	2	1	93	93	4.6930438187799145E-4	1	1	475	213	11	0	-G
F8_BC68_191109_LF_LIB_consensus_vsearch	2041	G	*/-CT	688	10	1.41%	2	1	93	93	9.453759502338604E-4	1	1	476	212	10	0	-CT
F8_BC68_191109_LF_LIB_consensus_vsearch	2042	C	*/-TT	677	8	1.14%	2	1	93	93	0.0038267936108249954	1	1	470	207	8	0	-TT
F8_BC68_191109_LF_LIB_consensus_vsearch	2045	A	*/+G	686	8	1.14%	2	1	93	93	0.003827819161525346	1	1	477	209	8	0	+G
F8_BC68_191109_LF_LIB_consensus_vsearch	2047	G	*/+T	675	12	1.7%	2	1	93	93	2.3259609622305495E-4	1	1	474	201	0	12	+T
F8_BC68_191109_LF_LIB_consensus_vsearch	2048	T	*/+C	672	20	2.82%	2	1	93	93	8.297067812230699E-7	1	1	462	210	20	0	+C
F8_BC68_191109_LF_LIB_consensus_vsearch	2048	T	*/+CC	672	7	0.99%	2	1	93	93	0.007692044914716208	1	1	462	210	7	0	+C
F8_BC68_191109_LF_LIB_consensus_vsearch	2049	C	*/-T	665	36	5.07%	2	2	93	93	9.176436812684647E-12	1	1	463	202	23	13	-T
F8_BC68_191109_LF_LIB_consensus_vsearch	2051	A	*/-G	578	7	0.99%	2	1	93	93	0.007672756476313913	1	1	371	207	0	7	-G
F8_BC68_191109_LF_LIB_consensus_vsearch	2053	C	*/+A	631	14	1.99%	2	1	93	93	5.683543767636181E-5	1	1	451	180	14	0	+A
F8_BC68_191109_LF_LIB_consensus_vsearch	2053	C	*/+G	631	10	1.42%	2	2	93	93	9.426310666995873E-4	1	1	451	180	1	9	+A
F8_BC68_191109_LF_LIB_consensus_vsearch	2053	C	*/-G	631	28	3.99%	2	2	93	93	2.779338460052933E-9	1	1	451	180	13	15	-G
F8_BC68_191109_LF_LIB_consensus_vsearch	2055	G	*/+A	683	10	1.42%	2	1	93	93	9.451530657497562E-4	1	1	472	211	10	0	+A
F8_BC68_191109_LF_LIB_consensus_vsearch	2056	G	*/+T	656	18	2.53%	2	1	93	93	3.400299948628629E-6	1	1	446	210	18	0	+T
F8_BC68_191109_LF_LIB_consensus_vsearch	2060	T	*/+C	606	70	9.85%	2	2	93	93	1.2873760502708322E-22	1	1	392	214	69	1	+C
F8_BC68_191109_LF_LIB_consensus_vsearch	2060	T	*/-C	606	27	3.8%	2	2	93	93	5.613035933113266E-9	1	1	392	214	26	1	+C
F8_BC68_191109_LF_LIB_consensus_vsearch	2062	C	*/-T	672	21	2.95%	2	2	93	93	4.088627279309247E-7	1	1	464	208	16	5	-T
F8_BC68_191109_LF_LIB_consensus_vsearch	2064	A	*/+C	484	31	4.43%	2	2	93	93	2.9240908817412004E-10	1	1	287	197	22	9	+C
F8_BC68_191109_LF_LIB_consensus_vsearch	2064	A	*/-C	484	111	15.86%	2	2	93	93	1.3343094167508788E-36	1	1	287	197	103	8	-C
F8_BC68_191109_LF_LIB_consensus_vsearch	2064	A	*/-CC	484	35	5%	2	1	93	93	1.6084054014387755E-11	1	1	287	197	35	0	-C
F8_BC68_191109_LF_LIB_consensus_vsearch	2064	A	*/-CCC	484	15	2.14%	2	1	93	93	2.742726105813753E-5	1	1	287	197	15	0	-C
F8_BC68_191109_LF_LIB_consensus_vsearch	2065	C	*/+T	524	8	1.48%	2	2	93	93	0.0038040831989871004	1	1	325	199	2	6	+T
F8_BC68_191109_LF_LIB_consensus_vsearch	2068	C	*/-A	657	12	1.69%	2	2	93	93	2.3229050890362837E-4	1	1	458	199	2	10	-A
F8_BC68_191109_LF_LIB_consensus_vsearch	2072	G	*/-AG	696	7	0.99%	2	1	93	93	0.007696145385976602	1	1	481	215	7	0	-AG
F8_BC68_191109_LF_LIB_consensus_vsearch	2073	A	*/+G	675	17	2.43%	2	1	93	93	6.907132247481708E-6	1	1	463	212	17	0	+G
F8_BC68_191109_LF_LIB_consensus_vsearch	2080	G	*/-CG	687	15	2.11%	2	2	93	93	2.829640426446843E-5	1	1	486	201	1	14	-CG
F8_BC68_191109_LF_LIB_consensus_vsearch	2082	G	*/+T	659	29	4.17%	2	2	93	93	1.3780596792815336E-9	1	1	464	195	28	1	+T
F8_BC68_191109_LF_LIB_consensus_vsearch	2086	T	*/+A	683	7	0.99%	2	2	93	93	0.007693959601990333	1	1	476	207	5	2	+A
F8_BC68_191109_LF_LIB_consensus_vsearch	2094	C	*/-T	693	7	0.99%	2	2	93	93	0.007695648159281727	1	1	484	209	3	4	-T
F8_BC68_191109_LF_LIB_consensus_vsearch	2097	T	*/+A	650	7	0.99%	2	1	93	93	0.007688023790642392	1	1	445	205	7	0	+A
F8_BC68_191109_LF_LIB_consensus_vsearch	2097	T	*/+G	650	18	2.54%	2	2	93	93	3.396742772865506E-6	1	1	445	205	17	1	+G
F8_BC68_191109_LF_LIB_consensus_vsearch	2097	T	*/+GG	650	14	1.97%	2	2	93	93	5.695269332154495E-5	1	1	445	205	12	2	+G
F8_BC68_191109_LF_LIB_consensus_vsearch	2098	G	*/-A	680	13	1.84%	2	2	93	93	1.1533111024855475E-4	1	1	470	210	12	1	-A
F8_BC68_191109_LF_LIB_consensus_vsearch	2099	A	*/+G	636	15	2.15%	2	2	93	93	2.812749989674651E-5	1	1	429	207	12	3	+G
F8_BC68_191109_LF_LIB_consensus_vsearch	2099	A	*/-G	636	11	1.57%	2	2	93	93	4.677993776121412E-4	1	1	429	207	8	3	+G
F8_BC68_191109_LF_LIB_consensus_vsearch	2101	G	*/+C	680	11	1.54%	2	1	93	93	4.6908740151385334E-4	1	1	466	214	11	0	+C
F8_BC68_191109_LF_LIB_consensus_vsearch	2101	G	*/+CC	680	11	1.54%	2	1	93	93	4.6908740151385334E-4	1	1	466	214	11	0	+C
F8_BC68_191109_LF_LIB_consensus_vsearch	2102	C	*/-G	693	7	0.98%	2	2	93	93	0.007695648159281727	1	1	491	202	1	6	-G
F8_BC68_191109_LF_LIB_consensus_vsearch	2106	C	*/-T	684	10	1.41%	2	2	93	93	9.451978971244695E-4	1	1	482	202	3	7	-T
F8_BC68_191109_LF_LIB_consensus_vsearch	2106	C	*/-TT	684	9	1.27%	2	1	93	93	0.0019027423560483373	1	1	482	202	9	0	-T
F8_BC68_191109_LF_LIB_consensus_vsearch	2108	T	*/-G	656	24	3.41%	2	2	93	93	4.848300649432625E-8	1	1	468	188	3	21	-G
F8_BC68_191109_LF_LIB_consensus_vsearch	2114	C	*/-G	685	15	2.11%	2	1	93	93	2.82902313308046E-5	1	1	470	215	15	0	-G
F8_BC68_191109_LF_LIB_consensus_vsearch	2115	G	*/-CG	625	21	3.01%	2	2	93	93	4.042399584708091E-7	1	1	412	213	19	2	-CG
F8_BC68_191109_LF_LIB_consensus_vsearch	2116	C	*/+A	582	40	5.8%	2	1	93	93	4.758970632541361E-13	1	1	370	212	40	0	+A
F8_BC68_191109_LF_LIB_consensus_vsearch	2116	C	*/+T	582	7	1.01%	2	1	93	93	0.007673702245629301	1	1	370	212	7	0	+A
F8_BC68_191109_LF_LIB_consensus_vsearch	2116	C	*/+TT	582	8	1.16%	2	1	93	93	0.00381407083625578	1	1	370	212	8	0	+TT
F8_BC68_191109_LF_LIB_consensus_vsearch	2116	C	*/-G	582	12	1.74%	2	1	93	93	2.3082155254131308E-4	1	1	370	212	12	0	-G
F8_BC68_191109_LF_LIB_consensus_vsearch	2117	G	*/+A	610	10	1.47%	2	1	93	93	9.414939256568898E-4	1	1	400	210	10	0	+A
F8_BC68_191109_LF_LIB_consensus_vsearch	2117	G	*/-A	610	43	6.32%	2	2	93	93	5.5624930526513924E-14	1	1	400	210	42	1	-A
F8_BC68_191109_LF_LIB_consensus_vsearch	2118	A	*/-G	644	17	2.54%	2	2	93	93	6.874583685551155E-6	1	1	429	215	16	1	-G
F8_BC68_191109_LF_LIB_consensus_vsearch	2121	T	*/+C	682	11	1.56%	2	2	93	93	4.6914211039852195E-4	1	1	477	205	10	1	+C
F8_BC68_191109_LF_LIB_consensus_vsearch	2125	C	*/-A	624	10	1.41%	2	1	93	93	9.422603024420415E-4	1	1	412	212	10	0	-A
F8_BC68_191109_LF_LIB_consensus_vsearch	2125	C	*/-AC	624	61	8.6%	2	1	93	93	1.0716092110398825E-19	1	1	412	212	61	0	-AC
F8_BC68_191109_LF_LIB_consensus_vsearch	2126	A	*/-C	557	54	8.42%	2	2	93	93	1.6305606005035426E-17	1	1	354	203	46	8	-C
F8_BC68_191109_LF_LIB_consensus_vsearch	2126	A	*/-CC	557	7	1.09%	2	2	93	93	0.007667571887622288	1	1	354	203	6	1	-C
F8_BC68_191109_LF_LIB_consensus_vsearch	2127	C	*/+T	543	29	4.92%	2	2	93	93	1.2943332925958352E-9	1	1	364	179	1	28	+T
F8_BC68_191109_LF_LIB_consensus_vsearch	2128	C	*/+T	614	7	0.99%	2	2	93	93	0.0076808312175928525	1	1	415	199	1	6	+T
F8_BC68_191109_LF_LIB_consensus_vsearch	2129	C	*/-G	677	8	1.12%	2	2	93	93	0.0038267936108249954	1	1	475	202	5	3	-G
F8_BC68_191109_LF_LIB_consensus_vsearch	2132	T	*/+C	685	16	2.25%	2	1	93	93	1.399366903089498E-5	1	1	472	213	16	0	+C
F8_BC68_191109_LF_LIB_consensus_vsearch	2133	C	*/+A	675	10	1.41%	2	1	93	93	9.447897479611806E-4	1	1	471	204	10	0	+A
F8_BC68_191109_LF_LIB_consensus_vsearch	2133	C	*/-A	675	14	1.97%	2	2	93	93	5.709735862722917E-5	1	1	471	204	4	10	-A
F8_BC68_191109_LF_LIB_consensus_vsearch	2135	A	*/-G	675	21	2.95%	2	2	93	93	4.091379322200152E-7	1	1	469	206	15	6	-G
F8_BC68_191109_LF_LIB_consensus_vsearch	2137	C	*/-AC	660	36	5.08%	2	1	93	93	9.145291362848066E-12	1	1	449	211	36	0	-AC
F8_BC68_191109_LF_LIB_consensus_vsearch	2139	C	*/-G	659	7	1.04%	2	1	93	93	0.007689700807880409	1	1	450	209	7	0	-G
F8_BC68_191109_LF_LIB_consensus_vsearch	2143	T	*/+C	641	53	7.5%	2	2	93	93	3.95530205626658E-17	1	1	435	206	52	1	+C
F8_BC68_191109_LF_LIB_consensus_vsearch	2144	C	*/+TC	688	10	1.41%	2	1	93	93	9.453759502338604E-4	1	1	475	213	10	0	+TC
F8_BC68_191109_LF_LIB_consensus_vsearch	2151	T	*/+G	623	75	10.64%	2	2	93	93	3.238155347771951E-24	1	1	456	167	30	45	+G
F8_BC68_191109_LF_LIB_consensus_vsearch	2154	A	*/-G	676	17	2.4%	2	2	93	93	6.908135569192966E-6	1	1	465	211	14	3	-G
F8_BC68_191109_LF_LIB_consensus_vsearch	2159	C	*/-T	698	11	1.54%	2	1	93	93	4.6956880552387787E-4	1	1	494	204	0	11	-T
F8_BC68_191109_LF_LIB_consensus_vsearch	2160	T	*/+C	655	13	1.85%	2	1	93	93	1.1508393150099846E-4	1	1	459	196	13	0	+C
F8_BC68_191109_LF_LIB_consensus_vsearch	2160	T	*/-C	655	24	3.42%	2	2	93	93	4.846800132503346E-8	1	1	459	196	16	8	-C
F8_BC68_191109_LF_LIB_consensus_vsearch	2162	C	*/-AC	695	7	0.99%	2	1	93	93	0.007695980114598385	1	1	484	211	7	0	-AC
F8_BC68_191109_LF_LIB_consensus_vsearch	2169	A	*/+G	669	9	1.27%	2	2	93	93	0.0019016355659458553	1	1	478	191	1	8	+G
F8_BC68_191109_LF_LIB_consensus_vsearch	2169	A	*/-G	669	17	2.39%	2	2	93	93	6.901053255405842E-6	1	1	478	191	4	13	-G
F8_BC68_191109_LF_LIB_consensus_vsearch	2172	C	*/-A	692	13	1.83%	2	1	93	93	1.154436487484223E-4	1	1	476	216	13	0	-A
F8_BC68_191109_LF_LIB_consensus_vsearch	2175	T	*/-A	672	15	2.11%	2	2	93	93	2.8249255974551705E-5	1	1	461	211	12	3	-A
F8_BC68_191109_LF_LIB_consensus_vsearch	2176	A	*/+G	668	9	1.29%	2	1	93	93	0.0019015600485241956	1	1	468	200	0	9	+G
F8_BC68_191109_LF_LIB_consensus_vsearch	2177	G	*/+A	686	7	0.99%	2	1	93	93	0.007694471271058793	1	1	473	213	7	0	+A
F8_BC68_191109_LF_LIB_consensus_vsearch	2177	G	*/-A	686	10	1.42%	2	2	93	93	9.452871770742829E-4	1	1	473	213	8	2	-A
F8_BC68_191109_LF_LIB_consensus_vsearch	2178	A	*/-G	669	15	2.15%	2	2	93	93	2.8239585220290744E-5	1	1	463	206	9	6	-G
F8_BC68_191109_LF_LIB_consensus_vsearch	2180	G	*/+A	691	8	1.13%	2	1	93	93	0.0038283775544042174	1	1	484	207	0	8	+A
F8_BC68_191109_LF_LIB_consensus_vsearch	2180	G	*/-A	691	7	0.98%	2	2	93	93	0.007695314307205932	1	1	484	207	6	1	+A
F8_BC68_191109_LF_LIB_consensus_vsearch	2186	T	*/+C	695	10	1.41%	2	1	93	93	9.456827270018123E-4	1	1	484	211	10	0	+C
F8_BC68_191109_LF_LIB_consensus_vsearch	2188	A	*/-G	674	10	1.41%	2	2	93	93	9.447437414487541E-4	1	1	471	203	2	8	-G
F8_BC68_191109_LF_LIB_consensus_vsearch	2190	G	*/+A	659	9	1.27%	2	1	93	93	0.0019008702907401438	1	1	485	174	0	9	+A
F8_BC68_191109_LF_LIB_consensus_vsearch	2190	G	*/-CG	659	7	0.99%	2	1	93	93	0.007689700807880409	1	1	485	174	0	7	+A
F8_BC68_191109_LF_LIB_consensus_vsearch	2192	G	*/-A	692	9	1.28%	2	1	93	93	0.0019033134098504238	1	1	485	207	9	0	-A
F8_BC68_191109_LF_LIB_consensus_vsearch	2194	T	*/+C	673	20	2.82%	2	1	93	93	8.298759084023598E-7	1	1	464	209	20	0	+C
F8_BC68_191109_LF_LIB_consensus_vsearch	2195	C	*/+A	682	16	2.27%	2	1	93	93	1.3988405790785406E-5	1	1	472	210	16	0	+A
F8_BC68_191109_LF_LIB_consensus_vsearch	2197	G	*/+T	670	8	1.13%	2	1	93	93	0.0038259772281954976	1	1	463	207	8	0	+T
F8_BC68_191109_LF_LIB_consensus_vsearch	2203	C	*/-GC	692	8	1.13%	2	1	93	93	0.0038284882802459928	1	1	483	209	8	0	-GC
F8_BC68_191109_LF_LIB_consensus_vsearch	2205	C	*/+GC	677	9	1.28%	2	2	93	93	0.001902231834999292	1	1	477	200	7	2	+GC
F8_BC68_191109_LF_LIB_consensus_vsearch	2207	T	*/+C	679	25	3.52%	2	1	93	93	2.3992317540916857E-8	1	1	467	212	25	0	+C
F8_BC68_191109_LF_LIB_consensus_vsearch	2208	C	*/-T	697	12	1.68%	2	2	93	93	2.3294884595327354E-4	1	1	484	213	9	3	-T
F8_BC68_191109_LF_LIB_consensus_vsearch	2209	T	*/+A	582	46	6.58%	2	2	93	93	6.042309003237256E-15	1	1	372	210	45	1	+A
F8_BC68_191109_LF_LIB_consensus_vsearch	2209	T	*/+AA	582	7	1%	2	1	93	93	0.007673702245629301	1	1	372	210	7	0	+A
F8_BC68_191109_LF_LIB_consensus_vsearch	2209	T	*/-A	582	40	5.72%	2	2	93	93	4.758970632541361E-13	1	1	372	210	39	1	-A
F8_BC68_191109_LF_LIB_consensus_vsearch	2209	T	*/-AA	582	11	1.57%	2	2	93	93	4.659611953509893E-4	1	1	372	210	10	1	-A
F8_BC68_191109_LF_LIB_consensus_vsearch	2210	A	*/+G	634	8	1.23%	2	1	93	93	0.0038214989225959874	1	1	420	214	8	0	+G
F8_BC68_191109_LF_LIB_consensus_vsearch	2211	A	*/-G	615	64	9.22%	2	1	93	93	1.141449962772495E-20	1	1	401	214	64	0	-G
F8_BC68_191109_LF_LIB_consensus_vsearch	2212	G	*/+A	601	20	3.14%	2	1	93	93	8.163934777852906E-7	1	1	385	216	20	0	+A
F8_BC68_191109_LF_LIB_consensus_vsearch	2213	A	*/-GA	661	26	3.7%	2	2	93	93	1.1709685121497283E-8	1	1	446	215	25	1	-GA
F8_BC68_191109_LF_LIB_consensus_vsearch	2214	G	*/-A	667	7	1.03%	2	1	93	93	0.007691154004207902	1	1	453	214	7	0	-A
F8_BC68_191109_LF_LIB_consensus_vsearch	2217	C	*/-AC	681	17	2.4%	2	1	93	93	6.91311068787837E-6	1	1	467	214	17	0	-AC
F8_BC68_191109_LF_LIB_consensus_vsearch	2220	G	*/-A	700	11	1.54%	2	1	93	93	4.6962080854259054E-4	1	1	484	216	11	0	-A
F8_BC68_191109_LF_LIB_consensus_vsearch	2222	T	*/-C	571	139	19.5%	2	2	93	93	7.945620731363271E-46	1	1	357	214	138	1	-C
F8_BC68_191109_LF_LIB_consensus_vsearch	2226	G	*/-AG	691	11	1.55%	2	1	93	93	4.6938449023983423E-4	1	1	475	216	11	0	-AG
F8_BC68_191109_LF_LIB_consensus_vsearch	2227	A	*/+G	676	7	1%	2	2	93	93	0.007692748279243189	1	1	474	202	4	3	+G
F8_BC68_191109_LF_LIB_consensus_vsearch	2227	A	*/-G	676	10	1.43%	2	2	93	93	9.448356216352928E-4	1	1	474	202	1	9	-G
F8_BC68_191109_LF_LIB_consensus_vsearch	2228	G	*/+T	679	12	1.73%	2	1	93	93	2.3266187675392302E-4	1	1	484	195	0	12	+T
F8_BC68_191109_LF_LIB_consensus_vsearch	2230	A	*/-C	695	8	1.13%	2	2	93	93	0.003828818576574826	1	1	480	215	6	2	-C
F8_BC68_191109_LF_LIB_consensus_vsearch	2232	C	*/+G	683	7	0.98%	2	2	93	93	0.007693959601990333	1	1	481	202	1	6	+G
F8_BC68_191109_LF_LIB_consensus_vsearch	2233	G	*/-A	677	17	2.4%	2	1	93	93	6.90913610959003E-6	1	1	462	215	17	0	-A
F8_BC68_191109_LF_LIB_consensus_vsearch	2234	A	*/+G	640	26	3.76%	2	2	93	93	1.161929606387115E-8	1	1	452	188	5	21	+G
F8_BC68_191109_LF_LIB_consensus_vsearch	2234	A	*/-G	640	9	1.3%	2	2	93	93	0.0018993517791017233	1	1	452	188	5	4	+G
F8_BC68_191109_LF_LIB_consensus_vsearch	2237	A	*/-C	688	8	1.13%	2	2	93	93	0.0038280434768544216	1	1	485	203	1	7	-C
F8_BC68_191109_LF_LIB_consensus_vsearch	2238	C	*/-T	651	12	1.7%	2	2	93	93	2.3218502008527376E-4	1	1	487	164	1	11	-T
F8_BC68_191109_LF_LIB_consensus_vsearch	2239	T	*/-C	522	167	24.03%	2	2	93	93	5.538415054905061E-56	1	1	344	178	144	23	-C
F8_BC68_191109_LF_LIB_consensus_vsearch	2241	C	*/+A	634	8	1.12%	2	1	93	93	0.0038214989225959874	1	1	478	156	8	0	+A
F8_BC68_191109_LF_LIB_consensus_vsearch	2241	C	*/+G	634	35	4.92%	2	1	93	93	1.8436883548383953E-11	1	1	478	156	0	35	+G
F8_BC68_191109_LF_LIB_consensus_vsearch	2242	G	*/-A	698	10	1.41%	2	1	93	93	9.458123630855411E-4	1	1	482	216	10	0	-A
F8_BC68_191109_LF_LIB_consensus_vsearch	2245	C	*/-T	683	25	3.52%	2	2	93	93	2.4022251169559974E-8	1	1	484	199	8	17	-T
F8_BC68_191109_LF_LIB_consensus_vsearch	2246	T	*/+C	627	43	6.28%	2	1	93	93	5.667705707058964E-14	1	1	435	192	43	0	+C
F8_BC68_191109_LF_LIB_consensus_vsearch	2247	C	*/-G	690	7	0.99%	2	2	93	93	0.007695146664767802	1	1	481	209	5	2	-G
F8_BC68_191109_LF_LIB_consensus_vsearch	2248	G	*/+A	572	10	1.43%	2	1	93	93	9.39230016764963E-4	1	1	359	213	10	0	+A
F8_BC68_191109_LF_LIB_consensus_vsearch	2249	G	*/+A	697	7	0.99%	2	1	93	93	0.007696310189204633	1	1	483	214	7	0	+A
F8_BC68_191109_LF_LIB_consensus_vsearch	2251	T	*/-C	680	26	3.65%	2	1	93	93	1.178730126667451E-8	1	1	464	216	26	0	-C
F8_BC68_191109_LF_LIB_consensus_vsearch	2252	C	*/+G	670	9	1.31%	2	1	93	93	0.0019017108625084104	1	1	453	217	9	0	+G
F8_BC68_191109_LF_LIB_consensus_vsearch	2253	C	*/-T	657	41	5.76%	2	2	93	93	2.483177618666106E-13	1	1	483	174	5	36	-T
F8_BC68_191109_LF_LIB_consensus_vsearch	2256	G	*/-A	701	8	1.12%	2	1	93	93	0.003829470822680027	1	1	484	217	8	0	-A
F8_BC68_191109_LF_LIB_consensus_vsearch	2259	T	*/+A	334	89	12.52%	2	2	93	93	9.079272995837485E-30	1	1	159	175	78	11	+A
F8_BC68_191109_LF_LIB_consensus_vsearch	2259	T	*/+AA	334	19	2.67%	2	2	93	93	1.4872919487977635E-6	1	1	159	175	18	1	+A
F8_BC68_191109_LF_LIB_consensus_vsearch	2259	T	*/-A	334	149	20.96%	2	2	93	93	1.8044984376391588E-51	1	1	159	175	139	10	-A
F8_BC68_191109_LF_LIB_consensus_vsearch	2259	T	*/-AA	334	92	12.94%	2	2	93	93	8.108957062986541E-31	1	1	159	175	78	14	-A
F8_BC68_191109_LF_LIB_consensus_vsearch	2263	A	*/-G	642	29	4.08%	2	2	93	93	1.3673513736739472E-9	1	1	457	185	25	4	-G
F8_BC68_191109_LF_LIB_consensus_vsearch	2264	G	*/+C	633	30	4.44%	2	1	93	93	6.658457892925686E-10	1	1	454	179	0	30	+C
F8_BC68_191109_LF_LIB_consensus_vsearch	2267	C	*/-T	680	12	1.7%	2	2	93	93	2.3267820494486116E-4	1	1	475	205	5	7	-T
F8_BC68_191109_LF_LIB_consensus_vsearch	2268	T	*/+C	611	7	1.01%	2	2	93	93	0.007680194135688583	1	1	432	179	2	5	+C
F8_BC68_191109_LF_LIB_consensus_vsearch	2268	T	*/-C	611	43	6.2%	2	2	93	93	5.568782904761633E-14	1	1	432	179	27	16	-C
F8_BC68_191109_LF_LIB_consensus_vsearch	2268	T	*/-CC	611	27	3.89%	2	2	93	93	5.625774269583803E-9	1	1	432	179	24	3	-C
F8_BC68_191109_LF_LIB_consensus_vsearch	2271	C	*/+T	632	16	2.25%	2	1	93	93	1.3893762575029048E-5	1	1	487	145	0	16	+T
F8_BC68_191109_LF_LIB_consensus_vsearch	2272	G	*/-A	685	15	2.12%	2	2	93	93	2.82902313308046E-5	1	1	473	212	14	1	-A
F8_BC68_191109_LF_LIB_consensus_vsearch	2288	G	*/-C	686	7	0.99%	2	2	93	93	0.007694471271058793	1	1	485	201	1	6	-C
F8_BC68_191109_LF_LIB_consensus_vsearch	2291	C	*/+A	450	16	2.25%	2	2	93	93	1.3386096253716735E-5	1	1	276	174	12	4	+A
F8_BC68_191109_LF_LIB_consensus_vsearch	2291	C	*/-A	450	213	29.96%	2	2	93	93	1.0479699645941168E-73	1	1	276	174	207	6	-A
F8_BC68_191109_LF_LIB_consensus_vsearch	2291	C	*/-AA	450	21	2.95%	2	1	93	93	3.7965654376593505E-7	1	1	276	174	0	21	-A
F8_BC68_191109_LF_LIB_consensus_vsearch	2294	A	*/+G	528	12	1.69%	2	1	93	93	2.295163754405969E-4	1	1	376	152	12	0	+G
F8_BC68_191109_LF_LIB_consensus_vsearch	2294	A	*/-G	528	100	14.12%	2	2	93	93	1.0860574994635385E-32	1	1	376	152	88	12	-G
F8_BC68_191109_LF_LIB_consensus_vsearch	2294	A	*/-GG	528	45	6.36%	2	2	93	93	1.1566748160611951E-14	1	1	376	152	7	38	-G
F8_BC68_191109_LF_LIB_consensus_vsearch	2294	A	*/-GGG	528	7	0.99%	2	2	93	93	0.007659745632203721	1	1	376	152	1	6	-G
F8_BC68_191109_LF_LIB_consensus_vsearch	2297	G	*/+A	678	11	1.56%	2	1	93	93	4.6903237900469013E-4	1	1	479	199	11	0	+A
F8_BC68_191109_LF_LIB_consensus_vsearch	2302	A	*/-C	663	12	1.71%	2	1	93	93	2.323941528275456E-4	1	1	449	214	12	0	-C
F8_BC68_191109_LF_LIB_consensus_vsearch	2304	C	*/+AC	678	8	1.13%	2	1	93	93	0.0038269088833870367	1	1	478	200	8	0	+AC
F8_BC68_191109_LF_LIB_consensus_vsearch	2308	G	*/+C	676	8	1.13%	2	1	93	93	0.0038266780028401756	1	1	460	216	8	0	+C
F8_BC68_191109_LF_LIB_consensus_vsearch	2308	G	*/-C	676	24	3.38%	2	2	93	93	4.8774871744436744E-8	1	1	460	216	23	1	-C
F8_BC68_191109_LF_LIB_consensus_vsearch	2313	A	*/-T	670	29	4.11%	2	2	93	93	1.3847473210885348E-9	1	1	459	211	25	4	-T
F8_BC68_191109_LF_LIB_consensus_vsearch	2315	T	*/+A	681	14	1.97%	2	1	93	93	5.7130566115596164E-5	1	1	467	214	14	0	+A
F8_BC68_191109_LF_LIB_consensus_vsearch	2316	A	*/+G	595	24	3.39%	2	2	93	93	4.7487444582983406E-8	1	1	460	135	8	16	+G
F8_BC68_191109_LF_LIB_consensus_vsearch	2316	A	*/-G	595	61	8.62%	2	2	93	93	1.0043330156528036E-19	1	1	460	135	3	58	-G
F8_BC68_191109_LF_LIB_consensus_vsearch	2327	C	*/-A	687	8	1.13%	2	2	93	93	0.003827931479801315	1	1	486	201	4	4	-A
F8_BC68_191109_LF_LIB_consensus_vsearch	2331	G	*/+C	681	7	0.99%	2	1	93	93	0.007693616017588559	1	1	471	210	7	0	+C
F8_BC68_191109_LF_LIB_consensus_vsearch	2333	G	*/+A	661	13	1.84%	2	1	93	93	1.1514489314702678E-4	1	1	450	211	13	0	+A
F8_BC68_191109_LF_LIB_consensus_vsearch	2335	T	*/-C	694	10	1.41%	2	2	93	93	9.456392717556314E-4	1	1	481	213	7	3	-C
F8_BC68_191109_LF_LIB_consensus_vsearch	2342	C	*/-T	689	10	1.42%	2	2	93	93	9.454201481114765E-4	1	1	486	203	1	9	-T
F8_BC68_191109_LF_LIB_consensus_vsearch	2343	T	*/-C	681	7	1%	2	1	93	93	0.007693616017588559	1	1	487	194	0	7	-C
F8_BC68_191109_LF_LIB_consensus_vsearch	2352	C	*/-AC	691	8	1.13%	2	1	93	93	0.0038283775544042174	1	1	481	210	8	0	-AC
F8_BC68_191109_LF_LIB_consensus_vsearch	2358	T	*/-A	676	19	2.69%	2	2	93	93	1.6837599518308374E-6	1	1	482	194	5	14	-A
F8_BC68_191109_LF_LIB_consensus_vsearch	2359	A	*/+G	660	19	2.76%	2	1	93	93	1.6787517559841914E-6	1	1	464	196	19	0	+G
F8_BC68_191109_LF_LIB_consensus_vsearch	2360	A	*/-G	688	11	1.55%	2	1	93	93	4.6930438187799145E-4	1	1	492	196	0	11	-G
F8_BC68_191109_LF_LIB_consensus_vsearch	2365	T	*/-G	685	12	1.69%	2	1	93	93	2.3275915415398786E-4	1	1	491	194	0	12	-G
F8_BC68_191109_LF_LIB_consensus_vsearch	2369	C	*/-T	669	13	1.84%	2	2	93	93	1.1522453989954195E-4	1	1	472	197	5	8	-T
F8_BC68_191109_LF_LIB_consensus_vsearch	2369	C	*/-TT	669	9	1.27%	2	2	93	93	0.0019016355659458553	1	1	472	197	8	1	-T
F8_BC68_191109_LF_LIB_consensus_vsearch	2371	T	*/+G	678	9	1.29%	2	1	93	93	0.0019023053990612246	1	1	481	197	0	9	+G
F8_BC68_191109_LF_LIB_consensus_vsearch	2377	T	*/+C	669	32	4.51%	2	1	93	93	1.6212502736374716E-10	1	1	455	214	32	0	+C
F8_BC68_191109_LF_LIB_consensus_vsearch	2378	C	*/-A	691	7	0.99%	2	1	93	93	0.007695314307205932	1	1	478	213	7	0	-A
F8_BC68_191109_LF_LIB_consensus_vsearch	2379	A	*/-CA	645	35	5%	2	2	93	93	1.8577143138461967E-11	1	1	440	205	33	2	-CA
F8_BC68_191109_LF_LIB_consensus_vsearch	2382	T	*/-C	698	7	0.98%	2	1	93	93	0.007696474526240225	1	1	482	216	7	0	-C
F8_BC68_191109_LF_LIB_consensus_vsearch	2383	C	*/-A	684	16	2.27%	2	2	93	93	1.3991919466867768E-5	1	1	470	214	15	1	-A
F8_BC68_191109_LF_LIB_consensus_vsearch	2385	C	*/+T	683	8	1.13%	2	2	93	93	0.003827480265442575	1	1	479	204	3	5	+T
F8_BC68_191109_LF_LIB_consensus_vsearch	2385	C	*/-T	683	8	1.13%	2	2	93	93	0.003827480265442575	1	1	479	204	3	5	+T
F8_BC68_191109_LF_LIB_consensus_vsearch	2391	C	*/+A	679	18	2.53%	2	1	93	93	3.4133931644263426E-6	1	1	466	213	18	0	+A
F8_BC68_191109_LF_LIB_consensus_vsearch	2393	C	*/-A	678	7	0.99%	2	2	93	93	0.007693096890205231	1	1	469	209	5	2	-A
F8_BC68_191109_LF_LIB_consensus_vsearch	2395	A	*/-T	654	43	6.07%	2	1	93	93	5.827604227250046E-14	1	1	441	213	43	0	-T
F8_BC68_191109_LF_LIB_consensus_vsearch	2397	T	*/+C	693	8	1.13%	2	2	93	93	0.0038285986916817977	1	1	487	206	1	7	+C
F8_BC68_191109_LF_LIB_consensus_vsearch	2400	C	*/+A	676	11	1.56%	2	1	93	93	4.689770401652236E-4	1	1	477	199	0	11	+A
F8_BC68_191109_LF_LIB_consensus_vsearch	2421	G	*/-TG	644	51	7.23%	2	1	93	93	1.713918241798136E-16	1	1	483	161	0	51	-TG
F8_BC68_191109_LF_LIB_consensus_vsearch	2423	G	*/-C	627	9	1.37%	2	2	93	93	0.0018982609183489257	1	1	466	161	6	3	-C
F8_BC68_191109_LF_LIB_consensus_vsearch	2425	C	*/+A	548	87	12.29%	2	1	93	93	2.731347354937479E-28	1	1	346	202	87	0	+A
F8_BC68_191109_LF_LIB_consensus_vsearch	2425	C	*/+AA	548	10	1.41%	2	1	93	93	9.376431945058487E-4	1	1	346	202	10	0	+A
F8_BC68_191109_LF_LIB_consensus_vsearch	2425	C	*/-A	548	29	4.1%	2	2	93	93	1.2985270174007117E-9	1	1	346	202	25	4	-A
F8_BC68_191109_LF_LIB_consensus_vsearch	2427	A	*/+G	611	14	1.99%	2	2	93	93	5.670451050391852E-5	1	1	451	160	5	9	+G
F8_BC68_191109_LF_LIB_consensus_vsearch	2427	A	*/-G	611	72	10.21%	2	2	93	93	2.936879920884734E-23	1	1	451	160	32	40	-G
F8_BC68_191109_LF_LIB_consensus_vsearch	2432	T	*/+C	688	8	1.13%	2	1	93	93	0.0038280434768544216	1	1	474	214	8	0	+C
F8_BC68_191109_LF_LIB_consensus_vsearch	2432	T	*/-C	688	9	1.27%	2	1	93	93	0.0019030295102081	1	1	474	214	9	0	-C
F8_BC68_191109_LF_LIB_consensus_vsearch	2437	C	*/-G	683	17	2.4%	2	1	93	93	6.915081586262185E-6	1	1	470	213	17	0	-G
F8_BC68_191109_LF_LIB_consensus_vsearch	2449	T	*/+A	355	253	35.73%	2	2	93	93	2.0014631917324927E-91	1	1	315	40	101	152	+A
F8_BC68_191109_LF_LIB_consensus_vsearch	2449	T	*/+AA	355	14	1.98%	2	2	93	93	5.383043242702664E-5	1	1	315	40	9	5	+A
F8_BC68_191109_LF_LIB_consensus_vsearch	2449	T	*/-A	355	56	7.91%	2	2	93	93	1.857810939325626E-18	1	1	315	40	44	12	-A
F8_BC68_191109_LF_LIB_consensus_vsearch	2449	T	*/-AA	355	11	1.55%	2	1	93	93	4.524416693284004E-4	1	1	315	40	11	0	-A
F8_BC68_191109_LF_LIB_consensus_vsearch	2454	G	*/+T	692	8	1.13%	2	2	93	93	0.0038284882802459928	1	1	478	214	7	1	+T
F8_BC68_191109_LF_LIB_consensus_vsearch	2464	C	*/-T	697	7	0.98%	2	1	93	93	0.007696310189204633	1	1	481	216	7	0	-T
F8_BC68_191109_LF_LIB_consensus_vsearch	2474	A	*/+C	679	8	1.13%	2	2	93	93	0.0038270238219715778	1	1	472	207	3	5	+C
F8_BC68_191109_LF_LIB_consensus_vsearch	2474	A	*/-C	679	11	1.55%	2	2	93	93	4.6905992963037265E-4	1	1	472	207	7	4	-C
F8_BC68_191109_LF_LIB_consensus_vsearch	2476	T	*/+C	647	38	5.34%	2	2	93	93	2.1463719271320836E-12	1	1	451	196	26	12	+C
F8_BC68_191109_LF_LIB_consensus_vsearch	2476	T	*/-C	647	20	2.81%	2	2	93	93	8.253233900620601E-7	1	1	451	196	13	7	+C
F8_BC68_191109_LF_LIB_consensus_vsearch	2477	C	*/-A	630	53	7.65%	2	2	93	93	3.887480382279146E-17	1	1	426	204	52	1	-A
F8_BC68_191109_LF_LIB_consensus_vsearch	2482	C	*/-GC	682	17	2.39%	2	1	93	93	6.914097493572195E-6	1	1	466	216	17	0	-GC
F8_BC68_191109_LF_LIB_consensus_vsearch	2484	C	*/+A	667	9	1.3%	2	1	93	93	0.0019014843092738523	1	1	454	213	9	0	+A
F8_BC68_191109_LF_LIB_consensus_vsearch	2486	G	*/-A	700	8	1.13%	2	1	93	93	0.003829362879125778	1	1	485	215	8	0	-A
F8_BC68_191109_LF_LIB_consensus_vsearch	2490	G	*/-A	700	7	0.98%	2	1	93	93	0.00769680180962235	1	1	484	216	7	0	-A
F8_BC68_191109_LF_LIB_consensus_vsearch	2493	C	*/+T	670	11	1.56%	2	2	93	93	4.6880909815982715E-4	1	1	484	186	4	7	+T
F8_BC68_191109_LF_LIB_consensus_vsearch	2493	C	*/-T	670	17	2.41%	2	2	93	93	6.902073510908124E-6	1	1	484	186	1	16	-T
F8_BC68_191109_LF_LIB_consensus_vsearch	2499	C	*/+A	697	7	0.98%	2	1	93	93	0.007696310189204633	1	1	481	216	7	0	+A
F8_BC68_191109_LF_LIB_consensus_vsearch	2501	T	*/+A	684	12	1.69%	2	1	93	93	2.3274305589242978E-4	1	1	475	209	12	0	+A
F8_BC68_191109_LF_LIB_consensus_vsearch	2502	G	*/-TG	651	39	5.52%	2	2	93	93	1.0469053842655901E-12	1	1	467	184	13	26	-TG
F8_BC68_191109_LF_LIB_consensus_vsearch	2504	G	*/+TG	637	13	1.95%	2	2	93	93	1.1489443442884281E-4	1	1	466	171	6	7	+TG
F8_BC68_191109_LF_LIB_consensus_vsearch	2504	G	*/-C	637	7	1.05%	2	2	93	93	0.007685518941658472	1	1	466	171	3	4	+TG
F8_BC68_191109_LF_LIB_consensus_vsearch	2506	C	*/-T	693	12	1.69%	2	2	93	93	2.3288632171703408E-4	1	1	488	205	1	11	-T
F8_BC68_191109_LF_LIB_consensus_vsearch	2507	T	*/+C	640	42	6.02%	2	1	93	93	1.185634587071631E-13	1	1	445	195	42	0	+C
F8_BC68_191109_LF_LIB_consensus_vsearch	2511	T	*/+A	552	19	2.7%	2	2	93	93	1.6380464559277034E-6	1	1	353	199	16	3	+A
F8_BC68_191109_LF_LIB_consensus_vsearch	2511	T	*/-A	552	115	16.34%	2	2	93	93	1.1058834930882505E-37	1	1	353	199	114	1	-A
F8_BC68_191109_LF_LIB_consensus_vsearch	2513	A	*/+G	690	9	1.28%	2	1	93	93	0.0019031718633756593	1	1	477	213	9	0	+G
F8_BC68_191109_LF_LIB_consensus_vsearch	2514	A	*/+G	684	7	0.99%	2	1	93	93	0.007694130650567804	1	1	471	213	7	0	+G
F8_BC68_191109_LF_LIB_consensus_vsearch	2515	G	*/-A	653	30	4.24%	2	1	93	93	6.725673978837852E-10	1	1	439	214	30	0	-A
F8_BC68_191109_LF_LIB_consensus_vsearch	2515	G	*/-AG	653	11	1.56%	2	1	93	93	4.683169949882425E-4	1	1	439	214	11	0	-A
F8_BC68_191109_LF_LIB_consensus_vsearch	2516	A	*/-G	640	22	3.3%	2	2	93	93	1.9967051694293757E-7	1	1	430	210	18	4	-G
F8_BC68_191109_LF_LIB_consensus_vsearch	2528	G	*/-A	695	7	0.99%	2	1	93	93	0.007695980114598385	1	1	480	215	7	0	-A
F8_BC68_191109_LF_LIB_consensus_vsearch	2530	C	*/+G	657	28	3.94%	2	1	93	93	2.811057893243091E-9	1	1	443	214	28	0	+G
F8_BC68_191109_LF_LIB_consensus_vsearch	2530	C	*/-A	657	9	1.27%	2	1	93	93	0.0019007144979249183	1	1	443	214	9	0	+G
F8_BC68_191109_LF_LIB_consensus_vsearch	2531	A	*/-G	613	35	4.99%	2	2	93	93	1.815871024046423E-11	1	1	403	210	33	2	-G
F8_BC68_191109_LF_LIB_consensus_vsearch	2532	G	*/+A	626	39	5.78%	2	1	93	93	1.0247459362098922E-12	1	1	413	213	39	0	+A
F8_BC68_191109_LF_LIB_consensus_vsearch	2533	G	*/+A	614	20	2.81%	2	1	93	93	8.190404295121174E-7	1	1	409	205	20	0	+A
F8_BC68_191109_LF_LIB_consensus_vsearch	2533	G	*/+T	614	13	1.83%	2	2	93	93	1.1463680759254574E-4	1	1	409	205	5	8	+A
F8_BC68_191109_LF_LIB_consensus_vsearch	2533	G	*/-T	614	47	6.6%	2	2	93	93	3.0439634981317585E-15	1	1	409	205	46	1	-T
F8_BC68_191109_LF_LIB_consensus_vsearch	2536	T	*/+G	680	18	2.52%	2	1	93	93	3.413943711714024E-6	1	1	487	193	0	18	+G
F8_BC68_191109_LF_LIB_consensus_vsearch	2538	A	*/-C	613	85	11.99%	2	2	93	93	1.6960927198646194E-27	1	1	484	129	4	81	-C
F8_BC68_191109_LF_LIB_consensus_vsearch	2545	T	*/+C	690	12	1.68%	2	1	93	93	2.3283896823795677E-4	1	1	476	214	12	0	+C
F8_BC68_191109_LF_LIB_consensus_vsearch	2547	A	*/+G	682	8	1.13%	2	2	93	93	0.0038273666483378274	1	1	473	209	7	1	+G
F8_BC68_191109_LF_LIB_consensus_vsearch	2548	G	*/-AGG	690	12	1.69%	2	2	93	93	2.3283896823795677E-4	1	1	476	214	10	2	-AGG
F8_BC68_191109_LF_LIB_consensus_vsearch	2549	A	*/+G	344	20	2.88%	2	2	93	93	7.293227176014746E-7	1	1	150	194	14	6	+G
F8_BC68_191109_LF_LIB_consensus_vsearch	2549	A	*/-G	344	307	44.24%	2	2	93	93	5.697173807548761E-114	1	1	150	194	294	13	-G
F8_BC68_191109_LF_LIB_consensus_vsearch	2549	A	*/-GG	344	20	2.88%	2	2	93	93	7.293227176014746E-7	1	1	150	194	19	1	-G
F8_BC68_191109_LF_LIB_consensus_vsearch	2555	C	*/-A	690	7	0.99%	2	2	93	93	0.007695146664767802	1	1	483	207	6	1	-A
F8_BC68_191109_LF_LIB_consensus_vsearch	2556	A	*/-T	609	72	10.3%	2	2	93	93	2.918933337527178E-23	1	1	413	196	65	7	-T
F8_BC68_191109_LF_LIB_consensus_vsearch	2561	T	*/-C	682	16	2.24%	2	2	93	93	1.3988405790785406E-5	1	1	473	209	11	5	-C
F8_BC68_191109_LF_LIB_consensus_vsearch	2561	T	*/-CCT	682	9	1.26%	2	1	93	93	0.0019025975409729535	1	1	473	209	9	0	-C
F8_BC68_191109_LF_LIB_consensus_vsearch	2563	C	*/-TC	683	13	1.85%	2	2	93	93	1.1535960161590476E-4	1	1	479	204	1	12	-TC
F8_BC68_191109_LF_LIB_consensus_vsearch	2567	A	*/-C	670	28	3.95%	2	2	93	93	2.8261387984858764E-9	1	1	456	214	27	1	-C
F8_BC68_191109_LF_LIB_consensus_vsearch	2569	C	*/-A	695	7	0.98%	2	2	93	93	0.007695980114598385	1	1	483	212	4	3	-A
F8_BC68_191109_LF_LIB_consensus_vsearch	2571	G	*/+AA	682	10	1.4%	2	1	93	93	9.451081060357581E-4	1	1	481	201	0	10	+AA
F8_BC68_191109_LF_LIB_consensus_vsearch	2571	G	*/-A	682	14	1.97%	2	2	93	93	5.713604634080099E-5	1	1	481	201	13	1	-A
F8_BC68_191109_LF_LIB_consensus_vsearch	2572	A	*/-G	673	7	1.01%	2	2	93	93	0.007692221529292311	1	1	463	210	5	2	-G
F8_BC68_191109_LF_LIB_consensus_vsearch	2575	A	*/-CA	626	66	9.27%	2	2	93	93	2.6619390265146637E-21	1	1	427	199	57	9	-CA
F8_BC68_191109_LF_LIB_consensus_vsearch	2584	T	*/-C	499	82	11.55%	2	2	93	93	9.537499213173911E-27	1	1	285	214	81	1	-C
F8_BC68_191109_LF_LIB_consensus_vsearch	2584	T	*/-CC	499	122	17.18%	2	1	93	93	2.5580407965078167E-40	1	1	285	214	122	0	-CC
F8_BC68_191109_LF_LIB_consensus_vsearch	2587	C	*/+G	631	15	2.1%	2	2	93	93	2.81095483782724E-5	1	1	482	149	1	14	+G
F8_BC68_191109_LF_LIB_consensus_vsearch	2588	G	*/-A	655	33	4.66%	2	1	93	93	7.858041794094457E-11	1	1	438	217	33	0	-A
F8_BC68_191109_LF_LIB_consensus_vsearch	2588	G	*/-AG	655	14	1.98%	2	1	93	93	5.698247019721081E-5	1	1	438	217	14	0	-A
F8_BC68_191109_LF_LIB_consensus_vsearch	2598	G	*/+A	569	8	1.12%	2	2	93	93	0.003812005815438782	1	1	409	160	6	2	+A
F8_BC68_191109_LF_LIB_consensus_vsearch	2598	G	*/-A	569	118	16.55%	2	2	93	93	1.2275249985603794E-38	1	1	409	160	64	54	-A
F8_BC68_191109_LF_LIB_consensus_vsearch	2598	G	*/-AA	569	8	1.12%	2	1	93	93	0.003812005815438782	1	1	409	160	8	0	-A
F8_BC68_191109_LF_LIB_consensus_vsearch	2600	A	*/+G	683	12	1.72%	2	1	93	93	2.3272691203554888E-4	1	1	466	217	12	0	+G
F8_BC68_191109_LF_LIB_consensus_vsearch	2603	G	*/-C	676	26	3.67%	2	1	93	93	1.1771274741644436E-8	1	1	488	188	0	26	-C
F8_BC68_191109_LF_LIB_consensus_vsearch	2604	C	*/+A	658	15	2.19%	2	1	93	93	2.8203409459968824E-5	1	1	472	186	15	0	+A
F8_BC68_191109_LF_LIB_consensus_vsearch	2605	G	*/-A	691	15	2.12%	2	1	93	93	2.830864809839213E-5	1	1	477	214	15	0	-A
F8_BC68_191109_LF_LIB_consensus_vsearch	2611	C	*/+A	637	8	1.12%	2	2	93	93	0.003821891110634261	1	1	422	215	7	1	+A
F8_BC68_191109_LF_LIB_consensus_vsearch	2611	C	*/+AA	637	7	0.98%	2	1	93	93	0.007685518941658472	1	1	422	215	7	0	+A
F8_BC68_191109_LF_LIB_consensus_vsearch	2611	C	*/-A	637	46	6.46%	2	2	93	93	6.4886664679882544E-15	1	1	422	215	45	1	-A
F8_BC68_191109_LF_LIB_consensus_vsearch	2611	C	*/-AA	637	12	1.69%	2	1	93	93	2.3193142241339178E-4	1	1	422	215	12	0	-A
F8_BC68_191109_LF_LIB_consensus_vsearch	2613	A	*/+G	680	10	1.43%	2	1	93	93	9.450177994018546E-4	1	1	465	215	10	0	+G
F8_BC68_191109_LF_LIB_consensus_vsearch	2617	C	*/+T	688	8	1.13%	2	1	93	93	0.0038280434768544216	1	1	473	215	8	0	+T
F8_BC68_191109_LF_LIB_consensus_vsearch	2618	G	*/-A	669	36	5.08%	2	2	93	93	9.201101679795663E-12	1	1	454	215	35	1	-A
F8_BC68_191109_LF_LIB_consensus_vsearch	2619	A	*/-T	658	7	1.03%	2	2	93	93	0.007689516707417525	1	1	451	207	1	6	-T
F8_BC68_191109_LF_LIB_consensus_vsearch	2622	A	*/-CTA	647	16	2.25%	2	2	93	93	1.3923602834538202E-5	1	1	438	209	9	7	-CTA
F8_BC68_191109_LF_LIB_consensus_vsearch	2623	C	*/-T	667	8	1.16%	2	2	93	93	0.0038256221918638194	1	1	469	198	6	2	-T
F8_BC68_191109_LF_LIB_consensus_vsearch	2629	T	*/+GAT	686	8	1.13%	2	1	93	93	0.003827819161525346	1	1	472	214	8	0	+GAT
F8_BC68_191109_LF_LIB_consensus_vsearch	2629	T	*/-C	686	7	0.98%	2	1	93	93	0.007694471271058793	1	1	472	214	7	0	+GAT
F8_BC68_191109_LF_LIB_consensus_vsearch	2630	C	*/+G	688	9	1.28%	2	1	93	93	0.0019030295102081	1	1	473	215	9	0	+G
F8_BC68_191109_LF_LIB_consensus_vsearch	2633	T	*/+C	663	26	3.66%	2	2	93	93	1.1718036004172E-8	1	1	449	214	25	1	+C
F8_BC68_191109_LF_LIB_consensus_vsearch	2633	T	*/-C	663	14	1.97%	2	1	93	93	5.702922045814849E-5	1	1	449	214	14	0	+C
F8_BC68_191109_LF_LIB_consensus_vsearch	2634	C	*/+A	682	9	1.29%	2	1	93	93	0.0019025975409729535	1	1	466	216	9	0	+A
F8_BC68_191109_LF_LIB_consensus_vsearch	2635	C	*/+T	675	7	0.99%	2	1	93	93	0.007692573209303539	1	1	462	213	7	0	+T
F8_BC68_191109_LF_LIB_consensus_vsearch	2635	C	*/-G	675	8	1.13%	2	1	93	93	0.003826562057959725	1	1	462	213	8	0	-G
F8_BC68_191109_LF_LIB_consensus_vsearch	2637	C	*/-A	687	8	1.13%	2	1	93	93	0.003827931479801315	1	1	472	215	8	0	-A
F8_BC68_191109_LF_LIB_consensus_vsearch	2638	A	*/-G	658	10	1.43%	2	2	93	93	9.439890893708059E-4	1	1	443	215	9	1	-G
F8_BC68_191109_LF_LIB_consensus_vsearch	2640	G	*/+T	698	7	0.98%	2	1	93	93	0.007696474526240225	1	1	483	215	7	0	+T
F8_BC68_191109_LF_LIB_consensus_vsearch	2643	C	*/-ACC	697	7	0.99%	2	1	93	93	0.007696310189204633	1	1	480	217	7	0	-ACC
F8_BC68_191109_LF_LIB_consensus_vsearch	2646	C	*/-T	689	12	1.7%	2	2	93	93	2.3282309508343565E-4	1	1	481	208	5	7	-T
F8_BC68_191109_LF_LIB_consensus_vsearch	2649	C	*/-G	656	34	4.81%	2	2	93	93	3.8372395332078906E-11	1	1	446	210	33	1	-G
F8_BC68_191109_LF_LIB_consensus_vsearch	2651	G	*/-A	693	9	1.27%	2	2	93	93	0.0019033838827015696	1	1	480	213	7	2	-A
F8_BC68_191109_LF_LIB_consensus_vsearch	2654	A	*/-C	692	11	1.54%	2	2	93	93	4.694110429594632E-4	1	1	479	213	10	1	-C
F8_BC68_191109_LF_LIB_consensus_vsearch	2656	C	*/+T	653	31	4.35%	2	2	93	93	3.2890366165761105E-10	1	1	473	180	4	27	+T
F8_BC68_191109_LF_LIB_consensus_vsearch	2656	C	*/-T	653	10	1.4%	2	2	93	93	9.437458653717638E-4	1	1	473	180	3	7	+T
F8_BC68_191109_LF_LIB_consensus_vsearch	2656	C	*/-TT	653	8	1.12%	2	1	93	93	0.0038239229566628804	1	1	473	180	8	0	+T
F8_BC68_191109_LF_LIB_consensus_vsearch	2658	T	*/+A	671	18	2.55%	2	2	93	93	3.408933784938855E-6	1	1	459	212	17	1	+A
F8_BC68_191109_LF_LIB_consensus_vsearch	2661	T	*/-AC	684	14	1.97%	2	2	93	93	5.714696078688274E-5	1	1	473	211	13	1	-AC
F8_BC68_191109_LF_LIB_consensus_vsearch	2666	C	*/+T	645	8	1.14%	2	2	93	93	0.0038229194169911327	1	1	461	184	3	5	+T
F8_BC68_191109_LF_LIB_consensus_vsearch	2666	C	*/-T	645	11	1.57%	2	2	93	93	4.68076708087644E-4	1	1	461	184	9	2	-T
F8_BC68_191109_LF_LIB_consensus_vsearch	2666	C	*/-TT	645	8	1.14%	2	1	93	93	0.0038229194169911327	1	1	461	184	8	0	-T
F8_BC68_191109_LF_LIB_consensus_vsearch	2669	G	*/-TA	656	23	3.29%	2	2	93	93	9.863533806246941E-8	1	1	453	203	22	1	-TA
F8_BC68_191109_LF_LIB_consensus_vsearch	2672	C	*/+T	668	13	1.84%	2	2	93	93	1.1521468435875795E-4	1	1	488	180	1	12	+T
F8_BC68_191109_LF_LIB_consensus_vsearch	2674	T	*/+C	666	12	1.69%	2	2	93	93	2.3244529801020794E-4	1	1	478	188	5	7	+C
F8_BC68_191109_LF_LIB_consensus_vsearch	2674	T	*/-C	666	20	2.82%	2	2	93	93	8.286822506120228E-7	1	1	478	188	9	11	-C
F8_BC68_191109_LF_LIB_consensus_vsearch	2676	C	*/-T	689	7	1%	2	2	93	93	0.007694978542018557	1	1	492	197	2	5	-T
F8_BC68_191109_LF_LIB_consensus_vsearch	2677	T	*/+C	672	14	2.01%	2	2	93	93	5.708054224146792E-5	1	1	477	195	13	1	+C
F8_BC68_191109_LF_LIB_consensus_vsearch	2678	C	*/+T	673	13	1.85%	2	1	93	93	1.1526368039547316E-4	1	1	487	186	0	13	+T
F8_BC68_191109_LF_LIB_consensus_vsearch	2678	C	*/-T	673	9	1.28%	2	2	93	93	0.001901935436692325	1	1	487	186	1	8	+T
F8_BC68_191109_LF_LIB_consensus_vsearch	2679	T	*/+A	642	27	3.87%	2	2	93	93	5.7009983634792865E-9	1	1	479	163	1	26	+A
F8_BC68_191109_LF_LIB_consensus_vsearch	2679	T	*/-A	642	7	1%	2	2	93	93	0.0076864941835295955	1	1	479	163	5	2	+A
F8_BC68_191109_LF_LIB_consensus_vsearch	2685	G	*/-C	700	8	1.12%	2	1	93	93	0.003829362879125778	1	1	486	214	8	0	-C
F8_BC68_191109_LF_LIB_consensus_vsearch	2687	C	*/+A	684	7	0.98%	2	1	93	93	0.007694130650567804	1	1	473	211	7	0	+A
F8_BC68_191109_LF_LIB_consensus_vsearch	2687	C	*/-G	684	11	1.54%	2	1	93	93	4.691965083280461E-4	1	1	473	211	11	0	-G
F8_BC68_191109_LF_LIB_consensus_vsearch	2688	G	*/-A	686	8	1.14%	2	1	93	93	0.003827819161525346	1	1	472	214	8	0	-A
F8_BC68_191109_LF_LIB_consensus_vsearch	2692	T	*/+C	685	10	1.41%	2	1	93	93	9.452426007191464E-4	1	1	479	206	10	0	+C
F8_BC68_191109_LF_LIB_consensus_vsearch	2693	C	*/-GA	678	10	1.42%	2	1	93	93	9.449269727691985E-4	1	1	473	205	10	0	-GA
F8_BC68_191109_LF_LIB_consensus_vsearch	2694	G	*/+A	651	8	1.14%	2	1	93	93	0.0038236743445426657	1	1	440	211	8	0	+A
F8_BC68_191109_LF_LIB_consensus_vsearch	2694	G	*/-A	651	32	4.58%	2	2	93	93	1.6054946570527986E-10	1	1	440	211	31	1	-A
F8_BC68_191109_LF_LIB_consensus_vsearch	2696	A	*/-G	681	15	2.13%	2	1	93	93	2.827778200608379E-5	1	1	469	212	15	0	-G
F8_BC68_191109_LF_LIB_consensus_vsearch	2700	G	*/+T	654	28	3.96%	2	2	93	93	2.807506110430387E-9	1	1	445	209	26	2	+T
F8_BC68_191109_LF_LIB_consensus_vsearch	2700	G	*/-T	654	18	2.55%	2	2	93	93	3.3991209625364118E-6	1	1	445	209	17	1	+T
F8_BC68_191109_LF_LIB_consensus_vsearch	2704	G	*/-C	688	7	0.99%	2	2	93	93	0.007694809936862327	1	1	482	206	4	3	-C
F8_BC68_191109_LF_LIB_consensus_vsearch	2705	C	*/-T	672	9	1.27%	2	2	93	93	0.0019018607969218603	1	1	482	190	1	8	-T
F8_BC68_191109_LF_LIB_consensus_vsearch	2706	T	*/+C	663	16	2.28%	2	2	93	93	1.3954028146995765E-5	1	1	459	204	14	2	+C
F8_BC68_191109_LF_LIB_consensus_vsearch	2706	T	*/-C	663	18	2.56%	2	2	93	93	3.4043742958726095E-6	1	1	459	204	17	1	-C
F8_BC68_191109_LF_LIB_consensus_vsearch	2708	C	*/+G	674	8	1.12%	2	1	93	93	0.0038264457747110613	1	1	488	186	0	8	+G
F8_BC68_191109_LF_LIB_consensus_vsearch	2708	C	*/+GG	674	10	1.4%	2	1	93	93	9.447437414487541E-4	1	1	488	186	0	10	+GG
F8_BC68_191109_LF_LIB_consensus_vsearch	2708	C	*/-GC	674	7	0.98%	2	2	93	93	0.007692397626735055	1	1	488	186	4	3	+GG
F8_BC68_191109_LF_LIB_consensus_vsearch	2711	A	*/-T	680	20	2.82%	2	1	93	93	8.310470207877182E-7	1	1	484	196	0	20	-T
F8_BC68_191109_LF_LIB_consensus_vsearch	2730	C	*/-GC	683	24	3.37%	2	2	93	93	4.887345133715454E-8	1	1	472	211	21	3	-GC
F8_BC68_191109_LF_LIB_consensus_vsearch	2732	C	*/-AC	651	19	2.76%	2	1	93	93	1.675834937378662E-6	1	1	443	208	19	0	-AC
F8_BC68_191109_LF_LIB_consensus_vsearch	2732	C	*/-ACGC	651	10	1.45%	2	1	93	93	9.436475557806096E-4	1	1	443	208	10	0	-AC
F8_BC68_191109_LF_LIB_consensus_vsearch	2735	G	*/-CG	677	10	1.43%	2	2	93	93	9.448813630496414E-4	1	1	466	211	5	5	-CG
F8_BC68_191109_LF_LIB_consensus_vsearch	2736	C	*/-GT	678	7	1.01%	2	2	93	93	0.007693096890205231	1	1	473	205	4	3	-GT
F8_BC68_191109_LF_LIB_consensus_vsearch	2737	G	*/+CG	661	10	1.44%	2	2	93	93	9.441333010107843E-4	1	1	457	204	8	2	+CG
F8_BC68_191109_LF_LIB_consensus_vsearch	2740	G	*/-C	683	10	1.42%	2	1	93	93	9.451530657497562E-4	1	1	483	200	0	10	-C
F8_BC68_191109_LF_LIB_consensus_vsearch	2741	C	*/-T	673	7	1%	2	2	93	93	0.007692221529292311	1	1	485	188	2	5	-T
F8_BC68_191109_LF_LIB_consensus_vsearch	2742	T	*/+C	609	28	4%	2	1	93	93	2.750743218119963E-9	1	1	405	204	28	0	+C
F8_BC68_191109_LF_LIB_consensus_vsearch	2742	T	*/-C	609	59	8.43%	2	2	93	93	4.543193752521087E-19	1	1	405	204	55	4	-C
F8_BC68_191109_LF_LIB_consensus_vsearch	2744	C	*/-T	688	13	1.83%	2	2	93	93	1.1540655576482854E-4	1	1	478	210	10	3	-T
F8_BC68_191109_LF_LIB_consensus_vsearch	2746	A	*/+C	351	22	3.15%	2	2	93	93	1.733201822300473E-7	1	1	269	82	7	15	+C
F8_BC68_191109_LF_LIB_consensus_vsearch	2746	A	*/-C	351	236	33.76%	2	2	93	93	9.695793182232541E-85	1	1	269	82	159	77	-C
F8_BC68_191109_LF_LIB_consensus_vsearch	2746	A	*/-CC	351	66	9.44%	2	2	93	93	8.28642608289075E-22	1	1	269	82	32	34	-C
F8_BC68_191109_LF_LIB_consensus_vsearch	2746	A	*/-CCC	351	11	1.57%	2	2	93	93	4.5205508421492045E-4	1	1	269	82	6	5	-C
F8_BC68_191109_LF_LIB_consensus_vsearch	2747	C	*/+T	368	10	2.56%	2	1	93	93	9.194317755037062E-4	1	1	284	84	0	10	+T
F8_BC68_191109_LF_LIB_consensus_vsearch	2752	T	*/-C	677	11	1.56%	2	2	93	93	4.690047492968275E-4	1	1	476	201	4	7	-C
F8_BC68_191109_LF_LIB_consensus_vsearch	2754	A	*/+C	671	10	1.43%	2	1	93	93	9.446049190917967E-4	1	1	454	217	10	0	+C
F8_BC68_191109_LF_LIB_consensus_vsearch	2756	C	*/+A	649	23	3.24%	2	1	93	93	9.843755170867964E-8	1	1	450	199	23	0	+A
F8_BC68_191109_LF_LIB_consensus_vsearch	2756	C	*/+G	649	14	1.97%	2	2	93	93	5.6946685381916314E-5	1	1	450	199	3	11	+A
F8_BC68_191109_LF_LIB_consensus_vsearch	2756	C	*/-G	649	7	0.99%	2	1	93	93	0.00768783462368761	1	1	450	199	7	0	+A
F8_BC68_191109_LF_LIB_consensus_vsearch	2757	G	*/-A	662	35	4.96%	2	2	93	93	1.8786940489784577E-11	1	1	450	212	31	4	-A
F8_BC68_191109_LF_LIB_consensus_vsearch	2758	A	*/+G	658	10	1.47%	2	1	93	93	9.439890893708059E-4	1	1	446	212	10	0	+G
F8_BC68_191109_LF_LIB_consensus_vsearch	2763	T	*/+C	691	12	1.7%	2	1	93	93	2.3285479693682914E-4	1	1	491	200	0	12	+C
F8_BC68_191109_LF_LIB_consensus_vsearch	2764	T	*/-C	693	12	1.69%	2	1	93	93	2.3288632171703408E-4	1	1	489	204	0	12	-C
F8_BC68_191109_LF_LIB_consensus_vsearch	2768	T	*/+C	666	21	2.95%	2	1	93	93	4.083055663063967E-7	1	1	454	212	21	0	+C
F8_BC68_191109_LF_LIB_consensus_vsearch	2768	T	*/+CC	666	14	1.97%	2	1	93	93	5.704647503499751E-5	1	1	454	212	14	0	+C
F8_BC68_191109_LF_LIB_consensus_vsearch	2769	C	*/+A	667	14	1.98%	2	1	93	93	5.7052193589098875E-5	1	1	460	207	14	0	+A
F8_BC68_191109_LF_LIB_consensus_vsearch	2769	C	*/+G	667	9	1.27%	2	2	93	93	0.0019014843092738523	1	1	460	207	5	4	+A
F8_BC68_191109_LF_LIB_consensus_vsearch	2769	C	*/-G	667	11	1.55%	2	2	93	93	4.687240267233006E-4	1	1	460	207	9	2	-G
F8_BC68_191109_LF_LIB_consensus_vsearch	2771	G	*/-A	689	11	1.55%	2	2	93	93	4.693311600173773E-4	1	1	478	211	8	3	-A
F8_BC68_191109_LF_LIB_consensus_vsearch	2781	C	*/-G	692	7	0.98%	2	2	93	93	0.007695481471345102	1	1	483	209	2	5	-G
F8_BC68_191109_LF_LIB_consensus_vsearch	2786	G	*/+A	628	7	0.99%	2	1	93	93	0.007683724927463553	1	1	412	216	7	0	+A
F8_BC68_191109_LF_LIB_consensus_vsearch	2790	T	*/-GT	612	86	12.13%	2	2	93	93	7.9306242355330725E-28	1	1	449	163	39	47	-GT
F8_BC68_191109_LF_LIB_consensus_vsearch	2794	C	*/+A	465	11	1.55%	2	2	93	93	4.605737343945907E-4	1	1	257	208	10	1	+A
F8_BC68_191109_LF_LIB_consensus_vsearch	2794	C	*/-A	465	218	30.66%	2	2	93	93	2.3826451585621865E-75	1	1	257	208	217	1	-A
F8_BC68_191109_LF_LIB_consensus_vsearch	2796	A	*/+G	657	31	4.4%	2	1	93	93	3.2958442361708515E-10	1	1	449	208	31	0	+G
F8_BC68_191109_LF_LIB_consensus_vsearch	2797	A	*/-G	640	30	4.23%	2	2	93	93	6.682372937171756E-10	1	1	437	203	24	6	-G
F8_BC68_191109_LF_LIB_consensus_vsearch	2798	G	*/+A	642	14	2.05%	2	1	93	93	5.69041297259133E-5	1	1	442	200	14	0	+A
F8_BC68_191109_LF_LIB_consensus_vsearch	2798	G	*/+AG	642	9	1.32%	2	1	93	93	0.0018995157655824367	1	1	442	200	9	0	+A
F8_BC68_191109_LF_LIB_consensus_vsearch	2799	G	*/+A	654	35	4.92%	2	1	93	93	1.8689242466010474E-11	1	1	442	212	35	0	+A
F8_BC68_191109_LF_LIB_consensus_vsearch	2800	G	*/+AG	668	9	1.26%	2	2	93	93	0.0019015600485241956	1	1	461	207	8	1	+AG
F8_BC68_191109_LF_LIB_consensus_vsearch	2800	G	*/-C	668	11	1.54%	2	2	93	93	4.6875246633014286E-4	1	1	461	207	6	5	-C
F8_BC68_191109_LF_LIB_consensus_vsearch	2801	C	*/+G	634	32	4.6%	2	1	93	93	1.5899652239728695E-10	1	1	434	200	32	0	+G
F8_BC68_191109_LF_LIB_consensus_vsearch	2802	A	*/+G	130	488	69.61%	2	2	93	93	1.5526392246122064E-222	1	1	44	86	392	96	+G
F8_BC68_191109_LF_LIB_consensus_vsearch	2802	A	*/+GG	130	32	4.56%	2	2	93	93	4.2576295737213544E-11	1	1	44	86	13	19	+G
F8_BC68_191109_LF_LIB_consensus_vsearch	2805	A	*/+T	678	14	1.98%	2	1	93	93	5.71140326521087E-5	1	1	483	195	0	14	+T
F8_BC68_191109_LF_LIB_consensus_vsearch	2806	C	*/+A	660	9	1.27%	2	1	93	93	0.001900947840357131	1	1	474	186	9	0	+A
F8_BC68_191109_LF_LIB_consensus_vsearch	2818	G	*/-A	688	7	1%	2	2	93	93	0.007694809936862327	1	1	479	209	5	2	-A
F8_BC68_191109_LF_LIB_consensus_vsearch	2829	T	*/+C	681	7	0.99%	2	2	93	93	0.007693616017588559	1	1	485	196	5	2	+C
F8_BC68_191109_LF_LIB_consensus_vsearch	2829	T	*/-C	681	12	1.7%	2	2	93	93	2.32694486757084E-4	1	1	485	196	2	10	-C
F8_BC68_191109_LF_LIB_consensus_vsearch	2830	C	*/-AC	673	18	2.57%	2	1	93	93	3.4100578853866686E-6	1	1	473	200	18	0	-AC
F8_BC68_191109_LF_LIB_consensus_vsearch	2833	G	*/-A	696	8	1.13%	2	1	93	93	0.0038289280527219385	1	1	481	215	8	0	-A
F8_BC68_191109_LF_LIB_consensus_vsearch	2838	C	*/+A	649	37	5.2%	2	2	93	93	4.418603894876542E-12	1	1	439	210	36	1	+A
F8_BC68_191109_LF_LIB_consensus_vsearch	2838	C	*/-A	649	13	1.83%	2	2	93	93	1.1502188739462001E-4	1	1	439	210	9	4	+A
F8_BC68_191109_LF_LIB_consensus_vsearch	2840	A	*/+G	674	9	1.27%	2	2	93	93	0.0019020098594393618	1	1	465	209	7	2	+G
F8_BC68_191109_LF_LIB_consensus_vsearch	2840	A	*/-G	674	14	1.97%	2	2	93	93	5.709176907287856E-5	1	1	465	209	11	3	-G
F8_BC68_191109_LF_LIB_consensus_vsearch	2841	G	*/+A	656	12	1.72%	2	1	93	93	2.3227305687118882E-4	1	1	446	210	12	0	+A
F8_BC68_191109_LF_LIB_consensus_vsearch	2844	A	*/+T	677	12	1.7%	2	1	93	93	2.3262908044286573E-4	1	1	481	196	0	12	+T
F8_BC68_191109_LF_LIB_consensus_vsearch	2844	A	*/-T	677	9	1.27%	2	2	93	93	0.001902231834999292	1	1	481	196	3	6	+T
F8_BC68_191109_LF_LIB_consensus_vsearch	2845	T	*/+C	688	8	1.14%	2	1	93	93	0.0038280434768544216	1	1	488	200	0	8	+C
F8_BC68_191109_LF_LIB_consensus_vsearch	2846	T	*/+C	680	10	1.41%	2	2	93	93	9.450177994018546E-4	1	1	481	199	2	8	+C
F8_BC68_191109_LF_LIB_consensus_vsearch	2846	T	*/-C	680	12	1.69%	2	2	93	93	2.3267820494486116E-4	1	1	481	199	7	5	-C
F8_BC68_191109_LF_LIB_consensus_vsearch	2852	T	*/+C	687	8	1.13%	2	1	93	93	0.003827931479801315	1	1	490	197	0	8	+C
F8_BC68_191109_LF_LIB_consensus_vsearch	2853	T	*/-C	682	11	1.54%	2	2	93	93	4.6914211039852195E-4	1	1	485	197	2	9	-C
F8_BC68_191109_LF_LIB_consensus_vsearch	2854	C	*/-A	661	29	4.14%	2	1	93	93	1.3792893804506296E-9	1	1	455	206	29	0	-A
F8_BC68_191109_LF_LIB_consensus_vsearch	2854	C	*/-AC	661	7	1%	2	1	93	93	0.0076900673602228325	1	1	455	206	7	0	-A
F8_BC68_191109_LF_LIB_consensus_vsearch	2857	G	*/-A	696	8	1.12%	2	1	93	93	0.0038289280527219385	1	1	485	211	8	0	-A
F8_BC68_191109_LF_LIB_consensus_vsearch	2858	A	*/-G	684	11	1.56%	2	2	93	93	4.691965083280461E-4	1	1	471	213	10	1	-G
F8_BC68_191109_LF_LIB_consensus_vsearch	2866	T	*/-C	630	75	10.55%	2	1	93	93	3.310342123357058E-24	1	1	416	214	75	0	-C
F8_BC68_191109_LF_LIB_consensus_vsearch	2874	T	*/+C	674	17	2.4%	2	1	93	93	6.90612613285916E-6	1	1	469	205	17	0	+C
F8_BC68_191109_LF_LIB_consensus_vsearch	2874	T	*/-C	674	7	0.99%	2	2	93	93	0.007692397626735055	1	1	469	205	2	5	+C
F8_BC68_191109_LF_LIB_consensus_vsearch	2878	T	*/-C	568	127	17.89%	2	2	93	93	1.0338258542364265E-41	1	1	403	165	84	43	-C
F8_BC68_191109_LF_LIB_consensus_vsearch	2882	C	*/-A	696	8	1.12%	2	2	93	93	0.0038289280527219385	1	1	485	211	5	3	-A
F8_BC68_191109_LF_LIB_consensus_vsearch	2883	A	*/-GC	679	8	1.14%	2	1	93	93	0.0038270238219715778	1	1	469	210	8	0	-GC
F8_BC68_191109_LF_LIB_consensus_vsearch	2885	C	*/-AC	664	18	2.57%	2	1	93	93	3.4049498216748786E-6	1	1	450	214	18	0	-AC
F8_BC68_191109_LF_LIB_consensus_vsearch	2888	G	*/-A	688	14	1.98%	2	1	93	93	5.716860745288917E-5	1	1	473	215	14	0	-A
F8_BC68_191109_LF_LIB_consensus_vsearch	2894	G	*/-C	672	26	3.66%	2	2	93	93	1.1755083255080829E-8	1	1	486	186	2	24	-C
F8_BC68_191109_LF_LIB_consensus_vsearch	2898	C	*/-A	675	24	3.39%	2	1	93	93	4.8760641443519385E-8	1	1	461	214	24	0	-A
F8_BC68_191109_LF_LIB_consensus_vsearch	2899	A	*/+C	642	11	1.6%	2	1	93	93	4.679851027335887E-4	1	1	435	207	11	0	+C
F8_BC68_191109_LF_LIB_consensus_vsearch	2899	A	*/+CC	642	10	1.46%	2	1	93	93	9.431977746219286E-4	1	1	435	207	10	0	+C
F8_BC68_191109_LF_LIB_consensus_vsearch	2899	A	*/-CA	642	7	1.02%	2	2	93	93	0.0076864941835295955	1	1	435	207	3	4	+C
F8_BC68_191109_LF_LIB_consensus_vsearch	2900	C	*/+T	669	12	1.71%	2	1	93	93	2.324959998276635E-4	1	1	459	210	12	0	+T
F8_BC68_191109_LF_LIB_consensus_vsearch	2900	C	*/-A	669	7	1%	2	2	93	93	0.007691511945153724	1	1	459	210	6	1	+T
F8_BC68_191109_LF_LIB_consensus_vsearch	2901	A	*/+G	618	10	1.43%	2	2	93	93	9.4193599519434E-4	1	1	426	192	5	5	+G
F8_BC68_191109_LF_LIB_consensus_vsearch	2901	A	*/-G	618	18	2.58%	2	2	93	93	3.3766916691278016E-6	1	1	426	192	5	13	-G
F8_BC68_191109_LF_LIB_consensus_vsearch	2904	A	*/-T	690	11	1.56%	2	2	93	93	4.6935786269801464E-4	1	1	481	209	5	6	-T
F8_BC68_191109_LF_LIB_consensus_vsearch	2906	T	*/-AC	687	12	1.69%	2	2	93	93	2.3279121466020827E-4	1	1	479	208	9	3	-AC
F8_BC68_191109_LF_LIB_consensus_vsearch	2907	A	*/+C	646	7	1.01%	2	2	93	93	0.007687263657391494	1	1	447	199	3	4	+C
F8_BC68_191109_LF_LIB_consensus_vsearch	2907	A	*/-C	646	10	1.44%	2	2	93	93	9.4339918564782E-4	1	1	447	199	6	4	-C
F8_BC68_191109_LF_LIB_consensus_vsearch	2907	A	*/-CC	646	7	1.01%	2	1	93	93	0.007687263657391494	1	1	447	199	7	0	-C
F8_BC68_191109_LF_LIB_consensus_vsearch	2908	C	*/+T	661	9	1.32%	2	1	93	93	0.0019010251601450372	1	1	466	195	0	9	+T
F8_BC68_191109_LF_LIB_consensus_vsearch	2912	G	*/+C	665	15	2.12%	2	2	93	93	2.8226561941462025E-5	1	1	472	193	6	9	+C
F8_BC68_191109_LF_LIB_consensus_vsearch	2912	G	*/-C	665	20	2.82%	2	2	93	93	8.285098496849445E-7	1	1	472	193	8	12	-C
F8_BC68_191109_LF_LIB_consensus_vsearch	2913	C	*/+T	653	26	3.77%	2	1	93	93	1.1675841220961169E-8	1	1	482	171	0	26	+T
F8_BC68_191109_LF_LIB_consensus_vsearch	2915	C	*/+T	686	12	1.69%	2	1	93	93	2.327752070121532E-4	1	1	494	192	0	12	+T
F8_BC68_191109_LF_LIB_consensus_vsearch	2915	C	*/-T	686	7	0.98%	2	2	93	93	0.007694471271058793	1	1	494	192	1	6	+T
F8_BC68_191109_LF_LIB_consensus_vsearch	2916	T	*/-C	675	23	3.27%	2	1	93	93	9.915373522047555E-8	1	1	490	185	0	23	-C
F8_BC68_191109_LF_LIB_consensus_vsearch	2917	C	*/-T	620	22	3.2%	2	2	93	93	1.9855154841717923E-7	1	1	465	155	3	19	-T
F8_BC68_191109_LF_LIB_consensus_vsearch	2917	C	*/-TC	620	37	5.39%	2	2	93	93	4.3196477167157235E-12	1	1	465	155	26	11	-TC
F8_BC68_191109_LF_LIB_consensus_vsearch	2918	T	*/+C	578	47	7.23%	2	1	93	93	2.893370051755068E-15	1	1	399	179	47	0	+C
F8_BC68_191109_LF_LIB_consensus_vsearch	2918	T	*/+CC	578	12	1.85%	2	1	93	93	2.3073291313309075E-4	1	1	399	179	12	0	+C
F8_BC68_191109_LF_LIB_consensus_vsearch	2919	C	*/+G	628	7	1.06%	2	2	93	93	0.007683724927463553	1	1	456	172	2	5	+G
F8_BC68_191109_LF_LIB_consensus_vsearch	2919	C	*/-G	628	16	2.41%	2	2	93	93	1.3885578726531942E-5	1	1	456	172	2	14	-G
F8_BC68_191109_LF_LIB_consensus_vsearch	2919	C	*/-GG	628	8	1.21%	2	1	93	93	0.003820703504447891	1	1	456	172	0	8	-G
F8_BC68_191109_LF_LIB_consensus_vsearch	2924	T	*/+G	677	14	1.96%	2	1	93	93	5.710849035009345E-5	1	1	464	213	14	0	+G
F8_BC68_191109_LF_LIB_consensus_vsearch	2924	T	*/-A	677	12	1.68%	2	2	93	93	2.3262908044286573E-4	1	1	464	213	11	1	+G
F8_BC68_191109_LF_LIB_consensus_vsearch	2925	A	*/-G	648	19	2.71%	2	2	93	93	1.6748460770503686E-6	1	1	440	208	12	7	-G
F8_BC68_191109_LF_LIB_consensus_vsearch	2928	T	*/+G	691	9	1.27%	2	2	93	93	0.0019032427370135523	1	1	483	208	4	5	+G
F8_BC68_191109_LF_LIB_consensus_vsearch	2929	G	*/-A	685	18	2.53%	2	2	93	93	3.4166739671643E-6	1	1	476	209	16	2	-A
F8_BC68_191109_LF_LIB_consensus_vsearch	2933	G	*/-C	665	35	4.92%	2	2	93	93	1.8823115629040064E-11	1	1	453	212	31	4	-C
F8_BC68_191109_LF_LIB_consensus_vsearch	2936	C	*/-A	691	9	1.26%	2	1	93	93	0.0019032427370135523	1	1	476	215	9	0	-A
F8_BC68_191109_LF_LIB_consensus_vsearch	2942	C	*/-T	694	7	0.99%	2	1	93	93	0.007695814373028502	1	1	487	207	0	7	-T
F8_BC68_191109_LF_LIB_consensus_vsearch	2947	T	*/+C	677	20	2.83%	2	1	93	93	8.305478350782384E-7	1	1	468	209	20	0	+C
F8_BC68_191109_LF_LIB_consensus_vsearch	2952	G	*/+CT	669	7	1%	2	1	93	93	0.007691511945153724	1	1	462	207	7	0	+CT
F8_BC68_191109_LF_LIB_consensus_vsearch	2953	T	*/-A	657	14	2.01%	2	1	93	93	5.699425972311672E-5	1	1	467	190	14	0	-A
F8_BC68_191109_LF_LIB_consensus_vsearch	2954	A	*/-G	621	11	1.6%	2	2	93	93	4.6731984810845727E-4	1	1	419	202	7	4	-G
F8_BC68_191109_LF_LIB_consensus_vsearch	2954	A	*/-GCG	621	12	1.74%	2	2	93	93	2.31628098627824E-4	1	1	419	202	7	5	-GCG
F8_BC68_191109_LF_LIB_consensus_vsearch	2955	G	*/+C	640	12	1.76%	2	1	93	93	2.319866661695591E-4	1	1	440	200	12	0	+C
F8_BC68_191109_LF_LIB_consensus_vsearch	2955	G	*/-C	640	9	1.32%	2	2	93	93	0.0018993517791017233	1	1	440	200	7	2	+C
F8_BC68_191109_LF_LIB_consensus_vsearch	2956	C	*/+T	598	30	4.37%	2	2	93	93	6.532133573147577E-10	1	1	402	196	29	1	+T
F8_BC68_191109_LF_LIB_consensus_vsearch	2956	C	*/-G	598	7	1.02%	2	1	93	93	0.007677360682574865	1	1	402	196	7	0	+T
F8_BC68_191109_LF_LIB_consensus_vsearch	2957	G	*/-CGCG	626	18	2.61%	2	2	93	93	3.381882448475114E-6	1	1	434	192	2	16	-CGCG
F8_BC68_191109_LF_LIB_consensus_vsearch	2958	C	*/+T	646	15	2.17%	2	1	93	93	2.816261220005829E-5	1	1	454	192	15	0	+T
F8_BC68_191109_LF_LIB_consensus_vsearch	2958	C	*/-G	646	10	1.45%	2	1	93	93	9.4339918564782E-4	1	1	454	192	10	0	+T
F8_BC68_191109_LF_LIB_consensus_vsearch	2959	G	*/+CC	493	9	1.33%	2	1	93	93	0.001883755692535608	1	1	340	153	9	0	+CC
F8_BC68_191109_LF_LIB_consensus_vsearch	2959	G	*/-C	493	20	2.95%	2	2	93	93	7.89608689678785E-7	1	1	340	153	19	1	-C
F8_BC68_191109_LF_LIB_consensus_vsearch	2959	G	*/-CG	493	138	20.32%	2	2	93	93	6.278480872591252E-46	1	1	340	153	96	42	-CG
F8_BC68_191109_LF_LIB_consensus_vsearch	2961	G	*/+A	464	40	7.25%	2	1	93	93	4.063833284546994E-13	1	1	321	143	40	0	+A
F8_BC68_191109_LF_LIB_consensus_vsearch	2961	G	*/+CG	464	8	1.45%	2	2	93	93	0.0037911862558090196	1	1	321	143	4	4	+A
F8_BC68_191109_LF_LIB_consensus_vsearch	2963	G	*/-CG	665	8	1.14%	2	2	93	93	0.003825383751108893	1	1	460	205	6	2	-CG
F8_BC68_191109_LF_LIB_consensus_vsearch	2966	G	*/-C	669	19	2.68%	2	1	93	93	1.6815960917519931E-6	1	1	455	214	19	0	-C
F8_BC68_191109_LF_LIB_consensus_vsearch	2969	C	*/+A	683	13	1.83%	2	1	93	93	1.1535960161590476E-4	1	1	475	208	13	0	+A
F8_BC68_191109_LF_LIB_consensus_vsearch	2969	C	*/-A	683	7	0.98%	2	2	93	93	0.007693959601990333	1	1	475	208	5	2	+A
F8_BC68_191109_LF_LIB_consensus_vsearch	2970	A	*/+G	655	14	1.99%	2	2	93	93	5.698247019721081E-5	1	1	481	174	2	12	+G
F8_BC68_191109_LF_LIB_consensus_vsearch	2970	A	*/-G	655	26	3.69%	2	2	93	93	1.1684368942048827E-8	1	1	481	174	1	25	-G
F8_BC68_191109_LF_LIB_consensus_vsearch	2976	T	*/+C	695	8	1.13%	2	1	93	93	0.003828818576574826	1	1	484	211	8	0	+C
F8_BC68_191109_LF_LIB_consensus_vsearch	2977	C	*/-T	696	10	1.41%	2	2	93	93	9.457260602997546E-4	1	1	487	209	4	6	-T
F8_BC68_191109_LF_LIB_consensus_vsearch	2978	T	*/+A	637	38	5.44%	2	1	93	93	2.129178874910704E-12	1	1	429	208	38	0	+A
F8_BC68_191109_LF_LIB_consensus_vsearch	2978	T	*/-A	637	14	2.01%	2	2	93	93	5.6873186604372365E-5	1	1	429	208	13	1	+A
F8_BC68_191109_LF_LIB_consensus_vsearch	2980	A	*/-G	680	13	1.83%	2	2	93	93	1.1533111024855475E-4	1	1	469	211	10	3	-G
F8_BC68_191109_LF_LIB_consensus_vsearch	2987	C	*/-A	691	7	0.99%	2	1	93	93	0.007695314307205932	1	1	479	212	7	0	-A
F8_BC68_191109_LF_LIB_consensus_vsearch	2988	A	*/+C	672	7	0.99%	2	1	93	93	0.007692044914716208	1	1	461	211	7	0	+C
F8_BC68_191109_LF_LIB_consensus_vsearch	2990	A	*/-G	684	9	1.26%	2	2	93	93	0.0019027423560483373	1	1	477	207	8	1	-G
F8_BC68_191109_LF_LIB_consensus_vsearch	2992	A	*/+C	687	13	1.84%	2	2	93	93	1.1539721756013441E-4	1	1	486	201	2	11	+C
F8_BC68_191109_LF_LIB_consensus_vsearch	2996	G	*/-T	686	13	1.83%	2	2	93	93	1.1538785315412462E-4	1	1	478	208	8	5	-T
F8_BC68_191109_LF_LIB_consensus_vsearch	2998	T	*/-A	612	60	8.44%	2	1	93	93	2.185456852354176E-19	1	1	406	206	60	0	-A
F8_BC68_191109_LF_LIB_consensus_vsearch	2998	T	*/-ATT	612	22	3.09%	2	2	93	93	1.980857101534361E-7	1	1	406	206	20	2	-A
F8_BC68_191109_LF_LIB_consensus_vsearch	2999	A	*/-T	597	8	1.28%	2	1	93	93	0.003816343880444348	1	1	398	199	0	8	-T
F8_BC68_191109_LF_LIB_consensus_vsearch	3002	G	*/-C	656	30	4.28%	2	2	93	93	6.73546694333086E-10	1	1	462	194	12	18	-C
F8_BC68_191109_LF_LIB_consensus_vsearch	3004	C	*/+A	609	17	2.4%	2	2	93	93	6.83412432187731E-6	1	1	449	160	16	1	+A
F8_BC68_191109_LF_LIB_consensus_vsearch	3004	C	*/-A	609	38	5.37%	2	2	93	93	2.078932669446642E-12	1	1	449	160	15	23	-A
F8_BC68_191109_LF_LIB_consensus_vsearch	3006	A	*/-G	648	40	5.65%	2	2	93	93	5.073445497604821E-13	1	1	467	181	17	23	-G
F8_BC68_191109_LF_LIB_consensus_vsearch	3008	C	*/-AC	682	10	1.42%	2	1	93	93	9.451081060357581E-4	1	1	471	211	10	0	-AC
F8_BC68_191109_LF_LIB_consensus_vsearch	3009	A	*/-C	673	9	1.29%	2	2	93	93	0.001901935436692325	1	1	468	205	3	6	-C
F8_BC68_191109_LF_LIB_consensus_vsearch	3011	C	*/-T	688	10	1.41%	2	2	93	93	9.453759502338604E-4	1	1	483	205	3	7	-T
F8_BC68_191109_LF_LIB_consensus_vsearch	3012	T	*/+C	667	7	1%	2	2	93	93	0.007691154004207902	1	1	461	206	6	1	+C
F8_BC68_191109_LF_LIB_consensus_vsearch	3012	T	*/-C	667	19	2.72%	2	2	93	93	1.6809701425482997E-6	1	1	461	206	18	1	-C
F8_BC68_191109_LF_LIB_consensus_vsearch	3014	C	*/-AC	667	28	3.97%	2	1	93	93	2.8227025943831423E-9	1	1	457	210	28	0	-AC
F8_BC68_191109_LF_LIB_consensus_vsearch	3017	G	*/-C	657	35	4.93%	2	2	93	93	1.8726090941473264E-11	1	1	459	198	25	10	-C
F8_BC68_191109_LF_LIB_consensus_vsearch	3018	C	*/+T	645	22	3.26%	2	1	93	93	1.9994054001357206E-7	1	1	464	181	0	22	+T
F8_BC68_191109_LF_LIB_consensus_vsearch	3019	C	*/+T	680	12	1.69%	2	1	93	93	2.3267820494486116E-4	1	1	485	195	0	12	+T
F8_BC68_191109_LF_LIB_consensus_vsearch	3020	C	*/-T	631	67	9.42%	2	2	93	93	1.2836412551407641E-21	1	1	478	153	11	56	-T
F8_BC68_191109_LF_LIB_consensus_vsearch	3020	C	*/-TT	631	7	0.98%	2	2	93	93	0.007684328538188862	1	1	478	153	3	4	-T
F8_BC68_191109_LF_LIB_consensus_vsearch	3024	A	*/-C	689	11	1.54%	2	2	93	93	4.693311600173773E-4	1	1	477	212	9	2	-C
F8_BC68_191109_LF_LIB_consensus_vsearch	3026	C	*/-G	679	8	1.12%	2	2	93	93	0.0038270238219715778	1	1	485	194	5	3	-G
F8_BC68_191109_LF_LIB_consensus_vsearch	3026	C	*/-GG	679	10	1.4%	2	1	93	93	9.449724513676984E-4	1	1	485	194	0	10	-GG
F8_BC68_191109_LF_LIB_consensus_vsearch	3031	G	*/+C	689	7	0.99%	2	1	93	93	0.007694978542018557	1	1	475	214	7	0	+C
F8_BC68_191109_LF_LIB_consensus_vsearch	3031	G	*/-C	689	7	0.99%	2	2	93	93	0.007694978542018557	1	1	475	214	5	2	+C
F8_BC68_191109_LF_LIB_consensus_vsearch	3036	T	*/+C	555	36	5.08%	2	2	93	93	8.399199675591037E-12	1	1	361	194	35	1	+C
F8_BC68_191109_LF_LIB_consensus_vsearch	3036	T	*/-C	555	69	9.73%	2	2	93	93	2.3154847402726483E-22	1	1	361	194	57	12	-C
F8_BC68_191109_LF_LIB_consensus_vsearch	3036	T	*/-CC	555	40	5.64%	2	2	93	93	4.616421231558296E-13	1	1	361	194	36	4	-C
F8_BC68_191109_LF_LIB_consensus_vsearch	3039	C	*/+A	656	8	1.13%	2	1	93	93	0.0038242930806613286	1	1	473	183	8	0	+A
F8_BC68_191109_LF_LIB_consensus_vsearch	3039	C	*/+T	656	7	0.98%	2	1	93	93	0.007689146845504986	1	1	473	183	0	7	+A
F8_BC68_191109_LF_LIB_consensus_vsearch	3039	C	*/+TG	656	8	1.13%	2	1	93	93	0.0038242930806613286	1	1	473	183	0	8	+TG
F8_BC68_191109_LF_LIB_consensus_vsearch	3040	C	*/+T	545	11	1.54%	2	1	93	93	4.6449877293201324E-4	1	1	365	180	11	0	+T
F8_BC68_191109_LF_LIB_consensus_vsearch	3040	C	*/-A	545	26	3.65%	2	2	93	93	1.1137587803801776E-8	1	1	365	180	21	5	-A
F8_BC68_191109_LF_LIB_consensus_vsearch	3045	C	*/-GC	672	24	3.38%	2	2	93	93	4.87177261025069E-8	1	1	487	185	6	18	-GC
F8_BC68_191109_LF_LIB_consensus_vsearch	3047	C	*/+A	605	11	1.61%	2	1	93	93	4.6678297099811E-4	1	1	431	174	11	0	+A
F8_BC68_191109_LF_LIB_consensus_vsearch	3047	C	*/-A	605	46	6.74%	2	2	93	93	6.234569008718783E-15	1	1	431	174	44	2	-A
F8_BC68_191109_LF_LIB_consensus_vsearch	3048	A	*/+G	643	9	1.36%	2	1	93	93	0.0018995973843444253	1	1	436	207	9	0	+G
F8_BC68_191109_LF_LIB_consensus_vsearch	3049	A	*/-G	686	9	1.27%	2	2	93	93	0.001902886343431154	1	1	476	210	8	1	-G
F8_BC68_191109_LF_LIB_consensus_vsearch	3050	G	*/+A	645	21	3%	2	1	93	93	4.062816156075314E-7	1	1	432	213	21	0	+A
F8_BC68_191109_LF_LIB_consensus_vsearch	3050	G	*/-A	645	20	2.85%	2	1	93	93	8.249593140700269E-7	1	1	432	213	20	0	+A
F8_BC68_191109_LF_LIB_consensus_vsearch	3050	G	*/-AAG	645	9	1.28%	2	1	93	93	0.0018997598786030976	1	1	432	213	9	0	+A
F8_BC68_191109_LF_LIB_consensus_vsearch	3051	A	*/+GA	655	8	1.17%	2	1	93	93	0.003824170076316906	1	1	445	210	8	0	+GA
F8_BC68_191109_LF_LIB_consensus_vsearch	3053	G	*/-A	656	26	3.71%	2	1	93	93	1.1688616007241691E-8	1	1	444	212	26	0	-A
F8_BC68_191109_LF_LIB_consensus_vsearch	3053	G	*/-AG	656	7	1%	2	2	93	93	0.007689146845504986	1	1	444	212	5	2	-A
F8_BC68_191109_LF_LIB_consensus_vsearch	3054	A	*/+G	651	7	1.03%	2	1	93	93	0.007688212384386832	1	1	439	212	7	0	+G
F8_BC68_191109_LF_LIB_consensus_vsearch	3054	A	*/-G	651	9	1.32%	2	2	93	93	0.0019002414957144614	1	1	439	212	6	3	-G
F8_BC68_191109_LF_LIB_consensus_vsearch	3057	G	*/-C	688	10	1.41%	2	2	93	93	9.453759502338604E-4	1	1	481	207	8	2	-C
F8_BC68_191109_LF_LIB_consensus_vsearch	3058	C	*/+GC	678	12	1.72%	2	1	93	93	2.3264550198641236E-4	1	1	471	207	12	0	+GC
F8_BC68_191109_LF_LIB_consensus_vsearch	3059	C	*/-GCC	664	24	3.38%	2	2	93	93	4.8601613185980774E-8	1	1	472	192	8	16	-GCC
F8_BC68_191109_LF_LIB_consensus_vsearch	3060	G	*/+C	631	7	1.03%	2	2	93	93	0.007684328538188862	1	1	460	171	3	4	+C
F8_BC68_191109_LF_LIB_consensus_vsearch	3060	G	*/-C	631	30	4.4%	2	2	93	93	6.651545842694509E-10	1	1	460	171	11	19	-C
F8_BC68_191109_LF_LIB_consensus_vsearch	3063	C	*/-TC	684	16	2.26%	2	1	93	93	1.3991919466867768E-5	1	1	492	192	0	16	-TC
F8_BC68_191109_LF_LIB_consensus_vsearch	3064	T	*/+C	668	9	1.31%	2	1	93	93	0.0019015600485241956	1	1	478	190	9	0	+C
F8_BC68_191109_LF_LIB_consensus_vsearch	3065	C	*/+G	631	8	1.15%	2	2	93	93	0.0038211030710563797	1	1	438	193	6	2	+G
F8_BC68_191109_LF_LIB_consensus_vsearch	3065	C	*/-G	631	29	4.18%	2	1	93	93	1.3601690492563462E-9	1	1	438	193	29	0	-G
F8_BC68_191109_LF_LIB_consensus_vsearch	3065	C	*/-GA	631	15	2.16%	2	2	93	93	2.81095483782724E-5	1	1	438	193	14	1	-G
F8_BC68_191109_LF_LIB_consensus_vsearch	3066	G	*/+A	627	11	1.65%	2	1	93	93	4.675143289757741E-4	1	1	415	212	11	0	+A
F8_BC68_191109_LF_LIB_consensus_vsearch	3066	G	*/-A	627	14	2.1%	2	1	93	93	5.680988914870278E-5	1	1	415	212	14	0	-A
F8_BC68_191109_LF_LIB_consensus_vsearch	3066	G	*/-AA	627	7	1.05%	2	1	93	93	0.007683522458510221	1	1	415	212	7	0	-A
F8_BC68_191109_LF_LIB_consensus_vsearch	3068	A	*/-G	668	12	1.7%	2	2	93	93	2.324791481283335E-4	1	1	455	213	11	1	-G
F8_BC68_191109_LF_LIB_consensus_vsearch	3068	A	*/-GC	668	11	1.56%	2	1	93	93	4.6875246633014286E-4	1	1	455	213	11	0	-G
F8_BC68_191109_LF_LIB_consensus_vsearch	3069	G	*/+C	549	23	3.35%	2	1	93	93	9.513290118982576E-8	1	1	336	213	23	0	+C
F8_BC68_191109_LF_LIB_consensus_vsearch	3069	G	*/-C	549	38	5.54%	2	2	93	93	1.9596195176140258E-12	1	1	336	213	37	1	-C
F8_BC68_191109_LF_LIB_consensus_vsearch	3069	G	*/-CC	549	45	6.56%	2	1	93	93	1.1955265395560004E-14	1	1	336	213	45	0	-CC
F8_BC68_191109_LF_LIB_consensus_vsearch	3070	C	*/+T	593	7	1.14%	2	2	93	93	0.007676238309885784	1	1	383	210	2	5	+T
F8_BC68_191109_LF_LIB_consensus_vsearch	3072	C	*/+A	300	254	35.67%	2	2	93	93	9.111880429967723E-94	1	1	285	15	100	154	+A
F8_BC68_191109_LF_LIB_consensus_vsearch	3072	C	*/+AA	300	47	6.6%	2	2	93	93	1.3363259344962122E-15	1	1	285	15	18	29	+A
F8_BC68_191109_LF_LIB_consensus_vsearch	3072	C	*/+AAA	300	14	1.97%	2	2	93	93	5.263337128991013E-5	1	1	285	15	10	4	+A
F8_BC68_191109_LF_LIB_consensus_vsearch	3072	C	*/-A	300	19	2.67%	2	2	93	93	1.447219660899147E-6	1	1	285	15	17	2	-A
F8_BC68_191109_LF_LIB_consensus_vsearch	3081	T	*/+A	659	11	1.56%	2	2	93	93	4.6849349314201534E-4	1	1	449	210	9	2	+A
F8_BC68_191109_LF_LIB_consensus_vsearch	3081	T	*/+G	659	16	2.26%	2	2	93	93	1.3946552470363115E-5	1	1	449	210	14	2	+G
F8_BC68_191109_LF_LIB_consensus_vsearch	3081	T	*/-G	659	7	0.99%	2	1	93	93	0.007689700807880409	1	1	449	210	7	0	+G
F8_BC68_191109_LF_LIB_consensus_vsearch	3082	G	*/-A	650	33	4.67%	2	2	93	93	7.834910207962099E-11	1	1	436	214	31	2	-A
F8_BC68_191109_LF_LIB_consensus_vsearch	3083	A	*/+G	158	313	46.17%	2	2	93	93	3.5455348110703474E-130	1	1	134	24	131	182	+G
F8_BC68_191109_LF_LIB_consensus_vsearch	3083	A	*/+GG	158	10	1.47%	2	2	93	93	8.508146096123988E-4	1	1	134	24	5	5	+G
F8_BC68_191109_LF_LIB_consensus_vsearch	3083	A	*/-G	158	10	1.47%	2	1	93	93	8.508146096123988E-4	1	1	134	24	10	0	+G
F8_BC68_191109_LF_LIB_consensus_vsearch	3083	A	*/-GGA	158	115	16.96%	2	1	93	93	5.063137434938847E-42	1	1	134	24	115	0	-GGA
F8_BC68_191109_LF_LIB_consensus_vsearch	3093	G	*/-C	686	10	1.42%	2	2	93	93	9.452871770742829E-4	1	1	476	210	8	2	-C
F8_BC68_191109_LF_LIB_consensus_vsearch	3095	C	*/-A	646	40	5.63%	2	2	93	93	5.064561038866064E-13	1	1	446	200	39	1	-A
F8_BC68_191109_LF_LIB_consensus_vsearch	3097	A	*/-C	636	39	5.48%	2	2	93	93	1.0337552921629723E-12	1	1	426	210	36	3	-C
F8_BC68_191109_LF_LIB_consensus_vsearch	3099	C	*/+T	585	14	1.97%	2	1	93	93	5.652159163288675E-5	1	1	398	187	0	14	+T
F8_BC68_191109_LF_LIB_consensus_vsearch	3099	C	*/-T	585	27	3.8%	2	2	93	93	5.557550459299974E-9	1	1	398	187	14	13	-T
F8_BC68_191109_LF_LIB_consensus_vsearch	3099	C	*/-TT	585	73	10.28%	2	2	93	93	1.2777807372300368E-23	1	1	398	187	72	1	-TT
F8_BC68_191109_LF_LIB_consensus_vsearch	3101	T	*/-G	579	16	2.51%	2	2	93	93	1.3776738968811594E-5	1	1	382	197	3	13	-G
F8_BC68_191109_LF_LIB_consensus_vsearch	3105	T	*/+C	688	7	0.98%	2	2	93	93	0.007694809936862327	1	1	482	206	4	3	+C
F8_BC68_191109_LF_LIB_consensus_vsearch	3107	T	*/+C	672	10	1.42%	2	1	93	93	9.44651327595617E-4	1	1	466	206	10	0	+C
F8_BC68_191109_LF_LIB_consensus_vsearch	3113	T	*/-C	676	18	2.55%	2	2	93	93	3.4117324188074714E-6	1	1	481	195	2	16	-C
F8_BC68_191109_LF_LIB_consensus_vsearch	3114	C	*/-G	665	13	1.88%	2	2	93	93	1.1518494678179604E-4	1	1	473	192	12	1	-G
F8_BC68_191109_LF_LIB_consensus_vsearch	3116	C	*/+T	676	12	1.7%	2	1	93	93	2.3261261192221447E-4	1	1	478	198	0	12	+T
F8_BC68_191109_LF_LIB_consensus_vsearch	3117	T	*/-C	687	9	1.27%	2	2	93	93	0.0019029580289553435	1	1	484	203	1	8	-C
F8_BC68_191109_LF_LIB_consensus_vsearch	3123	T	*/+C	677	23	3.24%	2	1	93	93	9.920679230736577E-8	1	1	463	214	23	0	+C
F8_BC68_191109_LF_LIB_consensus_vsearch	3124	C	*/+A	679	7	0.98%	2	1	93	93	0.007693270435678032	1	1	471	208	7	0	+A
F8_BC68_191109_LF_LIB_consensus_vsearch	3124	C	*/-G	679	19	2.67%	2	2	93	93	1.6846746908355057E-6	1	1	471	208	12	7	-G
F8_BC68_191109_LF_LIB_consensus_vsearch	3126	G	*/-A	698	9	1.26%	2	2	93	93	0.0019037332770426652	1	1	484	214	8	1	-A
F8_BC68_191109_LF_LIB_consensus_vsearch	3132	A	*/-C	683	9	1.26%	2	2	93	93	0.0019026700524163046	1	1	473	210	7	2	-C
F8_BC68_191109_LF_LIB_consensus_vsearch	3135	A	*/-G	696	7	0.98%	2	1	93	93	0.007696145385976602	1	1	483	213	7	0	-G
F8_BC68_191109_LF_LIB_consensus_vsearch	3137	A	*/+C	689	15	2.1%	2	2	93	93	2.8302543093183694E-5	1	1	474	215	14	1	+C
F8_BC68_191109_LF_LIB_consensus_vsearch	3138	C	*/+A	681	10	1.4%	2	2	93	93	9.450630174371408E-4	1	1	466	215	9	1	+A
F8_BC68_191109_LF_LIB_consensus_vsearch	3138	C	*/-A	681	16	2.25%	2	1	93	93	1.3986641638276495E-5	1	1	466	215	16	0	-A
F8_BC68_191109_LF_LIB_consensus_vsearch	3144	A	*/+C	586	8	1.13%	2	2	93	93	0.00381468814385855	1	1	379	207	3	5	+C
F8_BC68_191109_LF_LIB_consensus_vsearch	3144	A	*/-C	586	104	14.65%	2	2	93	93	7.390014048417386E-34	1	1	379	207	103	1	-C
F8_BC68_191109_LF_LIB_consensus_vsearch	3145	C	*/+T	581	17	2.82%	2	2	93	93	6.7984976718225545E-6	1	1	387	194	1	16	+T
F8_BC68_191109_LF_LIB_consensus_vsearch	3148	C	*/-A	684	7	0.98%	2	1	93	93	0.007694130650567804	1	1	478	206	7	0	-A
F8_BC68_191109_LF_LIB_consensus_vsearch	3150	C	*/+A	675	10	1.42%	2	2	93	93	9.447897479611806E-4	1	1	472	203	8	2	+A
F8_BC68_191109_LF_LIB_consensus_vsearch	3151	G	*/-A	702	9	1.26%	2	2	93	93	0.0019040092783372587	1	1	487	215	8	1	-A
F8_BC68_191109_LF_LIB_consensus_vsearch	3154	C	*/-T	696	7	0.99%	2	2	93	93	0.007696145385976602	1	1	480	216	6	1	-T
F8_BC68_191109_LF_LIB_consensus_vsearch	3155	T	*/+A	650	17	2.42%	2	1	93	93	6.881110169620544E-6	1	1	454	196	17	0	+A
F8_BC68_191109_LF_LIB_consensus_vsearch	3155	T	*/-A	650	9	1.28%	2	1	93	93	0.0019001618307603737	1	1	454	196	9	0	+A
F8_BC68_191109_LF_LIB_consensus_vsearch	3158	G	*/-A	695	9	1.27%	2	1	93	93	0.0019035242319234804	1	1	482	213	9	0	-A
F8_BC68_191109_LF_LIB_consensus_vsearch	3161	C	*/-G	673	14	1.97%	2	2	93	93	5.7086163633485554E-5	1	1	465	208	12	2	-G
F8_BC68_191109_LF_LIB_consensus_vsearch	3163	G	*/-C	676	10	1.4%	2	1	93	93	9.448356216352928E-4	1	1	461	215	10	0	-C
F8_BC68_191109_LF_LIB_consensus_vsearch	3167	T	*/-GC	678	17	2.4%	2	2	93	93	6.910133880205389E-6	1	1	467	211	15	2	-GC
F8_BC68_191109_LF_LIB_consensus_vsearch	3169	C	*/-AC	652	28	4.05%	2	1	93	93	2.8051230012091987E-9	1	1	445	207	28	0	-AC
F8_BC68_191109_LF_LIB_consensus_vsearch	3175	C	*/-ACC	682	15	2.11%	2	2	93	93	2.8280907359597763E-5	1	1	474	208	13	2	-ACC
F8_BC68_191109_LF_LIB_consensus_vsearch	3176	A	*/-C	662	22	3.17%	2	2	93	93	2.0083119232473455E-7	1	1	457	205	12	10	-C
F8_BC68_191109_LF_LIB_consensus_vsearch	3177	C	*/+T	657	7	1.05%	2	2	93	93	0.007689332054127551	1	1	460	197	1	6	+T
F8_BC68_191109_LF_LIB_consensus_vsearch	3179	C	*/-A	683	7	0.99%	2	2	93	93	0.007693959601990333	1	1	479	204	6	1	-A
F8_BC68_191109_LF_LIB_consensus_vsearch	3182	G	*/+TG	690	9	1.27%	2	1	93	93	0.0019031718633756593	1	1	474	216	9	0	+TG
F8_BC68_191109_LF_LIB_consensus_vsearch	3183	A	*/-GA	682	16	2.27%	2	2	93	93	1.3988405790785406E-5	1	1	480	202	1	15	-GA
F8_BC68_191109_LF_LIB_consensus_vsearch	3190	G	*/+A	649	11	1.54%	2	2	93	93	4.681975701275244E-4	1	1	435	214	10	1	+A
F8_BC68_191109_LF_LIB_consensus_vsearch	3190	G	*/-A	649	40	5.61%	2	1	93	93	5.077873613362963E-13	1	1	435	214	40	0	-A
F8_BC68_191109_LF_LIB_consensus_vsearch	3196	T	*/+C	701	8	1.12%	2	1	93	93	0.003829470822680027	1	1	486	215	8	0	+C
F8_BC68_191109_LF_LIB_consensus_vsearch	3198	T	*/+G	683	12	1.7%	2	2	93	93	2.3272691203554888E-4	1	1	485	198	3	9	+G
F8_BC68_191109_LF_LIB_consensus_vsearch	3204	G	*/+T	686	9	1.27%	2	1	93	93	0.001902886343431154	1	1	482	204	0	9	+T
F8_BC68_191109_LF_LIB_consensus_vsearch	3206	C	*/-T	692	12	1.69%	2	2	93	93	2.3287058136907908E-4	1	1	485	207	4	8	-T
F8_BC68_191109_LF_LIB_consensus_vsearch	3209	T	*/+C	685	8	1.13%	2	1	93	93	0.003827706520627659	1	1	475	210	8	0	+C
F8_BC68_191109_LF_LIB_consensus_vsearch	3213	T	*/+C	547	64	9.05%	2	2	93	93	9.504963128097206E-21	1	1	340	207	63	1	+C
F8_BC68_191109_LF_LIB_consensus_vsearch	3213	T	*/-C	547	88	12.45%	2	2	93	93	1.2652395186027334E-28	1	1	340	207	86	2	-C
F8_BC68_191109_LF_LIB_consensus_vsearch	3224	T	*/-C	686	15	2.11%	2	1	93	93	2.8293322078510216E-5	1	1	474	212	15	0	-C
F8_BC68_191109_LF_LIB_consensus_vsearch	3228	G	*/+C	644	15	2.12%	2	2	93	93	2.8155672470553178E-5	1	1	436	208	9	6	+C
F8_BC68_191109_LF_LIB_consensus_vsearch	3228	G	*/-C	644	38	5.36%	2	2	93	93	2.1412540318471546E-12	1	1	436	208	36	2	-C
F8_BC68_191109_LF_LIB_consensus_vsearch	3232	T	*/+G	669	9	1.27%	2	1	93	93	0.0019016355659458553	1	1	482	187	0	9	+G
F8_BC68_191109_LF_LIB_consensus_vsearch	3232	T	*/-G	669	15	2.12%	2	2	93	93	2.8239585220290744E-5	1	1	482	187	2	13	-G
F8_BC68_191109_LF_LIB_consensus_vsearch	3233	G	*/+A	666	16	2.3%	2	1	93	93	1.3959579282431563E-5	1	1	466	200	16	0	+A
F8_BC68_191109_LF_LIB_consensus_vsearch	3235	T	*/+A	671	18	2.54%	2	1	93	93	3.408933784938855E-6	1	1	467	204	18	0	+A
F8_BC68_191109_LF_LIB_consensus_vsearch	3236	G	*/-A	685	16	2.25%	2	1	93	93	1.399366903089498E-5	1	1	470	215	16	0	-A
F8_BC68_191109_LF_LIB_consensus_vsearch	3237	A	*/+G	667	12	1.72%	2	1	93	93	2.3246224759388483E-4	1	1	451	216	12	0	+G
F8_BC68_191109_LF_LIB_consensus_vsearch	3239	C	*/-T	691	9	1.27%	2	2	93	93	0.0019032427370135523	1	1	487	204	3	6	-T
F8_BC68_191109_LF_LIB_consensus_vsearch	3241	T	*/+C	522	17	2.39%	2	2	93	93	6.71190474743033E-6	1	1	399	123	5	12	+C
F8_BC68_191109_LF_LIB_consensus_vsearch	3241	T	*/-C	522	155	21.77%	2	2	93	93	1.016487549365121E-51	1	1	399	123	83	72	-C
F8_BC68_191109_LF_LIB_consensus_vsearch	3241	T	*/-CC	522	7	0.98%	2	2	93	93	0.007658019686838506	1	1	399	123	4	3	-C
F8_BC68_191109_LF_LIB_consensus_vsearch	3250	T	*/+G	672	18	2.53%	2	2	93	93	3.4094966139286535E-6	1	1	464	208	13	5	+G
F8_BC68_191109_LF_LIB_consensus_vsearch	3252	A	*/+G	671	19	2.69%	2	1	93	93	1.6822185936618268E-6	1	1	457	214	19	0	+G
F8_BC68_191109_LF_LIB_consensus_vsearch	3255	C	*/+A	657	7	0.99%	2	2	93	93	0.007689332054127551	1	1	472	185	5	2	+A
F8_BC68_191109_LF_LIB_consensus_vsearch	3255	C	*/-A	657	30	4.23%	2	2	93	93	6.738714981009621E-10	1	1	472	185	13	17	-A
F8_BC68_191109_LF_LIB_consensus_vsearch	3255	C	*/-AA	657	11	1.55%	2	1	93	93	4.6843500815013563E-4	1	1	472	185	0	11	-A
F8_BC68_191109_LF_LIB_consensus_vsearch	3256	A	*/+G	643	15	2.25%	2	1	93	93	2.815218725369913E-5	1	1	461	182	15	0	+G
F8_BC68_191109_LF_LIB_consensus_vsearch	3258	A	*/-T	674	12	1.69%	2	2	93	93	2.3257953314238005E-4	1	1	473	201	6	6	-T
F8_BC68_191109_LF_LIB_consensus_vsearch	3260	T	*/+A	597	10	1.41%	2	1	93	93	9.40750980904605E-4	1	1	472	125	10	0	+A
F8_BC68_191109_LF_LIB_consensus_vsearch	3260	T	*/-A	597	8	1.13%	2	2	93	93	0.003816343880444348	1	1	472	125	2	6	+A
F8_BC68_191109_LF_LIB_consensus_vsearch	3260	T	*/-AA	597	76	10.7%	2	2	93	93	1.4025940869109493E-24	1	1	472	125	1	75	-AA
F8_BC68_191109_LF_LIB_consensus_vsearch	3263	G	*/+C	654	11	1.56%	2	2	93	93	4.6834662964278026E-4	1	1	444	210	9	2	+C
F8_BC68_191109_LF_LIB_consensus_vsearch	3265	C	*/+A	641	14	1.97%	2	2	93	93	5.689797795002472E-5	1	1	442	199	13	1	+A
F8_BC68_191109_LF_LIB_consensus_vsearch	3265	C	*/+AC	641	18	2.53%	2	1	93	93	3.391291148463503E-6	1	1	442	199	18	0	+AC
F8_BC68_191109_LF_LIB_consensus_vsearch	3265	C	*/+T	641	13	1.83%	2	1	93	93	1.149374276796705E-4	1	1	442	199	13	0	+AC
F8_BC68_191109_LF_LIB_consensus_vsearch	3266	G	*/-C	640	7	0.99%	2	1	93	93	0.007686105889921431	1	1	429	211	7	0	-C
F8_BC68_191109_LF_LIB_consensus_vsearch	3266	G	*/-CA	640	8	1.13%	2	1	93	93	0.0038222796857976513	1	1	429	211	8	0	-CA
F8_BC68_191109_LF_LIB_consensus_vsearch	3268	A	*/-G	668	10	1.43%	2	2	93	93	9.444648801915616E-4	1	1	457	211	8	2	-G
F8_BC68_191109_LF_LIB_consensus_vsearch	3271	C	*/-T	698	7	0.98%	2	2	93	93	0.007696474526240225	1	1	495	203	1	6	-T
F8_BC68_191109_LF_LIB_consensus_vsearch	3272	T	*/+C	681	13	1.84%	2	2	93	93	1.1534063420715205E-4	1	1	475	206	12	1	+C
F8_BC68_191109_LF_LIB_consensus_vsearch	3272	T	*/-C	681	11	1.56%	2	2	93	93	4.691147949909668E-4	1	1	475	206	8	3	+C
F8_BC68_191109_LF_LIB_consensus_vsearch	3274	C	*/-AC	622	84	11.78%	2	1	93	93	3.742269761396939E-27	1	1	408	214	84	0	-AC
F8_BC68_191109_LF_LIB_consensus_vsearch	3276	C	*/-GC	608	7	1.12%	2	1	93	93	0.007679550858895406	1	1	396	212	7	0	-GC
F8_BC68_191109_LF_LIB_consensus_vsearch	3277	G	*/+C	677	9	1.28%	2	1	93	93	0.001902231834999292	1	1	461	216	9	0	+C
F8_BC68_191109_LF_LIB_consensus_vsearch	3277	G	*/-C	677	7	1%	2	2	93	93	0.007692922838799737	1	1	461	216	6	1	+C
F8_BC68_191109_LF_LIB_consensus_vsearch	3282	G	*/-T	682	12	1.69%	2	1	93	93	2.3271072238938135E-4	1	1	468	214	12	0	-T
F8_BC68_191109_LF_LIB_consensus_vsearch	3284	T	*/+A	664	39	5.48%	2	1	93	93	1.057962445341853E-12	1	1	451	213	39	0	+A
F8_BC68_191109_LF_LIB_consensus_vsearch	3287	G	*/+C	636	15	2.13%	2	2	93	93	2.812749989674651E-5	1	1	443	193	1	14	+C
F8_BC68_191109_LF_LIB_consensus_vsearch	3287	G	*/-C	636	41	5.82%	2	2	93	93	2.435584323371692E-13	1	1	443	193	33	8	-C
F8_BC68_191109_LF_LIB_consensus_vsearch	3288	C	*/+T	649	13	1.95%	2	2	93	93	1.1502188739462001E-4	1	1	453	196	1	12	+T
F8_BC68_191109_LF_LIB_consensus_vsearch	3289	C	*/+T	687	15	2.12%	2	1	93	93	2.829640426446843E-5	1	1	489	198	0	15	+T
F8_BC68_191109_LF_LIB_consensus_vsearch	3290	C	*/+T	682	8	1.12%	2	2	93	93	0.0038273666483378274	1	1	479	203	1	7	+T
F8_BC68_191109_LF_LIB_consensus_vsearch	3292	T	*/+C	680	11	1.55%	2	2	93	93	4.6908740151385334E-4	1	1	477	203	7	4	+C
F8_BC68_191109_LF_LIB_consensus_vsearch	3292	T	*/-C	680	10	1.41%	2	2	93	93	9.450177994018546E-4	1	1	477	203	6	4	+C
F8_BC68_191109_LF_LIB_consensus_vsearch	3296	T	*/+C	694	13	1.83%	2	1	93	93	1.1546204085337487E-4	1	1	478	216	13	0	+C
F8_BC68_191109_LF_LIB_consensus_vsearch	3297	C	*/+G	698	7	0.98%	2	1	93	93	0.007696474526240225	1	1	484	214	7	0	+G
F8_BC68_191109_LF_LIB_consensus_vsearch	3301	T	*/+C	685	8	1.13%	2	2	93	93	0.003827706520627659	1	1	478	207	4	4	+C
F8_BC68_191109_LF_LIB_consensus_vsearch	3301	T	*/-C	685	8	1.13%	2	2	93	93	0.003827706520627659	1	1	478	207	7	1	+C
F8_BC68_191109_LF_LIB_consensus_vsearch	3303	C	*/+T	670	11	1.54%	2	2	93	93	4.6880909815982715E-4	1	1	476	194	4	7	+T
F8_BC68_191109_LF_LIB_consensus_vsearch	3303	C	*/-T	670	21	2.95%	2	2	93	93	4.0867801460796264E-7	1	1	476	194	8	13	-T
F8_BC68_191109_LF_LIB_consensus_vsearch	3306	T	*/+A	676	9	1.26%	2	1	93	93	0.0019021580576563692	1	1	466	210	9	0	+A
F8_BC68_191109_LF_LIB_consensus_vsearch	3309	G	*/+T	689	10	1.4%	2	1	93	93	9.454201481114765E-4	1	1	474	215	10	0	+T
F8_BC68_191109_LF_LIB_consensus_vsearch	3312	T	*/+C	693	10	1.4%	2	2	93	93	9.455956940415569E-4	1	1	481	212	7	3	+C
F8_BC68_191109_LF_LIB_consensus_vsearch	3317	C	*/+T	684	12	1.68%	2	2	93	93	2.3274305589242978E-4	1	1	478	206	5	7	+T
F8_BC68_191109_LF_LIB_consensus_vsearch	3317	C	*/-T	684	9	1.26%	2	2	93	93	0.0019027423560483373	1	1	478	206	8	1	+T
F8_BC68_191109_LF_LIB_consensus_vsearch	3321	C	*/-G	671	8	1.13%	2	2	93	93	0.0038260948798600684	1	1	467	204	7	1	-G
F8_BC68_191109_LF_LIB_consensus_vsearch	3323	A	*/-C	679	11	1.56%	2	2	93	93	4.6905992963037265E-4	1	1	466	213	10	1	-C
F8_BC68_191109_LF_LIB_consensus_vsearch	3327	T	*/-A	697	7	0.99%	2	1	93	93	0.007696310189204633	1	1	481	216	7	0	-A
F8_BC68_191109_LF_LIB_consensus_vsearch	3328	A	*/+T	670	9	1.28%	2	1	93	93	0.0019017108625084104	1	1	477	193	0	9	+T
F8_BC68_191109_LF_LIB_consensus_vsearch	3328	A	*/-C	670	11	1.56%	2	1	93	93	4.6880909815982715E-4	1	1	477	193	0	11	-C
F8_BC68_191109_LF_LIB_consensus_vsearch	3329	C	*/+T	649	19	2.71%	2	2	93	93	1.6751766330545529E-6	1	1	476	173	2	17	+T
F8_BC68_191109_LF_LIB_consensus_vsearch	3329	C	*/-T	649	7	1%	2	2	93	93	0.00768783462368761	1	1	476	173	3	4	+T
F8_BC68_191109_LF_LIB_consensus_vsearch	3329	C	*/-TC	649	7	1%	2	2	93	93	0.00768783462368761	1	1	476	173	4	3	+T
F8_BC68_191109_LF_LIB_consensus_vsearch	3330	T	*/+C	394	91	13.09%	2	2	93	93	3.807051318115116E-30	1	1	260	134	83	8	+C
F8_BC68_191109_LF_LIB_consensus_vsearch	3330	T	*/+CC	394	7	1.01%	2	2	93	93	0.007608958034696689	1	1	260	134	2	5	+C
F8_BC68_191109_LF_LIB_consensus_vsearch	3330	T	*/-C	394	159	22.88%	2	2	93	93	2.2471748474476276E-54	1	1	260	134	118	41	-C
F8_BC68_191109_LF_LIB_consensus_vsearch	3330	T	*/-CC	394	33	4.75%	2	2	93	93	6.1207513543778E-11	1	1	260	134	18	15	-C
F8_BC68_191109_LF_LIB_consensus_vsearch	3336	A	*/-G	688	12	1.69%	2	2	93	93	2.328071772860128E-4	1	1	473	215	11	1	-G
F8_BC68_191109_LF_LIB_consensus_vsearch	3337	G	*/-A	641	55	7.85%	2	1	93	93	9.141725013235034E-18	1	1	426	215	55	0	-A
F8_BC68_191109_LF_LIB_consensus_vsearch	3340	T	*/-C	613	95	13.32%	2	2	93	93	8.58086312020219E-31	1	1	400	213	94	1	-C
F8_BC68_191109_LF_LIB_consensus_vsearch	3342	C	*/+A	627	7	0.98%	2	2	93	93	0.007683522458510221	1	1	415	212	6	1	+A
F8_BC68_191109_LF_LIB_consensus_vsearch	3342	C	*/-A	627	56	7.87%	2	2	93	93	4.283687650065749E-18	1	1	415	212	55	1	-A
F8_BC68_191109_LF_LIB_consensus_vsearch	3342	C	*/-AA	627	13	1.83%	2	1	93	93	1.1478464984155435E-4	1	1	415	212	13	0	-A
F8_BC68_191109_LF_LIB_consensus_vsearch	3348	C	*/+T	679	7	0.99%	2	1	93	93	0.007693270435678032	1	1	489	190	0	7	+T
F8_BC68_191109_LF_LIB_consensus_vsearch	3348	C	*/-T	679	7	0.99%	2	2	93	93	0.007693270435678032	1	1	489	190	1	6	+T
F8_BC68_191109_LF_LIB_consensus_vsearch	3349	T	*/+C	573	60	8.53%	2	2	93	93	1.9989809408917994E-19	1	1	422	151	58	2	+C
F8_BC68_191109_LF_LIB_consensus_vsearch	3349	T	*/+CC	573	11	1.56%	2	2	93	93	4.656222726659411E-4	1	1	422	151	10	1	+C
F8_BC68_191109_LF_LIB_consensus_vsearch	3349	T	*/-C	573	52	7.4%	2	1	93	93	7.341694730215136E-17	1	1	422	151	0	52	-C
F8_BC68_191109_LF_LIB_consensus_vsearch	3350	C	*/-T	627	13	1.98%	2	2	93	93	1.1478464984155435E-4	1	1	480	147	4	9	-T
F8_BC68_191109_LF_LIB_consensus_vsearch	3351	T	*/+G	576	39	5.64%	2	2	93	93	9.765471701908405E-13	1	1	431	145	38	1	+G
F8_BC68_191109_LF_LIB_consensus_vsearch	3351	T	*/-A	576	54	7.8%	2	2	93	93	1.6947489851495192E-17	1	1	431	145	4	50	-A
F8_BC68_191109_LF_LIB_consensus_vsearch	3353	A	*/-T	661	25	3.52%	2	2	93	93	2.3853705744549102E-8	1	1	474	187	10	15	-T
F8_BC68_191109_LF_LIB_consensus_vsearch	3356	T	*/-CT	677	18	2.54%	2	2	93	93	3.412287524236182E-6	1	1	486	191	1	17	-CT
F8_BC68_191109_LF_LIB_consensus_vsearch	3357	C	*/-T	677	10	1.45%	2	2	93	93	9.448813630496414E-4	1	1	484	193	7	3	-T
F8_BC68_191109_LF_LIB_consensus_vsearch	3360	T	*/-A	668	18	2.56%	2	2	93	93	3.407235887724633E-6	1	1	454	214	17	1	-A
F8_BC68_191109_LF_LIB_consensus_vsearch	3361	A	*/-C	646	7	1.03%	2	1	93	93	0.007687263657391494	1	1	436	210	7	0	-C
F8_BC68_191109_LF_LIB_consensus_vsearch	3364	C	*/-T	662	23	3.27%	2	2	93	93	9.880190506249727E-8	1	1	484	178	1	22	-T
F8_BC68_191109_LF_LIB_consensus_vsearch	3364	C	*/-TC	662	11	1.56%	2	2	93	93	4.685805772482585E-4	1	1	484	178	2	9	-T
F8_BC68_191109_LF_LIB_consensus_vsearch	3365	T	*/+C	570	49	7.28%	2	2	93	93	6.607629951471591E-16	1	1	414	156	40	9	+C
F8_BC68_191109_LF_LIB_consensus_vsearch	3365	T	*/-C	570	25	3.71%	2	2	93	93	2.303850993272088E-8	1	1	414	156	13	12	+C
F8_BC68_191109_LF_LIB_consensus_vsearch	3365	T	*/-CC	570	18	2.67%	2	1	93	93	3.3427338331157792E-6	1	1	414	156	18	0	+C
F8_BC68_191109_LF_LIB_consensus_vsearch	3368	C	*/+A	678	12	1.69%	2	1	93	93	2.3264550198641236E-4	1	1	471	207	12	0	+A
F8_BC68_191109_LF_LIB_consensus_vsearch	3369	G	*/-A	675	24	3.39%	2	2	93	93	4.8760641443519385E-8	1	1	461	214	22	2	-A
F8_BC68_191109_LF_LIB_consensus_vsearch	3370	A	*/+G	656	9	1.31%	2	2	93	93	0.0019006362526543875	1	1	446	210	8	1	+G
F8_BC68_191109_LF_LIB_consensus_vsearch	3370	A	*/-G	656	7	1.02%	2	2	93	93	0.007689146845504986	1	1	446	210	6	1	+G
F8_BC68_191109_LF_LIB_consensus_vsearch	3372	C	*/-GC	695	8	1.13%	2	2	93	93	0.003828818576574826	1	1	487	208	3	5	-GC
F8_BC68_191109_LF_LIB_consensus_vsearch	3375	T	*/-GCT	661	9	1.28%	2	1	93	93	0.0019010251601450372	1	1	484	177	0	9	-GCT
F8_BC68_191109_LF_LIB_consensus_vsearch	3376	G	*/+C	672	9	1.3%	2	2	93	93	0.0019018607969218603	1	1	469	203	8	1	+C
F8_BC68_191109_LF_LIB_consensus_vsearch	3376	G	*/-C	672	7	1.01%	2	1	93	93	0.007692044914716208	1	1	469	203	7	0	+C
F8_BC68_191109_LF_LIB_consensus_vsearch	3377	C	*/-TAA	660	12	1.74%	2	1	93	93	2.323425584393901E-4	1	1	462	198	12	0	-TAA
F8_BC68_191109_LF_LIB_consensus_vsearch	3378	T	*/-A	652	13	1.91%	2	2	93	93	1.1505304654887658E-4	1	1	458	194	12	1	-A
F8_BC68_191109_LF_LIB_consensus_vsearch	3381	C	*/-A	648	45	6.36%	2	2	93	93	1.3585976415047245E-14	1	1	434	214	44	1	-A
F8_BC68_191109_LF_LIB_consensus_vsearch	3382	A	*/+C	616	7	1.06%	2	1	93	93	0.0076812525413027955	1	1	405	211	7	0	+C
F8_BC68_191109_LF_LIB_consensus_vsearch	3382	A	*/-CA	616	9	1.36%	2	2	93	93	0.0018973027115589166	1	1	405	211	8	1	-CA
F8_BC68_191109_LF_LIB_consensus_vsearch	3384	A	*/-G	616	17	2.45%	2	1	93	93	6.8425591596214335E-6	1	1	404	212	17	0	-G
F8_BC68_191109_LF_LIB_consensus_vsearch	3385	G	*/+A	642	41	5.92%	2	1	93	93	2.449395202613478E-13	1	1	426	216	41	0	+A
F8_BC68_191109_LF_LIB_consensus_vsearch	3386	A	*/-C	685	7	0.99%	2	2	93	93	0.007694301206193144	1	1	473	212	6	1	-C
F8_BC68_191109_LF_LIB_consensus_vsearch	3387	C	*/+A	670	8	1.14%	2	1	93	93	0.0038259772281954976	1	1	466	204	0	8	+A
F8_BC68_191109_LF_LIB_consensus_vsearch	3388	A	*/-C	665	27	3.82%	2	2	93	93	5.752945832297202E-9	1	1	466	199	15	12	-C
F8_BC68_191109_LF_LIB_consensus_vsearch	3389	C	*/+T	661	8	1.17%	2	2	93	93	0.00382490261371978	1	1	473	188	1	7	+T
F8_BC68_191109_LF_LIB_consensus_vsearch	3397	C	*/+A	682	23	3.24%	2	2	93	93	9.933821857197184E-8	1	1	467	215	22	1	+A
F8_BC68_191109_LF_LIB_consensus_vsearch	3406	A	*/-T	694	7	0.99%	2	1	93	93	0.007695814373028502	1	1	487	207	0	7	-T
F8_BC68_191109_LF_LIB_consensus_vsearch	3409	G	*/+T	680	17	2.39%	2	2	93	93	6.9121211579727486E-6	1	1	468	212	16	1	+T
F8_BC68_191109_LF_LIB_consensus_vsearch	3415	T	*/+G	659	9	1.27%	2	2	93	93	0.0019008702907401438	1	1	481	178	4	5	+G
F8_BC68_191109_LF_LIB_consensus_vsearch	3415	T	*/-G	659	12	1.69%	2	2	93	93	2.3232525946294575E-4	1	1	481	178	1	11	-G
F8_BC68_191109_LF_LIB_consensus_vsearch	3418	T	*/-G	668	28	3.93%	2	2	93	93	2.8238508889942997E-9	1	1	491	177	1	27	-G
F8_BC68_191109_LF_LIB_consensus_vsearch	3426	C	*/-A	695	7	0.99%	2	2	93	93	0.007695980114598385	1	1	485	210	6	1	-A
F8_BC68_191109_LF_LIB_consensus_vsearch	3433	G	*/+C	672	7	0.98%	2	1	93	93	0.007692044914716208	1	1	490	182	0	7	+C
F8_BC68_191109_LF_LIB_consensus_vsearch	3433	G	*/+T	672	24	3.38%	2	1	93	93	4.87177261025069E-8	1	1	490	182	0	24	+T
F8_BC68_191109_LF_LIB_consensus_vsearch	3434	T	*/+C	685	11	1.55%	2	2	93	93	4.692235915156968E-4	1	1	476	209	10	1	+C
F8_BC68_191109_LF_LIB_consensus_vsearch	3435	C	*/-T	676	29	4.07%	2	2	93	93	1.3883185471804852E-9	1	1	487	189	4	25	-T
F8_BC68_191109_LF_LIB_consensus_vsearch	3443	C	*/+T	578	28	3.94%	2	1	93	93	2.7074146635110834E-9	1	1	379	199	28	0	+T
F8_BC68_191109_LF_LIB_consensus_vsearch	3443	C	*/-T	578	85	11.95%	2	2	93	93	1.4542781052107361E-27	1	1	379	199	71	14	-T
F8_BC68_191109_LF_LIB_consensus_vsearch	3443	C	*/-TT	578	8	1.13%	2	1	93	93	0.003813445148774959	1	1	379	199	8	0	-T
F8_BC68_191109_LF_LIB_consensus_vsearch	3445	T	*/+C	679	9	1.28%	2	1	93	93	0.0019023787507757343	1	1	467	212	9	0	+C
F8_BC68_191109_LF_LIB_consensus_vsearch	3446	T	*/+A	588	79	11.11%	2	1	93	93	1.419630591568668E-25	1	1	372	216	79	0	+A
F8_BC68_191109_LF_LIB_consensus_vsearch	3446	T	*/-G	588	22	3.09%	2	1	93	93	1.9662072880494993E-7	1	1	372	216	22	0	+A
F8_BC68_191109_LF_LIB_consensus_vsearch	3448	C	*/-T	679	8	1.13%	2	2	93	93	0.0038270238219715778	1	1	475	204	3	5	-T
F8_BC68_191109_LF_LIB_consensus_vsearch	3448	C	*/-TC	679	11	1.55%	2	2	93	93	4.6905992963037265E-4	1	1	475	204	5	6	-TC
F8_BC68_191109_LF_LIB_consensus_vsearch	3449	T	*/+C	346	39	5.64%	2	2	93	93	6.60225668510907E-13	1	1	226	120	30	9	+C
F8_BC68_191109_LF_LIB_consensus_vsearch	3449	T	*/-C	346	262	37.86%	2	2	93	93	2.3585908003471688E-95	1	1	226	120	214	48	-C
F8_BC68_191109_LF_LIB_consensus_vsearch	3449	T	*/-CC	346	37	5.35%	2	2	93	93	2.9189984407078895E-12	1	1	226	120	10	27	-C
F8_BC68_191109_LF_LIB_consensus_vsearch	3455	A	*/-C	669	24	3.4%	2	2	93	93	4.867447100682053E-8	1	1	469	200	11	13	-C
F8_BC68_191109_LF_LIB_consensus_vsearch	3458	C	*/-T	685	10	1.41%	2	2	93	93	9.452426007191464E-4	1	1	484	201	2	8	-T
F8_BC68_191109_LF_LIB_consensus_vsearch	3461	C	*/+A	678	17	2.4%	2	2	93	93	6.910133880205389E-6	1	1	474	204	15	2	+A
F8_BC68_191109_LF_LIB_consensus_vsearch	3463	T	*/+A	690	9	1.27%	2	1	93	93	0.0019031718633756593	1	1	476	214	9	0	+A
F8_BC68_191109_LF_LIB_consensus_vsearch	3464	G	*/-CT	647	45	6.36%	2	1	93	93	1.35710063919678E-14	1	1	434	213	45	0	-CT
F8_BC68_191109_LF_LIB_consensus_vsearch	3465	C	*/-T	640	7	1.06%	2	2	93	93	0.007686105889921431	1	1	431	209	6	1	-T
F8_BC68_191109_LF_LIB_consensus_vsearch	3465	C	*/-TT	640	8	1.21%	2	2	93	93	0.0038222796857976513	1	1	431	209	7	1	-TT
F8_BC68_191109_LF_LIB_consensus_vsearch	3470	T	*/+C	681	23	3.23%	2	2	93	93	9.931207125157453E-8	1	1	468	213	22	1	+C
F8_BC68_191109_LF_LIB_consensus_vsearch	3471	C	*/-A	702	7	0.98%	2	2	93	93	0.007697127251846029	1	1	490	212	4	3	-A
F8_BC68_191109_LF_LIB_consensus_vsearch	3474	T	*/-G	679	16	2.26%	2	1	93	93	1.3983098602929015E-5	1	1	466	213	16	0	-G
F8_BC68_191109_LF_LIB_consensus_vsearch	3475	G	*/+A	647	14	2.02%	2	2	93	93	5.693461631776686E-5	1	1	439	208	10	4	+A
F8_BC68_191109_LF_LIB_consensus_vsearch	3475	G	*/-A	647	21	3.03%	2	1	93	93	4.064794973513188E-7	1	1	439	208	21	0	-A
F8_BC68_191109_LF_LIB_consensus_vsearch	3481	A	*/+C	333	343	48.38%	2	2	93	93	1.0136751604691574E-129	1	1	222	111	254	89	+C
F8_BC68_191109_LF_LIB_consensus_vsearch	3482	C	*/+T	648	9	1.27%	2	1	93	93	0.0019000017786656748	1	1	488	160	0	9	+T
F8_BC68_191109_LF_LIB_consensus_vsearch	3482	C	*/+TC	648	38	5.38%	2	1	93	93	2.1480703578847316E-12	1	1	488	160	0	38	+TC
F8_BC68_191109_LF_LIB_consensus_vsearch	3483	C	*/-T	677	14	1.97%	2	1	93	93	5.710849035009345E-5	1	1	487	190	0	14	-T
F8_BC68_191109_LF_LIB_consensus_vsearch	3484	T	*/+C	619	26	3.75%	2	1	93	93	1.1523670009237627E-8	1	1	480	139	0	26	+C
F8_BC68_191109_LF_LIB_consensus_vsearch	3485	A	*/-G	668	8	1.14%	2	2	93	93	0.003825740885727296	1	1	457	211	6	2	-G
F8_BC68_191109_LF_LIB_consensus_vsearch	3490	A	*/+T	646	15	2.11%	2	1	93	93	2.816261220005829E-5	1	1	450	196	0	15	+T
F8_BC68_191109_LF_LIB_consensus_vsearch	3491	C	*/+A	683	8	1.13%	2	1	93	93	0.003827480265442575	1	1	483	200	0	8	+A
F8_BC68_191109_LF_LIB_consensus_vsearch	3494	C	*/-T	668	12	1.69%	2	2	93	93	2.324791481283335E-4	1	1	473	195	4	8	-T
F8_BC68_191109_LF_LIB_consensus_vsearch	3494	C	*/-TT	668	19	2.67%	2	2	93	93	1.6812835498470444E-6	1	1	473	195	9	10	-TT
F8_BC68_191109_LF_LIB_consensus_vsearch	3497	T	*/-C	691	13	1.83%	2	2	93	93	1.1543441426028696E-4	1	1	486	205	2	11	-C
F8_BC68_191109_LF_LIB_consensus_vsearch	3498	C	*/+T	683	8	1.15%	2	2	93	93	0.003827480265442575	1	1	489	194	1	7	+T
F8_BC68_191109_LF_LIB_consensus_vsearch	3501	A	*/-T	698	7	0.99%	2	2	93	93	0.007696474526240225	1	1	486	212	5	2	-T
F8_BC68_191109_LF_LIB_consensus_vsearch	3503	T	*/+A	693	8	1.12%	2	1	93	93	0.0038285986916817977	1	1	480	213	8	0	+A
F8_BC68_191109_LF_LIB_consensus_vsearch	3504	A	*/-G	679	9	1.27%	2	1	93	93	0.0019023787507757343	1	1	477	202	0	9	-G
F8_BC68_191109_LF_LIB_consensus_vsearch	3511	C	*/-T	694	7	0.99%	2	2	93	93	0.007695814373028502	1	1	486	208	2	5	-T
F8_BC68_191109_LF_LIB_consensus_vsearch	3513	T	*/+C	697	9	1.27%	2	2	93	93	0.0019036637913854943	1	1	485	212	6	3	+C
F8_BC68_191109_LF_LIB_consensus_vsearch	3514	C	*/-T	681	19	2.68%	2	1	93	93	1.6852803754862798E-6	1	1	487	194	0	19	-T
F8_BC68_191109_LF_LIB_consensus_vsearch	3516	G	*/-A	672	13	1.84%	2	2	93	93	1.1525393727966269E-4	1	1	459	213	12	1	-A
F8_BC68_191109_LF_LIB_consensus_vsearch	3516	G	*/-AGG	672	10	1.41%	2	2	93	93	9.44651327595617E-4	1	1	459	213	9	1	-A
F8_BC68_191109_LF_LIB_consensus_vsearch	3517	A	*/+G	518	15	2.18%	2	1	93	93	2.7617299344696136E-5	1	1	311	207	15	0	+G
F8_BC68_191109_LF_LIB_consensus_vsearch	3517	A	*/-G	518	139	20.2%	2	2	93	93	4.028497932071054E-46	1	1	311	207	131	8	-G
F8_BC68_191109_LF_LIB_consensus_vsearch	3521	T	*/-C	669	31	4.37%	2	2	93	93	3.315870997608725E-10	1	1	461	208	29	2	-C
F8_BC68_191109_LF_LIB_consensus_vsearch	3522	C	+A/+A	75	565	82.84%	2	2	93	93	1.838023543670411E-281	1	1	74	1	363	202	+A
F8_BC68_191109_LF_LIB_consensus_vsearch	3522	C	*/+G	75	7	1.03%	2	2	93	93	0.00683704333734377	1	1	74	1	6	1	+A
F8_BC68_191109_LF_LIB_consensus_vsearch	3522	C	*/+T	75	15	2.2%	2	1	93	93	1.6168330163827357E-5	1	1	74	1	15	0	+T
F8_BC68_191109_LF_LIB_consensus_vsearch	3523	C	*/-A	595	21	2.95%	2	2	93	93	4.009464874475939E-7	1	1	381	214	20	1	-A
F8_BC68_191109_LF_LIB_consensus_vsearch	3524	A	*/+G	544	7	1.01%	2	2	93	93	0.007664165065188001	1	1	343	201	5	2	+G
F8_BC68_191109_LF_LIB_consensus_vsearch	3524	A	*/-G	544	19	2.75%	2	2	93	93	1.6344480722061615E-6	1	1	343	201	9	10	-G
F8_BC68_191109_LF_LIB_consensus_vsearch	3525	G	*/+A	646	10	1.45%	2	1	93	93	9.4339918564782E-4	1	1	445	201	10	0	+A
F8_BC68_191109_LF_LIB_consensus_vsearch	3526	G	*/-A	662	39	5.47%	2	1	93	93	1.0562813467923971E-12	1	1	445	217	39	0	-A
F8_BC68_191109_LF_LIB_consensus_vsearch	3526	G	*/-AT	662	11	1.54%	2	1	93	93	4.685805772482585E-4	1	1	445	217	11	0	-A
F8_BC68_191109_LF_LIB_consensus_vsearch	3527	A	*/+T	622	7	1.06%	2	2	93	93	0.007682500488298281	1	1	412	210	6	1	+T
F8_BC68_191109_LF_LIB_consensus_vsearch	3527	A	*/-T	622	16	2.41%	2	2	93	93	1.3873117431485039E-5	1	1	412	210	13	3	-T
F8_BC68_191109_LF_LIB_consensus_vsearch	3531	C	*/-A	691	8	1.13%	2	2	93	93	0.0038283775544042174	1	1	480	211	7	1	-A
F8_BC68_191109_LF_LIB_consensus_vsearch	3532	A	*/+C	271	322	45.87%	2	2	93	93	2.9606272816425837E-124	1	1	163	108	222	100	+C
F8_BC68_191109_LF_LIB_consensus_vsearch	3532	A	*/+CC	271	32	4.56%	2	2	93	93	9.815222054620437E-11	1	1	163	108	28	4	+C
F8_BC68_191109_LF_LIB_consensus_vsearch	3532	A	*/-C	271	66	9.4%	2	2	93	93	3.9640262374015234E-22	1	1	163	108	65	1	-C
F8_BC68_191109_LF_LIB_consensus_vsearch	3535	C	+T/+T	16	568	80%	2	2	93	93	1.17765E-319	1	1	8	8	375	193	+T
F8_BC68_191109_LF_LIB_consensus_vsearch	3535	C	*/+TT	16	8	1.13%	2	2	93	93	0.0019490471995269002	1	1	8	8	2	6	+T
F8_BC68_191109_LF_LIB_consensus_vsearch	3537	G	*/+C	643	15	2.14%	2	2	93	93	2.815218725369913E-5	1	1	434	209	13	2	+C
F8_BC68_191109_LF_LIB_consensus_vsearch	3537	G	*/-C	643	29	4.13%	2	2	93	93	1.3679942377826255E-9	1	1	434	209	25	4	-C
F8_BC68_191109_LF_LIB_consensus_vsearch	3542	A	*/-G	683	13	1.84%	2	1	93	93	1.1535960161590476E-4	1	1	468	215	13	0	-G
F8_BC68_191109_LF_LIB_consensus_vsearch	3543	G	*/-A	606	86	12.3%	2	2	93	93	7.728399394226248E-28	1	1	390	216	85	1	-A
F8_BC68_191109_LF_LIB_consensus_vsearch	3550	G	*/+T	690	7	0.98%	2	1	93	93	0.007695146664767802	1	1	480	210	7	0	+T
F8_BC68_191109_LF_LIB_consensus_vsearch	3552	T	*/-G	662	10	1.4%	2	2	93	93	9.441810882382281E-4	1	1	459	203	5	5	-G
F8_BC68_191109_LF_LIB_consensus_vsearch	3552	T	*/-GG	662	13	1.82%	2	1	93	93	1.1515495016779301E-4	1	1	459	203	13	0	-GG
F8_BC68_191109_LF_LIB_consensus_vsearch	3552	T	*/-GGC	662	11	1.54%	2	1	93	93	4.685805772482585E-4	1	1	459	203	11	0	-GG
F8_BC68_191109_LF_LIB_consensus_vsearch	3554	G	*/-C	596	61	8.91%	2	2	93	93	1.0066816631731179E-19	1	1	386	210	57	4	-C
F8_BC68_191109_LF_LIB_consensus_vsearch	3554	G	*/-CC	596	13	1.9%	2	2	93	93	1.1442191457763927E-4	1	1	386	210	12	1	-C
F8_BC68_191109_LF_LIB_consensus_vsearch	3558	C	*/-G	470	154	21.75%	2	2	93	93	8.938575184392025E-52	1	1	288	182	152	2	-G
F8_BC68_191109_LF_LIB_consensus_vsearch	3559	G	*/+A	467	46	8.26%	2	2	93	93	4.943350529308229E-15	1	1	256	211	45	1	+A
F8_BC68_191109_LF_LIB_consensus_vsearch	3559	G	*/-A	467	9	1.62%	2	1	93	93	0.0018800048327151932	1	1	256	211	9	0	+A
F8_BC68_191109_LF_LIB_consensus_vsearch	3562	T	*/+G	692	7	0.99%	2	2	93	93	0.007695481471345102	1	1	483	209	6	1	+G
F8_BC68_191109_LF_LIB_consensus_vsearch	3563	A	*/+C	163	450	63.47%	2	2	93	93	2.2816383163954375E-196	1	1	97	66	309	141	+C
F8_BC68_191109_LF_LIB_consensus_vsearch	3563	A	*/+CC	163	35	4.94%	2	2	93	93	5.598205402920753E-12	1	1	97	66	34	1	+C
F8_BC68_191109_LF_LIB_consensus_vsearch	3563	A	*/-C	163	36	5.08%	2	2	93	93	2.5523304229928064E-12	1	1	97	66	34	2	-C
F8_BC68_191109_LF_LIB_consensus_vsearch	3563	A	*/-CC	163	7	0.99%	2	1	93	93	0.007335698806984051	1	1	97	66	7	0	-C
F8_BC68_191109_LF_LIB_consensus_vsearch	3566	C	*/+T	695	7	0.98%	2	1	93	93	0.007695980114598385	1	1	490	205	0	7	+T
F8_BC68_191109_LF_LIB_consensus_vsearch	3574	C	*/-A	698	7	0.99%	2	1	93	93	0.007696474526240225	1	1	484	214	7	0	-A
F8_BC68_191109_LF_LIB_consensus_vsearch	3577	T	*/-ACT	699	8	1.13%	2	1	93	93	0.003829254631650171	1	1	484	215	8	0	-ACT
F8_BC68_191109_LF_LIB_consensus_vsearch	3579	C	*/-TG	675	23	3.26%	2	1	93	93	9.915373522047555E-8	1	1	462	213	23	0	-TG
F8_BC68_191109_LF_LIB_consensus_vsearch	3588	C	*/+TT	686	8	1.13%	2	1	93	93	0.003827819161525346	1	1	490	196	0	8	+TT
F8_BC68_191109_LF_LIB_consensus_vsearch	3588	C	*/-T	686	7	0.99%	2	2	93	93	0.007694471271058793	1	1	490	196	2	5	+TT
F8_BC68_191109_LF_LIB_consensus_vsearch	3593	A	*/-C	690	11	1.54%	2	1	93	93	4.6935786269801464E-4	1	1	474	216	11	0	-C
F8_BC68_191109_LF_LIB_consensus_vsearch	3598	C	*/+A	698	7	0.98%	2	1	93	93	0.007696474526240225	1	1	491	207	0	7	+A
F8_BC68_191109_LF_LIB_consensus_vsearch	3600	A	*/-CAA	686	9	1.27%	2	2	93	93	0.001902886343431154	1	1	478	208	2	7	-CAA
F8_BC68_191109_LF_LIB_consensus_vsearch	3601	C	*/+A	672	9	1.29%	2	1	93	93	0.0019018607969218603	1	1	464	208	9	0	+A
F8_BC68_191109_LF_LIB_consensus_vsearch	3601	C	*/-A	672	12	1.71%	2	1	93	93	2.325462640181359E-4	1	1	464	208	12	0	-A
F8_BC68_191109_LF_LIB_consensus_vsearch	3606	C	*/-G	690	8	1.12%	2	1	93	93	0.0038282665127912204	1	1	478	212	8	0	-G
F8_BC68_191109_LF_LIB_consensus_vsearch	3608	C	*/+TT	681	11	1.55%	2	1	93	93	4.691147949909668E-4	1	1	468	213	11	0	+TT
F8_BC68_191109_LF_LIB_consensus_vsearch	3614	T	*/-C	674	28	3.93%	2	2	93	93	2.830680200550398E-9	1	1	463	211	27	1	-C
F8_BC68_191109_LF_LIB_consensus_vsearch	3618	T	*/+A	678	10	1.42%	2	1	93	93	9.449269727691985E-4	1	1	465	213	10	0	+A
F8_BC68_191109_LF_LIB_consensus_vsearch	3620	T	*/-GT	652	29	4.07%	2	2	93	93	1.3737064513625562E-9	1	1	453	199	18	11	-GT
F8_BC68_191109_LF_LIB_consensus_vsearch	3626	T	*/-C	685	13	1.84%	2	2	93	93	1.1537846243535248E-4	1	1	472	213	12	1	-C
F8_BC68_191109_LF_LIB_consensus_vsearch	3633	T	*/-A	688	10	1.41%	2	2	93	93	9.453759502338604E-4	1	1	481	207	6	4	-A
F8_BC68_191109_LF_LIB_consensus_vsearch	3636	T	*/-A	691	7	0.99%	2	2	93	93	0.007695314307205932	1	1	481	210	6	1	-A
F8_BC68_191109_LF_LIB_consensus_vsearch	3638	G	*/-A	703	7	0.98%	2	1	93	93	0.007697289287406505	1	1	486	217	7	0	-A
F8_BC68_191109_LF_LIB_consensus_vsearch	3641	T	*/+C	687	8	1.12%	2	2	93	93	0.003827931479801315	1	1	477	210	5	3	+C
F8_BC68_191109_LF_LIB_consensus_vsearch	3641	T	*/-C	687	16	2.24%	2	2	93	93	1.3997153710878222E-5	1	1	477	210	12	4	-C
F8_BC68_191109_LF_LIB_consensus_vsearch	3643	C	*/-G	693	7	0.98%	2	1	93	93	0.007695648159281727	1	1	490	203	0	7	-G
F8_BC68_191109_LF_LIB_consensus_vsearch	3651	T	*/-G	682	11	1.56%	2	1	93	93	4.6914211039852195E-4	1	1	473	209	11	0	-G
F8_BC68_191109_LF_LIB_consensus_vsearch	3652	G	*/-TG	671	13	1.86%	2	2	93	93	1.152441662388416E-4	1	1	467	204	3	10	-TG
F8_BC68_191109_LF_LIB_consensus_vsearch	3655	C	*/+T	693	9	1.27%	2	2	93	93	0.0019033838827015696	1	1	487	206	3	6	+T
F8_BC68_191109_LF_LIB_consensus_vsearch	3656	C	*/-T	686	10	1.4%	2	2	93	93	9.452871770742829E-4	1	1	475	211	4	6	-T
F8_BC68_191109_LF_LIB_consensus_vsearch	3658	G	*/+C	679	11	1.56%	2	1	93	93	4.6905992963037265E-4	1	1	477	202	0	11	+C
F8_BC68_191109_LF_LIB_consensus_vsearch	3661	T	*/-C	664	13	1.85%	2	2	93	93	1.151749768588324E-4	1	1	475	189	4	9	-C
F8_BC68_191109_LF_LIB_consensus_vsearch	3662	C	*/+T	681	7	1%	2	2	93	93	0.007693616017588559	1	1	481	200	1	6	+T
F8_BC68_191109_LF_LIB_consensus_vsearch	3667	G	*/+C	694	10	1.41%	2	1	93	93	9.456392717556314E-4	1	1	490	204	0	10	+C
F8_BC68_191109_LF_LIB_consensus_vsearch	3668	C	*/+T	687	9	1.27%	2	1	93	93	0.0019029580289553435	1	1	489	198	0	9	+T
F8_BC68_191109_LF_LIB_consensus_vsearch	3668	C	*/-T	687	9	1.27%	2	2	93	93	0.0019029580289553435	1	1	489	198	1	8	+T
F8_BC68_191109_LF_LIB_consensus_vsearch	3669	T	*/+C	687	10	1.42%	2	2	93	93	9.453316267322512E-4	1	1	488	199	3	7	+C
F8_BC68_191109_LF_LIB_consensus_vsearch	3670	C	*/-TC	684	24	3.37%	2	2	93	93	4.888738834521174E-8	1	1	486	198	9	15	-TC
F8_BC68_191109_LF_LIB_consensus_vsearch	3673	A	*/+T	671	19	2.68%	2	1	93	93	1.6822185936618268E-6	1	1	459	212	19	0	+T
F8_BC68_191109_LF_LIB_consensus_vsearch	3673	A	*/-T	671	8	1.13%	2	2	93	93	0.0038260948798600684	1	1	459	212	7	1	+T
F8_BC68_191109_LF_LIB_consensus_vsearch	3680	C	*/-G	660	37	5.23%	2	2	93	93	4.454472497968208E-12	1	1	452	208	36	1	-G
F8_BC68_191109_LF_LIB_consensus_vsearch	3681	G	*/+A	611	9	1.33%	2	1	93	93	0.00189685601060935	1	1	398	213	9	0	+A
F8_BC68_191109_LF_LIB_consensus_vsearch	3681	G	*/-A	611	26	3.85%	2	2	93	93	1.1485768124448651E-8	1	1	398	213	24	2	-A
F8_BC68_191109_LF_LIB_consensus_vsearch	3681	G	*/-AG	611	27	4%	2	1	93	93	5.625774269583803E-9	1	1	398	213	27	0	-AG
F8_BC68_191109_LF_LIB_consensus_vsearch	3682	A	*/-G	633	16	2.43%	2	1	93	93	1.3895793329599083E-5	1	1	424	209	16	0	-G
F8_BC68_191109_LF_LIB_consensus_vsearch	3686	A	*/+T	678	10	1.41%	2	2	93	93	9.449269727691985E-4	1	1	489	189	2	8	+T
F8_BC68_191109_LF_LIB_consensus_vsearch	3686	A	*/-T	678	7	0.98%	2	1	93	93	0.007693096890205231	1	1	489	189	0	7	+T
F8_BC68_191109_LF_LIB_consensus_vsearch	3688	T	*/+C	683	9	1.26%	2	2	93	93	0.0019026700524163046	1	1	491	192	2	7	+C
F8_BC68_191109_LF_LIB_consensus_vsearch	3688	T	*/-C	683	9	1.26%	2	1	93	93	0.0019026700524163046	1	1	491	192	0	9	+C
F8_BC68_191109_LF_LIB_consensus_vsearch	3689	C	*/-G	679	10	1.42%	2	2	93	93	9.449724513676984E-4	1	1	487	192	2	8	-G
F8_BC68_191109_LF_LIB_consensus_vsearch	3693	A	*/-C	680	13	1.83%	2	2	93	93	1.1533111024855475E-4	1	1	467	213	11	2	-C
F8_BC68_191109_LF_LIB_consensus_vsearch	3695	C	*/-G	678	13	1.83%	2	2	93	93	1.1531198125229777E-4	1	1	486	192	2	11	-G
F8_BC68_191109_LF_LIB_consensus_vsearch	3697	G	*/-A	643	65	9.12%	2	2	93	93	5.813047697311761E-21	1	1	428	215	64	1	-A
F8_BC68_191109_LF_LIB_consensus_vsearch	3699	G	*/-C	678	15	2.14%	2	1	93	93	2.826835334515371E-5	1	1	462	216	15	0	-C
F8_BC68_191109_LF_LIB_consensus_vsearch	3701	C	*/+A	605	30	4.22%	2	1	93	93	6.558339633119899E-10	1	1	396	209	30	0	+A
F8_BC68_191109_LF_LIB_consensus_vsearch	3701	C	*/-G	605	44	6.19%	2	2	93	93	2.673742073786187E-14	1	1	396	209	43	1	-G
F8_BC68_191109_LF_LIB_consensus_vsearch	3701	C	*/-GA	605	11	1.55%	2	2	93	93	4.6678297099811E-4	1	1	396	209	8	3	-G
F8_BC68_191109_LF_LIB_consensus_vsearch	3702	G	*/-A	627	12	1.83%	2	1	93	93	2.3174359455002685E-4	1	1	414	213	12	0	-A
F8_BC68_191109_LF_LIB_consensus_vsearch	3704	A	*/-G	690	8	1.13%	2	2	93	93	0.0038282665127912204	1	1	479	211	7	1	-G
F8_BC68_191109_LF_LIB_consensus_vsearch	3705	G	*/+C	653	9	1.28%	2	1	93	93	0.0019004001088453143	1	1	441	212	9	0	+C
F8_BC68_191109_LF_LIB_consensus_vsearch	3705	G	*/-C	653	25	3.56%	2	2	93	93	2.378996477004294E-8	1	1	441	212	21	4	-C
F8_BC68_191109_LF_LIB_consensus_vsearch	3708	C	*/-AC	668	37	5.19%	2	1	93	93	4.480012389950076E-12	1	1	455	213	37	0	-AC
F8_BC68_191109_LF_LIB_consensus_vsearch	3712	G	*/-CCA	690	7	0.98%	2	1	93	93	0.007695146664767802	1	1	486	204	0	7	-CCA
F8_BC68_191109_LF_LIB_consensus_vsearch	3714	C	*/+G	649	24	3.4%	2	1	93	93	4.837711649036605E-8	1	1	457	192	24	0	+G
F8_BC68_191109_LF_LIB_consensus_vsearch	3714	C	*/-A	649	14	1.99%	2	2	93	93	5.6946685381916314E-5	1	1	457	192	13	1	+G
F8_BC68_191109_LF_LIB_consensus_vsearch	3715	A	*/-T	640	26	3.77%	2	2	93	93	1.161929606387115E-8	1	1	460	180	16	10	-T
F8_BC68_191109_LF_LIB_consensus_vsearch	3715	A	*/-TTA	640	9	1.3%	2	1	93	93	0.0018993517791017233	1	1	460	180	0	9	-T
F8_BC68_191109_LF_LIB_consensus_vsearch	3717	T	*/+G	651	7	1%	2	2	93	93	0.007688212384386832	1	1	467	184	6	1	+G
F8_BC68_191109_LF_LIB_consensus_vsearch	3717	T	*/-A	651	12	1.71%	2	2	93	93	2.3218502008527376E-4	1	1	467	184	9	3	-A
F8_BC68_191109_LF_LIB_consensus_vsearch	3718	A	*/+G	519	13	1.88%	2	2	93	93	1.133426736110054E-4	1	1	417	102	1	12	+G
F8_BC68_191109_LF_LIB_consensus_vsearch	3718	A	*/-G	519	78	11.3%	2	2	93	93	2.241911027702163E-25	1	1	417	102	6	72	-G
F8_BC68_191109_LF_LIB_consensus_vsearch	3718	A	*/-GG	519	9	1.3%	2	1	93	93	0.0018871405447592163	1	1	417	102	0	9	-G
F8_BC68_191109_LF_LIB_consensus_vsearch	3722	C	*/-GC	686	8	1.13%	2	2	93	93	0.003827819161525346	1	1	476	210	4	4	-GC
F8_BC68_191109_LF_LIB_consensus_vsearch	3727	G	*/-C	657	12	1.69%	2	2	93	93	2.3229050890362837E-4	1	1	449	208	11	1	-C
F8_BC68_191109_LF_LIB_consensus_vsearch	3729	C	*/-G	669	9	1.26%	2	2	93	93	0.0019016355659458553	1	1	470	199	5	4	-G
F8_BC68_191109_LF_LIB_consensus_vsearch	3729	C	*/-GGC	669	7	0.98%	2	2	93	93	0.007691511945153724	1	1	470	199	6	1	-G
F8_BC68_191109_LF_LIB_consensus_vsearch	3731	G	*/+C	644	10	1.42%	2	1	93	93	9.432987849884192E-4	1	1	438	206	10	0	+C
F8_BC68_191109_LF_LIB_consensus_vsearch	3731	G	*/-C	644	15	2.13%	2	2	93	93	2.8155672470553178E-5	1	1	438	206	9	6	-C
F8_BC68_191109_LF_LIB_consensus_vsearch	3732	C	*/+G	606	54	7.83%	2	1	93	93	1.792797507809795E-17	1	1	405	201	54	0	+G
F8_BC68_191109_LF_LIB_consensus_vsearch	3733	A	*/-G	638	46	6.49%	2	2	93	93	6.496366749583236E-15	1	1	437	201	41	5	-G
F8_BC68_191109_LF_LIB_consensus_vsearch	3734	G	*/+A	616	18	2.71%	2	2	93	93	3.3753744867907907E-6	1	1	409	207	17	1	+A
F8_BC68_191109_LF_LIB_consensus_vsearch	3735	T	*/+C	638	30	4.24%	2	1	93	93	6.675583668775695E-10	1	1	428	210	30	0	+C
F8_BC68_191109_LF_LIB_consensus_vsearch	3735	T	*/-C	638	25	3.54%	2	1	93	93	2.3666711476936774E-8	1	1	428	210	25	0	+C
F8_BC68_191109_LF_LIB_consensus_vsearch	3736	C	*/+A	669	7	1.02%	2	1	93	93	0.007691511945153724	1	1	454	215	7	0	+A
F8_BC68_191109_LF_LIB_consensus_vsearch	3737	C	*/-A	681	9	1.27%	2	1	93	93	0.001902524820821714	1	1	465	216	9	0	-A
F8_BC68_191109_LF_LIB_consensus_vsearch	3738	A	*/+C	516	40	5.76%	2	2	93	93	4.3941843941476784E-13	1	1	316	200	37	3	+C
F8_BC68_191109_LF_LIB_consensus_vsearch	3738	A	*/-C	516	98	14.12%	2	2	93	93	4.686744462865692E-32	1	1	316	200	88	10	-C
F8_BC68_191109_LF_LIB_consensus_vsearch	3738	A	*/-CC	516	12	1.73%	2	2	93	93	2.2919083638349146E-4	1	1	316	200	10	2	-C
F8_BC68_191109_LF_LIB_consensus_vsearch	3738	A	*/-CCC	516	14	2.02%	2	1	93	93	5.595182874661435E-5	1	1	316	200	14	0	-CCC
F8_BC68_191109_LF_LIB_consensus_vsearch	3743	G	*/+A	679	21	2.97%	2	2	93	93	4.095014305334276E-7	1	1	485	194	1	20	+A
F8_BC68_191109_LF_LIB_consensus_vsearch	3744	G	*/-A	679	27	3.79%	2	2	93	93	5.783091530571353E-9	1	1	480	199	11	16	-A
F8_BC68_191109_LF_LIB_consensus_vsearch	3745	A	*/+G	217	433	63.58%	2	2	93	93	4.658934153806116E-180	1	1	203	14	254	179	+G
F8_BC68_191109_LF_LIB_consensus_vsearch	3745	A	*/-G	217	19	2.79%	2	2	93	93	1.3080569041578427E-6	1	1	203	14	18	1	+G
F8_BC68_191109_LF_LIB_consensus_vsearch	3746	G	*/+A	663	15	2.18%	2	2	93	93	2.821999433004045E-5	1	1	453	210	14	1	+A
F8_BC68_191109_LF_LIB_consensus_vsearch	3750	C	*/+T	632	7	1%	2	2	93	93	0.007684528486260055	1	1	452	180	3	4	+T
F8_BC68_191109_LF_LIB_consensus_vsearch	3750	C	*/-T	632	36	5.14%	2	2	93	93	8.964151481903976E-12	1	1	452	180	17	19	-T
F8_BC68_191109_LF_LIB_consensus_vsearch	3750	C	*/-TT	632	8	1.14%	2	1	93	93	0.003821235431789916	1	1	452	180	8	0	-T
F8_BC68_191109_LF_LIB_consensus_vsearch	3756	A	*/-TA	667	18	2.58%	2	2	93	93	3.4066667633717333E-6	1	1	468	199	6	12	-TA
F8_BC68_191109_LF_LIB_consensus_vsearch	3757	T	*/+G	648	7	1.02%	2	1	93	93	0.007687644880936083	1	1	455	193	7	0	+G
F8_BC68_191109_LF_LIB_consensus_vsearch	3757	T	*/-A	648	7	1.02%	2	2	93	93	0.007687644880936083	1	1	455	193	6	1	+G
F8_BC68_191109_LF_LIB_consensus_vsearch	3758	A	*/-G	655	12	1.76%	2	2	93	93	2.3225555337026962E-4	1	1	461	194	8	4	-G
F8_BC68_191109_LF_LIB_consensus_vsearch	3759	G	*/+A	676	13	1.86%	2	1	93	93	1.1529274338195737E-4	1	1	468	208	13	0	+A
F8_BC68_191109_LF_LIB_consensus_vsearch	3762	G	*/-CG	688	15	2.12%	2	2	93	93	2.829947792420914E-5	1	1	477	211	10	5	-CG
F8_BC68_191109_LF_LIB_consensus_vsearch	3763	C	*/-G	667	10	1.45%	2	2	93	93	9.444179274457236E-4	1	1	473	194	1	9	-G
F8_BC68_191109_LF_LIB_consensus_vsearch	3765	G	*/-C	554	122	17.23%	2	2	93	93	4.624133432879509E-40	1	1	380	174	82	40	-C
F8_BC68_191109_LF_LIB_consensus_vsearch	3765	G	*/-CC	554	11	1.55%	2	2	93	93	4.6487185521555614E-4	1	1	380	174	10	1	-C
F8_BC68_191109_LF_LIB_consensus_vsearch	3765	G	*/-CCC	554	14	1.98%	2	1	93	93	5.6282241107786643E-5	1	1	380	174	14	0	-CCC
F8_BC68_191109_LF_LIB_consensus_vsearch	3769	C	*/-T	685	17	2.39%	2	2	93	93	6.917041677048249E-6	1	1	480	205	7	10	-T
F8_BC68_191109_LF_LIB_consensus_vsearch	3770	T	*/+G	663	18	2.59%	2	1	93	93	3.4043742958726095E-6	1	1	478	185	0	18	+G
F8_BC68_191109_LF_LIB_consensus_vsearch	3771	G	*/-A	689	12	1.69%	2	1	93	93	2.3282309508343565E-4	1	1	475	214	12	0	-A
F8_BC68_191109_LF_LIB_consensus_vsearch	3772	A	*/+G	674	7	1%	2	1	93	93	0.007692397626735055	1	1	458	216	7	0	+G
F8_BC68_191109_LF_LIB_consensus_vsearch	3785	C	*/-AC	650	47	6.65%	2	1	93	93	3.1850672327147934E-15	1	1	437	213	47	0	-AC
F8_BC68_191109_LF_LIB_consensus_vsearch	3788	G	*/+T	641	11	1.55%	2	1	93	93	4.679543827725026E-4	1	1	430	211	11	0	+T
F8_BC68_191109_LF_LIB_consensus_vsearch	3788	G	*/-T	641	47	6.63%	2	2	93	93	3.1506398565480956E-15	1	1	430	211	46	1	-T
F8_BC68_191109_LF_LIB_consensus_vsearch	3792	T	*/-A	689	18	2.52%	2	2	93	93	3.4188315591916383E-6	1	1	474	215	17	1	-A
F8_BC68_191109_LF_LIB_consensus_vsearch	3795	C	*/-T	694	9	1.26%	2	2	93	93	0.001903454156451721	1	1	478	216	8	1	-T
F8_BC68_191109_LF_LIB_consensus_vsearch	3798	C	*/+A	676	19	2.67%	2	1	93	93	1.6837599518308374E-6	1	1	489	187	0	19	+A
F8_BC68_191109_LF_LIB_consensus_vsearch	3801	C	*/-A	662	11	1.55%	2	2	93	93	4.685805772482585E-4	1	1	478	184	4	7	-A
F8_BC68_191109_LF_LIB_consensus_vsearch	3803	A	*/+TC	670	8	1.13%	2	1	93	93	0.0038259772281954976	1	1	475	195	0	8	+TC
F8_BC68_191109_LF_LIB_consensus_vsearch	3803	A	*/-C	670	8	1.13%	2	1	93	93	0.0038259772281954976	1	1	475	195	0	8	+TC
F8_BC68_191109_LF_LIB_consensus_vsearch	3804	C	*/+T	672	8	1.14%	2	1	93	93	0.0038262121871574886	1	1	490	182	0	8	+T
F8_BC68_191109_LF_LIB_consensus_vsearch	3804	C	*/-T	672	17	2.42%	2	1	93	93	6.904105478144287E-6	1	1	490	182	0	17	-T
F8_BC68_191109_LF_LIB_consensus_vsearch	3805	T	*/+C	671	7	1.01%	2	1	93	93	0.007691867780677997	1	1	478	193	7	0	+C
F8_BC68_191109_LF_LIB_consensus_vsearch	3806	C	*/+TC	680	12	1.7%	2	2	93	93	2.3267820494486116E-4	1	1	486	194	2	10	+TC
F8_BC68_191109_LF_LIB_consensus_vsearch	3807	A	*/-CA	653	25	3.55%	2	2	93	93	2.378996477004294E-8	1	1	462	191	19	6	-CA
F8_BC68_191109_LF_LIB_consensus_vsearch	3811	A	*/-TA	656	40	5.66%	2	2	93	93	5.108609586173763E-13	1	1	460	196	23	17	-TA
F8_BC68_191109_LF_LIB_consensus_vsearch	3820	T	*/+G	688	8	1.13%	2	2	93	93	0.0038280434768544216	1	1	486	202	4	4	+G
F8_BC68_191109_LF_LIB_consensus_vsearch	3822	G	*/-A	678	25	3.52%	2	1	93	93	2.3984785837204196E-8	1	1	467	211	25	0	-A
F8_BC68_191109_LF_LIB_consensus_vsearch	3826	T	*/-G	684	14	1.97%	2	2	93	93	5.714696078688274E-5	1	1	484	200	4	10	-G
F8_BC68_191109_LF_LIB_consensus_vsearch	3833	A	*/-C	693	9	1.26%	2	1	93	93	0.0019033838827015696	1	1	482	211	9	0	-C
F8_BC68_191109_LF_LIB_consensus_vsearch	3837	C	*/-G	676	11	1.55%	2	2	93	93	4.689770401652236E-4	1	1	482	194	2	9	-G
F8_BC68_191109_LF_LIB_consensus_vsearch	3844	T	*/-G	684	8	1.14%	2	2	93	93	0.003827593555737496	1	1	474	210	7	1	-G
F8_BC68_191109_LF_LIB_consensus_vsearch	3847	C	*/-A	616	64	9.03%	2	1	93	93	1.1441987886900455E-20	1	1	406	210	64	0	-A
F8_BC68_191109_LF_LIB_consensus_vsearch	3848	A	*/-C	586	9	1.4%	2	2	93	93	0.0018945108065208946	1	1	373	213	7	2	-C
F8_BC68_191109_LF_LIB_consensus_vsearch	3851	A	*/-G	680	7	0.99%	2	1	93	93	0.007693443477408817	1	1	468	212	7	0	-G
F8_BC68_191109_LF_LIB_consensus_vsearch	3854	C	*/-T	684	10	1.41%	2	2	93	93	9.451978971244695E-4	1	1	477	207	8	2	-T
F8_BC68_191109_LF_LIB_consensus_vsearch	3857	G	*/-C	663	30	4.23%	2	2	93	93	6.758034317885577E-10	1	1	470	193	17	13	-C
F8_BC68_191109_LF_LIB_consensus_vsearch	3858	C	*/+T	611	48	7.05%	2	1	93	93	1.4617955459481006E-15	1	1	474	137	0	48	+T
F8_BC68_191109_LF_LIB_consensus_vsearch	3859	C	*/+T	676	7	0.98%	2	1	93	93	0.007692748279243189	1	1	487	189	0	7	+T
F8_BC68_191109_LF_LIB_consensus_vsearch	3860	C	*/-T	701	7	0.98%	2	2	93	93	0.007696964759941648	1	1	487	214	5	2	-T
F8_BC68_191109_LF_LIB_consensus_vsearch	3861	T	*/-C	437	262	37.11%	2	2	93	93	8.847591846580466E-93	1	1	226	211	260	2	-C
F8_BC68_191109_LF_LIB_consensus_vsearch	3863	C	*/-A	699	10	1.4%	2	2	93	93	9.458553335893302E-4	1	1	488	211	4	6	-A
F8_BC68_191109_LF_LIB_consensus_vsearch	3874	C	*/-A	642	56	7.91%	2	1	93	93	4.397939986638182E-18	1	1	430	212	56	0	-A
F8_BC68_191109_LF_LIB_consensus_vsearch	3876	C	*/-T	672	22	3.16%	2	1	93	93	2.0133615225401046E-7	1	1	480	192	0	22	-T
F8_BC68_191109_LF_LIB_consensus_vsearch	3877	T	*/+C	645	24	3.5%	2	2	93	93	4.8315701309687926E-8	1	1	459	186	23	1	+C
F8_BC68_191109_LF_LIB_consensus_vsearch	3877	T	*/-C	645	7	1.02%	2	2	93	93	0.007687072171301746	1	1	459	186	2	5	+C
F8_BC68_191109_LF_LIB_consensus_vsearch	3879	A	*/+G	675	15	2.13%	2	2	93	93	2.8258845005867144E-5	1	1	469	206	11	4	+G
F8_BC68_191109_LF_LIB_consensus_vsearch	3880	G	*/-A	674	30	4.21%	2	1	93	93	6.79271748098414E-10	1	1	461	213	30	0	-A
F8_BC68_191109_LF_LIB_consensus_vsearch	3881	A	*/+G	645	11	1.61%	2	1	93	93	4.68076708087644E-4	1	1	432	213	11	0	+G
F8_BC68_191109_LF_LIB_consensus_vsearch	3883	C	*/+T	674	10	1.41%	2	1	93	93	9.447437414487541E-4	1	1	477	197	10	0	+T
F8_BC68_191109_LF_LIB_consensus_vsearch	3883	C	*/-TT	674	7	0.99%	2	2	93	93	0.007692397626735055	1	1	477	197	3	4	+T
F8_BC68_191109_LF_LIB_consensus_vsearch	3887	A	*/+G	678	7	0.99%	2	1	93	93	0.007693096890205231	1	1	469	209	0	7	+G
F8_BC68_191109_LF_LIB_consensus_vsearch	3891	T	*/+A	625	7	0.98%	2	1	93	93	0.007683115604648609	1	1	411	214	7	0	+A
F8_BC68_191109_LF_LIB_consensus_vsearch	3891	T	*/+G	625	64	8.98%	2	1	93	93	1.168852529933945E-20	1	1	411	214	64	0	+G
F8_BC68_191109_LF_LIB_consensus_vsearch	3892	A	*/-G	606	78	11.02%	2	2	93	93	3.224383803091849E-25	1	1	420	186	51	27	-G
F8_BC68_191109_LF_LIB_consensus_vsearch	3893	G	*/+A	580	23	3.63%	2	1	93	93	9.626406970422878E-8	1	1	393	187	23	0	+A
F8_BC68_191109_LF_LIB_consensus_vsearch	3893	G	*/+AA	580	9	1.42%	2	1	93	93	0.001893918576967777	1	1	393	187	9	0	+A
F8_BC68_191109_LF_LIB_consensus_vsearch	3896	T	*/-C	695	8	1.12%	2	1	93	93	0.003828818576574826	1	1	490	205	0	8	-C
F8_BC68_191109_LF_LIB_consensus_vsearch	3900	T	*/-C	543	161	22.61%	2	2	93	93	1.0908887934172877E-53	1	1	335	208	154	7	-C
F8_BC68_191109_LF_LIB_consensus_vsearch	3902	C	*/-A	643	55	7.74%	2	2	93	93	9.172064575550946E-18	1	1	479	164	5	50	-A
F8_BC68_191109_LF_LIB_consensus_vsearch	3903	A	*/+G	632	18	2.74%	2	1	93	93	3.385695603396571E-6	1	1	470	162	18	0	+G
F8_BC68_191109_LF_LIB_consensus_vsearch	3904	A	*/-T	683	14	1.97%	2	2	93	93	5.714151120968991E-5	1	1	481	202	6	8	-T
F8_BC68_191109_LF_LIB_consensus_vsearch	3906	T	*/+A	661	17	2.39%	2	1	93	93	6.892787088850134E-6	1	1	455	206	17	0	+A
F8_BC68_191109_LF_LIB_consensus_vsearch	3906	T	*/+G	661	9	1.27%	2	2	93	93	0.0019010251601450372	1	1	455	206	8	1	+A
F8_BC68_191109_LF_LIB_consensus_vsearch	3907	A	*/+G	661	20	2.82%	2	1	93	93	8.278154721497385E-7	1	1	471	190	0	20	+G
F8_BC68_191109_LF_LIB_consensus_vsearch	3907	A	*/-G	661	18	2.54%	2	2	93	93	3.4032183857990396E-6	1	1	471	190	15	3	+G
F8_BC68_191109_LF_LIB_consensus_vsearch	3912	A	*/-CA	659	28	3.96%	2	2	93	93	2.8134106295747587E-9	1	1	452	207	27	1	-CA
F8_BC68_191109_LF_LIB_consensus_vsearch	3913	C	*/-A	663	13	1.9%	2	1	93	93	1.1516497802969439E-4	1	1	449	214	13	0	-A
F8_BC68_191109_LF_LIB_consensus_vsearch	3920	C	*/+A	651	45	6.35%	2	2	93	93	1.3630717834609284E-14	1	1	454	197	34	11	+A
F8_BC68_191109_LF_LIB_consensus_vsearch	3924	C	*/-GC	667	19	2.68%	2	2	93	93	1.6809701425482997E-6	1	1	475	192	8	11	-GC
F8_BC68_191109_LF_LIB_consensus_vsearch	3925	G	*/+C	655	7	1.02%	2	1	93	93	0.007688961079086654	1	1	455	200	7	0	+C
F8_BC68_191109_LF_LIB_consensus_vsearch	3925	G	*/-C	655	20	2.91%	2	2	93	93	8.267593648282868E-7	1	1	455	200	15	5	-C
F8_BC68_191109_LF_LIB_consensus_vsearch	3930	A	*/+T	696	8	1.13%	2	1	93	93	0.0038289280527219385	1	1	479	217	8	0	+T
F8_BC68_191109_LF_LIB_consensus_vsearch	3937	T	*/+A	686	7	0.99%	2	1	93	93	0.007694471271058793	1	1	475	211	7	0	+A
F8_BC68_191109_LF_LIB_consensus_vsearch	3939	T	*/+GT	673	10	1.42%	2	1	93	93	9.44697601521353E-4	1	1	475	198	0	10	+GT
F8_BC68_191109_LF_LIB_consensus_vsearch	3944	T	*/-C	691	8	1.12%	2	2	93	93	0.0038283775544042174	1	1	483	208	5	3	-C
F8_BC68_191109_LF_LIB_consensus_vsearch	3945	C	*/-G	668	21	2.98%	2	1	93	93	4.084922967980539E-7	1	1	455	213	21	0	-G
F8_BC68_191109_LF_LIB_consensus_vsearch	3947	C	*/+TT	673	9	1.27%	2	1	93	93	0.001901935436692325	1	1	460	213	9	0	+TT
F8_BC68_191109_LF_LIB_consensus_vsearch	3949	A	*/-C	671	9	1.27%	2	2	93	93	0.001901785939178216	1	1	470	201	4	5	-C
F8_BC68_191109_LF_LIB_consensus_vsearch	3950	C	*/+T	670	18	2.58%	2	2	93	93	3.408369391934405E-6	1	1	478	192	2	16	+T
F8_BC68_191109_LF_LIB_consensus_vsearch	3955	C	*/+GC	647	10	1.4%	2	2	93	93	9.434491590588123E-4	1	1	434	213	9	1	+GC
F8_BC68_191109_LF_LIB_consensus_vsearch	3955	C	*/-AC	647	47	6.6%	2	2	93	93	3.1736527458365307E-15	1	1	434	213	46	1	-AC
F8_BC68_191109_LF_LIB_consensus_vsearch	3957	C	*/+AC	339	298	45.15%	2	2	93	93	1.9740596438249342E-110	1	1	228	111	199	99	+AC
F8_BC68_191109_LF_LIB_consensus_vsearch	3957	C	*/+ACAC	339	13	1.97%	2	2	93	93	1.0904851456684069E-4	1	1	228	111	12	1	+AC
F8_BC68_191109_LF_LIB_consensus_vsearch	3961	T	*/-GT	684	23	3.23%	2	2	93	93	9.939030820163934E-8	1	1	483	201	9	14	-GT
F8_BC68_191109_LF_LIB_consensus_vsearch	3966	T	*/+A	649	7	0.99%	2	1	93	93	0.00768783462368761	1	1	466	183	7	0	+A
F8_BC68_191109_LF_LIB_consensus_vsearch	3966	T	*/-G	649	20	2.83%	2	2	93	93	8.256854159924684E-7	1	1	466	183	8	12	-G
F8_BC68_191109_LF_LIB_consensus_vsearch	3966	T	*/-GG	649	21	2.97%	2	2	93	93	4.0667627471891246E-7	1	1	466	183	2	19	-GG
F8_BC68_191109_LF_LIB_consensus_vsearch	3968	G	*/+A	662	15	2.17%	2	1	93	93	2.8216696390887653E-5	1	1	468	194	15	0	+A
F8_BC68_191109_LF_LIB_consensus_vsearch	3969	G	*/-T	693	8	1.12%	2	2	93	93	0.0038285986916817977	1	1	481	212	5	3	-T
F8_BC68_191109_LF_LIB_consensus_vsearch	3970	T	*/-A	653	10	1.42%	2	2	93	93	9.437458653717638E-4	1	1	466	187	8	2	-A
F8_BC68_191109_LF_LIB_consensus_vsearch	3972	A	*/-T	539	155	21.95%	2	2	93	93	1.3402412140989306E-51	1	1	333	206	151	4	-T
F8_BC68_191109_LF_LIB_consensus_vsearch	3979	C	*/-GC	609	88	12.36%	2	2	93	93	1.7216297937637094E-28	1	1	424	185	63	25	-GC
F8_BC68_191109_LF_LIB_consensus_vsearch	3981	C	*/+T	604	8	1.3%	2	1	93	93	0.0038173667085521622	1	1	424	180	0	8	+T
F8_BC68_191109_LF_LIB_consensus_vsearch	3982	C	*/-T	692	10	1.41%	2	2	93	93	9.455519933469597E-4	1	1	483	209	4	6	-T
F8_BC68_191109_LF_LIB_consensus_vsearch	3985	C	*/-TGC	671	10	1.41%	2	1	93	93	9.446049190917967E-4	1	1	476	195	10	0	-TGC
F8_BC68_191109_LF_LIB_consensus_vsearch	3987	G	*/+CC	647	13	1.86%	2	1	93	93	1.1500096048290026E-4	1	1	434	213	13	0	+CC
F8_BC68_191109_LF_LIB_consensus_vsearch	3987	G	*/-C	647	28	4.01%	2	1	93	93	2.799111153060908E-9	1	1	434	213	28	0	-C
F8_BC68_191109_LF_LIB_consensus_vsearch	3988	C	*/+G	628	34	5.07%	2	1	93	93	3.7684655283959477E-11	1	1	415	213	34	0	+G
F8_BC68_191109_LF_LIB_consensus_vsearch	3989	C	*/+T	669	12	1.69%	2	1	93	93	2.324959998276635E-4	1	1	480	189	0	12	+T
F8_BC68_191109_LF_LIB_consensus_vsearch	3989	C	*/-T	669	17	2.4%	2	2	93	93	6.901053255405842E-6	1	1	480	189	5	12	-T
F8_BC68_191109_LF_LIB_consensus_vsearch	3991	T	*/+C	649	10	1.41%	2	2	93	93	9.435486554556352E-4	1	1	454	195	5	5	+C
F8_BC68_191109_LF_LIB_consensus_vsearch	3991	T	*/-C	649	35	4.94%	2	2	93	93	1.862725543225029E-11	1	1	454	195	24	11	-C
F8_BC68_191109_LF_LIB_consensus_vsearch	3992	C	*/+G	622	29	4.34%	2	1	93	93	1.35413734035108E-9	1	1	421	201	29	0	+G
F8_BC68_191109_LF_LIB_consensus_vsearch	3993	C	*/-T	650	21	2.98%	2	2	93	93	4.0677425213804345E-7	1	1	461	189	7	14	-T
F8_BC68_191109_LF_LIB_consensus_vsearch	3993	C	*/-TT	650	14	1.99%	2	1	93	93	5.695269332154495E-5	1	1	461	189	14	0	-T
F8_BC68_191109_LF_LIB_consensus_vsearch	3995	T	*/-G	637	36	5.17%	2	1	93	93	8.997361261030759E-12	1	1	460	177	0	36	-G
F8_BC68_191109_LF_LIB_consensus_vsearch	4001	T	*/+A	538	9	1.28%	2	1	93	93	0.0018894124030413505	1	1	331	207	9	0	+A
F8_BC68_191109_LF_LIB_consensus_vsearch	4001	T	*/-A	538	143	20.31%	2	2	93	93	2.1315731542641195E-47	1	1	331	207	142	1	-A
F8_BC68_191109_LF_LIB_consensus_vsearch	4004	G	*/-A	679	26	3.67%	2	1	93	93	1.1783309963359763E-8	1	1	465	214	26	0	-A
F8_BC68_191109_LF_LIB_consensus_vsearch	4006	G	*/-C	698	9	1.27%	2	2	93	93	0.0019037332770426652	1	1	486	212	6	3	-C
F8_BC68_191109_LF_LIB_consensus_vsearch	4008	C	*/+A	686	7	0.98%	2	2	93	93	0.007694471271058793	1	1	475	211	5	2	+A
F8_BC68_191109_LF_LIB_consensus_vsearch	4010	T	*/-GT	670	19	2.68%	2	2	93	93	1.6819077718369796E-6	1	1	481	189	5	14	-GT
F8_BC68_191109_LF_LIB_consensus_vsearch	4015	C	*/-A	682	8	1.14%	2	2	93	93	0.0038273666483378274	1	1	476	206	6	2	-A
F8_BC68_191109_LF_LIB_consensus_vsearch	4018	G	*/+C	688	8	1.13%	2	2	93	93	0.0038280434768544216	1	1	480	208	1	7	+C
F8_BC68_191109_LF_LIB_consensus_vsearch	4021	C	*/+T	626	9	1.27%	2	2	93	93	0.0018981751700118846	1	1	475	151	7	2	+T
F8_BC68_191109_LF_LIB_consensus_vsearch	4021	C	*/-T	626	63	8.92%	2	2	93	93	2.4553371834808707E-20	1	1	475	151	3	60	-T
F8_BC68_191109_LF_LIB_consensus_vsearch	4026	T	*/-C	555	138	19.55%	2	1	93	93	1.4552144824503916E-45	1	1	341	214	138	0	-C
F8_BC68_191109_LF_LIB_consensus_vsearch	4028	C	*/-G	642	61	8.58%	2	2	93	93	1.1124792742078014E-19	1	1	471	171	18	43	-G
F8_BC68_191109_LF_LIB_consensus_vsearch	4031	A	*/+G	688	10	1.42%	2	1	93	93	9.453759502338604E-4	1	1	473	215	10	0	+G
F8_BC68_191109_LF_LIB_consensus_vsearch	4038	C	*/-T	684	15	2.13%	2	2	93	93	2.8287131985743293E-5	1	1	488	196	2	13	-T
F8_BC68_191109_LF_LIB_consensus_vsearch	4039	T	*/+C	623	37	5.35%	2	2	93	93	4.330192139661016E-12	1	1	442	181	35	2	+C
F8_BC68_191109_LF_LIB_consensus_vsearch	4039	T	*/-C	623	15	2.17%	2	1	93	93	2.808025855719446E-5	1	1	442	181	0	15	+C
F8_BC68_191109_LF_LIB_consensus_vsearch	4040	C	*/+T	680	7	1.01%	2	1	93	93	0.007693443477408817	1	1	490	190	0	7	+T
F8_BC68_191109_LF_LIB_consensus_vsearch	4041	T	*/-A	635	49	6.93%	2	2	93	93	7.284161356183346E-16	1	1	475	160	10	39	-A
F8_BC68_191109_LF_LIB_consensus_vsearch	4043	A	*/-T	683	7	0.98%	2	2	93	93	0.007693959601990333	1	1	487	196	1	6	-T
F8_BC68_191109_LF_LIB_consensus_vsearch	4045	T	*/+C	556	14	1.97%	2	2	93	93	5.6298446096534314E-5	1	1	423	133	8	6	+C
F8_BC68_191109_LF_LIB_consensus_vsearch	4045	T	*/-C	556	111	15.66%	2	2	93	93	2.604233147631666E-36	1	1	423	133	56	55	-C
F8_BC68_191109_LF_LIB_consensus_vsearch	4045	T	*/-CC	556	18	2.54%	2	2	93	93	3.331816288518551E-6	1	1	423	133	5	13	-C
F8_BC68_191109_LF_LIB_consensus_vsearch	4048	C	*/+T	670	7	0.99%	2	1	93	93	0.007691690124933204	1	1	492	178	0	7	+T
F8_BC68_191109_LF_LIB_consensus_vsearch	4052	T	*/-A	675	29	4.07%	2	1	93	93	1.3877270231517073E-9	1	1	463	212	29	0	-A
F8_BC68_191109_LF_LIB_consensus_vsearch	4053	A	*/-C	613	50	7.32%	2	2	93	93	3.401126396690328E-16	1	1	402	211	45	5	-C
F8_BC68_191109_LF_LIB_consensus_vsearch	4061	T	*/+C	682	8	1.13%	2	1	93	93	0.0038273666483378274	1	1	466	216	8	0	+C
F8_BC68_191109_LF_LIB_consensus_vsearch	4061	T	*/-C	682	14	1.97%	2	1	93	93	5.713604634080099E-5	1	1	466	216	14	0	-C
F8_BC68_191109_LF_LIB_consensus_vsearch	4064	G	*/+C	684	8	1.13%	2	1	93	93	0.003827593555737496	1	1	478	206	0	8	+C
F8_BC68_191109_LF_LIB_consensus_vsearch	4066	T	*/+C	672	14	1.98%	2	2	93	93	5.708054224146792E-5	1	1	480	192	12	2	+C
F8_BC68_191109_LF_LIB_consensus_vsearch	4066	T	*/-C	672	9	1.27%	2	1	93	93	0.0019018607969218603	1	1	480	192	0	9	+C
F8_BC68_191109_LF_LIB_consensus_vsearch	4073	T	*/-C	510	196	27.57%	2	2	93	93	1.3999599936029664E-66	1	1	296	214	195	1	-C
F8_BC68_191109_LF_LIB_consensus_vsearch	4075	C	*/+A	665	11	1.54%	2	2	93	93	4.686668983151157E-4	1	1	452	213	10	1	+A
F8_BC68_191109_LF_LIB_consensus_vsearch	4075	C	*/-A	665	29	4.07%	2	1	93	93	1.381730314016946E-9	1	1	452	213	29	0	-A
F8_BC68_191109_LF_LIB_consensus_vsearch	4081	A	*/-CA	675	13	1.84%	2	2	93	93	1.1528308332773016E-4	1	1	471	204	3	10	-CA
F8_BC68_191109_LF_LIB_consensus_vsearch	4082	C	*/+A	671	10	1.43%	2	1	93	93	9.446049190917967E-4	1	1	480	191	0	10	+A
F8_BC68_191109_LF_LIB_consensus_vsearch	4082	C	*/-A	671	7	1%	2	2	93	93	0.007691867780677997	1	1	480	191	3	4	+A
F8_BC68_191109_LF_LIB_consensus_vsearch	4093	G	*/-TG	680	15	2.11%	2	2	93	93	2.8274647910457938E-5	1	1	484	196	1	14	-TG
F8_BC68_191109_LF_LIB_consensus_vsearch	4098	A	*/-G	623	18	2.55%	2	2	93	93	3.3799503700150395E-6	1	1	425	198	5	13	-G
F8_BC68_191109_LF_LIB_consensus_vsearch	4100	G	*/+A	688	8	1.13%	2	1	93	93	0.0038280434768544216	1	1	474	214	8	0	+A
F8_BC68_191109_LF_LIB_consensus_vsearch	4102	C	*/+AA	682	7	0.98%	2	1	93	93	0.007693788058408534	1	1	475	207	0	7	+AA
F8_BC68_191109_LF_LIB_consensus_vsearch	4102	C	*/+G	682	9	1.27%	2	1	93	93	0.0019025975409729535	1	1	475	207	9	0	+G
F8_BC68_191109_LF_LIB_consensus_vsearch	4102	C	*/-A	682	8	1.13%	2	1	93	93	0.0038273666483378274	1	1	475	207	8	0	+G
F8_BC68_191109_LF_LIB_consensus_vsearch	4103	A	*/-G	674	9	1.28%	2	1	93	93	0.0019020098594393618	1	1	461	213	9	0	-G
F8_BC68_191109_LF_LIB_consensus_vsearch	4106	T	*/+G	700	8	1.12%	2	2	93	93	0.003829362879125778	1	1	486	214	7	1	+G
F8_BC68_191109_LF_LIB_consensus_vsearch	4108	C	*/-T	674	16	2.25%	2	2	93	93	1.397415412378021E-5	1	1	476	198	5	11	-T
F8_BC68_191109_LF_LIB_consensus_vsearch	4108	C	*/-TT	674	12	1.69%	2	1	93	93	2.3257953314238005E-4	1	1	476	198	12	0	-T
F8_BC68_191109_LF_LIB_consensus_vsearch	4111	G	*/-A	673	24	3.4%	2	2	93	93	4.873206876920607E-8	1	1	474	199	15	9	-A
F8_BC68_191109_LF_LIB_consensus_vsearch	4112	A	*/+G	669	7	1.02%	2	1	93	93	0.007691511945153724	1	1	464	205	7	0	+G
F8_BC68_191109_LF_LIB_consensus_vsearch	4114	T	*/+G	665	17	2.41%	2	2	93	93	6.896943473376933E-6	1	1	483	182	2	15	+G
F8_BC68_191109_LF_LIB_consensus_vsearch	4115	G	*/+A	645	7	0.99%	2	2	93	93	0.007687072171301746	1	1	452	193	6	1	+A
F8_BC68_191109_LF_LIB_consensus_vsearch	4115	G	*/-A	645	36	5.09%	2	2	93	93	9.049703086542486E-12	1	1	452	193	29	7	-A
F8_BC68_191109_LF_LIB_consensus_vsearch	4117	A	*/-G	684	10	1.41%	2	2	93	93	9.451978971244695E-4	1	1	481	203	9	1	-G
F8_BC68_191109_LF_LIB_consensus_vsearch	4129	A	*/+CA	681	7	0.99%	2	1	93	93	0.007693616017588559	1	1	468	213	7	0	+CA
F8_BC68_191109_LF_LIB_consensus_vsearch	4130	T	*/+G	612	36	5.09%	2	1	93	93	8.82735081474504E-12	1	1	402	210	36	0	+G
F8_BC68_191109_LF_LIB_consensus_vsearch	4130	T	*/-G	612	31	4.38%	2	2	93	93	3.2151743707698666E-10	1	1	402	210	29	2	+G
F8_BC68_191109_LF_LIB_consensus_vsearch	4131	G	*/-A	410	244	36.2%	2	2	93	93	2.218025121727879E-86	1	1	200	210	243	1	-A
F8_BC68_191109_LF_LIB_consensus_vsearch	4131	G	*/-AA	410	7	1.04%	2	2	93	93	0.007616729829810889	1	1	200	210	6	1	-A
F8_BC68_191109_LF_LIB_consensus_vsearch	4133	A	*/-G	652	9	1.27%	2	1	93	93	0.0019003209213852956	1	1	438	214	9	0	-G
F8_BC68_191109_LF_LIB_consensus_vsearch	4133	A	*/-GC	652	7	0.99%	2	1	93	93	0.00768840040750772	1	1	438	214	7	0	-G
F8_BC68_191109_LF_LIB_consensus_vsearch	4134	G	*/+C	521	129	18.51%	2	2	93	93	1.2598765092059082E-42	1	1	310	211	125	4	+C
F8_BC68_191109_LF_LIB_consensus_vsearch	4134	G	*/-C	521	28	4.02%	2	1	93	93	2.616925089846275E-9	1	1	310	211	28	0	+C
F8_BC68_191109_LF_LIB_consensus_vsearch	4136	C	*/-T	683	11	1.55%	2	2	93	93	4.6916934806662123E-4	1	1	473	210	8	3	-T
F8_BC68_191109_LF_LIB_consensus_vsearch	4137	T	*/+A	650	8	1.14%	2	1	93	93	0.0038235494745854515	1	1	469	181	8	0	+A
F8_BC68_191109_LF_LIB_consensus_vsearch	4138	G	*/-A	685	18	2.54%	2	1	93	93	3.4166739671643E-6	1	1	469	216	18	0	-A
F8_BC68_191109_LF_LIB_consensus_vsearch	4144	T	*/-C	533	169	23.84%	2	2	93	93	1.3190633372590938E-56	1	1	326	207	165	4	-C
F8_BC68_191109_LF_LIB_consensus_vsearch	4146	C	*/+G	662	14	1.96%	2	2	93	93	5.702343572338157E-5	1	1	473	189	3	11	+G
F8_BC68_191109_LF_LIB_consensus_vsearch	4147	G	*/-A	694	12	1.69%	2	2	93	93	2.329020181664877E-4	1	1	481	213	11	1	-A
F8_BC68_191109_LF_LIB_consensus_vsearch	4151	G	*/-A	701	9	1.26%	2	1	93	93	0.001903940567578768	1	1	485	216	9	0	-A
F8_BC68_191109_LF_LIB_consensus_vsearch	4153	T	*/-G	691	8	1.12%	2	1	93	93	0.0038283775544042174	1	1	476	215	8	0	-G
F8_BC68_191109_LF_LIB_consensus_vsearch	4154	G	*/-CT	666	26	3.7%	2	1	93	93	1.1730481141559833E-8	1	1	453	213	26	0	-CT
F8_BC68_191109_LF_LIB_consensus_vsearch	4159	T	*/+A	657	12	1.69%	2	1	93	93	2.3229050890362837E-4	1	1	456	201	12	0	+A
F8_BC68_191109_LF_LIB_consensus_vsearch	4159	T	*/+G	657	9	1.27%	2	1	93	93	0.0019007144979249183	1	1	456	201	9	0	+A
F8_BC68_191109_LF_LIB_consensus_vsearch	4159	T	*/-G	657	7	0.99%	2	2	93	93	0.007689332054127551	1	1	456	201	5	2	+A
F8_BC68_191109_LF_LIB_consensus_vsearch	4160	G	*/+A	669	8	1.14%	2	1	93	93	0.003825859230664742	1	1	458	211	8	0	+A
F8_BC68_191109_LF_LIB_consensus_vsearch	4160	G	*/-A	669	19	2.7%	2	1	93	93	1.6815960917519931E-6	1	1	458	211	19	0	-A
F8_BC68_191109_LF_LIB_consensus_vsearch	4161	A	*/+G	656	7	1.01%	2	1	93	93	0.007689146845504986	1	1	448	208	7	0	+G
F8_BC68_191109_LF_LIB_consensus_vsearch	4161	A	*/-G	656	17	2.46%	2	2	93	93	6.887524858349418E-6	1	1	448	208	15	2	-G
F8_BC68_191109_LF_LIB_consensus_vsearch	4164	C	*/-ACCT	684	17	2.39%	2	1	93	93	6.916062977040764E-6	1	1	468	216	17	0	-ACCT
F8_BC68_191109_LF_LIB_consensus_vsearch	4165	A	*/-C	672	7	1.01%	2	1	93	93	0.007692044914716208	1	1	457	215	7	0	-C
F8_BC68_191109_LF_LIB_consensus_vsearch	4167	C	*/+T	649	11	1.58%	2	2	93	93	4.681975701275244E-4	1	1	455	194	2	9	+T
F8_BC68_191109_LF_LIB_consensus_vsearch	4167	C	*/-T	649	20	2.88%	2	2	93	93	8.256854159924684E-7	1	1	455	194	7	13	-T
F8_BC68_191109_LF_LIB_consensus_vsearch	4167	C	*/-TT	649	7	1.01%	2	1	93	93	0.00768783462368761	1	1	455	194	7	0	-T
F8_BC68_191109_LF_LIB_consensus_vsearch	4170	G	*/-C	665	18	2.56%	2	2	93	93	3.4055237370353982E-6	1	1	457	208	15	3	-C
F8_BC68_191109_LF_LIB_consensus_vsearch	4170	G	*/-CCTG	665	12	1.7%	2	1	93	93	2.3242829916540379E-4	1	1	457	208	12	0	-C
F8_BC68_191109_LF_LIB_consensus_vsearch	4171	C	*/+T	662	10	1.47%	2	1	93	93	9.441810882382281E-4	1	1	463	199	0	10	+T
F8_BC68_191109_LF_LIB_consensus_vsearch	4172	C	*/-T	665	19	2.73%	2	2	93	93	1.6803407173614574E-6	1	1	463	202	7	12	-T
F8_BC68_191109_LF_LIB_consensus_vsearch	4174	G	*/-C	675	7	1.01%	2	2	93	93	0.007692573209303539	1	1	468	207	2	5	-C
F8_BC68_191109_LF_LIB_consensus_vsearch	4175	C	*/+A	665	8	1.14%	2	2	93	93	0.003825383751108893	1	1	475	190	6	2	+A
F8_BC68_191109_LF_LIB_consensus_vsearch	4175	C	*/-A	665	11	1.57%	2	2	93	93	4.686668983151157E-4	1	1	475	190	5	6	-A
F8_BC68_191109_LF_LIB_consensus_vsearch	4184	C	*/+G	675	17	2.39%	2	2	93	93	6.907132247481708E-6	1	1	465	210	16	1	+G
F8_BC68_191109_LF_LIB_consensus_vsearch	4185	G	*/-A	683	10	1.41%	2	1	93	93	9.451530657497562E-4	1	1	468	215	10	0	-A
F8_BC68_191109_LF_LIB_consensus_vsearch	4186	A	*/+G	559	8	1.15%	2	2	93	93	0.0038103532778841847	1	1	344	215	7	1	+G
F8_BC68_191109_LF_LIB_consensus_vsearch	4186	A	*/-G	559	118	16.93%	2	1	93	93	1.1227059232390023E-38	1	1	344	215	118	0	-G
F8_BC68_191109_LF_LIB_consensus_vsearch	4188	G	*/+A	652	8	1.12%	2	1	93	93	0.0038237988380035006	1	1	442	210	8	0	+A
F8_BC68_191109_LF_LIB_consensus_vsearch	4188	G	*/+T	652	12	1.69%	2	2	93	93	2.3220273175915897E-4	1	1	442	210	11	1	+T
F8_BC68_191109_LF_LIB_consensus_vsearch	4188	G	*/-T	652	22	3.09%	2	2	93	93	2.0031232789183696E-7	1	1	442	210	17	5	-T
F8_BC68_191109_LF_LIB_consensus_vsearch	4191	T	*/-G	641	66	9.26%	2	2	93	93	2.7601663424822885E-21	1	1	490	151	1	65	-G
F8_BC68_191109_LF_LIB_consensus_vsearch	4194	A	*/+C	679	7	0.99%	2	2	93	93	0.007693270435678032	1	1	482	197	1	6	+C
F8_BC68_191109_LF_LIB_consensus_vsearch	4194	A	*/+T	679	12	1.7%	2	1	93	93	2.3266187675392302E-4	1	1	482	197	0	12	+T
F8_BC68_191109_LF_LIB_consensus_vsearch	4195	T	*/+C	672	21	2.96%	2	1	93	93	4.088627279309247E-7	1	1	462	210	21	0	+C
F8_BC68_191109_LF_LIB_consensus_vsearch	4195	T	*/-C	672	7	0.99%	2	2	93	93	0.007692044914716208	1	1	462	210	3	4	+C
F8_BC68_191109_LF_LIB_consensus_vsearch	4196	C	*/-T	677	18	2.56%	2	2	93	93	3.412287524236182E-6	1	1	483	194	3	15	-T
F8_BC68_191109_LF_LIB_consensus_vsearch	4197	T	*/-A	657	20	2.89%	2	2	93	93	8.271133609537702E-7	1	1	467	190	12	8	-A
F8_BC68_191109_LF_LIB_consensus_vsearch	4200	T	*/+A	674	7	0.99%	2	1	93	93	0.007692397626735055	1	1	477	197	7	0	+A
F8_BC68_191109_LF_LIB_consensus_vsearch	4201	G	*/-A	698	7	0.99%	2	2	93	93	0.007696474526240225	1	1	483	215	6	1	-A
F8_BC68_191109_LF_LIB_consensus_vsearch	4202	A	*/-G	687	9	1.27%	2	2	93	93	0.0019029580289553435	1	1	475	212	6	3	-G
F8_BC68_191109_LF_LIB_consensus_vsearch	4204	C	*/-AC	637	61	8.62%	2	1	93	93	1.1011957155803186E-19	1	1	428	209	61	0	-AC
F8_BC68_191109_LF_LIB_consensus_vsearch	4208	T	*/-C	667	35	4.92%	2	1	93	93	1.8847094528539257E-11	1	1	451	216	35	0	-C
F8_BC68_191109_LF_LIB_consensus_vsearch	4212	C	*/-T	691	7	0.99%	2	2	93	93	0.007695314307205932	1	1	483	208	2	5	-T
F8_BC68_191109_LF_LIB_consensus_vsearch	4213	T	*/-CT	673	22	3.12%	2	2	93	93	2.0138590492916555E-7	1	1	488	185	3	19	-CT
F8_BC68_191109_LF_LIB_consensus_vsearch	4214	C	*/-T	635	39	5.7%	2	2	93	93	1.0328632364848535E-12	1	1	487	148	1	38	-T
F8_BC68_191109_LF_LIB_consensus_vsearch	4221	T	*/-G	687	11	1.54%	2	2	93	93	4.6927752796516024E-4	1	1	481	206	6	5	-G
F8_BC68_191109_LF_LIB_consensus_vsearch	4228	G	*/-TTG	683	7	0.98%	2	2	93	93	0.007693959601990333	1	1	475	208	5	2	-TTG
F8_BC68_191109_LF_LIB_consensus_vsearch	4230	T	*/+A	680	7	0.99%	2	1	93	93	0.007693443477408817	1	1	472	208	7	0	+A
F8_BC68_191109_LF_LIB_consensus_vsearch	4232	T	*/-GC	675	11	1.56%	2	2	93	93	4.6894925126844146E-4	1	1	475	200	3	8	-GC
F8_BC68_191109_LF_LIB_consensus_vsearch	4236	T	*/-GT	681	8	1.13%	2	2	93	93	0.0038272527030184396	1	1	480	201	5	3	-GT
F8_BC68_191109_LF_LIB_consensus_vsearch	4237	G	*/-T	671	19	2.71%	2	1	93	93	1.6822185936618268E-6	1	1	482	189	0	19	-T
F8_BC68_191109_LF_LIB_consensus_vsearch	4239	A	*/+G	661	13	1.84%	2	1	93	93	1.1514489314702678E-4	1	1	484	177	0	13	+G
F8_BC68_191109_LF_LIB_consensus_vsearch	4239	A	*/-T	661	13	1.84%	2	2	93	93	1.1514489314702678E-4	1	1	484	177	2	11	+G
F8_BC68_191109_LF_LIB_consensus_vsearch	4239	A	*/-TTA	661	7	0.99%	2	2	93	93	0.0076900673602228325	1	1	484	177	5	2	+G
F8_BC68_191109_LF_LIB_consensus_vsearch	4243	T	*/-C	696	9	1.27%	2	1	93	93	0.0019035941099604125	1	1	492	204	0	9	-C
F8_BC68_191109_LF_LIB_consensus_vsearch	4245	T	*/+C	613	13	1.85%	2	2	93	93	1.1462518627902735E-4	1	1	414	199	3	10	+C
F8_BC68_191109_LF_LIB_consensus_vsearch	4245	T	*/-C	613	73	10.37%	2	2	93	93	1.3998241394078003E-23	1	1	414	199	69	4	-C
F8_BC68_191109_LF_LIB_consensus_vsearch	4251	A	*/-T	691	9	1.27%	2	2	93	93	0.0019032427370135523	1	1	478	213	6	3	-T
F8_BC68_191109_LF_LIB_consensus_vsearch	4256	T	*/-C	690	11	1.55%	2	2	93	93	4.6935786269801464E-4	1	1	476	214	10	1	-C
F8_BC68_191109_LF_LIB_consensus_vsearch	4257	C	*/-AC	674	10	1.43%	2	1	93	93	9.447437414487541E-4	1	1	462	212	10	0	-AC
F8_BC68_191109_LF_LIB_consensus_vsearch	4259	C	*/-G	671	10	1.43%	2	2	93	93	9.446049190917967E-4	1	1	463	208	8	2	-G
F8_BC68_191109_LF_LIB_consensus_vsearch	4261	G	*/+CC	670	12	1.69%	2	1	93	93	2.325128029022739E-4	1	1	455	215	12	0	+CC
F8_BC68_191109_LF_LIB_consensus_vsearch	4261	G	*/-C	670	7	0.99%	2	1	93	93	0.007691690124933204	1	1	455	215	7	0	+CC
F8_BC68_191109_LF_LIB_consensus_vsearch	4273	C	*/+A	537	30	4.24%	2	2	93	93	6.281101732517469E-10	1	1	337	200	27	3	+A
F8_BC68_191109_LF_LIB_consensus_vsearch	4273	C	*/-A	537	127	17.94%	2	2	93	93	7.443563242317147E-42	1	1	337	200	115	12	-A
F8_BC68_191109_LF_LIB_consensus_vsearch	4273	C	*/-AA	537	7	0.99%	2	1	93	93	0.007662263431712945	1	1	337	200	7	0	-A
F8_BC68_191109_LF_LIB_consensus_vsearch	4279	T	*/-C	675	28	3.94%	2	1	93	93	2.8318084431791786E-9	1	1	491	184	0	28	-C
F8_BC68_191109_LF_LIB_consensus_vsearch	4283	C	*/+T	691	11	1.55%	2	1	93	93	4.6938449023983423E-4	1	1	489	202	0	11	+T
F8_BC68_191109_LF_LIB_consensus_vsearch	4284	T	*/-C	681	10	1.41%	2	2	93	93	9.450630174371408E-4	1	1	487	194	2	8	-C
F8_BC68_191109_LF_LIB_consensus_vsearch	4287	T	*/+C	689	9	1.27%	2	2	93	93	0.0019031007880593255	1	1	475	214	7	2	+C
F8_BC68_191109_LF_LIB_consensus_vsearch	4288	C	*/+A	664	23	3.25%	2	1	93	93	9.88568315540832E-8	1	1	455	209	23	0	+A
F8_BC68_191109_LF_LIB_consensus_vsearch	4288	C	*/-A	664	9	1.27%	2	2	93	93	0.0019012557507408912	1	1	455	209	5	4	+A
F8_BC68_191109_LF_LIB_consensus_vsearch	4293	G	*/-A	697	9	1.27%	2	1	93	93	0.0019036637913854943	1	1	483	214	9	0	-A
F8_BC68_191109_LF_LIB_consensus_vsearch	4304	G	*/-A	702	7	0.98%	2	1	93	93	0.007697127251846029	1	1	486	216	7	0	-A
F8_BC68_191109_LF_LIB_consensus_vsearch	4308	T	*/-A	695	11	1.55%	2	2	93	93	4.694902553240952E-4	1	1	481	214	9	2	-A
F8_BC68_191109_LF_LIB_consensus_vsearch	4311	T	*/+A	688	7	0.99%	2	1	93	93	0.007694809936862327	1	1	473	215	7	0	+A
F8_BC68_191109_LF_LIB_consensus_vsearch	4312	G	*/-A	694	9	1.27%	2	2	93	93	0.001903454156451721	1	1	479	215	8	1	-A
F8_BC68_191109_LF_LIB_consensus_vsearch	4314	G	*/-C	691	7	0.99%	2	2	93	93	0.007695314307205932	1	1	477	214	5	2	-C
F8_BC68_191109_LF_LIB_consensus_vsearch	4320	C	*/+AC	682	7	0.99%	2	1	93	93	0.007693788058408534	1	1	477	205	7	0	+AC
F8_BC68_191109_LF_LIB_consensus_vsearch	4324	G	*/-T	686	10	1.41%	2	2	93	93	9.452871770742829E-4	1	1	474	212	9	1	-T
F8_BC68_191109_LF_LIB_consensus_vsearch	4327	T	*/+C	696	8	1.13%	2	2	93	93	0.0038289280527219385	1	1	488	208	1	7	+C
F8_BC68_191109_LF_LIB_consensus_vsearch	4328	C	*/-A	699	8	1.13%	2	2	93	93	0.003829254631650171	1	1	490	209	4	4	-A
F8_BC68_191109_LF_LIB_consensus_vsearch	4333	G	*/+T	690	8	1.13%	2	1	93	93	0.0038282665127912204	1	1	475	215	8	0	+T
F8_BC68_191109_LF_LIB_consensus_vsearch	4333	G	*/-T	690	7	0.99%	2	1	93	93	0.007695146664767802	1	1	475	215	7	0	+T
F8_BC68_191109_LF_LIB_consensus_vsearch	4336	T	*/+A	650	22	3.09%	2	1	93	93	2.002068359369506E-7	1	1	440	210	22	0	+A
F8_BC68_191109_LF_LIB_consensus_vsearch	4336	T	*/+AA	650	7	0.98%	2	1	93	93	0.007688023790642392	1	1	440	210	7	0	+A
F8_BC68_191109_LF_LIB_consensus_vsearch	4336	T	*/-A	650	21	2.95%	2	2	93	93	4.0677425213804345E-7	1	1	440	210	17	4	-A
F8_BC68_191109_LF_LIB_consensus_vsearch	4338	A	*/-G	690	13	1.83%	2	2	93	93	1.1542515400541905E-4	1	1	479	211	11	2	-G
F8_BC68_191109_LF_LIB_consensus_vsearch	4343	T	*/+C	675	16	2.26%	2	2	93	93	1.3975953033287029E-5	1	1	470	205	15	1	+C
F8_BC68_191109_LF_LIB_consensus_vsearch	4344	C	*/+A	671	7	1%	2	1	93	93	0.007691867780677997	1	1	480	191	7	0	+A
F8_BC68_191109_LF_LIB_consensus_vsearch	4344	C	*/+T	671	11	1.57%	2	1	93	93	4.688372910985754E-4	1	1	480	191	0	11	+T
F8_BC68_191109_LF_LIB_consensus_vsearch	4344	C	*/-T	671	11	1.57%	2	2	93	93	4.688372910985754E-4	1	1	480	191	3	8	+T
F8_BC68_191109_LF_LIB_consensus_vsearch	4345	T	*/+G	669	12	1.72%	2	1	93	93	2.324959998276635E-4	1	1	475	194	0	12	+G
F8_BC68_191109_LF_LIB_consensus_vsearch	4350	T	*/-C	690	7	0.99%	2	1	93	93	0.007695146664767802	1	1	489	201	0	7	-C
F8_BC68_191109_LF_LIB_consensus_vsearch	4351	C	*/-TC	512	182	25.96%	2	2	93	93	1.8240460072181586E-61	1	1	460	52	29	153	-TC
F8_BC68_191109_LF_LIB_consensus_vsearch	4364	C	*/-T	676	9	1.28%	2	2	93	93	0.0019021580576563692	1	1	468	208	6	3	-T
F8_BC68_191109_LF_LIB_consensus_vsearch	4369	T	*/-C	667	36	5.09%	2	2	93	93	9.188796976525913E-12	1	1	452	215	35	1	-C
F8_BC68_191109_LF_LIB_consensus_vsearch	4371	C	*/+G	672	20	2.83%	2	1	93	93	8.297067812230699E-7	1	1	480	192	0	20	+G
F8_BC68_191109_LF_LIB_consensus_vsearch	4377	A	*/-C	686	11	1.56%	2	1	93	93	4.69250597951495E-4	1	1	484	202	0	11	-C
F8_BC68_191109_LF_LIB_consensus_vsearch	4380	A	*/-G	678	17	2.43%	2	2	93	93	6.910133880205389E-6	1	1	481	197	3	14	-G
F8_BC68_191109_LF_LIB_consensus_vsearch	4381	G	*/-C	626	9	1.33%	2	1	93	93	0.0018981751700118846	1	1	438	188	0	9	-C
