Chrom	Position	Ref	Cons	Reads1	Reads2	VarFreq	Strands1	Strands2	Qual1	Qual2	Pvalue	MapQual1	MapQual2	Reads1Plus	Reads1Minus	Reads2Plus	Reads2Minus	VarAllele
F8_BC68_191109_LF_LIB_consensus_vsearch	1	A	A	575	0	0%	2	0	93	0	1.0	1	0	470	105	0	0	
F8_BC68_191109_LF_LIB_consensus_vsearch	2	T	T	596	0	0%	2	0	93	0	1.0	1	0	477	119	0	0	
F8_BC68_191109_LF_LIB_consensus_vsearch	3	G	*/-T	513	77	12.46%	2	1	93	93	4.658082505183676E-25	1	1	374	139	77	0	-T
F8_BC68_191109_LF_LIB_consensus_vsearch	4	T	T	555	1	0.18%	2	1	93	93	0.5000000000008233	1	1	406	149	0	1	C
F8_BC68_191109_LF_LIB_consensus_vsearch	5	T	T	643	2	0.31%	2	1	93	93	0.2498060512025131	1	1	482	161	2	0	C
F8_BC68_191109_LF_LIB_consensus_vsearch	6	T	T	654	2	0.3%	2	1	93	93	0.24980930587337188	1	1	482	172	0	2	C
F8_BC68_191109_LF_LIB_consensus_vsearch	7	T	T	654	4	0.6%	2	2	93	93	0.06221493749264768	1	1	476	178	2	2	-A
F8_BC68_191109_LF_LIB_consensus_vsearch	8	A	A	666	2	0.3%	2	1	93	93	0.24981273408223997	1	1	482	184	2	0	G
F8_BC68_191109_LF_LIB_consensus_vsearch	9	A	A	671	5	0.73%	2	2	93	93	0.031018947061134776	1	1	481	190	4	1	-T
F8_BC68_191109_LF_LIB_consensus_vsearch	10	T	T	681	1	0.15%	2	1	93	93	0.4999999999999138	1	1	484	197	0	1	C
F8_BC68_191109_LF_LIB_consensus_vsearch	11	T	*/+G	659	20	2.91%	2	1	93	93	8.274653912968745E-7	1	1	461	198	20	0	+G
F8_BC68_191109_LF_LIB_consensus_vsearch	12	A	*/-G	656	23	3.34%	2	1	93	93	9.863533806246941E-8	1	1	457	199	23	0	-G
F8_BC68_191109_LF_LIB_consensus_vsearch	13	G	G	672	1	0.15%	2	1	93	93	0.4999999999999138	1	1	465	207	0	1	C
F8_BC68_191109_LF_LIB_consensus_vsearch	14	A	A	691	4	0.57%	2	1	93	93	0.06223011892275293	1	1	481	210	4	0	+C
F8_BC68_191109_LF_LIB_consensus_vsearch	15	C	C	690	3	0.43%	2	2	93	93	0.12472924187740676	1	1	482	208	2	1	+A
F8_BC68_191109_LF_LIB_consensus_vsearch	16	A	A	694	6	0.85%	2	1	93	93	0.015457829299773128	1	1	483	211	6	0	G
F8_BC68_191109_LF_LIB_consensus_vsearch	17	G	G	697	2	0.28%	2	1	93	93	0.24982104509666578	1	1	487	210	0	2	A
F8_BC68_191109_LF_LIB_consensus_vsearch	18	T	*/+C	687	13	1.85%	2	1	93	93	1.1539721756013441E-4	1	1	475	212	13	0	+C
F8_BC68_191109_LF_LIB_consensus_vsearch	19	C	*/+A	684	10	1.42%	2	1	93	93	9.451978971244695E-4	1	1	478	206	10	0	+A
F8_BC68_191109_LF_LIB_consensus_vsearch	20	A	*/+G	679	12	1.71%	2	1	93	93	2.3266187675392302E-4	1	1	484	195	0	12	+G
F8_BC68_191109_LF_LIB_consensus_vsearch	21	G	G	696	3	0.43%	2	2	93	93	0.12473156764502437	1	1	485	211	2	1	-A
F8_BC68_191109_LF_LIB_consensus_vsearch	22	A	R	666	29	4.14%	2	2	93	93	1.3823367330791702E-9	1	1	466	200	20	9	G
F8_BC68_191109_LF_LIB_consensus_vsearch	23	T	Y	693	9	1.28%	2	2	93	93	0.0019033838827015696	1	1	488	205	2	7	C
F8_BC68_191109_LF_LIB_consensus_vsearch	24	T	*/-C	575	105	14.94%	2	2	93	93	3.16939166101349E-34	1	1	438	137	45	60	-C
F8_BC68_191109_LF_LIB_consensus_vsearch	25	C	C	588	3	0.51%	2	2	93	93	0.12468247248078299	1	1	444	144	1	2	T
F8_BC68_191109_LF_LIB_consensus_vsearch	26	C	C	694	2	0.29%	2	2	93	93	0.24982027318421304	1	1	489	205	1	1	T
F8_BC68_191109_LF_LIB_consensus_vsearch	27	C	C	687	4	0.57%	2	2	93	93	0.062228556095681314	1	1	483	204	2	2	T
F8_BC68_191109_LF_LIB_consensus_vsearch	28	C	*/-A	671	9	1.28%	2	2	93	93	0.001901785939178216	1	1	482	189	2	7	-A
F8_BC68_191109_LF_LIB_consensus_vsearch	29	A	A	684	4	0.58%	2	1	93	93	0.06222737204525631	1	1	480	204	4	0	+GA
F8_BC68_191109_LF_LIB_consensus_vsearch	30	A	W	692	8	1.14%	2	1	93	93	0.0038284882802459928	1	1	488	204	0	8	T
F8_BC68_191109_LF_LIB_consensus_vsearch	31	G	G	701	2	0.28%	2	1	93	93	0.24982206405609253	1	1	488	213	2	0	A
F8_BC68_191109_LF_LIB_consensus_vsearch	32	T	*/-C	673	28	3.97%	2	2	93	93	2.8295491253745715E-9	1	1	464	209	24	4	-C
F8_BC68_191109_LF_LIB_consensus_vsearch	33	C	C	673	2	0.29%	2	2	93	93	0.24981467753915756	1	1	465	208	1	1	T
F8_BC68_191109_LF_LIB_consensus_vsearch	34	C	*/+A	674	11	1.56%	2	2	93	93	4.6892138226090437E-4	1	1	474	200	10	1	+A
F8_BC68_191109_LF_LIB_consensus_vsearch	35	G	K	681	12	1.7%	2	1	93	93	2.32694486757084E-4	1	1	472	209	12	0	T
F8_BC68_191109_LF_LIB_consensus_vsearch	36	T	T	695	4	0.57%	2	2	93	93	0.06223166385714614	1	1	488	207	2	2	-G
F8_BC68_191109_LF_LIB_consensus_vsearch	37	G	R	650	23	3.29%	2	1	93	93	9.846603864108317E-8	1	1	453	197	23	0	A
F8_BC68_191109_LF_LIB_consensus_vsearch	38	C	C	673	4	0.58%	2	1	93	93	0.06222294071405593	1	1	482	191	0	4	+TA
F8_BC68_191109_LF_LIB_consensus_vsearch	39	C	Y	684	9	1.27%	2	2	93	93	0.0019027423560483373	1	1	486	198	1	8	T
F8_BC68_191109_LF_LIB_consensus_vsearch	40	A	W	680	11	1.56%	2	2	93	93	4.6908740151385334E-4	1	1	484	196	1	10	T
F8_BC68_191109_LF_LIB_consensus_vsearch	41	G	G	695	3	0.43%	2	2	93	93	0.12473118279579633	1	1	488	207	1	2	A
F8_BC68_191109_LF_LIB_consensus_vsearch	42	T	Y	697	9	1.27%	2	2	93	93	0.0019036637913854943	1	1	489	208	3	6	C
F8_BC68_191109_LF_LIB_consensus_vsearch	43	T	T	690	5	0.71%	2	2	93	93	0.031025261309997287	1	1	487	203	2	3	+C
F8_BC68_191109_LF_LIB_consensus_vsearch	44	C	*/+T	680	19	2.7%	2	2	93	93	1.6849779450437953E-6	1	1	486	194	2	17	+T
F8_BC68_191109_LF_LIB_consensus_vsearch	45	T	*/+G	632	62	8.82%	2	2	93	93	5.209634942298391E-20	1	1	437	195	46	16	+G
F8_BC68_191109_LF_LIB_consensus_vsearch	46	G	*/-A	675	18	2.55%	2	2	93	93	3.41117578142527E-6	1	1	462	213	17	1	-A
F8_BC68_191109_LF_LIB_consensus_vsearch	47	A	R	656	18	2.61%	2	2	93	93	3.400299948628629E-6	1	1	450	206	14	4	G
F8_BC68_191109_LF_LIB_consensus_vsearch	48	G	*/+A	679	9	1.28%	2	1	93	93	0.0019023787507757343	1	1	471	208	9	0	+A
F8_BC68_191109_LF_LIB_consensus_vsearch	49	T	Y	681	12	1.72%	2	2	93	93	2.32694486757084E-4	1	1	481	200	1	11	C
F8_BC68_191109_LF_LIB_consensus_vsearch	50	T	*/-G	681	15	2.12%	2	2	93	93	2.827778200608379E-5	1	1	481	200	3	12	-G
F8_BC68_191109_LF_LIB_consensus_vsearch	51	G	R	675	8	1.16%	2	1	93	93	0.003826562057959725	1	1	475	200	8	0	A
F8_BC68_191109_LF_LIB_consensus_vsearch	52	G	R	686	10	1.42%	2	2	93	93	9.452871770742829E-4	1	1	479	207	6	4	A
F8_BC68_191109_LF_LIB_consensus_vsearch	53	C	Y	681	12	1.7%	2	2	93	93	2.32694486757084E-4	1	1	481	200	2	10	T
F8_BC68_191109_LF_LIB_consensus_vsearch	54	T	T	696	2	0.28%	2	1	93	93	0.24982078853023015	1	1	487	209	2	0	A
F8_BC68_191109_LF_LIB_consensus_vsearch	55	G	G	694	5	0.71%	2	2	93	93	0.031026546901622466	1	1	483	211	4	1	A
F8_BC68_191109_LF_LIB_consensus_vsearch	56	C	*/+G	634	58	8.27%	2	1	93	93	9.974716238818666E-19	1	1	426	208	58	0	+G
F8_BC68_191109_LF_LIB_consensus_vsearch	57	A	*/-G	622	62	8.83%	2	1	93	93	5.097057582838669E-20	1	1	417	205	62	0	-G
F8_BC68_191109_LF_LIB_consensus_vsearch	58	G	G	631	6	0.94%	2	1	93	93	0.015441322121615015	1	1	423	208	6	0	+A
F8_BC68_191109_LF_LIB_consensus_vsearch	59	A	A	687	6	0.85%	2	1	93	93	0.015456143164561733	1	1	478	209	6	0	+C
F8_BC68_191109_LF_LIB_consensus_vsearch	60	C	C	696	5	0.71%	2	2	93	93	0.03102718419759366	1	1	486	210	4	1	T
F8_BC68_191109_LF_LIB_consensus_vsearch	61	A	A	694	5	0.71%	2	2	93	93	0.031026546901622466	1	1	488	206	2	3	G
F8_BC68_191109_LF_LIB_consensus_vsearch	62	A	A	696	3	0.42%	2	2	93	93	0.12473156764502437	1	1	486	210	2	1	C
F8_BC68_191109_LF_LIB_consensus_vsearch	63	T	T	699	5	0.71%	2	2	93	93	0.031028133354538395	1	1	490	209	2	3	C
F8_BC68_191109_LF_LIB_consensus_vsearch	64	G	R	687	9	1.27%	2	1	93	93	0.0019029580289553435	1	1	476	211	9	0	A
F8_BC68_191109_LF_LIB_consensus_vsearch	65	C	*/-TGC	664	22	3.11%	2	2	93	93	2.009332786434768E-7	1	1	467	197	9	13	-TGC
F8_BC68_191109_LF_LIB_consensus_vsearch	66	T	Y	658	13	1.91%	2	2	93	93	1.1511454585396973E-4	1	1	469	189	6	7	C
F8_BC68_191109_LF_LIB_consensus_vsearch	67	G	*/-C	663	10	1.47%	2	2	93	93	9.442287348475047E-4	1	1	466	197	9	1	-C
F8_BC68_191109_LF_LIB_consensus_vsearch	68	C	C	661	3	0.45%	2	1	93	93	0.12471740768655781	1	1	465	196	3	0	G
F8_BC68_191109_LF_LIB_consensus_vsearch	69	C	C	694	6	0.85%	2	2	93	93	0.015457829299773128	1	1	483	211	5	1	T
F8_BC68_191109_LF_LIB_consensus_vsearch	70	A	A	701	3	0.43%	2	1	93	93	0.12473347547949812	1	1	486	215	3	0	G
F8_BC68_191109_LF_LIB_consensus_vsearch	71	A	R	683	21	2.97%	2	1	93	93	4.098610540796804E-7	1	1	468	215	21	0	G
F8_BC68_191109_LF_LIB_consensus_vsearch	72	C	*/-GC	682	11	1.56%	2	1	93	93	4.6914211039852195E-4	1	1	468	214	11	0	-GC
F8_BC68_191109_LF_LIB_consensus_vsearch	73	G	G	691	4	0.57%	2	1	93	93	0.06223011892275293	1	1	477	214	4	0	A
F8_BC68_191109_LF_LIB_consensus_vsearch	74	C	*/+GC	665	11	1.58%	2	1	93	93	4.686668983151157E-4	1	1	452	213	11	0	+GC
F8_BC68_191109_LF_LIB_consensus_vsearch	75	T	*/-G	677	8	1.14%	2	2	93	93	0.0038267936108249954	1	1	467	210	7	1	-G
F8_BC68_191109_LF_LIB_consensus_vsearch	76	G	R	674	12	1.73%	2	2	93	93	2.3257953314238005E-4	1	1	465	209	11	1	A
F8_BC68_191109_LF_LIB_consensus_vsearch	77	G	*/+A	648	27	3.85%	2	1	93	93	5.714851937501063E-9	1	1	438	210	27	0	+A
F8_BC68_191109_LF_LIB_consensus_vsearch	78	G	R	676	16	2.26%	2	1	93	93	1.3977746915028406E-5	1	1	463	213	16	0	A
F8_BC68_191109_LF_LIB_consensus_vsearch	79	T	Y	650	23	3.29%	2	2	93	93	9.846603864108317E-8	1	1	452	198	13	10	C
F8_BC68_191109_LF_LIB_consensus_vsearch	80	A	A	681	4	0.58%	2	2	93	93	0.0622261776199538	1	1	472	209	1	3	C
F8_BC68_191109_LF_LIB_consensus_vsearch	81	A	*/+C	684	11	1.55%	2	1	93	93	4.691965083280461E-4	1	1	473	211	11	0	+C
F8_BC68_191109_LF_LIB_consensus_vsearch	82	T	*/+A	666	12	1.7%	2	1	93	93	2.3244529801020794E-4	1	1	458	208	12	0	+A
F8_BC68_191109_LF_LIB_consensus_vsearch	83	A	M	661	14	2%	2	1	93	93	5.7017634264194104E-5	1	1	452	209	14	0	C
F8_BC68_191109_LF_LIB_consensus_vsearch	84	G	*/-A	621	54	7.75%	2	1	93	93	1.8403296762042722E-17	1	1	406	215	54	0	-A
F8_BC68_191109_LF_LIB_consensus_vsearch	85	A	*/-G	586	46	7.09%	2	2	93	93	6.076347317669811E-15	1	1	374	212	45	1	-G
F8_BC68_191109_LF_LIB_consensus_vsearch	86	G	G	638	4	0.61%	2	1	93	93	0.06220783037409824	1	1	426	212	4	0	A
F8_BC68_191109_LF_LIB_consensus_vsearch	87	G	R	670	15	2.13%	2	2	93	93	2.8242817949740967E-5	1	1	458	212	14	1	A
F8_BC68_191109_LF_LIB_consensus_vsearch	88	C	*/+A	674	11	1.56%	2	2	93	93	4.6892138226090437E-4	1	1	477	197	2	9	+A
F8_BC68_191109_LF_LIB_consensus_vsearch	89	A	A	682	6	0.87%	2	2	93	93	0.015454917806583757	1	1	477	205	5	1	G
F8_BC68_191109_LF_LIB_consensus_vsearch	90	A	R	662	21	2.99%	2	1	93	93	4.079290340395591E-7	1	1	463	199	21	0	G
F8_BC68_191109_LF_LIB_consensus_vsearch	91	C	*/-A	621	34	4.9%	2	2	93	93	3.750535163620671E-11	1	1	465	156	8	26	-A
F8_BC68_191109_LF_LIB_consensus_vsearch	92	A	W	648	10	1.49%	2	2	93	93	9.434989821044166E-4	1	1	473	175	1	9	T
F8_BC68_191109_LF_LIB_consensus_vsearch	93	A	*/-G	680	10	1.41%	2	2	93	93	9.450177994018546E-4	1	1	477	203	2	8	-G
F8_BC68_191109_LF_LIB_consensus_vsearch	94	G	R	670	16	2.31%	2	2	93	93	1.396690778256071E-5	1	1	471	199	14	2	A
F8_BC68_191109_LF_LIB_consensus_vsearch	95	C	C	683	5	0.71%	2	2	93	93	0.03102297556781269	1	1	477	206	4	1	-A
F8_BC68_191109_LF_LIB_consensus_vsearch	96	A	R	668	13	1.85%	2	2	93	93	1.1521468435875795E-4	1	1	461	207	10	3	G
F8_BC68_191109_LF_LIB_consensus_vsearch	97	C	Y	681	7	1%	2	2	93	93	0.007693616017588559	1	1	474	207	4	3	T
F8_BC68_191109_LF_LIB_consensus_vsearch	98	A	R	665	22	3.16%	2	2	93	93	2.0098411467880764E-7	1	1	457	208	20	2	G
F8_BC68_191109_LF_LIB_consensus_vsearch	99	G	G	702	2	0.28%	2	2	93	93	0.2498223169866272	1	1	489	213	1	1	A
F8_BC68_191109_LF_LIB_consensus_vsearch	100	C	*/-A	687	7	0.99%	2	1	93	93	0.00769464084724551	1	1	478	209	7	0	-A
F8_BC68_191109_LF_LIB_consensus_vsearch	101	A	*/-C	633	52	7.45%	2	2	93	93	8.120154665882896E-17	1	1	426	207	47	5	-C
F8_BC68_191109_LF_LIB_consensus_vsearch	102	C	C	640	5	0.77%	2	1	93	93	0.03100784656246746	1	1	435	205	0	5	+T
F8_BC68_191109_LF_LIB_consensus_vsearch	103	C	C	692	5	0.71%	2	1	93	93	0.03102590594951147	1	1	485	207	0	5	+T
F8_BC68_191109_LF_LIB_consensus_vsearch	104	C	Y	650	42	5.94%	2	2	93	93	1.1971955331697165E-13	1	1	481	169	2	40	T
F8_BC68_191109_LF_LIB_consensus_vsearch	105	G	G	694	4	0.57%	2	1	93	93	0.06223127928418964	1	1	479	215	4	0	+C
F8_BC68_191109_LF_LIB_consensus_vsearch	106	C	C	698	4	0.57%	2	2	93	93	0.06223281099972274	1	1	484	214	3	1	T
F8_BC68_191109_LF_LIB_consensus_vsearch	107	C	C	694	4	0.56%	2	2	93	93	0.06223127928418964	1	1	481	213	2	2	-G
F8_BC68_191109_LF_LIB_consensus_vsearch	108	G	R	680	10	1.42%	2	1	93	93	9.450177994018546E-4	1	1	476	204	10	0	A
F8_BC68_191109_LF_LIB_consensus_vsearch	109	T	*/+G	672	9	1.29%	2	2	93	93	0.0019018607969218603	1	1	474	198	8	1	+G
F8_BC68_191109_LF_LIB_consensus_vsearch	110	G	*/-A	671	12	1.73%	2	1	93	93	2.3252955756265846E-4	1	1	470	201	12	0	-A
F8_BC68_191109_LF_LIB_consensus_vsearch	111	A	A	681	5	0.73%	2	1	93	93	0.03102231393388721	1	1	473	208	5	0	G
F8_BC68_191109_LF_LIB_consensus_vsearch	112	A	R	691	8	1.13%	2	1	93	93	0.0038283775544042174	1	1	477	214	8	0	G
F8_BC68_191109_LF_LIB_consensus_vsearch	113	G	G	689	5	0.71%	2	1	93	93	0.031024937597504795	1	1	481	208	0	5	-CG
F8_BC68_191109_LF_LIB_consensus_vsearch	114	C	*/-G	644	45	6.41%	2	2	93	93	1.35259266850561E-14	1	1	472	172	11	34	-G
F8_BC68_191109_LF_LIB_consensus_vsearch	115	G	R	637	10	1.52%	2	1	93	93	9.429425445076251E-4	1	1	463	174	10	0	A
F8_BC68_191109_LF_LIB_consensus_vsearch	116	G	R	677	18	2.54%	2	1	93	93	3.412287524236182E-6	1	1	463	214	18	0	A
F8_BC68_191109_LF_LIB_consensus_vsearch	117	G	*/-C	630	36	5.08%	2	1	93	93	8.950758898611575E-12	1	1	430	200	36	0	-C
F8_BC68_191109_LF_LIB_consensus_vsearch	118	C	Y	620	23	3.43%	2	2	93	93	9.757611114764494E-8	1	1	437	183	1	22	T
F8_BC68_191109_LF_LIB_consensus_vsearch	119	C	Y	647	32	4.53%	2	2	93	93	1.601898907477044E-10	1	1	480	167	8	24	T
F8_BC68_191109_LF_LIB_consensus_vsearch	120	G	R	662	33	4.68%	2	2	93	93	7.88996489240857E-11	1	1	467	195	17	16	A
F8_BC68_191109_LF_LIB_consensus_vsearch	121	C	Y	662	23	3.3%	2	2	93	93	9.880190506249727E-8	1	1	478	184	3	20	T
F8_BC68_191109_LF_LIB_consensus_vsearch	122	G	G	689	2	0.29%	2	1	93	93	0.24981897175930162	1	1	481	208	0	2	+TG
F8_BC68_191109_LF_LIB_consensus_vsearch	123	A	A	682	5	0.71%	2	1	93	93	0.031022645232238563	1	1	474	208	5	0	+C
F8_BC68_191109_LF_LIB_consensus_vsearch	124	C	*/+A	649	15	2.13%	2	2	93	93	2.8172945707034592E-5	1	1	447	202	13	2	+A
F8_BC68_191109_LF_LIB_consensus_vsearch	125	A	R	664	11	1.59%	2	2	93	93	4.686382087901511E-4	1	1	457	207	8	3	G
F8_BC68_191109_LF_LIB_consensus_vsearch	126	A	*/-G	633	60	8.5%	2	2	93	93	2.2830216950894253E-19	1	1	420	213	59	1	-G
F8_BC68_191109_LF_LIB_consensus_vsearch	127	G	R	590	49	7.59%	2	1	93	93	6.823791363679741E-16	1	1	377	213	49	0	A
F8_BC68_191109_LF_LIB_consensus_vsearch	128	C	*/-GC	683	11	1.56%	2	2	93	93	4.6916934806662123E-4	1	1	471	212	10	1	-GC
F8_BC68_191109_LF_LIB_consensus_vsearch	129	G	R	678	7	1%	2	1	93	93	0.007693096890205231	1	1	464	214	7	0	A
F8_BC68_191109_LF_LIB_consensus_vsearch	130	C	C	681	5	0.72%	2	1	93	93	0.03102231393388721	1	1	467	214	5	0	+GC
F8_BC68_191109_LF_LIB_consensus_vsearch	131	C	C	698	4	0.56%	2	2	93	93	0.06223281099972274	1	1	487	211	2	2	T
F8_BC68_191109_LF_LIB_consensus_vsearch	132	G	G	704	3	0.42%	2	1	93	93	0.12473460721856874	1	1	490	214	3	0	A
F8_BC68_191109_LF_LIB_consensus_vsearch	133	T	Y	699	8	1.13%	2	2	93	93	0.003829254631650171	1	1	489	210	2	6	C
F8_BC68_191109_LF_LIB_consensus_vsearch	134	C	C	698	4	0.56%	2	2	93	93	0.06223281099972274	1	1	484	214	2	2	-GT
F8_BC68_191109_LF_LIB_consensus_vsearch	135	G	G	699	3	0.42%	2	1	93	93	0.12473271560965893	1	1	490	209	0	3	-T
F8_BC68_191109_LF_LIB_consensus_vsearch	136	T	T	697	3	0.43%	2	1	93	93	0.12473195139413472	1	1	489	208	3	0	C
F8_BC68_191109_LF_LIB_consensus_vsearch	137	T	*/-C	515	128	18.05%	2	2	93	93	2.6000613391423802E-42	1	1	348	167	91	37	-C
F8_BC68_191109_LF_LIB_consensus_vsearch	138	C	C	569	1	0.18%	2	1	93	93	0.5000000000008233	1	1	393	176	1	0	+AC
F8_BC68_191109_LF_LIB_consensus_vsearch	139	C	C	693	5	0.72%	2	2	93	93	0.031026226884601986	1	1	481	212	4	1	T
F8_BC68_191109_LF_LIB_consensus_vsearch	140	C	Y	669	20	2.83%	2	1	93	93	8.291966204064356E-7	1	1	484	185	0	20	T
F8_BC68_191109_LF_LIB_consensus_vsearch	141	C	Y	684	8	1.13%	2	2	93	93	0.003827593555737496	1	1	487	197	3	5	T
F8_BC68_191109_LF_LIB_consensus_vsearch	142	G	G	706	2	0.28%	2	1	93	93	0.24982332155411754	1	1	491	215	2	0	-A
F8_BC68_191109_LF_LIB_consensus_vsearch	143	A	A	705	2	0.28%	2	2	93	93	0.24982307147908459	1	1	491	214	1	1	G
F8_BC68_191109_LF_LIB_consensus_vsearch	144	T	T	703	4	0.56%	2	1	93	93	0.06223470126280326	1	1	489	214	4	0	+C
F8_BC68_191109_LF_LIB_consensus_vsearch	145	C	C	701	3	0.42%	2	2	93	93	0.12473347547949812	1	1	489	212	1	2	-G
F8_BC68_191109_LF_LIB_consensus_vsearch	146	G	R	686	20	2.82%	2	2	93	93	8.320333665621758E-7	1	1	474	212	18	2	A
F8_BC68_191109_LF_LIB_consensus_vsearch	147	G	G	703	4	0.56%	2	1	93	93	0.06223470126280326	1	1	488	215	4	0	A
F8_BC68_191109_LF_LIB_consensus_vsearch	148	C	*/+G	684	10	1.41%	2	1	93	93	9.451978971244695E-4	1	1	474	210	10	0	+G
F8_BC68_191109_LF_LIB_consensus_vsearch	149	A	R	615	69	9.75%	2	2	93	93	2.78311329405257E-22	1	1	416	199	68	1	G
F8_BC68_191109_LF_LIB_consensus_vsearch	150	G	G	689	4	0.58%	2	2	93	93	0.062229339765201515	1	1	484	205	2	2	A
F8_BC68_191109_LF_LIB_consensus_vsearch	151	G	G	705	3	0.42%	2	1	93	93	0.12473498233245997	1	1	490	215	3	0	A
F8_BC68_191109_LF_LIB_consensus_vsearch	152	C	C	698	5	0.71%	2	2	93	93	0.031027817868692333	1	1	487	211	1	4	T
F8_BC68_191109_LF_LIB_consensus_vsearch	153	A	A	694	3	0.42%	2	1	93	93	0.12473079684146932	1	1	482	212	3	0	+CA
F8_BC68_191109_LF_LIB_consensus_vsearch	154	T	T	703	2	0.28%	2	1	93	93	0.2498225691976094	1	1	490	213	0	2	C
F8_BC68_191109_LF_LIB_consensus_vsearch	155	T	*/+C	692	11	1.55%	2	2	93	93	4.694110429594632E-4	1	1	481	211	10	1	+C
F8_BC68_191109_LF_LIB_consensus_vsearch	156	C	C	704	2	0.28%	2	2	93	93	0.24982282069449002	1	1	492	212	1	1	A
F8_BC68_191109_LF_LIB_consensus_vsearch	157	A	R	697	7	0.99%	2	1	93	93	0.007696310189204633	1	1	484	213	7	0	G
F8_BC68_191109_LF_LIB_consensus_vsearch	158	G	*/-C	649	36	5.08%	2	2	93	93	9.075514516676332E-12	1	1	463	186	16	20	-C
F8_BC68_191109_LF_LIB_consensus_vsearch	159	C	C	665	3	0.45%	2	1	93	93	0.1247191011236203	1	1	475	190	0	3	+T
F8_BC68_191109_LF_LIB_consensus_vsearch	160	C	C	704	2	0.28%	2	1	93	93	0.24982282069449002	1	1	488	216	2	0	+A
F8_BC68_191109_LF_LIB_consensus_vsearch	161	C	*/-T	691	8	1.13%	2	2	93	93	0.0038283775544042174	1	1	483	208	3	5	-T
F8_BC68_191109_LF_LIB_consensus_vsearch	162	T	*/+C	663	16	2.29%	2	1	93	93	1.3954028146995765E-5	1	1	457	206	16	0	+C
F8_BC68_191109_LF_LIB_consensus_vsearch	163	C	*/+A	678	12	1.71%	2	2	93	93	2.3264550198641236E-4	1	1	471	207	11	1	+A
F8_BC68_191109_LF_LIB_consensus_vsearch	164	A	*/-G	675	11	1.57%	2	1	93	93	4.6894925126844146E-4	1	1	470	205	11	0	-G
F8_BC68_191109_LF_LIB_consensus_vsearch	165	G	*/-A	685	12	1.71%	2	1	93	93	2.3275915415398786E-4	1	1	469	216	12	0	-A
F8_BC68_191109_LF_LIB_consensus_vsearch	166	A	R	675	10	1.43%	2	2	93	93	9.447897479611806E-4	1	1	462	213	9	1	G
F8_BC68_191109_LF_LIB_consensus_vsearch	167	G	R	681	11	1.56%	2	1	93	93	4.691147949909668E-4	1	1	468	213	11	0	A
F8_BC68_191109_LF_LIB_consensus_vsearch	168	C	C	689	5	0.72%	2	2	93	93	0.031024937597504795	1	1	475	214	3	2	T
F8_BC68_191109_LF_LIB_consensus_vsearch	169	C	Y	690	7	0.99%	2	2	93	93	0.007695146664767802	1	1	478	212	6	1	T
F8_BC68_191109_LF_LIB_consensus_vsearch	170	A	*/-C	567	52	7.41%	2	2	93	93	7.259925376139493E-17	1	1	408	159	23	29	-C
F8_BC68_191109_LF_LIB_consensus_vsearch	171	C	C	616	3	0.48%	2	1	93	93	0.12469684721094113	1	1	435	181	3	0	G
F8_BC68_191109_LF_LIB_consensus_vsearch	172	C	C	657	6	0.88%	2	2	93	93	0.015448514210161005	1	1	456	201	5	1	A
F8_BC68_191109_LF_LIB_consensus_vsearch	173	C	C	701	4	0.56%	2	1	93	93	0.06223394837614865	1	1	485	216	4	0	G
F8_BC68_191109_LF_LIB_consensus_vsearch	174	C	*/-T	661	16	2.25%	2	2	93	93	1.3950300978900542E-5	1	1	478	183	4	12	-T
F8_BC68_191109_LF_LIB_consensus_vsearch	175	T	T	669	5	0.74%	2	1	93	93	0.031018261702402645	1	1	471	198	5	0	A
F8_BC68_191109_LF_LIB_consensus_vsearch	176	T	Y	676	13	1.87%	2	2	93	93	1.1529274338195737E-4	1	1	481	195	2	11	C
F8_BC68_191109_LF_LIB_consensus_vsearch	177	A	R	698	7	0.98%	2	2	93	93	0.007696474526240225	1	1	490	208	3	4	G
F8_BC68_191109_LF_LIB_consensus_vsearch	178	T	*/-C	555	132	18.7%	2	1	93	93	1.7231122792577275E-43	1	1	345	210	132	0	-C
F8_BC68_191109_LF_LIB_consensus_vsearch	179	C	C	565	2	0.35%	2	2	93	93	0.24977934686699968	1	1	352	213	1	1	T
F8_BC68_191109_LF_LIB_consensus_vsearch	180	C	*/+T	682	10	1.42%	2	1	93	93	9.451081060357581E-4	1	1	480	202	0	10	+T
F8_BC68_191109_LF_LIB_consensus_vsearch	181	C	*/-T	678	23	3.23%	2	2	93	93	9.923321603577231E-8	1	1	484	194	7	16	-T
F8_BC68_191109_LF_LIB_consensus_vsearch	182	T	*/+G	653	17	2.47%	2	2	93	93	6.884331308271095E-6	1	1	461	192	16	1	+G
F8_BC68_191109_LF_LIB_consensus_vsearch	183	A	R	666	19	2.69%	2	1	93	93	1.6806558662557216E-6	1	1	456	210	19	0	G
F8_BC68_191109_LF_LIB_consensus_vsearch	184	G	G	681	6	0.86%	2	1	93	93	0.015454670597796	1	1	470	211	6	0	+A
F8_BC68_191109_LF_LIB_consensus_vsearch	185	G	G	705	2	0.28%	2	1	93	93	0.24982307147908459	1	1	488	217	2	0	+T
F8_BC68_191109_LF_LIB_consensus_vsearch	186	T	T	706	4	0.56%	2	2	93	93	0.0622358226367427	1	1	490	216	3	1	C
F8_BC68_191109_LF_LIB_consensus_vsearch	187	T	T	705	4	0.56%	2	2	93	93	0.062235449900223165	1	1	491	214	3	1	-AC
F8_BC68_191109_LF_LIB_consensus_vsearch	188	A	*/+C	674	15	2.12%	2	1	93	93	2.8255657678475353E-5	1	1	458	216	15	0	+C
F8_BC68_191109_LF_LIB_consensus_vsearch	189	C	*/-G	688	8	1.13%	2	1	93	93	0.0038280434768544216	1	1	476	212	8	0	-G
F8_BC68_191109_LF_LIB_consensus_vsearch	190	G	R	683	14	1.99%	2	2	93	93	5.714151120968991E-5	1	1	470	213	12	2	A
F8_BC68_191109_LF_LIB_consensus_vsearch	191	G	*/-A	670	37	5.19%	2	1	93	93	4.486327076642887E-12	1	1	454	216	37	0	-A
F8_BC68_191109_LF_LIB_consensus_vsearch	192	A	*/-G	658	10	1.48%	2	1	93	93	9.439890893708059E-4	1	1	442	216	10	0	-G
F8_BC68_191109_LF_LIB_consensus_vsearch	193	G	*/+C	679	7	1%	2	1	93	93	0.007693270435678032	1	1	462	217	7	0	+C
F8_BC68_191109_LF_LIB_consensus_vsearch	194	C	*/-T	695	9	1.27%	2	2	93	93	0.0019035242319234804	1	1	486	209	3	6	-T
F8_BC68_191109_LF_LIB_consensus_vsearch	195	T	Y	680	17	2.41%	2	2	93	93	6.9121211579727486E-6	1	1	477	203	10	7	C
F8_BC68_191109_LF_LIB_consensus_vsearch	196	G	G	705	2	0.28%	2	1	93	93	0.24982307147908459	1	1	490	215	2	0	A
F8_BC68_191109_LF_LIB_consensus_vsearch	197	A	R	697	7	0.98%	2	2	93	93	0.007696310189204633	1	1	483	214	6	1	G
F8_BC68_191109_LF_LIB_consensus_vsearch	198	C	*/-T	671	15	2.12%	2	2	93	93	2.824604152153984E-5	1	1	465	206	11	4	-T
F8_BC68_191109_LF_LIB_consensus_vsearch	199	T	T	674	5	0.73%	2	2	93	93	0.031019967532088213	1	1	468	206	4	1	A
F8_BC68_191109_LF_LIB_consensus_vsearch	200	T	T	686	5	0.71%	2	2	93	93	0.031023960840170225	1	1	479	207	3	2	-G
F8_BC68_191109_LF_LIB_consensus_vsearch	201	G	G	689	6	0.85%	2	1	93	93	0.015456628378269563	1	1	477	212	6	0	A
F8_BC68_191109_LF_LIB_consensus_vsearch	202	C	C	690	5	0.71%	2	2	93	93	0.031025261309997287	1	1	477	213	4	1	A
F8_BC68_191109_LF_LIB_consensus_vsearch	203	C	Y	678	17	2.4%	2	2	93	93	6.910133880205389E-6	1	1	475	203	6	11	T
F8_BC68_191109_LF_LIB_consensus_vsearch	204	G	R	693	7	0.99%	2	2	93	93	0.007695648159281727	1	1	481	212	5	2	A
F8_BC68_191109_LF_LIB_consensus_vsearch	205	A	R	695	10	1.41%	2	1	93	93	9.456827270018123E-4	1	1	478	217	10	0	G
F8_BC68_191109_LF_LIB_consensus_vsearch	206	C	*/-T	682	15	2.11%	2	2	93	93	2.8280907359597763E-5	1	1	468	214	12	3	-T
F8_BC68_191109_LF_LIB_consensus_vsearch	207	T	Y	674	10	1.46%	2	2	93	93	9.447437414487541E-4	1	1	461	213	9	1	C
F8_BC68_191109_LF_LIB_consensus_vsearch	208	T	*/-C	561	111	15.83%	2	2	93	93	2.7121861338609686E-36	1	1	408	153	59	52	-C
F8_BC68_191109_LF_LIB_consensus_vsearch	209	C	C	578	3	0.51%	2	1	93	93	0.12467700258396955	1	1	419	159	3	0	G
F8_BC68_191109_LF_LIB_consensus_vsearch	210	C	*/+A	658	18	2.55%	2	1	93	93	3.40147227163991E-6	1	1	450	208	18	0	+A
F8_BC68_191109_LF_LIB_consensus_vsearch	211	C	*/-T	620	43	6.05%	2	2	93	93	5.62482055245011E-14	1	1	451	169	9	34	-T
F8_BC68_191109_LF_LIB_consensus_vsearch	212	T	Y	611	24	3.65%	2	2	93	93	4.77653485475734E-8	1	1	439	172	18	6	C
F8_BC68_191109_LF_LIB_consensus_vsearch	213	T	Y	672	22	3.14%	2	2	93	93	2.0133615225401046E-7	1	1	464	208	19	3	C
F8_BC68_191109_LF_LIB_consensus_vsearch	214	A	*/-C	624	48	6.79%	2	2	93	93	1.4880736451133008E-15	1	1	414	210	47	1	-C
F8_BC68_191109_LF_LIB_consensus_vsearch	215	C	*/+T	631	22	3.34%	2	1	93	93	1.991748308493971E-7	1	1	441	190	0	22	+T
F8_BC68_191109_LF_LIB_consensus_vsearch	216	C	C	700	2	0.28%	2	1	93	93	0.2498218104060075	1	1	488	212	2	0	T
F8_BC68_191109_LF_LIB_consensus_vsearch	217	C	*/-A	691	7	0.98%	2	2	93	93	0.007695314307205932	1	1	483	208	4	3	-A
F8_BC68_191109_LF_LIB_consensus_vsearch	218	A	R	670	13	1.86%	2	1	93	93	1.1523436715259954E-4	1	1	461	209	13	0	G
F8_BC68_191109_LF_LIB_consensus_vsearch	219	C	*/+G	657	27	3.88%	2	1	93	93	5.735228399169531E-9	1	1	447	210	27	0	+G
F8_BC68_191109_LF_LIB_consensus_vsearch	220	A	*/-T	656	21	3.03%	2	1	93	93	4.073564303954074E-7	1	1	442	214	21	0	-T
F8_BC68_191109_LF_LIB_consensus_vsearch	221	T	K	669	14	2.03%	2	1	93	93	5.7063581664716764E-5	1	1	457	212	14	0	G
F8_BC68_191109_LF_LIB_consensus_vsearch	222	T	K	693	10	1.4%	2	1	93	93	9.455956940415569E-4	1	1	479	214	10	0	G
F8_BC68_191109_LF_LIB_consensus_vsearch	223	A	*/-G	694	12	1.69%	2	2	93	93	2.329020181664877E-4	1	1	478	216	11	1	-G
F8_BC68_191109_LF_LIB_consensus_vsearch	224	G	G	695	4	0.57%	2	1	93	93	0.06223166385714614	1	1	479	216	4	0	A
F8_BC68_191109_LF_LIB_consensus_vsearch	225	T	*/-C	700	8	1.12%	2	2	93	93	0.003829362879125778	1	1	484	216	7	1	-C
F8_BC68_191109_LF_LIB_consensus_vsearch	226	C	C	702	1	0.14%	2	1	93	93	0.5000000000008233	1	1	486	216	1	0	+A
F8_BC68_191109_LF_LIB_consensus_vsearch	227	C	C	695	5	0.7%	2	2	93	93	0.031026866004720807	1	1	484	211	4	1	T
F8_BC68_191109_LF_LIB_consensus_vsearch	228	G	G	698	5	0.7%	2	1	93	93	0.031027817868692333	1	1	484	214	5	0	A
F8_BC68_191109_LF_LIB_consensus_vsearch	229	T	T	702	5	0.71%	2	1	93	93	0.031029074459554294	1	1	488	214	5	0	C
F8_BC68_191109_LF_LIB_consensus_vsearch	230	G	*/+A	690	9	1.27%	2	1	93	93	0.0019031718633756593	1	1	478	212	9	0	+A
F8_BC68_191109_LF_LIB_consensus_vsearch	231	A	*/+G	678	12	1.69%	2	1	93	93	2.3264550198641236E-4	1	1	470	208	12	0	+G
F8_BC68_191109_LF_LIB_consensus_vsearch	232	G	G	697	2	0.28%	2	1	93	93	0.24982104509666578	1	1	488	209	2	0	-A
F8_BC68_191109_LF_LIB_consensus_vsearch	233	A	R	669	11	1.56%	2	2	93	93	4.687808233562141E-4	1	1	471	198	10	1	G
F8_BC68_191109_LF_LIB_consensus_vsearch	234	C	C	695	6	0.85%	2	2	93	93	0.015458067431314672	1	1	487	208	1	5	-T
F8_BC68_191109_LF_LIB_consensus_vsearch	235	T	*/-A	634	31	4.42%	2	2	93	93	3.2557595586223823E-10	1	1	441	193	30	1	-A
F8_BC68_191109_LF_LIB_consensus_vsearch	236	A	*/+G	650	14	2.07%	2	1	93	93	5.695269332154495E-5	1	1	439	211	14	0	+G
F8_BC68_191109_LF_LIB_consensus_vsearch	237	G	*/-A	649	49	6.96%	2	1	93	93	7.420407531397079E-16	1	1	434	215	49	0	-A
F8_BC68_191109_LF_LIB_consensus_vsearch	238	A	*/-G	621	19	2.87%	2	2	93	93	1.665551633194227E-6	1	1	407	214	18	1	-G
F8_BC68_191109_LF_LIB_consensus_vsearch	239	G	G	687	4	0.58%	2	1	93	93	0.062228556095681314	1	1	471	216	4	0	+AG
F8_BC68_191109_LF_LIB_consensus_vsearch	240	G	*/+T	682	15	2.11%	2	1	93	93	2.8280907359597763E-5	1	1	466	216	15	0	+T
F8_BC68_191109_LF_LIB_consensus_vsearch	241	T	Y	691	19	2.67%	2	2	93	93	1.6882601000797764E-6	1	1	488	203	7	12	C
F8_BC68_191109_LF_LIB_consensus_vsearch	242	T	T	701	3	0.42%	2	1	93	93	0.12473347547949812	1	1	488	213	3	0	-G
F8_BC68_191109_LF_LIB_consensus_vsearch	243	G	*/+C	690	10	1.41%	2	1	93	93	9.454642209044981E-4	1	1	488	202	0	10	+C
F8_BC68_191109_LF_LIB_consensus_vsearch	244	C	Y	687	7	0.99%	2	2	93	93	0.00769464084724551	1	1	487	200	2	5	T
F8_BC68_191109_LF_LIB_consensus_vsearch	245	T	*/-C	682	13	1.84%	2	2	93	93	1.1535013129177892E-4	1	1	483	199	2	11	-C
F8_BC68_191109_LF_LIB_consensus_vsearch	246	C	C	661	6	0.86%	2	1	93	93	0.015449570994544559	1	1	477	184	0	6	+TC
F8_BC68_191109_LF_LIB_consensus_vsearch	247	G	*/+C	639	43	6.12%	2	1	93	93	5.739834612138154E-14	1	1	424	215	43	0	+C
F8_BC68_191109_LF_LIB_consensus_vsearch	248	C	*/+T	677	8	1.14%	2	1	93	93	0.0038267936108249954	1	1	472	205	0	8	+T
F8_BC68_191109_LF_LIB_consensus_vsearch	249	C	*/-T	696	8	1.13%	2	2	93	93	0.0038289280527219385	1	1	487	209	1	7	-T
F8_BC68_191109_LF_LIB_consensus_vsearch	250	T	Y	650	29	4.12%	2	2	93	93	1.3724483983284597E-9	1	1	464	186	6	23	C
F8_BC68_191109_LF_LIB_consensus_vsearch	251	A	*/-G	605	63	8.97%	2	2	93	93	2.33788024495071E-20	1	1	459	146	8	55	-G
F8_BC68_191109_LF_LIB_consensus_vsearch	252	G	*/+AG	633	9	1.38%	2	1	93	93	0.0018987698408519942	1	1	473	160	9	0	+AG
F8_BC68_191109_LF_LIB_consensus_vsearch	253	G	*/-A	701	8	1.12%	2	1	93	93	0.003829470822680027	1	1	484	217	8	0	-A
F8_BC68_191109_LF_LIB_consensus_vsearch	254	A	R	685	10	1.42%	2	1	93	93	9.452426007191464E-4	1	1	470	215	10	0	G
F8_BC68_191109_LF_LIB_consensus_vsearch	255	G	*/-A	695	7	0.99%	2	1	93	93	0.007695980114598385	1	1	481	214	7	0	-A
F8_BC68_191109_LF_LIB_consensus_vsearch	256	A	R	685	8	1.14%	2	2	93	93	0.003827706520627659	1	1	475	210	6	2	G
F8_BC68_191109_LF_LIB_consensus_vsearch	257	C	C	702	3	0.42%	2	1	93	93	0.12473385379729661	1	1	492	210	0	3	+TC
F8_BC68_191109_LF_LIB_consensus_vsearch	258	C	C	703	3	0.42%	2	1	93	93	0.12473423104214414	1	1	494	209	0	3	T
F8_BC68_191109_LF_LIB_consensus_vsearch	259	T	T	696	5	0.7%	2	2	93	93	0.03102718419759366	1	1	495	201	1	4	C
F8_BC68_191109_LF_LIB_consensus_vsearch	260	G	G	707	3	0.42%	2	1	93	93	0.12473572938667123	1	1	493	214	3	0	A
F8_BC68_191109_LF_LIB_consensus_vsearch	261	C	*/-TGC	689	7	0.98%	2	2	93	93	0.007694978542018557	1	1	484	205	6	1	-TGC
F8_BC68_191109_LF_LIB_consensus_vsearch	262	T	T	693	4	0.57%	2	2	93	93	0.06223089360699252	1	1	486	207	2	2	C
F8_BC68_191109_LF_LIB_consensus_vsearch	263	G	G	694	2	0.28%	2	1	93	93	0.24982027318421304	1	1	488	206	0	2	-C
F8_BC68_191109_LF_LIB_consensus_vsearch	264	C	Y	680	11	1.57%	2	2	93	93	4.6908740151385334E-4	1	1	488	192	1	10	T
F8_BC68_191109_LF_LIB_consensus_vsearch	265	G	G	698	3	0.43%	2	1	93	93	0.12473233404720117	1	1	494	204	0	3	T
F8_BC68_191109_LF_LIB_consensus_vsearch	266	G	*/+T	673	16	2.25%	2	1	93	93	1.3972350165253509E-5	1	1	468	205	16	0	+T
F8_BC68_191109_LF_LIB_consensus_vsearch	267	T	Y	692	8	1.14%	2	2	93	93	0.0038284882802459928	1	1	485	207	3	5	C
F8_BC68_191109_LF_LIB_consensus_vsearch	268	T	T	707	5	0.7%	2	2	93	93	0.031030625350215096	1	1	495	212	1	4	C
F8_BC68_191109_LF_LIB_consensus_vsearch	269	T	*/-C	695	8	1.12%	2	2	93	93	0.003828818576574826	1	1	486	209	3	5	-C
F8_BC68_191109_LF_LIB_consensus_vsearch	270	C	*/-G	570	100	14.18%	2	2	93	93	1.4526499950472164E-32	1	1	376	194	99	1	-G
F8_BC68_191109_LF_LIB_consensus_vsearch	271	G	*/-A	574	23	3.75%	2	1	93	93	9.605346941393846E-8	1	1	359	215	23	0	-A
F8_BC68_191109_LF_LIB_consensus_vsearch	272	A	*/-G	662	9	1.3%	2	2	93	93	0.0019011022511233608	1	1	447	215	8	1	-G
F8_BC68_191109_LF_LIB_consensus_vsearch	273	G	G	686	6	0.85%	2	1	93	93	0.0154558995074816	1	1	472	214	6	0	T
F8_BC68_191109_LF_LIB_consensus_vsearch	274	T	T	685	6	0.84%	2	1	93	93	0.015455655146227827	1	1	482	203	0	6	+A
F8_BC68_191109_LF_LIB_consensus_vsearch	275	A	R	671	22	3.12%	2	2	93	93	2.0128626605854166E-7	1	1	460	211	19	3	G
F8_BC68_191109_LF_LIB_consensus_vsearch	276	C	Y	693	8	1.14%	2	2	93	93	0.0038285986916817977	1	1	484	209	1	7	T
F8_BC68_191109_LF_LIB_consensus_vsearch	277	G	G	704	4	0.56%	2	2	93	93	0.06223507611041307	1	1	488	216	3	1	A
F8_BC68_191109_LF_LIB_consensus_vsearch	278	A	A	703	4	0.56%	2	2	93	93	0.06223470126280326	1	1	488	215	2	2	G
F8_BC68_191109_LF_LIB_consensus_vsearch	279	C	C	699	5	0.7%	2	1	93	93	0.031028133354538395	1	1	488	211	0	5	+A
F8_BC68_191109_LF_LIB_consensus_vsearch	280	A	A	701	5	0.71%	2	1	93	93	0.03102876164621499	1	1	485	216	5	0	G
F8_BC68_191109_LF_LIB_consensus_vsearch	281	A	R	672	30	4.23%	2	1	93	93	6.786480974252095E-10	1	1	455	217	30	0	G
F8_BC68_191109_LF_LIB_consensus_vsearch	282	C	C	693	4	0.57%	2	1	93	93	0.06223089360699252	1	1	478	215	4	0	+A
F8_BC68_191109_LF_LIB_consensus_vsearch	283	G	*/-A	691	12	1.69%	2	1	93	93	2.3285479693682914E-4	1	1	476	215	12	0	-A
F8_BC68_191109_LF_LIB_consensus_vsearch	284	A	A	685	4	0.57%	2	1	93	93	0.06222776787485914	1	1	470	215	4	0	+GA
F8_BC68_191109_LF_LIB_consensus_vsearch	285	A	A	699	5	0.71%	2	2	93	93	0.031028133354538395	1	1	486	213	2	3	G
F8_BC68_191109_LF_LIB_consensus_vsearch	286	G	G	705	1	0.14%	2	1	93	93	0.4999999999990043	1	1	491	214	0	1	+AAG
F8_BC68_191109_LF_LIB_consensus_vsearch	287	C	C	706	1	0.14%	2	1	93	93	0.4999999999990043	1	1	491	215	0	1	+GC
F8_BC68_191109_LF_LIB_consensus_vsearch	288	A	A	702	2	0.28%	2	1	93	93	0.2498223169866272	1	1	486	216	2	0	+C
F8_BC68_191109_LF_LIB_consensus_vsearch	289	C	*/+G	683	10	1.41%	2	2	93	93	9.451530657497562E-4	1	1	487	196	1	9	+G
F8_BC68_191109_LF_LIB_consensus_vsearch	290	G	G	695	6	0.85%	2	1	93	93	0.015458067431314672	1	1	486	209	6	0	+A
F8_BC68_191109_LF_LIB_consensus_vsearch	291	G	G	706	1	0.14%	2	1	93	93	0.4999999999990043	1	1	494	212	1	0	+A
F8_BC68_191109_LF_LIB_consensus_vsearch	292	G	G	707	5	0.7%	2	2	93	93	0.031030625350215096	1	1	492	215	3	2	A
F8_BC68_191109_LF_LIB_consensus_vsearch	293	C	C	704	3	0.42%	2	1	93	93	0.12473460721856874	1	1	489	215	3	0	+G
F8_BC68_191109_LF_LIB_consensus_vsearch	294	G	R	690	12	1.69%	2	1	93	93	2.3283896823795677E-4	1	1	478	212	12	0	A
F8_BC68_191109_LF_LIB_consensus_vsearch	295	T	*/-A	651	27	3.81%	2	2	93	93	5.721697316526337E-9	1	1	453	198	24	3	-A
F8_BC68_191109_LF_LIB_consensus_vsearch	296	A	R	659	15	2.2%	2	2	93	93	2.8206745551059783E-5	1	1	453	206	13	2	G
F8_BC68_191109_LF_LIB_consensus_vsearch	297	G	*/-T	673	9	1.27%	2	1	93	93	0.001901935436692325	1	1	462	211	9	0	-T
F8_BC68_191109_LF_LIB_consensus_vsearch	298	T	K	658	21	3.01%	2	1	93	93	4.0754835042263685E-7	1	1	458	200	21	0	G
F8_BC68_191109_LF_LIB_consensus_vsearch	299	T	*/+A	664	20	2.82%	2	2	93	93	8.283369733481201E-7	1	1	458	206	19	1	+A
F8_BC68_191109_LF_LIB_consensus_vsearch	300	G	*/+C	664	8	1.15%	2	2	93	93	0.003825264001117595	1	1	467	197	3	5	+C
F8_BC68_191109_LF_LIB_consensus_vsearch	301	T	Y	645	26	3.71%	2	2	93	93	1.1641275939735004E-8	1	1	462	183	19	7	C
F8_BC68_191109_LF_LIB_consensus_vsearch	302	G	*/-A	691	8	1.13%	2	1	93	93	0.0038283775544042174	1	1	479	212	8	0	-A
F8_BC68_191109_LF_LIB_consensus_vsearch	303	A	A	695	4	0.57%	2	2	93	93	0.06223166385714614	1	1	481	214	3	1	G
F8_BC68_191109_LF_LIB_consensus_vsearch	304	T	*/-C	692	10	1.4%	2	2	93	93	9.455519933469597E-4	1	1	481	211	7	3	-C
F8_BC68_191109_LF_LIB_consensus_vsearch	305	C	C	682	6	0.86%	2	1	93	93	0.015454917806583757	1	1	472	210	6	0	-A
F8_BC68_191109_LF_LIB_consensus_vsearch	306	A	R	680	9	1.29%	2	2	93	93	0.0019024518910627653	1	1	468	212	8	1	G
F8_BC68_191109_LF_LIB_consensus_vsearch	307	C	M	682	10	1.42%	2	2	93	93	9.451081060357581E-4	1	1	482	200	1	9	A
F8_BC68_191109_LF_LIB_consensus_vsearch	308	C	Y	670	25	3.52%	2	2	93	93	2.3923825003716576E-8	1	1	479	191	6	19	T
F8_BC68_191109_LF_LIB_consensus_vsearch	309	G	*/-A	668	25	3.51%	2	1	93	93	2.390838553858539E-8	1	1	452	216	25	0	-A
F8_BC68_191109_LF_LIB_consensus_vsearch	310	A	*/-G	665	12	1.75%	2	2	93	93	2.3242829916540379E-4	1	1	450	215	10	2	-G
F8_BC68_191109_LF_LIB_consensus_vsearch	311	G	G	693	2	0.29%	2	1	93	93	0.24982001439827423	1	1	480	213	0	2	+T
F8_BC68_191109_LF_LIB_consensus_vsearch	312	G	*/-T	619	70	9.82%	2	2	93	93	1.3365293153748071E-22	1	1	418	201	63	7	-T
F8_BC68_191109_LF_LIB_consensus_vsearch	313	T	Y	619	13	2.04%	2	2	93	93	1.1469437434408794E-4	1	1	424	195	2	11	C
F8_BC68_191109_LF_LIB_consensus_vsearch	314	T	Y	696	9	1.27%	2	2	93	93	0.0019035941099604125	1	1	488	208	4	5	C
F8_BC68_191109_LF_LIB_consensus_vsearch	315	T	Y	701	9	1.26%	2	2	93	93	0.001903940567578768	1	1	494	207	2	7	C
F8_BC68_191109_LF_LIB_consensus_vsearch	316	T	T	705	5	0.7%	2	2	93	93	0.031030007614295013	1	1	493	212	2	3	-C
F8_BC68_191109_LF_LIB_consensus_vsearch	317	C	*/-A	638	41	5.79%	2	2	93	93	2.4402072162202633E-13	1	1	434	204	39	2	-A
F8_BC68_191109_LF_LIB_consensus_vsearch	318	A	R	651	12	1.8%	2	2	93	93	2.3218502008527376E-4	1	1	445	206	8	4	G
F8_BC68_191109_LF_LIB_consensus_vsearch	319	A	*/-G	538	111	15.68%	2	2	93	93	2.2372103567080753E-36	1	1	357	181	95	16	-G
F8_BC68_191109_LF_LIB_consensus_vsearch	320	G	G	571	4	0.69%	2	1	93	93	0.06217377151431282	1	1	384	187	4	0	A
F8_BC68_191109_LF_LIB_consensus_vsearch	321	G	G	687	3	0.43%	2	1	93	93	0.12472806381429648	1	1	482	205	3	0	A
F8_BC68_191109_LF_LIB_consensus_vsearch	322	G	*/+A	679	25	3.52%	2	1	93	93	2.3992317540916857E-8	1	1	465	214	25	0	+A
F8_BC68_191109_LF_LIB_consensus_vsearch	323	G	G	705	3	0.42%	2	2	93	93	0.12473498233245997	1	1	491	214	2	1	A
F8_BC68_191109_LF_LIB_consensus_vsearch	324	C	*/-GC	693	11	1.55%	2	2	93	93	4.694375211719313E-4	1	1	485	208	6	5	-GC
F8_BC68_191109_LF_LIB_consensus_vsearch	325	G	G	692	5	0.71%	2	1	93	93	0.03102590594951147	1	1	481	211	5	0	A
F8_BC68_191109_LF_LIB_consensus_vsearch	326	C	C	686	5	0.71%	2	2	93	93	0.031023960840170225	1	1	480	206	1	4	T
F8_BC68_191109_LF_LIB_consensus_vsearch	327	A	A	690	4	0.57%	2	2	93	93	0.0622297299056776	1	1	475	215	3	1	+C
F8_BC68_191109_LF_LIB_consensus_vsearch	328	C	C	697	2	0.28%	2	1	93	93	0.24982104509666578	1	1	481	216	2	0	G
F8_BC68_191109_LF_LIB_consensus_vsearch	329	C	*/-A	690	8	1.13%	2	1	93	93	0.0038282665127912204	1	1	479	211	8	0	-A
F8_BC68_191109_LF_LIB_consensus_vsearch	330	A	*/-GA	658	21	2.99%	2	2	93	93	4.0754835042263685E-7	1	1	447	211	20	1	-GA
F8_BC68_191109_LF_LIB_consensus_vsearch	331	G	*/-A	655	24	3.51%	2	2	93	93	4.846800132503346E-8	1	1	444	211	22	2	-A
F8_BC68_191109_LF_LIB_consensus_vsearch	332	A	A	654	4	0.6%	2	2	93	93	0.06221493749264768	1	1	447	207	2	2	G
F8_BC68_191109_LF_LIB_consensus_vsearch	333	A	*/-G	688	10	1.41%	2	1	93	93	9.453759502338604E-4	1	1	478	210	10	0	-G
F8_BC68_191109_LF_LIB_consensus_vsearch	334	G	G	687	6	0.86%	2	2	93	93	0.015456143164561733	1	1	481	206	5	1	A
F8_BC68_191109_LF_LIB_consensus_vsearch	335	C	*/-A	668	10	1.42%	2	1	93	93	9.444648801915616E-4	1	1	470	198	10	0	-A
F8_BC68_191109_LF_LIB_consensus_vsearch	336	A	R	673	10	1.43%	2	1	93	93	9.44697601521353E-4	1	1	462	211	10	0	G
F8_BC68_191109_LF_LIB_consensus_vsearch	337	C	*/+A	651	19	2.69%	2	1	93	93	1.675834937378662E-6	1	1	444	207	19	0	+A
F8_BC68_191109_LF_LIB_consensus_vsearch	338	G	*/-A	685	12	1.71%	2	2	93	93	2.3275915415398786E-4	1	1	471	214	11	1	-A
F8_BC68_191109_LF_LIB_consensus_vsearch	339	A	*/-GA	674	10	1.43%	2	1	93	93	9.447437414487541E-4	1	1	470	204	0	10	-GA
F8_BC68_191109_LF_LIB_consensus_vsearch	340	G	G	692	2	0.29%	2	2	93	93	0.24981975486690114	1	1	487	205	1	1	-AC
F8_BC68_191109_LF_LIB_consensus_vsearch	341	A	R	686	8	1.14%	2	2	93	93	0.003827819161525346	1	1	483	203	7	1	G
F8_BC68_191109_LF_LIB_consensus_vsearch	342	C	*/-GC	646	49	6.89%	2	1	93	93	7.391480657153249E-16	1	1	438	208	49	0	-GC
F8_BC68_191109_LF_LIB_consensus_vsearch	343	G	G	653	4	0.61%	2	2	93	93	0.0622145034429857	1	1	440	213	2	2	-C
F8_BC68_191109_LF_LIB_consensus_vsearch	344	C	*/+A	628	16	2.44%	2	1	93	93	1.3885578726531942E-5	1	1	432	196	0	16	+A
F8_BC68_191109_LF_LIB_consensus_vsearch	345	A	*/-C	673	15	2.14%	2	2	93	93	2.8252461347411953E-5	1	1	464	209	14	1	-C
F8_BC68_191109_LF_LIB_consensus_vsearch	346	C	Y	664	15	2.18%	2	2	93	93	2.82232828334635E-5	1	1	467	197	1	14	T
F8_BC68_191109_LF_LIB_consensus_vsearch	347	T	Y	648	20	2.82%	2	2	93	93	8.255046582017623E-7	1	1	458	190	3	17	C
F8_BC68_191109_LF_LIB_consensus_vsearch	348	A	*/-G	563	91	13.13%	2	2	93	93	1.3937821246632914E-29	1	1	442	121	13	78	-G
F8_BC68_191109_LF_LIB_consensus_vsearch	349	G	*/+A	594	8	1.32%	2	1	93	93	0.0038158982838517787	1	1	470	124	8	0	+A
F8_BC68_191109_LF_LIB_consensus_vsearch	350	G	K	650	27	3.86%	2	1	93	93	5.719421491148224E-9	1	1	483	167	0	27	T
F8_BC68_191109_LF_LIB_consensus_vsearch	351	G	R	683	9	1.28%	2	2	93	93	0.0019026700524163046	1	1	487	196	4	5	A
F8_BC68_191109_LF_LIB_consensus_vsearch	352	C	Y	566	82	11.7%	2	2	93	93	1.339946284938194E-26	1	1	481	85	3	79	T
F8_BC68_191109_LF_LIB_consensus_vsearch	353	G	K	649	7	1.05%	2	1	93	93	0.00768783462368761	1	1	483	166	0	7	T
F8_BC68_191109_LF_LIB_consensus_vsearch	354	C	*/+T	622	21	3.09%	2	1	93	93	4.039234992861307E-7	1	1	480	142	0	21	+T
F8_BC68_191109_LF_LIB_consensus_vsearch	355	T	*/-C	588	40	5.78%	2	2	93	93	4.789483963336037E-13	1	1	462	126	13	27	-C
F8_BC68_191109_LF_LIB_consensus_vsearch	356	C	C	602	4	0.65%	2	1	93	93	0.06219046662831922	1	1	474	128	0	4	T
F8_BC68_191109_LF_LIB_consensus_vsearch	357	C	Y	626	15	2.26%	2	1	93	93	2.8091325312592296E-5	1	1	491	135	0	15	T
F8_BC68_191109_LF_LIB_consensus_vsearch	358	T	T	651	3	0.45%	2	1	93	93	0.12471308339704065	1	1	489	162	0	3	C
F8_BC68_191109_LF_LIB_consensus_vsearch	359	C	C	691	5	0.71%	2	1	93	93	0.03102558409276762	1	1	485	206	5	0	+TC
F8_BC68_191109_LF_LIB_consensus_vsearch	360	G	R	694	8	1.13%	2	1	93	93	0.003828708790007478	1	1	479	215	8	0	A
F8_BC68_191109_LF_LIB_consensus_vsearch	361	C	C	701	4	0.56%	2	1	93	93	0.06223394837614865	1	1	487	214	4	0	T
F8_BC68_191109_LF_LIB_consensus_vsearch	362	C	C	698	3	0.42%	2	1	93	93	0.12473233404720117	1	1	485	213	3	0	T
F8_BC68_191109_LF_LIB_consensus_vsearch	363	G	G	698	3	0.42%	2	1	93	93	0.12473233404720117	1	1	484	214	3	0	-A
F8_BC68_191109_LF_LIB_consensus_vsearch	364	A	A	703	3	0.42%	2	2	93	93	0.12473423104214414	1	1	487	216	2	1	G
F8_BC68_191109_LF_LIB_consensus_vsearch	365	T	*/+C	690	11	1.55%	2	1	93	93	4.6935786269801464E-4	1	1	477	213	11	0	+C
F8_BC68_191109_LF_LIB_consensus_vsearch	366	C	*/+G	678	15	2.12%	2	1	93	93	2.826835334515371E-5	1	1	465	213	15	0	+G
F8_BC68_191109_LF_LIB_consensus_vsearch	367	A	*/-G	660	27	3.84%	2	2	93	93	5.741915330351998E-9	1	1	456	204	19	8	-G
F8_BC68_191109_LF_LIB_consensus_vsearch	368	G	G	673	5	0.73%	2	1	93	93	0.031019628378153703	1	1	466	207	5	0	+A
F8_BC68_191109_LF_LIB_consensus_vsearch	369	G	*/-C	420	151	21.21%	2	2	93	93	3.6702529532063055E-51	1	1	356	64	100	51	-C
F8_BC68_191109_LF_LIB_consensus_vsearch	370	C	S	426	7	1.59%	2	2	93	93	0.007623929979105209	1	1	362	64	6	1	G
F8_BC68_191109_LF_LIB_consensus_vsearch	371	C	C	586	3	0.51%	2	1	93	93	0.12468139337307069	1	1	471	115	0	3	G
F8_BC68_191109_LF_LIB_consensus_vsearch	372	C	C	666	2	0.3%	2	1	93	93	0.24981273408223997	1	1	485	181	2	0	A
F8_BC68_191109_LF_LIB_consensus_vsearch	373	C	Y	698	7	0.99%	2	2	93	93	0.007696474526240225	1	1	489	209	1	6	T
F8_BC68_191109_LF_LIB_consensus_vsearch	374	C	*/-T	661	49	6.88%	2	2	93	93	7.534674493992796E-16	1	1	483	178	11	38	-T
F8_BC68_191109_LF_LIB_consensus_vsearch	375	T	T	655	4	0.6%	2	1	93	93	0.062215370224428135	1	1	482	173	0	4	-CTCT
F8_BC68_191109_LF_LIB_consensus_vsearch	376	C	C	707	1	0.14%	2	1	93	93	0.5000000000008233	1	1	496	211	0	1	-T
F8_BC68_191109_LF_LIB_consensus_vsearch	377	T	*/-CT	642	54	7.63%	2	2	93	93	1.905238016775785E-17	1	1	471	171	18	36	-CT
F8_BC68_191109_LF_LIB_consensus_vsearch	378	C	C	647	4	0.61%	2	2	93	93	0.06221187113134024	1	1	475	172	2	2	-T
F8_BC68_191109_LF_LIB_consensus_vsearch	379	T	T	640	4	0.62%	2	2	93	93	0.06220873808424545	1	1	469	171	3	1	C
F8_BC68_191109_LF_LIB_consensus_vsearch	380	G	G	708	2	0.28%	2	1	93	93	0.24982381959094058	1	1	493	215	2	0	A
F8_BC68_191109_LF_LIB_consensus_vsearch	381	C	*/-GC	670	12	1.69%	2	2	93	93	2.325128029022739E-4	1	1	463	207	10	2	-GC
F8_BC68_191109_LF_LIB_consensus_vsearch	382	G	S	668	10	1.45%	2	1	93	93	9.444648801915616E-4	1	1	455	213	10	0	C
F8_BC68_191109_LF_LIB_consensus_vsearch	383	C	*/-A	679	8	1.15%	2	2	93	93	0.0038270238219715778	1	1	471	208	6	2	-A
F8_BC68_191109_LF_LIB_consensus_vsearch	384	A	A	696	3	0.43%	2	2	93	93	0.12473156764502437	1	1	484	212	2	1	G
F8_BC68_191109_LF_LIB_consensus_vsearch	385	A	A	699	5	0.71%	2	2	93	93	0.031028133354538395	1	1	487	212	3	2	G
F8_BC68_191109_LF_LIB_consensus_vsearch	386	T	T	694	6	0.85%	2	2	93	93	0.015457829299773128	1	1	488	206	1	5	C
F8_BC68_191109_LF_LIB_consensus_vsearch	387	G	G	691	4	0.57%	2	1	93	93	0.06223011892275293	1	1	483	208	0	4	-C
F8_BC68_191109_LF_LIB_consensus_vsearch	388	C	Y	675	22	3.14%	2	2	93	93	2.0148501184672708E-7	1	1	486	189	1	21	T
F8_BC68_191109_LF_LIB_consensus_vsearch	389	A	*/-T	665	15	2.12%	2	2	93	93	2.8226561941462025E-5	1	1	459	206	11	4	-T
F8_BC68_191109_LF_LIB_consensus_vsearch	390	T	T	684	4	0.58%	2	1	93	93	0.06222737204525631	1	1	478	206	0	4	C
F8_BC68_191109_LF_LIB_consensus_vsearch	391	T	T	704	1	0.14%	2	1	93	93	0.4999999999990043	1	1	490	214	1	0	C
F8_BC68_191109_LF_LIB_consensus_vsearch	392	T	*/-C	628	71	10.04%	2	2	93	93	6.509007364144035E-23	1	1	440	188	47	24	-C
F8_BC68_191109_LF_LIB_consensus_vsearch	393	C	C	635	6	0.94%	2	1	93	93	0.015442466512386746	1	1	442	193	6	0	T
F8_BC68_191109_LF_LIB_consensus_vsearch	394	C	*/-G	668	19	2.66%	2	2	93	93	1.6812835498470444E-6	1	1	460	208	18	1	-G
F8_BC68_191109_LF_LIB_consensus_vsearch	395	G	*/-A	661	25	3.61%	2	2	93	93	2.3853705744549102E-8	1	1	447	214	23	2	-A
F8_BC68_191109_LF_LIB_consensus_vsearch	396	A	*/-G	634	22	3.21%	2	2	93	93	1.9934145866572664E-7	1	1	432	202	21	1	-G
F8_BC68_191109_LF_LIB_consensus_vsearch	397	G	G	679	2	0.29%	2	1	93	93	0.24981631153560352	1	1	466	213	2	0	+A
F8_BC68_191109_LF_LIB_consensus_vsearch	398	G	*/+AG	664	17	2.39%	2	1	93	93	6.895908777036158E-6	1	1	452	212	17	0	+AG
F8_BC68_191109_LF_LIB_consensus_vsearch	399	C	*/+T	688	14	1.99%	2	1	93	93	5.716860745288917E-5	1	1	486	202	0	14	+T
F8_BC68_191109_LF_LIB_consensus_vsearch	400	C	*/-T	690	15	2.11%	2	2	93	93	2.8305599806146846E-5	1	1	486	204	4	11	-T
F8_BC68_191109_LF_LIB_consensus_vsearch	401	T	Y	668	16	2.29%	2	2	93	93	1.396325388941075E-5	1	1	483	185	5	11	C
F8_BC68_191109_LF_LIB_consensus_vsearch	402	G	G	707	5	0.7%	2	2	93	93	0.031030625350215096	1	1	491	216	4	1	C
F8_BC68_191109_LF_LIB_consensus_vsearch	403	A	R	691	7	0.98%	2	1	93	93	0.007695314307205932	1	1	483	208	7	0	G
F8_BC68_191109_LF_LIB_consensus_vsearch	404	C	Y	692	10	1.41%	2	2	93	93	9.455519933469597E-4	1	1	489	203	1	9	T
F8_BC68_191109_LF_LIB_consensus_vsearch	405	G	R	697	10	1.41%	2	2	93	93	9.457692721554965E-4	1	1	485	212	8	2	A
F8_BC68_191109_LF_LIB_consensus_vsearch	406	G	G	704	4	0.56%	2	2	93	93	0.06223507611041307	1	1	492	212	3	1	A
F8_BC68_191109_LF_LIB_consensus_vsearch	407	C	C	703	3	0.42%	2	2	93	93	0.12473423104214414	1	1	492	211	2	1	T
F8_BC68_191109_LF_LIB_consensus_vsearch	408	G	*/-A	674	34	4.78%	2	1	93	93	3.8791094633656604E-11	1	1	460	214	34	0	-A
F8_BC68_191109_LF_LIB_consensus_vsearch	409	A	*/+T	661	7	1.04%	2	1	93	93	0.0076900673602228325	1	1	450	211	7	0	+T
F8_BC68_191109_LF_LIB_consensus_vsearch	410	T	K	671	29	4.11%	2	1	93	93	1.3853462238747618E-9	1	1	460	211	29	0	G
F8_BC68_191109_LF_LIB_consensus_vsearch	411	T	*/+G	691	7	0.99%	2	1	93	93	0.007695314307205932	1	1	487	204	0	7	+G
F8_BC68_191109_LF_LIB_consensus_vsearch	412	G	R	685	12	1.7%	2	2	93	93	2.3275915415398786E-4	1	1	479	206	9	3	A
F8_BC68_191109_LF_LIB_consensus_vsearch	413	C	*/-G	627	52	7.34%	2	2	93	93	8.045436181800567E-17	1	1	431	196	51	1	-G
F8_BC68_191109_LF_LIB_consensus_vsearch	414	G	G	639	6	0.91%	2	2	93	93	0.015443596731520168	1	1	430	209	5	1	+T
F8_BC68_191109_LF_LIB_consensus_vsearch	415	A	*/+TT	628	24	3.39%	2	1	93	93	4.804704507811245E-8	1	1	415	213	24	0	+TT
F8_BC68_191109_LF_LIB_consensus_vsearch	416	C	Y	608	64	8.99%	2	2	93	93	1.1221558079770063E-20	1	1	393	215	62	2	T
F8_BC68_191109_LF_LIB_consensus_vsearch	417	A	W	690	9	1.27%	2	2	93	93	0.0019031718633756593	1	1	475	215	8	1	T
F8_BC68_191109_LF_LIB_consensus_vsearch	418	A	W	688	10	1.4%	2	1	93	93	9.453759502338604E-4	1	1	473	215	10	0	T
F8_BC68_191109_LF_LIB_consensus_vsearch	419	C	*/-A	657	16	2.26%	2	2	93	93	1.3942782437750426E-5	1	1	447	210	15	1	-A
F8_BC68_191109_LF_LIB_consensus_vsearch	420	A	A	676	5	0.72%	2	1	93	93	0.03102064285287434	1	1	460	216	5	0	G
F8_BC68_191109_LF_LIB_consensus_vsearch	421	A	R	686	7	0.99%	2	2	93	93	0.007694471271058793	1	1	471	215	5	2	G
F8_BC68_191109_LF_LIB_consensus_vsearch	422	G	*/-A	687	10	1.42%	2	1	93	93	9.453316267322512E-4	1	1	471	216	10	0	-A
F8_BC68_191109_LF_LIB_consensus_vsearch	423	A	A	688	4	0.57%	2	2	93	93	0.06222894849693128	1	1	474	214	3	1	G
F8_BC68_191109_LF_LIB_consensus_vsearch	424	T	*/-A	691	9	1.27%	2	2	93	93	0.0019032427370135523	1	1	481	210	7	2	-A
F8_BC68_191109_LF_LIB_consensus_vsearch	425	A	A	696	1	0.14%	2	1	93	93	0.5000000000008233	1	1	483	213	0	1	+G
F8_BC68_191109_LF_LIB_consensus_vsearch	426	A	R	675	20	2.82%	2	1	93	93	8.302127844200819E-7	1	1	468	207	20	0	G
F8_BC68_191109_LF_LIB_consensus_vsearch	427	C	*/-T	677	11	1.54%	2	2	93	93	4.690047492968275E-4	1	1	466	211	9	2	-T
F8_BC68_191109_LF_LIB_consensus_vsearch	428	T	Y	673	9	1.3%	2	2	93	93	0.001901935436692325	1	1	468	205	5	4	C
F8_BC68_191109_LF_LIB_consensus_vsearch	429	T	T	685	6	0.86%	2	2	93	93	0.015455655146227827	1	1	479	206	5	1	C
F8_BC68_191109_LF_LIB_consensus_vsearch	430	G	G	702	4	0.56%	2	2	93	93	0.062234325352884735	1	1	491	211	2	2	-T
F8_BC68_191109_LF_LIB_consensus_vsearch	431	T	*/-C	684	17	2.4%	2	2	93	93	6.916062977040764E-6	1	1	480	204	10	7	-C
F8_BC68_191109_LF_LIB_consensus_vsearch	432	C	*/+A	683	8	1.15%	2	1	93	93	0.003827480265442575	1	1	477	206	8	0	+A
F8_BC68_191109_LF_LIB_consensus_vsearch	433	C	*/-T	699	7	0.98%	2	2	93	93	0.0076966383990413785	1	1	493	206	1	6	-T
F8_BC68_191109_LF_LIB_consensus_vsearch	434	T	T	681	6	0.86%	2	1	93	93	0.015454670597796	1	1	480	201	6	0	+C
F8_BC68_191109_LF_LIB_consensus_vsearch	435	C	C	698	2	0.28%	2	1	93	93	0.24982130092901844	1	1	491	207	2	0	+T
F8_BC68_191109_LF_LIB_consensus_vsearch	436	G	G	704	6	0.84%	2	1	93	93	0.015460180472089387	1	1	488	216	6	0	A
F8_BC68_191109_LF_LIB_consensus_vsearch	437	G	G	706	4	0.56%	2	1	93	93	0.0622358226367427	1	1	491	215	4	0	A
F8_BC68_191109_LF_LIB_consensus_vsearch	438	T	*/-C	557	147	20.65%	2	1	93	93	1.1114729634939206E-48	1	1	343	214	147	0	-C
F8_BC68_191109_LF_LIB_consensus_vsearch	439	C	C	557	2	0.35%	2	1	93	93	0.24977618621279463	1	1	342	215	2	0	+A
F8_BC68_191109_LF_LIB_consensus_vsearch	440	C	C	708	2	0.28%	2	1	93	93	0.24982381959094058	1	1	492	216	2	0	-T
F8_BC68_191109_LF_LIB_consensus_vsearch	441	T	*/-G	673	15	2.11%	2	2	93	93	2.8252461347411953E-5	1	1	478	195	6	9	-G
F8_BC68_191109_LF_LIB_consensus_vsearch	442	G	G	683	3	0.43%	2	2	93	93	0.12472647702431182	1	1	479	204	2	1	A
F8_BC68_191109_LF_LIB_consensus_vsearch	443	G	G	693	5	0.71%	2	1	93	93	0.031026226884601986	1	1	482	211	5	0	T
F8_BC68_191109_LF_LIB_consensus_vsearch	444	T	Y	686	10	1.42%	2	2	93	93	9.452871770742829E-4	1	1	483	203	4	6	C
F8_BC68_191109_LF_LIB_consensus_vsearch	445	G	G	703	2	0.28%	2	2	93	93	0.2498225691976094	1	1	491	212	1	1	A
F8_BC68_191109_LF_LIB_consensus_vsearch	446	C	*/-AC	681	14	1.97%	2	1	93	93	5.7130566115596164E-5	1	1	470	211	14	0	-AC
F8_BC68_191109_LF_LIB_consensus_vsearch	447	A	R	673	9	1.3%	2	2	93	93	0.001901935436692325	1	1	462	211	6	3	G
F8_BC68_191109_LF_LIB_consensus_vsearch	448	C	C	683	5	0.72%	2	1	93	93	0.03102297556781269	1	1	469	214	5	0	G
F8_BC68_191109_LF_LIB_consensus_vsearch	449	C	C	701	4	0.56%	2	2	93	93	0.06223394837614865	1	1	489	212	1	3	T
F8_BC68_191109_LF_LIB_consensus_vsearch	450	G	G	700	6	0.84%	2	2	93	93	0.015459247984384758	1	1	488	212	5	1	A
F8_BC68_191109_LF_LIB_consensus_vsearch	451	T	*/-C	578	123	17.35%	2	2	93	93	2.646665868498417E-40	1	1	390	188	100	23	-C
F8_BC68_191109_LF_LIB_consensus_vsearch	452	C	C	576	6	1.02%	2	1	93	93	0.015423994364567683	1	1	383	193	6	0	+G
F8_BC68_191109_LF_LIB_consensus_vsearch	453	C	*/+G	673	12	1.69%	2	1	93	93	2.3256292247515707E-4	1	1	464	209	12	0	+G
F8_BC68_191109_LF_LIB_consensus_vsearch	454	C	*/-T	630	53	7.43%	2	2	93	93	3.887480382279146E-17	1	1	461	169	13	40	-T
F8_BC68_191109_LF_LIB_consensus_vsearch	455	T	Y	622	14	2.14%	2	2	93	93	5.677751320679537E-5	1	1	450	172	13	1	C
F8_BC68_191109_LF_LIB_consensus_vsearch	456	T	Y	640	28	3.97%	2	2	93	93	2.7905624301824283E-9	1	1	460	180	25	3	C
F8_BC68_191109_LF_LIB_consensus_vsearch	457	G	R	630	40	5.9%	2	2	93	93	4.992104281062824E-13	1	1	452	178	38	2	A
F8_BC68_191109_LF_LIB_consensus_vsearch	458	G	R	682	7	1.01%	2	2	93	93	0.007693788058408534	1	1	492	190	1	6	A
F8_BC68_191109_LF_LIB_consensus_vsearch	459	G	R	696	7	0.99%	2	2	93	93	0.007696145385976602	1	1	492	204	3	4	A
F8_BC68_191109_LF_LIB_consensus_vsearch	460	T	Y	689	7	0.99%	2	2	93	93	0.007694978542018557	1	1	487	202	3	4	C
F8_BC68_191109_LF_LIB_consensus_vsearch	461	C	*/+G	681	13	1.84%	2	1	93	93	1.1534063420715205E-4	1	1	475	206	13	0	+G
F8_BC68_191109_LF_LIB_consensus_vsearch	462	A	R	664	18	2.55%	2	2	93	93	3.4049498216748786E-6	1	1	462	202	16	2	G
F8_BC68_191109_LF_LIB_consensus_vsearch	463	G	*/-T	673	13	1.86%	2	2	93	93	1.1526368039547316E-4	1	1	476	197	1	12	-T
F8_BC68_191109_LF_LIB_consensus_vsearch	464	T	Y	666	13	1.87%	2	2	93	93	1.1519488792314726E-4	1	1	479	187	3	10	C
F8_BC68_191109_LF_LIB_consensus_vsearch	465	C	C	690	2	0.28%	2	2	93	93	0.249819233550139	1	1	484	206	1	1	+A
F8_BC68_191109_LF_LIB_consensus_vsearch	466	A	R	664	18	2.56%	2	2	93	93	3.4049498216748786E-6	1	1	474	190	14	4	G
F8_BC68_191109_LF_LIB_consensus_vsearch	467	G	R	666	22	3.15%	2	1	93	93	2.010348133742662E-7	1	1	465	201	22	0	A
F8_BC68_191109_LF_LIB_consensus_vsearch	468	C	*/-GT	673	12	1.71%	2	1	93	93	2.3256292247515707E-4	1	1	485	188	0	12	-GT
F8_BC68_191109_LF_LIB_consensus_vsearch	469	G	G	687	2	0.29%	2	1	93	93	0.24981844589727606	1	1	491	196	2	0	-T
F8_BC68_191109_LF_LIB_consensus_vsearch	470	T	Y	683	8	1.15%	2	1	93	93	0.003827480265442575	1	1	490	193	0	8	C
F8_BC68_191109_LF_LIB_consensus_vsearch	471	T	T	706	3	0.42%	2	2	93	93	0.12473535638698469	1	1	493	213	2	1	C
F8_BC68_191109_LF_LIB_consensus_vsearch	472	G	G	704	3	0.42%	2	1	93	93	0.12473460721856874	1	1	490	214	3	0	-C
F8_BC68_191109_LF_LIB_consensus_vsearch	473	C	C	702	4	0.56%	2	2	93	93	0.062234325352884735	1	1	490	212	3	1	T
F8_BC68_191109_LF_LIB_consensus_vsearch	474	C	Y	664	36	5.06%	2	1	93	93	9.170235819270366E-12	1	1	486	178	0	36	T
F8_BC68_191109_LF_LIB_consensus_vsearch	475	G	G	697	4	0.57%	2	1	93	93	0.06223242971040495	1	1	483	214	4	0	-C
F8_BC68_191109_LF_LIB_consensus_vsearch	476	C	C	696	5	0.71%	2	2	93	93	0.03102718419759366	1	1	485	211	2	3	T
F8_BC68_191109_LF_LIB_consensus_vsearch	477	C	Y	684	12	1.7%	2	2	93	93	2.3274305589242978E-4	1	1	478	206	5	7	T
F8_BC68_191109_LF_LIB_consensus_vsearch	478	A	A	689	5	0.71%	2	2	93	93	0.031024937597504795	1	1	476	213	3	2	G
F8_BC68_191109_LF_LIB_consensus_vsearch	479	A	R	690	9	1.27%	2	1	93	93	0.0019031718633756593	1	1	477	213	9	0	G
F8_BC68_191109_LF_LIB_consensus_vsearch	480	T	*/+G	680	17	2.39%	2	1	93	93	6.9121211579727486E-6	1	1	463	217	17	0	+G
F8_BC68_191109_LF_LIB_consensus_vsearch	481	A	*/-G	679	18	2.53%	2	2	93	93	3.4133931644263426E-6	1	1	469	210	14	4	-G
F8_BC68_191109_LF_LIB_consensus_vsearch	482	G	G	678	5	0.72%	2	1	93	93	0.031021314220158875	1	1	469	209	5	0	A
F8_BC68_191109_LF_LIB_consensus_vsearch	483	T	Y	693	8	1.13%	2	2	93	93	0.0038285986916817977	1	1	481	212	7	1	C
F8_BC68_191109_LF_LIB_consensus_vsearch	484	C	C	697	3	0.42%	2	2	93	93	0.12473195139413472	1	1	487	210	1	2	-A
F8_BC68_191109_LF_LIB_consensus_vsearch	485	A	*/+C	649	19	2.69%	2	2	93	93	1.6751766330545529E-6	1	1	444	205	18	1	+C
F8_BC68_191109_LF_LIB_consensus_vsearch	486	C	*/+T	660	23	3.33%	2	1	93	93	9.874668225160268E-8	1	1	475	185	0	23	+T
F8_BC68_191109_LF_LIB_consensus_vsearch	487	C	*/+T	693	7	0.99%	2	1	93	93	0.007695648159281727	1	1	491	202	0	7	+T
F8_BC68_191109_LF_LIB_consensus_vsearch	488	C	*/+AC	683	12	1.68%	2	1	93	93	2.3272691203554888E-4	1	1	478	205	12	0	+AC
F8_BC68_191109_LF_LIB_consensus_vsearch	489	T	Y	695	7	0.99%	2	2	93	93	0.007695980114598385	1	1	489	206	4	3	C
F8_BC68_191109_LF_LIB_consensus_vsearch	490	G	R	689	9	1.27%	2	2	93	93	0.0019031007880593255	1	1	476	213	8	1	A
F8_BC68_191109_LF_LIB_consensus_vsearch	491	C	C	699	1	0.14%	2	1	93	93	0.5000000000008233	1	1	483	216	1	0	+AC
F8_BC68_191109_LF_LIB_consensus_vsearch	492	C	Y	699	7	0.99%	2	2	93	93	0.0076966383990413785	1	1	488	211	2	5	T
F8_BC68_191109_LF_LIB_consensus_vsearch	493	G	*/+T	693	9	1.26%	2	1	93	93	0.0019033838827015696	1	1	482	211	9	0	+T
F8_BC68_191109_LF_LIB_consensus_vsearch	494	T	Y	694	9	1.27%	2	2	93	93	0.001903454156451721	1	1	488	206	2	7	C
F8_BC68_191109_LF_LIB_consensus_vsearch	495	T	*/-GT	694	8	1.13%	2	2	93	93	0.003828708790007478	1	1	484	210	5	3	-GT
F8_BC68_191109_LF_LIB_consensus_vsearch	496	G	*/-TA	683	7	1%	2	1	93	93	0.007693959601990333	1	1	472	211	7	0	-TA
F8_BC68_191109_LF_LIB_consensus_vsearch	497	T	Y	661	19	2.73%	2	2	93	93	1.6790713227950396E-6	1	1	455	206	13	6	C
F8_BC68_191109_LF_LIB_consensus_vsearch	498	A	R	668	19	2.74%	2	2	93	93	1.6812835498470444E-6	1	1	454	214	18	1	G
F8_BC68_191109_LF_LIB_consensus_vsearch	499	G	*/-C	683	16	2.28%	2	2	93	93	1.399016506018352E-5	1	1	470	213	14	2	-C
F8_BC68_191109_LF_LIB_consensus_vsearch	500	C	C	676	6	0.87%	2	1	93	93	0.01545342369558815	1	1	467	209	6	0	G
F8_BC68_191109_LF_LIB_consensus_vsearch	501	C	Y	680	11	1.56%	2	2	93	93	4.6908740151385334E-4	1	1	474	206	2	9	T
F8_BC68_191109_LF_LIB_consensus_vsearch	502	G	*/-A	693	9	1.27%	2	2	93	93	0.0019033838827015696	1	1	480	213	8	1	-A
F8_BC68_191109_LF_LIB_consensus_vsearch	503	A	R	692	7	1%	2	2	93	93	0.007695481471345102	1	1	478	214	5	2	G
F8_BC68_191109_LF_LIB_consensus_vsearch	504	A	R	697	12	1.69%	2	2	93	93	2.3294884595327354E-4	1	1	485	212	9	3	G
F8_BC68_191109_LF_LIB_consensus_vsearch	505	T	*/-C	694	9	1.27%	2	2	93	93	0.001903454156451721	1	1	483	211	5	4	-C
F8_BC68_191109_LF_LIB_consensus_vsearch	506	C	*/-T	653	36	5.12%	2	2	93	93	9.101090523292937E-12	1	1	485	168	3	33	-T
F8_BC68_191109_LF_LIB_consensus_vsearch	507	T	T	657	6	0.89%	2	2	93	93	0.015448514210161005	1	1	479	178	5	1	A
F8_BC68_191109_LF_LIB_consensus_vsearch	508	T	*/-AGC	671	17	2.39%	2	1	93	93	6.903090914510574E-6	1	1	466	205	17	0	-AGC
F8_BC68_191109_LF_LIB_consensus_vsearch	509	A	R	630	58	8.41%	2	2	93	93	9.899511665717678E-19	1	1	418	212	55	3	G
F8_BC68_191109_LF_LIB_consensus_vsearch	510	G	G	690	3	0.43%	2	1	93	93	0.12472924187740676	1	1	473	217	3	0	A
F8_BC68_191109_LF_LIB_consensus_vsearch	511	C	C	681	6	0.86%	2	2	93	93	0.015454670597796	1	1	471	210	3	3	-G
F8_BC68_191109_LF_LIB_consensus_vsearch	512	G	R	687	15	2.13%	2	2	93	93	2.829640426446843E-5	1	1	477	210	14	1	A
F8_BC68_191109_LF_LIB_consensus_vsearch	513	G	*/+C	698	8	1.13%	2	2	93	93	0.0038291460789557676	1	1	486	212	5	3	+C
F8_BC68_191109_LF_LIB_consensus_vsearch	514	C	*/-T	656	17	2.39%	2	2	93	93	6.887524858349418E-6	1	1	455	201	8	9	-T
F8_BC68_191109_LF_LIB_consensus_vsearch	515	T	T	682	1	0.15%	2	1	93	93	0.5000000000008233	1	1	477	205	1	0	+C
F8_BC68_191109_LF_LIB_consensus_vsearch	516	T	*/+C	683	8	1.14%	2	2	93	93	0.003827480265442575	1	1	473	210	6	2	+C
F8_BC68_191109_LF_LIB_consensus_vsearch	517	T	*/+C	221	430	60.39%	2	2	93	93	3.844652671697734E-178	1	1	136	85	328	102	+C
F8_BC68_191109_LF_LIB_consensus_vsearch	518	C	C	695	3	0.43%	2	1	93	93	0.12473118279579633	1	1	490	205	3	0	+G
F8_BC68_191109_LF_LIB_consensus_vsearch	519	C	*/-T	661	17	2.39%	2	2	93	93	6.892787088850134E-6	1	1	471	190	7	10	-T
F8_BC68_191109_LF_LIB_consensus_vsearch	520	T	Y	657	15	2.19%	2	2	93	93	2.8200063727560058E-5	1	1	471	186	5	10	C
F8_BC68_191109_LF_LIB_consensus_vsearch	521	T	Y	677	22	3.13%	2	2	93	93	2.0158359105009108E-7	1	1	471	206	19	3	C
F8_BC68_191109_LF_LIB_consensus_vsearch	522	T	*/+C	684	15	2.11%	2	1	93	93	2.8287131985743293E-5	1	1	469	215	15	0	+C
F8_BC68_191109_LF_LIB_consensus_vsearch	523	C	C	698	4	0.56%	2	2	93	93	0.06223281099972274	1	1	485	213	2	2	+TC
F8_BC68_191109_LF_LIB_consensus_vsearch	524	A	R	685	14	1.98%	2	1	93	93	5.715239513620629E-5	1	1	472	213	14	0	G
F8_BC68_191109_LF_LIB_consensus_vsearch	525	G	R	665	37	5.23%	2	2	93	93	4.47048792693599E-12	1	1	452	213	36	1	A
F8_BC68_191109_LF_LIB_consensus_vsearch	526	C	*/-G	663	22	3.1%	2	2	93	93	2.0088230471247083E-7	1	1	465	198	7	15	-G
F8_BC68_191109_LF_LIB_consensus_vsearch	527	G	R	665	18	2.6%	2	1	93	93	3.4055237370353982E-6	1	1	465	200	18	0	A
F8_BC68_191109_LF_LIB_consensus_vsearch	528	G	R	659	30	4.21%	2	1	93	93	6.745186810740766E-10	1	1	442	217	30	0	A
F8_BC68_191109_LF_LIB_consensus_vsearch	529	C	M	680	7	1.01%	2	1	93	93	0.007693443477408817	1	1	464	216	7	0	A
F8_BC68_191109_LF_LIB_consensus_vsearch	530	C	*/-A	566	112	15.75%	2	2	93	93	1.2957623701261328E-36	1	1	360	206	103	9	-A
F8_BC68_191109_LF_LIB_consensus_vsearch	531	A	A	581	6	1%	2	2	93	93	0.015425703561055139	1	1	382	199	2	4	G
F8_BC68_191109_LF_LIB_consensus_vsearch	532	A	R	687	12	1.69%	2	2	93	93	2.3279121466020827E-4	1	1	483	204	7	5	G
F8_BC68_191109_LF_LIB_consensus_vsearch	533	G	K	686	10	1.42%	2	2	93	93	9.452871770742829E-4	1	1	491	195	1	9	T
F8_BC68_191109_LF_LIB_consensus_vsearch	534	G	G	705	3	0.42%	2	2	93	93	0.12473498233245997	1	1	492	213	2	1	-A
F8_BC68_191109_LF_LIB_consensus_vsearch	535	A	A	693	5	0.7%	2	2	93	93	0.031026226884601986	1	1	486	207	2	3	-C
F8_BC68_191109_LF_LIB_consensus_vsearch	536	C	*/+A	680	10	1.41%	2	1	93	93	9.450177994018546E-4	1	1	474	206	10	0	+A
F8_BC68_191109_LF_LIB_consensus_vsearch	537	G	R	695	9	1.27%	2	1	93	93	0.0019035242319234804	1	1	484	211	9	0	A
F8_BC68_191109_LF_LIB_consensus_vsearch	538	C	*/-GC	621	51	7.17%	2	2	93	93	1.656831717345976E-16	1	1	420	201	40	11	-GC
F8_BC68_191109_LF_LIB_consensus_vsearch	539	G	*/+C	618	12	1.83%	2	1	93	93	2.3156954006542198E-4	1	1	416	202	12	0	+C
F8_BC68_191109_LF_LIB_consensus_vsearch	540	C	*/+A	607	15	2.33%	2	1	93	93	2.8019489369197462E-5	1	1	407	200	15	0	+A
F8_BC68_191109_LF_LIB_consensus_vsearch	541	A	R	642	19	2.71%	2	2	93	93	1.6728428340256086E-6	1	1	432	210	18	1	G
F8_BC68_191109_LF_LIB_consensus_vsearch	542	G	*/-A	678	16	2.28%	2	1	93	93	1.3981319678996957E-5	1	1	465	213	16	0	-A
F8_BC68_191109_LF_LIB_consensus_vsearch	543	A	*/-G	555	108	15.54%	2	1	93	93	2.671172175552738E-35	1	1	347	208	108	0	-G
F8_BC68_191109_LF_LIB_consensus_vsearch	544	G	*/-AC	567	9	1.52%	2	1	93	93	0.0018925934416486783	1	1	357	210	9	0	-AC
F8_BC68_191109_LF_LIB_consensus_vsearch	545	A	*/-C	657	12	1.74%	2	2	93	93	2.3229050890362837E-4	1	1	455	202	11	1	-C
F8_BC68_191109_LF_LIB_consensus_vsearch	546	C	*/-GC	638	31	4.51%	2	1	93	93	3.2628974776093255E-10	1	1	424	214	31	0	-GC
F8_BC68_191109_LF_LIB_consensus_vsearch	547	G	*/-C	590	51	7.66%	2	2	93	93	1.5765554082782987E-16	1	1	380	210	48	3	-C
F8_BC68_191109_LF_LIB_consensus_vsearch	548	C	*/+T	573	13	2.1%	2	1	93	93	1.1412856168272655E-4	1	1	374	199	0	13	+T
F8_BC68_191109_LF_LIB_consensus_vsearch	549	C	*/-T	574	37	5.28%	2	2	93	93	4.148299478171586E-12	1	1	389	185	20	17	-T
F8_BC68_191109_LF_LIB_consensus_vsearch	550	T	*/+A	563	32	4.98%	2	1	93	93	1.5173245789615005E-10	1	1	364	199	32	0	+A
F8_BC68_191109_LF_LIB_consensus_vsearch	551	T	W	606	18	2.65%	2	1	93	93	3.368668089823385E-6	1	1	403	203	18	0	A
F8_BC68_191109_LF_LIB_consensus_vsearch	552	G	*/+C	669	9	1.28%	2	1	93	93	0.0019016355659458553	1	1	456	213	9	0	+C
F8_BC68_191109_LF_LIB_consensus_vsearch	553	A	A	682	3	0.43%	2	1	93	93	0.12472607742891396	1	1	469	213	3	0	+G
F8_BC68_191109_LF_LIB_consensus_vsearch	554	A	A	701	5	0.71%	2	1	93	93	0.03102876164621499	1	1	486	215	5	0	G
F8_BC68_191109_LF_LIB_consensus_vsearch	555	A	*/-T	689	18	2.52%	2	2	93	93	3.4188315591916383E-6	1	1	487	202	4	14	-T
F8_BC68_191109_LF_LIB_consensus_vsearch	556	T	T	691	3	0.43%	2	2	93	93	0.12472963229989842	1	1	489	202	2	1	G
F8_BC68_191109_LF_LIB_consensus_vsearch	557	T	*/-CAA	670	19	2.66%	2	1	93	93	1.6819077718369796E-6	1	1	482	188	0	19	-CAA
F8_BC68_191109_LF_LIB_consensus_vsearch	558	C	*/-AA	601	51	7.47%	2	1	93	93	1.6054886511082924E-16	1	1	480	121	0	51	-AA
F8_BC68_191109_LF_LIB_consensus_vsearch	559	A	R	609	9	1.44%	2	2	93	93	0.0018966753221652782	1	1	484	125	4	5	G
F8_BC68_191109_LF_LIB_consensus_vsearch	560	A	W	609	13	2.02%	2	1	93	93	1.1457833548985164E-4	1	1	483	126	0	13	T
F8_BC68_191109_LF_LIB_consensus_vsearch	561	G	R	676	15	2.13%	2	2	93	93	2.8262023367739823E-5	1	1	462	214	14	1	A
F8_BC68_191109_LF_LIB_consensus_vsearch	562	C	Y	699	7	0.99%	2	2	93	93	0.0076966383990413785	1	1	489	210	2	5	T
F8_BC68_191109_LF_LIB_consensus_vsearch	563	C	C	707	2	0.28%	2	1	93	93	0.24982357092413102	1	1	492	215	0	2	-GTT
F8_BC68_191109_LF_LIB_consensus_vsearch	564	G	G	704	3	0.42%	2	2	93	93	0.12473460721856874	1	1	491	213	2	1	A
F8_BC68_191109_LF_LIB_consensus_vsearch	565	T	T	704	3	0.42%	2	1	93	93	0.12473460721856874	1	1	492	212	0	3	C
F8_BC68_191109_LF_LIB_consensus_vsearch	566	T	*/+G	691	9	1.27%	2	1	93	93	0.0019032427370135523	1	1	476	215	9	0	+G
F8_BC68_191109_LF_LIB_consensus_vsearch	567	A	R	620	54	7.63%	2	2	93	93	1.8371914048782055E-17	1	1	427	193	53	1	G
F8_BC68_191109_LF_LIB_consensus_vsearch	568	G	G	678	6	0.88%	2	2	93	93	0.015453924640752525	1	1	479	199	4	2	A
F8_BC68_191109_LF_LIB_consensus_vsearch	569	G	G	702	4	0.56%	2	1	93	93	0.062234325352884735	1	1	485	217	4	0	A
F8_BC68_191109_LF_LIB_consensus_vsearch	570	C	C	701	4	0.56%	2	1	93	93	0.06223394837614865	1	1	485	216	4	0	-T
F8_BC68_191109_LF_LIB_consensus_vsearch	571	T	T	692	5	0.71%	2	2	93	93	0.03102590594951147	1	1	478	214	4	1	C
F8_BC68_191109_LF_LIB_consensus_vsearch	572	A	R	688	9	1.27%	2	2	93	93	0.0019030295102081	1	1	475	213	7	2	G
F8_BC68_191109_LF_LIB_consensus_vsearch	573	C	Y	686	7	1%	2	2	93	93	0.007694471271058793	1	1	473	213	5	2	T
F8_BC68_191109_LF_LIB_consensus_vsearch	574	C	*/-GC	637	31	4.39%	2	1	93	93	3.2611197401880956E-10	1	1	427	210	31	0	-GC
F8_BC68_191109_LF_LIB_consensus_vsearch	575	G	G	655	4	0.6%	2	2	93	93	0.062215370224428135	1	1	444	211	3	1	A
F8_BC68_191109_LF_LIB_consensus_vsearch	576	C	*/-T	623	21	3.11%	2	2	93	93	4.0402929104067274E-7	1	1	416	207	13	8	-T
F8_BC68_191109_LF_LIB_consensus_vsearch	577	T	W	633	30	4.46%	2	1	93	93	6.658457892925686E-10	1	1	425	208	30	0	A
F8_BC68_191109_LF_LIB_consensus_vsearch	578	T	*/-A	630	21	3.02%	2	2	93	93	4.0476134435006245E-7	1	1	420	210	20	1	-A
F8_BC68_191109_LF_LIB_consensus_vsearch	579	A	*/-G	547	124	18.08%	2	2	93	93	8.903687904686236E-41	1	1	440	107	23	101	-G
F8_BC68_191109_LF_LIB_consensus_vsearch	580	G	*/+A	554	17	2.91%	2	1	93	93	6.76098779718637E-6	1	1	442	112	17	0	+A
F8_BC68_191109_LF_LIB_consensus_vsearch	581	G	R	682	23	3.23%	2	2	93	93	9.933821857197184E-8	1	1	468	214	22	1	A
F8_BC68_191109_LF_LIB_consensus_vsearch	582	A	A	702	2	0.28%	2	1	93	93	0.2498223169866272	1	1	489	213	0	2	+C
F8_BC68_191109_LF_LIB_consensus_vsearch	583	T	T	701	6	0.84%	2	2	93	93	0.015459482094033763	1	1	487	214	4	2	C
F8_BC68_191109_LF_LIB_consensus_vsearch	584	C	C	695	4	0.56%	2	2	93	93	0.06223166385714614	1	1	483	212	3	1	-G
F8_BC68_191109_LF_LIB_consensus_vsearch	585	G	G	697	2	0.28%	2	1	93	93	0.24982104509666578	1	1	483	214	2	0	-A
F8_BC68_191109_LF_LIB_consensus_vsearch	586	A	R	682	11	1.56%	2	1	93	93	4.6914211039852195E-4	1	1	470	212	11	0	G
F8_BC68_191109_LF_LIB_consensus_vsearch	587	C	C	688	4	0.57%	2	2	93	93	0.06222894849693128	1	1	476	212	2	2	-T
F8_BC68_191109_LF_LIB_consensus_vsearch	588	T	*/-C	676	12	1.72%	2	2	93	93	2.3261261192221447E-4	1	1	471	205	8	4	-C
F8_BC68_191109_LF_LIB_consensus_vsearch	589	C	*/-ACC	670	8	1.16%	2	2	93	93	0.0038259772281954976	1	1	466	204	7	1	-ACC
F8_BC68_191109_LF_LIB_consensus_vsearch	590	A	*/-C	629	32	4.6%	2	2	93	93	1.585271826411555E-10	1	1	437	192	23	9	-C
F8_BC68_191109_LF_LIB_consensus_vsearch	591	C	*/+T	637	12	1.82%	2	2	93	93	2.3193142241339178E-4	1	1	451	186	1	11	+T
F8_BC68_191109_LF_LIB_consensus_vsearch	592	C	C	688	4	0.58%	2	2	93	93	0.06222894849693128	1	1	479	209	3	1	T
F8_BC68_191109_LF_LIB_consensus_vsearch	593	C	S	693	8	1.13%	2	1	93	93	0.0038285986916817977	1	1	481	212	8	0	G
F8_BC68_191109_LF_LIB_consensus_vsearch	594	C	Y	684	15	2.11%	2	2	93	93	2.8287131985743293E-5	1	1	479	205	6	9	T
F8_BC68_191109_LF_LIB_consensus_vsearch	595	G	R	674	29	4.11%	2	2	93	93	1.3871340342142126E-9	1	1	461	213	28	1	A
F8_BC68_191109_LF_LIB_consensus_vsearch	596	G	G	701	6	0.85%	2	1	93	93	0.015459482094033763	1	1	485	216	6	0	A
F8_BC68_191109_LF_LIB_consensus_vsearch	597	C	C	695	6	0.85%	2	1	93	93	0.015458067431314672	1	1	480	215	6	0	T
F8_BC68_191109_LF_LIB_consensus_vsearch	598	A	A	696	3	0.42%	2	2	93	93	0.12473156764502437	1	1	482	214	2	1	-C
F8_BC68_191109_LF_LIB_consensus_vsearch	599	C	C	697	2	0.28%	2	2	93	93	0.24982104509666578	1	1	484	213	1	1	A
F8_BC68_191109_LF_LIB_consensus_vsearch	600	C	*/-A	680	26	3.67%	2	1	93	93	1.178730126667451E-8	1	1	465	215	26	0	-A
F8_BC68_191109_LF_LIB_consensus_vsearch	601	A	*/-T	664	9	1.32%	2	2	93	93	0.0019012557507408912	1	1	456	208	5	4	-T
F8_BC68_191109_LF_LIB_consensus_vsearch	602	T	K	669	26	3.72%	2	1	93	93	1.1742829855339043E-8	1	1	459	210	26	0	G
F8_BC68_191109_LF_LIB_consensus_vsearch	603	T	T	703	3	0.42%	2	1	93	93	0.12473423104214414	1	1	491	212	0	3	C
F8_BC68_191109_LF_LIB_consensus_vsearch	604	A	R	691	14	1.98%	2	2	93	93	5.7184684992071955E-5	1	1	479	212	12	2	G
F8_BC68_191109_LF_LIB_consensus_vsearch	605	C	C	697	3	0.42%	2	1	93	93	0.12473195139413472	1	1	488	209	3	0	-G
F8_BC68_191109_LF_LIB_consensus_vsearch	606	G	R	688	13	1.84%	2	2	93	93	1.1540655576482854E-4	1	1	477	211	12	1	A
F8_BC68_191109_LF_LIB_consensus_vsearch	607	G	G	694	6	0.84%	2	2	93	93	0.015457829299773128	1	1	482	212	5	1	T
F8_BC68_191109_LF_LIB_consensus_vsearch	608	T	*/+A	661	14	1.98%	2	2	93	93	5.7017634264194104E-5	1	1	460	201	11	3	+A
F8_BC68_191109_LF_LIB_consensus_vsearch	609	A	A	689	5	0.71%	2	2	93	93	0.031024937597504795	1	1	475	214	4	1	G
F8_BC68_191109_LF_LIB_consensus_vsearch	610	A	*/-G	692	8	1.13%	2	1	93	93	0.0038284882802459928	1	1	478	214	8	0	-G
F8_BC68_191109_LF_LIB_consensus_vsearch	611	G	R	652	32	4.56%	2	1	93	93	1.6063881156492444E-10	1	1	441	211	32	0	A
F8_BC68_191109_LF_LIB_consensus_vsearch	612	C	C	695	3	0.43%	2	1	93	93	0.12473118279579633	1	1	484	211	3	0	A
F8_BC68_191109_LF_LIB_consensus_vsearch	613	C	*/-A	679	19	2.66%	2	2	93	93	1.6846746908355057E-6	1	1	468	211	18	1	-A
F8_BC68_191109_LF_LIB_consensus_vsearch	614	A	*/-G	589	63	9.09%	2	2	93	93	2.247160873666155E-20	1	1	429	160	16	47	-G
F8_BC68_191109_LF_LIB_consensus_vsearch	615	G	G	634	6	0.92%	2	1	93	93	0.015442181753688432	1	1	470	164	6	0	+A
F8_BC68_191109_LF_LIB_consensus_vsearch	616	G	*/-A	694	10	1.4%	2	1	93	93	9.456392717556314E-4	1	1	484	210	10	0	-A
F8_BC68_191109_LF_LIB_consensus_vsearch	617	A	A	700	2	0.28%	2	2	93	93	0.2498218104060075	1	1	484	216	1	1	G
F8_BC68_191109_LF_LIB_consensus_vsearch	618	A	A	699	6	0.84%	2	2	93	93	0.01545901321150471	1	1	484	215	5	1	G
F8_BC68_191109_LF_LIB_consensus_vsearch	619	C	C	698	2	0.28%	2	1	93	93	0.24982130092901844	1	1	483	215	2	0	+G
F8_BC68_191109_LF_LIB_consensus_vsearch	620	C	*/-T	660	24	3.37%	2	2	93	93	4.854262653483501E-8	1	1	486	174	3	21	-T
F8_BC68_191109_LF_LIB_consensus_vsearch	621	T	T	674	5	0.73%	2	2	93	93	0.031019967532088213	1	1	482	192	3	2	C
F8_BC68_191109_LF_LIB_consensus_vsearch	622	T	T	702	5	0.71%	2	1	93	93	0.031029074459554294	1	1	488	214	5	0	C
F8_BC68_191109_LF_LIB_consensus_vsearch	623	T	T	697	5	0.7%	2	1	93	93	0.03102750148427654	1	1	486	211	0	5	-C
F8_BC68_191109_LF_LIB_consensus_vsearch	624	C	C	695	6	0.85%	2	2	93	93	0.015458067431314672	1	1	492	203	3	3	-TC
F8_BC68_191109_LF_LIB_consensus_vsearch	625	T	*/-C	667	22	3.12%	2	1	93	93	2.0108537528478014E-7	1	1	457	210	22	0	-C
F8_BC68_191109_LF_LIB_consensus_vsearch	626	C	C	678	2	0.29%	2	1	93	93	0.24981604120668635	1	1	468	210	2	0	+A
F8_BC68_191109_LF_LIB_consensus_vsearch	627	C	*/-AC	688	13	1.83%	2	1	93	93	1.1540655576482854E-4	1	1	476	212	13	0	-AC
F8_BC68_191109_LF_LIB_consensus_vsearch	628	A	R	657	29	4.18%	2	2	93	93	1.376823760257812E-9	1	1	445	212	27	2	G
F8_BC68_191109_LF_LIB_consensus_vsearch	629	C	*/-T	680	8	1.15%	2	2	93	93	0.0038271384280311226	1	1	472	208	2	6	-T
F8_BC68_191109_LF_LIB_consensus_vsearch	630	T	T	694	3	0.43%	2	2	93	93	0.12473079684146932	1	1	486	208	1	2	C
F8_BC68_191109_LF_LIB_consensus_vsearch	631	T	*/+C	656	42	5.92%	2	2	93	93	1.2040204394592658E-13	1	1	453	203	33	9	+C
F8_BC68_191109_LF_LIB_consensus_vsearch	632	C	C	695	5	0.7%	2	1	93	93	0.031026866004720807	1	1	482	213	5	0	-AGC
F8_BC68_191109_LF_LIB_consensus_vsearch	633	A	R	689	8	1.13%	2	2	93	93	0.0038281551540559158	1	1	477	212	6	2	G
F8_BC68_191109_LF_LIB_consensus_vsearch	634	G	R	668	21	3%	2	1	93	93	4.084922967980539E-7	1	1	455	213	21	0	A
F8_BC68_191109_LF_LIB_consensus_vsearch	635	C	C	695	1	0.14%	2	1	93	93	0.4999999999990043	1	1	482	213	1	0	+AGC
F8_BC68_191109_LF_LIB_consensus_vsearch	636	C	C	695	6	0.84%	2	1	93	93	0.015458067431314672	1	1	487	208	0	6	-T
F8_BC68_191109_LF_LIB_consensus_vsearch	637	T	T	697	4	0.57%	2	2	93	93	0.06223242971040495	1	1	489	208	3	1	C
F8_BC68_191109_LF_LIB_consensus_vsearch	638	T	*/-C	621	49	6.93%	2	2	93	93	7.144669487690987E-16	1	1	418	203	40	9	-C
F8_BC68_191109_LF_LIB_consensus_vsearch	639	C	C	641	1	0.16%	2	1	93	93	0.4999999999999138	1	1	436	205	1	0	A
F8_BC68_191109_LF_LIB_consensus_vsearch	640	C	C	687	2	0.29%	2	1	93	93	0.24981844589727606	1	1	475	212	2	0	+A
F8_BC68_191109_LF_LIB_consensus_vsearch	641	C	Y	678	23	3.23%	2	2	93	93	9.923321603577231E-8	1	1	491	187	2	21	T
F8_BC68_191109_LF_LIB_consensus_vsearch	642	G	R	691	10	1.42%	2	2	93	93	9.455081691421578E-4	1	1	485	206	8	2	A
F8_BC68_191109_LF_LIB_consensus_vsearch	643	G	G	701	3	0.42%	2	2	93	93	0.12473347547949812	1	1	493	208	1	2	A
F8_BC68_191109_LF_LIB_consensus_vsearch	644	C	C	701	4	0.56%	2	1	93	93	0.06223394837614865	1	1	489	212	0	4	T
F8_BC68_191109_LF_LIB_consensus_vsearch	645	T	*/-C	691	11	1.55%	2	2	93	93	4.6938449023983423E-4	1	1	486	205	2	9	-C
F8_BC68_191109_LF_LIB_consensus_vsearch	646	C	*/-G	682	10	1.43%	2	1	93	93	9.451081060357581E-4	1	1	479	203	10	0	-G
F8_BC68_191109_LF_LIB_consensus_vsearch	647	G	R	659	23	3.3%	2	1	93	93	9.871895897867184E-8	1	1	446	213	23	0	A
F8_BC68_191109_LF_LIB_consensus_vsearch	648	C	*/+TT	646	22	3.11%	2	1	93	93	1.9999409489462792E-7	1	1	436	210	22	0	+TT
F8_BC68_191109_LF_LIB_consensus_vsearch	649	A	W	655	32	4.55%	2	1	93	93	1.6090554678884626E-10	1	1	447	208	32	0	T
F8_BC68_191109_LF_LIB_consensus_vsearch	650	C	Y	651	39	5.55%	2	2	93	93	1.0469053842655901E-12	1	1	445	206	34	5	T
F8_BC68_191109_LF_LIB_consensus_vsearch	651	G	G	701	3	0.42%	2	1	93	93	0.12473347547949812	1	1	489	212	3	0	-A
F8_BC68_191109_LF_LIB_consensus_vsearch	652	A	R	670	12	1.69%	2	2	93	93	2.325128029022739E-4	1	1	460	210	9	3	G
F8_BC68_191109_LF_LIB_consensus_vsearch	653	G	*/-A	677	8	1.15%	2	2	93	93	0.0038267936108249954	1	1	463	214	7	1	-A
F8_BC68_191109_LF_LIB_consensus_vsearch	654	A	A	684	4	0.58%	2	2	93	93	0.06222737204525631	1	1	472	212	2	2	G
F8_BC68_191109_LF_LIB_consensus_vsearch	655	A	R	697	8	1.13%	2	2	93	93	0.003829037219745354	1	1	484	213	5	3	G
F8_BC68_191109_LF_LIB_consensus_vsearch	656	T	*/-A	694	7	0.98%	2	1	93	93	0.007695814373028502	1	1	483	211	7	0	-A
F8_BC68_191109_LF_LIB_consensus_vsearch	657	A	*/-T	639	41	5.81%	2	2	93	93	2.4425114166051213E-13	1	1	435	204	38	3	-T
F8_BC68_191109_LF_LIB_consensus_vsearch	658	T	K	658	7	1.04%	2	2	93	93	0.007689516707417525	1	1	449	209	6	1	G
F8_BC68_191109_LF_LIB_consensus_vsearch	659	T	T	707	3	0.42%	2	2	93	93	0.12473572938667123	1	1	494	213	1	2	C
F8_BC68_191109_LF_LIB_consensus_vsearch	660	T	T	690	6	0.84%	2	2	93	93	0.015456869940904113	1	1	485	205	4	2	C
F8_BC68_191109_LF_LIB_consensus_vsearch	661	G	R	693	10	1.42%	2	2	93	93	9.455956940415569E-4	1	1	481	212	8	2	A
F8_BC68_191109_LF_LIB_consensus_vsearch	662	C	C	684	6	0.85%	2	2	93	93	0.015455410077685248	1	1	480	204	5	1	+GC
F8_BC68_191109_LF_LIB_consensus_vsearch	663	T	Y	682	11	1.56%	2	2	93	93	4.6914211039852195E-4	1	1	479	203	2	9	C
F8_BC68_191109_LF_LIB_consensus_vsearch	664	A	R	686	12	1.7%	2	1	93	93	2.327752070121532E-4	1	1	471	215	12	0	G
F8_BC68_191109_LF_LIB_consensus_vsearch	665	C	C	687	4	0.56%	2	2	93	93	0.062228556095681314	1	1	476	211	2	2	-T
F8_BC68_191109_LF_LIB_consensus_vsearch	666	T	Y	624	65	9.33%	2	2	93	93	5.5596105875796164E-21	1	1	473	151	4	61	C
F8_BC68_191109_LF_LIB_consensus_vsearch	667	G	G	690	5	0.71%	2	1	93	93	0.031025261309997287	1	1	477	213	5	0	-CCAC
F8_BC68_191109_LF_LIB_consensus_vsearch	668	C	C	695	1	0.14%	2	1	93	93	0.4999999999990043	1	1	480	215	0	1	+T
F8_BC68_191109_LF_LIB_consensus_vsearch	669	C	*/-A	679	13	1.85%	2	1	93	93	1.153215593019467E-4	1	1	465	214	13	0	-A
F8_BC68_191109_LF_LIB_consensus_vsearch	670	A	*/-C	661	12	1.74%	2	1	93	93	2.3235980684521864E-4	1	1	446	215	12	0	-C
F8_BC68_191109_LF_LIB_consensus_vsearch	671	C	S	668	12	1.74%	2	1	93	93	2.324791481283335E-4	1	1	458	210	12	0	G
F8_BC68_191109_LF_LIB_consensus_vsearch	672	C	*/-A	681	24	3.39%	2	2	93	93	4.884546868535826E-8	1	1	467	214	23	1	-A
F8_BC68_191109_LF_LIB_consensus_vsearch	673	A	A	684	2	0.29%	2	1	93	93	0.24981765134977552	1	1	468	216	2	0	G
F8_BC68_191109_LF_LIB_consensus_vsearch	674	A	A	705	5	0.7%	2	2	93	93	0.031030007614295013	1	1	489	216	4	1	G
F8_BC68_191109_LF_LIB_consensus_vsearch	675	G	G	710	2	0.28%	2	1	93	93	0.24982431482675477	1	1	494	216	2	0	-A
F8_BC68_191109_LF_LIB_consensus_vsearch	676	A	*/-T	696	7	0.98%	2	1	93	93	0.007696145385976602	1	1	487	209	0	7	-T
F8_BC68_191109_LF_LIB_consensus_vsearch	677	T	T	698	2	0.28%	2	1	93	93	0.24982130092901844	1	1	490	208	2	0	+C
F8_BC68_191109_LF_LIB_consensus_vsearch	678	C	C	694	4	0.56%	2	1	93	93	0.06223127928418964	1	1	486	208	0	4	-G
F8_BC68_191109_LF_LIB_consensus_vsearch	679	G	R	693	11	1.56%	2	2	93	93	4.694375211719313E-4	1	1	485	208	9	2	A
F8_BC68_191109_LF_LIB_consensus_vsearch	680	G	G	705	1	0.14%	2	1	93	93	0.4999999999990043	1	1	494	211	0	1	+AAAG
F8_BC68_191109_LF_LIB_consensus_vsearch	681	C	Y	686	8	1.13%	2	2	93	93	0.003827819161525346	1	1	486	200	2	6	T
F8_BC68_191109_LF_LIB_consensus_vsearch	682	A	R	686	9	1.27%	2	2	93	93	0.001902886343431154	1	1	479	207	8	1	G
F8_BC68_191109_LF_LIB_consensus_vsearch	683	C	C	692	6	0.85%	2	2	93	93	0.015457350992753744	1	1	479	213	5	1	-T
F8_BC68_191109_LF_LIB_consensus_vsearch	684	T	*/-A	602	47	6.66%	2	2	93	93	2.9948577508305805E-15	1	1	437	165	45	2	-A
F8_BC68_191109_LF_LIB_consensus_vsearch	685	A	A	647	5	0.75%	2	1	93	93	0.031010445356706894	1	1	436	211	5	0	-G
F8_BC68_191109_LF_LIB_consensus_vsearch	686	G	*/-A	662	37	5.23%	2	1	93	93	4.460900004480109E-12	1	1	445	217	37	0	-A
F8_BC68_191109_LF_LIB_consensus_vsearch	687	A	*/-G	644	17	2.54%	2	2	93	93	6.874583685551155E-6	1	1	431	213	14	3	-G
F8_BC68_191109_LF_LIB_consensus_vsearch	688	G	G	686	2	0.29%	2	1	93	93	0.24981818181836754	1	1	472	214	2	0	+AG
F8_BC68_191109_LF_LIB_consensus_vsearch	689	G	G	706	3	0.42%	2	1	93	93	0.12473535638698469	1	1	490	216	3	0	A
F8_BC68_191109_LF_LIB_consensus_vsearch	690	C	Y	684	20	2.81%	2	2	93	93	8.31706349510436E-7	1	1	488	196	1	19	T
F8_BC68_191109_LF_LIB_consensus_vsearch	691	T	Y	691	15	2.11%	2	2	93	93	2.830864809839213E-5	1	1	490	201	2	13	C
F8_BC68_191109_LF_LIB_consensus_vsearch	692	G	G	701	6	0.84%	2	2	93	93	0.015459482094033763	1	1	488	213	3	3	-C
F8_BC68_191109_LF_LIB_consensus_vsearch	693	C	Y	691	8	1.13%	2	2	93	93	0.0038283775544042174	1	1	491	200	1	7	T
F8_BC68_191109_LF_LIB_consensus_vsearch	694	T	*/-C	630	70	9.9%	2	2	93	93	1.3780042429194808E-22	1	1	423	207	68	2	-C
F8_BC68_191109_LF_LIB_consensus_vsearch	695	C	C	638	2	0.31%	2	1	93	93	0.24980453479295628	1	1	424	214	2	0	T
F8_BC68_191109_LF_LIB_consensus_vsearch	696	C	C	695	6	0.84%	2	2	93	93	0.015458067431314672	1	1	484	211	5	1	T
F8_BC68_191109_LF_LIB_consensus_vsearch	697	A	A	691	5	0.71%	2	2	93	93	0.03102558409276762	1	1	483	208	2	3	G
F8_BC68_191109_LF_LIB_consensus_vsearch	698	G	*/-C	690	7	0.99%	2	1	93	93	0.007695146664767802	1	1	477	213	7	0	-C
F8_BC68_191109_LF_LIB_consensus_vsearch	699	C	C	688	3	0.43%	2	1	93	93	0.12472845763924613	1	1	479	209	0	3	T
F8_BC68_191109_LF_LIB_consensus_vsearch	700	C	*/-AC	684	13	1.84%	2	1	93	93	1.1536904529305717E-4	1	1	471	213	13	0	-AC
F8_BC68_191109_LF_LIB_consensus_vsearch	701	A	R	681	8	1.16%	2	1	93	93	0.0038272527030184396	1	1	466	215	8	0	G
F8_BC68_191109_LF_LIB_consensus_vsearch	702	C	C	685	3	0.43%	2	1	93	93	0.12472727272730207	1	1	476	209	3	0	+A
F8_BC68_191109_LF_LIB_consensus_vsearch	703	G	*/+C	695	9	1.27%	2	1	93	93	0.0019035242319234804	1	1	493	202	0	9	+C
F8_BC68_191109_LF_LIB_consensus_vsearch	704	C	C	703	3	0.42%	2	1	93	93	0.12473423104214414	1	1	490	213	3	0	+GC
F8_BC68_191109_LF_LIB_consensus_vsearch	705	T	*/-C	691	7	0.99%	2	2	93	93	0.007695314307205932	1	1	488	203	1	6	-C
F8_BC68_191109_LF_LIB_consensus_vsearch	706	C	C	691	2	0.28%	2	1	93	93	0.24981949458509745	1	1	484	207	2	0	+A
F8_BC68_191109_LF_LIB_consensus_vsearch	707	G	G	699	4	0.56%	2	1	93	93	0.062233191204189284	1	1	485	214	4	0	A
F8_BC68_191109_LF_LIB_consensus_vsearch	708	C	C	699	5	0.71%	2	2	93	93	0.031028133354538395	1	1	484	215	4	1	T
F8_BC68_191109_LF_LIB_consensus_vsearch	709	G	*/-CG	681	15	2.11%	2	2	93	93	2.827778200608379E-5	1	1	470	211	11	4	-CG
F8_BC68_191109_LF_LIB_consensus_vsearch	710	C	C	678	5	0.72%	2	2	93	93	0.031021314220158875	1	1	467	211	4	1	T
F8_BC68_191109_LF_LIB_consensus_vsearch	711	G	R	672	11	1.59%	2	2	93	93	4.6886540252506797E-4	1	1	463	209	10	1	A
F8_BC68_191109_LF_LIB_consensus_vsearch	712	T	T	699	3	0.42%	2	2	93	93	0.12473271560965893	1	1	487	212	2	1	A
F8_BC68_191109_LF_LIB_consensus_vsearch	713	C	*/-A	682	11	1.55%	2	2	93	93	4.6914211039852195E-4	1	1	478	204	5	6	-A
F8_BC68_191109_LF_LIB_consensus_vsearch	714	A	A	690	2	0.29%	2	2	93	93	0.249819233550139	1	1	486	204	1	1	C
F8_BC68_191109_LF_LIB_consensus_vsearch	715	A	R	692	8	1.13%	2	2	93	93	0.0038284882802459928	1	1	484	208	7	1	G
F8_BC68_191109_LF_LIB_consensus_vsearch	716	G	R	672	26	3.67%	2	2	93	93	1.1755083255080829E-8	1	1	458	214	25	1	A
F8_BC68_191109_LF_LIB_consensus_vsearch	717	C	C	691	6	0.85%	2	1	93	93	0.01545711081143495	1	1	481	210	6	0	+G
F8_BC68_191109_LF_LIB_consensus_vsearch	718	C	*/+T	675	11	1.54%	2	1	93	93	4.6894925126844146E-4	1	1	487	188	0	11	+T
F8_BC68_191109_LF_LIB_consensus_vsearch	719	T	T	690	5	0.72%	2	2	93	93	0.031025261309997287	1	1	484	206	4	1	C
F8_BC68_191109_LF_LIB_consensus_vsearch	720	T	T	693	5	0.71%	2	2	93	93	0.031026226884601986	1	1	483	210	3	2	C
F8_BC68_191109_LF_LIB_consensus_vsearch	721	C	*/-TC	656	44	6.22%	2	2	93	93	2.8298194833011762E-14	1	1	488	168	1	43	-TC
F8_BC68_191109_LF_LIB_consensus_vsearch	722	T	*/+C	593	64	9.62%	2	1	93	93	1.080510816703076E-20	1	1	428	165	64	0	+C
F8_BC68_191109_LF_LIB_consensus_vsearch	723	C	*/+A	646	15	2.25%	2	1	93	93	2.816261220005829E-5	1	1	475	171	15	0	+A
F8_BC68_191109_LF_LIB_consensus_vsearch	724	A	R	687	17	2.4%	2	2	93	93	6.918991048984209E-6	1	1	475	212	15	2	G
F8_BC68_191109_LF_LIB_consensus_vsearch	725	G	R	634	57	8.03%	2	1	93	93	2.0806987267363993E-18	1	1	418	216	57	0	A
F8_BC68_191109_LF_LIB_consensus_vsearch	726	C	*/-A	680	14	1.96%	2	2	93	93	5.7125070469182755E-5	1	1	470	210	11	3	-A
F8_BC68_191109_LF_LIB_consensus_vsearch	727	A	A	688	5	0.72%	2	2	93	93	0.031024612950973945	1	1	476	212	3	2	G
F8_BC68_191109_LF_LIB_consensus_vsearch	728	A	A	707	2	0.28%	2	1	93	93	0.24982357092413102	1	1	490	217	2	0	C
F8_BC68_191109_LF_LIB_consensus_vsearch	729	A	R	703	8	1.12%	2	2	93	93	0.003829685803075987	1	1	489	214	7	1	G
F8_BC68_191109_LF_LIB_consensus_vsearch	730	T	T	701	4	0.56%	2	1	93	93	0.06223394837614865	1	1	490	211	4	0	G
F8_BC68_191109_LF_LIB_consensus_vsearch	731	T	T	694	6	0.84%	2	2	93	93	0.015457829299773128	1	1	488	206	2	4	C
F8_BC68_191109_LF_LIB_consensus_vsearch	732	A	A	701	6	0.85%	2	2	93	93	0.015459482094033763	1	1	487	214	3	3	G
F8_BC68_191109_LF_LIB_consensus_vsearch	733	A	*/-C	674	16	2.25%	2	2	93	93	1.397415412378021E-5	1	1	478	196	3	13	-C
F8_BC68_191109_LF_LIB_consensus_vsearch	734	C	C	686	4	0.58%	2	1	93	93	0.062228162556719	1	1	484	202	4	0	+A
F8_BC68_191109_LF_LIB_consensus_vsearch	735	C	*/-TC	694	8	1.13%	2	1	93	93	0.003828708790007478	1	1	490	204	0	8	-TC
F8_BC68_191109_LF_LIB_consensus_vsearch	736	T	*/+C	666	12	1.72%	2	1	93	93	2.3244529801020794E-4	1	1	466	200	12	0	+C
F8_BC68_191109_LF_LIB_consensus_vsearch	737	C	C	681	5	0.73%	2	2	93	93	0.03102231393388721	1	1	479	202	2	3	T
F8_BC68_191109_LF_LIB_consensus_vsearch	738	C	*/-AC	629	60	8.5%	2	1	93	93	2.2645941718917586E-19	1	1	415	214	60	0	-AC
F8_BC68_191109_LF_LIB_consensus_vsearch	739	A	R	619	8	1.26%	2	1	93	93	0.0038194819837437974	1	1	404	215	8	0	G
F8_BC68_191109_LF_LIB_consensus_vsearch	740	C	C	639	3	0.46%	2	1	93	93	0.12470771628999812	1	1	423	216	3	0	T
F8_BC68_191109_LF_LIB_consensus_vsearch	741	G	*/-C	646	31	4.37%	2	2	93	93	3.2769599425121425E-10	1	1	464	182	16	15	-C
F8_BC68_191109_LF_LIB_consensus_vsearch	742	C	*/+T	618	30	4.44%	2	2	93	93	6.605735361461453E-10	1	1	470	148	1	29	+T
F8_BC68_191109_LF_LIB_consensus_vsearch	743	C	Y	665	26	3.68%	2	2	93	93	1.172634353145501E-8	1	1	485	180	2	24	T
F8_BC68_191109_LF_LIB_consensus_vsearch	744	C	*/-T	695	7	0.98%	2	2	93	93	0.007695980114598385	1	1	487	208	5	2	-T
F8_BC68_191109_LF_LIB_consensus_vsearch	745	T	*/-C	611	54	7.66%	2	2	93	93	1.8087509554078063E-17	1	1	420	191	43	11	-C
F8_BC68_191109_LF_LIB_consensus_vsearch	746	C	C	648	1	0.15%	2	1	93	93	0.4999999999999138	1	1	450	198	1	0	A
F8_BC68_191109_LF_LIB_consensus_vsearch	747	C	*/+T	683	9	1.28%	2	1	93	93	0.0019026700524163046	1	1	491	192	0	9	+T
F8_BC68_191109_LF_LIB_consensus_vsearch	748	T	Y	676	11	1.57%	2	2	93	93	4.689770401652236E-4	1	1	486	190	2	9	C
F8_BC68_191109_LF_LIB_consensus_vsearch	749	A	R	680	19	2.7%	2	2	93	93	1.6849779450437953E-6	1	1	472	208	16	3	G
F8_BC68_191109_LF_LIB_consensus_vsearch	750	C	*/-T	641	49	6.93%	2	2	93	93	7.342944764454517E-16	1	1	486	155	3	46	-T
F8_BC68_191109_LF_LIB_consensus_vsearch	751	T	*/+C	613	25	3.81%	2	2	93	93	2.3449723619124025E-8	1	1	450	163	22	3	+C
F8_BC68_191109_LF_LIB_consensus_vsearch	752	C	C	684	4	0.58%	2	1	93	93	0.06222737204525631	1	1	471	213	4	0	+TC
F8_BC68_191109_LF_LIB_consensus_vsearch	753	C	C	697	6	0.84%	2	2	93	93	0.015458541664756588	1	1	487	210	3	3	T
F8_BC68_191109_LF_LIB_consensus_vsearch	754	A	R	689	8	1.13%	2	2	93	93	0.0038281551540559158	1	1	480	209	5	3	G
F8_BC68_191109_LF_LIB_consensus_vsearch	755	T	T	695	6	0.85%	2	2	93	93	0.015458067431314672	1	1	486	209	1	5	C
F8_BC68_191109_LF_LIB_consensus_vsearch	756	G	*/+C	667	20	2.83%	2	1	93	93	8.288541780790994E-7	1	1	461	206	20	0	+C
F8_BC68_191109_LF_LIB_consensus_vsearch	757	C	C	692	5	0.71%	2	1	93	93	0.03102590594951147	1	1	489	203	0	5	T
F8_BC68_191109_LF_LIB_consensus_vsearch	758	C	C	684	6	0.85%	2	2	93	93	0.015455410077685248	1	1	480	204	1	5	T
F8_BC68_191109_LF_LIB_consensus_vsearch	759	G	R	683	17	2.4%	2	2	93	93	6.915081586262185E-6	1	1	471	212	14	3	A
F8_BC68_191109_LF_LIB_consensus_vsearch	760	G	G	697	4	0.56%	2	1	93	93	0.06223242971040495	1	1	480	217	4	0	+C
F8_BC68_191109_LF_LIB_consensus_vsearch	761	C	*/+A	676	19	2.68%	2	2	93	93	1.6837599518308374E-6	1	1	465	211	17	2	+A
F8_BC68_191109_LF_LIB_consensus_vsearch	762	A	A	700	4	0.56%	2	2	93	93	0.06223357032831275	1	1	487	213	3	1	G
F8_BC68_191109_LF_LIB_consensus_vsearch	763	A	R	694	7	0.98%	2	2	93	93	0.007695814373028502	1	1	484	210	4	3	G
F8_BC68_191109_LF_LIB_consensus_vsearch	764	G	R	612	60	8.5%	2	1	93	93	2.185456852354176E-19	1	1	406	206	60	0	A
F8_BC68_191109_LF_LIB_consensus_vsearch	765	C	C	684	2	0.29%	2	1	93	93	0.24981765134977552	1	1	478	206	2	0	A
F8_BC68_191109_LF_LIB_consensus_vsearch	766	C	*/-G	674	28	3.93%	2	1	93	93	2.830680200550398E-9	1	1	491	183	0	28	-G
F8_BC68_191109_LF_LIB_consensus_vsearch	767	G	K	674	7	1.02%	2	1	93	93	0.007692397626735055	1	1	495	179	0	7	T
F8_BC68_191109_LF_LIB_consensus_vsearch	768	G	G	711	1	0.14%	2	1	93	93	0.5000000000008233	1	1	496	215	0	1	-A
F8_BC68_191109_LF_LIB_consensus_vsearch	769	A	A	705	4	0.56%	2	2	93	93	0.062235449900223165	1	1	491	214	3	1	G
F8_BC68_191109_LF_LIB_consensus_vsearch	770	C	C	701	3	0.42%	2	1	93	93	0.12473347547949812	1	1	487	214	3	0	+G
F8_BC68_191109_LF_LIB_consensus_vsearch	771	A	R	680	15	2.12%	2	1	93	93	2.8274647910457938E-5	1	1	468	212	15	0	G
F8_BC68_191109_LF_LIB_consensus_vsearch	772	T	*/-G	660	19	2.69%	2	2	93	93	1.6787517559841914E-6	1	1	463	197	7	12	-G
F8_BC68_191109_LF_LIB_consensus_vsearch	773	G	R	660	21	3.06%	2	2	93	93	4.0773921541866735E-7	1	1	462	198	19	2	A
F8_BC68_191109_LF_LIB_consensus_vsearch	774	G	*/+A	682	14	1.97%	2	1	93	93	5.713604634080099E-5	1	1	469	213	14	0	+A
F8_BC68_191109_LF_LIB_consensus_vsearch	775	G	R	671	15	2.1%	2	2	93	93	2.824604152153984E-5	1	1	455	216	14	1	A
F8_BC68_191109_LF_LIB_consensus_vsearch	776	C	M	687	8	1.14%	2	1	93	93	0.003827931479801315	1	1	471	216	8	0	A
F8_BC68_191109_LF_LIB_consensus_vsearch	777	C	Y	667	16	2.25%	2	2	93	93	1.3961419186123196E-5	1	1	455	212	13	3	T
F8_BC68_191109_LF_LIB_consensus_vsearch	778	A	*/-T	674	12	1.71%	2	2	93	93	2.3257953314238005E-4	1	1	466	208	10	2	-T
F8_BC68_191109_LF_LIB_consensus_vsearch	779	T	*/-G	663	11	1.58%	2	1	93	93	4.686094352243864E-4	1	1	455	208	11	0	-G
F8_BC68_191109_LF_LIB_consensus_vsearch	780	G	*/+C	651	16	2.3%	2	1	93	93	1.3931341326495143E-5	1	1	442	209	16	0	+C
F8_BC68_191109_LF_LIB_consensus_vsearch	781	C	C	687	5	0.71%	2	2	93	93	0.031024287366540265	1	1	482	205	1	4	T
F8_BC68_191109_LF_LIB_consensus_vsearch	782	A	*/-T	666	10	1.43%	2	2	93	93	9.443708371449778E-4	1	1	463	203	1	9	-T
F8_BC68_191109_LF_LIB_consensus_vsearch	783	T	T	672	4	0.58%	2	1	93	93	0.062222530712045386	1	1	470	202	0	4	-C
F8_BC68_191109_LF_LIB_consensus_vsearch	784	C	C	686	6	0.86%	2	2	93	93	0.0154558995074816	1	1	477	209	5	1	-G
F8_BC68_191109_LF_LIB_consensus_vsearch	785	G	R	673	21	3%	2	1	93	93	4.089547104479117E-7	1	1	461	212	21	0	A
F8_BC68_191109_LF_LIB_consensus_vsearch	786	G	G	699	4	0.56%	2	2	93	93	0.062233191204189284	1	1	489	210	2	2	A
F8_BC68_191109_LF_LIB_consensus_vsearch	787	T	T	703	2	0.28%	2	1	93	93	0.2498225691976094	1	1	492	211	0	2	A
F8_BC68_191109_LF_LIB_consensus_vsearch	788	A	*/-C	678	11	1.55%	2	1	93	93	4.6903237900469013E-4	1	1	467	211	11	0	-C
F8_BC68_191109_LF_LIB_consensus_vsearch	789	C	*/+T	684	7	1%	2	2	93	93	0.007694130650567804	1	1	475	209	4	3	+T
F8_BC68_191109_LF_LIB_consensus_vsearch	790	T	*/+G	635	31	4.4%	2	1	93	93	3.2575507974593874E-10	1	1	439	196	31	0	+G
F8_BC68_191109_LF_LIB_consensus_vsearch	791	A	*/-G	641	31	4.43%	2	2	93	93	3.268203953458256E-10	1	1	441	200	24	7	-G
F8_BC68_191109_LF_LIB_consensus_vsearch	792	G	R	663	13	1.91%	2	1	93	93	1.1516497802969439E-4	1	1	454	209	13	0	A
F8_BC68_191109_LF_LIB_consensus_vsearch	793	G	R	699	11	1.54%	2	1	93	93	4.695948432091781E-4	1	1	484	215	11	0	A
F8_BC68_191109_LF_LIB_consensus_vsearch	794	C	*/-T	664	16	2.24%	2	2	93	93	1.395588378519507E-5	1	1	458	206	11	5	-T
F8_BC68_191109_LF_LIB_consensus_vsearch	795	T	T	664	4	0.6%	2	1	93	93	0.06221920648703073	1	1	453	211	4	0	A
F8_BC68_191109_LF_LIB_consensus_vsearch	796	T	*/-A	611	39	5.67%	2	2	93	93	1.0108524704338823E-12	1	1	407	204	37	2	-A
F8_BC68_191109_LF_LIB_consensus_vsearch	797	A	M	645	9	1.37%	2	1	93	93	0.0018997598786030976	1	1	440	205	9	0	C
F8_BC68_191109_LF_LIB_consensus_vsearch	798	A	R	691	12	1.7%	2	2	93	93	2.3285479693682914E-4	1	1	487	204	7	5	G
F8_BC68_191109_LF_LIB_consensus_vsearch	799	G	G	704	3	0.42%	2	2	93	93	0.12473460721856874	1	1	493	211	1	2	+C
F8_BC68_191109_LF_LIB_consensus_vsearch	800	C	C	699	5	0.7%	2	2	93	93	0.031028133354538395	1	1	492	207	2	3	T
F8_BC68_191109_LF_LIB_consensus_vsearch	801	G	G	703	2	0.28%	2	1	93	93	0.2498225691976094	1	1	490	213	2	0	+C
F8_BC68_191109_LF_LIB_consensus_vsearch	802	C	C	705	2	0.28%	2	1	93	93	0.24982307147908459	1	1	491	214	2	0	T
F8_BC68_191109_LF_LIB_consensus_vsearch	803	C	Y	696	12	1.69%	2	2	93	93	2.329332801024354E-4	1	1	493	203	2	10	T
F8_BC68_191109_LF_LIB_consensus_vsearch	804	A	A	699	4	0.56%	2	1	93	93	0.062233191204189284	1	1	484	215	4	0	-T
F8_BC68_191109_LF_LIB_consensus_vsearch	805	T	*/-C	686	18	2.54%	2	1	93	93	3.4172155648017084E-6	1	1	470	216	18	0	-C
F8_BC68_191109_LF_LIB_consensus_vsearch	806	C	C	693	1	0.14%	2	1	93	93	0.4999999999990043	1	1	477	216	0	1	+G
F8_BC68_191109_LF_LIB_consensus_vsearch	807	C	C	707	2	0.28%	2	1	93	93	0.24982357092413102	1	1	490	217	2	0	+G
F8_BC68_191109_LF_LIB_consensus_vsearch	808	A	*/-T	610	62	8.72%	2	2	93	93	4.960702571822392E-20	1	1	403	207	56	6	-T
F8_BC68_191109_LF_LIB_consensus_vsearch	809	T	T	642	3	0.46%	2	2	93	93	0.12470907680372435	1	1	433	209	2	1	C
F8_BC68_191109_LF_LIB_consensus_vsearch	810	T	T	704	5	0.7%	2	2	93	93	0.03102969743972635	1	1	490	214	3	2	C
F8_BC68_191109_LF_LIB_consensus_vsearch	811	T	Y	703	7	0.98%	2	2	93	93	0.007697289287406505	1	1	490	213	3	4	C
F8_BC68_191109_LF_LIB_consensus_vsearch	812	T	*/+C	680	21	2.95%	2	1	93	93	4.095916972542259E-7	1	1	464	216	21	0	+C
F8_BC68_191109_LF_LIB_consensus_vsearch	813	C	C	696	6	0.84%	2	1	93	93	0.015458304885326069	1	1	482	214	6	0	-A
F8_BC68_191109_LF_LIB_consensus_vsearch	814	A	R	645	27	3.82%	2	2	93	93	5.707952499115521E-9	1	1	453	192	26	1	G
F8_BC68_191109_LF_LIB_consensus_vsearch	815	G	G	687	3	0.43%	2	1	93	93	0.12472806381429648	1	1	489	198	3	0	+A
F8_BC68_191109_LF_LIB_consensus_vsearch	816	G	G	707	2	0.28%	2	1	93	93	0.24982357092413102	1	1	493	214	2	0	A
F8_BC68_191109_LF_LIB_consensus_vsearch	817	G	R	693	8	1.12%	2	1	93	93	0.0038285986916817977	1	1	477	216	8	0	A
F8_BC68_191109_LF_LIB_consensus_vsearch	818	C	C	701	3	0.42%	2	1	93	93	0.12473347547949812	1	1	485	216	3	0	A
F8_BC68_191109_LF_LIB_consensus_vsearch	819	C	C	685	6	0.84%	2	1	93	93	0.015455655146227827	1	1	473	212	6	0	+A
F8_BC68_191109_LF_LIB_consensus_vsearch	820	G	*/-A	681	15	2.12%	2	1	93	93	2.827778200608379E-5	1	1	466	215	15	0	-A
F8_BC68_191109_LF_LIB_consensus_vsearch	821	A	*/-G	675	13	1.86%	2	2	93	93	1.1528308332773016E-4	1	1	462	213	11	2	-G
F8_BC68_191109_LF_LIB_consensus_vsearch	822	G	G	687	6	0.86%	2	1	93	93	0.015456143164561733	1	1	474	213	6	0	A
F8_BC68_191109_LF_LIB_consensus_vsearch	823	C	Y	686	11	1.55%	2	2	93	93	4.69250597951495E-4	1	1	483	203	8	3	T
F8_BC68_191109_LF_LIB_consensus_vsearch	824	G	G	703	4	0.56%	2	2	93	93	0.06223470126280326	1	1	493	210	2	2	-A
F8_BC68_191109_LF_LIB_consensus_vsearch	825	A	A	692	5	0.71%	2	2	93	93	0.03102590594951147	1	1	488	204	1	4	-T
F8_BC68_191109_LF_LIB_consensus_vsearch	826	T	*/+C	695	8	1.13%	2	1	93	93	0.003828818576574826	1	1	494	201	0	8	+C
F8_BC68_191109_LF_LIB_consensus_vsearch	827	T	*/-C	693	10	1.4%	2	2	93	93	9.455956940415569E-4	1	1	489	204	1	9	-C
F8_BC68_191109_LF_LIB_consensus_vsearch	828	C	*/-G	686	7	1%	2	2	93	93	0.007694471271058793	1	1	492	194	2	5	-G
F8_BC68_191109_LF_LIB_consensus_vsearch	829	G	R	696	8	1.13%	2	1	93	93	0.0038289280527219385	1	1	484	212	8	0	A
F8_BC68_191109_LF_LIB_consensus_vsearch	830	G	G	706	3	0.42%	2	1	93	93	0.12473535638698469	1	1	490	216	3	0	+C
F8_BC68_191109_LF_LIB_consensus_vsearch	831	C	*/-A	680	9	1.26%	2	2	93	93	0.0019024518910627653	1	1	469	211	7	2	-A
F8_BC68_191109_LF_LIB_consensus_vsearch	832	A	R	613	74	10.56%	2	1	93	93	6.626989734979641E-24	1	1	404	209	74	0	G
F8_BC68_191109_LF_LIB_consensus_vsearch	833	G	G	690	3	0.43%	2	2	93	93	0.12472924187740676	1	1	481	209	2	1	T
F8_BC68_191109_LF_LIB_consensus_vsearch	834	G	G	704	2	0.28%	2	1	93	93	0.24982282069449002	1	1	489	215	2	0	-T
F8_BC68_191109_LF_LIB_consensus_vsearch	835	T	*/-A	604	47	6.64%	2	2	93	93	3.003116441304026E-15	1	1	434	170	46	1	-A
F8_BC68_191109_LF_LIB_consensus_vsearch	836	A	R	607	14	2.23%	2	2	93	93	5.6677339765541744E-5	1	1	431	176	11	3	G
F8_BC68_191109_LF_LIB_consensus_vsearch	837	A	R	640	23	3.4%	2	2	93	93	9.817761644383198E-8	1	1	462	178	21	2	G
F8_BC68_191109_LF_LIB_consensus_vsearch	838	G	G	682	5	0.71%	2	2	93	93	0.031022645232238563	1	1	473	209	4	1	-T
F8_BC68_191109_LF_LIB_consensus_vsearch	839	T	T	689	6	0.86%	2	2	93	93	0.015456628378269563	1	1	482	207	3	3	C
F8_BC68_191109_LF_LIB_consensus_vsearch	840	T	T	685	5	0.71%	2	2	93	93	0.0310236333677177	1	1	478	207	1	4	A
F8_BC68_191109_LF_LIB_consensus_vsearch	841	G	R	665	16	2.28%	2	2	93	93	1.3957734156234404E-5	1	1	459	206	14	2	A
F8_BC68_191109_LF_LIB_consensus_vsearch	842	T	T	690	6	0.85%	2	2	93	93	0.015456869940904113	1	1	481	209	4	2	C
F8_BC68_191109_LF_LIB_consensus_vsearch	843	T	T	689	5	0.71%	2	2	93	93	0.031024937597504795	1	1	482	207	4	1	C
F8_BC68_191109_LF_LIB_consensus_vsearch	844	A	R	683	13	1.85%	2	2	93	93	1.1535960161590476E-4	1	1	475	208	8	5	G
F8_BC68_191109_LF_LIB_consensus_vsearch	845	C	Y	686	7	0.99%	2	2	93	93	0.007694471271058793	1	1	478	208	6	1	T
F8_BC68_191109_LF_LIB_consensus_vsearch	846	A	R	676	21	2.99%	2	2	93	93	4.0922917346922124E-7	1	1	468	208	18	3	G
F8_BC68_191109_LF_LIB_consensus_vsearch	847	C	*/-AC	534	151	21.45%	2	2	93	93	3.16996832346933E-50	1	1	334	200	149	2	-AC
F8_BC68_191109_LF_LIB_consensus_vsearch	848	A	R	518	24	4.34%	2	1	93	93	4.5945580835539886E-8	1	1	313	205	24	0	G
F8_BC68_191109_LF_LIB_consensus_vsearch	849	C	*/-T	508	14	2.53%	2	2	93	93	5.587633141279175E-5	1	1	319	189	5	9	-T
F8_BC68_191109_LF_LIB_consensus_vsearch	850	T	Y	671	17	2.45%	2	2	93	93	6.903090914510574E-6	1	1	484	187	1	16	C
F8_BC68_191109_LF_LIB_consensus_vsearch	851	T	*/-CT	638	27	3.8%	2	1	93	93	5.691639976815723E-9	1	1	482	156	0	27	-CT
F8_BC68_191109_LF_LIB_consensus_vsearch	852	C	*/-T	650	10	1.51%	2	2	93	93	9.435981797922699E-4	1	1	489	161	2	8	-T
F8_BC68_191109_LF_LIB_consensus_vsearch	853	T	T	653	5	0.76%	2	2	93	93	0.031012628902566248	1	1	485	168	4	1	C
F8_BC68_191109_LF_LIB_consensus_vsearch	854	T	T	691	4	0.57%	2	2	93	93	0.06223011892275293	1	1	490	201	2	2	C
F8_BC68_191109_LF_LIB_consensus_vsearch	855	A	R	685	22	3.09%	2	1	93	93	2.0197271389329357E-7	1	1	471	214	22	0	G
F8_BC68_191109_LF_LIB_consensus_vsearch	856	G	G	700	2	0.28%	2	1	93	93	0.2498218104060075	1	1	486	214	2	0	+C
F8_BC68_191109_LF_LIB_consensus_vsearch	857	C	C	697	5	0.71%	2	2	93	93	0.03102750148427654	1	1	489	208	2	3	+G
F8_BC68_191109_LF_LIB_consensus_vsearch	858	G	G	701	5	0.7%	2	2	93	93	0.03102876164621499	1	1	488	213	4	1	A
F8_BC68_191109_LF_LIB_consensus_vsearch	859	G	G	703	5	0.7%	2	2	93	93	0.0310293863893414	1	1	488	215	4	1	-A
F8_BC68_191109_LF_LIB_consensus_vsearch	860	A	A	699	3	0.42%	2	1	93	93	0.12473271560965893	1	1	483	216	3	0	G
F8_BC68_191109_LF_LIB_consensus_vsearch	861	T	T	708	3	0.42%	2	1	93	93	0.12473610133740937	1	1	492	216	3	0	C
F8_BC68_191109_LF_LIB_consensus_vsearch	862	G	G	702	5	0.7%	2	1	93	93	0.031029074459554294	1	1	487	215	5	0	-C
F8_BC68_191109_LF_LIB_consensus_vsearch	863	C	C	699	2	0.28%	2	1	93	93	0.24982155603092132	1	1	485	214	0	2	T
F8_BC68_191109_LF_LIB_consensus_vsearch	864	C	C	694	6	0.84%	2	2	93	93	0.015457829299773128	1	1	485	209	2	4	T
F8_BC68_191109_LF_LIB_consensus_vsearch	865	G	G	698	4	0.56%	2	2	93	93	0.06223281099972274	1	1	486	212	3	1	-A
F8_BC68_191109_LF_LIB_consensus_vsearch	866	A	*/+T	678	12	1.69%	2	1	93	93	2.3264550198641236E-4	1	1	480	198	0	12	+T
F8_BC68_191109_LF_LIB_consensus_vsearch	867	C	*/-T	643	41	5.78%	2	2	93	93	2.4516802395692214E-13	1	1	443	200	30	11	-T
F8_BC68_191109_LF_LIB_consensus_vsearch	868	T	T	643	5	0.77%	2	2	93	93	0.0310089672038603	1	1	442	201	4	1	C
F8_BC68_191109_LF_LIB_consensus_vsearch	869	T	*/-C	622	36	5.19%	2	2	93	93	8.896556977781986E-12	1	1	441	181	10	26	-C
F8_BC68_191109_LF_LIB_consensus_vsearch	870	C	S	636	8	1.22%	2	1	93	93	0.0038217607852032995	1	1	450	186	8	0	G
F8_BC68_191109_LF_LIB_consensus_vsearch	871	C	C	672	6	0.86%	2	2	93	93	0.01545241295226696	1	1	463	209	5	1	+G
F8_BC68_191109_LF_LIB_consensus_vsearch	872	A	R	673	11	1.57%	2	2	93	93	4.6889343279630895E-4	1	1	463	210	8	3	G
F8_BC68_191109_LF_LIB_consensus_vsearch	873	T	*/-G	656	22	3.14%	2	2	93	93	2.0052157865230884E-7	1	1	452	204	18	4	-G
F8_BC68_191109_LF_LIB_consensus_vsearch	874	G	R	633	47	6.86%	2	1	93	93	3.119569619871395E-15	1	1	420	213	47	0	A
F8_BC68_191109_LF_LIB_consensus_vsearch	875	G	R	676	17	2.39%	2	1	93	93	6.908135569192966E-6	1	1	459	217	17	0	A
F8_BC68_191109_LF_LIB_consensus_vsearch	876	C	M	687	12	1.7%	2	1	93	93	2.3279121466020827E-4	1	1	472	215	12	0	A
F8_BC68_191109_LF_LIB_consensus_vsearch	877	C	Y	683	20	2.81%	2	2	93	93	8.315421818188681E-7	1	1	469	214	18	2	T
F8_BC68_191109_LF_LIB_consensus_vsearch	878	A	R	677	12	1.7%	2	2	93	93	2.3262908044286573E-4	1	1	462	215	11	1	G
F8_BC68_191109_LF_LIB_consensus_vsearch	879	C	C	698	4	0.57%	2	2	93	93	0.06223281099972274	1	1	483	215	2	2	T
F8_BC68_191109_LF_LIB_consensus_vsearch	880	C	C	690	4	0.56%	2	1	93	93	0.0622297299056776	1	1	479	211	4	0	A
F8_BC68_191109_LF_LIB_consensus_vsearch	881	G	R	688	18	2.53%	2	2	93	93	3.4182943548587025E-6	1	1	472	216	17	1	A
F8_BC68_191109_LF_LIB_consensus_vsearch	882	T	*/-C	671	32	4.49%	2	1	93	93	1.6229591511397923E-10	1	1	457	214	32	0	-C
F8_BC68_191109_LF_LIB_consensus_vsearch	883	C	*/+A	661	14	2.06%	2	1	93	93	5.7017634264194104E-5	1	1	445	216	14	0	+A
F8_BC68_191109_LF_LIB_consensus_vsearch	884	C	C	702	6	0.84%	2	2	93	93	0.015459715543402319	1	1	488	214	4	2	-T
F8_BC68_191109_LF_LIB_consensus_vsearch	885	T	Y	679	11	1.56%	2	2	93	93	4.6905992963037265E-4	1	1	479	200	3	8	C
F8_BC68_191109_LF_LIB_consensus_vsearch	886	G	R	688	10	1.42%	2	1	93	93	9.453759502338604E-4	1	1	475	213	10	0	A
F8_BC68_191109_LF_LIB_consensus_vsearch	887	C	C	694	4	0.56%	2	2	93	93	0.06223127928418964	1	1	484	210	2	2	-T
F8_BC68_191109_LF_LIB_consensus_vsearch	888	T	Y	684	13	1.84%	2	2	93	93	1.1536904529305717E-4	1	1	480	204	5	8	C
F8_BC68_191109_LF_LIB_consensus_vsearch	889	G	R	696	9	1.27%	2	1	93	93	0.0019035941099604125	1	1	480	216	9	0	A
F8_BC68_191109_LF_LIB_consensus_vsearch	890	T	Y	694	10	1.41%	2	2	93	93	9.456392717556314E-4	1	1	480	214	7	3	C
F8_BC68_191109_LF_LIB_consensus_vsearch	891	C	C	707	2	0.28%	2	1	93	93	0.24982357092413102	1	1	490	217	2	0	A
F8_BC68_191109_LF_LIB_consensus_vsearch	892	A	*/-TCA	691	16	2.25%	2	2	93	93	1.4004065832173002E-5	1	1	489	202	2	14	-TCA
F8_BC68_191109_LF_LIB_consensus_vsearch	893	T	T	688	4	0.57%	2	1	93	93	0.06222894849693128	1	1	486	202	4	0	-C
F8_BC68_191109_LF_LIB_consensus_vsearch	894	C	C	684	4	0.58%	2	2	93	93	0.06222737204525631	1	1	483	201	3	1	-ACC
F8_BC68_191109_LF_LIB_consensus_vsearch	895	A	R	677	7	1.01%	2	1	93	93	0.007692922838799737	1	1	478	199	7	0	G
F8_BC68_191109_LF_LIB_consensus_vsearch	896	C	C	699	2	0.28%	2	1	93	93	0.24982155603092132	1	1	487	212	2	0	+AC
F8_BC68_191109_LF_LIB_consensus_vsearch	897	C	Y	667	37	5.23%	2	2	93	93	4.476844582384101E-12	1	1	485	182	6	31	T
F8_BC68_191109_LF_LIB_consensus_vsearch	898	G	*/-C	696	7	0.98%	2	1	93	93	0.007696145385976602	1	1	481	215	7	0	-C
F8_BC68_191109_LF_LIB_consensus_vsearch	899	C	C	700	1	0.14%	2	1	93	93	0.5000000000008233	1	1	484	216	1	0	A
F8_BC68_191109_LF_LIB_consensus_vsearch	900	C	C	704	2	0.28%	2	1	93	93	0.24982282069449002	1	1	489	215	2	0	T
F8_BC68_191109_LF_LIB_consensus_vsearch	901	C	Y	689	19	2.67%	2	2	93	93	1.6876705612025E-6	1	1	493	196	1	18	T
F8_BC68_191109_LF_LIB_consensus_vsearch	902	G	G	707	2	0.28%	2	1	93	93	0.24982357092413102	1	1	493	214	2	0	A
F8_BC68_191109_LF_LIB_consensus_vsearch	903	A	R	695	13	1.83%	2	2	93	93	1.1547119868329472E-4	1	1	483	212	11	2	G
F8_BC68_191109_LF_LIB_consensus_vsearch	904	C	*/-GC	691	7	0.99%	2	1	93	93	0.007695314307205932	1	1	481	210	7	0	-GC
F8_BC68_191109_LF_LIB_consensus_vsearch	905	G	*/-C	681	13	1.86%	2	2	93	93	1.1534063420715205E-4	1	1	471	210	8	5	-C
F8_BC68_191109_LF_LIB_consensus_vsearch	906	C	C	678	4	0.58%	2	1	93	93	0.06222497268251083	1	1	469	209	4	0	A
F8_BC68_191109_LF_LIB_consensus_vsearch	907	C	*/-T	483	132	18.62%	2	2	93	93	6.880412644194925E-44	1	1	389	94	66	66	-T
F8_BC68_191109_LF_LIB_consensus_vsearch	908	T	T	520	2	0.38%	2	1	93	93	0.24976030680711092	1	1	406	114	2	0	A
F8_BC68_191109_LF_LIB_consensus_vsearch	909	T	Y	646	7	1.06%	2	2	93	93	0.007687263657391494	1	1	470	176	2	5	C
F8_BC68_191109_LF_LIB_consensus_vsearch	910	T	Y	683	8	1.15%	2	2	93	93	0.003827480265442575	1	1	481	202	5	3	C
F8_BC68_191109_LF_LIB_consensus_vsearch	911	T	T	694	6	0.85%	2	1	93	93	0.015457829299773128	1	1	480	214	6	0	G
F8_BC68_191109_LF_LIB_consensus_vsearch	912	T	Y	687	17	2.39%	2	1	93	93	6.918991048984209E-6	1	1	475	212	17	0	C
F8_BC68_191109_LF_LIB_consensus_vsearch	913	A	R	691	9	1.27%	2	2	93	93	0.0019032427370135523	1	1	481	210	7	2	G
F8_BC68_191109_LF_LIB_consensus_vsearch	914	C	C	709	0	0%	2	0	93	0	1.0	1	0	495	214	0	0	
F8_BC68_191109_LF_LIB_consensus_vsearch	915	A	A	704	3	0.42%	2	2	93	93	0.12473460721856874	1	1	491	213	1	2	G
F8_BC68_191109_LF_LIB_consensus_vsearch	916	T	T	704	5	0.7%	2	2	93	93	0.03102969743972635	1	1	491	213	3	2	C
F8_BC68_191109_LF_LIB_consensus_vsearch	917	C	C	708	1	0.14%	2	1	93	93	0.4999999999990043	1	1	493	215	1	0	A
F8_BC68_191109_LF_LIB_consensus_vsearch	918	C	C	705	5	0.7%	2	1	93	93	0.031030007614295013	1	1	488	217	5	0	-A
F8_BC68_191109_LF_LIB_consensus_vsearch	919	A	A	697	6	0.85%	2	1	93	93	0.015458541664756588	1	1	480	217	6	0	-T
F8_BC68_191109_LF_LIB_consensus_vsearch	920	T	T	695	6	0.85%	2	2	93	93	0.015458067431314672	1	1	479	216	5	1	C
F8_BC68_191109_LF_LIB_consensus_vsearch	921	T	T	702	4	0.56%	2	2	93	93	0.062234325352884735	1	1	493	209	1	3	-G
F8_BC68_191109_LF_LIB_consensus_vsearch	922	G	G	697	6	0.85%	2	2	93	93	0.015458541664756588	1	1	485	212	5	1	A
F8_BC68_191109_LF_LIB_consensus_vsearch	923	G	*/-C	628	55	7.72%	2	1	93	93	8.942539027435049E-18	1	1	415	213	55	0	-C
F8_BC68_191109_LF_LIB_consensus_vsearch	924	C	C	651	2	0.3%	2	1	93	93	0.24980842911872617	1	1	437	214	0	2	+T
F8_BC68_191109_LF_LIB_consensus_vsearch	925	C	C	702	5	0.7%	2	2	93	93	0.031029074459554294	1	1	489	213	1	4	-T
F8_BC68_191109_LF_LIB_consensus_vsearch	926	T	*/+G	633	56	7.91%	2	2	93	93	4.329648978227299E-18	1	1	432	201	55	1	+G
F8_BC68_191109_LF_LIB_consensus_vsearch	927	A	*/-G	651	54	7.57%	2	1	93	93	1.9324808442338977E-17	1	1	436	215	54	0	-G
F8_BC68_191109_LF_LIB_consensus_vsearch	928	G	G	653	2	0.3%	2	1	93	93	0.24980901451468024	1	1	437	216	2	0	+A
F8_BC68_191109_LF_LIB_consensus_vsearch	929	A	A	700	4	0.56%	2	1	93	93	0.06223357032831275	1	1	488	212	4	0	G
F8_BC68_191109_LF_LIB_consensus_vsearch	930	C	*/-T	672	20	2.81%	2	2	93	93	8.297067812230699E-7	1	1	488	184	1	19	-T
F8_BC68_191109_LF_LIB_consensus_vsearch	931	T	T	677	2	0.29%	2	1	93	93	0.24981577008147704	1	1	487	190	2	0	C
F8_BC68_191109_LF_LIB_consensus_vsearch	932	T	T	697	4	0.57%	2	1	93	93	0.06223242971040495	1	1	488	209	4	0	C
F8_BC68_191109_LF_LIB_consensus_vsearch	933	T	*/-G	678	15	2.11%	2	2	93	93	2.826835334515371E-5	1	1	483	195	6	9	-G
F8_BC68_191109_LF_LIB_consensus_vsearch	934	G	R	675	7	1.01%	2	2	93	93	0.007692573209303539	1	1	482	193	2	5	A
F8_BC68_191109_LF_LIB_consensus_vsearch	935	G	G	702	5	0.7%	2	1	93	93	0.031029074459554294	1	1	494	208	0	5	-C
F8_BC68_191109_LF_LIB_consensus_vsearch	936	C	Y	684	11	1.56%	2	2	93	93	4.691965083280461E-4	1	1	487	197	3	8	T
F8_BC68_191109_LF_LIB_consensus_vsearch	937	A	*/-C	684	10	1.41%	2	2	93	93	9.451978971244695E-4	1	1	478	206	5	5	-C
F8_BC68_191109_LF_LIB_consensus_vsearch	938	C	Y	678	7	1.01%	2	2	93	93	0.007693096890205231	1	1	478	200	1	6	T
F8_BC68_191109_LF_LIB_consensus_vsearch	939	C	*/-T	673	9	1.27%	2	2	93	93	0.001901935436692325	1	1	482	191	2	7	-T
F8_BC68_191109_LF_LIB_consensus_vsearch	940	T	T	681	5	0.72%	2	1	93	93	0.03102231393388721	1	1	475	206	5	0	A
F8_BC68_191109_LF_LIB_consensus_vsearch	941	T	Y	694	9	1.27%	2	2	93	93	0.001903454156451721	1	1	489	205	4	5	C
F8_BC68_191109_LF_LIB_consensus_vsearch	942	A	R	690	11	1.55%	2	1	93	93	4.6935786269801464E-4	1	1	477	213	11	0	G
F8_BC68_191109_LF_LIB_consensus_vsearch	943	G	G	699	4	0.57%	2	1	93	93	0.062233191204189284	1	1	486	213	4	0	A
F8_BC68_191109_LF_LIB_consensus_vsearch	944	C	C	692	5	0.71%	2	2	93	93	0.03102590594951147	1	1	486	206	2	3	-AT
F8_BC68_191109_LF_LIB_consensus_vsearch	945	A	R	687	7	1%	2	2	93	93	0.00769464084724551	1	1	477	210	5	2	G
F8_BC68_191109_LF_LIB_consensus_vsearch	946	T	Y	691	8	1.13%	2	2	93	93	0.0038283775544042174	1	1	485	206	4	4	C
F8_BC68_191109_LF_LIB_consensus_vsearch	947	G	R	690	16	2.26%	2	2	93	93	1.400234490765896E-5	1	1	477	213	15	1	A
F8_BC68_191109_LF_LIB_consensus_vsearch	948	G	G	706	4	0.56%	2	2	93	93	0.0622358226367427	1	1	491	215	2	2	A
F8_BC68_191109_LF_LIB_consensus_vsearch	949	C	C	703	5	0.7%	2	2	93	93	0.0310293863893414	1	1	490	213	1	4	T
F8_BC68_191109_LF_LIB_consensus_vsearch	950	G	R	698	8	1.12%	2	1	93	93	0.0038291460789557676	1	1	484	214	8	0	A
F8_BC68_191109_LF_LIB_consensus_vsearch	951	T	Y	699	8	1.13%	2	2	93	93	0.003829254631650171	1	1	491	208	4	4	C
F8_BC68_191109_LF_LIB_consensus_vsearch	952	T	T	701	6	0.84%	2	2	93	93	0.015459482094033763	1	1	488	213	4	2	+C
F8_BC68_191109_LF_LIB_consensus_vsearch	953	C	C	697	4	0.56%	2	1	93	93	0.06223242971040495	1	1	489	208	0	4	-G
F8_BC68_191109_LF_LIB_consensus_vsearch	954	G	R	694	11	1.56%	2	2	93	93	4.6946392519066994E-4	1	1	486	208	7	4	A
F8_BC68_191109_LF_LIB_consensus_vsearch	955	G	*/+T	689	13	1.83%	2	2	93	93	1.1541586787677064E-4	1	1	477	212	12	1	+T
F8_BC68_191109_LF_LIB_consensus_vsearch	956	T	Y	683	27	3.79%	2	2	93	93	5.791510101585477E-9	1	1	493	190	1	26	C
F8_BC68_191109_LF_LIB_consensus_vsearch	957	T	T	699	6	0.84%	2	2	93	93	0.01545901321150471	1	1	491	208	2	4	C
F8_BC68_191109_LF_LIB_consensus_vsearch	958	G	G	706	2	0.28%	2	1	93	93	0.24982332155411754	1	1	492	214	2	0	+A
F8_BC68_191109_LF_LIB_consensus_vsearch	959	A	A	697	5	0.7%	2	1	93	93	0.03102750148427654	1	1	489	208	5	0	G
F8_BC68_191109_LF_LIB_consensus_vsearch	960	T	*/-C	523	161	22.71%	2	2	93	93	7.726078537880515E-54	1	1	331	192	153	8	-C
F8_BC68_191109_LF_LIB_consensus_vsearch	961	C	C	539	4	0.74%	2	2	93	93	0.06215453744719031	1	1	336	203	1	3	T
F8_BC68_191109_LF_LIB_consensus_vsearch	962	C	*/+A	678	16	2.26%	2	1	93	93	1.3981319678996957E-5	1	1	470	208	16	0	+A
F8_BC68_191109_LF_LIB_consensus_vsearch	963	C	Y	626	54	7.58%	2	2	93	93	1.855956028698189E-17	1	1	472	154	3	51	T
F8_BC68_191109_LF_LIB_consensus_vsearch	964	G	R	624	58	8.27%	2	1	93	93	9.786064207535752E-19	1	1	414	210	58	0	A
F8_BC68_191109_LF_LIB_consensus_vsearch	965	C	C	685	5	0.72%	2	1	93	93	0.0310236333677177	1	1	475	210	5	0	T
F8_BC68_191109_LF_LIB_consensus_vsearch	966	A	R	695	7	0.99%	2	1	93	93	0.007695980114598385	1	1	480	215	7	0	G
F8_BC68_191109_LF_LIB_consensus_vsearch	967	G	R	693	14	1.97%	2	1	93	93	5.7195329302271626E-5	1	1	477	216	14	0	A
F8_BC68_191109_LF_LIB_consensus_vsearch	968	C	*/-GC	696	8	1.13%	2	2	93	93	0.0038289280527219385	1	1	484	212	6	2	-GC
F8_BC68_191109_LF_LIB_consensus_vsearch	969	G	G	694	2	0.28%	2	1	93	93	0.24982027318421304	1	1	480	214	2	0	+C
F8_BC68_191109_LF_LIB_consensus_vsearch	970	C	C	692	4	0.57%	2	1	93	93	0.062230506821500255	1	1	477	215	4	0	+GC
F8_BC68_191109_LF_LIB_consensus_vsearch	971	C	C	701	2	0.28%	2	1	93	93	0.24982206405609253	1	1	490	211	0	2	+AA
F8_BC68_191109_LF_LIB_consensus_vsearch	972	A	R	700	7	0.99%	2	2	93	93	0.00769680180962235	1	1	488	212	5	2	G
F8_BC68_191109_LF_LIB_consensus_vsearch	973	G	G	705	4	0.56%	2	1	93	93	0.062235449900223165	1	1	490	215	4	0	+T
F8_BC68_191109_LF_LIB_consensus_vsearch	974	T	T	703	5	0.7%	2	2	93	93	0.0310293863893414	1	1	493	210	1	4	C
F8_BC68_191109_LF_LIB_consensus_vsearch	975	T	T	698	6	0.84%	2	2	93	93	0.015458777772499533	1	1	487	211	2	4	C
F8_BC68_191109_LF_LIB_consensus_vsearch	976	C	*/-T	698	7	0.98%	2	2	93	93	0.007696474526240225	1	1	485	213	6	1	-T
F8_BC68_191109_LF_LIB_consensus_vsearch	977	T	W	672	15	2.13%	2	2	93	93	2.8249255974551705E-5	1	1	461	211	14	1	A
F8_BC68_191109_LF_LIB_consensus_vsearch	978	G	S	663	16	2.27%	2	1	93	93	1.3954028146995765E-5	1	1	449	214	16	0	C
F8_BC68_191109_LF_LIB_consensus_vsearch	979	C	*/-T	609	30	4.32%	2	1	93	93	6.573096623015372E-10	1	1	408	201	30	0	-T
F8_BC68_191109_LF_LIB_consensus_vsearch	980	T	Y	642	10	1.52%	2	1	93	93	9.431977746219286E-4	1	1	425	217	10	0	C
F8_BC68_191109_LF_LIB_consensus_vsearch	981	T	*/-A	620	58	8.29%	2	1	93	93	9.710005374485778E-19	1	1	405	215	58	0	-A
F8_BC68_191109_LF_LIB_consensus_vsearch	982	A	*/-C	579	27	4.19%	2	2	93	93	5.541081824286399E-9	1	1	370	209	24	3	-C
F8_BC68_191109_LF_LIB_consensus_vsearch	983	C	S	586	61	9.06%	2	2	93	93	9.831046888468265E-20	1	1	390	196	59	2	G
F8_BC68_191109_LF_LIB_consensus_vsearch	984	C	*/-A	543	64	9.12%	2	2	93	93	9.390470666309953E-21	1	1	416	127	26	38	-A
F8_BC68_191109_LF_LIB_consensus_vsearch	985	A	A	625	6	0.93%	2	2	93	93	0.01543957837497876	1	1	455	170	2	4	T
F8_BC68_191109_LF_LIB_consensus_vsearch	986	A	R	701	7	0.98%	2	2	93	93	0.007696964759941648	1	1	490	211	2	5	G
F8_BC68_191109_LF_LIB_consensus_vsearch	987	A	R	704	7	0.98%	2	2	93	93	0.0076974508684143185	1	1	493	211	3	4	G
F8_BC68_191109_LF_LIB_consensus_vsearch	988	A	*/+T	682	12	1.68%	2	2	93	93	2.3271072238938135E-4	1	1	483	199	1	11	+T
F8_BC68_191109_LF_LIB_consensus_vsearch	989	C	C	702	3	0.42%	2	1	93	93	0.12473385379729661	1	1	494	208	0	3	+T
F8_BC68_191109_LF_LIB_consensus_vsearch	990	C	C	696	5	0.7%	2	2	93	93	0.03102718419759366	1	1	491	205	1	4	-A
F8_BC68_191109_LF_LIB_consensus_vsearch	991	A	W	692	9	1.27%	2	1	93	93	0.0019033134098504238	1	1	490	202	0	9	T
F8_BC68_191109_LF_LIB_consensus_vsearch	992	G	*/-C	657	35	4.93%	2	1	93	93	1.8726090941473264E-11	1	1	445	212	35	0	-C
F8_BC68_191109_LF_LIB_consensus_vsearch	993	C	C	661	5	0.74%	2	1	93	93	0.031015479120118133	1	1	455	206	0	5	+T
F8_BC68_191109_LF_LIB_consensus_vsearch	994	C	C	702	6	0.84%	2	1	93	93	0.015459715543402319	1	1	494	208	0	6	T
F8_BC68_191109_LF_LIB_consensus_vsearch	995	C	*/-AC	677	24	3.37%	2	1	93	93	4.8789064881971E-8	1	1	463	214	24	0	-AC
F8_BC68_191109_LF_LIB_consensus_vsearch	996	A	R	649	26	3.82%	2	1	93	93	1.1658650177601977E-8	1	1	436	213	26	0	G
F8_BC68_191109_LF_LIB_consensus_vsearch	997	C	*/-TT	654	13	1.9%	2	1	93	93	1.1507366676028227E-4	1	1	451	203	13	0	-TT
F8_BC68_191109_LF_LIB_consensus_vsearch	998	T	T	681	4	0.58%	2	1	93	93	0.0622261776199538	1	1	468	213	4	0	G
F8_BC68_191109_LF_LIB_consensus_vsearch	999	T	*/+G	671	13	1.87%	2	1	93	93	1.152441662388416E-4	1	1	472	199	0	13	+G
F8_BC68_191109_LF_LIB_consensus_vsearch	1000	G	G	698	4	0.57%	2	2	93	93	0.06223281099972274	1	1	487	211	1	3	A
F8_BC68_191109_LF_LIB_consensus_vsearch	1001	C	Y	690	19	2.67%	2	2	93	93	1.687965726191742E-6	1	1	493	197	2	17	T
F8_BC68_191109_LF_LIB_consensus_vsearch	1002	G	G	701	5	0.71%	2	2	93	93	0.03102876164621499	1	1	493	208	1	4	+CG
F8_BC68_191109_LF_LIB_consensus_vsearch	1003	T	*/-C	646	52	7.3%	2	2	93	93	8.279741937484874E-17	1	1	436	210	51	1	-C
F8_BC68_191109_LF_LIB_consensus_vsearch	1004	C	C	651	4	0.61%	2	1	93	93	0.06221363136624976	1	1	439	212	0	4	+T
F8_BC68_191109_LF_LIB_consensus_vsearch	1005	C	C	701	4	0.56%	2	2	93	93	0.06223394837614865	1	1	491	210	2	2	-T
F8_BC68_191109_LF_LIB_consensus_vsearch	1006	T	Y	689	10	1.41%	2	2	93	93	9.454201481114765E-4	1	1	486	203	4	6	C
F8_BC68_191109_LF_LIB_consensus_vsearch	1007	G	G	697	5	0.71%	2	2	93	93	0.03102750148427654	1	1	487	210	2	3	+C
F8_BC68_191109_LF_LIB_consensus_vsearch	1008	T	Y	692	7	0.98%	2	2	93	93	0.007695481471345102	1	1	479	213	5	2	C
F8_BC68_191109_LF_LIB_consensus_vsearch	1009	C	C	704	3	0.42%	2	2	93	93	0.12473460721856874	1	1	489	215	1	2	T
F8_BC68_191109_LF_LIB_consensus_vsearch	1010	A	*/-T	578	71	10%	2	2	93	93	5.587060721863796E-23	1	1	383	195	57	14	-T
F8_BC68_191109_LF_LIB_consensus_vsearch	1011	T	Y	625	7	1.1%	2	2	93	93	0.007683115604648609	1	1	433	192	2	5	C
F8_BC68_191109_LF_LIB_consensus_vsearch	1012	T	T	700	6	0.85%	2	2	93	93	0.015459247984384758	1	1	489	211	4	2	C
F8_BC68_191109_LF_LIB_consensus_vsearch	1013	T	T	706	3	0.42%	2	1	93	93	0.12473535638698469	1	1	494	212	0	3	+C
F8_BC68_191109_LF_LIB_consensus_vsearch	1014	T	*/-C	629	56	7.85%	2	2	93	93	4.299046781592484E-18	1	1	447	182	35	21	-C
F8_BC68_191109_LF_LIB_consensus_vsearch	1015	C	C	641	5	0.77%	2	1	93	93	0.031008221265678215	1	1	446	195	5	0	T
F8_BC68_191109_LF_LIB_consensus_vsearch	1016	C	C	696	5	0.71%	2	2	93	93	0.03102718419759366	1	1	481	215	4	1	T
F8_BC68_191109_LF_LIB_consensus_vsearch	1017	C	Y	696	8	1.13%	2	2	93	93	0.0038289280527219385	1	1	490	206	1	7	T
F8_BC68_191109_LF_LIB_consensus_vsearch	1018	G	R	702	7	0.99%	2	2	93	93	0.007697127251846029	1	1	488	214	6	1	A
F8_BC68_191109_LF_LIB_consensus_vsearch	1019	G	G	708	2	0.28%	2	1	93	93	0.24982381959094058	1	1	492	216	2	0	A
F8_BC68_191109_LF_LIB_consensus_vsearch	1020	C	C	704	2	0.28%	2	1	93	93	0.24982282069449002	1	1	488	216	2	0	+A
F8_BC68_191109_LF_LIB_consensus_vsearch	1021	G	G	694	6	0.85%	2	1	93	93	0.015457829299773128	1	1	486	208	0	6	-TG
F8_BC68_191109_LF_LIB_consensus_vsearch	1022	T	T	696	4	0.57%	2	2	93	93	0.06223204733082229	1	1	489	207	2	2	C
F8_BC68_191109_LF_LIB_consensus_vsearch	1023	G	G	687	5	0.71%	2	1	93	93	0.031024287366540265	1	1	478	209	5	0	A
F8_BC68_191109_LF_LIB_consensus_vsearch	1024	C	C	700	3	0.43%	2	2	93	93	0.12473309608558197	1	1	485	215	2	1	A
F8_BC68_191109_LF_LIB_consensus_vsearch	1025	C	Y	690	8	1.13%	2	2	93	93	0.0038282665127912204	1	1	478	212	5	3	T
F8_BC68_191109_LF_LIB_consensus_vsearch	1026	A	*/-CA	658	22	3.14%	2	2	93	93	2.0062534689674337E-7	1	1	472	186	1	21	-CA
F8_BC68_191109_LF_LIB_consensus_vsearch	1027	C	*/+A	618	33	4.82%	2	2	93	93	7.680018228688406E-11	1	1	431	187	32	1	+A
F8_BC68_191109_LF_LIB_consensus_vsearch	1028	A	R	650	11	1.66%	2	2	93	93	4.682275600724391E-4	1	1	463	187	9	2	G
F8_BC68_191109_LF_LIB_consensus_vsearch	1029	A	*/-G	687	7	0.99%	2	2	93	93	0.00769464084724551	1	1	478	209	6	1	-G
F8_BC68_191109_LF_LIB_consensus_vsearch	1030	G	G	698	3	0.43%	2	1	93	93	0.12473233404720117	1	1	488	210	0	3	T
F8_BC68_191109_LF_LIB_consensus_vsearch	1031	G	G	701	3	0.42%	2	1	93	93	0.12473347547949812	1	1	490	211	0	3	+C
F8_BC68_191109_LF_LIB_consensus_vsearch	1032	T	*/+C	685	15	2.11%	2	1	93	93	2.82902313308046E-5	1	1	470	215	15	0	+C
F8_BC68_191109_LF_LIB_consensus_vsearch	1033	C	*/-A	696	8	1.13%	2	1	93	93	0.0038289280527219385	1	1	480	216	8	0	-A
F8_BC68_191109_LF_LIB_consensus_vsearch	1034	A	R	670	24	3.41%	2	2	93	93	4.8688927370247796E-8	1	1	455	215	23	1	G
F8_BC68_191109_LF_LIB_consensus_vsearch	1035	C	C	694	4	0.57%	2	2	93	93	0.06223127928418964	1	1	481	213	3	1	T
F8_BC68_191109_LF_LIB_consensus_vsearch	1036	A	R	685	8	1.13%	2	1	93	93	0.003827706520627659	1	1	471	214	8	0	G
F8_BC68_191109_LF_LIB_consensus_vsearch	1037	G	R	674	27	3.83%	2	2	93	93	5.7724481415254115E-9	1	1	460	214	26	1	A
F8_BC68_191109_LF_LIB_consensus_vsearch	1038	C	C	700	5	0.7%	2	1	93	93	0.031028447945850964	1	1	486	214	5	0	+TT
F8_BC68_191109_LF_LIB_consensus_vsearch	1039	A	A	698	4	0.56%	2	1	93	93	0.06223281099972274	1	1	482	216	4	0	G
F8_BC68_191109_LF_LIB_consensus_vsearch	1040	A	R	683	23	3.23%	2	2	93	93	9.936429746614015E-8	1	1	468	215	22	1	G
F8_BC68_191109_LF_LIB_consensus_vsearch	1041	C	*/-G	619	71	10.01%	2	2	93	93	6.343425938441932E-23	1	1	467	152	8	63	-G
F8_BC68_191109_LF_LIB_consensus_vsearch	1042	G	R	616	20	3.12%	2	1	93	93	8.194386382354294E-7	1	1	464	152	20	0	A
F8_BC68_191109_LF_LIB_consensus_vsearch	1043	G	G	708	2	0.28%	2	1	93	93	0.24982381959094058	1	1	492	216	2	0	A
F8_BC68_191109_LF_LIB_consensus_vsearch	1044	G	G	709	3	0.42%	2	2	93	93	0.12473647224191244	1	1	494	215	1	2	A
F8_BC68_191109_LF_LIB_consensus_vsearch	1045	A	A	706	4	0.56%	2	2	93	93	0.0622358226367427	1	1	493	213	1	3	+C
F8_BC68_191109_LF_LIB_consensus_vsearch	1046	T	T	704	6	0.84%	2	2	93	93	0.015460180472089387	1	1	491	213	3	3	-C
F8_BC68_191109_LF_LIB_consensus_vsearch	1047	C	C	698	2	0.28%	2	1	93	93	0.24982130092901844	1	1	485	213	2	0	-GC
F8_BC68_191109_LF_LIB_consensus_vsearch	1048	G	R	693	8	1.13%	2	1	93	93	0.0038285986916817977	1	1	478	215	8	0	A
F8_BC68_191109_LF_LIB_consensus_vsearch	1049	C	Y	668	16	2.25%	2	2	93	93	1.396325388941075E-5	1	1	465	203	7	9	T
F8_BC68_191109_LF_LIB_consensus_vsearch	1050	A	R	681	10	1.42%	2	2	93	93	9.450630174371408E-4	1	1	467	214	9	1	G
F8_BC68_191109_LF_LIB_consensus_vsearch	1051	C	Y	680	8	1.14%	2	2	93	93	0.0038271384280311226	1	1	469	211	3	5	T
F8_BC68_191109_LF_LIB_consensus_vsearch	1052	G	R	684	10	1.42%	2	1	93	93	9.451978971244695E-4	1	1	472	212	10	0	A
F8_BC68_191109_LF_LIB_consensus_vsearch	1053	C	*/-A	673	12	1.71%	2	2	93	93	2.3256292247515707E-4	1	1	477	196	2	10	-A
F8_BC68_191109_LF_LIB_consensus_vsearch	1054	A	R	677	7	1.01%	2	2	93	93	0.007692922838799737	1	1	478	199	3	4	G
F8_BC68_191109_LF_LIB_consensus_vsearch	1055	A	R	695	7	0.99%	2	2	93	93	0.007695980114598385	1	1	486	209	5	2	G
F8_BC68_191109_LF_LIB_consensus_vsearch	1056	T	Y	683	13	1.84%	2	2	93	93	1.1535960161590476E-4	1	1	485	198	2	11	C
F8_BC68_191109_LF_LIB_consensus_vsearch	1057	T	*/-C	660	21	2.96%	2	2	93	93	4.0773921541866735E-7	1	1	470	190	7	14	-C
F8_BC68_191109_LF_LIB_consensus_vsearch	1058	C	*/-G	657	19	2.76%	2	1	93	93	1.6777876722220347E-6	1	1	482	175	0	19	-G
F8_BC68_191109_LF_LIB_consensus_vsearch	1059	G	R	665	20	2.9%	2	2	93	93	8.285098496849445E-7	1	1	473	192	19	1	A
F8_BC68_191109_LF_LIB_consensus_vsearch	1060	G	*/-A	584	126	17.7%	2	1	93	93	2.655012855307106E-41	1	1	368	216	126	0	-A
F8_BC68_191109_LF_LIB_consensus_vsearch	1061	A	A	576	5	0.85%	2	1	93	93	0.030981183844570895	1	1	360	216	5	0	G
F8_BC68_191109_LF_LIB_consensus_vsearch	1062	G	*/-T	675	25	3.52%	2	2	93	93	2.3962073618542957E-8	1	1	461	214	23	2	-T
F8_BC68_191109_LF_LIB_consensus_vsearch	1063	T	T	679	5	0.73%	2	2	93	93	0.031021648432048188	1	1	466	213	3	2	C
F8_BC68_191109_LF_LIB_consensus_vsearch	1064	T	T	703	5	0.7%	2	2	93	93	0.0310293863893414	1	1	487	216	4	1	C
F8_BC68_191109_LF_LIB_consensus_vsearch	1065	T	T	699	4	0.56%	2	2	93	93	0.062233191204189284	1	1	484	215	3	1	C
F8_BC68_191109_LF_LIB_consensus_vsearch	1066	G	G	701	4	0.56%	2	2	93	93	0.06223394837614865	1	1	486	215	3	1	-A
F8_BC68_191109_LF_LIB_consensus_vsearch	1067	A	*/-GA	677	9	1.27%	2	2	93	93	0.001902231834999292	1	1	463	214	7	2	-GA
F8_BC68_191109_LF_LIB_consensus_vsearch	1068	G	*/+A	669	8	1.15%	2	2	93	93	0.003825859230664742	1	1	459	210	6	2	+A
F8_BC68_191109_LF_LIB_consensus_vsearch	1069	A	R	669	11	1.59%	2	1	93	93	4.687808233562141E-4	1	1	459	210	11	0	G
F8_BC68_191109_LF_LIB_consensus_vsearch	1070	A	R	688	10	1.42%	2	2	93	93	9.453759502338604E-4	1	1	475	213	8	2	G
F8_BC68_191109_LF_LIB_consensus_vsearch	1071	T	Y	686	8	1.13%	2	2	93	93	0.003827819161525346	1	1	480	206	4	4	C
F8_BC68_191109_LF_LIB_consensus_vsearch	1072	G	*/-A	695	10	1.41%	2	2	93	93	9.456827270018123E-4	1	1	483	212	9	1	-A
F8_BC68_191109_LF_LIB_consensus_vsearch	1073	A	A	686	6	0.86%	2	2	93	93	0.0154558995074816	1	1	475	211	4	2	G
F8_BC68_191109_LF_LIB_consensus_vsearch	1074	G	G	693	6	0.85%	2	2	93	93	0.01545759048792114	1	1	480	213	5	1	-C
F8_BC68_191109_LF_LIB_consensus_vsearch	1075	C	C	700	3	0.42%	2	1	93	93	0.12473309608558197	1	1	486	214	3	0	G
F8_BC68_191109_LF_LIB_consensus_vsearch	1076	C	*/-G	691	8	1.12%	2	2	93	93	0.0038283775544042174	1	1	479	212	7	1	-G
F8_BC68_191109_LF_LIB_consensus_vsearch	1077	G	*/-A	655	20	2.84%	2	2	93	93	8.267593648282868E-7	1	1	443	212	17	3	-A
F8_BC68_191109_LF_LIB_consensus_vsearch	1078	A	*/-G	667	15	2.17%	2	2	93	93	2.8233092131938518E-5	1	1	463	204	6	9	-G
F8_BC68_191109_LF_LIB_consensus_vsearch	1079	G	G	689	3	0.43%	2	1	93	93	0.12472885032536499	1	1	482	207	3	0	A
F8_BC68_191109_LF_LIB_consensus_vsearch	1080	G	*/-C	673	16	2.24%	2	1	93	93	1.3972350165253509E-5	1	1	457	216	16	0	-C
F8_BC68_191109_LF_LIB_consensus_vsearch	1081	C	C	685	3	0.43%	2	2	93	93	0.12472727272730207	1	1	470	215	2	1	G
F8_BC68_191109_LF_LIB_consensus_vsearch	1082	C	Y	687	12	1.69%	2	2	93	93	2.3279121466020827E-4	1	1	477	210	8	4	T
F8_BC68_191109_LF_LIB_consensus_vsearch	1083	A	R	675	21	2.97%	2	2	93	93	4.091379322200152E-7	1	1	467	208	16	5	G
F8_BC68_191109_LF_LIB_consensus_vsearch	1084	T	Y	679	19	2.68%	2	2	93	93	1.6846746908355057E-6	1	1	470	209	14	5	C
F8_BC68_191109_LF_LIB_consensus_vsearch	1085	G	G	697	5	0.71%	2	1	93	93	0.03102750148427654	1	1	481	216	5	0	-A
F8_BC68_191109_LF_LIB_consensus_vsearch	1086	A	R	687	7	0.99%	2	2	93	93	0.00769464084724551	1	1	473	214	6	1	G
F8_BC68_191109_LF_LIB_consensus_vsearch	1087	T	T	699	4	0.56%	2	2	93	93	0.062233191204189284	1	1	487	212	3	1	-G
F8_BC68_191109_LF_LIB_consensus_vsearch	1088	G	R	696	8	1.13%	2	2	93	93	0.0038289280527219385	1	1	481	215	7	1	A
F8_BC68_191109_LF_LIB_consensus_vsearch	1089	G	*/-C	647	40	5.62%	2	2	93	93	5.069007982188648E-13	1	1	438	209	35	5	-C
F8_BC68_191109_LF_LIB_consensus_vsearch	1090	C	C	654	5	0.75%	2	2	93	93	0.031012988962744705	1	1	447	207	1	4	+T
F8_BC68_191109_LF_LIB_consensus_vsearch	1091	C	C	695	5	0.71%	2	2	93	93	0.031026866004720807	1	1	482	213	3	2	T
F8_BC68_191109_LF_LIB_consensus_vsearch	1092	C	Y	695	9	1.26%	2	2	93	93	0.0019035242319234804	1	1	487	208	7	2	T
F8_BC68_191109_LF_LIB_consensus_vsearch	1093	C	Y	604	70	9.82%	2	2	93	93	1.2798027683174085E-22	1	1	464	140	13	57	T
F8_BC68_191109_LF_LIB_consensus_vsearch	1094	G	*/-A	680	18	2.55%	2	2	93	93	3.413943711714024E-6	1	1	465	215	16	2	-A
F8_BC68_191109_LF_LIB_consensus_vsearch	1095	A	R	677	9	1.29%	2	1	93	93	0.001902231834999292	1	1	462	215	9	0	G
F8_BC68_191109_LF_LIB_consensus_vsearch	1096	G	G	700	6	0.85%	2	1	93	93	0.015459247984384758	1	1	483	217	6	0	+A
F8_BC68_191109_LF_LIB_consensus_vsearch	1097	A	A	707	3	0.42%	2	1	93	93	0.12473572938667123	1	1	490	217	3	0	G
F8_BC68_191109_LF_LIB_consensus_vsearch	1098	C	C	699	6	0.84%	2	1	93	93	0.01545901321150471	1	1	485	214	6	0	-A
F8_BC68_191109_LF_LIB_consensus_vsearch	1099	A	*/-C	560	89	12.62%	2	2	93	93	6.323497496710646E-29	1	1	353	207	88	1	-C
F8_BC68_191109_LF_LIB_consensus_vsearch	1100	C	C	604	5	0.81%	2	1	93	93	0.030993538046399736	1	1	392	212	5	0	+A
F8_BC68_191109_LF_LIB_consensus_vsearch	1101	C	*/-T	695	12	1.69%	2	2	93	93	2.3291767090076885E-4	1	1	484	211	8	4	-T
F8_BC68_191109_LF_LIB_consensus_vsearch	1102	T	Y	679	15	2.14%	2	2	93	93	2.827150503574594E-5	1	1	479	200	4	11	C
F8_BC68_191109_LF_LIB_consensus_vsearch	1103	A	A	704	3	0.42%	2	2	93	93	0.12473460721856874	1	1	490	214	2	1	G
F8_BC68_191109_LF_LIB_consensus_vsearch	1104	A	A	710	3	0.42%	2	1	93	93	0.12473684210561659	1	1	493	217	3	0	G
F8_BC68_191109_LF_LIB_consensus_vsearch	1105	T	T	702	5	0.7%	2	2	93	93	0.031029074459554294	1	1	488	214	2	3	C
F8_BC68_191109_LF_LIB_consensus_vsearch	1106	C	C	700	4	0.56%	2	1	93	93	0.06223357032831275	1	1	484	216	4	0	-ATTC
F8_BC68_191109_LF_LIB_consensus_vsearch	1107	A	A	687	5	0.71%	2	2	93	93	0.031024287366540265	1	1	478	209	4	1	C
F8_BC68_191109_LF_LIB_consensus_vsearch	1108	T	Y	691	9	1.27%	2	2	93	93	0.0019032427370135523	1	1	484	207	4	5	C
F8_BC68_191109_LF_LIB_consensus_vsearch	1109	T	Y	685	12	1.69%	2	2	93	93	2.3275915415398786E-4	1	1	483	202	5	7	C
F8_BC68_191109_LF_LIB_consensus_vsearch	1110	C	*/-G	683	7	0.99%	2	2	93	93	0.007693959601990333	1	1	474	209	3	4	-G
F8_BC68_191109_LF_LIB_consensus_vsearch	1111	G	R	691	7	0.99%	2	2	93	93	0.007695314307205932	1	1	485	206	6	1	A
F8_BC68_191109_LF_LIB_consensus_vsearch	1112	C	C	701	4	0.56%	2	2	93	93	0.06223394837614865	1	1	489	212	2	2	-T
F8_BC68_191109_LF_LIB_consensus_vsearch	1113	T	*/+C	691	8	1.13%	2	2	93	93	0.0038283775544042174	1	1	485	206	3	5	+C
F8_BC68_191109_LF_LIB_consensus_vsearch	1114	C	C	703	2	0.28%	2	1	93	93	0.2498225691976094	1	1	493	210	0	2	+T
F8_BC68_191109_LF_LIB_consensus_vsearch	1115	T	Y	697	8	1.13%	2	2	93	93	0.003829037219745354	1	1	487	210	4	4	C
F8_BC68_191109_LF_LIB_consensus_vsearch	1116	A	R	698	9	1.27%	2	2	93	93	0.0019037332770426652	1	1	482	216	8	1	G
F8_BC68_191109_LF_LIB_consensus_vsearch	1117	C	C	708	1	0.14%	2	1	93	93	0.4999999999990043	1	1	491	217	1	0	+AC
F8_BC68_191109_LF_LIB_consensus_vsearch	1118	C	*/+A	676	14	1.97%	2	1	93	93	5.7102932363953475E-5	1	1	465	211	14	0	+A
F8_BC68_191109_LF_LIB_consensus_vsearch	1119	G	S	674	17	2.4%	2	1	93	93	6.90612613285916E-6	1	1	462	212	17	0	C
F8_BC68_191109_LF_LIB_consensus_vsearch	1120	C	C	691	5	0.71%	2	1	93	93	0.03102558409276762	1	1	479	212	5	0	+A
F8_BC68_191109_LF_LIB_consensus_vsearch	1121	A	A	698	3	0.42%	2	2	93	93	0.12473233404720117	1	1	485	213	2	1	G
F8_BC68_191109_LF_LIB_consensus_vsearch	1122	A	R	690	13	1.83%	2	2	93	93	1.1542515400541905E-4	1	1	476	214	12	1	G
F8_BC68_191109_LF_LIB_consensus_vsearch	1123	T	T	696	3	0.42%	2	1	93	93	0.12473156764502437	1	1	482	214	3	0	+C
F8_BC68_191109_LF_LIB_consensus_vsearch	1124	G	R	690	11	1.56%	2	1	93	93	4.6935786269801464E-4	1	1	476	214	11	0	A
F8_BC68_191109_LF_LIB_consensus_vsearch	1125	C	C	698	4	0.56%	2	1	93	93	0.06223281099972274	1	1	489	209	0	4	-A
F8_BC68_191109_LF_LIB_consensus_vsearch	1126	A	A	702	3	0.42%	2	2	93	93	0.12473385379729661	1	1	490	212	2	1	G
F8_BC68_191109_LF_LIB_consensus_vsearch	1127	A	R	680	23	3.23%	2	1	93	93	9.92858552357032E-8	1	1	465	215	23	0	G
F8_BC68_191109_LF_LIB_consensus_vsearch	1128	C	*/-T	685	13	1.83%	2	2	93	93	1.1537846243535248E-4	1	1	473	212	12	1	-T
F8_BC68_191109_LF_LIB_consensus_vsearch	1129	T	Y	679	9	1.29%	2	2	93	93	0.0019023787507757343	1	1	472	207	5	4	C
F8_BC68_191109_LF_LIB_consensus_vsearch	1130	G	G	705	2	0.28%	2	1	93	93	0.24982307147908459	1	1	490	215	2	0	-A
F8_BC68_191109_LF_LIB_consensus_vsearch	1131	A	R	689	14	1.98%	2	2	93	93	5.717398152477232E-5	1	1	477	212	12	2	G
F8_BC68_191109_LF_LIB_consensus_vsearch	1132	C	C	698	4	0.56%	2	2	93	93	0.06223281099972274	1	1	489	209	2	2	T
F8_BC68_191109_LF_LIB_consensus_vsearch	1133	T	*/+C	686	11	1.55%	2	2	93	93	4.69250597951495E-4	1	1	489	197	2	9	+C
F8_BC68_191109_LF_LIB_consensus_vsearch	1134	C	*/-TC	679	20	2.84%	2	2	93	93	8.308810751487971E-7	1	1	486	193	6	14	-TC
F8_BC68_191109_LF_LIB_consensus_vsearch	1135	T	T	677	6	0.87%	2	2	93	93	0.015453674534382428	1	1	480	197	4	2	C
F8_BC68_191109_LF_LIB_consensus_vsearch	1136	C	*/-A	612	66	9.57%	2	1	93	93	2.5695029811463652E-21	1	1	414	198	66	0	-A
F8_BC68_191109_LF_LIB_consensus_vsearch	1137	A	A	632	5	0.78%	2	2	93	93	0.0310048066017627	1	1	424	208	4	1	G
F8_BC68_191109_LF_LIB_consensus_vsearch	1138	T	K	628	67	9.52%	2	1	93	93	1.2739878770482388E-21	1	1	421	207	67	0	G
F8_BC68_191109_LF_LIB_consensus_vsearch	1139	T	*/-A	683	10	1.41%	2	2	93	93	9.451530657497562E-4	1	1	474	209	9	1	-A
F8_BC68_191109_LF_LIB_consensus_vsearch	1140	A	*/-G	589	60	8.67%	2	2	93	93	2.0763006592940086E-19	1	1	428	161	20	40	-G
F8_BC68_191109_LF_LIB_consensus_vsearch	1141	G	R	630	9	1.4%	2	2	93	93	0.0018985165652286944	1	1	457	173	8	1	A
F8_BC68_191109_LF_LIB_consensus_vsearch	1142	G	R	691	9	1.26%	2	2	93	93	0.0019032427370135523	1	1	485	206	3	6	A
F8_BC68_191109_LF_LIB_consensus_vsearch	1143	A	*/+C	686	9	1.28%	2	1	93	93	0.001902886343431154	1	1	472	214	9	0	+C
F8_BC68_191109_LF_LIB_consensus_vsearch	1144	A	R	699	8	1.12%	2	2	93	93	0.003829254631650171	1	1	488	211	7	1	G
F8_BC68_191109_LF_LIB_consensus_vsearch	1145	C	*/+AC	656	22	3.09%	2	1	93	93	2.0052157865230884E-7	1	1	444	212	22	0	+AC
F8_BC68_191109_LF_LIB_consensus_vsearch	1146	G	S	633	40	5.73%	2	1	93	93	5.005879785401492E-13	1	1	419	214	40	0	C
F8_BC68_191109_LF_LIB_consensus_vsearch	1147	C	Y	671	8	1.14%	2	2	93	93	0.0038260948798600684	1	1	461	210	7	1	T
F8_BC68_191109_LF_LIB_consensus_vsearch	1148	A	R	677	9	1.28%	2	2	93	93	0.001902231834999292	1	1	467	210	8	1	G
F8_BC68_191109_LF_LIB_consensus_vsearch	1149	G	G	687	3	0.43%	2	1	93	93	0.12472806381429648	1	1	473	214	3	0	A
F8_BC68_191109_LF_LIB_consensus_vsearch	1150	C	Y	676	8	1.13%	2	2	93	93	0.0038266780028401756	1	1	472	204	5	3	T
F8_BC68_191109_LF_LIB_consensus_vsearch	1151	T	T	698	5	0.71%	2	2	93	93	0.031027817868692333	1	1	490	208	3	2	C
F8_BC68_191109_LF_LIB_consensus_vsearch	1152	A	A	702	4	0.56%	2	2	93	93	0.062234325352884735	1	1	491	211	2	2	G
F8_BC68_191109_LF_LIB_consensus_vsearch	1153	T	*/-C	640	57	8.02%	2	1	93	93	2.1033186408766506E-18	1	1	428	212	57	0	-C
F8_BC68_191109_LF_LIB_consensus_vsearch	1154	C	C	647	5	0.76%	2	1	93	93	0.031010445356706894	1	1	430	217	5	0	+A
F8_BC68_191109_LF_LIB_consensus_vsearch	1155	C	C	703	4	0.56%	2	1	93	93	0.06223470126280326	1	1	490	213	4	0	-TG
F8_BC68_191109_LF_LIB_consensus_vsearch	1156	T	*/+G	688	9	1.27%	2	2	93	93	0.0019030295102081	1	1	484	204	1	8	+G
F8_BC68_191109_LF_LIB_consensus_vsearch	1157	G	*/-A	655	32	4.53%	2	2	93	93	1.6090554678884626E-10	1	1	440	215	30	2	-A
F8_BC68_191109_LF_LIB_consensus_vsearch	1158	A	*/-G	407	150	22.56%	2	2	93	93	6.212761318287129E-51	1	1	220	187	128	22	-G
F8_BC68_191109_LF_LIB_consensus_vsearch	1159	G	G	477	2	0.41%	2	2	93	93	0.2497387669798549	1	1	286	191	1	1	+A
F8_BC68_191109_LF_LIB_consensus_vsearch	1160	G	G	642	4	0.61%	2	1	93	93	0.062209640171656304	1	1	427	215	4	0	A
F8_BC68_191109_LF_LIB_consensus_vsearch	1161	G	*/-A	655	7	1.04%	2	2	93	93	0.007688961079086654	1	1	446	209	3	4	-A
F8_BC68_191109_LF_LIB_consensus_vsearch	1162	A	A	655	5	0.76%	2	2	93	93	0.031013347932184514	1	1	445	210	2	3	G
F8_BC68_191109_LF_LIB_consensus_vsearch	1163	A	A	698	6	0.85%	2	2	93	93	0.015458777772499533	1	1	482	216	5	1	G
F8_BC68_191109_LF_LIB_consensus_vsearch	1164	A	R	690	14	1.98%	2	2	93	93	5.717934068380805E-5	1	1	480	210	11	3	G
F8_BC68_191109_LF_LIB_consensus_vsearch	1165	C	*/-T	658	31	4.36%	2	2	93	93	3.2975356886390946E-10	1	1	473	185	12	19	-T
F8_BC68_191109_LF_LIB_consensus_vsearch	1166	T	T	659	6	0.9%	2	2	93	93	0.015449044189068659	1	1	469	190	3	3	C
F8_BC68_191109_LF_LIB_consensus_vsearch	1167	T	*/+C	620	40	5.72%	2	2	93	93	4.945536227643735E-13	1	1	427	193	39	1	+C
F8_BC68_191109_LF_LIB_consensus_vsearch	1168	C	*/-G	600	75	10.9%	2	2	93	93	3.0016074074400528E-24	1	1	475	125	3	72	-G
F8_BC68_191109_LF_LIB_consensus_vsearch	1169	G	G	622	3	0.47%	2	1	93	93	0.12469975980791892	1	1	487	135	0	3	T
F8_BC68_191109_LF_LIB_consensus_vsearch	1170	G	G	702	3	0.42%	2	1	93	93	0.12473385379729661	1	1	488	214	3	0	+A
F8_BC68_191109_LF_LIB_consensus_vsearch	1171	A	*/-G	506	166	23.48%	2	2	93	93	9.23620324903716E-56	1	1	337	169	122	44	-G
F8_BC68_191109_LF_LIB_consensus_vsearch	1172	G	*/+AG	490	20	3.8%	2	1	93	93	7.887151338714244E-7	1	1	324	166	20	0	+AG
F8_BC68_191109_LF_LIB_consensus_vsearch	1173	G	R	683	8	1.16%	2	1	93	93	0.003827480265442575	1	1	468	215	8	0	A
F8_BC68_191109_LF_LIB_consensus_vsearch	1174	G	*/-A	688	12	1.69%	2	2	93	93	2.328071772860128E-4	1	1	482	206	10	2	-A
F8_BC68_191109_LF_LIB_consensus_vsearch	1175	A	R	689	7	1%	2	2	93	93	0.007694978542018557	1	1	478	211	3	4	G
F8_BC68_191109_LF_LIB_consensus_vsearch	1176	A	A	698	4	0.56%	2	2	93	93	0.06223281099972274	1	1	485	213	2	2	T
F8_BC68_191109_LF_LIB_consensus_vsearch	1177	C	C	706	2	0.28%	2	1	93	93	0.24982332155411754	1	1	490	216	2	0	T
F8_BC68_191109_LF_LIB_consensus_vsearch	1178	C	C	703	3	0.42%	2	2	93	93	0.12473423104214414	1	1	489	214	2	1	T
F8_BC68_191109_LF_LIB_consensus_vsearch	1179	A	A	705	1	0.14%	2	1	93	93	0.4999999999990043	1	1	490	215	1	0	+T
F8_BC68_191109_LF_LIB_consensus_vsearch	1180	G	R	694	12	1.69%	2	2	93	93	2.329020181664877E-4	1	1	480	214	10	2	A
F8_BC68_191109_LF_LIB_consensus_vsearch	1181	C	C	704	1	0.14%	2	1	93	93	0.4999999999990043	1	1	489	215	1	0	+AG
F8_BC68_191109_LF_LIB_consensus_vsearch	1182	C	C	700	4	0.56%	2	1	93	93	0.06223357032831275	1	1	487	213	4	0	+G
F8_BC68_191109_LF_LIB_consensus_vsearch	1183	A	R	685	11	1.55%	2	2	93	93	4.692235915156968E-4	1	1	474	211	10	1	G
F8_BC68_191109_LF_LIB_consensus_vsearch	1184	T	T	691	5	0.71%	2	2	93	93	0.03102558409276762	1	1	480	211	4	1	C
F8_BC68_191109_LF_LIB_consensus_vsearch	1185	T	*/+G	661	36	5.07%	2	2	93	93	9.151548641829408E-12	1	1	453	208	35	1	+G
F8_BC68_191109_LF_LIB_consensus_vsearch	1186	A	*/-G	660	36	5.09%	2	1	93	93	9.145291362848066E-12	1	1	452	208	36	0	-G
F8_BC68_191109_LF_LIB_consensus_vsearch	1187	G	G	671	4	0.59%	2	1	93	93	0.062222119494678464	1	1	455	216	4	0	-A
F8_BC68_191109_LF_LIB_consensus_vsearch	1188	A	R	697	7	0.99%	2	2	93	93	0.007696310189204633	1	1	482	215	6	1	G
F8_BC68_191109_LF_LIB_consensus_vsearch	1189	C	C	696	5	0.7%	2	1	93	93	0.03102718419759366	1	1	483	213	5	0	+A
F8_BC68_191109_LF_LIB_consensus_vsearch	1190	G	R	681	27	3.8%	2	1	93	93	5.787311404894797E-9	1	1	465	216	27	0	A
F8_BC68_191109_LF_LIB_consensus_vsearch	1191	G	K	701	8	1.12%	2	1	93	93	0.003829470822680027	1	1	484	217	8	0	T
F8_BC68_191109_LF_LIB_consensus_vsearch	1192	T	T	703	6	0.84%	2	2	93	93	0.015459948335160068	1	1	493	210	2	4	C
F8_BC68_191109_LF_LIB_consensus_vsearch	1193	T	*/+C	700	7	0.98%	2	2	93	93	0.00769680180962235	1	1	487	213	6	1	+C
F8_BC68_191109_LF_LIB_consensus_vsearch	1194	C	C	700	5	0.7%	2	1	93	93	0.031028447945850964	1	1	493	207	0	5	+G
F8_BC68_191109_LF_LIB_consensus_vsearch	1195	G	G	707	3	0.42%	2	1	93	93	0.12473572938667123	1	1	493	214	3	0	-A
F8_BC68_191109_LF_LIB_consensus_vsearch	1196	A	A	707	1	0.14%	2	1	93	93	0.5000000000008233	1	1	492	215	0	1	-TA
F8_BC68_191109_LF_LIB_consensus_vsearch	1197	T	T	695	6	0.84%	2	1	93	93	0.015458067431314672	1	1	480	215	6	0	+A
F8_BC68_191109_LF_LIB_consensus_vsearch	1198	A	R	633	45	6.38%	2	1	93	93	1.3358429933495811E-14	1	1	436	197	45	0	G
F8_BC68_191109_LF_LIB_consensus_vsearch	1199	G	G	693	4	0.57%	2	1	93	93	0.06223089360699252	1	1	483	210	4	0	+A
F8_BC68_191109_LF_LIB_consensus_vsearch	1200	G	*/+T	676	22	3.1%	2	1	93	93	2.0153436714940313E-7	1	1	487	189	0	22	+T
F8_BC68_191109_LF_LIB_consensus_vsearch	1201	T	*/-CTT	681	14	1.98%	2	1	93	93	5.7130566115596164E-5	1	1	489	192	0	14	-CTT
F8_BC68_191109_LF_LIB_consensus_vsearch	1202	C	*/-T	612	42	6.07%	2	2	93	93	1.1519737185292467E-13	1	1	479	133	2	40	-T
F8_BC68_191109_LF_LIB_consensus_vsearch	1203	T	Y	629	7	1.09%	2	2	93	93	0.007683926761732176	1	1	477	152	5	2	C
F8_BC68_191109_LF_LIB_consensus_vsearch	1204	T	T	678	6	0.88%	2	2	93	93	0.015453924640752525	1	1	482	196	5	1	C
F8_BC68_191109_LF_LIB_consensus_vsearch	1205	T	T	700	4	0.56%	2	2	93	93	0.06223357032831275	1	1	488	212	2	2	C
F8_BC68_191109_LF_LIB_consensus_vsearch	1206	C	*/+T	678	8	1.13%	2	2	93	93	0.0038269088833870367	1	1	475	203	1	7	+T
F8_BC68_191109_LF_LIB_consensus_vsearch	1207	G	*/-C	522	130	18.6%	2	2	93	93	5.744728289899918E-43	1	1	325	197	118	12	-C
F8_BC68_191109_LF_LIB_consensus_vsearch	1208	C	C	543	4	0.72%	2	1	93	93	0.062157064831361374	1	1	344	199	0	4	+T
F8_BC68_191109_LF_LIB_consensus_vsearch	1209	C	C	679	4	0.58%	2	2	93	93	0.06222537550484247	1	1	465	214	3	1	T
F8_BC68_191109_LF_LIB_consensus_vsearch	1210	C	Y	679	8	1.15%	2	2	93	93	0.0038270238219715778	1	1	472	207	5	3	T
F8_BC68_191109_LF_LIB_consensus_vsearch	1211	C	*/-T	689	12	1.69%	2	2	93	93	2.3282309508343565E-4	1	1	484	205	2	10	-T
F8_BC68_191109_LF_LIB_consensus_vsearch	1212	T	Y	683	7	1%	2	2	93	93	0.007693959601990333	1	1	485	198	2	5	C
F8_BC68_191109_LF_LIB_consensus_vsearch	1213	A	A	698	6	0.85%	2	2	93	93	0.015458777772499533	1	1	484	214	4	2	-TA
F8_BC68_191109_LF_LIB_consensus_vsearch	1214	T	*/-AC	669	18	2.55%	2	1	93	93	3.407803428383612E-6	1	1	458	211	18	0	-AC
F8_BC68_191109_LF_LIB_consensus_vsearch	1215	A	*/-C	617	29	4.29%	2	2	93	93	1.3507240280395896E-9	1	1	414	203	19	10	-C
F8_BC68_191109_LF_LIB_consensus_vsearch	1216	C	*/+T	648	8	1.21%	2	2	93	93	0.0038232985982926083	1	1	446	202	4	4	+T
F8_BC68_191109_LF_LIB_consensus_vsearch	1217	C	S	677	24	3.38%	2	1	93	93	4.8789064881971E-8	1	1	465	212	24	0	G
F8_BC68_191109_LF_LIB_consensus_vsearch	1218	C	C	697	4	0.56%	2	2	93	93	0.06223242971040495	1	1	483	214	3	1	-A
F8_BC68_191109_LF_LIB_consensus_vsearch	1219	A	R	688	8	1.13%	2	2	93	93	0.0038280434768544216	1	1	477	211	6	2	G
F8_BC68_191109_LF_LIB_consensus_vsearch	1220	G	G	700	1	0.14%	2	1	93	93	0.5000000000008233	1	1	487	213	1	0	+C
F8_BC68_191109_LF_LIB_consensus_vsearch	1221	G	G	698	5	0.7%	2	1	93	93	0.031027817868692333	1	1	484	214	5	0	-T
F8_BC68_191109_LF_LIB_consensus_vsearch	1222	T	T	702	2	0.28%	2	1	93	93	0.2498223169866272	1	1	488	214	2	0	C
F8_BC68_191109_LF_LIB_consensus_vsearch	1223	T	T	707	3	0.42%	2	1	93	93	0.12473572938667123	1	1	491	216	3	0	-AC
F8_BC68_191109_LF_LIB_consensus_vsearch	1224	A	R	696	10	1.41%	2	1	93	93	9.457260602997546E-4	1	1	482	214	10	0	G
F8_BC68_191109_LF_LIB_consensus_vsearch	1225	C	C	706	2	0.28%	2	1	93	93	0.24982332155411754	1	1	491	215	2	0	-G
F8_BC68_191109_LF_LIB_consensus_vsearch	1226	G	*/-CG	687	15	2.11%	2	2	93	93	2.829640426446843E-5	1	1	489	198	2	13	-CG
F8_BC68_191109_LF_LIB_consensus_vsearch	1227	C	C	688	2	0.29%	2	1	93	93	0.24981870920986124	1	1	490	198	2	0	+T
F8_BC68_191109_LF_LIB_consensus_vsearch	1228	G	G	686	5	0.72%	2	1	93	93	0.031023960840170225	1	1	489	197	0	5	+CG
F8_BC68_191109_LF_LIB_consensus_vsearch	1229	A	A	702	4	0.56%	2	1	93	93	0.062234325352884735	1	1	488	214	4	0	G
F8_BC68_191109_LF_LIB_consensus_vsearch	1230	T	T	701	3	0.42%	2	1	93	93	0.12473347547949812	1	1	489	212	3	0	C
F8_BC68_191109_LF_LIB_consensus_vsearch	1231	C	C	698	6	0.84%	2	2	93	93	0.015458777772499533	1	1	490	208	5	1	-G
F8_BC68_191109_LF_LIB_consensus_vsearch	1232	G	*/-A	656	36	5.11%	2	1	93	93	9.120119902553745E-12	1	1	444	212	36	0	-A
F8_BC68_191109_LF_LIB_consensus_vsearch	1233	A	*/-T	619	34	5.11%	2	2	93	93	3.745355670434929E-11	1	1	418	201	26	8	-T
F8_BC68_191109_LF_LIB_consensus_vsearch	1234	T	K	620	39	5.86%	2	2	93	93	1.0192441069144491E-12	1	1	419	201	37	2	G
F8_BC68_191109_LF_LIB_consensus_vsearch	1235	T	Y	697	8	1.13%	2	2	93	93	0.003829037219745354	1	1	490	207	2	6	C
F8_BC68_191109_LF_LIB_consensus_vsearch	1236	T	*/-GC	680	10	1.4%	2	1	93	93	9.450177994018546E-4	1	1	479	201	10	0	-GC
F8_BC68_191109_LF_LIB_consensus_vsearch	1237	G	G	692	2	0.29%	2	2	93	93	0.24981975486690114	1	1	482	210	1	1	A
F8_BC68_191109_LF_LIB_consensus_vsearch	1238	C	*/-AC	612	78	11.11%	2	1	93	93	3.29438355687644E-25	1	1	405	207	78	0	-AC
F8_BC68_191109_LF_LIB_consensus_vsearch	1239	A	R	618	10	1.57%	2	2	93	93	9.4193599519434E-4	1	1	412	206	6	4	G
F8_BC68_191109_LF_LIB_consensus_vsearch	1240	C	Y	623	7	1.1%	2	2	93	93	0.007682706175917277	1	1	413	210	1	6	T
F8_BC68_191109_LF_LIB_consensus_vsearch	1241	G	G	707	2	0.28%	2	1	93	93	0.24982357092413102	1	1	493	214	0	2	+C
F8_BC68_191109_LF_LIB_consensus_vsearch	1242	T	*/+C	679	27	3.79%	2	1	93	93	5.783091530571353E-9	1	1	464	215	27	0	+C
F8_BC68_191109_LF_LIB_consensus_vsearch	1243	C	*/+A	685	18	2.53%	2	1	93	93	3.4166739671643E-6	1	1	469	216	18	0	+A
F8_BC68_191109_LF_LIB_consensus_vsearch	1244	A	*/-G	677	17	2.4%	2	1	93	93	6.90913610959003E-6	1	1	468	209	17	0	-G
F8_BC68_191109_LF_LIB_consensus_vsearch	1245	G	G	689	4	0.58%	2	2	93	93	0.062229339765201515	1	1	474	215	2	2	-A
F8_BC68_191109_LF_LIB_consensus_vsearch	1246	A	R	699	7	0.99%	2	2	93	93	0.0076966383990413785	1	1	485	214	6	1	G
F8_BC68_191109_LF_LIB_consensus_vsearch	1247	A	R	682	20	2.81%	2	2	93	93	8.313775723270819E-7	1	1	469	213	19	1	G
F8_BC68_191109_LF_LIB_consensus_vsearch	1248	T	T	693	5	0.71%	2	2	93	93	0.031026226884601986	1	1	486	207	1	4	-C
F8_BC68_191109_LF_LIB_consensus_vsearch	1249	C	*/-G	677	15	2.12%	2	1	93	93	2.8265192801604615E-5	1	1	470	207	15	0	-G
F8_BC68_191109_LF_LIB_consensus_vsearch	1250	G	G	683	4	0.58%	2	1	93	93	0.06222697506306525	1	1	468	215	4	0	A
F8_BC68_191109_LF_LIB_consensus_vsearch	1251	C	*/-TA	660	12	1.7%	2	2	93	93	2.323425584393901E-4	1	1	461	199	1	11	-TA
F8_BC68_191109_LF_LIB_consensus_vsearch	1252	T	Y	673	10	1.44%	2	2	93	93	9.44697601521353E-4	1	1	474	199	5	5	C
F8_BC68_191109_LF_LIB_consensus_vsearch	1253	A	R	656	22	3.19%	2	2	93	93	2.0052157865230884E-7	1	1	456	200	19	3	G
F8_BC68_191109_LF_LIB_consensus_vsearch	1254	C	*/+G	680	10	1.42%	2	2	93	93	9.450177994018546E-4	1	1	469	211	9	1	+G
F8_BC68_191109_LF_LIB_consensus_vsearch	1255	A	R	670	20	2.83%	2	2	93	93	8.293671391237392E-7	1	1	460	210	18	2	G
F8_BC68_191109_LF_LIB_consensus_vsearch	1256	G	G	693	4	0.57%	2	1	93	93	0.06223089360699252	1	1	480	213	4	0	+A
F8_BC68_191109_LF_LIB_consensus_vsearch	1257	G	*/-C	690	9	1.26%	2	2	93	93	0.0019031718633756593	1	1	482	208	4	5	-C
F8_BC68_191109_LF_LIB_consensus_vsearch	1258	C	C	694	3	0.43%	2	1	93	93	0.12473079684146932	1	1	485	209	3	0	+G
F8_BC68_191109_LF_LIB_consensus_vsearch	1259	C	C	699	5	0.7%	2	2	93	93	0.031028133354538395	1	1	489	210	1	4	-T
F8_BC68_191109_LF_LIB_consensus_vsearch	1260	T	*/+C	680	9	1.27%	2	1	93	93	0.0019024518910627653	1	1	473	207	9	0	+C
F8_BC68_191109_LF_LIB_consensus_vsearch	1261	C	C	699	1	0.14%	2	1	93	93	0.5000000000008233	1	1	486	213	1	0	T
F8_BC68_191109_LF_LIB_consensus_vsearch	1262	C	C	700	3	0.42%	2	2	93	93	0.12473309608558197	1	1	484	216	2	1	+T
F8_BC68_191109_LF_LIB_consensus_vsearch	1263	A	A	695	6	0.85%	2	1	93	93	0.015458067431314672	1	1	479	216	6	0	G
F8_BC68_191109_LF_LIB_consensus_vsearch	1264	C	C	698	2	0.28%	2	2	93	93	0.24982130092901844	1	1	486	212	1	1	+T
F8_BC68_191109_LF_LIB_consensus_vsearch	1265	C	C	700	5	0.7%	2	2	93	93	0.031028447945850964	1	1	489	211	4	1	T
F8_BC68_191109_LF_LIB_consensus_vsearch	1266	A	R	700	7	0.98%	2	2	93	93	0.00769680180962235	1	1	488	212	6	1	G
F8_BC68_191109_LF_LIB_consensus_vsearch	1267	G	G	702	5	0.7%	2	1	93	93	0.031029074459554294	1	1	489	213	5	0	A
F8_BC68_191109_LF_LIB_consensus_vsearch	1268	C	C	698	5	0.7%	2	1	93	93	0.031027817868692333	1	1	490	208	0	5	T
F8_BC68_191109_LF_LIB_consensus_vsearch	1269	G	*/-T	687	7	0.99%	2	1	93	93	0.00769464084724551	1	1	473	214	7	0	-T
F8_BC68_191109_LF_LIB_consensus_vsearch	1270	T	T	697	3	0.43%	2	1	93	93	0.12473195139413472	1	1	484	213	0	3	C
F8_BC68_191109_LF_LIB_consensus_vsearch	1271	T	T	706	6	0.84%	2	2	93	93	0.015460642792537269	1	1	491	215	4	2	C
F8_BC68_191109_LF_LIB_consensus_vsearch	1272	T	*/-C	677	18	2.52%	2	2	93	93	3.412287524236182E-6	1	1	470	207	11	7	-C
F8_BC68_191109_LF_LIB_consensus_vsearch	1273	C	C	693	1	0.14%	2	1	93	93	0.4999999999990043	1	1	484	209	1	0	+A
F8_BC68_191109_LF_LIB_consensus_vsearch	1274	C	C	703	4	0.56%	2	1	93	93	0.06223470126280326	1	1	487	216	4	0	-AC
F8_BC68_191109_LF_LIB_consensus_vsearch	1275	A	A	692	6	0.85%	2	2	93	93	0.015457350992753744	1	1	478	214	5	1	G
F8_BC68_191109_LF_LIB_consensus_vsearch	1276	C	C	690	5	0.71%	2	2	93	93	0.031025261309997287	1	1	479	211	3	2	T
F8_BC68_191109_LF_LIB_consensus_vsearch	1277	T	T	682	5	0.7%	2	1	93	93	0.031022645232238563	1	1	479	203	0	5	+C
F8_BC68_191109_LF_LIB_consensus_vsearch	1278	G	R	695	7	0.99%	2	2	93	93	0.007695980114598385	1	1	482	213	6	1	A
F8_BC68_191109_LF_LIB_consensus_vsearch	1279	G	R	698	11	1.54%	2	2	93	93	4.6956880552387787E-4	1	1	483	215	10	1	A
F8_BC68_191109_LF_LIB_consensus_vsearch	1280	C	*/-T	689	9	1.27%	2	1	93	93	0.0019031007880593255	1	1	474	215	9	0	-T
F8_BC68_191109_LF_LIB_consensus_vsearch	1281	T	T	684	6	0.87%	2	2	93	93	0.015455410077685248	1	1	472	212	2	4	C
F8_BC68_191109_LF_LIB_consensus_vsearch	1282	T	*/+C	674	9	1.28%	2	2	93	93	0.0019020098594393618	1	1	459	215	7	2	+C
F8_BC68_191109_LF_LIB_consensus_vsearch	1283	C	*/-AC	678	7	1%	2	1	93	93	0.007693096890205231	1	1	463	215	7	0	-AC
F8_BC68_191109_LF_LIB_consensus_vsearch	1284	A	*/-C	663	15	2.16%	2	2	93	93	2.821999433004045E-5	1	1	455	208	7	8	-C
F8_BC68_191109_LF_LIB_consensus_vsearch	1285	C	*/+T	649	15	2.21%	2	2	93	93	2.8172945707034592E-5	1	1	458	191	1	14	+T
F8_BC68_191109_LF_LIB_consensus_vsearch	1286	C	*/-T	575	65	9.26%	2	2	93	93	4.8924177487037945E-21	1	1	456	119	16	49	-T
F8_BC68_191109_LF_LIB_consensus_vsearch	1287	T	W	614	7	1.11%	2	2	93	93	0.0076808312175928525	1	1	450	164	5	2	A
F8_BC68_191109_LF_LIB_consensus_vsearch	1288	T	*/-AC	623	48	6.85%	2	2	93	93	1.4860733745170553E-15	1	1	417	206	47	1	-AC
F8_BC68_191109_LF_LIB_consensus_vsearch	1289	A	*/-C	563	51	7.87%	2	2	93	93	1.503387320507551E-16	1	1	355	208	47	4	-C
F8_BC68_191109_LF_LIB_consensus_vsearch	1290	C	S	571	10	1.68%	2	1	93	93	9.391664866947025E-4	1	1	369	202	10	0	G
F8_BC68_191109_LF_LIB_consensus_vsearch	1291	C	S	640	49	7.06%	2	1	93	93	7.333188627632322E-16	1	1	425	215	49	0	G
F8_BC68_191109_LF_LIB_consensus_vsearch	1292	C	*/-G	692	9	1.26%	2	1	93	93	0.0019033134098504238	1	1	492	200	0	9	-G
F8_BC68_191109_LF_LIB_consensus_vsearch	1293	G	R	657	32	4.58%	2	2	93	93	1.610822927337325E-10	1	1	459	198	30	2	A
F8_BC68_191109_LF_LIB_consensus_vsearch	1294	G	G	697	6	0.85%	2	1	93	93	0.015458541664756588	1	1	486	211	6	0	+A
F8_BC68_191109_LF_LIB_consensus_vsearch	1295	G	G	705	3	0.42%	2	2	93	93	0.12473498233245997	1	1	489	216	2	1	A
F8_BC68_191109_LF_LIB_consensus_vsearch	1296	C	C	705	1	0.14%	2	1	93	93	0.4999999999990043	1	1	490	215	0	1	+A
F8_BC68_191109_LF_LIB_consensus_vsearch	1297	A	R	695	9	1.27%	2	2	93	93	0.0019035242319234804	1	1	479	216	8	1	G
F8_BC68_191109_LF_LIB_consensus_vsearch	1298	T	Y	693	8	1.13%	2	1	93	93	0.0038285986916817977	1	1	478	215	8	0	C
F8_BC68_191109_LF_LIB_consensus_vsearch	1299	A	R	692	8	1.13%	2	2	93	93	0.0038284882802459928	1	1	477	215	7	1	G
F8_BC68_191109_LF_LIB_consensus_vsearch	1300	G	G	697	3	0.42%	2	1	93	93	0.12473195139413472	1	1	484	213	3	0	+A
F8_BC68_191109_LF_LIB_consensus_vsearch	1301	T	Y	695	7	0.99%	2	2	93	93	0.007695980114598385	1	1	487	208	6	1	C
F8_BC68_191109_LF_LIB_consensus_vsearch	1302	T	Y	691	10	1.4%	2	2	93	93	9.455081691421578E-4	1	1	484	207	6	4	C
F8_BC68_191109_LF_LIB_consensus_vsearch	1303	C	C	697	4	0.57%	2	1	93	93	0.06223242971040495	1	1	486	211	4	0	+T
F8_BC68_191109_LF_LIB_consensus_vsearch	1304	A	R	697	9	1.27%	2	2	93	93	0.0019036637913854943	1	1	482	215	8	1	G
F8_BC68_191109_LF_LIB_consensus_vsearch	1305	C	C	694	5	0.7%	2	2	93	93	0.031026546901622466	1	1	489	205	1	4	T
F8_BC68_191109_LF_LIB_consensus_vsearch	1306	C	C	703	6	0.84%	2	2	93	93	0.015459948335160068	1	1	492	211	1	5	T
F8_BC68_191109_LF_LIB_consensus_vsearch	1307	A	A	703	3	0.42%	2	1	93	93	0.12473423104214414	1	1	491	212	0	3	-T
F8_BC68_191109_LF_LIB_consensus_vsearch	1308	T	Y	698	9	1.27%	2	2	93	93	0.0019037332770426652	1	1	486	212	7	2	C
F8_BC68_191109_LF_LIB_consensus_vsearch	1309	C	*/-T	676	28	3.93%	2	2	93	93	2.832933863829305E-9	1	1	487	189	4	24	-T
F8_BC68_191109_LF_LIB_consensus_vsearch	1310	T	Y	671	9	1.32%	2	2	93	93	0.001901785939178216	1	1	485	186	4	5	C
F8_BC68_191109_LF_LIB_consensus_vsearch	1311	T	T	707	1	0.14%	2	1	93	93	0.5000000000008233	1	1	493	214	0	1	+C
F8_BC68_191109_LF_LIB_consensus_vsearch	1312	T	*/+C	676	27	3.79%	2	1	93	93	5.7767216614563555E-9	1	1	463	213	27	0	+C
F8_BC68_191109_LF_LIB_consensus_vsearch	1313	C	*/-G	681	13	1.83%	2	2	93	93	1.1534063420715205E-4	1	1	483	198	5	8	-G
F8_BC68_191109_LF_LIB_consensus_vsearch	1314	G	R	655	31	4.47%	2	1	93	93	3.292448818799466E-10	1	1	454	201	31	0	A
F8_BC68_191109_LF_LIB_consensus_vsearch	1315	G	G	704	3	0.42%	2	2	93	93	0.12473460721856874	1	1	493	211	2	1	A
F8_BC68_191109_LF_LIB_consensus_vsearch	1316	G	G	709	2	0.28%	2	1	93	93	0.24982406755817957	1	1	492	217	2	0	T
F8_BC68_191109_LF_LIB_consensus_vsearch	1317	T	T	708	2	0.28%	2	1	93	93	0.24982381959094058	1	1	493	215	2	0	+C
F8_BC68_191109_LF_LIB_consensus_vsearch	1318	C	C	708	3	0.42%	2	1	93	93	0.12473610133740937	1	1	491	217	3	0	-GC
F8_BC68_191109_LF_LIB_consensus_vsearch	1319	G	G	702	5	0.71%	2	1	93	93	0.031029074459554294	1	1	486	216	5	0	A
F8_BC68_191109_LF_LIB_consensus_vsearch	1320	C	C	698	5	0.71%	2	2	93	93	0.031027817868692333	1	1	486	212	4	1	T
F8_BC68_191109_LF_LIB_consensus_vsearch	1321	A	R	694	10	1.4%	2	2	93	93	9.456392717556314E-4	1	1	483	211	7	3	G
F8_BC68_191109_LF_LIB_consensus_vsearch	1322	C	C	705	3	0.42%	2	1	93	93	0.12473498233245997	1	1	491	214	0	3	T
F8_BC68_191109_LF_LIB_consensus_vsearch	1323	C	*/+A	662	22	3.09%	2	2	93	93	2.0083119232473455E-7	1	1	466	196	21	1	+A
F8_BC68_191109_LF_LIB_consensus_vsearch	1324	G	K	666	23	3.26%	2	2	93	93	9.891146409642505E-8	1	1	459	207	22	1	T
F8_BC68_191109_LF_LIB_consensus_vsearch	1325	T	T	692	4	0.57%	2	2	93	93	0.062230506821500255	1	1	486	206	2	2	C
F8_BC68_191109_LF_LIB_consensus_vsearch	1326	A	*/-CA	674	13	1.84%	2	1	93	93	1.1527339570506947E-4	1	1	464	210	13	0	-CA
F8_BC68_191109_LF_LIB_consensus_vsearch	1327	C	C	685	5	0.72%	2	2	93	93	0.0310236333677177	1	1	473	212	4	1	T
F8_BC68_191109_LF_LIB_consensus_vsearch	1328	A	R	668	18	2.59%	2	2	93	93	3.407235887724633E-6	1	1	455	213	17	1	G
F8_BC68_191109_LF_LIB_consensus_vsearch	1329	T	T	698	5	0.7%	2	1	93	93	0.031027817868692333	1	1	484	214	5	0	-G
F8_BC68_191109_LF_LIB_consensus_vsearch	1330	G	R	679	17	2.41%	2	2	93	93	6.9111288925445405E-6	1	1	471	208	14	3	A
F8_BC68_191109_LF_LIB_consensus_vsearch	1331	C	C	695	4	0.56%	2	2	93	93	0.06223166385714614	1	1	483	212	1	3	-T
F8_BC68_191109_LF_LIB_consensus_vsearch	1332	T	*/-CT	691	7	0.99%	2	1	93	93	0.007695314307205932	1	1	481	210	7	0	-CT
F8_BC68_191109_LF_LIB_consensus_vsearch	1333	C	*/+T	673	25	3.54%	2	1	93	93	2.3946833793029653E-8	1	1	486	187	0	25	+T
F8_BC68_191109_LF_LIB_consensus_vsearch	1334	T	T	686	3	0.43%	2	2	93	93	0.12472766884553547	1	1	478	208	2	1	C
F8_BC68_191109_LF_LIB_consensus_vsearch	1335	A	*/-C	684	12	1.69%	2	2	93	93	2.3274305589242978E-4	1	1	485	199	2	10	-C
F8_BC68_191109_LF_LIB_consensus_vsearch	1336	C	C	689	2	0.29%	2	1	93	93	0.24981897175930162	1	1	486	203	2	0	+A
F8_BC68_191109_LF_LIB_consensus_vsearch	1337	C	*/-T	685	14	1.97%	2	2	93	93	5.715239513620629E-5	1	1	488	197	1	13	-T
F8_BC68_191109_LF_LIB_consensus_vsearch	1338	T	T	676	5	0.73%	2	2	93	93	0.03102064285287434	1	1	484	192	4	1	+C
F8_BC68_191109_LF_LIB_consensus_vsearch	1339	C	C	693	4	0.57%	2	1	93	93	0.06223089360699252	1	1	487	206	4	0	-GC
F8_BC68_191109_LF_LIB_consensus_vsearch	1340	G	G	701	4	0.56%	2	1	93	93	0.06223394837614865	1	1	485	216	4	0	A
F8_BC68_191109_LF_LIB_consensus_vsearch	1341	C	C	698	3	0.42%	2	1	93	93	0.12473233404720117	1	1	485	213	0	3	+A
F8_BC68_191109_LF_LIB_consensus_vsearch	1342	A	A	696	6	0.85%	2	2	93	93	0.015458304885326069	1	1	484	212	5	1	G
F8_BC68_191109_LF_LIB_consensus_vsearch	1343	C	*/-A	681	7	0.99%	2	2	93	93	0.007693616017588559	1	1	479	202	2	5	-A
F8_BC68_191109_LF_LIB_consensus_vsearch	1344	A	A	692	6	0.85%	2	2	93	93	0.015457350992753744	1	1	487	205	4	2	G
F8_BC68_191109_LF_LIB_consensus_vsearch	1345	A	A	697	6	0.85%	2	2	93	93	0.015458541664756588	1	1	486	211	4	2	-G
F8_BC68_191109_LF_LIB_consensus_vsearch	1346	G	G	702	1	0.14%	2	1	93	93	0.5000000000008233	1	1	491	211	0	1	+CA
F8_BC68_191109_LF_LIB_consensus_vsearch	1347	G	G	707	2	0.28%	2	2	93	93	0.24982357092413102	1	1	492	215	1	1	-C
F8_BC68_191109_LF_LIB_consensus_vsearch	1348	C	*/-G	660	37	5.23%	2	2	93	93	4.454472497968208E-12	1	1	480	180	8	29	-G
F8_BC68_191109_LF_LIB_consensus_vsearch	1349	G	R	659	11	1.63%	2	2	93	93	4.6849349314201534E-4	1	1	476	183	9	2	A
F8_BC68_191109_LF_LIB_consensus_vsearch	1350	G	G	698	5	0.7%	2	1	93	93	0.031027817868692333	1	1	484	214	5	0	+A
F8_BC68_191109_LF_LIB_consensus_vsearch	1351	G	G	702	4	0.56%	2	1	93	93	0.062234325352884735	1	1	489	213	0	4	-TG
F8_BC68_191109_LF_LIB_consensus_vsearch	1352	T	T	702	5	0.71%	2	2	93	93	0.031029074459554294	1	1	490	212	4	1	C
F8_BC68_191109_LF_LIB_consensus_vsearch	1353	G	G	700	5	0.71%	2	2	93	93	0.031028447945850964	1	1	489	211	4	1	-CG
F8_BC68_191109_LF_LIB_consensus_vsearch	1354	C	*/-G	639	54	7.64%	2	2	93	93	1.8960809313403315E-17	1	1	456	183	27	27	-G
F8_BC68_191109_LF_LIB_consensus_vsearch	1355	G	R	633	8	1.23%	2	1	93	93	0.003821367381659358	1	1	448	185	8	0	A
F8_BC68_191109_LF_LIB_consensus_vsearch	1356	G	R	688	8	1.13%	2	2	93	93	0.0038280434768544216	1	1	482	206	7	1	A
F8_BC68_191109_LF_LIB_consensus_vsearch	1357	G	K	700	10	1.41%	2	1	93	93	9.458981841802102E-4	1	1	484	216	10	0	T
F8_BC68_191109_LF_LIB_consensus_vsearch	1358	T	*/-G	695	9	1.26%	2	1	93	93	0.0019035242319234804	1	1	491	204	0	9	-G
F8_BC68_191109_LF_LIB_consensus_vsearch	1359	G	*/+T	669	26	3.71%	2	1	93	93	1.1742829855339043E-8	1	1	491	178	0	26	+T
F8_BC68_191109_LF_LIB_consensus_vsearch	1360	T	Y	680	7	0.99%	2	2	93	93	0.007693443477408817	1	1	475	205	4	3	C
F8_BC68_191109_LF_LIB_consensus_vsearch	1361	C	*/-T	652	43	6.13%	2	2	93	93	5.816051689562142E-14	1	1	476	176	7	36	-T
F8_BC68_191109_LF_LIB_consensus_vsearch	1362	T	*/-GCC	632	10	1.51%	2	2	93	93	9.426833798087301E-4	1	1	465	167	9	1	-GCC
F8_BC68_191109_LF_LIB_consensus_vsearch	1363	G	R	669	15	2.16%	2	1	93	93	2.8239585220290744E-5	1	1	460	209	15	0	A
F8_BC68_191109_LF_LIB_consensus_vsearch	1364	C	C	683	2	0.29%	2	1	93	93	0.24981738495282624	1	1	476	207	2	0	+AC
F8_BC68_191109_LF_LIB_consensus_vsearch	1365	C	*/-A	658	18	2.57%	2	2	93	93	3.40147227163991E-6	1	1	451	207	17	1	-A
F8_BC68_191109_LF_LIB_consensus_vsearch	1366	A	*/-CA	642	14	2.06%	2	2	93	93	5.69041297259133E-5	1	1	450	192	2	12	-CA
F8_BC68_191109_LF_LIB_consensus_vsearch	1367	C	*/-A	548	76	11.18%	2	2	93	93	1.1623814139247646E-24	1	1	362	186	73	3	-A
F8_BC68_191109_LF_LIB_consensus_vsearch	1368	A	W	588	13	2.13%	2	2	93	93	1.1432236795092524E-4	1	1	397	191	10	3	T
F8_BC68_191109_LF_LIB_consensus_vsearch	1369	A	R	666	22	3.11%	2	2	93	93	2.010348133742662E-7	1	1	463	203	18	4	G
F8_BC68_191109_LF_LIB_consensus_vsearch	1370	G	*/+C	682	15	2.13%	2	1	93	93	2.8280907359597763E-5	1	1	491	191	0	15	+C
F8_BC68_191109_LF_LIB_consensus_vsearch	1371	G	G	706	1	0.14%	2	1	93	93	0.4999999999990043	1	1	492	214	1	0	+C
F8_BC68_191109_LF_LIB_consensus_vsearch	1372	A	A	700	4	0.56%	2	2	93	93	0.06223357032831275	1	1	487	213	3	1	G
F8_BC68_191109_LF_LIB_consensus_vsearch	1373	C	C	696	4	0.57%	2	1	93	93	0.06223204733082229	1	1	485	211	0	4	T
F8_BC68_191109_LF_LIB_consensus_vsearch	1374	A	*/+T	686	8	1.13%	2	1	93	93	0.003827819161525346	1	1	475	211	8	0	+T
F8_BC68_191109_LF_LIB_consensus_vsearch	1375	T	T	696	3	0.42%	2	1	93	93	0.12473156764502437	1	1	490	206	0	3	+C
F8_BC68_191109_LF_LIB_consensus_vsearch	1376	T	*/-C	603	71	10.01%	2	2	93	93	6.048520125695186E-23	1	1	433	170	42	29	-C
F8_BC68_191109_LF_LIB_consensus_vsearch	1377	C	C	635	1	0.16%	2	1	93	93	0.4999999999990043	1	1	450	185	1	0	+AC
F8_BC68_191109_LF_LIB_consensus_vsearch	1378	C	C	706	2	0.28%	2	2	93	93	0.24982332155411754	1	1	493	213	1	1	T
F8_BC68_191109_LF_LIB_consensus_vsearch	1379	C	C	706	5	0.7%	2	2	93	93	0.03103031691652057	1	1	492	214	3	2	T
F8_BC68_191109_LF_LIB_consensus_vsearch	1380	C	Y	697	8	1.12%	2	2	93	93	0.003829037219745354	1	1	494	203	1	7	T
F8_BC68_191109_LF_LIB_consensus_vsearch	1381	A	A	705	2	0.28%	2	1	93	93	0.24982307147908459	1	1	491	214	0	2	-T
F8_BC68_191109_LF_LIB_consensus_vsearch	1382	T	T	704	2	0.28%	2	1	93	93	0.24982282069449002	1	1	490	214	2	0	C
F8_BC68_191109_LF_LIB_consensus_vsearch	1383	C	C	706	2	0.28%	2	1	93	93	0.24982332155411754	1	1	492	214	0	2	+A
F8_BC68_191109_LF_LIB_consensus_vsearch	1384	G	G	698	6	0.84%	2	2	93	93	0.015458777772499533	1	1	490	208	3	3	A
F8_BC68_191109_LF_LIB_consensus_vsearch	1385	T	T	699	3	0.43%	2	2	93	93	0.12473271560965893	1	1	490	209	2	1	C
F8_BC68_191109_LF_LIB_consensus_vsearch	1386	C	C	702	2	0.28%	2	2	93	93	0.2498223169866272	1	1	489	213	1	1	-G
F8_BC68_191109_LF_LIB_consensus_vsearch	1387	G	*/-CG	684	13	1.84%	2	2	93	93	1.1536904529305717E-4	1	1	477	207	9	4	-CG
F8_BC68_191109_LF_LIB_consensus_vsearch	1388	C	*/-GT	668	17	2.43%	2	2	93	93	6.900030136008669E-6	1	1	477	191	1	16	-GT
F8_BC68_191109_LF_LIB_consensus_vsearch	1389	G	G	660	4	0.59%	2	2	93	93	0.06221751432510105	1	1	476	184	1	3	+T
F8_BC68_191109_LF_LIB_consensus_vsearch	1390	T	T	687	2	0.29%	2	1	93	93	0.24981844589727606	1	1	492	195	0	2	C
F8_BC68_191109_LF_LIB_consensus_vsearch	1391	T	Y	683	15	2.11%	2	1	93	93	2.8284024007331092E-5	1	1	491	192	0	15	C
F8_BC68_191109_LF_LIB_consensus_vsearch	1392	C	*/-G	676	9	1.27%	2	1	93	93	0.0019021580576563692	1	1	477	199	9	0	-G
F8_BC68_191109_LF_LIB_consensus_vsearch	1393	G	G	686	5	0.72%	2	2	93	93	0.031023960840170225	1	1	476	210	4	1	A
F8_BC68_191109_LF_LIB_consensus_vsearch	1394	C	Y	677	8	1.13%	2	2	93	93	0.0038267936108249954	1	1	468	209	6	2	T
F8_BC68_191109_LF_LIB_consensus_vsearch	1395	T	T	691	6	0.86%	2	1	93	93	0.01545711081143495	1	1	485	206	0	6	C
F8_BC68_191109_LF_LIB_consensus_vsearch	1396	A	R	681	9	1.28%	2	2	93	93	0.001902524820821714	1	1	468	213	8	1	G
F8_BC68_191109_LF_LIB_consensus_vsearch	1397	C	C	693	3	0.43%	2	1	93	93	0.12473040977706219	1	1	482	211	0	3	T
F8_BC68_191109_LF_LIB_consensus_vsearch	1398	G	G	691	6	0.85%	2	2	93	93	0.01545711081143495	1	1	485	206	3	3	+C
F8_BC68_191109_LF_LIB_consensus_vsearch	1399	C	C	700	2	0.28%	2	1	93	93	0.2498218104060075	1	1	489	211	2	0	+A
F8_BC68_191109_LF_LIB_consensus_vsearch	1400	C	C	697	4	0.56%	2	1	93	93	0.06223242971040495	1	1	489	208	0	4	-TC
F8_BC68_191109_LF_LIB_consensus_vsearch	1401	T	*/-C	550	142	20.11%	2	1	93	93	5.58425692502017E-47	1	1	342	208	142	0	-C
F8_BC68_191109_LF_LIB_consensus_vsearch	1402	C	*/+G	546	11	1.95%	2	1	93	93	4.6454081261780003E-4	1	1	339	207	11	0	+G
F8_BC68_191109_LF_LIB_consensus_vsearch	1403	C	S	683	13	1.83%	2	1	93	93	1.1535960161590476E-4	1	1	468	215	13	0	G
F8_BC68_191109_LF_LIB_consensus_vsearch	1404	A	R	591	86	12.23%	2	2	93	93	7.229601986481113E-28	1	1	379	212	82	4	G
F8_BC68_191109_LF_LIB_consensus_vsearch	1405	G	*/+A	669	20	2.9%	2	1	93	93	8.291966204064356E-7	1	1	453	216	20	0	+A
F8_BC68_191109_LF_LIB_consensus_vsearch	1406	G	*/+T	638	37	5.2%	2	1	93	93	4.3818367754839685E-12	1	1	425	213	37	0	+T
F8_BC68_191109_LF_LIB_consensus_vsearch	1407	T	K	675	8	1.16%	2	1	93	93	0.003826562057959725	1	1	464	211	8	0	G
F8_BC68_191109_LF_LIB_consensus_vsearch	1408	T	T	706	4	0.56%	2	2	93	93	0.0622358226367427	1	1	494	212	2	2	C
F8_BC68_191109_LF_LIB_consensus_vsearch	1409	T	Y	695	8	1.12%	2	2	93	93	0.003828818576574826	1	1	489	206	3	5	C
F8_BC68_191109_LF_LIB_consensus_vsearch	1410	C	*/-A	667	27	3.79%	2	2	93	93	5.757318507492962E-9	1	1	463	204	17	10	-A
F8_BC68_191109_LF_LIB_consensus_vsearch	1411	A	A	676	2	0.29%	2	1	93	93	0.2498154981554341	1	1	472	204	0	2	G
F8_BC68_191109_LF_LIB_consensus_vsearch	1412	A	A	701	2	0.28%	2	1	93	93	0.24982206405609253	1	1	487	214	2	0	C
F8_BC68_191109_LF_LIB_consensus_vsearch	1413	A	*/-TC	683	16	2.25%	2	1	93	93	1.399016506018352E-5	1	1	486	197	0	16	-TC
F8_BC68_191109_LF_LIB_consensus_vsearch	1414	T	*/-C	550	130	18.71%	2	2	93	93	7.965252567444482E-43	1	1	381	169	105	25	-C
F8_BC68_191109_LF_LIB_consensus_vsearch	1415	C	C	563	0	0%	2	0	93	0	1.0	1	0	389	174	0	0	
F8_BC68_191109_LF_LIB_consensus_vsearch	1416	C	C	701	4	0.56%	2	1	93	93	0.06223394837614865	1	1	491	210	0	4	+T
F8_BC68_191109_LF_LIB_consensus_vsearch	1417	C	*/-T	683	15	2.1%	2	2	93	93	2.8284024007331092E-5	1	1	487	196	1	14	-T
F8_BC68_191109_LF_LIB_consensus_vsearch	1418	T	T	687	4	0.58%	2	1	93	93	0.062228556095681314	1	1	488	199	4	0	C
F8_BC68_191109_LF_LIB_consensus_vsearch	1419	T	*/-C	686	12	1.69%	2	2	93	93	2.327752070121532E-4	1	1	482	204	3	9	-C
F8_BC68_191109_LF_LIB_consensus_vsearch	1420	C	C	686	4	0.57%	2	1	93	93	0.062228162556719	1	1	484	202	0	4	+G
F8_BC68_191109_LF_LIB_consensus_vsearch	1421	G	G	711	0	0%	2	0	93	0	1.0	1	0	494	217	0	0	
F8_BC68_191109_LF_LIB_consensus_vsearch	1422	A	A	697	6	0.84%	2	1	93	93	0.015458541664756588	1	1	489	208	0	6	+C
F8_BC68_191109_LF_LIB_consensus_vsearch	1423	C	C	703	6	0.84%	2	1	93	93	0.015459948335160068	1	1	493	210	0	6	+T
F8_BC68_191109_LF_LIB_consensus_vsearch	1424	T	*/-C	692	11	1.54%	2	1	93	93	4.694110429594632E-4	1	1	489	203	0	11	-C
F8_BC68_191109_LF_LIB_consensus_vsearch	1425	C	*/-GC	681	7	1%	2	1	93	93	0.007693616017588559	1	1	481	200	7	0	-GC
F8_BC68_191109_LF_LIB_consensus_vsearch	1426	G	R	691	9	1.28%	2	1	93	93	0.0019032427370135523	1	1	476	215	9	0	A
F8_BC68_191109_LF_LIB_consensus_vsearch	1427	C	C	692	5	0.71%	2	1	93	93	0.03102590594951147	1	1	482	210	0	5	T
F8_BC68_191109_LF_LIB_consensus_vsearch	1428	A	R	689	11	1.55%	2	2	93	93	4.693311600173773E-4	1	1	476	213	10	1	G
F8_BC68_191109_LF_LIB_consensus_vsearch	1429	T	T	694	5	0.71%	2	2	93	93	0.031026546901622466	1	1	482	212	3	2	C
F8_BC68_191109_LF_LIB_consensus_vsearch	1430	G	R	676	16	2.27%	2	2	93	93	1.3977746915028406E-5	1	1	461	215	15	1	A
F8_BC68_191109_LF_LIB_consensus_vsearch	1431	C	*/+A	609	43	6.11%	2	2	93	93	5.556190383330602E-14	1	1	396	213	42	1	+A
F8_BC68_191109_LF_LIB_consensus_vsearch	1432	A	A	649	5	0.76%	2	2	93	93	0.031011177655272625	1	1	436	213	4	1	G
F8_BC68_191109_LF_LIB_consensus_vsearch	1433	A	*/-G	684	13	1.84%	2	2	93	93	1.1536904529305717E-4	1	1	476	208	10	3	-G
F8_BC68_191109_LF_LIB_consensus_vsearch	1434	G	*/+A	688	7	1%	2	1	93	93	0.007694809936862327	1	1	474	214	7	0	+A
F8_BC68_191109_LF_LIB_consensus_vsearch	1435	G	K	701	8	1.12%	2	1	93	93	0.003829470822680027	1	1	487	214	8	0	T
F8_BC68_191109_LF_LIB_consensus_vsearch	1436	T	T	696	6	0.84%	2	2	93	93	0.015458304885326069	1	1	487	209	3	3	C
F8_BC68_191109_LF_LIB_consensus_vsearch	1437	G	G	699	2	0.28%	2	1	93	93	0.24982155603092132	1	1	487	212	0	2	+TG
F8_BC68_191109_LF_LIB_consensus_vsearch	1438	C	*/-A	684	16	2.25%	2	1	93	93	1.3991919466867768E-5	1	1	472	212	16	0	-A
F8_BC68_191109_LF_LIB_consensus_vsearch	1439	A	R	671	14	2.03%	2	2	93	93	5.707490482835091E-5	1	1	459	212	12	2	G
F8_BC68_191109_LF_LIB_consensus_vsearch	1440	C	*/-T	678	9	1.27%	2	1	93	93	0.0019023053990612246	1	1	488	190	0	9	-T
F8_BC68_191109_LF_LIB_consensus_vsearch	1441	T	*/-C	642	29	4.16%	2	2	93	93	1.3673513736739472E-9	1	1	473	169	14	15	-C
F8_BC68_191109_LF_LIB_consensus_vsearch	1442	C	Y	647	8	1.21%	2	2	93	93	0.0038231725885201516	1	1	473	174	1	7	T
F8_BC68_191109_LF_LIB_consensus_vsearch	1443	C	*/-T	648	20	2.86%	2	2	93	93	8.255046582017623E-7	1	1	472	176	3	17	-T
F8_BC68_191109_LF_LIB_consensus_vsearch	1444	T	K	655	11	1.62%	2	1	93	93	4.68376176463392E-4	1	1	470	185	11	0	G
F8_BC68_191109_LF_LIB_consensus_vsearch	1445	T	Y	679	18	2.55%	2	2	93	93	3.4133931644263426E-6	1	1	476	203	17	1	C
F8_BC68_191109_LF_LIB_consensus_vsearch	1446	G	R	690	9	1.28%	2	2	93	93	0.0019031718633756593	1	1	485	205	8	1	A
F8_BC68_191109_LF_LIB_consensus_vsearch	1447	G	G	704	5	0.7%	2	2	93	93	0.03102969743972635	1	1	491	213	4	1	A
F8_BC68_191109_LF_LIB_consensus_vsearch	1448	T	*/-C	688	15	2.11%	2	2	93	93	2.829947792420914E-5	1	1	475	213	14	1	-C
F8_BC68_191109_LF_LIB_consensus_vsearch	1449	C	C	691	2	0.29%	2	1	93	93	0.24981949458509745	1	1	476	215	2	0	+AA
F8_BC68_191109_LF_LIB_consensus_vsearch	1450	C	C	701	4	0.56%	2	1	93	93	0.06223394837614865	1	1	487	214	4	0	A
F8_BC68_191109_LF_LIB_consensus_vsearch	1451	G	R	699	7	0.98%	2	2	93	93	0.0076966383990413785	1	1	485	214	5	2	A
F8_BC68_191109_LF_LIB_consensus_vsearch	1452	T	T	700	5	0.7%	2	1	93	93	0.031028447945850964	1	1	488	212	5	0	C
F8_BC68_191109_LF_LIB_consensus_vsearch	1453	G	*/-T	669	20	2.82%	2	2	93	93	8.291966204064356E-7	1	1	458	211	18	2	-T
F8_BC68_191109_LF_LIB_consensus_vsearch	1454	T	Y	670	11	1.6%	2	2	93	93	4.6880909815982715E-4	1	1	469	201	3	8	C
F8_BC68_191109_LF_LIB_consensus_vsearch	1455	T	Y	699	8	1.13%	2	2	93	93	0.003829254631650171	1	1	489	210	5	3	C
F8_BC68_191109_LF_LIB_consensus_vsearch	1456	T	*/+C	686	15	2.1%	2	2	93	93	2.8293322078510216E-5	1	1	474	212	14	1	+C
F8_BC68_191109_LF_LIB_consensus_vsearch	1457	C	*/-A	688	15	2.11%	2	2	93	93	2.829947792420914E-5	1	1	477	211	14	1	-A
F8_BC68_191109_LF_LIB_consensus_vsearch	1458	A	A	685	4	0.57%	2	2	93	93	0.06222776787485914	1	1	472	213	3	1	C
F8_BC68_191109_LF_LIB_consensus_vsearch	1459	A	A	702	3	0.42%	2	1	93	93	0.12473385379729661	1	1	490	212	3	0	G
F8_BC68_191109_LF_LIB_consensus_vsearch	1460	G	G	708	2	0.28%	2	1	93	93	0.24982381959094058	1	1	492	216	2	0	-A
F8_BC68_191109_LF_LIB_consensus_vsearch	1461	A	R	699	8	1.13%	2	2	93	93	0.003829254631650171	1	1	487	212	5	3	G
F8_BC68_191109_LF_LIB_consensus_vsearch	1462	C	*/-G	675	25	3.51%	2	2	93	93	2.3962073618542957E-8	1	1	493	182	2	23	-G
F8_BC68_191109_LF_LIB_consensus_vsearch	1463	G	R	672	11	1.6%	2	2	93	93	4.6886540252506797E-4	1	1	484	188	9	2	A
F8_BC68_191109_LF_LIB_consensus_vsearch	1464	G	G	709	2	0.28%	2	1	93	93	0.24982406755817957	1	1	492	217	2	0	+A
F8_BC68_191109_LF_LIB_consensus_vsearch	1465	G	G	704	6	0.84%	2	1	93	93	0.015460180472089387	1	1	488	216	6	0	A
F8_BC68_191109_LF_LIB_consensus_vsearch	1466	C	*/-G	677	16	2.25%	2	2	93	93	1.3979535789920161E-5	1	1	473	204	10	6	-G
F8_BC68_191109_LF_LIB_consensus_vsearch	1467	G	R	675	7	1.02%	2	1	93	93	0.007692573209303539	1	1	468	207	7	0	A
F8_BC68_191109_LF_LIB_consensus_vsearch	1468	G	R	673	9	1.28%	2	2	93	93	0.001901935436692325	1	1	461	212	7	2	A
F8_BC68_191109_LF_LIB_consensus_vsearch	1469	C	*/-T	680	7	1.01%	2	2	93	93	0.007693443477408817	1	1	471	209	4	3	-T
F8_BC68_191109_LF_LIB_consensus_vsearch	1470	T	Y	685	15	2.13%	2	2	93	93	2.82902313308046E-5	1	1	474	211	14	1	C
F8_BC68_191109_LF_LIB_consensus_vsearch	1471	A	A	696	4	0.57%	2	2	93	93	0.06223204733082229	1	1	485	211	2	2	G
F8_BC68_191109_LF_LIB_consensus_vsearch	1472	A	R	694	10	1.41%	2	2	93	93	9.456392717556314E-4	1	1	481	213	9	1	G
F8_BC68_191109_LF_LIB_consensus_vsearch	1473	C	C	700	5	0.7%	2	2	93	93	0.031028447945850964	1	1	488	212	1	4	T
F8_BC68_191109_LF_LIB_consensus_vsearch	1474	G	R	675	33	4.63%	2	1	93	93	7.947864278249443E-11	1	1	459	216	33	0	A
F8_BC68_191109_LF_LIB_consensus_vsearch	1475	G	G	708	4	0.56%	2	1	93	93	0.062236564967947605	1	1	492	216	4	0	A
F8_BC68_191109_LF_LIB_consensus_vsearch	1476	T	T	701	5	0.7%	2	2	93	93	0.03102876164621499	1	1	486	215	3	2	C
F8_BC68_191109_LF_LIB_consensus_vsearch	1477	C	*/+A	686	11	1.55%	2	2	93	93	4.69250597951495E-4	1	1	472	214	9	2	+A
F8_BC68_191109_LF_LIB_consensus_vsearch	1478	G	R	668	21	2.98%	2	2	93	93	4.084922967980539E-7	1	1	454	214	20	1	A
F8_BC68_191109_LF_LIB_consensus_vsearch	1479	C	Y	656	18	2.55%	2	2	93	93	3.400299948628629E-6	1	1	454	202	12	6	T
F8_BC68_191109_LF_LIB_consensus_vsearch	1480	A	A	679	5	0.72%	2	2	93	93	0.031021648432048188	1	1	472	207	3	2	G
F8_BC68_191109_LF_LIB_consensus_vsearch	1481	A	R	696	8	1.13%	2	2	93	93	0.0038289280527219385	1	1	486	210	5	3	G
F8_BC68_191109_LF_LIB_consensus_vsearch	1482	G	G	706	2	0.28%	2	1	93	93	0.24982332155411754	1	1	492	214	0	2	+C
F8_BC68_191109_LF_LIB_consensus_vsearch	1483	A	*/-C	655	42	5.91%	2	2	93	93	1.2028886893481945E-13	1	1	444	211	39	3	-C
F8_BC68_191109_LF_LIB_consensus_vsearch	1484	C	C	659	5	0.75%	2	2	93	93	0.03101477300193712	1	1	448	211	2	3	T
F8_BC68_191109_LF_LIB_consensus_vsearch	1485	C	*/+A	695	7	0.99%	2	1	93	93	0.007695980114598385	1	1	481	214	7	0	+A
F8_BC68_191109_LF_LIB_consensus_vsearch	1486	C	Y	642	44	6.17%	2	2	93	93	2.7885085495992044E-14	1	1	476	166	2	42	T
F8_BC68_191109_LF_LIB_consensus_vsearch	1487	G	G	690	6	0.85%	2	1	93	93	0.015456869940904113	1	1	474	216	6	0	C
F8_BC68_191109_LF_LIB_consensus_vsearch	1488	C	C	696	4	0.56%	2	1	93	93	0.06223204733082229	1	1	487	209	0	4	-A
F8_BC68_191109_LF_LIB_consensus_vsearch	1489	A	A	699	4	0.57%	2	1	93	93	0.062233191204189284	1	1	487	212	4	0	G
F8_BC68_191109_LF_LIB_consensus_vsearch	1490	A	A	702	2	0.28%	2	1	93	93	0.2498223169866272	1	1	489	213	0	2	-T
F8_BC68_191109_LF_LIB_consensus_vsearch	1491	T	T	695	4	0.56%	2	2	93	93	0.06223166385714614	1	1	484	211	1	3	C
F8_BC68_191109_LF_LIB_consensus_vsearch	1492	C	*/-A	693	9	1.27%	2	2	93	93	0.0019033838827015696	1	1	481	212	7	2	-A
F8_BC68_191109_LF_LIB_consensus_vsearch	1493	A	*/+C	672	16	2.29%	2	1	93	93	1.3970541136495358E-5	1	1	462	210	16	0	+C
F8_BC68_191109_LF_LIB_consensus_vsearch	1494	C	*/-A	672	25	3.52%	2	1	93	93	2.3939184147216112E-8	1	1	462	210	25	0	-A
F8_BC68_191109_LF_LIB_consensus_vsearch	1495	A	*/-CA	630	30	4.37%	2	2	93	93	6.648076452996836E-10	1	1	420	210	28	2	-CA
F8_BC68_191109_LF_LIB_consensus_vsearch	1496	C	*/+A	623	17	2.52%	2	1	93	93	6.850817126571179E-6	1	1	417	206	17	0	+A
F8_BC68_191109_LF_LIB_consensus_vsearch	1497	A	R	627	16	2.4%	2	1	93	93	1.3883517420066547E-5	1	1	417	210	16	0	G
F8_BC68_191109_LF_LIB_consensus_vsearch	1498	A	R	671	16	2.26%	2	2	93	93	1.3968727016108438E-5	1	1	461	210	14	2	G
F8_BC68_191109_LF_LIB_consensus_vsearch	1499	G	G	684	4	0.58%	2	2	93	93	0.06222737204525631	1	1	472	212	3	1	A
F8_BC68_191109_LF_LIB_consensus_vsearch	1500	G	G	709	1	0.14%	2	1	93	93	0.5000000000008233	1	1	493	216	1	0	+AG
F8_BC68_191109_LF_LIB_consensus_vsearch	1501	T	T	704	4	0.56%	2	1	93	93	0.06223507611041307	1	1	488	216	4	0	C
F8_BC68_191109_LF_LIB_consensus_vsearch	1502	C	C	695	5	0.7%	2	1	93	93	0.031026866004720807	1	1	480	215	5	0	+AC
F8_BC68_191109_LF_LIB_consensus_vsearch	1503	G	R	689	8	1.13%	2	1	93	93	0.0038281551540559158	1	1	475	214	8	0	A
F8_BC68_191109_LF_LIB_consensus_vsearch	1504	C	*/-A	683	8	1.13%	2	2	93	93	0.003827480265442575	1	1	475	208	5	3	-A
F8_BC68_191109_LF_LIB_consensus_vsearch	1505	A	R	653	31	4.44%	2	2	93	93	3.2890366165761105E-10	1	1	455	198	30	1	G
F8_BC68_191109_LF_LIB_consensus_vsearch	1506	G	G	705	3	0.42%	2	1	93	93	0.12473498233245997	1	1	494	211	0	3	+T
F8_BC68_191109_LF_LIB_consensus_vsearch	1507	G	G	706	2	0.28%	2	1	93	93	0.24982332155411754	1	1	490	216	2	0	-A
F8_BC68_191109_LF_LIB_consensus_vsearch	1508	A	*/-G	691	8	1.13%	2	2	93	93	0.0038283775544042174	1	1	483	208	1	7	-G
F8_BC68_191109_LF_LIB_consensus_vsearch	1509	G	G	696	1	0.14%	2	1	93	93	0.5000000000008233	1	1	490	206	0	1	+AG
F8_BC68_191109_LF_LIB_consensus_vsearch	1510	G	G	704	3	0.42%	2	1	93	93	0.12473460721856874	1	1	489	215	3	0	-A
F8_BC68_191109_LF_LIB_consensus_vsearch	1511	A	A	700	3	0.42%	2	2	93	93	0.12473309608558197	1	1	487	213	1	2	G
F8_BC68_191109_LF_LIB_consensus_vsearch	1512	T	*/+C	683	18	2.52%	2	2	93	93	3.415586336673205E-6	1	1	474	209	17	1	+C
F8_BC68_191109_LF_LIB_consensus_vsearch	1513	C	C	708	1	0.14%	2	1	93	93	0.4999999999990043	1	1	494	214	0	1	G
F8_BC68_191109_LF_LIB_consensus_vsearch	1514	A	R	683	26	3.65%	2	2	93	93	1.1799214406560336E-8	1	1	472	211	20	6	G
F8_BC68_191109_LF_LIB_consensus_vsearch	1515	G	R	703	7	0.99%	2	1	93	93	0.007697289287406505	1	1	486	217	7	0	A
F8_BC68_191109_LF_LIB_consensus_vsearch	1516	C	*/-A	694	8	1.13%	2	2	93	93	0.003828708790007478	1	1	485	209	5	3	-A
F8_BC68_191109_LF_LIB_consensus_vsearch	1517	A	R	689	10	1.43%	2	2	93	93	9.454201481114765E-4	1	1	477	212	8	2	G
F8_BC68_191109_LF_LIB_consensus_vsearch	1518	A	R	645	58	8.17%	2	2	93	93	1.0179768965310361E-18	1	1	432	213	57	1	G
F8_BC68_191109_LF_LIB_consensus_vsearch	1519	C	C	700	3	0.42%	2	1	93	93	0.12473309608558197	1	1	487	213	3	0	G
F8_BC68_191109_LF_LIB_consensus_vsearch	1520	C	*/+A	686	7	0.98%	2	2	93	93	0.007694471271058793	1	1	476	210	6	1	+A
F8_BC68_191109_LF_LIB_consensus_vsearch	1521	G	R	675	8	1.13%	2	1	93	93	0.003826562057959725	1	1	466	209	8	0	A
F8_BC68_191109_LF_LIB_consensus_vsearch	1522	C	*/+G	635	37	5.27%	2	1	93	93	4.3716491532085106E-12	1	1	434	201	37	0	+G
F8_BC68_191109_LF_LIB_consensus_vsearch	1523	A	*/-G	612	45	6.47%	2	2	93	93	1.3028757785087789E-14	1	1	414	198	44	1	-G
F8_BC68_191109_LF_LIB_consensus_vsearch	1524	G	G	643	4	0.6%	2	2	93	93	0.06221008912308223	1	1	437	206	3	1	A
F8_BC68_191109_LF_LIB_consensus_vsearch	1525	G	R	639	28	3.94%	2	2	93	93	2.7893283874341507E-9	1	1	431	208	26	2	A
F8_BC68_191109_LF_LIB_consensus_vsearch	1526	C	*/-T	620	18	2.6%	2	2	93	93	3.3780009867505704E-6	1	1	423	197	17	1	-T
F8_BC68_191109_LF_LIB_consensus_vsearch	1527	T	*/+C	627	17	2.47%	2	1	93	93	6.855458679460618E-6	1	1	432	195	17	0	+C
F8_BC68_191109_LF_LIB_consensus_vsearch	1528	A	R	467	201	28.8%	2	2	93	93	5.819349509265354E-69	1	1	280	187	185	16	G
F8_BC68_191109_LF_LIB_consensus_vsearch	1529	C	*/-A	668	10	1.44%	2	2	93	93	9.444648801915616E-4	1	1	462	206	9	1	-A
F8_BC68_191109_LF_LIB_consensus_vsearch	1530	A	A	679	4	0.58%	2	2	93	93	0.06222537550484247	1	1	469	210	3	1	G
F8_BC68_191109_LF_LIB_consensus_vsearch	1531	A	R	595	91	12.91%	2	2	93	93	1.6494458326599133E-29	1	1	384	211	89	2	G
F8_BC68_191109_LF_LIB_consensus_vsearch	1532	C	*/-A	675	13	1.84%	2	1	93	93	1.1528308332773016E-4	1	1	462	213	13	0	-A
F8_BC68_191109_LF_LIB_consensus_vsearch	1533	A	A	687	5	0.72%	2	1	93	93	0.031024287366540265	1	1	470	217	5	0	G
F8_BC68_191109_LF_LIB_consensus_vsearch	1534	C	C	694	6	0.85%	2	2	93	93	0.015457829299773128	1	1	482	212	4	2	-T
F8_BC68_191109_LF_LIB_consensus_vsearch	1535	T	Y	690	14	1.98%	2	2	93	93	5.717934068380805E-5	1	1	487	203	3	11	C
F8_BC68_191109_LF_LIB_consensus_vsearch	1536	G	*/-C	674	28	3.93%	2	2	93	93	2.830680200550398E-9	1	1	458	216	27	1	-C
F8_BC68_191109_LF_LIB_consensus_vsearch	1537	C	C	671	4	0.59%	2	1	93	93	0.062222119494678464	1	1	459	212	0	4	+T
F8_BC68_191109_LF_LIB_consensus_vsearch	1538	C	Y	689	10	1.41%	2	1	93	93	9.454201481114765E-4	1	1	474	215	10	0	T
F8_BC68_191109_LF_LIB_consensus_vsearch	1539	C	*/-A	568	65	9.14%	2	2	93	93	4.795695475811236E-21	1	1	360	208	63	2	-A
F8_BC68_191109_LF_LIB_consensus_vsearch	1540	A	W	626	9	1.41%	2	1	93	93	0.0018981751700118846	1	1	417	209	9	0	T
F8_BC68_191109_LF_LIB_consensus_vsearch	1541	A	A	693	6	0.85%	2	1	93	93	0.01545759048792114	1	1	480	213	6	0	G
F8_BC68_191109_LF_LIB_consensus_vsearch	1542	A	*/-G	693	13	1.83%	2	2	93	93	1.1545285757734665E-4	1	1	485	208	7	6	-G
F8_BC68_191109_LF_LIB_consensus_vsearch	1543	G	G	685	3	0.43%	2	1	93	93	0.12472727272730207	1	1	477	208	3	0	+A
F8_BC68_191109_LF_LIB_consensus_vsearch	1544	G	R	700	7	0.98%	2	1	93	93	0.00769680180962235	1	1	484	216	7	0	A
F8_BC68_191109_LF_LIB_consensus_vsearch	1545	C	C	690	6	0.85%	2	2	93	93	0.015456869940904113	1	1	479	211	4	2	-A
F8_BC68_191109_LF_LIB_consensus_vsearch	1546	A	R	648	42	5.99%	2	2	93	93	1.1949020939361517E-13	1	1	441	207	41	1	G
F8_BC68_191109_LF_LIB_consensus_vsearch	1547	G	*/-C	685	11	1.56%	2	2	93	93	4.692235915156968E-4	1	1	474	211	10	1	-C
F8_BC68_191109_LF_LIB_consensus_vsearch	1548	C	C	685	5	0.72%	2	1	93	93	0.0310236333677177	1	1	474	211	5	0	G
F8_BC68_191109_LF_LIB_consensus_vsearch	1549	C	*/-G	626	45	6.35%	2	1	93	93	1.3250005512009979E-14	1	1	424	202	45	0	-G
F8_BC68_191109_LF_LIB_consensus_vsearch	1550	G	*/-A	631	29	4.37%	2	2	93	93	1.3601690492563462E-9	1	1	420	211	26	3	-A
F8_BC68_191109_LF_LIB_consensus_vsearch	1551	A	R	665	10	1.47%	2	2	93	93	9.443236086866028E-4	1	1	453	212	9	1	G
F8_BC68_191109_LF_LIB_consensus_vsearch	1552	A	R	682	12	1.69%	2	1	93	93	2.3271072238938135E-4	1	1	469	213	12	0	G
F8_BC68_191109_LF_LIB_consensus_vsearch	1553	T	T	701	4	0.56%	2	1	93	93	0.06223394837614865	1	1	489	212	4	0	G
F8_BC68_191109_LF_LIB_consensus_vsearch	1554	T	*/+C	530	110	15.47%	2	2	93	93	4.561424333065616E-36	1	1	349	181	108	2	+C
F8_BC68_191109_LF_LIB_consensus_vsearch	1555	C	C	659	2	0.3%	2	1	93	93	0.24981074943198378	1	1	477	182	2	0	A
F8_BC68_191109_LF_LIB_consensus_vsearch	1556	C	*/-T	677	15	2.11%	2	2	93	93	2.8265192801604615E-5	1	1	474	203	11	4	-T
F8_BC68_191109_LF_LIB_consensus_vsearch	1557	T	*/+AC	658	18	2.6%	2	1	93	93	3.40147227163991E-6	1	1	451	207	18	0	+AC
F8_BC68_191109_LF_LIB_consensus_vsearch	1558	G	R	606	66	9.36%	2	2	93	93	2.529676101137131E-21	1	1	392	214	64	2	A
F8_BC68_191109_LF_LIB_consensus_vsearch	1559	C	*/-A	689	8	1.13%	2	2	93	93	0.0038281551540559158	1	1	477	212	7	1	-A
F8_BC68_191109_LF_LIB_consensus_vsearch	1560	A	R	672	19	2.7%	2	2	93	93	1.6825285607508859E-6	1	1	457	215	18	1	G
F8_BC68_191109_LF_LIB_consensus_vsearch	1561	G	R	684	12	1.69%	2	1	93	93	2.3274305589242978E-4	1	1	470	214	12	0	A
F8_BC68_191109_LF_LIB_consensus_vsearch	1562	C	C	694	4	0.57%	2	1	93	93	0.06223127928418964	1	1	478	216	4	0	-G
F8_BC68_191109_LF_LIB_consensus_vsearch	1563	G	*/-CG	637	61	8.64%	2	2	93	93	1.1011957155803186E-19	1	1	451	186	32	29	-CG
F8_BC68_191109_LF_LIB_consensus_vsearch	1564	C	*/-GT	635	7	1.08%	2	2	93	93	0.0076851246049578804	1	1	453	182	3	4	-GT
F8_BC68_191109_LF_LIB_consensus_vsearch	1565	G	G	629	5	0.78%	2	2	93	93	0.03100364684558774	1	1	451	178	4	1	A
F8_BC68_191109_LF_LIB_consensus_vsearch	1566	T	*/+C	687	12	1.7%	2	2	93	93	2.3279121466020827E-4	1	1	477	210	11	1	+C
F8_BC68_191109_LF_LIB_consensus_vsearch	1567	C	C	698	5	0.7%	2	2	93	93	0.031027817868692333	1	1	487	211	4	1	-T
F8_BC68_191109_LF_LIB_consensus_vsearch	1568	T	Y	686	15	2.12%	2	2	93	93	2.8293322078510216E-5	1	1	479	207	6	9	C
F8_BC68_191109_LF_LIB_consensus_vsearch	1569	A	A	706	2	0.28%	2	2	93	93	0.24982332155411754	1	1	491	215	1	1	G
F8_BC68_191109_LF_LIB_consensus_vsearch	1570	T	T	705	4	0.56%	2	2	93	93	0.062235449900223165	1	1	491	214	3	1	C
F8_BC68_191109_LF_LIB_consensus_vsearch	1571	C	*/-G	694	10	1.4%	2	1	93	93	9.456392717556314E-4	1	1	479	215	10	0	-G
F8_BC68_191109_LF_LIB_consensus_vsearch	1572	G	*/-CC	615	41	5.85%	2	1	93	93	2.385849485263018E-13	1	1	413	202	41	0	-CC
F8_BC68_191109_LF_LIB_consensus_vsearch	1573	C	C	639	4	0.61%	2	1	93	93	0.06220828493519518	1	1	429	210	4	0	+GC
F8_BC68_191109_LF_LIB_consensus_vsearch	1574	C	Y	656	11	1.64%	2	1	93	93	4.684056358370776E-4	1	1	440	216	11	0	T
F8_BC68_191109_LF_LIB_consensus_vsearch	1575	C	Y	689	15	2.11%	2	2	93	93	2.8302543093183694E-5	1	1	481	208	7	8	T
F8_BC68_191109_LF_LIB_consensus_vsearch	1576	C	Y	651	55	7.72%	2	2	93	93	9.292616958258882E-18	1	1	445	206	45	10	T
F8_BC68_191109_LF_LIB_consensus_vsearch	1577	A	A	698	4	0.57%	2	2	93	93	0.06223281099972274	1	1	482	216	3	1	G
F8_BC68_191109_LF_LIB_consensus_vsearch	1578	A	R	694	12	1.69%	2	2	93	93	2.329020181664877E-4	1	1	479	215	11	1	G
F8_BC68_191109_LF_LIB_consensus_vsearch	1579	C	C	702	2	0.28%	2	1	93	93	0.2498223169866272	1	1	486	216	2	0	+GC
F8_BC68_191109_LF_LIB_consensus_vsearch	1580	A	R	692	13	1.83%	2	2	93	93	1.154436487484223E-4	1	1	479	213	11	2	G
F8_BC68_191109_LF_LIB_consensus_vsearch	1581	T	T	691	5	0.7%	2	1	93	93	0.03102558409276762	1	1	478	213	5	0	+C
F8_BC68_191109_LF_LIB_consensus_vsearch	1582	C	*/-A	692	9	1.27%	2	2	93	93	0.0019033134098504238	1	1	483	209	4	5	-A
F8_BC68_191109_LF_LIB_consensus_vsearch	1583	A	R	685	9	1.28%	2	2	93	93	0.0019028144527554463	1	1	478	207	7	2	G
F8_BC68_191109_LF_LIB_consensus_vsearch	1584	A	R	598	54	7.61%	2	2	93	93	1.767042825992029E-17	1	1	433	165	50	4	G
F8_BC68_191109_LF_LIB_consensus_vsearch	1585	C	*/+T	651	8	1.2%	2	1	93	93	0.0038236743445426657	1	1	477	174	0	8	+T
F8_BC68_191109_LF_LIB_consensus_vsearch	1586	C	*/+A	698	7	0.99%	2	1	93	93	0.007696474526240225	1	1	487	211	7	0	+A
F8_BC68_191109_LF_LIB_consensus_vsearch	1587	C	C	699	3	0.42%	2	1	93	93	0.12473271560965893	1	1	490	209	0	3	-TC
F8_BC68_191109_LF_LIB_consensus_vsearch	1588	T	T	693	5	0.71%	2	2	93	93	0.031026226884601986	1	1	488	205	4	1	-C
F8_BC68_191109_LF_LIB_consensus_vsearch	1589	C	C	687	2	0.28%	2	1	93	93	0.24981844589727606	1	1	478	209	2	0	+A
F8_BC68_191109_LF_LIB_consensus_vsearch	1590	G	R	660	23	3.25%	2	1	93	93	9.874668225160268E-8	1	1	447	213	23	0	A
F8_BC68_191109_LF_LIB_consensus_vsearch	1591	C	Y	634	33	4.65%	2	2	93	93	7.75898258211226E-11	1	1	455	179	29	4	T
F8_BC68_191109_LF_LIB_consensus_vsearch	1592	G	R	655	11	1.62%	2	1	93	93	4.68376176463392E-4	1	1	467	188	11	0	A
F8_BC68_191109_LF_LIB_consensus_vsearch	1593	G	G	698	4	0.56%	2	1	93	93	0.06223281099972274	1	1	487	211	4	0	A
F8_BC68_191109_LF_LIB_consensus_vsearch	1594	G	R	678	14	1.97%	2	1	93	93	5.71140326521087E-5	1	1	464	214	14	0	A
F8_BC68_191109_LF_LIB_consensus_vsearch	1595	C	Y	673	21	2.99%	2	2	93	93	4.089547104479117E-7	1	1	481	192	1	20	T
F8_BC68_191109_LF_LIB_consensus_vsearch	1596	C	Y	656	43	6.05%	2	2	93	93	5.839111293724045E-14	1	1	484	172	2	41	T
F8_BC68_191109_LF_LIB_consensus_vsearch	1597	G	*/+C	651	25	3.53%	2	1	93	93	2.3773816520740582E-8	1	1	487	164	0	25	+C
F8_BC68_191109_LF_LIB_consensus_vsearch	1598	T	Y	665	10	1.45%	2	2	93	93	9.443236086866028E-4	1	1	487	178	1	9	C
F8_BC68_191109_LF_LIB_consensus_vsearch	1599	C	*/-T	671	28	3.97%	2	2	93	93	2.827278435017442E-9	1	1	486	185	2	26	-T
F8_BC68_191109_LF_LIB_consensus_vsearch	1600	T	*/-C	592	38	5.61%	2	2	93	93	2.0468192979502646E-12	1	1	448	144	36	2	-C
F8_BC68_191109_LF_LIB_consensus_vsearch	1601	C	C	668	0	0%	2	0	93	0	1.0	1	0	454	214	0	0	
F8_BC68_191109_LF_LIB_consensus_vsearch	1602	C	C	689	5	0.71%	2	1	93	93	0.031024937597504795	1	1	484	205	0	5	+G
F8_BC68_191109_LF_LIB_consensus_vsearch	1603	G	*/-AG	675	14	1.98%	2	1	93	93	5.709735862722917E-5	1	1	462	213	14	0	-AG
F8_BC68_191109_LF_LIB_consensus_vsearch	1604	A	*/-G	581	74	10.85%	2	2	93	93	5.9504787026092E-24	1	1	376	205	68	6	-G
F8_BC68_191109_LF_LIB_consensus_vsearch	1605	G	G	604	4	0.65%	2	2	93	93	0.062191485247359665	1	1	402	202	1	3	+AG
F8_BC68_191109_LF_LIB_consensus_vsearch	1606	G	*/+A	682	21	2.98%	2	1	93	93	4.0977150806816705E-7	1	1	465	217	21	0	+A
F8_BC68_191109_LF_LIB_consensus_vsearch	1607	G	G	701	3	0.42%	2	2	93	93	0.12473347547949812	1	1	488	213	2	1	A
F8_BC68_191109_LF_LIB_consensus_vsearch	1608	T	Y	677	17	2.4%	2	2	93	93	6.90913610959003E-6	1	1	478	199	7	10	C
F8_BC68_191109_LF_LIB_consensus_vsearch	1609	A	R	681	16	2.26%	2	2	93	93	1.3986641638276495E-5	1	1	469	212	14	2	G
F8_BC68_191109_LF_LIB_consensus_vsearch	1610	G	G	700	3	0.42%	2	1	93	93	0.12473309608558197	1	1	486	214	3	0	A
F8_BC68_191109_LF_LIB_consensus_vsearch	1611	C	Y	682	9	1.27%	2	2	93	93	0.0019025975409729535	1	1	481	201	3	6	T
F8_BC68_191109_LF_LIB_consensus_vsearch	1612	A	*/-C	663	22	3.09%	2	1	93	93	2.0088230471247083E-7	1	1	454	209	22	0	-C
F8_BC68_191109_LF_LIB_consensus_vsearch	1613	C	Y	664	7	1.02%	2	2	93	93	0.0076906131040095	1	1	456	208	1	6	T
F8_BC68_191109_LF_LIB_consensus_vsearch	1614	T	*/+A	193	328	46.66%	2	2	93	93	2.6043935054467056E-133	1	1	167	26	161	167	+A
F8_BC68_191109_LF_LIB_consensus_vsearch	1615	A	A	694	4	0.56%	2	1	93	93	0.06223127928418964	1	1	479	215	4	0	C
F8_BC68_191109_LF_LIB_consensus_vsearch	1616	A	*/+G	173	441	61.94%	2	2	93	93	3.3747339962127125E-190	1	1	171	2	259	182	+G
F8_BC68_191109_LF_LIB_consensus_vsearch	1617	C	M	570	56	8.42%	2	1	93	93	3.82952410588542E-18	1	1	362	208	56	0	A
F8_BC68_191109_LF_LIB_consensus_vsearch	1618	A	*/+G	629	53	7.46%	2	2	93	93	3.881260976934412E-17	1	1	421	208	49	4	+G
F8_BC68_191109_LF_LIB_consensus_vsearch	1619	C	Y	676	10	1.41%	2	2	93	93	9.448356216352928E-4	1	1	464	212	8	2	T
F8_BC68_191109_LF_LIB_consensus_vsearch	1620	A	*/-C	676	15	2.12%	2	2	93	93	2.8262023367739823E-5	1	1	463	213	14	1	-C
F8_BC68_191109_LF_LIB_consensus_vsearch	1621	C	*/+A	666	15	2.17%	2	2	93	93	2.8229831694370956E-5	1	1	455	211	14	1	+A
F8_BC68_191109_LF_LIB_consensus_vsearch	1622	C	S	672	22	3.09%	2	1	93	93	2.0133615225401046E-7	1	1	457	215	22	0	G
F8_BC68_191109_LF_LIB_consensus_vsearch	1623	C	*/-A	503	146	20.51%	2	2	93	93	1.1226165146429201E-48	1	1	299	204	145	1	-A
F8_BC68_191109_LF_LIB_consensus_vsearch	1624	A	M	533	7	1.27%	2	1	93	93	0.007661154731964119	1	1	320	213	7	0	C
F8_BC68_191109_LF_LIB_consensus_vsearch	1625	A	A	692	3	0.43%	2	1	93	93	0.12473002159804764	1	1	476	216	3	0	G
F8_BC68_191109_LF_LIB_consensus_vsearch	1626	A	A	689	6	0.85%	2	1	93	93	0.015456628378269563	1	1	473	216	6	0	-G
F8_BC68_191109_LF_LIB_consensus_vsearch	1627	G	*/-A	663	35	4.96%	2	2	93	93	1.879902656490654E-11	1	1	448	215	34	1	-A
F8_BC68_191109_LF_LIB_consensus_vsearch	1628	A	R	651	10	1.49%	2	2	93	93	9.436475557806096E-4	1	1	438	213	7	3	G
F8_BC68_191109_LF_LIB_consensus_vsearch	1629	G	*/-C	649	26	3.72%	2	2	93	93	1.1658650177601977E-8	1	1	440	209	21	5	-C
F8_BC68_191109_LF_LIB_consensus_vsearch	1630	C	C	663	4	0.59%	2	2	93	93	0.062218785350086514	1	1	456	207	2	2	T
F8_BC68_191109_LF_LIB_consensus_vsearch	1631	C	Y	693	7	1%	2	2	93	93	0.007695648159281727	1	1	480	213	4	3	T
F8_BC68_191109_LF_LIB_consensus_vsearch	1632	C	Y	694	10	1.41%	2	2	93	93	9.456392717556314E-4	1	1	481	213	8	2	T
F8_BC68_191109_LF_LIB_consensus_vsearch	1633	C	Y	691	14	1.97%	2	2	93	93	5.7184684992071955E-5	1	1	479	212	11	3	T
F8_BC68_191109_LF_LIB_consensus_vsearch	1634	A	R	678	22	3.1%	2	2	93	93	2.0163268406938214E-7	1	1	466	212	20	2	G
F8_BC68_191109_LF_LIB_consensus_vsearch	1635	G	G	698	5	0.71%	2	1	93	93	0.031027817868692333	1	1	483	215	5	0	A
F8_BC68_191109_LF_LIB_consensus_vsearch	1636	C	*/-AC	676	13	1.84%	2	1	93	93	1.1529274338195737E-4	1	1	470	206	13	0	-AC
F8_BC68_191109_LF_LIB_consensus_vsearch	1637	A	R	651	20	2.89%	2	2	93	93	8.26045409103276E-7	1	1	445	206	17	3	G
F8_BC68_191109_LF_LIB_consensus_vsearch	1638	C	Y	662	9	1.33%	2	2	93	93	0.0019011022511233608	1	1	462	200	1	8	T
F8_BC68_191109_LF_LIB_consensus_vsearch	1639	C	Y	676	14	1.98%	2	2	93	93	5.7102932363953475E-5	1	1	467	209	9	5	T
F8_BC68_191109_LF_LIB_consensus_vsearch	1640	C	Y	649	32	4.51%	2	2	93	93	1.6037011811149972E-10	1	1	461	188	14	18	T
F8_BC68_191109_LF_LIB_consensus_vsearch	1641	G	G	693	5	0.71%	2	1	93	93	0.031026226884601986	1	1	477	216	5	0	-A
F8_BC68_191109_LF_LIB_consensus_vsearch	1642	A	*/+T	685	10	1.42%	2	1	93	93	9.452426007191464E-4	1	1	471	214	10	0	+T
F8_BC68_191109_LF_LIB_consensus_vsearch	1643	T	*/+A	680	16	2.26%	2	2	93	93	1.3984872582505138E-5	1	1	467	213	15	1	+A
F8_BC68_191109_LF_LIB_consensus_vsearch	1644	A	R	638	51	7.21%	2	1	93	93	1.6992239959591992E-16	1	1	428	210	51	0	G
F8_BC68_191109_LF_LIB_consensus_vsearch	1645	G	*/+C	661	16	2.28%	2	2	93	93	1.3950300978900542E-5	1	1	456	205	15	1	+C
F8_BC68_191109_LF_LIB_consensus_vsearch	1646	C	C	689	3	0.43%	2	1	93	93	0.12472885032536499	1	1	485	204	0	3	+T
F8_BC68_191109_LF_LIB_consensus_vsearch	1647	C	C	695	6	0.85%	2	2	93	93	0.015458067431314672	1	1	488	207	1	5	T
F8_BC68_191109_LF_LIB_consensus_vsearch	1648	C	*/-T	675	12	1.69%	2	2	93	93	2.3259609622305495E-4	1	1	476	199	5	7	-T
F8_BC68_191109_LF_LIB_consensus_vsearch	1649	T	W	666	22	3.14%	2	1	93	93	2.010348133742662E-7	1	1	458	208	22	0	A
F8_BC68_191109_LF_LIB_consensus_vsearch	1650	T	Y	696	11	1.54%	2	2	93	93	4.695165118875625E-4	1	1	487	209	6	5	C
F8_BC68_191109_LF_LIB_consensus_vsearch	1651	A	A	704	5	0.7%	2	2	93	93	0.03102969743972635	1	1	488	216	4	1	G
F8_BC68_191109_LF_LIB_consensus_vsearch	1652	T	*/-CC	617	45	6.33%	2	1	93	93	1.3108457139065852E-14	1	1	407	210	45	0	-CC
F8_BC68_191109_LF_LIB_consensus_vsearch	1653	C	C	627	1	0.16%	2	1	93	93	0.4999999999990043	1	1	416	211	0	1	+AA
F8_BC68_191109_LF_LIB_consensus_vsearch	1654	C	C	665	1	0.15%	2	1	93	93	0.5000000000008233	1	1	449	216	1	0	+AT
F8_BC68_191109_LF_LIB_consensus_vsearch	1655	C	*/-G	692	10	1.4%	2	2	93	93	9.455519933469597E-4	1	1	483	209	9	1	-G
F8_BC68_191109_LF_LIB_consensus_vsearch	1656	G	R	677	15	2.13%	2	2	93	93	2.8265192801604615E-5	1	1	465	212	14	1	A
F8_BC68_191109_LF_LIB_consensus_vsearch	1657	G	K	696	7	0.98%	2	1	93	93	0.007696145385976602	1	1	479	217	7	0	T
F8_BC68_191109_LF_LIB_consensus_vsearch	1658	T	T	697	3	0.42%	2	2	93	93	0.12473195139413472	1	1	487	210	2	1	-A
F8_BC68_191109_LF_LIB_consensus_vsearch	1659	A	R	667	30	4.23%	2	2	93	93	6.7707551825094E-10	1	1	453	214	28	2	G
F8_BC68_191109_LF_LIB_consensus_vsearch	1660	G	G	697	4	0.57%	2	1	93	93	0.06223242971040495	1	1	486	211	0	4	-C
F8_BC68_191109_LF_LIB_consensus_vsearch	1661	C	*/+A	681	7	0.99%	2	2	93	93	0.007693616017588559	1	1	473	208	5	2	+A
F8_BC68_191109_LF_LIB_consensus_vsearch	1662	G	*/-A	686	17	2.4%	2	2	93	93	6.918017697409913E-6	1	1	475	211	16	1	-A
F8_BC68_191109_LF_LIB_consensus_vsearch	1663	A	R	664	13	1.88%	2	1	93	93	1.151749768588324E-4	1	1	451	213	13	0	G
F8_BC68_191109_LF_LIB_consensus_vsearch	1664	T	K	691	8	1.13%	2	1	93	93	0.0038283775544042174	1	1	475	216	8	0	G
F8_BC68_191109_LF_LIB_consensus_vsearch	1665	T	T	705	5	0.7%	2	2	93	93	0.031030007614295013	1	1	491	214	4	1	C
F8_BC68_191109_LF_LIB_consensus_vsearch	1666	T	T	697	4	0.56%	2	1	93	93	0.06223242971040495	1	1	488	209	4	0	-C
F8_BC68_191109_LF_LIB_consensus_vsearch	1667	C	*/-A	683	8	1.13%	2	2	93	93	0.003827480265442575	1	1	475	208	7	1	-A
F8_BC68_191109_LF_LIB_consensus_vsearch	1668	A	A	689	6	0.86%	2	2	93	93	0.015456628378269563	1	1	476	213	5	1	G
F8_BC68_191109_LF_LIB_consensus_vsearch	1669	C	Y	687	7	0.99%	2	2	93	93	0.00769464084724551	1	1	476	211	2	5	T
F8_BC68_191109_LF_LIB_consensus_vsearch	1670	T	T	690	5	0.71%	2	1	93	93	0.031025261309997287	1	1	478	212	5	0	-ACT
F8_BC68_191109_LF_LIB_consensus_vsearch	1671	A	R	679	20	2.84%	2	2	93	93	8.308810751487971E-7	1	1	464	215	18	2	G
F8_BC68_191109_LF_LIB_consensus_vsearch	1672	C	C	698	3	0.43%	2	1	93	93	0.12473233404720117	1	1	485	213	0	3	A
F8_BC68_191109_LF_LIB_consensus_vsearch	1673	T	Y	683	18	2.55%	2	2	93	93	3.415586336673205E-6	1	1	481	202	5	13	C
F8_BC68_191109_LF_LIB_consensus_vsearch	1674	G	*/+T	674	18	2.54%	2	2	93	93	3.4106176057344612E-6	1	1	463	211	16	2	+T
F8_BC68_191109_LF_LIB_consensus_vsearch	1675	T	Y	688	7	1%	2	2	93	93	0.007694809936862327	1	1	475	213	6	1	C
F8_BC68_191109_LF_LIB_consensus_vsearch	1676	T	T	705	3	0.42%	2	2	93	93	0.12473498233245997	1	1	491	214	2	1	C
F8_BC68_191109_LF_LIB_consensus_vsearch	1677	T	*/+C	689	13	1.83%	2	2	93	93	1.1541586787677064E-4	1	1	480	209	7	6	+C
F8_BC68_191109_LF_LIB_consensus_vsearch	1678	C	*/-A	695	7	0.98%	2	2	93	93	0.007695980114598385	1	1	486	209	6	1	-A
F8_BC68_191109_LF_LIB_consensus_vsearch	1679	A	A	696	6	0.85%	2	2	93	93	0.015458304885326069	1	1	484	212	3	3	G
F8_BC68_191109_LF_LIB_consensus_vsearch	1680	A	R	646	39	5.48%	2	2	93	93	1.0425695471902327E-12	1	1	436	210	38	1	G
F8_BC68_191109_LF_LIB_consensus_vsearch	1681	C	*/+T	678	14	2.01%	2	1	93	93	5.71140326521087E-5	1	1	477	201	0	14	+T
F8_BC68_191109_LF_LIB_consensus_vsearch	1682	C	Y	693	14	1.96%	2	2	93	93	5.7195329302271626E-5	1	1	493	200	1	13	T
F8_BC68_191109_LF_LIB_consensus_vsearch	1683	C	Y	695	12	1.68%	2	2	93	93	2.3291767090076885E-4	1	1	487	208	4	8	T
F8_BC68_191109_LF_LIB_consensus_vsearch	1684	A	*/+T	312	330	46.35%	2	2	93	93	2.786414355074018E-125	1	1	291	21	141	189	+T
F8_BC68_191109_LF_LIB_consensus_vsearch	1685	T	T	695	6	0.85%	2	2	93	93	0.015458067431314672	1	1	482	213	4	2	+C
F8_BC68_191109_LF_LIB_consensus_vsearch	1686	T	T	702	5	0.71%	2	2	93	93	0.031029074459554294	1	1	489	213	3	2	+C
F8_BC68_191109_LF_LIB_consensus_vsearch	1687	T	T	707	1	0.14%	2	1	93	93	0.5000000000008233	1	1	491	216	1	0	+C
F8_BC68_191109_LF_LIB_consensus_vsearch	1688	T	T	702	2	0.28%	2	2	93	93	0.2498223169866272	1	1	489	213	1	1	+C
F8_BC68_191109_LF_LIB_consensus_vsearch	1689	C	C	699	3	0.42%	2	2	93	93	0.12473271560965893	1	1	487	212	2	1	-A
F8_BC68_191109_LF_LIB_consensus_vsearch	1690	A	R	694	8	1.13%	2	2	93	93	0.003828708790007478	1	1	482	212	5	3	G
F8_BC68_191109_LF_LIB_consensus_vsearch	1691	T	*/+A	681	15	2.11%	2	1	93	93	2.827778200608379E-5	1	1	471	210	15	0	+A
F8_BC68_191109_LF_LIB_consensus_vsearch	1692	G	G	697	5	0.71%	2	1	93	93	0.03102750148427654	1	1	482	215	5	0	A
F8_BC68_191109_LF_LIB_consensus_vsearch	1693	G	*/+T	660	27	3.79%	2	1	93	93	5.741915330351998E-9	1	1	444	216	27	0	+T
F8_BC68_191109_LF_LIB_consensus_vsearch	1694	T	Y	702	10	1.4%	2	2	93	93	9.459835276050656E-4	1	1	491	211	4	6	C
F8_BC68_191109_LF_LIB_consensus_vsearch	1695	T	T	694	6	0.84%	2	1	93	93	0.015457829299773128	1	1	479	215	6	0	+G
F8_BC68_191109_LF_LIB_consensus_vsearch	1696	G	G	701	2	0.28%	2	2	93	93	0.24982206405609253	1	1	488	213	1	1	-C
F8_BC68_191109_LF_LIB_consensus_vsearch	1697	C	*/-T	595	60	8.46%	2	2	93	93	2.1050049296862352E-19	1	1	407	188	46	14	-T
F8_BC68_191109_LF_LIB_consensus_vsearch	1698	T	T	634	5	0.78%	2	2	93	93	0.031005573725221138	1	1	437	197	4	1	A
F8_BC68_191109_LF_LIB_consensus_vsearch	1699	T	Y	689	13	1.84%	2	2	93	93	1.1541586787677064E-4	1	1	478	211	10	3	C
F8_BC68_191109_LF_LIB_consensus_vsearch	1700	T	Y	693	11	1.55%	2	2	93	93	4.694375211719313E-4	1	1	485	208	7	4	C
F8_BC68_191109_LF_LIB_consensus_vsearch	1701	T	T	693	5	0.7%	2	1	93	93	0.031026226884601986	1	1	482	211	5	0	+C
F8_BC68_191109_LF_LIB_consensus_vsearch	1702	C	C	689	4	0.56%	2	2	93	93	0.062229339765201515	1	1	478	211	3	1	+T
F8_BC68_191109_LF_LIB_consensus_vsearch	1703	A	R	673	12	1.71%	2	2	93	93	2.3256292247515707E-4	1	1	460	213	10	2	G
F8_BC68_191109_LF_LIB_consensus_vsearch	1704	C	C	686	6	0.86%	2	2	93	93	0.0154558995074816	1	1	475	211	4	2	T
F8_BC68_191109_LF_LIB_consensus_vsearch	1705	C	*/-T	655	42	5.92%	2	2	93	93	1.2028886893481945E-13	1	1	475	180	9	33	-T
F8_BC68_191109_LF_LIB_consensus_vsearch	1706	T	T	659	5	0.75%	2	2	93	93	0.03101477300193712	1	1	479	180	2	3	C
F8_BC68_191109_LF_LIB_consensus_vsearch	1707	T	T	701	3	0.42%	2	1	93	93	0.12473347547949812	1	1	488	213	0	3	+C
F8_BC68_191109_LF_LIB_consensus_vsearch	1708	T	*/-C	534	114	16.08%	2	2	93	93	2.0576036451659917E-37	1	1	422	112	49	65	-C
F8_BC68_191109_LF_LIB_consensus_vsearch	1709	C	C	569	6	1.04%	2	2	93	93	0.015421551639459893	1	1	440	129	3	3	T
F8_BC68_191109_LF_LIB_consensus_vsearch	1710	C	C	677	4	0.58%	2	2	93	93	0.06222456867682575	1	1	483	194	1	3	T
F8_BC68_191109_LF_LIB_consensus_vsearch	1711	C	C	704	4	0.56%	2	2	93	93	0.06223507611041307	1	1	492	212	2	2	-T
F8_BC68_191109_LF_LIB_consensus_vsearch	1712	T	T	691	4	0.57%	2	2	93	93	0.06223011892275293	1	1	483	208	2	2	C
F8_BC68_191109_LF_LIB_consensus_vsearch	1713	C	*/-G	692	8	1.13%	2	1	93	93	0.0038284882802459928	1	1	480	212	8	0	-G
F8_BC68_191109_LF_LIB_consensus_vsearch	1714	G	R	647	26	3.69%	2	1	93	93	1.164998613934161E-8	1	1	433	214	26	0	A
F8_BC68_191109_LF_LIB_consensus_vsearch	1715	C	Y	659	16	2.26%	2	2	93	93	1.3946552470363115E-5	1	1	450	209	13	3	T
F8_BC68_191109_LF_LIB_consensus_vsearch	1716	G	K	682	7	0.99%	2	2	93	93	0.007693788058408534	1	1	471	211	6	1	T
F8_BC68_191109_LF_LIB_consensus_vsearch	1717	G	K	688	14	1.97%	2	1	93	93	5.716860745288917E-5	1	1	474	214	14	0	T
F8_BC68_191109_LF_LIB_consensus_vsearch	1718	T	T	701	5	0.71%	2	2	93	93	0.03102876164621499	1	1	486	215	3	2	C
F8_BC68_191109_LF_LIB_consensus_vsearch	1719	A	R	685	16	2.25%	2	1	93	93	1.399366903089498E-5	1	1	470	215	16	0	G
F8_BC68_191109_LF_LIB_consensus_vsearch	1720	C	C	697	4	0.56%	2	2	93	93	0.06223242971040495	1	1	488	209	1	3	-T
F8_BC68_191109_LF_LIB_consensus_vsearch	1721	T	T	696	5	0.71%	2	2	93	93	0.03102718419759366	1	1	485	211	4	1	A
F8_BC68_191109_LF_LIB_consensus_vsearch	1722	T	T	696	4	0.56%	2	1	93	93	0.06223204733082229	1	1	483	213	4	0	+A
F8_BC68_191109_LF_LIB_consensus_vsearch	1723	G	R	695	8	1.13%	2	2	93	93	0.003828818576574826	1	1	480	215	7	1	A
F8_BC68_191109_LF_LIB_consensus_vsearch	1724	T	*/+A	687	15	2.11%	2	1	93	93	2.829640426446843E-5	1	1	474	213	15	0	+A
F8_BC68_191109_LF_LIB_consensus_vsearch	1725	G	*/-TG	633	59	8.31%	2	2	93	93	4.769208216749368E-19	1	1	423	210	54	5	-TG
F8_BC68_191109_LF_LIB_consensus_vsearch	1726	T	T	643	5	0.77%	2	1	93	93	0.0310089672038603	1	1	433	210	5	0	C
F8_BC68_191109_LF_LIB_consensus_vsearch	1727	G	*/+TG	636	7	1.08%	2	2	93	93	0.007685322078985439	1	1	427	209	6	1	+TG
F8_BC68_191109_LF_LIB_consensus_vsearch	1728	C	C	701	2	0.28%	2	1	93	93	0.24982206405609253	1	1	486	215	2	0	+TT
F8_BC68_191109_LF_LIB_consensus_vsearch	1729	T	T	698	6	0.85%	2	2	93	93	0.015458777772499533	1	1	488	210	2	4	C
F8_BC68_191109_LF_LIB_consensus_vsearch	1730	A	R	700	8	1.13%	2	2	93	93	0.003829362879125778	1	1	485	215	6	2	G
F8_BC68_191109_LF_LIB_consensus_vsearch	1731	T	*/+C	694	8	1.13%	2	1	93	93	0.003828708790007478	1	1	479	215	8	0	+C
F8_BC68_191109_LF_LIB_consensus_vsearch	1732	C	C	705	2	0.28%	2	2	93	93	0.24982307147908459	1	1	491	214	1	1	T
F8_BC68_191109_LF_LIB_consensus_vsearch	1733	G	R	701	8	1.12%	2	1	93	93	0.003829470822680027	1	1	485	216	8	0	A
F8_BC68_191109_LF_LIB_consensus_vsearch	1734	G	R	703	7	0.98%	2	1	93	93	0.007697289287406505	1	1	486	217	7	0	A
F8_BC68_191109_LF_LIB_consensus_vsearch	1735	T	*/-C	696	8	1.12%	2	1	93	93	0.0038289280527219385	1	1	479	217	8	0	-C
F8_BC68_191109_LF_LIB_consensus_vsearch	1736	C	*/-AC	653	31	4.4%	2	1	93	93	3.2890366165761105E-10	1	1	439	214	31	0	-AC
F8_BC68_191109_LF_LIB_consensus_vsearch	1737	A	R	644	13	1.95%	2	2	93	93	1.1496933614463417E-4	1	1	432	212	12	1	G
F8_BC68_191109_LF_LIB_consensus_vsearch	1738	C	C	671	2	0.3%	2	1	93	93	0.24981412639420555	1	1	458	213	2	0	A
F8_BC68_191109_LF_LIB_consensus_vsearch	1739	G	G	704	3	0.42%	2	1	93	93	0.12473460721856874	1	1	489	215	3	0	A
F8_BC68_191109_LF_LIB_consensus_vsearch	1740	T	T	704	6	0.84%	2	2	93	93	0.015460180472089387	1	1	491	213	2	4	C
F8_BC68_191109_LF_LIB_consensus_vsearch	1741	C	C	709	1	0.14%	2	1	93	93	0.5000000000008233	1	1	493	216	1	0	+T
F8_BC68_191109_LF_LIB_consensus_vsearch	1742	A	R	701	9	1.26%	2	2	93	93	0.001903940567578768	1	1	487	214	7	2	G
F8_BC68_191109_LF_LIB_consensus_vsearch	1743	T	Y	695	7	0.98%	2	2	93	93	0.007695980114598385	1	1	485	210	4	3	C
F8_BC68_191109_LF_LIB_consensus_vsearch	1744	C	C	701	2	0.28%	2	1	93	93	0.24982206405609253	1	1	487	214	2	0	-AT
F8_BC68_191109_LF_LIB_consensus_vsearch	1745	A	A	697	5	0.71%	2	2	93	93	0.03102750148427654	1	1	484	213	4	1	G
F8_BC68_191109_LF_LIB_consensus_vsearch	1746	T	*/-A	676	17	2.41%	2	1	93	93	6.908135569192966E-6	1	1	469	207	17	0	-A
F8_BC68_191109_LF_LIB_consensus_vsearch	1747	A	R	660	14	2.02%	2	2	93	93	5.701181600772116E-5	1	1	448	212	13	1	G
F8_BC68_191109_LF_LIB_consensus_vsearch	1748	T	K	671	18	2.59%	2	1	93	93	3.408933784938855E-6	1	1	459	212	18	0	G
F8_BC68_191109_LF_LIB_consensus_vsearch	1749	T	Y	693	7	0.99%	2	1	93	93	0.007695648159281727	1	1	478	215	7	0	C
F8_BC68_191109_LF_LIB_consensus_vsearch	1750	T	*/-A	699	7	0.98%	2	1	93	93	0.0076966383990413785	1	1	484	215	7	0	-A
F8_BC68_191109_LF_LIB_consensus_vsearch	1751	A	R	684	8	1.13%	2	1	93	93	0.003827593555737496	1	1	469	215	8	0	G
F8_BC68_191109_LF_LIB_consensus_vsearch	1752	G	R	677	10	1.42%	2	1	93	93	9.448813630496414E-4	1	1	464	213	10	0	A
F8_BC68_191109_LF_LIB_consensus_vsearch	1753	C	C	682	5	0.72%	2	1	93	93	0.031022645232238563	1	1	467	215	5	0	A
F8_BC68_191109_LF_LIB_consensus_vsearch	1754	C	*/-T	671	16	2.28%	2	2	93	93	1.3968727016108438E-5	1	1	468	203	7	9	-T
F8_BC68_191109_LF_LIB_consensus_vsearch	1755	T	W	665	7	1.03%	2	1	93	93	0.007690793939068356	1	1	460	205	7	0	A
F8_BC68_191109_LF_LIB_consensus_vsearch	1756	T	*/-A	666	20	2.84%	2	2	93	93	8.286822506120228E-7	1	1	453	213	19	1	-A
F8_BC68_191109_LF_LIB_consensus_vsearch	1757	A	*/+G	675	8	1.16%	2	1	93	93	0.003826562057959725	1	1	467	208	0	8	+G
F8_BC68_191109_LF_LIB_consensus_vsearch	1758	G	*/-A	631	71	10%	2	2	93	93	6.564139886685406E-23	1	1	416	215	70	1	-A
F8_BC68_191109_LF_LIB_consensus_vsearch	1759	A	*/+GA	618	9	1.41%	2	1	93	93	0.0018974794124720213	1	1	404	214	9	0	+GA
F8_BC68_191109_LF_LIB_consensus_vsearch	1760	A	*/-G	693	7	0.99%	2	2	93	93	0.007695648159281727	1	1	480	213	6	1	-G
F8_BC68_191109_LF_LIB_consensus_vsearch	1761	G	G	694	3	0.43%	2	1	93	93	0.12473079684146932	1	1	481	213	3	0	+A
F8_BC68_191109_LF_LIB_consensus_vsearch	1762	G	G	691	6	0.85%	2	2	93	93	0.01545711081143495	1	1	483	208	5	1	A
F8_BC68_191109_LF_LIB_consensus_vsearch	1763	T	T	700	5	0.7%	2	2	93	93	0.031028447945850964	1	1	490	210	3	2	C
F8_BC68_191109_LF_LIB_consensus_vsearch	1764	C	C	704	2	0.28%	2	2	93	93	0.24982282069449002	1	1	492	212	1	1	-T
F8_BC68_191109_LF_LIB_consensus_vsearch	1765	T	Y	691	9	1.27%	2	2	93	93	0.0019032427370135523	1	1	482	209	4	5	C
F8_BC68_191109_LF_LIB_consensus_vsearch	1766	C	*/-T	683	9	1.27%	2	2	93	93	0.0019026700524163046	1	1	482	201	4	5	-T
F8_BC68_191109_LF_LIB_consensus_vsearch	1767	T	T	686	3	0.43%	2	2	93	93	0.12472766884553547	1	1	480	206	1	2	+A
F8_BC68_191109_LF_LIB_consensus_vsearch	1768	A	R	672	22	3.1%	2	2	93	93	2.0133615225401046E-7	1	1	470	202	19	3	G
F8_BC68_191109_LF_LIB_consensus_vsearch	1769	C	*/+T	679	16	2.28%	2	1	93	93	1.3983098602929015E-5	1	1	487	192	0	16	+T
F8_BC68_191109_LF_LIB_consensus_vsearch	1770	C	*/-TC	684	13	1.83%	2	2	93	93	1.1536904529305717E-4	1	1	484	200	5	8	-TC
F8_BC68_191109_LF_LIB_consensus_vsearch	1771	T	*/-C	619	37	5.36%	2	2	93	93	4.316116608853385E-12	1	1	424	195	32	5	-C
F8_BC68_191109_LF_LIB_consensus_vsearch	1772	C	C	644	3	0.46%	2	1	93	93	0.12470997679796483	1	1	445	199	3	0	+T
F8_BC68_191109_LF_LIB_consensus_vsearch	1773	C	C	693	2	0.29%	2	1	93	93	0.24982001439827423	1	1	480	213	2	0	G
F8_BC68_191109_LF_LIB_consensus_vsearch	1774	C	*/-A	686	10	1.41%	2	1	93	93	9.452871770742829E-4	1	1	473	213	10	0	-A
F8_BC68_191109_LF_LIB_consensus_vsearch	1775	A	R	664	14	2.02%	2	2	93	93	5.703498854057624E-5	1	1	449	215	13	1	G
F8_BC68_191109_LF_LIB_consensus_vsearch	1776	C	C	680	5	0.72%	2	1	93	93	0.031021981668500974	1	1	466	214	5	0	-TT
F8_BC68_191109_LF_LIB_consensus_vsearch	1777	T	T	686	5	0.72%	2	1	93	93	0.031023960840170225	1	1	471	215	5	0	G
F8_BC68_191109_LF_LIB_consensus_vsearch	1778	T	Y	683	10	1.42%	2	2	93	93	9.451530657497562E-4	1	1	475	208	8	2	C
F8_BC68_191109_LF_LIB_consensus_vsearch	1779	G	G	697	4	0.57%	2	2	93	93	0.06223242971040495	1	1	486	211	3	1	A
F8_BC68_191109_LF_LIB_consensus_vsearch	1780	G	G	707	5	0.7%	2	2	93	93	0.031030625350215096	1	1	492	215	3	2	A
F8_BC68_191109_LF_LIB_consensus_vsearch	1781	C	*/-GC	692	7	0.98%	2	2	93	93	0.007695481471345102	1	1	481	211	5	2	-GC
F8_BC68_191109_LF_LIB_consensus_vsearch	1782	G	G	691	4	0.57%	2	2	93	93	0.06223011892275293	1	1	480	211	2	2	-CA
F8_BC68_191109_LF_LIB_consensus_vsearch	1783	C	C	690	3	0.43%	2	2	93	93	0.12472924187740676	1	1	484	206	1	2	T
F8_BC68_191109_LF_LIB_consensus_vsearch	1784	A	R	690	12	1.7%	2	2	93	93	2.3283896823795677E-4	1	1	480	210	10	2	G
F8_BC68_191109_LF_LIB_consensus_vsearch	1785	G	R	693	11	1.55%	2	1	93	93	4.694375211719313E-4	1	1	482	211	11	0	A
F8_BC68_191109_LF_LIB_consensus_vsearch	1786	C	*/+G	674	17	2.4%	2	1	93	93	6.90612613285916E-6	1	1	462	212	17	0	+G
F8_BC68_191109_LF_LIB_consensus_vsearch	1787	A	*/-T	670	20	2.87%	2	2	93	93	8.293671391237392E-7	1	1	461	209	17	3	-T
F8_BC68_191109_LF_LIB_consensus_vsearch	1788	T	K	674	13	1.89%	2	1	93	93	1.1527339570506947E-4	1	1	464	210	13	0	G
F8_BC68_191109_LF_LIB_consensus_vsearch	1789	T	T	700	3	0.42%	2	2	93	93	0.12473309608558197	1	1	490	210	2	1	C
F8_BC68_191109_LF_LIB_consensus_vsearch	1790	A	*/-CA	677	14	1.97%	2	2	93	93	5.710849035009345E-5	1	1	469	208	12	2	-CA
F8_BC68_191109_LF_LIB_consensus_vsearch	1791	C	*/+A	606	41	5.96%	2	2	93	93	2.363845486259785E-13	1	1	449	157	10	31	+A
F8_BC68_191109_LF_LIB_consensus_vsearch	1792	A	R	646	13	1.97%	2	2	93	93	1.1499045037188754E-4	1	1	459	187	10	3	G
F8_BC68_191109_LF_LIB_consensus_vsearch	1793	A	A	705	4	0.56%	2	2	93	93	0.062235449900223165	1	1	491	214	2	2	G
F8_BC68_191109_LF_LIB_consensus_vsearch	1794	A	A	705	5	0.7%	2	2	93	93	0.031030007614295013	1	1	490	215	4	1	G
F8_BC68_191109_LF_LIB_consensus_vsearch	1795	A	*/+C	692	8	1.12%	2	1	93	93	0.0038284882802459928	1	1	478	214	8	0	+C
F8_BC68_191109_LF_LIB_consensus_vsearch	1796	C	*/-T	682	9	1.27%	2	2	93	93	0.0019025975409729535	1	1	470	212	8	1	-T
F8_BC68_191109_LF_LIB_consensus_vsearch	1797	T	Y	681	11	1.58%	2	2	93	93	4.691147949909668E-4	1	1	470	211	7	4	C
F8_BC68_191109_LF_LIB_consensus_vsearch	1798	A	A	692	4	0.57%	2	2	93	93	0.062230506821500255	1	1	480	212	1	3	G
F8_BC68_191109_LF_LIB_consensus_vsearch	1799	C	C	694	3	0.43%	2	2	93	93	0.12473079684146932	1	1	481	213	1	2	T
F8_BC68_191109_LF_LIB_consensus_vsearch	1800	G	G	699	5	0.71%	2	2	93	93	0.031028133354538395	1	1	484	215	4	1	-CG
F8_BC68_191109_LF_LIB_consensus_vsearch	1801	C	C	693	3	0.43%	2	2	93	93	0.12473040977706219	1	1	485	208	1	2	T
F8_BC68_191109_LF_LIB_consensus_vsearch	1802	G	G	694	4	0.57%	2	1	93	93	0.06223127928418964	1	1	483	211	4	0	-A
F8_BC68_191109_LF_LIB_consensus_vsearch	1803	A	R	691	7	0.99%	2	1	93	93	0.007695314307205932	1	1	477	214	7	0	G
F8_BC68_191109_LF_LIB_consensus_vsearch	1804	C	C	699	5	0.71%	2	1	93	93	0.031028133354538395	1	1	490	209	0	5	+T
F8_BC68_191109_LF_LIB_consensus_vsearch	1805	T	*/+C	687	13	1.83%	2	2	93	93	1.1539721756013441E-4	1	1	481	206	11	2	+C
F8_BC68_191109_LF_LIB_consensus_vsearch	1806	C	*/+G	680	10	1.42%	2	1	93	93	9.450177994018546E-4	1	1	491	189	0	10	+G
F8_BC68_191109_LF_LIB_consensus_vsearch	1807	G	*/-AG	678	14	1.98%	2	1	93	93	5.71140326521087E-5	1	1	463	215	14	0	-AG
F8_BC68_191109_LF_LIB_consensus_vsearch	1808	A	*/-G	657	11	1.6%	2	2	93	93	4.6843500815013563E-4	1	1	447	210	7	4	-G
F8_BC68_191109_LF_LIB_consensus_vsearch	1809	G	G	674	6	0.88%	2	1	93	93	0.015452919808137107	1	1	469	205	0	6	+T
F8_BC68_191109_LF_LIB_consensus_vsearch	1810	G	*/-A	656	30	4.23%	2	2	93	93	6.73546694333086E-10	1	1	441	215	29	1	-A
F8_BC68_191109_LF_LIB_consensus_vsearch	1811	A	A	648	4	0.61%	2	2	93	93	0.06221231321558067	1	1	435	213	3	1	-G
F8_BC68_191109_LF_LIB_consensus_vsearch	1812	G	G	676	3	0.44%	2	1	93	93	0.12472365512179952	1	1	464	212	3	0	+C
F8_BC68_191109_LF_LIB_consensus_vsearch	1813	C	C	690	6	0.85%	2	1	93	93	0.015456869940904113	1	1	481	209	6	0	-A
F8_BC68_191109_LF_LIB_consensus_vsearch	1814	A	R	677	20	2.84%	2	1	93	93	8.305478350782384E-7	1	1	464	213	20	0	G
F8_BC68_191109_LF_LIB_consensus_vsearch	1815	C	*/-TT	668	10	1.41%	2	1	93	93	9.444648801915616E-4	1	1	466	202	10	0	-TT
F8_BC68_191109_LF_LIB_consensus_vsearch	1816	T	T	682	4	0.58%	2	1	93	93	0.06222657692310135	1	1	470	212	4	0	C
F8_BC68_191109_LF_LIB_consensus_vsearch	1817	T	Y	680	7	1%	2	1	93	93	0.007693443477408817	1	1	470	210	7	0	C
F8_BC68_191109_LF_LIB_consensus_vsearch	1818	G	G	699	4	0.56%	2	2	93	93	0.062233191204189284	1	1	486	213	3	1	-T
F8_BC68_191109_LF_LIB_consensus_vsearch	1819	T	T	697	4	0.57%	2	2	93	93	0.06223242971040495	1	1	484	213	2	2	C
F8_BC68_191109_LF_LIB_consensus_vsearch	1820	C	*/-A	496	115	16.24%	2	1	93	93	6.404392373323256E-38	1	1	282	214	115	0	-A
F8_BC68_191109_LF_LIB_consensus_vsearch	1821	A	*/-T	478	93	15.71%	2	1	93	93	1.7046253932306838E-30	1	1	263	215	93	0	-T
F8_BC68_191109_LF_LIB_consensus_vsearch	1822	T	K	476	124	20.16%	2	1	93	93	3.8808320956737903E-41	1	1	263	213	124	0	G
F8_BC68_191109_LF_LIB_consensus_vsearch	1823	T	*/-G	699	7	0.98%	2	2	93	93	0.0076966383990413785	1	1	484	215	6	1	-G
F8_BC68_191109_LF_LIB_consensus_vsearch	1824	G	R	683	18	2.56%	2	1	93	93	3.415586336673205E-6	1	1	467	216	18	0	A
F8_BC68_191109_LF_LIB_consensus_vsearch	1825	G	R	702	9	1.26%	2	2	93	93	0.0019040092783372587	1	1	487	215	8	1	A
F8_BC68_191109_LF_LIB_consensus_vsearch	1826	C	C	700	5	0.7%	2	1	93	93	0.031028447945850964	1	1	485	215	5	0	T
F8_BC68_191109_LF_LIB_consensus_vsearch	1827	G	R	688	9	1.27%	2	1	93	93	0.0019030295102081	1	1	477	211	9	0	A
F8_BC68_191109_LF_LIB_consensus_vsearch	1828	C	*/-G	670	13	1.87%	2	1	93	93	1.1523436715259954E-4	1	1	463	207	13	0	-G
F8_BC68_191109_LF_LIB_consensus_vsearch	1829	G	*/-A	661	19	2.77%	2	1	93	93	1.6790713227950396E-6	1	1	451	210	19	0	-A
F8_BC68_191109_LF_LIB_consensus_vsearch	1830	A	A	680	6	0.87%	2	1	93	93	0.015454422669317992	1	1	463	217	6	0	G
F8_BC68_191109_LF_LIB_consensus_vsearch	1831	G	G	697	6	0.84%	2	1	93	93	0.015458541664756588	1	1	485	212	6	0	+AG
F8_BC68_191109_LF_LIB_consensus_vsearch	1832	T	T	704	1	0.14%	2	1	93	93	0.4999999999990043	1	1	494	210	0	1	+G
F8_BC68_191109_LF_LIB_consensus_vsearch	1833	G	R	696	7	0.99%	2	1	93	93	0.007696145385976602	1	1	485	211	7	0	A
F8_BC68_191109_LF_LIB_consensus_vsearch	1834	C	*/+G	689	10	1.42%	2	1	93	93	9.454201481114765E-4	1	1	477	212	10	0	+G
F8_BC68_191109_LF_LIB_consensus_vsearch	1835	A	R	601	96	13.64%	2	2	93	93	3.7550142865134643E-31	1	1	393	208	95	1	G
F8_BC68_191109_LF_LIB_consensus_vsearch	1836	G	G	697	3	0.43%	2	2	93	93	0.12473195139413472	1	1	488	209	2	1	+C
F8_BC68_191109_LF_LIB_consensus_vsearch	1837	G	*/+C	689	9	1.26%	2	1	93	93	0.0019031007880593255	1	1	476	213	9	0	+C
F8_BC68_191109_LF_LIB_consensus_vsearch	1838	C	*/+G	681	10	1.41%	2	2	93	93	9.450630174371408E-4	1	1	469	212	9	1	+G
F8_BC68_191109_LF_LIB_consensus_vsearch	1839	A	R	529	164	23.4%	2	2	93	93	7.388182556585094E-55	1	1	320	209	163	1	G
F8_BC68_191109_LF_LIB_consensus_vsearch	1840	G	*/+A	678	21	2.97%	2	1	93	93	4.094109216438014E-7	1	1	464	214	21	0	+A
F8_BC68_191109_LF_LIB_consensus_vsearch	1841	G	G	694	6	0.85%	2	1	93	93	0.015457829299773128	1	1	481	213	6	0	A
F8_BC68_191109_LF_LIB_consensus_vsearch	1842	T	T	690	6	0.85%	2	2	93	93	0.015456869940904113	1	1	485	205	2	4	C
F8_BC68_191109_LF_LIB_consensus_vsearch	1843	G	R	676	9	1.28%	2	2	93	93	0.0019021580576563692	1	1	467	209	8	1	A
F8_BC68_191109_LF_LIB_consensus_vsearch	1844	G	G	693	5	0.71%	2	1	93	93	0.031026226884601986	1	1	484	209	5	0	T
F8_BC68_191109_LF_LIB_consensus_vsearch	1845	T	T	690	4	0.57%	2	2	93	93	0.0622297299056776	1	1	486	204	1	3	+G
F8_BC68_191109_LF_LIB_consensus_vsearch	1846	A	A	685	5	0.71%	2	2	93	93	0.0310236333677177	1	1	480	205	3	2	G
F8_BC68_191109_LF_LIB_consensus_vsearch	1847	C	C	685	5	0.71%	2	1	93	93	0.0310236333677177	1	1	476	209	5	0	-A
F8_BC68_191109_LF_LIB_consensus_vsearch	1848	A	*/-G	642	27	3.85%	2	2	93	93	5.7009983634792865E-9	1	1	459	183	1	26	-G
F8_BC68_191109_LF_LIB_consensus_vsearch	1849	G	G	672	3	0.44%	2	1	93	93	0.12472201630852103	1	1	492	180	0	3	T
F8_BC68_191109_LF_LIB_consensus_vsearch	1850	G	G	709	1	0.14%	2	1	93	93	0.5000000000008233	1	1	494	215	1	0	-AC
F8_BC68_191109_LF_LIB_consensus_vsearch	1851	A	*/-C	665	32	4.51%	2	1	93	93	1.617807884908527E-10	1	1	486	179	0	32	-C
F8_BC68_191109_LF_LIB_consensus_vsearch	1852	C	C	667	4	0.59%	2	2	93	93	0.062220462363932194	1	1	485	182	1	3	-T
F8_BC68_191109_LF_LIB_consensus_vsearch	1853	T	Y	686	7	0.99%	2	2	93	93	0.007694471271058793	1	1	482	204	3	4	C
F8_BC68_191109_LF_LIB_consensus_vsearch	1854	G	S	657	35	4.96%	2	2	93	93	1.8726090941473264E-11	1	1	479	178	1	34	C
F8_BC68_191109_LF_LIB_consensus_vsearch	1855	T	W	653	37	5.28%	2	2	93	93	4.431749301226798E-12	1	1	478	175	3	34	A
F8_BC68_191109_LF_LIB_consensus_vsearch	1856	G	G	700	4	0.56%	2	1	93	93	0.06223357032831275	1	1	485	215	4	0	-A
F8_BC68_191109_LF_LIB_consensus_vsearch	1857	A	*/-C	609	81	11.46%	2	2	93	93	3.412439778948686E-26	1	1	460	149	19	62	-C
F8_BC68_191109_LF_LIB_consensus_vsearch	1858	C	C	630	0	0%	2	0	93	0	1.0	1	0	476	154	0	0	
F8_BC68_191109_LF_LIB_consensus_vsearch	1859	C	*/+A	692	12	1.69%	2	1	93	93	2.3287058136907908E-4	1	1	479	213	12	0	+A
F8_BC68_191109_LF_LIB_consensus_vsearch	1860	C	C	709	1	0.14%	2	1	93	93	0.5000000000008233	1	1	493	216	1	0	+A
F8_BC68_191109_LF_LIB_consensus_vsearch	1861	T	*/-CT	674	20	2.81%	2	2	93	93	8.300445755105138E-7	1	1	479	195	1	19	-CT
F8_BC68_191109_LF_LIB_consensus_vsearch	1862	C	C	683	3	0.43%	2	1	93	93	0.12472647702431182	1	1	487	196	3	0	-T
F8_BC68_191109_LF_LIB_consensus_vsearch	1863	T	T	671	5	0.73%	2	2	93	93	0.031018947061134776	1	1	482	189	1	4	+G
F8_BC68_191109_LF_LIB_consensus_vsearch	1864	G	*/-AG	654	43	6.06%	2	1	93	93	5.827604227250046E-14	1	1	437	217	43	0	-AG
F8_BC68_191109_LF_LIB_consensus_vsearch	1865	A	*/-G	630	14	2.11%	2	2	93	93	5.682907954155903E-5	1	1	417	213	12	2	-G
F8_BC68_191109_LF_LIB_consensus_vsearch	1866	G	R	642	11	1.68%	2	2	93	93	4.679851027335887E-4	1	1	429	213	10	1	A
F8_BC68_191109_LF_LIB_consensus_vsearch	1867	G	G	708	3	0.42%	2	1	93	93	0.12473610133740937	1	1	495	213	0	3	-TG
F8_BC68_191109_LF_LIB_consensus_vsearch	1868	T	T	701	4	0.56%	2	1	93	93	0.06223394837614865	1	1	489	212	4	0	C
F8_BC68_191109_LF_LIB_consensus_vsearch	1869	G	*/-C	692	9	1.27%	2	2	93	93	0.0019033134098504238	1	1	481	211	8	1	-C
F8_BC68_191109_LF_LIB_consensus_vsearch	1870	C	C	696	2	0.28%	2	1	93	93	0.24982078853023015	1	1	481	215	2	0	+AC
F8_BC68_191109_LF_LIB_consensus_vsearch	1871	C	C	706	2	0.28%	2	1	93	93	0.24982332155411754	1	1	491	215	2	0	A
F8_BC68_191109_LF_LIB_consensus_vsearch	1872	G	R	691	7	0.98%	2	1	93	93	0.007695314307205932	1	1	479	212	7	0	A
F8_BC68_191109_LF_LIB_consensus_vsearch	1873	T	T	696	3	0.42%	2	1	93	93	0.12473156764502437	1	1	491	205	0	3	+G
F8_BC68_191109_LF_LIB_consensus_vsearch	1874	G	*/-T	663	19	2.7%	2	2	93	93	1.6797077872211833E-6	1	1	459	204	16	3	-T
F8_BC68_191109_LF_LIB_consensus_vsearch	1875	T	T	675	6	0.87%	2	2	93	93	0.015453172121257264	1	1	473	202	3	3	C
F8_BC68_191109_LF_LIB_consensus_vsearch	1876	T	Y	692	12	1.69%	2	2	93	93	2.3287058136907908E-4	1	1	483	209	8	4	C
F8_BC68_191109_LF_LIB_consensus_vsearch	1877	T	*/+C	653	35	4.92%	2	2	93	93	1.86769026088906E-11	1	1	446	207	31	4	+C
F8_BC68_191109_LF_LIB_consensus_vsearch	1878	C	*/+A	680	7	0.99%	2	2	93	93	0.007693443477408817	1	1	477	203	1	6	+A
F8_BC68_191109_LF_LIB_consensus_vsearch	1879	A	A	696	5	0.71%	2	1	93	93	0.03102718419759366	1	1	483	213	5	0	G
F8_BC68_191109_LF_LIB_consensus_vsearch	1880	A	R	650	46	6.48%	2	2	93	93	6.5876743209684E-15	1	1	439	211	45	1	G
F8_BC68_191109_LF_LIB_consensus_vsearch	1881	C	*/-G	684	11	1.55%	2	1	93	93	4.691965083280461E-4	1	1	486	198	0	11	-G
F8_BC68_191109_LF_LIB_consensus_vsearch	1882	G	R	686	10	1.43%	2	1	93	93	9.452871770742829E-4	1	1	481	205	10	0	A
F8_BC68_191109_LF_LIB_consensus_vsearch	1883	G	*/-A	696	7	0.98%	2	1	93	93	0.007696145385976602	1	1	480	216	7	0	-A
F8_BC68_191109_LF_LIB_consensus_vsearch	1884	A	A	687	5	0.72%	2	2	93	93	0.031024287366540265	1	1	479	208	2	3	G
F8_BC68_191109_LF_LIB_consensus_vsearch	1885	C	*/-T	673	19	2.71%	2	2	93	93	1.6828376766266522E-6	1	1	467	206	12	7	-T
F8_BC68_191109_LF_LIB_consensus_vsearch	1886	T	T	680	2	0.29%	2	1	93	93	0.24981658107095245	1	1	473	207	2	0	C
F8_BC68_191109_LF_LIB_consensus_vsearch	1887	T	*/-C	653	27	3.83%	2	2	93	93	5.726231180107417E-9	1	1	447	206	17	10	-C
F8_BC68_191109_LF_LIB_consensus_vsearch	1888	C	C	663	2	0.3%	2	2	93	93	0.24981188863816364	1	1	458	205	1	1	+G
F8_BC68_191109_LF_LIB_consensus_vsearch	1889	C	*/-ACC	683	11	1.57%	2	1	93	93	4.6916934806662123E-4	1	1	467	216	11	0	-ACC
F8_BC68_191109_LF_LIB_consensus_vsearch	1890	A	R	683	8	1.14%	2	2	93	93	0.003827480265442575	1	1	467	216	7	1	G
F8_BC68_191109_LF_LIB_consensus_vsearch	1891	C	C	691	2	0.29%	2	2	93	93	0.24981949458509745	1	1	475	216	1	1	A
F8_BC68_191109_LF_LIB_consensus_vsearch	1892	C	C	679	6	0.86%	2	2	93	93	0.015454174018007954	1	1	470	209	3	3	T
F8_BC68_191109_LF_LIB_consensus_vsearch	1893	G	G	692	5	0.71%	2	1	93	93	0.03102590594951147	1	1	480	212	5	0	A
F8_BC68_191109_LF_LIB_consensus_vsearch	1894	C	C	694	4	0.57%	2	2	93	93	0.06223127928418964	1	1	484	210	3	1	A
F8_BC68_191109_LF_LIB_consensus_vsearch	1895	C	*/-T	668	18	2.54%	2	2	93	93	3.407235887724633E-6	1	1	481	187	7	11	-T
F8_BC68_191109_LF_LIB_consensus_vsearch	1896	T	T	685	2	0.29%	2	2	93	93	0.24981791696995723	1	1	481	204	1	1	C
F8_BC68_191109_LF_LIB_consensus_vsearch	1897	T	T	703	2	0.28%	2	1	93	93	0.2498225691976094	1	1	487	216	2	0	C
F8_BC68_191109_LF_LIB_consensus_vsearch	1898	T	T	693	6	0.84%	2	1	93	93	0.01545759048792114	1	1	482	211	6	0	C
F8_BC68_191109_LF_LIB_consensus_vsearch	1899	A	A	689	6	0.85%	2	2	93	93	0.015456628378269563	1	1	477	212	3	3	C
F8_BC68_191109_LF_LIB_consensus_vsearch	1900	C	*/+A	674	14	1.98%	2	2	93	93	5.709176907287856E-5	1	1	480	194	1	13	+A
F8_BC68_191109_LF_LIB_consensus_vsearch	1901	A	A	687	6	0.86%	2	2	93	93	0.015456143164561733	1	1	479	208	4	2	G
F8_BC68_191109_LF_LIB_consensus_vsearch	1902	A	A	697	6	0.84%	2	2	93	93	0.015458541664756588	1	1	481	216	5	1	G
F8_BC68_191109_LF_LIB_consensus_vsearch	1903	A	R	697	9	1.27%	2	2	93	93	0.0019036637913854943	1	1	481	216	8	1	G
F8_BC68_191109_LF_LIB_consensus_vsearch	1904	C	*/+A	686	13	1.83%	2	1	93	93	1.1538785315412462E-4	1	1	470	216	13	0	+A
F8_BC68_191109_LF_LIB_consensus_vsearch	1905	G	S	679	15	2.12%	2	1	93	93	2.827150503574594E-5	1	1	465	214	15	0	C
F8_BC68_191109_LF_LIB_consensus_vsearch	1906	C	C	702	3	0.42%	2	1	93	93	0.12473385379729661	1	1	486	216	3	0	+G
F8_BC68_191109_LF_LIB_consensus_vsearch	1907	A	A	698	4	0.56%	2	1	93	93	0.06223281099972274	1	1	484	214	4	0	-G
F8_BC68_191109_LF_LIB_consensus_vsearch	1908	G	G	702	2	0.28%	2	1	93	93	0.2498223169866272	1	1	486	216	2	0	+A
F8_BC68_191109_LF_LIB_consensus_vsearch	1909	A	*/+C	690	8	1.13%	2	1	93	93	0.0038282665127912204	1	1	478	212	8	0	+C
F8_BC68_191109_LF_LIB_consensus_vsearch	1910	C	*/+A	617	42	5.92%	2	2	93	93	1.1581284413554143E-13	1	1	403	214	41	1	+A
F8_BC68_191109_LF_LIB_consensus_vsearch	1911	G	G	663	6	0.88%	2	2	93	93	0.015450094654956564	1	1	452	211	5	1	+A
F8_BC68_191109_LF_LIB_consensus_vsearch	1912	A	A	693	5	0.71%	2	1	93	93	0.031026226884601986	1	1	482	211	5	0	G
F8_BC68_191109_LF_LIB_consensus_vsearch	1913	A	A	699	6	0.85%	2	2	93	93	0.01545901321150471	1	1	486	213	4	2	G
F8_BC68_191109_LF_LIB_consensus_vsearch	1914	G	G	698	6	0.85%	2	1	93	93	0.015458777772499533	1	1	485	213	6	0	A
F8_BC68_191109_LF_LIB_consensus_vsearch	1915	C	C	705	2	0.28%	2	1	93	93	0.24982307147908459	1	1	493	212	0	2	T
F8_BC68_191109_LF_LIB_consensus_vsearch	1916	A	A	703	5	0.7%	2	2	93	93	0.0310293863893414	1	1	490	213	4	1	G
F8_BC68_191109_LF_LIB_consensus_vsearch	1917	T	T	698	6	0.85%	2	1	93	93	0.015458777772499533	1	1	485	213	6	0	-C
F8_BC68_191109_LF_LIB_consensus_vsearch	1918	C	C	704	2	0.28%	2	1	93	93	0.24982282069449002	1	1	489	215	0	2	T
F8_BC68_191109_LF_LIB_consensus_vsearch	1919	C	C	694	5	0.7%	2	2	93	93	0.031026546901622466	1	1	480	214	3	2	+G
F8_BC68_191109_LF_LIB_consensus_vsearch	1920	A	R	674	13	1.83%	2	2	93	93	1.1527339570506947E-4	1	1	463	211	12	1	G
F8_BC68_191109_LF_LIB_consensus_vsearch	1921	T	*/+A	638	37	5.26%	2	1	93	93	4.3818367754839685E-12	1	1	425	213	37	0	+A
F8_BC68_191109_LF_LIB_consensus_vsearch	1922	A	R	685	14	1.97%	2	2	93	93	5.715239513620629E-5	1	1	475	210	13	1	G
F8_BC68_191109_LF_LIB_consensus_vsearch	1923	G	K	648	47	6.61%	2	2	93	93	3.1774643504877738E-15	1	1	435	213	46	1	T
F8_BC68_191109_LF_LIB_consensus_vsearch	1924	T	*/-GC	689	13	1.83%	2	2	93	93	1.1541586787677064E-4	1	1	484	205	6	7	-GC
F8_BC68_191109_LF_LIB_consensus_vsearch	1925	G	G	686	4	0.57%	2	1	93	93	0.062228162556719	1	1	480	206	0	4	+TG
F8_BC68_191109_LF_LIB_consensus_vsearch	1926	C	*/+A	674	9	1.29%	2	1	93	93	0.0019020098594393618	1	1	475	199	0	9	+A
F8_BC68_191109_LF_LIB_consensus_vsearch	1927	A	R	676	13	1.84%	2	1	93	93	1.1529274338195737E-4	1	1	465	211	13	0	G
F8_BC68_191109_LF_LIB_consensus_vsearch	1928	C	Y	682	10	1.43%	2	2	93	93	9.451081060357581E-4	1	1	478	204	1	9	T
F8_BC68_191109_LF_LIB_consensus_vsearch	1929	A	A	689	3	0.43%	2	1	93	93	0.12472885032536499	1	1	479	210	0	3	G
F8_BC68_191109_LF_LIB_consensus_vsearch	1930	A	*/+T	688	8	1.12%	2	1	93	93	0.0038280434768544216	1	1	483	205	0	8	+T
F8_BC68_191109_LF_LIB_consensus_vsearch	1931	C	*/+T	688	12	1.69%	2	2	93	93	2.328071772860128E-4	1	1	489	199	1	11	+T
F8_BC68_191109_LF_LIB_consensus_vsearch	1932	T	*/+C	591	97	13.7%	2	2	93	93	1.6528199363628627E-31	1	1	394	197	93	4	+C
F8_BC68_191109_LF_LIB_consensus_vsearch	1933	C	*/-G	662	37	5.23%	2	1	93	93	4.460900004480109E-12	1	1	492	170	0	37	-G
F8_BC68_191109_LF_LIB_consensus_vsearch	1934	G	S	659	7	1.04%	2	1	93	93	0.007689700807880409	1	1	494	165	0	7	C
F8_BC68_191109_LF_LIB_consensus_vsearch	1935	G	G	709	2	0.28%	2	1	93	93	0.24982406755817957	1	1	493	216	2	0	-A
F8_BC68_191109_LF_LIB_consensus_vsearch	1936	A	*/-C	629	65	9.17%	2	2	93	93	5.626611005467746E-21	1	1	417	212	62	3	-C
F8_BC68_191109_LF_LIB_consensus_vsearch	1937	C	C	630	3	0.47%	2	1	93	93	0.12470355731241324	1	1	418	212	3	0	T
F8_BC68_191109_LF_LIB_consensus_vsearch	1938	C	C	698	4	0.57%	2	1	93	93	0.06223281099972274	1	1	481	217	4	0	T
F8_BC68_191109_LF_LIB_consensus_vsearch	1939	C	*/-G	615	55	7.72%	2	2	93	93	8.739894387690489E-18	1	1	476	139	8	47	-G
F8_BC68_191109_LF_LIB_consensus_vsearch	1940	G	R	571	51	8.13%	2	1	93	93	1.525389748315511E-16	1	1	434	137	51	0	A
F8_BC68_191109_LF_LIB_consensus_vsearch	1941	G	G	679	3	0.44%	2	1	93	93	0.1247248716066686	1	1	491	188	3	0	A
F8_BC68_191109_LF_LIB_consensus_vsearch	1942	G	G	706	5	0.7%	2	1	93	93	0.03103031691652057	1	1	489	217	5	0	-A
F8_BC68_191109_LF_LIB_consensus_vsearch	1943	A	A	704	1	0.14%	2	1	93	93	0.4999999999990043	1	1	487	217	1	0	+T
F8_BC68_191109_LF_LIB_consensus_vsearch	1944	T	T	700	5	0.7%	2	2	93	93	0.031028447945850964	1	1	488	212	1	4	-GT
F8_BC68_191109_LF_LIB_consensus_vsearch	1945	G	G	697	2	0.28%	2	2	93	93	0.24982104509666578	1	1	489	208	1	1	-T
F8_BC68_191109_LF_LIB_consensus_vsearch	1946	T	Y	679	9	1.28%	2	2	93	93	0.0019023787507757343	1	1	480	199	5	4	C
F8_BC68_191109_LF_LIB_consensus_vsearch	1947	A	*/-C	558	108	15.36%	2	2	93	93	2.7342110318340695E-35	1	1	411	147	60	48	-C
F8_BC68_191109_LF_LIB_consensus_vsearch	1948	C	C	574	5	0.85%	2	2	93	93	0.030980255699410347	1	1	425	149	3	2	G
F8_BC68_191109_LF_LIB_consensus_vsearch	1949	C	C	688	5	0.72%	2	2	93	93	0.031024612950973945	1	1	488	200	1	4	T
F8_BC68_191109_LF_LIB_consensus_vsearch	1950	C	Y	693	13	1.82%	2	2	93	93	1.1545285757734665E-4	1	1	489	204	3	10	T
F8_BC68_191109_LF_LIB_consensus_vsearch	1951	C	*/-A	617	55	7.71%	2	2	93	93	8.771297118043139E-18	1	1	471	146	8	47	-A
F8_BC68_191109_LF_LIB_consensus_vsearch	1952	A	R	633	9	1.37%	2	1	93	93	0.0018987698408519942	1	1	471	162	9	0	G
F8_BC68_191109_LF_LIB_consensus_vsearch	1953	A	W	646	48	6.75%	2	1	93	93	1.531210534346821E-15	1	1	484	162	0	48	T
F8_BC68_191109_LF_LIB_consensus_vsearch	1954	G	R	680	9	1.28%	2	1	93	93	0.0019024518910627653	1	1	466	214	9	0	A
F8_BC68_191109_LF_LIB_consensus_vsearch	1955	C	C	705	2	0.28%	2	1	93	93	0.24982307147908459	1	1	490	215	2	0	A
F8_BC68_191109_LF_LIB_consensus_vsearch	1956	C	C	700	4	0.56%	2	1	93	93	0.06223357032831275	1	1	488	212	4	0	+G
F8_BC68_191109_LF_LIB_consensus_vsearch	1957	A	*/-G	693	9	1.27%	2	2	93	93	0.0019033838827015696	1	1	485	208	8	1	-G
F8_BC68_191109_LF_LIB_consensus_vsearch	1958	G	G	695	3	0.43%	2	1	93	93	0.12473118279579633	1	1	482	213	3	0	-A
F8_BC68_191109_LF_LIB_consensus_vsearch	1959	A	R	695	8	1.13%	2	2	93	93	0.003828818576574826	1	1	483	212	6	2	G
F8_BC68_191109_LF_LIB_consensus_vsearch	1960	T	T	700	6	0.84%	2	2	93	93	0.015459247984384758	1	1	492	208	2	4	C
F8_BC68_191109_LF_LIB_consensus_vsearch	1961	T	*/-C	696	7	0.98%	2	2	93	93	0.007696145385976602	1	1	485	211	5	2	-C
F8_BC68_191109_LF_LIB_consensus_vsearch	1962	C	C	698	3	0.43%	2	1	93	93	0.12473233404720117	1	1	485	213	3	0	T
F8_BC68_191109_LF_LIB_consensus_vsearch	1963	A	R	695	8	1.13%	2	2	93	93	0.003828818576574826	1	1	487	208	5	3	G
F8_BC68_191109_LF_LIB_consensus_vsearch	1964	C	*/-AC	603	99	13.94%	2	2	93	93	3.825929652629825E-32	1	1	404	199	89	10	-AC
F8_BC68_191109_LF_LIB_consensus_vsearch	1965	A	R	599	10	1.63%	2	2	93	93	9.408673221702619E-4	1	1	397	202	8	2	G
F8_BC68_191109_LF_LIB_consensus_vsearch	1966	C	Y	605	7	1.14%	2	1	93	93	0.007678901296381563	1	1	405	200	0	7	T
F8_BC68_191109_LF_LIB_consensus_vsearch	1967	G	G	706	4	0.56%	2	1	93	93	0.0622358226367427	1	1	489	217	4	0	A
F8_BC68_191109_LF_LIB_consensus_vsearch	1968	T	T	702	5	0.7%	2	1	93	93	0.031029074459554294	1	1	486	216	5	0	C
F8_BC68_191109_LF_LIB_consensus_vsearch	1969	T	T	692	6	0.84%	2	2	93	93	0.015457350992753744	1	1	483	209	1	5	+G
F8_BC68_191109_LF_LIB_consensus_vsearch	1970	G	*/-A	691	9	1.27%	2	1	93	93	0.0019032427370135523	1	1	477	214	9	0	-A
F8_BC68_191109_LF_LIB_consensus_vsearch	1971	A	*/-G	685	8	1.14%	2	2	93	93	0.003827706520627659	1	1	474	211	6	2	-G
F8_BC68_191109_LF_LIB_consensus_vsearch	1972	G	*/-C	688	10	1.42%	2	1	93	93	9.453759502338604E-4	1	1	477	211	10	0	-C
F8_BC68_191109_LF_LIB_consensus_vsearch	1973	C	C	693	3	0.43%	2	1	93	93	0.12473040977706219	1	1	478	215	3	0	A
F8_BC68_191109_LF_LIB_consensus_vsearch	1974	C	Y	682	16	2.24%	2	2	93	93	1.3988405790785406E-5	1	1	481	201	6	10	T
F8_BC68_191109_LF_LIB_consensus_vsearch	1975	G	*/-A	703	9	1.26%	2	1	93	93	0.0019040777973840534	1	1	487	216	9	0	-A
F8_BC68_191109_LF_LIB_consensus_vsearch	1976	A	A	698	2	0.28%	2	1	93	93	0.24982130092901844	1	1	484	214	2	0	G
F8_BC68_191109_LF_LIB_consensus_vsearch	1977	T	*/-C	534	138	19.41%	2	2	93	93	1.116178068735363E-45	1	1	324	210	136	2	-C
F8_BC68_191109_LF_LIB_consensus_vsearch	1978	C	C	543	1	0.18%	2	1	93	93	0.4999999999999138	1	1	328	215	1	0	A
F8_BC68_191109_LF_LIB_consensus_vsearch	1979	C	M	661	14	2.05%	2	1	93	93	5.7017634264194104E-5	1	1	449	212	14	0	A
F8_BC68_191109_LF_LIB_consensus_vsearch	1980	C	*/-GC	636	53	7.44%	2	1	93	93	3.924608106277396E-17	1	1	433	203	53	0	-GC
F8_BC68_191109_LF_LIB_consensus_vsearch	1981	G	R	628	23	3.51%	2	2	93	93	9.782078083857467E-8	1	1	416	212	22	1	A
F8_BC68_191109_LF_LIB_consensus_vsearch	1982	C	C	640	6	0.91%	2	2	93	93	0.015443877102765373	1	1	431	209	1	5	-T
F8_BC68_191109_LF_LIB_consensus_vsearch	1983	T	T	690	6	0.86%	2	2	93	93	0.015456869940904113	1	1	482	208	3	3	C
F8_BC68_191109_LF_LIB_consensus_vsearch	1984	T	Y	684	9	1.28%	2	2	93	93	0.0019027423560483373	1	1	474	210	5	4	C
F8_BC68_191109_LF_LIB_consensus_vsearch	1985	C	*/-A	658	33	4.68%	2	2	93	93	7.871788380565795E-11	1	1	445	213	31	2	-A
F8_BC68_191109_LF_LIB_consensus_vsearch	1986	A	R	654	8	1.19%	2	2	93	93	0.0038240467022021517	1	1	446	208	7	1	G
F8_BC68_191109_LF_LIB_consensus_vsearch	1987	C	*/-T	693	7	0.99%	2	2	93	93	0.007695648159281727	1	1	482	211	6	1	-T
F8_BC68_191109_LF_LIB_consensus_vsearch	1988	T	*/-C	662	28	3.97%	2	1	93	93	2.8169172845384593E-9	1	1	480	182	0	28	-C
F8_BC68_191109_LF_LIB_consensus_vsearch	1989	C	*/+AC	643	15	2.19%	2	1	93	93	2.815218725369913E-5	1	1	460	183	15	0	+AC
F8_BC68_191109_LF_LIB_consensus_vsearch	1990	G	R	689	8	1.13%	2	2	93	93	0.0038281551540559158	1	1	475	214	6	2	A
F8_BC68_191109_LF_LIB_consensus_vsearch	1991	C	C	686	5	0.71%	2	2	93	93	0.031023960840170225	1	1	476	210	2	3	T
F8_BC68_191109_LF_LIB_consensus_vsearch	1992	A	R	672	31	4.38%	2	2	93	93	3.320786953589499E-10	1	1	456	216	30	1	G
F8_BC68_191109_LF_LIB_consensus_vsearch	1993	G	G	702	2	0.28%	2	1	93	93	0.2498223169866272	1	1	488	214	2	0	+T
F8_BC68_191109_LF_LIB_consensus_vsearch	1994	T	T	703	4	0.56%	2	1	93	93	0.06223470126280326	1	1	489	214	4	0	G
F8_BC68_191109_LF_LIB_consensus_vsearch	1995	T	T	702	5	0.7%	2	2	93	93	0.031029074459554294	1	1	491	211	1	4	C
F8_BC68_191109_LF_LIB_consensus_vsearch	1996	A	R	695	10	1.41%	2	1	93	93	9.456827270018123E-4	1	1	479	216	10	0	G
F8_BC68_191109_LF_LIB_consensus_vsearch	1997	C	C	690	6	0.85%	2	1	93	93	0.015456869940904113	1	1	479	211	6	0	-TG
F8_BC68_191109_LF_LIB_consensus_vsearch	1998	T	Y	674	12	1.71%	2	2	93	93	2.3257953314238005E-4	1	1	476	198	2	10	C
F8_BC68_191109_LF_LIB_consensus_vsearch	1999	G	*/-A	647	38	5.38%	2	2	93	93	2.1463719271320836E-12	1	1	431	216	37	1	-A
F8_BC68_191109_LF_LIB_consensus_vsearch	2000	A	*/-G	469	149	22.51%	2	2	93	93	5.364110361357555E-50	1	1	261	208	144	5	-G
F8_BC68_191109_LF_LIB_consensus_vsearch	2001	G	G	520	4	0.76%	2	2	93	93	0.062142005182288046	1	1	309	211	3	1	A
F8_BC68_191109_LF_LIB_consensus_vsearch	2002	G	R	680	8	1.16%	2	1	93	93	0.0038271384280311226	1	1	463	217	8	0	A
F8_BC68_191109_LF_LIB_consensus_vsearch	2003	G	*/-A	683	19	2.68%	2	2	93	93	1.6858827784328652E-6	1	1	468	215	18	1	-A
F8_BC68_191109_LF_LIB_consensus_vsearch	2004	A	A	686	3	0.43%	2	2	93	93	0.12472766884553547	1	1	471	215	2	1	G
F8_BC68_191109_LF_LIB_consensus_vsearch	2005	A	*/-T	688	11	1.55%	2	1	93	93	4.6930438187799145E-4	1	1	487	201	0	11	-T
F8_BC68_191109_LF_LIB_consensus_vsearch	2006	T	*/-C	527	160	22.89%	2	2	93	93	1.877048947078291E-53	1	1	331	196	154	6	-C
F8_BC68_191109_LF_LIB_consensus_vsearch	2007	C	C	547	2	0.36%	2	2	93	93	0.24977210574240852	1	1	340	207	1	1	T
F8_BC68_191109_LF_LIB_consensus_vsearch	2008	C	Y	692	11	1.54%	2	1	93	93	4.694110429594632E-4	1	1	494	198	0	11	T
F8_BC68_191109_LF_LIB_consensus_vsearch	2009	T	T	682	5	0.71%	2	2	93	93	0.031022645232238563	1	1	486	196	3	2	+G
F8_BC68_191109_LF_LIB_consensus_vsearch	2010	A	R	663	37	5.23%	2	2	93	93	4.464103067434817E-12	1	1	457	206	33	4	G
F8_BC68_191109_LF_LIB_consensus_vsearch	2011	G	*/-TT	689	9	1.27%	2	1	93	93	0.0019031007880593255	1	1	484	205	0	9	-TT
F8_BC68_191109_LF_LIB_consensus_vsearch	2012	T	Y	690	9	1.28%	2	2	93	93	0.0019031718633756593	1	1	491	199	4	5	C
F8_BC68_191109_LF_LIB_consensus_vsearch	2013	T	*/+G	668	12	1.7%	2	2	93	93	2.324791481283335E-4	1	1	478	190	10	2	+G
F8_BC68_191109_LF_LIB_consensus_vsearch	2014	A	R	653	25	3.55%	2	2	93	93	2.378996477004294E-8	1	1	464	189	19	6	G
F8_BC68_191109_LF_LIB_consensus_vsearch	2015	G	*/+T	647	23	3.3%	2	2	93	93	9.838034325293785E-8	1	1	441	206	22	1	+T
F8_BC68_191109_LF_LIB_consensus_vsearch	2016	T	Y	668	20	2.88%	2	2	93	93	8.290256340325744E-7	1	1	472	196	4	16	C
F8_BC68_191109_LF_LIB_consensus_vsearch	2017	T	Y	699	7	0.98%	2	2	93	93	0.0076966383990413785	1	1	487	212	4	3	C
F8_BC68_191109_LF_LIB_consensus_vsearch	2018	T	*/-CTT	681	9	1.26%	2	1	93	93	0.001902524820821714	1	1	486	195	0	9	-CTT
F8_BC68_191109_LF_LIB_consensus_vsearch	2019	C	*/-T	593	53	7.64%	2	2	93	93	3.651269690159241E-17	1	1	459	134	15	38	-T
F8_BC68_191109_LF_LIB_consensus_vsearch	2020	T	T	628	4	0.63%	2	2	93	93	0.062203205614794865	1	1	469	159	3	1	C
F8_BC68_191109_LF_LIB_consensus_vsearch	2021	T	T	682	5	0.72%	2	2	93	93	0.031022645232238563	1	1	485	197	4	1	C
F8_BC68_191109_LF_LIB_consensus_vsearch	2022	T	T	704	5	0.7%	2	2	93	93	0.03102969743972635	1	1	490	214	3	2	C
F8_BC68_191109_LF_LIB_consensus_vsearch	2023	T	*/-C	673	27	3.79%	2	2	93	93	5.770303238185175E-9	1	1	480	193	10	17	-C
F8_BC68_191109_LF_LIB_consensus_vsearch	2024	C	*/+A	666	10	1.46%	2	1	93	93	9.443708371449778E-4	1	1	471	195	10	0	+A
F8_BC68_191109_LF_LIB_consensus_vsearch	2025	C	C	705	4	0.56%	2	2	93	93	0.062235449900223165	1	1	493	212	1	3	-TCC
F8_BC68_191109_LF_LIB_consensus_vsearch	2026	T	*/+C	679	16	2.27%	2	2	93	93	1.3983098602929015E-5	1	1	468	211	15	1	+C
F8_BC68_191109_LF_LIB_consensus_vsearch	2027	C	C	697	1	0.14%	2	1	93	93	0.5000000000008233	1	1	484	213	1	0	+T
F8_BC68_191109_LF_LIB_consensus_vsearch	2028	C	*/-G	688	11	1.55%	2	1	93	93	4.6930438187799145E-4	1	1	475	213	11	0	-G
F8_BC68_191109_LF_LIB_consensus_vsearch	2029	G	R	685	10	1.42%	2	2	93	93	9.452426007191464E-4	1	1	473	212	8	2	A
F8_BC68_191109_LF_LIB_consensus_vsearch	2030	C	M	686	10	1.41%	2	1	93	93	9.452871770742829E-4	1	1	475	211	10	0	A
F8_BC68_191109_LF_LIB_consensus_vsearch	2031	T	T	691	6	0.85%	2	1	93	93	0.01545711081143495	1	1	483	208	6	0	A
F8_BC68_191109_LF_LIB_consensus_vsearch	2032	G	G	696	6	0.85%	2	1	93	93	0.015458304885326069	1	1	483	213	6	0	-A
F8_BC68_191109_LF_LIB_consensus_vsearch	2033	A	A	699	3	0.42%	2	1	93	93	0.12473271560965893	1	1	484	215	3	0	G
F8_BC68_191109_LF_LIB_consensus_vsearch	2034	T	T	708	1	0.14%	2	1	93	93	0.4999999999990043	1	1	493	215	1	0	+C
F8_BC68_191109_LF_LIB_consensus_vsearch	2035	T	T	703	3	0.42%	2	2	93	93	0.12473423104214414	1	1	491	212	1	2	-A
F8_BC68_191109_LF_LIB_consensus_vsearch	2036	A	A	695	5	0.71%	2	2	93	93	0.031026866004720807	1	1	486	209	3	2	G
F8_BC68_191109_LF_LIB_consensus_vsearch	2037	A	A	701	5	0.71%	2	2	93	93	0.03102876164621499	1	1	490	211	2	3	C
F8_BC68_191109_LF_LIB_consensus_vsearch	2038	T	T	696	4	0.56%	2	1	93	93	0.06223204733082229	1	1	486	210	4	0	-A
F8_BC68_191109_LF_LIB_consensus_vsearch	2039	A	A	692	6	0.85%	2	1	93	93	0.015457350992753744	1	1	480	212	6	0	-T
F8_BC68_191109_LF_LIB_consensus_vsearch	2040	T	T	686	6	0.85%	2	2	93	93	0.0154558995074816	1	1	473	213	4	2	C
F8_BC68_191109_LF_LIB_consensus_vsearch	2041	G	*/-CT	688	10	1.41%	2	1	93	93	9.453759502338604E-4	1	1	476	212	10	0	-CT
F8_BC68_191109_LF_LIB_consensus_vsearch	2042	C	*/-TT	677	8	1.14%	2	1	93	93	0.0038267936108249954	1	1	470	207	8	0	-TT
F8_BC68_191109_LF_LIB_consensus_vsearch	2043	T	Y	669	11	1.61%	2	2	93	93	4.687808233562141E-4	1	1	461	208	9	2	C
F8_BC68_191109_LF_LIB_consensus_vsearch	2044	T	Y	679	10	1.43%	2	2	93	93	9.449724513676984E-4	1	1	470	209	8	2	C
F8_BC68_191109_LF_LIB_consensus_vsearch	2045	A	*/+G	686	8	1.14%	2	1	93	93	0.003827819161525346	1	1	477	209	8	0	+G
F8_BC68_191109_LF_LIB_consensus_vsearch	2046	A	A	697	5	0.71%	2	2	93	93	0.03102750148427654	1	1	489	208	1	4	G
F8_BC68_191109_LF_LIB_consensus_vsearch	2047	G	*/+T	675	12	1.7%	2	1	93	93	2.3259609622305495E-4	1	1	474	201	0	12	+T
F8_BC68_191109_LF_LIB_consensus_vsearch	2048	T	*/+C	672	20	2.82%	2	1	93	93	8.297067812230699E-7	1	1	462	210	20	0	+C
F8_BC68_191109_LF_LIB_consensus_vsearch	2049	C	*/-T	665	36	5.07%	2	2	93	93	9.176436812684647E-12	1	1	463	202	23	13	-T
F8_BC68_191109_LF_LIB_consensus_vsearch	2050	T	Y	645	15	2.23%	2	2	93	93	2.8159147437614725E-5	1	1	447	198	13	2	C
F8_BC68_191109_LF_LIB_consensus_vsearch	2051	A	R	578	113	16.05%	2	2	93	93	6.545865453929308E-37	1	1	371	207	111	2	G
F8_BC68_191109_LF_LIB_consensus_vsearch	2052	G	G	684	3	0.43%	2	1	93	93	0.12472687545529655	1	1	478	206	3	0	+C
F8_BC68_191109_LF_LIB_consensus_vsearch	2053	C	*/-G	631	28	3.99%	2	2	93	93	2.779338460052933E-9	1	1	451	180	13	15	-G
F8_BC68_191109_LF_LIB_consensus_vsearch	2054	G	R	640	23	3.41%	2	1	93	93	9.817761644383198E-8	1	1	443	197	23	0	A
F8_BC68_191109_LF_LIB_consensus_vsearch	2055	G	*/+A	683	10	1.42%	2	1	93	93	9.451530657497562E-4	1	1	472	211	10	0	+A
F8_BC68_191109_LF_LIB_consensus_vsearch	2056	G	K	656	24	3.38%	2	1	93	93	4.848300649432625E-8	1	1	446	210	24	0	T
F8_BC68_191109_LF_LIB_consensus_vsearch	2057	T	Y	687	16	2.27%	2	1	93	93	1.3997153710878222E-5	1	1	491	196	0	16	C
F8_BC68_191109_LF_LIB_consensus_vsearch	2058	T	T	697	4	0.57%	2	2	93	93	0.06223242971040495	1	1	487	210	2	2	C
F8_BC68_191109_LF_LIB_consensus_vsearch	2059	G	R	693	7	0.99%	2	2	93	93	0.007695648159281727	1	1	484	209	4	3	A
F8_BC68_191109_LF_LIB_consensus_vsearch	2060	T	*/+C	606	70	9.85%	2	2	93	93	1.2873760502708322E-22	1	1	392	214	69	1	+C
F8_BC68_191109_LF_LIB_consensus_vsearch	2061	C	C	677	5	0.73%	2	1	93	93	0.031020979028519777	1	1	462	215	5	0	+A
F8_BC68_191109_LF_LIB_consensus_vsearch	2062	C	*/-T	672	21	2.95%	2	2	93	93	4.088627279309247E-7	1	1	464	208	16	5	-T
F8_BC68_191109_LF_LIB_consensus_vsearch	2063	T	Y	655	11	1.6%	2	2	93	93	4.68376176463392E-4	1	1	453	202	6	5	C
F8_BC68_191109_LF_LIB_consensus_vsearch	2064	A	*/-C	484	111	15.86%	2	2	93	93	1.3343094167508788E-36	1	1	287	197	103	8	-C
F8_BC68_191109_LF_LIB_consensus_vsearch	2065	C	*/+T	524	8	1.48%	2	2	93	93	0.0038040831989871004	1	1	325	199	2	6	+T
F8_BC68_191109_LF_LIB_consensus_vsearch	2066	C	Y	641	8	1.22%	2	2	93	93	0.003822408416603577	1	1	426	215	7	1	T
F8_BC68_191109_LF_LIB_consensus_vsearch	2067	C	Y	661	20	2.88%	2	2	93	93	8.278154721497385E-7	1	1	455	206	10	10	T
F8_BC68_191109_LF_LIB_consensus_vsearch	2068	C	Y	657	34	4.8%	2	2	93	93	3.83961212335467E-11	1	1	458	199	28	6	T
F8_BC68_191109_LF_LIB_consensus_vsearch	2069	A	A	686	5	0.72%	2	2	93	93	0.031023960840170225	1	1	482	204	4	1	T
F8_BC68_191109_LF_LIB_consensus_vsearch	2070	A	R	698	8	1.13%	2	2	93	93	0.0038291460789557676	1	1	486	212	6	2	G
F8_BC68_191109_LF_LIB_consensus_vsearch	2071	T	Y	690	12	1.7%	2	2	93	93	2.3283896823795677E-4	1	1	487	203	2	10	C
F8_BC68_191109_LF_LIB_consensus_vsearch	2072	G	*/-AG	696	7	0.99%	2	1	93	93	0.007696145385976602	1	1	481	215	7	0	-AG
F8_BC68_191109_LF_LIB_consensus_vsearch	2073	A	*/+G	675	17	2.43%	2	1	93	93	6.907132247481708E-6	1	1	463	212	17	0	+G
F8_BC68_191109_LF_LIB_consensus_vsearch	2074	G	G	697	3	0.43%	2	2	93	93	0.12473195139413472	1	1	483	214	2	1	A
F8_BC68_191109_LF_LIB_consensus_vsearch	2075	G	G	708	1	0.14%	2	1	93	93	0.4999999999990043	1	1	495	213	0	1	+C
F8_BC68_191109_LF_LIB_consensus_vsearch	2076	T	T	694	5	0.7%	2	2	93	93	0.031026546901622466	1	1	488	206	2	3	C
F8_BC68_191109_LF_LIB_consensus_vsearch	2077	C	C	701	4	0.56%	2	2	93	93	0.06223394837614865	1	1	489	212	3	1	-A
F8_BC68_191109_LF_LIB_consensus_vsearch	2078	A	R	695	8	1.13%	2	2	93	93	0.003828818576574826	1	1	485	210	6	2	G
F8_BC68_191109_LF_LIB_consensus_vsearch	2079	T	T	695	6	0.85%	2	1	93	93	0.015458067431314672	1	1	490	205	0	6	G
F8_BC68_191109_LF_LIB_consensus_vsearch	2080	G	*/-CG	687	15	2.11%	2	2	93	93	2.829640426446843E-5	1	1	486	201	1	14	-CG
F8_BC68_191109_LF_LIB_consensus_vsearch	2081	C	Y	674	13	1.87%	2	2	93	93	1.1527339570506947E-4	1	1	489	185	2	11	T
F8_BC68_191109_LF_LIB_consensus_vsearch	2082	G	*/+T	659	29	4.17%	2	2	93	93	1.3780596792815336E-9	1	1	464	195	28	1	+T
F8_BC68_191109_LF_LIB_consensus_vsearch	2083	T	Y	694	11	1.56%	2	2	93	93	4.6946392519066994E-4	1	1	490	204	3	8	C
F8_BC68_191109_LF_LIB_consensus_vsearch	2084	T	T	697	3	0.42%	2	1	93	93	0.12473195139413472	1	1	483	214	3	0	+G
F8_BC68_191109_LF_LIB_consensus_vsearch	2085	G	G	692	4	0.56%	2	2	93	93	0.062230506821500255	1	1	479	213	2	2	A
F8_BC68_191109_LF_LIB_consensus_vsearch	2086	T	*/+A	683	7	0.99%	2	2	93	93	0.007693959601990333	1	1	476	207	5	2	+A
F8_BC68_191109_LF_LIB_consensus_vsearch	2087	A	R	694	9	1.27%	2	2	93	93	0.001903454156451721	1	1	483	211	5	4	G
F8_BC68_191109_LF_LIB_consensus_vsearch	2088	G	G	704	4	0.56%	2	1	93	93	0.06223507611041307	1	1	489	215	4	0	T
F8_BC68_191109_LF_LIB_consensus_vsearch	2089	T	Y	700	9	1.26%	2	2	93	93	0.0019038716643260702	1	1	489	211	3	6	C
F8_BC68_191109_LF_LIB_consensus_vsearch	2090	A	A	696	6	0.85%	2	2	93	93	0.015458304885326069	1	1	481	215	4	2	-C
F8_BC68_191109_LF_LIB_consensus_vsearch	2091	C	C	703	1	0.14%	2	1	93	93	0.5000000000008233	1	1	489	214	1	0	+GC
F8_BC68_191109_LF_LIB_consensus_vsearch	2092	C	Y	695	11	1.54%	2	2	93	93	4.694902553240952E-4	1	1	488	207	3	8	T
F8_BC68_191109_LF_LIB_consensus_vsearch	2093	G	G	704	4	0.56%	2	2	93	93	0.06223507611041307	1	1	489	215	3	1	A
F8_BC68_191109_LF_LIB_consensus_vsearch	2094	C	*/-T	693	7	0.99%	2	2	93	93	0.007695648159281727	1	1	484	209	3	4	-T
F8_BC68_191109_LF_LIB_consensus_vsearch	2095	T	T	697	3	0.43%	2	1	93	93	0.12473195139413472	1	1	485	212	3	0	+G
F8_BC68_191109_LF_LIB_consensus_vsearch	2096	G	G	697	4	0.56%	2	1	93	93	0.06223242971040495	1	1	487	210	4	0	+C
F8_BC68_191109_LF_LIB_consensus_vsearch	2097	T	*/+G	650	18	2.54%	2	2	93	93	3.396742772865506E-6	1	1	445	205	17	1	+G
F8_BC68_191109_LF_LIB_consensus_vsearch	2098	G	*/-A	680	13	1.84%	2	2	93	93	1.1533111024855475E-4	1	1	470	210	12	1	-A
F8_BC68_191109_LF_LIB_consensus_vsearch	2099	A	R	636	35	5.01%	2	2	93	93	1.846265664388435E-11	1	1	429	207	33	2	G
F8_BC68_191109_LF_LIB_consensus_vsearch	2100	G	G	694	4	0.57%	2	1	93	93	0.06223127928418964	1	1	480	214	4	0	+A
F8_BC68_191109_LF_LIB_consensus_vsearch	2101	G	*/+C	680	11	1.54%	2	1	93	93	4.6908740151385334E-4	1	1	466	214	11	0	+C
F8_BC68_191109_LF_LIB_consensus_vsearch	2102	C	*/-G	693	7	0.98%	2	2	93	93	0.007695648159281727	1	1	491	202	1	6	-G
F8_BC68_191109_LF_LIB_consensus_vsearch	2103	G	R	688	9	1.27%	2	1	93	93	0.0019030295102081	1	1	480	208	9	0	A
F8_BC68_191109_LF_LIB_consensus_vsearch	2104	G	G	702	3	0.42%	2	2	93	93	0.12473385379729661	1	1	487	215	2	1	-A
F8_BC68_191109_LF_LIB_consensus_vsearch	2105	A	R	693	9	1.27%	2	1	93	93	0.0019033838827015696	1	1	482	211	9	0	G
F8_BC68_191109_LF_LIB_consensus_vsearch	2106	C	*/-T	684	10	1.41%	2	2	93	93	9.451978971244695E-4	1	1	482	202	3	7	-T
F8_BC68_191109_LF_LIB_consensus_vsearch	2107	T	Y	680	8	1.15%	2	2	93	93	0.0038271384280311226	1	1	471	209	7	1	C
F8_BC68_191109_LF_LIB_consensus_vsearch	2108	T	*/-G	656	24	3.41%	2	2	93	93	4.848300649432625E-8	1	1	468	188	3	21	-G
F8_BC68_191109_LF_LIB_consensus_vsearch	2109	G	R	671	9	1.32%	2	2	93	93	0.001901785939178216	1	1	480	191	5	4	A
F8_BC68_191109_LF_LIB_consensus_vsearch	2110	G	G	690	5	0.71%	2	1	93	93	0.031025261309997287	1	1	481	209	5	0	T
F8_BC68_191109_LF_LIB_consensus_vsearch	2111	T	Y	674	19	2.7%	2	2	93	93	1.6831459447852487E-6	1	1	482	192	3	16	C
F8_BC68_191109_LF_LIB_consensus_vsearch	2112	G	G	696	6	0.85%	2	2	93	93	0.015458304885326069	1	1	483	213	5	1	-A
F8_BC68_191109_LF_LIB_consensus_vsearch	2113	A	R	692	7	0.99%	2	1	93	93	0.007695481471345102	1	1	478	214	7	0	G
F8_BC68_191109_LF_LIB_consensus_vsearch	2114	C	*/-G	685	15	2.11%	2	1	93	93	2.82902313308046E-5	1	1	470	215	15	0	-G
F8_BC68_191109_LF_LIB_consensus_vsearch	2115	G	R	625	43	6.17%	2	2	93	93	5.6555144830880854E-14	1	1	412	213	42	1	A
F8_BC68_191109_LF_LIB_consensus_vsearch	2116	C	*/+A	582	40	5.8%	2	1	93	93	4.758970632541361E-13	1	1	370	212	40	0	+A
F8_BC68_191109_LF_LIB_consensus_vsearch	2117	G	*/-A	610	43	6.32%	2	2	93	93	5.5624930526513924E-14	1	1	400	210	42	1	-A
F8_BC68_191109_LF_LIB_consensus_vsearch	2118	A	*/-G	644	17	2.54%	2	2	93	93	6.874583685551155E-6	1	1	429	215	16	1	-G
F8_BC68_191109_LF_LIB_consensus_vsearch	2119	G	G	682	6	0.86%	2	2	93	93	0.015454917806583757	1	1	475	207	3	3	-C
F8_BC68_191109_LF_LIB_consensus_vsearch	2120	C	C	698	5	0.71%	2	1	93	93	0.031027817868692333	1	1	488	210	5	0	-TC
F8_BC68_191109_LF_LIB_consensus_vsearch	2121	T	*/+C	682	11	1.56%	2	2	93	93	4.6914211039852195E-4	1	1	477	205	10	1	+C
F8_BC68_191109_LF_LIB_consensus_vsearch	2122	C	C	694	2	0.28%	2	1	93	93	0.24982027318421304	1	1	484	210	2	0	+TC
F8_BC68_191109_LF_LIB_consensus_vsearch	2123	A	A	698	6	0.85%	2	2	93	93	0.015458777772499533	1	1	486	212	5	1	G
F8_BC68_191109_LF_LIB_consensus_vsearch	2124	A	R	662	38	5.36%	2	2	93	93	2.171460259504337E-12	1	1	450	212	37	1	G
F8_BC68_191109_LF_LIB_consensus_vsearch	2125	C	*/-AC	624	61	8.6%	2	1	93	93	1.0716092110398825E-19	1	1	412	212	61	0	-AC
F8_BC68_191109_LF_LIB_consensus_vsearch	2126	A	*/-C	557	54	8.42%	2	2	93	93	1.6305606005035426E-17	1	1	354	203	46	8	-C
F8_BC68_191109_LF_LIB_consensus_vsearch	2127	C	*/+T	543	29	4.92%	2	2	93	93	1.2943332925958352E-9	1	1	364	179	1	28	+T
F8_BC68_191109_LF_LIB_consensus_vsearch	2128	C	S	614	64	9.08%	2	1	93	93	1.1386992540724191E-20	1	1	415	199	64	0	G
F8_BC68_191109_LF_LIB_consensus_vsearch	2129	C	Y	677	20	2.81%	2	2	93	93	8.305478350782384E-7	1	1	475	202	10	10	T
F8_BC68_191109_LF_LIB_consensus_vsearch	2130	G	R	556	140	19.91%	2	1	93	93	2.9853171974278824E-46	1	1	347	209	140	0	A
F8_BC68_191109_LF_LIB_consensus_vsearch	2131	G	R	674	32	4.5%	2	2	93	93	1.6255072333767144E-10	1	1	459	215	31	1	A
F8_BC68_191109_LF_LIB_consensus_vsearch	2132	T	*/+C	685	16	2.25%	2	1	93	93	1.399366903089498E-5	1	1	472	213	16	0	+C
F8_BC68_191109_LF_LIB_consensus_vsearch	2133	C	*/-A	675	14	1.97%	2	2	93	93	5.709735862722917E-5	1	1	471	204	4	10	-A
F8_BC68_191109_LF_LIB_consensus_vsearch	2134	A	A	690	3	0.43%	2	2	93	93	0.12472924187740676	1	1	486	204	2	1	G
F8_BC68_191109_LF_LIB_consensus_vsearch	2135	A	*/-G	675	21	2.95%	2	2	93	93	4.091379322200152E-7	1	1	469	206	15	6	-G
F8_BC68_191109_LF_LIB_consensus_vsearch	2136	G	R	675	10	1.45%	2	1	93	93	9.447897479611806E-4	1	1	467	208	10	0	A
F8_BC68_191109_LF_LIB_consensus_vsearch	2137	C	*/-AC	660	36	5.08%	2	1	93	93	9.145291362848066E-12	1	1	449	211	36	0	-AC
F8_BC68_191109_LF_LIB_consensus_vsearch	2138	A	R	654	8	1.19%	2	2	93	93	0.0038240467022021517	1	1	444	210	5	3	G
F8_BC68_191109_LF_LIB_consensus_vsearch	2139	C	Y	659	8	1.19%	2	2	93	93	0.00382465989169585	1	1	450	209	2	6	T
F8_BC68_191109_LF_LIB_consensus_vsearch	2140	G	G	697	2	0.28%	2	1	93	93	0.24982104509666578	1	1	486	211	0	2	+T
F8_BC68_191109_LF_LIB_consensus_vsearch	2141	T	Y	694	7	0.98%	2	2	93	93	0.007695814373028502	1	1	486	208	5	2	C
F8_BC68_191109_LF_LIB_consensus_vsearch	2142	C	C	699	3	0.42%	2	2	93	93	0.12473271560965893	1	1	491	208	1	2	-T
F8_BC68_191109_LF_LIB_consensus_vsearch	2143	T	*/+C	641	53	7.5%	2	2	93	93	3.95530205626658E-17	1	1	435	206	52	1	+C
F8_BC68_191109_LF_LIB_consensus_vsearch	2144	C	*/+TC	688	10	1.41%	2	1	93	93	9.453759502338604E-4	1	1	475	213	10	0	+TC
F8_BC68_191109_LF_LIB_consensus_vsearch	2145	A	R	691	11	1.54%	2	2	93	93	4.6938449023983423E-4	1	1	480	211	10	1	G
F8_BC68_191109_LF_LIB_consensus_vsearch	2146	G	G	703	2	0.28%	2	1	93	93	0.2498225691976094	1	1	489	214	2	0	+A
F8_BC68_191109_LF_LIB_consensus_vsearch	2147	A	R	699	9	1.27%	2	1	93	93	0.001903802567748347	1	1	484	215	9	0	G
F8_BC68_191109_LF_LIB_consensus_vsearch	2148	C	C	703	4	0.56%	2	2	93	93	0.06223470126280326	1	1	492	211	1	3	-T
F8_BC68_191109_LF_LIB_consensus_vsearch	2149	T	T	695	5	0.71%	2	2	93	93	0.031026866004720807	1	1	487	208	4	1	C
F8_BC68_191109_LF_LIB_consensus_vsearch	2150	C	C	702	5	0.71%	2	2	93	93	0.031029074459554294	1	1	492	210	2	3	-T
F8_BC68_191109_LF_LIB_consensus_vsearch	2151	T	*/+G	623	75	10.64%	2	2	93	93	3.238155347771951E-24	1	1	456	167	30	45	+G
F8_BC68_191109_LF_LIB_consensus_vsearch	2152	G	G	691	6	0.84%	2	2	93	93	0.01545711081143495	1	1	479	212	5	1	+A
F8_BC68_191109_LF_LIB_consensus_vsearch	2153	A	A	690	5	0.71%	2	1	93	93	0.031025261309997287	1	1	475	215	5	0	+G
F8_BC68_191109_LF_LIB_consensus_vsearch	2154	A	*/-G	676	17	2.4%	2	2	93	93	6.908135569192966E-6	1	1	465	211	14	3	-G
F8_BC68_191109_LF_LIB_consensus_vsearch	2155	G	G	675	3	0.44%	2	1	93	93	0.12472324723267103	1	1	464	211	3	0	+A
F8_BC68_191109_LF_LIB_consensus_vsearch	2156	G	G	695	6	0.85%	2	2	93	93	0.015458067431314672	1	1	482	213	5	1	-A
F8_BC68_191109_LF_LIB_consensus_vsearch	2157	A	A	689	6	0.86%	2	2	93	93	0.015456628378269563	1	1	476	213	4	2	G
F8_BC68_191109_LF_LIB_consensus_vsearch	2158	A	R	692	8	1.13%	2	2	93	93	0.0038284882802459928	1	1	481	211	6	2	G
F8_BC68_191109_LF_LIB_consensus_vsearch	2159	C	*/-T	698	11	1.54%	2	1	93	93	4.6956880552387787E-4	1	1	494	204	0	11	-T
F8_BC68_191109_LF_LIB_consensus_vsearch	2160	T	*/-C	655	24	3.42%	2	2	93	93	4.846800132503346E-8	1	1	459	196	16	8	-C
F8_BC68_191109_LF_LIB_consensus_vsearch	2161	C	C	682	1	0.15%	2	1	93	93	0.5000000000008233	1	1	475	207	1	0	+TCC
F8_BC68_191109_LF_LIB_consensus_vsearch	2162	C	*/-AC	695	7	0.99%	2	1	93	93	0.007695980114598385	1	1	484	211	7	0	-AC
F8_BC68_191109_LF_LIB_consensus_vsearch	2163	A	A	693	6	0.85%	2	2	93	93	0.01545759048792114	1	1	480	213	5	1	G
F8_BC68_191109_LF_LIB_consensus_vsearch	2164	C	C	697	5	0.71%	2	1	93	93	0.03102750148427654	1	1	480	217	5	0	+A
F8_BC68_191109_LF_LIB_consensus_vsearch	2165	G	G	702	3	0.42%	2	2	93	93	0.12473385379729661	1	1	489	213	1	2	+C
F8_BC68_191109_LF_LIB_consensus_vsearch	2166	C	C	699	5	0.71%	2	2	93	93	0.031028133354538395	1	1	485	214	3	2	-T
F8_BC68_191109_LF_LIB_consensus_vsearch	2167	T	Y	694	7	1%	2	2	93	93	0.007695814373028502	1	1	481	213	6	1	C
F8_BC68_191109_LF_LIB_consensus_vsearch	2168	T	Y	688	8	1.13%	2	2	93	93	0.0038280434768544216	1	1	479	209	5	3	C
F8_BC68_191109_LF_LIB_consensus_vsearch	2169	A	*/-G	669	17	2.39%	2	2	93	93	6.901053255405842E-6	1	1	478	191	4	13	-G
F8_BC68_191109_LF_LIB_consensus_vsearch	2170	G	G	692	3	0.43%	2	2	93	93	0.12473002159804764	1	1	489	203	2	1	A
F8_BC68_191109_LF_LIB_consensus_vsearch	2171	G	G	708	1	0.14%	2	1	93	93	0.4999999999990043	1	1	491	217	1	0	-C
F8_BC68_191109_LF_LIB_consensus_vsearch	2172	C	*/-A	692	13	1.83%	2	1	93	93	1.154436487484223E-4	1	1	476	216	13	0	-A
F8_BC68_191109_LF_LIB_consensus_vsearch	2173	A	R	680	10	1.43%	2	1	93	93	9.450177994018546E-4	1	1	466	214	10	0	G
F8_BC68_191109_LF_LIB_consensus_vsearch	2174	T	K	688	13	1.84%	2	1	93	93	1.1540655576482854E-4	1	1	473	215	13	0	G
F8_BC68_191109_LF_LIB_consensus_vsearch	2175	T	*/-A	672	15	2.11%	2	2	93	93	2.8249255974551705E-5	1	1	461	211	12	3	-A
F8_BC68_191109_LF_LIB_consensus_vsearch	2176	A	*/+G	668	9	1.29%	2	1	93	93	0.0019015600485241956	1	1	468	200	0	9	+G
F8_BC68_191109_LF_LIB_consensus_vsearch	2177	G	*/-A	686	10	1.42%	2	2	93	93	9.452871770742829E-4	1	1	473	213	8	2	-A
F8_BC68_191109_LF_LIB_consensus_vsearch	2178	A	*/-G	669	15	2.15%	2	2	93	93	2.8239585220290744E-5	1	1	463	206	9	6	-G
F8_BC68_191109_LF_LIB_consensus_vsearch	2179	G	G	685	2	0.29%	2	2	93	93	0.24981791696995723	1	1	479	206	1	1	+A
F8_BC68_191109_LF_LIB_consensus_vsearch	2180	G	*/+A	691	8	1.13%	2	1	93	93	0.0038283775544042174	1	1	484	207	0	8	+A
F8_BC68_191109_LF_LIB_consensus_vsearch	2181	A	A	698	2	0.28%	2	2	93	93	0.24982130092901844	1	1	484	214	1	1	T
F8_BC68_191109_LF_LIB_consensus_vsearch	2182	A	A	700	4	0.56%	2	1	93	93	0.06223357032831275	1	1	485	215	4	0	G
F8_BC68_191109_LF_LIB_consensus_vsearch	2183	C	C	710	2	0.28%	2	2	93	93	0.24982431482675477	1	1	494	216	1	1	T
F8_BC68_191109_LF_LIB_consensus_vsearch	2184	C	C	705	6	0.84%	2	2	93	93	0.015460411956916664	1	1	493	212	1	5	T
F8_BC68_191109_LF_LIB_consensus_vsearch	2185	A	A	708	2	0.28%	2	2	93	93	0.24982381959094058	1	1	494	214	1	1	+C
F8_BC68_191109_LF_LIB_consensus_vsearch	2186	T	*/+C	695	10	1.41%	2	1	93	93	9.456827270018123E-4	1	1	484	211	10	0	+C
F8_BC68_191109_LF_LIB_consensus_vsearch	2187	C	C	704	2	0.28%	2	1	93	93	0.24982282069449002	1	1	490	214	2	0	-AGG
F8_BC68_191109_LF_LIB_consensus_vsearch	2188	A	R	674	17	2.4%	2	2	93	93	6.90612613285916E-6	1	1	471	203	16	1	G
F8_BC68_191109_LF_LIB_consensus_vsearch	2189	G	G	680	6	0.86%	2	2	93	93	0.015454422669317992	1	1	488	192	1	5	+A
F8_BC68_191109_LF_LIB_consensus_vsearch	2190	G	R	659	22	3.11%	2	2	93	93	2.006770187740374E-7	1	1	485	174	5	17	A
F8_BC68_191109_LF_LIB_consensus_vsearch	2191	C	Y	657	28	4.01%	2	2	93	93	2.811057893243091E-9	1	1	491	166	1	27	T
F8_BC68_191109_LF_LIB_consensus_vsearch	2192	G	*/-A	692	9	1.28%	2	1	93	93	0.0019033134098504238	1	1	485	207	9	0	-A
F8_BC68_191109_LF_LIB_consensus_vsearch	2193	A	A	695	3	0.43%	2	1	93	93	0.12473118279579633	1	1	483	212	0	3	-T
F8_BC68_191109_LF_LIB_consensus_vsearch	2194	T	*/+C	673	20	2.82%	2	1	93	93	8.298759084023598E-7	1	1	464	209	20	0	+C
F8_BC68_191109_LF_LIB_consensus_vsearch	2195	C	*/+A	682	16	2.27%	2	1	93	93	1.3988405790785406E-5	1	1	472	210	16	0	+A
F8_BC68_191109_LF_LIB_consensus_vsearch	2196	G	R	677	18	2.55%	2	2	93	93	3.412287524236182E-6	1	1	469	208	15	3	A
F8_BC68_191109_LF_LIB_consensus_vsearch	2197	G	K	670	20	2.82%	2	1	93	93	8.293671391237392E-7	1	1	463	207	20	0	T
F8_BC68_191109_LF_LIB_consensus_vsearch	2198	T	Y	691	7	0.99%	2	2	93	93	0.007695314307205932	1	1	486	205	6	1	C
F8_BC68_191109_LF_LIB_consensus_vsearch	2199	G	R	693	11	1.55%	2	1	93	93	4.694375211719313E-4	1	1	480	213	11	0	A
F8_BC68_191109_LF_LIB_consensus_vsearch	2200	C	Y	686	11	1.55%	2	2	93	93	4.69250597951495E-4	1	1	484	202	5	6	T
F8_BC68_191109_LF_LIB_consensus_vsearch	2201	G	G	696	4	0.56%	2	2	93	93	0.06223204733082229	1	1	488	208	3	1	-A
F8_BC68_191109_LF_LIB_consensus_vsearch	2202	A	R	695	8	1.13%	2	2	93	93	0.003828818576574826	1	1	482	213	7	1	G
F8_BC68_191109_LF_LIB_consensus_vsearch	2203	C	*/-GC	692	8	1.13%	2	1	93	93	0.0038284882802459928	1	1	483	209	8	0	-GC
F8_BC68_191109_LF_LIB_consensus_vsearch	2204	G	R	685	8	1.14%	2	1	93	93	0.003827706520627659	1	1	478	207	8	0	A
F8_BC68_191109_LF_LIB_consensus_vsearch	2205	C	Y	677	12	1.71%	2	1	93	93	2.3262908044286573E-4	1	1	477	200	0	12	T
F8_BC68_191109_LF_LIB_consensus_vsearch	2206	A	A	697	4	0.56%	2	1	93	93	0.06223242971040495	1	1	485	212	4	0	G
F8_BC68_191109_LF_LIB_consensus_vsearch	2207	T	*/+C	679	25	3.52%	2	1	93	93	2.3992317540916857E-8	1	1	467	212	25	0	+C
F8_BC68_191109_LF_LIB_consensus_vsearch	2208	C	*/-T	697	12	1.68%	2	2	93	93	2.3294884595327354E-4	1	1	484	213	9	3	-T
F8_BC68_191109_LF_LIB_consensus_vsearch	2209	T	*/+A	582	46	6.58%	2	2	93	93	6.042309003237256E-15	1	1	372	210	45	1	+A
F8_BC68_191109_LF_LIB_consensus_vsearch	2210	A	*/+G	634	8	1.23%	2	1	93	93	0.0038214989225959874	1	1	420	214	8	0	+G
F8_BC68_191109_LF_LIB_consensus_vsearch	2211	A	*/-G	615	64	9.22%	2	1	93	93	1.141449962772495E-20	1	1	401	214	64	0	-G
F8_BC68_191109_LF_LIB_consensus_vsearch	2212	G	*/+A	601	20	3.14%	2	1	93	93	8.163934777852906E-7	1	1	385	216	20	0	+A
F8_BC68_191109_LF_LIB_consensus_vsearch	2213	A	*/-GA	661	26	3.7%	2	2	93	93	1.1709685121497283E-8	1	1	446	215	25	1	-GA
F8_BC68_191109_LF_LIB_consensus_vsearch	2214	G	*/-A	667	7	1.03%	2	1	93	93	0.007691154004207902	1	1	453	214	7	0	-A
F8_BC68_191109_LF_LIB_consensus_vsearch	2215	A	A	663	5	0.74%	2	2	93	93	0.031016181011564434	1	1	450	213	3	2	G
F8_BC68_191109_LF_LIB_consensus_vsearch	2216	A	R	698	7	0.99%	2	2	93	93	0.007696474526240225	1	1	482	216	6	1	G
F8_BC68_191109_LF_LIB_consensus_vsearch	2217	C	*/-AC	681	17	2.4%	2	1	93	93	6.91311068787837E-6	1	1	467	214	17	0	-AC
F8_BC68_191109_LF_LIB_consensus_vsearch	2218	A	R	680	11	1.58%	2	2	93	93	4.6908740151385334E-4	1	1	471	209	6	5	G
F8_BC68_191109_LF_LIB_consensus_vsearch	2219	C	C	690	2	0.29%	2	1	93	93	0.249819233550139	1	1	476	214	2	0	+AC
F8_BC68_191109_LF_LIB_consensus_vsearch	2220	G	*/-A	700	11	1.54%	2	1	93	93	4.6962080854259054E-4	1	1	484	216	11	0	-A
F8_BC68_191109_LF_LIB_consensus_vsearch	2221	A	R	689	11	1.57%	2	2	93	93	4.693311600173773E-4	1	1	478	211	6	5	G
F8_BC68_191109_LF_LIB_consensus_vsearch	2222	T	*/-C	571	139	19.5%	2	2	93	93	7.945620731363271E-46	1	1	357	214	138	1	-C
F8_BC68_191109_LF_LIB_consensus_vsearch	2223	C	C	571	2	0.35%	2	1	93	93	0.24978165938881738	1	1	357	214	0	2	T
F8_BC68_191109_LF_LIB_consensus_vsearch	2224	C	C	701	4	0.56%	2	1	93	93	0.06223394837614865	1	1	485	216	4	0	-A
F8_BC68_191109_LF_LIB_consensus_vsearch	2225	A	A	699	3	0.42%	2	1	93	93	0.12473271560965893	1	1	485	214	3	0	-G
F8_BC68_191109_LF_LIB_consensus_vsearch	2226	G	*/-AG	691	11	1.55%	2	1	93	93	4.6938449023983423E-4	1	1	475	216	11	0	-AG
F8_BC68_191109_LF_LIB_consensus_vsearch	2227	A	*/-G	676	10	1.43%	2	2	93	93	9.448356216352928E-4	1	1	474	202	1	9	-G
F8_BC68_191109_LF_LIB_consensus_vsearch	2228	G	*/+T	679	12	1.73%	2	1	93	93	2.3266187675392302E-4	1	1	484	195	0	12	+T
F8_BC68_191109_LF_LIB_consensus_vsearch	2229	G	G	709	2	0.28%	2	1	93	93	0.24982406755817957	1	1	493	216	2	0	-A
F8_BC68_191109_LF_LIB_consensus_vsearch	2230	A	*/-C	695	8	1.13%	2	2	93	93	0.003828818576574826	1	1	480	215	6	2	-C
F8_BC68_191109_LF_LIB_consensus_vsearch	2231	C	C	695	4	0.57%	2	2	93	93	0.06223166385714614	1	1	483	212	2	2	T
F8_BC68_191109_LF_LIB_consensus_vsearch	2232	C	Y	683	10	1.4%	2	2	93	93	9.451530657497562E-4	1	1	481	202	3	7	T
F8_BC68_191109_LF_LIB_consensus_vsearch	2233	G	*/-A	677	17	2.4%	2	1	93	93	6.90913610959003E-6	1	1	462	215	17	0	-A
F8_BC68_191109_LF_LIB_consensus_vsearch	2234	A	*/+G	640	26	3.76%	2	2	93	93	1.161929606387115E-8	1	1	452	188	5	21	+G
F8_BC68_191109_LF_LIB_consensus_vsearch	2235	G	G	694	2	0.29%	2	1	93	93	0.24982027318421304	1	1	486	208	0	2	+T
F8_BC68_191109_LF_LIB_consensus_vsearch	2236	G	G	707	1	0.14%	2	1	93	93	0.5000000000008233	1	1	493	214	0	1	+TGG
F8_BC68_191109_LF_LIB_consensus_vsearch	2237	A	*/-C	688	8	1.13%	2	2	93	93	0.0038280434768544216	1	1	485	203	1	7	-C
F8_BC68_191109_LF_LIB_consensus_vsearch	2238	C	Y	651	33	4.69%	2	1	93	93	7.839558767990843E-11	1	1	487	164	0	33	T
F8_BC68_191109_LF_LIB_consensus_vsearch	2239	T	*/-C	522	167	24.03%	2	2	93	93	5.538415054905061E-56	1	1	344	178	144	23	-C
F8_BC68_191109_LF_LIB_consensus_vsearch	2240	C	C	533	3	0.56%	2	1	93	93	0.12464985994384618	1	1	346	187	0	3	T
F8_BC68_191109_LF_LIB_consensus_vsearch	2241	C	*/+G	634	35	4.92%	2	1	93	93	1.8436883548383953E-11	1	1	478	156	0	35	+G
F8_BC68_191109_LF_LIB_consensus_vsearch	2242	G	*/-A	698	10	1.41%	2	1	93	93	9.458123630855411E-4	1	1	482	216	10	0	-A
F8_BC68_191109_LF_LIB_consensus_vsearch	2243	A	R	690	9	1.28%	2	2	93	93	0.0019031718633756593	1	1	476	214	8	1	G
F8_BC68_191109_LF_LIB_consensus_vsearch	2244	A	R	693	10	1.4%	2	2	93	93	9.455956940415569E-4	1	1	485	208	8	2	G
F8_BC68_191109_LF_LIB_consensus_vsearch	2245	C	*/-T	683	25	3.52%	2	2	93	93	2.4022251169559974E-8	1	1	484	199	8	17	-T
F8_BC68_191109_LF_LIB_consensus_vsearch	2246	T	*/+C	627	43	6.28%	2	1	93	93	5.667705707058964E-14	1	1	435	192	43	0	+C
F8_BC68_191109_LF_LIB_consensus_vsearch	2247	C	*/-G	690	7	0.99%	2	2	93	93	0.007695146664767802	1	1	481	209	5	2	-G
F8_BC68_191109_LF_LIB_consensus_vsearch	2248	G	R	572	116	16.55%	2	1	93	93	6.01454602774637E-38	1	1	359	213	116	0	A
F8_BC68_191109_LF_LIB_consensus_vsearch	2249	G	*/+A	697	7	0.99%	2	1	93	93	0.007696310189204633	1	1	483	214	7	0	+A
F8_BC68_191109_LF_LIB_consensus_vsearch	2250	G	G	706	3	0.42%	2	1	93	93	0.12473535638698469	1	1	489	217	3	0	A
F8_BC68_191109_LF_LIB_consensus_vsearch	2251	T	*/-C	680	26	3.65%	2	1	93	93	1.178730126667451E-8	1	1	464	216	26	0	-C
F8_BC68_191109_LF_LIB_consensus_vsearch	2252	C	*/+G	670	9	1.31%	2	1	93	93	0.0019017108625084104	1	1	453	217	9	0	+G
F8_BC68_191109_LF_LIB_consensus_vsearch	2253	C	*/-T	657	41	5.76%	2	2	93	93	2.483177618666106E-13	1	1	483	174	5	36	-T
F8_BC68_191109_LF_LIB_consensus_vsearch	2254	T	W	637	23	3.43%	2	1	93	93	9.80895245957259E-8	1	1	456	181	23	0	A
F8_BC68_191109_LF_LIB_consensus_vsearch	2255	T	W	693	7	0.98%	2	1	93	93	0.007695648159281727	1	1	478	215	7	0	A
F8_BC68_191109_LF_LIB_consensus_vsearch	2256	G	*/-A	701	8	1.12%	2	1	93	93	0.003829470822680027	1	1	484	217	8	0	-A
F8_BC68_191109_LF_LIB_consensus_vsearch	2257	A	A	690	4	0.57%	2	2	93	93	0.0622297299056776	1	1	476	214	3	1	-T
F8_BC68_191109_LF_LIB_consensus_vsearch	2258	T	T	698	4	0.57%	2	2	93	93	0.06223281099972274	1	1	486	212	2	2	C
F8_BC68_191109_LF_LIB_consensus_vsearch	2259	T	*/-A	334	149	20.96%	2	2	93	93	1.8044984376391588E-51	1	1	159	175	139	10	-A
F8_BC68_191109_LF_LIB_consensus_vsearch	2260	A	A	455	6	1.28%	2	2	93	93	0.015371351595895005	1	1	269	186	2	4	G
F8_BC68_191109_LF_LIB_consensus_vsearch	2261	A	A	609	5	0.81%	2	2	93	93	0.030995625634035264	1	1	410	199	3	2	G
F8_BC68_191109_LF_LIB_consensus_vsearch	2262	A	R	671	33	4.65%	2	2	93	93	7.930237501116843E-11	1	1	473	198	16	17	G
F8_BC68_191109_LF_LIB_consensus_vsearch	2263	A	*/-G	642	29	4.08%	2	2	93	93	1.3673513736739472E-9	1	1	457	185	25	4	-G
F8_BC68_191109_LF_LIB_consensus_vsearch	2264	G	*/+C	633	30	4.44%	2	1	93	93	6.658457892925686E-10	1	1	454	179	0	30	+C
F8_BC68_191109_LF_LIB_consensus_vsearch	2265	G	G	695	5	0.71%	2	1	93	93	0.031026866004720807	1	1	478	217	5	0	-A
F8_BC68_191109_LF_LIB_consensus_vsearch	2266	A	A	693	6	0.85%	2	2	93	93	0.01545759048792114	1	1	477	216	5	1	-C
F8_BC68_191109_LF_LIB_consensus_vsearch	2267	C	*/-T	680	12	1.7%	2	2	93	93	2.3267820494486116E-4	1	1	475	205	5	7	-T
F8_BC68_191109_LF_LIB_consensus_vsearch	2268	T	*/-C	611	43	6.2%	2	2	93	93	5.568782904761633E-14	1	1	432	179	27	16	-C
F8_BC68_191109_LF_LIB_consensus_vsearch	2269	C	C	631	4	0.63%	2	2	93	93	0.062204608343039515	1	1	438	193	2	2	T
F8_BC68_191109_LF_LIB_consensus_vsearch	2270	C	Y	666	16	2.34%	2	2	93	93	1.3959579282431563E-5	1	1	465	201	5	11	T
F8_BC68_191109_LF_LIB_consensus_vsearch	2271	C	Y	632	52	7.3%	2	2	93	93	8.10774852708425E-17	1	1	487	145	2	50	T
F8_BC68_191109_LF_LIB_consensus_vsearch	2272	G	*/-A	685	15	2.12%	2	2	93	93	2.82902313308046E-5	1	1	473	212	14	1	-A
F8_BC68_191109_LF_LIB_consensus_vsearch	2273	A	A	685	4	0.58%	2	2	93	93	0.06222776787485914	1	1	474	211	1	3	G
F8_BC68_191109_LF_LIB_consensus_vsearch	2274	A	A	702	3	0.42%	2	2	93	93	0.12473385379729661	1	1	489	213	2	1	-G
F8_BC68_191109_LF_LIB_consensus_vsearch	2275	G	G	692	5	0.71%	2	1	93	93	0.03102590594951147	1	1	481	211	5	0	+AAG
F8_BC68_191109_LF_LIB_consensus_vsearch	2276	G	G	703	6	0.84%	2	2	93	93	0.015459948335160068	1	1	487	216	5	1	-A
F8_BC68_191109_LF_LIB_consensus_vsearch	2277	A	A	693	6	0.85%	2	2	93	93	0.01545759048792114	1	1	480	213	5	1	-T
F8_BC68_191109_LF_LIB_consensus_vsearch	2278	T	T	698	5	0.71%	2	2	93	93	0.031027817868692333	1	1	483	215	4	1	C
F8_BC68_191109_LF_LIB_consensus_vsearch	2279	T	T	698	4	0.56%	2	2	93	93	0.06223281099972274	1	1	487	211	1	3	+A
F8_BC68_191109_LF_LIB_consensus_vsearch	2280	A	R	689	11	1.55%	2	2	93	93	4.693311600173773E-4	1	1	483	206	6	5	G
F8_BC68_191109_LF_LIB_consensus_vsearch	2281	C	C	695	6	0.85%	2	2	93	93	0.015458067431314672	1	1	485	210	4	2	-A
F8_BC68_191109_LF_LIB_consensus_vsearch	2282	A	A	690	6	0.85%	2	2	93	93	0.015456869940904113	1	1	481	209	4	2	G
F8_BC68_191109_LF_LIB_consensus_vsearch	2283	A	A	695	5	0.7%	2	2	93	93	0.031026866004720807	1	1	481	214	3	2	-T
F8_BC68_191109_LF_LIB_consensus_vsearch	2284	T	T	704	3	0.42%	2	2	93	93	0.12473460721856874	1	1	491	213	1	2	C
F8_BC68_191109_LF_LIB_consensus_vsearch	2285	G	G	707	2	0.28%	2	1	93	93	0.24982357092413102	1	1	492	215	2	0	-A
F8_BC68_191109_LF_LIB_consensus_vsearch	2286	A	A	704	2	0.28%	2	1	93	93	0.24982282069449002	1	1	490	214	0	2	+T
F8_BC68_191109_LF_LIB_consensus_vsearch	2287	C	C	698	4	0.56%	2	1	93	93	0.06223281099972274	1	1	486	212	4	0	-G
F8_BC68_191109_LF_LIB_consensus_vsearch	2288	G	*/-C	686	7	0.99%	2	2	93	93	0.007694471271058793	1	1	485	201	1	6	-C
F8_BC68_191109_LF_LIB_consensus_vsearch	2289	C	C	692	4	0.57%	2	1	93	93	0.062230506821500255	1	1	487	205	0	4	-T
F8_BC68_191109_LF_LIB_consensus_vsearch	2290	T	Y	697	7	0.99%	2	2	93	93	0.007696310189204633	1	1	490	207	3	4	C
F8_BC68_191109_LF_LIB_consensus_vsearch	2291	C	*/-A	450	213	29.96%	2	2	93	93	1.0479699645941168E-73	1	1	276	174	207	6	-A
F8_BC68_191109_LF_LIB_consensus_vsearch	2292	A	A	459	5	1.06%	2	2	93	93	0.030913437709528726	1	1	285	174	2	3	G
F8_BC68_191109_LF_LIB_consensus_vsearch	2293	A	R	676	8	1.16%	2	2	93	93	0.0038266780028401756	1	1	489	187	5	3	G
F8_BC68_191109_LF_LIB_consensus_vsearch	2294	A	*/-G	528	100	14.12%	2	2	93	93	1.0860574994635385E-32	1	1	376	152	88	12	-G
F8_BC68_191109_LF_LIB_consensus_vsearch	2295	G	G	549	3	0.54%	2	1	93	93	0.1246600181323542	1	1	395	154	3	0	+A
F8_BC68_191109_LF_LIB_consensus_vsearch	2296	G	G	650	4	0.61%	2	2	93	93	0.06221319332678346	1	1	483	167	2	2	A
F8_BC68_191109_LF_LIB_consensus_vsearch	2297	G	*/+A	678	11	1.56%	2	1	93	93	4.6903237900469013E-4	1	1	479	199	11	0	+A
F8_BC68_191109_LF_LIB_consensus_vsearch	2298	G	G	704	5	0.7%	2	2	93	93	0.03102969743972635	1	1	489	215	3	2	A
F8_BC68_191109_LF_LIB_consensus_vsearch	2299	C	C	698	3	0.42%	2	1	93	93	0.12473233404720117	1	1	482	216	3	0	+G
F8_BC68_191109_LF_LIB_consensus_vsearch	2300	A	R	683	8	1.14%	2	2	93	93	0.003827480265442575	1	1	473	210	6	2	G
F8_BC68_191109_LF_LIB_consensus_vsearch	2301	T	T	689	5	0.71%	2	1	93	93	0.031024937597504795	1	1	477	212	5	0	C
F8_BC68_191109_LF_LIB_consensus_vsearch	2302	A	R	663	22	3.14%	2	1	93	93	2.0088230471247083E-7	1	1	449	214	22	0	G
F8_BC68_191109_LF_LIB_consensus_vsearch	2303	C	C	687	3	0.43%	2	1	93	93	0.12472806381429648	1	1	474	213	0	3	+T
F8_BC68_191109_LF_LIB_consensus_vsearch	2304	C	Y	678	17	2.4%	2	2	93	93	6.910133880205389E-6	1	1	478	200	2	15	T
F8_BC68_191109_LF_LIB_consensus_vsearch	2305	G	S	688	11	1.55%	2	1	93	93	4.6930438187799145E-4	1	1	475	213	11	0	C
F8_BC68_191109_LF_LIB_consensus_vsearch	2306	C	C	700	3	0.42%	2	2	93	93	0.12473309608558197	1	1	490	210	1	2	-A
F8_BC68_191109_LF_LIB_consensus_vsearch	2307	A	R	696	9	1.27%	2	2	93	93	0.0019035941099604125	1	1	485	211	7	2	G
F8_BC68_191109_LF_LIB_consensus_vsearch	2308	G	*/-C	676	24	3.38%	2	2	93	93	4.8774871744436744E-8	1	1	460	216	23	1	-C
F8_BC68_191109_LF_LIB_consensus_vsearch	2309	C	C	684	1	0.15%	2	1	93	93	0.5000000000008233	1	1	469	215	0	1	+GC
F8_BC68_191109_LF_LIB_consensus_vsearch	2310	C	C	702	5	0.7%	2	1	93	93	0.031029074459554294	1	1	495	207	0	5	+G
F8_BC68_191109_LF_LIB_consensus_vsearch	2311	G	G	700	6	0.85%	2	1	93	93	0.015459247984384758	1	1	490	210	6	0	A
F8_BC68_191109_LF_LIB_consensus_vsearch	2312	G	G	706	6	0.84%	2	1	93	93	0.015460642792537269	1	1	489	217	6	0	-A
F8_BC68_191109_LF_LIB_consensus_vsearch	2313	A	*/-T	670	29	4.11%	2	2	93	93	1.3847473210885348E-9	1	1	459	211	25	4	-T
F8_BC68_191109_LF_LIB_consensus_vsearch	2314	T	T	676	2	0.29%	2	1	93	93	0.2498154981554341	1	1	463	213	2	0	C
F8_BC68_191109_LF_LIB_consensus_vsearch	2315	T	*/+A	681	14	1.97%	2	1	93	93	5.7130566115596164E-5	1	1	467	214	14	0	+A
F8_BC68_191109_LF_LIB_consensus_vsearch	2316	A	*/-G	595	61	8.62%	2	2	93	93	1.0043330156528036E-19	1	1	460	135	3	58	-G
F8_BC68_191109_LF_LIB_consensus_vsearch	2317	G	G	643	4	0.62%	2	1	93	93	0.06221008912308223	1	1	487	156	4	0	+A
F8_BC68_191109_LF_LIB_consensus_vsearch	2318	G	G	704	3	0.42%	2	1	93	93	0.12473460721856874	1	1	492	212	3	0	+A
F8_BC68_191109_LF_LIB_consensus_vsearch	2319	G	G	709	2	0.28%	2	1	93	93	0.24982406755817957	1	1	492	217	2	0	A
F8_BC68_191109_LF_LIB_consensus_vsearch	2320	C	C	705	2	0.28%	2	1	93	93	0.24982307147908459	1	1	490	215	2	0	-G
F8_BC68_191109_LF_LIB_consensus_vsearch	2321	G	G	698	6	0.85%	2	2	93	93	0.015458777772499533	1	1	488	210	2	4	-CG
F8_BC68_191109_LF_LIB_consensus_vsearch	2322	C	Y	691	8	1.13%	2	2	93	93	0.0038283775544042174	1	1	487	204	4	4	T
F8_BC68_191109_LF_LIB_consensus_vsearch	2323	G	G	696	4	0.57%	2	2	93	93	0.06223204733082229	1	1	489	207	2	2	A
F8_BC68_191109_LF_LIB_consensus_vsearch	2324	G	G	706	4	0.56%	2	1	93	93	0.0622358226367427	1	1	490	216	4	0	T
F8_BC68_191109_LF_LIB_consensus_vsearch	2325	T	T	701	5	0.7%	2	1	93	93	0.03102876164621499	1	1	492	209	0	5	-GC
F8_BC68_191109_LF_LIB_consensus_vsearch	2326	G	G	694	5	0.71%	2	1	93	93	0.031026546901622466	1	1	485	209	5	0	A
F8_BC68_191109_LF_LIB_consensus_vsearch	2327	C	*/-A	687	8	1.13%	2	2	93	93	0.003827931479801315	1	1	486	201	4	4	-A
F8_BC68_191109_LF_LIB_consensus_vsearch	2328	A	A	697	2	0.29%	2	2	93	93	0.24982104509666578	1	1	488	209	1	1	T
F8_BC68_191109_LF_LIB_consensus_vsearch	2329	A	R	688	10	1.41%	2	2	93	93	9.453759502338604E-4	1	1	478	210	7	3	G
F8_BC68_191109_LF_LIB_consensus_vsearch	2330	T	T	699	3	0.42%	2	2	93	93	0.12473271560965893	1	1	490	209	1	2	C
F8_BC68_191109_LF_LIB_consensus_vsearch	2331	G	R	681	8	1.13%	2	1	93	93	0.0038272527030184396	1	1	471	210	8	0	A
F8_BC68_191109_LF_LIB_consensus_vsearch	2332	C	C	691	4	0.57%	2	2	93	93	0.06223011892275293	1	1	483	208	3	1	+G
F8_BC68_191109_LF_LIB_consensus_vsearch	2333	G	R	661	21	2.97%	2	1	93	93	4.0783425498843794E-7	1	1	450	211	21	0	A
F8_BC68_191109_LF_LIB_consensus_vsearch	2334	T	T	697	3	0.42%	2	1	93	93	0.12473195139413472	1	1	486	211	0	3	+C
F8_BC68_191109_LF_LIB_consensus_vsearch	2335	T	*/-C	694	10	1.41%	2	2	93	93	9.456392717556314E-4	1	1	481	213	7	3	-C
F8_BC68_191109_LF_LIB_consensus_vsearch	2336	C	C	696	2	0.28%	2	1	93	93	0.24982078853023015	1	1	485	211	0	2	T
F8_BC68_191109_LF_LIB_consensus_vsearch	2337	A	R	699	7	0.99%	2	2	93	93	0.0076966383990413785	1	1	484	215	5	2	G
F8_BC68_191109_LF_LIB_consensus_vsearch	2338	A	R	685	19	2.67%	2	1	93	93	1.68648192622995E-6	1	1	472	213	19	0	G
F8_BC68_191109_LF_LIB_consensus_vsearch	2339	C	C	694	4	0.56%	2	2	93	93	0.06223127928418964	1	1	485	209	3	1	-A
F8_BC68_191109_LF_LIB_consensus_vsearch	2340	A	A	698	2	0.28%	2	1	93	93	0.24982130092901844	1	1	484	214	2	0	C
F8_BC68_191109_LF_LIB_consensus_vsearch	2341	A	R	690	8	1.13%	2	1	93	93	0.0038282665127912204	1	1	480	210	8	0	G
F8_BC68_191109_LF_LIB_consensus_vsearch	2342	C	*/-T	689	10	1.42%	2	2	93	93	9.454201481114765E-4	1	1	486	203	1	9	-T
F8_BC68_191109_LF_LIB_consensus_vsearch	2343	T	*/-C	681	7	1%	2	1	93	93	0.007693616017588559	1	1	487	194	0	7	-C
F8_BC68_191109_LF_LIB_consensus_vsearch	2344	C	C	687	4	0.57%	2	1	93	93	0.062228556095681314	1	1	492	195	0	4	+G
F8_BC68_191109_LF_LIB_consensus_vsearch	2345	G	G	709	1	0.14%	2	1	93	93	0.5000000000008233	1	1	493	216	1	0	-A
F8_BC68_191109_LF_LIB_consensus_vsearch	2346	A	R	695	8	1.13%	2	2	93	93	0.003828818576574826	1	1	484	211	5	3	G
F8_BC68_191109_LF_LIB_consensus_vsearch	2347	T	T	701	3	0.42%	2	1	93	93	0.12473347547949812	1	1	488	213	3	0	-GAT
F8_BC68_191109_LF_LIB_consensus_vsearch	2348	G	G	706	1	0.14%	2	1	93	93	0.4999999999990043	1	1	491	215	1	0	+A
F8_BC68_191109_LF_LIB_consensus_vsearch	2349	A	A	700	4	0.56%	2	2	93	93	0.06223357032831275	1	1	488	212	1	3	G
F8_BC68_191109_LF_LIB_consensus_vsearch	2350	T	T	700	4	0.56%	2	2	93	93	0.06223357032831275	1	1	489	211	2	2	C
F8_BC68_191109_LF_LIB_consensus_vsearch	2351	T	T	699	5	0.7%	2	2	93	93	0.031028133354538395	1	1	488	211	1	4	-C
F8_BC68_191109_LF_LIB_consensus_vsearch	2352	C	*/-AC	691	8	1.13%	2	1	93	93	0.0038283775544042174	1	1	481	210	8	0	-AC
F8_BC68_191109_LF_LIB_consensus_vsearch	2353	A	A	696	2	0.29%	2	2	93	93	0.24982078853023015	1	1	482	214	1	1	-CG
F8_BC68_191109_LF_LIB_consensus_vsearch	2354	C	C	689	4	0.57%	2	2	93	93	0.062229339765201515	1	1	478	211	2	2	T
F8_BC68_191109_LF_LIB_consensus_vsearch	2355	G	G	699	2	0.28%	2	1	93	93	0.24982155603092132	1	1	487	212	0	2	-T
F8_BC68_191109_LF_LIB_consensus_vsearch	2356	T	T	699	5	0.71%	2	2	93	93	0.031028133354538395	1	1	492	207	1	4	C
F8_BC68_191109_LF_LIB_consensus_vsearch	2357	A	A	700	5	0.7%	2	2	93	93	0.031028447945850964	1	1	489	211	4	1	G
F8_BC68_191109_LF_LIB_consensus_vsearch	2358	T	*/-A	676	19	2.69%	2	2	93	93	1.6837599518308374E-6	1	1	482	194	5	14	-A
F8_BC68_191109_LF_LIB_consensus_vsearch	2359	A	*/+G	660	19	2.76%	2	1	93	93	1.6787517559841914E-6	1	1	464	196	19	0	+G
F8_BC68_191109_LF_LIB_consensus_vsearch	2360	A	*/-G	688	11	1.55%	2	1	93	93	4.6930438187799145E-4	1	1	492	196	0	11	-G
F8_BC68_191109_LF_LIB_consensus_vsearch	2361	G	G	695	4	0.57%	2	1	93	93	0.06223166385714614	1	1	496	199	0	4	-T
F8_BC68_191109_LF_LIB_consensus_vsearch	2362	T	Y	687	11	1.56%	2	2	93	93	4.6927752796516024E-4	1	1	488	199	3	8	C
F8_BC68_191109_LF_LIB_consensus_vsearch	2363	G	G	700	4	0.57%	2	2	93	93	0.06223357032831275	1	1	486	214	3	1	A
F8_BC68_191109_LF_LIB_consensus_vsearch	2364	G	G	705	3	0.42%	2	2	93	93	0.12473498233245997	1	1	492	213	2	1	-TGG
F8_BC68_191109_LF_LIB_consensus_vsearch	2365	T	*/-G	685	12	1.69%	2	1	93	93	2.3275915415398786E-4	1	1	491	194	0	12	-G
F8_BC68_191109_LF_LIB_consensus_vsearch	2366	G	G	695	1	0.14%	2	1	93	93	0.4999999999990043	1	1	492	203	1	0	+T
F8_BC68_191109_LF_LIB_consensus_vsearch	2367	G	G	703	2	0.28%	2	2	93	93	0.2498225691976094	1	1	490	213	1	1	-A
F8_BC68_191109_LF_LIB_consensus_vsearch	2368	A	A	697	5	0.71%	2	2	93	93	0.03102750148427654	1	1	488	209	3	2	G
F8_BC68_191109_LF_LIB_consensus_vsearch	2369	C	*/-T	669	13	1.84%	2	2	93	93	1.1522453989954195E-4	1	1	472	197	5	8	-T
F8_BC68_191109_LF_LIB_consensus_vsearch	2370	T	Y	675	7	1.02%	2	2	93	93	0.007692573209303539	1	1	475	200	4	3	C
F8_BC68_191109_LF_LIB_consensus_vsearch	2371	T	*/+G	678	9	1.29%	2	1	93	93	0.0019023053990612246	1	1	481	197	0	9	+G
F8_BC68_191109_LF_LIB_consensus_vsearch	2372	G	R	692	9	1.28%	2	2	93	93	0.0019033134098504238	1	1	484	208	7	2	A
F8_BC68_191109_LF_LIB_consensus_vsearch	2373	C	Y	669	21	2.97%	2	2	93	93	4.085852817745932E-7	1	1	475	194	4	17	T
F8_BC68_191109_LF_LIB_consensus_vsearch	2374	G	R	685	11	1.56%	2	2	93	93	4.692235915156968E-4	1	1	474	211	10	1	A
F8_BC68_191109_LF_LIB_consensus_vsearch	2375	C	C	694	3	0.43%	2	1	93	93	0.12473079684146932	1	1	482	212	3	0	+GC
F8_BC68_191109_LF_LIB_consensus_vsearch	2376	A	A	698	3	0.42%	2	1	93	93	0.12473233404720117	1	1	484	214	3	0	G
F8_BC68_191109_LF_LIB_consensus_vsearch	2377	T	*/+C	669	32	4.51%	2	1	93	93	1.6212502736374716E-10	1	1	455	214	32	0	+C
F8_BC68_191109_LF_LIB_consensus_vsearch	2378	C	*/-A	691	7	0.99%	2	1	93	93	0.007695314307205932	1	1	478	213	7	0	-A
F8_BC68_191109_LF_LIB_consensus_vsearch	2379	A	*/-CA	645	35	5%	2	2	93	93	1.8577143138461967E-11	1	1	440	205	33	2	-CA
F8_BC68_191109_LF_LIB_consensus_vsearch	2380	C	C	665	3	0.44%	2	1	93	93	0.1247191011236203	1	1	454	211	3	0	-A
F8_BC68_191109_LF_LIB_consensus_vsearch	2381	A	R	658	9	1.34%	2	1	93	93	0.0019007925102782891	1	1	445	213	9	0	G
F8_BC68_191109_LF_LIB_consensus_vsearch	2382	T	*/-C	698	7	0.98%	2	1	93	93	0.007696474526240225	1	1	482	216	7	0	-C
F8_BC68_191109_LF_LIB_consensus_vsearch	2383	C	*/-A	684	16	2.27%	2	2	93	93	1.3991919466867768E-5	1	1	470	214	15	1	-A
F8_BC68_191109_LF_LIB_consensus_vsearch	2384	A	R	669	17	2.45%	2	2	93	93	6.901053255405842E-6	1	1	457	212	15	2	G
F8_BC68_191109_LF_LIB_consensus_vsearch	2385	C	*/+T	683	8	1.13%	2	2	93	93	0.003827480265442575	1	1	479	204	3	5	+T
F8_BC68_191109_LF_LIB_consensus_vsearch	2386	T	T	687	6	0.86%	2	2	93	93	0.015456143164561733	1	1	481	206	3	3	C
F8_BC68_191109_LF_LIB_consensus_vsearch	2387	T	T	696	4	0.57%	2	1	93	93	0.06223204733082229	1	1	484	212	4	0	C
F8_BC68_191109_LF_LIB_consensus_vsearch	2388	T	T	706	3	0.42%	2	1	93	93	0.12473535638698469	1	1	489	217	3	0	-AT
F8_BC68_191109_LF_LIB_consensus_vsearch	2389	A	A	702	4	0.56%	2	2	93	93	0.062234325352884735	1	1	489	213	3	1	G
F8_BC68_191109_LF_LIB_consensus_vsearch	2390	T	T	699	5	0.71%	2	1	93	93	0.031028133354538395	1	1	484	215	5	0	C
F8_BC68_191109_LF_LIB_consensus_vsearch	2391	C	*/+A	679	18	2.53%	2	1	93	93	3.4133931644263426E-6	1	1	466	213	18	0	+A
F8_BC68_191109_LF_LIB_consensus_vsearch	2392	G	S	666	19	2.7%	2	1	93	93	1.6806558662557216E-6	1	1	455	211	19	0	C
F8_BC68_191109_LF_LIB_consensus_vsearch	2393	C	Y	678	14	1.97%	2	2	93	93	5.71140326521087E-5	1	1	469	209	11	3	T
F8_BC68_191109_LF_LIB_consensus_vsearch	2394	A	A	695	4	0.57%	2	1	93	93	0.06223166385714614	1	1	480	215	4	0	G
F8_BC68_191109_LF_LIB_consensus_vsearch	2395	A	*/-T	654	43	6.07%	2	1	93	93	5.827604227250046E-14	1	1	441	213	43	0	-T
F8_BC68_191109_LF_LIB_consensus_vsearch	2396	T	T	657	4	0.6%	2	1	93	93	0.062216231758566096	1	1	442	215	4	0	G
F8_BC68_191109_LF_LIB_consensus_vsearch	2397	T	*/+C	693	8	1.13%	2	2	93	93	0.0038285986916817977	1	1	487	206	1	7	+C
F8_BC68_191109_LF_LIB_consensus_vsearch	2398	T	Y	685	8	1.13%	2	2	93	93	0.003827706520627659	1	1	474	211	5	3	C
F8_BC68_191109_LF_LIB_consensus_vsearch	2399	G	R	684	10	1.42%	2	2	93	93	9.451978971244695E-4	1	1	472	212	7	3	A
F8_BC68_191109_LF_LIB_consensus_vsearch	2400	C	*/+A	676	11	1.56%	2	1	93	93	4.689770401652236E-4	1	1	477	199	0	11	+A
F8_BC68_191109_LF_LIB_consensus_vsearch	2401	A	R	692	8	1.14%	2	2	93	93	0.0038284882802459928	1	1	480	212	5	3	G
F8_BC68_191109_LF_LIB_consensus_vsearch	2402	A	R	657	46	6.48%	2	2	93	93	6.640017561289246E-15	1	1	442	215	45	1	G
F8_BC68_191109_LF_LIB_consensus_vsearch	2403	C	Y	692	8	1.13%	2	2	93	93	0.0038284882802459928	1	1	477	215	7	1	T
F8_BC68_191109_LF_LIB_consensus_vsearch	2404	G	R	650	52	7.33%	2	1	93	93	8.328219103445005E-17	1	1	435	215	52	0	A
F8_BC68_191109_LF_LIB_consensus_vsearch	2405	G	G	710	1	0.14%	2	1	93	93	0.5000000000008233	1	1	494	216	0	1	+T
F8_BC68_191109_LF_LIB_consensus_vsearch	2406	T	Y	701	9	1.26%	2	2	93	93	0.001903940567578768	1	1	488	213	7	2	C
F8_BC68_191109_LF_LIB_consensus_vsearch	2407	C	C	705	3	0.42%	2	2	93	93	0.12473498233245997	1	1	493	212	1	2	-T
F8_BC68_191109_LF_LIB_consensus_vsearch	2408	T	T	704	2	0.28%	2	1	93	93	0.24982282069449002	1	1	494	210	0	2	C
F8_BC68_191109_LF_LIB_consensus_vsearch	2409	T	Y	702	7	0.98%	2	2	93	93	0.007697127251846029	1	1	487	215	5	2	C
F8_BC68_191109_LF_LIB_consensus_vsearch	2410	C	C	697	4	0.56%	2	2	93	93	0.06223242971040495	1	1	487	210	1	3	T
F8_BC68_191109_LF_LIB_consensus_vsearch	2411	A	R	695	9	1.27%	2	1	93	93	0.0019035242319234804	1	1	483	212	9	0	G
F8_BC68_191109_LF_LIB_consensus_vsearch	2412	T	T	689	6	0.85%	2	1	93	93	0.015456628378269563	1	1	480	209	6	0	+CC
F8_BC68_191109_LF_LIB_consensus_vsearch	2413	C	C	696	5	0.71%	2	2	93	93	0.03102718419759366	1	1	487	209	1	4	+G
F8_BC68_191109_LF_LIB_consensus_vsearch	2414	G	G	700	5	0.7%	2	2	93	93	0.031028447945850964	1	1	491	209	3	2	-A
F8_BC68_191109_LF_LIB_consensus_vsearch	2415	A	A	704	2	0.28%	2	2	93	93	0.24982282069449002	1	1	492	212	1	1	G
F8_BC68_191109_LF_LIB_consensus_vsearch	2416	A	A	703	5	0.7%	2	2	93	93	0.0310293863893414	1	1	490	213	3	2	G
F8_BC68_191109_LF_LIB_consensus_vsearch	2417	T	T	704	6	0.85%	2	2	93	93	0.015460180472089387	1	1	492	212	3	3	C
F8_BC68_191109_LF_LIB_consensus_vsearch	2418	G	G	708	1	0.14%	2	1	93	93	0.4999999999990043	1	1	493	215	1	0	+A
F8_BC68_191109_LF_LIB_consensus_vsearch	2419	A	R	697	7	0.98%	2	2	93	93	0.007696310189204633	1	1	484	213	6	1	G
F8_BC68_191109_LF_LIB_consensus_vsearch	2420	C	C	697	4	0.56%	2	1	93	93	0.06223242971040495	1	1	483	214	4	0	+G
F8_BC68_191109_LF_LIB_consensus_vsearch	2421	G	*/-TG	644	51	7.23%	2	1	93	93	1.713918241798136E-16	1	1	483	161	0	51	-TG
F8_BC68_191109_LF_LIB_consensus_vsearch	2422	T	T	647	5	0.76%	2	2	93	93	0.031010445356706894	1	1	486	161	4	1	C
F8_BC68_191109_LF_LIB_consensus_vsearch	2423	G	*/-C	627	9	1.37%	2	2	93	93	0.0018982609183489257	1	1	466	161	6	3	-C
F8_BC68_191109_LF_LIB_consensus_vsearch	2424	C	C	688	5	0.72%	2	2	93	93	0.031024612950973945	1	1	478	210	3	2	T
F8_BC68_191109_LF_LIB_consensus_vsearch	2425	C	*/+A	548	87	12.29%	2	1	93	93	2.731347354937479E-28	1	1	346	202	87	0	+A
F8_BC68_191109_LF_LIB_consensus_vsearch	2426	A	R	653	8	1.19%	2	2	93	93	0.0038239229566628804	1	1	447	206	6	2	G
F8_BC68_191109_LF_LIB_consensus_vsearch	2427	A	*/-G	611	72	10.21%	2	2	93	93	2.936879920884734E-23	1	1	451	160	32	40	-G
F8_BC68_191109_LF_LIB_consensus_vsearch	2428	G	R	608	19	3%	2	1	93	93	1.6608067486125539E-6	1	1	438	170	19	0	A
F8_BC68_191109_LF_LIB_consensus_vsearch	2429	G	G	693	5	0.71%	2	1	93	93	0.031026226884601986	1	1	485	208	5	0	+A
F8_BC68_191109_LF_LIB_consensus_vsearch	2430	G	G	700	6	0.85%	2	1	93	93	0.015459247984384758	1	1	487	213	6	0	A
F8_BC68_191109_LF_LIB_consensus_vsearch	2431	A	A	705	3	0.42%	2	2	93	93	0.12473498233245997	1	1	491	214	1	2	-T
F8_BC68_191109_LF_LIB_consensus_vsearch	2432	T	*/-C	688	9	1.27%	2	1	93	93	0.0019030295102081	1	1	474	214	9	0	-C
F8_BC68_191109_LF_LIB_consensus_vsearch	2433	C	Y	689	7	1%	2	2	93	93	0.007694978542018557	1	1	483	206	1	6	T
F8_BC68_191109_LF_LIB_consensus_vsearch	2434	C	C	696	6	0.84%	2	2	93	93	0.015458304885326069	1	1	485	211	3	3	T
F8_BC68_191109_LF_LIB_consensus_vsearch	2435	A	A	698	3	0.42%	2	1	93	93	0.12473233404720117	1	1	487	211	0	3	-T
F8_BC68_191109_LF_LIB_consensus_vsearch	2436	T	T	699	2	0.28%	2	1	93	93	0.24982155603092132	1	1	490	209	2	0	C
F8_BC68_191109_LF_LIB_consensus_vsearch	2437	C	*/-G	683	17	2.4%	2	1	93	93	6.915081586262185E-6	1	1	470	213	17	0	-G
F8_BC68_191109_LF_LIB_consensus_vsearch	2438	G	G	687	3	0.43%	2	1	93	93	0.12472806381429648	1	1	472	215	3	0	A
F8_BC68_191109_LF_LIB_consensus_vsearch	2439	C	M	676	15	2.11%	2	1	93	93	2.8262023367739823E-5	1	1	462	214	15	0	A
F8_BC68_191109_LF_LIB_consensus_vsearch	2440	T	Y	695	11	1.55%	2	2	93	93	4.694902553240952E-4	1	1	488	207	3	8	C
F8_BC68_191109_LF_LIB_consensus_vsearch	2441	A	R	694	9	1.27%	2	2	93	93	0.001903454156451721	1	1	480	214	7	2	G
F8_BC68_191109_LF_LIB_consensus_vsearch	2442	C	C	699	4	0.57%	2	2	93	93	0.062233191204189284	1	1	486	213	2	2	T
F8_BC68_191109_LF_LIB_consensus_vsearch	2443	C	C	702	4	0.56%	2	1	93	93	0.062234325352884735	1	1	490	212	4	0	+A
F8_BC68_191109_LF_LIB_consensus_vsearch	2444	G	R	702	7	0.99%	2	2	93	93	0.007697127251846029	1	1	488	214	6	1	A
F8_BC68_191109_LF_LIB_consensus_vsearch	2445	G	G	699	4	0.56%	2	1	93	93	0.062233191204189284	1	1	484	215	4	0	T
F8_BC68_191109_LF_LIB_consensus_vsearch	2446	T	T	706	3	0.42%	2	2	93	93	0.12473535638698469	1	1	492	214	1	2	C
F8_BC68_191109_LF_LIB_consensus_vsearch	2447	T	T	696	3	0.42%	2	1	93	93	0.12473156764502437	1	1	486	210	3	0	+G
F8_BC68_191109_LF_LIB_consensus_vsearch	2448	G	G	692	5	0.71%	2	2	93	93	0.03102590594951147	1	1	482	210	4	1	A
F8_BC68_191109_LF_LIB_consensus_vsearch	2449	T	*/+A	355	253	35.73%	2	2	93	93	2.0014631917324927E-91	1	1	315	40	101	152	+A
F8_BC68_191109_LF_LIB_consensus_vsearch	2450	A	A	640	1	0.16%	2	1	93	93	0.4999999999990043	1	1	437	203	1	0	+G
F8_BC68_191109_LF_LIB_consensus_vsearch	2451	A	A	693	6	0.86%	2	2	93	93	0.01545759048792114	1	1	478	215	4	2	+G
F8_BC68_191109_LF_LIB_consensus_vsearch	2452	A	A	699	4	0.56%	2	1	93	93	0.062233191204189284	1	1	484	215	4	0	+GA
F8_BC68_191109_LF_LIB_consensus_vsearch	2453	A	R	701	7	0.98%	2	1	93	93	0.007696964759941648	1	1	485	216	7	0	G
F8_BC68_191109_LF_LIB_consensus_vsearch	2454	G	*/+T	692	8	1.13%	2	2	93	93	0.0038284882802459928	1	1	478	214	7	1	+T
F8_BC68_191109_LF_LIB_consensus_vsearch	2455	T	T	703	4	0.56%	2	2	93	93	0.06223470126280326	1	1	490	213	2	2	C
F8_BC68_191109_LF_LIB_consensus_vsearch	2456	T	T	707	2	0.28%	2	1	93	93	0.24982357092413102	1	1	492	215	2	0	A
F8_BC68_191109_LF_LIB_consensus_vsearch	2457	T	T	697	6	0.84%	2	2	93	93	0.015458541664756588	1	1	483	214	5	1	+G
F8_BC68_191109_LF_LIB_consensus_vsearch	2458	A	A	692	6	0.85%	2	1	93	93	0.015457350992753744	1	1	477	215	6	0	C
F8_BC68_191109_LF_LIB_consensus_vsearch	2459	T	T	693	5	0.71%	2	1	93	93	0.031026226884601986	1	1	481	212	5	0	C
F8_BC68_191109_LF_LIB_consensus_vsearch	2460	A	R	691	9	1.27%	2	2	93	93	0.0019032427370135523	1	1	479	212	7	2	G
F8_BC68_191109_LF_LIB_consensus_vsearch	2461	C	C	703	4	0.56%	2	2	93	93	0.06223470126280326	1	1	490	213	2	2	T
F8_BC68_191109_LF_LIB_consensus_vsearch	2462	A	A	699	6	0.85%	2	2	93	93	0.01545901321150471	1	1	486	213	4	2	G
F8_BC68_191109_LF_LIB_consensus_vsearch	2463	A	R	672	37	5.2%	2	2	93	93	4.49261400690194E-12	1	1	456	216	36	1	G
F8_BC68_191109_LF_LIB_consensus_vsearch	2464	C	*/-T	697	7	0.98%	2	1	93	93	0.007696310189204633	1	1	481	216	7	0	-T
F8_BC68_191109_LF_LIB_consensus_vsearch	2465	T	Y	684	7	1%	2	2	93	93	0.007694130650567804	1	1	476	208	4	3	C
F8_BC68_191109_LF_LIB_consensus_vsearch	2466	G	G	695	4	0.57%	2	1	93	93	0.06223166385714614	1	1	483	212	4	0	A
F8_BC68_191109_LF_LIB_consensus_vsearch	2467	G	G	705	4	0.56%	2	1	93	93	0.062235449900223165	1	1	489	216	4	0	T
F8_BC68_191109_LF_LIB_consensus_vsearch	2468	T	Y	695	9	1.27%	2	2	93	93	0.0019035242319234804	1	1	484	211	4	5	C
F8_BC68_191109_LF_LIB_consensus_vsearch	2469	G	G	699	5	0.7%	2	1	93	93	0.031028133354538395	1	1	482	217	5	0	A
F8_BC68_191109_LF_LIB_consensus_vsearch	2470	T	Y	689	12	1.69%	2	2	93	93	2.3282309508343565E-4	1	1	479	210	5	7	C
F8_BC68_191109_LF_LIB_consensus_vsearch	2471	T	T	692	5	0.7%	2	1	93	93	0.03102590594951147	1	1	478	214	5	0	+A
F8_BC68_191109_LF_LIB_consensus_vsearch	2472	A	R	694	11	1.55%	2	2	93	93	4.6946392519066994E-4	1	1	482	212	10	1	G
F8_BC68_191109_LF_LIB_consensus_vsearch	2473	G	G	707	3	0.42%	2	1	93	93	0.12473572938667123	1	1	492	215	3	0	-A
F8_BC68_191109_LF_LIB_consensus_vsearch	2474	A	*/-C	679	11	1.55%	2	2	93	93	4.6905992963037265E-4	1	1	472	207	7	4	-C
F8_BC68_191109_LF_LIB_consensus_vsearch	2475	C	C	697	2	0.28%	2	2	93	93	0.24982104509666578	1	1	486	211	1	1	T
F8_BC68_191109_LF_LIB_consensus_vsearch	2476	T	*/+C	647	38	5.34%	2	2	93	93	2.1463719271320836E-12	1	1	451	196	26	12	+C
F8_BC68_191109_LF_LIB_consensus_vsearch	2477	C	*/-A	630	53	7.65%	2	2	93	93	3.887480382279146E-17	1	1	426	204	52	1	-A
F8_BC68_191109_LF_LIB_consensus_vsearch	2478	A	R	634	14	2.12%	2	2	93	93	5.685439731386757E-5	1	1	420	214	13	1	G
F8_BC68_191109_LF_LIB_consensus_vsearch	2479	C	Y	646	52	7.36%	2	2	93	93	8.279741937484874E-17	1	1	431	215	50	2	T
F8_BC68_191109_LF_LIB_consensus_vsearch	2480	A	R	688	9	1.28%	2	2	93	93	0.0019030295102081	1	1	474	214	6	3	G
F8_BC68_191109_LF_LIB_consensus_vsearch	2481	A	R	699	12	1.69%	2	2	93	93	2.3297984831896701E-4	1	1	483	216	11	1	G
F8_BC68_191109_LF_LIB_consensus_vsearch	2482	C	*/-GC	682	17	2.39%	2	1	93	93	6.914097493572195E-6	1	1	466	216	17	0	-GC
F8_BC68_191109_LF_LIB_consensus_vsearch	2483	G	R	673	10	1.45%	2	1	93	93	9.44697601521353E-4	1	1	456	217	10	0	A
F8_BC68_191109_LF_LIB_consensus_vsearch	2484	C	*/+A	667	9	1.3%	2	1	93	93	0.0019014843092738523	1	1	454	213	9	0	+A
F8_BC68_191109_LF_LIB_consensus_vsearch	2485	A	R	689	8	1.13%	2	2	93	93	0.0038281551540559158	1	1	476	213	7	1	G
F8_BC68_191109_LF_LIB_consensus_vsearch	2486	G	*/-A	700	8	1.13%	2	1	93	93	0.003829362879125778	1	1	485	215	8	0	-A
F8_BC68_191109_LF_LIB_consensus_vsearch	2487	A	A	699	3	0.43%	2	2	93	93	0.12473271560965893	1	1	484	215	2	1	G
F8_BC68_191109_LF_LIB_consensus_vsearch	2488	A	R	695	11	1.54%	2	1	93	93	4.694902553240952E-4	1	1	480	215	11	0	G
F8_BC68_191109_LF_LIB_consensus_vsearch	2489	C	Y	698	9	1.27%	2	2	93	93	0.0019037332770426652	1	1	485	213	6	3	T
F8_BC68_191109_LF_LIB_consensus_vsearch	2490	G	*/-A	700	7	0.98%	2	1	93	93	0.00769680180962235	1	1	484	216	7	0	-A
F8_BC68_191109_LF_LIB_consensus_vsearch	2491	A	A	695	3	0.43%	2	2	93	93	0.12473118279579633	1	1	483	212	1	2	+T
F8_BC68_191109_LF_LIB_consensus_vsearch	2492	T	T	695	5	0.71%	2	1	93	93	0.031026866004720807	1	1	485	210	5	0	C
F8_BC68_191109_LF_LIB_consensus_vsearch	2493	C	*/-T	670	17	2.41%	2	2	93	93	6.902073510908124E-6	1	1	484	186	1	16	-T
F8_BC68_191109_LF_LIB_consensus_vsearch	2494	T	T	686	4	0.58%	2	1	93	93	0.062228162556719	1	1	490	196	4	0	C
F8_BC68_191109_LF_LIB_consensus_vsearch	2495	T	T	703	3	0.42%	2	2	93	93	0.12473423104214414	1	1	493	210	1	2	C
F8_BC68_191109_LF_LIB_consensus_vsearch	2496	T	T	705	4	0.56%	2	2	93	93	0.062235449900223165	1	1	490	215	3	1	C
F8_BC68_191109_LF_LIB_consensus_vsearch	2497	A	A	710	1	0.14%	2	1	93	93	0.5000000000008233	1	1	493	217	1	0	G
F8_BC68_191109_LF_LIB_consensus_vsearch	2498	A	A	704	4	0.56%	2	1	93	93	0.06223507611041307	1	1	492	212	4	0	G
F8_BC68_191109_LF_LIB_consensus_vsearch	2499	C	*/+A	697	7	0.98%	2	1	93	93	0.007696310189204633	1	1	481	216	7	0	+A
F8_BC68_191109_LF_LIB_consensus_vsearch	2500	G	K	691	9	1.27%	2	1	93	93	0.0019032427370135523	1	1	478	213	9	0	T
F8_BC68_191109_LF_LIB_consensus_vsearch	2501	T	*/+A	684	12	1.69%	2	1	93	93	2.3274305589242978E-4	1	1	475	209	12	0	+A
F8_BC68_191109_LF_LIB_consensus_vsearch	2502	G	*/-TG	651	39	5.52%	2	2	93	93	1.0469053842655901E-12	1	1	467	184	13	26	-TG
F8_BC68_191109_LF_LIB_consensus_vsearch	2503	T	Y	644	13	1.95%	2	2	93	93	1.1496933614463417E-4	1	1	467	177	8	5	C
F8_BC68_191109_LF_LIB_consensus_vsearch	2504	G	*/+TG	637	13	1.95%	2	2	93	93	1.1489443442884281E-4	1	1	466	171	6	7	+TG
F8_BC68_191109_LF_LIB_consensus_vsearch	2505	C	C	695	3	0.43%	2	1	93	93	0.12473118279579633	1	1	485	210	3	0	+A
F8_BC68_191109_LF_LIB_consensus_vsearch	2506	C	*/-T	693	12	1.69%	2	2	93	93	2.3288632171703408E-4	1	1	488	205	1	11	-T
F8_BC68_191109_LF_LIB_consensus_vsearch	2507	T	*/+C	640	42	6.02%	2	1	93	93	1.185634587071631E-13	1	1	445	195	42	0	+C
F8_BC68_191109_LF_LIB_consensus_vsearch	2508	C	C	700	5	0.71%	2	2	93	93	0.031028447945850964	1	1	488	212	4	1	-A
F8_BC68_191109_LF_LIB_consensus_vsearch	2509	A	R	658	46	6.5%	2	2	93	93	6.647440734361561E-15	1	1	445	213	44	2	G
F8_BC68_191109_LF_LIB_consensus_vsearch	2510	G	G	701	4	0.56%	2	1	93	93	0.06223394837614865	1	1	490	211	0	4	-TA
F8_BC68_191109_LF_LIB_consensus_vsearch	2511	T	*/-A	552	115	16.34%	2	2	93	93	1.1058834930882505E-37	1	1	353	199	114	1	-A
F8_BC68_191109_LF_LIB_consensus_vsearch	2512	A	A	578	6	1.03%	2	2	93	93	0.015424681549082461	1	1	369	209	5	1	G
F8_BC68_191109_LF_LIB_consensus_vsearch	2513	A	*/+G	690	9	1.28%	2	1	93	93	0.0019031718633756593	1	1	477	213	9	0	+G
F8_BC68_191109_LF_LIB_consensus_vsearch	2514	A	R	684	12	1.69%	2	2	93	93	2.3274305589242978E-4	1	1	471	213	9	3	G
F8_BC68_191109_LF_LIB_consensus_vsearch	2515	G	*/-A	653	30	4.24%	2	1	93	93	6.725673978837852E-10	1	1	439	214	30	0	-A
F8_BC68_191109_LF_LIB_consensus_vsearch	2516	A	*/-G	640	22	3.3%	2	2	93	93	1.9967051694293757E-7	1	1	430	210	18	4	-G
F8_BC68_191109_LF_LIB_consensus_vsearch	2517	G	G	656	6	0.89%	2	1	93	93	0.015448248021703302	1	1	447	209	6	0	+A
F8_BC68_191109_LF_LIB_consensus_vsearch	2518	G	G	698	4	0.56%	2	1	93	93	0.06223281099972274	1	1	483	215	4	0	+AG
F8_BC68_191109_LF_LIB_consensus_vsearch	2519	T	T	705	2	0.28%	2	1	93	93	0.24982307147908459	1	1	492	213	2	0	-A
F8_BC68_191109_LF_LIB_consensus_vsearch	2520	A	A	700	5	0.7%	2	2	93	93	0.031028447945850964	1	1	484	216	4	1	G
F8_BC68_191109_LF_LIB_consensus_vsearch	2521	A	R	692	11	1.54%	2	2	93	93	4.694110429594632E-4	1	1	481	211	9	2	G
F8_BC68_191109_LF_LIB_consensus_vsearch	2522	C	C	701	5	0.7%	2	1	93	93	0.03102876164621499	1	1	488	213	5	0	+TT
F8_BC68_191109_LF_LIB_consensus_vsearch	2523	A	A	694	6	0.84%	2	2	93	93	0.015457829299773128	1	1	483	211	5	1	-CA
F8_BC68_191109_LF_LIB_consensus_vsearch	2524	C	Y	692	9	1.28%	2	2	93	93	0.0019033134098504238	1	1	486	206	2	7	T
F8_BC68_191109_LF_LIB_consensus_vsearch	2525	A	R	682	11	1.56%	2	1	93	93	4.6914211039852195E-4	1	1	474	208	11	0	G
F8_BC68_191109_LF_LIB_consensus_vsearch	2526	G	G	695	3	0.43%	2	1	93	93	0.12473118279579633	1	1	491	204	0	3	+A
F8_BC68_191109_LF_LIB_consensus_vsearch	2527	C	Y	678	10	1.41%	2	2	93	93	9.449269727691985E-4	1	1	477	201	3	7	T
F8_BC68_191109_LF_LIB_consensus_vsearch	2528	G	*/-A	695	7	0.99%	2	1	93	93	0.007695980114598385	1	1	480	215	7	0	-A
F8_BC68_191109_LF_LIB_consensus_vsearch	2529	A	R	685	12	1.7%	2	1	93	93	2.3275915415398786E-4	1	1	469	216	12	0	G
F8_BC68_191109_LF_LIB_consensus_vsearch	2530	C	*/+G	657	28	3.94%	2	1	93	93	2.811057893243091E-9	1	1	443	214	28	0	+G
F8_BC68_191109_LF_LIB_consensus_vsearch	2531	A	R	613	46	6.55%	2	2	93	93	6.299519135185244E-15	1	1	403	210	44	2	G
F8_BC68_191109_LF_LIB_consensus_vsearch	2532	G	*/+A	626	39	5.78%	2	1	93	93	1.0247459362098922E-12	1	1	413	213	39	0	+A
F8_BC68_191109_LF_LIB_consensus_vsearch	2533	G	*/-T	614	47	6.6%	2	2	93	93	3.0439634981317585E-15	1	1	409	205	46	1	-T
F8_BC68_191109_LF_LIB_consensus_vsearch	2534	T	W	647	9	1.36%	2	1	93	93	0.0018999213893366445	1	1	434	213	9	0	A
F8_BC68_191109_LF_LIB_consensus_vsearch	2535	T	Y	689	10	1.41%	2	2	93	93	9.454201481114765E-4	1	1	476	213	9	1	C
F8_BC68_191109_LF_LIB_consensus_vsearch	2536	T	*/+G	680	18	2.52%	2	1	93	93	3.413943711714024E-6	1	1	487	193	0	18	+G
F8_BC68_191109_LF_LIB_consensus_vsearch	2537	G	G	703	3	0.42%	2	1	93	93	0.12473423104214414	1	1	490	213	3	0	-A
F8_BC68_191109_LF_LIB_consensus_vsearch	2538	A	*/-C	613	85	11.99%	2	2	93	93	1.6960927198646194E-27	1	1	484	129	4	81	-C
F8_BC68_191109_LF_LIB_consensus_vsearch	2539	C	C	621	4	0.64%	2	1	93	93	0.06219988019289049	1	1	491	130	0	4	+TC
F8_BC68_191109_LF_LIB_consensus_vsearch	2540	C	C	703	4	0.56%	2	2	93	93	0.06223470126280326	1	1	491	212	2	2	-T
F8_BC68_191109_LF_LIB_consensus_vsearch	2541	T	T	694	4	0.56%	2	2	93	93	0.06223127928418964	1	1	486	208	3	1	+C
F8_BC68_191109_LF_LIB_consensus_vsearch	2542	C	C	700	3	0.42%	2	1	93	93	0.12473309608558197	1	1	491	209	0	3	+TC
F8_BC68_191109_LF_LIB_consensus_vsearch	2543	G	R	698	9	1.27%	2	2	93	93	0.0019037332770426652	1	1	485	213	8	1	A
F8_BC68_191109_LF_LIB_consensus_vsearch	2544	G	R	704	7	0.98%	2	2	93	93	0.0076974508684143185	1	1	490	214	5	2	A
F8_BC68_191109_LF_LIB_consensus_vsearch	2545	T	*/+C	690	12	1.68%	2	1	93	93	2.3283896823795677E-4	1	1	476	214	12	0	+C
F8_BC68_191109_LF_LIB_consensus_vsearch	2546	C	C	697	3	0.42%	2	2	93	93	0.12473195139413472	1	1	484	213	1	2	-A
F8_BC68_191109_LF_LIB_consensus_vsearch	2547	A	R	682	11	1.55%	2	2	93	93	4.6914211039852195E-4	1	1	473	209	10	1	G
F8_BC68_191109_LF_LIB_consensus_vsearch	2548	G	*/-AGG	690	12	1.69%	2	2	93	93	2.3283896823795677E-4	1	1	476	214	10	2	-AGG
F8_BC68_191109_LF_LIB_consensus_vsearch	2549	A	*/-G	344	307	44.24%	2	2	93	93	5.697173807548761E-114	1	1	150	194	294	13	-G
F8_BC68_191109_LF_LIB_consensus_vsearch	2550	G	G	361	5	1.36%	2	1	93	93	0.030823383042576463	1	1	161	200	5	0	+A
F8_BC68_191109_LF_LIB_consensus_vsearch	2551	G	G	675	2	0.29%	2	1	93	93	0.24981522542492482	1	1	461	214	2	0	A
F8_BC68_191109_LF_LIB_consensus_vsearch	2552	G	G	710	3	0.42%	2	2	93	93	0.12473684210561659	1	1	494	216	2	1	A
F8_BC68_191109_LF_LIB_consensus_vsearch	2553	G	G	701	5	0.7%	2	2	93	93	0.03102876164621499	1	1	493	208	1	4	-T
F8_BC68_191109_LF_LIB_consensus_vsearch	2554	T	Y	675	20	2.83%	2	2	93	93	8.302127844200819E-7	1	1	488	187	1	19	C
F8_BC68_191109_LF_LIB_consensus_vsearch	2555	C	*/-A	690	7	0.99%	2	2	93	93	0.007695146664767802	1	1	483	207	6	1	-A
F8_BC68_191109_LF_LIB_consensus_vsearch	2556	A	*/-T	609	72	10.3%	2	2	93	93	2.918933337527178E-23	1	1	413	196	65	7	-T
F8_BC68_191109_LF_LIB_consensus_vsearch	2557	T	K	622	7	1.1%	2	2	93	93	0.007682500488298281	1	1	422	200	6	1	G
F8_BC68_191109_LF_LIB_consensus_vsearch	2558	T	T	705	5	0.7%	2	2	93	93	0.031030007614295013	1	1	490	215	3	2	C
F8_BC68_191109_LF_LIB_consensus_vsearch	2559	T	T	706	3	0.42%	2	2	93	93	0.12473535638698469	1	1	491	215	2	1	C
F8_BC68_191109_LF_LIB_consensus_vsearch	2560	A	A	703	6	0.84%	2	1	93	93	0.015459948335160068	1	1	487	216	6	0	G
F8_BC68_191109_LF_LIB_consensus_vsearch	2561	T	*/-C	682	16	2.24%	2	2	93	93	1.3988405790785406E-5	1	1	473	209	11	5	-C
F8_BC68_191109_LF_LIB_consensus_vsearch	2562	C	C	684	1	0.15%	2	1	93	93	0.5000000000008233	1	1	473	211	1	0	+G
F8_BC68_191109_LF_LIB_consensus_vsearch	2563	C	*/-TC	683	13	1.85%	2	2	93	93	1.1535960161590476E-4	1	1	479	204	1	12	-TC
F8_BC68_191109_LF_LIB_consensus_vsearch	2564	T	T	681	2	0.29%	2	1	93	93	0.24981684981727473	1	1	480	201	0	2	-C
F8_BC68_191109_LF_LIB_consensus_vsearch	2565	C	C	690	2	0.29%	2	2	93	93	0.249819233550139	1	1	488	202	1	1	+G
F8_BC68_191109_LF_LIB_consensus_vsearch	2566	G	G	707	1	0.14%	2	1	93	93	0.5000000000008233	1	1	491	216	0	1	+CCG
F8_BC68_191109_LF_LIB_consensus_vsearch	2567	A	*/-C	670	28	3.95%	2	2	93	93	2.8261387984858764E-9	1	1	456	214	27	1	-C
F8_BC68_191109_LF_LIB_consensus_vsearch	2568	C	C	679	1	0.15%	2	1	93	93	0.4999999999990043	1	1	464	215	1	0	+G
F8_BC68_191109_LF_LIB_consensus_vsearch	2569	C	*/-A	695	7	0.98%	2	2	93	93	0.007695980114598385	1	1	483	212	4	3	-A
F8_BC68_191109_LF_LIB_consensus_vsearch	2570	A	A	694	4	0.57%	2	1	93	93	0.06223127928418964	1	1	480	214	4	0	+G
F8_BC68_191109_LF_LIB_consensus_vsearch	2571	G	*/-A	682	14	1.97%	2	2	93	93	5.713604634080099E-5	1	1	481	201	13	1	-A
F8_BC68_191109_LF_LIB_consensus_vsearch	2572	A	R	673	10	1.44%	2	1	93	93	9.44697601521353E-4	1	1	463	210	10	0	G
F8_BC68_191109_LF_LIB_consensus_vsearch	2573	G	G	695	2	0.29%	2	1	93	93	0.24982053122698733	1	1	485	210	2	0	-C
F8_BC68_191109_LF_LIB_consensus_vsearch	2574	C	Y	696	11	1.55%	2	2	93	93	4.695165118875625E-4	1	1	490	206	2	9	T
F8_BC68_191109_LF_LIB_consensus_vsearch	2575	A	*/-CA	626	66	9.27%	2	2	93	93	2.6619390265146637E-21	1	1	427	199	57	9	-CA
F8_BC68_191109_LF_LIB_consensus_vsearch	2576	C	C	633	4	0.62%	2	2	93	93	0.062205536152063194	1	1	431	202	3	1	T
F8_BC68_191109_LF_LIB_consensus_vsearch	2577	A	R	627	8	1.24%	2	2	93	93	0.0038205694809533087	1	1	428	199	5	3	G
F8_BC68_191109_LF_LIB_consensus_vsearch	2578	T	T	694	5	0.71%	2	2	93	93	0.031026546901622466	1	1	487	207	3	2	C
F8_BC68_191109_LF_LIB_consensus_vsearch	2579	T	T	700	6	0.85%	2	2	93	93	0.015459247984384758	1	1	488	212	5	1	-A
F8_BC68_191109_LF_LIB_consensus_vsearch	2580	A	A	700	3	0.43%	2	1	93	93	0.12473309608558197	1	1	485	215	3	0	G
F8_BC68_191109_LF_LIB_consensus_vsearch	2581	A	R	689	16	2.25%	2	2	93	93	1.4000619258970989E-5	1	1	479	210	14	2	G
F8_BC68_191109_LF_LIB_consensus_vsearch	2582	C	C	703	1	0.14%	2	1	93	93	0.5000000000008233	1	1	491	212	1	0	+AC
F8_BC68_191109_LF_LIB_consensus_vsearch	2583	G	G	700	5	0.71%	2	1	93	93	0.031028447945850964	1	1	487	213	5	0	A
F8_BC68_191109_LF_LIB_consensus_vsearch	2584	T	*/-CC	499	122	17.18%	2	1	93	93	2.5580407965078167E-40	1	1	285	214	122	0	-CC
F8_BC68_191109_LF_LIB_consensus_vsearch	2585	C	C	507	1	0.2%	2	1	93	93	0.4999999999999138	1	1	292	215	1	0	+G
F8_BC68_191109_LF_LIB_consensus_vsearch	2586	C	C	580	5	0.85%	2	1	93	93	0.030983021104337604	1	1	368	212	0	5	+T
F8_BC68_191109_LF_LIB_consensus_vsearch	2587	C	Y	631	47	6.59%	2	2	93	93	3.1117322278843115E-15	1	1	482	149	3	44	T
F8_BC68_191109_LF_LIB_consensus_vsearch	2588	G	*/-A	655	33	4.66%	2	1	93	93	7.858041794094457E-11	1	1	438	217	33	0	-A
F8_BC68_191109_LF_LIB_consensus_vsearch	2589	A	R	651	8	1.2%	2	1	93	93	0.0038236743445426657	1	1	438	213	8	0	G
F8_BC68_191109_LF_LIB_consensus_vsearch	2590	G	G	690	3	0.43%	2	1	93	93	0.12472924187740676	1	1	478	212	0	3	+T
F8_BC68_191109_LF_LIB_consensus_vsearch	2591	G	G	711	1	0.14%	2	1	93	93	0.5000000000008233	1	1	495	216	1	0	-A
F8_BC68_191109_LF_LIB_consensus_vsearch	2592	A	A	710	1	0.14%	2	1	93	93	0.5000000000008233	1	1	495	215	0	1	+C
F8_BC68_191109_LF_LIB_consensus_vsearch	2593	C	C	701	5	0.7%	2	1	93	93	0.03102876164621499	1	1	486	215	5	0	-AAC
F8_BC68_191109_LF_LIB_consensus_vsearch	2594	A	A	696	5	0.71%	2	2	93	93	0.03102718419759366	1	1	480	216	4	1	G
F8_BC68_191109_LF_LIB_consensus_vsearch	2595	A	R	681	15	2.12%	2	1	93	93	2.827778200608379E-5	1	1	466	215	15	0	G
F8_BC68_191109_LF_LIB_consensus_vsearch	2596	C	Y	681	8	1.13%	2	2	93	93	0.0038272527030184396	1	1	474	207	2	6	T
F8_BC68_191109_LF_LIB_consensus_vsearch	2597	G	R	691	7	0.99%	2	1	93	93	0.007695314307205932	1	1	479	212	7	0	A
F8_BC68_191109_LF_LIB_consensus_vsearch	2598	G	*/-A	569	118	16.55%	2	2	93	93	1.2275249985603794E-38	1	1	409	160	64	54	-A
F8_BC68_191109_LF_LIB_consensus_vsearch	2599	A	R	570	9	1.55%	2	2	93	93	0.0018929044795225952	1	1	411	159	5	4	G
F8_BC68_191109_LF_LIB_consensus_vsearch	2600	A	*/+G	683	12	1.72%	2	1	93	93	2.3272691203554888E-4	1	1	466	217	12	0	+G
F8_BC68_191109_LF_LIB_consensus_vsearch	2601	A	A	702	2	0.28%	2	1	93	93	0.2498223169866272	1	1	485	217	2	0	G
F8_BC68_191109_LF_LIB_consensus_vsearch	2602	A	R	696	7	0.99%	2	2	93	93	0.007696145385976602	1	1	481	215	6	1	G
F8_BC68_191109_LF_LIB_consensus_vsearch	2603	G	*/-C	676	26	3.67%	2	1	93	93	1.1771274741644436E-8	1	1	488	188	0	26	-C
F8_BC68_191109_LF_LIB_consensus_vsearch	2604	C	*/+A	658	15	2.19%	2	1	93	93	2.8203409459968824E-5	1	1	472	186	15	0	+A
F8_BC68_191109_LF_LIB_consensus_vsearch	2605	G	*/-A	691	15	2.12%	2	1	93	93	2.830864809839213E-5	1	1	477	214	15	0	-A
F8_BC68_191109_LF_LIB_consensus_vsearch	2606	A	A	690	6	0.86%	2	1	93	93	0.015456869940904113	1	1	473	217	6	0	G
F8_BC68_191109_LF_LIB_consensus_vsearch	2607	A	R	694	15	2.1%	2	1	93	93	2.8317742796388068E-5	1	1	478	216	15	0	G
F8_BC68_191109_LF_LIB_consensus_vsearch	2608	C	C	707	4	0.56%	2	1	93	93	0.06223619432448103	1	1	494	213	0	4	T
F8_BC68_191109_LF_LIB_consensus_vsearch	2609	G	G	704	5	0.7%	2	1	93	93	0.03102969743972635	1	1	488	216	5	0	A
F8_BC68_191109_LF_LIB_consensus_vsearch	2610	T	T	705	3	0.42%	2	1	93	93	0.12473498233245997	1	1	490	215	3	0	+C
F8_BC68_191109_LF_LIB_consensus_vsearch	2611	C	*/-A	637	46	6.46%	2	2	93	93	6.4886664679882544E-15	1	1	422	215	45	1	-A
F8_BC68_191109_LF_LIB_consensus_vsearch	2612	A	R	642	10	1.53%	2	2	93	93	9.431977746219286E-4	1	1	427	215	9	1	G
F8_BC68_191109_LF_LIB_consensus_vsearch	2613	A	*/+G	680	10	1.43%	2	1	93	93	9.450177994018546E-4	1	1	465	215	10	0	+G
F8_BC68_191109_LF_LIB_consensus_vsearch	2614	A	R	690	19	2.66%	2	2	93	93	1.687965726191742E-6	1	1	475	215	18	1	G
F8_BC68_191109_LF_LIB_consensus_vsearch	2615	G	G	702	3	0.42%	2	1	93	93	0.12473385379729661	1	1	486	216	3	0	+A
F8_BC68_191109_LF_LIB_consensus_vsearch	2616	A	R	676	22	3.09%	2	1	93	93	2.0153436714940313E-7	1	1	460	216	22	0	G
F8_BC68_191109_LF_LIB_consensus_vsearch	2617	C	*/+T	688	8	1.13%	2	1	93	93	0.0038280434768544216	1	1	473	215	8	0	+T
F8_BC68_191109_LF_LIB_consensus_vsearch	2618	G	*/-A	669	36	5.08%	2	2	93	93	9.201101679795663E-12	1	1	454	215	35	1	-A
F8_BC68_191109_LF_LIB_consensus_vsearch	2619	A	R	658	10	1.48%	2	2	93	93	9.439890893708059E-4	1	1	451	207	8	2	G
F8_BC68_191109_LF_LIB_consensus_vsearch	2620	T	K	675	22	3.12%	2	1	93	93	2.0148501184672708E-7	1	1	466	209	22	0	G
F8_BC68_191109_LF_LIB_consensus_vsearch	2621	T	Y	689	13	1.82%	2	2	93	93	1.1541586787677064E-4	1	1	482	207	5	8	C
F8_BC68_191109_LF_LIB_consensus_vsearch	2622	A	R	647	39	5.49%	2	2	93	93	1.0434404736950143E-12	1	1	438	209	38	1	G
F8_BC68_191109_LF_LIB_consensus_vsearch	2623	C	*/-T	667	8	1.16%	2	2	93	93	0.0038256221918638194	1	1	469	198	6	2	-T
F8_BC68_191109_LF_LIB_consensus_vsearch	2624	T	T	665	5	0.73%	2	1	93	93	0.03101687871424068	1	1	466	199	0	5	+A
F8_BC68_191109_LF_LIB_consensus_vsearch	2625	A	R	670	12	1.74%	2	2	93	93	2.325128029022739E-4	1	1	470	200	8	4	G
F8_BC68_191109_LF_LIB_consensus_vsearch	2626	T	Y	688	7	0.99%	2	2	93	93	0.007694809936862327	1	1	484	204	2	5	C
F8_BC68_191109_LF_LIB_consensus_vsearch	2627	G	G	703	2	0.28%	2	1	93	93	0.2498225691976094	1	1	487	216	2	0	+A
F8_BC68_191109_LF_LIB_consensus_vsearch	2628	A	A	704	2	0.28%	2	1	93	93	0.24982282069449002	1	1	487	217	2	0	G
F8_BC68_191109_LF_LIB_consensus_vsearch	2629	T	*/+GAT	686	8	1.13%	2	1	93	93	0.003827819161525346	1	1	472	214	8	0	+GAT
F8_BC68_191109_LF_LIB_consensus_vsearch	2630	C	*/+G	688	9	1.28%	2	1	93	93	0.0019030295102081	1	1	473	215	9	0	+G
F8_BC68_191109_LF_LIB_consensus_vsearch	2631	C	C	695	6	0.85%	2	2	93	93	0.015458067431314672	1	1	484	211	4	2	-T
F8_BC68_191109_LF_LIB_consensus_vsearch	2632	T	T	695	4	0.57%	2	2	93	93	0.06223166385714614	1	1	485	210	2	2	C
F8_BC68_191109_LF_LIB_consensus_vsearch	2633	T	*/+C	663	26	3.66%	2	2	93	93	1.1718036004172E-8	1	1	449	214	25	1	+C
F8_BC68_191109_LF_LIB_consensus_vsearch	2634	C	*/+A	682	9	1.29%	2	1	93	93	0.0019025975409729535	1	1	466	216	9	0	+A
F8_BC68_191109_LF_LIB_consensus_vsearch	2635	C	*/-G	675	8	1.13%	2	1	93	93	0.003826562057959725	1	1	462	213	8	0	-G
F8_BC68_191109_LF_LIB_consensus_vsearch	2636	G	S	670	11	1.57%	2	1	93	93	4.6880909815982715E-4	1	1	454	216	11	0	C
F8_BC68_191109_LF_LIB_consensus_vsearch	2637	C	*/-A	687	8	1.13%	2	1	93	93	0.003827931479801315	1	1	472	215	8	0	-A
F8_BC68_191109_LF_LIB_consensus_vsearch	2638	A	R	658	25	3.58%	2	1	93	93	2.3829961160078328E-8	1	1	443	215	25	0	G
F8_BC68_191109_LF_LIB_consensus_vsearch	2639	G	G	695	3	0.43%	2	1	93	93	0.12473118279579633	1	1	480	215	3	0	+A
F8_BC68_191109_LF_LIB_consensus_vsearch	2640	G	*/+T	698	7	0.98%	2	1	93	93	0.007696474526240225	1	1	483	215	7	0	+T
F8_BC68_191109_LF_LIB_consensus_vsearch	2641	T	Y	699	9	1.27%	2	2	93	93	0.001903802567748347	1	1	487	212	6	3	C
F8_BC68_191109_LF_LIB_consensus_vsearch	2642	T	T	700	3	0.42%	2	1	93	93	0.12473309608558197	1	1	485	215	3	0	+C
F8_BC68_191109_LF_LIB_consensus_vsearch	2643	C	*/-ACC	697	7	0.99%	2	1	93	93	0.007696310189204633	1	1	480	217	7	0	-ACC
F8_BC68_191109_LF_LIB_consensus_vsearch	2644	A	A	681	6	0.85%	2	2	93	93	0.015454670597796	1	1	466	215	5	1	+C
F8_BC68_191109_LF_LIB_consensus_vsearch	2645	C	C	686	4	0.57%	2	2	93	93	0.062228162556719	1	1	478	208	1	3	T
F8_BC68_191109_LF_LIB_consensus_vsearch	2646	C	*/-T	689	12	1.7%	2	2	93	93	2.3282309508343565E-4	1	1	481	208	5	7	-T
F8_BC68_191109_LF_LIB_consensus_vsearch	2647	T	T	686	6	0.86%	2	1	93	93	0.0154558995074816	1	1	479	207	6	0	C
F8_BC68_191109_LF_LIB_consensus_vsearch	2648	A	R	672	25	3.53%	2	2	93	93	2.3939184147216112E-8	1	1	457	215	24	1	G
F8_BC68_191109_LF_LIB_consensus_vsearch	2649	C	*/-G	656	34	4.81%	2	2	93	93	3.8372395332078906E-11	1	1	446	210	33	1	-G
F8_BC68_191109_LF_LIB_consensus_vsearch	2650	G	G	663	4	0.59%	2	1	93	93	0.062218785350086514	1	1	449	214	4	0	A
F8_BC68_191109_LF_LIB_consensus_vsearch	2651	G	*/-A	693	9	1.27%	2	2	93	93	0.0019033838827015696	1	1	480	213	7	2	-A
F8_BC68_191109_LF_LIB_consensus_vsearch	2652	A	A	695	5	0.71%	2	1	93	93	0.031026866004720807	1	1	480	215	5	0	C
F8_BC68_191109_LF_LIB_consensus_vsearch	2653	A	A	707	2	0.28%	2	1	93	93	0.24982357092413102	1	1	490	217	2	0	G
F8_BC68_191109_LF_LIB_consensus_vsearch	2654	A	*/-C	692	11	1.54%	2	2	93	93	4.694110429594632E-4	1	1	479	213	10	1	-C
F8_BC68_191109_LF_LIB_consensus_vsearch	2655	C	C	694	3	0.43%	2	1	93	93	0.12473079684146932	1	1	478	216	3	0	+G
F8_BC68_191109_LF_LIB_consensus_vsearch	2656	C	*/+T	653	31	4.35%	2	2	93	93	3.2890366165761105E-10	1	1	473	180	4	27	+T
F8_BC68_191109_LF_LIB_consensus_vsearch	2657	T	T	685	4	0.58%	2	1	93	93	0.06222776787485914	1	1	478	207	4	0	A
F8_BC68_191109_LF_LIB_consensus_vsearch	2658	T	*/+A	671	18	2.55%	2	2	93	93	3.408933784938855E-6	1	1	459	212	17	1	+A
F8_BC68_191109_LF_LIB_consensus_vsearch	2659	G	R	657	18	2.56%	2	2	93	93	3.400886939492439E-6	1	1	448	209	17	1	A
F8_BC68_191109_LF_LIB_consensus_vsearch	2660	T	T	688	5	0.71%	2	1	93	93	0.031024612950973945	1	1	478	210	5	0	G
F8_BC68_191109_LF_LIB_consensus_vsearch	2661	T	*/-AC	684	14	1.97%	2	2	93	93	5.714696078688274E-5	1	1	473	211	13	1	-AC
F8_BC68_191109_LF_LIB_consensus_vsearch	2662	A	A	677	6	0.87%	2	2	93	93	0.015453674534382428	1	1	465	212	5	1	G
F8_BC68_191109_LF_LIB_consensus_vsearch	2663	C	Y	665	18	2.58%	2	2	93	93	3.4055237370353982E-6	1	1	461	204	10	8	T
F8_BC68_191109_LF_LIB_consensus_vsearch	2664	G	G	694	4	0.57%	2	1	93	93	0.06223127928418964	1	1	482	212	4	0	A
F8_BC68_191109_LF_LIB_consensus_vsearch	2665	A	A	681	5	0.71%	2	1	93	93	0.03102231393388721	1	1	481	200	0	5	+TT
F8_BC68_191109_LF_LIB_consensus_vsearch	2666	C	Y	645	19	2.71%	2	2	93	93	1.6738487456470905E-6	1	1	461	184	2	17	T
F8_BC68_191109_LF_LIB_consensus_vsearch	2667	T	W	659	13	1.9%	2	1	93	93	1.1512469111855604E-4	1	1	457	202	13	0	A
F8_BC68_191109_LF_LIB_consensus_vsearch	2668	T	Y	666	9	1.29%	2	2	93	93	0.0019014083472220235	1	1	459	207	7	2	C
F8_BC68_191109_LF_LIB_consensus_vsearch	2669	G	*/-TA	656	23	3.29%	2	2	93	93	9.863533806246941E-8	1	1	453	203	22	1	-TA
F8_BC68_191109_LF_LIB_consensus_vsearch	2670	T	T	657	6	0.88%	2	2	93	93	0.015448514210161005	1	1	463	194	2	4	C
F8_BC68_191109_LF_LIB_consensus_vsearch	2671	A	R	652	14	2.04%	2	2	93	93	5.696465640558989E-5	1	1	458	194	10	4	G
F8_BC68_191109_LF_LIB_consensus_vsearch	2672	C	*/+T	668	13	1.84%	2	2	93	93	1.1521468435875795E-4	1	1	488	180	1	12	+T
F8_BC68_191109_LF_LIB_consensus_vsearch	2673	T	T	698	4	0.57%	2	1	93	93	0.06223281099972274	1	1	491	207	0	4	+C
F8_BC68_191109_LF_LIB_consensus_vsearch	2674	T	*/-C	666	20	2.82%	2	2	93	93	8.286822506120228E-7	1	1	478	188	9	11	-C
F8_BC68_191109_LF_LIB_consensus_vsearch	2675	C	C	669	5	0.73%	2	1	93	93	0.031018261702402645	1	1	481	188	0	5	T
F8_BC68_191109_LF_LIB_consensus_vsearch	2676	C	*/-T	689	7	1%	2	2	93	93	0.007694978542018557	1	1	492	197	2	5	-T
F8_BC68_191109_LF_LIB_consensus_vsearch	2677	T	*/+C	672	14	2.01%	2	2	93	93	5.708054224146792E-5	1	1	477	195	13	1	+C
F8_BC68_191109_LF_LIB_consensus_vsearch	2678	C	*/+T	673	13	1.85%	2	1	93	93	1.1526368039547316E-4	1	1	487	186	0	13	+T
F8_BC68_191109_LF_LIB_consensus_vsearch	2679	T	*/+A	642	27	3.87%	2	2	93	93	5.7009983634792865E-9	1	1	479	163	1	26	+A
F8_BC68_191109_LF_LIB_consensus_vsearch	2680	A	A	698	2	0.28%	2	1	93	93	0.24982130092901844	1	1	487	211	2	0	+C
F8_BC68_191109_LF_LIB_consensus_vsearch	2681	A	A	708	3	0.42%	2	2	93	93	0.12473610133740937	1	1	494	214	2	1	G
F8_BC68_191109_LF_LIB_consensus_vsearch	2682	A	R	702	8	1.12%	2	2	93	93	0.003829578463582714	1	1	490	212	6	2	G
F8_BC68_191109_LF_LIB_consensus_vsearch	2683	T	T	698	6	0.84%	2	2	93	93	0.015458777772499533	1	1	490	208	2	4	-G
F8_BC68_191109_LF_LIB_consensus_vsearch	2684	G	G	702	2	0.28%	2	2	93	93	0.2498223169866272	1	1	492	210	1	1	+A
F8_BC68_191109_LF_LIB_consensus_vsearch	2685	G	*/-C	700	8	1.12%	2	1	93	93	0.003829362879125778	1	1	486	214	8	0	-C
F8_BC68_191109_LF_LIB_consensus_vsearch	2686	C	C	698	3	0.43%	2	2	93	93	0.12473233404720117	1	1	483	215	2	1	T
F8_BC68_191109_LF_LIB_consensus_vsearch	2687	C	*/-G	684	11	1.54%	2	1	93	93	4.691965083280461E-4	1	1	473	211	11	0	-G
F8_BC68_191109_LF_LIB_consensus_vsearch	2688	G	*/-A	686	8	1.14%	2	1	93	93	0.003827819161525346	1	1	472	214	8	0	-A
F8_BC68_191109_LF_LIB_consensus_vsearch	2689	A	R	689	7	1%	2	2	93	93	0.007694978542018557	1	1	477	212	4	3	G
F8_BC68_191109_LF_LIB_consensus_vsearch	2690	G	G	705	1	0.14%	2	1	93	93	0.4999999999990043	1	1	492	213	1	0	+AG
F8_BC68_191109_LF_LIB_consensus_vsearch	2691	T	T	699	4	0.56%	2	1	93	93	0.062233191204189284	1	1	493	206	0	4	+C
F8_BC68_191109_LF_LIB_consensus_vsearch	2692	T	*/+C	685	10	1.41%	2	1	93	93	9.452426007191464E-4	1	1	479	206	10	0	+C
F8_BC68_191109_LF_LIB_consensus_vsearch	2693	C	*/-GA	678	10	1.42%	2	1	93	93	9.449269727691985E-4	1	1	473	205	10	0	-GA
F8_BC68_191109_LF_LIB_consensus_vsearch	2694	G	*/-A	651	32	4.58%	2	2	93	93	1.6054946570527986E-10	1	1	440	211	31	1	-A
F8_BC68_191109_LF_LIB_consensus_vsearch	2695	A	A	648	6	0.9%	2	2	93	93	0.015446089254235712	1	1	438	210	5	1	G
F8_BC68_191109_LF_LIB_consensus_vsearch	2696	A	*/-G	681	15	2.13%	2	1	93	93	2.827778200608379E-5	1	1	469	212	15	0	-G
F8_BC68_191109_LF_LIB_consensus_vsearch	2697	G	G	684	2	0.29%	2	1	93	93	0.24981765134977552	1	1	473	211	2	0	+T
F8_BC68_191109_LF_LIB_consensus_vsearch	2698	G	G	704	5	0.71%	2	2	93	93	0.03102969743972635	1	1	492	212	3	2	A
F8_BC68_191109_LF_LIB_consensus_vsearch	2699	T	Y	697	9	1.26%	2	2	93	93	0.0019036637913854943	1	1	490	207	2	7	C
F8_BC68_191109_LF_LIB_consensus_vsearch	2700	G	*/+T	654	28	3.96%	2	2	93	93	2.807506110430387E-9	1	1	445	209	26	2	+T
F8_BC68_191109_LF_LIB_consensus_vsearch	2701	T	Y	676	12	1.74%	2	2	93	93	2.3261261192221447E-4	1	1	472	204	2	10	C
F8_BC68_191109_LF_LIB_consensus_vsearch	2702	T	T	706	4	0.56%	2	2	93	93	0.0622358226367427	1	1	493	213	2	2	C
F8_BC68_191109_LF_LIB_consensus_vsearch	2703	T	T	698	4	0.56%	2	2	93	93	0.06223281099972274	1	1	490	208	2	2	-G
F8_BC68_191109_LF_LIB_consensus_vsearch	2704	G	R	688	12	1.69%	2	2	93	93	2.328071772860128E-4	1	1	482	206	7	5	A
F8_BC68_191109_LF_LIB_consensus_vsearch	2705	C	Y	672	16	2.27%	2	2	93	93	1.3970541136495358E-5	1	1	482	190	1	15	T
F8_BC68_191109_LF_LIB_consensus_vsearch	2706	T	*/-C	663	18	2.56%	2	2	93	93	3.4043742958726095E-6	1	1	459	204	17	1	-C
F8_BC68_191109_LF_LIB_consensus_vsearch	2707	C	C	686	4	0.58%	2	2	93	93	0.062228162556719	1	1	473	213	1	3	T
F8_BC68_191109_LF_LIB_consensus_vsearch	2708	C	*/+GG	674	10	1.4%	2	1	93	93	9.447437414487541E-4	1	1	488	186	0	10	+GG
F8_BC68_191109_LF_LIB_consensus_vsearch	2709	G	G	696	5	0.71%	2	2	93	93	0.03102718419759366	1	1	483	213	4	1	A
F8_BC68_191109_LF_LIB_consensus_vsearch	2710	C	C	700	2	0.28%	2	2	93	93	0.2498218104060075	1	1	490	210	1	1	-A
F8_BC68_191109_LF_LIB_consensus_vsearch	2711	A	*/-T	680	20	2.82%	2	1	93	93	8.310470207877182E-7	1	1	484	196	0	20	-T
F8_BC68_191109_LF_LIB_consensus_vsearch	2712	T	Y	678	9	1.3%	2	2	93	93	0.0019023053990612246	1	1	483	195	7	2	C
F8_BC68_191109_LF_LIB_consensus_vsearch	2713	C	C	707	1	0.14%	2	1	93	93	0.5000000000008233	1	1	490	217	1	0	+AC
F8_BC68_191109_LF_LIB_consensus_vsearch	2714	G	G	706	3	0.42%	2	1	93	93	0.12473535638698469	1	1	490	216	3	0	A
F8_BC68_191109_LF_LIB_consensus_vsearch	2715	C	Y	692	7	0.99%	2	2	93	93	0.007695481471345102	1	1	483	209	3	4	T
F8_BC68_191109_LF_LIB_consensus_vsearch	2716	G	G	703	3	0.42%	2	1	93	93	0.12473423104214414	1	1	489	214	3	0	-A
F8_BC68_191109_LF_LIB_consensus_vsearch	2717	A	A	693	6	0.85%	2	1	93	93	0.01545759048792114	1	1	480	213	6	0	-C
F8_BC68_191109_LF_LIB_consensus_vsearch	2718	C	Y	697	8	1.13%	2	2	93	93	0.003829037219745354	1	1	485	212	4	4	T
F8_BC68_191109_LF_LIB_consensus_vsearch	2719	C	C	697	6	0.84%	2	1	93	93	0.015458541664756588	1	1	480	217	6	0	+A
F8_BC68_191109_LF_LIB_consensus_vsearch	2720	A	A	696	3	0.42%	2	2	93	93	0.12473156764502437	1	1	485	211	1	2	-GCA
F8_BC68_191109_LF_LIB_consensus_vsearch	2721	G	R	677	21	2.97%	2	2	93	93	4.0932016961705677E-7	1	1	465	212	20	1	A
F8_BC68_191109_LF_LIB_consensus_vsearch	2722	C	C	682	4	0.57%	2	1	93	93	0.06222657692310135	1	1	475	207	4	0	+A
F8_BC68_191109_LF_LIB_consensus_vsearch	2723	A	R	691	8	1.14%	2	2	93	93	0.0038283775544042174	1	1	484	207	6	2	G
F8_BC68_191109_LF_LIB_consensus_vsearch	2724	A	A	696	5	0.71%	2	1	93	93	0.03102718419759366	1	1	487	209	5	0	-G
F8_BC68_191109_LF_LIB_consensus_vsearch	2725	G	R	655	40	5.67%	2	1	93	93	5.104246485119828E-13	1	1	440	215	40	0	A
F8_BC68_191109_LF_LIB_consensus_vsearch	2726	C	C	698	5	0.71%	2	1	93	93	0.031027817868692333	1	1	483	215	5	0	A
F8_BC68_191109_LF_LIB_consensus_vsearch	2727	C	Y	694	9	1.27%	2	2	93	93	0.001903454156451721	1	1	487	207	4	5	T
F8_BC68_191109_LF_LIB_consensus_vsearch	2728	G	R	696	9	1.27%	2	2	93	93	0.0019035941099604125	1	1	484	212	8	1	A
F8_BC68_191109_LF_LIB_consensus_vsearch	2729	G	G	706	5	0.7%	2	2	93	93	0.03103031691652057	1	1	490	216	4	1	A
F8_BC68_191109_LF_LIB_consensus_vsearch	2730	C	*/-GC	683	24	3.37%	2	2	93	93	4.887345133715454E-8	1	1	472	211	21	3	-GC
F8_BC68_191109_LF_LIB_consensus_vsearch	2731	G	G	683	3	0.44%	2	2	93	93	0.12472647702431182	1	1	470	213	2	1	A
F8_BC68_191109_LF_LIB_consensus_vsearch	2732	C	*/-AC	651	19	2.76%	2	1	93	93	1.675834937378662E-6	1	1	443	208	19	0	-AC
F8_BC68_191109_LF_LIB_consensus_vsearch	2733	A	R	663	15	2.2%	2	2	93	93	2.821999433004045E-5	1	1	452	211	12	3	G
F8_BC68_191109_LF_LIB_consensus_vsearch	2734	C	C	672	5	0.73%	2	2	93	93	0.031019288222625216	1	1	457	215	4	1	T
F8_BC68_191109_LF_LIB_consensus_vsearch	2735	G	*/-CG	677	10	1.43%	2	2	93	93	9.448813630496414E-4	1	1	466	211	5	5	-CG
F8_BC68_191109_LF_LIB_consensus_vsearch	2736	C	*/-GT	678	7	1.01%	2	2	93	93	0.007693096890205231	1	1	473	205	4	3	-GT
F8_BC68_191109_LF_LIB_consensus_vsearch	2737	G	*/+CG	661	10	1.44%	2	2	93	93	9.441333010107843E-4	1	1	457	204	8	2	+CG
F8_BC68_191109_LF_LIB_consensus_vsearch	2738	T	Y	680	13	1.86%	2	2	93	93	1.1533111024855475E-4	1	1	480	200	2	11	C
F8_BC68_191109_LF_LIB_consensus_vsearch	2739	T	Y	688	10	1.4%	2	2	93	93	9.453759502338604E-4	1	1	482	206	6	4	C
F8_BC68_191109_LF_LIB_consensus_vsearch	2740	G	*/-C	683	10	1.42%	2	1	93	93	9.451530657497562E-4	1	1	483	200	0	10	-C
F8_BC68_191109_LF_LIB_consensus_vsearch	2741	C	Y	673	8	1.14%	2	2	93	93	0.0038263291516079543	1	1	485	188	3	5	T
F8_BC68_191109_LF_LIB_consensus_vsearch	2742	T	*/-C	609	59	8.43%	2	2	93	93	4.543193752521087E-19	1	1	405	204	55	4	-C
F8_BC68_191109_LF_LIB_consensus_vsearch	2743	C	Y	634	10	1.55%	2	2	93	93	9.427875236451979E-4	1	1	432	202	1	9	T
F8_BC68_191109_LF_LIB_consensus_vsearch	2744	C	*/-T	688	13	1.83%	2	2	93	93	1.1540655576482854E-4	1	1	478	210	10	3	-T
F8_BC68_191109_LF_LIB_consensus_vsearch	2745	T	T	677	6	0.86%	2	2	93	93	0.015453674534382428	1	1	472	205	5	1	-A
F8_BC68_191109_LF_LIB_consensus_vsearch	2746	A	*/-C	351	236	33.76%	2	2	93	93	9.695793182232541E-85	1	1	269	82	159	77	-C
F8_BC68_191109_LF_LIB_consensus_vsearch	2747	C	*/+T	368	10	2.56%	2	1	93	93	9.194317755037062E-4	1	1	284	84	0	10	+T
F8_BC68_191109_LF_LIB_consensus_vsearch	2748	C	Y	606	14	2.23%	2	2	93	93	5.66704937494216E-5	1	1	444	162	2	12	T
F8_BC68_191109_LF_LIB_consensus_vsearch	2749	C	C	686	4	0.57%	2	1	93	93	0.062228162556719	1	1	483	203	0	4	T
F8_BC68_191109_LF_LIB_consensus_vsearch	2750	C	C	692	5	0.71%	2	1	93	93	0.03102590594951147	1	1	481	211	5	0	A
F8_BC68_191109_LF_LIB_consensus_vsearch	2751	C	C	697	5	0.7%	2	2	93	93	0.03102750148427654	1	1	488	209	2	3	-T
F8_BC68_191109_LF_LIB_consensus_vsearch	2752	T	*/-C	677	11	1.56%	2	2	93	93	4.690047492968275E-4	1	1	476	201	4	7	-C
F8_BC68_191109_LF_LIB_consensus_vsearch	2753	C	C	680	6	0.86%	2	1	93	93	0.015454422669317992	1	1	478	202	6	0	-A
F8_BC68_191109_LF_LIB_consensus_vsearch	2754	A	R	671	13	1.85%	2	1	93	93	1.152441662388416E-4	1	1	454	217	13	0	G
F8_BC68_191109_LF_LIB_consensus_vsearch	2755	C	S	693	7	0.99%	2	1	93	93	0.007695648159281727	1	1	479	214	7	0	G
F8_BC68_191109_LF_LIB_consensus_vsearch	2756	C	*/+A	649	23	3.24%	2	1	93	93	9.843755170867964E-8	1	1	450	199	23	0	+A
F8_BC68_191109_LF_LIB_consensus_vsearch	2757	G	*/-A	662	35	4.96%	2	2	93	93	1.8786940489784577E-11	1	1	450	212	31	4	-A
F8_BC68_191109_LF_LIB_consensus_vsearch	2758	A	*/+G	658	10	1.47%	2	1	93	93	9.439890893708059E-4	1	1	446	212	10	0	+G
F8_BC68_191109_LF_LIB_consensus_vsearch	2759	G	G	687	6	0.85%	2	1	93	93	0.015456143164561733	1	1	473	214	6	0	A
F8_BC68_191109_LF_LIB_consensus_vsearch	2760	C	C	696	6	0.85%	2	2	93	93	0.015458304885326069	1	1	485	211	1	5	T
F8_BC68_191109_LF_LIB_consensus_vsearch	2761	C	Y	701	7	0.98%	2	2	93	93	0.007696964759941648	1	1	490	211	2	5	T
F8_BC68_191109_LF_LIB_consensus_vsearch	2762	A	A	697	5	0.7%	2	2	93	93	0.03102750148427654	1	1	486	211	2	3	-T
F8_BC68_191109_LF_LIB_consensus_vsearch	2763	T	*/+C	691	12	1.7%	2	1	93	93	2.3285479693682914E-4	1	1	491	200	0	12	+C
F8_BC68_191109_LF_LIB_consensus_vsearch	2764	T	*/-C	693	12	1.69%	2	1	93	93	2.3288632171703408E-4	1	1	489	204	0	12	-C
F8_BC68_191109_LF_LIB_consensus_vsearch	2765	C	C	693	4	0.57%	2	1	93	93	0.06223089360699252	1	1	494	199	0	4	+G
F8_BC68_191109_LF_LIB_consensus_vsearch	2766	G	G	707	2	0.28%	2	1	93	93	0.24982357092413102	1	1	492	215	2	0	A
F8_BC68_191109_LF_LIB_consensus_vsearch	2767	A	A	704	5	0.7%	2	2	93	93	0.03102969743972635	1	1	490	214	4	1	G
F8_BC68_191109_LF_LIB_consensus_vsearch	2768	T	*/+C	666	21	2.95%	2	1	93	93	4.083055663063967E-7	1	1	454	212	21	0	+C
F8_BC68_191109_LF_LIB_consensus_vsearch	2769	C	*/+A	667	14	1.98%	2	1	93	93	5.7052193589098875E-5	1	1	460	207	14	0	+A
F8_BC68_191109_LF_LIB_consensus_vsearch	2770	G	G	692	2	0.29%	2	1	93	93	0.24981975486690114	1	1	484	208	0	2	+TG
F8_BC68_191109_LF_LIB_consensus_vsearch	2771	G	*/-A	689	11	1.55%	2	2	93	93	4.693311600173773E-4	1	1	478	211	8	3	-A
F8_BC68_191109_LF_LIB_consensus_vsearch	2772	A	A	694	3	0.43%	2	2	93	93	0.12473079684146932	1	1	481	213	2	1	G
F8_BC68_191109_LF_LIB_consensus_vsearch	2773	A	A	696	6	0.85%	2	2	93	93	0.015458304885326069	1	1	483	213	5	1	G
F8_BC68_191109_LF_LIB_consensus_vsearch	2774	A	R	678	14	1.97%	2	2	93	93	5.71140326521087E-5	1	1	468	210	12	2	G
F8_BC68_191109_LF_LIB_consensus_vsearch	2775	T	T	692	6	0.85%	2	2	93	93	0.015457350992753744	1	1	485	207	3	3	C
F8_BC68_191109_LF_LIB_consensus_vsearch	2776	A	A	701	3	0.42%	2	1	93	93	0.12473347547949812	1	1	487	214	3	0	C
F8_BC68_191109_LF_LIB_consensus_vsearch	2777	A	R	700	8	1.13%	2	2	93	93	0.003829362879125778	1	1	489	211	5	3	G
F8_BC68_191109_LF_LIB_consensus_vsearch	2778	C	Y	693	9	1.26%	2	2	93	93	0.0019033838827015696	1	1	485	208	1	8	T
F8_BC68_191109_LF_LIB_consensus_vsearch	2779	G	G	702	2	0.28%	2	1	93	93	0.2498223169866272	1	1	488	214	2	0	-A
F8_BC68_191109_LF_LIB_consensus_vsearch	2780	A	R	694	7	0.99%	2	1	93	93	0.007695814373028502	1	1	479	215	7	0	G
F8_BC68_191109_LF_LIB_consensus_vsearch	2781	C	*/-G	692	7	0.98%	2	2	93	93	0.007695481471345102	1	1	483	209	2	5	-G
F8_BC68_191109_LF_LIB_consensus_vsearch	2782	G	R	665	35	4.96%	2	2	93	93	1.8823115629040064E-11	1	1	455	210	34	1	A
F8_BC68_191109_LF_LIB_consensus_vsearch	2783	G	R	697	11	1.54%	2	2	93	93	4.6954269518457813E-4	1	1	482	215	10	1	A
F8_BC68_191109_LF_LIB_consensus_vsearch	2784	G	G	709	2	0.28%	2	1	93	93	0.24982406755817957	1	1	492	217	2	0	A
F8_BC68_191109_LF_LIB_consensus_vsearch	2785	C	C	699	5	0.7%	2	1	93	93	0.031028133354538395	1	1	484	215	5	0	+G
F8_BC68_191109_LF_LIB_consensus_vsearch	2786	G	R	628	61	8.6%	2	1	93	93	1.0807509363597773E-19	1	1	412	216	61	0	A
F8_BC68_191109_LF_LIB_consensus_vsearch	2787	G	G	699	4	0.56%	2	2	93	93	0.062233191204189284	1	1	484	215	3	1	-T
F8_BC68_191109_LF_LIB_consensus_vsearch	2788	T	T	701	3	0.42%	2	2	93	93	0.12473347547949812	1	1	487	214	2	1	C
F8_BC68_191109_LF_LIB_consensus_vsearch	2789	G	G	703	3	0.42%	2	1	93	93	0.12473423104214414	1	1	487	216	3	0	A
F8_BC68_191109_LF_LIB_consensus_vsearch	2790	T	*/-GT	612	86	12.13%	2	2	93	93	7.9306242355330725E-28	1	1	449	163	39	47	-GT
F8_BC68_191109_LF_LIB_consensus_vsearch	2791	G	G	611	3	0.48%	2	1	93	93	0.12469437652808314	1	1	450	161	0	3	-T
F8_BC68_191109_LF_LIB_consensus_vsearch	2792	T	T	598	6	0.97%	2	2	93	93	0.015431303516591714	1	1	444	154	4	2	+GT
F8_BC68_191109_LF_LIB_consensus_vsearch	2793	A	R	682	10	1.41%	2	2	93	93	9.451081060357581E-4	1	1	477	205	9	1	G
F8_BC68_191109_LF_LIB_consensus_vsearch	2794	C	*/-A	465	218	30.66%	2	2	93	93	2.3826451585621865E-75	1	1	257	208	217	1	-A
F8_BC68_191109_LF_LIB_consensus_vsearch	2795	A	A	478	6	1.23%	2	2	93	93	0.015383379911844018	1	1	269	209	3	3	G
F8_BC68_191109_LF_LIB_consensus_vsearch	2796	A	*/+G	657	31	4.4%	2	1	93	93	3.2958442361708515E-10	1	1	449	208	31	0	+G
F8_BC68_191109_LF_LIB_consensus_vsearch	2797	A	*/-G	640	30	4.23%	2	2	93	93	6.682372937171756E-10	1	1	437	203	24	6	-G
F8_BC68_191109_LF_LIB_consensus_vsearch	2798	G	*/+A	642	14	2.05%	2	1	93	93	5.69041297259133E-5	1	1	442	200	14	0	+A
F8_BC68_191109_LF_LIB_consensus_vsearch	2799	G	*/+A	654	35	4.92%	2	1	93	93	1.8689242466010474E-11	1	1	442	212	35	0	+A
F8_BC68_191109_LF_LIB_consensus_vsearch	2800	G	*/-C	668	11	1.54%	2	2	93	93	4.6875246633014286E-4	1	1	461	207	6	5	-C
F8_BC68_191109_LF_LIB_consensus_vsearch	2801	C	*/+G	634	32	4.6%	2	1	93	93	1.5899652239728695E-10	1	1	434	200	32	0	+G
F8_BC68_191109_LF_LIB_consensus_vsearch	2802	A	*/+G	130	488	69.61%	2	2	93	93	1.5526392246122064E-222	1	1	44	86	392	96	+G
F8_BC68_191109_LF_LIB_consensus_vsearch	2803	G	G	697	2	0.28%	2	1	93	93	0.24982104509666578	1	1	488	209	2	0	+A
F8_BC68_191109_LF_LIB_consensus_vsearch	2804	G	G	705	3	0.42%	2	2	93	93	0.12473498233245997	1	1	492	213	2	1	-A
F8_BC68_191109_LF_LIB_consensus_vsearch	2805	A	*/+T	678	14	1.98%	2	1	93	93	5.71140326521087E-5	1	1	483	195	0	14	+T
F8_BC68_191109_LF_LIB_consensus_vsearch	2806	C	Y	660	24	3.39%	2	2	93	93	4.854262653483501E-8	1	1	474	186	2	22	T
F8_BC68_191109_LF_LIB_consensus_vsearch	2807	G	K	680	15	2.12%	2	2	93	93	2.8274647910457938E-5	1	1	476	204	10	5	T
F8_BC68_191109_LF_LIB_consensus_vsearch	2808	T	Y	678	11	1.56%	2	2	93	93	4.6903237900469013E-4	1	1	485	193	1	10	C
F8_BC68_191109_LF_LIB_consensus_vsearch	2809	A	R	695	7	0.99%	2	2	93	93	0.007695980114598385	1	1	488	207	2	5	G
F8_BC68_191109_LF_LIB_consensus_vsearch	2810	T	Y	693	10	1.42%	2	2	93	93	9.455956940415569E-4	1	1	489	204	1	9	C
F8_BC68_191109_LF_LIB_consensus_vsearch	2811	T	Y	692	11	1.55%	2	2	93	93	4.694110429594632E-4	1	1	489	203	2	9	C
F8_BC68_191109_LF_LIB_consensus_vsearch	2812	C	C	702	2	0.28%	2	1	93	93	0.2498223169866272	1	1	492	210	0	2	+T
F8_BC68_191109_LF_LIB_consensus_vsearch	2813	A	A	704	6	0.84%	2	1	93	93	0.015460180472089387	1	1	493	211	0	6	-T
F8_BC68_191109_LF_LIB_consensus_vsearch	2814	T	T	701	3	0.42%	2	2	93	93	0.12473347547949812	1	1	494	207	1	2	C
F8_BC68_191109_LF_LIB_consensus_vsearch	2815	C	C	698	4	0.56%	2	1	93	93	0.06223281099972274	1	1	484	214	4	0	+A
F8_BC68_191109_LF_LIB_consensus_vsearch	2816	G	G	691	6	0.85%	2	1	93	93	0.01545711081143495	1	1	483	208	0	6	-TG
F8_BC68_191109_LF_LIB_consensus_vsearch	2817	T	Y	684	7	1%	2	2	93	93	0.007694130650567804	1	1	481	203	2	5	C
F8_BC68_191109_LF_LIB_consensus_vsearch	2818	G	*/-A	688	7	1%	2	2	93	93	0.007694809936862327	1	1	479	209	5	2	-A
F8_BC68_191109_LF_LIB_consensus_vsearch	2819	A	R	685	8	1.14%	2	2	93	93	0.003827706520627659	1	1	473	212	5	3	G
F8_BC68_191109_LF_LIB_consensus_vsearch	2820	G	G	691	3	0.43%	2	2	93	93	0.12472963229989842	1	1	479	212	1	2	+AG
F8_BC68_191109_LF_LIB_consensus_vsearch	2821	T	Y	689	14	1.99%	2	2	93	93	5.717398152477232E-5	1	1	485	204	2	12	C
F8_BC68_191109_LF_LIB_consensus_vsearch	2822	T	T	697	4	0.56%	2	2	93	93	0.06223242971040495	1	1	490	207	1	3	C
F8_BC68_191109_LF_LIB_consensus_vsearch	2823	G	G	704	3	0.42%	2	1	93	93	0.12473460721856874	1	1	488	216	3	0	A
F8_BC68_191109_LF_LIB_consensus_vsearch	2824	A	R	690	10	1.41%	2	2	93	93	9.454642209044981E-4	1	1	477	213	7	3	G
F8_BC68_191109_LF_LIB_consensus_vsearch	2825	T	T	699	3	0.42%	2	1	93	93	0.12473271560965893	1	1	486	213	3	0	C
F8_BC68_191109_LF_LIB_consensus_vsearch	2826	G	G	702	1	0.14%	2	1	93	93	0.5000000000008233	1	1	488	214	1	0	+AA
F8_BC68_191109_LF_LIB_consensus_vsearch	2827	A	A	689	6	0.85%	2	2	93	93	0.015456628378269563	1	1	485	204	5	1	G
F8_BC68_191109_LF_LIB_consensus_vsearch	2828	C	C	701	5	0.71%	2	1	93	93	0.03102876164621499	1	1	496	205	0	5	-T
F8_BC68_191109_LF_LIB_consensus_vsearch	2829	T	*/-C	681	12	1.7%	2	2	93	93	2.32694486757084E-4	1	1	485	196	2	10	-C
F8_BC68_191109_LF_LIB_consensus_vsearch	2830	C	*/-AC	673	18	2.57%	2	1	93	93	3.4100578853866686E-6	1	1	473	200	18	0	-AC
F8_BC68_191109_LF_LIB_consensus_vsearch	2831	A	A	686	5	0.72%	2	2	93	93	0.031023960840170225	1	1	473	213	3	2	G
F8_BC68_191109_LF_LIB_consensus_vsearch	2832	C	C	686	3	0.43%	2	1	93	93	0.12472766884553547	1	1	472	214	3	0	+A
F8_BC68_191109_LF_LIB_consensus_vsearch	2833	G	*/-A	696	8	1.13%	2	1	93	93	0.0038289280527219385	1	1	481	215	8	0	-A
F8_BC68_191109_LF_LIB_consensus_vsearch	2834	A	A	695	3	0.43%	2	1	93	93	0.12473118279579633	1	1	481	214	0	3	-T
F8_BC68_191109_LF_LIB_consensus_vsearch	2835	T	T	701	6	0.85%	2	2	93	93	0.015459482094033763	1	1	489	212	4	2	C
F8_BC68_191109_LF_LIB_consensus_vsearch	2836	T	T	708	5	0.7%	2	2	93	93	0.031030932919190887	1	1	494	214	2	3	C
F8_BC68_191109_LF_LIB_consensus_vsearch	2837	A	R	693	13	1.82%	2	1	93	93	1.1545285757734665E-4	1	1	476	217	13	0	G
F8_BC68_191109_LF_LIB_consensus_vsearch	2838	C	*/+A	649	37	5.2%	2	2	93	93	4.418603894876542E-12	1	1	439	210	36	1	+A
F8_BC68_191109_LF_LIB_consensus_vsearch	2839	A	A	684	5	0.72%	2	2	93	93	0.031023304944923957	1	1	473	211	3	2	G
F8_BC68_191109_LF_LIB_consensus_vsearch	2840	A	*/-G	674	14	1.97%	2	2	93	93	5.709176907287856E-5	1	1	465	209	11	3	-G
F8_BC68_191109_LF_LIB_consensus_vsearch	2841	G	R	656	18	2.58%	2	1	93	93	3.400299948628629E-6	1	1	446	210	18	0	A
F8_BC68_191109_LF_LIB_consensus_vsearch	2842	G	R	670	24	3.38%	2	2	93	93	4.8688927370247796E-8	1	1	455	215	23	1	A
F8_BC68_191109_LF_LIB_consensus_vsearch	2843	C	Y	687	8	1.13%	2	2	93	93	0.003827931479801315	1	1	478	209	1	7	T
F8_BC68_191109_LF_LIB_consensus_vsearch	2844	A	*/+T	677	12	1.7%	2	1	93	93	2.3262908044286573E-4	1	1	481	196	0	12	+T
F8_BC68_191109_LF_LIB_consensus_vsearch	2845	T	*/+C	688	8	1.14%	2	1	93	93	0.0038280434768544216	1	1	488	200	0	8	+C
F8_BC68_191109_LF_LIB_consensus_vsearch	2846	T	*/-C	680	12	1.69%	2	2	93	93	2.3267820494486116E-4	1	1	481	199	7	5	-C
F8_BC68_191109_LF_LIB_consensus_vsearch	2847	C	C	692	2	0.29%	2	1	93	93	0.24981975486690114	1	1	486	206	0	2	+T
F8_BC68_191109_LF_LIB_consensus_vsearch	2848	C	C	701	4	0.56%	2	2	93	93	0.06223394837614865	1	1	490	211	3	1	-A
F8_BC68_191109_LF_LIB_consensus_vsearch	2849	A	A	703	3	0.42%	2	2	93	93	0.12473423104214414	1	1	489	214	2	1	G
F8_BC68_191109_LF_LIB_consensus_vsearch	2850	T	T	700	3	0.42%	2	1	93	93	0.12473309608558197	1	1	493	207	0	3	-G
F8_BC68_191109_LF_LIB_consensus_vsearch	2851	G	G	697	3	0.42%	2	2	93	93	0.12473195139413472	1	1	490	207	1	2	-T
F8_BC68_191109_LF_LIB_consensus_vsearch	2852	T	Y	687	9	1.27%	2	2	93	93	0.0019029580289553435	1	1	490	197	5	4	C
F8_BC68_191109_LF_LIB_consensus_vsearch	2853	T	Y	682	13	1.83%	2	2	93	93	1.1535013129177892E-4	1	1	485	197	4	9	C
F8_BC68_191109_LF_LIB_consensus_vsearch	2854	C	*/-A	661	29	4.14%	2	1	93	93	1.3792893804506296E-9	1	1	455	206	29	0	-A
F8_BC68_191109_LF_LIB_consensus_vsearch	2855	A	R	666	8	1.18%	2	2	93	93	0.003825503147506549	1	1	454	212	4	4	G
F8_BC68_191109_LF_LIB_consensus_vsearch	2856	C	Y	665	32	4.53%	2	2	93	93	1.617807884908527E-10	1	1	454	211	29	3	T
F8_BC68_191109_LF_LIB_consensus_vsearch	2857	G	*/-A	696	8	1.12%	2	1	93	93	0.0038289280527219385	1	1	485	211	8	0	-A
F8_BC68_191109_LF_LIB_consensus_vsearch	2858	A	*/-G	684	11	1.56%	2	2	93	93	4.691965083280461E-4	1	1	471	213	10	1	-G
F8_BC68_191109_LF_LIB_consensus_vsearch	2859	G	G	696	1	0.14%	2	1	93	93	0.5000000000008233	1	1	482	214	1	0	+AG
F8_BC68_191109_LF_LIB_consensus_vsearch	2860	C	C	699	5	0.7%	2	2	93	93	0.031028133354538395	1	1	486	213	2	3	T
F8_BC68_191109_LF_LIB_consensus_vsearch	2861	A	A	699	3	0.42%	2	2	93	93	0.12473271560965893	1	1	484	215	2	1	G
F8_BC68_191109_LF_LIB_consensus_vsearch	2862	C	C	699	4	0.57%	2	2	93	93	0.062233191204189284	1	1	485	214	3	1	T
F8_BC68_191109_LF_LIB_consensus_vsearch	2863	A	R	687	14	1.98%	2	2	93	93	5.716321840611958E-5	1	1	475	212	13	1	G
F8_BC68_191109_LF_LIB_consensus_vsearch	2864	G	G	708	1	0.14%	2	1	93	93	0.4999999999990043	1	1	492	216	1	0	+A
F8_BC68_191109_LF_LIB_consensus_vsearch	2865	T	T	704	3	0.42%	2	1	93	93	0.12473460721856874	1	1	492	212	0	3	+C
F8_BC68_191109_LF_LIB_consensus_vsearch	2866	T	*/-C	630	75	10.55%	2	1	93	93	3.310342123357058E-24	1	1	416	214	75	0	-C
F8_BC68_191109_LF_LIB_consensus_vsearch	2867	C	C	632	2	0.31%	2	2	93	93	0.24980268350401458	1	1	417	215	1	1	T
F8_BC68_191109_LF_LIB_consensus_vsearch	2868	C	C	697	4	0.56%	2	2	93	93	0.06223242971040495	1	1	484	213	3	1	-A
F8_BC68_191109_LF_LIB_consensus_vsearch	2869	A	R	692	10	1.41%	2	2	93	93	9.455519933469597E-4	1	1	479	213	9	1	G
F8_BC68_191109_LF_LIB_consensus_vsearch	2870	G	G	698	3	0.42%	2	1	93	93	0.12473233404720117	1	1	485	213	3	0	T
F8_BC68_191109_LF_LIB_consensus_vsearch	2871	T	T	704	2	0.28%	2	1	93	93	0.24982282069449002	1	1	492	212	2	0	-G
F8_BC68_191109_LF_LIB_consensus_vsearch	2872	G	G	695	5	0.7%	2	1	93	93	0.031026866004720807	1	1	489	206	0	5	+C
F8_BC68_191109_LF_LIB_consensus_vsearch	2873	C	C	699	4	0.56%	2	1	93	93	0.062233191204189284	1	1	490	209	0	4	-T
F8_BC68_191109_LF_LIB_consensus_vsearch	2874	T	*/+C	674	17	2.4%	2	1	93	93	6.90612613285916E-6	1	1	469	205	17	0	+C
F8_BC68_191109_LF_LIB_consensus_vsearch	2875	C	C	690	4	0.57%	2	1	93	93	0.0622297299056776	1	1	489	201	0	4	+G
F8_BC68_191109_LF_LIB_consensus_vsearch	2876	G	G	707	3	0.42%	2	1	93	93	0.12473572938667123	1	1	492	215	3	0	A
F8_BC68_191109_LF_LIB_consensus_vsearch	2877	A	A	703	3	0.42%	2	1	93	93	0.12473423104214414	1	1	490	213	3	0	G
F8_BC68_191109_LF_LIB_consensus_vsearch	2878	T	*/-C	568	127	17.89%	2	2	93	93	1.0338258542364265E-41	1	1	403	165	84	43	-C
F8_BC68_191109_LF_LIB_consensus_vsearch	2879	C	C	568	6	1.04%	2	2	93	93	0.015421197823763643	1	1	407	161	2	4	T
F8_BC68_191109_LF_LIB_consensus_vsearch	2880	C	Y	689	13	1.84%	2	2	93	93	1.1541586787677064E-4	1	1	490	199	2	11	T
F8_BC68_191109_LF_LIB_consensus_vsearch	2881	C	Y	651	49	6.89%	2	2	93	93	7.439611546361926E-16	1	1	481	170	4	45	T
F8_BC68_191109_LF_LIB_consensus_vsearch	2882	C	*/-A	696	8	1.12%	2	2	93	93	0.0038289280527219385	1	1	485	211	5	3	-A
F8_BC68_191109_LF_LIB_consensus_vsearch	2883	A	*/-GC	679	8	1.14%	2	1	93	93	0.0038270238219715778	1	1	469	210	8	0	-GC
F8_BC68_191109_LF_LIB_consensus_vsearch	2884	G	R	646	51	7.28%	2	1	93	93	1.7187857147015146E-16	1	1	431	215	51	0	A
F8_BC68_191109_LF_LIB_consensus_vsearch	2885	C	*/-AC	664	18	2.57%	2	1	93	93	3.4049498216748786E-6	1	1	450	214	18	0	-AC
F8_BC68_191109_LF_LIB_consensus_vsearch	2886	A	A	671	4	0.58%	2	2	93	93	0.062222119494678464	1	1	458	213	2	2	G
F8_BC68_191109_LF_LIB_consensus_vsearch	2887	C	C	670	6	0.87%	2	1	93	93	0.015451903101766128	1	1	456	214	6	0	+T
F8_BC68_191109_LF_LIB_consensus_vsearch	2888	G	*/-A	688	14	1.98%	2	1	93	93	5.716860745288917E-5	1	1	473	215	14	0	-A
F8_BC68_191109_LF_LIB_consensus_vsearch	2889	A	A	687	6	0.86%	2	2	93	93	0.015456143164561733	1	1	472	215	5	1	G
F8_BC68_191109_LF_LIB_consensus_vsearch	2890	T	T	696	6	0.84%	2	1	93	93	0.015458304885326069	1	1	482	214	6	0	-G
F8_BC68_191109_LF_LIB_consensus_vsearch	2891	G	R	693	7	0.99%	2	1	93	93	0.007695648159281727	1	1	478	215	7	0	A
F8_BC68_191109_LF_LIB_consensus_vsearch	2892	C	C	698	4	0.56%	2	1	93	93	0.06223281099972274	1	1	484	214	4	0	A
F8_BC68_191109_LF_LIB_consensus_vsearch	2893	A	R	686	17	2.4%	2	2	93	93	6.918017697409913E-6	1	1	473	213	15	2	G
F8_BC68_191109_LF_LIB_consensus_vsearch	2894	G	*/-C	672	26	3.66%	2	2	93	93	1.1755083255080829E-8	1	1	486	186	2	24	-C
F8_BC68_191109_LF_LIB_consensus_vsearch	2895	C	C	670	5	0.73%	2	1	93	93	0.031018604889258276	1	1	490	180	0	5	+TC
F8_BC68_191109_LF_LIB_consensus_vsearch	2896	C	C	704	4	0.56%	2	2	93	93	0.06223507611041307	1	1	492	212	2	2	-T
F8_BC68_191109_LF_LIB_consensus_vsearch	2897	T	T	692	4	0.57%	2	2	93	93	0.062230506821500255	1	1	481	211	2	2	C
F8_BC68_191109_LF_LIB_consensus_vsearch	2898	C	*/-A	675	24	3.39%	2	1	93	93	4.8760641443519385E-8	1	1	461	214	24	0	-A
F8_BC68_191109_LF_LIB_consensus_vsearch	2899	A	*/+C	642	11	1.6%	2	1	93	93	4.679851027335887E-4	1	1	435	207	11	0	+C
F8_BC68_191109_LF_LIB_consensus_vsearch	2900	C	*/+T	669	12	1.71%	2	1	93	93	2.324959998276635E-4	1	1	459	210	12	0	+T
F8_BC68_191109_LF_LIB_consensus_vsearch	2901	A	R	618	45	6.46%	2	1	93	93	1.3124305429455943E-14	1	1	426	192	45	0	G
F8_BC68_191109_LF_LIB_consensus_vsearch	2902	G	G	688	1	0.14%	2	1	93	93	0.4999999999999138	1	1	486	202	1	0	+A
F8_BC68_191109_LF_LIB_consensus_vsearch	2903	G	G	704	6	0.84%	2	2	93	93	0.015460180472089387	1	1	489	215	5	1	-A
F8_BC68_191109_LF_LIB_consensus_vsearch	2904	A	*/-T	690	11	1.56%	2	2	93	93	4.6935786269801464E-4	1	1	481	209	5	6	-T
F8_BC68_191109_LF_LIB_consensus_vsearch	2905	T	T	697	2	0.29%	2	2	93	93	0.24982104509666578	1	1	487	210	1	1	C
F8_BC68_191109_LF_LIB_consensus_vsearch	2906	T	*/-AC	687	12	1.69%	2	2	93	93	2.3279121466020827E-4	1	1	479	208	9	3	-AC
F8_BC68_191109_LF_LIB_consensus_vsearch	2907	A	R	646	21	3.03%	2	2	93	93	4.0638069510574407E-7	1	1	447	199	16	5	G
F8_BC68_191109_LF_LIB_consensus_vsearch	2908	C	*/+T	661	9	1.32%	2	1	93	93	0.0019010251601450372	1	1	466	195	0	9	+T
F8_BC68_191109_LF_LIB_consensus_vsearch	2909	C	S	676	11	1.56%	2	2	93	93	4.689770401652236E-4	1	1	470	206	10	1	G
F8_BC68_191109_LF_LIB_consensus_vsearch	2910	C	Y	685	16	2.25%	2	2	93	93	1.399366903089498E-5	1	1	486	199	3	13	T
F8_BC68_191109_LF_LIB_consensus_vsearch	2911	A	R	693	8	1.13%	2	1	93	93	0.0038285986916817977	1	1	479	214	8	0	G
F8_BC68_191109_LF_LIB_consensus_vsearch	2912	G	*/-C	665	20	2.82%	2	2	93	93	8.285098496849445E-7	1	1	472	193	8	12	-C
F8_BC68_191109_LF_LIB_consensus_vsearch	2913	C	*/+T	653	26	3.77%	2	1	93	93	1.1675841220961169E-8	1	1	482	171	0	26	+T
F8_BC68_191109_LF_LIB_consensus_vsearch	2914	C	Y	696	10	1.41%	2	2	93	93	9.457260602997546E-4	1	1	491	205	2	8	T
F8_BC68_191109_LF_LIB_consensus_vsearch	2915	C	*/+T	686	12	1.69%	2	1	93	93	2.327752070121532E-4	1	1	494	192	0	12	+T
F8_BC68_191109_LF_LIB_consensus_vsearch	2916	T	*/-C	675	23	3.27%	2	1	93	93	9.915373522047555E-8	1	1	490	185	0	23	-C
F8_BC68_191109_LF_LIB_consensus_vsearch	2917	C	*/-TC	620	37	5.39%	2	2	93	93	4.3196477167157235E-12	1	1	465	155	26	11	-TC
F8_BC68_191109_LF_LIB_consensus_vsearch	2918	T	*/+C	578	47	7.23%	2	1	93	93	2.893370051755068E-15	1	1	399	179	47	0	+C
F8_BC68_191109_LF_LIB_consensus_vsearch	2919	C	*/-G	628	16	2.41%	2	2	93	93	1.3885578726531942E-5	1	1	456	172	2	14	-G
F8_BC68_191109_LF_LIB_consensus_vsearch	2920	G	R	629	49	7.17%	2	1	93	93	7.224781812511353E-16	1	1	440	189	49	0	A
F8_BC68_191109_LF_LIB_consensus_vsearch	2921	G	G	703	1	0.14%	2	1	93	93	0.5000000000008233	1	1	495	208	1	0	A
F8_BC68_191109_LF_LIB_consensus_vsearch	2922	G	G	710	3	0.42%	2	2	93	93	0.12473684210561659	1	1	494	216	2	1	A
F8_BC68_191109_LF_LIB_consensus_vsearch	2923	A	A	705	4	0.56%	2	2	93	93	0.062235449900223165	1	1	489	216	3	1	G
F8_BC68_191109_LF_LIB_consensus_vsearch	2924	T	*/+G	677	14	1.96%	2	1	93	93	5.710849035009345E-5	1	1	464	213	14	0	+G
F8_BC68_191109_LF_LIB_consensus_vsearch	2925	A	R	648	29	4.14%	2	1	93	93	1.3711839132006958E-9	1	1	440	208	29	0	G
F8_BC68_191109_LF_LIB_consensus_vsearch	2926	G	G	691	2	0.29%	2	1	93	93	0.24981949458509745	1	1	482	209	2	0	+A
F8_BC68_191109_LF_LIB_consensus_vsearch	2927	G	G	705	2	0.28%	2	2	93	93	0.24982307147908459	1	1	492	213	1	1	-T
F8_BC68_191109_LF_LIB_consensus_vsearch	2928	T	*/+G	691	9	1.27%	2	2	93	93	0.0019032427370135523	1	1	483	208	4	5	+G
F8_BC68_191109_LF_LIB_consensus_vsearch	2929	G	*/-A	685	18	2.53%	2	2	93	93	3.4166739671643E-6	1	1	476	209	16	2	-A
F8_BC68_191109_LF_LIB_consensus_vsearch	2930	A	R	682	9	1.3%	2	2	93	93	0.0019025975409729535	1	1	468	214	8	1	G
F8_BC68_191109_LF_LIB_consensus_vsearch	2931	A	R	692	13	1.83%	2	1	93	93	1.154436487484223E-4	1	1	476	216	13	0	G
F8_BC68_191109_LF_LIB_consensus_vsearch	2932	T	Y	701	7	0.98%	2	2	93	93	0.007696964759941648	1	1	490	211	1	6	C
F8_BC68_191109_LF_LIB_consensus_vsearch	2933	G	*/-C	665	35	4.92%	2	2	93	93	1.8823115629040064E-11	1	1	453	212	31	4	-C
F8_BC68_191109_LF_LIB_consensus_vsearch	2934	C	C	673	2	0.3%	2	2	93	93	0.24981467753915756	1	1	461	212	1	1	T
F8_BC68_191109_LF_LIB_consensus_vsearch	2935	C	C	703	4	0.56%	2	2	93	93	0.06223470126280326	1	1	488	215	2	2	T
F8_BC68_191109_LF_LIB_consensus_vsearch	2936	C	*/-A	691	9	1.26%	2	1	93	93	0.0019032427370135523	1	1	476	215	9	0	-A
F8_BC68_191109_LF_LIB_consensus_vsearch	2937	A	A	695	3	0.43%	2	2	93	93	0.12473118279579633	1	1	481	214	1	2	-T
F8_BC68_191109_LF_LIB_consensus_vsearch	2938	T	K	694	9	1.27%	2	2	93	93	0.001903454156451721	1	1	482	212	8	1	G
F8_BC68_191109_LF_LIB_consensus_vsearch	2939	T	T	703	4	0.56%	2	2	93	93	0.06223470126280326	1	1	492	211	1	3	C
F8_BC68_191109_LF_LIB_consensus_vsearch	2940	G	G	700	4	0.56%	2	1	93	93	0.06223357032831275	1	1	493	207	0	4	+T
F8_BC68_191109_LF_LIB_consensus_vsearch	2941	T	Y	690	12	1.69%	2	2	93	93	2.3283896823795677E-4	1	1	483	207	5	7	C
F8_BC68_191109_LF_LIB_consensus_vsearch	2942	C	*/-T	694	7	0.99%	2	1	93	93	0.007695814373028502	1	1	487	207	0	7	-T
F8_BC68_191109_LF_LIB_consensus_vsearch	2943	T	Y	676	8	1.15%	2	2	93	93	0.0038266780028401756	1	1	481	195	1	7	C
F8_BC68_191109_LF_LIB_consensus_vsearch	2944	G	G	692	5	0.71%	2	1	93	93	0.03102590594951147	1	1	479	213	5	0	+C
F8_BC68_191109_LF_LIB_consensus_vsearch	2945	C	Y	692	15	2.11%	2	2	93	93	2.831168800461903E-5	1	1	490	202	1	14	T
F8_BC68_191109_LF_LIB_consensus_vsearch	2946	A	R	690	12	1.69%	2	2	93	93	2.3283896823795677E-4	1	1	482	208	11	1	G
F8_BC68_191109_LF_LIB_consensus_vsearch	2947	T	*/+C	677	20	2.83%	2	1	93	93	8.305478350782384E-7	1	1	468	209	20	0	+C
F8_BC68_191109_LF_LIB_consensus_vsearch	2948	C	C	696	6	0.85%	2	1	93	93	0.015458304885326069	1	1	481	215	6	0	+A
F8_BC68_191109_LF_LIB_consensus_vsearch	2949	A	R	693	8	1.13%	2	2	93	93	0.0038285986916817977	1	1	482	211	7	1	G
F8_BC68_191109_LF_LIB_consensus_vsearch	2950	G	R	693	7	0.98%	2	1	93	93	0.007695648159281727	1	1	480	213	7	0	A
F8_BC68_191109_LF_LIB_consensus_vsearch	2951	T	T	691	6	0.85%	2	1	93	93	0.01545711081143495	1	1	484	207	6	0	-G
F8_BC68_191109_LF_LIB_consensus_vsearch	2952	G	*/+CT	669	7	1%	2	1	93	93	0.007691511945153724	1	1	462	207	7	0	+CT
F8_BC68_191109_LF_LIB_consensus_vsearch	2953	T	Y	657	16	2.3%	2	2	93	93	1.3942782437750426E-5	1	1	467	190	3	13	C
F8_BC68_191109_LF_LIB_consensus_vsearch	2954	A	R	621	37	5.37%	2	1	93	93	4.323170656383703E-12	1	1	419	202	37	0	G
F8_BC68_191109_LF_LIB_consensus_vsearch	2955	G	*/+C	640	12	1.76%	2	1	93	93	2.319866661695591E-4	1	1	440	200	12	0	+C
F8_BC68_191109_LF_LIB_consensus_vsearch	2956	C	*/+T	598	30	4.37%	2	2	93	93	6.532133573147577E-10	1	1	402	196	29	1	+T
F8_BC68_191109_LF_LIB_consensus_vsearch	2957	G	R	626	31	4.49%	2	2	93	93	3.2412649835985136E-10	1	1	434	192	30	1	A
F8_BC68_191109_LF_LIB_consensus_vsearch	2958	C	*/+T	646	15	2.17%	2	1	93	93	2.816261220005829E-5	1	1	454	192	15	0	+T
F8_BC68_191109_LF_LIB_consensus_vsearch	2959	G	*/-CG	493	138	20.32%	2	2	93	93	6.278480872591252E-46	1	1	340	153	96	42	-CG
F8_BC68_191109_LF_LIB_consensus_vsearch	2960	C	Y	505	8	1.51%	2	2	93	93	0.0038003234625655943	1	1	355	150	3	5	T
F8_BC68_191109_LF_LIB_consensus_vsearch	2961	G	*/+A	464	40	7.25%	2	1	93	93	4.063833284546994E-13	1	1	321	143	40	0	+A
F8_BC68_191109_LF_LIB_consensus_vsearch	2962	T	T	689	4	0.57%	2	1	93	93	0.062229339765201515	1	1	483	206	4	0	-G
F8_BC68_191109_LF_LIB_consensus_vsearch	2963	G	R	665	14	2%	2	1	93	93	5.704074004227334E-5	1	1	460	205	14	0	A
F8_BC68_191109_LF_LIB_consensus_vsearch	2964	C	Y	664	14	2%	2	2	93	93	5.703498854057624E-5	1	1	472	192	3	11	T
F8_BC68_191109_LF_LIB_consensus_vsearch	2965	G	R	660	27	3.89%	2	2	93	93	5.741915330351998E-9	1	1	455	205	25	2	A
F8_BC68_191109_LF_LIB_consensus_vsearch	2966	G	*/-C	669	19	2.68%	2	1	93	93	1.6815960917519931E-6	1	1	455	214	19	0	-C
F8_BC68_191109_LF_LIB_consensus_vsearch	2967	C	C	678	4	0.58%	2	1	93	93	0.06222497268251083	1	1	468	210	0	4	+T
F8_BC68_191109_LF_LIB_consensus_vsearch	2968	C	C	697	6	0.85%	2	2	93	93	0.015458541664756588	1	1	488	209	1	5	T
F8_BC68_191109_LF_LIB_consensus_vsearch	2969	C	*/+A	683	13	1.83%	2	1	93	93	1.1535960161590476E-4	1	1	475	208	13	0	+A
F8_BC68_191109_LF_LIB_consensus_vsearch	2970	A	*/-G	655	26	3.69%	2	2	93	93	1.1684368942048827E-8	1	1	481	174	1	25	-G
F8_BC68_191109_LF_LIB_consensus_vsearch	2971	G	G	677	2	0.29%	2	2	93	93	0.24981577008147704	1	1	492	185	1	1	+A
F8_BC68_191109_LF_LIB_consensus_vsearch	2972	G	G	704	2	0.28%	2	1	93	93	0.24982282069449002	1	1	491	213	2	0	+A
F8_BC68_191109_LF_LIB_consensus_vsearch	2973	A	A	702	4	0.56%	2	2	93	93	0.062234325352884735	1	1	490	212	2	2	-CA
F8_BC68_191109_LF_LIB_consensus_vsearch	2974	C	C	707	1	0.14%	2	1	93	93	0.5000000000008233	1	1	492	215	1	0	-AT
F8_BC68_191109_LF_LIB_consensus_vsearch	2975	A	R	692	7	0.99%	2	2	93	93	0.007695481471345102	1	1	485	207	5	2	G
F8_BC68_191109_LF_LIB_consensus_vsearch	2976	T	*/+C	695	8	1.13%	2	1	93	93	0.003828818576574826	1	1	484	211	8	0	+C
F8_BC68_191109_LF_LIB_consensus_vsearch	2977	C	*/-T	696	10	1.41%	2	2	93	93	9.457260602997546E-4	1	1	487	209	4	6	-T
F8_BC68_191109_LF_LIB_consensus_vsearch	2978	T	*/+A	637	38	5.44%	2	1	93	93	2.129178874910704E-12	1	1	429	208	38	0	+A
F8_BC68_191109_LF_LIB_consensus_vsearch	2979	A	R	683	8	1.15%	2	2	93	93	0.003827480265442575	1	1	468	215	7	1	G
F8_BC68_191109_LF_LIB_consensus_vsearch	2980	A	*/-G	680	13	1.83%	2	2	93	93	1.1533111024855475E-4	1	1	469	211	10	3	-G
F8_BC68_191109_LF_LIB_consensus_vsearch	2981	G	G	691	3	0.43%	2	1	93	93	0.12472963229989842	1	1	477	214	3	0	+AG
F8_BC68_191109_LF_LIB_consensus_vsearch	2982	G	G	702	5	0.7%	2	2	93	93	0.031029074459554294	1	1	486	216	4	1	+A
F8_BC68_191109_LF_LIB_consensus_vsearch	2983	G	G	704	5	0.7%	2	1	93	93	0.03102969743972635	1	1	488	216	5	0	A
F8_BC68_191109_LF_LIB_consensus_vsearch	2984	C	C	706	1	0.14%	2	1	93	93	0.4999999999990043	1	1	490	216	1	0	-A
F8_BC68_191109_LF_LIB_consensus_vsearch	2985	A	A	699	5	0.71%	2	2	93	93	0.031028133354538395	1	1	486	213	3	2	G
F8_BC68_191109_LF_LIB_consensus_vsearch	2986	T	Y	693	10	1.41%	2	2	93	93	9.455956940415569E-4	1	1	481	212	7	3	C
F8_BC68_191109_LF_LIB_consensus_vsearch	2987	C	*/-A	691	7	0.99%	2	1	93	93	0.007695314307205932	1	1	479	212	7	0	-A
F8_BC68_191109_LF_LIB_consensus_vsearch	2988	A	W	672	11	1.56%	2	2	93	93	4.6886540252506797E-4	1	1	461	211	10	1	T
F8_BC68_191109_LF_LIB_consensus_vsearch	2989	C	S	696	10	1.41%	2	1	93	93	9.457260602997546E-4	1	1	481	215	10	0	G
F8_BC68_191109_LF_LIB_consensus_vsearch	2990	A	R	684	11	1.54%	2	2	93	93	4.691965083280461E-4	1	1	477	207	7	4	G
F8_BC68_191109_LF_LIB_consensus_vsearch	2991	G	G	695	3	0.43%	2	1	93	93	0.12473118279579633	1	1	483	212	3	0	+A
F8_BC68_191109_LF_LIB_consensus_vsearch	2992	A	*/+C	687	13	1.84%	2	2	93	93	1.1539721756013441E-4	1	1	486	201	2	11	+C
F8_BC68_191109_LF_LIB_consensus_vsearch	2993	C	C	706	1	0.14%	2	1	93	93	0.4999999999990043	1	1	491	215	1	0	+T
F8_BC68_191109_LF_LIB_consensus_vsearch	2994	C	C	705	2	0.28%	2	1	93	93	0.24982307147908459	1	1	493	212	0	2	+T
F8_BC68_191109_LF_LIB_consensus_vsearch	2995	T	Y	668	23	3.24%	2	2	93	93	9.896580503476863E-8	1	1	487	181	4	19	C
F8_BC68_191109_LF_LIB_consensus_vsearch	2996	G	*/-T	686	13	1.83%	2	2	93	93	1.1538785315412462E-4	1	1	478	208	8	5	-T
F8_BC68_191109_LF_LIB_consensus_vsearch	2997	T	Y	677	12	1.72%	2	2	93	93	2.3262908044286573E-4	1	1	478	199	2	10	C
F8_BC68_191109_LF_LIB_consensus_vsearch	2998	T	*/-A	612	60	8.44%	2	1	93	93	2.185456852354176E-19	1	1	406	206	60	0	-A
F8_BC68_191109_LF_LIB_consensus_vsearch	2999	A	R	597	9	1.44%	2	2	93	93	0.0018955663452473773	1	1	398	199	6	3	G
F8_BC68_191109_LF_LIB_consensus_vsearch	3000	T	K	607	60	8.92%	2	1	93	93	2.16193003616512E-19	1	1	404	203	60	0	G
F8_BC68_191109_LF_LIB_consensus_vsearch	3001	T	Y	661	9	1.32%	2	2	93	93	0.0019010251601450372	1	1	458	203	3	6	C
F8_BC68_191109_LF_LIB_consensus_vsearch	3002	G	*/-C	656	30	4.28%	2	2	93	93	6.73546694333086E-10	1	1	462	194	12	18	-C
F8_BC68_191109_LF_LIB_consensus_vsearch	3003	C	C	663	4	0.59%	2	1	93	93	0.062218785350086514	1	1	478	185	0	4	+T
F8_BC68_191109_LF_LIB_consensus_vsearch	3004	C	*/-A	609	38	5.37%	2	2	93	93	2.078932669446642E-12	1	1	449	160	15	23	-A
F8_BC68_191109_LF_LIB_consensus_vsearch	3005	A	W	628	19	2.85%	2	2	93	93	1.6680318157056192E-6	1	1	467	161	1	18	T
F8_BC68_191109_LF_LIB_consensus_vsearch	3006	A	*/-G	648	40	5.65%	2	2	93	93	5.073445497604821E-13	1	1	467	181	17	23	-G
F8_BC68_191109_LF_LIB_consensus_vsearch	3007	G	R	644	18	2.7%	2	2	93	93	3.3931240715453185E-6	1	1	455	189	17	1	A
F8_BC68_191109_LF_LIB_consensus_vsearch	3008	C	*/-AC	682	10	1.42%	2	1	93	93	9.451081060357581E-4	1	1	471	211	10	0	-AC
F8_BC68_191109_LF_LIB_consensus_vsearch	3009	A	*/-C	673	9	1.29%	2	2	93	93	0.001901935436692325	1	1	468	205	3	6	-C
F8_BC68_191109_LF_LIB_consensus_vsearch	3010	C	C	677	4	0.58%	2	1	93	93	0.06222456867682575	1	1	473	204	0	4	T
F8_BC68_191109_LF_LIB_consensus_vsearch	3011	C	*/-T	688	10	1.41%	2	2	93	93	9.453759502338604E-4	1	1	483	205	3	7	-T
F8_BC68_191109_LF_LIB_consensus_vsearch	3012	T	*/-C	667	19	2.72%	2	2	93	93	1.6809701425482997E-6	1	1	461	206	18	1	-C
F8_BC68_191109_LF_LIB_consensus_vsearch	3013	C	C	681	1	0.15%	2	1	93	93	0.4999999999999138	1	1	468	213	1	0	+A
F8_BC68_191109_LF_LIB_consensus_vsearch	3014	C	*/-AC	667	28	3.97%	2	1	93	93	2.8227025943831423E-9	1	1	457	210	28	0	-AC
F8_BC68_191109_LF_LIB_consensus_vsearch	3015	A	A	658	6	0.89%	2	1	93	93	0.015448779598078858	1	1	450	208	0	6	+T
F8_BC68_191109_LF_LIB_consensus_vsearch	3016	C	C	666	6	0.88%	2	1	93	93	0.01545087431002871	1	1	454	212	6	0	+AC
F8_BC68_191109_LF_LIB_consensus_vsearch	3017	G	*/-C	657	35	4.93%	2	2	93	93	1.8726090941473264E-11	1	1	459	198	25	10	-C
F8_BC68_191109_LF_LIB_consensus_vsearch	3018	C	*/+T	645	22	3.26%	2	1	93	93	1.9994054001357206E-7	1	1	464	181	0	22	+T
F8_BC68_191109_LF_LIB_consensus_vsearch	3019	C	*/+T	680	12	1.69%	2	1	93	93	2.3267820494486116E-4	1	1	485	195	0	12	+T
F8_BC68_191109_LF_LIB_consensus_vsearch	3020	C	*/-T	631	67	9.42%	2	2	93	93	1.2836412551407641E-21	1	1	478	153	11	56	-T
F8_BC68_191109_LF_LIB_consensus_vsearch	3021	T	W	615	11	1.73%	2	1	93	93	4.671216907759083E-4	1	1	464	151	11	0	A
F8_BC68_191109_LF_LIB_consensus_vsearch	3022	T	Y	682	14	1.99%	2	2	93	93	5.713604634080099E-5	1	1	487	195	2	12	C
F8_BC68_191109_LF_LIB_consensus_vsearch	3023	A	A	702	4	0.56%	2	1	93	93	0.062234325352884735	1	1	491	211	0	4	C
F8_BC68_191109_LF_LIB_consensus_vsearch	3024	A	*/-C	689	11	1.54%	2	2	93	93	4.693311600173773E-4	1	1	477	212	9	2	-C
F8_BC68_191109_LF_LIB_consensus_vsearch	3025	C	C	695	3	0.43%	2	1	93	93	0.12473118279579633	1	1	486	209	0	3	T
F8_BC68_191109_LF_LIB_consensus_vsearch	3026	C	*/-GG	679	10	1.4%	2	1	93	93	9.449724513676984E-4	1	1	485	194	0	10	-GG
F8_BC68_191109_LF_LIB_consensus_vsearch	3027	G	G	684	6	0.87%	2	2	93	93	0.015455410077685248	1	1	485	199	5	1	A
F8_BC68_191109_LF_LIB_consensus_vsearch	3028	G	G	692	5	0.71%	2	1	93	93	0.03102590594951147	1	1	488	204	5	0	+A
F8_BC68_191109_LF_LIB_consensus_vsearch	3029	G	G	706	2	0.28%	2	1	93	93	0.24982332155411754	1	1	490	216	2	0	+C
F8_BC68_191109_LF_LIB_consensus_vsearch	3030	C	C	703	3	0.42%	2	1	93	93	0.12473423104214414	1	1	490	213	3	0	-GC
F8_BC68_191109_LF_LIB_consensus_vsearch	3031	G	*/+C	689	7	0.99%	2	1	93	93	0.007694978542018557	1	1	475	214	7	0	+C
F8_BC68_191109_LF_LIB_consensus_vsearch	3032	C	C	691	5	0.71%	2	1	93	93	0.03102558409276762	1	1	486	205	0	5	+GC
F8_BC68_191109_LF_LIB_consensus_vsearch	3033	C	Y	688	13	1.82%	2	2	93	93	1.1540655576482854E-4	1	1	486	202	1	12	T
F8_BC68_191109_LF_LIB_consensus_vsearch	3034	G	R	696	7	0.99%	2	2	93	93	0.007696145385976602	1	1	483	213	6	1	A
F8_BC68_191109_LF_LIB_consensus_vsearch	3035	G	R	692	13	1.83%	2	2	93	93	1.154436487484223E-4	1	1	484	208	9	4	A
F8_BC68_191109_LF_LIB_consensus_vsearch	3036	T	*/-C	555	69	9.73%	2	2	93	93	2.3154847402726483E-22	1	1	361	194	57	12	-C
F8_BC68_191109_LF_LIB_consensus_vsearch	3037	C	C	599	2	0.33%	2	1	93	93	0.24979184013288794	1	1	399	200	2	0	A
F8_BC68_191109_LF_LIB_consensus_vsearch	3038	C	C	662	4	0.6%	2	2	93	93	0.06221836294787205	1	1	454	208	1	3	+T
F8_BC68_191109_LF_LIB_consensus_vsearch	3039	C	Y	656	21	2.95%	2	2	93	93	4.073564303954074E-7	1	1	473	183	9	12	T
F8_BC68_191109_LF_LIB_consensus_vsearch	3040	C	Y	545	110	15.45%	2	2	93	93	5.1870980372986385E-36	1	1	365	180	89	21	T
F8_BC68_191109_LF_LIB_consensus_vsearch	3041	A	W	638	19	2.8%	2	2	93	93	1.6714880793555345E-6	1	1	460	178	7	12	T
F8_BC68_191109_LF_LIB_consensus_vsearch	3042	A	R	668	13	1.84%	2	2	93	93	1.1521468435875795E-4	1	1	482	186	8	5	G
F8_BC68_191109_LF_LIB_consensus_vsearch	3043	G	K	679	20	2.84%	2	1	93	93	8.308810751487971E-7	1	1	489	190	0	20	T
F8_BC68_191109_LF_LIB_consensus_vsearch	3044	G	G	706	2	0.28%	2	1	93	93	0.24982332155411754	1	1	494	212	2	0	A
F8_BC68_191109_LF_LIB_consensus_vsearch	3045	C	*/-GC	672	24	3.38%	2	2	93	93	4.87177261025069E-8	1	1	487	185	6	18	-GC
F8_BC68_191109_LF_LIB_consensus_vsearch	3046	G	G	676	3	0.44%	2	1	93	93	0.12472365512179952	1	1	486	190	0	3	-C
F8_BC68_191109_LF_LIB_consensus_vsearch	3047	C	*/-A	605	46	6.74%	2	2	93	93	6.234569008718783E-15	1	1	431	174	44	2	-A
F8_BC68_191109_LF_LIB_consensus_vsearch	3048	A	*/+G	643	9	1.36%	2	1	93	93	0.0018995973843444253	1	1	436	207	9	0	+G
F8_BC68_191109_LF_LIB_consensus_vsearch	3049	A	*/-G	686	9	1.27%	2	2	93	93	0.001902886343431154	1	1	476	210	8	1	-G
F8_BC68_191109_LF_LIB_consensus_vsearch	3050	G	*/+A	645	21	3%	2	1	93	93	4.062816156075314E-7	1	1	432	213	21	0	+A
F8_BC68_191109_LF_LIB_consensus_vsearch	3051	A	R	655	9	1.32%	2	2	93	93	0.0019005577734205698	1	1	445	210	7	2	G
F8_BC68_191109_LF_LIB_consensus_vsearch	3052	A	R	685	9	1.28%	2	2	93	93	0.0019028144527554463	1	1	472	213	7	2	G
F8_BC68_191109_LF_LIB_consensus_vsearch	3053	G	*/-A	656	26	3.71%	2	1	93	93	1.1688616007241691E-8	1	1	444	212	26	0	-A
F8_BC68_191109_LF_LIB_consensus_vsearch	3054	A	*/-G	651	9	1.32%	2	2	93	93	0.0019002414957144614	1	1	439	212	6	3	-G
F8_BC68_191109_LF_LIB_consensus_vsearch	3055	G	G	690	3	0.43%	2	2	93	93	0.12472924187740676	1	1	479	211	2	1	-C
F8_BC68_191109_LF_LIB_consensus_vsearch	3056	C	C	693	5	0.7%	2	2	93	93	0.031026226884601986	1	1	486	207	2	3	T
F8_BC68_191109_LF_LIB_consensus_vsearch	3057	G	*/-C	688	10	1.41%	2	2	93	93	9.453759502338604E-4	1	1	481	207	8	2	-C
F8_BC68_191109_LF_LIB_consensus_vsearch	3058	C	*/+GC	678	12	1.72%	2	1	93	93	2.3264550198641236E-4	1	1	471	207	12	0	+GC
F8_BC68_191109_LF_LIB_consensus_vsearch	3059	C	*/-GCC	664	24	3.38%	2	2	93	93	4.8601613185980774E-8	1	1	472	192	8	16	-GCC
F8_BC68_191109_LF_LIB_consensus_vsearch	3060	G	*/-C	631	30	4.4%	2	2	93	93	6.651545842694509E-10	1	1	460	171	11	19	-C
F8_BC68_191109_LF_LIB_consensus_vsearch	3061	C	C	649	1	0.15%	2	1	93	93	0.4999999999999138	1	1	473	176	1	0	T
F8_BC68_191109_LF_LIB_consensus_vsearch	3062	C	C	675	1	0.15%	2	1	93	93	0.4999999999999138	1	1	482	193	1	0	+A
F8_BC68_191109_LF_LIB_consensus_vsearch	3063	C	*/-TC	684	16	2.26%	2	1	93	93	1.3991919466867768E-5	1	1	492	192	0	16	-TC
F8_BC68_191109_LF_LIB_consensus_vsearch	3064	T	*/+C	668	9	1.31%	2	1	93	93	0.0019015600485241956	1	1	478	190	9	0	+C
F8_BC68_191109_LF_LIB_consensus_vsearch	3065	C	*/-G	631	29	4.18%	2	1	93	93	1.3601690492563462E-9	1	1	438	193	29	0	-G
F8_BC68_191109_LF_LIB_consensus_vsearch	3066	G	*/-A	627	14	2.1%	2	1	93	93	5.680988914870278E-5	1	1	415	212	14	0	-A
F8_BC68_191109_LF_LIB_consensus_vsearch	3067	A	A	665	4	0.59%	2	1	93	93	0.062219626364564136	1	1	451	214	4	0	+G
F8_BC68_191109_LF_LIB_consensus_vsearch	3068	A	*/-G	668	12	1.7%	2	2	93	93	2.324791481283335E-4	1	1	455	213	11	1	-G
F8_BC68_191109_LF_LIB_consensus_vsearch	3069	G	*/-CC	549	45	6.56%	2	1	93	93	1.1955265395560004E-14	1	1	336	213	45	0	-CC
F8_BC68_191109_LF_LIB_consensus_vsearch	3070	C	*/+T	593	7	1.14%	2	2	93	93	0.007676238309885784	1	1	383	210	2	5	+T
F8_BC68_191109_LF_LIB_consensus_vsearch	3071	C	M	626	20	3.01%	2	1	93	93	8.213949315900355E-7	1	1	418	208	20	0	A
F8_BC68_191109_LF_LIB_consensus_vsearch	3072	C	*/+A	300	254	35.67%	2	2	93	93	9.111880429967723E-94	1	1	285	15	100	154	+A
F8_BC68_191109_LF_LIB_consensus_vsearch	3073	A	A	680	4	0.58%	2	1	93	93	0.062225777149004305	1	1	467	213	4	0	+G
F8_BC68_191109_LF_LIB_consensus_vsearch	3074	A	A	708	3	0.42%	2	1	93	93	0.12473610133740937	1	1	491	217	3	0	+G
F8_BC68_191109_LF_LIB_consensus_vsearch	3075	A	A	703	3	0.42%	2	2	93	93	0.12473423104214414	1	1	487	216	2	1	+G
F8_BC68_191109_LF_LIB_consensus_vsearch	3076	G	G	704	3	0.42%	2	1	93	93	0.12473460721856874	1	1	487	217	3	0	A
F8_BC68_191109_LF_LIB_consensus_vsearch	3077	A	A	702	5	0.71%	2	2	93	93	0.031029074459554294	1	1	487	215	3	2	G
F8_BC68_191109_LF_LIB_consensus_vsearch	3078	A	A	706	5	0.7%	2	2	93	93	0.03103031691652057	1	1	490	216	4	1	G
F8_BC68_191109_LF_LIB_consensus_vsearch	3079	C	Y	692	7	0.98%	2	2	93	93	0.007695481471345102	1	1	480	212	3	4	T
F8_BC68_191109_LF_LIB_consensus_vsearch	3080	A	A	699	4	0.56%	2	1	93	93	0.062233191204189284	1	1	484	215	4	0	G
F8_BC68_191109_LF_LIB_consensus_vsearch	3081	T	*/+G	659	16	2.26%	2	2	93	93	1.3946552470363115E-5	1	1	449	210	14	2	+G
F8_BC68_191109_LF_LIB_consensus_vsearch	3082	G	*/-A	650	33	4.67%	2	2	93	93	7.834910207962099E-11	1	1	436	214	31	2	-A
F8_BC68_191109_LF_LIB_consensus_vsearch	3083	A	*/+G	158	313	46.17%	2	2	93	93	3.5455348110703474E-130	1	1	134	24	131	182	+G
F8_BC68_191109_LF_LIB_consensus_vsearch	3084	G	K	565	8	1.37%	2	1	93	93	0.0038113516821029324	1	1	350	215	8	0	T
F8_BC68_191109_LF_LIB_consensus_vsearch	3085	G	G	580	5	0.84%	2	1	93	93	0.030983021104337604	1	1	368	212	5	0	-A
F8_BC68_191109_LF_LIB_consensus_vsearch	3086	A	R	573	11	1.87%	2	2	93	93	4.656222726659411E-4	1	1	364	209	5	6	G
F8_BC68_191109_LF_LIB_consensus_vsearch	3087	A	A	699	5	0.71%	2	2	93	93	0.031028133354538395	1	1	486	213	3	2	G
F8_BC68_191109_LF_LIB_consensus_vsearch	3088	A	R	687	13	1.83%	2	1	93	93	1.1539721756013441E-4	1	1	472	215	13	0	G
F8_BC68_191109_LF_LIB_consensus_vsearch	3089	C	Y	688	8	1.13%	2	2	93	93	0.0038280434768544216	1	1	480	208	4	4	T
F8_BC68_191109_LF_LIB_consensus_vsearch	3090	G	R	647	53	7.53%	2	2	93	93	3.991842046066109E-17	1	1	437	210	52	1	A
F8_BC68_191109_LF_LIB_consensus_vsearch	3091	G	G	705	2	0.28%	2	1	93	93	0.24982307147908459	1	1	493	212	0	2	A
F8_BC68_191109_LF_LIB_consensus_vsearch	3092	C	C	690	6	0.85%	2	1	93	93	0.015456869940904113	1	1	482	208	0	6	T
F8_BC68_191109_LF_LIB_consensus_vsearch	3093	G	*/-C	686	10	1.42%	2	2	93	93	9.452871770742829E-4	1	1	476	210	8	2	-C
F8_BC68_191109_LF_LIB_consensus_vsearch	3094	C	C	688	4	0.57%	2	2	93	93	0.06222894849693128	1	1	476	212	3	1	T
F8_BC68_191109_LF_LIB_consensus_vsearch	3095	C	*/-A	646	40	5.63%	2	2	93	93	5.064561038866064E-13	1	1	446	200	39	1	-A
F8_BC68_191109_LF_LIB_consensus_vsearch	3096	A	A	665	6	0.89%	2	1	93	93	0.015450615198453518	1	1	449	216	6	0	G
F8_BC68_191109_LF_LIB_consensus_vsearch	3097	A	*/-C	636	39	5.48%	2	2	93	93	1.0337552921629723E-12	1	1	426	210	36	3	-C
F8_BC68_191109_LF_LIB_consensus_vsearch	3098	C	S	617	41	6.11%	2	1	93	93	2.3906820646785903E-13	1	1	410	207	41	0	G
F8_BC68_191109_LF_LIB_consensus_vsearch	3099	C	*/-TT	585	73	10.28%	2	2	93	93	1.2777807372300368E-23	1	1	398	187	72	1	-TT
F8_BC68_191109_LF_LIB_consensus_vsearch	3100	T	Y	591	10	1.64%	2	2	93	93	9.403973623913355E-4	1	1	389	202	9	1	C
F8_BC68_191109_LF_LIB_consensus_vsearch	3101	T	Y	579	30	4.71%	2	2	93	93	6.458456933889112E-10	1	1	382	197	27	3	C
F8_BC68_191109_LF_LIB_consensus_vsearch	3102	G	R	617	63	9.12%	2	2	93	93	2.4052282478628252E-20	1	1	422	195	62	1	A
F8_BC68_191109_LF_LIB_consensus_vsearch	3103	G	R	689	17	2.39%	2	2	93	93	6.9209297896314585E-6	1	1	476	213	15	2	A
F8_BC68_191109_LF_LIB_consensus_vsearch	3104	G	R	700	7	0.98%	2	2	93	93	0.00769680180962235	1	1	487	213	6	1	A
F8_BC68_191109_LF_LIB_consensus_vsearch	3105	T	Y	688	11	1.54%	2	2	93	93	4.6930438187799145E-4	1	1	482	206	4	7	C
F8_BC68_191109_LF_LIB_consensus_vsearch	3106	C	C	700	6	0.84%	2	1	93	93	0.015459247984384758	1	1	485	215	6	0	-TC
F8_BC68_191109_LF_LIB_consensus_vsearch	3107	T	*/+C	672	10	1.42%	2	1	93	93	9.44651327595617E-4	1	1	466	206	10	0	+C
F8_BC68_191109_LF_LIB_consensus_vsearch	3108	C	C	689	3	0.43%	2	2	93	93	0.12472885032536499	1	1	482	207	1	2	T
F8_BC68_191109_LF_LIB_consensus_vsearch	3109	G	R	675	30	4.23%	2	1	93	93	6.795824314942773E-10	1	1	461	214	30	0	A
F8_BC68_191109_LF_LIB_consensus_vsearch	3110	G	G	706	3	0.42%	2	2	93	93	0.12473535638698469	1	1	493	213	2	1	A
F8_BC68_191109_LF_LIB_consensus_vsearch	3111	T	T	701	4	0.56%	2	2	93	93	0.06223394837614865	1	1	489	212	1	3	C
F8_BC68_191109_LF_LIB_consensus_vsearch	3112	C	C	703	4	0.56%	2	2	93	93	0.06223470126280326	1	1	489	214	2	2	-T
F8_BC68_191109_LF_LIB_consensus_vsearch	3113	T	*/-C	676	18	2.55%	2	2	93	93	3.4117324188074714E-6	1	1	481	195	2	16	-C
F8_BC68_191109_LF_LIB_consensus_vsearch	3114	C	*/-G	665	13	1.88%	2	2	93	93	1.1518494678179604E-4	1	1	473	192	12	1	-G
F8_BC68_191109_LF_LIB_consensus_vsearch	3115	G	G	680	5	0.71%	2	2	93	93	0.031021981668500974	1	1	477	203	2	3	A
F8_BC68_191109_LF_LIB_consensus_vsearch	3116	C	*/+T	676	12	1.7%	2	1	93	93	2.3261261192221447E-4	1	1	478	198	0	12	+T
F8_BC68_191109_LF_LIB_consensus_vsearch	3117	T	*/-C	687	9	1.27%	2	2	93	93	0.0019029580289553435	1	1	484	203	1	8	-C
F8_BC68_191109_LF_LIB_consensus_vsearch	3118	C	C	688	3	0.43%	2	1	93	93	0.12472845763924613	1	1	485	203	3	0	+TC
F8_BC68_191109_LF_LIB_consensus_vsearch	3119	G	G	699	5	0.71%	2	2	93	93	0.031028133354538395	1	1	486	213	3	2	A
F8_BC68_191109_LF_LIB_consensus_vsearch	3120	T	T	703	6	0.85%	2	2	93	93	0.015459948335160068	1	1	492	211	1	5	C
F8_BC68_191109_LF_LIB_consensus_vsearch	3121	T	T	701	6	0.85%	2	2	93	93	0.015459482094033763	1	1	489	212	3	3	C
F8_BC68_191109_LF_LIB_consensus_vsearch	3122	A	A	703	6	0.84%	2	2	93	93	0.015459948335160068	1	1	490	213	4	2	G
F8_BC68_191109_LF_LIB_consensus_vsearch	3123	T	*/+C	677	23	3.24%	2	1	93	93	9.920679230736577E-8	1	1	463	214	23	0	+C
F8_BC68_191109_LF_LIB_consensus_vsearch	3124	C	*/-G	679	19	2.67%	2	2	93	93	1.6846746908355057E-6	1	1	471	208	12	7	-G
F8_BC68_191109_LF_LIB_consensus_vsearch	3125	G	R	680	8	1.15%	2	1	93	93	0.0038271384280311226	1	1	472	208	8	0	A
F8_BC68_191109_LF_LIB_consensus_vsearch	3126	G	*/-A	698	9	1.26%	2	2	93	93	0.0019037332770426652	1	1	484	214	8	1	-A
F8_BC68_191109_LF_LIB_consensus_vsearch	3127	A	A	699	4	0.57%	2	2	93	93	0.062233191204189284	1	1	485	214	2	2	G
F8_BC68_191109_LF_LIB_consensus_vsearch	3128	A	A	706	4	0.56%	2	1	93	93	0.0622358226367427	1	1	490	216	4	0	G
F8_BC68_191109_LF_LIB_consensus_vsearch	3129	T	T	699	6	0.84%	2	2	93	93	0.01545901321150471	1	1	487	212	4	2	+C
F8_BC68_191109_LF_LIB_consensus_vsearch	3130	C	C	699	4	0.56%	2	1	93	93	0.062233191204189284	1	1	490	209	0	4	+A
F8_BC68_191109_LF_LIB_consensus_vsearch	3131	A	A	704	4	0.56%	2	2	93	93	0.06223507611041307	1	1	489	215	3	1	G
F8_BC68_191109_LF_LIB_consensus_vsearch	3132	A	R	683	12	1.68%	2	2	93	93	2.3272691203554888E-4	1	1	473	210	11	1	G
F8_BC68_191109_LF_LIB_consensus_vsearch	3133	C	C	692	6	0.85%	2	2	93	93	0.015457350992753744	1	1	481	211	3	3	T
F8_BC68_191109_LF_LIB_consensus_vsearch	3134	C	C	697	4	0.56%	2	2	93	93	0.06223242971040495	1	1	485	212	3	1	G
F8_BC68_191109_LF_LIB_consensus_vsearch	3135	A	*/-G	696	7	0.98%	2	1	93	93	0.007696145385976602	1	1	483	213	7	0	-G
F8_BC68_191109_LF_LIB_consensus_vsearch	3136	G	G	704	2	0.28%	2	1	93	93	0.24982282069449002	1	1	487	217	2	0	+A
F8_BC68_191109_LF_LIB_consensus_vsearch	3137	A	*/+C	689	15	2.1%	2	2	93	93	2.8302543093183694E-5	1	1	474	215	14	1	+C
F8_BC68_191109_LF_LIB_consensus_vsearch	3138	C	*/-A	681	16	2.25%	2	1	93	93	1.3986641638276495E-5	1	1	466	215	16	0	-A
F8_BC68_191109_LF_LIB_consensus_vsearch	3139	A	A	681	5	0.72%	2	1	93	93	0.03102231393388721	1	1	468	213	5	0	C
F8_BC68_191109_LF_LIB_consensus_vsearch	3140	A	M	692	8	1.13%	2	1	93	93	0.0038284882802459928	1	1	478	214	8	0	C
F8_BC68_191109_LF_LIB_consensus_vsearch	3141	G	G	700	3	0.43%	2	1	93	93	0.12473309608558197	1	1	485	215	3	0	A
F8_BC68_191109_LF_LIB_consensus_vsearch	3142	T	T	701	5	0.7%	2	2	93	93	0.03102876164621499	1	1	487	214	4	1	C
F8_BC68_191109_LF_LIB_consensus_vsearch	3143	C	C	701	2	0.28%	2	1	93	93	0.24982206405609253	1	1	491	210	0	2	+A
F8_BC68_191109_LF_LIB_consensus_vsearch	3144	A	*/-C	586	104	14.65%	2	2	93	93	7.390014048417386E-34	1	1	379	207	103	1	-C
F8_BC68_191109_LF_LIB_consensus_vsearch	3145	C	*/+T	581	17	2.82%	2	2	93	93	6.7984976718225545E-6	1	1	387	194	1	16	+T
F8_BC68_191109_LF_LIB_consensus_vsearch	3146	C	C	700	4	0.57%	2	2	93	93	0.06223357032831275	1	1	490	210	1	3	T
F8_BC68_191109_LF_LIB_consensus_vsearch	3147	C	Y	692	7	0.98%	2	2	93	93	0.007695481471345102	1	1	486	206	3	4	T
F8_BC68_191109_LF_LIB_consensus_vsearch	3148	C	M	684	9	1.26%	2	1	93	93	0.0019027423560483373	1	1	478	206	0	9	A
F8_BC68_191109_LF_LIB_consensus_vsearch	3149	A	A	689	5	0.71%	2	1	93	93	0.031024937597504795	1	1	479	210	0	5	+T
F8_BC68_191109_LF_LIB_consensus_vsearch	3150	C	Y	675	18	2.55%	2	2	93	93	3.41117578142527E-6	1	1	472	203	7	11	T
F8_BC68_191109_LF_LIB_consensus_vsearch	3151	G	*/-A	702	9	1.26%	2	2	93	93	0.0019040092783372587	1	1	487	215	8	1	-A
F8_BC68_191109_LF_LIB_consensus_vsearch	3152	A	A	696	5	0.71%	2	1	93	93	0.03102718419759366	1	1	481	215	5	0	G
F8_BC68_191109_LF_LIB_consensus_vsearch	3153	A	A	694	5	0.7%	2	1	93	93	0.031026546901622466	1	1	484	210	5	0	-C
F8_BC68_191109_LF_LIB_consensus_vsearch	3154	C	*/-T	696	7	0.99%	2	2	93	93	0.007696145385976602	1	1	480	216	6	1	-T
F8_BC68_191109_LF_LIB_consensus_vsearch	3155	T	Y	650	25	3.56%	2	2	93	93	2.3765709977414372E-8	1	1	454	196	7	18	C
F8_BC68_191109_LF_LIB_consensus_vsearch	3156	A	A	694	3	0.43%	2	2	93	93	0.12473079684146932	1	1	479	215	2	1	G
F8_BC68_191109_LF_LIB_consensus_vsearch	3157	A	A	706	3	0.42%	2	1	93	93	0.12473535638698469	1	1	491	215	3	0	-G
F8_BC68_191109_LF_LIB_consensus_vsearch	3158	G	*/-A	695	9	1.27%	2	1	93	93	0.0019035242319234804	1	1	482	213	9	0	-A
F8_BC68_191109_LF_LIB_consensus_vsearch	3159	A	A	700	4	0.57%	2	2	93	93	0.06223357032831275	1	1	485	215	2	2	G
F8_BC68_191109_LF_LIB_consensus_vsearch	3160	A	R	698	7	0.98%	2	2	93	93	0.007696474526240225	1	1	485	213	6	1	G
F8_BC68_191109_LF_LIB_consensus_vsearch	3161	C	*/-G	673	14	1.97%	2	2	93	93	5.7086163633485554E-5	1	1	465	208	12	2	-G
F8_BC68_191109_LF_LIB_consensus_vsearch	3162	G	R	671	13	1.86%	2	2	93	93	1.152441662388416E-4	1	1	460	211	12	1	A
F8_BC68_191109_LF_LIB_consensus_vsearch	3163	G	R	676	16	2.24%	2	2	93	93	1.3977746915028406E-5	1	1	461	215	15	1	A
F8_BC68_191109_LF_LIB_consensus_vsearch	3164	C	Y	683	9	1.29%	2	2	93	93	0.0019026700524163046	1	1	475	208	4	5	T
F8_BC68_191109_LF_LIB_consensus_vsearch	3165	C	Y	662	35	4.94%	2	2	93	93	1.8786940489784577E-11	1	1	473	189	8	27	T
F8_BC68_191109_LF_LIB_consensus_vsearch	3166	A	R	686	10	1.42%	2	1	93	93	9.452871770742829E-4	1	1	471	215	10	0	G
F8_BC68_191109_LF_LIB_consensus_vsearch	3167	T	*/-GC	678	17	2.4%	2	2	93	93	6.910133880205389E-6	1	1	467	211	15	2	-GC
F8_BC68_191109_LF_LIB_consensus_vsearch	3168	G	R	666	16	2.32%	2	2	93	93	1.3959579282431563E-5	1	1	457	209	15	1	A
F8_BC68_191109_LF_LIB_consensus_vsearch	3169	C	*/-AC	652	28	4.05%	2	1	93	93	2.8051230012091987E-9	1	1	445	207	28	0	-AC
F8_BC68_191109_LF_LIB_consensus_vsearch	3170	A	A	666	4	0.59%	2	2	93	93	0.0622200449883201	1	1	457	209	2	2	-C
F8_BC68_191109_LF_LIB_consensus_vsearch	3171	C	C	664	3	0.45%	2	1	93	93	0.12471867967010805	1	1	457	207	3	0	+AC
F8_BC68_191109_LF_LIB_consensus_vsearch	3172	C	Y	695	7	0.99%	2	2	93	93	0.007695980114598385	1	1	489	206	3	4	T
F8_BC68_191109_LF_LIB_consensus_vsearch	3173	A	A	699	4	0.56%	2	1	93	93	0.062233191204189284	1	1	485	214	4	0	-C
F8_BC68_191109_LF_LIB_consensus_vsearch	3174	C	C	697	4	0.57%	2	2	93	93	0.06223242971040495	1	1	487	210	1	3	T
F8_BC68_191109_LF_LIB_consensus_vsearch	3175	C	*/-ACC	682	15	2.11%	2	2	93	93	2.8280907359597763E-5	1	1	474	208	13	2	-ACC
F8_BC68_191109_LF_LIB_consensus_vsearch	3176	A	*/-C	662	22	3.17%	2	2	93	93	2.0083119232473455E-7	1	1	457	205	12	10	-C
F8_BC68_191109_LF_LIB_consensus_vsearch	3177	C	*/+T	657	7	1.05%	2	2	93	93	0.007689332054127551	1	1	460	197	1	6	+T
F8_BC68_191109_LF_LIB_consensus_vsearch	3178	C	C	681	5	0.72%	2	2	93	93	0.03102231393388721	1	1	470	211	2	3	T
F8_BC68_191109_LF_LIB_consensus_vsearch	3179	C	Y	683	13	1.83%	2	2	93	93	1.1535960161590476E-4	1	1	479	204	2	11	T
F8_BC68_191109_LF_LIB_consensus_vsearch	3180	A	A	681	6	0.85%	2	2	93	93	0.015454670597796	1	1	468	213	4	2	G
F8_BC68_191109_LF_LIB_consensus_vsearch	3181	T	T	690	6	0.85%	2	2	93	93	0.015456869940904113	1	1	476	214	4	2	C
F8_BC68_191109_LF_LIB_consensus_vsearch	3182	G	*/+TG	690	9	1.27%	2	1	93	93	0.0019031718633756593	1	1	474	216	9	0	+TG
F8_BC68_191109_LF_LIB_consensus_vsearch	3183	A	*/-GA	682	16	2.27%	2	2	93	93	1.3988405790785406E-5	1	1	480	202	1	15	-GA
F8_BC68_191109_LF_LIB_consensus_vsearch	3184	G	G	690	4	0.58%	2	1	93	93	0.0622297299056776	1	1	488	202	4	0	-A
F8_BC68_191109_LF_LIB_consensus_vsearch	3185	A	A	685	5	0.72%	2	1	93	93	0.0310236333677177	1	1	485	200	5	0	G
F8_BC68_191109_LF_LIB_consensus_vsearch	3186	T	T	705	3	0.42%	2	1	93	93	0.12473498233245997	1	1	490	215	3	0	+C
F8_BC68_191109_LF_LIB_consensus_vsearch	3187	C	C	694	6	0.84%	2	1	93	93	0.015457829299773128	1	1	482	212	6	0	-A
F8_BC68_191109_LF_LIB_consensus_vsearch	3188	A	A	687	5	0.71%	2	1	93	93	0.031024287366540265	1	1	480	207	0	5	+G
F8_BC68_191109_LF_LIB_consensus_vsearch	3189	T	Y	692	8	1.13%	2	2	93	93	0.0038284882802459928	1	1	482	210	4	4	C
F8_BC68_191109_LF_LIB_consensus_vsearch	3190	G	*/-A	649	40	5.61%	2	1	93	93	5.077873613362963E-13	1	1	435	214	40	0	-A
F8_BC68_191109_LF_LIB_consensus_vsearch	3191	A	A	663	2	0.3%	2	1	93	93	0.24981188863816364	1	1	447	216	2	0	+G
F8_BC68_191109_LF_LIB_consensus_vsearch	3192	A	A	705	3	0.42%	2	1	93	93	0.12473498233245997	1	1	489	216	3	0	+G
F8_BC68_191109_LF_LIB_consensus_vsearch	3193	A	R	695	10	1.4%	2	2	93	93	9.456827270018123E-4	1	1	483	212	7	3	G
F8_BC68_191109_LF_LIB_consensus_vsearch	3194	G	G	702	5	0.71%	2	2	93	93	0.031029074459554294	1	1	486	216	4	1	-A
F8_BC68_191109_LF_LIB_consensus_vsearch	3195	A	A	699	5	0.71%	2	2	93	93	0.031028133354538395	1	1	486	213	4	1	G
F8_BC68_191109_LF_LIB_consensus_vsearch	3196	T	*/+C	701	8	1.12%	2	1	93	93	0.003829470822680027	1	1	486	215	8	0	+C
F8_BC68_191109_LF_LIB_consensus_vsearch	3197	C	C	701	5	0.7%	2	2	93	93	0.03102876164621499	1	1	488	213	2	3	-T
F8_BC68_191109_LF_LIB_consensus_vsearch	3198	T	*/+G	683	12	1.7%	2	2	93	93	2.3272691203554888E-4	1	1	485	198	3	9	+G
F8_BC68_191109_LF_LIB_consensus_vsearch	3199	G	G	699	5	0.7%	2	2	93	93	0.031028133354538395	1	1	485	214	4	1	A
F8_BC68_191109_LF_LIB_consensus_vsearch	3200	T	Y	694	10	1.4%	2	2	93	93	9.456392717556314E-4	1	1	482	212	6	4	C
F8_BC68_191109_LF_LIB_consensus_vsearch	3201	C	C	705	1	0.14%	2	1	93	93	0.4999999999990043	1	1	492	213	1	0	+G
F8_BC68_191109_LF_LIB_consensus_vsearch	3202	A	R	684	21	2.96%	2	2	93	93	4.0995036176951284E-7	1	1	483	201	10	11	G
F8_BC68_191109_LF_LIB_consensus_vsearch	3203	T	Y	685	13	1.83%	2	2	93	93	1.1537846243535248E-4	1	1	482	203	4	9	C
F8_BC68_191109_LF_LIB_consensus_vsearch	3204	G	*/+T	686	9	1.27%	2	1	93	93	0.001902886343431154	1	1	482	204	0	9	+T
F8_BC68_191109_LF_LIB_consensus_vsearch	3205	T	T	695	4	0.57%	2	1	93	93	0.06223166385714614	1	1	483	212	4	0	+C
F8_BC68_191109_LF_LIB_consensus_vsearch	3206	C	*/-T	692	12	1.69%	2	2	93	93	2.3287058136907908E-4	1	1	485	207	4	8	-T
F8_BC68_191109_LF_LIB_consensus_vsearch	3207	T	T	679	5	0.72%	2	2	93	93	0.031021648432048188	1	1	481	198	3	2	C
F8_BC68_191109_LF_LIB_consensus_vsearch	3208	G	R	694	14	1.97%	2	2	93	93	5.720062942625045E-5	1	1	481	213	12	2	A
F8_BC68_191109_LF_LIB_consensus_vsearch	3209	T	Y	685	10	1.41%	2	2	93	93	9.452426007191464E-4	1	1	475	210	8	2	C
F8_BC68_191109_LF_LIB_consensus_vsearch	3210	C	C	696	5	0.71%	2	2	93	93	0.03102718419759366	1	1	485	211	3	2	+A
F8_BC68_191109_LF_LIB_consensus_vsearch	3211	A	R	702	7	0.99%	2	2	93	93	0.007697127251846029	1	1	489	213	5	2	G
F8_BC68_191109_LF_LIB_consensus_vsearch	3212	A	A	700	5	0.7%	2	1	93	93	0.031028447945850964	1	1	491	209	0	5	-T
F8_BC68_191109_LF_LIB_consensus_vsearch	3213	T	*/-C	547	88	12.45%	2	2	93	93	1.2652395186027334E-28	1	1	340	207	86	2	-C
F8_BC68_191109_LF_LIB_consensus_vsearch	3214	C	C	616	2	0.32%	2	1	93	93	0.24979757084992038	1	1	405	211	0	2	+T
F8_BC68_191109_LF_LIB_consensus_vsearch	3215	C	C	696	5	0.7%	2	2	93	93	0.03102718419759366	1	1	489	207	3	2	-T
F8_BC68_191109_LF_LIB_consensus_vsearch	3216	T	T	692	4	0.57%	2	2	93	93	0.062230506821500255	1	1	484	208	2	2	C
F8_BC68_191109_LF_LIB_consensus_vsearch	3217	A	A	701	3	0.42%	2	2	93	93	0.12473347547949812	1	1	488	213	2	1	G
F8_BC68_191109_LF_LIB_consensus_vsearch	3218	A	A	707	6	0.84%	2	2	93	93	0.015460872981509347	1	1	491	216	5	1	G
F8_BC68_191109_LF_LIB_consensus_vsearch	3219	T	Y	701	7	0.98%	2	2	93	93	0.007696964759941648	1	1	490	211	1	6	C
F8_BC68_191109_LF_LIB_consensus_vsearch	3220	C	C	706	1	0.14%	2	1	93	93	0.4999999999990043	1	1	489	217	1	0	+TT
F8_BC68_191109_LF_LIB_consensus_vsearch	3221	A	A	704	6	0.84%	2	2	93	93	0.015460180472089387	1	1	489	215	5	1	G
F8_BC68_191109_LF_LIB_consensus_vsearch	3222	T	T	702	5	0.7%	2	2	93	93	0.031029074459554294	1	1	488	214	4	1	C
F8_BC68_191109_LF_LIB_consensus_vsearch	3223	G	G	707	2	0.28%	2	2	93	93	0.24982357092413102	1	1	492	215	1	1	A
F8_BC68_191109_LF_LIB_consensus_vsearch	3224	T	*/-C	686	15	2.11%	2	1	93	93	2.8293322078510216E-5	1	1	474	212	15	0	-C
F8_BC68_191109_LF_LIB_consensus_vsearch	3225	C	C	690	2	0.29%	2	1	93	93	0.249819233550139	1	1	474	216	2	0	+A
F8_BC68_191109_LF_LIB_consensus_vsearch	3226	C	C	695	5	0.7%	2	2	93	93	0.031026866004720807	1	1	483	212	3	2	-T
F8_BC68_191109_LF_LIB_consensus_vsearch	3227	T	Y	676	24	3.42%	2	2	93	93	4.8774871744436744E-8	1	1	485	191	2	22	C
F8_BC68_191109_LF_LIB_consensus_vsearch	3228	G	*/-C	644	38	5.36%	2	2	93	93	2.1412540318471546E-12	1	1	436	208	36	2	-C
F8_BC68_191109_LF_LIB_consensus_vsearch	3229	C	C	656	5	0.75%	2	1	93	93	0.031013705815981337	1	1	447	209	0	5	+T
F8_BC68_191109_LF_LIB_consensus_vsearch	3230	C	C	702	3	0.42%	2	1	93	93	0.12473385379729661	1	1	486	216	3	0	T
F8_BC68_191109_LF_LIB_consensus_vsearch	3231	C	C	705	6	0.84%	2	2	93	93	0.015460411956916664	1	1	491	214	3	3	-T
F8_BC68_191109_LF_LIB_consensus_vsearch	3232	T	*/-G	669	15	2.12%	2	2	93	93	2.8239585220290744E-5	1	1	482	187	2	13	-G
F8_BC68_191109_LF_LIB_consensus_vsearch	3233	G	*/+A	666	16	2.3%	2	1	93	93	1.3959579282431563E-5	1	1	466	200	16	0	+A
F8_BC68_191109_LF_LIB_consensus_vsearch	3234	G	G	699	6	0.84%	2	2	93	93	0.01545901321150471	1	1	487	212	5	1	T
F8_BC68_191109_LF_LIB_consensus_vsearch	3235	T	*/+A	671	18	2.54%	2	1	93	93	3.408933784938855E-6	1	1	467	204	18	0	+A
F8_BC68_191109_LF_LIB_consensus_vsearch	3236	G	*/-A	685	16	2.25%	2	1	93	93	1.399366903089498E-5	1	1	470	215	16	0	-A
F8_BC68_191109_LF_LIB_consensus_vsearch	3237	A	*/+G	667	12	1.72%	2	1	93	93	2.3246224759388483E-4	1	1	451	216	12	0	+G
F8_BC68_191109_LF_LIB_consensus_vsearch	3238	G	G	697	4	0.57%	2	1	93	93	0.06223242971040495	1	1	487	210	0	4	-C
F8_BC68_191109_LF_LIB_consensus_vsearch	3239	C	*/-T	691	9	1.27%	2	2	93	93	0.0019032427370135523	1	1	487	204	3	6	-T
F8_BC68_191109_LF_LIB_consensus_vsearch	3240	T	T	694	6	0.85%	2	2	93	93	0.015457829299773128	1	1	490	204	2	4	C
F8_BC68_191109_LF_LIB_consensus_vsearch	3241	T	*/-C	522	155	21.77%	2	2	93	93	1.016487549365121E-51	1	1	399	123	83	72	-C
F8_BC68_191109_LF_LIB_consensus_vsearch	3242	C	C	545	3	0.55%	2	1	93	93	0.12465753424651009	1	1	406	139	0	3	T
F8_BC68_191109_LF_LIB_consensus_vsearch	3243	C	C	698	4	0.57%	2	2	93	93	0.06223281099972274	1	1	487	211	1	3	T
F8_BC68_191109_LF_LIB_consensus_vsearch	3244	C	C	703	3	0.42%	2	1	93	93	0.12473423104214414	1	1	493	210	0	3	T
F8_BC68_191109_LF_LIB_consensus_vsearch	3245	C	Y	687	13	1.83%	2	2	93	93	1.1539721756013441E-4	1	1	489	198	1	12	T
F8_BC68_191109_LF_LIB_consensus_vsearch	3246	G	R	691	9	1.26%	2	2	93	93	0.0019032427370135523	1	1	485	206	5	4	A
F8_BC68_191109_LF_LIB_consensus_vsearch	3247	T	W	687	10	1.41%	2	2	93	93	9.453316267322512E-4	1	1	485	202	1	9	A
F8_BC68_191109_LF_LIB_consensus_vsearch	3248	G	G	697	4	0.57%	2	2	93	93	0.06223242971040495	1	1	485	212	3	1	+T
F8_BC68_191109_LF_LIB_consensus_vsearch	3249	T	Y	686	17	2.41%	2	2	93	93	6.918017697409913E-6	1	1	486	200	2	15	C
F8_BC68_191109_LF_LIB_consensus_vsearch	3250	T	*/+G	672	18	2.53%	2	2	93	93	3.4094966139286535E-6	1	1	464	208	13	5	+G
F8_BC68_191109_LF_LIB_consensus_vsearch	3251	G	G	694	6	0.85%	2	1	93	93	0.015457829299773128	1	1	478	216	6	0	-A
F8_BC68_191109_LF_LIB_consensus_vsearch	3252	A	*/+G	671	19	2.69%	2	1	93	93	1.6822185936618268E-6	1	1	457	214	19	0	+G
F8_BC68_191109_LF_LIB_consensus_vsearch	3253	G	G	706	1	0.14%	2	1	93	93	0.4999999999990043	1	1	492	214	1	0	+A
F8_BC68_191109_LF_LIB_consensus_vsearch	3254	T	T	700	5	0.71%	2	1	93	93	0.031028447945850964	1	1	487	213	5	0	+C
F8_BC68_191109_LF_LIB_consensus_vsearch	3255	C	*/-A	657	30	4.23%	2	2	93	93	6.738714981009621E-10	1	1	472	185	13	17	-A
F8_BC68_191109_LF_LIB_consensus_vsearch	3256	A	*/+G	643	15	2.25%	2	1	93	93	2.815218725369913E-5	1	1	461	182	15	0	+G
F8_BC68_191109_LF_LIB_consensus_vsearch	3257	A	R	686	10	1.43%	2	2	93	93	9.452871770742829E-4	1	1	486	200	7	3	G
F8_BC68_191109_LF_LIB_consensus_vsearch	3258	A	R	674	16	2.25%	2	2	93	93	1.397415412378021E-5	1	1	473	201	13	3	G
F8_BC68_191109_LF_LIB_consensus_vsearch	3259	T	Y	670	15	2.15%	2	2	93	93	2.8242817949740967E-5	1	1	473	197	2	13	C
F8_BC68_191109_LF_LIB_consensus_vsearch	3260	T	*/-AA	597	76	10.7%	2	2	93	93	1.4025940869109493E-24	1	1	472	125	1	75	-AA
F8_BC68_191109_LF_LIB_consensus_vsearch	3261	A	M	607	12	1.92%	2	2	93	93	2.313500552075147E-4	1	1	477	130	7	5	C
F8_BC68_191109_LF_LIB_consensus_vsearch	3262	A	R	612	8	1.26%	2	2	93	93	0.0038185075246258285	1	1	477	135	7	1	G
F8_BC68_191109_LF_LIB_consensus_vsearch	3263	G	R	654	25	3.55%	2	1	93	93	2.37980066476237E-8	1	1	444	210	25	0	A
F8_BC68_191109_LF_LIB_consensus_vsearch	3264	C	C	693	4	0.57%	2	1	93	93	0.06223089360699252	1	1	486	207	4	0	A
F8_BC68_191109_LF_LIB_consensus_vsearch	3265	C	Y	641	20	2.81%	2	2	93	93	8.242249420151174E-7	1	1	442	199	6	14	T
F8_BC68_191109_LF_LIB_consensus_vsearch	3266	G	S	640	30	4.23%	2	1	93	93	6.682372937171756E-10	1	1	429	211	30	0	C
F8_BC68_191109_LF_LIB_consensus_vsearch	3267	C	C	682	5	0.72%	2	2	93	93	0.031022645232238563	1	1	470	212	4	1	G
F8_BC68_191109_LF_LIB_consensus_vsearch	3268	A	R	668	18	2.57%	2	1	93	93	3.407235887724633E-6	1	1	457	211	18	0	G
F8_BC68_191109_LF_LIB_consensus_vsearch	3269	G	G	693	4	0.57%	2	1	93	93	0.06223089360699252	1	1	481	212	4	0	+A
F8_BC68_191109_LF_LIB_consensus_vsearch	3270	G	G	700	5	0.7%	2	1	93	93	0.031028447945850964	1	1	488	212	5	0	A
F8_BC68_191109_LF_LIB_consensus_vsearch	3271	C	*/-T	698	7	0.98%	2	2	93	93	0.007696474526240225	1	1	495	203	1	6	-T
F8_BC68_191109_LF_LIB_consensus_vsearch	3272	T	*/+C	681	13	1.84%	2	2	93	93	1.1534063420715205E-4	1	1	475	206	12	1	+C
F8_BC68_191109_LF_LIB_consensus_vsearch	3273	C	C	696	2	0.28%	2	1	93	93	0.24982078853023015	1	1	483	213	2	0	+TC
F8_BC68_191109_LF_LIB_consensus_vsearch	3274	C	*/-AC	622	84	11.78%	2	1	93	93	3.742269761396939E-27	1	1	408	214	84	0	-AC
F8_BC68_191109_LF_LIB_consensus_vsearch	3275	A	A	613	6	0.96%	2	1	93	93	0.015435989634615751	1	1	397	216	6	0	G
F8_BC68_191109_LF_LIB_consensus_vsearch	3276	C	*/-GC	608	7	1.12%	2	1	93	93	0.007679550858895406	1	1	396	212	7	0	-GC
F8_BC68_191109_LF_LIB_consensus_vsearch	3277	G	*/+C	677	9	1.28%	2	1	93	93	0.001902231834999292	1	1	461	216	9	0	+C
F8_BC68_191109_LF_LIB_consensus_vsearch	3278	C	C	690	3	0.43%	2	2	93	93	0.12472924187740676	1	1	477	213	1	2	+T
F8_BC68_191109_LF_LIB_consensus_vsearch	3279	C	C	704	3	0.42%	2	1	93	93	0.12473460721856874	1	1	489	215	3	0	-T
F8_BC68_191109_LF_LIB_consensus_vsearch	3280	T	Y	692	12	1.69%	2	2	93	93	2.3287058136907908E-4	1	1	491	201	2	10	C
F8_BC68_191109_LF_LIB_consensus_vsearch	3281	G	R	639	63	8.9%	2	2	93	93	2.5270928478891972E-20	1	1	430	209	61	2	A
F8_BC68_191109_LF_LIB_consensus_vsearch	3282	G	*/-T	682	12	1.69%	2	1	93	93	2.3271072238938135E-4	1	1	468	214	12	0	-T
F8_BC68_191109_LF_LIB_consensus_vsearch	3283	T	Y	673	20	2.86%	2	2	93	93	8.298759084023598E-7	1	1	473	200	4	16	C
F8_BC68_191109_LF_LIB_consensus_vsearch	3284	T	*/+A	664	39	5.48%	2	1	93	93	1.057962445341853E-12	1	1	451	213	39	0	+A
F8_BC68_191109_LF_LIB_consensus_vsearch	3285	G	K	655	39	5.5%	2	1	93	93	1.0503404989407444E-12	1	1	442	213	39	0	T
F8_BC68_191109_LF_LIB_consensus_vsearch	3286	T	Y	692	8	1.13%	2	2	93	93	0.0038284882802459928	1	1	483	209	4	4	C
F8_BC68_191109_LF_LIB_consensus_vsearch	3287	G	*/-C	636	41	5.82%	2	2	93	93	2.435584323371692E-13	1	1	443	193	33	8	-C
F8_BC68_191109_LF_LIB_consensus_vsearch	3288	C	*/+T	649	13	1.95%	2	2	93	93	1.1502188739462001E-4	1	1	453	196	1	12	+T
F8_BC68_191109_LF_LIB_consensus_vsearch	3289	C	*/+T	687	15	2.12%	2	1	93	93	2.829640426446843E-5	1	1	489	198	0	15	+T
F8_BC68_191109_LF_LIB_consensus_vsearch	3290	C	*/+T	682	8	1.12%	2	2	93	93	0.0038273666483378274	1	1	479	203	1	7	+T
F8_BC68_191109_LF_LIB_consensus_vsearch	3291	T	T	693	4	0.57%	2	1	93	93	0.06223089360699252	1	1	487	206	0	4	+CT
F8_BC68_191109_LF_LIB_consensus_vsearch	3292	T	*/+C	680	11	1.55%	2	2	93	93	4.6908740151385334E-4	1	1	477	203	7	4	+C
F8_BC68_191109_LF_LIB_consensus_vsearch	3293	C	C	692	2	0.29%	2	1	93	93	0.24981975486690114	1	1	484	208	2	0	+A
F8_BC68_191109_LF_LIB_consensus_vsearch	3294	C	C	701	4	0.56%	2	1	93	93	0.06223394837614865	1	1	488	213	4	0	A
F8_BC68_191109_LF_LIB_consensus_vsearch	3295	G	R	702	9	1.26%	2	2	93	93	0.0019040092783372587	1	1	487	215	8	1	A
F8_BC68_191109_LF_LIB_consensus_vsearch	3296	T	*/+C	694	13	1.83%	2	1	93	93	1.1546204085337487E-4	1	1	478	216	13	0	+C
F8_BC68_191109_LF_LIB_consensus_vsearch	3297	C	*/+G	698	7	0.98%	2	1	93	93	0.007696474526240225	1	1	484	214	7	0	+G
F8_BC68_191109_LF_LIB_consensus_vsearch	3298	A	A	696	4	0.57%	2	1	93	93	0.06223204733082229	1	1	483	213	4	0	+G
F8_BC68_191109_LF_LIB_consensus_vsearch	3299	A	A	703	4	0.56%	2	2	93	93	0.06223470126280326	1	1	491	212	1	3	+T
F8_BC68_191109_LF_LIB_consensus_vsearch	3300	T	T	704	5	0.7%	2	2	93	93	0.03102969743972635	1	1	490	214	2	3	C
F8_BC68_191109_LF_LIB_consensus_vsearch	3301	T	*/+C	685	8	1.13%	2	2	93	93	0.003827706520627659	1	1	478	207	4	4	+C
F8_BC68_191109_LF_LIB_consensus_vsearch	3302	C	C	696	6	0.85%	2	1	93	93	0.015458304885326069	1	1	481	215	6	0	+G
F8_BC68_191109_LF_LIB_consensus_vsearch	3303	C	*/-T	670	21	2.95%	2	2	93	93	4.0867801460796264E-7	1	1	476	194	8	13	-T
F8_BC68_191109_LF_LIB_consensus_vsearch	3304	T	T	679	6	0.87%	2	2	93	93	0.015454174018007954	1	1	479	200	3	3	C
F8_BC68_191109_LF_LIB_consensus_vsearch	3305	T	T	696	6	0.85%	2	2	93	93	0.015458304885326069	1	1	482	214	5	1	C
F8_BC68_191109_LF_LIB_consensus_vsearch	3306	T	Y	676	11	1.54%	2	1	93	93	4.689770401652236E-4	1	1	466	210	11	0	C
F8_BC68_191109_LF_LIB_consensus_vsearch	3307	A	A	687	5	0.71%	2	1	93	93	0.031024287366540265	1	1	477	210	5	0	C
F8_BC68_191109_LF_LIB_consensus_vsearch	3308	A	R	695	10	1.41%	2	2	93	93	9.456827270018123E-4	1	1	485	210	9	1	G
F8_BC68_191109_LF_LIB_consensus_vsearch	3309	G	*/+T	689	10	1.4%	2	1	93	93	9.454201481114765E-4	1	1	474	215	10	0	+T
F8_BC68_191109_LF_LIB_consensus_vsearch	3310	T	Y	691	14	1.98%	2	2	93	93	5.7184684992071955E-5	1	1	482	209	7	7	C
F8_BC68_191109_LF_LIB_consensus_vsearch	3311	T	T	706	6	0.84%	2	2	93	93	0.015460642792537269	1	1	491	215	4	2	C
F8_BC68_191109_LF_LIB_consensus_vsearch	3312	T	*/+C	693	10	1.4%	2	2	93	93	9.455956940415569E-4	1	1	481	212	7	3	+C
F8_BC68_191109_LF_LIB_consensus_vsearch	3313	C	C	701	6	0.84%	2	1	93	93	0.015459482094033763	1	1	493	208	0	6	G
F8_BC68_191109_LF_LIB_consensus_vsearch	3314	A	W	692	8	1.12%	2	1	93	93	0.0038284882802459928	1	1	489	203	0	8	T
F8_BC68_191109_LF_LIB_consensus_vsearch	3315	G	G	708	2	0.28%	2	1	93	93	0.24982381959094058	1	1	493	215	2	0	-A
F8_BC68_191109_LF_LIB_consensus_vsearch	3316	A	A	703	6	0.84%	2	2	93	93	0.015459948335160068	1	1	489	214	5	1	G
F8_BC68_191109_LF_LIB_consensus_vsearch	3317	C	*/+T	684	12	1.68%	2	2	93	93	2.3274305589242978E-4	1	1	478	206	5	7	+T
F8_BC68_191109_LF_LIB_consensus_vsearch	3318	T	T	696	4	0.57%	2	2	93	93	0.06223204733082229	1	1	482	214	3	1	C
F8_BC68_191109_LF_LIB_consensus_vsearch	3319	T	T	697	3	0.42%	2	1	93	93	0.12473195139413472	1	1	486	211	0	3	+G
F8_BC68_191109_LF_LIB_consensus_vsearch	3320	G	R	691	10	1.41%	2	2	93	93	9.455081691421578E-4	1	1	477	214	7	3	A
F8_BC68_191109_LF_LIB_consensus_vsearch	3321	C	Y	671	17	2.41%	2	2	93	93	6.903090914510574E-6	1	1	467	204	6	11	T
F8_BC68_191109_LF_LIB_consensus_vsearch	3322	G	G	691	4	0.57%	2	1	93	93	0.06223011892275293	1	1	475	216	4	0	-A
F8_BC68_191109_LF_LIB_consensus_vsearch	3323	A	*/-C	679	11	1.56%	2	2	93	93	4.6905992963037265E-4	1	1	466	213	10	1	-C
F8_BC68_191109_LF_LIB_consensus_vsearch	3324	C	C	688	6	0.86%	2	1	93	93	0.015456386120471215	1	1	472	216	6	0	T
F8_BC68_191109_LF_LIB_consensus_vsearch	3325	C	Y	694	11	1.55%	2	2	93	93	4.6946392519066994E-4	1	1	481	213	7	4	T
F8_BC68_191109_LF_LIB_consensus_vsearch	3326	A	A	698	4	0.56%	2	2	93	93	0.06223281099972274	1	1	485	213	3	1	G
F8_BC68_191109_LF_LIB_consensus_vsearch	3327	T	*/-A	697	7	0.99%	2	1	93	93	0.007696310189204633	1	1	481	216	7	0	-A
F8_BC68_191109_LF_LIB_consensus_vsearch	3328	A	*/-C	670	11	1.56%	2	1	93	93	4.6880909815982715E-4	1	1	477	193	0	11	-C
F8_BC68_191109_LF_LIB_consensus_vsearch	3329	C	*/+T	649	19	2.71%	2	2	93	93	1.6751766330545529E-6	1	1	476	173	2	17	+T
F8_BC68_191109_LF_LIB_consensus_vsearch	3330	T	*/-C	394	159	22.88%	2	2	93	93	2.2471748474476276E-54	1	1	260	134	118	41	-C
F8_BC68_191109_LF_LIB_consensus_vsearch	3331	C	Y	492	7	1.38%	2	2	93	93	0.007648769914171423	1	1	345	147	2	5	T
F8_BC68_191109_LF_LIB_consensus_vsearch	3332	C	Y	662	13	1.93%	2	2	93	93	1.1515495016779301E-4	1	1	472	190	3	10	T
F8_BC68_191109_LF_LIB_consensus_vsearch	3333	C	C	706	4	0.56%	2	1	93	93	0.0622358226367427	1	1	494	212	0	4	T
F8_BC68_191109_LF_LIB_consensus_vsearch	3334	C	C	711	1	0.14%	2	1	93	93	0.5000000000008233	1	1	496	215	0	1	+A
F8_BC68_191109_LF_LIB_consensus_vsearch	3335	C	C	702	4	0.56%	2	1	93	93	0.062234325352884735	1	1	490	212	4	0	-A
F8_BC68_191109_LF_LIB_consensus_vsearch	3336	A	*/-G	688	12	1.69%	2	2	93	93	2.328071772860128E-4	1	1	473	215	11	1	-G
F8_BC68_191109_LF_LIB_consensus_vsearch	3337	G	*/-A	641	55	7.85%	2	1	93	93	9.141725013235034E-18	1	1	426	215	55	0	-A
F8_BC68_191109_LF_LIB_consensus_vsearch	3338	A	A	645	4	0.61%	2	2	93	93	0.062210982874040574	1	1	432	213	3	1	G
F8_BC68_191109_LF_LIB_consensus_vsearch	3339	G	G	705	1	0.14%	2	1	93	93	0.4999999999990043	1	1	491	214	1	0	+A
F8_BC68_191109_LF_LIB_consensus_vsearch	3340	T	*/-C	613	95	13.32%	2	2	93	93	8.58086312020219E-31	1	1	400	213	94	1	-C
F8_BC68_191109_LF_LIB_consensus_vsearch	3341	C	C	615	1	0.16%	2	1	93	93	0.4999999999999138	1	1	399	216	1	0	+A
F8_BC68_191109_LF_LIB_consensus_vsearch	3342	C	*/-A	627	56	7.87%	2	2	93	93	4.283687650065749E-18	1	1	415	212	55	1	-A
F8_BC68_191109_LF_LIB_consensus_vsearch	3343	A	A	637	3	0.47%	2	2	93	93	0.12470680218921679	1	1	423	214	1	2	G
F8_BC68_191109_LF_LIB_consensus_vsearch	3344	A	R	686	8	1.14%	2	2	93	93	0.003827819161525346	1	1	471	215	7	1	G
F8_BC68_191109_LF_LIB_consensus_vsearch	3345	A	A	705	5	0.7%	2	2	93	93	0.031030007614295013	1	1	489	216	4	1	G
F8_BC68_191109_LF_LIB_consensus_vsearch	3346	G	G	695	6	0.84%	2	1	93	93	0.015458067431314672	1	1	479	216	6	0	+AAG
F8_BC68_191109_LF_LIB_consensus_vsearch	3347	A	R	686	9	1.28%	2	2	93	93	0.001902886343431154	1	1	476	210	8	1	G
F8_BC68_191109_LF_LIB_consensus_vsearch	3348	C	Y	679	11	1.56%	2	2	93	93	4.6905992963037265E-4	1	1	489	190	2	9	T
F8_BC68_191109_LF_LIB_consensus_vsearch	3349	T	*/+C	573	60	8.53%	2	2	93	93	1.9989809408917994E-19	1	1	422	151	58	2	+C
F8_BC68_191109_LF_LIB_consensus_vsearch	3350	C	*/-T	627	13	1.98%	2	2	93	93	1.1478464984155435E-4	1	1	480	147	4	9	-T
F8_BC68_191109_LF_LIB_consensus_vsearch	3351	T	*/-A	576	54	7.8%	2	2	93	93	1.6947489851495192E-17	1	1	431	145	4	50	-A
F8_BC68_191109_LF_LIB_consensus_vsearch	3352	A	M	620	17	2.6%	2	2	93	93	6.847299297461937E-6	1	1	478	142	2	15	C
F8_BC68_191109_LF_LIB_consensus_vsearch	3353	A	*/-T	661	25	3.52%	2	2	93	93	2.3853705744549102E-8	1	1	474	187	10	15	-T
F8_BC68_191109_LF_LIB_consensus_vsearch	3354	T	Y	644	37	5.41%	2	2	93	93	4.402004895041442E-12	1	1	482	162	1	36	C
F8_BC68_191109_LF_LIB_consensus_vsearch	3355	T	Y	694	8	1.13%	2	2	93	93	0.003828708790007478	1	1	493	201	1	7	C
F8_BC68_191109_LF_LIB_consensus_vsearch	3356	T	*/-CT	677	18	2.54%	2	2	93	93	3.412287524236182E-6	1	1	486	191	1	17	-CT
F8_BC68_191109_LF_LIB_consensus_vsearch	3357	C	*/-T	677	10	1.45%	2	2	93	93	9.448813630496414E-4	1	1	484	193	7	3	-T
F8_BC68_191109_LF_LIB_consensus_vsearch	3358	T	T	667	6	0.88%	2	1	93	93	0.015451132652712214	1	1	474	193	6	0	-ATA
F8_BC68_191109_LF_LIB_consensus_vsearch	3359	A	A	683	6	0.85%	2	2	93	93	0.015455164298851453	1	1	470	213	5	1	+C
F8_BC68_191109_LF_LIB_consensus_vsearch	3360	T	*/-A	668	18	2.56%	2	2	93	93	3.407235887724633E-6	1	1	454	214	17	1	-A
F8_BC68_191109_LF_LIB_consensus_vsearch	3361	A	R	646	12	1.76%	2	2	93	93	2.320956676477089E-4	1	1	436	210	11	1	G
F8_BC68_191109_LF_LIB_consensus_vsearch	3362	C	C	672	6	0.86%	2	1	93	93	0.01545241295226696	1	1	464	208	6	0	+A
F8_BC68_191109_LF_LIB_consensus_vsearch	3363	G	R	679	18	2.56%	2	2	93	93	3.4133931644263426E-6	1	1	473	206	17	1	A
F8_BC68_191109_LF_LIB_consensus_vsearch	3364	C	*/-T	662	23	3.27%	2	2	93	93	9.880190506249727E-8	1	1	484	178	1	22	-T
F8_BC68_191109_LF_LIB_consensus_vsearch	3365	T	*/+C	570	49	7.28%	2	2	93	93	6.607629951471591E-16	1	1	414	156	40	9	+C
F8_BC68_191109_LF_LIB_consensus_vsearch	3366	C	C	651	2	0.31%	2	2	93	93	0.24980842911872617	1	1	458	193	1	1	T
F8_BC68_191109_LF_LIB_consensus_vsearch	3367	C	C	679	4	0.58%	2	2	93	93	0.06222537550484247	1	1	468	211	3	1	T
F8_BC68_191109_LF_LIB_consensus_vsearch	3368	C	*/+A	678	12	1.69%	2	1	93	93	2.3264550198641236E-4	1	1	471	207	12	0	+A
F8_BC68_191109_LF_LIB_consensus_vsearch	3369	G	*/-A	675	24	3.39%	2	2	93	93	4.8760641443519385E-8	1	1	461	214	22	2	-A
F8_BC68_191109_LF_LIB_consensus_vsearch	3370	A	R	656	13	1.89%	2	2	93	93	1.1509416617614E-4	1	1	446	210	10	3	G
F8_BC68_191109_LF_LIB_consensus_vsearch	3371	G	G	697	2	0.28%	2	1	93	93	0.24982104509666578	1	1	482	215	2	0	A
F8_BC68_191109_LF_LIB_consensus_vsearch	3372	C	*/-GC	695	8	1.13%	2	2	93	93	0.003828818576574826	1	1	487	208	3	5	-GC
F8_BC68_191109_LF_LIB_consensus_vsearch	3373	G	G	694	3	0.43%	2	2	93	93	0.12473079684146932	1	1	486	208	1	2	-C
F8_BC68_191109_LF_LIB_consensus_vsearch	3374	C	C	682	4	0.57%	2	1	93	93	0.06222657692310135	1	1	484	198	0	4	-T
F8_BC68_191109_LF_LIB_consensus_vsearch	3375	T	Y	661	25	3.56%	2	2	93	93	2.3853705744549102E-8	1	1	484	177	2	23	C
F8_BC68_191109_LF_LIB_consensus_vsearch	3376	G	*/+C	672	9	1.3%	2	2	93	93	0.0019018607969218603	1	1	469	203	8	1	+C
F8_BC68_191109_LF_LIB_consensus_vsearch	3377	C	*/-TAA	660	12	1.74%	2	1	93	93	2.323425584393901E-4	1	1	462	198	12	0	-TAA
F8_BC68_191109_LF_LIB_consensus_vsearch	3378	T	*/-A	652	13	1.91%	2	2	93	93	1.1505304654887658E-4	1	1	458	194	12	1	-A
F8_BC68_191109_LF_LIB_consensus_vsearch	3379	A	R	664	7	1.03%	2	2	93	93	0.0076906131040095	1	1	454	210	5	2	G
F8_BC68_191109_LF_LIB_consensus_vsearch	3380	A	R	654	19	2.73%	2	2	93	93	1.6768154339369052E-6	1	1	441	213	17	2	G
F8_BC68_191109_LF_LIB_consensus_vsearch	3381	C	*/-A	648	45	6.36%	2	2	93	93	1.3585976415047245E-14	1	1	434	214	44	1	-A
F8_BC68_191109_LF_LIB_consensus_vsearch	3382	A	W	616	17	2.58%	2	1	93	93	6.8425591596214335E-6	1	1	405	211	17	0	T
F8_BC68_191109_LF_LIB_consensus_vsearch	3383	C	S	665	19	2.74%	2	2	93	93	1.6803407173614574E-6	1	1	451	214	18	1	G
F8_BC68_191109_LF_LIB_consensus_vsearch	3384	A	W	616	52	7.48%	2	2	93	93	7.906682878525672E-17	1	1	404	212	50	2	T
F8_BC68_191109_LF_LIB_consensus_vsearch	3385	G	*/+A	642	41	5.92%	2	1	93	93	2.449395202613478E-13	1	1	426	216	41	0	+A
F8_BC68_191109_LF_LIB_consensus_vsearch	3386	A	*/-C	685	7	0.99%	2	2	93	93	0.007694301206193144	1	1	473	212	6	1	-C
F8_BC68_191109_LF_LIB_consensus_vsearch	3387	C	Y	670	12	1.7%	2	2	93	93	2.325128029022739E-4	1	1	466	204	11	1	T
F8_BC68_191109_LF_LIB_consensus_vsearch	3388	A	*/-C	665	27	3.82%	2	2	93	93	5.752945832297202E-9	1	1	466	199	15	12	-C
F8_BC68_191109_LF_LIB_consensus_vsearch	3389	C	*/+T	661	8	1.17%	2	2	93	93	0.00382490261371978	1	1	473	188	1	7	+T
F8_BC68_191109_LF_LIB_consensus_vsearch	3390	C	Y	686	18	2.53%	2	2	93	93	3.4172155648017084E-6	1	1	491	195	1	17	T
F8_BC68_191109_LF_LIB_consensus_vsearch	3391	C	Y	690	8	1.12%	2	2	93	93	0.0038282665127912204	1	1	490	200	1	7	T
F8_BC68_191109_LF_LIB_consensus_vsearch	3392	G	R	688	9	1.27%	2	2	93	93	0.0019030295102081	1	1	483	205	7	2	A
F8_BC68_191109_LF_LIB_consensus_vsearch	3393	T	T	688	4	0.57%	2	2	93	93	0.06222894849693128	1	1	483	205	3	1	C
F8_BC68_191109_LF_LIB_consensus_vsearch	3394	G	G	699	2	0.28%	2	1	93	93	0.24982155603092132	1	1	487	212	2	0	-A
F8_BC68_191109_LF_LIB_consensus_vsearch	3395	A	A	702	3	0.42%	2	1	93	93	0.12473385379729661	1	1	487	215	3	0	+T
F8_BC68_191109_LF_LIB_consensus_vsearch	3396	T	T	700	4	0.56%	2	1	93	93	0.06223357032831275	1	1	488	212	4	0	+C
F8_BC68_191109_LF_LIB_consensus_vsearch	3397	C	*/+A	682	23	3.24%	2	2	93	93	9.933821857197184E-8	1	1	467	215	22	1	+A
F8_BC68_191109_LF_LIB_consensus_vsearch	3398	G	G	705	4	0.56%	2	2	93	93	0.062235449900223165	1	1	493	212	1	3	-CG
F8_BC68_191109_LF_LIB_consensus_vsearch	3399	C	C	698	4	0.56%	2	1	93	93	0.06223281099972274	1	1	490	208	0	4	-GT
F8_BC68_191109_LF_LIB_consensus_vsearch	3400	G	G	692	6	0.85%	2	2	93	93	0.015457350992753744	1	1	486	206	2	4	+CG
F8_BC68_191109_LF_LIB_consensus_vsearch	3401	T	T	700	6	0.85%	2	1	93	93	0.015459247984384758	1	1	488	212	6	0	C
F8_BC68_191109_LF_LIB_consensus_vsearch	3402	C	C	701	3	0.42%	2	2	93	93	0.12473347547949812	1	1	487	214	2	1	+T
F8_BC68_191109_LF_LIB_consensus_vsearch	3403	G	G	706	1	0.14%	2	1	93	93	0.4999999999990043	1	1	489	217	1	0	+C
F8_BC68_191109_LF_LIB_consensus_vsearch	3404	A	R	698	7	0.99%	2	2	93	93	0.007696474526240225	1	1	484	214	6	1	G
F8_BC68_191109_LF_LIB_consensus_vsearch	3405	C	C	703	4	0.56%	2	2	93	93	0.06223470126280326	1	1	490	213	2	2	T
F8_BC68_191109_LF_LIB_consensus_vsearch	3406	A	*/-T	694	7	0.99%	2	1	93	93	0.007695814373028502	1	1	487	207	0	7	-T
F8_BC68_191109_LF_LIB_consensus_vsearch	3407	T	T	697	4	0.57%	2	2	93	93	0.06223242971040495	1	1	489	208	3	1	C
F8_BC68_191109_LF_LIB_consensus_vsearch	3408	C	C	705	1	0.14%	2	1	93	93	0.4999999999990043	1	1	490	215	0	1	+AA
F8_BC68_191109_LF_LIB_consensus_vsearch	3409	G	*/+T	680	17	2.39%	2	2	93	93	6.9121211579727486E-6	1	1	468	212	16	1	+T
F8_BC68_191109_LF_LIB_consensus_vsearch	3410	T	T	700	6	0.85%	2	2	93	93	0.015459247984384758	1	1	489	211	3	3	C
F8_BC68_191109_LF_LIB_consensus_vsearch	3411	T	T	704	5	0.7%	2	2	93	93	0.03102969743972635	1	1	490	214	4	1	C
F8_BC68_191109_LF_LIB_consensus_vsearch	3412	T	T	704	3	0.42%	2	1	93	93	0.12473460721856874	1	1	491	213	3	0	-ACT
F8_BC68_191109_LF_LIB_consensus_vsearch	3413	A	R	695	8	1.13%	2	2	93	93	0.003828818576574826	1	1	484	211	7	1	G
F8_BC68_191109_LF_LIB_consensus_vsearch	3414	C	C	703	1	0.14%	2	1	93	93	0.5000000000008233	1	1	492	211	0	1	+AT
F8_BC68_191109_LF_LIB_consensus_vsearch	3415	T	Y	659	17	2.4%	2	2	93	93	6.890691172448822E-6	1	1	481	178	2	15	C
F8_BC68_191109_LF_LIB_consensus_vsearch	3416	G	G	689	3	0.43%	2	1	93	93	0.12472885032536499	1	1	484	205	3	0	+AG
F8_BC68_191109_LF_LIB_consensus_vsearch	3417	G	G	704	6	0.84%	2	1	93	93	0.015460180472089387	1	1	489	215	6	0	T
F8_BC68_191109_LF_LIB_consensus_vsearch	3418	T	*/-G	668	28	3.93%	2	2	93	93	2.8238508889942997E-9	1	1	491	177	1	27	-G
F8_BC68_191109_LF_LIB_consensus_vsearch	3419	G	G	677	2	0.29%	2	1	93	93	0.24981577008147704	1	1	491	186	2	0	A
F8_BC68_191109_LF_LIB_consensus_vsearch	3420	G	G	707	1	0.14%	2	1	93	93	0.5000000000008233	1	1	494	213	1	0	+A
F8_BC68_191109_LF_LIB_consensus_vsearch	3421	G	G	705	4	0.56%	2	2	93	93	0.062235449900223165	1	1	491	214	2	2	A
F8_BC68_191109_LF_LIB_consensus_vsearch	3422	A	A	697	6	0.85%	2	2	93	93	0.015458541664756588	1	1	484	213	3	3	G
F8_BC68_191109_LF_LIB_consensus_vsearch	3423	C	C	697	6	0.85%	2	2	93	93	0.015458541664756588	1	1	485	212	4	2	-T
F8_BC68_191109_LF_LIB_consensus_vsearch	3424	T	Y	680	18	2.55%	2	2	93	93	3.413943711714024E-6	1	1	472	208	14	4	C
F8_BC68_191109_LF_LIB_consensus_vsearch	3425	A	R	690	9	1.27%	2	1	93	93	0.0019031718633756593	1	1	483	207	9	0	G
F8_BC68_191109_LF_LIB_consensus_vsearch	3426	C	*/-A	695	7	0.99%	2	2	93	93	0.007695980114598385	1	1	485	210	6	1	-A
F8_BC68_191109_LF_LIB_consensus_vsearch	3427	A	A	691	6	0.86%	2	1	93	93	0.01545711081143495	1	1	480	211	6	0	G
F8_BC68_191109_LF_LIB_consensus_vsearch	3428	A	R	644	56	7.85%	2	2	93	93	4.4130101021811246E-18	1	1	428	216	55	1	G
F8_BC68_191109_LF_LIB_consensus_vsearch	3429	C	C	698	5	0.71%	2	2	93	93	0.031027817868692333	1	1	484	214	4	1	T
F8_BC68_191109_LF_LIB_consensus_vsearch	3430	G	R	665	32	4.54%	2	2	93	93	1.617807884908527E-10	1	1	449	216	31	1	A
F8_BC68_191109_LF_LIB_consensus_vsearch	3431	G	G	705	6	0.84%	2	1	93	93	0.015460411956916664	1	1	489	216	6	0	T
F8_BC68_191109_LF_LIB_consensus_vsearch	3432	T	T	704	4	0.56%	2	2	93	93	0.06223507611041307	1	1	490	214	3	1	C
F8_BC68_191109_LF_LIB_consensus_vsearch	3433	G	*/+T	672	24	3.38%	2	1	93	93	4.87177261025069E-8	1	1	490	182	0	24	+T
F8_BC68_191109_LF_LIB_consensus_vsearch	3434	T	*/+C	685	11	1.55%	2	2	93	93	4.692235915156968E-4	1	1	476	209	10	1	+C
F8_BC68_191109_LF_LIB_consensus_vsearch	3435	C	*/-T	676	29	4.07%	2	2	93	93	1.3883185471804852E-9	1	1	487	189	4	25	-T
F8_BC68_191109_LF_LIB_consensus_vsearch	3436	T	Y	653	17	2.49%	2	2	93	93	6.884331308271095E-6	1	1	474	179	7	10	C
F8_BC68_191109_LF_LIB_consensus_vsearch	3437	A	A	696	4	0.57%	2	1	93	93	0.06223204733082229	1	1	483	213	4	0	+CA
F8_BC68_191109_LF_LIB_consensus_vsearch	3438	A	R	697	13	1.83%	2	2	93	93	1.1548943842718195E-4	1	1	484	213	12	1	G
F8_BC68_191109_LF_LIB_consensus_vsearch	3439	T	Y	698	7	0.98%	2	2	93	93	0.007696474526240225	1	1	488	210	3	4	C
F8_BC68_191109_LF_LIB_consensus_vsearch	3440	C	C	703	2	0.28%	2	1	93	93	0.2498225691976094	1	1	490	213	2	0	+TC
F8_BC68_191109_LF_LIB_consensus_vsearch	3441	G	R	697	8	1.12%	2	1	93	93	0.003829037219745354	1	1	484	213	8	0	A
F8_BC68_191109_LF_LIB_consensus_vsearch	3442	T	T	704	4	0.56%	2	2	93	93	0.06223507611041307	1	1	492	212	1	3	C
F8_BC68_191109_LF_LIB_consensus_vsearch	3443	C	*/-T	578	85	11.95%	2	2	93	93	1.4542781052107361E-27	1	1	379	199	71	14	-T
F8_BC68_191109_LF_LIB_consensus_vsearch	3444	T	T	609	5	0.81%	2	1	93	93	0.030995625634035264	1	1	408	201	5	0	G
F8_BC68_191109_LF_LIB_consensus_vsearch	3445	T	*/+C	679	9	1.28%	2	1	93	93	0.0019023787507757343	1	1	467	212	9	0	+C
F8_BC68_191109_LF_LIB_consensus_vsearch	3446	T	*/+A	588	79	11.11%	2	1	93	93	1.419630591568668E-25	1	1	372	216	79	0	+A
F8_BC68_191109_LF_LIB_consensus_vsearch	3447	G	R	584	97	14.12%	2	2	93	93	1.587419839391981E-31	1	1	370	214	96	1	A
F8_BC68_191109_LF_LIB_consensus_vsearch	3448	C	*/-TC	679	11	1.55%	2	2	93	93	4.6905992963037265E-4	1	1	475	204	5	6	-TC
F8_BC68_191109_LF_LIB_consensus_vsearch	3449	T	*/-C	346	262	37.86%	2	2	93	93	2.3585908003471688E-95	1	1	226	120	214	48	-C
F8_BC68_191109_LF_LIB_consensus_vsearch	3450	C	C	391	3	0.75%	2	1	93	93	0.12452350698836272	1	1	256	135	3	0	T
F8_BC68_191109_LF_LIB_consensus_vsearch	3451	C	C	670	1	0.15%	2	1	93	93	0.5000000000008233	1	1	482	188	0	1	+T
F8_BC68_191109_LF_LIB_consensus_vsearch	3452	C	C	705	4	0.56%	2	1	93	93	0.062235449900223165	1	1	489	216	4	0	T
F8_BC68_191109_LF_LIB_consensus_vsearch	3453	C	C	703	5	0.7%	2	1	93	93	0.0310293863893414	1	1	488	215	5	0	+A
F8_BC68_191109_LF_LIB_consensus_vsearch	3454	C	Y	690	10	1.4%	2	2	93	93	9.454642209044981E-4	1	1	482	208	5	5	T
F8_BC68_191109_LF_LIB_consensus_vsearch	3455	A	*/-C	669	24	3.4%	2	2	93	93	4.867447100682053E-8	1	1	469	200	11	13	-C
F8_BC68_191109_LF_LIB_consensus_vsearch	3456	C	C	680	3	0.44%	2	1	93	93	0.12472527472541256	1	1	482	198	0	3	A
F8_BC68_191109_LF_LIB_consensus_vsearch	3457	C	C	695	6	0.84%	2	1	93	93	0.015458067431314672	1	1	488	207	0	6	T
F8_BC68_191109_LF_LIB_consensus_vsearch	3458	C	*/-T	685	10	1.41%	2	2	93	93	9.452426007191464E-4	1	1	484	201	2	8	-T
F8_BC68_191109_LF_LIB_consensus_vsearch	3459	T	T	693	2	0.29%	2	1	93	93	0.24982001439827423	1	1	489	204	2	0	A
F8_BC68_191109_LF_LIB_consensus_vsearch	3460	T	Y	691	10	1.41%	2	2	93	93	9.455081691421578E-4	1	1	483	208	7	3	C
F8_BC68_191109_LF_LIB_consensus_vsearch	3461	C	*/+A	678	17	2.4%	2	2	93	93	6.910133880205389E-6	1	1	474	204	15	2	+A
F8_BC68_191109_LF_LIB_consensus_vsearch	3462	G	K	688	16	2.25%	2	1	93	93	1.3998888866569223E-5	1	1	475	213	16	0	T
F8_BC68_191109_LF_LIB_consensus_vsearch	3463	T	*/+A	690	9	1.27%	2	1	93	93	0.0019031718633756593	1	1	476	214	9	0	+A
F8_BC68_191109_LF_LIB_consensus_vsearch	3464	G	*/-CT	647	45	6.36%	2	1	93	93	1.35710063919678E-14	1	1	434	213	45	0	-CT
F8_BC68_191109_LF_LIB_consensus_vsearch	3465	C	*/-TT	640	8	1.21%	2	2	93	93	0.0038222796857976513	1	1	431	209	7	1	-TT
F8_BC68_191109_LF_LIB_consensus_vsearch	3466	T	Y	640	9	1.38%	2	1	93	93	0.0018993517791017233	1	1	426	214	9	0	C
F8_BC68_191109_LF_LIB_consensus_vsearch	3467	T	Y	679	11	1.56%	2	2	93	93	4.6905992963037265E-4	1	1	473	206	9	2	C
F8_BC68_191109_LF_LIB_consensus_vsearch	3468	G	G	703	3	0.42%	2	1	93	93	0.12473423104214414	1	1	490	213	3	0	-A
F8_BC68_191109_LF_LIB_consensus_vsearch	3469	A	A	702	4	0.56%	2	1	93	93	0.062234325352884735	1	1	487	215	4	0	+G
F8_BC68_191109_LF_LIB_consensus_vsearch	3470	T	*/+C	681	23	3.23%	2	2	93	93	9.931207125157453E-8	1	1	468	213	22	1	+C
F8_BC68_191109_LF_LIB_consensus_vsearch	3471	C	*/-A	702	7	0.98%	2	2	93	93	0.007697127251846029	1	1	490	212	4	3	-A
F8_BC68_191109_LF_LIB_consensus_vsearch	3472	A	A	697	4	0.57%	2	1	93	93	0.06223242971040495	1	1	485	212	4	0	C
F8_BC68_191109_LF_LIB_consensus_vsearch	3473	A	R	683	25	3.51%	2	2	93	93	2.4022251169559974E-8	1	1	467	216	24	1	G
F8_BC68_191109_LF_LIB_consensus_vsearch	3474	T	*/-G	679	16	2.26%	2	1	93	93	1.3983098602929015E-5	1	1	466	213	16	0	-G
F8_BC68_191109_LF_LIB_consensus_vsearch	3475	G	*/-A	647	21	3.03%	2	1	93	93	4.064794973513188E-7	1	1	439	208	21	0	-A
F8_BC68_191109_LF_LIB_consensus_vsearch	3476	A	A	660	6	0.88%	2	2	93	93	0.015449307986742582	1	1	450	210	5	1	G
F8_BC68_191109_LF_LIB_consensus_vsearch	3477	A	A	699	4	0.56%	2	2	93	93	0.062233191204189284	1	1	489	210	3	1	G
F8_BC68_191109_LF_LIB_consensus_vsearch	3478	A	A	701	5	0.7%	2	2	93	93	0.03102876164621499	1	1	488	213	3	2	-G
F8_BC68_191109_LF_LIB_consensus_vsearch	3479	G	K	687	14	1.98%	2	1	93	93	5.716321840611958E-5	1	1	476	211	14	0	T
F8_BC68_191109_LF_LIB_consensus_vsearch	3480	T	T	696	4	0.56%	2	2	93	93	0.06223204733082229	1	1	490	206	3	1	+G
F8_BC68_191109_LF_LIB_consensus_vsearch	3481	A	*/+C	333	343	48.38%	2	2	93	93	1.0136751604691574E-129	1	1	222	111	254	89	+C
F8_BC68_191109_LF_LIB_consensus_vsearch	3482	C	*/+TC	648	38	5.38%	2	1	93	93	2.1480703578847316E-12	1	1	488	160	0	38	+TC
F8_BC68_191109_LF_LIB_consensus_vsearch	3483	C	*/-T	677	14	1.97%	2	1	93	93	5.710849035009345E-5	1	1	487	190	0	14	-T
F8_BC68_191109_LF_LIB_consensus_vsearch	3484	T	Y	619	31	4.47%	2	2	93	93	3.2283372263394546E-10	1	1	480	139	4	27	C
F8_BC68_191109_LF_LIB_consensus_vsearch	3485	A	R	668	17	2.41%	2	1	93	93	6.900030136008669E-6	1	1	457	211	17	0	G
F8_BC68_191109_LF_LIB_consensus_vsearch	3486	G	R	672	9	1.3%	2	2	93	93	0.0019018607969218603	1	1	462	210	7	2	A
F8_BC68_191109_LF_LIB_consensus_vsearch	3487	C	C	685	5	0.72%	2	2	93	93	0.0310236333677177	1	1	470	215	4	1	T
F8_BC68_191109_LF_LIB_consensus_vsearch	3488	C	Y	671	26	3.69%	2	2	93	93	1.1751009311135525E-8	1	1	469	202	14	12	T
F8_BC68_191109_LF_LIB_consensus_vsearch	3489	A	A	691	4	0.57%	2	1	93	93	0.06223011892275293	1	1	475	216	4	0	G
F8_BC68_191109_LF_LIB_consensus_vsearch	3490	A	R	646	36	5.07%	2	2	93	93	9.056178186925426E-12	1	1	450	196	35	1	G
F8_BC68_191109_LF_LIB_consensus_vsearch	3491	C	*/+A	683	8	1.13%	2	1	93	93	0.003827480265442575	1	1	483	200	0	8	+A
F8_BC68_191109_LF_LIB_consensus_vsearch	3492	T	W	681	11	1.56%	2	2	93	93	4.691147949909668E-4	1	1	482	199	1	10	A
F8_BC68_191109_LF_LIB_consensus_vsearch	3493	G	K	687	13	1.84%	2	1	93	93	1.1539721756013441E-4	1	1	473	214	13	0	T
F8_BC68_191109_LF_LIB_consensus_vsearch	3494	C	*/-TT	668	19	2.67%	2	2	93	93	1.6812835498470444E-6	1	1	473	195	9	10	-TT
F8_BC68_191109_LF_LIB_consensus_vsearch	3495	T	T	674	4	0.59%	2	1	93	93	0.06222334950634521	1	1	477	197	4	0	C
F8_BC68_191109_LF_LIB_consensus_vsearch	3496	T	T	688	1	0.14%	2	1	93	93	0.4999999999999138	1	1	484	204	0	1	+C
F8_BC68_191109_LF_LIB_consensus_vsearch	3497	T	*/-C	691	13	1.83%	2	2	93	93	1.1543441426028696E-4	1	1	486	205	2	11	-C
F8_BC68_191109_LF_LIB_consensus_vsearch	3498	C	*/+T	683	8	1.15%	2	2	93	93	0.003827480265442575	1	1	489	194	1	7	+T
F8_BC68_191109_LF_LIB_consensus_vsearch	3499	G	G	704	2	0.28%	2	1	93	93	0.24982282069449002	1	1	489	215	2	0	A
F8_BC68_191109_LF_LIB_consensus_vsearch	3500	C	C	697	5	0.71%	2	2	93	93	0.03102750148427654	1	1	484	213	2	3	T
F8_BC68_191109_LF_LIB_consensus_vsearch	3501	A	*/-T	698	7	0.99%	2	2	93	93	0.007696474526240225	1	1	486	212	5	2	-T
F8_BC68_191109_LF_LIB_consensus_vsearch	3502	T	T	697	5	0.71%	2	1	93	93	0.03102750148427654	1	1	483	214	5	0	C
F8_BC68_191109_LF_LIB_consensus_vsearch	3503	T	*/+A	693	8	1.12%	2	1	93	93	0.0038285986916817977	1	1	480	213	8	0	+A
F8_BC68_191109_LF_LIB_consensus_vsearch	3504	A	R	679	12	1.69%	2	2	93	93	2.3266187675392302E-4	1	1	477	202	11	1	G
F8_BC68_191109_LF_LIB_consensus_vsearch	3505	G	G	699	2	0.28%	2	2	93	93	0.24982155603092132	1	1	493	206	1	1	A
F8_BC68_191109_LF_LIB_consensus_vsearch	3506	G	G	709	1	0.14%	2	1	93	93	0.5000000000008233	1	1	494	215	1	0	+A
F8_BC68_191109_LF_LIB_consensus_vsearch	3507	T	T	706	4	0.56%	2	2	93	93	0.0622358226367427	1	1	491	215	2	2	C
F8_BC68_191109_LF_LIB_consensus_vsearch	3508	C	C	700	2	0.28%	2	2	93	93	0.2498218104060075	1	1	488	212	1	1	-G
F8_BC68_191109_LF_LIB_consensus_vsearch	3509	G	R	688	7	0.99%	2	2	93	93	0.007694809936862327	1	1	482	206	6	1	A
F8_BC68_191109_LF_LIB_consensus_vsearch	3510	T	Y	691	11	1.56%	2	2	93	93	4.6938449023983423E-4	1	1	486	205	6	5	C
F8_BC68_191109_LF_LIB_consensus_vsearch	3511	C	*/-T	694	7	0.99%	2	2	93	93	0.007695814373028502	1	1	486	208	2	5	-T
F8_BC68_191109_LF_LIB_consensus_vsearch	3512	T	Y	693	8	1.14%	2	2	93	93	0.0038285986916817977	1	1	488	205	3	5	C
F8_BC68_191109_LF_LIB_consensus_vsearch	3513	T	*/+C	697	9	1.27%	2	2	93	93	0.0019036637913854943	1	1	485	212	6	3	+C
F8_BC68_191109_LF_LIB_consensus_vsearch	3514	C	*/-T	681	19	2.68%	2	1	93	93	1.6852803754862798E-6	1	1	487	194	0	19	-T
F8_BC68_191109_LF_LIB_consensus_vsearch	3515	T	W	664	8	1.16%	2	2	93	93	0.003825264001117595	1	1	475	189	7	1	A
F8_BC68_191109_LF_LIB_consensus_vsearch	3516	G	*/-A	672	13	1.84%	2	2	93	93	1.1525393727966269E-4	1	1	459	213	12	1	-A
F8_BC68_191109_LF_LIB_consensus_vsearch	3517	A	*/-G	518	139	20.2%	2	2	93	93	4.028497932071054E-46	1	1	311	207	131	8	-G
F8_BC68_191109_LF_LIB_consensus_vsearch	3518	G	G	556	3	0.53%	2	1	93	93	0.12466427931981025	1	1	349	207	3	0	+A
F8_BC68_191109_LF_LIB_consensus_vsearch	3519	G	R	694	9	1.28%	2	2	93	93	0.001903454156451721	1	1	479	215	8	1	A
F8_BC68_191109_LF_LIB_consensus_vsearch	3520	G	G	702	5	0.7%	2	1	93	93	0.031029074459554294	1	1	490	212	5	0	A
F8_BC68_191109_LF_LIB_consensus_vsearch	3521	T	*/-C	669	31	4.37%	2	2	93	93	3.315870997608725E-10	1	1	461	208	29	2	-C
F8_BC68_191109_LF_LIB_consensus_vsearch	3522	C	+A/+A	75	565	82.84%	2	2	93	93	1.838023543670411E-281	1	1	74	1	363	202	+A
F8_BC68_191109_LF_LIB_consensus_vsearch	3523	C	Y	595	70	9.82%	2	2	93	93	1.245692302726967E-22	1	1	381	214	69	1	T
F8_BC68_191109_LF_LIB_consensus_vsearch	3524	A	R	544	105	15.22%	2	2	93	93	2.5264036052183695E-34	1	1	343	201	104	1	G
F8_BC68_191109_LF_LIB_consensus_vsearch	3525	G	R	646	16	2.31%	2	2	93	93	1.3921654103412526E-5	1	1	445	201	15	1	A
F8_BC68_191109_LF_LIB_consensus_vsearch	3526	G	*/-A	662	39	5.47%	2	1	93	93	1.0562813467923971E-12	1	1	445	217	39	0	-A
F8_BC68_191109_LF_LIB_consensus_vsearch	3527	A	*/-T	622	16	2.41%	2	2	93	93	1.3873117431485039E-5	1	1	412	210	13	3	-T
F8_BC68_191109_LF_LIB_consensus_vsearch	3528	T	T	674	6	0.88%	2	2	93	93	0.015452919808137107	1	1	462	212	5	1	C
F8_BC68_191109_LF_LIB_consensus_vsearch	3529	T	T	707	5	0.7%	2	2	93	93	0.031030625350215096	1	1	492	215	4	1	C
F8_BC68_191109_LF_LIB_consensus_vsearch	3530	T	T	698	5	0.7%	2	2	93	93	0.031027817868692333	1	1	486	212	3	2	C
F8_BC68_191109_LF_LIB_consensus_vsearch	3531	C	*/-A	691	8	1.13%	2	2	93	93	0.0038283775544042174	1	1	480	211	7	1	-A
F8_BC68_191109_LF_LIB_consensus_vsearch	3532	A	*/+C	271	322	45.87%	2	2	93	93	2.9606272816425837E-124	1	1	163	108	222	100	+C
F8_BC68_191109_LF_LIB_consensus_vsearch	3533	C	C	640	1	0.16%	2	1	93	93	0.4999999999990043	1	1	425	215	1	0	+T
F8_BC68_191109_LF_LIB_consensus_vsearch	3534	C	C	698	5	0.71%	2	1	93	93	0.031027817868692333	1	1	485	213	5	0	T
F8_BC68_191109_LF_LIB_consensus_vsearch	3535	C	+T/+T	16	568	80%	2	2	93	93	1.17765E-319	1	1	8	8	375	193	+T
F8_BC68_191109_LF_LIB_consensus_vsearch	3536	A	A	689	6	0.85%	2	1	93	93	0.015456628378269563	1	1	474	215	6	0	G
F8_BC68_191109_LF_LIB_consensus_vsearch	3537	G	*/-C	643	29	4.13%	2	2	93	93	1.3679942377826255E-9	1	1	434	209	25	4	-C
F8_BC68_191109_LF_LIB_consensus_vsearch	3538	C	C	668	4	0.59%	2	1	93	93	0.06222087849680785	1	1	460	208	0	4	+T
F8_BC68_191109_LF_LIB_consensus_vsearch	3539	C	C	699	5	0.71%	2	1	93	93	0.031028133354538395	1	1	484	215	5	0	T
F8_BC68_191109_LF_LIB_consensus_vsearch	3540	C	Y	696	9	1.27%	2	2	93	93	0.0019035941099604125	1	1	482	214	8	1	T
F8_BC68_191109_LF_LIB_consensus_vsearch	3541	C	Y	697	7	0.98%	2	1	93	93	0.007696310189204633	1	1	481	216	7	0	T
F8_BC68_191109_LF_LIB_consensus_vsearch	3542	A	*/-G	683	13	1.84%	2	1	93	93	1.1535960161590476E-4	1	1	468	215	13	0	-G
F8_BC68_191109_LF_LIB_consensus_vsearch	3543	G	*/-A	606	86	12.3%	2	2	93	93	7.728399394226248E-28	1	1	390	216	85	1	-A
F8_BC68_191109_LF_LIB_consensus_vsearch	3544	A	A	616	4	0.64%	2	2	93	93	0.06219745889936012	1	1	401	215	3	1	G
F8_BC68_191109_LF_LIB_consensus_vsearch	3545	G	G	700	1	0.14%	2	1	93	93	0.5000000000008233	1	1	484	216	1	0	+AG
F8_BC68_191109_LF_LIB_consensus_vsearch	3546	T	Y	694	9	1.26%	2	2	93	93	0.001903454156451721	1	1	487	207	4	5	C
F8_BC68_191109_LF_LIB_consensus_vsearch	3547	A	R	696	10	1.41%	2	2	93	93	9.457260602997546E-4	1	1	482	214	8	2	G
F8_BC68_191109_LF_LIB_consensus_vsearch	3548	C	Y	687	8	1.13%	2	2	93	93	0.003827931479801315	1	1	485	202	1	7	T
F8_BC68_191109_LF_LIB_consensus_vsearch	3549	G	R	689	13	1.83%	2	1	93	93	1.1541586787677064E-4	1	1	477	212	13	0	A
F8_BC68_191109_LF_LIB_consensus_vsearch	3550	G	*/+T	690	7	0.98%	2	1	93	93	0.007695146664767802	1	1	480	210	7	0	+T
F8_BC68_191109_LF_LIB_consensus_vsearch	3551	T	Y	694	14	1.97%	2	2	93	93	5.720062942625045E-5	1	1	489	205	3	11	C
F8_BC68_191109_LF_LIB_consensus_vsearch	3552	T	*/-GG	662	13	1.82%	2	1	93	93	1.1515495016779301E-4	1	1	459	203	13	0	-GG
F8_BC68_191109_LF_LIB_consensus_vsearch	3553	G	G	664	5	0.74%	2	2	93	93	0.031016530384168135	1	1	454	210	3	2	A
F8_BC68_191109_LF_LIB_consensus_vsearch	3554	G	*/-C	596	61	8.91%	2	2	93	93	1.0066816631731179E-19	1	1	386	210	57	4	-C
F8_BC68_191109_LF_LIB_consensus_vsearch	3555	C	M	595	15	2.43%	2	2	93	93	2.797188723884423E-5	1	1	390	205	14	1	A
F8_BC68_191109_LF_LIB_consensus_vsearch	3556	C	Y	653	18	2.61%	2	2	93	93	3.39852895307792E-6	1	1	441	212	17	1	T
F8_BC68_191109_LF_LIB_consensus_vsearch	3557	C	Y	654	41	5.82%	2	2	93	93	2.4765047761161935E-13	1	1	447	207	32	9	T
F8_BC68_191109_LF_LIB_consensus_vsearch	3558	C	*/-G	470	154	21.75%	2	2	93	93	8.938575184392025E-52	1	1	288	182	152	2	-G
F8_BC68_191109_LF_LIB_consensus_vsearch	3559	G	*/+A	467	46	8.26%	2	2	93	93	4.943350529308229E-15	1	1	256	211	45	1	+A
F8_BC68_191109_LF_LIB_consensus_vsearch	3560	A	A	688	5	0.71%	2	2	93	93	0.031024612950973945	1	1	475	213	2	3	G
F8_BC68_191109_LF_LIB_consensus_vsearch	3561	G	G	688	5	0.71%	2	2	93	93	0.031024612950973945	1	1	475	213	4	1	A
F8_BC68_191109_LF_LIB_consensus_vsearch	3562	T	*/+G	692	7	0.99%	2	2	93	93	0.007695481471345102	1	1	483	209	6	1	+G
F8_BC68_191109_LF_LIB_consensus_vsearch	3563	A	*/+C	163	450	63.47%	2	2	93	93	2.2816383163954375E-196	1	1	97	66	309	141	+C
F8_BC68_191109_LF_LIB_consensus_vsearch	3564	C	C	654	6	0.9%	2	1	93	93	0.015447713228610627	1	1	454	200	0	6	+T
F8_BC68_191109_LF_LIB_consensus_vsearch	3565	C	Y	688	10	1.42%	2	2	93	93	9.453759502338604E-4	1	1	485	203	3	7	T
F8_BC68_191109_LF_LIB_consensus_vsearch	3566	C	*/+T	695	7	0.98%	2	1	93	93	0.007695980114598385	1	1	490	205	0	7	+T
F8_BC68_191109_LF_LIB_consensus_vsearch	3567	T	Y	685	8	1.13%	2	2	93	93	0.003827706520627659	1	1	481	204	5	3	C
F8_BC68_191109_LF_LIB_consensus_vsearch	3568	G	R	688	8	1.13%	2	1	93	93	0.0038280434768544216	1	1	478	210	8	0	A
F8_BC68_191109_LF_LIB_consensus_vsearch	3569	T	Y	681	14	1.97%	2	2	93	93	5.7130566115596164E-5	1	1	476	205	7	7	C
F8_BC68_191109_LF_LIB_consensus_vsearch	3570	T	T	697	6	0.84%	2	2	93	93	0.015458541664756588	1	1	486	211	3	3	C
F8_BC68_191109_LF_LIB_consensus_vsearch	3571	A	A	701	3	0.42%	2	2	93	93	0.12473347547949812	1	1	490	211	1	2	G
F8_BC68_191109_LF_LIB_consensus_vsearch	3572	A	A	706	3	0.42%	2	1	93	93	0.12473535638698469	1	1	492	214	3	0	G
F8_BC68_191109_LF_LIB_consensus_vsearch	3573	T	T	701	5	0.7%	2	2	93	93	0.03102876164621499	1	1	489	212	3	2	C
F8_BC68_191109_LF_LIB_consensus_vsearch	3574	C	*/-A	698	7	0.99%	2	1	93	93	0.007696474526240225	1	1	484	214	7	0	-A
F8_BC68_191109_LF_LIB_consensus_vsearch	3575	A	A	691	4	0.57%	2	2	93	93	0.06223011892275293	1	1	479	212	3	1	+T
F8_BC68_191109_LF_LIB_consensus_vsearch	3576	T	K	692	8	1.13%	2	1	93	93	0.0038284882802459928	1	1	479	213	8	0	G
F8_BC68_191109_LF_LIB_consensus_vsearch	3577	T	*/-ACT	699	8	1.13%	2	1	93	93	0.003829254631650171	1	1	484	215	8	0	-ACT
F8_BC68_191109_LF_LIB_consensus_vsearch	3578	A	R	668	34	4.84%	2	2	93	93	3.865347231147853E-11	1	1	453	215	33	1	G
F8_BC68_191109_LF_LIB_consensus_vsearch	3579	C	*/-TG	675	23	3.26%	2	1	93	93	9.915373522047555E-8	1	1	462	213	23	0	-TG
F8_BC68_191109_LF_LIB_consensus_vsearch	3580	T	T	664	6	0.88%	2	1	93	93	0.015450355314568677	1	1	456	208	6	0	A
F8_BC68_191109_LF_LIB_consensus_vsearch	3581	G	G	674	6	0.87%	2	1	93	93	0.015452919808137107	1	1	464	210	6	0	C
F8_BC68_191109_LF_LIB_consensus_vsearch	3582	C	C	703	5	0.7%	2	2	93	93	0.0310293863893414	1	1	493	210	1	4	T
F8_BC68_191109_LF_LIB_consensus_vsearch	3583	A	A	702	6	0.85%	2	1	93	93	0.015459715543402319	1	1	488	214	6	0	G
F8_BC68_191109_LF_LIB_consensus_vsearch	3584	T	T	706	2	0.28%	2	2	93	93	0.24982332155411754	1	1	492	214	1	1	-C
F8_BC68_191109_LF_LIB_consensus_vsearch	3585	C	C	702	2	0.28%	2	1	93	93	0.2498223169866272	1	1	488	214	2	0	+TC
F8_BC68_191109_LF_LIB_consensus_vsearch	3586	G	G	709	1	0.14%	2	1	93	93	0.5000000000008233	1	1	493	216	0	1	+C
F8_BC68_191109_LF_LIB_consensus_vsearch	3587	T	Y	699	8	1.13%	2	2	93	93	0.003829254631650171	1	1	487	212	5	3	C
F8_BC68_191109_LF_LIB_consensus_vsearch	3588	C	*/+TT	686	8	1.13%	2	1	93	93	0.003827819161525346	1	1	490	196	0	8	+TT
F8_BC68_191109_LF_LIB_consensus_vsearch	3589	T	T	697	6	0.85%	2	1	93	93	0.015458541664756588	1	1	487	210	6	0	C
F8_BC68_191109_LF_LIB_consensus_vsearch	3590	T	T	706	4	0.56%	2	2	93	93	0.0622358226367427	1	1	491	215	3	1	C
F8_BC68_191109_LF_LIB_consensus_vsearch	3591	T	Y	696	8	1.12%	2	2	93	93	0.0038289280527219385	1	1	486	210	4	4	C
F8_BC68_191109_LF_LIB_consensus_vsearch	3592	A	A	703	5	0.71%	2	2	93	93	0.0310293863893414	1	1	488	215	3	2	G
F8_BC68_191109_LF_LIB_consensus_vsearch	3593	A	R	690	12	1.68%	2	2	93	93	2.3283896823795677E-4	1	1	474	216	11	1	G
F8_BC68_191109_LF_LIB_consensus_vsearch	3594	C	C	692	3	0.43%	2	1	93	93	0.12473002159804764	1	1	479	213	3	0	+T
F8_BC68_191109_LF_LIB_consensus_vsearch	3595	C	Y	692	18	2.52%	2	2	93	93	3.4204344802193113E-6	1	1	485	207	10	8	T
F8_BC68_191109_LF_LIB_consensus_vsearch	3596	A	A	708	4	0.56%	2	2	93	93	0.062236564967947605	1	1	494	214	1	3	G
F8_BC68_191109_LF_LIB_consensus_vsearch	3597	A	R	674	32	4.49%	2	2	93	93	1.6255072333767144E-10	1	1	460	214	30	2	G
F8_BC68_191109_LF_LIB_consensus_vsearch	3598	C	*/+A	698	7	0.98%	2	1	93	93	0.007696474526240225	1	1	491	207	0	7	+A
F8_BC68_191109_LF_LIB_consensus_vsearch	3599	A	A	700	6	0.85%	2	2	93	93	0.015459247984384758	1	1	487	213	3	3	G
F8_BC68_191109_LF_LIB_consensus_vsearch	3600	A	R	686	10	1.41%	2	1	93	93	9.452871770742829E-4	1	1	478	208	10	0	G
F8_BC68_191109_LF_LIB_consensus_vsearch	3601	C	*/-A	672	12	1.71%	2	1	93	93	2.325462640181359E-4	1	1	464	208	12	0	-A
F8_BC68_191109_LF_LIB_consensus_vsearch	3602	A	A	682	3	0.44%	2	2	93	93	0.12472607742891396	1	1	475	207	2	1	G
F8_BC68_191109_LF_LIB_consensus_vsearch	3603	A	A	685	6	0.85%	2	1	93	93	0.015455655146227827	1	1	482	203	6	0	G
F8_BC68_191109_LF_LIB_consensus_vsearch	3604	G	G	703	2	0.28%	2	2	93	93	0.2498225691976094	1	1	488	215	1	1	-A
F8_BC68_191109_LF_LIB_consensus_vsearch	3605	A	R	701	8	1.13%	2	1	93	93	0.003829470822680027	1	1	486	215	8	0	G
F8_BC68_191109_LF_LIB_consensus_vsearch	3606	C	*/-G	690	8	1.12%	2	1	93	93	0.0038282665127912204	1	1	478	212	8	0	-G
F8_BC68_191109_LF_LIB_consensus_vsearch	3607	G	G	699	1	0.14%	2	1	93	93	0.5000000000008233	1	1	485	214	0	1	+C
F8_BC68_191109_LF_LIB_consensus_vsearch	3608	C	*/+TT	681	11	1.55%	2	1	93	93	4.691147949909668E-4	1	1	468	213	11	0	+TT
F8_BC68_191109_LF_LIB_consensus_vsearch	3609	T	Y	698	9	1.27%	2	2	93	93	0.0019037332770426652	1	1	487	211	4	5	C
F8_BC68_191109_LF_LIB_consensus_vsearch	3610	G	G	699	3	0.42%	2	1	93	93	0.12473271560965893	1	1	482	217	3	0	+CC
F8_BC68_191109_LF_LIB_consensus_vsearch	3611	C	C	696	6	0.85%	2	2	93	93	0.015458304885326069	1	1	488	208	3	3	T
F8_BC68_191109_LF_LIB_consensus_vsearch	3612	G	R	681	22	3.11%	2	1	93	93	2.017791830341868E-7	1	1	470	211	22	0	A
F8_BC68_191109_LF_LIB_consensus_vsearch	3613	G	G	710	2	0.28%	2	1	93	93	0.24982431482675477	1	1	493	217	2	0	+A
F8_BC68_191109_LF_LIB_consensus_vsearch	3614	T	*/-C	674	28	3.93%	2	2	93	93	2.830680200550398E-9	1	1	463	211	27	1	-C
F8_BC68_191109_LF_LIB_consensus_vsearch	3615	C	C	674	2	0.29%	2	1	93	93	0.2498149518876798	1	1	460	214	2	0	+G
F8_BC68_191109_LF_LIB_consensus_vsearch	3616	C	C	701	5	0.7%	2	2	93	93	0.03102876164621499	1	1	485	216	4	1	-AT
F8_BC68_191109_LF_LIB_consensus_vsearch	3617	A	R	684	10	1.42%	2	1	93	93	9.451978971244695E-4	1	1	468	216	10	0	G
F8_BC68_191109_LF_LIB_consensus_vsearch	3618	T	*/+A	678	10	1.42%	2	1	93	93	9.449269727691985E-4	1	1	465	213	10	0	+A
F8_BC68_191109_LF_LIB_consensus_vsearch	3619	G	R	681	24	3.39%	2	1	93	93	4.884546868535826E-8	1	1	464	217	24	0	A
F8_BC68_191109_LF_LIB_consensus_vsearch	3620	T	*/-GT	652	29	4.07%	2	2	93	93	1.3737064513625562E-9	1	1	453	199	18	11	-GT
F8_BC68_191109_LF_LIB_consensus_vsearch	3621	G	R	640	18	2.68%	2	2	93	93	3.3906766313274096E-6	1	1	440	200	15	3	A
F8_BC68_191109_LF_LIB_consensus_vsearch	3622	T	W	654	7	1.04%	2	2	93	93	0.007688774752311839	1	1	455	199	5	2	A
F8_BC68_191109_LF_LIB_consensus_vsearch	3623	T	T	694	5	0.71%	2	1	93	93	0.031026546901622466	1	1	481	213	5	0	-ATT
F8_BC68_191109_LF_LIB_consensus_vsearch	3624	A	A	695	5	0.71%	2	2	93	93	0.031026866004720807	1	1	481	214	4	1	G
F8_BC68_191109_LF_LIB_consensus_vsearch	3625	T	T	695	5	0.71%	2	2	93	93	0.031026866004720807	1	1	485	210	2	3	C
F8_BC68_191109_LF_LIB_consensus_vsearch	3626	T	*/-C	685	13	1.84%	2	2	93	93	1.1537846243535248E-4	1	1	472	213	12	1	-C
F8_BC68_191109_LF_LIB_consensus_vsearch	3627	C	C	694	2	0.29%	2	1	93	93	0.24982027318421304	1	1	479	215	2	0	G
F8_BC68_191109_LF_LIB_consensus_vsearch	3628	C	C	706	2	0.28%	2	1	93	93	0.24982332155411754	1	1	490	216	2	0	+G
F8_BC68_191109_LF_LIB_consensus_vsearch	3629	A	A	700	6	0.84%	2	2	93	93	0.015459247984384758	1	1	485	215	5	1	G
F8_BC68_191109_LF_LIB_consensus_vsearch	3630	T	T	703	4	0.56%	2	2	93	93	0.06223470126280326	1	1	491	212	2	2	C
F8_BC68_191109_LF_LIB_consensus_vsearch	3631	G	G	697	5	0.7%	2	1	93	93	0.03102750148427654	1	1	484	213	5	0	+C
F8_BC68_191109_LF_LIB_consensus_vsearch	3632	C	C	692	6	0.85%	2	2	93	93	0.015457350992753744	1	1	484	208	2	4	T
F8_BC68_191109_LF_LIB_consensus_vsearch	3633	T	*/-A	688	10	1.41%	2	2	93	93	9.453759502338604E-4	1	1	481	207	6	4	-A
F8_BC68_191109_LF_LIB_consensus_vsearch	3634	A	A	694	4	0.57%	2	2	93	93	0.06223127928418964	1	1	485	209	2	2	G
F8_BC68_191109_LF_LIB_consensus_vsearch	3635	A	R	698	8	1.13%	2	2	93	93	0.0038291460789557676	1	1	485	213	6	2	G
F8_BC68_191109_LF_LIB_consensus_vsearch	3636	T	*/-A	691	7	0.99%	2	2	93	93	0.007695314307205932	1	1	481	210	6	1	-A
F8_BC68_191109_LF_LIB_consensus_vsearch	3637	A	A	691	6	0.85%	2	2	93	93	0.01545711081143495	1	1	480	211	5	1	G
F8_BC68_191109_LF_LIB_consensus_vsearch	3638	G	*/-A	703	7	0.98%	2	1	93	93	0.007697289287406505	1	1	486	217	7	0	-A
F8_BC68_191109_LF_LIB_consensus_vsearch	3639	A	A	697	6	0.85%	2	1	93	93	0.015458541664756588	1	1	480	217	6	0	G
F8_BC68_191109_LF_LIB_consensus_vsearch	3640	T	T	700	6	0.84%	2	1	93	93	0.015459247984384758	1	1	485	215	6	0	G
F8_BC68_191109_LF_LIB_consensus_vsearch	3641	T	*/-C	687	16	2.24%	2	2	93	93	1.3997153710878222E-5	1	1	477	210	12	4	-C
F8_BC68_191109_LF_LIB_consensus_vsearch	3642	C	C	695	1	0.14%	2	1	93	93	0.4999999999990043	1	1	482	213	1	0	+A
F8_BC68_191109_LF_LIB_consensus_vsearch	3643	C	*/-G	693	7	0.98%	2	1	93	93	0.007695648159281727	1	1	490	203	0	7	-G
F8_BC68_191109_LF_LIB_consensus_vsearch	3644	G	R	691	10	1.42%	2	2	93	93	9.455081691421578E-4	1	1	482	209	9	1	A
F8_BC68_191109_LF_LIB_consensus_vsearch	3645	G	G	705	2	0.28%	2	1	93	93	0.24982307147908459	1	1	489	216	2	0	+C
F8_BC68_191109_LF_LIB_consensus_vsearch	3646	C	C	695	5	0.7%	2	1	93	93	0.031026866004720807	1	1	487	208	5	0	+TT
F8_BC68_191109_LF_LIB_consensus_vsearch	3647	A	R	703	7	0.98%	2	2	93	93	0.007697289287406505	1	1	492	211	3	4	G
F8_BC68_191109_LF_LIB_consensus_vsearch	3648	A	R	692	13	1.82%	2	2	93	93	1.154436487484223E-4	1	1	479	213	10	3	G
F8_BC68_191109_LF_LIB_consensus_vsearch	3649	C	Y	688	8	1.13%	2	2	93	93	0.0038280434768544216	1	1	478	210	3	5	T
F8_BC68_191109_LF_LIB_consensus_vsearch	3650	A	R	696	7	0.99%	2	1	93	93	0.007696145385976602	1	1	485	211	7	0	G
F8_BC68_191109_LF_LIB_consensus_vsearch	3651	T	*/-G	682	11	1.56%	2	1	93	93	4.6914211039852195E-4	1	1	473	209	11	0	-G
F8_BC68_191109_LF_LIB_consensus_vsearch	3652	G	*/-TG	671	13	1.86%	2	2	93	93	1.152441662388416E-4	1	1	467	204	3	10	-TG
F8_BC68_191109_LF_LIB_consensus_vsearch	3653	T	Y	678	8	1.15%	2	2	93	93	0.0038269088833870367	1	1	484	194	1	7	C
F8_BC68_191109_LF_LIB_consensus_vsearch	3654	G	R	674	13	1.87%	2	2	93	93	1.1527339570506947E-4	1	1	473	201	12	1	A
F8_BC68_191109_LF_LIB_consensus_vsearch	3655	C	*/+T	693	9	1.27%	2	2	93	93	0.0019033838827015696	1	1	487	206	3	6	+T
F8_BC68_191109_LF_LIB_consensus_vsearch	3656	C	*/-T	686	10	1.4%	2	2	93	93	9.452871770742829E-4	1	1	475	211	4	6	-T
F8_BC68_191109_LF_LIB_consensus_vsearch	3657	T	Y	684	7	1%	2	1	93	93	0.007694130650567804	1	1	484	200	0	7	C
F8_BC68_191109_LF_LIB_consensus_vsearch	3658	G	*/+C	679	11	1.56%	2	1	93	93	4.6905992963037265E-4	1	1	477	202	0	11	+C
F8_BC68_191109_LF_LIB_consensus_vsearch	3659	C	C	684	6	0.86%	2	1	93	93	0.015455410077685248	1	1	482	202	0	6	+T
F8_BC68_191109_LF_LIB_consensus_vsearch	3660	C	Y	689	7	0.99%	2	2	93	93	0.007694978542018557	1	1	484	205	2	5	T
F8_BC68_191109_LF_LIB_consensus_vsearch	3661	T	Y	664	19	2.71%	2	2	93	93	1.6800246922345896E-6	1	1	475	189	4	15	C
F8_BC68_191109_LF_LIB_consensus_vsearch	3662	C	*/+T	681	7	1%	2	2	93	93	0.007693616017588559	1	1	481	200	1	6	+T
F8_BC68_191109_LF_LIB_consensus_vsearch	3663	A	R	685	7	0.99%	2	2	93	93	0.007694301206193144	1	1	475	210	6	1	G
F8_BC68_191109_LF_LIB_consensus_vsearch	3664	T	T	698	3	0.43%	2	2	93	93	0.12473233404720117	1	1	486	212	2	1	C
F8_BC68_191109_LF_LIB_consensus_vsearch	3665	G	R	685	16	2.26%	2	2	93	93	1.399366903089498E-5	1	1	471	214	15	1	A
F8_BC68_191109_LF_LIB_consensus_vsearch	3666	C	C	697	3	0.42%	2	1	93	93	0.12473195139413472	1	1	483	214	3	0	+T
F8_BC68_191109_LF_LIB_consensus_vsearch	3667	G	*/+C	694	10	1.41%	2	1	93	93	9.456392717556314E-4	1	1	490	204	0	10	+C
F8_BC68_191109_LF_LIB_consensus_vsearch	3668	C	*/+T	687	9	1.27%	2	1	93	93	0.0019029580289553435	1	1	489	198	0	9	+T
F8_BC68_191109_LF_LIB_consensus_vsearch	3669	T	*/+C	687	10	1.42%	2	2	93	93	9.453316267322512E-4	1	1	488	199	3	7	+C
F8_BC68_191109_LF_LIB_consensus_vsearch	3670	C	*/-TC	684	24	3.37%	2	2	93	93	4.888738834521174E-8	1	1	486	198	9	15	-TC
F8_BC68_191109_LF_LIB_consensus_vsearch	3671	T	T	682	3	0.44%	2	2	93	93	0.12472607742891396	1	1	484	198	2	1	C
F8_BC68_191109_LF_LIB_consensus_vsearch	3672	C	C	674	5	0.73%	2	2	93	93	0.031019967532088213	1	1	477	197	4	1	+TC
F8_BC68_191109_LF_LIB_consensus_vsearch	3673	A	*/+T	671	19	2.68%	2	1	93	93	1.6822185936618268E-6	1	1	459	212	19	0	+T
F8_BC68_191109_LF_LIB_consensus_vsearch	3674	T	Y	689	9	1.29%	2	2	93	93	0.0019031007880593255	1	1	477	212	8	1	C
F8_BC68_191109_LF_LIB_consensus_vsearch	3675	T	T	702	5	0.71%	2	1	93	93	0.031029074459554294	1	1	486	216	5	0	C
F8_BC68_191109_LF_LIB_consensus_vsearch	3676	T	T	704	3	0.42%	2	1	93	93	0.12473460721856874	1	1	488	216	3	0	C
F8_BC68_191109_LF_LIB_consensus_vsearch	3677	G	G	702	5	0.7%	2	1	93	93	0.031029074459554294	1	1	488	214	5	0	A
F8_BC68_191109_LF_LIB_consensus_vsearch	3678	T	T	705	4	0.56%	2	2	93	93	0.062235449900223165	1	1	494	211	1	3	C
F8_BC68_191109_LF_LIB_consensus_vsearch	3679	T	T	699	5	0.7%	2	2	93	93	0.031028133354538395	1	1	487	212	1	4	-C
F8_BC68_191109_LF_LIB_consensus_vsearch	3680	C	*/-G	660	37	5.23%	2	2	93	93	4.454472497968208E-12	1	1	452	208	36	1	-G
F8_BC68_191109_LF_LIB_consensus_vsearch	3681	G	*/-AG	611	27	4%	2	1	93	93	5.625774269583803E-9	1	1	398	213	27	0	-AG
F8_BC68_191109_LF_LIB_consensus_vsearch	3682	A	*/-G	633	16	2.43%	2	1	93	93	1.3895793329599083E-5	1	1	424	209	16	0	-G
F8_BC68_191109_LF_LIB_consensus_vsearch	3683	G	R	657	8	1.19%	2	1	93	93	0.0038244157169107992	1	1	445	212	8	0	A
F8_BC68_191109_LF_LIB_consensus_vsearch	3684	G	G	704	4	0.56%	2	1	93	93	0.06223507611041307	1	1	489	215	4	0	T
F8_BC68_191109_LF_LIB_consensus_vsearch	3685	T	Y	696	7	0.98%	2	2	93	93	0.007696145385976602	1	1	492	204	3	4	C
F8_BC68_191109_LF_LIB_consensus_vsearch	3686	A	*/+T	678	10	1.41%	2	2	93	93	9.449269727691985E-4	1	1	489	189	2	8	+T
F8_BC68_191109_LF_LIB_consensus_vsearch	3687	T	Y	688	10	1.42%	2	2	93	93	9.453759502338604E-4	1	1	492	196	3	7	C
F8_BC68_191109_LF_LIB_consensus_vsearch	3688	T	*/+C	683	9	1.26%	2	2	93	93	0.0019026700524163046	1	1	491	192	2	7	+C
F8_BC68_191109_LF_LIB_consensus_vsearch	3689	C	*/-G	679	10	1.42%	2	2	93	93	9.449724513676984E-4	1	1	487	192	2	8	-G
F8_BC68_191109_LF_LIB_consensus_vsearch	3690	G	G	686	6	0.85%	2	1	93	93	0.0154558995074816	1	1	480	206	6	0	A
F8_BC68_191109_LF_LIB_consensus_vsearch	3691	T	W	698	9	1.27%	2	1	93	93	0.0019037332770426652	1	1	493	205	0	9	A
F8_BC68_191109_LF_LIB_consensus_vsearch	3692	G	G	709	1	0.14%	2	1	93	93	0.5000000000008233	1	1	494	215	0	1	+C
F8_BC68_191109_LF_LIB_consensus_vsearch	3693	A	*/-C	680	13	1.83%	2	2	93	93	1.1533111024855475E-4	1	1	467	213	11	2	-C
F8_BC68_191109_LF_LIB_consensus_vsearch	3694	C	C	697	1	0.14%	2	1	93	93	0.5000000000008233	1	1	483	214	0	1	+T
F8_BC68_191109_LF_LIB_consensus_vsearch	3695	C	*/-G	678	13	1.83%	2	2	93	93	1.1531198125229777E-4	1	1	486	192	2	11	-G
F8_BC68_191109_LF_LIB_consensus_vsearch	3696	G	R	683	11	1.57%	2	2	93	93	4.6916934806662123E-4	1	1	480	203	10	1	A
F8_BC68_191109_LF_LIB_consensus_vsearch	3697	G	*/-A	643	65	9.12%	2	2	93	93	5.813047697311761E-21	1	1	428	215	64	1	-A
F8_BC68_191109_LF_LIB_consensus_vsearch	3698	A	R	629	8	1.24%	2	1	93	93	0.003820837109322582	1	1	414	215	8	0	G
F8_BC68_191109_LF_LIB_consensus_vsearch	3699	G	*/-C	678	15	2.14%	2	1	93	93	2.826835334515371E-5	1	1	462	216	15	0	-C
F8_BC68_191109_LF_LIB_consensus_vsearch	3700	C	C	687	3	0.43%	2	2	93	93	0.12472806381429648	1	1	471	216	2	1	T
F8_BC68_191109_LF_LIB_consensus_vsearch	3701	C	*/-G	605	44	6.19%	2	2	93	93	2.673742073786187E-14	1	1	396	209	43	1	-G
F8_BC68_191109_LF_LIB_consensus_vsearch	3702	G	*/-A	627	12	1.83%	2	1	93	93	2.3174359455002685E-4	1	1	414	213	12	0	-A
F8_BC68_191109_LF_LIB_consensus_vsearch	3703	A	A	675	3	0.44%	2	1	93	93	0.12472324723267103	1	1	462	213	3	0	G
F8_BC68_191109_LF_LIB_consensus_vsearch	3704	A	*/-G	690	8	1.13%	2	2	93	93	0.0038282665127912204	1	1	479	211	7	1	-G
F8_BC68_191109_LF_LIB_consensus_vsearch	3705	G	*/-C	653	25	3.56%	2	2	93	93	2.378996477004294E-8	1	1	441	212	21	4	-C
F8_BC68_191109_LF_LIB_consensus_vsearch	3706	C	C	676	3	0.44%	2	1	93	93	0.12472365512179952	1	1	468	208	0	3	+T
F8_BC68_191109_LF_LIB_consensus_vsearch	3707	C	Y	702	8	1.13%	2	1	93	93	0.003829578463582714	1	1	493	209	0	8	T
F8_BC68_191109_LF_LIB_consensus_vsearch	3708	C	*/-AC	668	37	5.19%	2	1	93	93	4.480012389950076E-12	1	1	455	213	37	0	-AC
F8_BC68_191109_LF_LIB_consensus_vsearch	3709	A	R	656	9	1.34%	2	1	93	93	0.0019006362526543875	1	1	444	212	9	0	G
F8_BC68_191109_LF_LIB_consensus_vsearch	3710	C	Y	644	9	1.34%	2	2	93	93	0.0018996787549773126	1	1	445	199	4	5	T
F8_BC68_191109_LF_LIB_consensus_vsearch	3711	G	R	688	9	1.28%	2	1	93	93	0.0019030295102081	1	1	479	209	9	0	A
F8_BC68_191109_LF_LIB_consensus_vsearch	3712	G	R	690	8	1.12%	2	1	93	93	0.0038282665127912204	1	1	486	204	8	0	A
F8_BC68_191109_LF_LIB_consensus_vsearch	3713	C	Y	689	8	1.14%	2	2	93	93	0.0038281551540559158	1	1	493	196	1	7	T
F8_BC68_191109_LF_LIB_consensus_vsearch	3714	C	*/+G	649	24	3.4%	2	1	93	93	4.837711649036605E-8	1	1	457	192	24	0	+G
F8_BC68_191109_LF_LIB_consensus_vsearch	3715	A	*/-T	640	26	3.77%	2	2	93	93	1.161929606387115E-8	1	1	460	180	16	10	-T
F8_BC68_191109_LF_LIB_consensus_vsearch	3716	T	K	651	17	2.53%	2	2	93	93	6.8821869699206E-6	1	1	461	190	16	1	G
F8_BC68_191109_LF_LIB_consensus_vsearch	3717	T	Y	651	16	2.29%	2	2	93	93	1.3931341326495143E-5	1	1	467	184	1	15	C
F8_BC68_191109_LF_LIB_consensus_vsearch	3718	A	*/-G	519	78	11.3%	2	2	93	93	2.241911027702163E-25	1	1	417	102	6	72	-G
F8_BC68_191109_LF_LIB_consensus_vsearch	3719	G	G	614	4	0.64%	2	1	93	93	0.06219647940729785	1	1	480	134	4	0	+AG
F8_BC68_191109_LF_LIB_consensus_vsearch	3720	G	G	684	6	0.85%	2	1	93	93	0.015455410077685248	1	1	484	200	6	0	+A
F8_BC68_191109_LF_LIB_consensus_vsearch	3721	G	G	702	6	0.84%	2	2	93	93	0.015459715543402319	1	1	487	215	4	2	A
F8_BC68_191109_LF_LIB_consensus_vsearch	3722	C	*/-GC	686	8	1.13%	2	2	93	93	0.003827819161525346	1	1	476	210	4	4	-GC
F8_BC68_191109_LF_LIB_consensus_vsearch	3723	G	G	691	5	0.72%	2	2	93	93	0.03102558409276762	1	1	480	211	3	2	-C
F8_BC68_191109_LF_LIB_consensus_vsearch	3724	C	Y	684	8	1.14%	2	2	93	93	0.003827593555737496	1	1	480	204	5	3	T
F8_BC68_191109_LF_LIB_consensus_vsearch	3725	C	Y	687	14	1.96%	2	2	93	93	5.716321840611958E-5	1	1	485	202	2	12	T
F8_BC68_191109_LF_LIB_consensus_vsearch	3726	G	R	676	20	2.83%	2	2	93	93	8.303805369910242E-7	1	1	468	208	18	2	A
F8_BC68_191109_LF_LIB_consensus_vsearch	3727	G	R	657	28	3.93%	2	2	93	93	2.811057893243091E-9	1	1	449	208	25	3	A
F8_BC68_191109_LF_LIB_consensus_vsearch	3728	C	Y	672	21	3%	2	2	93	93	4.088627279309247E-7	1	1	477	195	5	16	T
F8_BC68_191109_LF_LIB_consensus_vsearch	3729	C	Y	669	13	1.83%	2	2	93	93	1.1522453989954195E-4	1	1	470	199	5	8	T
F8_BC68_191109_LF_LIB_consensus_vsearch	3730	G	R	671	12	1.72%	2	2	93	93	2.3252955756265846E-4	1	1	464	207	10	2	A
F8_BC68_191109_LF_LIB_consensus_vsearch	3731	G	R	644	30	4.26%	2	2	93	93	6.695848269508514E-10	1	1	438	206	28	2	A
F8_BC68_191109_LF_LIB_consensus_vsearch	3732	C	*/+G	606	54	7.83%	2	1	93	93	1.792797507809795E-17	1	1	405	201	54	0	+G
F8_BC68_191109_LF_LIB_consensus_vsearch	3733	A	*/-G	638	46	6.49%	2	2	93	93	6.496366749583236E-15	1	1	437	201	41	5	-G
F8_BC68_191109_LF_LIB_consensus_vsearch	3734	G	R	616	19	2.86%	2	1	93	93	1.663748417249943E-6	1	1	409	207	19	0	A
F8_BC68_191109_LF_LIB_consensus_vsearch	3735	T	*/+C	638	30	4.24%	2	1	93	93	6.675583668775695E-10	1	1	428	210	30	0	+C
F8_BC68_191109_LF_LIB_consensus_vsearch	3736	C	*/+A	669	7	1.02%	2	1	93	93	0.007691511945153724	1	1	454	215	7	0	+A
F8_BC68_191109_LF_LIB_consensus_vsearch	3737	C	*/-A	681	9	1.27%	2	1	93	93	0.001902524820821714	1	1	465	216	9	0	-A
F8_BC68_191109_LF_LIB_consensus_vsearch	3738	A	*/-C	516	98	14.12%	2	2	93	93	4.686744462865692E-32	1	1	316	200	88	10	-C
F8_BC68_191109_LF_LIB_consensus_vsearch	3739	C	S	556	7	1.21%	2	1	93	93	0.0076673153898888695	1	1	355	201	7	0	G
F8_BC68_191109_LF_LIB_consensus_vsearch	3740	C	C	673	4	0.59%	2	1	93	93	0.06222294071405593	1	1	461	212	4	0	G
F8_BC68_191109_LF_LIB_consensus_vsearch	3741	C	S	682	7	1%	2	1	93	93	0.007693788058408534	1	1	467	215	7	0	G
F8_BC68_191109_LF_LIB_consensus_vsearch	3742	C	Y	680	14	1.97%	2	2	93	93	5.7125070469182755E-5	1	1	478	202	2	12	T
F8_BC68_191109_LF_LIB_consensus_vsearch	3743	G	*/+A	679	21	2.97%	2	2	93	93	4.095014305334276E-7	1	1	485	194	1	20	+A
F8_BC68_191109_LF_LIB_consensus_vsearch	3744	G	*/-A	679	27	3.79%	2	2	93	93	5.783091530571353E-9	1	1	480	199	11	16	-A
F8_BC68_191109_LF_LIB_consensus_vsearch	3745	A	*/+G	217	433	63.58%	2	2	93	93	4.658934153806116E-180	1	1	203	14	254	179	+G
F8_BC68_191109_LF_LIB_consensus_vsearch	3746	G	*/+A	663	15	2.18%	2	2	93	93	2.821999433004045E-5	1	1	453	210	14	1	+A
F8_BC68_191109_LF_LIB_consensus_vsearch	3747	G	K	685	10	1.41%	2	1	93	93	9.452426007191464E-4	1	1	472	213	10	0	T
F8_BC68_191109_LF_LIB_consensus_vsearch	3748	T	T	695	4	0.56%	2	2	93	93	0.06223166385714614	1	1	486	209	3	1	+A
F8_BC68_191109_LF_LIB_consensus_vsearch	3749	G	G	686	6	0.85%	2	2	93	93	0.0154558995074816	1	1	473	213	5	1	+C
F8_BC68_191109_LF_LIB_consensus_vsearch	3750	C	*/-T	632	36	5.14%	2	2	93	93	8.964151481903976E-12	1	1	452	180	17	19	-T
F8_BC68_191109_LF_LIB_consensus_vsearch	3751	T	Y	626	26	3.93%	2	1	93	93	1.1556154882818867E-8	1	1	430	196	26	0	C
F8_BC68_191109_LF_LIB_consensus_vsearch	3752	T	Y	637	48	6.84%	2	2	93	93	1.513762595409535E-15	1	1	433	204	44	4	C
F8_BC68_191109_LF_LIB_consensus_vsearch	3753	A	R	679	13	1.85%	2	2	93	93	1.153215593019467E-4	1	1	469	210	9	4	G
F8_BC68_191109_LF_LIB_consensus_vsearch	3754	C	C	680	6	0.85%	2	1	93	93	0.015454422669317992	1	1	474	206	0	6	T
F8_BC68_191109_LF_LIB_consensus_vsearch	3755	C	C	689	6	0.85%	2	2	93	93	0.015456628378269563	1	1	477	212	5	1	-ATA
F8_BC68_191109_LF_LIB_consensus_vsearch	3756	A	*/-TA	667	18	2.58%	2	2	93	93	3.4066667633717333E-6	1	1	468	199	6	12	-TA
F8_BC68_191109_LF_LIB_consensus_vsearch	3757	T	Y	648	16	2.33%	2	2	93	93	1.392554589782606E-5	1	1	455	193	9	7	C
F8_BC68_191109_LF_LIB_consensus_vsearch	3758	A	*/-G	655	12	1.76%	2	2	93	93	2.3225555337026962E-4	1	1	461	194	8	4	-G
F8_BC68_191109_LF_LIB_consensus_vsearch	3759	G	*/+A	676	13	1.86%	2	1	93	93	1.1529274338195737E-4	1	1	468	208	13	0	+A
F8_BC68_191109_LF_LIB_consensus_vsearch	3760	G	R	700	7	0.98%	2	1	93	93	0.00769680180962235	1	1	486	214	7	0	A
F8_BC68_191109_LF_LIB_consensus_vsearch	3761	C	C	696	3	0.42%	2	1	93	93	0.12473156764502437	1	1	486	210	3	0	-GCGGCC
F8_BC68_191109_LF_LIB_consensus_vsearch	3762	G	*/-CG	688	15	2.12%	2	2	93	93	2.829947792420914E-5	1	1	477	211	10	5	-CG
F8_BC68_191109_LF_LIB_consensus_vsearch	3763	C	*/-G	667	10	1.45%	2	2	93	93	9.444179274457236E-4	1	1	473	194	1	9	-G
F8_BC68_191109_LF_LIB_consensus_vsearch	3764	G	G	674	4	0.59%	2	2	93	93	0.06222334950634521	1	1	473	201	2	2	+CG
F8_BC68_191109_LF_LIB_consensus_vsearch	3765	G	*/-C	554	122	17.23%	2	2	93	93	4.624133432879509E-40	1	1	380	174	82	40	-C
F8_BC68_191109_LF_LIB_consensus_vsearch	3766	C	C	551	6	1.07%	2	1	93	93	0.015414988935831313	1	1	381	170	0	6	+T
F8_BC68_191109_LF_LIB_consensus_vsearch	3767	C	C	678	5	0.73%	2	2	93	93	0.031021314220158875	1	1	464	214	3	2	T
F8_BC68_191109_LF_LIB_consensus_vsearch	3768	C	Y	671	11	1.58%	2	2	93	93	4.688372910985754E-4	1	1	465	206	5	6	T
F8_BC68_191109_LF_LIB_consensus_vsearch	3769	C	*/-T	685	17	2.39%	2	2	93	93	6.917041677048249E-6	1	1	480	205	7	10	-T
F8_BC68_191109_LF_LIB_consensus_vsearch	3770	T	*/+G	663	18	2.59%	2	1	93	93	3.4043742958726095E-6	1	1	478	185	0	18	+G
F8_BC68_191109_LF_LIB_consensus_vsearch	3771	G	*/-A	689	12	1.69%	2	1	93	93	2.3282309508343565E-4	1	1	475	214	12	0	-A
F8_BC68_191109_LF_LIB_consensus_vsearch	3772	A	R	674	16	2.28%	2	1	93	93	1.397415412378021E-5	1	1	458	216	16	0	G
F8_BC68_191109_LF_LIB_consensus_vsearch	3773	G	G	705	2	0.28%	2	1	93	93	0.24982307147908459	1	1	490	215	2	0	A
F8_BC68_191109_LF_LIB_consensus_vsearch	3774	C	C	705	2	0.28%	2	1	93	93	0.24982307147908459	1	1	490	215	2	0	T
F8_BC68_191109_LF_LIB_consensus_vsearch	3775	A	A	699	6	0.85%	2	1	93	93	0.01545901321150471	1	1	483	216	6	0	G
F8_BC68_191109_LF_LIB_consensus_vsearch	3776	T	T	699	6	0.84%	2	2	93	93	0.01545901321150471	1	1	485	214	3	3	C
F8_BC68_191109_LF_LIB_consensus_vsearch	3777	C	C	702	2	0.28%	2	1	93	93	0.2498223169866272	1	1	485	217	2	0	-AAC
F8_BC68_191109_LF_LIB_consensus_vsearch	3778	A	A	698	6	0.85%	2	2	93	93	0.015458777772499533	1	1	485	213	4	2	G
F8_BC68_191109_LF_LIB_consensus_vsearch	3779	A	R	658	42	5.92%	2	1	93	93	1.2062771099030845E-13	1	1	444	214	42	0	G
F8_BC68_191109_LF_LIB_consensus_vsearch	3780	C	C	695	3	0.42%	2	2	93	93	0.12473118279579633	1	1	482	213	2	1	+T
F8_BC68_191109_LF_LIB_consensus_vsearch	3781	T	T	692	6	0.85%	2	1	93	93	0.015457350992753744	1	1	482	210	6	0	C
F8_BC68_191109_LF_LIB_consensus_vsearch	3782	A	W	687	10	1.41%	2	1	93	93	9.453316267322512E-4	1	1	472	215	10	0	T
F8_BC68_191109_LF_LIB_consensus_vsearch	3783	C	Y	689	8	1.13%	2	2	93	93	0.0038281551540559158	1	1	481	208	3	5	T
F8_BC68_191109_LF_LIB_consensus_vsearch	3784	G	G	700	5	0.71%	2	2	93	93	0.031028447945850964	1	1	487	213	3	2	A
F8_BC68_191109_LF_LIB_consensus_vsearch	3785	C	*/-AC	650	47	6.65%	2	1	93	93	3.1850672327147934E-15	1	1	437	213	47	0	-AC
F8_BC68_191109_LF_LIB_consensus_vsearch	3786	A	R	643	13	1.96%	2	2	93	93	1.1495873174781986E-4	1	1	432	211	11	2	G
F8_BC68_191109_LF_LIB_consensus_vsearch	3787	C	C	654	3	0.45%	2	2	93	93	0.12471439451646398	1	1	441	213	1	2	T
F8_BC68_191109_LF_LIB_consensus_vsearch	3788	G	*/-T	641	47	6.63%	2	2	93	93	3.1506398565480956E-15	1	1	430	211	46	1	-T
F8_BC68_191109_LF_LIB_consensus_vsearch	3789	T	T	655	5	0.76%	2	2	93	93	0.031013347932184514	1	1	444	211	2	3	C
F8_BC68_191109_LF_LIB_consensus_vsearch	3790	T	T	707	3	0.42%	2	2	93	93	0.12473572938667123	1	1	493	214	1	2	C
F8_BC68_191109_LF_LIB_consensus_vsearch	3791	T	Y	701	10	1.4%	2	2	93	93	9.459409153510213E-4	1	1	486	215	8	2	C
F8_BC68_191109_LF_LIB_consensus_vsearch	3792	T	*/-A	689	18	2.52%	2	2	93	93	3.4188315591916383E-6	1	1	474	215	17	1	-A
F8_BC68_191109_LF_LIB_consensus_vsearch	3793	A	A	691	2	0.29%	2	1	93	93	0.24981949458509745	1	1	475	216	2	0	+GC
F8_BC68_191109_LF_LIB_consensus_vsearch	3794	A	R	682	26	3.65%	2	1	93	93	1.1795253449909726E-8	1	1	469	213	26	0	G
F8_BC68_191109_LF_LIB_consensus_vsearch	3795	C	*/-T	694	9	1.26%	2	2	93	93	0.001903454156451721	1	1	478	216	8	1	-T
F8_BC68_191109_LF_LIB_consensus_vsearch	3796	T	Y	676	14	1.99%	2	2	93	93	5.7102932363953475E-5	1	1	480	196	3	11	C
F8_BC68_191109_LF_LIB_consensus_vsearch	3797	G	G	701	5	0.7%	2	2	93	93	0.03102876164621499	1	1	488	213	4	1	A
F8_BC68_191109_LF_LIB_consensus_vsearch	3798	C	*/+A	676	19	2.67%	2	1	93	93	1.6837599518308374E-6	1	1	489	187	0	19	+A
F8_BC68_191109_LF_LIB_consensus_vsearch	3799	A	R	698	10	1.41%	2	2	93	93	9.458123630855411E-4	1	1	483	215	9	1	G
F8_BC68_191109_LF_LIB_consensus_vsearch	3800	A	R	668	35	4.91%	2	2	93	93	1.8859042896476495E-11	1	1	458	210	33	2	G
F8_BC68_191109_LF_LIB_consensus_vsearch	3801	C	Y	662	27	3.81%	2	2	93	93	5.746344578973385E-9	1	1	478	184	4	23	T
F8_BC68_191109_LF_LIB_consensus_vsearch	3802	A	A	688	3	0.43%	2	1	93	93	0.12472845763924613	1	1	481	207	0	3	+T
F8_BC68_191109_LF_LIB_consensus_vsearch	3803	A	R	670	19	2.67%	2	2	93	93	1.6819077718369796E-6	1	1	475	195	18	1	G
F8_BC68_191109_LF_LIB_consensus_vsearch	3804	C	*/-T	672	17	2.42%	2	1	93	93	6.904105478144287E-6	1	1	490	182	0	17	-T
F8_BC68_191109_LF_LIB_consensus_vsearch	3805	T	*/+C	671	7	1.01%	2	1	93	93	0.007691867780677997	1	1	478	193	7	0	+C
F8_BC68_191109_LF_LIB_consensus_vsearch	3806	C	*/+TC	680	12	1.7%	2	2	93	93	2.3267820494486116E-4	1	1	486	194	2	10	+TC
F8_BC68_191109_LF_LIB_consensus_vsearch	3807	A	*/-CA	653	25	3.55%	2	2	93	93	2.378996477004294E-8	1	1	462	191	19	6	-CA
F8_BC68_191109_LF_LIB_consensus_vsearch	3808	C	C	672	4	0.58%	2	1	93	93	0.062222530712045386	1	1	470	202	4	0	+G
F8_BC68_191109_LF_LIB_consensus_vsearch	3809	A	A	668	5	0.73%	2	1	93	93	0.03101791749591869	1	1	459	209	5	0	+CT
F8_BC68_191109_LF_LIB_consensus_vsearch	3810	T	T	693	5	0.71%	2	2	93	93	0.031026226884601986	1	1	482	211	4	1	C
F8_BC68_191109_LF_LIB_consensus_vsearch	3811	A	*/-TA	656	40	5.66%	2	2	93	93	5.108609586173763E-13	1	1	460	196	23	17	-TA
F8_BC68_191109_LF_LIB_consensus_vsearch	3812	T	T	659	4	0.6%	2	2	93	93	0.06221708809305311	1	1	460	199	3	1	-A
F8_BC68_191109_LF_LIB_consensus_vsearch	3813	A	R	647	9	1.35%	2	2	93	93	0.0018999213893366445	1	1	450	197	8	1	G
F8_BC68_191109_LF_LIB_consensus_vsearch	3814	C	C	706	2	0.28%	2	2	93	93	0.24982332155411754	1	1	491	215	1	1	+G
F8_BC68_191109_LF_LIB_consensus_vsearch	3815	G	G	703	4	0.56%	2	2	93	93	0.06223470126280326	1	1	491	212	2	2	-C
F8_BC68_191109_LF_LIB_consensus_vsearch	3816	C	C	699	3	0.42%	2	1	93	93	0.12473271560965893	1	1	492	207	0	3	-T
F8_BC68_191109_LF_LIB_consensus_vsearch	3817	T	T	703	5	0.71%	2	1	93	93	0.0310293863893414	1	1	490	213	5	0	C
F8_BC68_191109_LF_LIB_consensus_vsearch	3818	C	C	704	3	0.42%	2	1	93	93	0.12473460721856874	1	1	489	215	3	0	+A
F8_BC68_191109_LF_LIB_consensus_vsearch	3819	G	G	696	4	0.56%	2	1	93	93	0.06223204733082229	1	1	486	210	4	0	A
F8_BC68_191109_LF_LIB_consensus_vsearch	3820	T	*/+G	688	8	1.13%	2	2	93	93	0.0038280434768544216	1	1	486	202	4	4	+G
F8_BC68_191109_LF_LIB_consensus_vsearch	3821	G	G	695	6	0.85%	2	2	93	93	0.015458067431314672	1	1	489	206	4	2	A
F8_BC68_191109_LF_LIB_consensus_vsearch	3822	G	*/-A	678	25	3.52%	2	1	93	93	2.3984785837204196E-8	1	1	467	211	25	0	-A
F8_BC68_191109_LF_LIB_consensus_vsearch	3823	A	A	676	6	0.87%	2	1	93	93	0.01545342369558815	1	1	461	215	6	0	-G
F8_BC68_191109_LF_LIB_consensus_vsearch	3824	G	G	694	5	0.71%	2	2	93	93	0.031026546901622466	1	1	484	210	1	4	-C
F8_BC68_191109_LF_LIB_consensus_vsearch	3825	C	Y	693	8	1.13%	2	1	93	93	0.0038285986916817977	1	1	491	202	0	8	T
F8_BC68_191109_LF_LIB_consensus_vsearch	3826	T	*/-G	684	14	1.97%	2	2	93	93	5.714696078688274E-5	1	1	484	200	4	10	-G
F8_BC68_191109_LF_LIB_consensus_vsearch	3827	G	G	690	3	0.43%	2	1	93	93	0.12472924187740676	1	1	487	203	3	0	A
F8_BC68_191109_LF_LIB_consensus_vsearch	3828	G	G	702	4	0.56%	2	1	93	93	0.062234325352884735	1	1	489	213	4	0	-A
F8_BC68_191109_LF_LIB_consensus_vsearch	3829	A	A	701	4	0.57%	2	2	93	93	0.06223394837614865	1	1	487	214	2	2	G
F8_BC68_191109_LF_LIB_consensus_vsearch	3830	A	A	698	6	0.84%	2	2	93	93	0.015458777772499533	1	1	486	212	5	1	G
F8_BC68_191109_LF_LIB_consensus_vsearch	3831	T	T	702	3	0.42%	2	1	93	93	0.12473385379729661	1	1	489	213	3	0	C
F8_BC68_191109_LF_LIB_consensus_vsearch	3832	T	T	701	5	0.7%	2	2	93	93	0.03102876164621499	1	1	492	209	3	2	C
F8_BC68_191109_LF_LIB_consensus_vsearch	3833	A	*/-C	693	9	1.26%	2	1	93	93	0.0019033838827015696	1	1	482	211	9	0	-C
F8_BC68_191109_LF_LIB_consensus_vsearch	3834	C	C	693	6	0.85%	2	2	93	93	0.01545759048792114	1	1	485	208	1	5	T
F8_BC68_191109_LF_LIB_consensus_vsearch	3835	C	Y	683	13	1.83%	2	2	93	93	1.1535960161590476E-4	1	1	488	195	2	11	T
F8_BC68_191109_LF_LIB_consensus_vsearch	3836	G	R	684	21	2.96%	2	2	93	93	4.0995036176951284E-7	1	1	470	214	20	1	A
F8_BC68_191109_LF_LIB_consensus_vsearch	3837	C	*/-G	676	11	1.55%	2	2	93	93	4.689770401652236E-4	1	1	482	194	2	9	-G
F8_BC68_191109_LF_LIB_consensus_vsearch	3838	G	G	686	6	0.86%	2	1	93	93	0.0154558995074816	1	1	483	203	6	0	A
F8_BC68_191109_LF_LIB_consensus_vsearch	3839	G	R	693	10	1.41%	2	2	93	93	9.455956940415569E-4	1	1	480	213	9	1	A
F8_BC68_191109_LF_LIB_consensus_vsearch	3840	C	C	696	6	0.85%	2	2	93	93	0.015458304885326069	1	1	488	208	1	5	T
F8_BC68_191109_LF_LIB_consensus_vsearch	3841	T	T	701	4	0.56%	2	1	93	93	0.06223394837614865	1	1	488	213	4	0	C
F8_BC68_191109_LF_LIB_consensus_vsearch	3842	G	G	694	6	0.84%	2	1	93	93	0.015457829299773128	1	1	480	214	6	0	A
F8_BC68_191109_LF_LIB_consensus_vsearch	3843	C	C	690	2	0.28%	2	1	93	93	0.249819233550139	1	1	478	212	2	0	+A
F8_BC68_191109_LF_LIB_consensus_vsearch	3844	T	*/-G	684	8	1.14%	2	2	93	93	0.003827593555737496	1	1	474	210	7	1	-G
F8_BC68_191109_LF_LIB_consensus_vsearch	3845	G	G	687	3	0.43%	2	1	93	93	0.12472806381429648	1	1	473	214	3	0	+T
F8_BC68_191109_LF_LIB_consensus_vsearch	3846	G	G	695	5	0.71%	2	1	93	93	0.031026866004720807	1	1	478	217	5	0	A
F8_BC68_191109_LF_LIB_consensus_vsearch	3847	C	*/-A	616	64	9.03%	2	1	93	93	1.1441987886900455E-20	1	1	406	210	64	0	-A
F8_BC68_191109_LF_LIB_consensus_vsearch	3848	A	W	586	21	3.26%	2	1	93	93	3.9989953345129177E-7	1	1	373	213	21	0	T
F8_BC68_191109_LF_LIB_consensus_vsearch	3849	C	S	603	66	9.5%	2	2	93	93	2.5097170892081488E-21	1	1	393	210	64	2	G
F8_BC68_191109_LF_LIB_consensus_vsearch	3850	C	Y	685	7	0.99%	2	2	93	93	0.007694301206193144	1	1	472	213	4	3	T
F8_BC68_191109_LF_LIB_consensus_vsearch	3851	A	R	680	14	1.98%	2	2	93	93	5.7125070469182755E-5	1	1	468	212	13	1	G
F8_BC68_191109_LF_LIB_consensus_vsearch	3852	G	G	698	3	0.43%	2	1	93	93	0.12473233404720117	1	1	483	215	3	0	+A
F8_BC68_191109_LF_LIB_consensus_vsearch	3853	A	R	694	10	1.41%	2	2	93	93	9.456392717556314E-4	1	1	484	210	7	3	G
F8_BC68_191109_LF_LIB_consensus_vsearch	3854	C	*/-T	684	10	1.41%	2	2	93	93	9.451978971244695E-4	1	1	477	207	8	2	-T
F8_BC68_191109_LF_LIB_consensus_vsearch	3855	T	T	685	5	0.72%	2	1	93	93	0.0310236333677177	1	1	477	208	0	5	+C
F8_BC68_191109_LF_LIB_consensus_vsearch	3856	T	T	689	6	0.85%	2	2	93	93	0.015456628378269563	1	1	481	208	4	2	C
F8_BC68_191109_LF_LIB_consensus_vsearch	3857	G	*/-C	663	30	4.23%	2	2	93	93	6.758034317885577E-10	1	1	470	193	17	13	-C
F8_BC68_191109_LF_LIB_consensus_vsearch	3858	C	*/+T	611	48	7.05%	2	1	93	93	1.4617955459481006E-15	1	1	474	137	0	48	+T
F8_BC68_191109_LF_LIB_consensus_vsearch	3859	C	Y	676	19	2.67%	2	2	93	93	1.6837599518308374E-6	1	1	487	189	1	18	T
F8_BC68_191109_LF_LIB_consensus_vsearch	3860	C	*/-T	701	7	0.98%	2	2	93	93	0.007696964759941648	1	1	487	214	5	2	-T
F8_BC68_191109_LF_LIB_consensus_vsearch	3861	T	*/-C	437	262	37.11%	2	2	93	93	8.847591846580466E-93	1	1	226	211	260	2	-C
F8_BC68_191109_LF_LIB_consensus_vsearch	3862	C	C	441	4	0.89%	2	1	93	93	0.062078415508149166	1	1	228	213	4	0	+T
F8_BC68_191109_LF_LIB_consensus_vsearch	3863	C	*/-A	699	10	1.4%	2	2	93	93	9.458553335893302E-4	1	1	488	211	4	6	-A
F8_BC68_191109_LF_LIB_consensus_vsearch	3864	A	R	693	7	1%	2	2	93	93	0.007695648159281727	1	1	486	207	3	4	G
F8_BC68_191109_LF_LIB_consensus_vsearch	3865	A	A	705	6	0.84%	2	1	93	93	0.015460411956916664	1	1	489	216	6	0	G
F8_BC68_191109_LF_LIB_consensus_vsearch	3866	T	Y	695	10	1.4%	2	2	93	93	9.456827270018123E-4	1	1	488	207	3	7	C
F8_BC68_191109_LF_LIB_consensus_vsearch	3867	C	C	704	2	0.28%	2	1	93	93	0.24982282069449002	1	1	489	215	2	0	G
F8_BC68_191109_LF_LIB_consensus_vsearch	3868	G	G	698	5	0.7%	2	1	93	93	0.031027817868692333	1	1	484	214	5	0	+T
F8_BC68_191109_LF_LIB_consensus_vsearch	3869	T	Y	695	13	1.83%	2	1	93	93	1.1547119868329472E-4	1	1	494	201	0	13	C
F8_BC68_191109_LF_LIB_consensus_vsearch	3870	T	T	703	3	0.42%	2	1	93	93	0.12473423104214414	1	1	491	212	3	0	-G
F8_BC68_191109_LF_LIB_consensus_vsearch	3871	G	G	694	5	0.71%	2	2	93	93	0.031026546901622466	1	1	486	208	2	3	-C
F8_BC68_191109_LF_LIB_consensus_vsearch	3872	C	C	693	4	0.57%	2	2	93	93	0.06223089360699252	1	1	483	210	2	2	-T
F8_BC68_191109_LF_LIB_consensus_vsearch	3873	T	T	694	5	0.71%	2	2	93	93	0.031026546901622466	1	1	482	212	4	1	C
F8_BC68_191109_LF_LIB_consensus_vsearch	3874	C	*/-A	642	56	7.91%	2	1	93	93	4.397939986638182E-18	1	1	430	212	56	0	-A
F8_BC68_191109_LF_LIB_consensus_vsearch	3875	A	A	629	6	0.93%	2	2	93	93	0.015440744528311174	1	1	417	212	4	2	-C
F8_BC68_191109_LF_LIB_consensus_vsearch	3876	C	*/-T	672	22	3.16%	2	1	93	93	2.0133615225401046E-7	1	1	480	192	0	22	-T
F8_BC68_191109_LF_LIB_consensus_vsearch	3877	T	*/+C	645	24	3.5%	2	2	93	93	4.8315701309687926E-8	1	1	459	186	23	1	+C
F8_BC68_191109_LF_LIB_consensus_vsearch	3878	C	C	688	5	0.71%	2	2	93	93	0.031024612950973945	1	1	477	211	4	1	-A
F8_BC68_191109_LF_LIB_consensus_vsearch	3879	A	*/+G	675	15	2.13%	2	2	93	93	2.8258845005867144E-5	1	1	469	206	11	4	+G
F8_BC68_191109_LF_LIB_consensus_vsearch	3880	G	*/-A	674	30	4.21%	2	1	93	93	6.79271748098414E-10	1	1	461	213	30	0	-A
F8_BC68_191109_LF_LIB_consensus_vsearch	3881	A	R	645	17	2.49%	2	2	93	93	6.875679320192708E-6	1	1	432	213	15	2	G
F8_BC68_191109_LF_LIB_consensus_vsearch	3882	G	G	700	3	0.43%	2	1	93	93	0.12473309608558197	1	1	489	211	0	3	-C
F8_BC68_191109_LF_LIB_consensus_vsearch	3883	C	*/+T	674	10	1.41%	2	1	93	93	9.447437414487541E-4	1	1	477	197	10	0	+T
F8_BC68_191109_LF_LIB_consensus_vsearch	3884	T	T	695	2	0.29%	2	1	93	93	0.24982053122698733	1	1	491	204	0	2	C
F8_BC68_191109_LF_LIB_consensus_vsearch	3885	T	T	701	2	0.28%	2	1	93	93	0.24982206405609253	1	1	490	211	2	0	C
F8_BC68_191109_LF_LIB_consensus_vsearch	3886	T	T	691	5	0.7%	2	1	93	93	0.03102558409276762	1	1	475	216	5	0	+A
F8_BC68_191109_LF_LIB_consensus_vsearch	3887	A	R	678	16	2.26%	2	1	93	93	1.3981319678996957E-5	1	1	469	209	16	0	G
F8_BC68_191109_LF_LIB_consensus_vsearch	3888	G	G	707	1	0.14%	2	1	93	93	0.5000000000008233	1	1	490	217	1	0	+A
F8_BC68_191109_LF_LIB_consensus_vsearch	3889	A	R	695	14	1.96%	2	2	93	93	5.720591494437529E-5	1	1	480	215	13	1	G
F8_BC68_191109_LF_LIB_consensus_vsearch	3890	T	T	703	3	0.42%	2	1	93	93	0.12473423104214414	1	1	487	216	3	0	G
F8_BC68_191109_LF_LIB_consensus_vsearch	3891	T	*/+G	625	64	8.98%	2	1	93	93	1.168852529933945E-20	1	1	411	214	64	0	+G
F8_BC68_191109_LF_LIB_consensus_vsearch	3892	A	*/-G	606	78	11.02%	2	2	93	93	3.224383803091849E-25	1	1	420	186	51	27	-G
F8_BC68_191109_LF_LIB_consensus_vsearch	3893	G	*/+A	580	23	3.63%	2	1	93	93	9.626406970422878E-8	1	1	393	187	23	0	+A
F8_BC68_191109_LF_LIB_consensus_vsearch	3894	G	R	688	10	1.41%	2	1	93	93	9.453759502338604E-4	1	1	480	208	10	0	A
F8_BC68_191109_LF_LIB_consensus_vsearch	3895	C	C	709	1	0.14%	2	1	93	93	0.5000000000008233	1	1	493	216	1	0	-T
F8_BC68_191109_LF_LIB_consensus_vsearch	3896	T	*/-C	695	8	1.12%	2	1	93	93	0.003828818576574826	1	1	490	205	0	8	-C
F8_BC68_191109_LF_LIB_consensus_vsearch	3897	C	C	699	2	0.28%	2	1	93	93	0.24982155603092132	1	1	492	207	0	2	+T
F8_BC68_191109_LF_LIB_consensus_vsearch	3898	A	R	693	8	1.12%	2	2	93	93	0.0038285986916817977	1	1	482	211	5	3	G
F8_BC68_191109_LF_LIB_consensus_vsearch	3899	T	Y	701	7	0.99%	2	2	93	93	0.007696964759941648	1	1	490	211	5	2	C
F8_BC68_191109_LF_LIB_consensus_vsearch	3900	T	*/-C	543	161	22.61%	2	2	93	93	1.0908887934172877E-53	1	1	335	208	154	7	-C
F8_BC68_191109_LF_LIB_consensus_vsearch	3901	C	Y	536	11	2%	2	2	93	93	4.6411360868119984E-4	1	1	328	208	9	2	T
F8_BC68_191109_LF_LIB_consensus_vsearch	3902	C	*/-A	643	55	7.74%	2	2	93	93	9.172064575550946E-18	1	1	479	164	5	50	-A
F8_BC68_191109_LF_LIB_consensus_vsearch	3903	A	*/+G	632	18	2.74%	2	1	93	93	3.385695603396571E-6	1	1	470	162	18	0	+G
F8_BC68_191109_LF_LIB_consensus_vsearch	3904	A	*/-T	683	14	1.97%	2	2	93	93	5.714151120968991E-5	1	1	481	202	6	8	-T
F8_BC68_191109_LF_LIB_consensus_vsearch	3905	T	Y	634	54	7.76%	2	2	93	93	1.8807339567903913E-17	1	1	482	152	1	53	C
F8_BC68_191109_LF_LIB_consensus_vsearch	3906	T	*/+A	661	17	2.39%	2	1	93	93	6.892787088850134E-6	1	1	455	206	17	0	+A
F8_BC68_191109_LF_LIB_consensus_vsearch	3907	A	*/+G	661	20	2.82%	2	1	93	93	8.278154721497385E-7	1	1	471	190	0	20	+G
F8_BC68_191109_LF_LIB_consensus_vsearch	3908	G	R	680	7	1.01%	2	2	93	93	0.007693443477408817	1	1	469	211	6	1	A
F8_BC68_191109_LF_LIB_consensus_vsearch	3909	G	G	697	6	0.84%	2	2	93	93	0.015458541664756588	1	1	488	209	5	1	A
F8_BC68_191109_LF_LIB_consensus_vsearch	3910	T	T	693	6	0.84%	2	1	93	93	0.01545759048792114	1	1	483	210	6	0	+C
F8_BC68_191109_LF_LIB_consensus_vsearch	3911	C	C	694	6	0.85%	2	2	93	93	0.015457829299773128	1	1	484	210	4	2	T
F8_BC68_191109_LF_LIB_consensus_vsearch	3912	A	*/-CA	659	28	3.96%	2	2	93	93	2.8134106295747587E-9	1	1	452	207	27	1	-CA
F8_BC68_191109_LF_LIB_consensus_vsearch	3913	C	*/-A	663	13	1.9%	2	1	93	93	1.1516497802969439E-4	1	1	449	214	13	0	-A
F8_BC68_191109_LF_LIB_consensus_vsearch	3914	A	R	652	8	1.19%	2	2	93	93	0.0038237988380035006	1	1	444	208	4	4	G
F8_BC68_191109_LF_LIB_consensus_vsearch	3915	T	K	689	13	1.84%	2	1	93	93	1.1541586787677064E-4	1	1	477	212	13	0	G
F8_BC68_191109_LF_LIB_consensus_vsearch	3916	T	Y	697	8	1.12%	2	2	93	93	0.003829037219745354	1	1	484	213	5	3	C
F8_BC68_191109_LF_LIB_consensus_vsearch	3917	G	R	691	7	0.99%	2	2	93	93	0.007695314307205932	1	1	479	212	6	1	A
F8_BC68_191109_LF_LIB_consensus_vsearch	3918	C	C	694	3	0.42%	2	2	93	93	0.12473079684146932	1	1	484	210	1	2	-T
F8_BC68_191109_LF_LIB_consensus_vsearch	3919	T	Y	692	7	0.99%	2	2	93	93	0.007695481471345102	1	1	484	208	3	4	C
F8_BC68_191109_LF_LIB_consensus_vsearch	3920	C	*/+A	651	45	6.35%	2	2	93	93	1.3630717834609284E-14	1	1	454	197	34	11	+A
F8_BC68_191109_LF_LIB_consensus_vsearch	3921	G	K	646	36	5.08%	2	2	93	93	9.056178186925426E-12	1	1	444	202	35	1	T
F8_BC68_191109_LF_LIB_consensus_vsearch	3922	T	W	697	7	0.99%	2	1	93	93	0.007696310189204633	1	1	492	205	0	7	A
F8_BC68_191109_LF_LIB_consensus_vsearch	3923	G	R	691	7	0.99%	2	2	93	93	0.007695314307205932	1	1	481	210	6	1	A
F8_BC68_191109_LF_LIB_consensus_vsearch	3924	C	*/-GC	667	19	2.68%	2	2	93	93	1.6809701425482997E-6	1	1	475	192	8	11	-GC
F8_BC68_191109_LF_LIB_consensus_vsearch	3925	G	*/-C	655	20	2.91%	2	2	93	93	8.267593648282868E-7	1	1	455	200	15	5	-C
F8_BC68_191109_LF_LIB_consensus_vsearch	3926	C	C	665	2	0.3%	2	1	93	93	0.24981245311318281	1	1	465	200	2	0	+GC
F8_BC68_191109_LF_LIB_consensus_vsearch	3927	C	C	703	4	0.56%	2	2	93	93	0.06223470126280326	1	1	489	214	2	2	T
F8_BC68_191109_LF_LIB_consensus_vsearch	3928	C	C	706	4	0.56%	2	1	93	93	0.0622358226367427	1	1	489	217	4	0	T
F8_BC68_191109_LF_LIB_consensus_vsearch	3929	C	C	704	6	0.84%	2	2	93	93	0.015460180472089387	1	1	488	216	5	1	T
F8_BC68_191109_LF_LIB_consensus_vsearch	3930	A	*/+T	696	8	1.13%	2	1	93	93	0.0038289280527219385	1	1	479	217	8	0	+T
F8_BC68_191109_LF_LIB_consensus_vsearch	3931	T	T	705	5	0.7%	2	1	93	93	0.031030007614295013	1	1	488	217	5	0	C
F8_BC68_191109_LF_LIB_consensus_vsearch	3932	T	T	698	6	0.84%	2	1	93	93	0.015458777772499533	1	1	483	215	6	0	+A
F8_BC68_191109_LF_LIB_consensus_vsearch	3933	G	G	689	6	0.85%	2	1	93	93	0.015456628378269563	1	1	477	212	6	0	T
F8_BC68_191109_LF_LIB_consensus_vsearch	3934	T	T	692	4	0.57%	2	2	93	93	0.062230506821500255	1	1	481	211	3	1	C
F8_BC68_191109_LF_LIB_consensus_vsearch	3935	T	T	685	5	0.71%	2	2	93	93	0.0310236333677177	1	1	479	206	1	4	+A
F8_BC68_191109_LF_LIB_consensus_vsearch	3936	A	R	688	7	0.99%	2	2	93	93	0.007694809936862327	1	1	481	207	5	2	G
F8_BC68_191109_LF_LIB_consensus_vsearch	3937	T	*/+A	686	7	0.99%	2	1	93	93	0.007694471271058793	1	1	475	211	7	0	+A
F8_BC68_191109_LF_LIB_consensus_vsearch	3938	G	G	683	6	0.85%	2	1	93	93	0.015455164298851453	1	1	473	210	6	0	T
F8_BC68_191109_LF_LIB_consensus_vsearch	3939	T	*/+GT	673	10	1.42%	2	1	93	93	9.44697601521353E-4	1	1	475	198	0	10	+GT
F8_BC68_191109_LF_LIB_consensus_vsearch	3940	A	R	689	11	1.56%	2	2	93	93	4.693311600173773E-4	1	1	473	216	10	1	G
F8_BC68_191109_LF_LIB_consensus_vsearch	3941	C	C	697	5	0.7%	2	2	93	93	0.03102750148427654	1	1	487	210	1	4	T
F8_BC68_191109_LF_LIB_consensus_vsearch	3942	T	T	702	2	0.28%	2	1	93	93	0.2498223169866272	1	1	487	215	2	0	A
F8_BC68_191109_LF_LIB_consensus_vsearch	3943	G	R	692	14	1.97%	2	2	93	93	5.7190014511051865E-5	1	1	482	210	11	3	A
F8_BC68_191109_LF_LIB_consensus_vsearch	3944	T	*/-C	691	8	1.12%	2	2	93	93	0.0038283775544042174	1	1	483	208	5	3	-C
F8_BC68_191109_LF_LIB_consensus_vsearch	3945	C	*/-G	668	21	2.98%	2	1	93	93	4.084922967980539E-7	1	1	455	213	21	0	-G
F8_BC68_191109_LF_LIB_consensus_vsearch	3946	G	R	667	10	1.45%	2	2	93	93	9.444179274457236E-4	1	1	454	213	9	1	A
F8_BC68_191109_LF_LIB_consensus_vsearch	3947	C	*/+TT	673	9	1.27%	2	1	93	93	0.001901935436692325	1	1	460	213	9	0	+TT
F8_BC68_191109_LF_LIB_consensus_vsearch	3948	T	Y	689	11	1.55%	2	2	93	93	4.693311600173773E-4	1	1	484	205	1	10	C
F8_BC68_191109_LF_LIB_consensus_vsearch	3949	A	R	671	10	1.41%	2	2	93	93	9.446049190917967E-4	1	1	470	201	8	2	G
F8_BC68_191109_LF_LIB_consensus_vsearch	3950	C	*/+T	670	18	2.58%	2	2	93	93	3.408369391934405E-6	1	1	478	192	2	16	+T
F8_BC68_191109_LF_LIB_consensus_vsearch	3951	C	C	701	3	0.42%	2	2	93	93	0.12473347547949812	1	1	488	213	2	1	T
F8_BC68_191109_LF_LIB_consensus_vsearch	3952	T	W	659	37	5.23%	2	2	93	93	4.45124800846224E-12	1	1	474	185	8	29	A
F8_BC68_191109_LF_LIB_consensus_vsearch	3953	C	C	702	2	0.28%	2	1	93	93	0.2498223169866272	1	1	489	213	0	2	+GC
F8_BC68_191109_LF_LIB_consensus_vsearch	3954	A	A	702	4	0.56%	2	2	93	93	0.062234325352884735	1	1	490	212	1	3	G
F8_BC68_191109_LF_LIB_consensus_vsearch	3955	C	*/-AC	647	47	6.6%	2	2	93	93	3.1736527458365307E-15	1	1	434	213	46	1	-AC
F8_BC68_191109_LF_LIB_consensus_vsearch	3956	A	A	651	3	0.46%	2	1	93	93	0.12471308339704065	1	1	437	214	3	0	+C
F8_BC68_191109_LF_LIB_consensus_vsearch	3957	C	*/+AC	339	298	45.15%	2	2	93	93	1.9740596438249342E-110	1	1	228	111	199	99	+AC
F8_BC68_191109_LF_LIB_consensus_vsearch	3958	G	R	625	76	10.73%	2	2	93	93	1.5421602924000182E-24	1	1	465	160	20	56	A
F8_BC68_191109_LF_LIB_consensus_vsearch	3959	T	Y	630	74	10.45%	2	2	93	93	6.98767348585627E-24	1	1	469	161	20	54	C
F8_BC68_191109_LF_LIB_consensus_vsearch	3960	G	G	710	1	0.14%	2	1	93	93	0.5000000000008233	1	1	494	216	1	0	+T
F8_BC68_191109_LF_LIB_consensus_vsearch	3961	T	*/-GT	684	23	3.23%	2	2	93	93	9.939030820163934E-8	1	1	483	201	9	14	-GT
F8_BC68_191109_LF_LIB_consensus_vsearch	3962	G	G	684	3	0.44%	2	2	93	93	0.12472687545529655	1	1	484	200	2	1	A
F8_BC68_191109_LF_LIB_consensus_vsearch	3963	T	T	665	6	0.87%	2	1	93	93	0.015450615198453518	1	1	469	196	6	0	-ATT
F8_BC68_191109_LF_LIB_consensus_vsearch	3964	A	A	687	6	0.86%	2	2	93	93	0.015456143164561733	1	1	475	212	5	1	G
F8_BC68_191109_LF_LIB_consensus_vsearch	3965	T	T	686	6	0.86%	2	1	93	93	0.0154558995074816	1	1	475	211	6	0	G
F8_BC68_191109_LF_LIB_consensus_vsearch	3966	T	*/-GG	649	21	2.97%	2	2	93	93	4.0667627471891246E-7	1	1	466	183	2	19	-GG
F8_BC68_191109_LF_LIB_consensus_vsearch	3967	G	G	660	6	0.89%	2	2	93	93	0.015449307986742582	1	1	476	184	5	1	A
F8_BC68_191109_LF_LIB_consensus_vsearch	3968	G	*/+A	662	15	2.17%	2	1	93	93	2.8216696390887653E-5	1	1	468	194	15	0	+A
F8_BC68_191109_LF_LIB_consensus_vsearch	3969	G	*/-T	693	8	1.12%	2	2	93	93	0.0038285986916817977	1	1	481	212	5	3	-T
F8_BC68_191109_LF_LIB_consensus_vsearch	3970	T	Y	653	27	3.84%	2	2	93	93	5.726231180107417E-9	1	1	466	187	4	23	C
F8_BC68_191109_LF_LIB_consensus_vsearch	3971	A	A	683	5	0.72%	2	2	93	93	0.03102297556781269	1	1	472	211	3	2	G
F8_BC68_191109_LF_LIB_consensus_vsearch	3972	A	*/-T	539	155	21.95%	2	2	93	93	1.3402412140989306E-51	1	1	333	206	151	4	-T
F8_BC68_191109_LF_LIB_consensus_vsearch	3973	T	K	542	8	1.44%	2	1	93	93	0.003807406881292934	1	1	331	211	8	0	G
F8_BC68_191109_LF_LIB_consensus_vsearch	3974	T	K	695	7	0.98%	2	1	93	93	0.007695980114598385	1	1	484	211	7	0	G
F8_BC68_191109_LF_LIB_consensus_vsearch	3975	T	T	693	6	0.84%	2	1	93	93	0.01545759048792114	1	1	485	208	0	6	+G
F8_BC68_191109_LF_LIB_consensus_vsearch	3976	G	R	696	8	1.13%	2	2	93	93	0.0038289280527219385	1	1	485	211	4	4	A
F8_BC68_191109_LF_LIB_consensus_vsearch	3977	C	Y	689	14	1.97%	2	2	93	93	5.717398152477232E-5	1	1	487	202	2	12	T
F8_BC68_191109_LF_LIB_consensus_vsearch	3978	G	G	710	1	0.14%	2	1	93	93	0.5000000000008233	1	1	495	215	0	1	+C
F8_BC68_191109_LF_LIB_consensus_vsearch	3979	C	*/-GC	609	88	12.36%	2	2	93	93	1.7216297937637094E-28	1	1	424	185	63	25	-GC
F8_BC68_191109_LF_LIB_consensus_vsearch	3980	G	G	610	3	0.49%	2	1	93	93	0.12469387755089964	1	1	422	188	3	0	+C
F8_BC68_191109_LF_LIB_consensus_vsearch	3981	C	*/+T	604	8	1.3%	2	1	93	93	0.0038173667085521622	1	1	424	180	0	8	+T
F8_BC68_191109_LF_LIB_consensus_vsearch	3982	C	*/-T	692	10	1.41%	2	2	93	93	9.455519933469597E-4	1	1	483	209	4	6	-T
F8_BC68_191109_LF_LIB_consensus_vsearch	3983	T	T	690	4	0.57%	2	2	93	93	0.0622297299056776	1	1	486	204	2	2	C
F8_BC68_191109_LF_LIB_consensus_vsearch	3984	G	G	704	4	0.56%	2	1	93	93	0.06223507611041307	1	1	489	215	4	0	A
F8_BC68_191109_LF_LIB_consensus_vsearch	3985	C	Y	671	20	2.81%	2	2	93	93	8.295371920935666E-7	1	1	476	195	1	19	T
F8_BC68_191109_LF_LIB_consensus_vsearch	3986	T	Y	682	7	1.01%	2	2	93	93	0.007693788058408534	1	1	472	210	4	3	C
F8_BC68_191109_LF_LIB_consensus_vsearch	3987	G	*/-C	647	28	4.01%	2	1	93	93	2.799111153060908E-9	1	1	434	213	28	0	-C
F8_BC68_191109_LF_LIB_consensus_vsearch	3988	C	*/+G	628	34	5.07%	2	1	93	93	3.7684655283959477E-11	1	1	415	213	34	0	+G
F8_BC68_191109_LF_LIB_consensus_vsearch	3989	C	*/-T	669	17	2.4%	2	2	93	93	6.901053255405842E-6	1	1	480	189	5	12	-T
F8_BC68_191109_LF_LIB_consensus_vsearch	3990	T	T	686	2	0.29%	2	1	93	93	0.24981818181836754	1	1	483	203	2	0	C
F8_BC68_191109_LF_LIB_consensus_vsearch	3991	T	*/-C	649	35	4.94%	2	2	93	93	1.862725543225029E-11	1	1	454	195	24	11	-C
F8_BC68_191109_LF_LIB_consensus_vsearch	3992	C	*/+G	622	29	4.34%	2	1	93	93	1.35413734035108E-9	1	1	421	201	29	0	+G
F8_BC68_191109_LF_LIB_consensus_vsearch	3993	C	*/-T	650	21	2.98%	2	2	93	93	4.0677425213804345E-7	1	1	461	189	7	14	-T
F8_BC68_191109_LF_LIB_consensus_vsearch	3994	T	W	626	29	4.3%	2	1	93	93	1.356835709659265E-9	1	1	429	197	29	0	A
F8_BC68_191109_LF_LIB_consensus_vsearch	3995	T	*/-G	637	36	5.17%	2	1	93	93	8.997361261030759E-12	1	1	460	177	0	36	-G
F8_BC68_191109_LF_LIB_consensus_vsearch	3996	G	R	662	8	1.19%	2	1	93	93	0.003825023434003376	1	1	484	178	8	0	A
F8_BC68_191109_LF_LIB_consensus_vsearch	3997	G	G	701	5	0.7%	2	1	93	93	0.03102876164621499	1	1	484	217	5	0	-A
F8_BC68_191109_LF_LIB_consensus_vsearch	3998	A	A	706	1	0.14%	2	1	93	93	0.4999999999990043	1	1	489	217	1	0	-TGT
F8_BC68_191109_LF_LIB_consensus_vsearch	3999	T	T	704	3	0.42%	2	2	93	93	0.12473460721856874	1	1	490	214	2	1	C
F8_BC68_191109_LF_LIB_consensus_vsearch	4000	G	G	695	3	0.42%	2	2	93	93	0.12473118279579633	1	1	484	211	2	1	-T
F8_BC68_191109_LF_LIB_consensus_vsearch	4001	T	*/-A	538	143	20.31%	2	2	93	93	2.1315731542641195E-47	1	1	331	207	142	1	-A
F8_BC68_191109_LF_LIB_consensus_vsearch	4002	A	W	550	7	1.24%	2	2	93	93	0.007665757133253386	1	1	341	209	4	3	T
F8_BC68_191109_LF_LIB_consensus_vsearch	4003	A	R	695	7	0.99%	2	2	93	93	0.007695980114598385	1	1	484	211	4	3	G
F8_BC68_191109_LF_LIB_consensus_vsearch	4004	G	*/-A	679	26	3.67%	2	1	93	93	1.1783309963359763E-8	1	1	465	214	26	0	-A
F8_BC68_191109_LF_LIB_consensus_vsearch	4005	A	R	671	9	1.31%	2	2	93	93	0.001901785939178216	1	1	457	214	8	1	G
F8_BC68_191109_LF_LIB_consensus_vsearch	4006	G	*/-C	698	9	1.27%	2	2	93	93	0.0019037332770426652	1	1	486	212	6	3	-C
F8_BC68_191109_LF_LIB_consensus_vsearch	4007	C	C	692	5	0.71%	2	2	93	93	0.03102590594951147	1	1	483	209	1	4	T
F8_BC68_191109_LF_LIB_consensus_vsearch	4008	C	*/+A	686	7	0.98%	2	2	93	93	0.007694471271058793	1	1	475	211	5	2	+A
F8_BC68_191109_LF_LIB_consensus_vsearch	4009	G	K	687	9	1.26%	2	1	93	93	0.0019029580289553435	1	1	478	209	9	0	T
F8_BC68_191109_LF_LIB_consensus_vsearch	4010	T	*/-GT	670	19	2.68%	2	2	93	93	1.6819077718369796E-6	1	1	481	189	5	14	-GT
F8_BC68_191109_LF_LIB_consensus_vsearch	4011	G	G	681	4	0.58%	2	2	93	93	0.0622261776199538	1	1	487	194	3	1	A
F8_BC68_191109_LF_LIB_consensus_vsearch	4012	T	Y	679	7	1.01%	2	2	93	93	0.007693270435678032	1	1	486	193	3	4	C
F8_BC68_191109_LF_LIB_consensus_vsearch	4013	C	C	697	5	0.7%	2	2	93	93	0.03102750148427654	1	1	488	209	1	4	-T
F8_BC68_191109_LF_LIB_consensus_vsearch	4014	T	Y	687	7	1%	2	2	93	93	0.00769464084724551	1	1	481	206	2	5	C
F8_BC68_191109_LF_LIB_consensus_vsearch	4015	C	*/-A	682	8	1.14%	2	2	93	93	0.0038273666483378274	1	1	476	206	6	2	-A
F8_BC68_191109_LF_LIB_consensus_vsearch	4016	A	R	676	15	2.14%	2	2	93	93	2.8262023367739823E-5	1	1	470	206	11	4	G
F8_BC68_191109_LF_LIB_consensus_vsearch	4017	T	T	699	4	0.56%	2	2	93	93	0.062233191204189284	1	1	488	211	1	3	C
F8_BC68_191109_LF_LIB_consensus_vsearch	4018	G	*/+C	688	8	1.13%	2	2	93	93	0.0038280434768544216	1	1	480	208	1	7	+C
F8_BC68_191109_LF_LIB_consensus_vsearch	4019	C	C	700	4	0.56%	2	1	93	93	0.06223357032831275	1	1	489	211	0	4	+T
F8_BC68_191109_LF_LIB_consensus_vsearch	4020	T	T	700	4	0.56%	2	1	93	93	0.06223357032831275	1	1	487	213	4	0	-CT
F8_BC68_191109_LF_LIB_consensus_vsearch	4021	C	*/-T	626	63	8.92%	2	2	93	93	2.4553371834808707E-20	1	1	475	151	3	60	-T
F8_BC68_191109_LF_LIB_consensus_vsearch	4022	T	T	635	4	0.62%	2	1	93	93	0.062206458151059275	1	1	481	154	4	0	C
F8_BC68_191109_LF_LIB_consensus_vsearch	4023	T	T	706	1	0.14%	2	1	93	93	0.4999999999990043	1	1	492	214	0	1	+C
F8_BC68_191109_LF_LIB_consensus_vsearch	4024	T	T	703	2	0.28%	2	1	93	93	0.2498225691976094	1	1	489	214	0	2	-C
F8_BC68_191109_LF_LIB_consensus_vsearch	4025	C	C	700	3	0.42%	2	1	93	93	0.12473309608558197	1	1	487	213	3	0	-TC
F8_BC68_191109_LF_LIB_consensus_vsearch	4026	T	*/-C	555	138	19.55%	2	1	93	93	1.4552144824503916E-45	1	1	341	214	138	0	-C
F8_BC68_191109_LF_LIB_consensus_vsearch	4027	C	C	566	2	0.35%	2	1	93	93	0.2497797356825117	1	1	350	216	2	0	+TC
F8_BC68_191109_LF_LIB_consensus_vsearch	4028	C	*/-G	642	61	8.58%	2	2	93	93	1.1124792742078014E-19	1	1	471	171	18	43	-G
F8_BC68_191109_LF_LIB_consensus_vsearch	4029	G	G	643	5	0.77%	2	2	93	93	0.0310089672038603	1	1	471	172	4	1	A
F8_BC68_191109_LF_LIB_consensus_vsearch	4030	G	G	703	6	0.84%	2	2	93	93	0.015459948335160068	1	1	489	214	5	1	-A
F8_BC68_191109_LF_LIB_consensus_vsearch	4031	A	*/+G	688	10	1.42%	2	1	93	93	9.453759502338604E-4	1	1	473	215	10	0	+G
F8_BC68_191109_LF_LIB_consensus_vsearch	4032	A	A	703	5	0.7%	2	1	93	93	0.0310293863893414	1	1	487	216	5	0	G
F8_BC68_191109_LF_LIB_consensus_vsearch	4033	T	T	708	3	0.42%	2	1	93	93	0.12473610133740937	1	1	492	216	3	0	-C
F8_BC68_191109_LF_LIB_consensus_vsearch	4034	C	C	696	4	0.56%	2	1	93	93	0.06223204733082229	1	1	483	213	4	0	+A
F8_BC68_191109_LF_LIB_consensus_vsearch	4035	G	G	700	6	0.85%	2	2	93	93	0.015459247984384758	1	1	486	214	5	1	-A
F8_BC68_191109_LF_LIB_consensus_vsearch	4036	A	R	695	8	1.13%	2	1	93	93	0.003828818576574826	1	1	480	215	8	0	G
F8_BC68_191109_LF_LIB_consensus_vsearch	4037	A	R	690	11	1.55%	2	2	93	93	4.6935786269801464E-4	1	1	482	208	7	4	G
F8_BC68_191109_LF_LIB_consensus_vsearch	4038	C	*/-T	684	15	2.13%	2	2	93	93	2.8287131985743293E-5	1	1	488	196	2	13	-T
F8_BC68_191109_LF_LIB_consensus_vsearch	4039	T	*/+C	623	37	5.35%	2	2	93	93	4.330192139661016E-12	1	1	442	181	35	2	+C
F8_BC68_191109_LF_LIB_consensus_vsearch	4040	C	*/+T	680	7	1.01%	2	1	93	93	0.007693443477408817	1	1	490	190	0	7	+T
F8_BC68_191109_LF_LIB_consensus_vsearch	4041	T	*/-A	635	49	6.93%	2	2	93	93	7.284161356183346E-16	1	1	475	160	10	39	-A
F8_BC68_191109_LF_LIB_consensus_vsearch	4042	A	M	638	8	1.21%	2	2	93	93	0.003822021034639057	1	1	475	163	1	7	C
F8_BC68_191109_LF_LIB_consensus_vsearch	4043	A	M	683	12	1.69%	2	1	93	93	2.3272691203554888E-4	1	1	487	196	0	12	C
F8_BC68_191109_LF_LIB_consensus_vsearch	4044	T	Y	660	33	4.7%	2	2	93	93	7.880898262488467E-11	1	1	489	171	1	32	C
F8_BC68_191109_LF_LIB_consensus_vsearch	4045	T	*/-C	556	111	15.66%	2	2	93	93	2.604233147631666E-36	1	1	423	133	56	55	-C
F8_BC68_191109_LF_LIB_consensus_vsearch	4046	C	C	573	3	0.52%	2	2	93	93	0.12467419635084699	1	1	432	141	1	2	T
F8_BC68_191109_LF_LIB_consensus_vsearch	4047	C	Y	678	7	1.02%	2	2	93	93	0.007693096890205231	1	1	488	190	2	5	T
F8_BC68_191109_LF_LIB_consensus_vsearch	4048	C	Y	670	22	3.11%	2	1	93	93	2.0123624580423238E-7	1	1	492	178	0	22	T
F8_BC68_191109_LF_LIB_consensus_vsearch	4049	C	Y	681	21	2.95%	2	2	93	93	4.096817227789003E-7	1	1	490	191	1	20	T
F8_BC68_191109_LF_LIB_consensus_vsearch	4050	G	G	696	5	0.7%	2	1	93	93	0.03102718419759366	1	1	480	216	5	0	A
F8_BC68_191109_LF_LIB_consensus_vsearch	4051	T	Y	694	8	1.13%	2	2	93	93	0.003828708790007478	1	1	481	213	7	1	C
F8_BC68_191109_LF_LIB_consensus_vsearch	4052	T	*/-A	675	29	4.07%	2	1	93	93	1.3877270231517073E-9	1	1	463	212	29	0	-A
F8_BC68_191109_LF_LIB_consensus_vsearch	4053	A	*/-C	613	50	7.32%	2	2	93	93	3.401126396690328E-16	1	1	402	211	45	5	-C
F8_BC68_191109_LF_LIB_consensus_vsearch	4054	C	S	623	29	4.39%	2	1	93	93	1.3548146016890828E-9	1	1	419	204	29	0	G
F8_BC68_191109_LF_LIB_consensus_vsearch	4055	C	C	700	5	0.7%	2	2	93	93	0.031028447945850964	1	1	491	209	2	3	T
F8_BC68_191109_LF_LIB_consensus_vsearch	4056	C	Y	569	136	19.07%	2	2	93	93	8.430520335672477E-45	1	1	491	78	1	135	T
F8_BC68_191109_LF_LIB_consensus_vsearch	4057	G	G	704	3	0.42%	2	2	93	93	0.12473460721856874	1	1	492	212	2	1	A
F8_BC68_191109_LF_LIB_consensus_vsearch	4058	T	T	703	5	0.7%	2	2	93	93	0.0310293863893414	1	1	491	212	4	1	C
F8_BC68_191109_LF_LIB_consensus_vsearch	4059	C	C	698	6	0.84%	2	1	93	93	0.015458777772499533	1	1	484	214	6	0	+TC
F8_BC68_191109_LF_LIB_consensus_vsearch	4060	G	G	702	6	0.84%	2	2	93	93	0.015459715543402319	1	1	486	216	5	1	A
F8_BC68_191109_LF_LIB_consensus_vsearch	4061	T	*/-C	682	14	1.97%	2	1	93	93	5.713604634080099E-5	1	1	466	216	14	0	-C
F8_BC68_191109_LF_LIB_consensus_vsearch	4062	C	C	691	2	0.29%	2	1	93	93	0.24981949458509745	1	1	476	215	0	2	+T
F8_BC68_191109_LF_LIB_consensus_vsearch	4063	C	C	700	5	0.7%	2	1	93	93	0.031028447945850964	1	1	485	215	5	0	-G
F8_BC68_191109_LF_LIB_consensus_vsearch	4064	G	R	684	10	1.41%	2	1	93	93	9.451978971244695E-4	1	1	478	206	10	0	A
F8_BC68_191109_LF_LIB_consensus_vsearch	4065	C	C	700	4	0.56%	2	1	93	93	0.06223357032831275	1	1	489	211	0	4	-T
F8_BC68_191109_LF_LIB_consensus_vsearch	4066	T	*/+C	672	14	1.98%	2	2	93	93	5.708054224146792E-5	1	1	480	192	12	2	+C
F8_BC68_191109_LF_LIB_consensus_vsearch	4067	C	C	696	4	0.57%	2	2	93	93	0.06223204733082229	1	1	491	205	3	1	T
F8_BC68_191109_LF_LIB_consensus_vsearch	4068	G	R	682	24	3.38%	2	1	93	93	4.885947816391651E-8	1	1	471	211	24	0	A
F8_BC68_191109_LF_LIB_consensus_vsearch	4069	G	K	703	8	1.12%	2	1	93	93	0.003829685803075987	1	1	487	216	8	0	T
F8_BC68_191109_LF_LIB_consensus_vsearch	4070	T	Y	692	12	1.68%	2	2	93	93	2.3287058136907908E-4	1	1	489	203	2	10	C
F8_BC68_191109_LF_LIB_consensus_vsearch	4071	G	G	704	1	0.14%	2	1	93	93	0.4999999999990043	1	1	490	214	1	0	+A
F8_BC68_191109_LF_LIB_consensus_vsearch	4072	G	G	703	6	0.84%	2	2	93	93	0.015459948335160068	1	1	490	213	5	1	A
F8_BC68_191109_LF_LIB_consensus_vsearch	4073	T	*/-C	510	196	27.57%	2	2	93	93	1.3999599936029664E-66	1	1	296	214	195	1	-C
F8_BC68_191109_LF_LIB_consensus_vsearch	4074	C	C	513	4	0.77%	2	1	93	93	0.062137155723496096	1	1	297	216	4	0	T
F8_BC68_191109_LF_LIB_consensus_vsearch	4075	C	*/-A	665	29	4.07%	2	1	93	93	1.381730314016946E-9	1	1	452	213	29	0	-A
F8_BC68_191109_LF_LIB_consensus_vsearch	4076	A	A	671	6	0.88%	2	2	93	93	0.015452158402985156	1	1	457	214	5	1	G
F8_BC68_191109_LF_LIB_consensus_vsearch	4077	A	A	702	3	0.42%	2	1	93	93	0.12473385379729661	1	1	487	215	3	0	+G
F8_BC68_191109_LF_LIB_consensus_vsearch	4078	G	G	700	6	0.85%	2	1	93	93	0.015459247984384758	1	1	486	214	6	0	-A
F8_BC68_191109_LF_LIB_consensus_vsearch	4079	A	R	690	7	0.99%	2	2	93	93	0.007695146664767802	1	1	477	213	5	2	G
F8_BC68_191109_LF_LIB_consensus_vsearch	4080	C	C	700	5	0.7%	2	1	93	93	0.031028447945850964	1	1	484	216	5	0	-A
F8_BC68_191109_LF_LIB_consensus_vsearch	4081	A	R	675	16	2.27%	2	2	93	93	1.3975953033287029E-5	1	1	471	204	14	2	G
F8_BC68_191109_LF_LIB_consensus_vsearch	4082	C	*/+A	671	10	1.43%	2	1	93	93	9.446049190917967E-4	1	1	480	191	0	10	+A
F8_BC68_191109_LF_LIB_consensus_vsearch	4083	A	R	676	11	1.59%	2	2	93	93	4.689770401652236E-4	1	1	477	199	10	1	G
F8_BC68_191109_LF_LIB_consensus_vsearch	4084	A	R	690	15	2.11%	2	1	93	93	2.8305599806146846E-5	1	1	474	216	15	0	G
F8_BC68_191109_LF_LIB_consensus_vsearch	4085	C	C	704	4	0.56%	2	1	93	93	0.06223507611041307	1	1	487	217	4	0	G
F8_BC68_191109_LF_LIB_consensus_vsearch	4086	C	Y	666	33	4.63%	2	2	93	93	7.907969599095201E-11	1	1	489	177	3	30	T
F8_BC68_191109_LF_LIB_consensus_vsearch	4087	G	G	705	2	0.28%	2	1	93	93	0.24982307147908459	1	1	491	214	2	0	A
F8_BC68_191109_LF_LIB_consensus_vsearch	4088	A	A	704	2	0.28%	2	2	93	93	0.24982282069449002	1	1	491	213	1	1	+G
F8_BC68_191109_LF_LIB_consensus_vsearch	4089	C	C	698	4	0.56%	2	2	93	93	0.06223281099972274	1	1	488	210	2	2	T
F8_BC68_191109_LF_LIB_consensus_vsearch	4090	A	A	701	3	0.42%	2	2	93	93	0.12473347547949812	1	1	487	214	2	1	G
F8_BC68_191109_LF_LIB_consensus_vsearch	4091	A	R	692	15	2.11%	2	1	93	93	2.831168800461903E-5	1	1	476	216	15	0	G
F8_BC68_191109_LF_LIB_consensus_vsearch	4092	C	C	701	3	0.42%	2	2	93	93	0.12473347547949812	1	1	487	214	2	1	T
F8_BC68_191109_LF_LIB_consensus_vsearch	4093	G	*/-TG	680	15	2.11%	2	2	93	93	2.8274647910457938E-5	1	1	484	196	1	14	-TG
F8_BC68_191109_LF_LIB_consensus_vsearch	4094	T	T	673	6	0.87%	2	1	93	93	0.0154526667528629	1	1	486	187	0	6	+G
F8_BC68_191109_LF_LIB_consensus_vsearch	4095	G	G	690	2	0.29%	2	1	93	93	0.249819233550139	1	1	491	199	0	2	C
F8_BC68_191109_LF_LIB_consensus_vsearch	4096	A	A	702	4	0.56%	2	2	93	93	0.062234325352884735	1	1	490	212	2	2	G
F8_BC68_191109_LF_LIB_consensus_vsearch	4097	T	T	687	6	0.85%	2	1	93	93	0.015456143164561733	1	1	473	214	6	0	+A
F8_BC68_191109_LF_LIB_consensus_vsearch	4098	A	R	623	54	7.65%	2	1	93	93	1.8465932045069712E-17	1	1	425	198	54	0	G
F8_BC68_191109_LF_LIB_consensus_vsearch	4099	G	G	683	4	0.58%	2	1	93	93	0.06222697506306525	1	1	481	202	4	0	+A
F8_BC68_191109_LF_LIB_consensus_vsearch	4100	G	R	688	13	1.83%	2	2	93	93	1.1540655576482854E-4	1	1	474	214	11	2	A
F8_BC68_191109_LF_LIB_consensus_vsearch	4101	G	R	689	14	1.96%	2	1	93	93	5.717398152477232E-5	1	1	474	215	14	0	A
F8_BC68_191109_LF_LIB_consensus_vsearch	4102	C	*/+G	682	9	1.27%	2	1	93	93	0.0019025975409729535	1	1	475	207	9	0	+G
F8_BC68_191109_LF_LIB_consensus_vsearch	4103	A	R	674	12	1.7%	2	2	93	93	2.3257953314238005E-4	1	1	461	213	11	1	G
F8_BC68_191109_LF_LIB_consensus_vsearch	4104	G	G	690	5	0.71%	2	1	93	93	0.031025261309997287	1	1	477	213	5	0	+A
F8_BC68_191109_LF_LIB_consensus_vsearch	4105	T	T	698	5	0.71%	2	1	93	93	0.031027817868692333	1	1	486	212	5	0	G
F8_BC68_191109_LF_LIB_consensus_vsearch	4106	T	*/+G	700	8	1.12%	2	2	93	93	0.003829362879125778	1	1	486	214	7	1	+G
F8_BC68_191109_LF_LIB_consensus_vsearch	4107	A	R	665	30	4.22%	2	2	93	93	6.764410464596861E-10	1	1	452	213	28	2	G
F8_BC68_191109_LF_LIB_consensus_vsearch	4108	C	*/-T	674	16	2.25%	2	2	93	93	1.397415412378021E-5	1	1	476	198	5	11	-T
F8_BC68_191109_LF_LIB_consensus_vsearch	4109	T	Y	656	25	3.67%	2	2	93	93	2.3814026334653664E-8	1	1	454	202	24	1	C
F8_BC68_191109_LF_LIB_consensus_vsearch	4110	T	W	650	14	2.01%	2	1	93	93	5.695269332154495E-5	1	1	450	200	14	0	A
F8_BC68_191109_LF_LIB_consensus_vsearch	4111	G	*/-A	673	24	3.4%	2	2	93	93	4.873206876920607E-8	1	1	474	199	15	9	-A
F8_BC68_191109_LF_LIB_consensus_vsearch	4112	A	*/+G	669	7	1.02%	2	1	93	93	0.007691511945153724	1	1	464	205	7	0	+G
F8_BC68_191109_LF_LIB_consensus_vsearch	4113	A	A	693	6	0.84%	2	2	93	93	0.01545759048792114	1	1	482	211	3	3	-T
F8_BC68_191109_LF_LIB_consensus_vsearch	4114	T	*/+G	665	17	2.41%	2	2	93	93	6.896943473376933E-6	1	1	483	182	2	15	+G
F8_BC68_191109_LF_LIB_consensus_vsearch	4115	G	*/-A	645	36	5.09%	2	2	93	93	9.049703086542486E-12	1	1	452	193	29	7	-A
F8_BC68_191109_LF_LIB_consensus_vsearch	4116	A	R	638	13	1.93%	2	2	93	93	1.1490523124283632E-4	1	1	455	183	3	10	G
F8_BC68_191109_LF_LIB_consensus_vsearch	4117	A	*/-G	684	10	1.41%	2	2	93	93	9.451978971244695E-4	1	1	481	203	9	1	-G
F8_BC68_191109_LF_LIB_consensus_vsearch	4118	G	G	693	5	0.71%	2	1	93	93	0.031026226884601986	1	1	480	213	5	0	A
F8_BC68_191109_LF_LIB_consensus_vsearch	4119	C	C	698	5	0.7%	2	2	93	93	0.031027817868692333	1	1	487	211	4	1	-GC
F8_BC68_191109_LF_LIB_consensus_vsearch	4120	G	G	699	3	0.42%	2	1	93	93	0.12473271560965893	1	1	484	215	3	0	+C
F8_BC68_191109_LF_LIB_consensus_vsearch	4121	C	C	699	3	0.42%	2	2	93	93	0.12473271560965893	1	1	486	213	1	2	+GC
F8_BC68_191109_LF_LIB_consensus_vsearch	4122	C	Y	701	7	0.98%	2	2	93	93	0.007696964759941648	1	1	490	211	1	6	T
F8_BC68_191109_LF_LIB_consensus_vsearch	4123	G	G	692	6	0.84%	2	2	93	93	0.015457350992753744	1	1	480	212	4	2	A
F8_BC68_191109_LF_LIB_consensus_vsearch	4124	C	C	697	5	0.71%	2	2	93	93	0.03102750148427654	1	1	487	210	4	1	T
F8_BC68_191109_LF_LIB_consensus_vsearch	4125	C	C	695	4	0.56%	2	1	93	93	0.06223166385714614	1	1	488	207	0	4	T
F8_BC68_191109_LF_LIB_consensus_vsearch	4126	G	G	700	6	0.85%	2	2	93	93	0.015459247984384758	1	1	487	213	5	1	A
F8_BC68_191109_LF_LIB_consensus_vsearch	4127	G	R	692	15	2.11%	2	2	93	93	2.831168800461903E-5	1	1	478	214	14	1	A
F8_BC68_191109_LF_LIB_consensus_vsearch	4128	C	C	696	4	0.56%	2	1	93	93	0.06223204733082229	1	1	485	211	4	0	-A
F8_BC68_191109_LF_LIB_consensus_vsearch	4129	A	*/+CA	681	7	0.99%	2	1	93	93	0.007693616017588559	1	1	468	213	7	0	+CA
F8_BC68_191109_LF_LIB_consensus_vsearch	4130	T	*/+G	612	36	5.09%	2	1	93	93	8.82735081474504E-12	1	1	402	210	36	0	+G
F8_BC68_191109_LF_LIB_consensus_vsearch	4131	G	*/-A	410	244	36.2%	2	2	93	93	2.218025121727879E-86	1	1	200	210	243	1	-A
F8_BC68_191109_LF_LIB_consensus_vsearch	4132	A	R	437	11	2.42%	2	2	93	93	4.588752277082112E-4	1	1	227	210	10	1	G
F8_BC68_191109_LF_LIB_consensus_vsearch	4133	A	R	652	33	4.67%	2	2	93	93	7.844196167373211E-11	1	1	438	214	32	1	G
F8_BC68_191109_LF_LIB_consensus_vsearch	4134	G	*/+C	521	129	18.51%	2	2	93	93	1.2598765092059082E-42	1	1	310	211	125	4	+C
F8_BC68_191109_LF_LIB_consensus_vsearch	4135	C	S	660	7	1.04%	2	1	93	93	0.007689884357994092	1	1	447	213	7	0	G
F8_BC68_191109_LF_LIB_consensus_vsearch	4136	C	*/-T	683	11	1.55%	2	2	93	93	4.6916934806662123E-4	1	1	473	210	8	3	-T
F8_BC68_191109_LF_LIB_consensus_vsearch	4137	T	Y	650	22	3.14%	2	2	93	93	2.002068359369506E-7	1	1	469	181	3	19	C
F8_BC68_191109_LF_LIB_consensus_vsearch	4138	G	*/-A	685	18	2.54%	2	1	93	93	3.4166739671643E-6	1	1	469	216	18	0	-A
F8_BC68_191109_LF_LIB_consensus_vsearch	4139	A	R	672	13	1.88%	2	2	93	93	1.1525393727966269E-4	1	1	459	213	11	2	G
F8_BC68_191109_LF_LIB_consensus_vsearch	4140	G	G	696	3	0.42%	2	2	93	93	0.12473156764502437	1	1	483	213	2	1	A
F8_BC68_191109_LF_LIB_consensus_vsearch	4141	C	Y	690	13	1.83%	2	2	93	93	1.1542515400541905E-4	1	1	483	207	7	6	T
F8_BC68_191109_LF_LIB_consensus_vsearch	4142	G	G	707	2	0.28%	2	1	93	93	0.24982357092413102	1	1	494	213	2	0	A
F8_BC68_191109_LF_LIB_consensus_vsearch	4143	G	G	700	5	0.7%	2	2	93	93	0.031028447945850964	1	1	490	210	4	1	A
F8_BC68_191109_LF_LIB_consensus_vsearch	4144	T	*/-C	533	169	23.84%	2	2	93	93	1.3190633372590938E-56	1	1	326	207	165	4	-C
F8_BC68_191109_LF_LIB_consensus_vsearch	4145	C	C	534	5	0.92%	2	2	93	93	0.030960247025548112	1	1	327	207	2	3	T
F8_BC68_191109_LF_LIB_consensus_vsearch	4146	C	*/+G	662	14	1.96%	2	2	93	93	5.702343572338157E-5	1	1	473	189	3	11	+G
F8_BC68_191109_LF_LIB_consensus_vsearch	4147	G	*/-A	694	12	1.69%	2	2	93	93	2.329020181664877E-4	1	1	481	213	11	1	-A
F8_BC68_191109_LF_LIB_consensus_vsearch	4148	A	A	689	6	0.86%	2	1	93	93	0.015456628378269563	1	1	475	214	6	0	G
F8_BC68_191109_LF_LIB_consensus_vsearch	4149	A	A	701	5	0.7%	2	1	93	93	0.03102876164621499	1	1	486	215	5	0	G
F8_BC68_191109_LF_LIB_consensus_vsearch	4150	T	T	696	5	0.71%	2	2	93	93	0.03102718419759366	1	1	484	212	3	2	C
F8_BC68_191109_LF_LIB_consensus_vsearch	4151	G	*/-A	701	9	1.26%	2	1	93	93	0.001903940567578768	1	1	485	216	9	0	-A
F8_BC68_191109_LF_LIB_consensus_vsearch	4152	A	R	688	10	1.42%	2	2	93	93	9.453759502338604E-4	1	1	473	215	9	1	G
F8_BC68_191109_LF_LIB_consensus_vsearch	4153	T	*/-G	691	8	1.12%	2	1	93	93	0.0038283775544042174	1	1	476	215	8	0	-G
F8_BC68_191109_LF_LIB_consensus_vsearch	4154	G	*/-CT	666	26	3.7%	2	1	93	93	1.1730481141559833E-8	1	1	453	213	26	0	-CT
F8_BC68_191109_LF_LIB_consensus_vsearch	4155	C	C	671	3	0.44%	2	1	93	93	0.12472160356366682	1	1	460	211	3	0	-TT
F8_BC68_191109_LF_LIB_consensus_vsearch	4156	T	T	669	6	0.88%	2	2	93	93	0.015451647045218305	1	1	456	213	5	1	C
F8_BC68_191109_LF_LIB_consensus_vsearch	4157	T	Y	685	12	1.69%	2	2	93	93	2.3275915415398786E-4	1	1	478	207	11	1	C
F8_BC68_191109_LF_LIB_consensus_vsearch	4158	A	R	684	14	1.97%	2	2	93	93	5.714696078688274E-5	1	1	483	201	6	8	G
F8_BC68_191109_LF_LIB_consensus_vsearch	4159	T	*/+A	657	12	1.69%	2	1	93	93	2.3229050890362837E-4	1	1	456	201	12	0	+A
F8_BC68_191109_LF_LIB_consensus_vsearch	4160	G	*/-A	669	19	2.7%	2	1	93	93	1.6815960917519931E-6	1	1	458	211	19	0	-A
F8_BC68_191109_LF_LIB_consensus_vsearch	4161	A	*/-G	656	17	2.46%	2	2	93	93	6.887524858349418E-6	1	1	448	208	15	2	-G
F8_BC68_191109_LF_LIB_consensus_vsearch	4162	G	G	685	2	0.29%	2	1	93	93	0.24981791696995723	1	1	472	213	2	0	+AG
F8_BC68_191109_LF_LIB_consensus_vsearch	4163	T	T	701	4	0.56%	2	1	93	93	0.06223394837614865	1	1	486	215	4	0	+C
F8_BC68_191109_LF_LIB_consensus_vsearch	4164	C	*/-ACCT	684	17	2.39%	2	1	93	93	6.916062977040764E-6	1	1	468	216	17	0	-ACCT
F8_BC68_191109_LF_LIB_consensus_vsearch	4165	A	*/-C	672	7	1.01%	2	1	93	93	0.007692044914716208	1	1	457	215	7	0	-C
F8_BC68_191109_LF_LIB_consensus_vsearch	4166	C	C	672	4	0.58%	2	1	93	93	0.062222530712045386	1	1	455	217	4	0	+AC
F8_BC68_191109_LF_LIB_consensus_vsearch	4167	C	*/-T	649	20	2.88%	2	2	93	93	8.256854159924684E-7	1	1	455	194	7	13	-T
F8_BC68_191109_LF_LIB_consensus_vsearch	4168	T	T	656	4	0.6%	2	2	93	93	0.0622158016444107	1	1	455	201	2	2	C
F8_BC68_191109_LF_LIB_consensus_vsearch	4169	T	T	686	6	0.86%	2	2	93	93	0.0154558995074816	1	1	473	213	3	3	C
F8_BC68_191109_LF_LIB_consensus_vsearch	4170	G	*/-C	665	18	2.56%	2	2	93	93	3.4055237370353982E-6	1	1	457	208	15	3	-C
F8_BC68_191109_LF_LIB_consensus_vsearch	4171	C	*/+T	662	10	1.47%	2	1	93	93	9.441810882382281E-4	1	1	463	199	0	10	+T
F8_BC68_191109_LF_LIB_consensus_vsearch	4172	C	*/-T	665	19	2.73%	2	2	93	93	1.6803407173614574E-6	1	1	463	202	7	12	-T
F8_BC68_191109_LF_LIB_consensus_vsearch	4173	T	Y	646	8	1.18%	2	2	93	93	0.003823046195335939	1	1	461	185	5	3	C
F8_BC68_191109_LF_LIB_consensus_vsearch	4174	G	*/-C	675	7	1.01%	2	2	93	93	0.007692573209303539	1	1	468	207	2	5	-C
F8_BC68_191109_LF_LIB_consensus_vsearch	4175	C	*/-A	665	11	1.57%	2	2	93	93	4.686668983151157E-4	1	1	475	190	5	6	-A
F8_BC68_191109_LF_LIB_consensus_vsearch	4176	A	A	684	5	0.72%	2	1	93	93	0.031023304944923957	1	1	481	203	0	5	T
F8_BC68_191109_LF_LIB_consensus_vsearch	4177	A	R	692	8	1.13%	2	2	93	93	0.0038284882802459928	1	1	484	208	7	1	G
F8_BC68_191109_LF_LIB_consensus_vsearch	4178	G	R	606	94	13.31%	2	1	93	93	1.7740710850199014E-30	1	1	396	210	94	0	A
F8_BC68_191109_LF_LIB_consensus_vsearch	4179	C	C	697	4	0.57%	2	2	93	93	0.06223242971040495	1	1	488	209	3	1	-A
F8_BC68_191109_LF_LIB_consensus_vsearch	4180	A	R	588	105	14.87%	2	1	93	93	3.4627856774050237E-34	1	1	384	204	105	0	G
F8_BC68_191109_LF_LIB_consensus_vsearch	4181	G	G	700	3	0.43%	2	1	93	93	0.12473309608558197	1	1	493	207	0	3	+T
F8_BC68_191109_LF_LIB_consensus_vsearch	4182	G	G	703	3	0.42%	2	2	93	93	0.12473423104214414	1	1	492	211	2	1	A
F8_BC68_191109_LF_LIB_consensus_vsearch	4183	A	R	694	7	0.98%	2	2	93	93	0.007695814373028502	1	1	481	213	6	1	G
F8_BC68_191109_LF_LIB_consensus_vsearch	4184	C	*/+G	675	17	2.39%	2	2	93	93	6.907132247481708E-6	1	1	465	210	16	1	+G
F8_BC68_191109_LF_LIB_consensus_vsearch	4185	G	*/-A	683	10	1.41%	2	1	93	93	9.451530657497562E-4	1	1	468	215	10	0	-A
F8_BC68_191109_LF_LIB_consensus_vsearch	4186	A	*/-G	559	118	16.93%	2	1	93	93	1.1227059232390023E-38	1	1	344	215	118	0	-G
F8_BC68_191109_LF_LIB_consensus_vsearch	4187	G	G	582	3	0.51%	2	1	93	93	0.12467921300240917	1	1	366	216	3	0	A
F8_BC68_191109_LF_LIB_consensus_vsearch	4188	G	*/-T	652	22	3.09%	2	2	93	93	2.0031232789183696E-7	1	1	442	210	17	5	-T
F8_BC68_191109_LF_LIB_consensus_vsearch	4189	T	Y	681	7	1.01%	2	2	93	93	0.007693616017588559	1	1	474	207	2	5	C
F8_BC68_191109_LF_LIB_consensus_vsearch	4190	T	T	710	2	0.28%	2	2	93	93	0.24982431482675477	1	1	494	216	1	1	C
F8_BC68_191109_LF_LIB_consensus_vsearch	4191	T	*/-G	641	66	9.26%	2	2	93	93	2.7601663424822885E-21	1	1	490	151	1	65	-G
F8_BC68_191109_LF_LIB_consensus_vsearch	4192	G	G	637	6	0.93%	2	1	93	93	0.015443033376918524	1	1	487	150	6	0	A
F8_BC68_191109_LF_LIB_consensus_vsearch	4193	G	R	694	12	1.68%	2	2	93	93	2.329020181664877E-4	1	1	479	215	11	1	A
F8_BC68_191109_LF_LIB_consensus_vsearch	4194	A	*/+T	679	12	1.7%	2	1	93	93	2.3266187675392302E-4	1	1	482	197	0	12	+T
F8_BC68_191109_LF_LIB_consensus_vsearch	4195	T	*/+C	672	21	2.96%	2	1	93	93	4.088627279309247E-7	1	1	462	210	21	0	+C
F8_BC68_191109_LF_LIB_consensus_vsearch	4196	C	*/-T	677	18	2.56%	2	2	93	93	3.412287524236182E-6	1	1	483	194	3	15	-T
F8_BC68_191109_LF_LIB_consensus_vsearch	4197	T	*/-A	657	20	2.89%	2	2	93	93	8.271133609537702E-7	1	1	467	190	12	8	-A
F8_BC68_191109_LF_LIB_consensus_vsearch	4198	A	M	674	9	1.31%	2	2	93	93	0.0019020098594393618	1	1	474	200	2	7	C
F8_BC68_191109_LF_LIB_consensus_vsearch	4199	A	R	683	17	2.39%	2	2	93	93	6.915081586262185E-6	1	1	470	213	15	2	G
F8_BC68_191109_LF_LIB_consensus_vsearch	4200	T	Y	674	19	2.68%	2	1	93	93	1.6831459447852487E-6	1	1	477	197	0	19	C
F8_BC68_191109_LF_LIB_consensus_vsearch	4201	G	*/-A	698	7	0.99%	2	2	93	93	0.007696474526240225	1	1	483	215	6	1	-A
F8_BC68_191109_LF_LIB_consensus_vsearch	4202	A	*/-G	687	9	1.27%	2	2	93	93	0.0019029580289553435	1	1	475	212	6	3	-G
F8_BC68_191109_LF_LIB_consensus_vsearch	4203	G	G	693	4	0.57%	2	1	93	93	0.06223089360699252	1	1	481	212	4	0	-C
F8_BC68_191109_LF_LIB_consensus_vsearch	4204	C	*/-AC	637	61	8.62%	2	1	93	93	1.1011957155803186E-19	1	1	428	209	61	0	-AC
F8_BC68_191109_LF_LIB_consensus_vsearch	4205	A	R	639	7	1.07%	2	2	93	93	0.007685910844300112	1	1	426	213	6	1	G
F8_BC68_191109_LF_LIB_consensus_vsearch	4206	C	Y	634	11	1.69%	2	1	93	93	4.677367116925028E-4	1	1	429	205	0	11	T
F8_BC68_191109_LF_LIB_consensus_vsearch	4207	G	G	705	3	0.42%	2	1	93	93	0.12473498233245997	1	1	488	217	3	0	A
F8_BC68_191109_LF_LIB_consensus_vsearch	4208	T	*/-C	667	35	4.92%	2	1	93	93	1.8847094528539257E-11	1	1	451	216	35	0	-C
F8_BC68_191109_LF_LIB_consensus_vsearch	4209	C	C	673	1	0.15%	2	1	93	93	0.5000000000008233	1	1	458	215	0	1	+T
F8_BC68_191109_LF_LIB_consensus_vsearch	4210	C	C	702	6	0.84%	2	1	93	93	0.015459715543402319	1	1	485	217	6	0	-AC
F8_BC68_191109_LF_LIB_consensus_vsearch	4211	A	R	692	7	0.99%	2	1	93	93	0.007695481471345102	1	1	477	215	7	0	G
F8_BC68_191109_LF_LIB_consensus_vsearch	4212	C	*/-T	691	7	0.99%	2	2	93	93	0.007695314307205932	1	1	483	208	2	5	-T
F8_BC68_191109_LF_LIB_consensus_vsearch	4213	T	*/-CT	673	22	3.12%	2	2	93	93	2.0138590492916555E-7	1	1	488	185	3	19	-CT
F8_BC68_191109_LF_LIB_consensus_vsearch	4214	C	*/-T	635	39	5.7%	2	2	93	93	1.0328632364848535E-12	1	1	487	148	1	38	-T
F8_BC68_191109_LF_LIB_consensus_vsearch	4215	T	T	642	2	0.31%	2	1	93	93	0.24980574980550957	1	1	485	157	2	0	C
F8_BC68_191109_LF_LIB_consensus_vsearch	4216	T	T	697	6	0.85%	2	2	93	93	0.015458541664756588	1	1	488	209	2	4	+G
F8_BC68_191109_LF_LIB_consensus_vsearch	4217	G	G	702	4	0.56%	2	2	93	93	0.062234325352884735	1	1	488	214	3	1	-A
F8_BC68_191109_LF_LIB_consensus_vsearch	4218	A	A	696	6	0.85%	2	1	93	93	0.015458304885326069	1	1	481	215	6	0	+G
F8_BC68_191109_LF_LIB_consensus_vsearch	4219	G	G	705	1	0.14%	2	1	93	93	0.4999999999990043	1	1	491	214	1	0	+A
F8_BC68_191109_LF_LIB_consensus_vsearch	4220	T	Y	698	12	1.69%	2	2	93	93	2.3296436863344978E-4	1	1	494	204	1	11	C
F8_BC68_191109_LF_LIB_consensus_vsearch	4221	T	*/-G	687	11	1.54%	2	2	93	93	4.6927752796516024E-4	1	1	481	206	6	5	-G
F8_BC68_191109_LF_LIB_consensus_vsearch	4222	G	R	683	13	1.87%	2	1	93	93	1.1535960161590476E-4	1	1	476	207	13	0	A
F8_BC68_191109_LF_LIB_consensus_vsearch	4223	G	G	707	1	0.14%	2	1	93	93	0.5000000000008233	1	1	494	213	1	0	+A
F8_BC68_191109_LF_LIB_consensus_vsearch	4224	G	G	706	4	0.56%	2	2	93	93	0.0622358226367427	1	1	493	213	1	3	A
F8_BC68_191109_LF_LIB_consensus_vsearch	4225	A	A	702	3	0.42%	2	2	93	93	0.12473385379729661	1	1	489	213	2	1	-C
F8_BC68_191109_LF_LIB_consensus_vsearch	4226	C	C	701	4	0.56%	2	1	93	93	0.06223394837614865	1	1	488	213	4	0	-T
F8_BC68_191109_LF_LIB_consensus_vsearch	4227	T	T	699	4	0.56%	2	1	93	93	0.062233191204189284	1	1	486	213	4	0	C
F8_BC68_191109_LF_LIB_consensus_vsearch	4228	G	R	683	10	1.41%	2	2	93	93	9.451530657497562E-4	1	1	475	208	7	3	A
F8_BC68_191109_LF_LIB_consensus_vsearch	4229	T	Y	685	13	1.86%	2	2	93	93	1.1537846243535248E-4	1	1	484	201	3	10	C
F8_BC68_191109_LF_LIB_consensus_vsearch	4230	T	Y	680	10	1.42%	2	2	93	93	9.450177994018546E-4	1	1	472	208	8	2	C
F8_BC68_191109_LF_LIB_consensus_vsearch	4231	G	K	686	7	0.99%	2	1	93	93	0.007694471271058793	1	1	474	212	7	0	T
F8_BC68_191109_LF_LIB_consensus_vsearch	4232	T	*/-GC	675	11	1.56%	2	2	93	93	4.6894925126844146E-4	1	1	475	200	3	8	-GC
F8_BC68_191109_LF_LIB_consensus_vsearch	4233	G	G	680	5	0.72%	2	2	93	93	0.031021981668500974	1	1	475	205	4	1	+TG
F8_BC68_191109_LF_LIB_consensus_vsearch	4234	C	Y	684	8	1.14%	2	2	93	93	0.003827593555737496	1	1	485	199	2	6	T
F8_BC68_191109_LF_LIB_consensus_vsearch	4235	A	A	699	6	0.85%	2	1	93	93	0.01545901321150471	1	1	484	215	6	0	G
F8_BC68_191109_LF_LIB_consensus_vsearch	4236	T	*/-GT	681	8	1.13%	2	2	93	93	0.0038272527030184396	1	1	480	201	5	3	-GT
F8_BC68_191109_LF_LIB_consensus_vsearch	4237	G	*/-T	671	19	2.71%	2	1	93	93	1.6822185936618268E-6	1	1	482	189	0	19	-T
F8_BC68_191109_LF_LIB_consensus_vsearch	4238	T	T	659	6	0.88%	2	2	93	93	0.015449044189068659	1	1	484	175	1	5	+G
F8_BC68_191109_LF_LIB_consensus_vsearch	4239	A	*/+G	661	13	1.84%	2	1	93	93	1.1514489314702678E-4	1	1	484	177	0	13	+G
F8_BC68_191109_LF_LIB_consensus_vsearch	4240	T	Y	670	7	1.02%	2	2	93	93	0.007691690124933204	1	1	480	190	2	5	C
F8_BC68_191109_LF_LIB_consensus_vsearch	4241	T	T	694	5	0.71%	2	1	93	93	0.031026546901622466	1	1	488	206	0	5	C
F8_BC68_191109_LF_LIB_consensus_vsearch	4242	A	R	690	7	0.99%	2	2	93	93	0.007695146664767802	1	1	485	205	4	3	G
F8_BC68_191109_LF_LIB_consensus_vsearch	4243	T	*/-C	696	9	1.27%	2	1	93	93	0.0019035941099604125	1	1	492	204	0	9	-C
F8_BC68_191109_LF_LIB_consensus_vsearch	4244	C	C	694	5	0.71%	2	1	93	93	0.031026546901622466	1	1	490	204	5	0	-TC
F8_BC68_191109_LF_LIB_consensus_vsearch	4245	T	*/-C	613	73	10.37%	2	2	93	93	1.3998241394078003E-23	1	1	414	199	69	4	-C
F8_BC68_191109_LF_LIB_consensus_vsearch	4246	C	C	629	3	0.47%	2	1	93	93	0.12470308788598208	1	1	416	213	3	0	+A
F8_BC68_191109_LF_LIB_consensus_vsearch	4247	C	C	702	4	0.56%	2	2	93	93	0.062234325352884735	1	1	490	212	1	3	-T
F8_BC68_191109_LF_LIB_consensus_vsearch	4248	T	Y	683	11	1.55%	2	2	93	93	4.6916934806662123E-4	1	1	482	201	3	8	C
F8_BC68_191109_LF_LIB_consensus_vsearch	4249	G	G	691	6	0.85%	2	2	93	93	0.01545711081143495	1	1	478	213	4	2	-A
F8_BC68_191109_LF_LIB_consensus_vsearch	4250	A	A	695	4	0.57%	2	1	93	93	0.06223166385714614	1	1	480	215	4	0	G
F8_BC68_191109_LF_LIB_consensus_vsearch	4251	A	*/-T	691	9	1.27%	2	2	93	93	0.0019032427370135523	1	1	478	213	6	3	-T
F8_BC68_191109_LF_LIB_consensus_vsearch	4252	T	T	695	3	0.43%	2	2	93	93	0.12473118279579633	1	1	483	212	2	1	C
F8_BC68_191109_LF_LIB_consensus_vsearch	4253	T	T	705	5	0.7%	2	2	93	93	0.031030007614295013	1	1	491	214	4	1	C
F8_BC68_191109_LF_LIB_consensus_vsearch	4254	T	Y	701	7	0.98%	2	2	93	93	0.007696964759941648	1	1	490	211	4	3	C
F8_BC68_191109_LF_LIB_consensus_vsearch	4255	G	R	699	8	1.13%	2	2	93	93	0.003829254631650171	1	1	485	214	7	1	A
F8_BC68_191109_LF_LIB_consensus_vsearch	4256	T	*/-C	690	11	1.55%	2	2	93	93	4.6935786269801464E-4	1	1	476	214	10	1	-C
F8_BC68_191109_LF_LIB_consensus_vsearch	4257	C	*/-AC	674	10	1.43%	2	1	93	93	9.447437414487541E-4	1	1	462	212	10	0	-AC
F8_BC68_191109_LF_LIB_consensus_vsearch	4258	A	R	681	8	1.15%	2	1	93	93	0.0038272527030184396	1	1	465	216	8	0	G
F8_BC68_191109_LF_LIB_consensus_vsearch	4259	C	Y	671	14	2%	2	2	93	93	5.707490482835091E-5	1	1	463	208	11	3	T
F8_BC68_191109_LF_LIB_consensus_vsearch	4260	G	G	687	5	0.72%	2	1	93	93	0.031024287366540265	1	1	476	211	5	0	A
F8_BC68_191109_LF_LIB_consensus_vsearch	4261	G	*/+CC	670	12	1.69%	2	1	93	93	2.325128029022739E-4	1	1	455	215	12	0	+CC
F8_BC68_191109_LF_LIB_consensus_vsearch	4262	C	Y	680	13	1.85%	2	2	93	93	1.1533111024855475E-4	1	1	469	211	10	3	T
F8_BC68_191109_LF_LIB_consensus_vsearch	4263	T	Y	676	16	2.27%	2	2	93	93	1.3977746915028406E-5	1	1	464	212	15	1	C
F8_BC68_191109_LF_LIB_consensus_vsearch	4264	A	R	679	12	1.7%	2	2	93	93	2.3266187675392302E-4	1	1	468	211	9	3	G
F8_BC68_191109_LF_LIB_consensus_vsearch	4265	G	R	684	7	0.99%	2	2	93	93	0.007694130650567804	1	1	469	215	5	2	A
F8_BC68_191109_LF_LIB_consensus_vsearch	4266	C	M	690	9	1.28%	2	2	93	93	0.0019031718633756593	1	1	475	215	8	1	A
F8_BC68_191109_LF_LIB_consensus_vsearch	4267	C	Y	696	9	1.27%	2	2	93	93	0.0019035941099604125	1	1	480	216	8	1	T
F8_BC68_191109_LF_LIB_consensus_vsearch	4268	A	A	701	2	0.28%	2	1	93	93	0.24982206405609253	1	1	486	215	2	0	+T
F8_BC68_191109_LF_LIB_consensus_vsearch	4269	T	T	694	5	0.71%	2	2	93	93	0.031026546901622466	1	1	484	210	1	4	-GT
F8_BC68_191109_LF_LIB_consensus_vsearch	4270	G	G	691	6	0.85%	2	1	93	93	0.01545711081143495	1	1	479	212	6	0	A
F8_BC68_191109_LF_LIB_consensus_vsearch	4271	T	Y	687	8	1.14%	2	2	93	93	0.003827931479801315	1	1	479	208	6	2	C
F8_BC68_191109_LF_LIB_consensus_vsearch	4272	A	R	675	22	3.12%	2	2	93	93	2.0148501184672708E-7	1	1	461	214	21	1	G
F8_BC68_191109_LF_LIB_consensus_vsearch	4273	C	*/-A	537	127	17.94%	2	2	93	93	7.443563242317147E-42	1	1	337	200	115	12	-A
F8_BC68_191109_LF_LIB_consensus_vsearch	4274	A	A	566	4	0.7%	2	2	93	93	0.062170908610734946	1	1	365	201	3	1	G
F8_BC68_191109_LF_LIB_consensus_vsearch	4275	A	A	695	5	0.71%	2	2	93	93	0.031026866004720807	1	1	480	215	4	1	G
F8_BC68_191109_LF_LIB_consensus_vsearch	4276	A	A	705	3	0.42%	2	1	93	93	0.12473498233245997	1	1	489	216	3	0	G
F8_BC68_191109_LF_LIB_consensus_vsearch	4277	A	A	703	4	0.56%	2	1	93	93	0.06223470126280326	1	1	488	215	4	0	G
F8_BC68_191109_LF_LIB_consensus_vsearch	4278	T	T	703	4	0.56%	2	2	93	93	0.06223470126280326	1	1	493	210	1	3	C
F8_BC68_191109_LF_LIB_consensus_vsearch	4279	T	*/-C	675	28	3.94%	2	1	93	93	2.8318084431791786E-9	1	1	491	184	0	28	-C
F8_BC68_191109_LF_LIB_consensus_vsearch	4280	C	C	667	4	0.59%	2	2	93	93	0.062220462363932194	1	1	480	187	3	1	T
F8_BC68_191109_LF_LIB_consensus_vsearch	4281	G	G	706	1	0.14%	2	1	93	93	0.4999999999990043	1	1	490	216	0	1	+CTG
F8_BC68_191109_LF_LIB_consensus_vsearch	4282	A	A	700	4	0.56%	2	1	93	93	0.06223357032831275	1	1	484	216	4	0	G
F8_BC68_191109_LF_LIB_consensus_vsearch	4283	C	*/+T	691	11	1.55%	2	1	93	93	4.6938449023983423E-4	1	1	489	202	0	11	+T
F8_BC68_191109_LF_LIB_consensus_vsearch	4284	T	*/-C	681	10	1.41%	2	2	93	93	9.450630174371408E-4	1	1	487	194	2	8	-C
F8_BC68_191109_LF_LIB_consensus_vsearch	4285	C	C	684	3	0.43%	2	2	93	93	0.12472687545529655	1	1	485	199	1	2	+T
F8_BC68_191109_LF_LIB_consensus_vsearch	4286	T	Y	685	8	1.14%	2	2	93	93	0.003827706520627659	1	1	482	203	6	2	C
F8_BC68_191109_LF_LIB_consensus_vsearch	4287	T	*/+C	689	9	1.27%	2	2	93	93	0.0019031007880593255	1	1	475	214	7	2	+C
F8_BC68_191109_LF_LIB_consensus_vsearch	4288	C	*/+A	664	23	3.25%	2	1	93	93	9.88568315540832E-8	1	1	455	209	23	0	+A
F8_BC68_191109_LF_LIB_consensus_vsearch	4289	A	R	688	8	1.14%	2	2	93	93	0.0038280434768544216	1	1	479	209	6	2	G
F8_BC68_191109_LF_LIB_consensus_vsearch	4290	A	R	688	10	1.41%	2	2	93	93	9.453759502338604E-4	1	1	484	204	3	7	G
F8_BC68_191109_LF_LIB_consensus_vsearch	4291	G	R	689	8	1.13%	2	1	93	93	0.0038281551540559158	1	1	481	208	8	0	A
F8_BC68_191109_LF_LIB_consensus_vsearch	4292	T	Y	687	14	1.98%	2	2	93	93	5.716321840611958E-5	1	1	487	200	3	11	C
F8_BC68_191109_LF_LIB_consensus_vsearch	4293	G	*/-A	697	9	1.27%	2	1	93	93	0.0019036637913854943	1	1	483	214	9	0	-A
F8_BC68_191109_LF_LIB_consensus_vsearch	4294	A	A	693	6	0.85%	2	2	93	93	0.01545759048792114	1	1	477	216	5	1	G
F8_BC68_191109_LF_LIB_consensus_vsearch	4295	A	R	699	10	1.41%	2	2	93	93	9.458553335893302E-4	1	1	485	214	8	2	G
F8_BC68_191109_LF_LIB_consensus_vsearch	4296	T	T	699	4	0.56%	2	2	93	93	0.062233191204189284	1	1	486	213	3	1	C
F8_BC68_191109_LF_LIB_consensus_vsearch	4297	C	C	698	5	0.71%	2	1	93	93	0.031027817868692333	1	1	485	213	5	0	-A
F8_BC68_191109_LF_LIB_consensus_vsearch	4298	A	R	676	16	2.27%	2	2	93	93	1.3977746915028406E-5	1	1	464	212	14	2	G
F8_BC68_191109_LF_LIB_consensus_vsearch	4299	T	Y	690	9	1.27%	2	2	93	93	0.0019031718633756593	1	1	477	213	8	1	C
F8_BC68_191109_LF_LIB_consensus_vsearch	4300	A	A	692	4	0.57%	2	1	93	93	0.062230506821500255	1	1	480	212	4	0	G
F8_BC68_191109_LF_LIB_consensus_vsearch	4301	A	R	685	18	2.53%	2	2	93	93	3.4166739671643E-6	1	1	473	212	17	1	G
F8_BC68_191109_LF_LIB_consensus_vsearch	4302	C	C	695	4	0.56%	2	2	93	93	0.06223166385714614	1	1	483	212	3	1	+T
F8_BC68_191109_LF_LIB_consensus_vsearch	4303	T	Y	680	17	2.4%	2	2	93	93	6.9121211579727486E-6	1	1	486	194	1	16	C
F8_BC68_191109_LF_LIB_consensus_vsearch	4304	G	*/-A	702	7	0.98%	2	1	93	93	0.007697127251846029	1	1	486	216	7	0	-A
F8_BC68_191109_LF_LIB_consensus_vsearch	4305	A	A	687	6	0.85%	2	2	93	93	0.015456143164561733	1	1	478	209	5	1	-T
F8_BC68_191109_LF_LIB_consensus_vsearch	4306	T	T	701	3	0.43%	2	1	93	93	0.12473347547949812	1	1	485	216	3	0	G
F8_BC68_191109_LF_LIB_consensus_vsearch	4307	T	T	709	2	0.28%	2	1	93	93	0.24982406755817957	1	1	492	217	2	0	C
F8_BC68_191109_LF_LIB_consensus_vsearch	4308	T	*/-A	695	11	1.55%	2	2	93	93	4.694902553240952E-4	1	1	481	214	9	2	-A
F8_BC68_191109_LF_LIB_consensus_vsearch	4309	A	A	694	4	0.57%	2	1	93	93	0.06223127928418964	1	1	479	215	4	0	G
F8_BC68_191109_LF_LIB_consensus_vsearch	4310	A	R	692	13	1.83%	2	1	93	93	1.154436487484223E-4	1	1	475	217	13	0	G
F8_BC68_191109_LF_LIB_consensus_vsearch	4311	T	*/+A	688	7	0.99%	2	1	93	93	0.007694809936862327	1	1	473	215	7	0	+A
F8_BC68_191109_LF_LIB_consensus_vsearch	4312	G	*/-A	694	9	1.27%	2	2	93	93	0.001903454156451721	1	1	479	215	8	1	-A
F8_BC68_191109_LF_LIB_consensus_vsearch	4313	A	R	669	21	2.99%	2	2	93	93	4.085852817745932E-7	1	1	455	214	19	2	G
F8_BC68_191109_LF_LIB_consensus_vsearch	4314	G	*/-C	691	7	0.99%	2	2	93	93	0.007695314307205932	1	1	477	214	5	2	-C
F8_BC68_191109_LF_LIB_consensus_vsearch	4315	C	C	696	4	0.57%	2	2	93	93	0.06223204733082229	1	1	483	213	2	2	T
F8_BC68_191109_LF_LIB_consensus_vsearch	4316	C	Y	698	9	1.27%	2	2	93	93	0.0019037332770426652	1	1	487	211	3	6	T
F8_BC68_191109_LF_LIB_consensus_vsearch	4317	A	A	698	6	0.85%	2	2	93	93	0.015458777772499533	1	1	483	215	5	1	+T
F8_BC68_191109_LF_LIB_consensus_vsearch	4318	T	T	702	4	0.56%	2	1	93	93	0.062234325352884735	1	1	492	210	0	4	+C
F8_BC68_191109_LF_LIB_consensus_vsearch	4319	T	T	692	5	0.7%	2	2	93	93	0.03102590594951147	1	1	486	206	4	1	+C
F8_BC68_191109_LF_LIB_consensus_vsearch	4320	C	*/+AC	682	7	0.99%	2	1	93	93	0.007693788058408534	1	1	477	205	7	0	+AC
F8_BC68_191109_LF_LIB_consensus_vsearch	4321	G	S	681	10	1.41%	2	1	93	93	9.450630174371408E-4	1	1	468	213	10	0	C
F8_BC68_191109_LF_LIB_consensus_vsearch	4322	C	C	693	6	0.85%	2	2	93	93	0.01545759048792114	1	1	483	210	5	1	T
F8_BC68_191109_LF_LIB_consensus_vsearch	4323	A	R	687	10	1.42%	2	2	93	93	9.453316267322512E-4	1	1	477	210	9	1	G
F8_BC68_191109_LF_LIB_consensus_vsearch	4324	G	*/-T	686	10	1.41%	2	2	93	93	9.452871770742829E-4	1	1	474	212	9	1	-T
F8_BC68_191109_LF_LIB_consensus_vsearch	4325	T	Y	687	11	1.57%	2	2	93	93	4.6927752796516024E-4	1	1	480	207	4	7	C
F8_BC68_191109_LF_LIB_consensus_vsearch	4326	T	T	705	6	0.84%	2	2	93	93	0.015460411956916664	1	1	491	214	3	3	C
F8_BC68_191109_LF_LIB_consensus_vsearch	4327	T	*/+C	696	8	1.13%	2	2	93	93	0.0038289280527219385	1	1	488	208	1	7	+C
F8_BC68_191109_LF_LIB_consensus_vsearch	4328	C	*/-A	699	8	1.13%	2	2	93	93	0.003829254631650171	1	1	490	209	4	4	-A
F8_BC68_191109_LF_LIB_consensus_vsearch	4329	A	A	698	4	0.57%	2	2	93	93	0.06223281099972274	1	1	487	211	3	1	G
F8_BC68_191109_LF_LIB_consensus_vsearch	4330	A	A	699	5	0.7%	2	2	93	93	0.031028133354538395	1	1	487	212	3	2	G
F8_BC68_191109_LF_LIB_consensus_vsearch	4331	T	Y	698	11	1.55%	2	2	93	93	4.6956880552387787E-4	1	1	489	209	3	8	C
F8_BC68_191109_LF_LIB_consensus_vsearch	4332	T	T	699	5	0.7%	2	2	93	93	0.031028133354538395	1	1	487	212	4	1	C
F8_BC68_191109_LF_LIB_consensus_vsearch	4333	G	*/+T	690	8	1.13%	2	1	93	93	0.0038282665127912204	1	1	475	215	8	0	+T
F8_BC68_191109_LF_LIB_consensus_vsearch	4334	T	T	697	6	0.85%	2	2	93	93	0.015458541664756588	1	1	483	214	3	3	C
F8_BC68_191109_LF_LIB_consensus_vsearch	4335	T	T	706	4	0.56%	2	2	93	93	0.0622358226367427	1	1	490	216	3	1	C
F8_BC68_191109_LF_LIB_consensus_vsearch	4336	T	*/+A	650	22	3.09%	2	1	93	93	2.002068359369506E-7	1	1	440	210	22	0	+A
F8_BC68_191109_LF_LIB_consensus_vsearch	4337	A	R	675	10	1.45%	2	2	93	93	9.447897479611806E-4	1	1	467	208	8	2	G
F8_BC68_191109_LF_LIB_consensus_vsearch	4338	A	*/-G	690	13	1.83%	2	2	93	93	1.1542515400541905E-4	1	1	479	211	11	2	-G
F8_BC68_191109_LF_LIB_consensus_vsearch	4339	G	G	691	4	0.57%	2	2	93	93	0.06223011892275293	1	1	480	211	3	1	+A
F8_BC68_191109_LF_LIB_consensus_vsearch	4340	G	G	699	4	0.56%	2	2	93	93	0.062233191204189284	1	1	488	211	1	3	-T
F8_BC68_191109_LF_LIB_consensus_vsearch	4341	T	T	702	4	0.57%	2	2	93	93	0.062234325352884735	1	1	491	211	2	2	C
F8_BC68_191109_LF_LIB_consensus_vsearch	4342	C	C	706	4	0.56%	2	2	93	93	0.0622358226367427	1	1	491	215	2	2	-T
F8_BC68_191109_LF_LIB_consensus_vsearch	4343	T	*/+C	675	16	2.26%	2	2	93	93	1.3975953033287029E-5	1	1	470	205	15	1	+C
F8_BC68_191109_LF_LIB_consensus_vsearch	4344	C	*/+T	671	11	1.57%	2	1	93	93	4.688372910985754E-4	1	1	480	191	0	11	+T
F8_BC68_191109_LF_LIB_consensus_vsearch	4345	T	*/+G	669	12	1.72%	2	1	93	93	2.324959998276635E-4	1	1	475	194	0	12	+G
F8_BC68_191109_LF_LIB_consensus_vsearch	4346	G	G	698	5	0.71%	2	1	93	93	0.031027817868692333	1	1	484	214	5	0	C
F8_BC68_191109_LF_LIB_consensus_vsearch	4347	A	R	695	7	0.99%	2	2	93	93	0.007695980114598385	1	1	481	214	6	1	G
F8_BC68_191109_LF_LIB_consensus_vsearch	4348	A	A	701	3	0.42%	2	1	93	93	0.12473347547949812	1	1	491	210	0	3	+T
F8_BC68_191109_LF_LIB_consensus_vsearch	4349	C	C	697	5	0.71%	2	1	93	93	0.03102750148427654	1	1	491	206	0	5	+T
F8_BC68_191109_LF_LIB_consensus_vsearch	4350	T	*/-C	690	7	0.99%	2	1	93	93	0.007695146664767802	1	1	489	201	0	7	-C
F8_BC68_191109_LF_LIB_consensus_vsearch	4351	C	*/-TC	512	182	25.96%	2	2	93	93	1.8240460072181586E-61	1	1	460	52	29	153	-TC
F8_BC68_191109_LF_LIB_consensus_vsearch	4352	T	Y	500	7	1.34%	2	2	93	93	0.0076513431225088465	1	1	450	50	3	4	C
F8_BC68_191109_LF_LIB_consensus_vsearch	4353	C	C	508	4	0.77%	2	1	93	93	0.06213361059983062	1	1	449	59	4	0	-GC
F8_BC68_191109_LF_LIB_consensus_vsearch	4354	G	G	695	6	0.85%	2	2	93	93	0.015458067431314672	1	1	481	214	5	1	A
F8_BC68_191109_LF_LIB_consensus_vsearch	4355	C	C	689	5	0.71%	2	2	93	93	0.031024937597504795	1	1	478	211	2	3	T
F8_BC68_191109_LF_LIB_consensus_vsearch	4356	A	A	698	3	0.43%	2	1	93	93	0.12473233404720117	1	1	484	214	3	0	G
F8_BC68_191109_LF_LIB_consensus_vsearch	4357	T	Y	691	12	1.7%	2	2	93	93	2.3285479693682914E-4	1	1	480	211	8	4	C
F8_BC68_191109_LF_LIB_consensus_vsearch	4358	G	G	684	6	0.85%	2	1	93	93	0.015455410077685248	1	1	468	216	6	0	+C
F8_BC68_191109_LF_LIB_consensus_vsearch	4359	C	C	691	4	0.57%	2	2	93	93	0.06223011892275293	1	1	477	214	3	1	T
F8_BC68_191109_LF_LIB_consensus_vsearch	4360	A	R	673	14	2%	2	2	93	93	5.7086163633485554E-5	1	1	462	211	11	3	G
F8_BC68_191109_LF_LIB_consensus_vsearch	4361	T	T	689	4	0.57%	2	2	93	93	0.062229339765201515	1	1	480	209	3	1	-G
F8_BC68_191109_LF_LIB_consensus_vsearch	4362	G	G	683	6	0.86%	2	1	93	93	0.015455164298851453	1	1	467	216	6	0	A
F8_BC68_191109_LF_LIB_consensus_vsearch	4363	G	G	692	6	0.85%	2	1	93	93	0.015457350992753744	1	1	477	215	6	0	-CT
F8_BC68_191109_LF_LIB_consensus_vsearch	4364	C	*/-T	676	9	1.28%	2	2	93	93	0.0019021580576563692	1	1	468	208	6	3	-T
F8_BC68_191109_LF_LIB_consensus_vsearch	4365	T	T	682	2	0.29%	2	2	93	93	0.24981711777638543	1	1	471	211	1	1	A
F8_BC68_191109_LF_LIB_consensus_vsearch	4366	T	T	688	5	0.71%	2	2	93	93	0.031024612950973945	1	1	475	213	3	2	C
F8_BC68_191109_LF_LIB_consensus_vsearch	4367	A	A	696	4	0.56%	2	1	93	93	0.06223204733082229	1	1	485	211	4	0	G
F8_BC68_191109_LF_LIB_consensus_vsearch	4368	G	G	697	4	0.57%	2	1	93	93	0.06223242971040495	1	1	486	211	4	0	A
F8_BC68_191109_LF_LIB_consensus_vsearch	4369	T	*/-C	667	36	5.09%	2	2	93	93	9.188796976525913E-12	1	1	452	215	35	1	-C
F8_BC68_191109_LF_LIB_consensus_vsearch	4370	C	C	668	3	0.45%	2	2	93	93	0.12472035794172695	1	1	454	214	2	1	T
F8_BC68_191109_LF_LIB_consensus_vsearch	4371	C	*/+G	672	20	2.83%	2	1	93	93	8.297067812230699E-7	1	1	480	192	0	20	+G
F8_BC68_191109_LF_LIB_consensus_vsearch	4372	G	G	693	5	0.71%	2	1	93	93	0.031026226884601986	1	1	478	215	5	0	-A
F8_BC68_191109_LF_LIB_consensus_vsearch	4373	A	A	695	3	0.43%	2	1	93	93	0.12473118279579633	1	1	479	216	3	0	+T
F8_BC68_191109_LF_LIB_consensus_vsearch	4374	T	T	701	2	0.28%	2	1	93	93	0.24982206405609253	1	1	489	212	0	2	-G
F8_BC68_191109_LF_LIB_consensus_vsearch	4375	G	G	701	2	0.28%	2	1	93	93	0.24982206405609253	1	1	488	213	2	0	+TG
F8_BC68_191109_LF_LIB_consensus_vsearch	4376	G	G	703	2	0.28%	2	1	93	93	0.2498225691976094	1	1	487	216	2	0	A
F8_BC68_191109_LF_LIB_consensus_vsearch	4377	A	*/-C	686	11	1.56%	2	1	93	93	4.69250597951495E-4	1	1	484	202	0	11	-C
F8_BC68_191109_LF_LIB_consensus_vsearch	4378	C	Y	676	8	1.15%	2	2	93	93	0.0038266780028401756	1	1	482	194	4	4	T
F8_BC68_191109_LF_LIB_consensus_vsearch	4379	A	W	680	13	1.86%	2	1	93	93	1.1533111024855475E-4	1	1	486	194	0	13	T
F8_BC68_191109_LF_LIB_consensus_vsearch	4380	A	*/-G	678	17	2.43%	2	2	93	93	6.910133880205389E-6	1	1	481	197	3	14	-G
F8_BC68_191109_LF_LIB_consensus_vsearch	4381	G	R	626	38	5.62%	2	1	93	93	2.1098177369854544E-12	1	1	438	188	38	0	A
F8_BC68_191109_LF_LIB_consensus_vsearch	4382	C	C	670	3	0.45%	2	1	93	93	0.12472118959124256	1	1	471	199	3	0	+G
F8_BC68_191109_LF_LIB_consensus_vsearch	4383	A	A	663	5	0.74%	2	2	93	93	0.031016181011564434	1	1	458	205	2	3	G
F8_BC68_191109_LF_LIB_consensus_vsearch	4384	T	T	648	5	0.76%	2	1	93	93	0.03101081206644493	1	1	441	207	5	0	-AT
F8_BC68_191109_LF_LIB_consensus_vsearch	4385	A	A	620	1	0.16%	2	1	93	93	0.4999999999999138	1	1	413	207	1	0	+CT
F8_BC68_191109_LF_LIB_consensus_vsearch	4386	T	T	601	1	0.17%	2	1	93	93	0.4999999999990043	1	1	399	202	0	1	+AT
F8_BC68_191109_LF_LIB_consensus_vsearch	4387	G	G	590	1	0.17%	2	1	93	93	0.5000000000008233	1	1	384	206	1	0	-A
F8_BC68_191109_LF_LIB_consensus_vsearch	4388	A	A	560	2	0.36%	2	2	93	93	0.24977738201235208	1	1	356	204	1	1	-C
F8_BC68_191109_LF_LIB_consensus_vsearch	4389	C	C	531	0	0%	2	0	93	0	1.0	1	0	329	202	0	0	
F8_BC68_191109_LF_LIB_consensus_vsearch	4390	T	T	499	0	0%	2	0	93	0	1.0	1	0	297	202	0	0	
F8_BC68_191109_LF_LIB_consensus_vsearch	4391	A	A	468	0	0%	2	0	93	0	1.0	1	0	266	202	0	0	
F8_BC68_191109_LF_LIB_consensus_vsearch	4392	C	C	433	0	0%	2	0	93	0	1.0	1	0	234	199	0	0	
