Chrom	Position	Ref	Cons	Reads1	Reads2	VarFreq	Strands1	Strands2	Qual1	Qual2	Pvalue	MapQual1	MapQual2	Reads1Plus	Reads1Minus	Reads2Plus	Reads2Minus	VarAllele
G4_BC76_191109_LF_LIB_consensus_vsearch	12	C	Y	360	27	6.82%	2	1	93	93	4.658197549772413E-9	1	1	142	218	0	27	T
G4_BC76_191109_LF_LIB_consensus_vsearch	26	T	Y	382	7	1.73%	2	2	93	93	0.0076027118384171	1	1	141	241	4	3	C
G4_BC76_191109_LF_LIB_consensus_vsearch	30	C	Y	390	8	1.98%	2	1	93	93	0.0037699692796093966	1	1	146	244	0	8	T
G4_BC76_191109_LF_LIB_consensus_vsearch	31	C	Y	391	10	2.46%	2	2	93	93	9.226547240173711E-4	1	1	146	245	1	9	T
G4_BC76_191109_LF_LIB_consensus_vsearch	38	G	R	387	10	2.49%	2	2	93	93	9.221205845541368E-4	1	1	133	254	9	1	A
G4_BC76_191109_LF_LIB_consensus_vsearch	68	A	R	396	9	2.21%	2	1	93	93	0.0018673383028544072	1	1	139	257	9	0	G
G4_BC76_191109_LF_LIB_consensus_vsearch	72	C	Y	377	8	1.97%	2	1	93	93	0.003765406973524696	1	1	133	244	0	8	+A
G4_BC76_191109_LF_LIB_consensus_vsearch	77	G	R	391	8	1.99%	2	1	93	93	0.003770308015149166	1	1	137	254	8	0	A
G4_BC76_191109_LF_LIB_consensus_vsearch	80	T	Y	385	9	2.25%	2	2	93	93	0.001864972504119446	1	1	142	243	3	6	C
G4_BC76_191109_LF_LIB_consensus_vsearch	90	A	R	383	14	3.47%	2	1	93	93	5.4317819652484023E-5	1	1	130	253	14	0	G
G4_BC76_191109_LF_LIB_consensus_vsearch	92	T	Y	396	7	1.72%	2	1	93	93	0.007609963086240239	1	1	147	249	0	7	C
G4_BC76_191109_LF_LIB_consensus_vsearch	94	A	R	390	10	2.46%	2	2	93	93	9.225221739189795E-4	1	1	144	246	2	8	G
G4_BC76_191109_LF_LIB_consensus_vsearch	95	T	Y	378	12	2.99%	2	2	93	93	2.2404784900264377E-4	1	1	139	239	5	7	C
G4_BC76_191109_LF_LIB_consensus_vsearch	101	A	R	384	11	2.73%	2	2	93	93	4.5501547153779163E-4	1	1	131	253	9	2	G
G4_BC76_191109_LF_LIB_consensus_vsearch	102	C	Y	367	12	3.01%	2	1	93	93	2.2348143552523473E-4	1	1	132	235	0	12	T
G4_BC76_191109_LF_LIB_consensus_vsearch	121	T	Y	376	18	4.49%	2	2	93	93	3.127618879946835E-6	1	1	145	231	1	17	C
G4_BC76_191109_LF_LIB_consensus_vsearch	123	C	Y	386	7	1.75%	2	2	93	93	0.0076048360660226225	1	1	138	248	1	6	T
G4_BC76_191109_LF_LIB_consensus_vsearch	125	T	Y	385	7	1.73%	2	2	93	93	0.007604309052101333	1	1	141	244	2	5	-G
G4_BC76_191109_LF_LIB_consensus_vsearch	129	T	Y	387	10	2.48%	2	1	93	93	9.221205845541368E-4	1	1	145	242	0	10	C
G4_BC76_191109_LF_LIB_consensus_vsearch	138	C	Y	388	8	1.97%	2	2	93	93	0.0037692867193449852	1	1	144	244	1	7	T
G4_BC76_191109_LF_LIB_consensus_vsearch	153	A	M	376	7	1.74%	2	2	93	93	0.007599442747600996	1	1	126	250	4	3	C
G4_BC76_191109_LF_LIB_consensus_vsearch	155	A	M	379	8	2.02%	2	1	93	93	0.0037661286454389806	1	1	130	249	8	0	C
G4_BC76_191109_LF_LIB_consensus_vsearch	156	C	Y	386	11	2.74%	2	2	93	93	4.551794212032011E-4	1	1	145	241	1	10	T
G4_BC76_191109_LF_LIB_consensus_vsearch	158	T	Y	382	9	2.23%	2	2	93	93	0.00186430447199865	1	1	137	245	4	5	C
G4_BC76_191109_LF_LIB_consensus_vsearch	162	C	Y	384	10	2.51%	2	2	93	93	9.217129834227815E-4	1	1	141	243	1	9	T
G4_BC76_191109_LF_LIB_consensus_vsearch	164	A	R	389	8	1.99%	2	1	93	93	0.0037696288519149155	1	1	135	254	8	0	G
G4_BC76_191109_LF_LIB_consensus_vsearch	171	C	Y	391	12	2.95%	2	2	93	93	2.2467848276270147E-4	1	1	146	245	1	11	T
G4_BC76_191109_LF_LIB_consensus_vsearch	173	A	R	384	16	3.93%	2	2	93	93	1.309436672524504E-5	1	1	133	251	15	1	G
G4_BC76_191109_LF_LIB_consensus_vsearch	179	G	R	370	7	1.74%	2	2	93	93	0.007596070166375128	1	1	118	252	6	1	-AG
G4_BC76_191109_LF_LIB_consensus_vsearch	194	T	K	375	8	2.04%	2	1	93	93	0.003764677830168862	1	1	134	241	8	0	G
G4_BC76_191109_LF_LIB_consensus_vsearch	195	T	Y	378	9	2.24%	2	2	93	93	0.0018633978545959287	1	1	133	245	3	6	C
G4_BC76_191109_LF_LIB_consensus_vsearch	196	A	R	362	11	2.77%	2	2	93	93	4.530987124457782E-4	1	1	130	232	8	3	+G
G4_BC76_191109_LF_LIB_consensus_vsearch	198	A	R	385	10	2.51%	2	1	93	93	9.218495267512253E-4	1	1	132	253	10	0	G
G4_BC76_191109_LF_LIB_consensus_vsearch	204	A	R	320	8	1.97%	2	2	93	93	0.003741177272389607	1	1	142	178	5	3	-C
G4_BC76_191109_LF_LIB_consensus_vsearch	207	T	Y	378	12	3.03%	2	2	93	93	2.2404784900264377E-4	1	1	145	233	2	10	C
G4_BC76_191109_LF_LIB_consensus_vsearch	213	T	Y	324	72	17.91%	2	1	93	93	6.0621536090447545E-24	1	1	142	182	0	72	C
G4_BC76_191109_LF_LIB_consensus_vsearch	215	C	Y	323	63	15.56%	2	1	93	93	6.888148679403869E-21	1	1	134	189	0	63	T
G4_BC76_191109_LF_LIB_consensus_vsearch	218	G	S	390	7	1.73%	2	1	93	93	0.007606917708857565	1	1	133	257	7	0	C
G4_BC76_191109_LF_LIB_consensus_vsearch	228	T	Y	381	8	2.03%	2	2	93	93	0.003766842960150322	1	1	144	237	3	5	C
G4_BC76_191109_LF_LIB_consensus_vsearch	235	T	Y	371	9	2.22%	2	2	93	93	0.0018617659366352362	1	1	137	234	5	4	-A
G4_BC76_191109_LF_LIB_consensus_vsearch	236	A	R	378	10	2.56%	2	1	93	93	9.208791978192084E-4	1	1	147	231	0	10	G
G4_BC76_191109_LF_LIB_consensus_vsearch	237	A	R	380	12	2.94%	2	2	93	93	2.2414751491838127E-4	1	1	146	234	2	10	-G
G4_BC76_191109_LF_LIB_consensus_vsearch	247	G	K	294	21	6.58%	2	1	93	93	3.378377046976539E-7	1	1	146	148	0	21	T
G4_BC76_191109_LF_LIB_consensus_vsearch	254	T	Y	387	11	2.7%	2	1	93	93	4.5526079174589983E-4	1	1	147	240	0	11	C
G4_BC76_191109_LF_LIB_consensus_vsearch	259	C	Y	260	11	2.74%	2	2	93	93	4.402770692935837E-4	1	1	145	115	1	10	T
G4_BC76_191109_LF_LIB_consensus_vsearch	260	T	Y	246	25	9.09%	2	1	93	93	1.668750206804489E-8	1	1	146	100	0	25	C
G4_BC76_191109_LF_LIB_consensus_vsearch	261	T	Y	342	7	1.75%	2	1	93	93	0.0075788071772909795	1	1	146	196	0	7	-C
G4_BC76_191109_LF_LIB_consensus_vsearch	271	G	R	386	13	3.26%	2	1	93	93	1.1053069410618301E-4	1	1	131	255	13	0	A
G4_BC76_191109_LF_LIB_consensus_vsearch	279	A	R	381	9	2.24%	2	2	93	93	0.0018640795393290628	1	1	132	249	7	2	G
G4_BC76_191109_LF_LIB_consensus_vsearch	283	A	R	367	7	1.82%	2	2	93	93	0.0075943435189384555	1	1	133	234	2	5	G
G4_BC76_191109_LF_LIB_consensus_vsearch	283	A	W	367	7	1.82%	2	2	93	93	0.0075943435189384555	1	1	133	234	1	6	G
G4_BC76_191109_LF_LIB_consensus_vsearch	284	A	R	374	13	3.25%	2	2	93	93	1.1018527269038747E-4	1	1	139	235	1	12	G
G4_BC76_191109_LF_LIB_consensus_vsearch	286	T	Y	383	9	2.23%	2	1	93	93	0.001864528271344425	1	1	144	239	0	9	C
G4_BC76_191109_LF_LIB_consensus_vsearch	288	A	R	389	7	1.72%	2	2	93	93	0.0076064012202881484	1	1	141	248	5	2	G
G4_BC76_191109_LF_LIB_consensus_vsearch	290	T	Y	382	9	2.25%	2	1	93	93	0.00186430447199865	1	1	148	234	0	9	C
G4_BC76_191109_LF_LIB_consensus_vsearch	292	C	Y	375	8	2.06%	2	1	93	93	0.003764677830168862	1	1	131	244	0	8	T
G4_BC76_191109_LF_LIB_consensus_vsearch	293	C	Y	387	16	3.94%	2	1	93	93	1.3109581232264456E-5	1	1	147	240	0	16	T
G4_BC76_191109_LF_LIB_consensus_vsearch	295	T	Y	369	29	7.2%	2	2	93	93	1.0973366285617566E-9	1	1	145	224	1	28	C
G4_BC76_191109_LF_LIB_consensus_vsearch	302	T	Y	397	10	2.45%	2	1	93	93	9.234365709559712E-4	1	1	148	249	0	10	C
G4_BC76_191109_LF_LIB_consensus_vsearch	307	G	R	386	17	4.21%	2	2	93	93	6.422035363153751E-6	1	1	134	252	15	2	A
G4_BC76_191109_LF_LIB_consensus_vsearch	309	T	Y	393	11	2.71%	2	1	93	93	4.557407392548745E-4	1	1	149	244	0	11	C
G4_BC76_191109_LF_LIB_consensus_vsearch	312	T	Y	376	11	2.73%	2	2	93	93	4.5434311102034934E-4	1	1	137	239	5	6	C
G4_BC76_191109_LF_LIB_consensus_vsearch	325	C	Y	378	10	2.48%	2	1	93	93	9.208791978192084E-4	1	1	143	235	0	10	T
G4_BC76_191109_LF_LIB_consensus_vsearch	329	C	Y	377	7	1.74%	2	1	93	93	0.007599994652592844	1	1	147	230	0	7	-G
G4_BC76_191109_LF_LIB_consensus_vsearch	337	G	R	261	100	26.74%	2	2	93	93	2.6836118064058333E-34	1	1	41	220	99	1	A
G4_BC76_191109_LF_LIB_consensus_vsearch	338	G	R	358	8	2.09%	2	1	93	93	0.003758161303215178	1	1	134	224	8	0	A
G4_BC76_191109_LF_LIB_consensus_vsearch	338	G	S	358	9	2.36%	2	2	93	93	0.0018585722679615095	1	1	134	224	1	8	C
G4_BC76_191109_LF_LIB_consensus_vsearch	339	G	R	348	8	2.09%	2	2	93	93	0.0037540400527031974	1	1	139	209	1	7	-TGG
G4_BC76_191109_LF_LIB_consensus_vsearch	340	T	Y	50	7	1.94%	2	2	93	93	0.006425419492724852	1	1	37	13	3	4	-GGT
G4_BC76_191109_LF_LIB_consensus_vsearch	341	G	R	52	42	39.62%	2	2	93	93	5.876108741725841E-16	1	1	13	39	33	9	A
G4_BC76_191109_LF_LIB_consensus_vsearch	341	G	S	52	8	7.55%	2	2	93	93	0.0030450277604163654	1	1	13	39	5	3	A
G4_BC76_191109_LF_LIB_consensus_vsearch	342	G	R	50	37	33.33%	2	2	93	93	5.406695262466474E-14	1	1	11	39	31	6	A
G4_BC76_191109_LF_LIB_consensus_vsearch	343	T	Y	43	50	48.08%	2	2	93	93	9.136793584391389E-20	1	1	9	34	32	18	C
G4_BC76_191109_LF_LIB_consensus_vsearch	344	A	R	369	12	3.06%	2	2	93	93	2.2358678146341607E-4	1	1	132	237	5	7	G
G4_BC76_191109_LF_LIB_consensus_vsearch	345	A	R	341	49	12.25%	2	2	93	93	3.5548578435639285E-16	1	1	108	233	34	15	G
G4_BC76_191109_LF_LIB_consensus_vsearch	346	C	S	16	61	15.21%	2	2	93	93	2.597875344208017E-28	1	1	12	4	41	20	G
G4_BC76_191109_LF_LIB_consensus_vsearch	348	A	R	375	21	5.2%	2	2	93	93	3.6319726630784847E-7	1	1	120	255	20	1	G
G4_BC76_191109_LF_LIB_consensus_vsearch	349	A	R	375	13	3.2%	2	2	93	93	1.102148449959401E-4	1	1	127	248	8	5	-T
G4_BC76_191109_LF_LIB_consensus_vsearch	350	T	K	361	24	6.15%	2	2	93	93	4.1179774318729316E-8	1	1	111	250	23	1	G
G4_BC76_191109_LF_LIB_consensus_vsearch	351	T	Y	374	7	1.72%	2	2	93	93	0.007598330292913895	1	1	127	247	4	3	-A
G4_BC76_191109_LF_LIB_consensus_vsearch	351	T	K	374	8	1.96%	2	2	93	93	0.003764310420345661	1	1	127	247	6	2	G
G4_BC76_191109_LF_LIB_consensus_vsearch	352	A	R	341	9	2.25%	2	2	93	93	0.0018540429575330279	1	1	128	213	6	3	+G
G4_BC76_191109_LF_LIB_consensus_vsearch	377	T	Y	378	8	2.01%	2	2	93	93	0.00376576873622069	1	1	140	238	2	6	C
G4_BC76_191109_LF_LIB_consensus_vsearch	398	A	M	346	8	2.2%	2	2	93	93	0.003753188125502644	1	1	134	212	5	3	C
G4_BC76_191109_LF_LIB_consensus_vsearch	399	A	R	368	7	1.76%	2	2	93	93	0.007594922120899784	1	1	138	230	2	5	-G
G4_BC76_191109_LF_LIB_consensus_vsearch	400	G	K	347	27	6.84%	2	1	93	93	4.579987684166445E-9	1	1	142	205	0	27	T
G4_BC76_191109_LF_LIB_consensus_vsearch	408	G	R	373	15	3.72%	2	2	93	93	2.6586639991105327E-5	1	1	128	245	13	2	A
G4_BC76_191109_LF_LIB_consensus_vsearch	414	G	R	395	8	1.98%	2	2	93	93	0.00377164628554966	1	1	141	254	7	1	A
G4_BC76_191109_LF_LIB_consensus_vsearch	417	C	Y	256	7	1.99%	2	2	93	93	0.007502981837406636	1	1	122	134	3	4	-A
G4_BC76_191109_LF_LIB_consensus_vsearch	423	A	R	374	7	1.8%	2	2	93	93	0.007598330292913895	1	1	124	250	4	3	G
G4_BC76_191109_LF_LIB_consensus_vsearch	425	C	S	382	14	3.44%	2	2	93	93	5.430154987343997E-5	1	1	132	250	13	1	G
G4_BC76_191109_LF_LIB_consensus_vsearch	426	C	Y	375	22	5.39%	2	2	93	93	1.7678958990507014E-7	1	1	143	232	4	18	T
G4_BC76_191109_LF_LIB_consensus_vsearch	429	T	Y	385	13	3.2%	2	2	93	93	1.1050267709682812E-4	1	1	142	243	4	9	C
G4_BC76_191109_LF_LIB_consensus_vsearch	434	G	R	253	147	36.12%	2	2	93	93	3.598830552421152E-52	1	1	128	125	19	128	A
G4_BC76_191109_LF_LIB_consensus_vsearch	435	T	Y	255	147	36.39%	2	2	93	93	3.9871971139817526E-52	1	1	128	127	20	127	C
G4_BC76_191109_LF_LIB_consensus_vsearch	437	T	Y	389	8	2.01%	2	2	93	93	0.0037696288519149155	1	1	148	241	1	7	C
G4_BC76_191109_LF_LIB_consensus_vsearch	444	T	Y	389	10	2.45%	2	1	93	93	9.223889705434762E-4	1	1	148	241	0	10	C
G4_BC76_191109_LF_LIB_consensus_vsearch	453	T	Y	389	7	1.75%	2	1	93	93	0.0076064012202881484	1	1	147	242	0	7	C
G4_BC76_191109_LF_LIB_consensus_vsearch	470	C	M	339	7	1.77%	2	1	93	93	0.00757679283814411	1	1	137	202	0	7	+A
G4_BC76_191109_LF_LIB_consensus_vsearch	470	C	Y	339	9	2.28%	2	2	93	93	0.0018534814134889795	1	1	137	202	3	6	T
G4_BC76_191109_LF_LIB_consensus_vsearch	472	C	Y	351	44	10.86%	2	2	93	93	1.5995953842466595E-14	1	1	137	214	5	39	T
G4_BC76_191109_LF_LIB_consensus_vsearch	479	T	Y	398	7	1.73%	2	1	93	93	0.007610958261497833	1	1	148	250	0	7	C
G4_BC76_191109_LF_LIB_consensus_vsearch	488	A	R	398	7	1.72%	2	1	93	93	0.007610958261497833	1	1	139	259	7	0	G
G4_BC76_191109_LF_LIB_consensus_vsearch	489	T	K	375	28	6.88%	2	1	93	93	2.2921605699551973E-9	1	1	119	256	28	0	G
G4_BC76_191109_LF_LIB_consensus_vsearch	499	C	Y	345	11	2.79%	2	1	93	93	4.514593200376986E-4	1	1	137	208	0	11	+T
G4_BC76_191109_LF_LIB_consensus_vsearch	500	C	Y	352	18	4.41%	2	1	93	93	3.0866180497010997E-6	1	1	148	204	0	18	-T
G4_BC76_191109_LF_LIB_consensus_vsearch	504	T	Y	384	10	2.48%	2	2	93	93	9.217129834227815E-4	1	1	140	244	1	9	C
G4_BC76_191109_LF_LIB_consensus_vsearch	506	T	Y	351	17	4.26%	2	2	93	93	6.31527859295257E-6	1	1	130	221	2	15	C
G4_BC76_191109_LF_LIB_consensus_vsearch	512	T	Y	368	10	2.58%	2	1	93	93	9.194317755037062E-4	1	1	146	222	0	10	C
G4_BC76_191109_LF_LIB_consensus_vsearch	524	A	R	393	7	1.73%	2	1	93	93	0.007608451759263046	1	1	138	255	7	0	G
G4_BC76_191109_LF_LIB_consensus_vsearch	532	A	M	363	7	1.75%	2	1	93	93	0.0075919980086515786	1	1	131	232	0	7	-G
G4_BC76_191109_LF_LIB_consensus_vsearch	534	G	R	360	9	2.21%	2	1	93	93	0.0018590780544759323	1	1	103	257	9	0	+A
G4_BC76_191109_LF_LIB_consensus_vsearch	535	G	R	375	18	4.41%	2	2	93	93	3.1260025940381716E-6	1	1	123	252	16	2	A
G4_BC76_191109_LF_LIB_consensus_vsearch	536	C	Y	371	7	1.75%	2	2	93	93	0.0075966396580781715	1	1	131	240	5	2	-A
G4_BC76_191109_LF_LIB_consensus_vsearch	539	G	R	389	7	1.72%	2	1	93	93	0.0076064012202881484	1	1	138	251	7	0	A
G4_BC76_191109_LF_LIB_consensus_vsearch	540	T	Y	396	9	2.22%	2	2	93	93	0.0018673383028544072	1	1	148	248	1	8	C
G4_BC76_191109_LF_LIB_consensus_vsearch	542	T	Y	329	11	2.74%	2	2	93	93	4.497704755708121E-4	1	1	139	190	2	9	-G
G4_BC76_191109_LF_LIB_consensus_vsearch	544	G	S	382	9	2.22%	2	1	93	93	0.00186430447199865	1	1	143	239	0	9	C
G4_BC76_191109_LF_LIB_consensus_vsearch	544	G	K	382	7	1.73%	2	2	93	93	0.0076027118384171	1	1	143	239	4	3	C
G4_BC76_191109_LF_LIB_consensus_vsearch	545	T	W	335	16	3.96%	2	1	93	93	1.2811474491374553E-5	1	1	145	190	0	16	A
G4_BC76_191109_LF_LIB_consensus_vsearch	545	T	Y	335	47	11.63%	2	2	93	93	1.5733122586236098E-15	1	1	145	190	1	46	C
G4_BC76_191109_LF_LIB_consensus_vsearch	557	C	Y	383	17	4.18%	2	2	93	93	6.413567375628306E-6	1	1	140	243	6	11	T
G4_BC76_191109_LF_LIB_consensus_vsearch	558	G	R	383	18	4.44%	2	2	93	93	3.13872460829863E-6	1	1	131	252	16	2	A
G4_BC76_191109_LF_LIB_consensus_vsearch	583	A	R	369	9	2.35%	2	2	93	93	0.001861288716262604	1	1	134	235	3	6	G
G4_BC76_191109_LF_LIB_consensus_vsearch	584	T	Y	365	8	2.09%	2	1	93	93	0.0037609158733080306	1	1	136	229	0	8	C
G4_BC76_191109_LF_LIB_consensus_vsearch	588	A	R	382	8	2%	2	2	93	93	0.0037671973936205536	1	1	127	255	6	2	G
G4_BC76_191109_LF_LIB_consensus_vsearch	590	T	Y	387	13	3.23%	2	1	93	93	1.1055857583867697E-4	1	1	142	245	0	13	C
G4_BC76_191109_LF_LIB_consensus_vsearch	592	G	R	381	9	2.22%	2	2	93	93	0.0018640795393290628	1	1	126	255	8	1	A
G4_BC76_191109_LF_LIB_consensus_vsearch	592	G	K	381	12	2.96%	2	1	93	93	2.2419697823514463E-4	1	1	126	255	12	0	T
G4_BC76_191109_LF_LIB_consensus_vsearch	593	T	Y	384	19	4.69%	2	2	93	93	1.5350322571760348E-6	1	1	148	236	1	18	C
G4_BC76_191109_LF_LIB_consensus_vsearch	597	A	R	379	13	3.26%	2	2	93	93	1.1033167832753745E-4	1	1	134	245	9	4	G
G4_BC76_191109_LF_LIB_consensus_vsearch	600	T	Y	343	10	2.48%	2	2	93	93	9.154612436605753E-4	1	1	142	201	1	9	-A
G4_BC76_191109_LF_LIB_consensus_vsearch	614	T	Y	377	26	6.45%	2	2	93	93	9.825347123970612E-9	1	1	145	232	1	25	C
G4_BC76_191109_LF_LIB_consensus_vsearch	621	T	Y	370	14	3.51%	2	1	93	93	5.409998888327447E-5	1	1	132	238	0	14	C
G4_BC76_191109_LF_LIB_consensus_vsearch	625	G	R	378	9	2.3%	2	2	93	93	0.0018633978545959287	1	1	142	236	6	3	A
G4_BC76_191109_LF_LIB_consensus_vsearch	626	G	R	383	9	2.27%	2	2	93	93	0.001864528271344425	1	1	137	246	7	2	A
G4_BC76_191109_LF_LIB_consensus_vsearch	629	C	Y	397	8	1.97%	2	2	93	93	0.003772305589141729	1	1	144	253	3	5	T
G4_BC76_191109_LF_LIB_consensus_vsearch	635	T	Y	368	11	2.72%	2	2	93	93	4.536430226559371E-4	1	1	135	233	2	9	C
G4_BC76_191109_LF_LIB_consensus_vsearch	636	A	R	373	16	4.03%	2	2	93	93	1.3036692196399446E-5	1	1	131	242	9	7	G
G4_BC76_191109_LF_LIB_consensus_vsearch	637	T	Y	376	13	3.3%	2	2	93	93	1.1024427063015114E-4	1	1	137	239	3	10	C
G4_BC76_191109_LF_LIB_consensus_vsearch	640	T	Y	362	9	2.26%	2	2	93	93	0.0018595784596105505	1	1	133	229	1	8	C
G4_BC76_191109_LF_LIB_consensus_vsearch	642	A	R	390	7	1.74%	2	1	93	93	0.007606917708857565	1	1	145	245	0	7	G
G4_BC76_191109_LF_LIB_consensus_vsearch	652	G	R	322	17	4.97%	2	2	93	93	6.211447452082619E-6	1	1	126	196	14	3	A
G4_BC76_191109_LF_LIB_consensus_vsearch	654	G	R	383	10	2.52%	2	2	93	93	9.215757570452482E-4	1	1	144	239	2	8	A
G4_BC76_191109_LF_LIB_consensus_vsearch	660	C	Y	357	12	2.99%	2	2	93	93	2.2293809294005078E-4	1	1	136	221	1	11	-T
G4_BC76_191109_LF_LIB_consensus_vsearch	662	G	R	374	8	2.02%	2	2	93	93	0.003764310420345661	1	1	135	239	5	3	A
G4_BC76_191109_LF_LIB_consensus_vsearch	663	C	Y	370	9	2.3%	2	2	93	93	0.00186152794791742	1	1	140	230	1	8	T
G4_BC76_191109_LF_LIB_consensus_vsearch	664	C	Y	369	16	3.98%	2	2	93	93	1.301495181198242E-5	1	1	141	228	2	14	T
G4_BC76_191109_LF_LIB_consensus_vsearch	667	C	Y	375	17	4.22%	2	1	93	93	6.390395927916272E-6	1	1	144	231	0	17	T
G4_BC76_191109_LF_LIB_consensus_vsearch	668	C	Y	376	24	5.88%	2	1	93	93	4.1772503633731856E-8	1	1	147	229	0	24	T
G4_BC76_191109_LF_LIB_consensus_vsearch	669	G	R	387	13	3.21%	2	2	93	93	1.1055857583867697E-4	1	1	136	251	12	1	A
G4_BC76_191109_LF_LIB_consensus_vsearch	674	C	M	389	7	1.73%	2	2	93	93	0.0076064012202881484	1	1	139	250	6	1	A
G4_BC76_191109_LF_LIB_consensus_vsearch	676	T	Y	360	11	2.82%	2	1	93	93	4.5291345592755075E-4	1	1	141	219	0	11	C
G4_BC76_191109_LF_LIB_consensus_vsearch	677	A	M	378	12	3.06%	2	1	93	93	2.2404784900264377E-4	1	1	140	238	0	12	C
G4_BC76_191109_LF_LIB_consensus_vsearch	678	A	R	386	8	1.99%	2	2	93	93	0.003768597288121233	1	1	137	249	6	2	G
G4_BC76_191109_LF_LIB_consensus_vsearch	679	T	Y	377	7	1.76%	2	2	93	93	0.007599994652592844	1	1	143	234	1	6	+C
G4_BC76_191109_LF_LIB_consensus_vsearch	683	C	Y	391	7	1.72%	2	1	93	93	0.007607431615374521	1	1	143	248	0	7	T
G4_BC76_191109_LF_LIB_consensus_vsearch	699	G	R	391	8	2%	2	2	93	93	0.003770308015149166	1	1	140	251	5	3	A
G4_BC76_191109_LF_LIB_consensus_vsearch	704	C	Y	379	10	2.47%	2	2	93	93	9.21019917535404E-4	1	1	128	251	8	2	T
G4_BC76_191109_LF_LIB_consensus_vsearch	707	A	R	396	7	1.72%	2	2	93	93	0.007609963086240239	1	1	138	258	6	1	G
G4_BC76_191109_LF_LIB_consensus_vsearch	711	C	M	358	8	1.97%	2	2	93	93	0.003758161303215178	1	1	147	211	1	7	-TC
G4_BC76_191109_LF_LIB_consensus_vsearch	713	C	Y	333	8	2.24%	2	1	93	93	0.003747409399187016	1	1	145	188	0	8	+G
G4_BC76_191109_LF_LIB_consensus_vsearch	717	C	Y	377	8	1.98%	2	2	93	93	0.003765406973524696	1	1	146	231	2	6	+A
G4_BC76_191109_LF_LIB_consensus_vsearch	729	C	Y	383	12	2.96%	2	2	93	93	2.2429517467312504E-4	1	1	142	241	3	9	T
G4_BC76_191109_LF_LIB_consensus_vsearch	733	A	R	386	9	2.23%	2	2	93	93	0.0018651929543866046	1	1	135	251	7	2	G
G4_BC76_191109_LF_LIB_consensus_vsearch	740	C	Y	380	9	2.24%	2	1	93	93	0.0018638534646934156	1	1	144	236	0	9	T
G4_BC76_191109_LF_LIB_consensus_vsearch	742	C	Y	368	11	2.84%	2	2	93	93	4.536430226559371E-4	1	1	134	234	3	8	T
G4_BC76_191109_LF_LIB_consensus_vsearch	744	T	Y	386	8	1.98%	2	2	93	93	0.003768597288121233	1	1	142	244	2	6	C
G4_BC76_191109_LF_LIB_consensus_vsearch	746	T	Y	386	12	3%	2	1	93	93	2.244406705806723E-4	1	1	147	239	0	12	C
G4_BC76_191109_LF_LIB_consensus_vsearch	772	A	R	387	7	1.75%	2	2	93	93	0.007605360418658285	1	1	145	242	3	4	G
G4_BC76_191109_LF_LIB_consensus_vsearch	773	C	Y	377	13	3.25%	2	1	93	93	1.1027355068065241E-4	1	1	149	228	0	13	T
G4_BC76_191109_LF_LIB_consensus_vsearch	775	C	Y	363	18	4.59%	2	1	93	93	3.105999102566561E-6	1	1	146	217	0	18	T
G4_BC76_191109_LF_LIB_consensus_vsearch	777	T	Y	357	18	4.46%	2	1	93	93	3.0955569052562397E-6	1	1	146	211	0	18	-G
G4_BC76_191109_LF_LIB_consensus_vsearch	782	C	Y	381	14	3.43%	2	2	93	93	5.4285201181963456E-5	1	1	140	241	3	11	T
G4_BC76_191109_LF_LIB_consensus_vsearch	789	T	Y	396	7	1.72%	2	2	93	93	0.007609963086240239	1	1	144	252	3	4	C
G4_BC76_191109_LF_LIB_consensus_vsearch	794	T	Y	392	12	2.95%	2	2	93	93	2.2472535825225005E-4	1	1	147	245	1	11	C
G4_BC76_191109_LF_LIB_consensus_vsearch	797	T	Y	373	15	3.85%	2	1	93	93	2.6586639991105327E-5	1	1	131	242	0	15	C
G4_BC76_191109_LF_LIB_consensus_vsearch	799	G	R	361	20	5.17%	2	2	93	93	7.383372372820942E-7	1	1	114	247	18	2	A
G4_BC76_191109_LF_LIB_consensus_vsearch	816	T	Y	363	13	3.27%	2	1	93	93	1.0984997487650358E-4	1	1	144	219	0	13	-A
G4_BC76_191109_LF_LIB_consensus_vsearch	819	T	Y	383	14	3.47%	2	1	93	93	5.4317819652484023E-5	1	1	145	238	0	14	C
G4_BC76_191109_LF_LIB_consensus_vsearch	826	C	Y	386	7	1.72%	2	1	93	93	0.0076048360660226225	1	1	137	249	0	7	T
G4_BC76_191109_LF_LIB_consensus_vsearch	829	G	R	390	8	1.99%	2	2	93	93	0.0037699692796093966	1	1	138	252	7	1	A
G4_BC76_191109_LF_LIB_consensus_vsearch	833	C	Y	370	7	1.74%	2	1	93	93	0.007596070166375128	1	1	145	225	0	7	+T
G4_BC76_191109_LF_LIB_consensus_vsearch	836	G	R	322	20	5.8%	2	2	93	93	7.164812603389658E-7	1	1	123	199	19	1	A
G4_BC76_191109_LF_LIB_consensus_vsearch	837	G	R	362	17	4.45%	2	2	93	93	6.350804156561763E-6	1	1	133	229	14	3	A
G4_BC76_191109_LF_LIB_consensus_vsearch	838	G	R	385	18	4.47%	2	2	93	93	3.141832256242653E-6	1	1	148	237	1	17	A
G4_BC76_191109_LF_LIB_consensus_vsearch	839	G	R	387	13	3.19%	2	2	93	93	1.1055857583867697E-4	1	1	140	247	3	10	A
G4_BC76_191109_LF_LIB_consensus_vsearch	840	C	M	387	12	2.97%	2	2	93	93	2.2448869655710964E-4	1	1	144	243	1	11	A
G4_BC76_191109_LF_LIB_consensus_vsearch	841	C	Y	377	13	3.19%	2	2	93	93	1.1027355068065241E-4	1	1	142	235	4	9	T
G4_BC76_191109_LF_LIB_consensus_vsearch	843	A	R	382	9	2.21%	2	2	93	93	0.00186430447199865	1	1	135	247	8	1	G
G4_BC76_191109_LF_LIB_consensus_vsearch	845	C	Y	381	15	3.69%	2	2	93	93	2.6662200580606564E-5	1	1	140	241	3	12	T
G4_BC76_191109_LF_LIB_consensus_vsearch	848	A	R	385	8	2%	2	2	93	93	0.0037682499633968467	1	1	140	245	7	1	G
G4_BC76_191109_LF_LIB_consensus_vsearch	858	T	Y	384	9	2.22%	2	1	93	93	0.0018647509458963453	1	1	140	244	0	9	C
G4_BC76_191109_LF_LIB_consensus_vsearch	860	G	R	208	8	3.65%	2	2	93	93	0.0036568954742723925	1	1	75	133	7	1	A
G4_BC76_191109_LF_LIB_consensus_vsearch	865	G	R	59	8	2.01%	2	2	93	93	0.0031302352213868167	1	1	7	52	2	6	+A
G4_BC76_191109_LF_LIB_consensus_vsearch	868	T	W	334	35	8.84%	2	1	93	93	1.2487895510157471E-11	1	1	131	203	0	35	A
G4_BC76_191109_LF_LIB_consensus_vsearch	870	C	Y	365	10	2.46%	2	1	93	93	9.189827643807342E-4	1	1	147	218	0	10	-T
G4_BC76_191109_LF_LIB_consensus_vsearch	871	T	W	329	15	3.99%	2	2	93	93	2.611184125662156E-5	1	1	142	187	1	14	A
G4_BC76_191109_LF_LIB_consensus_vsearch	871	T	Y	329	23	6.12%	2	2	93	93	8.223438578305512E-8	1	1	142	187	2	21	C
G4_BC76_191109_LF_LIB_consensus_vsearch	872	G	S	343	35	8.62%	2	1	93	93	1.275450934121292E-11	1	1	138	205	0	35	C
G4_BC76_191109_LF_LIB_consensus_vsearch	873	T	W	340	36	9.25%	2	1	93	93	6.038096214062909E-12	1	1	141	199	0	36	A
G4_BC76_191109_LF_LIB_consensus_vsearch	878	T	Y	371	21	5.24%	2	2	93	93	3.6216250111330694E-7	1	1	138	233	3	18	C
G4_BC76_191109_LF_LIB_consensus_vsearch	902	C	M	375	8	1.99%	2	1	93	93	0.003764677830168862	1	1	136	239	0	8	A
G4_BC76_191109_LF_LIB_consensus_vsearch	905	T	Y	373	25	6.2%	2	1	93	93	2.0199709962030278E-8	1	1	147	226	0	25	C
G4_BC76_191109_LF_LIB_consensus_vsearch	908	G	R	384	8	2.01%	2	2	93	93	0.0037679008816766993	1	1	146	238	1	7	A
G4_BC76_191109_LF_LIB_consensus_vsearch	909	C	Y	382	8	2.03%	2	2	93	93	0.0037671973936205536	1	1	147	235	1	7	T
G4_BC76_191109_LF_LIB_consensus_vsearch	910	T	Y	350	13	3.27%	2	1	93	93	1.0942850659262722E-4	1	1	119	231	0	13	C
G4_BC76_191109_LF_LIB_consensus_vsearch	911	A	R	212	8	2.05%	2	2	93	93	0.003661360523321731	1	1	100	112	7	1	-G
G4_BC76_191109_LF_LIB_consensus_vsearch	913	G	R	347	27	6.68%	2	1	93	93	4.579987684166445E-9	1	1	94	253	27	0	+A
G4_BC76_191109_LF_LIB_consensus_vsearch	914	G	R	393	7	1.72%	2	2	93	93	0.007608451759263046	1	1	136	257	5	2	A
G4_BC76_191109_LF_LIB_consensus_vsearch	915	T	Y	393	9	2.22%	2	2	93	93	0.0018667057694086889	1	1	140	253	4	5	C
G4_BC76_191109_LF_LIB_consensus_vsearch	916	A	R	392	7	1.72%	2	2	93	93	0.007607942959128091	1	1	137	255	6	1	G
G4_BC76_191109_LF_LIB_consensus_vsearch	917	C	M	375	8	1.97%	2	1	93	93	0.003764677830168862	1	1	144	231	0	8	-T
G4_BC76_191109_LF_LIB_consensus_vsearch	920	T	W	388	8	1.97%	2	1	93	93	0.0037692867193449852	1	1	146	242	0	8	A
G4_BC76_191109_LF_LIB_consensus_vsearch	934	C	Y	382	15	3.69%	2	2	93	93	2.6671442214013996E-5	1	1	136	246	4	11	T
G4_BC76_191109_LF_LIB_consensus_vsearch	945	G	R	222	8	1.97%	2	2	93	93	0.0036718537228742883	1	1	99	123	7	1	+A
G4_BC76_191109_LF_LIB_consensus_vsearch	946	G	S	219	37	9.09%	2	2	93	93	1.790630150954776E-12	1	1	74	145	33	4	C
G4_BC76_191109_LF_LIB_consensus_vsearch	947	A	M	183	34	8.56%	2	2	93	93	1.4319646666294611E-11	1	1	73	110	16	18	C
G4_BC76_191109_LF_LIB_consensus_vsearch	948	A	M	389	8	1.96%	2	2	93	93	0.0037696288519149155	1	1	144	245	2	6	C
G4_BC76_191109_LF_LIB_consensus_vsearch	952	C	Y	394	7	1.72%	2	2	93	93	0.007608958034696689	1	1	145	249	1	6	T
G4_BC76_191109_LF_LIB_consensus_vsearch	954	A	R	388	7	1.75%	2	2	93	93	0.007605882130108492	1	1	136	252	4	3	G
G4_BC76_191109_LF_LIB_consensus_vsearch	957	A	R	374	8	1.98%	2	2	93	93	0.003764310420345661	1	1	129	245	6	2	-G
G4_BC76_191109_LF_LIB_consensus_vsearch	963	C	Y	365	29	7.14%	2	2	93	93	1.0912350581716082E-9	1	1	147	218	1	28	T
G4_BC76_191109_LF_LIB_consensus_vsearch	965	T	Y	366	29	7.3%	2	2	93	93	1.0927692732789675E-9	1	1	145	221	3	26	C
G4_BC76_191109_LF_LIB_consensus_vsearch	966	T	Y	387	7	1.73%	2	2	93	93	0.007605360418658285	1	1	142	245	3	4	C
G4_BC76_191109_LF_LIB_consensus_vsearch	968	T	Y	377	13	3.24%	2	1	93	93	1.1027355068065241E-4	1	1	144	233	0	13	C
G4_BC76_191109_LF_LIB_consensus_vsearch	978	A	R	388	11	2.71%	2	2	93	93	4.5534176337797E-4	1	1	137	251	10	1	G
G4_BC76_191109_LF_LIB_consensus_vsearch	980	T	Y	372	8	1.99%	2	2	93	93	0.003763569850402068	1	1	139	233	2	6	+A
G4_BC76_191109_LF_LIB_consensus_vsearch	989	T	Y	391	7	1.74%	2	2	93	93	0.007607431615374521	1	1	143	248	1	6	C
G4_BC76_191109_LF_LIB_consensus_vsearch	1002	G	R	364	7	1.83%	2	1	93	93	0.007592589101619866	1	1	127	237	7	0	A
G4_BC76_191109_LF_LIB_consensus_vsearch	1003	G	R	376	11	2.72%	2	2	93	93	4.5434311102034934E-4	1	1	130	246	7	4	A
G4_BC76_191109_LF_LIB_consensus_vsearch	1006	G	R	362	7	1.76%	2	2	93	93	0.007591403729743198	1	1	144	218	1	6	+T
G4_BC76_191109_LF_LIB_consensus_vsearch	1009	T	W	356	26	6.47%	2	2	93	93	9.595273565503464E-9	1	1	147	209	1	25	A
G4_BC76_191109_LF_LIB_consensus_vsearch	1010	G	S	372	7	1.74%	2	1	93	93	0.007597206160798333	1	1	148	224	0	7	-T
G4_BC76_191109_LF_LIB_consensus_vsearch	1011	T	W	354	11	2.87%	2	1	93	93	4.52345798270529E-4	1	1	146	208	0	11	A
G4_BC76_191109_LF_LIB_consensus_vsearch	1011	T	Y	354	7	1.83%	2	2	93	93	0.007586531645336925	1	1	146	208	1	6	A
G4_BC76_191109_LF_LIB_consensus_vsearch	1013	T	Y	380	9	2.28%	2	2	93	93	0.0018638534646934156	1	1	144	236	1	8	C
G4_BC76_191109_LF_LIB_consensus_vsearch	1014	T	Y	387	7	1.74%	2	1	93	93	0.007605360418658285	1	1	142	245	0	7	C
G4_BC76_191109_LF_LIB_consensus_vsearch	1018	A	R	376	15	3.78%	2	2	93	93	2.6615319210402104E-5	1	1	126	250	9	6	G
G4_BC76_191109_LF_LIB_consensus_vsearch	1030	C	Y	386	7	1.73%	2	2	93	93	0.0076048360660226225	1	1	145	241	1	6	T
G4_BC76_191109_LF_LIB_consensus_vsearch	1031	G	R	379	8	1.97%	2	2	93	93	0.0037661286454389806	1	1	142	237	6	2	A
G4_BC76_191109_LF_LIB_consensus_vsearch	1034	A	W	382	7	1.72%	2	1	93	93	0.0076027118384171	1	1	131	251	7	0	T
G4_BC76_191109_LF_LIB_consensus_vsearch	1039	T	K	346	26	6.82%	2	1	93	93	9.478377450788554E-9	1	1	91	255	26	0	G
G4_BC76_191109_LF_LIB_consensus_vsearch	1041	A	R	273	17	4.27%	2	2	93	93	5.993200020749686E-6	1	1	86	187	12	5	-G
G4_BC76_191109_LF_LIB_consensus_vsearch	1044	G	R	375	9	2.26%	2	2	93	93	0.001862705653908663	1	1	128	247	8	1	A
G4_BC76_191109_LF_LIB_consensus_vsearch	1061	G	R	362	18	4.41%	2	1	93	93	3.1042797655903195E-6	1	1	107	255	18	0	A
G4_BC76_191109_LF_LIB_consensus_vsearch	1063	G	R	369	15	3.81%	2	2	93	93	2.6547739902969607E-5	1	1	118	251	14	1	A
G4_BC76_191109_LF_LIB_consensus_vsearch	1064	T	Y	387	8	1.98%	2	2	93	93	0.0037689428690762675	1	1	140	247	2	6	C
G4_BC76_191109_LF_LIB_consensus_vsearch	1078	T	W	377	7	1.73%	2	2	93	93	0.007599994652592844	1	1	136	241	6	1	+G
G4_BC76_191109_LF_LIB_consensus_vsearch	1078	T	Y	377	7	1.73%	2	2	93	93	0.007599994652592844	1	1	136	241	1	6	+G
G4_BC76_191109_LF_LIB_consensus_vsearch	1079	G	S	383	7	1.72%	2	2	93	93	0.007603246958909687	1	1	134	249	5	2	-A
G4_BC76_191109_LF_LIB_consensus_vsearch	1082	A	R	385	17	4.17%	2	1	93	93	6.419225802716349E-6	1	1	130	255	17	0	G
G4_BC76_191109_LF_LIB_consensus_vsearch	1084	T	Y	377	8	2.06%	2	2	93	93	0.003765406973524696	1	1	125	252	6	2	C
G4_BC76_191109_LF_LIB_consensus_vsearch	1085	T	Y	348	8	2.03%	2	2	93	93	0.0037540400527031974	1	1	111	237	6	2	-A
G4_BC76_191109_LF_LIB_consensus_vsearch	1086	A	R	381	7	1.79%	2	1	93	93	0.007602173974125566	1	1	130	251	0	7	G
G4_BC76_191109_LF_LIB_consensus_vsearch	1092	A	R	393	7	1.72%	2	1	93	93	0.007608451759263046	1	1	138	255	7	0	G
G4_BC76_191109_LF_LIB_consensus_vsearch	1097	C	Y	387	7	1.72%	2	2	93	93	0.007605360418658285	1	1	144	243	2	5	T
G4_BC76_191109_LF_LIB_consensus_vsearch	1107	C	Y	343	39	9.61%	2	2	93	93	6.547100251732815E-13	1	1	143	200	3	36	T
G4_BC76_191109_LF_LIB_consensus_vsearch	1109	A	R	385	13	3.19%	2	2	93	93	1.1050267709682812E-4	1	1	137	248	11	2	G
G4_BC76_191109_LF_LIB_consensus_vsearch	1111	C	Y	374	29	7.11%	2	1	93	93	1.104833179604039E-9	1	1	146	228	0	29	T
G4_BC76_191109_LF_LIB_consensus_vsearch	1112	A	R	377	7	1.73%	2	2	93	93	0.007599994652592844	1	1	140	237	6	1	+G
G4_BC76_191109_LF_LIB_consensus_vsearch	1117	T	Y	337	7	1.94%	2	2	93	93	0.0075754305431544305	1	1	140	197	2	5	+G
G4_BC76_191109_LF_LIB_consensus_vsearch	1126	C	Y	372	14	3.46%	2	2	93	93	5.413441518516823E-5	1	1	144	228	1	13	T
G4_BC76_191109_LF_LIB_consensus_vsearch	1127	G	R	391	8	1.99%	2	2	93	93	0.003770308015149166	1	1	141	250	5	3	A
G4_BC76_191109_LF_LIB_consensus_vsearch	1129	C	Y	314	24	5.88%	2	2	93	93	3.904261715724044E-8	1	1	84	230	1	23	-TT
G4_BC76_191109_LF_LIB_consensus_vsearch	1134	T	Y	373	7	1.79%	2	1	93	93	0.007597769697997662	1	1	125	248	0	7	C
G4_BC76_191109_LF_LIB_consensus_vsearch	1134	T	K	373	8	2.05%	2	1	93	93	0.0037639410987491528	1	1	125	248	8	0	G
G4_BC76_191109_LF_LIB_consensus_vsearch	1135	T	Y	386	7	1.72%	2	2	93	93	0.0076048360660226225	1	1	138	248	1	6	C
G4_BC76_191109_LF_LIB_consensus_vsearch	1135	T	K	386	10	2.46%	2	1	93	93	9.219853921161506E-4	1	1	138	248	10	0	G
G4_BC76_191109_LF_LIB_consensus_vsearch	1143	A	R	393	12	2.94%	2	2	93	93	2.247720086068572E-4	1	1	137	256	11	1	G
G4_BC76_191109_LF_LIB_consensus_vsearch	1147	G	R	296	8	2.58%	2	2	93	93	0.003728286891533163	1	1	91	205	7	1	A
G4_BC76_191109_LF_LIB_consensus_vsearch	1155	T	Y	383	8	1.98%	2	2	93	93	0.0037675500295774327	1	1	146	237	2	6	-C
G4_BC76_191109_LF_LIB_consensus_vsearch	1159	C	Y	393	7	1.72%	2	1	93	93	0.007608451759263046	1	1	146	247	0	7	T
G4_BC76_191109_LF_LIB_consensus_vsearch	1165	A	R	373	16	4.01%	2	2	93	93	1.3036692196399446E-5	1	1	135	238	11	5	G
G4_BC76_191109_LF_LIB_consensus_vsearch	1177	G	R	332	7	2.05%	2	2	93	93	0.007571954906961894	1	1	141	191	6	1	A
G4_BC76_191109_LF_LIB_consensus_vsearch	1184	C	Y	386	8	2%	2	2	93	93	0.003768597288121233	1	1	143	243	2	6	T
G4_BC76_191109_LF_LIB_consensus_vsearch	1185	A	R	380	9	2.22%	2	2	93	93	0.0018638534646934156	1	1	137	243	6	3	G
G4_BC76_191109_LF_LIB_consensus_vsearch	1185	A	W	380	8	1.98%	2	2	93	93	0.003766486715388715	1	1	137	243	2	6	G
G4_BC76_191109_LF_LIB_consensus_vsearch	1190	T	Y	386	9	2.23%	2	2	93	93	0.0018651929543866046	1	1	141	245	5	4	C
G4_BC76_191109_LF_LIB_consensus_vsearch	1203	A	R	381	7	1.75%	2	2	93	93	0.007602173974125566	1	1	136	245	5	2	G
G4_BC76_191109_LF_LIB_consensus_vsearch	1217	G	R	383	11	2.75%	2	2	93	93	4.549328864195511E-4	1	1	134	249	9	2	A
G4_BC76_191109_LF_LIB_consensus_vsearch	1223	G	R	372	7	1.82%	2	2	93	93	0.007597206160798333	1	1	145	227	2	5	A
G4_BC76_191109_LF_LIB_consensus_vsearch	1224	C	Y	372	11	2.77%	2	2	93	93	4.539966388795655E-4	1	1	143	229	2	9	T
G4_BC76_191109_LF_LIB_consensus_vsearch	1227	G	R	376	14	3.52%	2	2	93	93	5.420225372441819E-5	1	1	129	247	13	1	A
G4_BC76_191109_LF_LIB_consensus_vsearch	1230	C	Y	383	12	2.96%	2	2	93	93	2.2429517467312504E-4	1	1	143	240	1	11	T
G4_BC76_191109_LF_LIB_consensus_vsearch	1231	G	R	389	8	1.98%	2	2	93	93	0.0037696288519149155	1	1	140	249	5	3	A
G4_BC76_191109_LF_LIB_consensus_vsearch	1237	A	R	385	13	3.21%	2	2	93	93	1.1050267709682812E-4	1	1	139	246	9	4	G
G4_BC76_191109_LF_LIB_consensus_vsearch	1242	G	K	387	9	2.22%	2	1	93	93	0.0018654123049784304	1	1	137	250	9	0	T
G4_BC76_191109_LF_LIB_consensus_vsearch	1244	G	R	318	8	2.44%	2	1	93	93	0.0037401748205127794	1	1	134	184	8	0	A
G4_BC76_191109_LF_LIB_consensus_vsearch	1245	G	R	387	9	2.26%	2	2	93	93	0.0018654123049784304	1	1	142	245	6	3	A
G4_BC76_191109_LF_LIB_consensus_vsearch	1260	T	Y	388	16	3.93%	2	2	93	93	1.3114605407806796E-5	1	1	145	243	1	15	C
G4_BC76_191109_LF_LIB_consensus_vsearch	1267	C	Y	363	12	2.94%	2	1	93	93	2.232674726173289E-4	1	1	146	217	0	12	T
G4_BC76_191109_LF_LIB_consensus_vsearch	1283	C	Y	355	29	7.11%	2	2	93	93	1.0755609030640925E-9	1	1	142	213	1	28	T
G4_BC76_191109_LF_LIB_consensus_vsearch	1290	C	Y	332	17	4.17%	2	1	93	93	6.249049162301178E-6	1	1	130	202	0	17	T
G4_BC76_191109_LF_LIB_consensus_vsearch	1291	A	R	336	15	4.21%	2	2	93	93	2.6194889808249706E-5	1	1	131	205	2	13	G
G4_BC76_191109_LF_LIB_consensus_vsearch	1292	A	M	348	8	2.12%	2	1	93	93	0.0037540400527031974	1	1	142	206	0	8	C
G4_BC76_191109_LF_LIB_consensus_vsearch	1292	A	R	348	10	2.65%	2	2	93	93	9.162988826076158E-4	1	1	142	206	3	7	G
G4_BC76_191109_LF_LIB_consensus_vsearch	1293	G	K	354	30	7.69%	2	1	93	93	5.166767531637126E-10	1	1	142	212	0	30	T
G4_BC76_191109_LF_LIB_consensus_vsearch	1295	T	Y	382	19	4.73%	2	1	93	93	1.5333310267608091E-6	1	1	146	236	0	19	C
G4_BC76_191109_LF_LIB_consensus_vsearch	1297	G	R	373	8	2.09%	2	2	93	93	0.0037639410987491528	1	1	139	234	7	1	A
G4_BC76_191109_LF_LIB_consensus_vsearch	1298	G	R	384	19	4.67%	2	2	93	93	1.5350322571760348E-6	1	1	146	238	3	16	A
G4_BC76_191109_LF_LIB_consensus_vsearch	1300	G	R	391	8	1.98%	2	2	93	93	0.003770308015149166	1	1	137	254	7	1	A
G4_BC76_191109_LF_LIB_consensus_vsearch	1302	C	Y	383	16	3.94%	2	2	93	93	1.3089247338748483E-5	1	1	144	239	1	15	T
G4_BC76_191109_LF_LIB_consensus_vsearch	1310	T	Y	347	7	1.9%	2	2	93	93	0.007582088979764471	1	1	146	201	1	6	-C
G4_BC76_191109_LF_LIB_consensus_vsearch	1322	G	R	336	14	3.9%	2	2	93	93	5.345740249078467E-5	1	1	132	204	13	1	A
G4_BC76_191109_LF_LIB_consensus_vsearch	1323	G	R	381	7	1.77%	2	2	93	93	0.007602173974125566	1	1	143	238	2	5	A
G4_BC76_191109_LF_LIB_consensus_vsearch	1325	C	Y	341	26	6.65%	2	2	93	93	9.418018589575704E-9	1	1	144	197	1	25	T
G4_BC76_191109_LF_LIB_consensus_vsearch	1327	T	W	365	9	2.24%	2	2	93	93	0.001860319163569236	1	1	145	220	1	8	+GA
G4_BC76_191109_LF_LIB_consensus_vsearch	1328	C	S	342	28	6.93%	2	2	93	93	2.1912824638093567E-9	1	1	124	218	2	26	G
G4_BC76_191109_LF_LIB_consensus_vsearch	1331	C	S	350	12	3.2%	2	2	93	93	2.2254044117729087E-4	1	1	128	222	3	9	G
G4_BC76_191109_LF_LIB_consensus_vsearch	1332	G	R	390	10	2.46%	2	2	93	93	9.225221739189795E-4	1	1	138	252	9	1	A
G4_BC76_191109_LF_LIB_consensus_vsearch	1337	T	Y	367	7	1.79%	2	1	93	93	0.0075943435189384555	1	1	145	222	0	7	C
G4_BC76_191109_LF_LIB_consensus_vsearch	1337	T	K	367	13	3.32%	2	2	93	93	1.0997406609837605E-4	1	1	145	222	3	10	G
G4_BC76_191109_LF_LIB_consensus_vsearch	1344	G	R	396	8	1.98%	2	2	93	93	0.0037719767465882576	1	1	140	256	6	2	A
G4_BC76_191109_LF_LIB_consensus_vsearch	1348	C	M	361	7	1.72%	2	1	93	93	0.007590806239049772	1	1	128	233	7	0	-T
G4_BC76_191109_LF_LIB_consensus_vsearch	1349	T	Y	361	9	2.37%	2	2	93	93	0.0018593289243356043	1	1	124	237	5	4	C
G4_BC76_191109_LF_LIB_consensus_vsearch	1350	T	W	286	13	3.25%	2	2	93	93	1.0684377615666538E-4	1	1	113	173	7	6	-GG
G4_BC76_191109_LF_LIB_consensus_vsearch	1350	T	Y	286	14	3.5%	2	2	93	93	5.2262481492290126E-5	1	1	113	173	7	7	C
G4_BC76_191109_LF_LIB_consensus_vsearch	1351	G	R	281	52	14.94%	2	2	93	93	2.5597504940654806E-17	1	1	106	175	22	30	A
G4_BC76_191109_LF_LIB_consensus_vsearch	1352	G	R	343	26	6.97%	2	2	93	93	9.442319188067389E-9	1	1	125	218	19	7	A
G4_BC76_191109_LF_LIB_consensus_vsearch	1353	G	R	370	35	8.62%	2	2	93	93	1.350918670682252E-11	1	1	146	224	2	33	A
G4_BC76_191109_LF_LIB_consensus_vsearch	1356	C	Y	393	7	1.74%	2	2	93	93	0.007608451759263046	1	1	142	251	1	6	T
G4_BC76_191109_LF_LIB_consensus_vsearch	1357	C	Y	387	8	1.97%	2	2	93	93	0.0037689428690762675	1	1	144	243	1	7	T
G4_BC76_191109_LF_LIB_consensus_vsearch	1358	G	R	396	8	1.98%	2	1	93	93	0.0037719767465882576	1	1	140	256	8	0	A
G4_BC76_191109_LF_LIB_consensus_vsearch	1364	C	Y	391	7	1.72%	2	2	93	93	0.007607431615374521	1	1	147	244	1	6	-G
G4_BC76_191109_LF_LIB_consensus_vsearch	1365	G	R	377	19	4.75%	2	1	93	93	1.5290094520918881E-6	1	1	127	250	19	0	A
G4_BC76_191109_LF_LIB_consensus_vsearch	1370	A	R	345	15	3.76%	2	2	93	93	2.6297183451549872E-5	1	1	121	224	12	3	G
G4_BC76_191109_LF_LIB_consensus_vsearch	1370	A	W	345	8	2.01%	2	1	93	93	0.0037527585760722872	1	1	121	224	0	8	G
G4_BC76_191109_LF_LIB_consensus_vsearch	1372	G	R	372	7	1.76%	2	1	93	93	0.007597206160798333	1	1	123	249	7	0	+A
G4_BC76_191109_LF_LIB_consensus_vsearch	1373	G	R	393	8	1.98%	2	1	93	93	0.003770980459969231	1	1	140	253	8	0	A
G4_BC76_191109_LF_LIB_consensus_vsearch	1376	T	Y	359	9	2.34%	2	2	93	93	0.0018588258393011697	1	1	141	218	2	7	-G
G4_BC76_191109_LF_LIB_consensus_vsearch	1384	C	Y	340	10	2.62%	2	1	93	93	9.149473929364378E-4	1	1	108	232	0	10	-T
G4_BC76_191109_LF_LIB_consensus_vsearch	1386	T	Y	363	8	2%	2	2	93	93	0.003760139364613456	1	1	128	235	6	2	-G
G4_BC76_191109_LF_LIB_consensus_vsearch	1387	G	R	351	33	8.51%	2	2	93	93	5.6772482962314925E-11	1	1	107	244	31	2	A
G4_BC76_191109_LF_LIB_consensus_vsearch	1388	G	R	389	12	2.96%	2	2	93	93	2.245840498305788E-4	1	1	139	250	7	5	A
G4_BC76_191109_LF_LIB_consensus_vsearch	1392	T	Y	357	28	7.2%	2	2	93	93	2.2387948053756232E-9	1	1	137	220	5	23	C
G4_BC76_191109_LF_LIB_consensus_vsearch	1393	A	M	380	8	2.03%	2	2	93	93	0.003766486715388715	1	1	136	244	1	7	C
G4_BC76_191109_LF_LIB_consensus_vsearch	1394	A	R	381	13	3.26%	2	2	93	93	1.1038923642415208E-4	1	1	133	248	12	1	G
G4_BC76_191109_LF_LIB_consensus_vsearch	1396	A	R	373	17	4.23%	2	2	93	93	6.384464791951477E-6	1	1	121	252	16	1	G
G4_BC76_191109_LF_LIB_consensus_vsearch	1402	G	S	387	11	2.7%	2	1	93	93	4.5526079174589983E-4	1	1	147	240	0	11	C
G4_BC76_191109_LF_LIB_consensus_vsearch	1403	T	W	382	11	2.74%	2	1	93	93	4.548498903980809E-4	1	1	147	235	0	11	A
G4_BC76_191109_LF_LIB_consensus_vsearch	1412	T	Y	386	11	2.7%	2	2	93	93	4.551794212032011E-4	1	1	147	239	1	10	C
G4_BC76_191109_LF_LIB_consensus_vsearch	1425	C	Y	383	13	3.25%	2	1	93	93	1.104462332935663E-4	1	1	140	243	0	13	T
G4_BC76_191109_LF_LIB_consensus_vsearch	1426	C	Y	380	16	3.92%	2	2	93	93	1.3073743141806742E-5	1	1	142	238	2	14	T
G4_BC76_191109_LF_LIB_consensus_vsearch	1428	C	Y	376	17	4.2%	2	1	93	93	6.393340411735821E-6	1	1	139	237	0	17	T
G4_BC76_191109_LF_LIB_consensus_vsearch	1429	A	R	360	8	2%	2	2	93	93	0.0037589589194791835	1	1	135	225	4	4	+T
G4_BC76_191109_LF_LIB_consensus_vsearch	1430	C	Y	371	7	1.76%	2	1	93	93	0.0075966396580781715	1	1	141	230	0	7	T
G4_BC76_191109_LF_LIB_consensus_vsearch	1435	T	Y	365	27	6.72%	2	2	93	93	4.687180832740839E-9	1	1	144	221	2	25	C
G4_BC76_191109_LF_LIB_consensus_vsearch	1436	A	R	361	14	3.45%	2	2	93	93	5.3940727822064676E-5	1	1	131	230	10	4	G
G4_BC76_191109_LF_LIB_consensus_vsearch	1438	A	R	389	7	1.74%	2	2	93	93	0.0076064012202881484	1	1	138	251	4	3	G
G4_BC76_191109_LF_LIB_consensus_vsearch	1439	C	Y	377	13	3.24%	2	1	93	93	1.1027355068065241E-4	1	1	140	237	0	13	T
G4_BC76_191109_LF_LIB_consensus_vsearch	1444	G	R	387	12	2.96%	2	2	93	93	2.2448869655710964E-4	1	1	132	255	11	1	A
G4_BC76_191109_LF_LIB_consensus_vsearch	1452	T	Y	364	7	1.73%	2	2	93	93	0.007592589101619866	1	1	143	221	1	6	-G
G4_BC76_191109_LF_LIB_consensus_vsearch	1459	T	Y	394	7	1.72%	2	1	93	93	0.007608958034696689	1	1	145	249	0	7	C
G4_BC76_191109_LF_LIB_consensus_vsearch	1464	T	Y	379	10	2.55%	2	2	93	93	9.21019917535404E-4	1	1	144	235	1	9	C
G4_BC76_191109_LF_LIB_consensus_vsearch	1469	C	Y	335	25	6.14%	2	1	93	93	1.9358913764421943E-8	1	1	137	198	0	25	T
G4_BC76_191109_LF_LIB_consensus_vsearch	1479	G	R	386	9	2.27%	2	2	93	93	0.0018651929543866046	1	1	139	247	7	2	A
G4_BC76_191109_LF_LIB_consensus_vsearch	1482	T	Y	366	22	5.46%	2	2	93	93	1.7553238433432722E-7	1	1	135	231	4	18	C
G4_BC76_191109_LF_LIB_consensus_vsearch	1488	T	W	357	7	1.77%	2	1	93	93	0.0075883836321291274	1	1	145	212	0	7	+G
G4_BC76_191109_LF_LIB_consensus_vsearch	1488	T	Y	357	14	3.54%	2	1	93	93	5.386757614476661E-5	1	1	145	212	0	14	C
G4_BC76_191109_LF_LIB_consensus_vsearch	1489	G	S	372	11	2.74%	2	1	93	93	4.539966388795655E-4	1	1	139	233	0	11	C
G4_BC76_191109_LF_LIB_consensus_vsearch	1490	T	W	371	12	3.07%	2	2	93	93	2.236910591562848E-4	1	1	136	235	1	11	A
G4_BC76_191109_LF_LIB_consensus_vsearch	1496	T	Y	390	9	2.22%	2	2	93	93	0.0018660638404102402	1	1	146	244	1	8	C
G4_BC76_191109_LF_LIB_consensus_vsearch	1503	T	Y	369	7	1.79%	2	2	93	93	0.007595497661975396	1	1	146	223	1	6	C
G4_BC76_191109_LF_LIB_consensus_vsearch	1505	C	Y	356	14	3.65%	2	1	93	93	5.384905221900327E-5	1	1	140	216	0	14	T
G4_BC76_191109_LF_LIB_consensus_vsearch	1507	G	K	301	16	4.83%	2	2	93	93	1.2567545268824513E-5	1	1	96	205	1	15	T
G4_BC76_191109_LF_LIB_consensus_vsearch	1509	G	R	364	36	8.93%	2	1	93	93	6.381215539906549E-12	1	1	108	256	36	0	A
G4_BC76_191109_LF_LIB_consensus_vsearch	1515	A	R	382	7	1.77%	2	2	93	93	0.0076027118384171	1	1	134	248	3	4	G
G4_BC76_191109_LF_LIB_consensus_vsearch	1520	T	Y	359	8	1.98%	2	2	93	93	0.003758561188136962	1	1	144	215	2	6	-G
G4_BC76_191109_LF_LIB_consensus_vsearch	1526	T	Y	389	9	2.23%	2	2	93	93	0.0018658477399051397	1	1	147	242	1	8	C
G4_BC76_191109_LF_LIB_consensus_vsearch	1534	T	W	365	18	4.51%	2	1	93	93	3.109413023746024E-6	1	1	141	224	0	18	A
G4_BC76_191109_LF_LIB_consensus_vsearch	1546	G	R	367	11	2.74%	2	2	93	93	4.5355347638701343E-4	1	1	131	236	10	1	A
G4_BC76_191109_LF_LIB_consensus_vsearch	1547	C	Y	377	7	1.77%	2	1	93	93	0.007599994652592844	1	1	143	234	0	7	T
G4_BC76_191109_LF_LIB_consensus_vsearch	1548	C	Y	365	18	4.44%	2	2	93	93	3.109413023746024E-6	1	1	145	220	1	17	T
G4_BC76_191109_LF_LIB_consensus_vsearch	1552	T	Y	380	11	2.76%	2	1	93	93	4.546826533185083E-4	1	1	142	238	0	11	C
G4_BC76_191109_LF_LIB_consensus_vsearch	1568	A	R	386	13	3.21%	2	1	93	93	1.1053069410618301E-4	1	1	135	251	13	0	G
G4_BC76_191109_LF_LIB_consensus_vsearch	1579	A	M	388	9	2.22%	2	1	93	93	0.0018656305641170923	1	1	135	253	9	0	C
G4_BC76_191109_LF_LIB_consensus_vsearch	1580	T	Y	385	11	2.71%	2	2	93	93	4.550976487942495E-4	1	1	136	249	8	3	C
G4_BC76_191109_LF_LIB_consensus_vsearch	1581	A	R	380	11	2.73%	2	2	93	93	4.546826533185083E-4	1	1	125	255	10	1	G
G4_BC76_191109_LF_LIB_consensus_vsearch	1583	G	R	374	19	4.69%	2	2	93	93	1.5263684541229892E-6	1	1	120	254	18	1	A
G4_BC76_191109_LF_LIB_consensus_vsearch	1588	T	Y	356	24	6.2%	2	1	93	93	4.097346548042857E-8	1	1	139	217	0	24	C
G4_BC76_191109_LF_LIB_consensus_vsearch	1589	G	R	365	13	3.21%	2	2	93	93	1.099123368248991E-4	1	1	130	235	9	4	-C
G4_BC76_191109_LF_LIB_consensus_vsearch	1590	C	Y	366	7	1.79%	2	1	93	93	0.007593761831616585	1	1	140	226	0	7	+T
G4_BC76_191109_LF_LIB_consensus_vsearch	1591	C	Y	387	13	3.2%	2	1	93	93	1.1055857583867697E-4	1	1	143	244	0	13	T
G4_BC76_191109_LF_LIB_consensus_vsearch	1593	T	Y	264	10	3.5%	2	1	93	93	8.982685182237654E-4	1	1	135	129	0	10	C
G4_BC76_191109_LF_LIB_consensus_vsearch	1596	T	G	16	371	91.38%	2	2	93	93	6.006288750295858E-204	1	1	8	8	137	234	G
G4_BC76_191109_LF_LIB_consensus_vsearch	1597	T	Y	312	7	1.72%	2	2	93	93	0.007556969842859696	1	1	102	210	2	5	-A
G4_BC76_191109_LF_LIB_consensus_vsearch	1597	T	K	312	12	2.95%	2	2	93	93	2.2009224583442865E-4	1	1	102	210	6	6	G
G4_BC76_191109_LF_LIB_consensus_vsearch	1598	A	M	5	11	3.3%	2	2	93	93	3.385404072157401E-5	1	1	3	2	6	5	+C
G4_BC76_191109_LF_LIB_consensus_vsearch	1604	C	Y	354	48	11.76%	2	1	93	93	7.99038504352655E-16	1	1	147	207	0	48	T
G4_BC76_191109_LF_LIB_consensus_vsearch	1608	C	Y	382	21	5.16%	2	2	93	93	3.6496416663752166E-7	1	1	146	236	1	20	T
G4_BC76_191109_LF_LIB_consensus_vsearch	1610	T	Y	398	8	1.96%	2	1	93	93	0.003772632825065396	1	1	148	250	0	8	C
G4_BC76_191109_LF_LIB_consensus_vsearch	1615	A	R	377	9	2.21%	2	2	93	93	0.0018631683014264863	1	1	141	236	3	6	-T
G4_BC76_191109_LF_LIB_consensus_vsearch	1616	T	Y	381	9	2.28%	2	2	93	93	0.0018640795393290628	1	1	143	238	2	7	C
G4_BC76_191109_LF_LIB_consensus_vsearch	1617	T	Y	394	8	1.99%	2	2	93	93	0.0037713141940397903	1	1	147	247	1	7	C
G4_BC76_191109_LF_LIB_consensus_vsearch	1628	T	Y	385	9	2.23%	2	2	93	93	0.001864972504119446	1	1	143	242	3	6	C
G4_BC76_191109_LF_LIB_consensus_vsearch	1630	G	R	375	7	1.72%	2	2	93	93	0.007598887968539548	1	1	144	231	3	4	+C
G4_BC76_191109_LF_LIB_consensus_vsearch	1632	T	Y	364	7	1.73%	2	2	93	93	0.007592589101619866	1	1	131	233	1	6	-C
G4_BC76_191109_LF_LIB_consensus_vsearch	1638	A	R	89	8	2.02%	2	2	93	93	0.0033615579930956	1	1	66	23	4	4	+GG
G4_BC76_191109_LF_LIB_consensus_vsearch	1642	T	Y	365	15	3.75%	2	1	93	93	2.650806354364234E-5	1	1	141	224	0	15	C
G4_BC76_191109_LF_LIB_consensus_vsearch	1645	G	R	38	57	14.21%	2	2	93	93	3.0344440717526854E-23	1	1	17	21	5	52	A
G4_BC76_191109_LF_LIB_consensus_vsearch	1646	G	R	366	7	1.72%	2	2	93	93	0.007593761831616585	1	1	143	223	4	3	+AG
G4_BC76_191109_LF_LIB_consensus_vsearch	1647	C	Y	321	18	4.47%	2	1	93	93	3.025848834451551E-6	1	1	148	173	0	18	-T
G4_BC76_191109_LF_LIB_consensus_vsearch	1649	C	S	366	12	2.96%	2	1	93	93	2.234283568245827E-4	1	1	144	222	0	12	+G
G4_BC76_191109_LF_LIB_consensus_vsearch	1650	C	Y	381	7	1.72%	2	1	93	93	0.007602173974125566	1	1	149	232	0	7	T
G4_BC76_191109_LF_LIB_consensus_vsearch	1658	C	S	264	115	28.97%	2	2	93	93	8.589681749052472E-40	1	1	85	179	50	65	G
G4_BC76_191109_LF_LIB_consensus_vsearch	1659	C	Y	131	11	2.7%	2	1	93	93	3.9931318622845897E-4	1	1	62	69	0	11	+GGC
G4_BC76_191109_LF_LIB_consensus_vsearch	1676	G	R	328	13	3.78%	2	2	93	93	1.0864499740310097E-4	1	1	126	202	12	1	A
G4_BC76_191109_LF_LIB_consensus_vsearch	1678	G	R	373	15	3.7%	2	2	93	93	2.6586639991105327E-5	1	1	120	253	14	1	A
G4_BC76_191109_LF_LIB_consensus_vsearch	1679	G	R	388	13	3.19%	2	2	93	93	1.1058632327078025E-4	1	1	133	255	11	2	A
G4_BC76_191109_LF_LIB_consensus_vsearch	1683	A	R	386	12	2.96%	2	2	93	93	2.244406705806723E-4	1	1	132	254	11	1	G
G4_BC76_191109_LF_LIB_consensus_vsearch	1685	A	R	363	10	2.5%	2	2	93	93	9.186794830860472E-4	1	1	124	239	8	2	-C
G4_BC76_191109_LF_LIB_consensus_vsearch	1712	G	R	356	18	4.53%	2	1	93	93	3.0937866668435775E-6	1	1	114	242	18	0	A
G4_BC76_191109_LF_LIB_consensus_vsearch	1713	T	Y	377	11	2.79%	2	2	93	93	4.544286380884945E-4	1	1	141	236	4	7	C
G4_BC76_191109_LF_LIB_consensus_vsearch	1714	A	R	373	8	2.04%	2	2	93	93	0.0037639410987491528	1	1	141	232	2	6	G
G4_BC76_191109_LF_LIB_consensus_vsearch	1717	A	W	376	11	2.75%	2	1	93	93	4.5434311102034934E-4	1	1	148	228	0	11	T
G4_BC76_191109_LF_LIB_consensus_vsearch	1718	G	R	390	10	2.47%	2	1	93	93	9.225221739189795E-4	1	1	135	255	10	0	A
G4_BC76_191109_LF_LIB_consensus_vsearch	1721	G	R	383	11	2.77%	2	2	93	93	4.549328864195511E-4	1	1	137	246	8	3	A
G4_BC76_191109_LF_LIB_consensus_vsearch	1722	T	W	368	7	1.74%	2	1	93	93	0.007594922120899784	1	1	139	229	0	7	+A
G4_BC76_191109_LF_LIB_consensus_vsearch	1725	C	Y	353	19	4.7%	2	1	93	93	1.5068014973452989E-6	1	1	128	225	0	19	T
G4_BC76_191109_LF_LIB_consensus_vsearch	1736	T	Y	378	11	2.73%	2	1	93	93	4.5451373534606624E-4	1	1	139	239	0	11	C
G4_BC76_191109_LF_LIB_consensus_vsearch	1748	C	Y	373	9	2.24%	2	2	93	93	0.0018622382238204073	1	1	147	226	1	8	-G
G4_BC76_191109_LF_LIB_consensus_vsearch	1761	G	R	377	9	2.28%	2	1	93	93	0.0018631683014264863	1	1	129	248	9	0	A
G4_BC76_191109_LF_LIB_consensus_vsearch	1762	T	Y	352	22	5.61%	2	2	93	93	1.7347244644637046E-7	1	1	132	220	1	21	C
G4_BC76_191109_LF_LIB_consensus_vsearch	1763	A	M	377	7	1.82%	2	1	93	93	0.007599994652592844	1	1	132	245	0	7	C
G4_BC76_191109_LF_LIB_consensus_vsearch	1764	A	R	384	12	2.95%	2	2	93	93	2.2434391137769687E-4	1	1	137	247	11	1	G
G4_BC76_191109_LF_LIB_consensus_vsearch	1765	T	Y	385	9	2.26%	2	2	93	93	0.001864972504119446	1	1	145	240	1	8	C
G4_BC76_191109_LF_LIB_consensus_vsearch	1770	T	Y	355	9	2.44%	2	2	93	93	0.0018578033066990803	1	1	144	211	2	7	C
G4_BC76_191109_LF_LIB_consensus_vsearch	1771	T	Y	391	8	1.99%	2	1	93	93	0.003770308015149166	1	1	147	244	0	8	C
G4_BC76_191109_LF_LIB_consensus_vsearch	1772	T	Y	392	12	2.94%	2	2	93	93	2.2472535825225005E-4	1	1	147	245	1	11	C
G4_BC76_191109_LF_LIB_consensus_vsearch	1780	T	Y	380	10	2.51%	2	2	93	93	9.211599279939985E-4	1	1	143	237	1	9	C
G4_BC76_191109_LF_LIB_consensus_vsearch	1794	T	Y	363	7	1.79%	2	2	93	93	0.0075919980086515786	1	1	125	238	2	5	+C
G4_BC76_191109_LF_LIB_consensus_vsearch	1796	G	R	310	29	8.45%	2	1	93	93	9.96706488622634E-10	1	1	119	191	29	0	A
G4_BC76_191109_LF_LIB_consensus_vsearch	1819	A	R	351	8	2.06%	2	2	93	93	0.0037553003112147276	1	1	114	237	6	2	-G
G4_BC76_191109_LF_LIB_consensus_vsearch	1826	A	R	388	11	2.7%	2	2	93	93	4.5534176337797E-4	1	1	135	253	10	1	G
G4_BC76_191109_LF_LIB_consensus_vsearch	1829	A	R	179	13	3.29%	2	1	93	93	9.894838953322904E-5	1	1	100	79	13	0	-C
G4_BC76_191109_LF_LIB_consensus_vsearch	1830	C	S	211	9	4.04%	2	1	93	93	0.0017967787753331713	1	1	124	87	9	0	G
G4_BC76_191109_LF_LIB_consensus_vsearch	1836	T	Y	368	9	2.34%	2	1	93	93	0.0018610482319175187	1	1	146	222	0	9	C
G4_BC76_191109_LF_LIB_consensus_vsearch	1840	C	Y	388	9	2.21%	2	2	93	93	0.0018656305641170923	1	1	140	248	1	8	T
G4_BC76_191109_LF_LIB_consensus_vsearch	1845	T	Y	394	7	1.74%	2	1	93	93	0.007608958034696689	1	1	148	246	0	7	C
G4_BC76_191109_LF_LIB_consensus_vsearch	1848	A	R	396	7	1.73%	2	2	93	93	0.007609963086240239	1	1	142	254	6	1	G
G4_BC76_191109_LF_LIB_consensus_vsearch	1850	C	Y	385	10	2.48%	2	2	93	93	9.218495267512253E-4	1	1	143	242	1	9	T
G4_BC76_191109_LF_LIB_consensus_vsearch	1851	G	R	387	9	2.24%	2	1	93	93	0.0018654123049784304	1	1	139	248	9	0	A
G4_BC76_191109_LF_LIB_consensus_vsearch	1854	C	Y	244	154	38.31%	2	2	93	93	3.986045732421882E-55	1	1	91	153	57	97	T
G4_BC76_191109_LF_LIB_consensus_vsearch	1857	C	Y	393	8	1.97%	2	2	93	93	0.003770980459969231	1	1	147	246	1	7	T
G4_BC76_191109_LF_LIB_consensus_vsearch	1863	G	R	393	9	2.22%	2	2	93	93	0.0018667057694086889	1	1	140	253	8	1	A
G4_BC76_191109_LF_LIB_consensus_vsearch	1864	T	Y	369	16	3.93%	2	2	93	93	1.301495181198242E-5	1	1	133	236	1	15	C
G4_BC76_191109_LF_LIB_consensus_vsearch	1865	G	R	370	13	3.26%	2	1	93	93	1.1006549462483286E-4	1	1	119	251	13	0	A
G4_BC76_191109_LF_LIB_consensus_vsearch	1865	G	K	370	10	2.51%	2	1	93	93	9.197272469938769E-4	1	1	119	251	10	0	A
G4_BC76_191109_LF_LIB_consensus_vsearch	1866	T	Y	384	14	3.51%	2	1	93	93	5.433401108852574E-5	1	1	143	241	0	14	C
G4_BC76_191109_LF_LIB_consensus_vsearch	1885	C	Y	361	7	1.86%	2	1	93	93	0.007590806239049772	1	1	121	240	0	7	T
G4_BC76_191109_LF_LIB_consensus_vsearch	1887	T	Y	392	9	2.22%	2	2	93	93	0.0018664928473143382	1	1	145	247	1	8	C
G4_BC76_191109_LF_LIB_consensus_vsearch	1888	T	Y	367	7	1.72%	2	2	93	93	0.0075943435189384555	1	1	120	247	1	6	-A
G4_BC76_191109_LF_LIB_consensus_vsearch	1897	T	Y	391	7	1.74%	2	2	93	93	0.007607431615374521	1	1	146	245	3	4	C
G4_BC76_191109_LF_LIB_consensus_vsearch	1901	G	R	380	17	4.2%	2	2	93	93	6.404980089016243E-6	1	1	141	239	5	12	A
G4_BC76_191109_LF_LIB_consensus_vsearch	1902	C	Y	378	12	3.01%	2	2	93	93	2.2404784900264377E-4	1	1	145	233	1	11	T
G4_BC76_191109_LF_LIB_consensus_vsearch	1907	T	W	348	19	4.79%	2	2	93	93	1.5018443455160622E-6	1	1	135	213	1	18	A
G4_BC76_191109_LF_LIB_consensus_vsearch	1909	A	R	377	8	2.01%	2	2	93	93	0.003765406973524696	1	1	132	245	4	4	G
G4_BC76_191109_LF_LIB_consensus_vsearch	1920	A	R	386	9	2.25%	2	2	93	93	0.0018651929543866046	1	1	141	245	6	3	G
G4_BC76_191109_LF_LIB_consensus_vsearch	1922	T	Y	362	40	9.93%	2	1	93	93	3.277203199143782E-13	1	1	149	213	0	40	C
G4_BC76_191109_LF_LIB_consensus_vsearch	1925	T	Y	373	10	2.47%	2	2	93	93	9.201647694189105E-4	1	1	136	237	5	5	-A
G4_BC76_191109_LF_LIB_consensus_vsearch	1928	A	R	391	7	1.72%	2	2	93	93	0.007607431615374521	1	1	143	248	5	2	G
G4_BC76_191109_LF_LIB_consensus_vsearch	1930	T	Y	370	10	2.62%	2	2	93	93	9.197272469938769E-4	1	1	147	223	1	9	C
G4_BC76_191109_LF_LIB_consensus_vsearch	1936	A	R	389	10	2.46%	2	2	93	93	9.223889705434762E-4	1	1	140	249	7	3	G
G4_BC76_191109_LF_LIB_consensus_vsearch	1938	C	Y	387	12	2.95%	2	2	93	93	2.2448869655710964E-4	1	1	145	242	1	11	T
G4_BC76_191109_LF_LIB_consensus_vsearch	1942	A	R	388	11	2.74%	2	2	93	93	4.5534176337797E-4	1	1	135	253	9	2	G
G4_BC76_191109_LF_LIB_consensus_vsearch	1946	C	Y	346	17	4.51%	2	1	93	93	6.298471802440656E-6	1	1	141	205	0	17	T
G4_BC76_191109_LF_LIB_consensus_vsearch	1948	G	K	356	25	6.49%	2	1	93	93	1.984063341593292E-8	1	1	148	208	0	25	T
G4_BC76_191109_LF_LIB_consensus_vsearch	1949	G	R	398	7	1.72%	2	2	93	93	0.007610958261497833	1	1	142	256	6	1	A
G4_BC76_191109_LF_LIB_consensus_vsearch	1954	C	Y	344	12	2.95%	2	1	93	93	2.221875398188334E-4	1	1	140	204	0	12	+T
G4_BC76_191109_LF_LIB_consensus_vsearch	1956	T	K	371	9	2.24%	2	1	93	93	0.0018617659366352362	1	1	140	231	0	9	G
G4_BC76_191109_LF_LIB_consensus_vsearch	1959	C	Y	349	11	2.71%	2	2	93	93	4.5185864877991805E-4	1	1	105	244	2	9	-AC
G4_BC76_191109_LF_LIB_consensus_vsearch	1978	C	Y	342	51	12.5%	2	1	93	93	7.834695954742007E-17	1	1	148	194	0	51	T
G4_BC76_191109_LF_LIB_consensus_vsearch	1980	T	Y	379	21	5.19%	2	1	93	93	3.6421365056301974E-7	1	1	149	230	0	21	C
G4_BC76_191109_LF_LIB_consensus_vsearch	1983	C	Y	366	11	2.7%	2	1	93	93	4.534634661352225E-4	1	1	142	224	0	11	-A
G4_BC76_191109_LF_LIB_consensus_vsearch	1990	C	Y	382	21	5.16%	2	1	93	93	3.6496416663752166E-7	1	1	148	234	0	21	T
G4_BC76_191109_LF_LIB_consensus_vsearch	1998	T	Y	380	18	4.49%	2	1	93	93	3.134009125315532E-6	1	1	149	231	0	18	C
G4_BC76_191109_LF_LIB_consensus_vsearch	2008	C	Y	371	7	1.72%	2	2	93	93	0.0075966396580781715	1	1	130	241	1	6	-G
G4_BC76_191109_LF_LIB_consensus_vsearch	2009	G	R	362	11	2.79%	2	2	93	93	4.530987124457782E-4	1	1	119	243	10	1	A
G4_BC76_191109_LF_LIB_consensus_vsearch	2009	G	S	362	7	1.78%	2	1	93	93	0.007591403729743198	1	1	119	243	7	0	A
G4_BC76_191109_LF_LIB_consensus_vsearch	2010	C	Y	380	8	2.02%	2	2	93	93	0.003766486715388715	1	1	138	242	3	5	T
G4_BC76_191109_LF_LIB_consensus_vsearch	2012	A	R	391	7	1.74%	2	2	93	93	0.007607431615374521	1	1	143	248	2	5	G
G4_BC76_191109_LF_LIB_consensus_vsearch	2020	A	R	369	20	5%	2	2	93	93	7.423348007282038E-7	1	1	116	253	19	1	G
G4_BC76_191109_LF_LIB_consensus_vsearch	2022	T	Y	367	9	2.3%	2	1	93	93	0.001860806485014851	1	1	122	245	9	0	C
G4_BC76_191109_LF_LIB_consensus_vsearch	2023	T	Y	390	9	2.21%	2	2	93	93	0.0018660638404102402	1	1	138	252	7	2	C
G4_BC76_191109_LF_LIB_consensus_vsearch	2041	T	Y	396	9	2.22%	2	1	93	93	0.0018673383028544072	1	1	148	248	0	9	C
G4_BC76_191109_LF_LIB_consensus_vsearch	2044	T	Y	391	9	2.24%	2	1	93	93	0.0018662788735768444	1	1	147	244	0	9	C
G4_BC76_191109_LF_LIB_consensus_vsearch	2049	C	Y	371	15	3.72%	2	2	93	93	2.656728555260812E-5	1	1	145	226	1	14	T
G4_BC76_191109_LF_LIB_consensus_vsearch	2051	C	Y	388	7	1.74%	2	1	93	93	0.007605882130108492	1	1	140	248	0	7	T
G4_BC76_191109_LF_LIB_consensus_vsearch	2059	C	Y	397	9	2.21%	2	2	93	93	0.0018675470949966115	1	1	146	251	2	7	T
G4_BC76_191109_LF_LIB_consensus_vsearch	2066	T	Y	360	7	1.76%	2	2	93	93	0.007590205510476451	1	1	138	222	1	6	+A
G4_BC76_191109_LF_LIB_consensus_vsearch	2077	C	S	374	10	2.51%	2	1	93	93	9.203091175437465E-4	1	1	144	230	0	10	G
G4_BC76_191109_LF_LIB_consensus_vsearch	2078	G	R	357	22	5.57%	2	2	93	93	1.7422330700087193E-7	1	1	120	237	21	1	A
G4_BC76_191109_LF_LIB_consensus_vsearch	2086	C	S	383	11	2.73%	2	1	93	93	4.549328864195511E-4	1	1	131	252	11	0	G
G4_BC76_191109_LF_LIB_consensus_vsearch	2094	C	Y	383	11	2.75%	2	2	93	93	4.549328864195511E-4	1	1	142	241	2	9	T
G4_BC76_191109_LF_LIB_consensus_vsearch	2102	T	Y	368	15	3.84%	2	2	93	93	2.6537894487866267E-5	1	1	141	227	1	14	C
G4_BC76_191109_LF_LIB_consensus_vsearch	2103	A	R	382	8	2%	2	2	93	93	0.0037671973936205536	1	1	141	241	2	6	G
G4_BC76_191109_LF_LIB_consensus_vsearch	2104	T	Y	381	11	2.75%	2	2	93	93	4.547664803982017E-4	1	1	144	237	3	8	C
G4_BC76_191109_LF_LIB_consensus_vsearch	2111	G	R	294	33	10%	2	1	93	93	4.976040875547274E-11	1	1	85	209	33	0	A
G4_BC76_191109_LF_LIB_consensus_vsearch	2113	G	R	377	16	3.98%	2	2	93	93	1.3058016225586293E-5	1	1	126	251	15	1	A
G4_BC76_191109_LF_LIB_consensus_vsearch	2117	C	Y	64	9	2.26%	2	1	93	93	0.0015029795679230836	1	1	9	55	0	9	+T
G4_BC76_191109_LF_LIB_consensus_vsearch	2120	C	Y	332	50	12.82%	2	2	93	93	1.5970268365110243E-16	1	1	140	192	5	45	T
G4_BC76_191109_LF_LIB_consensus_vsearch	2122	T	Y	287	7	2.24%	2	2	93	93	0.00753539154747985	1	1	142	145	1	6	+C
G4_BC76_191109_LF_LIB_consensus_vsearch	2123	T	Y	353	18	4.63%	2	2	93	93	3.088423482833563E-6	1	1	143	210	3	15	C
G4_BC76_191109_LF_LIB_consensus_vsearch	2125	C	Y	376	14	3.48%	2	1	93	93	5.420225372441819E-5	1	1	147	229	0	14	T
G4_BC76_191109_LF_LIB_consensus_vsearch	2132	A	R	372	8	2.01%	2	1	93	93	0.003763569850402068	1	1	123	249	8	0	-C
G4_BC76_191109_LF_LIB_consensus_vsearch	2134	C	Y	393	7	1.72%	2	2	93	93	0.007608451759263046	1	1	145	248	2	5	T
G4_BC76_191109_LF_LIB_consensus_vsearch	2135	C	Y	307	76	18.67%	2	2	93	93	2.116442138603491E-25	1	1	138	169	1	75	T
G4_BC76_191109_LF_LIB_consensus_vsearch	2137	A	R	383	9	2.27%	2	1	93	93	0.001864528271344425	1	1	128	255	9	0	G
G4_BC76_191109_LF_LIB_consensus_vsearch	2140	T	Y	367	7	1.78%	2	2	93	93	0.0075943435189384555	1	1	134	233	1	6	-C
G4_BC76_191109_LF_LIB_consensus_vsearch	2142	G	R	304	21	6.23%	2	2	93	93	3.4155824062753555E-7	1	1	85	219	20	1	A
G4_BC76_191109_LF_LIB_consensus_vsearch	2142	G	S	304	7	2.08%	2	2	93	93	0.007550439733141782	1	1	85	219	6	1	A
G4_BC76_191109_LF_LIB_consensus_vsearch	2143	G	R	365	11	2.73%	2	2	93	93	4.5337298828598577E-4	1	1	110	255	10	1	A
G4_BC76_191109_LF_LIB_consensus_vsearch	2145	G	R	352	38	9.5%	2	2	93	93	1.4108953295604815E-12	1	1	100	252	37	1	A
G4_BC76_191109_LF_LIB_consensus_vsearch	2149	T	Y	376	9	2.27%	2	1	93	93	0.00186293757088788	1	1	136	240	0	9	C
G4_BC76_191109_LF_LIB_consensus_vsearch	2151	G	R	382	12	3%	2	2	93	93	2.2424619755304767E-4	1	1	135	247	10	2	A
G4_BC76_191109_LF_LIB_consensus_vsearch	2170	T	Y	343	7	1.74%	2	1	93	93	0.007579470995029922	1	1	145	198	0	7	-C
G4_BC76_191109_LF_LIB_consensus_vsearch	2172	T	Y	361	12	3.09%	2	2	93	93	2.2315882163969882E-4	1	1	132	229	1	11	C
G4_BC76_191109_LF_LIB_consensus_vsearch	2178	G	R	386	10	2.48%	2	1	93	93	9.219853921161506E-4	1	1	131	255	10	0	A
G4_BC76_191109_LF_LIB_consensus_vsearch	2179	C	Y	389	7	1.74%	2	2	93	93	0.0076064012202881484	1	1	142	247	1	6	T
G4_BC76_191109_LF_LIB_consensus_vsearch	2187	C	Y	392	8	1.98%	2	2	93	93	0.0037706450711110975	1	1	146	246	1	7	T
G4_BC76_191109_LF_LIB_consensus_vsearch	2195	T	Y	388	7	1.74%	2	2	93	93	0.007605882130108492	1	1	142	246	2	5	C
G4_BC76_191109_LF_LIB_consensus_vsearch	2202	T	Y	381	16	3.98%	2	2	93	93	1.307893571981294E-5	1	1	142	239	3	13	C
G4_BC76_191109_LF_LIB_consensus_vsearch	2204	C	M	364	7	1.74%	2	1	93	93	0.007592589101619866	1	1	144	220	0	7	+T
G4_BC76_191109_LF_LIB_consensus_vsearch	2206	C	Y	368	7	1.75%	2	1	93	93	0.007594922120899784	1	1	141	227	0	7	-T
G4_BC76_191109_LF_LIB_consensus_vsearch	2210	T	Y	390	9	2.23%	2	1	93	93	0.0018660638404102402	1	1	149	241	0	9	C
G4_BC76_191109_LF_LIB_consensus_vsearch	2214	T	Y	375	13	3.21%	2	1	93	93	1.102148449959401E-4	1	1	149	226	0	13	C
G4_BC76_191109_LF_LIB_consensus_vsearch	2221	G	R	368	8	2.1%	2	1	93	93	0.003762065284927124	1	1	129	239	8	0	A
G4_BC76_191109_LF_LIB_consensus_vsearch	2235	T	Y	381	12	3.03%	2	1	93	93	2.2419697823514463E-4	1	1	139	242	0	12	C
G4_BC76_191109_LF_LIB_consensus_vsearch	2237	T	Y	389	9	2.22%	2	2	93	93	0.0018658477399051397	1	1	143	246	3	6	C
G4_BC76_191109_LF_LIB_consensus_vsearch	2248	T	Y	384	7	1.74%	2	2	93	93	0.007603779356567615	1	1	141	243	4	3	C
G4_BC76_191109_LF_LIB_consensus_vsearch	2251	C	Y	390	7	1.75%	2	2	93	93	0.007606917708857565	1	1	146	244	1	6	T
G4_BC76_191109_LF_LIB_consensus_vsearch	2252	C	Y	311	73	18.02%	2	1	93	93	2.4033189612629067E-24	1	1	144	167	0	73	T
G4_BC76_191109_LF_LIB_consensus_vsearch	2256	C	Y	370	27	6.65%	2	2	93	93	4.715581728157463E-9	1	1	144	226	1	26	T
G4_BC76_191109_LF_LIB_consensus_vsearch	2258	T	Y	382	17	4.21%	2	1	93	93	6.410718325764792E-6	1	1	144	238	0	17	C
G4_BC76_191109_LF_LIB_consensus_vsearch	2260	G	R	358	9	2.44%	2	2	93	93	0.0018585722679615095	1	1	134	224	8	1	A
G4_BC76_191109_LF_LIB_consensus_vsearch	2262	G	S	356	12	2.95%	2	1	93	93	2.2288218370073633E-4	1	1	144	212	0	12	C
G4_BC76_191109_LF_LIB_consensus_vsearch	2266	G	R	382	16	3.94%	2	2	93	93	1.3084103727632285E-5	1	1	145	237	2	14	A
G4_BC76_191109_LF_LIB_consensus_vsearch	2267	C	Y	369	26	6.48%	2	2	93	93	9.740047923217663E-9	1	1	145	224	1	25	T
G4_BC76_191109_LF_LIB_consensus_vsearch	2271	A	R	347	7	1.84%	2	2	93	93	0.007582088979764471	1	1	119	228	1	6	-C
G4_BC76_191109_LF_LIB_consensus_vsearch	2272	C	S	346	22	5.68%	2	1	93	93	1.725481335683033E-7	1	1	121	225	22	0	G
G4_BC76_191109_LF_LIB_consensus_vsearch	2272	C	Y	346	7	1.81%	2	1	93	93	0.007581440013514741	1	1	121	225	0	7	G
G4_BC76_191109_LF_LIB_consensus_vsearch	2273	C	Y	371	8	1.99%	2	1	93	93	0.0037631966602129988	1	1	140	231	0	8	-A
G4_BC76_191109_LF_LIB_consensus_vsearch	2282	G	R	389	8	1.98%	2	2	93	93	0.0037696288519149155	1	1	138	251	7	1	A
G4_BC76_191109_LF_LIB_consensus_vsearch	2289	T	Y	304	7	1.74%	2	2	93	93	0.007550439733141782	1	1	144	160	1	6	-G
G4_BC76_191109_LF_LIB_consensus_vsearch	2295	T	Y	395	7	1.72%	2	2	93	93	0.007609461804174083	1	1	145	250	2	5	C
G4_BC76_191109_LF_LIB_consensus_vsearch	2297	G	R	376	22	5.45%	2	1	93	93	1.7692620972051166E-7	1	1	121	255	22	0	A
G4_BC76_191109_LF_LIB_consensus_vsearch	2302	T	Y	374	10	2.54%	2	2	93	93	9.203091175437465E-4	1	1	133	241	4	6	C
G4_BC76_191109_LF_LIB_consensus_vsearch	2303	A	R	375	8	2.03%	2	2	93	93	0.003764677830168862	1	1	129	246	7	1	G
G4_BC76_191109_LF_LIB_consensus_vsearch	2308	G	R	371	10	2.6%	2	1	93	93	9.198738399151659E-4	1	1	117	254	10	0	A
G4_BC76_191109_LF_LIB_consensus_vsearch	2311	T	Y	393	7	1.73%	2	2	93	93	0.007608451759263046	1	1	147	246	2	5	C
G4_BC76_191109_LF_LIB_consensus_vsearch	2319	T	K	387	9	2.24%	2	1	93	93	0.0018654123049784304	1	1	136	251	9	0	G
G4_BC76_191109_LF_LIB_consensus_vsearch	2321	G	R	309	7	2.18%	2	2	93	93	0.007554559545842425	1	1	134	175	4	3	A
G4_BC76_191109_LF_LIB_consensus_vsearch	2322	G	R	359	13	3.4%	2	2	93	93	1.0972331368377564E-4	1	1	137	222	10	3	A
G4_BC76_191109_LF_LIB_consensus_vsearch	2323	G	R	363	18	4.52%	2	2	93	93	3.105999102566561E-6	1	1	136	227	1	17	A
G4_BC76_191109_LF_LIB_consensus_vsearch	2325	T	Y	366	14	3.56%	2	2	93	93	5.403009673105009E-5	1	1	145	221	2	12	C
G4_BC76_191109_LF_LIB_consensus_vsearch	2335	C	Y	373	23	5.65%	2	1	93	93	8.580257819947001E-8	1	1	147	226	0	23	T
G4_BC76_191109_LF_LIB_consensus_vsearch	2338	T	Y	310	71	17.66%	2	2	93	93	1.157336158259582E-23	1	1	139	171	1	70	C
G4_BC76_191109_LF_LIB_consensus_vsearch	2339	A	R	367	12	3.01%	2	2	93	93	2.2348143552523473E-4	1	1	131	236	10	2	G
G4_BC76_191109_LF_LIB_consensus_vsearch	2346	A	R	389	8	1.98%	2	2	93	93	0.0037696288519149155	1	1	147	242	2	6	-G
G4_BC76_191109_LF_LIB_consensus_vsearch	2360	C	Y	373	7	1.75%	2	1	93	93	0.007597769697997662	1	1	141	232	0	7	+G
G4_BC76_191109_LF_LIB_consensus_vsearch	2373	A	R	372	19	4.73%	2	1	93	93	1.52458730307249E-6	1	1	118	254	19	0	G
G4_BC76_191109_LF_LIB_consensus_vsearch	2375	T	Y	358	29	7.34%	2	2	93	93	1.0803274785134407E-9	1	1	136	222	1	28	C
G4_BC76_191109_LF_LIB_consensus_vsearch	2377	A	R	378	8	1.98%	2	1	93	93	0.00376576873622069	1	1	125	253	8	0	-C
G4_BC76_191109_LF_LIB_consensus_vsearch	2384	T	Y	392	7	1.75%	2	1	93	93	0.007607942959128091	1	1	149	243	0	7	C
G4_BC76_191109_LF_LIB_consensus_vsearch	2388	C	Y	389	8	2.01%	2	1	93	93	0.0037696288519149155	1	1	148	241	0	8	T
G4_BC76_191109_LF_LIB_consensus_vsearch	2397	T	Y	384	17	4.2%	2	1	93	93	6.4164031706101775E-6	1	1	149	235	0	17	C
G4_BC76_191109_LF_LIB_consensus_vsearch	2403	T	Y	365	10	2.61%	2	2	93	93	9.189827643807342E-4	1	1	143	222	1	9	C
G4_BC76_191109_LF_LIB_consensus_vsearch	2406	A	R	396	8	1.97%	2	2	93	93	0.0037719767465882576	1	1	143	253	3	5	G
G4_BC76_191109_LF_LIB_consensus_vsearch	2409	G	R	264	21	7.12%	2	2	93	93	3.253563722721416E-7	1	1	125	139	19	2	A
G4_BC76_191109_LF_LIB_consensus_vsearch	2409	G	K	264	9	3.05%	2	1	93	93	0.001826590629994852	1	1	125	139	0	9	A
G4_BC76_191109_LF_LIB_consensus_vsearch	2410	G	K	376	9	2.32%	2	1	93	93	0.00186293757088788	1	1	148	228	0	9	T
G4_BC76_191109_LF_LIB_consensus_vsearch	2413	C	Y	391	7	1.75%	2	2	93	93	0.007607431615374521	1	1	140	251	2	5	T
G4_BC76_191109_LF_LIB_consensus_vsearch	2414	C	Y	369	13	3.2%	2	2	93	93	1.1003517226665928E-4	1	1	141	228	3	10	-G
G4_BC76_191109_LF_LIB_consensus_vsearch	2420	A	R	385	7	1.77%	2	2	93	93	0.007604309052101333	1	1	148	237	1	6	G
G4_BC76_191109_LF_LIB_consensus_vsearch	2422	T	Y	380	14	3.49%	2	2	93	93	5.426877300342222E-5	1	1	145	235	2	12	C
G4_BC76_191109_LF_LIB_consensus_vsearch	2438	G	R	293	32	9.67%	2	2	93	93	1.04378605910745E-10	1	1	108	185	31	1	A
G4_BC76_191109_LF_LIB_consensus_vsearch	2439	G	R	381	9	2.27%	2	2	93	93	0.0018640795393290628	1	1	140	241	7	2	A
G4_BC76_191109_LF_LIB_consensus_vsearch	2440	G	R	377	14	3.5%	2	2	93	93	5.421900571236966E-5	1	1	134	243	7	7	A
G4_BC76_191109_LF_LIB_consensus_vsearch	2442	T	Y	351	7	1.75%	2	1	93	93	0.0075846487975676224	1	1	141	210	0	7	+A
G4_BC76_191109_LF_LIB_consensus_vsearch	2448	C	Y	377	16	3.93%	2	2	93	93	1.3058016225586293E-5	1	1	147	230	1	15	T
G4_BC76_191109_LF_LIB_consensus_vsearch	2451	G	R	395	7	1.74%	2	2	93	93	0.007609461804174083	1	1	146	249	3	4	A
G4_BC76_191109_LF_LIB_consensus_vsearch	2460	G	K	387	7	1.73%	2	1	93	93	0.007605360418658285	1	1	141	246	7	0	T
G4_BC76_191109_LF_LIB_consensus_vsearch	2461	T	Y	381	10	2.5%	2	2	93	93	9.212992345460898E-4	1	1	141	240	3	7	C
G4_BC76_191109_LF_LIB_consensus_vsearch	2462	G	R	386	7	1.75%	2	2	93	93	0.0076048360660226225	1	1	137	249	4	3	A
G4_BC76_191109_LF_LIB_consensus_vsearch	2465	C	Y	380	17	4.18%	2	2	93	93	6.404980089016243E-6	1	1	145	235	1	16	T
G4_BC76_191109_LF_LIB_consensus_vsearch	2466	T	Y	384	11	2.72%	2	2	93	93	4.5501547153779163E-4	1	1	146	238	1	10	C
G4_BC76_191109_LF_LIB_consensus_vsearch	2483	C	Y	383	7	1.75%	2	1	93	93	0.007603246958909687	1	1	144	239	0	7	T
G4_BC76_191109_LF_LIB_consensus_vsearch	2485	T	Y	372	14	3.5%	2	2	93	93	5.413441518516823E-5	1	1	142	230	1	13	C
G4_BC76_191109_LF_LIB_consensus_vsearch	2486	A	R	386	7	1.73%	2	2	93	93	0.0076048360660226225	1	1	141	245	1	6	G
G4_BC76_191109_LF_LIB_consensus_vsearch	2487	T	Y	375	16	3.98%	2	2	93	93	1.3047405506016577E-5	1	1	140	235	4	12	C
G4_BC76_191109_LF_LIB_consensus_vsearch	2489	T	Y	386	8	2%	2	2	93	93	0.003768597288121233	1	1	144	242	4	4	C
G4_BC76_191109_LF_LIB_consensus_vsearch	2496	G	R	386	12	3%	2	1	93	93	2.244406705806723E-4	1	1	133	253	12	0	A
G4_BC76_191109_LF_LIB_consensus_vsearch	2508	T	Y	387	11	2.75%	2	2	93	93	4.5526079174589983E-4	1	1	146	241	1	10	C
G4_BC76_191109_LF_LIB_consensus_vsearch	2509	T	Y	383	10	2.46%	2	2	93	93	9.215757570452482E-4	1	1	143	240	2	8	C
G4_BC76_191109_LF_LIB_consensus_vsearch	2511	A	R	381	7	1.79%	2	2	93	93	0.007602173974125566	1	1	138	243	2	5	G
G4_BC76_191109_LF_LIB_consensus_vsearch	2513	A	R	389	8	1.97%	2	2	93	93	0.0037696288519149155	1	1	138	251	6	2	G
G4_BC76_191109_LF_LIB_consensus_vsearch	2517	G	R	392	8	1.99%	2	2	93	93	0.0037706450711110975	1	1	139	253	6	2	A
G4_BC76_191109_LF_LIB_consensus_vsearch	2533	A	R	353	13	3.22%	2	2	93	93	1.0952832598351308E-4	1	1	114	239	7	6	G
G4_BC76_191109_LF_LIB_consensus_vsearch	2533	A	W	353	26	6.44%	2	2	93	93	9.560726489103875E-9	1	1	114	239	23	3	T
G4_BC76_191109_LF_LIB_consensus_vsearch	2534	C	S	366	25	6.19%	2	2	93	93	2.0054986841706538E-8	1	1	119	247	23	2	G
G4_BC76_191109_LF_LIB_consensus_vsearch	2534	C	Y	366	7	1.73%	2	2	93	93	0.007593761831616585	1	1	119	247	5	2	G
G4_BC76_191109_LF_LIB_consensus_vsearch	2540	T	Y	366	24	6.03%	2	2	93	93	4.1381624104060524E-8	1	1	140	226	2	22	C
G4_BC76_191109_LF_LIB_consensus_vsearch	2542	T	Y	381	12	2.99%	2	2	93	93	2.2419697823514463E-4	1	1	138	243	5	7	C
G4_BC76_191109_LF_LIB_consensus_vsearch	2544	C	M	388	9	2.22%	2	1	93	93	0.0018656305641170923	1	1	145	243	0	9	A
G4_BC76_191109_LF_LIB_consensus_vsearch	2549	T	Y	306	82	20.55%	2	2	93	93	1.7140140028614285E-27	1	1	143	163	1	81	C
G4_BC76_191109_LF_LIB_consensus_vsearch	2553	T	Y	341	53	13.25%	2	2	93	93	1.7023291083358726E-17	1	1	138	203	2	51	C
G4_BC76_191109_LF_LIB_consensus_vsearch	2561	C	Y	389	7	1.72%	2	1	93	93	0.0076064012202881484	1	1	143	246	0	7	T
G4_BC76_191109_LF_LIB_consensus_vsearch	2564	C	Y	261	8	1.97%	2	2	93	93	0.003705416747963619	1	1	146	115	1	7	-A
G4_BC76_191109_LF_LIB_consensus_vsearch	2566	A	M	382	10	2.46%	2	2	93	93	9.214378424824657E-4	1	1	143	239	2	8	C
G4_BC76_191109_LF_LIB_consensus_vsearch	2566	A	R	382	9	2.21%	2	2	93	93	0.00186430447199865	1	1	143	239	4	5	C
G4_BC76_191109_LF_LIB_consensus_vsearch	2567	T	Y	247	101	25%	2	2	93	93	7.858770162252241E-35	1	1	144	103	3	98	C
G4_BC76_191109_LF_LIB_consensus_vsearch	2601	T	Y	385	9	2.22%	2	2	93	93	0.001864972504119446	1	1	144	241	1	8	+C
G4_BC76_191109_LF_LIB_consensus_vsearch	2603	C	Y	387	8	1.97%	2	2	93	93	0.0037689428690762675	1	1	143	244	1	7	T
G4_BC76_191109_LF_LIB_consensus_vsearch	2613	T	Y	332	9	2.29%	2	2	93	93	0.0018514648811998652	1	1	137	195	2	7	-G
G4_BC76_191109_LF_LIB_consensus_vsearch	2620	T	Y	377	20	4.91%	2	2	93	93	7.461874627489505E-7	1	1	140	237	4	16	C
G4_BC76_191109_LF_LIB_consensus_vsearch	2633	A	R	376	7	1.74%	2	2	93	93	0.007599442747600996	1	1	145	231	2	5	G
G4_BC76_191109_LF_LIB_consensus_vsearch	2636	C	Y	378	14	3.49%	2	1	93	93	5.423567585746075E-5	1	1	147	231	0	14	T
G4_BC76_191109_LF_LIB_consensus_vsearch	2641	T	Y	383	16	3.94%	2	1	93	93	1.3089247338748483E-5	1	1	148	235	0	16	C
G4_BC76_191109_LF_LIB_consensus_vsearch	2646	T	Y	392	7	1.74%	2	2	93	93	0.007607942959128091	1	1	144	248	1	6	C
G4_BC76_191109_LF_LIB_consensus_vsearch	2651	T	Y	372	7	1.82%	2	2	93	93	0.007597206160798333	1	1	144	228	1	6	C
G4_BC76_191109_LF_LIB_consensus_vsearch	2655	C	Y	378	16	3.93%	2	2	93	93	1.3063283572416325E-5	1	1	141	237	7	9	T
G4_BC76_191109_LF_LIB_consensus_vsearch	2663	C	Y	373	18	4.49%	2	2	93	93	3.122747183773151E-6	1	1	139	234	2	16	T
G4_BC76_191109_LF_LIB_consensus_vsearch	2669	T	Y	380	10	2.48%	2	2	93	93	9.211599279939985E-4	1	1	146	234	1	9	C
G4_BC76_191109_LF_LIB_consensus_vsearch	2670	A	R	384	11	2.74%	2	2	93	93	4.5501547153779163E-4	1	1	138	246	5	6	G
G4_BC76_191109_LF_LIB_consensus_vsearch	2672	C	M	380	7	1.72%	2	1	93	93	0.007601633344865528	1	1	148	232	0	7	A
G4_BC76_191109_LF_LIB_consensus_vsearch	2673	G	R	385	13	3.21%	2	2	93	93	1.1050267709682812E-4	1	1	145	240	3	10	A
G4_BC76_191109_LF_LIB_consensus_vsearch	2674	C	Y	373	18	4.47%	2	2	93	93	3.122747183773151E-6	1	1	142	231	2	16	T
G4_BC76_191109_LF_LIB_consensus_vsearch	2679	G	R	44	92	22.77%	2	2	93	93	5.631049110455162E-39	1	1	31	13	51	41	A
G4_BC76_191109_LF_LIB_consensus_vsearch	2693	A	R	391	10	2.46%	2	2	93	93	9.226547240173711E-4	1	1	139	252	7	3	G
G4_BC76_191109_LF_LIB_consensus_vsearch	2695	C	Y	389	15	3.69%	2	2	93	93	2.6734915394337705E-5	1	1	144	245	2	13	T
G4_BC76_191109_LF_LIB_consensus_vsearch	2706	G	R	382	8	2.03%	2	1	93	93	0.0037671973936205536	1	1	134	248	8	0	A
G4_BC76_191109_LF_LIB_consensus_vsearch	2707	G	R	381	23	5.68%	2	1	93	93	8.637937525117628E-8	1	1	126	255	23	0	A
G4_BC76_191109_LF_LIB_consensus_vsearch	2709	T	Y	389	15	3.7%	2	1	93	93	2.6734915394337705E-5	1	1	149	240	0	15	C
G4_BC76_191109_LF_LIB_consensus_vsearch	2718	T	Y	371	14	3.5%	2	1	93	93	5.4117244811276506E-5	1	1	141	230	0	14	C
G4_BC76_191109_LF_LIB_consensus_vsearch	2730	T	Y	380	8	2.05%	2	2	93	93	0.003766486715388715	1	1	141	239	1	7	C
G4_BC76_191109_LF_LIB_consensus_vsearch	2734	G	R	326	20	5.65%	2	2	93	93	7.1892347744872E-7	1	1	129	197	19	1	A
G4_BC76_191109_LF_LIB_consensus_vsearch	2739	A	R	374	7	1.79%	2	2	93	93	0.007598330292913895	1	1	139	235	4	3	+T
G4_BC76_191109_LF_LIB_consensus_vsearch	2740	A	W	343	17	4.21%	2	1	93	93	6.2881804723387425E-6	1	1	143	200	0	17	T
G4_BC76_191109_LF_LIB_consensus_vsearch	2744	C	Y	376	7	1.74%	2	2	93	93	0.007599442747600996	1	1	146	230	1	6	+T
G4_BC76_191109_LF_LIB_consensus_vsearch	2745	T	Y	367	16	4.01%	2	2	93	93	1.3003921666510645E-5	1	1	146	221	1	15	C
G4_BC76_191109_LF_LIB_consensus_vsearch	2746	A	R	387	11	2.72%	2	2	93	93	4.5526079174589983E-4	1	1	141	246	7	4	G
G4_BC76_191109_LF_LIB_consensus_vsearch	2749	G	R	362	15	3.85%	2	2	93	93	2.647778278892089E-5	1	1	127	235	13	2	A
G4_BC76_191109_LF_LIB_consensus_vsearch	2750	G	R	374	12	2.99%	2	2	93	93	2.2384550798854884E-4	1	1	140	234	7	5	A
G4_BC76_191109_LF_LIB_consensus_vsearch	2750	G	S	374	10	2.49%	2	1	93	93	9.203091175437465E-4	1	1	140	234	0	10	A
G4_BC76_191109_LF_LIB_consensus_vsearch	2751	G	K	378	9	2.22%	2	2	93	93	0.0018633978545959287	1	1	140	238	8	1	-TG
G4_BC76_191109_LF_LIB_consensus_vsearch	2758	G	R	384	12	2.96%	2	1	93	93	2.2434391137769687E-4	1	1	142	242	0	12	A
G4_BC76_191109_LF_LIB_consensus_vsearch	2760	C	Y	375	7	1.73%	2	1	93	93	0.007598887968539548	1	1	145	230	0	7	-T
G4_BC76_191109_LF_LIB_consensus_vsearch	2766	G	R	378	11	2.79%	2	2	93	93	4.5451373534606624E-4	1	1	135	243	10	1	A
G4_BC76_191109_LF_LIB_consensus_vsearch	2767	G	R	364	8	1.97%	2	2	93	93	0.003760528653296498	1	1	137	227	5	3	A
G4_BC76_191109_LF_LIB_consensus_vsearch	2767	G	S	364	23	5.65%	2	1	93	93	8.512923632334715E-8	1	1	137	227	0	23	C
G4_BC76_191109_LF_LIB_consensus_vsearch	2769	T	Y	387	7	1.73%	2	1	93	93	0.007605360418658285	1	1	147	240	0	7	C
G4_BC76_191109_LF_LIB_consensus_vsearch	2773	C	Y	46	21	5.54%	2	1	93	93	7.420301758044857E-8	1	1	15	31	0	21	-T
G4_BC76_191109_LF_LIB_consensus_vsearch	2781	T	Y	390	9	2.22%	2	2	93	93	0.0018660638404102402	1	1	141	249	3	6	C
G4_BC76_191109_LF_LIB_consensus_vsearch	2782	A	R	375	7	1.73%	2	2	93	93	0.007598887968539548	1	1	138	237	6	1	-C
G4_BC76_191109_LF_LIB_consensus_vsearch	2787	T	Y	364	7	1.74%	2	2	93	93	0.007592589101619866	1	1	126	238	5	2	-G
G4_BC76_191109_LF_LIB_consensus_vsearch	2788	G	K	313	11	2.78%	2	1	93	93	4.4791936292805796E-4	1	1	143	170	0	11	+A
G4_BC76_191109_LF_LIB_consensus_vsearch	2790	A	R	305	19	4.67%	2	1	93	93	1.4535822830637354E-6	1	1	119	186	19	0	+C
G4_BC76_191109_LF_LIB_consensus_vsearch	2792	A	R	297	83	20.54%	2	2	93	93	6.724812312179041E-28	1	1	119	178	11	72	G
G4_BC76_191109_LF_LIB_consensus_vsearch	2795	C	S	366	11	2.7%	2	2	93	93	4.534634661352225E-4	1	1	142	224	4	7	-G
G4_BC76_191109_LF_LIB_consensus_vsearch	2800	G	R	362	8	2.11%	2	2	93	93	0.003759747990644719	1	1	139	223	5	3	A
G4_BC76_191109_LF_LIB_consensus_vsearch	2803	T	Y	388	16	3.95%	2	1	93	93	1.3114605407806796E-5	1	1	145	243	0	16	C
G4_BC76_191109_LF_LIB_consensus_vsearch	2811	G	R	311	10	3.03%	2	2	93	93	9.09495348801856E-4	1	1	138	173	8	2	A
G4_BC76_191109_LF_LIB_consensus_vsearch	2812	G	R	371	12	3.12%	2	2	93	93	2.236910591562848E-4	1	1	147	224	1	11	A
G4_BC76_191109_LF_LIB_consensus_vsearch	2813	G	R	371	30	7.37%	2	2	93	93	5.30257233806281E-10	1	1	143	228	3	27	A
G4_BC76_191109_LF_LIB_consensus_vsearch	2815	C	Y	394	7	1.73%	2	2	93	93	0.007608958034696689	1	1	145	249	1	6	T
G4_BC76_191109_LF_LIB_consensus_vsearch	2819	A	R	377	7	1.74%	2	2	93	93	0.007599994652592844	1	1	142	235	5	2	+G
G4_BC76_191109_LF_LIB_consensus_vsearch	2827	C	Y	396	9	2.22%	2	1	93	93	0.0018673383028544072	1	1	148	248	0	9	T
G4_BC76_191109_LF_LIB_consensus_vsearch	2829	T	Y	391	13	3.19%	2	1	93	93	1.1066876939038198E-4	1	1	147	244	0	13	C
G4_BC76_191109_LF_LIB_consensus_vsearch	2835	T	Y	389	7	1.74%	2	2	93	93	0.0076064012202881484	1	1	145	244	1	6	+C
G4_BC76_191109_LF_LIB_consensus_vsearch	2838	G	R	385	11	2.75%	2	2	93	93	4.550976487942495E-4	1	1	135	250	10	1	A
G4_BC76_191109_LF_LIB_consensus_vsearch	2841	T	Y	392	8	1.98%	2	2	93	93	0.0037706450711110975	1	1	144	248	2	6	C
G4_BC76_191109_LF_LIB_consensus_vsearch	2848	G	R	331	13	3.67%	2	2	93	93	1.0875750416273054E-4	1	1	137	194	11	2	A
G4_BC76_191109_LF_LIB_consensus_vsearch	2849	G	R	386	7	1.76%	2	2	93	93	0.0076048360660226225	1	1	143	243	3	4	A
G4_BC76_191109_LF_LIB_consensus_vsearch	2852	A	R	391	7	1.74%	2	2	93	93	0.007607431615374521	1	1	139	252	6	1	G
G4_BC76_191109_LF_LIB_consensus_vsearch	2854	T	Y	390	8	1.98%	2	2	93	93	0.0037699692796093966	1	1	146	244	2	6	C
G4_BC76_191109_LF_LIB_consensus_vsearch	2856	T	Y	381	17	4.24%	2	1	93	93	6.407855928137532E-6	1	1	148	233	0	17	C
G4_BC76_191109_LF_LIB_consensus_vsearch	2859	T	Y	359	24	6.14%	2	2	93	93	4.109779394937169E-8	1	1	119	240	15	9	C
G4_BC76_191109_LF_LIB_consensus_vsearch	2860	A	R	386	7	1.76%	2	2	93	93	0.0076048360660226225	1	1	139	247	4	3	G
G4_BC76_191109_LF_LIB_consensus_vsearch	2861	G	R	378	9	2.24%	2	1	93	93	0.0018633978545959287	1	1	133	245	9	0	A
G4_BC76_191109_LF_LIB_consensus_vsearch	2867	G	R	383	9	2.27%	2	2	93	93	0.001864528271344425	1	1	139	244	7	2	A
G4_BC76_191109_LF_LIB_consensus_vsearch	2869	T	Y	367	31	7.69%	2	2	93	93	2.536237544568906E-10	1	1	144	223	2	29	C
G4_BC76_191109_LF_LIB_consensus_vsearch	2872	C	Y	376	16	3.99%	2	1	93	93	1.3052723597432312E-5	1	1	144	232	0	16	T
G4_BC76_191109_LF_LIB_consensus_vsearch	2873	T	Y	379	10	2.5%	2	2	93	93	9.21019917535404E-4	1	1	144	235	3	7	C
G4_BC76_191109_LF_LIB_consensus_vsearch	2882	T	Y	373	14	3.53%	2	2	93	93	5.415150063894175E-5	1	1	145	228	1	13	C
G4_BC76_191109_LF_LIB_consensus_vsearch	2884	C	Y	386	9	2.22%	2	1	93	93	0.0018651929543866046	1	1	148	238	0	9	T
G4_BC76_191109_LF_LIB_consensus_vsearch	2901	G	R	331	40	10.61%	2	1	93	93	2.994608669172783E-13	1	1	104	227	40	0	A
G4_BC76_191109_LF_LIB_consensus_vsearch	2909	T	W	373	19	4.71%	2	2	93	93	1.5254799460974752E-6	1	1	144	229	1	18	A
G4_BC76_191109_LF_LIB_consensus_vsearch	2913	C	Y	375	26	6.37%	2	2	93	93	9.804283000189345E-9	1	1	146	229	1	25	T
G4_BC76_191109_LF_LIB_consensus_vsearch	2924	C	Y	394	11	2.7%	2	2	93	93	4.5581937785957034E-4	1	1	146	248	2	9	T
G4_BC76_191109_LF_LIB_consensus_vsearch	2942	A	R	377	7	1.82%	2	2	93	93	0.007599994652592844	1	1	131	246	1	6	G
G4_BC76_191109_LF_LIB_consensus_vsearch	2944	G	K	366	7	1.84%	2	1	93	93	0.007593761831616585	1	1	123	243	0	7	T
G4_BC76_191109_LF_LIB_consensus_vsearch	2948	T	Y	372	8	2.06%	2	2	93	93	0.003763569850402068	1	1	140	232	1	7	C
G4_BC76_191109_LF_LIB_consensus_vsearch	2957	C	Y	389	10	2.48%	2	1	93	93	9.223889705434762E-4	1	1	144	245	0	10	T
G4_BC76_191109_LF_LIB_consensus_vsearch	2977	T	K	354	13	3.5%	2	1	93	93	1.0956125007602598E-4	1	1	102	252	13	0	G
G4_BC76_191109_LF_LIB_consensus_vsearch	2985	T	Y	279	28	7.24%	2	1	93	93	1.9550341958734926E-9	1	1	148	131	0	28	-G
G4_BC76_191109_LF_LIB_consensus_vsearch	2986	G	S	305	20	6.04%	2	1	93	93	7.05513742935678E-7	1	1	148	157	0	20	C
G4_BC76_191109_LF_LIB_consensus_vsearch	2993	T	W	376	10	2.46%	2	1	93	93	9.205956089622115E-4	1	1	142	234	0	10	A
G4_BC76_191109_LF_LIB_consensus_vsearch	2993	T	Y	376	11	2.71%	2	2	93	93	4.5434311102034934E-4	1	1	142	234	4	7	C
G4_BC76_191109_LF_LIB_consensus_vsearch	2996	C	Y	365	9	2.26%	2	2	93	93	0.001860319163569236	1	1	133	232	1	8	+G
G4_BC76_191109_LF_LIB_consensus_vsearch	2998	A	R	388	7	1.76%	2	2	93	93	0.007605882130108492	1	1	133	255	6	1	G
G4_BC76_191109_LF_LIB_consensus_vsearch	3020	T	Y	331	11	3.18%	2	2	93	93	4.499900004081131E-4	1	1	140	191	4	7	C
G4_BC76_191109_LF_LIB_consensus_vsearch	3021	T	W	375	9	2.24%	2	1	93	93	0.001862705653908663	1	1	142	233	0	9	A
G4_BC76_191109_LF_LIB_consensus_vsearch	3023	T	W	353	9	2.34%	2	2	93	93	0.0018572836808082116	1	1	134	219	1	8	A
G4_BC76_191109_LF_LIB_consensus_vsearch	3023	T	Y	353	10	2.6%	2	2	93	93	9.171138727297223E-4	1	1	134	219	3	7	C
G4_BC76_191109_LF_LIB_consensus_vsearch	3024	G	R	364	9	2.37%	2	2	93	93	0.0018600735687751945	1	1	131	233	4	5	A
G4_BC76_191109_LF_LIB_consensus_vsearch	3034	C	Y	381	16	3.93%	2	1	93	93	1.307893571981294E-5	1	1	144	237	0	16	T
G4_BC76_191109_LF_LIB_consensus_vsearch	3040	C	Y	389	12	2.96%	2	1	93	93	2.245840498305788E-4	1	1	144	245	0	12	T
G4_BC76_191109_LF_LIB_consensus_vsearch	3044	T	Y	391	10	2.48%	2	2	93	93	9.226547240173711E-4	1	1	143	248	4	6	C
G4_BC76_191109_LF_LIB_consensus_vsearch	3051	A	R	351	10	2.54%	2	2	93	93	9.167905354483148E-4	1	1	102	249	3	7	-G
G4_BC76_191109_LF_LIB_consensus_vsearch	3059	C	Y	385	12	2.97%	2	2	93	93	2.2439240943114192E-4	1	1	145	240	2	10	T
G4_BC76_191109_LF_LIB_consensus_vsearch	3061	T	Y	381	12	2.97%	2	2	93	93	2.2419697823514463E-4	1	1	144	237	2	10	C
G4_BC76_191109_LF_LIB_consensus_vsearch	3063	T	Y	378	10	2.51%	2	2	93	93	9.208791978192084E-4	1	1	142	236	3	7	C
G4_BC76_191109_LF_LIB_consensus_vsearch	3064	A	R	386	7	1.74%	2	2	93	93	0.0076048360660226225	1	1	135	251	5	2	G
G4_BC76_191109_LF_LIB_consensus_vsearch	3065	C	Y	377	13	3.23%	2	2	93	93	1.1027355068065241E-4	1	1	140	237	1	12	T
G4_BC76_191109_LF_LIB_consensus_vsearch	3066	G	R	366	26	6.52%	2	2	93	93	9.70733079567718E-9	1	1	118	248	25	1	A
G4_BC76_191109_LF_LIB_consensus_vsearch	3069	G	R	394	7	1.72%	2	2	93	93	0.007608958034696689	1	1	143	251	5	2	A
G4_BC76_191109_LF_LIB_consensus_vsearch	3075	C	Y	346	35	8.58%	2	2	93	93	1.2841652684323611E-11	1	1	144	202	1	34	T
G4_BC76_191109_LF_LIB_consensus_vsearch	3096	C	Y	323	15	3.68%	2	2	93	93	2.6038080031327808E-5	1	1	143	180	2	13	-G
G4_BC76_191109_LF_LIB_consensus_vsearch	3097	G	R	329	12	3.47%	2	2	93	93	2.212527302735519E-4	1	1	136	193	11	1	A
G4_BC76_191109_LF_LIB_consensus_vsearch	3098	G	K	359	14	3.62%	2	2	93	93	5.390433933988049E-5	1	1	135	224	1	13	T
G4_BC76_191109_LF_LIB_consensus_vsearch	3100	T	Y	306	33	8.29%	2	2	93	93	5.135941276725105E-11	1	1	98	208	1	32	C
G4_BC76_191109_LF_LIB_consensus_vsearch	3102	A	R	375	8	1.99%	2	1	93	93	0.003764677830168862	1	1	140	235	0	8	-G
G4_BC76_191109_LF_LIB_consensus_vsearch	3107	A	R	378	8	2.03%	2	2	93	93	0.00376576873622069	1	1	145	233	2	6	G
G4_BC76_191109_LF_LIB_consensus_vsearch	3111	C	Y	388	9	2.21%	2	2	93	93	0.0018656305641170923	1	1	142	246	1	8	T
G4_BC76_191109_LF_LIB_consensus_vsearch	3112	A	R	386	7	1.73%	2	2	93	93	0.0076048360660226225	1	1	143	243	5	2	G
G4_BC76_191109_LF_LIB_consensus_vsearch	3112	A	W	386	7	1.73%	2	1	93	93	0.0076048360660226225	1	1	143	243	0	7	G
G4_BC76_191109_LF_LIB_consensus_vsearch	3114	T	Y	379	10	2.49%	2	1	93	93	9.21019917535404E-4	1	1	145	234	0	10	C
G4_BC76_191109_LF_LIB_consensus_vsearch	3124	G	R	383	8	2%	2	2	93	93	0.0037675500295774327	1	1	136	247	4	4	A
G4_BC76_191109_LF_LIB_consensus_vsearch	3134	T	Y	372	9	2.26%	2	1	93	93	0.00186200269208392	1	1	141	231	0	9	C
G4_BC76_191109_LF_LIB_consensus_vsearch	3136	T	Y	364	18	4.51%	2	2	93	93	3.1077101688596113E-6	1	1	134	230	3	15	C
G4_BC76_191109_LF_LIB_consensus_vsearch	3137	A	R	366	16	4.03%	2	2	93	93	1.2998365918939041E-5	1	1	130	236	8	8	G
G4_BC76_191109_LF_LIB_consensus_vsearch	3139	C	Y	378	12	3.01%	2	2	93	93	2.2404784900264377E-4	1	1	136	242	2	10	T
G4_BC76_191109_LF_LIB_consensus_vsearch	3142	T	Y	376	18	4.47%	2	2	93	93	3.127618879946835E-6	1	1	144	232	2	16	C
G4_BC76_191109_LF_LIB_consensus_vsearch	3143	T	Y	383	9	2.23%	2	1	93	93	0.001864528271344425	1	1	147	236	0	9	-C
G4_BC76_191109_LF_LIB_consensus_vsearch	3150	T	Y	331	8	2.29%	2	1	93	93	0.0037464814144769596	1	1	144	187	0	8	C
G4_BC76_191109_LF_LIB_consensus_vsearch	3156	T	Y	364	32	7.94%	2	2	93	93	1.2125824794487306E-10	1	1	145	219	2	30	C
G4_BC76_191109_LF_LIB_consensus_vsearch	3162	G	R	380	9	2.23%	2	2	93	93	0.0018638534646934156	1	1	130	250	5	4	-CG
G4_BC76_191109_LF_LIB_consensus_vsearch	3170	T	Y	360	8	1.99%	2	2	93	93	0.0037589589194791835	1	1	142	218	2	6	-GG
G4_BC76_191109_LF_LIB_consensus_vsearch	3174	T	Y	365	35	8.68%	2	2	93	93	1.3374328460372275E-11	1	1	146	219	1	34	C
G4_BC76_191109_LF_LIB_consensus_vsearch	3179	G	R	390	7	1.74%	2	2	93	93	0.007606917708857565	1	1	147	243	2	5	A
G4_BC76_191109_LF_LIB_consensus_vsearch	3191	T	Y	380	11	2.79%	2	2	93	93	4.546826533185083E-4	1	1	144	236	2	9	C
G4_BC76_191109_LF_LIB_consensus_vsearch	3199	C	Y	379	20	4.93%	2	1	93	93	7.47128900641539E-7	1	1	145	234	0	20	T
G4_BC76_191109_LF_LIB_consensus_vsearch	3200	G	R	372	8	1.96%	2	2	93	93	0.003763569850402068	1	1	140	232	7	1	+T
G4_BC76_191109_LF_LIB_consensus_vsearch	3203	T	Y	358	8	2.09%	2	2	93	93	0.003758161303215178	1	1	140	218	2	6	-A
G4_BC76_191109_LF_LIB_consensus_vsearch	3206	T	Y	385	13	3.19%	2	2	93	93	1.1050267709682812E-4	1	1	144	241	1	12	C
G4_BC76_191109_LF_LIB_consensus_vsearch	3209	C	Y	385	7	1.75%	2	2	93	93	0.007604309052101333	1	1	139	246	1	6	T
G4_BC76_191109_LF_LIB_consensus_vsearch	3227	C	Y	247	119	32.43%	2	2	93	93	1.4994019283131345E-41	1	1	108	139	40	79	T
G4_BC76_191109_LF_LIB_consensus_vsearch	3228	C	Y	361	13	3.39%	2	1	93	93	1.0978697048549478E-4	1	1	148	213	0	13	T
G4_BC76_191109_LF_LIB_consensus_vsearch	3229	C	Y	360	10	2.6%	2	1	93	93	9.182185248776328E-4	1	1	149	211	0	10	-T
G4_BC76_191109_LF_LIB_consensus_vsearch	3230	T	Y	380	10	2.53%	2	1	93	93	9.211599279939985E-4	1	1	146	234	0	10	C
G4_BC76_191109_LF_LIB_consensus_vsearch	3239	C	Y	388	7	1.74%	2	2	93	93	0.007605882130108492	1	1	143	245	1	6	T
G4_BC76_191109_LF_LIB_consensus_vsearch	3241	G	R	392	7	1.72%	2	1	93	93	0.007607942959128091	1	1	146	246	0	7	A
G4_BC76_191109_LF_LIB_consensus_vsearch	3242	C	S	339	41	10.2%	2	1	93	93	1.4539580303922012E-13	1	1	146	193	0	41	G
G4_BC76_191109_LF_LIB_consensus_vsearch	3242	C	Y	339	12	2.99%	2	1	93	93	2.2188453181032854E-4	1	1	146	193	0	12	G
G4_BC76_191109_LF_LIB_consensus_vsearch	3246	C	Y	366	12	3.17%	2	2	93	93	2.234283568245827E-4	1	1	130	236	7	5	T
G4_BC76_191109_LF_LIB_consensus_vsearch	3247	C	Y	385	16	3.93%	2	1	93	93	1.3099462057416885E-5	1	1	149	236	0	16	T
G4_BC76_191109_LF_LIB_consensus_vsearch	3259	A	R	388	8	1.98%	2	2	93	93	0.0037692867193449852	1	1	138	250	6	2	G
G4_BC76_191109_LF_LIB_consensus_vsearch	3261	T	Y	389	7	1.75%	2	1	93	93	0.0076064012202881484	1	1	141	248	0	7	C
G4_BC76_191109_LF_LIB_consensus_vsearch	3264	C	Y	377	11	2.74%	2	2	93	93	4.544286380884945E-4	1	1	135	242	1	10	T
G4_BC76_191109_LF_LIB_consensus_vsearch	3269	C	Y	376	10	2.48%	2	1	93	93	9.205956089622115E-4	1	1	144	232	0	10	T
G4_BC76_191109_LF_LIB_consensus_vsearch	3270	G	R	359	23	5.81%	2	2	93	93	8.474342957223857E-8	1	1	119	240	22	1	A
G4_BC76_191109_LF_LIB_consensus_vsearch	3273	A	R	388	9	2.23%	2	2	93	93	0.0018656305641170923	1	1	135	253	8	1	G
G4_BC76_191109_LF_LIB_consensus_vsearch	3275	A	R	383	8	2%	2	2	93	93	0.0037675500295774327	1	1	130	253	6	2	G
G4_BC76_191109_LF_LIB_consensus_vsearch	3286	A	R	324	10	2.48%	2	2	93	93	9.120540902472859E-4	1	1	133	191	7	3	-G
G4_BC76_191109_LF_LIB_consensus_vsearch	3289	C	Y	387	9	2.25%	2	1	93	93	0.0018654123049784304	1	1	145	242	0	9	T
G4_BC76_191109_LF_LIB_consensus_vsearch	3295	G	R	332	32	8.7%	2	2	93	93	1.1419833450431916E-10	1	1	116	216	29	3	A
G4_BC76_191109_LF_LIB_consensus_vsearch	3296	G	R	384	10	2.53%	2	2	93	93	9.217129834227815E-4	1	1	142	242	7	3	A
G4_BC76_191109_LF_LIB_consensus_vsearch	3297	G	R	392	15	3.68%	2	2	93	93	2.6761482303826905E-5	1	1	148	244	1	14	A
G4_BC76_191109_LF_LIB_consensus_vsearch	3298	G	R	397	7	1.72%	2	2	93	93	0.00761046189928152	1	1	146	251	1	6	A
G4_BC76_191109_LF_LIB_consensus_vsearch	3299	C	Y	390	7	1.73%	2	2	93	93	0.007606917708857565	1	1	146	244	1	6	T
G4_BC76_191109_LF_LIB_consensus_vsearch	3300	C	Y	396	9	2.21%	2	2	93	93	0.0018673383028544072	1	1	148	248	1	8	T
G4_BC76_191109_LF_LIB_consensus_vsearch	3304	A	R	378	11	2.74%	2	2	93	93	4.5451373534606624E-4	1	1	138	240	7	4	G
G4_BC76_191109_LF_LIB_consensus_vsearch	3310	T	Y	368	10	2.55%	2	2	93	93	9.194317755037062E-4	1	1	140	228	1	9	C
G4_BC76_191109_LF_LIB_consensus_vsearch	3329	C	Y	363	11	2.72%	2	1	93	93	4.5319061514943347E-4	1	1	129	234	0	11	T
G4_BC76_191109_LF_LIB_consensus_vsearch	3333	T	K	385	16	3.98%	2	1	93	93	1.3099462057416885E-5	1	1	129	256	16	0	G
G4_BC76_191109_LF_LIB_consensus_vsearch	3336	C	Y	378	21	5.19%	2	2	93	93	3.6396125108305166E-7	1	1	147	231	1	20	T
G4_BC76_191109_LF_LIB_consensus_vsearch	3338	T	Y	389	9	2.23%	2	2	93	93	0.0018658477399051397	1	1	146	243	1	8	C
G4_BC76_191109_LF_LIB_consensus_vsearch	3350	C	Y	388	7	1.72%	2	1	93	93	0.007605882130108492	1	1	147	241	0	7	T
G4_BC76_191109_LF_LIB_consensus_vsearch	3353	T	W	382	10	2.49%	2	2	93	93	9.214378424824657E-4	1	1	139	243	2	8	A
G4_BC76_191109_LF_LIB_consensus_vsearch	3361	T	Y	367	8	2.06%	2	2	93	93	0.0037616841729398503	1	1	127	240	4	4	C
G4_BC76_191109_LF_LIB_consensus_vsearch	3386	G	R	375	7	1.75%	2	1	93	93	0.007598887968539548	1	1	124	251	7	0	A
G4_BC76_191109_LF_LIB_consensus_vsearch	3386	G	S	375	9	2.25%	2	1	93	93	0.001862705653908663	1	1	124	251	9	0	C
G4_BC76_191109_LF_LIB_consensus_vsearch	3388	A	R	368	8	2.07%	2	2	93	93	0.003762065284927124	1	1	134	234	4	4	G
G4_BC76_191109_LF_LIB_consensus_vsearch	3391	T	Y	333	13	3.42%	2	1	93	93	1.0883146805374691E-4	1	1	141	192	0	13	-G
G4_BC76_191109_LF_LIB_consensus_vsearch	3395	C	Y	382	13	3.21%	2	1	93	93	1.1041780449831012E-4	1	1	141	241	0	13	T
G4_BC76_191109_LF_LIB_consensus_vsearch	3403	G	R	310	10	3.04%	2	1	93	93	9.092900924742661E-4	1	1	133	177	10	0	A
G4_BC76_191109_LF_LIB_consensus_vsearch	3405	T	Y	303	46	12.01%	2	1	93	93	2.905229193224223E-15	1	1	142	161	0	46	C
G4_BC76_191109_LF_LIB_consensus_vsearch	3406	A	M	368	13	3.37%	2	1	93	93	1.1000469648005649E-4	1	1	147	221	0	13	C
G4_BC76_191109_LF_LIB_consensus_vsearch	3408	G	R	380	7	1.77%	2	2	93	93	0.007601633344865528	1	1	139	241	6	1	A
G4_BC76_191109_LF_LIB_consensus_vsearch	3409	C	S	386	7	1.75%	2	1	93	93	0.0076048360660226225	1	1	147	239	0	7	G
G4_BC76_191109_LF_LIB_consensus_vsearch	3410	A	W	385	9	2.25%	2	2	93	93	0.001864972504119446	1	1	145	240	1	8	T
G4_BC76_191109_LF_LIB_consensus_vsearch	3415	T	Y	379	11	2.76%	2	2	93	93	4.5459840602315744E-4	1	1	140	239	3	8	C
G4_BC76_191109_LF_LIB_consensus_vsearch	3424	G	R	248	38	12.06%	2	2	93	93	9.754080080158818E-13	1	1	101	147	35	3	A
G4_BC76_191109_LF_LIB_consensus_vsearch	3424	G	K	248	14	4.44%	2	1	93	93	5.106875368908258E-5	1	1	101	147	0	14	A
G4_BC76_191109_LF_LIB_consensus_vsearch	3425	G	R	390	8	1.98%	2	1	93	93	0.0037699692796093966	1	1	137	253	8	0	A
G4_BC76_191109_LF_LIB_consensus_vsearch	3428	T	Y	394	9	2.22%	2	2	93	93	0.0018669176476072253	1	1	144	250	2	7	C
G4_BC76_191109_LF_LIB_consensus_vsearch	3431	A	R	389	14	3.44%	2	2	93	93	5.441381266881181E-5	1	1	136	253	11	3	G
G4_BC76_191109_LF_LIB_consensus_vsearch	3440	C	Y	386	12	2.95%	2	2	93	93	2.244406705806723E-4	1	1	147	239	1	11	T
G4_BC76_191109_LF_LIB_consensus_vsearch	3445	T	Y	347	9	2.33%	2	2	93	93	0.0018556902533252112	1	1	121	226	1	8	-A
G4_BC76_191109_LF_LIB_consensus_vsearch	3454	T	Y	366	11	2.81%	2	1	93	93	4.534634661352225E-4	1	1	143	223	0	11	C
G4_BC76_191109_LF_LIB_consensus_vsearch	3456	A	R	388	10	2.49%	2	2	93	93	9.222551090526941E-4	1	1	143	245	3	7	G
G4_BC76_191109_LF_LIB_consensus_vsearch	3458	T	Y	394	7	1.73%	2	1	93	93	0.007608958034696689	1	1	147	247	0	7	C
G4_BC76_191109_LF_LIB_consensus_vsearch	3460	T	Y	368	11	2.85%	2	1	93	93	4.536430226559371E-4	1	1	143	225	0	11	C
G4_BC76_191109_LF_LIB_consensus_vsearch	3461	A	R	347	7	1.73%	2	1	93	93	0.007582088979764471	1	1	137	210	7	0	-G
G4_BC76_191109_LF_LIB_consensus_vsearch	3486	G	R	389	10	2.49%	2	2	93	93	9.223889705434762E-4	1	1	137	252	7	3	A
G4_BC76_191109_LF_LIB_consensus_vsearch	3490	G	R	371	19	4.76%	2	2	93	93	1.5236904962679662E-6	1	1	123	248	17	2	A
G4_BC76_191109_LF_LIB_consensus_vsearch	3498	C	Y	387	10	2.47%	2	1	93	93	9.221205845541368E-4	1	1	145	242	0	10	T
G4_BC76_191109_LF_LIB_consensus_vsearch	3506	C	Y	385	10	2.46%	2	1	93	93	9.218495267512253E-4	1	1	148	237	0	10	T
G4_BC76_191109_LF_LIB_consensus_vsearch	3511	G	R	389	8	1.99%	2	1	93	93	0.0037696288519149155	1	1	148	241	0	8	A
G4_BC76_191109_LF_LIB_consensus_vsearch	3512	C	Y	390	7	1.74%	2	1	93	93	0.007606917708857565	1	1	149	241	0	7	T
G4_BC76_191109_LF_LIB_consensus_vsearch	3513	C	Y	369	27	6.63%	2	1	93	93	4.709947320642096E-9	1	1	145	224	0	27	T
G4_BC76_191109_LF_LIB_consensus_vsearch	3514	A	R	379	9	2.25%	2	2	93	93	0.001863626239388145	1	1	141	238	3	6	G
G4_BC76_191109_LF_LIB_consensus_vsearch	3515	T	Y	338	7	1.76%	2	2	93	93	0.007576113653235487	1	1	124	214	1	6	-G
G4_BC76_191109_LF_LIB_consensus_vsearch	3520	G	R	375	7	1.79%	2	1	93	93	0.007598887968539548	1	1	129	246	7	0	A
G4_BC76_191109_LF_LIB_consensus_vsearch	3525	C	Y	396	8	1.98%	2	1	93	93	0.0037719767465882576	1	1	146	250	0	8	T
G4_BC76_191109_LF_LIB_consensus_vsearch	3532	T	Y	373	13	3.23%	2	1	93	93	1.1015555261551726E-4	1	1	137	236	0	13	C
G4_BC76_191109_LF_LIB_consensus_vsearch	3537	A	R	370	16	4.04%	2	2	93	93	1.3020426605057041E-5	1	1	122	248	14	2	G
G4_BC76_191109_LF_LIB_consensus_vsearch	3538	G	K	375	12	3.06%	2	1	93	93	2.2389647410688774E-4	1	1	126	249	12	0	T
G4_BC76_191109_LF_LIB_consensus_vsearch	3539	T	Y	377	16	3.97%	2	2	93	93	1.3058016225586293E-5	1	1	142	235	2	14	C
G4_BC76_191109_LF_LIB_consensus_vsearch	3540	G	R	389	8	2%	2	1	93	93	0.0037696288519149155	1	1	140	249	8	0	A
G4_BC76_191109_LF_LIB_consensus_vsearch	3545	A	R	394	8	1.97%	2	2	93	93	0.0037713141940397903	1	1	145	249	3	5	G
G4_BC76_191109_LF_LIB_consensus_vsearch	3546	C	Y	372	12	2.96%	2	2	93	93	2.2374280247256466E-4	1	1	140	232	1	11	T
G4_BC76_191109_LF_LIB_consensus_vsearch	3548	A	R	380	7	1.75%	2	2	93	93	0.007601633344865528	1	1	136	244	6	1	G
G4_BC76_191109_LF_LIB_consensus_vsearch	3551	T	Y	357	14	3.67%	2	1	93	93	5.386757614476661E-5	1	1	117	240	0	14	C
G4_BC76_191109_LF_LIB_consensus_vsearch	3552	A	R	392	7	1.73%	2	2	93	93	0.007607942959128091	1	1	135	257	5	2	G
G4_BC76_191109_LF_LIB_consensus_vsearch	3555	T	Y	339	52	13.07%	2	2	93	93	3.609583791365759E-17	1	1	141	198	3	49	C
G4_BC76_191109_LF_LIB_consensus_vsearch	3573	T	Y	374	20	4.95%	2	1	93	93	7.447591948950539E-7	1	1	148	226	0	20	C
G4_BC76_191109_LF_LIB_consensus_vsearch	3584	G	R	392	8	1.98%	2	1	93	93	0.0037706450711110975	1	1	139	253	8	0	A
G4_BC76_191109_LF_LIB_consensus_vsearch	3592	A	R	364	7	1.81%	2	2	93	93	0.007592589101619866	1	1	139	225	4	3	G
G4_BC76_191109_LF_LIB_consensus_vsearch	3594	C	Y	365	8	2.03%	2	1	93	93	0.0037609158733080306	1	1	134	231	0	8	+T
G4_BC76_191109_LF_LIB_consensus_vsearch	3595	C	Y	366	9	2.22%	2	1	93	93	0.0018605634655903113	1	1	142	224	0	9	-T
G4_BC76_191109_LF_LIB_consensus_vsearch	3596	T	Y	339	22	5.8%	2	2	93	93	1.714363075667261E-7	1	1	141	198	2	20	C
G4_BC76_191109_LF_LIB_consensus_vsearch	3597	A	R	380	15	3.74%	2	2	93	93	2.6652914497861675E-5	1	1	131	249	12	3	G
G4_BC76_191109_LF_LIB_consensus_vsearch	3602	C	Y	386	9	2.22%	2	2	93	93	0.0018651929543866046	1	1	145	241	1	8	T
G4_BC76_191109_LF_LIB_consensus_vsearch	3607	C	Y	366	9	2.3%	2	2	93	93	0.0018605634655903113	1	1	138	228	1	8	T
G4_BC76_191109_LF_LIB_consensus_vsearch	3609	T	Y	373	8	2.03%	2	2	93	93	0.0037639410987491528	1	1	143	230	2	6	C
G4_BC76_191109_LF_LIB_consensus_vsearch	3614	C	Y	388	11	2.71%	2	1	93	93	4.5534176337797E-4	1	1	147	241	0	11	T
G4_BC76_191109_LF_LIB_consensus_vsearch	3621	G	R	384	7	1.78%	2	2	93	93	0.007603779356567615	1	1	141	243	6	1	A
G4_BC76_191109_LF_LIB_consensus_vsearch	3623	C	Y	382	14	3.46%	2	1	93	93	5.430154987343997E-5	1	1	146	236	0	14	T
G4_BC76_191109_LF_LIB_consensus_vsearch	3628	C	Y	364	22	5.41%	2	2	93	93	1.752460710463997E-7	1	1	146	218	1	21	T
G4_BC76_191109_LF_LIB_consensus_vsearch	3638	T	Y	369	11	2.76%	2	1	93	93	4.537321085165141E-4	1	1	127	242	0	11	C
G4_BC76_191109_LF_LIB_consensus_vsearch	3639	A	R	331	9	2.26%	2	2	93	93	0.0018511701245308928	1	1	115	216	8	1	-G
G4_BC76_191109_LF_LIB_consensus_vsearch	3644	G	R	362	8	2.05%	2	1	93	93	0.003759747990644719	1	1	108	254	8	0	+A
G4_BC76_191109_LF_LIB_consensus_vsearch	3645	G	R	382	11	2.74%	2	1	93	93	4.548498903980809E-4	1	1	131	251	11	0	A
G4_BC76_191109_LF_LIB_consensus_vsearch	3654	T	Y	396	7	1.73%	2	1	93	93	0.007609963086240239	1	1	147	249	0	7	C
G4_BC76_191109_LF_LIB_consensus_vsearch	3662	C	Y	372	27	6.65%	2	1	93	93	4.726782820473113E-9	1	1	146	226	0	27	T
G4_BC76_191109_LF_LIB_consensus_vsearch	3671	C	Y	367	22	5.66%	2	1	93	93	1.75674578621761E-7	1	1	147	220	0	22	T
G4_BC76_191109_LF_LIB_consensus_vsearch	3673	G	K	370	16	4.15%	2	1	93	93	1.3020426605057041E-5	1	1	149	221	0	16	T
G4_BC76_191109_LF_LIB_consensus_vsearch	3697	G	R	354	29	7.16%	2	2	93	93	1.0739595384188928E-9	1	1	114	240	28	1	A
G4_BC76_191109_LF_LIB_consensus_vsearch	3700	T	Y	376	8	2.02%	2	1	93	93	0.0037650433430064176	1	1	147	229	0	8	C
G4_BC76_191109_LF_LIB_consensus_vsearch	3703	A	R	362	36	8.87%	2	2	93	93	6.353587133281144E-12	1	1	113	249	33	3	G
G4_BC76_191109_LF_LIB_consensus_vsearch	3706	G	R	380	15	3.7%	2	2	93	93	2.6652914497861675E-5	1	1	126	254	14	1	A
G4_BC76_191109_LF_LIB_consensus_vsearch	3717	T	Y	373	9	2.28%	2	1	93	93	0.0018622382238204073	1	1	148	225	0	9	C
G4_BC76_191109_LF_LIB_consensus_vsearch	3718	G	R	380	10	2.54%	2	2	93	93	9.211599279939985E-4	1	1	144	236	4	6	A
G4_BC76_191109_LF_LIB_consensus_vsearch	3721	A	R	363	29	7.34%	2	2	93	93	1.0881487866993488E-9	1	1	117	246	27	2	G
G4_BC76_191109_LF_LIB_consensus_vsearch	3724	A	R	389	7	1.74%	2	1	93	93	0.0076064012202881484	1	1	138	251	7	0	G
G4_BC76_191109_LF_LIB_consensus_vsearch	3726	C	Y	351	8	1.99%	2	1	93	93	0.0037553003112147276	1	1	135	216	0	8	-A
G4_BC76_191109_LF_LIB_consensus_vsearch	3730	T	Y	392	10	2.46%	2	2	93	93	9.227866256324819E-4	1	1	145	247	2	8	C
G4_BC76_191109_LF_LIB_consensus_vsearch	3737	G	R	384	13	3.21%	2	2	93	93	1.1047452382467976E-4	1	1	142	242	3	10	A
G4_BC76_191109_LF_LIB_consensus_vsearch	3738	T	W	384	13	3.19%	2	1	93	93	1.1047452382467976E-4	1	1	148	236	0	13	A
G4_BC76_191109_LF_LIB_consensus_vsearch	3739	G	R	384	9	2.22%	2	2	93	93	0.0018647509458963453	1	1	141	243	4	5	A
G4_BC76_191109_LF_LIB_consensus_vsearch	3740	C	Y	371	8	2.02%	2	1	93	93	0.0037631966602129988	1	1	134	237	0	8	T
G4_BC76_191109_LF_LIB_consensus_vsearch	3742	A	R	391	7	1.74%	2	2	93	93	0.007607431615374521	1	1	140	251	3	4	G
G4_BC76_191109_LF_LIB_consensus_vsearch	3744	C	S	390	7	1.75%	2	1	93	93	0.007606917708857565	1	1	136	254	7	0	G
G4_BC76_191109_LF_LIB_consensus_vsearch	3746	G	R	346	22	5.87%	2	2	93	93	1.725481335683033E-7	1	1	119	227	21	1	A
G4_BC76_191109_LF_LIB_consensus_vsearch	3753	C	Y	389	11	2.73%	2	1	93	93	4.554223390235558E-4	1	1	147	242	0	11	T
G4_BC76_191109_LF_LIB_consensus_vsearch	3773	T	Y	364	10	2.6%	2	1	93	93	9.188315219247524E-4	1	1	143	221	0	10	C
G4_BC76_191109_LF_LIB_consensus_vsearch	3776	C	Y	381	10	2.48%	2	1	93	93	9.212992345460898E-4	1	1	144	237	0	10	T
G4_BC76_191109_LF_LIB_consensus_vsearch	3778	T	Y	386	9	2.22%	2	2	93	93	0.0018651929543866046	1	1	141	245	3	6	C
G4_BC76_191109_LF_LIB_consensus_vsearch	3781	C	Y	390	8	1.97%	2	1	93	93	0.0037699692796093966	1	1	144	246	0	8	T
G4_BC76_191109_LF_LIB_consensus_vsearch	3787	G	R	389	7	1.75%	2	2	93	93	0.0076064012202881484	1	1	140	249	5	2	A
G4_BC76_191109_LF_LIB_consensus_vsearch	3792	C	Y	333	13	3.19%	2	2	93	93	1.0883146805374691E-4	1	1	129	204	1	12	T
G4_BC76_191109_LF_LIB_consensus_vsearch	3793	G	R	356	7	1.92%	2	1	93	93	0.007587769685234888	1	1	126	230	7	0	A
G4_BC76_191109_LF_LIB_consensus_vsearch	3794	G	R	373	10	2.6%	2	2	93	93	9.201647694189105E-4	1	1	132	241	9	1	A
G4_BC76_191109_LF_LIB_consensus_vsearch	3795	G	R	386	7	1.75%	2	2	93	93	0.0076048360660226225	1	1	140	246	2	5	A
G4_BC76_191109_LF_LIB_consensus_vsearch	3797	T	Y	375	10	2.48%	2	2	93	93	9.204527288502928E-4	1	1	137	238	2	8	C
G4_BC76_191109_LF_LIB_consensus_vsearch	3806	C	Y	317	10	2.87%	2	1	93	93	9.107010665572475E-4	1	1	95	222	0	10	+T
G4_BC76_191109_LF_LIB_consensus_vsearch	3810	A	R	359	9	2.28%	2	2	93	93	0.0018588258393011697	1	1	145	214	2	7	G
G4_BC76_191109_LF_LIB_consensus_vsearch	3810	A	W	359	20	5.06%	2	1	93	93	7.373142498379733E-7	1	1	145	214	0	20	T
G4_BC76_191109_LF_LIB_consensus_vsearch	3812	C	Y	358	11	2.86%	2	2	93	93	4.52726239014979E-4	1	1	142	216	1	10	T
G4_BC76_191109_LF_LIB_consensus_vsearch	3813	G	R	367	7	1.84%	2	2	93	93	0.0075943435189384555	1	1	140	227	6	1	A
G4_BC76_191109_LF_LIB_consensus_vsearch	3815	T	Y	387	12	2.98%	2	2	93	93	2.2448869655710964E-4	1	1	143	244	2	10	C
G4_BC76_191109_LF_LIB_consensus_vsearch	3820	T	Y	377	16	3.97%	2	1	93	93	1.3058016225586293E-5	1	1	143	234	0	16	C
G4_BC76_191109_LF_LIB_consensus_vsearch	3822	A	R	394	7	1.74%	2	1	93	93	0.007608958034696689	1	1	139	255	7	0	G
G4_BC76_191109_LF_LIB_consensus_vsearch	3826	C	Y	322	13	3.21%	2	1	93	93	1.0841418786432788E-4	1	1	81	241	0	13	T
G4_BC76_191109_LF_LIB_consensus_vsearch	3828	T	W	316	15	4.17%	2	1	93	93	2.594884873672003E-5	1	1	69	247	15	0	A
G4_BC76_191109_LF_LIB_consensus_vsearch	3836	A	M	305	9	2.48%	2	1	93	93	0.0018428577550388455	1	1	139	166	0	9	+T
G4_BC76_191109_LF_LIB_consensus_vsearch	3836	A	R	305	15	4.13%	2	2	93	93	2.5801231658812913E-5	1	1	139	166	2	13	G
G4_BC76_191109_LF_LIB_consensus_vsearch	3836	A	W	305	13	3.58%	2	1	93	93	1.0771498192928485E-4	1	1	139	166	0	13	G
G4_BC76_191109_LF_LIB_consensus_vsearch	3837	A	M	335	9	2.33%	2	1	93	93	0.0018523390154232843	1	1	145	190	0	9	-G
G4_BC76_191109_LF_LIB_consensus_vsearch	3837	A	R	335	12	3.1%	2	1	93	93	2.2163604035931107E-4	1	1	145	190	0	12	G
G4_BC76_191109_LF_LIB_consensus_vsearch	3837	A	W	335	8	2.07%	2	1	93	93	0.0037483266674446895	1	1	145	190	0	8	G
G4_BC76_191109_LF_LIB_consensus_vsearch	3838	G	K	324	35	9.41%	2	1	93	93	1.2182261649920363E-11	1	1	143	181	0	35	T
G4_BC76_191109_LF_LIB_consensus_vsearch	3840	C	Y	348	13	3.49%	2	1	93	93	1.0936107380339226E-4	1	1	146	202	0	13	T
G4_BC76_191109_LF_LIB_consensus_vsearch	3844	T	Y	364	8	2.04%	2	2	93	93	0.003760528653296498	1	1	136	228	1	7	C
G4_BC76_191109_LF_LIB_consensus_vsearch	3846	T	W	368	7	1.8%	2	1	93	93	0.007594922120899784	1	1	139	229	0	7	A
G4_BC76_191109_LF_LIB_consensus_vsearch	3850	C	Y	349	7	1.89%	2	2	93	93	0.007583376037704121	1	1	131	218	1	6	T
G4_BC76_191109_LF_LIB_consensus_vsearch	3851	G	R	349	10	2.74%	2	2	93	93	9.164636628305845E-4	1	1	126	223	8	2	A
G4_BC76_191109_LF_LIB_consensus_vsearch	3855	T	W	334	8	2.29%	2	2	93	93	0.003747869361231707	1	1	133	201	7	1	A
G4_BC76_191109_LF_LIB_consensus_vsearch	3858	G	R	368	8	1.97%	2	1	93	93	0.003762065284927124	1	1	138	230	0	8	+T
G4_BC76_191109_LF_LIB_consensus_vsearch	3859	C	Y	370	18	4.58%	2	1	93	93	3.117806163061259E-6	1	1	139	231	0	18	T
G4_BC76_191109_LF_LIB_consensus_vsearch	3860	C	M	364	16	3.98%	2	1	93	93	1.2987172071727063E-5	1	1	146	218	0	16	A
G4_BC76_191109_LF_LIB_consensus_vsearch	3860	C	Y	364	17	4.23%	2	1	93	93	6.357058602775765E-6	1	1	146	218	0	17	T
G4_BC76_191109_LF_LIB_consensus_vsearch	3862	C	Y	372	28	6.93%	2	2	93	93	2.283527119779282E-9	1	1	145	227	2	26	T
G4_BC76_191109_LF_LIB_consensus_vsearch	3863	T	Y	387	8	1.97%	2	2	93	93	0.0037689428690762675	1	1	148	239	1	7	+G
G4_BC76_191109_LF_LIB_consensus_vsearch	3866	A	R	380	8	2.05%	2	2	93	93	0.003766486715388715	1	1	142	238	1	7	G
G4_BC76_191109_LF_LIB_consensus_vsearch	3870	G	R	360	10	2.48%	2	2	93	93	9.182185248776328E-4	1	1	132	228	3	7	-AA
G4_BC76_191109_LF_LIB_consensus_vsearch	3872	A	R	383	8	2.04%	2	2	93	93	0.0037675500295774327	1	1	142	241	3	5	G
G4_BC76_191109_LF_LIB_consensus_vsearch	3873	A	W	384	10	2.48%	2	1	93	93	9.217129834227815E-4	1	1	142	242	0	10	T
G4_BC76_191109_LF_LIB_consensus_vsearch	3879	T	Y	320	34	8.61%	2	2	93	93	2.5328950347770452E-11	1	1	113	207	2	32	C
G4_BC76_191109_LF_LIB_consensus_vsearch	3887	G	R	386	10	2.53%	2	2	93	93	9.219853921161506E-4	1	1	142	244	7	3	A
G4_BC76_191109_LF_LIB_consensus_vsearch	3890	T	Y	377	15	3.74%	2	2	93	93	2.662478633010287E-5	1	1	140	237	1	14	C
G4_BC76_191109_LF_LIB_consensus_vsearch	3891	A	R	389	7	1.74%	2	1	93	93	0.0076064012202881484	1	1	139	250	7	0	G
G4_BC76_191109_LF_LIB_consensus_vsearch	3894	A	R	396	7	1.72%	2	2	93	93	0.007609963086240239	1	1	141	255	6	1	G
G4_BC76_191109_LF_LIB_consensus_vsearch	3914	G	R	378	16	4.06%	2	2	93	93	1.3063283572416325E-5	1	1	131	247	14	2	A
G4_BC76_191109_LF_LIB_consensus_vsearch	3918	A	R	391	10	2.45%	2	2	93	93	9.226547240173711E-4	1	1	134	257	9	1	G
G4_BC76_191109_LF_LIB_consensus_vsearch	3922	T	Y	382	7	1.75%	2	2	93	93	0.0076027118384171	1	1	142	240	1	6	+G
G4_BC76_191109_LF_LIB_consensus_vsearch	3924	A	R	387	7	1.72%	2	2	93	93	0.007605360418658285	1	1	139	248	5	2	G
G4_BC76_191109_LF_LIB_consensus_vsearch	3926	T	Y	376	9	2.29%	2	2	93	93	0.00186293757088788	1	1	136	240	3	6	C
G4_BC76_191109_LF_LIB_consensus_vsearch	3931	C	Y	330	41	10.1%	2	2	93	93	1.4119878482839466E-13	1	1	126	204	2	39	T
G4_BC76_191109_LF_LIB_consensus_vsearch	3932	A	R	348	14	3.73%	2	2	93	93	5.369734605836364E-5	1	1	125	223	4	10	G
G4_BC76_191109_LF_LIB_consensus_vsearch	3932	A	W	348	7	1.87%	2	1	93	93	0.007582734311001454	1	1	125	223	0	7	G
G4_BC76_191109_LF_LIB_consensus_vsearch	3933	A	R	280	18	4.52%	2	2	93	93	2.9280717209573538E-6	1	1	126	154	3	15	-G
G4_BC76_191109_LF_LIB_consensus_vsearch	3935	G	S	383	9	2.23%	2	1	93	93	0.001864528271344425	1	1	149	234	0	9	C
G4_BC76_191109_LF_LIB_consensus_vsearch	3939	G	R	387	9	2.24%	2	2	93	93	0.0018654123049784304	1	1	137	250	8	1	A
G4_BC76_191109_LF_LIB_consensus_vsearch	3941	T	Y	384	7	1.75%	2	2	93	93	0.007603779356567615	1	1	144	240	1	6	C
G4_BC76_191109_LF_LIB_consensus_vsearch	3947	A	R	309	10	2.5%	2	2	93	93	9.090835764411413E-4	1	1	137	172	9	1	-G
G4_BC76_191109_LF_LIB_consensus_vsearch	3952	C	Y	387	7	1.72%	2	2	93	93	0.007605360418658285	1	1	144	243	1	6	+G
G4_BC76_191109_LF_LIB_consensus_vsearch	3963	T	Y	376	12	2.98%	2	2	93	93	2.2394718504488464E-4	1	1	148	228	1	11	C
G4_BC76_191109_LF_LIB_consensus_vsearch	3972	G	R	383	15	3.69%	2	1	93	93	2.6680639716138052E-5	1	1	146	237	0	15	A
G4_BC76_191109_LF_LIB_consensus_vsearch	3973	T	Y	380	14	3.44%	2	2	93	93	5.426877300342222E-5	1	1	145	235	2	12	C
G4_BC76_191109_LF_LIB_consensus_vsearch	3975	G	S	380	11	2.72%	2	2	93	93	4.546826533185083E-4	1	1	135	245	10	1	C
G4_BC76_191109_LF_LIB_consensus_vsearch	3976	C	Y	361	8	1.99%	2	1	93	93	0.0037593545145918465	1	1	147	214	0	8	-A
G4_BC76_191109_LF_LIB_consensus_vsearch	3979	T	Y	379	20	4.99%	2	1	93	93	7.47128900641539E-7	1	1	148	231	0	20	C
G4_BC76_191109_LF_LIB_consensus_vsearch	3985	T	Y	393	7	1.72%	2	2	93	93	0.007608451759263046	1	1	141	252	2	5	C
G4_BC76_191109_LF_LIB_consensus_vsearch	3987	A	R	375	12	2.95%	2	2	93	93	2.2389647410688774E-4	1	1	130	245	10	2	-G
G4_BC76_191109_LF_LIB_consensus_vsearch	4000	G	R	373	17	4.27%	2	1	93	93	6.384464791951477E-6	1	1	125	248	17	0	A
G4_BC76_191109_LF_LIB_consensus_vsearch	4006	C	Y	365	19	4.76%	2	1	93	93	1.518220570262078E-6	1	1	142	223	0	19	T
G4_BC76_191109_LF_LIB_consensus_vsearch	4021	T	Y	385	11	2.73%	2	2	93	93	4.550976487942495E-4	1	1	147	238	2	9	C
G4_BC76_191109_LF_LIB_consensus_vsearch	4028	T	Y	388	9	2.23%	2	1	93	93	0.0018656305641170923	1	1	146	242	0	9	C
G4_BC76_191109_LF_LIB_consensus_vsearch	4031	G	R	311	13	3.93%	2	1	93	93	1.0796978097540301E-4	1	1	63	248	13	0	A
G4_BC76_191109_LF_LIB_consensus_vsearch	4034	G	R	373	10	2.55%	2	1	93	93	9.201647694189105E-4	1	1	121	252	10	0	A
G4_BC76_191109_LF_LIB_consensus_vsearch	4038	C	Y	381	7	1.76%	2	2	93	93	0.007602173974125566	1	1	137	244	1	6	+T
G4_BC76_191109_LF_LIB_consensus_vsearch	4040	T	Y	355	16	4.1%	2	1	93	93	1.293539985828286E-5	1	1	133	222	0	16	C
G4_BC76_191109_LF_LIB_consensus_vsearch	4042	G	K	381	8	2%	2	1	93	93	0.003766842960150322	1	1	137	244	8	0	T
G4_BC76_191109_LF_LIB_consensus_vsearch	4043	T	Y	383	8	2.02%	2	1	93	93	0.0037675500295774327	1	1	145	238	0	8	C
G4_BC76_191109_LF_LIB_consensus_vsearch	4046	G	R	359	7	1.87%	2	2	93	93	0.007589601517637295	1	1	144	215	1	6	A
G4_BC76_191109_LF_LIB_consensus_vsearch	4052	T	W	382	11	2.74%	2	2	93	93	4.548498903980809E-4	1	1	141	241	1	10	A
G4_BC76_191109_LF_LIB_consensus_vsearch	4075	A	R	375	14	3.44%	2	1	93	93	5.41854192901933E-5	1	1	130	245	14	0	G
G4_BC76_191109_LF_LIB_consensus_vsearch	4080	G	R	375	18	4.52%	2	2	93	93	3.1260025940381716E-6	1	1	129	246	15	3	A
G4_BC76_191109_LF_LIB_consensus_vsearch	4082	T	W	370	15	3.77%	2	1	93	93	2.6557536805524368E-5	1	1	144	226	0	15	A
G4_BC76_191109_LF_LIB_consensus_vsearch	4087	A	R	372	12	3.02%	2	2	93	93	2.2374280247256466E-4	1	1	136	236	3	9	G
G4_BC76_191109_LF_LIB_consensus_vsearch	4088	C	Y	378	7	1.74%	2	2	93	93	0.007600543705812317	1	1	139	239	3	4	+T
G4_BC76_191109_LF_LIB_consensus_vsearch	4089	A	R	389	7	1.75%	2	1	93	93	0.0076064012202881484	1	1	135	254	7	0	G
G4_BC76_191109_LF_LIB_consensus_vsearch	4090	A	R	375	15	3.69%	2	2	93	93	2.6605806005741526E-5	1	1	129	246	14	1	G
G4_BC76_191109_LF_LIB_consensus_vsearch	4092	T	Y	378	14	3.51%	2	2	93	93	5.423567585746075E-5	1	1	143	235	1	13	C
G4_BC76_191109_LF_LIB_consensus_vsearch	4093	A	R	381	7	1.74%	2	2	93	93	0.007602173974125566	1	1	132	249	4	3	G
G4_BC76_191109_LF_LIB_consensus_vsearch	4093	A	W	381	8	1.99%	2	1	93	93	0.003766842960150322	1	1	132	249	8	0	T
G4_BC76_191109_LF_LIB_consensus_vsearch	4098	C	Y	389	12	2.94%	2	2	93	93	2.245840498305788E-4	1	1	146	243	1	11	T
G4_BC76_191109_LF_LIB_consensus_vsearch	4107	T	Y	395	8	1.99%	2	1	93	93	0.00377164628554966	1	1	149	246	0	8	C
G4_BC76_191109_LF_LIB_consensus_vsearch	4113	T	Y	386	10	2.49%	2	1	93	93	9.219853921161506E-4	1	1	149	237	0	10	C
G4_BC76_191109_LF_LIB_consensus_vsearch	4114	A	R	393	8	1.97%	2	2	93	93	0.003770980459969231	1	1	143	250	6	2	G
G4_BC76_191109_LF_LIB_consensus_vsearch	4121	A	R	391	7	1.72%	2	2	93	93	0.007607431615374521	1	1	138	253	3	4	G
G4_BC76_191109_LF_LIB_consensus_vsearch	4124	G	R	382	10	2.51%	2	2	93	93	9.214378424824657E-4	1	1	132	250	9	1	A
G4_BC76_191109_LF_LIB_consensus_vsearch	4137	T	Y	377	9	2.23%	2	2	93	93	0.0018631683014264863	1	1	136	241	2	7	C
G4_BC76_191109_LF_LIB_consensus_vsearch	4138	A	R	363	11	2.7%	2	1	93	93	4.5319061514943347E-4	1	1	133	230	11	0	G
G4_BC76_191109_LF_LIB_consensus_vsearch	4148	C	M	383	9	2.27%	2	1	93	93	0.001864528271344425	1	1	146	237	0	9	A
G4_BC76_191109_LF_LIB_consensus_vsearch	4152	T	Y	369	7	1.8%	2	2	93	93	0.007595497661975396	1	1	138	231	1	6	C
G4_BC76_191109_LF_LIB_consensus_vsearch	4153	A	R	389	10	2.48%	2	2	93	93	9.223889705434762E-4	1	1	139	250	7	3	G
G4_BC76_191109_LF_LIB_consensus_vsearch	4167	A	M	396	8	1.96%	2	2	93	93	0.0037719767465882576	1	1	146	250	1	7	C
G4_BC76_191109_LF_LIB_consensus_vsearch	4171	G	R	328	16	4.58%	2	2	93	93	1.2764926855016624E-5	1	1	130	198	13	3	A
G4_BC76_191109_LF_LIB_consensus_vsearch	4174	T	Y	339	9	2.26%	2	2	93	93	0.0018534814134889795	1	1	122	217	3	6	-A
G4_BC76_191109_LF_LIB_consensus_vsearch	4175	A	R	351	11	2.98%	2	2	93	93	4.5205508421492045E-4	1	1	126	225	5	6	G
G4_BC76_191109_LF_LIB_consensus_vsearch	4176	A	M	271	9	2.26%	2	1	93	93	0.0018296992578368018	1	1	81	190	0	9	C
G4_BC76_191109_LF_LIB_consensus_vsearch	4176	A	R	271	8	2.01%	2	2	93	93	0.0037125295286029917	1	1	81	190	3	5	C
G4_BC76_191109_LF_LIB_consensus_vsearch	4177	G	K	279	9	2.92%	2	1	93	93	0.0018330701083030451	1	1	87	192	0	9	T
G4_BC76_191109_LF_LIB_consensus_vsearch	4183	T	Y	395	9	2.22%	2	2	93	93	0.0018671284895574335	1	1	148	247	1	8	C
G4_BC76_191109_LF_LIB_consensus_vsearch	4185	G	R	379	17	4.25%	2	1	93	93	6.402090713768902E-6	1	1	131	248	17	0	A
G4_BC76_191109_LF_LIB_consensus_vsearch	4186	G	R	389	7	1.73%	2	2	93	93	0.0076064012202881484	1	1	143	246	3	4	A
G4_BC76_191109_LF_LIB_consensus_vsearch	4193	A	R	379	20	4.93%	2	2	93	93	7.47128900641539E-7	1	1	136	243	12	8	G
G4_BC76_191109_LF_LIB_consensus_vsearch	4198	C	Y	377	10	2.45%	2	1	93	93	9.207377634483318E-4	1	1	147	230	0	10	T
G4_BC76_191109_LF_LIB_consensus_vsearch	4205	T	Y	364	8	2.04%	2	1	93	93	0.003760528653296498	1	1	130	234	0	8	+G
G4_BC76_191109_LF_LIB_consensus_vsearch	4213	G	R	336	37	9.74%	2	2	93	93	2.8447417073364575E-12	1	1	117	219	19	18	A
G4_BC76_191109_LF_LIB_consensus_vsearch	4214	G	R	379	25	6.13%	2	2	93	93	2.032043082814734E-8	1	1	141	238	6	19	A
G4_BC76_191109_LF_LIB_consensus_vsearch	4222	C	Y	380	9	2.23%	2	1	93	93	0.0018638534646934156	1	1	142	238	0	9	T
G4_BC76_191109_LF_LIB_consensus_vsearch	4230	T	Y	379	13	3.2%	2	2	93	93	1.1033167832753745E-4	1	1	144	235	1	12	C
G4_BC76_191109_LF_LIB_consensus_vsearch	4238	T	Y	353	34	8.56%	2	2	93	93	2.728023726267249E-11	1	1	138	215	1	33	C
G4_BC76_191109_LF_LIB_consensus_vsearch	4241	T	Y	380	9	2.24%	2	2	93	93	0.0018638534646934156	1	1	143	237	1	8	+G
G4_BC76_191109_LF_LIB_consensus_vsearch	4246	G	R	306	17	5.04%	2	2	93	93	6.14684795518175E-6	1	1	85	221	16	1	A
G4_BC76_191109_LF_LIB_consensus_vsearch	4247	G	R	385	14	3.5%	2	2	93	93	5.435012474528051E-5	1	1	134	251	12	2	A
G4_BC76_191109_LF_LIB_consensus_vsearch	4254	A	R	376	8	1.98%	2	2	93	93	0.0037650433430064176	1	1	139	237	6	2	+TT
G4_BC76_191109_LF_LIB_consensus_vsearch	4255	C	Y	374	16	3.94%	2	1	93	93	1.3042061767525985E-5	1	1	142	232	0	16	T
G4_BC76_191109_LF_LIB_consensus_vsearch	4256	G	R	383	10	2.49%	2	2	93	93	9.215757570452482E-4	1	1	133	250	9	1	A
G4_BC76_191109_LF_LIB_consensus_vsearch	4258	C	Y	373	11	2.72%	2	1	93	93	4.5408391815452684E-4	1	1	142	231	0	11	+A
G4_BC76_191109_LF_LIB_consensus_vsearch	4260	C	Y	354	18	4.46%	2	1	93	93	3.0902200199808705E-6	1	1	139	215	0	18	-T
G4_BC76_191109_LF_LIB_consensus_vsearch	4262	T	K	381	7	1.74%	2	1	93	93	0.007602173974125566	1	1	141	240	0	7	G
G4_BC76_191109_LF_LIB_consensus_vsearch	4267	C	Y	381	7	1.73%	2	1	93	93	0.007602173974125566	1	1	145	236	0	7	-G
G4_BC76_191109_LF_LIB_consensus_vsearch	4268	G	R	381	8	2.03%	2	2	93	93	0.003766842960150322	1	1	138	243	5	3	A
G4_BC76_191109_LF_LIB_consensus_vsearch	4279	G	R	358	15	3.98%	2	2	93	93	2.6436691015052886E-5	1	1	136	222	11	4	A
G4_BC76_191109_LF_LIB_consensus_vsearch	4283	G	R	298	51	14.09%	2	1	93	93	6.186247139556543E-17	1	1	90	208	51	0	A
G4_BC76_191109_LF_LIB_consensus_vsearch	4284	G	R	387	9	2.23%	2	1	93	93	0.0018654123049784304	1	1	136	251	9	0	A
G4_BC76_191109_LF_LIB_consensus_vsearch	4289	T	Y	380	10	2.49%	2	2	93	93	9.211599279939985E-4	1	1	138	242	3	7	C
G4_BC76_191109_LF_LIB_consensus_vsearch	4293	C	Y	367	10	2.51%	2	1	93	93	9.192828850276177E-4	1	1	134	233	0	10	T
G4_BC76_191109_LF_LIB_consensus_vsearch	4297	C	Y	365	16	4%	2	1	93	93	1.2992782788164772E-5	1	1	131	234	0	16	T
G4_BC76_191109_LF_LIB_consensus_vsearch	4301	C	Y	346	7	1.73%	2	1	93	93	0.007581440013514741	1	1	143	203	0	7	-T
G4_BC76_191109_LF_LIB_consensus_vsearch	4310	C	Y	379	8	1.99%	2	2	93	93	0.0037661286454389806	1	1	146	233	1	7	+TC
G4_BC76_191109_LF_LIB_consensus_vsearch	4318	G	R	371	23	5.76%	2	2	93	93	8.56552316708921E-8	1	1	124	247	22	1	A
G4_BC76_191109_LF_LIB_consensus_vsearch	4321	A	R	378	18	4.42%	2	2	93	93	3.130828878088153E-6	1	1	132	246	12	6	G
G4_BC76_191109_LF_LIB_consensus_vsearch	4325	T	Y	390	7	1.74%	2	2	93	93	0.007606917708857565	1	1	140	250	3	4	C
G4_BC76_191109_LF_LIB_consensus_vsearch	4331	G	R	383	13	3.23%	2	2	93	93	1.104462332935663E-4	1	1	131	252	11	2	A
G4_BC76_191109_LF_LIB_consensus_vsearch	4334	G	R	383	10	2.49%	2	2	93	93	9.215757570452482E-4	1	1	130	253	9	1	A
G4_BC76_191109_LF_LIB_consensus_vsearch	4350	C	Y	379	14	3.47%	2	1	93	93	5.425226475721076E-5	1	1	142	237	0	14	T
G4_BC76_191109_LF_LIB_consensus_vsearch	4352	C	Y	362	7	1.75%	2	2	93	93	0.007591403729743198	1	1	138	224	2	5	-G
G4_BC76_191109_LF_LIB_consensus_vsearch	4359	G	R	290	17	5.31%	2	2	93	93	6.076109907771699E-6	1	1	77	213	12	5	A
G4_BC76_191109_LF_LIB_consensus_vsearch	4360	G	R	391	7	1.75%	2	2	93	93	0.007607431615374521	1	1	138	253	6	1	A
G4_BC76_191109_LF_LIB_consensus_vsearch	4365	T	Y	386	8	2.01%	2	2	93	93	0.003768597288121233	1	1	143	243	4	4	C
G4_BC76_191109_LF_LIB_consensus_vsearch	4367	T	Y	318	64	16.24%	2	2	93	93	3.037303993492796E-21	1	1	111	207	25	39	C
