Chrom	Position	Ref	Cons	Reads1	Reads2	VarFreq	Strands1	Strands2	Qual1	Qual2	Pvalue	MapQual1	MapQual2	Reads1Plus	Reads1Minus	Reads2Plus	Reads2Minus	VarAllele
G9_BC81_191109_LF_LIB_consensus_vsearch	22	A	R	655	8	1.19%	2	2	93	93	0.003824170076316906	1	1	537	118	5	3	G
G9_BC81_191109_LF_LIB_consensus_vsearch	28	C	Y	649	12	1.78%	2	2	93	93	2.3214943863242353E-4	1	1	538	111	3	9	T
G9_BC81_191109_LF_LIB_consensus_vsearch	35	G	K	659	10	1.48%	2	1	93	93	9.44037302205177E-4	1	1	534	125	10	0	T
G9_BC81_191109_LF_LIB_consensus_vsearch	47	A	R	662	10	1.48%	2	2	93	93	9.441810882382281E-4	1	1	544	118	6	4	G
G9_BC81_191109_LF_LIB_consensus_vsearch	58	A	R	560	12	2.07%	2	2	93	93	2.3031898910607474E-4	1	1	520	40	8	4	G
G9_BC81_191109_LF_LIB_consensus_vsearch	59	A	R	578	13	1.93%	2	2	93	93	1.1419423177491619E-4	1	1	532	46	6	7	-G
G9_BC81_191109_LF_LIB_consensus_vsearch	60	G	K	586	13	2.13%	2	1	93	93	1.1429707523026712E-4	1	1	528	58	13	0	T
G9_BC81_191109_LF_LIB_consensus_vsearch	61	T	Y	634	19	2.84%	2	2	93	93	1.6701176048670511E-6	1	1	532	102	5	14	C
G9_BC81_191109_LF_LIB_consensus_vsearch	64	A	R	649	16	2.38%	2	2	93	93	1.39274833179092E-5	1	1	527	122	15	1	G
G9_BC81_191109_LF_LIB_consensus_vsearch	66	A	R	559	7	1.13%	2	2	93	93	0.007668082173792139	1	1	472	87	5	2	-C
G9_BC81_191109_LF_LIB_consensus_vsearch	68	C	Y	646	11	1.64%	2	2	93	93	4.6810705974950764E-4	1	1	540	106	1	10	T
G9_BC81_191109_LF_LIB_consensus_vsearch	69	G	K	628	36	5.39%	2	1	93	93	8.937303584959896E-12	1	1	549	79	0	36	T
G9_BC81_191109_LF_LIB_consensus_vsearch	74	C	M	643	10	1.51%	2	1	93	93	9.432483563647963E-4	1	1	522	121	10	0	A
G9_BC81_191109_LF_LIB_consensus_vsearch	75	C	Y	616	14	2.07%	2	2	93	93	5.673800135975473E-5	1	1	497	119	10	4	+A
G9_BC81_191109_LF_LIB_consensus_vsearch	76	G	R	633	8	1.2%	2	1	93	93	0.003821367381659358	1	1	510	123	8	0	+A
G9_BC81_191109_LF_LIB_consensus_vsearch	79	G	R	649	16	2.39%	2	1	93	93	1.39274833179092E-5	1	1	529	120	16	0	A
G9_BC81_191109_LF_LIB_consensus_vsearch	81	A	R	651	7	1.05%	2	1	93	93	0.007688212384386832	1	1	528	123	7	0	G
G9_BC81_191109_LF_LIB_consensus_vsearch	82	G	R	648	7	1.05%	2	1	93	93	0.007687644880936083	1	1	531	117	7	0	A
G9_BC81_191109_LF_LIB_consensus_vsearch	87	A	R	648	10	1.49%	2	2	93	93	9.434989821044166E-4	1	1	535	113	6	4	G
G9_BC81_191109_LF_LIB_consensus_vsearch	88	G	R	630	26	3.88%	2	2	93	93	1.157444031286644E-8	1	1	516	114	24	2	A
G9_BC81_191109_LF_LIB_consensus_vsearch	105	T	Y	642	11	1.64%	2	2	93	93	4.679851027335887E-4	1	1	532	110	5	6	C
G9_BC81_191109_LF_LIB_consensus_vsearch	121	G	R	635	27	4.04%	2	1	93	93	5.684555677217994E-9	1	1	515	120	27	0	A
G9_BC81_191109_LF_LIB_consensus_vsearch	122	G	K	643	18	2.66%	2	1	93	93	3.392514860913231E-6	1	1	519	124	18	0	T
G9_BC81_191109_LF_LIB_consensus_vsearch	123	T	Y	663	11	1.63%	2	2	93	93	4.686094352243864E-4	1	1	549	114	2	9	C
G9_BC81_191109_LF_LIB_consensus_vsearch	133	A	R	661	13	1.92%	2	1	93	93	1.1514489314702678E-4	1	1	538	123	13	0	G
G9_BC81_191109_LF_LIB_consensus_vsearch	149	T	K	635	11	1.67%	2	1	93	93	4.677680925038414E-4	1	1	517	118	11	0	G
G9_BC81_191109_LF_LIB_consensus_vsearch	150	T	Y	643	19	2.81%	2	2	93	93	1.673179098073564E-6	1	1	528	115	16	3	C
G9_BC81_191109_LF_LIB_consensus_vsearch	153	A	R	650	9	1.33%	2	2	93	93	0.0019001618307603737	1	1	544	106	8	1	-C
G9_BC81_191109_LF_LIB_consensus_vsearch	158	A	R	652	16	2.37%	2	1	93	93	1.3933261963587587E-5	1	1	526	126	16	0	G
G9_BC81_191109_LF_LIB_consensus_vsearch	159	G	R	659	12	1.78%	2	1	93	93	2.3232525946294575E-4	1	1	534	125	12	0	A
G9_BC81_191109_LF_LIB_consensus_vsearch	161	A	R	657	7	1.03%	2	2	93	93	0.007689332054127551	1	1	533	124	6	1	G
G9_BC81_191109_LF_LIB_consensus_vsearch	161	A	W	657	7	1.03%	2	1	93	93	0.007689332054127551	1	1	533	124	7	0	G
G9_BC81_191109_LF_LIB_consensus_vsearch	166	A	R	652	8	1.2%	2	1	93	93	0.0038237988380035006	1	1	526	126	8	0	G
G9_BC81_191109_LF_LIB_consensus_vsearch	170	C	Y	661	8	1.18%	2	1	93	93	0.00382490261371978	1	1	539	122	8	0	T
G9_BC81_191109_LF_LIB_consensus_vsearch	176	A	R	601	25	3.75%	2	1	93	93	2.3340054347612385E-8	1	1	480	121	25	0	G
G9_BC81_191109_LF_LIB_consensus_vsearch	179	C	Y	662	8	1.18%	2	2	93	93	0.003825023434003376	1	1	541	121	4	4	T
G9_BC81_191109_LF_LIB_consensus_vsearch	185	T	W	618	35	5.26%	2	2	93	93	1.8226219811319208E-11	1	1	509	109	34	1	A
G9_BC81_191109_LF_LIB_consensus_vsearch	185	T	Y	618	9	1.35%	2	2	93	93	0.0018974794124720213	1	1	509	109	4	5	A
G9_BC81_191109_LF_LIB_consensus_vsearch	191	C	S	652	15	2.23%	2	1	93	93	2.818318897195064E-5	1	1	530	122	15	0	G
G9_BC81_191109_LF_LIB_consensus_vsearch	192	C	Y	658	9	1.32%	2	2	93	93	0.0019007925102782891	1	1	538	120	6	3	T
G9_BC81_191109_LF_LIB_consensus_vsearch	197	C	Y	599	9	1.32%	2	1	93	93	0.0018957541905347869	1	1	509	90	0	9	-T
G9_BC81_191109_LF_LIB_consensus_vsearch	200	T	Y	668	8	1.18%	2	2	93	93	0.003825740885727296	1	1	546	122	5	3	C
G9_BC81_191109_LF_LIB_consensus_vsearch	219	A	R	577	7	1.04%	2	2	93	93	0.007672518016675552	1	1	473	104	6	1	-T
G9_BC81_191109_LF_LIB_consensus_vsearch	226	C	Y	647	8	1.18%	2	2	93	93	0.0038231725885201516	1	1	523	124	7	1	+A
G9_BC81_191109_LF_LIB_consensus_vsearch	227	G	R	657	10	1.49%	2	1	93	93	9.439407334024217E-4	1	1	533	124	10	0	A
G9_BC81_191109_LF_LIB_consensus_vsearch	235	T	W	609	58	8.63%	2	1	93	93	9.49908169084825E-19	1	1	486	123	58	0	A
G9_BC81_191109_LF_LIB_consensus_vsearch	241	A	R	642	14	2.12%	2	1	93	93	5.69041297259133E-5	1	1	515	127	14	0	G
G9_BC81_191109_LF_LIB_consensus_vsearch	250	T	Y	664	8	1.19%	2	2	93	93	0.003825264001117595	1	1	544	120	7	1	C
G9_BC81_191109_LF_LIB_consensus_vsearch	255	A	R	648	18	2.65%	2	1	93	93	3.3955434535437574E-6	1	1	525	123	18	0	G
G9_BC81_191109_LF_LIB_consensus_vsearch	257	T	Y	616	8	1.18%	2	2	93	93	0.003819067021328395	1	1	496	120	6	2	-A
G9_BC81_191109_LF_LIB_consensus_vsearch	260	A	R	614	9	1.4%	2	1	93	93	0.0018971248849278615	1	1	493	121	9	0	-G
G9_BC81_191109_LF_LIB_consensus_vsearch	269	A	R	663	8	1.18%	2	2	93	93	0.003825143895930989	1	1	540	123	7	1	G
G9_BC81_191109_LF_LIB_consensus_vsearch	271	C	M	645	7	1.03%	2	2	93	93	0.007687072171301746	1	1	534	111	6	1	-T
G9_BC81_191109_LF_LIB_consensus_vsearch	272	T	Y	645	8	1.21%	2	2	93	93	0.0038229194169911327	1	1	527	118	7	1	C
G9_BC81_191109_LF_LIB_consensus_vsearch	272	T	K	645	8	1.21%	2	1	93	93	0.0038229194169911327	1	1	527	118	8	0	C
G9_BC81_191109_LF_LIB_consensus_vsearch	273	T	Y	599	11	1.63%	2	1	93	93	4.6657448421110696E-4	1	1	508	91	11	0	-G
G9_BC81_191109_LF_LIB_consensus_vsearch	278	A	R	653	10	1.48%	2	1	93	93	9.437458653717638E-4	1	1	528	125	10	0	G
G9_BC81_191109_LF_LIB_consensus_vsearch	281	T	Y	662	9	1.32%	2	2	93	93	0.0019011022511233608	1	1	544	118	7	2	C
G9_BC81_191109_LF_LIB_consensus_vsearch	291	A	R	665	7	1.03%	2	2	93	93	0.007690793939068356	1	1	542	123	6	1	G
G9_BC81_191109_LF_LIB_consensus_vsearch	303	A	R	668	7	1.03%	2	2	93	93	0.00769133323902577	1	1	543	125	6	1	G
G9_BC81_191109_LF_LIB_consensus_vsearch	311	A	R	635	17	2.56%	2	1	93	93	6.864577871958305E-6	1	1	509	126	17	0	G
G9_BC81_191109_LF_LIB_consensus_vsearch	312	A	R	661	9	1.34%	2	1	93	93	0.0019010251601450372	1	1	534	127	9	0	G
G9_BC81_191109_LF_LIB_consensus_vsearch	313	A	R	650	16	2.38%	2	1	93	93	1.3929415119341313E-5	1	1	525	125	16	0	G
G9_BC81_191109_LF_LIB_consensus_vsearch	314	T	K	636	39	5.73%	2	1	93	93	1.0337552921629723E-12	1	1	509	127	39	0	G
G9_BC81_191109_LF_LIB_consensus_vsearch	328	G	R	555	100	15.17%	2	1	93	93	1.315437319270734E-32	1	1	452	103	100	0	A
G9_BC81_191109_LF_LIB_consensus_vsearch	337	A	R	655	11	1.62%	2	2	93	93	4.68376176463392E-4	1	1	539	116	7	4	G
G9_BC81_191109_LF_LIB_consensus_vsearch	349	A	R	571	7	1.18%	2	2	93	93	0.007671069992311274	1	1	450	121	6	1	G
G9_BC81_191109_LF_LIB_consensus_vsearch	361	A	R	625	33	4.88%	2	2	93	93	7.714950113043221E-11	1	1	514	111	32	1	G
G9_BC81_191109_LF_LIB_consensus_vsearch	364	A	R	664	7	1.03%	2	2	93	93	0.0076906131040095	1	1	538	126	6	1	G
G9_BC81_191109_LF_LIB_consensus_vsearch	366	A	R	634	9	1.35%	2	2	93	93	0.0018988537448086748	1	1	511	123	7	2	+G
G9_BC81_191109_LF_LIB_consensus_vsearch	368	A	R	596	9	1.42%	2	2	93	93	0.0018954719605872924	1	1	476	120	7	2	-G
G9_BC81_191109_LF_LIB_consensus_vsearch	369	G	R	626	19	2.91%	2	1	93	93	1.667328391009834E-6	1	1	502	124	19	0	A
G9_BC81_191109_LF_LIB_consensus_vsearch	370	G	K	663	8	1.18%	2	1	93	93	0.003825143895930989	1	1	536	127	8	0	T
G9_BC81_191109_LF_LIB_consensus_vsearch	371	T	Y	668	7	1.03%	2	2	93	93	0.00769133323902577	1	1	545	123	5	2	C
G9_BC81_191109_LF_LIB_consensus_vsearch	377	G	R	657	8	1.18%	2	2	93	93	0.0038244157169107992	1	1	543	114	6	2	A
G9_BC81_191109_LF_LIB_consensus_vsearch	381	T	Y	582	7	1.05%	2	1	93	93	0.007673702245629301	1	1	468	114	7	0	-A
G9_BC81_191109_LF_LIB_consensus_vsearch	382	A	R	568	14	2.29%	2	2	93	93	5.639340320250585E-5	1	1	444	124	13	1	-C
G9_BC81_191109_LF_LIB_consensus_vsearch	383	C	S	566	65	9.94%	2	1	93	93	4.768003935766881E-21	1	1	457	109	65	0	G
G9_BC81_191109_LF_LIB_consensus_vsearch	384	C	S	629	10	1.47%	2	2	93	93	9.425259543654242E-4	1	1	524	105	9	1	G
G9_BC81_191109_LF_LIB_consensus_vsearch	384	C	Y	629	19	2.8%	2	2	93	93	1.6683819865846817E-6	1	1	524	105	4	15	T
G9_BC81_191109_LF_LIB_consensus_vsearch	387	A	R	660	19	2.79%	2	1	93	93	1.6787517559841914E-6	1	1	533	127	19	0	G
G9_BC81_191109_LF_LIB_consensus_vsearch	396	C	Y	655	12	1.76%	2	2	93	93	2.3225555337026962E-4	1	1	537	118	4	8	T
G9_BC81_191109_LF_LIB_consensus_vsearch	397	G	R	661	10	1.47%	2	1	93	93	9.441333010107843E-4	1	1	535	126	10	0	A
G9_BC81_191109_LF_LIB_consensus_vsearch	398	T	Y	661	15	2.21%	2	2	93	93	2.8213388975267858E-5	1	1	550	111	2	13	C
G9_BC81_191109_LF_LIB_consensus_vsearch	405	A	R	666	9	1.32%	2	1	93	93	0.0019014083472220235	1	1	540	126	9	0	G
G9_BC81_191109_LF_LIB_consensus_vsearch	428	A	R	673	7	1.02%	2	1	93	93	0.007692221529292311	1	1	546	127	7	0	G
G9_BC81_191109_LF_LIB_consensus_vsearch	441	G	R	605	13	1.96%	2	1	93	93	1.1453089151739446E-4	1	1	484	121	13	0	A
G9_BC81_191109_LF_LIB_consensus_vsearch	446	C	M	663	13	1.91%	2	2	93	93	1.1516497802969439E-4	1	1	544	119	8	5	A
G9_BC81_191109_LF_LIB_consensus_vsearch	454	A	R	633	17	2.52%	2	2	93	93	6.862318260927422E-6	1	1	517	116	16	1	G
G9_BC81_191109_LF_LIB_consensus_vsearch	456	G	R	673	9	1.32%	2	1	93	93	0.001901935436692325	1	1	547	126	9	0	A
G9_BC81_191109_LF_LIB_consensus_vsearch	457	G	R	668	12	1.75%	2	2	93	93	2.324791481283335E-4	1	1	544	124	11	1	A
G9_BC81_191109_LF_LIB_consensus_vsearch	462	C	Y	666	11	1.61%	2	2	93	93	4.686955041723934E-4	1	1	544	122	5	6	T
G9_BC81_191109_LF_LIB_consensus_vsearch	466	G	R	656	14	2.06%	2	1	93	93	5.6988373543466325E-5	1	1	534	122	14	0	A
G9_BC81_191109_LF_LIB_consensus_vsearch	474	C	M	649	8	1.17%	2	1	93	93	0.003823424226402499	1	1	539	110	8	0	+G
G9_BC81_191109_LF_LIB_consensus_vsearch	474	C	Y	649	9	1.31%	2	2	93	93	0.0019000819254439566	1	1	539	110	2	7	T
G9_BC81_191109_LF_LIB_consensus_vsearch	476	A	R	635	15	2.27%	2	2	93	93	2.8123931025290684E-5	1	1	508	127	14	1	G
G9_BC81_191109_LF_LIB_consensus_vsearch	478	T	Y	678	7	1.02%	2	2	93	93	0.007693096890205231	1	1	553	125	4	3	C
G9_BC81_191109_LF_LIB_consensus_vsearch	482	T	Y	652	7	1.06%	2	2	93	93	0.00768840040750772	1	1	526	126	5	2	C
G9_BC81_191109_LF_LIB_consensus_vsearch	485	A	R	668	8	1.17%	2	2	93	93	0.003825740885727296	1	1	543	125	6	2	G
G9_BC81_191109_LF_LIB_consensus_vsearch	488	T	Y	674	7	1.02%	2	2	93	93	0.007692397626735055	1	1	552	122	1	6	C
G9_BC81_191109_LF_LIB_consensus_vsearch	493	G	R	669	8	1.17%	2	1	93	93	0.003825859230664742	1	1	544	125	8	0	A
G9_BC81_191109_LF_LIB_consensus_vsearch	511	G	K	663	9	1.32%	2	1	93	93	0.0019011791143256859	1	1	543	120	9	0	T
G9_BC81_191109_LF_LIB_consensus_vsearch	515	A	R	598	21	3.19%	2	1	93	93	4.012891855683695E-7	1	1	474	124	21	0	-G
G9_BC81_191109_LF_LIB_consensus_vsearch	521	A	R	654	8	1.17%	2	1	93	93	0.0038240467022021517	1	1	526	128	8	0	-T
G9_BC81_191109_LF_LIB_consensus_vsearch	528	T	Y	661	9	1.33%	2	2	93	93	0.0019010251601450372	1	1	544	117	3	6	C
G9_BC81_191109_LF_LIB_consensus_vsearch	529	G	R	668	7	1.03%	2	1	93	93	0.00769133323902577	1	1	546	122	7	0	A
G9_BC81_191109_LF_LIB_consensus_vsearch	535	C	Y	647	8	1.17%	2	2	93	93	0.0038231725885201516	1	1	543	104	1	7	-T
G9_BC81_191109_LF_LIB_consensus_vsearch	543	A	R	651	7	1.03%	2	2	93	93	0.007688212384386832	1	1	536	115	4	3	-G
G9_BC81_191109_LF_LIB_consensus_vsearch	545	G	R	672	8	1.17%	2	1	93	93	0.0038262121871574886	1	1	547	125	8	0	A
G9_BC81_191109_LF_LIB_consensus_vsearch	547	G	R	638	25	3.75%	2	2	93	93	2.3666711476936774E-8	1	1	520	118	23	2	A
G9_BC81_191109_LF_LIB_consensus_vsearch	550	G	R	661	7	1.04%	2	2	93	93	0.0076900673602228325	1	1	540	121	6	1	A
G9_BC81_191109_LF_LIB_consensus_vsearch	554	A	R	610	10	1.48%	2	1	93	93	9.414939256568898E-4	1	1	482	128	10	0	-G
G9_BC81_191109_LF_LIB_consensus_vsearch	555	G	R	581	15	2.37%	2	1	93	93	2.7914007952918256E-5	1	1	455	126	15	0	A
G9_BC81_191109_LF_LIB_consensus_vsearch	556	A	R	622	9	1.41%	2	2	93	93	0.0018978294796178708	1	1	496	126	8	1	G
G9_BC81_191109_LF_LIB_consensus_vsearch	557	A	R	651	15	2.23%	2	2	93	93	2.817978450412233E-5	1	1	525	126	14	1	G
G9_BC81_191109_LF_LIB_consensus_vsearch	558	T	K	651	20	2.97%	2	1	93	93	8.26045409103276E-7	1	1	526	125	20	0	G
G9_BC81_191109_LF_LIB_consensus_vsearch	560	G	R	665	11	1.61%	2	2	93	93	4.686668983151157E-4	1	1	541	124	9	2	A
G9_BC81_191109_LF_LIB_consensus_vsearch	564	A	R	665	9	1.33%	2	1	93	93	0.0019013321613719355	1	1	539	126	9	0	G
G9_BC81_191109_LF_LIB_consensus_vsearch	569	A	R	581	13	2.16%	2	1	93	93	1.1423311528767137E-4	1	1	455	126	13	0	G
G9_BC81_191109_LF_LIB_consensus_vsearch	571	A	M	666	7	1.02%	2	2	93	93	0.007690974238331026	1	1	539	127	6	1	C
G9_BC81_191109_LF_LIB_consensus_vsearch	572	A	R	636	26	3.8%	2	1	93	93	1.1601498850677668E-8	1	1	508	128	26	0	G
G9_BC81_191109_LF_LIB_consensus_vsearch	573	C	Y	602	19	2.8%	2	1	93	93	1.6585535271298484E-6	1	1	479	123	19	0	T
G9_BC81_191109_LF_LIB_consensus_vsearch	574	G	R	630	35	5.22%	2	1	93	93	1.8384969280968795E-11	1	1	504	126	35	0	A
G9_BC81_191109_LF_LIB_consensus_vsearch	592	A	R	612	29	4.24%	2	1	93	93	1.3472650520064907E-9	1	1	523	89	29	0	-G
G9_BC81_191109_LF_LIB_consensus_vsearch	599	A	R	632	8	1.17%	2	1	93	93	0.003821235431789916	1	1	504	128	8	0	-C
G9_BC81_191109_LF_LIB_consensus_vsearch	600	C	Y	624	14	2.13%	2	1	93	93	5.679052291528571E-5	1	1	497	127	14	0	T
G9_BC81_191109_LF_LIB_consensus_vsearch	601	T	Y	657	17	2.51%	2	2	93	93	6.888583305374992E-6	1	1	533	124	15	2	C
G9_BC81_191109_LF_LIB_consensus_vsearch	607	A	W	659	7	1.04%	2	1	93	93	0.007689700807880409	1	1	532	127	7	0	T
G9_BC81_191109_LF_LIB_consensus_vsearch	614	A	R	669	11	1.61%	2	1	93	93	4.687808233562141E-4	1	1	543	126	11	0	G
G9_BC81_191109_LF_LIB_consensus_vsearch	617	G	R	672	7	1.02%	2	1	93	93	0.007692044914716208	1	1	546	126	7	0	A
G9_BC81_191109_LF_LIB_consensus_vsearch	624	A	R	617	8	1.19%	2	2	93	93	0.0038192057824281843	1	1	494	123	7	1	-CA
G9_BC81_191109_LF_LIB_consensus_vsearch	626	A	R	612	9	1.43%	2	1	93	93	0.0018969459217843378	1	1	490	122	9	0	G
G9_BC81_191109_LF_LIB_consensus_vsearch	636	T	Y	667	7	1.02%	2	2	93	93	0.007691154004207902	1	1	543	124	6	1	C
G9_BC81_191109_LF_LIB_consensus_vsearch	644	T	Y	649	7	1.03%	2	2	93	93	0.00768783462368761	1	1	526	123	6	1	+C
G9_BC81_191109_LF_LIB_consensus_vsearch	646	A	R	659	19	2.78%	2	1	93	93	1.6784312944570722E-6	1	1	531	128	19	0	G
G9_BC81_191109_LF_LIB_consensus_vsearch	658	T	Y	672	7	1.02%	2	2	93	93	0.007692044914716208	1	1	548	124	6	1	C
G9_BC81_191109_LF_LIB_consensus_vsearch	671	T	K	646	17	2.55%	2	1	93	93	6.876771781638862E-6	1	1	519	127	17	0	G
G9_BC81_191109_LF_LIB_consensus_vsearch	673	T	Y	668	8	1.17%	2	2	93	93	0.003825740885727296	1	1	544	124	6	2	C
G9_BC81_191109_LF_LIB_consensus_vsearch	675	C	Y	666	7	1.03%	2	2	93	93	0.007690974238331026	1	1	544	122	1	6	T
G9_BC81_191109_LF_LIB_consensus_vsearch	679	T	Y	657	8	1.2%	2	2	93	93	0.0038244157169107992	1	1	533	124	5	3	C
G9_BC81_191109_LF_LIB_consensus_vsearch	700	A	R	615	9	1.36%	2	1	93	93	0.0018972139396271118	1	1	488	127	9	0	-G
G9_BC81_191109_LF_LIB_consensus_vsearch	704	C	Y	661	11	1.61%	2	2	93	93	4.6855163449319664E-4	1	1	543	118	4	7	T
G9_BC81_191109_LF_LIB_consensus_vsearch	714	A	R	666	9	1.32%	2	2	93	93	0.0019014083472220235	1	1	545	121	7	2	G
G9_BC81_191109_LF_LIB_consensus_vsearch	716	A	R	675	7	1.03%	2	1	93	93	0.007692573209303539	1	1	547	128	7	0	G
G9_BC81_191109_LF_LIB_consensus_vsearch	720	A	R	632	10	1.55%	2	2	93	93	9.426833798087301E-4	1	1	508	124	9	1	G
G9_BC81_191109_LF_LIB_consensus_vsearch	725	T	Y	581	7	1.03%	2	2	93	93	0.007673467005464533	1	1	463	118	3	4	-A
G9_BC81_191109_LF_LIB_consensus_vsearch	729	G	R	659	8	1.19%	2	1	93	93	0.00382465989169585	1	1	534	125	8	0	A
G9_BC81_191109_LF_LIB_consensus_vsearch	732	T	Y	657	9	1.33%	2	2	93	93	0.0019007144979249183	1	1	535	122	8	1	C
G9_BC81_191109_LF_LIB_consensus_vsearch	738	C	Y	653	21	3.09%	2	1	93	93	4.0706655300528956E-7	1	1	526	127	21	0	T
G9_BC81_191109_LF_LIB_consensus_vsearch	740	A	R	652	21	3.08%	2	2	93	93	4.0696939015080745E-7	1	1	530	122	20	1	G
G9_BC81_191109_LF_LIB_consensus_vsearch	749	C	Y	644	8	1.19%	2	1	93	93	0.003822792251723341	1	1	549	95	0	8	+T
G9_BC81_191109_LF_LIB_consensus_vsearch	752	G	R	648	7	1.03%	2	1	93	93	0.007687644880936083	1	1	523	125	7	0	+C
G9_BC81_191109_LF_LIB_consensus_vsearch	756	A	R	633	28	4.2%	2	1	93	93	2.7818557187804675E-9	1	1	506	127	28	0	G
G9_BC81_191109_LF_LIB_consensus_vsearch	763	A	R	619	34	5.01%	2	2	93	93	3.745355670434929E-11	1	1	506	113	32	2	G
G9_BC81_191109_LF_LIB_consensus_vsearch	768	T	Y	653	8	1.2%	2	1	93	93	0.0038239229566628804	1	1	527	126	8	0	C
G9_BC81_191109_LF_LIB_consensus_vsearch	769	T	W	660	8	1.18%	2	2	93	93	0.0038247814334864054	1	1	536	124	7	1	A
G9_BC81_191109_LF_LIB_consensus_vsearch	770	C	M	632	12	1.77%	2	2	93	93	2.3183822520556E-4	1	1	512	120	11	1	A
G9_BC81_191109_LF_LIB_consensus_vsearch	771	G	R	657	16	2.35%	2	1	93	93	1.3942782437750426E-5	1	1	534	123	16	0	A
G9_BC81_191109_LF_LIB_consensus_vsearch	775	T	W	658	8	1.18%	2	1	93	93	0.00382453798670624	1	1	534	124	8	0	A
G9_BC81_191109_LF_LIB_consensus_vsearch	775	T	Y	658	9	1.32%	2	2	93	93	0.0019007925102782891	1	1	534	124	7	2	C
G9_BC81_191109_LF_LIB_consensus_vsearch	776	T	Y	668	9	1.32%	2	1	93	93	0.0019015600485241956	1	1	542	126	9	0	C
G9_BC81_191109_LF_LIB_consensus_vsearch	781	T	Y	666	9	1.32%	2	2	93	93	0.0019014083472220235	1	1	549	117	3	6	C
G9_BC81_191109_LF_LIB_consensus_vsearch	789	A	R	627	14	2.16%	2	2	93	93	5.680988914870278E-5	1	1	504	123	12	2	G
G9_BC81_191109_LF_LIB_consensus_vsearch	790	A	R	636	24	3.56%	2	2	93	93	4.817504022167879E-8	1	1	511	125	23	1	G
G9_BC81_191109_LF_LIB_consensus_vsearch	791	T	K	652	16	2.36%	2	1	93	93	1.3933261963587587E-5	1	1	527	125	16	0	G
G9_BC81_191109_LF_LIB_consensus_vsearch	795	G	R	637	24	3.6%	2	1	93	93	4.819084137961348E-8	1	1	520	117	24	0	A
G9_BC81_191109_LF_LIB_consensus_vsearch	796	G	R	623	27	3.95%	2	2	93	93	5.655642631777085E-9	1	1	497	126	25	2	+A
G9_BC81_191109_LF_LIB_consensus_vsearch	797	G	R	652	18	2.63%	2	2	93	93	3.397935256455452E-6	1	1	527	125	17	1	A
G9_BC81_191109_LF_LIB_consensus_vsearch	799	A	W	666	8	1.18%	2	1	93	93	0.003825503147506549	1	1	538	128	8	0	T
G9_BC81_191109_LF_LIB_consensus_vsearch	800	A	R	646	34	4.97%	2	2	93	93	3.813203065258623E-11	1	1	521	125	33	1	G
G9_BC81_191109_LF_LIB_consensus_vsearch	801	C	Y	655	9	1.32%	2	2	93	93	0.0019005577734205698	1	1	534	121	4	5	T
G9_BC81_191109_LF_LIB_consensus_vsearch	802	A	R	621	38	5.62%	2	1	93	93	2.1008574184383297E-12	1	1	493	128	38	0	G
G9_BC81_191109_LF_LIB_consensus_vsearch	802	A	W	621	7	1.04%	2	1	93	93	0.007682294147772585	1	1	493	128	7	0	G
G9_BC81_191109_LF_LIB_consensus_vsearch	803	C	Y	589	8	1.19%	2	2	93	93	0.003815145726019033	1	1	462	127	7	1	+A
G9_BC81_191109_LF_LIB_consensus_vsearch	806	T	Y	609	8	1.28%	2	1	93	93	0.003818083166867038	1	1	482	127	8	0	C
G9_BC81_191109_LF_LIB_consensus_vsearch	807	T	W	606	48	7.15%	2	1	93	93	1.4515282890562457E-15	1	1	482	124	48	0	A
G9_BC81_191109_LF_LIB_consensus_vsearch	809	A	R	611	20	3.11%	2	2	93	93	8.184386759796829E-7	1	1	484	127	19	1	G
G9_BC81_191109_LF_LIB_consensus_vsearch	814	C	Y	672	8	1.17%	2	2	93	93	0.0038262121871574886	1	1	550	122	3	5	T
G9_BC81_191109_LF_LIB_consensus_vsearch	825	A	R	633	23	3.38%	2	1	93	93	9.797091844489314E-8	1	1	515	118	23	0	G
G9_BC81_191109_LF_LIB_consensus_vsearch	831	A	R	667	11	1.61%	2	1	93	93	4.687240267233006E-4	1	1	539	128	11	0	G
G9_BC81_191109_LF_LIB_consensus_vsearch	836	A	R	670	8	1.17%	2	2	93	93	0.0038259772281954976	1	1	544	126	6	2	G
G9_BC81_191109_LF_LIB_consensus_vsearch	843	A	R	625	44	6.49%	2	1	93	93	2.7368121694504604E-14	1	1	504	121	44	0	G
G9_BC81_191109_LF_LIB_consensus_vsearch	852	G	R	644	10	1.47%	2	1	93	93	9.432987849884192E-4	1	1	517	127	10	0	A
G9_BC81_191109_LF_LIB_consensus_vsearch	852	G	K	644	13	1.91%	2	1	93	93	1.1496933614463417E-4	1	1	517	127	13	0	T
G9_BC81_191109_LF_LIB_consensus_vsearch	853	T	Y	665	7	1.03%	2	2	93	93	0.007690793939068356	1	1	538	127	6	1	C
G9_BC81_191109_LF_LIB_consensus_vsearch	855	A	R	650	8	1.18%	2	1	93	93	0.0038235494745854515	1	1	525	125	8	0	+C
G9_BC81_191109_LF_LIB_consensus_vsearch	856	C	Y	643	11	1.61%	2	1	93	93	4.680157299948207E-4	1	1	517	126	11	0	-ACA
G9_BC81_191109_LF_LIB_consensus_vsearch	857	A	R	646	15	2.25%	2	2	93	93	2.816261220005829E-5	1	1	520	126	14	1	G
G9_BC81_191109_LF_LIB_consensus_vsearch	859	A	R	534	9	1.62%	2	2	93	93	0.0018889472115475113	1	1	411	123	8	1	G
G9_BC81_191109_LF_LIB_consensus_vsearch	864	T	W	592	61	9.21%	2	1	93	93	9.972749588918552E-20	1	1	478	114	61	0	A
G9_BC81_191109_LF_LIB_consensus_vsearch	865	T	Y	660	7	1.03%	2	2	93	93	0.007689884357994092	1	1	536	124	5	2	-A
G9_BC81_191109_LF_LIB_consensus_vsearch	866	A	R	649	16	2.38%	2	1	93	93	1.39274833179092E-5	1	1	525	124	16	0	G
G9_BC81_191109_LF_LIB_consensus_vsearch	867	G	R	651	7	1.04%	2	1	93	93	0.007688212384386832	1	1	527	124	7	0	A
G9_BC81_191109_LF_LIB_consensus_vsearch	868	C	Y	648	7	1.04%	2	2	93	93	0.007687644880936083	1	1	527	121	4	3	-G
G9_BC81_191109_LF_LIB_consensus_vsearch	869	G	R	628	21	3.14%	2	1	93	93	4.045536891141824E-7	1	1	502	126	21	0	A
G9_BC81_191109_LF_LIB_consensus_vsearch	869	G	S	628	9	1.35%	2	1	93	93	0.0018983463995003059	1	1	502	126	9	0	A
G9_BC81_191109_LF_LIB_consensus_vsearch	869	G	K	628	9	1.35%	2	1	93	93	0.0018983463995003059	1	1	502	126	9	0	A
G9_BC81_191109_LF_LIB_consensus_vsearch	870	G	S	643	8	1.18%	2	1	93	93	0.0038226646977705283	1	1	515	128	8	0	-A
G9_BC81_191109_LF_LIB_consensus_vsearch	877	A	R	664	11	1.62%	2	2	93	93	4.686382087901511E-4	1	1	539	125	9	2	G
G9_BC81_191109_LF_LIB_consensus_vsearch	880	T	W	622	7	1.04%	2	1	93	93	0.007682500488298281	1	1	499	123	7	0	-C
G9_BC81_191109_LF_LIB_consensus_vsearch	883	A	R	658	9	1.34%	2	2	93	93	0.0019007925102782891	1	1	533	125	8	1	G
G9_BC81_191109_LF_LIB_consensus_vsearch	884	T	Y	645	8	1.18%	2	2	93	93	0.0038229194169911327	1	1	521	124	7	1	-G
G9_BC81_191109_LF_LIB_consensus_vsearch	885	G	R	637	23	3.46%	2	2	93	93	9.80895245957259E-8	1	1	512	125	22	1	A
G9_BC81_191109_LF_LIB_consensus_vsearch	886	G	R	655	10	1.47%	2	1	93	93	9.438435895070222E-4	1	1	528	127	10	0	A
G9_BC81_191109_LF_LIB_consensus_vsearch	887	C	M	651	11	1.64%	2	1	93	93	4.682574605986325E-4	1	1	527	124	11	0	A
G9_BC81_191109_LF_LIB_consensus_vsearch	888	C	Y	660	14	2.06%	2	1	93	93	5.701181600772116E-5	1	1	534	126	14	0	T
G9_BC81_191109_LF_LIB_consensus_vsearch	892	G	R	668	13	1.9%	2	1	93	93	1.1521468435875795E-4	1	1	540	128	13	0	A
G9_BC81_191109_LF_LIB_consensus_vsearch	896	T	Y	673	7	1.02%	2	2	93	93	0.007692221529292311	1	1	552	121	2	5	C
G9_BC81_191109_LF_LIB_consensus_vsearch	898	C	Y	661	17	2.49%	2	2	93	93	6.892787088850134E-6	1	1	550	111	2	15	T
G9_BC81_191109_LF_LIB_consensus_vsearch	903	T	Y	641	7	1.04%	2	2	93	93	0.007686300335381792	1	1	522	119	6	1	+G
G9_BC81_191109_LF_LIB_consensus_vsearch	909	A	R	669	10	1.47%	2	2	93	93	9.445116959819608E-4	1	1	542	127	9	1	G
G9_BC81_191109_LF_LIB_consensus_vsearch	910	A	R	663	7	1.02%	2	2	93	93	0.007690431730786377	1	1	537	126	6	1	G
G9_BC81_191109_LF_LIB_consensus_vsearch	914	A	R	671	9	1.32%	2	2	93	93	0.001901785939178216	1	1	547	124	8	1	G
G9_BC81_191109_LF_LIB_consensus_vsearch	916	A	R	667	10	1.47%	2	2	93	93	9.444179274457236E-4	1	1	540	127	9	1	G
G9_BC81_191109_LF_LIB_consensus_vsearch	924	T	Y	645	9	1.36%	2	2	93	93	0.0018997598786030976	1	1	520	125	7	2	C
G9_BC81_191109_LF_LIB_consensus_vsearch	925	G	R	643	9	1.36%	2	2	93	93	0.0018995973843444253	1	1	518	125	7	2	A
G9_BC81_191109_LF_LIB_consensus_vsearch	926	G	K	669	7	1.03%	2	1	93	93	0.007691511945153724	1	1	542	127	7	0	T
G9_BC81_191109_LF_LIB_consensus_vsearch	941	G	R	621	12	1.88%	2	1	93	93	2.31628098627824E-4	1	1	516	105	12	0	A
G9_BC81_191109_LF_LIB_consensus_vsearch	948	G	R	661	16	2.35%	2	2	93	93	1.3950300978900542E-5	1	1	537	124	15	1	A
G9_BC81_191109_LF_LIB_consensus_vsearch	951	G	R	628	10	1.52%	2	1	93	93	9.424731536317748E-4	1	1	503	125	10	0	-C
G9_BC81_191109_LF_LIB_consensus_vsearch	952	C	Y	627	7	1.08%	2	2	93	93	0.007683522458510221	1	1	505	122	6	1	T
G9_BC81_191109_LF_LIB_consensus_vsearch	954	T	W	639	11	1.66%	2	1	93	93	4.6789266305803185E-4	1	1	515	124	11	0	A
G9_BC81_191109_LF_LIB_consensus_vsearch	955	T	Y	654	8	1.18%	2	2	93	93	0.0038240467022021517	1	1	531	123	6	2	C
G9_BC81_191109_LF_LIB_consensus_vsearch	958	A	R	668	8	1.17%	2	2	93	93	0.003825740885727296	1	1	542	126	7	1	G
G9_BC81_191109_LF_LIB_consensus_vsearch	960	T	Y	664	7	1.02%	2	2	93	93	0.0076906131040095	1	1	547	117	4	3	C
G9_BC81_191109_LF_LIB_consensus_vsearch	968	G	R	623	52	7.65%	2	1	93	93	7.995246659072396E-17	1	1	502	121	52	0	A
G9_BC81_191109_LF_LIB_consensus_vsearch	976	C	M	626	15	2.3%	2	1	93	93	2.8091325312592296E-5	1	1	503	123	15	0	A
G9_BC81_191109_LF_LIB_consensus_vsearch	977	C	Y	621	32	4.67%	2	2	93	93	1.5776389062958972E-10	1	1	529	92	2	30	T
G9_BC81_191109_LF_LIB_consensus_vsearch	978	G	R	624	35	5.3%	2	1	93	93	1.8306164846870165E-11	1	1	499	125	35	0	A
G9_BC81_191109_LF_LIB_consensus_vsearch	984	C	M	659	14	2.06%	2	2	93	93	5.700598088104079E-5	1	1	536	123	13	1	A
G9_BC81_191109_LF_LIB_consensus_vsearch	985	C	Y	660	18	2.63%	2	1	93	93	3.4026379878507723E-6	1	1	536	124	18	0	T
G9_BC81_191109_LF_LIB_consensus_vsearch	992	G	R	649	11	1.64%	2	2	93	93	4.681975701275244E-4	1	1	524	125	10	1	A
G9_BC81_191109_LF_LIB_consensus_vsearch	994	T	Y	652	8	1.21%	2	1	93	93	0.0038237988380035006	1	1	529	123	8	0	C
G9_BC81_191109_LF_LIB_consensus_vsearch	995	T	Y	640	12	1.76%	2	1	93	93	2.319866661695591E-4	1	1	513	127	12	0	C
G9_BC81_191109_LF_LIB_consensus_vsearch	996	A	R	630	8	1.22%	2	2	93	93	0.003820970297541775	1	1	503	127	7	1	-C
G9_BC81_191109_LF_LIB_consensus_vsearch	997	C	S	625	18	2.73%	2	1	93	93	3.3812403308553575E-6	1	1	501	124	18	0	G
G9_BC81_191109_LF_LIB_consensus_vsearch	1010	A	R	647	12	1.79%	2	2	93	93	2.3211364480106353E-4	1	1	521	126	11	1	G
G9_BC81_191109_LF_LIB_consensus_vsearch	1014	G	R	629	10	1.53%	2	2	93	93	9.425259543654242E-4	1	1	505	124	9	1	A
G9_BC81_191109_LF_LIB_consensus_vsearch	1015	A	R	660	7	1.05%	2	2	93	93	0.007689884357994092	1	1	534	126	5	2	G
G9_BC81_191109_LF_LIB_consensus_vsearch	1035	A	R	665	12	1.75%	2	2	93	93	2.3242829916540379E-4	1	1	541	124	11	1	G
G9_BC81_191109_LF_LIB_consensus_vsearch	1043	T	Y	659	14	2.06%	2	2	93	93	5.700598088104079E-5	1	1	545	114	2	12	C
G9_BC81_191109_LF_LIB_consensus_vsearch	1046	A	R	643	9	1.32%	2	1	93	93	0.0018995973843444253	1	1	538	105	9	0	-G
G9_BC81_191109_LF_LIB_consensus_vsearch	1047	G	R	642	10	1.52%	2	1	93	93	9.431977746219286E-4	1	1	538	104	10	0	A
G9_BC81_191109_LF_LIB_consensus_vsearch	1049	A	R	655	16	2.35%	2	1	93	93	1.3938990695210617E-5	1	1	530	125	16	0	G
G9_BC81_191109_LF_LIB_consensus_vsearch	1053	A	R	670	7	1.02%	2	2	93	93	0.007691690124933204	1	1	549	121	5	2	G
G9_BC81_191109_LF_LIB_consensus_vsearch	1062	T	Y	660	9	1.33%	2	2	93	93	0.001900947840357131	1	1	541	119	7	2	C
G9_BC81_191109_LF_LIB_consensus_vsearch	1063	A	R	658	11	1.61%	2	2	93	93	4.684642937915707E-4	1	1	533	125	10	1	G
G9_BC81_191109_LF_LIB_consensus_vsearch	1067	A	R	588	19	2.98%	2	2	93	93	1.6531326452776263E-6	1	1	463	125	18	1	-T
G9_BC81_191109_LF_LIB_consensus_vsearch	1068	T	K	604	45	6.88%	2	1	93	93	1.2899632812110623E-14	1	1	479	125	45	0	G
G9_BC81_191109_LF_LIB_consensus_vsearch	1087	T	Y	675	7	1.02%	2	2	93	93	0.007692573209303539	1	1	552	123	3	4	C
G9_BC81_191109_LF_LIB_consensus_vsearch	1092	G	R	662	9	1.32%	2	1	93	93	0.0019011022511233608	1	1	536	126	9	0	A
G9_BC81_191109_LF_LIB_consensus_vsearch	1100	A	R	649	20	2.96%	2	1	93	93	8.256854159924684E-7	1	1	523	126	20	0	G
G9_BC81_191109_LF_LIB_consensus_vsearch	1102	C	S	634	10	1.54%	2	1	93	93	9.427875236451979E-4	1	1	513	121	10	0	G
G9_BC81_191109_LF_LIB_consensus_vsearch	1104	C	Y	673	10	1.46%	2	2	93	93	9.44697601521353E-4	1	1	549	124	6	4	T
G9_BC81_191109_LF_LIB_consensus_vsearch	1107	A	R	666	8	1.17%	2	1	93	93	0.003825503147506549	1	1	546	120	8	0	G
G9_BC81_191109_LF_LIB_consensus_vsearch	1123	G	R	643	12	1.82%	2	1	93	93	2.3204141235062925E-4	1	1	520	123	12	0	A
G9_BC81_191109_LF_LIB_consensus_vsearch	1128	A	R	654	14	2.05%	2	1	93	93	5.697654960938666E-5	1	1	535	119	14	0	G
G9_BC81_191109_LF_LIB_consensus_vsearch	1133	A	W	641	19	2.81%	2	1	93	93	1.6725056043051388E-6	1	1	517	124	19	0	T
G9_BC81_191109_LF_LIB_consensus_vsearch	1134	T	Y	608	8	1.17%	2	2	93	93	0.003817940800681945	1	1	504	104	7	1	-A
G9_BC81_191109_LF_LIB_consensus_vsearch	1140	T	Y	638	8	1.17%	2	2	93	93	0.003822021034639057	1	1	535	103	7	1	+G
G9_BC81_191109_LF_LIB_consensus_vsearch	1142	A	R	667	7	1.04%	2	2	93	93	0.007691154004207902	1	1	541	126	6	1	G
G9_BC81_191109_LF_LIB_consensus_vsearch	1143	A	R	666	10	1.46%	2	2	93	93	9.443708371449778E-4	1	1	541	125	8	2	G
G9_BC81_191109_LF_LIB_consensus_vsearch	1144	C	Y	649	9	1.31%	2	2	93	93	0.0019000819254439566	1	1	522	127	8	1	-G
G9_BC81_191109_LF_LIB_consensus_vsearch	1155	T	Y	667	10	1.47%	2	2	93	93	9.444179274457236E-4	1	1	549	118	4	6	C
G9_BC81_191109_LF_LIB_consensus_vsearch	1160	T	Y	663	7	1.03%	2	2	93	93	0.007690431730786377	1	1	540	123	3	4	C
G9_BC81_191109_LF_LIB_consensus_vsearch	1162	A	R	285	35	5.24%	2	2	93	93	1.0888195666256995E-11	1	1	256	29	34	1	-GGA
G9_BC81_191109_LF_LIB_consensus_vsearch	1172	G	R	663	7	1.04%	2	1	93	93	0.007690431730786377	1	1	544	119	7	0	A
G9_BC81_191109_LF_LIB_consensus_vsearch	1175	A	R	531	91	13.85%	2	2	93	93	1.1558765493360586E-29	1	1	411	120	89	2	G
G9_BC81_191109_LF_LIB_consensus_vsearch	1183	G	R	657	21	3.08%	2	2	93	93	4.0745252283253916E-7	1	1	533	124	20	1	A
G9_BC81_191109_LF_LIB_consensus_vsearch	1186	A	R	651	12	1.76%	2	2	93	93	2.3218502008527376E-4	1	1	528	123	11	1	G
G9_BC81_191109_LF_LIB_consensus_vsearch	1202	A	R	629	38	5.6%	2	2	93	93	2.1151455761950254E-12	1	1	507	122	37	1	G
G9_BC81_191109_LF_LIB_consensus_vsearch	1208	T	Y	661	11	1.61%	2	2	93	93	4.6855163449319664E-4	1	1	536	125	10	1	C
G9_BC81_191109_LF_LIB_consensus_vsearch	1210	G	R	486	15	2.24%	2	1	93	93	2.743912586854087E-5	1	1	371	115	15	0	A
G9_BC81_191109_LF_LIB_consensus_vsearch	1211	C	M	514	7	1.33%	2	1	93	93	0.007655656829790728	1	1	397	117	7	0	A
G9_BC81_191109_LF_LIB_consensus_vsearch	1218	A	R	576	68	10.04%	2	2	93	93	5.235505064313254E-22	1	1	457	119	66	2	G
G9_BC81_191109_LF_LIB_consensus_vsearch	1221	C	Y	654	11	1.61%	2	2	93	93	4.6834662964278026E-4	1	1	533	121	5	6	T
G9_BC81_191109_LF_LIB_consensus_vsearch	1227	T	Y	678	7	1.02%	2	2	93	93	0.007693096890205231	1	1	551	127	6	1	C
G9_BC81_191109_LF_LIB_consensus_vsearch	1237	T	K	633	23	3.49%	2	1	93	93	9.797091844489314E-8	1	1	507	126	23	0	G
G9_BC81_191109_LF_LIB_consensus_vsearch	1247	A	R	644	7	1.03%	2	2	93	93	0.007686880098765952	1	1	520	124	6	1	-G
G9_BC81_191109_LF_LIB_consensus_vsearch	1249	A	R	666	10	1.47%	2	2	93	93	9.443708371449778E-4	1	1	540	126	9	1	G
G9_BC81_191109_LF_LIB_consensus_vsearch	1250	A	R	650	23	3.37%	2	1	93	93	9.846603864108317E-8	1	1	526	124	23	0	G
G9_BC81_191109_LF_LIB_consensus_vsearch	1253	G	R	653	7	1.04%	2	2	93	93	0.007688587862634188	1	1	533	120	1	6	A
G9_BC81_191109_LF_LIB_consensus_vsearch	1254	C	M	647	8	1.18%	2	1	93	93	0.0038231725885201516	1	1	531	116	8	0	-T
G9_BC81_191109_LF_LIB_consensus_vsearch	1255	T	Y	635	8	1.19%	2	2	93	93	0.003821630056475877	1	1	525	110	4	4	-AC
G9_BC81_191109_LF_LIB_consensus_vsearch	1256	A	R	633	23	3.43%	2	2	93	93	9.797091844489314E-8	1	1	508	125	22	1	G
G9_BC81_191109_LF_LIB_consensus_vsearch	1257	C	Y	611	22	3.33%	2	2	93	93	1.9802671616894147E-7	1	1	508	103	5	17	T
G9_BC81_191109_LF_LIB_consensus_vsearch	1260	G	R	641	9	1.34%	2	1	93	93	0.001899433897548914	1	1	524	117	9	0	A
G9_BC81_191109_LF_LIB_consensus_vsearch	1267	C	S	623	15	2.31%	2	1	93	93	2.808025855719446E-5	1	1	503	120	15	0	G
G9_BC81_191109_LF_LIB_consensus_vsearch	1268	C	Y	658	8	1.17%	2	2	93	93	0.00382453798670624	1	1	535	123	3	5	+A
G9_BC81_191109_LF_LIB_consensus_vsearch	1271	A	R	627	8	1.23%	2	2	93	93	0.0038205694809533087	1	1	501	126	7	1	-G
G9_BC81_191109_LF_LIB_consensus_vsearch	1296	A	R	655	22	3.22%	2	1	93	93	2.0046948112484854E-7	1	1	530	125	22	0	G
G9_BC81_191109_LF_LIB_consensus_vsearch	1301	T	Y	671	8	1.17%	2	1	93	93	0.0038260948798600684	1	1	545	126	8	0	C
G9_BC81_191109_LF_LIB_consensus_vsearch	1310	A	R	666	8	1.18%	2	1	93	93	0.003825503147506549	1	1	539	127	8	0	G
G9_BC81_191109_LF_LIB_consensus_vsearch	1311	T	Y	671	7	1.02%	2	2	93	93	0.007691867780677997	1	1	547	124	5	2	C
G9_BC81_191109_LF_LIB_consensus_vsearch	1315	T	Y	624	7	1.02%	2	1	93	93	0.00768291121366534	1	1	499	125	7	0	+C
G9_BC81_191109_LF_LIB_consensus_vsearch	1317	G	R	658	9	1.34%	2	1	93	93	0.0019007925102782891	1	1	539	119	9	0	A
G9_BC81_191109_LF_LIB_consensus_vsearch	1325	G	R	659	20	2.94%	2	1	93	93	8.274653912968745E-7	1	1	533	126	20	0	A
G9_BC81_191109_LF_LIB_consensus_vsearch	1331	A	R	641	10	1.53%	2	1	93	93	9.431470390590508E-4	1	1	518	123	10	0	G
G9_BC81_191109_LF_LIB_consensus_vsearch	1333	G	R	666	7	1.03%	2	2	93	93	0.007690974238331026	1	1	542	124	6	1	A
G9_BC81_191109_LF_LIB_consensus_vsearch	1339	A	R	636	19	2.79%	2	1	93	93	1.6708048241087542E-6	1	1	508	128	19	0	-C
G9_BC81_191109_LF_LIB_consensus_vsearch	1349	A	R	673	7	1.03%	2	1	93	93	0.007692221529292311	1	1	546	127	7	0	G
G9_BC81_191109_LF_LIB_consensus_vsearch	1368	G	R	662	13	1.9%	2	1	93	93	1.1515495016779301E-4	1	1	536	126	13	0	A
G9_BC81_191109_LF_LIB_consensus_vsearch	1369	G	R	667	8	1.17%	2	2	93	93	0.0038256221918638194	1	1	542	125	7	1	A
G9_BC81_191109_LF_LIB_consensus_vsearch	1369	G	K	667	7	1.02%	2	2	93	93	0.007691154004207902	1	1	542	125	6	1	A
G9_BC81_191109_LF_LIB_consensus_vsearch	1371	C	Y	668	7	1.03%	2	2	93	93	0.00769133323902577	1	1	543	125	5	2	T
G9_BC81_191109_LF_LIB_consensus_vsearch	1377	T	Y	654	7	1.05%	2	2	93	93	0.007688774752311839	1	1	531	123	4	3	C
G9_BC81_191109_LF_LIB_consensus_vsearch	1395	C	Y	657	14	2.08%	2	2	93	93	5.699425972311672E-5	1	1	535	122	9	5	T
G9_BC81_191109_LF_LIB_consensus_vsearch	1396	C	Y	645	10	1.46%	2	1	93	93	9.433490611852128E-4	1	1	523	122	10	0	T
G9_BC81_191109_LF_LIB_consensus_vsearch	1397	T	Y	640	12	1.82%	2	2	93	93	2.319866661695591E-4	1	1	522	118	4	8	C
G9_BC81_191109_LF_LIB_consensus_vsearch	1398	A	R	618	29	4.35%	2	1	93	93	1.3514103148611623E-9	1	1	490	128	29	0	G
G9_BC81_191109_LF_LIB_consensus_vsearch	1399	C	Y	654	9	1.34%	2	1	93	93	0.00190047905916723	1	1	537	117	0	9	T
G9_BC81_191109_LF_LIB_consensus_vsearch	1411	T	K	669	7	1.03%	2	1	93	93	0.007691511945153724	1	1	543	126	7	0	G
G9_BC81_191109_LF_LIB_consensus_vsearch	1419	A	R	669	7	1.03%	2	2	93	93	0.007691511945153724	1	1	545	124	5	2	G
G9_BC81_191109_LF_LIB_consensus_vsearch	1424	T	Y	632	11	1.7%	2	2	93	93	4.6767366118952906E-4	1	1	514	118	4	7	C
G9_BC81_191109_LF_LIB_consensus_vsearch	1429	C	Y	652	9	1.33%	2	2	93	93	0.0019003209213852956	1	1	536	116	1	8	T
G9_BC81_191109_LF_LIB_consensus_vsearch	1430	A	R	623	7	1.05%	2	2	93	93	0.007682706175917277	1	1	508	115	6	1	-C
G9_BC81_191109_LF_LIB_consensus_vsearch	1432	C	S	663	7	1.04%	2	1	93	93	0.007690431730786377	1	1	537	126	7	0	G
G9_BC81_191109_LF_LIB_consensus_vsearch	1435	A	R	670	10	1.47%	2	1	93	93	9.445583754165734E-4	1	1	543	127	10	0	G
G9_BC81_191109_LF_LIB_consensus_vsearch	1438	A	R	642	27	4.01%	2	2	93	93	5.7009983634792865E-9	1	1	519	123	24	3	G
G9_BC81_191109_LF_LIB_consensus_vsearch	1446	A	R	673	8	1.17%	2	2	93	93	0.0038263291516079543	1	1	546	127	7	1	G
G9_BC81_191109_LF_LIB_consensus_vsearch	1450	G	R	591	57	8.52%	2	1	93	93	1.91378006961482E-18	1	1	467	124	57	0	A
G9_BC81_191109_LF_LIB_consensus_vsearch	1452	T	K	582	10	1.47%	2	1	93	93	9.398536450879837E-4	1	1	458	124	10	0	+G
G9_BC81_191109_LF_LIB_consensus_vsearch	1453	A	M	594	9	1.32%	2	1	93	93	0.0018952822596581442	1	1	471	123	9	0	-G
G9_BC81_191109_LF_LIB_consensus_vsearch	1453	A	R	594	8	1.18%	2	2	93	93	0.0038158982838517787	1	1	471	123	7	1	-G
G9_BC81_191109_LF_LIB_consensus_vsearch	1454	G	R	581	17	2.73%	2	1	93	93	6.7984976718225545E-6	1	1	454	127	17	0	A
G9_BC81_191109_LF_LIB_consensus_vsearch	1455	A	R	665	7	1.03%	2	1	93	93	0.007690793939068356	1	1	539	126	7	0	G
G9_BC81_191109_LF_LIB_consensus_vsearch	1461	T	Y	650	7	1.03%	2	2	93	93	0.007688023790642392	1	1	543	107	5	2	-G
G9_BC81_191109_LF_LIB_consensus_vsearch	1477	A	R	673	7	1.02%	2	1	93	93	0.007692221529292311	1	1	546	127	7	0	G
G9_BC81_191109_LF_LIB_consensus_vsearch	1479	G	R	639	29	4.31%	2	1	93	93	1.3654128098721754E-9	1	1	520	119	29	0	A
G9_BC81_191109_LF_LIB_consensus_vsearch	1482	T	Y	671	8	1.17%	2	2	93	93	0.0038260948798600684	1	1	550	121	3	5	C
G9_BC81_191109_LF_LIB_consensus_vsearch	1491	A	R	665	12	1.75%	2	2	93	93	2.3242829916540379E-4	1	1	540	125	10	2	G
G9_BC81_191109_LF_LIB_consensus_vsearch	1503	A	R	670	9	1.32%	2	1	93	93	0.0019017108625084104	1	1	544	126	9	0	G
G9_BC81_191109_LF_LIB_consensus_vsearch	1504	C	Y	673	8	1.17%	2	2	93	93	0.0038263291516079543	1	1	553	120	3	5	T
G9_BC81_191109_LF_LIB_consensus_vsearch	1510	A	R	672	8	1.17%	2	2	93	93	0.0038262121871574886	1	1	549	123	3	5	G
G9_BC81_191109_LF_LIB_consensus_vsearch	1511	A	R	675	7	1.02%	2	2	93	93	0.007692573209303539	1	1	553	122	1	6	G
G9_BC81_191109_LF_LIB_consensus_vsearch	1519	A	R	676	7	1.02%	2	1	93	93	0.007692748279243189	1	1	548	128	7	0	G
G9_BC81_191109_LF_LIB_consensus_vsearch	1522	G	R	670	7	1.03%	2	1	93	93	0.007691690124933204	1	1	544	126	7	0	A
G9_BC81_191109_LF_LIB_consensus_vsearch	1533	C	Y	552	14	2.07%	2	2	93	93	5.626592492019193E-5	1	1	436	116	5	9	-G
G9_BC81_191109_LF_LIB_consensus_vsearch	1534	G	K	545	11	1.89%	2	2	93	93	4.6449877293201324E-4	1	1	424	121	8	3	-A
G9_BC81_191109_LF_LIB_consensus_vsearch	1535	A	R	656	8	1.19%	2	2	93	93	0.0038242930806613286	1	1	532	124	7	1	G
G9_BC81_191109_LF_LIB_consensus_vsearch	1545	A	R	676	9	1.31%	2	2	93	93	0.0019021580576563692	1	1	551	125	6	3	G
G9_BC81_191109_LF_LIB_consensus_vsearch	1554	G	R	659	10	1.48%	2	1	93	93	9.44037302205177E-4	1	1	533	126	10	0	A
G9_BC81_191109_LF_LIB_consensus_vsearch	1556	A	R	627	7	1.1%	2	2	93	93	0.007683522458510221	1	1	513	114	4	3	G
G9_BC81_191109_LF_LIB_consensus_vsearch	1559	A	R	673	9	1.31%	2	2	93	93	0.001901935436692325	1	1	547	126	8	1	G
G9_BC81_191109_LF_LIB_consensus_vsearch	1561	G	R	645	12	1.76%	2	2	93	93	2.3207763668338672E-4	1	1	519	126	11	1	-C
G9_BC81_191109_LF_LIB_consensus_vsearch	1564	A	R	601	61	8.94%	2	1	93	93	1.0183944465385997E-19	1	1	477	124	61	0	G
G9_BC81_191109_LF_LIB_consensus_vsearch	1566	G	R	666	16	2.34%	2	1	93	93	1.3959579282431563E-5	1	1	540	126	16	0	A
G9_BC81_191109_LF_LIB_consensus_vsearch	1568	A	R	657	8	1.19%	2	1	93	93	0.0038244157169107992	1	1	531	126	8	0	G
G9_BC81_191109_LF_LIB_consensus_vsearch	1569	T	K	662	7	1.03%	2	1	93	93	0.0076902498170032686	1	1	538	124	7	0	G
G9_BC81_191109_LF_LIB_consensus_vsearch	1570	T	Y	659	11	1.61%	2	1	93	93	4.6849349314201534E-4	1	1	533	126	11	0	C
G9_BC81_191109_LF_LIB_consensus_vsearch	1572	T	Y	666	7	1.03%	2	2	93	93	0.007690974238331026	1	1	542	124	6	1	C
G9_BC81_191109_LF_LIB_consensus_vsearch	1573	A	R	598	8	1.18%	2	2	93	93	0.0038164914375851252	1	1	500	98	7	1	-C
G9_BC81_191109_LF_LIB_consensus_vsearch	1577	C	Y	650	13	1.9%	2	2	93	93	1.1503230447135723E-4	1	1	525	125	10	3	+A
G9_BC81_191109_LF_LIB_consensus_vsearch	1580	A	R	671	7	1.02%	2	1	93	93	0.007691867780677997	1	1	543	128	7	0	G
G9_BC81_191109_LF_LIB_consensus_vsearch	1588	A	R	613	14	2.11%	2	2	93	93	5.671796926825033E-5	1	1	487	126	13	1	G
G9_BC81_191109_LF_LIB_consensus_vsearch	1588	A	W	613	19	2.86%	2	1	93	93	1.6626535412585391E-6	1	1	487	126	19	0	T
G9_BC81_191109_LF_LIB_consensus_vsearch	1589	T	Y	654	8	1.18%	2	2	93	93	0.0038240467022021517	1	1	528	126	7	1	-A
G9_BC81_191109_LF_LIB_consensus_vsearch	1590	A	R	650	9	1.35%	2	1	93	93	0.0019001618307603737	1	1	523	127	9	0	G
G9_BC81_191109_LF_LIB_consensus_vsearch	1593	A	R	657	11	1.62%	2	1	93	93	4.6843500815013563E-4	1	1	531	126	11	0	G
G9_BC81_191109_LF_LIB_consensus_vsearch	1606	C	Y	627	51	7.48%	2	2	93	93	1.671922955390355E-16	1	1	504	123	47	4	T
G9_BC81_191109_LF_LIB_consensus_vsearch	1607	C	Y	599	68	9.94%	2	2	93	93	5.603289800299683E-22	1	1	494	105	48	20	T
G9_BC81_191109_LF_LIB_consensus_vsearch	1609	A	M	626	30	4.4%	2	2	93	93	6.634108999923749E-10	1	1	503	123	28	2	C
G9_BC81_191109_LF_LIB_consensus_vsearch	1609	A	W	626	18	2.64%	2	2	93	93	3.381882448475114E-6	1	1	503	123	16	2	C
G9_BC81_191109_LF_LIB_consensus_vsearch	1615	C	Y	646	10	1.46%	2	2	93	93	9.4339918564782E-4	1	1	539	107	1	9	-AC
G9_BC81_191109_LF_LIB_consensus_vsearch	1619	C	Y	655	12	1.76%	2	2	93	93	2.3225555337026962E-4	1	1	547	108	1	11	T
G9_BC81_191109_LF_LIB_consensus_vsearch	1622	C	Y	639	9	1.32%	2	2	93	93	0.0018992694090921244	1	1	526	113	1	8	+A
G9_BC81_191109_LF_LIB_consensus_vsearch	1624	A	R	593	9	1.49%	2	2	93	93	0.0018951869403117238	1	1	494	99	8	1	G
G9_BC81_191109_LF_LIB_consensus_vsearch	1627	A	R	645	30	4.38%	2	1	93	93	6.699195789631915E-10	1	1	521	124	30	0	G
G9_BC81_191109_LF_LIB_consensus_vsearch	1637	C	Y	672	10	1.46%	2	2	93	93	9.44651327595617E-4	1	1	552	120	3	7	T
G9_BC81_191109_LF_LIB_consensus_vsearch	1642	A	R	642	8	1.22%	2	1	93	93	0.003822536753322346	1	1	516	126	8	0	G
G9_BC81_191109_LF_LIB_consensus_vsearch	1646	T	Y	659	9	1.32%	2	2	93	93	0.0019008702907401438	1	1	537	122	5	4	-AT
G9_BC81_191109_LF_LIB_consensus_vsearch	1654	C	Y	669	7	1.02%	2	1	93	93	0.007691511945153724	1	1	549	120	0	7	T
G9_BC81_191109_LF_LIB_consensus_vsearch	1655	A	R	664	7	1.03%	2	2	93	93	0.0076906131040095	1	1	538	126	6	1	G
G9_BC81_191109_LF_LIB_consensus_vsearch	1660	T	Y	664	8	1.18%	2	2	93	93	0.003825264001117595	1	1	542	122	5	3	C
G9_BC81_191109_LF_LIB_consensus_vsearch	1662	T	Y	660	11	1.61%	2	2	93	93	4.6852260658310105E-4	1	1	538	122	8	3	C
G9_BC81_191109_LF_LIB_consensus_vsearch	1664	A	R	663	15	2.19%	2	1	93	93	2.821999433004045E-5	1	1	535	128	15	0	G
G9_BC81_191109_LF_LIB_consensus_vsearch	1668	A	R	658	8	1.18%	2	2	93	93	0.00382453798670624	1	1	535	123	7	1	G
G9_BC81_191109_LF_LIB_consensus_vsearch	1678	G	R	669	9	1.33%	2	1	93	93	0.0019016355659458553	1	1	544	125	9	0	A
G9_BC81_191109_LF_LIB_consensus_vsearch	1691	G	R	565	57	9.13%	2	1	93	93	1.8087484093216092E-18	1	1	439	126	57	0	A
G9_BC81_191109_LF_LIB_consensus_vsearch	1694	G	K	523	13	1.91%	2	1	93	93	1.1340618031334358E-4	1	1	403	120	13	0	-T
G9_BC81_191109_LF_LIB_consensus_vsearch	1695	T	K	554	37	6.19%	2	1	93	93	4.067675235554444E-12	1	1	435	119	37	0	G
G9_BC81_191109_LF_LIB_consensus_vsearch	1698	T	Y	675	7	1.02%	2	2	93	93	0.007692573209303539	1	1	550	125	5	2	C
G9_BC81_191109_LF_LIB_consensus_vsearch	1703	A	R	669	7	1.02%	2	1	93	93	0.007691511945153724	1	1	544	125	7	0	G
G9_BC81_191109_LF_LIB_consensus_vsearch	1704	G	R	649	20	2.93%	2	1	93	93	8.256854159924684E-7	1	1	526	123	20	0	A
G9_BC81_191109_LF_LIB_consensus_vsearch	1713	A	R	649	24	3.54%	2	1	93	93	4.837711649036605E-8	1	1	523	126	24	0	G
G9_BC81_191109_LF_LIB_consensus_vsearch	1720	T	Y	665	10	1.47%	2	2	93	93	9.443236086866028E-4	1	1	547	118	2	8	C
G9_BC81_191109_LF_LIB_consensus_vsearch	1721	T	Y	671	8	1.17%	2	2	93	93	0.0038260948798600684	1	1	547	124	6	2	C
G9_BC81_191109_LF_LIB_consensus_vsearch	1723	A	R	664	8	1.17%	2	2	93	93	0.003825264001117595	1	1	540	124	7	1	G
G9_BC81_191109_LF_LIB_consensus_vsearch	1726	T	Y	666	9	1.32%	2	2	93	93	0.0019014083472220235	1	1	548	118	5	4	C
G9_BC81_191109_LF_LIB_consensus_vsearch	1734	A	R	561	7	1.22%	2	2	93	93	0.007668588879253857	1	1	458	103	6	1	G
G9_BC81_191109_LF_LIB_consensus_vsearch	1741	G	K	662	10	1.47%	2	1	93	93	9.441810882382281E-4	1	1	539	123	10	0	T
G9_BC81_191109_LF_LIB_consensus_vsearch	1748	T	W	640	11	1.66%	2	1	93	93	4.6792356968918653E-4	1	1	520	120	11	0	A
G9_BC81_191109_LF_LIB_consensus_vsearch	1748	T	Y	640	12	1.81%	2	2	93	93	2.319866661695591E-4	1	1	520	120	8	4	C
G9_BC81_191109_LF_LIB_consensus_vsearch	1749	T	Y	662	10	1.48%	2	2	93	93	9.441810882382281E-4	1	1	536	126	9	1	C
G9_BC81_191109_LF_LIB_consensus_vsearch	1750	A	R	658	15	2.21%	2	2	93	93	2.8203409459968824E-5	1	1	531	127	14	1	G
G9_BC81_191109_LF_LIB_consensus_vsearch	1752	A	R	612	7	1.06%	2	2	93	93	0.007680407180211814	1	1	488	124	5	2	-C
G9_BC81_191109_LF_LIB_consensus_vsearch	1753	C	S	609	8	1.26%	2	1	93	93	0.003818083166867038	1	1	484	125	8	0	+AC
G9_BC81_191109_LF_LIB_consensus_vsearch	1754	C	M	525	14	2.07%	2	1	93	93	5.603416627508612E-5	1	1	400	125	14	0	-A
G9_BC81_191109_LF_LIB_consensus_vsearch	1763	A	R	666	7	1.03%	2	1	93	93	0.007690974238331026	1	1	540	126	7	0	G
G9_BC81_191109_LF_LIB_consensus_vsearch	1764	G	R	659	7	1.04%	2	1	93	93	0.007689700807880409	1	1	536	123	7	0	A
G9_BC81_191109_LF_LIB_consensus_vsearch	1771	C	M	669	7	1.03%	2	1	93	93	0.007691511945153724	1	1	544	125	7	0	A
G9_BC81_191109_LF_LIB_consensus_vsearch	1772	C	Y	651	11	1.61%	2	2	93	93	4.682574605986325E-4	1	1	530	121	9	2	-G
G9_BC81_191109_LF_LIB_consensus_vsearch	1773	G	R	656	13	1.94%	2	2	93	93	1.1509416617614E-4	1	1	532	124	11	2	A
G9_BC81_191109_LF_LIB_consensus_vsearch	1774	G	R	649	16	2.35%	2	1	93	93	1.39274833179092E-5	1	1	523	126	16	0	A
G9_BC81_191109_LF_LIB_consensus_vsearch	1778	T	Y	655	8	1.19%	2	2	93	93	0.003824170076316906	1	1	532	123	7	1	C
G9_BC81_191109_LF_LIB_consensus_vsearch	1779	G	R	658	11	1.62%	2	2	93	93	4.684642937915707E-4	1	1	533	125	10	1	A
G9_BC81_191109_LF_LIB_consensus_vsearch	1780	C	Y	661	12	1.75%	2	2	93	93	2.3235980684521864E-4	1	1	544	117	6	6	T
G9_BC81_191109_LF_LIB_consensus_vsearch	1781	G	R	667	10	1.47%	2	2	93	93	9.444179274457236E-4	1	1	543	124	9	1	A
G9_BC81_191109_LF_LIB_consensus_vsearch	1785	G	S	644	19	2.78%	2	2	93	93	1.6735144005729543E-6	1	1	518	126	18	1	C
G9_BC81_191109_LF_LIB_consensus_vsearch	1788	C	S	590	8	1.23%	2	2	93	93	0.003815297238788008	1	1	474	116	7	1	+G
G9_BC81_191109_LF_LIB_consensus_vsearch	1790	T	W	556	7	1.23%	2	1	93	93	0.0076673153898888695	1	1	468	88	7	0	A
G9_BC81_191109_LF_LIB_consensus_vsearch	1791	T	W	590	13	2.08%	2	1	93	93	1.1434749666655842E-4	1	1	466	124	13	0	A
G9_BC81_191109_LF_LIB_consensus_vsearch	1791	T	Y	590	7	1.12%	2	1	93	93	0.007675555892850146	1	1	466	124	7	0	A
G9_BC81_191109_LF_LIB_consensus_vsearch	1792	T	Y	640	32	4.71%	2	2	93	93	1.5955207419381907E-10	1	1	521	119	27	5	C
G9_BC81_191109_LF_LIB_consensus_vsearch	1794	C	Y	663	8	1.18%	2	2	93	93	0.003825143895930989	1	1	541	122	2	6	T
G9_BC81_191109_LF_LIB_consensus_vsearch	1796	A	R	669	8	1.17%	2	2	93	93	0.003825859230664742	1	1	544	125	7	1	G
G9_BC81_191109_LF_LIB_consensus_vsearch	1802	A	M	669	9	1.32%	2	2	93	93	0.0019016355659458553	1	1	547	122	5	4	C
G9_BC81_191109_LF_LIB_consensus_vsearch	1804	T	Y	665	8	1.18%	2	2	93	93	0.003825383751108893	1	1	543	122	3	5	C
G9_BC81_191109_LF_LIB_consensus_vsearch	1807	A	W	458	7	1.47%	2	2	93	93	0.0076368503276010025	1	1	346	112	6	1	T
G9_BC81_191109_LF_LIB_consensus_vsearch	1812	A	R	652	18	2.65%	2	1	93	93	3.397935256455452E-6	1	1	524	128	18	0	G
G9_BC81_191109_LF_LIB_consensus_vsearch	1814	T	Y	647	7	1.05%	2	2	93	93	0.007687454559703911	1	1	526	121	5	2	C
G9_BC81_191109_LF_LIB_consensus_vsearch	1823	A	R	641	7	1.03%	2	1	93	93	0.007686300335381792	1	1	518	123	7	0	-C
G9_BC81_191109_LF_LIB_consensus_vsearch	1827	A	R	627	8	1.19%	2	2	93	93	0.0038205694809533087	1	1	509	118	7	1	-CA
G9_BC81_191109_LF_LIB_consensus_vsearch	1843	A	R	669	11	1.61%	2	1	93	93	4.687808233562141E-4	1	1	542	127	11	0	G
G9_BC81_191109_LF_LIB_consensus_vsearch	1846	T	Y	663	9	1.33%	2	2	93	93	0.0019011791143256859	1	1	547	116	4	5	C
G9_BC81_191109_LF_LIB_consensus_vsearch	1847	T	Y	673	7	1.02%	2	2	93	93	0.007692221529292311	1	1	552	121	3	4	C
G9_BC81_191109_LF_LIB_consensus_vsearch	1848	T	Y	574	7	1.02%	2	2	93	93	0.007671797729860669	1	1	510	64	5	2	-C
G9_BC81_191109_LF_LIB_consensus_vsearch	1857	A	R	660	14	2.05%	2	1	93	93	5.701181600772116E-5	1	1	535	125	14	0	G
G9_BC81_191109_LF_LIB_consensus_vsearch	1869	A	R	651	9	1.35%	2	1	93	93	0.0019002414957144614	1	1	523	128	9	0	G
G9_BC81_191109_LF_LIB_consensus_vsearch	1871	T	Y	669	9	1.32%	2	2	93	93	0.0019016355659458553	1	1	545	124	6	3	C
G9_BC81_191109_LF_LIB_consensus_vsearch	1877	A	R	662	9	1.32%	2	2	93	93	0.0019011022511233608	1	1	543	119	8	1	G
G9_BC81_191109_LF_LIB_consensus_vsearch	1879	T	Y	671	8	1.17%	2	2	93	93	0.0038260948798600684	1	1	550	121	3	5	C
G9_BC81_191109_LF_LIB_consensus_vsearch	1883	T	Y	566	7	1.21%	2	2	93	93	0.007669840222466952	1	1	498	68	2	5	C
G9_BC81_191109_LF_LIB_consensus_vsearch	1890	A	R	674	8	1.17%	2	2	93	93	0.0038264457747110613	1	1	548	126	6	2	G
G9_BC81_191109_LF_LIB_consensus_vsearch	1897	T	Y	676	7	1.02%	2	2	93	93	0.007692748279243189	1	1	551	125	5	2	C
G9_BC81_191109_LF_LIB_consensus_vsearch	1901	T	Y	669	7	1.02%	2	2	93	93	0.007691511945153724	1	1	545	124	6	1	C
G9_BC81_191109_LF_LIB_consensus_vsearch	1913	G	R	651	24	3.54%	2	1	93	93	4.840757516135971E-8	1	1	524	127	24	0	A
G9_BC81_191109_LF_LIB_consensus_vsearch	1916	A	R	665	11	1.62%	2	1	93	93	4.686668983151157E-4	1	1	538	127	11	0	G
G9_BC81_191109_LF_LIB_consensus_vsearch	1920	G	R	651	8	1.17%	2	2	93	93	0.0038236743445426657	1	1	524	127	7	1	+T
G9_BC81_191109_LF_LIB_consensus_vsearch	1920	G	K	651	9	1.32%	2	1	93	93	0.0019002414957144614	1	1	524	127	9	0	T
G9_BC81_191109_LF_LIB_consensus_vsearch	1921	T	Y	673	7	1.02%	2	2	93	93	0.007692221529292311	1	1	548	125	6	1	C
G9_BC81_191109_LF_LIB_consensus_vsearch	1930	G	R	668	15	2.19%	2	2	93	93	2.8236343294147523E-5	1	1	541	127	14	1	A
G9_BC81_191109_LF_LIB_consensus_vsearch	1938	G	R	636	10	1.52%	2	2	93	93	9.428910292298708E-4	1	1	511	125	9	1	A
G9_BC81_191109_LF_LIB_consensus_vsearch	1939	C	M	642	13	1.95%	2	2	93	93	1.1494809564029318E-4	1	1	516	126	12	1	A
G9_BC81_191109_LF_LIB_consensus_vsearch	1940	C	Y	647	22	3.27%	2	2	93	93	2.0004750131394906E-7	1	1	522	125	21	1	T
G9_BC81_191109_LF_LIB_consensus_vsearch	1944	A	R	639	12	1.79%	2	1	93	93	2.3196830720421558E-4	1	1	511	128	12	0	-T
G9_BC81_191109_LF_LIB_consensus_vsearch	1945	T	K	647	16	2.39%	2	1	93	93	1.3923602834538202E-5	1	1	520	127	16	0	G
G9_BC81_191109_LF_LIB_consensus_vsearch	1947	T	Y	662	7	1.02%	2	1	93	93	0.0076902498170032686	1	1	538	124	7	0	-A
G9_BC81_191109_LF_LIB_consensus_vsearch	1948	A	R	631	41	6.09%	2	2	93	93	2.4239418906741864E-13	1	1	507	124	40	1	G
G9_BC81_191109_LF_LIB_consensus_vsearch	1949	G	R	662	14	2.05%	2	1	93	93	5.702343572338157E-5	1	1	538	124	14	0	A
G9_BC81_191109_LF_LIB_consensus_vsearch	1951	T	Y	655	8	1.2%	2	2	93	93	0.003824170076316906	1	1	540	115	4	4	C
G9_BC81_191109_LF_LIB_consensus_vsearch	1963	T	K	668	10	1.46%	2	1	93	93	9.444648801915616E-4	1	1	544	124	10	0	G
G9_BC81_191109_LF_LIB_consensus_vsearch	1976	T	Y	657	11	1.61%	2	1	93	93	4.6843500815013563E-4	1	1	535	122	11	0	C
G9_BC81_191109_LF_LIB_consensus_vsearch	1978	A	R	655	7	1.03%	2	1	93	93	0.007688961079086654	1	1	528	127	7	0	-G
G9_BC81_191109_LF_LIB_consensus_vsearch	1989	C	Y	661	9	1.31%	2	2	93	93	0.0019010251601450372	1	1	549	112	2	7	T
G9_BC81_191109_LF_LIB_consensus_vsearch	1995	A	R	669	7	1.02%	2	1	93	93	0.007691511945153724	1	1	544	125	7	0	G
G9_BC81_191109_LF_LIB_consensus_vsearch	1997	T	Y	663	7	1.03%	2	2	93	93	0.007690431730786377	1	1	545	118	4	3	C
G9_BC81_191109_LF_LIB_consensus_vsearch	2014	T	Y	675	7	1.02%	2	2	93	93	0.007692573209303539	1	1	551	124	5	2	C
G9_BC81_191109_LF_LIB_consensus_vsearch	2015	A	R	675	8	1.17%	2	1	93	93	0.003826562057959725	1	1	547	128	8	0	G
G9_BC81_191109_LF_LIB_consensus_vsearch	2018	A	R	663	7	1.03%	2	2	93	93	0.007690431730786377	1	1	536	127	6	1	G
G9_BC81_191109_LF_LIB_consensus_vsearch	2019	C	Y	665	7	1.03%	2	2	93	93	0.007690793939068356	1	1	539	126	5	2	T
G9_BC81_191109_LF_LIB_consensus_vsearch	2020	A	R	658	8	1.19%	2	1	93	93	0.00382453798670624	1	1	531	127	8	0	G
G9_BC81_191109_LF_LIB_consensus_vsearch	2023	G	K	653	21	3.08%	2	1	93	93	4.0706655300528956E-7	1	1	527	126	21	0	T
G9_BC81_191109_LF_LIB_consensus_vsearch	2040	A	R	586	7	1.18%	2	1	93	93	0.007674635299574334	1	1	460	126	7	0	G
G9_BC81_191109_LF_LIB_consensus_vsearch	2044	A	R	641	24	3.53%	2	2	93	93	4.825361329482658E-8	1	1	514	127	23	1	G
G9_BC81_191109_LF_LIB_consensus_vsearch	2046	G	R	534	100	15.72%	2	1	93	93	1.1350439011080695E-32	1	1	438	96	100	0	A
G9_BC81_191109_LF_LIB_consensus_vsearch	2047	G	R	659	18	2.65%	2	1	93	93	3.4020559521007883E-6	1	1	531	128	18	0	A
G9_BC81_191109_LF_LIB_consensus_vsearch	2055	A	R	570	13	1.91%	2	2	93	93	1.1408863153197961E-4	1	1	494	76	11	2	-C
G9_BC81_191109_LF_LIB_consensus_vsearch	2067	A	R	606	14	2.06%	2	2	93	93	5.66704937494216E-5	1	1	484	122	13	1	-C
G9_BC81_191109_LF_LIB_consensus_vsearch	2088	A	R	571	23	3.63%	2	1	93	93	9.594671912415043E-8	1	1	452	119	23	0	G
G9_BC81_191109_LF_LIB_consensus_vsearch	2090	C	S	620	46	6.84%	2	1	93	93	6.355560328575197E-15	1	1	493	127	46	0	G
G9_BC81_191109_LF_LIB_consensus_vsearch	2094	G	R	675	7	1.02%	2	1	93	93	0.007692573209303539	1	1	547	128	7	0	A
G9_BC81_191109_LF_LIB_consensus_vsearch	2097	G	R	659	7	1.04%	2	1	93	93	0.007689700807880409	1	1	534	125	7	0	A
G9_BC81_191109_LF_LIB_consensus_vsearch	2099	C	Y	668	9	1.31%	2	1	93	93	0.0019015600485241956	1	1	540	128	9	0	T
G9_BC81_191109_LF_LIB_consensus_vsearch	2102	C	M	617	7	1.03%	2	1	93	93	0.007681462193627429	1	1	493	124	7	0	-G
G9_BC81_191109_LF_LIB_consensus_vsearch	2102	C	Y	617	8	1.18%	2	2	93	93	0.0038192057824281843	1	1	493	124	4	4	T
G9_BC81_191109_LF_LIB_consensus_vsearch	2103	G	R	598	14	2.15%	2	1	93	93	5.661494177774471E-5	1	1	486	112	14	0	-A
G9_BC81_191109_LF_LIB_consensus_vsearch	2105	A	M	655	14	2.06%	2	1	93	93	5.698247019721081E-5	1	1	529	126	14	0	C
G9_BC81_191109_LF_LIB_consensus_vsearch	2105	A	R	655	7	1.03%	2	2	93	93	0.007688961079086654	1	1	529	126	6	1	C
G9_BC81_191109_LF_LIB_consensus_vsearch	2107	A	R	637	30	4.38%	2	1	93	93	6.672176020151338E-10	1	1	510	127	30	0	G
G9_BC81_191109_LF_LIB_consensus_vsearch	2109	G	R	594	22	3.52%	2	1	93	93	1.9699682909272548E-7	1	1	473	121	22	0	A
G9_BC81_191109_LF_LIB_consensus_vsearch	2112	T	K	630	24	3.52%	2	1	93	93	4.8079310736802696E-8	1	1	518	112	24	0	G
G9_BC81_191109_LF_LIB_consensus_vsearch	2114	T	Y	630	9	1.4%	2	2	93	93	0.0018985165652286944	1	1	539	91	7	2	C
G9_BC81_191109_LF_LIB_consensus_vsearch	2116	T	Y	647	8	1.17%	2	2	93	93	0.0038231725885201516	1	1	525	122	7	1	-A
G9_BC81_191109_LF_LIB_consensus_vsearch	2120	T	K	659	22	3.22%	2	1	93	93	2.006770187740374E-7	1	1	532	127	22	0	G
G9_BC81_191109_LF_LIB_consensus_vsearch	2125	A	R	668	7	1.02%	2	1	93	93	0.00769133323902577	1	1	546	122	7	0	G
G9_BC81_191109_LF_LIB_consensus_vsearch	2133	T	Y	662	8	1.17%	2	2	93	93	0.003825023434003376	1	1	538	124	6	2	C
G9_BC81_191109_LF_LIB_consensus_vsearch	2135	G	R	648	7	1.03%	2	1	93	93	0.007687644880936083	1	1	520	128	7	0	A
G9_BC81_191109_LF_LIB_consensus_vsearch	2135	G	K	648	25	3.68%	2	1	93	93	2.3749431620427366E-8	1	1	520	128	25	0	T
G9_BC81_191109_LF_LIB_consensus_vsearch	2139	A	R	660	14	2.04%	2	2	93	93	5.701181600772116E-5	1	1	534	126	13	1	G
G9_BC81_191109_LF_LIB_consensus_vsearch	2142	A	R	671	8	1.17%	2	1	93	93	0.0038260948798600684	1	1	543	128	8	0	G
G9_BC81_191109_LF_LIB_consensus_vsearch	2160	A	R	658	8	1.17%	2	2	93	93	0.00382453798670624	1	1	533	125	7	1	-G
G9_BC81_191109_LF_LIB_consensus_vsearch	2168	C	M	648	7	1.06%	2	1	93	93	0.007687644880936083	1	1	521	127	7	0	A
G9_BC81_191109_LF_LIB_consensus_vsearch	2170	G	R	557	26	4.44%	2	1	93	93	1.1206037812215373E-8	1	1	430	127	26	0	A
G9_BC81_191109_LF_LIB_consensus_vsearch	2179	G	R	658	12	1.75%	2	1	93	93	2.3230790969200313E-4	1	1	534	124	12	0	A
G9_BC81_191109_LF_LIB_consensus_vsearch	2180	C	Y	662	8	1.19%	2	1	93	93	0.003825023434003376	1	1	537	125	8	0	T
G9_BC81_191109_LF_LIB_consensus_vsearch	2185	A	R	663	7	1.03%	2	1	93	93	0.007690431730786377	1	1	536	127	7	0	G
G9_BC81_191109_LF_LIB_consensus_vsearch	2194	A	R	669	8	1.17%	2	1	93	93	0.003825859230664742	1	1	547	122	8	0	G
G9_BC81_191109_LF_LIB_consensus_vsearch	2201	T	Y	650	11	1.62%	2	2	93	93	4.682275600724391E-4	1	1	534	116	4	7	C
G9_BC81_191109_LF_LIB_consensus_vsearch	2201	T	K	650	12	1.77%	2	1	93	93	2.3216725578780343E-4	1	1	534	116	12	0	G
G9_BC81_191109_LF_LIB_consensus_vsearch	2203	A	R	655	12	1.76%	2	1	93	93	2.3225555337026962E-4	1	1	535	120	12	0	G
G9_BC81_191109_LF_LIB_consensus_vsearch	2209	T	Y	637	8	1.24%	2	2	93	93	0.003821891110634261	1	1	526	111	6	2	C
G9_BC81_191109_LF_LIB_consensus_vsearch	2213	C	Y	651	7	1.05%	2	2	93	93	0.007688212384386832	1	1	541	110	1	6	+A
G9_BC81_191109_LF_LIB_consensus_vsearch	2218	G	R	666	8	1.19%	2	1	93	93	0.003825503147506549	1	1	538	128	8	0	A
G9_BC81_191109_LF_LIB_consensus_vsearch	2235	A	R	670	7	1.02%	2	2	93	93	0.007691690124933204	1	1	548	122	4	3	G
G9_BC81_191109_LF_LIB_consensus_vsearch	2240	A	R	652	20	2.93%	2	2	93	93	8.262246486817746E-7	1	1	531	121	19	1	G
G9_BC81_191109_LF_LIB_consensus_vsearch	2242	C	Y	651	9	1.33%	2	2	93	93	0.0019002414957144614	1	1	539	112	4	5	T
G9_BC81_191109_LF_LIB_consensus_vsearch	2243	G	R	650	22	3.25%	2	2	93	93	2.002068359369506E-7	1	1	528	122	21	1	A
G9_BC81_191109_LF_LIB_consensus_vsearch	2253	A	R	634	25	3.67%	2	1	93	93	2.363299003189265E-8	1	1	508	126	25	0	G
G9_BC81_191109_LF_LIB_consensus_vsearch	2255	T	W	628	7	1.09%	2	1	93	93	0.007683724927463553	1	1	504	124	7	0	A
G9_BC81_191109_LF_LIB_consensus_vsearch	2255	T	Y	628	7	1.09%	2	1	93	93	0.007683724927463553	1	1	504	124	7	0	A
G9_BC81_191109_LF_LIB_consensus_vsearch	2256	T	Y	652	13	1.91%	2	2	93	93	1.1505304654887658E-4	1	1	537	115	11	2	C
G9_BC81_191109_LF_LIB_consensus_vsearch	2269	A	R	623	17	2.56%	2	1	93	93	6.850817126571179E-6	1	1	497	126	17	0	+G
G9_BC81_191109_LF_LIB_consensus_vsearch	2271	T	Y	670	9	1.32%	2	2	93	93	0.0019017108625084104	1	1	549	121	3	6	C
G9_BC81_191109_LF_LIB_consensus_vsearch	2275	A	R	669	9	1.31%	2	1	93	93	0.0019016355659458553	1	1	541	128	9	0	G
G9_BC81_191109_LF_LIB_consensus_vsearch	2276	C	Y	665	7	1.02%	2	2	93	93	0.007690793939068356	1	1	544	121	6	1	T
G9_BC81_191109_LF_LIB_consensus_vsearch	2277	A	R	665	8	1.18%	2	2	93	93	0.003825383751108893	1	1	543	122	6	2	G
G9_BC81_191109_LF_LIB_consensus_vsearch	2278	A	R	661	14	2.06%	2	1	93	93	5.7017634264194104E-5	1	1	538	123	14	0	G
G9_BC81_191109_LF_LIB_consensus_vsearch	2281	C	Y	649	10	1.51%	2	2	93	93	9.435486554556352E-4	1	1	522	127	9	1	T
G9_BC81_191109_LF_LIB_consensus_vsearch	2282	A	R	641	8	1.21%	2	2	93	93	0.003822408416603577	1	1	516	125	7	1	G
G9_BC81_191109_LF_LIB_consensus_vsearch	2285	A	R	671	8	1.17%	2	2	93	93	0.0038260948798600684	1	1	546	125	6	2	G
G9_BC81_191109_LF_LIB_consensus_vsearch	2288	T	Y	670	10	1.46%	2	2	93	93	9.445583754165734E-4	1	1	550	120	2	8	C
G9_BC81_191109_LF_LIB_consensus_vsearch	2292	G	R	660	16	2.35%	2	1	93	93	1.3948429403627155E-5	1	1	534	126	16	0	A
G9_BC81_191109_LF_LIB_consensus_vsearch	2293	T	Y	566	9	1.32%	2	2	93	93	0.0018924890471757854	1	1	455	111	8	1	-A
G9_BC81_191109_LF_LIB_consensus_vsearch	2294	A	M	585	12	1.98%	2	1	93	93	2.3088726695666827E-4	1	1	467	118	12	0	C
G9_BC81_191109_LF_LIB_consensus_vsearch	2294	A	R	585	8	1.32%	2	2	93	93	0.0038145345933480535	1	1	467	118	6	2	C
G9_BC81_191109_LF_LIB_consensus_vsearch	2311	A	R	668	11	1.62%	2	1	93	93	4.6875246633014286E-4	1	1	541	127	11	0	G
G9_BC81_191109_LF_LIB_consensus_vsearch	2312	G	R	670	9	1.32%	2	1	93	93	0.0019017108625084104	1	1	543	127	9	0	A
G9_BC81_191109_LF_LIB_consensus_vsearch	2332	T	W	661	7	1.04%	2	1	93	93	0.0076900673602228325	1	1	536	125	7	0	A
G9_BC81_191109_LF_LIB_consensus_vsearch	2333	T	Y	672	7	1.02%	2	2	93	93	0.007692044914716208	1	1	548	124	6	1	C
G9_BC81_191109_LF_LIB_consensus_vsearch	2334	A	R	670	8	1.18%	2	2	93	93	0.0038259772281954976	1	1	552	118	1	7	G
G9_BC81_191109_LF_LIB_consensus_vsearch	2335	T	Y	665	7	1.03%	2	1	93	93	0.007690793939068356	1	1	548	117	0	7	C
G9_BC81_191109_LF_LIB_consensus_vsearch	2339	A	R	662	7	1.04%	2	2	93	93	0.0076902498170032686	1	1	539	123	4	3	G
G9_BC81_191109_LF_LIB_consensus_vsearch	2345	A	R	654	14	2.06%	2	2	93	93	5.697654960938666E-5	1	1	532	122	13	1	G
G9_BC81_191109_LF_LIB_consensus_vsearch	2352	G	K	661	16	2.35%	2	1	93	93	1.3950300978900542E-5	1	1	534	127	16	0	T
G9_BC81_191109_LF_LIB_consensus_vsearch	2379	A	R	675	7	1.02%	2	2	93	93	0.007692573209303539	1	1	552	123	4	3	G
G9_BC81_191109_LF_LIB_consensus_vsearch	2383	A	R	667	10	1.47%	2	2	93	93	9.444179274457236E-4	1	1	542	125	8	2	G
G9_BC81_191109_LF_LIB_consensus_vsearch	2385	A	R	664	9	1.33%	2	1	93	93	0.0019012557507408912	1	1	536	128	9	0	G
G9_BC81_191109_LF_LIB_consensus_vsearch	2389	T	Y	585	7	1.17%	2	2	93	93	0.007674403214110395	1	1	482	103	6	1	C
G9_BC81_191109_LF_LIB_consensus_vsearch	2392	T	Y	656	11	1.61%	2	1	93	93	4.684056358370776E-4	1	1	530	126	11	0	C
G9_BC81_191109_LF_LIB_consensus_vsearch	2393	A	R	670	10	1.47%	2	2	93	93	9.445583754165734E-4	1	1	543	127	9	1	G
G9_BC81_191109_LF_LIB_consensus_vsearch	2396	T	Y	666	7	1.02%	2	2	93	93	0.007690974238331026	1	1	543	123	4	3	+C
G9_BC81_191109_LF_LIB_consensus_vsearch	2404	A	R	639	12	1.75%	2	1	93	93	2.3196830720421558E-4	1	1	511	128	12	0	+G
G9_BC81_191109_LF_LIB_consensus_vsearch	2405	A	R	643	13	1.9%	2	2	93	93	1.1495873174781986E-4	1	1	517	126	11	2	-G
G9_BC81_191109_LF_LIB_consensus_vsearch	2406	G	R	628	11	1.67%	2	2	93	93	4.675463921902724E-4	1	1	501	127	10	1	+A
G9_BC81_191109_LF_LIB_consensus_vsearch	2411	G	R	670	12	1.76%	2	1	93	93	2.325128029022739E-4	1	1	543	127	12	0	A
G9_BC81_191109_LF_LIB_consensus_vsearch	2414	G	R	660	10	1.49%	2	2	93	93	9.440853725445048E-4	1	1	535	125	8	2	A
G9_BC81_191109_LF_LIB_consensus_vsearch	2419	T	W	640	11	1.64%	2	1	93	93	4.6792356968918653E-4	1	1	521	119	11	0	A
G9_BC81_191109_LF_LIB_consensus_vsearch	2419	T	Y	640	8	1.19%	2	2	93	93	0.0038222796857976513	1	1	521	119	3	5	A
G9_BC81_191109_LF_LIB_consensus_vsearch	2420	G	R	637	7	1.04%	2	1	93	93	0.007685518941658472	1	1	510	127	7	0	+C
G9_BC81_191109_LF_LIB_consensus_vsearch	2420	G	S	637	14	2.09%	2	1	93	93	5.6873186604372365E-5	1	1	510	127	14	0	C
G9_BC81_191109_LF_LIB_consensus_vsearch	2421	C	Y	655	7	1.05%	2	2	93	93	0.007688961079086654	1	1	534	121	1	6	T
G9_BC81_191109_LF_LIB_consensus_vsearch	2427	A	M	617	8	1.25%	2	2	93	93	0.0038192057824281843	1	1	543	74	2	6	C
G9_BC81_191109_LF_LIB_consensus_vsearch	2428	A	W	619	26	3.93%	2	1	93	93	1.1523670009237627E-8	1	1	545	74	0	26	T
G9_BC81_191109_LF_LIB_consensus_vsearch	2429	G	R	622	38	5.62%	2	1	93	93	2.1026576017215144E-12	1	1	496	126	38	0	A
G9_BC81_191109_LF_LIB_consensus_vsearch	2431	C	Y	668	7	1.02%	2	2	93	93	0.00769133323902577	1	1	543	125	5	2	T
G9_BC81_191109_LF_LIB_consensus_vsearch	2432	G	R	625	7	1.03%	2	2	93	93	0.007683115604648609	1	1	501	124	6	1	-C
G9_BC81_191109_LF_LIB_consensus_vsearch	2435	C	Y	656	9	1.33%	2	1	93	93	0.0019006362526543875	1	1	541	115	0	9	T
G9_BC81_191109_LF_LIB_consensus_vsearch	2436	G	R	655	10	1.49%	2	2	93	93	9.438435895070222E-4	1	1	532	123	9	1	A
G9_BC81_191109_LF_LIB_consensus_vsearch	2443	G	R	673	8	1.17%	2	2	93	93	0.0038263291516079543	1	1	547	126	7	1	A
G9_BC81_191109_LF_LIB_consensus_vsearch	2445	T	Y	672	7	1.02%	2	2	93	93	0.007692044914716208	1	1	549	123	4	3	C
G9_BC81_191109_LF_LIB_consensus_vsearch	2456	G	R	610	24	3.75%	2	1	93	93	4.7748351846646205E-8	1	1	515	95	24	0	A
G9_BC81_191109_LF_LIB_consensus_vsearch	2461	A	R	639	10	1.48%	2	1	93	93	9.430451036644986E-4	1	1	521	118	10	0	G
G9_BC81_191109_LF_LIB_consensus_vsearch	2462	G	R	562	49	7.42%	2	1	93	93	6.519084724187951E-16	1	1	488	74	49	0	A
G9_BC81_191109_LF_LIB_consensus_vsearch	2463	C	Y	589	43	6.47%	2	2	93	93	5.427390471435557E-14	1	1	529	60	2	41	T
G9_BC81_191109_LF_LIB_consensus_vsearch	2469	T	Y	647	7	1.02%	2	2	93	93	0.007687454559703911	1	1	520	127	6	1	-C
G9_BC81_191109_LF_LIB_consensus_vsearch	2479	T	Y	587	8	1.34%	2	1	93	93	0.003814841181091788	1	1	527	60	8	0	C
G9_BC81_191109_LF_LIB_consensus_vsearch	2480	T	Y	667	7	1.04%	2	2	93	93	0.007691154004207902	1	1	547	120	6	1	C
G9_BC81_191109_LF_LIB_consensus_vsearch	2489	A	R	661	10	1.46%	2	2	93	93	9.441333010107843E-4	1	1	535	126	8	2	G
G9_BC81_191109_LF_LIB_consensus_vsearch	2494	A	R	581	7	1.15%	2	2	93	93	0.007673467005464533	1	1	459	122	5	2	-G
G9_BC81_191109_LF_LIB_consensus_vsearch	2503	A	R	637	15	2.25%	2	1	93	93	2.8131058147771648E-5	1	1	511	126	15	0	G
G9_BC81_191109_LF_LIB_consensus_vsearch	2504	G	R	646	10	1.51%	2	1	93	93	9.4339918564782E-4	1	1	522	124	10	0	A
G9_BC81_191109_LF_LIB_consensus_vsearch	2509	T	Y	659	7	1.02%	2	1	93	93	0.007689700807880409	1	1	533	126	7	0	+C
G9_BC81_191109_LF_LIB_consensus_vsearch	2510	T	Y	660	7	1.02%	2	2	93	93	0.007689884357994092	1	1	534	126	6	1	-A
G9_BC81_191109_LF_LIB_consensus_vsearch	2511	A	R	653	7	1.05%	2	1	93	93	0.007688587862634188	1	1	527	126	7	0	G
G9_BC81_191109_LF_LIB_consensus_vsearch	2513	T	Y	654	7	1.04%	2	2	93	93	0.007688774752311839	1	1	537	117	4	3	C
G9_BC81_191109_LF_LIB_consensus_vsearch	2518	C	M	644	9	1.33%	2	1	93	93	0.0018996787549773126	1	1	547	97	0	9	-T
G9_BC81_191109_LF_LIB_consensus_vsearch	2520	C	Y	608	14	2.1%	2	1	93	93	5.668416434892582E-5	1	1	545	63	0	14	-A
G9_BC81_191109_LF_LIB_consensus_vsearch	2523	A	R	658	15	2.2%	2	2	93	93	2.8203409459968824E-5	1	1	539	119	13	2	G
G9_BC81_191109_LF_LIB_consensus_vsearch	2527	G	R	663	13	1.91%	2	2	93	93	1.1516497802969439E-4	1	1	537	126	12	1	A
G9_BC81_191109_LF_LIB_consensus_vsearch	2538	G	R	615	14	2.19%	2	1	93	93	5.673134467445169E-5	1	1	531	84	14	0	A
G9_BC81_191109_LF_LIB_consensus_vsearch	2543	A	R	655	11	1.62%	2	2	93	93	4.68376176463392E-4	1	1	528	127	10	1	G
G9_BC81_191109_LF_LIB_consensus_vsearch	2548	A	R	669	7	1.02%	2	2	93	93	0.007691511945153724	1	1	542	127	6	1	G
G9_BC81_191109_LF_LIB_consensus_vsearch	2549	G	R	619	8	1.17%	2	1	93	93	0.0038194819837437974	1	1	492	127	8	0	-A
G9_BC81_191109_LF_LIB_consensus_vsearch	2550	A	R	607	7	1.1%	2	1	93	93	0.007679335041004716	1	1	480	127	7	0	+G
G9_BC81_191109_LF_LIB_consensus_vsearch	2558	A	R	665	7	1.02%	2	1	93	93	0.007690793939068356	1	1	539	126	7	0	G
G9_BC81_191109_LF_LIB_consensus_vsearch	2560	G	R	649	8	1.17%	2	1	93	93	0.003823424226402499	1	1	525	124	8	0	+C
G9_BC81_191109_LF_LIB_consensus_vsearch	2563	T	Y	671	7	1.03%	2	2	93	93	0.007691867780677997	1	1	550	121	4	3	C
G9_BC81_191109_LF_LIB_consensus_vsearch	2582	A	R	660	11	1.62%	2	2	93	93	4.6852260658310105E-4	1	1	536	124	8	3	G
G9_BC81_191109_LF_LIB_consensus_vsearch	2596	T	Y	655	11	1.65%	2	2	93	93	4.68376176463392E-4	1	1	553	102	3	8	C
G9_BC81_191109_LF_LIB_consensus_vsearch	2597	T	Y	639	18	2.64%	2	2	93	93	3.390060329954583E-6	1	1	547	92	4	14	C
G9_BC81_191109_LF_LIB_consensus_vsearch	2599	A	R	616	11	1.63%	2	1	93	93	4.671549767250724E-4	1	1	499	117	11	0	-CA
G9_BC81_191109_LF_LIB_consensus_vsearch	2602	T	K	645	30	4.42%	2	1	93	93	6.699195789631915E-10	1	1	522	123	30	0	G
G9_BC81_191109_LF_LIB_consensus_vsearch	2604	A	R	665	12	1.76%	2	2	93	93	2.3242829916540379E-4	1	1	539	126	11	1	G
G9_BC81_191109_LF_LIB_consensus_vsearch	2606	G	K	669	10	1.46%	2	1	93	93	9.445116959819608E-4	1	1	543	126	10	0	T
G9_BC81_191109_LF_LIB_consensus_vsearch	2611	G	R	663	8	1.19%	2	1	93	93	0.003825143895930989	1	1	535	128	8	0	A
G9_BC81_191109_LF_LIB_consensus_vsearch	2625	T	Y	676	7	1.02%	2	1	93	93	0.007692748279243189	1	1	548	128	7	0	C
G9_BC81_191109_LF_LIB_consensus_vsearch	2627	T	Y	672	8	1.17%	2	1	93	93	0.0038262121871574886	1	1	545	127	8	0	C
G9_BC81_191109_LF_LIB_consensus_vsearch	2630	A	R	673	7	1.02%	2	2	93	93	0.007692221529292311	1	1	550	123	5	2	G
G9_BC81_191109_LF_LIB_consensus_vsearch	2636	G	R	666	7	1.03%	2	1	93	93	0.007690974238331026	1	1	541	125	7	0	A
G9_BC81_191109_LF_LIB_consensus_vsearch	2642	G	R	411	7	1.57%	2	1	93	93	0.007617195908814076	1	1	291	120	7	0	-C
G9_BC81_191109_LF_LIB_consensus_vsearch	2658	T	Y	675	8	1.17%	2	2	93	93	0.003826562057959725	1	1	548	127	7	1	C
G9_BC81_191109_LF_LIB_consensus_vsearch	2661	A	R	656	8	1.19%	2	2	93	93	0.0038242930806613286	1	1	530	126	7	1	G
G9_BC81_191109_LF_LIB_consensus_vsearch	2676	A	R	674	8	1.17%	2	2	93	93	0.0038264457747110613	1	1	549	125	7	1	G
G9_BC81_191109_LF_LIB_consensus_vsearch	2689	A	R	661	7	1.02%	2	1	93	93	0.0076900673602228325	1	1	536	125	7	0	G
G9_BC81_191109_LF_LIB_consensus_vsearch	2689	A	W	661	7	1.02%	2	2	93	93	0.0076900673602228325	1	1	536	125	6	1	G
G9_BC81_191109_LF_LIB_consensus_vsearch	2690	T	Y	658	14	2.05%	2	2	93	93	5.7000128810863244E-5	1	1	539	119	13	1	C
G9_BC81_191109_LF_LIB_consensus_vsearch	2708	A	R	673	7	1.02%	2	2	93	93	0.007692221529292311	1	1	546	127	6	1	G
G9_BC81_191109_LF_LIB_consensus_vsearch	2710	G	R	648	23	3.38%	2	1	93	93	9.840898668597432E-8	1	1	522	126	23	0	A
G9_BC81_191109_LF_LIB_consensus_vsearch	2713	G	R	651	10	1.49%	2	1	93	93	9.436475557806096E-4	1	1	524	127	10	0	A
G9_BC81_191109_LF_LIB_consensus_vsearch	2724	A	R	637	8	1.2%	2	2	93	93	0.003821891110634261	1	1	515	122	7	1	-G
G9_BC81_191109_LF_LIB_consensus_vsearch	2727	T	Y	666	11	1.62%	2	2	93	93	4.686955041723934E-4	1	1	549	117	4	7	C
G9_BC81_191109_LF_LIB_consensus_vsearch	2743	G	R	568	18	2.64%	2	2	93	93	3.341204460471138E-6	1	1	447	121	16	2	-A
G9_BC81_191109_LF_LIB_consensus_vsearch	2744	A	R	599	19	3.07%	2	2	93	93	1.6574114275360504E-6	1	1	476	123	18	1	G
G9_BC81_191109_LF_LIB_consensus_vsearch	2746	A	R	648	7	1.02%	2	1	93	93	0.007687644880936083	1	1	520	128	7	0	-G
G9_BC81_191109_LF_LIB_consensus_vsearch	2747	G	R	626	7	1.05%	2	1	93	93	0.00768331935194577	1	1	499	127	7	0	-A
G9_BC81_191109_LF_LIB_consensus_vsearch	2748	A	R	640	7	1.06%	2	2	93	93	0.007686105889921431	1	1	513	127	6	1	-G
G9_BC81_191109_LF_LIB_consensus_vsearch	2750	T	Y	663	10	1.48%	2	1	93	93	9.442287348475047E-4	1	1	551	112	0	10	C
G9_BC81_191109_LF_LIB_consensus_vsearch	2751	T	Y	666	7	1.03%	2	2	93	93	0.007690974238331026	1	1	547	119	2	5	C
G9_BC81_191109_LF_LIB_consensus_vsearch	2762	C	Y	665	16	2.34%	2	2	93	93	1.3957734156234404E-5	1	1	552	113	3	13	T
G9_BC81_191109_LF_LIB_consensus_vsearch	2764	A	R	620	59	8.61%	2	1	93	93	4.647493360896017E-19	1	1	493	127	59	0	G
G9_BC81_191109_LF_LIB_consensus_vsearch	2767	A	R	670	11	1.61%	2	1	93	93	4.6880909815982715E-4	1	1	542	128	11	0	G
G9_BC81_191109_LF_LIB_consensus_vsearch	2768	A	R	668	16	2.34%	2	1	93	93	1.396325388941075E-5	1	1	540	128	16	0	G
G9_BC81_191109_LF_LIB_consensus_vsearch	2771	T	Y	658	7	1.04%	2	2	93	93	0.007689516707417525	1	1	531	127	6	1	C
G9_BC81_191109_LF_LIB_consensus_vsearch	2771	T	K	658	7	1.04%	2	1	93	93	0.007689516707417525	1	1	531	127	7	0	C
G9_BC81_191109_LF_LIB_consensus_vsearch	2773	G	R	665	8	1.19%	2	1	93	93	0.003825383751108893	1	1	537	128	8	0	A
G9_BC81_191109_LF_LIB_consensus_vsearch	2774	C	Y	658	10	1.48%	2	2	93	93	9.439890893708059E-4	1	1	538	120	8	2	T
G9_BC81_191109_LF_LIB_consensus_vsearch	2776	C	Y	664	8	1.17%	2	2	93	93	0.003825264001117595	1	1	544	120	3	5	T
G9_BC81_191109_LF_LIB_consensus_vsearch	2779	A	R	648	9	1.35%	2	2	93	93	0.0019000017786656748	1	1	535	113	7	2	G
G9_BC81_191109_LF_LIB_consensus_vsearch	2780	A	R	664	7	1.02%	2	2	93	93	0.0076906131040095	1	1	539	125	5	2	-G
G9_BC81_191109_LF_LIB_consensus_vsearch	2781	G	R	664	7	1.04%	2	1	93	93	0.0076906131040095	1	1	537	127	7	0	A
G9_BC81_191109_LF_LIB_consensus_vsearch	2782	G	K	669	11	1.61%	2	1	93	93	4.687808233562141E-4	1	1	544	125	11	0	T
G9_BC81_191109_LF_LIB_consensus_vsearch	2796	T	Y	669	9	1.32%	2	2	93	93	0.0019016355659458553	1	1	546	123	7	2	C
G9_BC81_191109_LF_LIB_consensus_vsearch	2797	T	W	570	26	3.8%	2	1	93	93	1.1277457003169964E-8	1	1	446	124	26	0	+A
G9_BC81_191109_LF_LIB_consensus_vsearch	2797	T	Y	570	9	1.32%	2	2	93	93	0.0018929044795225952	1	1	446	124	6	3	+A
G9_BC81_191109_LF_LIB_consensus_vsearch	2798	A	W	636	7	1.08%	2	1	93	93	0.007685322078985439	1	1	512	124	7	0	T
G9_BC81_191109_LF_LIB_consensus_vsearch	2800	A	R	656	8	1.17%	2	1	93	93	0.0038242930806613286	1	1	529	127	8	0	-G
G9_BC81_191109_LF_LIB_consensus_vsearch	2802	A	R	611	14	2.21%	2	2	93	93	5.670451050391852E-5	1	1	485	126	12	2	G
G9_BC81_191109_LF_LIB_consensus_vsearch	2807	C	Y	668	7	1.02%	2	1	93	93	0.00769133323902577	1	1	541	127	7	0	T
G9_BC81_191109_LF_LIB_consensus_vsearch	2813	A	R	673	9	1.32%	2	2	93	93	0.001901935436692325	1	1	547	126	8	1	G
G9_BC81_191109_LF_LIB_consensus_vsearch	2823	T	Y	641	9	1.33%	2	2	93	93	0.001899433897548914	1	1	524	117	6	3	+A
G9_BC81_191109_LF_LIB_consensus_vsearch	2837	G	R	583	34	5.11%	2	1	93	93	3.6475876177031596E-11	1	1	456	127	34	0	A
G9_BC81_191109_LF_LIB_consensus_vsearch	2837	G	S	583	26	3.9%	2	1	93	93	1.1346186960232759E-8	1	1	456	127	26	0	A
G9_BC81_191109_LF_LIB_consensus_vsearch	2838	C	Y	621	12	1.82%	2	2	93	93	2.31628098627824E-4	1	1	496	125	11	1	T
G9_BC81_191109_LF_LIB_consensus_vsearch	2839	A	R	619	15	2.23%	2	1	93	93	2.8065344971487303E-5	1	1	494	125	15	0	-G
G9_BC81_191109_LF_LIB_consensus_vsearch	2839	A	W	619	8	1.19%	2	1	93	93	0.0038194819837437974	1	1	494	125	8	0	-G
G9_BC81_191109_LF_LIB_consensus_vsearch	2843	T	Y	665	9	1.32%	2	2	93	93	0.0019013321613719355	1	1	542	123	7	2	C
G9_BC81_191109_LF_LIB_consensus_vsearch	2849	A	R	659	11	1.62%	2	2	93	93	4.6849349314201534E-4	1	1	533	126	10	1	G
G9_BC81_191109_LF_LIB_consensus_vsearch	2859	T	Y	652	8	1.17%	2	2	93	93	0.0038237988380035006	1	1	526	126	7	1	+A
G9_BC81_191109_LF_LIB_consensus_vsearch	2860	G	R	637	17	2.51%	2	1	93	93	6.866824222164557E-6	1	1	510	127	17	0	A
G9_BC81_191109_LF_LIB_consensus_vsearch	2860	G	K	637	9	1.33%	2	1	93	93	0.0018991039097335373	1	1	510	127	9	0	A
G9_BC81_191109_LF_LIB_consensus_vsearch	2863	A	R	648	8	1.21%	2	1	93	93	0.0038232985982926083	1	1	520	128	8	0	G
G9_BC81_191109_LF_LIB_consensus_vsearch	2864	C	Y	636	10	1.51%	2	2	93	93	9.428910292298708E-4	1	1	515	121	9	1	-G
G9_BC81_191109_LF_LIB_consensus_vsearch	2870	T	Y	675	7	1.02%	2	2	93	93	0.007692573209303539	1	1	552	123	3	4	C
G9_BC81_191109_LF_LIB_consensus_vsearch	2872	A	R	664	16	2.34%	2	1	93	93	1.395588378519507E-5	1	1	538	126	16	0	G
G9_BC81_191109_LF_LIB_consensus_vsearch	2900	A	R	658	7	1.03%	2	2	93	93	0.007689516707417525	1	1	541	117	6	1	G
G9_BC81_191109_LF_LIB_consensus_vsearch	2904	T	Y	669	9	1.32%	2	2	93	93	0.0019016355659458553	1	1	546	123	7	2	C
G9_BC81_191109_LF_LIB_consensus_vsearch	2907	A	R	656	14	2.08%	2	1	93	93	5.6988373543466325E-5	1	1	535	121	14	0	G
G9_BC81_191109_LF_LIB_consensus_vsearch	2909	T	Y	663	11	1.62%	2	2	93	93	4.686094352243864E-4	1	1	546	117	2	9	C
G9_BC81_191109_LF_LIB_consensus_vsearch	2913	T	Y	654	9	1.35%	2	1	93	93	0.00190047905916723	1	1	529	125	9	0	C
G9_BC81_191109_LF_LIB_consensus_vsearch	2916	C	Y	669	8	1.18%	2	2	93	93	0.003825859230664742	1	1	545	124	4	4	T
G9_BC81_191109_LF_LIB_consensus_vsearch	2917	T	Y	661	16	2.34%	2	2	93	93	1.3950300978900542E-5	1	1	549	112	1	15	C
G9_BC81_191109_LF_LIB_consensus_vsearch	2920	T	Y	667	8	1.18%	2	2	93	93	0.0038256221918638194	1	1	544	123	5	3	C
G9_BC81_191109_LF_LIB_consensus_vsearch	2922	T	Y	664	9	1.33%	2	2	93	93	0.0019012557507408912	1	1	544	120	2	7	C
G9_BC81_191109_LF_LIB_consensus_vsearch	2926	C	Y	674	7	1.02%	2	2	93	93	0.007692397626735055	1	1	550	124	4	3	T
G9_BC81_191109_LF_LIB_consensus_vsearch	2927	A	R	666	7	1.02%	2	1	93	93	0.007690974238331026	1	1	541	125	7	0	G
G9_BC81_191109_LF_LIB_consensus_vsearch	2933	C	Y	532	9	1.32%	2	2	93	93	0.0018887120592700076	1	1	413	119	7	2	-A
G9_BC81_191109_LF_LIB_consensus_vsearch	2934	A	R	549	15	2.64%	2	2	93	93	2.777129534313746E-5	1	1	429	120	12	3	G
G9_BC81_191109_LF_LIB_consensus_vsearch	2941	A	R	668	9	1.32%	2	2	93	93	0.0019015600485241956	1	1	541	127	8	1	G
G9_BC81_191109_LF_LIB_consensus_vsearch	2944	C	M	79	7	1.04%	1	2	93	93	0.006881285700164685	1	1	79	0	3	4	-A
G9_BC81_191109_LF_LIB_consensus_vsearch	2945	A	M	597	35	5.27%	2	1	93	93	1.7937075068466695E-11	1	1	469	128	35	0	C
G9_BC81_191109_LF_LIB_consensus_vsearch	2956	A	R	669	7	1.02%	2	2	93	93	0.007691511945153724	1	1	546	123	5	2	G
G9_BC81_191109_LF_LIB_consensus_vsearch	2957	G	R	667	10	1.47%	2	1	93	93	9.444179274457236E-4	1	1	540	127	10	0	A
G9_BC81_191109_LF_LIB_consensus_vsearch	2968	G	R	654	20	2.93%	2	1	93	93	8.265816244517756E-7	1	1	527	127	20	0	A
G9_BC81_191109_LF_LIB_consensus_vsearch	2971	A	R	670	8	1.17%	2	1	93	93	0.0038259772281954976	1	1	542	128	8	0	G
G9_BC81_191109_LF_LIB_consensus_vsearch	2976	C	Y	662	9	1.32%	2	2	93	93	0.0019011022511233608	1	1	541	121	4	5	T
G9_BC81_191109_LF_LIB_consensus_vsearch	2980	G	R	656	12	1.79%	2	1	93	93	2.3227305687118882E-4	1	1	536	120	12	0	A
G9_BC81_191109_LF_LIB_consensus_vsearch	2984	G	R	640	10	1.47%	2	1	93	93	9.430961489756285E-4	1	1	514	126	10	0	+AGG
G9_BC81_191109_LF_LIB_consensus_vsearch	2988	T	Y	619	11	1.61%	2	2	93	93	4.6725420927558385E-4	1	1	509	110	6	5	-GT
G9_BC81_191109_LF_LIB_consensus_vsearch	2991	A	R	659	10	1.47%	2	2	93	93	9.44037302205177E-4	1	1	542	117	5	5	G
G9_BC81_191109_LF_LIB_consensus_vsearch	2995	A	R	661	7	1.02%	2	1	93	93	0.0076900673602228325	1	1	538	123	7	0	-G
G9_BC81_191109_LF_LIB_consensus_vsearch	2997	G	R	603	22	3.21%	2	1	93	93	1.975484978778781E-7	1	1	477	126	22	0	+A
G9_BC81_191109_LF_LIB_consensus_vsearch	2998	G	R	648	31	4.53%	2	1	93	93	3.280431867625747E-10	1	1	520	128	31	0	A
G9_BC81_191109_LF_LIB_consensus_vsearch	3000	A	R	585	16	2.36%	2	1	93	93	1.3790983552186495E-5	1	1	495	90	16	0	-G
G9_BC81_191109_LF_LIB_consensus_vsearch	3006	G	R	660	12	1.77%	2	1	93	93	2.323425584393901E-4	1	1	534	126	12	0	A
G9_BC81_191109_LF_LIB_consensus_vsearch	3009	A	R	669	14	2.04%	2	2	93	93	5.7063581664716764E-5	1	1	544	125	11	3	G
G9_BC81_191109_LF_LIB_consensus_vsearch	3013	A	R	642	30	4.4%	2	1	93	93	6.689127717823796E-10	1	1	516	126	30	0	G
G9_BC81_191109_LF_LIB_consensus_vsearch	3015	G	R	658	12	1.76%	2	2	93	93	2.3230790969200313E-4	1	1	532	126	11	1	A
G9_BC81_191109_LF_LIB_consensus_vsearch	3018	A	R	618	19	2.87%	2	1	93	93	1.6644729162451046E-6	1	1	490	128	19	0	G
G9_BC81_191109_LF_LIB_consensus_vsearch	3021	T	Y	661	7	1.04%	2	2	93	93	0.0076900673602228325	1	1	543	118	1	6	C
G9_BC81_191109_LF_LIB_consensus_vsearch	3036	A	R	651	15	2.22%	2	1	93	93	2.817978450412233E-5	1	1	525	126	15	0	G
G9_BC81_191109_LF_LIB_consensus_vsearch	3040	G	R	487	30	5.76%	2	1	93	93	6.039505264182274E-10	1	1	416	71	30	0	A
G9_BC81_191109_LF_LIB_consensus_vsearch	3041	G	R	622	11	1.65%	2	1	93	93	4.673525141114969E-4	1	1	494	128	11	0	-A
G9_BC81_191109_LF_LIB_consensus_vsearch	3051	T	Y	673	8	1.17%	2	2	93	93	0.0038263291516079543	1	1	551	122	4	4	C
G9_BC81_191109_LF_LIB_consensus_vsearch	3055	A	R	665	7	1.02%	2	1	93	93	0.007690793939068356	1	1	537	128	7	0	-G
G9_BC81_191109_LF_LIB_consensus_vsearch	3060	A	R	665	7	1.04%	2	2	93	93	0.007690793939068356	1	1	550	115	5	2	G
G9_BC81_191109_LF_LIB_consensus_vsearch	3062	T	Y	644	13	1.9%	2	2	93	93	1.1496933614463417E-4	1	1	528	116	3	10	-A
G9_BC81_191109_LF_LIB_consensus_vsearch	3065	T	K	654	13	1.93%	2	1	93	93	1.1507366676028227E-4	1	1	532	122	13	0	G
G9_BC81_191109_LF_LIB_consensus_vsearch	3066	T	Y	665	8	1.17%	2	2	93	93	0.003825383751108893	1	1	547	118	6	2	C
G9_BC81_191109_LF_LIB_consensus_vsearch	3067	G	R	660	15	2.21%	2	1	93	93	2.8210072042422693E-5	1	1	538	122	15	0	A
G9_BC81_191109_LF_LIB_consensus_vsearch	3070	A	R	664	14	2.05%	2	2	93	93	5.703498854057624E-5	1	1	540	124	13	1	G
G9_BC81_191109_LF_LIB_consensus_vsearch	3075	C	Y	637	21	3.1%	2	2	93	93	4.0547885727351296E-7	1	1	529	108	13	8	T
G9_BC81_191109_LF_LIB_consensus_vsearch	3079	C	Y	601	12	1.93%	2	1	93	93	2.312270755488514E-4	1	1	506	95	0	12	T
G9_BC81_191109_LF_LIB_consensus_vsearch	3081	C	Y	654	19	2.78%	2	2	93	93	1.6768154339369052E-6	1	1	547	107	3	16	T
G9_BC81_191109_LF_LIB_consensus_vsearch	3082	C	Y	669	8	1.17%	2	2	93	93	0.003825859230664742	1	1	544	125	7	1	T
G9_BC81_191109_LF_LIB_consensus_vsearch	3086	A	R	665	7	1.04%	2	2	93	93	0.007690793939068356	1	1	542	123	4	3	G
G9_BC81_191109_LF_LIB_consensus_vsearch	3093	A	R	658	10	1.47%	2	2	93	93	9.439890893708059E-4	1	1	544	114	8	2	G
G9_BC81_191109_LF_LIB_consensus_vsearch	3095	T	Y	661	14	2.07%	2	2	93	93	5.7017634264194104E-5	1	1	543	118	7	7	C
G9_BC81_191109_LF_LIB_consensus_vsearch	3105	T	K	662	8	1.19%	2	1	93	93	0.003825023434003376	1	1	539	123	8	0	G
G9_BC81_191109_LF_LIB_consensus_vsearch	3107	A	R	601	19	2.93%	2	2	93	93	1.6581739867972665E-6	1	1	480	121	17	2	-C
G9_BC81_191109_LF_LIB_consensus_vsearch	3108	C	S	617	8	1.26%	2	1	93	93	0.0038192057824281843	1	1	493	124	8	0	G
G9_BC81_191109_LF_LIB_consensus_vsearch	3109	C	S	648	32	4.7%	2	1	93	93	1.6028011479759693E-10	1	1	521	127	32	0	G
G9_BC81_191109_LF_LIB_consensus_vsearch	3121	G	R	658	9	1.32%	2	1	93	93	0.0019007925102782891	1	1	531	127	9	0	-C
G9_BC81_191109_LF_LIB_consensus_vsearch	3125	A	R	671	8	1.17%	2	2	93	93	0.0038260948798600684	1	1	547	124	7	1	G
G9_BC81_191109_LF_LIB_consensus_vsearch	3131	T	Y	629	17	2.5%	2	2	93	93	6.857758784441681E-6	1	1	524	105	15	2	C
G9_BC81_191109_LF_LIB_consensus_vsearch	3134	A	R	630	37	5.4%	2	1	93	93	4.354513987821837E-12	1	1	503	127	37	0	G
G9_BC81_191109_LF_LIB_consensus_vsearch	3140	T	Y	672	8	1.17%	2	2	93	93	0.0038262121871574886	1	1	546	126	7	1	C
G9_BC81_191109_LF_LIB_consensus_vsearch	3150	A	R	657	19	2.79%	2	2	93	93	1.6777876722220347E-6	1	1	537	120	17	2	G
G9_BC81_191109_LF_LIB_consensus_vsearch	3152	T	Y	660	10	1.46%	2	2	93	93	9.440853725445048E-4	1	1	542	118	5	5	C
G9_BC81_191109_LF_LIB_consensus_vsearch	3154	T	Y	636	9	1.35%	2	2	93	93	0.0018990207780575131	1	1	525	111	3	6	-A
G9_BC81_191109_LF_LIB_consensus_vsearch	3155	A	R	602	19	2.88%	2	2	93	93	1.6585535271298484E-6	1	1	484	118	18	1	G
G9_BC81_191109_LF_LIB_consensus_vsearch	3156	G	R	606	8	1.22%	2	2	93	93	0.0038176546845975347	1	1	492	114	7	1	-C
G9_BC81_191109_LF_LIB_consensus_vsearch	3157	C	M	567	13	1.99%	2	2	93	93	1.1404829797726498E-4	1	1	455	112	11	2	+T
G9_BC81_191109_LF_LIB_consensus_vsearch	3157	C	Y	567	19	2.91%	2	2	93	93	1.6445443098363572E-6	1	1	455	112	14	5	T
G9_BC81_191109_LF_LIB_consensus_vsearch	3158	G	R	572	51	7.88%	2	2	93	93	1.5281207730139883E-16	1	1	452	120	49	2	A
G9_BC81_191109_LF_LIB_consensus_vsearch	3159	C	Y	623	15	2.25%	2	2	93	93	2.808025855719446E-5	1	1	504	119	13	2	T
G9_BC81_191109_LF_LIB_consensus_vsearch	3160	G	R	452	15	2.27%	2	1	93	93	2.7224183015854413E-5	1	1	356	96	15	0	-CG
G9_BC81_191109_LF_LIB_consensus_vsearch	3161	C	Y	472	14	2.79%	2	2	93	93	5.550687631584109E-5	1	1	382	90	9	5	T
G9_BC81_191109_LF_LIB_consensus_vsearch	3162	G	R	431	36	6.84%	2	2	93	93	7.216511851093955E-12	1	1	341	90	34	2	+A
G9_BC81_191109_LF_LIB_consensus_vsearch	3162	G	K	431	7	1.33%	2	1	93	93	0.007626072650234986	1	1	341	90	7	0	+A
G9_BC81_191109_LF_LIB_consensus_vsearch	3164	G	R	627	21	3.14%	2	1	93	93	4.04449413229573E-7	1	1	508	119	21	0	A
G9_BC81_191109_LF_LIB_consensus_vsearch	3165	C	Y	624	16	2.39%	2	2	93	93	1.3877296230764005E-5	1	1	517	107	9	7	T
G9_BC81_191109_LF_LIB_consensus_vsearch	3166	G	R	639	15	2.27%	2	2	93	93	2.813814297735923E-5	1	1	523	116	14	1	A
G9_BC81_191109_LF_LIB_consensus_vsearch	3167	G	R	582	31	4.6%	2	1	93	93	3.155943852497974E-10	1	1	460	122	31	0	-C
G9_BC81_191109_LF_LIB_consensus_vsearch	3169	C	Y	664	10	1.48%	2	1	93	93	9.442762414594748E-4	1	1	537	127	10	0	T
G9_BC81_191109_LF_LIB_consensus_vsearch	3170	C	Y	628	16	2.34%	2	2	93	93	1.3885578726531942E-5	1	1	505	123	11	5	+A
G9_BC81_191109_LF_LIB_consensus_vsearch	3173	A	R	675	9	1.32%	2	2	93	93	0.0019020840661164082	1	1	548	127	8	1	G
G9_BC81_191109_LF_LIB_consensus_vsearch	3174	A	R	670	11	1.61%	2	2	93	93	4.6880909815982715E-4	1	1	546	124	8	3	G
G9_BC81_191109_LF_LIB_consensus_vsearch	3189	A	R	654	9	1.33%	2	2	93	93	0.00190047905916723	1	1	532	122	8	1	G
G9_BC81_191109_LF_LIB_consensus_vsearch	3191	A	R	666	9	1.32%	2	2	93	93	0.0019014083472220235	1	1	544	122	8	1	G
G9_BC81_191109_LF_LIB_consensus_vsearch	3193	A	R	651	15	2.21%	2	2	93	93	2.817978450412233E-5	1	1	528	123	13	2	G
G9_BC81_191109_LF_LIB_consensus_vsearch	3200	A	R	608	7	1.11%	2	2	93	93	0.007679550858895406	1	1	482	126	6	1	G
G9_BC81_191109_LF_LIB_consensus_vsearch	3201	T	K	616	43	6.47%	2	1	93	93	5.600041131018068E-14	1	1	489	127	43	0	G
G9_BC81_191109_LF_LIB_consensus_vsearch	3204	C	Y	605	7	1.1%	2	2	93	93	0.007678901296381563	1	1	542	63	2	5	+T
G9_BC81_191109_LF_LIB_consensus_vsearch	3210	A	R	669	12	1.75%	2	1	93	93	2.324959998276635E-4	1	1	543	126	12	0	G
G9_BC81_191109_LF_LIB_consensus_vsearch	3216	A	R	656	7	1.04%	2	2	93	93	0.007689146845504986	1	1	531	125	6	1	-T
G9_BC81_191109_LF_LIB_consensus_vsearch	3217	T	K	655	12	1.78%	2	1	93	93	2.3225555337026962E-4	1	1	527	128	12	0	G
G9_BC81_191109_LF_LIB_consensus_vsearch	3222	T	Y	660	9	1.32%	2	2	93	93	0.001900947840357131	1	1	538	122	7	2	C
G9_BC81_191109_LF_LIB_consensus_vsearch	3231	A	R	667	8	1.17%	2	1	93	93	0.0038256221918638194	1	1	541	126	8	0	G
G9_BC81_191109_LF_LIB_consensus_vsearch	3233	A	R	672	8	1.17%	2	1	93	93	0.0038262121871574886	1	1	544	128	8	0	G
G9_BC81_191109_LF_LIB_consensus_vsearch	3242	A	M	656	8	1.19%	2	2	93	93	0.0038242930806613286	1	1	537	119	7	1	C
G9_BC81_191109_LF_LIB_consensus_vsearch	3243	A	M	599	7	1.03%	2	1	93	93	0.0076775829420487485	1	1	480	119	7	0	-GA
G9_BC81_191109_LF_LIB_consensus_vsearch	3245	A	R	496	11	2.12%	2	1	93	93	4.6223915846272447E-4	1	1	383	113	11	0	G
G9_BC81_191109_LF_LIB_consensus_vsearch	3251	A	R	674	8	1.17%	2	2	93	93	0.0038264457747110613	1	1	547	127	7	1	G
G9_BC81_191109_LF_LIB_consensus_vsearch	3255	C	Y	658	11	1.64%	2	2	93	93	4.684642937915707E-4	1	1	540	118	2	9	T
G9_BC81_191109_LF_LIB_consensus_vsearch	3258	A	R	612	55	8.08%	2	1	93	93	8.692635131326745E-18	1	1	488	124	55	0	G
G9_BC81_191109_LF_LIB_consensus_vsearch	3262	A	R	667	14	2.05%	2	2	93	93	5.7052193589098875E-5	1	1	541	126	13	1	G
G9_BC81_191109_LF_LIB_consensus_vsearch	3267	G	R	667	10	1.48%	2	2	93	93	9.444179274457236E-4	1	1	544	123	9	1	A
G9_BC81_191109_LF_LIB_consensus_vsearch	3273	A	R	662	10	1.47%	2	1	93	93	9.441810882382281E-4	1	1	537	125	10	0	G
G9_BC81_191109_LF_LIB_consensus_vsearch	3280	A	R	641	8	1.22%	2	2	93	93	0.003822408416603577	1	1	516	125	7	1	G
G9_BC81_191109_LF_LIB_consensus_vsearch	3281	G	R	636	22	3.21%	2	1	93	93	1.9945176222654075E-7	1	1	509	127	22	0	A
G9_BC81_191109_LF_LIB_consensus_vsearch	3283	A	R	629	15	2.21%	2	2	93	93	2.810229208093912E-5	1	1	504	125	14	1	-G
G9_BC81_191109_LF_LIB_consensus_vsearch	3283	A	W	629	11	1.62%	2	1	93	93	4.6757835656449577E-4	1	1	504	125	11	0	-G
G9_BC81_191109_LF_LIB_consensus_vsearch	3288	A	R	576	8	1.36%	2	1	93	93	0.0038131291090651434	1	1	451	125	8	0	G
G9_BC81_191109_LF_LIB_consensus_vsearch	3297	T	Y	675	10	1.46%	2	2	93	93	9.447897479611806E-4	1	1	554	121	3	7	C
G9_BC81_191109_LF_LIB_consensus_vsearch	3304	A	R	663	20	2.92%	2	2	93	93	8.281636196319077E-7	1	1	536	127	19	1	G
G9_BC81_191109_LF_LIB_consensus_vsearch	3306	G	R	650	8	1.21%	2	1	93	93	0.0038235494745854515	1	1	525	125	8	0	A
G9_BC81_191109_LF_LIB_consensus_vsearch	3313	A	R	663	13	1.9%	2	1	93	93	1.1516497802969439E-4	1	1	536	127	13	0	G
G9_BC81_191109_LF_LIB_consensus_vsearch	3318	A	R	661	7	1.02%	2	2	93	93	0.0076900673602228325	1	1	537	124	5	2	+C
G9_BC81_191109_LF_LIB_consensus_vsearch	3325	A	R	598	8	1.3%	2	2	93	93	0.0038164914375851252	1	1	476	122	6	2	G
G9_BC81_191109_LF_LIB_consensus_vsearch	3334	A	R	660	10	1.46%	2	1	93	93	9.440853725445048E-4	1	1	533	127	10	0	-C
G9_BC81_191109_LF_LIB_consensus_vsearch	3336	T	Y	655	9	1.32%	2	2	93	93	0.0019005577734205698	1	1	532	123	6	3	-A
G9_BC81_191109_LF_LIB_consensus_vsearch	3340	A	R	670	8	1.18%	2	2	93	93	0.0038259772281954976	1	1	544	126	7	1	G
G9_BC81_191109_LF_LIB_consensus_vsearch	3341	A	R	669	7	1.03%	2	1	93	93	0.007691511945153724	1	1	543	126	7	0	G
G9_BC81_191109_LF_LIB_consensus_vsearch	3343	G	R	644	16	2.39%	2	1	93	93	1.3917739538086439E-5	1	1	520	124	16	0	A
G9_BC81_191109_LF_LIB_consensus_vsearch	3344	G	R	653	14	2.05%	2	2	93	93	5.697061170414673E-5	1	1	526	127	13	1	A
G9_BC81_191109_LF_LIB_consensus_vsearch	3345	C	M	661	7	1.03%	2	1	93	93	0.0076900673602228325	1	1	537	124	7	0	A
G9_BC81_191109_LF_LIB_consensus_vsearch	3346	C	Y	652	20	2.93%	2	2	93	93	8.262246486817746E-7	1	1	534	118	10	10	T
G9_BC81_191109_LF_LIB_consensus_vsearch	3347	A	R	664	7	1.03%	2	2	93	93	0.0076906131040095	1	1	539	125	6	1	G
G9_BC81_191109_LF_LIB_consensus_vsearch	3349	G	R	657	9	1.34%	2	1	93	93	0.0019007144979249183	1	1	532	125	9	0	A
G9_BC81_191109_LF_LIB_consensus_vsearch	3351	A	R	632	7	1.08%	2	2	93	93	0.007684528486260055	1	1	507	125	6	1	-C
G9_BC81_191109_LF_LIB_consensus_vsearch	3361	A	W	662	10	1.46%	2	1	93	93	9.441810882382281E-4	1	1	538	124	10	0	T
G9_BC81_191109_LF_LIB_consensus_vsearch	3365	A	R	673	8	1.17%	2	2	93	93	0.0038263291516079543	1	1	548	125	7	1	G
G9_BC81_191109_LF_LIB_consensus_vsearch	3366	A	R	660	18	2.63%	2	2	93	93	3.4026379878507723E-6	1	1	537	123	16	2	G
G9_BC81_191109_LF_LIB_consensus_vsearch	3369	A	R	549	10	1.66%	2	2	93	93	9.37712000234479E-4	1	1	423	126	9	1	+G
G9_BC81_191109_LF_LIB_consensus_vsearch	3371	G	R	438	19	2.93%	2	2	93	93	1.5757728301639294E-6	1	1	317	121	18	1	-A
G9_BC81_191109_LF_LIB_consensus_vsearch	3378	C	M	668	7	1.03%	2	1	93	93	0.00769133323902577	1	1	548	120	7	0	A
G9_BC81_191109_LF_LIB_consensus_vsearch	3387	T	Y	664	9	1.33%	2	2	93	93	0.0019012557507408912	1	1	542	122	5	4	C
G9_BC81_191109_LF_LIB_consensus_vsearch	3393	T	Y	629	8	1.2%	2	2	93	93	0.003820837109322582	1	1	524	105	4	4	+C
G9_BC81_191109_LF_LIB_consensus_vsearch	3395	C	Y	667	12	1.75%	2	1	93	93	2.3246224759388483E-4	1	1	553	114	0	12	T
G9_BC81_191109_LF_LIB_consensus_vsearch	3396	T	W	671	9	1.32%	2	2	93	93	0.001901785939178216	1	1	546	125	8	1	A
G9_BC81_191109_LF_LIB_consensus_vsearch	3398	A	R	652	14	2.05%	2	2	93	93	5.696465640558989E-5	1	1	530	122	11	3	G
G9_BC81_191109_LF_LIB_consensus_vsearch	3429	T	Y	674	7	1.03%	2	2	93	93	0.007692397626735055	1	1	550	124	3	4	C
G9_BC81_191109_LF_LIB_consensus_vsearch	3432	A	R	638	11	1.64%	2	1	93	93	4.678616624553052E-4	1	1	515	123	11	0	+G
G9_BC81_191109_LF_LIB_consensus_vsearch	3437	A	R	671	7	1.03%	2	2	93	93	0.007691867780677997	1	1	547	124	6	1	G
G9_BC81_191109_LF_LIB_consensus_vsearch	3438	A	R	661	9	1.32%	2	2	93	93	0.0019010251601450372	1	1	539	122	8	1	G
G9_BC81_191109_LF_LIB_consensus_vsearch	3440	T	Y	627	9	1.32%	2	2	93	93	0.0018982609183489257	1	1	535	92	6	3	-AA
G9_BC81_191109_LF_LIB_consensus_vsearch	3443	G	R	636	20	2.95%	2	1	93	93	8.232951307209575E-7	1	1	513	123	20	0	A
G9_BC81_191109_LF_LIB_consensus_vsearch	3445	C	Y	626	14	2.05%	2	2	93	93	5.6803453394460544E-5	1	1	511	115	3	11	T
G9_BC81_191109_LF_LIB_consensus_vsearch	3446	G	R	625	14	2.08%	2	1	93	93	5.679699801319686E-5	1	1	498	127	14	0	A
G9_BC81_191109_LF_LIB_consensus_vsearch	3446	G	S	625	18	2.67%	2	1	93	93	3.3812403308553575E-6	1	1	498	127	18	0	C
G9_BC81_191109_LF_LIB_consensus_vsearch	3448	A	R	658	11	1.61%	2	2	93	93	4.684642937915707E-4	1	1	532	126	9	2	G
G9_BC81_191109_LF_LIB_consensus_vsearch	3451	C	Y	670	8	1.17%	2	2	93	93	0.0038259772281954976	1	1	550	120	2	6	T
G9_BC81_191109_LF_LIB_consensus_vsearch	3455	A	W	619	7	1.1%	2	1	93	93	0.007681879495413374	1	1	493	126	7	0	T
G9_BC81_191109_LF_LIB_consensus_vsearch	3458	C	Y	591	8	1.32%	2	1	93	93	0.0038154482484643428	1	1	488	103	0	8	T
G9_BC81_191109_LF_LIB_consensus_vsearch	3461	G	R	547	111	16.35%	2	1	93	93	2.416506490454545E-36	1	1	421	126	111	0	A
G9_BC81_191109_LF_LIB_consensus_vsearch	3462	G	K	632	43	6.3%	2	1	93	93	5.697970242671447E-14	1	1	505	127	43	0	T
G9_BC81_191109_LF_LIB_consensus_vsearch	3464	G	R	666	8	1.17%	2	1	93	93	0.003825503147506549	1	1	538	128	8	0	A
G9_BC81_191109_LF_LIB_consensus_vsearch	3465	G	K	669	7	1.03%	2	1	93	93	0.007691511945153724	1	1	541	128	7	0	T
G9_BC81_191109_LF_LIB_consensus_vsearch	3474	C	M	662	7	1.02%	2	1	93	93	0.0076902498170032686	1	1	536	126	7	0	A
G9_BC81_191109_LF_LIB_consensus_vsearch	3475	G	R	665	16	2.34%	2	1	93	93	1.3957734156234404E-5	1	1	539	126	16	0	A
G9_BC81_191109_LF_LIB_consensus_vsearch	3490	T	Y	662	14	2.07%	2	2	93	93	5.702343572338157E-5	1	1	546	116	4	10	C
G9_BC81_191109_LF_LIB_consensus_vsearch	3491	T	Y	676	7	1.02%	2	2	93	93	0.007692748279243189	1	1	553	123	2	5	C
G9_BC81_191109_LF_LIB_consensus_vsearch	3492	T	Y	661	8	1.17%	2	2	93	93	0.00382490261371978	1	1	541	120	6	2	+C
G9_BC81_191109_LF_LIB_consensus_vsearch	3495	G	R	637	37	5.43%	2	1	93	93	4.378448631480349E-12	1	1	510	127	37	0	A
G9_BC81_191109_LF_LIB_consensus_vsearch	3499	T	Y	671	7	1.02%	2	2	93	93	0.007691867780677997	1	1	545	126	6	1	C
G9_BC81_191109_LF_LIB_consensus_vsearch	3501	C	Y	660	9	1.32%	2	2	93	93	0.001900947840357131	1	1	538	122	6	3	T
G9_BC81_191109_LF_LIB_consensus_vsearch	3508	A	R	655	11	1.62%	2	2	93	93	4.68376176463392E-4	1	1	535	120	10	1	G
G9_BC81_191109_LF_LIB_consensus_vsearch	3511	C	Y	457	15	3.16%	2	2	93	93	2.725765356525791E-5	1	1	411	46	1	14	T
G9_BC81_191109_LF_LIB_consensus_vsearch	3512	C	Y	639	10	1.54%	2	1	93	93	9.430451036644986E-4	1	1	538	101	0	10	T
G9_BC81_191109_LF_LIB_consensus_vsearch	3515	C	M	646	8	1.17%	2	1	93	93	0.003823046195335939	1	1	539	107	8	0	-G
G9_BC81_191109_LF_LIB_consensus_vsearch	3516	G	R	640	9	1.36%	2	1	93	93	0.0018993517791017233	1	1	543	97	9	0	A
G9_BC81_191109_LF_LIB_consensus_vsearch	3516	G	K	640	12	1.81%	2	1	93	93	2.319866661695591E-4	1	1	543	97	0	12	T
G9_BC81_191109_LF_LIB_consensus_vsearch	3522	C	Y	518	9	1.31%	2	2	93	93	0.001887016477158895	1	1	452	66	8	1	T
G9_BC81_191109_LF_LIB_consensus_vsearch	3523	A	R	528	14	2.57%	2	1	93	93	5.6061022914751345E-5	1	1	456	72	14	0	G
G9_BC81_191109_LF_LIB_consensus_vsearch	3527	A	R	657	27	3.94%	2	1	93	93	5.735228399169531E-9	1	1	529	128	27	0	G
G9_BC81_191109_LF_LIB_consensus_vsearch	3552	G	R	649	20	2.95%	2	1	93	93	8.256854159924684E-7	1	1	530	119	20	0	A
G9_BC81_191109_LF_LIB_consensus_vsearch	3555	A	R	662	10	1.46%	2	2	93	93	9.441810882382281E-4	1	1	541	121	9	1	G
G9_BC81_191109_LF_LIB_consensus_vsearch	3557	T	Y	668	7	1.03%	2	2	93	93	0.00769133323902577	1	1	546	122	5	2	C
G9_BC81_191109_LF_LIB_consensus_vsearch	3571	C	M	652	9	1.34%	2	1	93	93	0.0019003209213852956	1	1	528	124	9	0	A
G9_BC81_191109_LF_LIB_consensus_vsearch	3573	T	W	655	9	1.35%	2	2	93	93	0.0019005577734205698	1	1	537	118	8	1	A
G9_BC81_191109_LF_LIB_consensus_vsearch	3585	G	R	663	11	1.62%	2	2	93	93	4.686094352243864E-4	1	1	538	125	10	1	A
G9_BC81_191109_LF_LIB_consensus_vsearch	3589	T	Y	662	7	1.03%	2	2	93	93	0.0076902498170032686	1	1	540	122	5	2	-A
G9_BC81_191109_LF_LIB_consensus_vsearch	3590	A	R	656	13	1.93%	2	1	93	93	1.1509416617614E-4	1	1	532	124	13	0	G
G9_BC81_191109_LF_LIB_consensus_vsearch	3592	T	K	667	7	1.03%	2	1	93	93	0.007691154004207902	1	1	543	124	7	0	G
G9_BC81_191109_LF_LIB_consensus_vsearch	3597	G	R	653	24	3.52%	2	1	93	93	4.8437869666945644E-8	1	1	527	126	24	0	A
G9_BC81_191109_LF_LIB_consensus_vsearch	3601	A	R	665	10	1.48%	2	2	93	93	9.443236086866028E-4	1	1	540	125	9	1	G
G9_BC81_191109_LF_LIB_consensus_vsearch	3602	A	R	661	9	1.32%	2	2	93	93	0.0019010251601450372	1	1	538	123	8	1	-G
G9_BC81_191109_LF_LIB_consensus_vsearch	3607	A	W	664	8	1.18%	2	1	93	93	0.003825264001117595	1	1	543	121	8	0	T
G9_BC81_191109_LF_LIB_consensus_vsearch	3612	G	R	652	19	2.81%	2	1	93	93	1.6761626936269255E-6	1	1	528	124	19	0	A
G9_BC81_191109_LF_LIB_consensus_vsearch	3626	T	Y	664	7	1.04%	2	2	93	93	0.0076906131040095	1	1	549	115	4	3	C
G9_BC81_191109_LF_LIB_consensus_vsearch	3628	C	Y	658	8	1.18%	2	2	93	93	0.00382453798670624	1	1	537	121	7	1	T
G9_BC81_191109_LF_LIB_consensus_vsearch	3629	G	R	664	7	1.03%	2	1	93	93	0.0076906131040095	1	1	538	126	7	0	-A
G9_BC81_191109_LF_LIB_consensus_vsearch	3635	T	Y	650	17	2.51%	2	2	93	93	6.881110169620544E-6	1	1	531	119	14	3	C
G9_BC81_191109_LF_LIB_consensus_vsearch	3640	T	Y	600	9	1.47%	2	2	93	93	0.0018958476541767384	1	1	483	117	3	6	C
G9_BC81_191109_LF_LIB_consensus_vsearch	3658	A	R	673	7	1.03%	2	1	93	93	0.007692221529292311	1	1	545	128	7	0	G
G9_BC81_191109_LF_LIB_consensus_vsearch	3660	A	R	667	11	1.61%	2	2	93	93	4.687240267233006E-4	1	1	542	125	10	1	G
G9_BC81_191109_LF_LIB_consensus_vsearch	3661	C	Y	673	9	1.32%	2	2	93	93	0.001901935436692325	1	1	551	122	3	6	T
G9_BC81_191109_LF_LIB_consensus_vsearch	3666	T	W	643	9	1.37%	2	1	93	93	0.0018995973843444253	1	1	536	107	9	0	A
G9_BC81_191109_LF_LIB_consensus_vsearch	3668	G	R	652	11	1.64%	2	2	93	93	4.682872721035604E-4	1	1	536	116	6	5	A
G9_BC81_191109_LF_LIB_consensus_vsearch	3670	C	Y	617	17	2.51%	2	2	93	93	6.843749567212566E-6	1	1	517	100	4	13	-A
G9_BC81_191109_LF_LIB_consensus_vsearch	3672	A	R	669	7	1.03%	2	1	93	93	0.007691511945153724	1	1	543	126	7	0	G
G9_BC81_191109_LF_LIB_consensus_vsearch	3675	G	R	663	7	1.03%	2	1	93	93	0.007690431730786377	1	1	539	124	7	0	A
G9_BC81_191109_LF_LIB_consensus_vsearch	3681	G	R	638	13	1.96%	2	2	93	93	1.1490523124283632E-4	1	1	513	125	12	1	A
G9_BC81_191109_LF_LIB_consensus_vsearch	3682	C	Y	596	8	1.22%	2	1	93	93	0.0038161958373891486	1	1	470	126	8	0	-A
G9_BC81_191109_LF_LIB_consensus_vsearch	3683	A	W	598	7	1.09%	2	1	93	93	0.007677360682574865	1	1	472	126	7	0	-G
G9_BC81_191109_LF_LIB_consensus_vsearch	3690	A	R	647	29	4.26%	2	1	93	93	1.3705492433371027E-9	1	1	523	124	29	0	G
G9_BC81_191109_LF_LIB_consensus_vsearch	3702	A	R	665	10	1.46%	2	2	93	93	9.443236086866028E-4	1	1	545	120	9	1	G
G9_BC81_191109_LF_LIB_consensus_vsearch	3706	A	R	616	11	1.74%	2	1	93	93	4.671549767250724E-4	1	1	488	128	11	0	G
G9_BC81_191109_LF_LIB_consensus_vsearch	3707	A	R	614	8	1.18%	2	1	93	93	0.0038187881677128523	1	1	487	127	8	0	-G
G9_BC81_191109_LF_LIB_consensus_vsearch	3732	A	R	657	7	1.02%	2	2	93	93	0.007689332054127551	1	1	531	126	6	1	-C
G9_BC81_191109_LF_LIB_consensus_vsearch	3739	C	M	536	8	1.46%	2	1	93	93	0.003806323277364471	1	1	439	97	8	0	A
G9_BC81_191109_LF_LIB_consensus_vsearch	3741	C	Y	651	8	1.21%	2	2	93	93	0.0038236743445426657	1	1	525	126	6	2	T
G9_BC81_191109_LF_LIB_consensus_vsearch	3742	C	M	664	7	1.03%	2	1	93	93	0.0076906131040095	1	1	536	128	7	0	A
G9_BC81_191109_LF_LIB_consensus_vsearch	3742	C	Y	664	8	1.17%	2	1	93	93	0.003825264001117595	1	1	536	128	8	0	T
G9_BC81_191109_LF_LIB_consensus_vsearch	3743	C	Y	639	40	5.87%	2	2	93	93	5.033166057857224E-13	1	1	528	111	25	15	T
G9_BC81_191109_LF_LIB_consensus_vsearch	3745	A	R	662	12	1.76%	2	1	93	93	2.32377004901458E-4	1	1	534	128	12	0	G
G9_BC81_191109_LF_LIB_consensus_vsearch	3747	T	Y	674	7	1.02%	2	2	93	93	0.007692397626735055	1	1	550	124	5	2	C
G9_BC81_191109_LF_LIB_consensus_vsearch	3755	T	W	642	8	1.2%	2	1	93	93	0.003822536753322346	1	1	517	125	8	0	A
G9_BC81_191109_LF_LIB_consensus_vsearch	3755	T	K	642	12	1.8%	2	1	93	93	2.3202321849392826E-4	1	1	517	125	12	0	G
G9_BC81_191109_LF_LIB_consensus_vsearch	3759	T	Y	671	7	1.02%	2	2	93	93	0.007691867780677997	1	1	545	126	6	1	C
G9_BC81_191109_LF_LIB_consensus_vsearch	3762	T	K	662	13	1.92%	2	1	93	93	1.1515495016779301E-4	1	1	536	126	13	0	G
G9_BC81_191109_LF_LIB_consensus_vsearch	3764	A	R	659	14	2.05%	2	1	93	93	5.700598088104079E-5	1	1	532	127	14	0	G
G9_BC81_191109_LF_LIB_consensus_vsearch	3769	G	R	655	13	1.93%	2	2	93	93	1.1508393150099846E-4	1	1	542	113	12	1	A
G9_BC81_191109_LF_LIB_consensus_vsearch	3770	G	R	672	7	1.02%	2	1	93	93	0.007692044914716208	1	1	546	126	7	0	A
G9_BC81_191109_LF_LIB_consensus_vsearch	3774	T	Y	609	7	1.04%	2	1	93	93	0.007679765978387823	1	1	484	125	7	0	-A
G9_BC81_191109_LF_LIB_consensus_vsearch	3776	G	R	638	9	1.35%	2	1	93	93	0.0018991867863578625	1	1	521	117	9	0	A
G9_BC81_191109_LF_LIB_consensus_vsearch	3779	A	R	660	10	1.46%	2	2	93	93	9.440853725445048E-4	1	1	539	121	8	2	-C
G9_BC81_191109_LF_LIB_consensus_vsearch	3781	C	Y	668	9	1.31%	2	2	93	93	0.0019015600485241956	1	1	544	124	8	1	T
G9_BC81_191109_LF_LIB_consensus_vsearch	3783	A	R	642	35	5.11%	2	1	93	93	1.8539249848806268E-11	1	1	514	128	35	0	G
G9_BC81_191109_LF_LIB_consensus_vsearch	3788	A	R	672	8	1.17%	2	1	93	93	0.0038262121871574886	1	1	544	128	8	0	G
G9_BC81_191109_LF_LIB_consensus_vsearch	3793	A	R	658	10	1.46%	2	1	93	93	9.439890893708059E-4	1	1	530	128	10	0	-C
G9_BC81_191109_LF_LIB_consensus_vsearch	3817	A	R	670	7	1.02%	2	1	93	93	0.007691690124933204	1	1	543	127	7	0	G
G9_BC81_191109_LF_LIB_consensus_vsearch	3819	G	R	658	8	1.18%	2	1	93	93	0.00382453798670624	1	1	534	124	8	0	A
G9_BC81_191109_LF_LIB_consensus_vsearch	3823	A	R	667	7	1.03%	2	2	93	93	0.007691154004207902	1	1	544	123	4	3	G
G9_BC81_191109_LF_LIB_consensus_vsearch	3829	T	Y	669	7	1.02%	2	2	93	93	0.007691511945153724	1	1	545	124	4	3	+C
G9_BC81_191109_LF_LIB_consensus_vsearch	3831	A	R	649	20	2.92%	2	1	93	93	8.256854159924684E-7	1	1	526	123	20	0	G
G9_BC81_191109_LF_LIB_consensus_vsearch	3839	G	R	667	8	1.17%	2	1	93	93	0.0038256221918638194	1	1	540	127	8	0	A
G9_BC81_191109_LF_LIB_consensus_vsearch	3843	G	R	655	18	2.64%	2	2	93	93	3.39971129200806E-6	1	1	531	124	17	1	A
G9_BC81_191109_LF_LIB_consensus_vsearch	3845	T	Y	629	7	1.1%	2	2	93	93	0.007683926761732176	1	1	507	122	6	1	C
G9_BC81_191109_LF_LIB_consensus_vsearch	3846	T	Y	633	8	1.22%	2	1	93	93	0.003821367381659358	1	1	507	126	8	0	C
G9_BC81_191109_LF_LIB_consensus_vsearch	3847	T	Y	576	32	4.69%	2	2	93	93	1.5316564291030855E-10	1	1	455	121	31	1	C
G9_BC81_191109_LF_LIB_consensus_vsearch	3849	A	R	668	7	1.03%	2	2	93	93	0.00769133323902577	1	1	541	127	6	1	G
G9_BC81_191109_LF_LIB_consensus_vsearch	3850	A	R	654	21	3.08%	2	2	93	93	4.0716344658901756E-7	1	1	528	126	20	1	G
G9_BC81_191109_LF_LIB_consensus_vsearch	3866	A	M	636	10	1.53%	2	2	93	93	9.428910292298708E-4	1	1	539	97	7	3	C
G9_BC81_191109_LF_LIB_consensus_vsearch	3867	A	R	666	8	1.17%	2	2	93	93	0.003825503147506549	1	1	546	120	4	4	G
G9_BC81_191109_LF_LIB_consensus_vsearch	3877	T	Y	642	9	1.33%	2	2	93	93	0.0018995157655824367	1	1	539	103	6	3	C
G9_BC81_191109_LF_LIB_consensus_vsearch	3891	A	R	661	9	1.33%	2	1	93	93	0.0019010251601450372	1	1	535	126	9	0	G
G9_BC81_191109_LF_LIB_consensus_vsearch	3903	A	R	653	14	2.07%	2	1	93	93	5.697061170414673E-5	1	1	526	127	14	0	G
G9_BC81_191109_LF_LIB_consensus_vsearch	3904	C	Y	560	8	1.18%	2	2	93	93	0.0038105211348542487	1	1	440	120	7	1	-AC
G9_BC81_191109_LF_LIB_consensus_vsearch	3905	A	R	569	9	1.53%	2	1	93	93	0.0018928011559758858	1	1	441	128	9	0	G
G9_BC81_191109_LF_LIB_consensus_vsearch	3906	C	Y	571	12	2.04%	2	2	93	93	2.3057492257149773E-4	1	1	451	120	5	7	T
G9_BC81_191109_LF_LIB_consensus_vsearch	3910	A	R	657	19	2.8%	2	1	93	93	1.6777876722220347E-6	1	1	529	128	19	0	G
G9_BC81_191109_LF_LIB_consensus_vsearch	3914	T	W	33	15	2.19%	1	2	93	93	8.357284608304817E-6	1	1	33	0	12	3	+A
G9_BC81_191109_LF_LIB_consensus_vsearch	3915	C	M	641	13	1.91%	2	2	93	93	1.149374276796705E-4	1	1	520	121	12	1	A
G9_BC81_191109_LF_LIB_consensus_vsearch	3915	C	S	641	20	2.93%	2	1	93	93	8.242249420151174E-7	1	1	520	121	20	0	G
G9_BC81_191109_LF_LIB_consensus_vsearch	3927	A	R	616	9	1.34%	2	2	93	93	0.0018973027115589166	1	1	494	122	8	1	G
G9_BC81_191109_LF_LIB_consensus_vsearch	3932	G	R	644	7	1.03%	2	1	93	93	0.007686880098765952	1	1	518	126	7	0	-C
G9_BC81_191109_LF_LIB_consensus_vsearch	3935	A	R	638	24	3.52%	2	2	93	93	4.8206599088408625E-8	1	1	529	109	22	2	G
G9_BC81_191109_LF_LIB_consensus_vsearch	3940	A	R	661	8	1.17%	2	1	93	93	0.00382490261371978	1	1	535	126	8	0	G
G9_BC81_191109_LF_LIB_consensus_vsearch	3941	G	K	667	8	1.17%	2	1	93	93	0.0038256221918638194	1	1	540	127	8	0	T
G9_BC81_191109_LF_LIB_consensus_vsearch	3949	C	Y	648	7	1.05%	2	2	93	93	0.007687644880936083	1	1	526	122	5	2	T
G9_BC81_191109_LF_LIB_consensus_vsearch	3952	A	R	635	11	1.68%	2	1	93	93	4.677680925038414E-4	1	1	509	126	11	0	G
G9_BC81_191109_LF_LIB_consensus_vsearch	3953	A	R	653	7	1.03%	2	1	93	93	0.007688587862634188	1	1	527	126	7	0	-G
G9_BC81_191109_LF_LIB_consensus_vsearch	3955	G	R	640	11	1.62%	2	1	93	93	4.6792356968918653E-4	1	1	513	127	11	0	A
G9_BC81_191109_LF_LIB_consensus_vsearch	3955	G	S	640	10	1.47%	2	1	93	93	9.430961489756285E-4	1	1	513	127	10	0	A
G9_BC81_191109_LF_LIB_consensus_vsearch	3962	G	R	668	8	1.17%	2	1	93	93	0.003825740885727296	1	1	542	126	8	0	A
G9_BC81_191109_LF_LIB_consensus_vsearch	3967	A	R	637	41	6%	2	2	93	93	2.43789818985303E-13	1	1	510	127	40	1	G
G9_BC81_191109_LF_LIB_consensus_vsearch	3968	C	S	668	12	1.76%	2	1	93	93	2.324791481283335E-4	1	1	540	128	12	0	G
G9_BC81_191109_LF_LIB_consensus_vsearch	3970	A	R	661	8	1.17%	2	2	93	93	0.00382490261371978	1	1	539	122	7	1	-G
G9_BC81_191109_LF_LIB_consensus_vsearch	3972	G	R	638	8	1.17%	2	1	93	93	0.003822021034639057	1	1	512	126	8	0	+C
G9_BC81_191109_LF_LIB_consensus_vsearch	3975	T	Y	502	8	1.17%	2	2	93	93	0.0037997043781386273	1	1	385	117	6	2	-A
G9_BC81_191109_LF_LIB_consensus_vsearch	3983	A	R	675	7	1.02%	2	1	93	93	0.007692573209303539	1	1	547	128	7	0	G
G9_BC81_191109_LF_LIB_consensus_vsearch	3984	A	R	644	31	4.53%	2	1	93	93	3.2734706699362627E-10	1	1	517	127	31	0	G
G9_BC81_191109_LF_LIB_consensus_vsearch	3987	A	W	650	16	2.38%	2	1	93	93	1.3929415119341313E-5	1	1	522	128	16	0	T
G9_BC81_191109_LF_LIB_consensus_vsearch	3999	A	R	659	24	3.51%	2	1	93	93	4.852778130023879E-8	1	1	532	127	24	0	G
G9_BC81_191109_LF_LIB_consensus_vsearch	4001	T	Y	664	7	1.03%	2	2	93	93	0.0076906131040095	1	1	540	124	5	2	C
G9_BC81_191109_LF_LIB_consensus_vsearch	4005	A	R	629	49	7.16%	2	1	93	93	7.224781812511353E-16	1	1	502	127	49	0	G
G9_BC81_191109_LF_LIB_consensus_vsearch	4006	C	Y	657	17	2.49%	2	2	93	93	6.888583305374992E-6	1	1	545	112	3	14	T
G9_BC81_191109_LF_LIB_consensus_vsearch	4008	A	R	657	16	2.34%	2	1	93	93	1.3942782437750426E-5	1	1	532	125	16	0	G
G9_BC81_191109_LF_LIB_consensus_vsearch	4011	T	W	664	9	1.32%	2	1	93	93	0.0019012557507408912	1	1	539	125	9	0	A
G9_BC81_191109_LF_LIB_consensus_vsearch	4012	T	Y	645	11	1.61%	2	1	93	93	4.68076708087644E-4	1	1	519	126	11	0	-A
G9_BC81_191109_LF_LIB_consensus_vsearch	4014	A	R	649	17	2.5%	2	2	93	93	6.88003026411458E-6	1	1	525	124	15	2	G
G9_BC81_191109_LF_LIB_consensus_vsearch	4014	A	W	649	10	1.47%	2	1	93	93	9.435486554556352E-4	1	1	525	124	10	0	G
G9_BC81_191109_LF_LIB_consensus_vsearch	4018	A	R	653	10	1.47%	2	1	93	93	9.437458653717638E-4	1	1	525	128	10	0	+TA
G9_BC81_191109_LF_LIB_consensus_vsearch	4022	T	Y	657	9	1.33%	2	2	93	93	0.0019007144979249183	1	1	536	121	4	5	C
G9_BC81_191109_LF_LIB_consensus_vsearch	4024	T	K	663	7	1.04%	2	1	93	93	0.007690431730786377	1	1	538	125	7	0	G
G9_BC81_191109_LF_LIB_consensus_vsearch	4026	G	R	640	8	1.23%	2	1	93	93	0.0038222796857976513	1	1	543	97	8	0	A
G9_BC81_191109_LF_LIB_consensus_vsearch	4028	A	R	630	7	1.08%	2	1	93	93	0.007684127964298881	1	1	504	126	7	0	-G
G9_BC81_191109_LF_LIB_consensus_vsearch	4032	G	R	651	8	1.2%	2	2	93	93	0.0038236743445426657	1	1	536	115	7	1	A
G9_BC81_191109_LF_LIB_consensus_vsearch	4036	T	K	667	7	1.04%	2	1	93	93	0.007691154004207902	1	1	543	124	7	0	G
G9_BC81_191109_LF_LIB_consensus_vsearch	4038	A	R	646	7	1.03%	2	2	93	93	0.007687263657391494	1	1	522	124	6	1	-C
G9_BC81_191109_LF_LIB_consensus_vsearch	4039	C	Y	647	8	1.21%	2	2	93	93	0.0038231725885201516	1	1	528	119	1	7	T
G9_BC81_191109_LF_LIB_consensus_vsearch	4040	C	Y	653	9	1.34%	2	2	93	93	0.0019004001088453143	1	1	539	114	1	8	T
G9_BC81_191109_LF_LIB_consensus_vsearch	4041	G	R	651	19	2.82%	2	2	93	93	1.675834937378662E-6	1	1	532	119	12	7	A
G9_BC81_191109_LF_LIB_consensus_vsearch	4042	C	Y	656	9	1.32%	2	2	93	93	0.0019006362526543875	1	1	548	108	3	6	T
G9_BC81_191109_LF_LIB_consensus_vsearch	4043	G	R	663	7	1.03%	2	2	93	93	0.007690431730786377	1	1	544	119	6	1	A
G9_BC81_191109_LF_LIB_consensus_vsearch	4044	G	R	669	9	1.31%	2	2	93	93	0.0019016355659458553	1	1	547	122	8	1	A
G9_BC81_191109_LF_LIB_consensus_vsearch	4045	C	Y	672	9	1.32%	2	2	93	93	0.0019018607969218603	1	1	554	118	1	8	T
G9_BC81_191109_LF_LIB_consensus_vsearch	4051	G	R	659	12	1.76%	2	1	93	93	2.3232525946294575E-4	1	1	532	127	12	0	A
G9_BC81_191109_LF_LIB_consensus_vsearch	4052	C	Y	601	8	1.18%	2	2	93	93	0.0038169312172194295	1	1	479	122	6	2	-A
G9_BC81_191109_LF_LIB_consensus_vsearch	4053	A	R	563	22	3.54%	2	1	93	93	1.9497751589333508E-7	1	1	439	124	22	0	G
G9_BC81_191109_LF_LIB_consensus_vsearch	4053	A	W	563	16	2.58%	2	1	93	93	1.3737367128226719E-5	1	1	439	124	16	0	G
G9_BC81_191109_LF_LIB_consensus_vsearch	4054	C	S	589	48	7.23%	2	1	93	93	1.4159372672226458E-15	1	1	463	126	48	0	G
G9_BC81_191109_LF_LIB_consensus_vsearch	4054	C	Y	589	12	1.81%	2	2	93	93	2.3097388431502796E-4	1	1	463	126	11	1	G
G9_BC81_191109_LF_LIB_consensus_vsearch	4056	A	R	648	8	1.18%	2	1	93	93	0.0038232985982926083	1	1	521	127	8	0	-G
G9_BC81_191109_LF_LIB_consensus_vsearch	4059	C	Y	647	7	1.02%	2	2	93	93	0.007687454559703911	1	1	528	119	3	4	-T
G9_BC81_191109_LF_LIB_consensus_vsearch	4061	T	Y	658	7	1.04%	2	1	93	93	0.007689516707417525	1	1	535	123	7	0	C
G9_BC81_191109_LF_LIB_consensus_vsearch	4062	G	R	638	9	1.32%	2	1	93	93	0.0018991867863578625	1	1	520	118	9	0	-C
G9_BC81_191109_LF_LIB_consensus_vsearch	4085	G	R	616	14	2.2%	2	1	93	93	5.673800135975473E-5	1	1	515	101	14	0	A
G9_BC81_191109_LF_LIB_consensus_vsearch	4086	G	R	642	19	2.79%	2	1	93	93	1.6728428340256086E-6	1	1	517	125	19	0	A
G9_BC81_191109_LF_LIB_consensus_vsearch	4094	A	R	674	9	1.31%	2	2	93	93	0.0019020098594393618	1	1	548	126	8	1	G
G9_BC81_191109_LF_LIB_consensus_vsearch	4095	T	K	664	16	2.34%	2	1	93	93	1.395588378519507E-5	1	1	537	127	16	0	G
G9_BC81_191109_LF_LIB_consensus_vsearch	4110	T	Y	666	8	1.17%	2	2	93	93	0.003825503147506549	1	1	544	122	3	5	C
G9_BC81_191109_LF_LIB_consensus_vsearch	4110	T	K	666	8	1.17%	2	1	93	93	0.003825503147506549	1	1	544	122	8	0	C
G9_BC81_191109_LF_LIB_consensus_vsearch	4112	A	R	658	10	1.46%	2	2	93	93	9.439890893708059E-4	1	1	535	123	8	2	G
G9_BC81_191109_LF_LIB_consensus_vsearch	4124	A	R	670	7	1.02%	2	2	93	93	0.007691690124933204	1	1	543	127	6	1	G
G9_BC81_191109_LF_LIB_consensus_vsearch	4138	A	R	589	10	1.6%	2	1	93	93	9.402779326998115E-4	1	1	463	126	10	0	-T
G9_BC81_191109_LF_LIB_consensus_vsearch	4139	T	K	605	34	5.3%	2	1	93	93	3.7083760784902496E-11	1	1	477	128	34	0	G
G9_BC81_191109_LF_LIB_consensus_vsearch	4143	T	K	609	68	10.01%	2	1	93	93	5.762405901981542E-22	1	1	481	128	68	0	G
G9_BC81_191109_LF_LIB_consensus_vsearch	4145	G	R	668	10	1.47%	2	2	93	93	9.444648801915616E-4	1	1	543	125	9	1	A
G9_BC81_191109_LF_LIB_consensus_vsearch	4148	A	R	655	12	1.78%	2	2	93	93	2.3225555337026962E-4	1	1	529	126	11	1	G
G9_BC81_191109_LF_LIB_consensus_vsearch	4151	A	R	648	9	1.33%	2	1	93	93	0.0019000017786656748	1	1	535	113	9	0	G
G9_BC81_191109_LF_LIB_consensus_vsearch	4158	C	Y	647	15	2.19%	2	2	93	93	2.8166066802786248E-5	1	1	541	106	2	13	T
G9_BC81_191109_LF_LIB_consensus_vsearch	4160	T	Y	662	11	1.63%	2	2	93	93	4.685805772482585E-4	1	1	544	118	3	8	C
G9_BC81_191109_LF_LIB_consensus_vsearch	4164	G	R	643	27	4.02%	2	1	93	93	5.703322525960461E-9	1	1	523	120	27	0	A
G9_BC81_191109_LF_LIB_consensus_vsearch	4165	G	R	667	10	1.47%	2	1	93	93	9.444179274457236E-4	1	1	544	123	10	0	A
G9_BC81_191109_LF_LIB_consensus_vsearch	4170	G	R	644	14	2.11%	2	2	93	93	5.6916378578166756E-5	1	1	532	112	13	1	A
G9_BC81_191109_LF_LIB_consensus_vsearch	4171	G	R	653	8	1.19%	2	2	93	93	0.0038239229566628804	1	1	541	112	5	3	+A
G9_BC81_191109_LF_LIB_consensus_vsearch	4173	T	Y	630	17	2.51%	2	2	93	93	6.858903722609774E-6	1	1	524	106	5	12	C
G9_BC81_191109_LF_LIB_consensus_vsearch	4176	T	K	568	9	1.55%	2	1	93	93	0.0018926974773018042	1	1	446	122	9	0	G
G9_BC81_191109_LF_LIB_consensus_vsearch	4179	G	R	662	8	1.19%	2	2	93	93	0.003825023434003376	1	1	540	122	5	3	A
G9_BC81_191109_LF_LIB_consensus_vsearch	4180	C	Y	656	9	1.33%	2	2	93	93	0.0019006362526543875	1	1	538	118	3	6	T
G9_BC81_191109_LF_LIB_consensus_vsearch	4188	C	Y	652	10	1.46%	2	1	93	93	9.436967840888741E-4	1	1	535	117	0	10	-T
G9_BC81_191109_LF_LIB_consensus_vsearch	4189	T	Y	650	9	1.35%	2	2	93	93	0.0019001618307603737	1	1	527	123	8	1	C
G9_BC81_191109_LF_LIB_consensus_vsearch	4197	T	W	576	56	8.64%	2	1	93	93	3.878833684472451E-18	1	1	456	120	56	0	A
G9_BC81_191109_LF_LIB_consensus_vsearch	4198	T	Y	639	13	1.94%	2	2	93	93	1.1491599562583523E-4	1	1	526	113	12	1	-G
G9_BC81_191109_LF_LIB_consensus_vsearch	4200	G	R	668	13	1.9%	2	1	93	93	1.1521468435875795E-4	1	1	542	126	13	0	A
G9_BC81_191109_LF_LIB_consensus_vsearch	4205	G	R	652	12	1.77%	2	1	93	93	2.3220273175915897E-4	1	1	530	122	12	0	A
G9_BC81_191109_LF_LIB_consensus_vsearch	4206	G	K	670	7	1.03%	2	1	93	93	0.007691690124933204	1	1	544	126	7	0	T
G9_BC81_191109_LF_LIB_consensus_vsearch	4211	C	Y	663	14	2.05%	2	2	93	93	5.702922045814849E-5	1	1	544	119	5	9	T
G9_BC81_191109_LF_LIB_consensus_vsearch	4213	T	Y	659	8	1.2%	2	2	93	93	0.00382465989169585	1	1	537	122	4	4	C
G9_BC81_191109_LF_LIB_consensus_vsearch	4215	T	Y	660	7	1.02%	2	2	93	93	0.007689884357994092	1	1	538	122	5	2	C
G9_BC81_191109_LF_LIB_consensus_vsearch	4219	A	R	607	50	7.4%	2	2	93	93	3.3702694822530986E-16	1	1	486	121	49	1	G
G9_BC81_191109_LF_LIB_consensus_vsearch	4220	G	R	651	8	1.2%	2	1	93	93	0.0038236743445426657	1	1	527	124	8	0	A
G9_BC81_191109_LF_LIB_consensus_vsearch	4221	G	R	667	10	1.46%	2	2	93	93	9.444179274457236E-4	1	1	543	124	9	1	A
G9_BC81_191109_LF_LIB_consensus_vsearch	4247	T	Y	665	12	1.77%	2	2	93	93	2.3242829916540379E-4	1	1	550	115	4	8	C
G9_BC81_191109_LF_LIB_consensus_vsearch	4248	T	Y	545	8	1.17%	2	2	93	93	0.003807939918250496	1	1	462	83	4	4	-C
G9_BC81_191109_LF_LIB_consensus_vsearch	4252	C	Y	651	23	3.37%	2	2	93	93	9.849444780188353E-8	1	1	550	101	3	20	T
G9_BC81_191109_LF_LIB_consensus_vsearch	4256	A	R	555	49	7.68%	2	1	93	93	6.440612410186761E-16	1	1	428	127	49	0	G
G9_BC81_191109_LF_LIB_consensus_vsearch	4257	C	S	604	44	6.74%	2	1	93	93	2.670522547052341E-14	1	1	481	123	44	0	G
G9_BC81_191109_LF_LIB_consensus_vsearch	4259	C	Y	658	18	2.63%	2	2	93	93	3.40147227163991E-6	1	1	550	108	2	16	T
G9_BC81_191109_LF_LIB_consensus_vsearch	4261	T	Y	673	7	1.02%	2	2	93	93	0.007692221529292311	1	1	551	122	2	5	C
G9_BC81_191109_LF_LIB_consensus_vsearch	4268	C	Y	670	8	1.17%	2	2	93	93	0.0038259772281954976	1	1	546	124	5	3	T
G9_BC81_191109_LF_LIB_consensus_vsearch	4271	G	R	660	8	1.19%	2	1	93	93	0.0038247814334864054	1	1	538	122	8	0	A
G9_BC81_191109_LF_LIB_consensus_vsearch	4276	G	R	645	14	2.06%	2	2	93	93	5.692247581631826E-5	1	1	522	123	11	3	A
G9_BC81_191109_LF_LIB_consensus_vsearch	4277	C	Y	656	7	1.05%	2	2	93	93	0.007689146845504986	1	1	535	121	1	6	T
G9_BC81_191109_LF_LIB_consensus_vsearch	4286	T	Y	631	7	1.07%	2	2	93	93	0.007684328538188862	1	1	505	126	6	1	-A
G9_BC81_191109_LF_LIB_consensus_vsearch	4287	A	R	618	48	7.17%	2	1	93	93	1.4760194751591041E-15	1	1	490	128	48	0	G
G9_BC81_191109_LF_LIB_consensus_vsearch	4288	C	S	666	10	1.47%	2	1	93	93	9.443708371449778E-4	1	1	538	128	10	0	G
G9_BC81_191109_LF_LIB_consensus_vsearch	4295	A	R	654	12	1.78%	2	1	93	93	2.3223799817064701E-4	1	1	528	126	12	0	G
G9_BC81_191109_LF_LIB_consensus_vsearch	4296	A	R	660	9	1.32%	2	2	93	93	0.001900947840357131	1	1	535	125	8	1	-G
G9_BC81_191109_LF_LIB_consensus_vsearch	4300	G	R	665	8	1.18%	2	1	93	93	0.003825383751108893	1	1	538	127	8	0	A
G9_BC81_191109_LF_LIB_consensus_vsearch	4303	A	R	620	32	4.73%	2	2	93	93	1.576673919326939E-10	1	1	512	108	30	2	G
G9_BC81_191109_LF_LIB_consensus_vsearch	4304	G	R	639	7	1.06%	2	2	93	93	0.007685910844300112	1	1	530	109	6	1	+A
G9_BC81_191109_LF_LIB_consensus_vsearch	4305	G	R	668	9	1.32%	2	2	93	93	0.0019015600485241956	1	1	543	125	7	2	A
G9_BC81_191109_LF_LIB_consensus_vsearch	4306	G	R	655	18	2.64%	2	1	93	93	3.39971129200806E-6	1	1	528	127	18	0	A
G9_BC81_191109_LF_LIB_consensus_vsearch	4317	A	R	656	12	1.78%	2	1	93	93	2.3227305687118882E-4	1	1	528	128	12	0	G
G9_BC81_191109_LF_LIB_consensus_vsearch	4318	A	R	675	7	1.02%	2	2	93	93	0.007692573209303539	1	1	548	127	6	1	G
G9_BC81_191109_LF_LIB_consensus_vsearch	4323	A	R	659	14	2.06%	2	2	93	93	5.700598088104079E-5	1	1	532	127	13	1	G
G9_BC81_191109_LF_LIB_consensus_vsearch	4328	G	R	651	11	1.64%	2	1	93	93	4.682574605986325E-4	1	1	526	125	11	0	A
G9_BC81_191109_LF_LIB_consensus_vsearch	4330	C	Y	658	11	1.62%	2	2	93	93	4.684642937915707E-4	1	1	536	122	9	2	T
G9_BC81_191109_LF_LIB_consensus_vsearch	4331	A	R	658	7	1.03%	2	2	93	93	0.007689516707417525	1	1	534	124	6	1	G
G9_BC81_191109_LF_LIB_consensus_vsearch	4334	A	R	657	11	1.63%	2	2	93	93	4.6843500815013563E-4	1	1	531	126	9	2	G
G9_BC81_191109_LF_LIB_consensus_vsearch	4337	A	R	660	7	1.03%	2	1	93	93	0.007689884357994092	1	1	534	126	7	0	-G
G9_BC81_191109_LF_LIB_consensus_vsearch	4341	C	Y	670	8	1.17%	2	2	93	93	0.0038259772281954976	1	1	544	126	7	1	T
G9_BC81_191109_LF_LIB_consensus_vsearch	4342	A	R	658	11	1.62%	2	1	93	93	4.684642937915707E-4	1	1	533	125	11	0	G
G9_BC81_191109_LF_LIB_consensus_vsearch	4344	G	R	648	17	2.5%	2	2	93	93	6.878947239977436E-6	1	1	531	117	16	1	A
G9_BC81_191109_LF_LIB_consensus_vsearch	4354	A	R	638	17	2.58%	2	1	93	93	6.867942460849332E-6	1	1	511	127	17	0	G
G9_BC81_191109_LF_LIB_consensus_vsearch	4373	G	R	653	7	1.04%	2	1	93	93	0.007688587862634188	1	1	536	117	7	0	A
G9_BC81_191109_LF_LIB_consensus_vsearch	4374	T	Y	615	11	1.64%	2	2	93	93	4.671216907759083E-4	1	1	511	104	3	8	-A
G9_BC81_191109_LF_LIB_consensus_vsearch	4376	A	M	663	7	1.04%	2	2	93	93	0.007690431730786377	1	1	543	120	1	6	C
G9_BC81_191109_LF_LIB_consensus_vsearch	4388	G	R	653	14	2.08%	2	2	93	93	5.697061170414673E-5	1	1	528	125	13	1	A
G9_BC81_191109_LF_LIB_consensus_vsearch	4391	T	Y	658	7	1.04%	2	2	93	93	0.007689516707417525	1	1	534	124	5	2	C
G9_BC81_191109_LF_LIB_consensus_vsearch	4400	A	R	660	8	1.19%	2	2	93	93	0.0038247814334864054	1	1	534	126	7	1	G
G9_BC81_191109_LF_LIB_consensus_vsearch	4401	A	R	658	10	1.47%	2	1	93	93	9.439890893708059E-4	1	1	542	116	10	0	+T
G9_BC81_191109_LF_LIB_consensus_vsearch	4406	A	R	654	8	1.18%	2	2	93	93	0.0038240467022021517	1	1	537	117	7	1	G
G9_BC81_191109_LF_LIB_consensus_vsearch	4406	A	W	654	8	1.18%	2	1	93	93	0.0038240467022021517	1	1	537	117	0	8	G
G9_BC81_191109_LF_LIB_consensus_vsearch	4407	T	Y	643	8	1.19%	2	2	93	93	0.0038226646977705283	1	1	530	113	2	6	-A
G9_BC81_191109_LF_LIB_consensus_vsearch	4408	A	R	645	8	1.21%	2	2	93	93	0.0038229194169911327	1	1	531	114	3	5	G
G9_BC81_191109_LF_LIB_consensus_vsearch	4423	A	R	640	7	1.04%	2	2	93	93	0.007686105889921431	1	1	515	125	5	2	-GA
G9_BC81_191109_LF_LIB_consensus_vsearch	4430	G	R	643	25	3.7%	2	2	93	93	2.3708350892604136E-8	1	1	518	125	23	2	A
G9_BC81_191109_LF_LIB_consensus_vsearch	4431	C	Y	636	29	4.3%	2	2	93	93	1.3634591545301933E-9	1	1	516	120	25	4	T
G9_BC81_191109_LF_LIB_consensus_vsearch	4449	A	R	648	9	1.35%	2	1	93	93	0.0019000017786656748	1	1	521	127	9	0	G
G9_BC81_191109_LF_LIB_consensus_vsearch	4450	G	R	643	13	1.94%	2	1	93	93	1.1495873174781986E-4	1	1	523	120	13	0	A
G9_BC81_191109_LF_LIB_consensus_vsearch	4466	G	R	658	11	1.63%	2	1	93	93	4.684642937915707E-4	1	1	533	125	11	0	A
G9_BC81_191109_LF_LIB_consensus_vsearch	4468	T	Y	666	8	1.19%	2	2	93	93	0.003825503147506549	1	1	541	125	5	3	C
G9_BC81_191109_LF_LIB_consensus_vsearch	4473	C	M	654	7	1.03%	2	1	93	93	0.007688774752311839	1	1	527	127	7	0	A
G9_BC81_191109_LF_LIB_consensus_vsearch	4489	A	R	668	7	1.03%	2	1	93	93	0.00769133323902577	1	1	542	126	7	0	G
G9_BC81_191109_LF_LIB_consensus_vsearch	4498	A	R	645	17	2.51%	2	2	93	93	6.875679320192708E-6	1	1	520	125	16	1	G
G9_BC81_191109_LF_LIB_consensus_vsearch	4504	A	R	650	17	2.52%	2	2	93	93	6.881110169620544E-6	1	1	526	124	16	1	G
G9_BC81_191109_LF_LIB_consensus_vsearch	4519	C	Y	661	12	1.77%	2	2	93	93	2.3235980684521864E-4	1	1	544	117	2	10	T
G9_BC81_191109_LF_LIB_consensus_vsearch	4524	G	R	642	11	1.63%	2	1	93	93	4.679851027335887E-4	1	1	517	125	11	0	A
G9_BC81_191109_LF_LIB_consensus_vsearch	4524	G	S	642	13	1.92%	2	1	93	93	1.1494809564029318E-4	1	1	517	125	13	0	C
G9_BC81_191109_LF_LIB_consensus_vsearch	4525	C	Y	656	7	1.04%	2	2	93	93	0.007689146845504986	1	1	535	121	3	4	T
G9_BC81_191109_LF_LIB_consensus_vsearch	4532	A	W	650	8	1.19%	2	1	93	93	0.0038235494745854515	1	1	526	124	8	0	T
G9_BC81_191109_LF_LIB_consensus_vsearch	4533	C	S	652	7	1.04%	2	1	93	93	0.00768840040750772	1	1	526	126	7	0	G
G9_BC81_191109_LF_LIB_consensus_vsearch	4534	A	R	650	13	1.93%	2	2	93	93	1.1503230447135723E-4	1	1	528	122	12	1	G
G9_BC81_191109_LF_LIB_consensus_vsearch	4537	A	R	660	7	1.04%	2	2	93	93	0.007689884357994092	1	1	535	125	6	1	G
G9_BC81_191109_LF_LIB_consensus_vsearch	4539	A	R	618	9	1.43%	2	1	93	93	0.0018974794124720213	1	1	492	126	9	0	G
G9_BC81_191109_LF_LIB_consensus_vsearch	4545	G	R	633	8	1.19%	2	2	93	93	0.003821367381659358	1	1	507	126	7	1	A
G9_BC81_191109_LF_LIB_consensus_vsearch	4546	T	Y	661	7	1.05%	2	2	93	93	0.0076900673602228325	1	1	538	123	3	4	C
G9_BC81_191109_LF_LIB_consensus_vsearch	4551	A	R	618	31	4.73%	2	1	93	93	3.2264713581170936E-10	1	1	491	127	31	0	G
G9_BC81_191109_LF_LIB_consensus_vsearch	4553	T	K	632	18	2.73%	2	1	93	93	3.385695603396571E-6	1	1	511	121	18	0	G
G9_BC81_191109_LF_LIB_consensus_vsearch	4554	T	Y	647	10	1.48%	2	2	93	93	9.434491590588123E-4	1	1	525	122	9	1	+G
G9_BC81_191109_LF_LIB_consensus_vsearch	4566	G	R	666	8	1.18%	2	2	93	93	0.003825503147506549	1	1	542	124	6	2	A
G9_BC81_191109_LF_LIB_consensus_vsearch	4569	T	Y	646	8	1.21%	2	1	93	93	0.003823046195335939	1	1	520	126	8	0	C
G9_BC81_191109_LF_LIB_consensus_vsearch	4572	T	Y	661	7	1.04%	2	2	93	93	0.0076900673602228325	1	1	544	117	2	5	C
G9_BC81_191109_LF_LIB_consensus_vsearch	4578	A	R	631	7	1.05%	2	2	93	93	0.007684328538188862	1	1	505	126	6	1	-G
G9_BC81_191109_LF_LIB_consensus_vsearch	4584	G	R	610	49	7.44%	2	1	93	93	7.032732902150622E-16	1	1	483	127	49	0	A
