Chrom	Position	Ref	Cons	Reads1	Reads2	VarFreq	Strands1	Strands2	Qual1	Qual2	Pvalue	MapQual1	MapQual2	Reads1Plus	Reads1Minus	Reads2Plus	Reads2Minus	VarAllele
H11_BC95_191109_LF_LIB_consensus_vsearch	1	A	A	328	0	0%	2	0	93	0	1.0	1	0	283	45	0	0	
H11_BC95_191109_LF_LIB_consensus_vsearch	2	T	T	336	0	0%	2	0	93	0	1.0	1	0	284	52	0	0	
H11_BC95_191109_LF_LIB_consensus_vsearch	3	G	*/-T	268	72	20.45%	2	2	93	93	3.1431828964830827E-24	1	1	204	64	70	2	-T
H11_BC95_191109_LF_LIB_consensus_vsearch	4	T	T	286	2	0.69%	2	2	93	93	0.24956521739125181	1	1	218	68	1	1	C
H11_BC95_191109_LF_LIB_consensus_vsearch	5	T	T	371	1	0.27%	2	1	93	93	0.4999999999999138	1	1	289	82	1	0	C
H11_BC95_191109_LF_LIB_consensus_vsearch	6	T	T	377	0	0%	2	0	93	0	1.0	1	0	290	87	0	0	
H11_BC95_191109_LF_LIB_consensus_vsearch	7	T	T	380	3	0.78%	2	2	93	93	0.12450980392156931	1	1	286	94	2	1	-A
H11_BC95_191109_LF_LIB_consensus_vsearch	8	A	A	382	2	0.52%	2	1	93	93	0.2496740547585969	1	1	286	96	0	2	+C
H11_BC95_191109_LF_LIB_consensus_vsearch	9	A	A	393	3	0.75%	2	2	93	93	0.12452591656124207	1	1	288	105	1	2	C
H11_BC95_191109_LF_LIB_consensus_vsearch	10	T	T	406	1	0.25%	2	1	93	93	0.4999999999999138	1	1	289	117	1	0	A
H11_BC95_191109_LF_LIB_consensus_vsearch	11	T	*/+G	403	12	2.88%	2	1	93	93	2.252264779649526E-4	1	1	279	124	12	0	+G
H11_BC95_191109_LF_LIB_consensus_vsearch	12	A	*/-G	409	12	2.84%	2	1	93	93	2.2548906969822708E-4	1	1	280	129	12	0	-G
H11_BC95_191109_LF_LIB_consensus_vsearch	13	G	G	413	1	0.24%	2	1	93	93	0.5000000000008233	1	1	281	132	0	1	A
H11_BC95_191109_LF_LIB_consensus_vsearch	14	A	A	422	3	0.7%	2	1	93	93	0.12455830388715546	1	1	288	134	3	0	+C
H11_BC95_191109_LF_LIB_consensus_vsearch	15	C	C	424	3	0.7%	2	1	93	93	0.12456037514670402	1	1	289	135	3	0	+G
H11_BC95_191109_LF_LIB_consensus_vsearch	16	A	A	419	4	0.93%	2	1	93	93	0.06205647623661182	1	1	284	135	4	0	-G
H11_BC95_191109_LF_LIB_consensus_vsearch	17	G	G	423	2	0.47%	2	1	93	93	0.24970553592454253	1	1	287	136	2	0	A
H11_BC95_191109_LF_LIB_consensus_vsearch	18	T	*/+C	416	12	2.78%	2	1	93	93	2.257863627265534E-4	1	1	281	135	12	0	+C
H11_BC95_191109_LF_LIB_consensus_vsearch	19	C	C	421	5	1.16%	2	2	93	93	0.030883433748668913	1	1	286	135	4	1	-A
H11_BC95_191109_LF_LIB_consensus_vsearch	20	A	R	383	36	8.45%	2	2	93	93	6.635406956135579E-12	1	1	267	116	21	15	G
H11_BC95_191109_LF_LIB_consensus_vsearch	21	G	G	423	5	1.16%	2	1	93	93	0.030885145650365813	1	1	287	136	5	0	-A
H11_BC95_191109_LF_LIB_consensus_vsearch	22	A	A	421	3	0.7%	2	1	93	93	0.12455726092075974	1	1	287	134	3	0	G
H11_BC95_191109_LF_LIB_consensus_vsearch	23	T	T	422	5	1.16%	2	2	93	93	0.030884291702852337	1	1	289	133	3	2	C
H11_BC95_191109_LF_LIB_consensus_vsearch	24	T	*/-C	341	73	16.94%	2	2	93	93	3.24933441416831E-24	1	1	250	91	35	38	-C
H11_BC95_191109_LF_LIB_consensus_vsearch	25	C	C	351	1	0.28%	2	1	93	93	0.4999999999999138	1	1	257	94	0	1	T
H11_BC95_191109_LF_LIB_consensus_vsearch	26	C	C	423	2	0.47%	2	1	93	93	0.24970553592454253	1	1	290	133	2	0	T
H11_BC95_191109_LF_LIB_consensus_vsearch	27	C	C	419	6	1.39%	2	1	93	93	0.015349917324271899	1	1	294	125	0	6	+T
H11_BC95_191109_LF_LIB_consensus_vsearch	28	C	Y	408	9	2.08%	2	2	93	93	0.0018697784886581234	1	1	283	125	2	7	T
H11_BC95_191109_LF_LIB_consensus_vsearch	29	A	A	414	5	1.17%	2	1	93	93	0.03087731347339881	1	1	281	133	5	0	+G
H11_BC95_191109_LF_LIB_consensus_vsearch	30	A	A	428	3	0.69%	2	2	93	93	0.12456445993035366	1	1	294	134	2	1	-G
H11_BC95_191109_LF_LIB_consensus_vsearch	31	G	G	422	6	1.4%	2	1	93	93	0.015351840904982691	1	1	288	134	6	0	A
H11_BC95_191109_LF_LIB_consensus_vsearch	32	T	*/-C	405	14	3.23%	2	2	93	93	5.465688685856862E-5	1	1	270	135	13	1	-C
H11_BC95_191109_LF_LIB_consensus_vsearch	33	C	C	416	1	0.24%	2	1	93	93	0.4999999999999138	1	1	282	134	1	0	+G
H11_BC95_191109_LF_LIB_consensus_vsearch	34	C	*/+A	419	9	2.08%	2	2	93	93	0.0018718964903564012	1	1	287	132	7	2	+A
H11_BC95_191109_LF_LIB_consensus_vsearch	35	G	K	411	8	1.86%	2	1	93	93	0.003776745880714396	1	1	281	130	8	0	T
H11_BC95_191109_LF_LIB_consensus_vsearch	36	T	T	428	1	0.23%	2	1	93	93	0.5000000000008233	1	1	295	133	1	0	-G
H11_BC95_191109_LF_LIB_consensus_vsearch	37	G	R	408	11	2.56%	2	2	93	93	4.5688172943049915E-4	1	1	279	129	10	1	A
H11_BC95_191109_LF_LIB_consensus_vsearch	38	C	C	421	2	0.47%	2	1	93	93	0.24970414201215435	1	1	293	128	0	2	+TA
H11_BC95_191109_LF_LIB_consensus_vsearch	39	C	C	421	6	1.38%	2	2	93	93	0.01535120270746072	1	1	294	127	2	4	T
H11_BC95_191109_LF_LIB_consensus_vsearch	40	A	A	419	5	1.16%	2	2	93	93	0.03088170570687224	1	1	293	126	2	3	T
H11_BC95_191109_LF_LIB_consensus_vsearch	41	G	G	428	1	0.23%	2	1	93	93	0.5000000000008233	1	1	296	132	1	0	+A
H11_BC95_191109_LF_LIB_consensus_vsearch	42	T	T	426	3	0.69%	2	2	93	93	0.1245624270712429	1	1	296	130	1	2	C
H11_BC95_191109_LF_LIB_consensus_vsearch	43	T	T	426	4	0.92%	2	2	93	93	0.06206370056623179	1	1	293	133	3	1	C
H11_BC95_191109_LF_LIB_consensus_vsearch	44	C	*/+T	419	11	2.54%	2	2	93	93	4.576688933102391E-4	1	1	294	125	1	10	+T
H11_BC95_191109_LF_LIB_consensus_vsearch	45	T	*/+G	390	31	7.18%	2	2	93	93	2.625156895738718E-10	1	1	263	127	25	6	+G
H11_BC95_191109_LF_LIB_consensus_vsearch	46	G	G	416	6	1.39%	2	2	93	93	0.015347966460357092	1	1	283	133	4	2	-A
H11_BC95_191109_LF_LIB_consensus_vsearch	47	A	*/+G	412	7	1.64%	2	1	93	93	0.007617659773976637	1	1	279	133	7	0	+G
H11_BC95_191109_LF_LIB_consensus_vsearch	48	G	G	425	2	0.46%	2	1	93	93	0.24970691676425003	1	1	290	135	2	0	+A
H11_BC95_191109_LF_LIB_consensus_vsearch	49	T	T	425	5	1.16%	2	2	93	93	0.03088684163697732	1	1	293	132	2	3	C
H11_BC95_191109_LF_LIB_consensus_vsearch	50	T	*/-G	415	18	4.15%	2	2	93	93	3.1852487497487506E-6	1	1	287	128	11	7	-G
H11_BC95_191109_LF_LIB_consensus_vsearch	51	G	G	413	2	0.48%	2	1	93	93	0.24969843184537432	1	1	284	129	2	0	A
H11_BC95_191109_LF_LIB_consensus_vsearch	52	G	R	414	14	3.23%	2	2	93	93	5.478593949196498E-5	1	1	281	133	11	3	A
H11_BC95_191109_LF_LIB_consensus_vsearch	53	C	Y	396	25	5.83%	2	2	93	93	2.064677334554654E-8	1	1	281	115	7	18	T
H11_BC95_191109_LF_LIB_consensus_vsearch	54	T	T	427	2	0.46%	2	1	93	93	0.24970828471410914	1	1	294	133	0	2	+C
H11_BC95_191109_LF_LIB_consensus_vsearch	55	G	G	419	6	1.39%	2	2	93	93	0.015349917324271899	1	1	287	132	3	3	-C
H11_BC95_191109_LF_LIB_consensus_vsearch	56	C	*/+G	398	19	4.44%	2	1	93	93	1.5465225927437376E-6	1	1	269	129	19	0	+G
H11_BC95_191109_LF_LIB_consensus_vsearch	57	A	*/-G	391	25	5.79%	2	1	93	93	2.055311355112995E-8	1	1	263	128	25	0	-G
H11_BC95_191109_LF_LIB_consensus_vsearch	58	G	G	400	3	0.74%	2	1	93	93	0.12453416149047736	1	1	268	132	3	0	+A
H11_BC95_191109_LF_LIB_consensus_vsearch	59	A	A	420	3	0.7%	2	1	93	93	0.12455621301805807	1	1	289	131	3	0	+C
H11_BC95_191109_LF_LIB_consensus_vsearch	60	C	C	423	2	0.46%	2	1	93	93	0.24970553592454253	1	1	291	132	2	0	+A
H11_BC95_191109_LF_LIB_consensus_vsearch	61	A	A	428	1	0.23%	2	1	93	93	0.5000000000008233	1	1	295	133	1	0	+T
H11_BC95_191109_LF_LIB_consensus_vsearch	62	A	A	424	3	0.69%	2	1	93	93	0.12456037514670402	1	1	290	134	3	0	+G
H11_BC95_191109_LF_LIB_consensus_vsearch	63	T	T	428	2	0.46%	2	2	93	93	0.24970896391120487	1	1	296	132	1	1	A
H11_BC95_191109_LF_LIB_consensus_vsearch	64	G	G	419	5	1.15%	2	1	93	93	0.03088170570687224	1	1	285	134	5	0	+C
H11_BC95_191109_LF_LIB_consensus_vsearch	65	C	*/-TGC	392	17	3.94%	2	2	93	93	6.438623221369329E-6	1	1	268	124	8	9	-TGC
H11_BC95_191109_LF_LIB_consensus_vsearch	66	T	Y	390	9	2.22%	2	2	93	93	0.0018660638404102402	1	1	274	116	2	7	C
H11_BC95_191109_LF_LIB_consensus_vsearch	67	G	*/-C	394	11	2.68%	2	1	93	93	4.5581937785957034E-4	1	1	267	127	11	0	-C
H11_BC95_191109_LF_LIB_consensus_vsearch	68	C	C	390	5	1.24%	2	1	93	93	0.030854683924238017	1	1	264	126	5	0	G
H11_BC95_191109_LF_LIB_consensus_vsearch	69	C	Y	409	10	2.32%	2	2	93	93	9.249341612898154E-4	1	1	280	129	3	7	T
H11_BC95_191109_LF_LIB_consensus_vsearch	70	A	A	421	5	1.17%	2	2	93	93	0.030883433748668913	1	1	286	135	4	1	G
H11_BC95_191109_LF_LIB_consensus_vsearch	71	A	R	402	24	5.58%	2	1	93	93	4.271528395416842E-8	1	1	265	137	24	0	G
H11_BC95_191109_LF_LIB_consensus_vsearch	72	C	*/-GC	402	17	3.95%	2	1	93	93	6.465281837282248E-6	1	1	266	136	17	0	-GC
H11_BC95_191109_LF_LIB_consensus_vsearch	73	G	G	413	2	0.48%	2	1	93	93	0.24969843184537432	1	1	277	136	2	0	A
H11_BC95_191109_LF_LIB_consensus_vsearch	74	C	C	404	3	0.72%	2	1	93	93	0.12453874538748007	1	1	269	135	3	0	-T
H11_BC95_191109_LF_LIB_consensus_vsearch	75	T	*/-GG	405	9	2.09%	2	2	93	93	0.0018691815479874114	1	1	273	132	8	1	-GG
H11_BC95_191109_LF_LIB_consensus_vsearch	76	G	G	409	6	1.43%	2	1	93	93	0.015343305027818941	1	1	275	134	6	0	A
H11_BC95_191109_LF_LIB_consensus_vsearch	77	G	R	407	8	1.88%	2	1	93	93	0.0037755075508262973	1	1	271	136	8	0	A
H11_BC95_191109_LF_LIB_consensus_vsearch	78	G	*/-T	408	10	2.3%	2	1	93	93	9.248125937902505E-4	1	1	271	137	10	0	-T
H11_BC95_191109_LF_LIB_consensus_vsearch	79	T	Y	388	16	3.79%	2	2	93	93	1.3114605407806796E-5	1	1	258	130	12	4	C
H11_BC95_191109_LF_LIB_consensus_vsearch	80	A	A	415	4	0.95%	2	1	93	93	0.06205223960684896	1	1	280	135	4	0	G
H11_BC95_191109_LF_LIB_consensus_vsearch	81	A	A	417	6	1.38%	2	2	93	93	0.015348619815559206	1	1	284	133	5	1	G
H11_BC95_191109_LF_LIB_consensus_vsearch	82	T	*/-A	402	15	3.46%	2	1	93	93	2.68474088688777E-5	1	1	269	133	15	0	-A
H11_BC95_191109_LF_LIB_consensus_vsearch	83	A	M	392	11	2.62%	2	1	93	93	4.5566171886911473E-4	1	1	258	134	11	0	C
H11_BC95_191109_LF_LIB_consensus_vsearch	84	G	*/-A	387	31	7.28%	2	1	93	93	2.613968009276449E-10	1	1	250	137	31	0	-A
H11_BC95_191109_LF_LIB_consensus_vsearch	85	A	*/-G	369	20	4.96%	2	2	93	93	7.423348007282038E-7	1	1	233	136	19	1	-G
H11_BC95_191109_LF_LIB_consensus_vsearch	86	G	G	410	0	0%	2	0	93	0	1.0	1	0	274	136	0	0	
H11_BC95_191109_LF_LIB_consensus_vsearch	87	G	G	420	3	0.7%	2	2	93	93	0.12455621301805807	1	1	285	135	2	1	-C
H11_BC95_191109_LF_LIB_consensus_vsearch	88	C	*/-A	400	14	3.28%	2	1	93	93	5.4582863522470956E-5	1	1	271	129	14	0	-A
H11_BC95_191109_LF_LIB_consensus_vsearch	89	A	*/-C	374	24	5.76%	2	2	93	93	4.169565799654493E-8	1	1	256	118	11	13	-C
H11_BC95_191109_LF_LIB_consensus_vsearch	90	C	S	372	15	3.71%	2	1	93	93	2.6576986497768562E-5	1	1	259	113	15	0	G
H11_BC95_191109_LF_LIB_consensus_vsearch	91	C	Y	374	35	8.12%	2	2	93	93	1.3615538394106626E-11	1	1	280	94	4	31	T
H11_BC95_191109_LF_LIB_consensus_vsearch	92	A	W	391	13	3.13%	2	2	93	93	1.1066876939038198E-4	1	1	284	107	1	12	T
H11_BC95_191109_LF_LIB_consensus_vsearch	93	A	*/-G	405	13	2.99%	2	2	93	93	1.1103838422487234E-4	1	1	290	115	2	11	-G
H11_BC95_191109_LF_LIB_consensus_vsearch	94	G	G	415	3	0.71%	2	1	93	93	0.12455089820333189	1	1	292	123	3	0	A
H11_BC95_191109_LF_LIB_consensus_vsearch	95	C	C	424	3	0.69%	2	2	93	93	0.12456037514670402	1	1	293	131	1	2	+T
H11_BC95_191109_LF_LIB_consensus_vsearch	96	A	A	421	4	0.93%	2	1	93	93	0.06205856462850021	1	1	288	133	4	0	G
H11_BC95_191109_LF_LIB_consensus_vsearch	97	C	C	421	3	0.69%	2	1	93	93	0.12455726092075974	1	1	285	136	3	0	-AGCAC
H11_BC95_191109_LF_LIB_consensus_vsearch	98	A	A	419	3	0.7%	2	2	93	93	0.12455516014247174	1	1	284	135	2	1	T
H11_BC95_191109_LF_LIB_consensus_vsearch	99	G	G	429	1	0.23%	2	1	93	93	0.4999999999999138	1	1	293	136	1	0	T
H11_BC95_191109_LF_LIB_consensus_vsearch	100	C	C	419	3	0.7%	2	1	93	93	0.12455516014247174	1	1	284	135	3	0	-A
H11_BC95_191109_LF_LIB_consensus_vsearch	101	A	*/-C	374	39	9.18%	2	2	93	93	7.096055305992603E-13	1	1	243	131	37	2	-C
H11_BC95_191109_LF_LIB_consensus_vsearch	102	C	*/+T	366	14	3.62%	2	1	93	93	5.403009673105009E-5	1	1	247	119	0	14	+T
H11_BC95_191109_LF_LIB_consensus_vsearch	103	C	C	420	3	0.7%	2	1	93	93	0.12455621301805807	1	1	291	129	0	3	+T
H11_BC95_191109_LF_LIB_consensus_vsearch	104	C	Y	395	20	4.61%	2	1	93	93	7.543651339090008E-7	1	1	288	107	0	20	T
H11_BC95_191109_LF_LIB_consensus_vsearch	105	G	*/-C	396	22	5.09%	2	1	93	93	1.79537745702876E-7	1	1	263	133	22	0	-C
H11_BC95_191109_LF_LIB_consensus_vsearch	106	C	C	400	2	0.49%	2	2	93	93	0.24968866749695368	1	1	268	132	1	1	T
H11_BC95_191109_LF_LIB_consensus_vsearch	107	C	C	424	2	0.47%	2	1	93	93	0.24970622796748032	1	1	290	134	2	0	A
H11_BC95_191109_LF_LIB_consensus_vsearch	108	C	*/+G	376	23	5.29%	2	2	93	93	8.60212123798187E-8	1	1	269	107	11	12	+G
H11_BC95_191109_LF_LIB_consensus_vsearch	109	G	*/-A	297	126	29.1%	2	2	93	93	1.991243937362899E-43	1	1	164	133	122	4	-A
H11_BC95_191109_LF_LIB_consensus_vsearch	110	A	+G/+G	39	247	82.06%	2	2	93	93	8.125885491452423E-121	1	1	38	1	117	130	+G
H11_BC95_191109_LF_LIB_consensus_vsearch	111	A	R	411	12	2.8%	2	2	93	93	2.2557498827275595E-4	1	1	275	136	11	1	G
H11_BC95_191109_LF_LIB_consensus_vsearch	112	G	G	425	6	1.38%	2	2	93	93	0.015353737770788975	1	1	291	134	5	1	A
H11_BC95_191109_LF_LIB_consensus_vsearch	113	C	*/-G	392	31	7.16%	2	2	93	93	2.632550759654624E-10	1	1	294	98	1	30	-G
H11_BC95_191109_LF_LIB_consensus_vsearch	114	G	R	382	15	3.73%	2	2	93	93	2.6671442214013996E-5	1	1	278	104	14	1	A
H11_BC95_191109_LF_LIB_consensus_vsearch	115	G	G	428	4	0.92%	2	1	93	93	0.06206572163388339	1	1	293	135	4	0	+A
H11_BC95_191109_LF_LIB_consensus_vsearch	116	G	*/-C	411	17	3.91%	2	2	93	93	6.4882764964716394E-6	1	1	279	132	16	1	-C
H11_BC95_191109_LF_LIB_consensus_vsearch	117	C	Y	391	22	5.28%	2	1	93	93	1.7890571566968725E-7	1	1	280	111	0	22	T
H11_BC95_191109_LF_LIB_consensus_vsearch	118	C	Y	398	19	4.38%	2	2	93	93	1.5465225927437376E-6	1	1	291	107	1	18	T
H11_BC95_191109_LF_LIB_consensus_vsearch	119	G	R	408	22	5.08%	2	2	93	93	1.8100159322079772E-7	1	1	293	115	1	21	A
H11_BC95_191109_LF_LIB_consensus_vsearch	120	C	Y	403	23	5.31%	2	1	93	93	8.786841289852207E-8	1	1	293	110	0	23	T
H11_BC95_191109_LF_LIB_consensus_vsearch	121	G	G	425	2	0.46%	2	1	93	93	0.24970691676425003	1	1	292	133	0	2	+TG
H11_BC95_191109_LF_LIB_consensus_vsearch	122	A	A	411	6	1.39%	2	1	93	93	0.015344652795793392	1	1	281	130	6	0	+C
H11_BC95_191109_LF_LIB_consensus_vsearch	123	C	*/+A	131	233	54.06%	2	2	93	93	1.6379165149473928E-95	1	1	125	6	109	124	+A
H11_BC95_191109_LF_LIB_consensus_vsearch	124	A	*/+G	152	243	55.99%	2	2	93	93	4.974203355784548E-98	1	1	138	14	133	110	+G
H11_BC95_191109_LF_LIB_consensus_vsearch	125	G	*/+A	390	22	5.14%	2	1	93	93	1.7877769072459786E-7	1	1	261	129	22	0	+A
H11_BC95_191109_LF_LIB_consensus_vsearch	126	G	*/+AG	341	60	13.89%	2	1	93	93	7.97631086357167E-20	1	1	208	133	60	0	+AG
H11_BC95_191109_LF_LIB_consensus_vsearch	127	C	C	421	5	1.16%	2	2	93	93	0.030883433748668913	1	1	291	130	3	2	A
H11_BC95_191109_LF_LIB_consensus_vsearch	128	C	C	420	5	1.15%	2	1	93	93	0.030882571759557657	1	1	296	124	0	5	T
H11_BC95_191109_LF_LIB_consensus_vsearch	129	G	G	428	3	0.69%	2	2	93	93	0.12456445993035366	1	1	296	132	2	1	A
H11_BC95_191109_LF_LIB_consensus_vsearch	130	T	T	423	6	1.39%	2	2	93	93	0.015352476134252922	1	1	294	129	2	4	C
H11_BC95_191109_LF_LIB_consensus_vsearch	131	C	C	428	2	0.46%	2	2	93	93	0.24970896391120487	1	1	294	134	1	1	+A
H11_BC95_191109_LF_LIB_consensus_vsearch	132	G	G	428	3	0.69%	2	1	93	93	0.12456445993035366	1	1	296	132	0	3	-T
H11_BC95_191109_LF_LIB_consensus_vsearch	133	T	T	428	1	0.23%	2	1	93	93	0.5000000000008233	1	1	297	131	0	1	A
H11_BC95_191109_LF_LIB_consensus_vsearch	134	T	*/-C	290	71	16.32%	2	2	93	93	9.270535679119811E-24	1	1	184	106	50	21	-C
H11_BC95_191109_LF_LIB_consensus_vsearch	135	C	C	350	2	0.57%	2	1	93	93	0.2496443812233433	1	1	237	113	2	0	T
H11_BC95_191109_LF_LIB_consensus_vsearch	136	C	C	417	4	0.94%	2	2	93	93	0.06205436799087533	1	1	285	132	3	1	T
H11_BC95_191109_LF_LIB_consensus_vsearch	137	C	Y	396	18	4.17%	2	1	93	93	3.1584277576268335E-6	1	1	285	111	0	18	T
H11_BC95_191109_LF_LIB_consensus_vsearch	138	C	Y	405	18	4.14%	2	2	93	93	3.171410873712411E-6	1	1	288	117	7	11	T
H11_BC95_191109_LF_LIB_consensus_vsearch	139	G	G	432	2	0.46%	2	1	93	93	0.2497116493653279	1	1	295	137	2	0	-A
H11_BC95_191109_LF_LIB_consensus_vsearch	140	A	A	427	3	0.69%	2	2	93	93	0.12456344586746677	1	1	293	134	2	1	G
H11_BC95_191109_LF_LIB_consensus_vsearch	141	T	T	428	3	0.69%	2	1	93	93	0.12456445993035366	1	1	293	135	3	0	+C
H11_BC95_191109_LF_LIB_consensus_vsearch	142	C	C	430	2	0.46%	2	1	93	93	0.24971031286224527	1	1	294	136	2	0	+T
H11_BC95_191109_LF_LIB_consensus_vsearch	143	G	R	418	14	3.23%	2	1	93	93	5.4841636470744183E-5	1	1	282	136	14	0	A
H11_BC95_191109_LF_LIB_consensus_vsearch	144	G	G	431	3	0.69%	2	1	93	93	0.12456747404820136	1	1	294	137	3	0	A
H11_BC95_191109_LF_LIB_consensus_vsearch	145	C	C	419	5	1.15%	2	2	93	93	0.03088170570687224	1	1	285	134	4	1	-A
H11_BC95_191109_LF_LIB_consensus_vsearch	146	A	R	381	38	8.86%	2	1	93	93	1.5112030319383308E-12	1	1	253	128	38	0	G
H11_BC95_191109_LF_LIB_consensus_vsearch	147	G	G	424	2	0.47%	2	2	93	93	0.24970622796748032	1	1	294	130	1	1	+A
H11_BC95_191109_LF_LIB_consensus_vsearch	148	G	G	427	2	0.47%	2	2	93	93	0.24970828471410914	1	1	296	131	1	1	A
H11_BC95_191109_LF_LIB_consensus_vsearch	149	C	C	427	2	0.46%	2	2	93	93	0.24970828471410914	1	1	296	131	1	1	T
H11_BC95_191109_LF_LIB_consensus_vsearch	150	A	A	424	2	0.47%	2	1	93	93	0.24970622796748032	1	1	295	129	0	2	-T
H11_BC95_191109_LF_LIB_consensus_vsearch	151	T	T	431	1	0.23%	2	1	93	93	0.4999999999999138	1	1	298	133	0	1	C
H11_BC95_191109_LF_LIB_consensus_vsearch	152	T	*/+C	412	14	3.23%	2	2	93	93	5.475771402649315E-5	1	1	282	130	13	1	+C
H11_BC95_191109_LF_LIB_consensus_vsearch	153	C	C	427	2	0.46%	2	2	93	93	0.24970828471410914	1	1	294	133	1	1	+A
H11_BC95_191109_LF_LIB_consensus_vsearch	154	A	R	421	9	2.08%	2	2	93	93	0.0018722700711233777	1	1	286	135	8	1	G
H11_BC95_191109_LF_LIB_consensus_vsearch	155	G	*/-C	394	21	4.85%	2	2	93	93	3.6786941715389363E-7	1	1	280	114	6	15	-C
H11_BC95_191109_LF_LIB_consensus_vsearch	156	C	C	406	2	0.49%	2	1	93	93	0.249693251533771	1	1	286	120	2	0	A
H11_BC95_191109_LF_LIB_consensus_vsearch	157	C	C	431	2	0.46%	2	2	93	93	0.24971098265883573	1	1	295	136	1	1	T
H11_BC95_191109_LF_LIB_consensus_vsearch	158	C	C	422	3	0.69%	2	2	93	93	0.12455830388715546	1	1	290	132	2	1	-TCA
H11_BC95_191109_LF_LIB_consensus_vsearch	159	T	*/+C	408	8	1.87%	2	1	93	93	0.0037758193480112623	1	1	277	131	8	0	+C
H11_BC95_191109_LF_LIB_consensus_vsearch	160	C	C	410	6	1.41%	2	2	93	93	0.015343980527737108	1	1	279	131	5	1	-A
H11_BC95_191109_LF_LIB_consensus_vsearch	161	A	*/+G	404	7	1.65%	2	2	93	93	0.007613885964194907	1	1	277	127	2	5	+G
H11_BC95_191109_LF_LIB_consensus_vsearch	162	G	G	419	6	1.4%	2	1	93	93	0.015349917324271899	1	1	282	137	6	0	-A
H11_BC95_191109_LF_LIB_consensus_vsearch	163	A	*/-G	403	10	2.34%	2	1	93	93	9.241960685227657E-4	1	1	267	136	10	0	-G
H11_BC95_191109_LF_LIB_consensus_vsearch	164	G	R	405	8	1.9%	2	1	93	93	0.003774879463209244	1	1	268	137	8	0	A
H11_BC95_191109_LF_LIB_consensus_vsearch	165	C	C	423	2	0.47%	2	1	93	93	0.24970553592454253	1	1	286	137	2	0	A
H11_BC95_191109_LF_LIB_consensus_vsearch	166	C	C	428	3	0.69%	2	2	93	93	0.12456445993035366	1	1	293	135	2	1	T
H11_BC95_191109_LF_LIB_consensus_vsearch	167	A	*/-C	352	33	7.6%	2	2	93	93	5.6883222526000494E-11	1	1	256	96	15	18	-C
H11_BC95_191109_LF_LIB_consensus_vsearch	168	C	C	385	1	0.26%	2	1	93	93	0.4999999999999138	1	1	270	115	0	1	+T
H11_BC95_191109_LF_LIB_consensus_vsearch	169	C	C	416	2	0.48%	2	1	93	93	0.24970059880228618	1	1	284	132	0	2	+TC
H11_BC95_191109_LF_LIB_consensus_vsearch	170	C	C	430	1	0.23%	2	1	93	93	0.4999999999990043	1	1	296	134	1	0	+G
H11_BC95_191109_LF_LIB_consensus_vsearch	171	C	*/-T	414	10	2.3%	2	2	93	93	9.255335328018615E-4	1	1	289	125	4	6	-T
H11_BC95_191109_LF_LIB_consensus_vsearch	172	T	T	415	5	1.19%	2	2	93	93	0.03087820028111735	1	1	290	125	2	3	C
H11_BC95_191109_LF_LIB_consensus_vsearch	173	T	Y	417	11	2.55%	2	2	93	93	4.575287206333824E-4	1	1	291	126	3	8	C
H11_BC95_191109_LF_LIB_consensus_vsearch	174	A	A	428	3	0.69%	2	1	93	93	0.12456445993035366	1	1	292	136	3	0	G
H11_BC95_191109_LF_LIB_consensus_vsearch	175	T	*/-C	359	66	15.24%	2	2	93	93	8.773608625601451E-22	1	1	225	134	65	1	-C
H11_BC95_191109_LF_LIB_consensus_vsearch	176	C	C	361	2	0.55%	2	1	93	93	0.2496551724137076	1	1	227	134	2	0	A
H11_BC95_191109_LF_LIB_consensus_vsearch	177	C	C	428	2	0.46%	2	1	93	93	0.24970896391120487	1	1	293	135	0	2	+T
H11_BC95_191109_LF_LIB_consensus_vsearch	178	C	C	423	5	1.15%	2	2	93	93	0.030885145650365813	1	1	293	130	3	2	-T
H11_BC95_191109_LF_LIB_consensus_vsearch	179	T	*/+G	417	7	1.63%	2	2	93	93	0.007619946437356769	1	1	285	132	6	1	+G
H11_BC95_191109_LF_LIB_consensus_vsearch	180	A	R	411	9	2.09%	2	2	93	93	0.0018703670005234343	1	1	278	133	8	1	G
H11_BC95_191109_LF_LIB_consensus_vsearch	181	G	G	425	1	0.23%	2	1	93	93	0.4999999999999138	1	1	290	135	1	0	+A
H11_BC95_191109_LF_LIB_consensus_vsearch	182	G	G	426	4	0.92%	2	2	93	93	0.06206370056623179	1	1	290	136	3	1	A
H11_BC95_191109_LF_LIB_consensus_vsearch	183	T	T	434	0	0%	2	0	93	0	1.0	1	0	297	137	0	0	
H11_BC95_191109_LF_LIB_consensus_vsearch	184	T	T	431	2	0.46%	2	1	93	93	0.24971098265883573	1	1	295	136	2	0	-AC
H11_BC95_191109_LF_LIB_consensus_vsearch	185	A	R	406	12	2.78%	2	1	93	93	2.2535869113636013E-4	1	1	271	135	12	0	G
H11_BC95_191109_LF_LIB_consensus_vsearch	186	C	C	421	4	0.93%	2	1	93	93	0.06205856462850021	1	1	290	131	4	0	+A
H11_BC95_191109_LF_LIB_consensus_vsearch	187	G	R	417	13	3.01%	2	1	93	93	1.113366520436279E-4	1	1	284	133	13	0	A
H11_BC95_191109_LF_LIB_consensus_vsearch	188	G	*/-A	417	16	3.68%	2	1	93	93	1.3250753783082343E-5	1	1	280	137	16	0	-A
H11_BC95_191109_LF_LIB_consensus_vsearch	189	A	A	413	5	1.19%	2	1	93	93	0.030876422425220783	1	1	276	137	5	0	-G
H11_BC95_191109_LF_LIB_consensus_vsearch	190	G	G	416	3	0.7%	2	1	93	93	0.12455197132601219	1	1	279	137	3	0	+CC
H11_BC95_191109_LF_LIB_consensus_vsearch	191	C	C	427	3	0.69%	2	2	93	93	0.12456344586746677	1	1	291	136	2	1	-T
H11_BC95_191109_LF_LIB_consensus_vsearch	192	T	Y	418	8	1.85%	2	2	93	93	0.003778857437644956	1	1	291	127	2	6	C
H11_BC95_191109_LF_LIB_consensus_vsearch	193	G	G	431	2	0.46%	2	2	93	93	0.24971098265883573	1	1	296	135	1	1	-A
H11_BC95_191109_LF_LIB_consensus_vsearch	194	A	A	429	2	0.46%	2	1	93	93	0.2497096399537788	1	1	294	135	2	0	G
H11_BC95_191109_LF_LIB_consensus_vsearch	195	C	*/-TT	415	7	1.61%	2	1	93	93	0.007619038242851565	1	1	284	131	7	0	-TT
H11_BC95_191109_LF_LIB_consensus_vsearch	196	T	T	418	2	0.48%	2	1	93	93	0.24970202622115176	1	1	283	135	2	0	A
H11_BC95_191109_LF_LIB_consensus_vsearch	197	T	T	423	2	0.47%	2	1	93	93	0.24970553592454253	1	1	288	135	2	0	-G
H11_BC95_191109_LF_LIB_consensus_vsearch	198	G	R	416	7	1.62%	2	2	93	93	0.007619493408432325	1	1	281	135	6	1	A
H11_BC95_191109_LF_LIB_consensus_vsearch	199	C	C	420	6	1.4%	2	2	93	93	0.01535056152092204	1	1	286	134	4	2	T
H11_BC95_191109_LF_LIB_consensus_vsearch	200	C	Y	416	12	2.78%	2	2	93	93	2.257863627265534E-4	1	1	285	131	6	6	T
H11_BC95_191109_LF_LIB_consensus_vsearch	201	G	G	426	3	0.69%	2	1	93	93	0.1245624270712429	1	1	289	137	3	0	A
H11_BC95_191109_LF_LIB_consensus_vsearch	202	A	R	425	8	1.84%	2	2	93	93	0.0037809012469126957	1	1	289	136	7	1	G
H11_BC95_191109_LF_LIB_consensus_vsearch	203	C	*/-TTC	418	8	1.83%	2	1	93	93	0.003778857437644956	1	1	283	135	8	0	-TTC
H11_BC95_191109_LF_LIB_consensus_vsearch	204	T	T	417	1	0.24%	2	1	93	93	0.4999999999999138	1	1	282	135	1	0	A
H11_BC95_191109_LF_LIB_consensus_vsearch	205	T	*/-C	334	62	14.55%	2	2	93	93	1.6239696007761258E-20	1	1	244	90	34	28	-C
H11_BC95_191109_LF_LIB_consensus_vsearch	206	C	C	349	4	1.11%	2	1	93	93	0.06196846342422332	1	1	247	102	4	0	+G
H11_BC95_191109_LF_LIB_consensus_vsearch	207	C	*/+A	409	7	1.63%	2	1	93	93	0.007616261521057028	1	1	282	127	7	0	+A
H11_BC95_191109_LF_LIB_consensus_vsearch	208	C	*/-T	378	26	5.96%	2	2	93	93	9.835815177364505E-9	1	1	270	108	6	20	-T
H11_BC95_191109_LF_LIB_consensus_vsearch	209	T	Y	373	14	3.49%	2	2	93	93	5.415150063894175E-5	1	1	258	115	13	1	C
H11_BC95_191109_LF_LIB_consensus_vsearch	210	T	Y	407	15	3.51%	2	2	93	93	2.688891654781441E-5	1	1	275	132	11	4	C
H11_BC95_191109_LF_LIB_consensus_vsearch	211	A	*/-C	383	26	6%	2	2	93	93	9.887525401379193E-9	1	1	247	136	25	1	-C
H11_BC95_191109_LF_LIB_consensus_vsearch	212	C	*/+T	393	11	2.69%	2	2	93	93	4.557407392548745E-4	1	1	267	126	1	10	+T
H11_BC95_191109_LF_LIB_consensus_vsearch	213	C	C	432	1	0.23%	2	1	93	93	0.5000000000008233	1	1	295	137	1	0	+A
H11_BC95_191109_LF_LIB_consensus_vsearch	214	C	C	428	5	1.14%	2	2	93	93	0.030889356258247617	1	1	294	134	2	3	T
H11_BC95_191109_LF_LIB_consensus_vsearch	215	A	*/-CA	407	14	3.23%	2	2	93	93	5.468602328051435E-5	1	1	278	129	11	3	-CA
H11_BC95_191109_LF_LIB_consensus_vsearch	216	C	*/+G	400	14	3.33%	2	1	93	93	5.4582863522470956E-5	1	1	270	130	14	0	+G
H11_BC95_191109_LF_LIB_consensus_vsearch	217	A	*/-T	394	15	3.56%	2	2	93	93	2.677898752475734E-5	1	1	264	130	13	2	-T
H11_BC95_191109_LF_LIB_consensus_vsearch	218	T	T	413	6	1.43%	2	1	93	93	0.015345987728683596	1	1	281	132	6	0	G
H11_BC95_191109_LF_LIB_consensus_vsearch	219	T	T	429	4	0.91%	2	1	93	93	0.062066725162242674	1	1	293	136	4	0	+G
H11_BC95_191109_LF_LIB_consensus_vsearch	220	A	R	421	8	1.83%	2	2	93	93	0.0037797414596765903	1	1	286	135	7	1	G
H11_BC95_191109_LF_LIB_consensus_vsearch	221	G	G	426	2	0.47%	2	2	93	93	0.2497076023388982	1	1	292	134	1	1	A
H11_BC95_191109_LF_LIB_consensus_vsearch	222	T	*/-C	423	8	1.83%	2	1	93	93	0.003780324023462628	1	1	289	134	8	0	-C
H11_BC95_191109_LF_LIB_consensus_vsearch	223	C	C	429	1	0.23%	2	1	93	93	0.4999999999999138	1	1	292	137	1	0	+AAAA
H11_BC95_191109_LF_LIB_consensus_vsearch	224	C	C	426	6	1.37%	2	1	93	93	0.015354364218716944	1	1	293	133	6	0	+A
H11_BC95_191109_LF_LIB_consensus_vsearch	225	G	G	428	4	0.91%	2	1	93	93	0.06206572163388339	1	1	295	133	4	0	T
H11_BC95_191109_LF_LIB_consensus_vsearch	226	T	T	426	3	0.69%	2	1	93	93	0.1245624270712429	1	1	297	129	0	3	-G
H11_BC95_191109_LF_LIB_consensus_vsearch	227	G	*/-A	419	8	1.84%	2	2	93	93	0.0037791534811211507	1	1	290	129	6	2	-A
H11_BC95_191109_LF_LIB_consensus_vsearch	228	A	A	422	4	0.93%	2	1	93	93	0.062059601466603075	1	1	289	133	4	0	G
H11_BC95_191109_LF_LIB_consensus_vsearch	229	G	G	432	2	0.46%	2	1	93	93	0.2497116493653279	1	1	298	134	2	0	-A
H11_BC95_191109_LF_LIB_consensus_vsearch	230	A	*/+T	420	7	1.61%	2	2	93	93	0.007621292853586086	1	1	292	128	1	6	+T
H11_BC95_191109_LF_LIB_consensus_vsearch	231	C	*/-T	421	10	2.29%	2	2	93	93	9.263496519144309E-4	1	1	293	128	2	8	-T
H11_BC95_191109_LF_LIB_consensus_vsearch	232	T	*/-A	395	15	3.51%	2	1	93	93	2.6787679179248367E-5	1	1	274	121	15	0	-A
H11_BC95_191109_LF_LIB_consensus_vsearch	233	A	*/+G	406	12	2.84%	2	2	93	93	2.2535869113636013E-4	1	1	272	134	11	1	+G
H11_BC95_191109_LF_LIB_consensus_vsearch	234	G	*/-A	395	36	8.26%	2	1	93	93	6.7885538510652055E-12	1	1	258	137	36	0	-A
H11_BC95_191109_LF_LIB_consensus_vsearch	235	A	*/-G	374	15	3.76%	2	2	93	93	2.6596246379327937E-5	1	1	240	134	13	2	-G
H11_BC95_191109_LF_LIB_consensus_vsearch	236	G	G	418	2	0.48%	2	2	93	93	0.24970202622115176	1	1	284	134	1	1	+AG
H11_BC95_191109_LF_LIB_consensus_vsearch	237	G	G	422	6	1.37%	2	1	93	93	0.015351840904982691	1	1	286	136	6	0	+T
H11_BC95_191109_LF_LIB_consensus_vsearch	238	T	Y	429	8	1.83%	2	2	93	93	0.0037820399638697363	1	1	297	132	4	4	C
H11_BC95_191109_LF_LIB_consensus_vsearch	239	T	T	433	1	0.23%	2	1	93	93	0.4999999999999138	1	1	298	135	1	0	+AC
H11_BC95_191109_LF_LIB_consensus_vsearch	240	G	G	421	5	1.15%	2	1	93	93	0.030883433748668913	1	1	297	124	0	5	+C
H11_BC95_191109_LF_LIB_consensus_vsearch	241	C	C	429	2	0.46%	2	1	93	93	0.2497096399537788	1	1	300	129	0	2	-T
H11_BC95_191109_LF_LIB_consensus_vsearch	242	T	T	424	5	1.15%	2	2	93	93	0.03088599561913487	1	1	296	128	1	4	-C
H11_BC95_191109_LF_LIB_consensus_vsearch	243	C	C	419	2	0.46%	2	1	93	93	0.24970273483926292	1	1	293	126	2	0	+AC
H11_BC95_191109_LF_LIB_consensus_vsearch	244	G	*/+C	404	23	5.32%	2	1	93	93	8.793292228422683E-8	1	1	271	133	23	0	+C
H11_BC95_191109_LF_LIB_consensus_vsearch	245	C	*/+T	417	7	1.63%	2	1	93	93	0.007619946437356769	1	1	295	122	0	7	+T
H11_BC95_191109_LF_LIB_consensus_vsearch	246	C	C	422	6	1.37%	2	1	93	93	0.015351840904982691	1	1	297	125	0	6	-T
H11_BC95_191109_LF_LIB_consensus_vsearch	247	T	Y	410	8	1.86%	2	1	93	93	0.003776438502445107	1	1	288	122	0	8	C
H11_BC95_191109_LF_LIB_consensus_vsearch	248	A	*/-G	374	35	8.14%	2	2	93	93	1.3615538394106626E-11	1	1	280	94	5	30	-G
H11_BC95_191109_LF_LIB_consensus_vsearch	249	G	G	391	4	1%	2	1	93	93	0.06202501678889606	1	1	287	104	4	0	+A
H11_BC95_191109_LF_LIB_consensus_vsearch	250	G	G	426	5	1.14%	2	1	93	93	0.0308876837313223	1	1	290	136	5	0	-A
H11_BC95_191109_LF_LIB_consensus_vsearch	251	A	R	418	10	2.31%	2	2	93	93	9.260031044371504E-4	1	1	285	133	8	2	G
H11_BC95_191109_LF_LIB_consensus_vsearch	252	G	G	433	1	0.23%	2	1	93	93	0.4999999999999138	1	1	297	136	1	0	-A
H11_BC95_191109_LF_LIB_consensus_vsearch	253	A	R	418	9	2.07%	2	2	93	93	0.0018717084025872061	1	1	286	132	7	2	G
H11_BC95_191109_LF_LIB_consensus_vsearch	254	C	C	431	1	0.23%	2	1	93	93	0.4999999999999138	1	1	299	132	1	0	+G
H11_BC95_191109_LF_LIB_consensus_vsearch	255	C	C	432	2	0.46%	2	2	93	93	0.2497116493653279	1	1	298	134	1	1	+T
H11_BC95_191109_LF_LIB_consensus_vsearch	256	T	T	423	6	1.37%	2	2	93	93	0.015352476134252922	1	1	298	125	1	5	C
H11_BC95_191109_LF_LIB_consensus_vsearch	257	G	G	432	2	0.46%	2	1	93	93	0.2497116493653279	1	1	298	134	2	0	A
H11_BC95_191109_LF_LIB_consensus_vsearch	258	C	C	419	6	1.37%	2	2	93	93	0.015349917324271899	1	1	293	126	5	1	-TGC
H11_BC95_191109_LF_LIB_consensus_vsearch	259	T	T	421	2	0.47%	2	1	93	93	0.24970414201215435	1	1	292	129	0	2	+G
H11_BC95_191109_LF_LIB_consensus_vsearch	260	G	G	429	1	0.23%	2	1	93	93	0.4999999999999138	1	1	294	135	0	1	-CG
H11_BC95_191109_LF_LIB_consensus_vsearch	261	C	Y	413	7	1.63%	2	1	93	93	0.007618121440992818	1	1	292	121	0	7	T
H11_BC95_191109_LF_LIB_consensus_vsearch	262	G	G	425	3	0.7%	2	1	93	93	0.12456140350894482	1	1	298	127	0	3	+TG
H11_BC95_191109_LF_LIB_consensus_vsearch	263	G	*/-T	418	9	2.06%	2	2	93	93	0.0018717084025872061	1	1	287	131	5	4	-T
H11_BC95_191109_LF_LIB_consensus_vsearch	264	T	Y	418	8	1.88%	2	2	93	93	0.003778857437644956	1	1	291	127	2	6	C
H11_BC95_191109_LF_LIB_consensus_vsearch	265	T	T	431	4	0.92%	2	2	93	93	0.06206871836935933	1	1	295	136	3	1	C
H11_BC95_191109_LF_LIB_consensus_vsearch	266	T	T	428	4	0.92%	2	2	93	93	0.06206572163388339	1	1	295	133	3	1	+C
H11_BC95_191109_LF_LIB_consensus_vsearch	267	C	*/-G	362	67	15.37%	2	1	93	93	4.134168792383605E-22	1	1	231	131	67	0	-G
H11_BC95_191109_LF_LIB_consensus_vsearch	268	G	G	359	6	1.62%	2	2	93	93	0.015304824025885759	1	1	225	134	5	1	-A
H11_BC95_191109_LF_LIB_consensus_vsearch	269	A	A	423	5	1.16%	2	2	93	93	0.030885145650365813	1	1	291	132	2	3	G
H11_BC95_191109_LF_LIB_consensus_vsearch	270	G	G	428	3	0.69%	2	1	93	93	0.12456445993035366	1	1	293	135	3	0	+AG
H11_BC95_191109_LF_LIB_consensus_vsearch	271	T	T	426	4	0.92%	2	1	93	93	0.06206370056623179	1	1	293	133	4	0	-AC
H11_BC95_191109_LF_LIB_consensus_vsearch	272	A	A	425	6	1.39%	2	2	93	93	0.015353737770788975	1	1	290	135	5	1	G
H11_BC95_191109_LF_LIB_consensus_vsearch	273	C	C	426	3	0.69%	2	1	93	93	0.1245624270712429	1	1	293	133	0	3	T
H11_BC95_191109_LF_LIB_consensus_vsearch	274	G	G	433	1	0.23%	2	1	93	93	0.4999999999999138	1	1	296	137	1	0	+TG
H11_BC95_191109_LF_LIB_consensus_vsearch	275	A	A	428	4	0.92%	2	1	93	93	0.06206572163388339	1	1	293	135	4	0	G
H11_BC95_191109_LF_LIB_consensus_vsearch	276	C	C	427	4	0.92%	2	1	93	93	0.06206471344608787	1	1	291	136	4	0	-AAC
H11_BC95_191109_LF_LIB_consensus_vsearch	277	A	A	430	2	0.46%	2	2	93	93	0.24971031286224527	1	1	294	136	1	1	G
H11_BC95_191109_LF_LIB_consensus_vsearch	278	A	R	419	8	1.85%	2	1	93	93	0.0037791534811211507	1	1	282	137	8	0	G
H11_BC95_191109_LF_LIB_consensus_vsearch	279	C	C	425	2	0.46%	2	1	93	93	0.24970691676425003	1	1	288	137	2	0	+A
H11_BC95_191109_LF_LIB_consensus_vsearch	280	G	*/-A	427	8	1.83%	2	1	93	93	0.0037814732031268648	1	1	290	137	8	0	-A
H11_BC95_191109_LF_LIB_consensus_vsearch	281	A	A	420	5	1.17%	2	2	93	93	0.030882571759557657	1	1	285	135	3	2	G
H11_BC95_191109_LF_LIB_consensus_vsearch	282	A	A	429	3	0.69%	2	1	93	93	0.12456546929309553	1	1	292	137	3	0	-G
H11_BC95_191109_LF_LIB_consensus_vsearch	283	G	G	429	2	0.46%	2	2	93	93	0.2497096399537788	1	1	294	135	1	1	+AAG
H11_BC95_191109_LF_LIB_consensus_vsearch	284	C	C	429	4	0.92%	2	1	93	93	0.062066725162242674	1	1	294	135	4	0	+GC
H11_BC95_191109_LF_LIB_consensus_vsearch	285	A	A	433	2	0.46%	2	2	93	93	0.2497123130030455	1	1	298	135	1	1	G
H11_BC95_191109_LF_LIB_consensus_vsearch	286	C	C	423	6	1.37%	2	1	93	93	0.015352476134252922	1	1	296	127	0	6	-G
H11_BC95_191109_LF_LIB_consensus_vsearch	287	G	*/+A	419	7	1.62%	2	1	93	93	0.007620846145152445	1	1	291	128	7	0	+A
H11_BC95_191109_LF_LIB_consensus_vsearch	288	G	G	435	1	0.23%	2	1	93	93	0.5000000000008233	1	1	299	136	1	0	+CGG
H11_BC95_191109_LF_LIB_consensus_vsearch	289	G	G	435	2	0.46%	2	2	93	93	0.24971363115699957	1	1	299	136	1	1	-CG
H11_BC95_191109_LF_LIB_consensus_vsearch	290	C	C	430	2	0.46%	2	2	93	93	0.24971031286224527	1	1	296	134	1	1	T
H11_BC95_191109_LF_LIB_consensus_vsearch	291	G	R	420	8	1.84%	2	1	93	93	0.003779448151948946	1	1	286	134	8	0	A
H11_BC95_191109_LF_LIB_consensus_vsearch	292	T	*/-A	405	9	2.08%	2	1	93	93	0.0018691815479874114	1	1	277	128	9	0	-A
H11_BC95_191109_LF_LIB_consensus_vsearch	293	A	R	412	8	1.87%	2	1	93	93	0.003777051806882959	1	1	276	136	8	0	G
H11_BC95_191109_LF_LIB_consensus_vsearch	294	G	R	412	7	1.62%	2	1	93	93	0.007617659773976637	1	1	278	134	7	0	A
H11_BC95_191109_LF_LIB_consensus_vsearch	295	T	K	413	11	2.55%	2	2	93	93	4.572444899531022E-4	1	1	284	129	10	1	G
H11_BC95_191109_LF_LIB_consensus_vsearch	296	T	*/+A	410	16	3.67%	2	1	93	93	1.321949517328872E-5	1	1	280	130	16	0	+A
H11_BC95_191109_LF_LIB_consensus_vsearch	297	G	*/+C	417	8	1.83%	2	2	93	93	0.003778560011928581	1	1	287	130	4	4	+C
H11_BC95_191109_LF_LIB_consensus_vsearch	298	T	Y	404	13	3.01%	2	2	93	93	1.1101277914824134E-4	1	1	283	121	12	1	C
H11_BC95_191109_LF_LIB_consensus_vsearch	299	G	G	431	2	0.46%	2	1	93	93	0.24971098265883573	1	1	297	134	0	2	C
H11_BC95_191109_LF_LIB_consensus_vsearch	300	A	A	435	2	0.46%	2	1	93	93	0.24971363115699957	1	1	299	136	2	0	T
H11_BC95_191109_LF_LIB_consensus_vsearch	301	T	T	432	3	0.68%	2	2	93	93	0.12456846950514457	1	1	298	134	2	1	-C
H11_BC95_191109_LF_LIB_consensus_vsearch	302	C	*/-A	418	7	1.61%	2	1	93	93	0.007620397344640596	1	1	283	135	7	0	-A
H11_BC95_191109_LF_LIB_consensus_vsearch	303	A	A	416	6	1.41%	2	1	93	93	0.015347966460357092	1	1	279	137	6	0	G
H11_BC95_191109_LF_LIB_consensus_vsearch	304	C	C	420	6	1.39%	2	2	93	93	0.01535056152092204	1	1	287	133	4	2	T
H11_BC95_191109_LF_LIB_consensus_vsearch	305	C	Y	420	11	2.52%	2	2	93	93	4.5773850170834535E-4	1	1	291	129	3	8	T
H11_BC95_191109_LF_LIB_consensus_vsearch	306	G	*/-A	414	18	4.12%	2	1	93	93	3.1838917320405464E-6	1	1	277	137	18	0	-A
H11_BC95_191109_LF_LIB_consensus_vsearch	307	A	*/-G	407	7	1.67%	2	2	93	93	0.007615318149966635	1	1	271	136	6	1	-G
H11_BC95_191109_LF_LIB_consensus_vsearch	308	G	G	429	1	0.23%	2	1	93	93	0.4999999999999138	1	1	294	135	0	1	T
H11_BC95_191109_LF_LIB_consensus_vsearch	309	G	*/-T	381	43	9.82%	2	2	93	93	3.703578430816863E-14	1	1	255	126	35	8	-T
H11_BC95_191109_LF_LIB_consensus_vsearch	310	T	Y	386	7	1.78%	2	2	93	93	0.0076048360660226225	1	1	263	123	1	6	C
H11_BC95_191109_LF_LIB_consensus_vsearch	311	T	T	433	4	0.92%	2	2	93	93	0.06207069332172113	1	1	298	135	2	2	C
H11_BC95_191109_LF_LIB_consensus_vsearch	312	T	T	430	5	1.14%	2	2	93	93	0.030891013414769866	1	1	299	131	2	3	C
H11_BC95_191109_LF_LIB_consensus_vsearch	313	T	T	428	3	0.68%	2	1	93	93	0.12456445993035366	1	1	294	134	3	0	+C
H11_BC95_191109_LF_LIB_consensus_vsearch	314	C	+A/+A	38	371	84.9%	2	2	93	93	4.001626365156667E-190	1	1	31	7	250	121	+A
H11_BC95_191109_LF_LIB_consensus_vsearch	315	A	*/+GG	18	299	68.58%	2	2	93	93	1.2269524891171749E-160	1	1	14	4	189	110	+GG
H11_BC95_191109_LF_LIB_consensus_vsearch	316	G	G	432	3	0.68%	2	2	93	93	0.12456846950514457	1	1	298	134	1	2	+C
H11_BC95_191109_LF_LIB_consensus_vsearch	317	G	*/+AG	414	19	4.34%	2	1	93	93	1.5588186688080025E-6	1	1	280	134	19	0	+AG
H11_BC95_191109_LF_LIB_consensus_vsearch	318	C	S	421	10	2.3%	2	1	93	93	9.263496519144309E-4	1	1	290	131	10	0	G
H11_BC95_191109_LF_LIB_consensus_vsearch	319	G	G	436	1	0.23%	2	1	93	93	0.5000000000008233	1	1	300	136	1	0	+C
H11_BC95_191109_LF_LIB_consensus_vsearch	320	C	C	428	2	0.46%	2	1	93	93	0.24970896391120487	1	1	298	130	0	2	+A
H11_BC95_191109_LF_LIB_consensus_vsearch	321	A	A	422	3	0.69%	2	1	93	93	0.12455830388715546	1	1	293	129	0	3	+C
H11_BC95_191109_LF_LIB_consensus_vsearch	322	C	C	427	3	0.69%	2	1	93	93	0.12456344586746677	1	1	295	132	3	0	+G
H11_BC95_191109_LF_LIB_consensus_vsearch	323	C	C	430	6	1.37%	2	2	93	93	0.015356841341651906	1	1	299	131	1	5	T
H11_BC95_191109_LF_LIB_consensus_vsearch	324	A	*/-G	401	14	3.21%	2	1	93	93	5.459780518076031E-5	1	1	268	133	14	0	-G
H11_BC95_191109_LF_LIB_consensus_vsearch	325	G	*/-A	387	20	4.87%	2	2	93	93	7.508111871156956E-7	1	1	252	135	19	1	-A
H11_BC95_191109_LF_LIB_consensus_vsearch	326	A	A	397	2	0.5%	2	1	93	93	0.24968632371350802	1	1	266	131	0	2	C
H11_BC95_191109_LF_LIB_consensus_vsearch	327	A	*/-G	415	11	2.52%	2	1	93	93	4.573872587995422E-4	1	1	280	135	11	0	-G
H11_BC95_191109_LF_LIB_consensus_vsearch	328	G	G	415	5	1.18%	2	1	93	93	0.03087820028111735	1	1	284	131	5	0	A
H11_BC95_191109_LF_LIB_consensus_vsearch	329	C	*/-A	415	7	1.61%	2	1	93	93	0.007619038242851565	1	1	289	126	7	0	-A
H11_BC95_191109_LF_LIB_consensus_vsearch	330	A	*/+T	412	7	1.64%	2	1	93	93	0.007617659773976637	1	1	285	127	0	7	+T
H11_BC95_191109_LF_LIB_consensus_vsearch	331	C	Y	399	15	3.46%	2	2	93	93	2.6822045957007648E-5	1	1	271	128	10	5	T
H11_BC95_191109_LF_LIB_consensus_vsearch	332	G	*/-A	419	8	1.85%	2	1	93	93	0.0037791534811211507	1	1	285	134	8	0	-A
H11_BC95_191109_LF_LIB_consensus_vsearch	333	A	A	417	6	1.4%	2	1	93	93	0.015348619815559206	1	1	288	129	0	6	-GA
H11_BC95_191109_LF_LIB_consensus_vsearch	334	G	G	426	3	0.69%	2	1	93	93	0.1245624270712429	1	1	296	130	3	0	-A
H11_BC95_191109_LF_LIB_consensus_vsearch	335	A	A	419	2	0.47%	2	1	93	93	0.24970273483926292	1	1	291	128	2	0	-C
H11_BC95_191109_LF_LIB_consensus_vsearch	336	C	*/-GC	406	21	4.85%	2	1	93	93	3.7062847039343943E-7	1	1	270	136	21	0	-GC
H11_BC95_191109_LF_LIB_consensus_vsearch	337	G	G	409	4	0.96%	2	2	93	93	0.06204573069707953	1	1	274	135	3	1	A
H11_BC95_191109_LF_LIB_consensus_vsearch	338	C	C	398	6	1.44%	2	1	93	93	0.015335654379945	1	1	268	130	6	0	-AC
H11_BC95_191109_LF_LIB_consensus_vsearch	339	A	*/-C	404	11	2.56%	2	1	93	93	4.5658536003316156E-4	1	1	272	132	11	0	-C
H11_BC95_191109_LF_LIB_consensus_vsearch	340	C	C	407	6	1.43%	2	2	93	93	0.01534194423875909	1	1	278	129	1	5	T
H11_BC95_191109_LF_LIB_consensus_vsearch	341	T	Y	401	12	2.76%	2	1	93	93	2.251372974218295E-4	1	1	278	123	0	12	C
H11_BC95_191109_LF_LIB_consensus_vsearch	342	A	*/-G	362	29	6.79%	2	2	93	93	1.0865966641283314E-9	1	1	258	104	7	22	-G
H11_BC95_191109_LF_LIB_consensus_vsearch	343	G	G	394	3	0.75%	2	2	93	93	0.1245271122321419	1	1	289	105	2	1	+A
H11_BC95_191109_LF_LIB_consensus_vsearch	344	G	G	416	6	1.39%	2	2	93	93	0.015347966460357092	1	1	293	123	3	3	A
H11_BC95_191109_LF_LIB_consensus_vsearch	345	G	G	421	6	1.38%	2	2	93	93	0.01535120270746072	1	1	293	128	2	4	-C
H11_BC95_191109_LF_LIB_consensus_vsearch	346	C	C	416	5	1.17%	2	1	93	93	0.030879082878509188	1	1	296	120	0	5	T
H11_BC95_191109_LF_LIB_consensus_vsearch	347	G	G	421	3	0.7%	2	1	93	93	0.12455726092075974	1	1	297	124	0	3	-C
H11_BC95_191109_LF_LIB_consensus_vsearch	348	C	*/-T	402	8	1.87%	2	2	93	93	0.003773925935642463	1	1	297	105	1	7	-T
H11_BC95_191109_LF_LIB_consensus_vsearch	349	T	*/-CCT	359	28	6.6%	2	1	93	93	2.244914481815724E-9	1	1	281	78	0	28	-CCT
H11_BC95_191109_LF_LIB_consensus_vsearch	350	C	C	377	3	0.78%	2	1	93	93	0.124505928853663	1	1	296	81	0	3	G
H11_BC95_191109_LF_LIB_consensus_vsearch	351	C	C	396	4	0.99%	2	1	93	93	0.06203095776871511	1	1	300	96	0	4	+T
H11_BC95_191109_LF_LIB_consensus_vsearch	352	T	T	399	2	0.49%	2	1	93	93	0.24968789013733722	1	1	293	106	2	0	+G
H11_BC95_191109_LF_LIB_consensus_vsearch	353	C	*/-A	419	8	1.84%	2	1	93	93	0.0037791534811211507	1	1	284	135	8	0	-A
H11_BC95_191109_LF_LIB_consensus_vsearch	354	A	A	408	6	1.41%	2	2	93	93	0.015342626272718554	1	1	273	135	5	1	-C
H11_BC95_191109_LF_LIB_consensus_vsearch	355	C	S	415	10	2.34%	2	1	93	93	9.256517413502841E-4	1	1	280	135	10	0	G
H11_BC95_191109_LF_LIB_consensus_vsearch	356	C	C	421	4	0.92%	2	1	93	93	0.06205856462850021	1	1	286	135	4	0	-G
H11_BC95_191109_LF_LIB_consensus_vsearch	357	G	G	428	2	0.46%	2	2	93	93	0.24970896391120487	1	1	294	134	1	1	A
H11_BC95_191109_LF_LIB_consensus_vsearch	358	A	*/-C	405	17	3.91%	2	1	93	93	6.473048763994588E-6	1	1	270	135	17	0	-C
H11_BC95_191109_LF_LIB_consensus_vsearch	359	C	C	414	3	0.72%	2	1	93	93	0.12454981992829928	1	1	278	136	3	0	T
H11_BC95_191109_LF_LIB_consensus_vsearch	360	C	C	417	5	1.14%	2	2	93	93	0.03087996129559998	1	1	282	135	4	1	+G
H11_BC95_191109_LF_LIB_consensus_vsearch	361	A	*/-G	411	12	2.77%	2	2	93	93	2.2557498827275595E-4	1	1	278	133	9	3	-G
H11_BC95_191109_LF_LIB_consensus_vsearch	362	G	G	424	1	0.23%	2	1	93	93	0.4999999999999138	1	1	290	134	1	0	+A
H11_BC95_191109_LF_LIB_consensus_vsearch	363	G	*/-C	259	107	24.43%	2	2	93	93	6.80895720400991E-37	1	1	201	58	75	32	-C
H11_BC95_191109_LF_LIB_consensus_vsearch	364	C	C	267	5	1.81%	2	1	93	93	0.030676089228361576	1	1	210	57	5	0	G
H11_BC95_191109_LF_LIB_consensus_vsearch	365	C	C	382	1	0.26%	2	1	93	93	0.5000000000003686	1	1	292	90	0	1	A
H11_BC95_191109_LF_LIB_consensus_vsearch	366	C	C	409	1	0.24%	2	1	93	93	0.4999999999999138	1	1	295	114	1	0	+GGCCC
H11_BC95_191109_LF_LIB_consensus_vsearch	367	C	C	431	3	0.69%	2	1	93	93	0.12456747404820136	1	1	299	132	0	3	+T
H11_BC95_191109_LF_LIB_consensus_vsearch	368	C	*/-T	412	26	5.94%	2	2	93	93	1.0168084703671111E-8	1	1	298	114	3	23	-T
H11_BC95_191109_LF_LIB_consensus_vsearch	369	T	T	411	1	0.24%	2	1	93	93	0.4999999999999138	1	1	298	113	0	1	A
H11_BC95_191109_LF_LIB_consensus_vsearch	370	C	C	437	1	0.23%	2	1	93	93	0.4999999999999138	1	1	301	136	0	1	-T
H11_BC95_191109_LF_LIB_consensus_vsearch	371	T	*/-CT	382	49	11.21%	2	2	93	93	4.181572076623611E-16	1	1	278	104	20	29	-CT
H11_BC95_191109_LF_LIB_consensus_vsearch	372	C	C	384	2	0.52%	2	1	93	93	0.24967574578483906	1	1	278	106	0	2	G
H11_BC95_191109_LF_LIB_consensus_vsearch	373	T	T	380	3	0.77%	2	2	93	93	0.12450980392156931	1	1	275	105	1	2	-G
H11_BC95_191109_LF_LIB_consensus_vsearch	374	G	G	430	2	0.46%	2	1	93	93	0.24971031286224527	1	1	297	133	0	2	-C
H11_BC95_191109_LF_LIB_consensus_vsearch	375	C	*/-GC	413	8	1.83%	2	2	93	93	0.0037773562911889175	1	1	281	132	7	1	-GC
H11_BC95_191109_LF_LIB_consensus_vsearch	376	G	G	412	6	1.41%	2	2	93	93	0.015345321855146865	1	1	277	135	5	1	A
H11_BC95_191109_LF_LIB_consensus_vsearch	377	C	C	419	2	0.47%	2	1	93	93	0.24970273483926292	1	1	285	134	0	2	-A
H11_BC95_191109_LF_LIB_consensus_vsearch	378	A	A	432	1	0.23%	2	1	93	93	0.5000000000008233	1	1	297	135	1	0	G
H11_BC95_191109_LF_LIB_consensus_vsearch	379	A	A	430	2	0.46%	2	1	93	93	0.24971031286224527	1	1	296	134	0	2	-TG
H11_BC95_191109_LF_LIB_consensus_vsearch	380	T	T	431	2	0.46%	2	2	93	93	0.24971098265883573	1	1	297	134	1	1	C
H11_BC95_191109_LF_LIB_consensus_vsearch	381	G	G	429	2	0.46%	2	1	93	93	0.2497096399537788	1	1	295	134	2	0	+T
H11_BC95_191109_LF_LIB_consensus_vsearch	382	C	Y	420	11	2.52%	2	2	93	93	4.5773850170834535E-4	1	1	295	125	2	9	T
H11_BC95_191109_LF_LIB_consensus_vsearch	383	A	*/+T	413	9	2.07%	2	1	93	93	0.001870754746824021	1	1	282	131	9	0	+T
H11_BC95_191109_LF_LIB_consensus_vsearch	384	T	T	425	2	0.47%	2	2	93	93	0.24970691676425003	1	1	294	131	1	1	G
H11_BC95_191109_LF_LIB_consensus_vsearch	385	T	T	431	6	1.37%	2	2	93	93	0.015357453553398438	1	1	298	133	3	3	C
H11_BC95_191109_LF_LIB_consensus_vsearch	386	T	*/-C	385	43	9.84%	2	2	93	93	3.7446909693428005E-14	1	1	269	116	25	18	-C
H11_BC95_191109_LF_LIB_consensus_vsearch	387	C	C	388	5	1.27%	2	2	93	93	0.030852673450990298	1	1	272	116	4	1	T
H11_BC95_191109_LF_LIB_consensus_vsearch	388	C	*/-G	416	11	2.52%	2	2	93	93	4.574581519691363E-4	1	1	288	128	9	2	-G
H11_BC95_191109_LF_LIB_consensus_vsearch	389	G	*/-A	410	11	2.58%	2	1	93	93	4.570278461449636E-4	1	1	276	134	11	0	-A
H11_BC95_191109_LF_LIB_consensus_vsearch	390	A	*/+G	398	9	2.11%	2	2	93	93	0.0018677548734163589	1	1	273	125	4	5	+G
H11_BC95_191109_LF_LIB_consensus_vsearch	391	G	G	424	2	0.47%	2	1	93	93	0.24970622796748032	1	1	288	136	2	0	A
H11_BC95_191109_LF_LIB_consensus_vsearch	392	G	*/+AG	411	10	2.29%	2	1	93	93	9.251755912194793E-4	1	1	274	137	10	0	+AG
H11_BC95_191109_LF_LIB_consensus_vsearch	393	C	*/+T	421	8	1.84%	2	1	93	93	0.0037797414596765903	1	1	297	124	0	8	+T
H11_BC95_191109_LF_LIB_consensus_vsearch	394	C	*/-T	420	11	2.52%	2	2	93	93	4.5773850170834535E-4	1	1	295	125	2	9	-T
H11_BC95_191109_LF_LIB_consensus_vsearch	395	T	Y	405	12	2.83%	2	2	93	93	2.2531482582750418E-4	1	1	295	110	2	10	C
H11_BC95_191109_LF_LIB_consensus_vsearch	396	G	G	433	1	0.23%	2	1	93	93	0.4999999999999138	1	1	298	135	0	1	-A
H11_BC95_191109_LF_LIB_consensus_vsearch	397	A	A	424	4	0.92%	2	2	93	93	0.06206166059929218	1	1	295	129	3	1	G
H11_BC95_191109_LF_LIB_consensus_vsearch	398	C	C	428	4	0.92%	2	2	93	93	0.06206572163388339	1	1	298	130	1	3	T
H11_BC95_191109_LF_LIB_consensus_vsearch	399	G	G	432	2	0.46%	2	1	93	93	0.2497116493653279	1	1	298	134	2	0	A
H11_BC95_191109_LF_LIB_consensus_vsearch	400	G	G	433	2	0.46%	2	2	93	93	0.2497123130030455	1	1	298	135	1	1	A
H11_BC95_191109_LF_LIB_consensus_vsearch	401	C	C	427	3	0.69%	2	2	93	93	0.12456344586746677	1	1	296	131	1	2	T
H11_BC95_191109_LF_LIB_consensus_vsearch	402	G	*/-A	403	27	6.21%	2	1	93	93	4.8895749958771925E-9	1	1	269	134	27	0	-A
H11_BC95_191109_LF_LIB_consensus_vsearch	403	A	A	396	5	1.23%	2	2	93	93	0.03086059509471206	1	1	265	131	4	1	G
H11_BC95_191109_LF_LIB_consensus_vsearch	404	T	K	409	23	5.31%	2	1	93	93	8.825156056877416E-8	1	1	275	134	23	0	G
H11_BC95_191109_LF_LIB_consensus_vsearch	405	T	*/+G	417	8	1.84%	2	1	93	93	0.003778560011928581	1	1	294	123	0	8	+G
H11_BC95_191109_LF_LIB_consensus_vsearch	406	G	R	424	7	1.61%	2	2	93	93	0.007623059056742502	1	1	292	132	5	2	A
H11_BC95_191109_LF_LIB_consensus_vsearch	407	C	Y	405	15	3.43%	2	2	93	93	2.6872426494871398E-5	1	1	291	114	2	13	T
H11_BC95_191109_LF_LIB_consensus_vsearch	408	G	G	428	3	0.69%	2	1	93	93	0.12456445993035366	1	1	295	133	0	3	+TG
H11_BC95_191109_LF_LIB_consensus_vsearch	409	A	A	430	3	0.68%	2	1	93	93	0.12456647398843287	1	1	293	137	3	0	G
H11_BC95_191109_LF_LIB_consensus_vsearch	410	C	C	429	4	0.92%	2	2	93	93	0.062066725162242674	1	1	294	135	3	1	T
H11_BC95_191109_LF_LIB_consensus_vsearch	411	A	A	433	1	0.23%	2	1	93	93	0.4999999999999138	1	1	296	137	1	0	+TA
H11_BC95_191109_LF_LIB_consensus_vsearch	412	A	A	428	4	0.92%	2	1	93	93	0.06206572163388339	1	1	292	136	4	0	G
H11_BC95_191109_LF_LIB_consensus_vsearch	413	C	*/+A	401	15	3.44%	2	1	93	93	2.683899328086465E-5	1	1	268	133	15	0	+A
H11_BC95_191109_LF_LIB_consensus_vsearch	414	A	A	420	1	0.24%	2	1	93	93	0.4999999999999138	1	1	285	135	1	0	C
H11_BC95_191109_LF_LIB_consensus_vsearch	415	A	A	428	5	1.15%	2	2	93	93	0.030889356258247617	1	1	293	135	4	1	-G
H11_BC95_191109_LF_LIB_consensus_vsearch	416	G	G	423	4	0.93%	2	1	93	93	0.06206063344550859	1	1	288	135	4	0	-A
H11_BC95_191109_LF_LIB_consensus_vsearch	417	A	*/-GA	398	22	5.08%	2	1	93	93	1.7978684305399108E-7	1	1	263	135	22	0	-GA
H11_BC95_191109_LF_LIB_consensus_vsearch	418	G	G	408	2	0.48%	2	1	93	93	0.24969474969464833	1	1	274	134	0	2	+A
H11_BC95_191109_LF_LIB_consensus_vsearch	419	A	R	397	10	2.43%	2	2	93	93	9.234365709559712E-4	1	1	265	132	7	3	G
H11_BC95_191109_LF_LIB_consensus_vsearch	420	A	R	422	7	1.61%	2	1	93	93	0.007622180052576428	1	1	288	134	7	0	G
H11_BC95_191109_LF_LIB_consensus_vsearch	421	C	*/-T	414	12	2.75%	2	2	93	93	2.2570239286811238E-4	1	1	281	133	10	2	-T
H11_BC95_191109_LF_LIB_consensus_vsearch	422	T	T	420	1	0.24%	2	1	93	93	0.4999999999999138	1	1	285	135	1	0	A
H11_BC95_191109_LF_LIB_consensus_vsearch	423	T	T	423	2	0.46%	2	1	93	93	0.24970553592454253	1	1	293	130	0	2	+G
H11_BC95_191109_LF_LIB_consensus_vsearch	424	G	G	430	3	0.69%	2	2	93	93	0.12456647398843287	1	1	296	134	1	2	A
H11_BC95_191109_LF_LIB_consensus_vsearch	425	T	*/-C	423	7	1.61%	2	2	93	93	0.007622620571895094	1	1	293	130	4	3	-C
H11_BC95_191109_LF_LIB_consensus_vsearch	426	C	C	428	2	0.46%	2	1	93	93	0.24970896391120487	1	1	294	134	2	0	+A
H11_BC95_191109_LF_LIB_consensus_vsearch	427	C	C	432	5	1.14%	2	1	93	93	0.03089265541177198	1	1	300	132	0	5	-TC
H11_BC95_191109_LF_LIB_consensus_vsearch	428	T	T	423	3	0.69%	2	1	93	93	0.12455934195065375	1	1	292	131	3	0	+C
H11_BC95_191109_LF_LIB_consensus_vsearch	429	C	C	430	1	0.23%	2	1	93	93	0.4999999999990043	1	1	298	132	1	0	+A
H11_BC95_191109_LF_LIB_consensus_vsearch	430	G	G	431	5	1.14%	2	1	93	93	0.03089183629518613	1	1	294	137	5	0	A
H11_BC95_191109_LF_LIB_consensus_vsearch	431	G	G	436	2	0.46%	2	1	93	93	0.2497142857145226	1	1	299	137	2	0	A
H11_BC95_191109_LF_LIB_consensus_vsearch	432	T	*/-C	327	107	24.43%	2	1	93	93	3.506807024878741E-36	1	1	191	136	107	0	-C
H11_BC95_191109_LF_LIB_consensus_vsearch	433	C	C	325	5	1.51%	2	1	93	93	0.030776879317604325	1	1	188	137	5	0	+A
H11_BC95_191109_LF_LIB_consensus_vsearch	434	C	C	432	4	0.91%	2	1	93	93	0.06206970811168755	1	1	295	137	4	0	-T
H11_BC95_191109_LF_LIB_consensus_vsearch	435	T	*/-G	408	12	2.76%	2	2	93	93	2.2544581166138029E-4	1	1	287	121	5	7	-G
H11_BC95_191109_LF_LIB_consensus_vsearch	436	G	G	420	3	0.71%	2	2	93	93	0.12455621301805807	1	1	292	128	2	1	A
H11_BC95_191109_LF_LIB_consensus_vsearch	437	G	G	434	2	0.46%	2	1	93	93	0.24971297359331265	1	1	300	134	0	2	-TG
H11_BC95_191109_LF_LIB_consensus_vsearch	438	T	T	425	4	0.92%	2	2	93	93	0.0620626829618069	1	1	294	131	3	1	-GC
H11_BC95_191109_LF_LIB_consensus_vsearch	439	G	G	426	1	0.23%	2	1	93	93	0.4999999999999138	1	1	293	133	0	1	+CC
H11_BC95_191109_LF_LIB_consensus_vsearch	440	C	C	423	3	0.69%	2	2	93	93	0.12455934195065375	1	1	290	133	2	1	+GC
H11_BC95_191109_LF_LIB_consensus_vsearch	441	A	R	419	9	2.07%	2	2	93	93	0.0018718964903564012	1	1	285	134	8	1	G
H11_BC95_191109_LF_LIB_consensus_vsearch	442	C	C	417	3	0.69%	2	1	93	93	0.12455303933245657	1	1	286	131	3	0	+A
H11_BC95_191109_LF_LIB_consensus_vsearch	443	C	C	427	5	1.14%	2	2	93	93	0.03088852192937873	1	1	294	133	1	4	T
H11_BC95_191109_LF_LIB_consensus_vsearch	444	G	R	423	9	2.06%	2	2	93	93	0.0018726402317850155	1	1	288	135	8	1	A
H11_BC95_191109_LF_LIB_consensus_vsearch	445	T	*/-C	354	73	16.78%	2	2	93	93	3.649884650559651E-24	1	1	233	121	59	14	-C
H11_BC95_191109_LF_LIB_consensus_vsearch	446	C	C	356	3	0.83%	2	1	93	93	0.12447698744772026	1	1	233	123	3	0	+G
H11_BC95_191109_LF_LIB_consensus_vsearch	447	C	*/+G	416	9	2.06%	2	1	93	93	0.001871329602106588	1	1	281	135	9	0	+G
H11_BC95_191109_LF_LIB_consensus_vsearch	448	C	*/-T	386	24	5.48%	2	2	93	93	4.2147162570588484E-8	1	1	281	105	3	21	-T
H11_BC95_191109_LF_LIB_consensus_vsearch	449	T	W	389	7	1.74%	2	1	93	93	0.0076064012202881484	1	1	280	109	7	0	A
H11_BC95_191109_LF_LIB_consensus_vsearch	450	T	*/-GG	393	11	2.58%	2	1	93	93	4.557407392548745E-4	1	1	282	111	0	11	-GG
H11_BC95_191109_LF_LIB_consensus_vsearch	451	G	R	378	28	6.81%	2	1	93	93	2.300693772801134E-9	1	1	268	110	28	0	A
H11_BC95_191109_LF_LIB_consensus_vsearch	452	G	G	415	5	1.18%	2	2	93	93	0.03087820028111735	1	1	298	117	2	3	A
H11_BC95_191109_LF_LIB_consensus_vsearch	453	G	G	429	2	0.46%	2	1	93	93	0.2497096399537788	1	1	297	132	0	2	-T
H11_BC95_191109_LF_LIB_consensus_vsearch	454	T	T	430	2	0.46%	2	1	93	93	0.24971031286224527	1	1	297	133	2	0	+C
H11_BC95_191109_LF_LIB_consensus_vsearch	455	C	C	424	5	1.15%	2	1	93	93	0.03088599561913487	1	1	289	135	5	0	+G
H11_BC95_191109_LF_LIB_consensus_vsearch	456	A	A	420	6	1.38%	2	2	93	93	0.01535056152092204	1	1	287	133	5	1	G
H11_BC95_191109_LF_LIB_consensus_vsearch	457	G	*/-T	417	10	2.31%	2	1	93	93	9.258865234089794E-4	1	1	292	125	0	10	-T
H11_BC95_191109_LF_LIB_consensus_vsearch	458	T	Y	409	7	1.65%	2	2	93	93	0.007616261521057028	1	1	288	121	2	5	C
H11_BC95_191109_LF_LIB_consensus_vsearch	459	C	C	421	3	0.69%	2	2	93	93	0.12455726092075974	1	1	289	132	2	1	-A
H11_BC95_191109_LF_LIB_consensus_vsearch	460	A	M	409	9	2.08%	2	1	93	93	0.0018699755869600776	1	1	289	120	0	9	C
H11_BC95_191109_LF_LIB_consensus_vsearch	461	G	R	413	10	2.32%	2	1	93	93	9.254147741675464E-4	1	1	285	128	10	0	A
H11_BC95_191109_LF_LIB_consensus_vsearch	462	C	*/-GT	411	12	2.8%	2	1	93	93	2.2557498827275595E-4	1	1	295	116	0	12	-GT
H11_BC95_191109_LF_LIB_consensus_vsearch	463	G	G	415	2	0.48%	2	1	93	93	0.24969987995208204	1	1	295	120	2	0	A
H11_BC95_191109_LF_LIB_consensus_vsearch	464	T	Y	417	8	1.88%	2	2	93	93	0.003778560011928581	1	1	299	118	1	7	C
H11_BC95_191109_LF_LIB_consensus_vsearch	465	T	T	436	1	0.23%	2	1	93	93	0.5000000000008233	1	1	299	137	1	0	+A
H11_BC95_191109_LF_LIB_consensus_vsearch	466	G	G	429	3	0.68%	2	2	93	93	0.12456546929309553	1	1	293	136	2	1	-C
H11_BC95_191109_LF_LIB_consensus_vsearch	467	C	C	433	1	0.23%	2	1	93	93	0.4999999999999138	1	1	298	135	0	1	+T
H11_BC95_191109_LF_LIB_consensus_vsearch	468	C	Y	410	20	4.57%	2	1	93	93	7.607053660813915E-7	1	1	296	114	0	20	T
H11_BC95_191109_LF_LIB_consensus_vsearch	469	G	G	425	3	0.7%	2	2	93	93	0.12456140350894482	1	1	292	133	2	1	-C
H11_BC95_191109_LF_LIB_consensus_vsearch	470	C	C	428	1	0.23%	2	1	93	93	0.5000000000008233	1	1	295	133	1	0	+A
H11_BC95_191109_LF_LIB_consensus_vsearch	471	C	C	420	6	1.38%	2	2	93	93	0.01535056152092204	1	1	291	129	3	3	T
H11_BC95_191109_LF_LIB_consensus_vsearch	472	A	A	425	3	0.7%	2	1	93	93	0.12456140350894482	1	1	290	135	3	0	+G
H11_BC95_191109_LF_LIB_consensus_vsearch	473	A	A	424	5	1.15%	2	2	93	93	0.03088599561913487	1	1	290	134	4	1	C
H11_BC95_191109_LF_LIB_consensus_vsearch	474	T	*/+G	420	8	1.83%	2	1	93	93	0.003779448151948946	1	1	287	133	8	0	+G
H11_BC95_191109_LF_LIB_consensus_vsearch	475	A	*/-G	427	7	1.6%	2	2	93	93	0.007624362444354587	1	1	292	135	5	2	-G
H11_BC95_191109_LF_LIB_consensus_vsearch	476	G	G	425	2	0.46%	2	1	93	93	0.24970691676425003	1	1	291	134	2	0	+A
H11_BC95_191109_LF_LIB_consensus_vsearch	477	T	T	425	4	0.92%	2	1	93	93	0.0620626829618069	1	1	289	136	4	0	+C
H11_BC95_191109_LF_LIB_consensus_vsearch	478	C	C	427	2	0.46%	2	1	93	93	0.24970828471410914	1	1	292	135	2	0	+G
H11_BC95_191109_LF_LIB_consensus_vsearch	479	A	*/+C	383	18	4.14%	2	2	93	93	3.13872460829863E-6	1	1	257	126	15	3	+C
H11_BC95_191109_LF_LIB_consensus_vsearch	480	C	*/+T	407	12	2.82%	2	1	93	93	2.2540235260924642E-4	1	1	289	118	0	12	+T
H11_BC95_191109_LF_LIB_consensus_vsearch	481	C	C	430	2	0.46%	2	1	93	93	0.24971031286224527	1	1	299	131	0	2	+T
H11_BC95_191109_LF_LIB_consensus_vsearch	482	C	*/+AC	423	9	2.06%	2	1	93	93	0.0018726402317850155	1	1	289	134	9	0	+AC
H11_BC95_191109_LF_LIB_consensus_vsearch	483	T	T	425	6	1.38%	2	2	93	93	0.015353737770788975	1	1	295	130	4	2	C
H11_BC95_191109_LF_LIB_consensus_vsearch	484	G	G	426	5	1.14%	2	1	93	93	0.0308876837313223	1	1	290	136	5	0	A
H11_BC95_191109_LF_LIB_consensus_vsearch	485	C	C	434	1	0.23%	2	1	93	93	0.4999999999999138	1	1	298	136	0	1	+T
H11_BC95_191109_LF_LIB_consensus_vsearch	486	C	Y	426	7	1.6%	2	2	93	93	0.007623929979105209	1	1	297	129	1	6	T
H11_BC95_191109_LF_LIB_consensus_vsearch	487	G	G	427	2	0.46%	2	1	93	93	0.24970828471410914	1	1	294	133	2	0	+T
H11_BC95_191109_LF_LIB_consensus_vsearch	488	T	T	428	4	0.92%	2	2	93	93	0.06206572163388339	1	1	298	130	1	3	C
H11_BC95_191109_LF_LIB_consensus_vsearch	489	T	T	423	3	0.69%	2	1	93	93	0.12455934195065375	1	1	296	127	0	3	+A
H11_BC95_191109_LF_LIB_consensus_vsearch	490	G	G	423	2	0.46%	2	1	93	93	0.24970553592454253	1	1	291	132	2	0	+C
H11_BC95_191109_LF_LIB_consensus_vsearch	491	T	*/-A	397	8	1.87%	2	2	93	93	0.003772305589141729	1	1	279	118	7	1	-A
H11_BC95_191109_LF_LIB_consensus_vsearch	492	A	R	404	15	3.54%	2	2	93	93	2.6864125215700153E-5	1	1	274	130	12	3	G
H11_BC95_191109_LF_LIB_consensus_vsearch	493	G	*/-C	415	10	2.32%	2	2	93	93	9.256517413502841E-4	1	1	285	130	8	2	-C
H11_BC95_191109_LF_LIB_consensus_vsearch	494	C	C	413	6	1.42%	2	1	93	93	0.015345987728683596	1	1	282	131	6	0	G
H11_BC95_191109_LF_LIB_consensus_vsearch	495	C	Y	411	11	2.53%	2	2	93	93	4.5710039589920393E-4	1	1	285	126	1	10	T
H11_BC95_191109_LF_LIB_consensus_vsearch	496	G	*/-A	424	7	1.61%	2	2	93	93	0.007623059056742502	1	1	292	132	5	2	-A
H11_BC95_191109_LF_LIB_consensus_vsearch	497	A	A	421	4	0.93%	2	1	93	93	0.06205856462850021	1	1	286	135	4	0	G
H11_BC95_191109_LF_LIB_consensus_vsearch	498	A	A	428	5	1.14%	2	1	93	93	0.030889356258247617	1	1	291	137	5	0	G
H11_BC95_191109_LF_LIB_consensus_vsearch	499	T	T	427	5	1.15%	2	2	93	93	0.03088852192937873	1	1	295	132	2	3	-C
H11_BC95_191109_LF_LIB_consensus_vsearch	500	C	*/-T	397	32	7.41%	2	2	93	93	1.2774616796883327E-10	1	1	293	104	3	29	-T
H11_BC95_191109_LF_LIB_consensus_vsearch	501	T	T	397	5	1.23%	2	1	93	93	0.03086156314569468	1	1	289	108	5	0	G
H11_BC95_191109_LF_LIB_consensus_vsearch	502	T	Y	418	8	1.83%	2	2	93	93	0.003778857437644956	1	1	287	131	5	3	C
H11_BC95_191109_LF_LIB_consensus_vsearch	503	A	R	392	33	7.69%	2	2	93	93	6.101517724309234E-11	1	1	260	132	32	1	G
H11_BC95_191109_LF_LIB_consensus_vsearch	504	G	G	426	3	0.7%	2	1	93	93	0.1245624270712429	1	1	293	133	3	0	A
H11_BC95_191109_LF_LIB_consensus_vsearch	505	C	C	420	6	1.39%	2	2	93	93	0.01535056152092204	1	1	291	129	3	3	T
H11_BC95_191109_LF_LIB_consensus_vsearch	506	G	R	420	13	3%	2	1	93	93	1.1140871758939428E-4	1	1	288	132	13	0	A
H11_BC95_191109_LF_LIB_consensus_vsearch	507	G	G	432	4	0.91%	2	1	93	93	0.06206970811168755	1	1	297	135	4	0	A
H11_BC95_191109_LF_LIB_consensus_vsearch	508	C	*/-T	392	17	3.88%	2	2	93	93	6.438623221369329E-6	1	1	271	121	3	14	-T
H11_BC95_191109_LF_LIB_consensus_vsearch	509	T	T	409	1	0.24%	2	1	93	93	0.4999999999999138	1	1	287	122	1	0	C
H11_BC95_191109_LF_LIB_consensus_vsearch	510	T	T	424	3	0.7%	2	2	93	93	0.12456037514670402	1	1	289	135	2	1	C
H11_BC95_191109_LF_LIB_consensus_vsearch	511	T	*/-C	287	125	28.74%	2	2	93	93	3.418411082542698E-43	1	1	227	60	59	66	-C
H11_BC95_191109_LF_LIB_consensus_vsearch	512	C	C	297	5	1.64%	2	1	93	93	0.030733051326825057	1	1	232	65	5	0	T
H11_BC95_191109_LF_LIB_consensus_vsearch	513	C	*/+G	406	10	2.33%	2	1	93	93	9.245677335648258E-4	1	1	275	131	10	0	+G
H11_BC95_191109_LF_LIB_consensus_vsearch	514	C	*/-TT	377	22	5.06%	2	2	93	93	1.770622302567448E-7	1	1	280	97	13	9	-TT
H11_BC95_191109_LF_LIB_consensus_vsearch	515	T	T	389	5	1.26%	2	1	93	93	0.030853681237272182	1	1	279	110	5	0	G
H11_BC95_191109_LF_LIB_consensus_vsearch	516	T	T	406	5	1.22%	2	1	93	93	0.03087006375678913	1	1	282	124	5	0	C
H11_BC95_191109_LF_LIB_consensus_vsearch	517	T	T	426	6	1.38%	2	1	93	93	0.015354364218716944	1	1	293	133	6	0	+C
H11_BC95_191109_LF_LIB_consensus_vsearch	518	C	C	429	2	0.46%	2	2	93	93	0.2497096399537788	1	1	297	132	1	1	-A
H11_BC95_191109_LF_LIB_consensus_vsearch	519	A	R	420	11	2.53%	2	2	93	93	4.5773850170834535E-4	1	1	288	132	10	1	G
H11_BC95_191109_LF_LIB_consensus_vsearch	520	G	R	406	27	6.21%	2	2	93	93	4.904321012169145E-9	1	1	272	134	26	1	A
H11_BC95_191109_LF_LIB_consensus_vsearch	521	C	*/+T	396	13	2.97%	2	2	93	93	1.1080358205957155E-4	1	1	274	122	12	1	+T
H11_BC95_191109_LF_LIB_consensus_vsearch	522	G	R	411	14	3.29%	2	1	93	93	5.474350555951183E-5	1	1	281	130	14	0	A
H11_BC95_191109_LF_LIB_consensus_vsearch	523	G	R	382	37	8.47%	2	1	93	93	3.1687791324177026E-12	1	1	248	134	37	0	A
H11_BC95_191109_LF_LIB_consensus_vsearch	524	C	C	412	4	0.95%	2	1	93	93	0.062049008635505214	1	1	280	132	4	0	A
H11_BC95_191109_LF_LIB_consensus_vsearch	525	C	*/-A	355	56	12.81%	2	2	93	93	1.857810939325626E-18	1	1	230	125	49	7	-A
H11_BC95_191109_LF_LIB_consensus_vsearch	526	A	R	367	7	1.85%	2	2	93	93	0.0075943435189384555	1	1	246	121	2	5	G
H11_BC95_191109_LF_LIB_consensus_vsearch	527	A	R	421	9	2.07%	2	2	93	93	0.0018722700711233777	1	1	294	127	4	5	G
H11_BC95_191109_LF_LIB_consensus_vsearch	528	G	*/+C	417	9	2.08%	2	1	93	93	0.0018715194418685113	1	1	298	119	0	9	+C
H11_BC95_191109_LF_LIB_consensus_vsearch	529	G	G	435	2	0.46%	2	2	93	93	0.24971363115699957	1	1	299	136	1	1	-AC
H11_BC95_191109_LF_LIB_consensus_vsearch	530	A	A	431	4	0.92%	2	1	93	93	0.06206871836935933	1	1	295	136	4	0	G
H11_BC95_191109_LF_LIB_consensus_vsearch	531	C	C	422	6	1.38%	2	2	93	93	0.015351840904982691	1	1	287	135	5	1	+G
H11_BC95_191109_LF_LIB_consensus_vsearch	532	G	G	429	4	0.92%	2	1	93	93	0.062066725162242674	1	1	292	137	4	0	A
H11_BC95_191109_LF_LIB_consensus_vsearch	533	C	*/-GC	383	31	7.11%	2	2	93	93	2.5988636171475677E-10	1	1	252	131	26	5	-GC
H11_BC95_191109_LF_LIB_consensus_vsearch	534	G	G	381	6	1.5%	2	1	93	93	0.01532297745106865	1	1	251	130	6	0	+C
H11_BC95_191109_LF_LIB_consensus_vsearch	535	C	C	387	5	1.24%	2	1	93	93	0.030851660526274274	1	1	255	132	5	0	+A
H11_BC95_191109_LF_LIB_consensus_vsearch	536	A	*/+G	403	14	3.23%	2	1	93	93	5.462748206575491E-5	1	1	266	137	14	0	+G
H11_BC95_191109_LF_LIB_consensus_vsearch	537	G	*/+A	422	11	2.52%	2	1	93	93	4.57876773436784E-4	1	1	285	137	11	0	+A
H11_BC95_191109_LF_LIB_consensus_vsearch	538	A	*/-G	341	73	16.7%	2	1	93	93	3.24933441416831E-24	1	1	207	134	73	0	-G
H11_BC95_191109_LF_LIB_consensus_vsearch	539	G	*/+C	348	7	1.92%	2	1	93	93	0.007582734311001454	1	1	211	137	7	0	+C
H11_BC95_191109_LF_LIB_consensus_vsearch	540	A	M	411	8	1.83%	2	2	93	93	0.003776745880714396	1	1	281	130	5	3	C
H11_BC95_191109_LF_LIB_consensus_vsearch	541	C	C	402	6	1.37%	2	1	93	93	0.015338484045307566	1	1	267	135	6	0	+A
H11_BC95_191109_LF_LIB_consensus_vsearch	542	G	*/+C	82	300	68.81%	2	2	93	93	1.6672734854047385E-136	1	1	70	12	185	115	+C
H11_BC95_191109_LF_LIB_consensus_vsearch	543	C	*/+TT	50	287	65.83%	2	2	93	93	1.2117930456844286E-138	1	1	46	4	181	106	+TT
H11_BC95_191109_LF_LIB_consensus_vsearch	544	G	K	386	10	2.34%	2	1	93	93	9.219853921161506E-4	1	1	255	131	10	0	T
H11_BC95_191109_LF_LIB_consensus_vsearch	545	A	W	413	8	1.85%	2	1	93	93	0.0037773562911889175	1	1	281	132	8	0	T
H11_BC95_191109_LF_LIB_consensus_vsearch	546	A	R	419	8	1.83%	2	1	93	93	0.0037791534811211507	1	1	287	132	8	0	G
H11_BC95_191109_LF_LIB_consensus_vsearch	547	A	A	425	5	1.14%	2	1	93	93	0.03088684163697732	1	1	293	132	5	0	G
H11_BC95_191109_LF_LIB_consensus_vsearch	548	T	T	428	3	0.69%	2	1	93	93	0.12456445993035366	1	1	294	134	3	0	+A
H11_BC95_191109_LF_LIB_consensus_vsearch	549	G	G	426	6	1.38%	2	1	93	93	0.015354364218716944	1	1	292	134	6	0	A
H11_BC95_191109_LF_LIB_consensus_vsearch	550	T	*/-A	387	13	3%	2	2	93	93	1.1055857583867697E-4	1	1	281	106	12	1	-A
H11_BC95_191109_LF_LIB_consensus_vsearch	551	A	A	400	5	1.23%	2	2	93	93	0.030864438634128317	1	1	286	114	2	3	G
H11_BC95_191109_LF_LIB_consensus_vsearch	552	A	A	406	6	1.43%	2	2	93	93	0.015341258902214253	1	1	293	113	3	3	G
H11_BC95_191109_LF_LIB_consensus_vsearch	553	G	R	416	7	1.63%	2	1	93	93	0.007619493408432325	1	1	283	133	7	0	A
H11_BC95_191109_LF_LIB_consensus_vsearch	554	C	Y	414	11	2.56%	2	2	93	93	4.573160388822809E-4	1	1	293	121	1	10	T
H11_BC95_191109_LF_LIB_consensus_vsearch	555	C	C	427	4	0.92%	2	2	93	93	0.06206471344608787	1	1	296	131	2	2	T
H11_BC95_191109_LF_LIB_consensus_vsearch	556	G	G	425	2	0.46%	2	1	93	93	0.24970691676425003	1	1	293	132	2	0	+A
H11_BC95_191109_LF_LIB_consensus_vsearch	557	T	Y	424	7	1.61%	2	1	93	93	0.007623059056742502	1	1	297	127	0	7	C
H11_BC95_191109_LF_LIB_consensus_vsearch	558	T	*/-A	402	13	2.98%	2	2	93	93	1.1096121102660942E-4	1	1	276	126	12	1	-A
H11_BC95_191109_LF_LIB_consensus_vsearch	559	A	R	388	16	3.79%	2	2	93	93	1.3114605407806796E-5	1	1	267	121	15	1	G
H11_BC95_191109_LF_LIB_consensus_vsearch	560	G	G	417	1	0.24%	2	1	93	93	0.4999999999999138	1	1	294	123	0	1	+C
H11_BC95_191109_LF_LIB_consensus_vsearch	561	G	*/-C	230	184	42.01%	2	2	93	93	1.2797502804715065E-67	1	1	140	90	142	42	-C
H11_BC95_191109_LF_LIB_consensus_vsearch	562	C	S	224	11	4.45%	2	2	93	93	4.3319414411093957E-4	1	1	138	86	10	1	G
H11_BC95_191109_LF_LIB_consensus_vsearch	563	C	Y	421	9	2.09%	2	2	93	93	0.0018722700711233777	1	1	289	132	4	5	T
H11_BC95_191109_LF_LIB_consensus_vsearch	564	C	C	425	4	0.92%	2	1	93	93	0.0620626829618069	1	1	291	134	4	0	T
H11_BC95_191109_LF_LIB_consensus_vsearch	565	C	C	426	4	0.92%	2	2	93	93	0.06206370056623179	1	1	291	135	3	1	T
H11_BC95_191109_LF_LIB_consensus_vsearch	566	C	*/-GC	362	29	6.64%	2	1	93	93	1.0865966641283314E-9	1	1	242	120	29	0	-GC
H11_BC95_191109_LF_LIB_consensus_vsearch	567	G	G	396	2	0.5%	2	1	93	93	0.24968553459123424	1	1	261	135	2	0	A
H11_BC95_191109_LF_LIB_consensus_vsearch	568	C	*/-T	356	21	5.15%	2	2	93	93	3.5810969461043713E-7	1	1	231	125	17	4	-T
H11_BC95_191109_LF_LIB_consensus_vsearch	569	T	W	356	30	7.61%	2	1	93	93	5.183201981318264E-10	1	1	227	129	30	0	A
H11_BC95_191109_LF_LIB_consensus_vsearch	570	T	Y	386	13	3.12%	2	2	93	93	1.1053069410618301E-4	1	1	257	129	9	4	C
H11_BC95_191109_LF_LIB_consensus_vsearch	571	A	*/-G	375	38	8.88%	2	2	93	93	1.491117754968768E-12	1	1	281	94	7	31	-G
H11_BC95_191109_LF_LIB_consensus_vsearch	572	G	G	383	6	1.51%	2	1	93	93	0.015324526212125619	1	1	281	102	6	0	+A
H11_BC95_191109_LF_LIB_consensus_vsearch	573	G	R	420	11	2.52%	2	2	93	93	4.5773850170834535E-4	1	1	285	135	10	1	A
H11_BC95_191109_LF_LIB_consensus_vsearch	574	A	A	426	2	0.46%	2	2	93	93	0.2497076023388982	1	1	293	133	1	1	-TCGA
H11_BC95_191109_LF_LIB_consensus_vsearch	575	T	T	433	1	0.23%	2	1	93	93	0.4999999999999138	1	1	299	134	0	1	-C
H11_BC95_191109_LF_LIB_consensus_vsearch	576	C	C	425	4	0.92%	2	1	93	93	0.0620626829618069	1	1	291	134	4	0	+A
H11_BC95_191109_LF_LIB_consensus_vsearch	577	G	G	426	3	0.69%	2	2	93	93	0.1245624270712429	1	1	291	135	2	1	-A
H11_BC95_191109_LF_LIB_consensus_vsearch	578	A	R	411	8	1.86%	2	1	93	93	0.003776745880714396	1	1	281	130	8	0	G
H11_BC95_191109_LF_LIB_consensus_vsearch	579	C	C	421	2	0.47%	2	2	93	93	0.24970414201215435	1	1	288	133	1	1	-T
H11_BC95_191109_LF_LIB_consensus_vsearch	580	T	*/-C	408	11	2.55%	2	2	93	93	4.5688172943049915E-4	1	1	284	124	7	4	-C
H11_BC95_191109_LF_LIB_consensus_vsearch	581	C	C	409	5	1.18%	2	1	93	93	0.03087281521381857	1	1	278	131	5	0	-ACC
H11_BC95_191109_LF_LIB_consensus_vsearch	582	A	*/-C	377	19	4.46%	2	2	93	93	1.5290094520918881E-6	1	1	258	119	14	5	-C
H11_BC95_191109_LF_LIB_consensus_vsearch	583	C	*/+T	389	7	1.75%	2	1	93	93	0.0076064012202881484	1	1	274	115	0	7	+T
H11_BC95_191109_LF_LIB_consensus_vsearch	584	C	C	413	3	0.71%	2	2	93	93	0.12454873646208127	1	1	288	125	1	2	+T
H11_BC95_191109_LF_LIB_consensus_vsearch	585	C	S	423	7	1.61%	2	1	93	93	0.007622620571895094	1	1	290	133	7	0	G
H11_BC95_191109_LF_LIB_consensus_vsearch	586	C	C	423	5	1.14%	2	1	93	93	0.030885145650365813	1	1	298	125	0	5	T
H11_BC95_191109_LF_LIB_consensus_vsearch	587	G	R	421	8	1.86%	2	1	93	93	0.0037797414596765903	1	1	290	131	8	0	A
H11_BC95_191109_LF_LIB_consensus_vsearch	588	G	G	433	2	0.46%	2	2	93	93	0.2497123130030455	1	1	298	135	1	1	-C
H11_BC95_191109_LF_LIB_consensus_vsearch	589	C	C	428	3	0.69%	2	1	93	93	0.12456445993035366	1	1	296	132	0	3	T
H11_BC95_191109_LF_LIB_consensus_vsearch	590	A	*/-C	423	8	1.83%	2	2	93	93	0.003780324023462628	1	1	290	133	6	2	-C
H11_BC95_191109_LF_LIB_consensus_vsearch	591	C	C	424	2	0.47%	2	2	93	93	0.24970622796748032	1	1	290	134	1	1	T
H11_BC95_191109_LF_LIB_consensus_vsearch	592	C	C	428	6	1.37%	2	2	93	93	0.015355608474412826	1	1	295	133	3	3	T
H11_BC95_191109_LF_LIB_consensus_vsearch	593	A	A	432	2	0.46%	2	1	93	93	0.2497116493653279	1	1	296	136	2	0	T
H11_BC95_191109_LF_LIB_consensus_vsearch	594	A	A	433	3	0.69%	2	1	93	93	0.12456946039042152	1	1	296	137	3	0	G
H11_BC95_191109_LF_LIB_consensus_vsearch	595	T	T	434	4	0.91%	2	2	93	93	0.062071674030406296	1	1	299	135	2	2	C
H11_BC95_191109_LF_LIB_consensus_vsearch	596	G	G	432	3	0.68%	2	1	93	93	0.12456846950514457	1	1	298	134	3	0	A
H11_BC95_191109_LF_LIB_consensus_vsearch	597	C	C	424	2	0.46%	2	1	93	93	0.24970622796748032	1	1	293	131	2	0	+AC
H11_BC95_191109_LF_LIB_consensus_vsearch	598	G	G	427	3	0.69%	2	1	93	93	0.12456344586746677	1	1	294	133	3	0	A
H11_BC95_191109_LF_LIB_consensus_vsearch	599	G	G	426	3	0.69%	2	2	93	93	0.1245624270712429	1	1	294	132	2	1	A
H11_BC95_191109_LF_LIB_consensus_vsearch	600	T	Y	401	8	1.84%	2	2	93	93	0.0037736050099275447	1	1	279	122	1	7	C
H11_BC95_191109_LF_LIB_consensus_vsearch	601	A	A	420	2	0.47%	2	2	93	93	0.24970344009506698	1	1	288	132	1	1	G
H11_BC95_191109_LF_LIB_consensus_vsearch	602	A	A	424	5	1.16%	2	2	93	93	0.03088599561913487	1	1	293	131	3	2	G
H11_BC95_191109_LF_LIB_consensus_vsearch	603	G	R	406	12	2.76%	2	1	93	93	2.2535869113636013E-4	1	1	270	136	12	0	A
H11_BC95_191109_LF_LIB_consensus_vsearch	604	C	C	431	2	0.46%	2	1	93	93	0.24971098265883573	1	1	296	135	0	2	T
H11_BC95_191109_LF_LIB_consensus_vsearch	605	C	*/-A	417	9	2.06%	2	2	93	93	0.0018715194418685113	1	1	283	134	8	1	-A
H11_BC95_191109_LF_LIB_consensus_vsearch	606	A	*/-G	335	54	12.68%	2	2	93	93	7.687769995562418E-18	1	1	239	96	18	36	-G
H11_BC95_191109_LF_LIB_consensus_vsearch	607	G	*/+A	368	8	2.1%	2	1	93	93	0.003762065284927124	1	1	269	99	8	0	+A
H11_BC95_191109_LF_LIB_consensus_vsearch	608	G	*/-A	421	12	2.74%	2	2	93	93	2.259929805737435E-4	1	1	289	132	11	1	-A
H11_BC95_191109_LF_LIB_consensus_vsearch	609	A	A	420	4	0.94%	2	2	93	93	0.062057522896676466	1	1	285	135	3	1	G
H11_BC95_191109_LF_LIB_consensus_vsearch	610	A	A	427	5	1.14%	2	2	93	93	0.03088852192937873	1	1	294	133	4	1	-C
H11_BC95_191109_LF_LIB_consensus_vsearch	611	C	C	425	5	1.15%	2	1	93	93	0.03088684163697732	1	1	290	135	5	0	+G
H11_BC95_191109_LF_LIB_consensus_vsearch	612	C	*/+T	395	17	3.88%	2	2	93	93	6.4467478169022394E-6	1	1	284	111	1	16	+T
H11_BC95_191109_LF_LIB_consensus_vsearch	613	T	T	411	2	0.48%	2	2	93	93	0.24969696969696092	1	1	284	127	1	1	C
H11_BC95_191109_LF_LIB_consensus_vsearch	614	T	T	425	4	0.93%	2	2	93	93	0.0620626829618069	1	1	290	135	3	1	C
H11_BC95_191109_LF_LIB_consensus_vsearch	615	T	T	424	3	0.69%	2	2	93	93	0.12456037514670402	1	1	292	132	2	1	+C
H11_BC95_191109_LF_LIB_consensus_vsearch	616	C	*/-TC	421	8	1.84%	2	1	93	93	0.0037797414596765903	1	1	298	123	0	8	-TC
H11_BC95_191109_LF_LIB_consensus_vsearch	617	T	*/-C	396	21	4.94%	2	1	93	93	3.683391097348076E-7	1	1	270	126	21	0	-C
H11_BC95_191109_LF_LIB_consensus_vsearch	618	C	C	397	3	0.74%	2	2	93	93	0.12453066332921275	1	1	272	125	2	1	T
H11_BC95_191109_LF_LIB_consensus_vsearch	619	C	C	422	6	1.39%	2	1	93	93	0.015351840904982691	1	1	289	133	6	0	-A
H11_BC95_191109_LF_LIB_consensus_vsearch	620	A	R	407	10	2.33%	2	1	93	93	9.246904525720687E-4	1	1	270	137	10	0	G
H11_BC95_191109_LF_LIB_consensus_vsearch	621	C	C	422	2	0.47%	2	1	93	93	0.2497048406136616	1	1	285	137	2	0	-A
H11_BC95_191109_LF_LIB_consensus_vsearch	622	A	A	421	2	0.47%	2	1	93	93	0.24970414201215435	1	1	285	136	2	0	+CA
H11_BC95_191109_LF_LIB_consensus_vsearch	623	T	*/+C	402	25	5.73%	2	1	93	93	2.075672356278571E-8	1	1	265	137	25	0	+C
H11_BC95_191109_LF_LIB_consensus_vsearch	624	C	C	432	1	0.23%	2	1	93	93	0.5000000000008233	1	1	295	137	1	0	+A
H11_BC95_191109_LF_LIB_consensus_vsearch	625	A	A	431	2	0.46%	2	1	93	93	0.24971098265883573	1	1	295	136	2	0	G
H11_BC95_191109_LF_LIB_consensus_vsearch	626	G	R	415	11	2.52%	2	1	93	93	4.573872587995422E-4	1	1	281	134	11	0	A
H11_BC95_191109_LF_LIB_consensus_vsearch	627	C	C	429	1	0.23%	2	1	93	93	0.4999999999999138	1	1	295	134	1	0	+TGGC
H11_BC95_191109_LF_LIB_consensus_vsearch	628	C	C	430	4	0.91%	2	1	93	93	0.062067724063454545	1	1	298	132	0	4	-T
H11_BC95_191109_LF_LIB_consensus_vsearch	629	T	T	427	3	0.7%	2	1	93	93	0.12456344586746677	1	1	295	132	3	0	C
H11_BC95_191109_LF_LIB_consensus_vsearch	630	T	*/-C	367	43	9.89%	2	2	93	93	3.556828356893283E-14	1	1	244	123	30	13	-C
H11_BC95_191109_LF_LIB_consensus_vsearch	631	C	C	381	1	0.26%	2	1	93	93	0.4999999999999138	1	1	259	122	0	1	T
H11_BC95_191109_LF_LIB_consensus_vsearch	632	C	C	426	0	0%	2	0	93	0	1.0	1	0	290	136	0	0	
H11_BC95_191109_LF_LIB_consensus_vsearch	633	C	Y	423	10	2.28%	2	1	93	93	9.26578056881533E-4	1	1	298	125	0	10	T
H11_BC95_191109_LF_LIB_consensus_vsearch	634	G	G	426	6	1.38%	2	1	93	93	0.015354364218716944	1	1	291	135	6	0	A
H11_BC95_191109_LF_LIB_consensus_vsearch	635	G	G	430	3	0.68%	2	2	93	93	0.12456647398843287	1	1	298	132	2	1	-C
H11_BC95_191109_LF_LIB_consensus_vsearch	636	C	C	427	5	1.15%	2	1	93	93	0.03088852192937873	1	1	297	130	0	5	T
H11_BC95_191109_LF_LIB_consensus_vsearch	637	T	T	429	3	0.69%	2	2	93	93	0.12456546929309553	1	1	295	134	1	2	-C
H11_BC95_191109_LF_LIB_consensus_vsearch	638	C	*/-G	418	8	1.85%	2	1	93	93	0.003778857437644956	1	1	286	132	8	0	-G
H11_BC95_191109_LF_LIB_consensus_vsearch	639	G	R	412	13	3.04%	2	1	93	93	1.11214354741109E-4	1	1	275	137	13	0	A
H11_BC95_191109_LF_LIB_consensus_vsearch	640	C	*/+TT	396	22	5.07%	2	1	93	93	1.79537745702876E-7	1	1	261	135	22	0	+TT
H11_BC95_191109_LF_LIB_consensus_vsearch	641	A	W	397	23	5.35%	2	1	93	93	8.747575004310133E-8	1	1	263	134	23	0	T
H11_BC95_191109_LF_LIB_consensus_vsearch	642	C	Y	397	24	5.59%	2	2	93	93	4.2541714349285464E-8	1	1	264	133	22	2	T
H11_BC95_191109_LF_LIB_consensus_vsearch	643	G	G	429	5	1.15%	2	2	93	93	0.030890186744528703	1	1	294	135	4	1	-A
H11_BC95_191109_LF_LIB_consensus_vsearch	644	A	*/-G	412	8	1.85%	2	2	93	93	0.003777051806882959	1	1	280	132	6	2	-G
H11_BC95_191109_LF_LIB_consensus_vsearch	645	G	G	414	4	0.94%	2	2	93	93	0.062051167772440206	1	1	281	133	3	1	-AA
H11_BC95_191109_LF_LIB_consensus_vsearch	646	A	A	415	5	1.18%	2	1	93	93	0.03087820028111735	1	1	282	133	5	0	G
H11_BC95_191109_LF_LIB_consensus_vsearch	647	A	A	424	3	0.69%	2	1	93	93	0.12456037514670402	1	1	290	134	3	0	C
H11_BC95_191109_LF_LIB_consensus_vsearch	648	T	T	423	5	1.15%	2	1	93	93	0.030885145650365813	1	1	290	133	5	0	-A
H11_BC95_191109_LF_LIB_consensus_vsearch	649	A	*/-T	409	14	3.26%	2	2	93	93	5.471489498497953E-5	1	1	278	131	12	2	-T
H11_BC95_191109_LF_LIB_consensus_vsearch	650	T	T	412	5	1.19%	2	1	93	93	0.030875527106174937	1	1	277	135	5	0	G
H11_BC95_191109_LF_LIB_consensus_vsearch	651	T	T	432	3	0.69%	2	1	93	93	0.12456846950514457	1	1	298	134	0	3	C
H11_BC95_191109_LF_LIB_consensus_vsearch	652	T	T	417	5	1.15%	2	2	93	93	0.03087996129559998	1	1	290	127	1	4	+G
H11_BC95_191109_LF_LIB_consensus_vsearch	653	G	R	425	7	1.62%	2	2	93	93	0.007623495521158642	1	1	290	135	5	2	A
H11_BC95_191109_LF_LIB_consensus_vsearch	654	C	C	422	5	1.15%	2	1	93	93	0.030884291702852337	1	1	291	131	0	5	T
H11_BC95_191109_LF_LIB_consensus_vsearch	655	T	Y	423	8	1.84%	2	2	93	93	0.003780324023462628	1	1	292	131	2	6	C
H11_BC95_191109_LF_LIB_consensus_vsearch	656	A	A	425	6	1.38%	2	1	93	93	0.015353737770788975	1	1	288	137	6	0	G
H11_BC95_191109_LF_LIB_consensus_vsearch	657	C	C	429	3	0.69%	2	1	93	93	0.12456546929309553	1	1	296	133	0	3	-T
H11_BC95_191109_LF_LIB_consensus_vsearch	658	T	Y	400	31	7.18%	2	2	93	93	2.661614223554998E-10	1	1	295	105	2	29	C
H11_BC95_191109_LF_LIB_consensus_vsearch	659	G	G	422	5	1.15%	2	1	93	93	0.030884291702852337	1	1	286	136	5	0	+C
H11_BC95_191109_LF_LIB_consensus_vsearch	660	C	C	427	2	0.47%	2	2	93	93	0.24970828471410914	1	1	292	135	1	1	T
H11_BC95_191109_LF_LIB_consensus_vsearch	661	C	C	423	5	1.15%	2	1	93	93	0.030885145650365813	1	1	287	136	5	0	-A
H11_BC95_191109_LF_LIB_consensus_vsearch	662	A	*/-C	411	8	1.86%	2	1	93	93	0.003776745880714396	1	1	277	134	8	0	-C
H11_BC95_191109_LF_LIB_consensus_vsearch	663	C	C	413	6	1.42%	2	1	93	93	0.015345987728683596	1	1	280	133	6	0	G
H11_BC95_191109_LF_LIB_consensus_vsearch	664	C	*/-A	418	14	3.22%	2	2	93	93	5.4841636470744183E-5	1	1	285	133	13	1	-A
H11_BC95_191109_LF_LIB_consensus_vsearch	665	A	A	415	3	0.72%	2	1	93	93	0.12455089820333189	1	1	282	133	3	0	G
H11_BC95_191109_LF_LIB_consensus_vsearch	666	A	A	434	1	0.23%	2	1	93	93	0.4999999999999138	1	1	300	134	1	0	-G
H11_BC95_191109_LF_LIB_consensus_vsearch	667	G	G	432	2	0.46%	2	1	93	93	0.2497116493653279	1	1	299	133	0	2	-A
H11_BC95_191109_LF_LIB_consensus_vsearch	668	A	A	426	5	1.15%	2	1	93	93	0.0308876837313223	1	1	296	130	5	0	G
H11_BC95_191109_LF_LIB_consensus_vsearch	669	T	T	429	2	0.46%	2	1	93	93	0.2497096399537788	1	1	298	131	2	0	+C
H11_BC95_191109_LF_LIB_consensus_vsearch	670	C	C	430	4	0.92%	2	2	93	93	0.062067724063454545	1	1	299	131	1	3	-G
H11_BC95_191109_LF_LIB_consensus_vsearch	671	G	G	424	5	1.15%	2	2	93	93	0.03088599561913487	1	1	295	129	4	1	A
H11_BC95_191109_LF_LIB_consensus_vsearch	672	G	G	430	2	0.46%	2	1	93	93	0.24971031286224527	1	1	300	130	0	2	A
H11_BC95_191109_LF_LIB_consensus_vsearch	673	C	Y	417	7	1.61%	2	1	93	93	0.007619946437356769	1	1	296	121	0	7	T
H11_BC95_191109_LF_LIB_consensus_vsearch	674	A	*/+C	415	8	1.83%	2	1	93	93	0.003777960974854116	1	1	288	127	0	8	+C
H11_BC95_191109_LF_LIB_consensus_vsearch	675	C	*/-T	421	7	1.62%	2	2	93	93	0.007621737484585097	1	1	288	133	4	3	-T
H11_BC95_191109_LF_LIB_consensus_vsearch	676	T	Y	351	28	6.51%	2	1	93	93	2.2201371551636163E-9	1	1	260	91	0	28	C
H11_BC95_191109_LF_LIB_consensus_vsearch	677	A	A	400	3	0.73%	2	1	93	93	0.12453416149047736	1	1	266	134	3	0	+G
H11_BC95_191109_LF_LIB_consensus_vsearch	678	G	*/-A	407	15	3.44%	2	1	93	93	2.688891654781441E-5	1	1	273	134	15	0	-A
H11_BC95_191109_LF_LIB_consensus_vsearch	679	A	*/-G	394	14	3.37%	2	2	93	93	5.4491738001769014E-5	1	1	259	135	13	1	-G
H11_BC95_191109_LF_LIB_consensus_vsearch	680	G	G	411	3	0.72%	2	1	93	93	0.12454655380892238	1	1	276	135	3	0	+AG
H11_BC95_191109_LF_LIB_consensus_vsearch	681	G	R	430	7	1.6%	2	2	93	93	0.007625648020175149	1	1	295	135	6	1	A
H11_BC95_191109_LF_LIB_consensus_vsearch	682	C	Y	406	27	6.16%	2	2	93	93	4.904321012169145E-9	1	1	296	110	1	26	T
H11_BC95_191109_LF_LIB_consensus_vsearch	683	T	Y	422	10	2.29%	2	2	93	93	9.264641146701706E-4	1	1	293	129	4	6	C
H11_BC95_191109_LF_LIB_consensus_vsearch	684	G	G	428	5	1.14%	2	2	93	93	0.030889356258247617	1	1	296	132	2	3	A
H11_BC95_191109_LF_LIB_consensus_vsearch	685	C	*/-T	416	9	2.08%	2	1	93	93	0.001871329602106588	1	1	295	121	0	9	-T
H11_BC95_191109_LF_LIB_consensus_vsearch	686	T	*/-C	386	34	8%	2	2	93	93	2.902678023803163E-11	1	1	262	124	32	2	-C
H11_BC95_191109_LF_LIB_consensus_vsearch	687	C	C	398	2	0.5%	2	2	93	93	0.249687108886017	1	1	264	134	1	1	T
H11_BC95_191109_LF_LIB_consensus_vsearch	688	C	C	433	1	0.23%	2	1	93	93	0.4999999999999138	1	1	298	135	0	1	+GC
H11_BC95_191109_LF_LIB_consensus_vsearch	689	A	A	424	3	0.69%	2	1	93	93	0.12456037514670402	1	1	292	132	3	0	-G
H11_BC95_191109_LF_LIB_consensus_vsearch	690	G	G	421	3	0.7%	2	1	93	93	0.12455726092075974	1	1	289	132	3	0	-C
H11_BC95_191109_LF_LIB_consensus_vsearch	691	C	C	427	3	0.7%	2	1	93	93	0.12456344586746677	1	1	291	136	3	0	A
H11_BC95_191109_LF_LIB_consensus_vsearch	692	C	*/-AC	424	7	1.61%	2	2	93	93	0.007623059056742502	1	1	289	135	5	2	-AC
H11_BC95_191109_LF_LIB_consensus_vsearch	693	A	A	422	5	1.17%	2	1	93	93	0.030884291702852337	1	1	287	135	5	0	G
H11_BC95_191109_LF_LIB_consensus_vsearch	694	C	C	424	3	0.7%	2	2	93	93	0.12456037514670402	1	1	290	134	2	1	T
H11_BC95_191109_LF_LIB_consensus_vsearch	695	G	G	434	2	0.46%	2	1	93	93	0.24971297359331265	1	1	299	135	0	2	+C
H11_BC95_191109_LF_LIB_consensus_vsearch	696	C	C	436	1	0.23%	2	1	93	93	0.5000000000008233	1	1	300	136	1	0	+TT
H11_BC95_191109_LF_LIB_consensus_vsearch	697	T	T	433	2	0.46%	2	2	93	93	0.2497123130030455	1	1	297	136	1	1	C
H11_BC95_191109_LF_LIB_consensus_vsearch	698	C	*/-AC	417	14	3.2%	2	2	93	93	5.4827805419876506E-5	1	1	283	134	13	1	-AC
H11_BC95_191109_LF_LIB_consensus_vsearch	699	A	A	413	4	0.95%	2	1	93	93	0.06205009079450623	1	1	279	134	4	0	G
H11_BC95_191109_LF_LIB_consensus_vsearch	700	C	C	421	1	0.24%	2	1	93	93	0.4999999999999138	1	1	285	136	1	0	-GC
H11_BC95_191109_LF_LIB_consensus_vsearch	701	G	*/-CG	417	13	2.99%	2	2	93	93	1.113366520436279E-4	1	1	293	124	3	10	-CG
H11_BC95_191109_LF_LIB_consensus_vsearch	702	C	C	415	2	0.47%	2	1	93	93	0.24969987995208204	1	1	290	125	2	0	+AC
H11_BC95_191109_LF_LIB_consensus_vsearch	703	G	*/+A	403	10	2.38%	2	1	93	93	9.241960685227657E-4	1	1	278	125	10	0	+A
H11_BC95_191109_LF_LIB_consensus_vsearch	704	T	*/-C	388	41	9.43%	2	1	93	93	1.667129741644698E-13	1	1	252	136	41	0	-C
H11_BC95_191109_LF_LIB_consensus_vsearch	705	C	C	395	0	0%	2	0	93	0	1.0	1	0	259	136	0	0	
H11_BC95_191109_LF_LIB_consensus_vsearch	706	C	C	429	3	0.69%	2	1	93	93	0.12456546929309553	1	1	293	136	3	0	-AGCC
H11_BC95_191109_LF_LIB_consensus_vsearch	707	A	A	427	4	0.92%	2	2	93	93	0.06206471344608787	1	1	292	135	3	1	G
H11_BC95_191109_LF_LIB_consensus_vsearch	708	G	R	393	34	7.87%	2	1	93	93	2.937364230956813E-11	1	1	256	137	34	0	A
H11_BC95_191109_LF_LIB_consensus_vsearch	709	C	C	423	2	0.46%	2	1	93	93	0.24970553592454253	1	1	288	135	2	0	A
H11_BC95_191109_LF_LIB_consensus_vsearch	710	C	*/-T	421	7	1.61%	2	2	93	93	0.007621737484585097	1	1	293	128	2	5	-T
H11_BC95_191109_LF_LIB_consensus_vsearch	711	T	T	427	3	0.7%	2	2	93	93	0.12456344586746677	1	1	297	130	1	2	C
H11_BC95_191109_LF_LIB_consensus_vsearch	712	T	T	428	3	0.68%	2	1	93	93	0.12456445993035366	1	1	293	135	3	0	A
H11_BC95_191109_LF_LIB_consensus_vsearch	713	C	*/-TC	405	28	6.42%	2	1	93	93	2.3732471167383568E-9	1	1	298	107	0	28	-TC
H11_BC95_191109_LF_LIB_consensus_vsearch	714	T	*/+C	344	62	15.12%	2	1	93	93	1.7403685181588728E-20	1	1	237	107	62	0	+C
H11_BC95_191109_LF_LIB_consensus_vsearch	715	C	C	401	4	0.98%	2	1	93	93	0.06203675196794108	1	1	293	108	4	0	+A
H11_BC95_191109_LF_LIB_consensus_vsearch	716	A	R	422	13	2.97%	2	2	93	93	1.1145622644220473E-4	1	1	288	134	12	1	G
H11_BC95_191109_LF_LIB_consensus_vsearch	717	G	R	400	32	7.31%	2	1	93	93	1.283002916568026E-10	1	1	263	137	32	0	A
H11_BC95_191109_LF_LIB_consensus_vsearch	718	C	*/-A	417	13	2.97%	2	2	93	93	1.113366520436279E-4	1	1	286	131	9	4	-A
H11_BC95_191109_LF_LIB_consensus_vsearch	719	A	A	420	2	0.47%	2	1	93	93	0.24970344009506698	1	1	288	132	2	0	+G
H11_BC95_191109_LF_LIB_consensus_vsearch	720	A	A	433	2	0.46%	2	1	93	93	0.2497123130030455	1	1	297	136	2	0	G
H11_BC95_191109_LF_LIB_consensus_vsearch	721	A	A	433	2	0.46%	2	1	93	93	0.2497123130030455	1	1	299	134	0	2	-T
H11_BC95_191109_LF_LIB_consensus_vsearch	722	T	T	427	5	1.15%	2	1	93	93	0.03088852192937873	1	1	296	131	5	0	G
H11_BC95_191109_LF_LIB_consensus_vsearch	723	T	T	431	4	0.91%	2	1	93	93	0.06206871836935933	1	1	301	130	0	4	C
H11_BC95_191109_LF_LIB_consensus_vsearch	724	A	A	437	1	0.23%	2	1	93	93	0.4999999999999138	1	1	300	137	1	0	C
H11_BC95_191109_LF_LIB_consensus_vsearch	725	A	R	414	10	2.28%	2	2	93	93	9.255335328018615E-4	1	1	288	126	9	1	G
H11_BC95_191109_LF_LIB_consensus_vsearch	726	C	C	422	2	0.47%	2	2	93	93	0.2497048406136616	1	1	296	126	1	1	+T
H11_BC95_191109_LF_LIB_consensus_vsearch	727	C	C	432	2	0.46%	2	2	93	93	0.2497116493653279	1	1	298	134	1	1	-T
H11_BC95_191109_LF_LIB_consensus_vsearch	728	T	*/-C	418	8	1.84%	2	2	93	93	0.003778857437644956	1	1	290	128	5	3	-C
H11_BC95_191109_LF_LIB_consensus_vsearch	729	C	C	426	1	0.23%	2	1	93	93	0.4999999999999138	1	1	293	133	1	0	+A
H11_BC95_191109_LF_LIB_consensus_vsearch	730	C	*/-AC	389	38	8.72%	2	1	93	93	1.5374629876617852E-12	1	1	253	136	38	0	-AC
H11_BC95_191109_LF_LIB_consensus_vsearch	731	A	A	385	5	1.28%	2	1	93	93	0.030849619103815673	1	1	249	136	5	0	G
H11_BC95_191109_LF_LIB_consensus_vsearch	732	C	C	393	2	0.5%	2	1	93	93	0.24968314321918028	1	1	257	136	2	0	-G
H11_BC95_191109_LF_LIB_consensus_vsearch	733	G	*/-C	397	21	4.84%	2	2	93	93	3.6857245024714237E-7	1	1	282	115	6	15	-C
H11_BC95_191109_LF_LIB_consensus_vsearch	734	C	*/+T	385	18	4.37%	2	1	93	93	3.141832256242653E-6	1	1	292	93	0	18	+T
H11_BC95_191109_LF_LIB_consensus_vsearch	735	C	Y	422	8	1.84%	2	1	93	93	0.003780033413733114	1	1	298	124	0	8	T
H11_BC95_191109_LF_LIB_consensus_vsearch	736	C	C	430	3	0.68%	2	1	93	93	0.12456647398843287	1	1	300	130	0	3	-T
H11_BC95_191109_LF_LIB_consensus_vsearch	737	T	*/-C	386	24	5.52%	2	2	93	93	4.2147162570588484E-8	1	1	261	125	22	2	-C
H11_BC95_191109_LF_LIB_consensus_vsearch	738	C	C	408	2	0.49%	2	2	93	93	0.24969474969464833	1	1	278	130	1	1	T
H11_BC95_191109_LF_LIB_consensus_vsearch	739	C	C	423	6	1.38%	2	1	93	93	0.015352476134252922	1	1	300	123	0	6	+T
H11_BC95_191109_LF_LIB_consensus_vsearch	740	T	Y	409	14	3.25%	2	2	93	93	5.471489498497953E-5	1	1	291	118	3	11	C
H11_BC95_191109_LF_LIB_consensus_vsearch	741	A	R	418	7	1.61%	2	2	93	93	0.007620397344640596	1	1	287	131	5	2	G
H11_BC95_191109_LF_LIB_consensus_vsearch	742	C	*/-T	399	35	8.03%	2	2	93	93	1.4250740771115744E-11	1	1	297	102	1	34	-T
H11_BC95_191109_LF_LIB_consensus_vsearch	743	T	*/+C	379	14	3.48%	2	2	93	93	5.425226475721076E-5	1	1	281	98	13	1	+C
H11_BC95_191109_LF_LIB_consensus_vsearch	744	C	C	427	5	1.15%	2	1	93	93	0.03088852192937873	1	1	292	135	5	0	+TC
H11_BC95_191109_LF_LIB_consensus_vsearch	745	C	C	428	4	0.92%	2	1	93	93	0.06206572163388339	1	1	297	131	0	4	+G
H11_BC95_191109_LF_LIB_consensus_vsearch	746	A	A	422	5	1.15%	2	2	93	93	0.030884291702852337	1	1	291	131	3	2	G
H11_BC95_191109_LF_LIB_consensus_vsearch	747	T	Y	424	7	1.61%	2	2	93	93	0.007623059056742502	1	1	294	130	3	4	C
H11_BC95_191109_LF_LIB_consensus_vsearch	748	G	G	421	5	1.15%	2	2	93	93	0.030883433748668913	1	1	289	132	4	1	+C
H11_BC95_191109_LF_LIB_consensus_vsearch	749	C	C	423	3	0.69%	2	2	93	93	0.12455934195065375	1	1	293	130	1	2	T
H11_BC95_191109_LF_LIB_consensus_vsearch	750	C	C	422	4	0.92%	2	2	93	93	0.062059601466603075	1	1	290	132	2	2	T
H11_BC95_191109_LF_LIB_consensus_vsearch	751	G	R	419	11	2.54%	2	1	93	93	4.576688933102391E-4	1	1	284	135	11	0	A
H11_BC95_191109_LF_LIB_consensus_vsearch	752	G	G	425	6	1.37%	2	1	93	93	0.015353737770788975	1	1	289	136	6	0	A
H11_BC95_191109_LF_LIB_consensus_vsearch	753	C	C	419	6	1.38%	2	2	93	93	0.015349917324271899	1	1	287	132	4	2	+A
H11_BC95_191109_LF_LIB_consensus_vsearch	754	A	A	428	2	0.46%	2	2	93	93	0.24970896391120487	1	1	293	135	1	1	G
H11_BC95_191109_LF_LIB_consensus_vsearch	755	A	A	432	2	0.46%	2	1	93	93	0.2497116493653279	1	1	296	136	2	0	-G
H11_BC95_191109_LF_LIB_consensus_vsearch	756	G	R	379	41	9.4%	2	2	93	93	1.62985678608588E-13	1	1	248	131	40	1	A
H11_BC95_191109_LF_LIB_consensus_vsearch	757	C	C	423	2	0.47%	2	1	93	93	0.24970553592454253	1	1	292	131	2	0	G
H11_BC95_191109_LF_LIB_consensus_vsearch	758	C	*/-G	414	22	5.02%	2	1	93	93	1.817067458098237E-7	1	1	300	114	0	22	-G
H11_BC95_191109_LF_LIB_consensus_vsearch	759	G	G	408	4	0.96%	2	1	93	93	0.06204462743621413	1	1	298	110	0	4	T
H11_BC95_191109_LF_LIB_consensus_vsearch	760	G	G	434	3	0.68%	2	2	93	93	0.12457044673541934	1	1	300	134	1	2	-A
H11_BC95_191109_LF_LIB_consensus_vsearch	761	A	A	425	5	1.15%	2	2	93	93	0.03088684163697732	1	1	293	132	4	1	G
H11_BC95_191109_LF_LIB_consensus_vsearch	762	C	C	431	2	0.46%	2	1	93	93	0.24971098265883573	1	1	295	136	2	0	+G
H11_BC95_191109_LF_LIB_consensus_vsearch	763	A	R	424	10	2.29%	2	1	93	93	9.266914820866851E-4	1	1	288	136	10	0	G
H11_BC95_191109_LF_LIB_consensus_vsearch	764	T	*/-G	413	9	2.06%	2	2	93	93	0.001870754746824021	1	1	286	127	2	7	-G
H11_BC95_191109_LF_LIB_consensus_vsearch	765	G	R	418	9	2.11%	2	1	93	93	0.0018717084025872061	1	1	288	130	9	0	A
H11_BC95_191109_LF_LIB_consensus_vsearch	766	G	*/+A	423	9	2.06%	2	1	93	93	0.0018726402317850155	1	1	286	137	9	0	+A
H11_BC95_191109_LF_LIB_consensus_vsearch	767	G	R	416	9	2.05%	2	1	93	93	0.001871329602106588	1	1	279	137	9	0	A
H11_BC95_191109_LF_LIB_consensus_vsearch	768	C	C	424	3	0.69%	2	1	93	93	0.12456037514670402	1	1	291	133	0	3	+T
H11_BC95_191109_LF_LIB_consensus_vsearch	769	C	*/+A	413	8	1.83%	2	1	93	93	0.0037773562911889175	1	1	278	135	8	0	+A
H11_BC95_191109_LF_LIB_consensus_vsearch	770	A	*/-T	418	7	1.61%	2	1	93	93	0.007620397344640596	1	1	284	134	7	0	-T
H11_BC95_191109_LF_LIB_consensus_vsearch	771	T	T	409	5	1.17%	2	1	93	93	0.03087281521381857	1	1	277	132	5	0	-G
H11_BC95_191109_LF_LIB_consensus_vsearch	772	G	*/+C	402	9	2.1%	2	1	93	93	0.001868575996146208	1	1	269	133	9	0	+C
H11_BC95_191109_LF_LIB_consensus_vsearch	773	C	C	414	4	0.93%	2	2	93	93	0.062051167772440206	1	1	286	128	2	2	A
H11_BC95_191109_LF_LIB_consensus_vsearch	774	A	*/-T	413	8	1.87%	2	1	93	93	0.0037773562911889175	1	1	284	129	0	8	-T
H11_BC95_191109_LF_LIB_consensus_vsearch	775	T	T	405	5	1.19%	2	2	93	93	0.030869137662277737	1	1	281	124	2	3	C
H11_BC95_191109_LF_LIB_consensus_vsearch	776	C	C	422	5	1.16%	2	2	93	93	0.030884291702852337	1	1	291	131	2	3	-G
H11_BC95_191109_LF_LIB_consensus_vsearch	777	G	*/+A	411	8	1.87%	2	2	93	93	0.003776745880714396	1	1	279	132	7	1	+A
H11_BC95_191109_LF_LIB_consensus_vsearch	778	G	K	419	8	1.84%	2	1	93	93	0.0037791534811211507	1	1	285	134	8	0	T
H11_BC95_191109_LF_LIB_consensus_vsearch	779	T	T	426	3	0.69%	2	1	93	93	0.1245624270712429	1	1	293	133	3	0	+A
H11_BC95_191109_LF_LIB_consensus_vsearch	780	G	G	427	2	0.46%	2	1	93	93	0.24970828471410914	1	1	291	136	2	0	+CC
H11_BC95_191109_LF_LIB_consensus_vsearch	781	C	C	420	4	0.93%	2	2	93	93	0.062057522896676466	1	1	292	128	2	2	+T
H11_BC95_191109_LF_LIB_consensus_vsearch	782	T	*/+G	383	26	6%	2	2	93	93	9.887525401379193E-9	1	1	262	121	25	1	+G
H11_BC95_191109_LF_LIB_consensus_vsearch	783	A	R	374	28	6.53%	2	2	93	93	2.2892939757561792E-9	1	1	256	118	23	5	G
H11_BC95_191109_LF_LIB_consensus_vsearch	784	G	R	404	11	2.64%	2	1	93	93	4.5658536003316156E-4	1	1	275	129	11	0	A
H11_BC95_191109_LF_LIB_consensus_vsearch	785	G	G	432	2	0.46%	2	1	93	93	0.2497116493653279	1	1	296	136	2	0	-CT
H11_BC95_191109_LF_LIB_consensus_vsearch	786	C	*/-TT	405	9	2.07%	2	1	93	93	0.0018691815479874114	1	1	274	131	9	0	-TT
H11_BC95_191109_LF_LIB_consensus_vsearch	787	T	T	406	4	0.97%	2	1	93	93	0.06204240475964365	1	1	272	134	4	0	A
H11_BC95_191109_LF_LIB_consensus_vsearch	788	T	*/-A	365	30	7.11%	2	2	93	93	5.255631458882903E-10	1	1	244	121	27	3	-A
H11_BC95_191109_LF_LIB_consensus_vsearch	789	A	M	381	8	2.04%	2	1	93	93	0.003766842960150322	1	1	257	124	8	0	C
H11_BC95_191109_LF_LIB_consensus_vsearch	790	A	A	423	6	1.4%	2	2	93	93	0.015352476134252922	1	1	298	125	3	3	G
H11_BC95_191109_LF_LIB_consensus_vsearch	791	G	G	433	1	0.23%	2	1	93	93	0.4999999999999138	1	1	299	134	1	0	+A
H11_BC95_191109_LF_LIB_consensus_vsearch	792	C	C	431	4	0.92%	2	1	93	93	0.06206871836935933	1	1	301	130	0	4	+T
H11_BC95_191109_LF_LIB_consensus_vsearch	793	G	G	431	2	0.46%	2	1	93	93	0.24971098265883573	1	1	298	133	2	0	+C
H11_BC95_191109_LF_LIB_consensus_vsearch	794	C	C	434	1	0.23%	2	1	93	93	0.4999999999999138	1	1	301	133	0	1	+TT
H11_BC95_191109_LF_LIB_consensus_vsearch	795	C	C	429	6	1.37%	2	1	93	93	0.015356226321811444	1	1	299	130	0	6	T
H11_BC95_191109_LF_LIB_consensus_vsearch	796	A	A	431	4	0.92%	2	2	93	93	0.06206871836935933	1	1	296	135	3	1	G
H11_BC95_191109_LF_LIB_consensus_vsearch	797	T	*/-C	422	13	2.97%	2	1	93	93	1.1145622644220473E-4	1	1	287	135	13	0	-C
H11_BC95_191109_LF_LIB_consensus_vsearch	798	C	C	423	1	0.24%	2	1	93	93	0.4999999999999138	1	1	287	136	1	0	+ATC
H11_BC95_191109_LF_LIB_consensus_vsearch	799	C	C	433	3	0.69%	2	2	93	93	0.12456946039042152	1	1	298	135	2	1	-A
H11_BC95_191109_LF_LIB_consensus_vsearch	800	A	*/-T	378	31	7.14%	2	2	93	93	2.579678322846939E-10	1	1	252	126	27	4	-T
H11_BC95_191109_LF_LIB_consensus_vsearch	801	T	T	400	2	0.5%	2	2	93	93	0.24968866749695368	1	1	270	130	1	1	G
H11_BC95_191109_LF_LIB_consensus_vsearch	802	T	T	431	3	0.69%	2	2	93	93	0.12456747404820136	1	1	298	133	2	1	C
H11_BC95_191109_LF_LIB_consensus_vsearch	803	T	T	430	4	0.92%	2	1	93	93	0.062067724063454545	1	1	300	130	0	4	C
H11_BC95_191109_LF_LIB_consensus_vsearch	804	T	*/+C	401	23	5.26%	2	1	93	93	8.773859969684443E-8	1	1	268	133	23	0	+C
H11_BC95_191109_LF_LIB_consensus_vsearch	805	C	C	424	3	0.69%	2	1	93	93	0.12456037514670402	1	1	294	130	3	0	-A
H11_BC95_191109_LF_LIB_consensus_vsearch	806	A	R	379	23	5.34%	2	1	93	93	8.623703234039144E-8	1	1	270	109	23	0	G
H11_BC95_191109_LF_LIB_consensus_vsearch	807	G	G	416	3	0.71%	2	1	93	93	0.12455197132601219	1	1	296	120	3	0	+A
H11_BC95_191109_LF_LIB_consensus_vsearch	808	G	G	431	2	0.46%	2	1	93	93	0.24971098265883573	1	1	298	133	2	0	A
H11_BC95_191109_LF_LIB_consensus_vsearch	809	G	G	426	6	1.37%	2	1	93	93	0.015354364218716944	1	1	290	136	6	0	-C
H11_BC95_191109_LF_LIB_consensus_vsearch	810	C	C	427	2	0.47%	2	1	93	93	0.24970828471410914	1	1	292	135	2	0	G
H11_BC95_191109_LF_LIB_consensus_vsearch	811	C	Y	414	12	2.75%	2	2	93	93	2.2570239286811238E-4	1	1	287	127	4	8	T
H11_BC95_191109_LF_LIB_consensus_vsearch	812	G	*/-A	424	7	1.61%	2	2	93	93	0.007623059056742502	1	1	289	135	6	1	-A
H11_BC95_191109_LF_LIB_consensus_vsearch	813	A	*/-G	418	8	1.87%	2	2	93	93	0.003778857437644956	1	1	285	133	6	2	-G
H11_BC95_191109_LF_LIB_consensus_vsearch	814	G	G	418	3	0.7%	2	1	93	93	0.12455410225923637	1	1	285	133	3	0	+AG
H11_BC95_191109_LF_LIB_consensus_vsearch	815	C	C	420	6	1.38%	2	2	93	93	0.01535056152092204	1	1	290	130	3	3	T
H11_BC95_191109_LF_LIB_consensus_vsearch	816	G	G	429	4	0.92%	2	1	93	93	0.062066725162242674	1	1	295	134	4	0	-A
H11_BC95_191109_LF_LIB_consensus_vsearch	817	A	A	430	1	0.23%	2	1	93	93	0.4999999999990043	1	1	295	135	0	1	-T
H11_BC95_191109_LF_LIB_consensus_vsearch	818	T	T	431	3	0.69%	2	1	93	93	0.12456747404820136	1	1	300	131	0	3	+C
H11_BC95_191109_LF_LIB_consensus_vsearch	819	T	T	426	5	1.14%	2	2	93	93	0.0308876837313223	1	1	295	131	4	1	+C
H11_BC95_191109_LF_LIB_consensus_vsearch	820	C	C	427	2	0.46%	2	1	93	93	0.24970828471410914	1	1	297	130	0	2	-G
H11_BC95_191109_LF_LIB_consensus_vsearch	821	G	G	432	2	0.46%	2	1	93	93	0.2497116493653279	1	1	298	134	2	0	A
H11_BC95_191109_LF_LIB_consensus_vsearch	822	G	G	429	2	0.46%	2	2	93	93	0.2497096399537788	1	1	295	134	1	1	+C
H11_BC95_191109_LF_LIB_consensus_vsearch	823	C	C	422	6	1.38%	2	1	93	93	0.015351840904982691	1	1	288	134	6	0	+G
H11_BC95_191109_LF_LIB_consensus_vsearch	824	A	R	391	35	8.06%	2	1	93	93	1.4052849282761793E-11	1	1	259	132	35	0	G
H11_BC95_191109_LF_LIB_consensus_vsearch	825	G	G	431	0	0%	2	0	93	0	1.0	1	0	297	134	0	0	
H11_BC95_191109_LF_LIB_consensus_vsearch	826	G	G	432	1	0.23%	2	1	93	93	0.5000000000008233	1	1	298	134	1	0	+AG
H11_BC95_191109_LF_LIB_consensus_vsearch	827	T	*/-A	378	25	5.73%	2	2	93	93	2.0300518793166647E-8	1	1	263	115	24	1	-A
H11_BC95_191109_LF_LIB_consensus_vsearch	828	A	A	383	6	1.53%	2	2	93	93	0.015324526212125619	1	1	265	118	4	2	G
H11_BC95_191109_LF_LIB_consensus_vsearch	829	A	R	396	14	3.36%	2	1	93	93	5.452239752130743E-5	1	1	277	119	14	0	G
H11_BC95_191109_LF_LIB_consensus_vsearch	830	G	G	417	4	0.92%	2	1	93	93	0.06205436799087533	1	1	284	133	4	0	+A
H11_BC95_191109_LF_LIB_consensus_vsearch	831	T	T	427	4	0.93%	2	1	93	93	0.06206471344608787	1	1	293	134	4	0	G
H11_BC95_191109_LF_LIB_consensus_vsearch	832	T	T	422	2	0.46%	2	1	93	93	0.2497048406136616	1	1	290	132	2	0	+A
H11_BC95_191109_LF_LIB_consensus_vsearch	833	G	R	412	14	3.24%	2	1	93	93	5.475771402649315E-5	1	1	277	135	14	0	A
H11_BC95_191109_LF_LIB_consensus_vsearch	834	T	T	422	5	1.16%	2	2	93	93	0.030884291702852337	1	1	289	133	3	2	C
H11_BC95_191109_LF_LIB_consensus_vsearch	835	T	T	416	6	1.39%	2	2	93	93	0.015347966460357092	1	1	286	130	3	3	C
H11_BC95_191109_LF_LIB_consensus_vsearch	836	A	R	415	7	1.64%	2	2	93	93	0.007619038242851565	1	1	283	132	5	2	G
H11_BC95_191109_LF_LIB_consensus_vsearch	837	C	Y	412	9	2.08%	2	2	93	93	0.001870561328848028	1	1	283	129	8	1	T
H11_BC95_191109_LF_LIB_consensus_vsearch	838	A	R	416	11	2.56%	2	2	93	93	4.574581519691363E-4	1	1	284	132	10	1	G
H11_BC95_191109_LF_LIB_consensus_vsearch	839	C	*/-AC	294	122	28.5%	2	2	93	93	5.501009573968973E-42	1	1	169	125	120	2	-AC
H11_BC95_191109_LF_LIB_consensus_vsearch	840	A	A	292	5	1.64%	2	2	93	93	0.030724356066130807	1	1	166	126	4	1	G
H11_BC95_191109_LF_LIB_consensus_vsearch	841	C	*/+AC	285	7	2.29%	2	1	93	93	0.007533506790877374	1	1	166	119	7	0	+AC
H11_BC95_191109_LF_LIB_consensus_vsearch	842	T	Y	417	8	1.86%	2	2	93	93	0.003778560011928581	1	1	293	124	2	6	C
H11_BC95_191109_LF_LIB_consensus_vsearch	843	T	*/-CT	392	19	4.4%	2	1	93	93	1.5416858094341868E-6	1	1	292	100	0	19	-CT
H11_BC95_191109_LF_LIB_consensus_vsearch	844	C	*/-T	386	9	2.25%	2	2	93	93	0.0018651929543866046	1	1	289	97	3	6	-T
H11_BC95_191109_LF_LIB_consensus_vsearch	845	T	T	394	2	0.5%	2	1	93	93	0.24968394437400754	1	1	290	104	2	0	G
H11_BC95_191109_LF_LIB_consensus_vsearch	846	T	T	414	5	1.16%	2	1	93	93	0.03087731347339881	1	1	286	128	5	0	-AGCG
H11_BC95_191109_LF_LIB_consensus_vsearch	847	A	R	406	19	4.45%	2	1	93	93	1.5527767946243955E-6	1	1	271	135	19	0	G
H11_BC95_191109_LF_LIB_consensus_vsearch	848	G	G	425	3	0.7%	2	2	93	93	0.12456140350894482	1	1	290	135	2	1	-C
H11_BC95_191109_LF_LIB_consensus_vsearch	849	C	*/-G	391	31	7.28%	2	2	93	93	2.628860323558501E-10	1	1	264	127	24	7	-G
H11_BC95_191109_LF_LIB_consensus_vsearch	850	G	R	385	8	2.01%	2	1	93	93	0.0037682499633968467	1	1	257	128	8	0	A
H11_BC95_191109_LF_LIB_consensus_vsearch	851	G	G	430	5	1.15%	2	1	93	93	0.030891013414769866	1	1	294	136	5	0	A
H11_BC95_191109_LF_LIB_consensus_vsearch	852	G	G	429	6	1.38%	2	1	93	93	0.015356226321811444	1	1	293	136	6	0	T
H11_BC95_191109_LF_LIB_consensus_vsearch	853	T	T	428	6	1.38%	2	2	93	93	0.015355608474412826	1	1	296	132	2	4	C
H11_BC95_191109_LF_LIB_consensus_vsearch	854	G	G	433	2	0.46%	2	2	93	93	0.2497123130030455	1	1	298	135	1	1	-C
H11_BC95_191109_LF_LIB_consensus_vsearch	855	C	C	433	1	0.23%	2	1	93	93	0.4999999999999138	1	1	298	135	1	0	+A
H11_BC95_191109_LF_LIB_consensus_vsearch	856	C	C	425	4	0.92%	2	1	93	93	0.0620626829618069	1	1	291	134	4	0	+A
H11_BC95_191109_LF_LIB_consensus_vsearch	857	G	G	429	3	0.69%	2	1	93	93	0.12456546929309553	1	1	293	136	3	0	-A
H11_BC95_191109_LF_LIB_consensus_vsearch	858	A	A	419	3	0.69%	2	1	93	93	0.12455516014247174	1	1	289	130	3	0	+G
H11_BC95_191109_LF_LIB_consensus_vsearch	859	C	*/-T	405	17	3.93%	2	2	93	93	6.473048763994588E-6	1	1	278	127	13	4	-T
H11_BC95_191109_LF_LIB_consensus_vsearch	860	T	T	401	2	0.49%	2	1	93	93	0.24968944099344345	1	1	274	127	0	2	+C
H11_BC95_191109_LF_LIB_consensus_vsearch	861	T	*/-C	376	25	5.84%	2	2	93	93	2.026044651898465E-8	1	1	265	111	7	18	-C
H11_BC95_191109_LF_LIB_consensus_vsearch	862	C	S	386	7	1.75%	2	2	93	93	0.0076048360660226225	1	1	270	116	6	1	G
H11_BC95_191109_LF_LIB_consensus_vsearch	863	C	C	418	5	1.16%	2	2	93	93	0.030880835561915	1	1	285	133	3	2	-AT
H11_BC95_191109_LF_LIB_consensus_vsearch	864	A	R	402	9	2.1%	2	1	93	93	0.001868575996146208	1	1	271	131	9	0	G
H11_BC95_191109_LF_LIB_consensus_vsearch	865	T	Y	393	13	3.1%	2	2	93	93	1.1072307945535491E-4	1	1	263	130	10	3	C
H11_BC95_191109_LF_LIB_consensus_vsearch	866	G	R	393	17	4.07%	2	1	93	93	6.4413437635782805E-6	1	1	258	135	17	0	A
H11_BC95_191109_LF_LIB_consensus_vsearch	867	G	R	412	11	2.52%	2	2	93	93	4.571726097283556E-4	1	1	277	135	10	1	A
H11_BC95_191109_LF_LIB_consensus_vsearch	868	C	C	420	4	0.93%	2	1	93	93	0.062057522896676466	1	1	286	134	4	0	A
H11_BC95_191109_LF_LIB_consensus_vsearch	869	C	Y	420	9	2.06%	2	2	93	93	0.0018720837112055043	1	1	285	135	8	1	T
H11_BC95_191109_LF_LIB_consensus_vsearch	870	A	A	418	4	0.92%	2	1	93	93	0.06205542461311247	1	1	282	136	4	0	G
H11_BC95_191109_LF_LIB_consensus_vsearch	871	C	C	424	5	1.16%	2	1	93	93	0.03088599561913487	1	1	288	136	5	0	G
H11_BC95_191109_LF_LIB_consensus_vsearch	872	C	C	427	2	0.46%	2	2	93	93	0.24970828471410914	1	1	293	134	1	1	-G
H11_BC95_191109_LF_LIB_consensus_vsearch	873	G	R	416	14	3.22%	2	1	93	93	5.4813912517372454E-5	1	1	281	135	14	0	A
H11_BC95_191109_LF_LIB_consensus_vsearch	874	T	*/-C	411	21	4.81%	2	1	93	93	3.7173750638657204E-7	1	1	276	135	21	0	-C
H11_BC95_191109_LF_LIB_consensus_vsearch	875	C	*/+A	403	10	2.4%	2	1	93	93	9.241960685227657E-4	1	1	267	136	10	0	+A
H11_BC95_191109_LF_LIB_consensus_vsearch	876	C	C	427	5	1.14%	2	2	93	93	0.03088852192937873	1	1	294	133	4	1	-T
H11_BC95_191109_LF_LIB_consensus_vsearch	877	T	T	422	4	0.93%	2	1	93	93	0.062059601466603075	1	1	294	128	0	4	C
H11_BC95_191109_LF_LIB_consensus_vsearch	878	G	G	422	5	1.15%	2	2	93	93	0.030884291702852337	1	1	291	131	4	1	A
H11_BC95_191109_LF_LIB_consensus_vsearch	879	C	C	425	3	0.69%	2	2	93	93	0.12456140350894482	1	1	294	131	1	2	T
H11_BC95_191109_LF_LIB_consensus_vsearch	880	T	T	415	5	1.15%	2	2	93	93	0.03087820028111735	1	1	290	125	1	4	C
H11_BC95_191109_LF_LIB_consensus_vsearch	881	G	R	419	8	1.85%	2	1	93	93	0.0037791534811211507	1	1	290	129	8	0	A
H11_BC95_191109_LF_LIB_consensus_vsearch	882	T	T	422	4	0.92%	2	2	93	93	0.062059601466603075	1	1	290	132	3	1	-C
H11_BC95_191109_LF_LIB_consensus_vsearch	883	C	C	427	2	0.46%	2	1	93	93	0.24970828471410914	1	1	295	132	0	2	+A
H11_BC95_191109_LF_LIB_consensus_vsearch	884	A	*/-TCA	421	8	1.83%	2	2	93	93	0.0037797414596765903	1	1	295	126	4	4	-TCA
H11_BC95_191109_LF_LIB_consensus_vsearch	885	T	T	415	5	1.18%	2	2	93	93	0.03087820028111735	1	1	289	126	2	3	-C
H11_BC95_191109_LF_LIB_consensus_vsearch	886	C	C	420	2	0.47%	2	1	93	93	0.24970344009506698	1	1	295	125	0	2	-A
H11_BC95_191109_LF_LIB_consensus_vsearch	887	A	A	416	5	1.18%	2	1	93	93	0.030879082878509188	1	1	288	128	5	0	G
H11_BC95_191109_LF_LIB_consensus_vsearch	888	C	C	427	3	0.69%	2	1	93	93	0.12456344586746677	1	1	298	129	0	3	+T
H11_BC95_191109_LF_LIB_consensus_vsearch	889	C	Y	414	19	4.37%	2	1	93	93	1.5588186688080025E-6	1	1	299	115	0	19	T
H11_BC95_191109_LF_LIB_consensus_vsearch	890	G	G	429	3	0.69%	2	1	93	93	0.12456546929309553	1	1	294	135	3	0	-C
H11_BC95_191109_LF_LIB_consensus_vsearch	891	C	C	432	2	0.46%	2	1	93	93	0.2497116493653279	1	1	296	136	2	0	T
H11_BC95_191109_LF_LIB_consensus_vsearch	892	C	C	434	2	0.46%	2	1	93	93	0.24971297359331265	1	1	298	136	2	0	A
H11_BC95_191109_LF_LIB_consensus_vsearch	893	C	Y	421	13	2.97%	2	2	93	93	1.1143252502300736E-4	1	1	296	125	2	11	T
H11_BC95_191109_LF_LIB_consensus_vsearch	894	G	G	432	3	0.68%	2	2	93	93	0.12456846950514457	1	1	296	136	2	1	-A
H11_BC95_191109_LF_LIB_consensus_vsearch	895	A	A	430	4	0.92%	2	2	93	93	0.062067724063454545	1	1	295	135	3	1	G
H11_BC95_191109_LF_LIB_consensus_vsearch	896	C	C	431	3	0.68%	2	1	93	93	0.12456747404820136	1	1	294	137	3	0	+A
H11_BC95_191109_LF_LIB_consensus_vsearch	897	G	*/-C	422	10	2.3%	2	2	93	93	9.264641146701706E-4	1	1	289	133	7	3	-C
H11_BC95_191109_LF_LIB_consensus_vsearch	898	C	C	422	1	0.23%	2	1	93	93	0.5000000000008233	1	1	289	133	1	0	+GC
H11_BC95_191109_LF_LIB_consensus_vsearch	899	C	*/-T	279	105	23.97%	2	2	93	93	6.354500967329182E-36	1	1	225	54	47	58	-T
H11_BC95_191109_LF_LIB_consensus_vsearch	900	T	T	302	2	0.66%	2	1	93	93	0.24958813838556218	1	1	243	59	2	0	A
H11_BC95_191109_LF_LIB_consensus_vsearch	901	T	T	404	3	0.73%	2	1	93	93	0.12453874538748007	1	1	287	117	3	0	C
H11_BC95_191109_LF_LIB_consensus_vsearch	902	T	T	425	4	0.93%	2	2	93	93	0.0620626829618069	1	1	296	129	2	2	C
H11_BC95_191109_LF_LIB_consensus_vsearch	903	T	T	430	2	0.46%	2	1	93	93	0.24971031286224527	1	1	295	135	2	0	A
H11_BC95_191109_LF_LIB_consensus_vsearch	904	T	T	424	5	1.15%	2	1	93	93	0.03088599561913487	1	1	288	136	5	0	C
H11_BC95_191109_LF_LIB_consensus_vsearch	905	A	A	424	5	1.15%	2	2	93	93	0.03088599561913487	1	1	290	134	3	2	G
H11_BC95_191109_LF_LIB_consensus_vsearch	906	C	C	427	3	0.69%	2	2	93	93	0.12456344586746677	1	1	294	133	1	2	T
H11_BC95_191109_LF_LIB_consensus_vsearch	907	A	A	425	4	0.92%	2	1	93	93	0.0620626829618069	1	1	290	135	4	0	+CA
H11_BC95_191109_LF_LIB_consensus_vsearch	908	T	T	429	3	0.69%	2	1	93	93	0.12456546929309553	1	1	294	135	3	0	-C
H11_BC95_191109_LF_LIB_consensus_vsearch	909	C	C	432	1	0.23%	2	1	93	93	0.5000000000008233	1	1	295	137	1	0	T
H11_BC95_191109_LF_LIB_consensus_vsearch	910	C	C	425	5	1.14%	2	1	93	93	0.03088684163697732	1	1	289	136	5	0	+G
H11_BC95_191109_LF_LIB_consensus_vsearch	911	A	A	426	4	0.92%	2	1	93	93	0.06206370056623179	1	1	289	137	4	0	-T
H11_BC95_191109_LF_LIB_consensus_vsearch	912	T	T	425	4	0.93%	2	1	93	93	0.0620626829618069	1	1	288	137	4	0	C
H11_BC95_191109_LF_LIB_consensus_vsearch	913	T	T	427	6	1.37%	2	2	93	93	0.015354987779940706	1	1	294	133	5	1	C
H11_BC95_191109_LF_LIB_consensus_vsearch	914	G	G	434	2	0.46%	2	1	93	93	0.24971297359331265	1	1	299	135	2	0	A
H11_BC95_191109_LF_LIB_consensus_vsearch	915	G	*/-C	376	42	9.59%	2	1	93	93	7.68919768924994E-14	1	1	241	135	42	0	-C
H11_BC95_191109_LF_LIB_consensus_vsearch	916	C	C	389	2	0.51%	2	1	93	93	0.24967989756723366	1	1	255	134	0	2	+T
H11_BC95_191109_LF_LIB_consensus_vsearch	917	C	C	433	2	0.46%	2	1	93	93	0.2497123130030455	1	1	300	133	0	2	-T
H11_BC95_191109_LF_LIB_consensus_vsearch	918	T	*/+G	380	41	9.4%	2	1	93	93	1.634038782971672E-13	1	1	255	125	41	0	+G
H11_BC95_191109_LF_LIB_consensus_vsearch	919	A	*/-G	390	39	8.94%	2	1	93	93	7.36194208277208E-13	1	1	254	136	39	0	-G
H11_BC95_191109_LF_LIB_consensus_vsearch	920	G	G	395	3	0.75%	2	1	93	93	0.12452830188671389	1	1	258	137	3	0	-A
H11_BC95_191109_LF_LIB_consensus_vsearch	921	A	A	429	5	1.15%	2	1	93	93	0.030890186744528703	1	1	292	137	5	0	G
H11_BC95_191109_LF_LIB_consensus_vsearch	922	C	*/-T	409	14	3.2%	2	2	93	93	5.471489498497953E-5	1	1	285	124	7	7	-T
H11_BC95_191109_LF_LIB_consensus_vsearch	923	T	T	416	3	0.71%	2	2	93	93	0.12455197132601219	1	1	290	126	2	1	C
H11_BC95_191109_LF_LIB_consensus_vsearch	924	T	T	429	2	0.46%	2	1	93	93	0.2497096399537788	1	1	297	132	2	0	A
H11_BC95_191109_LF_LIB_consensus_vsearch	925	T	Y	414	10	2.28%	2	2	93	93	9.255335328018615E-4	1	1	294	120	5	5	C
H11_BC95_191109_LF_LIB_consensus_vsearch	926	G	G	423	4	0.93%	2	1	93	93	0.06206063344550859	1	1	296	127	0	4	A
H11_BC95_191109_LF_LIB_consensus_vsearch	927	G	G	435	1	0.23%	2	1	93	93	0.5000000000008233	1	1	299	136	1	0	+TGG
H11_BC95_191109_LF_LIB_consensus_vsearch	928	C	C	422	6	1.37%	2	1	93	93	0.015351840904982691	1	1	295	127	0	6	T
H11_BC95_191109_LF_LIB_consensus_vsearch	929	A	A	419	6	1.38%	2	2	93	93	0.015349917324271899	1	1	291	128	5	1	G
H11_BC95_191109_LF_LIB_consensus_vsearch	930	C	C	425	3	0.69%	2	1	93	93	0.12456140350894482	1	1	296	129	0	3	+T
H11_BC95_191109_LF_LIB_consensus_vsearch	931	C	C	419	5	1.14%	2	2	93	93	0.03088170570687224	1	1	297	122	3	2	-T
H11_BC95_191109_LF_LIB_consensus_vsearch	932	T	T	427	3	0.7%	2	1	93	93	0.12456344586746677	1	1	293	134	3	0	A
H11_BC95_191109_LF_LIB_consensus_vsearch	933	T	*/+A	415	7	1.61%	2	1	93	93	0.007619038242851565	1	1	288	127	7	0	+A
H11_BC95_191109_LF_LIB_consensus_vsearch	934	A	R	419	8	1.84%	2	2	93	93	0.0037791534811211507	1	1	288	131	4	4	G
H11_BC95_191109_LF_LIB_consensus_vsearch	935	G	G	430	2	0.46%	2	1	93	93	0.24971031286224527	1	1	294	136	2	0	A
H11_BC95_191109_LF_LIB_consensus_vsearch	936	C	C	428	2	0.46%	2	1	93	93	0.24970896391120487	1	1	293	135	2	0	-A
H11_BC95_191109_LF_LIB_consensus_vsearch	937	A	A	423	4	0.93%	2	2	93	93	0.06206063344550859	1	1	290	133	3	1	G
H11_BC95_191109_LF_LIB_consensus_vsearch	938	T	T	423	6	1.39%	2	1	93	93	0.015352476134252922	1	1	289	134	6	0	C
H11_BC95_191109_LF_LIB_consensus_vsearch	939	G	R	423	10	2.3%	2	1	93	93	9.26578056881533E-4	1	1	288	135	10	0	A
H11_BC95_191109_LF_LIB_consensus_vsearch	940	G	G	431	4	0.91%	2	2	93	93	0.06206871836935933	1	1	296	135	2	2	A
H11_BC95_191109_LF_LIB_consensus_vsearch	941	C	C	432	2	0.46%	2	1	93	93	0.2497116493653279	1	1	298	134	0	2	T
H11_BC95_191109_LF_LIB_consensus_vsearch	942	G	G	425	3	0.69%	2	1	93	93	0.12456140350894482	1	1	292	133	0	3	+CG
H11_BC95_191109_LF_LIB_consensus_vsearch	943	T	T	428	4	0.92%	2	2	93	93	0.06206572163388339	1	1	296	132	2	2	C
H11_BC95_191109_LF_LIB_consensus_vsearch	944	T	T	430	4	0.91%	2	2	93	93	0.062067724063454545	1	1	297	133	2	2	-C
H11_BC95_191109_LF_LIB_consensus_vsearch	945	C	C	424	4	0.92%	2	1	93	93	0.06206166059929218	1	1	297	127	0	4	-G
H11_BC95_191109_LF_LIB_consensus_vsearch	946	G	G	425	6	1.38%	2	1	93	93	0.015353737770788975	1	1	294	131	6	0	A
H11_BC95_191109_LF_LIB_consensus_vsearch	947	G	G	430	3	0.68%	2	1	93	93	0.12456647398843287	1	1	296	134	3	0	+T
H11_BC95_191109_LF_LIB_consensus_vsearch	948	T	Y	425	10	2.29%	2	1	93	93	9.268043937944601E-4	1	1	300	125	0	10	C
H11_BC95_191109_LF_LIB_consensus_vsearch	949	T	T	428	3	0.69%	2	2	93	93	0.12456445993035366	1	1	298	130	1	2	+G
H11_BC95_191109_LF_LIB_consensus_vsearch	950	G	G	432	1	0.23%	2	1	93	93	0.5000000000008233	1	1	299	133	0	1	+A
H11_BC95_191109_LF_LIB_consensus_vsearch	951	A	A	431	2	0.46%	2	1	93	93	0.24971098265883573	1	1	300	131	0	2	-TC
H11_BC95_191109_LF_LIB_consensus_vsearch	952	T	*/-C	331	94	21.61%	2	2	93	93	1.5396885754111797E-31	1	1	199	132	92	2	-C
H11_BC95_191109_LF_LIB_consensus_vsearch	953	C	C	333	2	0.59%	2	1	93	93	0.24962630792247645	1	1	204	129	0	2	+T
H11_BC95_191109_LF_LIB_consensus_vsearch	954	C	*/+A	419	9	2.07%	2	1	93	93	0.0018718964903564012	1	1	286	133	9	0	+A
H11_BC95_191109_LF_LIB_consensus_vsearch	955	C	Y	392	25	5.73%	2	2	93	93	2.0571996412600835E-8	1	1	286	106	2	23	T
H11_BC95_191109_LF_LIB_consensus_vsearch	956	G	R	398	21	4.91%	2	1	93	93	3.6880479540872415E-7	1	1	265	133	21	0	A
H11_BC95_191109_LF_LIB_consensus_vsearch	957	C	C	424	2	0.47%	2	2	93	93	0.24970622796748032	1	1	291	133	1	1	-A
H11_BC95_191109_LF_LIB_consensus_vsearch	958	A	A	425	3	0.69%	2	2	93	93	0.12456140350894482	1	1	291	134	2	1	G
H11_BC95_191109_LF_LIB_consensus_vsearch	959	G	G	429	3	0.69%	2	1	93	93	0.12456546929309553	1	1	295	134	3	0	A
H11_BC95_191109_LF_LIB_consensus_vsearch	960	C	C	428	4	0.92%	2	2	93	93	0.06206572163388339	1	1	294	134	2	2	-GC
H11_BC95_191109_LF_LIB_consensus_vsearch	961	G	G	425	3	0.69%	2	2	93	93	0.12456140350894482	1	1	294	131	2	1	-C
H11_BC95_191109_LF_LIB_consensus_vsearch	962	C	C	424	1	0.23%	2	1	93	93	0.4999999999999138	1	1	293	131	1	0	+A
H11_BC95_191109_LF_LIB_consensus_vsearch	963	C	C	428	2	0.46%	2	1	93	93	0.24970896391120487	1	1	295	133	2	0	T
H11_BC95_191109_LF_LIB_consensus_vsearch	964	A	A	433	2	0.46%	2	2	93	93	0.2497123130030455	1	1	298	135	1	1	G
H11_BC95_191109_LF_LIB_consensus_vsearch	965	G	G	429	2	0.46%	2	2	93	93	0.2497096399537788	1	1	296	133	1	1	+T
H11_BC95_191109_LF_LIB_consensus_vsearch	966	T	T	432	3	0.69%	2	2	93	93	0.12456846950514457	1	1	298	134	1	2	C
H11_BC95_191109_LF_LIB_consensus_vsearch	967	T	T	432	3	0.68%	2	2	93	93	0.12456846950514457	1	1	298	134	2	1	-C
H11_BC95_191109_LF_LIB_consensus_vsearch	968	C	C	422	3	0.69%	2	1	93	93	0.12455830388715546	1	1	288	134	3	0	-T
H11_BC95_191109_LF_LIB_consensus_vsearch	969	T	T	411	6	1.39%	2	1	93	93	0.015344652795793392	1	1	277	134	6	0	-GCT
H11_BC95_191109_LF_LIB_consensus_vsearch	970	G	S	404	7	1.65%	2	1	93	93	0.007613885964194907	1	1	270	134	7	0	C
H11_BC95_191109_LF_LIB_consensus_vsearch	971	C	*/-T	353	39	9.09%	2	2	93	93	6.729229269072797E-13	1	1	234	119	36	3	-T
H11_BC95_191109_LF_LIB_consensus_vsearch	972	T	Y	363	10	2.61%	2	2	93	93	9.186794830860472E-4	1	1	233	130	9	1	C
H11_BC95_191109_LF_LIB_consensus_vsearch	973	T	*/-A	357	48	11.19%	2	1	93	93	8.084874788893955E-16	1	1	224	133	48	0	-A
H11_BC95_191109_LF_LIB_consensus_vsearch	974	A	*/-C	349	13	3.38%	2	2	93	93	1.0939487979221406E-4	1	1	216	133	12	1	-C
H11_BC95_191109_LF_LIB_consensus_vsearch	975	C	S	355	48	11.57%	2	1	93	93	8.021924381576092E-16	1	1	224	131	48	0	G
H11_BC95_191109_LF_LIB_consensus_vsearch	976	C	*/-A	350	40	9.32%	2	2	93	93	3.170461344905647E-13	1	1	253	97	15	25	-A
H11_BC95_191109_LF_LIB_consensus_vsearch	977	A	A	385	1	0.26%	2	1	93	93	0.4999999999999138	1	1	275	110	1	0	+C
H11_BC95_191109_LF_LIB_consensus_vsearch	978	A	A	436	0	0%	2	0	93	0	1.0	1	0	299	137	0	0	
H11_BC95_191109_LF_LIB_consensus_vsearch	979	A	A	436	2	0.46%	2	1	93	93	0.2497142857145226	1	1	299	137	2	0	G
H11_BC95_191109_LF_LIB_consensus_vsearch	980	A	A	430	4	0.91%	2	1	93	93	0.062067724063454545	1	1	293	137	4	0	-C
H11_BC95_191109_LF_LIB_consensus_vsearch	981	C	C	427	2	0.46%	2	1	93	93	0.24970828471410914	1	1	293	134	0	2	+T
H11_BC95_191109_LF_LIB_consensus_vsearch	982	C	C	431	2	0.46%	2	2	93	93	0.24971098265883573	1	1	296	135	1	1	T
H11_BC95_191109_LF_LIB_consensus_vsearch	983	A	A	433	1	0.23%	2	1	93	93	0.4999999999999138	1	1	299	134	0	1	+C
H11_BC95_191109_LF_LIB_consensus_vsearch	984	G	*/-C	404	22	5.03%	2	2	93	93	1.8052173937079276E-7	1	1	272	132	19	3	-C
H11_BC95_191109_LF_LIB_consensus_vsearch	985	C	C	410	1	0.24%	2	1	93	93	0.5000000000008233	1	1	280	130	0	1	+GC
H11_BC95_191109_LF_LIB_consensus_vsearch	986	C	C	428	2	0.46%	2	1	93	93	0.24970896391120487	1	1	299	129	0	2	+GCC
H11_BC95_191109_LF_LIB_consensus_vsearch	987	C	*/-AC	420	8	1.83%	2	1	93	93	0.003779448151948946	1	1	286	134	8	0	-AC
H11_BC95_191109_LF_LIB_consensus_vsearch	988	A	R	413	9	2.12%	2	1	93	93	0.001870754746824021	1	1	277	136	9	0	G
H11_BC95_191109_LF_LIB_consensus_vsearch	989	C	*/+T	403	8	1.88%	2	1	93	93	0.0037742453123195243	1	1	277	126	0	8	+T
H11_BC95_191109_LF_LIB_consensus_vsearch	990	T	T	419	1	0.24%	2	1	93	93	0.5000000000008233	1	1	285	134	0	1	+C
H11_BC95_191109_LF_LIB_consensus_vsearch	991	T	*/+G	409	16	3.75%	2	1	93	93	1.32149501788179E-5	1	1	289	120	0	16	+G
H11_BC95_191109_LF_LIB_consensus_vsearch	992	G	G	430	4	0.92%	2	1	93	93	0.062067724063454545	1	1	297	133	0	4	-CG
H11_BC95_191109_LF_LIB_consensus_vsearch	993	C	Y	417	17	3.92%	2	1	93	93	6.503109267247564E-6	1	1	301	116	0	17	T
H11_BC95_191109_LF_LIB_consensus_vsearch	994	G	G	430	1	0.23%	2	1	93	93	0.4999999999990043	1	1	299	131	1	0	+CG
H11_BC95_191109_LF_LIB_consensus_vsearch	995	T	*/-C	405	27	6.18%	2	2	93	93	4.899424238601493E-9	1	1	270	135	26	1	-C
H11_BC95_191109_LF_LIB_consensus_vsearch	996	C	C	408	1	0.24%	2	1	93	93	0.4999999999999138	1	1	274	134	1	0	+A
H11_BC95_191109_LF_LIB_consensus_vsearch	997	C	C	431	4	0.91%	2	1	93	93	0.06206871836935933	1	1	299	132	0	4	+T
H11_BC95_191109_LF_LIB_consensus_vsearch	998	T	T	428	5	1.15%	2	2	93	93	0.030889356258247617	1	1	297	131	2	3	C
H11_BC95_191109_LF_LIB_consensus_vsearch	999	G	G	433	2	0.46%	2	1	93	93	0.2497123130030455	1	1	299	134	0	2	+C
H11_BC95_191109_LF_LIB_consensus_vsearch	1000	T	T	424	3	0.69%	2	1	93	93	0.12456037514670402	1	1	291	133	3	0	+C
H11_BC95_191109_LF_LIB_consensus_vsearch	1001	C	C	429	3	0.69%	2	2	93	93	0.12456546929309553	1	1	296	133	1	2	+T
H11_BC95_191109_LF_LIB_consensus_vsearch	1002	A	*/+T	345	73	16.74%	2	2	93	93	3.370513317897701E-24	1	1	213	132	72	1	+T
H11_BC95_191109_LF_LIB_consensus_vsearch	1003	T	T	419	6	1.4%	2	1	93	93	0.015349917324271899	1	1	290	129	0	6	C
H11_BC95_191109_LF_LIB_consensus_vsearch	1004	T	T	433	4	0.91%	2	2	93	93	0.06207069332172113	1	1	298	135	2	2	C
H11_BC95_191109_LF_LIB_consensus_vsearch	1005	T	T	430	3	0.68%	2	1	93	93	0.12456647398843287	1	1	295	135	3	0	C
H11_BC95_191109_LF_LIB_consensus_vsearch	1006	G	*/-C	414	10	2.3%	2	1	93	93	9.255335328018615E-4	1	1	280	134	10	0	-C
H11_BC95_191109_LF_LIB_consensus_vsearch	1007	C	C	419	3	0.71%	2	1	93	93	0.12455516014247174	1	1	286	133	0	3	+T
H11_BC95_191109_LF_LIB_consensus_vsearch	1008	C	C	432	2	0.46%	2	1	93	93	0.2497116493653279	1	1	295	137	2	0	A
H11_BC95_191109_LF_LIB_consensus_vsearch	1009	C	C	431	2	0.46%	2	2	93	93	0.24971098265883573	1	1	296	135	1	1	A
H11_BC95_191109_LF_LIB_consensus_vsearch	1010	G	G	431	2	0.46%	2	1	93	93	0.24971098265883573	1	1	294	137	2	0	+A
H11_BC95_191109_LF_LIB_consensus_vsearch	1011	G	G	435	1	0.23%	2	1	93	93	0.5000000000008233	1	1	298	137	1	0	+C
H11_BC95_191109_LF_LIB_consensus_vsearch	1012	C	C	434	1	0.23%	2	1	93	93	0.4999999999999138	1	1	297	137	1	0	+TTC
H11_BC95_191109_LF_LIB_consensus_vsearch	1013	G	*/-TG	424	8	1.83%	2	2	93	93	0.0037806132981311326	1	1	294	130	1	7	-TG
H11_BC95_191109_LF_LIB_consensus_vsearch	1014	T	T	424	3	0.7%	2	2	93	93	0.12456037514670402	1	1	295	129	2	1	C
H11_BC95_191109_LF_LIB_consensus_vsearch	1015	G	G	420	5	1.17%	2	1	93	93	0.030882571759557657	1	1	290	130	5	0	-C
H11_BC95_191109_LF_LIB_consensus_vsearch	1016	C	C	427	2	0.46%	2	1	93	93	0.24970828471410914	1	1	290	137	2	0	+T
H11_BC95_191109_LF_LIB_consensus_vsearch	1017	C	C	430	3	0.69%	2	1	93	93	0.12456647398843287	1	1	295	135	3	0	T
H11_BC95_191109_LF_LIB_consensus_vsearch	1018	A	*/-CA	412	15	3.45%	2	2	93	93	2.6929497109171117E-5	1	1	296	116	1	14	-CA
H11_BC95_191109_LF_LIB_consensus_vsearch	1019	C	*/-A	382	21	5.02%	2	2	93	93	3.6496416663752166E-7	1	1	268	114	18	3	-A
H11_BC95_191109_LF_LIB_consensus_vsearch	1020	A	A	387	6	1.51%	2	2	93	93	0.015327576567173378	1	1	276	111	3	3	G
H11_BC95_191109_LF_LIB_consensus_vsearch	1021	A	A	423	3	0.69%	2	1	93	93	0.12455934195065375	1	1	297	126	0	3	T
H11_BC95_191109_LF_LIB_consensus_vsearch	1022	G	G	420	5	1.16%	2	1	93	93	0.030882571759557657	1	1	298	122	0	5	T
H11_BC95_191109_LF_LIB_consensus_vsearch	1023	G	G	432	2	0.46%	2	2	93	93	0.2497116493653279	1	1	299	133	1	1	A
H11_BC95_191109_LF_LIB_consensus_vsearch	1024	T	T	427	4	0.91%	2	1	93	93	0.06206471344608787	1	1	291	136	4	0	+C
H11_BC95_191109_LF_LIB_consensus_vsearch	1025	C	C	425	6	1.38%	2	2	93	93	0.015353737770788975	1	1	289	136	5	1	-A
H11_BC95_191109_LF_LIB_consensus_vsearch	1026	A	R	414	7	1.63%	2	1	93	93	0.007618580925465677	1	1	282	132	7	0	G
H11_BC95_191109_LF_LIB_consensus_vsearch	1027	C	C	421	6	1.38%	2	1	93	93	0.01535120270746072	1	1	287	134	6	0	T
H11_BC95_191109_LF_LIB_consensus_vsearch	1028	A	R	420	9	2.06%	2	2	93	93	0.0018720837112055043	1	1	286	134	8	1	G
H11_BC95_191109_LF_LIB_consensus_vsearch	1029	G	R	421	13	2.98%	2	1	93	93	1.1143252502300736E-4	1	1	286	135	13	0	A
H11_BC95_191109_LF_LIB_consensus_vsearch	1030	C	C	429	3	0.69%	2	1	93	93	0.12456546929309553	1	1	294	135	3	0	+GC
H11_BC95_191109_LF_LIB_consensus_vsearch	1031	A	A	422	4	0.92%	2	1	93	93	0.062059601466603075	1	1	291	131	0	4	+T
H11_BC95_191109_LF_LIB_consensus_vsearch	1032	C	*/-G	374	47	10.83%	2	2	93	93	1.824289953541563E-15	1	1	284	90	6	41	-G
H11_BC95_191109_LF_LIB_consensus_vsearch	1033	G	G	379	4	1.04%	2	1	93	93	0.06201012515103793	1	1	288	91	4	0	A
H11_BC95_191109_LF_LIB_consensus_vsearch	1034	G	G	432	1	0.23%	2	1	93	93	0.5000000000008233	1	1	298	134	1	0	+A
H11_BC95_191109_LF_LIB_consensus_vsearch	1035	G	G	437	1	0.23%	2	1	93	93	0.4999999999999138	1	1	300	137	1	0	-A
H11_BC95_191109_LF_LIB_consensus_vsearch	1036	A	A	432	2	0.46%	2	1	93	93	0.2497116493653279	1	1	297	135	0	2	-T
H11_BC95_191109_LF_LIB_consensus_vsearch	1037	T	T	427	4	0.92%	2	2	93	93	0.06206471344608787	1	1	293	134	3	1	C
H11_BC95_191109_LF_LIB_consensus_vsearch	1038	C	C	422	5	1.15%	2	1	93	93	0.030884291702852337	1	1	288	134	5	0	-GC
H11_BC95_191109_LF_LIB_consensus_vsearch	1039	G	G	425	5	1.15%	2	2	93	93	0.03088684163697732	1	1	290	135	4	1	A
H11_BC95_191109_LF_LIB_consensus_vsearch	1040	C	C	423	5	1.15%	2	2	93	93	0.030885145650365813	1	1	290	133	2	3	T
H11_BC95_191109_LF_LIB_consensus_vsearch	1041	A	A	424	5	1.15%	2	1	93	93	0.03088599561913487	1	1	289	135	5	0	G
H11_BC95_191109_LF_LIB_consensus_vsearch	1042	T	T	423	3	0.69%	2	1	93	93	0.12455934195065375	1	1	289	134	3	0	-GC
H11_BC95_191109_LF_LIB_consensus_vsearch	1043	G	R	390	35	8.16%	2	2	93	93	1.4027765147485237E-11	1	1	258	132	34	1	A
H11_BC95_191109_LF_LIB_consensus_vsearch	1044	C	*/-A	408	12	2.79%	2	1	93	93	2.2544581166138029E-4	1	1	293	115	0	12	-A
H11_BC95_191109_LF_LIB_consensus_vsearch	1045	A	A	414	3	0.71%	2	2	93	93	0.12454981992829928	1	1	293	121	1	2	T
H11_BC95_191109_LF_LIB_consensus_vsearch	1046	A	M	424	8	1.83%	2	1	93	93	0.0037806132981311326	1	1	299	125	0	8	C
H11_BC95_191109_LF_LIB_consensus_vsearch	1047	T	Y	411	21	4.85%	2	2	93	93	3.7173750638657204E-7	1	1	297	114	1	20	C
H11_BC95_191109_LF_LIB_consensus_vsearch	1048	T	*/-C	391	17	3.9%	2	1	93	93	6.4358902227566215E-6	1	1	287	104	0	17	-C
H11_BC95_191109_LF_LIB_consensus_vsearch	1049	C	*/-G	393	13	3.14%	2	2	93	93	1.1072307945535491E-4	1	1	289	104	3	10	-G
H11_BC95_191109_LF_LIB_consensus_vsearch	1050	G	R	402	10	2.41%	2	1	93	93	9.240709968804184E-4	1	1	282	120	10	0	A
H11_BC95_191109_LF_LIB_consensus_vsearch	1051	G	*/-A	368	64	14.75%	2	1	93	93	4.357047670917511E-21	1	1	233	135	64	0	-A
H11_BC95_191109_LF_LIB_consensus_vsearch	1052	A	A	370	2	0.54%	2	2	93	93	0.24966352624485505	1	1	235	135	1	1	G
H11_BC95_191109_LF_LIB_consensus_vsearch	1053	G	*/-T	421	13	2.98%	2	1	93	93	1.1143252502300736E-4	1	1	285	136	13	0	-T
H11_BC95_191109_LF_LIB_consensus_vsearch	1054	T	T	415	4	0.95%	2	2	93	93	0.06205223960684896	1	1	282	133	1	3	C
H11_BC95_191109_LF_LIB_consensus_vsearch	1055	T	T	435	2	0.46%	2	1	93	93	0.24971363115699957	1	1	298	137	2	0	+G
H11_BC95_191109_LF_LIB_consensus_vsearch	1056	T	T	428	6	1.37%	2	2	93	93	0.015355608474412826	1	1	298	130	1	5	+G
H11_BC95_191109_LF_LIB_consensus_vsearch	1057	G	G	436	1	0.23%	2	1	93	93	0.5000000000008233	1	1	300	136	0	1	-A
H11_BC95_191109_LF_LIB_consensus_vsearch	1058	A	*/+G	412	12	2.75%	2	1	93	93	2.2561765155391507E-4	1	1	279	133	12	0	+G
H11_BC95_191109_LF_LIB_consensus_vsearch	1059	G	G	421	4	0.93%	2	2	93	93	0.06205856462850021	1	1	289	132	2	2	-A
H11_BC95_191109_LF_LIB_consensus_vsearch	1060	A	A	420	5	1.17%	2	2	93	93	0.030882571759557657	1	1	290	130	4	1	G
H11_BC95_191109_LF_LIB_consensus_vsearch	1061	A	A	421	6	1.38%	2	2	93	93	0.01535120270746072	1	1	287	134	5	1	G
H11_BC95_191109_LF_LIB_consensus_vsearch	1062	T	T	420	6	1.37%	2	1	93	93	0.01535056152092204	1	1	293	127	6	0	+A
H11_BC95_191109_LF_LIB_consensus_vsearch	1063	G	*/-A	421	10	2.28%	2	2	93	93	9.263496519144309E-4	1	1	288	133	9	1	-A
H11_BC95_191109_LF_LIB_consensus_vsearch	1064	A	A	413	4	0.94%	2	1	93	93	0.06205009079450623	1	1	281	132	4	0	+G
H11_BC95_191109_LF_LIB_consensus_vsearch	1065	G	G	429	3	0.69%	2	1	93	93	0.12456546929309553	1	1	294	135	3	0	-C
H11_BC95_191109_LF_LIB_consensus_vsearch	1066	C	C	427	2	0.46%	2	1	93	93	0.24970828471410914	1	1	294	133	0	2	+T
H11_BC95_191109_LF_LIB_consensus_vsearch	1067	C	C	420	6	1.37%	2	2	93	93	0.01535056152092204	1	1	292	128	1	5	T
H11_BC95_191109_LF_LIB_consensus_vsearch	1068	G	*/-A	414	10	2.3%	2	1	93	93	9.255335328018615E-4	1	1	278	136	10	0	-A
H11_BC95_191109_LF_LIB_consensus_vsearch	1069	A	A	409	6	1.4%	2	2	93	93	0.015343305027818941	1	1	279	130	2	4	-G
H11_BC95_191109_LF_LIB_consensus_vsearch	1070	G	G	425	2	0.46%	2	1	93	93	0.24970691676425003	1	1	292	133	2	0	+AG
H11_BC95_191109_LF_LIB_consensus_vsearch	1071	G	*/-C	423	7	1.6%	2	2	93	93	0.007622620571895094	1	1	288	135	5	2	-C
H11_BC95_191109_LF_LIB_consensus_vsearch	1072	C	C	424	2	0.46%	2	1	93	93	0.24970622796748032	1	1	289	135	2	0	A
H11_BC95_191109_LF_LIB_consensus_vsearch	1073	C	C	423	6	1.37%	2	2	93	93	0.015352476134252922	1	1	290	133	5	1	T
H11_BC95_191109_LF_LIB_consensus_vsearch	1074	A	A	422	5	1.15%	2	2	93	93	0.030884291702852337	1	1	291	131	3	2	G
H11_BC95_191109_LF_LIB_consensus_vsearch	1075	T	Y	419	9	2.07%	2	2	93	93	0.0018718964903564012	1	1	291	128	3	6	C
H11_BC95_191109_LF_LIB_consensus_vsearch	1076	G	G	428	4	0.92%	2	1	93	93	0.06206572163388339	1	1	294	134	4	0	-A
H11_BC95_191109_LF_LIB_consensus_vsearch	1077	A	A	429	2	0.46%	2	1	93	93	0.2497096399537788	1	1	294	135	2	0	+T
H11_BC95_191109_LF_LIB_consensus_vsearch	1078	T	T	430	3	0.69%	2	2	93	93	0.12456647398843287	1	1	298	132	1	2	-G
H11_BC95_191109_LF_LIB_consensus_vsearch	1079	G	G	432	1	0.23%	2	1	93	93	0.5000000000008233	1	1	298	134	1	0	+AT
H11_BC95_191109_LF_LIB_consensus_vsearch	1080	G	*/-C	400	18	4.12%	2	2	93	93	3.1642619555543713E-6	1	1	266	134	17	1	-C
H11_BC95_191109_LF_LIB_consensus_vsearch	1081	C	C	407	1	0.24%	2	1	93	93	0.5000000000008233	1	1	271	136	1	0	+GTA
H11_BC95_191109_LF_LIB_consensus_vsearch	1082	C	C	421	4	0.94%	2	1	93	93	0.06205856462850021	1	1	285	136	4	0	T
H11_BC95_191109_LF_LIB_consensus_vsearch	1083	C	Y	421	12	2.76%	2	2	93	93	2.259929805737435E-4	1	1	290	131	7	5	T
H11_BC95_191109_LF_LIB_consensus_vsearch	1084	C	Y	384	32	7.31%	2	2	93	93	1.2527845155959823E-10	1	1	287	97	10	22	T
H11_BC95_191109_LF_LIB_consensus_vsearch	1085	G	G	426	6	1.37%	2	1	93	93	0.015354364218716944	1	1	289	137	6	0	-A
H11_BC95_191109_LF_LIB_consensus_vsearch	1086	A	A	423	6	1.39%	2	2	93	93	0.015352476134252922	1	1	288	135	5	1	G
H11_BC95_191109_LF_LIB_consensus_vsearch	1087	G	G	430	3	0.69%	2	1	93	93	0.12456647398843287	1	1	293	137	3	0	+A
H11_BC95_191109_LF_LIB_consensus_vsearch	1088	A	A	429	5	1.15%	2	1	93	93	0.030890186744528703	1	1	292	137	5	0	G
H11_BC95_191109_LF_LIB_consensus_vsearch	1089	C	C	424	4	0.92%	2	1	93	93	0.06206166059929218	1	1	290	134	4	0	-G
H11_BC95_191109_LF_LIB_consensus_vsearch	1090	G	*/-C	357	35	8.1%	2	2	93	93	1.31540152472235E-11	1	1	223	134	33	2	-C
H11_BC95_191109_LF_LIB_consensus_vsearch	1091	C	C	394	3	0.75%	2	1	93	93	0.1245271122321419	1	1	260	134	3	0	A
H11_BC95_191109_LF_LIB_consensus_vsearch	1092	C	C	430	2	0.46%	2	1	93	93	0.24971031286224527	1	1	295	135	0	2	+T
H11_BC95_191109_LF_LIB_consensus_vsearch	1093	T	T	426	3	0.69%	2	1	93	93	0.1245624270712429	1	1	292	134	3	0	-A
H11_BC95_191109_LF_LIB_consensus_vsearch	1094	A	A	433	1	0.23%	2	1	93	93	0.4999999999999138	1	1	296	137	1	0	C
H11_BC95_191109_LF_LIB_consensus_vsearch	1095	A	A	434	3	0.68%	2	2	93	93	0.12457044673541934	1	1	299	135	2	1	G
H11_BC95_191109_LF_LIB_consensus_vsearch	1096	T	T	431	2	0.46%	2	1	93	93	0.24971098265883573	1	1	297	134	2	0	+CC
H11_BC95_191109_LF_LIB_consensus_vsearch	1097	C	C	428	2	0.46%	2	1	93	93	0.24970896391120487	1	1	293	135	2	0	-A
H11_BC95_191109_LF_LIB_consensus_vsearch	1098	A	A	425	3	0.69%	2	2	93	93	0.12456140350894482	1	1	290	135	2	1	G
H11_BC95_191109_LF_LIB_consensus_vsearch	1099	T	T	424	5	1.15%	2	2	93	93	0.03088599561913487	1	1	292	132	4	1	C
H11_BC95_191109_LF_LIB_consensus_vsearch	1100	T	T	429	3	0.69%	2	2	93	93	0.12456546929309553	1	1	296	133	1	2	C
H11_BC95_191109_LF_LIB_consensus_vsearch	1101	C	C	417	5	1.15%	2	1	93	93	0.03087996129559998	1	1	283	134	5	0	+G
H11_BC95_191109_LF_LIB_consensus_vsearch	1102	G	G	424	6	1.38%	2	1	93	93	0.015353108416041601	1	1	294	130	0	6	+C
H11_BC95_191109_LF_LIB_consensus_vsearch	1103	C	*/-T	423	7	1.61%	2	2	93	93	0.007622620571895094	1	1	294	129	1	6	-T
H11_BC95_191109_LF_LIB_consensus_vsearch	1104	T	T	414	6	1.4%	2	2	93	93	0.01534665043910028	1	1	291	123	3	3	C
H11_BC95_191109_LF_LIB_consensus_vsearch	1105	C	*/+T	420	7	1.61%	2	1	93	93	0.007621292853586086	1	1	297	123	0	7	+T
H11_BC95_191109_LF_LIB_consensus_vsearch	1106	T	Y	419	8	1.86%	2	2	93	93	0.0037791534811211507	1	1	294	125	2	6	C
H11_BC95_191109_LF_LIB_consensus_vsearch	1107	A	R	416	8	1.85%	2	2	93	93	0.003778261194268045	1	1	284	132	7	1	G
H11_BC95_191109_LF_LIB_consensus_vsearch	1108	C	C	422	3	0.7%	2	2	93	93	0.12455830388715546	1	1	293	129	1	2	T
H11_BC95_191109_LF_LIB_consensus_vsearch	1109	C	Y	404	16	3.67%	2	2	93	93	1.3191918461060696E-5	1	1	283	121	2	14	T
H11_BC95_191109_LF_LIB_consensus_vsearch	1110	G	S	410	12	2.77%	2	1	93	93	2.255321281093224E-4	1	1	275	135	12	0	C
H11_BC95_191109_LF_LIB_consensus_vsearch	1111	C	C	424	6	1.38%	2	1	93	93	0.015353108416041601	1	1	288	136	6	0	+G
H11_BC95_191109_LF_LIB_consensus_vsearch	1112	A	R	422	8	1.84%	2	1	93	93	0.003780033413733114	1	1	289	133	8	0	G
H11_BC95_191109_LF_LIB_consensus_vsearch	1113	G	G	423	3	0.69%	2	1	93	93	0.12455934195065375	1	1	295	128	0	3	-TG
H11_BC95_191109_LF_LIB_consensus_vsearch	1114	T	T	423	2	0.47%	2	1	93	93	0.24970553592454253	1	1	296	127	0	2	C
H11_BC95_191109_LF_LIB_consensus_vsearch	1115	G	G	423	2	0.47%	2	1	93	93	0.24970553592454253	1	1	294	129	2	0	-CAAC
H11_BC95_191109_LF_LIB_consensus_vsearch	1116	C	C	423	4	0.93%	2	2	93	93	0.06206063344550859	1	1	294	129	3	1	-A
H11_BC95_191109_LF_LIB_consensus_vsearch	1117	A	A	424	1	0.24%	2	1	93	93	0.4999999999999138	1	1	293	131	1	0	+G
H11_BC95_191109_LF_LIB_consensus_vsearch	1118	A	R	415	10	2.3%	2	1	93	93	9.256517413502841E-4	1	1	285	130	10	0	G
H11_BC95_191109_LF_LIB_consensus_vsearch	1119	C	C	428	2	0.46%	2	1	93	93	0.24970896391120487	1	1	293	135	2	0	-T
H11_BC95_191109_LF_LIB_consensus_vsearch	1120	T	Y	424	9	2.07%	2	2	93	93	0.0018728240442215458	1	1	297	127	1	8	C
H11_BC95_191109_LF_LIB_consensus_vsearch	1121	G	G	436	1	0.23%	2	1	93	93	0.5000000000008233	1	1	300	136	1	0	-A
H11_BC95_191109_LF_LIB_consensus_vsearch	1122	A	A	430	3	0.69%	2	2	93	93	0.12456647398843287	1	1	296	134	1	2	-CTC
H11_BC95_191109_LF_LIB_consensus_vsearch	1123	C	C	430	3	0.69%	2	1	93	93	0.12456647398843287	1	1	299	131	0	3	+T
H11_BC95_191109_LF_LIB_consensus_vsearch	1124	T	*/-C	415	15	3.45%	2	1	93	93	2.6953413247305517E-5	1	1	297	118	0	15	-C
H11_BC95_191109_LF_LIB_consensus_vsearch	1125	C	*/-TC	405	13	3.1%	2	2	93	93	1.1103838422487234E-4	1	1	298	107	1	12	-TC
H11_BC95_191109_LF_LIB_consensus_vsearch	1126	T	T	417	4	0.94%	2	1	93	93	0.06205436799087533	1	1	292	125	4	0	+C
H11_BC95_191109_LF_LIB_consensus_vsearch	1127	C	C	415	4	0.95%	2	2	93	93	0.06205223960684896	1	1	294	121	3	1	+TC
H11_BC95_191109_LF_LIB_consensus_vsearch	1128	A	A	429	3	0.69%	2	2	93	93	0.12456546929309553	1	1	297	132	1	2	G
H11_BC95_191109_LF_LIB_consensus_vsearch	1129	A	A	431	5	1.14%	2	2	93	93	0.03089183629518613	1	1	298	133	3	2	G
H11_BC95_191109_LF_LIB_consensus_vsearch	1130	T	Y	417	7	1.6%	2	2	93	93	0.007619946437356769	1	1	285	132	6	1	C
H11_BC95_191109_LF_LIB_consensus_vsearch	1131	A	*/-G	389	35	8.05%	2	2	93	93	1.4002602667969764E-11	1	1	274	115	20	15	-G
H11_BC95_191109_LF_LIB_consensus_vsearch	1132	G	R	381	17	4.24%	2	1	93	93	6.407855928137532E-6	1	1	261	120	17	0	A
H11_BC95_191109_LF_LIB_consensus_vsearch	1133	G	*/-A	418	9	2.05%	2	1	93	93	0.0018717084025872061	1	1	288	130	9	0	-A
H11_BC95_191109_LF_LIB_consensus_vsearch	1134	A	*/+C	410	12	2.8%	2	1	93	93	2.255321281093224E-4	1	1	273	137	12	0	+C
H11_BC95_191109_LF_LIB_consensus_vsearch	1135	A	A	432	3	0.69%	2	1	93	93	0.12456846950514457	1	1	295	137	3	0	G
H11_BC95_191109_LF_LIB_consensus_vsearch	1136	C	*/+AC	394	27	6.18%	2	1	93	93	4.844313675552528E-9	1	1	260	134	27	0	+AC
H11_BC95_191109_LF_LIB_consensus_vsearch	1137	G	S	367	41	9.51%	2	1	93	93	1.578869071272092E-13	1	1	233	134	41	0	C
H11_BC95_191109_LF_LIB_consensus_vsearch	1138	C	Y	420	8	1.84%	2	1	93	93	0.003779448151948946	1	1	285	135	8	0	T
H11_BC95_191109_LF_LIB_consensus_vsearch	1139	A	A	420	6	1.38%	2	1	93	93	0.01535056152092204	1	1	285	135	6	0	-G
H11_BC95_191109_LF_LIB_consensus_vsearch	1140	G	G	417	6	1.4%	2	2	93	93	0.015348619815559206	1	1	282	135	5	1	A
H11_BC95_191109_LF_LIB_consensus_vsearch	1141	C	C	419	6	1.37%	2	1	93	93	0.015349917324271899	1	1	285	134	6	0	A
H11_BC95_191109_LF_LIB_consensus_vsearch	1142	T	T	429	4	0.92%	2	2	93	93	0.062066725162242674	1	1	296	133	3	1	C
H11_BC95_191109_LF_LIB_consensus_vsearch	1143	A	A	431	2	0.46%	2	1	93	93	0.24971098265883573	1	1	296	135	2	0	C
H11_BC95_191109_LF_LIB_consensus_vsearch	1144	T	*/-C	388	36	8.24%	2	1	93	93	6.699892297472245E-12	1	1	251	137	36	0	-C
H11_BC95_191109_LF_LIB_consensus_vsearch	1145	C	C	401	1	0.25%	2	1	93	93	0.5000000000008233	1	1	264	137	1	0	G
H11_BC95_191109_LF_LIB_consensus_vsearch	1146	C	C	434	2	0.46%	2	2	93	93	0.24971297359331265	1	1	298	136	1	1	-TG
H11_BC95_191109_LF_LIB_consensus_vsearch	1147	T	*/+G	420	9	2.06%	2	2	93	93	0.0018720837112055043	1	1	294	126	1	8	+G
H11_BC95_191109_LF_LIB_consensus_vsearch	1148	G	*/-AG	409	11	2.53%	2	1	93	93	4.5695495811152217E-4	1	1	273	136	11	0	-AG
H11_BC95_191109_LF_LIB_consensus_vsearch	1149	A	*/-G	225	124	29.67%	2	2	93	93	7.280352701331563E-44	1	1	119	106	97	27	-G
H11_BC95_191109_LF_LIB_consensus_vsearch	1150	G	G	251	2	0.78%	2	1	93	93	0.24950495049494414	1	1	143	108	2	0	A
H11_BC95_191109_LF_LIB_consensus_vsearch	1151	G	G	392	1	0.25%	2	1	93	93	0.4999999999990043	1	1	255	137	1	0	T
H11_BC95_191109_LF_LIB_consensus_vsearch	1152	G	G	402	3	0.73%	2	2	93	93	0.1245364647713705	1	1	269	133	1	2	+A
H11_BC95_191109_LF_LIB_consensus_vsearch	1153	A	A	406	1	0.25%	2	1	93	93	0.4999999999999138	1	1	272	134	0	1	G
H11_BC95_191109_LF_LIB_consensus_vsearch	1154	A	A	432	4	0.92%	2	2	93	93	0.06206970811168755	1	1	298	134	1	3	G
H11_BC95_191109_LF_LIB_consensus_vsearch	1155	A	R	417	14	3.2%	2	1	93	93	5.4827805419876506E-5	1	1	284	133	14	0	G
H11_BC95_191109_LF_LIB_consensus_vsearch	1156	C	*/-T	397	24	5.5%	2	2	93	93	4.2541714349285464E-8	1	1	287	110	4	20	-T
H11_BC95_191109_LF_LIB_consensus_vsearch	1157	T	T	398	2	0.5%	2	1	93	93	0.249687108886017	1	1	287	111	0	2	+C
H11_BC95_191109_LF_LIB_consensus_vsearch	1158	T	*/+C	375	22	5.16%	2	1	93	93	1.7678958990507014E-7	1	1	263	112	22	0	+C
H11_BC95_191109_LF_LIB_consensus_vsearch	1159	C	*/-G	372	31	7.45%	2	1	93	93	2.556197478762991E-10	1	1	288	84	0	31	-G
H11_BC95_191109_LF_LIB_consensus_vsearch	1160	G	G	392	3	0.75%	2	1	93	93	0.12452471482865957	1	1	294	98	3	0	+A
H11_BC95_191109_LF_LIB_consensus_vsearch	1161	G	G	433	1	0.23%	2	1	93	93	0.4999999999999138	1	1	297	136	1	0	+A
H11_BC95_191109_LF_LIB_consensus_vsearch	1162	A	*/-G	302	108	24.83%	2	2	93	93	8.98209516092751E-37	1	1	201	101	74	34	-G
H11_BC95_191109_LF_LIB_consensus_vsearch	1163	G	*/+AG	304	9	2.82%	2	1	93	93	0.0018425109022510314	1	1	205	99	9	0	+AG
H11_BC95_191109_LF_LIB_consensus_vsearch	1164	G	G	422	5	1.17%	2	1	93	93	0.030884291702852337	1	1	287	135	5	0	A
H11_BC95_191109_LF_LIB_consensus_vsearch	1165	G	*/-A	424	8	1.83%	2	2	93	93	0.0037806132981311326	1	1	292	132	7	1	-A
H11_BC95_191109_LF_LIB_consensus_vsearch	1166	A	A	424	3	0.7%	2	2	93	93	0.12456037514670402	1	1	290	134	1	2	G
H11_BC95_191109_LF_LIB_consensus_vsearch	1167	A	A	430	3	0.69%	2	1	93	93	0.12456647398843287	1	1	295	135	3	0	-C
H11_BC95_191109_LF_LIB_consensus_vsearch	1168	C	C	431	1	0.23%	2	1	93	93	0.4999999999999138	1	1	297	134	0	1	+T
H11_BC95_191109_LF_LIB_consensus_vsearch	1169	C	C	432	2	0.46%	2	1	93	93	0.2497116493653279	1	1	298	134	2	0	+A
H11_BC95_191109_LF_LIB_consensus_vsearch	1170	A	A	432	3	0.69%	2	1	93	93	0.12456846950514457	1	1	297	135	3	0	G
H11_BC95_191109_LF_LIB_consensus_vsearch	1171	G	G	431	4	0.92%	2	1	93	93	0.06206871836935933	1	1	295	136	4	0	A
H11_BC95_191109_LF_LIB_consensus_vsearch	1172	C	C	434	2	0.46%	2	1	93	93	0.24971297359331265	1	1	298	136	2	0	A
H11_BC95_191109_LF_LIB_consensus_vsearch	1173	C	C	431	4	0.91%	2	2	93	93	0.06206871836935933	1	1	295	136	3	1	T
H11_BC95_191109_LF_LIB_consensus_vsearch	1174	A	R	423	9	2.06%	2	1	93	93	0.0018726402317850155	1	1	288	135	9	0	G
H11_BC95_191109_LF_LIB_consensus_vsearch	1175	T	T	428	4	0.92%	2	1	93	93	0.06206572163388339	1	1	293	135	4	0	G
H11_BC95_191109_LF_LIB_consensus_vsearch	1176	T	*/+G	415	14	3.2%	2	1	93	93	5.479995734771002E-5	1	1	280	135	14	0	+G
H11_BC95_191109_LF_LIB_consensus_vsearch	1177	A	*/-G	409	14	3.22%	2	1	93	93	5.471489498497953E-5	1	1	274	135	14	0	-G
H11_BC95_191109_LF_LIB_consensus_vsearch	1178	G	G	418	2	0.47%	2	1	93	93	0.24970202622115176	1	1	281	137	2	0	+A
H11_BC95_191109_LF_LIB_consensus_vsearch	1179	A	R	425	7	1.61%	2	1	93	93	0.007623495521158642	1	1	289	136	7	0	G
H11_BC95_191109_LF_LIB_consensus_vsearch	1180	C	C	427	3	0.69%	2	2	93	93	0.12456344586746677	1	1	294	133	1	2	T
H11_BC95_191109_LF_LIB_consensus_vsearch	1181	G	R	416	16	3.69%	2	1	93	93	1.3246346964115331E-5	1	1	281	135	16	0	A
H11_BC95_191109_LF_LIB_consensus_vsearch	1182	G	G	428	3	0.69%	2	1	93	93	0.12456445993035366	1	1	292	136	3	0	+T
H11_BC95_191109_LF_LIB_consensus_vsearch	1183	T	T	431	4	0.92%	2	1	93	93	0.06206871836935933	1	1	299	132	0	4	+C
H11_BC95_191109_LF_LIB_consensus_vsearch	1184	T	T	430	4	0.91%	2	1	93	93	0.062067724063454545	1	1	298	132	0	4	-C
H11_BC95_191109_LF_LIB_consensus_vsearch	1185	C	C	427	4	0.92%	2	2	93	93	0.06206471344608787	1	1	300	127	1	3	+G
H11_BC95_191109_LF_LIB_consensus_vsearch	1186	G	G	433	2	0.46%	2	1	93	93	0.2497123130030455	1	1	296	137	2	0	-A
H11_BC95_191109_LF_LIB_consensus_vsearch	1187	A	A	432	2	0.46%	2	1	93	93	0.2497116493653279	1	1	298	134	0	2	G
H11_BC95_191109_LF_LIB_consensus_vsearch	1188	T	T	422	4	0.91%	2	1	93	93	0.062059601466603075	1	1	286	136	4	0	+A
H11_BC95_191109_LF_LIB_consensus_vsearch	1189	A	R	377	44	10.16%	2	2	93	93	1.7374314719222677E-14	1	1	251	126	42	2	G
H11_BC95_191109_LF_LIB_consensus_vsearch	1190	G	G	428	2	0.46%	2	1	93	93	0.24970896391120487	1	1	293	135	2	0	+A
H11_BC95_191109_LF_LIB_consensus_vsearch	1191	G	*/+T	419	10	2.29%	2	1	93	93	9.261191504201837E-4	1	1	298	121	0	10	+T
H11_BC95_191109_LF_LIB_consensus_vsearch	1192	T	*/-CTT	416	10	2.31%	2	1	93	93	9.257694036262042E-4	1	1	296	120	0	10	-CTT
H11_BC95_191109_LF_LIB_consensus_vsearch	1193	C	*/-T	381	24	5.65%	2	2	93	93	4.196179786620246E-8	1	1	293	88	2	22	-T
H11_BC95_191109_LF_LIB_consensus_vsearch	1194	T	Y	390	7	1.75%	2	2	93	93	0.007606917708857565	1	1	293	97	3	4	C
H11_BC95_191109_LF_LIB_consensus_vsearch	1195	T	T	421	1	0.24%	2	1	93	93	0.4999999999999138	1	1	297	124	1	0	+C
H11_BC95_191109_LF_LIB_consensus_vsearch	1196	T	T	433	2	0.46%	2	2	93	93	0.2497123130030455	1	1	298	135	1	1	C
H11_BC95_191109_LF_LIB_consensus_vsearch	1197	C	*/-G	411	8	1.83%	2	2	93	93	0.003776745880714396	1	1	284	127	7	1	-G
H11_BC95_191109_LF_LIB_consensus_vsearch	1198	G	*/-C	300	95	22.41%	2	2	93	93	4.0309503819430505E-32	1	1	181	119	84	11	-C
H11_BC95_191109_LF_LIB_consensus_vsearch	1199	C	C	312	6	1.84%	2	2	93	93	0.015257653850701578	1	1	194	118	2	4	T
H11_BC95_191109_LF_LIB_consensus_vsearch	1200	C	C	417	4	0.95%	2	1	93	93	0.06205436799087533	1	1	281	136	4	0	T
H11_BC95_191109_LF_LIB_consensus_vsearch	1201	C	Y	413	8	1.88%	2	2	93	93	0.0037773562911889175	1	1	282	131	6	2	T
H11_BC95_191109_LF_LIB_consensus_vsearch	1202	C	*/-T	421	10	2.29%	2	2	93	93	9.263496519144309E-4	1	1	294	127	3	7	-T
H11_BC95_191109_LF_LIB_consensus_vsearch	1203	T	T	422	2	0.47%	2	1	93	93	0.2497048406136616	1	1	293	129	2	0	-A
H11_BC95_191109_LF_LIB_consensus_vsearch	1204	A	A	430	1	0.23%	2	1	93	93	0.4999999999990043	1	1	295	135	0	1	+C
H11_BC95_191109_LF_LIB_consensus_vsearch	1205	T	T	421	5	1.15%	2	1	93	93	0.030883433748668913	1	1	284	137	5	0	-AC
H11_BC95_191109_LF_LIB_consensus_vsearch	1206	A	R	392	21	4.93%	2	1	93	93	3.673956661066451E-7	1	1	259	133	21	0	G
H11_BC95_191109_LF_LIB_consensus_vsearch	1207	C	C	414	3	0.71%	2	2	93	93	0.12454981992829928	1	1	281	133	2	1	+T
H11_BC95_191109_LF_LIB_consensus_vsearch	1208	C	S	425	9	2.06%	2	1	93	93	0.0018730070190884252	1	1	288	137	9	0	G
H11_BC95_191109_LF_LIB_consensus_vsearch	1209	C	C	430	2	0.46%	2	2	93	93	0.24971031286224527	1	1	295	135	1	1	-A
H11_BC95_191109_LF_LIB_consensus_vsearch	1210	A	A	427	3	0.69%	2	1	93	93	0.12456344586746677	1	1	293	134	3	0	G
H11_BC95_191109_LF_LIB_consensus_vsearch	1211	G	G	430	2	0.46%	2	1	93	93	0.24971031286224527	1	1	294	136	2	0	+A
H11_BC95_191109_LF_LIB_consensus_vsearch	1212	G	G	430	4	0.92%	2	2	93	93	0.062067724063454545	1	1	295	135	3	1	-T
H11_BC95_191109_LF_LIB_consensus_vsearch	1213	T	T	430	3	0.69%	2	2	93	93	0.12456647398843287	1	1	295	135	2	1	C
H11_BC95_191109_LF_LIB_consensus_vsearch	1214	T	T	431	4	0.91%	2	1	93	93	0.06206871836935933	1	1	294	137	4	0	C
H11_BC95_191109_LF_LIB_consensus_vsearch	1215	A	A	434	1	0.23%	2	1	93	93	0.4999999999999138	1	1	297	137	1	0	+C
H11_BC95_191109_LF_LIB_consensus_vsearch	1216	C	C	432	3	0.69%	2	2	93	93	0.12456846950514457	1	1	297	135	2	1	T
H11_BC95_191109_LF_LIB_consensus_vsearch	1217	G	*/-CG	419	13	2.97%	2	2	93	93	1.1138480342819209E-4	1	1	294	125	3	10	-CG
H11_BC95_191109_LF_LIB_consensus_vsearch	1218	C	C	418	2	0.47%	2	2	93	93	0.24970202622115176	1	1	294	124	1	1	T
H11_BC95_191109_LF_LIB_consensus_vsearch	1219	G	G	420	4	0.94%	2	1	93	93	0.062057522896676466	1	1	293	127	4	0	-A
H11_BC95_191109_LF_LIB_consensus_vsearch	1220	A	A	431	2	0.46%	2	1	93	93	0.24971098265883573	1	1	296	135	0	2	-T
H11_BC95_191109_LF_LIB_consensus_vsearch	1221	T	T	432	3	0.69%	2	1	93	93	0.12456846950514457	1	1	298	134	3	0	C
H11_BC95_191109_LF_LIB_consensus_vsearch	1222	C	C	430	5	1.14%	2	1	93	93	0.030891013414769866	1	1	295	135	5	0	-G
H11_BC95_191109_LF_LIB_consensus_vsearch	1223	G	*/-A	399	27	6.24%	2	1	93	93	4.869650820073079E-9	1	1	262	137	27	0	-A
H11_BC95_191109_LF_LIB_consensus_vsearch	1224	A	*/-T	363	29	7.18%	2	2	93	93	1.0881487866993488E-9	1	1	241	122	21	8	-T
H11_BC95_191109_LF_LIB_consensus_vsearch	1225	T	K	371	26	6.48%	2	2	93	93	9.761635491195014E-9	1	1	246	125	25	1	G
H11_BC95_191109_LF_LIB_consensus_vsearch	1226	T	Y	420	9	2.06%	2	1	93	93	0.0018720837112055043	1	1	294	126	0	9	C
H11_BC95_191109_LF_LIB_consensus_vsearch	1227	T	K	418	7	1.61%	2	1	93	93	0.007620397344640596	1	1	295	123	0	7	G
H11_BC95_191109_LF_LIB_consensus_vsearch	1228	G	G	430	2	0.46%	2	1	93	93	0.24971031286224527	1	1	296	134	2	0	A
H11_BC95_191109_LF_LIB_consensus_vsearch	1229	C	*/-AC	376	48	11.03%	2	1	93	93	8.674173801164864E-16	1	1	248	128	48	0	-AC
H11_BC95_191109_LF_LIB_consensus_vsearch	1230	A	A	379	5	1.29%	2	1	93	93	0.030843367333892417	1	1	250	129	0	5	+T
H11_BC95_191109_LF_LIB_consensus_vsearch	1231	C	C	384	2	0.52%	2	1	93	93	0.24967574578483906	1	1	248	136	2	0	+AC
H11_BC95_191109_LF_LIB_consensus_vsearch	1232	G	G	428	3	0.69%	2	1	93	93	0.12456445993035366	1	1	296	132	0	3	+C
H11_BC95_191109_LF_LIB_consensus_vsearch	1233	T	*/+C	416	17	3.89%	2	1	93	93	6.500663914761803E-6	1	1	283	133	17	0	+C
H11_BC95_191109_LF_LIB_consensus_vsearch	1234	C	*/+A	419	14	3.21%	2	1	93	93	5.485540608158622E-5	1	1	285	134	14	0	+A
H11_BC95_191109_LF_LIB_consensus_vsearch	1235	A	*/-G	410	13	2.98%	2	1	93	93	1.111646524937665E-4	1	1	280	130	13	0	-G
H11_BC95_191109_LF_LIB_consensus_vsearch	1236	G	*/-A	408	8	1.89%	2	2	93	93	0.0037758193480112623	1	1	278	130	4	4	-A
H11_BC95_191109_LF_LIB_consensus_vsearch	1237	A	A	422	3	0.7%	2	1	93	93	0.12455830388715546	1	1	294	128	0	3	G
H11_BC95_191109_LF_LIB_consensus_vsearch	1238	A	R	413	15	3.46%	2	1	93	93	2.693750469087132E-5	1	1	280	133	15	0	G
H11_BC95_191109_LF_LIB_consensus_vsearch	1239	T	T	424	5	1.15%	2	1	93	93	0.03088599561913487	1	1	294	130	0	5	C
H11_BC95_191109_LF_LIB_consensus_vsearch	1240	C	C	416	6	1.38%	2	2	93	93	0.015347966460357092	1	1	289	127	5	1	-G
H11_BC95_191109_LF_LIB_consensus_vsearch	1241	G	G	422	1	0.24%	2	1	93	93	0.5000000000008233	1	1	290	132	1	0	+C
H11_BC95_191109_LF_LIB_consensus_vsearch	1242	C	*/-TA	405	9	2.08%	2	1	93	93	0.0018691815479874114	1	1	282	123	0	9	-TA
H11_BC95_191109_LF_LIB_consensus_vsearch	1243	T	Y	399	12	2.81%	2	2	93	93	2.2504727237570137E-4	1	1	281	118	6	6	C
H11_BC95_191109_LF_LIB_consensus_vsearch	1244	A	R	386	18	4.31%	2	2	93	93	3.143375425577397E-6	1	1	265	121	15	3	G
H11_BC95_191109_LF_LIB_consensus_vsearch	1245	C	C	412	6	1.41%	2	1	93	93	0.015345321855146865	1	1	276	136	6	0	+G
H11_BC95_191109_LF_LIB_consensus_vsearch	1246	A	R	405	17	3.91%	2	2	93	93	6.473048763994588E-6	1	1	272	133	16	1	G
H11_BC95_191109_LF_LIB_consensus_vsearch	1247	G	G	426	3	0.7%	2	1	93	93	0.1245624270712429	1	1	292	134	3	0	+A
H11_BC95_191109_LF_LIB_consensus_vsearch	1248	G	*/-C	424	8	1.83%	2	2	93	93	0.0037806132981311326	1	1	293	131	4	4	-C
H11_BC95_191109_LF_LIB_consensus_vsearch	1249	C	C	422	3	0.7%	2	2	93	93	0.12455830388715546	1	1	290	132	2	1	A
H11_BC95_191109_LF_LIB_consensus_vsearch	1250	C	C	432	2	0.46%	2	1	93	93	0.2497116493653279	1	1	298	134	0	2	-TC
H11_BC95_191109_LF_LIB_consensus_vsearch	1251	T	*/-C	412	9	2.07%	2	2	93	93	0.001870561328848028	1	1	282	130	7	2	-C
H11_BC95_191109_LF_LIB_consensus_vsearch	1252	C	C	424	1	0.24%	2	1	93	93	0.4999999999999138	1	1	292	132	0	1	G
H11_BC95_191109_LF_LIB_consensus_vsearch	1253	C	C	432	3	0.69%	2	1	93	93	0.12456846950514457	1	1	296	136	3	0	-AC
H11_BC95_191109_LF_LIB_consensus_vsearch	1254	A	A	429	2	0.46%	2	2	93	93	0.2497096399537788	1	1	293	136	1	1	-C
H11_BC95_191109_LF_LIB_consensus_vsearch	1255	C	C	427	2	0.46%	2	1	93	93	0.24970828471410914	1	1	294	133	2	0	+AC
H11_BC95_191109_LF_LIB_consensus_vsearch	1256	C	C	433	3	0.68%	2	1	93	93	0.12456946039042152	1	1	297	136	3	0	T
H11_BC95_191109_LF_LIB_consensus_vsearch	1257	A	A	429	4	0.92%	2	1	93	93	0.062066725162242674	1	1	295	134	4	0	G
H11_BC95_191109_LF_LIB_consensus_vsearch	1258	G	G	430	4	0.92%	2	1	93	93	0.062067724063454545	1	1	295	135	4	0	A
H11_BC95_191109_LF_LIB_consensus_vsearch	1259	C	C	431	2	0.46%	2	2	93	93	0.24971098265883573	1	1	296	135	1	1	T
H11_BC95_191109_LF_LIB_consensus_vsearch	1260	G	G	426	6	1.38%	2	2	93	93	0.015354364218716944	1	1	291	135	5	1	+T
H11_BC95_191109_LF_LIB_consensus_vsearch	1261	T	T	430	2	0.46%	2	1	93	93	0.24971031286224527	1	1	293	137	2	0	C
H11_BC95_191109_LF_LIB_consensus_vsearch	1262	T	T	433	3	0.69%	2	2	93	93	0.12456946039042152	1	1	298	135	2	1	C
H11_BC95_191109_LF_LIB_consensus_vsearch	1263	T	T	426	5	1.14%	2	2	93	93	0.0308876837313223	1	1	294	132	4	1	-C
H11_BC95_191109_LF_LIB_consensus_vsearch	1264	C	C	430	2	0.46%	2	2	93	93	0.24971031286224527	1	1	295	135	1	1	T
H11_BC95_191109_LF_LIB_consensus_vsearch	1265	C	C	430	3	0.68%	2	1	93	93	0.12456647398843287	1	1	294	136	3	0	-AC
H11_BC95_191109_LF_LIB_consensus_vsearch	1266	A	A	430	2	0.46%	2	1	93	93	0.24971031286224527	1	1	294	136	2	0	G
H11_BC95_191109_LF_LIB_consensus_vsearch	1267	C	C	431	2	0.46%	2	2	93	93	0.24971098265883573	1	1	297	134	1	1	-T
H11_BC95_191109_LF_LIB_consensus_vsearch	1268	T	T	420	6	1.38%	2	2	93	93	0.01535056152092204	1	1	293	127	2	4	C
H11_BC95_191109_LF_LIB_consensus_vsearch	1269	G	G	429	2	0.46%	2	1	93	93	0.2497096399537788	1	1	294	135	2	0	A
H11_BC95_191109_LF_LIB_consensus_vsearch	1270	G	G	428	6	1.37%	2	1	93	93	0.015355608474412826	1	1	294	134	6	0	A
H11_BC95_191109_LF_LIB_consensus_vsearch	1271	C	*/-T	422	8	1.83%	2	2	93	93	0.003780033413733114	1	1	290	132	5	3	-T
H11_BC95_191109_LF_LIB_consensus_vsearch	1272	T	T	418	3	0.7%	2	1	93	93	0.12455410225923637	1	1	288	130	3	0	+A
H11_BC95_191109_LF_LIB_consensus_vsearch	1273	T	*/+C	412	7	1.61%	2	1	93	93	0.007617659773976637	1	1	277	135	7	0	+C
H11_BC95_191109_LF_LIB_consensus_vsearch	1274	C	C	419	4	0.92%	2	1	93	93	0.06205647623661182	1	1	288	131	0	4	+A
H11_BC95_191109_LF_LIB_consensus_vsearch	1275	A	*/-C	415	9	2.08%	2	2	93	93	0.0018711388771604682	1	1	283	132	7	2	-C
H11_BC95_191109_LF_LIB_consensus_vsearch	1276	C	*/+T	403	13	3.07%	2	1	93	93	1.1098705502596942E-4	1	1	283	120	0	13	+T
H11_BC95_191109_LF_LIB_consensus_vsearch	1277	C	*/-T	360	37	8.47%	2	2	93	93	3.019307273196661E-12	1	1	286	74	4	33	-T
H11_BC95_191109_LF_LIB_consensus_vsearch	1278	T	T	386	3	0.76%	2	1	93	93	0.12451737451743523	1	1	283	103	3	0	+GC
H11_BC95_191109_LF_LIB_consensus_vsearch	1279	T	*/-AC	403	15	3.48%	2	2	93	93	2.6855786093403417E-5	1	1	268	135	14	1	-AC
H11_BC95_191109_LF_LIB_consensus_vsearch	1280	A	*/-C	371	27	6.49%	2	2	93	93	4.721193517429555E-9	1	1	236	135	26	1	-C
H11_BC95_191109_LF_LIB_consensus_vsearch	1281	C	C	373	6	1.56%	2	1	93	93	0.015316619391186111	1	1	244	129	0	6	+T
H11_BC95_191109_LF_LIB_consensus_vsearch	1282	C	S	411	15	3.51%	2	1	93	93	2.6921453674127367E-5	1	1	274	137	15	0	G
H11_BC95_191109_LF_LIB_consensus_vsearch	1283	C	*/-GG	417	8	1.83%	2	2	93	93	0.003778560011928581	1	1	298	119	1	7	-GG
H11_BC95_191109_LF_LIB_consensus_vsearch	1284	G	R	401	18	4.26%	2	1	93	93	3.165704383176564E-6	1	1	277	124	18	0	A
H11_BC95_191109_LF_LIB_consensus_vsearch	1285	G	G	427	2	0.47%	2	1	93	93	0.24970828471410914	1	1	297	130	2	0	+A
H11_BC95_191109_LF_LIB_consensus_vsearch	1286	G	G	435	1	0.23%	2	1	93	93	0.5000000000008233	1	1	298	137	1	0	-C
H11_BC95_191109_LF_LIB_consensus_vsearch	1287	C	C	431	1	0.23%	2	1	93	93	0.4999999999999138	1	1	296	135	1	0	+G
H11_BC95_191109_LF_LIB_consensus_vsearch	1288	A	A	430	4	0.92%	2	1	93	93	0.062067724063454545	1	1	295	135	4	0	G
H11_BC95_191109_LF_LIB_consensus_vsearch	1289	T	T	427	4	0.92%	2	1	93	93	0.06206471344608787	1	1	294	133	4	0	C
H11_BC95_191109_LF_LIB_consensus_vsearch	1290	A	A	424	5	1.15%	2	2	93	93	0.03088599561913487	1	1	295	129	4	1	G
H11_BC95_191109_LF_LIB_consensus_vsearch	1291	G	G	429	1	0.23%	2	1	93	93	0.4999999999999138	1	1	298	131	1	0	+A
H11_BC95_191109_LF_LIB_consensus_vsearch	1292	T	T	430	2	0.46%	2	1	93	93	0.24971031286224527	1	1	298	132	0	2	+C
H11_BC95_191109_LF_LIB_consensus_vsearch	1293	T	T	430	3	0.69%	2	2	93	93	0.12456647398843287	1	1	298	132	1	2	C
H11_BC95_191109_LF_LIB_consensus_vsearch	1294	C	C	432	1	0.23%	2	1	93	93	0.5000000000008233	1	1	298	134	0	1	+A
H11_BC95_191109_LF_LIB_consensus_vsearch	1295	A	A	426	4	0.92%	2	1	93	93	0.06206370056623179	1	1	292	134	4	0	T
H11_BC95_191109_LF_LIB_consensus_vsearch	1296	C	C	418	5	1.15%	2	1	93	93	0.030880835561915	1	1	292	126	5	0	G
H11_BC95_191109_LF_LIB_consensus_vsearch	1297	C	C	428	3	0.69%	2	1	93	93	0.12456445993035366	1	1	295	133	3	0	-A
H11_BC95_191109_LF_LIB_consensus_vsearch	1298	A	A	424	6	1.38%	2	2	93	93	0.015353108416041601	1	1	291	133	4	2	G
H11_BC95_191109_LF_LIB_consensus_vsearch	1299	T	T	430	3	0.69%	2	1	93	93	0.12456647398843287	1	1	295	135	3	0	C
H11_BC95_191109_LF_LIB_consensus_vsearch	1300	C	*/-T	401	22	5.03%	2	1	93	93	1.8015659137743395E-7	1	1	289	112	0	22	-T
H11_BC95_191109_LF_LIB_consensus_vsearch	1301	T	T	408	2	0.49%	2	1	93	93	0.24969474969464833	1	1	295	113	2	0	C
H11_BC95_191109_LF_LIB_consensus_vsearch	1302	T	T	431	1	0.23%	2	1	93	93	0.4999999999999138	1	1	296	135	1	0	C
H11_BC95_191109_LF_LIB_consensus_vsearch	1303	T	*/+C	408	23	5.25%	2	1	93	93	8.818834884570627E-8	1	1	273	135	23	0	+C
H11_BC95_191109_LF_LIB_consensus_vsearch	1304	C	C	421	5	1.15%	2	2	93	93	0.030883433748668913	1	1	292	129	4	1	-G
H11_BC95_191109_LF_LIB_consensus_vsearch	1305	G	R	404	20	4.67%	2	2	93	93	7.582180660331639E-7	1	1	275	129	19	1	A
H11_BC95_191109_LF_LIB_consensus_vsearch	1306	G	G	432	1	0.23%	2	1	93	93	0.5000000000008233	1	1	299	133	1	0	+A
H11_BC95_191109_LF_LIB_consensus_vsearch	1307	G	G	435	2	0.46%	2	2	93	93	0.24971363115699957	1	1	300	135	1	1	+T
H11_BC95_191109_LF_LIB_consensus_vsearch	1308	T	T	437	1	0.23%	2	1	93	93	0.4999999999999138	1	1	300	137	1	0	+C
H11_BC95_191109_LF_LIB_consensus_vsearch	1309	C	C	432	4	0.91%	2	1	93	93	0.06206970811168755	1	1	296	136	4	0	-GC
H11_BC95_191109_LF_LIB_consensus_vsearch	1310	G	R	420	10	2.31%	2	2	93	93	9.262346650300045E-4	1	1	286	134	9	1	A
H11_BC95_191109_LF_LIB_consensus_vsearch	1311	C	C	426	2	0.46%	2	1	93	93	0.2497076023388982	1	1	294	132	2	0	+T
H11_BC95_191109_LF_LIB_consensus_vsearch	1312	A	R	421	7	1.6%	2	2	93	93	0.007621737484585097	1	1	287	134	5	2	G
H11_BC95_191109_LF_LIB_consensus_vsearch	1313	C	Y	427	7	1.61%	2	2	93	93	0.007624362444354587	1	1	292	135	5	2	T
H11_BC95_191109_LF_LIB_consensus_vsearch	1314	C	Y	397	19	4.35%	2	2	93	93	1.5457253320374264E-6	1	1	280	117	3	16	T
H11_BC95_191109_LF_LIB_consensus_vsearch	1315	G	K	417	13	3%	2	1	93	93	1.113366520436279E-4	1	1	283	134	13	0	T
H11_BC95_191109_LF_LIB_consensus_vsearch	1316	T	T	427	4	0.92%	2	2	93	93	0.06206471344608787	1	1	296	131	1	3	C
H11_BC95_191109_LF_LIB_consensus_vsearch	1317	A	*/-CA	416	11	2.55%	2	2	93	93	4.574581519691363E-4	1	1	283	133	9	2	-CA
H11_BC95_191109_LF_LIB_consensus_vsearch	1318	C	C	410	5	1.18%	2	2	93	93	0.0308737235316268	1	1	279	131	2	3	T
H11_BC95_191109_LF_LIB_consensus_vsearch	1319	A	A	412	4	0.95%	2	2	93	93	0.062049008635505214	1	1	279	133	3	1	G
H11_BC95_191109_LF_LIB_consensus_vsearch	1320	T	*/-G	420	8	1.85%	2	2	93	93	0.003779448151948946	1	1	288	132	5	3	-G
H11_BC95_191109_LF_LIB_consensus_vsearch	1321	G	R	410	11	2.57%	2	2	93	93	4.570278461449636E-4	1	1	281	129	10	1	A
H11_BC95_191109_LF_LIB_consensus_vsearch	1322	C	C	425	3	0.69%	2	1	93	93	0.12456140350894482	1	1	295	130	3	0	A
H11_BC95_191109_LF_LIB_consensus_vsearch	1323	T	T	429	3	0.69%	2	1	93	93	0.12456546929309553	1	1	295	134	3	0	+A
H11_BC95_191109_LF_LIB_consensus_vsearch	1324	C	*/-T	418	8	1.83%	2	2	93	93	0.003778857437644956	1	1	292	126	4	4	-T
H11_BC95_191109_LF_LIB_consensus_vsearch	1325	T	T	422	3	0.7%	2	2	93	93	0.12455830388715546	1	1	293	129	2	1	C
H11_BC95_191109_LF_LIB_consensus_vsearch	1326	A	*/-C	409	20	4.6%	2	2	93	93	7.602952008642974E-7	1	1	293	116	3	17	-C
H11_BC95_191109_LF_LIB_consensus_vsearch	1327	C	C	410	2	0.48%	2	1	93	93	0.24969623329349078	1	1	295	115	2	0	+A
H11_BC95_191109_LF_LIB_consensus_vsearch	1328	C	*/-T	415	11	2.52%	2	2	93	93	4.573872587995422E-4	1	1	297	118	1	10	-T
H11_BC95_191109_LF_LIB_consensus_vsearch	1329	T	*/-C	412	7	1.66%	2	2	93	93	0.007617659773976637	1	1	296	116	1	6	-C
H11_BC95_191109_LF_LIB_consensus_vsearch	1330	C	C	413	3	0.71%	2	2	93	93	0.12454873646208127	1	1	291	122	1	2	-G
H11_BC95_191109_LF_LIB_consensus_vsearch	1331	G	G	429	2	0.46%	2	1	93	93	0.2497096399537788	1	1	295	134	2	0	A
H11_BC95_191109_LF_LIB_consensus_vsearch	1332	C	C	421	4	0.92%	2	1	93	93	0.06205856462850021	1	1	292	129	0	4	+A
H11_BC95_191109_LF_LIB_consensus_vsearch	1333	A	A	428	4	0.92%	2	2	93	93	0.06206572163388339	1	1	294	134	3	1	G
H11_BC95_191109_LF_LIB_consensus_vsearch	1334	C	*/+A	417	7	1.6%	2	1	93	93	0.007619946437356769	1	1	288	129	7	0	+A
H11_BC95_191109_LF_LIB_consensus_vsearch	1335	A	A	429	3	0.69%	2	2	93	93	0.12456546929309553	1	1	295	134	2	1	G
H11_BC95_191109_LF_LIB_consensus_vsearch	1336	A	A	429	4	0.91%	2	2	93	93	0.062066725162242674	1	1	296	133	3	1	G
H11_BC95_191109_LF_LIB_consensus_vsearch	1337	G	G	434	1	0.23%	2	1	93	93	0.4999999999999138	1	1	298	136	1	0	A
H11_BC95_191109_LF_LIB_consensus_vsearch	1338	G	G	435	3	0.68%	2	2	93	93	0.12457142857152662	1	1	299	136	2	1	-CGGG
H11_BC95_191109_LF_LIB_consensus_vsearch	1339	C	*/-G	406	25	5.75%	2	2	93	93	2.082858678773949E-8	1	1	293	113	3	22	-G
H11_BC95_191109_LF_LIB_consensus_vsearch	1340	G	R	391	11	2.68%	2	1	93	93	4.5558231391399246E-4	1	1	277	114	11	0	A
H11_BC95_191109_LF_LIB_consensus_vsearch	1341	G	G	425	5	1.15%	2	1	93	93	0.03088684163697732	1	1	290	135	5	0	+A
H11_BC95_191109_LF_LIB_consensus_vsearch	1342	G	G	428	4	0.92%	2	1	93	93	0.06206572163388339	1	1	293	135	4	0	T
H11_BC95_191109_LF_LIB_consensus_vsearch	1343	T	T	435	2	0.46%	2	2	93	93	0.24971363115699957	1	1	300	135	1	1	C
H11_BC95_191109_LF_LIB_consensus_vsearch	1344	G	G	424	5	1.14%	2	2	93	93	0.03088599561913487	1	1	291	133	4	1	-CG
H11_BC95_191109_LF_LIB_consensus_vsearch	1345	C	*/-G	384	33	7.73%	2	2	93	93	6.023291698644246E-11	1	1	267	117	19	14	-G
H11_BC95_191109_LF_LIB_consensus_vsearch	1346	G	G	383	6	1.52%	2	1	93	93	0.015324526212125619	1	1	263	120	6	0	A
H11_BC95_191109_LF_LIB_consensus_vsearch	1347	G	R	414	11	2.54%	2	1	93	93	4.573160388822809E-4	1	1	281	133	11	0	A
H11_BC95_191109_LF_LIB_consensus_vsearch	1348	G	K	419	15	3.44%	2	1	93	93	2.6984810488819573E-5	1	1	284	135	15	0	T
H11_BC95_191109_LF_LIB_consensus_vsearch	1349	T	T	431	3	0.69%	2	1	93	93	0.12456747404820136	1	1	297	134	3	0	+A
H11_BC95_191109_LF_LIB_consensus_vsearch	1350	G	*/-C	415	10	2.28%	2	2	93	93	9.256517413502841E-4	1	1	289	126	1	9	-C
H11_BC95_191109_LF_LIB_consensus_vsearch	1351	C	*/-T	364	32	7.51%	2	2	93	93	1.2125824794487306E-10	1	1	252	112	24	8	-T
H11_BC95_191109_LF_LIB_consensus_vsearch	1352	T	T	382	4	1.03%	2	2	93	93	0.06201393491983747	1	1	255	127	3	1	C
H11_BC95_191109_LF_LIB_consensus_vsearch	1353	T	Y	403	8	1.9%	2	2	93	93	0.0037742453123195243	1	1	272	131	7	1	C
H11_BC95_191109_LF_LIB_consensus_vsearch	1354	G	R	414	8	1.86%	2	2	93	93	0.00377765934383424	1	1	279	135	7	1	A
H11_BC95_191109_LF_LIB_consensus_vsearch	1355	C	C	426	3	0.7%	2	2	93	93	0.1245624270712429	1	1	293	133	2	1	+T
H11_BC95_191109_LF_LIB_consensus_vsearch	1356	C	*/-A	404	10	2.29%	2	1	93	93	9.24320545706363E-4	1	1	272	132	10	0	-A
H11_BC95_191109_LF_LIB_consensus_vsearch	1357	A	*/-CA	394	8	1.91%	2	2	93	93	0.0037713141940397903	1	1	269	125	3	5	-CA
H11_BC95_191109_LF_LIB_consensus_vsearch	1358	C	*/-A	335	40	9.52%	2	2	93	93	3.032341121064343E-13	1	1	219	116	36	4	-A
H11_BC95_191109_LF_LIB_consensus_vsearch	1359	A	W	360	11	2.88%	2	2	93	93	4.5291345592755075E-4	1	1	241	119	10	1	T
H11_BC95_191109_LF_LIB_consensus_vsearch	1360	A	R	401	16	3.72%	2	2	93	93	1.3177849041857976E-5	1	1	279	122	14	2	G
H11_BC95_191109_LF_LIB_consensus_vsearch	1361	G	*/+C	414	7	1.64%	2	1	93	93	0.007618580925465677	1	1	295	119	0	7	+C
H11_BC95_191109_LF_LIB_consensus_vsearch	1362	G	G	433	1	0.23%	2	1	93	93	0.4999999999999138	1	1	299	134	1	0	+A
H11_BC95_191109_LF_LIB_consensus_vsearch	1363	A	A	432	3	0.69%	2	2	93	93	0.12456846950514457	1	1	298	134	1	2	-CA
H11_BC95_191109_LF_LIB_consensus_vsearch	1364	C	C	428	4	0.92%	2	2	93	93	0.06206572163388339	1	1	297	131	1	3	T
H11_BC95_191109_LF_LIB_consensus_vsearch	1365	A	A	426	3	0.69%	2	1	93	93	0.1245624270712429	1	1	294	132	3	0	+T
H11_BC95_191109_LF_LIB_consensus_vsearch	1366	T	T	431	2	0.46%	2	2	93	93	0.24971098265883573	1	1	299	132	1	1	C
H11_BC95_191109_LF_LIB_consensus_vsearch	1367	T	*/-C	360	52	11.87%	2	2	93	93	3.984912798349112E-17	1	1	255	105	31	21	-C
H11_BC95_191109_LF_LIB_consensus_vsearch	1368	C	C	381	2	0.52%	2	1	93	93	0.24967320261436957	1	1	270	111	0	2	T
H11_BC95_191109_LF_LIB_consensus_vsearch	1369	C	C	434	1	0.23%	2	1	93	93	0.4999999999999138	1	1	300	134	1	0	T
H11_BC95_191109_LF_LIB_consensus_vsearch	1370	C	C	430	3	0.69%	2	1	93	93	0.12456647398843287	1	1	300	130	0	3	+T
H11_BC95_191109_LF_LIB_consensus_vsearch	1371	C	C	425	6	1.37%	2	1	93	93	0.015353737770788975	1	1	301	124	0	6	+T
H11_BC95_191109_LF_LIB_consensus_vsearch	1372	A	A	433	1	0.23%	2	1	93	93	0.4999999999999138	1	1	299	134	0	1	-T
H11_BC95_191109_LF_LIB_consensus_vsearch	1373	T	T	434	2	0.46%	2	2	93	93	0.24971297359331265	1	1	299	135	1	1	C
H11_BC95_191109_LF_LIB_consensus_vsearch	1374	C	C	432	2	0.46%	2	1	93	93	0.2497116493653279	1	1	297	135	2	0	+TC
H11_BC95_191109_LF_LIB_consensus_vsearch	1375	G	G	432	4	0.91%	2	2	93	93	0.06206970811168755	1	1	299	133	1	3	A
H11_BC95_191109_LF_LIB_consensus_vsearch	1376	T	T	429	6	1.37%	2	2	93	93	0.015356226321811444	1	1	298	131	3	3	C
H11_BC95_191109_LF_LIB_consensus_vsearch	1377	C	C	431	2	0.46%	2	2	93	93	0.24971098265883573	1	1	298	133	1	1	+A
H11_BC95_191109_LF_LIB_consensus_vsearch	1378	G	*/-CG	428	7	1.6%	2	2	93	93	0.007624792930600719	1	1	295	133	4	3	-CG
H11_BC95_191109_LF_LIB_consensus_vsearch	1379	C	*/-G	409	8	1.86%	2	2	93	93	0.00377612966169784	1	1	287	122	2	6	-G
H11_BC95_191109_LF_LIB_consensus_vsearch	1380	G	G	403	5	1.2%	2	1	93	93	0.0308672718629046	1	1	290	113	0	5	+T
H11_BC95_191109_LF_LIB_consensus_vsearch	1381	T	T	425	6	1.39%	2	2	93	93	0.015353737770788975	1	1	298	127	1	5	C
H11_BC95_191109_LF_LIB_consensus_vsearch	1382	T	*/+C	409	12	2.75%	2	2	93	93	2.2548906969822708E-4	1	1	293	116	1	11	+C
H11_BC95_191109_LF_LIB_consensus_vsearch	1383	C	C	424	3	0.69%	2	2	93	93	0.12456037514670402	1	1	294	130	1	2	+TC
H11_BC95_191109_LF_LIB_consensus_vsearch	1384	G	G	431	3	0.69%	2	1	93	93	0.12456747404820136	1	1	296	135	3	0	T
H11_BC95_191109_LF_LIB_consensus_vsearch	1385	C	C	421	5	1.15%	2	2	93	93	0.030883433748668913	1	1	287	134	4	1	+GC
H11_BC95_191109_LF_LIB_consensus_vsearch	1386	T	T	427	4	0.93%	2	2	93	93	0.06206471344608787	1	1	293	134	2	2	C
H11_BC95_191109_LF_LIB_consensus_vsearch	1387	A	R	420	8	1.85%	2	2	93	93	0.003779448151948946	1	1	284	136	7	1	G
H11_BC95_191109_LF_LIB_consensus_vsearch	1388	C	C	429	1	0.23%	2	1	93	93	0.4999999999999138	1	1	293	136	1	0	+T
H11_BC95_191109_LF_LIB_consensus_vsearch	1389	G	G	426	4	0.92%	2	2	93	93	0.06206370056623179	1	1	293	133	3	1	A
H11_BC95_191109_LF_LIB_consensus_vsearch	1390	C	C	428	5	1.14%	2	2	93	93	0.030889356258247617	1	1	295	133	1	4	+T
H11_BC95_191109_LF_LIB_consensus_vsearch	1391	C	*/-T	425	7	1.6%	2	2	93	93	0.007623495521158642	1	1	295	130	3	4	-T
H11_BC95_191109_LF_LIB_consensus_vsearch	1392	T	*/+C	133	291	67.52%	2	2	93	93	7.12587604891356E-123	1	1	128	5	164	127	+C
H11_BC95_191109_LF_LIB_consensus_vsearch	1393	C	C	428	3	0.68%	2	1	93	93	0.12456445993035366	1	1	295	133	0	3	+TCC
H11_BC95_191109_LF_LIB_consensus_vsearch	1394	A	R	351	60	13.76%	2	2	93	93	8.492633811715178E-20	1	1	219	132	58	2	G
H11_BC95_191109_LF_LIB_consensus_vsearch	1395	G	*/+A	417	13	3%	2	2	93	93	1.113366520436279E-4	1	1	284	133	12	1	+A
H11_BC95_191109_LF_LIB_consensus_vsearch	1396	G	*/+T	386	23	5.25%	2	1	93	93	8.672996518903875E-8	1	1	250	136	23	0	+T
H11_BC95_191109_LF_LIB_consensus_vsearch	1397	T	T	415	6	1.41%	2	1	93	93	0.01534731000890416	1	1	281	134	6	0	G
H11_BC95_191109_LF_LIB_consensus_vsearch	1398	T	T	431	3	0.69%	2	2	93	93	0.12456747404820136	1	1	297	134	2	1	C
H11_BC95_191109_LF_LIB_consensus_vsearch	1399	T	T	425	4	0.91%	2	1	93	93	0.0620626829618069	1	1	295	130	0	4	+C
H11_BC95_191109_LF_LIB_consensus_vsearch	1400	C	*/-A	405	27	6.22%	2	2	93	93	4.899424238601493E-9	1	1	295	110	1	26	-A
H11_BC95_191109_LF_LIB_consensus_vsearch	1401	A	A	406	1	0.25%	2	1	93	93	0.4999999999999138	1	1	297	109	1	0	+GTG
H11_BC95_191109_LF_LIB_consensus_vsearch	1402	A	*/-T	405	11	2.52%	2	1	93	93	4.566599754610742E-4	1	1	298	107	0	11	-T
H11_BC95_191109_LF_LIB_consensus_vsearch	1403	T	Y	401	7	1.72%	2	2	93	93	0.007612432822507446	1	1	297	104	3	4	C
H11_BC95_191109_LF_LIB_consensus_vsearch	1404	T	*/-C	280	118	28.1%	2	2	93	93	1.0905230688483246E-40	1	1	216	64	81	37	-C
H11_BC95_191109_LF_LIB_consensus_vsearch	1405	C	C	303	1	0.33%	2	1	93	93	0.4999999999999138	1	1	219	84	1	0	+TT
H11_BC95_191109_LF_LIB_consensus_vsearch	1406	C	Y	418	7	1.63%	2	2	93	93	0.007620397344640596	1	1	297	121	1	6	T
H11_BC95_191109_LF_LIB_consensus_vsearch	1407	C	*/-T	423	12	2.75%	2	1	93	93	2.2607433164831964E-4	1	1	300	123	0	12	-T
H11_BC95_191109_LF_LIB_consensus_vsearch	1408	T	T	421	1	0.24%	2	1	93	93	0.4999999999999138	1	1	298	123	1	0	+C
H11_BC95_191109_LF_LIB_consensus_vsearch	1409	T	T	428	4	0.92%	2	2	93	93	0.06206572163388339	1	1	297	131	1	3	-C
H11_BC95_191109_LF_LIB_consensus_vsearch	1410	C	C	424	2	0.46%	2	1	93	93	0.24970622796748032	1	1	294	130	2	0	+A
H11_BC95_191109_LF_LIB_consensus_vsearch	1411	G	G	436	2	0.46%	2	1	93	93	0.2497142857145226	1	1	299	137	2	0	-A
H11_BC95_191109_LF_LIB_consensus_vsearch	1412	A	A	429	4	0.92%	2	2	93	93	0.062066725162242674	1	1	296	133	2	2	G
H11_BC95_191109_LF_LIB_consensus_vsearch	1413	C	C	432	5	1.14%	2	1	93	93	0.03089265541177198	1	1	301	131	0	5	+T
H11_BC95_191109_LF_LIB_consensus_vsearch	1414	T	T	425	4	0.91%	2	1	93	93	0.0620626829618069	1	1	297	128	0	4	-C
H11_BC95_191109_LF_LIB_consensus_vsearch	1415	C	*/-GC	412	15	3.46%	2	2	93	93	2.6929497109171117E-5	1	1	285	127	14	1	-GC
H11_BC95_191109_LF_LIB_consensus_vsearch	1416	G	G	418	2	0.47%	2	1	93	93	0.24970202622115176	1	1	284	134	2	0	A
H11_BC95_191109_LF_LIB_consensus_vsearch	1417	C	C	412	4	0.95%	2	1	93	93	0.062049008635505214	1	1	281	131	4	0	-A
H11_BC95_191109_LF_LIB_consensus_vsearch	1418	A	A	423	5	1.15%	2	2	93	93	0.030885145650365813	1	1	290	133	4	1	G
H11_BC95_191109_LF_LIB_consensus_vsearch	1419	T	T	427	3	0.69%	2	1	93	93	0.12456344586746677	1	1	295	132	3	0	G
H11_BC95_191109_LF_LIB_consensus_vsearch	1420	G	R	418	9	2.07%	2	1	93	93	0.0018717084025872061	1	1	285	133	9	0	A
H11_BC95_191109_LF_LIB_consensus_vsearch	1421	C	*/-A	374	32	7.34%	2	2	93	93	1.2330351808413743E-10	1	1	243	131	30	2	-A
H11_BC95_191109_LF_LIB_consensus_vsearch	1422	A	A	397	2	0.5%	2	1	93	93	0.24968632371350802	1	1	264	133	2	0	G
H11_BC95_191109_LF_LIB_consensus_vsearch	1423	A	A	421	6	1.38%	2	1	93	93	0.01535120270746072	1	1	289	132	6	0	G
H11_BC95_191109_LF_LIB_consensus_vsearch	1424	G	G	427	2	0.46%	2	1	93	93	0.24970828471410914	1	1	295	132	2	0	+A
H11_BC95_191109_LF_LIB_consensus_vsearch	1425	G	G	427	3	0.69%	2	2	93	93	0.12456344586746677	1	1	295	132	1	2	-T
H11_BC95_191109_LF_LIB_consensus_vsearch	1426	T	T	425	4	0.92%	2	2	93	93	0.0620626829618069	1	1	296	129	1	3	-GC
H11_BC95_191109_LF_LIB_consensus_vsearch	1427	G	G	430	2	0.46%	2	2	93	93	0.24971031286224527	1	1	297	133	1	1	A
H11_BC95_191109_LF_LIB_consensus_vsearch	1428	C	*/-A	411	14	3.23%	2	1	93	93	5.474350555951183E-5	1	1	283	128	14	0	-A
H11_BC95_191109_LF_LIB_consensus_vsearch	1429	A	A	413	5	1.18%	2	1	93	93	0.030876422425220783	1	1	278	135	5	0	G
H11_BC95_191109_LF_LIB_consensus_vsearch	1430	C	*/-T	399	16	3.67%	2	1	93	93	1.3168362731583084E-5	1	1	299	100	0	16	-T
H11_BC95_191109_LF_LIB_consensus_vsearch	1431	T	*/-C	398	7	1.7%	2	2	93	93	0.007610958261497833	1	1	290	108	4	3	-C
H11_BC95_191109_LF_LIB_consensus_vsearch	1432	C	C	409	6	1.43%	2	1	93	93	0.015343305027818941	1	1	292	117	0	6	T
H11_BC95_191109_LF_LIB_consensus_vsearch	1433	C	*/-T	399	24	5.5%	2	2	93	93	4.2611563863274845E-8	1	1	291	108	4	20	-T
H11_BC95_191109_LF_LIB_consensus_vsearch	1434	T	T	406	2	0.49%	2	2	93	93	0.249693251533771	1	1	291	115	1	1	C
H11_BC95_191109_LF_LIB_consensus_vsearch	1435	T	T	429	4	0.92%	2	1	93	93	0.062066725162242674	1	1	297	132	0	4	-G
H11_BC95_191109_LF_LIB_consensus_vsearch	1436	G	R	426	7	1.62%	2	1	93	93	0.007623929979105209	1	1	293	133	7	0	A
H11_BC95_191109_LF_LIB_consensus_vsearch	1437	G	G	436	1	0.23%	2	1	93	93	0.5000000000008233	1	1	299	137	1	0	A
H11_BC95_191109_LF_LIB_consensus_vsearch	1438	T	*/-C	423	7	1.6%	2	1	93	93	0.007622620571895094	1	1	287	136	7	0	-C
H11_BC95_191109_LF_LIB_consensus_vsearch	1439	C	C	429	1	0.23%	2	1	93	93	0.4999999999999138	1	1	292	137	1	0	+GG
H11_BC95_191109_LF_LIB_consensus_vsearch	1440	C	C	432	1	0.23%	2	1	93	93	0.5000000000008233	1	1	298	134	1	0	+AT
H11_BC95_191109_LF_LIB_consensus_vsearch	1441	G	G	431	2	0.46%	2	1	93	93	0.24971098265883573	1	1	296	135	2	0	+A
H11_BC95_191109_LF_LIB_consensus_vsearch	1442	T	T	430	3	0.69%	2	2	93	93	0.12456647398843287	1	1	297	133	2	1	C
H11_BC95_191109_LF_LIB_consensus_vsearch	1443	G	*/-T	411	13	2.99%	2	1	93	93	1.1118956033481172E-4	1	1	276	135	13	0	-T
H11_BC95_191109_LF_LIB_consensus_vsearch	1444	T	Y	414	7	1.65%	2	2	93	93	0.007618580925465677	1	1	281	133	6	1	C
H11_BC95_191109_LF_LIB_consensus_vsearch	1445	T	T	433	2	0.46%	2	1	93	93	0.2497123130030455	1	1	298	135	2	0	C
H11_BC95_191109_LF_LIB_consensus_vsearch	1446	T	*/+C	421	10	2.28%	2	2	93	93	9.263496519144309E-4	1	1	286	135	9	1	+C
H11_BC95_191109_LF_LIB_consensus_vsearch	1447	C	*/-A	423	9	2.06%	2	2	93	93	0.0018726402317850155	1	1	290	133	8	1	-A
H11_BC95_191109_LF_LIB_consensus_vsearch	1448	A	A	424	4	0.93%	2	2	93	93	0.06206166059929218	1	1	291	133	1	3	G
H11_BC95_191109_LF_LIB_consensus_vsearch	1449	A	A	432	4	0.91%	2	2	93	93	0.06206970811168755	1	1	298	134	1	3	C
H11_BC95_191109_LF_LIB_consensus_vsearch	1450	G	G	434	1	0.23%	2	1	93	93	0.4999999999999138	1	1	299	135	0	1	+C
H11_BC95_191109_LF_LIB_consensus_vsearch	1451	A	A	426	6	1.38%	2	2	93	93	0.015354364218716944	1	1	293	133	5	1	G
H11_BC95_191109_LF_LIB_consensus_vsearch	1452	C	*/-G	418	11	2.52%	2	1	93	93	4.575989670126341E-4	1	1	299	119	0	11	-G
H11_BC95_191109_LF_LIB_consensus_vsearch	1453	G	R	410	15	3.52%	2	1	93	93	2.691337414475154E-5	1	1	285	125	15	0	A
H11_BC95_191109_LF_LIB_consensus_vsearch	1454	G	G	433	2	0.46%	2	1	93	93	0.2497123130030455	1	1	297	136	2	0	+A
H11_BC95_191109_LF_LIB_consensus_vsearch	1455	G	R	426	9	2.06%	2	1	93	93	0.001873189162106254	1	1	289	137	9	0	A
H11_BC95_191109_LF_LIB_consensus_vsearch	1456	C	C	423	6	1.38%	2	1	93	93	0.015352476134252922	1	1	289	134	6	0	-GGC
H11_BC95_191109_LF_LIB_consensus_vsearch	1457	G	G	421	3	0.7%	2	1	93	93	0.12455726092075974	1	1	287	134	3	0	A
H11_BC95_191109_LF_LIB_consensus_vsearch	1458	G	G	419	4	0.93%	2	1	93	93	0.06205647623661182	1	1	282	137	4	0	A
H11_BC95_191109_LF_LIB_consensus_vsearch	1459	C	C	425	3	0.7%	2	1	93	93	0.12456140350894482	1	1	288	137	3	0	T
H11_BC95_191109_LF_LIB_consensus_vsearch	1460	T	T	432	3	0.68%	2	1	93	93	0.12456846950514457	1	1	295	137	3	0	-A
H11_BC95_191109_LF_LIB_consensus_vsearch	1461	A	A	434	1	0.23%	2	1	93	93	0.4999999999999138	1	1	297	137	1	0	G
H11_BC95_191109_LF_LIB_consensus_vsearch	1462	A	R	420	12	2.74%	2	2	93	93	2.2595202981245667E-4	1	1	287	133	11	1	G
H11_BC95_191109_LF_LIB_consensus_vsearch	1463	C	C	425	5	1.15%	2	2	93	93	0.03088684163697732	1	1	292	133	4	1	-G
H11_BC95_191109_LF_LIB_consensus_vsearch	1464	G	R	409	20	4.63%	2	1	93	93	7.602952008642974E-7	1	1	274	135	20	0	A
H11_BC95_191109_LF_LIB_consensus_vsearch	1465	G	G	435	2	0.46%	2	2	93	93	0.24971363115699957	1	1	300	135	1	1	A
H11_BC95_191109_LF_LIB_consensus_vsearch	1466	T	T	428	4	0.91%	2	1	93	93	0.06206572163388339	1	1	291	137	4	0	+C
H11_BC95_191109_LF_LIB_consensus_vsearch	1467	C	*/-A	402	26	6%	2	1	93	93	1.0074900910607017E-8	1	1	267	135	26	0	-A
H11_BC95_191109_LF_LIB_consensus_vsearch	1468	A	A	400	3	0.74%	2	1	93	93	0.12453416149047736	1	1	265	135	3	0	G
H11_BC95_191109_LF_LIB_consensus_vsearch	1469	C	Y	397	27	6.24%	2	1	93	93	4.859574198197612E-9	1	1	261	136	27	0	T
H11_BC95_191109_LF_LIB_consensus_vsearch	1470	A	A	422	3	0.7%	2	2	93	93	0.12455830388715546	1	1	287	135	2	1	G
H11_BC95_191109_LF_LIB_consensus_vsearch	1471	A	R	426	9	2.05%	2	2	93	93	0.001873189162106254	1	1	292	134	6	3	G
H11_BC95_191109_LF_LIB_consensus_vsearch	1472	G	G	435	2	0.46%	2	1	93	93	0.24971363115699957	1	1	298	137	2	0	+T
H11_BC95_191109_LF_LIB_consensus_vsearch	1473	A	*/-C	400	25	5.72%	2	2	93	93	2.0720364239403827E-8	1	1	269	131	21	4	-C
H11_BC95_191109_LF_LIB_consensus_vsearch	1474	C	C	406	3	0.73%	2	1	93	93	0.12454100367215713	1	1	277	129	0	3	+T
H11_BC95_191109_LF_LIB_consensus_vsearch	1475	C	*/+A	426	7	1.6%	2	1	93	93	0.007623929979105209	1	1	293	133	7	0	+A
H11_BC95_191109_LF_LIB_consensus_vsearch	1476	C	Y	376	43	9.84%	2	2	93	93	3.651679906182355E-14	1	1	289	87	1	42	T
H11_BC95_191109_LF_LIB_consensus_vsearch	1477	G	G	422	2	0.47%	2	1	93	93	0.2497048406136616	1	1	290	132	2	0	A
H11_BC95_191109_LF_LIB_consensus_vsearch	1478	C	*/-A	416	10	2.3%	2	2	93	93	9.257694036262042E-4	1	1	292	124	2	8	-A
H11_BC95_191109_LF_LIB_consensus_vsearch	1479	A	A	426	1	0.23%	2	1	93	93	0.4999999999999138	1	1	299	127	0	1	+C
H11_BC95_191109_LF_LIB_consensus_vsearch	1480	A	A	430	3	0.68%	2	1	93	93	0.12456647398843287	1	1	299	131	0	3	-T
H11_BC95_191109_LF_LIB_consensus_vsearch	1481	T	T	420	5	1.15%	2	1	93	93	0.030882571759557657	1	1	290	130	5	0	+C
H11_BC95_191109_LF_LIB_consensus_vsearch	1482	C	C	430	3	0.69%	2	2	93	93	0.12456647398843287	1	1	296	134	1	2	-A
H11_BC95_191109_LF_LIB_consensus_vsearch	1483	A	A	426	3	0.69%	2	1	93	93	0.1245624270712429	1	1	294	132	3	0	G
H11_BC95_191109_LF_LIB_consensus_vsearch	1484	C	*/-A	418	7	1.6%	2	1	93	93	0.007620397344640596	1	1	286	132	7	0	-A
H11_BC95_191109_LF_LIB_consensus_vsearch	1485	A	*/-CA	403	16	3.75%	2	2	93	93	1.3187249802108927E-5	1	1	273	130	13	3	-CA
H11_BC95_191109_LF_LIB_consensus_vsearch	1486	C	*/+A	389	15	3.59%	2	1	93	93	2.6734915394337705E-5	1	1	260	129	15	0	+A
H11_BC95_191109_LF_LIB_consensus_vsearch	1487	A	A	398	6	1.46%	2	2	93	93	0.015335654379945	1	1	267	131	5	1	T
H11_BC95_191109_LF_LIB_consensus_vsearch	1488	A	A	423	6	1.38%	2	2	93	93	0.015352476134252922	1	1	289	134	5	1	G
H11_BC95_191109_LF_LIB_consensus_vsearch	1489	G	G	423	3	0.7%	2	2	93	93	0.12455934195065375	1	1	293	130	2	1	A
H11_BC95_191109_LF_LIB_consensus_vsearch	1490	G	G	435	2	0.46%	2	2	93	93	0.24971363115699957	1	1	299	136	1	1	A
H11_BC95_191109_LF_LIB_consensus_vsearch	1491	T	T	434	3	0.68%	2	2	93	93	0.12457044673541934	1	1	299	135	1	2	C
H11_BC95_191109_LF_LIB_consensus_vsearch	1492	C	C	428	3	0.69%	2	1	93	93	0.12456445993035366	1	1	291	137	3	0	+A
H11_BC95_191109_LF_LIB_consensus_vsearch	1493	G	G	423	5	1.14%	2	1	93	93	0.030885145650365813	1	1	288	135	5	0	A
H11_BC95_191109_LF_LIB_consensus_vsearch	1494	C	C	426	2	0.46%	2	1	93	93	0.2497076023388982	1	1	291	135	2	0	+TT
H11_BC95_191109_LF_LIB_consensus_vsearch	1495	A	R	412	14	3.23%	2	1	93	93	5.475771402649315E-5	1	1	281	131	14	0	G
H11_BC95_191109_LF_LIB_consensus_vsearch	1496	G	G	433	2	0.46%	2	1	93	93	0.2497123130030455	1	1	297	136	2	0	+A
H11_BC95_191109_LF_LIB_consensus_vsearch	1497	G	G	434	2	0.46%	2	1	93	93	0.24971297359331265	1	1	297	137	2	0	-AG
H11_BC95_191109_LF_LIB_consensus_vsearch	1498	A	A	421	5	1.15%	2	2	93	93	0.030883433748668913	1	1	289	132	1	4	-G
H11_BC95_191109_LF_LIB_consensus_vsearch	1499	G	G	426	1	0.23%	2	1	93	93	0.4999999999999138	1	1	294	132	1	0	+A
H11_BC95_191109_LF_LIB_consensus_vsearch	1500	G	G	431	2	0.46%	2	2	93	93	0.24971098265883573	1	1	296	135	1	1	A
H11_BC95_191109_LF_LIB_consensus_vsearch	1501	A	A	432	1	0.23%	2	1	93	93	0.5000000000008233	1	1	296	136	1	0	+G
H11_BC95_191109_LF_LIB_consensus_vsearch	1502	T	*/+C	427	7	1.6%	2	1	93	93	0.007624362444354587	1	1	291	136	7	0	+C
H11_BC95_191109_LF_LIB_consensus_vsearch	1503	C	C	435	2	0.46%	2	1	93	93	0.24971363115699957	1	1	301	134	0	2	-A
H11_BC95_191109_LF_LIB_consensus_vsearch	1504	A	R	421	8	1.83%	2	2	93	93	0.0037797414596765903	1	1	288	133	7	1	G
H11_BC95_191109_LF_LIB_consensus_vsearch	1505	G	R	417	13	3%	2	1	93	93	1.113366520436279E-4	1	1	281	136	13	0	A
H11_BC95_191109_LF_LIB_consensus_vsearch	1506	C	C	420	4	0.92%	2	2	93	93	0.062057522896676466	1	1	288	132	3	1	-A
H11_BC95_191109_LF_LIB_consensus_vsearch	1507	A	A	422	6	1.4%	2	1	93	93	0.015351840904982691	1	1	286	136	6	0	G
H11_BC95_191109_LF_LIB_consensus_vsearch	1508	A	R	412	22	5.03%	2	1	93	93	1.81473613792819E-7	1	1	275	137	22	0	G
H11_BC95_191109_LF_LIB_consensus_vsearch	1509	C	C	428	3	0.69%	2	1	93	93	0.12456445993035366	1	1	293	135	3	0	G
H11_BC95_191109_LF_LIB_consensus_vsearch	1510	C	*/+A	411	11	2.52%	2	2	93	93	4.5710039589920393E-4	1	1	283	128	9	2	+A
H11_BC95_191109_LF_LIB_consensus_vsearch	1511	G	*/-A	396	33	7.55%	2	1	93	93	6.139858194163721E-11	1	1	259	137	33	0	-A
H11_BC95_191109_LF_LIB_consensus_vsearch	1512	A	*/+G	389	7	1.74%	2	1	93	93	0.0076064012202881484	1	1	253	136	7	0	+G
H11_BC95_191109_LF_LIB_consensus_vsearch	1513	A	*/-G	411	15	3.43%	2	1	93	93	2.6921453674127367E-5	1	1	277	134	15	0	-G
H11_BC95_191109_LF_LIB_consensus_vsearch	1514	G	G	416	4	0.95%	2	1	93	93	0.06205330633414946	1	1	280	136	4	0	+A
H11_BC95_191109_LF_LIB_consensus_vsearch	1515	G	G	431	4	0.92%	2	1	93	93	0.06206871836935933	1	1	294	137	4	0	A
H11_BC95_191109_LF_LIB_consensus_vsearch	1516	C	Y	412	11	2.52%	2	2	93	93	4.571726097283556E-4	1	1	286	126	1	10	T
H11_BC95_191109_LF_LIB_consensus_vsearch	1517	T	*/+G	402	7	1.64%	2	2	93	93	0.0076129195598281015	1	1	283	119	1	6	+G
H11_BC95_191109_LF_LIB_consensus_vsearch	1518	A	R	400	21	4.85%	2	2	93	93	3.692665248734166E-7	1	1	287	113	6	15	G
H11_BC95_191109_LF_LIB_consensus_vsearch	1519	C	C	420	3	0.7%	2	1	93	93	0.12455621301805807	1	1	294	126	0	3	+T
H11_BC95_191109_LF_LIB_consensus_vsearch	1520	A	A	421	3	0.7%	2	1	93	93	0.12455726092075974	1	1	291	130	3	0	G
H11_BC95_191109_LF_LIB_consensus_vsearch	1521	A	R	395	36	8.28%	2	1	93	93	6.7885538510652055E-12	1	1	259	136	36	0	G
H11_BC95_191109_LF_LIB_consensus_vsearch	1522	C	*/+GC	416	9	2.07%	2	1	93	93	0.001871329602106588	1	1	283	133	9	0	+GC
H11_BC95_191109_LF_LIB_consensus_vsearch	1523	A	R	416	14	3.22%	2	2	93	93	5.4813912517372454E-5	1	1	283	133	11	3	G
H11_BC95_191109_LF_LIB_consensus_vsearch	1524	C	C	425	5	1.15%	2	2	93	93	0.03088684163697732	1	1	294	131	1	4	-T
H11_BC95_191109_LF_LIB_consensus_vsearch	1525	T	T	421	4	0.93%	2	2	93	93	0.06205856462850021	1	1	290	131	2	2	C
H11_BC95_191109_LF_LIB_consensus_vsearch	1526	G	*/-C	366	47	10.8%	2	1	93	93	1.7740223983966908E-15	1	1	239	127	47	0	-C
H11_BC95_191109_LF_LIB_consensus_vsearch	1527	C	Y	221	155	40.58%	2	2	93	93	3.681440501908928E-56	1	1	136	85	106	49	T
H11_BC95_191109_LF_LIB_consensus_vsearch	1528	C	Y	382	44	10.23%	2	2	93	93	1.763115968670473E-14	1	1	250	132	42	2	T
H11_BC95_191109_LF_LIB_consensus_vsearch	1529	C	Y	406	10	2.28%	2	2	93	93	9.245677335648258E-4	1	1	285	121	8	2	T
H11_BC95_191109_LF_LIB_consensus_vsearch	1530	G	*/-A	402	20	4.6%	2	1	93	93	7.573747249453335E-7	1	1	265	137	20	0	-A
H11_BC95_191109_LF_LIB_consensus_vsearch	1531	A	A	408	3	0.73%	2	1	93	93	0.12454323995153974	1	1	271	137	3	0	+G
H11_BC95_191109_LF_LIB_consensus_vsearch	1532	A	*/-GG	418	8	1.84%	2	1	93	93	0.003778857437644956	1	1	282	136	8	0	-GG
H11_BC95_191109_LF_LIB_consensus_vsearch	1533	G	G	421	1	0.24%	2	1	93	93	0.4999999999999138	1	1	284	137	1	0	C
H11_BC95_191109_LF_LIB_consensus_vsearch	1534	G	R	236	191	44.42%	2	2	93	93	2.8684486294579865E-70	1	1	156	80	134	57	A
H11_BC95_191109_LF_LIB_consensus_vsearch	1535	C	C	430	2	0.46%	2	1	93	93	0.24971031286224527	1	1	293	137	2	0	-A
H11_BC95_191109_LF_LIB_consensus_vsearch	1536	A	R	411	18	4.14%	2	2	93	93	3.1797854475104E-6	1	1	278	133	17	1	G
H11_BC95_191109_LF_LIB_consensus_vsearch	1537	G	G	432	2	0.46%	2	1	93	93	0.2497116493653279	1	1	296	136	2	0	-C
H11_BC95_191109_LF_LIB_consensus_vsearch	1538	C	C	433	2	0.46%	2	1	93	93	0.2497123130030455	1	1	297	136	2	0	G
H11_BC95_191109_LF_LIB_consensus_vsearch	1539	C	*/-G	400	18	4.11%	2	1	93	93	3.1642619555543713E-6	1	1	274	126	18	0	-G
H11_BC95_191109_LF_LIB_consensus_vsearch	1540	G	*/-A	402	13	3.1%	2	2	93	93	1.1096121102660942E-4	1	1	268	134	11	2	-A
H11_BC95_191109_LF_LIB_consensus_vsearch	1541	A	A	412	6	1.42%	2	1	93	93	0.015345321855146865	1	1	278	134	6	0	+G
H11_BC95_191109_LF_LIB_consensus_vsearch	1542	A	A	424	4	0.92%	2	1	93	93	0.06206166059929218	1	1	289	135	4	0	G
H11_BC95_191109_LF_LIB_consensus_vsearch	1543	T	T	423	4	0.93%	2	1	93	93	0.06206063344550859	1	1	292	131	4	0	G
H11_BC95_191109_LF_LIB_consensus_vsearch	1544	T	*/-C	399	24	5.53%	2	2	93	93	4.2611563863274845E-8	1	1	268	131	21	3	-C
H11_BC95_191109_LF_LIB_consensus_vsearch	1545	C	C	405	1	0.25%	2	1	93	93	0.5000000000008233	1	1	272	133	1	0	G
H11_BC95_191109_LF_LIB_consensus_vsearch	1546	C	C	421	3	0.7%	2	1	93	93	0.12455726092075974	1	1	288	133	3	0	A
H11_BC95_191109_LF_LIB_consensus_vsearch	1547	A	A	431	4	0.92%	2	2	93	93	0.06206871836935933	1	1	296	135	3	1	G
H11_BC95_191109_LF_LIB_consensus_vsearch	1548	A	A	431	1	0.23%	2	1	93	93	0.4999999999999138	1	1	297	134	1	0	+G
H11_BC95_191109_LF_LIB_consensus_vsearch	1549	C	C	428	5	1.14%	2	2	93	93	0.030889356258247617	1	1	295	133	3	2	T
H11_BC95_191109_LF_LIB_consensus_vsearch	1550	G	R	417	17	3.89%	2	1	93	93	6.503109267247564E-6	1	1	282	135	17	0	A
H11_BC95_191109_LF_LIB_consensus_vsearch	1551	G	G	434	2	0.46%	2	1	93	93	0.24971297359331265	1	1	298	136	2	0	A
H11_BC95_191109_LF_LIB_consensus_vsearch	1552	C	C	432	2	0.46%	2	2	93	93	0.2497116493653279	1	1	297	135	1	1	+A
H11_BC95_191109_LF_LIB_consensus_vsearch	1553	G	*/-CG	393	39	8.92%	2	2	93	93	7.410538129540457E-13	1	1	264	129	32	7	-CG
H11_BC95_191109_LF_LIB_consensus_vsearch	1554	C	C	390	3	0.75%	2	2	93	93	0.12452229299364298	1	1	264	126	2	1	T
H11_BC95_191109_LF_LIB_consensus_vsearch	1555	G	G	385	6	1.51%	2	1	93	93	0.01532605917062568	1	1	260	125	6	0	A
H11_BC95_191109_LF_LIB_consensus_vsearch	1556	T	*/+C	416	12	2.75%	2	1	93	93	2.257863627265534E-4	1	1	287	129	12	0	+C
H11_BC95_191109_LF_LIB_consensus_vsearch	1557	C	C	429	4	0.91%	2	2	93	93	0.062066725162242674	1	1	295	134	2	2	-T
H11_BC95_191109_LF_LIB_consensus_vsearch	1558	T	T	427	5	1.16%	2	2	93	93	0.03088852192937873	1	1	295	132	2	3	C
H11_BC95_191109_LF_LIB_consensus_vsearch	1559	A	A	435	1	0.23%	2	1	93	93	0.5000000000008233	1	1	298	137	1	0	G
H11_BC95_191109_LF_LIB_consensus_vsearch	1560	T	*/+C	423	10	2.29%	2	1	93	93	9.26578056881533E-4	1	1	287	136	10	0	+C
H11_BC95_191109_LF_LIB_consensus_vsearch	1561	C	C	429	2	0.46%	2	1	93	93	0.2497096399537788	1	1	294	135	2	0	+TT
H11_BC95_191109_LF_LIB_consensus_vsearch	1562	A	*/-C	382	18	4.13%	2	2	93	93	3.137160031756088E-6	1	1	260	122	16	2	-C
H11_BC95_191109_LF_LIB_consensus_vsearch	1563	C	C	399	3	0.74%	2	2	93	93	0.12453300124551302	1	1	269	130	1	2	+T
H11_BC95_191109_LF_LIB_consensus_vsearch	1564	C	C	416	4	0.94%	2	1	93	93	0.06205330633414946	1	1	287	129	0	4	+T
H11_BC95_191109_LF_LIB_consensus_vsearch	1565	C	Y	420	10	2.28%	2	2	93	93	9.262346650300045E-4	1	1	293	127	2	8	T
H11_BC95_191109_LF_LIB_consensus_vsearch	1566	C	Y	416	17	3.88%	2	2	93	93	6.500663914761803E-6	1	1	284	132	13	4	T
H11_BC95_191109_LF_LIB_consensus_vsearch	1567	A	A	427	4	0.92%	2	2	93	93	0.06206471344608787	1	1	292	135	3	1	G
H11_BC95_191109_LF_LIB_consensus_vsearch	1568	A	R	423	10	2.29%	2	1	93	93	9.26578056881533E-4	1	1	286	137	10	0	G
H11_BC95_191109_LF_LIB_consensus_vsearch	1569	C	C	433	2	0.46%	2	2	93	93	0.2497123130030455	1	1	297	136	1	1	T
H11_BC95_191109_LF_LIB_consensus_vsearch	1570	A	A	430	3	0.69%	2	1	93	93	0.12456647398843287	1	1	295	135	3	0	+CA
H11_BC95_191109_LF_LIB_consensus_vsearch	1571	T	T	433	1	0.23%	2	1	93	93	0.4999999999999138	1	1	298	135	1	0	+C
H11_BC95_191109_LF_LIB_consensus_vsearch	1572	C	*/-A	430	7	1.6%	2	2	93	93	0.007625648020175149	1	1	294	136	6	1	-A
H11_BC95_191109_LF_LIB_consensus_vsearch	1573	A	A	427	2	0.46%	2	1	93	93	0.24970828471410914	1	1	291	136	2	0	C
H11_BC95_191109_LF_LIB_consensus_vsearch	1574	A	*/-C	397	29	6.62%	2	1	93	93	1.1375555891866163E-9	1	1	262	135	29	0	-C
H11_BC95_191109_LF_LIB_consensus_vsearch	1575	C	*/+T	387	10	2.47%	2	1	93	93	9.221205845541368E-4	1	1	262	125	0	10	+T
H11_BC95_191109_LF_LIB_consensus_vsearch	1576	C	C	429	2	0.46%	2	1	93	93	0.2497096399537788	1	1	295	134	2	0	+G
H11_BC95_191109_LF_LIB_consensus_vsearch	1577	C	Y	425	8	1.83%	2	2	93	93	0.0037809012469126957	1	1	296	129	2	6	T
H11_BC95_191109_LF_LIB_consensus_vsearch	1578	G	R	424	10	2.3%	2	1	93	93	9.266914820866851E-4	1	1	288	136	10	0	A
H11_BC95_191109_LF_LIB_consensus_vsearch	1579	C	C	428	3	0.69%	2	1	93	93	0.12456445993035366	1	1	293	135	3	0	-G
H11_BC95_191109_LF_LIB_consensus_vsearch	1580	G	*/-CG	411	8	1.84%	2	1	93	93	0.003776745880714396	1	1	277	134	8	0	-CG
H11_BC95_191109_LF_LIB_consensus_vsearch	1581	C	*/-G	391	14	3.28%	2	2	93	93	5.4445204224320063E-5	1	1	286	105	2	12	-G
H11_BC95_191109_LF_LIB_consensus_vsearch	1582	G	R	393	7	1.72%	2	1	93	93	0.007608451759263046	1	1	277	116	7	0	A
H11_BC95_191109_LF_LIB_consensus_vsearch	1583	G	*/+A	400	25	5.81%	2	1	93	93	2.0720364239403827E-8	1	1	272	128	25	0	+A
H11_BC95_191109_LF_LIB_consensus_vsearch	1584	G	G	419	6	1.38%	2	1	93	93	0.015349917324271899	1	1	288	131	6	0	+C
H11_BC95_191109_LF_LIB_consensus_vsearch	1585	C	Y	417	13	3%	2	2	93	93	1.113366520436279E-4	1	1	296	121	1	12	T
H11_BC95_191109_LF_LIB_consensus_vsearch	1586	C	Y	396	34	7.76%	2	2	93	93	2.951992356436583E-11	1	1	295	101	2	32	T
H11_BC95_191109_LF_LIB_consensus_vsearch	1587	G	*/-T	414	17	3.91%	2	1	93	93	6.495741287830624E-6	1	1	297	117	0	17	-T
H11_BC95_191109_LF_LIB_consensus_vsearch	1588	T	Y	409	7	1.67%	2	2	93	93	0.007616261521057028	1	1	299	110	1	6	C
H11_BC95_191109_LF_LIB_consensus_vsearch	1589	C	*/-T	414	17	3.91%	2	2	93	93	6.495741287830624E-6	1	1	294	120	3	14	-T
H11_BC95_191109_LF_LIB_consensus_vsearch	1590	T	*/-C	163	243	58.13%	2	2	93	93	4.956868826334826E-97	1	1	120	43	172	71	-C
H11_BC95_191109_LF_LIB_consensus_vsearch	1591	C	C	186	1	0.53%	2	1	93	93	0.4999999999999138	1	1	120	66	1	0	+A
H11_BC95_191109_LF_LIB_consensus_vsearch	1592	C	*/-A	215	190	43.88%	2	2	93	93	1.0824156343959756E-70	1	1	127	88	150	40	-A
H11_BC95_191109_LF_LIB_consensus_vsearch	1593	A	M	214	14	6.09%	2	2	93	93	4.968826086820383E-5	1	1	140	74	1	13	C
H11_BC95_191109_LF_LIB_consensus_vsearch	1594	A	R	408	8	1.9%	2	2	93	93	0.0037758193480112623	1	1	284	124	6	2	G
H11_BC95_191109_LF_LIB_consensus_vsearch	1595	A	*/-G	398	16	3.68%	2	2	93	93	1.3163587130167554E-5	1	1	271	127	14	2	-G
H11_BC95_191109_LF_LIB_consensus_vsearch	1596	G	*/+C	408	8	1.9%	2	1	93	93	0.0037758193480112623	1	1	284	124	0	8	+C
H11_BC95_191109_LF_LIB_consensus_vsearch	1597	G	G	425	6	1.38%	2	1	93	93	0.015353737770788975	1	1	291	134	6	0	+A
H11_BC95_191109_LF_LIB_consensus_vsearch	1598	G	R	426	7	1.6%	2	2	93	93	0.007623929979105209	1	1	290	136	6	1	A
H11_BC95_191109_LF_LIB_consensus_vsearch	1599	T	Y	412	13	3%	2	2	93	93	1.11214354741109E-4	1	1	289	123	5	8	C
H11_BC95_191109_LF_LIB_consensus_vsearch	1600	A	R	419	8	1.83%	2	2	93	93	0.0037791534811211507	1	1	284	135	7	1	G
H11_BC95_191109_LF_LIB_consensus_vsearch	1601	G	R	424	8	1.85%	2	1	93	93	0.0037806132981311326	1	1	287	137	8	0	A
H11_BC95_191109_LF_LIB_consensus_vsearch	1602	C	C	422	4	0.92%	2	1	93	93	0.062059601466603075	1	1	291	131	0	4	+A
H11_BC95_191109_LF_LIB_consensus_vsearch	1603	A	*/-C	417	9	2.07%	2	1	93	93	0.0018715194418685113	1	1	280	137	9	0	-C
H11_BC95_191109_LF_LIB_consensus_vsearch	1604	C	C	410	6	1.41%	2	2	93	93	0.015343980527737108	1	1	281	129	2	4	T
H11_BC95_191109_LF_LIB_consensus_vsearch	1605	T	*/-A	343	39	9.09%	2	2	93	93	6.547100251732815E-13	1	1	238	105	27	12	-A
H11_BC95_191109_LF_LIB_consensus_vsearch	1606	A	A	381	1	0.26%	2	1	93	93	0.4999999999999138	1	1	268	113	0	1	+C
H11_BC95_191109_LF_LIB_consensus_vsearch	1607	A	M	411	10	2.33%	2	2	93	93	9.251755912194793E-4	1	1	293	118	1	9	C
H11_BC95_191109_LF_LIB_consensus_vsearch	1608	A	*/-G	423	10	2.28%	2	2	93	93	9.26578056881533E-4	1	1	289	134	9	1	-G
H11_BC95_191109_LF_LIB_consensus_vsearch	1609	G	R	406	10	2.35%	2	1	93	93	9.245677335648258E-4	1	1	272	134	10	0	A
H11_BC95_191109_LF_LIB_consensus_vsearch	1610	C	C	427	3	0.69%	2	2	93	93	0.12456344586746677	1	1	293	134	2	1	A
H11_BC95_191109_LF_LIB_consensus_vsearch	1611	A	A	425	5	1.15%	2	1	93	93	0.03088684163697732	1	1	289	136	5	0	G
H11_BC95_191109_LF_LIB_consensus_vsearch	1612	C	*/-AC	398	31	7.09%	2	1	93	93	2.654424143478877E-10	1	1	263	135	31	0	-AC
H11_BC95_191109_LF_LIB_consensus_vsearch	1613	A	*/-C	378	9	2.23%	2	2	93	93	0.0018633978545959287	1	1	244	134	8	1	-C
H11_BC95_191109_LF_LIB_consensus_vsearch	1614	C	C	379	4	1.02%	2	1	93	93	0.06201012515103793	1	1	247	132	4	0	+AC
H11_BC95_191109_LF_LIB_consensus_vsearch	1615	C	S	403	25	5.79%	2	1	93	93	2.0774795674191712E-8	1	1	266	137	25	0	G
H11_BC95_191109_LF_LIB_consensus_vsearch	1616	C	*/-A	302	105	24.19%	2	2	93	93	1.0902428892942676E-35	1	1	174	128	104	1	-A
H11_BC95_191109_LF_LIB_consensus_vsearch	1617	A	A	318	2	0.62%	2	1	93	93	0.2496087636935454	1	1	183	135	2	0	C
H11_BC95_191109_LF_LIB_consensus_vsearch	1618	A	A	425	4	0.93%	2	1	93	93	0.0620626829618069	1	1	289	136	4	0	G
H11_BC95_191109_LF_LIB_consensus_vsearch	1619	A	*/-G	423	9	2.06%	2	1	93	93	0.0018726402317850155	1	1	287	136	9	0	-G
H11_BC95_191109_LF_LIB_consensus_vsearch	1620	G	*/-A	405	13	3.04%	2	1	93	93	1.1103838422487234E-4	1	1	270	135	13	0	-A
H11_BC95_191109_LF_LIB_consensus_vsearch	1621	A	A	407	5	1.19%	2	2	93	93	0.030870985358518562	1	1	271	136	4	1	G
H11_BC95_191109_LF_LIB_consensus_vsearch	1622	G	*/-C	396	15	3.51%	2	2	93	93	2.679633057231605E-5	1	1	268	128	11	4	-C
H11_BC95_191109_LF_LIB_consensus_vsearch	1623	C	C	412	2	0.48%	2	1	93	93	0.24969770253942364	1	1	282	130	0	2	+T
H11_BC95_191109_LF_LIB_consensus_vsearch	1624	C	C	430	2	0.46%	2	1	93	93	0.24971031286224527	1	1	294	136	2	0	T
H11_BC95_191109_LF_LIB_consensus_vsearch	1625	C	C	431	2	0.46%	2	1	93	93	0.24971098265883573	1	1	295	136	2	0	T
H11_BC95_191109_LF_LIB_consensus_vsearch	1626	C	C	430	5	1.14%	2	2	93	93	0.030891013414769866	1	1	295	135	4	1	T
H11_BC95_191109_LF_LIB_consensus_vsearch	1627	A	R	424	7	1.6%	2	1	93	93	0.007623059056742502	1	1	288	136	7	0	G
H11_BC95_191109_LF_LIB_consensus_vsearch	1628	G	R	424	8	1.84%	2	2	93	93	0.0037806132981311326	1	1	290	134	7	1	A
H11_BC95_191109_LF_LIB_consensus_vsearch	1629	C	*/-AC	416	9	2.07%	2	1	93	93	0.001871329602106588	1	1	284	132	9	0	-AC
H11_BC95_191109_LF_LIB_consensus_vsearch	1630	A	*/-C	403	8	1.89%	2	2	93	93	0.0037742453123195243	1	1	271	132	5	3	-C
H11_BC95_191109_LF_LIB_consensus_vsearch	1631	C	C	410	4	0.96%	2	1	93	93	0.06204682862471882	1	1	278	132	4	0	G
H11_BC95_191109_LF_LIB_consensus_vsearch	1632	C	Y	418	8	1.84%	2	1	93	93	0.003778857437644956	1	1	283	135	8	0	T
H11_BC95_191109_LF_LIB_consensus_vsearch	1633	C	Y	399	23	5.26%	2	2	93	93	8.76077164584334E-8	1	1	285	114	9	14	T
H11_BC95_191109_LF_LIB_consensus_vsearch	1634	G	G	427	4	0.92%	2	1	93	93	0.06206471344608787	1	1	291	136	4	0	-A
H11_BC95_191109_LF_LIB_consensus_vsearch	1635	A	A	423	4	0.92%	2	1	93	93	0.06206063344550859	1	1	287	136	4	0	+T
H11_BC95_191109_LF_LIB_consensus_vsearch	1636	T	T	419	5	1.14%	2	1	93	93	0.03088170570687224	1	1	285	134	5	0	+A
H11_BC95_191109_LF_LIB_consensus_vsearch	1637	A	R	413	9	2.08%	2	1	93	93	0.001870754746824021	1	1	280	133	9	0	G
H11_BC95_191109_LF_LIB_consensus_vsearch	1638	G	*/-C	395	14	3.26%	2	2	93	93	5.450710372123273E-5	1	1	262	133	13	1	-C
H11_BC95_191109_LF_LIB_consensus_vsearch	1639	C	*/+T	406	8	1.9%	2	2	93	93	0.0037751942594862146	1	1	279	127	1	7	+T
H11_BC95_191109_LF_LIB_consensus_vsearch	1640	C	C	420	5	1.15%	2	2	93	93	0.030882571759557657	1	1	289	131	1	4	T
H11_BC95_191109_LF_LIB_consensus_vsearch	1641	C	*/-T	415	8	1.83%	2	2	93	93	0.003777960974854116	1	1	286	129	3	5	-T
H11_BC95_191109_LF_LIB_consensus_vsearch	1642	T	W	405	12	2.8%	2	1	93	93	2.2531482582750418E-4	1	1	275	130	12	0	A
H11_BC95_191109_LF_LIB_consensus_vsearch	1643	T	Y	424	7	1.61%	2	2	93	93	0.007623059056742502	1	1	290	134	5	2	C
H11_BC95_191109_LF_LIB_consensus_vsearch	1644	A	A	431	2	0.46%	2	1	93	93	0.24971098265883573	1	1	294	137	2	0	G
H11_BC95_191109_LF_LIB_consensus_vsearch	1645	T	*/-C	382	42	9.66%	2	2	93	93	7.814356584388174E-14	1	1	250	132	37	5	-C
H11_BC95_191109_LF_LIB_consensus_vsearch	1646	C	C	384	2	0.52%	2	1	93	93	0.24967574578483906	1	1	252	132	2	0	T
H11_BC95_191109_LF_LIB_consensus_vsearch	1647	C	C	428	1	0.23%	2	1	93	93	0.5000000000008233	1	1	291	137	1	0	+T
H11_BC95_191109_LF_LIB_consensus_vsearch	1648	C	*/-G	389	21	4.79%	2	2	93	93	3.666773149586941E-7	1	1	281	108	6	15	-G
H11_BC95_191109_LF_LIB_consensus_vsearch	1649	G	G	406	5	1.21%	2	1	93	93	0.03087006375678913	1	1	290	116	5	0	A
H11_BC95_191109_LF_LIB_consensus_vsearch	1650	G	*/-A	405	11	2.53%	2	2	93	93	4.566599754610742E-4	1	1	276	129	10	1	-A
H11_BC95_191109_LF_LIB_consensus_vsearch	1651	A	A	407	2	0.48%	2	1	93	93	0.24969400244801665	1	1	274	133	2	0	+G
H11_BC95_191109_LF_LIB_consensus_vsearch	1652	A	A	416	4	0.94%	2	1	93	93	0.06205330633414946	1	1	280	136	4	0	+G
H11_BC95_191109_LF_LIB_consensus_vsearch	1653	G	G	422	3	0.7%	2	1	93	93	0.12455830388715546	1	1	290	132	0	3	-C
H11_BC95_191109_LF_LIB_consensus_vsearch	1654	C	*/-G	419	8	1.84%	2	2	93	93	0.0037791534811211507	1	1	291	128	7	1	-G
H11_BC95_191109_LF_LIB_consensus_vsearch	1655	G	G	422	1	0.24%	2	1	93	93	0.5000000000008233	1	1	293	129	0	1	+T
H11_BC95_191109_LF_LIB_consensus_vsearch	1656	C	*/-TT	389	11	2.55%	2	2	93	93	4.554223390235558E-4	1	1	287	102	6	5	-TT
H11_BC95_191109_LF_LIB_consensus_vsearch	1657	T	T	397	4	1%	2	2	93	93	0.062032128175275904	1	1	289	108	3	1	C
H11_BC95_191109_LF_LIB_consensus_vsearch	1658	T	T	409	3	0.73%	2	1	93	93	0.1245443499393469	1	1	290	119	3	0	C
H11_BC95_191109_LF_LIB_consensus_vsearch	1659	T	T	411	6	1.42%	2	2	93	93	0.015344652795793392	1	1	293	118	2	4	-C
H11_BC95_191109_LF_LIB_consensus_vsearch	1660	C	*/-A	406	10	2.33%	2	2	93	93	9.245677335648258E-4	1	1	281	125	9	1	-A
H11_BC95_191109_LF_LIB_consensus_vsearch	1661	A	R	409	7	1.66%	2	2	93	93	0.007616261521057028	1	1	276	133	6	1	G
H11_BC95_191109_LF_LIB_consensus_vsearch	1662	C	C	419	5	1.17%	2	2	93	93	0.03088170570687224	1	1	289	130	1	4	T
H11_BC95_191109_LF_LIB_consensus_vsearch	1663	T	T	424	4	0.92%	2	1	93	93	0.06206166059929218	1	1	290	134	4	0	-A
H11_BC95_191109_LF_LIB_consensus_vsearch	1664	A	R	413	10	2.33%	2	1	93	93	9.254147741675464E-4	1	1	278	135	10	0	G
H11_BC95_191109_LF_LIB_consensus_vsearch	1665	C	C	428	1	0.23%	2	1	93	93	0.5000000000008233	1	1	293	135	0	1	+AT
H11_BC95_191109_LF_LIB_consensus_vsearch	1666	T	T	430	3	0.69%	2	1	93	93	0.12456647398843287	1	1	298	132	0	3	C
H11_BC95_191109_LF_LIB_consensus_vsearch	1667	G	*/-T	418	8	1.83%	2	1	93	93	0.003778857437644956	1	1	282	136	8	0	-T
H11_BC95_191109_LF_LIB_consensus_vsearch	1668	T	T	427	1	0.23%	2	1	93	93	0.4999999999990043	1	1	290	137	1	0	A
H11_BC95_191109_LF_LIB_consensus_vsearch	1669	T	T	432	3	0.69%	2	1	93	93	0.12456846950514457	1	1	295	137	3	0	A
H11_BC95_191109_LF_LIB_consensus_vsearch	1670	T	T	425	5	1.14%	2	2	93	93	0.03088684163697732	1	1	290	135	4	1	+C
H11_BC95_191109_LF_LIB_consensus_vsearch	1671	C	C	425	6	1.38%	2	1	93	93	0.015353737770788975	1	1	295	130	0	6	+A
H11_BC95_191109_LF_LIB_consensus_vsearch	1672	A	A	433	0	0%	2	0	93	0	1.0	1	0	296	137	0	0	
H11_BC95_191109_LF_LIB_consensus_vsearch	1673	A	R	408	15	3.43%	2	1	93	93	2.6897105828015778E-5	1	1	272	136	15	0	G
H11_BC95_191109_LF_LIB_consensus_vsearch	1674	C	*/+T	410	12	2.81%	2	1	93	93	2.255321281093224E-4	1	1	287	123	0	12	+T
H11_BC95_191109_LF_LIB_consensus_vsearch	1675	C	Y	427	7	1.6%	2	1	93	93	0.007624362444354587	1	1	299	128	0	7	T
H11_BC95_191109_LF_LIB_consensus_vsearch	1676	C	C	431	4	0.92%	2	1	93	93	0.06206871836935933	1	1	299	132	0	4	T
H11_BC95_191109_LF_LIB_consensus_vsearch	1677	A	*/-T	213	188	43.12%	2	2	93	93	6.065798074437131E-70	1	1	88	125	180	8	-T
H11_BC95_191109_LF_LIB_consensus_vsearch	1678	T	T	241	1	0.41%	2	1	93	93	0.4999999999999138	1	1	114	127	0	1	C
H11_BC95_191109_LF_LIB_consensus_vsearch	1679	T	T	431	0	0%	2	0	93	0	1.0	1	0	295	136	0	0	
H11_BC95_191109_LF_LIB_consensus_vsearch	1680	T	T	434	1	0.23%	2	1	93	93	0.4999999999999138	1	1	300	134	0	1	+C
H11_BC95_191109_LF_LIB_consensus_vsearch	1681	T	T	435	1	0.23%	2	1	93	93	0.5000000000008233	1	1	298	137	1	0	+CG
H11_BC95_191109_LF_LIB_consensus_vsearch	1682	T	T	434	4	0.91%	2	1	93	93	0.062071674030406296	1	1	297	137	4	0	C
H11_BC95_191109_LF_LIB_consensus_vsearch	1683	C	C	432	3	0.68%	2	1	93	93	0.12456846950514457	1	1	295	137	3	0	-A
H11_BC95_191109_LF_LIB_consensus_vsearch	1684	A	A	427	3	0.69%	2	1	93	93	0.12456344586746677	1	1	290	137	3	0	T
H11_BC95_191109_LF_LIB_consensus_vsearch	1685	T	*/+A	415	13	2.98%	2	1	93	93	1.1128806504032547E-4	1	1	280	135	13	0	+A
H11_BC95_191109_LF_LIB_consensus_vsearch	1686	G	G	426	5	1.15%	2	1	93	93	0.0308876837313223	1	1	290	136	5	0	A
H11_BC95_191109_LF_LIB_consensus_vsearch	1687	G	K	407	15	3.43%	2	1	93	93	2.688891654781441E-5	1	1	272	135	15	0	T
H11_BC95_191109_LF_LIB_consensus_vsearch	1688	T	T	432	1	0.23%	2	1	93	93	0.5000000000008233	1	1	297	135	1	0	+GGT
H11_BC95_191109_LF_LIB_consensus_vsearch	1689	T	T	425	4	0.92%	2	2	93	93	0.0620626829618069	1	1	291	134	3	1	C
H11_BC95_191109_LF_LIB_consensus_vsearch	1690	G	G	431	2	0.46%	2	1	93	93	0.24971098265883573	1	1	296	135	2	0	+C
H11_BC95_191109_LF_LIB_consensus_vsearch	1691	C	*/+T	374	27	6.19%	2	2	93	93	4.73789449106984E-9	1	1	248	126	25	2	+T
H11_BC95_191109_LF_LIB_consensus_vsearch	1692	T	T	405	2	0.49%	2	1	93	93	0.2496924969251474	1	1	273	132	2	0	A
H11_BC95_191109_LF_LIB_consensus_vsearch	1693	T	T	429	3	0.69%	2	2	93	93	0.12456546929309553	1	1	294	135	2	1	C
H11_BC95_191109_LF_LIB_consensus_vsearch	1694	T	T	430	3	0.69%	2	1	93	93	0.12456647398843287	1	1	297	133	0	3	+C
H11_BC95_191109_LF_LIB_consensus_vsearch	1695	T	T	429	3	0.69%	2	2	93	93	0.12456546929309553	1	1	294	135	2	1	C
H11_BC95_191109_LF_LIB_consensus_vsearch	1696	C	C	431	3	0.69%	2	2	93	93	0.12456747404820136	1	1	296	135	1	2	+TC
H11_BC95_191109_LF_LIB_consensus_vsearch	1697	A	A	427	4	0.92%	2	2	93	93	0.06206471344608787	1	1	292	135	3	1	-C
H11_BC95_191109_LF_LIB_consensus_vsearch	1698	C	C	422	4	0.93%	2	1	93	93	0.062059601466603075	1	1	289	133	4	0	+AC
H11_BC95_191109_LF_LIB_consensus_vsearch	1699	C	*/-T	390	37	8.47%	2	2	93	93	3.2207878485133436E-12	1	1	288	102	3	34	-T
H11_BC95_191109_LF_LIB_consensus_vsearch	1700	T	T	394	3	0.75%	2	2	93	93	0.1245271122321419	1	1	293	101	2	1	C
H11_BC95_191109_LF_LIB_consensus_vsearch	1701	T	T	433	1	0.23%	2	1	93	93	0.4999999999999138	1	1	297	136	0	1	+C
H11_BC95_191109_LF_LIB_consensus_vsearch	1702	T	*/-C	311	87	19.86%	2	2	93	93	3.2716632086354666E-29	1	1	254	57	39	48	-C
H11_BC95_191109_LF_LIB_consensus_vsearch	1703	C	C	331	2	0.6%	2	1	93	93	0.2496240601503603	1	1	260	71	2	0	T
H11_BC95_191109_LF_LIB_consensus_vsearch	1704	C	C	418	2	0.47%	2	2	93	93	0.24970202622115176	1	1	298	120	1	1	+T
H11_BC95_191109_LF_LIB_consensus_vsearch	1705	C	C	431	4	0.91%	2	2	93	93	0.06206871836935933	1	1	297	134	1	3	-T
H11_BC95_191109_LF_LIB_consensus_vsearch	1706	T	T	430	1	0.23%	2	1	93	93	0.4999999999990043	1	1	298	132	1	0	+C
H11_BC95_191109_LF_LIB_consensus_vsearch	1707	C	C	422	5	1.14%	2	1	93	93	0.030884291702852337	1	1	291	131	5	0	-G
H11_BC95_191109_LF_LIB_consensus_vsearch	1708	G	R	406	10	2.32%	2	2	93	93	9.245677335648258E-4	1	1	272	134	9	1	A
H11_BC95_191109_LF_LIB_consensus_vsearch	1709	C	*/+TT	410	9	2.08%	2	1	93	93	0.0018701717553889113	1	1	278	132	9	0	+TT
H11_BC95_191109_LF_LIB_consensus_vsearch	1710	G	G	422	6	1.38%	2	2	93	93	0.015351840904982691	1	1	287	135	5	1	A
H11_BC95_191109_LF_LIB_consensus_vsearch	1711	G	G	424	5	1.15%	2	1	93	93	0.03088599561913487	1	1	288	136	5	0	T
H11_BC95_191109_LF_LIB_consensus_vsearch	1712	T	T	427	1	0.23%	2	1	93	93	0.4999999999990043	1	1	291	136	1	0	+A
H11_BC95_191109_LF_LIB_consensus_vsearch	1713	A	R	423	8	1.83%	2	2	93	93	0.003780324023462628	1	1	289	134	7	1	G
H11_BC95_191109_LF_LIB_consensus_vsearch	1714	C	C	432	2	0.46%	2	2	93	93	0.2497116493653279	1	1	300	132	1	1	-TT
H11_BC95_191109_LF_LIB_consensus_vsearch	1715	T	T	424	5	1.15%	2	2	93	93	0.03088599561913487	1	1	293	131	4	1	C
H11_BC95_191109_LF_LIB_consensus_vsearch	1716	T	T	419	5	1.15%	2	2	93	93	0.03088170570687224	1	1	288	131	4	1	+A
H11_BC95_191109_LF_LIB_consensus_vsearch	1717	G	G	423	5	1.14%	2	1	93	93	0.030885145650365813	1	1	293	130	5	0	T
H11_BC95_191109_LF_LIB_consensus_vsearch	1718	T	*/+A	404	16	3.69%	2	2	93	93	1.3191918461060696E-5	1	1	274	130	15	1	+A
H11_BC95_191109_LF_LIB_consensus_vsearch	1719	G	*/-TG	389	26	6.02%	2	2	93	93	9.94822384104389E-9	1	1	254	135	25	1	-TG
H11_BC95_191109_LF_LIB_consensus_vsearch	1720	T	T	401	3	0.74%	2	1	93	93	0.1245353159851805	1	1	267	134	3	0	C
H11_BC95_191109_LF_LIB_consensus_vsearch	1721	G	G	398	3	0.74%	2	2	93	93	0.12453183520605009	1	1	267	131	1	2	+TG
H11_BC95_191109_LF_LIB_consensus_vsearch	1722	C	C	430	2	0.46%	2	1	93	93	0.24971031286224527	1	1	295	135	2	0	+TT
H11_BC95_191109_LF_LIB_consensus_vsearch	1723	T	T	430	4	0.92%	2	2	93	93	0.062067724063454545	1	1	297	133	2	2	C
H11_BC95_191109_LF_LIB_consensus_vsearch	1724	A	A	435	1	0.23%	2	1	93	93	0.5000000000008233	1	1	299	136	0	1	+C
H11_BC95_191109_LF_LIB_consensus_vsearch	1725	T	T	428	6	1.37%	2	1	93	93	0.015355608474412826	1	1	292	136	6	0	+C
H11_BC95_191109_LF_LIB_consensus_vsearch	1726	C	C	432	1	0.23%	2	1	93	93	0.5000000000008233	1	1	297	135	1	0	+AC
H11_BC95_191109_LF_LIB_consensus_vsearch	1727	G	G	431	4	0.92%	2	1	93	93	0.06206871836935933	1	1	295	136	4	0	A
H11_BC95_191109_LF_LIB_consensus_vsearch	1728	G	G	433	1	0.23%	2	1	93	93	0.4999999999999138	1	1	299	134	1	0	+A
H11_BC95_191109_LF_LIB_consensus_vsearch	1729	T	T	427	6	1.38%	2	1	93	93	0.015354987779940706	1	1	293	134	6	0	+C
H11_BC95_191109_LF_LIB_consensus_vsearch	1730	C	*/-AC	407	18	4.15%	2	1	93	93	3.1742267644279673E-6	1	1	273	134	18	0	-AC
H11_BC95_191109_LF_LIB_consensus_vsearch	1731	A	A	406	4	0.97%	2	1	93	93	0.06204240475964365	1	1	269	137	4	0	G
H11_BC95_191109_LF_LIB_consensus_vsearch	1732	C	C	415	1	0.24%	2	1	93	93	0.4999999999990043	1	1	281	134	0	1	+AC
H11_BC95_191109_LF_LIB_consensus_vsearch	1733	G	G	433	1	0.23%	2	1	93	93	0.4999999999999138	1	1	298	135	0	1	+C
H11_BC95_191109_LF_LIB_consensus_vsearch	1734	T	T	433	1	0.23%	2	1	93	93	0.4999999999999138	1	1	299	134	0	1	+GT
H11_BC95_191109_LF_LIB_consensus_vsearch	1735	C	C	432	1	0.23%	2	1	93	93	0.5000000000008233	1	1	296	136	1	0	+T
H11_BC95_191109_LF_LIB_consensus_vsearch	1736	A	A	429	6	1.38%	2	2	93	93	0.015356226321811444	1	1	293	136	5	1	G
H11_BC95_191109_LF_LIB_consensus_vsearch	1737	T	T	428	3	0.69%	2	1	93	93	0.12456445993035366	1	1	291	137	3	0	C
H11_BC95_191109_LF_LIB_consensus_vsearch	1738	C	C	427	3	0.69%	2	1	93	93	0.12456344586746677	1	1	290	137	3	0	-A
H11_BC95_191109_LF_LIB_consensus_vsearch	1739	A	A	427	4	0.93%	2	2	93	93	0.06206471344608787	1	1	291	136	3	1	G
H11_BC95_191109_LF_LIB_consensus_vsearch	1740	T	*/-A	418	11	2.52%	2	1	93	93	4.575989670126341E-4	1	1	285	133	11	0	-A
H11_BC95_191109_LF_LIB_consensus_vsearch	1741	A	A	417	6	1.41%	2	1	93	93	0.015348619815559206	1	1	280	137	6	0	G
H11_BC95_191109_LF_LIB_consensus_vsearch	1742	T	K	421	10	2.3%	2	1	93	93	9.263496519144309E-4	1	1	285	136	10	0	G
H11_BC95_191109_LF_LIB_consensus_vsearch	1743	T	T	434	2	0.46%	2	1	93	93	0.24971297359331265	1	1	297	137	2	0	C
H11_BC95_191109_LF_LIB_consensus_vsearch	1744	T	T	431	4	0.91%	2	1	93	93	0.06206871836935933	1	1	295	136	4	0	-A
H11_BC95_191109_LF_LIB_consensus_vsearch	1745	A	A	428	2	0.46%	2	2	93	93	0.24970896391120487	1	1	292	136	1	1	-G
H11_BC95_191109_LF_LIB_consensus_vsearch	1746	G	G	419	5	1.15%	2	1	93	93	0.03088170570687224	1	1	284	135	5	0	A
H11_BC95_191109_LF_LIB_consensus_vsearch	1747	C	C	426	1	0.23%	2	1	93	93	0.4999999999999138	1	1	290	136	1	0	+G
H11_BC95_191109_LF_LIB_consensus_vsearch	1748	C	*/-T	410	11	2.53%	2	2	93	93	4.570278461449636E-4	1	1	286	124	3	8	-T
H11_BC95_191109_LF_LIB_consensus_vsearch	1749	T	T	413	2	0.48%	2	1	93	93	0.24969843184537432	1	1	285	128	2	0	+G
H11_BC95_191109_LF_LIB_consensus_vsearch	1750	T	*/-A	411	10	2.31%	2	1	93	93	9.251755912194793E-4	1	1	276	135	10	0	-A
H11_BC95_191109_LF_LIB_consensus_vsearch	1751	A	A	419	4	0.94%	2	1	93	93	0.06205647623661182	1	1	286	133	0	4	+G
H11_BC95_191109_LF_LIB_consensus_vsearch	1752	G	*/-A	393	34	7.8%	2	2	93	93	2.937364230956813E-11	1	1	260	133	33	1	-A
H11_BC95_191109_LF_LIB_consensus_vsearch	1753	A	A	392	2	0.5%	2	1	93	93	0.24968233799211464	1	1	260	132	2	0	+GA
H11_BC95_191109_LF_LIB_consensus_vsearch	1754	A	*/-G	418	9	2.08%	2	2	93	93	0.0018717084025872061	1	1	289	129	7	2	-G
H11_BC95_191109_LF_LIB_consensus_vsearch	1755	G	G	420	2	0.47%	2	1	93	93	0.24970344009506698	1	1	290	130	2	0	+A
H11_BC95_191109_LF_LIB_consensus_vsearch	1756	G	G	428	4	0.92%	2	1	93	93	0.06206572163388339	1	1	295	133	4	0	A
H11_BC95_191109_LF_LIB_consensus_vsearch	1757	T	T	427	4	0.91%	2	2	93	93	0.06206471344608787	1	1	295	132	3	1	C
H11_BC95_191109_LF_LIB_consensus_vsearch	1758	C	C	430	2	0.46%	2	2	93	93	0.24971031286224527	1	1	298	132	1	1	+T
H11_BC95_191109_LF_LIB_consensus_vsearch	1759	T	T	427	5	1.14%	2	1	93	93	0.03088852192937873	1	1	292	135	5	0	-CT
H11_BC95_191109_LF_LIB_consensus_vsearch	1760	C	C	425	5	1.15%	2	2	93	93	0.03088684163697732	1	1	292	133	2	3	-T
H11_BC95_191109_LF_LIB_consensus_vsearch	1761	T	T	423	1	0.23%	2	1	93	93	0.4999999999999138	1	1	292	131	0	1	+A
H11_BC95_191109_LF_LIB_consensus_vsearch	1762	A	*/-C	419	9	2.06%	2	1	93	93	0.0018718964903564012	1	1	291	128	0	9	-C
H11_BC95_191109_LF_LIB_consensus_vsearch	1763	C	C	413	4	0.94%	2	1	93	93	0.06205009079450623	1	1	289	124	4	0	+A
H11_BC95_191109_LF_LIB_consensus_vsearch	1764	C	C	418	6	1.38%	2	2	93	93	0.015349270096337152	1	1	291	127	1	5	-TC
H11_BC95_191109_LF_LIB_consensus_vsearch	1765	T	*/-C	380	25	5.91%	2	2	93	93	2.0340260797745687E-8	1	1	260	120	19	6	-C
H11_BC95_191109_LF_LIB_consensus_vsearch	1766	C	C	398	1	0.25%	2	1	93	93	0.4999999999999138	1	1	274	124	0	1	+TC
H11_BC95_191109_LF_LIB_consensus_vsearch	1767	C	C	426	2	0.46%	2	1	93	93	0.2497076023388982	1	1	293	133	2	0	+G
H11_BC95_191109_LF_LIB_consensus_vsearch	1768	C	*/-AC	416	11	2.52%	2	1	93	93	4.574581519691363E-4	1	1	279	137	11	0	-AC
H11_BC95_191109_LF_LIB_consensus_vsearch	1769	A	A	413	2	0.48%	2	1	93	93	0.24969843184537432	1	1	277	136	2	0	-CT
H11_BC95_191109_LF_LIB_consensus_vsearch	1770	C	C	416	2	0.47%	2	2	93	93	0.24970059880228618	1	1	281	135	1	1	+T
H11_BC95_191109_LF_LIB_consensus_vsearch	1771	T	T	424	4	0.93%	2	1	93	93	0.06206166059929218	1	1	290	134	4	0	G
H11_BC95_191109_LF_LIB_consensus_vsearch	1772	T	Y	420	8	1.83%	2	1	93	93	0.003779448151948946	1	1	290	130	8	0	C
H11_BC95_191109_LF_LIB_consensus_vsearch	1773	G	G	427	3	0.69%	2	1	93	93	0.12456344586746677	1	1	297	130	3	0	A
H11_BC95_191109_LF_LIB_consensus_vsearch	1774	G	G	432	2	0.46%	2	1	93	93	0.2497116493653279	1	1	301	131	0	2	A
H11_BC95_191109_LF_LIB_consensus_vsearch	1775	C	C	427	3	0.69%	2	2	93	93	0.12456344586746677	1	1	298	129	2	1	-GC
H11_BC95_191109_LF_LIB_consensus_vsearch	1776	G	G	427	4	0.92%	2	2	93	93	0.06206471344608787	1	1	294	133	2	2	-CA
H11_BC95_191109_LF_LIB_consensus_vsearch	1777	C	C	428	1	0.23%	2	1	93	93	0.5000000000008233	1	1	297	131	0	1	+GC
H11_BC95_191109_LF_LIB_consensus_vsearch	1778	A	A	424	6	1.39%	2	2	93	93	0.015353108416041601	1	1	295	129	4	2	G
H11_BC95_191109_LF_LIB_consensus_vsearch	1779	G	R	426	7	1.61%	2	1	93	93	0.007623929979105209	1	1	294	132	7	0	A
H11_BC95_191109_LF_LIB_consensus_vsearch	1780	C	*/+G	416	14	3.23%	2	1	93	93	5.4813912517372454E-5	1	1	284	132	14	0	+G
H11_BC95_191109_LF_LIB_consensus_vsearch	1781	A	*/-T	413	15	3.47%	2	2	93	93	2.693750469087132E-5	1	1	282	131	14	1	-T
H11_BC95_191109_LF_LIB_consensus_vsearch	1782	T	T	419	3	0.71%	2	1	93	93	0.12455516014247174	1	1	284	135	3	0	G
H11_BC95_191109_LF_LIB_consensus_vsearch	1783	T	T	435	1	0.23%	2	1	93	93	0.5000000000008233	1	1	301	134	0	1	+A
H11_BC95_191109_LF_LIB_consensus_vsearch	1784	A	*/-CA	416	9	2.05%	2	2	93	93	0.001871329602106588	1	1	285	131	8	1	-CA
H11_BC95_191109_LF_LIB_consensus_vsearch	1785	C	*/+A	380	28	6.62%	2	2	93	93	2.306327712167843E-9	1	1	274	106	6	22	+A
H11_BC95_191109_LF_LIB_consensus_vsearch	1786	A	A	413	1	0.24%	2	1	93	93	0.5000000000008233	1	1	284	129	1	0	+CA
H11_BC95_191109_LF_LIB_consensus_vsearch	1787	A	A	432	1	0.23%	2	1	93	93	0.5000000000008233	1	1	297	135	1	0	+GGA
H11_BC95_191109_LF_LIB_consensus_vsearch	1788	A	A	434	3	0.68%	2	2	93	93	0.12457044673541934	1	1	298	136	2	1	G
H11_BC95_191109_LF_LIB_consensus_vsearch	1789	A	A	429	5	1.14%	2	1	93	93	0.030890186744528703	1	1	293	136	5	0	G
H11_BC95_191109_LF_LIB_consensus_vsearch	1790	C	*/-T	418	10	2.29%	2	2	93	93	9.260031044371504E-4	1	1	286	132	8	2	-T
H11_BC95_191109_LF_LIB_consensus_vsearch	1791	T	T	420	4	0.94%	2	1	93	93	0.062057522896676466	1	1	286	134	4	0	-AC
H11_BC95_191109_LF_LIB_consensus_vsearch	1792	A	A	422	3	0.7%	2	2	93	93	0.12455830388715546	1	1	289	133	2	1	G
H11_BC95_191109_LF_LIB_consensus_vsearch	1793	C	C	425	1	0.23%	2	1	93	93	0.4999999999999138	1	1	291	134	1	0	+T
H11_BC95_191109_LF_LIB_consensus_vsearch	1794	G	G	432	2	0.46%	2	1	93	93	0.2497116493653279	1	1	298	134	2	0	-CG
H11_BC95_191109_LF_LIB_consensus_vsearch	1795	C	C	425	2	0.46%	2	1	93	93	0.24970691676425003	1	1	292	133	2	0	+A
H11_BC95_191109_LF_LIB_consensus_vsearch	1796	G	G	425	2	0.46%	2	2	93	93	0.24970691676425003	1	1	291	134	1	1	+CG
H11_BC95_191109_LF_LIB_consensus_vsearch	1797	A	A	423	3	0.69%	2	1	93	93	0.12455934195065375	1	1	290	133	0	3	+C
H11_BC95_191109_LF_LIB_consensus_vsearch	1798	C	C	431	2	0.46%	2	1	93	93	0.24971098265883573	1	1	297	134	0	2	+T
H11_BC95_191109_LF_LIB_consensus_vsearch	1799	T	T	429	2	0.46%	2	2	93	93	0.2497096399537788	1	1	297	132	1	1	+C
H11_BC95_191109_LF_LIB_consensus_vsearch	1800	C	C	423	4	0.92%	2	1	93	93	0.06206063344550859	1	1	295	128	4	0	-GAGG
H11_BC95_191109_LF_LIB_consensus_vsearch	1801	G	G	422	3	0.69%	2	2	93	93	0.12455830388715546	1	1	286	136	2	1	-A
H11_BC95_191109_LF_LIB_consensus_vsearch	1802	A	*/-GGA	401	13	3.05%	2	1	93	93	1.1093524631087374E-4	1	1	267	134	13	0	-GGA
H11_BC95_191109_LF_LIB_consensus_vsearch	1803	G	G	410	1	0.24%	2	1	93	93	0.5000000000008233	1	1	276	134	0	1	+A
H11_BC95_191109_LF_LIB_consensus_vsearch	1804	G	*/-AG	378	27	6.44%	2	1	93	93	4.759853698313382E-9	1	1	242	136	27	0	-AG
H11_BC95_191109_LF_LIB_consensus_vsearch	1805	A	A	379	1	0.26%	2	1	93	93	0.4999999999999138	1	1	246	133	1	0	+G
H11_BC95_191109_LF_LIB_consensus_vsearch	1806	G	G	401	4	0.97%	2	1	93	93	0.06203675196794108	1	1	272	129	0	4	-T
H11_BC95_191109_LF_LIB_consensus_vsearch	1807	T	T	427	2	0.46%	2	2	93	93	0.24970828471410914	1	1	298	129	1	1	C
H11_BC95_191109_LF_LIB_consensus_vsearch	1808	G	G	430	2	0.46%	2	2	93	93	0.24971031286224527	1	1	298	132	1	1	T
H11_BC95_191109_LF_LIB_consensus_vsearch	1809	C	C	423	5	1.15%	2	2	93	93	0.030885145650365813	1	1	294	129	3	2	+T
H11_BC95_191109_LF_LIB_consensus_vsearch	1810	T	T	433	1	0.23%	2	1	93	93	0.4999999999999138	1	1	298	135	0	1	C
H11_BC95_191109_LF_LIB_consensus_vsearch	1811	T	T	432	3	0.68%	2	2	93	93	0.12456846950514457	1	1	300	132	1	2	G
H11_BC95_191109_LF_LIB_consensus_vsearch	1812	G	G	430	4	0.92%	2	2	93	93	0.062067724063454545	1	1	300	130	1	3	A
H11_BC95_191109_LF_LIB_consensus_vsearch	1813	T	T	425	5	1.14%	2	2	93	93	0.03088684163697732	1	1	295	130	3	2	-C
H11_BC95_191109_LF_LIB_consensus_vsearch	1814	C	*/-A	383	40	9.28%	2	1	93	93	3.456271554554973E-13	1	1	252	131	40	0	-A
H11_BC95_191109_LF_LIB_consensus_vsearch	1815	A	A	383	6	1.53%	2	2	93	93	0.015324526212125619	1	1	249	134	5	1	G
H11_BC95_191109_LF_LIB_consensus_vsearch	1816	T	K	385	41	9.53%	2	1	93	93	1.6547963174145619E-13	1	1	252	133	41	0	G
H11_BC95_191109_LF_LIB_consensus_vsearch	1817	T	T	433	1	0.23%	2	1	93	93	0.4999999999999138	1	1	297	136	0	1	+A
H11_BC95_191109_LF_LIB_consensus_vsearch	1818	G	R	427	7	1.6%	2	1	93	93	0.007624362444354587	1	1	291	136	7	0	A
H11_BC95_191109_LF_LIB_consensus_vsearch	1819	G	G	436	1	0.23%	2	1	93	93	0.5000000000008233	1	1	299	137	1	0	-C
H11_BC95_191109_LF_LIB_consensus_vsearch	1820	C	C	434	1	0.23%	2	1	93	93	0.4999999999999138	1	1	299	135	0	1	+TGGGC
H11_BC95_191109_LF_LIB_consensus_vsearch	1821	G	G	431	3	0.69%	2	1	93	93	0.12456747404820136	1	1	294	137	3	0	A
H11_BC95_191109_LF_LIB_consensus_vsearch	1822	C	*/-G	419	8	1.83%	2	1	93	93	0.0037791534811211507	1	1	286	133	8	0	-G
H11_BC95_191109_LF_LIB_consensus_vsearch	1823	G	*/-A	406	10	2.34%	2	1	93	93	9.245677335648258E-4	1	1	274	132	10	0	-A
H11_BC95_191109_LF_LIB_consensus_vsearch	1824	A	A	412	3	0.71%	2	1	93	93	0.12454764776856536	1	1	276	136	3	0	+GG
H11_BC95_191109_LF_LIB_consensus_vsearch	1825	G	G	430	3	0.69%	2	1	93	93	0.12456647398843287	1	1	295	135	3	0	+AG
H11_BC95_191109_LF_LIB_consensus_vsearch	1826	T	T	432	2	0.46%	2	1	93	93	0.2497116493653279	1	1	297	135	2	0	C
H11_BC95_191109_LF_LIB_consensus_vsearch	1827	G	G	425	4	0.92%	2	2	93	93	0.0620626829618069	1	1	291	134	3	1	A
H11_BC95_191109_LF_LIB_consensus_vsearch	1828	C	C	425	6	1.39%	2	1	93	93	0.015353737770788975	1	1	290	135	6	0	+G
H11_BC95_191109_LF_LIB_consensus_vsearch	1829	A	R	375	51	11.78%	2	1	93	93	9.03964216122791E-17	1	1	242	133	51	0	G
H11_BC95_191109_LF_LIB_consensus_vsearch	1830	G	G	430	1	0.23%	2	1	93	93	0.4999999999990043	1	1	295	135	1	0	+C
H11_BC95_191109_LF_LIB_consensus_vsearch	1831	G	*/+C	419	10	2.29%	2	1	93	93	9.261191504201837E-4	1	1	285	134	10	0	+C
H11_BC95_191109_LF_LIB_consensus_vsearch	1832	C	C	423	3	0.69%	2	1	93	93	0.12455934195065375	1	1	289	134	3	0	+G
H11_BC95_191109_LF_LIB_consensus_vsearch	1833	A	R	369	45	10.42%	2	1	93	93	8.02781759799064E-15	1	1	238	131	45	0	G
H11_BC95_191109_LF_LIB_consensus_vsearch	1834	G	*/+A	403	18	4.26%	2	1	93	93	3.168570189223664E-6	1	1	270	133	18	0	+A
H11_BC95_191109_LF_LIB_consensus_vsearch	1835	G	G	425	6	1.38%	2	1	93	93	0.015353737770788975	1	1	291	134	6	0	A
H11_BC95_191109_LF_LIB_consensus_vsearch	1836	T	T	427	3	0.69%	2	2	93	93	0.12456344586746677	1	1	294	133	1	2	-G
H11_BC95_191109_LF_LIB_consensus_vsearch	1837	G	G	422	3	0.69%	2	1	93	93	0.12455830388715546	1	1	288	134	3	0	A
H11_BC95_191109_LF_LIB_consensus_vsearch	1838	G	K	421	7	1.61%	2	1	93	93	0.007621737484585097	1	1	287	134	7	0	T
H11_BC95_191109_LF_LIB_consensus_vsearch	1839	T	T	424	3	0.7%	2	1	93	93	0.12456037514670402	1	1	296	128	0	3	C
H11_BC95_191109_LF_LIB_consensus_vsearch	1840	A	A	424	4	0.93%	2	2	93	93	0.06206166059929218	1	1	291	133	2	2	G
H11_BC95_191109_LF_LIB_consensus_vsearch	1841	C	C	428	2	0.46%	2	1	93	93	0.24970896391120487	1	1	293	135	2	0	+T
H11_BC95_191109_LF_LIB_consensus_vsearch	1842	A	R	402	17	3.93%	2	2	93	93	6.465281837282248E-6	1	1	282	120	15	2	G
H11_BC95_191109_LF_LIB_consensus_vsearch	1843	G	G	426	1	0.23%	2	1	93	93	0.4999999999999138	1	1	300	126	0	1	+T
H11_BC95_191109_LF_LIB_consensus_vsearch	1844	G	G	435	1	0.23%	2	1	93	93	0.5000000000008233	1	1	299	136	0	1	+TG
H11_BC95_191109_LF_LIB_consensus_vsearch	1845	A	*/-C	412	19	4.34%	2	1	93	93	1.5573275146178692E-6	1	1	296	116	0	19	-C
H11_BC95_191109_LF_LIB_consensus_vsearch	1846	C	C	410	5	1.19%	2	1	93	93	0.0308737235316268	1	1	294	116	5	0	-T
H11_BC95_191109_LF_LIB_consensus_vsearch	1847	T	T	428	3	0.69%	2	2	93	93	0.12456445993035366	1	1	295	133	1	2	A
H11_BC95_191109_LF_LIB_consensus_vsearch	1848	G	S	407	19	4.34%	2	1	93	93	1.5535434164384367E-6	1	1	293	114	0	19	C
H11_BC95_191109_LF_LIB_consensus_vsearch	1849	T	W	407	19	4.4%	2	1	93	93	1.5535434164384367E-6	1	1	295	112	0	19	A
H11_BC95_191109_LF_LIB_consensus_vsearch	1850	G	G	432	1	0.23%	2	1	93	93	0.5000000000008233	1	1	298	134	1	0	-A
H11_BC95_191109_LF_LIB_consensus_vsearch	1851	A	*/-C	390	38	8.72%	2	2	93	93	1.5407043626190607E-12	1	1	281	109	15	23	-C
H11_BC95_191109_LF_LIB_consensus_vsearch	1852	C	C	397	1	0.25%	2	1	93	93	0.4999999999990043	1	1	284	113	1	0	A
H11_BC95_191109_LF_LIB_consensus_vsearch	1853	C	C	431	4	0.92%	2	1	93	93	0.06206871836935933	1	1	296	135	4	0	+A
H11_BC95_191109_LF_LIB_consensus_vsearch	1854	C	C	433	4	0.92%	2	2	93	93	0.06207069332172113	1	1	298	135	3	1	-T
H11_BC95_191109_LF_LIB_consensus_vsearch	1855	T	*/-CT	414	14	3.23%	2	2	93	93	5.478593949196498E-5	1	1	293	121	1	13	-CT
H11_BC95_191109_LF_LIB_consensus_vsearch	1856	C	C	416	1	0.24%	2	1	93	93	0.4999999999999138	1	1	295	121	1	0	+A
H11_BC95_191109_LF_LIB_consensus_vsearch	1857	T	T	412	4	0.95%	2	2	93	93	0.062049008635505214	1	1	292	120	2	2	+G
H11_BC95_191109_LF_LIB_consensus_vsearch	1858	G	*/-AG	403	25	5.75%	2	1	93	93	2.0774795674191712E-8	1	1	267	136	25	0	-AG
H11_BC95_191109_LF_LIB_consensus_vsearch	1859	A	*/-G	382	13	3.19%	2	2	93	93	1.1041780449831012E-4	1	1	250	132	12	1	-G
H11_BC95_191109_LF_LIB_consensus_vsearch	1860	G	G	392	2	0.5%	2	1	93	93	0.24968233799211464	1	1	260	132	2	0	+A
H11_BC95_191109_LF_LIB_consensus_vsearch	1861	G	G	429	4	0.92%	2	1	93	93	0.062066725162242674	1	1	296	133	4	0	T
H11_BC95_191109_LF_LIB_consensus_vsearch	1862	T	T	433	1	0.23%	2	1	93	93	0.4999999999999138	1	1	300	133	0	1	+G
H11_BC95_191109_LF_LIB_consensus_vsearch	1863	G	G	430	6	1.37%	2	2	93	93	0.015356841341651906	1	1	296	134	4	2	-C
H11_BC95_191109_LF_LIB_consensus_vsearch	1864	C	C	430	1	0.23%	2	1	93	93	0.4999999999990043	1	1	295	135	1	0	+TGA
H11_BC95_191109_LF_LIB_consensus_vsearch	1865	C	C	427	6	1.37%	2	2	93	93	0.015354987779940706	1	1	297	130	1	5	T
H11_BC95_191109_LF_LIB_consensus_vsearch	1866	G	G	425	3	0.69%	2	1	93	93	0.12456140350894482	1	1	295	130	0	3	+CCG
H11_BC95_191109_LF_LIB_consensus_vsearch	1867	T	T	426	2	0.46%	2	1	93	93	0.2497076023388982	1	1	295	131	2	0	+C
H11_BC95_191109_LF_LIB_consensus_vsearch	1868	G	*/-T	406	11	2.56%	2	2	93	93	4.5673424053118783E-4	1	1	279	127	10	1	-T
H11_BC95_191109_LF_LIB_consensus_vsearch	1869	T	Y	409	8	1.9%	2	2	93	93	0.00377612966169784	1	1	283	126	4	4	C
H11_BC95_191109_LF_LIB_consensus_vsearch	1870	T	T	428	3	0.69%	2	2	93	93	0.12456445993035366	1	1	295	133	2	1	A
H11_BC95_191109_LF_LIB_consensus_vsearch	1871	T	*/+C	404	19	4.35%	2	2	93	93	1.5512335795401686E-6	1	1	273	131	17	2	+C
H11_BC95_191109_LF_LIB_consensus_vsearch	1872	C	C	424	5	1.15%	2	1	93	93	0.03088599561913487	1	1	295	129	0	5	+A
H11_BC95_191109_LF_LIB_consensus_vsearch	1873	A	A	430	3	0.69%	2	1	93	93	0.12456647398843287	1	1	294	136	3	0	G
H11_BC95_191109_LF_LIB_consensus_vsearch	1874	A	R	403	31	7.09%	2	2	93	93	2.672306318115701E-10	1	1	267	136	30	1	G
H11_BC95_191109_LF_LIB_consensus_vsearch	1875	C	C	421	6	1.37%	2	2	93	93	0.01535120270746072	1	1	292	129	2	4	-G
H11_BC95_191109_LF_LIB_consensus_vsearch	1876	G	G	425	6	1.39%	2	2	93	93	0.015353737770788975	1	1	294	131	4	2	A
H11_BC95_191109_LF_LIB_consensus_vsearch	1877	G	G	431	4	0.92%	2	1	93	93	0.06206871836935933	1	1	295	136	4	0	-AC
H11_BC95_191109_LF_LIB_consensus_vsearch	1878	A	A	427	3	0.69%	2	1	93	93	0.12456344586746677	1	1	296	131	0	3	+T
H11_BC95_191109_LF_LIB_consensus_vsearch	1879	C	*/-T	417	10	2.31%	2	2	93	93	9.258865234089794E-4	1	1	284	133	8	2	-T
H11_BC95_191109_LF_LIB_consensus_vsearch	1880	T	T	420	6	1.41%	2	2	93	93	0.01535056152092204	1	1	286	134	5	1	C
H11_BC95_191109_LF_LIB_consensus_vsearch	1881	T	T	416	6	1.38%	2	2	93	93	0.015347966460357092	1	1	285	131	4	2	-C
H11_BC95_191109_LF_LIB_consensus_vsearch	1882	C	C	421	1	0.24%	2	1	93	93	0.4999999999999138	1	1	287	134	1	0	+TTC
H11_BC95_191109_LF_LIB_consensus_vsearch	1883	C	*/-ACC	416	8	1.86%	2	1	93	93	0.003778261194268045	1	1	281	135	8	0	-ACC
H11_BC95_191109_LF_LIB_consensus_vsearch	1884	A	A	418	3	0.7%	2	1	93	93	0.12455410225923637	1	1	283	135	3	0	+C
H11_BC95_191109_LF_LIB_consensus_vsearch	1885	C	C	420	2	0.47%	2	1	93	93	0.24970344009506698	1	1	287	133	0	2	A
H11_BC95_191109_LF_LIB_consensus_vsearch	1886	C	C	419	3	0.7%	2	1	93	93	0.12455516014247174	1	1	290	129	0	3	T
H11_BC95_191109_LF_LIB_consensus_vsearch	1887	G	G	426	5	1.14%	2	1	93	93	0.0308876837313223	1	1	294	132	0	5	-CCG
H11_BC95_191109_LF_LIB_consensus_vsearch	1888	C	C	428	2	0.46%	2	1	93	93	0.24970896391120487	1	1	297	131	2	0	T
H11_BC95_191109_LF_LIB_consensus_vsearch	1889	C	C	424	4	0.93%	2	1	93	93	0.06206166059929218	1	1	295	129	4	0	A
H11_BC95_191109_LF_LIB_consensus_vsearch	1890	G	G	424	4	0.93%	2	2	93	93	0.06206166059929218	1	1	293	131	3	1	A
H11_BC95_191109_LF_LIB_consensus_vsearch	1891	T	T	432	3	0.69%	2	1	93	93	0.12456846950514457	1	1	295	137	3	0	C
H11_BC95_191109_LF_LIB_consensus_vsearch	1892	T	T	434	2	0.46%	2	1	93	93	0.24971297359331265	1	1	299	135	0	2	+A
H11_BC95_191109_LF_LIB_consensus_vsearch	1893	A	A	432	4	0.91%	2	1	93	93	0.06206970811168755	1	1	296	136	4	0	-CA
H11_BC95_191109_LF_LIB_consensus_vsearch	1894	C	C	430	2	0.46%	2	2	93	93	0.24971031286224527	1	1	295	135	1	1	-ATAC
H11_BC95_191109_LF_LIB_consensus_vsearch	1895	A	A	425	4	0.93%	2	2	93	93	0.0620626829618069	1	1	291	134	2	2	G
H11_BC95_191109_LF_LIB_consensus_vsearch	1896	T	T	425	4	0.92%	2	2	93	93	0.0620626829618069	1	1	291	134	3	1	C
H11_BC95_191109_LF_LIB_consensus_vsearch	1897	A	R	424	8	1.85%	2	1	93	93	0.0037806132981311326	1	1	289	135	8	0	G
H11_BC95_191109_LF_LIB_consensus_vsearch	1898	C	C	424	4	0.92%	2	1	93	93	0.06206166059929218	1	1	291	133	4	0	+A
H11_BC95_191109_LF_LIB_consensus_vsearch	1899	G	G	424	5	1.15%	2	1	93	93	0.03088599561913487	1	1	287	137	5	0	C
H11_BC95_191109_LF_LIB_consensus_vsearch	1900	C	*/+G	426	9	2.05%	2	1	93	93	0.001873189162106254	1	1	289	137	9	0	+G
H11_BC95_191109_LF_LIB_consensus_vsearch	1901	A	*/-G	419	12	2.75%	2	1	93	93	2.2591089391076449E-4	1	1	283	136	12	0	-G
H11_BC95_191109_LF_LIB_consensus_vsearch	1902	G	G	421	2	0.47%	2	1	93	93	0.24970414201215435	1	1	285	136	2	0	+A
H11_BC95_191109_LF_LIB_consensus_vsearch	1903	A	A	428	5	1.15%	2	1	93	93	0.030889356258247617	1	1	293	135	5	0	+C
H11_BC95_191109_LF_LIB_consensus_vsearch	1904	C	*/-A	399	14	3.2%	2	2	93	93	5.456785241416283E-5	1	1	279	120	12	2	-A
H11_BC95_191109_LF_LIB_consensus_vsearch	1905	A	R	220	169	41.12%	2	2	93	93	7.546292564158836E-62	1	1	154	66	113	56	G
H11_BC95_191109_LF_LIB_consensus_vsearch	1906	A	A	418	3	0.71%	2	1	93	93	0.12455410225923637	1	1	294	124	3	0	C
H11_BC95_191109_LF_LIB_consensus_vsearch	1907	A	A	431	6	1.37%	2	2	93	93	0.015357453553398438	1	1	296	135	5	1	G
H11_BC95_191109_LF_LIB_consensus_vsearch	1908	G	G	434	1	0.23%	2	1	93	93	0.4999999999999138	1	1	299	135	1	0	+AAG
H11_BC95_191109_LF_LIB_consensus_vsearch	1909	C	C	433	2	0.46%	2	2	93	93	0.2497123130030455	1	1	299	134	1	1	T
H11_BC95_191109_LF_LIB_consensus_vsearch	1910	G	G	432	1	0.23%	2	1	93	93	0.5000000000008233	1	1	297	135	1	0	+A
H11_BC95_191109_LF_LIB_consensus_vsearch	1911	T	T	430	4	0.92%	2	1	93	93	0.062067724063454545	1	1	295	135	4	0	-C
H11_BC95_191109_LF_LIB_consensus_vsearch	1912	C	C	431	0	0%	2	0	93	0	1.0	1	0	295	136	0	0	
H11_BC95_191109_LF_LIB_consensus_vsearch	1913	C	C	427	3	0.69%	2	1	93	93	0.12456344586746677	1	1	292	135	3	0	+GC
H11_BC95_191109_LF_LIB_consensus_vsearch	1914	A	R	414	10	2.29%	2	2	93	93	9.255335328018615E-4	1	1	282	132	9	1	G
H11_BC95_191109_LF_LIB_consensus_vsearch	1915	T	*/+A	402	17	3.92%	2	1	93	93	6.465281837282248E-6	1	1	267	135	17	0	+A
H11_BC95_191109_LF_LIB_consensus_vsearch	1916	A	A	425	4	0.92%	2	1	93	93	0.0620626829618069	1	1	293	132	4	0	G
H11_BC95_191109_LF_LIB_consensus_vsearch	1917	G	K	409	21	4.81%	2	1	93	93	3.712966667784702E-7	1	1	274	135	21	0	T
H11_BC95_191109_LF_LIB_consensus_vsearch	1918	T	*/-GC	423	7	1.61%	2	2	93	93	0.007622620571895094	1	1	295	128	2	5	-GC
H11_BC95_191109_LF_LIB_consensus_vsearch	1919	G	G	422	2	0.47%	2	2	93	93	0.2497048406136616	1	1	293	129	1	1	A
H11_BC95_191109_LF_LIB_consensus_vsearch	1920	C	Y	412	7	1.63%	2	2	93	93	0.007617659773976637	1	1	287	125	4	3	T
H11_BC95_191109_LF_LIB_consensus_vsearch	1921	A	R	417	11	2.55%	2	2	93	93	4.575287206333824E-4	1	1	282	135	10	1	G
H11_BC95_191109_LF_LIB_consensus_vsearch	1922	C	C	422	5	1.15%	2	2	93	93	0.030884291702852337	1	1	288	134	3	2	T
H11_BC95_191109_LF_LIB_consensus_vsearch	1923	A	A	427	2	0.46%	2	1	93	93	0.24970828471410914	1	1	291	136	2	0	T
H11_BC95_191109_LF_LIB_consensus_vsearch	1924	A	A	426	4	0.92%	2	1	93	93	0.06206370056623179	1	1	294	132	4	0	G
H11_BC95_191109_LF_LIB_consensus_vsearch	1925	C	*/+T	421	7	1.61%	2	1	93	93	0.007621737484585097	1	1	297	124	0	7	+T
H11_BC95_191109_LF_LIB_consensus_vsearch	1926	T	*/+C	380	37	8.58%	2	2	93	93	3.155586279416952E-12	1	1	260	120	33	4	+C
H11_BC95_191109_LF_LIB_consensus_vsearch	1927	C	*/-G	409	15	3.5%	2	1	93	93	2.690525827778812E-5	1	1	294	115	0	15	-G
H11_BC95_191109_LF_LIB_consensus_vsearch	1928	G	G	408	6	1.43%	2	2	93	93	0.015342626272718554	1	1	296	112	5	1	A
H11_BC95_191109_LF_LIB_consensus_vsearch	1929	G	G	431	3	0.69%	2	1	93	93	0.12456747404820136	1	1	295	136	3	0	-A
H11_BC95_191109_LF_LIB_consensus_vsearch	1930	A	A	426	5	1.16%	2	1	93	93	0.0308876837313223	1	1	290	136	5	0	T
H11_BC95_191109_LF_LIB_consensus_vsearch	1931	C	Y	420	10	2.3%	2	2	93	93	9.262346650300045E-4	1	1	286	134	8	2	T
H11_BC95_191109_LF_LIB_consensus_vsearch	1932	A	R	409	12	2.77%	2	2	93	93	2.2548906969822708E-4	1	1	274	135	11	1	G
H11_BC95_191109_LF_LIB_consensus_vsearch	1933	C	*/-G	408	11	2.53%	2	2	93	93	4.5688172943049915E-4	1	1	283	125	1	10	-G
H11_BC95_191109_LF_LIB_consensus_vsearch	1934	G	R	409	15	3.52%	2	1	93	93	2.690525827778812E-5	1	1	282	127	15	0	A
H11_BC95_191109_LF_LIB_consensus_vsearch	1935	G	*/+A	418	14	3.2%	2	1	93	93	5.4841636470744183E-5	1	1	281	137	14	0	+A
H11_BC95_191109_LF_LIB_consensus_vsearch	1936	G	*/+T	408	20	4.57%	2	1	93	93	7.598832965227904E-7	1	1	271	137	20	0	+T
H11_BC95_191109_LF_LIB_consensus_vsearch	1937	T	Y	414	19	4.39%	2	2	93	93	1.5588186688080025E-6	1	1	295	119	1	18	C
H11_BC95_191109_LF_LIB_consensus_vsearch	1938	T	T	435	1	0.23%	2	1	93	93	0.5000000000008233	1	1	299	136	0	1	+C
H11_BC95_191109_LF_LIB_consensus_vsearch	1939	T	*/-A	423	8	1.83%	2	1	93	93	0.003780324023462628	1	1	287	136	8	0	-A
H11_BC95_191109_LF_LIB_consensus_vsearch	1940	A	*/-C	341	68	15.96%	2	2	93	93	1.6216595704985325E-22	1	1	211	130	65	3	-C
H11_BC95_191109_LF_LIB_consensus_vsearch	1941	C	S	333	10	2.81%	2	1	93	93	9.137141362428344E-4	1	1	213	120	10	0	G
H11_BC95_191109_LF_LIB_consensus_vsearch	1942	C	C	421	2	0.47%	2	1	93	93	0.24970414201215435	1	1	288	133	2	0	G
H11_BC95_191109_LF_LIB_consensus_vsearch	1943	C	C	425	3	0.7%	2	1	93	93	0.12456140350894482	1	1	292	133	0	3	+T
H11_BC95_191109_LF_LIB_consensus_vsearch	1944	C	*/-AC	377	40	9.15%	2	1	93	93	3.406090223079666E-13	1	1	251	126	40	0	-AC
H11_BC95_191109_LF_LIB_consensus_vsearch	1945	A	A	384	4	1.03%	2	2	93	93	0.06201644201482272	1	1	250	134	3	1	G
H11_BC95_191109_LF_LIB_consensus_vsearch	1946	C	C	387	4	1.01%	2	2	93	93	0.062020154536760255	1	1	253	134	2	2	T
H11_BC95_191109_LF_LIB_consensus_vsearch	1947	G	G	424	4	0.93%	2	1	93	93	0.06206166059929218	1	1	288	136	4	0	-C
H11_BC95_191109_LF_LIB_consensus_vsearch	1948	C	C	425	1	0.23%	2	1	93	93	0.4999999999999138	1	1	289	136	1	0	+A
H11_BC95_191109_LF_LIB_consensus_vsearch	1949	C	C	427	3	0.69%	2	1	93	93	0.12456344586746677	1	1	290	137	3	0	+G
H11_BC95_191109_LF_LIB_consensus_vsearch	1950	A	*/-G	420	13	2.97%	2	2	93	93	1.1140871758939428E-4	1	1	288	132	12	1	-G
H11_BC95_191109_LF_LIB_consensus_vsearch	1951	G	G	420	3	0.71%	2	1	93	93	0.12455621301805807	1	1	285	135	3	0	-A
H11_BC95_191109_LF_LIB_consensus_vsearch	1952	A	A	430	3	0.69%	2	1	93	93	0.12456647398843287	1	1	294	136	3	0	G
H11_BC95_191109_LF_LIB_consensus_vsearch	1953	T	T	432	2	0.46%	2	1	93	93	0.2497116493653279	1	1	298	134	0	2	+C
H11_BC95_191109_LF_LIB_consensus_vsearch	1954	T	*/-C	425	7	1.6%	2	2	93	93	0.007623495521158642	1	1	291	134	4	3	-C
H11_BC95_191109_LF_LIB_consensus_vsearch	1955	C	C	425	2	0.47%	2	1	93	93	0.24970691676425003	1	1	293	132	2	0	T
H11_BC95_191109_LF_LIB_consensus_vsearch	1956	A	R	420	9	2.06%	2	1	93	93	0.0018720837112055043	1	1	285	135	9	0	G
H11_BC95_191109_LF_LIB_consensus_vsearch	1957	C	C	429	2	0.46%	2	1	93	93	0.2497096399537788	1	1	293	136	2	0	-ACA
H11_BC95_191109_LF_LIB_consensus_vsearch	1958	A	*/-CA	373	50	11.55%	2	2	93	93	1.9060498793718772E-16	1	1	264	109	27	23	-CA
H11_BC95_191109_LF_LIB_consensus_vsearch	1959	C	C	371	3	0.78%	2	2	93	93	0.1244979919678599	1	1	261	110	1	2	T
H11_BC95_191109_LF_LIB_consensus_vsearch	1960	A	A	366	4	1.06%	2	1	93	93	0.061992901772438824	1	1	255	111	4	0	G
H11_BC95_191109_LF_LIB_consensus_vsearch	1961	T	T	423	6	1.39%	2	1	93	93	0.015352476134252922	1	1	289	134	6	0	G
H11_BC95_191109_LF_LIB_consensus_vsearch	1962	T	T	422	3	0.69%	2	2	93	93	0.12455830388715546	1	1	290	132	1	2	+G
H11_BC95_191109_LF_LIB_consensus_vsearch	1963	G	*/-A	425	7	1.61%	2	1	93	93	0.007623495521158642	1	1	289	136	7	0	-A
H11_BC95_191109_LF_LIB_consensus_vsearch	1964	A	R	416	7	1.63%	2	1	93	93	0.007619493408432325	1	1	280	136	7	0	G
H11_BC95_191109_LF_LIB_consensus_vsearch	1965	G	G	421	5	1.16%	2	1	93	93	0.030883433748668913	1	1	286	135	5	0	-C
H11_BC95_191109_LF_LIB_consensus_vsearch	1966	C	C	425	4	0.93%	2	1	93	93	0.0620626829618069	1	1	289	136	4	0	G
H11_BC95_191109_LF_LIB_consensus_vsearch	1967	C	Y	419	12	2.75%	2	2	93	93	2.2591089391076449E-4	1	1	291	128	5	7	T
H11_BC95_191109_LF_LIB_consensus_vsearch	1968	G	G	431	4	0.92%	2	1	93	93	0.06206871836935933	1	1	295	136	4	0	-A
H11_BC95_191109_LF_LIB_consensus_vsearch	1969	A	A	431	1	0.23%	2	1	93	93	0.4999999999999138	1	1	295	136	1	0	+GA
H11_BC95_191109_LF_LIB_consensus_vsearch	1970	T	*/-C	295	130	29.75%	2	2	93	93	6.085854078673737E-45	1	1	214	81	81	49	-C
H11_BC95_191109_LF_LIB_consensus_vsearch	1971	C	C	306	1	0.33%	2	1	93	93	0.4999999999999138	1	1	218	88	1	0	+AC
H11_BC95_191109_LF_LIB_consensus_vsearch	1972	C	C	426	4	0.92%	2	2	93	93	0.06206370056623179	1	1	293	133	1	3	+T
H11_BC95_191109_LF_LIB_consensus_vsearch	1973	C	C	433	5	1.14%	2	2	93	93	0.030893470790357477	1	1	299	134	2	3	-T
H11_BC95_191109_LF_LIB_consensus_vsearch	1974	T	T	424	4	0.92%	2	1	93	93	0.06206166059929218	1	1	295	129	0	4	-C
H11_BC95_191109_LF_LIB_consensus_vsearch	1975	C	*/-T	415	7	1.63%	2	1	93	93	0.007619038242851565	1	1	297	118	0	7	-T
H11_BC95_191109_LF_LIB_consensus_vsearch	1976	T	T	419	1	0.24%	2	1	93	93	0.5000000000008233	1	1	295	124	1	0	+CT
H11_BC95_191109_LF_LIB_consensus_vsearch	1977	T	T	426	2	0.46%	2	2	93	93	0.2497076023388982	1	1	295	131	1	1	-C
H11_BC95_191109_LF_LIB_consensus_vsearch	1978	C	*/-A	407	14	3.26%	2	1	93	93	5.468602328051435E-5	1	1	278	129	14	0	-A
H11_BC95_191109_LF_LIB_consensus_vsearch	1979	A	A	406	4	0.96%	2	2	93	93	0.06204240475964365	1	1	271	135	3	1	G
H11_BC95_191109_LF_LIB_consensus_vsearch	1980	C	C	426	1	0.23%	2	1	93	93	0.4999999999999138	1	1	291	135	0	1	+TT
H11_BC95_191109_LF_LIB_consensus_vsearch	1981	T	*/-C	388	33	7.55%	2	1	93	93	6.062665397875952E-11	1	1	286	102	0	33	-C
H11_BC95_191109_LF_LIB_consensus_vsearch	1982	C	*/+TC	391	7	1.73%	2	2	93	93	0.007607431615374521	1	1	290	101	6	1	+TC
H11_BC95_191109_LF_LIB_consensus_vsearch	1983	G	G	424	4	0.92%	2	2	93	93	0.06206166059929218	1	1	293	131	3	1	+C
H11_BC95_191109_LF_LIB_consensus_vsearch	1984	C	C	430	4	0.92%	2	1	93	93	0.062067724063454545	1	1	295	135	4	0	-A
H11_BC95_191109_LF_LIB_consensus_vsearch	1985	A	R	409	21	4.86%	2	2	93	93	3.712966667784702E-7	1	1	276	133	19	2	G
H11_BC95_191109_LF_LIB_consensus_vsearch	1986	G	G	432	2	0.46%	2	1	93	93	0.2497116493653279	1	1	297	135	2	0	+A
H11_BC95_191109_LF_LIB_consensus_vsearch	1987	T	T	432	3	0.69%	2	1	93	93	0.12456846950514457	1	1	297	135	3	0	G
H11_BC95_191109_LF_LIB_consensus_vsearch	1988	T	T	434	2	0.46%	2	1	93	93	0.24971297359331265	1	1	299	135	2	0	C
H11_BC95_191109_LF_LIB_consensus_vsearch	1989	A	R	424	7	1.6%	2	2	93	93	0.007623059056742502	1	1	290	134	6	1	G
H11_BC95_191109_LF_LIB_consensus_vsearch	1990	C	C	429	3	0.69%	2	1	93	93	0.12456546929309553	1	1	297	132	0	3	+T
H11_BC95_191109_LF_LIB_consensus_vsearch	1991	T	T	417	6	1.38%	2	1	93	93	0.015348619815559206	1	1	282	135	6	0	+G
H11_BC95_191109_LF_LIB_consensus_vsearch	1992	A	*/+G	226	177	40.97%	2	2	93	93	6.704046917198957E-65	1	1	175	51	107	70	+G
H11_BC95_191109_LF_LIB_consensus_vsearch	1993	G	G	419	3	0.71%	2	2	93	93	0.12455516014247174	1	1	292	127	2	1	+A
H11_BC95_191109_LF_LIB_consensus_vsearch	1994	G	R	427	8	1.84%	2	2	93	93	0.0037814732031268648	1	1	292	135	7	1	A
H11_BC95_191109_LF_LIB_consensus_vsearch	1995	G	G	426	5	1.14%	2	2	93	93	0.0308876837313223	1	1	294	132	4	1	-A
H11_BC95_191109_LF_LIB_consensus_vsearch	1996	A	A	430	1	0.23%	2	1	93	93	0.4999999999990043	1	1	294	136	1	0	+G
H11_BC95_191109_LF_LIB_consensus_vsearch	1997	A	A	424	4	0.92%	2	1	93	93	0.06206166059929218	1	1	293	131	0	4	-T
H11_BC95_191109_LF_LIB_consensus_vsearch	1998	T	+C/+C	46	383	88.25%	2	2	93	93	4.90313892379164E-193	1	1	43	3	255	128	+C
H11_BC95_191109_LF_LIB_consensus_vsearch	1999	C	C	433	2	0.46%	2	2	93	93	0.2497123130030455	1	1	299	134	1	1	+T
H11_BC95_191109_LF_LIB_consensus_vsearch	2000	T	*/-G	421	10	2.29%	2	1	93	93	9.263496519144309E-4	1	1	299	122	0	10	-G
H11_BC95_191109_LF_LIB_consensus_vsearch	2001	G	G	423	2	0.47%	2	1	93	93	0.24970553592454253	1	1	301	122	0	2	T
H11_BC95_191109_LF_LIB_consensus_vsearch	2002	G	G	427	3	0.69%	2	2	93	93	0.12456344586746677	1	1	294	133	2	1	-T
H11_BC95_191109_LF_LIB_consensus_vsearch	2003	T	T	426	3	0.69%	2	1	93	93	0.1245624270712429	1	1	296	130	0	3	C
H11_BC95_191109_LF_LIB_consensus_vsearch	2004	T	*/-A	412	12	2.75%	2	2	93	93	2.2561765155391507E-4	1	1	292	120	4	8	-A
H11_BC95_191109_LF_LIB_consensus_vsearch	2005	A	R	382	33	7.76%	2	2	93	93	6.00340630497516E-11	1	1	264	118	30	3	G
H11_BC95_191109_LF_LIB_consensus_vsearch	2006	G	*/+T	397	14	3.26%	2	1	93	93	5.453761990528223E-5	1	1	273	124	14	0	+T
H11_BC95_191109_LF_LIB_consensus_vsearch	2007	T	Y	410	11	2.6%	2	2	93	93	4.570278461449636E-4	1	1	289	121	2	9	C
H11_BC95_191109_LF_LIB_consensus_vsearch	2008	T	T	423	6	1.39%	2	2	93	93	0.015352476134252922	1	1	295	128	3	3	C
H11_BC95_191109_LF_LIB_consensus_vsearch	2009	T	*/+C	405	7	1.61%	2	2	93	93	0.007614365665405034	1	1	295	110	1	6	+C
H11_BC95_191109_LF_LIB_consensus_vsearch	2010	C	*/-T	364	33	7.84%	2	2	93	93	5.8182551504492375E-11	1	1	278	86	12	21	-T
H11_BC95_191109_LF_LIB_consensus_vsearch	2011	T	T	379	4	1.03%	2	2	93	93	0.06201012515103793	1	1	281	98	2	2	C
H11_BC95_191109_LF_LIB_consensus_vsearch	2012	T	T	416	4	0.95%	2	2	93	93	0.06205330633414946	1	1	293	123	3	1	C
H11_BC95_191109_LF_LIB_consensus_vsearch	2013	T	T	430	3	0.69%	2	1	93	93	0.12456647398843287	1	1	294	136	3	0	C
H11_BC95_191109_LF_LIB_consensus_vsearch	2014	T	*/-C	419	15	3.43%	2	2	93	93	2.6984810488819573E-5	1	1	291	128	6	9	-C
H11_BC95_191109_LF_LIB_consensus_vsearch	2015	C	C	414	4	0.95%	2	1	93	93	0.062051167772440206	1	1	288	126	4	0	+A
H11_BC95_191109_LF_LIB_consensus_vsearch	2016	C	C	432	2	0.46%	2	2	93	93	0.2497116493653279	1	1	297	135	1	1	-T
H11_BC95_191109_LF_LIB_consensus_vsearch	2017	T	*/-C	418	8	1.84%	2	1	93	93	0.003778857437644956	1	1	284	134	8	0	-C
H11_BC95_191109_LF_LIB_consensus_vsearch	2018	C	C	427	1	0.23%	2	1	93	93	0.4999999999990043	1	1	291	136	1	0	+TC
H11_BC95_191109_LF_LIB_consensus_vsearch	2019	C	*/-G	427	7	1.6%	2	1	93	93	0.007624362444354587	1	1	290	137	7	0	-G
H11_BC95_191109_LF_LIB_consensus_vsearch	2020	G	G	424	4	0.93%	2	1	93	93	0.06206166059929218	1	1	289	135	4	0	T
H11_BC95_191109_LF_LIB_consensus_vsearch	2021	C	M	417	7	1.61%	2	1	93	93	0.007619946437356769	1	1	282	135	7	0	A
H11_BC95_191109_LF_LIB_consensus_vsearch	2022	T	T	425	3	0.69%	2	2	93	93	0.12456140350894482	1	1	292	133	1	2	+G
H11_BC95_191109_LF_LIB_consensus_vsearch	2023	G	G	432	4	0.92%	2	1	93	93	0.06206970811168755	1	1	296	136	4	0	-A
H11_BC95_191109_LF_LIB_consensus_vsearch	2024	A	A	427	4	0.92%	2	2	93	93	0.06206471344608787	1	1	292	135	2	2	-T
H11_BC95_191109_LF_LIB_consensus_vsearch	2025	T	T	434	0	0%	2	0	93	0	1.0	1	0	299	135	0	0	
H11_BC95_191109_LF_LIB_consensus_vsearch	2026	T	T	430	3	0.68%	2	2	93	93	0.12456647398843287	1	1	296	134	2	1	C
H11_BC95_191109_LF_LIB_consensus_vsearch	2027	A	A	430	1	0.23%	2	1	93	93	0.4999999999990043	1	1	297	133	0	1	+CC
H11_BC95_191109_LF_LIB_consensus_vsearch	2028	A	A	428	6	1.38%	2	2	93	93	0.015355608474412826	1	1	296	132	4	2	G
H11_BC95_191109_LF_LIB_consensus_vsearch	2029	T	T	429	4	0.92%	2	2	93	93	0.062066725162242674	1	1	296	133	2	2	C
H11_BC95_191109_LF_LIB_consensus_vsearch	2030	A	A	428	5	1.14%	2	2	93	93	0.030889356258247617	1	1	293	135	4	1	G
H11_BC95_191109_LF_LIB_consensus_vsearch	2031	T	T	428	2	0.46%	2	1	93	93	0.24970896391120487	1	1	293	135	2	0	+A
H11_BC95_191109_LF_LIB_consensus_vsearch	2032	G	G	424	5	1.14%	2	1	93	93	0.03088599561913487	1	1	288	136	5	0	-CT
H11_BC95_191109_LF_LIB_consensus_vsearch	2033	C	C	420	3	0.7%	2	1	93	93	0.12455621301805807	1	1	291	129	0	3	+T
H11_BC95_191109_LF_LIB_consensus_vsearch	2034	T	T	421	6	1.4%	2	1	93	93	0.01535120270746072	1	1	285	136	6	0	C
H11_BC95_191109_LF_LIB_consensus_vsearch	2035	T	*/+A	419	7	1.61%	2	1	93	93	0.007620846145152445	1	1	285	134	7	0	+A
H11_BC95_191109_LF_LIB_consensus_vsearch	2036	A	A	423	5	1.15%	2	2	93	93	0.030885145650365813	1	1	291	132	3	2	G
H11_BC95_191109_LF_LIB_consensus_vsearch	2037	A	A	430	4	0.92%	2	2	93	93	0.062067724063454545	1	1	297	133	2	2	G
H11_BC95_191109_LF_LIB_consensus_vsearch	2038	G	G	425	3	0.69%	2	1	93	93	0.12456140350894482	1	1	291	134	0	3	+T
H11_BC95_191109_LF_LIB_consensus_vsearch	2039	T	*/+C	416	14	3.2%	2	1	93	93	5.4813912517372454E-5	1	1	282	134	14	0	+C
H11_BC95_191109_LF_LIB_consensus_vsearch	2040	C	*/-T	417	12	2.75%	2	2	93	93	2.2582806164226E-4	1	1	283	134	9	3	-T
H11_BC95_191109_LF_LIB_consensus_vsearch	2041	T	Y	408	8	1.89%	2	2	93	93	0.0037758193480112623	1	1	278	130	5	3	C
H11_BC95_191109_LF_LIB_consensus_vsearch	2042	A	R	344	75	17.4%	2	1	93	93	6.946398415011356E-25	1	1	212	132	75	0	G
H11_BC95_191109_LF_LIB_consensus_vsearch	2043	G	G	419	1	0.23%	2	1	93	93	0.5000000000008233	1	1	287	132	1	0	+C
H11_BC95_191109_LF_LIB_consensus_vsearch	2044	C	*/-G	396	12	2.78%	2	2	93	93	2.249106249509881E-4	1	1	277	119	6	6	-G
H11_BC95_191109_LF_LIB_consensus_vsearch	2045	G	R	394	22	5.23%	2	2	93	93	1.7928653904601798E-7	1	1	269	125	21	1	A
H11_BC95_191109_LF_LIB_consensus_vsearch	2046	G	*/+A	425	7	1.61%	2	1	93	93	0.007623495521158642	1	1	290	135	7	0	+A
H11_BC95_191109_LF_LIB_consensus_vsearch	2047	G	*/+T	413	9	2.05%	2	1	93	93	0.001870754746824021	1	1	281	132	9	0	+T
H11_BC95_191109_LF_LIB_consensus_vsearch	2048	T	T	429	4	0.92%	2	1	93	93	0.062066725162242674	1	1	301	128	0	4	C
H11_BC95_191109_LF_LIB_consensus_vsearch	2049	T	T	429	4	0.92%	2	2	93	93	0.062066725162242674	1	1	299	130	2	2	C
H11_BC95_191109_LF_LIB_consensus_vsearch	2050	G	G	432	1	0.23%	2	1	93	93	0.5000000000008233	1	1	300	132	1	0	-T
H11_BC95_191109_LF_LIB_consensus_vsearch	2051	T	*/+C	370	51	11.67%	2	2	93	93	8.859417126262854E-17	1	1	235	135	50	1	+C
H11_BC95_191109_LF_LIB_consensus_vsearch	2052	C	C	420	2	0.47%	2	1	93	93	0.24970344009506698	1	1	284	136	2	0	+A
H11_BC95_191109_LF_LIB_consensus_vsearch	2053	C	*/-T	425	7	1.6%	2	2	93	93	0.007623495521158642	1	1	292	133	6	1	-T
H11_BC95_191109_LF_LIB_consensus_vsearch	2054	T	T	417	4	0.93%	2	2	93	93	0.06205436799087533	1	1	286	131	1	3	C
H11_BC95_191109_LF_LIB_consensus_vsearch	2055	A	*/-C	306	68	15.74%	2	2	93	93	1.185087007810113E-22	1	1	182	124	62	6	-C
H11_BC95_191109_LF_LIB_consensus_vsearch	2056	C	C	326	3	0.9%	2	1	93	93	0.12442922374435218	1	1	201	125	0	3	T
H11_BC95_191109_LF_LIB_consensus_vsearch	2057	C	C	396	4	1%	2	2	93	93	0.06203095776871511	1	1	261	135	3	1	T
H11_BC95_191109_LF_LIB_consensus_vsearch	2058	C	Y	410	8	1.89%	2	2	93	93	0.003776438502445107	1	1	279	131	4	4	T
H11_BC95_191109_LF_LIB_consensus_vsearch	2059	C	Y	401	21	4.82%	2	2	93	93	3.6949592163666294E-7	1	1	284	117	11	10	T
H11_BC95_191109_LF_LIB_consensus_vsearch	2060	A	A	422	1	0.23%	2	1	93	93	0.5000000000008233	1	1	294	128	1	0	+G
H11_BC95_191109_LF_LIB_consensus_vsearch	2061	A	A	429	2	0.46%	2	1	93	93	0.2497096399537788	1	1	293	136	2	0	C
H11_BC95_191109_LF_LIB_consensus_vsearch	2062	T	Y	424	10	2.29%	2	2	93	93	9.266914820866851E-4	1	1	296	128	1	9	C
H11_BC95_191109_LF_LIB_consensus_vsearch	2063	G	G	427	6	1.37%	2	1	93	93	0.015354987779940706	1	1	292	135	6	0	-AG
H11_BC95_191109_LF_LIB_consensus_vsearch	2064	A	A	422	3	0.7%	2	1	93	93	0.12455830388715546	1	1	287	135	3	0	+G
H11_BC95_191109_LF_LIB_consensus_vsearch	2065	G	G	425	2	0.47%	2	2	93	93	0.24970691676425003	1	1	291	134	1	1	A
H11_BC95_191109_LF_LIB_consensus_vsearch	2066	G	G	437	1	0.23%	2	1	93	93	0.4999999999999138	1	1	301	136	0	1	-T
H11_BC95_191109_LF_LIB_consensus_vsearch	2067	T	T	431	3	0.69%	2	2	93	93	0.12456747404820136	1	1	298	133	1	2	C
H11_BC95_191109_LF_LIB_consensus_vsearch	2068	C	C	434	1	0.23%	2	1	93	93	0.4999999999999138	1	1	299	135	0	1	+A
H11_BC95_191109_LF_LIB_consensus_vsearch	2069	A	A	426	3	0.69%	2	1	93	93	0.1245624270712429	1	1	298	128	0	3	-T
H11_BC95_191109_LF_LIB_consensus_vsearch	2070	T	T	428	3	0.69%	2	2	93	93	0.12456445993035366	1	1	298	130	1	2	C
H11_BC95_191109_LF_LIB_consensus_vsearch	2071	G	*/-CG	405	15	3.43%	2	1	93	93	2.6872426494871398E-5	1	1	291	114	0	15	-CG
H11_BC95_191109_LF_LIB_consensus_vsearch	2072	C	C	406	2	0.48%	2	1	93	93	0.249693251533771	1	1	297	109	0	2	-GT
H11_BC95_191109_LF_LIB_consensus_vsearch	2073	G	*/+T	391	18	4.31%	2	1	93	93	3.1509866451656527E-6	1	1	279	112	18	0	+T
H11_BC95_191109_LF_LIB_consensus_vsearch	2074	T	T	419	5	1.17%	2	1	93	93	0.03088170570687224	1	1	300	119	0	5	+GT
H11_BC95_191109_LF_LIB_consensus_vsearch	2075	T	T	429	1	0.23%	2	1	93	93	0.4999999999999138	1	1	298	131	1	0	+A
H11_BC95_191109_LF_LIB_consensus_vsearch	2076	G	G	420	3	0.69%	2	1	93	93	0.12455621301805807	1	1	291	129	0	3	C
H11_BC95_191109_LF_LIB_consensus_vsearch	2077	T	Y	407	15	3.46%	2	2	93	93	2.688891654781441E-5	1	1	286	121	4	11	C
H11_BC95_191109_LF_LIB_consensus_vsearch	2078	A	R	417	7	1.61%	2	2	93	93	0.007619946437356769	1	1	284	133	6	1	G
H11_BC95_191109_LF_LIB_consensus_vsearch	2079	G	K	411	11	2.55%	2	1	93	93	4.5710039589920393E-4	1	1	279	132	11	0	T
H11_BC95_191109_LF_LIB_consensus_vsearch	2080	T	T	427	1	0.23%	2	1	93	93	0.4999999999990043	1	1	292	135	1	0	-AC
H11_BC95_191109_LF_LIB_consensus_vsearch	2081	A	A	422	6	1.39%	2	2	93	93	0.015351840904982691	1	1	286	136	5	1	G
H11_BC95_191109_LF_LIB_consensus_vsearch	2082	C	C	430	1	0.23%	2	1	93	93	0.4999999999990043	1	1	294	136	1	0	+G
H11_BC95_191109_LF_LIB_consensus_vsearch	2083	C	C	434	4	0.91%	2	2	93	93	0.062071674030406296	1	1	300	134	1	3	T
H11_BC95_191109_LF_LIB_consensus_vsearch	2084	G	*/+C	426	7	1.6%	2	1	93	93	0.007623929979105209	1	1	289	137	7	0	+C
H11_BC95_191109_LF_LIB_consensus_vsearch	2085	C	C	433	1	0.23%	2	1	93	93	0.4999999999999138	1	1	296	137	1	0	+GC
H11_BC95_191109_LF_LIB_consensus_vsearch	2086	C	Y	422	14	3.2%	2	2	93	93	5.489635033716498E-5	1	1	298	124	1	13	T
H11_BC95_191109_LF_LIB_consensus_vsearch	2087	G	G	430	5	1.14%	2	1	93	93	0.030891013414769866	1	1	293	137	5	0	A
H11_BC95_191109_LF_LIB_consensus_vsearch	2088	T	T	421	5	1.15%	2	2	93	93	0.030883433748668913	1	1	287	134	3	2	-C
H11_BC95_191109_LF_LIB_consensus_vsearch	2089	C	C	428	0	0%	2	0	93	0	1.0	1	0	293	135	0	0	
H11_BC95_191109_LF_LIB_consensus_vsearch	2090	C	C	432	1	0.23%	2	1	93	93	0.5000000000008233	1	1	296	136	0	1	+T
H11_BC95_191109_LF_LIB_consensus_vsearch	2091	C	*/-A	392	31	7.09%	2	2	93	93	2.632550759654624E-10	1	1	262	130	30	1	-A
H11_BC95_191109_LF_LIB_consensus_vsearch	2092	A	A	397	2	0.5%	2	2	93	93	0.24968632371350802	1	1	265	132	1	1	T
H11_BC95_191109_LF_LIB_consensus_vsearch	2093	A	R	423	7	1.62%	2	2	93	93	0.007622620571895094	1	1	291	132	5	2	G
H11_BC95_191109_LF_LIB_consensus_vsearch	2094	A	R	426	8	1.83%	2	2	93	93	0.0037811878789100195	1	1	294	132	6	2	G
H11_BC95_191109_LF_LIB_consensus_vsearch	2095	G	G	427	6	1.38%	2	1	93	93	0.015354987779940706	1	1	299	128	0	6	+C
H11_BC95_191109_LF_LIB_consensus_vsearch	2096	G	G	436	0	0%	2	0	93	0	1.0	1	0	301	135	0	0	
H11_BC95_191109_LF_LIB_consensus_vsearch	2097	A	A	433	3	0.69%	2	1	93	93	0.12456946039042152	1	1	298	135	3	0	G
H11_BC95_191109_LF_LIB_consensus_vsearch	2098	C	C	433	1	0.23%	2	1	93	93	0.4999999999999138	1	1	299	134	1	0	+AC
H11_BC95_191109_LF_LIB_consensus_vsearch	2099	G	G	423	5	1.14%	2	2	93	93	0.030885145650365813	1	1	289	134	4	1	-CG
H11_BC95_191109_LF_LIB_consensus_vsearch	2100	C	C	419	6	1.39%	2	2	93	93	0.015349917324271899	1	1	296	123	1	5	T
H11_BC95_191109_LF_LIB_consensus_vsearch	2101	G	G	424	2	0.47%	2	1	93	93	0.24970622796748032	1	1	293	131	2	0	A
H11_BC95_191109_LF_LIB_consensus_vsearch	2102	G	G	435	2	0.46%	2	1	93	93	0.24971363115699957	1	1	299	136	2	0	-AC
H11_BC95_191109_LF_LIB_consensus_vsearch	2103	A	A	432	2	0.46%	2	1	93	93	0.2497116493653279	1	1	299	133	0	2	+T
H11_BC95_191109_LF_LIB_consensus_vsearch	2104	C	*/-TT	416	11	2.52%	2	2	93	93	4.574581519691363E-4	1	1	285	131	10	1	-TT
H11_BC95_191109_LF_LIB_consensus_vsearch	2105	T	T	410	5	1.19%	2	2	93	93	0.0308737235316268	1	1	280	130	4	1	C
H11_BC95_191109_LF_LIB_consensus_vsearch	2106	T	*/-G	377	33	7.76%	2	2	93	93	5.953103821950952E-11	1	1	257	120	19	14	-G
H11_BC95_191109_LF_LIB_consensus_vsearch	2107	G	R	371	10	2.54%	2	1	93	93	9.198738399151659E-4	1	1	251	120	10	0	A
H11_BC95_191109_LF_LIB_consensus_vsearch	2108	G	R	405	13	3.04%	2	2	93	93	1.1103838422487234E-4	1	1	273	132	12	1	A
H11_BC95_191109_LF_LIB_consensus_vsearch	2109	T	Y	390	15	3.55%	2	2	93	93	2.674381262774065E-5	1	1	269	121	2	13	C
H11_BC95_191109_LF_LIB_consensus_vsearch	2110	G	R	392	21	4.83%	2	1	93	93	3.673956661066451E-7	1	1	259	133	21	0	A
H11_BC95_191109_LF_LIB_consensus_vsearch	2111	A	A	414	6	1.39%	2	1	93	93	0.01534665043910028	1	1	282	132	6	0	T
H11_BC95_191109_LF_LIB_consensus_vsearch	2112	C	C	418	5	1.15%	2	1	93	93	0.030880835561915	1	1	289	129	0	5	+A
H11_BC95_191109_LF_LIB_consensus_vsearch	2113	G	R	185	234	54.29%	2	2	93	93	2.851374552943555E-91	1	1	126	59	161	73	A
H11_BC95_191109_LF_LIB_consensus_vsearch	2114	C	*/+A	365	24	5.62%	2	1	93	93	4.1341604032394113E-8	1	1	232	133	24	0	+A
H11_BC95_191109_LF_LIB_consensus_vsearch	2115	G	*/-A	368	28	6.88%	2	2	93	93	2.271856942896344E-9	1	1	237	131	27	1	-A
H11_BC95_191109_LF_LIB_consensus_vsearch	2116	A	A	393	6	1.47%	2	1	93	93	0.015332037719180692	1	1	259	134	6	0	-G
H11_BC95_191109_LF_LIB_consensus_vsearch	2117	G	*/-C	399	13	3.04%	2	1	93	93	1.1088295133444692E-4	1	1	265	134	13	0	-C
H11_BC95_191109_LF_LIB_consensus_vsearch	2118	C	S	404	7	1.69%	2	1	93	93	0.007613885964194907	1	1	270	134	7	0	G
H11_BC95_191109_LF_LIB_consensus_vsearch	2119	C	S	416	8	1.87%	2	1	93	93	0.003778261194268045	1	1	281	135	8	0	G
H11_BC95_191109_LF_LIB_consensus_vsearch	2120	C	C	424	6	1.38%	2	1	93	93	0.015353108416041601	1	1	290	134	6	0	T
H11_BC95_191109_LF_LIB_consensus_vsearch	2121	A	A	429	1	0.23%	2	1	93	93	0.4999999999999138	1	1	294	135	1	0	G
H11_BC95_191109_LF_LIB_consensus_vsearch	2122	A	R	424	10	2.3%	2	2	93	93	9.266914820866851E-4	1	1	288	136	9	1	G
H11_BC95_191109_LF_LIB_consensus_vsearch	2123	C	C	425	5	1.14%	2	2	93	93	0.03088684163697732	1	1	296	129	1	4	-G
H11_BC95_191109_LF_LIB_consensus_vsearch	2124	G	R	420	8	1.85%	2	1	93	93	0.003779448151948946	1	1	289	131	8	0	A
H11_BC95_191109_LF_LIB_consensus_vsearch	2125	G	*/-C	418	8	1.83%	2	1	93	93	0.003778857437644956	1	1	286	132	8	0	-C
H11_BC95_191109_LF_LIB_consensus_vsearch	2126	C	C	417	4	0.93%	2	2	93	93	0.06205436799087533	1	1	290	127	1	3	T
H11_BC95_191109_LF_LIB_consensus_vsearch	2127	C	C	424	6	1.38%	2	1	93	93	0.015353108416041601	1	1	296	128	0	6	T
H11_BC95_191109_LF_LIB_consensus_vsearch	2128	G	R	403	30	6.9%	2	1	93	93	5.536175813147792E-10	1	1	270	133	30	0	A
H11_BC95_191109_LF_LIB_consensus_vsearch	2129	G	G	431	1	0.23%	2	1	93	93	0.4999999999999138	1	1	297	134	1	0	+C
H11_BC95_191109_LF_LIB_consensus_vsearch	2130	T	T	429	4	0.92%	2	1	93	93	0.062066725162242674	1	1	293	136	4	0	+C
H11_BC95_191109_LF_LIB_consensus_vsearch	2131	C	*/-A	410	15	3.44%	2	2	93	93	2.691337414475154E-5	1	1	278	132	12	3	-A
H11_BC95_191109_LF_LIB_consensus_vsearch	2132	A	A	412	4	0.95%	2	1	93	93	0.062049008635505214	1	1	280	132	4	0	+GAA
H11_BC95_191109_LF_LIB_consensus_vsearch	2133	A	R	419	7	1.61%	2	2	93	93	0.007620846145152445	1	1	288	131	6	1	G
H11_BC95_191109_LF_LIB_consensus_vsearch	2134	G	G	427	2	0.47%	2	1	93	93	0.24970828471410914	1	1	294	133	2	0	A
H11_BC95_191109_LF_LIB_consensus_vsearch	2135	C	*/-AC	396	31	7.14%	2	1	93	93	2.647183874018088E-10	1	1	266	130	31	0	-AC
H11_BC95_191109_LF_LIB_consensus_vsearch	2136	A	A	392	6	1.49%	2	2	93	93	0.015331303510572384	1	1	260	132	5	1	G
H11_BC95_191109_LF_LIB_consensus_vsearch	2137	C	C	401	5	1.23%	2	1	93	93	0.030865387693025832	1	1	270	131	0	5	T
H11_BC95_191109_LF_LIB_consensus_vsearch	2138	G	G	428	4	0.92%	2	2	93	93	0.06206572163388339	1	1	298	130	3	1	A
H11_BC95_191109_LF_LIB_consensus_vsearch	2139	T	*/-C	407	23	5.29%	2	1	93	93	8.812488070903023E-8	1	1	298	109	0	23	-C
H11_BC95_191109_LF_LIB_consensus_vsearch	2140	C	C	408	4	0.96%	2	2	93	93	0.06204462743621413	1	1	299	109	1	3	-T
H11_BC95_191109_LF_LIB_consensus_vsearch	2141	T	T	421	5	1.15%	2	1	93	93	0.030883433748668913	1	1	291	130	5	0	+C
H11_BC95_191109_LF_LIB_consensus_vsearch	2142	C	*/-A	408	20	4.61%	2	2	93	93	7.598832965227904E-7	1	1	292	116	3	17	-A
H11_BC95_191109_LF_LIB_consensus_vsearch	2143	A	A	409	4	0.96%	2	2	93	93	0.06204573069707953	1	1	294	115	2	2	G
H11_BC95_191109_LF_LIB_consensus_vsearch	2144	A	R	420	10	2.28%	2	2	93	93	9.262346650300045E-4	1	1	290	130	8	2	G
H11_BC95_191109_LF_LIB_consensus_vsearch	2145	C	C	427	6	1.37%	2	1	93	93	0.015354987779940706	1	1	300	127	0	6	T
H11_BC95_191109_LF_LIB_consensus_vsearch	2146	T	*/+C	86	317	73.04%	2	2	93	93	2.310167646542122E-144	1	1	85	1	210	107	+C
H11_BC95_191109_LF_LIB_consensus_vsearch	2147	C	C	430	5	1.14%	2	1	93	93	0.030891013414769866	1	1	293	137	5	0	-A
H11_BC95_191109_LF_LIB_consensus_vsearch	2148	A	A	428	2	0.46%	2	1	93	93	0.24970896391120487	1	1	291	137	2	0	+G
H11_BC95_191109_LF_LIB_consensus_vsearch	2149	G	G	423	5	1.14%	2	1	93	93	0.030885145650365813	1	1	286	137	5	0	-A
H11_BC95_191109_LF_LIB_consensus_vsearch	2150	A	*/-G	315	105	24.42%	2	2	93	93	1.4352325818394895E-35	1	1	197	118	89	16	-G
H11_BC95_191109_LF_LIB_consensus_vsearch	2151	G	G	326	2	0.61%	2	2	93	93	0.24961832061075181	1	1	208	118	1	1	+AG
H11_BC95_191109_LF_LIB_consensus_vsearch	2152	G	G	434	3	0.69%	2	1	93	93	0.12457044673541934	1	1	297	137	3	0	+A
H11_BC95_191109_LF_LIB_consensus_vsearch	2153	G	G	433	4	0.91%	2	2	93	93	0.06207069332172113	1	1	297	136	3	1	-A
H11_BC95_191109_LF_LIB_consensus_vsearch	2154	A	A	424	4	0.92%	2	2	93	93	0.06206166059929218	1	1	294	130	2	2	G
H11_BC95_191109_LF_LIB_consensus_vsearch	2155	C	C	424	6	1.38%	2	2	93	93	0.015353108416041601	1	1	297	127	1	5	-T
H11_BC95_191109_LF_LIB_consensus_vsearch	2156	T	*/-C	406	17	3.94%	2	2	93	93	6.475614813585104E-6	1	1	281	125	11	6	-C
H11_BC95_191109_LF_LIB_consensus_vsearch	2157	C	C	417	1	0.24%	2	1	93	93	0.4999999999999138	1	1	287	130	0	1	+T
H11_BC95_191109_LF_LIB_consensus_vsearch	2158	C	*/-AC	422	8	1.83%	2	1	93	93	0.003780033413733114	1	1	289	133	8	0	-AC
H11_BC95_191109_LF_LIB_consensus_vsearch	2159	A	A	423	2	0.47%	2	2	93	93	0.24970553592454253	1	1	289	134	1	1	G
H11_BC95_191109_LF_LIB_consensus_vsearch	2160	C	C	427	1	0.23%	2	1	93	93	0.4999999999990043	1	1	290	137	1	0	+G
H11_BC95_191109_LF_LIB_consensus_vsearch	2161	G	G	435	1	0.23%	2	1	93	93	0.5000000000008233	1	1	300	135	1	0	+A
H11_BC95_191109_LF_LIB_consensus_vsearch	2162	C	C	434	1	0.23%	2	1	93	93	0.4999999999999138	1	1	299	135	1	0	+A
H11_BC95_191109_LF_LIB_consensus_vsearch	2163	T	*/+C	410	22	5.05%	2	1	93	93	1.812385707292981E-7	1	1	276	134	22	0	+C
H11_BC95_191109_LF_LIB_consensus_vsearch	2164	C	C	433	2	0.46%	2	1	93	93	0.2497123130030455	1	1	296	137	2	0	-A
H11_BC95_191109_LF_LIB_consensus_vsearch	2165	A	R	416	12	2.75%	2	1	93	93	2.257863627265534E-4	1	1	285	131	12	0	G
H11_BC95_191109_LF_LIB_consensus_vsearch	2166	G	G	430	1	0.23%	2	1	93	93	0.4999999999990043	1	1	298	132	1	0	C
H11_BC95_191109_LF_LIB_consensus_vsearch	2167	G	G	433	3	0.68%	2	1	93	93	0.12456946039042152	1	1	296	137	3	0	-CAT
H11_BC95_191109_LF_LIB_consensus_vsearch	2168	C	C	428	4	0.92%	2	1	93	93	0.06206572163388339	1	1	291	137	4	0	-A
H11_BC95_191109_LF_LIB_consensus_vsearch	2169	A	A	425	5	1.16%	2	2	93	93	0.03088684163697732	1	1	292	133	2	3	-T
H11_BC95_191109_LF_LIB_consensus_vsearch	2170	T	T	424	4	0.93%	2	1	93	93	0.06206166059929218	1	1	291	133	4	0	G
H11_BC95_191109_LF_LIB_consensus_vsearch	2171	T	*/-A	414	8	1.83%	2	2	93	93	0.00377765934383424	1	1	284	130	5	3	-A
H11_BC95_191109_LF_LIB_consensus_vsearch	2172	A	R	412	7	1.63%	2	1	93	93	0.007617659773976637	1	1	282	130	7	0	G
H11_BC95_191109_LF_LIB_consensus_vsearch	2173	G	*/-A	403	16	3.7%	2	1	93	93	1.3187249802108927E-5	1	1	268	135	16	0	-A
H11_BC95_191109_LF_LIB_consensus_vsearch	2174	A	A	410	5	1.19%	2	2	93	93	0.0308737235316268	1	1	275	135	4	1	G
H11_BC95_191109_LF_LIB_consensus_vsearch	2175	G	K	422	7	1.6%	2	1	93	93	0.007622180052576428	1	1	289	133	7	0	T
H11_BC95_191109_LF_LIB_consensus_vsearch	2176	T	T	432	2	0.46%	2	1	93	93	0.2497116493653279	1	1	298	134	2	0	C
H11_BC95_191109_LF_LIB_consensus_vsearch	2177	A	R	414	8	1.83%	2	2	93	93	0.00377765934383424	1	1	288	126	5	3	G
H11_BC95_191109_LF_LIB_consensus_vsearch	2178	C	C	424	2	0.47%	2	1	93	93	0.24970622796748032	1	1	295	129	0	2	+T
H11_BC95_191109_LF_LIB_consensus_vsearch	2179	C	C	429	3	0.69%	2	1	93	93	0.12456546929309553	1	1	295	134	3	0	T
H11_BC95_191109_LF_LIB_consensus_vsearch	2180	C	C	433	2	0.46%	2	2	93	93	0.2497123130030455	1	1	299	134	1	1	T
H11_BC95_191109_LF_LIB_consensus_vsearch	2181	A	A	434	3	0.69%	2	1	93	93	0.12457044673541934	1	1	298	136	3	0	G
H11_BC95_191109_LF_LIB_consensus_vsearch	2182	T	T	432	4	0.92%	2	1	93	93	0.06206970811168755	1	1	296	136	4	0	+C
H11_BC95_191109_LF_LIB_consensus_vsearch	2183	C	C	432	2	0.46%	2	1	93	93	0.2497116493653279	1	1	296	136	2	0	+A
H11_BC95_191109_LF_LIB_consensus_vsearch	2184	A	R	410	18	4.13%	2	1	93	93	3.1784048153111263E-6	1	1	280	130	18	0	G
H11_BC95_191109_LF_LIB_consensus_vsearch	2185	G	G	425	2	0.46%	2	1	93	93	0.24970691676425003	1	1	295	130	2	0	+A
H11_BC95_191109_LF_LIB_consensus_vsearch	2186	G	G	431	5	1.14%	2	2	93	93	0.03089183629518613	1	1	298	133	2	3	A
H11_BC95_191109_LF_LIB_consensus_vsearch	2187	C	C	431	4	0.92%	2	1	93	93	0.06206871836935933	1	1	301	130	0	4	T
H11_BC95_191109_LF_LIB_consensus_vsearch	2188	G	G	429	4	0.92%	2	1	93	93	0.062066725162242674	1	1	295	134	4	0	-A
H11_BC95_191109_LF_LIB_consensus_vsearch	2189	A	A	430	1	0.23%	2	1	93	93	0.4999999999990043	1	1	295	135	0	1	+GA
H11_BC95_191109_LF_LIB_consensus_vsearch	2190	T	T	428	5	1.14%	2	1	93	93	0.030889356258247617	1	1	293	135	5	0	+C
H11_BC95_191109_LF_LIB_consensus_vsearch	2191	C	C	431	2	0.46%	2	1	93	93	0.24971098265883573	1	1	297	134	0	2	+G
H11_BC95_191109_LF_LIB_consensus_vsearch	2192	G	G	430	6	1.37%	2	2	93	93	0.015356841341651906	1	1	294	136	5	1	A
H11_BC95_191109_LF_LIB_consensus_vsearch	2193	G	G	435	2	0.46%	2	1	93	93	0.24971363115699957	1	1	298	137	2	0	A
H11_BC95_191109_LF_LIB_consensus_vsearch	2194	C	C	436	1	0.23%	2	1	93	93	0.5000000000008233	1	1	300	136	0	1	-GCG
H11_BC95_191109_LF_LIB_consensus_vsearch	2195	G	*/-CG	423	8	1.83%	2	2	93	93	0.003780324023462628	1	1	293	130	3	5	-CG
H11_BC95_191109_LF_LIB_consensus_vsearch	2196	C	C	419	2	0.47%	2	1	93	93	0.24970273483926292	1	1	290	129	2	0	+T
H11_BC95_191109_LF_LIB_consensus_vsearch	2197	G	G	422	1	0.23%	2	1	93	93	0.5000000000008233	1	1	294	128	1	0	+CG
H11_BC95_191109_LF_LIB_consensus_vsearch	2198	A	A	430	4	0.92%	2	1	93	93	0.062067724063454545	1	1	294	136	4	0	G
H11_BC95_191109_LF_LIB_consensus_vsearch	2199	C	*/-GC	423	11	2.51%	2	1	93	93	4.5794544103178105E-4	1	1	286	137	11	0	-GC
H11_BC95_191109_LF_LIB_consensus_vsearch	2200	G	G	420	2	0.47%	2	1	93	93	0.24970344009506698	1	1	284	136	2	0	T
H11_BC95_191109_LF_LIB_consensus_vsearch	2201	C	C	419	4	0.94%	2	2	93	93	0.06205647623661182	1	1	288	131	1	3	T
H11_BC95_191109_LF_LIB_consensus_vsearch	2202	A	A	425	6	1.37%	2	2	93	93	0.015353737770788975	1	1	291	134	4	2	G
H11_BC95_191109_LF_LIB_consensus_vsearch	2203	T	T	429	5	1.14%	2	1	93	93	0.030890186744528703	1	1	294	135	5	0	+C
H11_BC95_191109_LF_LIB_consensus_vsearch	2204	C	*/+A	422	7	1.6%	2	1	93	93	0.007622180052576428	1	1	288	134	7	0	+A
H11_BC95_191109_LF_LIB_consensus_vsearch	2205	T	*/-G	365	30	6.91%	2	1	93	93	5.255631458882903E-10	1	1	239	126	30	0	-G
H11_BC95_191109_LF_LIB_consensus_vsearch	2206	G	R	230	152	37.62%	2	2	93	93	1.0502500197214449E-54	1	1	153	77	93	59	A
H11_BC95_191109_LF_LIB_consensus_vsearch	2207	A	*/-G	402	20	4.66%	2	1	93	93	7.573747249453335E-7	1	1	266	136	20	0	-G
H11_BC95_191109_LF_LIB_consensus_vsearch	2208	G	R	387	14	3.38%	2	1	93	93	5.438212094947901E-5	1	1	252	135	14	0	A
H11_BC95_191109_LF_LIB_consensus_vsearch	2209	A	*/+G	411	7	1.62%	2	2	93	93	0.007617195908814076	1	1	277	134	6	1	+G
H11_BC95_191109_LF_LIB_consensus_vsearch	2210	G	G	420	6	1.4%	2	1	93	93	0.01535056152092204	1	1	284	136	6	0	-A
H11_BC95_191109_LF_LIB_consensus_vsearch	2211	A	A	413	4	0.95%	2	2	93	93	0.06205009079450623	1	1	278	135	3	1	G
H11_BC95_191109_LF_LIB_consensus_vsearch	2212	A	R	422	8	1.84%	2	1	93	93	0.003780033413733114	1	1	286	136	8	0	G
H11_BC95_191109_LF_LIB_consensus_vsearch	2213	C	*/-AC	421	7	1.62%	2	1	93	93	0.007621737484585097	1	1	286	135	7	0	-AC
H11_BC95_191109_LF_LIB_consensus_vsearch	2214	A	R	422	8	1.86%	2	1	93	93	0.003780033413733114	1	1	286	136	8	0	G
H11_BC95_191109_LF_LIB_consensus_vsearch	2215	C	C	426	2	0.46%	2	1	93	93	0.2497076023388982	1	1	291	135	2	0	+A
H11_BC95_191109_LF_LIB_consensus_vsearch	2216	G	G	433	4	0.92%	2	1	93	93	0.06207069332172113	1	1	296	137	4	0	-A
H11_BC95_191109_LF_LIB_consensus_vsearch	2217	A	A	429	2	0.46%	2	1	93	93	0.2497096399537788	1	1	293	136	2	0	-T
H11_BC95_191109_LF_LIB_consensus_vsearch	2218	T	*/-C	344	89	20.46%	2	1	93	93	1.0379858910445467E-29	1	1	208	136	89	0	-C
H11_BC95_191109_LF_LIB_consensus_vsearch	2219	C	C	344	3	0.86%	2	1	93	93	0.12445887445888035	1	1	207	137	3	0	+A
H11_BC95_191109_LF_LIB_consensus_vsearch	2220	C	*/-A	374	35	8.03%	2	2	93	93	1.3615538394106626E-11	1	1	241	133	34	1	-A
H11_BC95_191109_LF_LIB_consensus_vsearch	2221	A	A	388	2	0.51%	2	1	93	93	0.2496790757377846	1	1	253	135	2	0	+G
H11_BC95_191109_LF_LIB_consensus_vsearch	2222	A	A	424	2	0.47%	2	1	93	93	0.24970622796748032	1	1	288	136	2	0	+G
H11_BC95_191109_LF_LIB_consensus_vsearch	2223	A	A	434	1	0.23%	2	1	93	93	0.4999999999999138	1	1	299	135	0	1	+C
H11_BC95_191109_LF_LIB_consensus_vsearch	2224	G	G	435	1	0.23%	2	1	93	93	0.5000000000008233	1	1	299	136	0	1	+A
H11_BC95_191109_LF_LIB_consensus_vsearch	2225	A	A	426	3	0.69%	2	1	93	93	0.1245624270712429	1	1	291	135	3	0	-C
H11_BC95_191109_LF_LIB_consensus_vsearch	2226	C	C	429	3	0.69%	2	2	93	93	0.12456546929309553	1	1	294	135	1	2	T
H11_BC95_191109_LF_LIB_consensus_vsearch	2227	C	*/+G	422	7	1.6%	2	2	93	93	0.007622180052576428	1	1	292	130	1	6	+G
H11_BC95_191109_LF_LIB_consensus_vsearch	2228	G	*/-A	419	12	2.75%	2	2	93	93	2.2591089391076449E-4	1	1	283	136	11	1	-A
H11_BC95_191109_LF_LIB_consensus_vsearch	2229	A	A	408	5	1.18%	2	2	93	93	0.030871902500081518	1	1	282	126	1	4	-G
H11_BC95_191109_LF_LIB_consensus_vsearch	2230	G	G	424	2	0.47%	2	1	93	93	0.24970622796748032	1	1	296	128	2	0	+AG
H11_BC95_191109_LF_LIB_consensus_vsearch	2231	G	G	432	2	0.46%	2	1	93	93	0.2497116493653279	1	1	298	134	2	0	-A
H11_BC95_191109_LF_LIB_consensus_vsearch	2232	A	A	421	6	1.39%	2	2	93	93	0.01535120270746072	1	1	295	126	1	5	-C
H11_BC95_191109_LF_LIB_consensus_vsearch	2233	C	Y	378	29	6.71%	2	2	93	93	1.1107285434465633E-9	1	1	298	80	1	28	T
H11_BC95_191109_LF_LIB_consensus_vsearch	2234	T	*/-C	325	100	23.26%	2	2	93	93	1.057102423630807E-33	1	1	232	93	67	33	-C
H11_BC95_191109_LF_LIB_consensus_vsearch	2235	C	C	331	3	0.9%	2	1	93	93	0.12443778110934689	1	1	233	98	0	3	T
H11_BC95_191109_LF_LIB_consensus_vsearch	2236	C	Y	395	17	3.89%	2	2	93	93	6.4467478169022394E-6	1	1	292	103	1	16	T
H11_BC95_191109_LF_LIB_consensus_vsearch	2237	G	G	424	5	1.15%	2	1	93	93	0.03088599561913487	1	1	290	134	5	0	-A
H11_BC95_191109_LF_LIB_consensus_vsearch	2238	A	A	426	2	0.47%	2	2	93	93	0.2497076023388982	1	1	291	135	1	1	T
H11_BC95_191109_LF_LIB_consensus_vsearch	2239	A	A	423	6	1.38%	2	1	93	93	0.015352476134252922	1	1	293	130	6	0	G
H11_BC95_191109_LF_LIB_consensus_vsearch	2240	C	*/-T	425	9	2.07%	2	2	93	93	0.0018730070190884252	1	1	297	128	1	8	-T
H11_BC95_191109_LF_LIB_consensus_vsearch	2241	T	*/+C	374	33	7.73%	2	2	93	93	5.922512153987317E-11	1	1	261	113	31	2	+C
H11_BC95_191109_LF_LIB_consensus_vsearch	2242	C	C	415	4	0.93%	2	1	93	93	0.06205223960684896	1	1	292	123	4	0	+A
H11_BC95_191109_LF_LIB_consensus_vsearch	2243	G	R	393	27	6.34%	2	1	93	93	4.8391875722453795E-9	1	1	266	127	27	0	A
H11_BC95_191109_LF_LIB_consensus_vsearch	2244	G	G	429	4	0.92%	2	1	93	93	0.062066725162242674	1	1	295	134	4	0	+A
H11_BC95_191109_LF_LIB_consensus_vsearch	2245	G	G	427	4	0.91%	2	1	93	93	0.06206471344608787	1	1	298	129	0	4	-T
H11_BC95_191109_LF_LIB_consensus_vsearch	2246	T	Y	424	7	1.61%	2	1	93	93	0.007623059056742502	1	1	300	124	0	7	C
H11_BC95_191109_LF_LIB_consensus_vsearch	2247	C	*/+T	411	18	4.13%	2	2	93	93	3.1797854475104E-6	1	1	284	127	15	3	+T
H11_BC95_191109_LF_LIB_consensus_vsearch	2248	T	T	429	1	0.23%	2	1	93	93	0.4999999999999138	1	1	300	129	0	1	C
H11_BC95_191109_LF_LIB_consensus_vsearch	2249	T	*/-C	413	11	2.53%	2	2	93	93	4.572444899531022E-4	1	1	290	123	3	8	-C
H11_BC95_191109_LF_LIB_consensus_vsearch	2250	C	Y	251	170	39.91%	2	2	93	93	2.8010066046504715E-61	1	1	169	82	125	45	T
H11_BC95_191109_LF_LIB_consensus_vsearch	2251	C	*/+T	370	26	5.95%	2	1	93	93	9.750863912474895E-9	1	1	241	129	26	0	+T
H11_BC95_191109_LF_LIB_consensus_vsearch	2252	G	R	351	30	7.11%	2	1	93	93	5.141878840814134E-10	1	1	215	136	30	0	A
H11_BC95_191109_LF_LIB_consensus_vsearch	2253	C	*/-A	320	27	6.87%	2	2	93	93	4.403111239843621E-9	1	1	186	134	26	1	-A
H11_BC95_191109_LF_LIB_consensus_vsearch	2254	A	R	347	13	3.57%	2	2	93	93	1.093270871914631E-4	1	1	213	134	12	1	G
H11_BC95_191109_LF_LIB_consensus_vsearch	2255	A	*/-G	334	55	13.16%	2	2	93	93	3.557186392975271E-18	1	1	204	130	52	3	-G
H11_BC95_191109_LF_LIB_consensus_vsearch	2256	G	K	344	14	3.76%	2	1	93	93	5.361906880210117E-5	1	1	212	132	14	0	T
H11_BC95_191109_LF_LIB_consensus_vsearch	2257	G	*/+A	345	48	11.19%	2	2	93	93	7.704636495960484E-16	1	1	212	133	47	1	+A
H11_BC95_191109_LF_LIB_consensus_vsearch	2258	A	A	407	3	0.73%	2	1	93	93	0.12454212454208274	1	1	273	134	3	0	+GA
H11_BC95_191109_LF_LIB_consensus_vsearch	2259	A	A	427	5	1.15%	2	1	93	93	0.03088852192937873	1	1	292	135	5	0	+G
H11_BC95_191109_LF_LIB_consensus_vsearch	2260	A	*/-G	417	8	1.83%	2	1	93	93	0.003778560011928581	1	1	283	134	8	0	-G
H11_BC95_191109_LF_LIB_consensus_vsearch	2261	G	G	408	6	1.43%	2	1	93	93	0.015342626272718554	1	1	275	133	6	0	A
H11_BC95_191109_LF_LIB_consensus_vsearch	2262	A	A	418	6	1.41%	2	2	93	93	0.015349270096337152	1	1	287	131	3	3	G
H11_BC95_191109_LF_LIB_consensus_vsearch	2263	C	*/-T	420	8	1.83%	2	1	93	93	0.003779448151948946	1	1	295	125	0	8	-T
H11_BC95_191109_LF_LIB_consensus_vsearch	2264	T	*/-C	358	32	7.51%	2	2	93	93	1.1999586586240435E-10	1	1	258	100	17	15	-C
H11_BC95_191109_LF_LIB_consensus_vsearch	2265	C	C	370	2	0.54%	2	2	93	93	0.24966352624485505	1	1	260	110	1	1	T
H11_BC95_191109_LF_LIB_consensus_vsearch	2266	C	Y	394	10	2.46%	2	2	93	93	9.230485023476184E-4	1	1	278	116	2	8	T
H11_BC95_191109_LF_LIB_consensus_vsearch	2267	C	Y	388	27	6.24%	2	2	93	93	4.813257554927927E-9	1	1	292	96	2	25	T
H11_BC95_191109_LF_LIB_consensus_vsearch	2268	G	G	423	5	1.15%	2	1	93	93	0.030885145650365813	1	1	288	135	5	0	+A
H11_BC95_191109_LF_LIB_consensus_vsearch	2269	A	A	428	3	0.69%	2	1	93	93	0.12456445993035366	1	1	292	136	3	0	G
H11_BC95_191109_LF_LIB_consensus_vsearch	2270	A	*/-G	413	16	3.66%	2	2	93	93	1.3233009888966535E-5	1	1	280	133	14	2	-G
H11_BC95_191109_LF_LIB_consensus_vsearch	2271	G	G	409	3	0.72%	2	1	93	93	0.1245443499393469	1	1	277	132	3	0	+A
H11_BC95_191109_LF_LIB_consensus_vsearch	2272	G	*/-A	426	7	1.61%	2	2	93	93	0.007623929979105209	1	1	292	134	5	2	-A
H11_BC95_191109_LF_LIB_consensus_vsearch	2273	A	A	424	3	0.7%	2	1	93	93	0.12456037514670402	1	1	290	134	3	0	G
H11_BC95_191109_LF_LIB_consensus_vsearch	2274	A	A	428	3	0.69%	2	2	93	93	0.12456445993035366	1	1	293	135	2	1	G
H11_BC95_191109_LF_LIB_consensus_vsearch	2275	T	*/+A	413	9	2.06%	2	1	93	93	0.001870754746824021	1	1	293	120	0	9	+A
H11_BC95_191109_LF_LIB_consensus_vsearch	2276	A	A	426	0	0%	2	0	93	0	1.0	1	0	295	131	0	0	
H11_BC95_191109_LF_LIB_consensus_vsearch	2277	A	A	431	1	0.23%	2	1	93	93	0.4999999999999138	1	1	294	137	1	0	+CC
H11_BC95_191109_LF_LIB_consensus_vsearch	2278	A	A	431	2	0.46%	2	1	93	93	0.24971098265883573	1	1	295	136	2	0	G
H11_BC95_191109_LF_LIB_consensus_vsearch	2279	T	T	434	1	0.23%	2	1	93	93	0.4999999999999138	1	1	299	135	0	1	+AAAT
H11_BC95_191109_LF_LIB_consensus_vsearch	2280	G	G	435	1	0.23%	2	1	93	93	0.5000000000008233	1	1	300	135	0	1	-A
H11_BC95_191109_LF_LIB_consensus_vsearch	2281	A	A	430	2	0.46%	2	1	93	93	0.24971031286224527	1	1	296	134	2	0	G
H11_BC95_191109_LF_LIB_consensus_vsearch	2282	C	C	425	4	0.92%	2	1	93	93	0.0620626829618069	1	1	291	134	4	0	-G
H11_BC95_191109_LF_LIB_consensus_vsearch	2283	G	*/+C	417	7	1.64%	2	1	93	93	0.007619946437356769	1	1	290	127	0	7	+C
H11_BC95_191109_LF_LIB_consensus_vsearch	2284	C	C	421	4	0.92%	2	2	93	93	0.06205856462850021	1	1	290	131	2	2	T
H11_BC95_191109_LF_LIB_consensus_vsearch	2285	T	T	421	5	1.14%	2	1	93	93	0.030883433748668913	1	1	296	125	0	5	+G
H11_BC95_191109_LF_LIB_consensus_vsearch	2286	C	*/+A	193	214	48.97%	2	2	93	93	5.377096120507624E-82	1	1	166	27	124	90	+A
H11_BC95_191109_LF_LIB_consensus_vsearch	2287	A	A	428	2	0.46%	2	1	93	93	0.24970896391120487	1	1	298	130	0	2	+G
H11_BC95_191109_LF_LIB_consensus_vsearch	2288	A	*/-G	365	42	9.59%	2	2	93	93	7.45518996756493E-14	1	1	253	112	25	17	-G
H11_BC95_191109_LF_LIB_consensus_vsearch	2289	G	R	346	36	9.25%	2	2	93	93	6.1262930237034056E-12	1	1	238	108	33	3	A
H11_BC95_191109_LF_LIB_consensus_vsearch	2290	G	R	413	17	3.94%	2	2	93	93	6.49326387450149E-6	1	1	298	115	1	16	A
H11_BC95_191109_LF_LIB_consensus_vsearch	2291	G	G	426	4	0.92%	2	2	93	93	0.06206370056623179	1	1	295	131	3	1	A
H11_BC95_191109_LF_LIB_consensus_vsearch	2292	G	G	434	2	0.46%	2	2	93	93	0.24971297359331265	1	1	298	136	1	1	C
H11_BC95_191109_LF_LIB_consensus_vsearch	2293	C	C	428	3	0.68%	2	1	93	93	0.12456445993035366	1	1	292	136	3	0	-A
H11_BC95_191109_LF_LIB_consensus_vsearch	2294	A	A	419	4	0.92%	2	1	93	93	0.06205647623661182	1	1	287	132	4	0	-TA
H11_BC95_191109_LF_LIB_consensus_vsearch	2295	T	T	424	4	0.93%	2	2	93	93	0.06206166059929218	1	1	289	135	2	2	C
H11_BC95_191109_LF_LIB_consensus_vsearch	2296	A	R	410	11	2.54%	2	1	93	93	4.570278461449636E-4	1	1	279	131	11	0	G
H11_BC95_191109_LF_LIB_consensus_vsearch	2297	C	C	427	1	0.23%	2	1	93	93	0.4999999999990043	1	1	294	133	0	1	+T
H11_BC95_191109_LF_LIB_consensus_vsearch	2298	C	Y	407	12	2.76%	2	2	93	93	2.2540235260924642E-4	1	1	283	124	1	11	T
H11_BC95_191109_LF_LIB_consensus_vsearch	2299	G	G	416	6	1.39%	2	1	93	93	0.015347966460357092	1	1	283	133	6	0	C
H11_BC95_191109_LF_LIB_consensus_vsearch	2300	C	C	424	4	0.92%	2	2	93	93	0.06206166059929218	1	1	294	130	1	3	+A
H11_BC95_191109_LF_LIB_consensus_vsearch	2301	A	A	424	3	0.69%	2	1	93	93	0.12456037514670402	1	1	293	131	3	0	-G
H11_BC95_191109_LF_LIB_consensus_vsearch	2302	G	*/-C	414	15	3.46%	2	2	93	93	2.694547665799102E-5	1	1	280	134	14	1	-C
H11_BC95_191109_LF_LIB_consensus_vsearch	2303	C	C	418	2	0.48%	2	1	93	93	0.24970202622115176	1	1	285	133	2	0	G
H11_BC95_191109_LF_LIB_consensus_vsearch	2304	C	C	431	3	0.68%	2	2	93	93	0.12456747404820136	1	1	299	132	1	2	-G
H11_BC95_191109_LF_LIB_consensus_vsearch	2305	G	R	424	8	1.84%	2	2	93	93	0.0037806132981311326	1	1	292	132	7	1	A
H11_BC95_191109_LF_LIB_consensus_vsearch	2306	G	G	430	6	1.37%	2	1	93	93	0.015356841341651906	1	1	294	136	6	0	-A
H11_BC95_191109_LF_LIB_consensus_vsearch	2307	A	*/-T	411	17	3.94%	2	2	93	93	6.4882764964716394E-6	1	1	279	132	14	3	-T
H11_BC95_191109_LF_LIB_consensus_vsearch	2308	T	T	421	0	0%	2	0	93	0	1.0	1	0	287	134	0	0	
H11_BC95_191109_LF_LIB_consensus_vsearch	2309	T	T	417	5	1.14%	2	1	93	93	0.03087996129559998	1	1	286	131	5	0	G
H11_BC95_191109_LF_LIB_consensus_vsearch	2310	A	*/-G	358	38	8.76%	2	2	93	93	1.4323291115123957E-12	1	1	274	84	1	37	-G
H11_BC95_191109_LF_LIB_consensus_vsearch	2311	G	G	394	1	0.25%	2	1	93	93	0.4999999999999138	1	1	297	97	1	0	+AG
H11_BC95_191109_LF_LIB_consensus_vsearch	2312	G	G	432	1	0.23%	2	1	93	93	0.5000000000008233	1	1	298	134	1	0	+A
H11_BC95_191109_LF_LIB_consensus_vsearch	2313	G	G	435	1	0.23%	2	1	93	93	0.5000000000008233	1	1	299	136	1	0	+AG
H11_BC95_191109_LF_LIB_consensus_vsearch	2314	C	C	432	2	0.46%	2	1	93	93	0.2497116493653279	1	1	296	136	2	0	-G
H11_BC95_191109_LF_LIB_consensus_vsearch	2315	G	G	425	6	1.38%	2	2	93	93	0.015353737770788975	1	1	293	132	1	5	-CG
H11_BC95_191109_LF_LIB_consensus_vsearch	2316	C	C	429	1	0.23%	2	1	93	93	0.4999999999999138	1	1	297	132	1	0	+AG
H11_BC95_191109_LF_LIB_consensus_vsearch	2317	G	G	423	3	0.69%	2	1	93	93	0.12455934195065375	1	1	292	131	3	0	+A
H11_BC95_191109_LF_LIB_consensus_vsearch	2318	G	G	432	4	0.91%	2	1	93	93	0.06206970811168755	1	1	297	135	4	0	T
H11_BC95_191109_LF_LIB_consensus_vsearch	2319	T	T	433	2	0.46%	2	1	93	93	0.2497123130030455	1	1	300	133	0	2	-GC
H11_BC95_191109_LF_LIB_consensus_vsearch	2320	G	G	426	5	1.15%	2	2	93	93	0.0308876837313223	1	1	294	132	4	1	A
H11_BC95_191109_LF_LIB_consensus_vsearch	2321	C	C	428	2	0.46%	2	2	93	93	0.24970896391120487	1	1	297	131	1	1	-A
H11_BC95_191109_LF_LIB_consensus_vsearch	2322	A	A	427	5	1.15%	2	1	93	93	0.03088852192937873	1	1	294	133	5	0	G
H11_BC95_191109_LF_LIB_consensus_vsearch	2323	A	A	427	3	0.69%	2	1	93	93	0.12456344586746677	1	1	295	132	0	3	-T
H11_BC95_191109_LF_LIB_consensus_vsearch	2324	T	T	426	3	0.69%	2	1	93	93	0.1245624270712429	1	1	294	132	3	0	-G
H11_BC95_191109_LF_LIB_consensus_vsearch	2325	G	R	417	7	1.62%	2	1	93	93	0.007619946437356769	1	1	284	133	7	0	A
H11_BC95_191109_LF_LIB_consensus_vsearch	2326	C	C	415	5	1.16%	2	2	93	93	0.03087820028111735	1	1	288	127	4	1	+G
H11_BC95_191109_LF_LIB_consensus_vsearch	2327	G	G	421	4	0.92%	2	1	93	93	0.06205856462850021	1	1	290	131	4	0	+A
H11_BC95_191109_LF_LIB_consensus_vsearch	2328	T	T	422	4	0.93%	2	2	93	93	0.062059601466603075	1	1	297	125	1	3	C
H11_BC95_191109_LF_LIB_consensus_vsearch	2329	T	Y	418	7	1.61%	2	2	93	93	0.007620397344640596	1	1	286	132	4	3	C
H11_BC95_191109_LF_LIB_consensus_vsearch	2330	C	C	429	1	0.23%	2	1	93	93	0.4999999999999138	1	1	295	134	0	1	+T
H11_BC95_191109_LF_LIB_consensus_vsearch	2331	A	A	433	2	0.46%	2	2	93	93	0.2497123130030455	1	1	297	136	1	1	G
H11_BC95_191109_LF_LIB_consensus_vsearch	2332	A	R	423	12	2.75%	2	2	93	93	2.2607433164831964E-4	1	1	289	134	9	3	G
H11_BC95_191109_LF_LIB_consensus_vsearch	2333	C	C	432	3	0.69%	2	1	93	93	0.12456846950514457	1	1	295	137	3	0	-A
H11_BC95_191109_LF_LIB_consensus_vsearch	2334	A	A	427	3	0.69%	2	1	93	93	0.12456344586746677	1	1	292	135	3	0	G
H11_BC95_191109_LF_LIB_consensus_vsearch	2335	A	R	422	8	1.83%	2	2	93	93	0.003780033413733114	1	1	290	132	7	1	G
H11_BC95_191109_LF_LIB_consensus_vsearch	2336	C	C	428	2	0.46%	2	2	93	93	0.24970896391120487	1	1	297	131	1	1	T
H11_BC95_191109_LF_LIB_consensus_vsearch	2337	T	T	428	5	1.15%	2	1	93	93	0.030889356258247617	1	1	299	129	0	5	-C
H11_BC95_191109_LF_LIB_consensus_vsearch	2338	C	C	420	5	1.16%	2	1	93	93	0.030882571759557657	1	1	298	122	0	5	+G
H11_BC95_191109_LF_LIB_consensus_vsearch	2339	G	G	435	1	0.23%	2	1	93	93	0.5000000000008233	1	1	298	137	1	0	-A
H11_BC95_191109_LF_LIB_consensus_vsearch	2340	A	A	436	1	0.23%	2	1	93	93	0.5000000000008233	1	1	299	137	1	0	+T
H11_BC95_191109_LF_LIB_consensus_vsearch	2341	T	T	429	4	0.91%	2	2	93	93	0.062066725162242674	1	1	295	134	2	2	-GAT
H11_BC95_191109_LF_LIB_consensus_vsearch	2342	G	G	433	0	0%	2	0	93	0	1.0	1	0	299	134	0	0	
H11_BC95_191109_LF_LIB_consensus_vsearch	2343	A	A	429	2	0.46%	2	1	93	93	0.2497096399537788	1	1	298	131	0	2	-T
H11_BC95_191109_LF_LIB_consensus_vsearch	2344	T	T	431	1	0.23%	2	1	93	93	0.4999999999999138	1	1	298	133	1	0	C
H11_BC95_191109_LF_LIB_consensus_vsearch	2345	T	T	434	2	0.46%	2	1	93	93	0.24971297359331265	1	1	297	137	2	0	+C
H11_BC95_191109_LF_LIB_consensus_vsearch	2346	C	*/-AC	427	7	1.6%	2	1	93	93	0.007624362444354587	1	1	292	135	7	0	-AC
H11_BC95_191109_LF_LIB_consensus_vsearch	2347	A	A	425	3	0.7%	2	1	93	93	0.12456140350894482	1	1	289	136	3	0	G
H11_BC95_191109_LF_LIB_consensus_vsearch	2348	C	C	428	1	0.23%	2	1	93	93	0.5000000000008233	1	1	293	135	0	1	+G
H11_BC95_191109_LF_LIB_consensus_vsearch	2349	G	G	434	2	0.46%	2	1	93	93	0.24971297359331265	1	1	299	135	0	2	-TA
H11_BC95_191109_LF_LIB_consensus_vsearch	2350	T	T	429	6	1.38%	2	2	93	93	0.015356226321811444	1	1	300	129	1	5	C
H11_BC95_191109_LF_LIB_consensus_vsearch	2351	A	A	432	1	0.23%	2	1	93	93	0.5000000000008233	1	1	298	134	1	0	-T
H11_BC95_191109_LF_LIB_consensus_vsearch	2352	T	*/-A	420	9	2.07%	2	2	93	93	0.0018720837112055043	1	1	293	127	2	7	-A
H11_BC95_191109_LF_LIB_consensus_vsearch	2353	A	A	413	5	1.17%	2	1	93	93	0.030876422425220783	1	1	289	124	5	0	+G
H11_BC95_191109_LF_LIB_consensus_vsearch	2354	A	A	423	6	1.38%	2	1	93	93	0.015352476134252922	1	1	298	125	0	6	-G
H11_BC95_191109_LF_LIB_consensus_vsearch	2355	G	G	424	3	0.7%	2	1	93	93	0.12456037514670402	1	1	299	125	0	3	-T
H11_BC95_191109_LF_LIB_consensus_vsearch	2356	T	Y	423	10	2.3%	2	2	93	93	9.26578056881533E-4	1	1	299	124	1	9	C
H11_BC95_191109_LF_LIB_consensus_vsearch	2357	G	G	434	1	0.23%	2	1	93	93	0.4999999999999138	1	1	299	135	1	0	+AAT
H11_BC95_191109_LF_LIB_consensus_vsearch	2358	G	G	433	2	0.46%	2	1	93	93	0.2497123130030455	1	1	296	137	2	0	+C
H11_BC95_191109_LF_LIB_consensus_vsearch	2359	T	T	424	6	1.37%	2	2	93	93	0.015353108416041601	1	1	299	125	1	5	-G
H11_BC95_191109_LF_LIB_consensus_vsearch	2360	G	G	431	1	0.23%	2	1	93	93	0.4999999999999138	1	1	299	132	1	0	+TTG
H11_BC95_191109_LF_LIB_consensus_vsearch	2361	G	G	436	2	0.46%	2	1	93	93	0.2497142857145226	1	1	299	137	2	0	-AC
H11_BC95_191109_LF_LIB_consensus_vsearch	2362	A	A	431	2	0.46%	2	2	93	93	0.24971098265883573	1	1	298	133	1	1	G
H11_BC95_191109_LF_LIB_consensus_vsearch	2363	C	C	417	5	1.15%	2	2	93	93	0.03087996129559998	1	1	290	127	3	2	+T
H11_BC95_191109_LF_LIB_consensus_vsearch	2364	T	T	425	2	0.47%	2	2	93	93	0.24970691676425003	1	1	296	129	1	1	C
H11_BC95_191109_LF_LIB_consensus_vsearch	2365	T	T	419	3	0.69%	2	2	93	93	0.12455516014247174	1	1	292	127	2	1	-G
H11_BC95_191109_LF_LIB_consensus_vsearch	2366	G	G	425	2	0.46%	2	2	93	93	0.24970691676425003	1	1	294	131	1	1	A
H11_BC95_191109_LF_LIB_consensus_vsearch	2367	C	C	416	6	1.39%	2	2	93	93	0.015347966460357092	1	1	292	124	1	5	T
H11_BC95_191109_LF_LIB_consensus_vsearch	2368	G	G	430	3	0.69%	2	1	93	93	0.12456647398843287	1	1	294	136	3	0	A
H11_BC95_191109_LF_LIB_consensus_vsearch	2369	C	C	433	1	0.23%	2	1	93	93	0.4999999999999138	1	1	297	136	1	0	-A
H11_BC95_191109_LF_LIB_consensus_vsearch	2370	A	A	432	2	0.46%	2	1	93	93	0.2497116493653279	1	1	295	137	2	0	+CA
H11_BC95_191109_LF_LIB_consensus_vsearch	2371	T	*/+C	414	20	4.58%	2	1	93	93	7.623288530279364E-7	1	1	277	137	20	0	+C
H11_BC95_191109_LF_LIB_consensus_vsearch	2372	C	C	433	2	0.46%	2	1	93	93	0.2497123130030455	1	1	297	136	2	0	-A
H11_BC95_191109_LF_LIB_consensus_vsearch	2373	A	*/-CA	407	21	4.82%	2	1	93	93	3.708521351455572E-7	1	1	273	134	21	0	-CA
H11_BC95_191109_LF_LIB_consensus_vsearch	2374	C	C	415	1	0.24%	2	1	93	93	0.4999999999990043	1	1	278	137	1	0	+T
H11_BC95_191109_LF_LIB_consensus_vsearch	2375	A	A	413	2	0.48%	2	1	93	93	0.24969843184537432	1	1	276	137	2	0	G
H11_BC95_191109_LF_LIB_consensus_vsearch	2376	T	T	430	5	1.14%	2	1	93	93	0.030891013414769866	1	1	293	137	5	0	+C
H11_BC95_191109_LF_LIB_consensus_vsearch	2377	C	C	426	6	1.38%	2	1	93	93	0.015354364218716944	1	1	289	137	6	0	-A
H11_BC95_191109_LF_LIB_consensus_vsearch	2378	A	R	419	8	1.86%	2	2	93	93	0.0037791534811211507	1	1	284	135	7	1	G
H11_BC95_191109_LF_LIB_consensus_vsearch	2379	C	*/-T	419	7	1.61%	2	2	93	93	0.007620846145152445	1	1	291	128	3	4	-T
H11_BC95_191109_LF_LIB_consensus_vsearch	2380	T	T	420	4	0.94%	2	2	93	93	0.062057522896676466	1	1	293	127	2	2	C
H11_BC95_191109_LF_LIB_consensus_vsearch	2381	T	T	432	1	0.23%	2	1	93	93	0.5000000000008233	1	1	296	136	1	0	A
H11_BC95_191109_LF_LIB_consensus_vsearch	2382	T	T	434	2	0.46%	2	1	93	93	0.24971297359331265	1	1	297	137	2	0	C
H11_BC95_191109_LF_LIB_consensus_vsearch	2383	A	A	435	1	0.23%	2	1	93	93	0.5000000000008233	1	1	299	136	0	1	-T
H11_BC95_191109_LF_LIB_consensus_vsearch	2384	T	T	433	2	0.46%	2	1	93	93	0.2497123130030455	1	1	298	135	2	0	C
H11_BC95_191109_LF_LIB_consensus_vsearch	2385	C	*/+A	422	13	2.97%	2	1	93	93	1.1145622644220473E-4	1	1	286	136	13	0	+A
H11_BC95_191109_LF_LIB_consensus_vsearch	2386	G	S	413	13	2.97%	2	1	93	93	1.1123903648473621E-4	1	1	277	136	13	0	C
H11_BC95_191109_LF_LIB_consensus_vsearch	2387	C	C	427	5	1.15%	2	2	93	93	0.03088852192937873	1	1	292	135	4	1	T
H11_BC95_191109_LF_LIB_consensus_vsearch	2388	A	A	432	2	0.46%	2	1	93	93	0.2497116493653279	1	1	295	137	2	0	C
H11_BC95_191109_LF_LIB_consensus_vsearch	2389	A	*/-T	412	24	5.49%	2	2	93	93	4.305214828801112E-8	1	1	276	136	23	1	-T
H11_BC95_191109_LF_LIB_consensus_vsearch	2390	T	T	407	4	0.97%	2	1	93	93	0.06204351880358516	1	1	271	136	4	0	G
H11_BC95_191109_LF_LIB_consensus_vsearch	2391	T	T	432	3	0.68%	2	1	93	93	0.12456846950514457	1	1	299	133	0	3	+C
H11_BC95_191109_LF_LIB_consensus_vsearch	2392	T	T	428	2	0.46%	2	1	93	93	0.24970896391120487	1	1	293	135	2	0	+A
H11_BC95_191109_LF_LIB_consensus_vsearch	2393	G	R	422	8	1.84%	2	1	93	93	0.003780033413733114	1	1	287	135	8	0	A
H11_BC95_191109_LF_LIB_consensus_vsearch	2394	C	C	422	4	0.92%	2	1	93	93	0.062059601466603075	1	1	294	128	0	4	+A
H11_BC95_191109_LF_LIB_consensus_vsearch	2395	A	A	432	1	0.23%	2	1	93	93	0.5000000000008233	1	1	296	136	0	1	G
H11_BC95_191109_LF_LIB_consensus_vsearch	2396	A	R	403	28	6.41%	2	2	93	93	2.3681216879039146E-9	1	1	270	133	26	2	G
H11_BC95_191109_LF_LIB_consensus_vsearch	2397	C	C	427	5	1.15%	2	1	93	93	0.03088852192937873	1	1	292	135	5	0	+TT
H11_BC95_191109_LF_LIB_consensus_vsearch	2398	G	R	395	38	8.74%	2	2	93	93	1.5567763283178423E-12	1	1	261	134	37	1	A
H11_BC95_191109_LF_LIB_consensus_vsearch	2399	G	G	430	2	0.46%	2	1	93	93	0.24971031286224527	1	1	299	131	0	2	-T
H11_BC95_191109_LF_LIB_consensus_vsearch	2400	T	T	424	5	1.15%	2	1	93	93	0.03088599561913487	1	1	294	130	5	0	C
H11_BC95_191109_LF_LIB_consensus_vsearch	2401	C	C	426	6	1.39%	2	1	93	93	0.015354364218716944	1	1	300	126	0	6	-T
H11_BC95_191109_LF_LIB_consensus_vsearch	2402	T	T	424	4	0.93%	2	1	93	93	0.06206166059929218	1	1	296	128	4	0	C
H11_BC95_191109_LF_LIB_consensus_vsearch	2403	T	T	432	2	0.46%	2	1	93	93	0.2497116493653279	1	1	298	134	0	2	-C
H11_BC95_191109_LF_LIB_consensus_vsearch	2404	C	C	429	2	0.46%	2	1	93	93	0.2497096399537788	1	1	298	131	0	2	T
H11_BC95_191109_LF_LIB_consensus_vsearch	2405	A	A	427	5	1.15%	2	2	93	93	0.03088852192937873	1	1	296	131	3	2	G
H11_BC95_191109_LF_LIB_consensus_vsearch	2406	T	*/+C	415	8	1.84%	2	1	93	93	0.003777960974854116	1	1	287	128	8	0	+C
H11_BC95_191109_LF_LIB_consensus_vsearch	2407	C	C	432	3	0.69%	2	1	93	93	0.12456846950514457	1	1	296	136	3	0	+A
H11_BC95_191109_LF_LIB_consensus_vsearch	2408	G	G	430	2	0.46%	2	1	93	93	0.24971031286224527	1	1	299	131	0	2	+A
H11_BC95_191109_LF_LIB_consensus_vsearch	2409	A	A	431	2	0.46%	2	2	93	93	0.24971098265883573	1	1	298	133	1	1	G
H11_BC95_191109_LF_LIB_consensus_vsearch	2410	A	A	429	4	0.92%	2	2	93	93	0.062066725162242674	1	1	297	132	3	1	G
H11_BC95_191109_LF_LIB_consensus_vsearch	2411	T	T	430	3	0.69%	2	2	93	93	0.12456647398843287	1	1	299	131	2	1	C
H11_BC95_191109_LF_LIB_consensus_vsearch	2412	G	G	434	2	0.46%	2	1	93	93	0.24971297359331265	1	1	300	134	0	2	C
H11_BC95_191109_LF_LIB_consensus_vsearch	2413	A	A	431	3	0.68%	2	1	93	93	0.12456747404820136	1	1	296	135	3	0	G
H11_BC95_191109_LF_LIB_consensus_vsearch	2414	C	C	428	5	1.14%	2	1	93	93	0.030889356258247617	1	1	297	131	0	5	T
H11_BC95_191109_LF_LIB_consensus_vsearch	2415	G	*/-TG	397	29	6.65%	2	2	93	93	1.1375555891866163E-9	1	1	291	106	1	28	-TG
H11_BC95_191109_LF_LIB_consensus_vsearch	2416	T	T	404	2	0.49%	2	2	93	93	0.24969173859492816	1	1	296	108	1	1	C
H11_BC95_191109_LF_LIB_consensus_vsearch	2417	G	G	395	4	0.98%	2	1	93	93	0.06202978149183676	1	1	286	109	4	0	A
H11_BC95_191109_LF_LIB_consensus_vsearch	2418	C	C	429	2	0.46%	2	1	93	93	0.2497096399537788	1	1	292	137	2	0	A
H11_BC95_191109_LF_LIB_consensus_vsearch	2419	C	*/+A	365	43	9.89%	2	1	93	93	3.535498064376099E-14	1	1	233	132	43	0	+A
H11_BC95_191109_LF_LIB_consensus_vsearch	2420	A	R	404	9	2.16%	2	2	93	93	0.0018689806633249517	1	1	273	131	7	2	G
H11_BC95_191109_LF_LIB_consensus_vsearch	2421	A	*/-G	372	48	11.03%	2	2	93	93	8.551444344153081E-16	1	1	264	108	28	20	-G
H11_BC95_191109_LF_LIB_consensus_vsearch	2422	G	G	371	4	1.05%	2	1	93	93	0.06199966756219321	1	1	259	112	4	0	+A
H11_BC95_191109_LF_LIB_consensus_vsearch	2423	G	R	424	7	1.62%	2	2	93	93	0.007623059056742502	1	1	291	133	6	1	A
H11_BC95_191109_LF_LIB_consensus_vsearch	2424	G	*/-A	427	8	1.83%	2	2	93	93	0.0037814732031268648	1	1	291	136	7	1	-A
H11_BC95_191109_LF_LIB_consensus_vsearch	2425	A	A	428	1	0.23%	2	1	93	93	0.5000000000008233	1	1	292	136	1	0	+GA
H11_BC95_191109_LF_LIB_consensus_vsearch	2426	T	*/-C	389	42	9.61%	2	1	93	93	7.958194501597955E-14	1	1	253	136	42	0	-C
H11_BC95_191109_LF_LIB_consensus_vsearch	2427	C	C	394	0	0%	2	0	93	0	1.0	1	0	257	137	0	0	
H11_BC95_191109_LF_LIB_consensus_vsearch	2428	C	C	428	4	0.92%	2	2	93	93	0.06206572163388339	1	1	292	136	3	1	-A
H11_BC95_191109_LF_LIB_consensus_vsearch	2429	A	A	427	2	0.46%	2	1	93	93	0.24970828471410914	1	1	292	135	2	0	+C
H11_BC95_191109_LF_LIB_consensus_vsearch	2430	G	R	382	54	12.39%	2	2	93	93	9.650575420710867E-18	1	1	247	135	53	1	A
H11_BC95_191109_LF_LIB_consensus_vsearch	2431	C	*/-GC	422	8	1.83%	2	2	93	93	0.003780033413733114	1	1	290	132	5	3	-GC
H11_BC95_191109_LF_LIB_consensus_vsearch	2432	G	G	424	4	0.93%	2	2	93	93	0.06206166059929218	1	1	291	133	3	1	A
H11_BC95_191109_LF_LIB_consensus_vsearch	2433	C	*/+TT	395	9	2.09%	2	1	93	93	0.0018671284895574335	1	1	268	127	9	0	+TT
H11_BC95_191109_LF_LIB_consensus_vsearch	2434	T	Y	416	8	1.88%	2	2	93	93	0.003778261194268045	1	1	287	129	4	4	C
H11_BC95_191109_LF_LIB_consensus_vsearch	2435	G	G	419	6	1.39%	2	1	93	93	0.015349917324271899	1	1	289	130	6	0	-C
H11_BC95_191109_LF_LIB_consensus_vsearch	2436	C	C	423	3	0.7%	2	2	93	93	0.12455934195065375	1	1	290	133	2	1	T
H11_BC95_191109_LF_LIB_consensus_vsearch	2437	C	C	424	5	1.14%	2	1	93	93	0.03088599561913487	1	1	290	134	5	0	+A
H11_BC95_191109_LF_LIB_consensus_vsearch	2438	G	G	427	4	0.92%	2	1	93	93	0.06206471344608787	1	1	292	135	4	0	A
H11_BC95_191109_LF_LIB_consensus_vsearch	2439	G	G	418	6	1.37%	2	1	93	93	0.015349270096337152	1	1	284	134	6	0	+T
H11_BC95_191109_LF_LIB_consensus_vsearch	2440	T	T	427	6	1.38%	2	2	93	93	0.015354987779940706	1	1	295	132	3	3	C
H11_BC95_191109_LF_LIB_consensus_vsearch	2441	T	T	429	3	0.69%	2	1	93	93	0.12456546929309553	1	1	294	135	3	0	C
H11_BC95_191109_LF_LIB_consensus_vsearch	2442	G	G	429	1	0.23%	2	1	93	93	0.4999999999999138	1	1	296	133	1	0	+CTTG
H11_BC95_191109_LF_LIB_consensus_vsearch	2443	T	*/-A	301	65	14.98%	2	2	93	93	1.1957216815408826E-21	1	1	201	100	45	20	-A
H11_BC95_191109_LF_LIB_consensus_vsearch	2444	A	A	325	3	0.9%	2	2	93	93	0.12442748091607145	1	1	215	110	2	1	C
H11_BC95_191109_LF_LIB_consensus_vsearch	2445	A	A	391	4	1%	2	2	93	93	0.06202501678889606	1	1	259	132	3	1	G
H11_BC95_191109_LF_LIB_consensus_vsearch	2446	A	A	429	6	1.38%	2	2	93	93	0.015356226321811444	1	1	294	135	5	1	G
H11_BC95_191109_LF_LIB_consensus_vsearch	2447	A	A	430	5	1.14%	2	1	93	93	0.030891013414769866	1	1	294	136	5	0	G
H11_BC95_191109_LF_LIB_consensus_vsearch	2448	G	*/-T	409	11	2.52%	2	2	93	93	4.5695495811152217E-4	1	1	288	121	6	5	-T
H11_BC95_191109_LF_LIB_consensus_vsearch	2449	T	Y	390	30	7.13%	2	1	93	93	5.44453008461256E-10	1	1	294	96	0	30	C
H11_BC95_191109_LF_LIB_consensus_vsearch	2450	T	T	428	3	0.69%	2	2	93	93	0.12456445993035366	1	1	298	130	2	1	C
H11_BC95_191109_LF_LIB_consensus_vsearch	2451	T	T	425	6	1.39%	2	2	93	93	0.015353737770788975	1	1	299	126	1	5	-A
H11_BC95_191109_LF_LIB_consensus_vsearch	2452	A	R	412	8	1.86%	2	2	93	93	0.003777051806882959	1	1	290	122	7	1	G
H11_BC95_191109_LF_LIB_consensus_vsearch	2453	C	C	422	5	1.15%	2	1	93	93	0.030884291702852337	1	1	292	130	5	0	-A
H11_BC95_191109_LF_LIB_consensus_vsearch	2454	A	A	424	1	0.23%	2	1	93	93	0.4999999999999138	1	1	294	130	1	0	+C
H11_BC95_191109_LF_LIB_consensus_vsearch	2455	A	W	415	13	3%	2	1	93	93	1.1128806504032547E-4	1	1	297	118	0	13	T
H11_BC95_191109_LF_LIB_consensus_vsearch	2456	G	G	431	4	0.91%	2	1	93	93	0.06206871836935933	1	1	296	135	4	0	A
H11_BC95_191109_LF_LIB_consensus_vsearch	2457	T	T	432	3	0.69%	2	1	93	93	0.12456846950514457	1	1	301	131	0	3	C
H11_BC95_191109_LF_LIB_consensus_vsearch	2458	T	T	429	5	1.14%	2	2	93	93	0.030890186744528703	1	1	296	133	2	3	C
H11_BC95_191109_LF_LIB_consensus_vsearch	2459	G	G	427	3	0.69%	2	2	93	93	0.12456344586746677	1	1	292	135	2	1	-T
H11_BC95_191109_LF_LIB_consensus_vsearch	2460	T	T	425	3	0.7%	2	2	93	93	0.12456140350894482	1	1	293	132	1	2	C
H11_BC95_191109_LF_LIB_consensus_vsearch	2461	T	T	412	6	1.39%	2	2	93	93	0.015345321855146865	1	1	290	122	2	4	+G
H11_BC95_191109_LF_LIB_consensus_vsearch	2462	A	A	416	6	1.39%	2	2	93	93	0.015347966460357092	1	1	294	122	1	5	G
H11_BC95_191109_LF_LIB_consensus_vsearch	2463	G	G	431	1	0.23%	2	1	93	93	0.4999999999999138	1	1	297	134	0	1	+C
H11_BC95_191109_LF_LIB_consensus_vsearch	2464	A	*/+C	420	7	1.61%	2	1	93	93	0.007621292853586086	1	1	296	124	0	7	+C
H11_BC95_191109_LF_LIB_consensus_vsearch	2465	C	C	432	1	0.23%	2	1	93	93	0.5000000000008233	1	1	299	133	0	1	+T
H11_BC95_191109_LF_LIB_consensus_vsearch	2466	T	*/-C	413	13	2.97%	2	2	93	93	1.1123903648473621E-4	1	1	294	119	2	11	-C
H11_BC95_191109_LF_LIB_consensus_vsearch	2467	C	C	415	3	0.71%	2	2	93	93	0.12455089820333189	1	1	294	121	2	1	-A
H11_BC95_191109_LF_LIB_consensus_vsearch	2468	A	R	421	8	1.84%	2	2	93	93	0.0037797414596765903	1	1	288	133	6	2	G
H11_BC95_191109_LF_LIB_consensus_vsearch	2469	C	C	429	4	0.92%	2	2	93	93	0.062066725162242674	1	1	294	135	3	1	-A
H11_BC95_191109_LF_LIB_consensus_vsearch	2470	A	A	431	1	0.23%	2	1	93	93	0.4999999999999138	1	1	295	136	1	0	G
H11_BC95_191109_LF_LIB_consensus_vsearch	2471	A	A	433	4	0.92%	2	2	93	93	0.06207069332172113	1	1	297	136	3	1	G
H11_BC95_191109_LF_LIB_consensus_vsearch	2472	C	C	436	1	0.23%	2	1	93	93	0.5000000000008233	1	1	299	137	1	0	T
H11_BC95_191109_LF_LIB_consensus_vsearch	2473	G	G	431	2	0.46%	2	1	93	93	0.24971098265883573	1	1	294	137	2	0	+C
H11_BC95_191109_LF_LIB_consensus_vsearch	2474	C	C	427	5	1.15%	2	2	93	93	0.03088852192937873	1	1	294	133	1	4	-G
H11_BC95_191109_LF_LIB_consensus_vsearch	2475	G	G	427	1	0.23%	2	1	93	93	0.4999999999990043	1	1	295	132	1	0	+A
H11_BC95_191109_LF_LIB_consensus_vsearch	2476	G	G	429	4	0.91%	2	1	93	93	0.062066725162242674	1	1	297	132	0	4	+A
H11_BC95_191109_LF_LIB_consensus_vsearch	2477	A	A	431	1	0.23%	2	1	93	93	0.4999999999999138	1	1	295	136	1	0	+G
H11_BC95_191109_LF_LIB_consensus_vsearch	2478	A	A	435	2	0.46%	2	2	93	93	0.24971363115699957	1	1	299	136	1	1	G
H11_BC95_191109_LF_LIB_consensus_vsearch	2479	C	C	432	2	0.46%	2	2	93	93	0.2497116493653279	1	1	298	134	1	1	+A
H11_BC95_191109_LF_LIB_consensus_vsearch	2480	G	G	434	3	0.68%	2	1	93	93	0.12457044673541934	1	1	297	137	3	0	-A
H11_BC95_191109_LF_LIB_consensus_vsearch	2481	A	A	426	4	0.92%	2	1	93	93	0.06206370056623179	1	1	294	132	0	4	+T
H11_BC95_191109_LF_LIB_consensus_vsearch	2482	T	T	425	3	0.69%	2	1	93	93	0.12456140350894482	1	1	295	130	0	3	-CT
H11_BC95_191109_LF_LIB_consensus_vsearch	2483	C	*/+T	395	11	2.55%	2	2	93	93	4.558976374421885E-4	1	1	286	109	5	6	+T
H11_BC95_191109_LF_LIB_consensus_vsearch	2484	T	T	414	1	0.24%	2	1	93	93	0.5000000000008233	1	1	294	120	1	0	+A
H11_BC95_191109_LF_LIB_consensus_vsearch	2485	T	T	427	2	0.46%	2	1	93	93	0.24970828471410914	1	1	295	132	2	0	+C
H11_BC95_191109_LF_LIB_consensus_vsearch	2486	T	T	427	4	0.92%	2	2	93	93	0.06206471344608787	1	1	296	131	2	2	-A
H11_BC95_191109_LF_LIB_consensus_vsearch	2487	A	A	432	1	0.23%	2	1	93	93	0.5000000000008233	1	1	297	135	1	0	+CA
H11_BC95_191109_LF_LIB_consensus_vsearch	2488	A	R	429	8	1.83%	2	2	93	93	0.0037820399638697363	1	1	293	136	7	1	G
H11_BC95_191109_LF_LIB_consensus_vsearch	2489	C	C	432	4	0.91%	2	2	93	93	0.06206970811168755	1	1	299	133	1	3	T
H11_BC95_191109_LF_LIB_consensus_vsearch	2490	G	G	430	4	0.92%	2	1	93	93	0.062067724063454545	1	1	296	134	4	0	A
H11_BC95_191109_LF_LIB_consensus_vsearch	2491	T	T	424	4	0.92%	2	2	93	93	0.06206166059929218	1	1	294	130	3	1	+A
H11_BC95_191109_LF_LIB_consensus_vsearch	2492	G	*/-TG	397	31	7.14%	2	2	93	93	2.650810313543117E-10	1	1	284	113	13	18	-TG
H11_BC95_191109_LF_LIB_consensus_vsearch	2493	T	T	394	4	0.99%	2	2	93	93	0.06202859930052086	1	1	285	109	1	3	C
H11_BC95_191109_LF_LIB_consensus_vsearch	2494	G	*/+TG	382	11	2.75%	2	2	93	93	4.548498903980809E-4	1	1	283	99	2	9	+TG
H11_BC95_191109_LF_LIB_consensus_vsearch	2495	C	C	429	1	0.23%	2	1	93	93	0.4999999999999138	1	1	298	131	1	0	+A
H11_BC95_191109_LF_LIB_consensus_vsearch	2496	C	C	435	2	0.46%	2	2	93	93	0.24971363115699957	1	1	299	136	1	1	-T
H11_BC95_191109_LF_LIB_consensus_vsearch	2497	T	*/-C	408	18	4.13%	2	2	93	93	3.1756255130045852E-6	1	1	295	113	1	17	-C
H11_BC95_191109_LF_LIB_consensus_vsearch	2498	C	C	409	3	0.71%	2	2	93	93	0.1245443499393469	1	1	296	113	2	1	-G
H11_BC95_191109_LF_LIB_consensus_vsearch	2499	G	G	434	1	0.23%	2	1	93	93	0.4999999999999138	1	1	299	135	0	1	A
H11_BC95_191109_LF_LIB_consensus_vsearch	2500	A	A	431	3	0.68%	2	2	93	93	0.12456747404820136	1	1	297	134	1	2	G
H11_BC95_191109_LF_LIB_consensus_vsearch	2501	C	*/-A	347	73	16.7%	2	2	93	93	3.431800167359901E-24	1	1	213	134	72	1	-A
H11_BC95_191109_LF_LIB_consensus_vsearch	2502	A	A	355	3	0.83%	2	1	93	93	0.12447552447547196	1	1	220	135	3	0	+G
H11_BC95_191109_LF_LIB_consensus_vsearch	2503	A	A	421	6	1.38%	2	1	93	93	0.01535120270746072	1	1	284	137	6	0	+G
H11_BC95_191109_LF_LIB_consensus_vsearch	2504	G	G	424	5	1.15%	2	1	93	93	0.03088599561913487	1	1	288	136	5	0	-AG
H11_BC95_191109_LF_LIB_consensus_vsearch	2505	A	*/-G	406	16	3.73%	2	1	93	93	1.3201193045766802E-5	1	1	273	133	16	0	-G
H11_BC95_191109_LF_LIB_consensus_vsearch	2506	G	G	407	2	0.48%	2	1	93	93	0.24969400244801665	1	1	272	135	2	0	A
H11_BC95_191109_LF_LIB_consensus_vsearch	2507	G	G	430	2	0.46%	2	1	93	93	0.24971031286224527	1	1	294	136	2	0	-T
H11_BC95_191109_LF_LIB_consensus_vsearch	2508	T	T	419	6	1.38%	2	1	93	93	0.015349917324271899	1	1	287	132	6	0	C
H11_BC95_191109_LF_LIB_consensus_vsearch	2509	A	A	429	2	0.46%	2	2	93	93	0.2497096399537788	1	1	295	134	1	1	G
H11_BC95_191109_LF_LIB_consensus_vsearch	2510	A	A	425	6	1.38%	2	2	93	93	0.015353737770788975	1	1	289	136	5	1	G
H11_BC95_191109_LF_LIB_consensus_vsearch	2511	C	C	416	4	0.92%	2	2	93	93	0.06205330633414946	1	1	283	133	2	2	T
H11_BC95_191109_LF_LIB_consensus_vsearch	2512	A	R	416	7	1.63%	2	1	93	93	0.007619493408432325	1	1	280	136	7	0	G
H11_BC95_191109_LF_LIB_consensus_vsearch	2513	C	C	419	3	0.71%	2	1	93	93	0.12455516014247174	1	1	284	135	3	0	-A
H11_BC95_191109_LF_LIB_consensus_vsearch	2514	A	R	410	12	2.8%	2	1	93	93	2.255321281093224E-4	1	1	276	134	12	0	G
H11_BC95_191109_LF_LIB_consensus_vsearch	2515	G	G	431	2	0.46%	2	1	93	93	0.24971098265883573	1	1	296	135	2	0	A
H11_BC95_191109_LF_LIB_consensus_vsearch	2516	C	Y	417	8	1.83%	2	2	93	93	0.003778560011928581	1	1	289	128	5	3	T
H11_BC95_191109_LF_LIB_consensus_vsearch	2517	A	R	234	198	45.41%	2	2	93	93	3.125984855783835E-73	1	1	159	75	137	61	G
H11_BC95_191109_LF_LIB_consensus_vsearch	2518	A	R	420	7	1.6%	2	1	93	93	0.007621292853586086	1	1	284	136	7	0	G
H11_BC95_191109_LF_LIB_consensus_vsearch	2519	C	C	422	3	0.7%	2	1	93	93	0.12455830388715546	1	1	287	135	3	0	+T
H11_BC95_191109_LF_LIB_consensus_vsearch	2520	C	*/-GC	367	52	11.95%	2	1	93	93	4.1088234339277805E-17	1	1	235	132	52	0	-GC
H11_BC95_191109_LF_LIB_consensus_vsearch	2521	G	R	223	151	40.27%	2	2	93	93	1.673176262175439E-54	1	1	148	75	90	61	A
H11_BC95_191109_LF_LIB_consensus_vsearch	2522	C	*/-T	325	30	7.81%	2	2	93	93	4.913564738921861E-10	1	1	211	114	13	17	-T
H11_BC95_191109_LF_LIB_consensus_vsearch	2523	T	W	339	49	12.44%	2	1	93	93	3.52350471824878E-16	1	1	221	118	49	0	A
H11_BC95_191109_LF_LIB_consensus_vsearch	2524	T	T	416	4	0.94%	2	2	93	93	0.06205330633414946	1	1	283	133	3	1	C
H11_BC95_191109_LF_LIB_consensus_vsearch	2525	T	W	244	185	42.43%	2	2	93	93	1.5590183341018505E-67	1	1	157	87	139	46	A
H11_BC95_191109_LF_LIB_consensus_vsearch	2526	A	*/-C	395	37	8.45%	2	2	93	93	3.2526848405711E-12	1	1	292	103	4	33	-C
H11_BC95_191109_LF_LIB_consensus_vsearch	2527	C	M	372	14	3.49%	2	2	93	93	5.413441518516823E-5	1	1	289	83	1	13	A
H11_BC95_191109_LF_LIB_consensus_vsearch	2528	C	*/-T	418	15	3.42%	2	2	93	93	2.6977013084786136E-5	1	1	300	118	1	14	-T
H11_BC95_191109_LF_LIB_consensus_vsearch	2529	T	T	412	5	1.18%	2	1	93	93	0.030875527106174937	1	1	293	119	5	0	+C
H11_BC95_191109_LF_LIB_consensus_vsearch	2530	C	C	431	2	0.46%	2	2	93	93	0.24971098265883573	1	1	298	133	1	1	+T
H11_BC95_191109_LF_LIB_consensus_vsearch	2531	G	G	429	5	1.15%	2	1	93	93	0.030890186744528703	1	1	293	136	5	0	A
H11_BC95_191109_LF_LIB_consensus_vsearch	2532	G	G	432	2	0.46%	2	1	93	93	0.2497116493653279	1	1	297	135	2	0	A
H11_BC95_191109_LF_LIB_consensus_vsearch	2533	T	*/+C	422	10	2.29%	2	1	93	93	9.264641146701706E-4	1	1	287	135	10	0	+C
H11_BC95_191109_LF_LIB_consensus_vsearch	2534	C	C	430	2	0.46%	2	2	93	93	0.24971031286224527	1	1	296	134	1	1	+G
H11_BC95_191109_LF_LIB_consensus_vsearch	2535	A	A	427	6	1.38%	2	1	93	93	0.015354987779940706	1	1	292	135	6	0	G
H11_BC95_191109_LF_LIB_consensus_vsearch	2536	G	*/-AG	421	8	1.83%	2	2	93	93	0.0037797414596765903	1	1	291	130	7	1	-AG
H11_BC95_191109_LF_LIB_consensus_vsearch	2537	A	*/+G	182	218	51.66%	2	2	93	93	2.0230693091091271E-84	1	1	154	28	120	98	+G
H11_BC95_191109_LF_LIB_consensus_vsearch	2538	G	G	418	1	0.24%	2	1	93	93	0.4999999999990043	1	1	286	132	0	1	+AG
H11_BC95_191109_LF_LIB_consensus_vsearch	2539	G	G	432	2	0.46%	2	1	93	93	0.2497116493653279	1	1	296	136	2	0	+A
H11_BC95_191109_LF_LIB_consensus_vsearch	2540	G	G	430	4	0.91%	2	2	93	93	0.062067724063454545	1	1	297	133	3	1	+A
H11_BC95_191109_LF_LIB_consensus_vsearch	2541	T	Y	408	22	5.02%	2	2	93	93	1.8100159322079772E-7	1	1	297	111	2	20	C
H11_BC95_191109_LF_LIB_consensus_vsearch	2542	C	C	424	2	0.46%	2	1	93	93	0.24970622796748032	1	1	295	129	0	2	+T
H11_BC95_191109_LF_LIB_consensus_vsearch	2543	G	*/+T	406	16	3.69%	2	1	93	93	1.3201193045766802E-5	1	1	273	133	16	0	+T
H11_BC95_191109_LF_LIB_consensus_vsearch	2544	T	Y	414	11	2.57%	2	2	93	93	4.573160388822809E-4	1	1	287	127	4	7	C
H11_BC95_191109_LF_LIB_consensus_vsearch	2545	T	T	432	4	0.91%	2	2	93	93	0.06206970811168755	1	1	299	133	1	3	C
H11_BC95_191109_LF_LIB_consensus_vsearch	2546	T	T	430	5	1.14%	2	2	93	93	0.030891013414769866	1	1	296	134	3	2	C
H11_BC95_191109_LF_LIB_consensus_vsearch	2547	A	A	434	1	0.23%	2	1	93	93	0.4999999999999138	1	1	298	136	0	1	-T
H11_BC95_191109_LF_LIB_consensus_vsearch	2548	T	*/-C	410	15	3.43%	2	2	93	93	2.691337414475154E-5	1	1	281	129	10	5	-C
H11_BC95_191109_LF_LIB_consensus_vsearch	2549	C	C	412	2	0.48%	2	2	93	93	0.24969770253942364	1	1	281	131	1	1	T
H11_BC95_191109_LF_LIB_consensus_vsearch	2550	C	*/-TC	415	11	2.55%	2	1	93	93	4.573872587995422E-4	1	1	290	125	0	11	-TC
H11_BC95_191109_LF_LIB_consensus_vsearch	2551	T	T	410	4	0.96%	2	2	93	93	0.06204682862471882	1	1	289	121	1	3	C
H11_BC95_191109_LF_LIB_consensus_vsearch	2552	C	C	419	3	0.7%	2	2	93	93	0.12455516014247174	1	1	295	124	2	1	-G
H11_BC95_191109_LF_LIB_consensus_vsearch	2553	G	G	429	3	0.69%	2	1	93	93	0.12456546929309553	1	1	293	136	3	0	-A
H11_BC95_191109_LF_LIB_consensus_vsearch	2554	A	*/-C	399	24	5.56%	2	2	93	93	4.2611563863274845E-8	1	1	264	135	23	1	-C
H11_BC95_191109_LF_LIB_consensus_vsearch	2555	C	C	402	6	1.46%	2	2	93	93	0.015338484045307566	1	1	267	135	5	1	T
H11_BC95_191109_LF_LIB_consensus_vsearch	2556	C	C	422	4	0.91%	2	1	93	93	0.062059601466603075	1	1	286	136	4	0	+A
H11_BC95_191109_LF_LIB_consensus_vsearch	2557	A	*/-G	417	7	1.61%	2	1	93	93	0.007619946437356769	1	1	283	134	7	0	-G
H11_BC95_191109_LF_LIB_consensus_vsearch	2558	G	G	416	6	1.4%	2	2	93	93	0.015347966460357092	1	1	289	127	5	1	-A
H11_BC95_191109_LF_LIB_consensus_vsearch	2559	A	A	420	5	1.17%	2	1	93	93	0.030882571759557657	1	1	288	132	5	0	-G
H11_BC95_191109_LF_LIB_consensus_vsearch	2560	G	R	414	8	1.86%	2	1	93	93	0.00377765934383424	1	1	286	128	8	0	A
H11_BC95_191109_LF_LIB_consensus_vsearch	2561	C	C	407	6	1.38%	2	2	93	93	0.01534194423875909	1	1	286	121	2	4	+A
H11_BC95_191109_LF_LIB_consensus_vsearch	2562	G	R	227	190	44.5%	2	2	93	93	3.34759457996718E-70	1	1	151	76	135	55	A
H11_BC95_191109_LF_LIB_consensus_vsearch	2563	C	C	416	6	1.41%	2	1	93	93	0.015347966460357092	1	1	289	127	0	6	T
H11_BC95_191109_LF_LIB_consensus_vsearch	2564	C	*/-T	404	18	4.13%	2	2	93	93	3.169993651046948E-6	1	1	288	116	6	12	-T
H11_BC95_191109_LF_LIB_consensus_vsearch	2565	T	T	406	5	1.2%	2	1	93	93	0.03087006375678913	1	1	282	124	5	0	C
H11_BC95_191109_LF_LIB_consensus_vsearch	2566	T	T	424	5	1.15%	2	2	93	93	0.03088599561913487	1	1	290	134	3	2	C
H11_BC95_191109_LF_LIB_consensus_vsearch	2567	A	A	430	1	0.23%	2	1	93	93	0.4999999999990043	1	1	294	136	0	1	C
H11_BC95_191109_LF_LIB_consensus_vsearch	2568	A	A	425	5	1.14%	2	2	93	93	0.03088684163697732	1	1	292	133	4	1	G
H11_BC95_191109_LF_LIB_consensus_vsearch	2569	C	C	424	3	0.69%	2	2	93	93	0.12456037514670402	1	1	294	130	1	2	T
H11_BC95_191109_LF_LIB_consensus_vsearch	2570	G	G	431	1	0.23%	2	1	93	93	0.4999999999999138	1	1	299	132	1	0	A
H11_BC95_191109_LF_LIB_consensus_vsearch	2571	T	*/-CC	325	69	15.83%	2	1	93	93	6.46732308588755E-23	1	1	191	134	69	0	-CC
H11_BC95_191109_LF_LIB_consensus_vsearch	2572	C	C	328	1	0.3%	2	1	93	93	0.4999999999999138	1	1	193	135	1	0	+G
H11_BC95_191109_LF_LIB_consensus_vsearch	2573	C	C	365	2	0.54%	2	1	93	93	0.24965893587986177	1	1	229	136	2	0	G
H11_BC95_191109_LF_LIB_consensus_vsearch	2574	C	Y	398	17	3.89%	2	1	93	93	6.4547625674435554E-6	1	1	293	105	0	17	T
H11_BC95_191109_LF_LIB_consensus_vsearch	2575	G	*/-A	399	23	5.31%	2	1	93	93	8.76077164584334E-8	1	1	263	136	23	0	-A
H11_BC95_191109_LF_LIB_consensus_vsearch	2576	A	*/-G	387	9	2.21%	2	2	93	93	0.0018654123049784304	1	1	256	131	6	3	-G
H11_BC95_191109_LF_LIB_consensus_vsearch	2577	G	G	417	2	0.48%	2	1	93	93	0.24970131421759778	1	1	287	130	0	2	+T
H11_BC95_191109_LF_LIB_consensus_vsearch	2578	G	G	433	3	0.69%	2	1	93	93	0.12456946039042152	1	1	297	136	3	0	-A
H11_BC95_191109_LF_LIB_consensus_vsearch	2579	A	A	430	2	0.46%	2	2	93	93	0.24971031286224527	1	1	295	135	1	1	G
H11_BC95_191109_LF_LIB_consensus_vsearch	2580	C	C	431	2	0.46%	2	1	93	93	0.24971098265883573	1	1	296	135	2	0	-G
H11_BC95_191109_LF_LIB_consensus_vsearch	2581	G	G	429	3	0.69%	2	1	93	93	0.12456546929309553	1	1	295	134	3	0	-A
H11_BC95_191109_LF_LIB_consensus_vsearch	2582	A	A	423	2	0.46%	2	1	93	93	0.24970553592454253	1	1	290	133	2	0	+C
H11_BC95_191109_LF_LIB_consensus_vsearch	2583	C	*/+G	408	10	2.3%	2	2	93	93	9.248125937902505E-4	1	1	284	124	3	7	+G
H11_BC95_191109_LF_LIB_consensus_vsearch	2584	G	R	415	8	1.86%	2	1	93	93	0.003777960974854116	1	1	282	133	8	0	A
H11_BC95_191109_LF_LIB_consensus_vsearch	2585	G	*/-A	423	9	2.06%	2	1	93	93	0.0018726402317850155	1	1	288	135	9	0	-A
H11_BC95_191109_LF_LIB_consensus_vsearch	2586	A	A	420	5	1.17%	2	1	93	93	0.030882571759557657	1	1	285	135	5	0	+G
H11_BC95_191109_LF_LIB_consensus_vsearch	2587	A	A	427	5	1.14%	2	1	93	93	0.03088852192937873	1	1	290	137	5	0	+C
H11_BC95_191109_LF_LIB_consensus_vsearch	2588	C	C	422	6	1.37%	2	1	93	93	0.015351840904982691	1	1	285	137	6	0	+A
H11_BC95_191109_LF_LIB_consensus_vsearch	2589	A	A	424	3	0.69%	2	2	93	93	0.12456037514670402	1	1	289	135	2	1	G
H11_BC95_191109_LF_LIB_consensus_vsearch	2590	G	G	427	3	0.69%	2	1	93	93	0.12456344586746677	1	1	296	131	0	3	+A
H11_BC95_191109_LF_LIB_consensus_vsearch	2591	A	A	434	0	0%	2	0	93	0	1.0	1	0	298	136	0	0	
H11_BC95_191109_LF_LIB_consensus_vsearch	2592	A	A	425	3	0.69%	2	2	93	93	0.12456140350894482	1	1	291	134	2	1	-C
H11_BC95_191109_LF_LIB_consensus_vsearch	2593	C	C	425	2	0.46%	2	1	93	93	0.24970691676425003	1	1	290	135	2	0	+AC
H11_BC95_191109_LF_LIB_consensus_vsearch	2594	G	G	428	3	0.69%	2	1	93	93	0.12456445993035366	1	1	293	135	3	0	A
H11_BC95_191109_LF_LIB_consensus_vsearch	2595	T	T	430	3	0.68%	2	1	93	93	0.12456647398843287	1	1	294	136	3	0	+C
H11_BC95_191109_LF_LIB_consensus_vsearch	2596	C	*/-A	402	23	5.25%	2	2	93	93	8.780363923938137E-8	1	1	267	135	22	1	-A
H11_BC95_191109_LF_LIB_consensus_vsearch	2597	A	R	398	8	1.96%	2	2	93	93	0.003772632825065396	1	1	265	133	7	1	G
H11_BC95_191109_LF_LIB_consensus_vsearch	2598	A	A	421	6	1.39%	2	2	93	93	0.01535120270746072	1	1	286	135	5	1	G
H11_BC95_191109_LF_LIB_consensus_vsearch	2599	A	R	428	7	1.6%	2	1	93	93	0.007624792930600719	1	1	293	135	7	0	G
H11_BC95_191109_LF_LIB_consensus_vsearch	2600	G	G	433	2	0.46%	2	1	93	93	0.2497123130030455	1	1	296	137	2	0	-A
H11_BC95_191109_LF_LIB_consensus_vsearch	2601	A	R	422	9	2.06%	2	2	93	93	0.0018724555760242295	1	1	289	133	7	2	G
H11_BC95_191109_LF_LIB_consensus_vsearch	2602	C	C	431	2	0.46%	2	1	93	93	0.24971098265883573	1	1	295	136	2	0	+T
H11_BC95_191109_LF_LIB_consensus_vsearch	2603	G	*/-A	403	29	6.67%	2	2	93	93	1.1456440378899714E-9	1	1	268	135	28	1	-A
H11_BC95_191109_LF_LIB_consensus_vsearch	2604	A	*/-T	389	8	1.96%	2	1	93	93	0.0037696288519149155	1	1	266	123	0	8	-T
H11_BC95_191109_LF_LIB_consensus_vsearch	2605	T	K	409	17	3.96%	2	1	93	93	6.483245240504738E-6	1	1	281	128	17	0	G
H11_BC95_191109_LF_LIB_consensus_vsearch	2606	T	Y	424	12	2.75%	2	2	93	93	2.2611473442214893E-4	1	1	299	125	2	10	C
H11_BC95_191109_LF_LIB_consensus_vsearch	2607	A	R	390	33	7.55%	2	1	93	93	6.082156133210519E-11	1	1	263	127	33	0	G
H11_BC95_191109_LF_LIB_consensus_vsearch	2608	C	Y	405	11	2.59%	2	1	93	93	4.566599754610742E-4	1	1	291	114	0	11	T
H11_BC95_191109_LF_LIB_consensus_vsearch	2609	T	T	410	5	1.18%	2	2	93	93	0.0308737235316268	1	1	288	122	2	3	C
H11_BC95_191109_LF_LIB_consensus_vsearch	2610	A	A	409	4	0.94%	2	2	93	93	0.06204573069707953	1	1	289	120	2	2	-T
H11_BC95_191109_LF_LIB_consensus_vsearch	2611	T	Y	411	9	2.09%	2	2	93	93	0.0018703670005234343	1	1	289	122	4	5	C
H11_BC95_191109_LF_LIB_consensus_vsearch	2612	G	G	429	3	0.69%	2	1	93	93	0.12456546929309553	1	1	294	135	3	0	-A
H11_BC95_191109_LF_LIB_consensus_vsearch	2613	A	A	432	1	0.23%	2	1	93	93	0.5000000000008233	1	1	296	136	1	0	+GGAA
H11_BC95_191109_LF_LIB_consensus_vsearch	2614	T	T	425	4	0.92%	2	2	93	93	0.0620626829618069	1	1	292	133	3	1	-C
H11_BC95_191109_LF_LIB_consensus_vsearch	2615	C	C	426	4	0.92%	2	1	93	93	0.06206370056623179	1	1	291	135	4	0	+G
H11_BC95_191109_LF_LIB_consensus_vsearch	2616	C	C	434	1	0.23%	2	1	93	93	0.4999999999999138	1	1	300	134	1	0	+GC
H11_BC95_191109_LF_LIB_consensus_vsearch	2617	T	T	431	3	0.69%	2	1	93	93	0.12456747404820136	1	1	298	133	3	0	C
H11_BC95_191109_LF_LIB_consensus_vsearch	2618	T	*/-C	417	10	2.29%	2	1	93	93	9.258865234089794E-4	1	1	281	136	10	0	-C
H11_BC95_191109_LF_LIB_consensus_vsearch	2619	C	C	423	1	0.23%	2	1	93	93	0.4999999999999138	1	1	287	136	1	0	+A
H11_BC95_191109_LF_LIB_consensus_vsearch	2620	C	C	427	3	0.69%	2	1	93	93	0.12456344586746677	1	1	292	135	3	0	+AC
H11_BC95_191109_LF_LIB_consensus_vsearch	2621	G	G	422	5	1.15%	2	1	93	93	0.030884291702852337	1	1	288	134	5	0	C
H11_BC95_191109_LF_LIB_consensus_vsearch	2622	C	C	427	2	0.46%	2	1	93	93	0.24970828471410914	1	1	294	133	2	0	+G
H11_BC95_191109_LF_LIB_consensus_vsearch	2623	A	R	412	10	2.31%	2	1	93	93	9.25295461603329E-4	1	1	280	132	10	0	G
H11_BC95_191109_LF_LIB_consensus_vsearch	2624	G	G	428	1	0.23%	2	1	93	93	0.5000000000008233	1	1	296	132	1	0	+A
H11_BC95_191109_LF_LIB_consensus_vsearch	2625	G	G	430	4	0.92%	2	1	93	93	0.062067724063454545	1	1	297	133	4	0	+T
H11_BC95_191109_LF_LIB_consensus_vsearch	2626	T	T	432	3	0.69%	2	1	93	93	0.12456846950514457	1	1	301	131	0	3	C
H11_BC95_191109_LF_LIB_consensus_vsearch	2627	T	T	430	5	1.14%	2	2	93	93	0.030891013414769866	1	1	296	134	2	3	-C
H11_BC95_191109_LF_LIB_consensus_vsearch	2628	C	C	418	6	1.39%	2	2	93	93	0.015349270096337152	1	1	286	132	5	1	-ACC
H11_BC95_191109_LF_LIB_consensus_vsearch	2629	A	*/-C	414	7	1.63%	2	2	93	93	0.007618580925465677	1	1	281	133	5	2	-C
H11_BC95_191109_LF_LIB_consensus_vsearch	2630	C	C	419	2	0.47%	2	1	93	93	0.24970273483926292	1	1	289	130	0	2	+AC
H11_BC95_191109_LF_LIB_consensus_vsearch	2631	C	C	423	5	1.16%	2	2	93	93	0.030885145650365813	1	1	291	132	3	2	-T
H11_BC95_191109_LF_LIB_consensus_vsearch	2632	T	T	423	5	1.15%	2	1	93	93	0.030885145650365813	1	1	290	133	5	0	-AC
H11_BC95_191109_LF_LIB_consensus_vsearch	2633	A	R	408	17	3.94%	2	1	93	93	6.4807129773874934E-6	1	1	272	136	17	0	G
H11_BC95_191109_LF_LIB_consensus_vsearch	2634	C	*/-G	398	24	5.58%	2	2	93	93	4.257670994753173E-8	1	1	268	130	19	5	-G
H11_BC95_191109_LF_LIB_consensus_vsearch	2635	G	G	397	4	0.98%	2	2	93	93	0.062032128175275904	1	1	268	129	3	1	T
H11_BC95_191109_LF_LIB_consensus_vsearch	2636	G	*/-A	421	11	2.53%	2	2	93	93	4.5780779436953333E-4	1	1	289	132	7	4	-A
H11_BC95_191109_LF_LIB_consensus_vsearch	2637	A	A	421	3	0.7%	2	1	93	93	0.12455726092075974	1	1	288	133	3	0	C
H11_BC95_191109_LF_LIB_consensus_vsearch	2638	A	A	432	3	0.68%	2	2	93	93	0.12456846950514457	1	1	297	135	2	1	G
H11_BC95_191109_LF_LIB_consensus_vsearch	2639	A	*/-C	418	7	1.6%	2	1	93	93	0.007620397344640596	1	1	284	134	7	0	-C
H11_BC95_191109_LF_LIB_consensus_vsearch	2640	C	C	428	2	0.46%	2	1	93	93	0.24970896391120487	1	1	291	137	2	0	+G
H11_BC95_191109_LF_LIB_consensus_vsearch	2641	C	*/+T	397	19	4.34%	2	2	93	93	1.5457253320374264E-6	1	1	280	117	4	15	+T
H11_BC95_191109_LF_LIB_consensus_vsearch	2642	T	T	423	3	0.7%	2	2	93	93	0.12455934195065375	1	1	290	133	2	1	G
H11_BC95_191109_LF_LIB_consensus_vsearch	2643	T	*/+A	411	9	2.08%	2	1	93	93	0.0018703670005234343	1	1	276	135	9	0	+A
H11_BC95_191109_LF_LIB_consensus_vsearch	2644	G	R	392	13	3.03%	2	2	93	93	1.1069598920089562E-4	1	1	261	131	12	1	A
H11_BC95_191109_LF_LIB_consensus_vsearch	2645	T	T	419	4	0.94%	2	2	93	93	0.06205647623661182	1	1	288	131	3	1	A
H11_BC95_191109_LF_LIB_consensus_vsearch	2646	T	*/-A	415	9	2.06%	2	2	93	93	0.0018711388771604682	1	1	285	130	7	2	-A
H11_BC95_191109_LF_LIB_consensus_vsearch	2647	A	A	414	4	0.95%	2	2	93	93	0.062051167772440206	1	1	282	132	3	1	G
H11_BC95_191109_LF_LIB_consensus_vsearch	2648	C	Y	411	14	3.25%	2	2	93	93	5.474350555951183E-5	1	1	280	131	10	4	T
H11_BC95_191109_LF_LIB_consensus_vsearch	2649	G	G	429	3	0.69%	2	2	93	93	0.12456546929309553	1	1	293	136	2	1	A
H11_BC95_191109_LF_LIB_consensus_vsearch	2650	A	A	422	4	0.92%	2	1	93	93	0.062059601466603075	1	1	291	131	4	0	G
H11_BC95_191109_LF_LIB_consensus_vsearch	2651	C	*/-T	394	9	2.07%	2	1	93	93	0.0018669176476072253	1	1	273	121	9	0	-T
H11_BC95_191109_LF_LIB_consensus_vsearch	2652	T	W	401	11	2.63%	2	1	93	93	4.5635938666550835E-4	1	1	269	132	11	0	A
H11_BC95_191109_LF_LIB_consensus_vsearch	2653	T	T	407	4	0.94%	2	1	93	93	0.06204351880358516	1	1	277	130	4	0	-GT
H11_BC95_191109_LF_LIB_consensus_vsearch	2654	G	*/-TA	400	18	4.2%	2	2	93	93	3.1642619555543713E-6	1	1	270	130	17	1	-TA
H11_BC95_191109_LF_LIB_consensus_vsearch	2655	T	Y	397	7	1.69%	2	2	93	93	0.00761046189928152	1	1	275	122	2	5	C
H11_BC95_191109_LF_LIB_consensus_vsearch	2656	A	R	391	10	2.4%	2	2	93	93	9.226547240173711E-4	1	1	274	117	7	3	G
H11_BC95_191109_LF_LIB_consensus_vsearch	2657	C	*/+T	400	18	4.14%	2	2	93	93	3.1642619555543713E-6	1	1	295	105	2	16	+T
H11_BC95_191109_LF_LIB_consensus_vsearch	2658	T	T	420	3	0.7%	2	1	93	93	0.12455621301805807	1	1	298	122	0	3	+C
H11_BC95_191109_LF_LIB_consensus_vsearch	2659	T	*/-C	400	13	3%	2	2	93	93	1.1090916003185617E-4	1	1	285	115	4	9	-C
H11_BC95_191109_LF_LIB_consensus_vsearch	2660	C	C	406	4	0.96%	2	1	93	93	0.06204240475964365	1	1	290	116	4	0	+A
H11_BC95_191109_LF_LIB_consensus_vsearch	2661	C	C	419	6	1.4%	2	2	93	93	0.015349917324271899	1	1	295	124	3	3	-T
H11_BC95_191109_LF_LIB_consensus_vsearch	2662	T	*/+C	403	15	3.5%	2	1	93	93	2.6855786093403417E-5	1	1	279	124	15	0	+C
H11_BC95_191109_LF_LIB_consensus_vsearch	2663	C	*/-T	419	8	1.84%	2	2	93	93	0.0037791534811211507	1	1	298	121	1	7	-T
H11_BC95_191109_LF_LIB_consensus_vsearch	2664	T	*/+A	400	14	3.28%	2	2	93	93	5.4582863522470956E-5	1	1	288	112	2	12	+A
H11_BC95_191109_LF_LIB_consensus_vsearch	2665	A	A	424	1	0.23%	2	1	93	93	0.4999999999999138	1	1	291	133	1	0	+TT
H11_BC95_191109_LF_LIB_consensus_vsearch	2666	A	A	434	0	0%	2	0	93	0	1.0	1	0	297	137	0	0	
H11_BC95_191109_LF_LIB_consensus_vsearch	2667	A	A	431	2	0.46%	2	2	93	93	0.24971098265883573	1	1	295	136	1	1	G
H11_BC95_191109_LF_LIB_consensus_vsearch	2668	T	T	424	3	0.69%	2	1	93	93	0.12456037514670402	1	1	293	131	0	3	-G
H11_BC95_191109_LF_LIB_consensus_vsearch	2669	G	G	433	1	0.23%	2	1	93	93	0.4999999999999138	1	1	299	134	1	0	A
H11_BC95_191109_LF_LIB_consensus_vsearch	2670	G	G	427	5	1.14%	2	1	93	93	0.03088852192937873	1	1	291	136	5	0	-C
H11_BC95_191109_LF_LIB_consensus_vsearch	2671	C	C	430	1	0.23%	2	1	93	93	0.4999999999990043	1	1	294	136	1	0	+A
H11_BC95_191109_LF_LIB_consensus_vsearch	2672	C	C	425	3	0.69%	2	2	93	93	0.12456140350894482	1	1	293	132	1	2	+G
H11_BC95_191109_LF_LIB_consensus_vsearch	2673	G	G	425	4	0.92%	2	1	93	93	0.0620626829618069	1	1	290	135	4	0	-A
H11_BC95_191109_LF_LIB_consensus_vsearch	2674	A	*/+G	422	8	1.85%	2	1	93	93	0.003780033413733114	1	1	287	135	8	0	+G
H11_BC95_191109_LF_LIB_consensus_vsearch	2675	G	G	432	1	0.23%	2	1	93	93	0.5000000000008233	1	1	298	134	1	0	+A
H11_BC95_191109_LF_LIB_consensus_vsearch	2676	T	T	433	2	0.46%	2	1	93	93	0.2497123130030455	1	1	299	134	2	0	C
H11_BC95_191109_LF_LIB_consensus_vsearch	2677	T	T	433	3	0.69%	2	1	93	93	0.12456946039042152	1	1	298	135	3	0	+C
H11_BC95_191109_LF_LIB_consensus_vsearch	2678	C	*/-GA	413	8	1.83%	2	1	93	93	0.0037773562911889175	1	1	285	128	8	0	-GA
H11_BC95_191109_LF_LIB_consensus_vsearch	2679	G	*/-A	400	21	4.9%	2	2	93	93	3.692665248734166E-7	1	1	271	129	19	2	-A
H11_BC95_191109_LF_LIB_consensus_vsearch	2680	A	A	396	4	0.99%	2	1	93	93	0.06203095776871511	1	1	266	130	4	0	+G
H11_BC95_191109_LF_LIB_consensus_vsearch	2681	A	A	420	6	1.38%	2	1	93	93	0.01535056152092204	1	1	292	128	6	0	-G
H11_BC95_191109_LF_LIB_consensus_vsearch	2682	G	G	422	2	0.47%	2	2	93	93	0.2497048406136616	1	1	292	130	1	1	A
H11_BC95_191109_LF_LIB_consensus_vsearch	2683	G	G	431	2	0.46%	2	2	93	93	0.24971098265883573	1	1	299	132	1	1	C
H11_BC95_191109_LF_LIB_consensus_vsearch	2684	T	T	425	5	1.14%	2	2	93	93	0.03088684163697732	1	1	298	127	1	4	C
H11_BC95_191109_LF_LIB_consensus_vsearch	2685	G	G	421	3	0.69%	2	1	93	93	0.12455726092075974	1	1	294	127	3	0	+T
H11_BC95_191109_LF_LIB_consensus_vsearch	2686	T	*/+C	418	7	1.61%	2	1	93	93	0.007620397344640596	1	1	296	122	0	7	+C
H11_BC95_191109_LF_LIB_consensus_vsearch	2687	T	*/-C	411	13	2.97%	2	2	93	93	1.1118956033481172E-4	1	1	295	116	2	11	-C
H11_BC95_191109_LF_LIB_consensus_vsearch	2688	C	C	415	4	0.94%	2	1	93	93	0.06205223960684896	1	1	296	119	0	4	+G
H11_BC95_191109_LF_LIB_consensus_vsearch	2689	G	*/-C	418	8	1.84%	2	2	93	93	0.003778857437644956	1	1	294	124	1	7	-C
H11_BC95_191109_LF_LIB_consensus_vsearch	2690	C	C	413	6	1.41%	2	2	93	93	0.015345987728683596	1	1	293	120	1	5	+T
H11_BC95_191109_LF_LIB_consensus_vsearch	2691	C	*/-T	404	19	4.37%	2	2	93	93	1.5512335795401686E-6	1	1	296	108	1	18	-T
H11_BC95_191109_LF_LIB_consensus_vsearch	2692	T	Y	379	20	4.81%	2	2	93	93	7.47128900641539E-7	1	1	295	84	1	19	C
H11_BC95_191109_LF_LIB_consensus_vsearch	2693	C	*/+T	405	7	1.66%	2	1	93	93	0.007614365665405034	1	1	292	113	0	7	+T
H11_BC95_191109_LF_LIB_consensus_vsearch	2694	G	G	425	3	0.7%	2	1	93	93	0.12456140350894482	1	1	291	134	3	0	A
H11_BC95_191109_LF_LIB_consensus_vsearch	2695	C	C	425	3	0.7%	2	2	93	93	0.12456140350894482	1	1	291	134	2	1	T
H11_BC95_191109_LF_LIB_consensus_vsearch	2696	A	*/-T	414	19	4.34%	2	1	93	93	1.5588186688080025E-6	1	1	300	114	0	19	-T
H11_BC95_191109_LF_LIB_consensus_vsearch	2697	T	T	413	1	0.24%	2	1	93	93	0.5000000000008233	1	1	299	114	1	0	+GT
H11_BC95_191109_LF_LIB_consensus_vsearch	2698	C	C	431	1	0.23%	2	1	93	93	0.4999999999999138	1	1	298	133	1	0	+AG
H11_BC95_191109_LF_LIB_consensus_vsearch	2699	G	G	433	1	0.23%	2	1	93	93	0.4999999999999138	1	1	300	133	1	0	A
H11_BC95_191109_LF_LIB_consensus_vsearch	2700	C	C	428	5	1.14%	2	2	93	93	0.030889356258247617	1	1	296	132	2	3	T
H11_BC95_191109_LF_LIB_consensus_vsearch	2701	G	G	431	3	0.69%	2	1	93	93	0.12456747404820136	1	1	296	135	3	0	-A
H11_BC95_191109_LF_LIB_consensus_vsearch	2702	A	A	419	6	1.38%	2	1	93	93	0.015349917324271899	1	1	288	131	6	0	-C
H11_BC95_191109_LF_LIB_consensus_vsearch	2703	C	C	430	1	0.23%	2	1	93	93	0.4999999999990043	1	1	295	135	0	1	+AC
H11_BC95_191109_LF_LIB_consensus_vsearch	2704	C	C	432	3	0.68%	2	2	93	93	0.12456846950514457	1	1	296	136	2	1	+A
H11_BC95_191109_LF_LIB_consensus_vsearch	2705	A	A	432	3	0.68%	2	2	93	93	0.12456846950514457	1	1	299	133	1	2	-GC
H11_BC95_191109_LF_LIB_consensus_vsearch	2706	G	R	410	23	5.29%	2	1	93	93	8.831451741297899E-8	1	1	275	135	23	0	A
H11_BC95_191109_LF_LIB_consensus_vsearch	2707	C	C	415	6	1.38%	2	1	93	93	0.01534731000890416	1	1	290	125	0	6	-AA
H11_BC95_191109_LF_LIB_consensus_vsearch	2708	A	A	421	4	0.93%	2	1	93	93	0.06205856462850021	1	1	293	128	4	0	G
H11_BC95_191109_LF_LIB_consensus_vsearch	2709	A	A	421	3	0.69%	2	1	93	93	0.12455726092075974	1	1	293	128	3	0	-G
H11_BC95_191109_LF_LIB_consensus_vsearch	2710	G	R	389	34	7.83%	2	1	93	93	2.917639473495372E-11	1	1	254	135	34	0	A
H11_BC95_191109_LF_LIB_consensus_vsearch	2711	C	C	427	2	0.47%	2	1	93	93	0.24970828471410914	1	1	291	136	2	0	A
H11_BC95_191109_LF_LIB_consensus_vsearch	2712	C	Y	422	10	2.29%	2	2	93	93	9.264641146701706E-4	1	1	294	128	4	6	T
H11_BC95_191109_LF_LIB_consensus_vsearch	2713	G	R	426	7	1.61%	2	2	93	93	0.007623929979105209	1	1	293	133	6	1	A
H11_BC95_191109_LF_LIB_consensus_vsearch	2714	G	G	435	1	0.23%	2	1	93	93	0.5000000000008233	1	1	298	137	1	0	A
H11_BC95_191109_LF_LIB_consensus_vsearch	2715	C	C	431	2	0.46%	2	1	93	93	0.24971098265883573	1	1	296	135	2	0	+A
H11_BC95_191109_LF_LIB_consensus_vsearch	2716	G	G	431	2	0.46%	2	1	93	93	0.24971098265883573	1	1	295	136	2	0	A
H11_BC95_191109_LF_LIB_consensus_vsearch	2717	C	C	431	4	0.92%	2	1	93	93	0.06206871836935933	1	1	295	136	4	0	T
H11_BC95_191109_LF_LIB_consensus_vsearch	2718	G	*/-CGCG	423	8	1.83%	2	2	93	93	0.003780324023462628	1	1	295	128	1	7	-CGCG
H11_BC95_191109_LF_LIB_consensus_vsearch	2719	C	C	412	6	1.41%	2	1	93	93	0.015345321855146865	1	1	283	129	6	0	-G
H11_BC95_191109_LF_LIB_consensus_vsearch	2720	G	*/-CG	331	68	16.31%	2	2	93	93	1.4918255986012993E-22	1	1	234	97	36	32	-CG
H11_BC95_191109_LF_LIB_consensus_vsearch	2721	C	*/-G	297	13	3.74%	2	1	93	93	1.0736059217720652E-4	1	1	202	95	13	0	-G
H11_BC95_191109_LF_LIB_consensus_vsearch	2722	G	*/-A	284	18	5.42%	2	2	93	93	2.938658666208105E-6	1	1	195	89	17	1	-A
H11_BC95_191109_LF_LIB_consensus_vsearch	2723	A	A	386	2	0.51%	2	1	93	93	0.24967741935460958	1	1	251	135	2	0	G
H11_BC95_191109_LF_LIB_consensus_vsearch	2724	A	R	400	12	2.84%	2	1	93	93	2.2509239120889853E-4	1	1	263	137	12	0	G
H11_BC95_191109_LF_LIB_consensus_vsearch	2725	G	R	399	12	2.79%	2	1	93	93	2.2504727237570137E-4	1	1	277	122	12	0	A
H11_BC95_191109_LF_LIB_consensus_vsearch	2726	C	C	415	4	0.94%	2	2	93	93	0.06205223960684896	1	1	292	123	2	2	-T
H11_BC95_191109_LF_LIB_consensus_vsearch	2727	T	*/-C	390	33	7.64%	2	2	93	93	6.082156133210519E-11	1	1	262	128	28	5	-C
H11_BC95_191109_LF_LIB_consensus_vsearch	2728	C	Y	387	9	2.23%	2	1	93	93	0.0018654123049784304	1	1	265	122	0	9	T
H11_BC95_191109_LF_LIB_consensus_vsearch	2729	C	*/-T	418	10	2.28%	2	2	93	93	9.260031044371504E-4	1	1	289	129	8	2	-T
H11_BC95_191109_LF_LIB_consensus_vsearch	2730	T	T	417	3	0.7%	2	2	93	93	0.12455303933245657	1	1	288	129	2	1	C
H11_BC95_191109_LF_LIB_consensus_vsearch	2731	A	R	409	17	3.91%	2	1	93	93	6.483245240504738E-6	1	1	274	135	17	0	G
H11_BC95_191109_LF_LIB_consensus_vsearch	2732	C	C	428	1	0.23%	2	1	93	93	0.5000000000008233	1	1	292	136	1	0	+AA
H11_BC95_191109_LF_LIB_consensus_vsearch	2733	C	C	419	6	1.38%	2	1	93	93	0.015349917324271899	1	1	284	135	6	0	-G
H11_BC95_191109_LF_LIB_consensus_vsearch	2734	G	R	405	12	2.82%	2	1	93	93	2.2531482582750418E-4	1	1	271	134	12	0	A
H11_BC95_191109_LF_LIB_consensus_vsearch	2735	C	C	414	5	1.18%	2	1	93	93	0.03087731347339881	1	1	283	131	5	0	A
H11_BC95_191109_LF_LIB_consensus_vsearch	2736	C	C	428	2	0.46%	2	2	93	93	0.24970896391120487	1	1	293	135	1	1	T
H11_BC95_191109_LF_LIB_consensus_vsearch	2737	T	T	428	3	0.69%	2	2	93	93	0.12456445993035366	1	1	292	136	2	1	-C
H11_BC95_191109_LF_LIB_consensus_vsearch	2738	C	C	424	3	0.69%	2	1	93	93	0.12456037514670402	1	1	295	129	3	0	-A
H11_BC95_191109_LF_LIB_consensus_vsearch	2739	A	R	423	7	1.61%	2	1	93	93	0.007622620571895094	1	1	287	136	7	0	G
H11_BC95_191109_LF_LIB_consensus_vsearch	2740	C	C	429	3	0.69%	2	1	93	93	0.12456546929309553	1	1	293	136	3	0	G
H11_BC95_191109_LF_LIB_consensus_vsearch	2741	C	*/+A	393	15	3.43%	2	1	93	93	2.67702553275393E-5	1	1	271	122	15	0	+A
H11_BC95_191109_LF_LIB_consensus_vsearch	2742	G	*/-A	409	20	4.63%	2	2	93	93	7.602952008642974E-7	1	1	274	135	19	1	-A
H11_BC95_191109_LF_LIB_consensus_vsearch	2743	A	R	399	9	2.15%	2	2	93	93	0.001867961645486525	1	1	264	135	8	1	G
H11_BC95_191109_LF_LIB_consensus_vsearch	2744	G	G	420	5	1.15%	2	1	93	93	0.030882571759557657	1	1	284	136	5	0	A
H11_BC95_191109_LF_LIB_consensus_vsearch	2745	C	C	428	4	0.92%	2	1	93	93	0.06206572163388339	1	1	292	136	4	0	G
H11_BC95_191109_LF_LIB_consensus_vsearch	2746	C	C	433	2	0.46%	2	2	93	93	0.2497123130030455	1	1	297	136	1	1	T
H11_BC95_191109_LF_LIB_consensus_vsearch	2747	A	A	429	2	0.46%	2	2	93	93	0.2497096399537788	1	1	295	134	1	1	+T
H11_BC95_191109_LF_LIB_consensus_vsearch	2748	T	T	428	5	1.15%	2	1	93	93	0.030889356258247617	1	1	298	130	0	5	+C
H11_BC95_191109_LF_LIB_consensus_vsearch	2749	T	T	424	6	1.38%	2	1	93	93	0.015353108416041601	1	1	292	132	6	0	+C
H11_BC95_191109_LF_LIB_consensus_vsearch	2750	C	C	420	6	1.39%	2	1	93	93	0.01535056152092204	1	1	294	126	0	6	+G
H11_BC95_191109_LF_LIB_consensus_vsearch	2751	G	G	434	2	0.46%	2	1	93	93	0.24971297359331265	1	1	297	137	2	0	-A
H11_BC95_191109_LF_LIB_consensus_vsearch	2752	A	A	431	2	0.46%	2	1	93	93	0.24971098265883573	1	1	297	134	0	2	-T
H11_BC95_191109_LF_LIB_consensus_vsearch	2753	T	*/+C	409	18	4.15%	2	1	93	93	3.17701818350145E-6	1	1	275	134	18	0	+C
H11_BC95_191109_LF_LIB_consensus_vsearch	2754	C	*/-G	402	13	3%	2	2	93	93	1.1096121102660942E-4	1	1	273	129	8	5	-G
H11_BC95_191109_LF_LIB_consensus_vsearch	2755	G	G	419	1	0.24%	2	1	93	93	0.5000000000008233	1	1	288	131	1	0	+A
H11_BC95_191109_LF_LIB_consensus_vsearch	2756	G	*/-A	418	7	1.61%	2	2	93	93	0.007620397344640596	1	1	286	132	5	2	-A
H11_BC95_191109_LF_LIB_consensus_vsearch	2757	A	A	425	1	0.23%	2	1	93	93	0.4999999999999138	1	1	290	135	1	0	+G
H11_BC95_191109_LF_LIB_consensus_vsearch	2758	A	A	426	2	0.46%	2	1	93	93	0.2497076023388982	1	1	290	136	2	0	+GC
H11_BC95_191109_LF_LIB_consensus_vsearch	2759	A	R	415	13	2.98%	2	2	93	93	1.1128806504032547E-4	1	1	280	135	12	1	G
H11_BC95_191109_LF_LIB_consensus_vsearch	2760	T	Y	423	8	1.85%	2	2	93	93	0.003780324023462628	1	1	288	135	7	1	C
H11_BC95_191109_LF_LIB_consensus_vsearch	2761	A	A	431	2	0.46%	2	1	93	93	0.24971098265883573	1	1	297	134	0	2	G
H11_BC95_191109_LF_LIB_consensus_vsearch	2762	A	A	427	4	0.92%	2	2	93	93	0.06206471344608787	1	1	292	135	2	2	G
H11_BC95_191109_LF_LIB_consensus_vsearch	2763	C	C	433	1	0.23%	2	1	93	93	0.4999999999999138	1	1	296	137	1	0	+AC
H11_BC95_191109_LF_LIB_consensus_vsearch	2764	G	G	433	1	0.23%	2	1	93	93	0.4999999999999138	1	1	297	136	1	0	+CG
H11_BC95_191109_LF_LIB_consensus_vsearch	2765	A	A	428	2	0.46%	2	1	93	93	0.24970896391120487	1	1	292	136	2	0	+CC
H11_BC95_191109_LF_LIB_consensus_vsearch	2766	C	*/-G	423	7	1.6%	2	2	93	93	0.007622620571895094	1	1	296	127	2	5	-G
H11_BC95_191109_LF_LIB_consensus_vsearch	2767	G	R	413	13	3.02%	2	1	93	93	1.1123903648473621E-4	1	1	281	132	13	0	A
H11_BC95_191109_LF_LIB_consensus_vsearch	2768	G	G	434	2	0.46%	2	1	93	93	0.24971297359331265	1	1	297	137	2	0	+A
H11_BC95_191109_LF_LIB_consensus_vsearch	2769	G	G	437	1	0.23%	2	1	93	93	0.4999999999999138	1	1	301	136	0	1	A
H11_BC95_191109_LF_LIB_consensus_vsearch	2770	C	*/+G	421	9	2.05%	2	1	93	93	0.0018722700711233777	1	1	286	135	9	0	+G
H11_BC95_191109_LF_LIB_consensus_vsearch	2771	G	R	386	33	7.62%	2	1	93	93	6.043044322509342E-11	1	1	252	134	33	0	A
H11_BC95_191109_LF_LIB_consensus_vsearch	2772	G	G	427	2	0.46%	2	2	93	93	0.24970828471410914	1	1	292	135	1	1	A
H11_BC95_191109_LF_LIB_consensus_vsearch	2773	T	T	422	6	1.38%	2	2	93	93	0.015351840904982691	1	1	289	133	5	1	C
H11_BC95_191109_LF_LIB_consensus_vsearch	2774	G	G	432	2	0.46%	2	2	93	93	0.2497116493653279	1	1	298	134	1	1	A
H11_BC95_191109_LF_LIB_consensus_vsearch	2775	T	*/-GT	371	58	13.3%	2	2	93	93	4.392253623339544E-19	1	1	265	106	35	23	-GT
H11_BC95_191109_LF_LIB_consensus_vsearch	2776	G	G	366	6	1.59%	2	2	93	93	0.015310832380401212	1	1	260	106	3	3	A
H11_BC95_191109_LF_LIB_consensus_vsearch	2777	T	T	356	6	1.6%	2	2	93	93	0.015302178085640468	1	1	254	102	5	1	+GT
H11_BC95_191109_LF_LIB_consensus_vsearch	2778	A	R	411	11	2.52%	2	2	93	93	4.5710039589920393E-4	1	1	288	123	6	5	G
H11_BC95_191109_LF_LIB_consensus_vsearch	2779	C	*/+A	157	257	58.94%	2	2	93	93	5.26895574389901E-104	1	1	140	17	146	111	+A
H11_BC95_191109_LF_LIB_consensus_vsearch	2780	A	A	420	5	1.16%	2	2	93	93	0.030882571759557657	1	1	292	128	1	4	+G
H11_BC95_191109_LF_LIB_consensus_vsearch	2781	A	*/+G	405	9	2.06%	2	2	93	93	0.0018691815479874114	1	1	283	122	6	3	+G
H11_BC95_191109_LF_LIB_consensus_vsearch	2782	G	*/+A	396	13	3.03%	2	1	93	93	1.1080358205957155E-4	1	1	272	124	13	0	+A
H11_BC95_191109_LF_LIB_consensus_vsearch	2783	G	*/+A	405	18	4.16%	2	1	93	93	3.171410873712411E-6	1	1	274	131	18	0	+A
H11_BC95_191109_LF_LIB_consensus_vsearch	2784	G	R	413	9	2.07%	2	1	93	93	0.001870754746824021	1	1	282	131	9	0	A
H11_BC95_191109_LF_LIB_consensus_vsearch	2785	C	*/+G	405	9	2.08%	2	1	93	93	0.0018691815479874114	1	1	278	127	9	0	+G
H11_BC95_191109_LF_LIB_consensus_vsearch	2786	A	*/-G	323	62	14.39%	2	2	93	93	1.4980994730110934E-20	1	1	255	68	12	50	-G
H11_BC95_191109_LF_LIB_consensus_vsearch	2787	G	G	367	3	0.8%	2	1	93	93	0.12449255751015709	1	1	284	83	3	0	+A
H11_BC95_191109_LF_LIB_consensus_vsearch	2788	G	G	431	2	0.46%	2	1	93	93	0.24971098265883573	1	1	298	133	0	2	T
H11_BC95_191109_LF_LIB_consensus_vsearch	2789	G	G	434	1	0.23%	2	1	93	93	0.4999999999999138	1	1	298	136	0	1	+T
H11_BC95_191109_LF_LIB_consensus_vsearch	2790	A	*/+T	417	7	1.6%	2	1	93	93	0.007619946437356769	1	1	294	123	0	7	+T
H11_BC95_191109_LF_LIB_consensus_vsearch	2791	C	Y	399	13	3%	2	1	93	93	1.1088295133444692E-4	1	1	287	112	0	13	T
H11_BC95_191109_LF_LIB_consensus_vsearch	2792	G	K	415	10	2.3%	2	2	93	93	9.256517413502841E-4	1	1	291	124	3	7	T
H11_BC95_191109_LF_LIB_consensus_vsearch	2793	T	T	421	5	1.15%	2	2	93	93	0.030883433748668913	1	1	295	126	2	3	C
H11_BC95_191109_LF_LIB_consensus_vsearch	2794	A	A	420	6	1.38%	2	1	93	93	0.01535056152092204	1	1	296	124	0	6	G
H11_BC95_191109_LF_LIB_consensus_vsearch	2795	T	T	425	6	1.38%	2	2	93	93	0.015353737770788975	1	1	299	126	1	5	C
H11_BC95_191109_LF_LIB_consensus_vsearch	2796	T	Y	428	8	1.83%	2	2	93	93	0.0037817572285023734	1	1	297	131	3	5	C
H11_BC95_191109_LF_LIB_consensus_vsearch	2797	C	C	430	4	0.91%	2	2	93	93	0.062067724063454545	1	1	298	132	1	3	+T
H11_BC95_191109_LF_LIB_consensus_vsearch	2798	A	A	425	6	1.38%	2	2	93	93	0.015353737770788975	1	1	296	129	4	2	G
H11_BC95_191109_LF_LIB_consensus_vsearch	2799	T	Y	424	7	1.62%	2	2	93	93	0.007623059056742502	1	1	298	126	3	4	C
H11_BC95_191109_LF_LIB_consensus_vsearch	2800	C	*/+A	427	8	1.83%	2	1	93	93	0.0037814732031268648	1	1	291	136	8	0	+A
H11_BC95_191109_LF_LIB_consensus_vsearch	2801	G	K	419	10	2.29%	2	1	93	93	9.261191504201837E-4	1	1	287	132	10	0	T
H11_BC95_191109_LF_LIB_consensus_vsearch	2802	T	T	427	3	0.69%	2	1	93	93	0.12456344586746677	1	1	297	130	3	0	+G
H11_BC95_191109_LF_LIB_consensus_vsearch	2803	G	G	428	4	0.92%	2	1	93	93	0.06206572163388339	1	1	295	133	4	0	-A
H11_BC95_191109_LF_LIB_consensus_vsearch	2804	A	A	424	6	1.38%	2	1	93	93	0.015353108416041601	1	1	288	136	6	0	G
H11_BC95_191109_LF_LIB_consensus_vsearch	2805	G	G	428	2	0.46%	2	1	93	93	0.24970896391120487	1	1	296	132	0	2	+AG
H11_BC95_191109_LF_LIB_consensus_vsearch	2806	T	T	430	6	1.38%	2	2	93	93	0.015356841341651906	1	1	300	130	1	5	C
H11_BC95_191109_LF_LIB_consensus_vsearch	2807	T	T	434	2	0.46%	2	1	93	93	0.24971297359331265	1	1	300	134	0	2	C
H11_BC95_191109_LF_LIB_consensus_vsearch	2808	G	G	437	1	0.23%	2	1	93	93	0.4999999999999138	1	1	300	137	1	0	-A
H11_BC95_191109_LF_LIB_consensus_vsearch	2809	A	A	428	3	0.69%	2	1	93	93	0.12456445993035366	1	1	293	135	3	0	+G
H11_BC95_191109_LF_LIB_consensus_vsearch	2810	T	T	429	3	0.69%	2	2	93	93	0.12456546929309553	1	1	296	133	2	1	C
H11_BC95_191109_LF_LIB_consensus_vsearch	2811	G	G	433	1	0.23%	2	1	93	93	0.4999999999999138	1	1	298	135	0	1	C
H11_BC95_191109_LF_LIB_consensus_vsearch	2812	A	A	423	5	1.15%	2	2	93	93	0.030885145650365813	1	1	293	130	4	1	G
H11_BC95_191109_LF_LIB_consensus_vsearch	2813	C	C	429	3	0.69%	2	2	93	93	0.12456546929309553	1	1	296	133	2	1	-T
H11_BC95_191109_LF_LIB_consensus_vsearch	2814	T	*/-C	419	10	2.3%	2	2	93	93	9.261191504201837E-4	1	1	294	125	1	9	-C
H11_BC95_191109_LF_LIB_consensus_vsearch	2815	C	*/-AC	412	7	1.64%	2	1	93	93	0.007617659773976637	1	1	286	126	7	0	-AC
H11_BC95_191109_LF_LIB_consensus_vsearch	2816	A	A	423	3	0.7%	2	2	93	93	0.12455934195065375	1	1	288	135	2	1	C
H11_BC95_191109_LF_LIB_consensus_vsearch	2817	C	C	421	4	0.93%	2	1	93	93	0.06205856462850021	1	1	284	137	4	0	+AC
H11_BC95_191109_LF_LIB_consensus_vsearch	2818	G	*/-A	424	9	2.07%	2	1	93	93	0.0018728240442215458	1	1	287	137	9	0	-A
H11_BC95_191109_LF_LIB_consensus_vsearch	2819	A	A	422	2	0.47%	2	2	93	93	0.2497048406136616	1	1	286	136	1	1	-T
H11_BC95_191109_LF_LIB_consensus_vsearch	2820	T	K	422	7	1.61%	2	1	93	93	0.007622180052576428	1	1	287	135	7	0	G
H11_BC95_191109_LF_LIB_consensus_vsearch	2821	T	T	428	4	0.92%	2	2	93	93	0.06206572163388339	1	1	293	135	3	1	C
H11_BC95_191109_LF_LIB_consensus_vsearch	2822	A	R	419	7	1.61%	2	1	93	93	0.007620846145152445	1	1	285	134	7	0	G
H11_BC95_191109_LF_LIB_consensus_vsearch	2823	C	*/+A	400	21	4.84%	2	2	93	93	3.692665248734166E-7	1	1	267	133	20	1	+A
H11_BC95_191109_LF_LIB_consensus_vsearch	2824	A	A	422	2	0.47%	2	1	93	93	0.2497048406136616	1	1	287	135	2	0	+G
H11_BC95_191109_LF_LIB_consensus_vsearch	2825	A	A	427	5	1.14%	2	2	93	93	0.03088852192937873	1	1	292	135	3	2	-G
H11_BC95_191109_LF_LIB_consensus_vsearch	2826	G	*/+A	410	8	1.86%	2	1	93	93	0.003776438502445107	1	1	276	134	8	0	+A
H11_BC95_191109_LF_LIB_consensus_vsearch	2827	G	R	417	13	2.97%	2	2	93	93	1.113366520436279E-4	1	1	281	136	12	1	A
H11_BC95_191109_LF_LIB_consensus_vsearch	2828	C	Y	424	7	1.6%	2	2	93	93	0.007623059056742502	1	1	292	132	2	5	T
H11_BC95_191109_LF_LIB_consensus_vsearch	2829	A	*/+T	419	11	2.52%	2	1	93	93	4.576688933102391E-4	1	1	296	123	0	11	+T
H11_BC95_191109_LF_LIB_consensus_vsearch	2830	T	*/+C	420	10	2.3%	2	1	93	93	9.262346650300045E-4	1	1	297	123	0	10	+C
H11_BC95_191109_LF_LIB_consensus_vsearch	2831	T	*/+C	425	7	1.6%	2	2	93	93	0.007623495521158642	1	1	297	128	1	6	+C
H11_BC95_191109_LF_LIB_consensus_vsearch	2832	C	C	432	1	0.23%	2	1	93	93	0.5000000000008233	1	1	298	134	0	1	+T
H11_BC95_191109_LF_LIB_consensus_vsearch	2833	C	C	425	3	0.69%	2	1	93	93	0.12456140350894482	1	1	297	128	0	3	T
H11_BC95_191109_LF_LIB_consensus_vsearch	2834	A	A	428	6	1.38%	2	2	93	93	0.015355608474412826	1	1	295	133	3	3	G
H11_BC95_191109_LF_LIB_consensus_vsearch	2835	T	T	429	3	0.68%	2	2	93	93	0.12456546929309553	1	1	298	131	1	2	-G
H11_BC95_191109_LF_LIB_consensus_vsearch	2836	G	G	432	1	0.23%	2	1	93	93	0.5000000000008233	1	1	298	134	1	0	A
H11_BC95_191109_LF_LIB_consensus_vsearch	2837	T	Y	425	7	1.61%	2	2	93	93	0.007623495521158642	1	1	298	127	2	5	C
H11_BC95_191109_LF_LIB_consensus_vsearch	2838	T	T	422	6	1.37%	2	2	93	93	0.015351840904982691	1	1	292	130	2	4	-C
H11_BC95_191109_LF_LIB_consensus_vsearch	2839	C	*/-A	404	19	4.42%	2	1	93	93	1.5512335795401686E-6	1	1	271	133	19	0	-A
H11_BC95_191109_LF_LIB_consensus_vsearch	2840	A	A	404	5	1.21%	2	1	93	93	0.030868207042094063	1	1	268	136	5	0	G
H11_BC95_191109_LF_LIB_consensus_vsearch	2841	C	Y	407	20	4.63%	2	2	93	93	7.594696420327181E-7	1	1	272	135	18	2	T
H11_BC95_191109_LF_LIB_consensus_vsearch	2842	G	*/-A	425	9	2.06%	2	2	93	93	0.0018730070190884252	1	1	291	134	7	2	-A
H11_BC95_191109_LF_LIB_consensus_vsearch	2843	A	A	418	4	0.93%	2	1	93	93	0.06205542461311247	1	1	284	134	4	0	-G
H11_BC95_191109_LF_LIB_consensus_vsearch	2844	G	G	429	2	0.46%	2	1	93	93	0.2497096399537788	1	1	294	135	2	0	+AG
H11_BC95_191109_LF_LIB_consensus_vsearch	2845	C	C	426	5	1.14%	2	2	93	93	0.0308876837313223	1	1	293	133	1	4	T
H11_BC95_191109_LF_LIB_consensus_vsearch	2846	A	A	425	3	0.7%	2	1	93	93	0.12456140350894482	1	1	288	137	3	0	G
H11_BC95_191109_LF_LIB_consensus_vsearch	2847	C	C	425	4	0.92%	2	1	93	93	0.0620626829618069	1	1	289	136	4	0	T
H11_BC95_191109_LF_LIB_consensus_vsearch	2848	A	R	417	13	3%	2	1	93	93	1.113366520436279E-4	1	1	284	133	13	0	G
H11_BC95_191109_LF_LIB_consensus_vsearch	2849	G	G	432	3	0.69%	2	2	93	93	0.12456846950514457	1	1	297	135	1	2	A
H11_BC95_191109_LF_LIB_consensus_vsearch	2850	T	T	429	5	1.14%	2	2	93	93	0.030890186744528703	1	1	298	131	2	3	C
H11_BC95_191109_LF_LIB_consensus_vsearch	2851	T	*/-C	380	52	11.9%	2	1	93	93	4.3370715671614885E-17	1	1	243	137	52	0	-C
H11_BC95_191109_LF_LIB_consensus_vsearch	2852	C	C	382	1	0.26%	2	1	93	93	0.5000000000003686	1	1	245	137	1	0	+AG
H11_BC95_191109_LF_LIB_consensus_vsearch	2853	C	C	426	3	0.69%	2	2	93	93	0.1245624270712429	1	1	292	134	2	1	A
H11_BC95_191109_LF_LIB_consensus_vsearch	2854	A	R	424	8	1.84%	2	1	93	93	0.0037806132981311326	1	1	288	136	8	0	G
H11_BC95_191109_LF_LIB_consensus_vsearch	2855	G	G	427	3	0.69%	2	1	93	93	0.12456344586746677	1	1	294	133	0	3	-TG
H11_BC95_191109_LF_LIB_consensus_vsearch	2856	T	T	429	2	0.46%	2	1	93	93	0.2497096399537788	1	1	298	131	0	2	-GC
H11_BC95_191109_LF_LIB_consensus_vsearch	2857	G	G	421	4	0.93%	2	2	93	93	0.06205856462850021	1	1	293	128	3	1	A
H11_BC95_191109_LF_LIB_consensus_vsearch	2858	C	C	424	3	0.69%	2	2	93	93	0.12456037514670402	1	1	294	130	2	1	A
H11_BC95_191109_LF_LIB_consensus_vsearch	2859	T	T	419	5	1.15%	2	2	93	93	0.03088170570687224	1	1	286	133	3	2	C
H11_BC95_191109_LF_LIB_consensus_vsearch	2860	C	C	422	4	0.92%	2	1	93	93	0.062059601466603075	1	1	294	128	0	4	+G
H11_BC95_191109_LF_LIB_consensus_vsearch	2861	G	G	431	4	0.92%	2	1	93	93	0.06206871836935933	1	1	295	136	4	0	-A
H11_BC95_191109_LF_LIB_consensus_vsearch	2862	A	A	429	2	0.46%	2	1	93	93	0.2497096399537788	1	1	295	134	0	2	-T
H11_BC95_191109_LF_LIB_consensus_vsearch	2863	T	*/-C	336	90	20.64%	2	2	93	93	4.1775393031306095E-30	1	1	230	106	62	28	-C
H11_BC95_191109_LF_LIB_consensus_vsearch	2864	C	C	336	4	1.17%	2	1	93	93	0.06194812512106263	1	1	233	103	0	4	+T
H11_BC95_191109_LF_LIB_consensus_vsearch	2865	C	C	427	5	1.16%	2	2	93	93	0.03088852192937873	1	1	294	133	1	4	T
H11_BC95_191109_LF_LIB_consensus_vsearch	2866	C	Y	402	24	5.5%	2	1	93	93	4.271528395416842E-8	1	1	293	109	0	24	T
H11_BC95_191109_LF_LIB_consensus_vsearch	2867	C	C	427	4	0.91%	2	2	93	93	0.06206471344608787	1	1	292	135	3	1	-A
H11_BC95_191109_LF_LIB_consensus_vsearch	2868	A	A	418	5	1.15%	2	2	93	93	0.030880835561915	1	1	285	133	3	2	T
H11_BC95_191109_LF_LIB_consensus_vsearch	2869	G	R	398	27	6.25%	2	1	93	93	4.864622142702218E-9	1	1	263	135	27	0	A
H11_BC95_191109_LF_LIB_consensus_vsearch	2870	C	*/-AC	412	8	1.85%	2	1	93	93	0.003777051806882959	1	1	278	134	8	0	-AC
H11_BC95_191109_LF_LIB_consensus_vsearch	2871	A	A	415	5	1.18%	2	1	93	93	0.03087820028111735	1	1	279	136	5	0	G
H11_BC95_191109_LF_LIB_consensus_vsearch	2872	C	C	414	5	1.17%	2	1	93	93	0.03087731347339881	1	1	281	133	5	0	+T
H11_BC95_191109_LF_LIB_consensus_vsearch	2873	G	*/-A	428	7	1.61%	2	1	93	93	0.007624792930600719	1	1	291	137	7	0	-A
H11_BC95_191109_LF_LIB_consensus_vsearch	2874	A	A	426	3	0.7%	2	1	93	93	0.1245624270712429	1	1	289	137	3	0	G
H11_BC95_191109_LF_LIB_consensus_vsearch	2875	T	T	432	2	0.46%	2	1	93	93	0.2497116493653279	1	1	296	136	2	0	-GC
H11_BC95_191109_LF_LIB_consensus_vsearch	2876	G	G	428	2	0.46%	2	1	93	93	0.24970896391120487	1	1	292	136	2	0	+C
H11_BC95_191109_LF_LIB_consensus_vsearch	2877	C	C	429	2	0.46%	2	2	93	93	0.2497096399537788	1	1	294	135	1	1	-AGC
H11_BC95_191109_LF_LIB_consensus_vsearch	2878	A	R	422	10	2.29%	2	2	93	93	9.264641146701706E-4	1	1	287	135	9	1	G
H11_BC95_191109_LF_LIB_consensus_vsearch	2879	G	R	414	8	1.84%	2	1	93	93	0.00377765934383424	1	1	284	130	8	0	A
H11_BC95_191109_LF_LIB_consensus_vsearch	2880	C	C	422	2	0.47%	2	2	93	93	0.2497048406136616	1	1	293	129	1	1	+T
H11_BC95_191109_LF_LIB_consensus_vsearch	2881	C	C	434	1	0.23%	2	1	93	93	0.4999999999999138	1	1	298	136	1	0	-T
H11_BC95_191109_LF_LIB_consensus_vsearch	2882	T	T	422	3	0.69%	2	2	93	93	0.12455830388715546	1	1	288	134	2	1	-C
H11_BC95_191109_LF_LIB_consensus_vsearch	2883	C	*/-A	414	16	3.7%	2	1	93	93	1.3237475145125807E-5	1	1	280	134	16	0	-A
H11_BC95_191109_LF_LIB_consensus_vsearch	2884	A	*/+C	397	8	1.9%	2	1	93	93	0.003772305589141729	1	1	263	134	8	0	+C
H11_BC95_191109_LF_LIB_consensus_vsearch	2885	C	Y	410	12	2.76%	2	2	93	93	2.255321281093224E-4	1	1	277	133	11	1	T
H11_BC95_191109_LF_LIB_consensus_vsearch	2886	A	R	384	27	6.26%	2	1	93	93	4.792147269238064E-9	1	1	258	126	27	0	G
H11_BC95_191109_LF_LIB_consensus_vsearch	2887	G	G	420	4	0.94%	2	1	93	93	0.062057522896676466	1	1	290	130	4	0	A
H11_BC95_191109_LF_LIB_consensus_vsearch	2888	G	*/-A	423	7	1.61%	2	1	93	93	0.007622620571895094	1	1	289	134	7	0	-A
H11_BC95_191109_LF_LIB_consensus_vsearch	2889	A	*/-T	413	7	1.64%	2	2	93	93	0.007618121440992818	1	1	284	129	3	4	-T
H11_BC95_191109_LF_LIB_consensus_vsearch	2890	T	T	426	1	0.23%	2	1	93	93	0.4999999999999138	1	1	294	132	0	1	C
H11_BC95_191109_LF_LIB_consensus_vsearch	2891	T	*/-AC	424	9	2.05%	2	2	93	93	0.0018728240442215458	1	1	291	133	8	1	-AC
H11_BC95_191109_LF_LIB_consensus_vsearch	2892	A	R	403	13	3.04%	2	2	93	93	1.1098705502596942E-4	1	1	269	134	12	1	G
H11_BC95_191109_LF_LIB_consensus_vsearch	2893	C	*/+T	396	17	4.04%	2	1	93	93	6.449431495208312E-6	1	1	281	115	0	17	+T
H11_BC95_191109_LF_LIB_consensus_vsearch	2894	C	S	415	10	2.31%	2	2	93	93	9.256517413502841E-4	1	1	284	131	9	1	G
H11_BC95_191109_LF_LIB_consensus_vsearch	2895	C	Y	423	10	2.28%	2	2	93	93	9.26578056881533E-4	1	1	294	129	3	7	T
H11_BC95_191109_LF_LIB_consensus_vsearch	2896	A	A	431	4	0.92%	2	1	93	93	0.06206871836935933	1	1	294	137	4	0	G
H11_BC95_191109_LF_LIB_consensus_vsearch	2897	G	*/-C	405	22	5.05%	2	2	93	93	1.806424477541293E-7	1	1	292	113	3	19	-C
H11_BC95_191109_LF_LIB_consensus_vsearch	2898	C	*/+T	395	11	2.66%	2	1	93	93	4.558976374421885E-4	1	1	295	100	0	11	+T
H11_BC95_191109_LF_LIB_consensus_vsearch	2899	C	C	428	3	0.69%	2	1	93	93	0.12456445993035366	1	1	297	131	3	0	+A
H11_BC95_191109_LF_LIB_consensus_vsearch	2900	C	C	432	3	0.68%	2	1	93	93	0.12456846950514457	1	1	300	132	0	3	+T
H11_BC95_191109_LF_LIB_consensus_vsearch	2901	T	*/-C	408	20	4.6%	2	1	93	93	7.598832965227904E-7	1	1	298	110	0	20	-C
H11_BC95_191109_LF_LIB_consensus_vsearch	2902	C	*/-TC	379	25	5.98%	2	2	93	93	2.032043082814734E-8	1	1	286	93	10	15	-TC
H11_BC95_191109_LF_LIB_consensus_vsearch	2903	T	*/+C	351	44	10.84%	2	2	93	93	1.5995953842466595E-14	1	1	238	113	42	2	+C
H11_BC95_191109_LF_LIB_consensus_vsearch	2904	C	*/-G	388	7	1.72%	2	2	93	93	0.007605882130108492	1	1	276	112	1	6	-G
H11_BC95_191109_LF_LIB_consensus_vsearch	2905	G	G	426	2	0.47%	2	1	93	93	0.2497076023388982	1	1	296	130	2	0	A
H11_BC95_191109_LF_LIB_consensus_vsearch	2906	G	G	432	5	1.14%	2	2	93	93	0.03089265541177198	1	1	296	136	4	1	-A
H11_BC95_191109_LF_LIB_consensus_vsearch	2907	A	A	424	5	1.16%	2	1	93	93	0.03088599561913487	1	1	289	135	5	0	+G
H11_BC95_191109_LF_LIB_consensus_vsearch	2908	A	A	430	2	0.46%	2	1	93	93	0.24971031286224527	1	1	294	136	2	0	-T
H11_BC95_191109_LF_LIB_consensus_vsearch	2909	T	*/+G	417	7	1.61%	2	1	93	93	0.007619946437356769	1	1	282	135	7	0	+G
H11_BC95_191109_LF_LIB_consensus_vsearch	2910	A	R	405	13	3.02%	2	2	93	93	1.1103838422487234E-4	1	1	272	133	11	2	G
H11_BC95_191109_LF_LIB_consensus_vsearch	2911	G	G	427	3	0.7%	2	1	93	93	0.12456344586746677	1	1	292	135	3	0	A
H11_BC95_191109_LF_LIB_consensus_vsearch	2912	G	G	435	2	0.46%	2	2	93	93	0.24971363115699957	1	1	299	136	1	1	-TG
H11_BC95_191109_LF_LIB_consensus_vsearch	2913	T	T	429	2	0.46%	2	2	93	93	0.2497096399537788	1	1	297	132	1	1	+A
H11_BC95_191109_LF_LIB_consensus_vsearch	2914	G	G	426	6	1.38%	2	1	93	93	0.015354364218716944	1	1	292	134	6	0	-A
H11_BC95_191109_LF_LIB_consensus_vsearch	2915	A	A	426	2	0.46%	2	1	93	93	0.2497076023388982	1	1	290	136	2	0	+G
H11_BC95_191109_LF_LIB_consensus_vsearch	2916	A	R	427	8	1.83%	2	2	93	93	0.0037814732031268648	1	1	293	134	6	2	G
H11_BC95_191109_LF_LIB_consensus_vsearch	2917	T	T	430	5	1.14%	2	2	93	93	0.030891013414769866	1	1	298	132	2	3	C
H11_BC95_191109_LF_LIB_consensus_vsearch	2918	G	G	428	6	1.37%	2	1	93	93	0.015355608474412826	1	1	294	134	6	0	-C
H11_BC95_191109_LF_LIB_consensus_vsearch	2919	C	C	430	1	0.23%	2	1	93	93	0.4999999999990043	1	1	295	135	0	1	T
H11_BC95_191109_LF_LIB_consensus_vsearch	2920	C	C	431	4	0.92%	2	2	93	93	0.06206871836935933	1	1	296	135	3	1	T
H11_BC95_191109_LF_LIB_consensus_vsearch	2921	C	Y	423	8	1.83%	2	2	93	93	0.003780324023462628	1	1	292	131	3	5	T
H11_BC95_191109_LF_LIB_consensus_vsearch	2922	A	A	423	6	1.39%	2	2	93	93	0.015352476134252922	1	1	291	132	3	3	G
H11_BC95_191109_LF_LIB_consensus_vsearch	2923	T	T	425	6	1.38%	2	2	93	93	0.015353737770788975	1	1	293	132	3	3	C
H11_BC95_191109_LF_LIB_consensus_vsearch	2924	T	T	433	1	0.23%	2	1	93	93	0.4999999999999138	1	1	300	133	1	0	+A
H11_BC95_191109_LF_LIB_consensus_vsearch	2925	G	G	429	3	0.69%	2	1	93	93	0.12456546929309553	1	1	297	132	3	0	A
H11_BC95_191109_LF_LIB_consensus_vsearch	2926	T	Y	421	7	1.6%	2	2	93	93	0.007621737484585097	1	1	291	130	2	5	C
H11_BC95_191109_LF_LIB_consensus_vsearch	2927	C	C	425	3	0.69%	2	2	93	93	0.12456140350894482	1	1	292	133	1	2	-T
H11_BC95_191109_LF_LIB_consensus_vsearch	2928	T	T	420	5	1.16%	2	2	93	93	0.030882571759557657	1	1	293	127	2	3	C
H11_BC95_191109_LF_LIB_consensus_vsearch	2929	G	G	430	3	0.69%	2	1	93	93	0.12456647398843287	1	1	296	134	3	0	+C
H11_BC95_191109_LF_LIB_consensus_vsearch	2930	C	Y	421	12	2.75%	2	1	93	93	2.259929805737435E-4	1	1	298	123	0	12	T
H11_BC95_191109_LF_LIB_consensus_vsearch	2931	A	A	431	3	0.69%	2	1	93	93	0.12456747404820136	1	1	299	132	0	3	-T
H11_BC95_191109_LF_LIB_consensus_vsearch	2932	T	*/+C	418	11	2.54%	2	1	93	93	4.575989670126341E-4	1	1	286	132	11	0	+C
H11_BC95_191109_LF_LIB_consensus_vsearch	2933	C	C	429	5	1.15%	2	1	93	93	0.030890186744528703	1	1	295	134	5	0	+A
H11_BC95_191109_LF_LIB_consensus_vsearch	2934	A	A	427	3	0.69%	2	2	93	93	0.12456344586746677	1	1	295	132	2	1	-G
H11_BC95_191109_LF_LIB_consensus_vsearch	2935	G	G	426	2	0.46%	2	1	93	93	0.2497076023388982	1	1	293	133	2	0	T
H11_BC95_191109_LF_LIB_consensus_vsearch	2936	T	*/-GT	422	7	1.61%	2	1	93	93	0.007622180052576428	1	1	297	125	0	7	-GT
H11_BC95_191109_LF_LIB_consensus_vsearch	2937	G	G	420	2	0.47%	2	2	93	93	0.24970344009506698	1	1	295	125	1	1	-T
H11_BC95_191109_LF_LIB_consensus_vsearch	2938	T	Y	395	15	3.55%	2	2	93	93	2.6787679179248367E-5	1	1	287	108	2	13	C
H11_BC95_191109_LF_LIB_consensus_vsearch	2939	A	R	402	15	3.53%	2	2	93	93	2.68474088688777E-5	1	1	274	128	14	1	G
H11_BC95_191109_LF_LIB_consensus_vsearch	2940	G	*/-C	405	10	2.33%	2	2	93	93	9.244444326593995E-4	1	1	280	125	8	2	-C
H11_BC95_191109_LF_LIB_consensus_vsearch	2941	C	Y	392	8	1.88%	2	2	93	93	0.0037706450711110975	1	1	269	123	2	6	T
H11_BC95_191109_LF_LIB_consensus_vsearch	2942	G	*/-CGCG	399	16	3.73%	2	2	93	93	1.3168362731583084E-5	1	1	281	118	3	13	-CGCG
H11_BC95_191109_LF_LIB_consensus_vsearch	2943	C	*/+T	394	8	1.91%	2	1	93	93	0.0037713141940397903	1	1	274	120	8	0	+T
H11_BC95_191109_LF_LIB_consensus_vsearch	2944	G	*/-CG	287	104	25.18%	2	2	93	93	1.7831660496962896E-35	1	1	197	90	72	32	-CG
H11_BC95_191109_LF_LIB_consensus_vsearch	2945	C	C	295	5	1.62%	2	2	93	93	0.030729607973042264	1	1	208	87	4	1	A
H11_BC95_191109_LF_LIB_consensus_vsearch	2946	G	*/+A	287	10	3.17%	2	1	93	93	9.04196359570001E-4	1	1	201	86	10	0	+A
H11_BC95_191109_LF_LIB_consensus_vsearch	2947	T	T	422	4	0.93%	2	1	93	93	0.062059601466603075	1	1	290	132	4	0	-G
H11_BC95_191109_LF_LIB_consensus_vsearch	2948	G	R	397	10	2.34%	2	1	93	93	9.234365709559712E-4	1	1	273	124	10	0	A
H11_BC95_191109_LF_LIB_consensus_vsearch	2949	C	C	397	6	1.43%	2	2	93	93	0.015334938209013941	1	1	282	115	3	3	-G
H11_BC95_191109_LF_LIB_consensus_vsearch	2950	G	R	390	16	3.86%	2	1	93	93	1.3124583755675277E-5	1	1	270	120	16	0	A
H11_BC95_191109_LF_LIB_consensus_vsearch	2951	G	*/-C	395	26	6.02%	2	2	93	93	1.0007493567740277E-8	1	1	263	132	24	2	-C
H11_BC95_191109_LF_LIB_consensus_vsearch	2952	C	C	395	5	1.23%	2	1	93	93	0.030859622206549208	1	1	270	125	0	5	+T
H11_BC95_191109_LF_LIB_consensus_vsearch	2953	C	C	430	3	0.69%	2	1	93	93	0.12456647398843287	1	1	295	135	3	0	T
H11_BC95_191109_LF_LIB_consensus_vsearch	2954	C	*/+A	417	8	1.83%	2	1	93	93	0.003778560011928581	1	1	284	133	8	0	+A
H11_BC95_191109_LF_LIB_consensus_vsearch	2955	A	*/-G	401	20	4.64%	2	1	93	93	7.56950332781708E-7	1	1	288	113	0	20	-G
H11_BC95_191109_LF_LIB_consensus_vsearch	2956	G	G	412	1	0.24%	2	1	93	93	0.4999999999990043	1	1	300	112	0	1	+AC
H11_BC95_191109_LF_LIB_consensus_vsearch	2957	G	G	434	1	0.23%	2	1	93	93	0.4999999999999138	1	1	299	135	1	0	+A
H11_BC95_191109_LF_LIB_consensus_vsearch	2958	A	A	433	1	0.23%	2	1	93	93	0.4999999999999138	1	1	299	134	1	0	+C
H11_BC95_191109_LF_LIB_consensus_vsearch	2959	C	C	432	1	0.23%	2	1	93	93	0.5000000000008233	1	1	298	134	1	0	+GT
H11_BC95_191109_LF_LIB_consensus_vsearch	2960	A	A	431	3	0.69%	2	2	93	93	0.12456747404820136	1	1	297	134	2	1	G
H11_BC95_191109_LF_LIB_consensus_vsearch	2961	T	T	425	6	1.38%	2	1	93	93	0.015353737770788975	1	1	291	134	6	0	+C
H11_BC95_191109_LF_LIB_consensus_vsearch	2962	C	C	429	3	0.69%	2	1	93	93	0.12456546929309553	1	1	294	135	3	0	-T
H11_BC95_191109_LF_LIB_consensus_vsearch	2963	T	*/+A	379	34	7.89%	2	1	93	93	2.8671967525929444E-11	1	1	246	133	34	0	+A
H11_BC95_191109_LF_LIB_consensus_vsearch	2964	A	A	414	5	1.19%	2	1	93	93	0.03087731347339881	1	1	282	132	5	0	G
H11_BC95_191109_LF_LIB_consensus_vsearch	2965	A	*/-G	402	12	2.76%	2	2	93	93	2.2518199251181446E-4	1	1	274	128	8	4	-G
H11_BC95_191109_LF_LIB_consensus_vsearch	2966	G	G	419	2	0.47%	2	1	93	93	0.24970273483926292	1	1	289	130	2	0	A
H11_BC95_191109_LF_LIB_consensus_vsearch	2967	G	G	426	5	1.14%	2	1	93	93	0.0308876837313223	1	1	291	135	5	0	+A
H11_BC95_191109_LF_LIB_consensus_vsearch	2968	G	G	431	3	0.69%	2	1	93	93	0.12456747404820136	1	1	297	134	3	0	A
H11_BC95_191109_LF_LIB_consensus_vsearch	2969	C	C	433	1	0.23%	2	1	93	93	0.4999999999999138	1	1	298	135	1	0	-A
H11_BC95_191109_LF_LIB_consensus_vsearch	2970	A	A	431	2	0.46%	2	1	93	93	0.24971098265883573	1	1	298	133	0	2	-T
H11_BC95_191109_LF_LIB_consensus_vsearch	2971	T	T	423	5	1.15%	2	1	93	93	0.030885145650365813	1	1	289	134	5	0	-C
H11_BC95_191109_LF_LIB_consensus_vsearch	2972	C	*/-A	421	7	1.62%	2	1	93	93	0.007621737484585097	1	1	287	134	7	0	-A
H11_BC95_191109_LF_LIB_consensus_vsearch	2973	A	*/+C	408	7	1.63%	2	1	93	93	0.007615790966496023	1	1	275	133	7	0	+C
H11_BC95_191109_LF_LIB_consensus_vsearch	2974	C	C	430	1	0.23%	2	1	93	93	0.4999999999990043	1	1	294	136	1	0	+G
H11_BC95_191109_LF_LIB_consensus_vsearch	2975	A	A	426	6	1.37%	2	1	93	93	0.015354364218716944	1	1	290	136	6	0	T
H11_BC95_191109_LF_LIB_consensus_vsearch	2976	G	G	428	5	1.14%	2	1	93	93	0.030889356258247617	1	1	294	134	5	0	+A
H11_BC95_191109_LF_LIB_consensus_vsearch	2977	A	R	423	7	1.6%	2	2	93	93	0.007622620571895094	1	1	293	130	6	1	G
H11_BC95_191109_LF_LIB_consensus_vsearch	2978	C	C	433	2	0.46%	2	2	93	93	0.2497123130030455	1	1	300	133	1	1	T
H11_BC95_191109_LF_LIB_consensus_vsearch	2979	C	C	435	3	0.68%	2	1	93	93	0.12457142857152662	1	1	301	134	0	3	-T
H11_BC95_191109_LF_LIB_consensus_vsearch	2980	T	Y	411	20	4.6%	2	2	93	93	7.611138031103958E-7	1	1	296	115	4	16	C
H11_BC95_191109_LF_LIB_consensus_vsearch	2981	G	G	428	4	0.92%	2	2	93	93	0.06206572163388339	1	1	295	133	3	1	-T
H11_BC95_191109_LF_LIB_consensus_vsearch	2982	T	T	424	4	0.93%	2	1	93	93	0.06206166059929218	1	1	295	129	0	4	C
H11_BC95_191109_LF_LIB_consensus_vsearch	2983	T	*/-A	379	40	9.15%	2	1	93	93	3.4229032378607184E-13	1	1	247	132	40	0	-A
H11_BC95_191109_LF_LIB_consensus_vsearch	2984	A	A	371	3	0.78%	2	2	93	93	0.1244979919678599	1	1	241	130	1	2	-T
H11_BC95_191109_LF_LIB_consensus_vsearch	2985	T	K	375	40	9.5%	2	1	93	93	3.389190688248127E-13	1	1	245	130	40	0	G
H11_BC95_191109_LF_LIB_consensus_vsearch	2986	T	T	415	2	0.47%	2	2	93	93	0.24969987995208204	1	1	285	130	1	1	-G
H11_BC95_191109_LF_LIB_consensus_vsearch	2987	G	*/-C	403	19	4.42%	2	2	93	93	1.5504569431294141E-6	1	1	283	120	7	12	-C
H11_BC95_191109_LF_LIB_consensus_vsearch	2988	C	C	405	3	0.72%	2	2	93	93	0.1245398773006808	1	1	291	114	1	2	T
H11_BC95_191109_LF_LIB_consensus_vsearch	2989	C	*/-A	377	21	4.84%	2	2	93	93	3.637077255535154E-7	1	1	278	99	6	15	-A
H11_BC95_191109_LF_LIB_consensus_vsearch	2990	A	W	388	11	2.68%	2	1	93	93	4.5534176337797E-4	1	1	286	102	0	11	T
H11_BC95_191109_LF_LIB_consensus_vsearch	2991	A	*/-G	408	12	2.77%	2	2	93	93	2.2544581166138029E-4	1	1	292	116	3	9	-G
H11_BC95_191109_LF_LIB_consensus_vsearch	2992	G	R	404	9	2.14%	2	1	93	93	0.0018689806633249517	1	1	283	121	9	0	A
H11_BC95_191109_LF_LIB_consensus_vsearch	2993	C	C	420	3	0.7%	2	1	93	93	0.12455621301805807	1	1	292	128	0	3	A
H11_BC95_191109_LF_LIB_consensus_vsearch	2994	A	A	425	4	0.92%	2	2	93	93	0.0620626829618069	1	1	293	132	3	1	-C
H11_BC95_191109_LF_LIB_consensus_vsearch	2995	C	C	427	2	0.46%	2	2	93	93	0.24970828471410914	1	1	293	134	1	1	T
H11_BC95_191109_LF_LIB_consensus_vsearch	2996	C	C	426	6	1.37%	2	2	93	93	0.015354364218716944	1	1	296	130	2	4	-T
H11_BC95_191109_LF_LIB_consensus_vsearch	2997	T	*/-C	413	9	2.1%	2	2	93	93	0.001870754746824021	1	1	285	128	8	1	-C
H11_BC95_191109_LF_LIB_consensus_vsearch	2998	C	C	424	1	0.24%	2	1	93	93	0.4999999999999138	1	1	292	132	0	1	+TC
H11_BC95_191109_LF_LIB_consensus_vsearch	2999	C	*/-AC	412	20	4.58%	2	1	93	93	7.615205227908607E-7	1	1	277	135	20	0	-AC
H11_BC95_191109_LF_LIB_consensus_vsearch	3000	A	A	408	2	0.48%	2	1	93	93	0.24969474969464833	1	1	276	132	0	2	+T
H11_BC95_191109_LF_LIB_consensus_vsearch	3001	C	C	414	1	0.24%	2	1	93	93	0.5000000000008233	1	1	279	135	1	0	+AC
H11_BC95_191109_LF_LIB_consensus_vsearch	3002	G	*/-C	413	14	3.2%	2	2	93	93	5.4771858527024145E-5	1	1	283	130	10	4	-C
H11_BC95_191109_LF_LIB_consensus_vsearch	3003	C	*/+T	400	16	3.8%	2	1	93	93	1.3173116653123968E-5	1	1	286	114	0	16	+T
H11_BC95_191109_LF_LIB_consensus_vsearch	3004	C	*/+T	400	16	3.68%	2	1	93	93	1.3173116653123968E-5	1	1	293	107	0	16	+T
H11_BC95_191109_LF_LIB_consensus_vsearch	3005	C	*/-T	398	30	6.85%	2	2	93	93	5.501430449711944E-10	1	1	292	106	4	26	-T
H11_BC95_191109_LF_LIB_consensus_vsearch	3006	T	W	386	7	1.74%	2	1	93	93	0.0076048360660226225	1	1	280	106	7	0	A
H11_BC95_191109_LF_LIB_consensus_vsearch	3007	T	T	424	6	1.39%	2	2	93	93	0.015353108416041601	1	1	294	130	3	3	C
H11_BC95_191109_LF_LIB_consensus_vsearch	3008	A	A	432	1	0.23%	2	1	93	93	0.5000000000008233	1	1	298	134	1	0	+G
H11_BC95_191109_LF_LIB_consensus_vsearch	3009	A	*/-C	420	12	2.75%	2	2	93	93	2.2595202981245667E-4	1	1	292	128	4	8	-C
H11_BC95_191109_LF_LIB_consensus_vsearch	3010	C	C	423	1	0.23%	2	1	93	93	0.4999999999999138	1	1	296	127	0	1	+T
H11_BC95_191109_LF_LIB_consensus_vsearch	3011	C	C	420	5	1.14%	2	1	93	93	0.030882571759557657	1	1	296	124	0	5	T
H11_BC95_191109_LF_LIB_consensus_vsearch	3012	G	G	418	5	1.17%	2	1	93	93	0.030880835561915	1	1	294	124	0	5	T
H11_BC95_191109_LF_LIB_consensus_vsearch	3013	G	G	426	3	0.69%	2	1	93	93	0.1245624270712429	1	1	296	130	3	0	+A
H11_BC95_191109_LF_LIB_consensus_vsearch	3014	G	G	434	1	0.23%	2	1	93	93	0.4999999999999138	1	1	298	136	1	0	-CGCCGG
H11_BC95_191109_LF_LIB_consensus_vsearch	3015	C	C	432	3	0.69%	2	2	93	93	0.12456846950514457	1	1	298	134	1	2	T
H11_BC95_191109_LF_LIB_consensus_vsearch	3016	G	G	425	6	1.38%	2	1	93	93	0.015353737770788975	1	1	290	135	6	0	-C
H11_BC95_191109_LF_LIB_consensus_vsearch	3017	C	C	420	4	0.93%	2	2	93	93	0.062057522896676466	1	1	293	127	1	3	T
H11_BC95_191109_LF_LIB_consensus_vsearch	3018	C	Y	419	15	3.44%	2	2	93	93	2.6984810488819573E-5	1	1	297	122	2	13	T
H11_BC95_191109_LF_LIB_consensus_vsearch	3019	G	R	421	9	2.06%	2	2	93	93	0.0018722700711233777	1	1	288	133	7	2	A
H11_BC95_191109_LF_LIB_consensus_vsearch	3020	G	R	424	8	1.83%	2	2	93	93	0.0037806132981311326	1	1	292	132	6	2	A
H11_BC95_191109_LF_LIB_consensus_vsearch	3021	T	*/-C	343	33	7.57%	2	2	93	93	5.587247555955392E-11	1	1	223	120	24	9	-C
H11_BC95_191109_LF_LIB_consensus_vsearch	3022	C	C	371	1	0.27%	2	1	93	93	0.4999999999999138	1	1	247	124	1	0	+A
H11_BC95_191109_LF_LIB_consensus_vsearch	3023	C	C	401	2	0.49%	2	1	93	93	0.24968944099344345	1	1	271	130	0	2	+T
H11_BC95_191109_LF_LIB_consensus_vsearch	3024	C	Y	394	22	5.02%	2	2	93	93	1.7928653904601798E-7	1	1	284	110	4	18	T
H11_BC95_191109_LF_LIB_consensus_vsearch	3025	C	Y	331	80	18.26%	2	2	93	93	1.1634372720350789E-26	1	1	218	113	65	15	T
H11_BC95_191109_LF_LIB_consensus_vsearch	3026	A	W	407	8	1.9%	2	2	93	93	0.0037755075508262973	1	1	285	122	4	4	T
H11_BC95_191109_LF_LIB_consensus_vsearch	3027	A	A	416	6	1.39%	2	2	93	93	0.015347966460357092	1	1	295	121	3	3	G
H11_BC95_191109_LF_LIB_consensus_vsearch	3028	G	G	424	5	1.16%	2	1	93	93	0.03088599561913487	1	1	297	127	0	5	T
H11_BC95_191109_LF_LIB_consensus_vsearch	3029	G	G	436	1	0.23%	2	1	93	93	0.5000000000008233	1	1	301	135	0	1	A
H11_BC95_191109_LF_LIB_consensus_vsearch	3030	C	C	423	4	0.91%	2	2	93	93	0.06206063344550859	1	1	293	130	1	3	-GC
H11_BC95_191109_LF_LIB_consensus_vsearch	3031	G	G	420	3	0.69%	2	2	93	93	0.12455621301805807	1	1	292	128	1	2	-C
H11_BC95_191109_LF_LIB_consensus_vsearch	3032	C	*/-A	375	29	6.79%	2	2	93	93	1.1063154175919863E-9	1	1	254	121	27	2	-A
H11_BC95_191109_LF_LIB_consensus_vsearch	3033	A	A	393	5	1.23%	2	1	93	93	0.03085766177318207	1	1	261	132	5	0	+G
H11_BC95_191109_LF_LIB_consensus_vsearch	3034	A	A	428	3	0.69%	2	1	93	93	0.12456445993035366	1	1	294	134	3	0	-G
H11_BC95_191109_LF_LIB_consensus_vsearch	3035	G	*/+A	382	23	5.3%	2	2	93	93	8.645009141534378E-8	1	1	249	133	22	1	+A
H11_BC95_191109_LF_LIB_consensus_vsearch	3036	A	*/+GA	402	8	1.93%	2	1	93	93	0.003773925935642463	1	1	267	135	8	0	+GA
H11_BC95_191109_LF_LIB_consensus_vsearch	3037	A	A	430	3	0.69%	2	1	93	93	0.12456647398843287	1	1	293	137	3	0	+G
H11_BC95_191109_LF_LIB_consensus_vsearch	3038	G	*/-A	400	24	5.54%	2	1	93	93	4.264627694364826E-8	1	1	264	136	24	0	-A
H11_BC95_191109_LF_LIB_consensus_vsearch	3039	A	A	394	6	1.46%	2	2	93	93	0.015332768266138878	1	1	260	134	4	2	G
H11_BC95_191109_LF_LIB_consensus_vsearch	3040	G	G	428	2	0.46%	2	2	93	93	0.24970896391120487	1	1	295	133	1	1	+AG
H11_BC95_191109_LF_LIB_consensus_vsearch	3041	C	C	429	2	0.46%	2	1	93	93	0.2497096399537788	1	1	297	132	2	0	+T
H11_BC95_191109_LF_LIB_consensus_vsearch	3042	G	G	424	6	1.38%	2	2	93	93	0.015353108416041601	1	1	294	130	4	2	-C
H11_BC95_191109_LF_LIB_consensus_vsearch	3043	C	*/+GC	416	8	1.86%	2	1	93	93	0.003778261194268045	1	1	287	129	8	0	+GC
H11_BC95_191109_LF_LIB_consensus_vsearch	3044	C	*/-GCC	415	10	2.29%	2	2	93	93	9.256517413502841E-4	1	1	291	124	5	5	-GCC
H11_BC95_191109_LF_LIB_consensus_vsearch	3045	G	*/-C	404	14	3.29%	2	2	93	93	5.4642218239350483E-5	1	1	288	116	1	13	-C
H11_BC95_191109_LF_LIB_consensus_vsearch	3046	C	C	411	1	0.24%	2	1	93	93	0.4999999999999138	1	1	294	117	1	0	+GC
H11_BC95_191109_LF_LIB_consensus_vsearch	3047	C	C	425	1	0.23%	2	1	93	93	0.4999999999999138	1	1	295	130	1	0	T
H11_BC95_191109_LF_LIB_consensus_vsearch	3048	C	*/-T	423	7	1.6%	2	2	93	93	0.007622620571895094	1	1	299	124	2	5	-T
H11_BC95_191109_LF_LIB_consensus_vsearch	3049	T	T	411	6	1.42%	2	1	93	93	0.015344652795793392	1	1	288	123	6	0	+C
H11_BC95_191109_LF_LIB_consensus_vsearch	3050	C	*/-G	399	12	2.78%	2	1	93	93	2.2504727237570137E-4	1	1	274	125	12	0	-G
H11_BC95_191109_LF_LIB_consensus_vsearch	3051	G	*/-A	384	21	5.04%	2	1	93	93	3.6545901487679177E-7	1	1	250	134	21	0	-A
H11_BC95_191109_LF_LIB_consensus_vsearch	3052	A	A	401	2	0.49%	2	1	93	93	0.24968944099344345	1	1	267	134	2	0	+GA
H11_BC95_191109_LF_LIB_consensus_vsearch	3053	A	*/-G	416	10	2.3%	2	1	93	93	9.257694036262042E-4	1	1	282	134	10	0	-G
H11_BC95_191109_LF_LIB_consensus_vsearch	3054	G	R	337	33	7.78%	2	1	93	93	5.5180639312619565E-11	1	1	202	135	33	0	A
H11_BC95_191109_LF_LIB_consensus_vsearch	3055	C	C	377	5	1.27%	2	2	93	93	0.03084123979791014	1	1	242	135	3	2	+T
H11_BC95_191109_LF_LIB_consensus_vsearch	3056	C	C	417	3	0.71%	2	1	93	93	0.12455303933245657	1	1	280	137	3	0	A
H11_BC95_191109_LF_LIB_consensus_vsearch	3057	C	*/-GAA	363	35	8.05%	2	1	93	93	1.3319779086582443E-11	1	1	233	130	35	0	-GAA
H11_BC95_191109_LF_LIB_consensus_vsearch	3058	G	*/-A	348	20	5.21%	2	1	93	93	7.315105791748088E-7	1	1	218	130	20	0	-A
H11_BC95_191109_LF_LIB_consensus_vsearch	3059	A	A	361	2	0.54%	2	1	93	93	0.2496551724137076	1	1	225	136	2	0	T
H11_BC95_191109_LF_LIB_consensus_vsearch	3060	A	A	381	6	1.51%	2	1	93	93	0.01532297745106865	1	1	246	135	6	0	C
H11_BC95_191109_LF_LIB_consensus_vsearch	3061	A	A	425	6	1.38%	2	1	93	93	0.015353737770788975	1	1	288	137	6	0	-G
H11_BC95_191109_LF_LIB_consensus_vsearch	3062	G	G	425	5	1.16%	2	1	93	93	0.03088684163697732	1	1	293	132	0	5	-C
H11_BC95_191109_LF_LIB_consensus_vsearch	3063	C	C	422	3	0.69%	2	1	93	93	0.12455830388715546	1	1	294	128	0	3	+A
H11_BC95_191109_LF_LIB_consensus_vsearch	3064	A	*/-CA	422	9	2.06%	2	2	93	93	0.0018724555760242295	1	1	288	134	6	3	-CA
H11_BC95_191109_LF_LIB_consensus_vsearch	3065	C	Y	417	8	1.87%	2	2	93	93	0.003778560011928581	1	1	287	130	5	3	T
H11_BC95_191109_LF_LIB_consensus_vsearch	3066	A	A	417	5	1.17%	2	2	93	93	0.03087996129559998	1	1	286	131	4	1	G
H11_BC95_191109_LF_LIB_consensus_vsearch	3067	T	*/+A	415	7	1.61%	2	1	93	93	0.007619038242851565	1	1	282	133	7	0	+A
H11_BC95_191109_LF_LIB_consensus_vsearch	3068	G	*/-A	411	14	3.23%	2	2	93	93	5.474350555951183E-5	1	1	276	135	13	1	-A
H11_BC95_191109_LF_LIB_consensus_vsearch	3069	A	*/+G	150	210	49.88%	2	2	93	93	3.562117264801762E-83	1	1	136	14	90	120	+G
H11_BC95_191109_LF_LIB_consensus_vsearch	3070	G	G	422	2	0.47%	2	1	93	93	0.2497048406136616	1	1	287	135	2	0	T
H11_BC95_191109_LF_LIB_consensus_vsearch	3071	G	*/-A	417	12	2.77%	2	1	93	93	2.2582806164226E-4	1	1	280	137	12	0	-A
H11_BC95_191109_LF_LIB_consensus_vsearch	3072	A	R	405	11	2.63%	2	2	93	93	4.566599754610742E-4	1	1	271	134	10	1	G
H11_BC95_191109_LF_LIB_consensus_vsearch	3073	G	G	427	6	1.38%	2	1	93	93	0.015354987779940706	1	1	290	137	6	0	-A
H11_BC95_191109_LF_LIB_consensus_vsearch	3074	A	R	405	15	3.5%	2	2	93	93	2.6872426494871398E-5	1	1	274	131	14	1	G
H11_BC95_191109_LF_LIB_consensus_vsearch	3075	C	Y	415	8	1.86%	2	2	93	93	0.003777960974854116	1	1	285	130	5	3	T
H11_BC95_191109_LF_LIB_consensus_vsearch	3076	G	R	398	29	6.68%	2	1	93	93	1.1389159889843766E-9	1	1	265	133	29	0	A
H11_BC95_191109_LF_LIB_consensus_vsearch	3077	G	G	429	3	0.69%	2	2	93	93	0.12456546929309553	1	1	295	134	2	1	A
H11_BC95_191109_LF_LIB_consensus_vsearch	3078	C	C	413	6	1.38%	2	1	93	93	0.015345987728683596	1	1	285	128	6	0	-G
H11_BC95_191109_LF_LIB_consensus_vsearch	3079	G	*/-C	411	11	2.58%	2	1	93	93	4.5710039589920393E-4	1	1	276	135	11	0	-C
H11_BC95_191109_LF_LIB_consensus_vsearch	3080	C	M	406	8	1.9%	2	2	93	93	0.0037751942594862146	1	1	272	134	6	2	A
H11_BC95_191109_LF_LIB_consensus_vsearch	3081	C	Y	392	31	7.09%	2	2	93	93	2.632550759654624E-10	1	1	274	118	15	16	T
H11_BC95_191109_LF_LIB_consensus_vsearch	3082	A	A	421	3	0.7%	2	1	93	93	0.12455726092075974	1	1	286	135	3	0	G
H11_BC95_191109_LF_LIB_consensus_vsearch	3083	A	*/-C	387	24	5.5%	2	2	93	93	4.218377455777471E-8	1	1	253	134	22	2	-C
H11_BC95_191109_LF_LIB_consensus_vsearch	3084	C	S	397	8	1.95%	2	1	93	93	0.003772305589141729	1	1	264	133	8	0	G
H11_BC95_191109_LF_LIB_consensus_vsearch	3085	C	*/-TT	375	31	7.13%	2	1	93	93	2.5680012699704403E-10	1	1	252	123	31	0	-TT
H11_BC95_191109_LF_LIB_consensus_vsearch	3086	T	T	379	6	1.53%	2	1	93	93	0.015321412641800121	1	1	250	129	6	0	G
H11_BC95_191109_LF_LIB_consensus_vsearch	3087	T	Y	372	16	3.95%	2	2	93	93	1.3031296605383876E-5	1	1	246	126	15	1	C
H11_BC95_191109_LF_LIB_consensus_vsearch	3088	G	R	387	32	7.57%	2	2	93	93	1.2585771896482246E-10	1	1	262	125	31	1	A
H11_BC95_191109_LF_LIB_consensus_vsearch	3089	G	R	424	11	2.51%	2	2	93	93	4.580137992598773E-4	1	1	290	134	8	3	A
H11_BC95_191109_LF_LIB_consensus_vsearch	3090	G	G	432	5	1.14%	2	1	93	93	0.03089265541177198	1	1	296	136	5	0	A
H11_BC95_191109_LF_LIB_consensus_vsearch	3091	T	T	432	2	0.46%	2	2	93	93	0.2497116493653279	1	1	297	135	1	1	C
H11_BC95_191109_LF_LIB_consensus_vsearch	3092	C	C	433	2	0.46%	2	1	93	93	0.2497123130030455	1	1	298	135	0	2	-T
H11_BC95_191109_LF_LIB_consensus_vsearch	3093	T	T	419	6	1.38%	2	1	93	93	0.015349917324271899	1	1	286	133	6	0	+C
H11_BC95_191109_LF_LIB_consensus_vsearch	3094	C	C	418	4	0.93%	2	1	93	93	0.06205542461311247	1	1	290	128	0	4	-G
H11_BC95_191109_LF_LIB_consensus_vsearch	3095	G	R	418	12	2.76%	2	2	93	93	2.2586957161051062E-4	1	1	287	131	11	1	A
H11_BC95_191109_LF_LIB_consensus_vsearch	3096	G	G	435	2	0.46%	2	1	93	93	0.24971363115699957	1	1	298	137	2	0	A
H11_BC95_191109_LF_LIB_consensus_vsearch	3097	T	T	428	3	0.68%	2	2	93	93	0.12456445993035366	1	1	296	132	1	2	C
H11_BC95_191109_LF_LIB_consensus_vsearch	3098	C	C	432	4	0.92%	2	2	93	93	0.06206970811168755	1	1	300	132	1	3	-T
H11_BC95_191109_LF_LIB_consensus_vsearch	3099	T	T	425	3	0.69%	2	1	93	93	0.12456140350894482	1	1	297	128	0	3	-C
H11_BC95_191109_LF_LIB_consensus_vsearch	3100	C	C	418	5	1.15%	2	1	93	93	0.030880835561915	1	1	293	125	0	5	+T
H11_BC95_191109_LF_LIB_consensus_vsearch	3101	G	G	418	5	1.16%	2	1	93	93	0.030880835561915	1	1	291	127	0	5	+C
H11_BC95_191109_LF_LIB_consensus_vsearch	3102	C	C	421	6	1.38%	2	1	93	93	0.01535120270746072	1	1	294	127	0	6	+T
H11_BC95_191109_LF_LIB_consensus_vsearch	3103	T	T	427	4	0.92%	2	1	93	93	0.06206471344608787	1	1	296	131	0	4	-C
H11_BC95_191109_LF_LIB_consensus_vsearch	3104	C	C	428	3	0.69%	2	2	93	93	0.12456445993035366	1	1	300	128	1	2	+TC
H11_BC95_191109_LF_LIB_consensus_vsearch	3105	G	G	431	3	0.69%	2	2	93	93	0.12456747404820136	1	1	298	133	1	2	A
H11_BC95_191109_LF_LIB_consensus_vsearch	3106	T	T	433	3	0.69%	2	2	93	93	0.12456946039042152	1	1	298	135	2	1	C
H11_BC95_191109_LF_LIB_consensus_vsearch	3107	T	T	433	2	0.46%	2	1	93	93	0.2497123130030455	1	1	299	134	2	0	-AT
H11_BC95_191109_LF_LIB_consensus_vsearch	3108	A	A	431	3	0.69%	2	2	93	93	0.12456747404820136	1	1	297	134	2	1	G
H11_BC95_191109_LF_LIB_consensus_vsearch	3109	T	*/+C	390	33	7.57%	2	1	93	93	6.082156133210519E-11	1	1	256	134	33	0	+C
H11_BC95_191109_LF_LIB_consensus_vsearch	3110	C	*/-G	408	13	3%	2	2	93	93	1.1111449338120726E-4	1	1	281	127	5	8	-G
H11_BC95_191109_LF_LIB_consensus_vsearch	3111	G	G	416	5	1.18%	2	1	93	93	0.030879082878509188	1	1	287	129	5	0	A
H11_BC95_191109_LF_LIB_consensus_vsearch	3112	G	G	433	3	0.68%	2	1	93	93	0.12456946039042152	1	1	297	136	3	0	-A
H11_BC95_191109_LF_LIB_consensus_vsearch	3113	A	A	433	1	0.23%	2	1	93	93	0.4999999999999138	1	1	296	137	1	0	+G
H11_BC95_191109_LF_LIB_consensus_vsearch	3114	A	A	435	3	0.68%	2	1	93	93	0.12457142857152662	1	1	298	137	3	0	G
H11_BC95_191109_LF_LIB_consensus_vsearch	3115	T	T	432	3	0.68%	2	1	93	93	0.12456846950514457	1	1	296	136	3	0	+C
H11_BC95_191109_LF_LIB_consensus_vsearch	3116	C	C	433	3	0.68%	2	2	93	93	0.12456946039042152	1	1	300	133	1	2	+A
H11_BC95_191109_LF_LIB_consensus_vsearch	3117	A	A	436	1	0.23%	2	1	93	93	0.5000000000008233	1	1	300	136	1	0	G
H11_BC95_191109_LF_LIB_consensus_vsearch	3118	A	R	413	17	3.88%	2	1	93	93	6.49326387450149E-6	1	1	279	134	17	0	G
H11_BC95_191109_LF_LIB_consensus_vsearch	3119	C	C	428	1	0.23%	2	1	93	93	0.5000000000008233	1	1	295	133	1	0	+T
H11_BC95_191109_LF_LIB_consensus_vsearch	3120	C	C	433	1	0.23%	2	1	93	93	0.4999999999999138	1	1	299	134	1	0	+AA
H11_BC95_191109_LF_LIB_consensus_vsearch	3121	A	A	430	3	0.69%	2	1	93	93	0.12456647398843287	1	1	296	134	3	0	-G
H11_BC95_191109_LF_LIB_consensus_vsearch	3122	G	G	434	1	0.23%	2	1	93	93	0.4999999999999138	1	1	298	136	0	1	+TG
H11_BC95_191109_LF_LIB_consensus_vsearch	3123	A	A	434	2	0.46%	2	1	93	93	0.24971297359331265	1	1	297	137	2	0	+T
H11_BC95_191109_LF_LIB_consensus_vsearch	3124	C	C	424	6	1.37%	2	2	93	93	0.015353108416041601	1	1	289	135	4	2	+A
H11_BC95_191109_LF_LIB_consensus_vsearch	3125	A	A	430	2	0.46%	2	1	93	93	0.24971031286224527	1	1	293	137	2	0	G
H11_BC95_191109_LF_LIB_consensus_vsearch	3126	A	A	431	3	0.69%	2	1	93	93	0.12456747404820136	1	1	294	137	3	0	C
H11_BC95_191109_LF_LIB_consensus_vsearch	3127	G	G	433	2	0.46%	2	1	93	93	0.2497123130030455	1	1	296	137	2	0	A
H11_BC95_191109_LF_LIB_consensus_vsearch	3128	T	T	431	2	0.46%	2	1	93	93	0.24971098265883573	1	1	295	136	2	0	-C
H11_BC95_191109_LF_LIB_consensus_vsearch	3129	C	C	430	2	0.46%	2	1	93	93	0.24971031286224527	1	1	294	136	2	0	-AC
H11_BC95_191109_LF_LIB_consensus_vsearch	3130	A	*/-C	349	71	16.4%	2	2	93	93	1.668802262986477E-23	1	1	219	130	69	2	-C
H11_BC95_191109_LF_LIB_consensus_vsearch	3131	C	C	352	6	1.67%	2	1	93	93	0.015298581381452306	1	1	226	126	0	6	+T
H11_BC95_191109_LF_LIB_consensus_vsearch	3132	C	C	431	2	0.46%	2	2	93	93	0.24971098265883573	1	1	297	134	1	1	T
H11_BC95_191109_LF_LIB_consensus_vsearch	3133	C	Y	424	8	1.83%	2	1	93	93	0.0037806132981311326	1	1	291	133	8	0	T
H11_BC95_191109_LF_LIB_consensus_vsearch	3134	C	Y	418	9	2.05%	2	2	93	93	0.0018717084025872061	1	1	287	131	8	1	T
H11_BC95_191109_LF_LIB_consensus_vsearch	3135	A	A	426	3	0.69%	2	1	93	93	0.1245624270712429	1	1	293	133	0	3	+T
H11_BC95_191109_LF_LIB_consensus_vsearch	3136	C	C	423	5	1.15%	2	2	93	93	0.030885145650365813	1	1	290	133	1	4	T
H11_BC95_191109_LF_LIB_consensus_vsearch	3137	G	G	433	3	0.69%	2	1	93	93	0.12456946039042152	1	1	296	137	3	0	-A
H11_BC95_191109_LF_LIB_consensus_vsearch	3138	A	A	432	2	0.46%	2	1	93	93	0.2497116493653279	1	1	295	137	2	0	G
H11_BC95_191109_LF_LIB_consensus_vsearch	3139	A	A	430	3	0.68%	2	1	93	93	0.12456647398843287	1	1	296	134	0	3	+T
H11_BC95_191109_LF_LIB_consensus_vsearch	3140	C	C	431	2	0.46%	2	2	93	93	0.24971098265883573	1	1	295	136	1	1	-T
H11_BC95_191109_LF_LIB_consensus_vsearch	3141	T	Y	403	19	4.38%	2	1	93	93	1.5504569431294141E-6	1	1	289	114	0	19	C
H11_BC95_191109_LF_LIB_consensus_vsearch	3142	A	A	427	1	0.23%	2	1	93	93	0.4999999999990043	1	1	294	133	0	1	C
H11_BC95_191109_LF_LIB_consensus_vsearch	3143	A	A	430	3	0.68%	2	1	93	93	0.12456647398843287	1	1	294	136	3	0	-G
H11_BC95_191109_LF_LIB_consensus_vsearch	3144	G	G	428	3	0.69%	2	1	93	93	0.12456445993035366	1	1	293	135	3	0	-A
H11_BC95_191109_LF_LIB_consensus_vsearch	3145	A	A	431	1	0.23%	2	1	93	93	0.4999999999999138	1	1	294	137	1	0	+GA
H11_BC95_191109_LF_LIB_consensus_vsearch	3146	A	A	429	3	0.69%	2	1	93	93	0.12456546929309553	1	1	295	134	3	0	G
H11_BC95_191109_LF_LIB_consensus_vsearch	3147	C	*/-G	413	10	2.3%	2	2	93	93	9.254147741675464E-4	1	1	283	130	7	3	-G
H11_BC95_191109_LF_LIB_consensus_vsearch	3148	G	G	416	4	0.94%	2	2	93	93	0.06205330633414946	1	1	285	131	2	2	T
H11_BC95_191109_LF_LIB_consensus_vsearch	3149	G	R	410	14	3.22%	2	1	93	93	5.472923269186134E-5	1	1	275	135	14	0	A
H11_BC95_191109_LF_LIB_consensus_vsearch	3150	C	C	419	3	0.7%	2	2	93	93	0.12455516014247174	1	1	290	129	1	2	T
H11_BC95_191109_LF_LIB_consensus_vsearch	3151	C	Y	394	31	7.11%	2	2	93	93	2.63989291488005E-10	1	1	286	108	7	24	T
H11_BC95_191109_LF_LIB_consensus_vsearch	3152	A	A	419	3	0.69%	2	2	93	93	0.12455516014247174	1	1	290	129	2	1	-TG
H11_BC95_191109_LF_LIB_consensus_vsearch	3153	T	*/-GC	418	8	1.85%	2	1	93	93	0.003778857437644956	1	1	287	131	8	0	-GC
H11_BC95_191109_LF_LIB_consensus_vsearch	3154	G	G	417	5	1.18%	2	2	93	93	0.03087996129559998	1	1	285	132	4	1	A
H11_BC95_191109_LF_LIB_consensus_vsearch	3155	C	*/-AC	404	17	3.97%	2	1	93	93	6.470471302259629E-6	1	1	271	133	17	0	-AC
H11_BC95_191109_LF_LIB_consensus_vsearch	3156	A	*/-C	405	10	2.39%	2	2	93	93	9.244444326593995E-4	1	1	273	132	8	2	-C
H11_BC95_191109_LF_LIB_consensus_vsearch	3157	C	C	403	2	0.49%	2	1	93	93	0.24969097651407932	1	1	272	131	2	0	+AC
H11_BC95_191109_LF_LIB_consensus_vsearch	3158	C	C	431	3	0.69%	2	1	93	93	0.12456747404820136	1	1	298	133	0	3	T
H11_BC95_191109_LF_LIB_consensus_vsearch	3159	A	A	427	6	1.38%	2	2	93	93	0.015354987779940706	1	1	293	134	3	3	-C
H11_BC95_191109_LF_LIB_consensus_vsearch	3160	C	C	428	1	0.23%	2	1	93	93	0.5000000000008233	1	1	296	132	0	1	+T
H11_BC95_191109_LF_LIB_consensus_vsearch	3161	C	C	426	5	1.14%	2	2	93	93	0.0308876837313223	1	1	295	131	1	4	T
H11_BC95_191109_LF_LIB_consensus_vsearch	3162	A	*/-C	417	13	3%	2	2	93	93	1.113366520436279E-4	1	1	285	132	10	3	-C
H11_BC95_191109_LF_LIB_consensus_vsearch	3163	C	C	412	5	1.19%	2	1	93	93	0.030875527106174937	1	1	286	126	0	5	+T
H11_BC95_191109_LF_LIB_consensus_vsearch	3164	C	C	432	2	0.46%	2	2	93	93	0.2497116493653279	1	1	297	135	1	1	T
H11_BC95_191109_LF_LIB_consensus_vsearch	3165	C	C	427	5	1.14%	2	2	93	93	0.03088852192937873	1	1	293	134	2	3	T
H11_BC95_191109_LF_LIB_consensus_vsearch	3166	A	A	426	2	0.46%	2	2	93	93	0.2497076023388982	1	1	290	136	1	1	-T
H11_BC95_191109_LF_LIB_consensus_vsearch	3167	T	T	430	3	0.69%	2	2	93	93	0.12456647398843287	1	1	295	135	2	1	C
H11_BC95_191109_LF_LIB_consensus_vsearch	3168	G	G	430	2	0.46%	2	1	93	93	0.24971031286224527	1	1	296	134	2	0	A
H11_BC95_191109_LF_LIB_consensus_vsearch	3169	A	A	431	5	1.14%	2	1	93	93	0.03089183629518613	1	1	300	131	0	5	-GA
H11_BC95_191109_LF_LIB_consensus_vsearch	3170	G	G	430	2	0.46%	2	1	93	93	0.24971031286224527	1	1	299	131	2	0	-A
H11_BC95_191109_LF_LIB_consensus_vsearch	3171	A	A	419	4	0.93%	2	2	93	93	0.06205647623661182	1	1	295	124	1	3	+GA
H11_BC95_191109_LF_LIB_consensus_vsearch	3172	T	T	430	4	0.92%	2	2	93	93	0.062067724063454545	1	1	298	132	2	2	C
H11_BC95_191109_LF_LIB_consensus_vsearch	3173	C	C	429	3	0.69%	2	1	93	93	0.12456546929309553	1	1	295	134	3	0	+GC
H11_BC95_191109_LF_LIB_consensus_vsearch	3174	A	A	422	6	1.38%	2	2	93	93	0.015351840904982691	1	1	292	130	4	2	G
H11_BC95_191109_LF_LIB_consensus_vsearch	3175	T	Y	419	7	1.61%	2	2	93	93	0.007620846145152445	1	1	294	125	2	5	C
H11_BC95_191109_LF_LIB_consensus_vsearch	3176	G	*/-A	399	30	6.85%	2	1	93	93	5.508429049614015E-10	1	1	264	135	30	0	-A
H11_BC95_191109_LF_LIB_consensus_vsearch	3177	A	A	407	0	0%	2	0	93	0	1.0	1	0	270	137	0	0	
H11_BC95_191109_LF_LIB_consensus_vsearch	3178	A	A	437	0	0%	2	0	93	0	1.0	1	0	300	137	0	0	
H11_BC95_191109_LF_LIB_consensus_vsearch	3179	A	A	435	3	0.68%	2	1	93	93	0.12457142857152662	1	1	298	137	3	0	-GA
H11_BC95_191109_LF_LIB_consensus_vsearch	3180	G	G	433	1	0.23%	2	1	93	93	0.4999999999999138	1	1	297	136	0	1	+C
H11_BC95_191109_LF_LIB_consensus_vsearch	3181	A	A	427	3	0.69%	2	2	93	93	0.12456344586746677	1	1	293	134	2	1	G
H11_BC95_191109_LF_LIB_consensus_vsearch	3182	T	T	428	5	1.14%	2	1	93	93	0.030889356258247617	1	1	294	134	5	0	+C
H11_BC95_191109_LF_LIB_consensus_vsearch	3183	C	C	431	2	0.46%	2	1	93	93	0.24971098265883573	1	1	297	134	0	2	-T
H11_BC95_191109_LF_LIB_consensus_vsearch	3184	T	T	428	3	0.69%	2	1	93	93	0.12456445993035366	1	1	299	129	0	3	+G
H11_BC95_191109_LF_LIB_consensus_vsearch	3185	G	G	433	2	0.46%	2	2	93	93	0.2497123130030455	1	1	298	135	1	1	A
H11_BC95_191109_LF_LIB_consensus_vsearch	3186	T	Y	423	8	1.83%	2	2	93	93	0.003780324023462628	1	1	289	134	6	2	C
H11_BC95_191109_LF_LIB_consensus_vsearch	3187	C	C	426	2	0.46%	2	2	93	93	0.2497076023388982	1	1	293	133	1	1	-A
H11_BC95_191109_LF_LIB_consensus_vsearch	3188	A	R	416	7	1.62%	2	2	93	93	0.007619493408432325	1	1	291	125	2	5	G
H11_BC95_191109_LF_LIB_consensus_vsearch	3189	T	T	422	4	0.92%	2	2	93	93	0.062059601466603075	1	1	292	130	1	3	C
H11_BC95_191109_LF_LIB_consensus_vsearch	3190	G	G	420	5	1.15%	2	1	93	93	0.030882571759557657	1	1	293	127	0	5	+T
H11_BC95_191109_LF_LIB_consensus_vsearch	3191	T	T	429	3	0.69%	2	1	93	93	0.12456546929309553	1	1	293	136	3	0	+GT
H11_BC95_191109_LF_LIB_consensus_vsearch	3192	C	*/-T	426	7	1.6%	2	2	93	93	0.007623929979105209	1	1	296	130	1	6	-T
H11_BC95_191109_LF_LIB_consensus_vsearch	3193	T	T	426	2	0.46%	2	2	93	93	0.2497076023388982	1	1	298	128	1	1	+G
H11_BC95_191109_LF_LIB_consensus_vsearch	3194	G	R	424	13	2.97%	2	1	93	93	1.115033140535145E-4	1	1	287	137	13	0	A
H11_BC95_191109_LF_LIB_consensus_vsearch	3195	T	*/+C	424	7	1.6%	2	1	93	93	0.007623059056742502	1	1	288	136	7	0	+C
H11_BC95_191109_LF_LIB_consensus_vsearch	3196	C	C	430	2	0.46%	2	1	93	93	0.24971031286224527	1	1	295	135	2	0	+A
H11_BC95_191109_LF_LIB_consensus_vsearch	3197	A	R	429	8	1.83%	2	2	93	93	0.0037820399638697363	1	1	294	135	7	1	G
H11_BC95_191109_LF_LIB_consensus_vsearch	3198	A	A	435	3	0.68%	2	1	93	93	0.12457142857152662	1	1	301	134	0	3	-T
H11_BC95_191109_LF_LIB_consensus_vsearch	3199	T	*/-C	333	65	14.94%	2	2	93	93	1.5723217853853978E-21	1	1	200	133	64	1	-C
H11_BC95_191109_LF_LIB_consensus_vsearch	3200	C	C	371	1	0.27%	2	1	93	93	0.4999999999999138	1	1	236	135	1	0	+A
H11_BC95_191109_LF_LIB_consensus_vsearch	3201	C	C	428	5	1.14%	2	2	93	93	0.030889356258247617	1	1	298	130	1	4	-T
H11_BC95_191109_LF_LIB_consensus_vsearch	3202	T	T	431	1	0.23%	2	1	93	93	0.4999999999999138	1	1	298	133	1	0	+A
H11_BC95_191109_LF_LIB_consensus_vsearch	3203	A	A	435	2	0.46%	2	2	93	93	0.24971363115699957	1	1	299	136	1	1	C
H11_BC95_191109_LF_LIB_consensus_vsearch	3204	A	A	433	2	0.46%	2	1	93	93	0.2497123130030455	1	1	300	133	0	2	+C
H11_BC95_191109_LF_LIB_consensus_vsearch	3205	T	T	432	3	0.68%	2	2	93	93	0.12456846950514457	1	1	297	135	2	1	C
H11_BC95_191109_LF_LIB_consensus_vsearch	3206	C	C	430	1	0.23%	2	1	93	93	0.4999999999990043	1	1	295	135	0	1	+A
H11_BC95_191109_LF_LIB_consensus_vsearch	3207	A	A	425	6	1.38%	2	2	93	93	0.015353737770788975	1	1	295	130	2	4	G
H11_BC95_191109_LF_LIB_consensus_vsearch	3208	T	T	424	6	1.38%	2	2	93	93	0.015353108416041601	1	1	295	129	2	4	C
H11_BC95_191109_LF_LIB_consensus_vsearch	3209	G	G	432	2	0.46%	2	2	93	93	0.2497116493653279	1	1	297	135	1	1	A
H11_BC95_191109_LF_LIB_consensus_vsearch	3210	T	*/-C	418	10	2.3%	2	1	93	93	9.260031044371504E-4	1	1	283	135	10	0	-C
H11_BC95_191109_LF_LIB_consensus_vsearch	3211	C	C	418	3	0.7%	2	1	93	93	0.12455410225923637	1	1	284	134	3	0	+A
H11_BC95_191109_LF_LIB_consensus_vsearch	3212	C	C	430	4	0.92%	2	2	93	93	0.062067724063454545	1	1	294	136	3	1	-T
H11_BC95_191109_LF_LIB_consensus_vsearch	3213	T	Y	418	12	2.78%	2	2	93	93	2.2586957161051062E-4	1	1	293	125	1	11	C
H11_BC95_191109_LF_LIB_consensus_vsearch	3214	G	*/-C	404	19	4.35%	2	1	93	93	1.5512335795401686E-6	1	1	271	133	19	0	-C
H11_BC95_191109_LF_LIB_consensus_vsearch	3215	C	C	410	3	0.72%	2	2	93	93	0.12454545454545793	1	1	276	134	1	2	+T
H11_BC95_191109_LF_LIB_consensus_vsearch	3216	C	C	432	2	0.46%	2	1	93	93	0.2497116493653279	1	1	295	137	2	0	+A
H11_BC95_191109_LF_LIB_consensus_vsearch	3217	C	*/-T	427	8	1.83%	2	2	93	93	0.0037814732031268648	1	1	293	134	6	2	-T
H11_BC95_191109_LF_LIB_consensus_vsearch	3218	T	*/+G	405	12	2.8%	2	2	93	93	2.2531482582750418E-4	1	1	288	117	1	11	+G
H11_BC95_191109_LF_LIB_consensus_vsearch	3219	G	*/+A	406	13	3%	2	1	93	93	1.1106387107924711E-4	1	1	274	132	13	0	+A
H11_BC95_191109_LF_LIB_consensus_vsearch	3220	G	G	428	3	0.68%	2	2	93	93	0.12456445993035366	1	1	294	134	2	1	A
H11_BC95_191109_LF_LIB_consensus_vsearch	3221	T	*/+A	415	10	2.3%	2	1	93	93	9.256517413502841E-4	1	1	286	129	10	0	+A
H11_BC95_191109_LF_LIB_consensus_vsearch	3222	G	*/-A	419	9	2.07%	2	1	93	93	0.0018718964903564012	1	1	286	133	9	0	-A
H11_BC95_191109_LF_LIB_consensus_vsearch	3223	A	*/-G	412	7	1.64%	2	2	93	93	0.007617659773976637	1	1	278	134	6	1	-G
H11_BC95_191109_LF_LIB_consensus_vsearch	3224	G	G	424	3	0.7%	2	1	93	93	0.12456037514670402	1	1	294	130	0	3	-C
H11_BC95_191109_LF_LIB_consensus_vsearch	3225	C	*/-T	421	8	1.84%	2	2	93	93	0.0037797414596765903	1	1	292	129	5	3	-T
H11_BC95_191109_LF_LIB_consensus_vsearch	3226	T	T	421	4	0.93%	2	2	93	93	0.06205856462850021	1	1	292	129	2	2	C
H11_BC95_191109_LF_LIB_consensus_vsearch	3227	T	*/-C	312	97	22.25%	2	2	93	93	9.751622489492954E-33	1	1	243	69	48	49	-C
H11_BC95_191109_LF_LIB_consensus_vsearch	3228	C	C	326	1	0.31%	2	1	93	93	0.4999999999999138	1	1	245	81	0	1	T
H11_BC95_191109_LF_LIB_consensus_vsearch	3229	C	C	419	3	0.71%	2	2	93	93	0.12455516014247174	1	1	290	129	1	2	T
H11_BC95_191109_LF_LIB_consensus_vsearch	3230	C	C	432	2	0.46%	2	1	93	93	0.2497116493653279	1	1	298	134	0	2	+T
H11_BC95_191109_LF_LIB_consensus_vsearch	3231	C	C	427	5	1.14%	2	2	93	93	0.03088852192937873	1	1	295	132	2	3	T
H11_BC95_191109_LF_LIB_consensus_vsearch	3232	G	G	429	5	1.15%	2	2	93	93	0.030890186744528703	1	1	296	133	2	3	A
H11_BC95_191109_LF_LIB_consensus_vsearch	3233	T	T	430	4	0.91%	2	2	93	93	0.062067724063454545	1	1	298	132	1	3	C
H11_BC95_191109_LF_LIB_consensus_vsearch	3234	G	G	430	2	0.46%	2	1	93	93	0.24971031286224527	1	1	296	134	0	2	+CG
H11_BC95_191109_LF_LIB_consensus_vsearch	3235	T	Y	428	8	1.83%	2	2	93	93	0.0037817572285023734	1	1	298	130	1	7	C
H11_BC95_191109_LF_LIB_consensus_vsearch	3236	T	*/+G	415	14	3.2%	2	2	93	93	5.479995734771002E-5	1	1	285	130	9	5	+G
H11_BC95_191109_LF_LIB_consensus_vsearch	3237	G	G	425	4	0.92%	2	2	93	93	0.0620626829618069	1	1	289	136	3	1	-A
H11_BC95_191109_LF_LIB_consensus_vsearch	3238	A	*/+G	419	8	1.84%	2	1	93	93	0.0037791534811211507	1	1	285	134	8	0	+G
H11_BC95_191109_LF_LIB_consensus_vsearch	3239	G	G	435	1	0.23%	2	1	93	93	0.5000000000008233	1	1	298	137	1	0	+A
H11_BC95_191109_LF_LIB_consensus_vsearch	3240	T	T	434	2	0.46%	2	1	93	93	0.24971297359331265	1	1	298	136	2	0	+C
H11_BC95_191109_LF_LIB_consensus_vsearch	3241	C	*/-A	409	17	3.88%	2	2	93	93	6.483245240504738E-6	1	1	286	123	9	8	-A
H11_BC95_191109_LF_LIB_consensus_vsearch	3242	A	*/+G	403	9	2.17%	2	1	93	93	0.0018687788150290171	1	1	280	123	9	0	+G
H11_BC95_191109_LF_LIB_consensus_vsearch	3243	A	A	427	2	0.46%	2	1	93	93	0.24970828471410914	1	1	297	130	2	0	+G
H11_BC95_191109_LF_LIB_consensus_vsearch	3244	A	A	424	5	1.14%	2	2	93	93	0.03088599561913487	1	1	294	130	2	3	-T
H11_BC95_191109_LF_LIB_consensus_vsearch	3245	T	Y	411	8	1.85%	2	2	93	93	0.003776745880714396	1	1	286	125	1	7	C
H11_BC95_191109_LF_LIB_consensus_vsearch	3246	T	*/-AA	371	48	10.98%	2	1	93	93	8.520649578475859E-16	1	1	291	80	0	48	-AA
H11_BC95_191109_LF_LIB_consensus_vsearch	3247	A	M	366	7	1.84%	2	1	93	93	0.007593761831616585	1	1	287	79	7	0	C
H11_BC95_191109_LF_LIB_consensus_vsearch	3248	A	R	368	10	2.57%	2	2	93	93	9.194317755037062E-4	1	1	288	80	6	4	G
H11_BC95_191109_LF_LIB_consensus_vsearch	3249	G	*/+C	408	7	1.63%	2	2	93	93	0.007615790966496023	1	1	277	131	6	1	+C
H11_BC95_191109_LF_LIB_consensus_vsearch	3250	C	C	430	1	0.23%	2	1	93	93	0.4999999999990043	1	1	297	133	1	0	T
H11_BC95_191109_LF_LIB_consensus_vsearch	3251	C	*/+A	388	15	3.43%	2	1	93	93	2.672597617196491E-5	1	1	263	125	15	0	+A
H11_BC95_191109_LF_LIB_consensus_vsearch	3252	G	S	391	21	4.82%	2	1	93	93	3.671572523070413E-7	1	1	254	137	21	0	C
H11_BC95_191109_LF_LIB_consensus_vsearch	3253	C	C	418	5	1.17%	2	1	93	93	0.030880835561915	1	1	281	137	5	0	+G
H11_BC95_191109_LF_LIB_consensus_vsearch	3254	A	R	407	12	2.78%	2	1	93	93	2.2540235260924642E-4	1	1	271	136	12	0	G
H11_BC95_191109_LF_LIB_consensus_vsearch	3255	G	G	423	3	0.7%	2	1	93	93	0.12455934195065375	1	1	287	136	3	0	+A
H11_BC95_191109_LF_LIB_consensus_vsearch	3256	G	G	431	4	0.91%	2	1	93	93	0.06206871836935933	1	1	296	135	4	0	A
H11_BC95_191109_LF_LIB_consensus_vsearch	3257	C	C	430	4	0.92%	2	1	93	93	0.062067724063454545	1	1	301	129	0	4	-T
H11_BC95_191109_LF_LIB_consensus_vsearch	3258	T	*/-C	414	11	2.54%	2	2	93	93	4.573160388822809E-4	1	1	287	127	7	4	-C
H11_BC95_191109_LF_LIB_consensus_vsearch	3259	C	C	421	3	0.71%	2	1	93	93	0.12455726092075974	1	1	290	131	3	0	+TC
H11_BC95_191109_LF_LIB_consensus_vsearch	3260	C	*/-AC	376	52	11.9%	2	2	93	93	4.267113740666778E-17	1	1	243	133	51	1	-AC
H11_BC95_191109_LF_LIB_consensus_vsearch	3261	A	A	370	3	0.79%	2	1	93	93	0.12449664429518993	1	1	236	134	3	0	G
H11_BC95_191109_LF_LIB_consensus_vsearch	3262	C	C	369	2	0.52%	2	1	93	93	0.24966261808374654	1	1	236	133	2	0	+AC
H11_BC95_191109_LF_LIB_consensus_vsearch	3263	G	G	413	6	1.4%	2	1	93	93	0.015345987728683596	1	1	276	137	6	0	+C
H11_BC95_191109_LF_LIB_consensus_vsearch	3264	C	C	420	3	0.7%	2	2	93	93	0.12455621301805807	1	1	285	135	2	1	T
H11_BC95_191109_LF_LIB_consensus_vsearch	3265	C	C	431	2	0.46%	2	2	93	93	0.24971098265883573	1	1	295	136	1	1	-T
H11_BC95_191109_LF_LIB_consensus_vsearch	3266	T	T	431	3	0.69%	2	2	93	93	0.12456747404820136	1	1	296	135	2	1	C
H11_BC95_191109_LF_LIB_consensus_vsearch	3267	G	R	388	39	8.94%	2	1	93	93	7.329327232862585E-13	1	1	252	136	39	0	A
H11_BC95_191109_LF_LIB_consensus_vsearch	3268	G	G	411	6	1.38%	2	1	93	93	0.015344652795793392	1	1	276	135	6	0	-T
H11_BC95_191109_LF_LIB_consensus_vsearch	3269	T	Y	412	17	3.94%	2	2	93	93	6.490775634366145E-6	1	1	291	121	1	16	C
H11_BC95_191109_LF_LIB_consensus_vsearch	3270	T	*/+A	400	33	7.53%	2	1	93	93	6.177696124273182E-11	1	1	264	136	33	0	+A
H11_BC95_191109_LF_LIB_consensus_vsearch	3271	G	K	394	32	7.36%	2	1	93	93	1.271863801527753E-10	1	1	259	135	32	0	T
H11_BC95_191109_LF_LIB_consensus_vsearch	3272	T	T	425	3	0.7%	2	2	93	93	0.12456140350894482	1	1	290	135	2	1	C
H11_BC95_191109_LF_LIB_consensus_vsearch	3273	G	*/-C	401	16	3.71%	2	2	93	93	1.3177849041857976E-5	1	1	273	128	12	4	-C
H11_BC95_191109_LF_LIB_consensus_vsearch	3274	C	C	414	5	1.19%	2	2	93	93	0.03087731347339881	1	1	285	129	1	4	+T
H11_BC95_191109_LF_LIB_consensus_vsearch	3275	C	*/+T	429	7	1.6%	2	1	93	93	0.007625221451403564	1	1	299	130	0	7	+T
H11_BC95_191109_LF_LIB_consensus_vsearch	3276	C	C	420	5	1.14%	2	2	93	93	0.030882571759557657	1	1	292	128	1	4	+T
H11_BC95_191109_LF_LIB_consensus_vsearch	3277	T	T	425	3	0.7%	2	1	93	93	0.12456140350894482	1	1	295	130	0	3	+CT
H11_BC95_191109_LF_LIB_consensus_vsearch	3278	T	T	424	5	1.15%	2	2	93	93	0.03088599561913487	1	1	291	133	4	1	-C
H11_BC95_191109_LF_LIB_consensus_vsearch	3279	C	C	427	1	0.23%	2	1	93	93	0.4999999999990043	1	1	294	133	1	0	+A
H11_BC95_191109_LF_LIB_consensus_vsearch	3280	C	C	429	2	0.46%	2	1	93	93	0.2497096399537788	1	1	296	133	2	0	+A
H11_BC95_191109_LF_LIB_consensus_vsearch	3281	G	G	431	6	1.37%	2	2	93	93	0.015357453553398438	1	1	295	136	5	1	A
H11_BC95_191109_LF_LIB_consensus_vsearch	3282	T	*/+C	424	9	2.05%	2	1	93	93	0.0018728240442215458	1	1	288	136	9	0	+C
H11_BC95_191109_LF_LIB_consensus_vsearch	3283	C	*/-A	420	7	1.61%	2	2	93	93	0.007621292853586086	1	1	289	131	2	5	-A
H11_BC95_191109_LF_LIB_consensus_vsearch	3284	A	A	425	4	0.93%	2	1	93	93	0.0620626829618069	1	1	293	132	4	0	+G
H11_BC95_191109_LF_LIB_consensus_vsearch	3285	A	A	428	3	0.68%	2	2	93	93	0.12456445993035366	1	1	296	132	2	1	G
H11_BC95_191109_LF_LIB_consensus_vsearch	3286	T	T	429	4	0.92%	2	2	93	93	0.062066725162242674	1	1	299	130	1	3	C
H11_BC95_191109_LF_LIB_consensus_vsearch	3287	T	*/+C	416	10	2.29%	2	2	93	93	9.257694036262042E-4	1	1	290	126	5	5	+C
H11_BC95_191109_LF_LIB_consensus_vsearch	3288	C	C	429	2	0.46%	2	1	93	93	0.2497096399537788	1	1	294	135	2	0	+G
H11_BC95_191109_LF_LIB_consensus_vsearch	3289	C	*/-T	418	10	2.28%	2	2	93	93	9.260031044371504E-4	1	1	294	124	1	9	-T
H11_BC95_191109_LF_LIB_consensus_vsearch	3290	T	T	424	1	0.23%	2	1	93	93	0.4999999999999138	1	1	297	127	0	1	+C
H11_BC95_191109_LF_LIB_consensus_vsearch	3291	T	T	435	1	0.23%	2	1	93	93	0.5000000000008233	1	1	298	137	1	0	+CC
H11_BC95_191109_LF_LIB_consensus_vsearch	3292	T	*/-A	406	9	2.05%	2	2	93	93	0.0018693814758962122	1	1	282	124	6	3	-A
H11_BC95_191109_LF_LIB_consensus_vsearch	3293	A	A	408	5	1.19%	2	2	93	93	0.030871902500081518	1	1	286	122	1	4	G
H11_BC95_191109_LF_LIB_consensus_vsearch	3294	A	R	418	10	2.33%	2	2	93	93	9.260031044371504E-4	1	1	295	123	5	5	G
H11_BC95_191109_LF_LIB_consensus_vsearch	3295	G	*/+T	412	12	2.75%	2	2	93	93	2.2561765155391507E-4	1	1	282	130	11	1	+T
H11_BC95_191109_LF_LIB_consensus_vsearch	3296	T	Y	419	11	2.55%	2	2	93	93	4.576688933102391E-4	1	1	294	125	2	9	C
H11_BC95_191109_LF_LIB_consensus_vsearch	3297	T	T	432	4	0.92%	2	2	93	93	0.06206970811168755	1	1	300	132	1	3	C
H11_BC95_191109_LF_LIB_consensus_vsearch	3298	T	*/+C	427	7	1.6%	2	2	93	93	0.007624362444354587	1	1	296	131	3	4	+C
H11_BC95_191109_LF_LIB_consensus_vsearch	3299	C	C	436	2	0.46%	2	2	93	93	0.2497142857145226	1	1	300	136	1	1	G
H11_BC95_191109_LF_LIB_consensus_vsearch	3300	A	R	421	7	1.6%	2	2	93	93	0.007621737484585097	1	1	294	127	5	2	G
H11_BC95_191109_LF_LIB_consensus_vsearch	3301	G	G	435	1	0.23%	2	1	93	93	0.5000000000008233	1	1	298	137	1	0	+A
H11_BC95_191109_LF_LIB_consensus_vsearch	3302	A	A	436	1	0.23%	2	1	93	93	0.5000000000008233	1	1	299	137	1	0	G
H11_BC95_191109_LF_LIB_consensus_vsearch	3303	C	*/-T	425	7	1.6%	2	2	93	93	0.007623495521158642	1	1	290	135	6	1	-T
H11_BC95_191109_LF_LIB_consensus_vsearch	3304	T	T	429	2	0.46%	2	2	93	93	0.2497096399537788	1	1	294	135	1	1	C
H11_BC95_191109_LF_LIB_consensus_vsearch	3305	T	*/+G	425	8	1.83%	2	1	93	93	0.0037809012469126957	1	1	298	127	0	8	+G
H11_BC95_191109_LF_LIB_consensus_vsearch	3306	G	G	427	2	0.46%	2	2	93	93	0.24970828471410914	1	1	295	132	1	1	-C
H11_BC95_191109_LF_LIB_consensus_vsearch	3307	C	Y	405	12	2.76%	2	2	93	93	2.2531482582750418E-4	1	1	284	121	5	7	T
H11_BC95_191109_LF_LIB_consensus_vsearch	3308	G	*/-A	423	7	1.62%	2	1	93	93	0.007622620571895094	1	1	291	132	7	0	-A
H11_BC95_191109_LF_LIB_consensus_vsearch	3309	A	R	415	7	1.62%	2	2	93	93	0.007619038242851565	1	1	280	135	5	2	G
H11_BC95_191109_LF_LIB_consensus_vsearch	3310	C	C	425	6	1.38%	2	2	93	93	0.015353737770788975	1	1	292	133	2	4	T
H11_BC95_191109_LF_LIB_consensus_vsearch	3311	C	C	428	6	1.37%	2	2	93	93	0.015355608474412826	1	1	293	135	4	2	T
H11_BC95_191109_LF_LIB_consensus_vsearch	3312	A	A	431	2	0.46%	2	1	93	93	0.24971098265883573	1	1	295	136	2	0	C
H11_BC95_191109_LF_LIB_consensus_vsearch	3313	T	T	430	2	0.46%	2	1	93	93	0.24971031286224527	1	1	296	134	0	2	C
H11_BC95_191109_LF_LIB_consensus_vsearch	3314	A	*/+T	416	7	1.61%	2	1	93	93	0.007619493408432325	1	1	294	122	0	7	+T
H11_BC95_191109_LF_LIB_consensus_vsearch	3315	C	*/+T	393	18	4.17%	2	2	93	93	3.1539831826540344E-6	1	1	290	103	2	16	+T
H11_BC95_191109_LF_LIB_consensus_vsearch	3316	T	*/-C	250	89	20.84%	2	2	93	93	2.05312038741949E-30	1	1	157	93	73	16	-C
H11_BC95_191109_LF_LIB_consensus_vsearch	3317	C	Y	305	7	2.22%	2	2	93	93	0.007551274189551532	1	1	208	97	2	5	T
H11_BC95_191109_LF_LIB_consensus_vsearch	3318	C	C	409	3	0.72%	2	1	93	93	0.1245443499393469	1	1	286	123	0	3	T
H11_BC95_191109_LF_LIB_consensus_vsearch	3319	C	C	436	0	0%	2	0	93	0	1.0	1	0	301	135	0	0	
H11_BC95_191109_LF_LIB_consensus_vsearch	3320	C	C	434	2	0.46%	2	1	93	93	0.24971297359331265	1	1	299	135	0	2	T
H11_BC95_191109_LF_LIB_consensus_vsearch	3321	C	C	433	2	0.46%	2	2	93	93	0.2497123130030455	1	1	298	135	1	1	-A
H11_BC95_191109_LF_LIB_consensus_vsearch	3322	A	A	427	6	1.38%	2	1	93	93	0.015354987779940706	1	1	291	136	6	0	-G
H11_BC95_191109_LF_LIB_consensus_vsearch	3323	G	*/-A	395	36	8.35%	2	1	93	93	6.7885538510652055E-12	1	1	258	137	36	0	-A
H11_BC95_191109_LF_LIB_consensus_vsearch	3324	A	A	397	2	0.5%	2	1	93	93	0.24968632371350802	1	1	260	137	2	0	G
H11_BC95_191109_LF_LIB_consensus_vsearch	3325	G	G	436	1	0.23%	2	1	93	93	0.5000000000008233	1	1	299	137	1	0	C
H11_BC95_191109_LF_LIB_consensus_vsearch	3326	T	*/-C	369	65	14.84%	2	1	93	93	2.030454111551568E-21	1	1	234	135	65	0	-C
H11_BC95_191109_LF_LIB_consensus_vsearch	3327	C	C	371	2	0.54%	2	2	93	93	0.24966442953001958	1	1	235	136	1	1	T
H11_BC95_191109_LF_LIB_consensus_vsearch	3328	C	*/-A	397	23	5.25%	2	1	93	93	8.747575004310133E-8	1	1	262	135	23	0	-A
H11_BC95_191109_LF_LIB_consensus_vsearch	3329	A	A	401	4	0.99%	2	2	93	93	0.06203675196794108	1	1	265	136	3	1	G
H11_BC95_191109_LF_LIB_consensus_vsearch	3330	A	A	421	5	1.17%	2	1	93	93	0.030883433748668913	1	1	284	137	5	0	+GA
H11_BC95_191109_LF_LIB_consensus_vsearch	3331	A	A	434	3	0.68%	2	2	93	93	0.12457044673541934	1	1	299	135	2	1	G
H11_BC95_191109_LF_LIB_consensus_vsearch	3332	G	G	433	4	0.91%	2	1	93	93	0.06207069332172113	1	1	297	136	4	0	-A
H11_BC95_191109_LF_LIB_consensus_vsearch	3333	A	A	418	5	1.15%	2	1	93	93	0.030880835561915	1	1	290	128	0	5	-C
H11_BC95_191109_LF_LIB_consensus_vsearch	3334	C	C	420	5	1.16%	2	1	93	93	0.030882571759557657	1	1	300	120	0	5	+T
H11_BC95_191109_LF_LIB_consensus_vsearch	3335	T	*/+C	359	40	9.28%	2	2	93	93	3.250824904352613E-13	1	1	255	104	38	2	+C
H11_BC95_191109_LF_LIB_consensus_vsearch	3336	C	*/-T	384	11	2.68%	2	2	93	93	4.5501547153779163E-4	1	1	294	90	1	10	-T
H11_BC95_191109_LF_LIB_consensus_vsearch	3337	T	*/-A	363	25	5.95%	2	2	93	93	1.9991640013982084E-8	1	1	265	98	4	21	-A
H11_BC95_191109_LF_LIB_consensus_vsearch	3338	A	M	385	12	2.96%	2	2	93	93	2.2439240943114192E-4	1	1	288	97	1	11	C
H11_BC95_191109_LF_LIB_consensus_vsearch	3339	A	*/-T	412	11	2.52%	2	2	93	93	4.571726097283556E-4	1	1	291	121	4	7	-T
H11_BC95_191109_LF_LIB_consensus_vsearch	3340	T	Y	403	16	3.76%	2	2	93	93	1.3187249802108927E-5	1	1	291	112	1	15	C
H11_BC95_191109_LF_LIB_consensus_vsearch	3341	T	T	428	5	1.15%	2	2	93	93	0.030889356258247617	1	1	299	129	1	4	C
H11_BC95_191109_LF_LIB_consensus_vsearch	3342	T	*/-CT	418	10	2.29%	2	1	93	93	9.260031044371504E-4	1	1	296	122	0	10	-CT
H11_BC95_191109_LF_LIB_consensus_vsearch	3343	C	C	423	2	0.47%	2	2	93	93	0.24970553592454253	1	1	299	124	1	1	-T
H11_BC95_191109_LF_LIB_consensus_vsearch	3344	T	*/-ATA	413	7	1.64%	2	1	93	93	0.007618121440992818	1	1	290	123	7	0	-ATA
H11_BC95_191109_LF_LIB_consensus_vsearch	3345	A	A	419	5	1.16%	2	1	93	93	0.03088170570687224	1	1	285	134	5	0	G
H11_BC95_191109_LF_LIB_consensus_vsearch	3346	T	*/-A	408	13	3.03%	2	1	93	93	1.1111449338120726E-4	1	1	274	134	13	0	-A
H11_BC95_191109_LF_LIB_consensus_vsearch	3347	A	A	398	6	1.44%	2	1	93	93	0.015335654379945	1	1	265	133	6	0	+TA
H11_BC95_191109_LF_LIB_consensus_vsearch	3348	C	C	419	5	1.15%	2	1	93	93	0.03088170570687224	1	1	286	133	5	0	+A
H11_BC95_191109_LF_LIB_consensus_vsearch	3349	G	R	415	9	2.07%	2	2	93	93	0.0018711388771604682	1	1	288	127	8	1	A
H11_BC95_191109_LF_LIB_consensus_vsearch	3350	C	*/-T	416	9	2.09%	2	2	93	93	0.001871329602106588	1	1	295	121	2	7	-T
H11_BC95_191109_LF_LIB_consensus_vsearch	3351	T	*/+C	364	25	5.87%	2	2	93	93	2.0012845453334818E-8	1	1	260	104	14	11	+C
H11_BC95_191109_LF_LIB_consensus_vsearch	3352	C	C	403	1	0.25%	2	1	93	93	0.4999999999999138	1	1	279	124	0	1	T
H11_BC95_191109_LF_LIB_consensus_vsearch	3353	C	C	422	2	0.47%	2	1	93	93	0.2497048406136616	1	1	288	134	0	2	+T
H11_BC95_191109_LF_LIB_consensus_vsearch	3354	C	*/+A	415	8	1.83%	2	1	93	93	0.003777960974854116	1	1	284	131	8	0	+A
H11_BC95_191109_LF_LIB_consensus_vsearch	3355	G	*/-A	412	18	4.12%	2	1	93	93	3.181160118823801E-6	1	1	275	137	18	0	-A
H11_BC95_191109_LF_LIB_consensus_vsearch	3356	A	A	401	6	1.43%	2	1	93	93	0.01533778183023708	1	1	265	136	6	0	+G
H11_BC95_191109_LF_LIB_consensus_vsearch	3357	G	G	429	1	0.23%	2	1	93	93	0.4999999999999138	1	1	293	136	1	0	+AG
H11_BC95_191109_LF_LIB_consensus_vsearch	3358	C	C	430	6	1.37%	2	2	93	93	0.015356841341651906	1	1	296	134	3	3	-GC
H11_BC95_191109_LF_LIB_consensus_vsearch	3359	G	G	429	1	0.23%	2	1	93	93	0.4999999999999138	1	1	296	133	0	1	+TG
H11_BC95_191109_LF_LIB_consensus_vsearch	3360	C	C	422	4	0.93%	2	1	93	93	0.062059601466603075	1	1	291	131	4	0	+T
H11_BC95_191109_LF_LIB_consensus_vsearch	3361	T	Y	411	12	2.76%	2	2	93	93	2.2557498827275595E-4	1	1	293	118	1	11	C
H11_BC95_191109_LF_LIB_consensus_vsearch	3362	G	G	414	6	1.39%	2	1	93	93	0.01534665043910028	1	1	283	131	6	0	+C
H11_BC95_191109_LF_LIB_consensus_vsearch	3363	C	C	416	5	1.17%	2	1	93	93	0.030879082878509188	1	1	288	128	5	0	-TAA
H11_BC95_191109_LF_LIB_consensus_vsearch	3364	T	*/-A	401	11	2.58%	2	2	93	93	4.5635938666550835E-4	1	1	274	127	10	1	-A
H11_BC95_191109_LF_LIB_consensus_vsearch	3365	A	A	412	5	1.19%	2	1	93	93	0.030875527106174937	1	1	277	135	5	0	G
H11_BC95_191109_LF_LIB_consensus_vsearch	3366	A	R	404	17	3.93%	2	2	93	93	6.470471302259629E-6	1	1	270	134	16	1	G
H11_BC95_191109_LF_LIB_consensus_vsearch	3367	C	*/-A	401	21	4.83%	2	2	93	93	3.6949592163666294E-7	1	1	265	136	20	1	-A
H11_BC95_191109_LF_LIB_consensus_vsearch	3368	A	*/-CA	381	10	2.41%	2	2	93	93	9.212992345460898E-4	1	1	251	130	6	4	-CA
H11_BC95_191109_LF_LIB_consensus_vsearch	3369	C	S	409	7	1.64%	2	1	93	93	0.007616261521057028	1	1	277	132	7	0	G
H11_BC95_191109_LF_LIB_consensus_vsearch	3370	A	W	382	24	5.67%	2	2	93	93	4.199918127952792E-8	1	1	253	129	23	1	T
H11_BC95_191109_LF_LIB_consensus_vsearch	3371	G	*/+A	398	22	5.15%	2	1	93	93	1.7978684305399108E-7	1	1	262	136	22	0	+A
H11_BC95_191109_LF_LIB_consensus_vsearch	3372	A	R	426	7	1.61%	2	2	93	93	0.007623929979105209	1	1	291	135	5	2	G
H11_BC95_191109_LF_LIB_consensus_vsearch	3373	C	*/+A	425	7	1.6%	2	1	93	93	0.007623495521158642	1	1	297	128	0	7	+A
H11_BC95_191109_LF_LIB_consensus_vsearch	3374	A	*/-C	400	19	4.36%	2	2	93	93	1.5481066556775954E-6	1	1	276	124	8	11	-C
H11_BC95_191109_LF_LIB_consensus_vsearch	3375	C	C	405	6	1.44%	2	1	93	93	0.015340570238973535	1	1	292	113	0	6	+T
H11_BC95_191109_LF_LIB_consensus_vsearch	3376	C	Y	424	8	1.83%	2	1	93	93	0.0037806132981311326	1	1	300	124	0	8	T
H11_BC95_191109_LF_LIB_consensus_vsearch	3377	C	C	420	4	0.92%	2	2	93	93	0.062057522896676466	1	1	295	125	1	3	+G
H11_BC95_191109_LF_LIB_consensus_vsearch	3378	G	G	428	4	0.92%	2	2	93	93	0.06206572163388339	1	1	296	132	3	1	A
H11_BC95_191109_LF_LIB_consensus_vsearch	3379	T	T	428	4	0.92%	2	2	93	93	0.06206572163388339	1	1	297	131	2	2	C
H11_BC95_191109_LF_LIB_consensus_vsearch	3380	G	G	433	1	0.23%	2	1	93	93	0.4999999999999138	1	1	298	135	1	0	-A
H11_BC95_191109_LF_LIB_consensus_vsearch	3381	A	A	432	2	0.46%	2	1	93	93	0.2497116493653279	1	1	298	134	0	2	-T
H11_BC95_191109_LF_LIB_consensus_vsearch	3382	T	T	426	4	0.92%	2	1	93	93	0.06206370056623179	1	1	292	134	4	0	+C
H11_BC95_191109_LF_LIB_consensus_vsearch	3383	C	*/+A	421	11	2.53%	2	1	93	93	4.5780779436953333E-4	1	1	286	135	11	0	+A
H11_BC95_191109_LF_LIB_consensus_vsearch	3384	G	G	425	6	1.38%	2	2	93	93	0.015353737770788975	1	1	294	131	4	2	A
H11_BC95_191109_LF_LIB_consensus_vsearch	3385	C	C	430	1	0.23%	2	1	93	93	0.4999999999990043	1	1	298	132	1	0	+TC
H11_BC95_191109_LF_LIB_consensus_vsearch	3386	G	G	429	3	0.69%	2	2	93	93	0.12456546929309553	1	1	298	131	1	2	+CG
H11_BC95_191109_LF_LIB_consensus_vsearch	3387	T	T	428	6	1.38%	2	2	93	93	0.015355608474412826	1	1	294	134	5	1	C
H11_BC95_191109_LF_LIB_consensus_vsearch	3388	C	C	434	1	0.23%	2	1	93	93	0.4999999999999138	1	1	298	136	1	0	+AC
H11_BC95_191109_LF_LIB_consensus_vsearch	3389	G	G	430	3	0.69%	2	1	93	93	0.12456647398843287	1	1	296	134	3	0	A
H11_BC95_191109_LF_LIB_consensus_vsearch	3390	A	A	431	2	0.46%	2	1	93	93	0.24971098265883573	1	1	295	136	2	0	G
H11_BC95_191109_LF_LIB_consensus_vsearch	3391	C	C	428	6	1.37%	2	2	93	93	0.015355608474412826	1	1	297	131	2	4	T
H11_BC95_191109_LF_LIB_consensus_vsearch	3392	A	A	424	6	1.38%	2	1	93	93	0.015353108416041601	1	1	297	127	0	6	-T
H11_BC95_191109_LF_LIB_consensus_vsearch	3393	T	T	426	2	0.46%	2	2	93	93	0.2497076023388982	1	1	300	126	1	1	-C
H11_BC95_191109_LF_LIB_consensus_vsearch	3394	C	C	430	2	0.46%	2	1	93	93	0.24971031286224527	1	1	298	132	0	2	T
H11_BC95_191109_LF_LIB_consensus_vsearch	3395	G	G	426	6	1.37%	2	2	93	93	0.015354364218716944	1	1	293	133	4	2	+T
H11_BC95_191109_LF_LIB_consensus_vsearch	3396	T	T	429	6	1.38%	2	2	93	93	0.015356226321811444	1	1	297	132	1	5	C
H11_BC95_191109_LF_LIB_consensus_vsearch	3397	T	T	435	3	0.68%	2	1	93	93	0.12457142857152662	1	1	301	134	0	3	C
H11_BC95_191109_LF_LIB_consensus_vsearch	3398	T	T	433	3	0.68%	2	2	93	93	0.12456946039042152	1	1	298	135	2	1	C
H11_BC95_191109_LF_LIB_consensus_vsearch	3399	A	A	432	6	1.37%	2	1	93	93	0.015358062976156805	1	1	295	137	6	0	G
H11_BC95_191109_LF_LIB_consensus_vsearch	3400	C	C	435	1	0.23%	2	1	93	93	0.5000000000008233	1	1	299	136	1	0	+AA
H11_BC95_191109_LF_LIB_consensus_vsearch	3401	T	Y	413	11	2.52%	2	2	93	93	4.572444899531022E-4	1	1	292	121	1	10	C
H11_BC95_191109_LF_LIB_consensus_vsearch	3402	G	G	432	1	0.23%	2	1	93	93	0.5000000000008233	1	1	299	133	1	0	+AG
H11_BC95_191109_LF_LIB_consensus_vsearch	3403	G	G	432	2	0.46%	2	1	93	93	0.2497116493653279	1	1	297	135	0	2	-T
H11_BC95_191109_LF_LIB_consensus_vsearch	3404	T	*/-G	414	16	3.67%	2	2	93	93	1.3237475145125807E-5	1	1	296	118	3	13	-G
H11_BC95_191109_LF_LIB_consensus_vsearch	3405	G	G	414	2	0.48%	2	1	93	93	0.24969915764112557	1	1	294	120	2	0	A
H11_BC95_191109_LF_LIB_consensus_vsearch	3406	G	G	434	1	0.23%	2	1	93	93	0.4999999999999138	1	1	301	133	0	1	A
H11_BC95_191109_LF_LIB_consensus_vsearch	3407	G	G	436	1	0.23%	2	1	93	93	0.5000000000008233	1	1	300	136	0	1	C
H11_BC95_191109_LF_LIB_consensus_vsearch	3408	A	A	433	3	0.68%	2	2	93	93	0.12456946039042152	1	1	297	136	2	1	G
H11_BC95_191109_LF_LIB_consensus_vsearch	3409	C	C	427	6	1.37%	2	2	93	93	0.015354987779940706	1	1	294	133	5	1	-T
H11_BC95_191109_LF_LIB_consensus_vsearch	3410	T	T	421	3	0.7%	2	2	93	93	0.12455726092075974	1	1	289	132	2	1	C
H11_BC95_191109_LF_LIB_consensus_vsearch	3411	A	A	427	3	0.69%	2	2	93	93	0.12456344586746677	1	1	293	134	2	1	G
H11_BC95_191109_LF_LIB_consensus_vsearch	3412	C	C	427	3	0.69%	2	2	93	93	0.12456344586746677	1	1	293	134	2	1	-A
H11_BC95_191109_LF_LIB_consensus_vsearch	3413	A	A	427	5	1.15%	2	1	93	93	0.03088852192937873	1	1	293	134	5	0	G
H11_BC95_191109_LF_LIB_consensus_vsearch	3414	A	R	388	41	9.36%	2	2	93	93	1.667129741644698E-13	1	1	252	136	40	1	G
H11_BC95_191109_LF_LIB_consensus_vsearch	3415	C	C	424	5	1.15%	2	2	93	93	0.03088599561913487	1	1	294	130	2	3	-G
H11_BC95_191109_LF_LIB_consensus_vsearch	3416	G	R	411	18	4.19%	2	1	93	93	3.1797854475104E-6	1	1	278	133	18	0	A
H11_BC95_191109_LF_LIB_consensus_vsearch	3417	G	G	431	5	1.14%	2	1	93	93	0.03089183629518613	1	1	296	135	5	0	T
H11_BC95_191109_LF_LIB_consensus_vsearch	3418	T	T	430	3	0.69%	2	2	93	93	0.12456647398843287	1	1	297	133	1	2	C
H11_BC95_191109_LF_LIB_consensus_vsearch	3419	G	*/+T	410	16	3.67%	2	1	93	93	1.321949517328872E-5	1	1	294	116	0	16	+T
H11_BC95_191109_LF_LIB_consensus_vsearch	3420	T	Y	414	10	2.29%	2	2	93	93	9.255335328018615E-4	1	1	284	130	5	5	C
H11_BC95_191109_LF_LIB_consensus_vsearch	3421	C	*/-T	409	19	4.37%	2	2	93	93	1.5550667950843015E-6	1	1	288	121	4	15	-T
H11_BC95_191109_LF_LIB_consensus_vsearch	3422	T	Y	397	13	3.13%	2	2	93	93	1.1083016322352594E-4	1	1	284	113	4	9	C
H11_BC95_191109_LF_LIB_consensus_vsearch	3423	A	A	431	2	0.46%	2	1	93	93	0.24971098265883573	1	1	294	137	2	0	+CA
H11_BC95_191109_LF_LIB_consensus_vsearch	3424	A	A	432	3	0.69%	2	2	93	93	0.12456846950514457	1	1	297	135	1	2	-T
H11_BC95_191109_LF_LIB_consensus_vsearch	3425	T	T	432	1	0.23%	2	1	93	93	0.5000000000008233	1	1	297	135	1	0	C
H11_BC95_191109_LF_LIB_consensus_vsearch	3426	C	C	434	2	0.46%	2	1	93	93	0.24971297359331265	1	1	297	137	2	0	+A
H11_BC95_191109_LF_LIB_consensus_vsearch	3427	G	R	425	7	1.6%	2	1	93	93	0.007623495521158642	1	1	292	133	7	0	A
H11_BC95_191109_LF_LIB_consensus_vsearch	3428	T	T	428	3	0.69%	2	1	93	93	0.12456445993035366	1	1	294	134	3	0	+C
H11_BC95_191109_LF_LIB_consensus_vsearch	3429	C	*/+T	402	23	5.25%	2	2	93	93	8.780363923938137E-8	1	1	266	136	22	1	+T
H11_BC95_191109_LF_LIB_consensus_vsearch	3430	T	T	422	3	0.7%	2	2	93	93	0.12455830388715546	1	1	289	133	1	2	+C
H11_BC95_191109_LF_LIB_consensus_vsearch	3431	T	*/+C	422	9	2.05%	2	2	93	93	0.0018724555760242295	1	1	288	134	8	1	+C
H11_BC95_191109_LF_LIB_consensus_vsearch	3432	T	*/+G	25	278	63.47%	2	2	93	93	2.3120707585238068E-144	1	1	24	1	167	111	+G
H11_BC95_191109_LF_LIB_consensus_vsearch	3433	C	C	410	6	1.41%	2	1	93	93	0.015343980527737108	1	1	287	123	0	6	-T
H11_BC95_191109_LF_LIB_consensus_vsearch	3434	T	*/-C	194	176	41.03%	2	2	93	93	9.379821129133909E-66	1	1	135	59	138	38	-C
H11_BC95_191109_LF_LIB_consensus_vsearch	3435	C	C	218	6	2.61%	2	1	93	93	0.015104203282490625	1	1	145	73	6	0	+T
H11_BC95_191109_LF_LIB_consensus_vsearch	3436	C	C	405	1	0.25%	2	1	93	93	0.5000000000008233	1	1	292	113	1	0	+T
H11_BC95_191109_LF_LIB_consensus_vsearch	3437	C	C	434	2	0.46%	2	1	93	93	0.24971297359331265	1	1	300	134	0	2	T
H11_BC95_191109_LF_LIB_consensus_vsearch	3438	C	C	432	4	0.92%	2	1	93	93	0.06206970811168755	1	1	295	137	4	0	+A
H11_BC95_191109_LF_LIB_consensus_vsearch	3439	C	C	430	3	0.68%	2	1	93	93	0.12456647398843287	1	1	296	134	3	0	-A
H11_BC95_191109_LF_LIB_consensus_vsearch	3440	A	*/-C	422	11	2.53%	2	2	93	93	4.57876773436784E-4	1	1	290	132	7	4	-C
H11_BC95_191109_LF_LIB_consensus_vsearch	3441	C	C	421	3	0.7%	2	2	93	93	0.12455726092075974	1	1	291	130	2	1	T
H11_BC95_191109_LF_LIB_consensus_vsearch	3442	C	C	430	3	0.69%	2	2	93	93	0.12456647398843287	1	1	298	132	1	2	T
H11_BC95_191109_LF_LIB_consensus_vsearch	3443	C	C	427	4	0.91%	2	2	93	93	0.06206471344608787	1	1	297	130	1	3	-T
H11_BC95_191109_LF_LIB_consensus_vsearch	3444	T	T	429	1	0.23%	2	1	93	93	0.4999999999999138	1	1	299	130	0	1	+C
H11_BC95_191109_LF_LIB_consensus_vsearch	3445	T	T	429	2	0.46%	2	2	93	93	0.2497096399537788	1	1	297	132	1	1	+C
H11_BC95_191109_LF_LIB_consensus_vsearch	3446	C	*/+A	421	9	2.07%	2	2	93	93	0.0018722700711233777	1	1	289	132	8	1	+A
H11_BC95_191109_LF_LIB_consensus_vsearch	3447	G	K	421	7	1.6%	2	1	93	93	0.007621737484585097	1	1	289	132	7	0	T
H11_BC95_191109_LF_LIB_consensus_vsearch	3448	T	T	426	5	1.15%	2	1	93	93	0.0308876837313223	1	1	292	134	5	0	+A
H11_BC95_191109_LF_LIB_consensus_vsearch	3449	G	*/-CT	407	22	5.05%	2	1	93	93	1.8088237163401124E-7	1	1	273	134	22	0	-CT
H11_BC95_191109_LF_LIB_consensus_vsearch	3450	C	C	404	5	1.21%	2	2	93	93	0.030868207042094063	1	1	271	133	3	2	-T
H11_BC95_191109_LF_LIB_consensus_vsearch	3451	T	T	401	5	1.23%	2	2	93	93	0.030865387693025832	1	1	270	131	2	3	C
H11_BC95_191109_LF_LIB_consensus_vsearch	3452	T	T	427	2	0.46%	2	1	93	93	0.24970828471410914	1	1	293	134	2	0	G
H11_BC95_191109_LF_LIB_consensus_vsearch	3453	G	G	433	2	0.46%	2	2	93	93	0.2497123130030455	1	1	298	135	1	1	C
H11_BC95_191109_LF_LIB_consensus_vsearch	3454	A	A	432	3	0.69%	2	1	93	93	0.12456846950514457	1	1	297	135	3	0	+G
H11_BC95_191109_LF_LIB_consensus_vsearch	3455	T	*/+C	416	17	3.88%	2	1	93	93	6.500663914761803E-6	1	1	281	135	17	0	+C
H11_BC95_191109_LF_LIB_consensus_vsearch	3456	C	C	431	3	0.69%	2	2	93	93	0.12456747404820136	1	1	296	135	2	1	+A
H11_BC95_191109_LF_LIB_consensus_vsearch	3457	A	A	429	2	0.46%	2	1	93	93	0.2497096399537788	1	1	294	135	2	0	C
H11_BC95_191109_LF_LIB_consensus_vsearch	3458	A	R	415	15	3.42%	2	2	93	93	2.6953413247305517E-5	1	1	283	132	14	1	G
H11_BC95_191109_LF_LIB_consensus_vsearch	3459	T	T	411	5	1.15%	2	1	93	93	0.030874627485352822	1	1	278	133	5	0	+A
H11_BC95_191109_LF_LIB_consensus_vsearch	3460	G	*/-A	395	12	2.82%	2	1	93	93	2.24864640361563E-4	1	1	270	125	12	0	-A
H11_BC95_191109_LF_LIB_consensus_vsearch	3461	A	A	407	2	0.48%	2	2	93	93	0.24969400244801665	1	1	277	130	1	1	C
H11_BC95_191109_LF_LIB_consensus_vsearch	3462	A	A	428	3	0.69%	2	2	93	93	0.12456445993035366	1	1	297	131	1	2	C
H11_BC95_191109_LF_LIB_consensus_vsearch	3463	A	A	430	4	0.92%	2	2	93	93	0.062067724063454545	1	1	295	135	3	1	G
H11_BC95_191109_LF_LIB_consensus_vsearch	3464	G	K	424	7	1.61%	2	1	93	93	0.007623059056742502	1	1	290	134	7	0	T
H11_BC95_191109_LF_LIB_consensus_vsearch	3465	T	T	424	4	0.91%	2	1	93	93	0.06206166059929218	1	1	300	124	0	4	+A
H11_BC95_191109_LF_LIB_consensus_vsearch	3466	A	*/-C	290	129	29.52%	2	2	93	93	1.2176652757413294E-44	1	1	174	116	117	12	-C
H11_BC95_191109_LF_LIB_consensus_vsearch	3467	C	*/+T	270	22	7.19%	2	1	93	93	1.5810534091613666E-7	1	1	179	91	0	22	+T
H11_BC95_191109_LF_LIB_consensus_vsearch	3468	C	Y	406	16	3.68%	2	1	93	93	1.3201193045766802E-5	1	1	298	108	0	16	T
H11_BC95_191109_LF_LIB_consensus_vsearch	3469	C	*/-T	404	25	5.72%	2	2	93	93	2.079279664090142E-8	1	1	298	106	2	23	-T
H11_BC95_191109_LF_LIB_consensus_vsearch	3470	T	Y	391	9	2.18%	2	1	93	93	0.0018662788735768444	1	1	291	100	0	9	C
H11_BC95_191109_LF_LIB_consensus_vsearch	3471	A	R	397	16	3.69%	2	1	93	93	1.3158789700561018E-5	1	1	263	134	16	0	G
H11_BC95_191109_LF_LIB_consensus_vsearch	3472	G	G	409	4	0.96%	2	1	93	93	0.06204573069707953	1	1	275	134	4	0	-C
H11_BC95_191109_LF_LIB_consensus_vsearch	3473	C	M	413	9	2.12%	2	2	93	93	0.001870754746824021	1	1	279	134	7	2	A
H11_BC95_191109_LF_LIB_consensus_vsearch	3474	C	Y	411	14	3.26%	2	2	93	93	5.474350555951183E-5	1	1	277	134	11	3	T
H11_BC95_191109_LF_LIB_consensus_vsearch	3475	A	A	421	4	0.93%	2	2	93	93	0.06205856462850021	1	1	285	136	3	1	G
H11_BC95_191109_LF_LIB_consensus_vsearch	3476	A	R	405	17	3.9%	2	2	93	93	6.473048763994588E-6	1	1	278	127	16	1	G
H11_BC95_191109_LF_LIB_consensus_vsearch	3477	C	C	423	4	0.92%	2	1	93	93	0.06206063344550859	1	1	291	132	0	4	-T
H11_BC95_191109_LF_LIB_consensus_vsearch	3478	T	T	421	6	1.39%	2	2	93	93	0.01535120270746072	1	1	292	129	5	1	-G
H11_BC95_191109_LF_LIB_consensus_vsearch	3479	G	G	418	6	1.4%	2	1	93	93	0.015349270096337152	1	1	284	134	6	0	T
H11_BC95_191109_LF_LIB_consensus_vsearch	3480	C	*/-TT	408	12	2.76%	2	2	93	93	2.2544581166138029E-4	1	1	283	125	9	3	-TT
H11_BC95_191109_LF_LIB_consensus_vsearch	3481	T	T	417	2	0.48%	2	2	93	93	0.24970131421759778	1	1	289	128	1	1	G
H11_BC95_191109_LF_LIB_consensus_vsearch	3482	T	T	419	3	0.71%	2	1	93	93	0.12455516014247174	1	1	287	132	3	0	C
H11_BC95_191109_LF_LIB_consensus_vsearch	3483	T	*/-C	426	9	2.06%	2	2	93	93	0.001873189162106254	1	1	297	129	2	7	-C
H11_BC95_191109_LF_LIB_consensus_vsearch	3484	C	C	411	6	1.41%	2	1	93	93	0.015344652795793392	1	1	290	121	0	6	+T
H11_BC95_191109_LF_LIB_consensus_vsearch	3485	G	G	425	6	1.39%	2	2	93	93	0.015353737770788975	1	1	291	134	5	1	A
H11_BC95_191109_LF_LIB_consensus_vsearch	3486	C	C	421	4	0.93%	2	1	93	93	0.06205856462850021	1	1	288	133	4	0	-A
H11_BC95_191109_LF_LIB_consensus_vsearch	3487	A	A	427	3	0.69%	2	2	93	93	0.12456344586746677	1	1	292	135	2	1	-T
H11_BC95_191109_LF_LIB_consensus_vsearch	3488	T	T	425	4	0.92%	2	2	93	93	0.0620626829618069	1	1	293	132	2	2	C
H11_BC95_191109_LF_LIB_consensus_vsearch	3489	T	*/+A	411	12	2.74%	2	2	93	93	2.2557498827275595E-4	1	1	278	133	11	1	+A
H11_BC95_191109_LF_LIB_consensus_vsearch	3490	A	R	413	9	2.08%	2	1	93	93	0.001870754746824021	1	1	280	133	9	0	G
H11_BC95_191109_LF_LIB_consensus_vsearch	3491	G	G	431	1	0.23%	2	1	93	93	0.4999999999999138	1	1	296	135	1	0	A
H11_BC95_191109_LF_LIB_consensus_vsearch	3492	G	G	430	3	0.68%	2	1	93	93	0.12456647398843287	1	1	295	135	3	0	A
H11_BC95_191109_LF_LIB_consensus_vsearch	3493	T	T	427	5	1.15%	2	2	93	93	0.03088852192937873	1	1	293	134	4	1	C
H11_BC95_191109_LF_LIB_consensus_vsearch	3494	C	C	428	4	0.92%	2	2	93	93	0.06206572163388339	1	1	293	135	3	1	+A
H11_BC95_191109_LF_LIB_consensus_vsearch	3495	G	G	425	5	1.15%	2	1	93	93	0.03088684163697732	1	1	293	132	5	0	A
H11_BC95_191109_LF_LIB_consensus_vsearch	3496	T	T	426	5	1.15%	2	1	93	93	0.0308876837313223	1	1	295	131	0	5	-C
H11_BC95_191109_LF_LIB_consensus_vsearch	3497	C	*/-T	421	9	2.08%	2	2	93	93	0.0018722700711233777	1	1	296	125	2	7	-T
H11_BC95_191109_LF_LIB_consensus_vsearch	3498	T	T	427	0	0%	2	0	93	0	1.0	1	0	297	130	0	0	
H11_BC95_191109_LF_LIB_consensus_vsearch	3499	T	T	426	6	1.38%	2	2	93	93	0.015354364218716944	1	1	294	132	1	5	C
H11_BC95_191109_LF_LIB_consensus_vsearch	3500	C	*/-T	409	16	3.67%	2	1	93	93	1.32149501788179E-5	1	1	292	117	0	16	-T
H11_BC95_191109_LF_LIB_consensus_vsearch	3501	T	Y	393	9	2.14%	2	1	93	93	0.0018667057694086889	1	1	278	115	9	0	C
H11_BC95_191109_LF_LIB_consensus_vsearch	3502	G	*/-A	406	10	2.3%	2	2	93	93	9.245677335648258E-4	1	1	270	136	9	1	-A
H11_BC95_191109_LF_LIB_consensus_vsearch	3503	A	*/-G	315	85	20.14%	2	2	93	93	1.7396668633316409E-28	1	1	184	131	80	5	-G
H11_BC95_191109_LF_LIB_consensus_vsearch	3504	G	G	344	1	0.29%	2	1	93	93	0.4999999999999138	1	1	213	131	1	0	+A
H11_BC95_191109_LF_LIB_consensus_vsearch	3505	G	G	430	2	0.46%	2	1	93	93	0.24971031286224527	1	1	293	137	2	0	A
H11_BC95_191109_LF_LIB_consensus_vsearch	3506	G	G	432	2	0.46%	2	1	93	93	0.2497116493653279	1	1	298	134	0	2	+C
H11_BC95_191109_LF_LIB_consensus_vsearch	3507	T	T	428	4	0.92%	2	2	93	93	0.06206572163388339	1	1	295	133	3	1	+C
H11_BC95_191109_LF_LIB_consensus_vsearch	3508	C	*/-A	402	24	5.49%	2	2	93	93	4.271528395416842E-8	1	1	268	134	23	1	-A
H11_BC95_191109_LF_LIB_consensus_vsearch	3509	A	W	378	14	3.44%	2	1	93	93	5.423567585746075E-5	1	1	250	128	14	0	T
H11_BC95_191109_LF_LIB_consensus_vsearch	3510	C	Y	373	24	5.62%	2	1	93	93	4.1656989415852434E-8	1	1	240	133	24	0	T
H11_BC95_191109_LF_LIB_consensus_vsearch	3511	A	R	352	46	10.9%	2	2	93	93	3.5754110095087985E-15	1	1	227	125	45	1	G
H11_BC95_191109_LF_LIB_consensus_vsearch	3512	G	*/+A	383	13	3.12%	2	1	93	93	1.104462332935663E-4	1	1	258	125	13	0	+A
H11_BC95_191109_LF_LIB_consensus_vsearch	3513	G	*/-A	390	41	9.36%	2	2	93	93	1.675301970717746E-13	1	1	254	136	40	1	-A
H11_BC95_191109_LF_LIB_consensus_vsearch	3514	A	A	373	5	1.28%	2	2	93	93	0.03083691723172624	1	1	241	132	2	3	+T
H11_BC95_191109_LF_LIB_consensus_vsearch	3515	T	T	423	1	0.24%	2	1	93	93	0.4999999999999138	1	1	287	136	1	0	C
H11_BC95_191109_LF_LIB_consensus_vsearch	3516	T	T	434	1	0.23%	2	1	93	93	0.4999999999999138	1	1	299	135	0	1	C
H11_BC95_191109_LF_LIB_consensus_vsearch	3517	T	T	424	3	0.69%	2	1	93	93	0.12456037514670402	1	1	292	132	0	3	+C
H11_BC95_191109_LF_LIB_consensus_vsearch	3518	C	C	430	2	0.46%	2	1	93	93	0.24971031286224527	1	1	296	134	2	0	-A
H11_BC95_191109_LF_LIB_consensus_vsearch	3519	A	*/-C	209	131	30.11%	2	2	93	93	5.896013540065245E-47	1	1	146	63	64	67	-C
H11_BC95_191109_LF_LIB_consensus_vsearch	3520	C	C	236	3	1.25%	2	1	93	93	0.12421383647810401	1	1	170	66	3	0	G
H11_BC95_191109_LF_LIB_consensus_vsearch	3521	C	C	368	3	0.81%	2	1	93	93	0.12449392712559995	1	1	234	134	3	0	T
H11_BC95_191109_LF_LIB_consensus_vsearch	3522	C	C	385	3	0.76%	2	1	93	93	0.12451612903217696	1	1	253	132	3	0	A
H11_BC95_191109_LF_LIB_consensus_vsearch	3523	C	*/-T	425	7	1.6%	2	2	93	93	0.007623495521158642	1	1	296	129	2	5	-T
H11_BC95_191109_LF_LIB_consensus_vsearch	3524	T	T	428	2	0.46%	2	2	93	93	0.24970896391120487	1	1	298	130	1	1	-A
H11_BC95_191109_LF_LIB_consensus_vsearch	3525	A	A	434	2	0.46%	2	1	93	93	0.24971297359331265	1	1	298	136	2	0	G
H11_BC95_191109_LF_LIB_consensus_vsearch	3526	G	*/-C	406	16	3.65%	2	2	93	93	1.3201193045766802E-5	1	1	271	135	15	1	-C
H11_BC95_191109_LF_LIB_consensus_vsearch	3527	C	C	418	3	0.71%	2	1	93	93	0.12455410225923637	1	1	286	132	0	3	+T
H11_BC95_191109_LF_LIB_consensus_vsearch	3528	C	C	438	0	0%	2	0	93	0	1.0	1	0	301	137	0	0	
H11_BC95_191109_LF_LIB_consensus_vsearch	3529	C	C	437	1	0.23%	2	1	93	93	0.4999999999999138	1	1	300	137	1	0	A
H11_BC95_191109_LF_LIB_consensus_vsearch	3530	C	C	434	2	0.46%	2	1	93	93	0.24971297359331265	1	1	298	136	2	0	-A
H11_BC95_191109_LF_LIB_consensus_vsearch	3531	A	*/-G	419	9	2.06%	2	1	93	93	0.0018718964903564012	1	1	284	135	9	0	-G
H11_BC95_191109_LF_LIB_consensus_vsearch	3532	G	*/-A	358	65	15.15%	2	1	93	93	1.8872925263472725E-21	1	1	221	137	65	0	-A
H11_BC95_191109_LF_LIB_consensus_vsearch	3533	A	A	362	5	1.36%	2	2	93	93	0.03082454467236996	1	1	226	136	4	1	G
H11_BC95_191109_LF_LIB_consensus_vsearch	3534	G	G	429	2	0.46%	2	2	93	93	0.2497096399537788	1	1	295	134	1	1	+AG
H11_BC95_191109_LF_LIB_consensus_vsearch	3535	T	T	433	2	0.46%	2	2	93	93	0.2497123130030455	1	1	300	133	1	1	C
H11_BC95_191109_LF_LIB_consensus_vsearch	3536	A	A	430	6	1.37%	2	2	93	93	0.015356841341651906	1	1	295	135	5	1	G
H11_BC95_191109_LF_LIB_consensus_vsearch	3537	C	C	431	2	0.46%	2	2	93	93	0.24971098265883573	1	1	299	132	1	1	+A
H11_BC95_191109_LF_LIB_consensus_vsearch	3538	G	R	425	10	2.29%	2	1	93	93	9.268043937944601E-4	1	1	289	136	10	0	A
H11_BC95_191109_LF_LIB_consensus_vsearch	3539	G	G	430	2	0.46%	2	1	93	93	0.24971031286224527	1	1	294	136	2	0	+A
H11_BC95_191109_LF_LIB_consensus_vsearch	3540	T	T	430	6	1.37%	2	2	93	93	0.015356841341651906	1	1	298	132	1	5	C
H11_BC95_191109_LF_LIB_consensus_vsearch	3541	T	*/-GG	420	8	1.83%	2	1	93	93	0.003779448151948946	1	1	285	135	8	0	-GG
H11_BC95_191109_LF_LIB_consensus_vsearch	3542	G	G	422	1	0.24%	2	1	93	93	0.5000000000008233	1	1	286	136	1	0	+T
H11_BC95_191109_LF_LIB_consensus_vsearch	3543	G	*/-C	383	27	6.34%	2	2	93	93	4.786817853052246E-9	1	1	251	132	23	4	-C
H11_BC95_191109_LF_LIB_consensus_vsearch	3544	C	M	389	9	2.25%	2	1	93	93	0.0018658477399051397	1	1	256	133	9	0	A
H11_BC95_191109_LF_LIB_consensus_vsearch	3545	C	Y	412	14	3.25%	2	2	93	93	5.475771402649315E-5	1	1	276	136	13	1	T
H11_BC95_191109_LF_LIB_consensus_vsearch	3546	C	Y	416	16	3.66%	2	2	93	93	1.3246346964115331E-5	1	1	281	135	15	1	T
H11_BC95_191109_LF_LIB_consensus_vsearch	3547	C	*/-G	290	99	22.6%	2	1	93	93	1.2207358969320506E-33	1	1	177	113	99	0	-G
H11_BC95_191109_LF_LIB_consensus_vsearch	3548	G	*/+A	281	33	9.73%	2	1	93	93	4.7945950074156265E-11	1	1	146	135	33	0	+A
H11_BC95_191109_LF_LIB_consensus_vsearch	3549	A	*/-G	417	7	1.64%	2	1	93	93	0.007619946437356769	1	1	281	136	7	0	-G
H11_BC95_191109_LF_LIB_consensus_vsearch	3550	G	G	419	4	0.93%	2	1	93	93	0.06205647623661182	1	1	282	137	4	0	T
H11_BC95_191109_LF_LIB_consensus_vsearch	3551	T	T	418	6	1.37%	2	2	93	93	0.015349270096337152	1	1	286	132	4	2	C
H11_BC95_191109_LF_LIB_consensus_vsearch	3552	A	*/-C	281	91	21.21%	2	2	93	93	7.518042471891286E-31	1	1	179	102	63	28	-C
H11_BC95_191109_LF_LIB_consensus_vsearch	3553	C	C	306	6	1.87%	2	1	93	93	0.015250612578900192	1	1	204	102	6	0	G
H11_BC95_191109_LF_LIB_consensus_vsearch	3554	C	Y	401	9	2.17%	2	2	93	93	0.0018683721996632116	1	1	273	128	1	8	T
H11_BC95_191109_LF_LIB_consensus_vsearch	3555	C	Y	422	10	2.3%	2	2	93	93	9.264641146701706E-4	1	1	296	126	1	9	T
H11_BC95_191109_LF_LIB_consensus_vsearch	3556	C	C	423	6	1.37%	2	1	93	93	0.015352476134252922	1	1	297	126	0	6	+T
H11_BC95_191109_LF_LIB_consensus_vsearch	3557	T	T	424	2	0.46%	2	1	93	93	0.24970622796748032	1	1	295	129	2	0	+A
H11_BC95_191109_LF_LIB_consensus_vsearch	3558	G	G	422	3	0.69%	2	1	93	93	0.12455830388715546	1	1	289	133	3	0	+T
H11_BC95_191109_LF_LIB_consensus_vsearch	3559	T	T	421	6	1.39%	2	2	93	93	0.01535120270746072	1	1	290	131	3	3	C
H11_BC95_191109_LF_LIB_consensus_vsearch	3560	T	T	424	5	1.15%	2	2	93	93	0.03088599561913487	1	1	291	133	3	2	-A
H11_BC95_191109_LF_LIB_consensus_vsearch	3561	A	A	432	0	0%	2	0	93	0	1.0	1	0	298	134	0	0	
H11_BC95_191109_LF_LIB_consensus_vsearch	3562	A	A	432	2	0.46%	2	2	93	93	0.2497116493653279	1	1	297	135	1	1	-T
H11_BC95_191109_LF_LIB_consensus_vsearch	3563	T	T	431	4	0.92%	2	2	93	93	0.06206871836935933	1	1	298	133	1	3	C
H11_BC95_191109_LF_LIB_consensus_vsearch	3564	C	C	430	5	1.14%	2	1	93	93	0.030891013414769866	1	1	293	137	5	0	-A
H11_BC95_191109_LF_LIB_consensus_vsearch	3565	A	A	423	3	0.69%	2	2	93	93	0.12455934195065375	1	1	288	135	2	1	-T
H11_BC95_191109_LF_LIB_consensus_vsearch	3566	T	T	425	6	1.39%	2	1	93	93	0.015353737770788975	1	1	290	135	6	0	G
H11_BC95_191109_LF_LIB_consensus_vsearch	3567	T	T	424	4	0.92%	2	2	93	93	0.06206166059929218	1	1	291	133	2	2	C
H11_BC95_191109_LF_LIB_consensus_vsearch	3568	A	R	407	22	5.12%	2	2	93	93	1.8088237163401124E-7	1	1	273	134	21	1	G
H11_BC95_191109_LF_LIB_consensus_vsearch	3569	C	*/-TG	409	19	4.37%	2	1	93	93	1.5550667950843015E-6	1	1	276	133	19	0	-TG
H11_BC95_191109_LF_LIB_consensus_vsearch	3570	T	T	403	5	1.21%	2	2	93	93	0.0308672718629046	1	1	269	134	4	1	C
H11_BC95_191109_LF_LIB_consensus_vsearch	3571	G	G	408	4	0.96%	2	1	93	93	0.06204462743621413	1	1	272	136	4	0	C
H11_BC95_191109_LF_LIB_consensus_vsearch	3572	C	C	433	1	0.23%	2	1	93	93	0.4999999999999138	1	1	298	135	0	1	T
H11_BC95_191109_LF_LIB_consensus_vsearch	3573	A	A	428	2	0.46%	2	1	93	93	0.24970896391120487	1	1	296	132	0	2	+C
H11_BC95_191109_LF_LIB_consensus_vsearch	3574	T	T	432	1	0.23%	2	1	93	93	0.5000000000008233	1	1	299	133	0	1	+G
H11_BC95_191109_LF_LIB_consensus_vsearch	3575	C	C	431	3	0.69%	2	1	93	93	0.12456747404820136	1	1	297	134	3	0	-GTC
H11_BC95_191109_LF_LIB_consensus_vsearch	3576	G	G	427	3	0.69%	2	1	93	93	0.12456344586746677	1	1	294	133	3	0	A
H11_BC95_191109_LF_LIB_consensus_vsearch	3577	T	T	430	2	0.46%	2	2	93	93	0.24971031286224527	1	1	297	133	1	1	C
H11_BC95_191109_LF_LIB_consensus_vsearch	3578	C	C	419	5	1.15%	2	2	93	93	0.03088170570687224	1	1	294	125	1	4	+T
H11_BC95_191109_LF_LIB_consensus_vsearch	3579	T	T	428	5	1.15%	2	2	93	93	0.030889356258247617	1	1	298	130	3	2	C
H11_BC95_191109_LF_LIB_consensus_vsearch	3580	T	T	435	3	0.68%	2	2	93	93	0.12457142857152662	1	1	300	135	1	2	C
H11_BC95_191109_LF_LIB_consensus_vsearch	3581	T	T	429	5	1.14%	2	1	93	93	0.030890186744528703	1	1	292	137	5	0	-A
H11_BC95_191109_LF_LIB_consensus_vsearch	3582	A	A	427	2	0.46%	2	1	93	93	0.24970828471410914	1	1	291	136	2	0	+CA
H11_BC95_191109_LF_LIB_consensus_vsearch	3583	A	A	426	6	1.37%	2	1	93	93	0.015354364218716944	1	1	293	133	6	0	G
H11_BC95_191109_LF_LIB_consensus_vsearch	3584	C	C	424	6	1.37%	2	1	93	93	0.015353108416041601	1	1	294	130	6	0	G
H11_BC95_191109_LF_LIB_consensus_vsearch	3585	C	C	432	3	0.68%	2	2	93	93	0.12456846950514457	1	1	300	132	1	2	T
H11_BC95_191109_LF_LIB_consensus_vsearch	3586	A	A	431	4	0.92%	2	2	93	93	0.06206871836935933	1	1	297	134	2	2	G
H11_BC95_191109_LF_LIB_consensus_vsearch	3587	A	R	419	15	3.42%	2	1	93	93	2.6984810488819573E-5	1	1	283	136	15	0	G
H11_BC95_191109_LF_LIB_consensus_vsearch	3588	C	C	431	6	1.37%	2	1	93	93	0.015357453553398438	1	1	300	131	0	6	+A
H11_BC95_191109_LF_LIB_consensus_vsearch	3589	A	A	433	3	0.69%	2	2	93	93	0.12456946039042152	1	1	298	135	2	1	G
H11_BC95_191109_LF_LIB_consensus_vsearch	3590	A	A	423	6	1.37%	2	2	93	93	0.015352476134252922	1	1	291	132	5	1	G
H11_BC95_191109_LF_LIB_consensus_vsearch	3591	C	*/-A	410	15	3.46%	2	1	93	93	2.691337414475154E-5	1	1	277	133	15	0	-A
H11_BC95_191109_LF_LIB_consensus_vsearch	3592	A	A	415	1	0.24%	2	1	93	93	0.4999999999990043	1	1	284	131	0	1	+TCA
H11_BC95_191109_LF_LIB_consensus_vsearch	3593	A	A	425	3	0.69%	2	1	93	93	0.12456140350894482	1	1	293	132	3	0	-G
H11_BC95_191109_LF_LIB_consensus_vsearch	3594	G	G	432	1	0.23%	2	1	93	93	0.5000000000008233	1	1	296	136	1	0	-A
H11_BC95_191109_LF_LIB_consensus_vsearch	3595	A	A	428	4	0.92%	2	1	93	93	0.06206572163388339	1	1	294	134	4	0	G
H11_BC95_191109_LF_LIB_consensus_vsearch	3596	C	C	427	5	1.15%	2	2	93	93	0.03088852192937873	1	1	295	132	1	4	T
H11_BC95_191109_LF_LIB_consensus_vsearch	3597	G	G	431	2	0.46%	2	2	93	93	0.24971098265883573	1	1	295	136	1	1	-C
H11_BC95_191109_LF_LIB_consensus_vsearch	3598	C	C	419	5	1.15%	2	1	93	93	0.03088170570687224	1	1	286	133	5	0	+TT
H11_BC95_191109_LF_LIB_consensus_vsearch	3599	T	T	428	4	0.92%	2	2	93	93	0.06206572163388339	1	1	296	132	2	2	C
H11_BC95_191109_LF_LIB_consensus_vsearch	3600	G	G	428	2	0.46%	2	2	93	93	0.24970896391120487	1	1	295	133	1	1	-C
H11_BC95_191109_LF_LIB_consensus_vsearch	3601	C	C	424	6	1.39%	2	1	93	93	0.015353108416041601	1	1	297	127	0	6	T
H11_BC95_191109_LF_LIB_consensus_vsearch	3602	G	R	418	11	2.53%	2	1	93	93	4.575989670126341E-4	1	1	286	132	11	0	A
H11_BC95_191109_LF_LIB_consensus_vsearch	3603	G	G	435	2	0.46%	2	1	93	93	0.24971363115699957	1	1	299	136	2	0	A
H11_BC95_191109_LF_LIB_consensus_vsearch	3604	T	*/-C	413	20	4.58%	2	1	93	93	7.619255358760037E-7	1	1	279	134	20	0	-C
H11_BC95_191109_LF_LIB_consensus_vsearch	3605	C	C	411	4	0.96%	2	1	93	93	0.062047921258237874	1	1	275	136	4	0	+AG
H11_BC95_191109_LF_LIB_consensus_vsearch	3606	C	C	426	5	1.14%	2	1	93	93	0.0308876837313223	1	1	289	137	5	0	-AT
H11_BC95_191109_LF_LIB_consensus_vsearch	3607	A	R	418	8	1.85%	2	1	93	93	0.003778857437644956	1	1	282	136	8	0	G
H11_BC95_191109_LF_LIB_consensus_vsearch	3608	T	*/+A	416	7	1.62%	2	1	93	93	0.007619493408432325	1	1	281	135	7	0	+A
H11_BC95_191109_LF_LIB_consensus_vsearch	3609	G	R	414	19	4.36%	2	1	93	93	1.5588186688080025E-6	1	1	278	136	19	0	A
H11_BC95_191109_LF_LIB_consensus_vsearch	3610	T	*/-GT	405	12	2.76%	2	2	93	93	2.2531482582750418E-4	1	1	274	131	8	4	-GT
H11_BC95_191109_LF_LIB_consensus_vsearch	3611	G	R	396	7	1.67%	2	2	93	93	0.007609963086240239	1	1	266	130	6	1	A
H11_BC95_191109_LF_LIB_consensus_vsearch	3612	T	T	404	6	1.44%	2	1	93	93	0.015339878224793468	1	1	274	130	6	0	+GT
H11_BC95_191109_LF_LIB_consensus_vsearch	3613	T	T	424	4	0.92%	2	1	93	93	0.06206166059929218	1	1	289	135	4	0	-ATT
H11_BC95_191109_LF_LIB_consensus_vsearch	3614	A	A	424	3	0.7%	2	2	93	93	0.12456037514670402	1	1	290	134	1	2	G
H11_BC95_191109_LF_LIB_consensus_vsearch	3615	T	T	421	5	1.16%	2	1	93	93	0.030883433748668913	1	1	291	130	0	5	+C
H11_BC95_191109_LF_LIB_consensus_vsearch	3616	T	*/-C	421	8	1.85%	2	2	93	93	0.0037797414596765903	1	1	287	134	6	2	-C
H11_BC95_191109_LF_LIB_consensus_vsearch	3617	C	C	426	1	0.23%	2	1	93	93	0.4999999999999138	1	1	291	135	1	0	A
H11_BC95_191109_LF_LIB_consensus_vsearch	3618	C	C	431	2	0.46%	2	1	93	93	0.24971098265883573	1	1	297	134	0	2	T
H11_BC95_191109_LF_LIB_consensus_vsearch	3619	A	A	428	5	1.15%	2	1	93	93	0.030889356258247617	1	1	293	135	5	0	G
H11_BC95_191109_LF_LIB_consensus_vsearch	3620	T	T	428	3	0.69%	2	2	93	93	0.12456445993035366	1	1	295	133	1	2	C
H11_BC95_191109_LF_LIB_consensus_vsearch	3621	G	G	423	6	1.37%	2	2	93	93	0.015352476134252922	1	1	287	136	5	1	A
H11_BC95_191109_LF_LIB_consensus_vsearch	3622	C	C	428	2	0.46%	2	1	93	93	0.24970896391120487	1	1	294	134	2	0	+T
H11_BC95_191109_LF_LIB_consensus_vsearch	3623	T	Y	422	7	1.61%	2	2	93	93	0.007622180052576428	1	1	295	127	2	5	C
H11_BC95_191109_LF_LIB_consensus_vsearch	3624	A	A	432	1	0.23%	2	1	93	93	0.5000000000008233	1	1	299	133	0	1	C
H11_BC95_191109_LF_LIB_consensus_vsearch	3625	A	A	427	4	0.92%	2	1	93	93	0.06206471344608787	1	1	295	132	4	0	G
H11_BC95_191109_LF_LIB_consensus_vsearch	3626	T	T	427	3	0.69%	2	1	93	93	0.12456344586746677	1	1	294	133	3	0	+A
H11_BC95_191109_LF_LIB_consensus_vsearch	3627	A	A	429	3	0.69%	2	2	93	93	0.12456546929309553	1	1	296	133	1	2	C
H11_BC95_191109_LF_LIB_consensus_vsearch	3628	G	G	432	4	0.92%	2	1	93	93	0.06206970811168755	1	1	296	136	4	0	-A
H11_BC95_191109_LF_LIB_consensus_vsearch	3629	A	A	426	4	0.92%	2	2	93	93	0.06206370056623179	1	1	293	133	1	3	-T
H11_BC95_191109_LF_LIB_consensus_vsearch	3630	T	T	431	2	0.46%	2	1	93	93	0.24971098265883573	1	1	298	133	2	0	G
H11_BC95_191109_LF_LIB_consensus_vsearch	3631	T	*/-C	422	8	1.83%	2	2	93	93	0.003780033413733114	1	1	291	131	6	2	-C
H11_BC95_191109_LF_LIB_consensus_vsearch	3632	C	C	429	1	0.23%	2	1	93	93	0.4999999999999138	1	1	294	135	1	0	+A
H11_BC95_191109_LF_LIB_consensus_vsearch	3633	C	C	426	6	1.37%	2	1	93	93	0.015354364218716944	1	1	300	126	0	6	-G
H11_BC95_191109_LF_LIB_consensus_vsearch	3634	G	G	424	4	0.93%	2	1	93	93	0.06206166059929218	1	1	295	129	4	0	A
H11_BC95_191109_LF_LIB_consensus_vsearch	3635	G	G	432	3	0.69%	2	1	93	93	0.12456846950514457	1	1	297	135	3	0	A
H11_BC95_191109_LF_LIB_consensus_vsearch	3636	C	C	429	2	0.46%	2	1	93	93	0.2497096399537788	1	1	297	132	0	2	-A
H11_BC95_191109_LF_LIB_consensus_vsearch	3637	A	A	431	2	0.46%	2	1	93	93	0.24971098265883573	1	1	297	134	2	0	G
H11_BC95_191109_LF_LIB_consensus_vsearch	3638	A	R	422	12	2.75%	2	2	93	93	2.2603374744065776E-4	1	1	288	134	11	1	G
H11_BC95_191109_LF_LIB_consensus_vsearch	3639	C	Y	412	7	1.61%	2	2	93	93	0.007617659773976637	1	1	280	132	5	2	T
H11_BC95_191109_LF_LIB_consensus_vsearch	3640	A	A	427	5	1.15%	2	2	93	93	0.03088852192937873	1	1	293	134	4	1	G
H11_BC95_191109_LF_LIB_consensus_vsearch	3641	T	*/-G	417	10	2.3%	2	1	93	93	9.258865234089794E-4	1	1	283	134	10	0	-G
H11_BC95_191109_LF_LIB_consensus_vsearch	3642	G	*/-TG	413	10	2.34%	2	2	93	93	9.254147741675464E-4	1	1	282	131	4	6	-TG
H11_BC95_191109_LF_LIB_consensus_vsearch	3643	T	T	423	3	0.7%	2	1	93	93	0.12455934195065375	1	1	296	127	0	3	C
H11_BC95_191109_LF_LIB_consensus_vsearch	3644	G	R	406	10	2.35%	2	2	93	93	9.245677335648258E-4	1	1	280	126	8	2	A
H11_BC95_191109_LF_LIB_consensus_vsearch	3645	C	C	427	1	0.23%	2	1	93	93	0.4999999999990043	1	1	293	134	1	0	+TT
H11_BC95_191109_LF_LIB_consensus_vsearch	3646	C	C	418	6	1.38%	2	2	93	93	0.015349270096337152	1	1	287	131	3	3	-T
H11_BC95_191109_LF_LIB_consensus_vsearch	3647	T	T	422	4	0.93%	2	2	93	93	0.062059601466603075	1	1	294	128	1	3	C
H11_BC95_191109_LF_LIB_consensus_vsearch	3648	G	G	426	4	0.92%	2	1	93	93	0.06206370056623179	1	1	295	131	0	4	+C
H11_BC95_191109_LF_LIB_consensus_vsearch	3649	C	C	427	2	0.46%	2	2	93	93	0.24970828471410914	1	1	293	134	1	1	+A
H11_BC95_191109_LF_LIB_consensus_vsearch	3650	C	C	426	5	1.15%	2	1	93	93	0.0308876837313223	1	1	297	129	0	5	+T
H11_BC95_191109_LF_LIB_consensus_vsearch	3651	T	T	422	6	1.38%	2	2	93	93	0.015351840904982691	1	1	291	131	2	4	C
H11_BC95_191109_LF_LIB_consensus_vsearch	3652	C	C	425	3	0.69%	2	1	93	93	0.12456140350894482	1	1	294	131	0	3	+T
H11_BC95_191109_LF_LIB_consensus_vsearch	3653	A	R	420	9	2.07%	2	2	93	93	0.0018720837112055043	1	1	284	136	8	1	G
H11_BC95_191109_LF_LIB_consensus_vsearch	3654	T	T	431	6	1.37%	2	2	93	93	0.015357453553398438	1	1	296	135	4	2	C
H11_BC95_191109_LF_LIB_consensus_vsearch	3655	G	R	423	9	2.05%	2	1	93	93	0.0018726402317850155	1	1	286	137	9	0	A
H11_BC95_191109_LF_LIB_consensus_vsearch	3656	C	C	430	3	0.68%	2	1	93	93	0.12456647398843287	1	1	294	136	3	0	-GC
H11_BC95_191109_LF_LIB_consensus_vsearch	3657	G	*/+C	412	18	4.16%	2	1	93	93	3.181160118823801E-6	1	1	296	116	0	18	+C
H11_BC95_191109_LF_LIB_consensus_vsearch	3658	C	*/+T	421	11	2.53%	2	1	93	93	4.5780779436953333E-4	1	1	297	124	0	11	+T
H11_BC95_191109_LF_LIB_consensus_vsearch	3659	T	*/-C	420	11	2.52%	2	1	93	93	4.5773850170834535E-4	1	1	298	122	0	11	-C
H11_BC95_191109_LF_LIB_consensus_vsearch	3660	C	*/-TC	410	11	2.58%	2	2	93	93	4.570278461449636E-4	1	1	296	114	5	6	-TC
H11_BC95_191109_LF_LIB_consensus_vsearch	3661	T	T	420	6	1.41%	2	2	93	93	0.01535056152092204	1	1	291	129	5	1	C
H11_BC95_191109_LF_LIB_consensus_vsearch	3662	C	C	422	2	0.47%	2	1	93	93	0.2497048406136616	1	1	292	130	2	0	+TC
H11_BC95_191109_LF_LIB_consensus_vsearch	3663	A	*/+T	416	11	2.52%	2	1	93	93	4.574581519691363E-4	1	1	280	136	11	0	+T
H11_BC95_191109_LF_LIB_consensus_vsearch	3664	T	T	427	1	0.23%	2	1	93	93	0.4999999999990043	1	1	291	136	1	0	A
H11_BC95_191109_LF_LIB_consensus_vsearch	3665	T	T	432	1	0.23%	2	1	93	93	0.5000000000008233	1	1	297	135	0	1	+A
H11_BC95_191109_LF_LIB_consensus_vsearch	3666	T	T	432	1	0.23%	2	1	93	93	0.5000000000008233	1	1	296	136	1	0	+C
H11_BC95_191109_LF_LIB_consensus_vsearch	3667	G	G	429	1	0.23%	2	1	93	93	0.4999999999999138	1	1	296	133	1	0	+A
H11_BC95_191109_LF_LIB_consensus_vsearch	3668	T	T	432	3	0.69%	2	2	93	93	0.12456846950514457	1	1	299	133	2	1	C
H11_BC95_191109_LF_LIB_consensus_vsearch	3669	T	*/+C	425	8	1.83%	2	1	93	93	0.0037809012469126957	1	1	292	133	8	0	+C
H11_BC95_191109_LF_LIB_consensus_vsearch	3670	C	*/-G	407	25	5.72%	2	2	93	93	2.0846376783924682E-8	1	1	273	134	24	1	-G
H11_BC95_191109_LF_LIB_consensus_vsearch	3671	G	*/-AG	375	20	4.84%	2	1	93	93	7.452374517509915E-7	1	1	239	136	20	0	-AG
H11_BC95_191109_LF_LIB_consensus_vsearch	3672	A	*/-G	384	10	2.49%	2	1	93	93	9.217129834227815E-4	1	1	248	136	10	0	-G
H11_BC95_191109_LF_LIB_consensus_vsearch	3673	G	R	390	9	2.21%	2	1	93	93	0.0018660638404102402	1	1	258	132	9	0	A
H11_BC95_191109_LF_LIB_consensus_vsearch	3674	G	K	425	8	1.83%	2	1	93	93	0.0037809012469126957	1	1	290	135	8	0	T
H11_BC95_191109_LF_LIB_consensus_vsearch	3675	T	T	426	2	0.46%	2	1	93	93	0.2497076023388982	1	1	299	127	0	2	+G
H11_BC95_191109_LF_LIB_consensus_vsearch	3676	A	*/+T	408	9	2.06%	2	2	93	93	0.0018697784886581234	1	1	296	112	2	7	+T
H11_BC95_191109_LF_LIB_consensus_vsearch	3677	T	Y	418	7	1.62%	2	1	93	93	0.007620397344640596	1	1	301	117	0	7	C
H11_BC95_191109_LF_LIB_consensus_vsearch	3678	T	*/-C	408	11	2.52%	2	2	93	93	4.5688172943049915E-4	1	1	293	115	1	10	-C
H11_BC95_191109_LF_LIB_consensus_vsearch	3679	C	*/-G	415	7	1.64%	2	2	93	93	0.007619038242851565	1	1	297	118	1	6	-G
H11_BC95_191109_LF_LIB_consensus_vsearch	3680	G	G	420	4	0.93%	2	2	93	93	0.062057522896676466	1	1	294	126	1	3	-T
H11_BC95_191109_LF_LIB_consensus_vsearch	3681	T	T	416	6	1.4%	2	1	93	93	0.015347966460357092	1	1	294	122	0	6	A
H11_BC95_191109_LF_LIB_consensus_vsearch	3682	G	G	427	3	0.7%	2	1	93	93	0.12456344586746677	1	1	298	129	0	3	C
H11_BC95_191109_LF_LIB_consensus_vsearch	3683	A	*/-C	428	7	1.6%	2	1	93	93	0.007624792930600719	1	1	291	137	7	0	-C
H11_BC95_191109_LF_LIB_consensus_vsearch	3684	C	C	425	2	0.47%	2	2	93	93	0.24970691676425003	1	1	289	136	1	1	T
H11_BC95_191109_LF_LIB_consensus_vsearch	3685	C	*/-G	411	14	3.21%	2	2	93	93	5.474350555951183E-5	1	1	284	127	11	3	-G
H11_BC95_191109_LF_LIB_consensus_vsearch	3686	G	R	407	8	1.91%	2	1	93	93	0.0037755075508262973	1	1	278	129	8	0	A
H11_BC95_191109_LF_LIB_consensus_vsearch	3687	G	G	429	3	0.69%	2	1	93	93	0.12456546929309553	1	1	296	133	3	0	A
H11_BC95_191109_LF_LIB_consensus_vsearch	3688	G	G	430	3	0.69%	2	2	93	93	0.12456647398843287	1	1	297	133	2	1	A
H11_BC95_191109_LF_LIB_consensus_vsearch	3689	G	*/-C	414	12	2.74%	2	1	93	93	2.2570239286811238E-4	1	1	277	137	12	0	-C
H11_BC95_191109_LF_LIB_consensus_vsearch	3690	C	C	421	3	0.71%	2	1	93	93	0.12455726092075974	1	1	284	137	3	0	A
H11_BC95_191109_LF_LIB_consensus_vsearch	3691	C	*/+A	403	15	3.44%	2	1	93	93	2.6855786093403417E-5	1	1	268	135	15	0	+A
H11_BC95_191109_LF_LIB_consensus_vsearch	3692	G	*/-A	401	9	2.13%	2	2	93	93	0.0018683721996632116	1	1	269	132	8	1	-A
H11_BC95_191109_LF_LIB_consensus_vsearch	3693	A	A	411	1	0.24%	2	1	93	93	0.4999999999999138	1	1	278	133	1	0	+GA
H11_BC95_191109_LF_LIB_consensus_vsearch	3694	A	*/-G	419	9	2.1%	2	1	93	93	0.0018718964903564012	1	1	284	135	9	0	-G
H11_BC95_191109_LF_LIB_consensus_vsearch	3695	G	*/-C	403	12	2.8%	2	2	93	93	2.252264779649526E-4	1	1	270	133	8	4	-C
H11_BC95_191109_LF_LIB_consensus_vsearch	3696	C	C	423	0	0%	2	0	93	0	1.0	1	0	290	133	0	0	
H11_BC95_191109_LF_LIB_consensus_vsearch	3697	C	C	428	5	1.15%	2	1	93	93	0.030889356258247617	1	1	297	131	0	5	T
H11_BC95_191109_LF_LIB_consensus_vsearch	3698	C	*/-AC	398	33	7.55%	2	2	93	93	6.158839402062339E-11	1	1	267	131	30	3	-AC
H11_BC95_191109_LF_LIB_consensus_vsearch	3699	A	A	391	2	0.5%	2	1	93	93	0.24968152866242077	1	1	263	128	0	2	+T
H11_BC95_191109_LF_LIB_consensus_vsearch	3700	C	Y	370	8	2.01%	2	2	93	93	0.003762821512880718	1	1	258	112	2	6	T
H11_BC95_191109_LF_LIB_consensus_vsearch	3701	G	K	414	8	1.86%	2	2	93	93	0.00377765934383424	1	1	291	123	1	7	T
H11_BC95_191109_LF_LIB_consensus_vsearch	3702	G	G	417	6	1.38%	2	2	93	93	0.015348619815559206	1	1	291	126	1	5	-CCA
H11_BC95_191109_LF_LIB_consensus_vsearch	3703	C	Y	412	11	2.56%	2	1	93	93	4.571726097283556E-4	1	1	295	117	0	11	T
H11_BC95_191109_LF_LIB_consensus_vsearch	3704	C	*/+G	385	19	4.41%	2	1	93	93	1.5358771066795427E-6	1	1	266	119	19	0	+G
H11_BC95_191109_LF_LIB_consensus_vsearch	3705	A	*/-T	384	24	5.76%	2	2	93	93	4.207348048396114E-8	1	1	267	117	15	9	-T
H11_BC95_191109_LF_LIB_consensus_vsearch	3706	T	K	390	17	4.16%	2	1	93	93	6.4331446822125955E-6	1	1	268	122	17	0	G
H11_BC95_191109_LF_LIB_consensus_vsearch	3707	T	*/-A	387	12	2.77%	2	1	93	93	2.2448869655710964E-4	1	1	267	120	12	0	-A
H11_BC95_191109_LF_LIB_consensus_vsearch	3708	A	*/-G	306	51	12.11%	2	2	93	93	6.487999819133712E-17	1	1	239	67	6	45	-G
H11_BC95_191109_LF_LIB_consensus_vsearch	3709	G	G	370	5	1.32%	2	1	93	93	0.03083361483319147	1	1	286	84	5	0	+AG
H11_BC95_191109_LF_LIB_consensus_vsearch	3710	G	*/+A	381	37	8.56%	2	1	93	93	3.1621923443335535E-12	1	1	254	127	37	0	+A
H11_BC95_191109_LF_LIB_consensus_vsearch	3711	G	R	420	7	1.61%	2	1	93	93	0.007621292853586086	1	1	286	134	7	0	A
H11_BC95_191109_LF_LIB_consensus_vsearch	3712	C	C	428	3	0.69%	2	2	93	93	0.12456445993035366	1	1	295	133	2	1	-GC
H11_BC95_191109_LF_LIB_consensus_vsearch	3713	G	R	422	8	1.84%	2	1	93	93	0.003780033413733114	1	1	287	135	8	0	A
H11_BC95_191109_LF_LIB_consensus_vsearch	3714	C	C	423	5	1.15%	2	1	93	93	0.030885145650365813	1	1	289	134	5	0	T
H11_BC95_191109_LF_LIB_consensus_vsearch	3715	C	Y	416	10	2.29%	2	2	93	93	9.257694036262042E-4	1	1	290	126	4	6	T
H11_BC95_191109_LF_LIB_consensus_vsearch	3716	G	R	411	18	4.14%	2	1	93	93	3.1797854475104E-6	1	1	278	133	18	0	A
H11_BC95_191109_LF_LIB_consensus_vsearch	3717	G	R	402	22	5.02%	2	1	93	93	1.8027881430254848E-7	1	1	266	136	22	0	A
H11_BC95_191109_LF_LIB_consensus_vsearch	3718	C	C	426	2	0.47%	2	2	93	93	0.2497076023388982	1	1	291	135	1	1	T
H11_BC95_191109_LF_LIB_consensus_vsearch	3719	C	*/-G	421	7	1.6%	2	2	93	93	0.007621737484585097	1	1	291	130	2	5	-G
H11_BC95_191109_LF_LIB_consensus_vsearch	3720	G	G	419	4	0.93%	2	1	93	93	0.06205647623661182	1	1	287	132	4	0	A
H11_BC95_191109_LF_LIB_consensus_vsearch	3721	G	G	418	6	1.38%	2	1	93	93	0.015349270096337152	1	1	282	136	6	0	A
H11_BC95_191109_LF_LIB_consensus_vsearch	3722	C	*/+G	381	34	7.89%	2	1	93	93	2.8774168237081386E-11	1	1	251	130	34	0	+G
H11_BC95_191109_LF_LIB_consensus_vsearch	3723	A	*/-G	396	21	4.9%	2	1	93	93	3.683391097348076E-7	1	1	265	131	21	0	-G
H11_BC95_191109_LF_LIB_consensus_vsearch	3724	G	*/+A	386	15	3.61%	2	1	93	93	2.6707970567795604E-5	1	1	252	134	15	0	+A
H11_BC95_191109_LF_LIB_consensus_vsearch	3725	T	*/-C	401	24	5.54%	2	2	93	93	4.2680850029240446E-8	1	1	267	134	23	1	-C
H11_BC95_191109_LF_LIB_consensus_vsearch	3726	C	C	403	4	0.98%	2	1	93	93	0.062039029761584305	1	1	269	134	4	0	+A
H11_BC95_191109_LF_LIB_consensus_vsearch	3727	C	*/-AC	407	8	1.83%	2	1	93	93	0.0037755075508262973	1	1	271	136	8	0	-AC
H11_BC95_191109_LF_LIB_consensus_vsearch	3728	A	*/+C	359	23	5.5%	2	2	93	93	8.474342957223857E-8	1	1	226	133	21	2	+C
H11_BC95_191109_LF_LIB_consensus_vsearch	3729	C	C	387	3	0.76%	2	1	93	93	0.12451861360729544	1	1	255	132	0	3	+T
H11_BC95_191109_LF_LIB_consensus_vsearch	3730	C	C	415	6	1.42%	2	1	93	93	0.01534731000890416	1	1	280	135	6	0	G
H11_BC95_191109_LF_LIB_consensus_vsearch	3731	C	S	416	10	2.31%	2	1	93	93	9.257694036262042E-4	1	1	282	134	10	0	G
H11_BC95_191109_LF_LIB_consensus_vsearch	3732	C	Y	387	25	5.72%	2	2	93	93	2.0476814016791143E-8	1	1	285	102	2	23	T
H11_BC95_191109_LF_LIB_consensus_vsearch	3733	G	*/-A	388	24	5.63%	2	1	93	93	4.222023508624068E-8	1	1	252	136	24	0	-A
H11_BC95_191109_LF_LIB_consensus_vsearch	3734	A	A	388	2	0.51%	2	1	93	93	0.2496790757377846	1	1	253	135	2	0	+GA
H11_BC95_191109_LF_LIB_consensus_vsearch	3735	A	*/-G	383	33	7.71%	2	2	93	93	6.013365674870774E-11	1	1	248	135	31	2	-G
H11_BC95_191109_LF_LIB_consensus_vsearch	3736	G	G	383	4	1.02%	2	1	93	93	0.06201519170852023	1	1	250	133	4	0	+A
H11_BC95_191109_LF_LIB_consensus_vsearch	3737	G	R	412	7	1.64%	2	1	93	93	0.007617659773976637	1	1	278	134	7	0	A
H11_BC95_191109_LF_LIB_consensus_vsearch	3738	G	G	429	5	1.14%	2	1	93	93	0.030890186744528703	1	1	294	135	5	0	T
H11_BC95_191109_LF_LIB_consensus_vsearch	3739	T	T	428	2	0.46%	2	1	93	93	0.24970896391120487	1	1	294	134	2	0	A
H11_BC95_191109_LF_LIB_consensus_vsearch	3740	G	G	424	6	1.38%	2	2	93	93	0.015353108416041601	1	1	291	133	4	2	-C
H11_BC95_191109_LF_LIB_consensus_vsearch	3741	C	*/-T	391	17	3.94%	2	2	93	93	6.4358902227566215E-6	1	1	270	121	6	11	-T
H11_BC95_191109_LF_LIB_consensus_vsearch	3742	T	T	395	4	1%	2	2	93	93	0.06202978149183676	1	1	271	124	3	1	C
H11_BC95_191109_LF_LIB_consensus_vsearch	3743	T	Y	403	8	1.91%	2	2	93	93	0.0037742453123195243	1	1	277	126	2	6	C
H11_BC95_191109_LF_LIB_consensus_vsearch	3744	G	G	415	5	1.17%	2	2	93	93	0.03087820028111735	1	1	281	134	3	2	-C
H11_BC95_191109_LF_LIB_consensus_vsearch	3745	C	C	411	5	1.18%	2	1	93	93	0.030874627485352822	1	1	279	132	5	0	+GC
H11_BC95_191109_LF_LIB_consensus_vsearch	3746	C	Y	419	7	1.6%	2	2	93	93	0.007620846145152445	1	1	289	130	2	5	T
H11_BC95_191109_LF_LIB_consensus_vsearch	3747	A	*/-TA	411	11	2.56%	2	2	93	93	4.5710039589920393E-4	1	1	288	123	1	10	-TA
H11_BC95_191109_LF_LIB_consensus_vsearch	3748	T	*/+G	399	8	1.9%	2	1	93	93	0.003772958466097373	1	1	277	122	8	0	+G
H11_BC95_191109_LF_LIB_consensus_vsearch	3749	A	*/-G	402	13	3.09%	2	2	93	93	1.1096121102660942E-4	1	1	282	120	11	2	-G
H11_BC95_191109_LF_LIB_consensus_vsearch	3750	G	*/+A	395	22	5.19%	2	1	93	93	1.7941240769358998E-7	1	1	264	131	22	0	+A
H11_BC95_191109_LF_LIB_consensus_vsearch	3751	G	G	431	6	1.37%	2	1	93	93	0.015357453553398438	1	1	294	137	6	0	A
H11_BC95_191109_LF_LIB_consensus_vsearch	3752	C	C	436	1	0.23%	2	1	93	93	0.5000000000008233	1	1	300	136	0	1	+G
H11_BC95_191109_LF_LIB_consensus_vsearch	3753	G	G	431	5	1.14%	2	2	93	93	0.03089183629518613	1	1	296	135	3	2	-CG
H11_BC95_191109_LF_LIB_consensus_vsearch	3754	C	C	423	4	0.92%	2	1	93	93	0.06206063344550859	1	1	296	127	0	4	-G
H11_BC95_191109_LF_LIB_consensus_vsearch	3755	G	G	419	3	0.7%	2	2	93	93	0.12455516014247174	1	1	292	127	1	2	+CG
H11_BC95_191109_LF_LIB_consensus_vsearch	3756	G	*/-C	324	87	19.95%	2	2	93	93	3.947329919432405E-29	1	1	219	105	60	27	-C
H11_BC95_191109_LF_LIB_consensus_vsearch	3757	C	C	334	2	0.59%	2	1	93	93	0.24962742175848204	1	1	228	106	0	2	+T
H11_BC95_191109_LF_LIB_consensus_vsearch	3758	C	Y	415	8	1.87%	2	2	93	93	0.003777960974854116	1	1	287	128	2	6	T
H11_BC95_191109_LF_LIB_consensus_vsearch	3759	C	C	426	2	0.46%	2	1	93	93	0.2497076023388982	1	1	289	137	2	0	+TA
H11_BC95_191109_LF_LIB_consensus_vsearch	3760	C	*/-T	421	7	1.6%	2	2	93	93	0.007621737484585097	1	1	293	128	2	5	-T
H11_BC95_191109_LF_LIB_consensus_vsearch	3761	T	T	416	6	1.4%	2	1	93	93	0.015347966460357092	1	1	296	120	0	6	+G
H11_BC95_191109_LF_LIB_consensus_vsearch	3762	G	*/-A	418	12	2.76%	2	1	93	93	2.2586957161051062E-4	1	1	283	135	12	0	-A
H11_BC95_191109_LF_LIB_consensus_vsearch	3763	A	*/-G	408	8	1.88%	2	2	93	93	0.0037758193480112623	1	1	273	135	7	1	-G
H11_BC95_191109_LF_LIB_consensus_vsearch	3764	G	G	427	1	0.23%	2	1	93	93	0.4999999999990043	1	1	292	135	1	0	A
H11_BC95_191109_LF_LIB_consensus_vsearch	3765	C	Y	428	7	1.6%	2	2	93	93	0.007624792930600719	1	1	293	135	5	2	T
H11_BC95_191109_LF_LIB_consensus_vsearch	3766	A	A	428	4	0.92%	2	1	93	93	0.06206572163388339	1	1	294	134	4	0	G
H11_BC95_191109_LF_LIB_consensus_vsearch	3767	T	T	423	5	1.15%	2	1	93	93	0.030885145650365813	1	1	290	133	5	0	-C
H11_BC95_191109_LF_LIB_consensus_vsearch	3768	C	C	423	4	0.93%	2	2	93	93	0.06206063344550859	1	1	289	134	1	3	-A
H11_BC95_191109_LF_LIB_consensus_vsearch	3769	A	R	421	7	1.63%	2	2	93	93	0.007621737484585097	1	1	289	132	5	2	G
H11_BC95_191109_LF_LIB_consensus_vsearch	3770	A	R	399	30	6.93%	2	2	93	93	5.508429049614015E-10	1	1	265	134	29	1	G
H11_BC95_191109_LF_LIB_consensus_vsearch	3771	C	C	423	5	1.15%	2	2	93	93	0.030885145650365813	1	1	289	134	3	2	-T
H11_BC95_191109_LF_LIB_consensus_vsearch	3772	T	T	426	3	0.7%	2	1	93	93	0.1245624270712429	1	1	294	132	0	3	C
H11_BC95_191109_LF_LIB_consensus_vsearch	3773	A	A	420	6	1.38%	2	1	93	93	0.01535056152092204	1	1	284	136	6	0	T
H11_BC95_191109_LF_LIB_consensus_vsearch	3774	C	C	425	2	0.46%	2	1	93	93	0.24970691676425003	1	1	291	134	0	2	+AT
H11_BC95_191109_LF_LIB_consensus_vsearch	3775	G	G	432	3	0.69%	2	1	93	93	0.12456846950514457	1	1	295	137	3	0	A
H11_BC95_191109_LF_LIB_consensus_vsearch	3776	C	*/-AC	406	22	5.02%	2	1	93	93	1.8076265748958188E-7	1	1	270	136	22	0	-AC
H11_BC95_191109_LF_LIB_consensus_vsearch	3777	A	R	397	12	2.89%	2	1	93	93	2.2495639078119352E-4	1	1	265	132	12	0	G
H11_BC95_191109_LF_LIB_consensus_vsearch	3778	C	C	412	2	0.48%	2	2	93	93	0.24969770253942364	1	1	277	135	1	1	+AC
H11_BC95_191109_LF_LIB_consensus_vsearch	3779	G	*/-T	402	23	5.26%	2	1	93	93	8.780363923938137E-8	1	1	268	134	23	0	-T
H11_BC95_191109_LF_LIB_consensus_vsearch	3780	T	Y	403	7	1.7%	2	2	93	93	0.007613403934674614	1	1	275	128	1	6	C
H11_BC95_191109_LF_LIB_consensus_vsearch	3781	T	T	433	2	0.46%	2	1	93	93	0.2497123130030455	1	1	298	135	2	0	C
H11_BC95_191109_LF_LIB_consensus_vsearch	3782	T	T	435	1	0.23%	2	1	93	93	0.5000000000008233	1	1	299	136	1	0	+CC
H11_BC95_191109_LF_LIB_consensus_vsearch	3783	T	*/-A	423	9	2.05%	2	2	93	93	0.0018726402317850155	1	1	290	133	8	1	-A
H11_BC95_191109_LF_LIB_consensus_vsearch	3784	A	A	424	2	0.47%	2	1	93	93	0.24970622796748032	1	1	290	134	2	0	+GC
H11_BC95_191109_LF_LIB_consensus_vsearch	3785	A	R	408	22	5.02%	2	2	93	93	1.8100159322079772E-7	1	1	280	128	20	2	G
H11_BC95_191109_LF_LIB_consensus_vsearch	3786	C	C	422	6	1.38%	2	2	93	93	0.015351840904982691	1	1	292	130	4	2	-T
H11_BC95_191109_LF_LIB_consensus_vsearch	3787	T	Y	406	16	3.72%	2	2	93	93	1.3201193045766802E-5	1	1	291	115	4	12	C
H11_BC95_191109_LF_LIB_consensus_vsearch	3788	G	G	431	3	0.69%	2	2	93	93	0.12456747404820136	1	1	298	133	2	1	A
H11_BC95_191109_LF_LIB_consensus_vsearch	3789	C	*/+A	413	10	2.29%	2	1	93	93	9.254147741675464E-4	1	1	295	118	0	10	+A
H11_BC95_191109_LF_LIB_consensus_vsearch	3790	A	A	435	1	0.23%	2	1	93	93	0.5000000000008233	1	1	298	137	1	0	G
H11_BC95_191109_LF_LIB_consensus_vsearch	3791	A	R	407	25	5.73%	2	1	93	93	2.0846376783924682E-8	1	1	271	136	25	0	G
H11_BC95_191109_LF_LIB_consensus_vsearch	3792	C	Y	410	20	4.57%	2	2	93	93	7.607053660813915E-7	1	1	293	117	3	17	T
H11_BC95_191109_LF_LIB_consensus_vsearch	3793	A	A	431	2	0.46%	2	1	93	93	0.24971098265883573	1	1	297	134	2	0	G
H11_BC95_191109_LF_LIB_consensus_vsearch	3794	A	*/-C	411	8	1.83%	2	2	93	93	0.003776745880714396	1	1	291	120	2	6	-C
H11_BC95_191109_LF_LIB_consensus_vsearch	3795	C	*/-T	408	10	2.33%	2	2	93	93	9.248125937902505E-4	1	1	290	118	2	8	-T
H11_BC95_191109_LF_LIB_consensus_vsearch	3796	T	T	409	6	1.41%	2	1	93	93	0.015343305027818941	1	1	287	122	6	0	+C
H11_BC95_191109_LF_LIB_consensus_vsearch	3797	C	C	421	2	0.46%	2	1	93	93	0.24970414201215435	1	1	293	128	0	2	+TC
H11_BC95_191109_LF_LIB_consensus_vsearch	3798	A	*/-CA	398	18	4.16%	2	2	93	93	3.1613578398884575E-6	1	1	277	121	14	4	-CA
H11_BC95_191109_LF_LIB_consensus_vsearch	3799	C	C	405	3	0.73%	2	2	93	93	0.1245398773006808	1	1	279	126	2	1	T
H11_BC95_191109_LF_LIB_consensus_vsearch	3800	A	A	401	4	0.97%	2	1	93	93	0.06203675196794108	1	1	275	126	4	0	T
H11_BC95_191109_LF_LIB_consensus_vsearch	3801	T	T	424	2	0.46%	2	1	93	93	0.24970622796748032	1	1	292	132	2	0	+A
H11_BC95_191109_LF_LIB_consensus_vsearch	3802	A	*/-TA	397	26	6.03%	2	2	93	93	1.0026941159264209E-8	1	1	272	125	20	6	-TA
H11_BC95_191109_LF_LIB_consensus_vsearch	3803	T	T	398	4	0.98%	2	1	93	93	0.06203329275530562	1	1	270	128	4	0	C
H11_BC95_191109_LF_LIB_consensus_vsearch	3804	A	R	386	9	2.21%	2	2	93	93	0.0018651929543866046	1	1	261	125	8	1	G
H11_BC95_191109_LF_LIB_consensus_vsearch	3805	C	C	425	3	0.69%	2	1	93	93	0.12456140350894482	1	1	293	132	3	0	-G
H11_BC95_191109_LF_LIB_consensus_vsearch	3806	G	G	425	2	0.46%	2	1	93	93	0.24970691676425003	1	1	294	131	0	2	+C
H11_BC95_191109_LF_LIB_consensus_vsearch	3807	C	*/-T	423	8	1.84%	2	2	93	93	0.003780324023462628	1	1	296	127	1	7	-T
H11_BC95_191109_LF_LIB_consensus_vsearch	3808	T	T	423	4	0.93%	2	2	93	93	0.06206063344550859	1	1	296	127	2	2	C
H11_BC95_191109_LF_LIB_consensus_vsearch	3809	C	C	427	5	1.15%	2	2	93	93	0.03088852192937873	1	1	294	133	4	1	+A
H11_BC95_191109_LF_LIB_consensus_vsearch	3810	G	G	426	3	0.69%	2	1	93	93	0.1245624270712429	1	1	294	132	3	0	A
H11_BC95_191109_LF_LIB_consensus_vsearch	3811	T	T	424	4	0.92%	2	2	93	93	0.06206166059929218	1	1	295	129	2	2	-G
H11_BC95_191109_LF_LIB_consensus_vsearch	3812	G	G	428	2	0.46%	2	1	93	93	0.24970896391120487	1	1	296	132	2	0	A
H11_BC95_191109_LF_LIB_consensus_vsearch	3813	G	*/-A	423	12	2.75%	2	2	93	93	2.2607433164831964E-4	1	1	289	134	11	1	-A
H11_BC95_191109_LF_LIB_consensus_vsearch	3814	A	A	419	3	0.71%	2	1	93	93	0.12455516014247174	1	1	285	134	3	0	-G
H11_BC95_191109_LF_LIB_consensus_vsearch	3815	G	G	429	1	0.23%	2	1	93	93	0.4999999999999138	1	1	298	131	0	1	+AG
H11_BC95_191109_LF_LIB_consensus_vsearch	3816	C	C	428	4	0.92%	2	1	93	93	0.06206572163388339	1	1	300	128	0	4	T
H11_BC95_191109_LF_LIB_consensus_vsearch	3817	T	T	422	5	1.15%	2	2	93	93	0.030884291702852337	1	1	297	125	1	4	+G
H11_BC95_191109_LF_LIB_consensus_vsearch	3818	G	G	430	1	0.23%	2	1	93	93	0.4999999999990043	1	1	299	131	1	0	A
H11_BC95_191109_LF_LIB_consensus_vsearch	3819	G	*/-A	426	9	2.06%	2	2	93	93	0.001873189162106254	1	1	294	132	7	2	-A
H11_BC95_191109_LF_LIB_consensus_vsearch	3820	A	A	426	3	0.7%	2	1	93	93	0.1245624270712429	1	1	291	135	3	0	G
H11_BC95_191109_LF_LIB_consensus_vsearch	3821	A	A	424	6	1.37%	2	2	93	93	0.015353108416041601	1	1	294	130	1	5	-T
H11_BC95_191109_LF_LIB_consensus_vsearch	3822	T	T	424	4	0.93%	2	2	93	93	0.06206166059929218	1	1	295	129	1	3	C
H11_BC95_191109_LF_LIB_consensus_vsearch	3823	T	T	435	1	0.23%	2	1	93	93	0.5000000000008233	1	1	300	135	0	1	+A
H11_BC95_191109_LF_LIB_consensus_vsearch	3824	A	A	423	6	1.37%	2	2	93	93	0.015352476134252922	1	1	290	133	5	1	-C
H11_BC95_191109_LF_LIB_consensus_vsearch	3825	C	C	418	2	0.47%	2	1	93	93	0.24970202622115176	1	1	289	129	2	0	+AC
H11_BC95_191109_LF_LIB_consensus_vsearch	3826	C	Y	418	8	1.85%	2	2	93	93	0.003778857437644956	1	1	292	126	2	6	T
H11_BC95_191109_LF_LIB_consensus_vsearch	3827	G	R	419	8	1.85%	2	1	93	93	0.0037791534811211507	1	1	286	133	8	0	A
H11_BC95_191109_LF_LIB_consensus_vsearch	3828	C	C	415	5	1.15%	2	2	93	93	0.03087820028111735	1	1	292	123	4	1	T
H11_BC95_191109_LF_LIB_consensus_vsearch	3829	G	R	419	7	1.62%	2	2	93	93	0.007620846145152445	1	1	291	128	6	1	A
H11_BC95_191109_LF_LIB_consensus_vsearch	3830	G	G	429	6	1.37%	2	2	93	93	0.015356226321811444	1	1	295	134	5	1	A
H11_BC95_191109_LF_LIB_consensus_vsearch	3831	C	C	430	4	0.92%	2	1	93	93	0.062067724063454545	1	1	300	130	0	4	T
H11_BC95_191109_LF_LIB_consensus_vsearch	3832	T	T	434	1	0.23%	2	1	93	93	0.4999999999999138	1	1	300	134	0	1	+AGAA
H11_BC95_191109_LF_LIB_consensus_vsearch	3833	G	G	431	4	0.91%	2	2	93	93	0.06206871836935933	1	1	299	132	1	3	A
H11_BC95_191109_LF_LIB_consensus_vsearch	3834	C	C	427	2	0.46%	2	1	93	93	0.24970828471410914	1	1	296	131	2	0	-TG
H11_BC95_191109_LF_LIB_consensus_vsearch	3835	T	T	414	6	1.39%	2	2	93	93	0.01534665043910028	1	1	289	125	1	5	+G
H11_BC95_191109_LF_LIB_consensus_vsearch	3836	G	G	420	2	0.47%	2	2	93	93	0.24970344009506698	1	1	289	131	1	1	+TG
H11_BC95_191109_LF_LIB_consensus_vsearch	3837	G	G	431	3	0.69%	2	2	93	93	0.12456747404820136	1	1	297	134	2	1	A
H11_BC95_191109_LF_LIB_consensus_vsearch	3838	C	*/-A	364	49	11.26%	2	1	93	93	3.91035326752161E-16	1	1	233	131	49	0	-A
H11_BC95_191109_LF_LIB_consensus_vsearch	3839	A	R	350	15	3.89%	2	1	93	93	2.635195227986554E-5	1	1	214	136	15	0	G
H11_BC95_191109_LF_LIB_consensus_vsearch	3840	C	S	364	52	12.09%	2	1	93	93	4.055800650095852E-17	1	1	230	134	52	0	G
H11_BC95_191109_LF_LIB_consensus_vsearch	3841	C	C	429	1	0.23%	2	1	93	93	0.4999999999999138	1	1	292	137	1	0	+A
H11_BC95_191109_LF_LIB_consensus_vsearch	3842	A	A	424	6	1.38%	2	2	93	93	0.015353108416041601	1	1	289	135	5	1	G
H11_BC95_191109_LF_LIB_consensus_vsearch	3843	G	G	430	2	0.46%	2	1	93	93	0.24971031286224527	1	1	294	136	2	0	-A
H11_BC95_191109_LF_LIB_consensus_vsearch	3844	A	R	423	7	1.61%	2	2	93	93	0.007622620571895094	1	1	290	133	6	1	G
H11_BC95_191109_LF_LIB_consensus_vsearch	3845	C	C	418	6	1.38%	2	1	93	93	0.015349270096337152	1	1	295	123	0	6	T
H11_BC95_191109_LF_LIB_consensus_vsearch	3846	T	T	425	5	1.15%	2	1	93	93	0.03088684163697732	1	1	296	129	0	5	+C
H11_BC95_191109_LF_LIB_consensus_vsearch	3847	T	T	422	3	0.69%	2	1	93	93	0.12455830388715546	1	1	296	126	0	3	+C
H11_BC95_191109_LF_LIB_consensus_vsearch	3848	G	*/-C	403	22	5.06%	2	2	93	93	1.8040052925584687E-7	1	1	286	117	10	12	-C
H11_BC95_191109_LF_LIB_consensus_vsearch	3849	C	*/+T	363	35	8.45%	2	1	93	93	1.3319779086582443E-11	1	1	289	74	0	35	+T
H11_BC95_191109_LF_LIB_consensus_vsearch	3850	C	Y	416	10	2.29%	2	1	93	93	9.257694036262042E-4	1	1	294	122	0	10	T
H11_BC95_191109_LF_LIB_consensus_vsearch	3851	C	C	428	4	0.92%	2	1	93	93	0.06206572163388339	1	1	294	134	4	0	-T
H11_BC95_191109_LF_LIB_consensus_vsearch	3852	T	*/-C	268	161	37.18%	2	2	93	93	2.768215940989295E-57	1	1	134	134	160	1	-C
H11_BC95_191109_LF_LIB_consensus_vsearch	3853	C	C	270	3	1.09%	2	2	93	93	0.12431192660547026	1	1	137	133	2	1	G
H11_BC95_191109_LF_LIB_consensus_vsearch	3854	C	C	433	5	1.14%	2	1	93	93	0.030893470790357477	1	1	301	132	0	5	-A
H11_BC95_191109_LF_LIB_consensus_vsearch	3855	A	A	431	1	0.23%	2	1	93	93	0.4999999999999138	1	1	300	131	1	0	G
H11_BC95_191109_LF_LIB_consensus_vsearch	3856	A	A	435	2	0.46%	2	1	93	93	0.24971363115699957	1	1	299	136	2	0	G
H11_BC95_191109_LF_LIB_consensus_vsearch	3857	T	T	427	6	1.37%	2	2	93	93	0.015354987779940706	1	1	295	132	1	5	C
H11_BC95_191109_LF_LIB_consensus_vsearch	3858	C	C	426	2	0.46%	2	1	93	93	0.2497076023388982	1	1	291	135	2	0	+A
H11_BC95_191109_LF_LIB_consensus_vsearch	3859	G	G	433	1	0.23%	2	1	93	93	0.4999999999999138	1	1	296	137	1	0	+T
H11_BC95_191109_LF_LIB_consensus_vsearch	3860	T	Y	426	11	2.52%	2	2	93	93	4.581495959366191E-4	1	1	297	129	3	8	C
H11_BC95_191109_LF_LIB_consensus_vsearch	3861	T	T	432	3	0.68%	2	1	93	93	0.12456846950514457	1	1	295	137	3	0	-G
H11_BC95_191109_LF_LIB_consensus_vsearch	3862	G	G	426	3	0.69%	2	1	93	93	0.1245624270712429	1	1	290	136	3	0	A
H11_BC95_191109_LF_LIB_consensus_vsearch	3863	C	C	426	4	0.92%	2	1	93	93	0.06206370056623179	1	1	290	136	4	0	A
H11_BC95_191109_LF_LIB_consensus_vsearch	3864	T	T	430	1	0.23%	2	1	93	93	0.4999999999990043	1	1	294	136	1	0	+A
H11_BC95_191109_LF_LIB_consensus_vsearch	3865	C	*/-A	403	28	6.42%	2	1	93	93	2.3681216879039146E-9	1	1	266	137	28	0	-A
H11_BC95_191109_LF_LIB_consensus_vsearch	3866	A	A	397	4	0.98%	2	1	93	93	0.062032128175275904	1	1	262	135	4	0	-CTCA
H11_BC95_191109_LF_LIB_consensus_vsearch	3867	C	*/-T	412	14	3.26%	2	1	93	93	5.475771402649315E-5	1	1	290	122	0	14	-T
H11_BC95_191109_LF_LIB_consensus_vsearch	3868	T	*/+C	399	7	1.67%	2	2	93	93	0.007611452190916357	1	1	285	114	6	1	+C
H11_BC95_191109_LF_LIB_consensus_vsearch	3869	C	C	422	2	0.47%	2	1	93	93	0.2497048406136616	1	1	292	130	2	0	+A
H11_BC95_191109_LF_LIB_consensus_vsearch	3870	A	A	422	6	1.39%	2	2	93	93	0.015351840904982691	1	1	290	132	4	2	G
H11_BC95_191109_LF_LIB_consensus_vsearch	3871	G	*/-A	422	14	3.2%	2	1	93	93	5.489635033716498E-5	1	1	286	136	14	0	-A
H11_BC95_191109_LF_LIB_consensus_vsearch	3872	A	R	414	8	1.89%	2	2	93	93	0.00377765934383424	1	1	278	136	7	1	G
H11_BC95_191109_LF_LIB_consensus_vsearch	3873	G	G	429	3	0.69%	2	2	93	93	0.12456546929309553	1	1	296	133	2	1	A
H11_BC95_191109_LF_LIB_consensus_vsearch	3874	C	*/+T	418	8	1.83%	2	2	93	93	0.003778857437644956	1	1	291	127	6	2	+T
H11_BC95_191109_LF_LIB_consensus_vsearch	3875	T	T	427	3	0.7%	2	2	93	93	0.12456344586746677	1	1	296	131	2	1	C
H11_BC95_191109_LF_LIB_consensus_vsearch	3876	T	T	431	3	0.69%	2	2	93	93	0.12456747404820136	1	1	296	135	1	2	C
H11_BC95_191109_LF_LIB_consensus_vsearch	3877	T	T	429	3	0.69%	2	1	93	93	0.12456546929309553	1	1	292	137	3	0	+A
H11_BC95_191109_LF_LIB_consensus_vsearch	3878	A	R	424	7	1.61%	2	1	93	93	0.007623059056742502	1	1	289	135	7	0	G
H11_BC95_191109_LF_LIB_consensus_vsearch	3879	G	G	433	2	0.46%	2	1	93	93	0.2497123130030455	1	1	296	137	2	0	+A
H11_BC95_191109_LF_LIB_consensus_vsearch	3880	A	R	425	7	1.61%	2	2	93	93	0.007623495521158642	1	1	292	133	5	2	G
H11_BC95_191109_LF_LIB_consensus_vsearch	3881	T	T	435	2	0.46%	2	1	93	93	0.24971363115699957	1	1	298	137	2	0	C
H11_BC95_191109_LF_LIB_consensus_vsearch	3882	T	*/+G	384	36	8.22%	2	1	93	93	6.648382182034946E-12	1	1	248	136	36	0	+G
H11_BC95_191109_LF_LIB_consensus_vsearch	3883	A	*/-G	388	42	9.7%	2	2	93	93	7.937788874664411E-14	1	1	263	125	32	10	-G
H11_BC95_191109_LF_LIB_consensus_vsearch	3884	G	R	371	13	3.28%	2	2	93	93	1.10095664708683E-4	1	1	245	126	12	1	A
H11_BC95_191109_LF_LIB_consensus_vsearch	3885	G	G	426	5	1.14%	2	1	93	93	0.0308876837313223	1	1	293	133	5	0	A
H11_BC95_191109_LF_LIB_consensus_vsearch	3886	C	C	433	1	0.23%	2	1	93	93	0.4999999999999138	1	1	298	135	1	0	+GC
H11_BC95_191109_LF_LIB_consensus_vsearch	3887	T	T	426	4	0.92%	2	2	93	93	0.06206370056623179	1	1	297	129	1	3	C
H11_BC95_191109_LF_LIB_consensus_vsearch	3888	C	C	431	1	0.23%	2	1	93	93	0.4999999999999138	1	1	298	133	1	0	+A
H11_BC95_191109_LF_LIB_consensus_vsearch	3889	A	A	427	4	0.91%	2	1	93	93	0.06206471344608787	1	1	295	132	4	0	G
H11_BC95_191109_LF_LIB_consensus_vsearch	3890	T	T	432	2	0.46%	2	1	93	93	0.2497116493653279	1	1	301	131	0	2	+C
H11_BC95_191109_LF_LIB_consensus_vsearch	3891	T	*/-C	328	104	23.85%	2	2	93	93	4.214524313870105E-35	1	1	195	133	102	2	-C
H11_BC95_191109_LF_LIB_consensus_vsearch	3892	C	C	327	6	1.8%	2	2	93	93	0.015274150354212531	1	1	193	134	5	1	T
H11_BC95_191109_LF_LIB_consensus_vsearch	3893	C	*/-A	396	29	6.64%	2	1	93	93	1.1361901982834166E-9	1	1	291	105	0	29	-A
H11_BC95_191109_LF_LIB_consensus_vsearch	3894	A	A	398	5	1.22%	2	1	93	93	0.030862526395586183	1	1	291	107	5	0	+G
H11_BC95_191109_LF_LIB_consensus_vsearch	3895	A	A	426	4	0.91%	2	2	93	93	0.06206370056623179	1	1	292	134	2	2	-T
H11_BC95_191109_LF_LIB_consensus_vsearch	3896	T	Y	397	32	7.41%	2	1	93	93	1.2774616796883327E-10	1	1	294	103	0	32	C
H11_BC95_191109_LF_LIB_consensus_vsearch	3897	T	*/+G	416	8	1.83%	2	1	93	93	0.003778261194268045	1	1	281	135	8	0	+G
H11_BC95_191109_LF_LIB_consensus_vsearch	3898	A	*/-G	407	14	3.23%	2	2	93	93	5.468602328051435E-5	1	1	280	127	13	1	-G
H11_BC95_191109_LF_LIB_consensus_vsearch	3899	G	G	415	5	1.18%	2	2	93	93	0.03087820028111735	1	1	280	135	4	1	A
H11_BC95_191109_LF_LIB_consensus_vsearch	3900	G	G	433	2	0.46%	2	2	93	93	0.2497123130030455	1	1	297	136	1	1	+T
H11_BC95_191109_LF_LIB_consensus_vsearch	3901	T	*/+C	426	8	1.83%	2	1	93	93	0.0037811878789100195	1	1	290	136	8	0	+C
H11_BC95_191109_LF_LIB_consensus_vsearch	3902	C	C	430	4	0.92%	2	1	93	93	0.062067724063454545	1	1	294	136	4	0	-A
H11_BC95_191109_LF_LIB_consensus_vsearch	3903	A	*/-CA	413	15	3.46%	2	1	93	93	2.693750469087132E-5	1	1	277	136	15	0	-CA
H11_BC95_191109_LF_LIB_consensus_vsearch	3904	C	*/-A	407	10	2.38%	2	1	93	93	9.246904525720687E-4	1	1	271	136	10	0	-A
H11_BC95_191109_LF_LIB_consensus_vsearch	3905	A	A	402	4	0.98%	2	2	93	93	0.06203789367157223	1	1	267	135	3	1	G
H11_BC95_191109_LF_LIB_consensus_vsearch	3906	T	K	420	11	2.53%	2	1	93	93	4.5773850170834535E-4	1	1	287	133	11	0	G
H11_BC95_191109_LF_LIB_consensus_vsearch	3907	T	T	436	1	0.23%	2	1	93	93	0.5000000000008233	1	1	299	137	1	0	-G
H11_BC95_191109_LF_LIB_consensus_vsearch	3908	G	*/-C	420	7	1.61%	2	2	93	93	0.007621292853586086	1	1	288	132	6	1	-C
H11_BC95_191109_LF_LIB_consensus_vsearch	3909	C	C	423	3	0.7%	2	2	93	93	0.12455934195065375	1	1	291	132	1	2	T
H11_BC95_191109_LF_LIB_consensus_vsearch	3910	T	T	427	4	0.92%	2	2	93	93	0.06206471344608787	1	1	298	129	1	3	C
H11_BC95_191109_LF_LIB_consensus_vsearch	3911	C	*/+A	399	28	6.45%	2	2	93	93	2.357755907016876E-9	1	1	274	125	22	6	+A
H11_BC95_191109_LF_LIB_consensus_vsearch	3912	G	K	399	22	5.07%	2	1	93	93	1.7991060895133482E-7	1	1	266	133	22	0	T
H11_BC95_191109_LF_LIB_consensus_vsearch	3913	T	T	426	3	0.69%	2	1	93	93	0.1245624270712429	1	1	292	134	0	3	A
H11_BC95_191109_LF_LIB_consensus_vsearch	3914	G	G	426	6	1.38%	2	1	93	93	0.015354364218716944	1	1	290	136	6	0	A
H11_BC95_191109_LF_LIB_consensus_vsearch	3915	C	*/-GC	415	8	1.84%	2	2	93	93	0.003777960974854116	1	1	291	124	2	6	-GC
H11_BC95_191109_LF_LIB_consensus_vsearch	3916	G	*/-C	396	13	3.06%	2	2	93	93	1.1080358205957155E-4	1	1	271	125	10	3	-C
H11_BC95_191109_LF_LIB_consensus_vsearch	3917	C	C	407	3	0.72%	2	2	93	93	0.12454212454208274	1	1	282	125	2	1	T
H11_BC95_191109_LF_LIB_consensus_vsearch	3918	C	C	430	3	0.69%	2	2	93	93	0.12456647398843287	1	1	296	134	2	1	A
H11_BC95_191109_LF_LIB_consensus_vsearch	3919	C	C	435	2	0.46%	2	1	93	93	0.24971363115699957	1	1	298	137	2	0	T
H11_BC95_191109_LF_LIB_consensus_vsearch	3920	C	C	431	4	0.91%	2	2	93	93	0.06206871836935933	1	1	296	135	2	2	T
H11_BC95_191109_LF_LIB_consensus_vsearch	3921	A	A	424	5	1.14%	2	1	93	93	0.03088599561913487	1	1	287	137	5	0	+T
H11_BC95_191109_LF_LIB_consensus_vsearch	3922	T	T	435	2	0.46%	2	1	93	93	0.24971363115699957	1	1	298	137	2	0	G
H11_BC95_191109_LF_LIB_consensus_vsearch	3923	T	T	435	1	0.23%	2	1	93	93	0.5000000000008233	1	1	299	136	1	0	+A
H11_BC95_191109_LF_LIB_consensus_vsearch	3924	G	G	427	4	0.92%	2	1	93	93	0.06206471344608787	1	1	292	135	4	0	+T
H11_BC95_191109_LF_LIB_consensus_vsearch	3925	T	T	428	2	0.46%	2	2	93	93	0.24970896391120487	1	1	294	134	1	1	A
H11_BC95_191109_LF_LIB_consensus_vsearch	3926	T	T	426	3	0.69%	2	1	93	93	0.1245624270712429	1	1	295	131	0	3	+A
H11_BC95_191109_LF_LIB_consensus_vsearch	3927	A	A	424	3	0.69%	2	2	93	93	0.12456037514670402	1	1	293	131	1	2	G
H11_BC95_191109_LF_LIB_consensus_vsearch	3928	T	T	423	4	0.92%	2	2	93	93	0.06206063344550859	1	1	290	133	1	3	-GT
H11_BC95_191109_LF_LIB_consensus_vsearch	3929	G	G	421	3	0.69%	2	1	93	93	0.12455726092075974	1	1	288	133	3	0	T
H11_BC95_191109_LF_LIB_consensus_vsearch	3930	T	*/+GT	410	8	1.86%	2	1	93	93	0.003776438502445107	1	1	291	119	0	8	+GT
H11_BC95_191109_LF_LIB_consensus_vsearch	3931	A	R	419	7	1.61%	2	1	93	93	0.007620846145152445	1	1	285	134	7	0	G
H11_BC95_191109_LF_LIB_consensus_vsearch	3932	C	C	425	5	1.15%	2	2	93	93	0.03088684163697732	1	1	296	129	1	4	T
H11_BC95_191109_LF_LIB_consensus_vsearch	3933	T	T	433	1	0.23%	2	1	93	93	0.4999999999999138	1	1	299	134	1	0	-GT
H11_BC95_191109_LF_LIB_consensus_vsearch	3934	G	G	428	6	1.38%	2	2	93	93	0.015355608474412826	1	1	294	134	4	2	A
H11_BC95_191109_LF_LIB_consensus_vsearch	3935	T	T	425	4	0.92%	2	2	93	93	0.0620626829618069	1	1	293	132	3	1	-C
H11_BC95_191109_LF_LIB_consensus_vsearch	3936	C	*/-G	412	14	3.24%	2	2	93	93	5.475771402649315E-5	1	1	278	134	13	1	-G
H11_BC95_191109_LF_LIB_consensus_vsearch	3937	G	G	413	3	0.71%	2	2	93	93	0.12454873646208127	1	1	279	134	2	1	+C
H11_BC95_191109_LF_LIB_consensus_vsearch	3938	C	*/+TT	410	11	2.54%	2	1	93	93	4.570278461449636E-4	1	1	278	132	11	0	+TT
H11_BC95_191109_LF_LIB_consensus_vsearch	3939	T	T	426	6	1.38%	2	2	93	93	0.015354364218716944	1	1	295	131	1	5	C
H11_BC95_191109_LF_LIB_consensus_vsearch	3940	A	A	424	5	1.15%	2	2	93	93	0.03088599561913487	1	1	292	132	2	3	-C
H11_BC95_191109_LF_LIB_consensus_vsearch	3941	C	*/+T	414	11	2.55%	2	2	93	93	4.573160388822809E-4	1	1	290	124	2	9	+T
H11_BC95_191109_LF_LIB_consensus_vsearch	3942	C	C	431	3	0.69%	2	1	93	93	0.12456747404820136	1	1	298	133	0	3	T
H11_BC95_191109_LF_LIB_consensus_vsearch	3943	T	W	411	17	3.9%	2	2	93	93	6.4882764964716394E-6	1	1	286	125	7	10	A
H11_BC95_191109_LF_LIB_consensus_vsearch	3944	C	C	428	3	0.69%	2	1	93	93	0.12456445993035366	1	1	293	135	3	0	+GC
H11_BC95_191109_LF_LIB_consensus_vsearch	3945	A	A	431	1	0.23%	2	1	93	93	0.4999999999999138	1	1	295	136	1	0	C
H11_BC95_191109_LF_LIB_consensus_vsearch	3946	C	*/-AC	391	38	8.72%	2	2	93	93	1.5439367027814672E-12	1	1	256	135	36	2	-AC
H11_BC95_191109_LF_LIB_consensus_vsearch	3947	A	A	389	2	0.51%	2	1	93	93	0.24967989756723366	1	1	255	134	2	0	+C
H11_BC95_191109_LF_LIB_consensus_vsearch	3948	C	*/+AC	196	182	45.96%	2	2	93	93	3.5107376501290603E-68	1	1	142	54	105	77	+AC
H11_BC95_191109_LF_LIB_consensus_vsearch	3949	G	R	381	47	10.8%	2	2	93	93	1.8677451880408865E-15	1	1	278	103	13	34	A
H11_BC95_191109_LF_LIB_consensus_vsearch	3950	T	Y	382	48	11.03%	2	2	93	93	8.856909121728878E-16	1	1	282	100	11	37	C
H11_BC95_191109_LF_LIB_consensus_vsearch	3951	G	G	431	2	0.46%	2	1	93	93	0.24971098265883573	1	1	295	136	2	0	T
H11_BC95_191109_LF_LIB_consensus_vsearch	3952	T	*/-GT	410	21	4.82%	2	2	93	93	3.7151754522449287E-7	1	1	282	128	15	6	-GT
H11_BC95_191109_LF_LIB_consensus_vsearch	3953	G	G	411	2	0.48%	2	2	93	93	0.24969696969696092	1	1	282	129	1	1	+C
H11_BC95_191109_LF_LIB_consensus_vsearch	3954	T	T	401	5	1.2%	2	2	93	93	0.030865387693025832	1	1	271	130	4	1	-AT
H11_BC95_191109_LF_LIB_consensus_vsearch	3955	A	A	423	2	0.47%	2	2	93	93	0.24970553592454253	1	1	289	134	1	1	-T
H11_BC95_191109_LF_LIB_consensus_vsearch	3956	T	T	423	3	0.7%	2	2	93	93	0.12455934195065375	1	1	292	131	2	1	G
H11_BC95_191109_LF_LIB_consensus_vsearch	3957	T	*/-GG	403	15	3.44%	2	1	93	93	2.6855786093403417E-5	1	1	293	110	0	15	-GG
H11_BC95_191109_LF_LIB_consensus_vsearch	3958	G	R	398	8	1.96%	2	1	93	93	0.003772632825065396	1	1	288	110	8	0	A
H11_BC95_191109_LF_LIB_consensus_vsearch	3959	G	*/+A	409	7	1.65%	2	1	93	93	0.007616261521057028	1	1	292	117	7	0	+A
H11_BC95_191109_LF_LIB_consensus_vsearch	3960	G	G	432	3	0.68%	2	1	93	93	0.12456846950514457	1	1	296	136	3	0	T
H11_BC95_191109_LF_LIB_consensus_vsearch	3961	T	Y	398	21	4.83%	2	2	93	93	3.6880479540872415E-7	1	1	287	111	1	20	C
H11_BC95_191109_LF_LIB_consensus_vsearch	3962	A	A	423	1	0.24%	2	1	93	93	0.4999999999999138	1	1	290	133	1	0	G
H11_BC95_191109_LF_LIB_consensus_vsearch	3963	A	*/-T	342	88	20.28%	2	2	93	93	2.2524707363674423E-29	1	1	212	130	84	4	-T
H11_BC95_191109_LF_LIB_consensus_vsearch	3964	T	T	345	3	0.86%	2	1	93	93	0.12446043165476364	1	1	214	131	3	0	G
H11_BC95_191109_LF_LIB_consensus_vsearch	3965	T	T	431	4	0.91%	2	2	93	93	0.06206871836935933	1	1	297	134	1	3	C
H11_BC95_191109_LF_LIB_consensus_vsearch	3966	T	*/-G	426	7	1.6%	2	2	93	93	0.007623929979105209	1	1	294	132	5	2	-G
H11_BC95_191109_LF_LIB_consensus_vsearch	3967	G	G	424	4	0.93%	2	2	93	93	0.06206166059929218	1	1	292	132	3	1	A
H11_BC95_191109_LF_LIB_consensus_vsearch	3968	C	Y	420	8	1.83%	2	2	93	93	0.003779448151948946	1	1	292	128	2	6	T
H11_BC95_191109_LF_LIB_consensus_vsearch	3969	G	G	435	2	0.46%	2	2	93	93	0.24971363115699957	1	1	299	136	1	1	A
H11_BC95_191109_LF_LIB_consensus_vsearch	3970	C	*/-GC	382	46	10.53%	2	2	93	93	3.960402100291064E-15	1	1	256	126	39	7	-GC
H11_BC95_191109_LF_LIB_consensus_vsearch	3971	G	G	382	2	0.52%	2	1	93	93	0.2496740547585969	1	1	253	129	2	0	+C
H11_BC95_191109_LF_LIB_consensus_vsearch	3972	C	*/+T	375	7	1.81%	2	1	93	93	0.007598887968539548	1	1	254	121	0	7	+T
H11_BC95_191109_LF_LIB_consensus_vsearch	3973	C	C	426	6	1.38%	2	1	93	93	0.015354364218716944	1	1	296	130	0	6	-T
H11_BC95_191109_LF_LIB_consensus_vsearch	3974	T	T	423	5	1.16%	2	2	93	93	0.030885145650365813	1	1	295	128	4	1	C
H11_BC95_191109_LF_LIB_consensus_vsearch	3975	G	G	432	2	0.46%	2	1	93	93	0.2497116493653279	1	1	296	136	2	0	A
H11_BC95_191109_LF_LIB_consensus_vsearch	3976	C	C	420	5	1.14%	2	2	93	93	0.030882571759557657	1	1	291	129	4	1	-T
H11_BC95_191109_LF_LIB_consensus_vsearch	3977	T	T	419	5	1.17%	2	2	93	93	0.03088170570687224	1	1	286	133	4	1	C
H11_BC95_191109_LF_LIB_consensus_vsearch	3978	G	*/-C	406	19	4.41%	2	2	93	93	1.5527767946243955E-6	1	1	274	132	18	1	-C
H11_BC95_191109_LF_LIB_consensus_vsearch	3979	C	*/+G	377	28	6.78%	2	1	93	93	2.2978604060871463E-9	1	1	244	133	28	0	+G
H11_BC95_191109_LF_LIB_consensus_vsearch	3980	C	*/+T	404	21	4.81%	2	2	93	93	3.7017831374538303E-7	1	1	291	113	3	18	+T
H11_BC95_191109_LF_LIB_consensus_vsearch	3981	T	T	421	3	0.7%	2	1	93	93	0.12455726092075974	1	1	292	129	3	0	C
H11_BC95_191109_LF_LIB_consensus_vsearch	3982	T	*/-C	395	27	6.18%	2	2	93	93	4.849420074045803E-9	1	1	269	126	18	9	-C
H11_BC95_191109_LF_LIB_consensus_vsearch	3983	C	*/+G	363	27	6.7%	2	1	93	93	4.6756583729268875E-9	1	1	237	126	27	0	+G
H11_BC95_191109_LF_LIB_consensus_vsearch	3984	C	*/-TT	391	14	3.25%	2	1	93	93	5.4445204224320063E-5	1	1	271	120	14	0	-TT
H11_BC95_191109_LF_LIB_consensus_vsearch	3985	T	W	370	17	4.19%	2	1	93	93	6.375461151373017E-6	1	1	244	126	17	0	A
H11_BC95_191109_LF_LIB_consensus_vsearch	3986	T	*/-G	386	16	3.83%	2	1	93	93	1.310453350400098E-5	1	1	268	118	0	16	-G
H11_BC95_191109_LF_LIB_consensus_vsearch	3987	G	R	413	7	1.66%	2	1	93	93	0.007618121440992818	1	1	293	120	7	0	A
H11_BC95_191109_LF_LIB_consensus_vsearch	3988	G	G	429	5	1.14%	2	1	93	93	0.030890186744528703	1	1	293	136	5	0	A
H11_BC95_191109_LF_LIB_consensus_vsearch	3989	A	A	435	0	0%	2	0	93	0	1.0	1	0	299	136	0	0	
H11_BC95_191109_LF_LIB_consensus_vsearch	3990	T	T	431	3	0.69%	2	2	93	93	0.12456747404820136	1	1	296	135	2	1	C
H11_BC95_191109_LF_LIB_consensus_vsearch	3991	G	G	431	4	0.91%	2	1	93	93	0.06206871836935933	1	1	295	136	4	0	-T
H11_BC95_191109_LF_LIB_consensus_vsearch	3992	T	*/-A	341	78	18.01%	2	2	93	93	6.335402206585212E-26	1	1	212	129	76	2	-A
H11_BC95_191109_LF_LIB_consensus_vsearch	3993	A	A	344	4	1.13%	2	1	93	93	0.061960820953638154	1	1	213	131	4	0	C
H11_BC95_191109_LF_LIB_consensus_vsearch	3994	A	A	424	6	1.39%	2	1	93	93	0.015353108416041601	1	1	290	134	6	0	G
H11_BC95_191109_LF_LIB_consensus_vsearch	3995	G	*/-A	411	20	4.59%	2	1	93	93	7.611138031103958E-7	1	1	277	134	20	0	-A
H11_BC95_191109_LF_LIB_consensus_vsearch	3996	A	A	406	5	1.2%	2	2	93	93	0.03087006375678913	1	1	274	132	4	1	G
H11_BC95_191109_LF_LIB_consensus_vsearch	3997	G	G	426	4	0.93%	2	2	93	93	0.06206370056623179	1	1	293	133	3	1	-C
H11_BC95_191109_LF_LIB_consensus_vsearch	3998	C	C	423	4	0.93%	2	2	93	93	0.06206063344550859	1	1	291	132	3	1	+A
H11_BC95_191109_LF_LIB_consensus_vsearch	3999	C	Y	420	8	1.83%	2	2	93	93	0.003779448151948946	1	1	291	129	2	6	T
H11_BC95_191109_LF_LIB_consensus_vsearch	4000	G	G	428	4	0.92%	2	2	93	93	0.06206572163388339	1	1	295	133	2	2	A
H11_BC95_191109_LF_LIB_consensus_vsearch	4001	T	*/-GT	414	14	3.2%	2	2	93	93	5.478593949196498E-5	1	1	291	123	4	10	-GT
H11_BC95_191109_LF_LIB_consensus_vsearch	4002	G	G	414	4	0.95%	2	2	93	93	0.062051167772440206	1	1	292	122	2	2	-T
H11_BC95_191109_LF_LIB_consensus_vsearch	4003	T	T	407	3	0.71%	2	2	93	93	0.12454212454208274	1	1	288	119	2	1	+C
H11_BC95_191109_LF_LIB_consensus_vsearch	4004	C	C	425	5	1.15%	2	1	93	93	0.03088684163697732	1	1	292	133	5	0	-TC
H11_BC95_191109_LF_LIB_consensus_vsearch	4005	T	T	425	3	0.7%	2	2	93	93	0.12456140350894482	1	1	290	135	2	1	C
H11_BC95_191109_LF_LIB_consensus_vsearch	4006	C	*/-A	420	7	1.63%	2	2	93	93	0.007621292853586086	1	1	286	134	6	1	-A
H11_BC95_191109_LF_LIB_consensus_vsearch	4007	A	R	418	7	1.63%	2	1	93	93	0.007620397344640596	1	1	284	134	7	0	G
H11_BC95_191109_LF_LIB_consensus_vsearch	4008	T	T	432	2	0.46%	2	1	93	93	0.2497116493653279	1	1	296	136	2	0	-G
H11_BC95_191109_LF_LIB_consensus_vsearch	4009	G	G	428	2	0.46%	2	1	93	93	0.24970896391120487	1	1	293	135	0	2	+C
H11_BC95_191109_LF_LIB_consensus_vsearch	4010	C	C	430	1	0.23%	2	1	93	93	0.4999999999990043	1	1	295	135	0	1	+T
H11_BC95_191109_LF_LIB_consensus_vsearch	4011	T	T	431	3	0.69%	2	1	93	93	0.12456747404820136	1	1	295	136	3	0	C
H11_BC95_191109_LF_LIB_consensus_vsearch	4012	C	*/-T	375	46	10.53%	2	2	93	93	3.872359474716372E-15	1	1	282	93	3	43	-T
H11_BC95_191109_LF_LIB_consensus_vsearch	4013	T	T	382	2	0.52%	2	2	93	93	0.2496740547585969	1	1	291	91	1	1	C
H11_BC95_191109_LF_LIB_consensus_vsearch	4014	T	T	429	3	0.69%	2	1	93	93	0.12456546929309553	1	1	294	135	3	0	C
H11_BC95_191109_LF_LIB_consensus_vsearch	4015	T	T	430	5	1.14%	2	2	93	93	0.030891013414769866	1	1	295	135	4	1	C
H11_BC95_191109_LF_LIB_consensus_vsearch	4016	C	C	429	3	0.69%	2	2	93	93	0.12456546929309553	1	1	297	132	2	1	-TC
H11_BC95_191109_LF_LIB_consensus_vsearch	4017	T	*/-C	342	90	20.74%	2	1	93	93	4.5342522118772085E-30	1	1	208	134	90	0	-C
H11_BC95_191109_LF_LIB_consensus_vsearch	4018	C	C	343	2	0.58%	2	2	93	93	0.24963715529753122	1	1	208	135	1	1	+T
H11_BC95_191109_LF_LIB_consensus_vsearch	4019	C	*/-G	384	47	10.73%	2	2	93	93	1.8862167722998864E-15	1	1	281	103	14	33	-G
H11_BC95_191109_LF_LIB_consensus_vsearch	4020	G	G	386	2	0.51%	2	1	93	93	0.24967741935460958	1	1	284	102	2	0	A
H11_BC95_191109_LF_LIB_consensus_vsearch	4021	G	G	436	2	0.46%	2	1	93	93	0.2497142857145226	1	1	299	137	2	0	-A
H11_BC95_191109_LF_LIB_consensus_vsearch	4022	A	A	431	5	1.15%	2	1	93	93	0.03089183629518613	1	1	294	137	5	0	+G
H11_BC95_191109_LF_LIB_consensus_vsearch	4023	A	A	436	1	0.23%	2	1	93	93	0.5000000000008233	1	1	299	137	1	0	+GGA
H11_BC95_191109_LF_LIB_consensus_vsearch	4024	T	T	432	3	0.68%	2	1	93	93	0.12456846950514457	1	1	295	137	3	0	+C
H11_BC95_191109_LF_LIB_consensus_vsearch	4025	C	C	430	5	1.14%	2	1	93	93	0.030891013414769866	1	1	294	136	5	0	-G
H11_BC95_191109_LF_LIB_consensus_vsearch	4026	G	G	429	1	0.23%	2	1	93	93	0.4999999999999138	1	1	294	135	1	0	-A
H11_BC95_191109_LF_LIB_consensus_vsearch	4027	A	A	431	1	0.23%	2	1	93	93	0.4999999999999138	1	1	295	136	1	0	+GA
H11_BC95_191109_LF_LIB_consensus_vsearch	4028	A	A	425	4	0.92%	2	2	93	93	0.0620626829618069	1	1	294	131	1	3	-C
H11_BC95_191109_LF_LIB_consensus_vsearch	4029	C	*/-T	418	11	2.55%	2	2	93	93	4.575989670126341E-4	1	1	295	123	2	9	-T
H11_BC95_191109_LF_LIB_consensus_vsearch	4030	T	*/+C	397	16	3.77%	2	1	93	93	1.3158789700561018E-5	1	1	279	118	16	0	+C
H11_BC95_191109_LF_LIB_consensus_vsearch	4031	C	C	409	5	1.17%	2	2	93	93	0.03087281521381857	1	1	293	116	1	4	-T
H11_BC95_191109_LF_LIB_consensus_vsearch	4032	T	*/-A	392	25	5.87%	2	2	93	93	2.0571996412600835E-8	1	1	287	105	5	20	-A
H11_BC95_191109_LF_LIB_consensus_vsearch	4033	A	A	396	6	1.47%	2	1	93	93	0.015334218484153218	1	1	290	106	0	6	C
H11_BC95_191109_LF_LIB_consensus_vsearch	4034	A	M	417	8	1.83%	2	2	93	93	0.003778560011928581	1	1	292	125	2	6	C
H11_BC95_191109_LF_LIB_consensus_vsearch	4035	T	Y	401	21	4.88%	2	2	93	93	3.6949592163666294E-7	1	1	293	108	4	17	C
H11_BC95_191109_LF_LIB_consensus_vsearch	4036	T	*/-C	324	85	19.45%	2	2	93	93	1.967918360302741E-28	1	1	232	92	57	28	-C
H11_BC95_191109_LF_LIB_consensus_vsearch	4037	C	C	337	1	0.29%	2	1	93	93	0.5000000000003686	1	1	240	97	1	0	+T
H11_BC95_191109_LF_LIB_consensus_vsearch	4038	C	C	419	2	0.47%	2	1	93	93	0.24970273483926292	1	1	297	122	0	2	+T
H11_BC95_191109_LF_LIB_consensus_vsearch	4039	C	C	422	6	1.39%	2	1	93	93	0.015351840904982691	1	1	300	122	0	6	T
H11_BC95_191109_LF_LIB_consensus_vsearch	4040	C	Y	416	14	3.2%	2	2	93	93	5.4813912517372454E-5	1	1	298	118	2	12	T
H11_BC95_191109_LF_LIB_consensus_vsearch	4041	G	G	426	4	0.92%	2	1	93	93	0.06206370056623179	1	1	292	134	4	0	A
H11_BC95_191109_LF_LIB_consensus_vsearch	4042	T	T	432	2	0.46%	2	1	93	93	0.2497116493653279	1	1	298	134	0	2	C
H11_BC95_191109_LF_LIB_consensus_vsearch	4043	T	*/-A	414	19	4.36%	2	2	93	93	1.5588186688080025E-6	1	1	279	135	18	1	-A
H11_BC95_191109_LF_LIB_consensus_vsearch	4044	A	*/-C	374	28	6.7%	2	1	93	93	2.2892939757561792E-9	1	1	238	136	28	0	-C
H11_BC95_191109_LF_LIB_consensus_vsearch	4045	C	S	390	18	4.41%	2	1	93	93	3.149478194108059E-6	1	1	253	137	18	0	G
H11_BC95_191109_LF_LIB_consensus_vsearch	4046	C	C	427	6	1.37%	2	2	93	93	0.015354987779940706	1	1	298	129	1	5	T
H11_BC95_191109_LF_LIB_consensus_vsearch	4047	C	Y	351	85	19.41%	2	2	93	93	2.753303825736516E-28	1	1	299	52	1	84	T
H11_BC95_191109_LF_LIB_consensus_vsearch	4048	G	G	430	3	0.69%	2	2	93	93	0.12456647398843287	1	1	298	132	1	2	A
H11_BC95_191109_LF_LIB_consensus_vsearch	4049	T	T	433	2	0.46%	2	2	93	93	0.2497123130030455	1	1	299	134	1	1	-C
H11_BC95_191109_LF_LIB_consensus_vsearch	4050	C	C	428	3	0.69%	2	1	93	93	0.12456445993035366	1	1	293	135	3	0	+TC
H11_BC95_191109_LF_LIB_consensus_vsearch	4051	G	R	428	7	1.61%	2	2	93	93	0.007624792930600719	1	1	292	136	6	1	A
H11_BC95_191109_LF_LIB_consensus_vsearch	4052	T	*/-C	418	13	2.97%	2	1	93	93	1.1136078182173557E-4	1	1	282	136	13	0	-C
H11_BC95_191109_LF_LIB_consensus_vsearch	4053	C	C	423	1	0.24%	2	1	93	93	0.4999999999999138	1	1	286	137	1	0	A
H11_BC95_191109_LF_LIB_consensus_vsearch	4054	C	C	435	1	0.23%	2	1	93	93	0.5000000000008233	1	1	299	136	0	1	+AA
H11_BC95_191109_LF_LIB_consensus_vsearch	4055	G	G	426	6	1.37%	2	1	93	93	0.015354364218716944	1	1	292	134	6	0	A
H11_BC95_191109_LF_LIB_consensus_vsearch	4056	C	C	433	1	0.23%	2	1	93	93	0.4999999999999138	1	1	298	135	0	1	+A
H11_BC95_191109_LF_LIB_consensus_vsearch	4057	T	*/+C	422	7	1.6%	2	2	93	93	0.007622180052576428	1	1	291	131	6	1	+C
H11_BC95_191109_LF_LIB_consensus_vsearch	4058	C	C	433	1	0.23%	2	1	93	93	0.4999999999999138	1	1	297	136	1	0	+A
H11_BC95_191109_LF_LIB_consensus_vsearch	4059	G	R	424	13	2.97%	2	2	93	93	1.115033140535145E-4	1	1	289	135	12	1	A
H11_BC95_191109_LF_LIB_consensus_vsearch	4060	G	G	437	1	0.23%	2	1	93	93	0.4999999999999138	1	1	300	137	1	0	A
H11_BC95_191109_LF_LIB_consensus_vsearch	4061	T	T	432	2	0.46%	2	1	93	93	0.2497116493653279	1	1	298	134	0	2	C
H11_BC95_191109_LF_LIB_consensus_vsearch	4062	G	G	430	4	0.92%	2	2	93	93	0.062067724063454545	1	1	294	136	3	1	A
H11_BC95_191109_LF_LIB_consensus_vsearch	4063	G	G	428	4	0.92%	2	1	93	93	0.06206572163388339	1	1	293	135	4	0	A
H11_BC95_191109_LF_LIB_consensus_vsearch	4064	T	*/-C	331	103	23.73%	2	2	93	93	1.0109612176697396E-34	1	1	196	135	102	1	-C
H11_BC95_191109_LF_LIB_consensus_vsearch	4065	C	C	328	2	0.6%	2	1	93	93	0.2496206373292684	1	1	193	135	2	0	G
H11_BC95_191109_LF_LIB_consensus_vsearch	4066	C	*/-A	405	21	4.79%	2	1	93	93	3.704038652276923E-7	1	1	269	136	21	0	-A
H11_BC95_191109_LF_LIB_consensus_vsearch	4067	A	A	411	2	0.48%	2	1	93	93	0.24969696969696092	1	1	275	136	2	0	T
H11_BC95_191109_LF_LIB_consensus_vsearch	4068	A	A	425	6	1.38%	2	2	93	93	0.015353737770788975	1	1	291	134	5	1	G
H11_BC95_191109_LF_LIB_consensus_vsearch	4069	G	G	431	4	0.92%	2	1	93	93	0.06206871836935933	1	1	295	136	4	0	+A
H11_BC95_191109_LF_LIB_consensus_vsearch	4070	A	A	427	6	1.37%	2	2	93	93	0.015354987779940706	1	1	292	135	4	2	G
H11_BC95_191109_LF_LIB_consensus_vsearch	4071	C	C	427	4	0.91%	2	1	93	93	0.06206471344608787	1	1	292	135	4	0	T
H11_BC95_191109_LF_LIB_consensus_vsearch	4072	A	R	406	14	3.23%	2	2	93	93	5.4671488385988246E-5	1	1	279	127	13	1	G
H11_BC95_191109_LF_LIB_consensus_vsearch	4073	C	*/+A	406	8	1.87%	2	2	93	93	0.0037751942594862146	1	1	291	115	1	7	+A
H11_BC95_191109_LF_LIB_consensus_vsearch	4074	A	A	416	6	1.42%	2	1	93	93	0.015347966460357092	1	1	289	127	6	0	G
H11_BC95_191109_LF_LIB_consensus_vsearch	4075	A	R	421	11	2.53%	2	2	93	93	4.5780779436953333E-4	1	1	287	134	9	2	G
H11_BC95_191109_LF_LIB_consensus_vsearch	4076	C	C	427	3	0.69%	2	2	93	93	0.12456344586746677	1	1	293	134	2	1	T
H11_BC95_191109_LF_LIB_consensus_vsearch	4077	C	Y	418	11	2.51%	2	1	93	93	4.575989670126341E-4	1	1	298	120	0	11	T
H11_BC95_191109_LF_LIB_consensus_vsearch	4078	G	G	433	1	0.23%	2	1	93	93	0.4999999999999138	1	1	298	135	1	0	+A
H11_BC95_191109_LF_LIB_consensus_vsearch	4079	A	A	432	2	0.46%	2	1	93	93	0.2497116493653279	1	1	295	137	2	0	G
H11_BC95_191109_LF_LIB_consensus_vsearch	4080	C	C	432	4	0.92%	2	2	93	93	0.06206970811168755	1	1	298	134	2	2	T
H11_BC95_191109_LF_LIB_consensus_vsearch	4081	A	A	432	5	1.14%	2	1	93	93	0.03089265541177198	1	1	295	137	5	0	G
H11_BC95_191109_LF_LIB_consensus_vsearch	4082	A	R	421	15	3.42%	2	1	93	93	2.7000302846488012E-5	1	1	284	137	15	0	G
H11_BC95_191109_LF_LIB_consensus_vsearch	4083	C	C	432	2	0.46%	2	1	93	93	0.2497116493653279	1	1	295	137	2	0	+A
H11_BC95_191109_LF_LIB_consensus_vsearch	4084	G	*/-TG	417	9	2.06%	2	2	93	93	0.0018715194418685113	1	1	290	127	1	8	-TG
H11_BC95_191109_LF_LIB_consensus_vsearch	4085	T	T	420	4	0.94%	2	1	93	93	0.062057522896676466	1	1	298	122	0	4	G
H11_BC95_191109_LF_LIB_consensus_vsearch	4086	G	G	424	2	0.47%	2	1	93	93	0.24970622796748032	1	1	298	126	0	2	+TG
H11_BC95_191109_LF_LIB_consensus_vsearch	4087	A	A	434	1	0.23%	2	1	93	93	0.4999999999999138	1	1	298	136	1	0	+T
H11_BC95_191109_LF_LIB_consensus_vsearch	4088	T	T	422	4	0.92%	2	1	93	93	0.062059601466603075	1	1	288	134	4	0	+A
H11_BC95_191109_LF_LIB_consensus_vsearch	4089	A	R	385	35	8.05%	2	2	93	93	1.3901162744285479E-11	1	1	261	124	34	1	G
H11_BC95_191109_LF_LIB_consensus_vsearch	4090	G	G	419	2	0.47%	2	1	93	93	0.24970273483926292	1	1	292	127	2	0	+A
H11_BC95_191109_LF_LIB_consensus_vsearch	4091	G	R	426	9	2.06%	2	1	93	93	0.001873189162106254	1	1	289	137	9	0	A
H11_BC95_191109_LF_LIB_consensus_vsearch	4092	G	R	422	10	2.28%	2	1	93	93	9.264641146701706E-4	1	1	285	137	10	0	A
H11_BC95_191109_LF_LIB_consensus_vsearch	4093	C	C	425	6	1.37%	2	1	93	93	0.015353737770788975	1	1	288	137	6	0	-A
H11_BC95_191109_LF_LIB_consensus_vsearch	4094	A	A	419	6	1.39%	2	2	93	93	0.015349917324271899	1	1	285	134	3	3	G
H11_BC95_191109_LF_LIB_consensus_vsearch	4095	G	G	425	6	1.38%	2	1	93	93	0.015353737770788975	1	1	288	137	6	0	+A
H11_BC95_191109_LF_LIB_consensus_vsearch	4096	T	T	431	4	0.92%	2	2	93	93	0.06206871836935933	1	1	295	136	3	1	G
H11_BC95_191109_LF_LIB_consensus_vsearch	4097	T	T	432	2	0.46%	2	2	93	93	0.2497116493653279	1	1	296	136	1	1	+G
H11_BC95_191109_LF_LIB_consensus_vsearch	4098	A	R	417	14	3.2%	2	2	93	93	5.4827805419876506E-5	1	1	282	135	13	1	G
H11_BC95_191109_LF_LIB_consensus_vsearch	4099	C	*/-T	413	12	2.76%	2	2	93	93	2.2566011930545864E-4	1	1	290	123	1	11	-T
H11_BC95_191109_LF_LIB_consensus_vsearch	4100	T	Y	404	8	1.92%	2	2	93	93	0.0037745631511436058	1	1	281	123	7	1	C
H11_BC95_191109_LF_LIB_consensus_vsearch	4101	T	T	413	4	0.93%	2	2	93	93	0.06205009079450623	1	1	282	131	1	3	-G
H11_BC95_191109_LF_LIB_consensus_vsearch	4102	G	*/-A	423	9	2.07%	2	2	93	93	0.0018726402317850155	1	1	292	131	6	3	-A
H11_BC95_191109_LF_LIB_consensus_vsearch	4103	A	A	422	3	0.7%	2	1	93	93	0.12455830388715546	1	1	289	133	3	0	+G
H11_BC95_191109_LF_LIB_consensus_vsearch	4104	A	A	430	3	0.69%	2	2	93	93	0.12456647398843287	1	1	297	133	2	1	G
H11_BC95_191109_LF_LIB_consensus_vsearch	4105	T	*/+G	411	10	2.3%	2	2	93	93	9.251755912194793E-4	1	1	292	119	1	9	+G
H11_BC95_191109_LF_LIB_consensus_vsearch	4106	G	*/-A	392	18	4.14%	2	2	93	93	3.152488292761702E-6	1	1	279	113	11	7	-A
H11_BC95_191109_LF_LIB_consensus_vsearch	4107	A	A	392	6	1.46%	2	1	93	93	0.015331303510572384	1	1	280	112	0	6	T
H11_BC95_191109_LF_LIB_consensus_vsearch	4108	A	*/-G	417	7	1.63%	2	1	93	93	0.007619946437356769	1	1	289	128	7	0	-G
H11_BC95_191109_LF_LIB_consensus_vsearch	4109	G	G	421	3	0.7%	2	1	93	93	0.12455726092075974	1	1	290	131	0	3	-C
H11_BC95_191109_LF_LIB_consensus_vsearch	4110	C	C	429	3	0.69%	2	1	93	93	0.12456546929309553	1	1	298	131	0	3	T
H11_BC95_191109_LF_LIB_consensus_vsearch	4111	G	G	430	2	0.46%	2	1	93	93	0.24971031286224527	1	1	293	137	2	0	-C
H11_BC95_191109_LF_LIB_consensus_vsearch	4112	C	C	431	1	0.23%	2	1	93	93	0.4999999999999138	1	1	294	137	1	0	+AC
H11_BC95_191109_LF_LIB_consensus_vsearch	4113	C	C	432	5	1.14%	2	1	93	93	0.03089265541177198	1	1	300	132	0	5	T
H11_BC95_191109_LF_LIB_consensus_vsearch	4114	G	G	430	3	0.68%	2	1	93	93	0.12456647398843287	1	1	294	136	3	0	-C
H11_BC95_191109_LF_LIB_consensus_vsearch	4115	C	C	433	1	0.23%	2	1	93	93	0.4999999999999138	1	1	297	136	1	0	+A
H11_BC95_191109_LF_LIB_consensus_vsearch	4116	C	C	432	2	0.46%	2	1	93	93	0.2497116493653279	1	1	298	134	2	0	-G
H11_BC95_191109_LF_LIB_consensus_vsearch	4117	G	G	427	5	1.15%	2	2	93	93	0.03088852192937873	1	1	293	134	4	1	A
H11_BC95_191109_LF_LIB_consensus_vsearch	4118	G	G	432	5	1.14%	2	1	93	93	0.03089265541177198	1	1	296	136	5	0	A
H11_BC95_191109_LF_LIB_consensus_vsearch	4119	C	C	430	2	0.46%	2	1	93	93	0.24971031286224527	1	1	294	136	2	0	+G
H11_BC95_191109_LF_LIB_consensus_vsearch	4120	A	A	427	5	1.14%	2	1	93	93	0.03088852192937873	1	1	291	136	5	0	+CA
H11_BC95_191109_LF_LIB_consensus_vsearch	4121	T	*/+G	373	26	5.95%	2	2	93	93	9.783046480984443E-9	1	1	243	130	23	3	+G
H11_BC95_191109_LF_LIB_consensus_vsearch	4122	G	*/+A	188	238	54.46%	2	2	93	93	7.835340489754902E-93	1	1	184	4	107	131	+A
H11_BC95_191109_LF_LIB_consensus_vsearch	4123	A	*/+G	22	304	69.89%	1	2	93	93	6.3585921274079056E-161	1	1	22	0	172	132	+G
H11_BC95_191109_LF_LIB_consensus_vsearch	4124	C	S	421	14	3.21%	2	2	93	93	5.4882762612112586E-5	1	1	285	136	13	1	G
H11_BC95_191109_LF_LIB_consensus_vsearch	4125	C	C	429	2	0.46%	2	1	93	93	0.2497096399537788	1	1	296	133	0	2	T
H11_BC95_191109_LF_LIB_consensus_vsearch	4126	T	T	410	4	0.92%	2	1	93	93	0.06204682862471882	1	1	289	121	4	0	+A
H11_BC95_191109_LF_LIB_consensus_vsearch	4127	G	G	426	6	1.38%	2	1	93	93	0.015354364218716944	1	1	289	137	6	0	-A
H11_BC95_191109_LF_LIB_consensus_vsearch	4128	A	R	415	9	2.09%	2	2	93	93	0.0018711388771604682	1	1	281	134	7	2	G
H11_BC95_191109_LF_LIB_consensus_vsearch	4129	G	G	422	5	1.15%	2	1	93	93	0.030884291702852337	1	1	288	134	5	0	A
H11_BC95_191109_LF_LIB_consensus_vsearch	4130	C	C	420	5	1.15%	2	2	93	93	0.030882571759557657	1	1	295	125	2	3	T
H11_BC95_191109_LF_LIB_consensus_vsearch	4131	G	G	429	2	0.46%	2	1	93	93	0.2497096399537788	1	1	297	132	2	0	+A
H11_BC95_191109_LF_LIB_consensus_vsearch	4132	G	G	428	5	1.14%	2	2	93	93	0.030889356258247617	1	1	293	135	4	1	A
H11_BC95_191109_LF_LIB_consensus_vsearch	4133	T	*/-C	331	105	24.03%	2	1	93	93	1.961826995827099E-35	1	1	195	136	105	0	-C
H11_BC95_191109_LF_LIB_consensus_vsearch	4134	C	C	327	5	1.5%	2	2	93	93	0.030779727228967775	1	1	194	133	2	3	T
H11_BC95_191109_LF_LIB_consensus_vsearch	4135	C	*/+G	401	11	2.51%	2	2	93	93	4.5635938666550835E-4	1	1	281	120	1	10	+G
H11_BC95_191109_LF_LIB_consensus_vsearch	4136	G	*/-A	421	12	2.75%	2	2	93	93	2.259929805737435E-4	1	1	288	133	11	1	-A
H11_BC95_191109_LF_LIB_consensus_vsearch	4137	A	A	420	2	0.47%	2	1	93	93	0.24970344009506698	1	1	284	136	2	0	G
H11_BC95_191109_LF_LIB_consensus_vsearch	4138	A	A	432	3	0.68%	2	1	93	93	0.12456846950514457	1	1	295	137	3	0	G
H11_BC95_191109_LF_LIB_consensus_vsearch	4139	T	T	428	5	1.14%	2	2	93	93	0.030889356258247617	1	1	294	134	3	2	C
H11_BC95_191109_LF_LIB_consensus_vsearch	4140	G	G	429	3	0.68%	2	1	93	93	0.12456546929309553	1	1	294	135	3	0	-A
H11_BC95_191109_LF_LIB_consensus_vsearch	4141	A	R	412	13	3%	2	2	93	93	1.11214354741109E-4	1	1	278	134	11	2	G
H11_BC95_191109_LF_LIB_consensus_vsearch	4142	T	*/-G	418	10	2.29%	2	1	93	93	9.260031044371504E-4	1	1	284	134	10	0	-G
H11_BC95_191109_LF_LIB_consensus_vsearch	4143	G	*/-CT	400	17	3.98%	2	1	93	93	6.460045801688696E-6	1	1	267	133	17	0	-CT
H11_BC95_191109_LF_LIB_consensus_vsearch	4144	C	C	411	3	0.71%	2	2	93	93	0.12454655380892238	1	1	277	134	2	1	-T
H11_BC95_191109_LF_LIB_consensus_vsearch	4145	T	Y	406	9	2.16%	2	1	93	93	0.0018693814758962122	1	1	270	136	9	0	C
H11_BC95_191109_LF_LIB_consensus_vsearch	4146	T	Y	415	13	2.97%	2	1	93	93	1.1128806504032547E-4	1	1	284	131	13	0	C
H11_BC95_191109_LF_LIB_consensus_vsearch	4147	A	R	413	12	2.75%	2	2	93	93	2.2566011930545864E-4	1	1	288	125	6	6	G
H11_BC95_191109_LF_LIB_consensus_vsearch	4148	T	*/+A	398	9	2.09%	2	1	93	93	0.0018677548734163589	1	1	272	126	9	0	+A
H11_BC95_191109_LF_LIB_consensus_vsearch	4149	G	*/-A	409	11	2.55%	2	1	93	93	4.5695495811152217E-4	1	1	274	135	11	0	-A
H11_BC95_191109_LF_LIB_consensus_vsearch	4150	A	A	412	5	1.17%	2	1	93	93	0.030875527106174937	1	1	276	136	5	0	+G
H11_BC95_191109_LF_LIB_consensus_vsearch	4151	G	G	428	2	0.46%	2	1	93	93	0.24970896391120487	1	1	293	135	2	0	A
H11_BC95_191109_LF_LIB_consensus_vsearch	4152	T	T	432	3	0.68%	2	2	93	93	0.12456846950514457	1	1	296	136	2	1	-C
H11_BC95_191109_LF_LIB_consensus_vsearch	4153	C	*/-ACCT	423	8	1.84%	2	1	93	93	0.003780324023462628	1	1	289	134	8	0	-ACCT
H11_BC95_191109_LF_LIB_consensus_vsearch	4154	A	A	414	6	1.41%	2	1	93	93	0.01534665043910028	1	1	278	136	6	0	-C
H11_BC95_191109_LF_LIB_consensus_vsearch	4155	C	C	415	4	0.95%	2	1	93	93	0.06205223960684896	1	1	279	136	4	0	+G
H11_BC95_191109_LF_LIB_consensus_vsearch	4156	C	*/-T	392	15	3.5%	2	2	93	93	2.6761482303826905E-5	1	1	269	123	10	5	-T
H11_BC95_191109_LF_LIB_consensus_vsearch	4157	T	T	405	2	0.49%	2	1	93	93	0.2496924969251474	1	1	275	130	0	2	C
H11_BC95_191109_LF_LIB_consensus_vsearch	4158	T	T	425	3	0.7%	2	2	93	93	0.12456140350894482	1	1	290	135	1	2	C
H11_BC95_191109_LF_LIB_consensus_vsearch	4159	G	*/-C	411	10	2.3%	2	2	93	93	9.251755912194793E-4	1	1	278	133	8	2	-C
H11_BC95_191109_LF_LIB_consensus_vsearch	4160	C	*/+T	404	7	1.68%	2	1	93	93	0.007613885964194907	1	1	279	125	0	7	+T
H11_BC95_191109_LF_LIB_consensus_vsearch	4161	C	*/-T	402	17	3.97%	2	2	93	93	6.465281837282248E-6	1	1	273	129	10	7	-T
H11_BC95_191109_LF_LIB_consensus_vsearch	4162	T	T	396	3	0.74%	2	2	93	93	0.12452948557099502	1	1	276	120	1	2	-G
H11_BC95_191109_LF_LIB_consensus_vsearch	4163	G	G	417	1	0.24%	2	1	93	93	0.4999999999999138	1	1	286	131	1	0	+C
H11_BC95_191109_LF_LIB_consensus_vsearch	4164	C	C	413	5	1.16%	2	1	93	93	0.030876422425220783	1	1	285	128	5	0	+A
H11_BC95_191109_LF_LIB_consensus_vsearch	4165	A	A	430	1	0.23%	2	1	93	93	0.4999999999990043	1	1	297	133	1	0	+G
H11_BC95_191109_LF_LIB_consensus_vsearch	4166	A	A	426	4	0.92%	2	1	93	93	0.06206370056623179	1	1	293	133	4	0	+C
H11_BC95_191109_LF_LIB_consensus_vsearch	4167	G	R	363	60	13.92%	2	1	93	93	9.117938401141949E-20	1	1	233	130	60	0	A
H11_BC95_191109_LF_LIB_consensus_vsearch	4168	C	C	419	4	0.93%	2	2	93	93	0.06205647623661182	1	1	291	128	3	1	-A
H11_BC95_191109_LF_LIB_consensus_vsearch	4169	A	R	350	68	15.78%	2	1	93	93	1.7416380569434892E-22	1	1	225	125	68	0	G
H11_BC95_191109_LF_LIB_consensus_vsearch	4170	G	G	423	4	0.93%	2	1	93	93	0.06206063344550859	1	1	300	123	0	4	A
H11_BC95_191109_LF_LIB_consensus_vsearch	4171	G	G	436	1	0.23%	2	1	93	93	0.5000000000008233	1	1	301	135	0	1	+CG
H11_BC95_191109_LF_LIB_consensus_vsearch	4172	A	A	429	3	0.68%	2	1	93	93	0.12456546929309553	1	1	293	136	3	0	+CC
H11_BC95_191109_LF_LIB_consensus_vsearch	4173	C	C	427	5	1.14%	2	1	93	93	0.03088852192937873	1	1	290	137	5	0	+G
H11_BC95_191109_LF_LIB_consensus_vsearch	4174	G	*/-A	422	10	2.29%	2	1	93	93	9.264641146701706E-4	1	1	285	137	10	0	-A
H11_BC95_191109_LF_LIB_consensus_vsearch	4175	A	*/-G	341	76	17.88%	2	2	93	93	3.070370241439085E-25	1	1	206	135	75	1	-G
H11_BC95_191109_LF_LIB_consensus_vsearch	4176	G	G	353	3	0.84%	2	1	93	93	0.12447257383966187	1	1	219	134	3	0	+A
H11_BC95_191109_LF_LIB_consensus_vsearch	4177	G	*/-T	405	14	3.2%	2	2	93	93	5.465688685856862E-5	1	1	269	136	13	1	-T
H11_BC95_191109_LF_LIB_consensus_vsearch	4178	T	T	416	4	0.94%	2	2	93	93	0.06205330633414946	1	1	284	132	1	3	C
H11_BC95_191109_LF_LIB_consensus_vsearch	4179	T	T	436	1	0.23%	2	1	93	93	0.5000000000008233	1	1	299	137	1	0	A
H11_BC95_191109_LF_LIB_consensus_vsearch	4180	T	*/-G	382	53	12.1%	2	1	93	93	2.0551714404533913E-17	1	1	299	83	0	53	-G
H11_BC95_191109_LF_LIB_consensus_vsearch	4181	G	G	383	1	0.26%	2	1	93	93	0.4999999999999138	1	1	300	83	1	0	A
H11_BC95_191109_LF_LIB_consensus_vsearch	4182	G	R	431	7	1.6%	2	1	93	93	0.007626072650234986	1	1	294	137	7	0	A
H11_BC95_191109_LF_LIB_consensus_vsearch	4183	A	A	422	5	1.14%	2	1	93	93	0.030884291702852337	1	1	298	124	0	5	-T
H11_BC95_191109_LF_LIB_consensus_vsearch	4184	T	*/+C	417	7	1.62%	2	1	93	93	0.007619946437356769	1	1	287	130	7	0	+C
H11_BC95_191109_LF_LIB_consensus_vsearch	4185	C	*/-T	420	8	1.84%	2	2	93	93	0.003779448151948946	1	1	293	127	1	7	-T
H11_BC95_191109_LF_LIB_consensus_vsearch	4186	T	*/-A	407	11	2.58%	2	2	93	93	4.568081577093064E-4	1	1	286	121	6	5	-A
H11_BC95_191109_LF_LIB_consensus_vsearch	4187	A	A	416	3	0.71%	2	1	93	93	0.12455197132601219	1	1	287	129	0	3	C
H11_BC95_191109_LF_LIB_consensus_vsearch	4188	A	A	421	6	1.38%	2	1	93	93	0.01535120270746072	1	1	288	133	6	0	G
H11_BC95_191109_LF_LIB_consensus_vsearch	4189	T	Y	410	12	2.77%	2	2	93	93	2.255321281093224E-4	1	1	285	125	2	10	C
H11_BC95_191109_LF_LIB_consensus_vsearch	4190	G	G	430	3	0.69%	2	2	93	93	0.12456647398843287	1	1	295	135	2	1	-A
H11_BC95_191109_LF_LIB_consensus_vsearch	4191	A	A	427	2	0.46%	2	2	93	93	0.24970828471410914	1	1	293	134	1	1	-G
H11_BC95_191109_LF_LIB_consensus_vsearch	4192	G	G	427	2	0.46%	2	2	93	93	0.24970828471410914	1	1	296	131	1	1	+TA
H11_BC95_191109_LF_LIB_consensus_vsearch	4193	C	*/-AC	401	26	5.99%	2	1	93	93	1.0065383440575144E-8	1	1	272	129	26	0	-AC
H11_BC95_191109_LF_LIB_consensus_vsearch	4194	A	A	401	4	0.98%	2	2	93	93	0.06203675196794108	1	1	270	131	3	1	G
H11_BC95_191109_LF_LIB_consensus_vsearch	4195	C	C	405	4	0.97%	2	1	93	93	0.06204128526484489	1	1	274	131	0	4	T
H11_BC95_191109_LF_LIB_consensus_vsearch	4196	G	G	433	2	0.46%	2	1	93	93	0.2497123130030455	1	1	297	136	2	0	A
H11_BC95_191109_LF_LIB_consensus_vsearch	4197	T	*/-C	418	15	3.42%	2	1	93	93	2.6977013084786136E-5	1	1	282	136	15	0	-C
H11_BC95_191109_LF_LIB_consensus_vsearch	4198	C	C	421	0	0%	2	0	93	0	1.0	1	0	284	137	0	0	
H11_BC95_191109_LF_LIB_consensus_vsearch	4199	C	C	428	4	0.92%	2	1	93	93	0.06206572163388339	1	1	293	135	4	0	-AC
H11_BC95_191109_LF_LIB_consensus_vsearch	4200	A	A	427	3	0.69%	2	2	93	93	0.12456344586746677	1	1	292	135	2	1	G
H11_BC95_191109_LF_LIB_consensus_vsearch	4201	C	C	422	5	1.15%	2	1	93	93	0.030884291702852337	1	1	295	127	0	5	-T
H11_BC95_191109_LF_LIB_consensus_vsearch	4202	T	*/-CT	414	10	2.31%	2	1	93	93	9.255335328018615E-4	1	1	297	117	0	10	-CT
H11_BC95_191109_LF_LIB_consensus_vsearch	4203	C	*/-T	398	20	4.73%	2	2	93	93	7.556661291497999E-7	1	1	296	102	2	18	-T
H11_BC95_191109_LF_LIB_consensus_vsearch	4204	T	T	401	3	0.74%	2	2	93	93	0.1245353159851805	1	1	293	108	2	1	C
H11_BC95_191109_LF_LIB_consensus_vsearch	4205	T	T	431	2	0.46%	2	1	93	93	0.24971098265883573	1	1	294	137	2	0	+G
H11_BC95_191109_LF_LIB_consensus_vsearch	4206	G	G	428	5	1.14%	2	1	93	93	0.030889356258247617	1	1	294	134	5	0	-A
H11_BC95_191109_LF_LIB_consensus_vsearch	4207	A	A	422	3	0.7%	2	1	93	93	0.12455830388715546	1	1	287	135	3	0	+G
H11_BC95_191109_LF_LIB_consensus_vsearch	4208	G	G	430	1	0.23%	2	1	93	93	0.4999999999990043	1	1	295	135	1	0	+AG
H11_BC95_191109_LF_LIB_consensus_vsearch	4209	T	Y	425	11	2.52%	2	1	93	93	4.5808185020506666E-4	1	1	299	126	0	11	C
H11_BC95_191109_LF_LIB_consensus_vsearch	4210	T	T	424	3	0.69%	2	1	93	93	0.12456037514670402	1	1	290	134	3	0	+A
H11_BC95_191109_LF_LIB_consensus_vsearch	4211	G	R	416	14	3.24%	2	2	93	93	5.4813912517372454E-5	1	1	284	132	13	1	A
H11_BC95_191109_LF_LIB_consensus_vsearch	4212	G	G	433	2	0.46%	2	2	93	93	0.2497123130030455	1	1	299	134	1	1	+A
H11_BC95_191109_LF_LIB_consensus_vsearch	4213	G	G	436	1	0.23%	2	1	93	93	0.5000000000008233	1	1	299	137	1	0	-A
H11_BC95_191109_LF_LIB_consensus_vsearch	4214	A	A	429	3	0.69%	2	2	93	93	0.12456546929309553	1	1	294	135	2	1	G
H11_BC95_191109_LF_LIB_consensus_vsearch	4215	C	C	429	2	0.46%	2	1	93	93	0.2497096399537788	1	1	293	136	2	0	-T
H11_BC95_191109_LF_LIB_consensus_vsearch	4216	T	T	425	2	0.46%	2	1	93	93	0.24970691676425003	1	1	293	132	2	0	+A
H11_BC95_191109_LF_LIB_consensus_vsearch	4217	G	G	419	5	1.14%	2	2	93	93	0.03088170570687224	1	1	286	133	3	2	-T
H11_BC95_191109_LF_LIB_consensus_vsearch	4218	T	T	421	5	1.17%	2	1	93	93	0.030883433748668913	1	1	292	129	0	5	C
H11_BC95_191109_LF_LIB_consensus_vsearch	4219	T	*/+A	415	9	2.08%	2	1	93	93	0.0018711388771604682	1	1	285	130	9	0	+A
H11_BC95_191109_LF_LIB_consensus_vsearch	4220	G	K	409	9	2.09%	2	1	93	93	0.0018699755869600776	1	1	278	131	9	0	T
H11_BC95_191109_LF_LIB_consensus_vsearch	4221	T	T	413	6	1.39%	2	2	93	93	0.015345987728683596	1	1	291	122	1	5	-GC
H11_BC95_191109_LF_LIB_consensus_vsearch	4222	G	G	420	2	0.47%	2	1	93	93	0.24970344009506698	1	1	291	129	2	0	-CA
H11_BC95_191109_LF_LIB_consensus_vsearch	4223	C	Y	415	8	1.87%	2	2	93	93	0.003777960974854116	1	1	292	123	1	7	T
H11_BC95_191109_LF_LIB_consensus_vsearch	4224	A	A	427	4	0.93%	2	2	93	93	0.06206471344608787	1	1	291	136	3	1	G
H11_BC95_191109_LF_LIB_consensus_vsearch	4225	T	*/-GT	422	7	1.61%	2	1	93	93	0.007622180052576428	1	1	288	134	7	0	-GT
H11_BC95_191109_LF_LIB_consensus_vsearch	4226	G	*/-T	417	11	2.56%	2	1	93	93	4.575287206333824E-4	1	1	291	126	0	11	-T
H11_BC95_191109_LF_LIB_consensus_vsearch	4227	T	T	406	6	1.43%	2	1	93	93	0.015341258902214253	1	1	290	116	0	6	+G
H11_BC95_191109_LF_LIB_consensus_vsearch	4228	A	*/+G	413	9	2.06%	2	2	93	93	0.001870754746824021	1	1	297	116	1	8	+G
H11_BC95_191109_LF_LIB_consensus_vsearch	4229	T	T	417	6	1.4%	2	2	93	93	0.015348619815559206	1	1	294	123	2	4	C
H11_BC95_191109_LF_LIB_consensus_vsearch	4230	T	T	427	6	1.38%	2	2	93	93	0.015354987779940706	1	1	297	130	1	5	C
H11_BC95_191109_LF_LIB_consensus_vsearch	4231	A	A	426	2	0.46%	2	1	93	93	0.2497076023388982	1	1	296	130	0	2	+T
H11_BC95_191109_LF_LIB_consensus_vsearch	4232	T	T	428	6	1.38%	2	1	93	93	0.015355608474412826	1	1	300	128	0	6	-C
H11_BC95_191109_LF_LIB_consensus_vsearch	4233	C	*/-T	423	7	1.62%	2	1	93	93	0.007622620571895094	1	1	300	123	0	7	-T
H11_BC95_191109_LF_LIB_consensus_vsearch	4234	T	*/-C	381	40	9.3%	2	2	93	93	3.4396301940691636E-13	1	1	261	120	39	1	-C
H11_BC95_191109_LF_LIB_consensus_vsearch	4235	C	C	394	1	0.25%	2	1	93	93	0.4999999999999138	1	1	258	136	1	0	+A
H11_BC95_191109_LF_LIB_consensus_vsearch	4236	C	C	430	4	0.92%	2	2	93	93	0.062067724063454545	1	1	297	133	1	3	-T
H11_BC95_191109_LF_LIB_consensus_vsearch	4237	T	Y	412	9	2.08%	2	2	93	93	0.001870561328848028	1	1	293	119	1	8	C
H11_BC95_191109_LF_LIB_consensus_vsearch	4238	G	G	428	4	0.92%	2	2	93	93	0.06206572163388339	1	1	294	134	2	2	-A
H11_BC95_191109_LF_LIB_consensus_vsearch	4239	A	A	431	1	0.23%	2	1	93	93	0.4999999999999138	1	1	296	135	1	0	+G
H11_BC95_191109_LF_LIB_consensus_vsearch	4240	A	A	428	6	1.37%	2	2	93	93	0.015355608474412826	1	1	295	133	3	3	-T
H11_BC95_191109_LF_LIB_consensus_vsearch	4241	T	T	428	3	0.7%	2	1	93	93	0.12456445993035366	1	1	297	131	0	3	C
H11_BC95_191109_LF_LIB_consensus_vsearch	4242	T	T	435	1	0.23%	2	1	93	93	0.5000000000008233	1	1	299	136	0	1	+C
H11_BC95_191109_LF_LIB_consensus_vsearch	4243	T	T	434	2	0.46%	2	1	93	93	0.24971297359331265	1	1	297	137	2	0	C
H11_BC95_191109_LF_LIB_consensus_vsearch	4244	G	G	430	3	0.69%	2	2	93	93	0.12456647398843287	1	1	296	134	2	1	A
H11_BC95_191109_LF_LIB_consensus_vsearch	4245	T	T	431	2	0.46%	2	1	93	93	0.24971098265883573	1	1	295	136	2	0	-C
H11_BC95_191109_LF_LIB_consensus_vsearch	4246	C	*/-AC	419	8	1.84%	2	2	93	93	0.0037791534811211507	1	1	285	134	6	2	-AC
H11_BC95_191109_LF_LIB_consensus_vsearch	4247	A	A	420	3	0.71%	2	1	93	93	0.12455621301805807	1	1	286	134	3	0	G
H11_BC95_191109_LF_LIB_consensus_vsearch	4248	C	*/-G	411	10	2.35%	2	2	93	93	9.251755912194793E-4	1	1	280	131	8	2	-G
H11_BC95_191109_LF_LIB_consensus_vsearch	4249	G	G	419	2	0.47%	2	2	93	93	0.24970273483926292	1	1	285	134	1	1	T
H11_BC95_191109_LF_LIB_consensus_vsearch	4250	G	*/-C	416	11	2.52%	2	2	93	93	4.574581519691363E-4	1	1	282	134	10	1	-C
H11_BC95_191109_LF_LIB_consensus_vsearch	4251	C	C	421	3	0.7%	2	1	93	93	0.12455726092075974	1	1	287	134	3	0	T
H11_BC95_191109_LF_LIB_consensus_vsearch	4252	T	T	421	6	1.38%	2	2	93	93	0.01535120270746072	1	1	289	132	4	2	C
H11_BC95_191109_LF_LIB_consensus_vsearch	4253	A	*/-G	414	9	2.07%	2	2	93	93	0.0018709472608215796	1	1	282	132	8	1	-G
H11_BC95_191109_LF_LIB_consensus_vsearch	4254	G	G	418	4	0.94%	2	1	93	93	0.06205542461311247	1	1	283	135	4	0	-C
H11_BC95_191109_LF_LIB_consensus_vsearch	4255	C	C	419	6	1.4%	2	2	93	93	0.015349917324271899	1	1	285	134	5	1	A
H11_BC95_191109_LF_LIB_consensus_vsearch	4256	C	Y	420	10	2.29%	2	2	93	93	9.262346650300045E-4	1	1	286	134	9	1	T
H11_BC95_191109_LF_LIB_consensus_vsearch	4257	A	A	427	2	0.46%	2	2	93	93	0.24970828471410914	1	1	291	136	1	1	+G
H11_BC95_191109_LF_LIB_consensus_vsearch	4258	T	T	419	5	1.15%	2	1	93	93	0.03088170570687224	1	1	291	128	0	5	-GT
H11_BC95_191109_LF_LIB_consensus_vsearch	4259	G	G	426	3	0.69%	2	1	93	93	0.1245624270712429	1	1	294	132	3	0	-TA
H11_BC95_191109_LF_LIB_consensus_vsearch	4260	T	T	420	4	0.93%	2	1	93	93	0.062057522896676466	1	1	289	131	4	0	C
H11_BC95_191109_LF_LIB_consensus_vsearch	4261	A	R	417	11	2.54%	2	1	93	93	4.575287206333824E-4	1	1	281	136	11	0	G
H11_BC95_191109_LF_LIB_consensus_vsearch	4262	C	*/-A	344	65	14.94%	2	2	93	93	1.7089673855743445E-21	1	1	216	128	60	5	-A
H11_BC95_191109_LF_LIB_consensus_vsearch	4263	A	A	363	3	0.82%	2	1	93	93	0.12448700410399625	1	1	233	130	3	0	G
H11_BC95_191109_LF_LIB_consensus_vsearch	4264	A	A	429	2	0.46%	2	1	93	93	0.2497096399537788	1	1	293	136	2	0	G
H11_BC95_191109_LF_LIB_consensus_vsearch	4265	A	A	433	1	0.23%	2	1	93	93	0.4999999999999138	1	1	298	135	1	0	+G
H11_BC95_191109_LF_LIB_consensus_vsearch	4266	A	A	434	1	0.23%	2	1	93	93	0.4999999999999138	1	1	297	137	1	0	+T
H11_BC95_191109_LF_LIB_consensus_vsearch	4267	T	T	434	2	0.46%	2	2	93	93	0.24971297359331265	1	1	298	136	1	1	C
H11_BC95_191109_LF_LIB_consensus_vsearch	4268	T	*/-C	420	13	2.97%	2	2	93	93	1.1140871758939428E-4	1	1	295	125	1	12	-C
H11_BC95_191109_LF_LIB_consensus_vsearch	4269	C	C	417	2	0.47%	2	1	93	93	0.24970131421759778	1	1	292	125	2	0	+A
H11_BC95_191109_LF_LIB_consensus_vsearch	4270	G	G	434	1	0.23%	2	1	93	93	0.4999999999999138	1	1	297	137	1	0	+AA
H11_BC95_191109_LF_LIB_consensus_vsearch	4271	A	A	429	3	0.69%	2	1	93	93	0.12456546929309553	1	1	294	135	3	0	+G
H11_BC95_191109_LF_LIB_consensus_vsearch	4272	C	C	427	3	0.69%	2	1	93	93	0.12456344586746677	1	1	297	130	0	3	+T
H11_BC95_191109_LF_LIB_consensus_vsearch	4273	T	T	418	4	0.92%	2	1	93	93	0.06205542461311247	1	1	295	123	0	4	-C
H11_BC95_191109_LF_LIB_consensus_vsearch	4274	C	C	421	3	0.7%	2	1	93	93	0.12455726092075974	1	1	292	129	3	0	+T
H11_BC95_191109_LF_LIB_consensus_vsearch	4275	T	*/+CT	420	7	1.63%	2	2	93	93	0.007621292853586086	1	1	294	126	2	5	+CT
H11_BC95_191109_LF_LIB_consensus_vsearch	4276	T	T	425	6	1.38%	2	2	93	93	0.015353737770788975	1	1	292	133	5	1	+C
H11_BC95_191109_LF_LIB_consensus_vsearch	4277	C	*/+A	404	15	3.45%	2	2	93	93	2.6864125215700153E-5	1	1	276	128	14	1	+A
H11_BC95_191109_LF_LIB_consensus_vsearch	4278	A	A	425	1	0.23%	2	1	93	93	0.4999999999999138	1	1	292	133	1	0	+G
H11_BC95_191109_LF_LIB_consensus_vsearch	4279	A	A	424	4	0.93%	2	2	93	93	0.06206166059929218	1	1	293	131	2	2	-G
H11_BC95_191109_LF_LIB_consensus_vsearch	4280	G	G	420	5	1.15%	2	1	93	93	0.030882571759557657	1	1	290	130	5	0	A
H11_BC95_191109_LF_LIB_consensus_vsearch	4281	T	T	424	4	0.93%	2	2	93	93	0.06206166059929218	1	1	297	127	1	3	C
H11_BC95_191109_LF_LIB_consensus_vsearch	4282	G	G	426	5	1.15%	2	2	93	93	0.0308876837313223	1	1	294	132	4	1	-A
H11_BC95_191109_LF_LIB_consensus_vsearch	4283	A	A	429	1	0.23%	2	1	93	93	0.4999999999999138	1	1	294	135	0	1	+TA
H11_BC95_191109_LF_LIB_consensus_vsearch	4284	A	A	434	3	0.69%	2	1	93	93	0.12457044673541934	1	1	297	137	3	0	G
H11_BC95_191109_LF_LIB_consensus_vsearch	4285	T	T	433	2	0.46%	2	2	93	93	0.2497123130030455	1	1	298	135	1	1	C
H11_BC95_191109_LF_LIB_consensus_vsearch	4286	C	*/-A	425	7	1.61%	2	2	93	93	0.007623495521158642	1	1	291	134	6	1	-A
H11_BC95_191109_LF_LIB_consensus_vsearch	4287	A	R	413	9	2.1%	2	2	93	93	0.001870754746824021	1	1	279	134	7	2	G
H11_BC95_191109_LF_LIB_consensus_vsearch	4288	T	T	419	6	1.38%	2	2	93	93	0.015349917324271899	1	1	286	133	5	1	-A
H11_BC95_191109_LF_LIB_consensus_vsearch	4289	A	A	422	2	0.47%	2	2	93	93	0.2497048406136616	1	1	288	134	1	1	C
H11_BC95_191109_LF_LIB_consensus_vsearch	4290	A	R	415	15	3.45%	2	1	93	93	2.6953413247305517E-5	1	1	281	134	15	0	G
H11_BC95_191109_LF_LIB_consensus_vsearch	4291	C	*/-T	419	7	1.61%	2	2	93	93	0.007620846145152445	1	1	285	134	5	2	-T
H11_BC95_191109_LF_LIB_consensus_vsearch	4292	T	Y	410	9	2.09%	2	1	93	93	0.0018701717553889113	1	1	290	120	0	9	C
H11_BC95_191109_LF_LIB_consensus_vsearch	4293	G	G	429	4	0.92%	2	1	93	93	0.062066725162242674	1	1	293	136	4	0	-A
H11_BC95_191109_LF_LIB_consensus_vsearch	4294	A	A	423	3	0.7%	2	1	93	93	0.12455934195065375	1	1	291	132	0	3	+T
H11_BC95_191109_LF_LIB_consensus_vsearch	4295	T	T	430	2	0.46%	2	1	93	93	0.24971031286224527	1	1	295	135	2	0	G
H11_BC95_191109_LF_LIB_consensus_vsearch	4296	T	T	433	1	0.23%	2	1	93	93	0.4999999999999138	1	1	297	136	1	0	+G
H11_BC95_191109_LF_LIB_consensus_vsearch	4297	T	T	427	5	1.14%	2	1	93	93	0.03088852192937873	1	1	292	135	5	0	-A
H11_BC95_191109_LF_LIB_consensus_vsearch	4298	A	A	429	1	0.23%	2	1	93	93	0.4999999999999138	1	1	292	137	1	0	+GCC
H11_BC95_191109_LF_LIB_consensus_vsearch	4299	A	A	427	3	0.69%	2	1	93	93	0.12456344586746677	1	1	291	136	3	0	G
H11_BC95_191109_LF_LIB_consensus_vsearch	4300	T	T	423	3	0.69%	2	1	93	93	0.12455934195065375	1	1	287	136	3	0	-G
H11_BC95_191109_LF_LIB_consensus_vsearch	4301	G	*/-A	425	7	1.61%	2	1	93	93	0.007623495521158642	1	1	288	137	7	0	-A
H11_BC95_191109_LF_LIB_consensus_vsearch	4302	A	A	423	3	0.7%	2	2	93	93	0.12455934195065375	1	1	287	136	2	1	G
H11_BC95_191109_LF_LIB_consensus_vsearch	4303	G	G	432	2	0.46%	2	1	93	93	0.2497116493653279	1	1	295	137	2	0	+C
H11_BC95_191109_LF_LIB_consensus_vsearch	4304	C	C	431	3	0.69%	2	1	93	93	0.12456747404820136	1	1	295	136	3	0	G
H11_BC95_191109_LF_LIB_consensus_vsearch	4305	C	C	432	4	0.92%	2	1	93	93	0.06206970811168755	1	1	300	132	0	4	T
H11_BC95_191109_LF_LIB_consensus_vsearch	4306	A	A	427	6	1.38%	2	2	93	93	0.015354987779940706	1	1	292	135	5	1	+T
H11_BC95_191109_LF_LIB_consensus_vsearch	4307	T	*/+C	429	7	1.61%	2	1	93	93	0.007625221451403564	1	1	300	129	0	7	+C
H11_BC95_191109_LF_LIB_consensus_vsearch	4308	T	*/-C	423	8	1.83%	2	2	93	93	0.003780324023462628	1	1	295	128	1	7	-C
H11_BC95_191109_LF_LIB_consensus_vsearch	4309	C	C	414	4	0.93%	2	1	93	93	0.062051167772440206	1	1	291	123	4	0	+AC
H11_BC95_191109_LF_LIB_consensus_vsearch	4310	G	G	426	2	0.46%	2	1	93	93	0.2497076023388982	1	1	290	136	2	0	A
H11_BC95_191109_LF_LIB_consensus_vsearch	4311	C	C	430	2	0.46%	2	1	93	93	0.24971031286224527	1	1	296	134	0	2	T
H11_BC95_191109_LF_LIB_consensus_vsearch	4312	A	A	430	3	0.69%	2	1	93	93	0.12456647398843287	1	1	293	137	3	0	G
H11_BC95_191109_LF_LIB_consensus_vsearch	4313	G	G	427	3	0.69%	2	2	93	93	0.12456344586746677	1	1	292	135	2	1	-T
H11_BC95_191109_LF_LIB_consensus_vsearch	4314	T	T	429	3	0.69%	2	2	93	93	0.12456546929309553	1	1	296	133	1	2	C
H11_BC95_191109_LF_LIB_consensus_vsearch	4315	T	T	431	4	0.92%	2	2	93	93	0.06206871836935933	1	1	298	133	1	3	C
H11_BC95_191109_LF_LIB_consensus_vsearch	4316	T	T	429	3	0.69%	2	2	93	93	0.12456546929309553	1	1	297	132	1	2	+C
H11_BC95_191109_LF_LIB_consensus_vsearch	4317	C	C	429	5	1.15%	2	2	93	93	0.030890186744528703	1	1	298	131	1	4	-A
H11_BC95_191109_LF_LIB_consensus_vsearch	4318	A	A	429	2	0.46%	2	1	93	93	0.2497096399537788	1	1	296	133	2	0	G
H11_BC95_191109_LF_LIB_consensus_vsearch	4319	A	A	432	2	0.46%	2	1	93	93	0.2497116493653279	1	1	298	134	0	2	C
H11_BC95_191109_LF_LIB_consensus_vsearch	4320	T	T	429	5	1.15%	2	2	93	93	0.030890186744528703	1	1	298	131	1	4	C
H11_BC95_191109_LF_LIB_consensus_vsearch	4321	T	T	432	1	0.23%	2	1	93	93	0.5000000000008233	1	1	298	134	0	1	+AA
H11_BC95_191109_LF_LIB_consensus_vsearch	4322	G	G	426	4	0.92%	2	1	93	93	0.06206370056623179	1	1	290	136	4	0	+T
H11_BC95_191109_LF_LIB_consensus_vsearch	4323	T	T	427	5	1.16%	2	2	93	93	0.03088852192937873	1	1	294	133	2	3	C
H11_BC95_191109_LF_LIB_consensus_vsearch	4324	T	T	433	1	0.23%	2	1	93	93	0.4999999999999138	1	1	297	136	1	0	+GTT
H11_BC95_191109_LF_LIB_consensus_vsearch	4325	T	*/-A	395	18	4.14%	2	2	93	93	3.1569528703392574E-6	1	1	261	134	17	1	-A
H11_BC95_191109_LF_LIB_consensus_vsearch	4326	A	A	409	3	0.72%	2	2	93	93	0.1245443499393469	1	1	277	132	2	1	G
H11_BC95_191109_LF_LIB_consensus_vsearch	4327	A	A	423	4	0.92%	2	1	93	93	0.06206063344550859	1	1	291	132	4	0	-G
H11_BC95_191109_LF_LIB_consensus_vsearch	4328	G	G	426	2	0.46%	2	1	93	93	0.2497076023388982	1	1	293	133	2	0	+A
H11_BC95_191109_LF_LIB_consensus_vsearch	4329	G	G	428	3	0.69%	2	1	93	93	0.12456445993035366	1	1	297	131	0	3	+C
H11_BC95_191109_LF_LIB_consensus_vsearch	4330	T	T	430	2	0.46%	2	2	93	93	0.24971031286224527	1	1	297	133	1	1	C
H11_BC95_191109_LF_LIB_consensus_vsearch	4331	C	C	428	4	0.92%	2	2	93	93	0.06206572163388339	1	1	295	133	1	3	-T
H11_BC95_191109_LF_LIB_consensus_vsearch	4332	T	*/+C	404	11	2.55%	2	1	93	93	4.5658536003316156E-4	1	1	277	127	11	0	+C
H11_BC95_191109_LF_LIB_consensus_vsearch	4333	C	*/+T	403	16	3.73%	2	1	93	93	1.3187249802108927E-5	1	1	289	114	0	16	+T
H11_BC95_191109_LF_LIB_consensus_vsearch	4334	T	*/+G	407	7	1.65%	2	1	93	93	0.007615318149966635	1	1	283	124	0	7	+G
H11_BC95_191109_LF_LIB_consensus_vsearch	4335	G	G	428	2	0.46%	2	2	93	93	0.24970896391120487	1	1	293	135	1	1	-A
H11_BC95_191109_LF_LIB_consensus_vsearch	4336	A	A	428	1	0.23%	2	1	93	93	0.5000000000008233	1	1	294	134	1	0	+CG
H11_BC95_191109_LF_LIB_consensus_vsearch	4337	A	A	431	3	0.69%	2	2	93	93	0.12456747404820136	1	1	297	134	2	1	G
H11_BC95_191109_LF_LIB_consensus_vsearch	4338	C	C	431	2	0.46%	2	2	93	93	0.24971098265883573	1	1	298	133	1	1	-T
H11_BC95_191109_LF_LIB_consensus_vsearch	4339	T	T	424	6	1.38%	2	2	93	93	0.015353108416041601	1	1	294	130	2	4	-C
H11_BC95_191109_LF_LIB_consensus_vsearch	4340	C	*/-TC	310	115	26.81%	2	2	93	93	3.127522545600721E-39	1	1	282	28	15	100	-TC
H11_BC95_191109_LF_LIB_consensus_vsearch	4341	T	T	310	2	0.63%	2	2	93	93	0.24959871589081897	1	1	282	28	1	1	-C
H11_BC95_191109_LF_LIB_consensus_vsearch	4342	C	C	304	3	0.95%	2	1	93	93	0.12438825448606691	1	1	274	30	3	0	+TC
H11_BC95_191109_LF_LIB_consensus_vsearch	4343	G	G	426	2	0.47%	2	1	93	93	0.2497076023388982	1	1	291	135	2	0	T
H11_BC95_191109_LF_LIB_consensus_vsearch	4344	C	C	421	6	1.4%	2	2	93	93	0.01535120270746072	1	1	291	130	2	4	T
H11_BC95_191109_LF_LIB_consensus_vsearch	4345	A	A	425	2	0.46%	2	1	93	93	0.24970691676425003	1	1	292	133	2	0	G
H11_BC95_191109_LF_LIB_consensus_vsearch	4346	T	T	425	4	0.93%	2	2	93	93	0.0620626829618069	1	1	292	133	3	1	C
H11_BC95_191109_LF_LIB_consensus_vsearch	4347	G	G	427	3	0.69%	2	2	93	93	0.12456344586746677	1	1	292	135	2	1	+TG
H11_BC95_191109_LF_LIB_consensus_vsearch	4348	C	C	428	3	0.69%	2	2	93	93	0.12456445993035366	1	1	294	134	1	2	T
H11_BC95_191109_LF_LIB_consensus_vsearch	4349	A	A	423	6	1.38%	2	2	93	93	0.015352476134252922	1	1	288	135	5	1	G
H11_BC95_191109_LF_LIB_consensus_vsearch	4350	T	T	422	5	1.15%	2	2	93	93	0.030884291702852337	1	1	291	131	3	2	C
H11_BC95_191109_LF_LIB_consensus_vsearch	4351	G	G	421	3	0.7%	2	2	93	93	0.12455726092075974	1	1	290	131	2	1	A
H11_BC95_191109_LF_LIB_consensus_vsearch	4352	G	G	426	2	0.46%	2	2	93	93	0.2497076023388982	1	1	294	132	1	1	A
H11_BC95_191109_LF_LIB_consensus_vsearch	4353	C	C	419	5	1.15%	2	2	93	93	0.03088170570687224	1	1	291	128	1	4	T
H11_BC95_191109_LF_LIB_consensus_vsearch	4354	T	T	425	3	0.7%	2	2	93	93	0.12456140350894482	1	1	291	134	2	1	C
H11_BC95_191109_LF_LIB_consensus_vsearch	4355	T	T	428	3	0.69%	2	2	93	93	0.12456445993035366	1	1	295	133	2	1	+A
H11_BC95_191109_LF_LIB_consensus_vsearch	4356	A	A	425	6	1.38%	2	2	93	93	0.015353737770788975	1	1	293	132	4	2	G
H11_BC95_191109_LF_LIB_consensus_vsearch	4357	G	G	429	3	0.69%	2	1	93	93	0.12456546929309553	1	1	297	132	0	3	A
H11_BC95_191109_LF_LIB_consensus_vsearch	4358	T	*/-C	411	19	4.37%	2	1	93	93	1.556577160279619E-6	1	1	277	134	19	0	-C
H11_BC95_191109_LF_LIB_consensus_vsearch	4359	C	C	414	1	0.24%	2	1	93	93	0.5000000000008233	1	1	278	136	0	1	+TTT
H11_BC95_191109_LF_LIB_consensus_vsearch	4360	C	*/+G	403	22	5.06%	2	1	93	93	1.8040052925584687E-7	1	1	293	110	0	22	+G
H11_BC95_191109_LF_LIB_consensus_vsearch	4361	G	G	429	2	0.46%	2	1	93	93	0.2497096399537788	1	1	294	135	2	0	A
H11_BC95_191109_LF_LIB_consensus_vsearch	4362	A	A	431	1	0.23%	2	1	93	93	0.4999999999999138	1	1	296	135	1	0	+T
H11_BC95_191109_LF_LIB_consensus_vsearch	4363	T	T	427	3	0.69%	2	1	93	93	0.12456344586746677	1	1	298	129	0	3	-G
H11_BC95_191109_LF_LIB_consensus_vsearch	4364	G	G	429	2	0.46%	2	2	93	93	0.2497096399537788	1	1	296	133	1	1	A
H11_BC95_191109_LF_LIB_consensus_vsearch	4365	G	G	433	1	0.23%	2	1	93	93	0.4999999999999138	1	1	296	137	1	0	+TT
H11_BC95_191109_LF_LIB_consensus_vsearch	4366	A	A	427	2	0.46%	2	1	93	93	0.24970828471410914	1	1	295	132	0	2	+T
H11_BC95_191109_LF_LIB_consensus_vsearch	4367	C	C	424	3	0.7%	2	1	93	93	0.12456037514670402	1	1	292	132	3	0	+A
H11_BC95_191109_LF_LIB_consensus_vsearch	4368	A	A	426	1	0.23%	2	1	93	93	0.4999999999999138	1	1	294	132	1	0	+G
H11_BC95_191109_LF_LIB_consensus_vsearch	4369	A	A	420	5	1.16%	2	2	93	93	0.030882571759557657	1	1	287	133	3	2	-G
H11_BC95_191109_LF_LIB_consensus_vsearch	4370	G	R	402	15	3.57%	2	1	93	93	2.68474088688777E-5	1	1	271	131	15	0	A
H11_BC95_191109_LF_LIB_consensus_vsearch	4371	C	C	414	2	0.48%	2	1	93	93	0.24969915764112557	1	1	282	132	2	0	-A
H11_BC95_191109_LF_LIB_consensus_vsearch	4372	A	A	405	2	0.49%	2	2	93	93	0.2496924969251474	1	1	273	132	1	1	G
H11_BC95_191109_LF_LIB_consensus_vsearch	4373	T	*/-AT	387	11	2.74%	2	2	93	93	4.5526079174589983E-4	1	1	258	129	9	2	-AT
H11_BC95_191109_LF_LIB_consensus_vsearch	4374	A	A	367	2	0.54%	2	1	93	93	0.24966078697405694	1	1	238	129	2	0	+CT
H11_BC95_191109_LF_LIB_consensus_vsearch	4375	T	T	359	1	0.28%	2	1	93	93	0.4999999999999138	1	1	233	126	0	1	A
H11_BC95_191109_LF_LIB_consensus_vsearch	4376	G	G	361	0	0%	2	0	93	0	1.0	1	0	230	131	0	0	
H11_BC95_191109_LF_LIB_consensus_vsearch	4377	A	A	347	1	0.29%	2	1	93	93	0.4999999999999138	1	1	216	131	1	0	-C
H11_BC95_191109_LF_LIB_consensus_vsearch	4378	C	C	333	0	0%	2	0	93	0	1.0	1	0	204	129	0	0	
H11_BC95_191109_LF_LIB_consensus_vsearch	4379	T	T	312	0	0%	2	0	93	0	1.0	1	0	183	129	0	0	
H11_BC95_191109_LF_LIB_consensus_vsearch	4380	A	A	283	0	0%	2	0	93	0	1.0	1	0	156	127	0	0	
H11_BC95_191109_LF_LIB_consensus_vsearch	4381	C	C	256	0	0%	2	0	93	0	1.0	1	0	131	125	0	0	
