Chrom	Position	Ref	Cons	Reads1	Reads2	VarFreq	Strands1	Strands2	Qual1	Qual2	Pvalue	MapQual1	MapQual2	Reads1Plus	Reads1Minus	Reads2Plus	Reads2Minus	VarAllele
H11_BC95_191109_LF_LIB_consensus_vsearch	20	A	R	383	36	8.45%	2	2	93	93	6.635406956135579E-12	1	1	267	116	21	15	G
H11_BC95_191109_LF_LIB_consensus_vsearch	28	C	Y	408	9	2.08%	2	2	93	93	0.0018697784886581234	1	1	283	125	2	7	T
H11_BC95_191109_LF_LIB_consensus_vsearch	35	G	K	411	8	1.86%	2	1	93	93	0.003776745880714396	1	1	281	130	8	0	T
H11_BC95_191109_LF_LIB_consensus_vsearch	37	G	R	408	11	2.56%	2	2	93	93	4.5688172943049915E-4	1	1	279	129	10	1	A
H11_BC95_191109_LF_LIB_consensus_vsearch	52	G	R	414	14	3.23%	2	2	93	93	5.478593949196498E-5	1	1	281	133	11	3	A
H11_BC95_191109_LF_LIB_consensus_vsearch	53	C	Y	396	25	5.83%	2	2	93	93	2.064677334554654E-8	1	1	281	115	7	18	T
H11_BC95_191109_LF_LIB_consensus_vsearch	66	T	Y	390	9	2.22%	2	2	93	93	0.0018660638404102402	1	1	274	116	2	7	C
H11_BC95_191109_LF_LIB_consensus_vsearch	69	C	Y	409	10	2.32%	2	2	93	93	9.249341612898154E-4	1	1	280	129	3	7	T
H11_BC95_191109_LF_LIB_consensus_vsearch	71	A	R	402	24	5.58%	2	1	93	93	4.271528395416842E-8	1	1	265	137	24	0	G
H11_BC95_191109_LF_LIB_consensus_vsearch	77	G	R	407	8	1.88%	2	1	93	93	0.0037755075508262973	1	1	271	136	8	0	A
H11_BC95_191109_LF_LIB_consensus_vsearch	78	G	R	408	7	1.61%	2	1	93	93	0.007615790966496023	1	1	271	137	7	0	-T
H11_BC95_191109_LF_LIB_consensus_vsearch	79	T	Y	388	16	3.79%	2	2	93	93	1.3114605407806796E-5	1	1	258	130	12	4	C
H11_BC95_191109_LF_LIB_consensus_vsearch	83	A	M	392	11	2.62%	2	1	93	93	4.5566171886911473E-4	1	1	258	134	11	0	C
H11_BC95_191109_LF_LIB_consensus_vsearch	89	A	R	374	9	2.16%	2	2	93	93	0.0018624725413075014	1	1	256	118	8	1	-C
H11_BC95_191109_LF_LIB_consensus_vsearch	90	C	S	372	15	3.71%	2	1	93	93	2.6576986497768562E-5	1	1	259	113	15	0	G
H11_BC95_191109_LF_LIB_consensus_vsearch	90	C	Y	372	10	2.48%	2	2	93	93	9.200196787898532E-4	1	1	259	113	2	8	G
H11_BC95_191109_LF_LIB_consensus_vsearch	91	C	Y	374	35	8.12%	2	2	93	93	1.3615538394106626E-11	1	1	280	94	4	31	T
H11_BC95_191109_LF_LIB_consensus_vsearch	92	A	R	391	7	1.69%	2	2	93	93	0.007607431615374521	1	1	284	107	2	5	G
H11_BC95_191109_LF_LIB_consensus_vsearch	92	A	W	391	13	3.13%	2	2	93	93	1.1066876939038198E-4	1	1	284	107	1	12	T
H11_BC95_191109_LF_LIB_consensus_vsearch	93	A	R	405	11	2.53%	2	2	93	93	4.566599754610742E-4	1	1	290	115	5	6	-G
H11_BC95_191109_LF_LIB_consensus_vsearch	104	C	Y	395	20	4.61%	2	1	93	93	7.543651339090008E-7	1	1	288	107	0	20	T
H11_BC95_191109_LF_LIB_consensus_vsearch	108	C	M	376	7	1.61%	2	2	93	93	0.007599442747600996	1	1	269	107	5	2	+G
H11_BC95_191109_LF_LIB_consensus_vsearch	108	C	Y	376	19	4.37%	2	2	93	93	1.5281331789884465E-6	1	1	269	107	4	15	T
H11_BC95_191109_LF_LIB_consensus_vsearch	111	A	R	411	12	2.8%	2	2	93	93	2.2557498827275595E-4	1	1	275	136	11	1	G
H11_BC95_191109_LF_LIB_consensus_vsearch	114	G	R	382	15	3.73%	2	2	93	93	2.6671442214013996E-5	1	1	278	104	14	1	A
H11_BC95_191109_LF_LIB_consensus_vsearch	117	C	Y	391	22	5.28%	2	1	93	93	1.7890571566968725E-7	1	1	280	111	0	22	T
H11_BC95_191109_LF_LIB_consensus_vsearch	118	C	Y	398	19	4.38%	2	2	93	93	1.5465225927437376E-6	1	1	291	107	1	18	T
H11_BC95_191109_LF_LIB_consensus_vsearch	119	G	R	408	22	5.08%	2	2	93	93	1.8100159322079772E-7	1	1	293	115	1	21	A
H11_BC95_191109_LF_LIB_consensus_vsearch	120	C	Y	403	23	5.31%	2	1	93	93	8.786841289852207E-8	1	1	293	110	0	23	T
H11_BC95_191109_LF_LIB_consensus_vsearch	124	A	R	152	23	5.3%	2	2	93	93	5.502319621825916E-8	1	1	138	14	22	1	+G
H11_BC95_191109_LF_LIB_consensus_vsearch	126	G	R	341	14	3.24%	2	2	93	93	5.3559257639583245E-5	1	1	208	133	13	1	+AG
H11_BC95_191109_LF_LIB_consensus_vsearch	137	C	M	396	10	2.31%	2	1	93	93	9.233078414853612E-4	1	1	285	111	10	0	A
H11_BC95_191109_LF_LIB_consensus_vsearch	137	C	Y	396	18	4.17%	2	1	93	93	3.1584277576268335E-6	1	1	285	111	0	18	T
H11_BC95_191109_LF_LIB_consensus_vsearch	138	C	Y	405	18	4.14%	2	2	93	93	3.171410873712411E-6	1	1	288	117	7	11	T
H11_BC95_191109_LF_LIB_consensus_vsearch	143	G	R	418	14	3.23%	2	1	93	93	5.4841636470744183E-5	1	1	282	136	14	0	A
H11_BC95_191109_LF_LIB_consensus_vsearch	146	A	R	381	38	8.86%	2	1	93	93	1.5112030319383308E-12	1	1	253	128	38	0	G
H11_BC95_191109_LF_LIB_consensus_vsearch	154	A	R	421	9	2.08%	2	2	93	93	0.0018722700711233777	1	1	286	135	8	1	G
H11_BC95_191109_LF_LIB_consensus_vsearch	164	G	R	405	8	1.9%	2	1	93	93	0.003774879463209244	1	1	268	137	8	0	A
H11_BC95_191109_LF_LIB_consensus_vsearch	173	T	Y	417	11	2.55%	2	2	93	93	4.575287206333824E-4	1	1	291	126	3	8	C
H11_BC95_191109_LF_LIB_consensus_vsearch	180	A	R	411	9	2.09%	2	2	93	93	0.0018703670005234343	1	1	278	133	8	1	G
H11_BC95_191109_LF_LIB_consensus_vsearch	185	A	R	406	12	2.78%	2	1	93	93	2.2535869113636013E-4	1	1	271	135	12	0	G
H11_BC95_191109_LF_LIB_consensus_vsearch	187	G	R	417	13	3.01%	2	1	93	93	1.113366520436279E-4	1	1	284	133	13	0	A
H11_BC95_191109_LF_LIB_consensus_vsearch	192	T	Y	418	8	1.85%	2	2	93	93	0.003778857437644956	1	1	291	127	2	6	C
H11_BC95_191109_LF_LIB_consensus_vsearch	198	G	R	416	7	1.62%	2	2	93	93	0.007619493408432325	1	1	281	135	6	1	A
H11_BC95_191109_LF_LIB_consensus_vsearch	200	C	Y	416	12	2.78%	2	2	93	93	2.257863627265534E-4	1	1	285	131	6	6	T
H11_BC95_191109_LF_LIB_consensus_vsearch	202	A	R	425	8	1.84%	2	2	93	93	0.0037809012469126957	1	1	289	136	7	1	G
H11_BC95_191109_LF_LIB_consensus_vsearch	209	T	W	373	12	2.99%	2	1	93	93	2.2379428476008937E-4	1	1	258	115	12	0	A
H11_BC95_191109_LF_LIB_consensus_vsearch	209	T	Y	373	14	3.49%	2	2	93	93	5.415150063894175E-5	1	1	258	115	13	1	C
H11_BC95_191109_LF_LIB_consensus_vsearch	210	T	Y	407	15	3.51%	2	2	93	93	2.688891654781441E-5	1	1	275	132	11	4	C
H11_BC95_191109_LF_LIB_consensus_vsearch	217	A	R	394	8	1.9%	2	1	93	93	0.0037713141940397903	1	1	264	130	8	0	-T
H11_BC95_191109_LF_LIB_consensus_vsearch	220	A	R	421	8	1.83%	2	2	93	93	0.0037797414596765903	1	1	286	135	7	1	G
H11_BC95_191109_LF_LIB_consensus_vsearch	232	T	Y	395	9	2.11%	2	2	93	93	0.0018671284895574335	1	1	274	121	2	7	-A
H11_BC95_191109_LF_LIB_consensus_vsearch	238	T	Y	429	8	1.83%	2	2	93	93	0.0037820399638697363	1	1	297	132	4	4	C
H11_BC95_191109_LF_LIB_consensus_vsearch	247	T	Y	410	8	1.86%	2	1	93	93	0.003776438502445107	1	1	288	122	0	8	C
H11_BC95_191109_LF_LIB_consensus_vsearch	251	A	R	418	10	2.31%	2	2	93	93	9.260031044371504E-4	1	1	285	133	8	2	G
H11_BC95_191109_LF_LIB_consensus_vsearch	253	A	R	418	9	2.07%	2	2	93	93	0.0018717084025872061	1	1	286	132	7	2	G
H11_BC95_191109_LF_LIB_consensus_vsearch	261	C	Y	413	7	1.63%	2	1	93	93	0.007618121440992818	1	1	292	121	0	7	T
H11_BC95_191109_LF_LIB_consensus_vsearch	264	T	Y	418	8	1.88%	2	2	93	93	0.003778857437644956	1	1	291	127	2	6	C
H11_BC95_191109_LF_LIB_consensus_vsearch	278	A	R	419	8	1.85%	2	1	93	93	0.0037791534811211507	1	1	282	137	8	0	G
H11_BC95_191109_LF_LIB_consensus_vsearch	291	G	R	420	8	1.84%	2	1	93	93	0.003779448151948946	1	1	286	134	8	0	A
H11_BC95_191109_LF_LIB_consensus_vsearch	292	T	W	405	7	1.62%	2	2	93	93	0.007614365665405034	1	1	277	128	1	6	-A
H11_BC95_191109_LF_LIB_consensus_vsearch	293	A	R	412	8	1.87%	2	1	93	93	0.003777051806882959	1	1	276	136	8	0	G
H11_BC95_191109_LF_LIB_consensus_vsearch	294	G	R	412	7	1.62%	2	1	93	93	0.007617659773976637	1	1	278	134	7	0	A
H11_BC95_191109_LF_LIB_consensus_vsearch	295	T	K	413	11	2.55%	2	2	93	93	4.572444899531022E-4	1	1	284	129	10	1	G
H11_BC95_191109_LF_LIB_consensus_vsearch	298	T	Y	404	13	3.01%	2	2	93	93	1.1101277914824134E-4	1	1	283	121	12	1	C
H11_BC95_191109_LF_LIB_consensus_vsearch	305	C	Y	420	11	2.52%	2	2	93	93	4.5773850170834535E-4	1	1	291	129	3	8	T
H11_BC95_191109_LF_LIB_consensus_vsearch	310	T	Y	386	7	1.78%	2	2	93	93	0.0076048360660226225	1	1	263	123	1	6	C
H11_BC95_191109_LF_LIB_consensus_vsearch	315	A	R	18	12	2.75%	2	2	93	93	6.180918161956404E-5	1	1	14	4	6	6	+GG
H11_BC95_191109_LF_LIB_consensus_vsearch	318	C	S	421	10	2.3%	2	1	93	93	9.263496519144309E-4	1	1	290	131	10	0	G
H11_BC95_191109_LF_LIB_consensus_vsearch	327	A	R	415	7	1.61%	2	2	93	93	0.007619038242851565	1	1	280	135	6	1	-G
H11_BC95_191109_LF_LIB_consensus_vsearch	331	C	Y	399	15	3.46%	2	2	93	93	2.6822045957007648E-5	1	1	271	128	10	5	T
H11_BC95_191109_LF_LIB_consensus_vsearch	339	A	R	404	7	1.63%	2	2	93	93	0.007613885964194907	1	1	272	132	6	1	-C
H11_BC95_191109_LF_LIB_consensus_vsearch	341	T	Y	401	12	2.76%	2	1	93	93	2.251372974218295E-4	1	1	278	123	0	12	C
H11_BC95_191109_LF_LIB_consensus_vsearch	342	A	R	362	20	4.68%	2	1	93	93	7.388451338337663E-7	1	1	258	104	20	0	-G
H11_BC95_191109_LF_LIB_consensus_vsearch	355	C	S	415	10	2.34%	2	1	93	93	9.256517413502841E-4	1	1	280	135	10	0	G
H11_BC95_191109_LF_LIB_consensus_vsearch	361	A	R	411	7	1.62%	2	1	93	93	0.007617195908814076	1	1	278	133	7	0	-G
H11_BC95_191109_LF_LIB_consensus_vsearch	382	C	Y	420	11	2.52%	2	2	93	93	4.5773850170834535E-4	1	1	295	125	2	9	T
H11_BC95_191109_LF_LIB_consensus_vsearch	395	T	Y	405	12	2.83%	2	2	93	93	2.2531482582750418E-4	1	1	295	110	2	10	C
H11_BC95_191109_LF_LIB_consensus_vsearch	404	T	K	409	23	5.31%	2	1	93	93	8.825156056877416E-8	1	1	275	134	23	0	G
H11_BC95_191109_LF_LIB_consensus_vsearch	406	G	R	424	7	1.61%	2	2	93	93	0.007623059056742502	1	1	292	132	5	2	A
H11_BC95_191109_LF_LIB_consensus_vsearch	407	C	Y	405	15	3.43%	2	2	93	93	2.6872426494871398E-5	1	1	291	114	2	13	T
H11_BC95_191109_LF_LIB_consensus_vsearch	419	A	R	397	10	2.43%	2	2	93	93	9.234365709559712E-4	1	1	265	132	7	3	G
H11_BC95_191109_LF_LIB_consensus_vsearch	420	A	R	422	7	1.61%	2	1	93	93	0.007622180052576428	1	1	288	134	7	0	G
H11_BC95_191109_LF_LIB_consensus_vsearch	435	T	Y	408	9	2.07%	2	2	93	93	0.0018697784886581234	1	1	287	121	4	5	-G
H11_BC95_191109_LF_LIB_consensus_vsearch	441	A	R	419	9	2.07%	2	2	93	93	0.0018718964903564012	1	1	285	134	8	1	G
H11_BC95_191109_LF_LIB_consensus_vsearch	444	G	R	423	9	2.06%	2	2	93	93	0.0018726402317850155	1	1	288	135	8	1	A
H11_BC95_191109_LF_LIB_consensus_vsearch	449	T	W	389	7	1.74%	2	1	93	93	0.0076064012202881484	1	1	280	109	7	0	A
H11_BC95_191109_LF_LIB_consensus_vsearch	450	T	Y	393	7	1.64%	2	1	93	93	0.007608451759263046	1	1	282	111	7	0	-GG
H11_BC95_191109_LF_LIB_consensus_vsearch	451	G	R	378	28	6.81%	2	1	93	93	2.300693772801134E-9	1	1	268	110	28	0	A
H11_BC95_191109_LF_LIB_consensus_vsearch	458	T	Y	409	7	1.65%	2	2	93	93	0.007616261521057028	1	1	288	121	2	5	C
H11_BC95_191109_LF_LIB_consensus_vsearch	460	A	M	409	9	2.08%	2	1	93	93	0.0018699755869600776	1	1	289	120	0	9	C
H11_BC95_191109_LF_LIB_consensus_vsearch	460	A	R	409	7	1.62%	2	2	93	93	0.007616261521057028	1	1	289	120	5	2	C
H11_BC95_191109_LF_LIB_consensus_vsearch	461	G	R	413	10	2.32%	2	1	93	93	9.254147741675464E-4	1	1	285	128	10	0	A
H11_BC95_191109_LF_LIB_consensus_vsearch	464	T	Y	417	8	1.88%	2	2	93	93	0.003778560011928581	1	1	299	118	1	7	C
H11_BC95_191109_LF_LIB_consensus_vsearch	468	C	Y	410	20	4.57%	2	1	93	93	7.607053660813915E-7	1	1	296	114	0	20	T
H11_BC95_191109_LF_LIB_consensus_vsearch	479	A	R	383	10	2.3%	2	2	93	93	9.215757570452482E-4	1	1	257	126	8	2	-C
H11_BC95_191109_LF_LIB_consensus_vsearch	486	C	Y	426	7	1.6%	2	2	93	93	0.007623929979105209	1	1	297	129	1	6	T
H11_BC95_191109_LF_LIB_consensus_vsearch	491	T	W	397	8	1.87%	2	2	93	93	0.003772305589141729	1	1	279	118	3	5	-A
H11_BC95_191109_LF_LIB_consensus_vsearch	492	A	R	404	15	3.54%	2	2	93	93	2.6864125215700153E-5	1	1	274	130	12	3	G
H11_BC95_191109_LF_LIB_consensus_vsearch	495	C	Y	411	11	2.53%	2	2	93	93	4.5710039589920393E-4	1	1	285	126	1	10	T
H11_BC95_191109_LF_LIB_consensus_vsearch	502	T	Y	418	8	1.83%	2	2	93	93	0.003778857437644956	1	1	287	131	5	3	C
H11_BC95_191109_LF_LIB_consensus_vsearch	503	A	R	392	33	7.69%	2	2	93	93	6.101517724309234E-11	1	1	260	132	32	1	G
H11_BC95_191109_LF_LIB_consensus_vsearch	506	G	R	420	13	3%	2	1	93	93	1.1140871758939428E-4	1	1	288	132	13	0	A
H11_BC95_191109_LF_LIB_consensus_vsearch	511	T	W	287	7	1.61%	2	2	93	93	0.00753539154747985	1	1	227	60	6	1	-C
H11_BC95_191109_LF_LIB_consensus_vsearch	513	C	S	406	8	1.86%	2	1	93	93	0.0037751942594862146	1	1	275	131	8	0	+G
H11_BC95_191109_LF_LIB_consensus_vsearch	514	C	Y	377	7	1.61%	2	2	93	93	0.007599994652592844	1	1	280	97	2	5	-TT
H11_BC95_191109_LF_LIB_consensus_vsearch	519	A	R	420	11	2.53%	2	2	93	93	4.5773850170834535E-4	1	1	288	132	10	1	G
H11_BC95_191109_LF_LIB_consensus_vsearch	520	G	R	406	27	6.21%	2	2	93	93	4.904321012169145E-9	1	1	272	134	26	1	A
H11_BC95_191109_LF_LIB_consensus_vsearch	522	G	R	411	14	3.29%	2	1	93	93	5.474350555951183E-5	1	1	281	130	14	0	A
H11_BC95_191109_LF_LIB_consensus_vsearch	523	G	R	382	37	8.47%	2	1	93	93	3.1687791324177026E-12	1	1	248	134	37	0	A
H11_BC95_191109_LF_LIB_consensus_vsearch	525	C	Y	355	14	3.2%	2	2	93	93	5.383043242702664E-5	1	1	230	125	11	3	-A
H11_BC95_191109_LF_LIB_consensus_vsearch	526	A	R	367	7	1.85%	2	2	93	93	0.0075943435189384555	1	1	246	121	2	5	G
H11_BC95_191109_LF_LIB_consensus_vsearch	527	A	R	421	9	2.07%	2	2	93	93	0.0018722700711233777	1	1	294	127	4	5	G
H11_BC95_191109_LF_LIB_consensus_vsearch	536	A	W	403	7	1.61%	2	1	93	93	0.007613403934674614	1	1	266	137	7	0	+G
H11_BC95_191109_LF_LIB_consensus_vsearch	538	A	R	341	11	2.52%	2	1	93	93	4.510511424149823E-4	1	1	207	134	11	0	-G
H11_BC95_191109_LF_LIB_consensus_vsearch	540	A	M	411	8	1.83%	2	2	93	93	0.003776745880714396	1	1	281	130	5	3	C
H11_BC95_191109_LF_LIB_consensus_vsearch	542	G	R	82	24	5.5%	2	1	93	93	1.373212766998087E-8	1	1	70	12	24	0	+C
H11_BC95_191109_LF_LIB_consensus_vsearch	543	C	Y	50	22	5.05%	2	2	93	93	3.5821525866815685E-8	1	1	46	4	17	5	+TT
H11_BC95_191109_LF_LIB_consensus_vsearch	544	G	K	386	10	2.34%	2	1	93	93	9.219853921161506E-4	1	1	255	131	10	0	T
H11_BC95_191109_LF_LIB_consensus_vsearch	545	A	W	413	8	1.85%	2	1	93	93	0.0037773562911889175	1	1	281	132	8	0	T
H11_BC95_191109_LF_LIB_consensus_vsearch	546	A	R	419	8	1.83%	2	1	93	93	0.0037791534811211507	1	1	287	132	8	0	G
H11_BC95_191109_LF_LIB_consensus_vsearch	553	G	R	416	7	1.63%	2	1	93	93	0.007619493408432325	1	1	283	133	7	0	A
H11_BC95_191109_LF_LIB_consensus_vsearch	554	C	Y	414	11	2.56%	2	2	93	93	4.573160388822809E-4	1	1	293	121	1	10	T
H11_BC95_191109_LF_LIB_consensus_vsearch	557	T	Y	424	7	1.61%	2	1	93	93	0.007623059056742502	1	1	297	127	0	7	C
H11_BC95_191109_LF_LIB_consensus_vsearch	558	T	Y	402	10	2.29%	2	2	93	93	9.240709968804184E-4	1	1	276	126	2	8	-A
H11_BC95_191109_LF_LIB_consensus_vsearch	559	A	R	388	16	3.79%	2	2	93	93	1.3114605407806796E-5	1	1	267	121	15	1	G
H11_BC95_191109_LF_LIB_consensus_vsearch	562	C	S	224	11	4.45%	2	2	93	93	4.3319414411093957E-4	1	1	138	86	10	1	G
H11_BC95_191109_LF_LIB_consensus_vsearch	563	C	Y	421	9	2.09%	2	2	93	93	0.0018722700711233777	1	1	289	132	4	5	T
H11_BC95_191109_LF_LIB_consensus_vsearch	566	C	M	362	17	3.89%	2	1	93	93	6.350804156561763E-6	1	1	242	120	17	0	-GC
H11_BC95_191109_LF_LIB_consensus_vsearch	566	C	Y	362	15	3.43%	2	1	93	93	2.647778278892089E-5	1	1	242	120	0	15	-GC
H11_BC95_191109_LF_LIB_consensus_vsearch	569	T	W	356	30	7.61%	2	1	93	93	5.183201981318264E-10	1	1	227	129	30	0	A
H11_BC95_191109_LF_LIB_consensus_vsearch	569	T	Y	356	8	2.03%	2	1	93	93	0.0037573550023158714	1	1	227	129	8	0	A
H11_BC95_191109_LF_LIB_consensus_vsearch	570	T	Y	386	13	3.12%	2	2	93	93	1.1053069410618301E-4	1	1	257	129	9	4	C
H11_BC95_191109_LF_LIB_consensus_vsearch	573	G	R	420	11	2.52%	2	2	93	93	4.5773850170834535E-4	1	1	285	135	10	1	A
H11_BC95_191109_LF_LIB_consensus_vsearch	578	A	R	411	8	1.86%	2	1	93	93	0.003776745880714396	1	1	281	130	8	0	G
H11_BC95_191109_LF_LIB_consensus_vsearch	582	A	R	377	7	1.64%	2	2	93	93	0.007599994652592844	1	1	258	119	6	1	-C
H11_BC95_191109_LF_LIB_consensus_vsearch	585	C	S	423	7	1.61%	2	1	93	93	0.007622620571895094	1	1	290	133	7	0	G
H11_BC95_191109_LF_LIB_consensus_vsearch	587	G	R	421	8	1.86%	2	1	93	93	0.0037797414596765903	1	1	290	131	8	0	A
H11_BC95_191109_LF_LIB_consensus_vsearch	600	T	Y	401	8	1.84%	2	2	93	93	0.0037736050099275447	1	1	279	122	1	7	C
H11_BC95_191109_LF_LIB_consensus_vsearch	603	G	R	406	12	2.76%	2	1	93	93	2.2535869113636013E-4	1	1	270	136	12	0	A
H11_BC95_191109_LF_LIB_consensus_vsearch	606	A	R	335	25	5.87%	2	2	93	93	1.9358913764421943E-8	1	1	239	96	24	1	-G
H11_BC95_191109_LF_LIB_consensus_vsearch	620	A	R	407	10	2.33%	2	1	93	93	9.246904525720687E-4	1	1	270	137	10	0	G
H11_BC95_191109_LF_LIB_consensus_vsearch	626	G	R	415	11	2.52%	2	1	93	93	4.573872587995422E-4	1	1	281	134	11	0	A
H11_BC95_191109_LF_LIB_consensus_vsearch	633	C	Y	423	10	2.28%	2	1	93	93	9.26578056881533E-4	1	1	298	125	0	10	T
H11_BC95_191109_LF_LIB_consensus_vsearch	639	G	R	412	13	3.04%	2	1	93	93	1.11214354741109E-4	1	1	275	137	13	0	A
H11_BC95_191109_LF_LIB_consensus_vsearch	641	A	W	397	23	5.35%	2	1	93	93	8.747575004310133E-8	1	1	263	134	23	0	T
H11_BC95_191109_LF_LIB_consensus_vsearch	642	C	Y	397	24	5.59%	2	2	93	93	4.2541714349285464E-8	1	1	264	133	22	2	T
H11_BC95_191109_LF_LIB_consensus_vsearch	653	G	R	425	7	1.62%	2	2	93	93	0.007623495521158642	1	1	290	135	5	2	A
H11_BC95_191109_LF_LIB_consensus_vsearch	655	T	Y	423	8	1.84%	2	2	93	93	0.003780324023462628	1	1	292	131	2	6	C
H11_BC95_191109_LF_LIB_consensus_vsearch	658	T	Y	400	31	7.18%	2	2	93	93	2.661614223554998E-10	1	1	295	105	2	29	C
H11_BC95_191109_LF_LIB_consensus_vsearch	673	C	Y	417	7	1.61%	2	1	93	93	0.007619946437356769	1	1	296	121	0	7	T
H11_BC95_191109_LF_LIB_consensus_vsearch	676	T	Y	351	28	6.51%	2	1	93	93	2.2201371551636163E-9	1	1	260	91	0	28	C
H11_BC95_191109_LF_LIB_consensus_vsearch	681	G	R	430	7	1.6%	2	2	93	93	0.007625648020175149	1	1	295	135	6	1	A
H11_BC95_191109_LF_LIB_consensus_vsearch	682	C	Y	406	27	6.16%	2	2	93	93	4.904321012169145E-9	1	1	296	110	1	26	T
H11_BC95_191109_LF_LIB_consensus_vsearch	683	T	Y	422	10	2.29%	2	2	93	93	9.264641146701706E-4	1	1	293	129	4	6	C
H11_BC95_191109_LF_LIB_consensus_vsearch	708	G	R	393	34	7.87%	2	1	93	93	2.937364230956813E-11	1	1	256	137	34	0	A
H11_BC95_191109_LF_LIB_consensus_vsearch	716	A	R	422	13	2.97%	2	2	93	93	1.1145622644220473E-4	1	1	288	134	12	1	G
H11_BC95_191109_LF_LIB_consensus_vsearch	717	G	R	400	32	7.31%	2	1	93	93	1.283002916568026E-10	1	1	263	137	32	0	A
H11_BC95_191109_LF_LIB_consensus_vsearch	725	A	R	414	10	2.28%	2	2	93	93	9.255335328018615E-4	1	1	288	126	9	1	G
H11_BC95_191109_LF_LIB_consensus_vsearch	734	C	Y	385	7	1.7%	2	1	93	93	0.007604309052101333	1	1	292	93	0	7	+T
H11_BC95_191109_LF_LIB_consensus_vsearch	735	C	Y	422	8	1.84%	2	1	93	93	0.003780033413733114	1	1	298	124	0	8	T
H11_BC95_191109_LF_LIB_consensus_vsearch	740	T	Y	409	14	3.25%	2	2	93	93	5.471489498497953E-5	1	1	291	118	3	11	C
H11_BC95_191109_LF_LIB_consensus_vsearch	741	A	R	418	7	1.61%	2	2	93	93	0.007620397344640596	1	1	287	131	5	2	G
H11_BC95_191109_LF_LIB_consensus_vsearch	747	T	Y	424	7	1.61%	2	2	93	93	0.007623059056742502	1	1	294	130	3	4	C
H11_BC95_191109_LF_LIB_consensus_vsearch	751	G	R	419	11	2.54%	2	1	93	93	4.576688933102391E-4	1	1	284	135	11	0	A
H11_BC95_191109_LF_LIB_consensus_vsearch	756	G	R	379	41	9.4%	2	2	93	93	1.62985678608588E-13	1	1	248	131	40	1	A
H11_BC95_191109_LF_LIB_consensus_vsearch	763	A	R	424	10	2.29%	2	1	93	93	9.266914820866851E-4	1	1	288	136	10	0	G
H11_BC95_191109_LF_LIB_consensus_vsearch	764	T	Y	413	9	2.06%	2	2	93	93	0.001870754746824021	1	1	286	127	7	2	-G
H11_BC95_191109_LF_LIB_consensus_vsearch	765	G	R	418	9	2.11%	2	1	93	93	0.0018717084025872061	1	1	288	130	9	0	A
H11_BC95_191109_LF_LIB_consensus_vsearch	767	G	R	416	9	2.05%	2	1	93	93	0.001871329602106588	1	1	279	137	9	0	A
H11_BC95_191109_LF_LIB_consensus_vsearch	772	G	R	402	9	2.1%	2	1	93	93	0.001868575996146208	1	1	269	133	9	0	+C
H11_BC95_191109_LF_LIB_consensus_vsearch	778	G	K	419	8	1.84%	2	1	93	93	0.0037791534811211507	1	1	285	134	8	0	T
H11_BC95_191109_LF_LIB_consensus_vsearch	782	T	Y	383	12	2.77%	2	2	93	93	2.2429517467312504E-4	1	1	262	121	3	9	+G
H11_BC95_191109_LF_LIB_consensus_vsearch	783	A	R	374	28	6.53%	2	2	93	93	2.2892939757561792E-9	1	1	256	118	23	5	G
H11_BC95_191109_LF_LIB_consensus_vsearch	784	G	R	404	11	2.64%	2	1	93	93	4.5658536003316156E-4	1	1	275	129	11	0	A
H11_BC95_191109_LF_LIB_consensus_vsearch	788	T	Y	365	7	1.66%	2	2	93	93	0.007593177034187656	1	1	244	121	5	2	-A
H11_BC95_191109_LF_LIB_consensus_vsearch	789	A	M	381	8	2.04%	2	1	93	93	0.003766842960150322	1	1	257	124	8	0	C
H11_BC95_191109_LF_LIB_consensus_vsearch	804	T	Y	401	10	2.29%	2	2	93	93	9.239453265076358E-4	1	1	268	133	9	1	+C
H11_BC95_191109_LF_LIB_consensus_vsearch	806	A	R	379	23	5.34%	2	1	93	93	8.623703234039144E-8	1	1	270	109	23	0	G
H11_BC95_191109_LF_LIB_consensus_vsearch	811	C	Y	414	12	2.75%	2	2	93	93	2.2570239286811238E-4	1	1	287	127	4	8	T
H11_BC95_191109_LF_LIB_consensus_vsearch	824	A	R	391	35	8.06%	2	1	93	93	1.4052849282761793E-11	1	1	259	132	35	0	G
H11_BC95_191109_LF_LIB_consensus_vsearch	829	A	R	396	14	3.36%	2	1	93	93	5.452239752130743E-5	1	1	277	119	14	0	G
H11_BC95_191109_LF_LIB_consensus_vsearch	833	G	R	412	14	3.24%	2	1	93	93	5.475771402649315E-5	1	1	277	135	14	0	A
H11_BC95_191109_LF_LIB_consensus_vsearch	836	A	R	415	7	1.64%	2	2	93	93	0.007619038242851565	1	1	283	132	5	2	G
H11_BC95_191109_LF_LIB_consensus_vsearch	837	C	Y	412	9	2.08%	2	2	93	93	0.001870561328848028	1	1	283	129	8	1	T
H11_BC95_191109_LF_LIB_consensus_vsearch	838	A	R	416	11	2.56%	2	2	93	93	4.574581519691363E-4	1	1	284	132	10	1	G
H11_BC95_191109_LF_LIB_consensus_vsearch	842	T	Y	417	8	1.86%	2	2	93	93	0.003778560011928581	1	1	293	124	2	6	C
H11_BC95_191109_LF_LIB_consensus_vsearch	847	A	R	406	19	4.45%	2	1	93	93	1.5527767946243955E-6	1	1	271	135	19	0	G
H11_BC95_191109_LF_LIB_consensus_vsearch	850	G	R	385	8	2.01%	2	1	93	93	0.0037682499633968467	1	1	257	128	8	0	A
H11_BC95_191109_LF_LIB_consensus_vsearch	862	C	S	386	7	1.75%	2	2	93	93	0.0076048360660226225	1	1	270	116	6	1	G
H11_BC95_191109_LF_LIB_consensus_vsearch	864	A	R	402	9	2.1%	2	1	93	93	0.001868575996146208	1	1	271	131	9	0	G
H11_BC95_191109_LF_LIB_consensus_vsearch	865	T	Y	393	13	3.1%	2	2	93	93	1.1072307945535491E-4	1	1	263	130	10	3	C
H11_BC95_191109_LF_LIB_consensus_vsearch	866	G	R	393	17	4.07%	2	1	93	93	6.4413437635782805E-6	1	1	258	135	17	0	A
H11_BC95_191109_LF_LIB_consensus_vsearch	867	G	R	412	11	2.52%	2	2	93	93	4.571726097283556E-4	1	1	277	135	10	1	A
H11_BC95_191109_LF_LIB_consensus_vsearch	869	C	Y	420	9	2.06%	2	2	93	93	0.0018720837112055043	1	1	285	135	8	1	T
H11_BC95_191109_LF_LIB_consensus_vsearch	873	G	R	416	14	3.22%	2	1	93	93	5.4813912517372454E-5	1	1	281	135	14	0	A
H11_BC95_191109_LF_LIB_consensus_vsearch	881	G	R	419	8	1.85%	2	1	93	93	0.0037791534811211507	1	1	290	129	8	0	A
H11_BC95_191109_LF_LIB_consensus_vsearch	889	C	Y	414	19	4.37%	2	1	93	93	1.5588186688080025E-6	1	1	299	115	0	19	T
H11_BC95_191109_LF_LIB_consensus_vsearch	893	C	Y	421	13	2.97%	2	2	93	93	1.1143252502300736E-4	1	1	296	125	2	11	T
H11_BC95_191109_LF_LIB_consensus_vsearch	918	T	Y	380	10	2.29%	2	2	93	93	9.211599279939985E-4	1	1	255	125	3	7	+G
H11_BC95_191109_LF_LIB_consensus_vsearch	925	T	Y	414	10	2.28%	2	2	93	93	9.255335328018615E-4	1	1	294	120	5	5	C
H11_BC95_191109_LF_LIB_consensus_vsearch	933	T	Y	415	7	1.61%	2	2	93	93	0.007619038242851565	1	1	288	127	2	5	+A
H11_BC95_191109_LF_LIB_consensus_vsearch	934	A	R	419	8	1.84%	2	2	93	93	0.0037791534811211507	1	1	288	131	4	4	G
H11_BC95_191109_LF_LIB_consensus_vsearch	939	G	R	423	10	2.3%	2	1	93	93	9.26578056881533E-4	1	1	288	135	10	0	A
H11_BC95_191109_LF_LIB_consensus_vsearch	948	T	Y	425	10	2.29%	2	1	93	93	9.268043937944601E-4	1	1	300	125	0	10	C
H11_BC95_191109_LF_LIB_consensus_vsearch	955	C	Y	392	25	5.73%	2	2	93	93	2.0571996412600835E-8	1	1	286	106	2	23	T
H11_BC95_191109_LF_LIB_consensus_vsearch	956	G	R	398	21	4.91%	2	1	93	93	3.6880479540872415E-7	1	1	265	133	21	0	A
H11_BC95_191109_LF_LIB_consensus_vsearch	970	G	S	404	7	1.65%	2	1	93	93	0.007613885964194907	1	1	270	134	7	0	C
H11_BC95_191109_LF_LIB_consensus_vsearch	971	C	Y	353	8	1.86%	2	1	93	93	0.0037561289544741916	1	1	234	119	0	8	-T
H11_BC95_191109_LF_LIB_consensus_vsearch	972	T	Y	363	10	2.61%	2	2	93	93	9.186794830860472E-4	1	1	233	130	9	1	C
H11_BC95_191109_LF_LIB_consensus_vsearch	973	T	Y	357	16	3.73%	2	1	93	93	1.2947107227624673E-5	1	1	224	133	16	0	-A
H11_BC95_191109_LF_LIB_consensus_vsearch	974	A	R	349	12	3.12%	2	2	93	93	2.224824137543499E-4	1	1	216	133	10	2	-C
H11_BC95_191109_LF_LIB_consensus_vsearch	975	C	S	355	48	11.57%	2	1	93	93	8.021924381576092E-16	1	1	224	131	48	0	G
H11_BC95_191109_LF_LIB_consensus_vsearch	976	C	Y	350	7	1.63%	2	1	93	93	0.007584014189966649	1	1	253	97	0	7	-A
H11_BC95_191109_LF_LIB_consensus_vsearch	988	A	R	413	9	2.12%	2	1	93	93	0.001870754746824021	1	1	277	136	9	0	G
H11_BC95_191109_LF_LIB_consensus_vsearch	993	C	Y	417	17	3.92%	2	1	93	93	6.503109267247564E-6	1	1	301	116	0	17	T
H11_BC95_191109_LF_LIB_consensus_vsearch	1026	A	R	414	7	1.63%	2	1	93	93	0.007618580925465677	1	1	282	132	7	0	G
H11_BC95_191109_LF_LIB_consensus_vsearch	1028	A	R	420	9	2.06%	2	2	93	93	0.0018720837112055043	1	1	286	134	8	1	G
H11_BC95_191109_LF_LIB_consensus_vsearch	1029	G	R	421	13	2.98%	2	1	93	93	1.1143252502300736E-4	1	1	286	135	13	0	A
H11_BC95_191109_LF_LIB_consensus_vsearch	1043	G	R	390	35	8.16%	2	2	93	93	1.4027765147485237E-11	1	1	258	132	34	1	A
H11_BC95_191109_LF_LIB_consensus_vsearch	1046	A	M	424	8	1.83%	2	1	93	93	0.0037806132981311326	1	1	299	125	0	8	C
H11_BC95_191109_LF_LIB_consensus_vsearch	1047	T	Y	411	21	4.85%	2	2	93	93	3.7173750638657204E-7	1	1	297	114	1	20	C
H11_BC95_191109_LF_LIB_consensus_vsearch	1048	T	Y	391	8	1.83%	2	2	93	93	0.003770308015149166	1	1	287	104	1	7	-C
H11_BC95_191109_LF_LIB_consensus_vsearch	1050	G	R	402	10	2.41%	2	1	93	93	9.240709968804184E-4	1	1	282	120	10	0	A
H11_BC95_191109_LF_LIB_consensus_vsearch	1075	T	Y	419	9	2.07%	2	2	93	93	0.0018718964903564012	1	1	291	128	3	6	C
H11_BC95_191109_LF_LIB_consensus_vsearch	1083	C	Y	421	12	2.76%	2	2	93	93	2.259929805737435E-4	1	1	290	131	7	5	T
H11_BC95_191109_LF_LIB_consensus_vsearch	1084	C	Y	384	32	7.31%	2	2	93	93	1.2527845155959823E-10	1	1	287	97	10	22	T
H11_BC95_191109_LF_LIB_consensus_vsearch	1106	T	Y	419	8	1.86%	2	2	93	93	0.0037791534811211507	1	1	294	125	2	6	C
H11_BC95_191109_LF_LIB_consensus_vsearch	1107	A	R	416	8	1.85%	2	2	93	93	0.003778261194268045	1	1	284	132	7	1	G
H11_BC95_191109_LF_LIB_consensus_vsearch	1109	C	Y	404	16	3.67%	2	2	93	93	1.3191918461060696E-5	1	1	283	121	2	14	T
H11_BC95_191109_LF_LIB_consensus_vsearch	1110	G	R	410	7	1.62%	2	1	93	93	0.007616729829810889	1	1	275	135	7	0	A
H11_BC95_191109_LF_LIB_consensus_vsearch	1110	G	S	410	12	2.77%	2	1	93	93	2.255321281093224E-4	1	1	275	135	12	0	C
H11_BC95_191109_LF_LIB_consensus_vsearch	1112	A	R	422	8	1.84%	2	1	93	93	0.003780033413733114	1	1	289	133	8	0	G
H11_BC95_191109_LF_LIB_consensus_vsearch	1118	A	R	415	10	2.3%	2	1	93	93	9.256517413502841E-4	1	1	285	130	10	0	G
H11_BC95_191109_LF_LIB_consensus_vsearch	1120	T	Y	424	9	2.07%	2	2	93	93	0.0018728240442215458	1	1	297	127	1	8	C
H11_BC95_191109_LF_LIB_consensus_vsearch	1130	T	Y	417	7	1.6%	2	2	93	93	0.007619946437356769	1	1	285	132	6	1	C
H11_BC95_191109_LF_LIB_consensus_vsearch	1132	G	R	381	17	4.24%	2	1	93	93	6.407855928137532E-6	1	1	261	120	17	0	A
H11_BC95_191109_LF_LIB_consensus_vsearch	1133	G	R	418	8	1.83%	2	2	93	93	0.003778857437644956	1	1	288	130	3	5	-A
H11_BC95_191109_LF_LIB_consensus_vsearch	1137	G	R	367	18	4.18%	2	1	93	93	3.1127943336343686E-6	1	1	233	134	18	0	A
H11_BC95_191109_LF_LIB_consensus_vsearch	1137	G	S	367	41	9.51%	2	1	93	93	1.578869071272092E-13	1	1	233	134	41	0	C
H11_BC95_191109_LF_LIB_consensus_vsearch	1138	C	Y	420	8	1.84%	2	1	93	93	0.003779448151948946	1	1	285	135	8	0	T
H11_BC95_191109_LF_LIB_consensus_vsearch	1144	T	Y	388	7	1.6%	2	1	93	93	0.007605882130108492	1	1	251	137	7	0	-C
H11_BC95_191109_LF_LIB_consensus_vsearch	1155	A	R	417	14	3.2%	2	1	93	93	5.4827805419876506E-5	1	1	284	133	14	0	G
H11_BC95_191109_LF_LIB_consensus_vsearch	1174	A	R	423	9	2.06%	2	1	93	93	0.0018726402317850155	1	1	288	135	9	0	G
H11_BC95_191109_LF_LIB_consensus_vsearch	1177	A	R	409	11	2.53%	2	2	93	93	4.5695495811152217E-4	1	1	274	135	10	1	-G
H11_BC95_191109_LF_LIB_consensus_vsearch	1179	A	R	425	7	1.61%	2	1	93	93	0.007623495521158642	1	1	289	136	7	0	G
H11_BC95_191109_LF_LIB_consensus_vsearch	1181	G	R	416	16	3.69%	2	1	93	93	1.3246346964115331E-5	1	1	281	135	16	0	A
H11_BC95_191109_LF_LIB_consensus_vsearch	1189	A	R	377	44	10.16%	2	2	93	93	1.7374314719222677E-14	1	1	251	126	42	2	G
H11_BC95_191109_LF_LIB_consensus_vsearch	1194	T	Y	390	7	1.75%	2	2	93	93	0.007606917708857565	1	1	293	97	3	4	C
H11_BC95_191109_LF_LIB_consensus_vsearch	1201	C	Y	413	8	1.88%	2	2	93	93	0.0037773562911889175	1	1	282	131	6	2	T
H11_BC95_191109_LF_LIB_consensus_vsearch	1206	A	R	392	21	4.93%	2	1	93	93	3.673956661066451E-7	1	1	259	133	21	0	G
H11_BC95_191109_LF_LIB_consensus_vsearch	1208	C	S	425	9	2.06%	2	1	93	93	0.0018730070190884252	1	1	288	137	9	0	G
H11_BC95_191109_LF_LIB_consensus_vsearch	1225	T	K	371	26	6.48%	2	2	93	93	9.761635491195014E-9	1	1	246	125	25	1	G
H11_BC95_191109_LF_LIB_consensus_vsearch	1226	T	Y	420	9	2.06%	2	1	93	93	0.0018720837112055043	1	1	294	126	0	9	C
H11_BC95_191109_LF_LIB_consensus_vsearch	1227	T	K	418	7	1.61%	2	1	93	93	0.007620397344640596	1	1	295	123	0	7	G
H11_BC95_191109_LF_LIB_consensus_vsearch	1229	C	Y	376	8	1.84%	2	2	93	93	0.0037650433430064176	1	1	248	128	2	6	-AC
H11_BC95_191109_LF_LIB_consensus_vsearch	1238	A	R	413	15	3.46%	2	1	93	93	2.693750469087132E-5	1	1	280	133	15	0	G
H11_BC95_191109_LF_LIB_consensus_vsearch	1243	T	Y	399	12	2.81%	2	2	93	93	2.2504727237570137E-4	1	1	281	118	6	6	C
H11_BC95_191109_LF_LIB_consensus_vsearch	1244	A	R	386	18	4.31%	2	2	93	93	3.143375425577397E-6	1	1	265	121	15	3	G
H11_BC95_191109_LF_LIB_consensus_vsearch	1246	A	R	405	17	3.91%	2	2	93	93	6.473048763994588E-6	1	1	272	133	16	1	G
H11_BC95_191109_LF_LIB_consensus_vsearch	1282	C	S	411	15	3.51%	2	1	93	93	2.6921453674127367E-5	1	1	274	137	15	0	G
H11_BC95_191109_LF_LIB_consensus_vsearch	1284	G	R	401	18	4.26%	2	1	93	93	3.165704383176564E-6	1	1	277	124	18	0	A
H11_BC95_191109_LF_LIB_consensus_vsearch	1305	G	R	404	20	4.67%	2	2	93	93	7.582180660331639E-7	1	1	275	129	19	1	A
H11_BC95_191109_LF_LIB_consensus_vsearch	1310	G	R	420	10	2.31%	2	2	93	93	9.262346650300045E-4	1	1	286	134	9	1	A
H11_BC95_191109_LF_LIB_consensus_vsearch	1312	A	R	421	7	1.6%	2	2	93	93	0.007621737484585097	1	1	287	134	5	2	G
H11_BC95_191109_LF_LIB_consensus_vsearch	1313	C	Y	427	7	1.61%	2	2	93	93	0.007624362444354587	1	1	292	135	5	2	T
H11_BC95_191109_LF_LIB_consensus_vsearch	1314	C	Y	397	19	4.35%	2	2	93	93	1.5457253320374264E-6	1	1	280	117	3	16	T
H11_BC95_191109_LF_LIB_consensus_vsearch	1315	G	K	417	13	3%	2	1	93	93	1.113366520436279E-4	1	1	283	134	13	0	T
H11_BC95_191109_LF_LIB_consensus_vsearch	1321	G	R	410	11	2.57%	2	2	93	93	4.570278461449636E-4	1	1	281	129	10	1	A
H11_BC95_191109_LF_LIB_consensus_vsearch	1334	C	Y	417	7	1.6%	2	2	93	93	0.007619946437356769	1	1	288	129	2	5	+A
H11_BC95_191109_LF_LIB_consensus_vsearch	1340	G	R	391	11	2.68%	2	1	93	93	4.5558231391399246E-4	1	1	277	114	11	0	A
H11_BC95_191109_LF_LIB_consensus_vsearch	1347	G	R	414	11	2.54%	2	1	93	93	4.573160388822809E-4	1	1	281	133	11	0	A
H11_BC95_191109_LF_LIB_consensus_vsearch	1348	G	K	419	15	3.44%	2	1	93	93	2.6984810488819573E-5	1	1	284	135	15	0	T
H11_BC95_191109_LF_LIB_consensus_vsearch	1353	T	Y	403	8	1.9%	2	2	93	93	0.0037742453123195243	1	1	272	131	7	1	C
H11_BC95_191109_LF_LIB_consensus_vsearch	1354	G	R	414	8	1.86%	2	2	93	93	0.00377765934383424	1	1	279	135	7	1	A
H11_BC95_191109_LF_LIB_consensus_vsearch	1356	C	Y	404	10	2.29%	2	2	93	93	9.24320545706363E-4	1	1	272	132	5	5	T
H11_BC95_191109_LF_LIB_consensus_vsearch	1357	A	R	394	8	1.91%	2	2	93	93	0.0037713141940397903	1	1	269	125	7	1	-CA
H11_BC95_191109_LF_LIB_consensus_vsearch	1358	C	Y	335	12	2.86%	2	2	93	93	2.2163604035931107E-4	1	1	219	116	7	5	-A
H11_BC95_191109_LF_LIB_consensus_vsearch	1359	A	R	360	8	2.09%	2	2	93	93	0.0037589589194791835	1	1	241	119	6	2	G
H11_BC95_191109_LF_LIB_consensus_vsearch	1359	A	W	360	11	2.88%	2	2	93	93	4.5291345592755075E-4	1	1	241	119	10	1	T
H11_BC95_191109_LF_LIB_consensus_vsearch	1360	A	R	401	16	3.72%	2	2	93	93	1.3177849041857976E-5	1	1	279	122	14	2	G
H11_BC95_191109_LF_LIB_consensus_vsearch	1382	T	Y	409	7	1.61%	2	2	93	93	0.007616261521057028	1	1	293	116	1	6	+C
H11_BC95_191109_LF_LIB_consensus_vsearch	1387	A	R	420	8	1.85%	2	2	93	93	0.003779448151948946	1	1	284	136	7	1	G
H11_BC95_191109_LF_LIB_consensus_vsearch	1394	A	M	351	16	3.67%	2	1	93	93	1.2911626608697888E-5	1	1	219	132	16	0	C
H11_BC95_191109_LF_LIB_consensus_vsearch	1394	A	R	351	60	13.76%	2	2	93	93	8.492633811715178E-20	1	1	219	132	58	2	G
H11_BC95_191109_LF_LIB_consensus_vsearch	1403	T	Y	401	7	1.72%	2	2	93	93	0.007612432822507446	1	1	297	104	3	4	C
H11_BC95_191109_LF_LIB_consensus_vsearch	1404	T	Y	280	9	2.14%	2	2	93	93	0.0018334785666112648	1	1	216	64	1	8	-C
H11_BC95_191109_LF_LIB_consensus_vsearch	1406	C	Y	418	7	1.63%	2	2	93	93	0.007620397344640596	1	1	297	121	1	6	T
H11_BC95_191109_LF_LIB_consensus_vsearch	1420	G	R	418	9	2.07%	2	1	93	93	0.0018717084025872061	1	1	285	133	9	0	A
H11_BC95_191109_LF_LIB_consensus_vsearch	1430	C	M	399	7	1.61%	2	1	93	93	0.007611452190916357	1	1	299	100	0	7	-T
H11_BC95_191109_LF_LIB_consensus_vsearch	1436	G	R	426	7	1.62%	2	1	93	93	0.007623929979105209	1	1	293	133	7	0	A
H11_BC95_191109_LF_LIB_consensus_vsearch	1444	T	Y	414	7	1.65%	2	2	93	93	0.007618580925465677	1	1	281	133	6	1	C
H11_BC95_191109_LF_LIB_consensus_vsearch	1453	G	R	410	15	3.52%	2	1	93	93	2.691337414475154E-5	1	1	285	125	15	0	A
H11_BC95_191109_LF_LIB_consensus_vsearch	1455	G	R	426	9	2.06%	2	1	93	93	0.001873189162106254	1	1	289	137	9	0	A
H11_BC95_191109_LF_LIB_consensus_vsearch	1462	A	R	420	12	2.74%	2	2	93	93	2.2595202981245667E-4	1	1	287	133	11	1	G
H11_BC95_191109_LF_LIB_consensus_vsearch	1464	G	R	409	20	4.63%	2	1	93	93	7.602952008642974E-7	1	1	274	135	20	0	A
H11_BC95_191109_LF_LIB_consensus_vsearch	1469	C	Y	397	27	6.24%	2	1	93	93	4.859574198197612E-9	1	1	261	136	27	0	T
H11_BC95_191109_LF_LIB_consensus_vsearch	1471	A	R	426	9	2.05%	2	2	93	93	0.001873189162106254	1	1	292	134	6	3	G
H11_BC95_191109_LF_LIB_consensus_vsearch	1476	C	Y	376	43	9.84%	2	2	93	93	3.651679906182355E-14	1	1	289	87	1	42	T
H11_BC95_191109_LF_LIB_consensus_vsearch	1495	A	R	412	14	3.23%	2	1	93	93	5.475771402649315E-5	1	1	281	131	14	0	G
H11_BC95_191109_LF_LIB_consensus_vsearch	1504	A	R	421	8	1.83%	2	2	93	93	0.0037797414596765903	1	1	288	133	7	1	G
H11_BC95_191109_LF_LIB_consensus_vsearch	1505	G	R	417	13	3%	2	1	93	93	1.113366520436279E-4	1	1	281	136	13	0	A
H11_BC95_191109_LF_LIB_consensus_vsearch	1508	A	R	412	22	5.03%	2	1	93	93	1.81473613792819E-7	1	1	275	137	22	0	G
H11_BC95_191109_LF_LIB_consensus_vsearch	1513	A	R	411	7	1.6%	2	2	93	93	0.007617195908814076	1	1	277	134	6	1	-G
H11_BC95_191109_LF_LIB_consensus_vsearch	1516	C	Y	412	11	2.52%	2	2	93	93	4.571726097283556E-4	1	1	286	126	1	10	T
H11_BC95_191109_LF_LIB_consensus_vsearch	1518	A	R	400	21	4.85%	2	2	93	93	3.692665248734166E-7	1	1	287	113	6	15	G
H11_BC95_191109_LF_LIB_consensus_vsearch	1521	A	R	395	36	8.28%	2	1	93	93	6.7885538510652055E-12	1	1	259	136	36	0	G
H11_BC95_191109_LF_LIB_consensus_vsearch	1523	A	R	416	14	3.22%	2	2	93	93	5.4813912517372454E-5	1	1	283	133	11	3	G
H11_BC95_191109_LF_LIB_consensus_vsearch	1527	C	Y	221	155	40.58%	2	2	93	93	3.681440501908928E-56	1	1	136	85	106	49	T
H11_BC95_191109_LF_LIB_consensus_vsearch	1528	C	Y	382	44	10.23%	2	2	93	93	1.763115968670473E-14	1	1	250	132	42	2	T
H11_BC95_191109_LF_LIB_consensus_vsearch	1529	C	S	406	9	2.05%	2	1	93	93	0.0018693814758962122	1	1	285	121	0	9	G
H11_BC95_191109_LF_LIB_consensus_vsearch	1529	C	Y	406	10	2.28%	2	2	93	93	9.245677335648258E-4	1	1	285	121	8	2	T
H11_BC95_191109_LF_LIB_consensus_vsearch	1534	G	R	236	191	44.42%	2	2	93	93	2.8684486294579865E-70	1	1	156	80	134	57	A
H11_BC95_191109_LF_LIB_consensus_vsearch	1536	A	R	411	18	4.14%	2	2	93	93	3.1797854475104E-6	1	1	278	133	17	1	G
H11_BC95_191109_LF_LIB_consensus_vsearch	1550	G	R	417	17	3.89%	2	1	93	93	6.503109267247564E-6	1	1	282	135	17	0	A
H11_BC95_191109_LF_LIB_consensus_vsearch	1556	T	Y	416	8	1.83%	2	2	93	93	0.003778261194268045	1	1	287	129	1	7	+C
H11_BC95_191109_LF_LIB_consensus_vsearch	1562	A	R	382	10	2.29%	2	2	93	93	9.214378424824657E-4	1	1	260	122	9	1	-C
H11_BC95_191109_LF_LIB_consensus_vsearch	1565	C	Y	420	10	2.28%	2	2	93	93	9.262346650300045E-4	1	1	293	127	2	8	T
H11_BC95_191109_LF_LIB_consensus_vsearch	1566	C	Y	416	17	3.88%	2	2	93	93	6.500663914761803E-6	1	1	284	132	13	4	T
H11_BC95_191109_LF_LIB_consensus_vsearch	1568	A	R	423	10	2.29%	2	1	93	93	9.26578056881533E-4	1	1	286	137	10	0	G
H11_BC95_191109_LF_LIB_consensus_vsearch	1577	C	Y	425	8	1.83%	2	2	93	93	0.0037809012469126957	1	1	296	129	2	6	T
H11_BC95_191109_LF_LIB_consensus_vsearch	1578	G	R	424	10	2.3%	2	1	93	93	9.266914820866851E-4	1	1	288	136	10	0	A
H11_BC95_191109_LF_LIB_consensus_vsearch	1582	G	R	393	7	1.72%	2	1	93	93	0.007608451759263046	1	1	277	116	7	0	A
H11_BC95_191109_LF_LIB_consensus_vsearch	1585	C	Y	417	13	3%	2	2	93	93	1.113366520436279E-4	1	1	296	121	1	12	T
H11_BC95_191109_LF_LIB_consensus_vsearch	1586	C	Y	396	34	7.76%	2	2	93	93	2.951992356436583E-11	1	1	295	101	2	32	T
H11_BC95_191109_LF_LIB_consensus_vsearch	1588	T	Y	409	7	1.67%	2	2	93	93	0.007616261521057028	1	1	299	110	1	6	C
H11_BC95_191109_LF_LIB_consensus_vsearch	1590	T	Y	163	9	2.15%	2	1	93	93	0.0017543824532390317	1	1	120	43	0	9	-C
H11_BC95_191109_LF_LIB_consensus_vsearch	1592	C	M	215	10	2.31%	2	1	93	93	8.817198236951184E-4	1	1	127	88	10	0	-A
H11_BC95_191109_LF_LIB_consensus_vsearch	1593	A	M	214	14	6.09%	2	2	93	93	4.968826086820383E-5	1	1	140	74	1	13	C
H11_BC95_191109_LF_LIB_consensus_vsearch	1594	A	R	408	8	1.9%	2	2	93	93	0.0037758193480112623	1	1	284	124	6	2	G
H11_BC95_191109_LF_LIB_consensus_vsearch	1595	A	R	398	13	2.99%	2	2	93	93	1.1085661935515201E-4	1	1	271	127	12	1	-G
H11_BC95_191109_LF_LIB_consensus_vsearch	1598	G	R	426	7	1.6%	2	2	93	93	0.007623929979105209	1	1	290	136	6	1	A
H11_BC95_191109_LF_LIB_consensus_vsearch	1599	T	Y	412	13	3%	2	2	93	93	1.11214354741109E-4	1	1	289	123	5	8	C
H11_BC95_191109_LF_LIB_consensus_vsearch	1600	A	R	419	8	1.83%	2	2	93	93	0.0037791534811211507	1	1	284	135	7	1	G
H11_BC95_191109_LF_LIB_consensus_vsearch	1601	G	R	424	8	1.85%	2	1	93	93	0.0037806132981311326	1	1	287	137	8	0	A
H11_BC95_191109_LF_LIB_consensus_vsearch	1607	A	M	411	10	2.33%	2	2	93	93	9.251755912194793E-4	1	1	293	118	1	9	C
H11_BC95_191109_LF_LIB_consensus_vsearch	1609	G	R	406	10	2.35%	2	1	93	93	9.245677335648258E-4	1	1	272	134	10	0	A
H11_BC95_191109_LF_LIB_consensus_vsearch	1613	A	R	378	8	1.98%	2	2	93	93	0.00376576873622069	1	1	244	134	6	2	-C
H11_BC95_191109_LF_LIB_consensus_vsearch	1615	C	S	403	25	5.79%	2	1	93	93	2.0774795674191712E-8	1	1	266	137	25	0	G
H11_BC95_191109_LF_LIB_consensus_vsearch	1627	A	R	424	7	1.6%	2	1	93	93	0.007623059056742502	1	1	288	136	7	0	G
H11_BC95_191109_LF_LIB_consensus_vsearch	1628	G	R	424	8	1.84%	2	2	93	93	0.0037806132981311326	1	1	290	134	7	1	A
H11_BC95_191109_LF_LIB_consensus_vsearch	1632	C	Y	418	8	1.84%	2	1	93	93	0.003778857437644956	1	1	283	135	8	0	T
H11_BC95_191109_LF_LIB_consensus_vsearch	1633	C	Y	399	23	5.26%	2	2	93	93	8.76077164584334E-8	1	1	285	114	9	14	T
H11_BC95_191109_LF_LIB_consensus_vsearch	1637	A	R	413	9	2.08%	2	1	93	93	0.001870754746824021	1	1	280	133	9	0	G
H11_BC95_191109_LF_LIB_consensus_vsearch	1642	T	W	405	12	2.8%	2	1	93	93	2.2531482582750418E-4	1	1	275	130	12	0	A
H11_BC95_191109_LF_LIB_consensus_vsearch	1642	T	Y	405	8	1.87%	2	2	93	93	0.003774879463209244	1	1	275	130	7	1	A
H11_BC95_191109_LF_LIB_consensus_vsearch	1643	T	Y	424	7	1.61%	2	2	93	93	0.007623059056742502	1	1	290	134	5	2	C
H11_BC95_191109_LF_LIB_consensus_vsearch	1648	C	M	389	11	2.51%	2	1	93	93	4.554223390235558E-4	1	1	281	108	11	0	-G
H11_BC95_191109_LF_LIB_consensus_vsearch	1648	C	Y	389	9	2.05%	2	1	93	93	0.0018658477399051397	1	1	281	108	0	9	-G
H11_BC95_191109_LF_LIB_consensus_vsearch	1661	A	R	409	7	1.66%	2	2	93	93	0.007616261521057028	1	1	276	133	6	1	G
H11_BC95_191109_LF_LIB_consensus_vsearch	1664	A	R	413	10	2.33%	2	1	93	93	9.254147741675464E-4	1	1	278	135	10	0	G
H11_BC95_191109_LF_LIB_consensus_vsearch	1673	A	R	408	15	3.43%	2	1	93	93	2.6897105828015778E-5	1	1	272	136	15	0	G
H11_BC95_191109_LF_LIB_consensus_vsearch	1675	C	Y	427	7	1.6%	2	1	93	93	0.007624362444354587	1	1	299	128	0	7	T
H11_BC95_191109_LF_LIB_consensus_vsearch	1687	G	K	407	15	3.43%	2	1	93	93	2.688891654781441E-5	1	1	272	135	15	0	T
H11_BC95_191109_LF_LIB_consensus_vsearch	1708	G	R	406	10	2.32%	2	2	93	93	9.245677335648258E-4	1	1	272	134	9	1	A
H11_BC95_191109_LF_LIB_consensus_vsearch	1709	C	Y	410	8	1.85%	2	2	93	93	0.003776438502445107	1	1	278	132	6	2	+TT
H11_BC95_191109_LF_LIB_consensus_vsearch	1713	A	R	423	8	1.83%	2	2	93	93	0.003780324023462628	1	1	289	134	7	1	G
H11_BC95_191109_LF_LIB_consensus_vsearch	1719	G	K	389	15	3.47%	2	1	93	93	2.6734915394337705E-5	1	1	254	135	15	0	-TG
H11_BC95_191109_LF_LIB_consensus_vsearch	1742	T	K	421	10	2.3%	2	1	93	93	9.263496519144309E-4	1	1	285	136	10	0	G
H11_BC95_191109_LF_LIB_consensus_vsearch	1772	T	Y	420	8	1.83%	2	1	93	93	0.003779448151948946	1	1	290	130	8	0	C
H11_BC95_191109_LF_LIB_consensus_vsearch	1779	G	R	426	7	1.61%	2	1	93	93	0.007623929979105209	1	1	294	132	7	0	A
H11_BC95_191109_LF_LIB_consensus_vsearch	1816	T	K	385	41	9.53%	2	1	93	93	1.6547963174145619E-13	1	1	252	133	41	0	G
H11_BC95_191109_LF_LIB_consensus_vsearch	1818	G	R	427	7	1.6%	2	1	93	93	0.007624362444354587	1	1	291	136	7	0	A
H11_BC95_191109_LF_LIB_consensus_vsearch	1829	A	R	375	51	11.78%	2	1	93	93	9.03964216122791E-17	1	1	242	133	51	0	G
H11_BC95_191109_LF_LIB_consensus_vsearch	1833	A	R	369	45	10.42%	2	1	93	93	8.02781759799064E-15	1	1	238	131	45	0	G
H11_BC95_191109_LF_LIB_consensus_vsearch	1838	G	K	421	7	1.61%	2	1	93	93	0.007621737484585097	1	1	287	134	7	0	T
H11_BC95_191109_LF_LIB_consensus_vsearch	1842	A	R	402	17	3.93%	2	2	93	93	6.465281837282248E-6	1	1	282	120	15	2	G
H11_BC95_191109_LF_LIB_consensus_vsearch	1848	G	S	407	19	4.34%	2	1	93	93	1.5535434164384367E-6	1	1	293	114	0	19	C
H11_BC95_191109_LF_LIB_consensus_vsearch	1849	T	W	407	19	4.4%	2	1	93	93	1.5535434164384367E-6	1	1	295	112	0	19	A
H11_BC95_191109_LF_LIB_consensus_vsearch	1869	T	Y	409	8	1.9%	2	2	93	93	0.00377612966169784	1	1	283	126	4	4	C
H11_BC95_191109_LF_LIB_consensus_vsearch	1871	T	Y	404	7	1.6%	2	2	93	93	0.007613885964194907	1	1	273	131	6	1	+C
H11_BC95_191109_LF_LIB_consensus_vsearch	1874	A	R	403	31	7.09%	2	2	93	93	2.672306318115701E-10	1	1	267	136	30	1	G
H11_BC95_191109_LF_LIB_consensus_vsearch	1897	A	R	424	8	1.85%	2	1	93	93	0.0037806132981311326	1	1	289	135	8	0	G
H11_BC95_191109_LF_LIB_consensus_vsearch	1905	A	R	220	169	41.12%	2	2	93	93	7.546292564158836E-62	1	1	154	66	113	56	G
H11_BC95_191109_LF_LIB_consensus_vsearch	1914	A	R	414	10	2.29%	2	2	93	93	9.255335328018615E-4	1	1	282	132	9	1	G
H11_BC95_191109_LF_LIB_consensus_vsearch	1915	T	Y	402	8	1.84%	2	1	93	93	0.003773925935642463	1	1	267	135	8	0	+A
H11_BC95_191109_LF_LIB_consensus_vsearch	1917	G	K	409	21	4.81%	2	1	93	93	3.712966667784702E-7	1	1	274	135	21	0	T
H11_BC95_191109_LF_LIB_consensus_vsearch	1920	C	Y	412	7	1.63%	2	2	93	93	0.007617659773976637	1	1	287	125	4	3	T
H11_BC95_191109_LF_LIB_consensus_vsearch	1921	A	R	417	11	2.55%	2	2	93	93	4.575287206333824E-4	1	1	282	135	10	1	G
H11_BC95_191109_LF_LIB_consensus_vsearch	1931	C	Y	420	10	2.3%	2	2	93	93	9.262346650300045E-4	1	1	286	134	8	2	T
H11_BC95_191109_LF_LIB_consensus_vsearch	1932	A	R	409	12	2.77%	2	2	93	93	2.2548906969822708E-4	1	1	274	135	11	1	G
H11_BC95_191109_LF_LIB_consensus_vsearch	1934	G	R	409	15	3.52%	2	1	93	93	2.690525827778812E-5	1	1	282	127	15	0	A
H11_BC95_191109_LF_LIB_consensus_vsearch	1937	T	Y	414	19	4.39%	2	2	93	93	1.5588186688080025E-6	1	1	295	119	1	18	C
H11_BC95_191109_LF_LIB_consensus_vsearch	1941	C	S	333	10	2.81%	2	1	93	93	9.137141362428344E-4	1	1	213	120	10	0	G
H11_BC95_191109_LF_LIB_consensus_vsearch	1944	C	Y	377	9	2.06%	2	2	93	93	0.0018631683014264863	1	1	251	126	2	7	-AC
H11_BC95_191109_LF_LIB_consensus_vsearch	1956	A	R	420	9	2.06%	2	1	93	93	0.0018720837112055043	1	1	285	135	9	0	G
H11_BC95_191109_LF_LIB_consensus_vsearch	1964	A	R	416	7	1.63%	2	1	93	93	0.007619493408432325	1	1	280	136	7	0	G
H11_BC95_191109_LF_LIB_consensus_vsearch	1967	C	Y	419	12	2.75%	2	2	93	93	2.2591089391076449E-4	1	1	291	128	5	7	T
H11_BC95_191109_LF_LIB_consensus_vsearch	1985	A	R	409	21	4.86%	2	2	93	93	3.712966667784702E-7	1	1	276	133	19	2	G
H11_BC95_191109_LF_LIB_consensus_vsearch	1989	A	R	424	7	1.6%	2	2	93	93	0.007623059056742502	1	1	290	134	6	1	G
H11_BC95_191109_LF_LIB_consensus_vsearch	1994	G	R	427	8	1.84%	2	2	93	93	0.0037814732031268648	1	1	292	135	7	1	A
H11_BC95_191109_LF_LIB_consensus_vsearch	2005	A	R	382	33	7.76%	2	2	93	93	6.00340630497516E-11	1	1	264	118	30	3	G
H11_BC95_191109_LF_LIB_consensus_vsearch	2007	T	Y	410	11	2.6%	2	2	93	93	4.570278461449636E-4	1	1	289	121	2	9	C
H11_BC95_191109_LF_LIB_consensus_vsearch	2021	C	M	417	7	1.61%	2	1	93	93	0.007619946437356769	1	1	282	135	7	0	A
H11_BC95_191109_LF_LIB_consensus_vsearch	2041	T	Y	408	8	1.89%	2	2	93	93	0.0037758193480112623	1	1	278	130	5	3	C
H11_BC95_191109_LF_LIB_consensus_vsearch	2042	A	R	344	75	17.4%	2	1	93	93	6.946398415011356E-25	1	1	212	132	75	0	G
H11_BC95_191109_LF_LIB_consensus_vsearch	2044	C	Y	396	7	1.62%	2	2	93	93	0.007609963086240239	1	1	277	119	3	4	-G
H11_BC95_191109_LF_LIB_consensus_vsearch	2045	G	R	394	22	5.23%	2	2	93	93	1.7928653904601798E-7	1	1	269	125	21	1	A
H11_BC95_191109_LF_LIB_consensus_vsearch	2047	G	K	413	9	2.05%	2	1	93	93	0.001870754746824021	1	1	281	132	9	0	+T
H11_BC95_191109_LF_LIB_consensus_vsearch	2058	C	Y	410	8	1.89%	2	2	93	93	0.003776438502445107	1	1	279	131	4	4	T
H11_BC95_191109_LF_LIB_consensus_vsearch	2059	C	Y	401	21	4.82%	2	2	93	93	3.6949592163666294E-7	1	1	284	117	11	10	T
H11_BC95_191109_LF_LIB_consensus_vsearch	2062	T	Y	424	10	2.29%	2	2	93	93	9.266914820866851E-4	1	1	296	128	1	9	C
H11_BC95_191109_LF_LIB_consensus_vsearch	2077	T	Y	407	15	3.46%	2	2	93	93	2.688891654781441E-5	1	1	286	121	4	11	C
H11_BC95_191109_LF_LIB_consensus_vsearch	2078	A	R	417	7	1.61%	2	2	93	93	0.007619946437356769	1	1	284	133	6	1	G
H11_BC95_191109_LF_LIB_consensus_vsearch	2079	G	K	411	11	2.55%	2	1	93	93	4.5710039589920393E-4	1	1	279	132	11	0	T
H11_BC95_191109_LF_LIB_consensus_vsearch	2086	C	Y	422	14	3.2%	2	2	93	93	5.489635033716498E-5	1	1	298	124	1	13	T
H11_BC95_191109_LF_LIB_consensus_vsearch	2093	A	R	423	7	1.62%	2	2	93	93	0.007622620571895094	1	1	291	132	5	2	G
H11_BC95_191109_LF_LIB_consensus_vsearch	2094	A	R	426	8	1.83%	2	2	93	93	0.0037811878789100195	1	1	294	132	6	2	G
H11_BC95_191109_LF_LIB_consensus_vsearch	2107	G	R	371	10	2.54%	2	1	93	93	9.198738399151659E-4	1	1	251	120	10	0	A
H11_BC95_191109_LF_LIB_consensus_vsearch	2108	G	R	405	13	3.04%	2	2	93	93	1.1103838422487234E-4	1	1	273	132	12	1	A
H11_BC95_191109_LF_LIB_consensus_vsearch	2109	T	W	390	7	1.66%	2	1	93	93	0.007606917708857565	1	1	269	121	7	0	+A
H11_BC95_191109_LF_LIB_consensus_vsearch	2109	T	Y	390	15	3.55%	2	2	93	93	2.674381262774065E-5	1	1	269	121	2	13	C
H11_BC95_191109_LF_LIB_consensus_vsearch	2110	G	R	392	21	4.83%	2	1	93	93	3.673956661066451E-7	1	1	259	133	21	0	A
H11_BC95_191109_LF_LIB_consensus_vsearch	2113	G	R	185	234	54.29%	2	2	93	93	2.851374552943555E-91	1	1	126	59	161	73	A
H11_BC95_191109_LF_LIB_consensus_vsearch	2114	C	Y	365	7	1.64%	2	2	93	93	0.007593177034187656	1	1	232	133	5	2	+A
H11_BC95_191109_LF_LIB_consensus_vsearch	2118	C	S	404	7	1.69%	2	1	93	93	0.007613885964194907	1	1	270	134	7	0	G
H11_BC95_191109_LF_LIB_consensus_vsearch	2119	C	S	416	8	1.87%	2	1	93	93	0.003778261194268045	1	1	281	135	8	0	G
H11_BC95_191109_LF_LIB_consensus_vsearch	2122	A	R	424	10	2.3%	2	2	93	93	9.266914820866851E-4	1	1	288	136	9	1	G
H11_BC95_191109_LF_LIB_consensus_vsearch	2124	G	R	420	8	1.85%	2	1	93	93	0.003779448151948946	1	1	289	131	8	0	A
H11_BC95_191109_LF_LIB_consensus_vsearch	2128	G	R	403	30	6.9%	2	1	93	93	5.536175813147792E-10	1	1	270	133	30	0	A
H11_BC95_191109_LF_LIB_consensus_vsearch	2133	A	R	419	7	1.61%	2	2	93	93	0.007620846145152445	1	1	288	131	6	1	G
H11_BC95_191109_LF_LIB_consensus_vsearch	2144	A	R	420	10	2.28%	2	2	93	93	9.262346650300045E-4	1	1	290	130	8	2	G
H11_BC95_191109_LF_LIB_consensus_vsearch	2146	T	Y	86	27	6.22%	2	2	93	93	1.275956169417902E-9	1	1	85	1	2	25	+C
H11_BC95_191109_LF_LIB_consensus_vsearch	2165	A	R	416	12	2.75%	2	1	93	93	2.257863627265534E-4	1	1	285	131	12	0	G
H11_BC95_191109_LF_LIB_consensus_vsearch	2172	A	R	412	7	1.63%	2	1	93	93	0.007617659773976637	1	1	282	130	7	0	G
H11_BC95_191109_LF_LIB_consensus_vsearch	2175	G	K	422	7	1.6%	2	1	93	93	0.007622180052576428	1	1	289	133	7	0	T
H11_BC95_191109_LF_LIB_consensus_vsearch	2177	A	R	414	8	1.83%	2	2	93	93	0.00377765934383424	1	1	288	126	5	3	G
H11_BC95_191109_LF_LIB_consensus_vsearch	2184	A	R	410	18	4.13%	2	1	93	93	3.1784048153111263E-6	1	1	280	130	18	0	G
H11_BC95_191109_LF_LIB_consensus_vsearch	2205	T	W	365	7	1.61%	2	2	93	93	0.007593177034187656	1	1	239	126	6	1	-G
H11_BC95_191109_LF_LIB_consensus_vsearch	2205	T	Y	365	7	1.61%	2	2	93	93	0.007593177034187656	1	1	239	126	6	1	-G
H11_BC95_191109_LF_LIB_consensus_vsearch	2206	G	R	230	152	37.62%	2	2	93	93	1.0502500197214449E-54	1	1	153	77	93	59	A
H11_BC95_191109_LF_LIB_consensus_vsearch	2206	G	S	230	7	1.73%	2	1	93	93	0.0074693190837354945	1	1	153	77	7	0	A
H11_BC95_191109_LF_LIB_consensus_vsearch	2208	G	R	387	14	3.38%	2	1	93	93	5.438212094947901E-5	1	1	252	135	14	0	A
H11_BC95_191109_LF_LIB_consensus_vsearch	2212	A	R	422	8	1.84%	2	1	93	93	0.003780033413733114	1	1	286	136	8	0	G
H11_BC95_191109_LF_LIB_consensus_vsearch	2214	A	R	422	8	1.86%	2	1	93	93	0.003780033413733114	1	1	286	136	8	0	G
H11_BC95_191109_LF_LIB_consensus_vsearch	2220	C	M	374	7	1.61%	2	1	93	93	0.007598330292913895	1	1	241	133	7	0	-A
H11_BC95_191109_LF_LIB_consensus_vsearch	2233	C	Y	378	29	6.71%	2	2	93	93	1.1107285434465633E-9	1	1	298	80	1	28	T
H11_BC95_191109_LF_LIB_consensus_vsearch	2236	C	Y	395	17	3.89%	2	2	93	93	6.4467478169022394E-6	1	1	292	103	1	16	T
H11_BC95_191109_LF_LIB_consensus_vsearch	2241	T	Y	374	7	1.64%	2	2	93	93	0.007598330292913895	1	1	261	113	1	6	+C
H11_BC95_191109_LF_LIB_consensus_vsearch	2243	G	R	393	27	6.34%	2	1	93	93	4.8391875722453795E-9	1	1	266	127	27	0	A
H11_BC95_191109_LF_LIB_consensus_vsearch	2246	T	Y	424	7	1.61%	2	1	93	93	0.007623059056742502	1	1	300	124	0	7	C
H11_BC95_191109_LF_LIB_consensus_vsearch	2250	C	Y	251	170	39.91%	2	2	93	93	2.8010066046504715E-61	1	1	169	82	125	45	T
H11_BC95_191109_LF_LIB_consensus_vsearch	2251	C	Y	370	20	4.58%	2	2	93	93	7.428241446984615E-7	1	1	241	129	14	6	+T
H11_BC95_191109_LF_LIB_consensus_vsearch	2252	G	R	351	30	7.11%	2	1	93	93	5.141878840814134E-10	1	1	215	136	30	0	A
H11_BC95_191109_LF_LIB_consensus_vsearch	2253	C	Y	320	13	3.31%	2	1	93	93	1.0833547970360815E-4	1	1	186	134	13	0	T
H11_BC95_191109_LF_LIB_consensus_vsearch	2254	A	R	347	13	3.57%	2	2	93	93	1.093270871914631E-4	1	1	213	134	12	1	G
H11_BC95_191109_LF_LIB_consensus_vsearch	2255	A	W	334	11	2.63%	2	2	93	93	4.503146372766761E-4	1	1	204	130	9	2	T
H11_BC95_191109_LF_LIB_consensus_vsearch	2256	G	K	344	14	3.76%	2	1	93	93	5.361906880210117E-5	1	1	212	132	14	0	T
H11_BC95_191109_LF_LIB_consensus_vsearch	2257	G	R	345	12	2.8%	2	1	93	93	2.2224715474502605E-4	1	1	212	133	12	0	+A
H11_BC95_191109_LF_LIB_consensus_vsearch	2266	C	Y	394	10	2.46%	2	2	93	93	9.230485023476184E-4	1	1	278	116	2	8	T
H11_BC95_191109_LF_LIB_consensus_vsearch	2267	C	Y	388	27	6.24%	2	2	93	93	4.813257554927927E-9	1	1	292	96	2	25	T
H11_BC95_191109_LF_LIB_consensus_vsearch	2289	G	R	346	36	9.25%	2	2	93	93	6.1262930237034056E-12	1	1	238	108	33	3	A
H11_BC95_191109_LF_LIB_consensus_vsearch	2290	G	R	413	17	3.94%	2	2	93	93	6.49326387450149E-6	1	1	298	115	1	16	A
H11_BC95_191109_LF_LIB_consensus_vsearch	2296	A	R	410	11	2.54%	2	1	93	93	4.570278461449636E-4	1	1	279	131	11	0	G
H11_BC95_191109_LF_LIB_consensus_vsearch	2298	C	Y	407	12	2.76%	2	2	93	93	2.2540235260924642E-4	1	1	283	124	1	11	T
H11_BC95_191109_LF_LIB_consensus_vsearch	2305	G	R	424	8	1.84%	2	2	93	93	0.0037806132981311326	1	1	292	132	7	1	A
H11_BC95_191109_LF_LIB_consensus_vsearch	2310	A	R	358	14	3.23%	2	2	93	93	5.388600494176372E-5	1	1	274	84	12	2	-G
H11_BC95_191109_LF_LIB_consensus_vsearch	2325	G	R	417	7	1.62%	2	1	93	93	0.007619946437356769	1	1	284	133	7	0	A
H11_BC95_191109_LF_LIB_consensus_vsearch	2329	T	Y	418	7	1.61%	2	2	93	93	0.007620397344640596	1	1	286	132	4	3	C
H11_BC95_191109_LF_LIB_consensus_vsearch	2332	A	R	423	12	2.75%	2	2	93	93	2.2607433164831964E-4	1	1	289	134	9	3	G
H11_BC95_191109_LF_LIB_consensus_vsearch	2335	A	R	422	8	1.83%	2	2	93	93	0.003780033413733114	1	1	290	132	7	1	G
H11_BC95_191109_LF_LIB_consensus_vsearch	2356	T	Y	423	10	2.3%	2	2	93	93	9.26578056881533E-4	1	1	299	124	1	9	C
H11_BC95_191109_LF_LIB_consensus_vsearch	2373	A	R	407	7	1.61%	2	2	93	93	0.007615318149966635	1	1	273	134	5	2	-CA
H11_BC95_191109_LF_LIB_consensus_vsearch	2378	A	R	419	8	1.86%	2	2	93	93	0.0037791534811211507	1	1	284	135	7	1	G
H11_BC95_191109_LF_LIB_consensus_vsearch	2386	G	R	413	9	2.06%	2	1	93	93	0.001870754746824021	1	1	277	136	9	0	A
H11_BC95_191109_LF_LIB_consensus_vsearch	2386	G	S	413	13	2.97%	2	1	93	93	1.1123903648473621E-4	1	1	277	136	13	0	C
H11_BC95_191109_LF_LIB_consensus_vsearch	2393	G	R	422	8	1.84%	2	1	93	93	0.003780033413733114	1	1	287	135	8	0	A
H11_BC95_191109_LF_LIB_consensus_vsearch	2396	A	R	403	28	6.41%	2	2	93	93	2.3681216879039146E-9	1	1	270	133	26	2	G
H11_BC95_191109_LF_LIB_consensus_vsearch	2398	G	R	395	38	8.74%	2	2	93	93	1.5567763283178423E-12	1	1	261	134	37	1	A
H11_BC95_191109_LF_LIB_consensus_vsearch	2420	A	R	404	9	2.16%	2	2	93	93	0.0018689806633249517	1	1	273	131	7	2	G
H11_BC95_191109_LF_LIB_consensus_vsearch	2423	G	R	424	7	1.62%	2	2	93	93	0.007623059056742502	1	1	291	133	6	1	A
H11_BC95_191109_LF_LIB_consensus_vsearch	2430	G	R	382	54	12.39%	2	2	93	93	9.650575420710867E-18	1	1	247	135	53	1	A
H11_BC95_191109_LF_LIB_consensus_vsearch	2434	T	Y	416	8	1.88%	2	2	93	93	0.003778261194268045	1	1	287	129	4	4	C
H11_BC95_191109_LF_LIB_consensus_vsearch	2449	T	Y	390	30	7.13%	2	1	93	93	5.44453008461256E-10	1	1	294	96	0	30	C
H11_BC95_191109_LF_LIB_consensus_vsearch	2452	A	R	412	8	1.86%	2	2	93	93	0.003777051806882959	1	1	290	122	7	1	G
H11_BC95_191109_LF_LIB_consensus_vsearch	2455	A	W	415	13	3%	2	1	93	93	1.1128806504032547E-4	1	1	297	118	0	13	T
H11_BC95_191109_LF_LIB_consensus_vsearch	2468	A	R	421	8	1.84%	2	2	93	93	0.0037797414596765903	1	1	288	133	6	2	G
H11_BC95_191109_LF_LIB_consensus_vsearch	2488	A	R	429	8	1.83%	2	2	93	93	0.0037820399638697363	1	1	293	136	7	1	G
H11_BC95_191109_LF_LIB_consensus_vsearch	2497	T	Y	408	8	1.83%	2	2	93	93	0.0037758193480112623	1	1	295	113	3	5	-C
H11_BC95_191109_LF_LIB_consensus_vsearch	2512	A	R	416	7	1.63%	2	1	93	93	0.007619493408432325	1	1	280	136	7	0	G
H11_BC95_191109_LF_LIB_consensus_vsearch	2514	A	R	410	12	2.8%	2	1	93	93	2.255321281093224E-4	1	1	276	134	12	0	G
H11_BC95_191109_LF_LIB_consensus_vsearch	2516	C	Y	417	8	1.83%	2	2	93	93	0.003778560011928581	1	1	289	128	5	3	T
H11_BC95_191109_LF_LIB_consensus_vsearch	2517	A	R	234	198	45.41%	2	2	93	93	3.125984855783835E-73	1	1	159	75	137	61	G
H11_BC95_191109_LF_LIB_consensus_vsearch	2518	A	R	420	7	1.6%	2	1	93	93	0.007621292853586086	1	1	284	136	7	0	G
H11_BC95_191109_LF_LIB_consensus_vsearch	2520	C	Y	367	7	1.61%	2	2	93	93	0.0075943435189384555	1	1	235	132	2	5	-GC
H11_BC95_191109_LF_LIB_consensus_vsearch	2521	G	R	223	151	40.27%	2	2	93	93	1.673176262175439E-54	1	1	148	75	90	61	A
H11_BC95_191109_LF_LIB_consensus_vsearch	2523	T	W	339	49	12.44%	2	1	93	93	3.52350471824878E-16	1	1	221	118	49	0	A
H11_BC95_191109_LF_LIB_consensus_vsearch	2525	T	W	244	185	42.43%	2	2	93	93	1.5590183341018505E-67	1	1	157	87	139	46	A
H11_BC95_191109_LF_LIB_consensus_vsearch	2527	C	M	372	14	3.49%	2	2	93	93	5.413441518516823E-5	1	1	289	83	1	13	A
H11_BC95_191109_LF_LIB_consensus_vsearch	2541	T	Y	408	22	5.02%	2	2	93	93	1.8100159322079772E-7	1	1	297	111	2	20	C
H11_BC95_191109_LF_LIB_consensus_vsearch	2544	T	Y	414	11	2.57%	2	2	93	93	4.573160388822809E-4	1	1	287	127	4	7	C
H11_BC95_191109_LF_LIB_consensus_vsearch	2560	G	R	414	8	1.86%	2	1	93	93	0.00377765934383424	1	1	286	128	8	0	A
H11_BC95_191109_LF_LIB_consensus_vsearch	2562	G	R	227	190	44.5%	2	2	93	93	3.34759457996718E-70	1	1	151	76	135	55	A
H11_BC95_191109_LF_LIB_consensus_vsearch	2574	C	Y	398	17	3.89%	2	1	93	93	6.4547625674435554E-6	1	1	293	105	0	17	T
H11_BC95_191109_LF_LIB_consensus_vsearch	2576	A	R	387	8	1.97%	2	2	93	93	0.0037689428690762675	1	1	256	131	7	1	-G
H11_BC95_191109_LF_LIB_consensus_vsearch	2583	C	Y	408	9	2.07%	2	2	93	93	0.0018697784886581234	1	1	284	124	6	3	+G
H11_BC95_191109_LF_LIB_consensus_vsearch	2584	G	R	415	8	1.86%	2	1	93	93	0.003777960974854116	1	1	282	133	8	0	A
H11_BC95_191109_LF_LIB_consensus_vsearch	2597	A	R	398	8	1.96%	2	2	93	93	0.003772632825065396	1	1	265	133	7	1	G
H11_BC95_191109_LF_LIB_consensus_vsearch	2599	A	R	428	7	1.6%	2	1	93	93	0.007624792930600719	1	1	293	135	7	0	G
H11_BC95_191109_LF_LIB_consensus_vsearch	2601	A	R	422	9	2.06%	2	2	93	93	0.0018724555760242295	1	1	289	133	7	2	G
H11_BC95_191109_LF_LIB_consensus_vsearch	2604	A	R	389	8	1.96%	2	2	93	93	0.0037696288519149155	1	1	266	123	6	2	-T
H11_BC95_191109_LF_LIB_consensus_vsearch	2605	T	K	409	17	3.96%	2	1	93	93	6.483245240504738E-6	1	1	281	128	17	0	G
H11_BC95_191109_LF_LIB_consensus_vsearch	2606	T	Y	424	12	2.75%	2	2	93	93	2.2611473442214893E-4	1	1	299	125	2	10	C
H11_BC95_191109_LF_LIB_consensus_vsearch	2607	A	R	390	33	7.55%	2	1	93	93	6.082156133210519E-11	1	1	263	127	33	0	G
H11_BC95_191109_LF_LIB_consensus_vsearch	2608	C	Y	405	11	2.59%	2	1	93	93	4.566599754610742E-4	1	1	291	114	0	11	T
H11_BC95_191109_LF_LIB_consensus_vsearch	2611	T	Y	411	9	2.09%	2	2	93	93	0.0018703670005234343	1	1	289	122	4	5	C
H11_BC95_191109_LF_LIB_consensus_vsearch	2623	A	R	412	10	2.31%	2	1	93	93	9.25295461603329E-4	1	1	280	132	10	0	G
H11_BC95_191109_LF_LIB_consensus_vsearch	2633	A	R	408	17	3.94%	2	1	93	93	6.4807129773874934E-6	1	1	272	136	17	0	G
H11_BC95_191109_LF_LIB_consensus_vsearch	2641	C	M	397	7	1.6%	2	1	93	93	0.00761046189928152	1	1	280	117	7	0	+T
H11_BC95_191109_LF_LIB_consensus_vsearch	2644	G	R	392	13	3.03%	2	2	93	93	1.1069598920089562E-4	1	1	261	131	12	1	A
H11_BC95_191109_LF_LIB_consensus_vsearch	2644	G	K	392	10	2.33%	2	1	93	93	9.227866256324819E-4	1	1	261	131	10	0	A
H11_BC95_191109_LF_LIB_consensus_vsearch	2648	C	Y	411	14	3.25%	2	2	93	93	5.474350555951183E-5	1	1	280	131	10	4	T
H11_BC95_191109_LF_LIB_consensus_vsearch	2651	C	Y	394	8	1.84%	2	2	93	93	0.0037713141940397903	1	1	273	121	1	7	-T
H11_BC95_191109_LF_LIB_consensus_vsearch	2652	T	W	401	11	2.63%	2	1	93	93	4.5635938666550835E-4	1	1	269	132	11	0	A
H11_BC95_191109_LF_LIB_consensus_vsearch	2655	T	Y	397	7	1.69%	2	2	93	93	0.00761046189928152	1	1	275	122	2	5	C
H11_BC95_191109_LF_LIB_consensus_vsearch	2656	A	R	391	10	2.4%	2	2	93	93	9.226547240173711E-4	1	1	274	117	7	3	G
H11_BC95_191109_LF_LIB_consensus_vsearch	2686	T	Y	418	7	1.61%	2	2	93	93	0.007620397344640596	1	1	296	122	2	5	+C
H11_BC95_191109_LF_LIB_consensus_vsearch	2687	T	Y	411	7	1.6%	2	2	93	93	0.007617195908814076	1	1	295	116	3	4	-C
H11_BC95_191109_LF_LIB_consensus_vsearch	2692	T	Y	379	20	4.81%	2	2	93	93	7.47128900641539E-7	1	1	295	84	1	19	C
H11_BC95_191109_LF_LIB_consensus_vsearch	2706	G	R	410	23	5.29%	2	1	93	93	8.831451741297899E-8	1	1	275	135	23	0	A
H11_BC95_191109_LF_LIB_consensus_vsearch	2710	G	R	389	34	7.83%	2	1	93	93	2.917639473495372E-11	1	1	254	135	34	0	A
H11_BC95_191109_LF_LIB_consensus_vsearch	2712	C	Y	422	10	2.29%	2	2	93	93	9.264641146701706E-4	1	1	294	128	4	6	T
H11_BC95_191109_LF_LIB_consensus_vsearch	2713	G	R	426	7	1.61%	2	2	93	93	0.007623929979105209	1	1	293	133	6	1	A
H11_BC95_191109_LF_LIB_consensus_vsearch	2724	A	R	400	12	2.84%	2	1	93	93	2.2509239120889853E-4	1	1	263	137	12	0	G
H11_BC95_191109_LF_LIB_consensus_vsearch	2725	G	R	399	12	2.79%	2	1	93	93	2.2504727237570137E-4	1	1	277	122	12	0	A
H11_BC95_191109_LF_LIB_consensus_vsearch	2728	C	Y	387	9	2.23%	2	1	93	93	0.0018654123049784304	1	1	265	122	0	9	T
H11_BC95_191109_LF_LIB_consensus_vsearch	2729	C	Y	418	8	1.83%	2	2	93	93	0.003778857437644956	1	1	289	129	3	5	-T
H11_BC95_191109_LF_LIB_consensus_vsearch	2731	A	R	409	17	3.91%	2	1	93	93	6.483245240504738E-6	1	1	274	135	17	0	G
H11_BC95_191109_LF_LIB_consensus_vsearch	2734	G	R	405	12	2.82%	2	1	93	93	2.2531482582750418E-4	1	1	271	134	12	0	A
H11_BC95_191109_LF_LIB_consensus_vsearch	2739	A	R	423	7	1.61%	2	1	93	93	0.007622620571895094	1	1	287	136	7	0	G
H11_BC95_191109_LF_LIB_consensus_vsearch	2743	A	R	399	9	2.15%	2	2	93	93	0.001867961645486525	1	1	264	135	8	1	G
H11_BC95_191109_LF_LIB_consensus_vsearch	2759	A	R	415	13	2.98%	2	2	93	93	1.1128806504032547E-4	1	1	280	135	12	1	G
H11_BC95_191109_LF_LIB_consensus_vsearch	2760	T	Y	423	8	1.85%	2	2	93	93	0.003780324023462628	1	1	288	135	7	1	C
H11_BC95_191109_LF_LIB_consensus_vsearch	2767	G	R	413	13	3.02%	2	1	93	93	1.1123903648473621E-4	1	1	281	132	13	0	A
H11_BC95_191109_LF_LIB_consensus_vsearch	2771	G	R	386	33	7.62%	2	1	93	93	6.043044322509342E-11	1	1	252	134	33	0	A
H11_BC95_191109_LF_LIB_consensus_vsearch	2778	A	R	411	11	2.52%	2	2	93	93	4.5710039589920393E-4	1	1	288	123	6	5	G
H11_BC95_191109_LF_LIB_consensus_vsearch	2782	G	R	396	12	2.8%	2	2	93	93	2.249106249509881E-4	1	1	272	124	8	4	+A
H11_BC95_191109_LF_LIB_consensus_vsearch	2784	G	R	413	9	2.07%	2	1	93	93	0.001870754746824021	1	1	282	131	9	0	A
H11_BC95_191109_LF_LIB_consensus_vsearch	2785	C	Y	405	8	1.85%	2	2	93	93	0.003774879463209244	1	1	278	127	5	3	T
H11_BC95_191109_LF_LIB_consensus_vsearch	2786	A	R	323	15	3.48%	2	2	93	93	2.6038080031327808E-5	1	1	255	68	13	2	-G
H11_BC95_191109_LF_LIB_consensus_vsearch	2791	C	Y	399	13	3%	2	1	93	93	1.1088295133444692E-4	1	1	287	112	0	13	T
H11_BC95_191109_LF_LIB_consensus_vsearch	2792	G	K	415	10	2.3%	2	2	93	93	9.256517413502841E-4	1	1	291	124	3	7	T
H11_BC95_191109_LF_LIB_consensus_vsearch	2796	T	Y	428	8	1.83%	2	2	93	93	0.0037817572285023734	1	1	297	131	3	5	C
H11_BC95_191109_LF_LIB_consensus_vsearch	2799	T	Y	424	7	1.62%	2	2	93	93	0.007623059056742502	1	1	298	126	3	4	C
H11_BC95_191109_LF_LIB_consensus_vsearch	2801	G	K	419	10	2.29%	2	1	93	93	9.261191504201837E-4	1	1	287	132	10	0	T
H11_BC95_191109_LF_LIB_consensus_vsearch	2820	T	K	422	7	1.61%	2	1	93	93	0.007622180052576428	1	1	287	135	7	0	G
H11_BC95_191109_LF_LIB_consensus_vsearch	2822	A	R	419	7	1.61%	2	1	93	93	0.007620846145152445	1	1	285	134	7	0	G
H11_BC95_191109_LF_LIB_consensus_vsearch	2826	G	R	410	8	1.86%	2	2	93	93	0.003776438502445107	1	1	276	134	7	1	+A
H11_BC95_191109_LF_LIB_consensus_vsearch	2827	G	R	417	13	2.97%	2	2	93	93	1.113366520436279E-4	1	1	281	136	12	1	A
H11_BC95_191109_LF_LIB_consensus_vsearch	2828	C	Y	424	7	1.6%	2	2	93	93	0.007623059056742502	1	1	292	132	2	5	T
H11_BC95_191109_LF_LIB_consensus_vsearch	2837	T	Y	425	7	1.61%	2	2	93	93	0.007623495521158642	1	1	298	127	2	5	C
H11_BC95_191109_LF_LIB_consensus_vsearch	2841	C	Y	407	20	4.63%	2	2	93	93	7.594696420327181E-7	1	1	272	135	18	2	T
H11_BC95_191109_LF_LIB_consensus_vsearch	2848	A	R	417	13	3%	2	1	93	93	1.113366520436279E-4	1	1	284	133	13	0	G
H11_BC95_191109_LF_LIB_consensus_vsearch	2854	A	R	424	8	1.84%	2	1	93	93	0.0037806132981311326	1	1	288	136	8	0	G
H11_BC95_191109_LF_LIB_consensus_vsearch	2866	C	Y	402	24	5.5%	2	1	93	93	4.271528395416842E-8	1	1	293	109	0	24	T
H11_BC95_191109_LF_LIB_consensus_vsearch	2869	G	R	398	27	6.25%	2	1	93	93	4.864622142702218E-9	1	1	263	135	27	0	A
H11_BC95_191109_LF_LIB_consensus_vsearch	2878	A	R	422	10	2.29%	2	2	93	93	9.264641146701706E-4	1	1	287	135	9	1	G
H11_BC95_191109_LF_LIB_consensus_vsearch	2879	G	R	414	8	1.84%	2	1	93	93	0.00377765934383424	1	1	284	130	8	0	A
H11_BC95_191109_LF_LIB_consensus_vsearch	2885	C	Y	410	12	2.76%	2	2	93	93	2.255321281093224E-4	1	1	277	133	11	1	T
H11_BC95_191109_LF_LIB_consensus_vsearch	2886	A	R	384	27	6.26%	2	1	93	93	4.792147269238064E-9	1	1	258	126	27	0	G
H11_BC95_191109_LF_LIB_consensus_vsearch	2892	A	R	403	13	3.04%	2	2	93	93	1.1098705502596942E-4	1	1	269	134	12	1	G
H11_BC95_191109_LF_LIB_consensus_vsearch	2894	C	S	415	10	2.31%	2	2	93	93	9.256517413502841E-4	1	1	284	131	9	1	G
H11_BC95_191109_LF_LIB_consensus_vsearch	2895	C	Y	423	10	2.28%	2	2	93	93	9.26578056881533E-4	1	1	294	129	3	7	T
H11_BC95_191109_LF_LIB_consensus_vsearch	2910	A	R	405	13	3.02%	2	2	93	93	1.1103838422487234E-4	1	1	272	133	11	2	G
H11_BC95_191109_LF_LIB_consensus_vsearch	2916	A	R	427	8	1.83%	2	2	93	93	0.0037814732031268648	1	1	293	134	6	2	G
H11_BC95_191109_LF_LIB_consensus_vsearch	2921	C	Y	423	8	1.83%	2	2	93	93	0.003780324023462628	1	1	292	131	3	5	T
H11_BC95_191109_LF_LIB_consensus_vsearch	2926	T	Y	421	7	1.6%	2	2	93	93	0.007621737484585097	1	1	291	130	2	5	C
H11_BC95_191109_LF_LIB_consensus_vsearch	2930	C	Y	421	12	2.75%	2	1	93	93	2.259929805737435E-4	1	1	298	123	0	12	T
H11_BC95_191109_LF_LIB_consensus_vsearch	2938	T	Y	395	15	3.55%	2	2	93	93	2.6787679179248367E-5	1	1	287	108	2	13	C
H11_BC95_191109_LF_LIB_consensus_vsearch	2939	A	R	402	15	3.53%	2	2	93	93	2.68474088688777E-5	1	1	274	128	14	1	G
H11_BC95_191109_LF_LIB_consensus_vsearch	2941	C	Y	392	8	1.88%	2	2	93	93	0.0037706450711110975	1	1	269	123	2	6	T
H11_BC95_191109_LF_LIB_consensus_vsearch	2946	G	R	287	8	2.54%	2	1	93	93	0.0037229184046144305	1	1	201	86	8	0	+A
H11_BC95_191109_LF_LIB_consensus_vsearch	2948	G	R	397	10	2.34%	2	1	93	93	9.234365709559712E-4	1	1	273	124	10	0	A
H11_BC95_191109_LF_LIB_consensus_vsearch	2950	G	R	390	16	3.86%	2	1	93	93	1.3124583755675277E-5	1	1	270	120	16	0	A
H11_BC95_191109_LF_LIB_consensus_vsearch	2951	G	R	395	9	2.08%	2	1	93	93	0.0018671284895574335	1	1	263	132	9	0	-C
H11_BC95_191109_LF_LIB_consensus_vsearch	2965	A	R	402	10	2.3%	2	1	93	93	9.240709968804184E-4	1	1	274	128	10	0	-G
H11_BC95_191109_LF_LIB_consensus_vsearch	2977	A	R	423	7	1.6%	2	2	93	93	0.007622620571895094	1	1	293	130	6	1	G
H11_BC95_191109_LF_LIB_consensus_vsearch	2980	T	Y	411	20	4.6%	2	2	93	93	7.611138031103958E-7	1	1	296	115	4	16	C
H11_BC95_191109_LF_LIB_consensus_vsearch	2983	T	Y	379	7	1.6%	2	2	93	93	0.007601089929303789	1	1	247	132	2	5	-A
H11_BC95_191109_LF_LIB_consensus_vsearch	2985	T	K	375	40	9.5%	2	1	93	93	3.389190688248127E-13	1	1	245	130	40	0	G
H11_BC95_191109_LF_LIB_consensus_vsearch	2989	C	Y	377	20	4.61%	2	2	93	93	7.461874627489505E-7	1	1	278	99	5	15	-A
H11_BC95_191109_LF_LIB_consensus_vsearch	2990	A	R	388	9	2.19%	2	2	93	93	0.0018656305641170923	1	1	286	102	4	5	G
H11_BC95_191109_LF_LIB_consensus_vsearch	2990	A	W	388	11	2.68%	2	1	93	93	4.5534176337797E-4	1	1	286	102	0	11	T
H11_BC95_191109_LF_LIB_consensus_vsearch	2991	A	R	408	7	1.62%	2	2	93	93	0.007615790966496023	1	1	292	116	2	5	-G
H11_BC95_191109_LF_LIB_consensus_vsearch	2992	G	R	404	9	2.14%	2	1	93	93	0.0018689806633249517	1	1	283	121	9	0	A
H11_BC95_191109_LF_LIB_consensus_vsearch	3004	C	Y	400	11	2.53%	2	1	93	93	4.5628334474193127E-4	1	1	293	107	0	11	+T
H11_BC95_191109_LF_LIB_consensus_vsearch	3006	T	W	386	7	1.74%	2	1	93	93	0.0076048360660226225	1	1	280	106	7	0	A
H11_BC95_191109_LF_LIB_consensus_vsearch	3018	C	Y	419	15	3.44%	2	2	93	93	2.6984810488819573E-5	1	1	297	122	2	13	T
H11_BC95_191109_LF_LIB_consensus_vsearch	3019	G	R	421	9	2.06%	2	2	93	93	0.0018722700711233777	1	1	288	133	7	2	A
H11_BC95_191109_LF_LIB_consensus_vsearch	3020	G	R	424	8	1.83%	2	2	93	93	0.0037806132981311326	1	1	292	132	6	2	A
H11_BC95_191109_LF_LIB_consensus_vsearch	3024	C	Y	394	22	5.02%	2	2	93	93	1.7928653904601798E-7	1	1	284	110	4	18	T
H11_BC95_191109_LF_LIB_consensus_vsearch	3025	C	Y	331	80	18.26%	2	2	93	93	1.1634372720350789E-26	1	1	218	113	65	15	T
H11_BC95_191109_LF_LIB_consensus_vsearch	3026	A	W	407	8	1.9%	2	2	93	93	0.0037755075508262973	1	1	285	122	4	4	T
H11_BC95_191109_LF_LIB_consensus_vsearch	3054	G	R	337	33	7.78%	2	1	93	93	5.5180639312619565E-11	1	1	202	135	33	0	A
H11_BC95_191109_LF_LIB_consensus_vsearch	3057	C	Y	363	7	1.61%	2	2	93	93	0.0075919980086515786	1	1	233	130	3	4	-GAA
H11_BC95_191109_LF_LIB_consensus_vsearch	3065	C	Y	417	8	1.87%	2	2	93	93	0.003778560011928581	1	1	287	130	5	3	T
H11_BC95_191109_LF_LIB_consensus_vsearch	3069	A	R	150	44	10.45%	2	2	93	93	3.6217399600083725E-15	1	1	136	14	43	1	G
H11_BC95_191109_LF_LIB_consensus_vsearch	3072	A	R	405	11	2.63%	2	2	93	93	4.566599754610742E-4	1	1	271	134	10	1	G
H11_BC95_191109_LF_LIB_consensus_vsearch	3074	A	R	405	15	3.5%	2	2	93	93	2.6872426494871398E-5	1	1	274	131	14	1	G
H11_BC95_191109_LF_LIB_consensus_vsearch	3075	C	Y	415	8	1.86%	2	2	93	93	0.003777960974854116	1	1	285	130	5	3	T
H11_BC95_191109_LF_LIB_consensus_vsearch	3076	G	R	398	29	6.68%	2	1	93	93	1.1389159889843766E-9	1	1	265	133	29	0	A
H11_BC95_191109_LF_LIB_consensus_vsearch	3080	C	M	406	8	1.9%	2	2	93	93	0.0037751942594862146	1	1	272	134	6	2	A
H11_BC95_191109_LF_LIB_consensus_vsearch	3081	C	Y	392	31	7.09%	2	2	93	93	2.632550759654624E-10	1	1	274	118	15	16	T
H11_BC95_191109_LF_LIB_consensus_vsearch	3083	A	R	387	19	4.36%	2	1	93	93	1.537555403340537E-6	1	1	253	134	19	0	-C
H11_BC95_191109_LF_LIB_consensus_vsearch	3084	C	S	397	8	1.95%	2	1	93	93	0.003772305589141729	1	1	264	133	8	0	G
H11_BC95_191109_LF_LIB_consensus_vsearch	3085	C	M	375	8	1.84%	2	1	93	93	0.003764677830168862	1	1	252	123	8	0	-TT
H11_BC95_191109_LF_LIB_consensus_vsearch	3087	T	Y	372	16	3.95%	2	2	93	93	1.3031296605383876E-5	1	1	246	126	15	1	C
H11_BC95_191109_LF_LIB_consensus_vsearch	3088	G	R	387	32	7.57%	2	2	93	93	1.2585771896482246E-10	1	1	262	125	31	1	A
H11_BC95_191109_LF_LIB_consensus_vsearch	3089	G	R	424	11	2.51%	2	2	93	93	4.580137992598773E-4	1	1	290	134	8	3	A
H11_BC95_191109_LF_LIB_consensus_vsearch	3095	G	R	418	12	2.76%	2	2	93	93	2.2586957161051062E-4	1	1	287	131	11	1	A
H11_BC95_191109_LF_LIB_consensus_vsearch	3118	A	R	413	17	3.88%	2	1	93	93	6.49326387450149E-6	1	1	279	134	17	0	G
H11_BC95_191109_LF_LIB_consensus_vsearch	3133	C	Y	424	8	1.83%	2	1	93	93	0.0037806132981311326	1	1	291	133	8	0	T
H11_BC95_191109_LF_LIB_consensus_vsearch	3134	C	Y	418	9	2.05%	2	2	93	93	0.0018717084025872061	1	1	287	131	8	1	T
H11_BC95_191109_LF_LIB_consensus_vsearch	3141	T	Y	403	19	4.38%	2	1	93	93	1.5504569431294141E-6	1	1	289	114	0	19	C
H11_BC95_191109_LF_LIB_consensus_vsearch	3149	G	R	410	14	3.22%	2	1	93	93	5.472923269186134E-5	1	1	275	135	14	0	A
H11_BC95_191109_LF_LIB_consensus_vsearch	3151	C	Y	394	31	7.11%	2	2	93	93	2.63989291488005E-10	1	1	286	108	7	24	T
H11_BC95_191109_LF_LIB_consensus_vsearch	3175	T	Y	419	7	1.61%	2	2	93	93	0.007620846145152445	1	1	294	125	2	5	C
H11_BC95_191109_LF_LIB_consensus_vsearch	3186	T	Y	423	8	1.83%	2	2	93	93	0.003780324023462628	1	1	289	134	6	2	C
H11_BC95_191109_LF_LIB_consensus_vsearch	3188	A	R	416	7	1.62%	2	2	93	93	0.007619493408432325	1	1	291	125	2	5	G
H11_BC95_191109_LF_LIB_consensus_vsearch	3194	G	R	424	13	2.97%	2	1	93	93	1.115033140535145E-4	1	1	287	137	13	0	A
H11_BC95_191109_LF_LIB_consensus_vsearch	3197	A	R	429	8	1.83%	2	2	93	93	0.0037820399638697363	1	1	294	135	7	1	G
H11_BC95_191109_LF_LIB_consensus_vsearch	3213	T	Y	418	12	2.78%	2	2	93	93	2.2586957161051062E-4	1	1	293	125	1	11	C
H11_BC95_191109_LF_LIB_consensus_vsearch	3219	G	R	406	8	1.85%	2	2	93	93	0.0037751942594862146	1	1	274	132	7	1	+A
H11_BC95_191109_LF_LIB_consensus_vsearch	3235	T	Y	428	8	1.83%	2	2	93	93	0.0037817572285023734	1	1	298	130	1	7	C
H11_BC95_191109_LF_LIB_consensus_vsearch	3245	T	Y	411	8	1.85%	2	2	93	93	0.003776745880714396	1	1	286	125	1	7	C
H11_BC95_191109_LF_LIB_consensus_vsearch	3245	T	K	411	8	1.85%	2	1	93	93	0.003776745880714396	1	1	286	125	8	0	C
H11_BC95_191109_LF_LIB_consensus_vsearch	3247	A	M	366	7	1.84%	2	1	93	93	0.007593761831616585	1	1	287	79	7	0	C
H11_BC95_191109_LF_LIB_consensus_vsearch	3248	A	R	368	10	2.57%	2	2	93	93	9.194317755037062E-4	1	1	288	80	6	4	G
H11_BC95_191109_LF_LIB_consensus_vsearch	3249	G	R	408	7	1.63%	2	1	93	93	0.007615790966496023	1	1	277	131	7	0	+C
H11_BC95_191109_LF_LIB_consensus_vsearch	3251	C	Y	388	14	3.2%	2	2	93	93	5.439800459779043E-5	1	1	263	125	2	12	T
H11_BC95_191109_LF_LIB_consensus_vsearch	3252	G	S	391	21	4.82%	2	1	93	93	3.671572523070413E-7	1	1	254	137	21	0	C
H11_BC95_191109_LF_LIB_consensus_vsearch	3254	A	R	407	12	2.78%	2	1	93	93	2.2540235260924642E-4	1	1	271	136	12	0	G
H11_BC95_191109_LF_LIB_consensus_vsearch	3267	G	R	388	39	8.94%	2	1	93	93	7.329327232862585E-13	1	1	252	136	39	0	A
H11_BC95_191109_LF_LIB_consensus_vsearch	3269	T	Y	412	17	3.94%	2	2	93	93	6.490775634366145E-6	1	1	291	121	1	16	C
H11_BC95_191109_LF_LIB_consensus_vsearch	3271	G	K	394	32	7.36%	2	1	93	93	1.271863801527753E-10	1	1	259	135	32	0	T
H11_BC95_191109_LF_LIB_consensus_vsearch	3294	A	R	418	10	2.33%	2	2	93	93	9.260031044371504E-4	1	1	295	123	5	5	G
H11_BC95_191109_LF_LIB_consensus_vsearch	3296	T	Y	419	11	2.55%	2	2	93	93	4.576688933102391E-4	1	1	294	125	2	9	C
H11_BC95_191109_LF_LIB_consensus_vsearch	3300	A	R	421	7	1.6%	2	2	93	93	0.007621737484585097	1	1	294	127	5	2	G
H11_BC95_191109_LF_LIB_consensus_vsearch	3307	C	Y	405	12	2.76%	2	2	93	93	2.2531482582750418E-4	1	1	284	121	5	7	T
H11_BC95_191109_LF_LIB_consensus_vsearch	3309	A	R	415	7	1.62%	2	2	93	93	0.007619038242851565	1	1	280	135	5	2	G
H11_BC95_191109_LF_LIB_consensus_vsearch	3315	C	Y	393	9	2.08%	2	2	93	93	0.0018667057694086889	1	1	290	103	2	7	+T
H11_BC95_191109_LF_LIB_consensus_vsearch	3317	C	Y	305	7	2.22%	2	2	93	93	0.007551274189551532	1	1	208	97	2	5	T
H11_BC95_191109_LF_LIB_consensus_vsearch	3338	A	M	385	12	2.96%	2	2	93	93	2.2439240943114192E-4	1	1	288	97	1	11	C
H11_BC95_191109_LF_LIB_consensus_vsearch	3340	T	Y	403	16	3.76%	2	2	93	93	1.3187249802108927E-5	1	1	291	112	1	15	C
H11_BC95_191109_LF_LIB_consensus_vsearch	3349	G	R	415	9	2.07%	2	2	93	93	0.0018711388771604682	1	1	288	127	8	1	A
H11_BC95_191109_LF_LIB_consensus_vsearch	3361	T	Y	411	12	2.76%	2	2	93	93	2.2557498827275595E-4	1	1	293	118	1	11	C
H11_BC95_191109_LF_LIB_consensus_vsearch	3364	T	Y	401	9	2.11%	2	2	93	93	0.0018683721996632116	1	1	274	127	7	2	-A
H11_BC95_191109_LF_LIB_consensus_vsearch	3366	A	R	404	17	3.93%	2	2	93	93	6.470471302259629E-6	1	1	270	134	16	1	G
H11_BC95_191109_LF_LIB_consensus_vsearch	3368	A	W	381	7	1.69%	2	1	93	93	0.007602173974125566	1	1	251	130	7	0	-CA
H11_BC95_191109_LF_LIB_consensus_vsearch	3369	C	S	409	7	1.64%	2	1	93	93	0.007616261521057028	1	1	277	132	7	0	G
H11_BC95_191109_LF_LIB_consensus_vsearch	3370	A	W	382	24	5.67%	2	2	93	93	4.199918127952792E-8	1	1	253	129	23	1	T
H11_BC95_191109_LF_LIB_consensus_vsearch	3372	A	R	426	7	1.61%	2	2	93	93	0.007623929979105209	1	1	291	135	5	2	G
H11_BC95_191109_LF_LIB_consensus_vsearch	3374	A	R	400	7	1.61%	2	1	93	93	0.007611943705349879	1	1	276	124	7	0	-C
H11_BC95_191109_LF_LIB_consensus_vsearch	3376	C	Y	424	8	1.83%	2	1	93	93	0.0037806132981311326	1	1	300	124	0	8	T
H11_BC95_191109_LF_LIB_consensus_vsearch	3401	T	Y	413	11	2.52%	2	2	93	93	4.572444899531022E-4	1	1	292	121	1	10	C
H11_BC95_191109_LF_LIB_consensus_vsearch	3414	A	R	388	41	9.36%	2	2	93	93	1.667129741644698E-13	1	1	252	136	40	1	G
H11_BC95_191109_LF_LIB_consensus_vsearch	3416	G	R	411	18	4.19%	2	1	93	93	3.1797854475104E-6	1	1	278	133	18	0	A
H11_BC95_191109_LF_LIB_consensus_vsearch	3420	T	Y	414	10	2.29%	2	2	93	93	9.255335328018615E-4	1	1	284	130	5	5	C
H11_BC95_191109_LF_LIB_consensus_vsearch	3422	T	Y	397	13	3.13%	2	2	93	93	1.1083016322352594E-4	1	1	284	113	4	9	C
H11_BC95_191109_LF_LIB_consensus_vsearch	3427	G	R	425	7	1.6%	2	1	93	93	0.007623495521158642	1	1	292	133	7	0	A
H11_BC95_191109_LF_LIB_consensus_vsearch	3432	T	K	25	72	16.44%	2	2	93	93	4.607361457965803E-32	1	1	24	1	55	17	G
H11_BC95_191109_LF_LIB_consensus_vsearch	3434	T	K	194	8	1.86%	2	2	93	93	0.003639898683792886	1	1	135	59	1	7	-C
H11_BC95_191109_LF_LIB_consensus_vsearch	3447	G	K	421	7	1.6%	2	1	93	93	0.007621737484585097	1	1	289	132	7	0	T
H11_BC95_191109_LF_LIB_consensus_vsearch	3458	A	R	415	15	3.42%	2	2	93	93	2.6953413247305517E-5	1	1	283	132	14	1	G
H11_BC95_191109_LF_LIB_consensus_vsearch	3464	G	K	424	7	1.61%	2	1	93	93	0.007623059056742502	1	1	290	134	7	0	T
H11_BC95_191109_LF_LIB_consensus_vsearch	3466	A	R	290	7	1.6%	2	2	93	93	0.007538171418325775	1	1	174	116	2	5	-C
H11_BC95_191109_LF_LIB_consensus_vsearch	3467	C	Y	270	11	3.59%	2	1	93	93	4.4193270844278054E-4	1	1	179	91	0	11	+T
H11_BC95_191109_LF_LIB_consensus_vsearch	3468	C	Y	406	16	3.68%	2	1	93	93	1.3201193045766802E-5	1	1	298	108	0	16	T
H11_BC95_191109_LF_LIB_consensus_vsearch	3469	C	Y	404	7	1.6%	2	1	93	93	0.007613885964194907	1	1	298	106	0	7	-T
H11_BC95_191109_LF_LIB_consensus_vsearch	3470	T	Y	391	9	2.18%	2	1	93	93	0.0018662788735768444	1	1	291	100	0	9	C
H11_BC95_191109_LF_LIB_consensus_vsearch	3471	A	R	397	16	3.69%	2	1	93	93	1.3158789700561018E-5	1	1	263	134	16	0	G
H11_BC95_191109_LF_LIB_consensus_vsearch	3473	C	M	413	9	2.12%	2	2	93	93	0.001870754746824021	1	1	279	134	7	2	A
H11_BC95_191109_LF_LIB_consensus_vsearch	3474	C	Y	411	14	3.26%	2	2	93	93	5.474350555951183E-5	1	1	277	134	11	3	T
H11_BC95_191109_LF_LIB_consensus_vsearch	3476	A	R	405	17	3.9%	2	2	93	93	6.473048763994588E-6	1	1	278	127	16	1	G
H11_BC95_191109_LF_LIB_consensus_vsearch	3490	A	R	413	9	2.08%	2	1	93	93	0.001870754746824021	1	1	280	133	9	0	G
H11_BC95_191109_LF_LIB_consensus_vsearch	3501	T	Y	393	9	2.14%	2	1	93	93	0.0018667057694086889	1	1	278	115	9	0	C
H11_BC95_191109_LF_LIB_consensus_vsearch	3502	G	S	406	10	2.3%	2	1	93	93	9.245677335648258E-4	1	1	270	136	10	0	-A
H11_BC95_191109_LF_LIB_consensus_vsearch	3503	A	R	315	7	1.66%	2	1	93	93	0.007559335514723115	1	1	184	131	7	0	-G
H11_BC95_191109_LF_LIB_consensus_vsearch	3509	A	W	378	14	3.44%	2	1	93	93	5.423567585746075E-5	1	1	250	128	14	0	T
H11_BC95_191109_LF_LIB_consensus_vsearch	3510	C	S	373	14	3.28%	2	1	93	93	5.415150063894175E-5	1	1	240	133	14	0	G
H11_BC95_191109_LF_LIB_consensus_vsearch	3510	C	Y	373	24	5.62%	2	1	93	93	4.1656989415852434E-8	1	1	240	133	24	0	T
H11_BC95_191109_LF_LIB_consensus_vsearch	3511	A	R	352	46	10.9%	2	2	93	93	3.5754110095087985E-15	1	1	227	125	45	1	G
H11_BC95_191109_LF_LIB_consensus_vsearch	3512	G	R	383	12	2.88%	2	1	93	93	2.2429517467312504E-4	1	1	258	125	12	0	+A
H11_BC95_191109_LF_LIB_consensus_vsearch	3538	G	R	425	10	2.29%	2	1	93	93	9.268043937944601E-4	1	1	289	136	10	0	A
H11_BC95_191109_LF_LIB_consensus_vsearch	3544	C	M	389	9	2.25%	2	1	93	93	0.0018658477399051397	1	1	256	133	9	0	A
H11_BC95_191109_LF_LIB_consensus_vsearch	3545	C	Y	412	14	3.25%	2	2	93	93	5.475771402649315E-5	1	1	276	136	13	1	T
H11_BC95_191109_LF_LIB_consensus_vsearch	3546	C	Y	416	16	3.66%	2	2	93	93	1.3246346964115331E-5	1	1	281	135	15	1	T
H11_BC95_191109_LF_LIB_consensus_vsearch	3547	C	Y	290	27	6.16%	2	2	93	93	4.180083685814234E-9	1	1	177	113	15	12	-G
H11_BC95_191109_LF_LIB_consensus_vsearch	3552	A	R	281	7	1.63%	2	1	93	93	0.007529659309132628	1	1	179	102	7	0	-C
H11_BC95_191109_LF_LIB_consensus_vsearch	3554	C	Y	401	9	2.17%	2	2	93	93	0.0018683721996632116	1	1	273	128	1	8	T
H11_BC95_191109_LF_LIB_consensus_vsearch	3555	C	Y	422	10	2.3%	2	2	93	93	9.264641146701706E-4	1	1	296	126	1	9	T
H11_BC95_191109_LF_LIB_consensus_vsearch	3568	A	R	407	22	5.12%	2	2	93	93	1.8088237163401124E-7	1	1	273	134	21	1	G
H11_BC95_191109_LF_LIB_consensus_vsearch	3587	A	R	419	15	3.42%	2	1	93	93	2.6984810488819573E-5	1	1	283	136	15	0	G
H11_BC95_191109_LF_LIB_consensus_vsearch	3602	G	R	418	11	2.53%	2	1	93	93	4.575989670126341E-4	1	1	286	132	11	0	A
H11_BC95_191109_LF_LIB_consensus_vsearch	3607	A	R	418	8	1.85%	2	1	93	93	0.003778857437644956	1	1	282	136	8	0	G
H11_BC95_191109_LF_LIB_consensus_vsearch	3609	G	R	414	19	4.36%	2	1	93	93	1.5588186688080025E-6	1	1	278	136	19	0	A
H11_BC95_191109_LF_LIB_consensus_vsearch	3611	G	R	396	7	1.67%	2	2	93	93	0.007609963086240239	1	1	266	130	6	1	A
H11_BC95_191109_LF_LIB_consensus_vsearch	3623	T	Y	422	7	1.61%	2	2	93	93	0.007622180052576428	1	1	295	127	2	5	C
H11_BC95_191109_LF_LIB_consensus_vsearch	3638	A	R	422	12	2.75%	2	2	93	93	2.2603374744065776E-4	1	1	288	134	11	1	G
H11_BC95_191109_LF_LIB_consensus_vsearch	3639	C	Y	412	7	1.61%	2	2	93	93	0.007617659773976637	1	1	280	132	5	2	T
H11_BC95_191109_LF_LIB_consensus_vsearch	3644	G	R	406	10	2.35%	2	2	93	93	9.245677335648258E-4	1	1	280	126	8	2	A
H11_BC95_191109_LF_LIB_consensus_vsearch	3653	A	R	420	9	2.07%	2	2	93	93	0.0018720837112055043	1	1	284	136	8	1	G
H11_BC95_191109_LF_LIB_consensus_vsearch	3655	G	R	423	9	2.05%	2	1	93	93	0.0018726402317850155	1	1	286	137	9	0	A
H11_BC95_191109_LF_LIB_consensus_vsearch	3673	G	R	390	9	2.21%	2	1	93	93	0.0018660638404102402	1	1	258	132	9	0	A
H11_BC95_191109_LF_LIB_consensus_vsearch	3674	G	K	425	8	1.83%	2	1	93	93	0.0037809012469126957	1	1	290	135	8	0	T
H11_BC95_191109_LF_LIB_consensus_vsearch	3677	T	Y	418	7	1.62%	2	1	93	93	0.007620397344640596	1	1	301	117	0	7	C
H11_BC95_191109_LF_LIB_consensus_vsearch	3686	G	R	407	8	1.91%	2	1	93	93	0.0037755075508262973	1	1	278	129	8	0	A
H11_BC95_191109_LF_LIB_consensus_vsearch	3700	C	Y	370	8	2.01%	2	2	93	93	0.003762821512880718	1	1	258	112	2	6	T
H11_BC95_191109_LF_LIB_consensus_vsearch	3701	G	K	414	8	1.86%	2	2	93	93	0.00377765934383424	1	1	291	123	1	7	T
H11_BC95_191109_LF_LIB_consensus_vsearch	3703	C	Y	412	11	2.56%	2	1	93	93	4.571726097283556E-4	1	1	295	117	0	11	T
H11_BC95_191109_LF_LIB_consensus_vsearch	3704	C	Y	385	11	2.55%	2	2	93	93	4.550976487942495E-4	1	1	266	119	1	10	+G
H11_BC95_191109_LF_LIB_consensus_vsearch	3706	T	K	390	17	4.16%	2	1	93	93	6.4331446822125955E-6	1	1	268	122	17	0	G
H11_BC95_191109_LF_LIB_consensus_vsearch	3707	T	Y	387	11	2.54%	2	2	93	93	4.5526079174589983E-4	1	1	267	120	3	8	-A
H11_BC95_191109_LF_LIB_consensus_vsearch	3707	T	K	387	7	1.62%	2	2	93	93	0.007605360418658285	1	1	267	120	6	1	-A
H11_BC95_191109_LF_LIB_consensus_vsearch	3708	A	R	306	42	9.98%	2	2	93	93	6.09591992358942E-14	1	1	239	67	41	1	-G
H11_BC95_191109_LF_LIB_consensus_vsearch	3710	G	R	381	10	2.31%	2	1	93	93	9.212992345460898E-4	1	1	254	127	10	0	+A
H11_BC95_191109_LF_LIB_consensus_vsearch	3711	G	R	420	7	1.61%	2	1	93	93	0.007621292853586086	1	1	286	134	7	0	A
H11_BC95_191109_LF_LIB_consensus_vsearch	3713	G	R	422	8	1.84%	2	1	93	93	0.003780033413733114	1	1	287	135	8	0	A
H11_BC95_191109_LF_LIB_consensus_vsearch	3715	C	Y	416	10	2.29%	2	2	93	93	9.257694036262042E-4	1	1	290	126	4	6	T
H11_BC95_191109_LF_LIB_consensus_vsearch	3716	G	R	411	18	4.14%	2	1	93	93	3.1797854475104E-6	1	1	278	133	18	0	A
H11_BC95_191109_LF_LIB_consensus_vsearch	3717	G	R	402	22	5.02%	2	1	93	93	1.8027881430254848E-7	1	1	266	136	22	0	A
H11_BC95_191109_LF_LIB_consensus_vsearch	3724	G	R	386	8	1.93%	2	2	93	93	0.003768597288121233	1	1	252	134	7	1	+A
H11_BC95_191109_LF_LIB_consensus_vsearch	3731	C	S	416	10	2.31%	2	1	93	93	9.257694036262042E-4	1	1	282	134	10	0	G
H11_BC95_191109_LF_LIB_consensus_vsearch	3732	C	Y	387	25	5.72%	2	2	93	93	2.0476814016791143E-8	1	1	285	102	2	23	T
H11_BC95_191109_LF_LIB_consensus_vsearch	3737	G	R	412	7	1.64%	2	1	93	93	0.007617659773976637	1	1	278	134	7	0	A
H11_BC95_191109_LF_LIB_consensus_vsearch	3743	T	Y	403	8	1.91%	2	2	93	93	0.0037742453123195243	1	1	277	126	2	6	C
H11_BC95_191109_LF_LIB_consensus_vsearch	3746	C	Y	419	7	1.6%	2	2	93	93	0.007620846145152445	1	1	289	130	2	5	T
H11_BC95_191109_LF_LIB_consensus_vsearch	3748	T	Y	399	7	1.66%	2	2	93	93	0.007611452190916357	1	1	277	122	5	2	+G
H11_BC95_191109_LF_LIB_consensus_vsearch	3758	C	Y	415	8	1.87%	2	2	93	93	0.003777960974854116	1	1	287	128	2	6	T
H11_BC95_191109_LF_LIB_consensus_vsearch	3765	C	Y	428	7	1.6%	2	2	93	93	0.007624792930600719	1	1	293	135	5	2	T
H11_BC95_191109_LF_LIB_consensus_vsearch	3769	A	R	421	7	1.63%	2	2	93	93	0.007621737484585097	1	1	289	132	5	2	G
H11_BC95_191109_LF_LIB_consensus_vsearch	3770	A	R	399	30	6.93%	2	2	93	93	5.508429049614015E-10	1	1	265	134	29	1	G
H11_BC95_191109_LF_LIB_consensus_vsearch	3777	A	R	397	12	2.89%	2	1	93	93	2.2495639078119352E-4	1	1	265	132	12	0	G
H11_BC95_191109_LF_LIB_consensus_vsearch	3780	T	Y	403	7	1.7%	2	2	93	93	0.007613403934674614	1	1	275	128	1	6	C
H11_BC95_191109_LF_LIB_consensus_vsearch	3785	A	R	408	22	5.02%	2	2	93	93	1.8100159322079772E-7	1	1	280	128	20	2	G
H11_BC95_191109_LF_LIB_consensus_vsearch	3787	T	Y	406	16	3.72%	2	2	93	93	1.3201193045766802E-5	1	1	291	115	4	12	C
H11_BC95_191109_LF_LIB_consensus_vsearch	3789	C	Y	413	7	1.6%	2	2	93	93	0.007618121440992818	1	1	295	118	1	6	+A
H11_BC95_191109_LF_LIB_consensus_vsearch	3791	A	R	407	25	5.73%	2	1	93	93	2.0846376783924682E-8	1	1	271	136	25	0	G
H11_BC95_191109_LF_LIB_consensus_vsearch	3792	C	Y	410	20	4.57%	2	2	93	93	7.607053660813915E-7	1	1	293	117	3	17	T
H11_BC95_191109_LF_LIB_consensus_vsearch	3794	A	R	411	7	1.6%	2	2	93	93	0.007617195908814076	1	1	291	120	5	2	-C
H11_BC95_191109_LF_LIB_consensus_vsearch	3798	A	R	398	8	1.85%	2	2	93	93	0.003772632825065396	1	1	277	121	5	3	-CA
H11_BC95_191109_LF_LIB_consensus_vsearch	3804	A	R	386	9	2.21%	2	2	93	93	0.0018651929543866046	1	1	261	125	8	1	G
H11_BC95_191109_LF_LIB_consensus_vsearch	3826	C	Y	418	8	1.85%	2	2	93	93	0.003778857437644956	1	1	292	126	2	6	T
H11_BC95_191109_LF_LIB_consensus_vsearch	3827	G	R	419	8	1.85%	2	1	93	93	0.0037791534811211507	1	1	286	133	8	0	A
H11_BC95_191109_LF_LIB_consensus_vsearch	3829	G	R	419	7	1.62%	2	2	93	93	0.007620846145152445	1	1	291	128	6	1	A
H11_BC95_191109_LF_LIB_consensus_vsearch	3838	C	Y	364	9	2.07%	2	2	93	93	0.0018600735687751945	1	1	233	131	6	3	-A
H11_BC95_191109_LF_LIB_consensus_vsearch	3839	A	R	350	15	3.89%	2	1	93	93	2.635195227986554E-5	1	1	214	136	15	0	G
H11_BC95_191109_LF_LIB_consensus_vsearch	3839	A	W	350	13	3.37%	2	1	93	93	1.0942850659262722E-4	1	1	214	136	13	0	G
H11_BC95_191109_LF_LIB_consensus_vsearch	3840	C	S	364	52	12.09%	2	1	93	93	4.055800650095852E-17	1	1	230	134	52	0	G
H11_BC95_191109_LF_LIB_consensus_vsearch	3840	C	Y	364	7	1.63%	2	2	93	93	0.007592589101619866	1	1	230	134	6	1	G
H11_BC95_191109_LF_LIB_consensus_vsearch	3844	A	R	423	7	1.61%	2	2	93	93	0.007622620571895094	1	1	290	133	6	1	G
H11_BC95_191109_LF_LIB_consensus_vsearch	3849	C	Y	363	8	1.93%	2	1	93	93	0.003760139364613456	1	1	289	74	0	8	+T
H11_BC95_191109_LF_LIB_consensus_vsearch	3850	C	Y	416	10	2.29%	2	1	93	93	9.257694036262042E-4	1	1	294	122	0	10	T
H11_BC95_191109_LF_LIB_consensus_vsearch	3860	T	Y	426	11	2.52%	2	2	93	93	4.581495959366191E-4	1	1	297	129	3	8	C
H11_BC95_191109_LF_LIB_consensus_vsearch	3872	A	R	414	8	1.89%	2	2	93	93	0.00377765934383424	1	1	278	136	7	1	G
H11_BC95_191109_LF_LIB_consensus_vsearch	3878	A	R	424	7	1.61%	2	1	93	93	0.007623059056742502	1	1	289	135	7	0	G
H11_BC95_191109_LF_LIB_consensus_vsearch	3880	A	R	425	7	1.61%	2	2	93	93	0.007623495521158642	1	1	292	133	5	2	G
H11_BC95_191109_LF_LIB_consensus_vsearch	3882	T	K	384	7	1.6%	2	1	93	93	0.007603779356567615	1	1	248	136	7	0	+G
H11_BC95_191109_LF_LIB_consensus_vsearch	3884	G	R	371	13	3.28%	2	2	93	93	1.10095664708683E-4	1	1	245	126	12	1	A
H11_BC95_191109_LF_LIB_consensus_vsearch	3896	T	Y	397	32	7.41%	2	1	93	93	1.2774616796883327E-10	1	1	294	103	0	32	C
H11_BC95_191109_LF_LIB_consensus_vsearch	3906	T	K	420	11	2.53%	2	1	93	93	4.5773850170834535E-4	1	1	287	133	11	0	G
H11_BC95_191109_LF_LIB_consensus_vsearch	3912	G	K	399	22	5.07%	2	1	93	93	1.7991060895133482E-7	1	1	266	133	22	0	T
H11_BC95_191109_LF_LIB_consensus_vsearch	3915	C	Y	415	7	1.61%	2	2	93	93	0.007619038242851565	1	1	291	124	2	5	-GC
H11_BC95_191109_LF_LIB_consensus_vsearch	3931	A	R	419	7	1.61%	2	1	93	93	0.007620846145152445	1	1	285	134	7	0	G
H11_BC95_191109_LF_LIB_consensus_vsearch	3943	T	W	411	17	3.9%	2	2	93	93	6.4882764964716394E-6	1	1	286	125	7	10	A
H11_BC95_191109_LF_LIB_consensus_vsearch	3949	G	R	381	47	10.8%	2	2	93	93	1.8677451880408865E-15	1	1	278	103	13	34	A
H11_BC95_191109_LF_LIB_consensus_vsearch	3950	T	Y	382	48	11.03%	2	2	93	93	8.856909121728878E-16	1	1	282	100	11	37	C
H11_BC95_191109_LF_LIB_consensus_vsearch	3958	G	R	398	8	1.96%	2	1	93	93	0.003772632825065396	1	1	288	110	8	0	A
H11_BC95_191109_LF_LIB_consensus_vsearch	3959	G	R	409	7	1.65%	2	2	93	93	0.007616261521057028	1	1	292	117	2	5	+A
H11_BC95_191109_LF_LIB_consensus_vsearch	3961	T	Y	398	21	4.83%	2	2	93	93	3.6880479540872415E-7	1	1	287	111	1	20	C
H11_BC95_191109_LF_LIB_consensus_vsearch	3968	C	Y	420	8	1.83%	2	2	93	93	0.003779448151948946	1	1	292	128	2	6	T
H11_BC95_191109_LF_LIB_consensus_vsearch	3985	T	W	370	17	4.19%	2	1	93	93	6.375461151373017E-6	1	1	244	126	17	0	A
H11_BC95_191109_LF_LIB_consensus_vsearch	3985	T	Y	370	7	1.72%	2	2	93	93	0.007596070166375128	1	1	244	126	6	1	A
H11_BC95_191109_LF_LIB_consensus_vsearch	3985	T	K	370	10	2.46%	2	1	93	93	9.197272469938769E-4	1	1	244	126	10	0	G
H11_BC95_191109_LF_LIB_consensus_vsearch	3986	T	Y	386	15	3.59%	2	2	93	93	2.6707970567795604E-5	1	1	268	118	14	1	-G
H11_BC95_191109_LF_LIB_consensus_vsearch	3987	G	R	413	7	1.66%	2	1	93	93	0.007618121440992818	1	1	293	120	7	0	A
H11_BC95_191109_LF_LIB_consensus_vsearch	3999	C	Y	420	8	1.83%	2	2	93	93	0.003779448151948946	1	1	291	129	2	6	T
H11_BC95_191109_LF_LIB_consensus_vsearch	4007	A	R	418	7	1.63%	2	1	93	93	0.007620397344640596	1	1	284	134	7	0	G
H11_BC95_191109_LF_LIB_consensus_vsearch	4034	A	M	417	8	1.83%	2	2	93	93	0.003778560011928581	1	1	292	125	2	6	C
H11_BC95_191109_LF_LIB_consensus_vsearch	4035	T	Y	401	21	4.88%	2	2	93	93	3.6949592163666294E-7	1	1	293	108	4	17	C
H11_BC95_191109_LF_LIB_consensus_vsearch	4040	C	Y	416	14	3.2%	2	2	93	93	5.4813912517372454E-5	1	1	298	118	2	12	T
H11_BC95_191109_LF_LIB_consensus_vsearch	4044	A	R	374	10	2.39%	2	1	93	93	9.203091175437465E-4	1	1	238	136	10	0	-C
H11_BC95_191109_LF_LIB_consensus_vsearch	4045	C	S	390	18	4.41%	2	1	93	93	3.149478194108059E-6	1	1	253	137	18	0	G
H11_BC95_191109_LF_LIB_consensus_vsearch	4047	C	Y	351	85	19.41%	2	2	93	93	2.753303825736516E-28	1	1	299	52	1	84	T
H11_BC95_191109_LF_LIB_consensus_vsearch	4051	G	R	428	7	1.61%	2	2	93	93	0.007624792930600719	1	1	292	136	6	1	A
H11_BC95_191109_LF_LIB_consensus_vsearch	4059	G	R	424	13	2.97%	2	2	93	93	1.115033140535145E-4	1	1	289	135	12	1	A
H11_BC95_191109_LF_LIB_consensus_vsearch	4072	A	R	406	14	3.23%	2	2	93	93	5.4671488385988246E-5	1	1	279	127	13	1	G
H11_BC95_191109_LF_LIB_consensus_vsearch	4073	C	Y	406	8	1.87%	2	2	93	93	0.0037751942594862146	1	1	291	115	4	4	+A
H11_BC95_191109_LF_LIB_consensus_vsearch	4075	A	R	421	11	2.53%	2	2	93	93	4.5780779436953333E-4	1	1	287	134	9	2	G
H11_BC95_191109_LF_LIB_consensus_vsearch	4077	C	Y	418	11	2.51%	2	1	93	93	4.575989670126341E-4	1	1	298	120	0	11	T
H11_BC95_191109_LF_LIB_consensus_vsearch	4082	A	R	421	15	3.42%	2	1	93	93	2.7000302846488012E-5	1	1	284	137	15	0	G
H11_BC95_191109_LF_LIB_consensus_vsearch	4089	A	R	385	35	8.05%	2	2	93	93	1.3901162744285479E-11	1	1	261	124	34	1	G
H11_BC95_191109_LF_LIB_consensus_vsearch	4091	G	R	426	9	2.06%	2	1	93	93	0.001873189162106254	1	1	289	137	9	0	A
H11_BC95_191109_LF_LIB_consensus_vsearch	4092	G	R	422	10	2.28%	2	1	93	93	9.264641146701706E-4	1	1	285	137	10	0	A
H11_BC95_191109_LF_LIB_consensus_vsearch	4098	A	R	417	14	3.2%	2	2	93	93	5.4827805419876506E-5	1	1	282	135	13	1	G
H11_BC95_191109_LF_LIB_consensus_vsearch	4100	T	Y	404	8	1.92%	2	2	93	93	0.0037745631511436058	1	1	281	123	7	1	C
H11_BC95_191109_LF_LIB_consensus_vsearch	4123	A	M	22	9	2.07%	1	1	93	93	9.937635520765498E-4	1	1	22	0	9	0	+G
H11_BC95_191109_LF_LIB_consensus_vsearch	4123	A	R	22	18	4.14%	1	2	93	93	3.1918842010939465E-7	1	1	22	0	17	1	G
H11_BC95_191109_LF_LIB_consensus_vsearch	4124	C	S	421	14	3.21%	2	2	93	93	5.4882762612112586E-5	1	1	285	136	13	1	G
H11_BC95_191109_LF_LIB_consensus_vsearch	4128	A	R	415	9	2.09%	2	2	93	93	0.0018711388771604682	1	1	281	134	7	2	G
H11_BC95_191109_LF_LIB_consensus_vsearch	4135	C	M	401	10	2.28%	2	1	93	93	9.239453265076358E-4	1	1	281	120	10	0	+G
H11_BC95_191109_LF_LIB_consensus_vsearch	4135	C	Y	401	8	1.83%	2	2	93	93	0.0037736050099275447	1	1	281	120	4	4	+G
H11_BC95_191109_LF_LIB_consensus_vsearch	4141	A	R	412	13	3%	2	2	93	93	1.11214354741109E-4	1	1	278	134	11	2	G
H11_BC95_191109_LF_LIB_consensus_vsearch	4145	T	Y	406	9	2.16%	2	1	93	93	0.0018693814758962122	1	1	270	136	9	0	C
H11_BC95_191109_LF_LIB_consensus_vsearch	4146	T	Y	415	13	2.97%	2	1	93	93	1.1128806504032547E-4	1	1	284	131	13	0	C
H11_BC95_191109_LF_LIB_consensus_vsearch	4147	A	R	413	12	2.75%	2	2	93	93	2.2566011930545864E-4	1	1	288	125	6	6	G
H11_BC95_191109_LF_LIB_consensus_vsearch	4148	T	Y	398	7	1.63%	2	2	93	93	0.007610958261497833	1	1	272	126	2	5	+A
H11_BC95_191109_LF_LIB_consensus_vsearch	4167	G	R	363	60	13.92%	2	1	93	93	9.117938401141949E-20	1	1	233	130	60	0	A
H11_BC95_191109_LF_LIB_consensus_vsearch	4169	A	R	350	68	15.78%	2	1	93	93	1.7416380569434892E-22	1	1	225	125	68	0	G
H11_BC95_191109_LF_LIB_consensus_vsearch	4182	G	R	431	7	1.6%	2	1	93	93	0.007626072650234986	1	1	294	137	7	0	A
H11_BC95_191109_LF_LIB_consensus_vsearch	4189	T	Y	410	12	2.77%	2	2	93	93	2.255321281093224E-4	1	1	285	125	2	10	C
H11_BC95_191109_LF_LIB_consensus_vsearch	4209	T	Y	425	11	2.52%	2	1	93	93	4.5808185020506666E-4	1	1	299	126	0	11	C
H11_BC95_191109_LF_LIB_consensus_vsearch	4211	G	R	416	14	3.24%	2	2	93	93	5.4813912517372454E-5	1	1	284	132	13	1	A
H11_BC95_191109_LF_LIB_consensus_vsearch	4220	G	K	409	9	2.09%	2	1	93	93	0.0018699755869600776	1	1	278	131	9	0	T
H11_BC95_191109_LF_LIB_consensus_vsearch	4223	C	Y	415	8	1.87%	2	2	93	93	0.003777960974854116	1	1	292	123	1	7	T
H11_BC95_191109_LF_LIB_consensus_vsearch	4228	A	R	413	8	1.83%	2	1	93	93	0.0037773562911889175	1	1	297	116	0	8	+G
H11_BC95_191109_LF_LIB_consensus_vsearch	4237	T	Y	412	9	2.08%	2	2	93	93	0.001870561328848028	1	1	293	119	1	8	C
H11_BC95_191109_LF_LIB_consensus_vsearch	4256	C	Y	420	10	2.29%	2	2	93	93	9.262346650300045E-4	1	1	286	134	9	1	T
H11_BC95_191109_LF_LIB_consensus_vsearch	4261	A	R	417	11	2.54%	2	1	93	93	4.575287206333824E-4	1	1	281	136	11	0	G
H11_BC95_191109_LF_LIB_consensus_vsearch	4287	A	R	413	9	2.1%	2	2	93	93	0.001870754746824021	1	1	279	134	7	2	G
H11_BC95_191109_LF_LIB_consensus_vsearch	4290	A	R	415	15	3.45%	2	1	93	93	2.6953413247305517E-5	1	1	281	134	15	0	G
H11_BC95_191109_LF_LIB_consensus_vsearch	4292	T	Y	410	9	2.09%	2	1	93	93	0.0018701717553889113	1	1	290	120	0	9	C
H11_BC95_191109_LF_LIB_consensus_vsearch	4332	T	Y	404	8	1.85%	2	2	93	93	0.0037745631511436058	1	1	277	127	3	5	+C
H11_BC95_191109_LF_LIB_consensus_vsearch	4370	G	R	402	15	3.57%	2	1	93	93	2.68474088688777E-5	1	1	271	131	15	0	A
