Chrom	Position	Ref	Cons	Reads1	Reads2	VarFreq	Strands1	Strands2	Qual1	Qual2	Pvalue	MapQual1	MapQual2	Reads1Plus	Reads1Minus	Reads2Plus	Reads2Minus	VarAllele
H4_BC88_191109_LF_LIB_consensus_vsearch	99	A	R	126	7	5.11%	2	1	93	93	0.007205121164213796	1	1	92	34	7	0	G
H4_BC88_191109_LF_LIB_consensus_vsearch	143	A	R	114	7	5.11%	2	1	93	93	0.007145924430384355	1	1	84	30	7	0	+G
H4_BC88_191109_LF_LIB_consensus_vsearch	171	A	R	128	8	5.8%	2	1	93	93	0.0035138207298285665	1	1	94	34	8	0	G
H4_BC88_191109_LF_LIB_consensus_vsearch	211	T	Y	118	14	10.29%	2	2	93	93	4.243621900587676E-5	1	1	97	21	1	13	C
H4_BC88_191109_LF_LIB_consensus_vsearch	213	C	Y	116	12	8.76%	2	2	93	93	1.8636506095184423E-4	1	1	93	23	1	11	T
H4_BC88_191109_LF_LIB_consensus_vsearch	258	T	Y	110	7	5.88%	2	2	93	93	0.007123543473036041	1	1	99	11	1	6	C
H4_BC88_191109_LF_LIB_consensus_vsearch	335	A	R	68	55	42.31%	2	2	93	93	1.0680978731952323E-20	1	1	67	1	25	30	G
H4_BC88_191109_LF_LIB_consensus_vsearch	342	G	R	78	12	12.37%	2	1	93	93	1.6496814457182555E-4	1	1	47	31	12	0	A
H4_BC88_191109_LF_LIB_consensus_vsearch	345	G	R	106	9	6.52%	2	2	93	93	0.0016600761770253097	1	1	72	34	8	1	-A
H4_BC88_191109_LF_LIB_consensus_vsearch	348	T	K	111	17	13.18%	2	1	93	93	4.321971438588789E-6	1	1	78	33	17	0	G
H4_BC88_191109_LF_LIB_consensus_vsearch	406	G	R	122	12	8.76%	2	2	93	93	1.887360201078548E-4	1	1	90	32	11	1	A
H4_BC88_191109_LF_LIB_consensus_vsearch	423	C	S	126	9	6.57%	2	1	93	93	0.0017018904884358202	1	1	93	33	9	0	G
H4_BC88_191109_LF_LIB_consensus_vsearch	432	G	R	127	10	7.25%	2	2	93	93	8.237528450880255E-4	1	1	101	26	2	8	A
H4_BC88_191109_LF_LIB_consensus_vsearch	433	T	Y	125	10	7.3%	2	2	93	93	8.216023047619768E-4	1	1	99	26	2	8	C
H4_BC88_191109_LF_LIB_consensus_vsearch	437	A	W	112	19	13.87%	2	2	93	93	9.443878956016358E-7	1	1	80	32	18	1	T
H4_BC88_191109_LF_LIB_consensus_vsearch	468	C	Y	125	7	5.07%	2	2	93	93	0.007200592489692415	1	1	97	28	1	6	T
H4_BC88_191109_LF_LIB_consensus_vsearch	485	T	K	121	16	11.68%	2	1	93	93	9.589440037454797E-6	1	1	86	35	16	0	G
H4_BC88_191109_LF_LIB_consensus_vsearch	520	A	R	128	8	5.84%	2	1	93	93	0.0035138207298285665	1	1	94	34	8	0	G
H4_BC88_191109_LF_LIB_consensus_vsearch	524	T	K	130	7	5.07%	2	1	93	93	0.007222585094021624	1	1	96	34	7	0	G
H4_BC88_191109_LF_LIB_consensus_vsearch	530	G	R	108	9	6.57%	2	2	93	93	0.0016648724463323456	1	1	77	31	8	1	+A
H4_BC88_191109_LF_LIB_consensus_vsearch	531	G	R	118	10	7.25%	2	1	93	93	8.135754181922317E-4	1	1	84	34	10	0	A
H4_BC88_191109_LF_LIB_consensus_vsearch	541	T	Y	125	7	5.11%	2	2	93	93	0.007200592489692415	1	1	99	26	2	5	C
H4_BC88_191109_LF_LIB_consensus_vsearch	588	G	K	121	11	7.97%	2	1	93	93	3.930229288570401E-4	1	1	86	35	11	0	T
H4_BC88_191109_LF_LIB_consensus_vsearch	593	A	R	129	9	6.52%	2	2	93	93	0.0017071564767690542	1	1	95	34	8	1	G
H4_BC88_191109_LF_LIB_consensus_vsearch	632	A	R	109	8	6.72%	2	1	93	93	0.0034519373657887643	1	1	75	34	8	0	G
H4_BC88_191109_LF_LIB_consensus_vsearch	647	C	S	25	9	6.57%	2	1	93	93	0.0010643503792512703	1	1	21	4	9	0	+G
H4_BC88_191109_LF_LIB_consensus_vsearch	673	A	R	114	7	5.22%	2	2	93	93	0.007145924430384355	1	1	84	30	5	2	G
H4_BC88_191109_LF_LIB_consensus_vsearch	675	G	R	118	8	6.25%	2	1	93	93	0.00348351206933495	1	1	84	34	8	0	A
H4_BC88_191109_LF_LIB_consensus_vsearch	694	G	R	128	7	5.11%	2	1	93	93	0.007213980437755528	1	1	93	35	7	0	A
H4_BC88_191109_LF_LIB_consensus_vsearch	699	C	Y	125	7	5.07%	2	1	93	93	0.007200592489692415	1	1	91	34	7	0	T
H4_BC88_191109_LF_LIB_consensus_vsearch	831	G	R	115	10	7.87%	2	1	93	93	8.098757339006456E-4	1	1	89	26	10	0	A
H4_BC88_191109_LF_LIB_consensus_vsearch	832	G	R	121	10	7.58%	2	2	93	93	8.171148639480002E-4	1	1	93	28	9	1	A
H4_BC88_191109_LF_LIB_consensus_vsearch	909	G	R	104	11	7.97%	2	2	93	93	3.8002155183644473E-4	1	1	70	34	10	1	+A
H4_BC88_191109_LF_LIB_consensus_vsearch	955	A	R	120	7	5.11%	2	1	93	93	0.007176897439051797	1	1	88	32	7	0	-G
H4_BC88_191109_LF_LIB_consensus_vsearch	1000	G	R	120	7	5.15%	2	1	93	93	0.007176897439051797	1	1	86	34	7	0	A
H4_BC88_191109_LF_LIB_consensus_vsearch	1016	A	R	110	13	10.24%	2	1	93	93	8.739098742537378E-5	1	1	76	34	13	0	G
H4_BC88_191109_LF_LIB_consensus_vsearch	1023	G	R	118	7	5.56%	2	1	93	93	0.007166897781991431	1	1	86	32	7	0	A
H4_BC88_191109_LF_LIB_consensus_vsearch	1037	A	R	113	10	7.3%	2	1	93	93	8.073148184894178E-4	1	1	79	34	10	0	-T
H4_BC88_191109_LF_LIB_consensus_vsearch	1038	T	K	110	9	7.32%	2	1	93	93	0.001669514551639384	1	1	76	34	9	0	G
H4_BC88_191109_LF_LIB_consensus_vsearch	1039	T	K	112	10	7.25%	2	1	93	93	8.060047151053774E-4	1	1	82	30	10	0	G
H4_BC88_191109_LF_LIB_consensus_vsearch	1041	A	R	126	7	5.07%	2	1	93	93	0.007205121164213796	1	1	91	35	7	0	G
H4_BC88_191109_LF_LIB_consensus_vsearch	1059	G	R	113	14	10.14%	2	1	93	93	4.17990916627188E-5	1	1	78	35	14	0	A
H4_BC88_191109_LF_LIB_consensus_vsearch	1061	G	R	123	8	5.88%	2	1	93	93	0.0034992293340689977	1	1	88	35	8	0	A
H4_BC88_191109_LF_LIB_consensus_vsearch	1080	A	R	126	11	7.97%	2	1	93	93	3.9627504290236306E-4	1	1	92	34	11	0	G
H4_BC88_191109_LF_LIB_consensus_vsearch	1107	A	R	120	14	10.22%	2	1	93	93	4.2679551605876395E-5	1	1	85	35	14	0	G
H4_BC88_191109_LF_LIB_consensus_vsearch	1125	G	R	124	8	5.93%	2	1	93	93	0.003502233701212395	1	1	93	31	8	0	A
H4_BC88_191109_LF_LIB_consensus_vsearch	1141	A	R	128	7	5.15%	2	1	93	93	0.007213980437755528	1	1	93	35	7	0	G
H4_BC88_191109_LF_LIB_consensus_vsearch	1175	G	R	121	7	5.43%	2	2	93	93	0.007181782055684543	1	1	94	27	6	1	A
H4_BC88_191109_LF_LIB_consensus_vsearch	1183	A	R	129	7	5.07%	2	1	93	93	0.007218313902366195	1	1	95	34	7	0	G
H4_BC88_191109_LF_LIB_consensus_vsearch	1218	G	R	125	7	5.19%	2	1	93	93	0.007200592489692415	1	1	91	34	7	0	A
H4_BC88_191109_LF_LIB_consensus_vsearch	1225	G	R	118	14	10.53%	2	1	93	93	4.243621900587676E-5	1	1	85	33	14	0	A
H4_BC88_191109_LF_LIB_consensus_vsearch	1235	A	R	121	11	8.15%	2	2	93	93	3.930229288570401E-4	1	1	88	33	10	1	G
H4_BC88_191109_LF_LIB_consensus_vsearch	1242	G	R	123	9	6.82%	2	2	93	93	0.00169639444902621	1	1	89	34	8	1	A
H4_BC88_191109_LF_LIB_consensus_vsearch	1288	C	Y	109	7	5.07%	2	1	93	93	0.007117711559545103	1	1	90	19	0	7	-A
H4_BC88_191109_LF_LIB_consensus_vsearch	1291	G	K	123	8	6.02%	2	1	93	93	0.0034992293340689977	1	1	98	25	0	8	T
H4_BC88_191109_LF_LIB_consensus_vsearch	1293	T	Y	129	8	5.84%	2	1	93	93	0.0035166144652547917	1	1	102	27	0	8	C
H4_BC88_191109_LF_LIB_consensus_vsearch	1295	G	R	128	7	5.15%	2	1	93	93	0.007213980437755528	1	1	93	35	7	0	A
H4_BC88_191109_LF_LIB_consensus_vsearch	1351	T	W	99	9	6.98%	2	2	93	93	0.0016419577850802602	1	1	71	28	8	1	A
H4_BC88_191109_LF_LIB_consensus_vsearch	1352	G	R	92	23	17.83%	2	2	93	93	3.51354742158437E-8	1	1	68	24	18	5	A
H4_BC88_191109_LF_LIB_consensus_vsearch	1353	G	R	123	12	8.89%	2	2	93	93	1.891124996111881E-4	1	1	92	31	11	1	A
H4_BC88_191109_LF_LIB_consensus_vsearch	1359	G	R	127	7	5.15%	2	1	93	93	0.007209583328966473	1	1	94	33	7	0	A
H4_BC88_191109_LF_LIB_consensus_vsearch	1366	G	R	127	8	5.88%	2	1	93	93	0.0035109866769294975	1	1	92	35	8	0	A
H4_BC88_191109_LF_LIB_consensus_vsearch	1371	A	R	117	11	8.03%	2	1	93	93	3.9025162336062916E-4	1	1	86	31	11	0	G
H4_BC88_191109_LF_LIB_consensus_vsearch	1388	G	R	110	21	15.91%	2	2	93	93	1.9965021117096816E-7	1	1	77	33	20	1	A
H4_BC88_191109_LF_LIB_consensus_vsearch	1393	T	Y	125	9	6.57%	2	2	93	93	0.0017000847690847789	1	1	97	28	3	6	C
H4_BC88_191109_LF_LIB_consensus_vsearch	1397	A	R	112	17	12.32%	2	1	93	93	4.342392092967238E-6	1	1	80	32	17	0	G
H4_BC88_191109_LF_LIB_consensus_vsearch	1430	A	R	116	10	7.69%	2	2	93	93	8.111274308374793E-4	1	1	87	29	8	2	G
H4_BC88_191109_LF_LIB_consensus_vsearch	1445	G	R	129	7	5.11%	2	1	93	93	0.007218313902366195	1	1	95	34	7	0	A
H4_BC88_191109_LF_LIB_consensus_vsearch	1480	G	R	111	19	14.29%	2	1	93	93	9.388955876686227E-7	1	1	79	32	19	0	A
H4_BC88_191109_LF_LIB_consensus_vsearch	1510	G	R	117	17	12.32%	2	1	93	93	4.4409438715118E-6	1	1	82	35	17	0	A
H4_BC88_191109_LF_LIB_consensus_vsearch	1547	G	R	126	7	5.15%	2	1	93	93	0.007205121164213796	1	1	93	33	7	0	A
H4_BC88_191109_LF_LIB_consensus_vsearch	1584	G	R	114	19	13.97%	2	1	93	93	9.55198154052384E-7	1	1	79	35	19	0	A
H4_BC88_191109_LF_LIB_consensus_vsearch	1590	G	R	122	8	5.84%	2	1	93	93	0.00349617999164594	1	1	88	34	8	0	A
H4_BC88_191109_LF_LIB_consensus_vsearch	1639	G	R	83	46	34.33%	2	2	93	93	1.0492963890029395E-16	1	1	60	23	35	11	A
H4_BC88_191109_LF_LIB_consensus_vsearch	1640	G	R	114	23	16.79%	2	2	93	93	4.353542321221353E-8	1	1	84	30	19	4	A
H4_BC88_191109_LF_LIB_consensus_vsearch	1652	A	R	127	7	5.11%	2	2	93	93	0.007209583328966473	1	1	95	32	6	1	G
H4_BC88_191109_LF_LIB_consensus_vsearch	1683	G	R	122	7	5.22%	2	1	93	93	0.007186592205048179	1	1	89	33	7	0	A
H4_BC88_191109_LF_LIB_consensus_vsearch	1716	G	R	105	16	12.12%	2	1	93	93	8.979489953941791E-6	1	1	72	33	16	0	A
H4_BC88_191109_LF_LIB_consensus_vsearch	1722	G	R	121	9	6.62%	2	1	93	93	0.001692595075321153	1	1	87	34	9	0	A
H4_BC88_191109_LF_LIB_consensus_vsearch	1766	T	Y	122	7	5.15%	2	2	93	93	0.007186592205048179	1	1	97	25	1	6	-A
H4_BC88_191109_LF_LIB_consensus_vsearch	1800	C	Y	91	35	26.12%	2	2	93	93	1.8657558660697823E-12	1	1	68	23	32	3	T
H4_BC88_191109_LF_LIB_consensus_vsearch	1801	G	R	108	18	13.85%	2	1	93	93	1.985371019214409E-6	1	1	81	27	18	0	A
H4_BC88_191109_LF_LIB_consensus_vsearch	1834	A	R	89	8	6.2%	2	1	93	93	0.0033615579930956	1	1	75	14	8	0	-C
H4_BC88_191109_LF_LIB_consensus_vsearch	1835	C	S	103	7	6.25%	2	1	93	93	0.00708053725760065	1	1	89	14	7	0	G
H4_BC88_191109_LF_LIB_consensus_vsearch	1857	C	Y	126	9	6.52%	2	2	93	93	0.0017018904884358202	1	1	100	26	1	8	T
H4_BC88_191109_LF_LIB_consensus_vsearch	1881	T	W	81	32	28.07%	2	2	93	93	1.7974184212681204E-11	1	1	49	32	29	3	A
H4_BC88_191109_LF_LIB_consensus_vsearch	1882	T	W	98	34	25.76%	2	2	93	93	5.060927521287106E-12	1	1	66	32	31	3	A
H4_BC88_191109_LF_LIB_consensus_vsearch	1883	T	W	123	13	9.56%	2	2	93	93	9.036925719425178E-5	1	1	89	34	12	1	A
H4_BC88_191109_LF_LIB_consensus_vsearch	1888	C	Y	114	7	5.6%	2	1	93	93	0.007145924430384355	1	1	79	35	7	0	T
H4_BC88_191109_LF_LIB_consensus_vsearch	1897	T	K	118	11	8.03%	2	1	93	93	3.9095939356704513E-4	1	1	88	30	11	0	G
H4_BC88_191109_LF_LIB_consensus_vsearch	1898	T	Y	109	11	8.03%	2	1	93	93	3.8419790937304954E-4	1	1	77	32	11	0	C
H4_BC88_191109_LF_LIB_consensus_vsearch	1911	G	R	126	7	5.22%	2	1	93	93	0.007205121164213796	1	1	92	34	7	0	A
H4_BC88_191109_LF_LIB_consensus_vsearch	2023	G	S	112	7	5.56%	2	1	93	93	0.007134918607512385	1	1	80	32	7	0	C
H4_BC88_191109_LF_LIB_consensus_vsearch	2092	G	R	122	10	7.3%	2	1	93	93	8.182608518830234E-4	1	1	88	34	10	0	A
H4_BC88_191109_LF_LIB_consensus_vsearch	2125	G	R	92	19	17.12%	2	1	93	93	8.222292617606326E-7	1	1	66	26	19	0	A
H4_BC88_191109_LF_LIB_consensus_vsearch	2132	C	Y	26	7	5.15%	2	2	93	93	0.005485498108449143	1	1	15	11	6	1	-T
H4_BC88_191109_LF_LIB_consensus_vsearch	2145	C	Y	125	9	6.52%	2	2	93	93	0.0017000847690847789	1	1	100	25	1	8	T
H4_BC88_191109_LF_LIB_consensus_vsearch	2153	G	R	86	8	8.33%	2	2	93	93	0.0033448100439043152	1	1	65	21	7	1	A
H4_BC88_191109_LF_LIB_consensus_vsearch	2156	G	R	105	18	14.29%	2	1	93	93	1.9515515329488955E-6	1	1	72	33	18	0	A
H4_BC88_191109_LF_LIB_consensus_vsearch	2213	C	S	85	44	33.08%	2	2	93	93	6.698743417859678E-16	1	1	53	32	42	2	G
H4_BC88_191109_LF_LIB_consensus_vsearch	2254	G	S	80	40	31.01%	2	2	93	93	1.812116267648958E-14	1	1	50	30	38	2	C
H4_BC88_191109_LF_LIB_consensus_vsearch	2256	G	S	82	45	35.16%	2	2	93	93	2.4303675327013024E-16	1	1	53	29	43	2	C
H4_BC88_191109_LF_LIB_consensus_vsearch	2286	C	S	122	10	7.58%	2	1	93	93	8.182608518830234E-4	1	1	88	34	10	0	G
H4_BC88_191109_LF_LIB_consensus_vsearch	2293	T	Y	86	44	32.59%	2	2	93	93	6.983246034061628E-16	1	1	56	30	41	3	C
H4_BC88_191109_LF_LIB_consensus_vsearch	2299	A	M	89	46	33.58%	2	2	93	93	1.3692757447454925E-16	1	1	56	33	44	2	C
H4_BC88_191109_LF_LIB_consensus_vsearch	2304	A	R	90	44	32.59%	2	2	93	93	8.185226118588057E-16	1	1	58	32	42	2	G
H4_BC88_191109_LF_LIB_consensus_vsearch	2310	A	R	129	9	6.52%	2	1	93	93	0.0017071564767690542	1	1	94	35	9	0	G
H4_BC88_191109_LF_LIB_consensus_vsearch	2329	G	R	123	8	6.11%	2	2	93	93	0.0034992293340689977	1	1	95	28	7	1	A
H4_BC88_191109_LF_LIB_consensus_vsearch	2377	A	G	26	107	77.54%	2	2	93	93	8.477294836758799E-50	1	1	20	6	78	29	G
H4_BC88_191109_LF_LIB_consensus_vsearch	2380	A	R	121	11	7.97%	2	1	93	93	3.930229288570401E-4	1	1	89	32	11	0	G
H4_BC88_191109_LF_LIB_consensus_vsearch	2416	G	R	107	7	5.98%	2	1	93	93	0.00710574662689234	1	1	88	19	7	0	A
H4_BC88_191109_LF_LIB_consensus_vsearch	2444	T	W	88	8	6.72%	2	1	93	93	0.0033560872797097677	1	1	61	27	8	0	-G
H4_BC88_191109_LF_LIB_consensus_vsearch	2445	G	R	87	25	21.19%	2	1	93	93	6.599773290091782E-9	1	1	60	27	25	0	A
H4_BC88_191109_LF_LIB_consensus_vsearch	2446	G	R	115	14	10.69%	2	1	93	93	4.205904099302095E-5	1	1	84	31	14	0	A
H4_BC88_191109_LF_LIB_consensus_vsearch	2447	G	R	119	12	8.82%	2	2	93	93	1.8757522014360535E-4	1	1	86	33	11	1	A
H4_BC88_191109_LF_LIB_consensus_vsearch	2457	G	R	112	15	11.54%	2	1	93	93	1.9680405657861954E-5	1	1	84	28	15	0	A
H4_BC88_191109_LF_LIB_consensus_vsearch	2468	G	K	127	8	5.8%	2	1	93	93	0.0035109866769294975	1	1	92	35	8	0	T
H4_BC88_191109_LF_LIB_consensus_vsearch	2541	A	W	104	27	20%	2	1	93	93	1.6731241319872122E-9	1	1	70	34	27	0	T
H4_BC88_191109_LF_LIB_consensus_vsearch	2542	C	S	107	27	19.85%	2	1	93	93	1.7366401671039018E-9	1	1	72	35	27	0	G
H4_BC88_191109_LF_LIB_consensus_vsearch	2557	T	Y	126	7	5.07%	2	1	93	93	0.007205121164213796	1	1	103	23	0	7	C
H4_BC88_191109_LF_LIB_consensus_vsearch	2575	T	Y	115	12	8.89%	2	2	93	93	1.8595016201014417E-4	1	1	95	20	2	10	C
H4_BC88_191109_LF_LIB_consensus_vsearch	2687	A	R	111	14	11.02%	2	1	93	93	4.1532024221596627E-5	1	1	76	35	14	0	G
H4_BC88_191109_LF_LIB_consensus_vsearch	2713	G	R	124	8	6.06%	2	1	93	93	0.003502233701212395	1	1	91	33	8	0	A
H4_BC88_191109_LF_LIB_consensus_vsearch	2714	G	R	122	7	5.11%	2	1	93	93	0.007186592205048179	1	1	88	34	7	0	+A
H4_BC88_191109_LF_LIB_consensus_vsearch	2756	G	R	124	7	5.26%	2	2	93	93	0.007195995807965061	1	1	93	31	6	1	A
H4_BC88_191109_LF_LIB_consensus_vsearch	2780	C	Y	102	7	5.3%	2	1	93	93	0.007073951586487618	1	1	90	12	0	7	-TT
H4_BC88_191109_LF_LIB_consensus_vsearch	2802	G	R	121	16	11.68%	2	1	93	93	9.589440037454797E-6	1	1	87	34	16	0	A
H4_BC88_191109_LF_LIB_consensus_vsearch	2821	G	R	112	12	9.52%	2	2	93	93	1.8466917912817257E-4	1	1	84	28	11	1	A
H4_BC88_191109_LF_LIB_consensus_vsearch	2822	G	R	127	7	5.22%	2	2	93	93	0.007209583328966473	1	1	97	30	5	2	A
H4_BC88_191109_LF_LIB_consensus_vsearch	2840	A	R	108	7	5.19%	2	1	93	93	0.0071117801332449245	1	1	80	28	7	0	-G
H4_BC88_191109_LF_LIB_consensus_vsearch	2848	A	R	87	45	33.09%	2	2	93	93	3.0286018682330335E-16	1	1	60	27	41	4	G
H4_BC88_191109_LF_LIB_consensus_vsearch	2851	T	Y	127	7	5.19%	2	1	93	93	0.007209583328966473	1	1	100	27	0	7	C
H4_BC88_191109_LF_LIB_consensus_vsearch	2858	G	R	128	8	5.8%	2	2	93	93	0.0035138207298285665	1	1	97	31	6	2	A
H4_BC88_191109_LF_LIB_consensus_vsearch	2866	T	Y	123	12	8.7%	2	1	93	93	1.891124996111881E-4	1	1	103	20	0	12	C
H4_BC88_191109_LF_LIB_consensus_vsearch	2869	T	Y	108	20	14.93%	2	2	93	93	4.2667858918715926E-7	1	1	88	20	8	12	C
H4_BC88_191109_LF_LIB_consensus_vsearch	2871	G	R	119	11	8.27%	2	1	93	93	3.9165705965978737E-4	1	1	88	31	11	0	A
H4_BC88_191109_LF_LIB_consensus_vsearch	2879	T	Y	126	7	5.26%	2	1	93	93	0.007205121164213796	1	1	99	27	0	7	C
H4_BC88_191109_LF_LIB_consensus_vsearch	2911	G	R	109	22	16.67%	2	1	93	93	9.1126652401693E-8	1	1	78	31	22	0	A
H4_BC88_191109_LF_LIB_consensus_vsearch	3074	G	R	111	21	15.67%	2	1	93	93	2.0108639602160414E-7	1	1	78	33	21	0	A
H4_BC88_191109_LF_LIB_consensus_vsearch	3195	G	S	7	6	5.08%	2	1	93	93	0.0074534161490683905	1	1	4	3	6	0	+A
H4_BC88_191109_LF_LIB_consensus_vsearch	3258	T	Y	127	8	5.84%	2	2	93	93	0.0035109866769294975	1	1	99	28	1	7	C
H4_BC88_191109_LF_LIB_consensus_vsearch	3302	G	R	104	20	15.75%	2	1	93	93	4.148034634809784E-7	1	1	74	30	20	0	A
H4_BC88_191109_LF_LIB_consensus_vsearch	3303	G	R	125	12	8.76%	2	1	93	93	1.898504007821274E-4	1	1	90	35	12	0	A
H4_BC88_191109_LF_LIB_consensus_vsearch	3339	A	R	124	10	7.41%	2	1	93	93	8.20504232183877E-4	1	1	89	35	10	0	G
H4_BC88_191109_LF_LIB_consensus_vsearch	3340	T	K	118	16	11.68%	2	1	93	93	9.484049623906822E-6	1	1	84	34	16	0	G
H4_BC88_191109_LF_LIB_consensus_vsearch	3346	G	R	125	8	5.84%	2	1	93	93	0.003505194079890269	1	1	93	32	8	0	A
H4_BC88_191109_LF_LIB_consensus_vsearch	3411	G	R	100	21	17.21%	2	2	93	93	1.8451694879909338E-7	1	1	79	21	20	1	A
H4_BC88_191109_LF_LIB_consensus_vsearch	3432	G	R	94	25	20.16%	2	1	93	93	7.288828989883142E-9	1	1	72	22	25	0	A
H4_BC88_191109_LF_LIB_consensus_vsearch	3439	A	R	121	13	9.42%	2	1	93	93	8.994450958262179E-5	1	1	86	35	13	0	G
H4_BC88_191109_LF_LIB_consensus_vsearch	3494	G	R	126	7	5.19%	2	1	93	93	0.007205121164213796	1	1	94	32	7	0	A
H4_BC88_191109_LF_LIB_consensus_vsearch	3498	G	R	120	13	9.7%	2	1	93	93	8.972787621074964E-5	1	1	87	33	13	0	A
H4_BC88_191109_LF_LIB_consensus_vsearch	3592	G	R	118	12	8.96%	2	1	93	93	1.8717747027930079E-4	1	1	85	33	12	0	A
H4_BC88_191109_LF_LIB_consensus_vsearch	3652	G	R	92	15	11.19%	2	1	93	93	1.8020798600123266E-5	1	1	59	33	15	0	A
H4_BC88_191109_LF_LIB_consensus_vsearch	3653	G	R	109	14	10.14%	2	1	93	93	4.125754771155157E-5	1	1	75	34	14	0	A
H4_BC88_191109_LF_LIB_consensus_vsearch	3656	T	W	116	17	12.32%	2	2	93	93	4.421693883734478E-6	1	1	86	30	12	5	A
H4_BC88_191109_LF_LIB_consensus_vsearch	3702	G	R	120	13	9.56%	2	2	93	93	8.972787621074964E-5	1	1	86	34	12	1	A
H4_BC88_191109_LF_LIB_consensus_vsearch	3708	A	R	122	13	9.56%	2	1	93	93	9.015828469833915E-5	1	1	87	35	13	0	G
H4_BC88_191109_LF_LIB_consensus_vsearch	3723	G	R	128	7	5.15%	2	1	93	93	0.007213980437755528	1	1	94	34	7	0	A
H4_BC88_191109_LF_LIB_consensus_vsearch	3726	A	R	112	18	13.64%	2	1	93	93	2.028685109070171E-6	1	1	79	33	18	0	G
H4_BC88_191109_LF_LIB_consensus_vsearch	3729	A	R	125	8	5.93%	2	2	93	93	0.003505194079890269	1	1	93	32	7	1	G
H4_BC88_191109_LF_LIB_consensus_vsearch	3751	G	R	111	14	11.02%	2	1	93	93	4.1532024221596627E-5	1	1	82	29	14	0	A
H4_BC88_191109_LF_LIB_consensus_vsearch	3800	G	R	127	7	5.11%	2	2	93	93	0.007209583328966473	1	1	96	31	5	2	A
H4_BC88_191109_LF_LIB_consensus_vsearch	3854	G	R	76	36	26.47%	2	2	93	93	5.043593625201089E-13	1	1	50	26	30	6	A
H4_BC88_191109_LF_LIB_consensus_vsearch	3860	T	W	119	7	5.43%	2	1	93	93	0.007171936613333159	1	1	89	30	7	0	A
H4_BC88_191109_LF_LIB_consensus_vsearch	3865	C	Y	127	7	5.07%	2	1	93	93	0.007209583328966473	1	1	102	25	0	7	T
H4_BC88_191109_LF_LIB_consensus_vsearch	3899	A	R	128	7	5.15%	2	1	93	93	0.007213980437755528	1	1	93	35	7	0	G
H4_BC88_191109_LF_LIB_consensus_vsearch	3919	G	R	125	13	9.42%	2	1	93	93	9.07830098285443E-5	1	1	90	35	13	0	A
H4_BC88_191109_LF_LIB_consensus_vsearch	3944	G	R	127	10	7.3%	2	1	93	93	8.237528450880255E-4	1	1	93	34	10	0	A
H4_BC88_191109_LF_LIB_consensus_vsearch	3952	A	R	113	7	5.19%	2	1	93	93	0.007140466550292846	1	1	92	21	7	0	-G
H4_BC88_191109_LF_LIB_consensus_vsearch	4005	G	R	122	12	8.82%	2	2	93	93	1.887360201078548E-4	1	1	88	34	11	1	A
H4_BC88_191109_LF_LIB_consensus_vsearch	4018	A	R	38	8	7.48%	2	1	93	93	0.002803291018073153	1	1	36	2	8	0	+GG
H4_BC88_191109_LF_LIB_consensus_vsearch	4034	G	R	88	8	8%	2	1	93	93	0.0033560872797097677	1	1	54	34	8	0	A
H4_BC88_191109_LF_LIB_consensus_vsearch	4035	G	S	100	13	10.32%	2	1	93	93	8.469452580296424E-5	1	1	66	34	13	0	C
H4_BC88_191109_LF_LIB_consensus_vsearch	4039	G	R	56	24	23.08%	2	1	93	93	7.812144052603784E-9	1	1	23	33	24	0	A
H4_BC88_191109_LF_LIB_consensus_vsearch	4040	C	M	81	14	14.14%	2	1	93	93	3.642918555418356E-5	1	1	46	35	14	0	A
H4_BC88_191109_LF_LIB_consensus_vsearch	4041	C	M	106	11	8.87%	2	1	93	93	3.8173146805181167E-4	1	1	72	34	11	0	A
H4_BC88_191109_LF_LIB_consensus_vsearch	4078	A	R	123	9	6.52%	2	1	93	93	0.00169639444902621	1	1	90	33	9	0	G
H4_BC88_191109_LF_LIB_consensus_vsearch	4083	G	R	122	12	8.82%	2	1	93	93	1.887360201078548E-4	1	1	88	34	12	0	A
H4_BC88_191109_LF_LIB_consensus_vsearch	4188	G	R	127	7	5.19%	2	1	93	93	0.007209583328966473	1	1	93	34	7	0	A
H4_BC88_191109_LF_LIB_consensus_vsearch	4216	A	R	88	7	5.11%	2	1	93	93	0.006967529026351955	1	1	61	27	7	0	-G
H4_BC88_191109_LF_LIB_consensus_vsearch	4250	G	R	86	8	7.69%	2	2	93	93	0.0033448100439043152	1	1	56	30	7	1	A
H4_BC88_191109_LF_LIB_consensus_vsearch	4251	G	R	128	9	6.52%	2	1	93	93	0.0017054258120967134	1	1	94	34	9	0	A
H4_BC88_191109_LF_LIB_consensus_vsearch	4252	G	R	131	7	5.07%	2	1	93	93	0.007226795344878595	1	1	96	35	7	0	A
H4_BC88_191109_LF_LIB_consensus_vsearch	4264	C	Y	117	8	5.93%	2	1	93	93	0.0034802219682091096	1	1	92	25	0	8	T
H4_BC88_191109_LF_LIB_consensus_vsearch	4272	G	R	115	13	9.92%	2	1	93	93	8.859978307544659E-5	1	1	85	30	13	0	A
H4_BC88_191109_LF_LIB_consensus_vsearch	4273	G	R	90	14	10.29%	2	2	93	93	3.821434402146191E-5	1	1	56	34	13	1	-C
H4_BC88_191109_LF_LIB_consensus_vsearch	4278	T	Y	77	52	39.1%	2	2	93	93	3.373410912100835E-19	1	1	51	26	46	6	C
H4_BC88_191109_LF_LIB_consensus_vsearch	4283	G	R	122	7	5.26%	2	1	93	93	0.007186592205048179	1	1	94	28	7	0	A
H4_BC88_191109_LF_LIB_consensus_vsearch	4287	G	R	89	35	27.78%	2	1	93	93	1.771356841962075E-12	1	1	58	31	35	0	A
H4_BC88_191109_LF_LIB_consensus_vsearch	4325	A	R	124	7	5.07%	2	2	93	93	0.007195995807965061	1	1	91	33	5	2	G
H4_BC88_191109_LF_LIB_consensus_vsearch	4342	A	R	127	9	6.52%	2	1	93	93	0.0017036706568871358	1	1	92	35	9	0	G
H4_BC88_191109_LF_LIB_consensus_vsearch	4352	G	R	121	8	6.02%	2	1	93	93	0.003493084657434247	1	1	86	35	8	0	A
H4_BC88_191109_LF_LIB_consensus_vsearch	4363	G	R	84	7	7.61%	2	1	93	93	0.00693125337097071	1	1	56	28	7	0	A
H4_BC88_191109_LF_LIB_consensus_vsearch	4371	T	Y	124	9	6.67%	2	2	93	93	0.0016982529456825498	1	1	93	31	7	2	C
