Chrom	Position	Ref	Cons	Reads1	Reads2	VarFreq	Strands1	Strands2	Qual1	Qual2	Pvalue	MapQual1	MapQual2	Reads1Plus	Reads1Minus	Reads2Plus	Reads2Minus	VarAllele
barcode65_consensus_vsearch	55	T	Y	297	20	6.29%	2	1	93	93	6.999970244252065E-7	1	1	152	145	0	20	C
barcode65_consensus_vsearch	58	T	Y	301	9	2.88%	2	1	93	93	0.00184145713009427	1	1	148	153	0	9	C
barcode65_consensus_vsearch	59	T	Y	302	7	2.23%	2	1	93	93	0.0075487547253543785	1	1	148	154	0	7	C
barcode65_consensus_vsearch	77	C	M	291	7	2.33%	2	1	93	93	0.007539085690174033	1	1	124	167	7	0	A
barcode65_consensus_vsearch	78	C	Y	300	7	2.22%	2	2	93	93	0.007547047910434978	1	1	133	167	6	1	T
barcode65_consensus_vsearch	85	T	Y	285	13	4.14%	2	2	93	93	1.0679498904431436E-4	1	1	146	139	1	12	C
barcode65_consensus_vsearch	92	G	R	302	8	2.56%	2	1	93	93	0.003731694581518785	1	1	135	167	8	0	A
barcode65_consensus_vsearch	93	G	K	307	7	2.2%	2	1	93	93	0.0075529272619753235	1	1	142	165	7	0	T
barcode65_consensus_vsearch	98	C	Y	279	30	9.38%	2	1	93	93	4.4457958315986367E-10	1	1	146	133	0	30	T
barcode65_consensus_vsearch	130	G	R	264	51	16.14%	2	2	93	93	4.9060862395505735E-17	1	1	100	164	50	1	A
barcode65_consensus_vsearch	179	C	Y	310	7	2.2%	2	2	93	93	0.007555368014229169	1	1	147	163	2	5	T
barcode65_consensus_vsearch	181	A	R	299	9	2.82%	2	1	93	93	0.0018407433927905296	1	1	139	160	9	0	G
barcode65_consensus_vsearch	235	T	W	297	9	2.89%	2	1	93	93	0.001840020475434547	1	1	139	158	9	0	A
barcode65_consensus_vsearch	306	C	Y	307	9	2.83%	2	2	93	93	0.0018435449771731236	1	1	148	159	1	8	T
barcode65_consensus_vsearch	315	T	Y	301	9	2.86%	2	2	93	93	0.00184145713009427	1	1	149	152	1	8	C
barcode65_consensus_vsearch	346	G	R	283	24	7.79%	2	2	93	93	3.734540699419346E-8	1	1	121	162	23	1	A
barcode65_consensus_vsearch	467	C	Y	300	12	3.75%	2	2	93	93	2.1919966814812938E-4	1	1	150	150	1	11	T
barcode65_consensus_vsearch	473	G	R	299	9	2.9%	2	1	93	93	0.0018407433927905296	1	1	138	161	9	0	A
barcode65_consensus_vsearch	546	G	S	308	7	2.19%	2	1	93	93	0.0075537459778972	1	1	143	165	7	0	C
barcode65_consensus_vsearch	547	A	R	80	8	2.51%	2	2	93	93	0.003308028939537178	1	1	16	64	4	4	+GGG
barcode65_consensus_vsearch	549	C	S	197	78	26.17%	2	2	93	93	5.5843166745164434E-27	1	1	145	52	6	72	G
barcode65_consensus_vsearch	549	C	Y	197	9	3.02%	2	1	93	93	0.0017864043973660122	1	1	145	52	0	9	G
barcode65_consensus_vsearch	593	A	R	266	9	2.83%	2	2	93	93	0.0018274946683206224	1	1	141	125	8	1	-G
barcode65_consensus_vsearch	686	C	Y	292	15	4.78%	2	1	93	93	2.5614022515475384E-5	1	1	142	150	0	15	T
barcode65_consensus_vsearch	751	C	Y	279	11	3.48%	2	1	93	93	4.433281508204466E-4	1	1	151	128	0	11	+T
barcode65_consensus_vsearch	753	T	W	231	13	4.25%	2	2	93	93	1.0360034592464177E-4	1	1	137	94	2	11	A
barcode65_consensus_vsearch	753	T	Y	231	22	7.19%	2	2	93	93	1.4798215172892535E-7	1	1	137	94	1	21	C
barcode65_consensus_vsearch	754	G	R	267	12	3.87%	2	2	93	93	2.1636505872716516E-4	1	1	121	146	7	5	-C
barcode65_consensus_vsearch	757	T	Y	284	18	5.84%	2	2	93	93	2.938658666208105E-6	1	1	142	142	1	17	C
barcode65_consensus_vsearch	758	A	R	284	9	2.86%	2	2	93	93	0.0018350849875216509	1	1	144	140	3	6	G
barcode65_consensus_vsearch	777	T	Y	288	22	6.88%	2	1	93	93	1.6206219987002133E-7	1	1	152	136	0	22	C
barcode65_consensus_vsearch	778	T	Y	292	12	3.75%	2	1	93	93	2.185669106898105E-4	1	1	152	140	0	12	C
barcode65_consensus_vsearch	778	T	K	292	14	4.38%	2	1	93	93	5.2425361609247497E-5	1	1	152	140	0	14	G
barcode65_consensus_vsearch	792	G	R	302	12	3.75%	2	2	93	93	2.1935299970804329E-4	1	1	136	166	11	1	A
barcode65_consensus_vsearch	794	T	Y	301	15	4.72%	2	2	93	93	2.574516555068671E-5	1	1	146	155	3	12	C
barcode65_consensus_vsearch	898	T	Y	304	13	4.08%	2	2	93	93	1.0767161863384654E-4	1	1	150	154	1	12	C
barcode65_consensus_vsearch	900	C	Y	294	24	7.52%	2	1	93	93	3.797814984022077E-8	1	1	150	144	0	24	T
barcode65_consensus_vsearch	916	A	R	312	7	2.19%	2	1	93	93	0.007556969842859696	1	1	144	168	7	0	G
barcode65_consensus_vsearch	970	G	R	309	9	2.83%	2	1	93	93	0.0018442236885128761	1	1	143	166	9	0	A
barcode65_consensus_vsearch	973	T	Y	310	7	2.19%	2	2	93	93	0.007555368014229169	1	1	150	160	1	6	C
barcode65_consensus_vsearch	979	C	Y	296	19	5.96%	2	1	93	93	1.4420005831170881E-6	1	1	150	146	0	19	T
barcode65_consensus_vsearch	999	C	S	306	7	2.21%	2	1	93	93	0.007552103349072626	1	1	141	165	7	0	G
barcode65_consensus_vsearch	1072	T	K	294	18	5.7%	2	1	93	93	2.9640583266111092E-6	1	1	127	167	18	0	G
barcode65_consensus_vsearch	1164	T	Y	301	7	2.19%	2	2	93	93	0.007547904070155765	1	1	147	154	1	6	C
barcode65_consensus_vsearch	1180	A	R	305	8	2.53%	2	1	93	93	0.0037333499593181136	1	1	140	165	8	0	G
barcode65_consensus_vsearch	1257	C	Y	256	59	18.44%	2	1	93	93	8.644253745592021E-20	1	1	150	106	0	59	T
barcode65_consensus_vsearch	1258	G	R	309	7	2.2%	2	2	93	93	0.007554559545842425	1	1	145	164	5	2	A
barcode65_consensus_vsearch	1259	C	Y	306	9	2.83%	2	2	93	93	0.0018432024399252702	1	1	149	157	1	8	T
barcode65_consensus_vsearch	1262	C	Y	307	9	2.81%	2	2	93	93	0.0018435449771731236	1	1	149	158	1	8	T
barcode65_consensus_vsearch	1272	C	S	298	15	4.75%	2	1	93	93	2.57022355985583E-5	1	1	132	166	15	0	G
barcode65_consensus_vsearch	1322	G	R	298	8	2.59%	2	1	93	93	0.00372943747369922	1	1	138	160	8	0	A
barcode65_consensus_vsearch	1367	A	R	281	7	2.22%	2	2	93	93	0.007529659309132628	1	1	144	137	6	1	-G
barcode65_consensus_vsearch	1428	G	R	306	8	2.52%	2	2	93	93	0.0037338947977920084	1	1	142	164	7	1	A
barcode65_consensus_vsearch	1460	A	R	305	7	2.2%	2	2	93	93	0.007551274189551532	1	1	144	161	4	3	G
barcode65_consensus_vsearch	1495	A	R	306	7	2.21%	2	1	93	93	0.007552103349072626	1	1	141	165	7	0	G
barcode65_consensus_vsearch	1498	G	R	290	13	4.18%	2	1	93	93	1.070358520424112E-4	1	1	131	159	13	0	A
barcode65_consensus_vsearch	1550	T	Y	300	7	2.22%	2	2	93	93	0.007547047910434978	1	1	150	150	1	6	C
barcode65_consensus_vsearch	1577	C	Y	304	12	3.75%	2	1	93	93	2.1950445924379393E-4	1	1	151	153	0	12	T
barcode65_consensus_vsearch	1621	T	Y	305	8	2.52%	2	2	93	93	0.0037333499593181136	1	1	148	157	2	6	C
barcode65_consensus_vsearch	1652	G	R	285	18	5.86%	2	1	93	93	2.9412662624152163E-6	1	1	131	154	18	0	A
barcode65_consensus_vsearch	1673	A	R	309	7	2.19%	2	1	93	93	0.007554559545842425	1	1	143	166	7	0	G
barcode65_consensus_vsearch	1676	G	R	299	11	3.49%	2	2	93	93	4.4614735007729884E-4	1	1	133	166	10	1	A
barcode65_consensus_vsearch	1700	T	Y	303	7	2.25%	2	1	93	93	0.007549599928934281	1	1	149	154	0	7	C
barcode65_consensus_vsearch	1710	A	R	307	10	3.12%	2	2	93	93	9.086667186070912E-4	1	1	140	167	9	1	G
barcode65_consensus_vsearch	1779	T	Y	310	9	2.82%	2	2	93	93	0.0018445599018759912	1	1	151	159	1	8	C
barcode65_consensus_vsearch	1896	A	R	307	7	2.21%	2	1	93	93	0.0075529272619753235	1	1	141	166	7	0	G
barcode65_consensus_vsearch	1898	G	R	287	18	5.79%	2	1	93	93	2.946435446441502E-6	1	1	125	162	18	0	A
barcode65_consensus_vsearch	1908	C	Y	273	8	2.74%	2	1	93	93	0.0037138920631481294	1	1	150	123	0	8	+T
barcode65_consensus_vsearch	1909	C	Y	301	10	3.16%	2	2	93	93	9.073846728008486E-4	1	1	151	150	1	9	T
barcode65_consensus_vsearch	1910	C	Y	309	7	2.19%	2	1	93	93	0.007554559545842425	1	1	152	157	0	7	T
barcode65_consensus_vsearch	1913	T	W	297	8	2.56%	2	1	93	93	0.0037288640480621854	1	1	148	149	0	8	A
barcode65_consensus_vsearch	1923	T	Y	309	8	2.51%	2	2	93	93	0.0037355089065581964	1	1	149	160	1	7	C
barcode65_consensus_vsearch	1944	C	Y	305	14	4.39%	2	2	93	93	5.2758358495960476E-5	1	1	150	155	2	12	T
barcode65_consensus_vsearch	1945	T	Y	309	8	2.5%	2	2	93	93	0.0037355089065581964	1	1	150	159	2	6	C
barcode65_consensus_vsearch	1948	C	Y	283	9	2.82%	2	2	93	93	0.0018346874387804265	1	1	133	150	2	7	T
barcode65_consensus_vsearch	1952	G	R	281	15	4.73%	2	1	93	93	2.5443637667352366E-5	1	1	114	167	15	0	-C
barcode65_consensus_vsearch	2208	C	Y	299	13	4.08%	2	2	93	93	1.074508177196199E-4	1	1	150	149	1	12	T
barcode65_consensus_vsearch	2256	A	W	304	7	2.19%	2	2	93	93	0.007550439733141782	1	1	148	156	1	6	T
barcode65_consensus_vsearch	2261	C	Y	304	16	5%	2	1	93	93	1.2591001049517451E-5	1	1	136	168	16	0	T
barcode65_consensus_vsearch	2301	C	Y	291	19	5.96%	2	2	93	93	1.4353091219079615E-6	1	1	146	145	2	17	T
barcode65_consensus_vsearch	2335	G	R	301	7	2.19%	2	2	93	93	0.007547904070155765	1	1	138	163	6	1	-TG
barcode65_consensus_vsearch	2337	G	R	295	8	2.58%	2	1	93	93	0.0037277059675883554	1	1	133	162	8	0	A
barcode65_consensus_vsearch	2374	T	Y	305	8	2.51%	2	1	93	93	0.0037333499593181136	1	1	150	155	0	8	C
barcode65_consensus_vsearch	2397	T	Y	308	7	2.2%	2	1	93	93	0.0075537459778972	1	1	151	157	0	7	C
barcode65_consensus_vsearch	2442	T	Y	313	7	2.19%	2	2	93	93	0.0075577632969213195	1	1	151	162	1	6	C
barcode65_consensus_vsearch	2493	A	R	307	10	3.15%	2	2	93	93	9.086667186070912E-4	1	1	141	166	8	2	G
barcode65_consensus_vsearch	2509	T	W	294	8	2.52%	2	2	93	93	0.0037271212392205283	1	1	144	150	1	7	A
barcode65_consensus_vsearch	2509	T	Y	294	7	2.2%	2	2	93	93	0.0075417923062006415	1	1	144	150	1	6	A
barcode65_consensus_vsearch	2518	C	Y	285	9	2.82%	2	2	93	93	0.0018354798771439878	1	1	146	139	1	8	-G
barcode65_consensus_vsearch	2528	C	Y	300	16	5%	2	2	93	93	1.2559635057971457E-5	1	1	149	151	1	15	T
barcode65_consensus_vsearch	2533	A	R	259	19	6.44%	2	2	93	93	1.3875117995228537E-6	1	1	100	159	18	1	G
barcode65_consensus_vsearch	2538	A	R	305	10	3.13%	2	2	93	93	9.082446805436611E-4	1	1	139	166	9	1	G
barcode65_consensus_vsearch	2541	A	R	296	10	3.13%	2	1	93	93	9.062787416320994E-4	1	1	135	161	10	0	-CAA
barcode65_consensus_vsearch	2572	A	R	299	12	3.75%	2	2	93	93	2.191222894905056E-4	1	1	138	161	11	1	G
barcode65_consensus_vsearch	2596	G	R	303	14	4.42%	2	2	93	93	5.2708811698392864E-5	1	1	138	165	12	2	A
barcode65_consensus_vsearch	2625	T	Y	304	9	2.83%	2	1	93	93	0.0018425109022510314	1	1	148	156	0	9	C
barcode65_consensus_vsearch	2662	C	Y	300	7	2.26%	2	2	93	93	0.007547047910434978	1	1	135	165	6	1	T
barcode65_consensus_vsearch	2668	T	Y	310	7	2.19%	2	2	93	93	0.007555368014229169	1	1	149	161	1	6	C
barcode65_consensus_vsearch	2710	G	R	278	31	9.97%	2	1	93	93	2.1094847568305495E-10	1	1	119	159	31	0	A
barcode65_consensus_vsearch	2720	T	Y	302	18	5.62%	2	1	93	93	2.983347452034028E-6	1	1	152	150	0	18	C
barcode65_consensus_vsearch	2721	T	Y	304	9	2.81%	2	2	93	93	0.0018425109022510314	1	1	149	155	1	8	C
barcode65_consensus_vsearch	2726	A	R	289	16	5.03%	2	2	93	93	1.2469462640863311E-5	1	1	133	156	15	1	G
barcode65_consensus_vsearch	2732	C	Y	304	7	2.19%	2	1	93	93	0.007550439733141782	1	1	148	156	0	7	T
barcode65_consensus_vsearch	2733	C	Y	253	48	15%	2	2	93	93	4.634546668171927E-16	1	1	145	108	1	47	T
barcode65_consensus_vsearch	2739	A	R	306	7	2.19%	2	2	93	93	0.007552103349072626	1	1	144	162	5	2	G
barcode65_consensus_vsearch	2743	C	M	265	7	2.19%	2	1	93	93	0.00751314636487435	1	1	117	148	7	0	+G
barcode65_consensus_vsearch	2746	A	R	297	14	4.39%	2	2	93	93	5.255655398048852E-5	1	1	131	166	13	1	G
barcode65_consensus_vsearch	2748	G	R	287	11	3.59%	2	2	93	93	4.444998910489045E-4	1	1	120	167	10	1	A
barcode65_consensus_vsearch	2863	T	Y	299	16	5.03%	2	2	93	93	1.2551678368037368E-5	1	1	147	152	2	14	C
barcode65_consensus_vsearch	2944	C	Y	311	9	2.81%	2	1	93	93	0.0018448940461453691	1	1	152	159	0	9	T
barcode65_consensus_vsearch	2956	A	R	310	7	2.19%	2	2	93	93	0.007555368014229169	1	1	145	165	6	1	G
barcode65_consensus_vsearch	3021	A	R	306	7	2.19%	2	1	93	93	0.007552103349072626	1	1	143	163	7	0	G
barcode65_consensus_vsearch	3066	T	Y	306	7	2.21%	2	2	93	93	0.007552103349072626	1	1	141	165	5	2	C
barcode65_consensus_vsearch	3068	G	R	296	7	2.2%	2	1	93	93	0.007543567143856903	1	1	131	165	7	0	+C
barcode65_consensus_vsearch	3232	A	R	304	9	2.85%	2	2	93	93	0.0018425109022510314	1	1	141	163	7	2	G
barcode65_consensus_vsearch	3239	T	Y	306	9	2.84%	2	1	93	93	0.0018432024399252702	1	1	150	156	0	9	C
barcode65_consensus_vsearch	3245	C	Y	311	7	2.19%	2	1	93	93	0.007556171430833954	1	1	150	161	0	7	T
barcode65_consensus_vsearch	3261	G	R	285	17	5.35%	2	1	93	93	6.052605744083776E-6	1	1	118	167	17	0	A
barcode65_consensus_vsearch	3262	G	K	312	7	2.19%	2	1	93	93	0.007556969842859696	1	1	144	168	7	0	T
barcode65_consensus_vsearch	3301	C	Y	310	7	2.19%	2	1	93	93	0.007555368014229169	1	1	151	159	0	7	T
barcode65_consensus_vsearch	3307	T	Y	305	7	2.22%	2	2	93	93	0.007551274189551532	1	1	147	158	3	4	C
barcode65_consensus_vsearch	3341	G	R	303	12	3.81%	2	2	93	93	2.1942896133169884E-4	1	1	150	153	2	10	A
barcode65_consensus_vsearch	3342	T	W	299	13	4.09%	2	1	93	93	1.074508177196199E-4	1	1	150	149	0	13	A
barcode65_consensus_vsearch	3377	C	Y	307	7	2.19%	2	2	93	93	0.0075529272619753235	1	1	146	161	4	3	T
barcode65_consensus_vsearch	3401	G	R	292	22	6.98%	2	1	93	93	1.6288989624926974E-7	1	1	128	164	22	0	A
barcode65_consensus_vsearch	3416	G	R	310	9	2.82%	2	1	93	93	0.0018445599018759912	1	1	143	167	9	0	A
barcode65_consensus_vsearch	3474	G	R	306	7	2.22%	2	2	93	93	0.007552103349072626	1	1	150	156	2	5	A
barcode65_consensus_vsearch	3476	C	Y	289	11	3.45%	2	1	93	93	4.447833501069152E-4	1	1	149	140	0	11	-A
barcode65_consensus_vsearch	3492	A	R	280	33	10.38%	2	1	93	93	4.780269420086806E-11	1	1	114	166	33	0	G
barcode65_consensus_vsearch	3496	A	R	305	8	2.52%	2	2	93	93	0.0037333499593181136	1	1	143	162	7	1	G
barcode65_consensus_vsearch	3524	T	Y	308	7	2.21%	2	2	93	93	0.0075537459778972	1	1	146	162	4	3	C
barcode65_consensus_vsearch	3535	A	R	310	9	2.82%	2	2	93	93	0.0018445599018759912	1	1	150	160	1	8	G
barcode65_consensus_vsearch	3540	T	Y	306	8	2.5%	2	1	93	93	0.0037338947977920084	1	1	150	156	0	8	C
barcode65_consensus_vsearch	3549	C	Y	272	33	10.31%	2	2	93	93	4.6637084356431134E-11	1	1	146	126	3	30	T
barcode65_consensus_vsearch	3816	A	R	306	8	2.52%	2	2	93	93	0.0037338947977920084	1	1	142	164	7	1	G
barcode65_consensus_vsearch	3905	G	R	308	9	2.82%	2	1	93	93	0.00184388538678199	1	1	140	168	9	0	A
barcode65_consensus_vsearch	3967	C	Y	305	8	2.5%	2	1	93	93	0.0037333499593181136	1	1	150	155	0	8	T
barcode65_consensus_vsearch	3968	C	Y	304	8	2.5%	2	2	93	93	0.003732801665827003	1	1	151	153	1	7	T
barcode65_consensus_vsearch	3974	G	R	302	10	3.19%	2	1	93	93	9.076016973983641E-4	1	1	141	161	10	0	A
barcode65_consensus_vsearch	3980	G	R	305	10	3.17%	2	1	93	93	9.082446805436611E-4	1	1	141	164	10	0	A
barcode65_consensus_vsearch	3998	C	Y	303	10	3.13%	2	1	93	93	9.078173651286913E-4	1	1	146	157	0	10	T
barcode65_consensus_vsearch	4029	A	R	291	16	5.03%	2	2	93	93	1.2486301459972181E-5	1	1	135	156	14	2	G
barcode65_consensus_vsearch	4062	C	Y	296	18	5.62%	2	2	93	93	2.968963557385939E-6	1	1	148	148	2	16	T
barcode65_consensus_vsearch	4069	C	Y	214	102	31.87%	2	1	93	93	1.1270949582527945E-35	1	1	152	62	0	102	T
barcode65_consensus_vsearch	4071	T	Y	310	9	2.82%	2	1	93	93	0.0018445599018759912	1	1	151	159	0	9	C
barcode65_consensus_vsearch	4092	A	R	303	12	3.76%	2	1	93	93	2.1942896133169884E-4	1	1	137	166	12	0	G
barcode65_consensus_vsearch	4113	A	R	294	10	3.14%	2	1	93	93	9.058264089278193E-4	1	1	140	154	10	0	-G
barcode65_consensus_vsearch	4134	C	Y	303	12	3.75%	2	1	93	93	2.1942896133169884E-4	1	1	149	154	0	12	T
barcode65_consensus_vsearch	4151	T	Y	306	7	2.22%	2	1	93	93	0.007552103349072626	1	1	149	157	0	7	C
barcode65_consensus_vsearch	4180	C	S	303	10	3.17%	2	1	93	93	9.078173651286913E-4	1	1	140	163	10	0	G
barcode65_consensus_vsearch	4191	C	Y	302	9	2.81%	2	1	93	93	0.0018418106106839363	1	1	149	153	0	9	T
barcode65_consensus_vsearch	4197	G	R	288	21	6.56%	2	2	93	93	3.3550669471422283E-7	1	1	121	167	20	1	A
barcode65_consensus_vsearch	4198	C	Y	291	10	3.15%	2	2	93	93	9.051368917515764E-4	1	1	125	166	9	1	+T
barcode65_consensus_vsearch	4199	A	R	289	13	4.17%	2	2	93	93	1.0698828814111211E-4	1	1	128	161	11	2	G
barcode65_consensus_vsearch	4238	G	R	298	18	5.68%	2	1	93	93	2.9738128621557017E-6	1	1	133	165	18	0	A
barcode65_consensus_vsearch	4336	T	Y	313	7	2.19%	2	2	93	93	0.0075577632969213195	1	1	150	163	2	5	C
