Chrom	Position	Ref	Cons	Reads1	Reads2	VarFreq	Strands1	Strands2	Qual1	Qual2	Pvalue	MapQual1	MapQual2	Reads1Plus	Reads1Minus	Reads2Plus	Reads2Minus	VarAllele
barcode29_consensus_vsearch	59	A	R	429	13	2.91%	2	1	93	93	1.1161922648910357E-4	1	1	176	253	13	0	G
barcode29_consensus_vsearch	65	A	R	422	19	4.26%	2	2	93	93	1.5646588051502846E-6	1	1	172	250	16	3	G
barcode29_consensus_vsearch	108	T	Y	416	7	1.58%	2	2	93	93	0.007619493408432325	1	1	179	237	3	4	C
barcode29_consensus_vsearch	138	A	R	404	7	1.57%	2	2	93	93	0.007613885964194907	1	1	172	232	5	2	+G
barcode29_consensus_vsearch	205	T	Y	413	24	5.38%	2	2	93	93	4.3085104676575724E-8	1	1	186	227	1	23	C
barcode29_consensus_vsearch	207	C	Y	428	8	1.81%	2	1	93	93	0.0037817572285023734	1	1	184	244	0	8	T
barcode29_consensus_vsearch	212	A	R	430	9	2.03%	2	2	93	93	0.0018739095280781474	1	1	180	250	7	2	G
barcode29_consensus_vsearch	223	G	R	423	7	1.59%	2	1	93	93	0.007622620571895094	1	1	173	250	7	0	A
barcode29_consensus_vsearch	243	C	Y	425	11	2.47%	2	2	93	93	4.5808185020506666E-4	1	1	186	239	1	10	T
barcode29_consensus_vsearch	282	C	Y	419	7	1.61%	2	1	93	93	0.007620846145152445	1	1	182	237	0	7	T
barcode29_consensus_vsearch	283	C	Y	427	12	2.7%	2	2	93	93	2.2623486621516718E-4	1	1	190	237	1	11	T
barcode29_consensus_vsearch	284	C	Y	432	10	2.24%	2	2	93	93	9.275806861447792E-4	1	1	192	240	1	9	T
barcode29_consensus_vsearch	285	T	Y	418	20	4.49%	2	2	93	93	7.639253725032686E-7	1	1	192	226	1	19	C
barcode29_consensus_vsearch	297	G	R	436	9	2.02%	2	2	93	93	0.0018749660605302289	1	1	184	252	8	1	A
barcode29_consensus_vsearch	315	C	Y	416	20	4.54%	2	1	93	93	7.631304417463694E-7	1	1	193	223	0	20	T
barcode29_consensus_vsearch	327	G	R	303	99	23.97%	2	2	93	93	1.5924152991915617E-33	1	1	81	222	98	1	A
barcode29_consensus_vsearch	330	T	Y	429	12	2.7%	2	2	93	93	2.2631406886309665E-4	1	1	189	240	1	11	C
barcode29_consensus_vsearch	334	G	R	389	22	5.3%	2	1	93	93	1.7864911812841163E-7	1	1	155	234	22	0	A
barcode29_consensus_vsearch	376	G	R	436	7	1.58%	2	2	93	93	0.007628167177128368	1	1	184	252	6	1	A
barcode29_consensus_vsearch	450	A	R	432	7	1.59%	2	1	93	93	0.0076264953547406375	1	1	192	240	0	7	G
barcode29_consensus_vsearch	464	C	Y	430	7	1.57%	2	2	93	93	0.007625648020175149	1	1	183	247	4	3	T
barcode29_consensus_vsearch	478	T	Y	416	7	1.59%	2	2	93	93	0.007619493408432325	1	1	178	238	1	6	-A
barcode29_consensus_vsearch	481	T	K	428	14	3.15%	2	1	93	93	5.49766339423539E-5	1	1	178	250	14	0	G
barcode29_consensus_vsearch	535	G	R	420	9	2.06%	2	2	93	93	0.0018720837112055043	1	1	183	237	8	1	A
barcode29_consensus_vsearch	537	T	Y	428	11	2.47%	2	1	93	93	4.5828417992626897E-4	1	1	192	236	0	11	C
barcode29_consensus_vsearch	542	G	R	427	17	3.81%	2	2	93	93	6.526993615927746E-6	1	1	177	250	15	2	A
barcode29_consensus_vsearch	547	C	Y	427	11	2.47%	2	2	93	93	4.5821703849988575E-4	1	1	187	240	1	10	T
barcode29_consensus_vsearch	549	C	Y	426	9	2.04%	2	2	93	93	0.001873189162106254	1	1	190	236	1	8	T
barcode29_consensus_vsearch	550	G	R	429	8	1.81%	2	2	93	93	0.0037820399638697363	1	1	183	246	6	2	A
barcode29_consensus_vsearch	585	T	Y	438	8	1.79%	2	2	93	93	0.0037845279531252564	1	1	192	246	1	7	C
barcode29_consensus_vsearch	612	T	Y	432	7	1.59%	2	2	93	93	0.0076264953547406375	1	1	190	242	3	4	C
barcode29_consensus_vsearch	626	A	R	439	7	1.57%	2	2	93	93	0.00762940145447119	1	1	187	252	6	1	G
barcode29_consensus_vsearch	637	C	Y	364	81	18.16%	2	2	93	93	7.506610006344176E-27	1	1	192	172	1	80	T
barcode29_consensus_vsearch	643	T	Y	412	8	1.89%	2	2	93	93	0.003777051806882959	1	1	185	227	1	7	C
barcode29_consensus_vsearch	651	G	R	409	26	5.96%	2	1	93	93	1.0140503941896291E-8	1	1	166	243	26	0	A
barcode29_consensus_vsearch	658	A	R	403	14	3.29%	2	2	93	93	5.462748206575491E-5	1	1	161	242	9	5	G
barcode29_consensus_vsearch	660	T	Y	400	11	2.58%	2	2	93	93	4.5628334474193127E-4	1	1	173	227	2	9	C
barcode29_consensus_vsearch	661	G	R	403	31	7.06%	2	1	93	93	2.672306318115701E-10	1	1	156	247	31	0	A
barcode29_consensus_vsearch	662	C	Y	406	19	4.32%	2	2	93	93	1.5527767946243955E-6	1	1	183	223	1	18	T
barcode29_consensus_vsearch	663	G	R	419	19	4.28%	2	2	93	93	1.562491752356326E-6	1	1	175	244	16	3	A
barcode29_consensus_vsearch	664	G	K	434	7	1.57%	2	1	93	93	0.007627335039353406	1	1	186	248	7	0	T
barcode29_consensus_vsearch	672	C	Y	400	13	2.91%	2	1	93	93	1.1090916003185617E-4	1	1	188	212	0	13	+T
barcode29_consensus_vsearch	673	T	W	412	15	3.49%	2	1	93	93	2.6929497109171117E-5	1	1	175	237	15	0	A
barcode29_consensus_vsearch	675	A	R	435	8	1.8%	2	2	93	93	0.0037837097715777354	1	1	187	248	5	3	G
barcode29_consensus_vsearch	682	C	Y	431	13	2.92%	2	1	93	93	1.1166488301300728E-4	1	1	192	239	0	13	T
barcode29_consensus_vsearch	706	A	R	423	7	1.58%	2	1	93	93	0.007622620571895094	1	1	182	241	7	0	G
barcode29_consensus_vsearch	710	T	Y	260	8	1.83%	2	2	93	93	0.0037046766426069204	1	1	174	86	1	7	-C
barcode29_consensus_vsearch	730	G	R	425	8	1.84%	2	2	93	93	0.0037809012469126957	1	1	184	241	7	1	A
barcode29_consensus_vsearch	739	A	R	417	8	1.8%	2	2	93	93	0.003778560011928581	1	1	178	239	7	1	-C
barcode29_consensus_vsearch	821	T	Y	434	7	1.57%	2	2	93	93	0.007627335039353406	1	1	189	245	2	5	C
barcode29_consensus_vsearch	829	T	Y	437	9	2.02%	2	2	93	93	0.0018751394156906677	1	1	191	246	2	7	C
barcode29_consensus_vsearch	861	G	R	418	7	1.64%	2	1	93	93	0.007620397344640596	1	1	184	234	7	0	A
barcode29_consensus_vsearch	870	G	R	433	7	1.59%	2	2	93	93	0.0076269161468125015	1	1	188	245	4	3	A
barcode29_consensus_vsearch	871	G	R	437	7	1.57%	2	2	93	93	0.007628580447648388	1	1	191	246	2	5	A
barcode29_consensus_vsearch	907	T	Y	427	7	1.58%	2	2	93	93	0.007624362444354587	1	1	190	237	1	6	C
barcode29_consensus_vsearch	945	A	R	415	13	3.01%	2	2	93	93	1.1128806504032547E-4	1	1	169	246	11	2	G
barcode29_consensus_vsearch	969	C	Y	433	9	2.02%	2	1	93	93	0.001874441340367089	1	1	190	243	0	9	T
barcode29_consensus_vsearch	990	C	Y	424	7	1.57%	2	1	93	93	0.007623059056742502	1	1	192	232	0	7	T
barcode29_consensus_vsearch	995	A	R	424	8	1.8%	2	2	93	93	0.0037806132981311326	1	1	183	241	5	3	G
barcode29_consensus_vsearch	1002	G	R	434	7	1.58%	2	2	93	93	0.007627335039353406	1	1	188	246	2	5	A
barcode29_consensus_vsearch	1003	T	Y	434	10	2.25%	2	1	93	93	9.277980556005647E-4	1	1	192	242	0	10	C
barcode29_consensus_vsearch	1030	A	R	430	7	1.57%	2	2	93	93	0.007625648020175149	1	1	189	241	4	3	+T
barcode29_consensus_vsearch	1031	C	Y	427	11	2.47%	2	1	93	93	4.5821703849988575E-4	1	1	191	236	0	11	T
barcode29_consensus_vsearch	1033	C	Y	427	9	2.04%	2	1	93	93	0.0018733704789343226	1	1	190	237	0	9	T
barcode29_consensus_vsearch	1040	G	R	430	8	1.82%	2	1	93	93	0.0037823214180042796	1	1	182	248	8	0	A
barcode29_consensus_vsearch	1054	A	R	437	7	1.57%	2	2	93	93	0.007628580447648388	1	1	187	250	5	2	G
barcode29_consensus_vsearch	1063	G	R	373	12	3.08%	2	2	93	93	2.2379428476008937E-4	1	1	168	205	11	1	A
barcode29_consensus_vsearch	1064	G	R	435	8	1.8%	2	2	93	93	0.0037837097715777354	1	1	187	248	5	3	A
barcode29_consensus_vsearch	1066	G	R	420	17	3.81%	2	1	93	93	6.510382301474924E-6	1	1	168	252	17	0	A
barcode29_consensus_vsearch	1070	T	Y	431	7	1.59%	2	2	93	93	0.007626072650234986	1	1	189	242	2	5	C
barcode29_consensus_vsearch	1080	A	R	410	7	1.58%	2	2	93	93	0.007616729829810889	1	1	180	230	4	3	+G
barcode29_consensus_vsearch	1110	G	R	427	13	2.93%	2	2	93	93	1.1157316780867368E-4	1	1	180	247	9	4	A
barcode29_consensus_vsearch	1121	A	R	434	11	2.47%	2	2	93	93	4.5868081601559884E-4	1	1	182	252	10	1	G
barcode29_consensus_vsearch	1135	A	R	435	7	1.58%	2	2	93	93	0.007627752045228881	1	1	187	248	3	4	G
barcode29_consensus_vsearch	1146	C	Y	416	17	3.84%	2	2	93	93	6.500663914761803E-6	1	1	188	228	1	16	T
barcode29_consensus_vsearch	1150	C	Y	409	34	7.62%	2	1	93	93	3.013789222051647E-11	1	1	191	218	0	34	T
barcode29_consensus_vsearch	1173	T	K	399	9	2.17%	2	1	93	93	0.001867961645486525	1	1	153	246	9	0	G
barcode29_consensus_vsearch	1174	T	K	428	10	2.24%	2	1	93	93	9.271400825692105E-4	1	1	181	247	10	0	G
barcode29_consensus_vsearch	1182	A	R	437	9	2.02%	2	1	93	93	0.0018751394156906677	1	1	184	253	9	0	G
barcode29_consensus_vsearch	1186	G	R	340	11	3.1%	2	1	93	93	4.5094768082608024E-4	1	1	116	224	11	0	A
barcode29_consensus_vsearch	1215	A	R	406	7	1.57%	2	2	93	93	0.007614843055105977	1	1	186	220	4	3	+G
barcode29_consensus_vsearch	1231	T	K	435	8	1.8%	2	1	93	93	0.0037837097715777354	1	1	185	250	8	0	G
barcode29_consensus_vsearch	1250	T	W	425	7	1.58%	2	1	93	93	0.007623495521158642	1	1	189	236	0	7	A
barcode29_consensus_vsearch	1275	A	R	432	10	2.25%	2	2	93	93	9.275806861447792E-4	1	1	186	246	6	4	G
barcode29_consensus_vsearch	1298	T	Y	432	12	2.7%	2	1	93	93	2.2643156833193682E-4	1	1	193	239	0	12	C
barcode29_consensus_vsearch	1321	C	Y	417	10	2.24%	2	1	93	93	9.258865234089794E-4	1	1	190	227	0	10	+G
barcode29_consensus_vsearch	1333	T	Y	435	10	2.25%	2	2	93	93	9.279060186061013E-4	1	1	192	243	1	9	C
barcode29_consensus_vsearch	1349	C	Y	375	7	1.78%	2	2	93	93	0.007598887968539548	1	1	185	190	1	6	+T
barcode29_consensus_vsearch	1350	A	W	115	29	6.59%	2	2	93	93	3.8840633075518286E-10	1	1	97	18	1	28	T
barcode29_consensus_vsearch	1357	A	W	432	7	1.57%	2	2	93	93	0.0076264953547406375	1	1	187	245	3	4	T
barcode29_consensus_vsearch	1403	A	R	398	9	2.02%	2	2	93	93	0.0018677548734163589	1	1	186	212	7	2	-G
barcode29_consensus_vsearch	1416	A	R	432	9	2.02%	2	2	93	93	0.001874264864679625	1	1	185	247	8	1	G
barcode29_consensus_vsearch	1420	G	R	436	7	1.58%	2	2	93	93	0.007628167177128368	1	1	186	250	6	1	A
barcode29_consensus_vsearch	1425	T	Y	428	9	2.04%	2	1	93	93	0.0018735509751739627	1	1	191	237	0	9	C
barcode29_consensus_vsearch	1429	A	R	427	16	3.6%	2	1	93	93	1.3293784930690262E-5	1	1	176	251	16	0	G
barcode29_consensus_vsearch	1459	C	Y	429	9	2.03%	2	1	93	93	0.0018737306563855328	1	1	189	240	0	9	T
barcode29_consensus_vsearch	1470	T	Y	428	7	1.6%	2	2	93	93	0.007624792930600719	1	1	187	241	1	6	C
barcode29_consensus_vsearch	1471	A	R	431	7	1.58%	2	2	93	93	0.007626072650234986	1	1	182	249	6	1	G
barcode29_consensus_vsearch	1491	C	Y	430	8	1.8%	2	1	93	93	0.0037823214180042796	1	1	186	244	0	8	T
barcode29_consensus_vsearch	1492	A	R	429	7	1.58%	2	2	93	93	0.007625221451403564	1	1	179	250	5	2	G
barcode29_consensus_vsearch	1493	T	Y	429	11	2.48%	2	2	93	93	4.5835102222652706E-4	1	1	180	249	7	4	C
barcode29_consensus_vsearch	1513	G	R	424	9	2.07%	2	2	93	93	0.0018728240442215458	1	1	184	240	6	3	A
barcode29_consensus_vsearch	1516	T	Y	426	14	3.14%	2	2	93	93	5.495010686777893E-5	1	1	185	241	4	10	C
barcode29_consensus_vsearch	1532	T	Y	428	7	1.59%	2	1	93	93	0.007624792930600719	1	1	191	237	0	7	C
barcode29_consensus_vsearch	1539	C	Y	382	41	9.58%	2	2	93	93	1.642372215129951E-13	1	1	190	192	1	40	T
barcode29_consensus_vsearch	1567	T	W	423	12	2.7%	2	2	93	93	2.2607433164831964E-4	1	1	191	232	1	11	A
barcode29_consensus_vsearch	1579	G	R	434	7	1.58%	2	1	93	93	0.007627335039353406	1	1	184	250	7	0	A
barcode29_consensus_vsearch	1580	C	Y	430	7	1.57%	2	1	93	93	0.007625648020175149	1	1	192	238	0	7	T
barcode29_consensus_vsearch	1583	T	Y	431	7	1.57%	2	2	93	93	0.007626072650234986	1	1	188	243	3	4	C
barcode29_consensus_vsearch	1585	T	Y	433	7	1.57%	2	2	93	93	0.0076269161468125015	1	1	190	243	1	6	C
barcode29_consensus_vsearch	1597	A	R	424	7	1.59%	2	2	93	93	0.007623059056742502	1	1	181	243	2	5	G
barcode29_consensus_vsearch	1614	A	R	428	7	1.58%	2	2	93	93	0.007624792930600719	1	1	179	249	6	1	G
barcode29_consensus_vsearch	1621	T	Y	428	9	2.05%	2	2	93	93	0.0018735509751739627	1	1	187	241	1	8	C
barcode29_consensus_vsearch	1631	A	R	436	7	1.58%	2	2	93	93	0.007628167177128368	1	1	185	251	6	1	G
barcode29_consensus_vsearch	1641	C	Y	435	7	1.57%	2	2	93	93	0.007627752045228881	1	1	192	243	1	6	T
barcode29_consensus_vsearch	1669	T	Y	430	7	1.59%	2	2	93	93	0.007625648020175149	1	1	190	240	2	5	C
barcode29_consensus_vsearch	1678	A	R	408	17	3.84%	2	2	93	93	6.4807129773874934E-6	1	1	176	232	15	2	G
barcode29_consensus_vsearch	1685	A	R	433	7	1.57%	2	2	93	93	0.0076269161468125015	1	1	188	245	2	5	G
barcode29_consensus_vsearch	1687	G	R	374	19	4.81%	2	1	93	93	1.5263684541229892E-6	1	1	169	205	19	0	A
barcode29_consensus_vsearch	1692	C	Y	392	12	2.7%	2	1	93	93	2.2472535825225005E-4	1	1	174	218	0	12	+T
barcode29_consensus_vsearch	1732	A	R	437	8	1.79%	2	1	93	93	0.00378425644253265	1	1	185	252	8	0	G
barcode29_consensus_vsearch	1791	A	R	429	9	2.02%	2	2	93	93	0.0018737306563855328	1	1	184	245	5	4	G
barcode29_consensus_vsearch	1812	T	Y	429	8	1.81%	2	2	93	93	0.0037820399638697363	1	1	190	239	2	6	C
barcode29_consensus_vsearch	1814	A	R	411	17	3.82%	2	2	93	93	6.4882764964716394E-6	1	1	182	229	9	8	G
barcode29_consensus_vsearch	1819	T	Y	387	7	1.76%	2	2	93	93	0.007605360418658285	1	1	190	197	1	6	C
barcode29_consensus_vsearch	1822	T	W	295	8	1.84%	2	1	93	93	0.0037277059675883554	1	1	131	164	0	8	A
barcode29_consensus_vsearch	1822	T	Y	295	126	29.03%	2	2	93	93	1.8715951671893693E-43	1	1	131	164	59	67	C
barcode29_consensus_vsearch	1823	G	R	428	10	2.25%	2	2	93	93	9.271400825692105E-4	1	1	185	243	6	4	A
barcode29_consensus_vsearch	1859	C	Y	414	7	1.62%	2	1	93	93	0.007618580925465677	1	1	188	226	0	7	T
barcode29_consensus_vsearch	1862	A	R	424	7	1.59%	2	2	93	93	0.007623059056742502	1	1	188	236	5	2	G
barcode29_consensus_vsearch	1863	C	Y	417	14	3.2%	2	2	93	93	5.4827805419876506E-5	1	1	192	225	1	13	T
barcode29_consensus_vsearch	1870	T	Y	422	12	2.7%	2	2	93	93	2.2603374744065776E-4	1	1	190	232	2	10	C
barcode29_consensus_vsearch	1871	A	R	426	12	2.72%	2	2	93	93	2.2619500050778872E-4	1	1	190	236	3	9	G
barcode29_consensus_vsearch	1877	G	R	407	25	5.69%	2	2	93	93	2.0846376783924682E-8	1	1	159	248	23	2	A
barcode29_consensus_vsearch	1878	G	R	424	16	3.6%	2	2	93	93	1.3281070163027198E-5	1	1	172	252	15	1	A
barcode29_consensus_vsearch	1886	G	R	421	15	3.43%	2	2	93	93	2.7000302846488012E-5	1	1	178	243	13	2	A
barcode29_consensus_vsearch	1944	T	K	429	9	2.04%	2	1	93	93	0.0018737306563855328	1	1	181	248	9	0	G
barcode29_consensus_vsearch	1976	T	Y	438	8	1.79%	2	2	93	93	0.0037845279531252564	1	1	188	250	5	3	C
barcode29_consensus_vsearch	1993	T	Y	435	9	2.02%	2	1	93	93	0.0018747919330438447	1	1	193	242	0	9	C
barcode29_consensus_vsearch	2017	A	R	438	7	1.57%	2	2	93	93	0.007628991869306366	1	1	189	249	3	4	G
barcode29_consensus_vsearch	2052	A	R	436	7	1.57%	2	2	93	93	0.007628167177128368	1	1	185	251	6	1	G
barcode29_consensus_vsearch	2083	A	R	414	10	2.27%	2	2	93	93	9.255335328018615E-4	1	1	174	240	9	1	-G
barcode29_consensus_vsearch	2114	G	R	389	27	6.24%	2	1	93	93	4.818483870068246E-9	1	1	191	198	0	27	A
barcode29_consensus_vsearch	2115	T	W	372	7	1.63%	2	1	93	93	0.007597206160798333	1	1	190	182	0	7	-CT
barcode29_consensus_vsearch	2115	T	Y	372	26	6.05%	2	2	93	93	9.772362925862572E-9	1	1	190	182	1	25	C
barcode29_consensus_vsearch	2117	T	Y	402	13	3.12%	2	2	93	93	1.1096121102660942E-4	1	1	191	211	2	11	C
barcode29_consensus_vsearch	2129	T	Y	429	8	1.79%	2	2	93	93	0.0037820399638697363	1	1	189	240	3	5	C
barcode29_consensus_vsearch	2156	G	R	320	80	19.9%	2	1	93	93	1.0208689011803826E-26	1	1	93	227	80	0	A
barcode29_consensus_vsearch	2157	G	R	380	47	10.98%	2	2	93	93	1.861567678378684E-15	1	1	141	239	46	1	A
barcode29_consensus_vsearch	2169	A	R	312	126	28.77%	2	2	93	93	3.1023408832598424E-43	1	1	134	178	58	68	G
barcode29_consensus_vsearch	2196	A	R	434	9	2.02%	2	2	93	93	0.0018746170280654298	1	1	183	251	8	1	G
barcode29_consensus_vsearch	2207	C	Y	429	7	1.57%	2	2	93	93	0.007625221451403564	1	1	190	239	2	5	-G
barcode29_consensus_vsearch	2215	G	R	432	7	1.57%	2	2	93	93	0.0076264953547406375	1	1	181	251	6	1	A
barcode29_consensus_vsearch	2217	A	R	431	8	1.81%	2	2	93	93	0.003782601599602771	1	1	181	250	7	1	G
barcode29_consensus_vsearch	2227	T	Y	430	13	2.92%	2	2	93	93	1.1164210469075442E-4	1	1	190	240	1	12	C
barcode29_consensus_vsearch	2229	A	R	428	10	2.26%	2	2	93	93	9.271400825692105E-4	1	1	187	241	2	8	G
barcode29_consensus_vsearch	2230	T	Y	425	10	2.27%	2	2	93	93	9.268043937944601E-4	1	1	185	240	2	8	C
barcode29_consensus_vsearch	2246	C	Y	400	24	5.57%	2	1	93	93	4.264627694364826E-8	1	1	192	208	0	24	T
barcode29_consensus_vsearch	2247	T	Y	422	8	1.83%	2	2	93	93	0.003780033413733114	1	1	191	231	1	7	C
barcode29_consensus_vsearch	2249	T	Y	422	13	2.94%	2	1	93	93	1.1145622644220473E-4	1	1	192	230	0	13	C
barcode29_consensus_vsearch	2252	T	Y	435	7	1.58%	2	2	93	93	0.007627752045228881	1	1	191	244	1	6	C
barcode29_consensus_vsearch	2285	G	S	423	19	4.27%	2	1	93	93	1.5653751377054059E-6	1	1	190	233	0	19	C
barcode29_consensus_vsearch	2307	T	Y	429	8	1.8%	2	2	93	93	0.0037820399638697363	1	1	182	247	3	5	C
barcode29_consensus_vsearch	2308	A	R	433	7	1.57%	2	2	93	93	0.0076269161468125015	1	1	183	250	6	1	G
barcode29_consensus_vsearch	2309	G	R	424	7	1.58%	2	2	93	93	0.007623059056742502	1	1	185	239	6	1	-CG
barcode29_consensus_vsearch	2315	T	Y	418	24	5.42%	2	2	93	93	4.324795698433894E-8	1	1	190	228	1	23	C
barcode29_consensus_vsearch	2317	G	R	431	9	2.03%	2	2	93	93	0.0018740875957096264	1	1	182	249	8	1	A
barcode29_consensus_vsearch	2318	C	S	431	7	1.57%	2	1	93	93	0.007626072650234986	1	1	190	241	0	7	G
barcode29_consensus_vsearch	2324	C	Y	393	7	1.65%	2	2	93	93	0.007608451759263046	1	1	188	205	1	6	+T
barcode29_consensus_vsearch	2326	A	R	433	7	1.59%	2	2	93	93	0.0076269161468125015	1	1	189	244	3	4	G
barcode29_consensus_vsearch	2328	A	R	405	7	1.59%	2	2	93	93	0.007614365665405034	1	1	169	236	5	2	-CA
barcode29_consensus_vsearch	2339	C	M	248	8	1.81%	2	1	93	93	0.0036953503162476236	1	1	147	101	0	8	-G
barcode29_consensus_vsearch	2340	G	K	251	8	3.01%	2	1	93	93	0.0036977618625582452	1	1	149	102	0	8	T
barcode29_consensus_vsearch	2343	G	R	431	7	1.57%	2	1	93	93	0.007626072650234986	1	1	184	247	7	0	A
barcode29_consensus_vsearch	2345	T	Y	412	8	1.82%	2	2	93	93	0.003777051806882959	1	1	188	224	1	7	-G
barcode29_consensus_vsearch	2346	G	R	418	10	2.33%	2	1	93	93	9.260031044371504E-4	1	1	180	238	10	0	A
barcode29_consensus_vsearch	2355	C	Y	426	8	1.79%	2	1	93	93	0.0037811878789100195	1	1	188	238	0	8	T
barcode29_consensus_vsearch	2356	G	R	431	7	1.59%	2	2	93	93	0.007626072650234986	1	1	184	247	5	2	A
barcode29_consensus_vsearch	2358	T	Y	417	15	3.39%	2	2	93	93	2.69691812291492E-5	1	1	191	226	1	14	C
barcode29_consensus_vsearch	2393	A	R	428	8	1.79%	2	2	93	93	0.0037817572285023734	1	1	179	249	7	1	G
barcode29_consensus_vsearch	2397	A	R	430	7	1.57%	2	2	93	93	0.007625648020175149	1	1	181	249	6	1	G
barcode29_consensus_vsearch	2435	A	R	430	12	2.69%	2	1	93	93	2.263534081363424E-4	1	1	181	249	12	0	G
barcode29_consensus_vsearch	2452	G	R	420	16	3.67%	2	2	93	93	1.3263859391341419E-5	1	1	178	242	13	3	A
barcode29_consensus_vsearch	2455	T	Y	416	28	6.31%	2	1	93	93	2.4007727406292404E-9	1	1	193	223	0	28	C
barcode29_consensus_vsearch	2463	A	R	416	18	4.1%	2	2	93	93	3.1865999582179456E-6	1	1	169	247	16	2	G
barcode29_consensus_vsearch	2465	C	S	366	8	2.12%	2	2	93	93	0.0037613010410949004	1	1	146	220	6	2	G
barcode29_consensus_vsearch	2468	C	Y	411	23	5.16%	2	1	93	93	8.83772209012808E-8	1	1	190	221	0	23	T
barcode29_consensus_vsearch	2469	C	Y	405	32	7.17%	2	2	93	93	1.2921146210594875E-10	1	1	189	216	2	30	T
barcode29_consensus_vsearch	2478	T	Y	438	8	1.79%	2	2	93	93	0.0037845279531252564	1	1	192	246	1	7	C
barcode29_consensus_vsearch	2485	C	Y	425	14	3.15%	2	1	93	93	5.493675610968029E-5	1	1	189	236	0	14	T
barcode29_consensus_vsearch	2486	T	Y	433	8	1.8%	2	2	93	93	0.003783158179516694	1	1	191	242	1	7	C
barcode29_consensus_vsearch	2492	T	Y	323	119	26.86%	2	2	93	93	1.5070047489196378E-40	1	1	134	189	57	62	C
barcode29_consensus_vsearch	2507	T	Y	320	120	26.91%	2	2	93	93	6.054185043378398E-41	1	1	133	187	59	61	C
barcode29_consensus_vsearch	2535	A	R	432	7	1.57%	2	2	93	93	0.0076264953547406375	1	1	183	249	6	1	G
barcode29_consensus_vsearch	2585	C	Y	434	7	1.57%	2	2	93	93	0.007627335039353406	1	1	189	245	1	6	T
barcode29_consensus_vsearch	2595	C	Y	436	7	1.57%	2	1	93	93	0.007628167177128368	1	1	192	244	0	7	T
barcode29_consensus_vsearch	2604	G	R	434	7	1.57%	2	2	93	93	0.007627335039353406	1	1	191	243	1	6	A
barcode29_consensus_vsearch	2605	C	Y	423	7	1.58%	2	1	93	93	0.007622620571895094	1	1	183	240	0	7	T
barcode29_consensus_vsearch	2612	C	Y	430	9	2.05%	2	2	93	93	0.0018739095280781474	1	1	184	246	3	6	T
barcode29_consensus_vsearch	2620	T	Y	435	7	1.57%	2	2	93	93	0.007627752045228881	1	1	190	245	2	5	C
barcode29_consensus_vsearch	2633	T	Y	412	9	2.02%	2	1	93	93	0.001870561328848028	1	1	192	220	0	9	-A
barcode29_consensus_vsearch	2665	T	Y	431	9	2.02%	2	1	93	93	0.0018740875957096264	1	1	187	244	0	9	C
barcode29_consensus_vsearch	2683	A	R	430	9	2.02%	2	2	93	93	0.0018739095280781474	1	1	184	246	6	3	G
barcode29_consensus_vsearch	2718	A	R	436	7	1.57%	2	2	93	93	0.007628167177128368	1	1	187	249	6	1	G
barcode29_consensus_vsearch	2720	C	Y	425	18	4.04%	2	1	93	93	3.198505438225124E-6	1	1	191	234	0	18	T
barcode29_consensus_vsearch	2733	T	Y	425	18	4.06%	2	1	93	93	3.198505438225124E-6	1	1	192	233	0	18	C
barcode29_consensus_vsearch	2734	T	Y	430	8	1.79%	2	2	93	93	0.0037823214180042796	1	1	186	244	2	6	C
barcode29_consensus_vsearch	2784	T	Y	428	7	1.59%	2	1	93	93	0.007624792930600719	1	1	188	240	0	7	C
barcode29_consensus_vsearch	2798	T	Y	424	7	1.62%	2	2	93	93	0.007623059056742502	1	1	184	240	5	2	C
barcode29_consensus_vsearch	2805	C	Y	436	7	1.57%	2	1	93	93	0.007628167177128368	1	1	192	244	0	7	T
barcode29_consensus_vsearch	2819	G	R	411	30	6.76%	2	2	93	93	5.590506572954871E-10	1	1	160	251	29	1	A
barcode29_consensus_vsearch	2820	G	R	437	7	1.57%	2	1	93	93	0.007628580447648388	1	1	185	252	7	0	A
barcode29_consensus_vsearch	2845	A	R	433	11	2.47%	2	2	93	93	4.5861543978572406E-4	1	1	182	251	9	2	G
barcode29_consensus_vsearch	2855	G	R	372	7	1.82%	2	2	93	93	0.007597206160798333	1	1	171	201	6	1	A
barcode29_consensus_vsearch	2856	G	R	400	11	2.66%	2	2	93	93	4.5628334474193127E-4	1	1	180	220	10	1	A
barcode29_consensus_vsearch	2863	A	R	421	8	1.8%	2	2	93	93	0.0037797414596765903	1	1	182	239	7	1	+G
barcode29_consensus_vsearch	2867	G	K	351	10	2.74%	2	1	93	93	9.167905354483148E-4	1	1	193	158	0	10	T
barcode29_consensus_vsearch	2889	C	Y	410	12	2.69%	2	1	93	93	2.255321281093224E-4	1	1	187	223	0	12	T
barcode29_consensus_vsearch	2890	G	R	379	35	8.29%	2	2	93	93	1.3746596280619723E-11	1	1	151	228	34	1	A
barcode29_consensus_vsearch	2891	G	S	414	7	1.59%	2	1	93	93	0.007618580925465677	1	1	177	237	0	7	+A
barcode29_consensus_vsearch	2915	G	R	417	25	5.64%	2	1	93	93	2.102051862728768E-8	1	1	168	249	25	0	A
barcode29_consensus_vsearch	2917	T	Y	431	13	2.93%	2	1	93	93	1.1166488301300728E-4	1	1	191	240	0	13	C
barcode29_consensus_vsearch	2928	G	R	434	8	1.79%	2	2	93	93	0.0037834345948323136	1	1	186	248	4	4	A
barcode29_consensus_vsearch	2929	C	Y	428	11	2.48%	2	1	93	93	4.5828417992626897E-4	1	1	189	239	0	11	T
barcode29_consensus_vsearch	2940	C	Y	435	8	1.79%	2	1	93	93	0.0037837097715777354	1	1	192	243	0	8	T
barcode29_consensus_vsearch	2944	C	Y	434	10	2.24%	2	1	93	93	9.277980556005647E-4	1	1	191	243	0	10	T
barcode29_consensus_vsearch	2953	A	R	429	10	2.25%	2	2	93	93	9.272509747675099E-4	1	1	182	247	8	2	G
barcode29_consensus_vsearch	2971	A	R	430	8	1.81%	2	2	93	93	0.0037823214180042796	1	1	185	245	3	5	G
barcode29_consensus_vsearch	2977	C	Y	415	26	5.87%	2	1	93	93	1.0195352317914862E-8	1	1	191	224	0	26	T
barcode29_consensus_vsearch	2997	T	Y	434	8	1.8%	2	2	93	93	0.0037834345948323136	1	1	189	245	3	5	C
barcode29_consensus_vsearch	3022	A	R	407	9	2.16%	2	2	93	93	0.0018695804538677086	1	1	164	243	4	5	G
barcode29_consensus_vsearch	3046	G	R	425	16	3.6%	2	1	93	93	1.328532663205171E-5	1	1	173	252	16	0	A
barcode29_consensus_vsearch	3070	G	R	311	128	29.09%	2	2	93	93	5.518417078542742E-44	1	1	128	183	63	65	A
barcode29_consensus_vsearch	3111	C	Y	422	7	1.57%	2	2	93	93	0.007622180052576428	1	1	190	232	1	6	-G
barcode29_consensus_vsearch	3115	T	Y	387	7	1.57%	2	2	93	93	0.007605360418658285	1	1	147	240	1	6	-A
barcode29_consensus_vsearch	3123	A	R	427	8	1.81%	2	2	93	93	0.0037814732031268648	1	1	190	237	1	7	G
barcode29_consensus_vsearch	3151	T	Y	425	7	1.59%	2	2	93	93	0.007623495521158642	1	1	184	241	1	6	C
barcode29_consensus_vsearch	3152	A	R	425	10	2.28%	2	2	93	93	9.268043937944601E-4	1	1	179	246	7	3	G
barcode29_consensus_vsearch	3155	G	R	417	21	4.76%	2	1	93	93	3.7303832442405505E-7	1	1	169	248	21	0	A
barcode29_consensus_vsearch	3189	T	Y	426	17	3.81%	2	2	93	93	6.5246507648444996E-6	1	1	191	235	2	15	C
barcode29_consensus_vsearch	3192	A	R	386	7	1.59%	2	2	93	93	0.0076048360660226225	1	1	156	230	6	1	-G
barcode29_consensus_vsearch	3206	T	Y	420	16	3.66%	2	2	93	93	1.3263859391341419E-5	1	1	191	229	2	14	C
barcode29_consensus_vsearch	3214	C	Y	438	8	1.79%	2	2	93	93	0.0037845279531252564	1	1	192	246	1	7	T
barcode29_consensus_vsearch	3235	C	M	390	12	2.7%	2	1	93	93	2.2463138050531574E-4	1	1	166	224	12	0	A
barcode29_consensus_vsearch	3235	C	Y	390	16	3.6%	2	2	93	93	1.3124583755675277E-5	1	1	166	224	1	15	T
barcode29_consensus_vsearch	3242	T	Y	325	7	1.57%	2	2	93	93	0.007566914229586403	1	1	171	154	3	4	-CCCT
barcode29_consensus_vsearch	3248	A	R	419	12	2.71%	2	2	93	93	2.2591089391076449E-4	1	1	181	238	10	2	G
barcode29_consensus_vsearch	3306	G	R	393	13	3.09%	2	1	93	93	1.1072307945535491E-4	1	1	166	227	13	0	A
barcode29_consensus_vsearch	3307	G	R	430	10	2.25%	2	1	93	93	9.273613705492817E-4	1	1	178	252	10	0	A
barcode29_consensus_vsearch	3321	T	Y	428	9	2.03%	2	2	93	93	0.0018735509751739627	1	1	190	238	1	8	C
barcode29_consensus_vsearch	3323	G	R	428	12	2.71%	2	2	93	93	2.2627455527610537E-4	1	1	179	249	11	1	A
barcode29_consensus_vsearch	3338	T	Y	431	9	2.03%	2	2	93	93	0.0018740875957096264	1	1	192	239	1	8	C
barcode29_consensus_vsearch	3351	C	Y	418	8	1.86%	2	2	93	93	0.003778857437644956	1	1	190	228	1	7	T
barcode29_consensus_vsearch	3356	C	Y	432	9	2.02%	2	2	93	93	0.001874264864679625	1	1	191	241	2	7	T
barcode29_consensus_vsearch	3362	T	Y	430	7	1.58%	2	2	93	93	0.007625648020175149	1	1	189	241	2	5	C
barcode29_consensus_vsearch	3364	A	R	429	7	1.57%	2	2	93	93	0.007625221451403564	1	1	184	245	1	6	-C
barcode29_consensus_vsearch	3367	T	Y	431	7	1.57%	2	2	93	93	0.007626072650234986	1	1	184	247	1	6	C
barcode29_consensus_vsearch	3390	A	R	421	10	2.24%	2	2	93	93	9.263496519144309E-4	1	1	184	237	8	2	-G
barcode29_consensus_vsearch	3400	T	Y	407	7	1.65%	2	2	93	93	0.007615318149966635	1	1	190	217	1	6	C
barcode29_consensus_vsearch	3408	T	Y	403	9	2.18%	2	2	93	93	0.0018687788150290171	1	1	167	236	3	6	C
barcode29_consensus_vsearch	3412	G	R	414	11	2.55%	2	1	93	93	4.573160388822809E-4	1	1	181	233	11	0	A
barcode29_consensus_vsearch	3414	T	Y	411	14	3.18%	2	1	93	93	5.474350555951183E-5	1	1	187	224	0	14	C
barcode29_consensus_vsearch	3416	A	R	432	8	1.8%	2	2	93	93	0.0037828805172695963	1	1	192	240	1	7	G
barcode29_consensus_vsearch	3432	T	Y	411	8	1.83%	2	2	93	93	0.003776745880714396	1	1	187	224	1	7	-G
barcode29_consensus_vsearch	3440	A	R	432	8	1.79%	2	2	93	93	0.0037828805172695963	1	1	183	249	7	1	G
barcode29_consensus_vsearch	3441	C	S	434	7	1.58%	2	1	93	93	0.007627335039353406	1	1	182	252	7	0	G
barcode29_consensus_vsearch	3448	T	Y	436	7	1.57%	2	2	93	93	0.007628167177128368	1	1	187	249	3	4	C
barcode29_consensus_vsearch	3458	G	K	437	7	1.57%	2	1	93	93	0.007628580447648388	1	1	185	252	7	0	T
barcode29_consensus_vsearch	3495	T	Y	432	8	1.79%	2	2	93	93	0.0037828805172695963	1	1	192	240	1	7	C
barcode29_consensus_vsearch	3498	G	S	429	9	2.05%	2	1	93	93	0.0018737306563855328	1	1	191	238	0	9	C
barcode29_consensus_vsearch	3511	G	R	424	10	2.26%	2	2	93	93	9.266914820866851E-4	1	1	178	246	9	1	A
barcode29_consensus_vsearch	3513	A	R	412	15	3.42%	2	2	93	93	2.6929497109171117E-5	1	1	176	236	12	3	G
barcode29_consensus_vsearch	3524	C	Y	433	11	2.47%	2	2	93	93	4.5861543978572406E-4	1	1	191	242	1	10	T
barcode29_consensus_vsearch	3547	A	R	413	8	1.89%	2	2	93	93	0.0037773562911889175	1	1	163	250	6	2	G
barcode29_consensus_vsearch	3548	A	R	430	9	2.04%	2	2	93	93	0.0018739095280781474	1	1	178	252	8	1	G
barcode29_consensus_vsearch	3566	T	Y	427	9	2.04%	2	1	93	93	0.0018733704789343226	1	1	192	235	0	9	C
barcode29_consensus_vsearch	3575	G	R	436	7	1.58%	2	2	93	93	0.007628167177128368	1	1	189	247	2	5	A
barcode29_consensus_vsearch	3603	A	R	419	11	2.51%	2	2	93	93	4.576688933102391E-4	1	1	188	231	3	8	G
barcode29_consensus_vsearch	3603	A	W	419	7	1.59%	2	2	93	93	0.007620846145152445	1	1	188	231	2	5	G
barcode29_consensus_vsearch	3607	T	Y	427	13	2.93%	2	2	93	93	1.1157316780867368E-4	1	1	189	238	1	12	C
barcode29_consensus_vsearch	3609	A	R	433	7	1.57%	2	2	93	93	0.0076269161468125015	1	1	186	247	2	5	G
barcode29_consensus_vsearch	3611	A	R	424	18	4.04%	2	2	93	93	3.1972048803076152E-6	1	1	174	250	16	2	G
barcode29_consensus_vsearch	3613	C	Y	419	19	4.26%	2	2	93	93	1.562491752356326E-6	1	1	190	229	2	17	T
barcode29_consensus_vsearch	3617	A	R	432	8	1.8%	2	2	93	93	0.0037828805172695963	1	1	186	246	5	3	G
barcode29_consensus_vsearch	3644	C	Y	430	12	2.7%	2	1	93	93	2.263534081363424E-4	1	1	192	238	0	12	T
barcode29_consensus_vsearch	3655	G	R	422	12	2.76%	2	2	93	93	2.2603374744065776E-4	1	1	173	249	11	1	A
barcode29_consensus_vsearch	3657	G	R	408	14	3.15%	2	2	93	93	5.470049199676906E-5	1	1	157	251	13	1	+A
barcode29_consensus_vsearch	3661	T	Y	408	9	2.1%	2	1	93	93	0.0018697784886581234	1	1	189	219	0	9	C
barcode29_consensus_vsearch	3670	T	Y	431	11	2.48%	2	1	93	93	4.584838174083158E-4	1	1	189	242	0	11	C
barcode29_consensus_vsearch	3681	C	Y	429	12	2.7%	2	2	93	93	2.2631406886309665E-4	1	1	190	239	1	11	T
barcode29_consensus_vsearch	3705	T	Y	402	34	7.69%	2	2	93	93	2.980831180630777E-11	1	1	185	217	3	31	C
barcode29_consensus_vsearch	3706	G	R	414	13	2.97%	2	1	93	93	1.1126360633158358E-4	1	1	173	241	13	0	A
barcode29_consensus_vsearch	3712	A	R	425	12	2.7%	2	2	93	93	2.2615495697455397E-4	1	1	180	245	9	3	G
barcode29_consensus_vsearch	3726	T	Y	429	7	1.57%	2	2	93	93	0.007625221451403564	1	1	190	239	1	6	-GGT
barcode29_consensus_vsearch	3739	T	Y	436	8	1.79%	2	1	93	93	0.003783983718069795	1	1	193	243	0	8	C
barcode29_consensus_vsearch	3763	T	Y	404	8	1.81%	2	2	93	93	0.0037745631511436058	1	1	185	219	1	7	+G
barcode29_consensus_vsearch	3768	T	Y	420	10	2.27%	2	2	93	93	9.262346650300045E-4	1	1	186	234	2	8	C
barcode29_consensus_vsearch	3782	T	Y	425	9	2.05%	2	1	93	93	0.0018730070190884252	1	1	193	232	0	9	C
barcode29_consensus_vsearch	3801	C	Y	405	7	1.57%	2	2	93	93	0.007614365665405034	1	1	175	230	2	5	-G
barcode29_consensus_vsearch	3802	G	R	414	7	1.65%	2	1	93	93	0.007618580925465677	1	1	180	234	7	0	A
barcode29_consensus_vsearch	3817	T	Y	419	13	2.95%	2	2	93	93	1.1138480342819209E-4	1	1	190	229	1	12	C
barcode29_consensus_vsearch	3840	A	M	431	7	1.57%	2	1	93	93	0.007626072650234986	1	1	189	242	0	7	C
barcode29_consensus_vsearch	3863	T	Y	425	11	2.47%	2	2	93	93	4.5808185020506666E-4	1	1	181	244	7	4	C
barcode29_consensus_vsearch	3875	G	R	336	10	2.86%	2	2	93	93	9.142486664832635E-4	1	1	136	200	9	1	A
barcode29_consensus_vsearch	3877	G	R	386	8	1.81%	2	1	93	93	0.003768597288121233	1	1	182	204	0	8	-A
barcode29_consensus_vsearch	3882	C	Y	411	21	4.82%	2	2	93	93	3.7173750638657204E-7	1	1	190	221	1	20	T
barcode29_consensus_vsearch	3883	C	Y	387	55	12.36%	2	2	93	93	4.627016081810555E-18	1	1	189	198	1	54	T
barcode29_consensus_vsearch	3885	T	Y	421	18	4.05%	2	2	93	93	3.1932701494892594E-6	1	1	187	234	1	17	C
barcode29_consensus_vsearch	3887	T	Y	418	20	4.56%	2	2	93	93	7.639253725032686E-7	1	1	189	229	2	18	C
barcode29_consensus_vsearch	3898	T	Y	430	7	1.58%	2	2	93	93	0.007625648020175149	1	1	187	243	2	5	C
barcode29_consensus_vsearch	3925	A	R	431	10	2.25%	2	1	93	93	9.274712732448419E-4	1	1	179	252	10	0	G
barcode29_consensus_vsearch	3937	C	Y	408	20	4.48%	2	1	93	93	7.598832965227904E-7	1	1	185	223	0	20	T
barcode29_consensus_vsearch	3953	A	R	406	17	3.82%	2	1	93	93	6.475614813585104E-6	1	1	175	231	17	0	G
barcode29_consensus_vsearch	3976	T	Y	433	9	2.03%	2	1	93	93	0.001874441340367089	1	1	191	242	0	9	C
barcode29_consensus_vsearch	4030	T	Y	437	7	1.57%	2	1	93	93	0.007628580447648388	1	1	192	245	0	7	C
barcode29_consensus_vsearch	4033	A	R	431	9	2.03%	2	2	93	93	0.0018740875957096264	1	1	182	249	7	2	G
barcode29_consensus_vsearch	4042	G	R	424	15	3.41%	2	1	93	93	2.7023288595668283E-5	1	1	177	247	15	0	A
barcode29_consensus_vsearch	4043	G	R	423	10	2.24%	2	2	93	93	9.26578056881533E-4	1	1	173	250	8	2	A
barcode29_consensus_vsearch	4046	T	Y	405	8	1.89%	2	2	93	93	0.003774879463209244	1	1	166	239	5	3	C
barcode29_consensus_vsearch	4079	A	R	410	7	1.67%	2	1	93	93	0.007616729829810889	1	1	190	220	0	7	G
barcode29_consensus_vsearch	4098	T	Y	424	7	1.58%	2	1	93	93	0.007623059056742502	1	1	193	231	0	7	+G
barcode29_consensus_vsearch	4110	C	Y	425	14	3.14%	2	1	93	93	5.493675610968029E-5	1	1	190	235	0	14	T
barcode29_consensus_vsearch	4117	T	Y	432	10	2.25%	2	2	93	93	9.275806861447792E-4	1	1	191	241	1	9	C
barcode29_consensus_vsearch	4185	A	W	331	8	1.82%	2	2	93	93	0.0037464814144769596	1	1	128	203	1	7	-G
barcode29_consensus_vsearch	4194	G	R	423	16	3.63%	2	2	93	93	1.3276795323882159E-5	1	1	177	246	15	1	A
barcode29_consensus_vsearch	4207	C	Y	430	8	1.79%	2	1	93	93	0.0037823214180042796	1	1	192	238	0	8	T
barcode29_consensus_vsearch	4222	A	R	371	7	1.58%	2	2	93	93	0.0075966396580781715	1	1	160	211	6	1	-G
barcode29_consensus_vsearch	4255	T	Y	427	7	1.57%	2	2	93	93	0.007624362444354587	1	1	186	241	1	6	-G
barcode29_consensus_vsearch	4290	G	R	416	13	3%	2	2	93	93	1.1131241336260559E-4	1	1	180	236	11	2	A
barcode29_consensus_vsearch	4292	C	Y	406	10	2.31%	2	1	93	93	9.245677335648258E-4	1	1	193	213	0	10	T
barcode29_consensus_vsearch	4296	T	Y	417	7	1.57%	2	1	93	93	0.007619946437356769	1	1	193	224	0	7	+G
barcode29_consensus_vsearch	4298	C	Y	407	17	3.83%	2	1	93	93	6.478169526462627E-6	1	1	190	217	0	17	T
barcode29_consensus_vsearch	4299	T	W	393	15	3.47%	2	1	93	93	2.67702553275393E-5	1	1	190	203	0	15	A
barcode29_consensus_vsearch	4299	T	Y	393	13	3.01%	2	2	93	93	1.1072307945535491E-4	1	1	190	203	1	12	A
barcode29_consensus_vsearch	4300	G	R	408	8	1.81%	2	1	93	93	0.0037758193480112623	1	1	188	220	0	8	A
barcode29_consensus_vsearch	4300	G	S	408	11	2.49%	2	1	93	93	4.5688172943049915E-4	1	1	188	220	0	11	C
barcode29_consensus_vsearch	4301	T	W	407	17	3.88%	2	1	93	93	6.478169526462627E-6	1	1	190	217	0	17	A
barcode29_consensus_vsearch	4301	T	Y	407	8	1.83%	2	1	93	93	0.0037755075508262973	1	1	190	217	0	8	A
barcode29_consensus_vsearch	4320	C	Y	434	10	2.25%	2	1	93	93	9.277980556005647E-4	1	1	192	242	0	10	T
barcode29_consensus_vsearch	4321	G	R	430	8	1.8%	2	1	93	93	0.0037823214180042796	1	1	182	248	8	0	A
barcode29_consensus_vsearch	4331	C	Y	427	9	2.04%	2	2	93	93	0.0018733704789343226	1	1	188	239	2	7	T
barcode29_consensus_vsearch	4343	A	R	437	7	1.57%	2	2	93	93	0.007628580447648388	1	1	186	251	6	1	G
barcode29_consensus_vsearch	4348	A	R	427	7	1.57%	2	2	93	93	0.007624362444354587	1	1	187	240	6	1	+C
barcode29_consensus_vsearch	4350	T	Y	421	9	2.02%	2	1	93	93	0.0018722700711233777	1	1	188	233	0	9	+C
barcode29_consensus_vsearch	4363	G	K	408	8	1.9%	2	1	93	93	0.0037758193480112623	1	1	189	219	0	8	T
barcode29_consensus_vsearch	4369	G	R	317	8	2.45%	2	2	93	93	0.0037396690155496095	1	1	103	214	5	3	A
