Chrom	Position	Ref	Cons	Reads1	Reads2	VarFreq	Strands1	Strands2	Qual1	Qual2	Pvalue	MapQual1	MapQual2	Reads1Plus	Reads1Minus	Reads2Plus	Reads2Minus	VarAllele
barcode51_consensus_vsearch	159	T	*/-A	70	14	16.09%	2	2	93	93	3.3842206060783575E-5	1	1	40	30	2	12	-A
barcode51_consensus_vsearch	198	T	*/-A	68	12	13.48%	2	2	93	93	1.5646941553972113E-4	1	1	39	29	1	11	-A
barcode51_consensus_vsearch	213	C	*/-T	78	7	7.95%	2	1	93	93	0.006870605212382576	1	1	45	33	0	7	-T
barcode51_consensus_vsearch	344	C	*/-G	79	8	8.99%	2	2	93	93	0.0033014260873630128	1	1	41	38	3	5	-G
barcode51_consensus_vsearch	370	A	*/-G	67	15	17.86%	2	2	93	93	1.5102580862025095E-5	1	1	28	39	11	4	-G
barcode51_consensus_vsearch	396	T	*/-C	79	9	10.11%	2	2	93	93	0.0015752518759707308	1	1	37	42	8	1	-C
barcode51_consensus_vsearch	404	A	*/-G	79	8	9.09%	2	2	93	93	0.0033014260873630128	1	1	41	38	4	4	-G
barcode51_consensus_vsearch	418	C	*/-A	78	7	8.14%	2	2	93	93	0.006870605212382576	1	1	43	35	1	6	-A
barcode51_consensus_vsearch	438	C	*/-G	66	17	19.32%	2	2	93	93	3.066281568957149E-6	1	1	29	37	10	7	-G
barcode51_consensus_vsearch	474	C	*/-T	79	7	7.87%	2	1	93	93	0.006881285700164685	1	1	45	34	0	7	-T
barcode51_consensus_vsearch	530	T	*/-G	81	7	7.87%	2	1	93	93	0.006901936923231458	1	1	45	36	0	7	-G
barcode51_consensus_vsearch	601	T	*/+A	69	10	11.24%	2	2	93	93	7.211199150960067E-4	1	1	32	37	7	3	+A
barcode51_consensus_vsearch	601	T	*/-A	69	7	7.87%	2	2	93	93	0.006762205304361565	1	1	32	37	4	3	+A
barcode51_consensus_vsearch	645	C	*/+T	43	38	42.7%	2	2	93	93	1.175262243114976E-14	1	1	22	21	20	18	+T
barcode51_consensus_vsearch	674	C	*/-T	78	7	7.87%	2	2	93	93	0.006870605212382576	1	1	42	36	1	6	-T
barcode51_consensus_vsearch	719	A	*/-G	79	9	10.11%	2	1	93	93	0.0015752518759707308	1	1	44	35	0	9	-G
barcode51_consensus_vsearch	733	G	*/-A	68	11	12.36%	2	2	93	93	3.3619779825426704E-4	1	1	38	30	4	7	-A
barcode51_consensus_vsearch	826	A	*/-G	77	8	9.2%	2	1	93	93	0.0032877742734110536	1	1	44	33	0	8	-G
barcode51_consensus_vsearch	847	A	*/-G	76	9	10.11%	2	1	93	93	0.0015627075250163828	1	1	44	32	0	9	-G
barcode51_consensus_vsearch	856	C	*/-G	74	10	11.24%	2	2	93	93	7.350659004492347E-4	1	1	36	38	8	2	-G
barcode51_consensus_vsearch	965	A	*/-G	59	17	19.77%	2	2	93	93	2.7894357461962056E-6	1	1	36	23	3	14	-G
barcode51_consensus_vsearch	1021	A	*/-G	68	18	20.22%	2	2	93	93	1.4140442166994235E-6	1	1	42	26	2	16	-G
barcode51_consensus_vsearch	1038	C	*/+T	26	16	18.6%	2	2	93	93	2.6069525181403027E-6	1	1	15	11	9	7	+T
barcode51_consensus_vsearch	1038	C	*/+TT	26	29	33.72%	2	2	93	93	1.1490972381499444E-11	1	1	15	11	11	18	+TT
barcode51_consensus_vsearch	1038	C	*/-T	26	14	16.28%	2	2	93	93	1.5387657400752173E-5	1	1	15	11	9	5	+TT
barcode51_consensus_vsearch	1086	T	*/-G	38	32	36.36%	2	2	93	93	2.253580307300955E-12	1	1	19	19	22	10	-G
barcode51_consensus_vsearch	1086	T	*/-GG	38	12	13.64%	2	2	93	93	1.1557237069086693E-4	1	1	19	19	3	9	-G
barcode51_consensus_vsearch	1160	C	*/-TT	78	7	7.87%	2	1	93	93	0.006870605212382576	1	1	36	42	7	0	-TT
barcode51_consensus_vsearch	1177	C	*/-G	67	14	15.91%	2	2	93	93	3.304323061086959E-5	1	1	26	41	12	2	-G
barcode51_consensus_vsearch	1232	C	*/-TT	73	8	9.41%	2	2	93	93	0.003258539328248754	1	1	44	29	1	7	-TT
barcode51_consensus_vsearch	1339	C	*/+T	72	7	7.95%	2	2	93	93	0.006801004765989798	1	1	35	37	5	2	+T
barcode51_consensus_vsearch	1339	C	*/-T	72	8	9.09%	2	2	93	93	0.0032507947309133797	1	1	35	37	4	4	-T
barcode51_consensus_vsearch	1446	C	*/-GC	59	24	28.92%	2	2	93	93	8.516828789965094E-9	1	1	24	35	16	8	-GC
barcode51_consensus_vsearch	1466	C	*/-G	77	8	9.09%	2	1	93	93	0.0032877742734110536	1	1	35	42	8	0	-G
barcode51_consensus_vsearch	1492	T	*/-G	74	10	11.36%	2	2	93	93	7.350659004492347E-4	1	1	32	42	8	2	-G
barcode51_consensus_vsearch	1561	T	*/-C	71	16	17.98%	2	2	93	93	7.14816300582921E-6	1	1	35	36	10	6	-C
barcode51_consensus_vsearch	1599	T	*/-C	73	14	15.73%	2	2	93	93	3.459841454875879E-5	1	1	31	42	12	2	-C
barcode51_consensus_vsearch	1607	C	*/-T	76	11	12.36%	2	1	93	93	3.4872101296002706E-4	1	1	44	32	0	11	-T
barcode51_consensus_vsearch	1616	C	*/-AC	80	7	7.95%	2	2	93	93	0.006891726957368562	1	1	40	40	3	4	-AC
barcode51_consensus_vsearch	1658	T	*/-C	80	8	8.99%	2	1	93	93	0.003308028939537178	1	1	37	43	8	0	-C
barcode51_consensus_vsearch	1676	A	*/-G	53	26	29.21%	2	2	93	93	1.262736467631406E-9	1	1	24	29	14	12	-G
barcode51_consensus_vsearch	1700	G	*/-A	77	7	8.05%	2	2	93	93	0.006859677187733745	1	1	39	38	4	3	-A
barcode51_consensus_vsearch	1790	C	*/-T	73	10	11.24%	2	2	93	93	7.323989678103944E-4	1	1	41	32	4	6	-T
barcode51_consensus_vsearch	1816	G	*/-A	70	18	20.22%	2	2	93	93	1.4500559240398515E-6	1	1	41	29	3	15	-A
barcode51_consensus_vsearch	1823	C	*/-T	75	9	10.11%	2	2	93	93	0.0015583397089528265	1	1	40	35	3	6	-T
barcode51_consensus_vsearch	1830	A	*/-CA	81	7	7.95%	2	2	93	93	0.006901936923231458	1	1	42	39	2	5	-CA
barcode51_consensus_vsearch	2059	A	*/-CA	80	7	7.95%	2	2	93	93	0.006891726957368562	1	1	42	38	3	4	-CA
barcode51_consensus_vsearch	2066	G	*/-C	75	8	9.2%	2	2	93	93	0.003273493476667816	1	1	41	34	1	7	-C
barcode51_consensus_vsearch	2078	T	*/-C	71	18	20.22%	2	2	93	93	1.467709982795056E-6	1	1	29	42	16	2	-C
barcode51_consensus_vsearch	2094	G	*/-T	71	11	12.36%	2	1	93	93	3.411457794054609E-4	1	1	27	44	11	0	-T
barcode51_consensus_vsearch	2113	C	*/-TC	71	11	12.94%	2	2	93	93	3.411457794054609E-4	1	1	39	32	6	5	-TC
barcode51_consensus_vsearch	2118	A	*/-C	57	28	31.46%	2	2	93	93	2.5816344930780345E-10	1	1	24	33	18	10	-C
barcode51_consensus_vsearch	2231	T	*/-C	81	7	7.87%	2	1	93	93	0.006901936923231458	1	1	37	44	7	0	-C
barcode51_consensus_vsearch	2358	G	*/+A	75	8	8.99%	2	2	93	93	0.003273493476667816	1	1	37	38	4	4	+A
barcode51_consensus_vsearch	2464	A	*/-C	78	9	10.11%	2	1	93	93	0.001571160607841898	1	1	35	43	9	0	-C
barcode51_consensus_vsearch	2494	T	*/-G	72	13	15.12%	2	2	93	93	7.435446772202421E-5	1	1	42	30	3	10	-G
barcode51_consensus_vsearch	2512	A	*/-G	72	12	13.79%	2	1	93	93	1.6007522350349536E-4	1	1	29	43	12	0	-G
barcode51_consensus_vsearch	2545	T	*/-C	81	7	7.87%	2	1	93	93	0.006901936923231458	1	1	45	36	0	7	-C
barcode51_consensus_vsearch	2670	G	*/-A	67	15	16.85%	2	2	93	93	1.5102580862025095E-5	1	1	29	38	11	4	-A
barcode51_consensus_vsearch	2682	G	*/+A	25	58	65.17%	2	2	93	93	3.742284950556302E-25	1	1	18	7	23	35	+A
barcode51_consensus_vsearch	2692	G	*/-A	77	7	7.87%	2	2	93	93	0.006859677187733745	1	1	40	37	3	4	-A
barcode51_consensus_vsearch	2716	A	*/-G	76	7	7.87%	2	1	93	93	0.006848492931449737	1	1	34	42	7	0	-G
barcode51_consensus_vsearch	2834	C	*/-T	77	7	7.87%	2	2	93	93	0.006859677187733745	1	1	42	35	1	6	-T
barcode51_consensus_vsearch	2925	C	*/+A	78	7	7.87%	2	1	93	93	0.006870605212382576	1	1	45	33	0	7	+A
barcode51_consensus_vsearch	3027	C	*/-T	67	15	16.85%	2	2	93	93	1.5102580862025095E-5	1	1	43	24	1	14	-T
barcode51_consensus_vsearch	3124	A	*/+G	73	7	7.95%	2	2	93	93	0.006813309504518076	1	1	42	31	1	6	+G
barcode51_consensus_vsearch	3159	T	*/-A	78	9	10.11%	2	2	93	93	0.001571160607841898	1	1	36	42	8	1	-A
barcode51_consensus_vsearch	3206	G	*/-A	76	8	9.2%	2	2	93	93	0.0032807151767424653	1	1	38	38	4	4	-A
barcode51_consensus_vsearch	3250	T	*/-C	62	22	24.72%	2	2	93	93	4.8986686315863324E-8	1	1	41	21	3	19	-C
barcode51_consensus_vsearch	3401	C	*/+T	65	8	8.99%	2	2	93	93	0.0031909412365132518	1	1	34	31	7	1	+T
barcode51_consensus_vsearch	3401	C	*/-T	65	14	15.73%	2	2	93	93	3.2485108610198266E-5	1	1	34	31	4	10	-T
barcode51_consensus_vsearch	3414	A	*/-T	79	7	7.87%	2	2	93	93	0.006881285700164685	1	1	41	38	3	4	-T
barcode51_consensus_vsearch	3561	T	*/-GT	78	10	11.36%	2	2	93	93	7.451790311476478E-4	1	1	44	34	1	9	-GT
barcode51_consensus_vsearch	3594	G	*/-A	73	7	7.95%	2	1	93	93	0.006813309504518076	1	1	45	28	0	7	-A
barcode51_consensus_vsearch	3666	C	*/+G	77	9	10.23%	2	1	93	93	0.0015669801361578532	1	1	33	44	9	0	+G
barcode51_consensus_vsearch	3667	A	*/-G	76	7	7.87%	2	1	93	93	0.006848492931449737	1	1	33	43	7	0	-G
barcode51_consensus_vsearch	3778	T	*/-G	63	23	26.14%	2	2	93	93	2.1805197545650828E-8	1	1	33	30	11	12	-G
barcode51_consensus_vsearch	3782	G	*/-A	75	8	8.99%	2	2	93	93	0.003273493476667816	1	1	36	39	6	2	-A
barcode51_consensus_vsearch	3824	T	*/-C	74	12	13.48%	2	1	93	93	1.617709653225875E-4	1	1	32	42	12	0	-C
barcode51_consensus_vsearch	3834	T	*/-G	63	21	23.86%	2	2	93	93	1.1430226807032632E-7	1	1	23	40	20	1	-G
barcode51_consensus_vsearch	3861	A	*/-T	69	18	20.45%	2	2	93	93	1.4321684325958357E-6	1	1	28	41	16	2	-T
barcode51_consensus_vsearch	3882	A	*/-G	59	26	29.55%	2	2	93	93	1.5535072320709726E-9	1	1	23	36	19	7	-G
barcode51_consensus_vsearch	3909	T	*/-G	77	9	10.34%	2	1	93	93	0.0015669801361578532	1	1	44	33	0	9	-G
barcode51_consensus_vsearch	3978	C	*/+T	55	12	14.81%	2	2	93	93	1.4233526260975463E-4	1	1	34	21	7	5	+T
barcode51_consensus_vsearch	3978	C	*/-T	55	12	14.81%	2	2	93	93	1.4233526260975463E-4	1	1	34	21	4	8	+T
barcode51_consensus_vsearch	4054	C	*/-T	75	7	7.95%	2	2	93	93	0.00683704333734377	1	1	41	34	1	6	-T
barcode51_consensus_vsearch	4148	T	*/-C	77	11	12.36%	2	1	93	93	3.501443640331993E-4	1	1	34	43	11	0	-C
barcode51_consensus_vsearch	4189	A	*/-G	72	16	17.98%	2	2	93	93	7.216240748741985E-6	1	1	31	41	14	2	-G
barcode51_consensus_vsearch	4258	C	*/-T	78	8	8.99%	2	1	93	93	0.003294676183715407	1	1	45	33	0	8	-T
barcode51_consensus_vsearch	4326	C	*/+T	80	7	7.87%	2	1	93	93	0.006891726957368562	1	1	45	35	0	7	+T
barcode51_consensus_vsearch	4339	G	*/-T	76	10	11.24%	2	2	93	93	7.40229880270761E-4	1	1	37	39	6	4	-T
barcode51_consensus_vsearch	4350	C	*/-T	72	9	10.11%	2	2	93	93	0.0015446322789749098	1	1	40	32	2	7	-T
barcode51_consensus_vsearch	4402	A	*/-G	59	26	29.21%	2	2	93	93	1.5535072320709726E-9	1	1	20	39	23	3	-G
