Chrom	Position	Ref	Cons	Reads1	Reads2	VarFreq	Strands1	Strands2	Qual1	Qual2	Pvalue	MapQual1	MapQual2	Reads1Plus	Reads1Minus	Reads2Plus	Reads2Minus	VarAllele
barcode44_consensus_vsearch	5	G	*/-T	250	12	4.53%	2	1	93	93	2.146380749426225E-4	1	1	138	112	12	0	-T
barcode44_consensus_vsearch	26	T	*/+C	239	11	2.92%	2	1	93	93	4.3638441469499997E-4	1	1	141	98	0	11	+C
barcode44_consensus_vsearch	26	T	*/-C	239	119	31.56%	2	2	93	93	1.0970082193665933E-41	1	1	141	98	11	108	-C
barcode44_consensus_vsearch	30	C	*/+T	357	8	2.12%	2	1	93	93	0.003757759247190633	1	1	154	203	0	8	+T
barcode44_consensus_vsearch	30	C	*/-T	357	9	2.39%	2	1	93	93	0.0018583173294912504	1	1	154	203	0	9	-T
barcode44_consensus_vsearch	34	T	*/-C	362	10	2.65%	2	1	93	93	9.185266415574814E-4	1	1	141	221	10	0	-C
barcode44_consensus_vsearch	45	T	*/+C	370	7	1.85%	2	1	93	93	0.007596070166375128	1	1	148	222	7	0	+C
barcode44_consensus_vsearch	46	C	*/+T	368	8	2.12%	2	1	93	93	0.003762065284927124	1	1	154	214	0	8	+T
barcode44_consensus_vsearch	74	C	*/+A	362	7	1.86%	2	1	93	93	0.007591403729743198	1	1	141	221	7	0	+A
barcode44_consensus_vsearch	76	G	*/-C	346	16	4.26%	2	1	93	93	1.288121877791819E-5	1	1	123	223	16	0	-C
barcode44_consensus_vsearch	87	C	*/-T	355	12	3.2%	2	2	93	93	2.2282597902804723E-4	1	1	150	205	2	10	-T
barcode44_consensus_vsearch	88	T	*/-A	348	11	3.04%	2	2	93	93	4.5175963040571215E-4	1	1	142	206	7	4	-A
barcode44_consensus_vsearch	98	A	*/+G	354	7	1.88%	2	2	93	93	0.007586531645336925	1	1	149	205	1	6	+G
barcode44_consensus_vsearch	101	A	*/+C	346	8	2.13%	2	2	93	93	0.003753188125502644	1	1	136	210	5	3	+C
barcode44_consensus_vsearch	101	A	*/-C	346	13	3.47%	2	2	93	93	1.0929291850672185E-4	1	1	136	210	6	7	-C
barcode44_consensus_vsearch	105	A	*/-G	356	8	2.12%	2	1	93	93	0.0037573550023158714	1	1	144	212	8	0	-G
barcode44_consensus_vsearch	111	T	*/-G	340	27	7.24%	2	2	93	93	4.5360795749262595E-9	1	1	134	206	15	12	-G
barcode44_consensus_vsearch	113	G	*/+A	358	7	1.87%	2	1	93	93	0.007588994233841693	1	1	150	208	0	7	+A
barcode44_consensus_vsearch	113	G	*/-A	358	7	1.87%	2	2	93	93	0.007588994233841693	1	1	150	208	2	5	+A
barcode44_consensus_vsearch	118	C	*/-TC	362	7	1.85%	2	1	93	93	0.007591403729743198	1	1	152	210	0	7	-TC
barcode44_consensus_vsearch	119	T	*/-C	347	8	2.17%	2	2	93	93	0.003753615277703552	1	1	146	201	7	1	-C
barcode44_consensus_vsearch	119	T	*/-CC	347	8	2.17%	2	1	93	93	0.003753615277703552	1	1	146	201	0	8	-C
barcode44_consensus_vsearch	121	C	*/-G	350	10	2.72%	2	1	93	93	9.166275446693137E-4	1	1	153	197	0	10	-G
barcode44_consensus_vsearch	125	C	*/+G	312	11	2.91%	2	2	93	93	4.477977454555571E-4	1	1	104	208	10	1	+G
barcode44_consensus_vsearch	125	C	*/-G	312	41	10.85%	2	2	93	93	1.3253209639557395E-13	1	1	104	208	34	7	-G
barcode44_consensus_vsearch	127	G	*/+A	342	11	2.92%	2	2	93	93	4.511540324355373E-4	1	1	134	208	5	6	+A
barcode44_consensus_vsearch	127	G	*/-A	342	22	5.84%	2	2	93	93	1.7191732013055855E-7	1	1	134	208	13	9	-A
barcode44_consensus_vsearch	130	A	*/+T	343	7	1.85%	2	1	93	93	0.007579470995029922	1	1	133	210	0	7	+T
barcode44_consensus_vsearch	130	A	*/-C	343	11	2.91%	2	2	93	93	4.512563556086061E-4	1	1	133	210	8	3	-C
barcode44_consensus_vsearch	133	C	*/-G	348	7	1.85%	2	1	93	93	0.007582734311001454	1	1	152	196	0	7	-G
barcode44_consensus_vsearch	138	A	*/-G	361	7	1.86%	2	2	93	93	0.007590806239049772	1	1	149	212	1	6	-G
barcode44_consensus_vsearch	150	C	*/-T	348	16	4.29%	2	1	93	93	1.2893475733909974E-5	1	1	151	197	0	16	-T
barcode44_consensus_vsearch	151	T	*/+C	314	12	3.33%	2	2	93	93	2.2023483984847107E-4	1	1	138	176	2	10	+C
barcode44_consensus_vsearch	151	T	*/-C	314	19	5.28%	2	2	93	93	1.464605179948661E-6	1	1	138	176	6	13	-C
barcode44_consensus_vsearch	151	T	*/-CC	314	8	2.22%	2	1	93	93	0.003738132946844435	1	1	138	176	8	0	-C
barcode44_consensus_vsearch	154	C	*/+G	320	10	2.65%	2	2	93	93	9.112878192575896E-4	1	1	141	179	1	9	+G
barcode44_consensus_vsearch	154	C	*/+T	320	12	3.18%	2	1	93	93	2.2065266157105093E-4	1	1	141	179	0	12	+T
barcode44_consensus_vsearch	154	C	*/-G	320	7	1.86%	2	2	93	93	0.007563182448808609	1	1	141	179	6	1	+T
barcode44_consensus_vsearch	155	G	*/+A	356	8	2.16%	2	1	93	93	0.0037573550023158714	1	1	134	222	8	0	+A
barcode44_consensus_vsearch	158	C	*/+A	363	7	1.87%	2	1	93	93	0.0075919980086515786	1	1	144	219	7	0	+A
barcode44_consensus_vsearch	164	G	*/-C	355	15	4.01%	2	2	93	93	2.6405320371863965E-5	1	1	134	221	14	1	-C
barcode44_consensus_vsearch	167	C	*/-A	353	14	3.7%	2	2	93	93	5.3792902256529244E-5	1	1	134	219	12	2	-A
barcode44_consensus_vsearch	181	C	*/+T	363	10	2.67%	2	1	93	93	9.186794830860472E-4	1	1	153	210	0	10	+T
barcode44_consensus_vsearch	185	A	*/-C	358	8	2.12%	2	2	93	93	0.003758161303215178	1	1	142	216	6	2	-C
barcode44_consensus_vsearch	188	C	*/-T	350	23	6.1%	2	2	93	93	8.402677342923115E-8	1	1	151	199	2	21	-T
barcode44_consensus_vsearch	192	G	*/-A	369	7	1.86%	2	1	93	93	0.007595497661975396	1	1	147	222	7	0	-A
barcode44_consensus_vsearch	198	A	*/-T	359	9	2.38%	2	1	93	93	0.0018588258393011697	1	1	154	205	0	9	-T
barcode44_consensus_vsearch	198	A	*/-TC	359	8	2.12%	2	1	93	93	0.003758561188136962	1	1	154	205	0	8	-T
barcode44_consensus_vsearch	201	C	*/-T	362	7	1.85%	2	2	93	93	0.007591403729743198	1	1	153	209	1	6	-T
barcode44_consensus_vsearch	205	T	*/-C	363	7	1.86%	2	2	93	93	0.0075919980086515786	1	1	142	221	6	1	-C
barcode44_consensus_vsearch	205	T	*/-CC	363	7	1.86%	2	1	93	93	0.0075919980086515786	1	1	142	221	7	0	-C
barcode44_consensus_vsearch	208	C	*/+G	348	13	3.44%	2	1	93	93	1.0936107380339226E-4	1	1	149	199	0	13	+G
barcode44_consensus_vsearch	223	G	*/-T	344	20	5.32%	2	2	93	93	7.293227176014746E-7	1	1	130	214	17	3	-T
barcode44_consensus_vsearch	235	T	*/+C	276	14	3.72%	2	2	93	93	5.1976905125559855E-5	1	1	136	140	2	12	+C
barcode44_consensus_vsearch	235	T	*/-C	276	78	20.74%	2	2	93	93	2.792067997088003E-26	1	1	136	140	13	65	-C
barcode44_consensus_vsearch	238	C	*/+T	352	7	1.86%	2	2	93	93	0.007585279889969754	1	1	153	199	1	6	+T
barcode44_consensus_vsearch	238	C	*/-T	352	9	2.39%	2	2	93	93	0.0018570217379962502	1	1	153	199	1	8	-T
barcode44_consensus_vsearch	275	C	*/-T	361	14	3.7%	2	1	93	93	5.3940727822064676E-5	1	1	153	208	0	14	-T
barcode44_consensus_vsearch	277	T	*/-G	324	46	12.23%	2	2	93	93	3.198424322492876E-15	1	1	145	179	6	40	-G
barcode44_consensus_vsearch	280	A	*/-G	364	8	2.14%	2	1	93	93	0.003760528653296498	1	1	145	219	8	0	-G
barcode44_consensus_vsearch	304	A	*/-C	367	7	1.85%	2	2	93	93	0.0075943435189384555	1	1	151	216	2	5	-C
barcode44_consensus_vsearch	314	A	*/-G	356	10	2.69%	2	1	93	93	9.175923743135597E-4	1	1	138	218	10	0	-G
barcode44_consensus_vsearch	315	G	*/-AA	347	9	2.47%	2	1	93	93	0.0018556902533252112	1	1	128	219	9	0	-AA
barcode44_consensus_vsearch	322	T	*/-C	364	7	1.86%	2	2	93	93	0.007592589101619866	1	1	151	213	2	5	-C
barcode44_consensus_vsearch	326	T	*/+C	310	9	2.4%	2	2	93	93	0.0018445599018759912	1	1	107	203	1	8	+C
barcode44_consensus_vsearch	326	T	*/-C	310	53	14.13%	2	2	93	93	1.4319569498050057E-17	1	1	107	203	44	9	-C
barcode44_consensus_vsearch	334	A	*/+T	347	12	3.23%	2	1	93	93	2.2236541920972585E-4	1	1	131	216	12	0	+T
barcode44_consensus_vsearch	334	A	*/-T	347	10	2.69%	2	2	93	93	9.161331965933196E-4	1	1	131	216	6	4	+T
barcode44_consensus_vsearch	339	C	*/-A	359	9	2.4%	2	2	93	93	0.0018588258393011697	1	1	143	216	7	2	-A
barcode44_consensus_vsearch	341	A	*/-G	338	29	7.71%	2	2	93	93	1.0474544955255922E-9	1	1	145	193	5	24	-G
barcode44_consensus_vsearch	351	A	*/+G	356	10	2.65%	2	2	93	93	9.175923743135597E-4	1	1	138	218	7	3	+G
barcode44_consensus_vsearch	351	A	*/-G	356	8	2.12%	2	2	93	93	0.0037573550023158714	1	1	138	218	7	1	+G
barcode44_consensus_vsearch	352	G	*/+A	310	8	2.17%	2	1	93	93	0.003736040246407896	1	1	92	218	8	0	+A
barcode44_consensus_vsearch	352	G	*/-A	310	10	2.71%	2	2	93	93	9.092900924742661E-4	1	1	92	218	8	2	-A
barcode44_consensus_vsearch	352	G	*/-AG	310	34	9.21%	2	2	93	93	2.4692512332778386E-11	1	1	92	218	33	1	-AG
barcode44_consensus_vsearch	353	A	*/-G	318	7	2.11%	2	2	93	93	0.007561657789302346	1	1	104	214	4	3	-G
barcode44_consensus_vsearch	358	A	*/-C	362	7	1.87%	2	2	93	93	0.007591403729743198	1	1	144	218	4	3	-C
barcode44_consensus_vsearch	370	A	*/-GA	358	8	2.14%	2	1	93	93	0.003758161303215178	1	1	140	218	8	0	-GA
barcode44_consensus_vsearch	378	T	*/-G	355	7	1.89%	2	2	93	93	0.00758715236559033	1	1	153	202	1	6	-G
barcode44_consensus_vsearch	381	G	*/+C	357	7	1.86%	2	1	93	93	0.0075883836321291274	1	1	151	206	0	7	+C
barcode44_consensus_vsearch	384	C	*/+T	345	12	3.22%	2	2	93	93	2.2224715474502605E-4	1	1	147	198	3	9	+T
barcode44_consensus_vsearch	388	C	*/-G	360	10	2.65%	2	1	93	93	9.182185248776328E-4	1	1	154	206	0	10	-G
barcode44_consensus_vsearch	398	A	*/-C	334	32	8.49%	2	2	93	93	1.1466413248685919E-10	1	1	118	216	31	1	-C
barcode44_consensus_vsearch	405	C	*/-T	363	9	2.39%	2	1	93	93	0.0018598266709216763	1	1	154	209	0	9	-T
barcode44_consensus_vsearch	406	T	*/-C	350	10	2.72%	2	2	93	93	9.166275446693137E-4	1	1	142	208	9	1	-C
barcode44_consensus_vsearch	408	C	*/-G	356	12	3.18%	2	1	93	93	2.2288218370073633E-4	1	1	150	206	0	12	-G
barcode44_consensus_vsearch	412	C	*/-A	362	10	2.65%	2	2	93	93	9.185266415574814E-4	1	1	152	210	1	9	-A
barcode44_consensus_vsearch	422	T	*/+C	361	11	2.92%	2	2	93	93	4.53006327307631E-4	1	1	149	212	5	6	+C
barcode44_consensus_vsearch	424	A	*/+G	345	9	2.39%	2	2	93	93	0.0018551472734618503	1	1	143	202	6	3	+G
barcode44_consensus_vsearch	424	A	*/-G	345	10	2.66%	2	1	93	93	9.157990771671169E-4	1	1	143	202	0	10	-G
barcode44_consensus_vsearch	445	G	*/+A	265	39	10.54%	2	2	93	93	4.946761391539756E-13	1	1	92	173	22	17	+A
barcode44_consensus_vsearch	445	G	*/-A	265	53	14.32%	2	2	93	93	1.0432495063405401E-17	1	1	92	173	24	29	-A
barcode44_consensus_vsearch	445	G	*/-AAA	265	8	2.16%	2	1	93	93	0.0037083236186299423	1	1	92	173	8	0	-A
barcode44_consensus_vsearch	449	A	*/-G	358	12	3.2%	2	1	93	93	2.2299370906875363E-4	1	1	138	220	12	0	-G
barcode44_consensus_vsearch	451	A	*/-GA	354	10	2.69%	2	1	93	93	9.172742334894173E-4	1	1	135	219	10	0	-GA
barcode44_consensus_vsearch	454	A	*/+T	356	11	2.93%	2	1	93	93	4.525370304418123E-4	1	1	151	205	0	11	+T
barcode44_consensus_vsearch	455	C	*/-T	354	15	4%	2	1	93	93	2.6394756231481443E-5	1	1	151	203	0	15	-T
barcode44_consensus_vsearch	457	C	*/-T	344	23	6.2%	2	1	93	93	8.353241920205211E-8	1	1	152	192	0	23	-T
barcode44_consensus_vsearch	459	G	*/-C	357	8	2.13%	2	2	93	93	0.003757759247190633	1	1	139	218	5	3	-C
barcode44_consensus_vsearch	460	C	*/+T	355	9	2.47%	2	1	93	93	0.0018578033066990803	1	1	145	210	0	9	+T
barcode44_consensus_vsearch	462	C	*/-G	339	18	4.76%	2	1	93	93	3.0623069707720896E-6	1	1	150	189	0	18	-G
barcode44_consensus_vsearch	466	G	*/-C	283	89	23.54%	2	2	93	93	4.0354157001728705E-30	1	1	124	159	27	62	-C
barcode44_consensus_vsearch	484	G	*/-CG	359	14	3.7%	2	2	93	93	5.390433933988049E-5	1	1	151	208	1	13	-CG
barcode44_consensus_vsearch	505	C	*/+A	325	13	3.47%	2	1	93	93	1.0853057506393413E-4	1	1	144	181	0	13	+A
barcode44_consensus_vsearch	505	C	*/-A	325	25	6.67%	2	2	93	93	1.9113095257973196E-8	1	1	144	181	5	20	-A
barcode44_consensus_vsearch	513	A	*/-CA	361	9	2.38%	2	2	93	93	0.0018593289243356043	1	1	149	212	3	6	-CA
barcode44_consensus_vsearch	516	T	*/-C	362	12	3.17%	2	2	93	93	2.232132880589182E-4	1	1	144	218	11	1	-C
barcode44_consensus_vsearch	537	C	*/-G	364	8	2.12%	2	2	93	93	0.003760528653296498	1	1	151	213	1	7	-G
barcode44_consensus_vsearch	540	C	*/-T	351	11	2.99%	2	2	93	93	4.5205508421492045E-4	1	1	149	202	2	9	-T
barcode44_consensus_vsearch	542	T	*/-C	248	105	28.23%	2	2	93	93	2.6887773080128268E-36	1	1	131	117	13	92	-C
barcode44_consensus_vsearch	544	C	*/+T	349	7	1.92%	2	1	93	93	0.007583376037704121	1	1	150	199	0	7	+T
barcode44_consensus_vsearch	545	C	*/+T	234	9	2.43%	2	2	93	93	0.0018112805803138848	1	1	145	89	4	5	+T
barcode44_consensus_vsearch	545	C	*/-T	234	34	9.19%	2	2	93	93	1.9044377474770952E-11	1	1	145	89	2	32	-T
barcode44_consensus_vsearch	545	C	*/-TT	234	40	10.81%	2	2	93	93	1.958641358778995E-13	1	1	145	89	1	39	-TT
barcode44_consensus_vsearch	545	C	*/-TTTC	234	14	3.78%	2	1	93	93	5.0543007890282774E-5	1	1	145	89	0	14	-TT
barcode44_consensus_vsearch	548	T	*/-C	299	41	11.55%	2	1	93	93	1.2604419944352385E-13	1	1	151	148	0	41	-C
barcode44_consensus_vsearch	549	C	*/-G	259	12	3.81%	2	2	93	93	2.155782260196067E-4	1	1	149	110	1	11	-G
barcode44_consensus_vsearch	549	C	*/-GCC	259	23	7.3%	2	2	93	93	7.47034241842701E-8	1	1	149	110	1	22	-GCC
barcode44_consensus_vsearch	556	C	*/+G	307	15	3.99%	2	1	93	93	2.5828774795355858E-5	1	1	146	161	0	15	+G
barcode44_consensus_vsearch	556	C	*/-G	307	30	7.98%	2	2	93	93	4.741048435585891E-10	1	1	146	161	7	23	-G
barcode44_consensus_vsearch	556	C	*/-GG	307	16	4.26%	2	1	93	93	1.2614052807041964E-5	1	1	146	161	0	16	-G
barcode44_consensus_vsearch	563	C	*/+A	352	7	1.87%	2	2	93	93	0.007585279889969754	1	1	142	210	6	1	+A
barcode44_consensus_vsearch	568	G	*/-C	324	31	8.24%	2	2	93	93	2.348394911984716E-10	1	1	135	189	7	24	-C
barcode44_consensus_vsearch	568	G	*/-CC	324	15	3.99%	2	2	93	93	2.6050544236155968E-5	1	1	135	189	13	2	-C
barcode44_consensus_vsearch	572	C	*/+T	311	8	2.12%	2	2	93	93	0.003736568289976167	1	1	149	162	1	7	+T
barcode44_consensus_vsearch	572	C	*/-T	311	47	12.43%	2	2	93	93	1.4118790868036705E-15	1	1	149	162	2	45	-T
barcode44_consensus_vsearch	576	G	*/+A	346	10	2.67%	2	1	93	93	9.159665973031879E-4	1	1	141	205	0	10	+A
barcode44_consensus_vsearch	576	G	*/-A	346	15	4.01%	2	2	93	93	2.6308251910834233E-5	1	1	141	205	8	7	-A
barcode44_consensus_vsearch	580	C	*/+G	335	23	6.1%	2	2	93	93	8.276462422475433E-8	1	1	136	199	1	22	+G
barcode44_consensus_vsearch	587	T	*/-C	313	60	15.87%	2	2	93	93	6.56228711396849E-20	1	1	139	174	16	44	-C
barcode44_consensus_vsearch	590	C	*/-T	366	8	2.12%	2	1	93	93	0.0037613010410949004	1	1	154	212	0	8	-T
barcode44_consensus_vsearch	599	A	*/-G	342	15	4%	2	2	93	93	2.6263626726405604E-5	1	1	140	202	1	14	-G
barcode44_consensus_vsearch	604	C	*/-G	363	9	2.39%	2	2	93	93	0.0018598266709216763	1	1	149	214	2	7	-G
barcode44_consensus_vsearch	611	C	*/+T	363	7	1.89%	2	2	93	93	0.0075919980086515786	1	1	148	215	1	6	+T
barcode44_consensus_vsearch	617	T	*/-C	363	11	2.92%	2	1	93	93	4.5319061514943347E-4	1	1	141	222	11	0	-C
barcode44_consensus_vsearch	631	A	*/-CA	351	22	5.85%	2	1	93	93	1.733201822300473E-7	1	1	129	222	22	0	-CA
barcode44_consensus_vsearch	640	C	*/-T	351	27	7.14%	2	2	93	93	4.604503634135495E-9	1	1	153	198	2	25	-T
barcode44_consensus_vsearch	643	T	*/+C	319	10	2.65%	2	2	93	93	9.11093399668269E-4	1	1	136	183	4	6	+C
barcode44_consensus_vsearch	643	T	*/-C	319	43	11.38%	2	2	93	93	3.0191787091849564E-14	1	1	136	183	14	29	-C
barcode44_consensus_vsearch	671	T	*/-GA	360	14	3.7%	2	1	93	93	5.3922580061608375E-5	1	1	139	221	14	0	-GA
barcode44_consensus_vsearch	690	A	*/-CCA	356	7	1.89%	2	1	93	93	0.007587769685234888	1	1	134	222	7	0	-CCA
barcode44_consensus_vsearch	691	C	*/+T	338	10	2.79%	2	1	93	93	9.145999987969954E-4	1	1	134	204	0	10	+T
barcode44_consensus_vsearch	696	A	*/+T	360	14	3.72%	2	1	93	93	5.3922580061608375E-5	1	1	153	207	0	14	+T
barcode44_consensus_vsearch	698	C	*/-T	357	15	3.99%	2	1	93	93	2.6426287354995058E-5	1	1	155	202	0	15	-T
barcode44_consensus_vsearch	704	T	*/-A	344	11	2.94%	2	2	93	93	4.513581166031406E-4	1	1	143	201	9	2	-A
barcode44_consensus_vsearch	707	A	*/-G	364	7	1.88%	2	2	93	93	0.007592589101619866	1	1	144	220	6	1	-G
barcode44_consensus_vsearch	712	G	*/+T	363	7	1.86%	2	2	93	93	0.0075919980086515786	1	1	148	215	6	1	+T
barcode44_consensus_vsearch	714	T	*/+C	361	7	1.85%	2	1	93	93	0.007590806239049772	1	1	153	208	0	7	+C
barcode44_consensus_vsearch	715	C	*/-T	364	8	2.13%	2	2	93	93	0.003760528653296498	1	1	152	212	2	6	-T
barcode44_consensus_vsearch	716	T	*/-AC	337	11	2.99%	2	1	93	93	4.5063381864919106E-4	1	1	136	201	11	0	-AC
barcode44_consensus_vsearch	717	A	*/-C	334	14	3.85%	2	2	93	93	5.3415880230495246E-5	1	1	123	211	4	10	-C
barcode44_consensus_vsearch	718	C	*/+T	317	22	6.4%	2	1	93	93	1.6768701278501574E-7	1	1	130	187	0	22	+T
barcode44_consensus_vsearch	720	C	*/-G	348	7	1.87%	2	1	93	93	0.007582734311001454	1	1	154	194	0	7	-G
barcode44_consensus_vsearch	720	C	*/-GG	348	11	2.93%	2	1	93	93	4.5175963040571215E-4	1	1	154	194	0	11	-GG
barcode44_consensus_vsearch	729	G	*/-C	329	44	11.64%	2	2	93	93	1.4773280141875907E-14	1	1	108	221	43	1	-C
barcode44_consensus_vsearch	732	C	*/-T	364	8	2.12%	2	2	93	93	0.003760528653296498	1	1	147	217	3	5	-T
barcode44_consensus_vsearch	733	T	*/+G	337	13	3.51%	2	1	93	93	1.0897695997386058E-4	1	1	127	210	13	0	+G
barcode44_consensus_vsearch	734	A	*/-G	354	8	2.16%	2	2	93	93	0.003756539874175904	1	1	143	211	5	3	-G
barcode44_consensus_vsearch	743	C	*/-AC	353	17	4.52%	2	1	93	93	6.321883427565135E-6	1	1	133	220	17	0	-AC
barcode44_consensus_vsearch	764	C	*/-T	334	16	4.26%	2	1	93	93	1.2804931208893395E-5	1	1	153	181	0	16	-T
barcode44_consensus_vsearch	764	C	*/-TC	334	25	6.65%	2	1	93	93	1.9334832019015532E-8	1	1	153	181	0	25	-TC
barcode44_consensus_vsearch	765	T	*/+C	312	14	4.17%	2	2	93	93	5.2927231342898746E-5	1	1	147	165	5	9	+C
barcode44_consensus_vsearch	765	T	*/-C	312	7	2.08%	2	2	93	93	0.007556969842859696	1	1	147	165	2	5	+C
barcode44_consensus_vsearch	790	A	*/-G	357	7	1.88%	2	2	93	93	0.0075883836321291274	1	1	139	218	2	5	-G
barcode44_consensus_vsearch	795	G	*/-A	360	7	1.87%	2	2	93	93	0.007590205510476451	1	1	139	221	6	1	-A
barcode44_consensus_vsearch	795	G	*/-AG	360	7	1.87%	2	1	93	93	0.007590205510476451	1	1	139	221	7	0	-A
barcode44_consensus_vsearch	807	A	*/-G	357	7	1.86%	2	1	93	93	0.0075883836321291274	1	1	141	216	7	0	-G
barcode44_consensus_vsearch	810	C	*/+A	343	28	7.41%	2	1	93	93	2.194541414840809E-9	1	1	121	222	28	0	+A
barcode44_consensus_vsearch	812	C	*/-T	341	14	3.71%	2	2	93	93	5.3559257639583245E-5	1	1	126	215	9	5	-T
barcode44_consensus_vsearch	812	C	*/-TT	341	17	4.51%	2	1	93	93	6.281231007297062E-6	1	1	126	215	17	0	-TT
barcode44_consensus_vsearch	815	G	*/-A	363	11	2.92%	2	1	93	93	4.5319061514943347E-4	1	1	141	222	11	0	-A
barcode44_consensus_vsearch	826	A	*/+T	340	15	3.98%	2	2	93	93	2.6240958125141966E-5	1	1	122	218	14	1	+T
barcode44_consensus_vsearch	826	A	*/-T	340	19	5.04%	2	2	93	93	1.4936539564072154E-6	1	1	122	218	15	4	-T
barcode44_consensus_vsearch	832	A	*/-G	360	8	2.12%	2	2	93	93	0.0037589589194791835	1	1	146	214	1	7	-G
barcode44_consensus_vsearch	845	T	*/-C	363	7	1.86%	2	1	93	93	0.0075919980086515786	1	1	154	209	0	7	-C
barcode44_consensus_vsearch	864	A	*/-CA	363	10	2.65%	2	1	93	93	9.186794830860472E-4	1	1	143	220	10	0	-CA
barcode44_consensus_vsearch	868	T	*/-C	364	11	2.91%	2	2	93	93	4.5328203918763523E-4	1	1	143	221	10	1	-C
barcode44_consensus_vsearch	870	C	*/-T	368	9	2.38%	2	2	93	93	0.0018610482319175187	1	1	153	215	2	7	-T
barcode44_consensus_vsearch	885	C	*/-T	358	16	4.24%	2	2	93	93	1.2952916882883132E-5	1	1	149	209	5	11	-T
barcode44_consensus_vsearch	887	T	*/-C	356	11	2.93%	2	2	93	93	4.525370304418123E-4	1	1	147	209	3	8	-C
barcode44_consensus_vsearch	909	C	*/-A	366	10	2.65%	2	2	93	93	9.191332166898884E-4	1	1	145	221	9	1	-A
barcode44_consensus_vsearch	925	C	*/+T	283	34	9.02%	2	2	93	93	2.2858226454074803E-11	1	1	144	139	4	30	+T
barcode44_consensus_vsearch	925	C	*/-T	283	45	11.94%	2	2	93	93	5.622367372125636E-15	1	1	144	139	7	38	-T
barcode44_consensus_vsearch	925	C	*/-TT	283	11	2.92%	2	1	93	93	4.439217516658561E-4	1	1	144	139	0	11	-T
barcode44_consensus_vsearch	943	A	*/-G	367	7	1.85%	2	2	93	93	0.0075943435189384555	1	1	146	221	6	1	-G
barcode44_consensus_vsearch	948	C	*/-T	367	8	2.13%	2	2	93	93	0.0037616841729398503	1	1	152	215	2	6	-T
barcode44_consensus_vsearch	952	T	*/-C	349	8	2.17%	2	1	93	93	0.0037544624702808165	1	1	147	202	0	8	-C
barcode44_consensus_vsearch	953	C	*/+T	343	11	3.01%	2	1	93	93	4.512563556086061E-4	1	1	152	191	0	11	+T
barcode44_consensus_vsearch	953	C	*/-T	343	8	2.19%	2	2	93	93	0.0037518922043892396	1	1	152	191	2	6	+T
barcode44_consensus_vsearch	954	T	*/-G	349	8	2.19%	2	2	93	93	0.0037544624702808165	1	1	148	201	1	7	-G
barcode44_consensus_vsearch	960	C	*/-T	353	13	3.47%	2	1	93	93	1.0952832598351308E-4	1	1	148	205	0	13	-T
barcode44_consensus_vsearch	964	A	*/-C	361	10	2.65%	2	2	93	93	9.183729909666428E-4	1	1	151	210	1	9	-C
barcode44_consensus_vsearch	981	T	*/-C	347	20	5.32%	2	2	93	93	7.309675975370238E-7	1	1	130	217	19	1	-C
barcode44_consensus_vsearch	1005	C	*/+A	310	20	5.31%	2	2	93	93	7.088424916186386E-7	1	1	124	186	13	7	+A
barcode44_consensus_vsearch	1005	C	*/-A	310	39	10.34%	2	2	93	93	5.910021102435176E-13	1	1	124	186	13	26	-A
barcode44_consensus_vsearch	1029	A	*/-CAT	352	12	3.2%	2	1	93	93	2.2265556882629083E-4	1	1	153	199	0	12	-CAT
barcode44_consensus_vsearch	1032	T	*/+C	351	10	2.74%	2	1	93	93	9.167905354483148E-4	1	1	153	198	0	10	+C
barcode44_consensus_vsearch	1033	T	*/-C	358	12	3.18%	2	1	93	93	2.2299370906875363E-4	1	1	150	208	0	12	-C
barcode44_consensus_vsearch	1034	C	*/+A	341	8	2.19%	2	1	93	93	0.0037510159980200415	1	1	145	196	8	0	+A
barcode44_consensus_vsearch	1034	C	*/+T	341	14	3.84%	2	1	93	93	5.3559257639583245E-5	1	1	145	196	0	14	+T
barcode44_consensus_vsearch	1035	G	*/-A	364	9	2.39%	2	2	93	93	0.0018600735687751945	1	1	144	220	8	1	-A
barcode44_consensus_vsearch	1059	C	*/-A	364	9	2.38%	2	1	93	93	0.0018600735687751945	1	1	143	221	9	0	-A
barcode44_consensus_vsearch	1067	T	*/-C	354	11	2.91%	2	2	93	93	4.52345798270529E-4	1	1	152	202	1	10	-C
barcode44_consensus_vsearch	1067	T	*/-CT	354	7	1.85%	2	1	93	93	0.007586531645336925	1	1	152	202	0	7	-C
barcode44_consensus_vsearch	1068	C	*/-T	332	17	4.75%	2	1	93	93	6.249049162301178E-6	1	1	153	179	0	17	-T
barcode44_consensus_vsearch	1110	G	*/+C	317	19	5.08%	2	2	93	93	1.4681621827137513E-6	1	1	116	201	13	6	+C
barcode44_consensus_vsearch	1110	G	*/-C	317	33	8.82%	2	2	93	93	5.276460526596207E-11	1	1	116	201	21	12	-C
barcode44_consensus_vsearch	1115	C	*/+G	320	7	1.85%	2	2	93	93	0.007563182448808609	1	1	146	174	2	5	+G
barcode44_consensus_vsearch	1115	C	*/+T	320	15	3.97%	2	1	93	93	2.6000267489939627E-5	1	1	146	174	0	15	+T
barcode44_consensus_vsearch	1119	T	*/+C	338	14	3.72%	2	1	93	93	5.3498475308471755E-5	1	1	117	221	14	0	+C
barcode44_consensus_vsearch	1119	T	*/-C	338	20	5.32%	2	2	93	93	7.259594846795752E-7	1	1	117	221	19	1	-C
barcode44_consensus_vsearch	1137	A	*/+C	357	7	1.86%	2	1	93	93	0.0075883836321291274	1	1	154	203	0	7	+C
barcode44_consensus_vsearch	1137	A	*/-C	357	7	1.86%	2	1	93	93	0.0075883836321291274	1	1	154	203	0	7	+C
barcode44_consensus_vsearch	1143	T	*/-A	345	13	3.49%	2	1	93	93	1.0925856628381542E-4	1	1	150	195	0	13	-A
barcode44_consensus_vsearch	1149	T	*/+G	358	11	2.93%	2	2	93	93	4.52726239014979E-4	1	1	147	211	3	8	+G
barcode44_consensus_vsearch	1166	T	*/-C	362	11	2.93%	2	1	93	93	4.530987124457782E-4	1	1	141	221	11	0	-C
barcode44_consensus_vsearch	1168	C	*/+T	365	8	2.12%	2	1	93	93	0.0037609158733080306	1	1	153	212	0	8	+T
barcode44_consensus_vsearch	1171	A	*/+G	265	9	2.42%	2	2	93	93	0.0018270442691405997	1	1	58	207	4	5	+G
barcode44_consensus_vsearch	1171	A	*/-G	265	88	23.66%	2	2	93	93	6.492360507469404E-30	1	1	58	207	78	10	-G
barcode44_consensus_vsearch	1178	C	*/-T	356	13	3.46%	2	2	93	93	1.096265828921135E-4	1	1	152	204	1	12	-T
barcode44_consensus_vsearch	1180	T	*/-C	359	13	3.45%	2	2	93	93	1.0972331368377564E-4	1	1	150	209	1	12	-C
barcode44_consensus_vsearch	1181	C	*/-G	341	8	2.2%	2	2	93	93	0.0037510159980200415	1	1	152	189	1	7	-G
barcode44_consensus_vsearch	1184	C	*/-G	355	8	2.14%	2	2	93	93	0.003756948550684337	1	1	146	209	7	1	-G
barcode44_consensus_vsearch	1186	G	*/+A	362	10	2.65%	2	1	93	93	9.185266415574814E-4	1	1	154	208	0	10	+A
barcode44_consensus_vsearch	1205	T	*/+C	365	10	2.65%	2	1	93	93	9.189827643807342E-4	1	1	154	211	0	10	+C
barcode44_consensus_vsearch	1206	T	*/-C	364	10	2.65%	2	1	93	93	9.188315219247524E-4	1	1	152	212	0	10	-C
barcode44_consensus_vsearch	1207	C	*/+G	357	7	1.9%	2	1	93	93	0.0075883836321291274	1	1	155	202	0	7	+G
barcode44_consensus_vsearch	1213	G	*/-T	355	8	2.16%	2	1	93	93	0.003756948550684337	1	1	153	202	0	8	-T
barcode44_consensus_vsearch	1215	C	*/-T	344	16	4.32%	2	1	93	93	1.2868834455032458E-5	1	1	151	193	0	16	-T
barcode44_consensus_vsearch	1220	G	*/+C	316	8	2.13%	2	2	93	93	0.0037391601206060374	1	1	135	181	3	5	+C
barcode44_consensus_vsearch	1220	G	*/-C	316	43	11.44%	2	2	93	93	2.983784595721563E-14	1	1	135	181	11	32	-C
barcode44_consensus_vsearch	1251	C	*/-AC	367	7	1.86%	2	1	93	93	0.0075943435189384555	1	1	147	220	7	0	-AC
barcode44_consensus_vsearch	1257	A	*/+G	358	12	3.17%	2	2	93	93	2.2299370906875363E-4	1	1	151	207	1	11	+G
barcode44_consensus_vsearch	1276	A	*/-C	352	12	3.21%	2	2	93	93	2.2265556882629083E-4	1	1	131	221	11	1	-C
barcode44_consensus_vsearch	1280	G	*/-A	366	7	1.86%	2	1	93	93	0.007593761831616585	1	1	144	222	7	0	-A
barcode44_consensus_vsearch	1282	G	*/-T	360	7	1.88%	2	2	93	93	0.007590205510476451	1	1	147	213	2	5	-T
barcode44_consensus_vsearch	1285	T	*/-C	348	18	4.79%	2	2	93	93	3.079306028707427E-6	1	1	149	199	5	13	-C
barcode44_consensus_vsearch	1285	T	*/-CCT	348	7	1.86%	2	1	93	93	0.007582734311001454	1	1	149	199	0	7	-C
barcode44_consensus_vsearch	1297	A	*/-C	352	16	4.24%	2	2	93	93	1.2917615303784446E-5	1	1	137	215	11	5	-C
barcode44_consensus_vsearch	1300	C	*/-T	367	8	2.12%	2	1	93	93	0.0037616841729398503	1	1	154	213	0	8	-T
barcode44_consensus_vsearch	1319	C	*/-T	361	11	2.93%	2	1	93	93	4.53006327307631E-4	1	1	155	206	0	11	-T
barcode44_consensus_vsearch	1322	C	*/+T	305	8	2.12%	2	1	93	93	0.0037333499593181136	1	1	154	151	0	8	+T
barcode44_consensus_vsearch	1322	C	*/-T	305	60	15.92%	2	2	93	93	6.169242834793112E-20	1	1	154	151	1	59	-T
barcode44_consensus_vsearch	1330	T	*/-C	369	9	2.38%	2	1	93	93	0.001861288716262604	1	1	146	223	9	0	-C
barcode44_consensus_vsearch	1334	A	*/-C	349	13	3.44%	2	2	93	93	1.0939487979221406E-4	1	1	135	214	7	6	-C
barcode44_consensus_vsearch	1337	C	*/-T	367	9	2.38%	2	1	93	93	0.001860806485014851	1	1	155	212	0	9	-T
barcode44_consensus_vsearch	1346	C	*/-T	361	8	2.13%	2	2	93	93	0.0037593545145918465	1	1	150	211	2	6	-T
barcode44_consensus_vsearch	1350	C	*/-T	346	23	6.17%	2	2	93	93	8.369872150706915E-8	1	1	147	199	2	21	-T
barcode44_consensus_vsearch	1352	C	*/-A	357	10	2.67%	2	2	93	93	9.177501681792126E-4	1	1	147	210	1	9	-A
barcode44_consensus_vsearch	1362	C	*/+G	364	11	2.91%	2	2	93	93	4.5328203918763523E-4	1	1	152	212	3	8	+G
barcode44_consensus_vsearch	1372	A	*/-G	347	24	6.4%	2	1	93	93	4.0590400264799536E-8	1	1	154	193	0	24	-G
barcode44_consensus_vsearch	1389	C	*/-G	353	8	2.14%	2	1	93	93	0.0037561289544741916	1	1	137	216	8	0	-G
barcode44_consensus_vsearch	1390	G	*/-C	348	9	2.47%	2	1	93	93	0.001855959493097644	1	1	128	220	9	0	-C
barcode44_consensus_vsearch	1392	C	*/-G	335	12	3.18%	2	1	93	93	2.2163604035931107E-4	1	1	120	215	12	0	-G
barcode44_consensus_vsearch	1392	C	*/-GA	335	11	2.92%	2	2	93	93	4.50421630407793E-4	1	1	120	215	9	2	-G
barcode44_consensus_vsearch	1399	C	*/-TC	344	29	7.71%	2	2	93	93	1.0575927878518102E-9	1	1	141	203	13	16	-TC
barcode44_consensus_vsearch	1423	G	*/-CG	371	7	1.85%	2	2	93	93	0.0075966396580781715	1	1	152	219	3	4	-CG
barcode44_consensus_vsearch	1427	A	*/+G	290	12	3.21%	2	2	93	93	2.1840367786051513E-4	1	1	97	193	7	5	+G
barcode44_consensus_vsearch	1427	A	*/-G	290	65	17.38%	2	2	93	93	1.0746881007841824E-21	1	1	97	193	45	20	-G
barcode44_consensus_vsearch	1431	G	*/+T	356	10	2.65%	2	2	93	93	9.175923743135597E-4	1	1	141	215	9	1	+T
barcode44_consensus_vsearch	1437	C	*/-AC	363	11	2.92%	2	1	93	93	4.5319061514943347E-4	1	1	143	220	11	0	-AC
barcode44_consensus_vsearch	1438	A	*/-C	343	13	3.54%	2	2	93	93	1.0918930528259452E-4	1	1	128	215	8	5	-C
barcode44_consensus_vsearch	1448	T	*/-C	359	13	3.47%	2	1	93	93	1.0972331368377564E-4	1	1	152	207	0	13	-C
barcode44_consensus_vsearch	1452	A	*/-CA	366	7	1.85%	2	2	93	93	0.007593761831616585	1	1	145	221	6	1	-CA
barcode44_consensus_vsearch	1465	T	*/-C	346	16	4.32%	2	2	93	93	1.288121877791819E-5	1	1	152	194	3	13	-C
barcode44_consensus_vsearch	1467	C	*/-T	360	10	2.65%	2	2	93	93	9.182185248776328E-4	1	1	152	208	2	8	-T
barcode44_consensus_vsearch	1469	T	*/-G	362	7	1.87%	2	1	93	93	0.007591403729743198	1	1	153	209	0	7	-G
barcode44_consensus_vsearch	1486	C	*/-G	361	11	2.93%	2	2	93	93	4.53006327307631E-4	1	1	152	209	2	9	-G
barcode44_consensus_vsearch	1516	C	*/+T	342	8	2.12%	2	2	93	93	0.0037514553409778158	1	1	151	191	1	7	+T
barcode44_consensus_vsearch	1516	C	*/-T	342	20	5.29%	2	2	93	93	7.282126575285166E-7	1	1	151	191	1	19	-T
barcode44_consensus_vsearch	1520	C	*/+G	350	15	3.98%	2	2	93	93	2.635195227986554E-5	1	1	146	204	7	8	+G
barcode44_consensus_vsearch	1522	G	*/-A	306	57	15.08%	2	1	93	93	6.379072920324339E-19	1	1	85	221	57	0	-A
barcode44_consensus_vsearch	1522	G	*/-AGC	306	7	1.85%	2	1	93	93	0.007552103349072626	1	1	85	221	7	0	-A
barcode44_consensus_vsearch	1526	G	*/-CG	353	11	2.93%	2	2	93	93	4.522494131681259E-4	1	1	137	216	6	5	-CG
barcode44_consensus_vsearch	1528	G	*/+T	346	7	1.92%	2	1	93	93	0.007581440013514741	1	1	129	217	7	0	+T
barcode44_consensus_vsearch	1532	C	*/-TC	342	28	7.45%	2	1	93	93	2.1912824638093567E-9	1	1	153	189	0	28	-TC
barcode44_consensus_vsearch	1533	T	*/+C	329	12	3.46%	2	1	93	93	2.212527302735519E-4	1	1	140	189	12	0	+C
barcode44_consensus_vsearch	1536	G	*/-C	357	7	1.86%	2	1	93	93	0.0075883836321291274	1	1	136	221	7	0	-C
barcode44_consensus_vsearch	1543	G	*/-A	360	9	2.39%	2	1	93	93	0.0018590780544759323	1	1	140	220	9	0	-A
barcode44_consensus_vsearch	1545	A	*/+G	347	9	2.39%	2	2	93	93	0.0018556902533252112	1	1	132	215	4	5	+G
barcode44_consensus_vsearch	1545	A	*/-G	347	15	3.99%	2	2	93	93	2.631926257505549E-5	1	1	132	215	14	1	-G
barcode44_consensus_vsearch	1550	A	*/-T	359	8	2.12%	2	2	93	93	0.003758561188136962	1	1	147	212	5	3	-T
barcode44_consensus_vsearch	1559	C	*/+G	360	7	1.85%	2	1	93	93	0.007590205510476451	1	1	138	222	7	0	+G
barcode44_consensus_vsearch	1559	C	*/-A	360	7	1.85%	2	2	93	93	0.007590205510476451	1	1	138	222	6	1	+G
barcode44_consensus_vsearch	1560	A	*/-G	357	11	2.96%	2	2	93	93	4.5263188566649625E-4	1	1	140	217	8	3	-G
barcode44_consensus_vsearch	1571	C	*/-T	360	13	3.45%	2	2	93	93	1.0975522426701472E-4	1	1	152	208	1	12	-T
barcode44_consensus_vsearch	1572	T	*/+C	296	8	2.22%	2	2	93	93	0.003728286891533163	1	1	128	168	5	3	+C
barcode44_consensus_vsearch	1572	T	*/-C	296	51	14.13%	2	2	93	93	6.110759234732404E-17	1	1	128	168	19	32	-C
barcode44_consensus_vsearch	1580	G	*/+A	356	7	1.89%	2	1	93	93	0.007587769685234888	1	1	133	223	7	0	+A
barcode44_consensus_vsearch	1580	G	*/-AGA	356	7	1.89%	2	1	93	93	0.007587769685234888	1	1	133	223	7	0	+A
barcode44_consensus_vsearch	1582	G	*/-A	338	16	4.34%	2	2	93	93	1.2830897175782253E-5	1	1	120	218	14	2	-A
barcode44_consensus_vsearch	1582	G	*/-AG	338	12	3.25%	2	2	93	93	2.2182292444366094E-4	1	1	120	218	11	1	-A
barcode44_consensus_vsearch	1599	C	*/+T	328	11	2.93%	2	2	93	93	4.4965976705035063E-4	1	1	132	196	6	5	+T
barcode44_consensus_vsearch	1599	C	*/-T	328	26	6.91%	2	2	93	93	9.254760908266792E-9	1	1	132	196	14	12	-T
barcode44_consensus_vsearch	1612	C	*/-AGC	366	7	1.85%	2	1	93	93	0.007593761831616585	1	1	146	220	7	0	-AGC
barcode44_consensus_vsearch	1615	C	*/+A	357	7	1.89%	2	1	93	93	0.0075883836321291274	1	1	139	218	7	0	+A
barcode44_consensus_vsearch	1616	G	*/-A	368	8	2.12%	2	1	93	93	0.003762065284927124	1	1	147	221	8	0	-A
barcode44_consensus_vsearch	1620	T	*/+G	347	19	5.08%	2	1	93	93	1.5008382324792575E-6	1	1	152	195	0	19	+G
barcode44_consensus_vsearch	1631	T	*/+G	351	11	2.93%	2	1	93	93	4.5205508421492045E-4	1	1	152	199	0	11	+G
barcode44_consensus_vsearch	1634	G	*/-C	352	8	2.16%	2	2	93	93	0.0037557157730633696	1	1	141	211	2	6	-C
barcode44_consensus_vsearch	1636	C	*/-G	352	9	2.39%	2	1	93	93	0.0018570217379962502	1	1	150	202	0	9	-G
barcode44_consensus_vsearch	1645	G	*/+C	343	15	4.01%	2	2	93	93	2.627487132182689E-5	1	1	133	210	9	6	+C
barcode44_consensus_vsearch	1645	G	*/-C	343	7	1.87%	2	2	93	93	0.007579470995029922	1	1	133	210	4	3	+C
barcode44_consensus_vsearch	1645	G	*/-CC	343	7	1.87%	2	1	93	93	0.007579470995029922	1	1	133	210	7	0	+C
barcode44_consensus_vsearch	1658	G	*/-A	269	13	3.49%	2	1	93	93	1.059696547776779E-4	1	1	69	200	13	0	-A
barcode44_consensus_vsearch	1658	G	*/-AG	269	87	23.39%	2	2	93	93	1.601822521986992E-29	1	1	69	200	64	23	-AG
barcode44_consensus_vsearch	1665	G	*/-TG	353	15	3.97%	2	1	93	93	2.6384137773404335E-5	1	1	149	204	0	15	-TG
barcode44_consensus_vsearch	1672	A	*/-C	353	14	3.78%	2	2	93	93	5.3792902256529244E-5	1	1	145	208	2	12	-C
barcode44_consensus_vsearch	1674	C	*/-G	341	29	7.69%	2	2	93	93	1.052554217166456E-9	1	1	149	192	1	28	-G
barcode44_consensus_vsearch	1680	C	*/+A	361	7	1.87%	2	2	93	93	0.007590806239049772	1	1	142	219	6	1	+A
barcode44_consensus_vsearch	1698	C	*/-T	356	9	2.4%	2	2	93	93	0.0018580610128038945	1	1	150	206	1	8	-T
barcode44_consensus_vsearch	1700	T	*/+C	287	7	1.87%	2	2	93	93	0.00753539154747985	1	1	121	166	2	5	+C
barcode44_consensus_vsearch	1700	T	*/-C	287	70	18.72%	2	2	93	93	1.983316076169557E-23	1	1	121	166	30	40	-C
barcode44_consensus_vsearch	1700	T	*/-CC	287	8	2.14%	2	1	93	93	0.0037229184046144305	1	1	121	166	0	8	-C
barcode44_consensus_vsearch	1703	C	*/+T	250	17	4.5%	2	2	93	93	5.865937391528599E-6	1	1	137	113	9	8	+T
barcode44_consensus_vsearch	1703	C	*/-T	250	94	24.87%	2	2	93	93	3.1389317751702185E-32	1	1	137	113	7	87	-T
barcode44_consensus_vsearch	1716	C	*/-AC	364	9	2.38%	2	2	93	93	0.0018600735687751945	1	1	145	219	8	1	-AC
barcode44_consensus_vsearch	1729	A	*/+C	338	9	2.38%	2	2	93	93	0.0018531982482901858	1	1	149	189	3	6	+C
barcode44_consensus_vsearch	1729	A	*/-C	338	28	7.41%	2	2	93	93	2.178111050271149E-9	1	1	149	189	2	26	-C
barcode44_consensus_vsearch	1733	T	*/-C	353	9	2.39%	2	1	93	93	0.0018572836808082116	1	1	153	200	0	9	-C
barcode44_consensus_vsearch	1733	T	*/-CT	353	8	2.13%	2	1	93	93	0.0037561289544741916	1	1	153	200	0	8	-C
barcode44_consensus_vsearch	1734	C	*/+T	291	27	7.54%	2	2	93	93	4.188023774962437E-9	1	1	140	151	5	22	+T
barcode44_consensus_vsearch	1734	C	*/-T	291	37	10.34%	2	2	93	93	2.4815735759432407E-12	1	1	140	151	8	29	-T
barcode44_consensus_vsearch	1739	C	*/-A	353	11	2.92%	2	2	93	93	4.522494131681259E-4	1	1	137	216	10	1	-A
barcode44_consensus_vsearch	1739	C	*/-AA	353	8	2.12%	2	2	93	93	0.0037561289544741916	1	1	137	216	3	5	-A
barcode44_consensus_vsearch	1746	C	*/+T	345	11	2.91%	2	2	93	93	4.514593200376986E-4	1	1	144	201	5	6	+T
barcode44_consensus_vsearch	1746	C	*/-T	345	19	5.03%	2	2	93	93	1.4988110341428762E-6	1	1	144	201	6	13	-T
barcode44_consensus_vsearch	1754	C	*/-T	349	21	5.59%	2	2	93	93	3.5611950174003207E-7	1	1	152	197	1	20	-T
barcode44_consensus_vsearch	1758	C	*/+G	364	7	1.87%	2	2	93	93	0.007592589101619866	1	1	151	213	1	6	+G
barcode44_consensus_vsearch	1799	T	*/-A	366	8	2.12%	2	1	93	93	0.0037613010410949004	1	1	145	221	8	0	-A
barcode44_consensus_vsearch	1802	C	*/+T	349	13	3.46%	2	2	93	93	1.0939487979221406E-4	1	1	135	214	11	2	+T
barcode44_consensus_vsearch	1817	A	*/-C	356	7	1.88%	2	2	93	93	0.007587769685234888	1	1	147	209	1	6	-C
barcode44_consensus_vsearch	1820	T	*/-C	342	21	5.65%	2	2	93	93	3.5406201624601864E-7	1	1	136	206	15	6	-C
barcode44_consensus_vsearch	1824	A	*/+T	353	9	2.38%	2	2	93	93	0.0018572836808082116	1	1	139	214	7	2	+T
barcode44_consensus_vsearch	1824	A	*/-T	353	14	3.7%	2	2	93	93	5.3792902256529244E-5	1	1	139	214	8	6	-T
barcode44_consensus_vsearch	1838	T	*/-C	355	14	3.71%	2	1	93	93	5.383043242702664E-5	1	1	151	204	0	14	-C
barcode44_consensus_vsearch	1841	C	*/+A	343	9	2.39%	2	2	93	93	0.001854598209137381	1	1	153	190	1	8	+A
barcode44_consensus_vsearch	1849	T	*/-C	352	17	4.52%	2	1	93	93	6.318589303950759E-6	1	1	152	200	0	17	-C
barcode44_consensus_vsearch	1863	G	*/-A	359	16	4.26%	2	2	93	93	1.2958697478097903E-5	1	1	138	221	15	1	-A
barcode44_consensus_vsearch	1866	C	*/-T	351	10	2.67%	2	2	93	93	9.167905354483148E-4	1	1	152	199	1	9	-T
barcode44_consensus_vsearch	1871	C	*/-A	346	12	3.21%	2	2	93	93	2.223064470053547E-4	1	1	138	208	10	2	-A
barcode44_consensus_vsearch	1871	C	*/-AA	346	7	1.87%	2	2	93	93	0.007581440013514741	1	1	138	208	1	6	-A
barcode44_consensus_vsearch	1874	A	*/-G	367	7	1.85%	2	2	93	93	0.0075943435189384555	1	1	150	217	2	5	-G
barcode44_consensus_vsearch	1879	T	*/-G	353	18	4.79%	2	1	93	93	3.088423482833563E-6	1	1	151	202	0	18	-G
barcode44_consensus_vsearch	1894	C	*/-G	317	35	9.46%	2	2	93	93	1.1962224244018623E-11	1	1	143	174	6	29	-G
barcode44_consensus_vsearch	1901	C	*/-TC	327	39	10.46%	2	2	93	93	6.245268547816506E-13	1	1	154	173	1	38	-TC
barcode44_consensus_vsearch	1903	C	*/+A	303	14	4.19%	2	1	93	93	5.2708811698392864E-5	1	1	148	155	0	14	+A
barcode44_consensus_vsearch	1903	C	*/+T	303	8	2.4%	2	1	93	93	0.0037322498843562575	1	1	148	155	0	8	+A
barcode44_consensus_vsearch	1904	A	*/-C	335	27	7.24%	2	2	93	93	4.503907366096589E-9	1	1	147	188	2	25	-C
barcode44_consensus_vsearch	1908	T	*/-C	363	9	2.4%	2	1	93	93	0.0018598266709216763	1	1	154	209	0	9	-C
barcode44_consensus_vsearch	1910	T	*/-CT	337	28	7.53%	2	2	93	93	2.1747838891717837E-9	1	1	150	187	3	25	-CT
barcode44_consensus_vsearch	1917	T	*/-C	363	14	3.7%	2	2	93	93	5.39767472832291E-5	1	1	142	221	12	2	-C
barcode44_consensus_vsearch	1926	A	*/+G	336	8	2.14%	2	2	93	93	0.0037487813407406246	1	1	130	206	5	3	+G
barcode44_consensus_vsearch	1926	A	*/-G	336	20	5.35%	2	2	93	93	7.248160449149638E-7	1	1	130	206	11	9	-G
barcode44_consensus_vsearch	1932	C	*/-T	355	15	3.98%	2	2	93	93	2.6405320371863965E-5	1	1	137	218	12	3	-T
barcode44_consensus_vsearch	1934	T	*/-G	329	32	8.56%	2	2	93	93	1.1349313642785934E-10	1	1	137	192	5	27	-G
barcode44_consensus_vsearch	1938	A	*/-G	366	7	1.86%	2	2	93	93	0.007593761831616585	1	1	148	218	4	3	-G
barcode44_consensus_vsearch	1949	C	*/+A	295	10	2.67%	2	2	93	93	9.06053300406267E-4	1	1	121	174	7	3	+A
barcode44_consensus_vsearch	1949	C	*/-A	295	43	11.5%	2	2	93	93	2.7302086813441815E-14	1	1	121	174	16	27	-A
barcode44_consensus_vsearch	1949	C	*/-AA	295	7	1.87%	2	1	93	93	0.007542682643436916	1	1	121	174	7	0	-A
barcode44_consensus_vsearch	1949	C	*/-AAA	295	13	3.48%	2	2	93	93	1.0726924762708005E-4	1	1	121	174	1	12	-AAA
barcode44_consensus_vsearch	1957	T	*/+C	366	8	2.12%	2	1	93	93	0.0037613010410949004	1	1	154	212	0	8	+C
barcode44_consensus_vsearch	1964	C	*/-A	352	21	5.57%	2	2	93	93	3.569804889679908E-7	1	1	153	199	1	20	-A
barcode44_consensus_vsearch	1967	A	*/-T	368	8	2.12%	2	1	93	93	0.003762065284927124	1	1	155	213	0	8	-T
barcode44_consensus_vsearch	1973	A	*/+C	362	10	2.67%	2	1	93	93	9.185266415574814E-4	1	1	153	209	0	10	+C
barcode44_consensus_vsearch	1974	C	*/-T	365	8	2.12%	2	1	93	93	0.0037609158733080306	1	1	155	210	0	8	-T
barcode44_consensus_vsearch	1975	T	*/+C	351	7	1.89%	2	2	93	93	0.0075846487975676224	1	1	145	206	6	1	+C
barcode44_consensus_vsearch	1983	A	*/-G	355	9	2.38%	2	2	93	93	0.0018578033066990803	1	1	150	205	1	8	-G
barcode44_consensus_vsearch	1995	C	*/-A	357	12	3.2%	2	2	93	93	2.2293809294005078E-4	1	1	146	211	4	8	-A
barcode44_consensus_vsearch	2001	T	*/+G	365	7	1.85%	2	1	93	93	0.007593177034187656	1	1	153	212	0	7	+G
barcode44_consensus_vsearch	2012	C	*/-G	360	8	2.12%	2	1	93	93	0.0037589589194791835	1	1	144	216	8	0	-G
barcode44_consensus_vsearch	2020	T	*/-C	363	7	1.86%	2	1	93	93	0.0075919980086515786	1	1	153	210	0	7	-C
barcode44_consensus_vsearch	2038	T	*/-C	342	17	4.62%	2	2	93	93	6.28471468855534E-6	1	1	141	201	9	8	-C
barcode44_consensus_vsearch	2041	C	*/-T	366	7	1.85%	2	1	93	93	0.007593761831616585	1	1	155	211	0	7	-T
barcode44_consensus_vsearch	2047	G	*/+T	364	8	2.12%	2	2	93	93	0.003760528653296498	1	1	143	221	7	1	+T
barcode44_consensus_vsearch	2051	C	*/+T	329	14	3.77%	2	1	93	93	5.3310059266825466E-5	1	1	147	182	0	14	+T
barcode44_consensus_vsearch	2051	C	*/-T	329	16	4.31%	2	2	93	93	1.2771684330162773E-5	1	1	147	182	7	9	-T
barcode44_consensus_vsearch	2051	C	*/-TT	329	11	2.96%	2	2	93	93	4.497704755708121E-4	1	1	147	182	1	10	-T
barcode44_consensus_vsearch	2055	T	*/-C	365	8	2.12%	2	2	93	93	0.0037609158733080306	1	1	152	213	1	7	-C
barcode44_consensus_vsearch	2092	T	*/-C	359	16	4.23%	2	2	93	93	1.2958697478097903E-5	1	1	146	213	6	10	-C
barcode44_consensus_vsearch	2102	T	*/-C	363	15	3.97%	2	1	93	93	2.6487926978051562E-5	1	1	140	223	15	0	-C
barcode44_consensus_vsearch	2104	C	*/+G	347	22	5.82%	2	2	93	93	1.7270399019873508E-7	1	1	149	198	2	20	+G
barcode44_consensus_vsearch	2113	C	*/+T	359	9	2.42%	2	1	93	93	0.0018588258393011697	1	1	151	208	0	9	+T
barcode44_consensus_vsearch	2114	C	*/+T	312	14	3.71%	2	1	93	93	5.2927231342898746E-5	1	1	154	158	0	14	+T
barcode44_consensus_vsearch	2114	C	*/-T	312	47	12.47%	2	1	93	93	1.4187016795721416E-15	1	1	154	158	0	47	-T
barcode44_consensus_vsearch	2117	T	*/-G	331	46	12.2%	2	2	93	93	3.2942166504674146E-15	1	1	154	177	1	45	-G
barcode44_consensus_vsearch	2125	T	*/-G	290	78	20.63%	2	2	93	93	3.423914050648711E-26	1	1	119	171	33	45	-G
barcode44_consensus_vsearch	2130	G	*/+T	309	19	5.03%	2	2	93	93	1.4585479188835793E-6	1	1	96	213	16	3	+T
barcode44_consensus_vsearch	2130	G	*/-T	309	25	6.61%	2	2	93	93	1.869532494465288E-8	1	1	96	213	20	5	-T
barcode44_consensus_vsearch	2134	T	*/-AC	363	7	1.85%	2	1	93	93	0.0075919980086515786	1	1	145	218	7	0	-AC
barcode44_consensus_vsearch	2135	A	*/+T	353	8	2.17%	2	1	93	93	0.0037561289544741916	1	1	145	208	0	8	+T
barcode44_consensus_vsearch	2139	C	*/+A	318	13	3.51%	2	2	93	93	1.0825586010679157E-4	1	1	123	195	10	3	+A
barcode44_consensus_vsearch	2139	C	*/-A	318	12	3.24%	2	1	93	93	2.205150185841483E-4	1	1	123	195	12	0	+A
barcode44_consensus_vsearch	2142	G	*/+A	350	7	1.88%	2	2	93	93	0.007584014189966649	1	1	132	218	6	1	+A
barcode44_consensus_vsearch	2145	T	*/+C	296	18	4.8%	2	2	93	93	2.968963557385939E-6	1	1	121	175	2	16	+C
barcode44_consensus_vsearch	2145	T	*/-C	296	59	15.73%	2	2	93	93	1.2506297877913833E-19	1	1	121	175	29	30	-C
barcode44_consensus_vsearch	2149	T	*/-C	335	35	9.38%	2	1	93	93	1.251790903318864E-11	1	1	117	218	35	0	-C
barcode44_consensus_vsearch	2151	C	*/-G	316	59	15.61%	2	1	93	93	1.4566562203970292E-19	1	1	154	162	0	59	-G
barcode44_consensus_vsearch	2162	G	*/-CG	361	13	3.44%	2	1	93	93	1.0978697048549478E-4	1	1	153	208	0	13	-CG
barcode44_consensus_vsearch	2168	C	*/+A	364	8	2.12%	2	1	93	93	0.003760528653296498	1	1	144	220	8	0	+A
barcode44_consensus_vsearch	2170	T	*/+A	330	7	1.87%	2	2	93	93	0.007570535950912546	1	1	137	193	3	4	+A
barcode44_consensus_vsearch	2170	T	*/-A	330	12	3.2%	2	2	93	93	2.2131751877418508E-4	1	1	137	193	11	1	-A
barcode44_consensus_vsearch	2170	T	*/-AA	330	16	4.27%	2	1	93	93	1.2778405384928883E-5	1	1	137	193	0	16	-AA
barcode44_consensus_vsearch	2183	C	*/+A	318	11	2.92%	2	2	93	93	4.4851665816982955E-4	1	1	102	216	10	1	+A
barcode44_consensus_vsearch	2183	C	*/-A	318	43	11.41%	2	2	93	93	3.007403990459195E-14	1	1	102	216	40	3	-A
barcode44_consensus_vsearch	2191	G	*/+C	365	7	1.88%	2	1	93	93	0.007593177034187656	1	1	149	216	0	7	+C
barcode44_consensus_vsearch	2192	C	*/-T	325	51	13.49%	2	1	93	93	7.20182513264326E-17	1	1	154	171	0	51	-T
barcode44_consensus_vsearch	2193	T	*/-C	293	26	7.98%	2	2	93	93	8.764188424677088E-9	1	1	131	162	22	4	-C
barcode44_consensus_vsearch	2196	G	*/-A	366	8	2.13%	2	2	93	93	0.0037613010410949004	1	1	145	221	7	1	-A
barcode44_consensus_vsearch	2199	A	*/-G	327	33	8.89%	2	2	93	93	5.399429179878542E-11	1	1	121	206	27	6	-G
barcode44_consensus_vsearch	2211	T	*/+C	355	7	1.89%	2	1	93	93	0.00758715236559033	1	1	152	203	0	7	+C
barcode44_consensus_vsearch	2214	C	*/-T	327	37	9.81%	2	2	93	93	2.7759822534650997E-12	1	1	142	185	2	35	-T
barcode44_consensus_vsearch	2217	T	*/+G	353	8	2.12%	2	1	93	93	0.0037561289544741916	1	1	147	206	0	8	+G
barcode44_consensus_vsearch	2219	A	*/-G	358	9	2.41%	2	2	93	93	0.0018585722679615095	1	1	140	218	5	4	-G
barcode44_consensus_vsearch	2237	A	*/+G	319	18	4.86%	2	2	93	93	3.021579727035597E-6	1	1	142	177	1	17	+G
barcode44_consensus_vsearch	2237	A	*/-G	319	23	6.22%	2	2	93	93	8.131602132023049E-8	1	1	142	177	2	21	-G
barcode44_consensus_vsearch	2240	G	*/+T	337	18	4.76%	2	1	93	93	3.0584225990193845E-6	1	1	146	191	0	18	+T
barcode44_consensus_vsearch	2240	G	*/-C	337	8	2.12%	2	2	93	93	0.0037492334037990153	1	1	146	191	2	6	+T
barcode44_consensus_vsearch	2241	C	*/+T	275	42	11.57%	2	1	93	93	5.310339957130255E-14	1	1	145	130	0	42	+T
barcode44_consensus_vsearch	2247	C	*/-A	358	12	3.18%	2	2	93	93	2.2299370906875363E-4	1	1	141	217	11	1	-A
barcode44_consensus_vsearch	2248	A	*/-C	331	20	5.48%	2	2	93	93	7.219069363023581E-7	1	1	117	214	17	3	-C
barcode44_consensus_vsearch	2261	T	*/+G	352	12	3.24%	2	1	93	93	2.2265556882629083E-4	1	1	146	206	0	12	+G
barcode44_consensus_vsearch	2263	A	*/+G	310	15	4.01%	2	2	93	93	2.5869492976357672E-5	1	1	100	210	14	1	+G
barcode44_consensus_vsearch	2263	A	*/-G	310	42	11.23%	2	2	93	93	6.193724878149244E-14	1	1	100	210	32	10	-G
barcode44_consensus_vsearch	2277	G	*/-C	358	8	2.13%	2	2	93	93	0.003758161303215178	1	1	151	207	2	6	-C
barcode44_consensus_vsearch	2281	G	*/-A	358	7	1.87%	2	1	93	93	0.007588994233841693	1	1	153	205	0	7	-A
barcode44_consensus_vsearch	2285	A	*/-G	344	8	2.13%	2	2	93	93	0.003752326609186822	1	1	150	194	3	5	-G
barcode44_consensus_vsearch	2291	G	*/-C	360	9	2.39%	2	2	93	93	0.0018590780544759323	1	1	145	215	8	1	-C
barcode44_consensus_vsearch	2317	T	*/+A	351	12	3.23%	2	1	93	93	2.225981587098957E-4	1	1	137	214	12	0	+A
barcode44_consensus_vsearch	2318	G	*/-TG	330	21	5.6%	2	2	93	93	3.5036832245768095E-7	1	1	127	203	7	14	-TG
barcode44_consensus_vsearch	2325	C	*/-A	353	11	2.93%	2	2	93	93	4.522494131681259E-4	1	1	134	219	10	1	-A
barcode44_consensus_vsearch	2331	T	*/+C	357	13	3.48%	2	1	93	93	1.0965899429487106E-4	1	1	151	206	0	13	+C
barcode44_consensus_vsearch	2332	T	*/-C	361	12	3.17%	2	1	93	93	2.2315882163969882E-4	1	1	155	206	0	12	-C
barcode44_consensus_vsearch	2349	T	*/+C	356	18	4.77%	2	1	93	93	3.0937866668435775E-6	1	1	154	202	0	18	+C
barcode44_consensus_vsearch	2353	C	*/-A	351	19	5.03%	2	2	93	93	1.5048331765837159E-6	1	1	152	199	1	18	-A
barcode44_consensus_vsearch	2355	A	*/-T	356	16	4.24%	2	1	93	93	1.294126829321477E-5	1	1	150	206	0	16	-T
barcode44_consensus_vsearch	2357	T	*/-C	348	10	2.65%	2	1	93	93	9.162988826076158E-4	1	1	150	198	0	10	-C
barcode44_consensus_vsearch	2359	A	*/-CA	356	7	1.87%	2	2	93	93	0.007587769685234888	1	1	140	216	6	1	-CA
barcode44_consensus_vsearch	2404	C	*/+A	361	8	2.12%	2	2	93	93	0.0037593545145918465	1	1	142	219	6	2	+A
barcode44_consensus_vsearch	2419	T	*/-A	348	18	4.79%	2	2	93	93	3.079306028707427E-6	1	1	138	210	12	6	-A
barcode44_consensus_vsearch	2424	G	*/-T	360	10	2.65%	2	2	93	93	9.182185248776328E-4	1	1	144	216	3	7	-T
barcode44_consensus_vsearch	2445	C	*/-A	370	7	1.85%	2	1	93	93	0.007596070166375128	1	1	147	223	7	0	-A
barcode44_consensus_vsearch	2447	C	*/-T	366	10	2.65%	2	2	93	93	9.191332166898884E-4	1	1	153	213	1	9	-T
barcode44_consensus_vsearch	2448	T	*/+C	326	37	10.05%	2	2	93	93	2.768227039721514E-12	1	1	119	207	35	2	+C
barcode44_consensus_vsearch	2476	T	*/-G	354	19	5.03%	2	1	93	93	1.5077784929693853E-6	1	1	154	200	0	19	-G
barcode44_consensus_vsearch	2490	C	*/-G	326	20	5.43%	2	2	93	93	7.1892347744872E-7	1	1	148	178	1	19	-G
barcode44_consensus_vsearch	2494	C	*/-GC	358	7	1.89%	2	2	93	93	0.007588994233841693	1	1	154	204	1	6	-GC
barcode44_consensus_vsearch	2499	A	*/-C	348	17	4.55%	2	2	93	93	6.30524567782564E-6	1	1	133	215	12	5	-C
barcode44_consensus_vsearch	2503	G	*/+C	341	17	4.55%	2	2	93	93	6.281231007297062E-6	1	1	134	207	16	1	+C
barcode44_consensus_vsearch	2503	G	*/-C	341	9	2.41%	2	1	93	93	0.0018540429575330279	1	1	134	207	0	9	+C
barcode44_consensus_vsearch	2506	C	*/-G	328	21	5.59%	2	1	93	93	3.4973118860102564E-7	1	1	150	178	0	21	-G
barcode44_consensus_vsearch	2509	A	*/+G	345	11	2.99%	2	2	93	93	4.514593200376986E-4	1	1	148	197	1	10	+G
barcode44_consensus_vsearch	2511	G	*/-C	344	17	4.53%	2	2	93	93	6.291628495700853E-6	1	1	145	199	2	15	-C
barcode44_consensus_vsearch	2512	C	*/+G	236	23	6.48%	2	2	93	93	7.152952622804149E-8	1	1	123	113	8	15	+G
barcode44_consensus_vsearch	2512	C	*/-G	236	75	21.13%	2	2	93	93	1.6394197878525277E-25	1	1	123	113	11	64	-G
barcode44_consensus_vsearch	2516	A	*/-G	341	27	7.26%	2	2	93	93	4.5424320952455146E-9	1	1	123	218	26	1	-G
barcode44_consensus_vsearch	2518	G	*/-C	335	10	2.65%	2	1	93	93	9.140715025325323E-4	1	1	123	212	10	0	-C
barcode44_consensus_vsearch	2520	C	*/+G	325	10	2.67%	2	1	93	93	9.122428561847083E-4	1	1	143	182	0	10	+G
barcode44_consensus_vsearch	2520	C	*/-G	325	9	2.4%	2	2	93	93	0.0018493650629926273	1	1	143	182	1	8	+G
barcode44_consensus_vsearch	2520	C	*/-GG	325	12	3.2%	2	1	93	93	2.2098985872739398E-4	1	1	143	182	0	12	-GG
barcode44_consensus_vsearch	2524	A	*/-G	349	20	5.31%	2	2	93	93	7.320509368172934E-7	1	1	143	206	8	12	-G
barcode44_consensus_vsearch	2525	G	*/+T	341	10	2.8%	2	1	93	93	9.151196338188781E-4	1	1	144	197	0	10	+T
barcode44_consensus_vsearch	2536	A	*/-C	336	24	6.5%	2	2	93	93	4.010060708343421E-8	1	1	122	214	20	4	-C
barcode44_consensus_vsearch	2538	C	*/+T	351	8	2.13%	2	2	93	93	0.0037553003112147276	1	1	138	213	2	6	+T
barcode44_consensus_vsearch	2541	A	*/-C	340	11	2.95%	2	2	93	93	4.5094768082608024E-4	1	1	124	216	4	7	-C
barcode44_consensus_vsearch	2573	C	*/-A	316	40	10.81%	2	2	93	93	2.849662636965327E-13	1	1	122	194	27	13	-A
barcode44_consensus_vsearch	2576	A	*/-G	345	23	6.12%	2	2	93	93	8.361576220545492E-8	1	1	145	200	9	14	-G
barcode44_consensus_vsearch	2594	C	*/-T	368	8	2.12%	2	1	93	93	0.003762065284927124	1	1	154	214	0	8	-T
barcode44_consensus_vsearch	2595	T	*/+C	352	10	2.7%	2	2	93	93	9.169526424135386E-4	1	1	144	208	8	2	+C
barcode44_consensus_vsearch	2598	G	*/-T	361	10	2.67%	2	1	93	93	9.183729909666428E-4	1	1	155	206	0	10	-T
barcode44_consensus_vsearch	2599	T	*/-A	340	17	4.7%	2	2	93	93	6.277729290076549E-6	1	1	148	192	5	12	-A
barcode44_consensus_vsearch	2603	G	*/-A	364	11	2.91%	2	1	93	93	4.5328203918763523E-4	1	1	142	222	11	0	-A
barcode44_consensus_vsearch	2605	T	*/-C	351	15	3.99%	2	2	93	93	2.6362736223327768E-5	1	1	148	203	4	11	-C
barcode44_consensus_vsearch	2628	A	*/-G	359	12	3.23%	2	1	93	93	2.230490343830887E-4	1	1	138	221	12	0	-G
barcode44_consensus_vsearch	2632	C	*/-T	354	9	2.38%	2	2	93	93	0.0018575441998509262	1	1	146	208	2	7	-T
barcode44_consensus_vsearch	2637	T	*/-AC	351	21	5.57%	2	1	93	93	3.5669485016956707E-7	1	1	131	220	21	0	-AC
barcode44_consensus_vsearch	2642	C	*/+T	325	10	2.65%	2	2	93	93	9.122428561847083E-4	1	1	115	210	6	4	+T
barcode44_consensus_vsearch	2642	C	*/-T	325	28	7.41%	2	2	93	93	2.1337504996331935E-9	1	1	115	210	20	8	-T
barcode44_consensus_vsearch	2648	C	*/-T	362	8	2.12%	2	1	93	93	0.003759747990644719	1	1	154	208	0	8	-T
barcode44_consensus_vsearch	2650	T	*/-C	351	15	4.03%	2	2	93	93	2.6362736223327768E-5	1	1	152	199	2	13	-C
barcode44_consensus_vsearch	2653	T	*/+C	351	8	2.16%	2	1	93	93	0.0037553003112147276	1	1	142	209	8	0	+C
barcode44_consensus_vsearch	2655	T	*/+A	343	14	3.8%	2	2	93	93	5.3599238217155345E-5	1	1	152	191	1	13	+A
barcode44_consensus_vsearch	2669	T	*/-G	323	51	13.53%	2	1	93	93	7.126955267321102E-17	1	1	154	169	0	51	-G
barcode44_consensus_vsearch	2675	A	*/+T	357	10	2.68%	2	1	93	93	9.177501681792126E-4	1	1	150	207	0	10	+T
barcode44_consensus_vsearch	2679	T	*/-C	360	10	2.66%	2	2	93	93	9.182185248776328E-4	1	1	152	208	3	7	-C
barcode44_consensus_vsearch	2691	C	*/-G	350	7	1.87%	2	2	93	93	0.007584014189966649	1	1	152	198	2	5	-G
barcode44_consensus_vsearch	2698	T	*/+A	360	7	1.87%	2	1	93	93	0.007590205510476451	1	1	147	213	7	0	+A
barcode44_consensus_vsearch	2699	G	*/-A	364	9	2.39%	2	1	93	93	0.0018600735687751945	1	1	145	219	9	0	-A
barcode44_consensus_vsearch	2701	A	*/-C	321	31	8.27%	2	2	93	93	2.3341071330465813E-10	1	1	113	208	23	8	-C
barcode44_consensus_vsearch	2701	A	*/-CC	321	13	3.47%	2	2	93	93	1.083749467337154E-4	1	1	113	208	12	1	-C
barcode44_consensus_vsearch	2705	C	*/+T	308	8	2.12%	2	1	93	93	0.0037349742394683326	1	1	151	157	0	8	+T
barcode44_consensus_vsearch	2706	G	*/-C	329	44	11.7%	2	1	93	93	1.4773280141875907E-14	1	1	108	221	44	0	-C
barcode44_consensus_vsearch	2711	A	*/+G	363	8	2.13%	2	1	93	93	0.003760139364613456	1	1	152	211	0	8	+G
barcode44_consensus_vsearch	2714	T	*/+C	363	11	2.93%	2	1	93	93	4.5319061514943347E-4	1	1	142	221	11	0	+C
barcode44_consensus_vsearch	2718	T	*/-C	367	10	2.65%	2	1	93	93	9.192828850276177E-4	1	1	144	223	10	0	-C
barcode44_consensus_vsearch	2720	C	*/+G	344	15	3.97%	2	1	93	93	2.6286056741937496E-5	1	1	137	207	0	15	+G
barcode44_consensus_vsearch	2720	C	*/-GAA	344	7	1.85%	2	1	93	93	0.007580131052467943	1	1	137	207	7	0	+G
barcode44_consensus_vsearch	2732	T	*/+G	356	7	1.86%	2	1	93	93	0.007587769685234888	1	1	152	204	0	7	+G
barcode44_consensus_vsearch	2766	T	*/-GT	349	19	5.07%	2	2	93	93	1.5028455165309276E-6	1	1	151	198	3	16	-GT
barcode44_consensus_vsearch	2770	C	*/+A	316	7	1.87%	2	2	93	93	0.007560114368843736	1	1	108	208	6	1	+A
barcode44_consensus_vsearch	2770	C	*/-A	316	44	11.73%	2	2	93	93	1.4026692536213217E-14	1	1	108	208	41	3	-A
barcode44_consensus_vsearch	2773	A	*/-G	354	15	3.99%	2	2	93	93	2.6394756231481443E-5	1	1	145	209	6	9	-G
barcode44_consensus_vsearch	2778	A	*/-G	308	61	16.18%	2	2	93	93	2.90088877233883E-20	1	1	149	159	4	57	-G
barcode44_consensus_vsearch	2789	C	*/-A	369	7	1.85%	2	2	93	93	0.007595497661975396	1	1	150	219	5	2	-A
barcode44_consensus_vsearch	2811	C	*/-T	345	23	6.13%	2	2	93	93	8.361576220545492E-8	1	1	146	199	2	21	-T
barcode44_consensus_vsearch	2817	A	*/+G	282	14	3.74%	2	2	93	93	5.215043465149567E-5	1	1	133	149	6	8	+G
barcode44_consensus_vsearch	2817	A	*/-G	282	52	13.9%	2	2	93	93	2.5777958817703563E-17	1	1	133	149	7	45	-G
barcode44_consensus_vsearch	2817	A	*/-GG	282	23	6.15%	2	2	93	93	7.748911054533384E-8	1	1	133	149	3	20	-G
barcode44_consensus_vsearch	2823	T	*/+C	350	9	2.39%	2	2	93	93	0.0018564935341327294	1	1	148	202	2	7	+C
barcode44_consensus_vsearch	2823	T	*/-C	350	12	3.18%	2	2	93	93	2.2254044117729087E-4	1	1	148	202	2	10	-C
barcode44_consensus_vsearch	2831	G	*/+A	367	8	2.12%	2	2	93	93	0.0037616841729398503	1	1	146	221	7	1	+A
barcode44_consensus_vsearch	2834	G	*/-A	366	9	2.39%	2	1	93	93	0.0018605634655903113	1	1	144	222	9	0	-A
barcode44_consensus_vsearch	2837	C	*/-A	352	21	5.59%	2	1	93	93	3.569804889679908E-7	1	1	153	199	0	21	-A
barcode44_consensus_vsearch	2850	G	*/+T	353	9	2.41%	2	1	93	93	0.0018572836808082116	1	1	151	202	0	9	+T
barcode44_consensus_vsearch	2853	C	*/-T	357	18	4.76%	2	1	93	93	3.0955569052562397E-6	1	1	154	203	0	18	-T
barcode44_consensus_vsearch	2856	T	*/-C	360	12	3.18%	2	2	93	93	2.231040711565667E-4	1	1	145	215	7	5	-C
barcode44_consensus_vsearch	2878	C	*/+A	359	11	2.93%	2	2	93	93	4.5282009445977983E-4	1	1	141	218	10	1	+A
barcode44_consensus_vsearch	2884	T	*/-AC	356	13	3.44%	2	1	93	93	1.096265828921135E-4	1	1	139	217	13	0	-AC
barcode44_consensus_vsearch	2885	A	*/-C	344	10	2.75%	2	2	93	93	9.1563062853207E-4	1	1	132	212	3	7	-C
barcode44_consensus_vsearch	2888	C	*/-G	321	44	11.64%	2	1	93	93	1.431593586325398E-14	1	1	152	169	0	44	-G
barcode44_consensus_vsearch	2892	C	*/+T	323	7	1.86%	2	2	93	93	0.007565435002783988	1	1	149	174	1	6	+T
barcode44_consensus_vsearch	2892	C	*/-T	323	39	10.34%	2	2	93	93	6.167755752984099E-13	1	1	149	174	5	34	-T
barcode44_consensus_vsearch	2901	C	*/-A	347	17	4.55%	2	2	93	93	6.301867353088513E-6	1	1	129	218	13	4	-A
barcode44_consensus_vsearch	2903	A	*/-G	345	7	1.88%	2	2	93	93	0.007580787381458834	1	1	130	215	5	2	-G
barcode44_consensus_vsearch	2905	G	*/-A	360	8	2.16%	2	1	93	93	0.0037589589194791835	1	1	137	223	8	0	-A
barcode44_consensus_vsearch	2911	C	*/-T	364	8	2.12%	2	1	93	93	0.003760528653296498	1	1	155	209	0	8	-T
barcode44_consensus_vsearch	2912	T	*/-C	348	16	4.32%	2	1	93	93	1.2893475733909974E-5	1	1	155	193	0	16	-C
barcode44_consensus_vsearch	2924	T	*/+C	367	7	1.85%	2	1	93	93	0.0075943435189384555	1	1	147	220	7	0	+C
barcode44_consensus_vsearch	2928	T	*/-GT	363	10	2.65%	2	1	93	93	9.186794830860472E-4	1	1	153	210	0	10	-GT
barcode44_consensus_vsearch	2936	G	*/-CG	290	72	19.25%	2	2	93	93	4.1800755620932555E-24	1	1	103	187	36	36	-CG
barcode44_consensus_vsearch	2938	G	*/+A	284	8	2.66%	2	1	93	93	0.0037210562138647782	1	1	99	185	8	0	+A
barcode44_consensus_vsearch	2957	A	*/-G	360	9	2.39%	2	2	93	93	0.0018590780544759323	1	1	151	209	2	7	-G
barcode44_consensus_vsearch	2975	T	*/-A	359	8	2.12%	2	1	93	93	0.003758561188136962	1	1	142	217	8	0	-A
barcode44_consensus_vsearch	2979	G	*/-C	338	26	6.91%	2	2	93	93	9.381168374000839E-9	1	1	148	190	1	25	-C
barcode44_consensus_vsearch	2997	C	*/-T	357	7	1.85%	2	1	93	93	0.0075883836321291274	1	1	136	221	7	0	-T
barcode44_consensus_vsearch	2997	C	*/-TT	357	10	2.65%	2	1	93	93	9.177501681792126E-4	1	1	136	221	10	0	-TT
barcode44_consensus_vsearch	3000	G	*/-A	365	10	2.67%	2	1	93	93	9.189827643807342E-4	1	1	142	223	10	0	-A
barcode44_consensus_vsearch	3010	T	*/-C	330	39	10.37%	2	2	93	93	6.302858232984399E-13	1	1	143	187	8	31	-C
barcode44_consensus_vsearch	3015	C	*/+T	348	12	3.24%	2	1	93	93	2.2242407394092826E-4	1	1	143	205	0	12	+T
barcode44_consensus_vsearch	3016	T	*/-A	348	10	2.73%	2	2	93	93	9.162988826076158E-4	1	1	135	213	5	5	-A
barcode44_consensus_vsearch	3018	A	*/-GA	346	8	2.13%	2	2	93	93	0.003753188125502644	1	1	143	203	7	1	-GA
barcode44_consensus_vsearch	3035	C	*/+A	344	8	2.12%	2	2	93	93	0.003752326609186822	1	1	138	206	5	3	+A
barcode44_consensus_vsearch	3035	C	*/-A	344	12	3.18%	2	2	93	93	2.221875398188334E-4	1	1	138	206	11	1	-A
barcode44_consensus_vsearch	3035	C	*/-AA	344	9	2.39%	2	2	93	93	0.0018548735082316635	1	1	138	206	1	8	-A
barcode44_consensus_vsearch	3058	A	*/-G	360	8	2.12%	2	2	93	93	0.0037589589194791835	1	1	142	218	7	1	-G
barcode44_consensus_vsearch	3062	T	*/+A	336	13	3.45%	2	1	93	93	1.089408872918302E-4	1	1	118	218	13	0	+A
barcode44_consensus_vsearch	3062	T	*/-A	336	23	6.1%	2	2	93	93	8.285154164658538E-8	1	1	118	218	20	3	-A
barcode44_consensus_vsearch	3068	C	*/-T	370	7	1.85%	2	1	93	93	0.007596070166375128	1	1	154	216	0	7	-T
barcode44_consensus_vsearch	3086	T	*/-A	354	20	5.29%	2	2	93	93	7.347140179929136E-7	1	1	153	201	2	18	-A
barcode44_consensus_vsearch	3088	A	*/-G	357	16	4.26%	2	1	93	93	1.2947107227624673E-5	1	1	154	203	0	16	-G
barcode44_consensus_vsearch	3137	C	*/-A	359	7	1.87%	2	2	93	93	0.007589601517637295	1	1	144	215	6	1	-A
barcode44_consensus_vsearch	3143	C	*/+A	334	9	2.39%	2	1	93	93	0.0018520493120850327	1	1	112	222	9	0	+A
barcode44_consensus_vsearch	3143	C	*/-A	334	22	5.85%	2	1	93	93	1.7061913707974897E-7	1	1	112	222	22	0	-A
barcode44_consensus_vsearch	3143	C	*/-AA	334	9	2.39%	2	2	93	93	0.0018520493120850327	1	1	112	222	8	1	-A
barcode44_consensus_vsearch	3145	A	*/-G	360	8	2.17%	2	1	93	93	0.0037589589194791835	1	1	139	221	8	0	-G
barcode44_consensus_vsearch	3146	G	*/+A	318	16	4.34%	2	2	93	93	1.269528226105059E-5	1	1	100	218	14	2	+A
barcode44_consensus_vsearch	3146	G	*/-A	318	31	8.4%	2	2	93	93	2.3196515145224627E-10	1	1	100	218	30	1	-A
barcode44_consensus_vsearch	3155	C	*/-TC	361	11	2.93%	2	2	93	93	4.53006327307631E-4	1	1	152	209	1	10	-TC
barcode44_consensus_vsearch	3156	T	*/+C	348	10	2.73%	2	2	93	93	9.162988826076158E-4	1	1	146	202	7	3	+C
barcode44_consensus_vsearch	3168	T	*/+C	354	9	2.41%	2	2	93	93	0.0018575441998509262	1	1	146	208	5	4	+C
barcode44_consensus_vsearch	3177	T	*/-GT	362	7	1.86%	2	2	93	93	0.007591403729743198	1	1	148	214	6	1	-GT
barcode44_consensus_vsearch	3187	T	*/+G	348	7	1.87%	2	2	93	93	0.007582734311001454	1	1	152	196	2	5	+G
barcode44_consensus_vsearch	3187	T	*/-G	348	11	2.94%	2	1	93	93	4.5175963040571215E-4	1	1	152	196	0	11	-G
barcode44_consensus_vsearch	3188	G	*/+A	345	11	3%	2	2	93	93	4.514593200376986E-4	1	1	141	204	10	1	+A
barcode44_consensus_vsearch	3196	T	*/-C	289	70	18.52%	2	2	93	93	2.029962111369205E-23	1	1	134	155	18	52	-C
barcode44_consensus_vsearch	3196	T	*/-CC	289	11	2.91%	2	1	93	93	4.447833501069152E-4	1	1	134	155	0	11	-C
barcode44_consensus_vsearch	3210	C	*/-A	342	16	4.24%	2	2	93	93	1.2856320775177259E-5	1	1	147	195	7	9	-A
barcode44_consensus_vsearch	3210	C	*/-AA	342	14	3.71%	2	1	93	93	5.357930144762597E-5	1	1	147	195	0	14	-A
barcode44_consensus_vsearch	3215	T	*/-A	334	14	3.74%	2	2	93	93	5.3415880230495246E-5	1	1	153	181	1	13	-A
barcode44_consensus_vsearch	3215	T	*/-AA	334	13	3.48%	2	2	93	93	1.0886814299174589E-4	1	1	153	181	1	12	-A
barcode44_consensus_vsearch	3227	T	*/+C	361	8	2.14%	2	2	93	93	0.0037593545145918465	1	1	143	218	7	1	+C
barcode44_consensus_vsearch	3230	A	*/+C	279	11	2.95%	2	2	93	93	4.433281508204466E-4	1	1	122	157	1	10	+C
barcode44_consensus_vsearch	3230	A	*/-C	279	66	17.69%	2	2	93	93	4.340925851818939E-22	1	1	122	157	21	45	-C
barcode44_consensus_vsearch	3230	A	*/-CC	279	12	3.22%	2	2	93	93	2.1746733732163303E-4	1	1	122	157	8	4	-C
barcode44_consensus_vsearch	3232	C	*/+T	340	7	1.93%	2	2	93	93	0.007577468131623444	1	1	136	204	6	1	+T
barcode44_consensus_vsearch	3234	C	*/-T	357	9	2.38%	2	2	93	93	0.0018583173294912504	1	1	142	215	3	6	-T
barcode44_consensus_vsearch	3235	T	*/+A	345	9	2.44%	2	1	93	93	0.0018551472734618503	1	1	134	211	9	0	+A
barcode44_consensus_vsearch	3242	G	*/+C	356	8	2.13%	2	1	93	93	0.0037573550023158714	1	1	148	208	0	8	+C
barcode44_consensus_vsearch	3244	C	*/+T	361	12	3.19%	2	1	93	93	2.2315882163969882E-4	1	1	151	210	0	12	+T
barcode44_consensus_vsearch	3258	C	*/+T	347	13	3.45%	2	1	93	93	1.093270871914631E-4	1	1	154	193	0	13	+T
barcode44_consensus_vsearch	3258	C	*/-T	347	11	2.92%	2	2	93	93	4.5166007244593905E-4	1	1	154	193	1	10	+T
barcode44_consensus_vsearch	3264	G	*/+T	365	7	1.86%	2	2	93	93	0.007593177034187656	1	1	145	220	6	1	+T
barcode44_consensus_vsearch	3272	C	*/+T	363	11	2.91%	2	1	93	93	4.5319061514943347E-4	1	1	155	208	0	11	+T
barcode44_consensus_vsearch	3285	T	*/+C	246	20	5.39%	2	2	93	93	6.581951230355511E-7	1	1	131	115	14	6	+C
barcode44_consensus_vsearch	3285	T	*/-C	246	67	18.06%	2	2	93	93	1.2903517449669803E-22	1	1	131	115	6	61	-C
barcode44_consensus_vsearch	3285	T	*/-CC	246	26	7.01%	2	1	93	93	7.959600433939235E-9	1	1	131	115	0	26	-C
barcode44_consensus_vsearch	3291	T	*/-G	318	49	13.21%	2	2	93	93	3.19050903778592E-16	1	1	151	167	1	48	-G
barcode44_consensus_vsearch	3293	G	*/-A	353	21	5.57%	2	2	93	93	3.57264783474657E-7	1	1	134	219	20	1	-A
barcode44_consensus_vsearch	3295	G	*/-C	359	14	3.71%	2	2	93	93	5.390433933988049E-5	1	1	141	218	13	1	-C
barcode44_consensus_vsearch	3304	C	*/-TT	359	7	1.86%	2	2	93	93	0.007589601517637295	1	1	145	214	6	1	-TT
barcode44_consensus_vsearch	3309	A	*/-T	364	8	2.12%	2	1	93	93	0.003760528653296498	1	1	151	213	0	8	-T
barcode44_consensus_vsearch	3312	T	*/-C	347	13	3.44%	2	1	93	93	1.093270871914631E-4	1	1	152	195	0	13	-C
barcode44_consensus_vsearch	3313	C	*/-TC	329	21	5.85%	2	2	93	93	3.500505486490111E-7	1	1	153	176	1	20	-TC
barcode44_consensus_vsearch	3317	T	*/-A	331	7	1.91%	2	2	93	93	0.007571247515222922	1	1	142	189	5	2	-A
barcode44_consensus_vsearch	3329	C	*/+A	360	11	2.92%	2	1	93	93	4.5291345592755075E-4	1	1	139	221	11	0	+A
barcode44_consensus_vsearch	3330	G	*/-A	358	11	2.94%	2	2	93	93	4.52726239014979E-4	1	1	141	217	10	1	-A
barcode44_consensus_vsearch	3334	C	*/-A	264	75	19.89%	2	2	93	93	2.634424646149264E-25	1	1	122	142	17	58	-A
barcode44_consensus_vsearch	3334	C	*/-AA	264	27	7.16%	2	2	93	93	3.959784069443287E-9	1	1	122	142	9	18	-A
barcode44_consensus_vsearch	3351	C	*/+G	359	11	2.92%	2	1	93	93	4.5282009445977983E-4	1	1	151	208	0	11	+G
barcode44_consensus_vsearch	3354	T	*/-C	317	53	14.06%	2	2	93	93	1.4930649471733437E-17	1	1	111	206	42	11	-C
barcode44_consensus_vsearch	3357	C	*/-T	365	9	2.38%	2	1	93	93	0.001860319163569236	1	1	155	210	0	9	-T
barcode44_consensus_vsearch	3409	T	*/+C	276	12	3.19%	2	2	93	93	2.172000424664212E-4	1	1	76	200	9	3	+C
barcode44_consensus_vsearch	3409	T	*/-C	276	66	17.55%	2	2	93	93	4.1978865136407955E-22	1	1	76	200	54	12	-C
barcode44_consensus_vsearch	3409	T	*/-CC	276	15	3.99%	2	2	93	93	2.536222479020996E-5	1	1	76	200	9	6	-C
barcode44_consensus_vsearch	3413	C	*/-T	359	13	3.44%	2	2	93	93	1.0972331368377564E-4	1	1	154	205	1	12	-T
barcode44_consensus_vsearch	3417	C	*/-T	345	11	2.93%	2	2	93	93	4.514593200376986E-4	1	1	136	209	1	10	-T
barcode44_consensus_vsearch	3417	C	*/-TT	345	17	4.53%	2	2	93	93	6.295058894297572E-6	1	1	136	209	15	2	-TT
barcode44_consensus_vsearch	3424	T	*/-C	362	15	3.97%	2	2	93	93	2.647778278892089E-5	1	1	140	222	14	1	-C
barcode44_consensus_vsearch	3430	T	*/+A	359	12	3.17%	2	1	93	93	2.230490343830887E-4	1	1	154	205	0	12	+A
barcode44_consensus_vsearch	3435	G	*/+A	351	10	2.69%	2	1	93	93	9.167905354483148E-4	1	1	147	204	0	10	+A
barcode44_consensus_vsearch	3435	G	*/-A	351	7	1.88%	2	2	93	93	0.0075846487975676224	1	1	147	204	2	5	+A
barcode44_consensus_vsearch	3442	T	*/-C	365	10	2.65%	2	2	93	93	9.189827643807342E-4	1	1	148	217	5	5	-C
barcode44_consensus_vsearch	3444	C	*/-T	336	35	9.28%	2	2	93	93	1.254782418917078E-11	1	1	152	184	1	34	-T
barcode44_consensus_vsearch	3446	T	*/-G	354	9	2.38%	2	2	93	93	0.0018575441998509262	1	1	150	204	1	8	-G
barcode44_consensus_vsearch	3449	C	*/-A	344	13	3.45%	2	1	93	93	1.0922402904139998E-4	1	1	153	191	0	13	-A
barcode44_consensus_vsearch	3455	C	*/+T	346	9	2.39%	2	2	93	93	0.0018554195176113948	1	1	149	197	1	8	+T
barcode44_consensus_vsearch	3455	C	*/-TT	346	12	3.18%	2	2	93	93	2.223064470053547E-4	1	1	149	197	3	9	-TT
barcode44_consensus_vsearch	3458	T	*/-C	359	12	3.2%	2	2	93	93	2.230490343830887E-4	1	1	153	206	1	11	-C
barcode44_consensus_vsearch	3466	G	*/+T	365	10	2.65%	2	1	93	93	9.189827643807342E-4	1	1	144	221	10	0	+T
barcode44_consensus_vsearch	3468	T	*/+G	364	8	2.12%	2	1	93	93	0.003760528653296498	1	1	145	219	8	0	+G
barcode44_consensus_vsearch	3484	C	*/+A	354	8	2.12%	2	1	93	93	0.003756539874175904	1	1	132	222	8	0	+A
barcode44_consensus_vsearch	3484	C	*/-A	354	11	2.91%	2	2	93	93	4.52345798270529E-4	1	1	132	222	10	1	-A
barcode44_consensus_vsearch	3506	T	*/+G	366	8	2.12%	2	2	93	93	0.0037613010410949004	1	1	153	213	1	7	+G
barcode44_consensus_vsearch	3517	G	*/+C	323	7	1.86%	2	2	93	93	0.007565435002783988	1	1	138	185	3	4	+C
barcode44_consensus_vsearch	3517	G	*/-C	323	37	9.84%	2	2	93	93	2.7448211227918808E-12	1	1	138	185	6	31	-C
barcode44_consensus_vsearch	3522	C	*/+T	325	10	2.65%	2	1	93	93	9.122428561847083E-4	1	1	146	179	0	10	+T
barcode44_consensus_vsearch	3528	T	*/-C	350	20	5.29%	2	2	93	93	7.325886892928874E-7	1	1	134	216	17	3	-C
barcode44_consensus_vsearch	3533	A	*/-TTA	357	9	2.38%	2	1	93	93	0.0018583173294912504	1	1	143	214	9	0	-TTA
barcode44_consensus_vsearch	3550	T	*/-C	346	25	6.61%	2	1	93	93	1.961680904159959E-8	1	1	125	221	25	0	-C
barcode44_consensus_vsearch	3553	T	*/-A	350	17	4.5%	2	2	93	93	6.311951169429831E-6	1	1	132	218	16	1	-A
barcode44_consensus_vsearch	3555	G	*/+A	351	11	2.95%	2	2	93	93	4.5205508421492045E-4	1	1	149	202	1	10	+A
barcode44_consensus_vsearch	3563	C	*/+A	330	21	5.59%	2	2	93	93	3.5036832245768095E-7	1	1	141	189	7	14	+A
barcode44_consensus_vsearch	3563	C	*/-A	330	16	4.26%	2	2	93	93	1.2778405384928883E-5	1	1	141	189	6	10	+A
barcode44_consensus_vsearch	3576	C	*/-AC	342	30	7.98%	2	2	93	93	5.065462350544995E-10	1	1	126	216	26	4	-AC
barcode44_consensus_vsearch	3580	T	*/-C	356	15	3.97%	2	1	93	93	2.6415830609449168E-5	1	1	136	220	15	0	-C
barcode44_consensus_vsearch	3611	G	*/-A	366	8	2.13%	2	2	93	93	0.0037613010410949004	1	1	146	220	7	1	-A
barcode44_consensus_vsearch	3617	A	*/-G	362	7	1.87%	2	2	93	93	0.007591403729743198	1	1	149	213	4	3	-G
barcode44_consensus_vsearch	3620	C	*/+T	354	9	2.42%	2	1	93	93	0.0018575441998509262	1	1	148	206	0	9	+T
barcode44_consensus_vsearch	3621	C	*/-T	364	10	2.65%	2	1	93	93	9.188315219247524E-4	1	1	154	210	0	10	-T
barcode44_consensus_vsearch	3624	C	*/+T	360	8	2.14%	2	1	93	93	0.0037589589194791835	1	1	150	210	0	8	+T
barcode44_consensus_vsearch	3626	T	*/-G	346	18	4.85%	2	2	93	93	3.075594896654672E-6	1	1	150	196	1	17	-G
barcode44_consensus_vsearch	3634	T	*/+C	350	18	4.77%	2	2	93	93	3.082980231053654E-6	1	1	142	208	12	6	+C
barcode44_consensus_vsearch	3638	A	*/+T	271	15	3.98%	2	2	93	93	2.5278164987947676E-5	1	1	113	158	3	12	+T
barcode44_consensus_vsearch	3638	A	*/-T	271	79	20.95%	2	2	93	93	1.1479315331313556E-26	1	1	113	158	30	49	-T
barcode44_consensus_vsearch	3638	A	*/-TT	271	7	1.86%	2	2	93	93	0.0075195598088442315	1	1	113	158	6	1	-T
barcode44_consensus_vsearch	3645	C	*/+A	330	14	3.73%	2	1	93	93	5.3331457596803516E-5	1	1	144	186	0	14	+A
barcode44_consensus_vsearch	3645	C	*/-A	330	15	4%	2	2	93	93	2.6123899766230564E-5	1	1	144	186	10	5	-A
barcode44_consensus_vsearch	3645	C	*/-AA	330	13	3.47%	2	2	93	93	1.0872021177752496E-4	1	1	144	186	1	12	-A
barcode44_consensus_vsearch	3650	T	*/+A	320	8	2.13%	2	2	93	93	0.003741177272389607	1	1	127	193	4	4	+A
barcode44_consensus_vsearch	3650	T	*/-A	320	37	9.87%	2	2	93	93	2.721203227260476E-12	1	1	127	193	20	17	-A
barcode44_consensus_vsearch	3664	T	*/+C	350	8	2.12%	2	1	93	93	0.00375488254999716	1	1	139	211	0	8	+C
barcode44_consensus_vsearch	3664	T	*/-C	350	16	4.23%	2	2	93	93	1.290560727251044E-5	1	1	139	211	12	4	-C
barcode44_consensus_vsearch	3669	C	*/-ACAC	364	9	2.39%	2	1	93	93	0.0018600735687751945	1	1	143	221	9	0	-ACAC
barcode44_consensus_vsearch	3671	C	*/-AC	323	39	10.68%	2	2	93	93	6.167755752984099E-13	1	1	114	209	28	11	-AC
barcode44_consensus_vsearch	3681	A	*/+G	355	9	2.39%	2	1	93	93	0.0018578033066990803	1	1	147	208	0	9	+G
barcode44_consensus_vsearch	3681	A	*/-G	355	8	2.12%	2	2	93	93	0.003756948550684337	1	1	147	208	5	3	+G
barcode44_consensus_vsearch	3689	A	*/+G	353	8	2.17%	2	2	93	93	0.0037561289544741916	1	1	134	219	7	1	+G
barcode44_consensus_vsearch	3696	A	*/+T	362	10	2.66%	2	1	93	93	9.185266415574814E-4	1	1	152	210	0	10	+T
barcode44_consensus_vsearch	3698	A	*/+G	156	139	37.07%	2	2	93	93	6.038255077703507E-52	1	1	45	111	60	79	+G
barcode44_consensus_vsearch	3698	A	*/-G	156	57	15.2%	2	2	93	93	9.079146219600956E-20	1	1	45	111	32	25	+G
barcode44_consensus_vsearch	3698	A	*/-GG	156	8	2.13%	2	2	93	93	0.0035794408926960136	1	1	45	111	3	5	+G
barcode44_consensus_vsearch	3702	G	*/+A	333	15	3.98%	2	2	93	93	2.6159683280048882E-5	1	1	137	196	7	8	+A
barcode44_consensus_vsearch	3702	G	*/-A	333	9	2.39%	2	2	93	93	0.001851757938835181	1	1	137	196	6	3	+A
barcode44_consensus_vsearch	3702	G	*/-AA	333	7	1.86%	2	2	93	93	0.007572658162744914	1	1	137	196	2	5	+A
barcode44_consensus_vsearch	3705	A	*/-G	359	10	2.65%	2	2	93	93	9.18063236778659E-4	1	1	150	209	4	6	-G
barcode44_consensus_vsearch	3706	G	*/+C	353	9	2.45%	2	1	93	93	0.0018572836808082116	1	1	151	202	0	9	+C
barcode44_consensus_vsearch	3707	G	*/-CC	356	8	2.12%	2	1	93	93	0.0037573550023158714	1	1	140	216	8	0	-CC
barcode44_consensus_vsearch	3710	C	*/-G	350	12	3.18%	2	1	93	93	2.2254044117729087E-4	1	1	153	197	0	12	-G
barcode44_consensus_vsearch	3712	G	*/-C	356	16	4.24%	2	2	93	93	1.294126829321477E-5	1	1	146	210	7	9	-C
barcode44_consensus_vsearch	3714	C	*/-G	362	9	2.38%	2	1	93	93	0.0018595784596105505	1	1	153	209	0	9	-G
barcode44_consensus_vsearch	3717	A	*/-C	364	7	1.85%	2	2	93	93	0.007592589101619866	1	1	147	217	6	1	-C
barcode44_consensus_vsearch	3736	C	*/-G	360	8	2.14%	2	1	93	93	0.0037589589194791835	1	1	155	205	0	8	-G
barcode44_consensus_vsearch	3750	A	*/+G	349	8	2.14%	2	1	93	93	0.0037544624702808165	1	1	145	204	0	8	+G
barcode44_consensus_vsearch	3750	A	*/-G	349	7	1.88%	2	2	93	93	0.007583376037704121	1	1	145	204	1	6	+G
barcode44_consensus_vsearch	3752	G	*/-C	361	9	2.39%	2	1	93	93	0.0018593289243356043	1	1	140	221	9	0	-C
barcode44_consensus_vsearch	3755	C	*/-A	336	20	5.31%	2	1	93	93	7.248160449149638E-7	1	1	121	215	20	0	-A
barcode44_consensus_vsearch	3772	C	*/+T	286	29	7.67%	2	2	93	93	9.481582545588265E-10	1	1	127	159	7	22	+T
barcode44_consensus_vsearch	3772	C	*/-T	286	50	13.23%	2	2	93	93	1.2386887408722508E-16	1	1	127	159	20	30	-T
barcode44_consensus_vsearch	3772	C	*/-TT	286	9	2.38%	2	2	93	93	0.0018358721342322745	1	1	127	159	1	8	-T
barcode44_consensus_vsearch	3801	C	*/+T	368	8	2.12%	2	2	93	93	0.003762065284927124	1	1	153	215	1	7	+T
barcode44_consensus_vsearch	3805	T	*/-G	355	21	5.56%	2	1	93	93	3.578293770447646E-7	1	1	153	202	0	21	-G
barcode44_consensus_vsearch	3811	T	*/-G	355	11	2.94%	2	1	93	93	4.524416693284004E-4	1	1	152	203	0	11	-G
barcode44_consensus_vsearch	3822	C	*/-G	352	11	2.93%	2	1	93	93	4.521525098793472E-4	1	1	154	198	0	11	-G
barcode44_consensus_vsearch	3832	C	*/-A	361	9	2.39%	2	1	93	93	0.0018593289243356043	1	1	141	220	9	0	-A
barcode44_consensus_vsearch	3842	G	*/-C	360	8	2.14%	2	2	93	93	0.0037589589194791835	1	1	148	212	3	5	-C
barcode44_consensus_vsearch	3846	T	*/-C	328	45	11.97%	2	1	93	93	6.92365978159258E-15	1	1	108	220	45	0	-C
barcode44_consensus_vsearch	3862	T	*/+A	354	13	3.46%	2	1	93	93	1.0956125007602598E-4	1	1	137	217	13	0	+A
barcode44_consensus_vsearch	3864	A	*/-G	343	17	4.5%	2	2	93	93	6.2881804723387425E-6	1	1	146	197	3	14	-G
barcode44_consensus_vsearch	3881	T	*/-C	364	8	2.14%	2	1	93	93	0.003760528653296498	1	1	154	210	0	8	-C
barcode44_consensus_vsearch	3887	C	*/-A	361	12	3.17%	2	1	93	93	2.2315882163969882E-4	1	1	155	206	0	12	-A
barcode44_consensus_vsearch	3900	C	*/+A	279	32	8.49%	2	2	93	93	1.0047883250458158E-10	1	1	81	198	21	11	+A
barcode44_consensus_vsearch	3900	C	*/-A	279	44	11.67%	2	2	93	93	1.1808389839501456E-14	1	1	81	198	38	6	-A
barcode44_consensus_vsearch	3907	G	*/-C	362	7	1.86%	2	2	93	93	0.007591403729743198	1	1	152	210	3	4	-C
barcode44_consensus_vsearch	3936	T	*/+C	304	11	2.95%	2	2	93	93	4.467977863964895E-4	1	1	132	172	1	10	+C
barcode44_consensus_vsearch	3936	T	*/-C	304	52	13.94%	2	2	93	93	2.97631328668938E-17	1	1	132	172	18	34	-C
barcode44_consensus_vsearch	3945	C	*/-G	358	12	3.2%	2	2	93	93	2.2299370906875363E-4	1	1	150	208	1	11	-G
barcode44_consensus_vsearch	3957	A	*/-T	325	40	10.64%	2	1	93	93	2.93728756543051E-13	1	1	109	216	40	0	-T
barcode44_consensus_vsearch	3964	C	*/-GC	361	13	3.44%	2	2	93	93	1.0978697048549478E-4	1	1	147	214	6	7	-GC
barcode44_consensus_vsearch	3972	G	*/-C	350	11	2.98%	2	2	93	93	4.519571319415402E-4	1	1	130	220	10	1	-C
barcode44_consensus_vsearch	3974	C	*/+T	352	13	3.44%	2	1	93	93	1.0949522829117917E-4	1	1	151	201	0	13	+T
barcode44_consensus_vsearch	3974	C	*/-T	352	8	2.12%	2	1	93	93	0.0037557157730633696	1	1	151	201	0	8	+T
barcode44_consensus_vsearch	3976	T	*/-C	356	11	2.93%	2	2	93	93	4.525370304418123E-4	1	1	144	212	2	9	-C
barcode44_consensus_vsearch	3978	C	*/+T	334	8	2.14%	2	1	93	93	0.003747869361231707	1	1	145	189	0	8	+T
barcode44_consensus_vsearch	3978	C	*/-T	334	18	4.81%	2	2	93	93	3.0525205936064655E-6	1	1	145	189	3	15	-T
barcode44_consensus_vsearch	3980	T	*/-G	348	24	6.4%	2	1	93	93	4.063372783737381E-8	1	1	152	196	0	24	-G
barcode44_consensus_vsearch	3997	T	*/-C	363	9	2.39%	2	1	93	93	0.0018598266709216763	1	1	154	209	0	9	-C
barcode44_consensus_vsearch	4004	C	*/-T	366	8	2.12%	2	1	93	93	0.0037613010410949004	1	1	154	212	0	8	-T
barcode44_consensus_vsearch	4011	T	*/-C	359	13	3.48%	2	2	93	93	1.0972331368377564E-4	1	1	139	220	12	1	-C
barcode44_consensus_vsearch	4013	C	*/+G	324	12	3.19%	2	2	93	93	2.2092319542467036E-4	1	1	136	188	8	4	+G
barcode44_consensus_vsearch	4013	C	*/-G	324	30	7.98%	2	2	93	93	4.904306311041738E-10	1	1	136	188	5	25	-G
barcode44_consensus_vsearch	4022	G	*/+C	319	17	4.56%	2	2	93	93	6.199765720397519E-6	1	1	112	207	10	7	+C
barcode44_consensus_vsearch	4022	G	*/-C	319	22	5.9%	2	2	93	93	1.680449094153023E-7	1	1	112	207	20	2	-C
barcode44_consensus_vsearch	4025	C	*/+T	355	7	1.85%	2	1	93	93	0.00758715236559033	1	1	150	205	0	7	+T
barcode44_consensus_vsearch	4025	C	*/-T	355	11	2.91%	2	2	93	93	4.524416693284004E-4	1	1	150	205	1	10	-T
barcode44_consensus_vsearch	4028	A	*/+C	349	10	2.65%	2	1	93	93	9.164636628305845E-4	1	1	151	198	0	10	+C
barcode44_consensus_vsearch	4028	A	*/-C	349	13	3.44%	2	1	93	93	1.0939487979221406E-4	1	1	151	198	0	13	-C
barcode44_consensus_vsearch	4038	A	*/-C	364	7	1.87%	2	2	93	93	0.007592589101619866	1	1	146	218	4	3	-C
barcode44_consensus_vsearch	4048	A	*/+T	363	8	2.12%	2	1	93	93	0.003760139364613456	1	1	152	211	0	8	+T
barcode44_consensus_vsearch	4065	C	*/-T	364	9	2.39%	2	1	93	93	0.0018600735687751945	1	1	154	210	0	9	-T
barcode44_consensus_vsearch	4066	T	*/+C	355	7	1.9%	2	2	93	93	0.00758715236559033	1	1	147	208	6	1	+C
barcode44_consensus_vsearch	4075	G	*/-A	359	12	3.18%	2	2	93	93	2.230490343830887E-4	1	1	139	220	11	1	-A
barcode44_consensus_vsearch	4085	A	*/-G	326	43	11.44%	2	2	93	93	3.100947096089903E-14	1	1	125	201	24	19	-G
barcode44_consensus_vsearch	4091	G	*/-A	367	7	1.86%	2	2	93	93	0.0075943435189384555	1	1	148	219	5	2	-A
barcode44_consensus_vsearch	4097	T	*/+G	363	9	2.38%	2	1	93	93	0.0018598266709216763	1	1	152	211	0	9	+G
barcode44_consensus_vsearch	4117	C	*/-A	358	7	1.88%	2	1	93	93	0.007588994233841693	1	1	141	217	7	0	-A
barcode44_consensus_vsearch	4134	A	*/-GA	353	11	2.94%	2	1	93	93	4.522494131681259E-4	1	1	132	221	11	0	-GA
barcode44_consensus_vsearch	4135	G	*/-AAG	346	10	2.76%	2	2	93	93	9.159665973031879E-4	1	1	128	218	9	1	-AAG
barcode44_consensus_vsearch	4141	A	*/-TTA	351	13	3.49%	2	1	93	93	1.0946195562417223E-4	1	1	149	202	0	13	-TTA
barcode44_consensus_vsearch	4150	C	*/-A	364	9	2.4%	2	1	93	93	0.0018600735687751945	1	1	145	219	9	0	-A
barcode44_consensus_vsearch	4155	G	*/-TG	362	7	1.88%	2	1	93	93	0.007591403729743198	1	1	151	211	0	7	-TG
barcode44_consensus_vsearch	4159	G	*/+C	352	13	3.47%	2	2	93	93	1.0949522829117917E-4	1	1	144	208	6	7	+C
barcode44_consensus_vsearch	4164	G	*/-A	361	9	2.41%	2	2	93	93	0.0018593289243356043	1	1	142	219	8	1	-A
barcode44_consensus_vsearch	4166	A	*/-G	352	13	3.44%	2	2	93	93	1.0949522829117917E-4	1	1	141	211	5	8	-G
barcode44_consensus_vsearch	4171	A	*/+T	351	12	3.19%	2	2	93	93	2.225981587098957E-4	1	1	131	220	11	1	+T
barcode44_consensus_vsearch	4173	T	*/-G	367	8	2.12%	2	2	93	93	0.0037616841729398503	1	1	154	213	1	7	-G
barcode44_consensus_vsearch	4175	G	*/+T	293	16	4.24%	2	2	93	93	1.2502938907159318E-5	1	1	91	202	14	2	+T
barcode44_consensus_vsearch	4175	G	*/-T	293	51	13.53%	2	2	93	93	5.997512747492426E-17	1	1	91	202	39	12	-T
barcode44_consensus_vsearch	4175	G	*/-TT	293	9	2.39%	2	2	93	93	0.0018385463831056318	1	1	91	202	6	3	-T
barcode44_consensus_vsearch	4182	A	*/+T	365	7	1.86%	2	1	93	93	0.007593177034187656	1	1	151	214	0	7	+T
barcode44_consensus_vsearch	4183	T	*/+C	364	7	1.86%	2	2	93	93	0.007592589101619866	1	1	147	217	6	1	+C
barcode44_consensus_vsearch	4196	T	*/-C	341	28	7.45%	2	2	93	93	2.1880100323109393E-9	1	1	134	207	16	12	-C
barcode44_consensus_vsearch	4213	A	*/-T	333	33	8.8%	2	2	93	93	5.471117178665002E-11	1	1	123	210	24	9	-T
barcode44_consensus_vsearch	4251	T	*/-C	343	31	8.24%	2	2	93	93	2.435153407104943E-10	1	1	125	218	29	2	-C
barcode44_consensus_vsearch	4260	T	*/-A	348	22	5.88%	2	2	93	93	1.7285911836916057E-7	1	1	133	215	21	1	-A
barcode44_consensus_vsearch	4262	A	*/-G	365	7	1.87%	2	2	93	93	0.007593177034187656	1	1	146	219	6	1	-G
barcode44_consensus_vsearch	4301	T	*/+C	351	19	5.07%	2	1	93	93	1.5048331765837159E-6	1	1	154	197	0	19	+C
barcode44_consensus_vsearch	4302	T	*/-C	351	21	5.56%	2	2	93	93	3.5669485016956707E-7	1	1	153	198	1	20	-C
barcode44_consensus_vsearch	4333	A	*/-G	355	7	1.88%	2	2	93	93	0.00758715236559033	1	1	144	211	5	2	-G
barcode44_consensus_vsearch	4351	C	*/+T	326	9	2.4%	2	1	93	93	0.001849670331098783	1	1	153	173	0	9	+T
barcode44_consensus_vsearch	4351	C	*/-T	326	38	10.13%	2	1	93	93	1.3136703283407325E-12	1	1	153	173	0	38	-T
barcode44_consensus_vsearch	4356	A	*/-G	363	7	1.87%	2	1	93	93	0.0075919980086515786	1	1	144	219	7	0	-G
