Chrom	Position	Ref	Cons	Reads1	Reads2	VarFreq	Strands1	Strands2	Qual1	Qual2	Pvalue	MapQual1	MapQual2	Reads1Plus	Reads1Minus	Reads2Plus	Reads2Minus	VarAllele
barcode86_consensus_vsearch	79	G	R	236	11	4.4%	2	1	93	93	4.3577623661818937E-4	1	1	140	96	11	0	A
barcode86_consensus_vsearch	205	C	Y	236	8	3.23%	2	2	93	93	0.0036851193347710583	1	1	146	90	3	5	T
barcode86_consensus_vsearch	214	T	W	225	9	3.75%	2	1	93	93	0.0018059382541162866	1	1	136	89	9	0	A
barcode86_consensus_vsearch	267	G	R	236	8	3.24%	2	2	93	93	0.0036851193347710583	1	1	145	91	7	1	A
barcode86_consensus_vsearch	272	G	R	162	84	34.15%	2	2	93	93	9.574506715140474E-30	1	1	101	61	48	36	A
barcode86_consensus_vsearch	356	C	Y	234	10	4.07%	2	1	93	93	8.889036112835749E-4	1	1	149	85	0	10	T
barcode86_consensus_vsearch	357	C	Y	237	11	4.42%	2	1	93	93	4.359805386517798E-4	1	1	151	86	0	11	T
barcode86_consensus_vsearch	446	T	Y	233	12	4.84%	2	2	93	93	2.126824591413993E-4	1	1	150	83	2	10	C
barcode86_consensus_vsearch	462	G	R	234	14	5.65%	2	1	93	93	5.0543007890282774E-5	1	1	138	96	14	0	A
barcode86_consensus_vsearch	474	T	Y	238	7	2.82%	2	2	93	93	0.007480431384223459	1	1	150	88	1	6	C
barcode86_consensus_vsearch	512	A	R	218	13	5.26%	2	2	93	93	1.0262165255618348E-4	1	1	127	91	11	2	G
barcode86_consensus_vsearch	514	A	R	233	14	5.62%	2	1	93	93	5.050333075042182E-5	1	1	135	98	14	0	G
barcode86_consensus_vsearch	516	G	R	203	37	15.29%	2	1	93	93	1.6179934143329581E-12	1	1	105	98	37	0	A
barcode86_consensus_vsearch	517	G	R	236	13	5.22%	2	1	93	93	1.0395109422588356E-4	1	1	138	98	13	0	A
barcode86_consensus_vsearch	524	C	Y	223	7	2.8%	2	2	93	93	0.007458967428082863	1	1	147	76	1	6	+T
barcode86_consensus_vsearch	547	A	R	236	8	3.25%	2	1	93	93	0.0036851193347710583	1	1	140	96	8	0	G
barcode86_consensus_vsearch	598	G	R	242	8	3.2%	2	1	93	93	0.003690355937378303	1	1	144	98	8	0	A
barcode86_consensus_vsearch	694	A	R	229	18	7.26%	2	2	93	93	2.766818791621206E-6	1	1	134	95	17	1	G
barcode86_consensus_vsearch	727	G	R	241	7	2.81%	2	1	93	93	0.007484415214222657	1	1	143	98	7	0	A
barcode86_consensus_vsearch	730	T	K	242	7	2.81%	2	1	93	93	0.007485722003053852	1	1	144	98	7	0	G
barcode86_consensus_vsearch	738	C	S	144	7	2.8%	2	1	93	93	0.007276525855895998	1	1	102	42	7	0	+G
barcode86_consensus_vsearch	739	C	S	212	21	8.4%	2	2	93	93	2.9756383497132715E-7	1	1	139	73	12	9	G
barcode86_consensus_vsearch	740	C	S	226	7	2.8%	2	2	93	93	0.007463479333376833	1	1	149	77	2	5	+T
barcode86_consensus_vsearch	740	C	Y	226	8	3.2%	2	1	93	93	0.003675803526076434	1	1	149	77	0	8	T
barcode86_consensus_vsearch	742	C	Y	231	17	6.8%	2	1	93	93	5.7449664289726325E-6	1	1	152	79	0	17	T
barcode86_consensus_vsearch	790	A	R	230	16	6.43%	2	2	93	93	1.1861231863206785E-5	1	1	136	94	14	2	G
barcode86_consensus_vsearch	831	A	R	237	8	3.21%	2	2	93	93	0.003686009667588161	1	1	141	96	7	1	G
barcode86_consensus_vsearch	902	A	R	242	7	2.81%	2	2	93	93	0.007485722003053852	1	1	145	97	6	1	G
barcode86_consensus_vsearch	957	T	Y	240	10	4%	2	2	93	93	8.909515133367017E-4	1	1	151	89	1	9	C
barcode86_consensus_vsearch	1090	C	Y	228	12	4.82%	2	1	93	93	2.1205703996137238E-4	1	1	150	78	0	12	T
barcode86_consensus_vsearch	1162	G	R	134	13	8.55%	2	1	93	93	9.251955864443029E-5	1	1	81	53	13	0	A
barcode86_consensus_vsearch	1183	G	R	239	8	3.24%	2	1	93	93	0.0036877690019176544	1	1	144	95	8	0	A
barcode86_consensus_vsearch	1191	A	R	225	11	4.44%	2	2	93	93	4.334189676817625E-4	1	1	136	89	10	1	G
barcode86_consensus_vsearch	1242	C	Y	230	12	4.84%	2	1	93	93	2.1231016338203528E-4	1	1	148	82	0	12	T
barcode86_consensus_vsearch	1379	C	Y	149	95	38.31%	2	2	93	93	2.6654730433796773E-34	1	1	88	61	61	34	T
barcode86_consensus_vsearch	1402	A	R	239	10	4%	2	1	93	93	8.906168627115857E-4	1	1	142	97	10	0	G
barcode86_consensus_vsearch	1420	G	R	235	13	5.2%	2	1	93	93	1.0388201196169096E-4	1	1	138	97	13	0	A
barcode86_consensus_vsearch	1474	C	Y	231	11	4.4%	2	2	93	93	4.3473033454469255E-4	1	1	145	86	1	10	T
barcode86_consensus_vsearch	1482	C	Y	238	11	4.4%	2	2	93	93	4.3618325858222517E-4	1	1	150	88	1	10	T
barcode86_consensus_vsearch	1491	G	R	211	12	5.26%	2	1	93	93	2.0973150235371546E-4	1	1	128	83	12	0	A
barcode86_consensus_vsearch	1492	G	R	238	8	3.21%	2	1	93	93	0.0036868928614731586	1	1	140	98	8	0	A
barcode86_consensus_vsearch	1550	T	Y	237	7	2.83%	2	1	93	93	0.007479081856645369	1	1	150	87	0	7	C
barcode86_consensus_vsearch	1613	A	R	195	30	12.35%	2	1	93	93	3.3072076802006337E-10	1	1	97	98	30	0	G
barcode86_consensus_vsearch	1614	C	Y	215	14	5.6%	2	2	93	93	4.973428022334695E-5	1	1	118	97	13	1	T
barcode86_consensus_vsearch	1619	G	R	216	22	9.17%	2	1	93	93	1.4339284531411858E-7	1	1	119	97	22	0	A
barcode86_consensus_vsearch	1678	G	K	235	8	3.2%	2	1	93	93	0.003684221776127662	1	1	140	95	8	0	T
barcode86_consensus_vsearch	1916	A	R	238	7	2.81%	2	1	93	93	0.007480431384223459	1	1	143	95	7	0	G
barcode86_consensus_vsearch	1928	G	R	182	11	5.64%	2	1	93	93	4.217452292539659E-4	1	1	118	64	11	0	A
barcode86_consensus_vsearch	1934	T	Y	235	14	5.6%	2	2	93	93	5.0582388118107997E-5	1	1	150	85	1	13	C
barcode86_consensus_vsearch	1942	A	R	216	22	8.8%	2	2	93	93	1.4339284531411858E-7	1	1	121	95	21	1	G
barcode86_consensus_vsearch	1945	C	Y	236	12	4.8%	2	2	93	93	2.1304616012492923E-4	1	1	151	85	1	11	T
barcode86_consensus_vsearch	2039	A	R	227	14	5.67%	2	2	93	93	5.025884107193111E-5	1	1	134	93	13	1	G
barcode86_consensus_vsearch	2042	G	R	235	8	3.27%	2	1	93	93	0.003684221776127662	1	1	140	95	8	0	A
barcode86_consensus_vsearch	2115	C	Y	207	33	13.47%	2	1	93	93	3.573884543222237E-11	1	1	151	56	0	33	T
barcode86_consensus_vsearch	2129	G	R	233	11	4.49%	2	1	93	93	4.351536507121341E-4	1	1	137	96	11	0	A
barcode86_consensus_vsearch	2172	T	Y	222	16	6.48%	2	2	93	93	1.1757842701133939E-5	1	1	148	74	1	15	C
barcode86_consensus_vsearch	2223	A	R	238	8	3.2%	2	2	93	93	0.0036868928614731586	1	1	142	96	7	1	G
barcode86_consensus_vsearch	2227	C	Y	232	9	3.6%	2	1	93	93	0.0018101271688386934	1	1	146	86	0	9	T
barcode86_consensus_vsearch	2231	C	S	220	7	2.99%	2	1	93	93	0.007454337359329176	1	1	135	85	7	0	+T
barcode86_consensus_vsearch	2232	C	S	235	8	3.25%	2	1	93	93	0.003684221776127662	1	1	139	96	8	0	G
barcode86_consensus_vsearch	2233	C	Y	229	8	3.21%	2	2	93	93	0.0036786796343901236	1	1	149	80	1	7	-G
barcode86_consensus_vsearch	2261	G	R	152	91	37.14%	2	2	93	93	1.1735856074360264E-32	1	1	90	62	56	35	A
barcode86_consensus_vsearch	2262	G	R	162	85	34.14%	2	2	93	93	3.971575300704768E-30	1	1	99	63	50	35	A
barcode86_consensus_vsearch	2266	G	R	163	84	33.6%	2	2	93	93	9.989851983369608E-30	1	1	98	65	52	32	A
barcode86_consensus_vsearch	2305	G	R	229	8	3.36%	2	2	93	93	0.0036786796343901236	1	1	142	87	7	1	A
barcode86_consensus_vsearch	2306	G	R	217	23	9.35%	2	2	93	93	6.855613166772501E-8	1	1	127	90	21	2	A
barcode86_consensus_vsearch	2309	A	R	208	7	3.23%	2	1	93	93	0.007434537497224064	1	1	113	95	7	0	G
barcode86_consensus_vsearch	2321	A	R	240	7	2.83%	2	2	93	93	0.007483097933064014	1	1	147	93	5	2	G
barcode86_consensus_vsearch	2394	A	R	243	7	2.8%	2	1	93	93	0.007487018424394727	1	1	145	98	7	0	G
barcode86_consensus_vsearch	2498	C	Y	239	9	3.6%	2	1	93	93	0.001814084347407265	1	1	151	88	0	9	T
barcode86_consensus_vsearch	2507	G	R	231	8	3.31%	2	1	93	93	0.0036805574954856175	1	1	143	88	8	0	A
barcode86_consensus_vsearch	2517	T	Y	238	8	3.24%	2	2	93	93	0.0036868928614731586	1	1	146	92	3	5	C
barcode86_consensus_vsearch	2527	G	R	223	7	3.03%	2	1	93	93	0.007458967428082863	1	1	135	88	7	0	A
barcode86_consensus_vsearch	2531	G	R	166	82	32.8%	2	2	93	93	6.503953225058483E-29	1	1	100	66	50	32	A
barcode86_consensus_vsearch	2571	T	W	221	7	2.86%	2	1	93	93	0.007455894130096957	1	1	131	90	7	0	A
barcode86_consensus_vsearch	2571	T	Y	221	14	5.71%	2	2	93	93	5.0002770675582806E-5	1	1	131	90	8	6	C
barcode86_consensus_vsearch	2573	A	R	225	8	3.31%	2	1	93	93	0.0036748286042396724	1	1	129	96	8	0	G
barcode86_consensus_vsearch	2584	A	R	237	12	4.8%	2	2	93	93	2.131655349948094E-4	1	1	141	96	11	1	G
barcode86_consensus_vsearch	2689	C	Y	225	7	2.8%	2	2	93	93	0.0074619882138406745	1	1	142	83	1	6	-AA
barcode86_consensus_vsearch	2698	C	Y	229	16	6.4%	2	2	93	93	1.1848641435763499E-5	1	1	148	81	1	15	T
barcode86_consensus_vsearch	2707	T	Y	240	8	3.21%	2	2	93	93	0.003688638173064166	1	1	151	89	1	7	C
barcode86_consensus_vsearch	2744	G	R	235	10	4.07%	2	1	93	93	8.892517004154109E-4	1	1	142	93	10	0	A
barcode86_consensus_vsearch	2764	A	R	206	8	3.28%	2	1	93	93	0.0036546013500883302	1	1	137	69	8	0	-G
barcode86_consensus_vsearch	2819	C	Y	234	13	5.24%	2	2	93	93	1.0381240209820479E-4	1	1	137	97	12	1	T
barcode86_consensus_vsearch	2846	G	R	224	23	9.27%	2	1	93	93	6.96924636202678E-8	1	1	127	97	23	0	A
barcode86_consensus_vsearch	2890	T	Y	241	8	3.21%	2	1	93	93	0.0036895004577195047	1	1	152	89	0	8	C
barcode86_consensus_vsearch	3054	A	R	239	7	2.8%	2	1	93	93	0.0074817700326852326	1	1	145	94	7	0	G
barcode86_consensus_vsearch	3089	A	R	241	7	2.81%	2	2	93	93	0.007484415214222657	1	1	147	94	5	2	G
barcode86_consensus_vsearch	3237	G	R	226	18	7.23%	2	1	93	93	2.7555050429337695E-6	1	1	129	97	18	0	A
barcode86_consensus_vsearch	3241	G	K	238	9	3.6%	2	1	93	93	0.0018135324927119494	1	1	140	98	9	0	T
barcode86_consensus_vsearch	3323	C	Y	242	7	2.8%	2	1	93	93	0.007485722003053852	1	1	151	91	0	7	T
barcode86_consensus_vsearch	3324	C	Y	222	16	6.4%	2	2	93	93	1.1757842701133939E-5	1	1	146	76	1	15	T
barcode86_consensus_vsearch	3380	T	Y	242	8	3.2%	2	2	93	93	0.003690355937378303	1	1	147	95	5	3	C
barcode86_consensus_vsearch	3397	G	R	242	7	2.81%	2	1	93	93	0.007485722003053852	1	1	144	98	7	0	A
barcode86_consensus_vsearch	3624	T	Y	232	7	2.86%	2	2	93	93	0.007472166294706969	1	1	144	88	3	4	C
barcode86_consensus_vsearch	3681	T	Y	141	106	42.4%	2	2	93	93	6.180882741609244E-39	1	1	80	61	70	36	C
barcode86_consensus_vsearch	3685	C	Y	240	7	2.8%	2	1	93	93	0.007483097933064014	1	1	151	89	0	7	T
barcode86_consensus_vsearch	3724	C	Y	229	11	4.44%	2	2	93	93	4.343002259471887E-4	1	1	145	84	1	10	T
barcode86_consensus_vsearch	3725	G	R	234	8	3.24%	2	1	93	93	0.00368331690336814	1	1	140	94	8	0	A
barcode86_consensus_vsearch	3726	C	Y	211	19	7.72%	2	1	93	93	1.2947081676885062E-6	1	1	145	66	0	19	T
barcode86_consensus_vsearch	3736	C	Y	235	9	3.6%	2	1	93	93	0.0018118503395958998	1	1	151	84	0	9	T
barcode86_consensus_vsearch	3743	A	R	231	12	4.9%	2	1	93	93	2.124352356435401E-4	1	1	133	98	12	0	G
barcode86_consensus_vsearch	3750	G	R	193	52	21.22%	2	1	93	93	1.071824276246715E-17	1	1	98	95	52	0	A
barcode86_consensus_vsearch	3775	A	R	239	7	2.81%	2	1	93	93	0.0074817700326852326	1	1	141	98	7	0	G
barcode86_consensus_vsearch	3838	G	R	241	7	2.8%	2	1	93	93	0.007484415214222657	1	1	143	98	7	0	A
barcode86_consensus_vsearch	3907	T	Y	240	7	2.81%	2	1	93	93	0.007483097933064014	1	1	149	91	0	7	C
barcode86_consensus_vsearch	3990	T	Y	237	7	2.85%	2	2	93	93	0.007479081856645369	1	1	143	94	5	2	C
barcode86_consensus_vsearch	4053	C	Y	235	10	4%	2	1	93	93	8.892517004154109E-4	1	1	150	85	0	10	T
barcode86_consensus_vsearch	4060	C	Y	195	53	21.2%	2	1	93	93	4.929983122586706E-18	1	1	152	43	0	53	T
barcode86_consensus_vsearch	4072	G	R	236	11	4.42%	2	1	93	93	4.3577623661818937E-4	1	1	141	95	11	0	A
barcode86_consensus_vsearch	4090	C	Y	240	7	2.8%	2	2	93	93	0.007483097933064014	1	1	150	90	1	6	T
barcode86_consensus_vsearch	4102	A	R	231	10	4.03%	2	1	93	93	8.878425014170833E-4	1	1	137	94	10	0	G
barcode86_consensus_vsearch	4111	A	R	240	7	2.8%	2	2	93	93	0.007483097933064014	1	1	146	94	4	3	G
barcode86_consensus_vsearch	4142	G	R	238	8	3.2%	2	2	93	93	0.0036868928614731586	1	1	143	95	6	2	A
barcode86_consensus_vsearch	4144	G	R	242	7	2.81%	2	1	93	93	0.007485722003053852	1	1	145	97	7	0	A
barcode86_consensus_vsearch	4182	A	R	234	9	3.63%	2	1	93	93	0.0018112805803138848	1	1	141	93	9	0	G
barcode86_consensus_vsearch	4202	T	Y	232	7	2.81%	2	2	93	93	0.007472166294706969	1	1	141	91	1	6	C
barcode86_consensus_vsearch	4319	C	Y	242	7	2.8%	2	2	93	93	0.007485722003053852	1	1	150	92	2	5	T
