Chrom	Position	Ref	Cons	Reads1	Reads2	VarFreq	Strands1	Strands2	Qual1	Qual2	Pvalue	MapQual1	MapQual2	Reads1Plus	Reads1Minus	Reads2Plus	Reads2Minus	VarAllele
barcode25_consensus_vsearch	170	A	*/-C	78	8	8.7%	2	2	93	93	0.003294676183715407	1	1	44	34	4	4	-C
barcode25_consensus_vsearch	208	T	*/-C	77	9	9.89%	2	2	93	93	0.0015669801361578532	1	1	47	30	1	8	-C
barcode25_consensus_vsearch	251	A	*/-G	84	7	7.61%	2	2	93	93	0.00693125337097071	1	1	49	35	1	6	-G
barcode25_consensus_vsearch	319	A	*/-G	77	10	10.87%	2	2	93	93	7.427304691615481E-4	1	1	38	39	9	1	-G
barcode25_consensus_vsearch	348	A	*/-G	76	10	10.87%	2	2	93	93	7.40229880270761E-4	1	1	47	29	1	9	-G
barcode25_consensus_vsearch	369	G	*/-C	64	10	10.87%	2	2	93	93	7.054802053515234E-4	1	1	45	19	3	7	-C
barcode25_consensus_vsearch	369	G	*/-CC	64	10	10.87%	2	1	93	93	7.054802053515234E-4	1	1	45	19	0	10	-C
barcode25_consensus_vsearch	392	T	*/-C	80	11	11.96%	2	2	93	93	3.5424699703522257E-4	1	1	46	34	4	7	-C
barcode25_consensus_vsearch	451	T	*/-C	79	12	13.04%	2	2	93	93	1.6572958925623843E-4	1	1	41	38	8	4	-C
barcode25_consensus_vsearch	506	C	*/-T	83	7	7.69%	2	2	93	93	0.0069216930214951	1	1	47	36	2	5	-T
barcode25_consensus_vsearch	517	T	*/-C	71	19	20.65%	2	2	93	93	6.600595174021006E-7	1	1	46	25	4	15	-C
barcode25_consensus_vsearch	848	C	*/-AC	76	15	16.3%	2	1	93	93	1.6291743559238175E-5	1	1	34	42	15	0	-AC
barcode25_consensus_vsearch	908	C	*/-T	71	12	13.19%	2	2	93	93	1.5920136372256564E-4	1	1	36	35	7	5	-T
barcode25_consensus_vsearch	981	C	*/-T	77	8	8.99%	2	2	93	93	0.0032877742734110536	1	1	40	37	5	3	-T
barcode25_consensus_vsearch	986	C	*/-A	76	9	9.78%	2	2	93	93	0.0015627075250163828	1	1	46	30	2	7	-A
barcode25_consensus_vsearch	1062	G	*/-A	82	10	10.87%	2	1	93	93	7.54483973495983E-4	1	1	40	42	10	0	-A
barcode25_consensus_vsearch	1147	C	*/+AC	82	7	7.61%	2	1	93	93	0.006911923189966942	1	1	41	41	7	0	+AC
barcode25_consensus_vsearch	1160	A	*/-G	66	19	21.35%	2	2	93	93	6.152010553170436E-7	1	1	29	37	14	5	-G
barcode25_consensus_vsearch	1170	C	*/-G	83	8	8.79%	2	1	93	93	0.0033270016180662106	1	1	49	34	0	8	-G
barcode25_consensus_vsearch	1209	G	*/-C	77	8	8.89%	2	2	93	93	0.0032877742734110536	1	1	41	36	6	2	-C
barcode25_consensus_vsearch	1497	A	*/-CA	81	10	10.87%	2	1	93	93	7.52228191235035E-4	1	1	39	42	10	0	-CA
barcode25_consensus_vsearch	1556	T	*/+C	72	12	13.04%	2	2	93	93	1.6007522350349536E-4	1	1	41	31	8	4	+C
barcode25_consensus_vsearch	1603	C	*/-A	79	12	13.04%	2	1	93	93	1.6572958925623843E-4	1	1	38	41	12	0	-A
barcode25_consensus_vsearch	1688	A	*/-T	71	16	17.39%	2	2	93	93	7.14816300582921E-6	1	1	34	37	13	3	-T
barcode25_consensus_vsearch	1702	C	*/+T	76	9	10%	2	2	93	93	0.0015627075250163828	1	1	39	37	8	1	+T
barcode25_consensus_vsearch	1710	C	*/-T	82	8	8.79%	2	1	93	93	0.003320812258867606	1	1	48	34	0	8	-T
barcode25_consensus_vsearch	1713	T	*/-C	68	16	17.39%	2	2	93	93	6.937350618520503E-6	1	1	45	23	4	12	-C
barcode25_consensus_vsearch	1796	C	*/+A	79	7	7.69%	2	1	93	93	0.006881285700164685	1	1	49	30	0	7	+A
barcode25_consensus_vsearch	1815	G	*/-AG	80	8	8.79%	2	1	93	93	0.003308028939537178	1	1	38	42	8	0	-AG
barcode25_consensus_vsearch	1825	C	*/+G	79	9	9.89%	2	1	93	93	0.0015752518759707308	1	1	37	42	9	0	+G
barcode25_consensus_vsearch	1826	A	*/-T	75	10	11.36%	2	1	93	93	7.37675601871001E-4	1	1	34	41	10	0	-T
barcode25_consensus_vsearch	1969	C	*/-AC	83	8	8.79%	2	1	93	93	0.0033270016180662106	1	1	41	42	8	0	-AC
barcode25_consensus_vsearch	1982	T	*/-C	84	7	7.61%	2	2	93	93	0.00693125337097071	1	1	43	41	6	1	-C
barcode25_consensus_vsearch	2065	T	*/+C	83	8	8.7%	2	2	93	93	0.0033270016180662106	1	1	43	40	7	1	+C
barcode25_consensus_vsearch	2069	A	*/-C	74	11	12.09%	2	2	93	93	3.4578543837704336E-4	1	1	35	39	9	2	-C
barcode25_consensus_vsearch	2119	C	*/-G	82	10	10.87%	2	1	93	93	7.54483973495983E-4	1	1	50	32	0	10	-G
barcode25_consensus_vsearch	2156	G	*/-CG	80	12	13.04%	2	2	93	93	1.6647673084717405E-4	1	1	46	34	4	8	-CG
barcode25_consensus_vsearch	2172	T	*/-G	80	8	8.89%	2	1	93	93	0.003308028939537178	1	1	49	31	0	8	-G
barcode25_consensus_vsearch	2185	T	*/+C	80	11	12.09%	2	1	93	93	3.5424699703522257E-4	1	1	39	41	11	0	+C
barcode25_consensus_vsearch	2259	T	*/-C	64	25	27.78%	2	2	93	93	4.186353246304884E-9	1	1	40	24	10	15	-C
barcode25_consensus_vsearch	2266	T	*/+C	79	8	8.79%	2	1	93	93	0.0033014260873630128	1	1	39	40	8	0	+C
barcode25_consensus_vsearch	2274	C	*/+T	82	8	8.89%	2	1	93	93	0.003320812258867606	1	1	49	33	0	8	+T
barcode25_consensus_vsearch	2277	G	*/-A	48	29	31.52%	2	2	93	93	7.126183699080058E-11	1	1	27	21	12	17	-A
barcode25_consensus_vsearch	2288	T	*/-C	80	7	7.69%	2	2	93	93	0.006891726957368562	1	1	46	34	2	5	-C
barcode25_consensus_vsearch	2294	A	*/-G	79	8	8.7%	2	2	93	93	0.0033014260873630128	1	1	41	38	5	3	-G
barcode25_consensus_vsearch	2311	C	*/-A	79	11	11.96%	2	1	93	93	3.5290653712209745E-4	1	1	38	41	11	0	-A
barcode25_consensus_vsearch	2314	A	*/-G	78	10	10.87%	2	2	93	93	7.451790311476478E-4	1	1	40	38	7	3	-G
barcode25_consensus_vsearch	2336	A	*/-G	78	7	7.61%	2	1	93	93	0.006870605212382576	1	1	45	33	0	7	-G
barcode25_consensus_vsearch	2447	A	*/-G	75	14	15.22%	2	2	93	93	3.508037696152528E-5	1	1	45	30	3	11	-G
barcode25_consensus_vsearch	2528	G	*/-C	66	17	20%	2	2	93	93	3.066281568957149E-6	1	1	37	29	12	5	-C
barcode25_consensus_vsearch	2533	C	*/-G	77	8	8.7%	2	2	93	93	0.0032877742734110536	1	1	48	29	1	7	-G
barcode25_consensus_vsearch	2536	A	*/-G	81	8	8.79%	2	2	93	93	0.003314489482909416	1	1	41	40	7	1	-G
barcode25_consensus_vsearch	2538	G	*/+A	78	11	12.22%	2	1	93	93	3.5153926045674693E-4	1	1	37	41	11	0	+A
barcode25_consensus_vsearch	2575	A	*/-G	57	19	22.62%	2	1	93	93	5.276644070470833E-7	1	1	19	38	19	0	-G
barcode25_consensus_vsearch	2603	G	*/-CT	81	10	10.87%	2	1	93	93	7.52228191235035E-4	1	1	39	42	10	0	-CT
barcode25_consensus_vsearch	2766	G	*/-CG	66	21	23.86%	2	2	93	93	1.2090656578489498E-7	1	1	38	28	10	11	-CG
barcode25_consensus_vsearch	2825	C	*/-A	75	11	12.5%	2	1	93	93	3.472683388924726E-4	1	1	37	38	11	0	-A
barcode25_consensus_vsearch	2833	A	*/-G	69	13	14.44%	2	2	93	93	7.290568127128522E-5	1	1	44	25	2	11	-G
barcode25_consensus_vsearch	2910	T	*/-C	84	8	8.7%	2	2	93	93	0.003333061730303187	1	1	43	41	7	1	-C
barcode25_consensus_vsearch	2991	G	*/-CG	74	15	16.3%	2	2	93	93	1.6042855317771707E-5	1	1	41	33	6	9	-CG
barcode25_consensus_vsearch	3052	C	*/-T	85	7	7.61%	2	2	93	93	0.006940610897217693	1	1	49	36	1	6	-T
barcode25_consensus_vsearch	3082	G	*/-A	78	9	9.78%	2	2	93	93	0.001571160607841898	1	1	44	34	3	6	-A
barcode25_consensus_vsearch	3101	G	*/-C	77	7	7.69%	2	1	93	93	0.006859677187733745	1	1	35	42	7	0	-C
barcode25_consensus_vsearch	3116	A	*/-G	72	13	15.12%	2	2	93	93	7.435446772202421E-5	1	1	32	40	11	2	-G
barcode25_consensus_vsearch	3178	A	*/-C	84	7	7.61%	2	1	93	93	0.00693125337097071	1	1	43	41	7	0	-C
barcode25_consensus_vsearch	3275	T	*/-C	71	17	18.48%	2	2	93	93	3.247308336933349E-6	1	1	45	26	4	13	-C
barcode25_consensus_vsearch	3364	T	*/+C	48	27	30.68%	2	2	93	93	4.2486766967702274E-10	1	1	24	24	18	9	+C
barcode25_consensus_vsearch	3364	T	*/-C	48	9	10.23%	2	2	93	93	0.001387963124420507	1	1	24	24	4	5	+C
barcode25_consensus_vsearch	3399	T	*/-C	79	7	7.87%	2	2	93	93	0.006881285700164685	1	1	48	31	2	5	-C
barcode25_consensus_vsearch	3415	C	*/-A	74	11	12.22%	2	1	93	93	3.4578543837704336E-4	1	1	32	42	11	0	-A
barcode25_consensus_vsearch	3419	G	*/+A	76	13	14.44%	2	1	93	93	7.616134471908988E-5	1	1	35	41	13	0	+A
barcode25_consensus_vsearch	3477	C	*/-T	76	11	12.09%	2	2	93	93	3.4872101296002706E-4	1	1	37	39	8	3	-T
barcode25_consensus_vsearch	3483	T	*/-C	55	26	28.57%	2	2	93	93	1.3586337482787598E-9	1	1	32	23	14	12	-C
barcode25_consensus_vsearch	3515	A	*/-C	78	13	14.13%	2	2	93	93	7.701551500729033E-5	1	1	39	39	11	2	-C
barcode25_consensus_vsearch	3518	C	*/-T	84	7	7.61%	2	1	93	93	0.00693125337097071	1	1	50	34	0	7	-T
barcode25_consensus_vsearch	3568	A	*/-C	66	17	18.89%	2	2	93	93	3.066281568957149E-6	1	1	34	32	8	9	-C
barcode25_consensus_vsearch	3596	C	*/-G	76	12	13.04%	2	1	93	93	1.6340070321554782E-4	1	1	37	39	12	0	-G
barcode25_consensus_vsearch	3601	A	*/-C	82	7	7.61%	2	2	93	93	0.006911923189966942	1	1	42	40	5	2	-C
barcode25_consensus_vsearch	3756	A	*/+G	68	7	7.69%	2	1	93	93	0.006748603167255938	1	1	44	24	0	7	+G
barcode25_consensus_vsearch	3756	A	*/-G	68	13	14.29%	2	2	93	93	7.240354942675913E-5	1	1	44	24	4	9	-G
barcode25_consensus_vsearch	3776	A	*/+C	77	7	7.61%	2	2	93	93	0.006859677187733745	1	1	40	37	6	1	+C
barcode25_consensus_vsearch	3776	A	*/-C	77	7	7.61%	2	2	93	93	0.006859677187733745	1	1	40	37	3	4	+C
barcode25_consensus_vsearch	3803	G	*/-C	79	10	10.87%	2	2	93	93	7.475771614775334E-4	1	1	41	38	6	4	-C
barcode25_consensus_vsearch	3929	T	*/+G	81	10	10.87%	2	1	93	93	7.52228191235035E-4	1	1	39	42	10	0	+G
barcode25_consensus_vsearch	3930	A	*/-G	80	10	10.87%	2	2	93	93	7.499263913844549E-4	1	1	40	40	8	2	-G
barcode25_consensus_vsearch	3938	T	*/-C	81	10	10.87%	2	2	93	93	7.52228191235035E-4	1	1	41	40	9	1	-C
barcode25_consensus_vsearch	3940	C	*/-A	84	7	7.61%	2	1	93	93	0.00693125337097071	1	1	50	34	0	7	-A
barcode25_consensus_vsearch	3995	C	*/-AC	77	15	16.3%	2	2	93	93	1.6413142542544344E-5	1	1	37	40	13	2	-AC
barcode25_consensus_vsearch	4001	T	*/-GT	84	7	7.61%	2	1	93	93	0.00693125337097071	1	1	50	34	0	7	-GT
barcode25_consensus_vsearch	4012	A	*/-T	80	11	11.96%	2	1	93	93	3.5424699703522257E-4	1	1	39	41	11	0	-T
barcode25_consensus_vsearch	4066	T	*/-C	77	12	13.19%	2	1	93	93	1.641919899139002E-4	1	1	35	42	12	0	-C
barcode25_consensus_vsearch	4068	C	*/-G	83	9	9.78%	2	2	93	93	0.0015907794621904416	1	1	48	35	2	7	-G
barcode25_consensus_vsearch	4170	T	*/-G	79	8	8.79%	2	1	93	93	0.0033014260873630128	1	1	37	42	8	0	-G
barcode25_consensus_vsearch	4174	G	*/+C	79	7	7.61%	2	1	93	93	0.006881285700164685	1	1	37	42	7	0	+C
barcode25_consensus_vsearch	4228	G	*/+T	84	7	7.61%	2	1	93	93	0.00693125337097071	1	1	43	41	7	0	+T
barcode25_consensus_vsearch	4313	C	*/-A	75	13	14.29%	2	2	93	93	7.572227709988052E-5	1	1	37	38	11	2	-A
barcode25_consensus_vsearch	4319	T	*/-C	84	7	7.61%	2	1	93	93	0.00693125337097071	1	1	49	35	0	7	-C
barcode25_consensus_vsearch	4391	C	*/-TC	64	28	30.43%	2	2	93	93	3.2865497160690066E-10	1	1	47	17	3	25	-TC
