Chrom	Position	Ref	Cons	Reads1	Reads2	VarFreq	Strands1	Strands2	Qual1	Qual2	Pvalue	MapQual1	MapQual2	Reads1Plus	Reads1Minus	Reads2Plus	Reads2Minus	VarAllele
barcode74_consensus_vsearch	1	C	C	267	0	0%	2	0	93	0	1.0	1	0	254	13	0	0	
barcode74_consensus_vsearch	2	T	T	284	0	0%	2	0	93	0	1.0	1	0	259	25	0	0	
barcode74_consensus_vsearch	3	A	A	314	1	0.32%	2	1	93	93	0.4999999999999138	1	1	259	55	1	0	-T
barcode74_consensus_vsearch	4	T	T	334	1	0.3%	2	1	93	93	0.4999999999999138	1	1	262	72	1	0	C
barcode74_consensus_vsearch	5	G	*/-T	333	23	6.37%	2	1	93	93	8.258955331104173E-8	1	1	236	97	23	0	-T
barcode74_consensus_vsearch	6	T	T	370	0	0%	2	0	93	0	1.0	1	0	242	128	0	0	
barcode74_consensus_vsearch	7	T	T	416	0	0%	2	0	93	0	1.0	1	0	265	151	0	0	
barcode74_consensus_vsearch	8	T	T	430	1	0.23%	2	1	93	93	0.4999999999990043	1	1	264	166	1	0	C
barcode74_consensus_vsearch	9	T	T	438	1	0.23%	2	1	93	93	0.4999999999999138	1	1	264	174	0	1	+C
barcode74_consensus_vsearch	10	A	A	442	2	0.45%	2	1	93	93	0.2497181510708481	1	1	263	179	2	0	T
barcode74_consensus_vsearch	11	A	A	448	1	0.22%	2	1	93	93	0.5000000000008233	1	1	264	184	0	1	-T
barcode74_consensus_vsearch	12	T	T	452	1	0.22%	2	1	93	93	0.4999999999999138	1	1	264	188	0	1	+C
barcode74_consensus_vsearch	13	T	T	453	1	0.22%	2	1	93	93	0.4999999999990043	1	1	262	191	1	0	+A
barcode74_consensus_vsearch	14	A	A	450	2	0.44%	2	1	93	93	0.24972314507259671	1	1	260	190	0	2	+G
barcode74_consensus_vsearch	15	G	G	456	1	0.22%	2	1	93	93	0.4999999999990043	1	1	264	192	1	0	-A
barcode74_consensus_vsearch	16	A	A	455	2	0.43%	2	1	93	93	0.24972617743652814	1	1	264	191	0	2	-C
barcode74_consensus_vsearch	17	C	C	453	3	0.65%	2	2	93	93	0.12458836443458174	1	1	263	190	2	1	T
barcode74_consensus_vsearch	18	A	A	450	5	1.08%	2	1	93	93	0.030906784173455357	1	1	261	189	5	0	G
barcode74_consensus_vsearch	19	G	G	455	1	0.22%	2	1	93	93	0.4999999999999138	1	1	263	192	1	0	+A
barcode74_consensus_vsearch	20	T	T	456	4	0.87%	2	1	93	93	0.062092170262314485	1	1	262	194	4	0	+C
barcode74_consensus_vsearch	21	C	C	457	4	0.86%	2	2	93	93	0.062093055403000016	1	1	264	193	2	2	-A
barcode74_consensus_vsearch	22	A	A	448	5	1.09%	2	1	93	93	0.030905269727138893	1	1	262	186	0	5	+G
barcode74_consensus_vsearch	23	G	G	458	2	0.43%	2	1	93	93	0.24972796517908835	1	1	265	193	2	0	-A
barcode74_consensus_vsearch	24	A	A	456	2	0.43%	2	2	93	93	0.24972677595608425	1	1	266	190	1	1	-T
barcode74_consensus_vsearch	25	T	T	456	4	0.87%	2	2	93	93	0.062092170262314485	1	1	264	192	3	1	C
barcode74_consensus_vsearch	26	T	*/-C	329	103	22.2%	2	2	93	93	9.748489370365184E-35	1	1	230	99	24	79	-C
barcode74_consensus_vsearch	27	C	C	348	1	0.29%	2	1	93	93	0.4999999999999138	1	1	234	114	1	0	+A
barcode74_consensus_vsearch	28	C	C	452	0	0%	2	0	93	0	1.0	1	0	259	193	0	0	
barcode74_consensus_vsearch	29	C	C	458	2	0.43%	2	1	93	93	0.24972796517908835	1	1	263	195	2	0	+A
barcode74_consensus_vsearch	30	C	*/-T	446	8	1.72%	2	2	93	93	0.0037866572939678073	1	1	259	187	4	4	-T
barcode74_consensus_vsearch	31	T	T	449	4	0.88%	2	2	93	93	0.06208586479697461	1	1	260	189	2	2	A
barcode74_consensus_vsearch	32	T	T	460	2	0.43%	2	2	93	93	0.24972914409526598	1	1	266	194	1	1	+G
barcode74_consensus_vsearch	33	G	G	463	1	0.22%	2	1	93	93	0.4999999999990043	1	1	267	196	1	0	-T
barcode74_consensus_vsearch	34	T	*/-C	439	16	3.45%	2	1	93	93	1.334305260639601E-5	1	1	245	194	16	0	-C
barcode74_consensus_vsearch	35	C	C	445	1	0.22%	2	1	93	93	0.4999999999999138	1	1	249	196	1	0	+G
barcode74_consensus_vsearch	36	C	C	459	2	0.43%	2	1	93	93	0.2497285559174766	1	1	265	194	2	0	-G
barcode74_consensus_vsearch	37	G	R	450	11	2.38%	2	2	93	93	4.596889934720786E-4	1	1	255	195	10	1	A
barcode74_consensus_vsearch	38	C	C	458	5	1.07%	2	1	93	93	0.030912711194453116	1	1	263	195	5	0	-GC
barcode74_consensus_vsearch	39	G	G	457	1	0.22%	2	1	93	93	0.4999999999999138	1	1	262	195	1	0	-C
barcode74_consensus_vsearch	40	C	C	458	1	0.22%	2	1	93	93	0.4999999999999138	1	1	262	196	1	0	A
barcode74_consensus_vsearch	41	C	C	463	2	0.43%	2	1	93	93	0.24973089343429802	1	1	268	195	2	0	T
barcode74_consensus_vsearch	42	A	A	464	1	0.21%	2	1	93	93	0.4999999999999138	1	1	270	194	0	1	+CA
barcode74_consensus_vsearch	43	G	G	464	1	0.21%	2	1	93	93	0.4999999999999138	1	1	269	195	1	0	+T
barcode74_consensus_vsearch	44	T	Y	459	7	1.5%	2	2	93	93	0.007637225621250393	1	1	267	192	3	4	C
barcode74_consensus_vsearch	45	T	T	455	5	1.07%	2	2	93	93	0.03091051270694167	1	1	265	190	3	2	+C
barcode74_consensus_vsearch	46	C	C	456	5	1.08%	2	1	93	93	0.030911248713682577	1	1	270	186	0	5	+T
barcode74_consensus_vsearch	47	T	*/+G	435	17	3.68%	2	2	93	93	6.545385382587091E-6	1	1	251	184	13	4	+G
barcode74_consensus_vsearch	48	G	G	456	4	0.86%	2	2	93	93	0.062092170262314485	1	1	263	193	3	1	-A
barcode74_consensus_vsearch	49	A	A	451	4	0.87%	2	1	93	93	0.06208768616665174	1	1	258	193	4	0	G
barcode74_consensus_vsearch	50	G	G	457	2	0.43%	2	2	93	93	0.24972737186467478	1	1	266	191	1	1	A
barcode74_consensus_vsearch	51	T	Y	452	11	2.37%	2	2	93	93	4.598102087205823E-4	1	1	267	185	2	9	C
barcode74_consensus_vsearch	52	T	*/+G	452	8	1.72%	2	1	93	93	0.0037882060460031454	1	1	268	184	0	8	+G
barcode74_consensus_vsearch	53	G	G	462	1	0.22%	2	1	93	93	0.4999999999990043	1	1	268	194	1	0	A
barcode74_consensus_vsearch	54	A	A	460	2	0.43%	2	1	93	93	0.24972914409526598	1	1	267	193	0	2	+T
barcode74_consensus_vsearch	55	C	C	460	2	0.43%	2	2	93	93	0.24972914409526598	1	1	266	194	1	1	-T
barcode74_consensus_vsearch	56	T	Y	450	8	1.73%	2	2	93	93	0.003787694271375089	1	1	265	185	1	7	C
barcode74_consensus_vsearch	57	G	G	461	2	0.43%	2	2	93	93	0.24972972972924576	1	1	266	195	1	1	A
barcode74_consensus_vsearch	58	T	T	453	5	1.08%	2	1	93	93	0.03090903105714376	1	1	267	186	0	5	+C
barcode74_consensus_vsearch	59	T	T	458	5	1.08%	2	1	93	93	0.030912711194453116	1	1	268	190	0	5	-C
barcode74_consensus_vsearch	60	C	C	455	3	0.65%	2	1	93	93	0.12459016393415773	1	1	265	190	3	0	+A
barcode74_consensus_vsearch	61	G	G	456	5	1.07%	2	2	93	93	0.030911248713682577	1	1	261	195	4	1	A
barcode74_consensus_vsearch	62	C	C	463	1	0.21%	2	1	93	93	0.4999999999990043	1	1	269	194	1	0	+G
barcode74_consensus_vsearch	63	A	R	455	8	1.72%	2	2	93	93	0.003788965477306861	1	1	264	191	4	4	G
barcode74_consensus_vsearch	64	G	G	463	1	0.21%	2	1	93	93	0.4999999999990043	1	1	270	193	0	1	+CAG
barcode74_consensus_vsearch	65	T	T	462	2	0.43%	2	2	93	93	0.24973031283711408	1	1	269	193	1	1	C
barcode74_consensus_vsearch	66	G	G	463	1	0.22%	2	1	93	93	0.4999999999990043	1	1	268	195	1	0	+C
barcode74_consensus_vsearch	67	C	C	449	4	0.86%	2	1	93	93	0.06208586479697461	1	1	258	191	4	0	+T
barcode74_consensus_vsearch	68	G	G	452	2	0.44%	2	1	93	93	0.24972436604191225	1	1	259	193	2	0	-CA
barcode74_consensus_vsearch	69	C	*/-A	433	18	3.93%	2	2	93	93	3.208716461205571E-6	1	1	244	189	17	1	-A
barcode74_consensus_vsearch	70	A	A	440	2	0.45%	2	2	93	93	0.2497168742917677	1	1	247	193	1	1	G
barcode74_consensus_vsearch	71	A	A	453	5	1.08%	2	1	93	93	0.03090903105714376	1	1	259	194	5	0	G
barcode74_consensus_vsearch	72	G	G	459	2	0.43%	2	1	93	93	0.2497285559174766	1	1	268	191	0	2	+T
barcode74_consensus_vsearch	73	G	G	465	0	0%	2	0	93	0	1.0	1	0	270	195	0	0	
barcode74_consensus_vsearch	74	A	A	461	3	0.64%	2	2	93	93	0.12459546925571133	1	1	267	194	2	1	G
barcode74_consensus_vsearch	75	T	T	458	3	0.64%	2	2	93	93	0.12459283387624695	1	1	265	193	2	1	-A
barcode74_consensus_vsearch	76	A	A	454	5	1.08%	2	2	93	93	0.030909773495158815	1	1	263	191	3	2	G
barcode74_consensus_vsearch	77	C	C	457	2	0.43%	2	2	93	93	0.24972737186467478	1	1	266	191	1	1	G
barcode74_consensus_vsearch	78	C	Y	456	7	1.51%	2	2	93	93	0.007636094898325736	1	1	268	188	2	5	T
barcode74_consensus_vsearch	79	G	R	452	9	1.94%	2	2	93	93	0.0018776504451702718	1	1	262	190	7	2	A
barcode74_consensus_vsearch	80	G	G	460	4	0.86%	2	2	93	93	0.062095687920911566	1	1	267	193	3	1	T
barcode74_consensus_vsearch	81	T	T	455	5	1.08%	2	1	93	93	0.03091051270694167	1	1	267	188	0	5	C
barcode74_consensus_vsearch	82	A	A	451	5	1.08%	2	1	93	93	0.03090753641767135	1	1	265	186	0	5	-GTA
barcode74_consensus_vsearch	83	G	G	451	2	0.44%	2	1	93	93	0.24972375690606977	1	1	266	185	0	2	-T
barcode74_consensus_vsearch	84	T	*/-A	381	54	11.82%	2	2	93	93	9.609247126703859E-18	1	1	219	162	39	15	-A
barcode74_consensus_vsearch	85	A	A	393	2	0.5%	2	1	93	93	0.24968314321918028	1	1	220	173	2	0	T
barcode74_consensus_vsearch	86	A	A	456	1	0.22%	2	1	93	93	0.4999999999990043	1	1	261	195	0	1	G
barcode74_consensus_vsearch	87	A	A	465	1	0.21%	2	1	93	93	0.5000000000008233	1	1	269	196	1	0	G
barcode74_consensus_vsearch	88	A	A	464	1	0.21%	2	1	93	93	0.4999999999999138	1	1	269	195	1	0	-G
barcode74_consensus_vsearch	89	G	G	458	4	0.86%	2	2	93	93	0.06209393670973901	1	1	265	193	1	3	-C
barcode74_consensus_vsearch	90	C	C	462	0	0%	2	0	93	0	1.0	1	0	269	193	0	0	
barcode74_consensus_vsearch	91	C	C	461	1	0.21%	2	1	93	93	0.5000000000008233	1	1	267	194	1	0	+A
barcode74_consensus_vsearch	92	A	A	459	2	0.43%	2	2	93	93	0.2497285559174766	1	1	268	191	1	1	+G
barcode74_consensus_vsearch	93	G	G	464	1	0.22%	2	1	93	93	0.4999999999999138	1	1	269	195	1	0	T
barcode74_consensus_vsearch	94	T	T	457	4	0.86%	2	2	93	93	0.062093055403000016	1	1	268	189	1	3	C
barcode74_consensus_vsearch	95	G	G	462	1	0.22%	2	1	93	93	0.4999999999990043	1	1	270	192	0	1	+CG
barcode74_consensus_vsearch	96	G	G	466	0	0%	2	0	93	0	1.0	1	0	270	196	0	0	
barcode74_consensus_vsearch	97	C	C	460	2	0.43%	2	1	93	93	0.24972914409526598	1	1	265	195	2	0	-A
barcode74_consensus_vsearch	98	A	A	457	3	0.65%	2	1	93	93	0.12459194776934993	1	1	261	196	3	0	G
barcode74_consensus_vsearch	99	C	C	460	2	0.43%	2	1	93	93	0.24972914409526598	1	1	264	196	2	0	T
barcode74_consensus_vsearch	100	A	R	448	14	3.02%	2	1	93	93	5.522972572566875E-5	1	1	252	196	14	0	G
barcode74_consensus_vsearch	101	G	G	464	2	0.43%	2	1	93	93	0.2497314715357706	1	1	268	196	2	0	A
barcode74_consensus_vsearch	102	C	*/-A	420	33	7.08%	2	1	93	93	6.359660263647235E-11	1	1	226	194	33	0	-A
barcode74_consensus_vsearch	103	A	A	428	1	0.23%	2	1	93	93	0.5000000000008233	1	1	232	196	1	0	+GC
barcode74_consensus_vsearch	104	A	A	455	3	0.65%	2	1	93	93	0.12459016393415773	1	1	259	196	3	0	+G
barcode74_consensus_vsearch	105	G	G	453	4	0.87%	2	1	93	93	0.062089491585691256	1	1	258	195	4	0	-A
barcode74_consensus_vsearch	106	A	A	454	2	0.43%	2	1	93	93	0.2497255762896723	1	1	259	195	2	0	-G
barcode74_consensus_vsearch	107	G	*/-C	449	7	1.52%	2	2	93	93	0.00763339894512905	1	1	258	191	4	3	-C
barcode74_consensus_vsearch	108	C	C	453	2	0.44%	2	1	93	93	0.24972497249691156	1	1	262	191	2	0	G
barcode74_consensus_vsearch	109	C	*/-G	436	10	2.15%	2	2	93	93	9.280135047051926E-4	1	1	245	191	8	2	-G
barcode74_consensus_vsearch	110	G	G	447	2	0.44%	2	2	93	93	0.24972129319990002	1	1	254	193	1	1	-AA
barcode74_consensus_vsearch	111	A	A	454	2	0.44%	2	2	93	93	0.2497255762896723	1	1	261	193	1	1	G
barcode74_consensus_vsearch	112	A	A	457	4	0.86%	2	2	93	93	0.062093055403000016	1	1	266	191	1	3	G
barcode74_consensus_vsearch	113	G	*/-C	428	25	5.39%	2	2	93	93	2.1204504516894227E-8	1	1	252	176	11	14	-C
barcode74_consensus_vsearch	114	C	C	437	2	0.45%	2	2	93	93	0.24971493728629837	1	1	258	179	1	1	G
barcode74_consensus_vsearch	115	C	C	458	3	0.64%	2	1	93	93	0.12459283387624695	1	1	266	192	3	0	+A
barcode74_consensus_vsearch	116	C	C	454	5	1.07%	2	1	93	93	0.030909773495158815	1	1	268	186	0	5	-T
barcode74_consensus_vsearch	117	T	*/+C	438	10	2.18%	2	2	93	93	9.282270587880905E-4	1	1	252	186	8	2	+C
barcode74_consensus_vsearch	118	C	C	451	2	0.44%	2	1	93	93	0.24972375690606977	1	1	259	192	2	0	A
barcode74_consensus_vsearch	119	C	C	456	1	0.22%	2	1	93	93	0.4999999999990043	1	1	266	190	0	1	+AAAG
barcode74_consensus_vsearch	120	G	R	450	7	1.51%	2	1	93	93	0.0076337891152176976	1	1	256	194	7	0	A
barcode74_consensus_vsearch	121	C	C	451	5	1.09%	2	2	93	93	0.03090753641767135	1	1	259	192	3	2	T
barcode74_consensus_vsearch	122	G	G	458	1	0.22%	2	1	93	93	0.4999999999999138	1	1	262	196	1	0	A
barcode74_consensus_vsearch	123	T	T	458	4	0.86%	2	1	93	93	0.06209393670973901	1	1	263	195	4	0	-C
barcode74_consensus_vsearch	124	C	C	458	2	0.43%	2	1	93	93	0.24972796517908835	1	1	264	194	2	0	T
barcode74_consensus_vsearch	125	A	A	459	3	0.65%	2	2	93	93	0.12459371614300269	1	1	266	193	2	1	T
barcode74_consensus_vsearch	126	C	*/-AC	453	7	1.5%	2	1	93	93	0.00763494949227727	1	1	257	196	7	0	-AC
barcode74_consensus_vsearch	127	A	*/-C	425	21	4.63%	2	2	93	93	3.747237380449946E-7	1	1	234	191	17	4	-C
barcode74_consensus_vsearch	128	C	C	428	1	0.23%	2	1	93	93	0.5000000000008233	1	1	237	191	1	0	+AC
barcode74_consensus_vsearch	129	C	C	458	1	0.22%	2	1	93	93	0.4999999999999138	1	1	262	196	1	0	G
barcode74_consensus_vsearch	130	C	*/-G	443	10	2.16%	2	1	93	93	9.287528155311122E-4	1	1	264	179	0	10	-G
barcode74_consensus_vsearch	131	G	G	455	1	0.22%	2	1	93	93	0.4999999999999138	1	1	270	185	0	1	T
barcode74_consensus_vsearch	132	G	G	466	0	0%	2	0	93	0	1.0	1	0	270	196	0	0	
barcode74_consensus_vsearch	133	A	A	463	1	0.21%	2	1	93	93	0.4999999999990043	1	1	267	196	1	0	+C
barcode74_consensus_vsearch	134	C	C	459	5	1.07%	2	1	93	93	0.030913437709528726	1	1	263	196	5	0	-A
barcode74_consensus_vsearch	135	A	A	451	4	0.87%	2	1	93	93	0.06208768616665174	1	1	257	194	4	0	+T
barcode74_consensus_vsearch	136	T	T	457	5	1.08%	2	1	93	93	0.030911981535900093	1	1	263	194	5	0	G
barcode74_consensus_vsearch	137	T	T	458	4	0.86%	2	2	93	93	0.06209393670973901	1	1	266	192	2	2	C
barcode74_consensus_vsearch	138	G	G	457	3	0.65%	2	2	93	93	0.12459194776934993	1	1	262	195	2	1	A
barcode74_consensus_vsearch	139	T	T	456	4	0.86%	2	2	93	93	0.062092170262314485	1	1	267	189	1	3	C
barcode74_consensus_vsearch	140	T	T	453	6	1.29%	2	2	93	93	0.015370248813581264	1	1	262	191	1	5	-C
barcode74_consensus_vsearch	141	C	C	458	1	0.22%	2	1	93	93	0.4999999999999138	1	1	268	190	0	1	+TT
barcode74_consensus_vsearch	142	C	C	460	3	0.64%	2	1	93	93	0.1245945945946921	1	1	268	192	0	3	T
barcode74_consensus_vsearch	143	C	C	455	5	1.07%	2	1	93	93	0.03091051270694167	1	1	261	194	5	0	+A
barcode74_consensus_vsearch	144	A	A	450	6	1.29%	2	2	93	93	0.01536857654288441	1	1	260	190	5	1	-G
barcode74_consensus_vsearch	145	G	G	456	1	0.22%	2	1	93	93	0.4999999999990043	1	1	262	194	1	0	+AC
barcode74_consensus_vsearch	146	G	*/+C	446	9	1.94%	2	1	93	93	0.0018766656885966895	1	1	250	196	9	0	+C
barcode74_consensus_vsearch	147	C	*/+T	445	8	1.74%	2	1	93	93	0.0037863952091791225	1	1	262	183	0	8	+T
barcode74_consensus_vsearch	148	C	*/-T	449	11	2.37%	2	1	93	93	4.596279980803229E-4	1	1	266	183	0	11	-T
barcode74_consensus_vsearch	149	T	T	442	4	0.88%	2	1	93	93	0.06207936129200334	1	1	261	181	4	0	-A
barcode74_consensus_vsearch	150	A	A	458	0	0%	2	0	93	0	1.0	1	0	263	195	0	0	
barcode74_consensus_vsearch	151	A	A	454	6	1.3%	2	2	93	93	0.015370801400747822	1	1	260	194	5	1	G
barcode74_consensus_vsearch	152	C	C	456	4	0.86%	2	2	93	93	0.062092170262314485	1	1	264	192	3	1	T
barcode74_consensus_vsearch	153	A	R	451	8	1.72%	2	2	93	93	0.0037879507121486144	1	1	261	190	4	4	G
barcode74_consensus_vsearch	154	C	*/-AC	424	27	5.82%	2	2	93	93	4.9894072270030844E-9	1	1	234	190	26	1	-AC
barcode74_consensus_vsearch	155	A	*/+C	405	7	1.62%	2	1	93	93	0.007614365665405034	1	1	219	186	7	0	+C
barcode74_consensus_vsearch	156	C	*/+T	403	12	2.82%	2	1	93	93	2.252264779649526E-4	1	1	229	174	0	12	+T
barcode74_consensus_vsearch	157	C	S	429	9	1.96%	2	2	93	93	0.0018737306563855328	1	1	252	177	8	1	G
barcode74_consensus_vsearch	158	C	Y	443	14	3.02%	2	2	93	93	5.516845438118112E-5	1	1	265	178	2	12	T
barcode74_consensus_vsearch	159	A	A	453	4	0.87%	2	1	93	93	0.062089491585691256	1	1	265	188	0	4	+G
barcode74_consensus_vsearch	160	G	*/+C	438	14	3.02%	2	1	93	93	5.5105877051594445E-5	1	1	263	175	0	14	+C
barcode74_consensus_vsearch	161	C	C	449	3	0.66%	2	1	93	93	0.12458471760810089	1	1	264	185	0	3	G
barcode74_consensus_vsearch	162	C	C	462	1	0.22%	2	1	93	93	0.4999999999990043	1	1	268	194	0	1	+AGC
barcode74_consensus_vsearch	163	C	C	459	2	0.43%	2	1	93	93	0.2497285559174766	1	1	266	193	0	2	T
barcode74_consensus_vsearch	164	T	*/+C	450	8	1.72%	2	1	93	93	0.003787694271375089	1	1	257	193	8	0	+C
barcode74_consensus_vsearch	165	C	C	455	6	1.3%	2	1	93	93	0.015371351595895005	1	1	260	195	6	0	+A
barcode74_consensus_vsearch	166	A	A	459	2	0.43%	2	1	93	93	0.2497285559174766	1	1	268	191	0	2	+G
barcode74_consensus_vsearch	167	G	G	458	6	1.29%	2	1	93	93	0.015372987983405329	1	1	263	195	6	0	-A
barcode74_consensus_vsearch	168	A	A	445	6	1.31%	2	2	93	93	0.015365740098082468	1	1	254	191	4	2	G
barcode74_consensus_vsearch	169	G	G	459	3	0.65%	2	1	93	93	0.12459371614300269	1	1	266	193	3	0	A
barcode74_consensus_vsearch	170	C	C	462	1	0.22%	2	1	93	93	0.4999999999990043	1	1	268	194	1	0	G
barcode74_consensus_vsearch	171	C	C	461	2	0.43%	2	2	93	93	0.24972972972924576	1	1	267	194	1	1	T
barcode74_consensus_vsearch	172	A	*/-C	388	36	7.74%	2	2	93	93	6.699892297472245E-12	1	1	221	167	14	22	-C
barcode74_consensus_vsearch	173	C	C	409	1	0.24%	2	1	93	93	0.4999999999999138	1	1	236	173	1	0	+AC
barcode74_consensus_vsearch	174	C	C	441	3	0.67%	2	1	93	93	0.12457722660661777	1	1	250	191	0	3	+TC
barcode74_consensus_vsearch	175	C	C	464	1	0.21%	2	1	93	93	0.4999999999999138	1	1	269	195	1	0	+G
barcode74_consensus_vsearch	176	C	*/-T	443	18	3.86%	2	1	93	93	3.221015184058725E-6	1	1	270	173	0	18	-T
barcode74_consensus_vsearch	177	T	T	439	5	1.12%	2	1	93	93	0.030898285976353152	1	1	269	170	0	5	C
barcode74_consensus_vsearch	178	T	T	453	6	1.3%	2	1	93	93	0.015370248813581264	1	1	267	186	0	6	C
barcode74_consensus_vsearch	179	A	A	461	2	0.43%	2	1	93	93	0.24972972972924576	1	1	267	194	2	0	C
barcode74_consensus_vsearch	180	T	*/-C	444	8	1.72%	2	1	93	93	0.0037861319732248877	1	1	251	193	8	0	-C
barcode74_consensus_vsearch	181	C	C	454	0	0%	2	0	93	0	1.0	1	0	258	196	0	0	
barcode74_consensus_vsearch	182	C	C	462	0	0%	2	0	93	0	1.0	1	0	266	196	0	0	
barcode74_consensus_vsearch	183	C	*/-A	443	10	2.15%	2	1	93	93	9.287528155311122E-4	1	1	256	187	10	0	-A
barcode74_consensus_vsearch	184	A	A	446	2	0.45%	2	1	93	93	0.24972067039122897	1	1	259	187	0	2	G
barcode74_consensus_vsearch	185	A	A	452	3	0.66%	2	2	93	93	0.12458745874590603	1	1	265	187	2	1	G
barcode74_consensus_vsearch	186	A	A	462	1	0.21%	2	1	93	93	0.4999999999990043	1	1	266	196	1	0	+G
barcode74_consensus_vsearch	187	G	G	460	2	0.43%	2	1	93	93	0.24972914409526598	1	1	264	196	2	0	+A
barcode74_consensus_vsearch	188	T	T	458	6	1.29%	2	2	93	93	0.015372987983405329	1	1	267	191	1	5	C
barcode74_consensus_vsearch	189	T	T	459	4	0.86%	2	1	93	93	0.06209481420755567	1	1	264	195	4	0	-AC
barcode74_consensus_vsearch	190	A	A	455	4	0.87%	2	2	93	93	0.062091281262886246	1	1	260	195	3	1	G
barcode74_consensus_vsearch	191	C	C	454	3	0.65%	2	1	93	93	0.12458926615549139	1	1	258	196	3	0	+A
barcode74_consensus_vsearch	192	G	R	451	7	1.52%	2	2	93	93	0.007634177589087493	1	1	258	193	6	1	A
barcode74_consensus_vsearch	193	G	G	461	3	0.65%	2	1	93	93	0.12459546925571133	1	1	265	196	3	0	-A
barcode74_consensus_vsearch	194	A	A	455	5	1.08%	2	1	93	93	0.03091051270694167	1	1	261	194	5	0	-G
barcode74_consensus_vsearch	195	G	G	452	3	0.65%	2	1	93	93	0.12458745874590603	1	1	257	195	3	0	A
barcode74_consensus_vsearch	196	C	C	459	1	0.22%	2	1	93	93	0.4999999999999138	1	1	265	194	0	1	+A
barcode74_consensus_vsearch	197	T	T	456	3	0.65%	2	2	93	93	0.12459105779723775	1	1	265	191	1	2	C
barcode74_consensus_vsearch	198	G	G	461	1	0.22%	2	1	93	93	0.5000000000008233	1	1	268	193	1	0	+AA
barcode74_consensus_vsearch	199	G	G	458	2	0.43%	2	1	93	93	0.24972796517908835	1	1	266	192	2	0	A
barcode74_consensus_vsearch	200	C	C	450	4	0.86%	2	2	93	93	0.062086777488655716	1	1	264	186	2	2	-T
barcode74_consensus_vsearch	201	T	T	455	1	0.22%	2	1	93	93	0.4999999999999138	1	1	264	191	0	1	+C
barcode74_consensus_vsearch	202	T	T	451	4	0.86%	2	1	93	93	0.06208768616665174	1	1	267	184	0	4	+CT
barcode74_consensus_vsearch	203	G	G	456	3	0.65%	2	2	93	93	0.12459105779723775	1	1	265	191	1	2	A
barcode74_consensus_vsearch	204	C	C	459	2	0.43%	2	1	93	93	0.2497285559174766	1	1	267	192	0	2	A
barcode74_consensus_vsearch	205	C	Y	432	25	5.38%	2	2	93	93	2.1269532754988194E-8	1	1	262	170	3	22	T
barcode74_consensus_vsearch	206	G	G	461	2	0.43%	2	2	93	93	0.24972972972924576	1	1	266	195	1	1	A
barcode74_consensus_vsearch	207	A	A	459	4	0.86%	2	1	93	93	0.06209481420755567	1	1	263	196	4	0	G
barcode74_consensus_vsearch	208	C	*/-T	449	10	2.15%	2	2	93	93	9.29368823401496E-4	1	1	258	191	5	5	-T
barcode74_consensus_vsearch	209	T	T	446	3	0.67%	2	2	93	93	0.1245819397993151	1	1	256	190	2	1	C
barcode74_consensus_vsearch	210	T	*/-C	387	46	10.02%	2	2	93	93	4.0226197513594494E-15	1	1	241	146	14	32	-C
barcode74_consensus_vsearch	211	C	C	408	1	0.24%	2	1	93	93	0.4999999999999138	1	1	247	161	1	0	+G
barcode74_consensus_vsearch	212	C	C	452	5	1.08%	2	1	93	93	0.030908285371709306	1	1	263	189	5	0	+A
barcode74_consensus_vsearch	213	C	*/-T	417	21	4.51%	2	2	93	93	3.7303832442405505E-7	1	1	261	156	2	19	-T
barcode74_consensus_vsearch	214	T	W	426	8	1.81%	2	1	93	93	0.0037811878789100195	1	1	256	170	8	0	A
barcode74_consensus_vsearch	215	T	T	461	2	0.43%	2	1	93	93	0.24972972972924576	1	1	265	196	2	0	C
barcode74_consensus_vsearch	216	A	*/-C	449	10	2.15%	2	1	93	93	9.29368823401496E-4	1	1	253	196	10	0	-C
barcode74_consensus_vsearch	217	C	*/+T	446	7	1.55%	2	1	93	93	0.0076322181458369906	1	1	257	189	0	7	+T
barcode74_consensus_vsearch	218	C	C	461	2	0.43%	2	1	93	93	0.24972972972924576	1	1	265	196	2	0	T
barcode74_consensus_vsearch	219	C	C	460	3	0.65%	2	1	93	93	0.1245945945946921	1	1	264	196	3	0	-A
barcode74_consensus_vsearch	220	A	*/-CA	444	11	2.38%	2	2	93	93	4.5931907660072465E-4	1	1	250	194	10	1	-CA
barcode74_consensus_vsearch	221	C	C	453	2	0.44%	2	1	93	93	0.24972497249691156	1	1	258	195	2	0	T
barcode74_consensus_vsearch	222	A	A	449	4	0.88%	2	2	93	93	0.06208586479697461	1	1	256	193	2	2	G
barcode74_consensus_vsearch	223	T	T	463	2	0.43%	2	1	93	93	0.24973089343429802	1	1	269	194	0	2	+C
barcode74_consensus_vsearch	224	T	T	463	3	0.64%	2	2	93	93	0.12459720730400861	1	1	268	195	2	1	C
barcode74_consensus_vsearch	225	C	C	464	1	0.21%	2	1	93	93	0.4999999999999138	1	1	269	195	1	0	-T
barcode74_consensus_vsearch	226	T	T	463	2	0.43%	2	1	93	93	0.24973089343429802	1	1	269	194	0	2	+CCT
barcode74_consensus_vsearch	227	T	T	462	3	0.64%	2	2	93	93	0.12459634015068409	1	1	267	195	2	1	C
barcode74_consensus_vsearch	228	C	C	463	2	0.43%	2	1	93	93	0.24973089343429802	1	1	269	194	0	2	+TTC
barcode74_consensus_vsearch	229	C	C	466	0	0%	2	0	93	0	1.0	1	0	270	196	0	0	
barcode74_consensus_vsearch	230	A	A	460	4	0.86%	2	2	93	93	0.062095687920911566	1	1	267	193	1	3	-T
barcode74_consensus_vsearch	231	T	T	457	3	0.65%	2	2	93	93	0.12459194776934993	1	1	267	190	1	2	C
barcode74_consensus_vsearch	232	T	T	461	3	0.64%	2	1	93	93	0.12459546925571133	1	1	270	191	0	3	C
barcode74_consensus_vsearch	233	A	A	461	4	0.86%	2	1	93	93	0.06209655787449625	1	1	270	191	0	4	+G
barcode74_consensus_vsearch	234	G	G	466	0	0%	2	0	93	0	1.0	1	0	270	196	0	0	
barcode74_consensus_vsearch	235	A	A	462	2	0.43%	2	2	93	93	0.24973031283711408	1	1	267	195	1	1	G
barcode74_consensus_vsearch	236	C	C	463	1	0.22%	2	1	93	93	0.4999999999990043	1	1	268	195	1	0	+T
barcode74_consensus_vsearch	237	T	T	460	2	0.43%	2	1	93	93	0.24972914409526598	1	1	266	194	2	0	+A
barcode74_consensus_vsearch	238	A	A	455	3	0.65%	2	2	93	93	0.12459016393415773	1	1	261	194	2	1	+G
barcode74_consensus_vsearch	239	G	G	455	5	1.08%	2	1	93	93	0.03091051270694167	1	1	260	195	5	0	-A
barcode74_consensus_vsearch	240	A	A	451	3	0.65%	2	2	93	93	0.12458654906280954	1	1	258	193	2	1	+G
barcode74_consensus_vsearch	241	G	G	459	1	0.22%	2	1	93	93	0.4999999999999138	1	1	266	193	1	0	+AG
barcode74_consensus_vsearch	242	G	G	461	2	0.43%	2	1	93	93	0.24972972972924576	1	1	269	192	0	2	-C
barcode74_consensus_vsearch	243	C	C	461	2	0.43%	2	1	93	93	0.24972972972924576	1	1	269	192	0	2	T
barcode74_consensus_vsearch	244	T	Y	451	10	2.15%	2	2	93	93	9.295706475538195E-4	1	1	263	188	4	6	C
barcode74_consensus_vsearch	245	G	G	459	3	0.65%	2	2	93	93	0.12459371614300269	1	1	267	192	2	1	A
barcode74_consensus_vsearch	246	C	C	451	6	1.3%	2	1	93	93	0.015369136400488401	1	1	270	181	0	6	T
barcode74_consensus_vsearch	247	A	A	458	4	0.86%	2	2	93	93	0.06209393670973901	1	1	267	191	2	2	G
barcode74_consensus_vsearch	248	C	*/-AC	446	10	2.15%	2	1	93	93	9.290628161964562E-4	1	1	259	187	10	0	-AC
barcode74_consensus_vsearch	249	A	A	448	3	0.66%	2	1	93	93	0.12458379578250524	1	1	253	195	3	0	+C
barcode74_consensus_vsearch	250	C	C	445	5	1.1%	2	1	93	93	0.030902972831159826	1	1	259	186	0	5	T
barcode74_consensus_vsearch	251	C	C	455	6	1.29%	2	2	93	93	0.015371351595895005	1	1	269	186	1	5	-T
barcode74_consensus_vsearch	252	T	Y	447	8	1.74%	2	2	93	93	0.0037869182351470006	1	1	262	185	3	5	C
barcode74_consensus_vsearch	253	A	*/+G	426	19	4.1%	2	2	93	93	1.567506340833558E-6	1	1	257	169	3	16	+G
barcode74_consensus_vsearch	254	G	G	456	1	0.22%	2	1	93	93	0.4999999999990043	1	1	267	189	1	0	+A
barcode74_consensus_vsearch	255	G	G	461	3	0.65%	2	1	93	93	0.12459546925571133	1	1	266	195	3	0	A
barcode74_consensus_vsearch	256	A	A	459	2	0.43%	2	1	93	93	0.2497285559174766	1	1	265	194	2	0	-G
barcode74_consensus_vsearch	257	G	G	460	3	0.65%	2	1	93	93	0.1245945945946921	1	1	265	195	3	0	-A
barcode74_consensus_vsearch	258	A	A	451	4	0.87%	2	1	93	93	0.06208768616665174	1	1	261	190	4	0	G
barcode74_consensus_vsearch	259	C	C	458	2	0.43%	2	1	93	93	0.24972796517908835	1	1	268	190	0	2	+T
barcode74_consensus_vsearch	260	C	C	463	2	0.43%	2	1	93	93	0.24973089343429802	1	1	270	193	0	2	+T
barcode74_consensus_vsearch	261	T	Y	450	8	1.72%	2	2	93	93	0.003787694271375089	1	1	265	185	2	6	C
barcode74_consensus_vsearch	262	G	G	459	2	0.43%	2	1	93	93	0.2497285559174766	1	1	267	192	2	0	-T
barcode74_consensus_vsearch	263	T	T	456	3	0.65%	2	1	93	93	0.12459105779723775	1	1	266	190	0	3	C
barcode74_consensus_vsearch	264	T	T	459	3	0.65%	2	2	93	93	0.12459371614300269	1	1	268	191	2	1	C
barcode74_consensus_vsearch	265	G	G	458	3	0.65%	2	1	93	93	0.12459283387624695	1	1	268	190	0	3	-C
barcode74_consensus_vsearch	266	C	C	457	2	0.43%	2	1	93	93	0.24972737186467478	1	1	269	188	0	2	-G
barcode74_consensus_vsearch	267	G	R	453	7	1.51%	2	2	93	93	0.00763494949227727	1	1	265	188	4	3	A
barcode74_consensus_vsearch	268	G	G	460	6	1.29%	2	2	93	93	0.015374067228864634	1	1	265	195	5	1	-A
barcode74_consensus_vsearch	269	A	A	458	1	0.22%	2	1	93	93	0.4999999999999138	1	1	264	194	1	0	-T
barcode74_consensus_vsearch	270	T	T	463	2	0.43%	2	1	93	93	0.24973089343429802	1	1	267	196	2	0	C
barcode74_consensus_vsearch	271	T	T	463	2	0.43%	2	1	93	93	0.24973089343429802	1	1	269	194	0	2	+G
barcode74_consensus_vsearch	272	A	A	456	4	0.86%	2	2	93	93	0.062092170262314485	1	1	263	193	3	1	-TA
barcode74_consensus_vsearch	273	T	T	451	3	0.65%	2	2	93	93	0.12458654906280954	1	1	260	191	2	1	C
barcode74_consensus_vsearch	274	A	A	446	6	1.3%	2	2	93	93	0.015366312395967143	1	1	260	186	3	3	G
barcode74_consensus_vsearch	275	G	G	457	1	0.22%	2	1	93	93	0.4999999999999138	1	1	268	189	0	1	+C
barcode74_consensus_vsearch	276	T	T	450	6	1.29%	2	1	93	93	0.01536857654288441	1	1	268	182	0	6	C
barcode74_consensus_vsearch	277	A	A	456	2	0.44%	2	2	93	93	0.24972677595608425	1	1	267	189	1	1	T
barcode74_consensus_vsearch	278	C	C	451	5	1.08%	2	1	93	93	0.03090753641767135	1	1	265	186	0	5	T
barcode74_consensus_vsearch	279	G	G	458	4	0.87%	2	2	93	93	0.06209393670973901	1	1	264	194	3	1	A
barcode74_consensus_vsearch	280	A	A	460	2	0.43%	2	1	93	93	0.24972914409526598	1	1	264	196	2	0	G
barcode74_consensus_vsearch	281	C	C	461	1	0.22%	2	1	93	93	0.5000000000008233	1	1	266	195	1	0	+TT
barcode74_consensus_vsearch	282	A	A	457	5	1.08%	2	1	93	93	0.030911981535900093	1	1	262	195	5	0	G
barcode74_consensus_vsearch	283	G	G	463	2	0.43%	2	2	93	93	0.24973089343429802	1	1	269	194	1	1	A
barcode74_consensus_vsearch	284	C	C	465	0	0%	2	0	93	0	1.0	1	0	270	195	0	0	
barcode74_consensus_vsearch	285	A	A	458	4	0.86%	2	2	93	93	0.06209393670973901	1	1	265	193	3	1	G
barcode74_consensus_vsearch	286	T	T	454	4	0.87%	2	2	93	93	0.06209038837901774	1	1	263	191	3	1	C
barcode74_consensus_vsearch	287	A	A	457	2	0.43%	2	1	93	93	0.24972737186467478	1	1	266	191	2	0	C
barcode74_consensus_vsearch	288	A	A	460	2	0.43%	2	2	93	93	0.24972914409526598	1	1	268	192	1	1	-G
barcode74_consensus_vsearch	289	G	R	448	9	1.95%	2	1	93	93	0.0018769967833365436	1	1	256	192	9	0	A
barcode74_consensus_vsearch	290	C	C	454	3	0.65%	2	2	93	93	0.12458926615549139	1	1	264	190	1	2	T
barcode74_consensus_vsearch	291	C	*/-T	444	9	1.94%	2	2	93	93	0.0018763317016516773	1	1	263	181	1	8	-T
barcode74_consensus_vsearch	292	T	T	441	4	0.89%	2	2	93	93	0.062078415508149166	1	1	259	182	3	1	C
barcode74_consensus_vsearch	293	T	*/-G	433	12	2.63%	2	1	93	93	2.2647039152581312E-4	1	1	259	174	0	12	-G
barcode74_consensus_vsearch	294	G	G	436	5	1.12%	2	2	93	93	0.030895894751978216	1	1	264	172	3	2	A
barcode74_consensus_vsearch	295	G	G	451	4	0.87%	2	1	93	93	0.06208768616665174	1	1	265	186	4	0	+A
barcode74_consensus_vsearch	296	G	G	458	2	0.43%	2	1	93	93	0.24972796517908835	1	1	267	191	2	0	A
barcode74_consensus_vsearch	297	C	C	455	3	0.65%	2	1	93	93	0.12459016393415773	1	1	269	186	0	3	T
barcode74_consensus_vsearch	298	G	G	456	3	0.65%	2	1	93	93	0.12459105779723775	1	1	268	188	0	3	+CG
barcode74_consensus_vsearch	299	T	*/+C	444	12	2.59%	2	1	93	93	2.268864813065808E-4	1	1	253	191	12	0	+C
barcode74_consensus_vsearch	300	C	C	455	2	0.43%	2	1	93	93	0.24972617743652814	1	1	263	192	2	0	G
barcode74_consensus_vsearch	301	A	R	441	14	3.01%	2	2	93	93	5.514358248895189E-5	1	1	256	185	11	3	G
barcode74_consensus_vsearch	302	G	G	458	2	0.43%	2	2	93	93	0.24972796517908835	1	1	265	193	1	1	A
barcode74_consensus_vsearch	303	G	G	458	3	0.64%	2	2	93	93	0.12459283387624695	1	1	267	191	1	2	A
barcode74_consensus_vsearch	304	T	T	460	2	0.43%	2	2	93	93	0.24972914409526598	1	1	268	192	1	1	C
barcode74_consensus_vsearch	305	C	C	461	1	0.22%	2	1	93	93	0.5000000000008233	1	1	268	193	1	0	-GA
barcode74_consensus_vsearch	306	G	G	462	1	0.22%	2	1	93	93	0.4999999999990043	1	1	268	194	0	1	+C
barcode74_consensus_vsearch	307	A	A	458	3	0.65%	2	2	93	93	0.12459283387624695	1	1	267	191	1	2	G
barcode74_consensus_vsearch	308	T	T	457	4	0.86%	2	2	93	93	0.062093055403000016	1	1	266	191	2	2	-C
barcode74_consensus_vsearch	309	C	C	460	1	0.22%	2	1	93	93	0.4999999999999138	1	1	267	193	1	0	-ACC
barcode74_consensus_vsearch	310	A	A	457	4	0.86%	2	1	93	93	0.062093055403000016	1	1	263	194	4	0	G
barcode74_consensus_vsearch	311	C	C	462	0	0%	2	0	93	0	1.0	1	0	268	194	0	0	
barcode74_consensus_vsearch	312	C	*/-G	446	10	2.15%	2	2	93	93	9.290628161964562E-4	1	1	261	185	5	5	-G
barcode74_consensus_vsearch	313	G	R	434	15	3.31%	2	1	93	93	2.7097786818023924E-5	1	1	249	185	15	0	A
barcode74_consensus_vsearch	314	G	G	458	4	0.86%	2	2	93	93	0.06209393670973901	1	1	268	190	1	3	A
barcode74_consensus_vsearch	315	G	G	461	3	0.64%	2	2	93	93	0.12459546925571133	1	1	267	194	1	2	A
barcode74_consensus_vsearch	316	G	*/-T	415	33	7.08%	2	2	93	93	6.315266075762441E-11	1	1	223	192	31	2	-T
barcode74_consensus_vsearch	317	T	T	425	5	1.16%	2	2	93	93	0.03088684163697732	1	1	234	191	3	2	C
barcode74_consensus_vsearch	318	T	T	459	4	0.86%	2	2	93	93	0.06209481420755567	1	1	266	193	2	2	C
barcode74_consensus_vsearch	319	T	T	461	2	0.43%	2	1	93	93	0.24972972972924576	1	1	268	193	0	2	+C
barcode74_consensus_vsearch	320	T	T	457	6	1.29%	2	2	93	93	0.01537244487190259	1	1	263	194	5	1	C
barcode74_consensus_vsearch	321	C	*/-A	434	18	3.87%	2	2	93	93	3.209969156058958E-6	1	1	251	183	9	9	-A
barcode74_consensus_vsearch	322	A	A	438	5	1.12%	2	2	93	93	0.03089749249800421	1	1	256	182	4	1	G
barcode74_consensus_vsearch	323	A	*/-G	446	8	1.72%	2	2	93	93	0.0037866572939678073	1	1	258	188	6	2	-G
barcode74_consensus_vsearch	324	G	K	441	9	1.97%	2	1	93	93	0.0018758252149176666	1	1	259	182	0	9	T
barcode74_consensus_vsearch	325	G	G	458	4	0.86%	2	1	93	93	0.06209393670973901	1	1	266	192	0	4	A
barcode74_consensus_vsearch	326	A	A	458	3	0.65%	2	1	93	93	0.12459283387624695	1	1	262	196	3	0	G
barcode74_consensus_vsearch	327	A	A	459	5	1.08%	2	2	93	93	0.030913437709528726	1	1	264	195	4	1	G
barcode74_consensus_vsearch	328	T	T	461	2	0.43%	2	2	93	93	0.24972972972924576	1	1	266	195	1	1	C
barcode74_consensus_vsearch	329	G	G	460	4	0.86%	2	2	93	93	0.062095687920911566	1	1	266	194	2	2	A
barcode74_consensus_vsearch	330	C	C	452	5	1.08%	2	1	93	93	0.030908285371709306	1	1	259	193	5	0	-A
barcode74_consensus_vsearch	331	A	A	447	2	0.44%	2	1	93	93	0.24972129319990002	1	1	254	193	2	0	+C
barcode74_consensus_vsearch	332	C	C	447	6	1.31%	2	1	93	93	0.015366882172830807	1	1	255	192	6	0	G
barcode74_consensus_vsearch	333	C	C	458	3	0.65%	2	1	93	93	0.12459283387624695	1	1	264	194	3	0	+A
barcode74_consensus_vsearch	334	A	*/-GA	448	8	1.73%	2	1	93	93	0.0037871780401863946	1	1	258	190	8	0	-GA
barcode74_consensus_vsearch	335	G	G	452	1	0.22%	2	1	93	93	0.4999999999999138	1	1	261	191	0	1	+TG
barcode74_consensus_vsearch	336	A	A	448	3	0.66%	2	1	93	93	0.12458379578250524	1	1	256	192	3	0	+GA
barcode74_consensus_vsearch	337	A	A	460	2	0.43%	2	2	93	93	0.24972914409526598	1	1	268	192	1	1	G
barcode74_consensus_vsearch	338	G	G	455	6	1.29%	2	1	93	93	0.015371351595895005	1	1	268	187	0	6	+C
barcode74_consensus_vsearch	339	C	C	457	2	0.43%	2	1	93	93	0.24972737186467478	1	1	265	192	2	0	-T
barcode74_consensus_vsearch	340	T	*/+C	437	11	2.38%	2	1	93	93	4.588752277082112E-4	1	1	252	185	11	0	+C
barcode74_consensus_vsearch	341	C	C	436	5	1.1%	2	1	93	93	0.030895894751978216	1	1	252	184	5	0	+A
barcode74_consensus_vsearch	342	G	G	454	4	0.87%	2	2	93	93	0.06209038837901774	1	1	260	194	2	2	-A
barcode74_consensus_vsearch	343	A	A	459	2	0.43%	2	1	93	93	0.2497285559174766	1	1	266	193	2	0	G
barcode74_consensus_vsearch	344	G	G	464	1	0.21%	2	1	93	93	0.4999999999999138	1	1	269	195	1	0	-A
barcode74_consensus_vsearch	345	A	A	458	3	0.65%	2	2	93	93	0.12459283387624695	1	1	265	193	1	2	+GA
barcode74_consensus_vsearch	346	C	C	461	2	0.43%	2	1	93	93	0.24972972972924576	1	1	268	193	0	2	T
barcode74_consensus_vsearch	347	G	G	462	2	0.43%	2	2	93	93	0.24973031283711408	1	1	267	195	1	1	-A
barcode74_consensus_vsearch	348	A	A	462	1	0.22%	2	1	93	93	0.4999999999990043	1	1	267	195	1	0	G
barcode74_consensus_vsearch	349	C	C	461	2	0.43%	2	1	93	93	0.24972972972924576	1	1	267	194	2	0	-A
barcode74_consensus_vsearch	350	A	A	454	4	0.86%	2	2	93	93	0.06209038837901774	1	1	265	189	2	2	-CA
barcode74_consensus_vsearch	351	C	*/-A	424	26	5.64%	2	2	93	93	1.0275327797789765E-8	1	1	258	166	5	21	-A
barcode74_consensus_vsearch	352	A	A	425	3	0.69%	2	2	93	93	0.12456140350894482	1	1	259	166	2	1	+G
barcode74_consensus_vsearch	353	A	*/-G	446	11	2.37%	2	2	93	93	4.5944344086844724E-4	1	1	265	181	1	10	-G
barcode74_consensus_vsearch	354	G	G	441	4	0.88%	2	1	93	93	0.062078415508149166	1	1	268	173	0	4	+CA
barcode74_consensus_vsearch	355	G	G	454	6	1.29%	2	2	93	93	0.015370801400747822	1	1	263	191	5	1	-C
barcode74_consensus_vsearch	356	C	Y	442	16	3.49%	2	1	93	93	1.3354986497750224E-5	1	1	265	177	0	16	T
barcode74_consensus_vsearch	357	C	Y	452	12	2.58%	2	2	93	93	2.271769963260919E-4	1	1	268	184	1	11	T
barcode74_consensus_vsearch	358	G	G	460	3	0.65%	2	1	93	93	0.1245945945946921	1	1	266	194	3	0	A
barcode74_consensus_vsearch	359	C	*/-T	437	19	4.08%	2	1	93	93	1.5750992967294798E-6	1	1	269	168	0	19	-T
barcode74_consensus_vsearch	360	T	*/+C	421	7	1.59%	2	2	93	93	0.007621737484585097	1	1	268	153	1	6	+C
barcode74_consensus_vsearch	361	C	C	449	2	0.44%	2	2	93	93	0.24972253052152624	1	1	268	181	1	1	+G
barcode74_consensus_vsearch	362	C	*/-TC	444	7	1.53%	2	2	93	93	0.007631422258539495	1	1	264	180	1	6	-TC
barcode74_consensus_vsearch	363	T	T	439	6	1.33%	2	2	93	93	0.015362252420215997	1	1	263	176	3	3	-C
barcode74_consensus_vsearch	364	C	C	442	4	0.88%	2	1	93	93	0.06207936129200334	1	1	259	183	0	4	-GT
barcode74_consensus_vsearch	365	G	G	453	3	0.65%	2	1	93	93	0.12458836443458174	1	1	261	192	3	0	A
barcode74_consensus_vsearch	366	T	T	448	4	0.87%	2	2	93	93	0.06208494806434338	1	1	259	189	3	1	C
barcode74_consensus_vsearch	367	A	A	455	5	1.08%	2	2	93	93	0.03091051270694167	1	1	264	191	2	3	G
barcode74_consensus_vsearch	368	G	G	460	2	0.43%	2	1	93	93	0.24972914409526598	1	1	264	196	2	0	-A
barcode74_consensus_vsearch	369	A	A	454	5	1.08%	2	2	93	93	0.030909773495158815	1	1	260	194	4	1	G
barcode74_consensus_vsearch	370	C	C	460	1	0.22%	2	1	93	93	0.4999999999999138	1	1	265	195	1	0	+AT
barcode74_consensus_vsearch	371	C	C	452	6	1.29%	2	1	93	93	0.015369693818747027	1	1	266	186	0	6	-G
barcode74_consensus_vsearch	372	G	R	447	7	1.54%	2	1	93	93	0.007632613471737004	1	1	261	186	7	0	A
barcode74_consensus_vsearch	373	G	G	454	4	0.86%	2	1	93	93	0.06209038837901774	1	1	262	192	4	0	A
barcode74_consensus_vsearch	374	G	*/+C	417	21	4.51%	2	2	93	93	3.7303832442405505E-7	1	1	252	165	5	16	+C
barcode74_consensus_vsearch	375	C	C	439	1	0.23%	2	1	93	93	0.5000000000008233	1	1	257	182	0	1	+T
barcode74_consensus_vsearch	376	C	C	454	4	0.87%	2	1	93	93	0.06209038837901774	1	1	262	192	4	0	+A
barcode74_consensus_vsearch	377	C	*/-T	446	13	2.79%	2	2	93	93	1.1199500266454E-4	1	1	265	181	2	11	-T
barcode74_consensus_vsearch	378	T	*/-C	432	8	1.78%	2	1	93	93	0.0037828805172695963	1	1	263	169	0	8	-C
barcode74_consensus_vsearch	379	C	C	448	5	1.1%	2	1	93	93	0.030905269727138893	1	1	269	179	0	5	-T
barcode74_consensus_vsearch	380	T	*/-CTCT	440	12	2.63%	2	2	93	93	2.267374617732365E-4	1	1	266	174	1	11	-CTCT
barcode74_consensus_vsearch	381	C	C	444	4	0.89%	2	1	93	93	0.06208124018598929	1	1	263	181	4	0	-T
barcode74_consensus_vsearch	382	T	*/-CT	379	54	12.11%	2	2	93	93	9.52651558106936E-18	1	1	239	140	16	38	-CT
barcode74_consensus_vsearch	383	C	C	394	1	0.25%	2	1	93	93	0.4999999999999138	1	1	249	145	1	0	+ACC
barcode74_consensus_vsearch	384	T	T	387	3	0.76%	2	2	93	93	0.12451861360729544	1	1	247	140	1	2	+CT
barcode74_consensus_vsearch	385	G	G	456	6	1.3%	2	2	93	93	0.015371899414478795	1	1	265	191	3	3	A
barcode74_consensus_vsearch	386	G	G	457	3	0.65%	2	1	93	93	0.12459194776934993	1	1	265	192	3	0	+A
barcode74_consensus_vsearch	387	G	G	464	1	0.21%	2	1	93	93	0.4999999999999138	1	1	268	196	1	0	A
barcode74_consensus_vsearch	388	C	C	457	3	0.64%	2	1	93	93	0.12459194776934993	1	1	262	195	3	0	T
barcode74_consensus_vsearch	389	G	G	461	1	0.22%	2	1	93	93	0.5000000000008233	1	1	266	195	1	0	-A
barcode74_consensus_vsearch	390	A	A	454	5	1.08%	2	2	93	93	0.030909773495158815	1	1	260	194	4	1	-C
barcode74_consensus_vsearch	391	C	C	457	1	0.22%	2	1	93	93	0.4999999999999138	1	1	262	195	1	0	G
barcode74_consensus_vsearch	392	C	C	463	1	0.22%	2	1	93	93	0.4999999999990043	1	1	268	195	0	1	+TAT
barcode74_consensus_vsearch	393	C	C	463	1	0.22%	2	1	93	93	0.4999999999990043	1	1	268	195	0	1	+GT
barcode74_consensus_vsearch	394	A	A	458	5	1.07%	2	1	93	93	0.030912711194453116	1	1	264	194	5	0	+T
barcode74_consensus_vsearch	395	T	T	463	2	0.43%	2	2	93	93	0.24973089343429802	1	1	268	195	1	1	C
barcode74_consensus_vsearch	396	T	T	462	3	0.65%	2	2	93	93	0.12459634015068409	1	1	267	195	2	1	C
barcode74_consensus_vsearch	397	T	*/-C	400	60	12.9%	2	2	93	93	1.1070522758491167E-19	1	1	232	168	34	26	-C
barcode74_consensus_vsearch	398	C	C	401	4	0.99%	2	1	93	93	0.06203675196794108	1	1	231	170	4	0	T
barcode74_consensus_vsearch	399	C	*/-A	448	8	1.72%	2	2	93	93	0.0037871780401863946	1	1	253	195	7	1	-A
barcode74_consensus_vsearch	400	A	A	452	3	0.66%	2	1	93	93	0.12458745874590603	1	1	257	195	3	0	+G
barcode74_consensus_vsearch	401	A	A	460	4	0.86%	2	2	93	93	0.062095687920911566	1	1	266	194	3	1	-G
barcode74_consensus_vsearch	402	G	G	456	2	0.43%	2	1	93	93	0.24972677595608425	1	1	262	194	2	0	+A
barcode74_consensus_vsearch	403	G	G	455	3	0.64%	2	1	93	93	0.12459016393415773	1	1	260	195	3	0	A
barcode74_consensus_vsearch	404	C	C	459	2	0.43%	2	1	93	93	0.2497285559174766	1	1	265	194	2	0	A
barcode74_consensus_vsearch	405	C	C	460	2	0.43%	2	1	93	93	0.24972914409526598	1	1	265	195	2	0	-T
barcode74_consensus_vsearch	406	T	T	453	6	1.29%	2	2	93	93	0.015370248813581264	1	1	264	189	2	4	-G
barcode74_consensus_vsearch	407	G	G	452	5	1.09%	2	2	93	93	0.030908285371709306	1	1	263	189	4	1	A
barcode74_consensus_vsearch	408	G	G	460	3	0.65%	2	2	93	93	0.1245945945946921	1	1	268	192	1	2	A
barcode74_consensus_vsearch	409	C	C	460	3	0.65%	2	2	93	93	0.1245945945946921	1	1	268	192	1	2	-T
barcode74_consensus_vsearch	410	T	T	452	6	1.3%	2	1	93	93	0.015369693818747027	1	1	262	190	6	0	-AC
barcode74_consensus_vsearch	411	A	A	456	3	0.65%	2	2	93	93	0.12459105779723775	1	1	261	195	2	1	G
barcode74_consensus_vsearch	412	C	C	455	1	0.22%	2	1	93	93	0.4999999999999138	1	1	263	192	0	1	+AT
barcode74_consensus_vsearch	413	G	G	459	2	0.43%	2	2	93	93	0.2497285559174766	1	1	266	193	1	1	-AT
barcode74_consensus_vsearch	414	A	A	459	1	0.22%	2	1	93	93	0.4999999999999138	1	1	266	193	0	1	+C
barcode74_consensus_vsearch	415	T	T	458	2	0.43%	2	1	93	93	0.24972796517908835	1	1	265	193	0	2	A
barcode74_consensus_vsearch	416	T	T	459	2	0.43%	2	1	93	93	0.2497285559174766	1	1	268	191	2	0	-AC
barcode74_consensus_vsearch	417	A	A	455	4	0.86%	2	2	93	93	0.062091281262886246	1	1	264	191	3	1	G
barcode74_consensus_vsearch	418	C	C	458	2	0.43%	2	2	93	93	0.24972796517908835	1	1	266	192	1	1	-A
barcode74_consensus_vsearch	419	A	R	262	201	43.41%	2	2	93	93	2.0081485675632266E-73	1	1	155	107	113	88	G
barcode74_consensus_vsearch	420	A	A	461	4	0.86%	2	1	93	93	0.06209655787449625	1	1	266	195	4	0	G
barcode74_consensus_vsearch	421	C	C	462	3	0.64%	2	2	93	93	0.12459634015068409	1	1	268	194	1	2	T
barcode74_consensus_vsearch	422	A	A	463	2	0.43%	2	1	93	93	0.24973089343429802	1	1	267	196	2	0	G
barcode74_consensus_vsearch	423	A	R	450	9	1.93%	2	2	93	93	0.0018773250232725807	1	1	257	193	8	1	G
barcode74_consensus_vsearch	424	C	*/+A	442	10	2.17%	2	1	93	93	9.286485810021079E-4	1	1	249	193	10	0	+A
barcode74_consensus_vsearch	425	A	A	449	6	1.32%	2	2	93	93	0.015368014229849866	1	1	257	192	4	2	G
barcode74_consensus_vsearch	426	A	A	455	3	0.65%	2	2	93	93	0.12459016393415773	1	1	263	192	1	2	G
barcode74_consensus_vsearch	427	G	G	457	4	0.86%	2	1	93	93	0.062093055403000016	1	1	261	196	4	0	-A
barcode74_consensus_vsearch	428	A	A	459	3	0.65%	2	2	93	93	0.12459371614300269	1	1	264	195	2	1	G
barcode74_consensus_vsearch	429	T	T	461	3	0.64%	2	2	93	93	0.12459546925571133	1	1	268	193	2	1	C
barcode74_consensus_vsearch	430	A	A	461	3	0.64%	2	2	93	93	0.12459546925571133	1	1	267	194	2	1	G
barcode74_consensus_vsearch	431	A	A	456	3	0.64%	2	1	93	93	0.12459105779723775	1	1	266	190	3	0	G
barcode74_consensus_vsearch	432	C	*/-T	441	9	1.94%	2	2	93	93	0.0018758252149176666	1	1	253	188	6	3	-T
barcode74_consensus_vsearch	433	T	Y	440	7	1.56%	2	2	93	93	0.007629809215418646	1	1	252	188	4	3	C
barcode74_consensus_vsearch	434	T	Y	446	9	1.96%	2	2	93	93	0.0018766656885966895	1	1	258	188	5	4	C
barcode74_consensus_vsearch	435	G	*/+C	440	13	2.8%	2	1	93	93	1.1186549909524006E-4	1	1	262	178	0	13	+C
barcode74_consensus_vsearch	436	C	C	454	1	0.22%	2	1	93	93	0.4999999999999138	1	1	263	191	0	1	+T
barcode74_consensus_vsearch	437	C	C	464	1	0.21%	2	1	93	93	0.4999999999999138	1	1	270	194	0	1	+T
barcode74_consensus_vsearch	438	C	C	461	3	0.64%	2	1	93	93	0.12459546925571133	1	1	266	195	3	0	-T
barcode74_consensus_vsearch	439	T	T	456	3	0.65%	2	1	93	93	0.12459105779723775	1	1	261	195	3	0	C
barcode74_consensus_vsearch	440	C	C	464	1	0.22%	2	1	93	93	0.4999999999999138	1	1	269	195	1	0	-GGT
barcode74_consensus_vsearch	441	G	G	462	3	0.65%	2	1	93	93	0.12459634015068409	1	1	266	196	3	0	A
barcode74_consensus_vsearch	442	G	G	463	2	0.43%	2	1	93	93	0.24973089343429802	1	1	267	196	2	0	A
barcode74_consensus_vsearch	443	T	*/-C	441	21	4.52%	2	1	93	93	3.7793632916705605E-7	1	1	245	196	21	0	-C
barcode74_consensus_vsearch	444	C	C	441	2	0.45%	2	1	93	93	0.24971751412472734	1	1	245	196	2	0	+A
barcode74_consensus_vsearch	445	C	C	462	3	0.64%	2	2	93	93	0.12459634015068409	1	1	268	194	1	2	-T
barcode74_consensus_vsearch	446	T	Y	442	14	3.02%	2	1	93	93	5.5156044717732804E-5	1	1	266	176	0	14	C
barcode74_consensus_vsearch	447	G	G	459	4	0.86%	2	1	93	93	0.06209481420755567	1	1	265	194	4	0	-A
barcode74_consensus_vsearch	448	A	A	459	3	0.65%	2	1	93	93	0.12459371614300269	1	1	263	196	3	0	G
barcode74_consensus_vsearch	449	T	T	460	4	0.86%	2	1	93	93	0.062095687920911566	1	1	264	196	4	0	-G
barcode74_consensus_vsearch	450	G	G	457	1	0.22%	2	1	93	93	0.4999999999999138	1	1	262	195	1	0	+C
barcode74_consensus_vsearch	451	C	*/-AC	446	13	2.81%	2	1	93	93	1.1199500266454E-4	1	1	252	194	13	0	-AC
barcode74_consensus_vsearch	452	A	A	442	5	1.11%	2	1	93	93	0.03090064512242186	1	1	252	190	5	0	G
barcode74_consensus_vsearch	453	C	C	444	3	0.67%	2	1	93	93	0.12458006718908442	1	1	257	187	0	3	+T
barcode74_consensus_vsearch	454	C	*/+T	450	8	1.72%	2	2	93	93	0.003787694271375089	1	1	263	187	2	6	+T
barcode74_consensus_vsearch	455	T	T	456	2	0.44%	2	1	93	93	0.24972677595608425	1	1	266	190	0	2	C
barcode74_consensus_vsearch	456	T	*/-C	256	171	36.7%	2	2	93	93	1.5492443767806137E-61	1	1	171	85	86	85	-C
barcode74_consensus_vsearch	457	C	Y	255	7	2.66%	2	2	93	93	0.007501809679633719	1	1	174	81	1	6	T
barcode74_consensus_vsearch	458	C	C	432	1	0.23%	2	1	93	93	0.5000000000008233	1	1	261	171	1	0	+AC
barcode74_consensus_vsearch	459	C	C	462	1	0.22%	2	1	93	93	0.4999999999990043	1	1	268	194	0	1	T
barcode74_consensus_vsearch	460	C	C	462	2	0.43%	2	1	93	93	0.24973031283711408	1	1	269	193	0	2	T
barcode74_consensus_vsearch	461	C	C	452	6	1.29%	2	2	93	93	0.015369693818747027	1	1	266	186	1	5	T
barcode74_consensus_vsearch	462	G	R	450	7	1.52%	2	2	93	93	0.0076337891152176976	1	1	261	189	6	1	A
barcode74_consensus_vsearch	463	G	G	460	3	0.65%	2	2	93	93	0.1245945945946921	1	1	267	193	1	2	A
barcode74_consensus_vsearch	464	G	G	463	2	0.43%	2	2	93	93	0.24973089343429802	1	1	268	195	1	1	A
barcode74_consensus_vsearch	465	T	T	458	6	1.29%	2	2	93	93	0.015372987983405329	1	1	267	191	1	5	C
barcode74_consensus_vsearch	466	C	C	461	1	0.22%	2	1	93	93	0.5000000000008233	1	1	268	193	0	1	+A
barcode74_consensus_vsearch	467	A	A	454	6	1.29%	2	2	93	93	0.015370801400747822	1	1	264	190	3	3	G
barcode74_consensus_vsearch	468	T	T	449	5	1.08%	2	1	93	93	0.030906028617208876	1	1	267	182	0	5	+C
barcode74_consensus_vsearch	469	T	T	456	4	0.86%	2	1	93	93	0.062092170262314485	1	1	270	186	0	4	-C
barcode74_consensus_vsearch	470	C	C	453	3	0.65%	2	2	93	93	0.12458836443458174	1	1	268	185	1	2	+T
barcode74_consensus_vsearch	471	G	G	461	2	0.43%	2	1	93	93	0.24972972972924576	1	1	267	194	2	0	-CG
barcode74_consensus_vsearch	472	C	C	461	1	0.22%	2	1	93	93	0.5000000000008233	1	1	267	194	0	1	+A
barcode74_consensus_vsearch	473	G	G	459	1	0.22%	2	1	93	93	0.4999999999999138	1	1	266	193	1	0	+CG
barcode74_consensus_vsearch	474	T	Y	452	8	1.72%	2	2	93	93	0.0037882060460031454	1	1	269	183	1	7	C
barcode74_consensus_vsearch	475	T	Y	456	7	1.51%	2	2	93	93	0.007636094898325736	1	1	267	189	3	4	C
barcode74_consensus_vsearch	476	G	G	461	2	0.43%	2	2	93	93	0.24972972972924576	1	1	268	193	1	1	-C
barcode74_consensus_vsearch	477	C	C	460	2	0.43%	2	1	93	93	0.24972914409526598	1	1	267	193	2	0	T
barcode74_consensus_vsearch	478	C	C	456	5	1.08%	2	2	93	93	0.030911248713682577	1	1	266	190	1	4	T
barcode74_consensus_vsearch	479	G	G	457	4	0.87%	2	1	93	93	0.062093055403000016	1	1	263	194	4	0	A
barcode74_consensus_vsearch	480	C	*/-TT	446	10	2.16%	2	2	93	93	9.290628161964562E-4	1	1	258	188	9	1	-TT
barcode74_consensus_vsearch	481	T	T	449	2	0.44%	2	1	93	93	0.24972253052152624	1	1	260	189	0	2	C
barcode74_consensus_vsearch	482	T	T	452	2	0.44%	2	1	93	93	0.24972436604191225	1	1	260	192	0	2	C
barcode74_consensus_vsearch	483	T	T	458	5	1.08%	2	1	93	93	0.030912711194453116	1	1	269	189	0	5	-G
barcode74_consensus_vsearch	484	G	G	459	2	0.43%	2	1	93	93	0.2497285559174766	1	1	270	189	0	2	C
barcode74_consensus_vsearch	485	G	G	465	1	0.21%	2	1	93	93	0.5000000000008233	1	1	269	196	1	0	A
barcode74_consensus_vsearch	486	A	A	461	3	0.64%	2	2	93	93	0.12459546925571133	1	1	267	194	1	2	G
barcode74_consensus_vsearch	487	C	C	464	1	0.21%	2	1	93	93	0.4999999999999138	1	1	269	195	1	0	+A
barcode74_consensus_vsearch	488	G	G	455	5	1.07%	2	2	93	93	0.03091051270694167	1	1	263	192	3	2	-C
barcode74_consensus_vsearch	489	C	C	458	1	0.22%	2	1	93	93	0.4999999999999138	1	1	264	194	1	0	+GC
barcode74_consensus_vsearch	490	C	C	463	1	0.22%	2	1	93	93	0.4999999999990043	1	1	268	195	0	1	T
barcode74_consensus_vsearch	491	C	C	463	3	0.64%	2	2	93	93	0.12459720730400861	1	1	269	194	1	2	T
barcode74_consensus_vsearch	492	C	C	453	6	1.29%	2	2	93	93	0.015370248813581264	1	1	267	186	1	5	T
barcode74_consensus_vsearch	493	A	A	458	1	0.22%	2	1	93	93	0.4999999999999138	1	1	267	191	1	0	+CA
barcode74_consensus_vsearch	494	A	A	464	1	0.22%	2	1	93	93	0.4999999999999138	1	1	269	195	0	1	G
barcode74_consensus_vsearch	495	T	T	463	3	0.64%	2	1	93	93	0.12459720730400861	1	1	270	193	0	3	C
barcode74_consensus_vsearch	496	G	G	458	4	0.86%	2	2	93	93	0.06209393670973901	1	1	265	193	3	1	+C
barcode74_consensus_vsearch	497	C	Y	450	8	1.72%	2	1	93	93	0.003787694271375089	1	1	264	186	0	8	T
barcode74_consensus_vsearch	498	T	T	454	3	0.65%	2	1	93	93	0.12458926615549139	1	1	262	192	3	0	C
barcode74_consensus_vsearch	499	G	G	458	1	0.22%	2	1	93	93	0.4999999999999138	1	1	264	194	1	0	+C
barcode74_consensus_vsearch	500	T	Y	447	8	1.72%	2	2	93	93	0.0037869182351470006	1	1	257	190	5	3	C
barcode74_consensus_vsearch	501	A	A	449	6	1.31%	2	2	93	93	0.015368014229849866	1	1	258	191	3	3	G
barcode74_consensus_vsearch	502	G	G	454	2	0.43%	2	1	93	93	0.2497255762896723	1	1	261	193	2	0	-C
barcode74_consensus_vsearch	503	C	C	457	2	0.44%	2	2	93	93	0.24972737186467478	1	1	262	195	1	1	T
barcode74_consensus_vsearch	504	C	*/+A	444	7	1.52%	2	1	93	93	0.007631422258539495	1	1	252	192	7	0	+A
barcode74_consensus_vsearch	505	G	*/-A	456	7	1.51%	2	1	93	93	0.007636094898325736	1	1	261	195	7	0	-A
barcode74_consensus_vsearch	506	A	A	454	3	0.66%	2	2	93	93	0.12458926615549139	1	1	259	195	2	1	G
barcode74_consensus_vsearch	507	A	A	459	3	0.65%	2	2	93	93	0.12459371614300269	1	1	264	195	2	1	C
barcode74_consensus_vsearch	508	T	T	463	1	0.21%	2	1	93	93	0.4999999999990043	1	1	268	195	0	1	+GG
barcode74_consensus_vsearch	509	G	G	462	2	0.43%	2	1	93	93	0.24973031283711408	1	1	266	196	2	0	A
barcode74_consensus_vsearch	510	T	T	458	6	1.29%	2	2	93	93	0.015372987983405329	1	1	266	192	2	4	C
barcode74_consensus_vsearch	511	T	T	446	5	1.07%	2	2	93	93	0.030903741856461314	1	1	258	188	4	1	+G
barcode74_consensus_vsearch	512	A	R	425	33	7.14%	2	2	93	93	6.403350338435771E-11	1	1	236	189	28	5	G
barcode74_consensus_vsearch	513	G	G	457	2	0.43%	2	1	93	93	0.24972737186467478	1	1	261	196	2	0	+A
barcode74_consensus_vsearch	514	A	R	431	24	5.19%	2	2	93	93	4.365685995159142E-8	1	1	237	194	22	2	G
barcode74_consensus_vsearch	515	C	*/-G	443	8	1.73%	2	2	93	93	0.003785867578538486	1	1	251	192	7	1	-G
barcode74_consensus_vsearch	516	G	R	396	56	12.33%	2	1	93	93	2.2569769743943404E-18	1	1	201	195	56	0	A
barcode74_consensus_vsearch	517	G	R	444	18	3.89%	2	1	93	93	3.2222177240636873E-6	1	1	249	195	18	0	A
barcode74_consensus_vsearch	518	C	*/+T	410	27	5.81%	2	1	93	93	4.923724830551064E-9	1	1	218	192	27	0	+T
barcode74_consensus_vsearch	519	T	T	448	1	0.22%	2	1	93	93	0.5000000000008233	1	1	256	192	0	1	+C
barcode74_consensus_vsearch	520	T	T	458	2	0.43%	2	2	93	93	0.24972796517908835	1	1	264	194	1	1	+C
barcode74_consensus_vsearch	521	T	*/+C	171	263	56.56%	2	2	93	93	1.9003887380610905E-105	1	1	81	90	170	93	+C
barcode74_consensus_vsearch	522	C	C	453	2	0.44%	2	1	93	93	0.24972497249691156	1	1	262	191	2	0	G
barcode74_consensus_vsearch	523	C	*/+T	410	32	6.97%	2	2	93	93	1.3010748592771143E-10	1	1	262	148	1	31	+T
barcode74_consensus_vsearch	524	T	Y	437	8	1.79%	2	2	93	93	0.00378425644253265	1	1	260	177	2	6	C
barcode74_consensus_vsearch	525	T	T	449	4	0.88%	2	1	93	93	0.06208586479697461	1	1	262	187	4	0	C
barcode74_consensus_vsearch	526	T	T	454	2	0.44%	2	1	93	93	0.2497255762896723	1	1	262	192	2	0	-C
barcode74_consensus_vsearch	527	C	C	455	3	0.65%	2	1	93	93	0.12459016393415773	1	1	263	192	0	3	+G
barcode74_consensus_vsearch	528	G	G	461	2	0.43%	2	1	93	93	0.24972972972924576	1	1	265	196	2	0	-ACG
barcode74_consensus_vsearch	529	A	A	450	5	1.08%	2	2	93	93	0.030906784173455357	1	1	260	190	3	2	G
barcode74_consensus_vsearch	530	C	Y	455	7	1.51%	2	2	93	93	0.007635714741848557	1	1	266	189	2	5	T
barcode74_consensus_vsearch	531	G	G	455	4	0.86%	2	1	93	93	0.062091281262886246	1	1	266	189	0	4	T
barcode74_consensus_vsearch	532	G	G	463	2	0.43%	2	1	93	93	0.24973089343429802	1	1	269	194	0	2	-T
barcode74_consensus_vsearch	533	T	T	461	2	0.43%	2	2	93	93	0.24972972972924576	1	1	269	192	1	1	C
barcode74_consensus_vsearch	534	C	*/-A	448	11	2.36%	2	2	93	93	4.59566741968889E-4	1	1	256	192	10	1	-A
barcode74_consensus_vsearch	535	A	A	447	2	0.44%	2	1	93	93	0.24972129319990002	1	1	256	191	2	0	G
barcode74_consensus_vsearch	536	A	*/-G	450	7	1.51%	2	1	93	93	0.0076337891152176976	1	1	266	184	0	7	-G
barcode74_consensus_vsearch	537	G	G	452	5	1.09%	2	2	93	93	0.030908285371709306	1	1	268	184	1	4	+C
barcode74_consensus_vsearch	538	G	G	463	1	0.21%	2	1	93	93	0.4999999999990043	1	1	268	195	0	1	+A
barcode74_consensus_vsearch	539	A	A	461	1	0.22%	2	1	93	93	0.5000000000008233	1	1	266	195	1	0	+T
barcode74_consensus_vsearch	540	C	C	462	1	0.22%	2	1	93	93	0.4999999999990043	1	1	267	195	1	0	+AC
barcode74_consensus_vsearch	541	G	G	459	3	0.64%	2	1	93	93	0.12459371614300269	1	1	266	193	3	0	A
barcode74_consensus_vsearch	542	C	C	458	4	0.86%	2	2	93	93	0.06209393670973901	1	1	266	192	3	1	T
barcode74_consensus_vsearch	543	G	*/-CG	440	17	3.67%	2	2	93	93	6.556572441902532E-6	1	1	251	189	12	5	-CG
barcode74_consensus_vsearch	544	C	C	434	5	1.12%	2	2	93	93	0.030894282456439635	1	1	246	188	3	2	T
barcode74_consensus_vsearch	545	G	G	443	2	0.45%	2	2	93	93	0.2497187851519112	1	1	256	187	1	1	+A
barcode74_consensus_vsearch	546	A	A	457	6	1.29%	2	2	93	93	0.01537244487190259	1	1	264	193	5	1	G
barcode74_consensus_vsearch	547	G	G	459	2	0.43%	2	1	93	93	0.2497285559174766	1	1	267	192	2	0	-A
barcode74_consensus_vsearch	548	A	R	451	7	1.52%	2	1	93	93	0.007634177589087493	1	1	259	192	7	0	G
barcode74_consensus_vsearch	549	C	C	456	3	0.65%	2	1	93	93	0.12459105779723775	1	1	262	194	3	0	-GC
barcode74_consensus_vsearch	550	G	G	455	3	0.65%	2	1	93	93	0.12459016393415773	1	1	260	195	3	0	-C
barcode74_consensus_vsearch	551	C	C	456	1	0.22%	2	1	93	93	0.4999999999990043	1	1	260	196	1	0	+GC
barcode74_consensus_vsearch	552	C	C	445	6	1.29%	2	1	93	93	0.015365740098082468	1	1	260	185	0	6	+T
barcode74_consensus_vsearch	553	T	T	452	3	0.66%	2	2	93	93	0.12458745874590603	1	1	261	191	2	1	C
barcode74_consensus_vsearch	554	T	T	456	3	0.65%	2	1	93	93	0.12459105779723775	1	1	262	194	3	0	-GT
barcode74_consensus_vsearch	555	G	G	461	1	0.22%	2	1	93	93	0.5000000000008233	1	1	265	196	1	0	+A
barcode74_consensus_vsearch	556	T	T	455	2	0.43%	2	1	93	93	0.24972617743652814	1	1	262	193	2	0	A
barcode74_consensus_vsearch	557	A	A	456	3	0.65%	2	2	93	93	0.12459105779723775	1	1	265	191	1	2	-T
barcode74_consensus_vsearch	558	T	T	452	6	1.3%	2	2	93	93	0.015369693818747027	1	1	266	186	1	5	A
barcode74_consensus_vsearch	559	T	*/-A	431	16	3.46%	2	2	93	93	1.3310486209944137E-5	1	1	240	191	14	2	-A
barcode74_consensus_vsearch	560	A	*/-G	427	9	2.01%	2	1	93	93	0.0018733704789343226	1	1	240	187	9	0	-G
barcode74_consensus_vsearch	561	G	*/-A	438	11	2.41%	2	1	93	93	4.589394655227349E-4	1	1	242	196	11	0	-A
barcode74_consensus_vsearch	562	A	*/+G	418	11	2.46%	2	2	93	93	4.575989670126341E-4	1	1	238	180	3	8	+G
barcode74_consensus_vsearch	563	G	G	439	5	1.11%	2	1	93	93	0.030898285976353152	1	1	245	194	5	0	A
barcode74_consensus_vsearch	564	G	*/-A	427	28	6.05%	2	1	93	93	2.4272210023663687E-9	1	1	232	195	28	0	-A
barcode74_consensus_vsearch	565	A	A	415	6	1.4%	2	2	93	93	0.01534731000890416	1	1	223	192	3	3	G
barcode74_consensus_vsearch	566	G	G	440	5	1.1%	2	1	93	93	0.030899075890599485	1	1	249	191	5	0	A
barcode74_consensus_vsearch	567	C	*/-T	445	14	3.01%	2	1	93	93	5.519311733534499E-5	1	1	266	179	0	14	-T
barcode74_consensus_vsearch	568	T	T	440	4	0.89%	2	1	93	93	0.06207746546158639	1	1	265	175	0	4	-C
barcode74_consensus_vsearch	569	C	*/-TC	447	8	1.74%	2	2	93	93	0.0037869182351470006	1	1	260	187	6	2	-TC
barcode74_consensus_vsearch	570	T	*/-C	435	12	2.65%	2	2	93	93	2.2654752970435957E-4	1	1	259	176	1	11	-C
barcode74_consensus_vsearch	571	C	C	437	4	0.9%	2	1	93	93	0.062074589455845104	1	1	257	180	4	0	+A
barcode74_consensus_vsearch	572	C	C	459	3	0.65%	2	2	93	93	0.12459371614300269	1	1	268	191	1	2	-TCCC
barcode74_consensus_vsearch	573	T	*/-C	418	33	7.19%	2	2	93	93	6.341987971318086E-11	1	1	240	178	26	7	-C
barcode74_consensus_vsearch	574	C	C	425	1	0.23%	2	1	93	93	0.4999999999999138	1	1	240	185	1	0	+T
barcode74_consensus_vsearch	575	C	C	459	1	0.22%	2	1	93	93	0.4999999999999138	1	1	267	192	1	0	T
barcode74_consensus_vsearch	576	C	*/-GC	445	7	1.52%	2	1	93	93	0.007631821078608308	1	1	257	188	7	0	-GC
barcode74_consensus_vsearch	577	G	G	451	4	0.88%	2	1	93	93	0.06208768616665174	1	1	257	194	4	0	A
barcode74_consensus_vsearch	578	C	C	451	3	0.66%	2	1	93	93	0.12458654906280954	1	1	258	193	3	0	-T
barcode74_consensus_vsearch	579	T	T	453	5	1.09%	2	2	93	93	0.03090903105714376	1	1	260	193	4	1	C
barcode74_consensus_vsearch	580	T	T	450	5	1.08%	2	2	93	93	0.030906784173455357	1	1	258	192	4	1	C
barcode74_consensus_vsearch	581	A	*/-G	431	12	2.6%	2	1	93	93	2.2639257424578987E-4	1	1	259	172	0	12	-G
barcode74_consensus_vsearch	582	G	G	451	1	0.22%	2	1	93	93	0.4999999999999138	1	1	268	183	1	0	+A
barcode74_consensus_vsearch	583	G	G	461	4	0.86%	2	1	93	93	0.06209655787449625	1	1	265	196	4	0	-A
barcode74_consensus_vsearch	584	A	A	457	2	0.43%	2	1	93	93	0.24972737186467478	1	1	265	192	0	2	+C
barcode74_consensus_vsearch	585	T	T	463	1	0.22%	2	1	93	93	0.4999999999990043	1	1	269	194	0	1	-C
barcode74_consensus_vsearch	586	C	C	460	2	0.43%	2	1	93	93	0.24972914409526598	1	1	266	194	2	0	+A
barcode74_consensus_vsearch	587	G	G	460	3	0.65%	2	1	93	93	0.1245945945946921	1	1	265	195	3	0	-A
barcode74_consensus_vsearch	588	A	A	453	5	1.08%	2	1	93	93	0.03090903105714376	1	1	260	193	5	0	G
barcode74_consensus_vsearch	589	C	C	454	3	0.65%	2	1	93	93	0.12458926615549139	1	1	262	192	3	0	-TC
barcode74_consensus_vsearch	590	T	T	450	5	1.08%	2	2	93	93	0.030906784173455357	1	1	260	190	3	2	C
barcode74_consensus_vsearch	591	C	C	448	2	0.44%	2	2	93	93	0.24972191323697995	1	1	258	190	1	1	-A
barcode74_consensus_vsearch	592	A	*/-C	422	23	5%	2	2	93	93	8.905066155446918E-8	1	1	239	183	19	4	-C
barcode74_consensus_vsearch	593	C	C	429	2	0.46%	2	1	93	93	0.2497096399537788	1	1	244	185	0	2	+T
barcode74_consensus_vsearch	594	C	C	457	2	0.43%	2	2	93	93	0.24972737186467478	1	1	265	192	1	1	A
barcode74_consensus_vsearch	595	C	C	460	2	0.43%	2	2	93	93	0.24972914409526598	1	1	266	194	1	1	T
barcode74_consensus_vsearch	596	C	Y	452	8	1.72%	2	2	93	93	0.0037882060460031454	1	1	265	187	1	7	T
barcode74_consensus_vsearch	597	G	R	446	14	3.02%	2	1	93	93	5.520537128080094E-5	1	1	251	195	14	0	A
barcode74_consensus_vsearch	598	G	G	458	2	0.43%	2	1	93	93	0.24972796517908835	1	1	264	194	2	0	-TA
barcode74_consensus_vsearch	599	T	T	458	1	0.22%	2	1	93	93	0.4999999999999138	1	1	263	195	1	0	+GAC
barcode74_consensus_vsearch	600	A	A	458	3	0.65%	2	2	93	93	0.12459283387624695	1	1	264	194	1	2	G
barcode74_consensus_vsearch	601	C	C	460	2	0.43%	2	2	93	93	0.24972914409526598	1	1	265	195	1	1	T
barcode74_consensus_vsearch	602	C	C	457	4	0.86%	2	2	93	93	0.062093055403000016	1	1	266	191	2	2	T
barcode74_consensus_vsearch	603	A	A	463	2	0.43%	2	1	93	93	0.24973089343429802	1	1	270	193	0	2	+TTA
barcode74_consensus_vsearch	604	T	T	465	1	0.21%	2	1	93	93	0.5000000000008233	1	1	270	195	0	1	C
barcode74_consensus_vsearch	605	C	C	463	1	0.21%	2	1	93	93	0.4999999999990043	1	1	268	195	1	0	+G
barcode74_consensus_vsearch	606	G	G	461	4	0.86%	2	2	93	93	0.06209655787449625	1	1	267	194	3	1	A
barcode74_consensus_vsearch	607	C	C	456	5	1.07%	2	2	93	93	0.030911248713682577	1	1	264	192	4	1	T
barcode74_consensus_vsearch	608	G	G	462	2	0.43%	2	1	93	93	0.24973031283711408	1	1	268	194	2	0	+A
barcode74_consensus_vsearch	609	G	G	459	3	0.65%	2	1	93	93	0.12459371614300269	1	1	265	194	3	0	A
barcode74_consensus_vsearch	610	T	T	448	6	1.29%	2	2	93	93	0.015367449445331104	1	1	260	188	3	3	+A
barcode74_consensus_vsearch	611	A	A	462	1	0.22%	2	1	93	93	0.4999999999990043	1	1	268	194	1	0	+G
barcode74_consensus_vsearch	612	A	A	462	3	0.65%	2	2	93	93	0.12459634015068409	1	1	267	195	2	1	G
barcode74_consensus_vsearch	613	A	A	459	3	0.64%	2	1	93	93	0.12459371614300269	1	1	263	196	3	0	-C
barcode74_consensus_vsearch	614	C	C	463	0	0%	2	0	93	0	1.0	1	0	267	196	0	0	
barcode74_consensus_vsearch	615	C	C	458	3	0.64%	2	1	93	93	0.12459283387624695	1	1	263	195	3	0	+A
barcode74_consensus_vsearch	616	A	*/-G	433	23	4.96%	2	2	93	93	8.969553535915623E-8	1	1	249	184	11	12	-G
barcode74_consensus_vsearch	617	G	G	437	3	0.68%	2	1	93	93	0.12457337883968563	1	1	253	184	3	0	+A
barcode74_consensus_vsearch	618	G	*/-A	457	8	1.72%	2	1	93	93	0.0037894663597456	1	1	262	195	8	0	-A
barcode74_consensus_vsearch	619	A	A	454	4	0.87%	2	2	93	93	0.06209038837901774	1	1	259	195	3	1	G
barcode74_consensus_vsearch	620	A	A	457	5	1.07%	2	1	93	93	0.030911981535900093	1	1	262	195	5	0	G
barcode74_consensus_vsearch	621	C	C	460	1	0.22%	2	1	93	93	0.4999999999999138	1	1	264	196	1	0	+A
barcode74_consensus_vsearch	622	C	*/-T	431	25	5.36%	2	2	93	93	2.1253367056548207E-8	1	1	262	169	1	24	-T
barcode74_consensus_vsearch	623	T	T	436	2	0.46%	2	2	93	93	0.2497142857145226	1	1	265	171	1	1	C
barcode74_consensus_vsearch	624	T	T	463	1	0.22%	2	1	93	93	0.4999999999990043	1	1	268	195	0	1	A
barcode74_consensus_vsearch	625	T	T	461	3	0.64%	2	1	93	93	0.12459546925571133	1	1	266	195	3	0	A
barcode74_consensus_vsearch	626	C	C	462	2	0.43%	2	2	93	93	0.24973031283711408	1	1	268	194	1	1	-T
barcode74_consensus_vsearch	627	T	T	453	4	0.87%	2	1	93	93	0.062089491585691256	1	1	261	192	4	0	-C
barcode74_consensus_vsearch	628	C	C	458	1	0.22%	2	1	93	93	0.4999999999999138	1	1	264	194	0	1	T
barcode74_consensus_vsearch	629	C	C	464	1	0.22%	2	1	93	93	0.4999999999999138	1	1	268	196	1	0	-AC
barcode74_consensus_vsearch	630	A	R	454	7	1.51%	2	2	93	93	0.007635332943374405	1	1	261	193	6	1	G
barcode74_consensus_vsearch	631	C	C	462	1	0.22%	2	1	93	93	0.4999999999990043	1	1	268	194	0	1	T
barcode74_consensus_vsearch	632	T	T	460	4	0.86%	2	2	93	93	0.062095687920911566	1	1	266	194	3	1	C
barcode74_consensus_vsearch	633	T	*/+C	438	22	4.73%	2	2	93	93	1.8436329834936815E-7	1	1	246	192	20	2	+C
barcode74_consensus_vsearch	634	C	C	461	1	0.22%	2	1	93	93	0.5000000000008233	1	1	266	195	1	0	+A
barcode74_consensus_vsearch	635	A	R	447	13	2.8%	2	1	93	93	1.1201626790080884E-4	1	1	254	193	13	0	G
barcode74_consensus_vsearch	636	G	G	462	1	0.22%	2	1	93	93	0.4999999999990043	1	1	267	195	1	0	+A
barcode74_consensus_vsearch	637	T	T	459	3	0.65%	2	2	93	93	0.12459371614300269	1	1	267	192	1	2	C
barcode74_consensus_vsearch	638	C	C	461	4	0.86%	2	1	93	93	0.06209655787449625	1	1	270	191	0	4	-T
barcode74_consensus_vsearch	639	T	T	456	5	1.08%	2	2	93	93	0.030911248713682577	1	1	268	188	2	3	C
barcode74_consensus_vsearch	640	T	T	459	4	0.86%	2	1	93	93	0.06209481420755567	1	1	267	192	0	4	-C
barcode74_consensus_vsearch	641	C	C	456	1	0.22%	2	1	93	93	0.4999999999990043	1	1	267	189	1	0	+A
barcode74_consensus_vsearch	642	G	G	457	2	0.43%	2	1	93	93	0.24972737186467478	1	1	263	194	2	0	+A
barcode74_consensus_vsearch	643	A	*/-G	447	8	1.73%	2	2	93	93	0.0037869182351470006	1	1	255	192	7	1	-G
barcode74_consensus_vsearch	644	G	G	453	3	0.66%	2	1	93	93	0.12458836443458174	1	1	258	195	3	0	+A
barcode74_consensus_vsearch	645	G	G	462	1	0.21%	2	1	93	93	0.4999999999990043	1	1	268	194	0	1	+A
barcode74_consensus_vsearch	646	T	T	459	4	0.86%	2	1	93	93	0.06209481420755567	1	1	269	190	0	4	C
barcode74_consensus_vsearch	647	T	T	456	6	1.29%	2	1	93	93	0.015371899414478795	1	1	269	187	0	6	+C
barcode74_consensus_vsearch	648	C	C	462	1	0.22%	2	1	93	93	0.4999999999990043	1	1	269	193	0	1	+T
barcode74_consensus_vsearch	649	T	T	449	4	0.86%	2	2	93	93	0.06208586479697461	1	1	262	187	3	1	+C
barcode74_consensus_vsearch	650	C	C	454	4	0.87%	2	1	93	93	0.06209038837901774	1	1	268	186	0	4	T
barcode74_consensus_vsearch	651	A	*/-CA	454	7	1.51%	2	1	93	93	0.007635332943374405	1	1	269	185	0	7	-CA
barcode74_consensus_vsearch	652	C	C	457	0	0%	2	0	93	0	1.0	1	0	270	187	0	0	
barcode74_consensus_vsearch	653	A	A	451	3	0.66%	2	2	93	93	0.12458654906280954	1	1	265	186	2	1	-G
barcode74_consensus_vsearch	654	G	G	458	4	0.87%	2	1	93	93	0.06209393670973901	1	1	264	194	4	0	+A
barcode74_consensus_vsearch	655	G	G	462	3	0.64%	2	1	93	93	0.12459634015068409	1	1	266	196	3	0	-A
barcode74_consensus_vsearch	656	A	A	458	2	0.43%	2	1	93	93	0.24972796517908835	1	1	263	195	2	0	G
barcode74_consensus_vsearch	657	A	A	465	1	0.21%	2	1	93	93	0.5000000000008233	1	1	269	196	1	0	G
barcode74_consensus_vsearch	658	T	*/-A	451	9	1.93%	2	1	93	93	0.0018774880842022342	1	1	257	194	9	0	-A
barcode74_consensus_vsearch	659	A	*/-T	442	7	1.54%	2	2	93	93	0.007630619313173879	1	1	251	191	6	1	-T
barcode74_consensus_vsearch	660	T	K	447	8	1.75%	2	1	93	93	0.0037869182351470006	1	1	254	193	8	0	G
barcode74_consensus_vsearch	661	T	T	460	2	0.43%	2	1	93	93	0.24972914409526598	1	1	265	195	2	0	C
barcode74_consensus_vsearch	662	T	T	457	3	0.64%	2	1	93	93	0.12459194776934993	1	1	264	193	3	0	C
barcode74_consensus_vsearch	663	G	G	458	3	0.65%	2	1	93	93	0.12459283387624695	1	1	265	193	3	0	C
barcode74_consensus_vsearch	664	C	C	462	2	0.43%	2	2	93	93	0.24973031283711408	1	1	269	193	1	1	A
barcode74_consensus_vsearch	665	T	T	461	1	0.22%	2	1	93	93	0.5000000000008233	1	1	268	193	1	0	-A
barcode74_consensus_vsearch	666	A	A	461	2	0.43%	2	1	93	93	0.24972972972924576	1	1	266	195	2	0	G
barcode74_consensus_vsearch	667	C	C	457	3	0.65%	2	2	93	93	0.12459194776934993	1	1	266	191	2	1	-TAC
barcode74_consensus_vsearch	668	T	T	458	2	0.43%	2	1	93	93	0.24972796517908835	1	1	267	191	0	2	C
barcode74_consensus_vsearch	669	A	A	460	1	0.22%	2	1	93	93	0.4999999999999138	1	1	266	194	1	0	G
barcode74_consensus_vsearch	670	C	C	460	1	0.22%	2	1	93	93	0.4999999999999138	1	1	267	193	0	1	+TT
barcode74_consensus_vsearch	671	C	C	460	6	1.29%	2	1	93	93	0.015374067228864634	1	1	264	196	6	0	-A
barcode74_consensus_vsearch	672	A	*/-C	444	8	1.74%	2	1	93	93	0.0037861319732248877	1	1	249	195	8	0	-C
barcode74_consensus_vsearch	673	C	C	442	5	1.1%	2	1	93	93	0.03090064512242186	1	1	249	193	5	0	G
barcode74_consensus_vsearch	674	C	*/-A	448	10	2.17%	2	2	93	93	9.292672599433581E-4	1	1	255	193	9	1	-A
barcode74_consensus_vsearch	675	A	A	449	2	0.44%	2	2	93	93	0.24972253052152624	1	1	255	194	1	1	G
barcode74_consensus_vsearch	676	A	A	463	1	0.21%	2	1	93	93	0.4999999999990043	1	1	269	194	0	1	-G
barcode74_consensus_vsearch	677	G	G	465	0	0%	2	0	93	0	1.0	1	0	270	195	0	0	
barcode74_consensus_vsearch	678	A	A	462	3	0.64%	2	2	93	93	0.12459634015068409	1	1	269	193	1	2	G
barcode74_consensus_vsearch	679	T	T	465	1	0.21%	2	1	93	93	0.5000000000008233	1	1	270	195	0	1	-C
barcode74_consensus_vsearch	680	C	C	462	2	0.43%	2	1	93	93	0.24973031283711408	1	1	270	192	0	2	+G
barcode74_consensus_vsearch	681	G	G	461	4	0.86%	2	2	93	93	0.06209655787449625	1	1	268	193	2	2	A
barcode74_consensus_vsearch	682	G	G	466	0	0%	2	0	93	0	1.0	1	0	270	196	0	0	
barcode74_consensus_vsearch	683	C	C	462	2	0.43%	2	1	93	93	0.24973031283711408	1	1	269	193	0	2	T
barcode74_consensus_vsearch	684	A	A	456	4	0.86%	2	2	93	93	0.062092170262314485	1	1	263	193	2	2	+C
barcode74_consensus_vsearch	685	C	C	461	1	0.22%	2	1	93	93	0.5000000000008233	1	1	267	194	1	0	+T
barcode74_consensus_vsearch	686	T	Y	433	14	3.01%	2	2	93	93	5.504195157141449E-5	1	1	261	172	1	13	C
barcode74_consensus_vsearch	687	A	A	455	2	0.44%	2	1	93	93	0.24972617743652814	1	1	261	194	2	0	+G
barcode74_consensus_vsearch	688	G	G	457	2	0.43%	2	1	93	93	0.24972737186467478	1	1	262	195	2	0	+A
barcode74_consensus_vsearch	689	A	*/-G	444	11	2.39%	2	1	93	93	4.5931907660072465E-4	1	1	252	192	11	0	-G
barcode74_consensus_vsearch	690	G	G	438	6	1.33%	2	1	93	93	0.01536166199729829	1	1	246	192	6	0	A
barcode74_consensus_vsearch	691	G	G	461	2	0.43%	2	1	93	93	0.24972972972924576	1	1	266	195	2	0	A
barcode74_consensus_vsearch	692	C	C	455	5	1.08%	2	2	93	93	0.03091051270694167	1	1	263	192	4	1	-A
barcode74_consensus_vsearch	693	A	R	431	26	5.66%	2	1	93	93	1.0335700956299074E-8	1	1	238	193	26	0	G
barcode74_consensus_vsearch	694	G	G	461	1	0.22%	2	1	93	93	0.5000000000008233	1	1	269	192	1	0	+A
barcode74_consensus_vsearch	695	C	C	458	5	1.08%	2	1	93	93	0.030912711194453116	1	1	269	189	0	5	-T
barcode74_consensus_vsearch	696	T	*/-C	431	27	5.87%	2	2	93	93	5.021004453627544E-9	1	1	242	189	26	1	-C
barcode74_consensus_vsearch	697	C	C	438	0	0%	2	0	93	0	1.0	1	0	243	195	0	0	
barcode74_consensus_vsearch	698	C	C	465	1	0.21%	2	1	93	93	0.5000000000008233	1	1	269	196	1	0	+G
barcode74_consensus_vsearch	699	A	A	460	4	0.86%	2	2	93	93	0.062095687920911566	1	1	266	194	3	1	G
barcode74_consensus_vsearch	700	G	G	456	4	0.86%	2	1	93	93	0.062092170262314485	1	1	262	194	4	0	-C
barcode74_consensus_vsearch	701	C	C	458	2	0.43%	2	2	93	93	0.24972796517908835	1	1	263	195	1	1	+T
barcode74_consensus_vsearch	702	C	C	462	2	0.43%	2	2	93	93	0.24973031283711408	1	1	268	194	1	1	-A
barcode74_consensus_vsearch	703	A	R	452	8	1.72%	2	2	93	93	0.0037882060460031454	1	1	263	189	5	3	G
barcode74_consensus_vsearch	704	G	G	466	0	0%	2	0	93	0	1.0	1	0	270	196	0	0	
barcode74_consensus_vsearch	705	A	A	459	6	1.29%	2	1	93	93	0.01537352876406143	1	1	269	190	0	6	+C
barcode74_consensus_vsearch	706	C	C	462	4	0.86%	2	1	93	93	0.06209742409232364	1	1	270	192	0	4	-T
barcode74_consensus_vsearch	707	T	T	453	4	0.87%	2	2	93	93	0.062089491585691256	1	1	264	189	2	2	C
barcode74_consensus_vsearch	708	C	C	453	4	0.86%	2	1	93	93	0.062089491585691256	1	1	259	194	4	0	-AC
barcode74_consensus_vsearch	709	A	A	455	2	0.44%	2	1	93	93	0.24972617743652814	1	1	259	196	2	0	T
barcode74_consensus_vsearch	710	C	C	452	3	0.65%	2	1	93	93	0.12458745874590603	1	1	258	194	3	0	-GC
barcode74_consensus_vsearch	711	G	*/+C	447	7	1.53%	2	1	93	93	0.007632613471737004	1	1	261	186	0	7	+C
barcode74_consensus_vsearch	712	C	C	456	1	0.22%	2	1	93	93	0.4999999999990043	1	1	261	195	1	0	+GC
barcode74_consensus_vsearch	713	C	C	457	3	0.65%	2	1	93	93	0.12459194776934993	1	1	266	191	0	3	+T
barcode74_consensus_vsearch	714	T	T	455	4	0.86%	2	1	93	93	0.062091281262886246	1	1	267	188	0	4	C
barcode74_consensus_vsearch	715	C	C	460	3	0.65%	2	1	93	93	0.1245945945946921	1	1	268	192	0	3	-A
barcode74_consensus_vsearch	716	A	A	456	4	0.87%	2	1	93	93	0.062092170262314485	1	1	264	192	4	0	G
barcode74_consensus_vsearch	717	G	G	460	3	0.65%	2	1	93	93	0.1245945945946921	1	1	268	192	0	3	-C
barcode74_consensus_vsearch	718	C	C	455	4	0.87%	2	1	93	93	0.062091281262886246	1	1	267	188	0	4	+T
barcode74_consensus_vsearch	719	C	*/-T	452	8	1.72%	2	1	93	93	0.0037882060460031454	1	1	269	183	0	8	-T
barcode74_consensus_vsearch	720	T	T	453	3	0.66%	2	1	93	93	0.12458836443458174	1	1	269	184	0	3	+C
barcode74_consensus_vsearch	721	T	T	462	3	0.64%	2	1	93	93	0.12459634015068409	1	1	269	193	0	3	-C
barcode74_consensus_vsearch	722	C	C	445	5	1.08%	2	1	93	93	0.030902972831159826	1	1	256	189	5	0	+AC
barcode74_consensus_vsearch	723	G	G	451	4	0.87%	2	1	93	93	0.06208768616665174	1	1	256	195	4	0	A
barcode74_consensus_vsearch	724	C	C	454	6	1.3%	2	1	93	93	0.015370801400747822	1	1	260	194	6	0	A
barcode74_consensus_vsearch	725	C	C	450	6	1.29%	2	2	93	93	0.01536857654288441	1	1	258	192	4	2	T
barcode74_consensus_vsearch	726	G	R	439	10	2.18%	2	1	93	93	9.283331329900578E-4	1	1	249	190	10	0	A
barcode74_consensus_vsearch	727	C	C	449	2	0.44%	2	1	93	93	0.24972253052152624	1	1	257	192	2	0	-A
barcode74_consensus_vsearch	728	A	A	448	4	0.87%	2	1	93	93	0.06208494806434338	1	1	253	195	4	0	-T
barcode74_consensus_vsearch	729	T	T	452	4	0.88%	2	1	93	93	0.062088590856761904	1	1	256	196	4	0	G
barcode74_consensus_vsearch	730	T	T	458	2	0.43%	2	1	93	93	0.24972796517908835	1	1	265	193	2	0	C
barcode74_consensus_vsearch	731	A	R	453	7	1.51%	2	2	93	93	0.00763494949227727	1	1	262	191	6	1	G
barcode74_consensus_vsearch	732	C	C	459	1	0.22%	2	1	93	93	0.4999999999999138	1	1	267	192	1	0	+A
barcode74_consensus_vsearch	733	C	C	456	6	1.29%	2	1	93	93	0.015371899414478795	1	1	269	187	0	6	-TC
barcode74_consensus_vsearch	734	T	*/-C	440	7	1.53%	2	2	93	93	0.007629809215418646	1	1	256	184	5	2	-C
barcode74_consensus_vsearch	735	C	C	446	1	0.22%	2	1	93	93	0.5000000000008233	1	1	261	185	0	1	+TC
barcode74_consensus_vsearch	736	C	*/-AC	439	14	3.04%	2	1	93	93	5.511849899446151E-5	1	1	247	192	14	0	-AC
barcode74_consensus_vsearch	737	A	A	436	5	1.13%	2	2	93	93	0.030895894751978216	1	1	246	190	2	3	G
barcode74_consensus_vsearch	738	C	C	442	4	0.88%	2	2	93	93	0.06207936129200334	1	1	250	192	1	3	T
barcode74_consensus_vsearch	739	G	*/-C	268	145	31.39%	2	2	93	93	4.4346948233639874E-51	1	1	157	111	90	55	-C
barcode74_consensus_vsearch	740	C	*/+T	259	11	3.94%	2	1	93	93	4.40104982176298E-4	1	1	160	99	0	11	+T
barcode74_consensus_vsearch	741	C	Y	402	16	3.76%	2	1	93	93	1.3182560043382971E-5	1	1	251	151	0	16	T
barcode74_consensus_vsearch	742	C	Y	446	7	1.54%	2	1	93	93	0.0076322181458369906	1	1	265	181	0	7	T
barcode74_consensus_vsearch	743	C	C	461	3	0.65%	2	1	93	93	0.12459546925571133	1	1	268	193	0	3	T
barcode74_consensus_vsearch	744	C	Y	447	15	3.23%	2	1	93	93	2.7190018818773765E-5	1	1	268	179	0	15	T
barcode74_consensus_vsearch	745	C	*/-T	444	15	3.22%	2	2	93	93	2.7169178334291596E-5	1	1	264	180	2	13	-T
barcode74_consensus_vsearch	746	T	T	444	1	0.22%	2	1	93	93	0.5000000000008233	1	1	263	181	1	0	+GCAC
barcode74_consensus_vsearch	747	A	A	453	3	0.65%	2	2	93	93	0.12458836443458174	1	1	261	192	2	1	C
barcode74_consensus_vsearch	748	C	*/-AC	443	14	3.03%	2	1	93	93	5.516845438118112E-5	1	1	249	194	14	0	-AC
barcode74_consensus_vsearch	749	A	A	441	2	0.45%	2	2	93	93	0.24971751412472734	1	1	250	191	1	1	G
barcode74_consensus_vsearch	750	C	C	442	5	1.11%	2	1	93	93	0.03090064512242186	1	1	254	188	0	5	T
barcode74_consensus_vsearch	751	G	G	465	0	0%	2	0	93	0	1.0	1	0	270	195	0	0	
barcode74_consensus_vsearch	752	A	A	458	3	0.65%	2	2	93	93	0.12459283387624695	1	1	266	192	2	1	-C
barcode74_consensus_vsearch	753	C	C	460	1	0.22%	2	1	93	93	0.4999999999999138	1	1	267	193	0	1	+TCC
barcode74_consensus_vsearch	754	C	C	453	5	1.07%	2	1	93	93	0.03090903105714376	1	1	267	186	0	5	-G
barcode74_consensus_vsearch	755	G	R	447	8	1.75%	2	2	93	93	0.0037869182351470006	1	1	261	186	7	1	A
barcode74_consensus_vsearch	756	G	G	459	2	0.43%	2	1	93	93	0.2497285559174766	1	1	269	190	0	2	C
barcode74_consensus_vsearch	757	G	*/-T	445	8	1.72%	2	2	93	93	0.0037863952091791225	1	1	263	182	2	6	-T
barcode74_consensus_vsearch	758	T	Y	434	19	4.19%	2	2	93	93	1.5730622328340605E-6	1	1	262	172	4	15	C
barcode74_consensus_vsearch	759	T	Y	453	7	1.52%	2	1	93	93	0.00763494949227727	1	1	268	185	0	7	C
barcode74_consensus_vsearch	760	T	*/-A	449	7	1.51%	2	2	93	93	0.00763339894512905	1	1	265	184	2	5	-A
barcode74_consensus_vsearch	761	A	R	436	8	1.75%	2	2	93	93	0.003783983718069795	1	1	264	172	4	4	G
barcode74_consensus_vsearch	762	G	G	454	3	0.66%	2	2	93	93	0.12458926615549139	1	1	269	185	1	2	-C
barcode74_consensus_vsearch	763	C	Y	446	7	1.52%	2	2	93	93	0.0076322181458369906	1	1	262	184	2	5	T
barcode74_consensus_vsearch	764	G	G	457	2	0.43%	2	2	93	93	0.24972737186467478	1	1	263	194	1	1	A
barcode74_consensus_vsearch	765	C	C	454	4	0.87%	2	1	93	93	0.06209038837901774	1	1	262	192	4	0	-AC
barcode74_consensus_vsearch	766	A	A	454	6	1.3%	2	1	93	93	0.015370801400747822	1	1	258	196	6	0	-C
barcode74_consensus_vsearch	767	C	C	450	3	0.66%	2	1	93	93	0.12458563535931859	1	1	257	193	0	3	T
barcode74_consensus_vsearch	768	C	C	461	3	0.65%	2	2	93	93	0.12459546925571133	1	1	268	193	1	2	T
barcode74_consensus_vsearch	769	G	G	461	2	0.43%	2	1	93	93	0.24972972972924576	1	1	268	193	0	2	-CGG
barcode74_consensus_vsearch	770	C	C	461	2	0.43%	2	2	93	93	0.24972972972924576	1	1	268	193	1	1	-G
barcode74_consensus_vsearch	771	G	R	425	36	7.81%	2	2	93	93	7.148288250160776E-12	1	1	233	192	35	1	A
barcode74_consensus_vsearch	772	G	G	460	2	0.43%	2	1	93	93	0.24972914409526598	1	1	267	193	2	0	A
barcode74_consensus_vsearch	773	T	T	461	3	0.65%	2	2	93	93	0.12459546925571133	1	1	266	195	2	1	-C
barcode74_consensus_vsearch	774	C	C	461	1	0.22%	2	1	93	93	0.5000000000008233	1	1	267	194	1	0	+AGT
barcode74_consensus_vsearch	775	G	R	457	7	1.51%	2	2	93	93	0.007636473423421301	1	1	264	193	5	2	A
barcode74_consensus_vsearch	776	G	G	464	2	0.43%	2	1	93	93	0.2497314715357706	1	1	268	196	2	0	T
barcode74_consensus_vsearch	777	T	T	462	2	0.43%	2	2	93	93	0.24973031283711408	1	1	267	195	1	1	C
barcode74_consensus_vsearch	778	C	C	462	1	0.22%	2	1	93	93	0.4999999999990043	1	1	266	196	1	0	+AG
barcode74_consensus_vsearch	779	G	*/-TG	451	7	1.5%	2	1	93	93	0.007634177589087493	1	1	262	189	0	7	-TG
barcode74_consensus_vsearch	780	T	*/-GT	436	12	2.61%	2	2	93	93	2.2658584690234848E-4	1	1	264	172	1	11	-GT
barcode74_consensus_vsearch	781	G	G	442	4	0.89%	2	2	93	93	0.06207936129200334	1	1	266	176	2	2	A
barcode74_consensus_vsearch	782	T	Y	435	14	3.08%	2	2	93	93	5.5067686315232855E-5	1	1	263	172	2	12	C
barcode74_consensus_vsearch	783	A	A	460	2	0.43%	2	1	93	93	0.24972914409526598	1	1	264	196	2	0	C
barcode74_consensus_vsearch	784	T	*/+C	450	8	1.73%	2	1	93	93	0.003787694271375089	1	1	255	195	8	0	+C
barcode74_consensus_vsearch	785	C	C	458	3	0.65%	2	1	93	93	0.12459283387624695	1	1	263	195	3	0	+A
barcode74_consensus_vsearch	786	G	R	436	28	6.02%	2	2	93	93	2.4481015966630504E-9	1	1	243	193	26	2	A
barcode74_consensus_vsearch	787	G	G	452	4	0.86%	2	1	93	93	0.062088590856761904	1	1	262	190	4	0	A
barcode74_consensus_vsearch	788	T	Y	441	14	3%	2	2	93	93	5.514358248895189E-5	1	1	262	179	1	13	C
barcode74_consensus_vsearch	789	G	G	453	2	0.43%	2	1	93	93	0.24972497249691156	1	1	262	191	0	2	+CG
barcode74_consensus_vsearch	790	T	T	451	5	1.08%	2	2	93	93	0.03090753641767135	1	1	260	191	1	4	C
barcode74_consensus_vsearch	791	C	C	456	2	0.43%	2	2	93	93	0.24972677595608425	1	1	263	193	1	1	+G
barcode74_consensus_vsearch	792	A	R	435	19	4.12%	2	2	93	93	1.5737440147383591E-6	1	1	246	189	17	2	G
barcode74_consensus_vsearch	793	T	*/+A	428	14	3.04%	2	1	93	93	5.49766339423539E-5	1	1	239	189	14	0	+A
barcode74_consensus_vsearch	794	G	G	447	5	1.09%	2	1	93	93	0.030904507480949694	1	1	251	196	5	0	A
barcode74_consensus_vsearch	795	C	*/-TT	434	13	2.81%	2	1	93	93	1.1173262519439844E-4	1	1	247	187	13	0	-TT
barcode74_consensus_vsearch	796	T	T	435	6	1.35%	2	2	93	93	0.015359874699953162	1	1	243	192	5	1	C
barcode74_consensus_vsearch	797	T	T	431	6	1.33%	2	2	93	93	0.015357453553398438	1	1	245	186	5	1	C
barcode74_consensus_vsearch	798	G	G	458	4	0.86%	2	1	93	93	0.06209393670973901	1	1	263	195	4	0	-A
barcode74_consensus_vsearch	799	A	A	450	6	1.3%	2	2	93	93	0.01536857654288441	1	1	259	191	3	3	G
barcode74_consensus_vsearch	800	G	G	451	5	1.08%	2	1	93	93	0.03090753641767135	1	1	257	194	5	0	+AG
barcode74_consensus_vsearch	801	C	C	460	4	0.86%	2	2	93	93	0.062095687920911566	1	1	267	193	3	1	T
barcode74_consensus_vsearch	802	G	G	461	2	0.43%	2	1	93	93	0.24972972972924576	1	1	267	194	2	0	-C
barcode74_consensus_vsearch	803	C	C	461	1	0.22%	2	1	93	93	0.5000000000008233	1	1	267	194	1	0	+GC
barcode74_consensus_vsearch	804	C	C	461	4	0.86%	2	1	93	93	0.06209655787449625	1	1	270	191	0	4	T
barcode74_consensus_vsearch	805	A	A	459	3	0.65%	2	1	93	93	0.12459371614300269	1	1	266	193	3	0	+CCA
barcode74_consensus_vsearch	806	T	*/-C	454	7	1.5%	2	1	93	93	0.007635332943374405	1	1	260	194	7	0	-C
barcode74_consensus_vsearch	807	C	C	459	0	0%	2	0	93	0	1.0	1	0	263	196	0	0	
barcode74_consensus_vsearch	808	C	C	465	1	0.21%	2	1	93	93	0.5000000000008233	1	1	269	196	1	0	T
barcode74_consensus_vsearch	809	A	*/-T	406	30	6.44%	2	2	93	93	5.556729380211432E-10	1	1	214	192	28	2	-T
barcode74_consensus_vsearch	810	T	T	434	1	0.23%	2	1	93	93	0.4999999999999138	1	1	241	193	0	1	+AT
barcode74_consensus_vsearch	811	T	T	466	0	0%	2	0	93	0	1.0	1	0	270	196	0	0	
barcode74_consensus_vsearch	812	T	T	461	4	0.86%	2	2	93	93	0.06209655787449625	1	1	268	193	2	2	C
barcode74_consensus_vsearch	813	T	Y	449	9	1.93%	2	2	93	93	0.001877161257840413	1	1	255	194	7	2	C
barcode74_consensus_vsearch	814	C	C	463	2	0.43%	2	2	93	93	0.24973089343429802	1	1	268	195	1	1	-A
barcode74_consensus_vsearch	815	A	*/-G	441	8	1.72%	2	2	93	93	0.0037853352821818676	1	1	258	183	3	5	-G
barcode74_consensus_vsearch	816	G	G	456	1	0.22%	2	1	93	93	0.4999999999990043	1	1	267	189	0	1	A
barcode74_consensus_vsearch	817	G	G	463	1	0.22%	2	1	93	93	0.4999999999990043	1	1	268	195	1	0	+A
barcode74_consensus_vsearch	818	G	G	465	1	0.21%	2	1	93	93	0.5000000000008233	1	1	269	196	1	0	A
barcode74_consensus_vsearch	819	C	C	465	1	0.21%	2	1	93	93	0.5000000000008233	1	1	269	196	1	0	-T
barcode74_consensus_vsearch	820	T	T	459	3	0.65%	2	1	93	93	0.12459371614300269	1	1	266	193	0	3	+G
barcode74_consensus_vsearch	821	G	G	464	1	0.21%	2	1	93	93	0.4999999999999138	1	1	269	195	1	0	+A
barcode74_consensus_vsearch	822	A	A	462	1	0.21%	2	1	93	93	0.4999999999990043	1	1	269	193	0	1	-G
barcode74_consensus_vsearch	823	G	G	460	2	0.43%	2	1	93	93	0.24972914409526598	1	1	266	194	2	0	+AG
barcode74_consensus_vsearch	824	C	C	458	2	0.43%	2	1	93	93	0.24972796517908835	1	1	268	190	0	2	+G
barcode74_consensus_vsearch	825	G	G	462	1	0.22%	2	1	93	93	0.4999999999990043	1	1	268	194	0	1	+CTG
barcode74_consensus_vsearch	826	A	A	460	2	0.43%	2	1	93	93	0.24972914409526598	1	1	267	193	0	2	-T
barcode74_consensus_vsearch	827	T	*/+C	453	8	1.72%	2	1	93	93	0.003788460280099838	1	1	269	184	0	8	+C
barcode74_consensus_vsearch	828	T	*/-C	454	9	1.93%	2	2	93	93	0.0018779730851546438	1	1	268	186	1	8	-C
barcode74_consensus_vsearch	829	C	C	452	2	0.44%	2	1	93	93	0.24972436604191225	1	1	268	184	0	2	+T
barcode74_consensus_vsearch	830	G	G	458	3	0.65%	2	2	93	93	0.12459283387624695	1	1	268	190	2	1	A
barcode74_consensus_vsearch	831	G	G	466	0	0%	2	0	93	0	1.0	1	0	270	196	0	0	
barcode74_consensus_vsearch	832	C	C	453	5	1.07%	2	1	93	93	0.03090903105714376	1	1	260	193	5	0	+G
barcode74_consensus_vsearch	833	A	R	445	11	2.39%	2	1	93	93	4.5938139248817567E-4	1	1	252	193	11	0	G
barcode74_consensus_vsearch	834	G	G	453	1	0.22%	2	1	93	93	0.4999999999990043	1	1	262	191	1	0	+A
barcode74_consensus_vsearch	835	G	G	465	1	0.21%	2	1	93	93	0.5000000000008233	1	1	269	196	1	0	C
barcode74_consensus_vsearch	836	T	*/-A	435	14	3%	2	1	93	93	5.5067686315232855E-5	1	1	247	188	14	0	-A
barcode74_consensus_vsearch	837	A	A	438	3	0.68%	2	1	93	93	0.12457434733248252	1	1	249	189	3	0	G
barcode74_consensus_vsearch	838	A	A	449	4	0.87%	2	1	93	93	0.06208586479697461	1	1	261	188	4	0	-G
barcode74_consensus_vsearch	839	G	G	451	2	0.43%	2	2	93	93	0.24972375690606977	1	1	259	192	1	1	+T
barcode74_consensus_vsearch	840	T	T	458	2	0.43%	2	2	93	93	0.24972796517908835	1	1	266	192	1	1	C
barcode74_consensus_vsearch	841	T	T	454	6	1.29%	2	2	93	93	0.015370801400747822	1	1	265	189	2	4	C
barcode74_consensus_vsearch	842	G	G	457	2	0.43%	2	1	93	93	0.24972737186467478	1	1	264	193	2	0	-T
barcode74_consensus_vsearch	843	T	T	455	3	0.65%	2	1	93	93	0.12459016393415773	1	1	265	190	0	3	C
barcode74_consensus_vsearch	844	T	T	459	1	0.22%	2	1	93	93	0.4999999999999138	1	1	267	192	0	1	+A
barcode74_consensus_vsearch	845	A	A	453	5	1.08%	2	2	93	93	0.03090903105714376	1	1	261	192	4	1	G
barcode74_consensus_vsearch	846	C	C	458	2	0.43%	2	1	93	93	0.24972796517908835	1	1	266	192	2	0	T
barcode74_consensus_vsearch	847	A	A	459	2	0.43%	2	2	93	93	0.2497285559174766	1	1	267	192	1	1	G
barcode74_consensus_vsearch	848	C	*/-AC	377	83	17.89%	2	1	93	93	1.7659742388927413E-27	1	1	185	192	83	0	-AC
barcode74_consensus_vsearch	849	A	A	371	4	1.05%	2	1	93	93	0.06199966756219321	1	1	182	189	0	4	+C
barcode74_consensus_vsearch	850	C	C	370	5	1.32%	2	2	93	93	0.03083361483319147	1	1	183	187	1	4	-T
barcode74_consensus_vsearch	851	T	Y	448	9	1.96%	2	2	93	93	0.0018769967833365436	1	1	268	180	1	8	C
barcode74_consensus_vsearch	852	T	*/-CT	439	12	2.58%	2	1	93	93	2.266998039975627E-4	1	1	267	172	0	12	-CT
barcode74_consensus_vsearch	853	C	*/-T	429	9	2.03%	2	1	93	93	0.0018737306563855328	1	1	265	164	0	9	-T
barcode74_consensus_vsearch	854	T	T	436	2	0.46%	2	2	93	93	0.2497142857145226	1	1	266	170	1	1	A
barcode74_consensus_vsearch	855	T	T	449	3	0.65%	2	2	93	93	0.12458471760810089	1	1	262	187	2	1	-A
barcode74_consensus_vsearch	856	A	A	453	4	0.87%	2	1	93	93	0.062089491585691256	1	1	261	192	4	0	G
barcode74_consensus_vsearch	857	G	G	460	1	0.22%	2	1	93	93	0.4999999999999138	1	1	268	192	0	1	A
barcode74_consensus_vsearch	858	C	C	451	5	1.08%	2	1	93	93	0.03090753641767135	1	1	266	185	0	5	+G
barcode74_consensus_vsearch	859	G	G	461	1	0.22%	2	1	93	93	0.5000000000008233	1	1	268	193	1	0	+A
barcode74_consensus_vsearch	860	G	G	466	0	0%	2	0	93	0	1.0	1	0	270	196	0	0	
barcode74_consensus_vsearch	861	A	A	461	3	0.64%	2	1	93	93	0.12459546925571133	1	1	265	196	3	0	G
barcode74_consensus_vsearch	862	T	T	465	1	0.21%	2	1	93	93	0.5000000000008233	1	1	269	196	1	0	-G
barcode74_consensus_vsearch	863	G	G	456	3	0.65%	2	1	93	93	0.12459105779723775	1	1	263	193	0	3	-CCG
barcode74_consensus_vsearch	864	C	C	453	4	0.87%	2	1	93	93	0.062089491585691256	1	1	261	192	4	0	T
barcode74_consensus_vsearch	865	C	C	453	5	1.08%	2	2	93	93	0.03090903105714376	1	1	265	188	1	4	T
barcode74_consensus_vsearch	866	G	G	459	1	0.22%	2	1	93	93	0.4999999999999138	1	1	267	192	0	1	+TG
barcode74_consensus_vsearch	867	A	A	460	2	0.43%	2	1	93	93	0.24972914409526598	1	1	265	195	2	0	-C
barcode74_consensus_vsearch	868	C	C	458	5	1.08%	2	2	93	93	0.030912711194453116	1	1	264	194	3	2	-T
barcode74_consensus_vsearch	869	T	T	456	4	0.87%	2	2	93	93	0.062092170262314485	1	1	264	192	2	2	C
barcode74_consensus_vsearch	870	T	*/-C	441	18	3.87%	2	2	93	93	3.218595437287658E-6	1	1	258	183	6	12	-C
barcode74_consensus_vsearch	871	C	C	441	2	0.45%	2	1	93	93	0.24971751412472734	1	1	258	183	2	0	A
barcode74_consensus_vsearch	872	C	C	455	3	0.65%	2	1	93	93	0.12459016393415773	1	1	261	194	3	0	T
barcode74_consensus_vsearch	873	A	A	452	3	0.65%	2	2	93	93	0.12458745874590603	1	1	260	192	2	1	-T
barcode74_consensus_vsearch	874	T	*/-G	441	7	1.52%	2	2	93	93	0.0076302151642897355	1	1	252	189	5	2	-G
barcode74_consensus_vsearch	875	G	R	441	12	2.63%	2	1	93	93	2.267749573503342E-4	1	1	249	192	12	0	A
barcode74_consensus_vsearch	876	G	G	446	6	1.29%	2	2	93	93	0.015366312395967143	1	1	251	195	5	1	A
barcode74_consensus_vsearch	877	C	C	453	4	0.87%	2	1	93	93	0.062089491585691256	1	1	257	196	4	0	T
barcode74_consensus_vsearch	878	C	C	452	5	1.08%	2	1	93	93	0.030908285371709306	1	1	257	195	5	0	T
barcode74_consensus_vsearch	879	A	A	454	3	0.65%	2	2	93	93	0.12458926615549139	1	1	260	194	2	1	G
barcode74_consensus_vsearch	880	C	C	459	3	0.65%	2	2	93	93	0.12459371614300269	1	1	265	194	1	2	T
barcode74_consensus_vsearch	881	C	C	459	3	0.65%	2	1	93	93	0.12459371614300269	1	1	263	196	3	0	+AA
barcode74_consensus_vsearch	882	G	R	454	9	1.94%	2	1	93	93	0.0018779730851546438	1	1	258	196	9	0	A
barcode74_consensus_vsearch	883	T	*/-C	453	9	1.93%	2	1	93	93	0.0018778121106653614	1	1	258	195	9	0	-C
barcode74_consensus_vsearch	884	C	C	452	3	0.66%	2	1	93	93	0.12458745874590603	1	1	257	195	3	0	+A
barcode74_consensus_vsearch	885	C	C	460	2	0.43%	2	2	93	93	0.24972914409526598	1	1	267	193	1	1	-TG
barcode74_consensus_vsearch	886	T	Y	447	12	2.59%	2	1	93	93	2.2699658258221208E-4	1	1	267	180	0	12	C
barcode74_consensus_vsearch	887	G	G	450	6	1.3%	2	2	93	93	0.01536857654288441	1	1	260	190	3	3	-CTG
barcode74_consensus_vsearch	888	C	Y	441	10	2.2%	2	1	93	93	9.285438910684086E-4	1	1	261	180	0	10	T
barcode74_consensus_vsearch	889	T	T	451	4	0.88%	2	2	93	93	0.06208768616665174	1	1	262	189	2	2	C
barcode74_consensus_vsearch	890	G	G	453	5	1.09%	2	1	93	93	0.03090903105714376	1	1	261	192	5	0	A
barcode74_consensus_vsearch	891	T	T	461	2	0.43%	2	2	93	93	0.24972972972924576	1	1	268	193	1	1	-C
barcode74_consensus_vsearch	892	C	C	459	2	0.43%	2	1	93	93	0.2497285559174766	1	1	265	194	2	0	-A
barcode74_consensus_vsearch	893	A	A	457	3	0.65%	2	1	93	93	0.12459194776934993	1	1	265	192	0	3	-TCA
barcode74_consensus_vsearch	894	T	T	457	3	0.65%	2	2	93	93	0.12459194776934993	1	1	266	191	2	1	C
barcode74_consensus_vsearch	895	C	C	457	3	0.65%	2	2	93	93	0.12459194776934993	1	1	265	192	2	1	-AC
barcode74_consensus_vsearch	896	A	A	454	3	0.65%	2	1	93	93	0.12458926615549139	1	1	262	192	3	0	-C
barcode74_consensus_vsearch	897	C	C	456	1	0.22%	2	1	93	93	0.4999999999990043	1	1	262	194	1	0	+TT
barcode74_consensus_vsearch	898	C	*/-AC	447	11	2.37%	2	1	93	93	4.595052234613434E-4	1	1	253	194	11	0	-AC
barcode74_consensus_vsearch	899	A	*/-C	427	11	2.46%	2	2	93	93	4.5821703849988575E-4	1	1	236	191	9	2	-C
barcode74_consensus_vsearch	900	C	C	430	2	0.46%	2	2	93	93	0.24971031286224527	1	1	238	192	1	1	+AC
barcode74_consensus_vsearch	901	C	S	440	11	2.42%	2	1	93	93	4.590671030956891E-4	1	1	247	193	11	0	G
barcode74_consensus_vsearch	902	C	C	458	2	0.43%	2	1	93	93	0.24972796517908835	1	1	264	194	0	2	+A
barcode74_consensus_vsearch	903	A	A	459	2	0.43%	2	1	93	93	0.2497285559174766	1	1	263	196	2	0	G
barcode74_consensus_vsearch	904	A	R	451	12	2.59%	2	2	93	93	2.2714121785969555E-4	1	1	256	195	11	1	G
barcode74_consensus_vsearch	905	C	C	461	3	0.65%	2	2	93	93	0.12459546925571133	1	1	267	194	1	2	T
barcode74_consensus_vsearch	906	A	A	459	3	0.65%	2	2	93	93	0.12459371614300269	1	1	265	194	2	1	G
barcode74_consensus_vsearch	907	C	C	462	2	0.43%	2	2	93	93	0.24973031283711408	1	1	267	195	1	1	T
barcode74_consensus_vsearch	908	C	*/-T	405	25	5.36%	2	2	93	93	2.0810726875602597E-8	1	1	258	147	6	19	-T
barcode74_consensus_vsearch	909	T	T	426	2	0.47%	2	1	93	93	0.2497076023388982	1	1	262	164	2	0	C
barcode74_consensus_vsearch	910	T	T	451	2	0.44%	2	1	93	93	0.24972375690606977	1	1	268	183	2	0	C
barcode74_consensus_vsearch	911	T	T	465	1	0.21%	2	1	93	93	0.5000000000008233	1	1	269	196	1	0	C
barcode74_consensus_vsearch	912	T	T	461	3	0.64%	2	2	93	93	0.12459546925571133	1	1	267	194	1	2	C
barcode74_consensus_vsearch	913	G	G	464	2	0.43%	2	1	93	93	0.2497314715357706	1	1	268	196	2	0	T
barcode74_consensus_vsearch	914	T	T	454	6	1.29%	2	2	93	93	0.015370801400747822	1	1	262	192	3	3	-GT
barcode74_consensus_vsearch	915	G	G	454	2	0.43%	2	2	93	93	0.2497255762896723	1	1	262	192	1	1	-T
barcode74_consensus_vsearch	916	T	T	447	4	0.88%	2	2	93	93	0.06208402726417696	1	1	259	188	1	3	C
barcode74_consensus_vsearch	917	A	A	457	5	1.08%	2	2	93	93	0.030911981535900093	1	1	264	193	3	2	G
barcode74_consensus_vsearch	918	G	G	457	4	0.86%	2	1	93	93	0.062093055403000016	1	1	268	189	0	4	+T
barcode74_consensus_vsearch	919	T	T	462	2	0.43%	2	1	93	93	0.24973031283711408	1	1	267	195	2	0	+C
barcode74_consensus_vsearch	920	C	C	461	5	1.07%	2	1	93	93	0.030914881390741465	1	1	270	191	0	5	-T
barcode74_consensus_vsearch	921	T	T	461	0	0%	2	0	93	0	1.0	1	0	270	191	0	0	
barcode74_consensus_vsearch	922	A	A	464	1	0.21%	2	1	93	93	0.4999999999999138	1	1	268	196	1	0	+T
barcode74_consensus_vsearch	923	T	T	465	0	0%	2	0	93	0	1.0	1	0	269	196	0	0	
barcode74_consensus_vsearch	924	T	T	462	1	0.22%	2	1	93	93	0.4999999999990043	1	1	267	195	0	1	+A
barcode74_consensus_vsearch	925	A	A	457	4	0.86%	2	2	93	93	0.062093055403000016	1	1	264	193	1	3	-G
barcode74_consensus_vsearch	926	G	G	459	1	0.22%	2	1	93	93	0.4999999999999138	1	1	266	193	1	0	-C
barcode74_consensus_vsearch	927	C	C	462	1	0.22%	2	1	93	93	0.4999999999990043	1	1	266	196	1	0	+TT
barcode74_consensus_vsearch	928	A	A	460	2	0.43%	2	2	93	93	0.24972914409526598	1	1	267	193	1	1	-TG
barcode74_consensus_vsearch	929	T	T	453	5	1.08%	2	1	93	93	0.03090903105714376	1	1	261	192	5	0	-GC
barcode74_consensus_vsearch	930	G	G	454	4	0.87%	2	2	93	93	0.06209038837901774	1	1	261	193	3	1	A
barcode74_consensus_vsearch	931	C	C	455	1	0.22%	2	1	93	93	0.4999999999999138	1	1	260	195	1	0	+G
barcode74_consensus_vsearch	932	A	A	455	5	1.08%	2	1	93	93	0.03091051270694167	1	1	262	193	5	0	G
barcode74_consensus_vsearch	933	C	*/-T	447	7	1.51%	2	2	93	93	0.007632613471737004	1	1	261	186	3	4	-T
barcode74_consensus_vsearch	934	T	T	451	1	0.22%	2	1	93	93	0.4999999999999138	1	1	262	189	0	1	C
barcode74_consensus_vsearch	935	T	T	455	2	0.43%	2	1	93	93	0.24972617743652814	1	1	262	193	2	0	C
barcode74_consensus_vsearch	936	T	T	458	2	0.43%	2	1	93	93	0.24972796517908835	1	1	266	192	2	0	A
barcode74_consensus_vsearch	937	G	G	462	2	0.43%	2	1	93	93	0.24973031283711408	1	1	267	195	2	0	A
barcode74_consensus_vsearch	938	G	G	465	1	0.21%	2	1	93	93	0.5000000000008233	1	1	269	196	1	0	A
barcode74_consensus_vsearch	939	C	C	460	2	0.43%	2	1	93	93	0.24972914409526598	1	1	267	193	0	2	+A
barcode74_consensus_vsearch	940	A	A	458	3	0.65%	2	2	93	93	0.12459283387624695	1	1	264	194	1	2	-C
barcode74_consensus_vsearch	941	C	C	457	3	0.65%	2	1	93	93	0.12459194776934993	1	1	266	191	0	3	T
barcode74_consensus_vsearch	942	C	*/-T	442	11	2.37%	2	2	93	93	4.591936353588643E-4	1	1	266	176	1	10	-T
barcode74_consensus_vsearch	943	T	T	446	2	0.44%	2	1	93	93	0.24972067039122897	1	1	263	183	2	0	A
barcode74_consensus_vsearch	944	T	T	459	4	0.86%	2	2	93	93	0.06209481420755567	1	1	268	191	1	3	C
barcode74_consensus_vsearch	945	A	A	466	0	0%	2	0	93	0	1.0	1	0	270	196	0	0	
barcode74_consensus_vsearch	946	A	A	462	2	0.43%	2	1	93	93	0.24973031283711408	1	1	268	194	2	0	+TAA
barcode74_consensus_vsearch	947	C	*/-AC	441	21	4.53%	2	1	93	93	3.7793632916705605E-7	1	1	248	193	21	0	-AC
barcode74_consensus_vsearch	948	A	A	440	2	0.45%	2	2	93	93	0.2497168742917677	1	1	248	192	1	1	G
barcode74_consensus_vsearch	949	C	C	439	5	1.13%	2	2	93	93	0.030898285976353152	1	1	248	191	1	4	T
barcode74_consensus_vsearch	950	G	G	464	1	0.21%	2	1	93	93	0.4999999999999138	1	1	268	196	1	0	-A
barcode74_consensus_vsearch	951	A	A	463	1	0.22%	2	1	93	93	0.4999999999990043	1	1	268	195	0	1	+TG
barcode74_consensus_vsearch	952	C	C	466	0	0%	2	0	93	0	1.0	1	0	270	196	0	0	
barcode74_consensus_vsearch	953	G	G	457	3	0.64%	2	2	93	93	0.12459194776934993	1	1	262	195	2	1	+T
barcode74_consensus_vsearch	954	T	T	461	2	0.43%	2	1	93	93	0.24972972972924576	1	1	267	194	0	2	C
barcode74_consensus_vsearch	955	T	T	466	0	0%	2	0	93	0	1.0	1	0	270	196	0	0	
barcode74_consensus_vsearch	956	T	*/-G	457	9	1.93%	2	2	93	93	0.0018784519065768144	1	1	269	188	1	8	-G
barcode74_consensus_vsearch	957	G	G	454	2	0.44%	2	1	93	93	0.2497255762896723	1	1	266	188	2	0	A
barcode74_consensus_vsearch	958	G	G	464	1	0.21%	2	1	93	93	0.4999999999999138	1	1	268	196	1	0	+T
barcode74_consensus_vsearch	959	T	Y	454	12	2.58%	2	2	93	93	2.2724810352461864E-4	1	1	269	185	1	11	C
barcode74_consensus_vsearch	960	T	T	462	2	0.43%	2	1	93	93	0.24973031283711408	1	1	269	193	0	2	C
barcode74_consensus_vsearch	961	G	G	465	1	0.21%	2	1	93	93	0.5000000000008233	1	1	270	195	0	1	T
barcode74_consensus_vsearch	962	A	A	457	4	0.86%	2	2	93	93	0.062093055403000016	1	1	266	191	1	3	-T
barcode74_consensus_vsearch	963	T	*/-C	438	12	2.6%	2	2	93	93	2.2666198297196754E-4	1	1	251	187	9	3	-C
barcode74_consensus_vsearch	964	C	C	450	3	0.66%	2	1	93	93	0.12458563535931859	1	1	260	190	0	3	T
barcode74_consensus_vsearch	965	C	C	463	2	0.43%	2	1	93	93	0.24973089343429802	1	1	269	194	0	2	G
barcode74_consensus_vsearch	966	C	C	465	1	0.21%	2	1	93	93	0.5000000000008233	1	1	269	196	1	0	T
barcode74_consensus_vsearch	967	A	*/-CA	454	9	1.93%	2	2	93	93	0.0018779730851546438	1	1	264	190	4	5	-CA
barcode74_consensus_vsearch	968	C	C	455	1	0.22%	2	1	93	93	0.4999999999999138	1	1	264	191	1	0	+GAC
barcode74_consensus_vsearch	969	A	A	453	2	0.44%	2	1	93	93	0.24972497249691156	1	1	264	189	0	2	G
barcode74_consensus_vsearch	970	T	T	465	1	0.21%	2	1	93	93	0.5000000000008233	1	1	269	196	1	0	+CCC
barcode74_consensus_vsearch	971	C	C	461	3	0.64%	2	2	93	93	0.12459546925571133	1	1	266	195	2	1	-G
barcode74_consensus_vsearch	972	G	G	461	1	0.22%	2	1	93	93	0.5000000000008233	1	1	266	195	1	0	-C
barcode74_consensus_vsearch	973	C	C	460	3	0.65%	2	2	93	93	0.1245945945946921	1	1	266	194	2	1	A
barcode74_consensus_vsearch	974	C	C	458	3	0.64%	2	1	93	93	0.12459283387624695	1	1	263	195	3	0	T
barcode74_consensus_vsearch	975	A	A	459	3	0.65%	2	1	93	93	0.12459371614300269	1	1	264	195	3	0	-G
barcode74_consensus_vsearch	976	G	G	457	3	0.65%	2	2	93	93	0.12459194776934993	1	1	263	194	2	1	A
barcode74_consensus_vsearch	977	T	T	462	1	0.22%	2	1	93	93	0.4999999999990043	1	1	270	192	0	1	+C
barcode74_consensus_vsearch	978	T	T	460	3	0.65%	2	2	93	93	0.1245945945946921	1	1	268	192	1	2	C
barcode74_consensus_vsearch	979	C	C	463	1	0.21%	2	1	93	93	0.4999999999990043	1	1	269	194	1	0	+A
barcode74_consensus_vsearch	980	T	T	458	2	0.43%	2	1	93	93	0.24972796517908835	1	1	266	192	0	2	+G
barcode74_consensus_vsearch	981	G	G	455	5	1.08%	2	1	93	93	0.03091051270694167	1	1	259	196	5	0	A
barcode74_consensus_vsearch	982	C	C	447	5	1.08%	2	2	93	93	0.030904507480949694	1	1	261	186	2	3	T
barcode74_consensus_vsearch	983	T	T	451	4	0.88%	2	1	93	93	0.06208768616665174	1	1	260	191	4	0	C
barcode74_consensus_vsearch	984	T	*/-A	434	21	4.55%	2	1	93	93	3.765559111172498E-7	1	1	243	191	21	0	-A
barcode74_consensus_vsearch	985	A	A	433	5	1.13%	2	1	93	93	0.030893470790357477	1	1	238	195	5	0	G
barcode74_consensus_vsearch	986	C	S	437	21	4.56%	2	1	93	93	3.7715218558085813E-7	1	1	245	192	21	0	G
barcode74_consensus_vsearch	987	C	*/-A	395	28	6.01%	2	2	93	93	2.347234095007423E-9	1	1	246	149	5	23	-A
barcode74_consensus_vsearch	988	A	A	427	5	1.15%	2	2	93	93	0.03088852192937873	1	1	256	171	4	1	G
barcode74_consensus_vsearch	989	A	A	461	1	0.22%	2	1	93	93	0.5000000000008233	1	1	265	196	1	0	+G
barcode74_consensus_vsearch	990	A	A	461	3	0.65%	2	1	93	93	0.12459546925571133	1	1	265	196	3	0	G
barcode74_consensus_vsearch	991	A	A	458	3	0.64%	2	1	93	93	0.12459283387624695	1	1	263	195	3	0	G
barcode74_consensus_vsearch	992	C	C	460	2	0.43%	2	1	93	93	0.24972914409526598	1	1	265	195	2	0	T
barcode74_consensus_vsearch	993	C	C	459	3	0.64%	2	2	93	93	0.12459371614300269	1	1	266	193	2	1	+A
barcode74_consensus_vsearch	994	A	A	461	2	0.43%	2	2	93	93	0.24972972972924576	1	1	268	193	1	1	G
barcode74_consensus_vsearch	995	G	G	452	5	1.08%	2	2	93	93	0.030908285371709306	1	1	258	194	4	1	-C
barcode74_consensus_vsearch	996	C	C	455	3	0.65%	2	1	93	93	0.12459016393415773	1	1	263	192	0	3	+T
barcode74_consensus_vsearch	997	C	C	462	1	0.22%	2	1	93	93	0.4999999999990043	1	1	268	194	0	1	+TC
barcode74_consensus_vsearch	998	C	*/-AC	441	21	4.51%	2	1	93	93	3.7793632916705605E-7	1	1	248	193	21	0	-AC
barcode74_consensus_vsearch	999	A	R	434	7	1.58%	2	2	93	93	0.007627335039353406	1	1	240	194	6	1	G
barcode74_consensus_vsearch	1000	C	C	438	2	0.45%	2	1	93	93	0.24971558589274387	1	1	246	192	0	2	-T
barcode74_consensus_vsearch	1001	T	T	458	2	0.43%	2	2	93	93	0.24972796517908835	1	1	267	191	1	1	C
barcode74_consensus_vsearch	1002	T	T	461	2	0.43%	2	1	93	93	0.24972972972924576	1	1	267	194	0	2	+CTT
barcode74_consensus_vsearch	1003	G	G	461	2	0.43%	2	1	93	93	0.24972972972924576	1	1	266	195	2	0	A
barcode74_consensus_vsearch	1004	C	C	463	1	0.22%	2	1	93	93	0.4999999999990043	1	1	269	194	1	0	+AC
barcode74_consensus_vsearch	1005	G	G	457	4	0.86%	2	1	93	93	0.062093055403000016	1	1	267	190	0	4	+CG
barcode74_consensus_vsearch	1006	T	*/-C	438	18	3.87%	2	2	93	93	3.214928701538414E-6	1	1	247	191	17	1	-C
barcode74_consensus_vsearch	1007	C	C	447	1	0.22%	2	1	93	93	0.5000000000008233	1	1	253	194	0	1	+T
barcode74_consensus_vsearch	1008	C	C	463	1	0.21%	2	1	93	93	0.4999999999990043	1	1	270	193	0	1	+A
barcode74_consensus_vsearch	1009	T	Y	447	11	2.37%	2	2	93	93	4.595052234613434E-4	1	1	268	179	2	9	C
barcode74_consensus_vsearch	1010	G	G	461	1	0.22%	2	1	93	93	0.5000000000008233	1	1	270	191	0	1	+AA
barcode74_consensus_vsearch	1011	T	T	456	3	0.65%	2	1	93	93	0.12459105779723775	1	1	264	192	3	0	C
barcode74_consensus_vsearch	1012	C	C	462	1	0.22%	2	1	93	93	0.4999999999990043	1	1	268	194	0	1	+AAT
barcode74_consensus_vsearch	1013	A	A	459	3	0.64%	2	1	93	93	0.12459371614300269	1	1	267	192	0	3	-T
barcode74_consensus_vsearch	1014	T	T	455	2	0.43%	2	1	93	93	0.24972617743652814	1	1	270	185	0	2	+AT
barcode74_consensus_vsearch	1015	T	Y	454	10	2.15%	2	2	93	93	9.298701683765745E-4	1	1	266	188	4	6	C
barcode74_consensus_vsearch	1016	C	C	463	1	0.22%	2	1	93	93	0.4999999999990043	1	1	269	194	1	0	-AC
barcode74_consensus_vsearch	1017	A	*/-C	454	9	1.94%	2	1	93	93	0.0018779730851546438	1	1	259	195	9	0	-C
barcode74_consensus_vsearch	1018	C	C	452	3	0.66%	2	1	93	93	0.12458745874590603	1	1	259	193	0	3	+T
barcode74_consensus_vsearch	1019	C	C	462	1	0.22%	2	1	93	93	0.4999999999990043	1	1	268	194	0	1	+T
barcode74_consensus_vsearch	1020	C	C	461	3	0.64%	2	2	93	93	0.12459546925571133	1	1	267	194	2	1	T
barcode74_consensus_vsearch	1021	G	G	465	1	0.21%	2	1	93	93	0.5000000000008233	1	1	269	196	1	0	A
barcode74_consensus_vsearch	1022	G	G	462	4	0.86%	2	1	93	93	0.06209742409232364	1	1	266	196	4	0	A
barcode74_consensus_vsearch	1023	C	C	464	1	0.21%	2	1	93	93	0.4999999999999138	1	1	268	196	1	0	+A
barcode74_consensus_vsearch	1024	G	G	463	2	0.43%	2	1	93	93	0.24973089343429802	1	1	269	194	0	2	-TG
barcode74_consensus_vsearch	1025	T	T	460	3	0.65%	2	2	93	93	0.1245945945946921	1	1	267	193	2	1	C
barcode74_consensus_vsearch	1026	G	G	455	4	0.86%	2	2	93	93	0.062091281262886246	1	1	265	190	1	3	-C
barcode74_consensus_vsearch	1027	C	C	459	1	0.22%	2	1	93	93	0.4999999999999138	1	1	267	192	0	1	+A
barcode74_consensus_vsearch	1028	C	C	460	3	0.64%	2	2	93	93	0.1245945945946921	1	1	267	193	1	2	T
barcode74_consensus_vsearch	1029	A	A	460	1	0.22%	2	1	93	93	0.4999999999999138	1	1	266	194	0	1	+GGG
barcode74_consensus_vsearch	1030	G	G	457	2	0.43%	2	1	93	93	0.24972737186467478	1	1	264	193	0	2	-TAG
barcode74_consensus_vsearch	1031	T	T	456	2	0.43%	2	1	93	93	0.24972677595608425	1	1	266	190	0	2	-A
barcode74_consensus_vsearch	1032	A	A	452	4	0.87%	2	1	93	93	0.062088590856761904	1	1	264	188	4	0	G
barcode74_consensus_vsearch	1033	G	G	459	1	0.22%	2	1	93	93	0.4999999999999138	1	1	268	191	1	0	+AG
barcode74_consensus_vsearch	1034	G	G	462	2	0.43%	2	1	93	93	0.24973031283711408	1	1	267	195	2	0	A
barcode74_consensus_vsearch	1035	T	T	462	2	0.43%	2	1	93	93	0.24973031283711408	1	1	268	194	0	2	C
barcode74_consensus_vsearch	1036	C	C	456	3	0.65%	2	1	93	93	0.12459105779723775	1	1	261	195	3	0	-A
barcode74_consensus_vsearch	1037	A	A	451	2	0.44%	2	1	93	93	0.24972375690606977	1	1	261	190	0	2	+C
barcode74_consensus_vsearch	1038	C	C	457	2	0.43%	2	1	93	93	0.24972737186467478	1	1	265	192	0	2	+G
barcode74_consensus_vsearch	1039	G	G	459	3	0.65%	2	2	93	93	0.12459371614300269	1	1	266	193	1	2	-CGCG
barcode74_consensus_vsearch	1040	C	C	460	1	0.22%	2	1	93	93	0.4999999999999138	1	1	267	193	1	0	+AC
barcode74_consensus_vsearch	1041	G	*/-CG	435	21	4.54%	2	2	93	93	3.7675545624570147E-7	1	1	257	178	7	14	-CG
barcode74_consensus_vsearch	1042	C	C	431	4	0.91%	2	1	93	93	0.06206871836935933	1	1	254	177	4	0	+G
barcode74_consensus_vsearch	1043	G	G	429	5	1.14%	2	2	93	93	0.030890186744528703	1	1	256	173	1	4	+CG
barcode74_consensus_vsearch	1044	G	G	463	1	0.22%	2	1	93	93	0.4999999999990043	1	1	269	194	0	1	-TACG
barcode74_consensus_vsearch	1045	T	T	464	1	0.22%	2	1	93	93	0.4999999999999138	1	1	270	194	0	1	C
barcode74_consensus_vsearch	1046	A	A	460	4	0.86%	2	1	93	93	0.062095687920911566	1	1	265	195	4	0	G
barcode74_consensus_vsearch	1047	C	*/-G	442	7	1.51%	2	2	93	93	0.007630619313173879	1	1	250	192	6	1	-G
barcode74_consensus_vsearch	1048	G	G	438	3	0.67%	2	1	93	93	0.12457434733248252	1	1	247	191	3	0	+C
barcode74_consensus_vsearch	1049	C	C	442	5	1.1%	2	2	93	93	0.03090064512242186	1	1	253	189	2	3	T
barcode74_consensus_vsearch	1050	A	A	443	5	1.09%	2	2	93	93	0.030901424487179464	1	1	254	189	3	2	G
barcode74_consensus_vsearch	1051	C	C	449	4	0.87%	2	2	93	93	0.06208586479697461	1	1	259	190	3	1	T
barcode74_consensus_vsearch	1052	A	*/-CA	433	21	4.55%	2	2	93	93	3.763555727947356E-7	1	1	252	181	9	12	-CA
barcode74_consensus_vsearch	1053	C	C	427	6	1.36%	2	2	93	93	0.015354987779940706	1	1	255	172	1	5	-A
barcode74_consensus_vsearch	1054	A	A	430	3	0.69%	2	2	93	93	0.12456647398843287	1	1	254	176	2	1	T
barcode74_consensus_vsearch	1055	A	A	453	5	1.08%	2	1	93	93	0.03090903105714376	1	1	266	187	0	5	C
barcode74_consensus_vsearch	1056	T	Y	451	8	1.73%	2	1	93	93	0.0037879507121486144	1	1	268	183	0	8	C
barcode74_consensus_vsearch	1057	T	Y	446	9	1.93%	2	2	93	93	0.0018766656885966895	1	1	265	181	1	8	C
barcode74_consensus_vsearch	1058	C	*/+AC	442	7	1.53%	2	1	93	93	0.007630619313173879	1	1	254	188	7	0	+AC
barcode74_consensus_vsearch	1059	G	S	447	12	2.59%	2	1	93	93	2.2699658258221208E-4	1	1	253	194	12	0	C
barcode74_consensus_vsearch	1060	C	C	459	2	0.43%	2	1	93	93	0.2497285559174766	1	1	266	193	2	0	+G
barcode74_consensus_vsearch	1061	A	A	460	4	0.86%	2	2	93	93	0.062095687920911566	1	1	265	195	3	1	G
barcode74_consensus_vsearch	1062	G	G	454	5	1.07%	2	2	93	93	0.030909773495158815	1	1	262	192	4	1	-T
barcode74_consensus_vsearch	1063	T	T	457	3	0.65%	2	1	93	93	0.12459194776934993	1	1	265	192	0	3	C
barcode74_consensus_vsearch	1064	T	T	464	1	0.21%	2	1	93	93	0.4999999999999138	1	1	269	195	1	0	A
barcode74_consensus_vsearch	1065	T	T	460	2	0.43%	2	2	93	93	0.24972914409526598	1	1	269	191	1	1	+G
barcode74_consensus_vsearch	1066	G	G	463	1	0.22%	2	1	93	93	0.4999999999990043	1	1	268	195	1	0	+AAG
barcode74_consensus_vsearch	1067	A	A	452	4	0.86%	2	1	93	93	0.062088590856761904	1	1	259	193	4	0	G
barcode74_consensus_vsearch	1068	G	G	458	1	0.22%	2	1	93	93	0.4999999999999138	1	1	266	192	1	0	+G
barcode74_consensus_vsearch	1069	A	A	454	4	0.87%	2	2	93	93	0.06209038837901774	1	1	264	190	2	2	G
barcode74_consensus_vsearch	1070	A	A	460	2	0.43%	2	1	93	93	0.24972914409526598	1	1	266	194	2	0	-T
barcode74_consensus_vsearch	1071	T	T	456	3	0.65%	2	1	93	93	0.12459105779723775	1	1	264	192	3	0	+A
barcode74_consensus_vsearch	1072	G	*/-A	458	7	1.51%	2	2	93	93	0.0076368503276010025	1	1	264	194	6	1	-A
barcode74_consensus_vsearch	1073	A	A	453	2	0.44%	2	1	93	93	0.24972497249691156	1	1	261	192	2	0	G
barcode74_consensus_vsearch	1074	G	G	463	1	0.22%	2	1	93	93	0.4999999999990043	1	1	269	194	1	0	+A
barcode74_consensus_vsearch	1075	C	C	460	3	0.65%	2	2	93	93	0.1245945945946921	1	1	268	192	1	2	T
barcode74_consensus_vsearch	1076	C	Y	455	8	1.72%	2	1	93	93	0.003788965477306861	1	1	269	186	0	8	T
barcode74_consensus_vsearch	1077	G	G	458	3	0.65%	2	2	93	93	0.12459283387624695	1	1	265	193	1	2	A
barcode74_consensus_vsearch	1078	A	A	454	4	0.86%	2	1	93	93	0.06209038837901774	1	1	259	195	4	0	G
barcode74_consensus_vsearch	1079	G	G	459	2	0.43%	2	1	93	93	0.2497285559174766	1	1	264	195	2	0	+A
barcode74_consensus_vsearch	1080	G	G	465	1	0.21%	2	1	93	93	0.5000000000008233	1	1	269	196	1	0	A
barcode74_consensus_vsearch	1081	T	T	456	5	1.07%	2	1	93	93	0.030911248713682577	1	1	261	195	5	0	+C
barcode74_consensus_vsearch	1082	C	C	459	4	0.86%	2	1	93	93	0.06209481420755567	1	1	268	191	0	4	-A
barcode74_consensus_vsearch	1083	A	A	459	1	0.22%	2	1	93	93	0.4999999999999138	1	1	270	189	0	1	+G
barcode74_consensus_vsearch	1084	A	A	460	3	0.65%	2	2	93	93	0.1245945945946921	1	1	267	193	2	1	G
barcode74_consensus_vsearch	1085	T	T	456	4	0.86%	2	2	93	93	0.062092170262314485	1	1	266	190	2	2	-A
barcode74_consensus_vsearch	1086	A	A	457	2	0.43%	2	2	93	93	0.24972737186467478	1	1	265	192	1	1	C
barcode74_consensus_vsearch	1087	A	A	463	2	0.43%	2	2	93	93	0.24973089343429802	1	1	269	194	1	1	G
barcode74_consensus_vsearch	1088	G	G	458	4	0.86%	2	2	93	93	0.06209393670973901	1	1	267	191	1	3	-T
barcode74_consensus_vsearch	1089	T	*/-C	431	26	5.64%	2	2	93	93	1.0335700956299074E-8	1	1	246	185	21	5	-C
barcode74_consensus_vsearch	1090	C	C	437	1	0.23%	2	1	93	93	0.4999999999999138	1	1	248	189	0	1	T
barcode74_consensus_vsearch	1091	C	C	464	0	0%	2	0	93	0	1.0	1	0	269	195	0	0	
barcode74_consensus_vsearch	1092	C	Y	442	13	2.79%	2	2	93	93	1.1190903505080929E-4	1	1	267	175	2	11	T
barcode74_consensus_vsearch	1093	C	Y	432	18	3.87%	2	2	93	93	3.2074585795037237E-6	1	1	261	171	2	16	T
barcode74_consensus_vsearch	1094	G	G	456	5	1.08%	2	1	93	93	0.030911248713682577	1	1	261	195	5	0	-A
barcode74_consensus_vsearch	1095	A	A	458	2	0.43%	2	1	93	93	0.24972796517908835	1	1	263	195	2	0	-G
barcode74_consensus_vsearch	1096	G	G	461	2	0.43%	2	1	93	93	0.24972972972924576	1	1	266	195	2	0	-A
barcode74_consensus_vsearch	1097	A	A	461	1	0.22%	2	1	93	93	0.5000000000008233	1	1	266	195	1	0	G
barcode74_consensus_vsearch	1098	C	C	462	1	0.21%	2	1	93	93	0.4999999999990043	1	1	268	194	1	0	+GC
barcode74_consensus_vsearch	1099	A	*/+C	436	11	2.37%	2	1	93	93	4.588107080951123E-4	1	1	243	193	11	0	+C
barcode74_consensus_vsearch	1100	C	C	447	3	0.66%	2	1	93	93	0.12458286985565502	1	1	256	191	0	3	+T
barcode74_consensus_vsearch	1101	C	C	461	4	0.86%	2	2	93	93	0.06209655787449625	1	1	269	192	1	3	-T
barcode74_consensus_vsearch	1102	T	T	457	3	0.65%	2	2	93	93	0.12459194776934993	1	1	268	189	1	2	C
barcode74_consensus_vsearch	1103	A	A	465	1	0.21%	2	1	93	93	0.5000000000008233	1	1	269	196	1	0	C
barcode74_consensus_vsearch	1104	A	A	464	2	0.43%	2	2	93	93	0.2497314715357706	1	1	269	195	1	1	G
barcode74_consensus_vsearch	1105	T	T	463	2	0.43%	2	1	93	93	0.24973089343429802	1	1	267	196	2	0	C
barcode74_consensus_vsearch	1106	C	C	465	1	0.21%	2	1	93	93	0.5000000000008233	1	1	270	195	0	1	+A
barcode74_consensus_vsearch	1107	A	A	462	2	0.43%	2	2	93	93	0.24973031283711408	1	1	268	194	1	1	C
barcode74_consensus_vsearch	1108	T	T	461	3	0.64%	2	2	93	93	0.12459546925571133	1	1	268	193	2	1	C
barcode74_consensus_vsearch	1109	T	T	455	4	0.86%	2	2	93	93	0.062091281262886246	1	1	267	188	3	1	+C
barcode74_consensus_vsearch	1110	C	C	459	2	0.43%	2	2	93	93	0.2497285559174766	1	1	267	192	1	1	-GC
barcode74_consensus_vsearch	1111	G	*/+C	453	7	1.52%	2	1	93	93	0.00763494949227727	1	1	266	187	0	7	+C
barcode74_consensus_vsearch	1112	C	C	458	4	0.86%	2	2	93	93	0.06209393670973901	1	1	266	192	2	2	-T
barcode74_consensus_vsearch	1113	T	T	452	5	1.08%	2	2	93	93	0.030908285371709306	1	1	265	187	2	3	C
barcode74_consensus_vsearch	1114	C	C	457	3	0.65%	2	1	93	93	0.12459194776934993	1	1	268	189	0	3	-T
barcode74_consensus_vsearch	1115	T	T	458	1	0.22%	2	1	93	93	0.4999999999999138	1	1	267	191	1	0	+CT
barcode74_consensus_vsearch	1116	A	A	456	3	0.65%	2	2	93	93	0.12459105779723775	1	1	263	193	1	2	+C
barcode74_consensus_vsearch	1117	C	C	461	1	0.22%	2	1	93	93	0.5000000000008233	1	1	266	195	1	0	A
barcode74_consensus_vsearch	1118	C	C	461	1	0.22%	2	1	93	93	0.5000000000008233	1	1	266	195	0	1	+TC
barcode74_consensus_vsearch	1119	G	G	459	1	0.22%	2	1	93	93	0.4999999999999138	1	1	264	195	1	0	+C
barcode74_consensus_vsearch	1120	C	C	460	2	0.43%	2	1	93	93	0.24972914409526598	1	1	267	193	0	2	G
barcode74_consensus_vsearch	1121	G	G	453	5	1.08%	2	1	93	93	0.03090903105714376	1	1	260	193	5	0	+CG
barcode74_consensus_vsearch	1122	T	T	456	5	1.08%	2	2	93	93	0.030911248713682577	1	1	266	190	2	3	C
barcode74_consensus_vsearch	1123	G	G	456	6	1.3%	2	2	93	93	0.015371899414478795	1	1	264	192	5	1	A
barcode74_consensus_vsearch	1124	C	C	464	1	0.21%	2	1	93	93	0.4999999999999138	1	1	270	194	0	1	+GC
barcode74_consensus_vsearch	1125	A	A	465	1	0.21%	2	1	93	93	0.5000000000008233	1	1	269	196	1	0	+CA
barcode74_consensus_vsearch	1126	A	A	457	6	1.29%	2	2	93	93	0.01537244487190259	1	1	264	193	4	2	G
barcode74_consensus_vsearch	1127	C	C	462	1	0.22%	2	1	93	93	0.4999999999990043	1	1	268	194	0	1	+TTC
barcode74_consensus_vsearch	1128	T	T	460	3	0.65%	2	2	93	93	0.1245945945946921	1	1	267	193	2	1	C
barcode74_consensus_vsearch	1129	G	G	465	1	0.21%	2	1	93	93	0.5000000000008233	1	1	269	196	1	0	-A
barcode74_consensus_vsearch	1130	A	A	458	4	0.86%	2	2	93	93	0.06209393670973901	1	1	265	193	3	1	G
barcode74_consensus_vsearch	1131	C	C	464	1	0.22%	2	1	93	93	0.4999999999999138	1	1	269	195	1	0	+G
barcode74_consensus_vsearch	1132	A	A	461	2	0.43%	2	2	93	93	0.24972972972924576	1	1	268	193	1	1	G
barcode74_consensus_vsearch	1133	A	A	462	2	0.43%	2	1	93	93	0.24973031283711408	1	1	268	194	2	0	G
barcode74_consensus_vsearch	1134	T	T	463	2	0.43%	2	1	93	93	0.24973089343429802	1	1	268	195	2	0	+A
barcode74_consensus_vsearch	1135	A	A	454	5	1.08%	2	2	93	93	0.030909773495158815	1	1	264	190	4	1	G
barcode74_consensus_vsearch	1136	G	G	460	2	0.43%	2	1	93	93	0.24972914409526598	1	1	267	193	2	0	A
barcode74_consensus_vsearch	1137	G	G	464	0	0%	2	0	93	0	1.0	1	0	270	194	0	0	
barcode74_consensus_vsearch	1138	G	G	465	1	0.21%	2	1	93	93	0.5000000000008233	1	1	269	196	1	0	A
barcode74_consensus_vsearch	1139	A	A	460	3	0.64%	2	2	93	93	0.1245945945946921	1	1	267	193	1	2	C
barcode74_consensus_vsearch	1140	C	C	464	1	0.21%	2	1	93	93	0.4999999999999138	1	1	268	196	1	0	+TTT
barcode74_consensus_vsearch	1141	A	*/-CA	451	7	1.5%	2	1	93	93	0.007634177589087493	1	1	263	188	0	7	-CA
barcode74_consensus_vsearch	1142	C	C	455	2	0.44%	2	1	93	93	0.24972617743652814	1	1	267	188	2	0	T
barcode74_consensus_vsearch	1143	A	A	449	4	0.87%	2	2	93	93	0.06208586479697461	1	1	265	184	2	2	G
barcode74_consensus_vsearch	1144	G	G	461	1	0.22%	2	1	93	93	0.5000000000008233	1	1	266	195	0	1	+T
barcode74_consensus_vsearch	1145	C	C	461	3	0.64%	2	2	93	93	0.12459546925571133	1	1	267	194	2	1	T
barcode74_consensus_vsearch	1146	T	Y	456	8	1.72%	2	2	93	93	0.0037892164544094686	1	1	269	187	1	7	C
barcode74_consensus_vsearch	1147	A	A	462	1	0.21%	2	1	93	93	0.4999999999990043	1	1	269	193	0	1	+C
barcode74_consensus_vsearch	1148	T	T	451	4	0.86%	2	2	93	93	0.06208768616665174	1	1	257	194	3	1	+C
barcode74_consensus_vsearch	1149	C	C	458	3	0.65%	2	1	93	93	0.12459283387624695	1	1	263	195	3	0	+A
barcode74_consensus_vsearch	1150	C	C	461	2	0.43%	2	1	93	93	0.24972972972924576	1	1	267	194	2	0	-TG
barcode74_consensus_vsearch	1151	T	*/+G	444	7	1.52%	2	1	93	93	0.007631422258539495	1	1	265	179	0	7	+G
barcode74_consensus_vsearch	1152	G	*/-A	446	9	1.94%	2	1	93	93	0.0018766656885966895	1	1	250	196	9	0	-A
barcode74_consensus_vsearch	1153	A	*/-G	344	76	16.78%	2	2	93	93	3.16272252030539E-25	1	1	167	177	59	17	-G
barcode74_consensus_vsearch	1154	G	G	371	2	0.53%	2	1	93	93	0.24966442953001958	1	1	194	177	2	0	A
barcode74_consensus_vsearch	1155	G	G	455	0	0%	2	0	93	0	1.0	1	0	259	196	0	0	
barcode74_consensus_vsearch	1156	G	G	455	4	0.87%	2	2	93	93	0.062091281262886246	1	1	263	192	1	3	+A
barcode74_consensus_vsearch	1157	A	A	454	5	1.09%	2	2	93	93	0.030909773495158815	1	1	262	192	3	2	G
barcode74_consensus_vsearch	1158	A	A	462	1	0.22%	2	1	93	93	0.4999999999990043	1	1	266	196	1	0	+G
barcode74_consensus_vsearch	1159	A	A	462	2	0.43%	2	1	93	93	0.24973031283711408	1	1	266	196	2	0	G
barcode74_consensus_vsearch	1160	C	*/-TT	450	8	1.72%	2	2	93	93	0.003787694271375089	1	1	266	184	3	5	-TT
barcode74_consensus_vsearch	1161	T	T	448	2	0.44%	2	2	93	93	0.24972191323697995	1	1	265	183	1	1	C
barcode74_consensus_vsearch	1162	T	T	444	6	1.31%	2	1	93	93	0.015365165262467001	1	1	259	185	6	0	+C
barcode74_consensus_vsearch	1163	C	*/+G	191	175	37.96%	2	2	93	93	1.8103282865327945E-65	1	1	94	97	119	56	+G
barcode74_consensus_vsearch	1164	G	G	410	4	0.95%	2	1	93	93	0.06204682862471882	1	1	236	174	4	0	A
barcode74_consensus_vsearch	1165	G	G	448	5	1.1%	2	1	93	93	0.030905269727138893	1	1	256	192	5	0	A
barcode74_consensus_vsearch	1166	G	G	462	2	0.43%	2	1	93	93	0.24973031283711408	1	1	267	195	2	0	A
barcode74_consensus_vsearch	1167	G	R	455	8	1.72%	2	1	93	93	0.003788965477306861	1	1	260	195	8	0	A
barcode74_consensus_vsearch	1168	G	G	454	6	1.29%	2	1	93	93	0.015370801400747822	1	1	265	189	0	6	+A
barcode74_consensus_vsearch	1169	A	A	460	1	0.22%	2	1	93	93	0.4999999999999138	1	1	264	196	1	0	G
barcode74_consensus_vsearch	1170	A	A	454	5	1.08%	2	1	93	93	0.030909773495158815	1	1	261	193	5	0	-C
barcode74_consensus_vsearch	1171	C	C	456	2	0.43%	2	1	93	93	0.24972677595608425	1	1	263	193	2	0	T
barcode74_consensus_vsearch	1172	C	C	456	4	0.86%	2	2	93	93	0.062092170262314485	1	1	265	191	2	2	T
barcode74_consensus_vsearch	1173	A	A	456	3	0.65%	2	2	93	93	0.12459105779723775	1	1	265	191	1	2	-G
barcode74_consensus_vsearch	1174	G	G	455	3	0.65%	2	1	93	93	0.12459016393415773	1	1	263	192	3	0	-C
barcode74_consensus_vsearch	1175	C	C	459	1	0.22%	2	1	93	93	0.4999999999999138	1	1	265	194	1	0	G
barcode74_consensus_vsearch	1176	C	C	461	1	0.22%	2	1	93	93	0.5000000000008233	1	1	267	194	1	0	+G
barcode74_consensus_vsearch	1177	A	A	457	4	0.86%	2	2	93	93	0.062093055403000016	1	1	264	193	1	3	-T
barcode74_consensus_vsearch	1178	T	T	457	2	0.43%	2	1	93	93	0.24972737186467478	1	1	266	191	0	2	C
barcode74_consensus_vsearch	1179	T	T	454	4	0.86%	2	1	93	93	0.06209038837901774	1	1	260	194	4	0	+G
barcode74_consensus_vsearch	1180	A	A	452	5	1.08%	2	1	93	93	0.030908285371709306	1	1	261	191	5	0	-G
barcode74_consensus_vsearch	1181	G	G	458	1	0.22%	2	1	93	93	0.4999999999999138	1	1	265	193	0	1	A
barcode74_consensus_vsearch	1182	A	A	460	2	0.43%	2	1	93	93	0.24972914409526598	1	1	265	195	2	0	+G
barcode74_consensus_vsearch	1183	C	C	460	2	0.43%	2	1	93	93	0.24972914409526598	1	1	269	191	0	2	+T
barcode74_consensus_vsearch	1184	G	R	452	10	2.15%	2	1	93	93	9.296709138046124E-4	1	1	260	192	10	0	A
barcode74_consensus_vsearch	1185	G	G	461	2	0.43%	2	2	93	93	0.24972972972924576	1	1	268	193	1	1	A
barcode74_consensus_vsearch	1186	T	*/+C	453	9	1.93%	2	1	93	93	0.0018778121106653614	1	1	269	184	0	9	+C
barcode74_consensus_vsearch	1187	T	*/-C	450	10	2.15%	2	1	93	93	9.294699516735583E-4	1	1	265	185	0	10	-C
barcode74_consensus_vsearch	1188	C	C	449	4	0.88%	2	1	93	93	0.06208586479697461	1	1	269	180	0	4	+G
barcode74_consensus_vsearch	1189	G	G	463	1	0.22%	2	1	93	93	0.4999999999990043	1	1	268	195	1	0	-A
barcode74_consensus_vsearch	1190	A	A	462	1	0.22%	2	1	93	93	0.4999999999990043	1	1	268	194	0	1	-T
barcode74_consensus_vsearch	1191	T	T	451	4	0.86%	2	1	93	93	0.06208768616665174	1	1	259	192	4	0	+G
barcode74_consensus_vsearch	1192	A	R	423	17	3.69%	2	2	93	93	6.517562209625466E-6	1	1	246	177	16	1	G
barcode74_consensus_vsearch	1193	G	G	457	1	0.22%	2	1	93	93	0.4999999999999138	1	1	263	194	1	0	+A
barcode74_consensus_vsearch	1194	G	G	455	3	0.64%	2	1	93	93	0.12459016393415773	1	1	267	188	0	3	+C
barcode74_consensus_vsearch	1195	T	T	456	4	0.86%	2	2	93	93	0.062092170262314485	1	1	267	189	3	1	C
barcode74_consensus_vsearch	1196	C	*/-T	437	13	2.81%	2	2	93	93	1.1179949160089705E-4	1	1	266	171	1	12	-T
barcode74_consensus_vsearch	1197	T	T	446	1	0.22%	2	1	93	93	0.5000000000008233	1	1	266	180	1	0	C
barcode74_consensus_vsearch	1198	T	T	456	2	0.43%	2	1	93	93	0.24972677595608425	1	1	268	188	0	2	+CT
barcode74_consensus_vsearch	1199	T	T	462	2	0.43%	2	1	93	93	0.24973031283711408	1	1	270	192	0	2	-C
barcode74_consensus_vsearch	1200	C	C	451	4	0.86%	2	1	93	93	0.06208768616665174	1	1	265	186	0	4	+T
barcode74_consensus_vsearch	1201	G	*/-C	418	18	3.89%	2	2	93	93	3.189285095484537E-6	1	1	243	175	14	4	-C
barcode74_consensus_vsearch	1202	C	C	436	2	0.45%	2	2	93	93	0.2497142857145226	1	1	246	190	1	1	+T
barcode74_consensus_vsearch	1203	C	C	457	2	0.43%	2	1	93	93	0.24972737186467478	1	1	262	195	2	0	T
barcode74_consensus_vsearch	1204	C	C	459	4	0.86%	2	2	93	93	0.06209481420755567	1	1	264	195	3	1	T
barcode74_consensus_vsearch	1205	C	C	462	4	0.86%	2	1	93	93	0.06209742409232364	1	1	270	192	0	4	-T
barcode74_consensus_vsearch	1206	T	Y	448	12	2.6%	2	2	93	93	2.2703297154905811E-4	1	1	268	180	1	11	C
barcode74_consensus_vsearch	1207	A	A	462	1	0.22%	2	1	93	93	0.4999999999990043	1	1	268	194	0	1	+T
barcode74_consensus_vsearch	1208	T	*/-AC	451	8	1.72%	2	1	93	93	0.0037879507121486144	1	1	256	195	8	0	-AC
barcode74_consensus_vsearch	1209	A	R	428	11	2.42%	2	2	93	93	4.5828417992626897E-4	1	1	233	195	10	1	G
barcode74_consensus_vsearch	1210	C	C	440	2	0.45%	2	1	93	93	0.2497168742917677	1	1	246	194	0	2	+T
barcode74_consensus_vsearch	1211	C	S	453	8	1.73%	2	1	93	93	0.003788460280099838	1	1	257	196	8	0	G
barcode74_consensus_vsearch	1212	C	C	455	5	1.07%	2	1	93	93	0.03091051270694167	1	1	259	196	5	0	+A
barcode74_consensus_vsearch	1213	A	A	456	3	0.65%	2	1	93	93	0.12459105779723775	1	1	261	195	3	0	G
barcode74_consensus_vsearch	1214	G	G	461	1	0.22%	2	1	93	93	0.5000000000008233	1	1	265	196	1	0	+A
barcode74_consensus_vsearch	1215	G	G	460	2	0.43%	2	2	93	93	0.24972914409526598	1	1	266	194	1	1	A
barcode74_consensus_vsearch	1216	T	T	462	2	0.43%	2	2	93	93	0.24973031283711408	1	1	268	194	1	1	C
barcode74_consensus_vsearch	1217	T	T	460	3	0.64%	2	1	93	93	0.1245945945946921	1	1	266	194	3	0	-ACAC
barcode74_consensus_vsearch	1218	A	A	451	6	1.3%	2	2	93	93	0.015369136400488401	1	1	263	188	3	3	G
barcode74_consensus_vsearch	1219	C	*/-AC	448	7	1.52%	2	2	93	93	0.00763300706774014	1	1	259	189	6	1	-AC
barcode74_consensus_vsearch	1220	A	A	444	5	1.1%	2	1	93	93	0.03090220038242228	1	1	254	190	5	0	G
barcode74_consensus_vsearch	1221	C	Y	442	7	1.54%	2	2	93	93	0.007630619313173879	1	1	254	188	3	4	T
barcode74_consensus_vsearch	1222	G	G	460	3	0.65%	2	1	93	93	0.1245945945946921	1	1	266	194	3	0	-A
barcode74_consensus_vsearch	1223	A	A	462	1	0.22%	2	1	93	93	0.4999999999990043	1	1	267	195	0	1	+C
barcode74_consensus_vsearch	1224	T	T	461	2	0.43%	2	1	93	93	0.24972972972924576	1	1	267	194	0	2	-C
barcode74_consensus_vsearch	1225	C	C	457	3	0.65%	2	1	93	93	0.12459194776934993	1	1	268	189	0	3	+G
barcode74_consensus_vsearch	1226	G	G	464	2	0.43%	2	1	93	93	0.2497314715357706	1	1	268	196	2	0	-A
barcode74_consensus_vsearch	1227	A	A	460	2	0.43%	2	1	93	93	0.24972914409526598	1	1	266	194	0	2	+T
barcode74_consensus_vsearch	1228	T	T	460	2	0.43%	2	1	93	93	0.24972914409526598	1	1	266	194	2	0	+C
barcode74_consensus_vsearch	1229	C	C	459	1	0.22%	2	1	93	93	0.4999999999999138	1	1	268	191	0	1	+G
barcode74_consensus_vsearch	1230	T	T	452	4	0.86%	2	1	93	93	0.062088590856761904	1	1	267	185	0	4	+G
barcode74_consensus_vsearch	1231	G	G	461	3	0.65%	2	1	93	93	0.12459546925571133	1	1	267	194	3	0	A
barcode74_consensus_vsearch	1232	C	*/-AC	452	7	1.5%	2	1	93	93	0.007634564377795515	1	1	261	191	7	0	-AC
barcode74_consensus_vsearch	1233	A	*/+T	443	12	2.61%	2	1	93	93	2.268494660858375E-4	1	1	259	184	0	12	+T
barcode74_consensus_vsearch	1234	C	C	457	1	0.22%	2	1	93	93	0.4999999999999138	1	1	262	195	0	1	T
barcode74_consensus_vsearch	1235	G	G	462	1	0.22%	2	1	93	93	0.4999999999990043	1	1	267	195	0	1	+C
barcode74_consensus_vsearch	1236	T	T	462	3	0.64%	2	2	93	93	0.12459634015068409	1	1	267	195	2	1	C
barcode74_consensus_vsearch	1237	C	C	460	6	1.29%	2	2	93	93	0.015374067228864634	1	1	266	194	4	2	+A
barcode74_consensus_vsearch	1238	A	A	457	3	0.64%	2	1	93	93	0.12459194776934993	1	1	269	188	0	3	+G
barcode74_consensus_vsearch	1239	G	G	459	3	0.65%	2	1	93	93	0.12459371614300269	1	1	270	189	0	3	+A
barcode74_consensus_vsearch	1240	A	A	464	0	0%	2	0	93	0	1.0	1	0	270	194	0	0	
barcode74_consensus_vsearch	1241	A	A	458	3	0.64%	2	2	93	93	0.12459283387624695	1	1	267	191	1	2	G
barcode74_consensus_vsearch	1242	C	C	458	2	0.43%	2	2	93	93	0.24972796517908835	1	1	268	190	1	1	+T
barcode74_consensus_vsearch	1243	C	Y	428	28	6.02%	2	2	93	93	2.429574094733665E-9	1	1	265	163	2	26	T
barcode74_consensus_vsearch	1244	G	G	457	6	1.3%	2	2	93	93	0.01537244487190259	1	1	264	193	4	2	A
barcode74_consensus_vsearch	1245	C	C	455	2	0.43%	2	2	93	93	0.24972617743652814	1	1	264	191	1	1	+T
barcode74_consensus_vsearch	1246	T	Y	442	13	2.82%	2	2	93	93	1.1190903505080929E-4	1	1	256	186	7	6	C
barcode74_consensus_vsearch	1247	A	A	450	6	1.3%	2	2	93	93	0.01536857654288441	1	1	258	192	5	1	G
barcode74_consensus_vsearch	1248	C	C	453	2	0.43%	2	2	93	93	0.24972497249691156	1	1	261	192	1	1	+GA
barcode74_consensus_vsearch	1249	A	R	451	7	1.51%	2	2	93	93	0.007634177589087493	1	1	258	193	6	1	G
barcode74_consensus_vsearch	1250	G	G	458	1	0.22%	2	1	93	93	0.4999999999999138	1	1	265	193	1	0	+A
barcode74_consensus_vsearch	1251	G	G	457	4	0.86%	2	2	93	93	0.062093055403000016	1	1	266	191	1	3	-C
barcode74_consensus_vsearch	1252	C	C	459	2	0.43%	2	1	93	93	0.2497285559174766	1	1	267	192	2	0	A
barcode74_consensus_vsearch	1253	C	C	461	3	0.64%	2	2	93	93	0.12459546925571133	1	1	268	193	1	2	-T
barcode74_consensus_vsearch	1254	T	T	455	3	0.65%	2	1	93	93	0.12459016393415773	1	1	264	191	3	0	+C
barcode74_consensus_vsearch	1255	C	C	463	0	0%	2	0	93	0	1.0	1	0	269	194	0	0	
barcode74_consensus_vsearch	1256	C	C	463	2	0.43%	2	2	93	93	0.24973089343429802	1	1	269	194	1	1	T
barcode74_consensus_vsearch	1257	A	R	452	7	1.5%	2	2	93	93	0.007634564377795515	1	1	260	192	4	3	G
barcode74_consensus_vsearch	1258	C	C	459	2	0.43%	2	2	93	93	0.2497285559174766	1	1	264	195	1	1	T
barcode74_consensus_vsearch	1259	C	C	459	3	0.64%	2	1	93	93	0.12459371614300269	1	1	265	194	3	0	T
barcode74_consensus_vsearch	1260	A	A	460	3	0.65%	2	2	93	93	0.1245945945946921	1	1	266	194	2	1	G
barcode74_consensus_vsearch	1261	G	G	456	4	0.86%	2	2	93	93	0.062092170262314485	1	1	264	192	3	1	A
barcode74_consensus_vsearch	1262	C	C	459	2	0.43%	2	1	93	93	0.2497285559174766	1	1	267	192	0	2	T
barcode74_consensus_vsearch	1263	G	G	457	2	0.43%	2	1	93	93	0.24972737186467478	1	1	263	194	2	0	+T
barcode74_consensus_vsearch	1264	T	T	463	2	0.43%	2	2	93	93	0.24973089343429802	1	1	268	195	1	1	C
barcode74_consensus_vsearch	1265	T	T	464	2	0.43%	2	2	93	93	0.2497314715357706	1	1	269	195	1	1	C
barcode74_consensus_vsearch	1266	T	T	459	3	0.64%	2	1	93	93	0.12459371614300269	1	1	263	196	3	0	-C
barcode74_consensus_vsearch	1267	C	C	461	1	0.22%	2	1	93	93	0.5000000000008233	1	1	265	196	1	0	+T
barcode74_consensus_vsearch	1268	C	C	461	2	0.43%	2	1	93	93	0.24972972972924576	1	1	265	196	2	0	-AC
barcode74_consensus_vsearch	1269	A	R	451	7	1.51%	2	2	93	93	0.007634177589087493	1	1	260	191	4	3	G
barcode74_consensus_vsearch	1270	C	C	457	4	0.87%	2	2	93	93	0.062093055403000016	1	1	263	194	2	2	T
barcode74_consensus_vsearch	1271	T	Y	446	8	1.73%	2	2	93	93	0.0037866572939678073	1	1	260	186	2	6	C
barcode74_consensus_vsearch	1272	G	G	458	2	0.43%	2	1	93	93	0.24972796517908835	1	1	263	195	2	0	A
barcode74_consensus_vsearch	1273	G	G	466	0	0%	2	0	93	0	1.0	1	0	270	196	0	0	
barcode74_consensus_vsearch	1274	C	C	460	2	0.43%	2	1	93	93	0.24972914409526598	1	1	265	195	2	0	-T
barcode74_consensus_vsearch	1275	T	T	458	4	0.87%	2	1	93	93	0.06209393670973901	1	1	262	196	4	0	C
barcode74_consensus_vsearch	1276	T	*/+C	451	7	1.51%	2	2	93	93	0.007634177589087493	1	1	258	193	6	1	+C
barcode74_consensus_vsearch	1277	C	C	458	3	0.65%	2	1	93	93	0.12459283387624695	1	1	262	196	3	0	-A
barcode74_consensus_vsearch	1278	A	A	446	5	1.08%	2	2	93	93	0.030903741856461314	1	1	254	192	3	2	-C
barcode74_consensus_vsearch	1279	C	C	451	2	0.44%	2	1	93	93	0.24972375690606977	1	1	261	190	0	2	+T
barcode74_consensus_vsearch	1280	C	*/-T	404	32	6.88%	2	2	93	93	1.2903045124841333E-10	1	1	261	143	1	31	-T
barcode74_consensus_vsearch	1281	T	T	426	2	0.47%	2	2	93	93	0.2497076023388982	1	1	262	164	1	1	C
barcode74_consensus_vsearch	1282	T	T	457	2	0.43%	2	1	93	93	0.24972737186467478	1	1	263	194	2	0	-AC
barcode74_consensus_vsearch	1283	A	*/-C	445	13	2.81%	2	2	93	93	1.1197364733708028E-4	1	1	253	192	10	3	-C
barcode74_consensus_vsearch	1284	C	C	439	6	1.35%	2	1	93	93	0.015362252420215997	1	1	253	186	0	6	+T
barcode74_consensus_vsearch	1285	C	C	458	2	0.43%	2	1	93	93	0.24972796517908835	1	1	263	195	2	0	G
barcode74_consensus_vsearch	1286	C	C	456	5	1.07%	2	1	93	93	0.030911248713682577	1	1	269	187	0	5	-GG
barcode74_consensus_vsearch	1287	G	R	448	8	1.74%	2	2	93	93	0.0037871780401863946	1	1	261	187	7	1	A
barcode74_consensus_vsearch	1288	G	G	459	2	0.43%	2	2	93	93	0.2497285559174766	1	1	269	190	1	1	A
barcode74_consensus_vsearch	1289	G	G	464	2	0.43%	2	1	93	93	0.2497314715357706	1	1	268	196	2	0	A
barcode74_consensus_vsearch	1290	C	C	462	1	0.21%	2	1	93	93	0.4999999999990043	1	1	268	194	0	1	+A
barcode74_consensus_vsearch	1291	A	A	461	2	0.43%	2	1	93	93	0.24972972972924576	1	1	265	196	2	0	G
barcode74_consensus_vsearch	1292	T	T	461	2	0.43%	2	2	93	93	0.24972972972924576	1	1	267	194	1	1	+A
barcode74_consensus_vsearch	1293	A	A	457	3	0.65%	2	1	93	93	0.12459194776934993	1	1	268	189	0	3	-G
barcode74_consensus_vsearch	1294	G	G	457	2	0.43%	2	1	93	93	0.24972737186467478	1	1	269	188	0	2	+CG
barcode74_consensus_vsearch	1295	T	T	455	3	0.65%	2	1	93	93	0.12459016393415773	1	1	268	187	0	3	C
barcode74_consensus_vsearch	1296	T	T	460	4	0.86%	2	2	93	93	0.062095687920911566	1	1	268	192	2	2	C
barcode74_consensus_vsearch	1297	C	C	461	1	0.22%	2	1	93	93	0.5000000000008233	1	1	268	193	1	0	+T
barcode74_consensus_vsearch	1298	A	A	456	4	0.86%	2	2	93	93	0.062092170262314485	1	1	264	192	2	2	G
barcode74_consensus_vsearch	1299	C	C	455	5	1.08%	2	1	93	93	0.03091051270694167	1	1	265	190	0	5	A
barcode74_consensus_vsearch	1300	C	Y	457	7	1.51%	2	2	93	93	0.007636473423421301	1	1	267	190	2	5	T
barcode74_consensus_vsearch	1301	A	A	461	1	0.22%	2	1	93	93	0.5000000000008233	1	1	267	194	1	0	+CA
barcode74_consensus_vsearch	1302	T	T	461	2	0.43%	2	2	93	93	0.24972972972924576	1	1	268	193	1	1	C
barcode74_consensus_vsearch	1303	C	*/-T	439	19	4.09%	2	1	93	93	1.5764436472372235E-6	1	1	267	172	0	19	-T
barcode74_consensus_vsearch	1304	T	T	441	1	0.23%	2	1	93	93	0.5000000000008233	1	1	266	175	1	0	+CTT
barcode74_consensus_vsearch	1305	T	T	457	3	0.65%	2	1	93	93	0.12459194776934993	1	1	267	190	0	3	+CT
barcode74_consensus_vsearch	1306	T	T	453	5	1.07%	2	1	93	93	0.03090903105714376	1	1	257	196	5	0	+C
barcode74_consensus_vsearch	1307	C	C	456	4	0.86%	2	1	93	93	0.062092170262314485	1	1	266	190	0	4	-GG
barcode74_consensus_vsearch	1308	G	G	454	3	0.66%	2	1	93	93	0.12458926615549139	1	1	264	190	3	0	A
barcode74_consensus_vsearch	1309	G	G	460	1	0.22%	2	1	93	93	0.4999999999999138	1	1	269	191	0	1	+CT
barcode74_consensus_vsearch	1310	G	G	463	1	0.21%	2	1	93	93	0.4999999999990043	1	1	268	195	0	1	+C
barcode74_consensus_vsearch	1311	T	T	455	5	1.08%	2	2	93	93	0.03091051270694167	1	1	261	194	4	1	-C
barcode74_consensus_vsearch	1312	C	C	455	5	1.08%	2	1	93	93	0.03091051270694167	1	1	260	195	5	0	-GC
barcode74_consensus_vsearch	1313	G	G	452	5	1.09%	2	2	93	93	0.030908285371709306	1	1	261	191	1	4	A
barcode74_consensus_vsearch	1314	C	C	455	3	0.65%	2	1	93	93	0.12459016393415773	1	1	263	192	0	3	+A
barcode74_consensus_vsearch	1315	A	*/-C	434	22	4.73%	2	2	93	93	1.839378490089934E-7	1	1	254	180	10	12	-C
barcode74_consensus_vsearch	1316	C	C	438	3	0.68%	2	1	93	93	0.12457434733248252	1	1	257	181	0	3	A
barcode74_consensus_vsearch	1317	C	C	458	5	1.08%	2	1	93	93	0.030912711194453116	1	1	268	190	0	5	T
barcode74_consensus_vsearch	1318	C	*/-T	445	12	2.58%	2	2	93	93	2.269233384575168E-4	1	1	267	178	1	11	-T
barcode74_consensus_vsearch	1319	T	T	443	3	0.67%	2	2	93	93	0.12457912457918291	1	1	264	179	1	2	C
barcode74_consensus_vsearch	1320	A	A	453	4	0.87%	2	2	93	93	0.062089491585691256	1	1	263	190	1	3	G
barcode74_consensus_vsearch	1321	C	C	459	1	0.22%	2	1	93	93	0.4999999999999138	1	1	266	193	0	1	+T
barcode74_consensus_vsearch	1322	A	R	456	7	1.51%	2	2	93	93	0.007636094898325736	1	1	264	192	5	2	G
barcode74_consensus_vsearch	1323	T	T	461	1	0.22%	2	1	93	93	0.5000000000008233	1	1	268	193	1	0	-G
barcode74_consensus_vsearch	1324	G	G	453	6	1.29%	2	1	93	93	0.015370248813581264	1	1	260	193	6	0	A
barcode74_consensus_vsearch	1325	C	C	463	1	0.22%	2	1	93	93	0.4999999999990043	1	1	269	194	0	1	-T
barcode74_consensus_vsearch	1326	T	T	459	2	0.43%	2	1	93	93	0.2497285559174766	1	1	267	192	0	2	-C
barcode74_consensus_vsearch	1327	C	C	460	2	0.43%	2	1	93	93	0.24972914409526598	1	1	270	190	0	2	-T
barcode74_consensus_vsearch	1328	T	T	459	2	0.43%	2	2	93	93	0.2497285559174766	1	1	267	192	1	1	C
barcode74_consensus_vsearch	1329	A	A	457	4	0.86%	2	2	93	93	0.062093055403000016	1	1	265	192	3	1	+C
barcode74_consensus_vsearch	1330	C	C	460	1	0.22%	2	1	93	93	0.4999999999999138	1	1	267	193	1	0	+AC
barcode74_consensus_vsearch	1331	C	C	456	5	1.08%	2	2	93	93	0.030911248713682577	1	1	266	190	1	4	-T
barcode74_consensus_vsearch	1332	T	T	447	5	1.09%	2	2	93	93	0.030904507480949694	1	1	262	185	2	3	C
barcode74_consensus_vsearch	1333	C	C	449	3	0.65%	2	1	93	93	0.12458471760810089	1	1	262	187	3	0	-GC
barcode74_consensus_vsearch	1334	G	G	457	2	0.43%	2	1	93	93	0.24972737186467478	1	1	264	193	2	0	A
barcode74_consensus_vsearch	1335	C	*/-A	448	8	1.73%	2	2	93	93	0.0037871780401863946	1	1	261	187	4	4	-A
barcode74_consensus_vsearch	1336	A	A	447	3	0.66%	2	1	93	93	0.12458286985565502	1	1	263	184	0	3	-C
barcode74_consensus_vsearch	1337	C	C	444	6	1.3%	2	1	93	93	0.015365165262467001	1	1	260	184	6	0	+T
barcode74_consensus_vsearch	1338	A	*/-G	407	18	3.91%	2	1	93	93	3.1742267644279673E-6	1	1	250	157	0	18	-G
barcode74_consensus_vsearch	1339	G	G	441	3	0.67%	2	1	93	93	0.12457722660661777	1	1	270	171	0	3	A
barcode74_consensus_vsearch	1340	G	G	462	1	0.22%	2	1	93	93	0.4999999999990043	1	1	268	194	1	0	+AG
barcode74_consensus_vsearch	1341	G	G	462	2	0.43%	2	1	93	93	0.24973031283711408	1	1	266	196	2	0	A
barcode74_consensus_vsearch	1342	C	*/-G	413	45	9.66%	2	2	93	93	9.121981954966318E-15	1	1	264	149	5	40	-G
barcode74_consensus_vsearch	1343	G	R	404	12	2.86%	2	1	93	93	2.2527075525117761E-4	1	1	251	153	12	0	A
barcode74_consensus_vsearch	1344	G	G	460	2	0.43%	2	1	93	93	0.24972914409526598	1	1	266	194	2	0	A
barcode74_consensus_vsearch	1345	G	G	463	1	0.22%	2	1	93	93	0.4999999999990043	1	1	268	195	1	0	+T
barcode74_consensus_vsearch	1346	T	T	457	4	0.86%	2	2	93	93	0.062093055403000016	1	1	266	191	2	2	C
barcode74_consensus_vsearch	1347	G	G	461	4	0.86%	2	2	93	93	0.06209655787449625	1	1	266	195	3	1	-C
barcode74_consensus_vsearch	1348	C	C	459	2	0.43%	2	1	93	93	0.2497285559174766	1	1	264	195	2	0	T
barcode74_consensus_vsearch	1349	C	C	465	1	0.21%	2	1	93	93	0.5000000000008233	1	1	269	196	1	0	-ACC
barcode74_consensus_vsearch	1350	A	A	455	4	0.86%	2	2	93	93	0.062091281262886246	1	1	265	190	2	2	G
barcode74_consensus_vsearch	1351	C	C	459	1	0.22%	2	1	93	93	0.4999999999999138	1	1	268	191	0	1	+T
barcode74_consensus_vsearch	1352	C	Y	453	7	1.51%	2	1	93	93	0.00763494949227727	1	1	268	185	0	7	T
barcode74_consensus_vsearch	1353	G	G	462	1	0.22%	2	1	93	93	0.4999999999990043	1	1	269	193	0	1	-ACGCCG
barcode74_consensus_vsearch	1354	A	A	459	4	0.86%	2	2	93	93	0.06209481420755567	1	1	266	193	3	1	G
barcode74_consensus_vsearch	1355	C	C	460	3	0.65%	2	1	93	93	0.1245945945946921	1	1	268	192	0	3	T
barcode74_consensus_vsearch	1356	G	G	457	3	0.65%	2	1	93	93	0.12459194776934993	1	1	265	192	3	0	A
barcode74_consensus_vsearch	1357	C	C	462	0	0%	2	0	93	0	1.0	1	0	268	194	0	0	
barcode74_consensus_vsearch	1358	C	C	460	1	0.22%	2	1	93	93	0.4999999999999138	1	1	267	193	1	0	+A
barcode74_consensus_vsearch	1359	G	G	458	4	0.86%	2	1	93	93	0.06209393670973901	1	1	269	189	0	4	-TG
barcode74_consensus_vsearch	1360	T	T	455	3	0.65%	2	1	93	93	0.12459016393415773	1	1	267	188	0	3	C
barcode74_consensus_vsearch	1361	G	G	454	3	0.65%	2	2	93	93	0.12458926615549139	1	1	265	189	1	2	+TG
barcode74_consensus_vsearch	1362	A	*/-G	409	44	9.48%	2	2	93	93	1.897313111072439E-14	1	1	214	195	43	1	-G
barcode74_consensus_vsearch	1363	G	G	418	0	0%	2	0	93	0	1.0	1	0	223	195	0	0	
barcode74_consensus_vsearch	1364	G	G	456	4	0.87%	2	1	93	93	0.062092170262314485	1	1	261	195	4	0	+A
barcode74_consensus_vsearch	1365	G	G	460	2	0.43%	2	1	93	93	0.24972914409526598	1	1	266	194	2	0	+AG
barcode74_consensus_vsearch	1366	T	Y	456	8	1.72%	2	2	93	93	0.0037892164544094686	1	1	267	189	3	5	C
barcode74_consensus_vsearch	1367	T	T	459	3	0.64%	2	2	93	93	0.12459371614300269	1	1	265	194	2	1	C
barcode74_consensus_vsearch	1368	C	C	459	1	0.22%	2	1	93	93	0.4999999999999138	1	1	265	194	1	0	+AC
barcode74_consensus_vsearch	1369	G	G	458	2	0.43%	2	2	93	93	0.24972796517908835	1	1	265	193	1	1	-TG
barcode74_consensus_vsearch	1370	T	T	455	3	0.65%	2	1	93	93	0.12459016393415773	1	1	267	188	0	3	C
barcode74_consensus_vsearch	1371	G	G	462	1	0.22%	2	1	93	93	0.4999999999990043	1	1	269	193	0	1	+A
barcode74_consensus_vsearch	1372	G	*/-C	452	8	1.72%	2	1	93	93	0.0037882060460031454	1	1	266	186	0	8	-C
barcode74_consensus_vsearch	1373	C	C	452	3	0.66%	2	1	93	93	0.12458745874590603	1	1	269	183	0	3	T
barcode74_consensus_vsearch	1374	C	*/-T	430	29	6.24%	2	2	93	93	1.1799634239423985E-9	1	1	269	161	1	28	-T
barcode74_consensus_vsearch	1375	T	T	428	3	0.69%	2	2	93	93	0.12456445993035366	1	1	267	161	1	2	C
barcode74_consensus_vsearch	1376	T	*/-C	446	14	3.02%	2	2	93	93	5.520537128080094E-5	1	1	264	182	2	12	-C
barcode74_consensus_vsearch	1377	C	C	432	5	1.11%	2	1	93	93	0.03089265541177198	1	1	258	174	0	5	+T
barcode74_consensus_vsearch	1378	G	G	449	4	0.88%	2	1	93	93	0.06208586479697461	1	1	256	193	4	0	A
barcode74_consensus_vsearch	1379	C	*/-TT	435	8	1.74%	2	2	93	93	0.0037837097715777354	1	1	258	177	1	7	-TT
barcode74_consensus_vsearch	1380	T	T	443	4	0.89%	2	2	93	93	0.06208030284174911	1	1	264	179	3	1	C
barcode74_consensus_vsearch	1381	T	T	449	2	0.44%	2	1	93	93	0.24972253052152624	1	1	268	181	0	2	C
barcode74_consensus_vsearch	1382	T	T	445	6	1.3%	2	1	93	93	0.015365740098082468	1	1	266	179	0	6	-C
barcode74_consensus_vsearch	1383	C	C	450	3	0.65%	2	1	93	93	0.12458563535931859	1	1	265	185	3	0	-G
barcode74_consensus_vsearch	1384	G	G	457	3	0.65%	2	1	93	93	0.12459194776934993	1	1	264	193	3	0	A
barcode74_consensus_vsearch	1385	C	C	454	2	0.43%	2	1	93	93	0.2497255762896723	1	1	263	191	2	0	+TT
barcode74_consensus_vsearch	1386	T	T	454	2	0.44%	2	1	93	93	0.2497255762896723	1	1	264	190	2	0	C
barcode74_consensus_vsearch	1387	G	G	458	2	0.43%	2	2	93	93	0.24972796517908835	1	1	266	192	1	1	A
barcode74_consensus_vsearch	1388	C	C	455	2	0.43%	2	1	93	93	0.24972617743652814	1	1	267	188	0	2	+A
barcode74_consensus_vsearch	1389	G	G	454	5	1.08%	2	1	93	93	0.030909773495158815	1	1	267	187	0	5	-C
barcode74_consensus_vsearch	1390	C	C	453	4	0.87%	2	1	93	93	0.062089491585691256	1	1	268	185	0	4	+T
barcode74_consensus_vsearch	1391	C	C	463	1	0.22%	2	1	93	93	0.4999999999990043	1	1	269	194	1	0	-TCC
barcode74_consensus_vsearch	1392	T	*/-C	421	33	7.11%	2	2	93	93	6.368454101522375E-11	1	1	231	190	31	2	-C
barcode74_consensus_vsearch	1393	C	C	428	0	0%	2	0	93	0	1.0	1	0	238	190	0	0	
barcode74_consensus_vsearch	1394	C	*/-GG	431	20	4.34%	2	2	93	93	7.689356860960038E-7	1	1	262	169	2	18	-GG
barcode74_consensus_vsearch	1395	G	G	428	6	1.37%	2	1	93	93	0.015355608474412826	1	1	258	170	6	0	A
barcode74_consensus_vsearch	1396	G	G	442	2	0.45%	2	1	93	93	0.2497181510708481	1	1	265	177	2	0	A
barcode74_consensus_vsearch	1397	G	G	461	1	0.22%	2	1	93	93	0.5000000000008233	1	1	266	195	1	0	-A
barcode74_consensus_vsearch	1398	A	*/-T	435	25	5.39%	2	1	93	93	2.1317669098559165E-8	1	1	241	194	25	0	-T
barcode74_consensus_vsearch	1399	T	T	437	1	0.23%	2	1	93	93	0.4999999999999138	1	1	242	195	1	0	C
barcode74_consensus_vsearch	1400	T	T	459	2	0.43%	2	1	93	93	0.2497285559174766	1	1	264	195	2	0	C
barcode74_consensus_vsearch	1401	A	A	453	3	0.65%	2	1	93	93	0.12458836443458174	1	1	259	194	3	0	+C
barcode74_consensus_vsearch	1402	C	C	461	3	0.65%	2	2	93	93	0.12459546925571133	1	1	268	193	1	2	T
barcode74_consensus_vsearch	1403	A	R	451	12	2.58%	2	1	93	93	2.2714121785969555E-4	1	1	255	196	12	0	G
barcode74_consensus_vsearch	1404	G	G	459	3	0.64%	2	2	93	93	0.12459371614300269	1	1	265	194	2	1	+A
barcode74_consensus_vsearch	1405	T	*/-C	441	20	4.3%	2	2	93	93	7.72614023967414E-7	1	1	255	186	12	8	-C
barcode74_consensus_vsearch	1406	C	C	446	0	0%	2	0	93	0	1.0	1	0	258	188	0	0	
barcode74_consensus_vsearch	1407	C	C	454	6	1.29%	2	1	93	93	0.015370801400747822	1	1	264	190	0	6	+T
barcode74_consensus_vsearch	1408	C	*/-T	453	10	2.15%	2	2	93	93	9.297707531715176E-4	1	1	267	186	2	8	-T
barcode74_consensus_vsearch	1409	T	T	449	3	0.66%	2	2	93	93	0.12458471760810089	1	1	266	183	2	1	C
barcode74_consensus_vsearch	1410	T	*/-C	450	9	1.94%	2	2	93	93	0.0018773250232725807	1	1	266	184	3	6	-C
barcode74_consensus_vsearch	1411	C	C	444	4	0.88%	2	2	93	93	0.06208124018598929	1	1	261	183	2	2	+T
barcode74_consensus_vsearch	1412	G	G	465	0	0%	2	0	93	0	1.0	1	0	269	196	0	0	
barcode74_consensus_vsearch	1413	A	A	457	5	1.07%	2	2	93	93	0.030911981535900093	1	1	265	192	4	1	G
barcode74_consensus_vsearch	1414	C	C	462	2	0.43%	2	1	93	93	0.24973031283711408	1	1	269	193	0	2	-T
barcode74_consensus_vsearch	1415	T	T	458	3	0.65%	2	2	93	93	0.12459283387624695	1	1	267	191	1	2	C
barcode74_consensus_vsearch	1416	C	C	455	3	0.65%	2	1	93	93	0.12459016393415773	1	1	263	192	3	0	+AC
barcode74_consensus_vsearch	1417	G	G	462	1	0.22%	2	1	93	93	0.4999999999990043	1	1	266	196	1	0	+T
barcode74_consensus_vsearch	1418	C	C	460	2	0.43%	2	1	93	93	0.24972914409526598	1	1	264	196	2	0	T
barcode74_consensus_vsearch	1419	A	A	460	3	0.65%	2	2	93	93	0.1245945945946921	1	1	267	193	1	2	G
barcode74_consensus_vsearch	1420	T	T	457	6	1.29%	2	2	93	93	0.01537244487190259	1	1	265	192	2	4	C
barcode74_consensus_vsearch	1421	G	R	442	19	4.09%	2	1	93	93	1.578439962989293E-6	1	1	247	195	19	0	A
barcode74_consensus_vsearch	1422	C	*/-A	423	25	5.4%	2	1	93	93	2.1121828246927912E-8	1	1	229	194	25	0	-A
barcode74_consensus_vsearch	1423	A	A	433	2	0.46%	2	1	93	93	0.2497123130030455	1	1	238	195	2	0	G
barcode74_consensus_vsearch	1424	A	A	453	5	1.08%	2	1	93	93	0.03090903105714376	1	1	260	193	5	0	-G
barcode74_consensus_vsearch	1425	G	G	459	0	0%	2	0	93	0	1.0	1	0	265	194	0	0	
barcode74_consensus_vsearch	1426	G	G	463	2	0.43%	2	1	93	93	0.24973089343429802	1	1	268	195	2	0	-T
barcode74_consensus_vsearch	1427	T	T	461	2	0.43%	2	1	93	93	0.24972972972924576	1	1	268	193	0	2	-GC
barcode74_consensus_vsearch	1428	G	G	461	2	0.43%	2	1	93	93	0.24972972972924576	1	1	268	193	2	0	A
barcode74_consensus_vsearch	1429	C	*/-A	438	20	4.32%	2	1	93	93	7.715259321483055E-7	1	1	246	192	20	0	-A
barcode74_consensus_vsearch	1430	A	A	434	3	0.68%	2	1	93	93	0.12457044673541934	1	1	245	189	0	3	+G
barcode74_consensus_vsearch	1431	C	*/-T	441	13	2.8%	2	1	93	93	1.1188731357687094E-4	1	1	268	173	0	13	-T
barcode74_consensus_vsearch	1432	T	T	437	3	0.67%	2	2	93	93	0.12457337883968563	1	1	268	169	1	2	-C
barcode74_consensus_vsearch	1433	C	C	446	5	1.1%	2	1	93	93	0.030903741856461314	1	1	266	180	0	5	T
barcode74_consensus_vsearch	1434	C	C	454	4	0.86%	2	1	93	93	0.06209038837901774	1	1	270	184	0	4	-T
barcode74_consensus_vsearch	1435	T	T	454	3	0.65%	2	2	93	93	0.12458926615549139	1	1	268	186	1	2	C
barcode74_consensus_vsearch	1436	T	T	462	2	0.43%	2	1	93	93	0.24973031283711408	1	1	269	193	0	2	-G
barcode74_consensus_vsearch	1437	G	G	459	3	0.65%	2	1	93	93	0.12459371614300269	1	1	265	194	3	0	A
barcode74_consensus_vsearch	1438	G	R	458	7	1.5%	2	1	93	93	0.0076368503276010025	1	1	263	195	7	0	A
barcode74_consensus_vsearch	1439	T	T	455	6	1.29%	2	1	93	93	0.015371351595895005	1	1	259	196	6	0	+C
barcode74_consensus_vsearch	1440	C	C	458	2	0.43%	2	1	93	93	0.24972796517908835	1	1	263	195	2	0	T
barcode74_consensus_vsearch	1441	C	C	461	2	0.43%	2	2	93	93	0.24972972972924576	1	1	267	194	1	1	+A
barcode74_consensus_vsearch	1442	G	G	462	3	0.64%	2	2	93	93	0.12459634015068409	1	1	267	195	2	1	A
barcode74_consensus_vsearch	1443	T	T	459	1	0.21%	2	1	93	93	0.4999999999999138	1	1	268	191	1	0	+C
barcode74_consensus_vsearch	1444	G	G	449	6	1.29%	2	1	93	93	0.015368014229849866	1	1	259	190	6	0	+T
barcode74_consensus_vsearch	1445	T	Y	446	8	1.74%	2	2	93	93	0.0037866572939678073	1	1	264	182	3	5	C
barcode74_consensus_vsearch	1446	T	T	462	1	0.22%	2	1	93	93	0.4999999999990043	1	1	269	193	0	1	C
barcode74_consensus_vsearch	1447	T	Y	449	8	1.72%	2	2	93	93	0.0037874367164761535	1	1	259	190	6	2	C
barcode74_consensus_vsearch	1448	C	C	462	2	0.43%	2	1	93	93	0.24973031283711408	1	1	266	196	2	0	-A
barcode74_consensus_vsearch	1449	A	A	456	3	0.65%	2	2	93	93	0.12459105779723775	1	1	264	192	1	2	C
barcode74_consensus_vsearch	1450	A	A	461	3	0.64%	2	2	93	93	0.12459546925571133	1	1	267	194	2	1	G
barcode74_consensus_vsearch	1451	G	G	464	1	0.22%	2	1	93	93	0.4999999999999138	1	1	269	195	0	1	T
barcode74_consensus_vsearch	1452	A	A	459	4	0.86%	2	2	93	93	0.06209481420755567	1	1	265	194	3	1	G
barcode74_consensus_vsearch	1453	C	*/-G	450	10	2.15%	2	2	93	93	9.294699516735583E-4	1	1	268	182	1	9	-G
barcode74_consensus_vsearch	1454	G	R	445	8	1.75%	2	2	93	93	0.0037863952091791225	1	1	263	182	6	2	A
barcode74_consensus_vsearch	1455	G	G	464	2	0.43%	2	1	93	93	0.2497314715357706	1	1	270	194	0	2	A
barcode74_consensus_vsearch	1456	G	G	464	1	0.21%	2	1	93	93	0.4999999999999138	1	1	269	195	0	1	-C
barcode74_consensus_vsearch	1457	C	C	452	4	0.86%	2	2	93	93	0.062088590856761904	1	1	263	189	2	2	-G
barcode74_consensus_vsearch	1458	G	G	455	2	0.44%	2	1	93	93	0.24972617743652814	1	1	261	194	2	0	A
barcode74_consensus_vsearch	1459	G	G	457	3	0.65%	2	1	93	93	0.12459194776934993	1	1	261	196	3	0	+C
barcode74_consensus_vsearch	1460	C	C	456	2	0.43%	2	1	93	93	0.24972677595608425	1	1	262	194	0	2	T
barcode74_consensus_vsearch	1461	T	Y	457	7	1.51%	2	2	93	93	0.007636473423421301	1	1	265	192	3	4	C
barcode74_consensus_vsearch	1462	G	G	463	1	0.22%	2	1	93	93	0.4999999999990043	1	1	268	195	1	0	-A
barcode74_consensus_vsearch	1463	A	A	462	2	0.43%	2	2	93	93	0.24973031283711408	1	1	267	195	1	1	G
barcode74_consensus_vsearch	1464	C	C	456	5	1.08%	2	1	93	93	0.030911248713682577	1	1	266	190	0	5	-A
barcode74_consensus_vsearch	1465	A	A	458	2	0.43%	2	2	93	93	0.24972796517908835	1	1	269	189	1	1	G
barcode74_consensus_vsearch	1466	A	A	454	6	1.29%	2	1	93	93	0.015370801400747822	1	1	268	186	0	6	-T
barcode74_consensus_vsearch	1467	T	T	452	6	1.3%	2	1	93	93	0.015369693818747027	1	1	270	182	0	6	C
barcode74_consensus_vsearch	1468	C	C	458	2	0.43%	2	1	93	93	0.24972796517908835	1	1	266	192	2	0	-GC
barcode74_consensus_vsearch	1469	G	R	452	7	1.51%	2	2	93	93	0.007634564377795515	1	1	260	192	5	2	A
barcode74_consensus_vsearch	1470	C	*/+A	444	8	1.73%	2	2	93	93	0.0037861319732248877	1	1	260	184	3	5	+A
barcode74_consensus_vsearch	1471	A	A	458	2	0.43%	2	1	93	93	0.24972796517908835	1	1	266	192	2	0	+T
barcode74_consensus_vsearch	1472	A	A	461	2	0.43%	2	1	93	93	0.24972972972924576	1	1	267	194	2	0	-G
barcode74_consensus_vsearch	1473	G	G	460	1	0.22%	2	1	93	93	0.4999999999999138	1	1	267	193	0	1	+C
barcode74_consensus_vsearch	1474	A	A	454	6	1.29%	2	2	93	93	0.015370801400747822	1	1	263	191	5	1	G
barcode74_consensus_vsearch	1475	C	C	452	4	0.86%	2	1	93	93	0.062088590856761904	1	1	263	189	4	0	+A
barcode74_consensus_vsearch	1476	G	G	453	5	1.08%	2	1	93	93	0.03090903105714376	1	1	262	191	5	0	A
barcode74_consensus_vsearch	1477	C	C	457	4	0.86%	2	2	93	93	0.062093055403000016	1	1	265	192	2	2	-T
barcode74_consensus_vsearch	1478	T	T	456	3	0.65%	2	1	93	93	0.12459105779723775	1	1	264	192	3	0	+C
barcode74_consensus_vsearch	1479	C	C	461	2	0.43%	2	1	93	93	0.24972972972924576	1	1	267	194	2	0	+A
barcode74_consensus_vsearch	1480	A	A	462	4	0.86%	2	2	93	93	0.06209742409232364	1	1	267	195	3	1	G
barcode74_consensus_vsearch	1481	A	A	464	2	0.43%	2	2	93	93	0.2497314715357706	1	1	269	195	1	1	G
barcode74_consensus_vsearch	1482	A	A	462	2	0.43%	2	1	93	93	0.24973031283711408	1	1	267	195	2	0	G
barcode74_consensus_vsearch	1483	C	C	464	1	0.22%	2	1	93	93	0.4999999999999138	1	1	268	196	1	0	+GC
barcode74_consensus_vsearch	1484	A	R	453	11	2.36%	2	2	93	93	4.598704318567913E-4	1	1	259	194	9	2	G
barcode74_consensus_vsearch	1485	T	*/-C	429	28	6.01%	2	2	93	93	2.4319188303312163E-9	1	1	235	194	27	1	-C
barcode74_consensus_vsearch	1486	C	C	438	0	0%	2	0	93	0	1.0	1	0	243	195	0	0	
barcode74_consensus_vsearch	1487	C	*/-G	447	12	2.58%	2	2	93	93	2.2699658258221208E-4	1	1	263	184	1	11	-G
barcode74_consensus_vsearch	1488	G	G	445	3	0.67%	2	2	93	93	0.12458100558661131	1	1	263	182	1	2	A
barcode74_consensus_vsearch	1489	G	G	454	4	0.86%	2	1	93	93	0.06209038837901774	1	1	259	195	4	0	-AGAG
barcode74_consensus_vsearch	1490	A	A	443	6	1.32%	2	1	93	93	0.015364587872107325	1	1	249	194	6	0	-G
barcode74_consensus_vsearch	1491	G	*/-AG	417	26	5.74%	2	2	93	93	1.0213359333062522E-8	1	1	227	190	21	5	-AG
barcode74_consensus_vsearch	1492	A	*/-G	406	17	3.96%	2	2	93	93	6.475614813585104E-6	1	1	221	185	15	2	-G
barcode74_consensus_vsearch	1493	G	G	410	6	1.44%	2	1	93	93	0.015343980527737108	1	1	223	187	6	0	A
barcode74_consensus_vsearch	1494	G	G	461	1	0.22%	2	1	93	93	0.5000000000008233	1	1	268	193	0	1	+C
barcode74_consensus_vsearch	1495	C	*/-T	456	8	1.72%	2	1	93	93	0.0037892164544094686	1	1	270	186	0	8	-T
barcode74_consensus_vsearch	1496	T	T	444	6	1.31%	2	2	93	93	0.015365165262467001	1	1	261	183	2	4	C
barcode74_consensus_vsearch	1497	C	C	459	1	0.22%	2	1	93	93	0.4999999999999138	1	1	265	194	0	1	T
barcode74_consensus_vsearch	1498	C	C	465	0	0%	2	0	93	0	1.0	1	0	269	196	0	0	
barcode74_consensus_vsearch	1499	A	A	462	1	0.22%	2	1	93	93	0.4999999999990043	1	1	267	195	0	1	+T
barcode74_consensus_vsearch	1500	C	C	459	3	0.64%	2	2	93	93	0.12459371614300269	1	1	266	193	2	1	-T
barcode74_consensus_vsearch	1501	T	Y	451	7	1.52%	2	1	93	93	0.007634177589087493	1	1	266	185	0	7	C
barcode74_consensus_vsearch	1502	G	G	461	1	0.22%	2	1	93	93	0.5000000000008233	1	1	267	194	1	0	A
barcode74_consensus_vsearch	1503	G	G	463	1	0.21%	2	1	93	93	0.4999999999990043	1	1	269	194	0	1	+A
barcode74_consensus_vsearch	1504	C	C	450	6	1.29%	2	1	93	93	0.01536857654288441	1	1	263	187	0	6	+A
barcode74_consensus_vsearch	1505	A	*/-C	410	36	7.83%	2	2	93	93	6.972406966269475E-12	1	1	237	173	15	21	-C
barcode74_consensus_vsearch	1506	C	Y	401	9	2.17%	2	1	93	93	0.0018683721996632116	1	1	241	160	0	9	T
barcode74_consensus_vsearch	1507	C	Y	438	13	2.86%	2	1	93	93	1.1182158871350396E-4	1	1	256	182	0	13	T
barcode74_consensus_vsearch	1508	C	Y	412	38	8.19%	2	1	93	93	1.6097825698919589E-12	1	1	265	147	0	38	T
barcode74_consensus_vsearch	1509	G	K	411	21	4.64%	2	1	93	93	3.7173750638657204E-7	1	1	248	163	0	21	T
barcode74_consensus_vsearch	1510	G	G	455	3	0.65%	2	1	93	93	0.12459016393415773	1	1	263	192	3	0	+AG
barcode74_consensus_vsearch	1511	G	G	462	2	0.43%	2	1	93	93	0.24973031283711408	1	1	267	195	2	0	A
barcode74_consensus_vsearch	1512	C	C	457	3	0.64%	2	2	93	93	0.12459194776934993	1	1	265	192	1	2	T
barcode74_consensus_vsearch	1513	T	T	456	4	0.87%	2	2	93	93	0.062092170262314485	1	1	265	191	3	1	C
barcode74_consensus_vsearch	1514	G	G	461	3	0.65%	2	2	93	93	0.12459546925571133	1	1	269	192	1	2	A
barcode74_consensus_vsearch	1515	C	C	463	1	0.21%	2	1	93	93	0.4999999999990043	1	1	269	194	1	0	-AA
barcode74_consensus_vsearch	1516	A	A	463	1	0.22%	2	1	93	93	0.4999999999990043	1	1	269	194	0	1	+C
barcode74_consensus_vsearch	1517	A	R	456	7	1.51%	2	2	93	93	0.007636094898325736	1	1	261	195	6	1	G
barcode74_consensus_vsearch	1518	C	C	460	4	0.86%	2	1	93	93	0.062095687920911566	1	1	265	195	4	0	-AC
barcode74_consensus_vsearch	1519	A	A	454	5	1.08%	2	1	93	93	0.030909773495158815	1	1	258	196	5	0	G
barcode74_consensus_vsearch	1520	C	C	456	2	0.43%	2	1	93	93	0.24972677595608425	1	1	263	193	0	2	-T
barcode74_consensus_vsearch	1521	T	*/-G	441	16	3.45%	2	1	93	93	1.3351025063092043E-5	1	1	266	175	0	16	-G
barcode74_consensus_vsearch	1522	G	G	449	1	0.22%	2	1	93	93	0.4999999999990043	1	1	269	180	1	0	A
barcode74_consensus_vsearch	1523	G	G	462	2	0.43%	2	2	93	93	0.24973031283711408	1	1	267	195	1	1	A
barcode74_consensus_vsearch	1524	A	A	462	1	0.22%	2	1	93	93	0.4999999999990043	1	1	267	195	1	0	+G
barcode74_consensus_vsearch	1525	C	C	462	2	0.43%	2	2	93	93	0.24973031283711408	1	1	268	194	1	1	+G
barcode74_consensus_vsearch	1526	G	G	462	1	0.22%	2	1	93	93	0.4999999999990043	1	1	269	193	0	1	A
barcode74_consensus_vsearch	1527	G	G	460	3	0.65%	2	1	93	93	0.1245945945946921	1	1	269	191	0	3	A
barcode74_consensus_vsearch	1528	A	A	463	1	0.22%	2	1	93	93	0.4999999999990043	1	1	268	195	1	0	G
barcode74_consensus_vsearch	1529	T	*/-C	376	85	18.24%	2	1	93	93	3.614398957993105E-28	1	1	182	194	85	0	-C
barcode74_consensus_vsearch	1530	C	C	376	2	0.52%	2	1	93	93	0.2496688741720519	1	1	181	195	2	0	+GA
barcode74_consensus_vsearch	1531	C	C	460	3	0.64%	2	1	93	93	0.1245945945946921	1	1	266	194	3	0	A
barcode74_consensus_vsearch	1532	A	A	460	3	0.65%	2	1	93	93	0.1245945945946921	1	1	265	195	3	0	G
barcode74_consensus_vsearch	1533	G	G	459	3	0.65%	2	1	93	93	0.12459371614300269	1	1	264	195	3	0	A
barcode74_consensus_vsearch	1534	C	C	454	5	1.08%	2	2	93	93	0.030909773495158815	1	1	266	188	1	4	T
barcode74_consensus_vsearch	1535	T	T	447	6	1.3%	2	2	93	93	0.015366882172830807	1	1	258	189	3	3	C
barcode74_consensus_vsearch	1536	G	G	456	2	0.43%	2	1	93	93	0.24972677595608425	1	1	263	193	0	2	-A
barcode74_consensus_vsearch	1537	A	A	459	2	0.43%	2	2	93	93	0.2497285559174766	1	1	266	193	1	1	G
barcode74_consensus_vsearch	1538	A	A	459	2	0.43%	2	1	93	93	0.2497285559174766	1	1	265	194	2	0	+T
barcode74_consensus_vsearch	1539	T	T	457	4	0.86%	2	2	93	93	0.062093055403000016	1	1	267	190	1	3	C
barcode74_consensus_vsearch	1540	T	*/-C	411	24	5.16%	2	2	93	93	4.3019061497432856E-8	1	1	232	179	16	8	-C
barcode74_consensus_vsearch	1541	C	C	415	1	0.24%	2	1	93	93	0.4999999999990043	1	1	235	180	0	1	+T
barcode74_consensus_vsearch	1542	C	C	433	4	0.91%	2	1	93	93	0.06207069332172113	1	1	250	183	0	4	T
barcode74_consensus_vsearch	1543	C	*/-G	422	18	3.88%	2	1	93	93	3.1945872707708225E-6	1	1	248	174	18	0	-G
barcode74_consensus_vsearch	1544	G	*/-A	417	15	3.36%	2	1	93	93	2.69691812291492E-5	1	1	221	196	15	0	-A
barcode74_consensus_vsearch	1545	A	*/-G	432	8	1.78%	2	1	93	93	0.0037828805172695963	1	1	239	193	8	0	-G
barcode74_consensus_vsearch	1546	G	G	452	1	0.22%	2	1	93	93	0.4999999999999138	1	1	257	195	1	0	+A
barcode74_consensus_vsearch	1547	G	*/-C	452	7	1.51%	2	1	93	93	0.007634564377795515	1	1	258	194	7	0	-C
barcode74_consensus_vsearch	1548	C	C	455	1	0.22%	2	1	93	93	0.4999999999999138	1	1	260	195	1	0	A
barcode74_consensus_vsearch	1549	C	C	463	2	0.43%	2	1	93	93	0.24973089343429802	1	1	269	194	0	2	+T
barcode74_consensus_vsearch	1550	C	C	463	1	0.21%	2	1	93	93	0.4999999999990043	1	1	269	194	0	1	-T
barcode74_consensus_vsearch	1551	T	Y	446	13	2.8%	2	1	93	93	1.1199500266454E-4	1	1	267	179	0	13	C
barcode74_consensus_vsearch	1552	G	G	453	5	1.07%	2	2	93	93	0.03090903105714376	1	1	260	193	3	2	A
barcode74_consensus_vsearch	1553	T	T	462	3	0.64%	2	2	93	93	0.12459634015068409	1	1	269	193	1	2	C
barcode74_consensus_vsearch	1554	T	T	457	3	0.64%	2	2	93	93	0.12459194776934993	1	1	265	192	1	2	-C
barcode74_consensus_vsearch	1555	C	C	457	2	0.43%	2	2	93	93	0.24972737186467478	1	1	266	191	1	1	T
barcode74_consensus_vsearch	1556	T	*/-C	425	22	4.75%	2	2	93	93	1.82955822830081E-7	1	1	251	174	7	15	-C
barcode74_consensus_vsearch	1557	C	C	437	1	0.23%	2	1	93	93	0.4999999999999138	1	1	259	178	0	1	+TC
barcode74_consensus_vsearch	1558	C	C	459	2	0.43%	2	2	93	93	0.2497285559174766	1	1	266	193	1	1	T
barcode74_consensus_vsearch	1559	C	C	462	1	0.22%	2	1	93	93	0.4999999999990043	1	1	266	196	1	0	A
barcode74_consensus_vsearch	1560	C	C	464	2	0.43%	2	1	93	93	0.2497314715357706	1	1	270	194	0	2	T
barcode74_consensus_vsearch	1561	A	A	464	1	0.21%	2	1	93	93	0.4999999999999138	1	1	268	196	1	0	+CA
barcode74_consensus_vsearch	1562	T	*/-C	444	16	3.43%	2	1	93	93	1.3362860290595994E-5	1	1	249	195	16	0	-C
barcode74_consensus_vsearch	1563	C	C	450	0	0%	2	0	93	0	1.0	1	0	254	196	0	0	
barcode74_consensus_vsearch	1564	C	C	458	5	1.07%	2	1	93	93	0.030912711194453116	1	1	269	189	0	5	+G
barcode74_consensus_vsearch	1565	G	G	462	1	0.22%	2	1	93	93	0.4999999999990043	1	1	269	193	0	1	-A
barcode74_consensus_vsearch	1566	A	A	460	3	0.65%	2	1	93	93	0.1245945945946921	1	1	267	193	3	0	G
barcode74_consensus_vsearch	1567	A	A	461	1	0.22%	2	1	93	93	0.5000000000008233	1	1	269	192	1	0	-T
barcode74_consensus_vsearch	1568	T	T	451	3	0.65%	2	2	93	93	0.12458654906280954	1	1	264	187	2	1	+G
barcode74_consensus_vsearch	1569	G	G	453	1	0.22%	2	1	93	93	0.4999999999990043	1	1	265	188	1	0	+A
barcode74_consensus_vsearch	1570	G	G	450	6	1.3%	2	2	93	93	0.01536857654288441	1	1	261	189	5	1	-A
barcode74_consensus_vsearch	1571	A	A	444	5	1.1%	2	2	93	93	0.03090220038242228	1	1	257	187	1	4	G
barcode74_consensus_vsearch	1572	A	A	458	3	0.65%	2	2	93	93	0.12459283387624695	1	1	266	192	2	1	G
barcode74_consensus_vsearch	1573	G	G	464	1	0.22%	2	1	93	93	0.4999999999999138	1	1	269	195	1	0	-C
barcode74_consensus_vsearch	1574	C	C	457	3	0.65%	2	2	93	93	0.12459194776934993	1	1	265	192	1	2	T
barcode74_consensus_vsearch	1575	A	A	458	3	0.65%	2	1	93	93	0.12459283387624695	1	1	267	191	0	3	+T
barcode74_consensus_vsearch	1576	C	*/+AC	448	11	2.38%	2	1	93	93	4.59566741968889E-4	1	1	254	194	11	0	+AC
barcode74_consensus_vsearch	1577	G	G	461	2	0.43%	2	1	93	93	0.24972972972924576	1	1	267	194	2	0	-C
barcode74_consensus_vsearch	1578	C	C	456	4	0.86%	2	2	93	93	0.062092170262314485	1	1	265	191	2	2	T
barcode74_consensus_vsearch	1579	C	Y	451	12	2.58%	2	1	93	93	2.2714121785969555E-4	1	1	269	182	0	12	T
barcode74_consensus_vsearch	1580	G	G	457	3	0.65%	2	1	93	93	0.12459194776934993	1	1	265	192	3	0	+T
barcode74_consensus_vsearch	1581	T	Y	451	8	1.73%	2	1	93	93	0.0037879507121486144	1	1	268	183	0	8	C
barcode74_consensus_vsearch	1582	T	Y	454	7	1.51%	2	1	93	93	0.007635332943374405	1	1	267	187	0	7	C
barcode74_consensus_vsearch	1583	T	Y	273	182	39.14%	2	2	93	93	1.946194532450157E-65	1	1	171	102	93	89	C
barcode74_consensus_vsearch	1584	G	R	452	7	1.51%	2	2	93	93	0.007634564377795515	1	1	260	192	6	1	A
barcode74_consensus_vsearch	1585	C	C	449	4	0.86%	2	2	93	93	0.06208586479697461	1	1	260	189	3	1	+A
barcode74_consensus_vsearch	1586	A	A	457	3	0.65%	2	2	93	93	0.12459194776934993	1	1	265	192	1	2	G
barcode74_consensus_vsearch	1587	A	A	460	5	1.08%	2	2	93	93	0.03091416110165428	1	1	268	192	2	3	G
barcode74_consensus_vsearch	1588	G	G	461	3	0.65%	2	1	93	93	0.12459546925571133	1	1	267	194	3	0	A
barcode74_consensus_vsearch	1589	C	C	462	1	0.22%	2	1	93	93	0.4999999999990043	1	1	270	192	0	1	-A
barcode74_consensus_vsearch	1590	A	A	460	2	0.43%	2	1	93	93	0.24972914409526598	1	1	266	194	2	0	G
barcode74_consensus_vsearch	1591	C	C	460	1	0.22%	2	1	93	93	0.4999999999999138	1	1	264	196	1	0	+A
barcode74_consensus_vsearch	1592	A	A	457	4	0.86%	2	2	93	93	0.062093055403000016	1	1	263	194	2	2	G
barcode74_consensus_vsearch	1593	G	G	461	2	0.43%	2	1	93	93	0.24972972972924576	1	1	266	195	2	0	A
barcode74_consensus_vsearch	1594	C	C	460	2	0.43%	2	2	93	93	0.24972914409526598	1	1	265	195	1	1	-A
barcode74_consensus_vsearch	1595	A	A	452	6	1.3%	2	1	93	93	0.015369693818747027	1	1	258	194	6	0	+GCA
barcode74_consensus_vsearch	1596	C	C	461	1	0.22%	2	1	93	93	0.5000000000008233	1	1	266	195	1	0	+T
barcode74_consensus_vsearch	1597	T	T	446	6	1.29%	2	2	93	93	0.015366312395967143	1	1	263	183	4	2	+A
barcode74_consensus_vsearch	1598	A	A	460	1	0.22%	2	1	93	93	0.4999999999999138	1	1	268	192	0	1	+G
barcode74_consensus_vsearch	1599	A	A	458	3	0.65%	2	2	93	93	0.12459283387624695	1	1	267	191	1	2	G
barcode74_consensus_vsearch	1600	A	A	465	1	0.21%	2	1	93	93	0.5000000000008233	1	1	270	195	0	1	G
barcode74_consensus_vsearch	1601	G	G	464	1	0.21%	2	1	93	93	0.4999999999999138	1	1	269	195	0	1	-C
barcode74_consensus_vsearch	1602	C	C	459	3	0.65%	2	1	93	93	0.12459371614300269	1	1	264	195	3	0	-AC
barcode74_consensus_vsearch	1603	A	A	461	1	0.22%	2	1	93	93	0.5000000000008233	1	1	266	195	0	1	+T
barcode74_consensus_vsearch	1604	C	C	461	1	0.22%	2	1	93	93	0.5000000000008233	1	1	266	195	0	1	+G
barcode74_consensus_vsearch	1605	G	G	465	0	0%	2	0	93	0	1.0	1	0	269	196	0	0	
barcode74_consensus_vsearch	1606	C	*/-GC	456	7	1.51%	2	2	93	93	0.007636094898325736	1	1	263	193	5	2	-GC
barcode74_consensus_vsearch	1607	G	G	455	2	0.44%	2	1	93	93	0.24972617743652814	1	1	262	193	2	0	A
barcode74_consensus_vsearch	1608	C	C	449	4	0.87%	2	2	93	93	0.06208586479697461	1	1	259	190	3	1	+GC
barcode74_consensus_vsearch	1609	A	A	456	4	0.87%	2	2	93	93	0.062092170262314485	1	1	263	193	2	2	G
barcode74_consensus_vsearch	1610	A	R	456	7	1.5%	2	2	93	93	0.007636094898325736	1	1	262	194	6	1	G
barcode74_consensus_vsearch	1611	G	R	451	10	2.16%	2	1	93	93	9.295706475538195E-4	1	1	258	193	10	0	A
barcode74_consensus_vsearch	1612	C	C	442	6	1.29%	2	1	93	93	0.015364007910021836	1	1	253	189	6	0	-A
barcode74_consensus_vsearch	1613	A	R	291	160	34.86%	2	2	93	93	2.1720330872510633E-56	1	1	187	104	69	91	G
barcode74_consensus_vsearch	1614	A	R	411	40	8.58%	2	2	93	93	3.6805239666676627E-13	1	1	218	193	39	1	G
barcode74_consensus_vsearch	1615	C	Y	435	15	3.22%	2	2	93	93	2.7105062507766323E-5	1	1	244	191	11	4	T
barcode74_consensus_vsearch	1616	A	R	436	7	1.51%	2	1	93	93	0.007628167177128368	1	1	246	190	7	0	G
barcode74_consensus_vsearch	1617	C	C	435	6	1.32%	2	2	93	93	0.015359874699953162	1	1	249	186	3	3	T
barcode74_consensus_vsearch	1618	A	A	450	4	0.88%	2	2	93	93	0.062086777488655716	1	1	262	188	2	2	G
barcode74_consensus_vsearch	1619	A	A	454	6	1.29%	2	2	93	93	0.015370801400747822	1	1	261	193	5	1	-G
barcode74_consensus_vsearch	1620	G	R	432	21	4.6%	2	1	93	93	3.761544365673065E-7	1	1	239	193	21	0	A
barcode74_consensus_vsearch	1621	C	C	449	3	0.65%	2	1	93	93	0.12458471760810089	1	1	257	192	3	0	-A
barcode74_consensus_vsearch	1622	A	A	456	2	0.44%	2	2	93	93	0.24972677595608425	1	1	262	194	1	1	G
barcode74_consensus_vsearch	1623	A	A	456	4	0.86%	2	2	93	93	0.062092170262314485	1	1	266	190	1	3	-T
barcode74_consensus_vsearch	1624	T	*/-C	397	56	12.15%	2	2	93	93	2.2666510340986367E-18	1	1	212	185	49	7	-C
barcode74_consensus_vsearch	1625	C	C	403	0	0%	2	0	93	0	1.0	1	0	214	189	0	0	
barcode74_consensus_vsearch	1626	C	C	455	4	0.87%	2	1	93	93	0.062091281262886246	1	1	263	192	0	4	T
barcode74_consensus_vsearch	1627	C	Y	450	8	1.74%	2	2	93	93	0.003787694271375089	1	1	260	190	2	6	T
barcode74_consensus_vsearch	1628	C	C	457	2	0.43%	2	1	93	93	0.24972737186467478	1	1	263	194	2	0	A
barcode74_consensus_vsearch	1629	A	A	463	2	0.43%	2	2	93	93	0.24973089343429802	1	1	268	195	1	1	G
barcode74_consensus_vsearch	1630	G	*/+C	440	8	1.72%	2	2	93	93	0.0037850673649748043	1	1	248	192	7	1	+C
barcode74_consensus_vsearch	1631	C	C	454	6	1.3%	2	1	93	93	0.015370801400747822	1	1	266	188	0	6	+T
barcode74_consensus_vsearch	1632	C	C	463	1	0.22%	2	1	93	93	0.4999999999990043	1	1	268	195	1	0	+A
barcode74_consensus_vsearch	1633	C	*/-T	453	8	1.72%	2	2	93	93	0.003788460280099838	1	1	267	186	1	7	-T
barcode74_consensus_vsearch	1634	T	T	445	6	1.31%	2	1	93	93	0.015365740098082468	1	1	261	184	6	0	A
barcode74_consensus_vsearch	1635	T	T	455	6	1.29%	2	2	93	93	0.015371351595895005	1	1	266	189	3	3	C
barcode74_consensus_vsearch	1636	A	A	463	2	0.43%	2	1	93	93	0.24973089343429802	1	1	268	195	2	0	G
barcode74_consensus_vsearch	1637	T	*/-CC	448	10	2.15%	2	1	93	93	9.292672599433581E-4	1	1	254	194	10	0	-CC
barcode74_consensus_vsearch	1638	C	C	450	1	0.22%	2	1	93	93	0.5000000000008233	1	1	256	194	0	1	+ATC
barcode74_consensus_vsearch	1639	C	C	454	1	0.22%	2	1	93	93	0.4999999999999138	1	1	259	195	1	0	G
barcode74_consensus_vsearch	1640	C	C	455	3	0.64%	2	1	93	93	0.12459016393415773	1	1	260	195	3	0	-A
barcode74_consensus_vsearch	1641	A	A	457	3	0.65%	2	1	93	93	0.12459194776934993	1	1	263	194	3	0	G
barcode74_consensus_vsearch	1642	G	G	457	2	0.43%	2	1	93	93	0.24972737186467478	1	1	263	194	2	0	-TA
barcode74_consensus_vsearch	1643	T	T	454	5	1.08%	2	1	93	93	0.030909773495158815	1	1	260	194	5	0	+A
barcode74_consensus_vsearch	1644	A	A	458	4	0.86%	2	1	93	93	0.06209393670973901	1	1	263	195	4	0	G
barcode74_consensus_vsearch	1645	G	G	463	1	0.22%	2	1	93	93	0.4999999999990043	1	1	269	194	1	0	+C
barcode74_consensus_vsearch	1646	C	*/-GC	454	7	1.5%	2	1	93	93	0.007635332943374405	1	1	268	186	0	7	-GC
barcode74_consensus_vsearch	1647	G	G	451	3	0.66%	2	1	93	93	0.12458654906280954	1	1	264	187	3	0	A
barcode74_consensus_vsearch	1648	C	C	444	5	1.09%	2	2	93	93	0.03090220038242228	1	1	262	182	2	3	-T
barcode74_consensus_vsearch	1649	T	T	455	3	0.66%	2	2	93	93	0.12459016393415773	1	1	266	189	1	2	C
barcode74_consensus_vsearch	1650	T	T	462	2	0.43%	2	1	93	93	0.24973031283711408	1	1	267	195	2	0	C
barcode74_consensus_vsearch	1651	T	T	455	4	0.86%	2	2	93	93	0.062091281262886246	1	1	264	191	3	1	C
barcode74_consensus_vsearch	1652	C	*/-A	449	8	1.72%	2	1	93	93	0.0037874367164761535	1	1	257	192	8	0	-A
barcode74_consensus_vsearch	1653	A	A	449	3	0.66%	2	2	93	93	0.12458471760810089	1	1	256	193	2	1	G
barcode74_consensus_vsearch	1654	C	C	460	1	0.22%	2	1	93	93	0.4999999999999138	1	1	265	195	1	0	+AC
barcode74_consensus_vsearch	1655	T	T	459	5	1.08%	2	2	93	93	0.030913437709528726	1	1	269	190	1	4	C
barcode74_consensus_vsearch	1656	G	G	462	3	0.64%	2	2	93	93	0.12459634015068409	1	1	268	194	2	1	-CTG
barcode74_consensus_vsearch	1657	C	C	460	2	0.43%	2	2	93	93	0.24972914409526598	1	1	267	193	1	1	T
barcode74_consensus_vsearch	1658	T	T	455	5	1.08%	2	2	93	93	0.03091051270694167	1	1	266	189	1	4	C
barcode74_consensus_vsearch	1659	G	G	458	2	0.43%	2	1	93	93	0.24972796517908835	1	1	265	193	2	0	-T
barcode74_consensus_vsearch	1660	T	T	457	5	1.08%	2	2	93	93	0.030911981535900093	1	1	265	192	3	2	C
barcode74_consensus_vsearch	1661	T	T	462	2	0.43%	2	2	93	93	0.24973031283711408	1	1	268	194	1	1	C
barcode74_consensus_vsearch	1662	T	T	458	3	0.64%	2	1	93	93	0.12459283387624695	1	1	263	195	3	0	+C
barcode74_consensus_vsearch	1663	C	C	460	3	0.65%	2	1	93	93	0.1245945945946921	1	1	266	194	3	0	-A
barcode74_consensus_vsearch	1664	A	A	461	2	0.43%	2	1	93	93	0.24972972972924576	1	1	265	196	2	0	G
barcode74_consensus_vsearch	1665	A	R	441	19	4.08%	2	1	93	93	1.577777197502355E-6	1	1	247	194	19	0	G
barcode74_consensus_vsearch	1666	C	C	456	3	0.65%	2	1	93	93	0.12459105779723775	1	1	264	192	3	0	G
barcode74_consensus_vsearch	1667	C	C	465	1	0.21%	2	1	93	93	0.5000000000008233	1	1	269	196	1	0	+A
barcode74_consensus_vsearch	1668	C	C	465	1	0.21%	2	1	93	93	0.5000000000008233	1	1	270	195	0	1	T
barcode74_consensus_vsearch	1669	A	A	463	1	0.21%	2	1	93	93	0.4999999999990043	1	1	268	195	1	0	+T
barcode74_consensus_vsearch	1670	T	T	460	5	1.08%	2	2	93	93	0.03091416110165428	1	1	269	191	1	4	C
barcode74_consensus_vsearch	1671	T	T	462	3	0.64%	2	2	93	93	0.12459634015068409	1	1	267	195	2	1	C
barcode74_consensus_vsearch	1672	C	C	461	2	0.43%	2	2	93	93	0.24972972972924576	1	1	266	195	1	1	-T
barcode74_consensus_vsearch	1673	T	T	452	5	1.08%	2	2	93	93	0.030908285371709306	1	1	261	191	3	2	C
barcode74_consensus_vsearch	1674	G	G	459	3	0.65%	2	1	93	93	0.12459371614300269	1	1	264	195	3	0	C
barcode74_consensus_vsearch	1675	C	C	460	2	0.43%	2	1	93	93	0.24972914409526598	1	1	266	194	2	0	T
barcode74_consensus_vsearch	1676	A	A	459	3	0.65%	2	1	93	93	0.12459371614300269	1	1	265	194	3	0	G
barcode74_consensus_vsearch	1677	T	*/+A	452	7	1.51%	2	1	93	93	0.007634564377795515	1	1	258	194	7	0	+A
barcode74_consensus_vsearch	1678	G	R	455	7	1.51%	2	1	93	93	0.007635714741848557	1	1	260	195	7	0	A
barcode74_consensus_vsearch	1679	G	K	450	8	1.72%	2	1	93	93	0.003787694271375089	1	1	254	196	8	0	T
barcode74_consensus_vsearch	1680	T	T	459	5	1.08%	2	2	93	93	0.030913437709528726	1	1	266	193	2	3	C
barcode74_consensus_vsearch	1681	T	T	460	2	0.43%	2	1	93	93	0.24972914409526598	1	1	266	194	2	0	+G
barcode74_consensus_vsearch	1682	G	G	461	2	0.43%	2	1	93	93	0.24972972972924576	1	1	265	196	2	0	A
barcode74_consensus_vsearch	1683	C	*/-T	418	28	6.02%	2	2	93	93	2.4056598151470424E-9	1	1	228	190	23	5	-T
barcode74_consensus_vsearch	1684	T	T	433	4	0.91%	2	1	93	93	0.06207069332172113	1	1	242	191	4	0	C
barcode74_consensus_vsearch	1685	T	T	461	5	1.07%	2	2	93	93	0.030914881390741465	1	1	268	193	2	3	C
barcode74_consensus_vsearch	1686	T	T	462	3	0.64%	2	2	93	93	0.12459634015068409	1	1	269	193	1	2	C
barcode74_consensus_vsearch	1687	T	T	458	4	0.86%	2	2	93	93	0.06209393670973901	1	1	264	194	2	2	C
barcode74_consensus_vsearch	1688	C	C	459	3	0.65%	2	1	93	93	0.12459371614300269	1	1	264	195	3	0	+T
barcode74_consensus_vsearch	1689	A	*/-C	448	7	1.51%	2	2	93	93	0.00763300706774014	1	1	254	194	6	1	-C
barcode74_consensus_vsearch	1690	C	C	455	2	0.44%	2	2	93	93	0.24972617743652814	1	1	263	192	1	1	T
barcode74_consensus_vsearch	1691	C	*/-T	438	21	4.51%	2	2	93	93	3.7734937902759485E-7	1	1	262	176	2	19	-T
barcode74_consensus_vsearch	1692	T	T	442	1	0.23%	2	1	93	93	0.4999999999990043	1	1	265	177	1	0	A
barcode74_consensus_vsearch	1693	T	T	461	2	0.43%	2	1	93	93	0.24972972972924576	1	1	267	194	0	2	+C
barcode74_consensus_vsearch	1694	T	*/-C	380	40	8.58%	2	2	93	93	3.431277444385522E-13	1	1	239	141	14	26	-C
barcode74_consensus_vsearch	1695	C	C	421	1	0.24%	2	1	93	93	0.4999999999999138	1	1	255	166	0	1	T
barcode74_consensus_vsearch	1696	C	C	459	1	0.22%	2	1	93	93	0.4999999999999138	1	1	267	192	1	0	+A
barcode74_consensus_vsearch	1697	C	C	460	2	0.43%	2	1	93	93	0.24972914409526598	1	1	268	192	0	2	-T
barcode74_consensus_vsearch	1698	T	T	456	4	0.86%	2	2	93	93	0.062092170262314485	1	1	264	192	3	1	-C
barcode74_consensus_vsearch	1699	C	C	452	3	0.65%	2	1	93	93	0.12458745874590603	1	1	262	190	0	3	G
barcode74_consensus_vsearch	1700	G	G	454	6	1.29%	2	2	93	93	0.015370801400747822	1	1	260	194	5	1	A
barcode74_consensus_vsearch	1701	C	C	454	6	1.29%	2	2	93	93	0.015370801400747822	1	1	261	193	4	2	T
barcode74_consensus_vsearch	1702	G	G	461	1	0.22%	2	1	93	93	0.5000000000008233	1	1	267	194	1	0	+CG
barcode74_consensus_vsearch	1703	G	G	461	3	0.65%	2	1	93	93	0.12459546925571133	1	1	265	196	3	0	T
barcode74_consensus_vsearch	1704	T	T	463	2	0.43%	2	2	93	93	0.24973089343429802	1	1	268	195	1	1	C
barcode74_consensus_vsearch	1705	A	A	456	6	1.29%	2	2	93	93	0.015371899414478795	1	1	264	192	3	3	G
barcode74_consensus_vsearch	1706	C	C	455	3	0.65%	2	2	93	93	0.12459016393415773	1	1	267	188	1	2	+T
barcode74_consensus_vsearch	1707	T	T	459	4	0.86%	2	2	93	93	0.06209481420755567	1	1	266	193	3	1	C
barcode74_consensus_vsearch	1708	T	T	458	3	0.64%	2	2	93	93	0.12459283387624695	1	1	265	193	1	2	-G
barcode74_consensus_vsearch	1709	G	G	459	2	0.43%	2	1	93	93	0.2497285559174766	1	1	266	193	2	0	A
barcode74_consensus_vsearch	1710	T	T	449	6	1.29%	2	1	93	93	0.015368014229849866	1	1	259	190	6	0	+A
barcode74_consensus_vsearch	1711	G	*/-TG	436	19	4.09%	2	2	93	93	1.5744230304599457E-6	1	1	247	189	14	5	-TG
barcode74_consensus_vsearch	1712	T	T	443	1	0.22%	2	1	93	93	0.4999999999999138	1	1	254	189	0	1	+AC
barcode74_consensus_vsearch	1713	G	G	442	2	0.45%	2	2	93	93	0.2497181510708481	1	1	252	190	1	1	+TG
barcode74_consensus_vsearch	1714	C	C	464	1	0.22%	2	1	93	93	0.4999999999999138	1	1	268	196	1	0	+TT
barcode74_consensus_vsearch	1715	T	T	458	4	0.86%	2	1	93	93	0.06209393670973901	1	1	267	191	0	4	C
barcode74_consensus_vsearch	1716	A	A	461	2	0.43%	2	1	93	93	0.24972972972924576	1	1	266	195	2	0	-T
barcode74_consensus_vsearch	1717	T	T	455	6	1.3%	2	1	93	93	0.015371351595895005	1	1	260	195	6	0	+C
barcode74_consensus_vsearch	1718	C	C	463	1	0.22%	2	1	93	93	0.4999999999990043	1	1	268	195	0	1	+G
barcode74_consensus_vsearch	1719	G	R	459	7	1.5%	2	2	93	93	0.007637225621250393	1	1	265	194	5	2	A
barcode74_consensus_vsearch	1720	G	G	465	1	0.21%	2	1	93	93	0.5000000000008233	1	1	269	196	1	0	A
barcode74_consensus_vsearch	1721	T	T	460	4	0.86%	2	2	93	93	0.062095687920911566	1	1	267	193	2	2	C
barcode74_consensus_vsearch	1722	C	C	461	2	0.43%	2	1	93	93	0.24972972972924576	1	1	267	194	2	0	-A
barcode74_consensus_vsearch	1723	A	A	459	2	0.43%	2	1	93	93	0.2497285559174766	1	1	265	194	0	2	+T
barcode74_consensus_vsearch	1724	C	C	462	2	0.43%	2	1	93	93	0.24973031283711408	1	1	268	194	0	2	T
barcode74_consensus_vsearch	1725	G	G	462	2	0.43%	2	1	93	93	0.24973031283711408	1	1	267	195	2	0	A
barcode74_consensus_vsearch	1726	T	T	463	1	0.22%	2	1	93	93	0.4999999999990043	1	1	270	193	0	1	+GT
barcode74_consensus_vsearch	1727	C	C	465	1	0.21%	2	1	93	93	0.5000000000008233	1	1	270	195	0	1	-G
barcode74_consensus_vsearch	1728	G	G	462	3	0.65%	2	2	93	93	0.12459634015068409	1	1	269	193	1	2	A
barcode74_consensus_vsearch	1729	C	C	462	3	0.64%	2	2	93	93	0.12459634015068409	1	1	268	194	2	1	T
barcode74_consensus_vsearch	1730	C	C	465	1	0.21%	2	1	93	93	0.5000000000008233	1	1	270	195	0	1	G
barcode74_consensus_vsearch	1731	A	A	464	2	0.43%	2	2	93	93	0.2497314715357706	1	1	269	195	1	1	G
barcode74_consensus_vsearch	1732	T	*/-A	451	10	2.15%	2	1	93	93	9.295706475538195E-4	1	1	256	195	10	0	-A
barcode74_consensus_vsearch	1733	A	A	448	3	0.66%	2	1	93	93	0.12458379578250524	1	1	255	193	3	0	-T
barcode74_consensus_vsearch	1734	T	K	452	10	2.16%	2	1	93	93	9.296709138046124E-4	1	1	257	195	10	0	G
barcode74_consensus_vsearch	1735	T	T	466	0	0%	2	0	93	0	1.0	1	0	270	196	0	0	
barcode74_consensus_vsearch	1736	T	T	459	6	1.29%	2	1	93	93	0.01537352876406143	1	1	263	196	6	0	-A
barcode74_consensus_vsearch	1737	A	A	456	3	0.65%	2	1	93	93	0.12459105779723775	1	1	261	195	3	0	G
barcode74_consensus_vsearch	1738	G	G	460	3	0.65%	2	1	93	93	0.1245945945946921	1	1	267	193	3	0	A
barcode74_consensus_vsearch	1739	C	C	451	4	0.86%	2	2	93	93	0.06208768616665174	1	1	259	192	3	1	+T
barcode74_consensus_vsearch	1740	T	T	456	3	0.65%	2	1	93	93	0.12459105779723775	1	1	261	195	3	0	C
barcode74_consensus_vsearch	1741	T	T	454	4	0.86%	2	1	93	93	0.06209038837901774	1	1	260	194	4	0	C
barcode74_consensus_vsearch	1742	T	*/-A	449	7	1.5%	2	2	93	93	0.00763339894512905	1	1	255	194	5	2	-A
barcode74_consensus_vsearch	1743	A	A	453	2	0.44%	2	2	93	93	0.24972497249691156	1	1	261	192	1	1	+G
barcode74_consensus_vsearch	1744	G	*/-A	448	10	2.15%	2	2	93	93	9.292672599433581E-4	1	1	254	194	8	2	-A
barcode74_consensus_vsearch	1745	A	A	445	6	1.33%	2	2	93	93	0.015365740098082468	1	1	254	191	3	3	G
barcode74_consensus_vsearch	1746	A	*/-G	439	16	3.46%	2	2	93	93	1.334305260639601E-5	1	1	251	188	9	7	-G
barcode74_consensus_vsearch	1747	G	G	439	5	1.12%	2	1	93	93	0.030898285976353152	1	1	251	188	5	0	+A
barcode74_consensus_vsearch	1748	G	G	462	2	0.43%	2	1	93	93	0.24973031283711408	1	1	266	196	2	0	+A
barcode74_consensus_vsearch	1749	G	G	454	5	1.07%	2	2	93	93	0.030909773495158815	1	1	264	190	3	2	-C
barcode74_consensus_vsearch	1750	C	C	450	4	0.87%	2	2	93	93	0.062086777488655716	1	1	259	191	1	3	T
barcode74_consensus_vsearch	1751	T	T	450	4	0.86%	2	1	93	93	0.062086777488655716	1	1	257	193	4	0	-CT
barcode74_consensus_vsearch	1752	C	C	453	6	1.3%	2	1	93	93	0.015370248813581264	1	1	266	187	0	6	-T
barcode74_consensus_vsearch	1753	T	T	447	3	0.66%	2	2	93	93	0.12458286985565502	1	1	263	184	2	1	-A
barcode74_consensus_vsearch	1754	A	A	450	4	0.87%	2	1	93	93	0.062086777488655716	1	1	263	187	0	4	-C
barcode74_consensus_vsearch	1755	C	C	451	5	1.09%	2	1	93	93	0.03090753641767135	1	1	268	183	0	5	+T
barcode74_consensus_vsearch	1756	C	C	448	6	1.3%	2	1	93	93	0.015367449445331104	1	1	267	181	0	6	-TC
barcode74_consensus_vsearch	1757	T	*/-C	427	20	4.4%	2	2	93	93	7.67422341324127E-7	1	1	245	182	14	6	-C
barcode74_consensus_vsearch	1758	C	C	433	3	0.68%	2	1	93	93	0.12456946039042152	1	1	253	180	0	3	T
barcode74_consensus_vsearch	1759	C	C	462	2	0.43%	2	2	93	93	0.24973031283711408	1	1	267	195	1	1	T
barcode74_consensus_vsearch	1760	C	*/-AC	444	16	3.44%	2	1	93	93	1.3362860290595994E-5	1	1	250	194	16	0	-AC
barcode74_consensus_vsearch	1761	A	*/-CT	415	28	6.26%	2	1	93	93	2.398315875980072E-9	1	1	220	195	28	0	-CT
barcode74_consensus_vsearch	1762	C	C	413	4	0.95%	2	2	93	93	0.06205009079450623	1	1	224	189	1	3	+T
barcode74_consensus_vsearch	1763	T	T	429	3	0.69%	2	2	93	93	0.12456546929309553	1	1	239	190	2	1	C
barcode74_consensus_vsearch	1764	T	T	459	3	0.65%	2	1	93	93	0.12459371614300269	1	1	265	194	3	0	+A
barcode74_consensus_vsearch	1765	A	R	450	13	2.79%	2	2	93	93	1.120795287248837E-4	1	1	256	194	12	1	G
barcode74_consensus_vsearch	1766	G	G	461	2	0.43%	2	1	93	93	0.24972972972924576	1	1	266	195	2	0	A
barcode74_consensus_vsearch	1767	C	C	459	3	0.65%	2	2	93	93	0.12459371614300269	1	1	265	194	1	2	T
barcode74_consensus_vsearch	1768	G	G	464	1	0.22%	2	1	93	93	0.4999999999999138	1	1	268	196	1	0	A
barcode74_consensus_vsearch	1769	C	C	462	1	0.22%	2	1	93	93	0.4999999999990043	1	1	266	196	1	0	+A
barcode74_consensus_vsearch	1770	A	A	460	3	0.65%	2	2	93	93	0.1245945945946921	1	1	267	193	1	2	-GCA
barcode74_consensus_vsearch	1771	G	G	457	5	1.08%	2	2	93	93	0.030911981535900093	1	1	264	193	4	1	A
barcode74_consensus_vsearch	1772	C	C	455	4	0.86%	2	2	93	93	0.062091281262886246	1	1	267	188	1	3	T
barcode74_consensus_vsearch	1773	A	A	458	1	0.22%	2	1	93	93	0.4999999999999138	1	1	266	192	0	1	+C
barcode74_consensus_vsearch	1774	A	A	461	1	0.22%	2	1	93	93	0.5000000000008233	1	1	268	193	0	1	+GTAA
barcode74_consensus_vsearch	1775	T	T	461	1	0.22%	2	1	93	93	0.5000000000008233	1	1	267	194	1	0	C
barcode74_consensus_vsearch	1776	A	A	458	2	0.43%	2	1	93	93	0.24972796517908835	1	1	265	193	2	0	-C
barcode74_consensus_vsearch	1777	C	*/+A	425	19	4.11%	2	2	93	93	1.566798887158905E-6	1	1	260	165	4	15	+A
barcode74_consensus_vsearch	1778	A	A	443	4	0.89%	2	2	93	93	0.06208030284174911	1	1	262	181	2	2	G
barcode74_consensus_vsearch	1779	A	A	461	2	0.43%	2	2	93	93	0.24972972972924576	1	1	268	193	1	1	G
barcode74_consensus_vsearch	1780	A	A	462	2	0.43%	2	2	93	93	0.24973031283711408	1	1	268	194	1	1	G
barcode74_consensus_vsearch	1781	A	R	455	9	1.94%	2	2	93	93	0.0018781333730529595	1	1	263	192	6	3	G
barcode74_consensus_vsearch	1782	C	*/-T	450	10	2.15%	2	1	93	93	9.294699516735583E-4	1	1	255	195	10	0	-T
barcode74_consensus_vsearch	1783	T	T	448	4	0.88%	2	2	93	93	0.06208494806434338	1	1	254	194	2	2	C
barcode74_consensus_vsearch	1784	A	A	462	0	0%	2	0	93	0	1.0	1	0	266	196	0	0	
barcode74_consensus_vsearch	1785	C	C	459	1	0.22%	2	1	93	93	0.4999999999999138	1	1	266	193	0	1	+A
barcode74_consensus_vsearch	1786	G	G	454	5	1.08%	2	2	93	93	0.030909773495158815	1	1	263	191	1	4	-CG
barcode74_consensus_vsearch	1787	C	C	452	2	0.44%	2	1	93	93	0.24972436604191225	1	1	265	187	0	2	T
barcode74_consensus_vsearch	1788	G	G	458	1	0.22%	2	1	93	93	0.4999999999999138	1	1	269	189	0	1	T
barcode74_consensus_vsearch	1789	A	A	454	6	1.29%	2	1	93	93	0.015370801400747822	1	1	269	185	0	6	+C
barcode74_consensus_vsearch	1790	C	Y	448	13	2.79%	2	1	93	93	1.1203744361480323E-4	1	1	270	178	0	13	T
barcode74_consensus_vsearch	1791	T	*/-C	454	8	1.72%	2	1	93	93	0.0037887134215269843	1	1	269	185	0	8	-C
barcode74_consensus_vsearch	1792	C	C	450	2	0.44%	2	1	93	93	0.24972314507259671	1	1	266	184	2	0	+AC
barcode74_consensus_vsearch	1793	G	R	454	7	1.51%	2	2	93	93	0.007635332943374405	1	1	261	193	6	1	A
barcode74_consensus_vsearch	1794	C	C	453	5	1.08%	2	2	93	93	0.03090903105714376	1	1	259	194	4	1	T
barcode74_consensus_vsearch	1795	A	A	457	2	0.43%	2	2	93	93	0.24972737186467478	1	1	264	193	1	1	G
barcode74_consensus_vsearch	1796	G	G	461	2	0.43%	2	1	93	93	0.24972972972924576	1	1	266	195	2	0	-A
barcode74_consensus_vsearch	1797	A	A	459	2	0.43%	2	1	93	93	0.2497285559174766	1	1	264	195	2	0	+G
barcode74_consensus_vsearch	1798	A	A	460	4	0.86%	2	2	93	93	0.062095687920911566	1	1	266	194	3	1	G
barcode74_consensus_vsearch	1799	T	Y	275	189	40.56%	2	2	93	93	3.5947397933685E-68	1	1	168	107	100	89	C
barcode74_consensus_vsearch	1800	G	G	451	5	1.08%	2	1	93	93	0.03090753641767135	1	1	257	194	5	0	-C
barcode74_consensus_vsearch	1801	C	C	457	1	0.22%	2	1	93	93	0.4999999999999138	1	1	262	195	1	0	+AT
barcode74_consensus_vsearch	1802	C	C	452	5	1.07%	2	2	93	93	0.030908285371709306	1	1	264	188	2	3	T
barcode74_consensus_vsearch	1803	G	R	450	9	1.95%	2	2	93	93	0.0018773250232725807	1	1	259	191	8	1	A
barcode74_consensus_vsearch	1804	G	G	461	3	0.65%	2	2	93	93	0.12459546925571133	1	1	267	194	1	2	A
barcode74_consensus_vsearch	1805	T	T	460	4	0.86%	2	1	93	93	0.062095687920911566	1	1	265	195	4	0	+C
barcode74_consensus_vsearch	1806	C	*/-A	451	8	1.72%	2	1	93	93	0.0037879507121486144	1	1	269	182	0	8	-A
barcode74_consensus_vsearch	1807	A	A	456	1	0.22%	2	1	93	93	0.4999999999990043	1	1	270	186	0	1	G
barcode74_consensus_vsearch	1808	A	A	463	2	0.43%	2	2	93	93	0.24973089343429802	1	1	269	194	1	1	G
barcode74_consensus_vsearch	1809	A	A	460	5	1.07%	2	2	93	93	0.03091416110165428	1	1	267	193	2	3	G
barcode74_consensus_vsearch	1810	T	T	462	2	0.43%	2	1	93	93	0.24973031283711408	1	1	267	195	2	0	-GCGC
barcode74_consensus_vsearch	1811	G	G	460	2	0.43%	2	1	93	93	0.24972914409526598	1	1	265	195	2	0	A
barcode74_consensus_vsearch	1812	C	C	453	4	0.86%	2	2	93	93	0.062089491585691256	1	1	263	190	1	3	-GC
barcode74_consensus_vsearch	1813	G	G	452	3	0.66%	2	1	93	93	0.12458745874590603	1	1	261	191	3	0	A
barcode74_consensus_vsearch	1814	C	*/-A	425	23	5.04%	2	2	93	93	8.922929236344478E-8	1	1	239	186	20	3	-A
barcode74_consensus_vsearch	1815	A	A	434	1	0.23%	2	1	93	93	0.4999999999999138	1	1	243	191	1	0	C
barcode74_consensus_vsearch	1816	A	A	456	4	0.87%	2	2	93	93	0.062092170262314485	1	1	262	194	3	1	G
barcode74_consensus_vsearch	1817	A	R	451	7	1.51%	2	2	93	93	0.007634177589087493	1	1	261	190	5	2	G
barcode74_consensus_vsearch	1818	G	G	460	1	0.22%	2	1	93	93	0.4999999999999138	1	1	267	193	1	0	+A
barcode74_consensus_vsearch	1819	G	G	463	1	0.21%	2	1	93	93	0.4999999999990043	1	1	269	194	0	1	+A
barcode74_consensus_vsearch	1820	A	A	461	4	0.86%	2	2	93	93	0.06209655787449625	1	1	266	195	3	1	G
barcode74_consensus_vsearch	1821	T	T	461	4	0.86%	2	1	93	93	0.06209655787449625	1	1	269	192	0	4	C
barcode74_consensus_vsearch	1822	G	G	465	1	0.21%	2	1	93	93	0.5000000000008233	1	1	269	196	1	0	A
barcode74_consensus_vsearch	1823	A	A	459	5	1.07%	2	2	93	93	0.030913437709528726	1	1	266	193	3	2	G
barcode74_consensus_vsearch	1824	C	C	459	5	1.07%	2	1	93	93	0.030913437709528726	1	1	263	196	5	0	+A
barcode74_consensus_vsearch	1825	A	A	462	4	0.86%	2	2	93	93	0.06209742409232364	1	1	268	194	2	2	G
barcode74_consensus_vsearch	1826	A	A	459	5	1.07%	2	2	93	93	0.030913437709528726	1	1	268	191	1	4	+G
barcode74_consensus_vsearch	1827	G	G	462	1	0.22%	2	1	93	93	0.4999999999990043	1	1	266	196	1	0	+A
barcode74_consensus_vsearch	1828	G	G	463	1	0.21%	2	1	93	93	0.4999999999990043	1	1	268	195	1	0	+CC
barcode74_consensus_vsearch	1829	C	C	458	3	0.65%	2	1	93	93	0.12459283387624695	1	1	268	190	0	3	-AAGT
barcode74_consensus_vsearch	1830	A	A	454	3	0.65%	2	1	93	93	0.12458926615549139	1	1	263	191	3	0	+GA
barcode74_consensus_vsearch	1831	A	A	459	1	0.22%	2	1	93	93	0.4999999999999138	1	1	269	190	0	1	+GGG
barcode74_consensus_vsearch	1832	G	G	458	1	0.22%	2	1	93	93	0.4999999999999138	1	1	268	190	1	0	-T
barcode74_consensus_vsearch	1833	T	T	458	2	0.43%	2	1	93	93	0.24972796517908835	1	1	269	189	0	2	C
barcode74_consensus_vsearch	1834	A	A	460	2	0.43%	2	1	93	93	0.24972914409526598	1	1	267	193	2	0	-CA
barcode74_consensus_vsearch	1835	C	C	459	1	0.22%	2	1	93	93	0.4999999999999138	1	1	264	195	1	0	+A
barcode74_consensus_vsearch	1836	A	A	456	5	1.08%	2	2	93	93	0.030911248713682577	1	1	262	194	4	1	G
barcode74_consensus_vsearch	1837	G	G	464	2	0.43%	2	1	93	93	0.2497314715357706	1	1	268	196	2	0	+A
barcode74_consensus_vsearch	1838	G	G	462	2	0.43%	2	2	93	93	0.24973031283711408	1	1	267	195	1	1	-A
barcode74_consensus_vsearch	1839	A	A	456	3	0.65%	2	1	93	93	0.12459105779723775	1	1	262	194	3	0	T
barcode74_consensus_vsearch	1840	C	C	456	3	0.65%	2	1	93	93	0.12459105779723775	1	1	261	195	3	0	+T
barcode74_consensus_vsearch	1841	T	Y	453	8	1.72%	2	2	93	93	0.003788460280099838	1	1	263	190	5	3	C
barcode74_consensus_vsearch	1842	A	A	455	4	0.86%	2	1	93	93	0.062091281262886246	1	1	265	190	0	4	-T
barcode74_consensus_vsearch	1843	T	T	454	2	0.43%	2	2	93	93	0.2497255762896723	1	1	266	188	1	1	C
barcode74_consensus_vsearch	1844	G	G	459	2	0.43%	2	1	93	93	0.2497285559174766	1	1	265	194	2	0	A
barcode74_consensus_vsearch	1845	A	*/-C	410	45	9.7%	2	2	93	93	9.050334586819183E-15	1	1	259	151	6	39	-C
barcode74_consensus_vsearch	1846	C	C	420	0	0%	2	0	93	0	1.0	1	0	263	157	0	0	
barcode74_consensus_vsearch	1847	C	C	460	3	0.64%	2	1	93	93	0.1245945945946921	1	1	268	192	0	3	+T
barcode74_consensus_vsearch	1848	C	C	457	6	1.29%	2	2	93	93	0.01537244487190259	1	1	269	188	1	5	-T
barcode74_consensus_vsearch	1849	T	T	449	4	0.87%	2	2	93	93	0.06208586479697461	1	1	264	185	1	3	-CT
barcode74_consensus_vsearch	1850	C	C	454	5	1.09%	2	2	93	93	0.030909773495158815	1	1	267	187	2	3	-T
barcode74_consensus_vsearch	1851	T	T	448	6	1.31%	2	2	93	93	0.015367449445331104	1	1	264	184	2	4	C
barcode74_consensus_vsearch	1852	A	A	464	1	0.21%	2	1	93	93	0.4999999999999138	1	1	270	194	0	1	-TGG
barcode74_consensus_vsearch	1853	T	T	457	3	0.65%	2	2	93	93	0.12459194776934993	1	1	267	190	1	2	C
barcode74_consensus_vsearch	1854	G	G	460	1	0.22%	2	1	93	93	0.4999999999999138	1	1	268	192	1	0	+TG
barcode74_consensus_vsearch	1855	G	G	462	1	0.22%	2	1	93	93	0.4999999999990043	1	1	269	193	1	0	A
barcode74_consensus_vsearch	1856	C	C	462	2	0.43%	2	1	93	93	0.24973031283711408	1	1	269	193	0	2	A
barcode74_consensus_vsearch	1857	A	A	461	2	0.43%	2	2	93	93	0.24972972972924576	1	1	266	195	1	1	-C
barcode74_consensus_vsearch	1858	C	C	461	2	0.43%	2	1	93	93	0.24972972972924576	1	1	268	193	0	2	T
barcode74_consensus_vsearch	1859	C	Y	443	11	2.36%	2	1	93	93	4.5925649147354655E-4	1	1	263	180	0	11	T
barcode74_consensus_vsearch	1860	G	*/-A	453	9	1.94%	2	1	93	93	0.0018778121106653614	1	1	257	196	9	0	-A
barcode74_consensus_vsearch	1861	A	R	446	7	1.54%	2	2	93	93	0.0076322181458369906	1	1	251	195	6	1	G
barcode74_consensus_vsearch	1862	G	G	449	6	1.29%	2	1	93	93	0.015368014229849866	1	1	255	194	6	0	+A
barcode74_consensus_vsearch	1863	T	T	453	3	0.65%	2	2	93	93	0.12458836443458174	1	1	261	192	1	2	C
barcode74_consensus_vsearch	1864	T	T	460	3	0.65%	2	2	93	93	0.1245945945946921	1	1	267	193	2	1	C
barcode74_consensus_vsearch	1865	T	T	459	4	0.86%	2	1	93	93	0.06209481420755567	1	1	267	192	0	4	+C
barcode74_consensus_vsearch	1866	C	C	462	2	0.43%	2	2	93	93	0.24973031283711408	1	1	268	194	1	1	T
barcode74_consensus_vsearch	1867	A	A	460	3	0.64%	2	2	93	93	0.1245945945946921	1	1	268	192	2	1	G
barcode74_consensus_vsearch	1868	T	T	459	2	0.43%	2	2	93	93	0.2497285559174766	1	1	267	192	1	1	-C
barcode74_consensus_vsearch	1869	C	*/-G	451	10	2.16%	2	1	93	93	9.295706475538195E-4	1	1	269	182	0	10	-G
barcode74_consensus_vsearch	1870	G	G	454	1	0.22%	2	1	93	93	0.4999999999999138	1	1	270	184	0	1	C
barcode74_consensus_vsearch	1871	G	G	466	0	0%	2	0	93	0	1.0	1	0	270	196	0	0	
barcode74_consensus_vsearch	1872	A	A	462	3	0.64%	2	2	93	93	0.12459634015068409	1	1	267	195	2	1	G
barcode74_consensus_vsearch	1873	C	C	465	1	0.21%	2	1	93	93	0.5000000000008233	1	1	269	196	1	0	T
barcode74_consensus_vsearch	1874	A	A	459	3	0.64%	2	1	93	93	0.12459371614300269	1	1	263	196	3	0	+CA
barcode74_consensus_vsearch	1875	T	*/+C	442	10	2.15%	2	1	93	93	9.286485810021079E-4	1	1	247	195	10	0	+C
barcode74_consensus_vsearch	1876	C	C	453	1	0.22%	2	1	93	93	0.4999999999990043	1	1	258	195	1	0	+A
barcode74_consensus_vsearch	1877	C	C	457	4	0.86%	2	1	93	93	0.062093055403000016	1	1	262	195	4	0	-ACC
barcode74_consensus_vsearch	1878	A	A	453	2	0.44%	2	1	93	93	0.24972497249691156	1	1	258	195	2	0	G
barcode74_consensus_vsearch	1879	C	C	451	4	0.87%	2	1	93	93	0.06208768616665174	1	1	262	189	0	4	+T
barcode74_consensus_vsearch	1880	C	C	448	5	1.08%	2	1	93	93	0.030905269727138893	1	1	265	183	0	5	-T
barcode74_consensus_vsearch	1881	T	T	450	2	0.44%	2	1	93	93	0.24972314507259671	1	1	267	183	0	2	+C
barcode74_consensus_vsearch	1882	C	C	454	2	0.43%	2	1	93	93	0.2497255762896723	1	1	265	189	0	2	+G
barcode74_consensus_vsearch	1883	G	G	462	2	0.43%	2	2	93	93	0.24973031283711408	1	1	267	195	1	1	A
barcode74_consensus_vsearch	1884	A	A	460	3	0.65%	2	1	93	93	0.1245945945946921	1	1	265	195	3	0	G
barcode74_consensus_vsearch	1885	T	T	453	3	0.65%	2	2	93	93	0.12458836443458174	1	1	259	194	2	1	+C
barcode74_consensus_vsearch	1886	C	C	457	1	0.22%	2	1	93	93	0.4999999999999138	1	1	262	195	1	0	+A
barcode74_consensus_vsearch	1887	C	C	458	3	0.65%	2	1	93	93	0.12459283387624695	1	1	267	191	0	3	+T
barcode74_consensus_vsearch	1888	T	T	456	4	0.87%	2	1	93	93	0.062092170262314485	1	1	262	194	4	0	C
barcode74_consensus_vsearch	1889	T	T	460	1	0.22%	2	1	93	93	0.4999999999999138	1	1	268	192	0	1	+C
barcode74_consensus_vsearch	1890	C	C	454	5	1.08%	2	2	93	93	0.030909773495158815	1	1	263	191	4	1	-A
barcode74_consensus_vsearch	1891	A	A	456	1	0.22%	2	1	93	93	0.4999999999990043	1	1	266	190	0	1	G
barcode74_consensus_vsearch	1892	A	A	458	2	0.43%	2	1	93	93	0.24972796517908835	1	1	269	189	0	2	G
barcode74_consensus_vsearch	1893	G	G	458	2	0.43%	2	1	93	93	0.24972796517908835	1	1	267	191	2	0	A
barcode74_consensus_vsearch	1894	C	C	456	3	0.65%	2	2	93	93	0.12459105779723775	1	1	265	191	2	1	-GC
barcode74_consensus_vsearch	1895	G	G	458	1	0.22%	2	1	93	93	0.4999999999999138	1	1	264	194	1	0	-C
barcode74_consensus_vsearch	1896	C	C	458	2	0.43%	2	1	93	93	0.24972796517908835	1	1	265	193	0	2	T
barcode74_consensus_vsearch	1897	T	T	458	4	0.86%	2	1	93	93	0.06209393670973901	1	1	264	194	4	0	C
barcode74_consensus_vsearch	1898	G	G	464	1	0.22%	2	1	93	93	0.4999999999999138	1	1	268	196	1	0	T
barcode74_consensus_vsearch	1899	A	A	463	3	0.64%	2	2	93	93	0.12459720730400861	1	1	269	194	1	2	G
barcode74_consensus_vsearch	1900	T	T	458	6	1.29%	2	2	93	93	0.015372987983405329	1	1	264	194	5	1	-C
barcode74_consensus_vsearch	1901	C	C	458	1	0.22%	2	1	93	93	0.4999999999999138	1	1	263	195	1	0	+A
barcode74_consensus_vsearch	1902	C	C	455	6	1.29%	2	1	93	93	0.015371351595895005	1	1	266	189	0	6	-G
barcode74_consensus_vsearch	1903	G	G	454	5	1.09%	2	1	93	93	0.030909773495158815	1	1	264	190	5	0	A
barcode74_consensus_vsearch	1904	G	G	461	2	0.43%	2	2	93	93	0.24972972972924576	1	1	268	193	1	1	A
barcode74_consensus_vsearch	1905	C	C	462	1	0.22%	2	1	93	93	0.4999999999990043	1	1	269	193	1	0	A
barcode74_consensus_vsearch	1906	G	*/+T	453	8	1.72%	2	1	93	93	0.003788460280099838	1	1	267	186	0	8	+T
barcode74_consensus_vsearch	1907	T	T	458	4	0.86%	2	2	93	93	0.06209393670973901	1	1	264	194	2	2	C
barcode74_consensus_vsearch	1908	C	*/-T	456	9	1.94%	2	1	93	93	0.0018782929787467238	1	1	269	187	0	9	-T
barcode74_consensus_vsearch	1909	T	T	450	5	1.09%	2	2	93	93	0.030906784173455357	1	1	264	186	4	1	C
barcode74_consensus_vsearch	1910	A	A	459	3	0.65%	2	2	93	93	0.12459371614300269	1	1	265	194	2	1	G
barcode74_consensus_vsearch	1911	T	*/+A	447	11	2.38%	2	1	93	93	4.595052234613434E-4	1	1	252	195	11	0	+A
barcode74_consensus_vsearch	1912	A	R	449	10	2.16%	2	2	93	93	9.29368823401496E-4	1	1	257	192	9	1	G
barcode74_consensus_vsearch	1913	G	K	451	11	2.37%	2	1	93	93	4.597497298035834E-4	1	1	256	195	11	0	T
barcode74_consensus_vsearch	1914	T	*/-GC	454	8	1.72%	2	2	93	93	0.0037887134215269843	1	1	265	189	2	6	-GC
barcode74_consensus_vsearch	1915	G	G	451	5	1.09%	2	2	93	93	0.03090753641767135	1	1	262	189	4	1	A
barcode74_consensus_vsearch	1916	C	C	450	2	0.44%	2	2	93	93	0.24972314507259671	1	1	262	188	1	1	T
barcode74_consensus_vsearch	1917	A	A	453	6	1.29%	2	1	93	93	0.015370248813581264	1	1	259	194	6	0	G
barcode74_consensus_vsearch	1918	C	C	458	1	0.22%	2	1	93	93	0.4999999999999138	1	1	264	194	0	1	+A
barcode74_consensus_vsearch	1919	A	A	460	2	0.43%	2	2	93	93	0.24972914409526598	1	1	265	195	1	1	+CA
barcode74_consensus_vsearch	1920	A	A	461	1	0.22%	2	1	93	93	0.5000000000008233	1	1	267	194	0	1	+C
barcode74_consensus_vsearch	1921	C	C	457	3	0.65%	2	1	93	93	0.12459194776934993	1	1	266	191	0	3	+T
barcode74_consensus_vsearch	1922	T	T	453	2	0.43%	2	1	93	93	0.24972497249691156	1	1	260	193	2	0	+CC
barcode74_consensus_vsearch	1923	C	C	452	6	1.3%	2	2	93	93	0.015369693818747027	1	1	264	188	1	5	+G
barcode74_consensus_vsearch	1924	G	G	462	1	0.21%	2	1	93	93	0.4999999999990043	1	1	267	195	1	0	+C
barcode74_consensus_vsearch	1925	A	A	461	2	0.43%	2	1	93	93	0.24972972972924576	1	1	266	195	2	0	G
barcode74_consensus_vsearch	1926	G	G	464	1	0.22%	2	1	93	93	0.4999999999999138	1	1	269	195	1	0	-AC
barcode74_consensus_vsearch	1927	A	A	458	4	0.86%	2	2	93	93	0.06209393670973901	1	1	267	191	2	2	G
barcode74_consensus_vsearch	1928	C	*/-G	362	85	18.36%	2	2	93	93	3.1164682577841653E-28	1	1	227	135	34	51	-G
barcode74_consensus_vsearch	1929	G	R	354	12	3.19%	2	1	93	93	2.2276947657621563E-4	1	1	213	141	12	0	A
barcode74_consensus_vsearch	1930	G	R	448	12	2.6%	2	1	93	93	2.2703297154905811E-4	1	1	255	193	12	0	A
barcode74_consensus_vsearch	1931	G	R	451	13	2.79%	2	1	93	93	1.1210043923467175E-4	1	1	256	195	13	0	A
barcode74_consensus_vsearch	1932	G	R	449	9	1.93%	2	2	93	93	0.001877161257840413	1	1	255	194	8	1	A
barcode74_consensus_vsearch	1933	G	G	456	3	0.64%	2	2	93	93	0.12459105779723775	1	1	261	195	2	1	A
barcode74_consensus_vsearch	1934	C	C	463	1	0.22%	2	1	93	93	0.4999999999990043	1	1	267	196	1	0	A
barcode74_consensus_vsearch	1935	T	Y	449	15	3.23%	2	2	93	93	2.720376910801439E-5	1	1	263	186	5	10	C
barcode74_consensus_vsearch	1936	A	A	459	4	0.86%	2	2	93	93	0.06209481420755567	1	1	265	194	3	1	G
barcode74_consensus_vsearch	1937	A	A	463	2	0.43%	2	2	93	93	0.24973089343429802	1	1	268	195	1	1	G
barcode74_consensus_vsearch	1938	T	*/-C	430	24	5.16%	2	2	93	93	4.3626126270415345E-8	1	1	238	192	22	2	-C
barcode74_consensus_vsearch	1939	C	C	440	1	0.23%	2	1	93	93	0.4999999999999138	1	1	246	194	1	0	+TAAT
barcode74_consensus_vsearch	1940	C	C	454	4	0.86%	2	1	93	93	0.06209038837901774	1	1	259	195	4	0	A
barcode74_consensus_vsearch	1941	C	C	461	3	0.64%	2	2	93	93	0.12459546925571133	1	1	268	193	1	2	T
barcode74_consensus_vsearch	1942	A	A	463	1	0.22%	2	1	93	93	0.4999999999990043	1	1	268	195	0	1	+G
barcode74_consensus_vsearch	1943	T	*/-CC	447	8	1.72%	2	1	93	93	0.0037869182351470006	1	1	251	196	8	0	-CC
barcode74_consensus_vsearch	1944	C	C	454	1	0.22%	2	1	93	93	0.4999999999999138	1	1	258	196	1	0	+TC
barcode74_consensus_vsearch	1945	C	C	456	1	0.22%	2	1	93	93	0.4999999999990043	1	1	261	195	0	1	+T
barcode74_consensus_vsearch	1946	C	*/-A	454	7	1.5%	2	2	93	93	0.007635332943374405	1	1	267	187	1	6	-A
barcode74_consensus_vsearch	1947	A	A	456	2	0.44%	2	1	93	93	0.24972677595608425	1	1	266	190	2	0	G
barcode74_consensus_vsearch	1948	A	A	461	4	0.86%	2	1	93	93	0.06209655787449625	1	1	270	191	0	4	-T
barcode74_consensus_vsearch	1949	T	T	459	2	0.43%	2	1	93	93	0.2497285559174766	1	1	268	191	2	0	G
barcode74_consensus_vsearch	1950	T	Y	457	7	1.51%	2	2	93	93	0.007636473423421301	1	1	267	190	3	4	C
barcode74_consensus_vsearch	1951	C	C	462	2	0.43%	2	2	93	93	0.24973031283711408	1	1	268	194	1	1	-A
barcode74_consensus_vsearch	1952	A	A	459	2	0.43%	2	2	93	93	0.2497285559174766	1	1	266	193	1	1	G
barcode74_consensus_vsearch	1953	C	C	464	1	0.21%	2	1	93	93	0.4999999999999138	1	1	268	196	1	0	-ACA
barcode74_consensus_vsearch	1954	A	*/-CA	418	42	9.03%	2	2	93	93	8.529796987869014E-14	1	1	247	171	17	25	-CA
barcode74_consensus_vsearch	1955	C	C	419	1	0.24%	2	1	93	93	0.5000000000008233	1	1	250	169	1	0	+GC
barcode74_consensus_vsearch	1956	A	A	416	4	0.95%	2	2	93	93	0.06205330633414946	1	1	248	168	2	2	+CA
barcode74_consensus_vsearch	1957	T	T	461	3	0.65%	2	1	93	93	0.12459546925571133	1	1	266	195	3	0	G
barcode74_consensus_vsearch	1958	T	T	460	3	0.64%	2	1	93	93	0.1245945945946921	1	1	265	195	3	0	-G
barcode74_consensus_vsearch	1959	G	G	461	1	0.22%	2	1	93	93	0.5000000000008233	1	1	265	196	1	0	+A
barcode74_consensus_vsearch	1960	A	A	456	5	1.08%	2	1	93	93	0.030911248713682577	1	1	261	195	5	0	G
barcode74_consensus_vsearch	1961	G	G	460	2	0.43%	2	1	93	93	0.24972914409526598	1	1	265	195	2	0	-C
barcode74_consensus_vsearch	1962	C	C	462	1	0.22%	2	1	93	93	0.4999999999990043	1	1	267	195	1	0	+G
barcode74_consensus_vsearch	1963	T	T	455	6	1.29%	2	2	93	93	0.015371351595895005	1	1	265	190	1	5	C
barcode74_consensus_vsearch	1964	A	A	457	2	0.43%	2	1	93	93	0.24972737186467478	1	1	265	192	0	2	G
barcode74_consensus_vsearch	1965	A	A	455	5	1.07%	2	1	93	93	0.03091051270694167	1	1	269	186	0	5	-T
barcode74_consensus_vsearch	1966	T	*/-C	367	63	13.79%	2	2	93	93	9.342743186953516E-21	1	1	219	148	36	27	-C
barcode74_consensus_vsearch	1967	C	C	397	1	0.25%	2	1	93	93	0.4999999999990043	1	1	232	165	1	0	T
barcode74_consensus_vsearch	1968	C	C	453	6	1.3%	2	2	93	93	0.015370248813581264	1	1	268	185	1	5	+T
barcode74_consensus_vsearch	1969	C	C	456	4	0.86%	2	1	93	93	0.062092170262314485	1	1	267	189	0	4	-T
barcode74_consensus_vsearch	1970	T	T	447	6	1.3%	2	1	93	93	0.015366882172830807	1	1	267	180	0	6	-CT
barcode74_consensus_vsearch	1971	C	C	446	2	0.44%	2	1	93	93	0.24972067039122897	1	1	268	178	0	2	+T
barcode74_consensus_vsearch	1972	T	T	451	3	0.66%	2	2	93	93	0.12458654906280954	1	1	266	185	1	2	+C
barcode74_consensus_vsearch	1973	T	T	458	5	1.08%	2	2	93	93	0.030912711194453116	1	1	265	193	4	1	C
barcode74_consensus_vsearch	1974	C	*/-A	452	9	1.94%	2	2	93	93	0.0018776504451702718	1	1	259	193	8	1	-A
barcode74_consensus_vsearch	1975	A	A	451	3	0.66%	2	2	93	93	0.12458654906280954	1	1	258	193	2	1	G
barcode74_consensus_vsearch	1976	C	C	460	1	0.22%	2	1	93	93	0.4999999999999138	1	1	267	193	1	0	+A
barcode74_consensus_vsearch	1977	T	*/-C	449	11	2.36%	2	1	93	93	4.596279980803229E-4	1	1	268	181	0	11	-C
barcode74_consensus_vsearch	1978	C	C	445	6	1.32%	2	2	93	93	0.015365740098082468	1	1	262	183	4	2	+TC
barcode74_consensus_vsearch	1979	G	G	461	2	0.43%	2	1	93	93	0.24972972972924576	1	1	265	196	2	0	A
barcode74_consensus_vsearch	1980	C	C	463	1	0.21%	2	1	93	93	0.4999999999990043	1	1	268	195	1	0	+A
barcode74_consensus_vsearch	1981	A	A	461	5	1.07%	2	1	93	93	0.030914881390741465	1	1	265	196	5	0	G
barcode74_consensus_vsearch	1982	G	G	463	1	0.21%	2	1	93	93	0.4999999999990043	1	1	268	195	0	1	+CG
barcode74_consensus_vsearch	1983	T	T	463	1	0.22%	2	1	93	93	0.4999999999990043	1	1	268	195	1	0	+G
barcode74_consensus_vsearch	1984	T	T	465	1	0.21%	2	1	93	93	0.5000000000008233	1	1	269	196	1	0	C
barcode74_consensus_vsearch	1985	A	A	464	1	0.21%	2	1	93	93	0.4999999999999138	1	1	268	196	1	0	G
barcode74_consensus_vsearch	1986	C	C	461	4	0.86%	2	2	93	93	0.06209655787449625	1	1	267	194	2	2	-T
barcode74_consensus_vsearch	1987	T	*/-G	282	154	33.33%	2	2	93	93	2.9189262462877674E-54	1	1	153	129	108	46	-G
barcode74_consensus_vsearch	1988	G	G	299	3	0.98%	2	2	93	93	0.12437810945283069	1	1	157	142	1	2	C
barcode74_consensus_vsearch	1989	G	G	458	1	0.22%	2	1	93	93	0.4999999999999138	1	1	268	190	1	0	+A
barcode74_consensus_vsearch	1990	G	G	465	0	0%	2	0	93	0	1.0	1	0	269	196	0	0	
barcode74_consensus_vsearch	1991	G	G	463	1	0.22%	2	1	93	93	0.4999999999990043	1	1	267	196	1	0	A
barcode74_consensus_vsearch	1992	G	G	463	2	0.43%	2	2	93	93	0.24973089343429802	1	1	268	195	1	1	-A
barcode74_consensus_vsearch	1993	A	A	463	0	0%	2	0	93	0	1.0	1	0	268	195	0	0	
barcode74_consensus_vsearch	1994	A	*/-TC	449	7	1.51%	2	1	93	93	0.00763339894512905	1	1	267	182	0	7	-TC
barcode74_consensus_vsearch	1995	T	T	442	6	1.32%	2	2	93	93	0.015364007910021836	1	1	261	181	4	2	+C
barcode74_consensus_vsearch	1996	C	C	453	1	0.22%	2	1	93	93	0.4999999999990043	1	1	264	189	1	0	+A
barcode74_consensus_vsearch	1997	C	*/+T	444	7	1.5%	2	2	93	93	0.007631422258539495	1	1	269	175	1	6	+T
barcode74_consensus_vsearch	1998	T	T	454	2	0.43%	2	2	93	93	0.2497255762896723	1	1	268	186	1	1	A
barcode74_consensus_vsearch	1999	T	T	457	3	0.64%	2	1	93	93	0.12459194776934993	1	1	269	188	0	3	C
barcode74_consensus_vsearch	2000	G	G	457	2	0.43%	2	1	93	93	0.24972737186467478	1	1	269	188	0	2	-T
barcode74_consensus_vsearch	2001	T	T	454	5	1.08%	2	2	93	93	0.030909773495158815	1	1	266	188	1	4	C
barcode74_consensus_vsearch	2002	T	T	452	6	1.29%	2	2	93	93	0.015369693818747027	1	1	268	184	1	5	-A
barcode74_consensus_vsearch	2003	A	*/-G	443	8	1.74%	2	2	93	93	0.003785867578538486	1	1	264	179	1	7	-G
barcode74_consensus_vsearch	2004	G	*/+T	430	11	2.41%	2	1	93	93	4.584175673957473E-4	1	1	251	179	11	0	+T
barcode74_consensus_vsearch	2005	T	Y	440	11	2.43%	2	2	93	93	4.590671030956891E-4	1	1	262	178	2	9	C
barcode74_consensus_vsearch	2006	T	Y	451	11	2.38%	2	2	93	93	4.597497298035834E-4	1	1	268	183	1	10	C
barcode74_consensus_vsearch	2007	T	*/-C	445	7	1.51%	2	1	93	93	0.007631821078608308	1	1	268	177	0	7	-C
barcode74_consensus_vsearch	2008	C	*/-T	392	28	6.21%	2	2	93	93	2.3392382729302313E-9	1	1	253	139	8	20	-T
barcode74_consensus_vsearch	2009	T	T	424	1	0.24%	2	1	93	93	0.4999999999999138	1	1	260	164	0	1	C
barcode74_consensus_vsearch	2010	T	T	456	1	0.22%	2	1	93	93	0.4999999999990043	1	1	268	188	0	1	+ACGCC
barcode74_consensus_vsearch	2011	T	T	463	2	0.43%	2	1	93	93	0.24973089343429802	1	1	267	196	2	0	C
barcode74_consensus_vsearch	2012	T	*/-C	449	10	2.15%	2	2	93	93	9.29368823401496E-4	1	1	269	180	1	9	-C
barcode74_consensus_vsearch	2013	C	C	451	2	0.44%	2	1	93	93	0.24972375690606977	1	1	266	185	2	0	+A
barcode74_consensus_vsearch	2014	C	C	462	2	0.43%	2	1	93	93	0.24973031283711408	1	1	268	194	0	2	-T
barcode74_consensus_vsearch	2015	T	T	459	4	0.86%	2	2	93	93	0.06209481420755567	1	1	266	193	3	1	+C
barcode74_consensus_vsearch	2016	C	C	463	2	0.43%	2	1	93	93	0.24973089343429802	1	1	270	193	0	2	+TC
barcode74_consensus_vsearch	2017	C	C	458	6	1.29%	2	2	93	93	0.015372987983405329	1	1	264	194	4	2	-G
barcode74_consensus_vsearch	2018	G	G	448	6	1.3%	2	1	93	93	0.015367449445331104	1	1	261	187	0	6	-CTG
barcode74_consensus_vsearch	2019	C	C	450	5	1.09%	2	2	93	93	0.030906784173455357	1	1	265	185	4	1	A
barcode74_consensus_vsearch	2020	T	T	447	4	0.87%	2	2	93	93	0.06208402726417696	1	1	266	181	3	1	A
barcode74_consensus_vsearch	2021	G	G	454	3	0.66%	2	1	93	93	0.12458926615549139	1	1	266	188	3	0	-A
barcode74_consensus_vsearch	2022	A	A	459	3	0.65%	2	1	93	93	0.12459371614300269	1	1	264	195	3	0	G
barcode74_consensus_vsearch	2023	T	T	461	2	0.43%	2	1	93	93	0.24972972972924576	1	1	268	193	0	2	C
barcode74_consensus_vsearch	2024	T	T	460	1	0.22%	2	1	93	93	0.4999999999999138	1	1	268	192	1	0	-A
barcode74_consensus_vsearch	2025	A	A	459	3	0.65%	2	2	93	93	0.12459371614300269	1	1	267	192	1	2	G
barcode74_consensus_vsearch	2026	A	A	459	3	0.65%	2	2	93	93	0.12459371614300269	1	1	267	192	2	1	G
barcode74_consensus_vsearch	2027	T	T	464	0	0%	2	0	93	0	1.0	1	0	270	194	0	0	
barcode74_consensus_vsearch	2028	A	A	464	1	0.22%	2	1	93	93	0.4999999999999138	1	1	269	195	1	0	-T
barcode74_consensus_vsearch	2029	T	T	461	1	0.22%	2	1	93	93	0.5000000000008233	1	1	266	195	0	1	+AT
barcode74_consensus_vsearch	2030	G	G	457	4	0.86%	2	2	93	93	0.062093055403000016	1	1	263	194	3	1	A
barcode74_consensus_vsearch	2031	C	C	452	6	1.3%	2	2	93	93	0.015369693818747027	1	1	266	186	1	5	-T
barcode74_consensus_vsearch	2032	T	T	455	1	0.22%	2	1	93	93	0.4999999999999138	1	1	266	189	0	1	+C
barcode74_consensus_vsearch	2033	T	T	447	6	1.29%	2	2	93	93	0.015366882172830807	1	1	262	185	1	5	-A
barcode74_consensus_vsearch	2034	A	A	452	2	0.44%	2	1	93	93	0.24972436604191225	1	1	266	186	2	0	C
barcode74_consensus_vsearch	2035	A	A	452	6	1.3%	2	2	93	93	0.015369693818747027	1	1	268	184	1	5	G
barcode74_consensus_vsearch	2036	G	G	454	2	0.43%	2	1	93	93	0.2497255762896723	1	1	266	188	0	2	+C
barcode74_consensus_vsearch	2037	T	*/+C	445	12	2.58%	2	1	93	93	2.269233384575168E-4	1	1	253	192	12	0	+C
barcode74_consensus_vsearch	2038	C	C	457	4	0.86%	2	2	93	93	0.062093055403000016	1	1	265	192	3	1	-T
barcode74_consensus_vsearch	2039	T	Y	448	8	1.74%	2	2	93	93	0.0037871780401863946	1	1	259	189	2	6	C
barcode74_consensus_vsearch	2040	A	R	434	21	4.56%	2	2	93	93	3.765559111172498E-7	1	1	243	191	19	2	G
barcode74_consensus_vsearch	2041	G	G	457	1	0.22%	2	1	93	93	0.4999999999999138	1	1	263	194	1	0	+CCC
barcode74_consensus_vsearch	2042	C	*/-G	444	9	1.95%	2	2	93	93	0.0018763317016516773	1	1	257	187	5	4	-G
barcode74_consensus_vsearch	2043	G	R	443	7	1.55%	2	1	93	93	0.00763102167395619	1	1	252	191	7	0	A
barcode74_consensus_vsearch	2044	G	G	462	3	0.65%	2	1	93	93	0.12459634015068409	1	1	266	196	3	0	A
barcode74_consensus_vsearch	2045	G	G	463	2	0.43%	2	1	93	93	0.24973089343429802	1	1	268	195	2	0	T
barcode74_consensus_vsearch	2046	T	Y	458	7	1.5%	2	2	93	93	0.0076368503276010025	1	1	266	192	4	3	C
barcode74_consensus_vsearch	2047	C	C	457	4	0.86%	2	1	93	93	0.062093055403000016	1	1	267	190	0	4	+A
barcode74_consensus_vsearch	2048	G	G	456	4	0.86%	2	2	93	93	0.062092170262314485	1	1	264	192	1	3	+C
barcode74_consensus_vsearch	2049	T	+C/+C	70	383	82.19%	2	2	93	93	9.11250650717729E-184	1	1	53	17	212	171	+C
barcode74_consensus_vsearch	2050	C	C	463	1	0.22%	2	1	93	93	0.4999999999990043	1	1	267	196	1	0	+T
barcode74_consensus_vsearch	2051	C	*/-A	412	34	7.3%	2	1	93	93	3.027692743678232E-11	1	1	228	184	34	0	-A
barcode74_consensus_vsearch	2052	A	*/-C	270	136	32.08%	2	2	93	93	1.3383341393781478E-47	1	1	121	149	98	38	-C
barcode74_consensus_vsearch	2053	C	C	309	6	1.88%	2	2	93	93	0.015254166634965757	1	1	155	154	4	2	+A
barcode74_consensus_vsearch	2054	C	M	429	29	6.28%	2	1	93	93	1.1787497281478761E-9	1	1	234	195	29	0	A
barcode74_consensus_vsearch	2055	C	M	454	7	1.51%	2	2	93	93	0.007635332943374405	1	1	259	195	6	1	A
barcode74_consensus_vsearch	2056	C	C	464	1	0.21%	2	1	93	93	0.4999999999999138	1	1	268	196	1	0	A
barcode74_consensus_vsearch	2057	C	M	456	9	1.93%	2	1	93	93	0.0018782929787467238	1	1	260	196	9	0	A
barcode74_consensus_vsearch	2058	G	K	455	8	1.72%	2	1	93	93	0.003788965477306861	1	1	260	195	8	0	T
barcode74_consensus_vsearch	2059	T	T	458	3	0.65%	2	1	93	93	0.12459283387624695	1	1	262	196	3	0	C
barcode74_consensus_vsearch	2060	G	*/-AG	439	18	3.9%	2	1	93	93	3.21615593583041E-6	1	1	245	194	18	0	-AG
barcode74_consensus_vsearch	2061	A	*/+G	431	7	1.57%	2	1	93	93	0.007626072650234986	1	1	235	196	7	0	+G
barcode74_consensus_vsearch	2062	G	G	441	1	0.23%	2	1	93	93	0.5000000000008233	1	1	246	195	1	0	+AG
barcode74_consensus_vsearch	2063	G	G	462	1	0.21%	2	1	93	93	0.4999999999990043	1	1	268	194	0	1	+C
barcode74_consensus_vsearch	2064	T	T	460	3	0.65%	2	2	93	93	0.1245945945946921	1	1	267	193	1	2	C
barcode74_consensus_vsearch	2065	C	*/-AT	446	10	2.15%	2	1	93	93	9.290628161964562E-4	1	1	252	194	10	0	-AT
barcode74_consensus_vsearch	2066	A	A	435	5	1.11%	2	1	93	93	0.030895090435182324	1	1	248	187	5	0	G
barcode74_consensus_vsearch	2067	T	T	438	4	0.89%	2	2	93	93	0.0620755524648183	1	1	250	188	2	2	C
barcode74_consensus_vsearch	2068	G	G	447	4	0.88%	2	2	93	93	0.06208402726417696	1	1	260	187	3	1	A
barcode74_consensus_vsearch	2069	T	*/-GT	390	47	10.28%	2	2	93	93	1.9228850346619807E-15	1	1	243	147	10	37	-GT
barcode74_consensus_vsearch	2070	G	R	400	7	1.69%	2	2	93	93	0.007611943705349879	1	1	248	152	6	1	A
barcode74_consensus_vsearch	2071	T	*/-A	382	10	2.43%	2	2	93	93	9.214378424824657E-4	1	1	237	145	8	2	-A
barcode74_consensus_vsearch	2072	A	A	439	5	1.11%	2	2	93	93	0.030898285976353152	1	1	254	185	1	4	G
barcode74_consensus_vsearch	2073	G	*/-A	444	8	1.73%	2	2	93	93	0.0037861319732248877	1	1	252	192	6	2	-A
barcode74_consensus_vsearch	2074	A	A	450	2	0.44%	2	1	93	93	0.24972314507259671	1	1	256	194	2	0	G
barcode74_consensus_vsearch	2075	A	*/+G	416	35	7.56%	2	2	93	93	1.4655419324750413E-11	1	1	256	160	7	28	+G
barcode74_consensus_vsearch	2076	G	G	450	2	0.44%	2	1	93	93	0.24972314507259671	1	1	260	190	2	0	+AG
barcode74_consensus_vsearch	2077	G	G	461	1	0.22%	2	1	93	93	0.5000000000008233	1	1	268	193	0	1	A
barcode74_consensus_vsearch	2078	G	G	464	1	0.21%	2	1	93	93	0.4999999999999138	1	1	269	195	0	1	+AAG
barcode74_consensus_vsearch	2079	C	C	459	4	0.86%	2	2	93	93	0.06209481420755567	1	1	264	195	3	1	-GC
barcode74_consensus_vsearch	2080	G	G	461	1	0.22%	2	1	93	93	0.5000000000008233	1	1	266	195	1	0	A
barcode74_consensus_vsearch	2081	C	C	449	4	0.87%	2	1	93	93	0.06208586479697461	1	1	265	184	0	4	+T
barcode74_consensus_vsearch	2082	T	T	453	6	1.3%	2	2	93	93	0.015370248813581264	1	1	267	186	2	4	C
barcode74_consensus_vsearch	2083	A	R	278	185	39.78%	2	2	93	93	1.719465513282348E-66	1	1	173	105	96	89	G
barcode74_consensus_vsearch	2084	T	T	458	4	0.86%	2	2	93	93	0.06209393670973901	1	1	265	193	2	2	C
barcode74_consensus_vsearch	2085	C	C	463	1	0.22%	2	1	93	93	0.4999999999990043	1	1	267	196	1	0	+A
barcode74_consensus_vsearch	2086	G	G	464	2	0.43%	2	1	93	93	0.2497314715357706	1	1	268	196	2	0	A
barcode74_consensus_vsearch	2087	C	C	459	5	1.07%	2	1	93	93	0.030913437709528726	1	1	263	196	5	0	T
barcode74_consensus_vsearch	2088	G	G	453	4	0.86%	2	2	93	93	0.062089491585691256	1	1	262	191	3	1	-CG
barcode74_consensus_vsearch	2089	C	C	454	2	0.44%	2	1	93	93	0.2497255762896723	1	1	264	190	0	2	-G
barcode74_consensus_vsearch	2090	G	R	444	8	1.75%	2	1	93	93	0.0037861319732248877	1	1	254	190	8	0	A
barcode74_consensus_vsearch	2091	G	G	456	4	0.86%	2	1	93	93	0.062092170262314485	1	1	263	193	4	0	T
barcode74_consensus_vsearch	2092	T	T	456	2	0.43%	2	1	93	93	0.24972677595608425	1	1	263	193	2	0	+C
barcode74_consensus_vsearch	2093	G	*/-TG	425	9	1.94%	2	1	93	93	0.0018730070190884252	1	1	242	183	0	9	-TG
barcode74_consensus_vsearch	2094	T	Y	426	16	3.56%	2	2	93	93	1.3289564848969628E-5	1	1	246	180	13	3	C
barcode74_consensus_vsearch	2095	G	G	430	6	1.32%	2	2	93	93	0.015356841341651906	1	1	252	178	5	1	C
barcode74_consensus_vsearch	2096	A	*/+G	450	8	1.74%	2	1	93	93	0.003787694271375089	1	1	257	193	8	0	+G
barcode74_consensus_vsearch	2097	T	*/-C	412	29	6.25%	2	2	93	93	1.1574519676521972E-9	1	1	243	169	10	19	-C
barcode74_consensus_vsearch	2098	C	C	435	2	0.46%	2	2	93	93	0.24971363115699957	1	1	259	176	1	1	T
barcode74_consensus_vsearch	2099	C	C	462	2	0.43%	2	1	93	93	0.24973031283711408	1	1	267	195	2	0	+T
barcode74_consensus_vsearch	2100	C	C	458	4	0.86%	2	2	93	93	0.06209393670973901	1	1	265	193	2	2	-T
barcode74_consensus_vsearch	2101	T	T	452	5	1.08%	2	2	93	93	0.030908285371709306	1	1	261	191	4	1	+C
barcode74_consensus_vsearch	2102	C	C	463	1	0.22%	2	1	93	93	0.4999999999990043	1	1	268	195	1	0	+AC
barcode74_consensus_vsearch	2103	C	C	454	4	0.86%	2	1	93	93	0.06209038837901774	1	1	266	188	0	4	+G
barcode74_consensus_vsearch	2104	G	G	459	3	0.65%	2	1	93	93	0.12459371614300269	1	1	265	194	3	0	C
barcode74_consensus_vsearch	2105	C	*/+G	435	18	3.86%	2	2	93	93	3.2112166959811652E-6	1	1	259	176	4	14	+G
barcode74_consensus_vsearch	2106	A	R	284	171	37.42%	2	2	93	93	8.136904681228084E-61	1	1	174	110	89	82	G
barcode74_consensus_vsearch	2107	G	*/-A	449	9	1.93%	2	2	93	93	0.001877161257840413	1	1	257	192	6	3	-A
barcode74_consensus_vsearch	2108	A	*/-G	435	13	2.87%	2	1	93	93	1.1175501046296811E-4	1	1	245	190	13	0	-G
barcode74_consensus_vsearch	2109	G	*/-AG	399	38	8.48%	2	2	93	93	1.5694738408221542E-12	1	1	216	183	28	10	-AG
barcode74_consensus_vsearch	2110	A	*/+G	399	7	1.67%	2	2	93	93	0.007611452190916357	1	1	229	170	3	4	+G
barcode74_consensus_vsearch	2111	G	G	414	3	0.71%	2	2	93	93	0.12454981992829928	1	1	235	179	2	1	A
barcode74_consensus_vsearch	2112	G	G	459	4	0.86%	2	1	93	93	0.06209481420755567	1	1	264	195	4	0	-A
barcode74_consensus_vsearch	2113	A	A	459	2	0.43%	2	1	93	93	0.2497285559174766	1	1	266	193	0	2	-T
barcode74_consensus_vsearch	2114	T	T	460	4	0.86%	2	2	93	93	0.062095687920911566	1	1	268	192	2	2	C
barcode74_consensus_vsearch	2115	C	*/-T	447	12	2.58%	2	2	93	93	2.2699658258221208E-4	1	1	267	180	1	11	-T
barcode74_consensus_vsearch	2116	T	T	448	3	0.66%	2	2	93	93	0.12458379578250524	1	1	266	182	1	2	C
barcode74_consensus_vsearch	2117	T	T	457	4	0.86%	2	1	93	93	0.062093055403000016	1	1	269	188	0	4	+G
barcode74_consensus_vsearch	2118	G	G	462	2	0.43%	2	1	93	93	0.24973031283711408	1	1	268	194	0	2	-C
barcode74_consensus_vsearch	2119	C	Y	446	8	1.72%	2	2	93	93	0.0037866572939678073	1	1	261	185	3	5	T
barcode74_consensus_vsearch	2120	G	G	455	1	0.22%	2	1	93	93	0.4999999999999138	1	1	263	192	1	0	-CACG
barcode74_consensus_vsearch	2121	C	C	450	3	0.66%	2	2	93	93	0.12458563535931859	1	1	261	189	2	1	-A
barcode74_consensus_vsearch	2122	A	A	452	3	0.66%	2	2	93	93	0.12458745874590603	1	1	259	193	2	1	G
barcode74_consensus_vsearch	2123	C	*/-G	442	11	2.38%	2	2	93	93	4.591936353588643E-4	1	1	247	195	10	1	-G
barcode74_consensus_vsearch	2124	G	G	435	6	1.32%	2	1	93	93	0.015359874699953162	1	1	246	189	6	0	+A
barcode74_consensus_vsearch	2125	A	A	446	5	1.09%	2	1	93	93	0.030903741856461314	1	1	255	191	5	0	G
barcode74_consensus_vsearch	2126	G	G	451	5	1.09%	2	1	93	93	0.03090753641767135	1	1	260	191	5	0	-A
barcode74_consensus_vsearch	2127	A	R	445	8	1.75%	2	2	93	93	0.0037863952091791225	1	1	255	190	7	1	G
barcode74_consensus_vsearch	2128	C	C	460	1	0.22%	2	1	93	93	0.4999999999999138	1	1	266	194	1	0	+AC
barcode74_consensus_vsearch	2129	G	*/-A	455	7	1.51%	2	1	93	93	0.007635714741848557	1	1	261	194	7	0	-A
barcode74_consensus_vsearch	2130	A	A	450	2	0.44%	2	1	93	93	0.24972314507259671	1	1	259	191	0	2	+CG
barcode74_consensus_vsearch	2131	T	Y	287	173	37.45%	2	2	93	93	1.5825325411372357E-61	1	1	174	113	94	79	C
barcode74_consensus_vsearch	2132	G	G	454	4	0.87%	2	1	93	93	0.06209038837901774	1	1	262	192	4	0	A
barcode74_consensus_vsearch	2133	C	C	453	4	0.86%	2	1	93	93	0.062089491585691256	1	1	261	192	4	0	+G
barcode74_consensus_vsearch	2134	A	A	449	5	1.08%	2	1	93	93	0.030906028617208876	1	1	258	191	5	0	-G
barcode74_consensus_vsearch	2135	G	G	458	1	0.22%	2	1	93	93	0.4999999999999138	1	1	262	196	1	0	+A
barcode74_consensus_vsearch	2136	G	*/-C	426	33	7.08%	2	2	93	93	6.412005242375973E-11	1	1	234	192	32	1	-C
barcode74_consensus_vsearch	2137	C	C	427	2	0.46%	2	2	93	93	0.24970828471410914	1	1	234	193	1	1	A
barcode74_consensus_vsearch	2138	C	C	458	2	0.43%	2	1	93	93	0.24972796517908835	1	1	264	194	2	0	+A
barcode74_consensus_vsearch	2139	C	C	456	3	0.65%	2	2	93	93	0.12459105779723775	1	1	264	192	1	2	T
barcode74_consensus_vsearch	2140	A	*/-C	442	9	1.96%	2	2	93	93	0.0018759947844450028	1	1	261	181	1	8	-C
barcode74_consensus_vsearch	2141	C	C	450	1	0.22%	2	1	93	93	0.5000000000008233	1	1	263	187	1	0	+AC
barcode74_consensus_vsearch	2142	C	*/-TC	453	7	1.51%	2	2	93	93	0.00763494949227727	1	1	266	187	1	6	-TC
barcode74_consensus_vsearch	2143	T	T	452	2	0.44%	2	1	93	93	0.24972436604191225	1	1	267	185	0	2	-C
barcode74_consensus_vsearch	2144	C	C	449	3	0.66%	2	1	93	93	0.12458471760810089	1	1	267	182	0	3	+G
barcode74_consensus_vsearch	2145	G	G	465	0	0%	2	0	93	0	1.0	1	0	269	196	0	0	
barcode74_consensus_vsearch	2146	A	A	463	2	0.43%	2	2	93	93	0.24973089343429802	1	1	268	195	1	1	G
barcode74_consensus_vsearch	2147	C	C	463	1	0.22%	2	1	93	93	0.4999999999990043	1	1	267	196	1	0	+GC
barcode74_consensus_vsearch	2148	A	A	462	2	0.43%	2	1	93	93	0.24973031283711408	1	1	267	195	2	0	G
barcode74_consensus_vsearch	2149	T	T	460	3	0.65%	2	2	93	93	0.1245945945946921	1	1	267	193	2	1	C
barcode74_consensus_vsearch	2150	T	T	463	1	0.22%	2	1	93	93	0.4999999999990043	1	1	267	196	1	0	+G
barcode74_consensus_vsearch	2151	C	C	456	3	0.65%	2	2	93	93	0.12459105779723775	1	1	263	193	1	2	-A
barcode74_consensus_vsearch	2152	A	A	451	5	1.08%	2	2	93	93	0.03090753641767135	1	1	261	190	2	3	G
barcode74_consensus_vsearch	2153	T	T	456	6	1.3%	2	2	93	93	0.015371899414478795	1	1	265	191	3	3	C
barcode74_consensus_vsearch	2154	G	G	464	1	0.22%	2	1	93	93	0.4999999999999138	1	1	270	194	0	1	+CG
barcode74_consensus_vsearch	2155	A	A	459	5	1.08%	2	2	93	93	0.030913437709528726	1	1	265	194	4	1	G
barcode74_consensus_vsearch	2156	C	*/+A	452	10	2.15%	2	1	93	93	9.296709138046124E-4	1	1	258	194	10	0	+A
barcode74_consensus_vsearch	2157	A	A	460	3	0.65%	2	2	93	93	0.1245945945946921	1	1	266	194	2	1	G
barcode74_consensus_vsearch	2158	A	A	461	3	0.64%	2	1	93	93	0.12459546925571133	1	1	269	192	0	3	G
barcode74_consensus_vsearch	2159	G	G	462	1	0.22%	2	1	93	93	0.4999999999990043	1	1	268	194	0	1	+C
barcode74_consensus_vsearch	2160	G	G	464	2	0.43%	2	1	93	93	0.2497314715357706	1	1	268	196	2	0	A
barcode74_consensus_vsearch	2161	T	T	460	4	0.86%	2	1	93	93	0.062095687920911566	1	1	264	196	4	0	C
barcode74_consensus_vsearch	2162	C	C	461	2	0.43%	2	1	93	93	0.24972972972924576	1	1	266	195	2	0	+T
barcode74_consensus_vsearch	2163	A	A	457	3	0.65%	2	2	93	93	0.12459194776934993	1	1	264	193	2	1	-C
barcode74_consensus_vsearch	2164	C	C	458	4	0.87%	2	2	93	93	0.06209393670973901	1	1	266	192	1	3	T
barcode74_consensus_vsearch	2165	C	Y	444	18	3.86%	2	2	93	93	3.2222177240636873E-6	1	1	268	176	1	17	T
barcode74_consensus_vsearch	2166	G	*/+C	442	23	4.95%	2	1	93	93	9.020314872096881E-8	1	1	269	173	0	23	+C
barcode74_consensus_vsearch	2167	C	C	456	3	0.64%	2	2	93	93	0.12459105779723775	1	1	264	192	2	1	T
barcode74_consensus_vsearch	2168	T	Y	415	27	5.83%	2	2	93	93	4.947574709195323E-9	1	1	262	153	2	25	C
barcode74_consensus_vsearch	2169	C	C	431	6	1.35%	2	2	93	93	0.015357453553398438	1	1	258	173	5	1	-G
barcode74_consensus_vsearch	2170	G	G	452	4	0.87%	2	1	93	93	0.062088590856761904	1	1	259	193	4	0	A
barcode74_consensus_vsearch	2171	C	C	454	3	0.65%	2	2	93	93	0.12458926615549139	1	1	267	187	1	2	T
barcode74_consensus_vsearch	2172	T	T	458	3	0.65%	2	1	93	93	0.12459283387624695	1	1	270	188	0	3	C
barcode74_consensus_vsearch	2173	T	T	456	4	0.86%	2	1	93	93	0.062092170262314485	1	1	269	187	0	4	-C
barcode74_consensus_vsearch	2174	C	C	450	4	0.87%	2	2	93	93	0.062086777488655716	1	1	267	183	1	3	+T
barcode74_consensus_vsearch	2175	G	R	453	10	2.16%	2	2	93	93	9.297707531715176E-4	1	1	261	192	9	1	A
barcode74_consensus_vsearch	2176	G	G	463	2	0.43%	2	1	93	93	0.24973089343429802	1	1	268	195	2	0	A
barcode74_consensus_vsearch	2177	C	C	459	2	0.43%	2	1	93	93	0.2497285559174766	1	1	266	193	2	0	+T
barcode74_consensus_vsearch	2178	G	G	461	3	0.64%	2	1	93	93	0.12459546925571133	1	1	266	195	3	0	A
barcode74_consensus_vsearch	2179	C	C	464	1	0.22%	2	1	93	93	0.4999999999999138	1	1	269	195	1	0	T
barcode74_consensus_vsearch	2180	A	R	457	7	1.51%	2	2	93	93	0.007636473423421301	1	1	265	192	5	2	G
barcode74_consensus_vsearch	2181	G	G	462	3	0.64%	2	1	93	93	0.12459634015068409	1	1	267	195	3	0	-C
barcode74_consensus_vsearch	2182	C	C	461	1	0.22%	2	1	93	93	0.5000000000008233	1	1	265	196	1	0	+G
barcode74_consensus_vsearch	2183	C	*/-A	386	57	12.23%	2	2	93	93	1.0116696178885932E-18	1	1	198	188	54	3	-A
barcode74_consensus_vsearch	2184	A	R	288	115	28.19%	2	2	93	93	1.7606926704820523E-39	1	1	181	107	29	86	G
barcode74_consensus_vsearch	2185	A	R	429	14	3.01%	2	2	93	93	5.498981101612605E-5	1	1	241	188	12	2	G
barcode74_consensus_vsearch	2186	T	Y	446	8	1.73%	2	2	93	93	0.0037866572939678073	1	1	263	183	2	6	C
barcode74_consensus_vsearch	2187	T	Y	454	7	1.51%	2	1	93	93	0.007635332943374405	1	1	269	185	0	7	C
barcode74_consensus_vsearch	2188	C	C	461	1	0.22%	2	1	93	93	0.5000000000008233	1	1	270	191	0	1	T
barcode74_consensus_vsearch	2189	A	A	458	3	0.65%	2	1	93	93	0.12459283387624695	1	1	266	192	3	0	G
barcode74_consensus_vsearch	2190	T	*/+C	452	10	2.15%	2	2	93	93	9.296709138046124E-4	1	1	261	191	9	1	+C
barcode74_consensus_vsearch	2191	C	C	455	6	1.3%	2	2	93	93	0.015371351595895005	1	1	267	188	3	3	-T
barcode74_consensus_vsearch	2192	T	*/+G	442	12	2.61%	2	1	93	93	2.2681229177552487E-4	1	1	265	177	0	12	+G
barcode74_consensus_vsearch	2193	G	G	451	5	1.08%	2	2	93	93	0.03090753641767135	1	1	263	188	2	3	-A
barcode74_consensus_vsearch	2194	A	*/-G	415	27	5.88%	2	2	93	93	4.947574709195323E-9	1	1	238	177	25	2	-G
barcode74_consensus_vsearch	2195	G	G	419	5	1.16%	2	2	93	93	0.03088170570687224	1	1	237	182	1	4	T
barcode74_consensus_vsearch	2196	G	*/-A	446	8	1.75%	2	2	93	93	0.0037866572939678073	1	1	256	190	7	1	-A
barcode74_consensus_vsearch	2197	A	W	440	8	1.76%	2	1	93	93	0.0037850673649748043	1	1	257	183	0	8	T
barcode74_consensus_vsearch	2198	A	A	463	1	0.22%	2	1	93	93	0.4999999999990043	1	1	267	196	1	0	C
barcode74_consensus_vsearch	2199	G	G	464	1	0.22%	2	1	93	93	0.4999999999999138	1	1	268	196	1	0	A
barcode74_consensus_vsearch	2200	C	C	460	2	0.43%	2	2	93	93	0.24972914409526598	1	1	267	193	1	1	-G
barcode74_consensus_vsearch	2201	G	G	455	6	1.3%	2	2	93	93	0.015371351595895005	1	1	266	189	1	5	-CG
barcode74_consensus_vsearch	2202	C	C	450	4	0.87%	2	2	93	93	0.062086777488655716	1	1	265	185	1	3	-G
barcode74_consensus_vsearch	2203	G	G	453	1	0.22%	2	1	93	93	0.4999999999990043	1	1	266	187	0	1	+CG
barcode74_consensus_vsearch	2204	G	G	458	4	0.86%	2	1	93	93	0.06209393670973901	1	1	264	194	4	0	-C
barcode74_consensus_vsearch	2205	C	C	455	2	0.43%	2	1	93	93	0.24972617743652814	1	1	263	192	0	2	+A
barcode74_consensus_vsearch	2206	C	C	457	3	0.64%	2	1	93	93	0.12459194776934993	1	1	261	196	3	0	+A
barcode74_consensus_vsearch	2207	A	A	456	4	0.86%	2	1	93	93	0.062092170262314485	1	1	261	195	4	0	+G
barcode74_consensus_vsearch	2208	G	*/+A	456	7	1.51%	2	1	93	93	0.007636094898325736	1	1	261	195	7	0	+A
barcode74_consensus_vsearch	2209	A	A	452	5	1.08%	2	1	93	93	0.030908285371709306	1	1	259	193	5	0	G
barcode74_consensus_vsearch	2210	G	G	454	3	0.65%	2	1	93	93	0.12458926615549139	1	1	261	193	3	0	+AG
barcode74_consensus_vsearch	2211	G	G	458	3	0.64%	2	1	93	93	0.12459283387624695	1	1	264	194	3	0	A
barcode74_consensus_vsearch	2212	C	C	452	5	1.08%	2	2	93	93	0.030908285371709306	1	1	263	189	4	1	-T
barcode74_consensus_vsearch	2213	T	T	451	4	0.87%	2	2	93	93	0.06208768616665174	1	1	262	189	2	2	C
barcode74_consensus_vsearch	2214	G	G	451	5	1.08%	2	1	93	93	0.03090753641767135	1	1	262	189	5	0	+T
barcode74_consensus_vsearch	2215	G	*/+C	439	10	2.16%	2	1	93	93	9.283331329900578E-4	1	1	248	191	10	0	+C
barcode74_consensus_vsearch	2216	C	C	450	2	0.44%	2	2	93	93	0.24972314507259671	1	1	258	192	1	1	T
barcode74_consensus_vsearch	2217	C	C	455	3	0.65%	2	2	93	93	0.12459016393415773	1	1	262	193	2	1	A
barcode74_consensus_vsearch	2218	G	*/-TG	449	8	1.72%	2	1	93	93	0.0037874367164761535	1	1	264	185	0	8	-TG
barcode74_consensus_vsearch	2219	T	T	441	3	0.66%	2	1	93	93	0.12457722660661777	1	1	259	182	3	0	-G
barcode74_consensus_vsearch	2220	G	*/-A	438	9	1.98%	2	1	93	93	0.001875312003649851	1	1	256	182	9	0	-A
barcode74_consensus_vsearch	2221	A	A	453	2	0.44%	2	1	93	93	0.24972497249691156	1	1	258	195	2	0	G
barcode74_consensus_vsearch	2222	A	R	450	9	1.94%	2	1	93	93	0.0018773250232725807	1	1	258	192	9	0	G
barcode74_consensus_vsearch	2223	T	*/-C	428	15	3.24%	2	2	93	93	2.7053473538898E-5	1	1	237	191	14	1	-C
barcode74_consensus_vsearch	2224	C	C	438	1	0.23%	2	1	93	93	0.4999999999999138	1	1	243	195	1	0	+T
barcode74_consensus_vsearch	2225	C	C	448	2	0.44%	2	2	93	93	0.24972191323697995	1	1	255	193	1	1	A
barcode74_consensus_vsearch	2226	C	Y	418	26	5.58%	2	2	93	93	1.0222311992636743E-8	1	1	250	168	1	25	T
barcode74_consensus_vsearch	2227	G	*/-A	440	21	4.54%	2	1	93	93	3.7774144630662095E-7	1	1	244	196	21	0	-A
barcode74_consensus_vsearch	2228	A	A	439	3	0.68%	2	2	93	93	0.12457531143833234	1	1	244	195	2	1	G
barcode74_consensus_vsearch	2229	A	*/-CC	401	39	8.39%	2	1	93	93	7.538239447214951E-13	1	1	213	188	39	0	-CC
barcode74_consensus_vsearch	2230	C	C	400	6	1.47%	2	1	93	93	0.015337076164670276	1	1	211	189	6	0	G
barcode74_consensus_vsearch	2231	C	S	415	8	1.87%	2	1	93	93	0.003777960974854116	1	1	220	195	8	0	G
barcode74_consensus_vsearch	2232	C	*/-G	446	15	3.22%	2	2	93	93	2.7183100842401805E-5	1	1	267	179	1	14	-G
barcode74_consensus_vsearch	2233	G	G	441	5	1.11%	2	1	93	93	0.030899862264693823	1	1	264	177	0	5	T
barcode74_consensus_vsearch	2234	G	G	465	1	0.21%	2	1	93	93	0.5000000000008233	1	1	269	196	1	0	-A
barcode74_consensus_vsearch	2235	A	A	459	2	0.43%	2	1	93	93	0.2497285559174766	1	1	265	194	2	0	G
barcode74_consensus_vsearch	2236	C	C	453	5	1.07%	2	1	93	93	0.03090903105714376	1	1	258	195	5	0	-A
barcode74_consensus_vsearch	2237	A	*/-G	363	85	18.56%	2	2	93	93	3.1507135805269384E-28	1	1	205	158	50	35	-G
barcode74_consensus_vsearch	2238	G	G	367	6	1.6%	2	1	93	93	0.015311672358019005	1	1	208	159	6	0	A
barcode74_consensus_vsearch	2239	G	G	460	2	0.43%	2	2	93	93	0.24972914409526598	1	1	266	194	1	1	+A
barcode74_consensus_vsearch	2240	G	G	463	1	0.21%	2	1	93	93	0.4999999999990043	1	1	267	196	1	0	+A
barcode74_consensus_vsearch	2241	A	*/-GA	419	30	6.45%	2	1	93	93	5.643338338880112E-10	1	1	226	193	30	0	-GA
barcode74_consensus_vsearch	2242	G	*/+A	397	15	3.56%	2	2	93	93	2.680494198264461E-5	1	1	214	183	9	6	+A
barcode74_consensus_vsearch	2243	A	A	422	2	0.47%	2	1	93	93	0.2497048406136616	1	1	233	189	0	2	G
barcode74_consensus_vsearch	2244	A	A	457	2	0.43%	2	1	93	93	0.24972737186467478	1	1	264	193	2	0	G
barcode74_consensus_vsearch	2245	A	A	456	4	0.86%	2	2	93	93	0.062092170262314485	1	1	264	192	3	1	G
barcode74_consensus_vsearch	2246	G	G	457	2	0.43%	2	1	93	93	0.24972737186467478	1	1	266	191	0	2	+C
barcode74_consensus_vsearch	2247	A	A	456	3	0.65%	2	1	93	93	0.12459105779723775	1	1	263	193	0	3	+C
barcode74_consensus_vsearch	2248	C	*/-T	446	14	3.02%	2	1	93	93	5.520537128080094E-5	1	1	266	180	0	14	-T
barcode74_consensus_vsearch	2249	T	*/-C	396	49	10.89%	2	2	93	93	4.3879889482566174E-16	1	1	252	144	16	33	-C
barcode74_consensus_vsearch	2250	C	C	411	1	0.24%	2	1	93	93	0.4999999999999138	1	1	252	159	1	0	T
barcode74_consensus_vsearch	2251	C	Y	420	15	3.24%	2	1	93	93	2.6992573667884224E-5	1	1	255	165	0	15	T
barcode74_consensus_vsearch	2252	G	G	451	4	0.88%	2	1	93	93	0.06208768616665174	1	1	256	195	4	0	-A
barcode74_consensus_vsearch	2253	A	A	457	3	0.65%	2	2	93	93	0.12459194776934993	1	1	263	194	2	1	G
barcode74_consensus_vsearch	2254	G	G	460	2	0.43%	2	2	93	93	0.24972914409526598	1	1	268	192	1	1	+C
barcode74_consensus_vsearch	2255	T	T	459	4	0.86%	2	2	93	93	0.06209481420755567	1	1	268	191	2	2	C
barcode74_consensus_vsearch	2256	C	C	464	0	0%	2	0	93	0	1.0	1	0	270	194	0	0	
barcode74_consensus_vsearch	2257	G	R	282	180	38.71%	2	2	93	93	2.1077213267009666E-64	1	1	172	110	96	84	A
barcode74_consensus_vsearch	2258	C	C	459	2	0.43%	2	1	93	93	0.2497285559174766	1	1	264	195	2	0	+A
barcode74_consensus_vsearch	2259	G	G	454	3	0.65%	2	1	93	93	0.12458926615549139	1	1	260	194	3	0	+A
barcode74_consensus_vsearch	2260	A	A	457	2	0.44%	2	1	93	93	0.24972737186467478	1	1	262	195	2	0	G
barcode74_consensus_vsearch	2261	A	*/-GA	449	10	2.16%	2	1	93	93	9.29368823401496E-4	1	1	254	195	10	0	-GA
barcode74_consensus_vsearch	2262	G	G	451	2	0.44%	2	1	93	93	0.24972375690606977	1	1	257	194	2	0	-A
barcode74_consensus_vsearch	2263	A	A	446	4	0.88%	2	2	93	93	0.06208310236944096	1	1	253	193	2	2	G
barcode74_consensus_vsearch	2264	C	C	464	1	0.21%	2	1	93	93	0.4999999999999138	1	1	269	195	1	0	+G
barcode74_consensus_vsearch	2265	A	A	458	3	0.65%	2	2	93	93	0.12459283387624695	1	1	266	192	2	1	G
barcode74_consensus_vsearch	2266	T	T	459	2	0.43%	2	1	93	93	0.2497285559174766	1	1	267	192	2	0	C
barcode74_consensus_vsearch	2267	A	A	459	1	0.22%	2	1	93	93	0.4999999999999138	1	1	268	191	1	0	+CC
barcode74_consensus_vsearch	2268	A	A	457	5	1.08%	2	1	93	93	0.030911981535900093	1	1	263	194	5	0	T
barcode74_consensus_vsearch	2269	T	T	459	6	1.29%	2	2	93	93	0.01537352876406143	1	1	269	190	1	5	C
barcode74_consensus_vsearch	2270	G	G	466	0	0%	2	0	93	0	1.0	1	0	270	196	0	0	
barcode74_consensus_vsearch	2271	A	A	461	2	0.43%	2	2	93	93	0.24972972972924576	1	1	267	194	1	1	-C
barcode74_consensus_vsearch	2272	C	C	460	2	0.43%	2	2	93	93	0.24972914409526598	1	1	266	194	1	1	+A
barcode74_consensus_vsearch	2273	G	G	451	4	0.86%	2	1	93	93	0.06208768616665174	1	1	260	191	4	0	A
barcode74_consensus_vsearch	2274	C	C	459	2	0.43%	2	1	93	93	0.2497285559174766	1	1	267	192	0	2	+T
barcode74_consensus_vsearch	2275	T	T	460	3	0.65%	2	2	93	93	0.1245945945946921	1	1	268	192	1	2	C
barcode74_consensus_vsearch	2276	C	C	458	3	0.65%	2	1	93	93	0.12459283387624695	1	1	269	189	0	3	-A
barcode74_consensus_vsearch	2277	A	A	462	1	0.22%	2	1	93	93	0.4999999999990043	1	1	270	192	0	1	+CA
barcode74_consensus_vsearch	2278	A	A	462	2	0.43%	2	2	93	93	0.24973031283711408	1	1	269	193	1	1	G
barcode74_consensus_vsearch	2279	T	*/-G	454	7	1.51%	2	2	93	93	0.007635332943374405	1	1	268	186	2	5	-G
barcode74_consensus_vsearch	2280	G	G	454	4	0.87%	2	1	93	93	0.06209038837901774	1	1	264	190	4	0	A
barcode74_consensus_vsearch	2281	G	G	464	1	0.21%	2	1	93	93	0.4999999999999138	1	1	269	195	1	0	A
barcode74_consensus_vsearch	2282	G	G	466	0	0%	2	0	93	0	1.0	1	0	270	196	0	0	
barcode74_consensus_vsearch	2283	G	G	462	2	0.43%	2	2	93	93	0.24973031283711408	1	1	268	194	1	1	A
barcode74_consensus_vsearch	2284	C	C	464	1	0.21%	2	1	93	93	0.4999999999999138	1	1	270	194	0	1	+AA
barcode74_consensus_vsearch	2285	G	G	464	1	0.21%	2	1	93	93	0.4999999999999138	1	1	270	194	0	1	+C
barcode74_consensus_vsearch	2286	T	T	459	3	0.65%	2	2	93	93	0.12459371614300269	1	1	269	190	1	2	C
barcode74_consensus_vsearch	2287	A	A	464	2	0.43%	2	1	93	93	0.2497314715357706	1	1	270	194	0	2	-T
barcode74_consensus_vsearch	2288	T	T	459	3	0.65%	2	2	93	93	0.12459371614300269	1	1	269	190	1	2	C
barcode74_consensus_vsearch	2289	C	C	461	3	0.65%	2	2	93	93	0.12459546925571133	1	1	269	192	1	2	T
barcode74_consensus_vsearch	2290	G	G	457	4	0.86%	2	1	93	93	0.062093055403000016	1	1	265	192	4	0	+T
barcode74_consensus_vsearch	2291	T	T	458	4	0.86%	2	1	93	93	0.06209393670973901	1	1	268	190	0	4	+C
barcode74_consensus_vsearch	2292	T	*/-C	441	20	4.29%	2	2	93	93	7.72614023967414E-7	1	1	260	181	6	14	-C
barcode74_consensus_vsearch	2293	C	C	443	2	0.45%	2	1	93	93	0.2497187851519112	1	1	261	182	2	0	T
barcode74_consensus_vsearch	2294	C	*/-T	457	8	1.72%	2	1	93	93	0.0037894663597456	1	1	270	187	0	8	-T
barcode74_consensus_vsearch	2295	T	*/-G	428	10	2.18%	2	2	93	93	9.271400825692105E-4	1	1	263	165	4	6	-G
barcode74_consensus_vsearch	2296	G	R	433	11	2.47%	2	1	93	93	4.5861543978572406E-4	1	1	255	178	11	0	A
barcode74_consensus_vsearch	2297	G	R	428	19	4.18%	2	2	93	93	1.5689124968621164E-6	1	1	245	183	18	1	A
barcode74_consensus_vsearch	2298	G	G	460	2	0.43%	2	1	93	93	0.24972914409526598	1	1	267	193	2	0	-T
barcode74_consensus_vsearch	2299	T	*/-A	409	40	8.66%	2	2	93	93	3.665031995689655E-13	1	1	228	181	36	4	-A
barcode74_consensus_vsearch	2300	A	R	415	8	1.88%	2	2	93	93	0.003777960974854116	1	1	227	188	6	2	G
barcode74_consensus_vsearch	2301	A	A	451	6	1.29%	2	2	93	93	0.015369136400488401	1	1	259	192	5	1	G
barcode74_consensus_vsearch	2302	G	G	451	5	1.09%	2	1	93	93	0.03090753641767135	1	1	264	187	0	5	+T
barcode74_consensus_vsearch	2303	G	*/+C	448	12	2.58%	2	1	93	93	2.2703297154905811E-4	1	1	269	179	0	12	+C
barcode74_consensus_vsearch	2304	C	C	460	2	0.43%	2	1	93	93	0.24972914409526598	1	1	270	190	0	2	+T
barcode74_consensus_vsearch	2305	T	*/-C	446	12	2.59%	2	1	93	93	2.2696003854954554E-4	1	1	266	180	0	12	-C
barcode74_consensus_vsearch	2306	C	C	444	4	0.88%	2	1	93	93	0.06208124018598929	1	1	269	175	0	4	+TC
barcode74_consensus_vsearch	2307	G	G	461	3	0.65%	2	1	93	93	0.12459546925571133	1	1	266	195	3	0	-A
barcode74_consensus_vsearch	2308	A	A	459	3	0.65%	2	1	93	93	0.12459371614300269	1	1	263	196	3	0	G
barcode74_consensus_vsearch	2309	T	T	459	4	0.86%	2	2	93	93	0.06209481420755567	1	1	266	193	2	2	C
barcode74_consensus_vsearch	2310	G	G	458	1	0.22%	2	1	93	93	0.4999999999999138	1	1	266	192	1	0	+C
barcode74_consensus_vsearch	2311	C	C	455	2	0.43%	2	1	93	93	0.24972617743652814	1	1	263	192	2	0	+G
barcode74_consensus_vsearch	2312	A	R	455	7	1.52%	2	2	93	93	0.007635714741848557	1	1	264	191	4	3	G
barcode74_consensus_vsearch	2313	G	G	462	2	0.43%	2	1	93	93	0.24973031283711408	1	1	266	196	2	0	T
barcode74_consensus_vsearch	2314	T	T	461	3	0.65%	2	2	93	93	0.12459546925571133	1	1	267	194	1	2	C
barcode74_consensus_vsearch	2315	G	*/-CG	449	10	2.16%	2	1	93	93	9.29368823401496E-4	1	1	265	184	0	10	-CG
barcode74_consensus_vsearch	2316	C	C	448	2	0.44%	2	2	93	93	0.24972191323697995	1	1	266	182	1	1	T
barcode74_consensus_vsearch	2317	G	G	452	1	0.22%	2	1	93	93	0.4999999999999138	1	1	268	184	1	0	+C
barcode74_consensus_vsearch	2318	T	T	462	1	0.22%	2	1	93	93	0.4999999999990043	1	1	269	193	1	0	+C
barcode74_consensus_vsearch	2319	T	T	464	1	0.21%	2	1	93	93	0.4999999999999138	1	1	268	196	1	0	+C
barcode74_consensus_vsearch	2320	C	C	464	1	0.21%	2	1	93	93	0.4999999999999138	1	1	270	194	0	1	+T
barcode74_consensus_vsearch	2321	A	A	460	4	0.86%	2	2	93	93	0.062095687920911566	1	1	267	193	2	2	G
barcode74_consensus_vsearch	2322	A	R	454	9	1.93%	2	1	93	93	0.0018779730851546438	1	1	261	193	9	0	G
barcode74_consensus_vsearch	2323	C	*/-A	456	8	1.72%	2	2	93	93	0.0037892164544094686	1	1	268	188	2	6	-A
barcode74_consensus_vsearch	2324	A	A	454	2	0.44%	2	2	93	93	0.2497255762896723	1	1	267	187	1	1	G
barcode74_consensus_vsearch	2325	A	A	456	3	0.65%	2	2	93	93	0.12459105779723775	1	1	266	190	1	2	G
barcode74_consensus_vsearch	2326	T	Y	453	7	1.51%	2	1	93	93	0.00763494949227727	1	1	268	185	0	7	C
barcode74_consensus_vsearch	2327	T	*/-C	444	12	2.58%	2	1	93	93	2.268864813065808E-4	1	1	266	178	0	12	-C
barcode74_consensus_vsearch	2328	C	C	446	5	1.1%	2	1	93	93	0.030903741856461314	1	1	268	178	0	5	G
barcode74_consensus_vsearch	2329	G	G	466	0	0%	2	0	93	0	1.0	1	0	270	196	0	0	
barcode74_consensus_vsearch	2330	A	A	465	1	0.21%	2	1	93	93	0.5000000000008233	1	1	269	196	1	0	G
barcode74_consensus_vsearch	2331	T	T	463	2	0.43%	2	1	93	93	0.24973089343429802	1	1	270	193	0	2	C
barcode74_consensus_vsearch	2332	G	G	464	1	0.22%	2	1	93	93	0.4999999999999138	1	1	270	194	0	1	+TG
barcode74_consensus_vsearch	2333	G	G	464	2	0.43%	2	1	93	93	0.2497314715357706	1	1	268	196	2	0	+AT
barcode74_consensus_vsearch	2334	T	T	464	2	0.43%	2	2	93	93	0.2497314715357706	1	1	269	195	1	1	C
barcode74_consensus_vsearch	2335	T	T	463	2	0.43%	2	1	93	93	0.24973089343429802	1	1	267	196	2	0	+C
barcode74_consensus_vsearch	2336	C	C	460	3	0.64%	2	1	93	93	0.1245945945946921	1	1	266	194	3	0	-AC
barcode74_consensus_vsearch	2337	A	A	458	3	0.65%	2	2	93	93	0.12459283387624695	1	1	263	195	2	1	G
barcode74_consensus_vsearch	2338	C	C	461	1	0.22%	2	1	93	93	0.5000000000008233	1	1	266	195	1	0	+A
barcode74_consensus_vsearch	2339	G	G	463	2	0.43%	2	2	93	93	0.24973089343429802	1	1	269	194	1	1	T
barcode74_consensus_vsearch	2340	T	T	458	5	1.08%	2	2	93	93	0.030912711194453116	1	1	269	189	1	4	C
barcode74_consensus_vsearch	2341	A	A	460	1	0.22%	2	1	93	93	0.4999999999999138	1	1	267	193	1	0	+C
barcode74_consensus_vsearch	2342	T	*/-AA	445	7	1.51%	2	1	93	93	0.007631821078608308	1	1	264	181	0	7	-AA
barcode74_consensus_vsearch	2343	A	A	446	4	0.89%	2	1	93	93	0.06208310236944096	1	1	266	180	0	4	G
barcode74_consensus_vsearch	2344	A	R	449	7	1.53%	2	2	93	93	0.00763339894512905	1	1	267	182	2	5	G
barcode74_consensus_vsearch	2345	G	*/-T	430	20	4.3%	2	2	93	93	7.685596503616361E-7	1	1	241	189	18	2	-T
barcode74_consensus_vsearch	2346	T	Y	434	9	2.03%	2	2	93	93	0.0018746170280654298	1	1	250	184	2	7	C
barcode74_consensus_vsearch	2347	T	T	462	1	0.22%	2	1	93	93	0.4999999999990043	1	1	270	192	0	1	C
barcode74_consensus_vsearch	2348	T	T	464	1	0.21%	2	1	93	93	0.4999999999999138	1	1	269	195	1	0	A
barcode74_consensus_vsearch	2349	T	*/-G	440	16	3.43%	2	1	93	93	1.334704713368794E-5	1	1	268	172	0	16	-G
barcode74_consensus_vsearch	2350	G	G	443	2	0.45%	2	1	93	93	0.2497187851519112	1	1	267	176	2	0	+A
barcode74_consensus_vsearch	2351	G	G	462	2	0.43%	2	1	93	93	0.24973031283711408	1	1	268	194	2	0	-A
barcode74_consensus_vsearch	2352	A	A	458	2	0.43%	2	1	93	93	0.24972796517908835	1	1	267	191	0	2	+C
barcode74_consensus_vsearch	2353	C	C	456	3	0.65%	2	2	93	93	0.12459105779723775	1	1	265	191	1	2	+T
barcode74_consensus_vsearch	2354	T	T	455	6	1.3%	2	2	93	93	0.015371351595895005	1	1	264	191	4	2	C
barcode74_consensus_vsearch	2355	T	T	458	2	0.43%	2	1	93	93	0.24972796517908835	1	1	266	192	0	2	+G
barcode74_consensus_vsearch	2356	G	G	464	1	0.22%	2	1	93	93	0.4999999999999138	1	1	268	196	1	0	-CA
barcode74_consensus_vsearch	2357	C	C	459	4	0.86%	2	1	93	93	0.06209481420755567	1	1	267	192	0	4	T
barcode74_consensus_vsearch	2358	A	A	459	3	0.65%	2	1	93	93	0.12459371614300269	1	1	265	194	3	0	G
barcode74_consensus_vsearch	2359	T	T	462	2	0.43%	2	1	93	93	0.24973031283711408	1	1	267	195	2	0	C
barcode74_consensus_vsearch	2360	A	A	464	1	0.22%	2	1	93	93	0.4999999999999138	1	1	268	196	1	0	G
barcode74_consensus_vsearch	2361	T	*/+CC	440	8	1.72%	2	1	93	93	0.0037850673649748043	1	1	249	191	8	0	+CC
barcode74_consensus_vsearch	2362	C	*/-A	449	10	2.15%	2	1	93	93	9.29368823401496E-4	1	1	256	193	10	0	-A
barcode74_consensus_vsearch	2363	A	M	435	8	1.77%	2	1	93	93	0.0037837097715777354	1	1	243	192	8	0	C
barcode74_consensus_vsearch	2364	C	C	449	4	0.86%	2	1	93	93	0.06208586479697461	1	1	257	192	4	0	+GC
barcode74_consensus_vsearch	2365	A	A	452	2	0.44%	2	2	93	93	0.24972436604191225	1	1	261	191	1	1	-C
barcode74_consensus_vsearch	2366	C	C	456	3	0.65%	2	1	93	93	0.12459105779723775	1	1	264	192	0	3	T
barcode74_consensus_vsearch	2367	C	C	458	2	0.43%	2	1	93	93	0.24972796517908835	1	1	263	195	2	0	-A
barcode74_consensus_vsearch	2368	A	A	451	5	1.08%	2	2	93	93	0.03090753641767135	1	1	258	193	3	2	G
barcode74_consensus_vsearch	2369	C	C	457	2	0.43%	2	2	93	93	0.24972737186467478	1	1	262	195	1	1	T
barcode74_consensus_vsearch	2370	T	T	457	1	0.22%	2	1	93	93	0.4999999999999138	1	1	264	193	0	1	+C
barcode74_consensus_vsearch	2371	T	T	463	1	0.21%	2	1	93	93	0.4999999999990043	1	1	268	195	1	0	+GT
barcode74_consensus_vsearch	2372	A	A	461	2	0.43%	2	1	93	93	0.24972972972924576	1	1	267	194	2	0	G
barcode74_consensus_vsearch	2373	T	T	463	1	0.21%	2	1	93	93	0.4999999999990043	1	1	268	195	0	1	-C
barcode74_consensus_vsearch	2374	C	C	462	1	0.22%	2	1	93	93	0.4999999999990043	1	1	268	194	0	1	+G
barcode74_consensus_vsearch	2375	G	G	461	3	0.65%	2	1	93	93	0.12459546925571133	1	1	265	196	3	0	A
barcode74_consensus_vsearch	2376	C	C	461	2	0.43%	2	1	93	93	0.24972972972924576	1	1	266	195	2	0	-ATT
barcode74_consensus_vsearch	2377	A	*/-T	432	24	5.19%	2	2	93	93	4.368747672723876E-8	1	1	250	182	13	11	-T
barcode74_consensus_vsearch	2378	T	T	438	2	0.45%	2	2	93	93	0.24971558589274387	1	1	254	184	1	1	C
barcode74_consensus_vsearch	2379	T	T	460	3	0.65%	2	1	93	93	0.1245945945946921	1	1	267	193	0	3	C
barcode74_consensus_vsearch	2380	T	T	463	2	0.43%	2	1	93	93	0.24973089343429802	1	1	268	195	2	0	C
barcode74_consensus_vsearch	2381	T	T	458	5	1.07%	2	2	93	93	0.030912711194453116	1	1	268	190	1	4	C
barcode74_consensus_vsearch	2382	G	G	462	2	0.43%	2	1	93	93	0.24973031283711408	1	1	266	196	2	0	A
barcode74_consensus_vsearch	2383	C	C	460	2	0.43%	2	1	93	93	0.24972914409526598	1	1	268	192	0	2	+A
barcode74_consensus_vsearch	2384	A	A	461	2	0.43%	2	1	93	93	0.24972972972924576	1	1	266	195	2	0	G
barcode74_consensus_vsearch	2385	A	R	454	8	1.72%	2	2	93	93	0.0037887134215269843	1	1	261	193	7	1	G
barcode74_consensus_vsearch	2386	C	C	458	2	0.43%	2	1	93	93	0.24972796517908835	1	1	264	194	2	0	+TT
barcode74_consensus_vsearch	2387	G	G	459	6	1.29%	2	1	93	93	0.01537352876406143	1	1	264	195	6	0	A
barcode74_consensus_vsearch	2388	G	G	462	1	0.22%	2	1	93	93	0.4999999999990043	1	1	268	194	0	1	+C
barcode74_consensus_vsearch	2389	T	T	457	4	0.86%	2	2	93	93	0.062093055403000016	1	1	265	192	2	2	-C
barcode74_consensus_vsearch	2390	C	C	460	1	0.22%	2	1	93	93	0.4999999999999138	1	1	267	193	1	0	-T
barcode74_consensus_vsearch	2391	T	T	460	2	0.43%	2	1	93	93	0.24972914409526598	1	1	265	195	2	0	C
barcode74_consensus_vsearch	2392	T	T	462	2	0.43%	2	2	93	93	0.24973031283711408	1	1	268	194	1	1	C
barcode74_consensus_vsearch	2393	C	C	461	1	0.22%	2	1	93	93	0.5000000000008233	1	1	267	194	1	0	+TAC
barcode74_consensus_vsearch	2394	A	A	461	4	0.86%	2	1	93	93	0.06209655787449625	1	1	265	196	4	0	G
barcode74_consensus_vsearch	2395	T	T	456	5	1.08%	2	2	93	93	0.030911248713682577	1	1	263	193	2	3	C
barcode74_consensus_vsearch	2396	C	C	457	2	0.43%	2	1	93	93	0.24972737186467478	1	1	262	195	2	0	+A
barcode74_consensus_vsearch	2397	G	G	462	2	0.43%	2	1	93	93	0.24973031283711408	1	1	266	196	2	0	-A
barcode74_consensus_vsearch	2398	A	A	458	4	0.86%	2	2	93	93	0.06209393670973901	1	1	264	194	2	2	G
barcode74_consensus_vsearch	2399	A	A	464	1	0.22%	2	1	93	93	0.4999999999999138	1	1	268	196	1	0	G
barcode74_consensus_vsearch	2400	C	C	460	2	0.43%	2	1	93	93	0.24972914409526598	1	1	265	195	2	0	+T
barcode74_consensus_vsearch	2401	G	G	464	1	0.22%	2	1	93	93	0.4999999999999138	1	1	268	196	1	0	-A
barcode74_consensus_vsearch	2402	A	A	461	2	0.43%	2	2	93	93	0.24972972972924576	1	1	267	194	1	1	G
barcode74_consensus_vsearch	2403	C	C	459	4	0.86%	2	2	93	93	0.06209481420755567	1	1	267	192	1	3	T
barcode74_consensus_vsearch	2404	G	*/-TG	446	10	2.16%	2	1	93	93	9.290628161964562E-4	1	1	263	183	0	10	-TG
barcode74_consensus_vsearch	2405	T	T	446	2	0.44%	2	2	93	93	0.24972067039122897	1	1	264	182	1	1	+G
barcode74_consensus_vsearch	2406	G	G	437	6	1.33%	2	1	93	93	0.01536106891501191	1	1	253	184	6	0	-C
barcode74_consensus_vsearch	2407	C	*/+T	442	8	1.75%	2	2	93	93	0.0037856020174325917	1	1	251	191	7	1	+T
barcode74_consensus_vsearch	2408	C	*/+A	416	20	4.32%	2	1	93	93	7.631304417463694E-7	1	1	222	194	20	0	+A
barcode74_consensus_vsearch	2409	A	A	448	4	0.88%	2	2	93	93	0.06208494806434338	1	1	255	193	2	2	G
barcode74_consensus_vsearch	2410	A	*/-G	409	31	6.68%	2	2	93	93	2.693361603462324E-10	1	1	236	173	20	11	-G
barcode74_consensus_vsearch	2411	G	R	421	8	1.85%	2	1	93	93	0.0037797414596765903	1	1	239	182	8	0	A
barcode74_consensus_vsearch	2412	G	G	462	2	0.43%	2	1	93	93	0.24973031283711408	1	1	266	196	2	0	A
barcode74_consensus_vsearch	2413	G	G	461	3	0.64%	2	1	93	93	0.12459546925571133	1	1	265	196	3	0	A
barcode74_consensus_vsearch	2414	A	A	463	1	0.22%	2	1	93	93	0.4999999999990043	1	1	268	195	0	1	G
barcode74_consensus_vsearch	2415	T	*/-C	409	53	11.37%	2	1	93	93	2.2818967727406962E-17	1	1	215	194	53	0	-C
barcode74_consensus_vsearch	2416	C	C	411	2	0.48%	2	2	93	93	0.24969696969696092	1	1	216	195	1	1	T
barcode74_consensus_vsearch	2417	C	C	463	2	0.43%	2	1	93	93	0.24973089343429802	1	1	268	195	2	0	T
barcode74_consensus_vsearch	2418	A	A	462	3	0.64%	2	2	93	93	0.12459634015068409	1	1	267	195	2	1	G
barcode74_consensus_vsearch	2419	A	A	464	1	0.21%	2	1	93	93	0.4999999999999138	1	1	269	195	1	0	-C
barcode74_consensus_vsearch	2420	C	C	459	4	0.86%	2	1	93	93	0.06209481420755567	1	1	264	195	4	0	-G
barcode74_consensus_vsearch	2421	G	G	460	1	0.22%	2	1	93	93	0.4999999999999138	1	1	265	195	0	1	+T
barcode74_consensus_vsearch	2422	C	C	460	3	0.64%	2	1	93	93	0.1245945945946921	1	1	265	195	3	0	A
barcode74_consensus_vsearch	2423	T	T	459	2	0.43%	2	1	93	93	0.2497285559174766	1	1	265	194	2	0	-ACT
barcode74_consensus_vsearch	2424	A	A	460	1	0.22%	2	1	93	93	0.4999999999999138	1	1	266	194	0	1	+T
barcode74_consensus_vsearch	2425	C	C	460	4	0.86%	2	2	93	93	0.062095687920911566	1	1	266	194	2	2	-T
barcode74_consensus_vsearch	2426	T	T	455	3	0.65%	2	2	93	93	0.12459016393415773	1	1	263	192	1	2	C
barcode74_consensus_vsearch	2427	G	G	463	1	0.21%	2	1	93	93	0.4999999999990043	1	1	268	195	1	0	+A
barcode74_consensus_vsearch	2428	G	G	461	2	0.43%	2	1	93	93	0.24972972972924576	1	1	266	195	2	0	+AT
barcode74_consensus_vsearch	2429	T	T	461	4	0.86%	2	2	93	93	0.06209655787449625	1	1	267	194	2	2	C
barcode74_consensus_vsearch	2430	T	T	462	1	0.21%	2	1	93	93	0.4999999999990043	1	1	266	196	1	0	+C
barcode74_consensus_vsearch	2431	G	G	465	0	0%	2	0	93	0	1.0	1	0	269	196	0	0	
barcode74_consensus_vsearch	2432	T	T	458	3	0.65%	2	2	93	93	0.12459283387624695	1	1	265	193	2	1	C
barcode74_consensus_vsearch	2433	A	A	456	4	0.86%	2	2	93	93	0.062092170262314485	1	1	264	192	1	3	G
barcode74_consensus_vsearch	2434	T	T	454	4	0.87%	2	2	93	93	0.06209038837901774	1	1	263	191	2	2	C
barcode74_consensus_vsearch	2435	T	T	459	2	0.43%	2	2	93	93	0.2497285559174766	1	1	266	193	1	1	-AAT
barcode74_consensus_vsearch	2436	A	A	458	1	0.22%	2	1	93	93	0.4999999999999138	1	1	267	191	0	1	+C
barcode74_consensus_vsearch	2437	A	A	449	6	1.29%	2	1	93	93	0.015368014229849866	1	1	269	180	0	6	-T
barcode74_consensus_vsearch	2438	T	T	448	5	1.1%	2	2	93	93	0.030905269727138893	1	1	265	183	3	2	+C
barcode74_consensus_vsearch	2439	C	C	459	3	0.65%	2	1	93	93	0.12459371614300269	1	1	270	189	0	3	-T
barcode74_consensus_vsearch	2440	T	*/-C	448	7	1.52%	2	1	93	93	0.00763300706774014	1	1	266	182	0	7	-C
barcode74_consensus_vsearch	2441	C	*/+T	435	13	2.85%	2	2	93	93	1.1175501046296811E-4	1	1	267	168	1	12	+T
barcode74_consensus_vsearch	2442	T	T	453	2	0.44%	2	2	93	93	0.24972497249691156	1	1	265	188	1	1	C
barcode74_consensus_vsearch	2443	T	T	459	2	0.43%	2	1	93	93	0.2497285559174766	1	1	270	189	0	2	G
barcode74_consensus_vsearch	2444	G	G	464	1	0.22%	2	1	93	93	0.4999999999999138	1	1	270	194	0	1	A
barcode74_consensus_vsearch	2445	T	T	463	1	0.22%	2	1	93	93	0.4999999999990043	1	1	269	194	1	0	C
barcode74_consensus_vsearch	2446	A	A	463	2	0.43%	2	2	93	93	0.24973089343429802	1	1	269	194	1	1	C
barcode74_consensus_vsearch	2447	T	T	458	3	0.65%	2	1	93	93	0.12459283387624695	1	1	268	190	0	3	+C
barcode74_consensus_vsearch	2448	T	T	462	3	0.64%	2	1	93	93	0.12459634015068409	1	1	269	193	0	3	-C
barcode74_consensus_vsearch	2449	C	C	458	2	0.43%	2	1	93	93	0.24972796517908835	1	1	270	188	0	2	+GG
barcode74_consensus_vsearch	2450	G	G	461	4	0.86%	2	2	93	93	0.06209655787449625	1	1	268	193	2	2	A
barcode74_consensus_vsearch	2451	C	C	461	3	0.65%	2	2	93	93	0.12459546925571133	1	1	269	192	1	2	T
barcode74_consensus_vsearch	2452	A	A	461	2	0.43%	2	1	93	93	0.24972972972924576	1	1	268	193	2	0	G
barcode74_consensus_vsearch	2453	A	A	463	2	0.43%	2	1	93	93	0.24973089343429802	1	1	270	193	0	2	-T
barcode74_consensus_vsearch	2454	T	T	462	1	0.22%	2	1	93	93	0.4999999999990043	1	1	269	193	1	0	+G
barcode74_consensus_vsearch	2455	A	A	454	5	1.07%	2	2	93	93	0.030909773495158815	1	1	267	187	1	4	-G
barcode74_consensus_vsearch	2456	G	G	461	0	0%	2	0	93	0	1.0	1	0	269	192	0	0	
barcode74_consensus_vsearch	2457	G	G	465	1	0.21%	2	1	93	93	0.5000000000008233	1	1	270	195	0	1	-CATGG
barcode74_consensus_vsearch	2458	C	C	460	4	0.86%	2	1	93	93	0.062095687920911566	1	1	270	190	0	4	T
barcode74_consensus_vsearch	2459	A	A	459	3	0.65%	2	2	93	93	0.12459371614300269	1	1	267	192	2	1	G
barcode74_consensus_vsearch	2460	T	T	459	3	0.65%	2	2	93	93	0.12459371614300269	1	1	267	192	1	2	C
barcode74_consensus_vsearch	2461	G	G	460	3	0.65%	2	2	93	93	0.1245945945946921	1	1	266	194	2	1	A
barcode74_consensus_vsearch	2462	G	G	452	4	0.86%	2	1	93	93	0.062088590856761904	1	1	259	193	4	0	+T
barcode74_consensus_vsearch	2463	T	T	460	3	0.65%	2	1	93	93	0.1245945945946921	1	1	267	193	0	3	C
barcode74_consensus_vsearch	2464	T	T	465	1	0.21%	2	1	93	93	0.5000000000008233	1	1	270	195	0	1	+C
barcode74_consensus_vsearch	2465	T	*/-G	446	19	4.08%	2	2	93	93	1.5810646647811695E-6	1	1	269	177	1	18	-G
barcode74_consensus_vsearch	2466	G	G	446	1	0.22%	2	1	93	93	0.5000000000008233	1	1	268	178	1	0	T
barcode74_consensus_vsearch	2467	G	G	465	1	0.21%	2	1	93	93	0.5000000000008233	1	1	269	196	1	0	-A
barcode74_consensus_vsearch	2468	A	A	462	2	0.43%	2	1	93	93	0.24973031283711408	1	1	267	195	2	0	-T
barcode74_consensus_vsearch	2469	T	T	463	1	0.22%	2	1	93	93	0.4999999999990043	1	1	267	196	1	0	C
barcode74_consensus_vsearch	2470	T	T	466	0	0%	2	0	93	0	1.0	1	0	270	196	0	0	
barcode74_consensus_vsearch	2471	A	A	461	2	0.43%	2	1	93	93	0.24972972972924576	1	1	268	193	0	2	-CA
barcode74_consensus_vsearch	2472	C	*/-A	405	48	10.37%	2	2	93	93	9.54203245535575E-16	1	1	215	190	46	2	-A
barcode74_consensus_vsearch	2473	A	A	408	2	0.48%	2	2	93	93	0.24969474969464833	1	1	221	187	1	1	G
barcode74_consensus_vsearch	2474	A	A	459	3	0.65%	2	1	93	93	0.12459371614300269	1	1	266	193	3	0	G
barcode74_consensus_vsearch	2475	A	A	460	3	0.64%	2	1	93	93	0.1245945945946921	1	1	265	195	3	0	-G
barcode74_consensus_vsearch	2476	G	G	460	2	0.43%	2	1	93	93	0.24972914409526598	1	1	266	194	0	2	+C
barcode74_consensus_vsearch	2477	G	*/-T	448	12	2.58%	2	2	93	93	2.2703297154905811E-4	1	1	255	193	10	2	-T
barcode74_consensus_vsearch	2478	T	T	448	5	1.1%	2	2	93	93	0.030905269727138893	1	1	258	190	1	4	C
barcode74_consensus_vsearch	2479	T	T	463	2	0.43%	2	2	93	93	0.24973089343429802	1	1	268	195	1	1	C
barcode74_consensus_vsearch	2480	T	T	463	1	0.21%	2	1	93	93	0.4999999999990043	1	1	270	193	0	1	+C
barcode74_consensus_vsearch	2481	T	T	458	4	0.86%	2	1	93	93	0.06209393670973901	1	1	270	188	0	4	+A
barcode74_consensus_vsearch	2482	G	G	460	4	0.86%	2	2	93	93	0.062095687920911566	1	1	269	191	1	3	A
barcode74_consensus_vsearch	2483	T	T	457	4	0.86%	2	2	93	93	0.062093055403000016	1	1	265	192	2	2	C
barcode74_consensus_vsearch	2484	C	C	457	3	0.65%	2	2	93	93	0.12459194776934993	1	1	266	191	1	2	T
barcode74_consensus_vsearch	2485	G	G	454	4	0.86%	2	1	93	93	0.06209038837901774	1	1	261	193	4	0	-A
barcode74_consensus_vsearch	2486	A	A	450	6	1.3%	2	2	93	93	0.01536857654288441	1	1	257	193	5	1	-G
barcode74_consensus_vsearch	2487	G	G	459	0	0%	2	0	93	0	1.0	1	0	265	194	0	0	
barcode74_consensus_vsearch	2488	G	G	464	1	0.22%	2	1	93	93	0.4999999999999138	1	1	269	195	1	0	-T
barcode74_consensus_vsearch	2489	T	*/-C	395	64	13.79%	2	1	93	93	5.1111153644858634E-21	1	1	203	192	64	0	-C
barcode74_consensus_vsearch	2490	C	C	397	2	0.5%	2	1	93	93	0.24968632371350802	1	1	202	195	2	0	+A
barcode74_consensus_vsearch	2491	C	*/-G	427	22	4.72%	2	1	93	93	1.831770783503224E-7	1	1	258	169	0	22	-G
barcode74_consensus_vsearch	2492	G	G	442	1	0.23%	2	1	93	93	0.4999999999990043	1	1	270	172	0	1	A
barcode74_consensus_vsearch	2493	G	*/-A	457	7	1.51%	2	2	93	93	0.007636473423421301	1	1	264	193	6	1	-A
barcode74_consensus_vsearch	2494	A	A	458	0	0%	2	0	93	0	1.0	1	0	264	194	0	0	
barcode74_consensus_vsearch	2495	G	G	459	3	0.64%	2	1	93	93	0.12459371614300269	1	1	267	192	3	0	-A
barcode74_consensus_vsearch	2496	A	*/-C	431	21	4.55%	2	2	93	93	3.7595249768809874E-7	1	1	260	171	3	18	-C
barcode74_consensus_vsearch	2497	C	C	436	5	1.13%	2	1	93	93	0.030895894751978216	1	1	265	171	0	5	T
barcode74_consensus_vsearch	2498	C	*/-G	416	26	5.58%	2	2	93	93	1.020437283771665E-8	1	1	267	149	1	25	-G
barcode74_consensus_vsearch	2499	G	R	242	175	41.18%	2	2	93	93	1.490689291127896E-63	1	1	163	79	105	70	A
barcode74_consensus_vsearch	2500	G	K	431	13	2.88%	2	1	93	93	1.1166488301300728E-4	1	1	270	161	0	13	T
barcode74_consensus_vsearch	2501	G	G	462	2	0.43%	2	2	93	93	0.24973031283711408	1	1	268	194	1	1	-A
barcode74_consensus_vsearch	2502	A	A	458	2	0.43%	2	2	93	93	0.24972796517908835	1	1	265	193	1	1	G
barcode74_consensus_vsearch	2503	C	C	454	4	0.86%	2	2	93	93	0.06209038837901774	1	1	261	193	3	1	-T
barcode74_consensus_vsearch	2504	T	Y	427	26	5.69%	2	2	93	93	1.0301393794818101E-8	1	1	259	168	1	25	C
barcode74_consensus_vsearch	2505	A	R	432	17	3.7%	2	2	93	93	6.538560687018435E-6	1	1	248	184	14	3	G
barcode74_consensus_vsearch	2506	G	G	449	2	0.44%	2	1	93	93	0.24972253052152624	1	1	259	190	2	0	+C
barcode74_consensus_vsearch	2507	C	Y	445	8	1.72%	2	2	93	93	0.0037863952091791225	1	1	256	189	2	6	T
barcode74_consensus_vsearch	2508	G	G	446	6	1.31%	2	1	93	93	0.015366312395967143	1	1	252	194	6	0	A
barcode74_consensus_vsearch	2509	C	C	449	3	0.66%	2	1	93	93	0.12458471760810089	1	1	256	193	3	0	T
barcode74_consensus_vsearch	2510	A	A	446	4	0.86%	2	1	93	93	0.06208310236944096	1	1	254	192	4	0	G
barcode74_consensus_vsearch	2511	C	*/-G	402	33	7.21%	2	2	93	93	6.196429494837227E-11	1	1	231	171	21	12	-G
barcode74_consensus_vsearch	2512	G	K	223	173	41%	2	2	93	93	2.2521476398897077E-63	1	1	123	100	98	75	T
barcode74_consensus_vsearch	2513	G	R	440	15	3.28%	2	1	93	93	2.7140982006247604E-5	1	1	250	190	15	0	A
barcode74_consensus_vsearch	2514	G	R	452	11	2.37%	2	2	93	93	4.598102087205823E-4	1	1	258	194	10	1	A
barcode74_consensus_vsearch	2515	G	R	458	7	1.5%	2	2	93	93	0.0076368503276010025	1	1	264	194	5	2	A
barcode74_consensus_vsearch	2516	G	G	462	1	0.21%	2	1	93	93	0.4999999999990043	1	1	269	193	0	1	-C
barcode74_consensus_vsearch	2517	C	C	455	3	0.65%	2	2	93	93	0.12459016393415773	1	1	263	192	2	1	T
barcode74_consensus_vsearch	2518	G	R	449	9	1.94%	2	2	93	93	0.001877161257840413	1	1	258	191	7	2	A
barcode74_consensus_vsearch	2519	C	C	456	4	0.87%	2	2	93	93	0.062092170262314485	1	1	265	191	1	3	T
barcode74_consensus_vsearch	2520	A	A	460	1	0.22%	2	1	93	93	0.4999999999999138	1	1	267	193	0	1	+T
barcode74_consensus_vsearch	2521	T	T	460	2	0.43%	2	1	93	93	0.24972914409526598	1	1	268	192	0	2	C
barcode74_consensus_vsearch	2522	T	T	458	5	1.08%	2	2	93	93	0.030912711194453116	1	1	267	191	3	2	C
barcode74_consensus_vsearch	2523	G	G	460	2	0.43%	2	2	93	93	0.24972914409526598	1	1	268	192	1	1	A
barcode74_consensus_vsearch	2524	C	Y	453	9	1.94%	2	1	93	93	0.0018778121106653614	1	1	270	183	0	9	T
barcode74_consensus_vsearch	2525	A	A	461	2	0.43%	2	1	93	93	0.24972972972924576	1	1	269	192	0	2	-T
barcode74_consensus_vsearch	2526	T	*/-C	418	42	9.09%	2	2	93	93	8.529796987869014E-14	1	1	228	190	41	1	-C
barcode74_consensus_vsearch	2527	C	C	418	4	0.95%	2	1	93	93	0.06205542461311247	1	1	229	189	0	4	T
barcode74_consensus_vsearch	2528	C	C	459	3	0.65%	2	1	93	93	0.12459371614300269	1	1	264	195	3	0	+A
barcode74_consensus_vsearch	2529	A	A	456	4	0.86%	2	1	93	93	0.062092170262314485	1	1	262	194	4	0	-G
barcode74_consensus_vsearch	2530	G	G	453	4	0.87%	2	1	93	93	0.062089491585691256	1	1	258	195	4	0	+A
barcode74_consensus_vsearch	2531	A	A	458	2	0.43%	2	2	93	93	0.24972796517908835	1	1	264	194	1	1	+G
barcode74_consensus_vsearch	2532	G	*/-T	441	18	3.88%	2	1	93	93	3.218595437287658E-6	1	1	267	174	0	18	-T
barcode74_consensus_vsearch	2533	T	T	441	1	0.23%	2	1	93	93	0.5000000000008233	1	1	268	173	1	0	+A
barcode74_consensus_vsearch	2534	G	G	459	2	0.43%	2	2	93	93	0.2497285559174766	1	1	268	191	1	1	-A
barcode74_consensus_vsearch	2535	A	A	457	2	0.43%	2	1	93	93	0.24972737186467478	1	1	267	190	0	2	-GA
barcode74_consensus_vsearch	2536	G	G	455	2	0.43%	2	1	93	93	0.24972617743652814	1	1	267	188	2	0	-A
barcode74_consensus_vsearch	2537	A	A	455	2	0.43%	2	1	93	93	0.24972617743652814	1	1	263	192	2	0	+C
barcode74_consensus_vsearch	2538	C	*/-G	450	10	2.15%	2	1	93	93	9.294699516735583E-4	1	1	255	195	10	0	-G
barcode74_consensus_vsearch	2539	G	*/-A	446	9	1.97%	2	2	93	93	0.0018766656885966895	1	1	251	195	8	1	-A
barcode74_consensus_vsearch	2540	A	*/-GG	316	79	17.29%	2	2	93	93	2.1586245404198405E-26	1	1	235	81	1	78	-GG
barcode74_consensus_vsearch	2541	G	G	329	1	0.3%	2	1	93	93	0.5000000000003686	1	1	252	77	0	1	+A
barcode74_consensus_vsearch	2542	G	G	383	2	0.52%	2	2	93	93	0.24967490247067214	1	1	268	115	1	1	A
barcode74_consensus_vsearch	2543	G	G	460	2	0.43%	2	1	93	93	0.24972914409526598	1	1	270	190	0	2	A
barcode74_consensus_vsearch	2544	G	*/-C	442	11	2.36%	2	1	93	93	4.591936353588643E-4	1	1	251	191	11	0	-C
barcode74_consensus_vsearch	2545	C	C	446	4	0.88%	2	1	93	93	0.06208310236944096	1	1	258	188	0	4	A
barcode74_consensus_vsearch	2546	C	C	461	3	0.64%	2	1	93	93	0.12459546925571133	1	1	270	191	0	3	T
barcode74_consensus_vsearch	2547	C	Y	452	12	2.58%	2	2	93	93	2.271769963260919E-4	1	1	265	187	3	9	T
barcode74_consensus_vsearch	2548	G	G	458	4	0.86%	2	1	93	93	0.06209393670973901	1	1	262	196	4	0	-C
barcode74_consensus_vsearch	2549	C	*/+A	442	8	1.74%	2	1	93	93	0.0037856020174325917	1	1	249	193	8	0	+A
barcode74_consensus_vsearch	2550	G	*/-A	448	8	1.72%	2	1	93	93	0.0037871780401863946	1	1	253	195	8	0	-A
barcode74_consensus_vsearch	2551	A	*/+G	88	338	74.12%	2	2	93	93	8.850123748880227E-155	1	1	73	15	162	176	+G
barcode74_consensus_vsearch	2552	G	*/+A	447	8	1.75%	2	1	93	93	0.0037869182351470006	1	1	252	195	8	0	+A
barcode74_consensus_vsearch	2553	G	*/+A	420	24	5.21%	2	1	93	93	4.3312211249447526E-8	1	1	227	193	24	0	+A
barcode74_consensus_vsearch	2554	C	M	403	44	9.61%	2	1	93	93	1.868140330774533E-14	1	1	211	192	44	0	A
barcode74_consensus_vsearch	2555	C	Y	370	56	12.15%	2	2	93	93	2.004238014427558E-18	1	1	180	190	54	2	T
barcode74_consensus_vsearch	2556	G	*/-A	439	18	3.88%	2	2	93	93	3.21615593583041E-6	1	1	246	193	16	2	-A
barcode74_consensus_vsearch	2557	A	R	426	12	2.68%	2	2	93	93	2.2619500050778872E-4	1	1	237	189	10	2	G
barcode74_consensus_vsearch	2558	C	C	459	1	0.22%	2	1	93	93	0.4999999999999138	1	1	265	194	1	0	+GC
barcode74_consensus_vsearch	2559	C	C	462	2	0.43%	2	1	93	93	0.24973031283711408	1	1	269	193	0	2	-T
barcode74_consensus_vsearch	2560	T	*/-C	449	8	1.72%	2	1	93	93	0.0037874367164761535	1	1	264	185	0	8	-C
barcode74_consensus_vsearch	2561	C	*/-TC	443	11	2.41%	2	2	93	93	4.5925649147354655E-4	1	1	265	178	2	9	-TC
barcode74_consensus_vsearch	2562	T	*/-C	434	9	2%	2	2	93	93	0.0018746170280654298	1	1	250	184	7	2	-C
barcode74_consensus_vsearch	2563	C	*/+TC	434	8	1.8%	2	2	93	93	0.0037834345948323136	1	1	253	181	5	3	+TC
barcode74_consensus_vsearch	2564	C	C	455	3	0.65%	2	1	93	93	0.12459016393415773	1	1	261	194	3	0	+G
barcode74_consensus_vsearch	2565	A	A	453	3	0.65%	2	2	93	93	0.12458836443458174	1	1	258	195	2	1	-TA
barcode74_consensus_vsearch	2566	T	T	452	6	1.3%	2	1	93	93	0.015369693818747027	1	1	258	194	6	0	C
barcode74_consensus_vsearch	2567	A	A	453	4	0.87%	2	1	93	93	0.062089491585691256	1	1	259	194	4	0	C
barcode74_consensus_vsearch	2568	A	R	450	10	2.16%	2	1	93	93	9.294699516735583E-4	1	1	256	194	10	0	G
barcode74_consensus_vsearch	2569	C	C	451	3	0.65%	2	2	93	93	0.12458654906280954	1	1	258	193	1	2	T
barcode74_consensus_vsearch	2570	T	T	455	5	1.08%	2	2	93	93	0.03091051270694167	1	1	262	193	4	1	C
barcode74_consensus_vsearch	2571	A	A	461	2	0.43%	2	1	93	93	0.24972972972924576	1	1	267	194	2	0	G
barcode74_consensus_vsearch	2572	T	T	461	3	0.65%	2	1	93	93	0.12459546925571133	1	1	265	196	3	0	+AT
barcode74_consensus_vsearch	2573	G	G	464	1	0.21%	2	1	93	93	0.4999999999999138	1	1	268	196	1	0	-A
barcode74_consensus_vsearch	2574	A	A	462	3	0.65%	2	1	93	93	0.12459634015068409	1	1	266	196	3	0	G
barcode74_consensus_vsearch	2575	T	T	459	4	0.86%	2	1	93	93	0.06209481420755567	1	1	264	195	4	0	+C
barcode74_consensus_vsearch	2576	C	C	460	2	0.43%	2	1	93	93	0.24972914409526598	1	1	265	195	2	0	+G
barcode74_consensus_vsearch	2577	C	C	461	3	0.64%	2	2	93	93	0.12459546925571133	1	1	268	193	1	2	-T
barcode74_consensus_vsearch	2578	T	T	458	5	1.08%	2	1	93	93	0.030912711194453116	1	1	264	194	5	0	C
barcode74_consensus_vsearch	2579	T	T	459	3	0.64%	2	2	93	93	0.12459371614300269	1	1	265	194	2	1	C
barcode74_consensus_vsearch	2580	C	C	464	0	0%	2	0	93	0	1.0	1	0	269	195	0	0	
barcode74_consensus_vsearch	2581	C	C	456	3	0.65%	2	2	93	93	0.12459105779723775	1	1	264	192	2	1	T
barcode74_consensus_vsearch	2582	G	G	457	3	0.65%	2	1	93	93	0.12459194776934993	1	1	261	196	3	0	A
barcode74_consensus_vsearch	2583	C	C	460	2	0.43%	2	1	93	93	0.24972914409526598	1	1	265	195	2	0	+G
barcode74_consensus_vsearch	2584	A	*/-G	449	11	2.36%	2	2	93	93	4.596279980803229E-4	1	1	257	192	8	3	-G
barcode74_consensus_vsearch	2585	G	G	455	0	0%	2	0	93	0	1.0	1	0	262	193	0	0	
barcode74_consensus_vsearch	2586	G	G	463	1	0.21%	2	1	93	93	0.4999999999990043	1	1	268	195	1	0	+A
barcode74_consensus_vsearch	2587	T	T	460	4	0.86%	2	2	93	93	0.062095687920911566	1	1	268	192	2	2	C
barcode74_consensus_vsearch	2588	T	T	460	4	0.86%	2	2	93	93	0.062095687920911566	1	1	267	193	3	1	C
barcode74_consensus_vsearch	2589	C	C	459	1	0.22%	2	1	93	93	0.4999999999999138	1	1	266	193	0	1	+T
barcode74_consensus_vsearch	2590	A	A	456	5	1.08%	2	2	93	93	0.030911248713682577	1	1	261	195	4	1	G
barcode74_consensus_vsearch	2591	C	C	458	3	0.65%	2	1	93	93	0.12459283387624695	1	1	267	191	0	3	T
barcode74_consensus_vsearch	2592	C	C	457	5	1.08%	2	2	93	93	0.030911981535900093	1	1	268	189	1	4	-T
barcode74_consensus_vsearch	2593	T	T	459	2	0.43%	2	2	93	93	0.2497285559174766	1	1	268	191	1	1	C
barcode74_consensus_vsearch	2594	A	R	456	7	1.5%	2	2	93	93	0.007636094898325736	1	1	264	192	4	3	G
barcode74_consensus_vsearch	2595	C	*/-G	440	11	2.37%	2	2	93	93	4.590671030956891E-4	1	1	255	185	10	1	-G
barcode74_consensus_vsearch	2596	G	G	450	3	0.66%	2	2	93	93	0.12458563535931859	1	1	257	193	2	1	A
barcode74_consensus_vsearch	2597	G	G	458	3	0.64%	2	1	93	93	0.12459283387624695	1	1	265	193	3	0	-A
barcode74_consensus_vsearch	2598	A	A	460	1	0.22%	2	1	93	93	0.4999999999999138	1	1	266	194	0	1	G
barcode74_consensus_vsearch	2599	A	A	460	2	0.43%	2	1	93	93	0.24972914409526598	1	1	265	195	2	0	C
barcode74_consensus_vsearch	2600	A	A	459	4	0.86%	2	2	93	93	0.06209481420755567	1	1	265	194	3	1	G
barcode74_consensus_vsearch	2601	C	C	459	2	0.43%	2	1	93	93	0.2497285559174766	1	1	264	195	2	0	+G
barcode74_consensus_vsearch	2602	C	C	452	5	1.08%	2	1	93	93	0.030908285371709306	1	1	264	188	0	5	+T
barcode74_consensus_vsearch	2603	T	T	457	2	0.43%	2	2	93	93	0.24972737186467478	1	1	264	193	1	1	C
barcode74_consensus_vsearch	2604	T	T	455	3	0.65%	2	2	93	93	0.12459016393415773	1	1	265	190	1	2	C
barcode74_consensus_vsearch	2605	G	G	455	2	0.43%	2	1	93	93	0.24972617743652814	1	1	261	194	2	0	+T
barcode74_consensus_vsearch	2606	T	T	454	3	0.65%	2	1	93	93	0.12458926615549139	1	1	262	192	3	0	A
barcode74_consensus_vsearch	2607	T	Y	449	7	1.51%	2	2	93	93	0.00763339894512905	1	1	258	191	4	3	C
barcode74_consensus_vsearch	2608	A	A	457	2	0.43%	2	1	93	93	0.24972737186467478	1	1	261	196	2	0	G
barcode74_consensus_vsearch	2609	C	C	451	4	0.86%	2	2	93	93	0.06208768616665174	1	1	258	193	2	2	T
barcode74_consensus_vsearch	2610	G	G	456	4	0.87%	2	1	93	93	0.062092170262314485	1	1	261	195	4	0	A
barcode74_consensus_vsearch	2611	A	A	460	2	0.43%	2	2	93	93	0.24972914409526598	1	1	266	194	1	1	G
barcode74_consensus_vsearch	2612	C	C	455	2	0.43%	2	2	93	93	0.24972617743652814	1	1	263	192	1	1	-T
barcode74_consensus_vsearch	2613	T	T	454	3	0.65%	2	1	93	93	0.12458926615549139	1	1	260	194	3	0	A
barcode74_consensus_vsearch	2614	T	T	454	4	0.86%	2	1	93	93	0.06209038837901774	1	1	260	194	4	0	+A
barcode74_consensus_vsearch	2615	G	G	451	4	0.86%	2	1	93	93	0.06208768616665174	1	1	258	193	4	0	T
barcode74_consensus_vsearch	2616	T	T	455	4	0.87%	2	2	93	93	0.062091281262886246	1	1	262	193	2	2	C
barcode74_consensus_vsearch	2617	A	R	452	8	1.73%	2	1	93	93	0.0037882060460031454	1	1	258	194	8	0	G
barcode74_consensus_vsearch	2618	C	C	457	4	0.86%	2	2	93	93	0.062093055403000016	1	1	267	190	2	2	-T
barcode74_consensus_vsearch	2619	T	T	458	3	0.65%	2	2	93	93	0.12459283387624695	1	1	266	192	2	1	C
barcode74_consensus_vsearch	2620	T	*/-C	447	8	1.72%	2	2	93	93	0.0037869182351470006	1	1	263	184	2	6	-C
barcode74_consensus_vsearch	2621	C	C	444	3	0.66%	2	1	93	93	0.12458006718908442	1	1	264	180	3	0	+A
barcode74_consensus_vsearch	2622	C	C	454	2	0.43%	2	1	93	93	0.2497255762896723	1	1	269	185	0	2	+T
barcode74_consensus_vsearch	2623	T	T	448	6	1.3%	2	1	93	93	0.015367449445331104	1	1	263	185	6	0	+C
barcode74_consensus_vsearch	2624	C	*/+T	440	11	2.4%	2	1	93	93	4.590671030956891E-4	1	1	265	175	0	11	+T
barcode74_consensus_vsearch	2625	T	*/+A	438	8	1.76%	2	1	93	93	0.0037845279531252564	1	1	262	176	0	8	+A
barcode74_consensus_vsearch	2626	A	A	455	3	0.65%	2	2	93	93	0.12459016393415773	1	1	266	189	1	2	C
barcode74_consensus_vsearch	2627	A	A	463	2	0.43%	2	1	93	93	0.24973089343429802	1	1	267	196	2	0	C
barcode74_consensus_vsearch	2628	A	A	459	4	0.86%	2	1	93	93	0.06209481420755567	1	1	264	195	4	0	G
barcode74_consensus_vsearch	2629	T	T	464	1	0.22%	2	1	93	93	0.4999999999999138	1	1	270	194	0	1	C
barcode74_consensus_vsearch	2630	G	G	465	1	0.21%	2	1	93	93	0.5000000000008233	1	1	270	195	0	1	+AAATG
barcode74_consensus_vsearch	2631	A	A	462	2	0.43%	2	2	93	93	0.24973031283711408	1	1	268	194	1	1	G
barcode74_consensus_vsearch	2632	C	C	464	1	0.22%	2	1	93	93	0.4999999999999138	1	1	269	195	0	1	T
barcode74_consensus_vsearch	2633	C	Y	453	8	1.72%	2	1	93	93	0.003788460280099838	1	1	269	184	0	8	T
barcode74_consensus_vsearch	2634	G	G	461	2	0.43%	2	1	93	93	0.24972972972924576	1	1	266	195	2	0	-A
barcode74_consensus_vsearch	2635	A	A	462	1	0.22%	2	1	93	93	0.4999999999990043	1	1	267	195	1	0	+G
barcode74_consensus_vsearch	2636	G	G	464	1	0.21%	2	1	93	93	0.4999999999999138	1	1	269	195	0	1	+CG
barcode74_consensus_vsearch	2637	T	Y	458	8	1.72%	2	2	93	93	0.0037897152001668	1	1	269	189	1	7	C
barcode74_consensus_vsearch	2638	T	T	464	2	0.43%	2	2	93	93	0.2497314715357706	1	1	269	195	1	1	C
barcode74_consensus_vsearch	2639	T	T	464	1	0.21%	2	1	93	93	0.4999999999999138	1	1	269	195	0	1	+G
barcode74_consensus_vsearch	2640	G	*/-A	445	14	3.01%	2	1	93	93	5.519311733534499E-5	1	1	253	192	14	0	-A
barcode74_consensus_vsearch	2641	A	A	445	2	0.44%	2	1	93	93	0.2497200447932722	1	1	250	195	2	0	+G
barcode74_consensus_vsearch	2642	A	*/-G	452	7	1.5%	2	1	93	93	0.007634564377795515	1	1	257	195	7	0	-G
barcode74_consensus_vsearch	2643	G	G	452	2	0.44%	2	1	93	93	0.24972436604191225	1	1	257	195	2	0	+A
barcode74_consensus_vsearch	2644	G	G	461	2	0.43%	2	2	93	93	0.24972972972924576	1	1	267	194	1	1	A
barcode74_consensus_vsearch	2645	C	C	460	4	0.86%	2	2	93	93	0.062095687920911566	1	1	267	193	2	2	T
barcode74_consensus_vsearch	2646	G	G	463	2	0.43%	2	1	93	93	0.24973089343429802	1	1	268	195	2	0	+T
barcode74_consensus_vsearch	2647	T	T	458	5	1.07%	2	1	93	93	0.030912711194453116	1	1	270	188	0	5	+C
barcode74_consensus_vsearch	2648	T	T	457	6	1.29%	2	2	93	93	0.01537244487190259	1	1	267	190	1	5	-C
barcode74_consensus_vsearch	2649	C	C	451	3	0.65%	2	1	93	93	0.12458654906280954	1	1	266	185	0	3	+G
barcode74_consensus_vsearch	2650	G	G	461	3	0.65%	2	2	93	93	0.12459546925571133	1	1	267	194	1	2	A
barcode74_consensus_vsearch	2651	C	*/-T	455	9	1.94%	2	1	93	93	0.0018781333730529595	1	1	268	187	0	9	-T
barcode74_consensus_vsearch	2652	T	*/-C	438	18	3.94%	2	1	93	93	3.214928701538414E-6	1	1	252	186	18	0	-C
barcode74_consensus_vsearch	2653	C	C	446	1	0.22%	2	1	93	93	0.5000000000008233	1	1	252	194	0	1	+TG
barcode74_consensus_vsearch	2654	C	*/-A	448	14	3%	2	2	93	93	5.522972572566875E-5	1	1	257	191	12	2	-A
barcode74_consensus_vsearch	2655	A	A	445	6	1.33%	2	2	93	93	0.015365740098082468	1	1	254	191	3	3	G
barcode74_consensus_vsearch	2656	A	A	454	6	1.29%	2	2	93	93	0.015370801400747822	1	1	265	189	4	2	G
barcode74_consensus_vsearch	2657	G	G	465	1	0.21%	2	1	93	93	0.5000000000008233	1	1	270	195	0	1	A
barcode74_consensus_vsearch	2658	G	G	464	2	0.43%	2	2	93	93	0.2497314715357706	1	1	269	195	1	1	A
barcode74_consensus_vsearch	2659	A	A	464	2	0.43%	2	1	93	93	0.2497314715357706	1	1	270	194	0	2	G
barcode74_consensus_vsearch	2660	C	C	462	2	0.43%	2	1	93	93	0.24973031283711408	1	1	267	195	2	0	+T
barcode74_consensus_vsearch	2661	G	G	465	0	0%	2	0	93	0	1.0	1	0	270	195	0	0	
barcode74_consensus_vsearch	2662	A	A	465	1	0.21%	2	1	93	93	0.5000000000008233	1	1	270	195	0	1	+GA
barcode74_consensus_vsearch	2663	T	T	455	6	1.29%	2	2	93	93	0.015371351595895005	1	1	267	188	1	5	-G
barcode74_consensus_vsearch	2664	G	G	457	1	0.22%	2	1	93	93	0.4999999999999138	1	1	267	190	1	0	A
barcode74_consensus_vsearch	2665	G	G	458	2	0.43%	2	1	93	93	0.24972796517908835	1	1	264	194	2	0	+A
barcode74_consensus_vsearch	2666	G	G	460	2	0.43%	2	1	93	93	0.24972914409526598	1	1	268	192	0	2	A
barcode74_consensus_vsearch	2667	C	C	459	2	0.43%	2	1	93	93	0.2497285559174766	1	1	267	192	2	0	+G
barcode74_consensus_vsearch	2668	G	G	461	1	0.21%	2	1	93	93	0.5000000000008233	1	1	268	193	1	0	+A
barcode74_consensus_vsearch	2669	A	A	453	6	1.29%	2	1	93	93	0.015370248813581264	1	1	268	185	0	6	-GA
barcode74_consensus_vsearch	2670	G	G	455	1	0.22%	2	1	93	93	0.4999999999999138	1	1	268	187	0	1	+TT
barcode74_consensus_vsearch	2671	A	A	441	5	1.09%	2	1	93	93	0.030899862264693823	1	1	262	179	5	0	+C
barcode74_consensus_vsearch	2672	C	C	453	5	1.09%	2	2	93	93	0.03090903105714376	1	1	266	187	2	3	T
barcode74_consensus_vsearch	2673	C	*/-A	399	20	4.3%	2	2	93	93	7.560960467294479E-7	1	1	232	167	14	6	-A
barcode74_consensus_vsearch	2674	A	A	429	4	0.92%	2	2	93	93	0.062066725162242674	1	1	249	180	3	1	+G
barcode74_consensus_vsearch	2675	A	A	447	4	0.87%	2	1	93	93	0.06208402726417696	1	1	260	187	4	0	+G
barcode74_consensus_vsearch	2676	A	A	452	6	1.29%	2	1	93	93	0.015369693818747027	1	1	260	192	6	0	-G
barcode74_consensus_vsearch	2677	G	R	435	11	2.4%	2	2	93	93	4.587459048221758E-4	1	1	244	191	10	1	A
barcode74_consensus_vsearch	2678	T	*/-C	406	46	9.94%	2	2	93	93	4.253960281824235E-15	1	1	229	177	32	14	-C
barcode74_consensus_vsearch	2679	C	C	412	3	0.72%	2	1	93	93	0.12454764776856536	1	1	231	181	3	0	T
barcode74_consensus_vsearch	2680	C	C	460	1	0.22%	2	1	93	93	0.4999999999999138	1	1	265	195	0	1	+T
barcode74_consensus_vsearch	2681	C	C	456	4	0.86%	2	1	93	93	0.062092170262314485	1	1	266	190	0	4	T
barcode74_consensus_vsearch	2682	C	Y	427	24	5.15%	2	1	93	93	4.353321713735385E-8	1	1	261	166	0	24	T
barcode74_consensus_vsearch	2683	G	R	444	9	1.96%	2	1	93	93	0.0018763317016516773	1	1	251	193	9	0	A
barcode74_consensus_vsearch	2684	T	Y	441	18	3.9%	2	2	93	93	3.218595437287658E-6	1	1	263	178	3	15	C
barcode74_consensus_vsearch	2685	T	T	457	2	0.43%	2	1	93	93	0.24972737186467478	1	1	263	194	2	0	-G
barcode74_consensus_vsearch	2686	G	G	450	5	1.09%	2	2	93	93	0.030906784173455357	1	1	257	193	3	2	-C
barcode74_consensus_vsearch	2687	C	C	449	4	0.87%	2	2	93	93	0.06208586479697461	1	1	258	191	2	2	T
barcode74_consensus_vsearch	2688	T	*/+C	442	9	1.94%	2	1	93	93	0.0018759947844450028	1	1	246	196	9	0	+C
barcode74_consensus_vsearch	2689	C	C	450	5	1.09%	2	2	93	93	0.030906784173455357	1	1	259	191	1	4	T
barcode74_consensus_vsearch	2690	C	C	461	3	0.64%	2	2	93	93	0.12459546925571133	1	1	266	195	2	1	-T
barcode74_consensus_vsearch	2691	T	Y	452	7	1.51%	2	2	93	93	0.007634564377795515	1	1	264	188	1	6	C
barcode74_consensus_vsearch	2692	G	G	458	2	0.43%	2	1	93	93	0.24972796517908835	1	1	262	196	2	0	A
barcode74_consensus_vsearch	2693	C	C	458	2	0.43%	2	1	93	93	0.24972796517908835	1	1	264	194	2	0	+G
barcode74_consensus_vsearch	2694	C	C	456	3	0.65%	2	2	93	93	0.12459105779723775	1	1	265	191	1	2	+T
barcode74_consensus_vsearch	2695	T	T	456	4	0.87%	2	2	93	93	0.062092170262314485	1	1	266	190	1	3	C
barcode74_consensus_vsearch	2696	T	*/+C	454	7	1.51%	2	1	93	93	0.007635332943374405	1	1	269	185	0	7	+C
barcode74_consensus_vsearch	2697	C	*/-TC	450	9	1.95%	2	1	93	93	0.0018773250232725807	1	1	268	182	0	9	-TC
barcode74_consensus_vsearch	2698	T	T	449	2	0.44%	2	1	93	93	0.24972253052152624	1	1	266	183	0	2	C
barcode74_consensus_vsearch	2699	C	*/-A	445	10	2.19%	2	1	93	93	9.289599302019507E-4	1	1	258	187	10	0	-A
barcode74_consensus_vsearch	2700	A	A	439	6	1.32%	2	2	93	93	0.015362252420215997	1	1	245	194	5	1	G
barcode74_consensus_vsearch	2701	C	S	449	7	1.52%	2	1	93	93	0.00763339894512905	1	1	255	194	7	0	G
barcode74_consensus_vsearch	2702	C	*/-A	450	7	1.51%	2	2	93	93	0.0076337891152176976	1	1	256	194	6	1	-A
barcode74_consensus_vsearch	2703	A	A	447	3	0.66%	2	1	93	93	0.12458286985565502	1	1	255	192	3	0	+G
barcode74_consensus_vsearch	2704	A	A	456	4	0.86%	2	1	93	93	0.062092170262314485	1	1	260	196	4	0	G
barcode74_consensus_vsearch	2705	G	G	462	2	0.43%	2	1	93	93	0.24973031283711408	1	1	267	195	2	0	A
barcode74_consensus_vsearch	2706	T	T	460	2	0.43%	2	1	93	93	0.24972914409526598	1	1	266	194	2	0	C
barcode74_consensus_vsearch	2707	C	C	464	1	0.22%	2	1	93	93	0.4999999999999138	1	1	268	196	1	0	-A
barcode74_consensus_vsearch	2708	A	A	456	3	0.65%	2	2	93	93	0.12459105779723775	1	1	265	191	1	2	G
barcode74_consensus_vsearch	2709	T	T	460	3	0.65%	2	1	93	93	0.1245945945946921	1	1	269	191	0	3	+C
barcode74_consensus_vsearch	2710	T	T	457	3	0.65%	2	1	93	93	0.12459194776934993	1	1	268	189	0	3	-C
barcode74_consensus_vsearch	2711	C	C	459	2	0.43%	2	1	93	93	0.2497285559174766	1	1	269	190	0	2	+G
barcode74_consensus_vsearch	2712	G	G	465	1	0.21%	2	1	93	93	0.5000000000008233	1	1	269	196	1	0	-A
barcode74_consensus_vsearch	2713	A	A	463	1	0.22%	2	1	93	93	0.4999999999990043	1	1	268	195	1	0	C
barcode74_consensus_vsearch	2714	T	T	461	2	0.43%	2	1	93	93	0.24972972972924576	1	1	266	195	2	0	+C
barcode74_consensus_vsearch	2715	C	C	462	2	0.43%	2	2	93	93	0.24973031283711408	1	1	267	195	1	1	-G
barcode74_consensus_vsearch	2716	G	G	457	6	1.29%	2	1	93	93	0.01537244487190259	1	1	262	195	6	0	A
barcode74_consensus_vsearch	2717	G	G	464	1	0.21%	2	1	93	93	0.4999999999999138	1	1	268	196	1	0	A
barcode74_consensus_vsearch	2718	T	T	460	2	0.43%	2	2	93	93	0.24972914409526598	1	1	267	193	1	1	+A
barcode74_consensus_vsearch	2719	A	A	460	2	0.43%	2	2	93	93	0.24972914409526598	1	1	268	192	1	1	G
barcode74_consensus_vsearch	2720	G	*/-TAG	439	13	2.79%	2	2	93	93	1.1184359100871172E-4	1	1	252	187	5	8	-TAG
barcode74_consensus_vsearch	2721	T	T	448	3	0.66%	2	1	93	93	0.12458379578250524	1	1	263	185	0	3	A
barcode74_consensus_vsearch	2722	A	A	445	4	0.88%	2	1	93	93	0.0620821733525388	1	1	260	185	4	0	G
barcode74_consensus_vsearch	2723	G	G	445	4	0.89%	2	1	93	93	0.0620821733525388	1	1	261	184	4	0	A
barcode74_consensus_vsearch	2724	C	C	459	4	0.86%	2	1	93	93	0.06209481420755567	1	1	268	191	0	4	T
barcode74_consensus_vsearch	2725	G	G	458	4	0.86%	2	1	93	93	0.06209393670973901	1	1	268	190	0	4	+CG
barcode74_consensus_vsearch	2726	A	A	461	1	0.22%	2	1	93	93	0.5000000000008233	1	1	268	193	0	1	+GTGA
barcode74_consensus_vsearch	2727	C	C	455	5	1.08%	2	1	93	93	0.03091051270694167	1	1	268	187	0	5	-G
barcode74_consensus_vsearch	2728	G	R	450	7	1.52%	2	1	93	93	0.0076337891152176976	1	1	259	191	7	0	A
barcode74_consensus_vsearch	2729	G	G	466	0	0%	2	0	93	0	1.0	1	0	270	196	0	0	
barcode74_consensus_vsearch	2730	G	G	459	4	0.86%	2	1	93	93	0.06209481420755567	1	1	265	194	4	0	+C
barcode74_consensus_vsearch	2731	C	C	457	2	0.43%	2	1	93	93	0.24972737186467478	1	1	267	190	2	0	+A
barcode74_consensus_vsearch	2732	G	G	455	2	0.43%	2	1	93	93	0.24972617743652814	1	1	265	190	2	0	+AG
barcode74_consensus_vsearch	2733	G	G	461	2	0.43%	2	1	93	93	0.24972972972924576	1	1	268	193	2	0	-T
barcode74_consensus_vsearch	2734	T	T	455	3	0.65%	2	2	93	93	0.12459016393415773	1	1	265	190	2	1	C
barcode74_consensus_vsearch	2735	G	G	458	4	0.86%	2	2	93	93	0.06209393670973901	1	1	268	190	1	3	-T
barcode74_consensus_vsearch	2736	T	*/-GT	424	26	5.64%	2	2	93	93	1.0275327797789765E-8	1	1	252	172	13	13	-GT
barcode74_consensus_vsearch	2737	G	G	431	2	0.46%	2	2	93	93	0.24971098265883573	1	1	252	179	1	1	+C
barcode74_consensus_vsearch	2738	T	T	430	2	0.46%	2	1	93	93	0.24971031286224527	1	1	253	177	0	2	+G
barcode74_consensus_vsearch	2739	A	A	447	6	1.29%	2	2	93	93	0.015366882172830807	1	1	259	188	5	1	G
barcode74_consensus_vsearch	2740	C	*/-A	354	98	21.17%	2	2	93	93	8.576970504509417E-33	1	1	169	185	91	7	-A
barcode74_consensus_vsearch	2741	A	A	359	2	0.55%	2	1	93	93	0.24965325936195193	1	1	174	185	2	0	+C
barcode74_consensus_vsearch	2742	A	A	459	3	0.65%	2	1	93	93	0.12459371614300269	1	1	267	192	0	3	G
barcode74_consensus_vsearch	2743	A	A	454	6	1.29%	2	2	93	93	0.015370801400747822	1	1	262	192	4	2	G
barcode74_consensus_vsearch	2744	G	G	457	5	1.08%	2	1	93	93	0.030911981535900093	1	1	263	194	5	0	+A
barcode74_consensus_vsearch	2745	G	G	463	2	0.43%	2	1	93	93	0.24973089343429802	1	1	268	195	2	0	+A
barcode74_consensus_vsearch	2746	G	G	462	1	0.21%	2	1	93	93	0.4999999999990043	1	1	269	193	0	1	-C
barcode74_consensus_vsearch	2747	C	C	449	5	1.08%	2	2	93	93	0.030906028617208876	1	1	261	188	2	3	T
barcode74_consensus_vsearch	2748	A	*/-G	380	50	10.89%	2	2	93	93	1.9574633691214953E-16	1	1	249	131	3	47	-G
barcode74_consensus_vsearch	2749	G	G	402	3	0.73%	2	1	93	93	0.1245364647713705	1	1	265	137	0	3	+T
barcode74_consensus_vsearch	2750	G	G	458	1	0.22%	2	1	93	93	0.4999999999999138	1	1	267	191	1	0	+A
barcode74_consensus_vsearch	2751	G	G	461	1	0.22%	2	1	93	93	0.5000000000008233	1	1	268	193	1	0	-A
barcode74_consensus_vsearch	2752	A	A	450	6	1.3%	2	1	93	93	0.01536857654288441	1	1	266	184	0	6	+T
barcode74_consensus_vsearch	2753	C	Y	440	15	3.26%	2	1	93	93	2.7140982006247604E-5	1	1	267	173	0	15	T
barcode74_consensus_vsearch	2754	G	G	454	2	0.43%	2	1	93	93	0.2497255762896723	1	1	266	188	2	0	+CG
barcode74_consensus_vsearch	2755	T	Y	444	8	1.73%	2	2	93	93	0.0037861319732248877	1	1	265	179	3	5	C
barcode74_consensus_vsearch	2756	A	A	450	5	1.09%	2	2	93	93	0.030906784173455357	1	1	267	183	1	4	-T
barcode74_consensus_vsearch	2757	T	Y	451	7	1.52%	2	2	93	93	0.007634177589087493	1	1	266	185	2	5	C
barcode74_consensus_vsearch	2758	T	Y	454	11	2.36%	2	2	93	93	4.599304008296962E-4	1	1	269	185	1	10	C
barcode74_consensus_vsearch	2759	C	C	463	1	0.22%	2	1	93	93	0.4999999999990043	1	1	270	193	0	1	+A
barcode74_consensus_vsearch	2760	A	A	463	2	0.43%	2	1	93	93	0.24973089343429802	1	1	270	193	0	2	-T
barcode74_consensus_vsearch	2761	T	T	458	5	1.08%	2	2	93	93	0.030912711194453116	1	1	269	189	1	4	C
barcode74_consensus_vsearch	2762	C	C	461	3	0.65%	2	2	93	93	0.12459546925571133	1	1	268	193	2	1	-G
barcode74_consensus_vsearch	2763	G	*/-TG	441	17	3.67%	2	1	93	93	6.558782257774256E-6	1	1	265	176	0	17	-TG
barcode74_consensus_vsearch	2764	T	T	435	6	1.34%	2	2	93	93	0.015359874699953162	1	1	263	172	3	3	C
barcode74_consensus_vsearch	2765	G	G	443	1	0.22%	2	1	93	93	0.4999999999999138	1	1	266	177	1	0	A
barcode74_consensus_vsearch	2766	G	G	458	2	0.43%	2	2	93	93	0.24972796517908835	1	1	265	193	1	1	A
barcode74_consensus_vsearch	2767	G	G	462	1	0.22%	2	1	93	93	0.4999999999990043	1	1	268	194	1	0	+C
barcode74_consensus_vsearch	2768	C	C	462	1	0.22%	2	1	93	93	0.4999999999990043	1	1	267	195	1	0	-TGGTGAC
barcode74_consensus_vsearch	2769	T	T	451	5	1.08%	2	1	93	93	0.03090753641767135	1	1	267	184	0	5	-G
barcode74_consensus_vsearch	2770	G	G	452	3	0.65%	2	1	93	93	0.12458745874590603	1	1	267	185	0	3	+C
barcode74_consensus_vsearch	2771	G	G	458	3	0.65%	2	1	93	93	0.12459283387624695	1	1	266	192	3	0	T
barcode74_consensus_vsearch	2772	T	T	454	6	1.3%	2	1	93	93	0.015370801400747822	1	1	268	186	0	6	C
barcode74_consensus_vsearch	2773	G	G	464	1	0.22%	2	1	93	93	0.4999999999999138	1	1	269	195	0	1	-A
barcode74_consensus_vsearch	2774	A	A	457	4	0.86%	2	1	93	93	0.062093055403000016	1	1	266	191	0	4	-C
barcode74_consensus_vsearch	2775	C	C	460	1	0.22%	2	1	93	93	0.4999999999999138	1	1	269	191	0	1	T
barcode74_consensus_vsearch	2776	C	C	463	3	0.64%	2	2	93	93	0.12459720730400861	1	1	268	195	2	1	T
barcode74_consensus_vsearch	2777	C	*/-AC	454	7	1.5%	2	2	93	93	0.007635332943374405	1	1	260	194	6	1	-AC
barcode74_consensus_vsearch	2778	A	A	451	6	1.31%	2	2	93	93	0.015369136400488401	1	1	257	194	5	1	G
barcode74_consensus_vsearch	2779	C	C	456	1	0.22%	2	1	93	93	0.4999999999990043	1	1	262	194	0	1	+G
barcode74_consensus_vsearch	2780	G	G	460	4	0.86%	2	2	93	93	0.062095687920911566	1	1	265	195	3	1	-A
barcode74_consensus_vsearch	2781	A	A	458	1	0.22%	2	1	93	93	0.4999999999999138	1	1	264	194	0	1	+GA
barcode74_consensus_vsearch	2782	T	T	457	6	1.29%	2	2	93	93	0.01537244487190259	1	1	264	193	3	3	C
barcode74_consensus_vsearch	2783	T	T	461	2	0.43%	2	2	93	93	0.24972972972924576	1	1	268	193	1	1	C
barcode74_consensus_vsearch	2784	A	A	458	3	0.65%	2	2	93	93	0.12459283387624695	1	1	264	194	2	1	G
barcode74_consensus_vsearch	2785	C	*/+A	448	7	1.51%	2	2	93	93	0.00763300706774014	1	1	255	193	6	1	+A
barcode74_consensus_vsearch	2786	A	A	449	4	0.87%	2	1	93	93	0.06208586479697461	1	1	257	192	4	0	+G
barcode74_consensus_vsearch	2787	A	A	453	5	1.08%	2	2	93	93	0.03090903105714376	1	1	263	190	3	2	-G
barcode74_consensus_vsearch	2788	G	G	452	5	1.08%	2	1	93	93	0.030908285371709306	1	1	259	193	5	0	+A
barcode74_consensus_vsearch	2789	G	G	459	5	1.07%	2	1	93	93	0.030913437709528726	1	1	265	194	5	0	A
barcode74_consensus_vsearch	2790	C	Y	454	8	1.72%	2	2	93	93	0.0037887134215269843	1	1	267	187	1	7	T
barcode74_consensus_vsearch	2791	A	A	457	3	0.64%	2	2	93	93	0.12459194776934993	1	1	267	190	1	2	+T
barcode74_consensus_vsearch	2792	T	T	462	1	0.22%	2	1	93	93	0.4999999999990043	1	1	269	193	0	1	+C
barcode74_consensus_vsearch	2793	T	T	456	4	0.86%	2	2	93	93	0.062092170262314485	1	1	263	193	3	1	-C
barcode74_consensus_vsearch	2794	C	C	461	1	0.22%	2	1	93	93	0.5000000000008233	1	1	267	194	0	1	+G
barcode74_consensus_vsearch	2795	C	C	463	1	0.21%	2	1	93	93	0.4999999999990043	1	1	267	196	1	0	-A
barcode74_consensus_vsearch	2796	A	A	462	1	0.22%	2	1	93	93	0.4999999999990043	1	1	266	196	1	0	-TGTTCA
barcode74_consensus_vsearch	2797	T	T	460	2	0.43%	2	1	93	93	0.24972914409526598	1	1	266	194	2	0	-GT
barcode74_consensus_vsearch	2798	G	G	459	2	0.43%	2	1	93	93	0.2497285559174766	1	1	266	193	0	2	A
barcode74_consensus_vsearch	2799	T	T	454	5	1.08%	2	2	93	93	0.030909773495158815	1	1	263	191	2	3	C
barcode74_consensus_vsearch	2800	T	T	458	3	0.65%	2	2	93	93	0.12459283387624695	1	1	265	193	2	1	-C
barcode74_consensus_vsearch	2801	C	*/-A	446	12	2.6%	2	1	93	93	2.2696003854954554E-4	1	1	254	192	12	0	-A
barcode74_consensus_vsearch	2802	A	A	444	4	0.89%	2	2	93	93	0.06208124018598929	1	1	250	194	3	1	G
barcode74_consensus_vsearch	2803	C	Y	441	14	3.02%	2	2	93	93	5.514358248895189E-5	1	1	248	193	13	1	T
barcode74_consensus_vsearch	2804	G	*/-A	449	10	2.15%	2	2	93	93	9.29368823401496E-4	1	1	256	193	8	2	-A
barcode74_consensus_vsearch	2805	A	A	443	5	1.1%	2	2	93	93	0.030901424487179464	1	1	253	190	4	1	-G
barcode74_consensus_vsearch	2806	G	G	452	2	0.43%	2	1	93	93	0.24972436604191225	1	1	261	191	2	0	+AG
barcode74_consensus_vsearch	2807	C	C	463	1	0.22%	2	1	93	93	0.4999999999990043	1	1	269	194	1	0	-G
barcode74_consensus_vsearch	2808	G	G	457	4	0.86%	2	1	93	93	0.062093055403000016	1	1	265	192	4	0	A
barcode74_consensus_vsearch	2809	C	*/-T	448	10	2.16%	2	2	93	93	9.292672599433581E-4	1	1	265	183	1	9	-T
barcode74_consensus_vsearch	2810	T	T	452	1	0.22%	2	1	93	93	0.4999999999999138	1	1	267	185	1	0	C
barcode74_consensus_vsearch	2811	T	T	458	4	0.86%	2	1	93	93	0.06209393670973901	1	1	269	189	0	4	C
barcode74_consensus_vsearch	2812	T	*/-C	427	30	6.44%	2	2	93	93	5.694730079662521E-10	1	1	243	184	27	3	-C
barcode74_consensus_vsearch	2813	C	C	434	1	0.23%	2	1	93	93	0.4999999999999138	1	1	243	191	0	1	T
barcode74_consensus_vsearch	2814	C	C	463	1	0.22%	2	1	93	93	0.4999999999990043	1	1	268	195	1	0	-A
barcode74_consensus_vsearch	2815	A	R	452	7	1.51%	2	2	93	93	0.007634564377795515	1	1	263	189	4	3	G
barcode74_consensus_vsearch	2816	G	G	460	4	0.86%	2	1	93	93	0.062095687920911566	1	1	266	194	4	0	A
barcode74_consensus_vsearch	2817	T	T	464	1	0.21%	2	1	93	93	0.4999999999999138	1	1	270	194	0	1	-GC
barcode74_consensus_vsearch	2818	G	G	459	3	0.65%	2	1	93	93	0.12459371614300269	1	1	267	192	0	3	+C
barcode74_consensus_vsearch	2819	C	C	463	1	0.22%	2	1	93	93	0.4999999999990043	1	1	268	195	1	0	+A
barcode74_consensus_vsearch	2820	T	T	456	4	0.86%	2	2	93	93	0.062092170262314485	1	1	265	191	1	3	C
barcode74_consensus_vsearch	2821	C	C	449	6	1.3%	2	2	93	93	0.015368014229849866	1	1	264	185	1	5	+G
barcode74_consensus_vsearch	2822	G	G	460	2	0.43%	2	1	93	93	0.24972914409526598	1	1	267	193	2	0	-A
barcode74_consensus_vsearch	2823	A	A	460	2	0.43%	2	2	93	93	0.24972914409526598	1	1	266	194	1	1	G
barcode74_consensus_vsearch	2824	T	*/-C	422	34	7.31%	2	2	93	93	3.0731059684365053E-11	1	1	246	176	20	14	-C
barcode74_consensus_vsearch	2825	C	C	430	0	0%	2	0	93	0	1.0	1	0	249	181	0	0	
barcode74_consensus_vsearch	2826	C	C	463	1	0.22%	2	1	93	93	0.4999999999990043	1	1	269	194	1	0	+A
barcode74_consensus_vsearch	2827	C	C	460	5	1.07%	2	2	93	93	0.03091416110165428	1	1	268	192	1	4	T
barcode74_consensus_vsearch	2828	C	C	457	3	0.64%	2	2	93	93	0.12459194776934993	1	1	266	191	2	1	T
barcode74_consensus_vsearch	2829	A	A	452	4	0.86%	2	1	93	93	0.062088590856761904	1	1	259	193	4	0	-GC
barcode74_consensus_vsearch	2830	G	R	425	29	6.33%	2	1	93	93	1.1738524444095348E-9	1	1	231	194	29	0	A
barcode74_consensus_vsearch	2831	C	*/-AC	442	8	1.74%	2	1	93	93	0.0037856020174325917	1	1	247	195	8	0	-AC
barcode74_consensus_vsearch	2832	A	A	449	3	0.66%	2	2	93	93	0.12458471760810089	1	1	255	194	2	1	G
barcode74_consensus_vsearch	2833	C	C	452	3	0.66%	2	2	93	93	0.12458745874590603	1	1	258	194	1	2	T
barcode74_consensus_vsearch	2834	G	G	462	2	0.43%	2	1	93	93	0.24973031283711408	1	1	266	196	2	0	-A
barcode74_consensus_vsearch	2835	A	A	461	2	0.43%	2	1	93	93	0.24972972972924576	1	1	267	194	0	2	C
barcode74_consensus_vsearch	2836	T	T	459	5	1.07%	2	2	93	93	0.030913437709528726	1	1	266	193	2	3	-AC
barcode74_consensus_vsearch	2837	A	A	456	2	0.43%	2	1	93	93	0.24972677595608425	1	1	263	193	2	0	G
barcode74_consensus_vsearch	2838	C	C	461	0	0%	2	0	93	0	1.0	1	0	268	193	0	0	
barcode74_consensus_vsearch	2839	G	G	466	0	0%	2	0	93	0	1.0	1	0	270	196	0	0	
barcode74_consensus_vsearch	2840	A	A	459	5	1.07%	2	2	93	93	0.030913437709528726	1	1	267	192	3	2	G
barcode74_consensus_vsearch	2841	T	T	461	1	0.22%	2	1	93	93	0.5000000000008233	1	1	270	191	0	1	+C
barcode74_consensus_vsearch	2842	C	C	461	1	0.22%	2	1	93	93	0.5000000000008233	1	1	269	192	0	1	-T
barcode74_consensus_vsearch	2843	T	T	457	4	0.86%	2	1	93	93	0.062093055403000016	1	1	265	192	4	0	+C
barcode74_consensus_vsearch	2844	C	C	459	2	0.43%	2	1	93	93	0.2497285559174766	1	1	266	193	0	2	+A
barcode74_consensus_vsearch	2845	A	A	462	1	0.22%	2	1	93	93	0.4999999999990043	1	1	266	196	1	0	G
barcode74_consensus_vsearch	2846	A	A	461	4	0.86%	2	2	93	93	0.06209655787449625	1	1	266	195	3	1	G
barcode74_consensus_vsearch	2847	T	T	464	1	0.22%	2	1	93	93	0.4999999999999138	1	1	269	195	0	1	C
barcode74_consensus_vsearch	2848	G	G	466	0	0%	2	0	93	0	1.0	1	0	270	196	0	0	
barcode74_consensus_vsearch	2849	G	G	465	1	0.21%	2	1	93	93	0.5000000000008233	1	1	269	196	1	0	-A
barcode74_consensus_vsearch	2850	A	A	456	3	0.65%	2	2	93	93	0.12459105779723775	1	1	264	192	2	1	+T
barcode74_consensus_vsearch	2851	T	T	460	1	0.22%	2	1	93	93	0.4999999999999138	1	1	265	195	0	1	+G
barcode74_consensus_vsearch	2852	T	T	461	2	0.43%	2	2	93	93	0.24972972972924576	1	1	266	195	1	1	+C
barcode74_consensus_vsearch	2853	A	R	450	9	1.94%	2	1	93	93	0.0018773250232725807	1	1	254	196	9	0	G
barcode74_consensus_vsearch	2854	C	C	459	1	0.22%	2	1	93	93	0.4999999999999138	1	1	263	196	1	0	G
barcode74_consensus_vsearch	2855	C	C	458	3	0.65%	2	1	93	93	0.12459283387624695	1	1	264	194	3	0	G
barcode74_consensus_vsearch	2856	C	C	456	4	0.86%	2	1	93	93	0.062092170262314485	1	1	263	193	4	0	-A
barcode74_consensus_vsearch	2857	A	A	454	3	0.65%	2	1	93	93	0.12458926615549139	1	1	261	193	0	3	+G
barcode74_consensus_vsearch	2858	G	G	458	5	1.08%	2	1	93	93	0.030912711194453116	1	1	262	196	5	0	A
barcode74_consensus_vsearch	2859	C	C	451	6	1.29%	2	2	93	93	0.015369136400488401	1	1	263	188	1	5	-GC
barcode74_consensus_vsearch	2860	G	*/+C	426	30	6.55%	2	1	93	93	5.688382919929854E-10	1	1	266	160	0	30	+C
barcode74_consensus_vsearch	2861	C	*/-T	431	20	4.36%	2	1	93	93	7.689356860960038E-7	1	1	266	165	0	20	-T
barcode74_consensus_vsearch	2862	T	*/-C	415	27	6.07%	2	1	93	93	4.947574709195323E-9	1	1	268	147	0	27	-C
barcode74_consensus_vsearch	2863	C	*/-TC	400	31	7.08%	2	2	93	93	2.661614223554998E-10	1	1	251	149	18	13	-TC
barcode74_consensus_vsearch	2864	T	*/-C	415	10	2.32%	2	1	93	93	9.256517413502841E-4	1	1	252	163	0	10	-C
barcode74_consensus_vsearch	2865	C	C	415	4	0.94%	2	1	93	93	0.06205223960684896	1	1	248	167	4	0	+TC
barcode74_consensus_vsearch	2866	G	G	463	2	0.43%	2	2	93	93	0.24973089343429802	1	1	269	194	1	1	A
barcode74_consensus_vsearch	2867	C	C	458	4	0.86%	2	2	93	93	0.06209393670973901	1	1	269	189	1	3	T
barcode74_consensus_vsearch	2868	G	G	466	0	0%	2	0	93	0	1.0	1	0	270	196	0	0	
barcode74_consensus_vsearch	2869	A	A	461	4	0.86%	2	2	93	93	0.06209655787449625	1	1	266	195	3	1	G
barcode74_consensus_vsearch	2870	T	T	456	3	0.64%	2	1	93	93	0.12459105779723775	1	1	262	194	3	0	+A
barcode74_consensus_vsearch	2871	A	R	446	10	2.16%	2	1	93	93	9.290628161964562E-4	1	1	255	191	10	0	G
barcode74_consensus_vsearch	2872	G	G	461	1	0.22%	2	1	93	93	0.5000000000008233	1	1	266	195	1	0	+A
barcode74_consensus_vsearch	2873	G	G	463	1	0.21%	2	1	93	93	0.4999999999990043	1	1	268	195	1	0	+AT
barcode74_consensus_vsearch	2874	T	Y	457	8	1.72%	2	1	93	93	0.0037894663597456	1	1	270	187	0	8	C
barcode74_consensus_vsearch	2875	T	T	457	3	0.65%	2	1	93	93	0.12459194776934993	1	1	266	191	0	3	-GG
barcode74_consensus_vsearch	2876	G	G	455	5	1.08%	2	2	93	93	0.03091051270694167	1	1	265	190	4	1	A
barcode74_consensus_vsearch	2877	G	R	448	7	1.52%	2	2	93	93	0.00763300706774014	1	1	259	189	6	1	A
barcode74_consensus_vsearch	2878	G	G	456	4	0.86%	2	1	93	93	0.062092170262314485	1	1	264	192	4	0	-C
barcode74_consensus_vsearch	2879	C	C	459	2	0.43%	2	1	93	93	0.2497285559174766	1	1	265	194	0	2	+T
barcode74_consensus_vsearch	2880	C	C	455	4	0.86%	2	1	93	93	0.062091281262886246	1	1	269	186	0	4	+T
barcode74_consensus_vsearch	2881	T	T	457	3	0.65%	2	1	93	93	0.12459194776934993	1	1	267	190	0	3	C
barcode74_consensus_vsearch	2882	A	A	458	4	0.86%	2	2	93	93	0.06209393670973901	1	1	263	195	3	1	G
barcode74_consensus_vsearch	2883	C	C	459	1	0.22%	2	1	93	93	0.4999999999999138	1	1	268	191	0	1	+GC
barcode74_consensus_vsearch	2884	T	T	455	3	0.65%	2	1	93	93	0.12459016393415773	1	1	268	187	0	3	C
barcode74_consensus_vsearch	2885	G	G	463	1	0.22%	2	1	93	93	0.4999999999990043	1	1	269	194	1	0	A
barcode74_consensus_vsearch	2886	G	G	460	2	0.43%	2	1	93	93	0.24972914409526598	1	1	268	192	0	2	+C
barcode74_consensus_vsearch	2887	T	T	459	4	0.86%	2	2	93	93	0.06209481420755567	1	1	268	191	2	2	-C
barcode74_consensus_vsearch	2888	C	C	461	1	0.22%	2	1	93	93	0.5000000000008233	1	1	267	194	1	0	T
barcode74_consensus_vsearch	2889	G	G	462	4	0.86%	2	2	93	93	0.06209742409232364	1	1	268	194	2	2	A
barcode74_consensus_vsearch	2890	C	C	462	3	0.64%	2	2	93	93	0.12459634015068409	1	1	269	193	1	2	T
barcode74_consensus_vsearch	2891	A	A	462	1	0.22%	2	1	93	93	0.4999999999990043	1	1	268	194	0	1	+C
barcode74_consensus_vsearch	2892	T	*/+C	448	12	2.58%	2	1	93	93	2.2703297154905811E-4	1	1	253	195	12	0	+C
barcode74_consensus_vsearch	2893	C	C	460	3	0.65%	2	1	93	93	0.1245945945946921	1	1	267	193	0	3	-A
barcode74_consensus_vsearch	2894	A	A	460	3	0.65%	2	1	93	93	0.1245945945946921	1	1	267	193	3	0	G
barcode74_consensus_vsearch	2895	G	G	464	1	0.21%	2	1	93	93	0.4999999999999138	1	1	268	196	1	0	+T
barcode74_consensus_vsearch	2896	T	T	455	6	1.29%	2	2	93	93	0.015371351595895005	1	1	266	189	2	4	C
barcode74_consensus_vsearch	2897	G	G	460	1	0.22%	2	1	93	93	0.4999999999999138	1	1	267	193	1	0	+CT
barcode74_consensus_vsearch	2898	T	T	452	4	0.87%	2	2	93	93	0.062088590856761904	1	1	264	188	3	1	C
barcode74_consensus_vsearch	2899	A	R	454	7	1.51%	2	1	93	93	0.007635332943374405	1	1	260	194	7	0	G
barcode74_consensus_vsearch	2900	G	G	459	4	0.86%	2	2	93	93	0.06209481420755567	1	1	267	192	2	2	-C
barcode74_consensus_vsearch	2901	C	C	456	4	0.87%	2	2	93	93	0.062092170262314485	1	1	266	190	1	3	T
barcode74_consensus_vsearch	2902	G	*/-CGCG	451	10	2.15%	2	2	93	93	9.295706475538195E-4	1	1	267	184	1	9	-CGCG
barcode74_consensus_vsearch	2903	C	C	449	5	1.1%	2	2	93	93	0.030906028617208876	1	1	265	184	3	2	T
barcode74_consensus_vsearch	2904	G	*/-CG	366	88	19.34%	2	2	93	93	3.015261181585086E-29	1	1	221	145	47	41	-CG
barcode74_consensus_vsearch	2905	C	C	364	2	0.54%	2	1	93	93	0.24965800273608107	1	1	220	144	2	0	T
barcode74_consensus_vsearch	2906	G	G	360	3	0.82%	2	1	93	93	0.12448275862071713	1	1	218	142	0	3	+CG
barcode74_consensus_vsearch	2907	T	T	458	3	0.65%	2	2	93	93	0.12459283387624695	1	1	265	193	1	2	C
barcode74_consensus_vsearch	2908	G	G	451	5	1.08%	2	1	93	93	0.03090753641767135	1	1	256	195	5	0	A
barcode74_consensus_vsearch	2909	C	Y	450	7	1.51%	2	2	93	93	0.0076337891152176976	1	1	262	188	3	4	T
barcode74_consensus_vsearch	2910	G	R	450	10	2.17%	2	1	93	93	9.294699516735583E-4	1	1	257	193	10	0	A
barcode74_consensus_vsearch	2911	G	*/-C	442	15	3.23%	2	2	93	93	2.715513921203811E-5	1	1	251	191	14	1	-C
barcode74_consensus_vsearch	2912	C	C	445	2	0.45%	2	1	93	93	0.2497200447932722	1	1	253	192	0	2	T
barcode74_consensus_vsearch	2913	C	C	457	5	1.08%	2	1	93	93	0.030911981535900093	1	1	262	195	5	0	T
barcode74_consensus_vsearch	2914	C	C	455	6	1.29%	2	2	93	93	0.015371351595895005	1	1	260	195	5	1	T
barcode74_consensus_vsearch	2915	A	*/-G	444	11	2.38%	2	2	93	93	4.5931907660072465E-4	1	1	260	184	3	8	-G
barcode74_consensus_vsearch	2916	G	G	449	1	0.22%	2	1	93	93	0.4999999999990043	1	1	266	183	0	1	+A
barcode74_consensus_vsearch	2917	G	G	463	1	0.22%	2	1	93	93	0.4999999999990043	1	1	269	194	0	1	C
barcode74_consensus_vsearch	2918	A	A	453	5	1.08%	2	2	93	93	0.03090903105714376	1	1	265	188	3	2	G
barcode74_consensus_vsearch	2919	C	C	461	1	0.22%	2	1	93	93	0.5000000000008233	1	1	268	193	0	1	T
barcode74_consensus_vsearch	2920	A	R	456	7	1.5%	2	2	93	93	0.007636094898325736	1	1	263	193	5	2	G
barcode74_consensus_vsearch	2921	T	*/+C	446	16	3.43%	2	1	93	93	1.3370669320085908E-5	1	1	251	195	16	0	+C
barcode74_consensus_vsearch	2922	C	C	461	3	0.64%	2	2	93	93	0.12459546925571133	1	1	268	193	1	2	-T
barcode74_consensus_vsearch	2923	T	T	446	6	1.3%	2	1	93	93	0.015366312395967143	1	1	253	193	6	0	+A
barcode74_consensus_vsearch	2924	A	A	458	1	0.22%	2	1	93	93	0.4999999999999138	1	1	262	196	1	0	+C
barcode74_consensus_vsearch	2925	A	A	455	5	1.08%	2	2	93	93	0.03091051270694167	1	1	266	189	2	3	-G
barcode74_consensus_vsearch	2926	G	G	460	1	0.22%	2	1	93	93	0.4999999999999138	1	1	267	193	1	0	+A
barcode74_consensus_vsearch	2927	G	G	460	4	0.86%	2	1	93	93	0.062095687920911566	1	1	264	196	4	0	+A
barcode74_consensus_vsearch	2928	G	G	463	2	0.43%	2	2	93	93	0.24973089343429802	1	1	268	195	1	1	A
barcode74_consensus_vsearch	2929	C	C	465	1	0.21%	2	1	93	93	0.5000000000008233	1	1	269	196	1	0	T
barcode74_consensus_vsearch	2930	A	A	464	1	0.21%	2	1	93	93	0.4999999999999138	1	1	268	196	1	0	+T
barcode74_consensus_vsearch	2931	T	T	463	1	0.21%	2	1	93	93	0.4999999999990043	1	1	268	195	1	0	+CC
barcode74_consensus_vsearch	2932	C	C	464	1	0.22%	2	1	93	93	0.4999999999999138	1	1	269	195	0	1	+G
barcode74_consensus_vsearch	2933	A	A	460	3	0.64%	2	2	93	93	0.1245945945946921	1	1	267	193	1	2	G
barcode74_consensus_vsearch	2934	C	C	462	1	0.21%	2	1	93	93	0.4999999999990043	1	1	267	195	1	0	+A
barcode74_consensus_vsearch	2935	A	A	461	2	0.43%	2	1	93	93	0.24972972972924576	1	1	268	193	0	2	G
barcode74_consensus_vsearch	2936	G	G	462	1	0.22%	2	1	93	93	0.4999999999990043	1	1	269	193	0	1	+C
barcode74_consensus_vsearch	2937	A	A	458	3	0.65%	2	2	93	93	0.12459283387624695	1	1	266	192	2	1	G
barcode74_consensus_vsearch	2938	C	C	463	1	0.21%	2	1	93	93	0.4999999999990043	1	1	269	194	1	0	+T
barcode74_consensus_vsearch	2939	C	C	463	1	0.21%	2	1	93	93	0.4999999999990043	1	1	270	193	0	1	+T
barcode74_consensus_vsearch	2940	T	Y	451	11	2.37%	2	2	93	93	4.597497298035834E-4	1	1	268	183	2	9	C
barcode74_consensus_vsearch	2941	G	G	461	3	0.65%	2	2	93	93	0.12459546925571133	1	1	269	192	1	2	-T
barcode74_consensus_vsearch	2942	T	T	457	5	1.08%	2	2	93	93	0.030911981535900093	1	1	267	190	2	3	C
barcode74_consensus_vsearch	2943	T	*/-A	453	8	1.72%	2	2	93	93	0.003788460280099838	1	1	262	191	7	1	-A
barcode74_consensus_vsearch	2944	A	A	451	3	0.66%	2	2	93	93	0.12458654906280954	1	1	260	191	1	2	G
barcode74_consensus_vsearch	2945	T	K	450	8	1.73%	2	2	93	93	0.003787694271375089	1	1	259	191	7	1	G
barcode74_consensus_vsearch	2946	T	T	462	2	0.43%	2	1	93	93	0.24973031283711408	1	1	269	193	0	2	A
barcode74_consensus_vsearch	2947	G	G	461	3	0.64%	2	1	93	93	0.12459546925571133	1	1	265	196	3	0	-C
barcode74_consensus_vsearch	2948	C	C	461	2	0.43%	2	1	93	93	0.24972972972924576	1	1	267	194	0	2	T
barcode74_consensus_vsearch	2949	C	C	450	5	1.07%	2	2	93	93	0.030906784173455357	1	1	259	191	3	2	+G
barcode74_consensus_vsearch	2950	G	*/-A	450	7	1.52%	2	2	93	93	0.0076337891152176976	1	1	255	195	6	1	-A
barcode74_consensus_vsearch	2951	A	A	450	4	0.87%	2	1	93	93	0.062086777488655716	1	1	258	192	4	0	+G
barcode74_consensus_vsearch	2952	G	G	460	1	0.22%	2	1	93	93	0.4999999999999138	1	1	266	194	1	0	+A
barcode74_consensus_vsearch	2953	T	T	459	5	1.08%	2	2	93	93	0.030913437709528726	1	1	268	191	1	4	C
barcode74_consensus_vsearch	2954	G	G	460	2	0.43%	2	1	93	93	0.24972914409526598	1	1	266	194	0	2	+C
barcode74_consensus_vsearch	2955	C	C	462	2	0.43%	2	1	93	93	0.24973031283711408	1	1	269	193	0	2	T
barcode74_consensus_vsearch	2956	C	C	461	3	0.64%	2	1	93	93	0.12459546925571133	1	1	269	192	0	3	-TC
barcode74_consensus_vsearch	2957	T	*/+C	447	7	1.52%	2	2	93	93	0.007632613471737004	1	1	258	189	5	2	+C
barcode74_consensus_vsearch	2958	C	C	455	1	0.22%	2	1	93	93	0.4999999999999138	1	1	263	192	0	1	+TC
barcode74_consensus_vsearch	2959	C	C	462	1	0.22%	2	1	93	93	0.4999999999990043	1	1	266	196	1	0	-A
barcode74_consensus_vsearch	2960	A	A	453	6	1.3%	2	2	93	93	0.015370248813581264	1	1	258	195	5	1	-CA
barcode74_consensus_vsearch	2961	C	C	458	1	0.22%	2	1	93	93	0.4999999999999138	1	1	263	195	1	0	-A
barcode74_consensus_vsearch	2962	A	A	450	6	1.31%	2	1	93	93	0.01536857654288441	1	1	261	189	0	6	+CA
barcode74_consensus_vsearch	2963	T	*/-C	432	24	5.17%	2	1	93	93	4.368747672723876E-8	1	1	237	195	24	0	-C
barcode74_consensus_vsearch	2964	C	C	441	1	0.23%	2	1	93	93	0.5000000000008233	1	1	245	196	1	0	+AT
barcode74_consensus_vsearch	2965	C	C	464	2	0.43%	2	2	93	93	0.2497314715357706	1	1	269	195	1	1	-T
barcode74_consensus_vsearch	2966	T	Y	446	14	3.02%	2	2	93	93	5.520537128080094E-5	1	1	264	182	2	12	C
barcode74_consensus_vsearch	2967	A	A	459	1	0.22%	2	1	93	93	0.4999999999999138	1	1	266	193	0	1	+C
barcode74_consensus_vsearch	2968	A	A	462	3	0.65%	2	2	93	93	0.12459634015068409	1	1	268	194	1	2	G
barcode74_consensus_vsearch	2969	T	T	457	5	1.08%	2	2	93	93	0.030911981535900093	1	1	265	192	2	3	C
barcode74_consensus_vsearch	2970	G	*/-TG	457	7	1.51%	2	2	93	93	0.007636473423421301	1	1	268	189	2	5	-TG
barcode74_consensus_vsearch	2971	T	T	448	5	1.09%	2	2	93	93	0.030905269727138893	1	1	265	183	1	4	C
barcode74_consensus_vsearch	2972	G	G	454	2	0.44%	2	1	93	93	0.2497255762896723	1	1	267	187	0	2	+TG
barcode74_consensus_vsearch	2973	G	G	466	0	0%	2	0	93	0	1.0	1	0	270	196	0	0	
barcode74_consensus_vsearch	2974	A	A	464	2	0.43%	2	2	93	93	0.2497314715357706	1	1	269	195	1	1	G
barcode74_consensus_vsearch	2975	T	T	462	3	0.64%	2	1	93	93	0.12459634015068409	1	1	267	195	3	0	C
barcode74_consensus_vsearch	2976	G	*/-C	458	8	1.72%	2	1	93	93	0.0037897152001668	1	1	262	196	8	0	-C
barcode74_consensus_vsearch	2977	C	C	452	4	0.87%	2	1	93	93	0.062088590856761904	1	1	261	191	0	4	+T
barcode74_consensus_vsearch	2978	C	C	461	2	0.43%	2	1	93	93	0.24972972972924576	1	1	270	191	0	2	+A
barcode74_consensus_vsearch	2979	T	T	454	4	0.86%	2	1	93	93	0.06209038837901774	1	1	268	186	0	4	C
barcode74_consensus_vsearch	2980	G	G	462	3	0.64%	2	1	93	93	0.12459634015068409	1	1	269	193	0	3	A
barcode74_consensus_vsearch	2981	T	*/+C	426	21	4.52%	2	2	93	93	3.7493059467302307E-7	1	1	234	192	20	1	+C
barcode74_consensus_vsearch	2982	C	C	450	0	0%	2	0	93	0	1.0	1	0	257	193	0	0	
barcode74_consensus_vsearch	2983	C	C	464	1	0.22%	2	1	93	93	0.4999999999999138	1	1	268	196	1	0	T
barcode74_consensus_vsearch	2984	C	C	455	6	1.29%	2	2	93	93	0.015371351595895005	1	1	263	192	4	2	-T
barcode74_consensus_vsearch	2985	T	*/+G	444	7	1.53%	2	1	93	93	0.007631422258539495	1	1	261	183	0	7	+G
barcode74_consensus_vsearch	2986	G	G	457	3	0.65%	2	2	93	93	0.12459194776934993	1	1	263	194	1	2	-A
barcode74_consensus_vsearch	2987	A	*/-G	445	10	2.16%	2	1	93	93	9.289599302019507E-4	1	1	253	192	10	0	-G
barcode74_consensus_vsearch	2988	G	G	448	3	0.66%	2	1	93	93	0.12458379578250524	1	1	253	195	3	0	A
barcode74_consensus_vsearch	2989	G	*/-A	424	22	4.74%	2	1	93	93	1.8284453348894272E-7	1	1	228	196	22	0	-A
barcode74_consensus_vsearch	2990	A	A	418	3	0.71%	2	2	93	93	0.12455410225923637	1	1	225	193	1	2	G
barcode74_consensus_vsearch	2991	G	G	443	3	0.67%	2	2	93	93	0.12457912457918291	1	1	248	195	2	1	A
barcode74_consensus_vsearch	2992	C	C	460	1	0.22%	2	1	93	93	0.4999999999999138	1	1	264	196	1	0	+A
barcode74_consensus_vsearch	2993	G	*/-CG	449	8	1.72%	2	2	93	93	0.0037874367164761535	1	1	261	188	2	6	-CG
barcode74_consensus_vsearch	2994	C	*/+G	439	10	2.18%	2	2	93	93	9.283331329900578E-4	1	1	252	187	8	2	+G
barcode74_consensus_vsearch	2995	G	G	442	5	1.1%	2	1	93	93	0.03090064512242186	1	1	256	186	5	0	-A
barcode74_consensus_vsearch	2996	A	A	453	4	0.87%	2	1	93	93	0.062089491585691256	1	1	257	196	4	0	+G
barcode74_consensus_vsearch	2997	G	G	457	3	0.65%	2	1	93	93	0.12459194776934993	1	1	267	190	0	3	-T
barcode74_consensus_vsearch	2998	T	*/-C	435	22	4.76%	2	2	93	93	1.8404483404734677E-7	1	1	256	179	9	13	-C
barcode74_consensus_vsearch	2999	C	C	440	1	0.23%	2	1	93	93	0.4999999999999138	1	1	257	183	1	0	+A
barcode74_consensus_vsearch	3000	C	C	457	3	0.65%	2	1	93	93	0.12459194776934993	1	1	264	193	0	3	T
barcode74_consensus_vsearch	3001	C	*/-T	440	23	4.94%	2	2	93	93	9.00918492766901E-8	1	1	264	176	4	19	-T
barcode74_consensus_vsearch	3002	T	T	430	4	0.9%	2	1	93	93	0.062067724063454545	1	1	256	174	4	0	G
barcode74_consensus_vsearch	3003	C	C	456	3	0.65%	2	2	93	93	0.12459105779723775	1	1	264	192	2	1	+A
barcode74_consensus_vsearch	3004	A	A	460	1	0.22%	2	1	93	93	0.4999999999999138	1	1	265	195	1	0	+GGA
barcode74_consensus_vsearch	3005	A	A	459	3	0.65%	2	1	93	93	0.12459371614300269	1	1	264	195	3	0	G
barcode74_consensus_vsearch	3006	A	A	461	5	1.07%	2	2	93	93	0.030914881390741465	1	1	266	195	4	1	G
barcode74_consensus_vsearch	3007	T	T	461	2	0.43%	2	2	93	93	0.24972972972924576	1	1	266	195	1	1	+C
barcode74_consensus_vsearch	3008	A	A	462	2	0.43%	2	1	93	93	0.24973031283711408	1	1	266	196	2	0	G
barcode74_consensus_vsearch	3009	T	T	460	3	0.64%	2	2	93	93	0.1245945945946921	1	1	267	193	1	2	C
barcode74_consensus_vsearch	3010	T	T	461	1	0.21%	2	1	93	93	0.5000000000008233	1	1	266	195	1	0	+A
barcode74_consensus_vsearch	3011	G	G	457	2	0.43%	2	1	93	93	0.24972737186467478	1	1	265	192	0	2	+C
barcode74_consensus_vsearch	3012	T	T	453	6	1.29%	2	1	93	93	0.015370248813581264	1	1	261	192	6	0	+A
barcode74_consensus_vsearch	3013	G	*/+A	435	19	4.09%	2	2	93	93	1.5737440147383591E-6	1	1	243	192	16	3	+A
barcode74_consensus_vsearch	3014	A	A	457	3	0.65%	2	2	93	93	0.12459194776934993	1	1	264	193	1	2	G
barcode74_consensus_vsearch	3015	A	A	463	1	0.22%	2	1	93	93	0.4999999999990043	1	1	268	195	0	1	C
barcode74_consensus_vsearch	3016	A	A	455	4	0.86%	2	1	93	93	0.062091281262886246	1	1	263	192	0	4	G
barcode74_consensus_vsearch	3017	G	G	452	4	0.87%	2	1	93	93	0.062088590856761904	1	1	262	190	0	4	+A
barcode74_consensus_vsearch	3018	A	A	451	3	0.66%	2	2	93	93	0.12458654906280954	1	1	259	192	2	1	G
barcode74_consensus_vsearch	3019	A	A	461	1	0.22%	2	1	93	93	0.5000000000008233	1	1	265	196	1	0	G
barcode74_consensus_vsearch	3020	A	A	457	4	0.86%	2	2	93	93	0.062093055403000016	1	1	264	193	3	1	G
barcode74_consensus_vsearch	3021	T	*/-G	438	12	2.59%	2	1	93	93	2.2666198297196754E-4	1	1	249	189	12	0	-G
barcode74_consensus_vsearch	3022	G	*/-AG	406	33	7.27%	2	1	93	93	6.233530657104077E-11	1	1	213	193	33	0	-AG
barcode74_consensus_vsearch	3023	A	*/-G	345	58	13.52%	2	2	93	93	3.8037497781316613E-19	1	1	175	170	43	15	-G
barcode74_consensus_vsearch	3024	G	G	356	3	0.83%	2	1	93	93	0.12447698744772026	1	1	188	168	0	3	+T
barcode74_consensus_vsearch	3025	G	G	449	1	0.22%	2	1	93	93	0.4999999999990043	1	1	263	186	1	0	+A
barcode74_consensus_vsearch	3026	G	R	450	12	2.59%	2	2	93	93	2.27105288216143E-4	1	1	256	194	11	1	A
barcode74_consensus_vsearch	3027	G	*/-A	450	13	2.8%	2	1	93	93	1.120795287248837E-4	1	1	256	194	13	0	-A
barcode74_consensus_vsearch	3028	A	A	453	0	0%	2	0	93	0	1.0	1	0	257	196	0	0	
barcode74_consensus_vsearch	3029	A	A	460	5	1.07%	2	2	93	93	0.03091416110165428	1	1	265	195	4	1	G
barcode74_consensus_vsearch	3030	C	C	462	2	0.43%	2	1	93	93	0.24973031283711408	1	1	269	193	0	2	T
barcode74_consensus_vsearch	3031	G	G	458	3	0.64%	2	1	93	93	0.12459283387624695	1	1	266	192	0	3	+C
barcode74_consensus_vsearch	3032	T	T	460	3	0.65%	2	2	93	93	0.1245945945946921	1	1	268	192	1	2	-C
barcode74_consensus_vsearch	3033	C	C	455	6	1.3%	2	2	93	93	0.015371351595895005	1	1	264	191	4	2	-G
barcode74_consensus_vsearch	3034	G	G	450	4	0.87%	2	1	93	93	0.062086777488655716	1	1	257	193	4	0	-C
barcode74_consensus_vsearch	3035	C	C	453	3	0.65%	2	2	93	93	0.12458836443458174	1	1	259	194	1	2	A
barcode74_consensus_vsearch	3036	C	C	458	5	1.07%	2	1	93	93	0.030912711194453116	1	1	262	196	5	0	T
barcode74_consensus_vsearch	3037	A	A	459	3	0.65%	2	2	93	93	0.12459371614300269	1	1	265	194	2	1	G
barcode74_consensus_vsearch	3038	A	R	444	12	2.58%	2	1	93	93	2.268864813065808E-4	1	1	257	187	12	0	G
barcode74_consensus_vsearch	3039	C	C	463	1	0.22%	2	1	93	93	0.4999999999990043	1	1	269	194	0	1	T
barcode74_consensus_vsearch	3040	C	C	465	1	0.21%	2	1	93	93	0.5000000000008233	1	1	269	196	1	0	-T
barcode74_consensus_vsearch	3041	T	*/-C	417	39	8.39%	2	2	93	93	7.785633876225158E-13	1	1	223	194	38	1	-C
barcode74_consensus_vsearch	3042	C	C	425	1	0.23%	2	1	93	93	0.4999999999999138	1	1	231	194	0	1	+T
barcode74_consensus_vsearch	3043	C	*/-G	433	28	6.02%	2	1	93	93	2.4412150680991767E-9	1	1	266	167	0	28	-G
barcode74_consensus_vsearch	3044	G	G	427	5	1.14%	2	1	93	93	0.03088852192937873	1	1	261	166	5	0	+A
barcode74_consensus_vsearch	3045	G	G	464	1	0.21%	2	1	93	93	0.4999999999999138	1	1	268	196	1	0	+T
barcode74_consensus_vsearch	3046	A	A	460	2	0.43%	2	1	93	93	0.24972914409526598	1	1	267	193	0	2	+C
barcode74_consensus_vsearch	3047	C	C	459	3	0.64%	2	1	93	93	0.12459371614300269	1	1	263	196	3	0	-T
barcode74_consensus_vsearch	3048	T	*/+C	444	12	2.6%	2	1	93	93	2.268864813065808E-4	1	1	251	193	12	0	+C
barcode74_consensus_vsearch	3049	C	C	452	3	0.65%	2	1	93	93	0.12458745874590603	1	1	265	187	0	3	-G
barcode74_consensus_vsearch	3050	G	R	451	9	1.95%	2	2	93	93	0.0018774880842022342	1	1	262	189	7	2	A
barcode74_consensus_vsearch	3051	G	G	465	1	0.21%	2	1	93	93	0.5000000000008233	1	1	270	195	0	1	+C
barcode74_consensus_vsearch	3052	T	T	458	6	1.29%	2	2	93	93	0.015372987983405329	1	1	266	192	2	4	C
barcode74_consensus_vsearch	3053	C	C	462	1	0.22%	2	1	93	93	0.4999999999990043	1	1	268	194	0	1	+T
barcode74_consensus_vsearch	3054	T	T	453	5	1.08%	2	2	93	93	0.03090903105714376	1	1	265	188	2	3	-C
barcode74_consensus_vsearch	3055	C	C	452	4	0.87%	2	2	93	93	0.062088590856761904	1	1	263	189	3	1	-G
barcode74_consensus_vsearch	3056	G	*/+C	450	7	1.52%	2	1	93	93	0.0076337891152176976	1	1	264	186	0	7	+C
barcode74_consensus_vsearch	3057	C	C	454	4	0.86%	2	1	93	93	0.06209038837901774	1	1	264	190	0	4	+T
barcode74_consensus_vsearch	3058	T	*/-C	450	10	2.16%	2	1	93	93	9.294699516735583E-4	1	1	267	183	0	10	-C
barcode74_consensus_vsearch	3059	C	C	452	1	0.22%	2	1	93	93	0.4999999999999138	1	1	268	184	0	1	+T
barcode74_consensus_vsearch	3060	G	G	462	2	0.43%	2	2	93	93	0.24973031283711408	1	1	267	195	1	1	A
barcode74_consensus_vsearch	3061	T	T	463	3	0.64%	2	1	93	93	0.12459720730400861	1	1	270	193	0	3	C
barcode74_consensus_vsearch	3062	T	T	465	1	0.21%	2	1	93	93	0.5000000000008233	1	1	269	196	1	0	C
barcode74_consensus_vsearch	3063	A	A	466	0	0%	2	0	93	0	1.0	1	0	270	196	0	0	
barcode74_consensus_vsearch	3064	T	*/+C	457	9	1.93%	2	1	93	93	0.0018784519065768144	1	1	261	196	9	0	+C
barcode74_consensus_vsearch	3065	C	*/-G	458	7	1.5%	2	2	93	93	0.0076368503276010025	1	1	264	194	5	2	-G
barcode74_consensus_vsearch	3066	G	G	453	4	0.87%	2	2	93	93	0.062089491585691256	1	1	260	193	3	1	A
barcode74_consensus_vsearch	3067	G	G	462	4	0.86%	2	1	93	93	0.06209742409232364	1	1	266	196	4	0	-A
barcode74_consensus_vsearch	3068	A	A	460	2	0.43%	2	2	93	93	0.24972914409526598	1	1	265	195	1	1	G
barcode74_consensus_vsearch	3069	A	A	464	1	0.21%	2	1	93	93	0.4999999999999138	1	1	268	196	1	0	+G
barcode74_consensus_vsearch	3070	T	T	462	2	0.43%	2	1	93	93	0.24973031283711408	1	1	267	195	2	0	+C
barcode74_consensus_vsearch	3071	C	C	458	4	0.86%	2	2	93	93	0.06209393670973901	1	1	265	193	2	2	+A
barcode74_consensus_vsearch	3072	A	A	462	1	0.22%	2	1	93	93	0.4999999999990043	1	1	267	195	0	1	G
barcode74_consensus_vsearch	3073	A	R	450	13	2.8%	2	2	93	93	1.120795287248837E-4	1	1	255	195	12	1	G
barcode74_consensus_vsearch	3074	C	C	460	2	0.43%	2	1	93	93	0.24972914409526598	1	1	265	195	2	0	G
barcode74_consensus_vsearch	3075	C	C	460	2	0.43%	2	1	93	93	0.24972914409526598	1	1	266	194	0	2	-A
barcode74_consensus_vsearch	3076	A	A	456	3	0.65%	2	1	93	93	0.12459105779723775	1	1	266	190	0	3	+G
barcode74_consensus_vsearch	3077	G	G	462	1	0.22%	2	1	93	93	0.4999999999990043	1	1	267	195	1	0	A
barcode74_consensus_vsearch	3078	A	A	458	5	1.08%	2	1	93	93	0.030912711194453116	1	1	263	195	5	0	G
barcode74_consensus_vsearch	3079	C	C	458	5	1.07%	2	1	93	93	0.030912711194453116	1	1	263	195	5	0	+G
barcode74_consensus_vsearch	3080	A	A	455	6	1.29%	2	1	93	93	0.015371351595895005	1	1	262	193	6	0	-G
barcode74_consensus_vsearch	3081	G	G	455	2	0.43%	2	2	93	93	0.24972617743652814	1	1	260	195	1	1	-A
barcode74_consensus_vsearch	3082	A	A	456	4	0.86%	2	2	93	93	0.062092170262314485	1	1	266	190	1	3	G
barcode74_consensus_vsearch	3083	T	T	459	4	0.86%	2	2	93	93	0.06209481420755567	1	1	267	192	2	2	C
barcode74_consensus_vsearch	3084	T	T	462	2	0.43%	2	2	93	93	0.24973031283711408	1	1	268	194	1	1	C
barcode74_consensus_vsearch	3085	A	A	464	1	0.22%	2	1	93	93	0.4999999999999138	1	1	269	195	0	1	G
barcode74_consensus_vsearch	3086	A	A	463	2	0.43%	2	1	93	93	0.24973089343429802	1	1	269	194	0	2	+C
barcode74_consensus_vsearch	3087	T	T	458	6	1.29%	2	2	93	93	0.015372987983405329	1	1	265	193	4	2	-C
barcode74_consensus_vsearch	3088	C	C	459	1	0.22%	2	1	93	93	0.4999999999999138	1	1	266	193	0	1	+A
barcode74_consensus_vsearch	3089	C	C	461	2	0.43%	2	2	93	93	0.24972972972924576	1	1	268	193	1	1	-A
barcode74_consensus_vsearch	3090	A	A	458	3	0.65%	2	2	93	93	0.12459283387624695	1	1	266	192	2	1	G
barcode74_consensus_vsearch	3091	C	Y	448	7	1.51%	2	2	93	93	0.00763300706774014	1	1	260	188	2	5	T
barcode74_consensus_vsearch	3092	G	G	459	4	0.86%	2	1	93	93	0.06209481420755567	1	1	263	196	4	0	-A
barcode74_consensus_vsearch	3093	A	A	460	1	0.22%	2	1	93	93	0.4999999999999138	1	1	264	196	1	0	+G
barcode74_consensus_vsearch	3094	A	A	459	4	0.86%	2	1	93	93	0.06209481420755567	1	1	265	194	4	0	G
barcode74_consensus_vsearch	3095	C	C	461	2	0.43%	2	2	93	93	0.24972972972924576	1	1	267	194	1	1	T
barcode74_consensus_vsearch	3096	T	*/-A	448	10	2.15%	2	2	93	93	9.292672599433581E-4	1	1	260	188	8	2	-A
barcode74_consensus_vsearch	3097	A	A	456	0	0%	2	0	93	0	1.0	1	0	262	194	0	0	
barcode74_consensus_vsearch	3098	A	A	459	3	0.64%	2	2	93	93	0.12459371614300269	1	1	267	192	2	1	G
barcode74_consensus_vsearch	3099	G	G	458	3	0.65%	2	1	93	93	0.12459283387624695	1	1	267	191	0	3	+A
barcode74_consensus_vsearch	3100	A	A	462	2	0.43%	2	2	93	93	0.24973031283711408	1	1	268	194	1	1	G
barcode74_consensus_vsearch	3101	A	A	459	4	0.86%	2	2	93	93	0.06209481420755567	1	1	267	192	3	1	G
barcode74_consensus_vsearch	3102	C	C	452	4	0.86%	2	1	93	93	0.062088590856761904	1	1	264	188	0	4	+G
barcode74_consensus_vsearch	3103	G	G	455	5	1.08%	2	1	93	93	0.03091051270694167	1	1	262	193	5	0	A
barcode74_consensus_vsearch	3104	G	G	461	2	0.43%	2	1	93	93	0.24972972972924576	1	1	268	193	0	2	-C
barcode74_consensus_vsearch	3105	C	C	459	3	0.65%	2	1	93	93	0.12459371614300269	1	1	267	192	3	0	A
barcode74_consensus_vsearch	3106	C	C	462	3	0.64%	2	2	93	93	0.12459634015068409	1	1	267	195	2	1	-A
barcode74_consensus_vsearch	3107	A	A	456	2	0.43%	2	2	93	93	0.24972677595608425	1	1	263	193	1	1	G
barcode74_consensus_vsearch	3108	T	T	459	2	0.43%	2	2	93	93	0.2497285559174766	1	1	265	194	1	1	+G
barcode74_consensus_vsearch	3109	G	R	453	8	1.72%	2	2	93	93	0.003788460280099838	1	1	258	195	7	1	A
barcode74_consensus_vsearch	3110	C	C	451	6	1.29%	2	1	93	93	0.015369136400488401	1	1	257	194	6	0	-AC
barcode74_consensus_vsearch	3111	A	A	454	2	0.44%	2	1	93	93	0.2497255762896723	1	1	260	194	2	0	+C
barcode74_consensus_vsearch	3112	C	C	456	1	0.22%	2	1	93	93	0.4999999999990043	1	1	263	193	0	1	+A
barcode74_consensus_vsearch	3113	C	C	462	1	0.21%	2	1	93	93	0.4999999999990043	1	1	268	194	0	1	+A
barcode74_consensus_vsearch	3114	A	A	458	5	1.08%	2	1	93	93	0.030912711194453116	1	1	263	195	5	0	G
barcode74_consensus_vsearch	3115	C	C	461	2	0.43%	2	1	93	93	0.24972972972924576	1	1	266	195	2	0	T
barcode74_consensus_vsearch	3116	C	*/-ACC	453	11	2.36%	2	2	93	93	4.598704318567913E-4	1	1	260	193	8	3	-ACC
barcode74_consensus_vsearch	3117	A	A	450	2	0.44%	2	1	93	93	0.24972314507259671	1	1	257	193	2	0	+C
barcode74_consensus_vsearch	3118	C	C	449	3	0.66%	2	1	93	93	0.12458471760810089	1	1	259	190	0	3	+T
barcode74_consensus_vsearch	3119	C	C	453	1	0.22%	2	1	93	93	0.4999999999990043	1	1	260	193	1	0	+ACC
barcode74_consensus_vsearch	3120	C	C	459	4	0.86%	2	1	93	93	0.06209481420755567	1	1	264	195	4	0	-AT
barcode74_consensus_vsearch	3121	A	A	457	3	0.65%	2	1	93	93	0.12459194776934993	1	1	262	195	3	0	T
barcode74_consensus_vsearch	3122	T	T	459	3	0.65%	2	1	93	93	0.12459371614300269	1	1	263	196	3	0	+G
barcode74_consensus_vsearch	3123	G	G	461	1	0.21%	2	1	93	93	0.5000000000008233	1	1	266	195	1	0	+A
barcode74_consensus_vsearch	3124	A	*/-GA	437	14	3%	2	1	93	93	5.5093201188592644E-5	1	1	261	176	0	14	-GA
barcode74_consensus_vsearch	3125	G	G	447	1	0.22%	2	1	93	93	0.5000000000008233	1	1	266	181	1	0	-A
barcode74_consensus_vsearch	3126	A	A	443	2	0.44%	2	1	93	93	0.2497187851519112	1	1	266	177	0	2	+GA
barcode74_consensus_vsearch	3127	T	T	457	5	1.08%	2	1	93	93	0.030911981535900093	1	1	264	193	5	0	C
barcode74_consensus_vsearch	3128	T	T	456	3	0.64%	2	1	93	93	0.12459105779723775	1	1	265	191	0	3	+A
barcode74_consensus_vsearch	3129	A	A	455	3	0.65%	2	1	93	93	0.12459016393415773	1	1	263	192	0	3	+G
barcode74_consensus_vsearch	3130	T	T	456	5	1.08%	2	2	93	93	0.030911248713682577	1	1	264	192	2	3	C
barcode74_consensus_vsearch	3131	G	*/-A	453	8	1.72%	2	1	93	93	0.003788460280099838	1	1	257	196	8	0	-A
barcode74_consensus_vsearch	3132	A	A	449	5	1.09%	2	2	93	93	0.030906028617208876	1	1	255	194	3	2	G
barcode74_consensus_vsearch	3133	A	A	464	1	0.22%	2	1	93	93	0.4999999999999138	1	1	268	196	1	0	+G
barcode74_consensus_vsearch	3134	A	A	454	6	1.29%	2	2	93	93	0.015370801400747822	1	1	265	189	4	2	-G
barcode74_consensus_vsearch	3135	G	G	458	1	0.22%	2	1	93	93	0.4999999999999138	1	1	266	192	0	1	A
barcode74_consensus_vsearch	3136	G	G	459	3	0.65%	2	1	93	93	0.12459371614300269	1	1	266	193	3	0	+C
barcode74_consensus_vsearch	3137	C	C	463	1	0.22%	2	1	93	93	0.4999999999990043	1	1	268	195	0	1	A
barcode74_consensus_vsearch	3138	C	C	460	3	0.64%	2	1	93	93	0.1245945945946921	1	1	269	191	0	3	-A
barcode74_consensus_vsearch	3139	A	A	459	3	0.65%	2	1	93	93	0.12459371614300269	1	1	267	192	3	0	G
barcode74_consensus_vsearch	3140	A	A	460	3	0.64%	2	2	93	93	0.1245945945946921	1	1	268	192	1	2	-T
barcode74_consensus_vsearch	3141	T	Y	455	7	1.51%	2	1	93	93	0.007635714741848557	1	1	268	187	0	7	C
barcode74_consensus_vsearch	3142	T	T	460	3	0.64%	2	2	93	93	0.1245945945946921	1	1	267	193	1	2	C
barcode74_consensus_vsearch	3143	A	A	461	2	0.43%	2	1	93	93	0.24972972972924576	1	1	265	196	2	0	G
barcode74_consensus_vsearch	3144	T	T	459	4	0.86%	2	2	93	93	0.06209481420755567	1	1	266	193	2	2	C
barcode74_consensus_vsearch	3145	T	T	454	5	1.08%	2	2	93	93	0.030909773495158815	1	1	263	191	4	1	+C
barcode74_consensus_vsearch	3146	C	C	461	2	0.43%	2	1	93	93	0.24972972972924576	1	1	269	192	0	2	+T
barcode74_consensus_vsearch	3147	T	T	459	3	0.65%	2	2	93	93	0.12459371614300269	1	1	266	193	1	2	C
barcode74_consensus_vsearch	3148	G	G	463	2	0.43%	2	2	93	93	0.24973089343429802	1	1	269	194	1	1	A
barcode74_consensus_vsearch	3149	T	T	459	3	0.64%	2	2	93	93	0.12459371614300269	1	1	266	193	1	2	C
barcode74_consensus_vsearch	3150	C	C	462	1	0.22%	2	1	93	93	0.4999999999990043	1	1	269	193	0	1	+A
barcode74_consensus_vsearch	3151	A	A	464	1	0.22%	2	1	93	93	0.4999999999999138	1	1	270	194	0	1	G
barcode74_consensus_vsearch	3152	A	*/+C	454	7	1.5%	2	1	93	93	0.007635332943374405	1	1	269	185	0	7	+C
barcode74_consensus_vsearch	3153	T	*/-C	427	20	4.33%	2	2	93	93	7.67422341324127E-7	1	1	242	185	14	6	-C
barcode74_consensus_vsearch	3154	C	C	443	1	0.22%	2	1	93	93	0.4999999999999138	1	1	255	188	1	0	A
barcode74_consensus_vsearch	3155	C	C	459	5	1.07%	2	1	93	93	0.030913437709528726	1	1	270	189	0	5	T
barcode74_consensus_vsearch	3156	T	T	459	3	0.65%	2	2	93	93	0.12459371614300269	1	1	268	191	2	1	C
barcode74_consensus_vsearch	3157	A	A	465	1	0.21%	2	1	93	93	0.5000000000008233	1	1	270	195	0	1	C
barcode74_consensus_vsearch	3158	A	A	466	0	0%	2	0	93	0	1.0	1	0	270	196	0	0	
barcode74_consensus_vsearch	3159	T	T	460	3	0.64%	2	1	93	93	0.1245945945946921	1	1	264	196	3	0	+G
barcode74_consensus_vsearch	3160	C	C	461	1	0.22%	2	1	93	93	0.5000000000008233	1	1	266	195	0	1	+G
barcode74_consensus_vsearch	3161	A	A	461	4	0.86%	2	2	93	93	0.06209655787449625	1	1	268	193	1	3	G
barcode74_consensus_vsearch	3162	T	T	456	5	1.08%	2	1	93	93	0.030911248713682577	1	1	261	195	5	0	-GT
barcode74_consensus_vsearch	3163	G	G	455	2	0.44%	2	2	93	93	0.24972617743652814	1	1	260	195	1	1	-T
barcode74_consensus_vsearch	3164	T	*/+C	438	9	1.97%	2	2	93	93	0.001875312003649851	1	1	246	192	7	2	+C
barcode74_consensus_vsearch	3165	C	C	455	1	0.22%	2	1	93	93	0.4999999999999138	1	1	260	195	0	1	+G
barcode74_consensus_vsearch	3166	C	C	464	2	0.43%	2	2	93	93	0.2497314715357706	1	1	269	195	1	1	-T
barcode74_consensus_vsearch	3167	T	T	454	3	0.65%	2	1	93	93	0.12458926615549139	1	1	269	185	0	3	C
barcode74_consensus_vsearch	3168	G	G	462	1	0.22%	2	1	93	93	0.4999999999990043	1	1	268	194	1	0	+T
barcode74_consensus_vsearch	3169	A	A	460	3	0.65%	2	1	93	93	0.1245945945946921	1	1	267	193	0	3	-C
barcode74_consensus_vsearch	3170	C	C	460	1	0.22%	2	1	93	93	0.4999999999999138	1	1	268	192	0	1	+T
barcode74_consensus_vsearch	3171	C	C	460	1	0.22%	2	1	93	93	0.4999999999999138	1	1	268	192	0	1	+T
barcode74_consensus_vsearch	3172	T	T	450	5	1.08%	2	1	93	93	0.030906784173455357	1	1	268	182	0	5	+G
barcode74_consensus_vsearch	3173	G	G	450	6	1.31%	2	1	93	93	0.01536857654288441	1	1	261	189	6	0	+A
barcode74_consensus_vsearch	3174	G	G	457	4	0.86%	2	1	93	93	0.062093055403000016	1	1	265	192	4	0	T
barcode74_consensus_vsearch	3175	T	T	454	4	0.86%	2	1	93	93	0.06209038837901774	1	1	266	188	0	4	C
barcode74_consensus_vsearch	3176	G	G	457	4	0.86%	2	1	93	93	0.062093055403000016	1	1	262	195	4	0	-A
barcode74_consensus_vsearch	3177	A	A	455	4	0.87%	2	2	93	93	0.062091281262886246	1	1	262	193	2	2	G
barcode74_consensus_vsearch	3178	G	G	462	1	0.22%	2	1	93	93	0.4999999999990043	1	1	268	194	0	1	-C
barcode74_consensus_vsearch	3179	C	C	456	4	0.86%	2	2	93	93	0.062092170262314485	1	1	266	190	2	2	-T
barcode74_consensus_vsearch	3180	T	T	457	2	0.44%	2	2	93	93	0.24972737186467478	1	1	265	192	1	1	C
barcode74_consensus_vsearch	3181	T	*/-C	357	91	19.65%	2	2	93	93	2.475922043061208E-30	1	1	238	119	27	64	-C
barcode74_consensus_vsearch	3182	C	C	367	1	0.27%	2	1	93	93	0.49999999999945904	1	1	241	126	0	1	T
barcode74_consensus_vsearch	3183	C	C	458	2	0.43%	2	2	93	93	0.24972796517908835	1	1	268	190	1	1	T
barcode74_consensus_vsearch	3184	C	C	463	2	0.43%	2	1	93	93	0.24973089343429802	1	1	269	194	0	2	T
barcode74_consensus_vsearch	3185	C	Y	451	8	1.72%	2	1	93	93	0.0037879507121486144	1	1	268	183	0	8	T
barcode74_consensus_vsearch	3186	G	G	460	4	0.86%	2	2	93	93	0.062095687920911566	1	1	266	194	3	1	A
barcode74_consensus_vsearch	3187	T	T	459	3	0.64%	2	2	93	93	0.12459371614300269	1	1	267	192	1	2	C
barcode74_consensus_vsearch	3188	G	G	462	1	0.22%	2	1	93	93	0.4999999999990043	1	1	268	194	0	1	+C
barcode74_consensus_vsearch	3189	T	T	456	6	1.29%	2	2	93	93	0.015371899414478795	1	1	267	189	1	5	C
barcode74_consensus_vsearch	3190	T	*/+G	454	9	1.93%	2	1	93	93	0.0018779730851546438	1	1	260	194	9	0	+G
barcode74_consensus_vsearch	3191	G	G	458	4	0.86%	2	1	93	93	0.06209393670973901	1	1	262	196	4	0	-A
barcode74_consensus_vsearch	3192	A	A	449	6	1.3%	2	1	93	93	0.015368014229849866	1	1	254	195	6	0	G
barcode74_consensus_vsearch	3193	G	G	462	2	0.43%	2	1	93	93	0.24973031283711408	1	1	269	193	0	2	+AG
barcode74_consensus_vsearch	3194	T	T	460	2	0.43%	2	1	93	93	0.24972914409526598	1	1	267	193	0	2	C
barcode74_consensus_vsearch	3195	C	*/-A	432	29	6.24%	2	2	93	93	1.1823782153082758E-9	1	1	263	169	3	26	-A
barcode74_consensus_vsearch	3196	A	A	425	5	1.15%	2	1	93	93	0.03088684163697732	1	1	259	166	5	0	+G
barcode74_consensus_vsearch	3197	A	A	461	1	0.22%	2	1	93	93	0.5000000000008233	1	1	268	193	0	1	+CA
barcode74_consensus_vsearch	3198	A	A	454	5	1.07%	2	2	93	93	0.030909773495158815	1	1	265	189	4	1	G
barcode74_consensus_vsearch	3199	T	T	455	4	0.86%	2	1	93	93	0.062091281262886246	1	1	264	191	4	0	G
barcode74_consensus_vsearch	3200	T	*/-AA	423	26	5.58%	2	1	93	93	1.026657426494435E-8	1	1	266	157	0	26	-AA
barcode74_consensus_vsearch	3201	A	A	426	5	1.15%	2	2	93	93	0.0308876837313223	1	1	265	161	3	2	C
barcode74_consensus_vsearch	3202	A	R	426	10	2.28%	2	2	93	93	9.269167954843176E-4	1	1	266	160	4	6	G
barcode74_consensus_vsearch	3203	G	G	458	3	0.65%	2	2	93	93	0.12459283387624695	1	1	265	193	2	1	A
barcode74_consensus_vsearch	3204	C	C	460	2	0.43%	2	1	93	93	0.24972914409526598	1	1	269	191	0	2	+T
barcode74_consensus_vsearch	3205	C	Y	453	9	1.93%	2	2	93	93	0.0018778121106653614	1	1	266	187	1	8	T
barcode74_consensus_vsearch	3206	G	G	457	4	0.86%	2	1	93	93	0.062093055403000016	1	1	262	195	4	0	A
barcode74_consensus_vsearch	3207	C	C	458	2	0.43%	2	1	93	93	0.24972796517908835	1	1	264	194	0	2	-A
barcode74_consensus_vsearch	3208	A	R	450	9	1.94%	2	2	93	93	0.0018773250232725807	1	1	258	192	8	1	G
barcode74_consensus_vsearch	3209	G	G	460	1	0.22%	2	1	93	93	0.4999999999999138	1	1	266	194	1	0	+AA
barcode74_consensus_vsearch	3210	G	G	464	2	0.43%	2	2	93	93	0.2497314715357706	1	1	269	195	1	1	+C
barcode74_consensus_vsearch	3211	C	C	463	1	0.21%	2	1	93	93	0.4999999999990043	1	1	268	195	0	1	+GGC
barcode74_consensus_vsearch	3212	T	T	458	3	0.65%	2	1	93	93	0.12459283387624695	1	1	263	195	3	0	-CCA
barcode74_consensus_vsearch	3213	C	C	457	3	0.65%	2	1	93	93	0.12459194776934993	1	1	261	196	3	0	T
barcode74_consensus_vsearch	3214	C	*/-AC	436	22	4.76%	2	1	93	93	1.8415140234507076E-7	1	1	242	194	22	0	-AC
barcode74_consensus_vsearch	3215	A	A	433	2	0.46%	2	2	93	93	0.2497123130030455	1	1	239	194	1	1	G
barcode74_consensus_vsearch	3216	C	C	436	3	0.68%	2	1	93	93	0.12457240592922707	1	1	243	193	3	0	-G
barcode74_consensus_vsearch	3217	G	G	446	5	1.09%	2	1	93	93	0.030903741856461314	1	1	252	194	5	0	-C
barcode74_consensus_vsearch	3218	C	C	457	1	0.22%	2	1	93	93	0.4999999999999138	1	1	263	194	1	0	A
barcode74_consensus_vsearch	3219	C	C	463	2	0.43%	2	1	93	93	0.24973089343429802	1	1	269	194	0	2	-T
barcode74_consensus_vsearch	3220	T	T	459	3	0.65%	2	2	93	93	0.12459371614300269	1	1	268	191	2	1	C
barcode74_consensus_vsearch	3221	G	R	430	27	5.81%	2	1	93	93	5.016539540723751E-9	1	1	237	193	27	0	A
barcode74_consensus_vsearch	3222	G	G	453	5	1.07%	2	1	93	93	0.03090903105714376	1	1	257	196	5	0	-T
barcode74_consensus_vsearch	3223	T	Y	450	9	1.96%	2	1	93	93	0.0018773250232725807	1	1	263	187	0	9	C
barcode74_consensus_vsearch	3224	T	*/+A	446	15	3.23%	2	1	93	93	2.7183100842401805E-5	1	1	251	195	15	0	+A
barcode74_consensus_vsearch	3225	G	K	443	15	3.23%	2	1	93	93	2.7162173441234246E-5	1	1	248	195	15	0	T
barcode74_consensus_vsearch	3226	T	T	454	3	0.65%	2	2	93	93	0.12458926615549139	1	1	263	191	1	2	-G
barcode74_consensus_vsearch	3227	G	*/-C	440	10	2.17%	2	1	93	93	9.284387427353376E-4	1	1	253	187	10	0	-C
barcode74_consensus_vsearch	3228	C	C	445	4	0.88%	2	2	93	93	0.0620821733525388	1	1	256	189	2	2	T
barcode74_consensus_vsearch	3229	C	C	461	2	0.43%	2	1	93	93	0.24972972972924576	1	1	270	191	0	2	T
barcode74_consensus_vsearch	3230	C	C	453	6	1.29%	2	1	93	93	0.015370248813581264	1	1	267	186	0	6	+T
barcode74_consensus_vsearch	3231	T	T	457	5	1.08%	2	1	93	93	0.030911981535900093	1	1	268	189	0	5	+CT
barcode74_consensus_vsearch	3232	T	T	458	4	0.86%	2	2	93	93	0.06209393670973901	1	1	266	192	1	3	+C
barcode74_consensus_vsearch	3233	C	C	461	2	0.43%	2	1	93	93	0.24972972972924576	1	1	267	194	0	2	+TTC
barcode74_consensus_vsearch	3234	C	C	459	3	0.64%	2	2	93	93	0.12459371614300269	1	1	267	192	2	1	T
barcode74_consensus_vsearch	3235	G	G	462	2	0.43%	2	1	93	93	0.24973031283711408	1	1	267	195	2	0	A
barcode74_consensus_vsearch	3236	T	T	452	6	1.29%	2	1	93	93	0.015369693818747027	1	1	262	190	6	0	+C
barcode74_consensus_vsearch	3237	C	C	457	3	0.65%	2	2	93	93	0.12459194776934993	1	1	265	192	2	1	-A
barcode74_consensus_vsearch	3238	A	A	461	1	0.22%	2	1	93	93	0.5000000000008233	1	1	266	195	1	0	+G
barcode74_consensus_vsearch	3239	A	A	461	3	0.64%	2	1	93	93	0.12459546925571133	1	1	266	195	3	0	G
barcode74_consensus_vsearch	3240	T	T	460	2	0.43%	2	1	93	93	0.24972914409526598	1	1	268	192	0	2	+C
barcode74_consensus_vsearch	3241	T	T	460	3	0.64%	2	1	93	93	0.1245945945946921	1	1	268	192	0	3	+C
barcode74_consensus_vsearch	3242	C	C	464	1	0.22%	2	1	93	93	0.4999999999999138	1	1	269	195	0	1	+T
barcode74_consensus_vsearch	3243	C	*/-T	444	9	1.93%	2	2	93	93	0.0018763317016516773	1	1	263	181	3	6	-T
barcode74_consensus_vsearch	3244	T	T	454	1	0.22%	2	1	93	93	0.4999999999999138	1	1	267	187	0	1	C
barcode74_consensus_vsearch	3245	T	T	462	1	0.22%	2	1	93	93	0.4999999999990043	1	1	269	193	1	0	+C
barcode74_consensus_vsearch	3246	T	T	456	5	1.07%	2	1	93	93	0.030911248713682577	1	1	261	195	5	0	-A
barcode74_consensus_vsearch	3247	A	A	451	4	0.87%	2	2	93	93	0.06208768616665174	1	1	260	191	1	3	G
barcode74_consensus_vsearch	3248	A	A	459	4	0.86%	2	1	93	93	0.06209481420755567	1	1	269	190	0	4	G
barcode74_consensus_vsearch	3249	G	G	455	4	0.86%	2	1	93	93	0.062091281262886246	1	1	260	195	4	0	+T
barcode74_consensus_vsearch	3250	T	T	456	6	1.3%	2	2	93	93	0.015371899414478795	1	1	264	192	3	3	C
barcode74_consensus_vsearch	3251	T	T	461	2	0.43%	2	2	93	93	0.24972972972924576	1	1	268	193	1	1	C
barcode74_consensus_vsearch	3252	T	T	459	4	0.86%	2	2	93	93	0.06209481420755567	1	1	267	192	2	2	+C
barcode74_consensus_vsearch	3253	C	C	462	2	0.43%	2	1	93	93	0.24973031283711408	1	1	270	192	0	2	G
barcode74_consensus_vsearch	3254	A	A	458	4	0.86%	2	1	93	93	0.06209393670973901	1	1	270	188	0	4	+G
barcode74_consensus_vsearch	3255	G	G	466	0	0%	2	0	93	0	1.0	1	0	270	196	0	0	
barcode74_consensus_vsearch	3256	A	A	462	3	0.64%	2	2	93	93	0.12459634015068409	1	1	268	194	2	1	G
barcode74_consensus_vsearch	3257	C	*/+T	455	8	1.72%	2	1	93	93	0.003788965477306861	1	1	268	187	0	8	+T
barcode74_consensus_vsearch	3258	T	T	457	2	0.43%	2	1	93	93	0.24972737186467478	1	1	266	191	0	2	+CT
barcode74_consensus_vsearch	3259	T	T	459	2	0.43%	2	1	93	93	0.2497285559174766	1	1	267	192	0	2	+G
barcode74_consensus_vsearch	3260	G	G	454	6	1.29%	2	2	93	93	0.015370801400747822	1	1	262	192	4	2	A
barcode74_consensus_vsearch	3261	C	Y	445	9	1.95%	2	2	93	93	0.0018764990590094985	1	1	259	186	1	8	T
barcode74_consensus_vsearch	3262	G	G	451	2	0.44%	2	2	93	93	0.24972375690606977	1	1	258	193	1	1	A
barcode74_consensus_vsearch	3263	A	A	456	2	0.43%	2	2	93	93	0.24972677595608425	1	1	261	195	1	1	G
barcode74_consensus_vsearch	3264	C	C	457	5	1.08%	2	1	93	93	0.030911981535900093	1	1	262	195	5	0	T
barcode74_consensus_vsearch	3265	T	T	454	5	1.08%	2	2	93	93	0.030909773495158815	1	1	262	192	4	1	-A
barcode74_consensus_vsearch	3266	A	A	451	3	0.65%	2	2	93	93	0.12458654906280954	1	1	259	192	2	1	G
barcode74_consensus_vsearch	3267	T	*/-A	445	10	2.16%	2	1	93	93	9.289599302019507E-4	1	1	254	191	10	0	-A
barcode74_consensus_vsearch	3268	A	A	449	1	0.22%	2	1	93	93	0.4999999999990043	1	1	256	193	0	1	+C
barcode74_consensus_vsearch	3269	C	*/-T	450	7	1.51%	2	2	93	93	0.0076337891152176976	1	1	266	184	1	6	-T
barcode74_consensus_vsearch	3270	T	*/+C	225	172	37.55%	2	2	93	93	6.747405523035715E-63	1	1	115	110	117	55	+C
barcode74_consensus_vsearch	3271	C	C	423	0	0%	2	0	93	0	1.0	1	0	249	174	0	0	
barcode74_consensus_vsearch	3272	C	C	459	2	0.43%	2	1	93	93	0.2497285559174766	1	1	267	192	2	0	T
barcode74_consensus_vsearch	3273	C	C	465	1	0.21%	2	1	93	93	0.5000000000008233	1	1	270	195	0	1	T
barcode74_consensus_vsearch	3274	C	C	465	1	0.21%	2	1	93	93	0.5000000000008233	1	1	270	195	0	1	+T
barcode74_consensus_vsearch	3275	C	C	460	2	0.43%	2	1	93	93	0.24972914409526598	1	1	266	194	2	0	+A
barcode74_consensus_vsearch	3276	A	A	462	1	0.22%	2	1	93	93	0.4999999999990043	1	1	268	194	0	1	+G
barcode74_consensus_vsearch	3277	G	G	464	1	0.21%	2	1	93	93	0.4999999999999138	1	1	268	196	1	0	+A
barcode74_consensus_vsearch	3278	A	A	462	2	0.43%	2	1	93	93	0.24973031283711408	1	1	266	196	2	0	G
barcode74_consensus_vsearch	3279	G	G	458	4	0.86%	2	1	93	93	0.06209393670973901	1	1	262	196	4	0	-C
barcode74_consensus_vsearch	3280	C	C	460	0	0%	2	0	93	0	1.0	1	0	264	196	0	0	
barcode74_consensus_vsearch	3281	C	C	461	3	0.65%	2	1	93	93	0.12459546925571133	1	1	268	193	0	3	+TC
barcode74_consensus_vsearch	3282	C	*/-A	445	12	2.58%	2	2	93	93	2.269233384575168E-4	1	1	253	192	10	2	-A
barcode74_consensus_vsearch	3283	A	A	445	1	0.22%	2	1	93	93	0.4999999999999138	1	1	252	193	1	0	C
barcode74_consensus_vsearch	3284	A	A	455	4	0.87%	2	1	93	93	0.062091281262886246	1	1	260	195	4	0	G
barcode74_consensus_vsearch	3285	A	A	464	2	0.43%	2	1	93	93	0.2497314715357706	1	1	268	196	2	0	G
barcode74_consensus_vsearch	3286	G	G	465	1	0.21%	2	1	93	93	0.5000000000008233	1	1	269	196	1	0	-A
barcode74_consensus_vsearch	3287	A	A	460	4	0.86%	2	2	93	93	0.062095687920911566	1	1	265	195	3	1	G
barcode74_consensus_vsearch	3288	C	C	464	1	0.22%	2	1	93	93	0.4999999999999138	1	1	268	196	1	0	+TT
barcode74_consensus_vsearch	3289	T	*/+C	442	13	2.8%	2	1	93	93	1.1190903505080929E-4	1	1	256	186	13	0	+C
barcode74_consensus_vsearch	3290	C	C	450	3	0.66%	2	1	93	93	0.12458563535931859	1	1	266	184	0	3	+T
barcode74_consensus_vsearch	3291	T	T	455	3	0.65%	2	1	93	93	0.12459016393415773	1	1	264	191	0	3	-A
barcode74_consensus_vsearch	3292	A	A	460	1	0.22%	2	1	93	93	0.4999999999999138	1	1	268	192	1	0	+G
barcode74_consensus_vsearch	3293	A	A	456	3	0.65%	2	2	93	93	0.12459105779723775	1	1	263	193	1	2	-T
barcode74_consensus_vsearch	3294	T	T	458	2	0.43%	2	1	93	93	0.24972796517908835	1	1	267	191	0	2	C
barcode74_consensus_vsearch	3295	T	T	460	2	0.43%	2	1	93	93	0.24972914409526598	1	1	268	192	0	2	+C
barcode74_consensus_vsearch	3296	T	T	455	4	0.86%	2	1	93	93	0.062091281262886246	1	1	264	191	4	0	C
barcode74_consensus_vsearch	3297	C	C	459	2	0.43%	2	1	93	93	0.2497285559174766	1	1	270	189	0	2	-T
barcode74_consensus_vsearch	3298	T	T	453	3	0.65%	2	2	93	93	0.12458836443458174	1	1	268	185	1	2	C
barcode74_consensus_vsearch	3299	A	A	459	3	0.65%	2	2	93	93	0.12459371614300269	1	1	266	193	2	1	-TA
barcode74_consensus_vsearch	3300	T	T	457	2	0.43%	2	1	93	93	0.24972737186467478	1	1	265	192	0	2	+A
barcode74_consensus_vsearch	3301	A	A	451	6	1.3%	2	2	93	93	0.015369136400488401	1	1	258	193	5	1	G
barcode74_consensus_vsearch	3302	C	C	462	2	0.43%	2	1	93	93	0.24973031283711408	1	1	269	193	0	2	T
barcode74_consensus_vsearch	3303	G	*/-C	377	59	12.69%	2	2	93	93	2.113530997064115E-19	1	1	189	188	54	5	-C
barcode74_consensus_vsearch	3304	C	*/+T	390	14	3.46%	2	1	93	93	5.442954570018379E-5	1	1	213	177	0	14	+T
barcode74_consensus_vsearch	3305	C	Y	449	14	3.02%	2	1	93	93	5.524182686331515E-5	1	1	267	182	0	14	T
barcode74_consensus_vsearch	3306	C	C	466	0	0%	2	0	93	0	1.0	1	0	270	196	0	0	
barcode74_consensus_vsearch	3307	C	C	462	4	0.86%	2	1	93	93	0.06209742409232364	1	1	270	192	0	4	T
barcode74_consensus_vsearch	3308	C	Y	413	29	6.22%	2	1	93	93	1.1587405680343973E-9	1	1	262	151	0	29	T
barcode74_consensus_vsearch	3309	G	G	458	4	0.86%	2	1	93	93	0.06209393670973901	1	1	263	195	4	0	-A
barcode74_consensus_vsearch	3310	A	A	461	1	0.22%	2	1	93	93	0.5000000000008233	1	1	265	196	1	0	+G
barcode74_consensus_vsearch	3311	A	A	463	3	0.64%	2	2	93	93	0.12459720730400861	1	1	269	194	1	2	G
barcode74_consensus_vsearch	3312	C	C	463	2	0.43%	2	2	93	93	0.24973089343429802	1	1	269	194	1	1	-AC
barcode74_consensus_vsearch	3313	A	A	461	2	0.43%	2	1	93	93	0.24972972972924576	1	1	267	194	2	0	G
barcode74_consensus_vsearch	3314	C	C	459	3	0.65%	2	2	93	93	0.12459371614300269	1	1	267	192	1	2	-T
barcode74_consensus_vsearch	3315	T	T	461	1	0.22%	2	1	93	93	0.5000000000008233	1	1	269	192	0	1	-G
barcode74_consensus_vsearch	3316	G	G	461	1	0.22%	2	1	93	93	0.5000000000008233	1	1	267	194	1	0	+T
barcode74_consensus_vsearch	3317	T	T	459	3	0.65%	2	2	93	93	0.12459371614300269	1	1	268	191	1	2	C
barcode74_consensus_vsearch	3318	G	G	465	0	0%	2	0	93	0	1.0	1	0	269	196	0	0	
barcode74_consensus_vsearch	3319	T	T	458	4	0.86%	2	2	93	93	0.06209393670973901	1	1	266	192	1	3	+C
barcode74_consensus_vsearch	3320	C	C	464	1	0.22%	2	1	93	93	0.4999999999999138	1	1	268	196	1	0	A
barcode74_consensus_vsearch	3321	C	C	464	1	0.21%	2	1	93	93	0.4999999999999138	1	1	270	194	0	1	-T
barcode74_consensus_vsearch	3322	T	T	458	2	0.43%	2	1	93	93	0.24972796517908835	1	1	267	191	2	0	+C
barcode74_consensus_vsearch	3323	C	C	462	1	0.22%	2	1	93	93	0.4999999999990043	1	1	268	194	1	0	+G
barcode74_consensus_vsearch	3324	A	A	456	5	1.08%	2	1	93	93	0.030911248713682577	1	1	267	189	0	5	+G
barcode74_consensus_vsearch	3325	G	G	464	1	0.22%	2	1	93	93	0.4999999999999138	1	1	268	196	1	0	A
barcode74_consensus_vsearch	3326	A	A	462	3	0.64%	2	2	93	93	0.12459634015068409	1	1	267	195	2	1	G
barcode74_consensus_vsearch	3327	C	C	458	3	0.64%	2	2	93	93	0.12459283387624695	1	1	265	193	2	1	T
barcode74_consensus_vsearch	3328	A	A	457	3	0.65%	2	2	93	93	0.12459194776934993	1	1	264	193	1	2	-C
barcode74_consensus_vsearch	3329	C	C	460	1	0.22%	2	1	93	93	0.4999999999999138	1	1	268	192	0	1	+T
barcode74_consensus_vsearch	3330	C	C	465	0	0%	2	0	93	0	1.0	1	0	269	196	0	0	
barcode74_consensus_vsearch	3331	C	*/-A	449	7	1.51%	2	1	93	93	0.00763339894512905	1	1	257	192	7	0	-A
barcode74_consensus_vsearch	3332	A	A	452	2	0.44%	2	1	93	93	0.24972436604191225	1	1	259	193	2	0	G
barcode74_consensus_vsearch	3333	A	A	455	4	0.86%	2	2	93	93	0.062091281262886246	1	1	263	192	3	1	-G
barcode74_consensus_vsearch	3334	G	G	458	1	0.22%	2	1	93	93	0.4999999999999138	1	1	264	194	1	0	+A
barcode74_consensus_vsearch	3335	G	G	460	2	0.43%	2	1	93	93	0.24972914409526598	1	1	265	195	2	0	A
barcode74_consensus_vsearch	3336	T	T	454	3	0.65%	2	1	93	93	0.12458926615549139	1	1	260	194	3	0	-C
barcode74_consensus_vsearch	3337	C	C	457	2	0.43%	2	2	93	93	0.24972737186467478	1	1	262	195	1	1	+A
barcode74_consensus_vsearch	3338	G	R	452	9	1.94%	2	2	93	93	0.0018776504451702718	1	1	257	195	8	1	A
barcode74_consensus_vsearch	3339	C	C	451	6	1.29%	2	2	93	93	0.015369136400488401	1	1	260	191	2	4	T
barcode74_consensus_vsearch	3340	G	*/+A	450	8	1.72%	2	1	93	93	0.003787694271375089	1	1	255	195	8	0	+A
barcode74_consensus_vsearch	3341	T	T	458	3	0.65%	2	2	93	93	0.12459283387624695	1	1	265	193	1	2	C
barcode74_consensus_vsearch	3342	C	C	457	5	1.08%	2	1	93	93	0.030911981535900093	1	1	263	194	5	0	-GGC
barcode74_consensus_vsearch	3343	G	G	453	4	0.88%	2	2	93	93	0.062089491585691256	1	1	260	193	3	1	A
barcode74_consensus_vsearch	3344	G	G	459	2	0.43%	2	2	93	93	0.2497285559174766	1	1	264	195	1	1	A
barcode74_consensus_vsearch	3345	C	C	458	2	0.43%	2	1	93	93	0.24972796517908835	1	1	265	193	0	2	T
barcode74_consensus_vsearch	3346	A	A	459	5	1.08%	2	1	93	93	0.030913437709528726	1	1	269	190	0	5	-T
barcode74_consensus_vsearch	3347	T	T	457	2	0.43%	2	2	93	93	0.24972737186467478	1	1	267	190	1	1	-C
barcode74_consensus_vsearch	3348	C	C	459	2	0.43%	2	1	93	93	0.2497285559174766	1	1	265	194	2	0	+TC
barcode74_consensus_vsearch	3349	G	G	463	1	0.22%	2	1	93	93	0.4999999999990043	1	1	268	195	1	0	-T
barcode74_consensus_vsearch	3350	T	T	464	1	0.22%	2	1	93	93	0.4999999999999138	1	1	268	196	1	0	C
barcode74_consensus_vsearch	3351	T	T	465	1	0.21%	2	1	93	93	0.5000000000008233	1	1	269	196	1	0	A
barcode74_consensus_vsearch	3352	T	T	462	2	0.43%	2	1	93	93	0.24973031283711408	1	1	268	194	2	0	C
barcode74_consensus_vsearch	3353	A	A	463	2	0.43%	2	1	93	93	0.24973089343429802	1	1	267	196	2	0	G
barcode74_consensus_vsearch	3354	C	C	458	3	0.65%	2	1	93	93	0.12459283387624695	1	1	265	193	3	0	-T
barcode74_consensus_vsearch	3355	T	T	453	4	0.86%	2	1	93	93	0.062089491585691256	1	1	265	188	0	4	-G
barcode74_consensus_vsearch	3356	G	G	460	2	0.43%	2	1	93	93	0.24972914409526598	1	1	268	192	2	0	A
barcode74_consensus_vsearch	3357	G	G	465	1	0.21%	2	1	93	93	0.5000000000008233	1	1	269	196	1	0	T
barcode74_consensus_vsearch	3358	T	T	456	5	1.07%	2	1	93	93	0.030911248713682577	1	1	270	186	0	5	-G
barcode74_consensus_vsearch	3359	G	G	457	1	0.22%	2	1	93	93	0.4999999999999138	1	1	267	190	1	0	+C
barcode74_consensus_vsearch	3360	G	G	464	1	0.22%	2	1	93	93	0.4999999999999138	1	1	269	195	1	0	T
barcode74_consensus_vsearch	3361	G	G	463	1	0.22%	2	1	93	93	0.4999999999990043	1	1	269	194	1	0	+T
barcode74_consensus_vsearch	3362	A	A	459	4	0.86%	2	2	93	93	0.06209481420755567	1	1	265	194	3	1	G
barcode74_consensus_vsearch	3363	C	C	462	2	0.43%	2	2	93	93	0.24973031283711408	1	1	267	195	1	1	-T
barcode74_consensus_vsearch	3364	T	Y	452	8	1.72%	2	2	93	93	0.0037882060460031454	1	1	261	191	6	2	C
barcode74_consensus_vsearch	3365	A	A	464	1	0.21%	2	1	93	93	0.4999999999999138	1	1	269	195	0	1	+C
barcode74_consensus_vsearch	3366	C	C	459	3	0.64%	2	2	93	93	0.12459371614300269	1	1	265	194	2	1	T
barcode74_consensus_vsearch	3367	A	A	458	6	1.29%	2	2	93	93	0.015372987983405329	1	1	264	194	5	1	G
barcode74_consensus_vsearch	3368	A	R	457	7	1.5%	2	2	93	93	0.007636473423421301	1	1	263	194	6	1	G
barcode74_consensus_vsearch	3369	C	C	462	3	0.64%	2	2	93	93	0.12459634015068409	1	1	269	193	1	2	T
barcode74_consensus_vsearch	3370	G	G	462	2	0.43%	2	1	93	93	0.24973031283711408	1	1	268	194	2	0	A
barcode74_consensus_vsearch	3371	G	G	466	0	0%	2	0	93	0	1.0	1	0	270	196	0	0	
barcode74_consensus_vsearch	3372	T	T	461	4	0.86%	2	2	93	93	0.06209655787449625	1	1	269	192	1	3	C
barcode74_consensus_vsearch	3373	G	G	456	6	1.29%	2	1	93	93	0.015371899414478795	1	1	270	186	0	6	+T
barcode74_consensus_vsearch	3374	T	T	457	5	1.07%	2	1	93	93	0.030911981535900093	1	1	264	193	5	0	+C
barcode74_consensus_vsearch	3375	C	C	459	6	1.29%	2	1	93	93	0.01537352876406143	1	1	269	190	0	6	-T
barcode74_consensus_vsearch	3376	T	T	449	3	0.65%	2	1	93	93	0.12458471760810089	1	1	265	184	3	0	-A
barcode74_consensus_vsearch	3377	A	A	459	2	0.43%	2	1	93	93	0.2497285559174766	1	1	265	194	2	0	G
barcode74_consensus_vsearch	3378	A	A	461	2	0.43%	2	1	93	93	0.24972972972924576	1	1	267	194	0	2	+T
barcode74_consensus_vsearch	3379	T	T	457	4	0.86%	2	1	93	93	0.062093055403000016	1	1	262	195	4	0	+CC
barcode74_consensus_vsearch	3380	C	C	462	1	0.21%	2	1	93	93	0.4999999999990043	1	1	267	195	0	1	-G
barcode74_consensus_vsearch	3381	G	R	452	10	2.16%	2	2	93	93	9.296709138046124E-4	1	1	259	193	9	1	A
barcode74_consensus_vsearch	3382	G	R	456	8	1.72%	2	2	93	93	0.0037892164544094686	1	1	262	194	6	2	A
barcode74_consensus_vsearch	3383	C	*/-T	434	11	2.37%	2	2	93	93	4.5868081601559884E-4	1	1	245	189	7	4	-T
barcode74_consensus_vsearch	3384	T	T	439	2	0.45%	2	2	93	93	0.2497162315547306	1	1	250	189	1	1	C
barcode74_consensus_vsearch	3385	T	T	449	2	0.44%	2	1	93	93	0.24972253052152624	1	1	256	193	2	0	A
barcode74_consensus_vsearch	3386	T	T	451	4	0.86%	2	2	93	93	0.06208768616665174	1	1	260	191	2	2	+A
barcode74_consensus_vsearch	3387	G	G	458	4	0.86%	2	2	93	93	0.06209393670973901	1	1	264	194	3	1	A
barcode74_consensus_vsearch	3388	C	C	454	4	0.86%	2	2	93	93	0.06209038837901774	1	1	266	188	1	3	-TC
barcode74_consensus_vsearch	3389	T	*/-C	257	147	32.1%	2	2	93	93	4.4118619483586035E-52	1	1	136	121	113	34	-C
barcode74_consensus_vsearch	3390	C	C	273	1	0.36%	2	1	93	93	0.4999999999999138	1	1	147	126	1	0	+TC
barcode74_consensus_vsearch	3391	C	C	424	1	0.24%	2	1	93	93	0.4999999999999138	1	1	261	163	1	0	T
barcode74_consensus_vsearch	3392	C	C	458	2	0.43%	2	2	93	93	0.24972796517908835	1	1	268	190	1	1	T
barcode74_consensus_vsearch	3393	C	C	452	5	1.08%	2	2	93	93	0.030908285371709306	1	1	263	189	1	4	T
barcode74_consensus_vsearch	3394	C	C	454	4	0.86%	2	2	93	93	0.06209038837901774	1	1	267	187	3	1	-A
barcode74_consensus_vsearch	3395	A	*/-C	437	15	3.25%	2	2	93	93	2.7119521515264278E-5	1	1	257	180	5	10	-C
barcode74_consensus_vsearch	3396	C	C	441	5	1.11%	2	1	93	93	0.030899862264693823	1	1	265	176	0	5	T
barcode74_consensus_vsearch	3397	C	Y	456	8	1.72%	2	2	93	93	0.0037892164544094686	1	1	269	187	1	7	T
barcode74_consensus_vsearch	3398	C	*/-T	452	7	1.5%	2	1	93	93	0.007634564377795515	1	1	267	185	0	7	-T
barcode74_consensus_vsearch	3399	T	T	453	4	0.87%	2	2	93	93	0.062089491585691256	1	1	267	186	3	1	C
barcode74_consensus_vsearch	3400	T	T	465	1	0.21%	2	1	93	93	0.5000000000008233	1	1	269	196	1	0	-C
barcode74_consensus_vsearch	3401	C	C	456	5	1.08%	2	1	93	93	0.030911248713682577	1	1	267	189	0	5	+TC
barcode74_consensus_vsearch	3402	G	G	461	1	0.21%	2	1	93	93	0.5000000000008233	1	1	267	194	0	1	+C
barcode74_consensus_vsearch	3403	T	T	458	3	0.65%	2	1	93	93	0.12459283387624695	1	1	264	194	3	0	-G
barcode74_consensus_vsearch	3404	G	*/-CT	451	9	1.95%	2	1	93	93	0.0018774880842022342	1	1	255	196	9	0	-CT
barcode74_consensus_vsearch	3405	C	C	454	1	0.22%	2	1	93	93	0.4999999999999138	1	1	261	193	0	1	+G
barcode74_consensus_vsearch	3406	T	T	454	2	0.44%	2	1	93	93	0.2497255762896723	1	1	260	194	0	2	C
barcode74_consensus_vsearch	3407	T	T	462	3	0.64%	2	2	93	93	0.12459634015068409	1	1	269	193	1	2	C
barcode74_consensus_vsearch	3408	G	G	466	0	0%	2	0	93	0	1.0	1	0	270	196	0	0	
barcode74_consensus_vsearch	3409	A	A	463	3	0.64%	2	1	93	93	0.12459720730400861	1	1	267	196	3	0	G
barcode74_consensus_vsearch	3410	T	*/+C	455	7	1.5%	2	1	93	93	0.007635714741848557	1	1	263	192	7	0	+C
barcode74_consensus_vsearch	3411	C	C	463	1	0.21%	2	1	93	93	0.4999999999990043	1	1	268	195	1	0	+A
barcode74_consensus_vsearch	3412	A	A	460	2	0.43%	2	1	93	93	0.24972914409526598	1	1	265	195	2	0	C
barcode74_consensus_vsearch	3413	A	A	457	3	0.65%	2	2	93	93	0.12459194776934993	1	1	266	191	1	2	C
barcode74_consensus_vsearch	3414	T	T	455	2	0.43%	2	1	93	93	0.24972617743652814	1	1	265	190	0	2	C
barcode74_consensus_vsearch	3415	G	G	452	6	1.3%	2	1	93	93	0.015369693818747027	1	1	261	191	6	0	+A
barcode74_consensus_vsearch	3416	A	A	455	2	0.43%	2	1	93	93	0.24972617743652814	1	1	262	193	2	0	+G
barcode74_consensus_vsearch	3417	A	A	450	6	1.29%	2	1	93	93	0.01536857654288441	1	1	256	194	6	0	-GA
barcode74_consensus_vsearch	3418	G	G	449	2	0.44%	2	1	93	93	0.24972253052152624	1	1	256	193	2	0	-A
barcode74_consensus_vsearch	3419	A	A	452	1	0.22%	2	1	93	93	0.4999999999999138	1	1	259	193	0	1	+CA
barcode74_consensus_vsearch	3420	T	T	461	1	0.22%	2	1	93	93	0.5000000000008233	1	1	268	193	0	1	+A
barcode74_consensus_vsearch	3421	A	*/-C	435	13	2.8%	2	2	93	93	1.1175501046296811E-4	1	1	257	178	3	10	-C
barcode74_consensus_vsearch	3422	C	*/+T	443	7	1.55%	2	1	93	93	0.00763102167395619	1	1	266	177	0	7	+T
barcode74_consensus_vsearch	3423	C	C	456	3	0.65%	2	1	93	93	0.12459105779723775	1	1	267	189	0	3	+T
barcode74_consensus_vsearch	3424	C	*/-T	447	12	2.58%	2	2	93	93	2.2699658258221208E-4	1	1	263	184	4	8	-T
barcode74_consensus_vsearch	3425	T	T	448	4	0.88%	2	2	93	93	0.06208494806434338	1	1	262	186	3	1	C
barcode74_consensus_vsearch	3426	T	Y	452	13	2.79%	2	2	93	93	1.121212624491629E-4	1	1	269	183	1	12	C
barcode74_consensus_vsearch	3427	G	G	459	3	0.64%	2	1	93	93	0.12459371614300269	1	1	264	195	3	0	+C
barcode74_consensus_vsearch	3428	C	C	463	1	0.22%	2	1	93	93	0.4999999999990043	1	1	268	195	1	0	T
barcode74_consensus_vsearch	3429	C	C	459	6	1.29%	2	2	93	93	0.01537352876406143	1	1	269	190	1	5	T
barcode74_consensus_vsearch	3430	A	A	462	2	0.43%	2	2	93	93	0.24973031283711408	1	1	268	194	1	1	G
barcode74_consensus_vsearch	3431	A	A	459	5	1.07%	2	1	93	93	0.030913437709528726	1	1	263	196	5	0	G
barcode74_consensus_vsearch	3432	C	C	463	1	0.22%	2	1	93	93	0.4999999999990043	1	1	268	195	0	1	T
barcode74_consensus_vsearch	3433	T	T	461	2	0.43%	2	2	93	93	0.24972972972924576	1	1	268	193	1	1	C
barcode74_consensus_vsearch	3434	G	G	464	1	0.21%	2	1	93	93	0.4999999999999138	1	1	268	196	1	0	A
barcode74_consensus_vsearch	3435	C	C	457	3	0.64%	2	1	93	93	0.12459194776934993	1	1	265	192	3	0	+TT
barcode74_consensus_vsearch	3436	T	T	458	1	0.22%	2	1	93	93	0.4999999999999138	1	1	266	192	1	0	+GCTT
barcode74_consensus_vsearch	3437	T	T	461	1	0.22%	2	1	93	93	0.5000000000008233	1	1	267	194	1	0	C
barcode74_consensus_vsearch	3438	T	T	457	4	0.86%	2	2	93	93	0.062093055403000016	1	1	266	191	1	3	C
barcode74_consensus_vsearch	3439	C	C	458	2	0.43%	2	1	93	93	0.24972796517908835	1	1	268	190	0	2	+T
barcode74_consensus_vsearch	3440	G	G	461	2	0.43%	2	2	93	93	0.24972972972924576	1	1	269	192	1	1	A
barcode74_consensus_vsearch	3441	C	C	461	2	0.43%	2	1	93	93	0.24972972972924576	1	1	269	192	0	2	T
barcode74_consensus_vsearch	3442	A	A	461	1	0.22%	2	1	93	93	0.5000000000008233	1	1	268	193	0	1	+C
barcode74_consensus_vsearch	3443	T	T	456	5	1.08%	2	1	93	93	0.030911248713682577	1	1	270	186	0	5	C
barcode74_consensus_vsearch	3444	T	T	454	5	1.08%	2	1	93	93	0.030909773495158815	1	1	266	188	0	5	-C
barcode74_consensus_vsearch	3445	C	C	457	2	0.43%	2	1	93	93	0.24972737186467478	1	1	270	187	0	2	-G
barcode74_consensus_vsearch	3446	G	G	459	2	0.43%	2	1	93	93	0.2497285559174766	1	1	268	191	2	0	A
barcode74_consensus_vsearch	3447	G	G	463	1	0.21%	2	1	93	93	0.4999999999990043	1	1	270	193	0	1	+C
barcode74_consensus_vsearch	3448	T	T	461	2	0.43%	2	1	93	93	0.24972972972924576	1	1	270	191	0	2	C
barcode74_consensus_vsearch	3449	C	C	460	1	0.22%	2	1	93	93	0.4999999999999138	1	1	268	192	0	1	+A
barcode74_consensus_vsearch	3450	G	G	457	4	0.86%	2	2	93	93	0.062093055403000016	1	1	266	191	3	1	A
barcode74_consensus_vsearch	3451	T	T	458	3	0.65%	2	1	93	93	0.12459283387624695	1	1	269	189	0	3	C
barcode74_consensus_vsearch	3452	C	C	461	2	0.43%	2	1	93	93	0.24972972972924576	1	1	269	192	0	2	-T
barcode74_consensus_vsearch	3453	T	T	460	2	0.43%	2	2	93	93	0.24972914409526598	1	1	268	192	1	1	C
barcode74_consensus_vsearch	3454	T	T	463	1	0.22%	2	1	93	93	0.4999999999990043	1	1	268	195	0	1	+CCT
barcode74_consensus_vsearch	3455	C	C	457	4	0.86%	2	1	93	93	0.062093055403000016	1	1	266	191	0	4	-T
barcode74_consensus_vsearch	3456	T	*/-G	370	77	16.7%	2	2	93	93	1.8364768281296207E-25	1	1	216	154	48	29	-G
barcode74_consensus_vsearch	3457	G	G	382	2	0.52%	2	1	93	93	0.2496740547585969	1	1	218	164	2	0	A
barcode74_consensus_vsearch	3458	G	G	459	3	0.65%	2	2	93	93	0.12459371614300269	1	1	266	193	2	1	A
barcode74_consensus_vsearch	3459	G	G	460	3	0.65%	2	2	93	93	0.1245945945946921	1	1	267	193	2	1	A
barcode74_consensus_vsearch	3460	G	G	461	3	0.65%	2	2	93	93	0.12459546925571133	1	1	267	194	2	1	A
barcode74_consensus_vsearch	3461	G	G	463	1	0.22%	2	1	93	93	0.4999999999990043	1	1	269	194	1	0	+A
barcode74_consensus_vsearch	3462	T	T	459	3	0.64%	2	1	93	93	0.12459371614300269	1	1	267	192	0	3	C
barcode74_consensus_vsearch	3463	C	C	457	2	0.43%	2	2	93	93	0.24972737186467478	1	1	264	193	1	1	+G
barcode74_consensus_vsearch	3464	A	A	445	4	0.86%	2	2	93	93	0.0620821733525388	1	1	255	190	1	3	-TA
barcode74_consensus_vsearch	3465	T	T	446	6	1.3%	2	1	93	93	0.015366312395967143	1	1	255	191	6	0	+G
barcode74_consensus_vsearch	3466	A	*/-G	407	28	6.13%	2	1	93	93	2.378334786326288E-9	1	1	219	188	28	0	-G
barcode74_consensus_vsearch	3467	G	G	426	4	0.92%	2	2	93	93	0.06206370056623179	1	1	235	191	1	3	-A
barcode74_consensus_vsearch	3468	A	A	452	2	0.43%	2	1	93	93	0.24972436604191225	1	1	261	191	2	0	+GA
barcode74_consensus_vsearch	3469	A	A	452	4	0.86%	2	2	93	93	0.062088590856761904	1	1	265	187	3	1	+T
barcode74_consensus_vsearch	3470	T	T	456	3	0.65%	2	1	93	93	0.12459105779723775	1	1	269	187	0	3	C
barcode74_consensus_vsearch	3471	T	T	457	4	0.86%	2	2	93	93	0.062093055403000016	1	1	267	190	2	2	C
barcode74_consensus_vsearch	3472	T	T	458	3	0.64%	2	1	93	93	0.12459283387624695	1	1	265	193	3	0	+C
barcode74_consensus_vsearch	3473	C	C	452	5	1.08%	2	1	93	93	0.030908285371709306	1	1	259	193	5	0	-AC
barcode74_consensus_vsearch	3474	A	A	439	6	1.31%	2	2	93	93	0.015362252420215997	1	1	253	186	1	5	+C
barcode74_consensus_vsearch	3475	C	C	451	1	0.22%	2	1	93	93	0.4999999999999138	1	1	260	191	0	1	+T
barcode74_consensus_vsearch	3476	C	*/-T	445	12	2.6%	2	1	93	93	2.269233384575168E-4	1	1	265	180	0	12	-T
barcode74_consensus_vsearch	3477	T	T	437	5	1.11%	2	2	93	93	0.03089669543126854	1	1	264	173	1	4	C
barcode74_consensus_vsearch	3478	C	C	452	4	0.87%	2	1	93	93	0.062088590856761904	1	1	268	184	0	4	+T
barcode74_consensus_vsearch	3479	T	T	455	2	0.43%	2	2	93	93	0.24972617743652814	1	1	266	189	1	1	+CT
barcode74_consensus_vsearch	3480	A	A	463	2	0.43%	2	1	93	93	0.24973089343429802	1	1	270	193	0	2	G
barcode74_consensus_vsearch	3481	T	*/-C	439	14	3.01%	2	2	93	93	5.511849899446151E-5	1	1	250	189	10	4	-C
barcode74_consensus_vsearch	3482	C	C	449	0	0%	2	0	93	0	1.0	1	0	259	190	0	0	
barcode74_consensus_vsearch	3483	C	C	461	1	0.22%	2	1	93	93	0.5000000000008233	1	1	268	193	1	0	+T
barcode74_consensus_vsearch	3484	C	C	460	2	0.43%	2	1	93	93	0.24972914409526598	1	1	269	191	0	2	T
barcode74_consensus_vsearch	3485	C	C	459	3	0.65%	2	2	93	93	0.12459371614300269	1	1	265	194	2	1	-A
barcode74_consensus_vsearch	3486	A	A	456	3	0.65%	2	1	93	93	0.12459105779723775	1	1	262	194	3	0	G
barcode74_consensus_vsearch	3487	G	*/-A	445	9	1.94%	2	1	93	93	0.0018764990590094985	1	1	250	195	9	0	-A
barcode74_consensus_vsearch	3488	A	A	447	3	0.67%	2	2	93	93	0.12458286985565502	1	1	252	195	2	1	G
barcode74_consensus_vsearch	3489	G	G	453	2	0.44%	2	2	93	93	0.24972497249691156	1	1	260	193	1	1	+AG
barcode74_consensus_vsearch	3490	T	T	461	2	0.43%	2	1	93	93	0.24972972972924576	1	1	269	192	0	2	C
barcode74_consensus_vsearch	3491	A	A	459	5	1.08%	2	2	93	93	0.030913437709528726	1	1	265	194	4	1	G
barcode74_consensus_vsearch	3492	C	C	456	4	0.86%	2	2	93	93	0.062092170262314485	1	1	267	189	2	2	-G
barcode74_consensus_vsearch	3493	G	R	445	13	2.82%	2	1	93	93	1.1197364733708028E-4	1	1	253	192	13	0	A
barcode74_consensus_vsearch	3494	G	G	458	2	0.43%	2	1	93	93	0.24972796517908835	1	1	265	193	2	0	+T
barcode74_consensus_vsearch	3495	T	T	461	2	0.43%	2	2	93	93	0.24972972972924576	1	1	268	193	1	1	C
barcode74_consensus_vsearch	3496	T	T	450	4	0.86%	2	2	93	93	0.062086777488655716	1	1	258	192	3	1	-G
barcode74_consensus_vsearch	3497	G	G	451	3	0.66%	2	2	93	93	0.12458654906280954	1	1	259	192	2	1	A
barcode74_consensus_vsearch	3498	G	*/-C	418	22	4.78%	2	2	93	93	1.821673684445545E-7	1	1	226	192	21	1	-C
barcode74_consensus_vsearch	3499	C	C	431	5	1.14%	2	2	93	93	0.03089183629518613	1	1	238	193	3	2	T
barcode74_consensus_vsearch	3500	C	C	456	4	0.87%	2	2	93	93	0.062092170262314485	1	1	261	195	3	1	T
barcode74_consensus_vsearch	3501	C	Y	452	8	1.73%	2	2	93	93	0.0037882060460031454	1	1	258	194	6	2	T
barcode74_consensus_vsearch	3502	C	*/-G	384	50	10.78%	2	1	93	93	1.9866489570765057E-16	1	1	205	179	50	0	-G
barcode74_consensus_vsearch	3503	G	*/+A	368	22	5.3%	2	1	93	93	1.7581613701502661E-7	1	1	173	195	22	0	+A
barcode74_consensus_vsearch	3504	A	A	453	3	0.66%	2	1	93	93	0.12458836443458174	1	1	257	196	3	0	G
barcode74_consensus_vsearch	3505	G	G	456	3	0.64%	2	1	93	93	0.12459105779723775	1	1	261	195	3	0	A
barcode74_consensus_vsearch	3506	T	T	461	1	0.22%	2	1	93	93	0.5000000000008233	1	1	267	194	0	1	+A
barcode74_consensus_vsearch	3507	A	*/-C	405	24	5.17%	2	2	93	93	4.2817759008625E-8	1	1	215	190	20	4	-C
barcode74_consensus_vsearch	3508	C	C	421	1	0.24%	2	1	93	93	0.4999999999999138	1	1	232	189	0	1	+T
barcode74_consensus_vsearch	3509	C	C	444	5	1.11%	2	1	93	93	0.03090220038242228	1	1	253	191	0	5	T
barcode74_consensus_vsearch	3510	C	C	445	4	0.88%	2	2	93	93	0.0620821733525388	1	1	254	191	2	2	T
barcode74_consensus_vsearch	3511	C	C	451	5	1.07%	2	2	93	93	0.03090753641767135	1	1	264	187	1	4	-T
barcode74_consensus_vsearch	3512	T	T	454	6	1.3%	2	2	93	93	0.015370801400747822	1	1	265	189	3	3	C
barcode74_consensus_vsearch	3513	A	A	464	1	0.22%	2	1	93	93	0.4999999999999138	1	1	268	196	1	0	G
barcode74_consensus_vsearch	3514	T	T	455	4	0.86%	2	1	93	93	0.062091281262886246	1	1	261	194	4	0	G
barcode74_consensus_vsearch	3515	T	T	463	2	0.43%	2	2	93	93	0.24973089343429802	1	1	268	195	1	1	-A
barcode74_consensus_vsearch	3516	A	A	462	1	0.22%	2	1	93	93	0.4999999999990043	1	1	268	194	1	0	+TTA
barcode74_consensus_vsearch	3517	A	A	464	2	0.43%	2	2	93	93	0.2497314715357706	1	1	269	195	1	1	G
barcode74_consensus_vsearch	3518	T	T	464	1	0.21%	2	1	93	93	0.4999999999999138	1	1	269	195	1	0	-C
barcode74_consensus_vsearch	3519	C	C	461	4	0.86%	2	1	93	93	0.06209655787449625	1	1	265	196	4	0	-A
barcode74_consensus_vsearch	3520	A	A	458	3	0.65%	2	1	93	93	0.12459283387624695	1	1	263	195	3	0	G
barcode74_consensus_vsearch	3521	T	T	459	4	0.86%	2	1	93	93	0.06209481420755567	1	1	264	195	4	0	G
barcode74_consensus_vsearch	3522	T	T	463	2	0.43%	2	1	93	93	0.24973089343429802	1	1	267	196	2	0	-ACA
barcode74_consensus_vsearch	3523	A	A	462	1	0.22%	2	1	93	93	0.4999999999990043	1	1	267	195	0	1	+G
barcode74_consensus_vsearch	3524	C	C	463	1	0.22%	2	1	93	93	0.4999999999990043	1	1	267	196	1	0	T
barcode74_consensus_vsearch	3525	A	A	458	5	1.08%	2	2	93	93	0.030912711194453116	1	1	264	194	4	1	G
barcode74_consensus_vsearch	3526	G	G	457	6	1.29%	2	1	93	93	0.01537244487190259	1	1	263	194	6	0	A
barcode74_consensus_vsearch	3527	C	C	464	1	0.22%	2	1	93	93	0.4999999999999138	1	1	269	195	1	0	-AAC
barcode74_consensus_vsearch	3528	A	A	463	1	0.22%	2	1	93	93	0.4999999999990043	1	1	268	195	1	0	+GCA
barcode74_consensus_vsearch	3529	A	A	458	6	1.29%	2	1	93	93	0.015372987983405329	1	1	263	195	6	0	G
barcode74_consensus_vsearch	3530	C	C	462	2	0.43%	2	2	93	93	0.24973031283711408	1	1	268	194	1	1	T
barcode74_consensus_vsearch	3531	G	G	461	2	0.43%	2	1	93	93	0.24972972972924576	1	1	266	195	2	0	A
barcode74_consensus_vsearch	3532	T	T	460	4	0.86%	2	2	93	93	0.062095687920911566	1	1	268	192	2	2	C
barcode74_consensus_vsearch	3533	C	C	461	1	0.22%	2	1	93	93	0.5000000000008233	1	1	268	193	0	1	+T
barcode74_consensus_vsearch	3534	T	T	465	0	0%	2	0	93	0	1.0	1	0	269	196	0	0	
barcode74_consensus_vsearch	3535	C	*/+A	444	12	2.58%	2	1	93	93	2.268864813065808E-4	1	1	266	178	0	12	+A
barcode74_consensus_vsearch	3536	A	A	463	2	0.43%	2	2	93	93	0.24973089343429802	1	1	269	194	1	1	G
barcode74_consensus_vsearch	3537	A	A	465	1	0.21%	2	1	93	93	0.5000000000008233	1	1	269	196	1	0	G
barcode74_consensus_vsearch	3538	A	A	461	2	0.43%	2	1	93	93	0.24972972972924576	1	1	265	196	2	0	-C
barcode74_consensus_vsearch	3539	C	C	461	1	0.22%	2	1	93	93	0.5000000000008233	1	1	266	195	0	1	+T
barcode74_consensus_vsearch	3540	C	C	463	2	0.43%	2	1	93	93	0.24973089343429802	1	1	267	196	2	0	T
barcode74_consensus_vsearch	3541	A	A	464	1	0.22%	2	1	93	93	0.4999999999999138	1	1	268	196	1	0	G
barcode74_consensus_vsearch	3542	A	R	451	13	2.8%	2	2	93	93	1.1210043923467175E-4	1	1	257	194	11	2	G
barcode74_consensus_vsearch	3543	C	C	456	6	1.29%	2	2	93	93	0.015371899414478795	1	1	267	189	2	4	-A
barcode74_consensus_vsearch	3544	A	A	458	1	0.22%	2	1	93	93	0.4999999999999138	1	1	266	192	1	0	+G
barcode74_consensus_vsearch	3545	A	A	463	2	0.43%	2	1	93	93	0.24973089343429802	1	1	267	196	2	0	+G
barcode74_consensus_vsearch	3546	A	A	458	5	1.07%	2	2	93	93	0.030912711194453116	1	1	263	195	4	1	G
barcode74_consensus_vsearch	3547	C	C	458	3	0.64%	2	1	93	93	0.12459283387624695	1	1	263	195	3	0	+G
barcode74_consensus_vsearch	3548	A	A	459	4	0.86%	2	1	93	93	0.06209481420755567	1	1	265	194	4	0	-G
barcode74_consensus_vsearch	3549	G	G	461	0	0%	2	0	93	0	1.0	1	0	266	195	0	0	
barcode74_consensus_vsearch	3550	A	A	458	4	0.86%	2	2	93	93	0.06209393670973901	1	1	265	193	3	1	G
barcode74_consensus_vsearch	3551	C	C	465	0	0%	2	0	93	0	1.0	1	0	269	196	0	0	
barcode74_consensus_vsearch	3552	A	A	466	0	0%	2	0	93	0	1.0	1	0	270	196	0	0	
barcode74_consensus_vsearch	3553	T	T	462	4	0.86%	2	2	93	93	0.06209742409232364	1	1	267	195	3	1	C
barcode74_consensus_vsearch	3554	C	C	463	1	0.21%	2	1	93	93	0.4999999999990043	1	1	267	196	1	0	+TGCT
barcode74_consensus_vsearch	3555	G	G	462	1	0.22%	2	1	93	93	0.4999999999990043	1	1	267	195	0	1	-CTG
barcode74_consensus_vsearch	3556	C	C	463	1	0.22%	2	1	93	93	0.4999999999990043	1	1	268	195	1	0	A
barcode74_consensus_vsearch	3557	T	T	458	3	0.65%	2	2	93	93	0.12459283387624695	1	1	267	191	1	2	C
barcode74_consensus_vsearch	3558	G	G	460	2	0.43%	2	2	93	93	0.24972914409526598	1	1	267	193	1	1	A
barcode74_consensus_vsearch	3559	T	T	460	2	0.43%	2	2	93	93	0.24972914409526598	1	1	266	194	1	1	C
barcode74_consensus_vsearch	3560	C	C	463	1	0.22%	2	1	93	93	0.4999999999990043	1	1	268	195	0	1	T
barcode74_consensus_vsearch	3561	C	C	463	1	0.21%	2	1	93	93	0.4999999999990043	1	1	268	195	1	0	+A
barcode74_consensus_vsearch	3562	A	A	463	3	0.64%	2	1	93	93	0.12459720730400861	1	1	267	196	3	0	G
barcode74_consensus_vsearch	3563	T	T	465	1	0.21%	2	1	93	93	0.5000000000008233	1	1	269	196	1	0	+C
barcode74_consensus_vsearch	3564	C	C	465	1	0.21%	2	1	93	93	0.5000000000008233	1	1	269	196	1	0	+AC
barcode74_consensus_vsearch	3565	T	T	458	2	0.43%	2	1	93	93	0.24972796517908835	1	1	267	191	2	0	+CT
barcode74_consensus_vsearch	3566	G	G	456	4	0.86%	2	1	93	93	0.062092170262314485	1	1	263	193	4	0	+C
barcode74_consensus_vsearch	3567	C	C	454	4	0.86%	2	2	93	93	0.06209038837901774	1	1	261	193	2	2	T
barcode74_consensus_vsearch	3568	T	T	460	3	0.65%	2	1	93	93	0.1245945945946921	1	1	265	195	3	0	C
barcode74_consensus_vsearch	3569	A	A	461	2	0.43%	2	2	93	93	0.24972972972924576	1	1	266	195	1	1	G
barcode74_consensus_vsearch	3570	T	T	462	3	0.65%	2	2	93	93	0.12459634015068409	1	1	267	195	2	1	C
barcode74_consensus_vsearch	3571	T	T	457	5	1.07%	2	1	93	93	0.030911981535900093	1	1	263	194	5	0	-C
barcode74_consensus_vsearch	3572	C	C	460	0	0%	2	0	93	0	1.0	1	0	264	196	0	0	
barcode74_consensus_vsearch	3573	C	C	464	1	0.22%	2	1	93	93	0.4999999999999138	1	1	268	196	1	0	-AT
barcode74_consensus_vsearch	3574	A	A	461	1	0.22%	2	1	93	93	0.5000000000008233	1	1	268	193	0	1	+G
barcode74_consensus_vsearch	3575	T	T	456	3	0.65%	2	1	93	93	0.12459105779723775	1	1	267	189	0	3	C
barcode74_consensus_vsearch	3576	G	G	457	2	0.43%	2	1	93	93	0.24972737186467478	1	1	264	193	2	0	+C
barcode74_consensus_vsearch	3577	C	C	459	2	0.43%	2	1	93	93	0.2497285559174766	1	1	267	192	2	0	A
barcode74_consensus_vsearch	3578	T	T	458	4	0.86%	2	2	93	93	0.06209393670973901	1	1	266	192	3	1	-A
barcode74_consensus_vsearch	3579	A	A	460	2	0.43%	2	1	93	93	0.24972914409526598	1	1	267	193	0	2	G
barcode74_consensus_vsearch	3580	A	A	460	4	0.86%	2	2	93	93	0.062095687920911566	1	1	267	193	3	1	G
barcode74_consensus_vsearch	3581	T	T	462	2	0.43%	2	1	93	93	0.24973031283711408	1	1	268	194	2	0	G
barcode74_consensus_vsearch	3582	T	T	456	5	1.08%	2	1	93	93	0.030911248713682577	1	1	269	187	0	5	+G
barcode74_consensus_vsearch	3583	G	G	464	1	0.21%	2	1	93	93	0.4999999999999138	1	1	269	195	1	0	A
barcode74_consensus_vsearch	3584	A	A	463	2	0.43%	2	1	93	93	0.24973089343429802	1	1	267	196	2	0	G
barcode74_consensus_vsearch	3585	T	T	463	1	0.22%	2	1	93	93	0.4999999999990043	1	1	269	194	0	1	+C
barcode74_consensus_vsearch	3586	T	T	462	2	0.43%	2	2	93	93	0.24973031283711408	1	1	268	194	1	1	C
barcode74_consensus_vsearch	3587	C	C	462	2	0.43%	2	2	93	93	0.24973031283711408	1	1	268	194	1	1	-A
barcode74_consensus_vsearch	3588	A	*/-G	452	7	1.51%	2	2	93	93	0.007634564377795515	1	1	264	188	2	5	-G
barcode74_consensus_vsearch	3589	G	G	457	1	0.22%	2	1	93	93	0.4999999999999138	1	1	266	191	1	0	+AG
barcode74_consensus_vsearch	3590	G	G	460	4	0.86%	2	1	93	93	0.062095687920911566	1	1	265	195	4	0	A
barcode74_consensus_vsearch	3591	C	C	453	4	0.86%	2	2	93	93	0.062089491585691256	1	1	263	190	1	3	+A
barcode74_consensus_vsearch	3592	A	A	461	1	0.22%	2	1	93	93	0.5000000000008233	1	1	267	194	0	1	G
barcode74_consensus_vsearch	3593	A	A	459	4	0.86%	2	2	93	93	0.06209481420755567	1	1	266	193	2	2	G
barcode74_consensus_vsearch	3594	C	C	458	3	0.65%	2	1	93	93	0.12459283387624695	1	1	268	190	0	3	T
barcode74_consensus_vsearch	3595	A	A	457	4	0.86%	2	2	93	93	0.062093055403000016	1	1	264	193	2	2	G
barcode74_consensus_vsearch	3596	T	T	460	1	0.22%	2	1	93	93	0.4999999999999138	1	1	266	194	0	1	+A
barcode74_consensus_vsearch	3597	T	T	450	5	1.08%	2	2	93	93	0.030906784173455357	1	1	259	191	2	3	-C
barcode74_consensus_vsearch	3598	C	C	453	5	1.09%	2	1	93	93	0.03090903105714376	1	1	262	191	5	0	-T
barcode74_consensus_vsearch	3599	T	*/-G	433	22	4.78%	2	1	93	93	1.838304447967848E-7	1	1	263	170	0	22	-G
barcode74_consensus_vsearch	3600	G	G	432	6	1.35%	2	1	93	93	0.015358062976156805	1	1	262	170	6	0	A
barcode74_consensus_vsearch	3601	G	*/-C	447	14	3.01%	2	2	93	93	5.52175739706927E-5	1	1	255	192	13	1	-C
barcode74_consensus_vsearch	3602	C	*/+T	436	9	2%	2	1	93	93	0.0018749660605302289	1	1	254	182	0	9	+T
barcode74_consensus_vsearch	3603	C	*/-T	450	8	1.72%	2	2	93	93	0.003787694271375089	1	1	267	183	1	7	-T
barcode74_consensus_vsearch	3604	T	Y	444	7	1.53%	2	2	93	93	0.007631422258539495	1	1	265	179	3	4	C
barcode74_consensus_vsearch	3605	A	A	453	6	1.29%	2	1	93	93	0.015370248813581264	1	1	267	186	0	6	+C
barcode74_consensus_vsearch	3606	C	C	453	3	0.65%	2	1	93	93	0.12458836443458174	1	1	263	190	3	0	+A
barcode74_consensus_vsearch	3607	C	C	455	6	1.29%	2	1	93	93	0.015371351595895005	1	1	269	186	0	6	-TC
barcode74_consensus_vsearch	3608	T	T	448	5	1.09%	2	1	93	93	0.030905269727138893	1	1	262	186	5	0	+C
barcode74_consensus_vsearch	3609	C	C	450	2	0.44%	2	1	93	93	0.24972314507259671	1	1	265	185	2	0	+A
barcode74_consensus_vsearch	3610	A	A	457	4	0.86%	2	1	93	93	0.062093055403000016	1	1	267	190	0	4	G
barcode74_consensus_vsearch	3611	A	A	454	5	1.08%	2	2	93	93	0.030909773495158815	1	1	267	187	1	4	G
barcode74_consensus_vsearch	3612	G	G	461	2	0.43%	2	2	93	93	0.24972972972924576	1	1	267	194	1	1	-C
barcode74_consensus_vsearch	3613	C	C	459	2	0.43%	2	1	93	93	0.2497285559174766	1	1	268	191	0	2	+A
barcode74_consensus_vsearch	3614	G	G	464	1	0.22%	2	1	93	93	0.4999999999999138	1	1	270	194	0	1	A
barcode74_consensus_vsearch	3615	C	*/-GC	444	17	3.65%	2	2	93	93	6.56535752606661E-6	1	1	258	186	10	7	-GC
barcode74_consensus_vsearch	3616	G	G	441	3	0.67%	2	1	93	93	0.12457722660661777	1	1	257	184	0	3	+C
barcode74_consensus_vsearch	3617	C	*/+GC	432	9	2.01%	2	1	93	93	0.001874264864679625	1	1	258	174	0	9	+GC
barcode74_consensus_vsearch	3618	T	T	458	3	0.65%	2	2	93	93	0.12459283387624695	1	1	266	192	2	1	C
barcode74_consensus_vsearch	3619	C	C	462	1	0.22%	2	1	93	93	0.4999999999990043	1	1	267	195	1	0	+TC
barcode74_consensus_vsearch	3620	A	*/-T	450	7	1.51%	2	2	93	93	0.0076337891152176976	1	1	260	190	4	3	-T
barcode74_consensus_vsearch	3621	T	T	454	4	0.87%	2	2	93	93	0.06209038837901774	1	1	264	190	2	2	C
barcode74_consensus_vsearch	3622	T	T	465	1	0.21%	2	1	93	93	0.5000000000008233	1	1	269	196	1	0	C
barcode74_consensus_vsearch	3623	T	T	463	1	0.21%	2	1	93	93	0.4999999999990043	1	1	270	193	0	1	+A
barcode74_consensus_vsearch	3624	G	G	458	2	0.43%	2	1	93	93	0.24972796517908835	1	1	269	189	0	2	-T
barcode74_consensus_vsearch	3625	T	T	458	1	0.22%	2	1	93	93	0.4999999999999138	1	1	270	188	0	1	+C
barcode74_consensus_vsearch	3626	T	T	458	3	0.65%	2	1	93	93	0.12459283387624695	1	1	266	192	3	0	+C
barcode74_consensus_vsearch	3627	C	*/+G	445	8	1.73%	2	1	93	93	0.0037863952091791225	1	1	263	182	0	8	+G
barcode74_consensus_vsearch	3628	G	*/-A	434	18	3.92%	2	2	93	93	3.209969156058958E-6	1	1	247	187	15	3	-A
barcode74_consensus_vsearch	3629	A	A	433	6	1.34%	2	2	93	93	0.01535866962898151	1	1	248	185	4	2	-G
barcode74_consensus_vsearch	3630	G	G	443	5	1.1%	2	2	93	93	0.030901424487179464	1	1	261	182	1	4	+T
barcode74_consensus_vsearch	3631	G	G	457	3	0.65%	2	1	93	93	0.12459194776934993	1	1	265	192	3	0	T
barcode74_consensus_vsearch	3632	T	T	451	6	1.29%	2	2	93	93	0.015369136400488401	1	1	265	186	2	4	C
barcode74_consensus_vsearch	3633	A	A	462	1	0.22%	2	1	93	93	0.4999999999990043	1	1	269	193	1	0	+TTA
barcode74_consensus_vsearch	3634	A	A	465	1	0.21%	2	1	93	93	0.5000000000008233	1	1	270	195	0	1	G
barcode74_consensus_vsearch	3635	A	A	461	4	0.86%	2	1	93	93	0.06209655787449625	1	1	266	195	4	0	G
barcode74_consensus_vsearch	3636	T	T	462	2	0.43%	2	2	93	93	0.24973031283711408	1	1	268	194	1	1	C
barcode74_consensus_vsearch	3637	C	C	462	1	0.22%	2	1	93	93	0.4999999999990043	1	1	268	194	0	1	+A
barcode74_consensus_vsearch	3638	A	*/-C	447	11	2.37%	2	2	93	93	4.595052234613434E-4	1	1	254	193	10	1	-C
barcode74_consensus_vsearch	3639	C	C	446	6	1.32%	2	1	93	93	0.015366312395967143	1	1	258	188	0	6	+T
barcode74_consensus_vsearch	3640	C	C	461	3	0.64%	2	2	93	93	0.12459546925571133	1	1	269	192	1	2	T
barcode74_consensus_vsearch	3641	C	Y	450	12	2.58%	2	1	93	93	2.27105288216143E-4	1	1	270	180	0	12	T
barcode74_consensus_vsearch	3642	G	G	458	4	0.86%	2	1	93	93	0.06209393670973901	1	1	263	195	4	0	A
barcode74_consensus_vsearch	3643	C	C	460	2	0.43%	2	1	93	93	0.24972914409526598	1	1	266	194	2	0	+A
barcode74_consensus_vsearch	3644	C	C	458	4	0.86%	2	2	93	93	0.06209393670973901	1	1	265	193	1	3	-GCC
barcode74_consensus_vsearch	3645	G	*/-C	448	7	1.52%	2	2	93	93	0.00763300706774014	1	1	257	191	6	1	-C
barcode74_consensus_vsearch	3646	C	C	448	3	0.66%	2	1	93	93	0.12458379578250524	1	1	259	189	0	3	+T
barcode74_consensus_vsearch	3647	C	C	454	5	1.08%	2	1	93	93	0.030909773495158815	1	1	268	186	0	5	+TC
barcode74_consensus_vsearch	3648	C	C	457	2	0.43%	2	1	93	93	0.24972737186467478	1	1	264	193	0	2	+A
barcode74_consensus_vsearch	3649	A	*/+C	431	13	2.81%	2	2	93	93	1.1166488301300728E-4	1	1	248	183	6	7	+C
barcode74_consensus_vsearch	3650	C	C	445	4	0.88%	2	1	93	93	0.0620821733525388	1	1	257	188	0	4	T
barcode74_consensus_vsearch	3651	C	C	460	1	0.22%	2	1	93	93	0.4999999999999138	1	1	266	194	0	1	+T
barcode74_consensus_vsearch	3652	C	C	462	2	0.43%	2	1	93	93	0.24973031283711408	1	1	269	193	0	2	-T
barcode74_consensus_vsearch	3653	T	T	456	5	1.08%	2	2	93	93	0.030911248713682577	1	1	269	187	1	4	A
barcode74_consensus_vsearch	3654	G	G	455	3	0.64%	2	1	93	93	0.12459016393415773	1	1	265	190	0	3	-T
barcode74_consensus_vsearch	3655	T	*/-G	431	14	3.06%	2	1	93	93	5.501599410545798E-5	1	1	243	188	14	0	-G
barcode74_consensus_vsearch	3656	G	*/-A	412	20	4.48%	2	1	93	93	7.615205227908607E-7	1	1	218	194	20	0	-A
barcode74_consensus_vsearch	3657	A	*/-G	275	69	16.01%	2	2	93	93	3.8099837627733804E-23	1	1	85	190	64	5	-G
barcode74_consensus_vsearch	3658	G	G	354	5	1.37%	2	1	93	93	0.030815070564029174	1	1	165	189	5	0	+C
barcode74_consensus_vsearch	3659	G	K	416	8	1.82%	2	1	93	93	0.003778261194268045	1	1	222	194	8	0	T
barcode74_consensus_vsearch	3660	G	*/-A	388	33	7.22%	2	2	93	93	6.062665397875952E-11	1	1	231	157	17	16	-A
barcode74_consensus_vsearch	3661	A	R	401	9	2.15%	2	2	93	93	0.0018683721996632116	1	1	226	175	7	2	G
barcode74_consensus_vsearch	3662	A	A	448	4	0.88%	2	1	93	93	0.06208494806434338	1	1	255	193	4	0	T
barcode74_consensus_vsearch	3663	A	A	457	1	0.22%	2	1	93	93	0.4999999999999138	1	1	263	194	0	1	+C
barcode74_consensus_vsearch	3664	A	A	451	4	0.87%	2	1	93	93	0.06208768616665174	1	1	258	193	4	0	G
barcode74_consensus_vsearch	3665	T	T	457	3	0.65%	2	2	93	93	0.12459194776934993	1	1	268	189	1	2	C
barcode74_consensus_vsearch	3666	G	G	458	2	0.43%	2	1	93	93	0.24972796517908835	1	1	269	189	0	2	+TG
barcode74_consensus_vsearch	3667	A	R	452	8	1.73%	2	2	93	93	0.0037882060460031454	1	1	263	189	5	3	G
barcode74_consensus_vsearch	3668	C	C	463	0	0%	2	0	93	0	1.0	1	0	269	194	0	0	
barcode74_consensus_vsearch	3669	C	*/+G	445	7	1.5%	2	2	93	93	0.007631821078608308	1	1	261	184	1	6	+G
barcode74_consensus_vsearch	3670	G	*/-A	445	9	1.96%	2	1	93	93	0.0018764990590094985	1	1	250	195	9	0	-A
barcode74_consensus_vsearch	3671	A	A	453	1	0.22%	2	1	93	93	0.4999999999990043	1	1	257	196	1	0	-G
barcode74_consensus_vsearch	3672	G	G	461	2	0.43%	2	1	93	93	0.24972972972924576	1	1	267	194	0	2	A
barcode74_consensus_vsearch	3673	G	G	461	3	0.65%	2	1	93	93	0.12459546925571133	1	1	268	193	0	3	A
barcode74_consensus_vsearch	3674	C	C	464	1	0.22%	2	1	93	93	0.4999999999999138	1	1	269	195	0	1	T
barcode74_consensus_vsearch	3675	C	C	462	2	0.43%	2	1	93	93	0.24973031283711408	1	1	266	196	2	0	-ACC
barcode74_consensus_vsearch	3676	A	A	460	2	0.43%	2	2	93	93	0.24972914409526598	1	1	266	194	1	1	G
barcode74_consensus_vsearch	3677	C	C	463	0	0%	2	0	93	0	1.0	1	0	268	195	0	0	
barcode74_consensus_vsearch	3678	C	Y	447	17	3.66%	2	1	93	93	6.571852678198701E-6	1	1	268	179	0	17	T
barcode74_consensus_vsearch	3679	G	G	466	0	0%	2	0	93	0	1.0	1	0	270	196	0	0	
barcode74_consensus_vsearch	3680	T	T	462	3	0.64%	2	2	93	93	0.12459634015068409	1	1	268	194	1	2	C
barcode74_consensus_vsearch	3681	C	C	461	4	0.86%	2	1	93	93	0.06209655787449625	1	1	270	191	0	4	-G
barcode74_consensus_vsearch	3682	G	G	456	6	1.3%	2	2	93	93	0.015371899414478795	1	1	266	190	4	2	A
barcode74_consensus_vsearch	3683	G	G	461	3	0.64%	2	1	93	93	0.12459546925571133	1	1	269	192	0	3	+TG
barcode74_consensus_vsearch	3684	C	C	454	5	1.08%	2	1	93	93	0.030909773495158815	1	1	262	192	5	0	+G
barcode74_consensus_vsearch	3685	A	R	451	7	1.5%	2	1	93	93	0.007634177589087493	1	1	260	191	7	0	G
barcode74_consensus_vsearch	3686	G	G	456	3	0.65%	2	2	93	93	0.12459105779723775	1	1	264	192	2	1	A
barcode74_consensus_vsearch	3687	G	G	457	2	0.43%	2	1	93	93	0.24972737186467478	1	1	267	190	0	2	-CGG
barcode74_consensus_vsearch	3688	C	*/-G	415	22	4.77%	2	2	93	93	1.818226023857419E-7	1	1	240	175	14	8	-G
barcode74_consensus_vsearch	3689	G	R	410	10	2.31%	2	1	93	93	9.250551591024766E-4	1	1	229	181	10	0	A
barcode74_consensus_vsearch	3690	G	*/+A	439	8	1.76%	2	1	93	93	0.003784798257927548	1	1	250	189	8	0	+A
barcode74_consensus_vsearch	3691	G	K	433	7	1.52%	2	1	93	93	0.0076269161468125015	1	1	247	186	7	0	T
barcode74_consensus_vsearch	3692	T	Y	435	10	2.19%	2	2	93	93	9.279060186061013E-4	1	1	250	185	9	1	C
barcode74_consensus_vsearch	3693	G	G	449	6	1.31%	2	1	93	93	0.015368014229849866	1	1	258	191	6	0	-A
barcode74_consensus_vsearch	3694	A	A	454	2	0.43%	2	1	93	93	0.2497255762896723	1	1	259	195	2	0	+G
barcode74_consensus_vsearch	3695	A	A	456	4	0.86%	2	2	93	93	0.062092170262314485	1	1	264	192	3	1	G
barcode74_consensus_vsearch	3696	T	*/-A	413	21	4.53%	2	2	93	93	3.721746994729156E-7	1	1	229	184	15	6	-A
barcode74_consensus_vsearch	3697	A	R	425	8	1.83%	2	1	93	93	0.0037809012469126957	1	1	239	186	8	0	G
barcode74_consensus_vsearch	3698	A	*/-G	350	67	14.6%	2	2	93	93	3.7871556706912164E-22	1	1	199	151	48	19	-G
barcode74_consensus_vsearch	3699	G	R	362	8	2.12%	2	1	93	93	0.003759747990644719	1	1	207	155	8	0	A
barcode74_consensus_vsearch	3700	G	R	425	12	2.7%	2	2	93	93	2.2615495697455397E-4	1	1	254	171	10	2	A
barcode74_consensus_vsearch	3701	G	G	461	2	0.43%	2	2	93	93	0.24972972972924576	1	1	268	193	1	1	A
barcode74_consensus_vsearch	3702	G	G	462	2	0.43%	2	1	93	93	0.24973031283711408	1	1	269	193	0	2	A
barcode74_consensus_vsearch	3703	A	A	463	1	0.22%	2	1	93	93	0.4999999999990043	1	1	270	193	0	1	+T
barcode74_consensus_vsearch	3704	C	C	465	1	0.21%	2	1	93	93	0.5000000000008233	1	1	270	195	0	1	T
barcode74_consensus_vsearch	3705	C	C	460	3	0.64%	2	1	93	93	0.1245945945946921	1	1	267	193	0	3	+A
barcode74_consensus_vsearch	3706	A	A	455	2	0.43%	2	1	93	93	0.24972617743652814	1	1	262	193	2	0	+C
barcode74_consensus_vsearch	3707	C	C	454	3	0.65%	2	1	93	93	0.12458926615549139	1	1	264	190	0	3	T
barcode74_consensus_vsearch	3708	C	Y	430	21	4.57%	2	1	93	93	3.757497513697117E-7	1	1	262	168	0	21	T
barcode74_consensus_vsearch	3709	G	G	446	5	1.08%	2	2	93	93	0.030903741856461314	1	1	262	184	1	4	-C
barcode74_consensus_vsearch	3710	C	Y	404	23	5.03%	2	1	93	93	8.793292228422683E-8	1	1	252	152	0	23	T
barcode74_consensus_vsearch	3711	A	R	435	9	1.99%	2	2	93	93	0.0018747919330438447	1	1	259	176	7	2	G
barcode74_consensus_vsearch	3712	G	*/-T	437	13	2.86%	2	1	93	93	1.1179949160089705E-4	1	1	267	170	0	13	-T
barcode74_consensus_vsearch	3713	T	T	431	6	1.36%	2	1	93	93	0.015357453553398438	1	1	262	169	6	0	+A
barcode74_consensus_vsearch	3714	G	G	459	2	0.43%	2	1	93	93	0.2497285559174766	1	1	266	193	2	0	+A
barcode74_consensus_vsearch	3715	A	A	455	2	0.43%	2	2	93	93	0.24972617743652814	1	1	264	191	1	1	+G
barcode74_consensus_vsearch	3716	G	G	457	4	0.87%	2	2	93	93	0.062093055403000016	1	1	265	192	3	1	+AG
barcode74_consensus_vsearch	3717	G	*/-C	444	15	3.23%	2	2	93	93	2.7169178334291596E-5	1	1	251	193	14	1	-C
barcode74_consensus_vsearch	3718	C	C	441	6	1.33%	2	1	93	93	0.015363425358953372	1	1	254	187	0	6	+T
barcode74_consensus_vsearch	3719	C	C	455	5	1.08%	2	1	93	93	0.03091051270694167	1	1	266	189	0	5	+T
barcode74_consensus_vsearch	3720	C	Y	443	15	3.22%	2	1	93	93	2.7162173441234246E-5	1	1	269	174	0	15	T
barcode74_consensus_vsearch	3721	G	*/-C	445	10	2.15%	2	1	93	93	9.289599302019507E-4	1	1	251	194	10	0	-C
barcode74_consensus_vsearch	3722	C	C	452	1	0.22%	2	1	93	93	0.4999999999999138	1	1	259	193	0	1	+T
barcode74_consensus_vsearch	3723	C	C	460	1	0.22%	2	1	93	93	0.4999999999999138	1	1	266	194	1	0	+A
barcode74_consensus_vsearch	3724	C	C	455	3	0.65%	2	2	93	93	0.12459016393415773	1	1	265	190	1	2	T
barcode74_consensus_vsearch	3725	G	G	456	3	0.65%	2	1	93	93	0.12459105779723775	1	1	262	194	3	0	A
barcode74_consensus_vsearch	3726	C	*/-A	450	9	1.94%	2	2	93	93	0.0018773250232725807	1	1	256	194	8	1	-A
barcode74_consensus_vsearch	3727	A	A	449	2	0.44%	2	2	93	93	0.24972253052152624	1	1	255	194	1	1	+G
barcode74_consensus_vsearch	3728	A	*/-G	426	31	6.65%	2	2	93	93	2.75073500454396E-10	1	1	241	185	23	8	-G
barcode74_consensus_vsearch	3729	G	G	425	3	0.69%	2	1	93	93	0.12456140350894482	1	1	241	184	3	0	A
barcode74_consensus_vsearch	3730	G	G	460	2	0.43%	2	1	93	93	0.24972914409526598	1	1	265	195	2	0	A
barcode74_consensus_vsearch	3731	G	G	461	2	0.43%	2	1	93	93	0.24972972972924576	1	1	266	195	2	0	A
barcode74_consensus_vsearch	3732	A	A	463	1	0.22%	2	1	93	93	0.4999999999990043	1	1	268	195	1	0	+GA
barcode74_consensus_vsearch	3733	C	*/-G	449	8	1.72%	2	1	93	93	0.0037874367164761535	1	1	262	187	0	8	-G
barcode74_consensus_vsearch	3734	G	R	367	90	19.69%	2	2	93	93	6.2166707865635125E-30	1	1	181	186	89	1	A
barcode74_consensus_vsearch	3735	G	G	460	3	0.65%	2	1	93	93	0.1245945945946921	1	1	267	193	3	0	+A
barcode74_consensus_vsearch	3736	G	G	461	2	0.43%	2	1	93	93	0.24972972972924576	1	1	268	193	0	2	C
barcode74_consensus_vsearch	3737	T	Y	453	8	1.72%	2	2	93	93	0.003788460280099838	1	1	268	185	2	6	C
barcode74_consensus_vsearch	3738	T	*/+C	430	25	5.36%	2	2	93	93	2.1237140676179832E-8	1	1	245	185	22	3	+C
barcode74_consensus_vsearch	3739	C	C	451	3	0.65%	2	1	93	93	0.12458654906280954	1	1	264	187	0	3	-T
barcode74_consensus_vsearch	3740	T	*/-A	412	37	8.08%	2	1	93	93	3.35775993117271E-12	1	1	227	185	37	0	-A
barcode74_consensus_vsearch	3741	A	A	414	3	0.72%	2	2	93	93	0.12454981992829928	1	1	227	187	1	2	G
barcode74_consensus_vsearch	3742	A	R	446	9	1.97%	2	2	93	93	0.0018766656885966895	1	1	260	186	6	3	G
barcode74_consensus_vsearch	3743	G	G	456	5	1.08%	2	1	93	93	0.030911248713682577	1	1	261	195	5	0	A
barcode74_consensus_vsearch	3744	C	C	455	3	0.65%	2	2	93	93	0.12459016393415773	1	1	263	192	2	1	-T
barcode74_consensus_vsearch	3745	T	Y	448	12	2.6%	2	2	93	93	2.2703297154905811E-4	1	1	263	185	3	9	C
barcode74_consensus_vsearch	3746	G	R	453	11	2.36%	2	2	93	93	4.598704318567913E-4	1	1	259	194	9	2	A
barcode74_consensus_vsearch	3747	C	C	452	3	0.64%	2	2	93	93	0.12458745874590603	1	1	262	190	2	1	+A
barcode74_consensus_vsearch	3748	G	G	459	3	0.65%	2	1	93	93	0.12459371614300269	1	1	266	193	3	0	-A
barcode74_consensus_vsearch	3749	A	A	455	6	1.3%	2	2	93	93	0.015371351595895005	1	1	261	194	5	1	G
barcode74_consensus_vsearch	3750	C	C	454	4	0.86%	2	2	93	93	0.06209038837901774	1	1	262	192	3	1	T
barcode74_consensus_vsearch	3751	A	*/-C	313	112	24.24%	2	2	93	93	4.1223303572673905E-38	1	1	232	81	21	91	-C
barcode74_consensus_vsearch	3752	C	C	335	3	0.88%	2	2	93	93	0.12444444444441763	1	1	237	98	2	1	+AC
barcode74_consensus_vsearch	3753	C	C	446	3	0.66%	2	2	93	93	0.1245819397993151	1	1	258	188	1	2	T
barcode74_consensus_vsearch	3754	C	C	461	2	0.43%	2	1	93	93	0.24972972972924576	1	1	265	196	2	0	+T
barcode74_consensus_vsearch	3755	C	*/-T	454	8	1.72%	2	2	93	93	0.0037887134215269843	1	1	263	191	5	3	-T
barcode74_consensus_vsearch	3756	T	*/+C	438	15	3.28%	2	1	93	93	2.712670522265434E-5	1	1	245	193	15	0	+C
barcode74_consensus_vsearch	3757	C	C	456	4	0.86%	2	1	93	93	0.062092170262314485	1	1	262	194	4	0	-AA
barcode74_consensus_vsearch	3758	A	A	456	2	0.43%	2	1	93	93	0.24972677595608425	1	1	260	196	2	0	G
barcode74_consensus_vsearch	3759	A	A	446	5	1.08%	2	2	93	93	0.030903741856461314	1	1	253	193	4	1	+C
barcode74_consensus_vsearch	3760	C	C	456	3	0.65%	2	2	93	93	0.12459105779723775	1	1	263	193	1	2	-T
barcode74_consensus_vsearch	3761	T	T	457	4	0.87%	2	2	93	93	0.062093055403000016	1	1	265	192	3	1	C
barcode74_consensus_vsearch	3762	T	T	452	6	1.29%	2	2	93	93	0.015369693818747027	1	1	263	189	2	4	-C
barcode74_consensus_vsearch	3763	C	C	456	1	0.22%	2	1	93	93	0.4999999999990043	1	1	265	191	1	0	+A
barcode74_consensus_vsearch	3764	G	G	463	1	0.22%	2	1	93	93	0.4999999999990043	1	1	267	196	1	0	-A
barcode74_consensus_vsearch	3765	A	A	460	2	0.43%	2	2	93	93	0.24972914409526598	1	1	265	195	1	1	+T
barcode74_consensus_vsearch	3766	C	C	460	2	0.43%	2	2	93	93	0.24972914409526598	1	1	265	195	1	1	-T
barcode74_consensus_vsearch	3767	T	T	461	2	0.43%	2	2	93	93	0.24972972972924576	1	1	267	194	1	1	C
barcode74_consensus_vsearch	3768	A	A	461	4	0.86%	2	2	93	93	0.06209655787449625	1	1	266	195	3	1	G
barcode74_consensus_vsearch	3769	C	C	463	1	0.22%	2	1	93	93	0.4999999999990043	1	1	267	196	1	0	-G
barcode74_consensus_vsearch	3770	G	G	462	2	0.43%	2	1	93	93	0.24973031283711408	1	1	266	196	2	0	A
barcode74_consensus_vsearch	3771	C	*/-AC	452	8	1.72%	2	1	93	93	0.0037882060460031454	1	1	259	193	8	0	-AC
barcode74_consensus_vsearch	3772	A	A	456	1	0.22%	2	1	93	93	0.4999999999990043	1	1	261	195	0	1	+T
barcode74_consensus_vsearch	3773	C	C	451	4	0.87%	2	1	93	93	0.06208768616665174	1	1	259	192	0	4	T
barcode74_consensus_vsearch	3774	G	*/-T	439	14	3.01%	2	2	93	93	5.511849899446151E-5	1	1	246	193	13	1	-T
barcode74_consensus_vsearch	3775	T	T	447	1	0.22%	2	1	93	93	0.5000000000008233	1	1	254	193	1	0	A
barcode74_consensus_vsearch	3776	T	T	460	3	0.65%	2	2	93	93	0.1245945945946921	1	1	267	193	1	2	C
barcode74_consensus_vsearch	3777	T	T	460	3	0.65%	2	2	93	93	0.1245945945946921	1	1	266	194	2	1	C
barcode74_consensus_vsearch	3778	T	T	455	6	1.29%	2	2	93	93	0.015371351595895005	1	1	262	193	5	1	-A
barcode74_consensus_vsearch	3779	A	A	458	2	0.43%	2	1	93	93	0.24972796517908835	1	1	265	193	0	2	G
barcode74_consensus_vsearch	3780	A	R	456	8	1.72%	2	2	93	93	0.0037892164544094686	1	1	261	195	7	1	G
barcode74_consensus_vsearch	3781	C	C	462	1	0.22%	2	1	93	93	0.4999999999990043	1	1	266	196	1	0	+TT
barcode74_consensus_vsearch	3782	T	T	460	3	0.65%	2	2	93	93	0.1245945945946921	1	1	266	194	1	2	C
barcode74_consensus_vsearch	3783	G	G	461	3	0.64%	2	1	93	93	0.12459546925571133	1	1	265	196	3	0	A
barcode74_consensus_vsearch	3784	C	*/+A	455	7	1.51%	2	1	93	93	0.007635714741848557	1	1	267	188	0	7	+A
barcode74_consensus_vsearch	3785	A	A	463	2	0.43%	2	1	93	93	0.24973089343429802	1	1	268	195	2	0	T
barcode74_consensus_vsearch	3786	A	R	457	8	1.72%	2	1	93	93	0.0037894663597456	1	1	261	196	8	0	G
barcode74_consensus_vsearch	3787	C	Y	454	9	1.93%	2	2	93	93	0.0018779730851546438	1	1	266	188	1	8	T
barcode74_consensus_vsearch	3788	A	A	465	0	0%	2	0	93	0	1.0	1	0	269	196	0	0	
barcode74_consensus_vsearch	3789	A	A	456	3	0.65%	2	1	93	93	0.12459105779723775	1	1	267	189	0	3	-C
barcode74_consensus_vsearch	3790	C	C	455	2	0.43%	2	2	93	93	0.24972617743652814	1	1	267	188	1	1	-T
barcode74_consensus_vsearch	3791	T	T	453	5	1.08%	2	1	93	93	0.03090903105714376	1	1	261	192	5	0	+C
barcode74_consensus_vsearch	3792	C	C	454	4	0.86%	2	2	93	93	0.06209038837901774	1	1	268	186	1	3	+T
barcode74_consensus_vsearch	3793	T	T	456	3	0.65%	2	2	93	93	0.12459105779723775	1	1	266	190	2	1	C
barcode74_consensus_vsearch	3794	A	A	461	1	0.22%	2	1	93	93	0.5000000000008233	1	1	268	193	0	1	+TA
barcode74_consensus_vsearch	3795	A	A	463	1	0.22%	2	1	93	93	0.4999999999990043	1	1	269	194	0	1	C
barcode74_consensus_vsearch	3796	T	T	463	3	0.64%	2	2	93	93	0.12459720730400861	1	1	269	194	1	2	C
barcode74_consensus_vsearch	3797	A	A	462	2	0.43%	2	1	93	93	0.24973031283711408	1	1	266	196	2	0	G
barcode74_consensus_vsearch	3798	T	T	461	3	0.65%	2	1	93	93	0.12459546925571133	1	1	265	196	3	0	C
barcode74_consensus_vsearch	3799	A	A	463	1	0.22%	2	1	93	93	0.4999999999990043	1	1	267	196	1	0	+TA
barcode74_consensus_vsearch	3800	C	C	464	1	0.21%	2	1	93	93	0.4999999999999138	1	1	270	194	0	1	+G
barcode74_consensus_vsearch	3801	G	G	462	2	0.43%	2	1	93	93	0.24973031283711408	1	1	269	193	0	2	+C
barcode74_consensus_vsearch	3802	C	C	459	4	0.86%	2	1	93	93	0.06209481420755567	1	1	269	190	0	4	-T
barcode74_consensus_vsearch	3803	T	T	458	3	0.65%	2	2	93	93	0.12459283387624695	1	1	269	189	1	2	C
barcode74_consensus_vsearch	3804	C	*/-T	422	40	8.6%	2	1	93	93	3.7643372178174167E-13	1	1	270	152	0	40	-T
barcode74_consensus_vsearch	3805	T	T	421	2	0.47%	2	1	93	93	0.24970414201215435	1	1	267	154	2	0	+CT
barcode74_consensus_vsearch	3806	T	*/-G	426	36	7.73%	2	2	93	93	7.15974156780724E-12	1	1	266	160	1	35	-G
barcode74_consensus_vsearch	3807	G	G	429	0	0%	2	0	93	0	1.0	1	0	269	160	0	0	
barcode74_consensus_vsearch	3808	G	G	462	1	0.22%	2	1	93	93	0.4999999999990043	1	1	268	194	1	0	+A
barcode74_consensus_vsearch	3809	A	A	463	2	0.43%	2	1	93	93	0.24973089343429802	1	1	267	196	2	0	G
barcode74_consensus_vsearch	3810	G	G	463	2	0.43%	2	1	93	93	0.24973089343429802	1	1	267	196	2	0	A
barcode74_consensus_vsearch	3811	C	C	462	4	0.86%	2	2	93	93	0.06209742409232364	1	1	269	193	1	3	T
barcode74_consensus_vsearch	3812	T	*/-G	453	8	1.72%	2	2	93	93	0.003788460280099838	1	1	267	186	2	6	-G
barcode74_consensus_vsearch	3813	G	G	455	1	0.22%	2	1	93	93	0.4999999999999138	1	1	266	189	1	0	+TG
barcode74_consensus_vsearch	3814	G	G	460	3	0.64%	2	2	93	93	0.1245945945946921	1	1	266	194	2	1	A
barcode74_consensus_vsearch	3815	A	A	462	2	0.43%	2	2	93	93	0.24973031283711408	1	1	267	195	1	1	G
barcode74_consensus_vsearch	3816	A	A	457	6	1.29%	2	2	93	93	0.01537244487190259	1	1	266	191	2	4	-T
barcode74_consensus_vsearch	3817	T	T	460	0	0%	2	0	93	0	1.0	1	0	268	192	0	0	
barcode74_consensus_vsearch	3818	T	T	460	4	0.86%	2	1	93	93	0.062095687920911566	1	1	266	194	4	0	C
barcode74_consensus_vsearch	3819	A	A	461	3	0.64%	2	2	93	93	0.12459546925571133	1	1	267	194	2	1	G
barcode74_consensus_vsearch	3820	C	C	461	1	0.22%	2	1	93	93	0.5000000000008233	1	1	268	193	1	0	+AC
barcode74_consensus_vsearch	3821	C	Y	454	9	1.93%	2	1	93	93	0.0018779730851546438	1	1	268	186	0	9	T
barcode74_consensus_vsearch	3822	G	R	449	14	3%	2	2	93	93	5.524182686331515E-5	1	1	256	193	13	1	A
barcode74_consensus_vsearch	3823	C	C	450	5	1.08%	2	2	93	93	0.030906784173455357	1	1	264	186	1	4	T
barcode74_consensus_vsearch	3824	G	R	450	10	2.17%	2	1	93	93	9.294699516735583E-4	1	1	258	192	10	0	A
barcode74_consensus_vsearch	3825	G	G	457	4	0.86%	2	1	93	93	0.062093055403000016	1	1	265	192	4	0	A
barcode74_consensus_vsearch	3826	C	C	457	3	0.65%	2	1	93	93	0.12459194776934993	1	1	269	188	0	3	T
barcode74_consensus_vsearch	3827	T	T	462	2	0.43%	2	1	93	93	0.24973031283711408	1	1	270	192	0	2	A
barcode74_consensus_vsearch	3828	G	G	453	6	1.29%	2	2	93	93	0.015370248813581264	1	1	265	188	3	3	A
barcode74_consensus_vsearch	3829	C	Y	440	16	3.46%	2	2	93	93	1.334704713368794E-5	1	1	266	174	1	15	T
barcode74_consensus_vsearch	3830	T	T	451	2	0.44%	2	1	93	93	0.24972375690606977	1	1	262	189	2	0	-G
barcode74_consensus_vsearch	3831	G	G	453	2	0.44%	2	1	93	93	0.24972497249691156	1	1	264	189	2	0	A
barcode74_consensus_vsearch	3832	G	R	453	8	1.72%	2	2	93	93	0.003788460280099838	1	1	265	188	4	4	A
barcode74_consensus_vsearch	3833	C	*/-A	449	7	1.51%	2	1	93	93	0.00763339894512905	1	1	259	190	7	0	-A
barcode74_consensus_vsearch	3834	A	R	443	7	1.53%	2	2	93	93	0.00763102167395619	1	1	251	192	6	1	G
barcode74_consensus_vsearch	3835	C	S	444	8	1.73%	2	1	93	93	0.0037861319732248877	1	1	255	189	8	0	G
barcode74_consensus_vsearch	3836	C	Y	450	8	1.72%	2	2	93	93	0.003787694271375089	1	1	265	185	1	7	T
barcode74_consensus_vsearch	3837	A	A	456	5	1.08%	2	1	93	93	0.030911248713682577	1	1	264	192	5	0	G
barcode74_consensus_vsearch	3838	G	G	463	1	0.22%	2	1	93	93	0.4999999999990043	1	1	267	196	1	0	+T
barcode74_consensus_vsearch	3839	A	A	458	4	0.86%	2	1	93	93	0.06209393670973901	1	1	264	194	4	0	G
barcode74_consensus_vsearch	3840	C	C	443	6	1.29%	2	1	93	93	0.015364587872107325	1	1	260	183	6	0	-TT
barcode74_consensus_vsearch	3841	T	T	449	4	0.88%	2	2	93	93	0.06208586479697461	1	1	261	188	1	3	C
barcode74_consensus_vsearch	3842	T	T	454	3	0.65%	2	2	93	93	0.12458926615549139	1	1	262	192	2	1	C
barcode74_consensus_vsearch	3843	G	*/-C	444	10	2.15%	2	2	93	93	9.288565976183949E-4	1	1	261	183	7	3	-C
barcode74_consensus_vsearch	3844	C	C	453	1	0.22%	2	1	93	93	0.4999999999990043	1	1	263	190	0	1	+T
barcode74_consensus_vsearch	3845	C	*/+A	454	9	1.93%	2	1	93	93	0.0018779730851546438	1	1	261	193	9	0	+A
barcode74_consensus_vsearch	3846	C	C	459	5	1.07%	2	2	93	93	0.030913437709528726	1	1	267	192	2	3	-T
barcode74_consensus_vsearch	3847	T	*/-C	415	38	8.26%	2	1	93	93	1.6188812164233679E-12	1	1	224	191	38	0	-C
barcode74_consensus_vsearch	3848	C	C	421	3	0.7%	2	1	93	93	0.12455726092075974	1	1	227	194	3	0	+T
barcode74_consensus_vsearch	3849	C	C	462	1	0.22%	2	1	93	93	0.4999999999990043	1	1	269	193	0	1	-A
barcode74_consensus_vsearch	3850	A	A	462	1	0.22%	2	1	93	93	0.4999999999990043	1	1	269	193	0	1	+C
barcode74_consensus_vsearch	3851	A	A	463	2	0.43%	2	2	93	93	0.24973089343429802	1	1	268	195	1	1	G
barcode74_consensus_vsearch	3852	T	T	461	3	0.64%	2	2	93	93	0.12459546925571133	1	1	268	193	1	2	C
barcode74_consensus_vsearch	3853	C	C	463	1	0.22%	2	1	93	93	0.4999999999990043	1	1	269	194	0	1	+A
barcode74_consensus_vsearch	3854	G	G	462	2	0.43%	2	1	93	93	0.24973031283711408	1	1	266	196	2	0	+T
barcode74_consensus_vsearch	3855	T	T	464	1	0.21%	2	1	93	93	0.4999999999999138	1	1	269	195	0	1	+C
barcode74_consensus_vsearch	3856	T	T	455	6	1.29%	2	2	93	93	0.015371351595895005	1	1	264	191	4	2	-C
barcode74_consensus_vsearch	3857	C	C	460	0	0%	2	0	93	0	1.0	1	0	266	194	0	0	
barcode74_consensus_vsearch	3858	C	C	463	1	0.21%	2	1	93	93	0.4999999999990043	1	1	268	195	0	1	+T
barcode74_consensus_vsearch	3859	T	T	459	6	1.29%	2	2	93	93	0.01537352876406143	1	1	267	192	2	4	C
barcode74_consensus_vsearch	3860	C	C	464	1	0.22%	2	1	93	93	0.4999999999999138	1	1	268	196	1	0	-ATTCA
barcode74_consensus_vsearch	3861	A	A	463	1	0.22%	2	1	93	93	0.4999999999990043	1	1	267	196	1	0	G
barcode74_consensus_vsearch	3862	T	T	463	1	0.22%	2	1	93	93	0.4999999999990043	1	1	268	195	0	1	C
barcode74_consensus_vsearch	3863	T	T	458	5	1.08%	2	1	93	93	0.030912711194453116	1	1	262	196	5	0	+C
barcode74_consensus_vsearch	3864	C	C	460	2	0.43%	2	2	93	93	0.24972914409526598	1	1	265	195	1	1	+A
barcode74_consensus_vsearch	3865	A	A	464	1	0.22%	2	1	93	93	0.4999999999999138	1	1	268	196	1	0	C
barcode74_consensus_vsearch	3866	G	G	460	3	0.64%	2	2	93	93	0.1245945945946921	1	1	266	194	2	1	A
barcode74_consensus_vsearch	3867	T	T	457	2	0.43%	2	2	93	93	0.24972737186467478	1	1	268	189	1	1	+A
barcode74_consensus_vsearch	3868	G	G	458	2	0.43%	2	1	93	93	0.24972796517908835	1	1	266	192	0	2	-C
barcode74_consensus_vsearch	3869	C	C	452	4	0.87%	2	1	93	93	0.062088590856761904	1	1	261	191	4	0	-TT
barcode74_consensus_vsearch	3870	T	T	455	2	0.44%	2	1	93	93	0.24972617743652814	1	1	261	194	2	0	C
barcode74_consensus_vsearch	3871	T	T	451	6	1.3%	2	2	93	93	0.015369136400488401	1	1	261	190	3	3	C
barcode74_consensus_vsearch	3872	T	T	465	1	0.21%	2	1	93	93	0.5000000000008233	1	1	270	195	0	1	-A
barcode74_consensus_vsearch	3873	A	A	461	3	0.65%	2	2	93	93	0.12459546925571133	1	1	267	194	2	1	G
barcode74_consensus_vsearch	3874	G	*/-T	294	99	21.24%	2	2	93	93	1.327637957007501E-33	1	1	120	174	83	16	-T
barcode74_consensus_vsearch	3875	T	T	306	1	0.32%	2	1	93	93	0.4999999999999138	1	1	126	180	1	0	+G
barcode74_consensus_vsearch	3876	T	T	404	2	0.49%	2	1	93	93	0.24969173859492816	1	1	210	194	0	2	C
barcode74_consensus_vsearch	3877	T	T	463	2	0.43%	2	2	93	93	0.24973089343429802	1	1	268	195	1	1	C
barcode74_consensus_vsearch	3878	T	T	464	2	0.43%	2	1	93	93	0.2497314715357706	1	1	270	194	0	2	C
barcode74_consensus_vsearch	3879	T	T	459	5	1.07%	2	1	93	93	0.030913437709528726	1	1	264	195	5	0	C
barcode74_consensus_vsearch	3880	T	*/+C	456	7	1.5%	2	1	93	93	0.007636094898325736	1	1	270	186	0	7	+C
barcode74_consensus_vsearch	3881	C	C	453	6	1.29%	2	1	93	93	0.015370248813581264	1	1	266	187	0	6	-TC
barcode74_consensus_vsearch	3882	T	T	453	2	0.44%	2	1	93	93	0.24972497249691156	1	1	266	187	0	2	C
barcode74_consensus_vsearch	3883	C	C	452	2	0.44%	2	1	93	93	0.24972436604191225	1	1	265	187	2	0	+G
barcode74_consensus_vsearch	3884	A	A	453	3	0.65%	2	1	93	93	0.12458836443458174	1	1	260	193	3	0	-T
barcode74_consensus_vsearch	3885	T	T	455	5	1.09%	2	2	93	93	0.03091051270694167	1	1	262	193	3	2	C
barcode74_consensus_vsearch	3886	T	T	462	1	0.22%	2	1	93	93	0.4999999999990043	1	1	267	195	1	0	C
barcode74_consensus_vsearch	3887	T	T	459	3	0.65%	2	2	93	93	0.12459371614300269	1	1	266	193	2	1	+C
barcode74_consensus_vsearch	3888	C	*/-A	452	10	2.15%	2	1	93	93	9.296709138046124E-4	1	1	267	185	0	10	-A
barcode74_consensus_vsearch	3889	A	A	452	2	0.44%	2	1	93	93	0.24972436604191225	1	1	269	183	0	2	C
barcode74_consensus_vsearch	3890	A	A	462	2	0.43%	2	2	93	93	0.24973031283711408	1	1	268	194	1	1	G
barcode74_consensus_vsearch	3891	T	Y	453	12	2.58%	2	1	93	93	2.2721262456584418E-4	1	1	269	184	0	12	C
barcode74_consensus_vsearch	3892	T	T	457	5	1.07%	2	1	93	93	0.030911981535900093	1	1	264	193	5	0	+G
barcode74_consensus_vsearch	3893	A	A	451	5	1.07%	2	1	93	93	0.03090753641767135	1	1	261	190	0	5	+G
barcode74_consensus_vsearch	3894	G	G	461	0	0%	2	0	93	0	1.0	1	0	265	196	0	0	
barcode74_consensus_vsearch	3895	G	G	464	1	0.21%	2	1	93	93	0.4999999999999138	1	1	269	195	0	1	+C
barcode74_consensus_vsearch	3896	T	T	459	4	0.86%	2	1	93	93	0.06209481420755567	1	1	264	195	4	0	+C
barcode74_consensus_vsearch	3897	C	C	461	3	0.65%	2	1	93	93	0.12459546925571133	1	1	266	195	3	0	-A
barcode74_consensus_vsearch	3898	A	A	453	5	1.08%	2	2	93	93	0.03090903105714376	1	1	262	191	3	2	G
barcode74_consensus_vsearch	3899	C	C	462	2	0.43%	2	2	93	93	0.24973031283711408	1	1	268	194	1	1	T
barcode74_consensus_vsearch	3900	A	A	458	5	1.08%	2	2	93	93	0.030912711194453116	1	1	264	194	4	1	G
barcode74_consensus_vsearch	3901	T	T	462	3	0.65%	2	2	93	93	0.12459634015068409	1	1	269	193	1	2	C
barcode74_consensus_vsearch	3902	T	T	463	1	0.21%	2	1	93	93	0.4999999999990043	1	1	268	195	1	0	+A
barcode74_consensus_vsearch	3903	G	G	455	6	1.29%	2	1	93	93	0.015371351595895005	1	1	266	189	0	6	+C
barcode74_consensus_vsearch	3904	C	C	459	2	0.43%	2	1	93	93	0.2497285559174766	1	1	268	191	0	2	T
barcode74_consensus_vsearch	3905	T	*/-C	453	7	1.51%	2	2	93	93	0.00763494949227727	1	1	268	185	1	6	-C
barcode74_consensus_vsearch	3906	C	C	450	5	1.09%	2	2	93	93	0.030906784173455357	1	1	263	187	4	1	+A
barcode74_consensus_vsearch	3907	G	R	451	8	1.72%	2	2	93	93	0.0037879507121486144	1	1	257	194	7	1	A
barcode74_consensus_vsearch	3908	T	T	460	4	0.86%	2	2	93	93	0.062095687920911566	1	1	267	193	2	2	C
barcode74_consensus_vsearch	3909	G	G	460	2	0.43%	2	1	93	93	0.24972914409526598	1	1	265	195	2	0	T
barcode74_consensus_vsearch	3910	C	C	458	2	0.43%	2	2	93	93	0.24972796517908835	1	1	264	194	1	1	-GC
barcode74_consensus_vsearch	3911	G	*/-C	449	7	1.52%	2	2	93	93	0.00763339894512905	1	1	256	193	6	1	-C
barcode74_consensus_vsearch	3912	C	C	452	2	0.44%	2	1	93	93	0.24972436604191225	1	1	259	193	2	0	T
barcode74_consensus_vsearch	3913	C	C	461	1	0.22%	2	1	93	93	0.5000000000008233	1	1	266	195	1	0	A
barcode74_consensus_vsearch	3914	C	C	463	1	0.22%	2	1	93	93	0.4999999999990043	1	1	268	195	1	0	+TTTG
barcode74_consensus_vsearch	3915	C	C	459	4	0.86%	2	2	93	93	0.06209481420755567	1	1	265	194	3	1	T
barcode74_consensus_vsearch	3916	A	A	456	2	0.43%	2	1	93	93	0.24972677595608425	1	1	262	194	2	0	+CA
barcode74_consensus_vsearch	3917	T	T	463	1	0.22%	2	1	93	93	0.4999999999990043	1	1	269	194	1	0	+G
barcode74_consensus_vsearch	3918	T	T	461	3	0.65%	2	2	93	93	0.12459546925571133	1	1	268	193	1	2	C
barcode74_consensus_vsearch	3919	G	G	460	2	0.43%	2	1	93	93	0.24972914409526598	1	1	265	195	2	0	T
barcode74_consensus_vsearch	3920	C	C	460	3	0.65%	2	1	93	93	0.1245945945946921	1	1	265	195	3	0	-T
barcode74_consensus_vsearch	3921	T	Y	448	12	2.59%	2	2	93	93	2.2703297154905811E-4	1	1	255	193	9	3	C
barcode74_consensus_vsearch	3922	A	R	457	7	1.51%	2	1	93	93	0.007636473423421301	1	1	262	195	7	0	G
barcode74_consensus_vsearch	3923	C	C	460	3	0.65%	2	1	93	93	0.1245945945946921	1	1	265	195	3	0	+A
barcode74_consensus_vsearch	3924	G	G	461	2	0.43%	2	1	93	93	0.24972972972924576	1	1	265	196	2	0	A
barcode74_consensus_vsearch	3925	T	T	465	0	0%	2	0	93	0	1.0	1	0	269	196	0	0	
barcode74_consensus_vsearch	3926	A	A	462	4	0.86%	2	1	93	93	0.06209742409232364	1	1	266	196	4	0	G
barcode74_consensus_vsearch	3927	C	C	465	1	0.21%	2	1	93	93	0.5000000000008233	1	1	270	195	0	1	+T
barcode74_consensus_vsearch	3928	T	T	460	1	0.21%	2	1	93	93	0.4999999999999138	1	1	266	194	1	0	+ACTTT
barcode74_consensus_vsearch	3929	G	G	462	1	0.22%	2	1	93	93	0.4999999999990043	1	1	269	193	0	1	+A
barcode74_consensus_vsearch	3930	T	T	454	3	0.65%	2	2	93	93	0.12458926615549139	1	1	262	192	2	1	-C
barcode74_consensus_vsearch	3931	C	C	456	4	0.87%	2	2	93	93	0.062092170262314485	1	1	264	192	3	1	-AC
barcode74_consensus_vsearch	3932	A	A	456	3	0.65%	2	2	93	93	0.12459105779723775	1	1	263	193	2	1	G
barcode74_consensus_vsearch	3933	C	C	457	1	0.22%	2	1	93	93	0.4999999999999138	1	1	265	192	0	1	+GCC
barcode74_consensus_vsearch	3934	T	Y	454	8	1.72%	2	2	93	93	0.0037887134215269843	1	1	265	189	4	4	C
barcode74_consensus_vsearch	3935	A	A	458	3	0.64%	2	2	93	93	0.12459283387624695	1	1	266	192	2	1	-C
barcode74_consensus_vsearch	3936	C	C	456	3	0.65%	2	1	93	93	0.12459105779723775	1	1	267	189	0	3	+T
barcode74_consensus_vsearch	3937	C	C	460	2	0.43%	2	2	93	93	0.24972914409526598	1	1	269	191	1	1	-TC
barcode74_consensus_vsearch	3938	T	T	458	3	0.65%	2	1	93	93	0.12459283387624695	1	1	267	191	0	3	C
barcode74_consensus_vsearch	3939	C	C	459	1	0.22%	2	1	93	93	0.4999999999999138	1	1	267	192	1	0	+G
barcode74_consensus_vsearch	3940	A	A	459	4	0.86%	2	2	93	93	0.06209481420755567	1	1	265	194	3	1	G
barcode74_consensus_vsearch	3941	G	G	463	1	0.22%	2	1	93	93	0.4999999999990043	1	1	269	194	0	1	A
barcode74_consensus_vsearch	3942	G	G	465	1	0.21%	2	1	93	93	0.5000000000008233	1	1	269	196	1	0	A
barcode74_consensus_vsearch	3943	C	C	459	3	0.64%	2	1	93	93	0.12459371614300269	1	1	266	193	0	3	T
barcode74_consensus_vsearch	3944	A	A	460	2	0.43%	2	1	93	93	0.24972914409526598	1	1	265	195	2	0	T
barcode74_consensus_vsearch	3945	T	T	459	2	0.43%	2	1	93	93	0.2497285559174766	1	1	264	195	2	0	-AT
barcode74_consensus_vsearch	3946	A	A	460	2	0.43%	2	2	93	93	0.24972914409526598	1	1	266	194	1	1	G
barcode74_consensus_vsearch	3947	T	T	456	3	0.65%	2	1	93	93	0.12459105779723775	1	1	266	190	0	3	C
barcode74_consensus_vsearch	3948	G	G	456	6	1.3%	2	2	93	93	0.015371899414478795	1	1	263	193	5	1	A
barcode74_consensus_vsearch	3949	C	C	461	1	0.22%	2	1	93	93	0.5000000000008233	1	1	268	193	0	1	+GC
barcode74_consensus_vsearch	3950	C	C	462	3	0.65%	2	2	93	93	0.12459634015068409	1	1	268	194	1	2	T
barcode74_consensus_vsearch	3951	C	C	462	2	0.43%	2	2	93	93	0.24973031283711408	1	1	267	195	1	1	T
barcode74_consensus_vsearch	3952	A	A	461	2	0.43%	2	1	93	93	0.24972972972924576	1	1	267	194	2	0	G
barcode74_consensus_vsearch	3953	T	T	463	1	0.22%	2	1	93	93	0.4999999999990043	1	1	268	195	1	0	C
barcode74_consensus_vsearch	3954	T	T	451	6	1.29%	2	1	93	93	0.015369136400488401	1	1	268	183	0	6	-GG
barcode74_consensus_vsearch	3955	G	G	454	1	0.22%	2	1	93	93	0.4999999999999138	1	1	269	185	1	0	T
barcode74_consensus_vsearch	3956	G	G	455	1	0.22%	2	1	93	93	0.4999999999999138	1	1	268	187	1	0	+A
barcode74_consensus_vsearch	3957	G	G	462	1	0.22%	2	1	93	93	0.4999999999990043	1	1	269	193	1	0	A
barcode74_consensus_vsearch	3958	T	Y	452	9	1.93%	2	2	93	93	0.0018776504451702718	1	1	265	187	2	7	C
barcode74_consensus_vsearch	3959	A	A	461	2	0.43%	2	1	93	93	0.24972972972924576	1	1	266	195	2	0	G
barcode74_consensus_vsearch	3960	A	*/-T	448	9	1.94%	2	2	93	93	0.0018769967833365436	1	1	259	189	8	1	-T
barcode74_consensus_vsearch	3961	T	T	452	2	0.44%	2	1	93	93	0.24972436604191225	1	1	258	194	2	0	G
barcode74_consensus_vsearch	3962	T	T	462	1	0.22%	2	1	93	93	0.4999999999990043	1	1	267	195	1	0	A
barcode74_consensus_vsearch	3963	T	T	460	3	0.65%	2	1	93	93	0.1245945945946921	1	1	270	190	0	3	+G
barcode74_consensus_vsearch	3964	G	G	460	3	0.65%	2	2	93	93	0.1245945945946921	1	1	268	192	2	1	A
barcode74_consensus_vsearch	3965	C	C	451	5	1.08%	2	2	93	93	0.03090753641767135	1	1	263	188	3	2	T
barcode74_consensus_vsearch	3966	G	G	462	1	0.22%	2	1	93	93	0.4999999999990043	1	1	267	195	0	1	+TG
barcode74_consensus_vsearch	3967	C	*/-GC	450	12	2.58%	2	2	93	93	2.27105288216143E-4	1	1	263	187	5	7	-GC
barcode74_consensus_vsearch	3968	G	G	447	3	0.66%	2	1	93	93	0.12458286985565502	1	1	258	189	3	0	A
barcode74_consensus_vsearch	3969	C	C	448	3	0.66%	2	2	93	93	0.12458379578250524	1	1	262	186	1	2	+GC
barcode74_consensus_vsearch	3970	C	C	461	2	0.43%	2	2	93	93	0.24972972972924576	1	1	266	195	1	1	-T
barcode74_consensus_vsearch	3971	T	T	459	3	0.65%	2	2	93	93	0.12459371614300269	1	1	265	194	2	1	C
barcode74_consensus_vsearch	3972	G	G	461	2	0.43%	2	2	93	93	0.24972972972924576	1	1	266	195	1	1	A
barcode74_consensus_vsearch	3973	C	C	450	6	1.29%	2	1	93	93	0.01536857654288441	1	1	257	193	6	0	-TGC
barcode74_consensus_vsearch	3974	T	T	450	3	0.66%	2	1	93	93	0.12458563535931859	1	1	255	195	3	0	C
barcode74_consensus_vsearch	3975	G	*/+CC	439	7	1.53%	2	1	93	93	0.00762940145447119	1	1	246	193	7	0	+CC
barcode74_consensus_vsearch	3976	C	C	440	4	0.89%	2	1	93	93	0.06207746546158639	1	1	245	195	4	0	+A
barcode74_consensus_vsearch	3977	C	*/-T	446	7	1.51%	2	2	93	93	0.0076322181458369906	1	1	255	191	5	2	-T
barcode74_consensus_vsearch	3978	T	T	455	1	0.22%	2	1	93	93	0.4999999999999138	1	1	261	194	1	0	A
barcode74_consensus_vsearch	3979	T	T	443	5	1.08%	2	2	93	93	0.030901424487179464	1	1	254	189	3	2	+C
barcode74_consensus_vsearch	3980	C	C	445	3	0.66%	2	1	93	93	0.12458100558661131	1	1	253	192	3	0	+G
barcode74_consensus_vsearch	3981	C	C	441	6	1.3%	2	2	93	93	0.015363425358953372	1	1	261	180	1	5	-T
barcode74_consensus_vsearch	3982	T	T	442	5	1.09%	2	2	93	93	0.03090064512242186	1	1	255	187	3	2	C
barcode74_consensus_vsearch	3983	T	*/-G	441	12	2.59%	2	2	93	93	2.267749573503342E-4	1	1	258	183	1	11	-G
barcode74_consensus_vsearch	3984	G	G	449	4	0.88%	2	1	93	93	0.06208586479697461	1	1	265	184	4	0	A
barcode74_consensus_vsearch	3985	G	G	466	0	0%	2	0	93	0	1.0	1	0	270	196	0	0	
barcode74_consensus_vsearch	3986	A	A	466	0	0%	2	0	93	0	1.0	1	0	270	196	0	0	
barcode74_consensus_vsearch	3987	T	T	459	3	0.64%	2	2	93	93	0.12459371614300269	1	1	267	192	1	2	C
barcode74_consensus_vsearch	3988	G	G	463	1	0.22%	2	1	93	93	0.4999999999990043	1	1	268	195	0	1	+T
barcode74_consensus_vsearch	3989	T	T	457	4	0.86%	2	1	93	93	0.062093055403000016	1	1	269	188	0	4	-A
barcode74_consensus_vsearch	3990	A	A	455	4	0.87%	2	2	93	93	0.062091281262886246	1	1	267	188	2	2	G
barcode74_consensus_vsearch	3991	A	A	461	1	0.22%	2	1	93	93	0.5000000000008233	1	1	270	191	0	1	-T
barcode74_consensus_vsearch	3992	T	T	456	6	1.29%	2	2	93	93	0.015371899414478795	1	1	268	188	1	5	C
barcode74_consensus_vsearch	3993	A	A	466	0	0%	2	0	93	0	1.0	1	0	270	196	0	0	
barcode74_consensus_vsearch	3994	G	G	462	2	0.43%	2	1	93	93	0.24973031283711408	1	1	266	196	2	0	A
barcode74_consensus_vsearch	3995	C	C	462	1	0.21%	2	1	93	93	0.4999999999990043	1	1	267	195	0	1	+GC
barcode74_consensus_vsearch	3996	C	C	460	6	1.29%	2	1	93	93	0.015374067228864634	1	1	270	190	0	6	T
barcode74_consensus_vsearch	3997	G	G	465	1	0.21%	2	1	93	93	0.5000000000008233	1	1	270	195	0	1	+CCG
barcode74_consensus_vsearch	3998	T	T	458	5	1.07%	2	2	93	93	0.030912711194453116	1	1	267	191	1	4	C
barcode74_consensus_vsearch	3999	G	G	459	2	0.43%	2	1	93	93	0.2497285559174766	1	1	267	192	0	2	+T
barcode74_consensus_vsearch	4000	T	T	457	5	1.08%	2	2	93	93	0.030911981535900093	1	1	263	194	4	1	C
barcode74_consensus_vsearch	4001	C	C	459	2	0.43%	2	1	93	93	0.2497285559174766	1	1	267	192	0	2	-T
barcode74_consensus_vsearch	4002	T	T	455	4	0.87%	2	2	93	93	0.062091281262886246	1	1	264	191	1	3	C
barcode74_consensus_vsearch	4003	C	C	454	2	0.43%	2	1	93	93	0.2497255762896723	1	1	264	190	2	0	+G
barcode74_consensus_vsearch	4004	A	A	454	4	0.86%	2	2	93	93	0.06209038837901774	1	1	263	191	2	2	G
barcode74_consensus_vsearch	4005	T	T	459	2	0.43%	2	1	93	93	0.2497285559174766	1	1	267	192	0	2	C
barcode74_consensus_vsearch	4006	G	G	462	2	0.43%	2	1	93	93	0.24973031283711408	1	1	269	193	0	2	+C
barcode74_consensus_vsearch	4007	C	C	464	1	0.21%	2	1	93	93	0.4999999999999138	1	1	268	196	1	0	+AC
barcode74_consensus_vsearch	4008	T	T	455	5	1.07%	2	2	93	93	0.03091051270694167	1	1	265	190	3	2	C
barcode74_consensus_vsearch	4009	C	*/-T	448	11	2.38%	2	2	93	93	4.59566741968889E-4	1	1	265	183	1	10	-T
barcode74_consensus_vsearch	4010	T	T	449	4	0.88%	2	1	93	93	0.06208586479697461	1	1	268	181	0	4	C
barcode74_consensus_vsearch	4011	T	T	461	1	0.22%	2	1	93	93	0.5000000000008233	1	1	269	192	0	1	+C
barcode74_consensus_vsearch	4012	T	T	458	3	0.64%	2	2	93	93	0.12459283387624695	1	1	266	192	1	2	+C
barcode74_consensus_vsearch	4013	C	C	458	3	0.65%	2	2	93	93	0.12459283387624695	1	1	266	192	2	1	-TC
barcode74_consensus_vsearch	4014	T	*/-C	421	35	7.59%	2	2	93	93	1.4770509324401483E-11	1	1	230	191	34	1	-C
barcode74_consensus_vsearch	4015	C	C	424	2	0.47%	2	1	93	93	0.24970622796748032	1	1	231	193	2	0	+T
barcode74_consensus_vsearch	4016	C	*/-G	432	30	6.47%	2	2	93	93	5.726143686277367E-10	1	1	265	167	2	28	-G
barcode74_consensus_vsearch	4017	G	G	434	1	0.23%	2	1	93	93	0.4999999999999138	1	1	266	168	1	0	+A
barcode74_consensus_vsearch	4018	G	G	461	4	0.86%	2	1	93	93	0.06209655787449625	1	1	266	195	4	0	-A
barcode74_consensus_vsearch	4019	A	A	461	1	0.22%	2	1	93	93	0.5000000000008233	1	1	265	196	1	0	G
barcode74_consensus_vsearch	4020	A	A	465	1	0.21%	2	1	93	93	0.5000000000008233	1	1	269	196	1	0	G
barcode74_consensus_vsearch	4021	T	T	458	5	1.07%	2	1	93	93	0.030912711194453116	1	1	263	195	5	0	+C
barcode74_consensus_vsearch	4022	C	C	459	3	0.65%	2	1	93	93	0.12459371614300269	1	1	265	194	3	0	-G
barcode74_consensus_vsearch	4023	G	G	461	1	0.22%	2	1	93	93	0.5000000000008233	1	1	266	195	1	0	-A
barcode74_consensus_vsearch	4024	A	A	462	1	0.22%	2	1	93	93	0.4999999999990043	1	1	268	194	1	0	+GGA
barcode74_consensus_vsearch	4025	A	A	457	5	1.08%	2	2	93	93	0.030911981535900093	1	1	265	192	4	1	G
barcode74_consensus_vsearch	4026	C	*/-T	450	13	2.8%	2	2	93	93	1.120795287248837E-4	1	1	268	182	1	12	-T
barcode74_consensus_vsearch	4027	T	*/+C	437	8	1.77%	2	2	93	93	0.00378425644253265	1	1	260	177	7	1	+C
barcode74_consensus_vsearch	4028	C	C	452	6	1.3%	2	1	93	93	0.015369693818747027	1	1	269	183	0	6	+T
barcode74_consensus_vsearch	4029	T	*/-A	441	15	3.23%	2	2	93	93	2.7148075462435107E-5	1	1	263	178	3	12	-A
barcode74_consensus_vsearch	4030	A	A	441	4	0.89%	2	1	93	93	0.062078415508149166	1	1	266	175	0	4	C
barcode74_consensus_vsearch	4031	A	A	460	3	0.64%	2	2	93	93	0.1245945945946921	1	1	267	193	1	2	G
barcode74_consensus_vsearch	4032	T	Y	455	8	1.72%	2	1	93	93	0.003788965477306861	1	1	270	185	0	8	C
barcode74_consensus_vsearch	4033	T	*/-C	406	39	8.37%	2	2	93	93	7.6166813838523E-13	1	1	243	163	18	21	-C
barcode74_consensus_vsearch	4034	C	C	423	1	0.24%	2	1	93	93	0.4999999999999138	1	1	250	173	0	1	T
barcode74_consensus_vsearch	4035	C	C	461	2	0.43%	2	1	93	93	0.24972972972924576	1	1	268	193	0	2	T
barcode74_consensus_vsearch	4036	C	C	457	2	0.43%	2	2	93	93	0.24972737186467478	1	1	267	190	1	1	G
barcode74_consensus_vsearch	4037	C	Y	439	16	3.43%	2	2	93	93	1.334305260639601E-5	1	1	267	172	1	15	T
barcode74_consensus_vsearch	4038	G	G	460	2	0.43%	2	1	93	93	0.24972914409526598	1	1	265	195	2	0	+A
barcode74_consensus_vsearch	4039	T	T	462	2	0.43%	2	1	93	93	0.24973031283711408	1	1	269	193	0	2	C
barcode74_consensus_vsearch	4040	T	*/-A	455	8	1.72%	2	1	93	93	0.003788965477306861	1	1	260	195	8	0	-A
barcode74_consensus_vsearch	4041	A	*/-C	429	25	5.47%	2	2	93	93	2.122085327631301E-8	1	1	237	192	22	3	-C
barcode74_consensus_vsearch	4042	C	S	424	8	1.82%	2	1	93	93	0.0037806132981311326	1	1	238	186	8	0	G
barcode74_consensus_vsearch	4043	C	C	456	3	0.65%	2	1	93	93	0.12459105779723775	1	1	269	187	0	3	+T
barcode74_consensus_vsearch	4044	C	Y	352	108	23.23%	2	2	93	93	2.4617978779958698E-36	1	1	269	83	1	107	T
barcode74_consensus_vsearch	4045	G	R	455	7	1.51%	2	2	93	93	0.007635714741848557	1	1	268	187	2	5	A
barcode74_consensus_vsearch	4046	T	T	456	6	1.29%	2	2	93	93	0.015371899414478795	1	1	267	189	3	3	C
barcode74_consensus_vsearch	4047	C	C	454	4	0.86%	2	2	93	93	0.06209038837901774	1	1	264	190	2	2	+A
barcode74_consensus_vsearch	4048	G	G	461	2	0.43%	2	1	93	93	0.24972972972924576	1	1	265	196	2	0	A
barcode74_consensus_vsearch	4049	T	*/-C	449	9	1.94%	2	1	93	93	0.001877161257840413	1	1	254	195	9	0	-C
barcode74_consensus_vsearch	4050	C	C	453	1	0.22%	2	1	93	93	0.4999999999990043	1	1	257	196	1	0	G
barcode74_consensus_vsearch	4051	C	C	455	3	0.65%	2	1	93	93	0.12459016393415773	1	1	261	194	3	0	-G
barcode74_consensus_vsearch	4052	G	R	451	8	1.73%	2	1	93	93	0.0037879507121486144	1	1	258	193	8	0	A
barcode74_consensus_vsearch	4053	C	C	460	2	0.43%	2	1	93	93	0.24972914409526598	1	1	267	193	2	0	A
barcode74_consensus_vsearch	4054	T	T	457	4	0.86%	2	1	93	93	0.062093055403000016	1	1	264	193	4	0	+C
barcode74_consensus_vsearch	4055	C	C	457	4	0.86%	2	1	93	93	0.062093055403000016	1	1	263	194	4	0	-GGT
barcode74_consensus_vsearch	4056	G	R	441	20	4.33%	2	1	93	93	7.72614023967414E-7	1	1	245	196	20	0	A
barcode74_consensus_vsearch	4057	G	G	460	2	0.43%	2	1	93	93	0.24972914409526598	1	1	264	196	2	0	A
barcode74_consensus_vsearch	4058	T	T	455	4	0.87%	2	2	93	93	0.062091281262886246	1	1	262	193	1	3	C
barcode74_consensus_vsearch	4059	A	A	459	4	0.86%	2	2	93	93	0.06209481420755567	1	1	266	193	2	2	G
barcode74_consensus_vsearch	4060	G	G	462	1	0.21%	2	1	93	93	0.4999999999990043	1	1	268	194	1	0	+A
barcode74_consensus_vsearch	4061	T	*/-C	439	22	4.73%	2	1	93	93	1.844686308264858E-7	1	1	245	194	22	0	-C
barcode74_consensus_vsearch	4062	C	C	444	0	0%	2	0	93	0	1.0	1	0	248	196	0	0	
barcode74_consensus_vsearch	4063	C	C	461	3	0.64%	2	1	93	93	0.12459546925571133	1	1	266	195	3	0	-A
barcode74_consensus_vsearch	4064	A	A	460	1	0.22%	2	1	93	93	0.4999999999999138	1	1	264	196	1	0	+GC
barcode74_consensus_vsearch	4065	A	A	456	6	1.29%	2	2	93	93	0.015371899414478795	1	1	263	193	5	1	G
barcode74_consensus_vsearch	4066	T	T	460	3	0.65%	2	1	93	93	0.1245945945946921	1	1	266	194	3	0	C
barcode74_consensus_vsearch	4067	A	A	458	5	1.08%	2	2	93	93	0.030912711194453116	1	1	265	193	3	2	G
barcode74_consensus_vsearch	4068	C	C	454	6	1.29%	2	1	93	93	0.015370801400747822	1	1	259	195	6	0	-AC
barcode74_consensus_vsearch	4069	A	A	454	1	0.22%	2	1	93	93	0.4999999999999138	1	1	260	194	0	1	-C
barcode74_consensus_vsearch	4070	C	C	448	4	0.88%	2	1	93	93	0.06208494806434338	1	1	256	192	4	0	-TAC
barcode74_consensus_vsearch	4071	T	T	453	4	0.87%	2	2	93	93	0.062089491585691256	1	1	260	193	3	1	C
barcode74_consensus_vsearch	4072	A	A	452	5	1.09%	2	2	93	93	0.030908285371709306	1	1	259	193	3	2	G
barcode74_consensus_vsearch	4073	C	C	454	2	0.44%	2	1	93	93	0.2497255762896723	1	1	261	193	0	2	A
barcode74_consensus_vsearch	4074	C	Y	452	11	2.36%	2	1	93	93	4.598102087205823E-4	1	1	269	183	0	11	T
barcode74_consensus_vsearch	4075	G	G	463	2	0.43%	2	1	93	93	0.24973089343429802	1	1	270	193	0	2	A
barcode74_consensus_vsearch	4076	A	A	463	2	0.43%	2	2	93	93	0.24973089343429802	1	1	269	194	1	1	G
barcode74_consensus_vsearch	4077	C	C	461	2	0.43%	2	1	93	93	0.24972972972924576	1	1	267	194	2	0	-AAC
barcode74_consensus_vsearch	4078	A	A	462	1	0.22%	2	1	93	93	0.4999999999990043	1	1	266	196	1	0	G
barcode74_consensus_vsearch	4079	A	A	459	3	0.65%	2	1	93	93	0.12459371614300269	1	1	264	195	3	0	G
barcode74_consensus_vsearch	4080	C	C	461	1	0.22%	2	1	93	93	0.5000000000008233	1	1	265	196	1	0	+G
barcode74_consensus_vsearch	4081	G	G	459	2	0.43%	2	1	93	93	0.2497285559174766	1	1	266	193	2	0	+CG
barcode74_consensus_vsearch	4082	T	T	451	5	1.08%	2	2	93	93	0.03090753641767135	1	1	266	185	1	4	G
barcode74_consensus_vsearch	4083	G	G	461	1	0.22%	2	1	93	93	0.5000000000008233	1	1	270	191	0	1	+TG
barcode74_consensus_vsearch	4084	A	A	457	2	0.43%	2	1	93	93	0.24972737186467478	1	1	265	192	2	0	+C
barcode74_consensus_vsearch	4085	T	T	442	5	1.08%	2	1	93	93	0.03090064512242186	1	1	250	192	5	0	-A
barcode74_consensus_vsearch	4086	A	R	423	22	4.79%	2	2	93	93	1.827327995963688E-7	1	1	237	186	21	1	G
barcode74_consensus_vsearch	4087	G	G	447	4	0.88%	2	2	93	93	0.06208402726417696	1	1	260	187	3	1	A
barcode74_consensus_vsearch	4088	G	R	439	15	3.25%	2	1	93	93	2.713385865603509E-5	1	1	247	192	15	0	A
barcode74_consensus_vsearch	4089	G	R	449	11	2.37%	2	1	93	93	4.596279980803229E-4	1	1	255	194	11	0	A
barcode74_consensus_vsearch	4090	C	C	460	1	0.21%	2	1	93	93	0.4999999999999138	1	1	265	195	1	0	+A
barcode74_consensus_vsearch	4091	A	R	452	9	1.94%	2	1	93	93	0.0018776504451702718	1	1	256	196	9	0	G
barcode74_consensus_vsearch	4092	G	G	455	4	0.86%	2	1	93	93	0.062091281262886246	1	1	261	194	4	0	+A
barcode74_consensus_vsearch	4093	T	T	458	4	0.86%	2	2	93	93	0.06209393670973901	1	1	268	190	1	3	C
barcode74_consensus_vsearch	4094	T	T	461	2	0.43%	2	1	93	93	0.24972972972924576	1	1	269	192	0	2	C
barcode74_consensus_vsearch	4095	A	A	458	4	0.86%	2	2	93	93	0.06209393670973901	1	1	265	193	3	1	G
barcode74_consensus_vsearch	4096	C	C	454	5	1.08%	2	2	93	93	0.030909773495158815	1	1	267	187	1	4	-T
barcode74_consensus_vsearch	4097	T	T	453	6	1.3%	2	2	93	93	0.015370248813581264	1	1	264	189	3	3	C
barcode74_consensus_vsearch	4098	T	T	456	2	0.43%	2	2	93	93	0.24972677595608425	1	1	263	193	1	1	A
barcode74_consensus_vsearch	4099	G	G	462	2	0.43%	2	1	93	93	0.24973031283711408	1	1	269	193	0	2	C
barcode74_consensus_vsearch	4100	A	A	460	4	0.86%	2	2	93	93	0.062095687920911566	1	1	266	194	2	2	G
barcode74_consensus_vsearch	4101	A	A	464	1	0.21%	2	1	93	93	0.4999999999999138	1	1	269	195	0	1	+G
barcode74_consensus_vsearch	4102	T	T	464	1	0.21%	2	1	93	93	0.4999999999999138	1	1	269	195	0	1	+C
barcode74_consensus_vsearch	4103	G	*/-A	445	11	2.36%	2	2	93	93	4.5938139248817567E-4	1	1	251	194	10	1	-A
barcode74_consensus_vsearch	4104	A	A	446	2	0.44%	2	1	93	93	0.24972067039122897	1	1	254	192	0	2	G
barcode74_consensus_vsearch	4105	A	A	454	4	0.87%	2	1	93	93	0.06209038837901774	1	1	260	194	4	0	G
barcode74_consensus_vsearch	4106	G	G	458	2	0.43%	2	1	93	93	0.24972796517908835	1	1	265	193	2	0	T
barcode74_consensus_vsearch	4107	T	Y	454	7	1.51%	2	2	93	93	0.007635332943374405	1	1	265	189	2	5	C
barcode74_consensus_vsearch	4108	G	G	458	3	0.65%	2	1	93	93	0.12459283387624695	1	1	263	195	3	0	-C
barcode74_consensus_vsearch	4109	C	C	462	1	0.22%	2	1	93	93	0.4999999999990043	1	1	266	196	1	0	A
barcode74_consensus_vsearch	4110	C	C	458	4	0.86%	2	2	93	93	0.06209393670973901	1	1	267	191	1	3	-GCC
barcode74_consensus_vsearch	4111	G	G	455	3	0.65%	2	1	93	93	0.12459016393415773	1	1	266	189	0	3	+C
barcode74_consensus_vsearch	4112	C	C	457	2	0.43%	2	1	93	93	0.24972737186467478	1	1	267	190	0	2	+T
barcode74_consensus_vsearch	4113	C	C	451	6	1.3%	2	1	93	93	0.015369136400488401	1	1	268	183	0	6	-T
barcode74_consensus_vsearch	4114	T	T	454	2	0.44%	2	1	93	93	0.2497255762896723	1	1	267	187	2	0	C
barcode74_consensus_vsearch	4115	T	*/-C	433	16	3.46%	2	2	93	93	1.3318731006810023E-5	1	1	248	185	14	2	-C
barcode74_consensus_vsearch	4116	C	C	444	1	0.22%	2	1	93	93	0.5000000000008233	1	1	252	192	1	0	A
barcode74_consensus_vsearch	4117	C	C	456	5	1.08%	2	2	93	93	0.030911248713682577	1	1	266	190	1	4	-T
barcode74_consensus_vsearch	4118	T	T	452	4	0.87%	2	2	93	93	0.062088590856761904	1	1	264	188	1	3	C
barcode74_consensus_vsearch	4119	A	A	460	2	0.43%	2	1	93	93	0.24972914409526598	1	1	264	196	2	0	G
barcode74_consensus_vsearch	4120	A	A	460	3	0.65%	2	1	93	93	0.1245945945946921	1	1	264	196	3	0	-G
barcode74_consensus_vsearch	4121	G	G	461	2	0.43%	2	1	93	93	0.24972972972924576	1	1	265	196	2	0	-AT
barcode74_consensus_vsearch	4122	A	*/-T	453	7	1.51%	2	2	93	93	0.00763494949227727	1	1	261	192	6	1	-T
barcode74_consensus_vsearch	4123	T	T	457	0	0%	2	0	93	0	1.0	1	0	262	195	0	0	
barcode74_consensus_vsearch	4124	T	T	464	1	0.21%	2	1	93	93	0.4999999999999138	1	1	269	195	0	1	C
barcode74_consensus_vsearch	4125	T	T	456	5	1.07%	2	2	93	93	0.030911248713682577	1	1	267	189	2	3	C
barcode74_consensus_vsearch	4126	G	G	459	2	0.43%	2	1	93	93	0.2497285559174766	1	1	266	193	2	0	+CC
barcode74_consensus_vsearch	4127	C	C	453	5	1.08%	2	2	93	93	0.03090903105714376	1	1	267	186	1	4	+A
barcode74_consensus_vsearch	4128	G	R	455	8	1.72%	2	1	93	93	0.003788965477306861	1	1	260	195	8	0	A
barcode74_consensus_vsearch	4129	G	G	466	0	0%	2	0	93	0	1.0	1	0	270	196	0	0	
barcode74_consensus_vsearch	4130	T	*/-C	453	10	2.15%	2	1	93	93	9.297707531715176E-4	1	1	257	196	10	0	-C
barcode74_consensus_vsearch	4131	C	C	455	1	0.22%	2	1	93	93	0.4999999999999138	1	1	259	196	1	0	+A
barcode74_consensus_vsearch	4132	C	C	461	2	0.43%	2	2	93	93	0.24972972972924576	1	1	267	194	1	1	T
barcode74_consensus_vsearch	4133	G	G	460	3	0.65%	2	1	93	93	0.1245945945946921	1	1	265	195	3	0	A
barcode74_consensus_vsearch	4134	T	T	459	4	0.86%	2	1	93	93	0.06209481420755567	1	1	269	190	0	4	+A
barcode74_consensus_vsearch	4135	A	A	463	1	0.22%	2	1	93	93	0.4999999999990043	1	1	269	194	1	0	G
barcode74_consensus_vsearch	4136	T	T	453	4	0.86%	2	2	93	93	0.062089491585691256	1	1	265	188	1	3	G
barcode74_consensus_vsearch	4137	G	G	460	2	0.43%	2	1	93	93	0.24972914409526598	1	1	267	193	2	0	-A
barcode74_consensus_vsearch	4138	A	A	457	3	0.65%	2	2	93	93	0.12459194776934993	1	1	265	192	2	1	G
barcode74_consensus_vsearch	4139	T	T	458	4	0.86%	2	1	93	93	0.06209393670973901	1	1	269	189	0	4	+G
barcode74_consensus_vsearch	4140	G	G	457	4	0.86%	2	2	93	93	0.062093055403000016	1	1	265	192	3	1	A
barcode74_consensus_vsearch	4141	C	C	454	3	0.65%	2	1	93	93	0.12458926615549139	1	1	268	186	0	3	T
barcode74_consensus_vsearch	4142	A	A	457	2	0.43%	2	1	93	93	0.24972737186467478	1	1	268	189	0	2	G
barcode74_consensus_vsearch	4143	T	T	456	5	1.08%	2	1	93	93	0.030911248713682577	1	1	268	188	0	5	+A
barcode74_consensus_vsearch	4144	A	A	459	2	0.43%	2	1	93	93	0.2497285559174766	1	1	267	192	2	0	G
barcode74_consensus_vsearch	4145	T	T	451	5	1.08%	2	1	93	93	0.03090753641767135	1	1	268	183	0	5	G
barcode74_consensus_vsearch	4146	G	G	459	1	0.22%	2	1	93	93	0.4999999999999138	1	1	270	189	0	1	+C
barcode74_consensus_vsearch	4147	A	A	449	6	1.29%	2	1	93	93	0.015368014229849866	1	1	269	180	0	6	-C
barcode74_consensus_vsearch	4148	C	*/+T	421	21	4.58%	2	1	93	93	3.7388789115262633E-7	1	1	269	152	0	21	+T
barcode74_consensus_vsearch	4149	T	*/+C	439	17	3.68%	2	2	93	93	6.554353503145268E-6	1	1	265	174	1	16	+C
barcode74_consensus_vsearch	4150	C	C	455	3	0.65%	2	1	93	93	0.12459016393415773	1	1	270	185	0	3	+TC
barcode74_consensus_vsearch	4151	A	A	462	2	0.43%	2	1	93	93	0.24973031283711408	1	1	266	196	2	0	-C
barcode74_consensus_vsearch	4152	C	C	459	3	0.65%	2	1	93	93	0.12459371614300269	1	1	264	195	3	0	+AC
barcode74_consensus_vsearch	4153	C	C	459	5	1.07%	2	2	93	93	0.030913437709528726	1	1	268	191	1	4	T
barcode74_consensus_vsearch	4154	G	G	464	1	0.21%	2	1	93	93	0.4999999999999138	1	1	269	195	1	0	A
barcode74_consensus_vsearch	4155	C	C	460	2	0.43%	2	1	93	93	0.24972914409526598	1	1	267	193	2	0	-GCC
barcode74_consensus_vsearch	4156	G	G	460	1	0.22%	2	1	93	93	0.4999999999999138	1	1	264	196	1	0	+C
barcode74_consensus_vsearch	4157	C	C	455	5	1.08%	2	1	93	93	0.03091051270694167	1	1	264	191	0	5	+T
barcode74_consensus_vsearch	4158	C	C	458	4	0.86%	2	1	93	93	0.06209393670973901	1	1	268	190	0	4	-T
barcode74_consensus_vsearch	4159	T	Y	454	7	1.52%	2	2	93	93	0.007635332943374405	1	1	268	186	1	6	C
barcode74_consensus_vsearch	4160	G	G	462	2	0.43%	2	1	93	93	0.24973031283711408	1	1	266	196	2	0	+C
barcode74_consensus_vsearch	4161	C	C	453	4	0.86%	2	2	93	93	0.062089491585691256	1	1	262	191	2	2	-A
barcode74_consensus_vsearch	4162	A	A	459	2	0.43%	2	1	93	93	0.2497285559174766	1	1	265	194	2	0	G
barcode74_consensus_vsearch	4163	A	A	455	6	1.29%	2	2	93	93	0.015371351595895005	1	1	263	192	3	3	G
barcode74_consensus_vsearch	4164	G	G	455	4	0.86%	2	1	93	93	0.062091281262886246	1	1	265	190	0	4	-C
barcode74_consensus_vsearch	4165	C	C	449	3	0.66%	2	2	93	93	0.12458471760810089	1	1	262	187	1	2	+T
barcode74_consensus_vsearch	4166	A	R	425	21	4.58%	2	2	93	93	3.747237380449946E-7	1	1	243	182	19	2	G
barcode74_consensus_vsearch	4167	G	G	457	1	0.22%	2	1	93	93	0.4999999999999138	1	1	267	190	0	1	+TGG
barcode74_consensus_vsearch	4168	G	G	461	1	0.21%	2	1	93	93	0.5000000000008233	1	1	267	194	0	1	+TG
barcode74_consensus_vsearch	4169	A	A	456	2	0.43%	2	1	93	93	0.24972677595608425	1	1	261	195	2	0	C
barcode74_consensus_vsearch	4170	C	C	459	2	0.43%	2	2	93	93	0.2497285559174766	1	1	265	194	1	1	+G
barcode74_consensus_vsearch	4171	G	*/-A	442	12	2.58%	2	1	93	93	2.2681229177552487E-4	1	1	246	196	12	0	-A
barcode74_consensus_vsearch	4172	A	*/-G	418	20	4.47%	2	1	93	93	7.639253725032686E-7	1	1	223	195	20	0	-G
barcode74_consensus_vsearch	4173	G	G	438	1	0.23%	2	1	93	93	0.4999999999999138	1	1	242	196	1	0	+A
barcode74_consensus_vsearch	4174	G	*/+T	436	16	3.44%	2	2	93	93	1.3330968393872219E-5	1	1	244	192	15	1	+T
barcode74_consensus_vsearch	4175	T	T	455	5	1.08%	2	2	93	93	0.03091051270694167	1	1	264	191	2	3	C
barcode74_consensus_vsearch	4176	T	T	461	3	0.65%	2	2	93	93	0.12459546925571133	1	1	268	193	1	2	C
barcode74_consensus_vsearch	4177	T	*/-G	444	16	3.43%	2	1	93	93	1.3362860290595994E-5	1	1	267	177	0	16	-G
barcode74_consensus_vsearch	4178	G	G	446	2	0.45%	2	2	93	93	0.24972067039122897	1	1	268	178	1	1	T
barcode74_consensus_vsearch	4179	G	G	458	6	1.29%	2	1	93	93	0.015372987983405329	1	1	264	194	6	0	A
barcode74_consensus_vsearch	4180	A	*/+T	447	7	1.51%	2	1	93	93	0.007632613471737004	1	1	268	179	0	7	+T
barcode74_consensus_vsearch	4181	T	T	454	3	0.65%	2	1	93	93	0.12458926615549139	1	1	265	189	3	0	+C
barcode74_consensus_vsearch	4182	C	*/-T	448	13	2.8%	2	1	93	93	1.1203744361480323E-4	1	1	266	182	0	13	-T
barcode74_consensus_vsearch	4183	T	T	437	5	1.11%	2	2	93	93	0.03089669543126854	1	1	263	174	1	4	C
barcode74_consensus_vsearch	4184	A	A	453	3	0.66%	2	1	93	93	0.12458836443458174	1	1	265	188	0	3	C
barcode74_consensus_vsearch	4185	A	A	459	3	0.65%	2	2	93	93	0.12459371614300269	1	1	264	195	2	1	C
barcode74_consensus_vsearch	4186	T	*/+A	437	10	2.16%	2	1	93	93	9.281205170584159E-4	1	1	254	183	10	0	+A
barcode74_consensus_vsearch	4187	G	*/-A	450	9	1.95%	2	2	93	93	0.0018773250232725807	1	1	257	193	8	1	-A
barcode74_consensus_vsearch	4188	A	*/-G	444	7	1.53%	2	2	93	93	0.007631422258539495	1	1	255	189	4	3	-G
barcode74_consensus_vsearch	4189	G	G	452	3	0.66%	2	1	93	93	0.12458745874590603	1	1	261	191	3	0	-C
barcode74_consensus_vsearch	4190	C	C	455	2	0.43%	2	1	93	93	0.24972617743652814	1	1	265	190	0	2	+A
barcode74_consensus_vsearch	4191	A	*/-CA	439	18	3.88%	2	1	93	93	3.21615593583041E-6	1	1	245	194	18	0	-CA
barcode74_consensus_vsearch	4192	C	C	442	5	1.12%	2	1	93	93	0.03090064512242186	1	1	252	190	0	5	T
barcode74_consensus_vsearch	4193	A	A	442	4	0.89%	2	2	93	93	0.06207936129200334	1	1	247	195	3	1	G
barcode74_consensus_vsearch	4194	T	T	458	3	0.64%	2	1	93	93	0.12459283387624695	1	1	263	195	3	0	-C
barcode74_consensus_vsearch	4195	C	C	462	1	0.22%	2	1	93	93	0.4999999999990043	1	1	267	195	0	1	T
barcode74_consensus_vsearch	4196	C	C	463	3	0.64%	2	1	93	93	0.12459720730400861	1	1	267	196	3	0	-AC
barcode74_consensus_vsearch	4197	A	A	461	1	0.22%	2	1	93	93	0.5000000000008233	1	1	265	196	1	0	G
barcode74_consensus_vsearch	4198	C	C	457	5	1.08%	2	2	93	93	0.030911981535900093	1	1	266	191	1	4	-T
barcode74_consensus_vsearch	4199	T	*/-C	432	25	5.42%	2	1	93	93	2.1269532754988194E-8	1	1	269	163	0	25	-C
barcode74_consensus_vsearch	4200	C	C	439	2	0.45%	2	1	93	93	0.2497162315547306	1	1	268	171	2	0	T
barcode74_consensus_vsearch	4201	G	G	464	1	0.21%	2	1	93	93	0.4999999999999138	1	1	268	196	1	0	+T
barcode74_consensus_vsearch	4202	T	T	462	1	0.22%	2	1	93	93	0.4999999999990043	1	1	268	194	0	1	+G
barcode74_consensus_vsearch	4203	G	G	461	3	0.65%	2	2	93	93	0.12459546925571133	1	1	267	194	2	1	-A
barcode74_consensus_vsearch	4204	A	A	460	1	0.22%	2	1	93	93	0.4999999999999138	1	1	266	194	1	0	+G
barcode74_consensus_vsearch	4205	G	G	463	1	0.22%	2	1	93	93	0.4999999999990043	1	1	269	194	1	0	+AG
barcode74_consensus_vsearch	4206	T	T	459	6	1.29%	2	2	93	93	0.01537352876406143	1	1	268	191	2	4	C
barcode74_consensus_vsearch	4207	T	T	457	5	1.07%	2	1	93	93	0.030911981535900093	1	1	269	188	0	5	-G
barcode74_consensus_vsearch	4208	G	G	459	2	0.43%	2	2	93	93	0.2497285559174766	1	1	269	190	1	1	A
barcode74_consensus_vsearch	4209	G	G	463	3	0.64%	2	1	93	93	0.12459720730400861	1	1	270	193	0	3	A
barcode74_consensus_vsearch	4210	G	G	463	2	0.43%	2	2	93	93	0.24973089343429802	1	1	269	194	1	1	A
barcode74_consensus_vsearch	4211	A	A	463	1	0.22%	2	1	93	93	0.4999999999990043	1	1	269	194	0	1	+T
barcode74_consensus_vsearch	4212	C	C	456	4	0.86%	2	1	93	93	0.062092170262314485	1	1	269	187	0	4	-T
barcode74_consensus_vsearch	4213	T	T	459	1	0.22%	2	1	93	93	0.4999999999999138	1	1	269	190	1	0	C
barcode74_consensus_vsearch	4214	T	T	455	4	0.86%	2	2	93	93	0.062091281262886246	1	1	265	190	1	3	-C
barcode74_consensus_vsearch	4215	C	C	455	2	0.43%	2	2	93	93	0.24972617743652814	1	1	268	187	1	1	+A
barcode74_consensus_vsearch	4216	G	G	453	5	1.08%	2	1	93	93	0.03090903105714376	1	1	266	187	0	5	-TG
barcode74_consensus_vsearch	4217	T	T	454	3	0.65%	2	1	93	93	0.12458926615549139	1	1	268	186	0	3	A
barcode74_consensus_vsearch	4218	G	G	456	2	0.44%	2	2	93	93	0.24972677595608425	1	1	268	188	1	1	A
barcode74_consensus_vsearch	4219	C	C	461	2	0.43%	2	2	93	93	0.24972972972924576	1	1	269	192	1	1	-AT
barcode74_consensus_vsearch	4220	A	A	461	3	0.65%	2	2	93	93	0.12459546925571133	1	1	268	193	1	2	G
barcode74_consensus_vsearch	4221	T	T	461	2	0.43%	2	1	93	93	0.24972972972924576	1	1	266	195	2	0	C
barcode74_consensus_vsearch	4222	G	G	463	1	0.21%	2	1	93	93	0.4999999999990043	1	1	268	195	0	1	+A
barcode74_consensus_vsearch	4223	T	T	464	2	0.43%	2	1	93	93	0.2497314715357706	1	1	270	194	0	2	C
barcode74_consensus_vsearch	4224	A	A	459	3	0.64%	2	1	93	93	0.12459371614300269	1	1	264	195	3	0	-TTA
barcode74_consensus_vsearch	4225	T	T	458	2	0.43%	2	1	93	93	0.24972796517908835	1	1	266	192	0	2	C
barcode74_consensus_vsearch	4226	T	T	460	1	0.22%	2	1	93	93	0.4999999999999138	1	1	266	194	1	0	+GT
barcode74_consensus_vsearch	4227	A	A	460	1	0.22%	2	1	93	93	0.4999999999999138	1	1	267	193	0	1	+C
barcode74_consensus_vsearch	4228	T	T	462	2	0.43%	2	1	93	93	0.24973031283711408	1	1	269	193	0	2	-C
barcode74_consensus_vsearch	4229	C	C	462	1	0.22%	2	1	93	93	0.4999999999990043	1	1	270	192	0	1	-T
barcode74_consensus_vsearch	4230	T	*/-C	433	21	4.53%	2	2	93	93	3.763555727947356E-7	1	1	249	184	20	1	-C
barcode74_consensus_vsearch	4231	C	C	444	1	0.22%	2	1	93	93	0.5000000000008233	1	1	250	194	0	1	+T
barcode74_consensus_vsearch	4232	C	C	461	3	0.64%	2	1	93	93	0.12459546925571133	1	1	269	192	0	3	-T
barcode74_consensus_vsearch	4233	T	T	453	5	1.08%	2	1	93	93	0.03090903105714376	1	1	267	186	0	5	C
barcode74_consensus_vsearch	4234	G	G	459	1	0.22%	2	1	93	93	0.4999999999999138	1	1	263	196	1	0	-A
barcode74_consensus_vsearch	4235	A	A	461	1	0.22%	2	1	93	93	0.5000000000008233	1	1	266	195	0	1	G
barcode74_consensus_vsearch	4236	A	A	457	5	1.08%	2	2	93	93	0.030911981535900093	1	1	262	195	4	1	-T
barcode74_consensus_vsearch	4237	T	T	456	1	0.22%	2	1	93	93	0.4999999999990043	1	1	263	193	0	1	+C
barcode74_consensus_vsearch	4238	T	T	463	1	0.22%	2	1	93	93	0.4999999999990043	1	1	267	196	1	0	C
barcode74_consensus_vsearch	4239	T	T	458	2	0.43%	2	1	93	93	0.24972796517908835	1	1	263	195	2	0	+G
barcode74_consensus_vsearch	4240	G	G	460	3	0.65%	2	1	93	93	0.1245945945946921	1	1	265	195	3	0	A
barcode74_consensus_vsearch	4241	T	T	456	6	1.29%	2	1	93	93	0.015371899414478795	1	1	262	194	6	0	-C
barcode74_consensus_vsearch	4242	C	C	455	4	0.87%	2	1	93	93	0.062091281262886246	1	1	260	195	4	0	-AC
barcode74_consensus_vsearch	4243	A	A	454	3	0.65%	2	2	93	93	0.12458926615549139	1	1	262	192	2	1	G
barcode74_consensus_vsearch	4244	C	C	451	5	1.08%	2	1	93	93	0.03090753641767135	1	1	259	192	5	0	-G
barcode74_consensus_vsearch	4245	G	G	458	0	0%	2	0	93	0	1.0	1	0	264	194	0	0	
barcode74_consensus_vsearch	4246	G	R	453	8	1.73%	2	1	93	93	0.003788460280099838	1	1	260	193	8	0	A
barcode74_consensus_vsearch	4247	C	Y	455	7	1.51%	2	2	93	93	0.007635714741848557	1	1	263	192	5	2	T
barcode74_consensus_vsearch	4248	T	T	461	1	0.22%	2	1	93	93	0.5000000000008233	1	1	267	194	1	0	+GT
barcode74_consensus_vsearch	4249	A	A	463	1	0.22%	2	1	93	93	0.4999999999990043	1	1	269	194	0	1	+C
barcode74_consensus_vsearch	4250	T	T	456	5	1.07%	2	2	93	93	0.030911248713682577	1	1	263	193	4	1	-C
barcode74_consensus_vsearch	4251	C	C	459	1	0.22%	2	1	93	93	0.4999999999999138	1	1	265	194	1	0	+G
barcode74_consensus_vsearch	4252	C	C	464	1	0.21%	2	1	93	93	0.4999999999999138	1	1	269	195	0	1	-AT
barcode74_consensus_vsearch	4253	A	A	460	3	0.65%	2	1	93	93	0.1245945945946921	1	1	265	195	3	0	G
barcode74_consensus_vsearch	4254	T	T	456	3	0.65%	2	2	93	93	0.12459105779723775	1	1	264	192	2	1	-GT
barcode74_consensus_vsearch	4255	G	G	456	4	0.86%	2	2	93	93	0.062092170262314485	1	1	262	194	3	1	A
barcode74_consensus_vsearch	4256	T	T	456	5	1.08%	2	2	93	93	0.030911248713682577	1	1	262	194	4	1	C
barcode74_consensus_vsearch	4257	A	A	459	5	1.08%	2	1	93	93	0.030913437709528726	1	1	263	196	5	0	G
barcode74_consensus_vsearch	4258	A	R	456	8	1.72%	2	1	93	93	0.0037892164544094686	1	1	261	195	8	0	G
barcode74_consensus_vsearch	4259	C	C	456	4	0.86%	2	2	93	93	0.062092170262314485	1	1	264	192	2	2	-T
barcode74_consensus_vsearch	4260	T	T	455	3	0.65%	2	2	93	93	0.12459016393415773	1	1	263	192	1	2	C
barcode74_consensus_vsearch	4261	T	T	463	1	0.22%	2	1	93	93	0.4999999999990043	1	1	267	196	1	0	C
barcode74_consensus_vsearch	4262	T	T	459	2	0.43%	2	2	93	93	0.2497285559174766	1	1	266	193	1	1	+G
barcode74_consensus_vsearch	4263	A	R	453	8	1.72%	2	2	93	93	0.003788460280099838	1	1	261	192	7	1	G
barcode74_consensus_vsearch	4264	G	G	463	1	0.22%	2	1	93	93	0.4999999999990043	1	1	268	195	1	0	A
barcode74_consensus_vsearch	4265	T	T	463	2	0.43%	2	2	93	93	0.24973089343429802	1	1	268	195	1	1	C
barcode74_consensus_vsearch	4266	C	C	462	2	0.43%	2	2	93	93	0.24973031283711408	1	1	267	195	1	1	-T
barcode74_consensus_vsearch	4267	T	T	460	3	0.65%	2	1	93	93	0.1245945945946921	1	1	265	195	3	0	C
barcode74_consensus_vsearch	4268	T	T	457	3	0.65%	2	1	93	93	0.12459194776934993	1	1	265	192	3	0	+C
barcode74_consensus_vsearch	4269	C	C	455	3	0.65%	2	1	93	93	0.12459016393415773	1	1	262	193	3	0	-A
barcode74_consensus_vsearch	4270	A	A	455	4	0.87%	2	2	93	93	0.062091281262886246	1	1	266	189	1	3	G
barcode74_consensus_vsearch	4271	A	A	455	4	0.86%	2	2	93	93	0.062091281262886246	1	1	266	189	2	2	G
barcode74_consensus_vsearch	4272	G	G	457	2	0.43%	2	1	93	93	0.24972737186467478	1	1	266	191	2	0	A
barcode74_consensus_vsearch	4273	T	T	458	3	0.65%	2	1	93	93	0.12459283387624695	1	1	268	190	0	3	C
barcode74_consensus_vsearch	4274	A	A	464	0	0%	2	0	93	0	1.0	1	0	270	194	0	0	
barcode74_consensus_vsearch	4275	A	A	462	3	0.65%	2	2	93	93	0.12459634015068409	1	1	269	193	1	2	G
barcode74_consensus_vsearch	4276	A	A	464	2	0.43%	2	1	93	93	0.2497314715357706	1	1	270	194	0	2	C
barcode74_consensus_vsearch	4277	T	T	463	1	0.21%	2	1	93	93	0.4999999999990043	1	1	269	194	1	0	+C
barcode74_consensus_vsearch	4278	C	C	462	1	0.22%	2	1	93	93	0.4999999999990043	1	1	268	194	1	0	+T
barcode74_consensus_vsearch	4279	A	A	458	6	1.29%	2	2	93	93	0.015372987983405329	1	1	263	195	5	1	G
barcode74_consensus_vsearch	4280	T	T	461	4	0.86%	2	2	93	93	0.06209655787449625	1	1	266	195	3	1	C
barcode74_consensus_vsearch	4281	A	A	464	1	0.22%	2	1	93	93	0.4999999999999138	1	1	268	196	1	0	G
barcode74_consensus_vsearch	4282	A	R	459	7	1.5%	2	2	93	93	0.007637225621250393	1	1	264	195	6	1	G
barcode74_consensus_vsearch	4283	C	C	459	3	0.64%	2	1	93	93	0.12459371614300269	1	1	263	196	3	0	+T
barcode74_consensus_vsearch	4284	T	Y	450	7	1.51%	2	2	93	93	0.0076337891152176976	1	1	265	185	1	6	C
barcode74_consensus_vsearch	4285	G	G	462	1	0.22%	2	1	93	93	0.4999999999990043	1	1	267	195	1	0	-A
barcode74_consensus_vsearch	4286	A	A	458	2	0.43%	2	1	93	93	0.24972796517908835	1	1	263	195	2	0	G
barcode74_consensus_vsearch	4287	T	T	464	1	0.22%	2	1	93	93	0.4999999999999138	1	1	268	196	1	0	C
barcode74_consensus_vsearch	4288	A	A	463	2	0.43%	2	1	93	93	0.24973089343429802	1	1	269	194	0	2	-TA
barcode74_consensus_vsearch	4289	T	T	462	1	0.22%	2	1	93	93	0.4999999999990043	1	1	270	192	0	1	A
barcode74_consensus_vsearch	4290	A	A	462	2	0.43%	2	1	93	93	0.24973031283711408	1	1	270	192	0	2	G
barcode74_consensus_vsearch	4291	A	A	464	2	0.43%	2	2	93	93	0.2497314715357706	1	1	269	195	1	1	G
barcode74_consensus_vsearch	4292	T	T	460	3	0.64%	2	2	93	93	0.1245945945946921	1	1	266	194	2	1	+A
barcode74_consensus_vsearch	4293	G	G	465	1	0.21%	2	1	93	93	0.5000000000008233	1	1	269	196	1	0	-A
barcode74_consensus_vsearch	4294	A	A	460	4	0.86%	2	1	93	93	0.062095687920911566	1	1	265	195	4	0	G
barcode74_consensus_vsearch	4295	G	G	463	1	0.21%	2	1	93	93	0.4999999999990043	1	1	269	194	0	1	+AG
barcode74_consensus_vsearch	4296	C	C	464	1	0.22%	2	1	93	93	0.4999999999999138	1	1	269	195	1	0	T
barcode74_consensus_vsearch	4297	C	C	460	6	1.29%	2	2	93	93	0.015374067228864634	1	1	269	191	1	5	T
barcode74_consensus_vsearch	4298	A	A	463	1	0.21%	2	1	93	93	0.4999999999990043	1	1	268	195	1	0	+C
barcode74_consensus_vsearch	4299	T	T	458	6	1.29%	2	1	93	93	0.015372987983405329	1	1	269	189	0	6	+C
barcode74_consensus_vsearch	4300	T	T	456	6	1.29%	2	1	93	93	0.015371899414478795	1	1	267	189	0	6	-C
barcode74_consensus_vsearch	4301	C	C	453	2	0.43%	2	1	93	93	0.24972497249691156	1	1	268	185	0	2	+G
barcode74_consensus_vsearch	4302	G	G	458	5	1.07%	2	1	93	93	0.030912711194453116	1	1	264	194	5	0	A
barcode74_consensus_vsearch	4303	C	C	456	4	0.86%	2	1	93	93	0.062092170262314485	1	1	267	189	0	4	T
barcode74_consensus_vsearch	4304	A	A	457	4	0.86%	2	1	93	93	0.062093055403000016	1	1	265	192	4	0	G
barcode74_consensus_vsearch	4305	G	G	459	3	0.65%	2	2	93	93	0.12459371614300269	1	1	268	191	1	2	+T
barcode74_consensus_vsearch	4306	T	T	457	6	1.29%	2	1	93	93	0.01537244487190259	1	1	270	187	0	6	C
barcode74_consensus_vsearch	4307	T	T	460	4	0.86%	2	2	93	93	0.062095687920911566	1	1	269	191	1	3	C
barcode74_consensus_vsearch	4308	T	T	456	5	1.07%	2	2	93	93	0.030911248713682577	1	1	265	191	3	2	+C
barcode74_consensus_vsearch	4309	C	C	452	4	0.86%	2	1	93	93	0.062088590856761904	1	1	268	184	0	4	+T
barcode74_consensus_vsearch	4310	G	G	461	2	0.43%	2	1	93	93	0.24972972972924576	1	1	267	194	2	0	A
barcode74_consensus_vsearch	4311	G	*/+T	443	13	2.8%	2	1	93	93	1.1193066411113178E-4	1	1	251	192	13	0	+T
barcode74_consensus_vsearch	4312	T	T	456	5	1.08%	2	1	93	93	0.030911248713682577	1	1	266	190	0	5	C
barcode74_consensus_vsearch	4313	T	T	463	1	0.22%	2	1	93	93	0.4999999999990043	1	1	268	195	0	1	G
barcode74_consensus_vsearch	4314	T	T	460	3	0.65%	2	2	93	93	0.1245945945946921	1	1	268	192	1	2	C
barcode74_consensus_vsearch	4315	A	A	464	1	0.22%	2	1	93	93	0.4999999999999138	1	1	269	195	0	1	G
barcode74_consensus_vsearch	4316	T	T	458	3	0.65%	2	2	93	93	0.12459283387624695	1	1	266	192	1	2	+G
barcode74_consensus_vsearch	4317	G	G	457	4	0.86%	2	1	93	93	0.062093055403000016	1	1	263	194	4	0	A
barcode74_consensus_vsearch	4318	G	G	459	2	0.43%	2	1	93	93	0.2497285559174766	1	1	265	194	2	0	+A
barcode74_consensus_vsearch	4319	G	G	462	3	0.64%	2	2	93	93	0.12459634015068409	1	1	267	195	2	1	A
barcode74_consensus_vsearch	4320	C	C	462	2	0.43%	2	2	93	93	0.24973031283711408	1	1	267	195	1	1	T
barcode74_consensus_vsearch	4321	T	T	461	4	0.86%	2	2	93	93	0.06209655787449625	1	1	266	195	3	1	C
barcode74_consensus_vsearch	4322	G	G	462	2	0.43%	2	1	93	93	0.24973031283711408	1	1	268	194	0	2	T
barcode74_consensus_vsearch	4323	A	A	463	1	0.22%	2	1	93	93	0.4999999999990043	1	1	267	196	1	0	+G
barcode74_consensus_vsearch	4324	A	A	457	3	0.64%	2	1	93	93	0.12459194776934993	1	1	268	189	0	3	+T
barcode74_consensus_vsearch	4325	C	C	449	6	1.3%	2	2	93	93	0.015368014229849866	1	1	262	187	1	5	-T
barcode74_consensus_vsearch	4326	T	T	451	4	0.88%	2	2	93	93	0.06208768616665174	1	1	264	187	2	2	C
barcode74_consensus_vsearch	4327	T	T	455	5	1.08%	2	2	93	93	0.03091051270694167	1	1	263	192	2	3	C
barcode74_consensus_vsearch	4328	T	T	454	4	0.86%	2	1	93	93	0.06209038837901774	1	1	263	191	4	0	+C
barcode74_consensus_vsearch	4329	C	C	455	3	0.65%	2	1	93	93	0.12459016393415773	1	1	265	190	3	0	-AC
barcode74_consensus_vsearch	4330	A	A	456	3	0.65%	2	1	93	93	0.12459105779723775	1	1	262	194	3	0	C
barcode74_consensus_vsearch	4331	C	C	458	2	0.43%	2	2	93	93	0.24972796517908835	1	1	265	193	1	1	-T
barcode74_consensus_vsearch	4332	T	T	453	6	1.3%	2	2	93	93	0.015370248813581264	1	1	265	188	3	3	C
barcode74_consensus_vsearch	4333	T	T	452	5	1.08%	2	2	93	93	0.030908285371709306	1	1	265	187	2	3	C
barcode74_consensus_vsearch	4334	G	G	462	1	0.22%	2	1	93	93	0.4999999999990043	1	1	268	194	0	1	A
barcode74_consensus_vsearch	4335	C	C	459	3	0.65%	2	1	93	93	0.12459371614300269	1	1	268	191	0	3	T
barcode74_consensus_vsearch	4336	A	A	464	1	0.22%	2	1	93	93	0.4999999999999138	1	1	269	195	0	1	+G
barcode74_consensus_vsearch	4337	T	T	455	5	1.07%	2	2	93	93	0.03091051270694167	1	1	267	188	2	3	C
barcode74_consensus_vsearch	4338	G	G	465	0	0%	2	0	93	0	1.0	1	0	270	195	0	0	
barcode74_consensus_vsearch	4339	G	G	464	1	0.21%	2	1	93	93	0.4999999999999138	1	1	270	194	0	1	-C
barcode74_consensus_vsearch	4340	C	C	459	3	0.65%	2	2	93	93	0.12459371614300269	1	1	267	192	2	1	-T
barcode74_consensus_vsearch	4341	T	T	455	5	1.08%	2	2	93	93	0.03091051270694167	1	1	263	192	3	2	C
barcode74_consensus_vsearch	4342	T	T	457	2	0.43%	2	2	93	93	0.24972737186467478	1	1	265	192	1	1	C
barcode74_consensus_vsearch	4343	A	R	457	7	1.51%	2	2	93	93	0.007636473423421301	1	1	265	192	4	3	G
barcode74_consensus_vsearch	4344	G	G	461	2	0.43%	2	2	93	93	0.24972972972924576	1	1	269	192	1	1	A
barcode74_consensus_vsearch	4345	T	T	463	1	0.22%	2	1	93	93	0.4999999999990043	1	1	270	193	0	1	-C
barcode74_consensus_vsearch	4346	C	C	448	6	1.29%	2	2	93	93	0.015367449445331104	1	1	266	182	2	4	+T
barcode74_consensus_vsearch	4347	T	T	456	1	0.22%	2	1	93	93	0.4999999999990043	1	1	268	188	0	1	A
barcode74_consensus_vsearch	4348	T	T	462	1	0.22%	2	1	93	93	0.4999999999990043	1	1	270	192	0	1	+C
barcode74_consensus_vsearch	4349	T	*/-G	456	7	1.5%	2	2	93	93	0.007636094898325736	1	1	267	189	3	4	-G
barcode74_consensus_vsearch	4350	G	R	452	7	1.53%	2	1	93	93	0.007634564377795515	1	1	260	192	7	0	A
barcode74_consensus_vsearch	4351	G	G	465	0	0%	2	0	93	0	1.0	1	0	270	195	0	0	
barcode74_consensus_vsearch	4352	G	G	463	1	0.22%	2	1	93	93	0.4999999999990043	1	1	268	195	1	0	-A
barcode74_consensus_vsearch	4353	A	A	459	2	0.43%	2	2	93	93	0.2497285559174766	1	1	267	192	1	1	G
barcode74_consensus_vsearch	4354	C	C	459	2	0.43%	2	1	93	93	0.2497285559174766	1	1	267	192	2	0	T
barcode74_consensus_vsearch	4355	A	A	462	1	0.22%	2	1	93	93	0.4999999999990043	1	1	269	193	0	1	T
barcode74_consensus_vsearch	4356	A	A	459	4	0.86%	2	2	93	93	0.06209481420755567	1	1	265	194	3	1	-G
barcode74_consensus_vsearch	4357	G	R	449	8	1.75%	2	2	93	93	0.0037874367164761535	1	1	257	192	6	2	A
barcode74_consensus_vsearch	4358	C	C	459	1	0.22%	2	1	93	93	0.4999999999999138	1	1	265	194	1	0	+GC
barcode74_consensus_vsearch	4359	A	A	453	1	0.22%	2	1	93	93	0.4999999999990043	1	1	259	194	1	0	+CA
barcode74_consensus_vsearch	4360	T	T	444	2	0.45%	2	1	93	93	0.24971941638606426	1	1	250	194	2	0	-AT
barcode74_consensus_vsearch	4361	A	A	436	0	0%	2	0	93	0	1.0	1	0	241	195	0	0	
barcode74_consensus_vsearch	4362	T	T	414	1	0.24%	2	1	93	93	0.5000000000008233	1	1	223	191	0	1	+G
barcode74_consensus_vsearch	4363	G	G	402	3	0.74%	2	2	93	93	0.1245364647713705	1	1	210	192	2	1	A
barcode74_consensus_vsearch	4364	A	A	382	2	0.52%	2	2	93	93	0.2496740547585969	1	1	190	192	1	1	G
barcode74_consensus_vsearch	4365	C	C	350	0	0%	2	0	93	0	1.0	1	0	157	193	0	0	
barcode74_consensus_vsearch	4366	T	T	327	0	0%	2	0	93	0	1.0	1	0	134	193	0	0	
barcode74_consensus_vsearch	4367	A	A	300	0	0%	2	0	93	0	1.0	1	0	109	191	0	0	
barcode74_consensus_vsearch	4368	C	C	258	0	0%	2	0	93	0	1.0	1	0	70	188	0	0	
barcode74_consensus_vsearch	4369	T	T	32	0	0%	1	0	93	0	1.0	1	0	32	0	0	0	
barcode74_consensus_vsearch	4370	G	G	16	0	0%	1	0	93	0	1.0	1	0	16	0	0	0	
