Chrom	Position	Ref	Cons	Reads1	Reads2	VarFreq	Strands1	Strands2	Qual1	Qual2	Pvalue	MapQual1	MapQual2	Reads1Plus	Reads1Minus	Reads2Plus	Reads2Minus	VarAllele
barcode10_consensus_vsearch	1	C	C	214	0	0%	2	0	93	0	1.0	1	0	192	22	0	0	
barcode10_consensus_vsearch	2	T	T	242	0	0%	2	0	93	0	1.0	1	0	193	49	0	0	
barcode10_consensus_vsearch	3	A	A	289	0	0%	2	0	93	0	1.0	1	0	194	95	0	0	
barcode10_consensus_vsearch	4	T	T	337	0	0%	2	0	93	0	1.0	1	0	195	142	0	0	
barcode10_consensus_vsearch	5	G	*/-T	353	15	4%	2	1	93	93	2.6384137773404335E-5	1	1	173	180	15	0	-T
barcode10_consensus_vsearch	6	T	T	395	0	0%	2	0	93	0	1.0	1	0	180	215	0	0	
barcode10_consensus_vsearch	7	T	T	445	0	0%	2	0	93	0	1.0	1	0	195	250	0	0	
barcode10_consensus_vsearch	8	T	T	469	0	0%	2	0	93	0	1.0	1	0	195	274	0	0	
barcode10_consensus_vsearch	9	T	T	484	3	0.61%	2	1	93	93	0.12461459403930583	1	1	194	290	0	3	C
barcode10_consensus_vsearch	10	A	A	505	1	0.2%	2	1	93	93	0.4999999999999138	1	1	195	310	0	1	+C
barcode10_consensus_vsearch	11	A	A	514	2	0.39%	2	1	93	93	0.24975751697391563	1	1	195	319	0	2	-T
barcode10_consensus_vsearch	12	T	T	516	3	0.58%	2	1	93	93	0.1246383799420917	1	1	195	321	0	3	C
barcode10_consensus_vsearch	13	T	T	524	2	0.38%	2	1	93	93	0.24976213130317537	1	1	193	331	0	2	-A
barcode10_consensus_vsearch	14	A	A	522	2	0.38%	2	1	93	93	0.24976122254010238	1	1	192	330	2	0	-G
barcode10_consensus_vsearch	15	G	G	527	1	0.19%	2	1	93	93	0.4999999999999138	1	1	192	335	1	0	A
barcode10_consensus_vsearch	16	A	A	529	1	0.19%	2	1	93	93	0.4999999999999138	1	1	193	336	1	0	+C
barcode10_consensus_vsearch	17	C	C	532	3	0.56%	2	1	93	93	0.12464920486402759	1	1	194	338	0	3	T
barcode10_consensus_vsearch	18	A	A	535	2	0.37%	2	2	93	93	0.24976700838742935	1	1	194	341	1	1	G
barcode10_consensus_vsearch	19	G	G	536	1	0.19%	2	1	93	93	0.4999999999999138	1	1	195	341	0	1	-T
barcode10_consensus_vsearch	20	T	T	534	2	0.37%	2	1	93	93	0.24976657329578222	1	1	193	341	2	0	+C
barcode10_consensus_vsearch	21	C	C	532	3	0.56%	2	2	93	93	0.12464920486402759	1	1	191	341	1	2	-A
barcode10_consensus_vsearch	22	A	A	526	3	0.56%	2	1	93	93	0.12464522232734096	1	1	190	336	0	3	+G
barcode10_consensus_vsearch	23	G	G	531	2	0.37%	2	1	93	93	0.249765258215703	1	1	188	343	2	0	+A
barcode10_consensus_vsearch	24	A	A	531	5	0.93%	2	2	93	93	0.030958626044663474	1	1	193	338	2	3	G
barcode10_consensus_vsearch	25	T	T	530	5	0.93%	2	2	93	93	0.030958081679908694	1	1	195	335	1	4	C
barcode10_consensus_vsearch	26	T	*/-C	351	149	27.59%	2	2	93	93	3.119117639059606E-51	1	1	179	172	9	140	-C
barcode10_consensus_vsearch	27	C	C	383	1	0.26%	2	1	93	93	0.4999999999999138	1	1	183	200	0	1	T
barcode10_consensus_vsearch	28	C	C	531	1	0.19%	2	1	93	93	0.4999999999999138	1	1	190	341	1	0	A
barcode10_consensus_vsearch	29	C	C	535	2	0.37%	2	1	93	93	0.24976700838742935	1	1	194	341	2	0	+A
barcode10_consensus_vsearch	30	C	*/-T	514	13	2.41%	2	2	93	93	1.1326196953318952E-4	1	1	193	321	1	12	-T
barcode10_consensus_vsearch	31	T	T	526	1	0.19%	2	1	93	93	0.4999999999999138	1	1	195	331	0	1	+A
barcode10_consensus_vsearch	32	T	T	535	2	0.37%	2	1	93	93	0.24976700838742935	1	1	195	340	0	2	+G
barcode10_consensus_vsearch	33	G	G	534	6	1.11%	2	2	93	93	0.015408389854212225	1	1	193	341	4	2	A
barcode10_consensus_vsearch	34	T	*/-C	523	11	2.03%	2	1	93	93	4.635347125797556E-4	1	1	183	340	11	0	-C
barcode10_consensus_vsearch	35	C	C	526	3	0.57%	2	2	93	93	0.12464522232734096	1	1	184	342	1	2	T
barcode10_consensus_vsearch	36	C	C	535	2	0.37%	2	1	93	93	0.24976700838742935	1	1	195	340	0	2	-GT
barcode10_consensus_vsearch	37	G	G	533	3	0.56%	2	1	93	93	0.12464985994384618	1	1	192	341	3	0	A
barcode10_consensus_vsearch	38	T	T	534	4	0.74%	2	2	93	93	0.06215132534293568	1	1	196	338	1	3	C
barcode10_consensus_vsearch	39	A	A	536	3	0.56%	2	2	93	93	0.12465181058487508	1	1	195	341	2	1	-C
barcode10_consensus_vsearch	40	C	C	533	1	0.19%	2	1	93	93	0.4999999999990043	1	1	194	339	0	1	+T
barcode10_consensus_vsearch	41	C	C	534	2	0.37%	2	2	93	93	0.24976657329578222	1	1	196	338	1	1	T
barcode10_consensus_vsearch	42	A	A	536	2	0.37%	2	1	93	93	0.2497674418606225	1	1	196	340	0	2	T
barcode10_consensus_vsearch	43	G	G	536	2	0.37%	2	2	93	93	0.2497674418606225	1	1	196	340	1	1	A
barcode10_consensus_vsearch	44	T	Y	532	7	1.29%	2	2	93	93	0.007660874995560234	1	1	196	336	1	6	C
barcode10_consensus_vsearch	45	T	T	534	4	0.74%	2	1	93	93	0.06215132534293568	1	1	195	339	0	4	C
barcode10_consensus_vsearch	46	C	*/+T	530	9	1.67%	2	1	93	93	0.001888475177575197	1	1	196	334	0	9	+T
barcode10_consensus_vsearch	47	T	*/-AA	525	7	1.3%	2	1	93	93	0.007658887507292351	1	1	194	331	0	7	-AA
barcode10_consensus_vsearch	48	A	A	528	2	0.38%	2	1	93	93	0.24976392823365007	1	1	194	334	0	2	G
barcode10_consensus_vsearch	49	A	A	528	2	0.37%	2	1	93	93	0.24976392823365007	1	1	196	332	0	2	G
barcode10_consensus_vsearch	50	G	G	539	1	0.18%	2	1	93	93	0.4999999999999138	1	1	196	343	0	1	-TTGGT
barcode10_consensus_vsearch	51	T	Y	531	9	1.67%	2	1	93	93	0.0018885938357894548	1	1	197	334	0	9	C
barcode10_consensus_vsearch	52	T	T	533	3	0.56%	2	2	93	93	0.12464985994384618	1	1	194	339	2	1	C
barcode10_consensus_vsearch	53	G	G	539	0	0%	2	0	93	0	1.0	1	0	197	342	0	0	
barcode10_consensus_vsearch	54	G	G	537	2	0.37%	2	1	93	93	0.2497678737226224	1	1	194	343	2	0	+T
barcode10_consensus_vsearch	55	T	Y	533	7	1.3%	2	2	93	93	0.007661154731964119	1	1	196	337	1	6	C
barcode10_consensus_vsearch	56	T	T	535	3	0.55%	2	1	93	93	0.1246511627905904	1	1	195	340	0	3	-GTT
barcode10_consensus_vsearch	57	G	G	537	1	0.19%	2	1	93	93	0.4999999999999138	1	1	197	340	0	1	-TTA
barcode10_consensus_vsearch	58	T	T	533	2	0.37%	2	1	93	93	0.2497661365761488	1	1	195	338	0	2	C
barcode10_consensus_vsearch	59	T	*/-A	515	12	2.23%	2	2	93	93	2.2916305292040713E-4	1	1	190	325	7	5	-A
barcode10_consensus_vsearch	60	A	A	517	2	0.38%	2	2	93	93	0.24975891996195723	1	1	188	329	1	1	G
barcode10_consensus_vsearch	61	A	A	524	5	0.94%	2	1	93	93	0.030954772292166692	1	1	196	328	0	5	-G
barcode10_consensus_vsearch	62	G	G	533	1	0.19%	2	1	93	93	0.4999999999990043	1	1	197	336	0	1	+C
barcode10_consensus_vsearch	63	C	*/+T	528	7	1.3%	2	2	93	93	0.007659745632203721	1	1	196	332	1	6	+T
barcode10_consensus_vsearch	64	G	G	533	2	0.37%	2	1	93	93	0.2497661365761488	1	1	194	339	0	2	-TA
barcode10_consensus_vsearch	65	T	Y	522	9	1.68%	2	2	93	93	0.0018875099693472243	1	1	193	329	1	8	C
barcode10_consensus_vsearch	66	A	A	531	2	0.37%	2	2	93	93	0.249765258215703	1	1	193	338	1	1	C
barcode10_consensus_vsearch	67	C	C	528	4	0.74%	2	1	93	93	0.0621473910819107	1	1	189	339	4	0	-AC
barcode10_consensus_vsearch	68	A	A	524	3	0.56%	2	1	93	93	0.12464387464392387	1	1	185	339	0	3	+T
barcode10_consensus_vsearch	69	C	C	520	5	0.94%	2	1	93	93	0.030952524030155748	1	1	185	335	0	5	T
barcode10_consensus_vsearch	70	C	Y	526	9	1.67%	2	1	93	93	0.0018879961490473396	1	1	193	333	0	9	T
barcode10_consensus_vsearch	71	A	*/+G	518	12	2.23%	2	1	93	93	2.2924609531959532E-4	1	1	192	326	0	12	+G
barcode10_consensus_vsearch	72	G	G	535	1	0.19%	2	1	93	93	0.4999999999999138	1	1	195	340	0	1	+A
barcode10_consensus_vsearch	73	A	A	533	2	0.37%	2	2	93	93	0.2497661365761488	1	1	194	339	1	1	G
barcode10_consensus_vsearch	74	C	Y	530	7	1.3%	2	1	93	93	0.007660312408999644	1	1	195	335	0	7	T
barcode10_consensus_vsearch	75	G	G	536	1	0.19%	2	1	93	93	0.4999999999999138	1	1	193	343	1	0	+A
barcode10_consensus_vsearch	76	T	*/-C	527	8	1.48%	2	1	93	93	0.003804652581188002	1	1	186	341	8	0	-C
barcode10_consensus_vsearch	77	C	C	530	2	0.38%	2	2	93	93	0.24976481655673516	1	1	187	343	1	1	T
barcode10_consensus_vsearch	78	C	C	534	4	0.74%	2	2	93	93	0.06215132534293568	1	1	195	339	1	3	+G
barcode10_consensus_vsearch	79	G	G	534	2	0.37%	2	1	93	93	0.24976657329578222	1	1	192	342	2	0	+A
barcode10_consensus_vsearch	80	A	A	535	2	0.37%	2	1	93	93	0.24976700838742935	1	1	192	343	2	0	+G
barcode10_consensus_vsearch	81	A	A	531	3	0.56%	2	2	93	93	0.12464854732871722	1	1	191	340	1	2	+G
barcode10_consensus_vsearch	82	G	G	532	2	0.37%	2	1	93	93	0.2497656982194512	1	1	190	342	2	0	+AAG
barcode10_consensus_vsearch	83	A	R	527	8	1.49%	2	2	93	93	0.003804652581188002	1	1	186	341	6	2	G
barcode10_consensus_vsearch	84	C	C	532	3	0.56%	2	2	93	93	0.12464920486402759	1	1	192	340	1	2	+A
barcode10_consensus_vsearch	85	A	A	526	4	0.74%	2	2	93	93	0.06214605985717208	1	1	187	339	1	3	-GCCA
barcode10_consensus_vsearch	86	G	R	508	13	2.43%	2	2	93	93	1.1316313332709738E-4	1	1	172	336	12	1	A
barcode10_consensus_vsearch	87	C	C	520	3	0.57%	2	2	93	93	0.12464114832532827	1	1	182	338	2	1	A
barcode10_consensus_vsearch	88	C	*/+A	508	10	1.87%	2	2	93	93	9.346759140832711E-4	1	1	175	333	9	1	+A
barcode10_consensus_vsearch	89	A	A	522	4	0.76%	2	2	93	93	0.06214336702335401	1	1	188	334	2	2	G
barcode10_consensus_vsearch	90	A	A	531	2	0.37%	2	1	93	93	0.249765258215703	1	1	194	337	0	2	+G
barcode10_consensus_vsearch	91	G	G	533	1	0.19%	2	1	93	93	0.4999999999990043	1	1	195	338	0	1	+C
barcode10_consensus_vsearch	92	G	G	530	5	0.93%	2	2	93	93	0.030958081679908694	1	1	193	337	2	3	-C
barcode10_consensus_vsearch	93	C	C	528	3	0.56%	2	1	93	93	0.12464655984919866	1	1	191	337	3	0	+G
barcode10_consensus_vsearch	94	C	*/-T	526	11	2.04%	2	2	93	93	4.636707514459565E-4	1	1	193	333	3	8	-T
barcode10_consensus_vsearch	95	T	T	526	2	0.38%	2	1	93	93	0.2497630331753048	1	1	194	332	0	2	C
barcode10_consensus_vsearch	96	T	*/-C	487	50	9.24%	2	2	93	93	2.685405967769331E-16	1	1	146	341	48	2	-C
barcode10_consensus_vsearch	97	C	C	486	1	0.2%	2	1	93	93	0.5000000000008233	1	1	147	339	1	0	+A
barcode10_consensus_vsearch	98	C	*/-A	418	65	12.06%	2	2	93	93	2.6925342325046172E-21	1	1	138	280	32	33	-A
barcode10_consensus_vsearch	99	A	A	466	1	0.21%	2	1	93	93	0.4999999999999138	1	1	156	310	0	1	C
barcode10_consensus_vsearch	100	A	A	531	1	0.19%	2	1	93	93	0.4999999999999138	1	1	188	343	0	1	G
barcode10_consensus_vsearch	101	A	A	540	1	0.18%	2	1	93	93	0.5000000000008233	1	1	196	344	1	0	+G
barcode10_consensus_vsearch	102	A	A	538	1	0.18%	2	1	93	93	0.5000000000008233	1	1	194	344	1	0	-G
barcode10_consensus_vsearch	103	G	G	535	1	0.19%	2	1	93	93	0.4999999999999138	1	1	193	342	0	1	+T
barcode10_consensus_vsearch	104	C	Y	529	7	1.3%	2	2	93	93	0.007660029547299292	1	1	194	335	1	6	T
barcode10_consensus_vsearch	105	T	Y	517	18	3.34%	2	2	93	93	3.2985615395421998E-6	1	1	192	325	1	17	C
barcode10_consensus_vsearch	106	A	A	532	4	0.74%	2	2	93	93	0.06215002371389885	1	1	193	339	2	2	G
barcode10_consensus_vsearch	107	G	G	536	2	0.37%	2	1	93	93	0.2497674418606225	1	1	194	342	2	0	A
barcode10_consensus_vsearch	108	T	*/-C	501	38	7.02%	2	1	93	93	1.850850721365297E-12	1	1	158	343	38	0	-C
barcode10_consensus_vsearch	109	C	C	503	0	0%	2	0	93	0	1.0	1	0	159	344	0	0	
barcode10_consensus_vsearch	110	C	C	539	1	0.18%	2	1	93	93	0.4999999999999138	1	1	195	344	1	0	+A
barcode10_consensus_vsearch	111	A	A	534	5	0.92%	2	2	93	93	0.030960247025548112	1	1	193	341	2	3	G
barcode10_consensus_vsearch	112	G	G	531	6	1.11%	2	2	93	93	0.015407182020391647	1	1	188	343	5	1	A
barcode10_consensus_vsearch	113	C	*/-A	525	7	1.3%	2	1	93	93	0.007658887507292351	1	1	185	340	7	0	-A
barcode10_consensus_vsearch	114	A	A	530	2	0.37%	2	1	93	93	0.24976481655673516	1	1	186	344	2	0	T
barcode10_consensus_vsearch	115	A	A	540	1	0.18%	2	1	93	93	0.5000000000008233	1	1	196	344	1	0	C
barcode10_consensus_vsearch	116	G	G	539	1	0.18%	2	1	93	93	0.4999999999999138	1	1	196	343	1	0	-A
barcode10_consensus_vsearch	117	A	A	535	5	0.93%	2	2	93	93	0.030960783351964165	1	1	192	343	4	1	G
barcode10_consensus_vsearch	118	T	T	533	5	0.92%	2	2	93	93	0.03095970870624187	1	1	192	341	3	2	-C
barcode10_consensus_vsearch	119	C	C	534	2	0.37%	2	1	93	93	0.24976657329578222	1	1	192	342	2	0	+A
barcode10_consensus_vsearch	120	C	C	532	4	0.74%	2	2	93	93	0.06215002371389885	1	1	193	339	2	2	-G
barcode10_consensus_vsearch	121	G	G	532	2	0.37%	2	1	93	93	0.2497656982194512	1	1	190	342	2	0	-C
barcode10_consensus_vsearch	122	C	C	531	5	0.93%	2	1	93	93	0.030958626044663474	1	1	193	338	0	5	T
barcode10_consensus_vsearch	123	C	Y	517	14	2.59%	2	2	93	93	5.5961110921598094E-5	1	1	188	329	1	13	T
barcode10_consensus_vsearch	124	G	G	527	5	0.93%	2	1	93	93	0.030956436312490055	1	1	185	342	5	0	C
barcode10_consensus_vsearch	125	C	C	535	1	0.19%	2	1	93	93	0.4999999999999138	1	1	194	341	0	1	+A
barcode10_consensus_vsearch	126	A	A	532	5	0.92%	2	2	93	93	0.030959168383112096	1	1	194	338	3	2	G
barcode10_consensus_vsearch	127	G	G	533	3	0.56%	2	2	93	93	0.12464985994384618	1	1	194	339	2	1	A
barcode10_consensus_vsearch	128	T	T	535	3	0.56%	2	2	93	93	0.1246511627905904	1	1	196	339	1	2	C
barcode10_consensus_vsearch	129	T	T	537	3	0.56%	2	1	93	93	0.12465245597770591	1	1	197	340	0	3	C
barcode10_consensus_vsearch	130	G	G	537	3	0.55%	2	2	93	93	0.12465245597770591	1	1	196	341	1	2	-C
barcode10_consensus_vsearch	131	C	C	534	4	0.74%	2	2	93	93	0.06215132534293568	1	1	194	340	2	2	T
barcode10_consensus_vsearch	132	C	C	538	3	0.55%	2	2	93	93	0.1246530989824234	1	1	195	343	2	1	T
barcode10_consensus_vsearch	133	C	C	530	6	1.11%	2	2	93	93	0.015406776410247038	1	1	191	339	3	3	T
barcode10_consensus_vsearch	134	A	*/-CA	523	7	1.3%	2	2	93	93	0.0076583100477239955	1	1	190	333	2	5	-CA
barcode10_consensus_vsearch	135	C	C	529	2	0.38%	2	2	93	93	0.24976437323210715	1	1	192	337	1	1	T
barcode10_consensus_vsearch	136	A	R	520	7	1.31%	2	2	93	93	0.0076574356719944486	1	1	191	329	1	6	G
barcode10_consensus_vsearch	137	G	G	536	2	0.37%	2	2	93	93	0.2497674418606225	1	1	194	342	1	1	-T
barcode10_consensus_vsearch	138	T	T	523	4	0.74%	2	1	93	93	0.062144044065959504	1	1	191	332	0	4	A
barcode10_consensus_vsearch	139	A	A	530	3	0.56%	2	2	93	93	0.12464788732389653	1	1	193	337	1	2	G
barcode10_consensus_vsearch	140	G	G	529	3	0.56%	2	1	93	93	0.12464722483554738	1	1	192	337	0	3	-T
barcode10_consensus_vsearch	141	T	*/-C	507	24	4.48%	2	2	93	93	4.5692901364158134E-8	1	1	185	322	9	15	-C
barcode10_consensus_vsearch	142	C	C	515	1	0.19%	2	1	93	93	0.4999999999990043	1	1	188	327	0	1	T
barcode10_consensus_vsearch	143	C	C	531	4	0.74%	2	1	93	93	0.062149369248170376	1	1	197	334	0	4	+T
barcode10_consensus_vsearch	144	C	Y	506	29	5.36%	2	2	93	93	1.2612794837500754E-9	1	1	195	311	1	28	T
barcode10_consensus_vsearch	145	C	Y	475	49	9.06%	2	1	93	93	5.474492197212097E-16	1	1	194	281	0	49	T
barcode10_consensus_vsearch	146	G	G	523	4	0.75%	2	1	93	93	0.062144044065959504	1	1	191	332	0	4	-CCAG
barcode10_consensus_vsearch	147	C	C	527	2	0.38%	2	1	93	93	0.24976348155137792	1	1	195	332	0	2	A
barcode10_consensus_vsearch	148	C	C	526	1	0.19%	2	1	93	93	0.4999999999999138	1	1	194	332	1	0	+A
barcode10_consensus_vsearch	149	A	A	533	1	0.19%	2	1	93	93	0.4999999999990043	1	1	196	337	1	0	-G
barcode10_consensus_vsearch	150	G	G	531	2	0.37%	2	1	93	93	0.249765258215703	1	1	196	335	0	2	-T
barcode10_consensus_vsearch	151	T	*/-C	527	7	1.3%	2	1	93	93	0.007659460657798071	1	1	189	338	7	0	-C
barcode10_consensus_vsearch	152	C	C	531	2	0.37%	2	2	93	93	0.249765258215703	1	1	188	343	1	1	T
barcode10_consensus_vsearch	153	C	*/-G	515	14	2.59%	2	1	93	93	5.594251257023409E-5	1	1	193	322	0	14	-G
barcode10_consensus_vsearch	154	G	G	520	5	0.95%	2	2	93	93	0.030952524030155748	1	1	192	328	4	1	A
barcode10_consensus_vsearch	155	G	G	531	4	0.74%	2	2	93	93	0.062149369248170376	1	1	193	338	3	1	-C
barcode10_consensus_vsearch	156	C	C	531	4	0.75%	2	2	93	93	0.062149369248170376	1	1	193	338	1	3	T
barcode10_consensus_vsearch	157	C	C	529	3	0.56%	2	2	93	93	0.12464722483554738	1	1	192	337	1	2	T
barcode10_consensus_vsearch	158	G	G	532	3	0.56%	2	2	93	93	0.12464920486402759	1	1	192	340	2	1	A
barcode10_consensus_vsearch	159	C	C	533	3	0.56%	2	2	93	93	0.12464985994384618	1	1	195	338	1	2	-T
barcode10_consensus_vsearch	160	T	T	534	3	0.56%	2	1	93	93	0.1246505125815118	1	1	196	338	0	3	C
barcode10_consensus_vsearch	161	T	*/-C	507	22	4.07%	2	2	93	93	1.9078488332450523E-7	1	1	175	332	17	5	-C
barcode10_consensus_vsearch	162	C	C	517	1	0.19%	2	1	93	93	0.5000000000008233	1	1	180	337	0	1	+TC
barcode10_consensus_vsearch	163	C	C	534	4	0.74%	2	2	93	93	0.06215132534293568	1	1	194	340	3	1	-A
barcode10_consensus_vsearch	164	A	A	527	6	1.12%	2	2	93	93	0.015405550465377539	1	1	191	336	1	5	-GC
barcode10_consensus_vsearch	165	G	G	526	6	1.12%	2	1	93	93	0.015405138750400803	1	1	187	339	6	0	-C
barcode10_consensus_vsearch	166	C	C	527	1	0.19%	2	1	93	93	0.4999999999999138	1	1	188	339	1	0	G
barcode10_consensus_vsearch	167	C	*/-A	525	11	2.04%	2	2	93	93	4.636255716146247E-4	1	1	182	343	10	1	-A
barcode10_consensus_vsearch	168	A	A	524	4	0.75%	2	2	93	93	0.06214471854291143	1	1	183	341	2	2	G
barcode10_consensus_vsearch	169	A	A	532	4	0.74%	2	2	93	93	0.06215002371389885	1	1	192	340	2	2	-G
barcode10_consensus_vsearch	170	G	G	537	0	0%	2	0	93	0	1.0	1	0	195	342	0	0	
barcode10_consensus_vsearch	171	G	G	532	3	0.55%	2	1	93	93	0.12464920486402759	1	1	190	342	3	0	-C
barcode10_consensus_vsearch	172	C	C	532	4	0.75%	2	1	93	93	0.06215002371389885	1	1	192	340	0	4	T
barcode10_consensus_vsearch	173	C	C	536	2	0.37%	2	1	93	93	0.2497674418606225	1	1	195	341	0	2	+T
barcode10_consensus_vsearch	174	C	*/+G	523	9	1.66%	2	1	93	93	0.0018876321934375318	1	1	192	331	0	9	+G
barcode10_consensus_vsearch	175	G	G	536	1	0.19%	2	1	93	93	0.4999999999999138	1	1	193	343	1	0	+A
barcode10_consensus_vsearch	176	A	A	535	3	0.56%	2	1	93	93	0.1246511627905904	1	1	196	339	0	3	G
barcode10_consensus_vsearch	177	T	T	532	5	0.93%	2	1	93	93	0.030959168383112096	1	1	191	341	5	0	-GC
barcode10_consensus_vsearch	178	G	G	531	1	0.19%	2	1	93	93	0.4999999999999138	1	1	190	341	0	1	+TG
barcode10_consensus_vsearch	179	C	*/-AC	516	9	1.68%	2	2	93	93	0.0018867669371326681	1	1	181	335	8	1	-AC
barcode10_consensus_vsearch	180	A	*/+C	512	7	1.32%	2	2	93	93	0.007655054778413619	1	1	176	336	5	2	+C
barcode10_consensus_vsearch	181	C	*/+T	505	10	1.91%	2	2	93	93	9.344350260442467E-4	1	1	181	324	1	9	+T
barcode10_consensus_vsearch	182	C	C	531	3	0.56%	2	2	93	93	0.12464854732871722	1	1	189	342	2	1	T
barcode10_consensus_vsearch	183	C	Y	525	12	2.22%	2	2	93	93	2.2943632667974108E-4	1	1	192	333	5	7	T
barcode10_consensus_vsearch	184	A	A	539	1	0.19%	2	1	93	93	0.4999999999999138	1	1	197	342	0	1	G
barcode10_consensus_vsearch	185	A	*/+C	514	12	2.22%	2	2	93	93	2.2913516603008534E-4	1	1	185	329	4	8	+C
barcode10_consensus_vsearch	186	C	C	527	2	0.38%	2	1	93	93	0.24976348155137792	1	1	191	336	0	2	+T
barcode10_consensus_vsearch	187	C	C	533	1	0.19%	2	1	93	93	0.4999999999990043	1	1	192	341	1	0	+A
barcode10_consensus_vsearch	188	C	*/-T	519	18	3.33%	2	1	93	93	3.30037773845427E-6	1	1	194	325	0	18	-T
barcode10_consensus_vsearch	189	T	W	510	9	1.72%	2	2	93	93	0.001886006885374921	1	1	186	324	8	1	A
barcode10_consensus_vsearch	190	T	T	524	5	0.93%	2	2	93	93	0.030954772292166692	1	1	188	336	3	2	-A
barcode10_consensus_vsearch	191	A	A	523	4	0.75%	2	1	93	93	0.062144044065959504	1	1	190	333	0	4	+G
barcode10_consensus_vsearch	192	G	G	532	5	0.93%	2	1	93	93	0.030959168383112096	1	1	188	344	5	0	-A
barcode10_consensus_vsearch	193	A	A	531	4	0.75%	2	1	93	93	0.062149369248170376	1	1	188	343	4	0	-G
barcode10_consensus_vsearch	194	G	G	533	2	0.37%	2	1	93	93	0.2497661365761488	1	1	189	344	2	0	-C
barcode10_consensus_vsearch	195	C	C	530	4	0.74%	2	2	93	93	0.06214871233009074	1	1	191	339	1	3	T
barcode10_consensus_vsearch	196	C	Y	525	11	2.03%	2	2	93	93	4.636255716146247E-4	1	1	192	333	2	9	T
barcode10_consensus_vsearch	197	A	A	535	3	0.56%	2	1	93	93	0.1246511627905904	1	1	192	343	3	0	G
barcode10_consensus_vsearch	198	A	*/-TC	506	22	4.07%	2	1	93	93	1.9070268067192221E-7	1	1	196	310	0	22	-TC
barcode10_consensus_vsearch	199	T	*/+C	498	7	1.37%	2	2	93	93	0.007650707432770799	1	1	191	307	4	3	+C
barcode10_consensus_vsearch	200	C	C	509	3	0.58%	2	1	93	93	0.12463343108497392	1	1	189	320	3	0	+A
barcode10_consensus_vsearch	201	C	*/-T	497	30	5.55%	2	2	93	93	6.09080083539139E-10	1	1	188	309	7	23	-T
barcode10_consensus_vsearch	202	T	T	497	5	0.98%	2	1	93	93	0.03093890157692688	1	1	187	310	0	5	+C
barcode10_consensus_vsearch	203	T	Y	529	7	1.3%	2	2	93	93	0.007660029547299292	1	1	193	336	2	5	C
barcode10_consensus_vsearch	204	T	T	531	4	0.74%	2	1	93	93	0.062149369248170376	1	1	196	335	0	4	C
barcode10_consensus_vsearch	205	T	*/-C	492	24	4.44%	2	2	93	93	4.533299061860545E-8	1	1	180	312	11	13	-C
barcode10_consensus_vsearch	206	C	C	507	3	0.59%	2	2	93	93	0.12463199214905368	1	1	179	328	1	2	T
barcode10_consensus_vsearch	207	C	C	532	2	0.37%	2	1	93	93	0.2497656982194512	1	1	190	342	2	0	T
barcode10_consensus_vsearch	208	C	Y	496	13	2.4%	2	2	93	93	1.1295865742239655E-4	1	1	186	310	2	11	T
barcode10_consensus_vsearch	209	G	G	525	3	0.56%	2	2	93	93	0.12464454976311873	1	1	185	340	1	2	-AA
barcode10_consensus_vsearch	210	A	A	529	1	0.19%	2	1	93	93	0.4999999999999138	1	1	188	341	1	0	+G
barcode10_consensus_vsearch	211	A	A	536	1	0.19%	2	1	93	93	0.4999999999999138	1	1	196	340	0	1	-G
barcode10_consensus_vsearch	212	G	G	536	1	0.19%	2	1	93	93	0.4999999999999138	1	1	194	342	1	0	+T
barcode10_consensus_vsearch	213	T	Y	532	7	1.3%	2	2	93	93	0.007660874995560234	1	1	194	338	3	4	C
barcode10_consensus_vsearch	214	T	T	536	2	0.37%	2	2	93	93	0.2497674418606225	1	1	196	340	1	1	-AC
barcode10_consensus_vsearch	215	A	A	533	4	0.74%	2	1	93	93	0.06215067574099081	1	1	195	338	0	4	G
barcode10_consensus_vsearch	216	C	C	530	3	0.56%	2	2	93	93	0.12464788732389653	1	1	193	337	1	2	+G
barcode10_consensus_vsearch	217	G	G	538	2	0.37%	2	1	93	93	0.24976830398477892	1	1	196	342	0	2	T
barcode10_consensus_vsearch	218	G	G	540	1	0.18%	2	1	93	93	0.5000000000008233	1	1	197	343	0	1	A
barcode10_consensus_vsearch	219	A	A	536	3	0.55%	2	1	93	93	0.12465181058487508	1	1	197	339	0	3	+T
barcode10_consensus_vsearch	220	T	T	533	5	0.92%	2	2	93	93	0.03095970870624187	1	1	194	339	1	4	C
barcode10_consensus_vsearch	221	C	C	531	6	1.11%	2	1	93	93	0.015407182020391647	1	1	196	335	0	6	-T
barcode10_consensus_vsearch	222	T	T	528	3	0.56%	2	2	93	93	0.12464655984919866	1	1	192	336	1	2	C
barcode10_consensus_vsearch	223	A	*/-T	509	18	3.35%	2	2	93	93	3.291166883739102E-6	1	1	183	326	8	10	-T
barcode10_consensus_vsearch	224	T	T	515	5	0.96%	2	2	93	93	0.030949665086703746	1	1	185	330	1	4	C
barcode10_consensus_vsearch	225	T	T	538	2	0.37%	2	1	93	93	0.24976830398477892	1	1	195	343	2	0	G
barcode10_consensus_vsearch	226	T	T	541	0	0%	2	0	93	0	1.0	1	0	197	344	0	0	
barcode10_consensus_vsearch	227	T	T	531	4	0.74%	2	1	93	93	0.062149369248170376	1	1	196	335	0	4	+G
barcode10_consensus_vsearch	228	G	G	531	2	0.37%	2	2	93	93	0.249765258215703	1	1	192	339	1	1	+C
barcode10_consensus_vsearch	229	C	C	533	3	0.56%	2	2	93	93	0.12464985994384618	1	1	194	339	1	2	A
barcode10_consensus_vsearch	230	C	Y	527	7	1.3%	2	2	93	93	0.007659460657798071	1	1	192	335	2	5	T
barcode10_consensus_vsearch	231	G	G	533	2	0.37%	2	2	93	93	0.2497661365761488	1	1	192	341	1	1	+A
barcode10_consensus_vsearch	232	A	A	531	5	0.93%	2	2	93	93	0.030958626044663474	1	1	192	339	2	3	G
barcode10_consensus_vsearch	233	C	C	533	4	0.74%	2	1	93	93	0.06215067574099081	1	1	195	338	0	4	-T
barcode10_consensus_vsearch	234	T	T	531	3	0.56%	2	1	93	93	0.12464854732871722	1	1	195	336	0	3	C
barcode10_consensus_vsearch	235	T	*/-C	380	126	23.42%	2	2	93	93	1.5822867064214868E-42	1	1	168	212	19	107	-C
barcode10_consensus_vsearch	236	C	C	403	0	0%	2	0	93	0	1.0	1	0	174	229	0	0	
barcode10_consensus_vsearch	237	C	*/+A	509	15	2.83%	2	1	93	93	2.7569305307319475E-5	1	1	178	331	15	0	+A
barcode10_consensus_vsearch	238	C	*/-T	512	12	2.23%	2	2	93	93	2.2907907965120128E-4	1	1	195	317	1	11	-T
barcode10_consensus_vsearch	239	T	W	505	15	2.86%	2	2	93	93	2.754746143759851E-5	1	1	181	324	14	1	A
barcode10_consensus_vsearch	240	T	T	529	5	0.93%	2	2	93	93	0.030957535277242203	1	1	196	333	1	4	C
barcode10_consensus_vsearch	241	A	A	536	1	0.19%	2	1	93	93	0.4999999999999138	1	1	197	339	0	1	+T
barcode10_consensus_vsearch	242	T	T	539	1	0.18%	2	1	93	93	0.4999999999999138	1	1	196	343	1	0	+AT
barcode10_consensus_vsearch	243	C	C	535	4	0.74%	2	1	93	93	0.06215197253344983	1	1	196	339	0	4	-T
barcode10_consensus_vsearch	244	T	T	535	1	0.19%	2	1	93	93	0.4999999999999138	1	1	195	340	1	0	C
barcode10_consensus_vsearch	245	A	A	533	4	0.74%	2	2	93	93	0.06215067574099081	1	1	192	341	3	1	G
barcode10_consensus_vsearch	246	C	C	536	1	0.19%	2	1	93	93	0.4999999999999138	1	1	194	342	0	1	+T
barcode10_consensus_vsearch	247	A	A	535	2	0.37%	2	2	93	93	0.24976700838742935	1	1	194	341	1	1	G
barcode10_consensus_vsearch	248	T	T	538	1	0.19%	2	1	93	93	0.5000000000008233	1	1	195	343	1	0	G
barcode10_consensus_vsearch	249	T	T	533	2	0.37%	2	2	93	93	0.2497661365761488	1	1	193	340	1	1	C
barcode10_consensus_vsearch	250	G	G	535	2	0.37%	2	1	93	93	0.24976700838742935	1	1	195	340	0	2	A
barcode10_consensus_vsearch	251	T	T	537	1	0.19%	2	1	93	93	0.4999999999999138	1	1	194	343	1	0	C
barcode10_consensus_vsearch	252	T	T	534	4	0.74%	2	2	93	93	0.06215132534293568	1	1	194	340	1	3	C
barcode10_consensus_vsearch	253	C	*/-T	530	7	1.3%	2	2	93	93	0.007660312408999644	1	1	194	336	2	5	-T
barcode10_consensus_vsearch	254	T	T	531	1	0.19%	2	1	93	93	0.4999999999999138	1	1	193	338	1	0	-AT
barcode10_consensus_vsearch	255	A	A	539	1	0.19%	2	1	93	93	0.4999999999999138	1	1	195	344	1	0	+CC
barcode10_consensus_vsearch	256	T	T	533	5	0.93%	2	1	93	93	0.03095970870624187	1	1	190	343	5	0	+C
barcode10_consensus_vsearch	257	C	C	539	1	0.18%	2	1	93	93	0.4999999999999138	1	1	196	343	0	1	+A
barcode10_consensus_vsearch	258	A	A	536	3	0.55%	2	1	93	93	0.12465181058487508	1	1	196	340	0	3	G
barcode10_consensus_vsearch	259	A	A	532	4	0.74%	2	2	93	93	0.06215002371389885	1	1	192	340	3	1	G
barcode10_consensus_vsearch	260	C	C	531	4	0.74%	2	2	93	93	0.062149369248170376	1	1	191	340	3	1	-T
barcode10_consensus_vsearch	261	T	*/-A	514	9	1.68%	2	2	93	93	0.0018865155062670598	1	1	182	332	8	1	-A
barcode10_consensus_vsearch	262	A	A	523	3	0.56%	2	1	93	93	0.12464319695528758	1	1	184	339	3	0	-G
barcode10_consensus_vsearch	263	G	G	527	5	0.93%	2	2	93	93	0.030956436312490055	1	1	185	342	4	1	-AG
barcode10_consensus_vsearch	264	A	A	527	4	0.75%	2	2	93	93	0.06214672672359405	1	1	187	340	2	2	-G
barcode10_consensus_vsearch	265	G	G	524	3	0.56%	2	2	93	93	0.12464387464392387	1	1	190	334	1	2	+AG
barcode10_consensus_vsearch	266	G	G	535	3	0.56%	2	2	93	93	0.1246511627905904	1	1	194	341	2	1	A
barcode10_consensus_vsearch	267	C	Y	528	9	1.67%	2	2	93	93	0.0018882365473064763	1	1	194	334	1	8	T
barcode10_consensus_vsearch	268	T	Y	530	8	1.48%	2	2	93	93	0.0038052156524719656	1	1	195	335	1	7	C
barcode10_consensus_vsearch	269	G	G	535	2	0.37%	2	2	93	93	0.24976700838742935	1	1	194	341	1	1	A
barcode10_consensus_vsearch	270	T	T	536	1	0.18%	2	1	93	93	0.4999999999999138	1	1	197	339	0	1	+C
barcode10_consensus_vsearch	271	T	T	533	4	0.74%	2	2	93	93	0.06215067574099081	1	1	194	339	1	3	C
barcode10_consensus_vsearch	272	C	C	538	1	0.18%	2	1	93	93	0.5000000000008233	1	1	197	341	0	1	+A
barcode10_consensus_vsearch	273	A	A	536	3	0.55%	2	2	93	93	0.12465181058487508	1	1	194	342	2	1	-C
barcode10_consensus_vsearch	274	C	C	536	1	0.19%	2	1	93	93	0.4999999999999138	1	1	194	342	1	0	+AC
barcode10_consensus_vsearch	275	C	*/-T	513	22	4.07%	2	1	93	93	1.912722385035204E-7	1	1	195	318	0	22	-T
barcode10_consensus_vsearch	276	T	T	515	1	0.19%	2	1	93	93	0.4999999999990043	1	1	195	320	0	1	+T
barcode10_consensus_vsearch	277	T	*/-G	454	84	15.56%	2	2	93	93	1.535625270722353E-27	1	1	192	262	4	80	-G
barcode10_consensus_vsearch	278	G	G	454	3	0.66%	2	1	93	93	0.12458926615549139	1	1	193	261	0	3	T
barcode10_consensus_vsearch	279	G	G	539	1	0.18%	2	1	93	93	0.4999999999999138	1	1	195	344	1	0	+A
barcode10_consensus_vsearch	280	A	A	535	2	0.37%	2	1	93	93	0.24976700838742935	1	1	192	343	2	0	-G
barcode10_consensus_vsearch	281	G	G	537	2	0.37%	2	2	93	93	0.2497678737226224	1	1	194	343	1	1	+T
barcode10_consensus_vsearch	282	A	A	532	3	0.55%	2	2	93	93	0.12464920486402759	1	1	193	339	1	2	G
barcode10_consensus_vsearch	283	C	C	533	4	0.74%	2	1	93	93	0.06215067574099081	1	1	195	338	0	4	+T
barcode10_consensus_vsearch	284	C	C	537	3	0.56%	2	1	93	93	0.12465245597770591	1	1	196	341	0	3	-T
barcode10_consensus_vsearch	285	T	T	529	3	0.56%	2	1	93	93	0.12464722483554738	1	1	197	332	0	3	A
barcode10_consensus_vsearch	286	G	G	534	4	0.74%	2	1	93	93	0.06215132534293568	1	1	197	337	0	4	A
barcode10_consensus_vsearch	287	C	Y	520	12	2.23%	2	1	93	93	2.293009473830571E-4	1	1	193	327	0	12	T
barcode10_consensus_vsearch	288	T	T	528	2	0.37%	2	1	93	93	0.24976392823365007	1	1	194	334	0	2	+G
barcode10_consensus_vsearch	289	G	G	524	4	0.75%	2	2	93	93	0.06214471854291143	1	1	194	330	1	3	A
barcode10_consensus_vsearch	290	C	*/-G	505	11	2.08%	2	2	93	93	4.626858203661697E-4	1	1	194	311	2	9	-G
barcode10_consensus_vsearch	291	G	R	514	8	1.53%	2	2	93	93	0.0038021382913158916	1	1	193	321	2	6	A
barcode10_consensus_vsearch	292	G	G	529	2	0.37%	2	1	93	93	0.24976437323210715	1	1	194	335	2	0	+T
barcode10_consensus_vsearch	293	T	T	531	6	1.12%	2	2	93	93	0.015407182020391647	1	1	195	336	2	4	C
barcode10_consensus_vsearch	294	T	T	528	5	0.93%	2	1	93	93	0.03095698682522861	1	1	195	333	0	5	+A
barcode10_consensus_vsearch	295	A	R	522	10	1.86%	2	1	93	93	9.357645849939003E-4	1	1	195	327	0	10	G
barcode10_consensus_vsearch	296	T	T	520	5	0.93%	2	1	93	93	0.030952524030155748	1	1	193	327	0	5	C
barcode10_consensus_vsearch	297	G	G	532	2	0.37%	2	1	93	93	0.2497656982194512	1	1	192	340	2	0	+A
barcode10_consensus_vsearch	298	A	A	534	4	0.74%	2	2	93	93	0.06215132534293568	1	1	194	340	2	2	-G
barcode10_consensus_vsearch	299	G	G	533	3	0.56%	2	2	93	93	0.12464985994384618	1	1	193	340	1	2	-T
barcode10_consensus_vsearch	300	T	T	525	5	0.93%	2	2	93	93	0.03095532905764353	1	1	192	333	2	3	C
barcode10_consensus_vsearch	301	A	A	533	3	0.56%	2	2	93	93	0.12464985994384618	1	1	192	341	1	2	C
barcode10_consensus_vsearch	302	C	C	533	4	0.74%	2	1	93	93	0.06215067574099081	1	1	195	338	0	4	T
barcode10_consensus_vsearch	303	G	G	536	1	0.19%	2	1	93	93	0.4999999999999138	1	1	196	340	0	1	+A
barcode10_consensus_vsearch	304	A	A	535	3	0.56%	2	2	93	93	0.1246511627905904	1	1	194	341	2	1	G
barcode10_consensus_vsearch	305	C	C	536	2	0.37%	2	1	93	93	0.2497674418606225	1	1	197	339	0	2	+T
barcode10_consensus_vsearch	306	C	C	534	3	0.55%	2	1	93	93	0.1246505125815118	1	1	196	338	0	3	+TC
barcode10_consensus_vsearch	307	A	A	533	4	0.74%	2	1	93	93	0.06215067574099081	1	1	197	336	0	4	-G
barcode10_consensus_vsearch	308	G	G	531	2	0.37%	2	1	93	93	0.249765258215703	1	1	196	335	0	2	+T
barcode10_consensus_vsearch	309	G	G	534	2	0.37%	2	1	93	93	0.24976657329578222	1	1	197	337	0	2	-C
barcode10_consensus_vsearch	310	C	Y	519	9	1.67%	2	1	93	93	0.0018871405447592163	1	1	196	323	0	9	T
barcode10_consensus_vsearch	311	G	G	527	2	0.38%	2	2	93	93	0.24976348155137792	1	1	194	333	1	1	A
barcode10_consensus_vsearch	312	C	*/-A	400	106	19.96%	2	2	93	93	2.62203066587337E-35	1	1	155	245	33	73	-A
barcode10_consensus_vsearch	313	A	A	422	2	0.47%	2	1	93	93	0.2497048406136616	1	1	156	266	0	2	G
barcode10_consensus_vsearch	314	A	A	531	2	0.38%	2	2	93	93	0.249765258215703	1	1	189	342	1	1	G
barcode10_consensus_vsearch	315	A	A	532	4	0.74%	2	1	93	93	0.06215002371389885	1	1	189	343	4	0	G
barcode10_consensus_vsearch	316	A	A	537	3	0.56%	2	2	93	93	0.12465245597770591	1	1	196	341	1	2	G
barcode10_consensus_vsearch	317	A	A	535	3	0.55%	2	1	93	93	0.1246511627905904	1	1	192	343	3	0	G
barcode10_consensus_vsearch	318	T	T	531	5	0.93%	2	1	93	93	0.030958626044663474	1	1	188	343	5	0	G
barcode10_consensus_vsearch	319	T	T	535	2	0.37%	2	2	93	93	0.24976700838742935	1	1	194	341	1	1	-A
barcode10_consensus_vsearch	320	A	A	532	2	0.37%	2	1	93	93	0.2497656982194512	1	1	193	339	2	0	G
barcode10_consensus_vsearch	321	T	T	528	5	0.93%	2	1	93	93	0.03095698682522861	1	1	195	333	0	5	+C
barcode10_consensus_vsearch	322	T	*/-C	529	8	1.48%	2	2	93	93	0.003805028656772291	1	1	194	335	3	5	-C
barcode10_consensus_vsearch	323	C	C	530	1	0.19%	2	1	93	93	0.4999999999990043	1	1	192	338	1	0	+A
barcode10_consensus_vsearch	324	A	A	539	1	0.18%	2	1	93	93	0.4999999999999138	1	1	196	343	1	0	+CA
barcode10_consensus_vsearch	325	T	T	537	2	0.37%	2	1	93	93	0.2497678737226224	1	1	196	341	0	2	+AT
barcode10_consensus_vsearch	326	T	*/-C	445	71	13.12%	2	2	93	93	3.187331163561025E-23	1	1	166	279	29	42	-C
barcode10_consensus_vsearch	327	C	C	464	3	0.64%	2	2	93	93	0.12459807073940411	1	1	166	298	2	1	T
barcode10_consensus_vsearch	328	C	C	534	2	0.37%	2	1	93	93	0.24976657329578222	1	1	195	339	2	0	+G
barcode10_consensus_vsearch	329	C	*/-T	521	11	2.03%	2	1	93	93	4.634431815629532E-4	1	1	194	327	0	11	-T
barcode10_consensus_vsearch	330	T	T	520	3	0.57%	2	2	93	93	0.12464114832532827	1	1	192	328	1	2	C
barcode10_consensus_vsearch	331	T	*/-G	377	153	28.54%	2	2	93	93	2.2449675153394505E-52	1	1	189	188	4	149	-G
barcode10_consensus_vsearch	332	G	R	360	18	4.64%	2	1	93	93	3.1008160396003633E-6	1	1	175	185	18	0	A
barcode10_consensus_vsearch	333	G	*/-A	526	13	2.4%	2	1	93	93	1.1345320738221818E-4	1	1	182	344	13	0	-A
barcode10_consensus_vsearch	334	A	*/+T	459	31	5.89%	2	2	93	93	2.8532902400318293E-10	1	1	170	289	5	26	+T
barcode10_consensus_vsearch	335	T	T	509	1	0.2%	2	1	93	93	0.4999999999999138	1	1	191	318	1	0	+AC
barcode10_consensus_vsearch	336	T	T	536	2	0.37%	2	1	93	93	0.2497674418606225	1	1	196	340	0	2	C
barcode10_consensus_vsearch	337	T	T	535	4	0.74%	2	2	93	93	0.06215197253344983	1	1	196	339	1	3	C
barcode10_consensus_vsearch	338	T	T	534	4	0.74%	2	1	93	93	0.06215132534293568	1	1	192	342	4	0	+C
barcode10_consensus_vsearch	339	C	*/-A	510	21	3.89%	2	2	93	93	3.89759474430957E-7	1	1	183	327	10	11	-A
barcode10_consensus_vsearch	340	A	R	506	8	1.54%	2	2	93	93	0.003800528228464504	1	1	183	323	3	5	G
barcode10_consensus_vsearch	341	A	R	523	12	2.22%	2	2	93	93	2.2938247236163674E-4	1	1	193	330	2	10	G
barcode10_consensus_vsearch	342	G	*/+C	519	10	1.86%	2	1	93	93	9.355360884142277E-4	1	1	196	323	0	10	+C
barcode10_consensus_vsearch	343	G	G	539	1	0.18%	2	1	93	93	0.4999999999999138	1	1	196	343	0	1	+CG
barcode10_consensus_vsearch	344	A	A	539	1	0.18%	2	1	93	93	0.4999999999999138	1	1	197	342	0	1	+C
barcode10_consensus_vsearch	345	C	C	535	4	0.74%	2	2	93	93	0.06215197253344983	1	1	194	341	3	1	-T
barcode10_consensus_vsearch	346	T	Y	504	28	5.21%	2	2	93	93	2.586778362390961E-9	1	1	191	313	3	25	C
barcode10_consensus_vsearch	347	G	G	535	2	0.37%	2	1	93	93	0.24976700838742935	1	1	194	341	2	0	A
barcode10_consensus_vsearch	348	T	T	534	2	0.37%	2	2	93	93	0.24976657329578222	1	1	193	341	1	1	G
barcode10_consensus_vsearch	349	C	*/-A	523	12	2.22%	2	2	93	93	2.2938247236163674E-4	1	1	187	336	7	5	-A
barcode10_consensus_vsearch	350	A	R	511	9	1.71%	2	2	93	93	0.0018861347673471657	1	1	178	333	6	3	G
barcode10_consensus_vsearch	351	A	*/-G	509	14	2.59%	2	2	93	93	5.588589091343402E-5	1	1	190	319	4	10	-G
barcode10_consensus_vsearch	352	G	G	512	5	0.95%	2	1	93	93	0.030947923190345967	1	1	189	323	0	5	+T
barcode10_consensus_vsearch	353	G	G	538	2	0.37%	2	1	93	93	0.24976830398477892	1	1	195	343	2	0	-A
barcode10_consensus_vsearch	354	A	A	534	2	0.37%	2	2	93	93	0.24976657329578222	1	1	193	341	1	1	G
barcode10_consensus_vsearch	355	C	C	526	5	0.92%	2	1	93	93	0.030955883727255742	1	1	189	337	5	0	-GC
barcode10_consensus_vsearch	356	G	G	530	2	0.37%	2	1	93	93	0.24976481655673516	1	1	189	341	0	2	+TG
barcode10_consensus_vsearch	357	C	C	526	4	0.75%	2	1	93	93	0.06214605985717208	1	1	191	335	0	4	T
barcode10_consensus_vsearch	358	A	*/-C	521	13	2.4%	2	2	93	93	1.1337454285865033E-4	1	1	187	334	4	9	-C
barcode10_consensus_vsearch	359	C	C	522	2	0.38%	2	2	93	93	0.24976122254010238	1	1	190	332	1	1	+AC
barcode10_consensus_vsearch	360	C	*/-G	506	30	5.55%	2	1	93	93	6.135635957364626E-10	1	1	195	311	0	30	-G
barcode10_consensus_vsearch	361	G	K	500	9	1.76%	2	1	93	93	0.0018847006922458715	1	1	196	304	0	9	T
barcode10_consensus_vsearch	362	G	G	538	1	0.18%	2	1	93	93	0.5000000000008233	1	1	194	344	1	0	-A
barcode10_consensus_vsearch	363	A	*/+C	505	28	5.19%	2	1	93	93	2.588596430022469E-9	1	1	189	316	0	28	+C
barcode10_consensus_vsearch	364	C	C	532	4	0.74%	2	1	93	93	0.06215002371389885	1	1	193	339	0	4	-T
barcode10_consensus_vsearch	365	T	*/-C	507	12	2.23%	2	1	93	93	2.2893701270690307E-4	1	1	196	311	0	12	-C
barcode10_consensus_vsearch	366	C	C	517	5	0.95%	2	1	93	93	0.030950815233205912	1	1	194	323	0	5	+G
barcode10_consensus_vsearch	367	G	G	537	1	0.18%	2	1	93	93	0.4999999999999138	1	1	195	342	0	1	+A
barcode10_consensus_vsearch	368	A	A	531	5	0.93%	2	2	93	93	0.030958626044663474	1	1	194	337	2	3	G
barcode10_consensus_vsearch	369	C	*/-GG	500	18	3.33%	2	2	93	93	3.2825909837906893E-6	1	1	172	328	17	1	-GG
barcode10_consensus_vsearch	370	G	G	507	5	0.97%	2	2	93	93	0.03094497469082244	1	1	173	334	4	1	A
barcode10_consensus_vsearch	371	G	*/-A	512	7	1.34%	2	2	93	93	0.007655054778413619	1	1	173	339	5	2	-A
barcode10_consensus_vsearch	372	A	A	527	2	0.38%	2	1	93	93	0.24976348155137792	1	1	187	340	2	0	+G
barcode10_consensus_vsearch	373	G	G	526	3	0.56%	2	1	93	93	0.12464522232734096	1	1	190	336	3	0	+A
barcode10_consensus_vsearch	374	G	G	532	4	0.74%	2	1	93	93	0.06215002371389885	1	1	193	339	4	0	T
barcode10_consensus_vsearch	375	T	Y	527	7	1.3%	2	2	93	93	0.007659460657798071	1	1	196	331	1	6	C
barcode10_consensus_vsearch	376	G	G	530	2	0.37%	2	1	93	93	0.24976481655673516	1	1	197	333	0	2	+CG
barcode10_consensus_vsearch	377	T	Y	523	8	1.49%	2	2	93	93	0.003803891984112379	1	1	193	330	2	6	C
barcode10_consensus_vsearch	378	C	*/+A	520	8	1.48%	2	2	93	93	0.0038033140209771956	1	1	182	338	7	1	+A
barcode10_consensus_vsearch	379	G	*/-A	525	7	1.31%	2	1	93	93	0.007658887507292351	1	1	184	341	7	0	-A
barcode10_consensus_vsearch	380	A	A	518	5	0.94%	2	2	93	93	0.030951387009327987	1	1	180	338	2	3	G
barcode10_consensus_vsearch	381	G	G	524	6	1.12%	2	1	93	93	0.015404310668549302	1	1	192	332	0	6	+C
barcode10_consensus_vsearch	382	C	*/-T	523	10	1.86%	2	1	93	93	9.358401860391775E-4	1	1	195	328	0	10	-T
barcode10_consensus_vsearch	383	T	T	523	3	0.57%	2	2	93	93	0.12464319695528758	1	1	195	328	1	2	C
barcode10_consensus_vsearch	384	C	*/-T	504	21	3.9%	2	2	93	93	3.88844337635602E-7	1	1	194	310	1	20	-T
barcode10_consensus_vsearch	385	T	T	508	4	0.77%	2	1	93	93	0.06213361059983062	1	1	191	317	0	4	C
barcode10_consensus_vsearch	386	A	A	530	2	0.37%	2	1	93	93	0.24976481655673516	1	1	192	338	0	2	G
barcode10_consensus_vsearch	387	C	*/+T	519	12	2.23%	2	1	93	93	2.2927357192867824E-4	1	1	192	327	0	12	+T
barcode10_consensus_vsearch	388	C	C	529	3	0.56%	2	1	93	93	0.12464722483554738	1	1	191	338	3	0	+A
barcode10_consensus_vsearch	389	A	A	529	6	1.11%	2	2	93	93	0.015406369286722026	1	1	193	336	2	4	G
barcode10_consensus_vsearch	390	G	R	523	12	2.23%	2	1	93	93	2.2938247236163674E-4	1	1	182	341	12	0	A
barcode10_consensus_vsearch	391	C	C	534	1	0.19%	2	1	93	93	0.5000000000008233	1	1	194	340	0	1	A
barcode10_consensus_vsearch	392	C	C	534	2	0.37%	2	1	93	93	0.24976657329578222	1	1	191	343	2	0	-A
barcode10_consensus_vsearch	393	A	A	530	3	0.56%	2	2	93	93	0.12464788732389653	1	1	188	342	2	1	-T
barcode10_consensus_vsearch	394	T	T	534	2	0.37%	2	1	93	93	0.24976657329578222	1	1	192	342	2	0	G
barcode10_consensus_vsearch	395	T	T	536	3	0.55%	2	1	93	93	0.12465181058487508	1	1	196	340	0	3	C
barcode10_consensus_vsearch	396	G	G	537	3	0.55%	2	1	93	93	0.12465245597770591	1	1	196	341	0	3	+A
barcode10_consensus_vsearch	397	A	A	537	3	0.56%	2	2	93	93	0.12465245597770591	1	1	194	343	2	1	G
barcode10_consensus_vsearch	398	A	*/-C	508	17	3.15%	2	2	93	93	6.688644614594906E-6	1	1	174	334	11	6	-C
barcode10_consensus_vsearch	399	C	C	519	2	0.38%	2	1	93	93	0.24975984630119435	1	1	185	334	0	2	+T
barcode10_consensus_vsearch	400	C	C	535	3	0.55%	2	1	93	93	0.1246511627905904	1	1	197	338	0	3	+T
barcode10_consensus_vsearch	401	C	*/-T	525	8	1.48%	2	2	93	93	0.003804273700811284	1	1	195	330	1	7	-T
barcode10_consensus_vsearch	402	T	T	524	3	0.56%	2	2	93	93	0.12464387464392387	1	1	193	331	1	2	C
barcode10_consensus_vsearch	403	A	R	525	11	2.04%	2	2	93	93	4.636255716146247E-4	1	1	187	338	8	3	G
barcode10_consensus_vsearch	404	G	G	529	4	0.74%	2	1	93	93	0.06214805294605921	1	1	193	336	0	4	-C
barcode10_consensus_vsearch	405	C	*/-T	518	13	2.43%	2	1	93	93	1.1332665126765282E-4	1	1	196	322	0	13	-T
barcode10_consensus_vsearch	406	T	*/-C	501	21	4.01%	2	2	93	93	3.883795455793878E-7	1	1	176	325	20	1	-C
barcode10_consensus_vsearch	407	C	C	513	2	0.39%	2	1	93	93	0.24975704567566578	1	1	175	338	0	2	T
barcode10_consensus_vsearch	408	C	*/-G	505	19	3.53%	2	1	93	93	1.6154364759579755E-6	1	1	197	308	0	19	-G
barcode10_consensus_vsearch	409	G	G	519	1	0.19%	2	1	93	93	0.5000000000008233	1	1	195	324	1	0	+A
barcode10_consensus_vsearch	410	G	G	539	1	0.18%	2	1	93	93	0.4999999999999138	1	1	196	343	1	0	-A
barcode10_consensus_vsearch	411	A	A	537	2	0.37%	2	2	93	93	0.2497678737226224	1	1	195	342	1	1	G
barcode10_consensus_vsearch	412	T	T	537	1	0.19%	2	1	93	93	0.4999999999999138	1	1	197	340	0	1	+A
barcode10_consensus_vsearch	413	A	A	538	2	0.37%	2	2	93	93	0.24976830398477892	1	1	196	342	1	1	G
barcode10_consensus_vsearch	414	A	A	536	3	0.55%	2	1	93	93	0.12465181058487508	1	1	196	340	0	3	+C
barcode10_consensus_vsearch	415	T	T	537	3	0.55%	2	1	93	93	0.12465245597770591	1	1	197	340	0	3	-C
barcode10_consensus_vsearch	416	C	C	535	2	0.37%	2	1	93	93	0.24976700838742935	1	1	196	339	0	2	T
barcode10_consensus_vsearch	417	C	C	528	5	0.92%	2	1	93	93	0.03095698682522861	1	1	196	332	0	5	+G
barcode10_consensus_vsearch	418	G	G	537	2	0.37%	2	2	93	93	0.2497678737226224	1	1	195	342	1	1	A
barcode10_consensus_vsearch	419	A	A	538	2	0.37%	2	1	93	93	0.24976830398477892	1	1	196	342	0	2	-T
barcode10_consensus_vsearch	420	T	T	539	0	0%	2	0	93	0	1.0	1	0	197	342	0	0	
barcode10_consensus_vsearch	421	T	T	540	1	0.18%	2	1	93	93	0.5000000000008233	1	1	197	343	0	1	C
barcode10_consensus_vsearch	422	T	*/+C	524	15	2.77%	2	2	93	93	2.7648437306886195E-5	1	1	186	338	10	5	+C
barcode10_consensus_vsearch	423	C	C	532	2	0.37%	2	1	93	93	0.2497656982194512	1	1	193	339	2	0	+G
barcode10_consensus_vsearch	424	A	*/-G	501	15	2.78%	2	2	93	93	2.7525291760534587E-5	1	1	185	316	1	14	-G
barcode10_consensus_vsearch	425	G	G	518	5	0.95%	2	1	93	93	0.030951387009327987	1	1	191	327	5	0	+A
barcode10_consensus_vsearch	426	G	G	533	4	0.74%	2	1	93	93	0.06215067574099081	1	1	191	342	4	0	+A
barcode10_consensus_vsearch	427	G	G	532	3	0.56%	2	2	93	93	0.12464920486402759	1	1	193	339	1	2	A
barcode10_consensus_vsearch	428	T	T	531	4	0.74%	2	2	93	93	0.062149369248170376	1	1	195	336	2	2	C
barcode10_consensus_vsearch	429	G	G	535	2	0.37%	2	1	93	93	0.24976700838742935	1	1	195	340	2	0	A
barcode10_consensus_vsearch	430	G	G	534	4	0.74%	2	2	93	93	0.06215132534293568	1	1	195	339	2	2	A
barcode10_consensus_vsearch	431	T	T	530	5	0.93%	2	2	93	93	0.030958081679908694	1	1	193	337	1	4	C
barcode10_consensus_vsearch	432	A	A	534	3	0.56%	2	2	93	93	0.1246505125815118	1	1	194	340	1	2	G
barcode10_consensus_vsearch	433	G	G	536	2	0.37%	2	2	93	93	0.2497674418606225	1	1	194	342	1	1	A
barcode10_consensus_vsearch	434	A	R	533	7	1.29%	2	2	93	93	0.007661154731964119	1	1	196	337	1	6	G
barcode10_consensus_vsearch	435	C	C	538	1	0.19%	2	1	93	93	0.5000000000008233	1	1	196	342	0	1	+T
barcode10_consensus_vsearch	436	T	T	529	6	1.11%	2	1	93	93	0.015406369286722026	1	1	196	333	0	6	C
barcode10_consensus_vsearch	437	G	G	536	2	0.37%	2	2	93	93	0.2497674418606225	1	1	196	340	1	1	A
barcode10_consensus_vsearch	438	T	T	537	2	0.37%	2	1	93	93	0.2497678737226224	1	1	196	341	0	2	C
barcode10_consensus_vsearch	439	T	*/-A	517	13	2.41%	2	2	93	93	1.1331057001453964E-4	1	1	179	338	10	3	-A
barcode10_consensus_vsearch	440	A	A	507	6	1.15%	2	2	93	93	0.01539701179736281	1	1	177	330	2	4	G
barcode10_consensus_vsearch	441	A	R	524	7	1.31%	2	2	93	93	0.007658599319160323	1	1	187	337	3	4	G
barcode10_consensus_vsearch	442	G	G	522	5	0.92%	2	2	93	93	0.03095365242531379	1	1	194	328	1	4	+A
barcode10_consensus_vsearch	443	G	*/+AAA	514	11	2.03%	2	2	93	93	4.6311742211065505E-4	1	1	180	334	8	3	+AAA
barcode10_consensus_vsearch	444	A	*/-G	518	17	3.17%	2	1	93	93	6.705377029224574E-6	1	1	175	343	17	0	-G
barcode10_consensus_vsearch	445	G	*/+A	492	28	5.34%	2	2	93	93	2.5645054161686894E-9	1	1	167	325	12	16	+A
barcode10_consensus_vsearch	446	A	A	534	3	0.56%	2	1	93	93	0.1246505125815118	1	1	194	340	0	3	G
barcode10_consensus_vsearch	447	A	A	533	3	0.55%	2	1	93	93	0.12464985994384618	1	1	193	340	0	3	G
barcode10_consensus_vsearch	448	A	*/+GAAA	477	48	8.87%	2	2	93	93	1.1526961018984049E-15	1	1	167	310	23	25	+GAAA
barcode10_consensus_vsearch	449	A	*/+C	442	79	14.6%	2	2	93	93	6.735030586732499E-26	1	1	134	308	45	34	+C
barcode10_consensus_vsearch	450	G	*/+AAAACT	11	252	47.55%	1	2	93	93	1.748923159033069E-138	1	1	11	0	60	192	+AAAACT
barcode10_consensus_vsearch	451	C	C	535	5	0.92%	2	1	93	93	0.030960783351964165	1	1	196	339	0	5	+T
barcode10_consensus_vsearch	452	T	*/+C	444	67	12.38%	2	2	93	93	6.6870195675194775E-22	1	1	124	320	48	19	+C
barcode10_consensus_vsearch	453	T	*/-C	514	19	3.51%	2	2	93	93	1.6200546120716254E-6	1	1	178	336	17	2	-C
barcode10_consensus_vsearch	454	C	Y	479	42	8.06%	2	2	93	93	9.613739872566103E-14	1	1	147	332	32	10	T
barcode10_consensus_vsearch	455	C	Y	522	16	2.96%	2	1	93	93	1.3626242060282805E-5	1	1	179	343	16	0	T
barcode10_consensus_vsearch	456	C	*/-G	503	22	4.07%	2	2	93	93	1.9045436945411547E-7	1	1	192	311	2	20	-G
barcode10_consensus_vsearch	457	G	R	495	19	3.68%	2	2	93	93	1.610128365111685E-6	1	1	177	318	18	1	A
barcode10_consensus_vsearch	458	G	G	533	3	0.56%	2	1	93	93	0.12464985994384618	1	1	195	338	0	3	A
barcode10_consensus_vsearch	459	G	G	534	4	0.74%	2	1	93	93	0.06215132534293568	1	1	194	340	0	4	A
barcode10_consensus_vsearch	460	G	G	528	4	0.74%	2	1	93	93	0.0621473910819107	1	1	192	336	0	4	+C
barcode10_consensus_vsearch	461	C	C	536	2	0.37%	2	1	93	93	0.2497674418606225	1	1	194	342	0	2	T
barcode10_consensus_vsearch	462	C	C	536	2	0.37%	2	1	93	93	0.2497674418606225	1	1	195	341	0	2	+T
barcode10_consensus_vsearch	463	C	*/-T	507	16	2.96%	2	2	93	93	1.3581424094601817E-5	1	1	190	317	1	15	-T
barcode10_consensus_vsearch	464	T	T	518	1	0.19%	2	1	93	93	0.4999999999999138	1	1	193	325	0	1	+CT
barcode10_consensus_vsearch	465	T	Y	525	7	1.31%	2	1	93	93	0.007658887507292351	1	1	195	330	0	7	C
barcode10_consensus_vsearch	466	G	G	535	1	0.19%	2	1	93	93	0.4999999999999138	1	1	196	339	0	1	-C
barcode10_consensus_vsearch	467	C	C	533	2	0.37%	2	1	93	93	0.2497661365761488	1	1	194	339	2	0	+G
barcode10_consensus_vsearch	468	C	C	535	2	0.37%	2	1	93	93	0.24976700838742935	1	1	196	339	0	2	-A
barcode10_consensus_vsearch	469	A	A	531	4	0.74%	2	1	93	93	0.062149369248170376	1	1	196	335	0	4	-G
barcode10_consensus_vsearch	470	G	R	519	10	1.87%	2	2	93	93	9.355360884142277E-4	1	1	188	331	9	1	A
barcode10_consensus_vsearch	471	C	C	527	4	0.75%	2	1	93	93	0.06214672672359405	1	1	195	332	0	4	T
barcode10_consensus_vsearch	472	G	G	529	6	1.12%	2	2	93	93	0.015406369286722026	1	1	192	337	5	1	A
barcode10_consensus_vsearch	473	T	*/-C	529	8	1.48%	2	1	93	93	0.003805028656772291	1	1	195	334	0	8	-C
barcode10_consensus_vsearch	474	C	C	532	1	0.19%	2	1	93	93	0.4999999999999138	1	1	196	336	1	0	+TT
barcode10_consensus_vsearch	475	T	*/-C	525	9	1.66%	2	2	93	93	0.0018878752807627672	1	1	185	340	8	1	-C
barcode10_consensus_vsearch	476	C	C	532	0	0%	2	0	93	0	1.0	1	0	189	343	0	0	
barcode10_consensus_vsearch	477	C	C	526	6	1.11%	2	2	93	93	0.015405138750400803	1	1	190	336	4	2	-A
barcode10_consensus_vsearch	478	A	A	527	2	0.38%	2	1	93	93	0.24976348155137792	1	1	188	339	2	0	+G
barcode10_consensus_vsearch	479	A	A	534	3	0.56%	2	2	93	93	0.1246505125815118	1	1	194	340	2	1	-G
barcode10_consensus_vsearch	480	G	G	536	1	0.19%	2	1	93	93	0.4999999999999138	1	1	194	342	1	0	+AAG
barcode10_consensus_vsearch	481	T	T	533	3	0.56%	2	1	93	93	0.12464985994384618	1	1	196	337	0	3	+C
barcode10_consensus_vsearch	482	T	T	535	3	0.55%	2	1	93	93	0.1246511627905904	1	1	195	340	0	3	-C
barcode10_consensus_vsearch	483	C	C	536	1	0.19%	2	1	93	93	0.4999999999999138	1	1	196	340	1	0	+G
barcode10_consensus_vsearch	484	A	*/-T	522	8	1.48%	2	2	93	93	0.0038037000521996237	1	1	187	335	5	3	-T
barcode10_consensus_vsearch	485	T	T	530	3	0.56%	2	1	93	93	0.12464788732389653	1	1	192	338	0	3	C
barcode10_consensus_vsearch	486	T	T	534	5	0.92%	2	2	93	93	0.030960247025548112	1	1	196	338	1	4	C
barcode10_consensus_vsearch	487	T	T	538	1	0.18%	2	1	93	93	0.5000000000008233	1	1	197	341	0	1	+AAT
barcode10_consensus_vsearch	488	A	A	535	3	0.55%	2	2	93	93	0.1246511627905904	1	1	195	340	1	2	G
barcode10_consensus_vsearch	489	C	C	534	4	0.74%	2	1	93	93	0.06215132534293568	1	1	196	338	0	4	T
barcode10_consensus_vsearch	490	G	G	537	1	0.19%	2	1	93	93	0.4999999999999138	1	1	196	341	0	1	+C
barcode10_consensus_vsearch	491	T	Y	529	11	2.03%	2	1	93	93	4.6380530311171874E-4	1	1	197	332	0	11	C
barcode10_consensus_vsearch	492	T	T	540	1	0.18%	2	1	93	93	0.5000000000008233	1	1	197	343	0	1	C
barcode10_consensus_vsearch	493	G	G	536	3	0.55%	2	2	93	93	0.12465181058487508	1	1	194	342	1	2	-C
barcode10_consensus_vsearch	494	C	C	534	4	0.74%	2	1	93	93	0.06215132534293568	1	1	196	338	0	4	T
barcode10_consensus_vsearch	495	C	Y	530	9	1.66%	2	1	93	93	0.001888475177575197	1	1	197	333	0	9	T
barcode10_consensus_vsearch	496	G	G	534	2	0.37%	2	2	93	93	0.24976657329578222	1	1	194	340	1	1	-T
barcode10_consensus_vsearch	497	T	T	533	4	0.74%	2	1	93	93	0.06215067574099081	1	1	196	337	0	4	C
barcode10_consensus_vsearch	498	T	T	536	2	0.37%	2	1	93	93	0.2497674418606225	1	1	196	340	0	2	+G
barcode10_consensus_vsearch	499	G	G	539	1	0.18%	2	1	93	93	0.4999999999999138	1	1	196	343	1	0	+A
barcode10_consensus_vsearch	500	A	A	538	2	0.37%	2	2	93	93	0.24976830398477892	1	1	196	342	1	1	-G
barcode10_consensus_vsearch	501	G	G	536	2	0.37%	2	2	93	93	0.2497674418606225	1	1	195	341	1	1	-A
barcode10_consensus_vsearch	502	A	R	532	7	1.3%	2	2	93	93	0.007660874995560234	1	1	192	340	4	3	G
barcode10_consensus_vsearch	503	A	A	535	3	0.55%	2	1	93	93	0.1246511627905904	1	1	197	338	0	3	G
barcode10_consensus_vsearch	504	T	T	536	3	0.55%	2	1	93	93	0.12465181058487508	1	1	196	340	0	3	C
barcode10_consensus_vsearch	505	C	C	534	2	0.37%	2	1	93	93	0.24976657329578222	1	1	194	340	2	0	-TGC
barcode10_consensus_vsearch	506	T	T	532	3	0.56%	2	2	93	93	0.12464920486402759	1	1	193	339	1	2	C
barcode10_consensus_vsearch	507	G	G	535	1	0.19%	2	1	93	93	0.4999999999999138	1	1	193	342	0	1	+TG
barcode10_consensus_vsearch	508	C	C	530	5	0.93%	2	2	93	93	0.030958081679908694	1	1	193	337	1	4	T
barcode10_consensus_vsearch	509	A	A	538	1	0.19%	2	1	93	93	0.5000000000008233	1	1	196	342	0	1	+C
barcode10_consensus_vsearch	510	T	T	533	5	0.93%	2	2	93	93	0.03095970870624187	1	1	193	340	3	2	-C
barcode10_consensus_vsearch	511	C	C	533	2	0.37%	2	1	93	93	0.2497661365761488	1	1	194	339	0	2	T
barcode10_consensus_vsearch	512	C	C	538	2	0.37%	2	1	93	93	0.24976830398477892	1	1	196	342	0	2	-TG
barcode10_consensus_vsearch	513	T	*/-G	521	10	1.86%	2	1	93	93	9.356887027553198E-4	1	1	196	325	0	10	-G
barcode10_consensus_vsearch	514	G	G	525	2	0.38%	2	1	93	93	0.24976258309635352	1	1	194	331	2	0	+TG
barcode10_consensus_vsearch	515	G	G	534	5	0.92%	2	1	93	93	0.030960247025548112	1	1	196	338	0	5	-T
barcode10_consensus_vsearch	516	T	T	536	0	0%	2	0	93	0	1.0	1	0	197	339	0	0	
barcode10_consensus_vsearch	517	T	*/-C	517	18	3.33%	2	2	93	93	3.2985615395421998E-6	1	1	179	338	15	3	-C
barcode10_consensus_vsearch	518	C	C	522	1	0.19%	2	1	93	93	0.5000000000008233	1	1	181	341	1	0	+TC
barcode10_consensus_vsearch	519	C	*/-G	502	28	5.18%	2	1	93	93	2.5831249565754886E-9	1	1	196	306	0	28	-G
barcode10_consensus_vsearch	520	G	G	511	1	0.19%	2	1	93	93	0.4999999999990043	1	1	197	314	0	1	A
barcode10_consensus_vsearch	521	G	G	532	5	0.92%	2	2	93	93	0.030959168383112096	1	1	194	338	1	4	-A
barcode10_consensus_vsearch	522	A	A	533	1	0.19%	2	1	93	93	0.4999999999990043	1	1	193	340	1	0	G
barcode10_consensus_vsearch	523	A	*/-T	500	23	4.27%	2	2	93	93	9.309959441844488E-8	1	1	180	320	6	17	-T
barcode10_consensus_vsearch	524	T	T	510	2	0.39%	2	1	93	93	0.2497556207230697	1	1	187	323	0	2	C
barcode10_consensus_vsearch	525	T	T	534	3	0.56%	2	2	93	93	0.1246505125815118	1	1	195	339	1	2	C
barcode10_consensus_vsearch	526	T	T	529	3	0.55%	2	1	93	93	0.12464722483554738	1	1	192	337	0	3	+C
barcode10_consensus_vsearch	527	T	Y	523	10	1.85%	2	2	93	93	9.358401860391775E-4	1	1	189	334	5	5	C
barcode10_consensus_vsearch	528	A	A	536	1	0.19%	2	1	93	93	0.4999999999999138	1	1	193	343	1	0	G
barcode10_consensus_vsearch	529	A	*/-C	515	14	2.59%	2	2	93	93	5.594251257023409E-5	1	1	181	334	7	7	-C
barcode10_consensus_vsearch	530	C	C	513	3	0.57%	2	1	93	93	0.12463627546097235	1	1	182	331	3	0	+GC
barcode10_consensus_vsearch	531	C	*/-G	484	52	9.61%	2	1	93	93	6.05193713610918E-17	1	1	196	288	0	52	-G
barcode10_consensus_vsearch	532	G	R	473	7	1.43%	2	1	93	93	0.007642316239083064	1	1	189	284	7	0	A
barcode10_consensus_vsearch	533	G	*/-A	532	8	1.48%	2	2	93	93	0.003805587578891379	1	1	189	343	7	1	-A
barcode10_consensus_vsearch	534	A	A	525	4	0.75%	2	2	93	93	0.062145390468482414	1	1	188	337	1	3	-T
barcode10_consensus_vsearch	535	T	T	525	6	1.12%	2	1	93	93	0.015404725487673122	1	1	196	329	0	6	+C
barcode10_consensus_vsearch	536	T	*/-C	428	89	16.51%	2	2	93	93	2.5525095125112466E-29	1	1	180	248	13	76	-C
barcode10_consensus_vsearch	537	C	C	444	1	0.22%	2	1	93	93	0.5000000000008233	1	1	184	260	0	1	+T
barcode10_consensus_vsearch	538	C	C	530	3	0.56%	2	1	93	93	0.12464788732389653	1	1	196	334	0	3	T
barcode10_consensus_vsearch	539	C	*/+T	417	66	12.22%	2	2	93	93	1.2491446272866714E-21	1	1	193	224	3	63	+T
barcode10_consensus_vsearch	540	T	T	507	2	0.39%	2	1	93	93	0.2497541789581378	1	1	196	311	0	2	+CTT
barcode10_consensus_vsearch	541	T	T	515	2	0.39%	2	2	93	93	0.24975798644764874	1	1	196	319	1	1	C
barcode10_consensus_vsearch	542	T	*/-C	523	10	1.87%	2	1	93	93	9.358401860391775E-4	1	1	196	327	0	10	-C
barcode10_consensus_vsearch	543	C	C	523	2	0.38%	2	1	93	93	0.24976167778805636	1	1	197	326	0	2	+G
barcode10_consensus_vsearch	544	G	G	540	1	0.18%	2	1	93	93	0.5000000000008233	1	1	196	344	1	0	+A
barcode10_consensus_vsearch	545	A	A	535	3	0.55%	2	2	93	93	0.1246511627905904	1	1	196	339	1	2	G
barcode10_consensus_vsearch	546	T	T	537	1	0.19%	2	1	93	93	0.4999999999999138	1	1	196	341	0	1	+A
barcode10_consensus_vsearch	547	A	A	530	5	0.93%	2	1	93	93	0.030958081679908694	1	1	196	334	0	5	-G
barcode10_consensus_vsearch	548	G	G	532	1	0.19%	2	1	93	93	0.4999999999999138	1	1	196	336	0	1	+A
barcode10_consensus_vsearch	549	G	G	534	1	0.18%	2	1	93	93	0.5000000000008233	1	1	196	338	0	1	+TT
barcode10_consensus_vsearch	550	C	C	519	6	1.11%	2	1	93	93	0.015402212914588027	1	1	195	324	0	6	+A
barcode10_consensus_vsearch	551	G	*/+CAG	503	9	1.68%	2	1	93	93	0.0018850978568829356	1	1	189	314	0	9	+CAG
barcode10_consensus_vsearch	552	G	G	529	3	0.56%	2	1	93	93	0.12464722483554738	1	1	194	335	0	3	+TGG
barcode10_consensus_vsearch	553	C	C	527	3	0.56%	2	2	93	93	0.12464589235128659	1	1	192	335	1	2	-G
barcode10_consensus_vsearch	554	G	G	534	2	0.37%	2	1	93	93	0.24976657329578222	1	1	194	340	2	0	+A
barcode10_consensus_vsearch	555	A	*/-GA	525	12	2.22%	2	2	93	93	2.2943632667974108E-4	1	1	188	337	7	5	-GA
barcode10_consensus_vsearch	556	G	G	522	5	0.95%	2	2	93	93	0.03095365242531379	1	1	186	336	3	2	-A
barcode10_consensus_vsearch	557	A	A	520	2	0.38%	2	2	93	93	0.24976030680711092	1	1	184	336	1	1	G
barcode10_consensus_vsearch	558	A	A	535	2	0.37%	2	1	93	93	0.24976700838742935	1	1	195	340	0	2	-T
barcode10_consensus_vsearch	559	T	T	529	4	0.74%	2	1	93	93	0.06214805294605921	1	1	196	333	0	4	-A
barcode10_consensus_vsearch	560	A	A	530	2	0.37%	2	1	93	93	0.24976481655673516	1	1	197	333	0	2	C
barcode10_consensus_vsearch	561	A	A	523	6	1.12%	2	2	93	93	0.015403894284021311	1	1	196	327	1	5	-T
barcode10_consensus_vsearch	562	T	T	522	4	0.75%	2	1	93	93	0.06214336702335401	1	1	194	328	0	4	-C
barcode10_consensus_vsearch	563	C	*/-TC	520	7	1.3%	2	2	93	93	0.0076574356719944486	1	1	190	330	5	2	-TC
barcode10_consensus_vsearch	564	T	*/-C	509	10	1.89%	2	2	93	93	9.347555991657264E-4	1	1	186	323	3	7	-C
barcode10_consensus_vsearch	565	C	C	512	4	0.76%	2	1	93	93	0.06213645219775339	1	1	187	325	0	4	+T
barcode10_consensus_vsearch	566	G	G	535	2	0.37%	2	1	93	93	0.24976700838742935	1	1	194	341	2	0	A
barcode10_consensus_vsearch	567	C	C	529	4	0.74%	2	2	93	93	0.06214805294605921	1	1	192	337	3	1	T
barcode10_consensus_vsearch	568	A	A	537	1	0.19%	2	1	93	93	0.4999999999999138	1	1	194	343	1	0	+CCCA
barcode10_consensus_vsearch	569	A	R	516	20	3.7%	2	2	93	93	7.96151408003974E-7	1	1	177	339	19	1	G
barcode10_consensus_vsearch	570	C	*/+T	520	8	1.48%	2	2	93	93	0.0038033140209771956	1	1	191	329	3	5	+T
barcode10_consensus_vsearch	571	T	T	533	1	0.19%	2	1	93	93	0.4999999999990043	1	1	194	339	0	1	+C
barcode10_consensus_vsearch	572	T	T	535	2	0.37%	2	1	93	93	0.24976700838742935	1	1	194	341	0	2	C
barcode10_consensus_vsearch	573	T	*/-A	462	43	7.98%	2	2	93	93	4.469287938450009E-14	1	1	180	282	9	34	-A
barcode10_consensus_vsearch	574	A	A	493	3	0.6%	2	1	93	93	0.12462159434902771	1	1	185	308	3	0	G
barcode10_consensus_vsearch	575	A	A	538	1	0.19%	2	1	93	93	0.5000000000008233	1	1	196	342	0	1	+G
barcode10_consensus_vsearch	576	A	A	537	2	0.37%	2	2	93	93	0.2497678737226224	1	1	196	341	1	1	G
barcode10_consensus_vsearch	577	A	R	526	10	1.85%	2	2	93	93	9.360653175925267E-4	1	1	184	342	9	1	G
barcode10_consensus_vsearch	578	C	*/-G	514	8	1.49%	2	2	93	93	0.0038021382913158916	1	1	181	333	5	3	-G
barcode10_consensus_vsearch	579	G	R	515	15	2.82%	2	2	93	93	2.760147574883274E-5	1	1	178	337	14	1	A
barcode10_consensus_vsearch	580	G	*/-A	528	9	1.67%	2	1	93	93	0.0018882365473064763	1	1	185	343	9	0	-A
barcode10_consensus_vsearch	581	A	*/-G	516	12	2.26%	2	1	93	93	2.2919083638349146E-4	1	1	175	341	12	0	-G
barcode10_consensus_vsearch	582	G	G	516	6	1.13%	2	1	93	93	0.015400935010162124	1	1	176	340	6	0	A
barcode10_consensus_vsearch	583	C	*/-T	518	20	3.72%	2	1	93	93	7.966958354688352E-7	1	1	196	322	0	20	-T
barcode10_consensus_vsearch	584	T	T	514	5	0.96%	2	1	93	93	0.030949086691011075	1	1	197	317	0	5	C
barcode10_consensus_vsearch	585	T	*/-C	382	142	26.3%	2	2	93	93	2.741004733397014E-48	1	1	116	266	81	61	-C
barcode10_consensus_vsearch	586	C	C	387	1	0.26%	2	1	93	93	0.4999999999999138	1	1	115	272	0	1	+TC
barcode10_consensus_vsearch	587	C	Y	518	9	1.69%	2	1	93	93	0.001887016477158895	1	1	197	321	0	9	T
barcode10_consensus_vsearch	588	C	*/-T	513	13	2.42%	2	1	93	93	1.132456493646404E-4	1	1	197	316	0	13	-T
barcode10_consensus_vsearch	589	T	T	515	6	1.14%	2	1	93	93	0.015400505778008786	1	1	195	320	0	6	C
barcode10_consensus_vsearch	590	A	A	534	1	0.19%	2	1	93	93	0.5000000000008233	1	1	195	339	0	1	+C
barcode10_consensus_vsearch	591	T	*/-C	530	8	1.48%	2	1	93	93	0.0038052156524719656	1	1	195	335	0	8	-C
barcode10_consensus_vsearch	592	C	C	527	2	0.38%	2	2	93	93	0.24976348155137792	1	1	196	331	1	1	+T
barcode10_consensus_vsearch	593	T	T	529	3	0.56%	2	1	93	93	0.12464722483554738	1	1	195	334	0	3	-C
barcode10_consensus_vsearch	594	C	*/-T	516	9	1.68%	2	1	93	93	0.0018867669371326681	1	1	194	322	0	9	-T
barcode10_consensus_vsearch	595	T	T	514	4	0.76%	2	2	93	93	0.06213785653164459	1	1	192	322	2	2	C
barcode10_consensus_vsearch	596	T	T	532	2	0.37%	2	1	93	93	0.2497656982194512	1	1	195	337	2	0	C
barcode10_consensus_vsearch	597	A	*/-G	493	36	6.67%	2	1	93	93	7.857449221584806E-12	1	1	190	303	0	36	-G
barcode10_consensus_vsearch	598	G	G	501	2	0.4%	2	1	93	93	0.24975124378083066	1	1	194	307	2	0	+A
barcode10_consensus_vsearch	599	G	G	540	1	0.18%	2	1	93	93	0.5000000000008233	1	1	196	344	1	0	-A
barcode10_consensus_vsearch	600	A	A	537	2	0.37%	2	1	93	93	0.2497678737226224	1	1	196	341	0	2	+C
barcode10_consensus_vsearch	601	T	T	537	2	0.37%	2	1	93	93	0.2497678737226224	1	1	195	342	0	2	-C
barcode10_consensus_vsearch	602	C	C	534	3	0.56%	2	2	93	93	0.1246505125815118	1	1	193	341	2	1	-G
barcode10_consensus_vsearch	603	G	G	535	2	0.37%	2	2	93	93	0.24976700838742935	1	1	193	342	1	1	A
barcode10_consensus_vsearch	604	A	A	525	5	0.93%	2	2	93	93	0.03095532905764353	1	1	189	336	4	1	-C
barcode10_consensus_vsearch	605	C	C	527	3	0.56%	2	1	93	93	0.12464589235128659	1	1	189	338	0	3	-T
barcode10_consensus_vsearch	606	T	T	530	4	0.74%	2	1	93	93	0.06214871233009074	1	1	196	334	0	4	+A
barcode10_consensus_vsearch	607	A	A	538	1	0.19%	2	1	93	93	0.5000000000008233	1	1	195	343	1	0	T
barcode10_consensus_vsearch	608	A	A	527	6	1.11%	2	2	93	93	0.015405550465377539	1	1	189	338	1	5	G
barcode10_consensus_vsearch	609	C	C	531	2	0.37%	2	1	93	93	0.249765258215703	1	1	190	341	0	2	+T
barcode10_consensus_vsearch	610	C	C	537	2	0.37%	2	2	93	93	0.2497678737226224	1	1	194	343	1	1	T
barcode10_consensus_vsearch	611	C	C	536	2	0.37%	2	1	93	93	0.2497674418606225	1	1	194	342	2	0	-A
barcode10_consensus_vsearch	612	A	A	535	3	0.56%	2	1	93	93	0.1246511627905904	1	1	192	343	3	0	T
barcode10_consensus_vsearch	613	T	T	533	5	0.92%	2	2	93	93	0.03095970870624187	1	1	194	339	1	4	C
barcode10_consensus_vsearch	614	G	G	537	3	0.56%	2	2	93	93	0.12465245597770591	1	1	195	342	1	2	A
barcode10_consensus_vsearch	615	T	*/-C	531	7	1.3%	2	1	93	93	0.007660594223165221	1	1	189	342	7	0	-C
barcode10_consensus_vsearch	616	C	C	533	0	0%	2	0	93	0	1.0	1	0	189	344	0	0	
barcode10_consensus_vsearch	617	C	C	539	1	0.18%	2	1	93	93	0.4999999999999138	1	1	197	342	0	1	-A
barcode10_consensus_vsearch	618	A	A	536	3	0.56%	2	2	93	93	0.12465181058487508	1	1	196	340	1	2	G
barcode10_consensus_vsearch	619	A	A	531	5	0.93%	2	1	93	93	0.030958626044663474	1	1	195	336	0	5	+T
barcode10_consensus_vsearch	620	C	C	530	4	0.74%	2	1	93	93	0.06214871233009074	1	1	197	333	0	4	+A
barcode10_consensus_vsearch	621	T	T	532	5	0.93%	2	1	93	93	0.030959168383112096	1	1	197	335	0	5	A
barcode10_consensus_vsearch	622	G	G	530	5	0.93%	2	2	93	93	0.030958081679908694	1	1	196	334	1	4	-CTG
barcode10_consensus_vsearch	623	C	Y	499	26	4.87%	2	1	93	93	1.085014616691947E-8	1	1	195	304	0	26	T
barcode10_consensus_vsearch	624	T	Y	518	8	1.5%	2	2	93	93	0.0038029250726284375	1	1	193	325	1	7	C
barcode10_consensus_vsearch	625	G	G	532	2	0.37%	2	1	93	93	0.2497656982194512	1	1	192	340	2	0	-T
barcode10_consensus_vsearch	626	T	T	537	2	0.37%	2	1	93	93	0.2497678737226224	1	1	195	342	0	2	C
barcode10_consensus_vsearch	627	T	T	539	1	0.18%	2	1	93	93	0.4999999999999138	1	1	197	342	0	1	+A
barcode10_consensus_vsearch	628	A	A	533	5	0.92%	2	1	93	93	0.03095970870624187	1	1	191	342	5	0	G
barcode10_consensus_vsearch	629	C	C	534	3	0.56%	2	1	93	93	0.1246505125815118	1	1	195	339	0	3	T
barcode10_consensus_vsearch	630	C	C	533	3	0.56%	2	1	93	93	0.12464985994384618	1	1	195	338	0	3	T
barcode10_consensus_vsearch	631	A	A	533	6	1.11%	2	2	93	93	0.015407988734056442	1	1	193	340	3	3	G
barcode10_consensus_vsearch	632	T	T	530	3	0.56%	2	2	93	93	0.12464788732389653	1	1	191	339	2	1	+G
barcode10_consensus_vsearch	633	G	G	535	2	0.37%	2	1	93	93	0.24976700838742935	1	1	193	342	2	0	+A
barcode10_consensus_vsearch	634	G	G	537	2	0.37%	2	1	93	93	0.2497678737226224	1	1	195	342	0	2	+A
barcode10_consensus_vsearch	635	A	A	537	1	0.19%	2	1	93	93	0.4999999999999138	1	1	193	344	1	0	+G
barcode10_consensus_vsearch	636	A	A	531	4	0.74%	2	2	93	93	0.062149369248170376	1	1	191	340	3	1	G
barcode10_consensus_vsearch	637	C	C	535	1	0.19%	2	1	93	93	0.4999999999999138	1	1	193	342	1	0	+AA
barcode10_consensus_vsearch	638	C	*/-T	506	32	5.91%	2	2	93	93	1.4480255117961778E-10	1	1	196	310	1	31	-T
barcode10_consensus_vsearch	639	T	T	503	2	0.39%	2	1	93	93	0.2497522299306376	1	1	195	308	0	2	C
barcode10_consensus_vsearch	640	T	T	536	2	0.37%	2	1	93	93	0.2497674418606225	1	1	197	339	0	2	+C
barcode10_consensus_vsearch	641	T	T	536	1	0.19%	2	1	93	93	0.4999999999999138	1	1	195	341	0	1	-C
barcode10_consensus_vsearch	642	C	C	532	4	0.74%	2	2	93	93	0.06215002371389885	1	1	196	336	1	3	-TC
barcode10_consensus_vsearch	643	T	*/-C	520	8	1.5%	2	2	93	93	0.0038033140209771956	1	1	189	331	7	1	-C
barcode10_consensus_vsearch	644	C	C	524	2	0.38%	2	2	93	93	0.24976213130317537	1	1	188	336	1	1	+TC
barcode10_consensus_vsearch	645	C	C	537	1	0.19%	2	1	93	93	0.4999999999999138	1	1	195	342	1	0	-A
barcode10_consensus_vsearch	646	A	A	532	3	0.56%	2	1	93	93	0.12464920486402759	1	1	190	342	3	0	G
barcode10_consensus_vsearch	647	C	C	529	6	1.12%	2	2	93	93	0.015406369286722026	1	1	194	335	1	5	-T
barcode10_consensus_vsearch	648	T	T	531	1	0.19%	2	1	93	93	0.4999999999999138	1	1	195	336	1	0	C
barcode10_consensus_vsearch	649	T	*/+C	526	10	1.86%	2	2	93	93	9.360653175925267E-4	1	1	190	336	7	3	+C
barcode10_consensus_vsearch	650	C	C	536	2	0.37%	2	1	93	93	0.2497674418606225	1	1	197	339	0	2	-A
barcode10_consensus_vsearch	651	A	A	532	2	0.37%	2	2	93	93	0.2497656982194512	1	1	194	338	1	1	C
barcode10_consensus_vsearch	652	G	G	533	2	0.37%	2	1	93	93	0.2497661365761488	1	1	195	338	2	0	+A
barcode10_consensus_vsearch	653	T	T	534	3	0.56%	2	2	93	93	0.1246505125815118	1	1	195	339	1	2	C
barcode10_consensus_vsearch	654	C	C	535	2	0.37%	2	1	93	93	0.24976700838742935	1	1	197	338	0	2	+T
barcode10_consensus_vsearch	655	T	T	535	2	0.37%	2	2	93	93	0.24976700838742935	1	1	196	339	1	1	C
barcode10_consensus_vsearch	656	T	T	535	3	0.55%	2	1	93	93	0.1246511627905904	1	1	195	340	0	3	C
barcode10_consensus_vsearch	657	C	*/+A	508	13	2.4%	2	1	93	93	1.1316313332709738E-4	1	1	176	332	13	0	+A
barcode10_consensus_vsearch	658	A	A	520	4	0.76%	2	2	93	93	0.062142005182288046	1	1	188	332	2	2	G
barcode10_consensus_vsearch	659	A	A	527	2	0.38%	2	1	93	93	0.24976348155137792	1	1	193	334	2	0	-G
barcode10_consensus_vsearch	660	G	G	531	4	0.74%	2	1	93	93	0.062149369248170376	1	1	194	337	0	4	T
barcode10_consensus_vsearch	661	G	G	536	2	0.37%	2	1	93	93	0.2497674418606225	1	1	196	340	0	2	-T
barcode10_consensus_vsearch	662	T	T	535	2	0.37%	2	1	93	93	0.24976700838742935	1	1	196	339	0	2	+C
barcode10_consensus_vsearch	663	T	Y	527	9	1.66%	2	2	93	93	0.001888116570402175	1	1	193	334	3	6	C
barcode10_consensus_vsearch	664	C	C	534	3	0.56%	2	1	93	93	0.1246505125815118	1	1	197	337	0	3	-TC
barcode10_consensus_vsearch	665	T	T	522	6	1.12%	2	2	93	93	0.015403476325362767	1	1	193	329	1	5	C
barcode10_consensus_vsearch	666	C	C	529	2	0.37%	2	1	93	93	0.24976437323210715	1	1	195	334	0	2	+A
barcode10_consensus_vsearch	667	A	R	527	9	1.66%	2	1	93	93	0.001888116570402175	1	1	186	341	9	0	G
barcode10_consensus_vsearch	668	C	*/-T	517	10	1.86%	2	2	93	93	9.353823303043534E-4	1	1	188	329	1	9	-T
barcode10_consensus_vsearch	669	T	T	519	3	0.57%	2	1	93	93	0.12464046021107343	1	1	188	331	0	3	A
barcode10_consensus_vsearch	670	T	T	524	3	0.56%	2	1	93	93	0.12464387464392387	1	1	187	337	0	3	+G
barcode10_consensus_vsearch	671	G	G	534	4	0.74%	2	2	93	93	0.06215132534293568	1	1	194	340	3	1	-A
barcode10_consensus_vsearch	672	A	A	535	2	0.37%	2	2	93	93	0.24976700838742935	1	1	193	342	1	1	G
barcode10_consensus_vsearch	673	A	A	538	3	0.55%	2	2	93	93	0.1246530989824234	1	1	196	342	1	2	G
barcode10_consensus_vsearch	674	T	T	534	5	0.92%	2	1	93	93	0.030960247025548112	1	1	191	343	5	0	-A
barcode10_consensus_vsearch	675	A	*/-T	517	12	2.24%	2	1	93	93	2.2921851699297558E-4	1	1	174	343	12	0	-T
barcode10_consensus_vsearch	676	T	T	519	4	0.76%	2	2	93	93	0.062141320354043746	1	1	178	341	1	3	C
barcode10_consensus_vsearch	677	T	T	537	3	0.55%	2	1	93	93	0.12465245597770591	1	1	194	343	3	0	G
barcode10_consensus_vsearch	678	T	T	531	5	0.92%	2	2	93	93	0.030958626044663474	1	1	193	338	2	3	C
barcode10_consensus_vsearch	679	G	G	534	6	1.11%	2	2	93	93	0.015408389854212225	1	1	191	343	5	1	A
barcode10_consensus_vsearch	680	C	C	538	2	0.37%	2	1	93	93	0.24976830398477892	1	1	196	342	0	2	T
barcode10_consensus_vsearch	681	T	T	536	3	0.56%	2	2	93	93	0.12465181058487508	1	1	195	341	1	2	C
barcode10_consensus_vsearch	682	A	A	538	1	0.18%	2	1	93	93	0.5000000000008233	1	1	195	343	1	0	+C
barcode10_consensus_vsearch	683	C	C	534	2	0.37%	2	2	93	93	0.24976657329578222	1	1	194	340	1	1	-TAC
barcode10_consensus_vsearch	684	T	T	532	3	0.56%	2	2	93	93	0.12464920486402759	1	1	193	339	1	2	C
barcode10_consensus_vsearch	685	A	A	533	3	0.56%	2	2	93	93	0.12464985994384618	1	1	192	341	2	1	-C
barcode10_consensus_vsearch	686	C	C	530	2	0.37%	2	1	93	93	0.24976481655673516	1	1	192	338	0	2	+T
barcode10_consensus_vsearch	687	C	C	537	1	0.19%	2	1	93	93	0.4999999999999138	1	1	195	342	0	1	+A
barcode10_consensus_vsearch	688	A	A	525	6	1.11%	2	1	93	93	0.015404725487673122	1	1	183	342	6	0	-C
barcode10_consensus_vsearch	689	C	C	518	5	0.95%	2	1	93	93	0.030951387009327987	1	1	185	333	0	5	+T
barcode10_consensus_vsearch	690	C	Y	521	8	1.5%	2	1	93	93	0.0038035073991726275	1	1	188	333	0	8	T
barcode10_consensus_vsearch	691	A	A	527	1	0.19%	2	1	93	93	0.4999999999999138	1	1	187	340	1	0	C
barcode10_consensus_vsearch	692	A	A	536	2	0.37%	2	1	93	93	0.2497674418606225	1	1	194	342	2	0	G
barcode10_consensus_vsearch	693	G	G	537	1	0.19%	2	1	93	93	0.4999999999999138	1	1	197	340	0	1	+AAG
barcode10_consensus_vsearch	694	A	A	538	2	0.37%	2	1	93	93	0.24976830398477892	1	1	197	341	0	2	+T
barcode10_consensus_vsearch	695	T	T	540	1	0.18%	2	1	93	93	0.5000000000008233	1	1	197	343	0	1	C
barcode10_consensus_vsearch	696	C	C	535	3	0.55%	2	1	93	93	0.1246511627905904	1	1	196	339	0	3	-T
barcode10_consensus_vsearch	697	T	T	531	6	1.12%	2	2	93	93	0.015407182020391647	1	1	195	336	1	5	C
barcode10_consensus_vsearch	698	G	G	538	2	0.37%	2	1	93	93	0.24976830398477892	1	1	197	341	0	2	A
barcode10_consensus_vsearch	699	C	C	533	3	0.56%	2	1	93	93	0.12464985994384618	1	1	194	339	0	3	T
barcode10_consensus_vsearch	700	A	A	533	2	0.37%	2	1	93	93	0.2497661365761488	1	1	193	340	0	2	+T
barcode10_consensus_vsearch	701	C	C	530	3	0.56%	2	2	93	93	0.12464788732389653	1	1	194	336	1	2	-T
barcode10_consensus_vsearch	702	T	Y	514	9	1.68%	2	2	93	93	0.0018865155062670598	1	1	187	327	1	8	C
barcode10_consensus_vsearch	703	A	A	522	6	1.13%	2	2	93	93	0.015403476325362767	1	1	189	333	2	4	+G
barcode10_consensus_vsearch	704	G	*/-A	532	7	1.3%	2	1	93	93	0.007660874995560234	1	1	188	344	7	0	-A
barcode10_consensus_vsearch	705	A	A	522	4	0.75%	2	2	93	93	0.06214336702335401	1	1	183	339	3	1	-G
barcode10_consensus_vsearch	706	G	G	534	2	0.37%	2	1	93	93	0.24976657329578222	1	1	192	342	2	0	A
barcode10_consensus_vsearch	707	G	G	534	2	0.37%	2	1	93	93	0.24976657329578222	1	1	196	338	0	2	+C
barcode10_consensus_vsearch	708	C	Y	520	16	2.96%	2	1	93	93	1.3620405051405645E-5	1	1	195	325	0	16	T
barcode10_consensus_vsearch	709	T	Y	522	10	1.86%	2	2	93	93	9.357645849939003E-4	1	1	194	328	2	8	C
barcode10_consensus_vsearch	710	G	*/-T	516	8	1.48%	2	2	93	93	0.0038025331739636116	1	1	189	327	2	6	-T
barcode10_consensus_vsearch	711	T	Y	516	12	2.26%	2	2	93	93	2.2919083638349146E-4	1	1	192	324	3	9	C
barcode10_consensus_vsearch	712	T	Y	528	8	1.48%	2	2	93	93	0.0038048409676247133	1	1	196	332	1	7	C
barcode10_consensus_vsearch	713	T	*/+C	515	11	2.03%	2	1	93	93	4.6316448123740747E-4	1	1	192	323	0	11	+C
barcode10_consensus_vsearch	714	C	C	529	4	0.74%	2	2	93	93	0.06214805294605921	1	1	193	336	1	3	+T
barcode10_consensus_vsearch	715	A	*/-C	516	9	1.67%	2	2	93	93	0.0018867669371326681	1	1	183	333	3	6	-C
barcode10_consensus_vsearch	716	C	*/+T	512	8	1.53%	2	1	93	93	0.0038017403904312412	1	1	188	324	0	8	+T
barcode10_consensus_vsearch	717	C	C	530	1	0.19%	2	1	93	93	0.4999999999990043	1	1	191	339	0	1	+T
barcode10_consensus_vsearch	718	C	Y	531	7	1.3%	2	2	93	93	0.007660594223165221	1	1	195	336	1	6	T
barcode10_consensus_vsearch	719	A	R	529	7	1.3%	2	2	93	93	0.007660029547299292	1	1	189	340	6	1	G
barcode10_consensus_vsearch	720	G	G	537	1	0.19%	2	1	93	93	0.4999999999999138	1	1	194	343	1	0	A
barcode10_consensus_vsearch	721	C	C	533	5	0.93%	2	2	93	93	0.03095970870624187	1	1	194	339	1	4	T
barcode10_consensus_vsearch	722	A	A	536	1	0.19%	2	1	93	93	0.4999999999999138	1	1	194	342	1	0	-T
barcode10_consensus_vsearch	723	T	T	536	2	0.37%	2	2	93	93	0.2497674418606225	1	1	195	341	1	1	C
barcode10_consensus_vsearch	724	C	C	537	2	0.37%	2	1	93	93	0.2497678737226224	1	1	197	340	0	2	-ACT
barcode10_consensus_vsearch	725	A	A	532	5	0.93%	2	2	93	93	0.030959168383112096	1	1	195	337	2	3	G
barcode10_consensus_vsearch	726	C	C	530	2	0.37%	2	1	93	93	0.24976481655673516	1	1	195	335	0	2	-T
barcode10_consensus_vsearch	727	T	Y	507	18	3.36%	2	2	93	93	3.289285057316938E-6	1	1	195	312	1	17	C
barcode10_consensus_vsearch	728	G	G	530	5	0.93%	2	1	93	93	0.030958081679908694	1	1	190	340	5	0	-C
barcode10_consensus_vsearch	729	C	C	528	1	0.19%	2	1	93	93	0.4999999999999138	1	1	191	337	0	1	+A
barcode10_consensus_vsearch	730	C	*/-A	519	11	2.03%	2	2	93	93	4.6335097108045754E-4	1	1	183	336	8	3	-A
barcode10_consensus_vsearch	731	A	A	516	6	1.13%	2	1	93	93	0.015400935010162124	1	1	181	335	6	0	+G
barcode10_consensus_vsearch	732	A	*/-G	523	13	2.4%	2	2	93	93	1.1340618031334358E-4	1	1	187	336	9	4	-G
barcode10_consensus_vsearch	733	G	G	519	3	0.57%	2	1	93	93	0.12464046021107343	1	1	181	338	3	0	A
barcode10_consensus_vsearch	734	G	R	523	12	2.23%	2	1	93	93	2.2938247236163674E-4	1	1	183	340	12	0	A
barcode10_consensus_vsearch	735	C	C	524	6	1.12%	2	2	93	93	0.015404310668549302	1	1	190	334	1	5	T
barcode10_consensus_vsearch	736	T	T	527	4	0.75%	2	2	93	93	0.06214672672359405	1	1	190	337	2	2	C
barcode10_consensus_vsearch	737	T	T	526	4	0.74%	2	2	93	93	0.06214605985717208	1	1	189	337	1	3	-C
barcode10_consensus_vsearch	738	C	C	523	5	0.93%	2	1	93	93	0.030954213418664108	1	1	194	329	0	5	+T
barcode10_consensus_vsearch	739	G	G	534	4	0.74%	2	2	93	93	0.06215132534293568	1	1	193	341	3	1	A
barcode10_consensus_vsearch	740	T	T	535	2	0.37%	2	1	93	93	0.24976700838742935	1	1	195	340	2	0	+C
barcode10_consensus_vsearch	741	C	C	532	5	0.93%	2	1	93	93	0.030959168383112096	1	1	191	341	5	0	-A
barcode10_consensus_vsearch	742	A	A	524	5	0.93%	2	2	93	93	0.030954772292166692	1	1	186	338	2	3	G
barcode10_consensus_vsearch	743	C	C	524	5	0.93%	2	2	93	93	0.030954772292166692	1	1	188	336	3	2	-A
barcode10_consensus_vsearch	744	A	A	525	4	0.75%	2	2	93	93	0.062145390468482414	1	1	189	336	3	1	T
barcode10_consensus_vsearch	745	A	A	534	5	0.93%	2	2	93	93	0.030960247025548112	1	1	194	340	3	2	G
barcode10_consensus_vsearch	746	A	R	509	18	3.33%	2	2	93	93	3.291166883739102E-6	1	1	179	330	16	2	G
barcode10_consensus_vsearch	747	C	C	531	1	0.19%	2	1	93	93	0.4999999999999138	1	1	196	335	0	1	+TC
barcode10_consensus_vsearch	748	C	C	536	3	0.56%	2	1	93	93	0.12465181058487508	1	1	197	339	0	3	-TC
barcode10_consensus_vsearch	749	T	T	526	6	1.12%	2	2	93	93	0.015405138750400803	1	1	190	336	4	2	-C
barcode10_consensus_vsearch	750	C	C	530	1	0.19%	2	1	93	93	0.4999999999990043	1	1	193	337	0	1	T
barcode10_consensus_vsearch	751	C	*/-AC	528	7	1.3%	2	1	93	93	0.007659745632203721	1	1	189	339	7	0	-AC
barcode10_consensus_vsearch	752	A	A	529	2	0.38%	2	2	93	93	0.24976437323210715	1	1	188	341	1	1	G
barcode10_consensus_vsearch	753	C	C	523	5	0.94%	2	2	93	93	0.030954213418664108	1	1	185	338	2	3	T
barcode10_consensus_vsearch	754	G	G	527	4	0.74%	2	2	93	93	0.06214672672359405	1	1	187	340	3	1	A
barcode10_consensus_vsearch	755	C	*/+T	522	9	1.68%	2	1	93	93	0.0018875099693472243	1	1	192	330	0	9	+T
barcode10_consensus_vsearch	756	C	*/-T	525	10	1.86%	2	1	93	93	9.359905507976904E-4	1	1	194	331	0	10	-T
barcode10_consensus_vsearch	757	T	Y	505	16	3.01%	2	2	93	93	1.3575261976417484E-5	1	1	196	309	1	15	C
barcode10_consensus_vsearch	758	G	G	534	2	0.37%	2	1	93	93	0.24976657329578222	1	1	193	341	2	0	+C
barcode10_consensus_vsearch	759	C	C	532	3	0.56%	2	1	93	93	0.12464920486402759	1	1	196	336	0	3	T
barcode10_consensus_vsearch	760	C	C	531	6	1.11%	2	1	93	93	0.015407182020391647	1	1	196	335	0	6	-T
barcode10_consensus_vsearch	761	T	T	529	3	0.56%	2	1	93	93	0.12464722483554738	1	1	196	333	0	3	C
barcode10_consensus_vsearch	762	A	R	530	7	1.3%	2	2	93	93	0.007660312408999644	1	1	190	340	5	2	G
barcode10_consensus_vsearch	763	C	C	535	4	0.74%	2	1	93	93	0.06215197253344983	1	1	196	339	0	4	-T
barcode10_consensus_vsearch	764	T	*/-C	522	9	1.68%	2	1	93	93	0.0018875099693472243	1	1	195	327	0	9	-C
barcode10_consensus_vsearch	765	C	*/+TC	518	10	1.88%	2	2	93	93	9.354593531308458E-4	1	1	194	324	1	9	+TC
barcode10_consensus_vsearch	766	G	G	534	5	0.92%	2	2	93	93	0.030960247025548112	1	1	194	340	3	2	A
barcode10_consensus_vsearch	767	T	T	538	1	0.19%	2	1	93	93	0.5000000000008233	1	1	196	342	1	0	+C
barcode10_consensus_vsearch	768	C	C	536	3	0.55%	2	1	93	93	0.12465181058487508	1	1	196	340	0	3	-A
barcode10_consensus_vsearch	769	A	A	536	1	0.19%	2	1	93	93	0.4999999999999138	1	1	197	339	0	1	G
barcode10_consensus_vsearch	770	A	A	536	3	0.56%	2	2	93	93	0.12465181058487508	1	1	196	340	1	2	G
barcode10_consensus_vsearch	771	C	C	535	2	0.37%	2	1	93	93	0.24976700838742935	1	1	196	339	0	2	+A
barcode10_consensus_vsearch	772	G	G	534	2	0.37%	2	1	93	93	0.24976657329578222	1	1	195	339	0	2	+TG
barcode10_consensus_vsearch	773	C	C	535	2	0.37%	2	1	93	93	0.24976700838742935	1	1	195	340	0	2	T
barcode10_consensus_vsearch	774	A	A	538	1	0.19%	2	1	93	93	0.5000000000008233	1	1	196	342	0	1	-T
barcode10_consensus_vsearch	775	T	T	537	3	0.56%	2	1	93	93	0.12465245597770591	1	1	197	340	0	3	C
barcode10_consensus_vsearch	776	C	C	537	3	0.55%	2	1	93	93	0.12465245597770591	1	1	193	344	3	0	-GC
barcode10_consensus_vsearch	777	G	G	534	3	0.56%	2	2	93	93	0.1246505125815118	1	1	192	342	2	1	A
barcode10_consensus_vsearch	778	C	C	528	5	0.93%	2	1	93	93	0.03095698682522861	1	1	194	334	0	5	+A
barcode10_consensus_vsearch	779	A	A	534	2	0.37%	2	1	93	93	0.24976657329578222	1	1	196	338	0	2	G
barcode10_consensus_vsearch	780	C	*/-A	517	14	2.6%	2	2	93	93	5.5961110921598094E-5	1	1	183	334	12	2	-A
barcode10_consensus_vsearch	781	A	A	522	3	0.57%	2	1	93	93	0.12464251668251476	1	1	184	338	0	3	G
barcode10_consensus_vsearch	782	A	A	535	3	0.55%	2	2	93	93	0.1246511627905904	1	1	195	340	2	1	+G
barcode10_consensus_vsearch	783	G	G	539	1	0.18%	2	1	93	93	0.4999999999999138	1	1	195	344	1	0	-AG
barcode10_consensus_vsearch	784	A	A	535	2	0.37%	2	1	93	93	0.24976700838742935	1	1	192	343	2	0	-G
barcode10_consensus_vsearch	785	G	G	527	5	0.93%	2	1	93	93	0.030956436312490055	1	1	193	334	0	5	-T
barcode10_consensus_vsearch	786	T	Y	527	9	1.68%	2	2	93	93	0.001888116570402175	1	1	196	331	1	8	C
barcode10_consensus_vsearch	787	T	T	532	6	1.11%	2	1	93	93	0.015407586125499683	1	1	196	336	0	6	C
barcode10_consensus_vsearch	788	G	G	541	0	0%	2	0	93	0	1.0	1	0	197	344	0	0	
barcode10_consensus_vsearch	789	A	A	538	2	0.37%	2	1	93	93	0.24976830398477892	1	1	196	342	0	2	+TT
barcode10_consensus_vsearch	790	C	C	536	3	0.55%	2	1	93	93	0.12465181058487508	1	1	197	339	0	3	T
barcode10_consensus_vsearch	791	G	G	537	1	0.19%	2	1	93	93	0.4999999999999138	1	1	197	340	0	1	+AA
barcode10_consensus_vsearch	792	G	G	540	0	0%	2	0	93	0	1.0	1	0	197	343	0	0	
barcode10_consensus_vsearch	793	C	C	532	4	0.74%	2	2	93	93	0.06215002371389885	1	1	192	340	3	1	+G
barcode10_consensus_vsearch	794	G	*/-AG	496	30	5.58%	2	2	93	93	6.085742378395285E-10	1	1	161	335	28	2	-AG
barcode10_consensus_vsearch	795	A	A	484	6	1.19%	2	2	93	93	0.01538633241218619	1	1	153	331	5	1	-G
barcode10_consensus_vsearch	796	G	G	498	2	0.4%	2	2	93	93	0.24974974974986233	1	1	163	335	1	1	+T
barcode10_consensus_vsearch	797	G	G	530	2	0.37%	2	1	93	93	0.24976481655673516	1	1	195	335	0	2	+T
barcode10_consensus_vsearch	798	T	T	525	4	0.75%	2	2	93	93	0.062145390468482414	1	1	193	332	2	2	C
barcode10_consensus_vsearch	799	A	A	523	4	0.75%	2	2	93	93	0.062144044065959504	1	1	191	332	2	2	G
barcode10_consensus_vsearch	800	T	*/+A	493	15	2.81%	2	1	93	93	2.747994541480643E-5	1	1	171	322	15	0	+A
barcode10_consensus_vsearch	801	G	R	484	40	7.59%	2	2	93	93	4.1958479805224917E-13	1	1	152	332	38	2	A
barcode10_consensus_vsearch	802	G	G	522	6	1.12%	2	2	93	93	0.015403476325362767	1	1	188	334	5	1	A
barcode10_consensus_vsearch	803	G	G	532	3	0.56%	2	2	93	93	0.12464920486402759	1	1	195	337	1	2	A
barcode10_consensus_vsearch	804	T	Y	508	11	2.05%	2	2	93	93	4.628313229335904E-4	1	1	193	315	1	10	C
barcode10_consensus_vsearch	805	A	A	525	2	0.38%	2	1	93	93	0.24976258309635352	1	1	193	332	0	2	C
barcode10_consensus_vsearch	806	A	R	519	11	2.05%	2	2	93	93	4.6335097108045754E-4	1	1	185	334	9	2	G
barcode10_consensus_vsearch	807	C	*/-AC	513	11	2.05%	2	2	93	93	4.630701863514621E-4	1	1	184	329	8	3	-AC
barcode10_consensus_vsearch	808	A	R	512	9	1.7%	2	2	93	93	0.0018862621629766934	1	1	178	334	7	2	G
barcode10_consensus_vsearch	809	C	*/+A	516	7	1.33%	2	1	93	93	0.007656254294522524	1	1	178	338	7	0	+A
barcode10_consensus_vsearch	810	G	G	537	2	0.37%	2	1	93	93	0.2497678737226224	1	1	194	343	2	0	A
barcode10_consensus_vsearch	811	C	*/-T	513	11	2.04%	2	2	93	93	4.630701863514621E-4	1	1	184	329	5	6	-T
barcode10_consensus_vsearch	812	T	T	517	4	0.76%	2	2	93	93	0.06213994280694564	1	1	180	337	3	1	C
barcode10_consensus_vsearch	813	T	Y	510	10	1.87%	2	2	93	93	9.348349816829582E-4	1	1	179	331	8	2	C
barcode10_consensus_vsearch	814	G	G	537	3	0.55%	2	1	93	93	0.12465245597770591	1	1	193	344	3	0	-A
barcode10_consensus_vsearch	815	A	A	529	3	0.56%	2	2	93	93	0.12464722483554738	1	1	188	341	2	1	G
barcode10_consensus_vsearch	816	G	G	532	2	0.37%	2	2	93	93	0.2497656982194512	1	1	193	339	1	1	+AG
barcode10_consensus_vsearch	817	C	C	535	1	0.19%	2	1	93	93	0.4999999999999138	1	1	196	339	1	0	+A
barcode10_consensus_vsearch	818	G	G	533	3	0.56%	2	1	93	93	0.12464985994384618	1	1	192	341	3	0	A
barcode10_consensus_vsearch	819	C	C	537	1	0.19%	2	1	93	93	0.4999999999999138	1	1	196	341	0	1	A
barcode10_consensus_vsearch	820	C	Y	532	8	1.48%	2	1	93	93	0.003805587578891379	1	1	197	335	0	8	T
barcode10_consensus_vsearch	821	A	A	537	4	0.74%	2	2	93	93	0.06215325973347298	1	1	195	342	2	2	G
barcode10_consensus_vsearch	822	T	T	535	2	0.37%	2	1	93	93	0.24976700838742935	1	1	194	341	2	0	-C
barcode10_consensus_vsearch	823	C	C	535	2	0.37%	2	1	93	93	0.24976700838742935	1	1	194	341	0	2	T
barcode10_consensus_vsearch	824	C	C	537	2	0.37%	2	1	93	93	0.2497678737226224	1	1	197	340	0	2	T
barcode10_consensus_vsearch	825	A	*/-T	465	54	10.02%	2	2	93	93	1.296610190084552E-17	1	1	126	339	53	1	-T
barcode10_consensus_vsearch	826	T	T	482	2	0.41%	2	1	93	93	0.24974146845975703	1	1	144	338	0	2	C
barcode10_consensus_vsearch	827	T	T	536	4	0.74%	2	1	93	93	0.06215261732591134	1	1	197	339	0	4	C
barcode10_consensus_vsearch	828	T	T	541	0	0%	2	0	93	0	1.0	1	0	197	344	0	0	
barcode10_consensus_vsearch	829	T	T	539	1	0.18%	2	1	93	93	0.4999999999999138	1	1	195	344	1	0	+C
barcode10_consensus_vsearch	830	C	C	534	3	0.55%	2	1	93	93	0.1246505125815118	1	1	192	342	3	0	-A
barcode10_consensus_vsearch	831	A	*/+G	507	11	2.04%	2	2	93	93	4.627830061939466E-4	1	1	185	322	4	7	+G
barcode10_consensus_vsearch	832	G	G	534	0	0%	2	0	93	0	1.0	1	0	197	337	0	0	
barcode10_consensus_vsearch	833	G	G	538	1	0.19%	2	1	93	93	0.5000000000008233	1	1	196	342	1	0	+AA
barcode10_consensus_vsearch	834	G	G	537	2	0.37%	2	1	93	93	0.2497678737226224	1	1	193	344	2	0	+C
barcode10_consensus_vsearch	835	C	C	536	2	0.37%	2	2	93	93	0.2497674418606225	1	1	195	341	1	1	-T
barcode10_consensus_vsearch	836	T	T	533	4	0.74%	2	2	93	93	0.06215067574099081	1	1	193	340	2	2	C
barcode10_consensus_vsearch	837	A	A	530	5	0.93%	2	2	93	93	0.030958081679908694	1	1	193	337	2	3	G
barcode10_consensus_vsearch	838	G	G	533	2	0.37%	2	1	93	93	0.2497661365761488	1	1	193	340	2	0	+A
barcode10_consensus_vsearch	839	T	T	531	5	0.93%	2	1	93	93	0.030958626044663474	1	1	196	335	0	5	+C
barcode10_consensus_vsearch	840	T	T	529	5	0.92%	2	1	93	93	0.030957535277242203	1	1	194	335	0	5	-C
barcode10_consensus_vsearch	841	C	C	532	1	0.19%	2	1	93	93	0.4999999999999138	1	1	197	335	0	1	+T
barcode10_consensus_vsearch	842	A	A	539	0	0%	2	0	93	0	1.0	1	0	197	342	0	0	
barcode10_consensus_vsearch	843	T	T	535	2	0.37%	2	1	93	93	0.24976700838742935	1	1	197	338	0	2	+C
barcode10_consensus_vsearch	844	T	T	530	3	0.56%	2	1	93	93	0.12464788732389653	1	1	195	335	0	3	-C
barcode10_consensus_vsearch	845	C	C	531	3	0.56%	2	1	93	93	0.12464854732871722	1	1	197	334	0	3	-G
barcode10_consensus_vsearch	846	G	G	533	3	0.56%	2	2	93	93	0.12464985994384618	1	1	195	338	2	1	A
barcode10_consensus_vsearch	847	G	G	537	2	0.37%	2	1	93	93	0.2497678737226224	1	1	197	340	0	2	A
barcode10_consensus_vsearch	848	C	C	532	2	0.37%	2	1	93	93	0.2497656982194512	1	1	193	339	0	2	-A
barcode10_consensus_vsearch	849	A	A	527	3	0.56%	2	2	93	93	0.12464589235128659	1	1	191	336	1	2	-G
barcode10_consensus_vsearch	850	G	G	533	1	0.19%	2	1	93	93	0.4999999999990043	1	1	195	338	0	1	+TG
barcode10_consensus_vsearch	851	G	G	535	2	0.37%	2	1	93	93	0.24976700838742935	1	1	195	340	0	2	-TG
barcode10_consensus_vsearch	852	T	T	526	4	0.75%	2	2	93	93	0.06214605985717208	1	1	191	335	3	1	+A
barcode10_consensus_vsearch	853	G	*/-A	522	7	1.3%	2	2	93	93	0.007658019686838506	1	1	186	336	6	1	-A
barcode10_consensus_vsearch	854	A	A	525	4	0.75%	2	1	93	93	0.062145390468482414	1	1	184	341	4	0	+G
barcode10_consensus_vsearch	855	G	G	531	4	0.74%	2	1	93	93	0.062149369248170376	1	1	190	341	4	0	+T
barcode10_consensus_vsearch	856	T	T	533	5	0.93%	2	1	93	93	0.03095970870624187	1	1	196	337	0	5	C
barcode10_consensus_vsearch	857	T	T	533	2	0.37%	2	1	93	93	0.2497661365761488	1	1	195	338	0	2	-GTT
barcode10_consensus_vsearch	858	G	G	531	2	0.37%	2	2	93	93	0.249765258215703	1	1	193	338	1	1	-T
barcode10_consensus_vsearch	859	T	T	531	1	0.19%	2	1	93	93	0.4999999999999138	1	1	193	338	0	1	+C
barcode10_consensus_vsearch	860	T	T	533	2	0.37%	2	1	93	93	0.2497661365761488	1	1	195	338	0	2	C
barcode10_consensus_vsearch	861	A	A	532	3	0.56%	2	1	93	93	0.12464920486402759	1	1	195	337	0	3	G
barcode10_consensus_vsearch	862	C	C	529	6	1.11%	2	1	93	93	0.015406369286722026	1	1	188	341	6	0	-ACA
barcode10_consensus_vsearch	863	A	A	525	5	0.94%	2	2	93	93	0.03095532905764353	1	1	187	338	2	3	G
barcode10_consensus_vsearch	864	C	*/-AC	456	68	12.76%	2	2	93	93	3.3125603844207033E-22	1	1	121	335	63	5	-AC
barcode10_consensus_vsearch	865	A	A	446	6	1.31%	2	1	93	93	0.015366312395967143	1	1	117	329	0	6	+C
barcode10_consensus_vsearch	866	C	*/-T	426	23	4.89%	2	2	93	93	8.928837038302003E-8	1	1	122	304	5	18	-T
barcode10_consensus_vsearch	867	T	*/-C	467	14	2.75%	2	2	93	93	5.5451339050909244E-5	1	1	180	287	6	8	-C
barcode10_consensus_vsearch	868	C	Y	486	8	1.6%	2	1	93	93	0.0037962764544926452	1	1	183	303	0	8	T
barcode10_consensus_vsearch	869	C	*/-T	495	14	2.69%	2	2	93	93	5.5748750330095096E-5	1	1	190	305	3	11	-T
barcode10_consensus_vsearch	870	T	T	507	4	0.77%	2	1	93	93	0.062132893245767165	1	1	188	319	0	4	C
barcode10_consensus_vsearch	871	T	T	526	4	0.74%	2	1	93	93	0.06214605985717208	1	1	191	335	0	4	A
barcode10_consensus_vsearch	872	A	A	529	5	0.93%	2	1	93	93	0.030957535277242203	1	1	188	341	5	0	G
barcode10_consensus_vsearch	873	G	G	533	1	0.19%	2	1	93	93	0.4999999999990043	1	1	194	339	1	0	-C
barcode10_consensus_vsearch	874	C	*/-G	518	15	2.79%	2	2	93	93	2.7617299344696136E-5	1	1	190	328	4	11	-G
barcode10_consensus_vsearch	875	G	R	499	21	4.01%	2	2	93	93	3.8806695719514224E-7	1	1	170	329	20	1	A
barcode10_consensus_vsearch	876	G	G	537	2	0.37%	2	1	93	93	0.2497678737226224	1	1	194	343	2	0	A
barcode10_consensus_vsearch	877	G	G	532	3	0.55%	2	1	93	93	0.12464920486402759	1	1	191	341	3	0	+T
barcode10_consensus_vsearch	878	T	T	537	1	0.19%	2	1	93	93	0.4999999999999138	1	1	197	340	0	1	+C
barcode10_consensus_vsearch	879	T	T	535	3	0.56%	2	2	93	93	0.1246511627905904	1	1	196	339	1	2	-C
barcode10_consensus_vsearch	880	C	C	536	1	0.19%	2	1	93	93	0.4999999999999138	1	1	194	342	1	0	+A
barcode10_consensus_vsearch	881	C	C	526	3	0.55%	2	1	93	93	0.12464522232734096	1	1	192	334	0	3	+G
barcode10_consensus_vsearch	882	G	G	533	3	0.56%	2	1	93	93	0.12464985994384618	1	1	193	340	3	0	A
barcode10_consensus_vsearch	883	A	A	533	5	0.93%	2	2	93	93	0.03095970870624187	1	1	193	340	3	2	G
barcode10_consensus_vsearch	884	C	*/-T	526	10	1.85%	2	2	93	93	9.360653175925267E-4	1	1	193	333	3	7	-T
barcode10_consensus_vsearch	885	T	Y	519	8	1.52%	2	1	93	93	0.003803119913505049	1	1	192	327	0	8	C
barcode10_consensus_vsearch	886	T	*/-C	521	13	2.41%	2	2	93	93	1.1337454285865033E-4	1	1	190	331	3	10	-C
barcode10_consensus_vsearch	887	C	C	523	1	0.19%	2	1	93	93	0.4999999999990043	1	1	190	333	1	0	A
barcode10_consensus_vsearch	888	C	C	532	3	0.56%	2	1	93	93	0.12464920486402759	1	1	190	342	3	0	-A
barcode10_consensus_vsearch	889	A	A	530	4	0.75%	2	2	93	93	0.06214871233009074	1	1	192	338	1	3	G
barcode10_consensus_vsearch	890	T	T	532	4	0.74%	2	2	93	93	0.06215002371389885	1	1	193	339	1	3	-G
barcode10_consensus_vsearch	891	G	G	528	6	1.12%	2	2	93	93	0.015405960641249931	1	1	190	338	5	1	A
barcode10_consensus_vsearch	892	G	G	536	3	0.56%	2	1	93	93	0.12465181058487508	1	1	193	343	3	0	-C
barcode10_consensus_vsearch	893	C	C	533	4	0.74%	2	2	93	93	0.06215067574099081	1	1	190	343	3	1	T
barcode10_consensus_vsearch	894	C	C	535	5	0.92%	2	2	93	93	0.030960783351964165	1	1	194	341	3	2	T
barcode10_consensus_vsearch	895	A	A	537	1	0.19%	2	1	93	93	0.4999999999999138	1	1	195	342	0	1	+TA
barcode10_consensus_vsearch	896	C	C	537	1	0.19%	2	1	93	93	0.4999999999999138	1	1	196	341	0	1	+T
barcode10_consensus_vsearch	897	C	C	532	4	0.74%	2	1	93	93	0.06215002371389885	1	1	195	337	0	4	T
barcode10_consensus_vsearch	898	G	G	537	3	0.55%	2	2	93	93	0.12465245597770591	1	1	195	342	2	1	A
barcode10_consensus_vsearch	899	T	T	529	5	0.92%	2	2	93	93	0.030957535277242203	1	1	191	338	2	3	+C
barcode10_consensus_vsearch	900	C	C	535	1	0.19%	2	1	93	93	0.4999999999999138	1	1	192	343	0	1	+T
barcode10_consensus_vsearch	901	C	C	534	3	0.56%	2	1	93	93	0.1246505125815118	1	1	195	339	0	3	+A
barcode10_consensus_vsearch	902	T	Y	496	33	6.13%	2	2	93	93	6.956122387804274E-11	1	1	191	305	3	30	C
barcode10_consensus_vsearch	903	G	G	534	2	0.37%	2	1	93	93	0.24976657329578222	1	1	194	340	0	2	-CTG
barcode10_consensus_vsearch	904	C	Y	475	59	10.97%	2	1	93	93	3.1822396496548614E-19	1	1	195	280	0	59	T
barcode10_consensus_vsearch	905	T	T	530	2	0.37%	2	2	93	93	0.24976481655673516	1	1	195	335	1	1	C
barcode10_consensus_vsearch	906	G	*/+T	515	14	2.6%	2	1	93	93	5.594251257023409E-5	1	1	196	319	0	14	+T
barcode10_consensus_vsearch	907	T	T	528	4	0.75%	2	1	93	93	0.0621473910819107	1	1	197	331	0	4	-C
barcode10_consensus_vsearch	908	C	*/-T	515	17	3.17%	2	1	93	93	6.700420046051632E-6	1	1	195	320	0	17	-T
barcode10_consensus_vsearch	909	T	T	509	5	0.95%	2	1	93	93	0.030946160970863893	1	1	187	322	5	0	+G
barcode10_consensus_vsearch	910	A	A	527	5	0.93%	2	1	93	93	0.030956436312490055	1	1	188	339	5	0	-G
barcode10_consensus_vsearch	911	G	G	530	1	0.19%	2	1	93	93	0.4999999999990043	1	1	189	341	1	0	+A
barcode10_consensus_vsearch	912	A	A	534	2	0.37%	2	2	93	93	0.24976657329578222	1	1	194	340	1	1	T
barcode10_consensus_vsearch	913	T	T	537	2	0.37%	2	1	93	93	0.2497678737226224	1	1	196	341	0	2	C
barcode10_consensus_vsearch	914	G	G	538	1	0.18%	2	1	93	93	0.5000000000008233	1	1	197	341	0	1	+A
barcode10_consensus_vsearch	915	A	A	539	1	0.18%	2	1	93	93	0.4999999999999138	1	1	196	343	0	1	+TGA
barcode10_consensus_vsearch	916	A	A	533	5	0.92%	2	1	93	93	0.03095970870624187	1	1	197	336	0	5	G
barcode10_consensus_vsearch	917	C	C	537	3	0.56%	2	1	93	93	0.12465245597770591	1	1	197	340	0	3	-T
barcode10_consensus_vsearch	918	T	T	530	5	0.93%	2	2	93	93	0.030958081679908694	1	1	195	335	2	3	C
barcode10_consensus_vsearch	919	A	A	537	1	0.19%	2	1	93	93	0.4999999999999138	1	1	197	340	0	1	G
barcode10_consensus_vsearch	920	A	A	534	5	0.93%	2	2	93	93	0.030960247025548112	1	1	194	340	3	2	G
barcode10_consensus_vsearch	921	C	C	539	1	0.19%	2	1	93	93	0.4999999999999138	1	1	197	342	0	1	G
barcode10_consensus_vsearch	922	A	A	534	4	0.74%	2	1	93	93	0.06215132534293568	1	1	195	339	0	4	+C
barcode10_consensus_vsearch	923	C	C	539	1	0.19%	2	1	93	93	0.4999999999999138	1	1	197	342	0	1	+T
barcode10_consensus_vsearch	924	C	*/-T	421	71	13.12%	2	2	93	93	2.781512684690143E-23	1	1	186	235	10	61	-T
barcode10_consensus_vsearch	925	T	T	451	6	1.31%	2	2	93	93	0.015369136400488401	1	1	184	267	3	3	C
barcode10_consensus_vsearch	926	T	T	524	4	0.76%	2	2	93	93	0.06214471854291143	1	1	195	329	2	2	C
barcode10_consensus_vsearch	927	T	T	540	0	0%	2	0	93	0	1.0	1	0	197	343	0	0	
barcode10_consensus_vsearch	928	T	T	535	2	0.37%	2	1	93	93	0.24976700838742935	1	1	194	341	2	0	+A
barcode10_consensus_vsearch	929	G	*/-TG	529	7	1.3%	2	2	93	93	0.007660029547299292	1	1	188	341	5	2	-TG
barcode10_consensus_vsearch	930	T	T	525	4	0.75%	2	2	93	93	0.062145390468482414	1	1	190	335	1	3	C
barcode10_consensus_vsearch	931	G	G	525	4	0.75%	2	2	93	93	0.062145390468482414	1	1	189	336	2	2	A
barcode10_consensus_vsearch	932	G	G	537	2	0.37%	2	1	93	93	0.2497678737226224	1	1	194	343	2	0	T
barcode10_consensus_vsearch	933	T	T	533	2	0.37%	2	1	93	93	0.2497661365761488	1	1	195	338	0	2	-G
barcode10_consensus_vsearch	934	G	G	534	2	0.37%	2	1	93	93	0.24976657329578222	1	1	196	338	0	2	A
barcode10_consensus_vsearch	935	T	T	534	2	0.37%	2	1	93	93	0.24976657329578222	1	1	193	341	2	0	-C
barcode10_consensus_vsearch	936	C	C	532	3	0.56%	2	2	93	93	0.12464920486402759	1	1	193	339	1	2	+T
barcode10_consensus_vsearch	937	T	T	530	3	0.56%	2	1	93	93	0.12464788732389653	1	1	195	335	0	3	+G
barcode10_consensus_vsearch	938	G	G	536	2	0.37%	2	1	93	93	0.2497674418606225	1	1	194	342	2	0	A
barcode10_consensus_vsearch	939	A	A	535	2	0.37%	2	2	93	93	0.24976700838742935	1	1	195	340	1	1	G
barcode10_consensus_vsearch	940	T	T	533	3	0.56%	2	1	93	93	0.12464985994384618	1	1	194	339	3	0	+A
barcode10_consensus_vsearch	941	G	G	533	5	0.93%	2	2	93	93	0.03095970870624187	1	1	193	340	4	1	-A
barcode10_consensus_vsearch	942	A	*/-G	525	7	1.31%	2	1	93	93	0.007658887507292351	1	1	186	339	7	0	-G
barcode10_consensus_vsearch	943	G	G	528	2	0.38%	2	1	93	93	0.24976392823365007	1	1	189	339	0	2	-CG
barcode10_consensus_vsearch	944	C	C	533	3	0.56%	2	1	93	93	0.12464985994384618	1	1	196	337	0	3	T
barcode10_consensus_vsearch	945	G	G	532	2	0.37%	2	2	93	93	0.2497656982194512	1	1	194	338	1	1	-T
barcode10_consensus_vsearch	946	T	*/-GT	511	21	3.9%	2	2	93	93	3.8991015658203267E-7	1	1	193	318	1	20	-GT
barcode10_consensus_vsearch	947	G	G	514	1	0.19%	2	1	93	93	0.4999999999999138	1	1	194	320	0	1	+CAGG
barcode10_consensus_vsearch	948	T	T	511	4	0.77%	2	1	93	93	0.06213574593834649	1	1	193	318	0	4	+GT
barcode10_consensus_vsearch	949	A	A	533	3	0.56%	2	2	93	93	0.12464985994384618	1	1	193	340	1	2	G
barcode10_consensus_vsearch	950	T	T	534	2	0.37%	2	1	93	93	0.24976657329578222	1	1	195	339	0	2	+C
barcode10_consensus_vsearch	951	T	*/-C	523	13	2.41%	2	2	93	93	1.1340618031334358E-4	1	1	185	338	9	4	-C
barcode10_consensus_vsearch	952	C	C	527	0	0%	2	0	93	0	1.0	1	0	187	340	0	0	
barcode10_consensus_vsearch	953	C	*/-G	499	24	4.44%	2	1	93	93	4.550322307843639E-8	1	1	194	305	0	24	-G
barcode10_consensus_vsearch	954	G	R	506	9	1.74%	2	1	93	93	0.0018854904379364983	1	1	187	319	9	0	A
barcode10_consensus_vsearch	955	G	G	536	3	0.55%	2	2	93	93	0.12465181058487508	1	1	195	341	1	2	A
barcode10_consensus_vsearch	956	C	C	529	3	0.55%	2	1	93	93	0.12464722483554738	1	1	190	339	0	3	+A
barcode10_consensus_vsearch	957	A	*/-C	513	7	1.3%	2	2	93	93	0.007655356380743495	1	1	174	339	5	2	-C
barcode10_consensus_vsearch	958	C	C	519	6	1.14%	2	2	93	93	0.015402212914588027	1	1	180	339	3	3	T
barcode10_consensus_vsearch	959	C	*/-T	498	17	3.18%	2	2	93	93	6.671295990049767E-6	1	1	182	316	4	13	-T
barcode10_consensus_vsearch	960	T	W	503	7	1.35%	2	1	93	93	0.007652287346020835	1	1	173	330	7	0	A
barcode10_consensus_vsearch	961	T	Y	527	7	1.3%	2	2	93	93	0.007659460657798071	1	1	193	334	2	5	C
barcode10_consensus_vsearch	962	A	A	535	1	0.19%	2	1	93	93	0.4999999999999138	1	1	195	340	1	0	+GCA
barcode10_consensus_vsearch	963	A	*/-C	516	13	2.41%	2	1	93	93	1.1329442952704973E-4	1	1	196	320	0	13	-C
barcode10_consensus_vsearch	964	C	C	524	1	0.19%	2	1	93	93	0.4999999999990043	1	1	197	327	0	1	+T
barcode10_consensus_vsearch	965	C	C	528	6	1.11%	2	1	93	93	0.015405960641249931	1	1	197	331	0	6	-T
barcode10_consensus_vsearch	966	T	T	525	3	0.56%	2	1	93	93	0.12464454976311873	1	1	196	329	0	3	-C
barcode10_consensus_vsearch	967	C	C	530	3	0.56%	2	1	93	93	0.12464788732389653	1	1	197	333	0	3	G
barcode10_consensus_vsearch	968	G	G	535	5	0.92%	2	2	93	93	0.030960783351964165	1	1	196	339	1	4	-CG
barcode10_consensus_vsearch	969	C	C	534	1	0.19%	2	1	93	93	0.5000000000008233	1	1	196	338	0	1	A
barcode10_consensus_vsearch	970	G	G	532	2	0.37%	2	1	93	93	0.2497656982194512	1	1	196	336	0	2	+T
barcode10_consensus_vsearch	971	T	T	536	3	0.55%	2	1	93	93	0.12465181058487508	1	1	197	339	0	3	C
barcode10_consensus_vsearch	972	T	T	531	5	0.92%	2	1	93	93	0.030958626044663474	1	1	194	337	0	5	-C
barcode10_consensus_vsearch	973	C	C	530	2	0.37%	2	1	93	93	0.24976481655673516	1	1	197	333	0	2	-G
barcode10_consensus_vsearch	974	G	R	518	16	2.98%	2	2	93	93	1.361452619988755E-5	1	1	184	334	12	4	A
barcode10_consensus_vsearch	975	G	G	535	2	0.37%	2	1	93	93	0.24976700838742935	1	1	196	339	0	2	A
barcode10_consensus_vsearch	976	T	*/+C	525	7	1.3%	2	1	93	93	0.007658887507292351	1	1	193	332	0	7	+C
barcode10_consensus_vsearch	977	T	*/-C	527	7	1.3%	2	1	93	93	0.007659460657798071	1	1	196	331	0	7	-C
barcode10_consensus_vsearch	978	C	C	527	2	0.38%	2	1	93	93	0.24976348155137792	1	1	194	333	0	2	+T
barcode10_consensus_vsearch	979	A	A	529	6	1.11%	2	2	93	93	0.015406369286722026	1	1	194	335	1	5	G
barcode10_consensus_vsearch	980	T	*/-C	505	16	2.97%	2	2	93	93	1.3575261976417484E-5	1	1	169	336	15	1	-C
barcode10_consensus_vsearch	981	C	C	521	1	0.19%	2	1	93	93	0.4999999999999138	1	1	179	342	0	1	T
barcode10_consensus_vsearch	982	C	C	534	3	0.56%	2	1	93	93	0.1246505125815118	1	1	191	343	3	0	A
barcode10_consensus_vsearch	983	C	Y	489	40	7.39%	2	1	93	93	4.2278559682057727E-13	1	1	192	297	0	40	T
barcode10_consensus_vsearch	984	G	G	526	6	1.12%	2	2	93	93	0.015405138750400803	1	1	186	340	5	1	A
barcode10_consensus_vsearch	985	C	C	532	2	0.37%	2	1	93	93	0.2497656982194512	1	1	192	340	0	2	T
barcode10_consensus_vsearch	986	A	A	534	3	0.55%	2	1	93	93	0.1246505125815118	1	1	197	337	0	3	-T
barcode10_consensus_vsearch	987	T	T	536	1	0.19%	2	1	93	93	0.4999999999999138	1	1	196	340	1	0	-C
barcode10_consensus_vsearch	988	C	C	540	0	0%	2	0	93	0	1.0	1	0	196	344	0	0	
barcode10_consensus_vsearch	989	G	G	537	2	0.37%	2	1	93	93	0.2497678737226224	1	1	195	342	0	2	-C
barcode10_consensus_vsearch	990	C	C	536	2	0.37%	2	1	93	93	0.2497674418606225	1	1	197	339	0	2	+T
barcode10_consensus_vsearch	991	C	C	536	2	0.37%	2	1	93	93	0.2497674418606225	1	1	195	341	0	2	G
barcode10_consensus_vsearch	992	A	A	532	4	0.74%	2	2	93	93	0.06215002371389885	1	1	194	338	1	3	G
barcode10_consensus_vsearch	993	G	G	538	1	0.19%	2	1	93	93	0.5000000000008233	1	1	195	343	1	0	+T
barcode10_consensus_vsearch	994	T	T	534	5	0.93%	2	1	93	93	0.030960247025548112	1	1	197	337	0	5	C
barcode10_consensus_vsearch	995	T	T	535	5	0.93%	2	2	93	93	0.030960783351964165	1	1	196	339	1	4	C
barcode10_consensus_vsearch	996	C	C	534	4	0.74%	2	2	93	93	0.06215132534293568	1	1	195	339	1	3	-T
barcode10_consensus_vsearch	997	T	T	524	5	0.93%	2	2	93	93	0.030954772292166692	1	1	192	332	1	4	C
barcode10_consensus_vsearch	998	G	G	529	4	0.74%	2	1	93	93	0.06214805294605921	1	1	188	341	4	0	A
barcode10_consensus_vsearch	999	C	*/-T	515	11	2.04%	2	2	93	93	4.6316448123740747E-4	1	1	192	323	2	9	-T
barcode10_consensus_vsearch	1000	T	T	524	2	0.38%	2	1	93	93	0.24976213130317537	1	1	191	333	2	0	C
barcode10_consensus_vsearch	1001	T	T	529	6	1.11%	2	2	93	93	0.015406369286722026	1	1	190	339	2	4	C
barcode10_consensus_vsearch	1002	A	A	526	6	1.12%	2	2	93	93	0.015405138750400803	1	1	188	338	3	3	-C
barcode10_consensus_vsearch	1003	C	C	526	4	0.75%	2	1	93	93	0.06214605985717208	1	1	188	338	4	0	G
barcode10_consensus_vsearch	1004	C	*/-A	469	50	9.26%	2	2	93	93	2.5708407786105773E-16	1	1	173	296	14	36	-A
barcode10_consensus_vsearch	1005	A	A	486	1	0.2%	2	1	93	93	0.5000000000008233	1	1	181	305	0	1	+C
barcode10_consensus_vsearch	1006	A	A	538	1	0.19%	2	1	93	93	0.5000000000008233	1	1	196	342	0	1	+GCAA
barcode10_consensus_vsearch	1007	A	A	540	1	0.18%	2	1	93	93	0.5000000000008233	1	1	196	344	1	0	G
barcode10_consensus_vsearch	1008	A	A	540	1	0.18%	2	1	93	93	0.5000000000008233	1	1	196	344	1	0	G
barcode10_consensus_vsearch	1009	A	A	540	1	0.18%	2	1	93	93	0.5000000000008233	1	1	197	343	0	1	C
barcode10_consensus_vsearch	1010	T	T	537	1	0.18%	2	1	93	93	0.4999999999999138	1	1	197	340	0	1	+C
barcode10_consensus_vsearch	1011	G	G	539	0	0%	2	0	93	0	1.0	1	0	197	342	0	0	
barcode10_consensus_vsearch	1012	G	G	535	2	0.37%	2	1	93	93	0.24976700838742935	1	1	193	342	2	0	-C
barcode10_consensus_vsearch	1013	C	C	536	1	0.19%	2	1	93	93	0.4999999999999138	1	1	195	341	0	1	+T
barcode10_consensus_vsearch	1014	C	C	538	1	0.19%	2	1	93	93	0.5000000000008233	1	1	196	342	0	1	+T
barcode10_consensus_vsearch	1015	C	C	533	4	0.74%	2	1	93	93	0.06215067574099081	1	1	193	340	4	0	-AC
barcode10_consensus_vsearch	1016	A	A	530	3	0.56%	2	1	93	93	0.12464788732389653	1	1	188	342	3	0	G
barcode10_consensus_vsearch	1017	C	C	521	5	0.93%	2	1	93	93	0.030953089299844624	1	1	190	331	0	5	A
barcode10_consensus_vsearch	1018	T	T	528	4	0.75%	2	1	93	93	0.0621473910819107	1	1	192	336	0	4	-A
barcode10_consensus_vsearch	1019	A	*/+G	506	27	5.04%	2	1	93	93	5.315319547016779E-9	1	1	196	310	0	27	+G
barcode10_consensus_vsearch	1020	G	G	532	3	0.55%	2	1	93	93	0.12464920486402759	1	1	193	339	3	0	-A
barcode10_consensus_vsearch	1021	A	*/-GA	523	8	1.49%	2	1	93	93	0.003803891984112379	1	1	192	331	0	8	-GA
barcode10_consensus_vsearch	1022	G	G	525	1	0.19%	2	1	93	93	0.4999999999999138	1	1	195	330	0	1	+T
barcode10_consensus_vsearch	1023	A	*/+T	502	11	2.07%	2	1	93	93	4.625386448853263E-4	1	1	192	310	0	11	+T
barcode10_consensus_vsearch	1024	C	*/+T	436	70	13.04%	2	2	93	93	6.517519813020844E-23	1	1	196	240	1	69	+T
barcode10_consensus_vsearch	1025	T	*/+C	449	63	11.75%	2	1	93	93	1.4201976308783186E-20	1	1	197	252	0	63	+C
barcode10_consensus_vsearch	1026	C	Y	482	18	3.45%	2	2	93	93	3.2645695909926003E-6	1	1	191	291	1	17	T
barcode10_consensus_vsearch	1027	T	Y	516	9	1.7%	2	2	93	93	0.0018867669371326681	1	1	190	326	1	8	C
barcode10_consensus_vsearch	1028	C	Y	515	9	1.7%	2	1	93	93	0.0018866414593969943	1	1	191	324	0	9	T
barcode10_consensus_vsearch	1029	A	A	524	6	1.11%	2	1	93	93	0.015404310668549302	1	1	189	335	0	6	C
barcode10_consensus_vsearch	1030	T	Y	521	8	1.49%	2	2	93	93	0.0038035073991726275	1	1	192	329	1	7	C
barcode10_consensus_vsearch	1031	T	T	539	2	0.37%	2	2	93	93	0.2497687326552616	1	1	196	343	1	1	C
barcode10_consensus_vsearch	1032	T	T	532	4	0.74%	2	2	93	93	0.06215002371389885	1	1	192	340	3	1	C
barcode10_consensus_vsearch	1033	G	G	538	1	0.19%	2	1	93	93	0.5000000000008233	1	1	196	342	1	0	A
barcode10_consensus_vsearch	1034	C	C	537	2	0.37%	2	2	93	93	0.2497678737226224	1	1	195	342	1	1	+AA
barcode10_consensus_vsearch	1035	A	R	529	7	1.3%	2	2	93	93	0.007660029547299292	1	1	192	337	3	4	G
barcode10_consensus_vsearch	1036	G	G	532	4	0.74%	2	1	93	93	0.06215002371389885	1	1	191	341	4	0	A
barcode10_consensus_vsearch	1037	C	C	533	4	0.74%	2	2	93	93	0.06215067574099081	1	1	193	340	1	3	T
barcode10_consensus_vsearch	1038	G	G	536	2	0.37%	2	1	93	93	0.2497674418606225	1	1	193	343	2	0	A
barcode10_consensus_vsearch	1039	G	G	535	1	0.19%	2	1	93	93	0.4999999999999138	1	1	194	341	0	1	+TGG
barcode10_consensus_vsearch	1040	C	C	531	3	0.56%	2	1	93	93	0.12464854732871722	1	1	190	341	3	0	-T
barcode10_consensus_vsearch	1041	T	T	531	3	0.56%	2	2	93	93	0.12464854732871722	1	1	189	342	2	1	C
barcode10_consensus_vsearch	1042	T	T	527	5	0.93%	2	2	93	93	0.030956436312490055	1	1	186	341	2	3	C
barcode10_consensus_vsearch	1043	C	*/-A	490	43	7.99%	2	2	93	93	4.7036666110525896E-14	1	1	190	300	1	42	-A
barcode10_consensus_vsearch	1044	A	A	492	2	0.4%	2	1	93	93	0.249746707193524	1	1	192	300	2	0	G
barcode10_consensus_vsearch	1045	A	A	529	5	0.93%	2	2	93	93	0.030957535277242203	1	1	193	336	3	2	G
barcode10_consensus_vsearch	1046	T	Y	495	40	7.45%	2	1	93	93	4.265756827479978E-13	1	1	194	301	0	40	C
barcode10_consensus_vsearch	1047	T	*/-AA	519	7	1.3%	2	2	93	93	0.0076571420055722055	1	1	183	336	6	1	-AA
barcode10_consensus_vsearch	1048	A	A	519	5	0.95%	2	2	93	93	0.030951956604203933	1	1	182	337	4	1	+G
barcode10_consensus_vsearch	1049	A	A	521	5	0.94%	2	1	93	93	0.030953089299844624	1	1	183	338	5	0	-GAA
barcode10_consensus_vsearch	1050	G	*/-A	500	11	2.06%	2	2	93	93	4.6243958420242334E-4	1	1	170	330	9	2	-A
barcode10_consensus_vsearch	1051	A	A	507	4	0.78%	2	1	93	93	0.062132893245767165	1	1	166	341	4	0	+GA
barcode10_consensus_vsearch	1052	A	A	521	4	0.76%	2	1	93	93	0.0621426874002581	1	1	181	340	0	4	C
barcode10_consensus_vsearch	1053	A	A	528	3	0.56%	2	2	93	93	0.12464655984919866	1	1	186	342	1	2	G
barcode10_consensus_vsearch	1054	G	G	527	1	0.19%	2	1	93	93	0.4999999999999138	1	1	185	342	1	0	+C
barcode10_consensus_vsearch	1055	C	C	533	2	0.37%	2	1	93	93	0.2497661365761488	1	1	195	338	0	2	-G
barcode10_consensus_vsearch	1056	G	G	533	2	0.37%	2	1	93	93	0.2497661365761488	1	1	194	339	0	2	-CG
barcode10_consensus_vsearch	1057	C	*/-GC	492	39	7.26%	2	2	93	93	8.817242812968369E-13	1	1	168	324	26	13	-GC
barcode10_consensus_vsearch	1058	G	G	492	3	0.6%	2	2	93	93	0.12462082912008803	1	1	169	323	1	2	A
barcode10_consensus_vsearch	1059	C	C	487	4	0.8%	2	2	93	93	0.06211793223435324	1	1	166	321	3	1	+GC
barcode10_consensus_vsearch	1060	T	Y	515	13	2.42%	2	1	93	93	1.13278229476532E-4	1	1	196	319	0	13	C
barcode10_consensus_vsearch	1061	G	G	535	3	0.56%	2	1	93	93	0.1246511627905904	1	1	193	342	3	0	-A
barcode10_consensus_vsearch	1062	A	A	534	2	0.37%	2	2	93	93	0.24976657329578222	1	1	191	343	1	1	-G
barcode10_consensus_vsearch	1063	G	G	535	2	0.37%	2	1	93	93	0.24976700838742935	1	1	192	343	2	0	A
barcode10_consensus_vsearch	1064	C	*/-T	513	11	2.04%	2	2	93	93	4.630701863514621E-4	1	1	185	328	1	10	-T
barcode10_consensus_vsearch	1065	T	T	518	1	0.19%	2	1	93	93	0.4999999999999138	1	1	184	334	1	0	+AA
barcode10_consensus_vsearch	1066	T	T	527	1	0.19%	2	1	93	93	0.4999999999999138	1	1	184	343	1	0	+C
barcode10_consensus_vsearch	1067	A	*/-CA	518	12	2.23%	2	1	93	93	2.2924609531959532E-4	1	1	176	342	12	0	-CA
barcode10_consensus_vsearch	1068	C	Y	518	7	1.33%	2	2	93	93	0.007656847224773479	1	1	179	339	3	4	T
barcode10_consensus_vsearch	1069	A	A	522	2	0.38%	2	1	93	93	0.24976122254010238	1	1	180	342	2	0	+CA
barcode10_consensus_vsearch	1070	T	T	528	5	0.92%	2	1	93	93	0.03095698682522861	1	1	193	335	0	5	-AT
barcode10_consensus_vsearch	1071	A	A	531	1	0.19%	2	1	93	93	0.4999999999999138	1	1	193	338	0	1	-TTTA
barcode10_consensus_vsearch	1072	T	T	523	5	0.93%	2	1	93	93	0.030954213418664108	1	1	190	333	0	5	+AT
barcode10_consensus_vsearch	1073	T	T	539	1	0.19%	2	1	93	93	0.4999999999999138	1	1	196	343	1	0	+GC
barcode10_consensus_vsearch	1074	T	*/+A	523	9	1.67%	2	2	93	93	0.0018876321934375318	1	1	184	339	7	2	+A
barcode10_consensus_vsearch	1075	A	A	533	1	0.19%	2	1	93	93	0.4999999999990043	1	1	192	341	0	1	G
barcode10_consensus_vsearch	1076	A	A	538	1	0.19%	2	1	93	93	0.5000000000008233	1	1	195	343	1	0	+GAA
barcode10_consensus_vsearch	1077	A	A	539	1	0.18%	2	1	93	93	0.4999999999999138	1	1	197	342	0	1	G
barcode10_consensus_vsearch	1078	G	G	536	4	0.74%	2	1	93	93	0.06215261732591134	1	1	193	343	4	0	+T
barcode10_consensus_vsearch	1079	T	T	535	6	1.11%	2	1	93	93	0.015408789494314828	1	1	197	338	0	6	C
barcode10_consensus_vsearch	1080	T	T	538	2	0.37%	2	1	93	93	0.24976830398477892	1	1	197	341	0	2	C
barcode10_consensus_vsearch	1081	T	T	533	5	0.92%	2	2	93	93	0.03095970870624187	1	1	196	337	1	4	+G
barcode10_consensus_vsearch	1082	G	G	539	0	0%	2	0	93	0	1.0	1	0	197	342	0	0	
barcode10_consensus_vsearch	1083	A	A	530	6	1.11%	2	1	93	93	0.015406776410247038	1	1	189	341	6	0	+G
barcode10_consensus_vsearch	1084	G	G	536	1	0.19%	2	1	93	93	0.4999999999999138	1	1	196	340	0	1	+A
barcode10_consensus_vsearch	1085	A	A	535	3	0.56%	2	2	93	93	0.1246511627905904	1	1	195	340	1	2	G
barcode10_consensus_vsearch	1086	A	A	539	1	0.19%	2	1	93	93	0.4999999999999138	1	1	195	344	1	0	G
barcode10_consensus_vsearch	1087	T	T	527	6	1.11%	2	1	93	93	0.015405550465377539	1	1	195	332	0	6	-AA
barcode10_consensus_vsearch	1088	A	A	528	1	0.19%	2	1	93	93	0.4999999999999138	1	1	194	334	1	0	+GA
barcode10_consensus_vsearch	1089	A	A	529	2	0.37%	2	1	93	93	0.24976437323210715	1	1	196	333	0	2	G
barcode10_consensus_vsearch	1090	G	G	533	4	0.74%	2	2	93	93	0.06215067574099081	1	1	194	339	3	1	-T
barcode10_consensus_vsearch	1091	T	T	530	3	0.56%	2	1	93	93	0.12464788732389653	1	1	194	336	0	3	C
barcode10_consensus_vsearch	1092	T	*/-A	508	12	2.23%	2	2	93	93	2.289656400273516E-4	1	1	179	329	3	9	-A
barcode10_consensus_vsearch	1093	A	R	515	7	1.33%	2	2	93	93	0.0076559561322145355	1	1	189	326	4	3	G
barcode10_consensus_vsearch	1094	A	*/-G	519	10	1.86%	2	2	93	93	9.355360884142277E-4	1	1	187	332	6	4	-G
barcode10_consensus_vsearch	1095	G	G	519	3	0.57%	2	1	93	93	0.12464046021107343	1	1	190	329	0	3	T
barcode10_consensus_vsearch	1096	G	G	538	0	0%	2	0	93	0	1.0	1	0	197	341	0	0	
barcode10_consensus_vsearch	1097	T	Y	525	13	2.41%	2	1	93	93	1.1343758849316423E-4	1	1	196	329	0	13	C
barcode10_consensus_vsearch	1098	T	T	535	3	0.56%	2	2	93	93	0.1246511627905904	1	1	195	340	1	2	C
barcode10_consensus_vsearch	1099	G	G	531	5	0.92%	2	2	93	93	0.030958626044663474	1	1	190	341	4	1	-T
barcode10_consensus_vsearch	1100	T	Y	526	9	1.68%	2	2	93	93	0.0018879961490473396	1	1	192	334	1	8	C
barcode10_consensus_vsearch	1101	T	T	533	4	0.74%	2	2	93	93	0.06215067574099081	1	1	194	339	1	3	C
barcode10_consensus_vsearch	1102	T	T	525	5	0.92%	2	2	93	93	0.03095532905764353	1	1	192	333	2	3	+C
barcode10_consensus_vsearch	1103	C	C	530	4	0.74%	2	2	93	93	0.06214871233009074	1	1	193	337	1	3	-A
barcode10_consensus_vsearch	1104	A	A	531	3	0.56%	2	1	93	93	0.12464854732871722	1	1	193	338	0	3	G
barcode10_consensus_vsearch	1105	A	*/-C	502	26	4.82%	2	2	93	93	1.087021143307907E-8	1	1	179	323	10	16	-C
barcode10_consensus_vsearch	1106	C	C	510	3	0.58%	2	1	93	93	0.12463414634159806	1	1	185	325	0	3	+T
barcode10_consensus_vsearch	1107	C	C	534	4	0.74%	2	2	93	93	0.06215132534293568	1	1	192	342	3	1	T
barcode10_consensus_vsearch	1108	C	Y	524	12	2.22%	2	2	93	93	2.2940944872581814E-4	1	1	193	331	1	11	T
barcode10_consensus_vsearch	1109	C	*/-AA	521	7	1.29%	2	1	93	93	0.0076577282303186165	1	1	192	329	0	7	-AA
barcode10_consensus_vsearch	1110	A	A	525	4	0.75%	2	2	93	93	0.062145390468482414	1	1	192	333	1	3	G
barcode10_consensus_vsearch	1111	A	A	523	3	0.56%	2	2	93	93	0.12464319695528758	1	1	193	330	2	1	-G
barcode10_consensus_vsearch	1112	G	K	523	8	1.49%	2	1	93	93	0.003803891984112379	1	1	192	331	0	8	T
barcode10_consensus_vsearch	1113	G	G	533	2	0.37%	2	1	93	93	0.2497661365761488	1	1	192	341	0	2	-CT
barcode10_consensus_vsearch	1114	C	C	530	3	0.56%	2	1	93	93	0.12464788732389653	1	1	194	336	0	3	+T
barcode10_consensus_vsearch	1115	T	T	532	2	0.37%	2	2	93	93	0.2497656982194512	1	1	193	339	1	1	+C
barcode10_consensus_vsearch	1116	T	T	532	3	0.56%	2	1	93	93	0.12464920486402759	1	1	190	342	3	0	+C
barcode10_consensus_vsearch	1117	C	*/-T	529	7	1.3%	2	2	93	93	0.007660029547299292	1	1	193	336	1	6	-T
barcode10_consensus_vsearch	1118	T	T	531	1	0.19%	2	1	93	93	0.4999999999999138	1	1	194	337	0	1	+CT
barcode10_consensus_vsearch	1119	A	A	538	2	0.37%	2	1	93	93	0.24976830398477892	1	1	196	342	0	2	G
barcode10_consensus_vsearch	1120	A	A	536	3	0.55%	2	2	93	93	0.12465181058487508	1	1	195	341	2	1	G
barcode10_consensus_vsearch	1121	T	T	537	2	0.37%	2	2	93	93	0.2497678737226224	1	1	196	341	1	1	C
barcode10_consensus_vsearch	1122	C	C	533	3	0.55%	2	1	93	93	0.12464985994384618	1	1	191	342	3	0	-A
barcode10_consensus_vsearch	1123	A	A	530	2	0.37%	2	1	93	93	0.24976481655673516	1	1	190	340	0	2	-TTA
barcode10_consensus_vsearch	1124	T	T	524	5	0.93%	2	1	93	93	0.030954772292166692	1	1	188	336	5	0	G
barcode10_consensus_vsearch	1125	T	T	535	3	0.56%	2	1	93	93	0.1246511627905904	1	1	194	341	3	0	-A
barcode10_consensus_vsearch	1126	A	R	522	13	2.43%	2	2	93	93	1.1339039040165397E-4	1	1	184	338	10	3	G
barcode10_consensus_vsearch	1127	G	G	535	3	0.55%	2	1	93	93	0.1246511627905904	1	1	194	341	3	0	A
barcode10_consensus_vsearch	1128	C	C	534	3	0.56%	2	1	93	93	0.1246505125815118	1	1	194	340	3	0	+T
barcode10_consensus_vsearch	1129	T	T	538	2	0.37%	2	1	93	93	0.24976830398477892	1	1	197	341	0	2	C
barcode10_consensus_vsearch	1130	T	T	539	1	0.18%	2	1	93	93	0.4999999999999138	1	1	196	343	0	1	+CT
barcode10_consensus_vsearch	1131	T	T	541	0	0%	2	0	93	0	1.0	1	0	197	344	0	0	
barcode10_consensus_vsearch	1132	A	A	541	0	0%	2	0	93	0	1.0	1	0	197	344	0	0	
barcode10_consensus_vsearch	1133	C	C	538	1	0.18%	2	1	93	93	0.5000000000008233	1	1	196	342	0	1	+T
barcode10_consensus_vsearch	1134	C	C	538	2	0.37%	2	1	93	93	0.24976830398477892	1	1	197	341	0	2	+T
barcode10_consensus_vsearch	1135	A	*/-CA	520	17	3.14%	2	2	93	93	6.708652441435347E-6	1	1	185	335	11	6	-CA
barcode10_consensus_vsearch	1136	C	C	521	2	0.38%	2	1	93	93	0.24976076555023663	1	1	186	335	0	2	T
barcode10_consensus_vsearch	1137	A	A	519	4	0.76%	2	2	93	93	0.062141320354043746	1	1	184	335	2	2	G
barcode10_consensus_vsearch	1138	T	*/-A	522	10	1.85%	2	2	93	93	9.357645849939003E-4	1	1	190	332	5	5	-A
barcode10_consensus_vsearch	1139	A	A	528	2	0.38%	2	1	93	93	0.24976392823365007	1	1	192	336	0	2	G
barcode10_consensus_vsearch	1140	A	A	538	2	0.37%	2	2	93	93	0.24976830398477892	1	1	196	342	1	1	C
barcode10_consensus_vsearch	1141	A	A	537	1	0.19%	2	1	93	93	0.4999999999999138	1	1	196	341	1	0	+C
barcode10_consensus_vsearch	1142	A	A	535	3	0.56%	2	1	93	93	0.1246511627905904	1	1	193	342	3	0	G
barcode10_consensus_vsearch	1143	C	C	529	5	0.93%	2	2	93	93	0.030957535277242203	1	1	187	342	4	1	-T
barcode10_consensus_vsearch	1144	T	T	517	6	1.12%	2	1	93	93	0.015401362604060042	1	1	189	328	0	6	+G
barcode10_consensus_vsearch	1145	G	G	534	3	0.56%	2	2	93	93	0.1246505125815118	1	1	191	343	2	1	-A
barcode10_consensus_vsearch	1146	A	A	530	3	0.56%	2	1	93	93	0.12464788732389653	1	1	189	341	3	0	G
barcode10_consensus_vsearch	1147	T	T	527	5	0.92%	2	2	93	93	0.030956436312490055	1	1	194	333	1	4	-AC
barcode10_consensus_vsearch	1148	A	A	527	3	0.56%	2	2	93	93	0.12464589235128659	1	1	191	336	1	2	G
barcode10_consensus_vsearch	1149	C	Y	513	11	2.06%	2	2	93	93	4.630701863514621E-4	1	1	183	330	3	8	T
barcode10_consensus_vsearch	1150	G	G	530	1	0.19%	2	1	93	93	0.4999999999990043	1	1	188	342	1	0	+A
barcode10_consensus_vsearch	1151	A	A	534	4	0.74%	2	2	93	93	0.06215132534293568	1	1	193	341	2	2	G
barcode10_consensus_vsearch	1152	G	G	535	3	0.56%	2	1	93	93	0.1246511627905904	1	1	196	339	0	3	-T
barcode10_consensus_vsearch	1153	T	T	531	4	0.74%	2	1	93	93	0.062149369248170376	1	1	197	334	0	4	C
barcode10_consensus_vsearch	1154	C	C	533	3	0.56%	2	1	93	93	0.12464985994384618	1	1	197	336	0	3	-T
barcode10_consensus_vsearch	1155	T	*/-CT	522	12	2.23%	2	2	93	93	2.2935539704776033E-4	1	1	184	338	11	1	-CT
barcode10_consensus_vsearch	1156	C	*/-T	518	7	1.32%	2	1	93	93	0.007656847224773479	1	1	186	332	0	7	-T
barcode10_consensus_vsearch	1157	T	T	510	4	0.77%	2	2	93	93	0.062135036929658584	1	1	183	327	1	3	-G
barcode10_consensus_vsearch	1158	G	G	530	2	0.37%	2	2	93	93	0.24976481655673516	1	1	192	338	1	1	-C
barcode10_consensus_vsearch	1159	C	C	528	2	0.37%	2	1	93	93	0.24976392823365007	1	1	194	334	0	2	+A
barcode10_consensus_vsearch	1160	T	Y	531	7	1.3%	2	2	93	93	0.007660594223165221	1	1	195	336	2	5	C
barcode10_consensus_vsearch	1161	A	A	538	2	0.37%	2	1	93	93	0.24976830398477892	1	1	197	341	0	2	G
barcode10_consensus_vsearch	1162	T	*/-C	524	13	2.4%	2	2	93	93	1.1342191290655594E-4	1	1	185	339	11	2	-C
barcode10_consensus_vsearch	1163	C	C	528	0	0%	2	0	93	0	1.0	1	0	186	342	0	0	
barcode10_consensus_vsearch	1164	C	C	535	3	0.55%	2	1	93	93	0.1246511627905904	1	1	197	338	0	3	+T
barcode10_consensus_vsearch	1165	T	Y	525	8	1.49%	2	2	93	93	0.003804273700811284	1	1	194	331	1	7	C
barcode10_consensus_vsearch	1166	G	*/-A	527	7	1.3%	2	2	93	93	0.007659460657798071	1	1	186	341	6	1	-A
barcode10_consensus_vsearch	1167	A	*/-G	392	113	21.36%	2	2	93	93	8.193389735955604E-38	1	1	87	305	79	34	-G
barcode10_consensus_vsearch	1168	G	G	405	2	0.49%	2	1	93	93	0.2496924969251474	1	1	100	305	0	2	+T
barcode10_consensus_vsearch	1169	G	G	522	1	0.19%	2	1	93	93	0.5000000000008233	1	1	181	341	0	1	+TG
barcode10_consensus_vsearch	1170	G	*/+A	504	13	2.45%	2	2	93	93	1.1309600158996164E-4	1	1	185	319	1	12	+A
barcode10_consensus_vsearch	1171	A	A	519	2	0.38%	2	1	93	93	0.24975984630119435	1	1	187	332	0	2	G
barcode10_consensus_vsearch	1172	A	A	538	1	0.19%	2	1	93	93	0.5000000000008233	1	1	196	342	0	1	+G
barcode10_consensus_vsearch	1173	A	*/+T	521	7	1.3%	2	1	93	93	0.0076577282303186165	1	1	195	326	0	7	+T
barcode10_consensus_vsearch	1174	C	*/-T	498	24	4.45%	2	2	93	93	4.547915149824799E-8	1	1	192	306	2	22	-T
barcode10_consensus_vsearch	1175	T	T	501	4	0.79%	2	2	93	93	0.06212852943181009	1	1	191	310	1	3	C
barcode10_consensus_vsearch	1176	T	*/-C	507	15	2.82%	2	2	93	93	2.7558423648311608E-5	1	1	190	317	1	14	-C
barcode10_consensus_vsearch	1177	C	*/-G	490	12	2.3%	2	2	93	93	2.2843328134236683E-4	1	1	192	298	2	10	-G
barcode10_consensus_vsearch	1178	G	R	513	7	1.33%	2	2	93	93	0.007655356380743495	1	1	188	325	6	1	A
barcode10_consensus_vsearch	1179	G	G	527	5	0.93%	2	2	93	93	0.030956436312490055	1	1	195	332	1	4	-C
barcode10_consensus_vsearch	1180	C	Y	514	7	1.32%	2	2	93	93	0.007655656829790728	1	1	189	325	1	6	T
barcode10_consensus_vsearch	1181	A	*/-G	496	11	2.08%	2	2	93	93	4.6223915846272447E-4	1	1	182	314	1	10	-G
barcode10_consensus_vsearch	1182	G	G	518	5	0.95%	2	1	93	93	0.030951387009327987	1	1	195	323	0	5	T
barcode10_consensus_vsearch	1183	G	G	530	6	1.11%	2	1	93	93	0.015406776410247038	1	1	197	333	0	6	+A
barcode10_consensus_vsearch	1184	A	A	535	3	0.56%	2	2	93	93	0.1246511627905904	1	1	195	340	1	2	G
barcode10_consensus_vsearch	1185	A	A	530	5	0.92%	2	1	93	93	0.030958081679908694	1	1	190	340	5	0	-C
barcode10_consensus_vsearch	1186	C	C	533	1	0.19%	2	1	93	93	0.4999999999990043	1	1	192	341	0	1	+T
barcode10_consensus_vsearch	1187	C	C	536	1	0.18%	2	1	93	93	0.4999999999999138	1	1	195	341	0	1	+AA
barcode10_consensus_vsearch	1188	A	A	532	4	0.74%	2	1	93	93	0.06215002371389885	1	1	195	337	0	4	-G
barcode10_consensus_vsearch	1189	G	G	532	2	0.37%	2	1	93	93	0.2497656982194512	1	1	196	336	0	2	+T
barcode10_consensus_vsearch	1190	C	C	529	4	0.74%	2	1	93	93	0.06214805294605921	1	1	195	334	0	4	T
barcode10_consensus_vsearch	1191	T	T	532	3	0.56%	2	1	93	93	0.12464920486402759	1	1	196	336	0	3	C
barcode10_consensus_vsearch	1192	A	A	532	2	0.37%	2	1	93	93	0.2497656982194512	1	1	194	338	0	2	+T
barcode10_consensus_vsearch	1193	C	C	525	4	0.74%	2	1	93	93	0.062145390468482414	1	1	194	331	0	4	+T
barcode10_consensus_vsearch	1194	T	T	524	3	0.56%	2	1	93	93	0.12464387464392387	1	1	192	332	0	3	+C
barcode10_consensus_vsearch	1195	A	A	533	3	0.56%	2	2	93	93	0.12464985994384618	1	1	193	340	2	1	-G
barcode10_consensus_vsearch	1196	G	G	536	1	0.19%	2	1	93	93	0.4999999999999138	1	1	195	341	0	1	-A
barcode10_consensus_vsearch	1197	A	A	539	1	0.19%	2	1	93	93	0.4999999999999138	1	1	196	343	1	0	G
barcode10_consensus_vsearch	1198	T	T	536	2	0.37%	2	1	93	93	0.2497674418606225	1	1	197	339	0	2	C
barcode10_consensus_vsearch	1199	G	G	539	1	0.19%	2	1	93	93	0.4999999999999138	1	1	197	342	0	1	A
barcode10_consensus_vsearch	1200	G	G	539	1	0.18%	2	1	93	93	0.4999999999999138	1	1	197	342	0	1	-T
barcode10_consensus_vsearch	1201	T	*/+C	521	18	3.33%	2	1	93	93	3.302181223521903E-6	1	1	196	325	0	18	+C
barcode10_consensus_vsearch	1202	T	*/-C	521	16	2.96%	2	1	93	93	1.3623328758221928E-5	1	1	195	326	0	16	-C
barcode10_consensus_vsearch	1203	C	C	517	3	0.57%	2	1	93	93	0.12463907603460093	1	1	195	322	0	3	+G
barcode10_consensus_vsearch	1204	G	G	537	2	0.37%	2	2	93	93	0.2497678737226224	1	1	196	341	1	1	A
barcode10_consensus_vsearch	1205	A	A	536	2	0.37%	2	1	93	93	0.2497674418606225	1	1	195	341	0	2	-T
barcode10_consensus_vsearch	1206	T	T	533	6	1.11%	2	2	93	93	0.015407988734056442	1	1	194	339	3	3	C
barcode10_consensus_vsearch	1207	T	T	525	6	1.11%	2	2	93	93	0.015404725487673122	1	1	192	333	3	3	+G
barcode10_consensus_vsearch	1208	A	R	520	13	2.41%	2	2	93	93	1.1335863736764801E-4	1	1	185	335	9	4	G
barcode10_consensus_vsearch	1209	G	G	528	4	0.75%	2	1	93	93	0.0621473910819107	1	1	194	334	0	4	-T
barcode10_consensus_vsearch	1210	T	T	529	3	0.56%	2	2	93	93	0.12464722483554738	1	1	194	335	1	2	-C
barcode10_consensus_vsearch	1211	C	*/-T	480	42	7.84%	2	2	93	93	9.630273569489139E-14	1	1	167	313	25	17	-T
barcode10_consensus_vsearch	1212	T	T	487	3	0.61%	2	1	93	93	0.12461695607772423	1	1	170	317	0	3	C
barcode10_consensus_vsearch	1213	T	T	523	3	0.56%	2	2	93	93	0.12464319695528758	1	1	192	331	1	2	+C
barcode10_consensus_vsearch	1214	T	T	527	6	1.11%	2	1	93	93	0.015405550465377539	1	1	192	335	0	6	-C
barcode10_consensus_vsearch	1215	C	*/+T	515	7	1.31%	2	2	93	93	0.0076559561322145355	1	1	187	328	1	6	+T
barcode10_consensus_vsearch	1216	G	*/-C	472	40	7.48%	2	2	93	93	4.117417632774178E-13	1	1	160	312	25	15	-C
barcode10_consensus_vsearch	1217	C	C	494	5	1%	2	1	93	93	0.030937032202167515	1	1	165	329	5	0	A
barcode10_consensus_vsearch	1218	C	C	537	3	0.56%	2	2	93	93	0.12465245597770591	1	1	194	343	2	1	T
barcode10_consensus_vsearch	1219	C	C	535	4	0.74%	2	2	93	93	0.06215197253344983	1	1	193	342	3	1	T
barcode10_consensus_vsearch	1220	C	C	532	5	0.92%	2	2	93	93	0.030959168383112096	1	1	196	336	1	4	-T
barcode10_consensus_vsearch	1221	T	T	528	4	0.75%	2	2	93	93	0.0621473910819107	1	1	193	335	1	3	C
barcode10_consensus_vsearch	1222	A	A	533	4	0.74%	2	2	93	93	0.06215067574099081	1	1	191	342	3	1	-TA
barcode10_consensus_vsearch	1223	T	T	533	2	0.37%	2	1	93	93	0.2497661365761488	1	1	193	340	0	2	+A
barcode10_consensus_vsearch	1224	A	*/-C	512	12	2.24%	2	2	93	93	2.2907907965120128E-4	1	1	181	331	2	10	-C
barcode10_consensus_vsearch	1225	C	*/+T	516	7	1.33%	2	1	93	93	0.007656254294522524	1	1	190	326	0	7	+T
barcode10_consensus_vsearch	1226	C	C	530	2	0.37%	2	1	93	93	0.24976481655673516	1	1	191	339	0	2	+T
barcode10_consensus_vsearch	1227	C	C	528	4	0.74%	2	2	93	93	0.0621473910819107	1	1	191	337	1	3	T
barcode10_consensus_vsearch	1228	A	*/-CA	527	7	1.31%	2	2	93	93	0.007659460657798071	1	1	187	340	6	1	-CA
barcode10_consensus_vsearch	1229	C	C	527	4	0.75%	2	1	93	93	0.06214672672359405	1	1	188	339	0	4	T
barcode10_consensus_vsearch	1230	A	A	523	4	0.75%	2	2	93	93	0.062144044065959504	1	1	183	340	2	2	-T
barcode10_consensus_vsearch	1231	T	T	531	2	0.37%	2	2	93	93	0.249765258215703	1	1	191	340	1	1	C
barcode10_consensus_vsearch	1232	T	T	536	2	0.37%	2	2	93	93	0.2497674418606225	1	1	193	343	1	1	C
barcode10_consensus_vsearch	1233	T	T	534	3	0.56%	2	1	93	93	0.1246505125815118	1	1	195	339	0	3	C
barcode10_consensus_vsearch	1234	G	G	539	1	0.19%	2	1	93	93	0.4999999999999138	1	1	197	342	0	1	C
barcode10_consensus_vsearch	1235	A	A	536	4	0.74%	2	2	93	93	0.06215261732591134	1	1	196	340	1	3	G
barcode10_consensus_vsearch	1236	C	C	536	2	0.37%	2	2	93	93	0.2497674418606225	1	1	194	342	1	1	T
barcode10_consensus_vsearch	1237	G	G	538	1	0.19%	2	1	93	93	0.5000000000008233	1	1	195	343	1	0	-A
barcode10_consensus_vsearch	1238	A	A	532	4	0.74%	2	1	93	93	0.06215002371389885	1	1	196	336	0	4	+C
barcode10_consensus_vsearch	1239	T	T	535	4	0.74%	2	1	93	93	0.06215197253344983	1	1	197	338	0	4	-C
barcode10_consensus_vsearch	1240	C	C	534	2	0.37%	2	2	93	93	0.24976657329578222	1	1	195	339	1	1	+G
barcode10_consensus_vsearch	1241	G	G	540	1	0.18%	2	1	93	93	0.5000000000008233	1	1	196	344	1	0	C
barcode10_consensus_vsearch	1242	A	*/-T	531	7	1.29%	2	1	93	93	0.007660594223165221	1	1	197	334	0	7	-T
barcode10_consensus_vsearch	1243	T	T	534	0	0%	2	0	93	0	1.0	1	0	197	337	0	0	
barcode10_consensus_vsearch	1244	T	T	535	5	0.92%	2	1	93	93	0.030960783351964165	1	1	197	338	0	5	C
barcode10_consensus_vsearch	1245	T	T	535	3	0.55%	2	1	93	93	0.1246511627905904	1	1	197	338	0	3	G
barcode10_consensus_vsearch	1246	G	G	536	3	0.55%	2	1	93	93	0.12465181058487508	1	1	197	339	0	3	A
barcode10_consensus_vsearch	1247	C	*/-AC	521	9	1.67%	2	1	93	93	0.001887387288255386	1	1	187	334	9	0	-AC
barcode10_consensus_vsearch	1248	A	A	522	3	0.57%	2	1	93	93	0.12464251668251476	1	1	187	335	0	3	+T
barcode10_consensus_vsearch	1249	C	C	526	2	0.38%	2	1	93	93	0.2497630331753048	1	1	188	338	0	2	T
barcode10_consensus_vsearch	1250	G	G	538	1	0.19%	2	1	93	93	0.5000000000008233	1	1	197	341	0	1	+C
barcode10_consensus_vsearch	1251	T	*/+C	525	10	1.85%	2	1	93	93	9.359905507976904E-4	1	1	187	338	10	0	+C
barcode10_consensus_vsearch	1252	C	C	530	6	1.11%	2	2	93	93	0.015406776410247038	1	1	189	341	5	1	+A
barcode10_consensus_vsearch	1253	A	A	528	3	0.56%	2	1	93	93	0.12464655984919866	1	1	193	335	0	3	+G
barcode10_consensus_vsearch	1254	G	G	530	3	0.56%	2	2	93	93	0.12464788732389653	1	1	194	336	1	2	-A
barcode10_consensus_vsearch	1255	A	A	534	3	0.56%	2	2	93	93	0.1246505125815118	1	1	194	340	2	1	G
barcode10_consensus_vsearch	1256	A	A	534	5	0.92%	2	2	93	93	0.030960247025548112	1	1	193	341	4	1	G
barcode10_consensus_vsearch	1257	T	T	529	6	1.11%	2	1	93	93	0.015406369286722026	1	1	197	332	0	6	-C
barcode10_consensus_vsearch	1258	C	*/+AA	519	8	1.5%	2	1	93	93	0.003803119913505049	1	1	196	323	0	8	+AA
barcode10_consensus_vsearch	1259	G	R	526	14	2.59%	2	2	93	93	5.60431506344668E-5	1	1	196	330	1	13	A
barcode10_consensus_vsearch	1260	C	*/-T	509	21	3.88%	2	1	93	93	3.8960827091122934E-7	1	1	197	312	0	21	-T
barcode10_consensus_vsearch	1261	T	T	514	4	0.77%	2	2	93	93	0.06213785653164459	1	1	194	320	2	2	C
barcode10_consensus_vsearch	1262	A	A	531	2	0.37%	2	1	93	93	0.249765258215703	1	1	195	336	0	2	+G
barcode10_consensus_vsearch	1263	C	Y	505	24	4.45%	2	1	93	93	4.5645958571438506E-8	1	1	193	312	0	24	T
barcode10_consensus_vsearch	1264	G	G	536	2	0.37%	2	1	93	93	0.2497674418606225	1	1	196	340	0	2	+T
barcode10_consensus_vsearch	1265	A	*/-G	524	8	1.49%	2	2	93	93	0.0038040831989871004	1	1	187	337	6	2	-G
barcode10_consensus_vsearch	1266	G	*/+C	515	8	1.5%	2	2	93	93	0.0038023361077742447	1	1	187	328	1	7	+C
barcode10_consensus_vsearch	1267	C	C	530	3	0.56%	2	1	93	93	0.12464788732389653	1	1	195	335	0	3	+T
barcode10_consensus_vsearch	1268	C	*/-TC	521	13	2.41%	2	1	93	93	1.1337454285865033E-4	1	1	195	326	0	13	-TC
barcode10_consensus_vsearch	1269	T	T	516	4	0.76%	2	1	93	93	0.06213925005774881	1	1	192	324	0	4	C
barcode10_consensus_vsearch	1270	C	C	525	0	0%	2	0	93	0	1.0	1	0	194	331	0	0	
barcode10_consensus_vsearch	1271	C	C	531	6	1.11%	2	1	93	93	0.015407182020391647	1	1	191	340	6	0	-A
barcode10_consensus_vsearch	1272	A	*/-C	521	12	2.24%	2	1	93	93	2.293282222376427E-4	1	1	178	343	12	0	-C
barcode10_consensus_vsearch	1273	C	C	516	6	1.13%	2	1	93	93	0.015400935010162124	1	1	179	337	6	0	G
barcode10_consensus_vsearch	1274	C	C	528	5	0.92%	2	1	93	93	0.03095698682522861	1	1	186	342	5	0	+A
barcode10_consensus_vsearch	1275	A	A	528	5	0.93%	2	2	93	93	0.03095698682522861	1	1	188	340	3	2	+G
barcode10_consensus_vsearch	1276	G	*/-A	522	11	2.04%	2	1	93	93	4.6348903153335794E-4	1	1	182	340	11	0	-A
barcode10_consensus_vsearch	1277	A	A	518	4	0.76%	2	2	93	93	0.06214063290057826	1	1	181	337	2	2	-G
barcode10_consensus_vsearch	1278	G	*/-T	518	7	1.31%	2	2	93	93	0.007656847224773479	1	1	187	331	2	5	-T
barcode10_consensus_vsearch	1279	T	T	528	2	0.38%	2	1	93	93	0.24976392823365007	1	1	193	335	0	2	C
barcode10_consensus_vsearch	1280	T	Y	529	10	1.86%	2	2	93	93	9.362879739115975E-4	1	1	194	335	3	7	C
barcode10_consensus_vsearch	1281	T	*/-C	474	42	7.79%	2	2	93	93	9.53050327299773E-14	1	1	191	283	2	40	-C
barcode10_consensus_vsearch	1282	C	C	482	3	0.62%	2	1	93	93	0.1246130030959541	1	1	194	288	0	3	+T
barcode10_consensus_vsearch	1283	C	*/+T	516	7	1.33%	2	1	93	93	0.007656254294522524	1	1	196	320	0	7	+T
barcode10_consensus_vsearch	1284	T	*/-CT	504	12	2.29%	2	1	93	93	2.2885047922135943E-4	1	1	194	310	0	12	-CT
barcode10_consensus_vsearch	1285	C	*/+T	505	11	2.1%	2	1	93	93	4.626858203661697E-4	1	1	196	309	0	11	+T
barcode10_consensus_vsearch	1286	T	T	506	6	1.15%	2	2	93	93	0.015396567387895594	1	1	190	316	3	3	-G
barcode10_consensus_vsearch	1287	G	G	528	3	0.56%	2	2	93	93	0.12464655984919866	1	1	192	336	1	2	A
barcode10_consensus_vsearch	1288	G	G	533	4	0.74%	2	2	93	93	0.06215067574099081	1	1	195	338	1	3	A
barcode10_consensus_vsearch	1289	C	C	530	6	1.11%	2	2	93	93	0.015406776410247038	1	1	194	336	1	5	-T
barcode10_consensus_vsearch	1290	T	T	528	3	0.56%	2	2	93	93	0.12464655984919866	1	1	193	335	1	2	C
barcode10_consensus_vsearch	1291	T	T	532	2	0.37%	2	2	93	93	0.2497656982194512	1	1	193	339	1	1	-C
barcode10_consensus_vsearch	1292	C	*/+A	523	9	1.67%	2	2	93	93	0.0018876321934375318	1	1	193	330	1	8	+A
barcode10_consensus_vsearch	1293	A	*/-C	496	18	3.35%	2	2	93	93	3.2786888079819985E-6	1	1	169	327	10	8	-C
barcode10_consensus_vsearch	1294	C	Y	499	11	2.14%	2	1	93	93	4.6238976747864065E-4	1	1	178	321	0	11	T
barcode10_consensus_vsearch	1295	C	C	522	5	0.94%	2	1	93	93	0.03095365242531379	1	1	188	334	0	5	T
barcode10_consensus_vsearch	1296	C	*/-T	527	9	1.66%	2	1	93	93	0.001888116570402175	1	1	196	331	0	9	-T
barcode10_consensus_vsearch	1297	T	T	517	6	1.13%	2	2	93	93	0.015401362604060042	1	1	190	327	5	1	+A
barcode10_consensus_vsearch	1298	A	A	534	4	0.74%	2	2	93	93	0.06215132534293568	1	1	193	341	2	2	G
barcode10_consensus_vsearch	1299	T	*/-G	526	7	1.3%	2	1	93	93	0.007659174618154892	1	1	185	341	7	0	-G
barcode10_consensus_vsearch	1300	G	G	526	5	0.94%	2	1	93	93	0.030955883727255742	1	1	182	344	5	0	A
barcode10_consensus_vsearch	1301	C	C	526	5	0.93%	2	2	93	93	0.030955883727255742	1	1	188	338	1	4	T
barcode10_consensus_vsearch	1302	A	A	525	5	0.93%	2	1	93	93	0.03095532905764353	1	1	188	337	5	0	G
barcode10_consensus_vsearch	1303	G	G	531	2	0.37%	2	1	93	93	0.249765258215703	1	1	195	336	0	2	+T
barcode10_consensus_vsearch	1304	G	G	537	0	0%	2	0	93	0	1.0	1	0	197	340	0	0	
barcode10_consensus_vsearch	1305	C	C	535	2	0.37%	2	1	93	93	0.24976700838742935	1	1	197	338	0	2	T
barcode10_consensus_vsearch	1306	A	A	531	3	0.56%	2	2	93	93	0.12464854732871722	1	1	194	337	2	1	G
barcode10_consensus_vsearch	1307	T	T	536	4	0.74%	2	2	93	93	0.06215261732591134	1	1	195	341	2	2	C
barcode10_consensus_vsearch	1308	A	A	534	4	0.74%	2	1	93	93	0.06215132534293568	1	1	196	338	0	4	G
barcode10_consensus_vsearch	1309	G	G	539	1	0.18%	2	1	93	93	0.4999999999999138	1	1	197	342	0	1	+CC
barcode10_consensus_vsearch	1310	T	T	531	5	0.93%	2	1	93	93	0.030958626044663474	1	1	197	334	0	5	+C
barcode10_consensus_vsearch	1311	T	T	533	5	0.92%	2	1	93	93	0.03095970870624187	1	1	196	337	0	5	-C
barcode10_consensus_vsearch	1312	C	C	532	2	0.37%	2	2	93	93	0.2497656982194512	1	1	195	337	1	1	-A
barcode10_consensus_vsearch	1313	A	A	533	2	0.37%	2	1	93	93	0.2497661365761488	1	1	191	342	2	0	-C
barcode10_consensus_vsearch	1314	C	C	531	3	0.56%	2	1	93	93	0.12464854732871722	1	1	191	340	0	3	+T
barcode10_consensus_vsearch	1315	C	C	536	3	0.55%	2	1	93	93	0.12465181058487508	1	1	193	343	3	0	-A
barcode10_consensus_vsearch	1316	A	A	532	4	0.74%	2	2	93	93	0.06215002371389885	1	1	190	342	3	1	G
barcode10_consensus_vsearch	1317	T	Y	531	7	1.29%	2	2	93	93	0.007660594223165221	1	1	192	339	2	5	C
barcode10_consensus_vsearch	1318	C	*/-T	502	33	6.11%	2	2	93	93	6.997691270632847E-11	1	1	192	310	1	32	-T
barcode10_consensus_vsearch	1319	T	T	502	2	0.4%	2	1	93	93	0.24975173783516336	1	1	194	308	0	2	C
barcode10_consensus_vsearch	1320	T	T	538	0	0%	2	0	93	0	1.0	1	0	196	342	0	0	
barcode10_consensus_vsearch	1321	T	T	533	3	0.56%	2	2	93	93	0.12464985994384618	1	1	192	341	2	1	-C
barcode10_consensus_vsearch	1322	C	*/-GG	513	11	2.04%	2	1	93	93	4.630701863514621E-4	1	1	191	322	0	11	-GG
barcode10_consensus_vsearch	1323	G	R	508	10	1.91%	2	1	93	93	9.346759140832711E-4	1	1	183	325	10	0	A
barcode10_consensus_vsearch	1324	G	G	529	1	0.19%	2	1	93	93	0.4999999999999138	1	1	197	332	0	1	C
barcode10_consensus_vsearch	1325	G	G	538	2	0.37%	2	1	93	93	0.24976830398477892	1	1	195	343	2	0	A
barcode10_consensus_vsearch	1326	T	T	536	2	0.37%	2	2	93	93	0.2497674418606225	1	1	195	341	1	1	-CC
barcode10_consensus_vsearch	1327	C	C	538	0	0%	2	0	93	0	1.0	1	0	195	343	0	0	
barcode10_consensus_vsearch	1328	C	C	538	1	0.19%	2	1	93	93	0.5000000000008233	1	1	195	343	1	0	T
barcode10_consensus_vsearch	1329	C	C	532	4	0.74%	2	2	93	93	0.06215002371389885	1	1	194	338	2	2	T
barcode10_consensus_vsearch	1330	A	A	539	0	0%	2	0	93	0	1.0	1	0	196	343	0	0	
barcode10_consensus_vsearch	1331	A	R	530	9	1.66%	2	2	93	93	0.001888475177575197	1	1	189	341	6	3	G
barcode10_consensus_vsearch	1332	C	C	534	2	0.37%	2	1	93	93	0.24976657329578222	1	1	194	340	0	2	+AAC
barcode10_consensus_vsearch	1333	A	A	535	2	0.37%	2	1	93	93	0.24976700838742935	1	1	191	344	2	0	+CT
barcode10_consensus_vsearch	1334	T	T	538	1	0.18%	2	1	93	93	0.5000000000008233	1	1	194	344	1	0	+CC
barcode10_consensus_vsearch	1335	A	A	539	1	0.19%	2	1	93	93	0.4999999999999138	1	1	196	343	0	1	G
barcode10_consensus_vsearch	1336	T	*/-AT	519	19	3.52%	2	2	93	93	1.6225577997907453E-6	1	1	187	332	8	11	-AT
barcode10_consensus_vsearch	1337	A	A	518	1	0.19%	2	1	93	93	0.4999999999999138	1	1	187	331	1	0	-TG
barcode10_consensus_vsearch	1338	T	T	509	6	1.16%	2	2	93	93	0.01539789544904327	1	1	180	329	3	3	+AT
barcode10_consensus_vsearch	1339	G	*/-C	518	7	1.31%	2	1	93	93	0.007656847224773479	1	1	191	327	0	7	-C
barcode10_consensus_vsearch	1340	C	Y	521	7	1.32%	2	1	93	93	0.0076577282303186165	1	1	193	328	0	7	T
barcode10_consensus_vsearch	1341	T	T	530	4	0.74%	2	2	93	93	0.06214871233009074	1	1	190	340	2	2	C
barcode10_consensus_vsearch	1342	C	*/+T	503	15	2.79%	2	1	93	93	2.7536417778426696E-5	1	1	190	313	0	15	+T
barcode10_consensus_vsearch	1343	T	T	518	2	0.38%	2	1	93	93	0.24975938402341052	1	1	191	327	0	2	C
barcode10_consensus_vsearch	1344	A	A	528	5	0.93%	2	1	93	93	0.03095698682522861	1	1	194	334	0	5	+C
barcode10_consensus_vsearch	1345	C	C	528	4	0.75%	2	1	93	93	0.0621473910819107	1	1	196	332	0	4	+T
barcode10_consensus_vsearch	1346	C	C	525	5	0.92%	2	1	93	93	0.03095532905764353	1	1	194	331	0	5	-T
barcode10_consensus_vsearch	1347	T	T	519	6	1.13%	2	1	93	93	0.015402212914588027	1	1	190	329	6	0	+C
barcode10_consensus_vsearch	1348	C	*/-G	517	11	2.07%	2	1	93	93	4.632580735397798E-4	1	1	196	321	0	11	-G
barcode10_consensus_vsearch	1349	G	G	528	1	0.19%	2	1	93	93	0.4999999999999138	1	1	197	331	0	1	T
barcode10_consensus_vsearch	1350	G	G	541	0	0%	2	0	93	0	1.0	1	0	197	344	0	0	
barcode10_consensus_vsearch	1351	A	A	536	3	0.55%	2	1	93	93	0.12465181058487508	1	1	197	339	0	3	G
barcode10_consensus_vsearch	1352	T	T	537	3	0.55%	2	2	93	93	0.12465245597770591	1	1	195	342	1	2	C
barcode10_consensus_vsearch	1353	C	C	541	0	0%	2	0	93	0	1.0	1	0	197	344	0	0	
barcode10_consensus_vsearch	1354	C	C	537	1	0.18%	2	1	93	93	0.4999999999999138	1	1	196	341	0	1	+A
barcode10_consensus_vsearch	1355	G	G	539	2	0.37%	2	1	93	93	0.2497687326552616	1	1	197	342	0	2	+C
barcode10_consensus_vsearch	1356	T	T	535	4	0.74%	2	2	93	93	0.06215197253344983	1	1	196	339	1	3	C
barcode10_consensus_vsearch	1357	C	C	535	1	0.19%	2	1	93	93	0.4999999999999138	1	1	195	340	0	1	+A
barcode10_consensus_vsearch	1358	A	A	531	3	0.56%	2	1	93	93	0.12464854732871722	1	1	193	338	0	3	+G
barcode10_consensus_vsearch	1359	C	C	534	2	0.37%	2	1	93	93	0.24976657329578222	1	1	193	341	2	0	+A
barcode10_consensus_vsearch	1360	A	R	525	7	1.29%	2	1	93	93	0.007658887507292351	1	1	193	332	0	7	G
barcode10_consensus_vsearch	1361	G	G	529	3	0.56%	2	1	93	93	0.12464722483554738	1	1	190	339	3	0	+A
barcode10_consensus_vsearch	1362	A	A	529	5	0.93%	2	2	93	93	0.030957535277242203	1	1	193	336	1	4	G
barcode10_consensus_vsearch	1363	A	A	529	3	0.56%	2	1	93	93	0.12464722483554738	1	1	194	335	0	3	G
barcode10_consensus_vsearch	1364	G	G	530	2	0.37%	2	1	93	93	0.24976481655673516	1	1	194	336	0	2	T
barcode10_consensus_vsearch	1365	G	G	530	6	1.11%	2	1	93	93	0.015406776410247038	1	1	194	336	0	6	+T
barcode10_consensus_vsearch	1366	T	*/+C	514	18	3.33%	2	2	93	93	3.2958131076589083E-6	1	1	177	337	17	1	+C
barcode10_consensus_vsearch	1367	C	C	525	6	1.12%	2	1	93	93	0.015404725487673122	1	1	193	332	0	6	-T
barcode10_consensus_vsearch	1368	T	*/-G	510	15	2.81%	2	1	93	93	2.7574716206710414E-5	1	1	195	315	0	15	-G
barcode10_consensus_vsearch	1369	G	G	516	5	0.95%	2	2	93	93	0.030950241263123	1	1	192	324	4	1	A
barcode10_consensus_vsearch	1370	G	G	537	1	0.19%	2	1	93	93	0.4999999999999138	1	1	196	341	1	0	-T
barcode10_consensus_vsearch	1371	T	*/-C	505	31	5.76%	2	1	93	93	2.979493084869385E-10	1	1	164	341	31	0	-C
barcode10_consensus_vsearch	1372	C	C	507	1	0.2%	2	1	93	93	0.4999999999999138	1	1	166	341	0	1	T
barcode10_consensus_vsearch	1373	C	*/-GG	511	16	2.96%	2	1	93	93	1.3593614138575698E-5	1	1	196	315	0	16	-GG
barcode10_consensus_vsearch	1374	G	R	502	12	2.32%	2	2	93	93	2.2879224109240395E-4	1	1	187	315	8	4	A
barcode10_consensus_vsearch	1375	G	G	514	4	0.76%	2	1	93	93	0.06213785653164459	1	1	194	320	0	4	A
barcode10_consensus_vsearch	1376	G	G	536	1	0.19%	2	1	93	93	0.4999999999999138	1	1	197	339	0	1	+TA
barcode10_consensus_vsearch	1377	C	C	532	5	0.93%	2	1	93	93	0.030959168383112096	1	1	197	335	0	5	T
barcode10_consensus_vsearch	1378	G	G	530	3	0.56%	2	2	93	93	0.12464788732389653	1	1	196	334	1	2	-T
barcode10_consensus_vsearch	1379	T	T	525	5	0.93%	2	2	93	93	0.03095532905764353	1	1	188	337	3	2	-C
barcode10_consensus_vsearch	1380	C	C	525	4	0.75%	2	1	93	93	0.062145390468482414	1	1	189	336	0	4	T
barcode10_consensus_vsearch	1381	G	R	525	8	1.49%	2	1	93	93	0.003804273700811284	1	1	186	339	8	0	A
barcode10_consensus_vsearch	1382	G	G	533	4	0.74%	2	1	93	93	0.06215067574099081	1	1	192	341	4	0	T
barcode10_consensus_vsearch	1383	T	T	531	4	0.74%	2	2	93	93	0.062149369248170376	1	1	194	337	1	3	C
barcode10_consensus_vsearch	1384	G	*/-C	356	107	19.89%	2	2	93	93	5.969321960201752E-36	1	1	145	211	23	84	-C
barcode10_consensus_vsearch	1385	C	C	388	1	0.26%	2	1	93	93	0.4999999999999138	1	1	172	216	0	1	G
barcode10_consensus_vsearch	1386	C	C	490	6	1.2%	2	2	93	93	0.015389213627934262	1	1	193	297	1	5	T
barcode10_consensus_vsearch	1387	C	C	533	4	0.74%	2	1	93	93	0.06215067574099081	1	1	191	342	4	0	+A
barcode10_consensus_vsearch	1388	C	*/-T	527	8	1.48%	2	2	93	93	0.003804652581188002	1	1	193	334	2	6	-T
barcode10_consensus_vsearch	1389	T	T	530	2	0.38%	2	2	93	93	0.24976481655673516	1	1	194	336	1	1	-C
barcode10_consensus_vsearch	1390	C	C	526	5	0.93%	2	2	93	93	0.030955883727255742	1	1	189	337	3	2	-G
barcode10_consensus_vsearch	1391	G	G	528	2	0.37%	2	1	93	93	0.24976392823365007	1	1	189	339	2	0	A
barcode10_consensus_vsearch	1392	T	T	534	2	0.37%	2	2	93	93	0.24976657329578222	1	1	195	339	1	1	+A
barcode10_consensus_vsearch	1393	G	*/-A	506	24	4.44%	2	2	93	93	4.566946923770943E-8	1	1	168	338	21	3	-A
barcode10_consensus_vsearch	1394	A	A	515	1	0.19%	2	1	93	93	0.4999999999990043	1	1	174	341	1	0	+GA
barcode10_consensus_vsearch	1395	A	A	536	3	0.56%	2	2	93	93	0.12465181058487508	1	1	194	342	1	2	G
barcode10_consensus_vsearch	1396	A	A	533	5	0.93%	2	2	93	93	0.03095970870624187	1	1	192	341	3	2	G
barcode10_consensus_vsearch	1397	G	G	537	1	0.19%	2	1	93	93	0.4999999999999138	1	1	194	343	1	0	+A
barcode10_consensus_vsearch	1398	G	G	533	2	0.37%	2	1	93	93	0.2497661365761488	1	1	194	339	2	0	+T
barcode10_consensus_vsearch	1399	T	T	535	2	0.37%	2	1	93	93	0.24976700838742935	1	1	197	338	0	2	C
barcode10_consensus_vsearch	1400	T	*/-C	521	9	1.67%	2	2	93	93	0.001887387288255386	1	1	193	328	1	8	-C
barcode10_consensus_vsearch	1401	C	C	526	1	0.19%	2	1	93	93	0.4999999999999138	1	1	193	333	0	1	T
barcode10_consensus_vsearch	1402	C	C	527	5	0.93%	2	1	93	93	0.030956436312490055	1	1	192	335	0	5	T
barcode10_consensus_vsearch	1403	C	Y	515	15	2.78%	2	2	93	93	2.760147574883274E-5	1	1	194	321	2	13	T
barcode10_consensus_vsearch	1404	A	A	531	3	0.56%	2	1	93	93	0.12464854732871722	1	1	196	335	0	3	G
barcode10_consensus_vsearch	1405	A	R	529	7	1.3%	2	1	93	93	0.007660029547299292	1	1	188	341	7	0	G
barcode10_consensus_vsearch	1406	C	C	531	2	0.37%	2	1	93	93	0.249765258215703	1	1	193	338	2	0	+TTC
barcode10_consensus_vsearch	1407	T	Y	521	13	2.42%	2	1	93	93	1.1337454285865033E-4	1	1	197	324	0	13	C
barcode10_consensus_vsearch	1408	A	A	535	1	0.19%	2	1	93	93	0.4999999999999138	1	1	197	338	0	1	+G
barcode10_consensus_vsearch	1409	T	T	526	5	0.93%	2	2	93	93	0.030955883727255742	1	1	189	337	3	2	-C
barcode10_consensus_vsearch	1410	C	C	535	0	0%	2	0	93	0	1.0	1	0	194	341	0	0	
barcode10_consensus_vsearch	1411	A	A	535	4	0.74%	2	2	93	93	0.06215197253344983	1	1	193	342	3	1	G
barcode10_consensus_vsearch	1412	C	C	524	6	1.11%	2	2	93	93	0.015404310668549302	1	1	189	335	3	3	-T
barcode10_consensus_vsearch	1413	T	T	531	2	0.38%	2	1	93	93	0.249765258215703	1	1	193	338	0	2	C
barcode10_consensus_vsearch	1414	T	T	530	5	0.93%	2	1	93	93	0.030958081679908694	1	1	194	336	0	5	+C
barcode10_consensus_vsearch	1415	T	T	529	6	1.11%	2	2	93	93	0.015406369286722026	1	1	193	336	1	5	-C
barcode10_consensus_vsearch	1416	C	C	526	3	0.56%	2	1	93	93	0.12464522232734096	1	1	192	334	3	0	-A
barcode10_consensus_vsearch	1417	A	A	526	5	0.93%	2	2	93	93	0.030955883727255742	1	1	189	337	2	3	G
barcode10_consensus_vsearch	1418	T	T	528	4	0.75%	2	1	93	93	0.0621473910819107	1	1	192	336	0	4	C
barcode10_consensus_vsearch	1419	T	T	533	5	0.93%	2	2	93	93	0.03095970870624187	1	1	194	339	2	3	C
barcode10_consensus_vsearch	1420	G	G	533	5	0.93%	2	2	93	93	0.03095970870624187	1	1	195	338	1	4	A
barcode10_consensus_vsearch	1421	C	C	527	6	1.11%	2	2	93	93	0.015405550465377539	1	1	194	333	2	4	T
barcode10_consensus_vsearch	1422	G	*/-CG	524	12	2.22%	2	2	93	93	2.2940944872581814E-4	1	1	189	335	5	7	-CG
barcode10_consensus_vsearch	1423	C	C	525	2	0.38%	2	1	93	93	0.24976258309635352	1	1	192	333	0	2	T
barcode10_consensus_vsearch	1424	G	G	528	0	0%	2	0	93	0	1.0	1	0	192	336	0	0	
barcode10_consensus_vsearch	1425	T	*/-C	502	30	5.56%	2	1	93	93	6.115861416138716E-10	1	1	164	338	30	0	-C
barcode10_consensus_vsearch	1426	C	C	510	0	0%	2	0	93	0	1.0	1	0	166	344	0	0	
barcode10_consensus_vsearch	1427	C	*/+G	499	24	4.44%	2	1	93	93	4.550322307843639E-8	1	1	181	318	0	24	+G
barcode10_consensus_vsearch	1428	G	G	522	5	0.94%	2	2	93	93	0.03095365242531379	1	1	179	343	4	1	-A
barcode10_consensus_vsearch	1429	A	A	534	2	0.37%	2	2	93	93	0.24976657329578222	1	1	192	342	1	1	G
barcode10_consensus_vsearch	1430	G	*/-T	448	80	14.79%	2	2	93	93	3.2407589246642843E-26	1	1	116	332	71	9	-T
barcode10_consensus_vsearch	1431	T	K	446	10	2.18%	2	1	93	93	9.290628161964562E-4	1	1	113	333	10	0	G
barcode10_consensus_vsearch	1432	T	T	536	3	0.56%	2	2	93	93	0.12465181058487508	1	1	193	343	2	1	C
barcode10_consensus_vsearch	1433	T	T	537	3	0.55%	2	2	93	93	0.12465245597770591	1	1	195	342	2	1	C
barcode10_consensus_vsearch	1434	T	T	535	3	0.55%	2	1	93	93	0.1246511627905904	1	1	194	341	0	3	+C
barcode10_consensus_vsearch	1435	T	T	535	4	0.74%	2	2	93	93	0.06215197253344983	1	1	193	342	3	1	C
barcode10_consensus_vsearch	1436	C	C	529	4	0.74%	2	2	93	93	0.06214805294605921	1	1	192	337	2	2	+T
barcode10_consensus_vsearch	1437	A	A	524	6	1.12%	2	2	93	93	0.015404310668549302	1	1	183	341	4	2	-C
barcode10_consensus_vsearch	1438	C	C	527	3	0.56%	2	1	93	93	0.12464589235128659	1	1	188	339	0	3	+T
barcode10_consensus_vsearch	1439	C	C	534	2	0.37%	2	1	93	93	0.24976657329578222	1	1	192	342	2	0	G
barcode10_consensus_vsearch	1440	C	C	529	4	0.74%	2	1	93	93	0.06214805294605921	1	1	196	333	0	4	T
barcode10_consensus_vsearch	1441	A	A	534	2	0.37%	2	2	93	93	0.24976657329578222	1	1	194	340	1	1	C
barcode10_consensus_vsearch	1442	A	A	536	4	0.74%	2	2	93	93	0.06215261732591134	1	1	193	343	3	1	G
barcode10_consensus_vsearch	1443	A	A	535	5	0.92%	2	2	93	93	0.030960783351964165	1	1	192	343	4	1	G
barcode10_consensus_vsearch	1444	C	C	536	2	0.37%	2	2	93	93	0.2497674418606225	1	1	194	342	1	1	T
barcode10_consensus_vsearch	1445	A	A	532	3	0.56%	2	2	93	93	0.12464920486402759	1	1	193	339	1	2	-C
barcode10_consensus_vsearch	1446	C	C	531	2	0.37%	2	1	93	93	0.249765258215703	1	1	195	336	0	2	+TT
barcode10_consensus_vsearch	1447	T	*/-C	525	11	2.04%	2	2	93	93	4.636255716146247E-4	1	1	195	330	1	10	-C
barcode10_consensus_vsearch	1448	C	C	524	2	0.38%	2	1	93	93	0.24976213130317537	1	1	192	332	0	2	+TC
barcode10_consensus_vsearch	1449	G	G	535	2	0.37%	2	1	93	93	0.24976700838742935	1	1	192	343	2	0	-C
barcode10_consensus_vsearch	1450	C	C	535	1	0.19%	2	1	93	93	0.4999999999999138	1	1	191	344	1	0	+G
barcode10_consensus_vsearch	1451	A	A	534	3	0.56%	2	1	93	93	0.1246505125815118	1	1	191	343	3	0	-G
barcode10_consensus_vsearch	1452	G	G	535	2	0.37%	2	2	93	93	0.24976700838742935	1	1	193	342	1	1	-A
barcode10_consensus_vsearch	1453	A	A	532	2	0.37%	2	1	93	93	0.2497656982194512	1	1	193	339	0	2	-CA
barcode10_consensus_vsearch	1454	C	C	535	3	0.56%	2	2	93	93	0.1246511627905904	1	1	194	341	2	1	T
barcode10_consensus_vsearch	1455	A	A	532	3	0.56%	2	1	93	93	0.12464920486402759	1	1	193	339	3	0	G
barcode10_consensus_vsearch	1456	T	T	528	6	1.11%	2	2	93	93	0.015405960641249931	1	1	193	335	2	4	C
barcode10_consensus_vsearch	1457	G	R	526	10	1.86%	2	1	93	93	9.360653175925267E-4	1	1	185	341	10	0	A
barcode10_consensus_vsearch	1458	T	T	524	5	0.93%	2	2	93	93	0.030954772292166692	1	1	191	333	2	3	C
barcode10_consensus_vsearch	1459	T	*/+G	508	15	2.78%	2	2	93	93	2.7563874491278124E-5	1	1	172	336	12	3	+G
barcode10_consensus_vsearch	1460	A	*/-G	512	14	2.61%	2	2	93	93	5.591435815604937E-5	1	1	178	334	13	1	-G
barcode10_consensus_vsearch	1461	G	G	522	2	0.38%	2	2	93	93	0.24976122254010238	1	1	181	341	1	1	A
barcode10_consensus_vsearch	1462	A	*/+C	517	14	2.59%	2	1	93	93	5.5961110921598094E-5	1	1	193	324	0	14	+C
barcode10_consensus_vsearch	1463	C	C	533	4	0.74%	2	1	93	93	0.06215067574099081	1	1	195	338	0	4	-TC
barcode10_consensus_vsearch	1464	T	*/-C	501	21	3.92%	2	2	93	93	3.883795455793878E-7	1	1	192	309	2	19	-C
barcode10_consensus_vsearch	1465	C	C	512	3	0.58%	2	1	93	93	0.12463556851309493	1	1	195	317	0	3	+T
barcode10_consensus_vsearch	1466	C	*/-T	508	20	3.7%	2	1	93	93	7.939355184027724E-7	1	1	196	312	0	20	-T
barcode10_consensus_vsearch	1467	T	T	512	3	0.58%	2	2	93	93	0.12463556851309493	1	1	194	318	2	1	A
barcode10_consensus_vsearch	1468	T	T	528	4	0.74%	2	1	93	93	0.0621473910819107	1	1	195	333	0	4	-G
barcode10_consensus_vsearch	1469	G	G	530	4	0.75%	2	2	93	93	0.06214871233009074	1	1	194	336	3	1	A
barcode10_consensus_vsearch	1470	G	G	537	2	0.37%	2	1	93	93	0.2497678737226224	1	1	197	340	0	2	-T
barcode10_consensus_vsearch	1471	T	T	535	3	0.56%	2	1	93	93	0.1246511627905904	1	1	194	341	3	0	+C
barcode10_consensus_vsearch	1472	C	C	538	1	0.19%	2	1	93	93	0.5000000000008233	1	1	196	342	1	0	+GA
barcode10_consensus_vsearch	1473	C	C	532	3	0.56%	2	1	93	93	0.12464920486402759	1	1	197	335	0	3	T
barcode10_consensus_vsearch	1474	G	G	538	2	0.37%	2	1	93	93	0.24976830398477892	1	1	195	343	2	0	A
barcode10_consensus_vsearch	1475	T	T	530	4	0.74%	2	1	93	93	0.06214871233009074	1	1	196	334	0	4	-GT
barcode10_consensus_vsearch	1476	G	G	528	6	1.12%	2	1	93	93	0.015405960641249931	1	1	190	338	6	0	+T
barcode10_consensus_vsearch	1477	T	T	525	4	0.75%	2	2	93	93	0.062145390468482414	1	1	195	330	1	3	C
barcode10_consensus_vsearch	1478	T	T	538	1	0.19%	2	1	93	93	0.5000000000008233	1	1	196	342	0	1	C
barcode10_consensus_vsearch	1479	T	T	538	3	0.55%	2	2	93	93	0.1246530989824234	1	1	196	342	1	2	+C
barcode10_consensus_vsearch	1480	C	C	536	2	0.37%	2	2	93	93	0.2497674418606225	1	1	195	341	1	1	+G
barcode10_consensus_vsearch	1481	A	A	530	6	1.12%	2	2	93	93	0.015406776410247038	1	1	193	337	3	3	G
barcode10_consensus_vsearch	1482	A	A	536	1	0.19%	2	1	93	93	0.4999999999999138	1	1	195	341	1	0	-G
barcode10_consensus_vsearch	1483	G	G	539	1	0.19%	2	1	93	93	0.4999999999999138	1	1	195	344	1	0	-ACG
barcode10_consensus_vsearch	1484	A	A	533	4	0.74%	2	2	93	93	0.06215067574099081	1	1	193	340	2	2	G
barcode10_consensus_vsearch	1485	C	*/-G	528	7	1.3%	2	1	93	93	0.007659745632203721	1	1	195	333	0	7	-G
barcode10_consensus_vsearch	1486	G	G	528	3	0.56%	2	1	93	93	0.12464655984919866	1	1	193	335	3	0	A
barcode10_consensus_vsearch	1487	G	G	538	1	0.18%	2	1	93	93	0.5000000000008233	1	1	196	342	0	1	+TG
barcode10_consensus_vsearch	1488	G	G	540	1	0.18%	2	1	93	93	0.5000000000008233	1	1	197	343	0	1	-T
barcode10_consensus_vsearch	1489	T	T	533	6	1.11%	2	2	93	93	0.015407988734056442	1	1	195	338	2	4	C
barcode10_consensus_vsearch	1490	C	C	527	5	0.92%	2	1	93	93	0.030956436312490055	1	1	196	331	0	5	+AA
barcode10_consensus_vsearch	1491	G	G	523	6	1.12%	2	2	93	93	0.015403894284021311	1	1	190	333	4	2	+T
barcode10_consensus_vsearch	1492	T	Y	526	7	1.31%	2	2	93	93	0.007659174618154892	1	1	194	332	2	5	C
barcode10_consensus_vsearch	1493	T	Y	531	7	1.3%	2	2	93	93	0.007660594223165221	1	1	193	338	4	3	C
barcode10_consensus_vsearch	1494	T	*/+A	506	10	1.85%	2	2	93	93	9.345156292752411E-4	1	1	182	324	9	1	+A
barcode10_consensus_vsearch	1495	A	A	519	6	1.14%	2	1	93	93	0.015402212914588027	1	1	192	327	0	6	G
barcode10_consensus_vsearch	1496	A	A	529	6	1.12%	2	2	93	93	0.015406369286722026	1	1	196	333	1	5	G
barcode10_consensus_vsearch	1497	A	A	532	3	0.56%	2	1	93	93	0.12464920486402759	1	1	195	337	0	3	T
barcode10_consensus_vsearch	1498	G	G	530	4	0.74%	2	1	93	93	0.06214871233009074	1	1	187	343	4	0	A
barcode10_consensus_vsearch	1499	C	C	535	2	0.37%	2	1	93	93	0.24976700838742935	1	1	194	341	0	2	T
barcode10_consensus_vsearch	1500	C	C	537	2	0.37%	2	1	93	93	0.2497678737226224	1	1	194	343	2	0	-A
barcode10_consensus_vsearch	1501	A	A	529	6	1.11%	2	2	93	93	0.015406369286722026	1	1	189	340	4	2	-T
barcode10_consensus_vsearch	1502	T	T	533	2	0.37%	2	1	93	93	0.2497661365761488	1	1	191	342	2	0	G
barcode10_consensus_vsearch	1503	T	T	533	4	0.74%	2	2	93	93	0.06215067574099081	1	1	195	338	1	3	C
barcode10_consensus_vsearch	1504	A	A	535	1	0.19%	2	1	93	93	0.4999999999999138	1	1	195	340	1	0	+GCC
barcode10_consensus_vsearch	1505	C	C	536	3	0.56%	2	2	93	93	0.12465181058487508	1	1	196	340	1	2	T
barcode10_consensus_vsearch	1506	G	G	539	1	0.18%	2	1	93	93	0.4999999999999138	1	1	195	344	1	0	+C
barcode10_consensus_vsearch	1507	C	C	538	2	0.37%	2	1	93	93	0.24976830398477892	1	1	197	341	0	2	T
barcode10_consensus_vsearch	1508	C	C	539	1	0.18%	2	1	93	93	0.4999999999999138	1	1	197	342	0	1	+A
barcode10_consensus_vsearch	1509	A	A	538	3	0.55%	2	2	93	93	0.1246530989824234	1	1	196	342	1	2	G
barcode10_consensus_vsearch	1510	G	G	539	2	0.37%	2	1	93	93	0.2497687326552616	1	1	195	344	2	0	A
barcode10_consensus_vsearch	1511	C	C	540	1	0.18%	2	1	93	93	0.5000000000008233	1	1	197	343	0	1	T
barcode10_consensus_vsearch	1512	A	A	537	1	0.18%	2	1	93	93	0.4999999999999138	1	1	194	343	1	0	+CA
barcode10_consensus_vsearch	1513	T	T	536	2	0.37%	2	1	93	93	0.2497674418606225	1	1	193	343	2	0	+C
barcode10_consensus_vsearch	1514	C	*/-A	503	16	2.96%	2	2	93	93	1.356905446939963E-5	1	1	174	329	15	1	-A
barcode10_consensus_vsearch	1515	A	A	503	4	0.78%	2	2	93	93	0.062129995518286844	1	1	176	327	2	2	G
barcode10_consensus_vsearch	1516	A	A	525	1	0.19%	2	1	93	93	0.4999999999999138	1	1	195	330	1	0	G
barcode10_consensus_vsearch	1517	A	A	534	3	0.56%	2	1	93	93	0.1246505125815118	1	1	194	340	3	0	-G
barcode10_consensus_vsearch	1518	G	G	536	1	0.19%	2	1	93	93	0.4999999999999138	1	1	193	343	1	0	-C
barcode10_consensus_vsearch	1519	C	C	534	2	0.37%	2	2	93	93	0.24976657329578222	1	1	195	339	1	1	A
barcode10_consensus_vsearch	1520	A	A	535	2	0.37%	2	2	93	93	0.24976700838742935	1	1	195	340	1	1	G
barcode10_consensus_vsearch	1521	C	C	532	4	0.74%	2	1	93	93	0.06215002371389885	1	1	195	337	0	4	+A
barcode10_consensus_vsearch	1522	A	A	531	4	0.74%	2	1	93	93	0.062149369248170376	1	1	194	337	0	4	+CA
barcode10_consensus_vsearch	1523	A	A	535	2	0.37%	2	2	93	93	0.24976700838742935	1	1	193	342	1	1	G
barcode10_consensus_vsearch	1524	C	C	533	3	0.56%	2	1	93	93	0.12464985994384618	1	1	193	340	0	3	T
barcode10_consensus_vsearch	1525	C	Y	520	8	1.48%	2	2	93	93	0.0038033140209771956	1	1	192	328	1	7	T
barcode10_consensus_vsearch	1526	G	G	533	1	0.19%	2	1	93	93	0.4999999999990043	1	1	195	338	0	1	+A
barcode10_consensus_vsearch	1527	A	A	531	3	0.56%	2	2	93	93	0.12464854732871722	1	1	194	337	1	2	G
barcode10_consensus_vsearch	1528	A	A	535	1	0.19%	2	1	93	93	0.4999999999999138	1	1	194	341	1	0	+G
barcode10_consensus_vsearch	1529	G	G	534	3	0.56%	2	1	93	93	0.1246505125815118	1	1	197	337	0	3	-C
barcode10_consensus_vsearch	1530	C	C	530	3	0.56%	2	1	93	93	0.12464788732389653	1	1	197	333	0	3	T
barcode10_consensus_vsearch	1531	G	G	527	6	1.11%	2	1	93	93	0.015405550465377539	1	1	195	332	0	6	-TG
barcode10_consensus_vsearch	1532	T	T	529	3	0.56%	2	2	93	93	0.12464722483554738	1	1	195	334	2	1	C
barcode10_consensus_vsearch	1533	G	G	531	2	0.38%	2	1	93	93	0.249765258215703	1	1	197	334	0	2	A
barcode10_consensus_vsearch	1534	C	C	530	3	0.56%	2	1	93	93	0.12464788732389653	1	1	193	337	3	0	-AC
barcode10_consensus_vsearch	1535	A	A	533	2	0.37%	2	1	93	93	0.2497661365761488	1	1	191	342	2	0	G
barcode10_consensus_vsearch	1536	C	C	532	2	0.37%	2	1	93	93	0.2497656982194512	1	1	192	340	0	2	T
barcode10_consensus_vsearch	1537	T	Y	514	15	2.78%	2	1	93	93	2.7596162810078476E-5	1	1	192	322	0	15	C
barcode10_consensus_vsearch	1538	G	*/-A	512	18	3.34%	2	2	93	93	3.2939645308709163E-6	1	1	172	340	14	4	-A
barcode10_consensus_vsearch	1539	A	*/-G	228	279	53.97%	2	2	93	93	3.405536753738209E-108	1	1	68	160	101	178	-G
barcode10_consensus_vsearch	1540	G	G	249	1	0.4%	2	1	93	93	0.5000000000003686	1	1	86	163	1	0	A
barcode10_consensus_vsearch	1541	G	G	524	4	0.75%	2	1	93	93	0.06214471854291143	1	1	187	337	0	4	T
barcode10_consensus_vsearch	1542	G	G	528	4	0.74%	2	1	93	93	0.0621473910819107	1	1	196	332	0	4	-T
barcode10_consensus_vsearch	1543	T	*/-C	492	33	6.17%	2	2	93	93	6.928005878655259E-11	1	1	189	303	3	30	-C
barcode10_consensus_vsearch	1544	C	C	497	4	0.79%	2	1	93	93	0.06212556212552127	1	1	192	305	0	4	+T
barcode10_consensus_vsearch	1545	C	*/+T	511	10	1.85%	2	1	93	93	9.349140633525626E-4	1	1	196	315	0	10	+T
barcode10_consensus_vsearch	1546	T	Y	507	8	1.52%	2	2	93	93	0.0038007322042747766	1	1	191	316	1	7	C
barcode10_consensus_vsearch	1547	C	*/+G	516	7	1.32%	2	1	93	93	0.007656254294522524	1	1	195	321	0	7	+G
barcode10_consensus_vsearch	1548	G	G	538	1	0.19%	2	1	93	93	0.5000000000008233	1	1	195	343	1	0	-A
barcode10_consensus_vsearch	1549	A	A	535	3	0.56%	2	2	93	93	0.1246511627905904	1	1	193	342	1	2	G
barcode10_consensus_vsearch	1550	T	*/+C	506	18	3.33%	2	1	93	93	3.288339071612861E-6	1	1	168	338	18	0	+C
barcode10_consensus_vsearch	1551	C	C	530	1	0.19%	2	1	93	93	0.4999999999990043	1	1	191	339	1	0	T
barcode10_consensus_vsearch	1552	C	C	533	6	1.11%	2	2	93	93	0.015407988734056442	1	1	192	341	4	2	T
barcode10_consensus_vsearch	1553	C	Y	512	12	2.22%	2	2	93	93	2.2907907965120128E-4	1	1	189	323	5	7	T
barcode10_consensus_vsearch	1554	A	R	291	247	45.83%	2	2	93	93	3.1367151700878944E-91	1	1	111	180	84	163	G
barcode10_consensus_vsearch	1555	A	R	526	12	2.22%	2	2	93	93	2.2946310676198647E-4	1	1	187	339	9	3	G
barcode10_consensus_vsearch	1556	C	C	532	6	1.11%	2	1	93	93	0.015407586125499683	1	1	195	337	0	6	T
barcode10_consensus_vsearch	1557	C	Y	511	21	3.89%	2	1	93	93	3.8991015658203267E-7	1	1	194	317	0	21	T
barcode10_consensus_vsearch	1558	G	G	537	2	0.37%	2	1	93	93	0.2497678737226224	1	1	194	343	2	0	-A
barcode10_consensus_vsearch	1559	A	A	536	1	0.19%	2	1	93	93	0.4999999999999138	1	1	193	343	0	1	+C
barcode10_consensus_vsearch	1560	C	C	533	3	0.55%	2	1	93	93	0.12464985994384618	1	1	197	336	0	3	+G
barcode10_consensus_vsearch	1561	G	G	535	3	0.55%	2	1	93	93	0.1246511627905904	1	1	196	339	0	3	-C
barcode10_consensus_vsearch	1562	C	C	524	5	0.93%	2	2	93	93	0.030954772292166692	1	1	194	330	2	3	-A
barcode10_consensus_vsearch	1563	A	A	528	2	0.38%	2	2	93	93	0.24976392823365007	1	1	193	335	1	1	-TG
barcode10_consensus_vsearch	1564	T	T	526	2	0.37%	2	2	93	93	0.2497630331753048	1	1	192	334	1	1	+G
barcode10_consensus_vsearch	1565	G	G	527	4	0.75%	2	2	93	93	0.06214672672359405	1	1	192	335	2	2	A
barcode10_consensus_vsearch	1566	C	C	532	3	0.56%	2	1	93	93	0.12464920486402759	1	1	196	336	0	3	T
barcode10_consensus_vsearch	1567	G	G	536	2	0.37%	2	1	93	93	0.2497674418606225	1	1	197	339	0	2	-A
barcode10_consensus_vsearch	1568	A	A	533	3	0.56%	2	2	93	93	0.12464985994384618	1	1	196	337	1	2	G
barcode10_consensus_vsearch	1569	C	*/-A	515	19	3.51%	2	2	93	93	1.6205587555095407E-6	1	1	176	339	17	2	-A
barcode10_consensus_vsearch	1570	A	*/-G	393	92	17.66%	2	2	93	93	1.706459862728059E-30	1	1	131	262	38	54	-G
barcode10_consensus_vsearch	1571	G	G	434	2	0.45%	2	1	93	93	0.24971297359331265	1	1	154	280	0	2	+T
barcode10_consensus_vsearch	1572	G	R	525	7	1.31%	2	2	93	93	0.007658887507292351	1	1	189	336	5	2	A
barcode10_consensus_vsearch	1573	G	G	535	3	0.56%	2	2	93	93	0.1246511627905904	1	1	193	342	2	1	A
barcode10_consensus_vsearch	1574	G	R	527	7	1.29%	2	1	93	93	0.007659460657798071	1	1	185	342	7	0	A
barcode10_consensus_vsearch	1575	G	S	513	10	1.85%	2	2	93	93	9.350713309727379E-4	1	1	183	330	5	5	C
barcode10_consensus_vsearch	1576	C	+T/+T	23	501	92.61%	2	2	93	93	3.065063335087661E-274	1	1	9	14	177	324	+T
barcode10_consensus_vsearch	1577	A	A	523	2	0.38%	2	2	93	93	0.24976167778805636	1	1	186	337	1	1	-TA
barcode10_consensus_vsearch	1578	T	T	521	4	0.74%	2	1	93	93	0.0621426874002581	1	1	189	332	0	4	+A
barcode10_consensus_vsearch	1579	A	A	527	3	0.56%	2	1	93	93	0.12464589235128659	1	1	192	335	0	3	G
barcode10_consensus_vsearch	1580	A	R	526	7	1.3%	2	2	93	93	0.007659174618154892	1	1	189	337	3	4	G
barcode10_consensus_vsearch	1581	C	C	529	3	0.56%	2	1	93	93	0.12464722483554738	1	1	191	338	0	3	T
barcode10_consensus_vsearch	1582	A	A	533	4	0.74%	2	2	93	93	0.06215067574099081	1	1	195	338	1	3	G
barcode10_consensus_vsearch	1583	C	*/-AC	497	28	5.19%	2	2	93	93	2.573889432470748E-9	1	1	183	314	8	20	-AC
barcode10_consensus_vsearch	1584	A	*/-C	497	7	1.38%	2	1	93	93	0.007650387703619274	1	1	179	318	7	0	-C
barcode10_consensus_vsearch	1585	C	*/+T	483	12	2.38%	2	1	93	93	2.2821602994011232E-4	1	1	174	309	0	12	+T
barcode10_consensus_vsearch	1586	C	C	524	5	0.93%	2	1	93	93	0.030954772292166692	1	1	187	337	5	0	G
barcode10_consensus_vsearch	1587	C	Y	459	54	10.02%	2	1	93	93	1.2735278446032315E-17	1	1	188	271	0	54	T
barcode10_consensus_vsearch	1588	G	G	521	5	0.93%	2	1	93	93	0.030953089299844624	1	1	178	343	5	0	-AG
barcode10_consensus_vsearch	1589	A	*/-G	489	29	5.45%	2	2	93	93	1.2447893116143358E-9	1	1	153	336	25	4	-G
barcode10_consensus_vsearch	1590	G	G	494	5	0.99%	2	1	93	93	0.030937032202167515	1	1	155	339	5	0	A
barcode10_consensus_vsearch	1591	G	G	529	4	0.74%	2	1	93	93	0.06214805294605921	1	1	187	342	4	0	A
barcode10_consensus_vsearch	1592	G	G	527	3	0.56%	2	2	93	93	0.12464589235128659	1	1	192	335	2	1	-T
barcode10_consensus_vsearch	1593	T	T	519	6	1.12%	2	2	93	93	0.015402212914588027	1	1	190	329	1	5	C
barcode10_consensus_vsearch	1594	G	G	526	4	0.75%	2	2	93	93	0.06214605985717208	1	1	190	336	3	1	A
barcode10_consensus_vsearch	1595	C	C	529	2	0.37%	2	2	93	93	0.24976437323210715	1	1	192	337	1	1	+T
barcode10_consensus_vsearch	1596	C	Y	519	10	1.86%	2	2	93	93	9.355360884142277E-4	1	1	188	331	3	7	T
barcode10_consensus_vsearch	1597	A	*/-CA	515	9	1.68%	2	2	93	93	0.0018866414593969943	1	1	182	333	6	3	-CA
barcode10_consensus_vsearch	1598	C	C	521	4	0.76%	2	1	93	93	0.0621426874002581	1	1	188	333	0	4	T
barcode10_consensus_vsearch	1599	A	*/-T	514	9	1.7%	2	2	93	93	0.0018865155062670598	1	1	186	328	1	8	-T
barcode10_consensus_vsearch	1600	T	T	527	1	0.19%	2	1	93	93	0.4999999999999138	1	1	195	332	0	1	+C
barcode10_consensus_vsearch	1601	T	*/-C	349	140	25.88%	2	2	93	93	6.20463907819282E-48	1	1	112	237	69	71	-C
barcode10_consensus_vsearch	1602	C	C	366	2	0.54%	2	2	93	93	0.24965986394543066	1	1	121	245	1	1	T
barcode10_consensus_vsearch	1603	C	C	507	2	0.39%	2	1	93	93	0.2497541789581378	1	1	191	316	0	2	T
barcode10_consensus_vsearch	1604	C	C	532	5	0.93%	2	1	93	93	0.030959168383112096	1	1	197	335	0	5	T
barcode10_consensus_vsearch	1605	C	C	537	2	0.37%	2	1	93	93	0.2497678737226224	1	1	197	340	0	2	G
barcode10_consensus_vsearch	1606	C	C	531	4	0.74%	2	1	93	93	0.062149369248170376	1	1	193	338	0	4	-A
barcode10_consensus_vsearch	1607	A	A	535	1	0.19%	2	1	93	93	0.4999999999999138	1	1	197	338	0	1	-G
barcode10_consensus_vsearch	1608	G	*/+C	519	8	1.48%	2	2	93	93	0.003803119913505049	1	1	188	331	2	6	+C
barcode10_consensus_vsearch	1609	C	C	529	4	0.75%	2	2	93	93	0.06214805294605921	1	1	191	338	1	3	T
barcode10_consensus_vsearch	1610	C	C	535	2	0.37%	2	1	93	93	0.24976700838742935	1	1	196	339	0	2	+T
barcode10_consensus_vsearch	1611	C	*/-T	487	40	7.41%	2	2	93	93	4.215099413012498E-13	1	1	189	298	6	34	-T
barcode10_consensus_vsearch	1612	T	T	493	2	0.4%	2	1	93	93	0.24974721941310934	1	1	190	303	0	2	C
barcode10_consensus_vsearch	1613	T	Y	529	7	1.31%	2	1	93	93	0.007660029547299292	1	1	196	333	0	7	C
barcode10_consensus_vsearch	1614	T	T	536	5	0.92%	2	1	93	93	0.030961317696593486	1	1	197	339	0	5	C
barcode10_consensus_vsearch	1615	T	T	535	3	0.55%	2	2	93	93	0.1246511627905904	1	1	195	340	1	2	-C
barcode10_consensus_vsearch	1616	C	C	536	1	0.19%	2	1	93	93	0.4999999999999138	1	1	195	341	1	0	+A
barcode10_consensus_vsearch	1617	C	C	532	3	0.55%	2	1	93	93	0.12464920486402759	1	1	193	339	0	3	+T
barcode10_consensus_vsearch	1618	G	G	533	2	0.37%	2	1	93	93	0.2497661365761488	1	1	191	342	2	0	-A
barcode10_consensus_vsearch	1619	A	A	530	4	0.74%	2	1	93	93	0.06214871233009074	1	1	187	343	4	0	+G
barcode10_consensus_vsearch	1620	C	C	536	3	0.56%	2	2	93	93	0.12465181058487508	1	1	196	340	1	2	T
barcode10_consensus_vsearch	1621	G	G	535	4	0.74%	2	1	93	93	0.06215197253344983	1	1	191	344	4	0	A
barcode10_consensus_vsearch	1622	G	G	537	2	0.37%	2	1	93	93	0.2497678737226224	1	1	193	344	2	0	A
barcode10_consensus_vsearch	1623	T	T	533	5	0.92%	2	1	93	93	0.03095970870624187	1	1	192	341	5	0	+C
barcode10_consensus_vsearch	1624	C	*/-A	512	21	3.88%	2	2	93	93	3.900603200442403E-7	1	1	190	322	3	18	-A
barcode10_consensus_vsearch	1625	A	A	511	3	0.58%	2	1	93	93	0.12463485881198658	1	1	190	321	0	3	G
barcode10_consensus_vsearch	1626	A	A	533	2	0.37%	2	1	93	93	0.2497661365761488	1	1	192	341	2	0	C
barcode10_consensus_vsearch	1627	A	A	538	2	0.37%	2	1	93	93	0.24976830398477892	1	1	197	341	0	2	G
barcode10_consensus_vsearch	1628	A	*/-T	503	21	3.89%	2	1	93	93	3.8868994855564863E-7	1	1	196	307	0	21	-T
barcode10_consensus_vsearch	1629	T	*/-CC	495	12	2.32%	2	1	93	93	2.2858486799345624E-4	1	1	190	305	0	12	-CC
barcode10_consensus_vsearch	1630	C	C	519	1	0.19%	2	1	93	93	0.5000000000008233	1	1	191	328	0	1	A
barcode10_consensus_vsearch	1631	C	Y	512	13	2.46%	2	2	93	93	1.1322926863571583E-4	1	1	195	317	1	12	T
barcode10_consensus_vsearch	1632	A	A	533	2	0.37%	2	1	93	93	0.2497661365761488	1	1	195	338	0	2	G
barcode10_consensus_vsearch	1633	T	T	529	6	1.11%	2	2	93	93	0.015406369286722026	1	1	189	340	3	3	C
barcode10_consensus_vsearch	1634	G	G	527	4	0.74%	2	1	93	93	0.06214672672359405	1	1	188	339	4	0	-C
barcode10_consensus_vsearch	1635	C	C	524	5	0.94%	2	2	93	93	0.030954772292166692	1	1	186	338	2	3	T
barcode10_consensus_vsearch	1636	T	T	531	3	0.56%	2	2	93	93	0.12464854732871722	1	1	193	338	2	1	C
barcode10_consensus_vsearch	1637	G	G	532	4	0.74%	2	2	93	93	0.06215002371389885	1	1	195	337	1	3	A
barcode10_consensus_vsearch	1638	G	G	534	4	0.74%	2	1	93	93	0.06215132534293568	1	1	192	342	4	0	-C
barcode10_consensus_vsearch	1639	C	C	532	2	0.37%	2	1	93	93	0.2497656982194512	1	1	192	340	0	2	T
barcode10_consensus_vsearch	1640	C	Y	531	7	1.3%	2	1	93	93	0.007660594223165221	1	1	197	334	0	7	T
barcode10_consensus_vsearch	1641	C	Y	515	20	3.7%	2	1	93	93	7.958777798332739E-7	1	1	195	320	0	20	T
barcode10_consensus_vsearch	1642	G	G	537	0	0%	2	0	93	0	1.0	1	0	196	341	0	0	
barcode10_consensus_vsearch	1643	T	Y	528	7	1.3%	2	2	93	93	0.007659745632203721	1	1	194	334	1	6	C
barcode10_consensus_vsearch	1644	A	A	535	2	0.37%	2	1	93	93	0.24976700838742935	1	1	196	339	0	2	G
barcode10_consensus_vsearch	1645	G	G	540	0	0%	2	0	93	0	1.0	1	0	196	344	0	0	
barcode10_consensus_vsearch	1646	A	A	534	3	0.55%	2	1	93	93	0.1246505125815118	1	1	195	339	0	3	+T
barcode10_consensus_vsearch	1647	C	C	535	3	0.55%	2	1	93	93	0.1246511627905904	1	1	196	339	0	3	-T
barcode10_consensus_vsearch	1648	T	*/-AG	518	7	1.3%	2	1	93	93	0.007656847224773479	1	1	184	334	7	0	-AG
barcode10_consensus_vsearch	1649	A	*/-G	460	58	10.9%	2	2	93	93	6.399928601262329E-19	1	1	172	288	11	47	-G
barcode10_consensus_vsearch	1650	G	G	472	1	0.21%	2	1	93	93	0.5000000000008233	1	1	178	294	0	1	A
barcode10_consensus_vsearch	1651	G	*/-A	523	9	1.67%	2	2	93	93	0.0018876321934375318	1	1	190	333	4	5	-A
barcode10_consensus_vsearch	1652	A	A	529	1	0.19%	2	1	93	93	0.4999999999999138	1	1	191	338	1	0	+G
barcode10_consensus_vsearch	1653	A	A	538	1	0.19%	2	1	93	93	0.5000000000008233	1	1	195	343	1	0	+G
barcode10_consensus_vsearch	1654	A	A	537	3	0.55%	2	2	93	93	0.12465245597770591	1	1	194	343	2	1	-T
barcode10_consensus_vsearch	1655	T	T	533	4	0.74%	2	1	93	93	0.06215067574099081	1	1	190	343	4	0	-GC
barcode10_consensus_vsearch	1656	G	G	533	2	0.37%	2	1	93	93	0.2497661365761488	1	1	191	342	0	2	-C
barcode10_consensus_vsearch	1657	C	C	522	5	0.93%	2	1	93	93	0.03095365242531379	1	1	187	335	0	5	+A
barcode10_consensus_vsearch	1658	A	A	523	3	0.56%	2	2	93	93	0.12464319695528758	1	1	189	334	2	1	-C
barcode10_consensus_vsearch	1659	C	C	521	5	0.94%	2	2	93	93	0.030953089299844624	1	1	187	334	2	3	G
barcode10_consensus_vsearch	1660	C	*/-A	519	9	1.67%	2	2	93	93	0.0018871405447592163	1	1	189	330	3	6	-A
barcode10_consensus_vsearch	1661	A	A	522	4	0.75%	2	2	93	93	0.06214336702335401	1	1	193	329	1	3	T
barcode10_consensus_vsearch	1662	A	A	517	4	0.74%	2	2	93	93	0.06213994280694564	1	1	195	322	1	3	-G
barcode10_consensus_vsearch	1663	G	G	523	2	0.38%	2	2	93	93	0.24976167778805636	1	1	193	330	1	1	-CA
barcode10_consensus_vsearch	1664	C	*/-A	481	31	5.85%	2	2	93	93	2.915882883185206E-10	1	1	189	292	3	28	-A
barcode10_consensus_vsearch	1665	A	A	496	3	0.6%	2	1	93	93	0.12462387161468681	1	1	192	304	0	3	C
barcode10_consensus_vsearch	1666	A	A	532	1	0.19%	2	1	93	93	0.4999999999999138	1	1	196	336	1	0	C
barcode10_consensus_vsearch	1667	A	A	534	3	0.56%	2	2	93	93	0.1246505125815118	1	1	196	338	1	2	G
barcode10_consensus_vsearch	1668	A	A	536	2	0.37%	2	1	93	93	0.2497674418606225	1	1	196	340	0	2	G
barcode10_consensus_vsearch	1669	G	G	531	3	0.56%	2	2	93	93	0.12464854732871722	1	1	193	338	1	2	-CAAG
barcode10_consensus_vsearch	1670	C	Y	516	7	1.31%	2	1	93	93	0.007656254294522524	1	1	187	329	0	7	T
barcode10_consensus_vsearch	1671	A	A	528	2	0.38%	2	1	93	93	0.24976392823365007	1	1	190	338	2	0	+G
barcode10_consensus_vsearch	1672	A	A	523	6	1.12%	2	2	93	93	0.015403894284021311	1	1	191	332	3	3	-G
barcode10_consensus_vsearch	1673	G	G	527	2	0.38%	2	1	93	93	0.24976348155137792	1	1	191	336	0	2	T
barcode10_consensus_vsearch	1674	G	G	537	1	0.19%	2	1	93	93	0.4999999999999138	1	1	196	341	1	0	+AAG
barcode10_consensus_vsearch	1675	C	Y	523	13	2.41%	2	1	93	93	1.1340618031334358E-4	1	1	197	326	0	13	T
barcode10_consensus_vsearch	1676	T	*/+G	526	9	1.67%	2	1	93	93	0.0018879961490473396	1	1	195	331	0	9	+G
barcode10_consensus_vsearch	1677	G	G	537	3	0.55%	2	1	93	93	0.12465245597770591	1	1	194	343	3	0	-A
barcode10_consensus_vsearch	1678	A	A	537	1	0.19%	2	1	93	93	0.4999999999999138	1	1	194	343	0	1	G
barcode10_consensus_vsearch	1679	A	*/-T	522	12	2.22%	2	1	93	93	2.2935539704776033E-4	1	1	197	325	0	12	-T
barcode10_consensus_vsearch	1680	T	T	517	6	1.14%	2	2	93	93	0.015401362604060042	1	1	192	325	3	3	-C
barcode10_consensus_vsearch	1681	C	C	529	1	0.19%	2	1	93	93	0.4999999999999138	1	1	193	336	0	1	A
barcode10_consensus_vsearch	1682	C	Y	528	9	1.67%	2	2	93	93	0.0018882365473064763	1	1	195	333	1	8	T
barcode10_consensus_vsearch	1683	C	Y	530	7	1.29%	2	1	93	93	0.007660312408999644	1	1	195	335	0	7	T
barcode10_consensus_vsearch	1684	A	R	528	7	1.3%	2	2	93	93	0.007659745632203721	1	1	193	335	2	5	G
barcode10_consensus_vsearch	1685	G	G	535	4	0.74%	2	1	93	93	0.06215197253344983	1	1	192	343	4	0	+A
barcode10_consensus_vsearch	1686	A	A	526	6	1.11%	2	2	93	93	0.015405138750400803	1	1	187	339	5	1	-GA
barcode10_consensus_vsearch	1687	G	G	526	5	0.94%	2	1	93	93	0.030955883727255742	1	1	185	341	5	0	-A
barcode10_consensus_vsearch	1688	A	A	525	4	0.75%	2	2	93	93	0.062145390468482414	1	1	183	342	3	1	+GA
barcode10_consensus_vsearch	1689	A	A	536	3	0.55%	2	2	93	93	0.12465181058487508	1	1	194	342	2	1	-C
barcode10_consensus_vsearch	1690	C	C	533	2	0.37%	2	1	93	93	0.2497661365761488	1	1	193	340	2	0	+AC
barcode10_consensus_vsearch	1691	G	*/-CG	530	7	1.29%	2	2	93	93	0.007660312408999644	1	1	193	337	3	4	-CG
barcode10_consensus_vsearch	1692	C	Y	525	8	1.5%	2	2	93	93	0.003804273700811284	1	1	193	332	1	7	T
barcode10_consensus_vsearch	1693	G	G	532	1	0.19%	2	1	93	93	0.4999999999999138	1	1	194	338	0	1	-ACT
barcode10_consensus_vsearch	1694	A	A	532	2	0.37%	2	2	93	93	0.2497656982194512	1	1	195	337	1	1	+C
barcode10_consensus_vsearch	1695	C	C	535	2	0.37%	2	1	93	93	0.24976700838742935	1	1	197	338	0	2	-T
barcode10_consensus_vsearch	1696	T	*/+G	511	22	4.09%	2	1	93	93	1.9111089364878963E-7	1	1	196	315	0	22	+G
barcode10_consensus_vsearch	1697	G	G	536	3	0.55%	2	1	93	93	0.12465181058487508	1	1	195	341	0	3	C
barcode10_consensus_vsearch	1698	A	A	533	3	0.55%	2	1	93	93	0.12464985994384618	1	1	196	337	0	3	-CT
barcode10_consensus_vsearch	1699	C	C	525	6	1.12%	2	2	93	93	0.015404725487673122	1	1	194	331	1	5	-T
barcode10_consensus_vsearch	1700	T	T	525	4	0.75%	2	2	93	93	0.062145390468482414	1	1	193	332	1	3	C
barcode10_consensus_vsearch	1701	T	T	528	3	0.56%	2	2	93	93	0.12464655984919866	1	1	189	339	2	1	+C
barcode10_consensus_vsearch	1702	C	*/-A	516	7	1.3%	2	2	93	93	0.007656254294522524	1	1	188	328	2	5	-A
barcode10_consensus_vsearch	1703	A	A	525	3	0.57%	2	2	93	93	0.12464454976311873	1	1	193	332	1	2	C
barcode10_consensus_vsearch	1704	A	A	530	4	0.74%	2	1	93	93	0.06214871233009074	1	1	196	334	0	4	T
barcode10_consensus_vsearch	1705	G	G	531	3	0.55%	2	1	93	93	0.12464854732871722	1	1	195	336	0	3	+C
barcode10_consensus_vsearch	1706	C	C	530	5	0.93%	2	1	93	93	0.030958081679908694	1	1	197	333	0	5	+T
barcode10_consensus_vsearch	1707	G	G	532	2	0.37%	2	2	93	93	0.2497656982194512	1	1	193	339	1	1	-TT
barcode10_consensus_vsearch	1708	T	T	532	4	0.74%	2	1	93	93	0.06215002371389885	1	1	195	337	0	4	C
barcode10_consensus_vsearch	1709	T	T	533	4	0.74%	2	2	93	93	0.06215067574099081	1	1	195	338	1	3	C
barcode10_consensus_vsearch	1710	T	*/-C	524	8	1.48%	2	2	93	93	0.0038040831989871004	1	1	196	328	1	7	-C
barcode10_consensus_vsearch	1711	C	C	529	1	0.19%	2	1	93	93	0.4999999999999138	1	1	196	333	0	1	+G
barcode10_consensus_vsearch	1712	C	C	532	5	0.93%	2	2	93	93	0.030959168383112096	1	1	196	336	1	4	T
barcode10_consensus_vsearch	1713	A	A	533	2	0.37%	2	2	93	93	0.2497661365761488	1	1	194	339	1	1	+T
barcode10_consensus_vsearch	1714	T	Y	528	7	1.31%	2	2	93	93	0.007659745632203721	1	1	193	335	2	5	C
barcode10_consensus_vsearch	1715	T	T	537	1	0.19%	2	1	93	93	0.4999999999999138	1	1	197	340	0	1	C
barcode10_consensus_vsearch	1716	T	*/+C	519	12	2.23%	2	2	93	93	2.2927357192867824E-4	1	1	187	332	6	6	+C
barcode10_consensus_vsearch	1717	C	C	536	1	0.19%	2	1	93	93	0.4999999999999138	1	1	196	340	1	0	+A
barcode10_consensus_vsearch	1718	A	A	539	1	0.18%	2	1	93	93	0.4999999999999138	1	1	196	343	0	1	C
barcode10_consensus_vsearch	1719	A	R	523	13	2.4%	2	1	93	93	1.1340618031334358E-4	1	1	181	342	13	0	G
barcode10_consensus_vsearch	1720	C	C	531	5	0.93%	2	2	93	93	0.030958626044663474	1	1	190	341	3	2	-A
barcode10_consensus_vsearch	1721	A	A	534	1	0.19%	2	1	93	93	0.5000000000008233	1	1	193	341	1	0	C
barcode10_consensus_vsearch	1722	A	A	526	6	1.11%	2	2	93	93	0.015405138750400803	1	1	190	336	4	2	-T
barcode10_consensus_vsearch	1723	T	T	533	2	0.37%	2	1	93	93	0.2497661365761488	1	1	193	340	0	2	C
barcode10_consensus_vsearch	1724	T	T	536	3	0.55%	2	2	93	93	0.12465181058487508	1	1	195	341	1	2	C
barcode10_consensus_vsearch	1725	T	T	536	2	0.37%	2	1	93	93	0.2497674418606225	1	1	195	341	2	0	-C
barcode10_consensus_vsearch	1726	C	C	529	5	0.93%	2	1	93	93	0.030957535277242203	1	1	189	340	5	0	-AC
barcode10_consensus_vsearch	1727	A	A	529	3	0.56%	2	2	93	93	0.12464722483554738	1	1	189	340	1	2	G
barcode10_consensus_vsearch	1728	C	C	528	5	0.93%	2	2	93	93	0.03095698682522861	1	1	188	340	1	4	T
barcode10_consensus_vsearch	1729	G	G	534	3	0.56%	2	1	93	93	0.1246505125815118	1	1	190	344	3	0	A
barcode10_consensus_vsearch	1730	T	T	534	2	0.37%	2	1	93	93	0.24976657329578222	1	1	194	340	0	2	+GT
barcode10_consensus_vsearch	1731	A	A	536	2	0.37%	2	1	93	93	0.2497674418606225	1	1	193	343	2	0	G
barcode10_consensus_vsearch	1732	C	C	537	2	0.37%	2	1	93	93	0.2497678737226224	1	1	195	342	0	2	-T
barcode10_consensus_vsearch	1733	T	T	530	3	0.56%	2	1	93	93	0.12464788732389653	1	1	197	333	0	3	C
barcode10_consensus_vsearch	1734	G	G	528	4	0.74%	2	2	93	93	0.0621473910819107	1	1	190	338	3	1	-T
barcode10_consensus_vsearch	1735	T	T	524	4	0.75%	2	2	93	93	0.06214471854291143	1	1	190	334	1	3	C
barcode10_consensus_vsearch	1736	T	T	533	2	0.37%	2	1	93	93	0.2497661365761488	1	1	194	339	0	2	C
barcode10_consensus_vsearch	1737	T	T	530	3	0.56%	2	2	93	93	0.12464788732389653	1	1	194	336	2	1	C
barcode10_consensus_vsearch	1738	A	A	536	1	0.19%	2	1	93	93	0.4999999999999138	1	1	197	339	0	1	+G
barcode10_consensus_vsearch	1739	A	A	530	4	0.74%	2	2	93	93	0.06214871233009074	1	1	194	336	3	1	G
barcode10_consensus_vsearch	1740	C	C	529	6	1.11%	2	1	93	93	0.015406369286722026	1	1	197	332	0	6	-T
barcode10_consensus_vsearch	1741	T	*/-C	518	8	1.5%	2	1	93	93	0.0038029250726284375	1	1	196	322	0	8	-C
barcode10_consensus_vsearch	1742	C	C	528	2	0.38%	2	1	93	93	0.24976392823365007	1	1	197	331	0	2	+T
barcode10_consensus_vsearch	1743	T	T	529	3	0.56%	2	2	93	93	0.12464722483554738	1	1	194	335	1	2	C
barcode10_consensus_vsearch	1744	C	C	531	3	0.56%	2	1	93	93	0.12464854732871722	1	1	196	335	0	3	-TCTC
barcode10_consensus_vsearch	1745	T	T	530	2	0.37%	2	1	93	93	0.24976481655673516	1	1	196	334	0	2	+C
barcode10_consensus_vsearch	1746	C	*/-TC	464	66	12.36%	2	2	93	93	1.565411714051561E-21	1	1	180	284	13	53	-TC
barcode10_consensus_vsearch	1747	T	*/-C	448	15	3.21%	2	1	93	93	2.7196908181636284E-5	1	1	164	284	15	0	-C
barcode10_consensus_vsearch	1748	C	*/+TC	435	16	3.52%	2	2	93	93	1.3326906427219542E-5	1	1	157	278	7	9	+TC
barcode10_consensus_vsearch	1749	C	*/-A	502	15	2.79%	2	2	93	93	2.753086512171144E-5	1	1	166	336	14	1	-A
barcode10_consensus_vsearch	1750	A	A	513	5	0.96%	2	1	93	93	0.03094850606322197	1	1	175	338	5	0	G
barcode10_consensus_vsearch	1751	A	A	529	2	0.37%	2	1	93	93	0.24976437323210715	1	1	191	338	2	0	G
barcode10_consensus_vsearch	1752	A	A	534	5	0.92%	2	2	93	93	0.030960247025548112	1	1	191	343	4	1	G
barcode10_consensus_vsearch	1753	G	G	533	3	0.55%	2	1	93	93	0.12464985994384618	1	1	195	338	0	3	-TG
barcode10_consensus_vsearch	1754	T	T	534	2	0.37%	2	1	93	93	0.24976657329578222	1	1	196	338	0	2	A
barcode10_consensus_vsearch	1755	G	G	530	3	0.56%	2	1	93	93	0.12464788732389653	1	1	192	338	3	0	A
barcode10_consensus_vsearch	1756	C	*/-T	512	13	2.41%	2	2	93	93	1.1322926863571583E-4	1	1	182	330	7	6	-T
barcode10_consensus_vsearch	1757	T	T	521	2	0.38%	2	2	93	93	0.24976076555023663	1	1	188	333	1	1	C
barcode10_consensus_vsearch	1758	T	T	537	1	0.19%	2	1	93	93	0.4999999999999138	1	1	197	340	0	1	C
barcode10_consensus_vsearch	1759	T	T	532	6	1.12%	2	2	93	93	0.015407586125499683	1	1	194	338	3	3	C
barcode10_consensus_vsearch	1760	T	T	534	3	0.56%	2	2	93	93	0.1246505125815118	1	1	195	339	1	2	C
barcode10_consensus_vsearch	1761	C	C	537	2	0.37%	2	1	93	93	0.2497678737226224	1	1	196	341	0	2	+T
barcode10_consensus_vsearch	1762	A	A	535	5	0.92%	2	2	93	93	0.030960783351964165	1	1	195	340	1	4	G
barcode10_consensus_vsearch	1763	T	T	534	3	0.55%	2	1	93	93	0.1246505125815118	1	1	195	339	0	3	+C
barcode10_consensus_vsearch	1764	C	*/-T	509	16	2.97%	2	1	93	93	1.3587541319210762E-5	1	1	192	317	0	16	-T
barcode10_consensus_vsearch	1765	T	T	522	1	0.19%	2	1	93	93	0.5000000000008233	1	1	195	327	0	1	+C
barcode10_consensus_vsearch	1766	T	T	536	2	0.37%	2	1	93	93	0.2497674418606225	1	1	195	341	0	2	+C
barcode10_consensus_vsearch	1767	T	*/-C	434	59	10.91%	2	2	93	93	2.7386490111082334E-19	1	1	188	246	3	56	-C
barcode10_consensus_vsearch	1768	C	C	476	2	0.42%	2	1	93	93	0.24973821989502756	1	1	194	282	0	2	T
barcode10_consensus_vsearch	1769	C	C	532	2	0.37%	2	1	93	93	0.2497656982194512	1	1	193	339	2	0	+T
barcode10_consensus_vsearch	1770	C	C	532	6	1.11%	2	2	93	93	0.015407586125499683	1	1	194	338	2	4	-T
barcode10_consensus_vsearch	1771	T	T	525	3	0.56%	2	1	93	93	0.12464454976311873	1	1	189	336	3	0	+C
barcode10_consensus_vsearch	1772	C	C	536	2	0.37%	2	1	93	93	0.2497674418606225	1	1	194	342	2	0	-A
barcode10_consensus_vsearch	1773	A	A	532	4	0.74%	2	2	93	93	0.06215002371389885	1	1	190	342	2	2	G
barcode10_consensus_vsearch	1774	C	C	537	2	0.37%	2	1	93	93	0.2497678737226224	1	1	194	343	2	0	+T
barcode10_consensus_vsearch	1775	G	G	537	1	0.19%	2	1	93	93	0.4999999999999138	1	1	195	342	0	1	+TG
barcode10_consensus_vsearch	1776	G	G	538	2	0.37%	2	1	93	93	0.24976830398477892	1	1	195	343	2	0	T
barcode10_consensus_vsearch	1777	T	T	532	3	0.55%	2	1	93	93	0.12464920486402759	1	1	195	337	0	3	C
barcode10_consensus_vsearch	1778	A	A	536	1	0.19%	2	1	93	93	0.4999999999999138	1	1	194	342	0	1	+C
barcode10_consensus_vsearch	1779	C	C	530	4	0.74%	2	1	93	93	0.06214871233009074	1	1	195	335	0	4	+T
barcode10_consensus_vsearch	1780	T	T	531	2	0.37%	2	1	93	93	0.249765258215703	1	1	195	336	0	2	+C
barcode10_consensus_vsearch	1781	T	T	531	2	0.37%	2	2	93	93	0.249765258215703	1	1	195	336	1	1	+A
barcode10_consensus_vsearch	1782	G	G	535	3	0.56%	2	1	93	93	0.1246511627905904	1	1	195	340	0	3	A
barcode10_consensus_vsearch	1783	T	T	537	2	0.37%	2	1	93	93	0.2497678737226224	1	1	197	340	0	2	+C
barcode10_consensus_vsearch	1784	T	T	532	4	0.74%	2	1	93	93	0.06215002371389885	1	1	196	336	0	4	-C
barcode10_consensus_vsearch	1785	C	C	528	2	0.37%	2	2	93	93	0.24976392823365007	1	1	194	334	1	1	+T
barcode10_consensus_vsearch	1786	G	G	534	2	0.37%	2	1	93	93	0.24976657329578222	1	1	193	341	2	0	A
barcode10_consensus_vsearch	1787	C	C	533	2	0.37%	2	2	93	93	0.2497661365761488	1	1	193	340	1	1	T
barcode10_consensus_vsearch	1788	T	Y	528	8	1.49%	2	2	93	93	0.0038048409676247133	1	1	195	333	1	7	C
barcode10_consensus_vsearch	1789	A	A	540	0	0%	2	0	93	0	1.0	1	0	196	344	0	0	
barcode10_consensus_vsearch	1790	T	T	535	2	0.37%	2	1	93	93	0.24976700838742935	1	1	194	341	2	0	+C
barcode10_consensus_vsearch	1791	C	C	537	1	0.19%	2	1	93	93	0.4999999999999138	1	1	195	342	1	0	+G
barcode10_consensus_vsearch	1792	G	G	537	2	0.37%	2	2	93	93	0.2497678737226224	1	1	194	343	1	1	A
barcode10_consensus_vsearch	1793	G	G	534	3	0.56%	2	1	93	93	0.1246505125815118	1	1	194	340	0	3	+C
barcode10_consensus_vsearch	1794	T	T	537	2	0.37%	2	1	93	93	0.2497678737226224	1	1	195	342	0	2	-C
barcode10_consensus_vsearch	1795	C	C	535	2	0.37%	2	1	93	93	0.24976700838742935	1	1	195	340	0	2	-T
barcode10_consensus_vsearch	1796	T	*/+C	525	8	1.49%	2	2	93	93	0.003804273700811284	1	1	191	334	2	6	+C
barcode10_consensus_vsearch	1797	C	C	533	5	0.93%	2	1	93	93	0.03095970870624187	1	1	191	342	5	0	-TC
barcode10_consensus_vsearch	1798	T	T	526	4	0.75%	2	2	93	93	0.06214605985717208	1	1	189	337	1	3	C
barcode10_consensus_vsearch	1799	C	C	525	3	0.56%	2	1	93	93	0.12464454976311873	1	1	190	335	0	3	-G
barcode10_consensus_vsearch	1800	G	G	532	2	0.37%	2	1	93	93	0.2497656982194512	1	1	193	339	2	0	T
barcode10_consensus_vsearch	1801	C	C	532	4	0.74%	2	2	93	93	0.06215002371389885	1	1	193	339	1	3	A
barcode10_consensus_vsearch	1802	C	C	535	2	0.37%	2	1	93	93	0.24976700838742935	1	1	194	341	2	0	T
barcode10_consensus_vsearch	1803	A	A	540	0	0%	2	0	93	0	1.0	1	0	197	343	0	0	
barcode10_consensus_vsearch	1804	A	A	538	1	0.18%	2	1	93	93	0.5000000000008233	1	1	197	341	0	1	+GCCAA
barcode10_consensus_vsearch	1805	T	T	537	2	0.37%	2	1	93	93	0.2497678737226224	1	1	195	342	2	0	-A
barcode10_consensus_vsearch	1806	A	A	531	5	0.93%	2	1	93	93	0.030958626044663474	1	1	187	344	5	0	-T
barcode10_consensus_vsearch	1807	T	T	534	2	0.37%	2	1	93	93	0.24976657329578222	1	1	190	344	2	0	G
barcode10_consensus_vsearch	1808	T	T	537	2	0.37%	2	2	93	93	0.2497678737226224	1	1	194	343	1	1	C
barcode10_consensus_vsearch	1809	T	T	535	3	0.55%	2	1	93	93	0.1246511627905904	1	1	192	343	3	0	-A
barcode10_consensus_vsearch	1810	A	A	528	4	0.74%	2	1	93	93	0.0621473910819107	1	1	191	337	0	4	-G
barcode10_consensus_vsearch	1811	G	R	529	7	1.31%	2	1	93	93	0.007660029547299292	1	1	189	340	7	0	A
barcode10_consensus_vsearch	1812	C	C	524	6	1.11%	2	2	93	93	0.015404310668549302	1	1	193	331	3	3	+T
barcode10_consensus_vsearch	1813	T	T	532	4	0.75%	2	2	93	93	0.06215002371389885	1	1	194	338	2	2	C
barcode10_consensus_vsearch	1814	T	T	537	1	0.19%	2	1	93	93	0.4999999999999138	1	1	196	341	0	1	+CTT
barcode10_consensus_vsearch	1815	T	T	534	3	0.55%	2	2	93	93	0.1246505125815118	1	1	192	342	1	2	-A
barcode10_consensus_vsearch	1816	A	A	528	2	0.37%	2	1	93	93	0.24976392823365007	1	1	191	337	2	0	G
barcode10_consensus_vsearch	1817	G	G	536	1	0.19%	2	1	93	93	0.4999999999999138	1	1	194	342	1	0	+A
barcode10_consensus_vsearch	1818	A	A	536	2	0.37%	2	2	93	93	0.2497674418606225	1	1	195	341	1	1	G
barcode10_consensus_vsearch	1819	T	*/-G	527	7	1.3%	2	2	93	93	0.007659460657798071	1	1	195	332	2	5	-G
barcode10_consensus_vsearch	1820	G	G	528	3	0.56%	2	1	93	93	0.12464655984919866	1	1	190	338	3	0	C
barcode10_consensus_vsearch	1821	G	G	532	4	0.74%	2	2	93	93	0.06215002371389885	1	1	191	341	3	1	-A
barcode10_consensus_vsearch	1822	A	A	529	2	0.38%	2	1	93	93	0.24976437323210715	1	1	189	340	2	0	+G
barcode10_consensus_vsearch	1823	A	A	526	6	1.12%	2	2	93	93	0.015405138750400803	1	1	192	334	2	4	-T
barcode10_consensus_vsearch	1824	T	T	529	3	0.56%	2	1	93	93	0.12464722483554738	1	1	193	336	0	3	C
barcode10_consensus_vsearch	1825	T	T	539	1	0.18%	2	1	93	93	0.4999999999999138	1	1	196	343	0	1	C
barcode10_consensus_vsearch	1826	T	T	540	1	0.18%	2	1	93	93	0.5000000000008233	1	1	196	344	1	0	-AC
barcode10_consensus_vsearch	1827	A	A	537	2	0.37%	2	2	93	93	0.2497678737226224	1	1	194	343	1	1	G
barcode10_consensus_vsearch	1828	C	C	538	2	0.37%	2	1	93	93	0.24976830398477892	1	1	196	342	0	2	A
barcode10_consensus_vsearch	1829	C	C	537	2	0.37%	2	2	93	93	0.2497678737226224	1	1	196	341	1	1	-ACC
barcode10_consensus_vsearch	1830	A	*/-C	527	11	2.04%	2	2	93	93	4.6371576603730224E-4	1	1	190	337	5	6	-C
barcode10_consensus_vsearch	1831	C	C	524	2	0.38%	2	1	93	93	0.24976213130317537	1	1	190	334	0	2	T
barcode10_consensus_vsearch	1832	C	C	535	1	0.19%	2	1	93	93	0.4999999999999138	1	1	194	341	1	0	+A
barcode10_consensus_vsearch	1833	C	C	536	4	0.74%	2	2	93	93	0.06215261732591134	1	1	195	341	1	3	T
barcode10_consensus_vsearch	1834	A	*/+T	504	19	3.52%	2	2	93	93	1.6149141910215713E-6	1	1	166	338	16	3	+T
barcode10_consensus_vsearch	1835	T	T	521	4	0.76%	2	2	93	93	0.0621426874002581	1	1	182	339	3	1	C
barcode10_consensus_vsearch	1836	T	T	538	1	0.19%	2	1	93	93	0.5000000000008233	1	1	195	343	1	0	A
barcode10_consensus_vsearch	1837	T	T	534	4	0.74%	2	2	93	93	0.06215132534293568	1	1	193	341	2	2	C
barcode10_consensus_vsearch	1838	T	*/+G	525	8	1.48%	2	1	93	93	0.003804273700811284	1	1	190	335	0	8	+G
barcode10_consensus_vsearch	1839	G	G	532	4	0.74%	2	1	93	93	0.06215002371389885	1	1	191	341	4	0	-A
barcode10_consensus_vsearch	1840	A	A	521	5	0.93%	2	2	93	93	0.030953089299844624	1	1	183	338	2	3	G
barcode10_consensus_vsearch	1841	G	G	533	1	0.19%	2	1	93	93	0.4999999999990043	1	1	192	341	0	1	+C
barcode10_consensus_vsearch	1842	C	C	535	1	0.19%	2	1	93	93	0.4999999999999138	1	1	193	342	1	0	+GAAGC
barcode10_consensus_vsearch	1843	T	T	535	3	0.56%	2	2	93	93	0.1246511627905904	1	1	195	340	1	2	C
barcode10_consensus_vsearch	1844	G	G	538	1	0.19%	2	1	93	93	0.5000000000008233	1	1	195	343	0	1	-C
barcode10_consensus_vsearch	1845	C	C	534	6	1.11%	2	1	93	93	0.015408389854212225	1	1	197	337	0	6	T
barcode10_consensus_vsearch	1846	A	A	536	2	0.37%	2	2	93	93	0.2497674418606225	1	1	196	340	1	1	+T
barcode10_consensus_vsearch	1847	T	T	532	5	0.93%	2	1	93	93	0.030959168383112096	1	1	197	335	0	5	+C
barcode10_consensus_vsearch	1848	T	*/-C	513	18	3.33%	2	2	93	93	3.294890459690035E-6	1	1	190	323	3	15	-C
barcode10_consensus_vsearch	1849	C	C	521	0	0%	2	0	93	0	1.0	1	0	194	327	0	0	
barcode10_consensus_vsearch	1850	C	C	538	1	0.19%	2	1	93	93	0.5000000000008233	1	1	196	342	1	0	A
barcode10_consensus_vsearch	1851	C	*/+A	503	19	3.51%	2	2	93	93	1.614390038410636E-6	1	1	190	313	3	16	+A
barcode10_consensus_vsearch	1852	A	A	529	3	0.56%	2	1	93	93	0.12464722483554738	1	1	194	335	0	3	G
barcode10_consensus_vsearch	1853	A	A	539	2	0.37%	2	1	93	93	0.2497687326552616	1	1	195	344	2	0	G
barcode10_consensus_vsearch	1854	A	A	535	4	0.74%	2	2	93	93	0.06215197253344983	1	1	194	341	2	2	G
barcode10_consensus_vsearch	1855	C	C	535	3	0.56%	2	2	93	93	0.1246511627905904	1	1	195	340	2	1	T
barcode10_consensus_vsearch	1856	A	A	536	1	0.19%	2	1	93	93	0.4999999999999138	1	1	196	340	1	0	C
barcode10_consensus_vsearch	1857	A	A	530	4	0.74%	2	1	93	93	0.06214871233009074	1	1	193	337	0	4	+T
barcode10_consensus_vsearch	1858	C	C	530	5	0.93%	2	1	93	93	0.030958081679908694	1	1	195	335	0	5	-T
barcode10_consensus_vsearch	1859	T	*/-C	518	12	2.24%	2	1	93	93	2.2924609531959532E-4	1	1	195	323	0	12	-C
barcode10_consensus_vsearch	1860	C	C	523	3	0.57%	2	1	93	93	0.12464319695528758	1	1	195	328	0	3	+G
barcode10_consensus_vsearch	1861	G	G	538	1	0.19%	2	1	93	93	0.5000000000008233	1	1	196	342	0	1	-ACTCG
barcode10_consensus_vsearch	1862	A	A	533	6	1.11%	2	1	93	93	0.015407988734056442	1	1	197	336	0	6	+C
barcode10_consensus_vsearch	1863	C	C	535	3	0.56%	2	2	93	93	0.1246511627905904	1	1	196	339	1	2	T
barcode10_consensus_vsearch	1864	T	T	530	6	1.11%	2	2	93	93	0.015406776410247038	1	1	195	335	1	5	-C
barcode10_consensus_vsearch	1865	C	C	527	1	0.19%	2	1	93	93	0.4999999999999138	1	1	196	331	0	1	+AA
barcode10_consensus_vsearch	1866	G	G	537	1	0.19%	2	1	93	93	0.4999999999999138	1	1	197	340	0	1	A
barcode10_consensus_vsearch	1867	T	T	531	6	1.11%	2	1	93	93	0.015407182020391647	1	1	196	335	0	6	C
barcode10_consensus_vsearch	1868	T	*/+G	520	7	1.29%	2	1	93	93	0.0076574356719944486	1	1	190	330	0	7	+G
barcode10_consensus_vsearch	1869	G	G	534	3	0.56%	2	2	93	93	0.1246505125815118	1	1	194	340	1	2	+C
barcode10_consensus_vsearch	1870	A	A	532	3	0.56%	2	2	93	93	0.12464920486402759	1	1	192	340	2	1	+G
barcode10_consensus_vsearch	1871	G	*/-AG	521	13	2.41%	2	2	93	93	1.1337454285865033E-4	1	1	182	339	12	1	-AG
barcode10_consensus_vsearch	1872	A	A	524	2	0.38%	2	2	93	93	0.24976213130317537	1	1	182	342	1	1	T
barcode10_consensus_vsearch	1873	G	G	520	3	0.57%	2	1	93	93	0.12464114832532827	1	1	183	337	0	3	-C
barcode10_consensus_vsearch	1874	C	C	532	2	0.37%	2	1	93	93	0.2497656982194512	1	1	194	338	0	2	+A
barcode10_consensus_vsearch	1875	A	A	538	1	0.18%	2	1	93	93	0.5000000000008233	1	1	197	341	0	1	-C
barcode10_consensus_vsearch	1876	C	*/+A	524	9	1.67%	2	1	93	93	0.0018877539630633598	1	1	197	327	0	9	+A
barcode10_consensus_vsearch	1877	A	A	534	4	0.74%	2	2	93	93	0.06215132534293568	1	1	196	338	1	3	G
barcode10_consensus_vsearch	1878	A	A	532	6	1.11%	2	2	93	93	0.015407586125499683	1	1	196	336	1	5	G
barcode10_consensus_vsearch	1879	C	C	529	6	1.11%	2	1	93	93	0.015406369286722026	1	1	194	335	0	6	T
barcode10_consensus_vsearch	1880	A	A	532	2	0.37%	2	1	93	93	0.2497656982194512	1	1	194	338	0	2	-C
barcode10_consensus_vsearch	1881	C	C	527	4	0.74%	2	1	93	93	0.06214672672359405	1	1	190	337	4	0	+A
barcode10_consensus_vsearch	1882	A	A	527	4	0.74%	2	2	93	93	0.06214672672359405	1	1	192	335	2	2	G
barcode10_consensus_vsearch	1883	G	G	540	0	0%	2	0	93	0	1.0	1	0	197	343	0	0	
barcode10_consensus_vsearch	1884	A	A	536	4	0.74%	2	2	93	93	0.06215261732591134	1	1	194	342	3	1	G
barcode10_consensus_vsearch	1885	A	A	534	5	0.92%	2	2	93	93	0.030960247025548112	1	1	194	340	2	3	G
barcode10_consensus_vsearch	1886	C	C	537	2	0.37%	2	1	93	93	0.2497678737226224	1	1	194	343	2	0	T
barcode10_consensus_vsearch	1887	A	A	538	1	0.18%	2	1	93	93	0.5000000000008233	1	1	196	342	1	0	-CTG
barcode10_consensus_vsearch	1888	C	C	535	1	0.19%	2	1	93	93	0.4999999999999138	1	1	193	342	1	0	+A
barcode10_consensus_vsearch	1889	T	*/-G	496	22	4.08%	2	2	93	93	1.8986485092699415E-7	1	1	177	319	13	9	-G
barcode10_consensus_vsearch	1890	G	G	508	1	0.2%	2	1	93	93	0.4999999999999138	1	1	181	327	0	1	+T
barcode10_consensus_vsearch	1891	G	G	531	3	0.56%	2	2	93	93	0.12464854732871722	1	1	194	337	2	1	A
barcode10_consensus_vsearch	1892	G	G	533	4	0.74%	2	1	93	93	0.06215067574099081	1	1	192	341	4	0	-A
barcode10_consensus_vsearch	1893	A	A	530	3	0.56%	2	2	93	93	0.12464788732389653	1	1	190	340	1	2	-G
barcode10_consensus_vsearch	1894	G	G	534	1	0.19%	2	1	93	93	0.5000000000008233	1	1	195	339	0	1	+AG
barcode10_consensus_vsearch	1895	T	T	536	1	0.19%	2	1	93	93	0.4999999999999138	1	1	196	340	0	1	+C
barcode10_consensus_vsearch	1896	C	C	537	1	0.19%	2	1	93	93	0.4999999999999138	1	1	195	342	1	0	+G
barcode10_consensus_vsearch	1897	C	C	536	2	0.37%	2	2	93	93	0.2497674418606225	1	1	196	340	1	1	T
barcode10_consensus_vsearch	1898	A	A	535	4	0.74%	2	2	93	93	0.06215197253344983	1	1	195	340	1	3	G
barcode10_consensus_vsearch	1899	T	T	533	5	0.93%	2	2	93	93	0.03095970870624187	1	1	195	338	1	4	C
barcode10_consensus_vsearch	1900	G	G	535	2	0.37%	2	1	93	93	0.24976700838742935	1	1	194	341	0	2	+CG
barcode10_consensus_vsearch	1901	T	T	531	3	0.56%	2	2	93	93	0.12464854732871722	1	1	191	340	2	1	C
barcode10_consensus_vsearch	1902	C	*/-A	512	23	4.26%	2	2	93	93	9.36284907938922E-8	1	1	175	337	18	5	-A
barcode10_consensus_vsearch	1903	A	A	498	6	1.16%	2	1	93	93	0.015392948753083264	1	1	168	330	6	0	C
barcode10_consensus_vsearch	1904	A	A	522	5	0.93%	2	1	93	93	0.03095365242531379	1	1	196	326	0	5	-G
barcode10_consensus_vsearch	1905	G	G	527	2	0.37%	2	1	93	93	0.24976348155137792	1	1	196	331	0	2	T
barcode10_consensus_vsearch	1906	G	G	541	0	0%	2	0	93	0	1.0	1	0	197	344	0	0	
barcode10_consensus_vsearch	1907	A	A	534	4	0.74%	2	2	93	93	0.06215132534293568	1	1	192	342	2	2	G
barcode10_consensus_vsearch	1908	C	*/-G	447	89	16.45%	2	2	93	93	2.9975067814754646E-29	1	1	193	254	2	87	-G
barcode10_consensus_vsearch	1909	G	R	430	19	4.22%	2	2	93	93	1.5703071038070478E-6	1	1	176	254	18	1	A
barcode10_consensus_vsearch	1910	G	G	536	2	0.37%	2	2	93	93	0.2497674418606225	1	1	196	340	1	1	A
barcode10_consensus_vsearch	1911	G	G	538	3	0.55%	2	1	93	93	0.1246530989824234	1	1	194	344	3	0	-A
barcode10_consensus_vsearch	1912	A	A	535	2	0.37%	2	1	93	93	0.24976700838742935	1	1	193	342	0	2	+C
barcode10_consensus_vsearch	1913	T	T	535	5	0.93%	2	1	93	93	0.030960783351964165	1	1	196	339	0	5	C
barcode10_consensus_vsearch	1914	T	*/-C	524	11	2.03%	2	1	93	93	4.635802256328469E-4	1	1	197	327	0	11	-C
barcode10_consensus_vsearch	1915	C	*/-TC	519	8	1.51%	2	1	93	93	0.003803119913505049	1	1	196	323	0	8	-TC
barcode10_consensus_vsearch	1916	T	T	523	4	0.75%	2	1	93	93	0.062144044065959504	1	1	196	327	0	4	C
barcode10_consensus_vsearch	1917	C	C	524	2	0.38%	2	1	93	93	0.24976213130317537	1	1	197	327	0	2	+AA
barcode10_consensus_vsearch	1918	A	*/-C	430	89	16.48%	2	2	93	93	2.597635370270659E-29	1	1	187	243	5	84	-C
barcode10_consensus_vsearch	1919	C	C	441	4	0.89%	2	1	93	93	0.062078415508149166	1	1	192	249	0	4	T
barcode10_consensus_vsearch	1920	C	C	522	5	0.93%	2	1	93	93	0.03095365242531379	1	1	193	329	0	5	+T
barcode10_consensus_vsearch	1921	C	*/-T	526	10	1.85%	2	1	93	93	9.360653175925267E-4	1	1	197	329	0	10	-T
barcode10_consensus_vsearch	1922	T	*/-CT	512	11	2.07%	2	2	93	93	4.6302277296290305E-4	1	1	194	318	1	10	-CT
barcode10_consensus_vsearch	1923	C	*/-T	517	7	1.33%	2	1	93	93	0.0076565513232377735	1	1	196	321	0	7	-T
barcode10_consensus_vsearch	1924	T	T	515	4	0.76%	2	1	93	93	0.06213855463770478	1	1	196	319	0	4	C
barcode10_consensus_vsearch	1925	A	A	536	2	0.37%	2	1	93	93	0.2497674418606225	1	1	194	342	0	2	G
barcode10_consensus_vsearch	1926	T	T	536	2	0.37%	2	1	93	93	0.2497674418606225	1	1	196	340	0	2	A
barcode10_consensus_vsearch	1927	G	G	538	1	0.18%	2	1	93	93	0.5000000000008233	1	1	196	342	0	1	+A
barcode10_consensus_vsearch	1928	A	A	534	5	0.93%	2	2	93	93	0.030960247025548112	1	1	193	341	2	3	G
barcode10_consensus_vsearch	1929	C	C	534	3	0.56%	2	1	93	93	0.1246505125815118	1	1	191	343	3	0	+A
barcode10_consensus_vsearch	1930	G	G	535	2	0.37%	2	1	93	93	0.24976700838742935	1	1	193	342	2	0	A
barcode10_consensus_vsearch	1931	C	C	532	5	0.93%	2	1	93	93	0.030959168383112096	1	1	195	337	0	5	-T
barcode10_consensus_vsearch	1932	T	T	529	3	0.56%	2	1	93	93	0.12464722483554738	1	1	195	334	0	3	C
barcode10_consensus_vsearch	1933	C	C	531	4	0.74%	2	1	93	93	0.062149369248170376	1	1	194	337	0	4	+T
barcode10_consensus_vsearch	1934	T	T	530	2	0.37%	2	1	93	93	0.24976481655673516	1	1	193	337	0	2	+CT
barcode10_consensus_vsearch	1935	G	G	537	1	0.19%	2	1	93	93	0.4999999999999138	1	1	195	342	1	0	+T
barcode10_consensus_vsearch	1936	T	T	535	3	0.56%	2	2	93	93	0.1246511627905904	1	1	195	340	2	1	C
barcode10_consensus_vsearch	1937	T	*/-C	514	21	3.88%	2	2	93	93	3.9035910153780195E-7	1	1	178	336	19	2	-C
barcode10_consensus_vsearch	1938	C	C	519	1	0.19%	2	1	93	93	0.5000000000008233	1	1	177	342	1	0	G
barcode10_consensus_vsearch	1939	C	*/-A	516	10	1.85%	2	1	93	93	9.353050183123106E-4	1	1	176	340	10	0	-A
barcode10_consensus_vsearch	1940	A	A	525	4	0.75%	2	2	93	93	0.062145390468482414	1	1	185	340	1	3	G
barcode10_consensus_vsearch	1941	A	A	535	2	0.37%	2	1	93	93	0.24976700838742935	1	1	195	340	0	2	G
barcode10_consensus_vsearch	1942	G	G	537	3	0.56%	2	1	93	93	0.12465245597770591	1	1	193	344	3	0	+A
barcode10_consensus_vsearch	1943	A	*/-GA	529	7	1.29%	2	2	93	93	0.007660029547299292	1	1	194	335	1	6	-GA
barcode10_consensus_vsearch	1944	G	G	532	0	0%	2	0	93	0	1.0	1	0	194	338	0	0	
barcode10_consensus_vsearch	1945	A	A	532	2	0.37%	2	1	93	93	0.2497656982194512	1	1	194	338	2	0	G
barcode10_consensus_vsearch	1946	C	C	528	6	1.11%	2	2	93	93	0.015405960641249931	1	1	193	335	2	4	-T
barcode10_consensus_vsearch	1947	T	T	530	1	0.19%	2	1	93	93	0.4999999999990043	1	1	193	337	0	1	+A
barcode10_consensus_vsearch	1948	T	T	531	4	0.74%	2	2	93	93	0.062149369248170376	1	1	193	338	1	3	C
barcode10_consensus_vsearch	1949	G	G	530	3	0.56%	2	2	93	93	0.12464788732389653	1	1	191	339	1	2	-TA
barcode10_consensus_vsearch	1950	T	T	530	4	0.75%	2	2	93	93	0.06214871233009074	1	1	192	338	1	3	C
barcode10_consensus_vsearch	1951	A	A	525	5	0.93%	2	2	93	93	0.03095532905764353	1	1	187	338	4	1	G
barcode10_consensus_vsearch	1952	C	C	532	2	0.37%	2	2	93	93	0.2497656982194512	1	1	191	341	1	1	-AT
barcode10_consensus_vsearch	1953	A	A	531	1	0.19%	2	1	93	93	0.4999999999999138	1	1	191	340	0	1	+T
barcode10_consensus_vsearch	1954	T	T	532	3	0.56%	2	1	93	93	0.12464920486402759	1	1	193	339	0	3	C
barcode10_consensus_vsearch	1955	G	G	535	1	0.19%	2	1	93	93	0.4999999999999138	1	1	192	343	1	0	+A
barcode10_consensus_vsearch	1956	G	G	537	4	0.74%	2	2	93	93	0.06215325973347298	1	1	195	342	2	2	A
barcode10_consensus_vsearch	1957	T	*/-C	517	15	2.77%	2	1	93	93	2.761204391196279E-5	1	1	179	338	15	0	-C
barcode10_consensus_vsearch	1958	C	C	524	2	0.38%	2	1	93	93	0.24976213130317537	1	1	182	342	0	2	T
barcode10_consensus_vsearch	1959	C	C	538	2	0.37%	2	1	93	93	0.24976830398477892	1	1	196	342	0	2	+A
barcode10_consensus_vsearch	1960	A	A	536	2	0.37%	2	1	93	93	0.2497674418606225	1	1	193	343	2	0	G
barcode10_consensus_vsearch	1961	G	G	535	2	0.37%	2	1	93	93	0.24976700838742935	1	1	194	341	0	2	-C
barcode10_consensus_vsearch	1962	C	C	534	2	0.37%	2	2	93	93	0.24976657329578222	1	1	193	341	1	1	T
barcode10_consensus_vsearch	1963	G	G	534	4	0.74%	2	2	93	93	0.06215132534293568	1	1	191	343	3	1	A
barcode10_consensus_vsearch	1964	T	T	531	5	0.93%	2	2	93	93	0.030958626044663474	1	1	192	339	1	4	C
barcode10_consensus_vsearch	1965	A	A	532	2	0.37%	2	1	93	93	0.2497656982194512	1	1	192	340	0	2	+G
barcode10_consensus_vsearch	1966	G	G	531	4	0.74%	2	1	93	93	0.062149369248170376	1	1	196	335	0	4	+TG
barcode10_consensus_vsearch	1967	A	A	534	1	0.19%	2	1	93	93	0.5000000000008233	1	1	195	339	0	1	+GA
barcode10_consensus_vsearch	1968	T	T	534	2	0.37%	2	1	93	93	0.24976657329578222	1	1	195	339	0	2	+G
barcode10_consensus_vsearch	1969	G	G	539	1	0.19%	2	1	93	93	0.4999999999999138	1	1	195	344	1	0	+AA
barcode10_consensus_vsearch	1970	A	A	536	3	0.55%	2	2	93	93	0.12465181058487508	1	1	194	342	2	1	G
barcode10_consensus_vsearch	1971	T	T	534	2	0.37%	2	1	93	93	0.24976657329578222	1	1	193	341	2	0	+A
barcode10_consensus_vsearch	1972	G	G	527	4	0.74%	2	1	93	93	0.06214672672359405	1	1	192	335	0	4	-C
barcode10_consensus_vsearch	1973	C	Y	522	7	1.31%	2	1	93	93	0.007658019686838506	1	1	193	329	0	7	T
barcode10_consensus_vsearch	1974	T	T	533	1	0.19%	2	1	93	93	0.4999999999990043	1	1	193	340	0	1	+C
barcode10_consensus_vsearch	1975	T	T	525	6	1.12%	2	1	93	93	0.015404725487673122	1	1	193	332	0	6	-C
barcode10_consensus_vsearch	1976	C	C	520	6	1.13%	2	1	93	93	0.01540263564963501	1	1	197	323	0	6	+T
barcode10_consensus_vsearch	1977	T	*/-CT	489	34	6.34%	2	1	93	93	3.3442980850235575E-11	1	1	191	298	0	34	-CT
barcode10_consensus_vsearch	1978	C	*/+T	479	9	1.81%	2	1	93	93	0.0018817851694759033	1	1	197	282	0	9	+T
barcode10_consensus_vsearch	1979	T	*/+CT	478	8	1.62%	2	1	93	93	0.0037944784297538666	1	1	191	287	0	8	+CT
barcode10_consensus_vsearch	1980	A	A	524	5	0.93%	2	1	93	93	0.030954772292166692	1	1	188	336	5	0	-G
barcode10_consensus_vsearch	1981	G	G	533	1	0.19%	2	1	93	93	0.4999999999990043	1	1	191	342	1	0	+T
barcode10_consensus_vsearch	1982	A	A	527	4	0.74%	2	2	93	93	0.06214672672359405	1	1	190	337	2	2	+T
barcode10_consensus_vsearch	1983	C	Y	525	7	1.3%	2	2	93	93	0.007658887507292351	1	1	191	334	2	5	T
barcode10_consensus_vsearch	1984	T	T	526	3	0.56%	2	2	93	93	0.12464522232734096	1	1	191	335	2	1	C
barcode10_consensus_vsearch	1985	A	A	528	6	1.11%	2	2	93	93	0.015405960641249931	1	1	191	337	3	3	G
barcode10_consensus_vsearch	1986	C	C	533	2	0.37%	2	2	93	93	0.2497661365761488	1	1	194	339	1	1	T
barcode10_consensus_vsearch	1987	A	A	535	3	0.56%	2	2	93	93	0.1246511627905904	1	1	194	341	1	2	G
barcode10_consensus_vsearch	1988	A	*/+C	519	15	2.78%	2	1	93	93	2.7622535816020175E-5	1	1	191	328	0	15	+C
barcode10_consensus_vsearch	1989	C	C	536	1	0.19%	2	1	93	93	0.4999999999999138	1	1	195	341	0	1	+T
barcode10_consensus_vsearch	1990	T	*/-C	523	9	1.67%	2	2	93	93	0.0018876321934375318	1	1	190	333	2	7	-C
barcode10_consensus_vsearch	1991	C	*/-G	501	24	4.51%	2	1	93	93	4.555112262052916E-8	1	1	195	306	0	24	-G
barcode10_consensus_vsearch	1992	G	G	512	3	0.58%	2	1	93	93	0.12463556851309493	1	1	194	318	3	0	A
barcode10_consensus_vsearch	1993	G	G	541	0	0%	2	0	93	0	1.0	1	0	197	344	0	0	
barcode10_consensus_vsearch	1994	A	A	537	2	0.37%	2	1	93	93	0.2497678737226224	1	1	196	341	0	2	G
barcode10_consensus_vsearch	1995	C	C	533	5	0.92%	2	2	93	93	0.03095970870624187	1	1	193	340	2	3	T
barcode10_consensus_vsearch	1996	G	R	519	21	3.89%	2	1	93	93	3.910971624139835E-7	1	1	176	343	21	0	A
barcode10_consensus_vsearch	1997	G	G	534	3	0.55%	2	1	93	93	0.1246505125815118	1	1	196	338	0	3	+T
barcode10_consensus_vsearch	1998	T	*/-C	525	13	2.41%	2	2	93	93	1.1343758849316423E-4	1	1	190	335	6	7	-C
barcode10_consensus_vsearch	1999	C	Y	260	258	48.86%	2	2	93	93	3.0661635130882374E-97	1	1	91	169	95	163	T
barcode10_consensus_vsearch	2000	G	R	264	257	47.77%	2	2	93	93	1.287052153551818E-96	1	1	92	172	94	163	A
barcode10_consensus_vsearch	2001	A	A	526	5	0.93%	2	1	93	93	0.030955883727255742	1	1	191	335	0	5	-C
barcode10_consensus_vsearch	2002	C	M	518	11	2.06%	2	2	93	93	4.633046086710839E-4	1	1	189	329	6	5	A
barcode10_consensus_vsearch	2003	C	C	535	2	0.37%	2	1	93	93	0.24976700838742935	1	1	196	339	0	2	A
barcode10_consensus_vsearch	2004	C	Y	526	11	2.04%	2	1	93	93	4.636707514459565E-4	1	1	196	330	0	11	T
barcode10_consensus_vsearch	2005	G	G	534	4	0.74%	2	2	93	93	0.06215132534293568	1	1	194	340	3	1	A
barcode10_consensus_vsearch	2006	C	C	537	1	0.19%	2	1	93	93	0.4999999999999138	1	1	195	342	0	1	+A
barcode10_consensus_vsearch	2007	C	C	534	3	0.56%	2	1	93	93	0.1246505125815118	1	1	195	339	0	3	T
barcode10_consensus_vsearch	2008	A	A	529	3	0.56%	2	1	93	93	0.12464722483554738	1	1	194	335	0	3	+G
barcode10_consensus_vsearch	2009	G	G	536	1	0.19%	2	1	93	93	0.4999999999999138	1	1	194	342	1	0	-AT
barcode10_consensus_vsearch	2010	A	*/-T	491	27	5%	2	2	93	93	5.262231824853322E-9	1	1	177	314	1	26	-T
barcode10_consensus_vsearch	2011	T	T	511	1	0.2%	2	1	93	93	0.4999999999990043	1	1	194	317	1	0	C
barcode10_consensus_vsearch	2012	T	T	536	3	0.56%	2	2	93	93	0.12465181058487508	1	1	196	340	1	2	C
barcode10_consensus_vsearch	2013	T	T	537	3	0.55%	2	2	93	93	0.12465245597770591	1	1	195	342	1	2	+C
barcode10_consensus_vsearch	2014	T	T	532	5	0.92%	2	2	93	93	0.030959168383112096	1	1	191	341	3	2	C
barcode10_consensus_vsearch	2015	A	A	535	2	0.37%	2	1	93	93	0.24976700838742935	1	1	195	340	0	2	C
barcode10_consensus_vsearch	2016	A	A	538	2	0.37%	2	1	93	93	0.24976830398477892	1	1	195	343	2	0	G
barcode10_consensus_vsearch	2017	A	A	534	3	0.55%	2	2	93	93	0.1246505125815118	1	1	196	338	1	2	+T
barcode10_consensus_vsearch	2018	T	T	535	2	0.37%	2	1	93	93	0.24976700838742935	1	1	195	340	0	2	C
barcode10_consensus_vsearch	2019	T	T	536	3	0.55%	2	2	93	93	0.12465181058487508	1	1	194	342	1	2	+C
barcode10_consensus_vsearch	2020	T	*/+G	526	7	1.29%	2	1	93	93	0.007659174618154892	1	1	192	334	0	7	+G
barcode10_consensus_vsearch	2021	G	G	533	2	0.37%	2	1	93	93	0.2497661365761488	1	1	191	342	2	0	+A
barcode10_consensus_vsearch	2022	A	*/-G	524	11	2.04%	2	2	93	93	4.635802256328469E-4	1	1	184	340	8	3	-G
barcode10_consensus_vsearch	2023	G	G	520	5	0.94%	2	1	93	93	0.030952524030155748	1	1	187	333	0	5	+C
barcode10_consensus_vsearch	2024	C	C	531	5	0.93%	2	1	93	93	0.030958626044663474	1	1	195	336	0	5	-T
barcode10_consensus_vsearch	2025	T	T	525	5	0.93%	2	1	93	93	0.03095532905764353	1	1	195	330	0	5	-C
barcode10_consensus_vsearch	2026	C	*/+T	519	9	1.68%	2	2	93	93	0.0018871405447592163	1	1	194	325	1	8	+T
barcode10_consensus_vsearch	2027	T	T	529	4	0.74%	2	2	93	93	0.06214805294605921	1	1	193	336	1	3	+C
barcode10_consensus_vsearch	2028	T	*/-C	484	43	7.95%	2	2	93	93	4.65464836828455E-14	1	1	163	321	31	12	-C
barcode10_consensus_vsearch	2029	C	C	488	4	0.81%	2	2	93	93	0.06211870918774179	1	1	163	325	2	2	T
barcode10_consensus_vsearch	2030	C	C	535	2	0.37%	2	1	93	93	0.24976700838742935	1	1	196	339	0	2	+T
barcode10_consensus_vsearch	2031	C	*/-GC	509	13	2.4%	2	2	93	93	1.1317975969842841E-4	1	1	183	326	12	1	-GC
barcode10_consensus_vsearch	2032	G	R	512	9	1.71%	2	2	93	93	0.0018862621629766934	1	1	176	336	7	2	A
barcode10_consensus_vsearch	2033	C	C	518	2	0.38%	2	1	93	93	0.24975938402341052	1	1	183	335	0	2	-T
barcode10_consensus_vsearch	2034	T	T	528	4	0.75%	2	2	93	93	0.0621473910819107	1	1	193	335	1	3	C
barcode10_consensus_vsearch	2035	T	T	530	3	0.56%	2	2	93	93	0.12464788732389653	1	1	192	338	1	2	C
barcode10_consensus_vsearch	2036	C	*/-A	515	10	1.86%	2	2	93	93	9.352274155228977E-4	1	1	181	334	9	1	-A
barcode10_consensus_vsearch	2037	A	A	518	5	0.95%	2	1	93	93	0.030951387009327987	1	1	182	336	0	5	+C
barcode10_consensus_vsearch	2038	C	C	523	6	1.12%	2	1	93	93	0.015403894284021311	1	1	193	330	0	6	T
barcode10_consensus_vsearch	2039	T	T	527	5	0.93%	2	1	93	93	0.030956436312490055	1	1	195	332	0	5	-C
barcode10_consensus_vsearch	2040	C	C	526	2	0.37%	2	2	93	93	0.2497630331753048	1	1	194	332	1	1	+T
barcode10_consensus_vsearch	2041	G	G	533	2	0.37%	2	1	93	93	0.2497661365761488	1	1	194	339	2	0	-C
barcode10_consensus_vsearch	2042	C	C	532	2	0.37%	2	2	93	93	0.2497656982194512	1	1	194	338	1	1	A
barcode10_consensus_vsearch	2043	C	C	535	3	0.56%	2	2	93	93	0.1246511627905904	1	1	196	339	1	2	T
barcode10_consensus_vsearch	2044	G	G	532	2	0.37%	2	1	93	93	0.2497656982194512	1	1	193	339	2	0	+A
barcode10_consensus_vsearch	2045	T	T	535	3	0.56%	2	1	93	93	0.1246511627905904	1	1	196	339	0	3	C
barcode10_consensus_vsearch	2046	T	T	535	3	0.56%	2	2	93	93	0.1246511627905904	1	1	194	341	1	2	C
barcode10_consensus_vsearch	2047	A	*/-C	526	8	1.49%	2	1	93	93	0.003804463493552888	1	1	186	340	8	0	-C
barcode10_consensus_vsearch	2048	C	C	525	1	0.19%	2	1	93	93	0.4999999999999138	1	1	187	338	0	1	+T
barcode10_consensus_vsearch	2049	T	T	526	4	0.75%	2	1	93	93	0.06214605985717208	1	1	190	336	4	0	-A
barcode10_consensus_vsearch	2050	A	*/-G	385	125	23.5%	2	2	93	93	3.985643318316934E-42	1	1	126	259	58	67	-G
barcode10_consensus_vsearch	2051	G	G	410	1	0.24%	2	1	93	93	0.5000000000008233	1	1	136	274	1	0	+AG
barcode10_consensus_vsearch	2052	G	G	535	1	0.19%	2	1	93	93	0.4999999999999138	1	1	194	341	0	1	+T
barcode10_consensus_vsearch	2053	G	G	540	0	0%	2	0	93	0	1.0	1	0	196	344	0	0	
barcode10_consensus_vsearch	2054	G	G	537	3	0.55%	2	2	93	93	0.12465245597770591	1	1	195	342	2	1	-A
barcode10_consensus_vsearch	2055	A	A	538	0	0%	2	0	93	0	1.0	1	0	195	343	0	0	
barcode10_consensus_vsearch	2056	A	*/-TC	521	10	1.85%	2	1	93	93	9.356887027553198E-4	1	1	196	325	0	10	-TC
barcode10_consensus_vsearch	2057	T	T	518	5	0.95%	2	2	93	93	0.030951387009327987	1	1	194	324	2	3	-C
barcode10_consensus_vsearch	2058	C	C	523	2	0.38%	2	1	93	93	0.24976167778805636	1	1	195	328	0	2	T
barcode10_consensus_vsearch	2059	C	*/-T	518	11	2.03%	2	1	93	93	4.633046086710839E-4	1	1	196	322	0	11	-T
barcode10_consensus_vsearch	2060	T	T	524	4	0.76%	2	2	93	93	0.06214471854291143	1	1	196	328	1	3	C
barcode10_consensus_vsearch	2061	T	T	524	4	0.74%	2	1	93	93	0.06214471854291143	1	1	196	328	0	4	-GT
barcode10_consensus_vsearch	2062	G	G	523	5	0.94%	2	2	93	93	0.030954213418664108	1	1	195	328	1	4	A
barcode10_consensus_vsearch	2063	T	Y	518	10	1.88%	2	2	93	93	9.354593531308458E-4	1	1	195	323	1	9	C
barcode10_consensus_vsearch	2064	T	*/-A	514	9	1.67%	2	2	93	93	0.0018865155062670598	1	1	192	322	1	8	-A
barcode10_consensus_vsearch	2065	A	*/-G	512	11	2.07%	2	2	93	93	4.6302277296290305E-4	1	1	191	321	4	7	-G
barcode10_consensus_vsearch	2066	G	*/+T	503	10	1.89%	2	2	93	93	9.342728890714882E-4	1	1	177	326	9	1	+T
barcode10_consensus_vsearch	2067	T	T	523	5	0.95%	2	2	93	93	0.030954213418664108	1	1	192	331	1	4	C
barcode10_consensus_vsearch	2068	T	T	535	2	0.37%	2	1	93	93	0.24976700838742935	1	1	197	338	0	2	C
barcode10_consensus_vsearch	2069	T	T	519	6	1.11%	2	1	93	93	0.015402212914588027	1	1	193	326	0	6	-CT
barcode10_consensus_vsearch	2070	C	*/+T	444	30	5.66%	2	2	93	93	5.799408693113602E-10	1	1	191	253	2	28	+T
barcode10_consensus_vsearch	2071	T	T	493	1	0.2%	2	1	93	93	0.4999999999990043	1	1	193	300	0	1	C
barcode10_consensus_vsearch	2072	T	T	525	4	0.76%	2	2	93	93	0.062145390468482414	1	1	195	330	1	3	C
barcode10_consensus_vsearch	2073	T	T	537	1	0.19%	2	1	93	93	0.4999999999999138	1	1	196	341	0	1	+CAC
barcode10_consensus_vsearch	2074	T	*/-C	515	17	3.15%	2	2	93	93	6.700420046051632E-6	1	1	194	321	2	15	-C
barcode10_consensus_vsearch	2075	C	C	519	3	0.57%	2	1	93	93	0.12464046021107343	1	1	191	328	3	0	+A
barcode10_consensus_vsearch	2076	C	C	538	2	0.37%	2	1	93	93	0.24976830398477892	1	1	197	341	0	2	-TCC
barcode10_consensus_vsearch	2077	T	T	530	4	0.74%	2	2	93	93	0.06214871233009074	1	1	190	340	3	1	+C
barcode10_consensus_vsearch	2078	C	C	534	1	0.19%	2	1	93	93	0.5000000000008233	1	1	194	340	0	1	+TC
barcode10_consensus_vsearch	2079	C	C	533	2	0.37%	2	2	93	93	0.2497661365761488	1	1	194	339	1	1	-G
barcode10_consensus_vsearch	2080	G	G	534	3	0.56%	2	2	93	93	0.1246505125815118	1	1	193	341	2	1	A
barcode10_consensus_vsearch	2081	C	C	536	2	0.37%	2	2	93	93	0.2497674418606225	1	1	195	341	1	1	T
barcode10_consensus_vsearch	2082	T	T	535	2	0.37%	2	1	93	93	0.24976700838742935	1	1	196	339	0	2	C
barcode10_consensus_vsearch	2083	T	T	538	1	0.18%	2	1	93	93	0.5000000000008233	1	1	197	341	0	1	-A
barcode10_consensus_vsearch	2084	A	A	535	3	0.56%	2	1	93	93	0.1246511627905904	1	1	196	339	0	3	+G
barcode10_consensus_vsearch	2085	T	T	538	1	0.19%	2	1	93	93	0.5000000000008233	1	1	197	341	0	1	+GA
barcode10_consensus_vsearch	2086	T	T	533	4	0.74%	2	1	93	93	0.06215067574099081	1	1	193	340	0	4	+G
barcode10_consensus_vsearch	2087	G	G	541	0	0%	2	0	93	0	1.0	1	0	197	344	0	0	
barcode10_consensus_vsearch	2088	A	A	539	2	0.37%	2	1	93	93	0.2497687326552616	1	1	195	344	2	0	G
barcode10_consensus_vsearch	2089	T	T	538	3	0.55%	2	2	93	93	0.1246530989824234	1	1	196	342	1	2	C
barcode10_consensus_vsearch	2090	A	A	537	3	0.55%	2	2	93	93	0.12465245597770591	1	1	194	343	2	1	G
barcode10_consensus_vsearch	2091	T	T	537	1	0.18%	2	1	93	93	0.4999999999999138	1	1	196	341	0	1	+A
barcode10_consensus_vsearch	2092	G	G	537	1	0.18%	2	1	93	93	0.4999999999999138	1	1	195	342	0	1	+T
barcode10_consensus_vsearch	2093	C	C	531	5	0.92%	2	2	93	93	0.030958626044663474	1	1	194	337	1	4	-T
barcode10_consensus_vsearch	2094	T	T	528	4	0.75%	2	2	93	93	0.0621473910819107	1	1	191	337	3	1	C
barcode10_consensus_vsearch	2095	T	T	531	3	0.56%	2	2	93	93	0.12464854732871722	1	1	195	336	1	2	C
barcode10_consensus_vsearch	2096	A	A	532	3	0.56%	2	1	93	93	0.12464920486402759	1	1	197	335	0	3	G
barcode10_consensus_vsearch	2097	A	A	534	5	0.93%	2	1	93	93	0.030960247025548112	1	1	197	337	0	5	G
barcode10_consensus_vsearch	2098	G	G	537	1	0.18%	2	1	93	93	0.4999999999999138	1	1	194	343	1	0	+T
barcode10_consensus_vsearch	2099	T	T	539	1	0.19%	2	1	93	93	0.4999999999999138	1	1	197	342	0	1	+CT
barcode10_consensus_vsearch	2100	T	T	535	3	0.55%	2	1	93	93	0.1246511627905904	1	1	193	342	3	0	+C
barcode10_consensus_vsearch	2101	C	C	534	2	0.37%	2	1	93	93	0.24976657329578222	1	1	195	339	0	2	+A
barcode10_consensus_vsearch	2102	A	*/-G	521	15	2.78%	2	2	93	93	2.763295228280164E-5	1	1	193	328	2	13	-G
barcode10_consensus_vsearch	2103	G	G	520	3	0.57%	2	1	93	93	0.12464114832532827	1	1	195	325	0	3	A
barcode10_consensus_vsearch	2104	C	Y	499	15	2.78%	2	2	93	93	2.7514082460012635E-5	1	1	195	304	1	14	T
barcode10_consensus_vsearch	2105	G	R	510	16	3.01%	2	2	93	93	1.3590583249330675E-5	1	1	184	326	13	3	A
barcode10_consensus_vsearch	2106	G	G	533	6	1.11%	2	2	93	93	0.015407988734056442	1	1	193	340	3	3	A
barcode10_consensus_vsearch	2107	G	G	536	2	0.37%	2	2	93	93	0.2497674418606225	1	1	195	341	1	1	A
barcode10_consensus_vsearch	2108	T	T	523	6	1.11%	2	2	93	93	0.015403894284021311	1	1	192	331	1	5	-A
barcode10_consensus_vsearch	2109	A	R	521	8	1.5%	2	2	93	93	0.0038035073991726275	1	1	193	328	1	7	G
barcode10_consensus_vsearch	2110	G	G	532	1	0.19%	2	1	93	93	0.4999999999999138	1	1	195	337	0	1	+C
barcode10_consensus_vsearch	2111	T	*/-C	521	10	1.86%	2	2	93	93	9.356887027553198E-4	1	1	185	336	8	2	-C
barcode10_consensus_vsearch	2112	C	C	528	1	0.19%	2	1	93	93	0.4999999999999138	1	1	187	341	1	0	+A
barcode10_consensus_vsearch	2113	C	C	534	3	0.55%	2	1	93	93	0.1246505125815118	1	1	193	341	3	0	-T
barcode10_consensus_vsearch	2114	T	Y	524	11	2.04%	2	2	93	93	4.635802256328469E-4	1	1	190	334	1	10	C
barcode10_consensus_vsearch	2115	A	*/+C	523	7	1.3%	2	1	93	93	0.0076583100477239955	1	1	182	341	7	0	+C
barcode10_consensus_vsearch	2116	C	C	526	5	0.94%	2	1	93	93	0.030955883727255742	1	1	190	336	0	5	+T
barcode10_consensus_vsearch	2117	C	C	528	4	0.74%	2	2	93	93	0.0621473910819107	1	1	193	335	1	3	-T
barcode10_consensus_vsearch	2118	T	Y	523	7	1.31%	2	1	93	93	0.0076583100477239955	1	1	192	331	0	7	C
barcode10_consensus_vsearch	2119	G	G	540	1	0.18%	2	1	93	93	0.5000000000008233	1	1	196	344	1	0	C
barcode10_consensus_vsearch	2120	A	A	530	4	0.74%	2	2	93	93	0.06214871233009074	1	1	194	336	1	3	+T
barcode10_consensus_vsearch	2121	T	T	534	3	0.56%	2	2	93	93	0.1246505125815118	1	1	195	339	1	2	C
barcode10_consensus_vsearch	2122	T	T	537	2	0.37%	2	1	93	93	0.2497678737226224	1	1	196	341	0	2	C
barcode10_consensus_vsearch	2123	T	T	535	1	0.19%	2	1	93	93	0.4999999999999138	1	1	196	339	0	1	+G
barcode10_consensus_vsearch	2124	G	G	538	1	0.19%	2	1	93	93	0.5000000000008233	1	1	196	342	1	0	-A
barcode10_consensus_vsearch	2125	A	A	531	4	0.74%	2	1	93	93	0.062149369248170376	1	1	192	339	0	4	G
barcode10_consensus_vsearch	2126	G	G	536	1	0.19%	2	1	93	93	0.4999999999999138	1	1	192	344	1	0	+A
barcode10_consensus_vsearch	2127	A	A	535	3	0.56%	2	2	93	93	0.1246511627905904	1	1	194	341	2	1	G
barcode10_consensus_vsearch	2128	T	T	539	2	0.37%	2	1	93	93	0.2497687326552616	1	1	195	344	2	0	+C
barcode10_consensus_vsearch	2129	C	C	537	3	0.55%	2	2	93	93	0.12465245597770591	1	1	195	342	1	2	-A
barcode10_consensus_vsearch	2130	A	A	533	3	0.56%	2	2	93	93	0.12464985994384618	1	1	195	338	1	2	G
barcode10_consensus_vsearch	2131	G	G	540	0	0%	2	0	93	0	1.0	1	0	197	343	0	0	
barcode10_consensus_vsearch	2132	A	A	538	2	0.37%	2	2	93	93	0.24976830398477892	1	1	196	342	1	1	G
barcode10_consensus_vsearch	2133	T	T	535	2	0.37%	2	1	93	93	0.24976700838742935	1	1	191	344	2	0	+C
barcode10_consensus_vsearch	2134	C	C	537	2	0.37%	2	1	93	93	0.2497678737226224	1	1	193	344	2	0	-A
barcode10_consensus_vsearch	2135	A	A	534	3	0.56%	2	1	93	93	0.1246505125815118	1	1	191	343	3	0	G
barcode10_consensus_vsearch	2136	T	*/-A	525	13	2.4%	2	2	93	93	1.1343758849316423E-4	1	1	193	332	1	12	-A
barcode10_consensus_vsearch	2137	A	A	524	2	0.38%	2	2	93	93	0.24976213130317537	1	1	193	331	1	1	C
barcode10_consensus_vsearch	2138	A	A	539	2	0.37%	2	2	93	93	0.2497687326552616	1	1	196	343	1	1	G
barcode10_consensus_vsearch	2139	A	A	537	2	0.37%	2	2	93	93	0.2497678737226224	1	1	196	341	1	1	G
barcode10_consensus_vsearch	2140	T	Y	515	13	2.41%	2	2	93	93	1.13278229476532E-4	1	1	189	326	1	12	C
barcode10_consensus_vsearch	2141	A	A	529	2	0.38%	2	2	93	93	0.24976437323210715	1	1	190	339	1	1	C
barcode10_consensus_vsearch	2142	A	A	539	1	0.19%	2	1	93	93	0.4999999999999138	1	1	196	343	1	0	G
barcode10_consensus_vsearch	2143	A	*/-T	528	7	1.3%	2	2	93	93	0.007659745632203721	1	1	192	336	4	3	-T
barcode10_consensus_vsearch	2144	T	T	526	3	0.56%	2	2	93	93	0.12464522232734096	1	1	189	337	1	2	C
barcode10_consensus_vsearch	2145	T	T	534	2	0.37%	2	1	93	93	0.24976657329578222	1	1	197	337	0	2	+C
barcode10_consensus_vsearch	2146	T	T	529	3	0.55%	2	1	93	93	0.12464722483554738	1	1	193	336	0	3	+A
barcode10_consensus_vsearch	2147	G	G	527	4	0.74%	2	1	93	93	0.06214672672359405	1	1	193	334	0	4	+C
barcode10_consensus_vsearch	2148	T	T	524	6	1.11%	2	1	93	93	0.015404310668549302	1	1	194	330	0	6	C
barcode10_consensus_vsearch	2149	C	C	531	3	0.56%	2	1	93	93	0.12464854732871722	1	1	195	336	0	3	-T
barcode10_consensus_vsearch	2150	T	T	526	4	0.75%	2	2	93	93	0.06214605985717208	1	1	194	332	1	3	-A
barcode10_consensus_vsearch	2151	A	A	528	3	0.56%	2	1	93	93	0.12464655984919866	1	1	195	333	0	3	C
barcode10_consensus_vsearch	2152	A	A	529	6	1.12%	2	2	93	93	0.015406369286722026	1	1	196	333	1	5	G
barcode10_consensus_vsearch	2153	G	G	531	4	0.74%	2	1	93	93	0.062149369248170376	1	1	193	338	4	0	A
barcode10_consensus_vsearch	2154	C	*/+T	516	8	1.48%	2	1	93	93	0.0038025331739636116	1	1	196	320	0	8	+T
barcode10_consensus_vsearch	2155	T	Y	276	254	47.74%	2	2	93	93	8.695141464168341E-95	1	1	104	172	92	162	C
barcode10_consensus_vsearch	2156	A	A	531	5	0.93%	2	2	93	93	0.030958626044663474	1	1	196	335	1	4	C
barcode10_consensus_vsearch	2157	A	A	532	5	0.93%	2	2	93	93	0.030959168383112096	1	1	195	337	2	3	T
barcode10_consensus_vsearch	2158	T	Y	530	8	1.48%	2	2	93	93	0.0038052156524719656	1	1	196	334	1	7	C
barcode10_consensus_vsearch	2159	A	A	529	4	0.74%	2	1	93	93	0.06214805294605921	1	1	197	332	0	4	+G
barcode10_consensus_vsearch	2160	G	G	540	0	0%	2	0	93	0	1.0	1	0	197	343	0	0	
barcode10_consensus_vsearch	2161	A	A	533	6	1.11%	2	2	93	93	0.015407988734056442	1	1	195	338	2	4	G
barcode10_consensus_vsearch	2162	C	C	537	2	0.37%	2	1	93	93	0.2497678737226224	1	1	197	340	0	2	-T
barcode10_consensus_vsearch	2163	T	T	538	1	0.19%	2	1	93	93	0.5000000000008233	1	1	197	341	0	1	-ATTAG
barcode10_consensus_vsearch	2164	A	*/-TTA	526	9	1.67%	2	2	93	93	0.0018879961490473396	1	1	194	332	1	8	-TTA
barcode10_consensus_vsearch	2165	T	T	527	1	0.19%	2	1	93	93	0.4999999999999138	1	1	195	332	1	0	C
barcode10_consensus_vsearch	2166	T	T	522	6	1.14%	2	2	93	93	0.015403476325362767	1	1	191	331	5	1	-A
barcode10_consensus_vsearch	2167	A	A	516	4	0.77%	2	1	93	93	0.06213925005774881	1	1	187	329	4	0	-G
barcode10_consensus_vsearch	2168	G	G	526	5	0.94%	2	2	93	93	0.030955883727255742	1	1	189	337	4	1	-A
barcode10_consensus_vsearch	2169	A	A	530	1	0.19%	2	1	93	93	0.4999999999990043	1	1	193	337	0	1	C
barcode10_consensus_vsearch	2170	A	A	530	4	0.74%	2	2	93	93	0.06214871233009074	1	1	192	338	3	1	G
barcode10_consensus_vsearch	2171	G	G	529	3	0.56%	2	1	93	93	0.12464722483554738	1	1	193	336	0	3	-C
barcode10_consensus_vsearch	2172	C	C	523	4	0.75%	2	2	93	93	0.062144044065959504	1	1	194	329	1	3	-G
barcode10_consensus_vsearch	2173	G	R	513	18	3.37%	2	2	93	93	3.294890459690035E-6	1	1	178	335	16	2	A
barcode10_consensus_vsearch	2174	G	G	533	2	0.37%	2	2	93	93	0.2497661365761488	1	1	193	340	1	1	A
barcode10_consensus_vsearch	2175	T	T	536	3	0.56%	2	1	93	93	0.12465181058487508	1	1	197	339	0	3	+C
barcode10_consensus_vsearch	2176	T	T	530	3	0.56%	2	2	93	93	0.12464788732389653	1	1	195	335	1	2	+C
barcode10_consensus_vsearch	2177	C	*/-T	514	14	2.61%	2	2	93	93	5.5933162205555704E-5	1	1	194	320	2	12	-T
barcode10_consensus_vsearch	2178	T	T	516	4	0.77%	2	1	93	93	0.06213925005774881	1	1	195	321	0	4	C
barcode10_consensus_vsearch	2179	T	T	534	3	0.56%	2	1	93	93	0.1246505125815118	1	1	196	338	0	3	C
barcode10_consensus_vsearch	2180	T	T	534	2	0.37%	2	1	93	93	0.24976657329578222	1	1	196	338	0	2	-A
barcode10_consensus_vsearch	2181	A	A	536	3	0.56%	2	2	93	93	0.12465181058487508	1	1	195	341	2	1	C
barcode10_consensus_vsearch	2182	A	A	541	0	0%	2	0	93	0	1.0	1	0	197	344	0	0	
barcode10_consensus_vsearch	2183	A	A	538	3	0.55%	2	2	93	93	0.1246530989824234	1	1	195	343	2	1	G
barcode10_consensus_vsearch	2184	T	*/-A	254	277	51.2%	2	2	93	93	1.0478789184545562E-105	1	1	92	162	102	175	-A
barcode10_consensus_vsearch	2185	A	A	258	1	0.38%	2	1	93	93	0.4999999999999138	1	1	91	167	1	0	+G
barcode10_consensus_vsearch	2186	A	A	536	1	0.19%	2	1	93	93	0.4999999999999138	1	1	194	342	0	1	G
barcode10_consensus_vsearch	2187	A	A	527	4	0.74%	2	1	93	93	0.06214672672359405	1	1	193	334	0	4	-T
barcode10_consensus_vsearch	2188	T	*/-C	516	10	1.87%	2	2	93	93	9.353050183123106E-4	1	1	183	333	7	3	-C
barcode10_consensus_vsearch	2189	C	C	523	0	0%	2	0	93	0	1.0	1	0	184	339	0	0	
barcode10_consensus_vsearch	2190	C	C	532	1	0.19%	2	1	93	93	0.4999999999999138	1	1	190	342	0	1	+T
barcode10_consensus_vsearch	2191	C	*/-G	505	18	3.33%	2	2	93	93	3.2873896799401502E-6	1	1	192	313	2	16	-G
barcode10_consensus_vsearch	2192	G	G	514	4	0.77%	2	2	93	93	0.06213785653164459	1	1	190	324	2	2	A
barcode10_consensus_vsearch	2193	G	G	530	3	0.56%	2	2	93	93	0.12464788732389653	1	1	189	341	2	1	A
barcode10_consensus_vsearch	2194	C	C	530	5	0.93%	2	2	93	93	0.030958081679908694	1	1	189	341	4	1	A
barcode10_consensus_vsearch	2195	C	Y	525	8	1.48%	2	2	93	93	0.003804273700811284	1	1	189	336	6	2	T
barcode10_consensus_vsearch	2196	A	A	529	3	0.56%	2	1	93	93	0.12464722483554738	1	1	194	335	0	3	+T
barcode10_consensus_vsearch	2197	C	*/+T	523	9	1.67%	2	1	93	93	0.0018876321934375318	1	1	196	327	0	9	+T
barcode10_consensus_vsearch	2198	C	*/+T	100	355	65.74%	2	2	93	93	9.364803361595945E-161	1	1	24	76	168	187	+T
barcode10_consensus_vsearch	2199	T	T	493	1	0.2%	2	1	93	93	0.4999999999990043	1	1	194	299	1	0	C
barcode10_consensus_vsearch	2200	T	T	530	2	0.37%	2	2	93	93	0.24976481655673516	1	1	192	338	1	1	+A
barcode10_consensus_vsearch	2201	T	T	525	6	1.11%	2	2	93	93	0.015404725487673122	1	1	190	335	4	2	C
barcode10_consensus_vsearch	2202	A	A	519	5	0.93%	2	2	93	93	0.030951956604203933	1	1	188	331	3	2	G
barcode10_consensus_vsearch	2203	C	Y	519	10	1.87%	2	1	93	93	9.355360884142277E-4	1	1	193	326	0	10	T
barcode10_consensus_vsearch	2204	A	A	524	4	0.74%	2	2	93	93	0.06214471854291143	1	1	191	333	3	1	G
barcode10_consensus_vsearch	2205	G	G	531	1	0.19%	2	1	93	93	0.4999999999999138	1	1	194	337	1	0	+T
barcode10_consensus_vsearch	2206	T	T	534	3	0.56%	2	1	93	93	0.1246505125815118	1	1	197	337	0	3	C
barcode10_consensus_vsearch	2207	G	G	531	4	0.74%	2	2	93	93	0.062149369248170376	1	1	195	336	2	2	A
barcode10_consensus_vsearch	2208	T	T	530	3	0.56%	2	1	93	93	0.12464788732389653	1	1	196	334	0	3	+C
barcode10_consensus_vsearch	2209	C	C	537	1	0.19%	2	1	93	93	0.4999999999999138	1	1	196	341	0	1	+GT
barcode10_consensus_vsearch	2210	C	C	537	1	0.18%	2	1	93	93	0.4999999999999138	1	1	196	341	0	1	+T
barcode10_consensus_vsearch	2211	T	Y	528	7	1.3%	2	1	93	93	0.007659745632203721	1	1	195	333	0	7	C
barcode10_consensus_vsearch	2212	C	C	522	4	0.74%	2	2	93	93	0.06214336702335401	1	1	188	334	1	3	-G
barcode10_consensus_vsearch	2213	G	R	265	262	49.34%	2	2	93	93	1.0902992095050634E-98	1	1	97	168	93	169	A
barcode10_consensus_vsearch	2214	G	G	527	5	0.93%	2	1	93	93	0.030956436312490055	1	1	190	337	0	5	A
barcode10_consensus_vsearch	2215	C	C	516	6	1.12%	2	2	93	93	0.015400935010162124	1	1	180	336	5	1	-G
barcode10_consensus_vsearch	2216	G	G	527	2	0.38%	2	1	93	93	0.24976348155137792	1	1	186	341	2	0	-A
barcode10_consensus_vsearch	2217	A	A	533	2	0.37%	2	2	93	93	0.2497661365761488	1	1	192	341	1	1	-G
barcode10_consensus_vsearch	2218	G	G	531	4	0.74%	2	1	93	93	0.062149369248170376	1	1	194	337	0	4	-T
barcode10_consensus_vsearch	2219	T	T	530	2	0.37%	2	2	93	93	0.24976481655673516	1	1	194	336	1	1	-GAT
barcode10_consensus_vsearch	2220	G	G	533	1	0.19%	2	1	93	93	0.4999999999990043	1	1	194	339	0	1	+C
barcode10_consensus_vsearch	2221	A	A	537	1	0.19%	2	1	93	93	0.4999999999999138	1	1	195	342	0	1	G
barcode10_consensus_vsearch	2222	T	T	536	2	0.37%	2	1	93	93	0.2497674418606225	1	1	196	340	0	2	C
barcode10_consensus_vsearch	2223	A	A	532	2	0.37%	2	2	93	93	0.2497656982194512	1	1	192	340	1	1	-C
barcode10_consensus_vsearch	2224	C	*/-T	511	12	2.24%	2	1	93	93	2.2905087899256904E-4	1	1	194	317	0	12	-T
barcode10_consensus_vsearch	2225	T	T	517	4	0.76%	2	2	93	93	0.06213994280694564	1	1	192	325	1	3	C
barcode10_consensus_vsearch	2226	T	Y	527	7	1.3%	2	1	93	93	0.007659460657798071	1	1	196	331	0	7	C
barcode10_consensus_vsearch	2227	A	A	533	2	0.37%	2	1	93	93	0.2497661365761488	1	1	194	339	0	2	-T
barcode10_consensus_vsearch	2228	T	T	529	5	0.93%	2	2	93	93	0.030957535277242203	1	1	193	336	2	3	-C
barcode10_consensus_vsearch	2229	C	*/-AC	522	10	1.87%	2	1	93	93	9.357645849939003E-4	1	1	183	339	10	0	-AC
barcode10_consensus_vsearch	2230	A	A	526	3	0.57%	2	1	93	93	0.12464522232734096	1	1	183	343	3	0	G
barcode10_consensus_vsearch	2231	C	C	524	3	0.56%	2	2	93	93	0.12464387464392387	1	1	184	340	2	1	-GC
barcode10_consensus_vsearch	2232	G	G	534	1	0.19%	2	1	93	93	0.5000000000008233	1	1	192	342	1	0	+C
barcode10_consensus_vsearch	2233	C	C	534	1	0.19%	2	1	93	93	0.5000000000008233	1	1	194	340	0	1	+T
barcode10_consensus_vsearch	2234	C	*/+G	524	7	1.3%	2	2	93	93	0.007658599319160323	1	1	190	334	3	4	+G
barcode10_consensus_vsearch	2235	G	G	526	6	1.12%	2	2	93	93	0.015405138750400803	1	1	185	341	5	1	+A
barcode10_consensus_vsearch	2236	A	A	538	1	0.18%	2	1	93	93	0.5000000000008233	1	1	196	342	1	0	+G
barcode10_consensus_vsearch	2237	G	G	530	5	0.93%	2	1	93	93	0.030958081679908694	1	1	195	335	0	5	-T
barcode10_consensus_vsearch	2238	T	T	527	3	0.56%	2	2	93	93	0.12464589235128659	1	1	196	331	1	2	C
barcode10_consensus_vsearch	2239	G	G	535	1	0.19%	2	1	93	93	0.4999999999999138	1	1	197	338	0	1	+CA
barcode10_consensus_vsearch	2240	G	*/+A	514	24	4.44%	2	1	93	93	4.5854759566321446E-8	1	1	197	317	0	24	+A
barcode10_consensus_vsearch	2241	A	A	536	2	0.37%	2	2	93	93	0.2497674418606225	1	1	195	341	1	1	G
barcode10_consensus_vsearch	2242	A	*/-C	526	7	1.3%	2	1	93	93	0.007659174618154892	1	1	187	339	7	0	-C
barcode10_consensus_vsearch	2243	C	C	525	5	0.94%	2	2	93	93	0.03095532905764353	1	1	188	337	1	4	+T
barcode10_consensus_vsearch	2244	C	*/+G	450	27	4.99%	2	2	93	93	5.102874088510441E-9	1	1	156	294	1	26	+G
barcode10_consensus_vsearch	2245	G	R	483	14	2.72%	2	2	93	93	5.5625255559202845E-5	1	1	141	342	13	1	A
barcode10_consensus_vsearch	2246	A	A	528	3	0.56%	2	2	93	93	0.12464655984919866	1	1	187	341	1	2	G
barcode10_consensus_vsearch	2247	G	R	505	16	2.96%	2	1	93	93	1.3575261976417484E-5	1	1	177	328	16	0	A
barcode10_consensus_vsearch	2248	C	C	534	1	0.19%	2	1	93	93	0.5000000000008233	1	1	196	338	1	0	+TT
barcode10_consensus_vsearch	2249	T	T	527	6	1.11%	2	1	93	93	0.015405550465377539	1	1	194	333	0	6	-C
barcode10_consensus_vsearch	2250	C	C	530	2	0.37%	2	1	93	93	0.24976481655673516	1	1	197	333	0	2	-A
barcode10_consensus_vsearch	2251	A	A	533	3	0.56%	2	1	93	93	0.12464985994384618	1	1	196	337	0	3	+C
barcode10_consensus_vsearch	2252	T	*/-C	526	7	1.3%	2	2	93	93	0.007659174618154892	1	1	192	334	1	6	-C
barcode10_consensus_vsearch	2253	C	*/+G	521	9	1.69%	2	1	93	93	0.001887387288255386	1	1	192	329	0	9	+G
barcode10_consensus_vsearch	2254	G	G	536	2	0.37%	2	1	93	93	0.2497674418606225	1	1	194	342	0	2	+TGG
barcode10_consensus_vsearch	2255	A	A	536	1	0.19%	2	1	93	93	0.4999999999999138	1	1	194	342	1	0	+G
barcode10_consensus_vsearch	2256	G	G	539	1	0.19%	2	1	93	93	0.4999999999999138	1	1	196	343	1	0	-A
barcode10_consensus_vsearch	2257	A	A	536	1	0.19%	2	1	93	93	0.4999999999999138	1	1	196	340	0	1	+T
barcode10_consensus_vsearch	2258	T	*/-C	521	17	3.14%	2	1	93	93	6.710281467422736E-6	1	1	178	343	17	0	-C
barcode10_consensus_vsearch	2259	C	C	519	4	0.76%	2	2	93	93	0.062141320354043746	1	1	179	340	1	3	T
barcode10_consensus_vsearch	2260	C	C	538	2	0.37%	2	1	93	93	0.24976830398477892	1	1	197	341	0	2	-A
barcode10_consensus_vsearch	2261	A	A	526	4	0.74%	2	2	93	93	0.06214605985717208	1	1	190	336	2	2	G
barcode10_consensus_vsearch	2262	G	G	534	2	0.37%	2	1	93	93	0.24976657329578222	1	1	192	342	2	0	A
barcode10_consensus_vsearch	2263	C	C	532	5	0.93%	2	2	93	93	0.030959168383112096	1	1	193	339	1	4	T
barcode10_consensus_vsearch	2264	T	T	532	4	0.74%	2	2	93	93	0.06215002371389885	1	1	193	339	2	2	-A
barcode10_consensus_vsearch	2265	A	A	533	1	0.19%	2	1	93	93	0.4999999999990043	1	1	193	340	0	1	C
barcode10_consensus_vsearch	2266	A	A	533	5	0.92%	2	2	93	93	0.03095970870624187	1	1	193	340	3	2	G
barcode10_consensus_vsearch	2267	T	*/-G	522	10	1.85%	2	2	93	93	9.357645849939003E-4	1	1	193	329	2	8	-G
barcode10_consensus_vsearch	2268	G	R	278	249	46.98%	2	2	93	93	1.3235197894959466E-92	1	1	101	177	94	155	A
barcode10_consensus_vsearch	2269	A	A	534	2	0.37%	2	1	93	93	0.24976657329578222	1	1	194	340	2	0	+G
barcode10_consensus_vsearch	2270	A	A	535	2	0.37%	2	1	93	93	0.24976700838742935	1	1	197	338	0	2	G
barcode10_consensus_vsearch	2271	T	T	533	4	0.74%	2	1	93	93	0.06215067574099081	1	1	196	337	0	4	C
barcode10_consensus_vsearch	2272	T	T	538	3	0.55%	2	2	93	93	0.1246530989824234	1	1	196	342	1	2	+C
barcode10_consensus_vsearch	2273	T	*/-A	515	14	2.59%	2	2	93	93	5.594251257023409E-5	1	1	177	338	12	2	-A
barcode10_consensus_vsearch	2274	A	A	527	0	0%	2	0	93	0	1.0	1	0	185	342	0	0	
barcode10_consensus_vsearch	2275	A	A	539	1	0.18%	2	1	93	93	0.4999999999999138	1	1	196	343	1	0	-G
barcode10_consensus_vsearch	2276	G	G	536	2	0.37%	2	1	93	93	0.2497674418606225	1	1	194	342	2	0	-AG
barcode10_consensus_vsearch	2277	A	*/-G	518	10	1.86%	2	2	93	93	9.354593531308458E-4	1	1	192	326	1	9	-G
barcode10_consensus_vsearch	2278	G	G	523	1	0.19%	2	1	93	93	0.4999999999990043	1	1	192	331	1	0	+A
barcode10_consensus_vsearch	2279	G	G	536	1	0.19%	2	1	93	93	0.4999999999999138	1	1	196	340	0	1	+AA
barcode10_consensus_vsearch	2280	A	A	536	1	0.19%	2	1	93	93	0.4999999999999138	1	1	196	340	1	0	+C
barcode10_consensus_vsearch	2281	G	G	536	2	0.37%	2	2	93	93	0.2497674418606225	1	1	195	341	1	1	-C
barcode10_consensus_vsearch	2282	C	C	533	2	0.37%	2	2	93	93	0.2497661365761488	1	1	193	340	1	1	A
barcode10_consensus_vsearch	2283	A	A	536	2	0.37%	2	1	93	93	0.2497674418606225	1	1	194	342	0	2	T
barcode10_consensus_vsearch	2284	G	G	538	1	0.19%	2	1	93	93	0.5000000000008233	1	1	196	342	0	1	+C
barcode10_consensus_vsearch	2285	A	A	535	2	0.37%	2	1	93	93	0.24976700838742935	1	1	195	340	2	0	G
barcode10_consensus_vsearch	2286	C	C	537	2	0.37%	2	1	93	93	0.2497678737226224	1	1	197	340	0	2	T
barcode10_consensus_vsearch	2287	G	*/-TG	506	30	5.57%	2	2	93	93	6.135635957364626E-10	1	1	195	311	1	29	-TG
barcode10_consensus_vsearch	2288	T	T	501	3	0.59%	2	1	93	93	0.12462760675288043	1	1	196	305	0	3	+G
barcode10_consensus_vsearch	2289	G	G	505	1	0.2%	2	1	93	93	0.4999999999999138	1	1	193	312	1	0	+A
barcode10_consensus_vsearch	2290	A	R	529	8	1.49%	2	2	93	93	0.003805028656772291	1	1	192	337	3	5	G
barcode10_consensus_vsearch	2291	A	A	533	3	0.55%	2	1	93	93	0.12464985994384618	1	1	195	338	0	3	-T
barcode10_consensus_vsearch	2292	T	T	529	6	1.12%	2	1	93	93	0.015406369286722026	1	1	196	333	0	6	-C
barcode10_consensus_vsearch	2293	C	C	530	1	0.19%	2	1	93	93	0.4999999999990043	1	1	195	335	1	0	+A
barcode10_consensus_vsearch	2294	T	Y	515	8	1.49%	2	1	93	93	0.0038023361077742447	1	1	190	325	0	8	C
barcode10_consensus_vsearch	2295	G	G	519	5	0.93%	2	1	93	93	0.030951956604203933	1	1	187	332	0	5	-CA
barcode10_consensus_vsearch	2296	C	Y	511	8	1.5%	2	1	93	93	0.003801540297337987	1	1	190	321	0	8	T
barcode10_consensus_vsearch	2297	A	*/-G	257	274	51.31%	2	2	93	93	3.0445375161083593E-104	1	1	90	167	104	170	-G
barcode10_consensus_vsearch	2298	G	A	10	240	90.91%	2	2	93	93	2.796635138436811E-132	1	1	4	6	88	152	A
barcode10_consensus_vsearch	2299	G	G	530	4	0.74%	2	2	93	93	0.06214871233009074	1	1	193	337	3	1	A
barcode10_consensus_vsearch	2300	A	*/-C	482	33	6.12%	2	1	93	93	6.856260805938028E-11	1	1	191	291	0	33	-C
barcode10_consensus_vsearch	2301	C	*/+T	489	12	2.36%	2	1	93	93	2.284026089264806E-4	1	1	197	292	0	12	+T
barcode10_consensus_vsearch	2302	C	*/-T	471	50	9.24%	2	2	93	93	2.583728997842779E-16	1	1	174	297	21	29	-T
barcode10_consensus_vsearch	2303	T	Y	267	202	41.22%	2	2	93	93	1.1667717064786827E-73	1	1	86	181	84	118	C
barcode10_consensus_vsearch	2304	C	Y	501	12	2.3%	2	1	93	93	2.287629554014032E-4	1	1	191	310	0	12	T
barcode10_consensus_vsearch	2305	C	C	519	4	0.74%	2	1	93	93	0.062141320354043746	1	1	194	325	0	4	+TT
barcode10_consensus_vsearch	2306	A	A	531	3	0.56%	2	2	93	93	0.12464854732871722	1	1	194	337	1	2	G
barcode10_consensus_vsearch	2307	A	A	530	3	0.56%	2	1	93	93	0.12464788732389653	1	1	195	335	0	3	-G
barcode10_consensus_vsearch	2308	G	G	534	2	0.37%	2	1	93	93	0.24976657329578222	1	1	195	339	2	0	A
barcode10_consensus_vsearch	2309	T	*/-C	490	43	7.96%	2	2	93	93	4.7036666110525896E-14	1	1	157	333	40	3	-C
barcode10_consensus_vsearch	2310	C	Y	491	7	1.41%	2	2	93	93	0.007648442473937147	1	1	154	337	3	4	T
barcode10_consensus_vsearch	2311	C	*/-A	479	27	4.99%	2	2	93	93	5.217846407280146E-9	1	1	164	315	23	4	-A
barcode10_consensus_vsearch	2312	A	A	512	2	0.39%	2	1	93	93	0.24975657254109768	1	1	174	338	0	2	G
barcode10_consensus_vsearch	2313	A	A	539	1	0.18%	2	1	93	93	0.4999999999999138	1	1	197	342	0	1	G
barcode10_consensus_vsearch	2314	A	A	541	0	0%	2	0	93	0	1.0	1	0	197	344	0	0	
barcode10_consensus_vsearch	2315	A	A	538	2	0.37%	2	2	93	93	0.24976830398477892	1	1	195	343	1	1	G
barcode10_consensus_vsearch	2316	T	*/+A	493	25	4.63%	2	2	93	93	2.2152894748715013E-8	1	1	189	304	2	23	+A
barcode10_consensus_vsearch	2317	A	A	519	1	0.19%	2	1	93	93	0.5000000000008233	1	1	189	330	1	0	+CG
barcode10_consensus_vsearch	2318	A	A	536	2	0.37%	2	2	93	93	0.2497674418606225	1	1	194	342	1	1	G
barcode10_consensus_vsearch	2319	A	A	535	3	0.56%	2	2	93	93	0.1246511627905904	1	1	194	341	1	2	G
barcode10_consensus_vsearch	2320	A	A	536	3	0.56%	2	2	93	93	0.12465181058487508	1	1	194	342	2	1	G
barcode10_consensus_vsearch	2321	T	T	533	4	0.74%	2	2	93	93	0.06215067574099081	1	1	194	339	1	3	C
barcode10_consensus_vsearch	2322	C	C	533	3	0.56%	2	1	93	93	0.12464985994384618	1	1	194	339	0	3	+A
barcode10_consensus_vsearch	2323	A	A	538	1	0.19%	2	1	93	93	0.5000000000008233	1	1	195	343	1	0	G
barcode10_consensus_vsearch	2324	A	A	534	2	0.37%	2	1	93	93	0.24976657329578222	1	1	195	339	0	2	+T
barcode10_consensus_vsearch	2325	T	T	535	2	0.37%	2	2	93	93	0.24976700838742935	1	1	193	342	1	1	-C
barcode10_consensus_vsearch	2326	C	*/+A	522	9	1.67%	2	1	93	93	0.0018875099693472243	1	1	185	337	9	0	+A
barcode10_consensus_vsearch	2327	G	*/-A	532	7	1.29%	2	1	93	93	0.007660874995560234	1	1	189	343	7	0	-A
barcode10_consensus_vsearch	2328	A	A	530	2	0.37%	2	1	93	93	0.24976481655673516	1	1	188	342	2	0	+T
barcode10_consensus_vsearch	2329	A	A	532	3	0.55%	2	1	93	93	0.12464920486402759	1	1	190	342	3	0	+C
barcode10_consensus_vsearch	2330	T	Y	278	253	47.03%	2	2	93	93	2.8069852119175453E-94	1	1	102	176	87	166	C
barcode10_consensus_vsearch	2331	G	*/-A	531	7	1.3%	2	1	93	93	0.007660594223165221	1	1	188	343	7	0	-A
barcode10_consensus_vsearch	2332	A	A	530	1	0.19%	2	1	93	93	0.4999999999990043	1	1	187	343	1	0	+C
barcode10_consensus_vsearch	2333	A	A	532	3	0.56%	2	1	93	93	0.12464920486402759	1	1	189	343	3	0	G
barcode10_consensus_vsearch	2334	C	*/-A	494	29	5.37%	2	2	93	93	1.2497309935078662E-9	1	1	165	329	20	9	-A
barcode10_consensus_vsearch	2335	A	A	507	2	0.39%	2	1	93	93	0.2497541789581378	1	1	172	335	2	0	T
barcode10_consensus_vsearch	2336	A	A	534	3	0.56%	2	2	93	93	0.1246505125815118	1	1	192	342	1	2	G
barcode10_consensus_vsearch	2337	A	A	538	3	0.55%	2	2	93	93	0.1246530989824234	1	1	196	342	1	2	G
barcode10_consensus_vsearch	2338	A	A	537	1	0.18%	2	1	93	93	0.4999999999999138	1	1	194	343	0	1	+G
barcode10_consensus_vsearch	2339	G	G	536	1	0.19%	2	1	93	93	0.4999999999999138	1	1	193	343	1	0	+A
barcode10_consensus_vsearch	2340	A	A	531	5	0.93%	2	1	93	93	0.030958626044663474	1	1	195	336	0	5	-T
barcode10_consensus_vsearch	2341	T	T	531	3	0.56%	2	2	93	93	0.12464854732871722	1	1	195	336	1	2	C
barcode10_consensus_vsearch	2342	T	T	540	0	0%	2	0	93	0	1.0	1	0	197	343	0	0	
barcode10_consensus_vsearch	2343	T	T	536	2	0.37%	2	1	93	93	0.2497674418606225	1	1	197	339	0	2	G
barcode10_consensus_vsearch	2344	A	*/-T	505	22	4.07%	2	2	93	93	1.9062019511489535E-7	1	1	183	322	8	14	-T
barcode10_consensus_vsearch	2345	T	T	510	4	0.78%	2	1	93	93	0.062135036929658584	1	1	187	323	0	4	C
barcode10_consensus_vsearch	2346	T	T	533	2	0.37%	2	1	93	93	0.2497661365761488	1	1	196	337	0	2	C
barcode10_consensus_vsearch	2347	T	T	535	2	0.37%	2	1	93	93	0.24976700838742935	1	1	196	339	0	2	C
barcode10_consensus_vsearch	2348	T	T	527	6	1.11%	2	1	93	93	0.015405550465377539	1	1	194	333	0	6	+G
barcode10_consensus_vsearch	2349	G	G	535	2	0.37%	2	1	93	93	0.24976700838742935	1	1	193	342	2	0	+A
barcode10_consensus_vsearch	2350	A	*/-G	520	7	1.3%	2	2	93	93	0.0076574356719944486	1	1	190	330	1	6	-G
barcode10_consensus_vsearch	2351	G	G	522	3	0.56%	2	1	93	93	0.12464251668251476	1	1	188	334	3	0	A
barcode10_consensus_vsearch	2352	G	G	531	5	0.93%	2	1	93	93	0.030958626044663474	1	1	187	344	5	0	-A
barcode10_consensus_vsearch	2353	A	A	525	3	0.56%	2	1	93	93	0.12464454976311873	1	1	186	339	0	3	-T
barcode10_consensus_vsearch	2354	T	T	532	4	0.74%	2	2	93	93	0.06215002371389885	1	1	195	337	1	3	C
barcode10_consensus_vsearch	2355	T	T	532	6	1.11%	2	1	93	93	0.015407586125499683	1	1	197	335	0	6	C
barcode10_consensus_vsearch	2356	T	T	527	5	0.92%	2	1	93	93	0.030956436312490055	1	1	194	333	0	5	-C
barcode10_consensus_vsearch	2357	C	C	522	5	0.93%	2	1	93	93	0.03095365242531379	1	1	197	325	0	5	+A
barcode10_consensus_vsearch	2358	A	A	517	6	1.11%	2	1	93	93	0.015401362604060042	1	1	189	328	0	6	G
barcode10_consensus_vsearch	2359	T	T	518	5	0.93%	2	1	93	93	0.030951387009327987	1	1	192	326	0	5	C
barcode10_consensus_vsearch	2360	G	G	531	2	0.37%	2	1	93	93	0.249765258215703	1	1	193	338	0	2	A
barcode10_consensus_vsearch	2361	A	A	534	2	0.37%	2	2	93	93	0.24976657329578222	1	1	194	340	1	1	G
barcode10_consensus_vsearch	2362	T	T	535	3	0.56%	2	1	93	93	0.1246511627905904	1	1	196	339	0	3	C
barcode10_consensus_vsearch	2363	A	A	518	6	1.11%	2	2	93	93	0.015401788569090757	1	1	190	328	3	3	G
barcode10_consensus_vsearch	2364	C	*/-T	515	11	2.05%	2	1	93	93	4.6316448123740747E-4	1	1	195	320	0	11	-T
barcode10_consensus_vsearch	2365	T	*/-C	512	13	2.45%	2	1	93	93	1.1322926863571583E-4	1	1	197	315	0	13	-C
barcode10_consensus_vsearch	2366	C	*/+A	494	15	2.84%	2	1	93	93	2.7485688658761396E-5	1	1	196	298	0	15	+A
barcode10_consensus_vsearch	2367	A	A	534	1	0.19%	2	1	93	93	0.5000000000008233	1	1	196	338	0	1	T
barcode10_consensus_vsearch	2368	A	A	540	1	0.18%	2	1	93	93	0.5000000000008233	1	1	197	343	0	1	G
barcode10_consensus_vsearch	2369	A	A	539	2	0.37%	2	1	93	93	0.2497687326552616	1	1	195	344	2	0	G
barcode10_consensus_vsearch	2370	C	C	539	2	0.37%	2	1	93	93	0.2497687326552616	1	1	195	344	2	0	+G
barcode10_consensus_vsearch	2371	A	A	527	6	1.11%	2	2	93	93	0.015405550465377539	1	1	189	338	3	3	-G
barcode10_consensus_vsearch	2372	G	G	532	1	0.19%	2	1	93	93	0.4999999999999138	1	1	192	340	1	0	+A
barcode10_consensus_vsearch	2373	G	G	538	1	0.19%	2	1	93	93	0.5000000000008233	1	1	194	344	1	0	+C
barcode10_consensus_vsearch	2374	C	C	533	4	0.74%	2	1	93	93	0.06215067574099081	1	1	194	339	0	4	T
barcode10_consensus_vsearch	2375	A	A	536	1	0.19%	2	1	93	93	0.4999999999999138	1	1	193	343	0	1	+T
barcode10_consensus_vsearch	2376	T	T	536	2	0.37%	2	1	93	93	0.2497674418606225	1	1	194	342	0	2	C
barcode10_consensus_vsearch	2377	G	G	530	4	0.74%	2	1	93	93	0.06214871233009074	1	1	193	337	0	4	+C
barcode10_consensus_vsearch	2378	C	*/-T	518	18	3.35%	2	1	93	93	3.299471236598389E-6	1	1	195	323	0	18	-T
barcode10_consensus_vsearch	2379	T	*/-C	479	38	7.27%	2	2	93	93	1.7964144713398162E-12	1	1	159	320	33	5	-C
barcode10_consensus_vsearch	2380	C	C	503	0	0%	2	0	93	0	1.0	1	0	164	339	0	0	
barcode10_consensus_vsearch	2381	C	C	526	5	0.92%	2	1	93	93	0.030955883727255742	1	1	196	330	0	5	T
barcode10_consensus_vsearch	2382	G	G	532	2	0.37%	2	2	93	93	0.2497656982194512	1	1	192	340	1	1	-A
barcode10_consensus_vsearch	2383	A	*/-G	523	8	1.49%	2	2	93	93	0.003803891984112379	1	1	187	336	5	3	-G
barcode10_consensus_vsearch	2384	G	*/+T	518	7	1.32%	2	1	93	93	0.007656847224773479	1	1	188	330	0	7	+T
barcode10_consensus_vsearch	2385	G	G	533	5	0.92%	2	2	93	93	0.03095970870624187	1	1	193	340	4	1	-A
barcode10_consensus_vsearch	2386	A	A	532	2	0.37%	2	2	93	93	0.2497656982194512	1	1	191	341	1	1	G
barcode10_consensus_vsearch	2387	A	A	533	3	0.56%	2	1	93	93	0.12464985994384618	1	1	191	342	3	0	G
barcode10_consensus_vsearch	2388	T	T	533	3	0.56%	2	1	93	93	0.12464985994384618	1	1	191	342	3	0	C
barcode10_consensus_vsearch	2389	A	A	526	6	1.12%	2	2	93	93	0.015405138750400803	1	1	189	337	3	3	G
barcode10_consensus_vsearch	2390	C	C	523	4	0.75%	2	1	93	93	0.062144044065959504	1	1	193	330	0	4	+T
barcode10_consensus_vsearch	2391	C	C	524	5	0.92%	2	2	93	93	0.030954772292166692	1	1	189	335	3	2	-A
barcode10_consensus_vsearch	2392	A	A	530	3	0.56%	2	1	93	93	0.12464788732389653	1	1	190	340	3	0	+G
barcode10_consensus_vsearch	2393	A	*/+G	519	8	1.48%	2	2	93	93	0.003803119913505049	1	1	194	325	1	7	+G
barcode10_consensus_vsearch	2394	G	G	525	2	0.38%	2	1	93	93	0.24976258309635352	1	1	193	332	2	0	+A
barcode10_consensus_vsearch	2395	G	*/-A	524	10	1.85%	2	1	93	93	9.35915507459734E-4	1	1	184	340	10	0	-A
barcode10_consensus_vsearch	2396	A	A	513	6	1.14%	2	1	93	93	0.015399642361250847	1	1	172	341	6	0	G
barcode10_consensus_vsearch	2397	G	G	536	1	0.19%	2	1	93	93	0.4999999999999138	1	1	195	341	0	1	+C
barcode10_consensus_vsearch	2398	C	C	527	3	0.56%	2	2	93	93	0.12464589235128659	1	1	191	336	1	2	T
barcode10_consensus_vsearch	2399	G	G	533	2	0.37%	2	2	93	93	0.2497661365761488	1	1	194	339	1	1	A
barcode10_consensus_vsearch	2400	C	*/-A	510	14	2.6%	2	2	93	93	5.5895415073951277E-5	1	1	176	334	11	3	-A
barcode10_consensus_vsearch	2401	A	A	525	1	0.19%	2	1	93	93	0.4999999999999138	1	1	185	340	0	1	+T
barcode10_consensus_vsearch	2402	A	A	529	5	0.92%	2	2	93	93	0.030957535277242203	1	1	194	335	1	4	G
barcode10_consensus_vsearch	2403	G	G	536	2	0.37%	2	1	93	93	0.2497674418606225	1	1	196	340	0	2	+C
barcode10_consensus_vsearch	2404	G	G	536	1	0.19%	2	1	93	93	0.4999999999999138	1	1	196	340	1	0	+C
barcode10_consensus_vsearch	2405	T	T	528	5	0.93%	2	2	93	93	0.03095698682522861	1	1	191	337	1	4	C
barcode10_consensus_vsearch	2406	G	G	523	5	0.93%	2	1	93	93	0.030954213418664108	1	1	188	335	0	5	-CG
barcode10_consensus_vsearch	2407	C	C	520	5	0.94%	2	1	93	93	0.030952524030155748	1	1	185	335	5	0	+A
barcode10_consensus_vsearch	2408	G	*/+A	511	8	1.5%	2	1	93	93	0.003801540297337987	1	1	177	334	8	0	+A
barcode10_consensus_vsearch	2409	T	T	529	4	0.74%	2	1	93	93	0.06214805294605921	1	1	195	334	0	4	+C
barcode10_consensus_vsearch	2410	T	T	532	6	1.11%	2	2	93	93	0.015407586125499683	1	1	195	337	2	4	-C
barcode10_consensus_vsearch	2411	C	*/-A	511	17	3.18%	2	2	93	93	6.6937275308251885E-6	1	1	173	338	16	1	-A
barcode10_consensus_vsearch	2412	A	A	521	2	0.38%	2	1	93	93	0.24976076555023663	1	1	179	342	2	0	C
barcode10_consensus_vsearch	2413	A	A	538	3	0.55%	2	2	93	93	0.1246530989824234	1	1	196	342	1	2	G
barcode10_consensus_vsearch	2414	A	A	537	2	0.37%	2	2	93	93	0.2497678737226224	1	1	195	342	1	1	+G
barcode10_consensus_vsearch	2415	G	G	537	1	0.19%	2	1	93	93	0.4999999999999138	1	1	194	343	1	0	-A
barcode10_consensus_vsearch	2416	A	A	537	1	0.19%	2	1	93	93	0.4999999999999138	1	1	194	343	1	0	+T
barcode10_consensus_vsearch	2417	T	*/+C	524	12	2.22%	2	1	93	93	2.2940944872581814E-4	1	1	195	329	0	12	+C
barcode10_consensus_vsearch	2418	T	*/-C	529	12	2.22%	2	1	93	93	2.2954286509185883E-4	1	1	197	332	0	12	-C
barcode10_consensus_vsearch	2419	C	C	520	5	0.95%	2	1	93	93	0.030952524030155748	1	1	197	323	0	5	+G
barcode10_consensus_vsearch	2420	G	G	539	1	0.19%	2	1	93	93	0.4999999999999138	1	1	197	342	0	1	A
barcode10_consensus_vsearch	2421	A	A	540	1	0.18%	2	1	93	93	0.5000000000008233	1	1	196	344	1	0	G
barcode10_consensus_vsearch	2422	T	T	535	4	0.74%	2	1	93	93	0.06215197253344983	1	1	196	339	0	4	C
barcode10_consensus_vsearch	2423	G	G	539	1	0.19%	2	1	93	93	0.4999999999999138	1	1	196	343	0	1	A
barcode10_consensus_vsearch	2424	A	A	532	3	0.55%	2	1	93	93	0.12464920486402759	1	1	197	335	0	3	-T
barcode10_consensus_vsearch	2425	T	T	530	4	0.74%	2	2	93	93	0.06214871233009074	1	1	193	337	3	1	C
barcode10_consensus_vsearch	2426	T	T	531	6	1.11%	2	2	93	93	0.015407182020391647	1	1	196	335	1	5	C
barcode10_consensus_vsearch	2427	C	C	535	2	0.37%	2	1	93	93	0.24976700838742935	1	1	195	340	2	0	-AC
barcode10_consensus_vsearch	2428	A	A	535	2	0.37%	2	2	93	93	0.24976700838742935	1	1	193	342	1	1	-C
barcode10_consensus_vsearch	2429	C	C	530	2	0.37%	2	1	93	93	0.24976481655673516	1	1	194	336	0	2	A
barcode10_consensus_vsearch	2430	T	T	523	6	1.11%	2	1	93	93	0.015403894284021311	1	1	195	328	0	6	+G
barcode10_consensus_vsearch	2431	G	G	533	2	0.37%	2	1	93	93	0.2497661365761488	1	1	195	338	0	2	-A
barcode10_consensus_vsearch	2432	A	A	535	2	0.37%	2	1	93	93	0.24976700838742935	1	1	195	340	0	2	G
barcode10_consensus_vsearch	2433	A	A	528	6	1.11%	2	1	93	93	0.015405960641249931	1	1	193	335	0	6	+T
barcode10_consensus_vsearch	2434	T	T	532	3	0.56%	2	2	93	93	0.12464920486402759	1	1	194	338	1	2	C
barcode10_consensus_vsearch	2435	T	*/+C	514	19	3.52%	2	2	93	93	1.6200546120716254E-6	1	1	193	321	2	17	+C
barcode10_consensus_vsearch	2436	C	C	523	5	0.93%	2	1	93	93	0.030954213418664108	1	1	193	330	0	5	-T
barcode10_consensus_vsearch	2437	T	Y	510	12	2.25%	2	2	93	93	2.290225725665712E-4	1	1	186	324	3	9	C
barcode10_consensus_vsearch	2438	G	S	523	7	1.3%	2	2	93	93	0.0076583100477239955	1	1	187	336	5	2	C
barcode10_consensus_vsearch	2439	C	*/-A	487	37	6.89%	2	2	93	93	3.765966664721453E-12	1	1	192	295	1	36	-A
barcode10_consensus_vsearch	2440	A	A	496	1	0.2%	2	1	93	93	0.5000000000008233	1	1	194	302	1	0	+G
barcode10_consensus_vsearch	2441	A	*/-T	517	17	3.15%	2	1	93	93	6.7037305813230395E-6	1	1	194	323	0	17	-T
barcode10_consensus_vsearch	2442	T	Y	493	22	4.22%	2	1	93	93	1.8960776197873547E-7	1	1	196	297	0	22	C
barcode10_consensus_vsearch	2443	T	*/-C	481	34	6.31%	2	1	93	93	3.3146616935409384E-11	1	1	193	288	0	34	-C
barcode10_consensus_vsearch	2444	C	C	501	3	0.59%	2	2	93	93	0.12462760675288043	1	1	195	306	2	1	-A
barcode10_consensus_vsearch	2445	A	*/-CA	513	14	2.61%	2	2	93	93	5.592377746424904E-5	1	1	187	326	5	9	-CA
barcode10_consensus_vsearch	2446	C	C	518	4	0.76%	2	1	93	93	0.06214063290057826	1	1	188	330	4	0	-A
barcode10_consensus_vsearch	2447	A	A	517	2	0.38%	2	1	93	93	0.24975891996195723	1	1	186	331	0	2	G
barcode10_consensus_vsearch	2448	T	T	533	4	0.74%	2	1	93	93	0.06215067574099081	1	1	191	342	4	0	G
barcode10_consensus_vsearch	2449	T	T	538	1	0.19%	2	1	93	93	0.5000000000008233	1	1	195	343	0	1	-ACT
barcode10_consensus_vsearch	2450	A	A	535	3	0.56%	2	2	93	93	0.1246511627905904	1	1	194	341	2	1	G
barcode10_consensus_vsearch	2451	C	C	537	2	0.37%	2	1	93	93	0.2497678737226224	1	1	197	340	0	2	T
barcode10_consensus_vsearch	2452	T	T	537	1	0.19%	2	1	93	93	0.4999999999999138	1	1	197	340	0	1	A
barcode10_consensus_vsearch	2453	T	T	533	3	0.55%	2	1	93	93	0.12464985994384618	1	1	197	336	0	3	C
barcode10_consensus_vsearch	2454	A	A	539	1	0.18%	2	1	93	93	0.4999999999999138	1	1	196	343	0	1	-T
barcode10_consensus_vsearch	2455	T	T	535	3	0.56%	2	2	93	93	0.1246511627905904	1	1	195	340	1	2	-C
barcode10_consensus_vsearch	2456	C	C	534	2	0.37%	2	1	93	93	0.24976657329578222	1	1	193	341	2	0	-GC
barcode10_consensus_vsearch	2457	G	G	533	4	0.74%	2	2	93	93	0.06215067574099081	1	1	192	341	3	1	A
barcode10_consensus_vsearch	2458	C	C	534	3	0.56%	2	1	93	93	0.1246505125815118	1	1	194	340	0	3	T
barcode10_consensus_vsearch	2459	A	*/-T	530	7	1.3%	2	2	93	93	0.007660312408999644	1	1	192	338	3	4	-T
barcode10_consensus_vsearch	2460	T	T	532	1	0.19%	2	1	93	93	0.4999999999999138	1	1	193	339	0	1	+AC
barcode10_consensus_vsearch	2461	T	T	535	3	0.56%	2	2	93	93	0.1246511627905904	1	1	195	340	1	2	C
barcode10_consensus_vsearch	2462	T	T	531	4	0.74%	2	1	93	93	0.062149369248170376	1	1	197	334	0	4	+CC
barcode10_consensus_vsearch	2463	C	C	532	2	0.37%	2	2	93	93	0.2497656982194512	1	1	195	337	1	1	-G
barcode10_consensus_vsearch	2464	G	G	535	4	0.74%	2	2	93	93	0.06215197253344983	1	1	194	341	2	2	A
barcode10_consensus_vsearch	2465	C	C	537	2	0.37%	2	2	93	93	0.2497678737226224	1	1	195	342	1	1	+T
barcode10_consensus_vsearch	2466	T	Y	526	13	2.41%	2	2	93	93	1.1345320738221818E-4	1	1	194	332	2	11	C
barcode10_consensus_vsearch	2467	G	G	535	2	0.37%	2	2	93	93	0.24976700838742935	1	1	193	342	1	1	A
barcode10_consensus_vsearch	2468	C	C	528	4	0.74%	2	1	93	93	0.0621473910819107	1	1	194	334	0	4	-GT
barcode10_consensus_vsearch	2469	G	G	527	3	0.56%	2	2	93	93	0.12464589235128659	1	1	192	335	1	2	A
barcode10_consensus_vsearch	2470	T	T	530	4	0.75%	2	1	93	93	0.06214871233009074	1	1	196	334	0	4	+C
barcode10_consensus_vsearch	2471	T	T	531	3	0.56%	2	2	93	93	0.12464854732871722	1	1	195	336	1	2	C
barcode10_consensus_vsearch	2472	C	C	532	2	0.37%	2	1	93	93	0.2497656982194512	1	1	194	338	0	2	-T
barcode10_consensus_vsearch	2473	T	T	528	5	0.93%	2	1	93	93	0.03095698682522861	1	1	195	333	0	5	C
barcode10_consensus_vsearch	2474	T	T	537	2	0.37%	2	1	93	93	0.2497678737226224	1	1	196	341	0	2	C
barcode10_consensus_vsearch	2475	C	C	539	1	0.19%	2	1	93	93	0.4999999999999138	1	1	195	344	1	0	+TTC
barcode10_consensus_vsearch	2476	A	A	539	2	0.37%	2	2	93	93	0.2497687326552616	1	1	196	343	1	1	G
barcode10_consensus_vsearch	2477	T	T	539	2	0.37%	2	1	93	93	0.2497687326552616	1	1	197	342	0	2	C
barcode10_consensus_vsearch	2478	C	C	538	1	0.18%	2	1	93	93	0.5000000000008233	1	1	197	341	0	1	+ATC
barcode10_consensus_vsearch	2479	G	G	540	0	0%	2	0	93	0	1.0	1	0	197	343	0	0	
barcode10_consensus_vsearch	2480	A	A	536	3	0.55%	2	2	93	93	0.12465181058487508	1	1	196	340	1	2	G
barcode10_consensus_vsearch	2481	T	T	536	2	0.37%	2	2	93	93	0.2497674418606225	1	1	195	341	1	1	-G
barcode10_consensus_vsearch	2482	G	G	530	5	0.93%	2	2	93	93	0.030958081679908694	1	1	192	338	4	1	A
barcode10_consensus_vsearch	2483	C	C	526	5	0.93%	2	2	93	93	0.030955883727255742	1	1	192	334	2	3	-G
barcode10_consensus_vsearch	2484	G	G	526	3	0.56%	2	1	93	93	0.12464522232734096	1	1	190	336	3	0	+A
barcode10_consensus_vsearch	2485	A	A	533	1	0.19%	2	1	93	93	0.4999999999990043	1	1	193	340	1	0	+C
barcode10_consensus_vsearch	2486	G	*/-AG	516	17	3.16%	2	2	93	93	6.702078264062241E-6	1	1	177	339	14	3	-AG
barcode10_consensus_vsearch	2487	A	A	514	2	0.39%	2	1	93	93	0.24975751697391563	1	1	176	338	0	2	-GC
barcode10_consensus_vsearch	2488	G	G	511	4	0.77%	2	2	93	93	0.06213574593834649	1	1	178	333	2	2	-C
barcode10_consensus_vsearch	2489	C	C	528	4	0.75%	2	2	93	93	0.0621473910819107	1	1	192	336	1	3	T
barcode10_consensus_vsearch	2490	C	*/+A	510	12	2.23%	2	2	93	93	2.290225725665712E-4	1	1	175	335	11	1	+A
barcode10_consensus_vsearch	2491	A	A	530	2	0.37%	2	2	93	93	0.24976481655673516	1	1	189	341	1	1	G
barcode10_consensus_vsearch	2492	A	A	527	5	0.93%	2	2	93	93	0.030956436312490055	1	1	188	339	4	1	G
barcode10_consensus_vsearch	2493	G	G	529	6	1.12%	2	1	93	93	0.015406369286722026	1	1	186	343	6	0	+A
barcode10_consensus_vsearch	2494	A	A	531	5	0.93%	2	1	93	93	0.030958626044663474	1	1	189	342	5	0	-G
barcode10_consensus_vsearch	2495	G	G	525	6	1.13%	2	1	93	93	0.015404725487673122	1	1	182	343	6	0	-A
barcode10_consensus_vsearch	2496	A	A	525	3	0.56%	2	2	93	93	0.12464454976311873	1	1	187	338	1	2	G
barcode10_consensus_vsearch	2497	T	*/+C	519	11	2.04%	2	1	93	93	4.6335097108045754E-4	1	1	177	342	11	0	+C
barcode10_consensus_vsearch	2498	C	C	533	1	0.19%	2	1	93	93	0.4999999999990043	1	1	190	343	0	1	T
barcode10_consensus_vsearch	2499	C	C	534	3	0.56%	2	1	93	93	0.1246505125815118	1	1	195	339	0	3	+AA
barcode10_consensus_vsearch	2500	G	G	535	3	0.56%	2	1	93	93	0.1246511627905904	1	1	192	343	3	0	A
barcode10_consensus_vsearch	2501	T	T	534	3	0.56%	2	2	93	93	0.1246505125815118	1	1	194	340	1	2	C
barcode10_consensus_vsearch	2502	T	T	530	4	0.74%	2	1	93	93	0.06214871233009074	1	1	192	338	4	0	+A
barcode10_consensus_vsearch	2503	G	G	532	4	0.74%	2	1	93	93	0.06215002371389885	1	1	190	342	4	0	T
barcode10_consensus_vsearch	2504	T	T	531	6	1.12%	2	2	93	93	0.015407182020391647	1	1	193	338	2	4	C
barcode10_consensus_vsearch	2505	T	T	531	3	0.56%	2	1	93	93	0.12464854732871722	1	1	191	340	3	0	+G
barcode10_consensus_vsearch	2506	G	G	532	2	0.37%	2	1	93	93	0.2497656982194512	1	1	193	339	0	2	+A
barcode10_consensus_vsearch	2507	A	A	532	3	0.56%	2	2	93	93	0.12464920486402759	1	1	191	341	2	1	G
barcode10_consensus_vsearch	2508	A	A	537	2	0.37%	2	1	93	93	0.2497678737226224	1	1	195	342	0	2	G
barcode10_consensus_vsearch	2509	A	A	535	3	0.55%	2	1	93	93	0.1246511627905904	1	1	193	342	3	0	G
barcode10_consensus_vsearch	2510	C	*/-T	525	7	1.3%	2	2	93	93	0.007658887507292351	1	1	195	330	1	6	-T
barcode10_consensus_vsearch	2511	T	T	533	1	0.19%	2	1	93	93	0.4999999999990043	1	1	196	337	0	1	+CC
barcode10_consensus_vsearch	2512	T	T	534	2	0.37%	2	1	93	93	0.24976657329578222	1	1	196	338	0	2	C
barcode10_consensus_vsearch	2513	A	A	530	3	0.56%	2	1	93	93	0.12464788732389653	1	1	193	337	0	3	-G
barcode10_consensus_vsearch	2514	G	G	524	6	1.12%	2	2	93	93	0.015404310668549302	1	1	191	333	4	2	+T
barcode10_consensus_vsearch	2515	T	Y	527	10	1.86%	2	2	93	93	9.361398093691576E-4	1	1	195	332	1	9	C
barcode10_consensus_vsearch	2516	T	T	535	3	0.56%	2	2	93	93	0.1246511627905904	1	1	195	340	1	2	C
barcode10_consensus_vsearch	2517	T	T	537	1	0.19%	2	1	93	93	0.4999999999999138	1	1	195	342	0	1	+C
barcode10_consensus_vsearch	2518	A	A	533	3	0.56%	2	2	93	93	0.12464985994384618	1	1	192	341	2	1	-TA
barcode10_consensus_vsearch	2519	T	T	532	1	0.19%	2	1	93	93	0.4999999999999138	1	1	193	339	0	1	+A
barcode10_consensus_vsearch	2520	A	A	524	5	0.93%	2	1	93	93	0.030954772292166692	1	1	192	332	0	5	+G
barcode10_consensus_vsearch	2521	G	G	536	2	0.37%	2	1	93	93	0.2497674418606225	1	1	195	341	0	2	A
barcode10_consensus_vsearch	2522	A	A	539	1	0.19%	2	1	93	93	0.4999999999999138	1	1	196	343	0	1	-T
barcode10_consensus_vsearch	2523	T	T	535	2	0.37%	2	1	93	93	0.24976700838742935	1	1	192	343	2	0	-G
barcode10_consensus_vsearch	2524	G	G	530	5	0.93%	2	1	93	93	0.030958081679908694	1	1	193	337	0	5	-CG
barcode10_consensus_vsearch	2525	C	C	529	2	0.37%	2	1	93	93	0.24976437323210715	1	1	196	333	0	2	+AA
barcode10_consensus_vsearch	2526	G	G	529	4	0.75%	2	2	93	93	0.06214805294605921	1	1	193	336	2	2	-T
barcode10_consensus_vsearch	2527	T	T	532	4	0.74%	2	1	93	93	0.06215002371389885	1	1	194	338	0	4	C
barcode10_consensus_vsearch	2528	T	*/-A	270	262	48.43%	2	2	93	93	1.9255671876258538E-98	1	1	99	171	95	167	-A
barcode10_consensus_vsearch	2529	A	A	262	5	1.81%	2	2	93	93	0.030665352285866324	1	1	95	167	1	4	G
barcode10_consensus_vsearch	2530	A	A	529	6	1.12%	2	2	93	93	0.015406369286722026	1	1	193	336	1	5	G
barcode10_consensus_vsearch	2531	C	C	534	4	0.74%	2	2	93	93	0.06215132534293568	1	1	194	340	1	3	T
barcode10_consensus_vsearch	2532	A	A	538	2	0.37%	2	2	93	93	0.24976830398477892	1	1	195	343	1	1	G
barcode10_consensus_vsearch	2533	T	T	536	5	0.92%	2	2	93	93	0.030961317696593486	1	1	196	340	1	4	C
barcode10_consensus_vsearch	2534	C	*/+A	531	8	1.48%	2	2	93	93	0.003805401958573046	1	1	192	339	3	5	+A
barcode10_consensus_vsearch	2535	A	A	535	3	0.56%	2	2	93	93	0.1246511627905904	1	1	195	340	1	2	G
barcode10_consensus_vsearch	2536	A	A	537	3	0.55%	2	1	93	93	0.12465245597770591	1	1	197	340	0	3	G
barcode10_consensus_vsearch	2537	A	A	538	2	0.37%	2	2	93	93	0.24976830398477892	1	1	195	343	1	1	G
barcode10_consensus_vsearch	2538	T	T	534	5	0.93%	2	2	93	93	0.030960247025548112	1	1	193	341	3	2	C
barcode10_consensus_vsearch	2539	G	G	541	0	0%	2	0	93	0	1.0	1	0	197	344	0	0	
barcode10_consensus_vsearch	2540	A	R	531	7	1.29%	2	2	93	93	0.007660594223165221	1	1	192	339	3	4	G
barcode10_consensus_vsearch	2541	C	C	539	1	0.19%	2	1	93	93	0.4999999999999138	1	1	196	343	1	0	T
barcode10_consensus_vsearch	2542	A	A	528	6	1.11%	2	1	93	93	0.015405960641249931	1	1	188	340	6	0	+T
barcode10_consensus_vsearch	2543	T	T	537	3	0.55%	2	1	93	93	0.12465245597770591	1	1	197	340	0	3	+C
barcode10_consensus_vsearch	2544	T	T	533	5	0.92%	2	2	93	93	0.03095970870624187	1	1	194	339	1	4	-C
barcode10_consensus_vsearch	2545	C	*/-A	513	18	3.36%	2	1	93	93	3.294890459690035E-6	1	1	177	336	18	0	-A
barcode10_consensus_vsearch	2546	A	R	266	254	48.57%	2	2	93	93	2.9879402337704005E-95	1	1	100	166	76	178	G
barcode10_consensus_vsearch	2547	A	A	538	2	0.37%	2	1	93	93	0.24976830398477892	1	1	195	343	2	0	G
barcode10_consensus_vsearch	2548	A	A	534	3	0.55%	2	1	93	93	0.1246505125815118	1	1	195	339	0	3	-T
barcode10_consensus_vsearch	2549	T	T	537	1	0.19%	2	1	93	93	0.4999999999999138	1	1	197	340	0	1	+C
barcode10_consensus_vsearch	2550	T	T	537	3	0.55%	2	1	93	93	0.12465245597770591	1	1	197	340	0	3	+C
barcode10_consensus_vsearch	2551	T	T	541	0	0%	2	0	93	0	1.0	1	0	197	344	0	0	
barcode10_consensus_vsearch	2552	A	A	540	1	0.18%	2	1	93	93	0.5000000000008233	1	1	197	343	0	1	G
barcode10_consensus_vsearch	2553	T	T	536	2	0.37%	2	2	93	93	0.2497674418606225	1	1	196	340	1	1	C
barcode10_consensus_vsearch	2554	A	*/-T	264	262	48.7%	2	2	93	93	9.71288558518108E-99	1	1	98	166	93	169	-T
barcode10_consensus_vsearch	2555	T	T	265	0	0%	2	0	93	0	1.0	1	0	98	167	0	0	
barcode10_consensus_vsearch	2556	T	T	527	1	0.19%	2	1	93	93	0.4999999999999138	1	1	191	336	0	1	+C
barcode10_consensus_vsearch	2557	T	T	526	1	0.19%	2	1	93	93	0.4999999999999138	1	1	190	336	1	0	+A
barcode10_consensus_vsearch	2558	A	A	525	2	0.38%	2	2	93	93	0.24976258309635352	1	1	189	336	1	1	-T
barcode10_consensus_vsearch	2559	T	T	535	2	0.37%	2	1	93	93	0.24976700838742935	1	1	194	341	2	0	G
barcode10_consensus_vsearch	2560	T	T	530	4	0.74%	2	1	93	93	0.06214871233009074	1	1	191	339	4	0	+A
barcode10_consensus_vsearch	2561	A	A	530	5	0.92%	2	2	93	93	0.030958081679908694	1	1	192	338	2	3	+G
barcode10_consensus_vsearch	2562	G	G	537	1	0.19%	2	1	93	93	0.4999999999999138	1	1	193	344	1	0	-A
barcode10_consensus_vsearch	2563	A	A	533	4	0.74%	2	2	93	93	0.06215067574099081	1	1	192	341	3	1	G
barcode10_consensus_vsearch	2564	G	G	530	3	0.56%	2	2	93	93	0.12464788732389653	1	1	191	339	2	1	+T
barcode10_consensus_vsearch	2565	T	T	533	3	0.56%	2	1	93	93	0.12464985994384618	1	1	195	338	0	3	C
barcode10_consensus_vsearch	2566	T	T	535	2	0.37%	2	2	93	93	0.24976700838742935	1	1	195	340	1	1	A
barcode10_consensus_vsearch	2567	T	T	532	3	0.56%	2	2	93	93	0.12464920486402759	1	1	193	339	2	1	C
barcode10_consensus_vsearch	2568	A	A	532	5	0.93%	2	2	93	93	0.030959168383112096	1	1	195	337	1	4	G
barcode10_consensus_vsearch	2569	T	*/-GT	507	23	4.26%	2	1	93	93	9.341072899313325E-8	1	1	196	311	0	23	-GT
barcode10_consensus_vsearch	2570	G	G	509	4	0.78%	2	2	93	93	0.06213432515550886	1	1	196	313	1	3	A
barcode10_consensus_vsearch	2571	T	T	503	2	0.39%	2	2	93	93	0.2497522299306376	1	1	194	309	1	1	+GT
barcode10_consensus_vsearch	2572	A	A	529	3	0.56%	2	2	93	93	0.12464722483554738	1	1	193	336	1	2	G
barcode10_consensus_vsearch	2573	T	W	521	7	1.31%	2	1	93	93	0.0076577282303186165	1	1	192	329	0	7	A
barcode10_consensus_vsearch	2574	T	T	527	5	0.93%	2	1	93	93	0.030956436312490055	1	1	190	337	5	0	-A
barcode10_consensus_vsearch	2575	A	A	526	4	0.75%	2	1	93	93	0.06214605985717208	1	1	188	338	0	4	-G
barcode10_consensus_vsearch	2576	G	G	525	5	0.93%	2	2	93	93	0.03095532905764353	1	1	188	337	4	1	-C
barcode10_consensus_vsearch	2577	C	C	529	1	0.19%	2	1	93	93	0.4999999999999138	1	1	188	341	1	0	+A
barcode10_consensus_vsearch	2578	A	A	530	4	0.74%	2	1	93	93	0.06214871233009074	1	1	189	341	4	0	-G
barcode10_consensus_vsearch	2579	G	G	532	3	0.56%	2	1	93	93	0.12464920486402759	1	1	188	344	3	0	-A
barcode10_consensus_vsearch	2580	A	A	526	3	0.56%	2	2	93	93	0.12464522232734096	1	1	191	335	1	2	+T
barcode10_consensus_vsearch	2581	C	*/+G	517	8	1.49%	2	1	93	93	0.003802729494186316	1	1	193	324	0	8	+G
barcode10_consensus_vsearch	2582	G	G	529	6	1.12%	2	2	93	93	0.015406369286722026	1	1	195	334	1	5	T
barcode10_consensus_vsearch	2583	G	G	536	1	0.19%	2	1	93	93	0.4999999999999138	1	1	196	340	0	1	+A
barcode10_consensus_vsearch	2584	A	*/-C	497	29	5.37%	2	2	93	93	1.2526588436827019E-9	1	1	193	304	3	26	-C
barcode10_consensus_vsearch	2585	C	C	501	6	1.17%	2	1	93	93	0.015394319096794966	1	1	193	308	0	6	+T
barcode10_consensus_vsearch	2586	C	*/-T	513	19	3.52%	2	1	93	93	1.6195486972662587E-6	1	1	196	317	0	19	-T
barcode10_consensus_vsearch	2587	T	T	509	4	0.77%	2	1	93	93	0.06213432515550886	1	1	196	313	0	4	-C
barcode10_consensus_vsearch	2588	C	C	523	2	0.38%	2	1	93	93	0.24976167778805636	1	1	195	328	0	2	+A
barcode10_consensus_vsearch	2589	G	*/+C	259	110	20.45%	2	2	93	93	5.28364139151086E-38	1	1	86	173	63	47	+C
barcode10_consensus_vsearch	2590	C	C	421	5	1.17%	2	1	93	93	0.030883433748668913	1	1	161	260	0	5	+T
barcode10_consensus_vsearch	2591	C	C	530	3	0.56%	2	1	93	93	0.12464788732389653	1	1	194	336	0	3	T
barcode10_consensus_vsearch	2592	C	C	536	2	0.37%	2	1	93	93	0.2497674418606225	1	1	196	340	0	2	T
barcode10_consensus_vsearch	2593	C	Y	526	8	1.48%	2	1	93	93	0.003804463493552888	1	1	196	330	0	8	T
barcode10_consensus_vsearch	2594	C	*/+T	239	206	38.15%	2	2	93	93	2.4106295330604533E-76	1	1	83	156	84	122	+T
barcode10_consensus_vsearch	2595	A	W	275	236	45.56%	2	2	93	93	2.5549042402517757E-87	1	1	103	172	80	156	T
barcode10_consensus_vsearch	2596	A	*/-G	473	37	6.86%	2	2	93	93	3.695983706611707E-12	1	1	166	307	12	25	-G
barcode10_consensus_vsearch	2597	G	*/+A	484	8	1.61%	2	2	93	93	0.0037958323931522003	1	1	171	313	4	4	+A
barcode10_consensus_vsearch	2598	G	R	286	245	45.97%	2	2	93	93	1.3275578953596404E-90	1	1	105	181	84	161	A
barcode10_consensus_vsearch	2599	G	G	537	2	0.37%	2	2	93	93	0.2497678737226224	1	1	196	341	1	1	A
barcode10_consensus_vsearch	2600	G	G	539	1	0.18%	2	1	93	93	0.4999999999999138	1	1	196	343	1	0	-A
barcode10_consensus_vsearch	2601	A	A	535	2	0.37%	2	2	93	93	0.24976700838742935	1	1	194	341	1	1	G
barcode10_consensus_vsearch	2602	C	C	537	2	0.37%	2	2	93	93	0.2497678737226224	1	1	194	343	1	1	-T
barcode10_consensus_vsearch	2603	T	T	536	2	0.37%	2	1	93	93	0.2497674418606225	1	1	193	343	2	0	C
barcode10_consensus_vsearch	2604	A	A	528	6	1.11%	2	2	93	93	0.015405960641249931	1	1	190	338	3	3	-CTA
barcode10_consensus_vsearch	2605	C	C	530	1	0.19%	2	1	93	93	0.4999999999990043	1	1	191	339	0	1	+T
barcode10_consensus_vsearch	2606	T	T	530	4	0.75%	2	1	93	93	0.06214871233009074	1	1	194	336	0	4	C
barcode10_consensus_vsearch	2607	A	A	531	2	0.37%	2	1	93	93	0.249765258215703	1	1	194	337	0	2	-T
barcode10_consensus_vsearch	2608	T	T	532	2	0.37%	2	2	93	93	0.2497656982194512	1	1	193	339	1	1	-C
barcode10_consensus_vsearch	2609	C	C	533	3	0.56%	2	1	93	93	0.12464985994384618	1	1	191	342	3	0	+A
barcode10_consensus_vsearch	2610	C	C	527	5	0.93%	2	2	93	93	0.030956436312490055	1	1	190	337	1	4	+A
barcode10_consensus_vsearch	2611	G	R	527	8	1.48%	2	2	93	93	0.003804652581188002	1	1	191	336	5	3	A
barcode10_consensus_vsearch	2612	T	T	532	3	0.56%	2	1	93	93	0.12464920486402759	1	1	193	339	0	3	-C
barcode10_consensus_vsearch	2613	C	C	532	2	0.37%	2	1	93	93	0.2497656982194512	1	1	195	337	0	2	-T
barcode10_consensus_vsearch	2614	T	Y	527	9	1.67%	2	1	93	93	0.001888116570402175	1	1	194	333	0	9	C
barcode10_consensus_vsearch	2615	C	C	534	2	0.37%	2	1	93	93	0.24976657329578222	1	1	195	339	0	2	+A
barcode10_consensus_vsearch	2616	A	A	534	3	0.55%	2	2	93	93	0.1246505125815118	1	1	195	339	1	2	G
barcode10_consensus_vsearch	2617	C	C	525	5	0.93%	2	2	93	93	0.03095532905764353	1	1	191	334	3	2	-A
barcode10_consensus_vsearch	2618	A	A	527	4	0.75%	2	2	93	93	0.06214672672359405	1	1	189	338	2	2	G
barcode10_consensus_vsearch	2619	A	A	530	5	0.93%	2	2	93	93	0.030958081679908694	1	1	191	339	4	1	G
barcode10_consensus_vsearch	2620	G	G	537	2	0.37%	2	1	93	93	0.2497678737226224	1	1	193	344	2	0	+A
barcode10_consensus_vsearch	2621	T	T	537	1	0.18%	2	1	93	93	0.4999999999999138	1	1	197	340	0	1	+CT
barcode10_consensus_vsearch	2622	T	T	537	2	0.37%	2	2	93	93	0.2497678737226224	1	1	196	341	1	1	+C
barcode10_consensus_vsearch	2623	C	*/-A	531	7	1.29%	2	1	93	93	0.007660594223165221	1	1	190	341	7	0	-A
barcode10_consensus_vsearch	2624	A	A	519	6	1.13%	2	2	93	93	0.015402212914588027	1	1	185	334	4	2	T
barcode10_consensus_vsearch	2625	C	C	527	4	0.75%	2	1	93	93	0.06214672672359405	1	1	188	339	4	0	G
barcode10_consensus_vsearch	2626	A	A	522	5	0.93%	2	2	93	93	0.03095365242531379	1	1	188	334	3	2	-G
barcode10_consensus_vsearch	2627	G	G	528	3	0.56%	2	1	93	93	0.12464655984919866	1	1	187	341	3	0	+A
barcode10_consensus_vsearch	2628	G	G	532	3	0.56%	2	2	93	93	0.12464920486402759	1	1	194	338	1	2	-T
barcode10_consensus_vsearch	2629	T	T	531	3	0.56%	2	2	93	93	0.12464854732871722	1	1	193	338	1	2	C
barcode10_consensus_vsearch	2630	G	G	537	1	0.19%	2	1	93	93	0.4999999999999138	1	1	196	341	1	0	+T
barcode10_consensus_vsearch	2631	T	T	538	1	0.19%	2	1	93	93	0.5000000000008233	1	1	197	341	0	1	C
barcode10_consensus_vsearch	2632	G	G	536	4	0.74%	2	1	93	93	0.06215261732591134	1	1	197	339	0	4	-TGTG
barcode10_consensus_vsearch	2633	T	T	532	4	0.75%	2	1	93	93	0.06215002371389885	1	1	197	335	0	4	C
barcode10_consensus_vsearch	2634	G	*/-TG	442	94	17.54%	2	2	93	93	5.757135922096575E-31	1	1	171	271	26	68	-TG
barcode10_consensus_vsearch	2635	T	T	434	6	1.36%	2	2	93	93	0.015359273530652235	1	1	170	264	1	5	C
barcode10_consensus_vsearch	2636	G	*/+TG	432	7	1.59%	2	2	93	93	0.0076264953547406375	1	1	166	266	4	3	+TG
barcode10_consensus_vsearch	2637	G	G	539	2	0.37%	2	2	93	93	0.2497687326552616	1	1	196	343	1	1	A
barcode10_consensus_vsearch	2638	A	A	535	2	0.37%	2	1	93	93	0.24976700838742935	1	1	196	339	0	2	C
barcode10_consensus_vsearch	2639	T	T	533	5	0.93%	2	1	93	93	0.03095970870624187	1	1	197	336	0	5	C
barcode10_consensus_vsearch	2640	G	G	535	1	0.19%	2	1	93	93	0.4999999999999138	1	1	195	340	0	1	+TG
barcode10_consensus_vsearch	2641	A	A	537	3	0.56%	2	2	93	93	0.12465245597770591	1	1	195	342	1	2	G
barcode10_consensus_vsearch	2642	A	A	537	2	0.37%	2	1	93	93	0.2497678737226224	1	1	195	342	2	0	G
barcode10_consensus_vsearch	2643	T	Y	532	7	1.3%	2	2	93	93	0.007660874995560234	1	1	195	337	1	6	C
barcode10_consensus_vsearch	2644	A	*/+G	526	7	1.3%	2	1	93	93	0.007659174618154892	1	1	191	335	0	7	+G
barcode10_consensus_vsearch	2645	G	G	530	2	0.37%	2	2	93	93	0.24976481655673516	1	1	189	341	1	1	-A
barcode10_consensus_vsearch	2646	A	*/-GA	474	56	10.41%	2	2	93	93	2.9933943812486497E-18	1	1	139	335	51	5	-GA
barcode10_consensus_vsearch	2647	G	*/-A	461	11	2.29%	2	2	93	93	4.6034320023193037E-4	1	1	128	333	10	1	-A
barcode10_consensus_vsearch	2648	A	A	455	6	1.27%	2	2	93	93	0.015371351595895005	1	1	128	327	2	4	+GA
barcode10_consensus_vsearch	2649	A	*/-G	509	17	3.16%	2	2	93	93	6.69034503586422E-6	1	1	183	326	10	7	-G
barcode10_consensus_vsearch	2650	G	G	506	4	0.77%	2	1	93	93	0.062132173077254056	1	1	178	328	4	0	+A
barcode10_consensus_vsearch	2651	G	G	530	4	0.74%	2	1	93	93	0.06214871233009074	1	1	196	334	0	4	-CG
barcode10_consensus_vsearch	2652	C	Y	506	21	3.93%	2	1	93	93	3.8915150504607263E-7	1	1	195	311	0	21	T
barcode10_consensus_vsearch	2653	G	*/-TG	514	10	1.87%	2	1	93	93	9.351495202966257E-4	1	1	191	323	0	10	-TG
barcode10_consensus_vsearch	2654	T	Y	503	9	1.71%	2	1	93	93	0.0018850978568829356	1	1	192	311	0	9	C
barcode10_consensus_vsearch	2655	G	G	514	4	0.77%	2	2	93	93	0.06213785653164459	1	1	190	324	1	3	A
barcode10_consensus_vsearch	2656	C	Y	516	12	2.25%	2	2	93	93	2.2919083638349146E-4	1	1	193	323	2	10	T
barcode10_consensus_vsearch	2657	A	*/-CA	525	8	1.48%	2	2	93	93	0.003804273700811284	1	1	189	336	6	2	-CA
barcode10_consensus_vsearch	2658	C	Y	519	7	1.32%	2	2	93	93	0.0076571420055722055	1	1	187	332	3	4	T
barcode10_consensus_vsearch	2659	A	A	522	1	0.19%	2	1	93	93	0.5000000000008233	1	1	185	337	1	0	+C
barcode10_consensus_vsearch	2660	T	T	528	3	0.56%	2	1	93	93	0.12464655984919866	1	1	191	337	3	0	+A
barcode10_consensus_vsearch	2661	G	*/-C	105	248	46.18%	2	2	93	93	5.357636931930655E-106	1	1	24	81	88	160	-C
barcode10_consensus_vsearch	2662	C	C	266	2	0.74%	2	1	93	93	0.24953271028049737	1	1	98	168	0	2	+G
barcode10_consensus_vsearch	2663	C	C	515	1	0.19%	2	1	93	93	0.4999999999990043	1	1	184	331	1	0	+T
barcode10_consensus_vsearch	2664	C	C	533	4	0.74%	2	2	93	93	0.06215067574099081	1	1	193	340	1	3	T
barcode10_consensus_vsearch	2665	C	C	532	4	0.74%	2	2	93	93	0.06215002371389885	1	1	192	340	3	1	T
barcode10_consensus_vsearch	2666	C	C	523	5	0.92%	2	2	93	93	0.030954213418664108	1	1	192	331	1	4	T
barcode10_consensus_vsearch	2667	G	K	519	11	2.04%	2	1	93	93	4.6335097108045754E-4	1	1	191	328	0	11	T
barcode10_consensus_vsearch	2668	G	G	528	6	1.11%	2	1	93	93	0.015405960641249931	1	1	193	335	0	6	-T
barcode10_consensus_vsearch	2669	T	*/-A	478	23	4.32%	2	2	93	93	9.207127394570601E-8	1	1	172	306	16	7	-A
barcode10_consensus_vsearch	2670	A	A	504	6	1.17%	2	1	93	93	0.015395673350956172	1	1	179	325	0	6	C
barcode10_consensus_vsearch	2671	A	A	533	1	0.19%	2	1	93	93	0.4999999999990043	1	1	194	339	0	1	C
barcode10_consensus_vsearch	2672	A	*/-G	233	257	47.77%	2	2	93	93	2.8372148894789014E-98	1	1	87	146	94	163	-G
barcode10_consensus_vsearch	2673	G	R	240	7	2.81%	2	2	93	93	0.007483097933064014	1	1	89	151	3	4	A
barcode10_consensus_vsearch	2674	G	G	504	4	0.79%	2	1	93	93	0.06213072423036655	1	1	183	321	4	0	A
barcode10_consensus_vsearch	2675	G	G	525	2	0.38%	2	1	93	93	0.24976258309635352	1	1	195	330	2	0	A
barcode10_consensus_vsearch	2676	G	R	531	7	1.3%	2	2	93	93	0.007660594223165221	1	1	190	341	6	1	A
barcode10_consensus_vsearch	2677	G	G	533	4	0.74%	2	2	93	93	0.06215067574099081	1	1	193	340	2	2	-C
barcode10_consensus_vsearch	2678	C	C	527	4	0.75%	2	2	93	93	0.06214672672359405	1	1	189	338	2	2	T
barcode10_consensus_vsearch	2679	C	C	530	6	1.11%	2	2	93	93	0.015406776410247038	1	1	193	337	2	4	T
barcode10_consensus_vsearch	2680	A	*/-G	529	8	1.48%	2	1	93	93	0.003805028656772291	1	1	195	334	0	8	-G
barcode10_consensus_vsearch	2681	G	G	527	2	0.38%	2	1	93	93	0.24976348155137792	1	1	195	332	2	0	A
barcode10_consensus_vsearch	2682	C	Y	524	9	1.67%	2	1	93	93	0.0018877539630633598	1	1	194	330	0	9	T
barcode10_consensus_vsearch	2683	G	G	536	2	0.37%	2	2	93	93	0.2497674418606225	1	1	194	342	1	1	+CG
barcode10_consensus_vsearch	2684	A	A	530	5	0.92%	2	2	93	93	0.030958081679908694	1	1	193	337	3	2	G
barcode10_consensus_vsearch	2685	C	*/+A	525	9	1.67%	2	2	93	93	0.0018878752807627672	1	1	193	332	1	8	+A
barcode10_consensus_vsearch	2686	A	A	538	1	0.19%	2	1	93	93	0.5000000000008233	1	1	196	342	1	0	G
barcode10_consensus_vsearch	2687	A	R	532	7	1.29%	2	1	93	93	0.007660874995560234	1	1	188	344	7	0	G
barcode10_consensus_vsearch	2688	C	Y	529	8	1.48%	2	1	93	93	0.003805028656772291	1	1	195	334	0	8	T
barcode10_consensus_vsearch	2689	C	Y	514	9	1.66%	2	2	93	93	0.0018865155062670598	1	1	188	326	1	8	T
barcode10_consensus_vsearch	2690	G	R	531	7	1.29%	2	2	93	93	0.007660594223165221	1	1	188	343	6	1	A
barcode10_consensus_vsearch	2691	A	A	530	4	0.74%	2	1	93	93	0.06214871233009074	1	1	191	339	0	4	+C
barcode10_consensus_vsearch	2692	C	C	535	5	0.92%	2	1	93	93	0.030960783351964165	1	1	197	338	0	5	-T
barcode10_consensus_vsearch	2693	T	*/-C	520	15	2.8%	2	2	93	93	2.762775342819519E-5	1	1	192	328	5	10	-C
barcode10_consensus_vsearch	2694	C	C	524	1	0.19%	2	1	93	93	0.4999999999990043	1	1	192	332	0	1	+A
barcode10_consensus_vsearch	2695	C	C	536	5	0.92%	2	1	93	93	0.030961317696593486	1	1	197	339	0	5	T
barcode10_consensus_vsearch	2696	A	A	540	1	0.18%	2	1	93	93	0.5000000000008233	1	1	197	343	0	1	-T
barcode10_consensus_vsearch	2697	T	T	531	6	1.11%	2	2	93	93	0.015407182020391647	1	1	194	337	2	4	C
barcode10_consensus_vsearch	2698	G	G	536	2	0.37%	2	1	93	93	0.2497674418606225	1	1	195	341	2	0	A
barcode10_consensus_vsearch	2699	T	T	532	4	0.74%	2	2	93	93	0.06215002371389885	1	1	195	337	1	3	C
barcode10_consensus_vsearch	2700	T	Y	530	9	1.66%	2	2	93	93	0.001888475177575197	1	1	192	338	5	4	C
barcode10_consensus_vsearch	2701	C	C	537	1	0.19%	2	1	93	93	0.4999999999999138	1	1	194	343	1	0	+G
barcode10_consensus_vsearch	2702	A	A	534	3	0.55%	2	1	93	93	0.1246505125815118	1	1	191	343	3	0	G
barcode10_consensus_vsearch	2703	T	T	534	4	0.74%	2	1	93	93	0.06215132534293568	1	1	196	338	0	4	+C
barcode10_consensus_vsearch	2704	T	T	533	4	0.74%	2	1	93	93	0.06215067574099081	1	1	196	337	0	4	-C
barcode10_consensus_vsearch	2705	C	C	526	3	0.56%	2	1	93	93	0.12464522232734096	1	1	195	331	0	3	+G
barcode10_consensus_vsearch	2706	A	R	273	262	48.88%	2	2	93	93	2.6894503250251015E-98	1	1	99	174	96	166	G
barcode10_consensus_vsearch	2707	A	A	535	2	0.37%	2	1	93	93	0.24976700838742935	1	1	196	339	0	2	-T
barcode10_consensus_vsearch	2708	T	*/-A	522	8	1.49%	2	2	93	93	0.0038037000521996237	1	1	192	330	1	7	-A
barcode10_consensus_vsearch	2709	A	A	522	3	0.57%	2	2	93	93	0.12464251668251476	1	1	191	331	1	2	C
barcode10_consensus_vsearch	2710	A	A	530	3	0.56%	2	2	93	93	0.12464788732389653	1	1	190	340	2	1	-T
barcode10_consensus_vsearch	2711	T	Y	514	11	2.06%	2	2	93	93	4.6311742211065505E-4	1	1	188	326	2	9	C
barcode10_consensus_vsearch	2712	G	G	531	4	0.74%	2	1	93	93	0.062149369248170376	1	1	190	341	4	0	-A
barcode10_consensus_vsearch	2713	A	A	527	2	0.37%	2	1	93	93	0.24976348155137792	1	1	191	336	0	2	G
barcode10_consensus_vsearch	2714	T	*/+C	519	10	1.86%	2	2	93	93	9.355360884142277E-4	1	1	191	328	3	7	+C
barcode10_consensus_vsearch	2715	C	C	529	2	0.38%	2	1	93	93	0.24976437323210715	1	1	192	337	2	0	G
barcode10_consensus_vsearch	2716	C	C	528	5	0.93%	2	1	93	93	0.03095698682522861	1	1	196	332	0	5	+T
barcode10_consensus_vsearch	2717	T	T	531	1	0.19%	2	1	93	93	0.4999999999999138	1	1	195	336	1	0	A
barcode10_consensus_vsearch	2718	T	*/+C	530	7	1.3%	2	1	93	93	0.007660312408999644	1	1	189	341	7	0	+C
barcode10_consensus_vsearch	2719	C	C	539	0	0%	2	0	93	0	1.0	1	0	197	342	0	0	
barcode10_consensus_vsearch	2720	C	C	524	5	0.93%	2	2	93	93	0.030954772292166692	1	1	189	335	4	1	+A
barcode10_consensus_vsearch	2721	G	G	528	3	0.56%	2	1	93	93	0.12464655984919866	1	1	187	341	3	0	C
barcode10_consensus_vsearch	2722	C	C	530	2	0.37%	2	1	93	93	0.24976481655673516	1	1	190	340	2	0	+A
barcode10_consensus_vsearch	2723	A	A	531	5	0.92%	2	2	93	93	0.030958626044663474	1	1	189	342	4	1	-G
barcode10_consensus_vsearch	2724	G	G	529	3	0.56%	2	2	93	93	0.12464722483554738	1	1	189	340	2	1	+A
barcode10_consensus_vsearch	2725	G	G	535	3	0.56%	2	1	93	93	0.1246511627905904	1	1	197	338	0	3	-T
barcode10_consensus_vsearch	2726	T	Y	523	10	1.86%	2	2	93	93	9.358401860391775E-4	1	1	191	332	4	6	C
barcode10_consensus_vsearch	2727	T	T	532	3	0.56%	2	1	93	93	0.12464920486402759	1	1	195	337	0	3	+C
barcode10_consensus_vsearch	2728	C	C	538	1	0.19%	2	1	93	93	0.5000000000008233	1	1	195	343	0	1	G
barcode10_consensus_vsearch	2729	A	A	531	3	0.55%	2	2	93	93	0.12464854732871722	1	1	195	336	1	2	-C
barcode10_consensus_vsearch	2730	C	C	530	3	0.56%	2	1	93	93	0.12464788732389653	1	1	196	334	0	3	+T
barcode10_consensus_vsearch	2731	C	C	527	5	0.93%	2	1	93	93	0.030956436312490055	1	1	195	332	0	5	+T
barcode10_consensus_vsearch	2732	T	T	524	4	0.75%	2	1	93	93	0.06214471854291143	1	1	192	332	0	4	C
barcode10_consensus_vsearch	2733	A	A	529	4	0.75%	2	2	93	93	0.06214805294605921	1	1	191	338	3	1	G
barcode10_consensus_vsearch	2734	C	*/+G	519	9	1.68%	2	2	93	93	0.0018871405447592163	1	1	189	330	1	8	+G
barcode10_consensus_vsearch	2735	G	G	531	1	0.19%	2	1	93	93	0.4999999999999138	1	1	192	339	1	0	+A
barcode10_consensus_vsearch	2736	G	G	533	4	0.74%	2	2	93	93	0.06215067574099081	1	1	195	338	1	3	-A
barcode10_consensus_vsearch	2737	A	A	537	0	0%	2	0	93	0	1.0	1	0	196	341	0	0	
barcode10_consensus_vsearch	2738	A	A	538	3	0.55%	2	2	93	93	0.1246530989824234	1	1	195	343	2	1	G
barcode10_consensus_vsearch	2739	A	A	529	4	0.74%	2	2	93	93	0.06214805294605921	1	1	191	338	3	1	-C
barcode10_consensus_vsearch	2740	C	C	536	1	0.19%	2	1	93	93	0.4999999999999138	1	1	194	342	0	1	+T
barcode10_consensus_vsearch	2741	C	*/+T	520	14	2.59%	2	1	93	93	5.5988755288454006E-5	1	1	193	327	0	14	+T
barcode10_consensus_vsearch	2742	T	T	532	2	0.37%	2	2	93	93	0.2497656982194512	1	1	192	340	1	1	C
barcode10_consensus_vsearch	2743	T	T	529	4	0.74%	2	2	93	93	0.06214805294605921	1	1	188	341	3	1	C
barcode10_consensus_vsearch	2744	G	G	531	4	0.74%	2	2	93	93	0.062149369248170376	1	1	190	341	3	1	-T
barcode10_consensus_vsearch	2745	T	T	531	1	0.19%	2	1	93	93	0.4999999999999138	1	1	192	339	0	1	+AT
barcode10_consensus_vsearch	2746	T	T	534	4	0.74%	2	2	93	93	0.06215132534293568	1	1	194	340	3	1	-AC
barcode10_consensus_vsearch	2747	A	A	528	5	0.93%	2	2	93	93	0.03095698682522861	1	1	189	339	3	2	G
barcode10_consensus_vsearch	2748	C	*/-G	523	7	1.31%	2	2	93	93	0.0076583100477239955	1	1	186	337	5	2	-G
barcode10_consensus_vsearch	2749	G	G	528	2	0.38%	2	2	93	93	0.24976392823365007	1	1	188	340	1	1	+C
barcode10_consensus_vsearch	2750	A	A	523	5	0.93%	2	2	93	93	0.030954213418664108	1	1	191	332	2	3	-C
barcode10_consensus_vsearch	2751	C	*/-T	464	40	7.49%	2	2	93	93	4.063833284546994E-13	1	1	162	302	19	21	-T
barcode10_consensus_vsearch	2752	T	T	487	5	1.01%	2	1	93	93	0.0309325817179577	1	1	174	313	0	5	+C
barcode10_consensus_vsearch	2753	T	T	536	1	0.19%	2	1	93	93	0.4999999999999138	1	1	196	340	0	1	+C
barcode10_consensus_vsearch	2754	T	T	533	6	1.11%	2	1	93	93	0.015407988734056442	1	1	196	337	0	6	C
barcode10_consensus_vsearch	2755	T	T	537	2	0.37%	2	1	93	93	0.2497678737226224	1	1	196	341	0	2	-AC
barcode10_consensus_vsearch	2756	A	R	526	7	1.3%	2	2	93	93	0.007659174618154892	1	1	192	334	4	3	G
barcode10_consensus_vsearch	2757	C	*/-T	495	24	4.48%	2	1	93	93	4.540644458050564E-8	1	1	197	298	0	24	-T
barcode10_consensus_vsearch	2758	T	T	496	2	0.4%	2	1	93	93	0.24974874371874606	1	1	197	299	0	2	+C
barcode10_consensus_vsearch	2759	T	*/-C	483	31	5.9%	2	2	93	93	2.9213632999251115E-10	1	1	193	290	2	29	-C
barcode10_consensus_vsearch	2760	C	C	487	2	0.41%	2	1	93	93	0.24974411463643179	1	1	194	293	0	2	A
barcode10_consensus_vsearch	2761	C	*/-T	514	9	1.71%	2	1	93	93	0.0018865155062670598	1	1	197	317	0	9	-T
barcode10_consensus_vsearch	2762	T	*/+C	513	7	1.32%	2	1	93	93	0.007655356380743495	1	1	190	323	7	0	+C
barcode10_consensus_vsearch	2763	C	*/-T	518	8	1.5%	2	2	93	93	0.0038029250726284375	1	1	195	323	1	7	-T
barcode10_consensus_vsearch	2764	T	*/+A	501	13	2.48%	2	2	93	93	1.130449852638224E-4	1	1	189	312	2	11	+A
barcode10_consensus_vsearch	2765	A	A	534	0	0%	2	0	93	0	1.0	1	0	195	339	0	0	
barcode10_consensus_vsearch	2766	A	A	535	2	0.37%	2	1	93	93	0.24976700838742935	1	1	193	342	2	0	+G
barcode10_consensus_vsearch	2767	A	A	537	2	0.37%	2	1	93	93	0.2497678737226224	1	1	194	343	2	0	C
barcode10_consensus_vsearch	2768	T	T	538	1	0.19%	2	1	93	93	0.5000000000008233	1	1	195	343	1	0	+ACCCT
barcode10_consensus_vsearch	2769	G	G	540	1	0.18%	2	1	93	93	0.5000000000008233	1	1	196	344	1	0	-A
barcode10_consensus_vsearch	2770	A	A	534	4	0.74%	2	2	93	93	0.06215132534293568	1	1	194	340	1	3	G
barcode10_consensus_vsearch	2771	C	C	537	1	0.19%	2	1	93	93	0.4999999999999138	1	1	194	343	1	0	+T
barcode10_consensus_vsearch	2772	C	C	532	6	1.11%	2	2	93	93	0.015407586125499683	1	1	192	340	3	3	-A
barcode10_consensus_vsearch	2773	A	A	534	1	0.19%	2	1	93	93	0.5000000000008233	1	1	194	340	0	1	G
barcode10_consensus_vsearch	2774	A	A	540	1	0.18%	2	1	93	93	0.5000000000008233	1	1	196	344	1	0	G
barcode10_consensus_vsearch	2775	G	G	535	4	0.74%	2	2	93	93	0.06215197253344983	1	1	196	339	1	3	-T
barcode10_consensus_vsearch	2776	T	T	535	2	0.37%	2	1	93	93	0.24976700838742935	1	1	196	339	0	2	C
barcode10_consensus_vsearch	2777	T	T	539	2	0.37%	2	2	93	93	0.2497687326552616	1	1	196	343	1	1	C
barcode10_consensus_vsearch	2778	T	T	535	4	0.74%	2	1	93	93	0.06215197253344983	1	1	196	339	0	4	+G
barcode10_consensus_vsearch	2779	G	G	540	1	0.18%	2	1	93	93	0.5000000000008233	1	1	196	344	1	0	-A
barcode10_consensus_vsearch	2780	A	A	537	3	0.56%	2	2	93	93	0.12465245597770591	1	1	195	342	1	2	G
barcode10_consensus_vsearch	2781	T	T	537	3	0.55%	2	1	93	93	0.12465245597770591	1	1	196	341	0	3	C
barcode10_consensus_vsearch	2782	C	C	537	2	0.37%	2	2	93	93	0.2497678737226224	1	1	194	343	1	1	-A
barcode10_consensus_vsearch	2783	A	A	534	3	0.56%	2	1	93	93	0.1246505125815118	1	1	191	343	3	0	G
barcode10_consensus_vsearch	2784	G	G	532	3	0.56%	2	1	93	93	0.12464920486402759	1	1	193	339	3	0	A
barcode10_consensus_vsearch	2785	C	C	533	1	0.19%	2	1	93	93	0.4999999999990043	1	1	197	336	0	1	-T
barcode10_consensus_vsearch	2786	T	T	529	4	0.75%	2	2	93	93	0.06214805294605921	1	1	194	335	3	1	C
barcode10_consensus_vsearch	2787	T	*/+C	522	7	1.3%	2	2	93	93	0.007658019686838506	1	1	194	328	1	6	+C
barcode10_consensus_vsearch	2788	C	*/-TC	493	39	7.29%	2	1	93	93	8.829710067452183E-13	1	1	197	296	0	39	-TC
barcode10_consensus_vsearch	2789	T	T	495	2	0.4%	2	1	93	93	0.24974823766392146	1	1	196	299	0	2	-C
barcode10_consensus_vsearch	2790	C	C	495	2	0.4%	2	1	93	93	0.24974823766392146	1	1	197	298	0	2	+AA
barcode10_consensus_vsearch	2791	A	A	534	2	0.37%	2	1	93	93	0.24976657329578222	1	1	195	339	0	2	-GC
barcode10_consensus_vsearch	2792	G	G	530	6	1.12%	2	1	93	93	0.015406776410247038	1	1	190	340	6	0	A
barcode10_consensus_vsearch	2793	C	*/-A	525	7	1.3%	2	2	93	93	0.007658887507292351	1	1	194	331	1	6	-A
barcode10_consensus_vsearch	2794	A	A	530	1	0.19%	2	1	93	93	0.4999999999990043	1	1	193	337	1	0	G
barcode10_consensus_vsearch	2795	A	A	535	3	0.56%	2	1	93	93	0.1246511627905904	1	1	193	342	3	0	G
barcode10_consensus_vsearch	2796	T	Y	523	11	2.04%	2	1	93	93	4.635347125797556E-4	1	1	191	332	0	11	C
barcode10_consensus_vsearch	2797	A	A	527	4	0.75%	2	1	93	93	0.06214672672359405	1	1	190	337	0	4	+G
barcode10_consensus_vsearch	2798	G	G	531	6	1.11%	2	2	93	93	0.015407182020391647	1	1	191	340	4	2	-A
barcode10_consensus_vsearch	2799	A	A	523	6	1.12%	2	2	93	93	0.015403894284021311	1	1	187	336	3	3	+G
barcode10_consensus_vsearch	2800	G	*/-T	506	16	2.97%	2	1	93	93	1.3578348678029354E-5	1	1	192	314	0	16	-T
barcode10_consensus_vsearch	2801	T	Y	501	9	1.73%	2	1	93	93	0.0018848335946905935	1	1	197	304	0	9	C
barcode10_consensus_vsearch	2802	G	G	527	6	1.12%	2	2	93	93	0.015405550465377539	1	1	194	333	2	4	-C
barcode10_consensus_vsearch	2803	C	C	527	3	0.56%	2	1	93	93	0.12464589235128659	1	1	195	332	0	3	A
barcode10_consensus_vsearch	2804	C	Y	518	14	2.59%	2	1	93	93	5.597035928085942E-5	1	1	195	323	0	14	T
barcode10_consensus_vsearch	2805	G	G	530	2	0.37%	2	1	93	93	0.24976481655673516	1	1	196	334	0	2	+CC
barcode10_consensus_vsearch	2806	T	Y	495	37	6.9%	2	1	93	93	3.804802338160767E-12	1	1	197	298	0	37	C
barcode10_consensus_vsearch	2807	T	T	530	4	0.74%	2	2	93	93	0.06214871233009074	1	1	194	336	1	3	A
barcode10_consensus_vsearch	2808	G	G	531	3	0.56%	2	2	93	93	0.12464854732871722	1	1	190	341	2	1	-C
barcode10_consensus_vsearch	2809	C	C	528	3	0.56%	2	1	93	93	0.12464655984919866	1	1	194	334	0	3	T
barcode10_consensus_vsearch	2810	C	*/-G	521	8	1.48%	2	2	93	93	0.0038035073991726275	1	1	195	326	1	7	-G
barcode10_consensus_vsearch	2811	G	G	524	5	0.94%	2	2	93	93	0.030954772292166692	1	1	195	329	1	4	A
barcode10_consensus_vsearch	2812	G	R	530	7	1.3%	2	2	93	93	0.007660312408999644	1	1	195	335	2	5	A
barcode10_consensus_vsearch	2813	C	*/-T	526	10	1.85%	2	1	93	93	9.360653175925267E-4	1	1	195	331	0	10	-T
barcode10_consensus_vsearch	2814	T	*/+C	208	310	58.38%	2	2	93	93	1.2994343196140176E-123	1	1	60	148	135	175	+C
barcode10_consensus_vsearch	2815	C	C	536	1	0.19%	2	1	93	93	0.4999999999999138	1	1	196	340	0	1	+T
barcode10_consensus_vsearch	2816	C	Y	529	9	1.67%	2	1	93	93	0.00188835608221637	1	1	196	333	0	9	T
barcode10_consensus_vsearch	2817	C	*/+A	492	26	4.81%	2	2	93	93	1.0802549071366512E-8	1	1	183	309	8	18	+A
barcode10_consensus_vsearch	2818	A	A	523	4	0.76%	2	2	93	93	0.062144044065959504	1	1	188	335	3	1	C
barcode10_consensus_vsearch	2819	A	A	531	3	0.56%	2	2	93	93	0.12464854732871722	1	1	194	337	1	2	C
barcode10_consensus_vsearch	2820	A	A	529	4	0.74%	2	1	93	93	0.06214805294605921	1	1	192	337	0	4	-GC
barcode10_consensus_vsearch	2821	G	R	520	7	1.31%	2	1	93	93	0.0076574356719944486	1	1	180	340	7	0	A
barcode10_consensus_vsearch	2822	C	C	526	2	0.38%	2	2	93	93	0.2497630331753048	1	1	187	339	1	1	T
barcode10_consensus_vsearch	2823	C	Y	530	7	1.29%	2	2	93	93	0.007660312408999644	1	1	195	335	2	5	T
barcode10_consensus_vsearch	2824	A	A	534	2	0.37%	2	1	93	93	0.24976657329578222	1	1	195	339	2	0	G
barcode10_consensus_vsearch	2825	A	A	532	4	0.74%	2	2	93	93	0.06215002371389885	1	1	194	338	2	2	G
barcode10_consensus_vsearch	2826	T	*/-C	525	7	1.3%	2	1	93	93	0.007658887507292351	1	1	185	340	7	0	-C
barcode10_consensus_vsearch	2827	C	C	529	2	0.38%	2	1	93	93	0.24976437323210715	1	1	188	341	0	2	T
barcode10_consensus_vsearch	2828	C	*/-G	504	25	4.63%	2	1	93	93	2.2293238954165002E-8	1	1	192	312	0	25	-G
barcode10_consensus_vsearch	2829	G	G	510	2	0.39%	2	2	93	93	0.2497556207230697	1	1	194	316	1	1	+A
barcode10_consensus_vsearch	2830	G	G	534	2	0.37%	2	2	93	93	0.24976657329578222	1	1	194	340	1	1	-A
barcode10_consensus_vsearch	2831	A	A	530	6	1.12%	2	1	93	93	0.015406776410247038	1	1	190	340	6	0	-G
barcode10_consensus_vsearch	2832	G	G	530	2	0.37%	2	1	93	93	0.24976481655673516	1	1	190	340	0	2	C
barcode10_consensus_vsearch	2833	A	A	529	6	1.11%	2	2	93	93	0.015406369286722026	1	1	193	336	1	5	+C
barcode10_consensus_vsearch	2834	C	C	539	1	0.19%	2	1	93	93	0.4999999999999138	1	1	196	343	1	0	+T
barcode10_consensus_vsearch	2835	C	C	537	2	0.37%	2	2	93	93	0.2497678737226224	1	1	196	341	1	1	-T
barcode10_consensus_vsearch	2836	T	T	527	5	0.93%	2	2	93	93	0.030956436312490055	1	1	194	333	2	3	C
barcode10_consensus_vsearch	2837	C	C	526	5	0.93%	2	1	93	93	0.030955883727255742	1	1	195	331	0	5	+T
barcode10_consensus_vsearch	2838	A	A	529	4	0.74%	2	1	93	93	0.06214805294605921	1	1	192	337	0	4	+T
barcode10_consensus_vsearch	2839	C	C	524	4	0.75%	2	1	93	93	0.06214471854291143	1	1	193	331	0	4	-T
barcode10_consensus_vsearch	2840	T	T	520	6	1.12%	2	2	93	93	0.01540263564963501	1	1	193	327	4	2	-A
barcode10_consensus_vsearch	2841	A	A	529	2	0.37%	2	1	93	93	0.24976437323210715	1	1	193	336	0	2	T
barcode10_consensus_vsearch	2842	A	A	535	3	0.55%	2	2	93	93	0.1246511627905904	1	1	196	339	1	2	G
barcode10_consensus_vsearch	2843	G	G	535	2	0.37%	2	2	93	93	0.24976700838742935	1	1	195	340	1	1	A
barcode10_consensus_vsearch	2844	C	C	537	1	0.19%	2	1	93	93	0.4999999999999138	1	1	196	341	1	0	G
barcode10_consensus_vsearch	2845	C	C	538	1	0.19%	2	1	93	93	0.5000000000008233	1	1	196	342	1	0	+G
barcode10_consensus_vsearch	2846	A	A	537	1	0.19%	2	1	93	93	0.4999999999999138	1	1	195	342	0	1	+C
barcode10_consensus_vsearch	2847	T	T	538	2	0.37%	2	1	93	93	0.24976830398477892	1	1	194	344	2	0	C
barcode10_consensus_vsearch	2848	T	T	533	4	0.74%	2	2	93	93	0.06215067574099081	1	1	191	342	2	2	C
barcode10_consensus_vsearch	2849	C	C	539	1	0.18%	2	1	93	93	0.4999999999999138	1	1	197	342	0	1	+A
barcode10_consensus_vsearch	2850	A	A	541	0	0%	2	0	93	0	1.0	1	0	197	344	0	0	
barcode10_consensus_vsearch	2851	A	A	538	3	0.55%	2	2	93	93	0.1246530989824234	1	1	195	343	2	1	G
barcode10_consensus_vsearch	2852	T	T	534	4	0.74%	2	1	93	93	0.06215132534293568	1	1	191	343	4	0	+C
barcode10_consensus_vsearch	2853	C	C	539	1	0.18%	2	1	93	93	0.4999999999999138	1	1	196	343	1	0	+AC
barcode10_consensus_vsearch	2854	G	G	537	3	0.56%	2	2	93	93	0.12465245597770591	1	1	195	342	2	1	A
barcode10_consensus_vsearch	2855	G	G	540	1	0.18%	2	1	93	93	0.5000000000008233	1	1	196	344	1	0	A
barcode10_consensus_vsearch	2856	T	T	540	1	0.18%	2	1	93	93	0.5000000000008233	1	1	196	344	1	0	C
barcode10_consensus_vsearch	2857	A	A	534	6	1.11%	2	2	93	93	0.015408389854212225	1	1	194	340	3	3	G
barcode10_consensus_vsearch	2858	G	*/-TAG	524	15	2.78%	2	2	93	93	2.7648437306886195E-5	1	1	193	331	4	11	-TAG
barcode10_consensus_vsearch	2859	T	T	520	2	0.38%	2	2	93	93	0.24976030680711092	1	1	192	328	1	1	-AGC
barcode10_consensus_vsearch	2860	A	A	516	6	1.15%	2	1	93	93	0.015400935010162124	1	1	192	324	0	6	-G
barcode10_consensus_vsearch	2861	G	G	517	1	0.19%	2	1	93	93	0.5000000000008233	1	1	192	325	0	1	-C
barcode10_consensus_vsearch	2862	C	Y	524	10	1.86%	2	2	93	93	9.35915507459734E-4	1	1	193	331	1	9	T
barcode10_consensus_vsearch	2863	G	G	537	1	0.19%	2	1	93	93	0.4999999999999138	1	1	194	343	0	1	+CG
barcode10_consensus_vsearch	2864	A	A	536	2	0.37%	2	2	93	93	0.2497674418606225	1	1	194	342	1	1	G
barcode10_consensus_vsearch	2865	C	*/-G	518	11	2.04%	2	2	93	93	4.633046086710839E-4	1	1	195	323	1	10	-G
barcode10_consensus_vsearch	2866	G	R	517	9	1.7%	2	1	93	93	0.0018868919421650878	1	1	186	331	9	0	A
barcode10_consensus_vsearch	2867	G	G	540	1	0.18%	2	1	93	93	0.5000000000008233	1	1	197	343	0	1	T
barcode10_consensus_vsearch	2868	G	G	538	2	0.37%	2	2	93	93	0.24976830398477892	1	1	195	343	1	1	A
barcode10_consensus_vsearch	2869	C	C	528	5	0.92%	2	1	93	93	0.03095698682522861	1	1	197	331	0	5	-GGT
barcode10_consensus_vsearch	2870	G	G	528	2	0.38%	2	1	93	93	0.24976392823365007	1	1	195	333	2	0	A
barcode10_consensus_vsearch	2871	G	G	533	1	0.19%	2	1	93	93	0.4999999999990043	1	1	197	336	0	1	A
barcode10_consensus_vsearch	2872	T	T	529	2	0.37%	2	2	93	93	0.24976437323210715	1	1	196	333	1	1	C
barcode10_consensus_vsearch	2873	G	G	533	3	0.56%	2	1	93	93	0.12464985994384618	1	1	197	336	0	3	-T
barcode10_consensus_vsearch	2874	T	*/-GT	483	41	7.66%	2	2	93	93	2.0146730382664286E-13	1	1	188	295	8	33	-GT
barcode10_consensus_vsearch	2875	G	G	488	2	0.4%	2	1	93	93	0.24974463738461042	1	1	189	299	0	2	-T
barcode10_consensus_vsearch	2876	T	T	485	6	1.2%	2	1	93	93	0.01538681749469976	1	1	189	296	0	6	+GT
barcode10_consensus_vsearch	2877	A	R	519	11	2.03%	2	2	93	93	4.6335097108045754E-4	1	1	191	328	5	6	G
barcode10_consensus_vsearch	2878	C	*/-A	454	67	12.48%	2	2	93	93	7.012700751724093E-22	1	1	128	326	64	3	-A
barcode10_consensus_vsearch	2879	A	A	466	1	0.21%	2	1	93	93	0.4999999999999138	1	1	130	336	1	0	+C
barcode10_consensus_vsearch	2880	A	A	531	5	0.93%	2	1	93	93	0.030958626044663474	1	1	194	337	0	5	G
barcode10_consensus_vsearch	2881	A	*/-G	519	12	2.22%	2	2	93	93	2.2927357192867824E-4	1	1	189	330	3	9	-G
barcode10_consensus_vsearch	2882	G	G	516	5	0.95%	2	1	93	93	0.030950241263123	1	1	185	331	5	0	+A
barcode10_consensus_vsearch	2883	G	*/+A	529	8	1.48%	2	1	93	93	0.003805028656772291	1	1	187	342	8	0	+A
barcode10_consensus_vsearch	2884	G	G	536	2	0.37%	2	1	93	93	0.2497674418606225	1	1	195	341	0	2	-CA
barcode10_consensus_vsearch	2885	C	C	528	5	0.93%	2	1	93	93	0.03095698682522861	1	1	188	340	5	0	+A
barcode10_consensus_vsearch	2886	A	*/-G	479	38	7.09%	2	2	93	93	1.7964144713398162E-12	1	1	188	291	5	33	-G
barcode10_consensus_vsearch	2887	G	G	493	4	0.8%	2	1	93	93	0.06212254703210272	1	1	191	302	0	4	T
barcode10_consensus_vsearch	2888	G	G	536	1	0.19%	2	1	93	93	0.4999999999999138	1	1	196	340	1	0	+A
barcode10_consensus_vsearch	2889	G	G	538	2	0.37%	2	2	93	93	0.24976830398477892	1	1	195	343	1	1	-A
barcode10_consensus_vsearch	2890	A	A	535	2	0.37%	2	1	93	93	0.24976700838742935	1	1	196	339	0	2	-CG
barcode10_consensus_vsearch	2891	C	C	534	2	0.37%	2	1	93	93	0.24976657329578222	1	1	196	338	0	2	T
barcode10_consensus_vsearch	2892	G	G	536	1	0.19%	2	1	93	93	0.4999999999999138	1	1	195	341	1	0	+CG
barcode10_consensus_vsearch	2893	T	T	535	1	0.19%	2	1	93	93	0.4999999999999138	1	1	196	339	0	1	+GT
barcode10_consensus_vsearch	2894	A	A	537	2	0.37%	2	2	93	93	0.2497678737226224	1	1	196	341	1	1	G
barcode10_consensus_vsearch	2895	A	A	539	1	0.18%	2	1	93	93	0.4999999999999138	1	1	197	342	0	1	+CT
barcode10_consensus_vsearch	2896	T	T	536	3	0.55%	2	1	93	93	0.12465181058487508	1	1	195	341	0	3	C
barcode10_consensus_vsearch	2897	C	C	537	3	0.55%	2	2	93	93	0.12465245597770591	1	1	195	342	2	1	-A
barcode10_consensus_vsearch	2898	A	A	537	1	0.19%	2	1	93	93	0.4999999999999138	1	1	195	342	0	1	G
barcode10_consensus_vsearch	2899	A	R	528	10	1.85%	2	2	93	93	9.362140276413266E-4	1	1	188	340	7	3	G
barcode10_consensus_vsearch	2900	C	C	537	1	0.19%	2	1	93	93	0.4999999999999138	1	1	195	342	0	1	-G
barcode10_consensus_vsearch	2901	G	G	533	3	0.56%	2	1	93	93	0.12464985994384618	1	1	193	340	0	3	+TG
barcode10_consensus_vsearch	2902	C	C	533	4	0.74%	2	1	93	93	0.06215067574099081	1	1	189	344	4	0	-G
barcode10_consensus_vsearch	2903	G	G	530	2	0.37%	2	1	93	93	0.24976481655673516	1	1	189	341	0	2	+CG
barcode10_consensus_vsearch	2904	A	A	533	4	0.74%	2	2	93	93	0.06215067574099081	1	1	191	342	2	2	G
barcode10_consensus_vsearch	2905	G	G	532	3	0.56%	2	2	93	93	0.12464920486402759	1	1	192	340	1	2	+C
barcode10_consensus_vsearch	2906	C	C	536	1	0.19%	2	1	93	93	0.4999999999999138	1	1	193	343	1	0	+A
barcode10_consensus_vsearch	2907	T	Y	524	8	1.49%	2	2	93	93	0.0038040831989871004	1	1	192	332	1	7	C
barcode10_consensus_vsearch	2908	G	G	535	1	0.19%	2	1	93	93	0.4999999999999138	1	1	194	341	0	1	+A
barcode10_consensus_vsearch	2909	A	A	532	2	0.37%	2	1	93	93	0.2497656982194512	1	1	192	340	0	2	G
barcode10_consensus_vsearch	2910	T	T	532	4	0.74%	2	1	93	93	0.06215002371389885	1	1	195	337	0	4	C
barcode10_consensus_vsearch	2911	G	G	537	1	0.19%	2	1	93	93	0.4999999999999138	1	1	195	342	1	0	-A
barcode10_consensus_vsearch	2912	A	*/+C	523	12	2.23%	2	1	93	93	2.2938247236163674E-4	1	1	194	329	0	12	+C
barcode10_consensus_vsearch	2913	C	C	531	6	1.11%	2	1	93	93	0.015407182020391647	1	1	195	336	0	6	-T
barcode10_consensus_vsearch	2914	T	*/-C	513	10	1.87%	2	1	93	93	9.350713309727379E-4	1	1	193	320	0	10	-C
barcode10_consensus_vsearch	2915	C	C	523	3	0.56%	2	2	93	93	0.12464319695528758	1	1	192	331	2	1	+TC
barcode10_consensus_vsearch	2916	A	A	527	2	0.37%	2	1	93	93	0.24976348155137792	1	1	189	338	0	2	+TA
barcode10_consensus_vsearch	2917	C	C	527	2	0.37%	2	1	93	93	0.24976348155137792	1	1	188	339	2	0	+A
barcode10_consensus_vsearch	2918	G	G	534	2	0.37%	2	2	93	93	0.24976657329578222	1	1	193	341	1	1	A
barcode10_consensus_vsearch	2919	C	*/-T	513	14	2.6%	2	2	93	93	5.592377746424904E-5	1	1	179	334	7	7	-T
barcode10_consensus_vsearch	2920	T	T	519	2	0.38%	2	1	93	93	0.24975984630119435	1	1	184	335	2	0	C
barcode10_consensus_vsearch	2921	T	T	531	3	0.56%	2	2	93	93	0.12464854732871722	1	1	190	341	2	1	-A
barcode10_consensus_vsearch	2922	A	A	523	4	0.74%	2	1	93	93	0.062144044065959504	1	1	181	342	4	0	G
barcode10_consensus_vsearch	2923	C	C	521	4	0.74%	2	2	93	93	0.0621426874002581	1	1	188	333	3	1	-T
barcode10_consensus_vsearch	2924	T	*/+A	510	7	1.31%	2	1	93	93	0.007654448087332713	1	1	172	338	7	0	+A
barcode10_consensus_vsearch	2925	A	*/-G	457	69	12.87%	2	2	93	93	1.5564795575103268E-22	1	1	167	290	19	50	-G
barcode10_consensus_vsearch	2926	G	R	452	13	2.78%	2	1	93	93	1.121212624491629E-4	1	1	161	291	13	0	A
barcode10_consensus_vsearch	2927	G	*/-A	523	11	2.04%	2	2	93	93	4.635347125797556E-4	1	1	182	341	10	1	-A
barcode10_consensus_vsearch	2928	A	A	523	5	0.95%	2	2	93	93	0.030954213418664108	1	1	185	338	1	4	G
barcode10_consensus_vsearch	2929	A	A	536	1	0.19%	2	1	93	93	0.4999999999999138	1	1	195	341	1	0	+T
barcode10_consensus_vsearch	2930	T	T	535	3	0.56%	2	2	93	93	0.1246511627905904	1	1	195	340	2	1	C
barcode10_consensus_vsearch	2931	T	*/-C	519	7	1.3%	2	2	93	93	0.0076571420055722055	1	1	196	323	1	6	-C
barcode10_consensus_vsearch	2932	C	C	528	1	0.19%	2	1	93	93	0.4999999999999138	1	1	196	332	0	1	T
barcode10_consensus_vsearch	2933	C	C	530	4	0.75%	2	1	93	93	0.06214871233009074	1	1	197	333	0	4	-T
barcode10_consensus_vsearch	2934	T	T	529	3	0.56%	2	1	93	93	0.12464722483554738	1	1	197	332	0	3	C
barcode10_consensus_vsearch	2935	C	C	532	3	0.56%	2	1	93	93	0.12464920486402759	1	1	196	336	0	3	T
barcode10_consensus_vsearch	2936	G	G	540	1	0.18%	2	1	93	93	0.5000000000008233	1	1	197	343	0	1	A
barcode10_consensus_vsearch	2937	T	Y	533	7	1.29%	2	2	93	93	0.007661154731964119	1	1	194	339	2	5	C
barcode10_consensus_vsearch	2938	T	T	536	3	0.55%	2	1	93	93	0.12465181058487508	1	1	197	339	0	3	C
barcode10_consensus_vsearch	2939	G	G	533	4	0.74%	2	2	93	93	0.06215067574099081	1	1	192	341	2	2	-AAG
barcode10_consensus_vsearch	2940	A	A	532	4	0.74%	2	2	93	93	0.06215002371389885	1	1	191	341	3	1	G
barcode10_consensus_vsearch	2941	A	A	529	5	0.93%	2	2	93	93	0.030957535277242203	1	1	193	336	2	3	G
barcode10_consensus_vsearch	2942	G	G	525	5	0.93%	2	2	93	93	0.03095532905764353	1	1	192	333	3	2	-A
barcode10_consensus_vsearch	2943	A	A	524	6	1.12%	2	2	93	93	0.015404310668549302	1	1	189	335	4	2	G
barcode10_consensus_vsearch	2944	G	G	528	3	0.56%	2	1	93	93	0.12464655984919866	1	1	195	333	0	3	T
barcode10_consensus_vsearch	2945	C	*/-A	516	15	2.79%	2	2	93	93	2.760676941458022E-5	1	1	196	320	1	14	-A
barcode10_consensus_vsearch	2946	A	A	522	2	0.38%	2	2	93	93	0.24976122254010238	1	1	195	327	1	1	G
barcode10_consensus_vsearch	2947	A	A	531	4	0.74%	2	1	93	93	0.062149369248170376	1	1	194	337	0	4	-T
barcode10_consensus_vsearch	2948	T	Y	512	15	2.8%	2	1	93	93	2.7585478691415453E-5	1	1	191	321	0	15	C
barcode10_consensus_vsearch	2949	A	A	524	5	0.94%	2	2	93	93	0.030954772292166692	1	1	190	334	1	4	C
barcode10_consensus_vsearch	2950	A	A	531	3	0.56%	2	1	93	93	0.12464854732871722	1	1	196	335	0	3	C
barcode10_consensus_vsearch	2951	T	Y	525	8	1.49%	2	1	93	93	0.003804273700811284	1	1	193	332	0	8	C
barcode10_consensus_vsearch	2952	T	T	526	6	1.11%	2	2	93	93	0.015405138750400803	1	1	195	331	1	5	C
barcode10_consensus_vsearch	2953	G	G	532	4	0.74%	2	1	93	93	0.06215002371389885	1	1	192	340	4	0	A
barcode10_consensus_vsearch	2954	C	Y	524	13	2.41%	2	2	93	93	1.1342191290655594E-4	1	1	195	329	1	12	T
barcode10_consensus_vsearch	2955	A	A	533	3	0.56%	2	2	93	93	0.12464985994384618	1	1	193	340	2	1	G
barcode10_consensus_vsearch	2956	A	A	535	5	0.93%	2	2	93	93	0.030960783351964165	1	1	195	340	1	4	G
barcode10_consensus_vsearch	2957	T	T	532	5	0.92%	2	2	93	93	0.030959168383112096	1	1	193	339	2	3	C
barcode10_consensus_vsearch	2958	G	G	526	5	0.93%	2	1	93	93	0.030955883727255742	1	1	194	332	0	5	+C
barcode10_consensus_vsearch	2959	C	Y	529	8	1.48%	2	2	93	93	0.003805028656772291	1	1	195	334	1	7	T
barcode10_consensus_vsearch	2960	T	T	531	5	0.93%	2	2	93	93	0.030958626044663474	1	1	195	336	1	4	C
barcode10_consensus_vsearch	2961	C	*/-T	525	10	1.86%	2	1	93	93	9.359905507976904E-4	1	1	196	329	0	10	-T
barcode10_consensus_vsearch	2962	T	T	519	4	0.75%	2	1	93	93	0.062141320354043746	1	1	196	323	0	4	C
barcode10_consensus_vsearch	2963	A	A	537	3	0.55%	2	1	93	93	0.12465245597770591	1	1	197	340	0	3	G
barcode10_consensus_vsearch	2964	T	*/-C	517	13	2.4%	2	2	93	93	1.1331057001453964E-4	1	1	188	329	4	9	-C
barcode10_consensus_vsearch	2965	C	C	525	0	0%	2	0	93	0	1.0	1	0	191	334	0	0	
barcode10_consensus_vsearch	2966	C	C	538	0	0%	2	0	93	0	1.0	1	0	195	343	0	0	
barcode10_consensus_vsearch	2967	C	C	531	3	0.56%	2	1	93	93	0.12464854732871722	1	1	192	339	3	0	+A
barcode10_consensus_vsearch	2968	C	C	535	2	0.37%	2	1	93	93	0.24976700838742935	1	1	196	339	0	2	-A
barcode10_consensus_vsearch	2969	A	A	531	3	0.56%	2	1	93	93	0.12464854732871722	1	1	194	337	0	3	-GCA
barcode10_consensus_vsearch	2970	G	G	532	5	0.93%	2	1	93	93	0.030959168383112096	1	1	192	340	5	0	A
barcode10_consensus_vsearch	2971	C	C	527	3	0.56%	2	1	93	93	0.12464589235128659	1	1	190	337	3	0	+T
barcode10_consensus_vsearch	2972	A	A	528	3	0.56%	2	1	93	93	0.12464655984919866	1	1	190	338	3	0	T
barcode10_consensus_vsearch	2973	C	C	531	5	0.93%	2	2	93	93	0.030958626044663474	1	1	191	340	3	2	T
barcode10_consensus_vsearch	2974	G	G	540	1	0.18%	2	1	93	93	0.5000000000008233	1	1	197	343	0	1	-A
barcode10_consensus_vsearch	2975	A	A	534	3	0.56%	2	2	93	93	0.1246505125815118	1	1	195	339	1	2	G
barcode10_consensus_vsearch	2976	C	*/-A	517	12	2.22%	2	1	93	93	2.2921851699297558E-4	1	1	182	335	12	0	-A
barcode10_consensus_vsearch	2977	A	A	526	0	0%	2	0	93	0	1.0	1	0	184	342	0	0	
barcode10_consensus_vsearch	2978	A	A	533	4	0.74%	2	2	93	93	0.06215067574099081	1	1	194	339	2	2	G
barcode10_consensus_vsearch	2979	A	A	538	1	0.18%	2	1	93	93	0.5000000000008233	1	1	195	343	1	0	+G
barcode10_consensus_vsearch	2980	G	G	533	3	0.56%	2	2	93	93	0.12464985994384618	1	1	193	340	2	1	+T
barcode10_consensus_vsearch	2981	T	T	533	5	0.93%	2	1	93	93	0.03095970870624187	1	1	197	336	0	5	C
barcode10_consensus_vsearch	2982	T	T	534	6	1.11%	2	2	93	93	0.015408389854212225	1	1	196	338	1	5	C
barcode10_consensus_vsearch	2983	T	T	536	3	0.55%	2	2	93	93	0.12465181058487508	1	1	196	340	1	2	C
barcode10_consensus_vsearch	2984	C	C	530	2	0.37%	2	1	93	93	0.24976481655673516	1	1	195	335	0	2	+A
barcode10_consensus_vsearch	2985	A	A	521	6	1.11%	2	1	93	93	0.015403056783624582	1	1	192	329	0	6	-CA
barcode10_consensus_vsearch	2986	C	C	517	6	1.12%	2	1	93	93	0.015401362604060042	1	1	185	332	6	0	+A
barcode10_consensus_vsearch	2987	A	A	527	2	0.38%	2	1	93	93	0.24976348155137792	1	1	191	336	2	0	G
barcode10_consensus_vsearch	2988	A	A	538	3	0.55%	2	1	93	93	0.1246530989824234	1	1	197	341	0	3	+G
barcode10_consensus_vsearch	2989	G	G	539	1	0.18%	2	1	93	93	0.4999999999999138	1	1	196	343	0	1	+C
barcode10_consensus_vsearch	2990	A	A	532	4	0.74%	2	2	93	93	0.06215002371389885	1	1	193	339	1	3	-T
barcode10_consensus_vsearch	2991	T	T	537	0	0%	2	0	93	0	1.0	1	0	196	341	0	0	
barcode10_consensus_vsearch	2992	T	T	530	4	0.74%	2	1	93	93	0.06214871233009074	1	1	194	336	0	4	+G
barcode10_consensus_vsearch	2993	A	R	518	14	2.6%	2	2	93	93	5.597035928085942E-5	1	1	183	335	6	8	G
barcode10_consensus_vsearch	2994	C	C	531	1	0.19%	2	1	93	93	0.4999999999999138	1	1	189	342	0	1	T
barcode10_consensus_vsearch	2995	C	C	531	5	0.93%	2	2	93	93	0.030958626044663474	1	1	191	340	4	1	G
barcode10_consensus_vsearch	2996	C	C	528	6	1.11%	2	1	93	93	0.015405960641249931	1	1	192	336	0	6	T
barcode10_consensus_vsearch	2997	A	A	532	4	0.74%	2	2	93	93	0.06215002371389885	1	1	191	341	3	1	-G
barcode10_consensus_vsearch	2998	G	G	531	2	0.37%	2	1	93	93	0.249765258215703	1	1	188	343	2	0	-A
barcode10_consensus_vsearch	2999	A	A	533	3	0.56%	2	2	93	93	0.12464985994384618	1	1	192	341	1	2	G
barcode10_consensus_vsearch	3000	C	C	537	2	0.37%	2	1	93	93	0.2497678737226224	1	1	196	341	0	2	T
barcode10_consensus_vsearch	3001	C	C	537	2	0.37%	2	1	93	93	0.2497678737226224	1	1	195	342	0	2	-T
barcode10_consensus_vsearch	3002	T	T	533	4	0.74%	2	1	93	93	0.06215067574099081	1	1	197	336	0	4	C
barcode10_consensus_vsearch	3003	T	T	534	4	0.74%	2	1	93	93	0.06215132534293568	1	1	192	342	4	0	-C
barcode10_consensus_vsearch	3004	C	C	536	1	0.19%	2	1	93	93	0.4999999999999138	1	1	192	344	1	0	T
barcode10_consensus_vsearch	3005	C	C	526	6	1.11%	2	1	93	93	0.015405138750400803	1	1	194	332	0	6	-G
barcode10_consensus_vsearch	3006	G	G	529	2	0.38%	2	1	93	93	0.24976437323210715	1	1	194	335	2	0	A
barcode10_consensus_vsearch	3007	G	G	534	3	0.56%	2	1	93	93	0.1246505125815118	1	1	193	341	3	0	-C
barcode10_consensus_vsearch	3008	C	C	532	3	0.56%	2	2	93	93	0.12464920486402759	1	1	193	339	1	2	A
barcode10_consensus_vsearch	3009	C	*/+A	520	11	2.03%	2	2	93	93	4.633971617249264E-4	1	1	182	338	10	1	+A
barcode10_consensus_vsearch	3010	A	A	527	2	0.37%	2	1	93	93	0.24976348155137792	1	1	190	337	2	0	+G
barcode10_consensus_vsearch	3011	A	A	532	3	0.55%	2	2	93	93	0.12464920486402759	1	1	196	336	1	2	-G
barcode10_consensus_vsearch	3012	G	G	528	4	0.75%	2	2	93	93	0.0621473910819107	1	1	190	338	3	1	A
barcode10_consensus_vsearch	3013	G	G	532	4	0.74%	2	1	93	93	0.06215002371389885	1	1	193	339	4	0	T
barcode10_consensus_vsearch	3014	T	T	534	3	0.56%	2	2	93	93	0.1246505125815118	1	1	195	339	1	2	C
barcode10_consensus_vsearch	3015	G	*/-A	479	46	8.52%	2	2	93	93	5.0697443548096315E-15	1	1	195	284	1	45	-A
barcode10_consensus_vsearch	3016	A	A	493	0	0%	2	0	93	0	1.0	1	0	195	298	0	0	
barcode10_consensus_vsearch	3017	A	A	535	5	0.93%	2	2	93	93	0.030960783351964165	1	1	193	342	3	2	G
barcode10_consensus_vsearch	3018	A	A	537	2	0.37%	2	1	93	93	0.2497678737226224	1	1	193	344	2	0	G
barcode10_consensus_vsearch	3019	A	A	530	6	1.11%	2	2	93	93	0.015406776410247038	1	1	191	339	5	1	G
barcode10_consensus_vsearch	3020	C	*/-T	528	9	1.66%	2	1	93	93	0.0018882365473064763	1	1	195	333	0	9	-T
barcode10_consensus_vsearch	3021	T	T	521	5	0.94%	2	1	93	93	0.030953089299844624	1	1	194	327	0	5	-C
barcode10_consensus_vsearch	3022	C	C	523	5	0.93%	2	2	93	93	0.030954213418664108	1	1	194	329	3	2	-G
barcode10_consensus_vsearch	3023	G	G	525	5	0.93%	2	1	93	93	0.03095532905764353	1	1	192	333	0	5	-CTG
barcode10_consensus_vsearch	3024	C	C	519	6	1.12%	2	2	93	93	0.015402212914588027	1	1	191	328	3	3	A
barcode10_consensus_vsearch	3025	T	T	529	2	0.37%	2	1	93	93	0.24976437323210715	1	1	197	332	0	2	-G
barcode10_consensus_vsearch	3026	G	G	532	1	0.19%	2	1	93	93	0.4999999999999138	1	1	197	335	0	1	+T
barcode10_consensus_vsearch	3027	G	G	535	2	0.37%	2	1	93	93	0.24976700838742935	1	1	197	338	0	2	-C
barcode10_consensus_vsearch	3028	C	C	536	2	0.37%	2	1	93	93	0.2497674418606225	1	1	197	339	0	2	T
barcode10_consensus_vsearch	3029	T	T	530	4	0.74%	2	1	93	93	0.06214871233009074	1	1	195	335	0	4	-C
barcode10_consensus_vsearch	3030	C	C	528	5	0.93%	2	1	93	93	0.03095698682522861	1	1	197	331	0	5	+T
barcode10_consensus_vsearch	3031	T	T	531	5	0.93%	2	2	93	93	0.030958626044663474	1	1	195	336	2	3	C
barcode10_consensus_vsearch	3032	G	G	536	1	0.19%	2	1	93	93	0.4999999999999138	1	1	195	341	1	0	+CA
barcode10_consensus_vsearch	3033	T	T	531	4	0.74%	2	1	93	93	0.062149369248170376	1	1	191	340	4	0	+C
barcode10_consensus_vsearch	3034	C	C	532	2	0.37%	2	1	93	93	0.2497656982194512	1	1	193	339	2	0	+G
barcode10_consensus_vsearch	3035	A	A	525	5	0.93%	2	2	93	93	0.03095532905764353	1	1	190	335	4	1	G
barcode10_consensus_vsearch	3036	G	G	535	2	0.37%	2	2	93	93	0.24976700838742935	1	1	194	341	1	1	A
barcode10_consensus_vsearch	3037	T	*/-GT	526	7	1.3%	2	2	93	93	0.007659174618154892	1	1	194	332	1	6	-GT
barcode10_consensus_vsearch	3038	G	G	527	2	0.38%	2	1	93	93	0.24976348155137792	1	1	191	336	2	0	+CT
barcode10_consensus_vsearch	3039	T	W	510	11	2.07%	2	1	93	93	4.629274092769525E-4	1	1	194	316	0	11	A
barcode10_consensus_vsearch	3040	A	A	531	2	0.37%	2	1	93	93	0.249765258215703	1	1	192	339	2	0	G
barcode10_consensus_vsearch	3041	G	G	536	3	0.56%	2	2	93	93	0.12465181058487508	1	1	195	341	2	1	-C
barcode10_consensus_vsearch	3042	C	C	533	2	0.37%	2	1	93	93	0.2497661365761488	1	1	194	339	0	2	T
barcode10_consensus_vsearch	3043	G	*/-CGCG	524	16	2.96%	2	1	93	93	1.3632037671173861E-5	1	1	197	327	0	16	-CGCG
barcode10_consensus_vsearch	3044	C	C	518	3	0.57%	2	1	93	93	0.12463976945254633	1	1	195	323	0	3	T
barcode10_consensus_vsearch	3045	G	*/-CG	406	111	21.26%	2	2	93	93	5.102488387787049E-37	1	1	169	237	22	89	-CG
barcode10_consensus_vsearch	3046	C	C	400	5	1.22%	2	1	93	93	0.030864438634128317	1	1	168	232	0	5	T
barcode10_consensus_vsearch	3047	G	R	388	7	1.7%	2	2	93	93	0.007605882130108492	1	1	163	225	5	2	A
barcode10_consensus_vsearch	3048	T	T	528	1	0.19%	2	1	93	93	0.4999999999999138	1	1	193	335	1	0	+C
barcode10_consensus_vsearch	3049	G	G	519	5	0.94%	2	2	93	93	0.030951956604203933	1	1	189	330	4	1	A
barcode10_consensus_vsearch	3050	C	Y	516	7	1.31%	2	1	93	93	0.007656254294522524	1	1	192	324	0	7	T
barcode10_consensus_vsearch	3051	G	G	524	5	0.95%	2	2	93	93	0.030954772292166692	1	1	192	332	4	1	A
barcode10_consensus_vsearch	3052	G	*/-C	519	10	1.86%	2	2	93	93	9.355360884142277E-4	1	1	182	337	9	1	-C
barcode10_consensus_vsearch	3053	C	C	521	3	0.57%	2	2	93	93	0.12464183381091085	1	1	186	335	2	1	A
barcode10_consensus_vsearch	3054	C	C	535	3	0.56%	2	2	93	93	0.1246511627905904	1	1	195	340	2	1	T
barcode10_consensus_vsearch	3055	C	C	529	6	1.11%	2	2	93	93	0.015406369286722026	1	1	189	340	3	3	T
barcode10_consensus_vsearch	3056	A	*/+G	523	10	1.86%	2	1	93	93	9.358401860391775E-4	1	1	191	332	0	10	+G
barcode10_consensus_vsearch	3057	G	G	533	5	0.92%	2	1	93	93	0.03095970870624187	1	1	194	339	0	5	+A
barcode10_consensus_vsearch	3058	A	A	537	1	0.19%	2	1	93	93	0.4999999999999138	1	1	193	344	1	0	G
barcode10_consensus_vsearch	3059	A	A	533	5	0.92%	2	2	93	93	0.03095970870624187	1	1	194	339	3	2	G
barcode10_consensus_vsearch	3060	C	C	530	4	0.74%	2	1	93	93	0.06214871233009074	1	1	196	334	0	4	+AAC
barcode10_consensus_vsearch	3061	A	A	533	2	0.37%	2	1	93	93	0.2497661365761488	1	1	194	339	0	2	+T
barcode10_consensus_vsearch	3062	T	T	533	3	0.56%	2	1	93	93	0.12464985994384618	1	1	193	340	3	0	+C
barcode10_consensus_vsearch	3063	C	C	533	5	0.93%	2	2	93	93	0.03095970870624187	1	1	193	340	2	3	-T
barcode10_consensus_vsearch	3064	T	T	521	5	0.94%	2	2	93	93	0.030953089299844624	1	1	186	335	2	3	C
barcode10_consensus_vsearch	3065	A	A	529	4	0.75%	2	2	93	93	0.06214805294605921	1	1	191	338	2	2	G
barcode10_consensus_vsearch	3066	A	R	515	9	1.67%	2	2	93	93	0.0018866414593969943	1	1	188	327	4	5	G
barcode10_consensus_vsearch	3067	G	G	524	4	0.75%	2	1	93	93	0.06214471854291143	1	1	187	337	4	0	+A
barcode10_consensus_vsearch	3068	G	G	536	2	0.37%	2	2	93	93	0.2497674418606225	1	1	194	342	1	1	A
barcode10_consensus_vsearch	3069	G	G	536	1	0.19%	2	1	93	93	0.4999999999999138	1	1	193	343	1	0	+C
barcode10_consensus_vsearch	3070	C	C	536	2	0.37%	2	2	93	93	0.2497674418606225	1	1	193	343	1	1	T
barcode10_consensus_vsearch	3071	A	A	536	2	0.37%	2	1	93	93	0.2497674418606225	1	1	193	343	2	0	G
barcode10_consensus_vsearch	3072	T	T	537	2	0.37%	2	2	93	93	0.2497678737226224	1	1	195	342	1	1	C
barcode10_consensus_vsearch	3073	C	C	537	2	0.37%	2	1	93	93	0.2497678737226224	1	1	195	342	0	2	+A
barcode10_consensus_vsearch	3074	A	A	536	3	0.55%	2	2	93	93	0.12465181058487508	1	1	195	341	2	1	G
barcode10_consensus_vsearch	3075	C	C	539	1	0.19%	2	1	93	93	0.4999999999999138	1	1	196	343	1	0	G
barcode10_consensus_vsearch	3076	A	A	536	2	0.37%	2	1	93	93	0.2497674418606225	1	1	194	342	2	0	G
barcode10_consensus_vsearch	3077	G	G	538	2	0.37%	2	2	93	93	0.24976830398477892	1	1	196	342	1	1	-A
barcode10_consensus_vsearch	3078	A	A	533	3	0.56%	2	2	93	93	0.12464985994384618	1	1	193	340	1	2	+C
barcode10_consensus_vsearch	3079	C	C	534	4	0.74%	2	2	93	93	0.06215132534293568	1	1	195	339	1	3	T
barcode10_consensus_vsearch	3080	C	C	538	1	0.18%	2	1	93	93	0.5000000000008233	1	1	196	342	0	1	+T
barcode10_consensus_vsearch	3081	T	Y	528	9	1.66%	2	2	93	93	0.0018882365473064763	1	1	196	332	1	8	C
barcode10_consensus_vsearch	3082	G	G	535	2	0.37%	2	1	93	93	0.24976700838742935	1	1	193	342	2	0	-T
barcode10_consensus_vsearch	3083	T	T	531	3	0.56%	2	1	93	93	0.12464854732871722	1	1	191	340	3	0	G
barcode10_consensus_vsearch	3084	T	*/-A	528	8	1.48%	2	1	93	93	0.0038048409676247133	1	1	186	342	8	0	-A
barcode10_consensus_vsearch	3085	A	A	523	4	0.75%	2	2	93	93	0.062144044065959504	1	1	184	339	2	2	G
barcode10_consensus_vsearch	3086	T	K	526	8	1.49%	2	2	93	93	0.003804463493552888	1	1	186	340	7	1	G
barcode10_consensus_vsearch	3087	T	T	531	3	0.56%	2	1	93	93	0.12464854732871722	1	1	193	338	0	3	-G
barcode10_consensus_vsearch	3088	G	*/-C	490	36	6.72%	2	1	93	93	7.82890778794099E-12	1	1	194	296	0	36	-C
barcode10_consensus_vsearch	3089	C	C	491	5	0.99%	2	1	93	93	0.030935140225559887	1	1	196	295	0	5	+T
barcode10_consensus_vsearch	3090	C	C	520	6	1.11%	2	1	93	93	0.01540263564963501	1	1	196	324	0	6	+T
barcode10_consensus_vsearch	3091	T	T	519	5	0.94%	2	1	93	93	0.030951956604203933	1	1	197	322	0	5	A
barcode10_consensus_vsearch	3092	C	*/-A	505	14	2.63%	2	2	93	93	5.5847438894803214E-5	1	1	192	313	3	11	-A
barcode10_consensus_vsearch	3093	A	R	513	9	1.71%	2	1	93	93	0.001886389075032373	1	1	192	321	0	9	G
barcode10_consensus_vsearch	3094	A	A	539	1	0.19%	2	1	93	93	0.4999999999999138	1	1	196	343	0	1	G
barcode10_consensus_vsearch	3095	A	A	533	4	0.74%	2	1	93	93	0.06215067574099081	1	1	191	342	4	0	G
barcode10_consensus_vsearch	3096	C	*/-T	515	18	3.33%	2	2	93	93	3.296732492132824E-6	1	1	191	324	1	17	-T
barcode10_consensus_vsearch	3097	T	T	507	6	1.16%	2	1	93	93	0.01539701179736281	1	1	194	313	0	6	+C
barcode10_consensus_vsearch	3098	T	*/-C	525	8	1.49%	2	2	93	93	0.003804273700811284	1	1	193	332	1	7	-C
barcode10_consensus_vsearch	3099	C	C	530	1	0.19%	2	1	93	93	0.4999999999990043	1	1	194	336	1	0	+AA
barcode10_consensus_vsearch	3100	C	C	528	4	0.74%	2	1	93	93	0.0621473910819107	1	1	195	333	0	4	+GG
barcode10_consensus_vsearch	3101	G	G	533	3	0.56%	2	1	93	93	0.12464985994384618	1	1	195	338	0	3	-TCAG
barcode10_consensus_vsearch	3102	T	T	530	3	0.56%	2	1	93	93	0.12464788732389653	1	1	193	337	3	0	+C
barcode10_consensus_vsearch	3103	C	C	533	1	0.19%	2	1	93	93	0.4999999999990043	1	1	195	338	1	0	+A
barcode10_consensus_vsearch	3104	A	A	532	3	0.56%	2	2	93	93	0.12464920486402759	1	1	195	337	2	1	G
barcode10_consensus_vsearch	3105	G	G	527	6	1.12%	2	1	93	93	0.015405550465377539	1	1	190	337	6	0	A
barcode10_consensus_vsearch	3106	C	C	533	3	0.56%	2	2	93	93	0.12464985994384618	1	1	196	337	1	2	-T
barcode10_consensus_vsearch	3107	T	Y	509	14	2.62%	2	1	93	93	5.588589091343402E-5	1	1	187	322	0	14	C
barcode10_consensus_vsearch	3108	A	*/-G	517	9	1.68%	2	1	93	93	0.0018868919421650878	1	1	185	332	9	0	-G
barcode10_consensus_vsearch	3109	G	G	531	1	0.19%	2	1	93	93	0.4999999999999138	1	1	187	344	1	0	-A
barcode10_consensus_vsearch	3110	A	A	533	4	0.74%	2	2	93	93	0.06215067574099081	1	1	194	339	2	2	-C
barcode10_consensus_vsearch	3111	C	C	532	1	0.19%	2	1	93	93	0.4999999999999138	1	1	191	341	1	0	+A
barcode10_consensus_vsearch	3112	G	G	532	4	0.74%	2	1	93	93	0.06215002371389885	1	1	188	344	4	0	A
barcode10_consensus_vsearch	3113	C	C	529	3	0.56%	2	2	93	93	0.12464722483554738	1	1	188	341	2	1	-T
barcode10_consensus_vsearch	3114	T	T	529	3	0.56%	2	2	93	93	0.12464722483554738	1	1	190	339	1	2	C
barcode10_consensus_vsearch	3115	G	G	535	1	0.19%	2	1	93	93	0.4999999999999138	1	1	192	343	1	0	+A
barcode10_consensus_vsearch	3116	A	A	533	2	0.37%	2	1	93	93	0.2497661365761488	1	1	193	340	0	2	-C
barcode10_consensus_vsearch	3117	C	C	533	3	0.56%	2	1	93	93	0.12464985994384618	1	1	196	337	0	3	T
barcode10_consensus_vsearch	3118	A	A	533	4	0.74%	2	2	93	93	0.06215067574099081	1	1	193	340	3	1	G
barcode10_consensus_vsearch	3119	G	G	535	2	0.37%	2	1	93	93	0.24976700838742935	1	1	196	339	0	2	+C
barcode10_consensus_vsearch	3120	T	*/-C	508	22	4.07%	2	2	93	93	1.9086680451756123E-7	1	1	193	315	2	20	-C
barcode10_consensus_vsearch	3121	C	C	518	1	0.19%	2	1	93	93	0.4999999999999138	1	1	195	323	0	1	T
barcode10_consensus_vsearch	3122	C	C	537	1	0.18%	2	1	93	93	0.4999999999999138	1	1	195	342	1	0	+A
barcode10_consensus_vsearch	3123	C	C	534	4	0.74%	2	1	93	93	0.06215132534293568	1	1	197	337	0	4	-T
barcode10_consensus_vsearch	3124	T	*/+C	513	10	1.87%	2	1	93	93	9.350713309727379E-4	1	1	185	328	10	0	+C
barcode10_consensus_vsearch	3125	C	C	521	6	1.13%	2	1	93	93	0.015403056783624582	1	1	196	325	0	6	+T
barcode10_consensus_vsearch	3126	T	*/-A	501	17	3.2%	2	2	93	93	6.6765672903935056E-6	1	1	183	318	9	8	-A
barcode10_consensus_vsearch	3127	A	A	512	3	0.58%	2	2	93	93	0.12463556851309493	1	1	187	325	1	2	G
barcode10_consensus_vsearch	3128	A	A	526	5	0.93%	2	1	93	93	0.030955883727255742	1	1	194	332	0	5	T
barcode10_consensus_vsearch	3129	G	*/-AAG	502	16	2.99%	2	2	93	93	1.3565933538246189E-5	1	1	179	323	14	2	-AAG
barcode10_consensus_vsearch	3130	A	A	498	4	0.79%	2	1	93	93	0.062126308387585344	1	1	176	322	4	0	G
barcode10_consensus_vsearch	3131	A	A	517	2	0.38%	2	1	93	93	0.24975891996195723	1	1	183	334	0	2	-G
barcode10_consensus_vsearch	3132	G	G	518	2	0.38%	2	1	93	93	0.24975938402341052	1	1	182	336	0	2	+T
barcode10_consensus_vsearch	3133	T	T	528	5	0.93%	2	2	93	93	0.03095698682522861	1	1	190	338	3	2	C
barcode10_consensus_vsearch	3134	C	C	534	3	0.56%	2	1	93	93	0.1246505125815118	1	1	196	338	0	3	-T
barcode10_consensus_vsearch	3135	T	T	527	6	1.12%	2	1	93	93	0.015405550465377539	1	1	196	331	0	6	+G
barcode10_consensus_vsearch	3136	G	G	539	0	0%	2	0	93	0	1.0	1	0	197	342	0	0	
barcode10_consensus_vsearch	3137	C	C	533	4	0.74%	2	1	93	93	0.06215067574099081	1	1	195	338	0	4	T
barcode10_consensus_vsearch	3138	G	G	538	1	0.19%	2	1	93	93	0.5000000000008233	1	1	196	342	1	0	-A
barcode10_consensus_vsearch	3139	A	A	538	1	0.19%	2	1	93	93	0.5000000000008233	1	1	195	343	0	1	-C
barcode10_consensus_vsearch	3140	C	C	537	2	0.37%	2	1	93	93	0.2497678737226224	1	1	196	341	0	2	T
barcode10_consensus_vsearch	3141	C	C	538	2	0.37%	2	2	93	93	0.24976830398477892	1	1	196	342	1	1	-A
barcode10_consensus_vsearch	3142	A	A	527	6	1.11%	2	2	93	93	0.015405550465377539	1	1	192	335	4	2	G
barcode10_consensus_vsearch	3143	G	G	534	1	0.19%	2	1	93	93	0.5000000000008233	1	1	196	338	1	0	-C
barcode10_consensus_vsearch	3144	C	*/-A	389	111	20.67%	2	2	93	93	3.955648576683569E-37	1	1	111	278	71	40	-A
barcode10_consensus_vsearch	3145	A	A	411	1	0.24%	2	1	93	93	0.4999999999999138	1	1	114	297	0	1	+GG
barcode10_consensus_vsearch	3146	A	A	520	3	0.57%	2	1	93	93	0.12464114832532827	1	1	181	339	3	0	+G
barcode10_consensus_vsearch	3147	A	A	534	3	0.56%	2	1	93	93	0.1246505125815118	1	1	194	340	0	3	G
barcode10_consensus_vsearch	3148	A	A	532	5	0.92%	2	2	93	93	0.030959168383112096	1	1	195	337	2	3	-G
barcode10_consensus_vsearch	3149	G	G	533	1	0.19%	2	1	93	93	0.4999999999990043	1	1	193	340	1	0	+AAG
barcode10_consensus_vsearch	3150	C	C	536	2	0.37%	2	2	93	93	0.2497674418606225	1	1	195	341	1	1	A
barcode10_consensus_vsearch	3151	C	C	534	2	0.37%	2	1	93	93	0.24976657329578222	1	1	192	342	2	0	+A
barcode10_consensus_vsearch	3152	G	R	525	14	2.59%	2	2	93	93	5.603416627508612E-5	1	1	183	342	13	1	A
barcode10_consensus_vsearch	3153	G	R	514	14	2.59%	2	2	93	93	5.5933162205555704E-5	1	1	173	341	13	1	A
barcode10_consensus_vsearch	3154	C	C	524	3	0.57%	2	1	93	93	0.12464387464392387	1	1	186	338	0	3	T
barcode10_consensus_vsearch	3155	C	C	529	4	0.74%	2	1	93	93	0.06214805294605921	1	1	193	336	0	4	T
barcode10_consensus_vsearch	3156	G	G	531	3	0.56%	2	1	93	93	0.12464854732871722	1	1	194	337	0	3	T
barcode10_consensus_vsearch	3157	G	G	536	1	0.19%	2	1	93	93	0.4999999999999138	1	1	194	342	1	0	-ACTA
barcode10_consensus_vsearch	3158	A	A	536	2	0.37%	2	1	93	93	0.2497674418606225	1	1	194	342	2	0	G
barcode10_consensus_vsearch	3159	C	C	536	1	0.19%	2	1	93	93	0.4999999999999138	1	1	195	341	0	1	-T
barcode10_consensus_vsearch	3160	T	T	532	4	0.74%	2	1	93	93	0.06215002371389885	1	1	195	337	0	4	C
barcode10_consensus_vsearch	3161	A	A	520	5	0.93%	2	2	93	93	0.030952524030155748	1	1	189	331	2	3	-T
barcode10_consensus_vsearch	3162	T	T	528	3	0.56%	2	2	93	93	0.12464655984919866	1	1	191	337	2	1	C
barcode10_consensus_vsearch	3163	T	T	536	1	0.19%	2	1	93	93	0.4999999999999138	1	1	195	341	0	1	+GAA
barcode10_consensus_vsearch	3164	T	*/-A	529	8	1.48%	2	2	93	93	0.003805028656772291	1	1	189	340	6	2	-A
barcode10_consensus_vsearch	3165	A	A	521	5	0.94%	2	2	93	93	0.030953089299844624	1	1	186	335	4	1	G
barcode10_consensus_vsearch	3166	G	G	534	4	0.74%	2	1	93	93	0.06215132534293568	1	1	193	341	4	0	-C
barcode10_consensus_vsearch	3167	C	C	525	6	1.12%	2	2	93	93	0.015404725487673122	1	1	189	336	1	5	T
barcode10_consensus_vsearch	3168	A	*/-G	524	8	1.49%	2	2	93	93	0.0038040831989871004	1	1	187	337	5	3	-G
barcode10_consensus_vsearch	3169	G	G	530	1	0.19%	2	1	93	93	0.4999999999990043	1	1	191	339	1	0	+A
barcode10_consensus_vsearch	3170	G	G	537	1	0.18%	2	1	93	93	0.4999999999999138	1	1	196	341	1	0	+A
barcode10_consensus_vsearch	3171	T	Y	532	7	1.3%	2	1	93	93	0.007660874995560234	1	1	197	335	0	7	C
barcode10_consensus_vsearch	3172	T	*/+A	490	24	4.44%	2	1	93	93	4.528360062839251E-8	1	1	152	338	24	0	+A
barcode10_consensus_vsearch	3173	A	A	511	3	0.58%	2	2	93	93	0.12463485881198658	1	1	177	334	2	1	G
barcode10_consensus_vsearch	3174	A	R	524	7	1.3%	2	2	93	93	0.007658599319160323	1	1	191	333	5	2	G
barcode10_consensus_vsearch	3175	G	G	530	3	0.56%	2	1	93	93	0.12464788732389653	1	1	196	334	0	3	+C
barcode10_consensus_vsearch	3176	G	G	535	2	0.37%	2	1	93	93	0.24976700838742935	1	1	195	340	2	0	A
barcode10_consensus_vsearch	3177	T	T	534	2	0.37%	2	1	93	93	0.24976657329578222	1	1	197	337	0	2	+C
barcode10_consensus_vsearch	3178	C	C	535	2	0.37%	2	1	93	93	0.24976700838742935	1	1	196	339	0	2	-T
barcode10_consensus_vsearch	3179	T	T	529	3	0.56%	2	2	93	93	0.12464722483554738	1	1	194	335	1	2	C
barcode10_consensus_vsearch	3180	C	C	528	2	0.37%	2	1	93	93	0.24976392823365007	1	1	195	333	0	2	+A
barcode10_consensus_vsearch	3181	G	G	534	2	0.37%	2	2	93	93	0.24976657329578222	1	1	195	339	1	1	A
barcode10_consensus_vsearch	3182	T	T	528	6	1.11%	2	1	93	93	0.015405960641249931	1	1	197	331	0	6	C
barcode10_consensus_vsearch	3183	T	*/-C	525	9	1.66%	2	1	93	93	0.0018878752807627672	1	1	194	331	0	9	-C
barcode10_consensus_vsearch	3184	C	C	528	1	0.19%	2	1	93	93	0.4999999999999138	1	1	194	334	1	0	+AC
barcode10_consensus_vsearch	3185	G	G	538	2	0.37%	2	1	93	93	0.24976830398477892	1	1	194	344	2	0	A
barcode10_consensus_vsearch	3186	T	T	539	1	0.19%	2	1	93	93	0.4999999999999138	1	1	196	343	0	1	C
barcode10_consensus_vsearch	3187	T	T	539	1	0.19%	2	1	93	93	0.4999999999999138	1	1	196	343	0	1	C
barcode10_consensus_vsearch	3188	A	A	540	1	0.18%	2	1	93	93	0.5000000000008233	1	1	197	343	0	1	+T
barcode10_consensus_vsearch	3189	T	*/+C	531	9	1.66%	2	1	93	93	0.0018885938357894548	1	1	187	344	9	0	+C
barcode10_consensus_vsearch	3190	C	*/-G	525	14	2.59%	2	2	93	93	5.603416627508612E-5	1	1	187	338	8	6	-G
barcode10_consensus_vsearch	3191	G	G	520	4	0.76%	2	2	93	93	0.062142005182288046	1	1	184	336	3	1	A
barcode10_consensus_vsearch	3192	G	G	533	4	0.74%	2	1	93	93	0.06215067574099081	1	1	192	341	4	0	-A
barcode10_consensus_vsearch	3193	A	A	536	1	0.19%	2	1	93	93	0.4999999999999138	1	1	193	343	0	1	G
barcode10_consensus_vsearch	3194	A	A	535	2	0.37%	2	1	93	93	0.24976700838742935	1	1	195	340	0	2	+T
barcode10_consensus_vsearch	3195	T	T	537	1	0.19%	2	1	93	93	0.4999999999999138	1	1	196	341	0	1	A
barcode10_consensus_vsearch	3196	T	T	535	3	0.55%	2	2	93	93	0.1246511627905904	1	1	196	339	1	2	C
barcode10_consensus_vsearch	3197	A	A	538	3	0.55%	2	2	93	93	0.1246530989824234	1	1	195	343	2	1	G
barcode10_consensus_vsearch	3198	A	A	529	5	0.92%	2	1	93	93	0.030957535277242203	1	1	186	343	5	0	-C
barcode10_consensus_vsearch	3199	C	C	532	2	0.37%	2	2	93	93	0.2497656982194512	1	1	191	341	1	1	+T
barcode10_consensus_vsearch	3200	C	C	536	2	0.37%	2	1	93	93	0.2497674418606225	1	1	195	341	0	2	T
barcode10_consensus_vsearch	3201	A	A	526	6	1.11%	2	1	93	93	0.015405138750400803	1	1	192	334	0	6	+G
barcode10_consensus_vsearch	3202	G	G	537	1	0.19%	2	1	93	93	0.4999999999999138	1	1	193	344	1	0	+A
barcode10_consensus_vsearch	3203	A	A	534	2	0.37%	2	2	93	93	0.24976657329578222	1	1	194	340	1	1	-C
barcode10_consensus_vsearch	3204	C	*/-A	521	10	1.86%	2	2	93	93	9.356887027553198E-4	1	1	189	332	2	8	-A
barcode10_consensus_vsearch	3205	A	A	525	2	0.38%	2	2	93	93	0.24976258309635352	1	1	194	331	1	1	T
barcode10_consensus_vsearch	3206	A	A	537	3	0.55%	2	2	93	93	0.12465245597770591	1	1	194	343	2	1	G
barcode10_consensus_vsearch	3207	A	A	539	1	0.18%	2	1	93	93	0.4999999999999138	1	1	195	344	1	0	+C
barcode10_consensus_vsearch	3208	T	Y	526	10	1.85%	2	2	93	93	9.360653175925267E-4	1	1	193	333	1	9	C
barcode10_consensus_vsearch	3209	C	C	530	4	0.74%	2	1	93	93	0.06214871233009074	1	1	190	340	4	0	-A
barcode10_consensus_vsearch	3210	A	A	528	5	0.93%	2	2	93	93	0.03095698682522861	1	1	190	338	2	3	G
barcode10_consensus_vsearch	3211	C	*/-T	527	8	1.48%	2	2	93	93	0.003804652581188002	1	1	195	332	1	7	-T
barcode10_consensus_vsearch	3212	T	*/-C	513	7	1.32%	2	2	93	93	0.007655356380743495	1	1	183	330	4	3	-C
barcode10_consensus_vsearch	3213	C	C	530	0	0%	2	0	93	0	1.0	1	0	191	339	0	0	
barcode10_consensus_vsearch	3214	C	C	535	2	0.37%	2	1	93	93	0.24976700838742935	1	1	193	342	2	0	-A
barcode10_consensus_vsearch	3215	A	A	534	2	0.37%	2	1	93	93	0.24976657329578222	1	1	194	340	0	2	+C
barcode10_consensus_vsearch	3216	C	C	539	1	0.18%	2	1	93	93	0.4999999999999138	1	1	196	343	1	0	G
barcode10_consensus_vsearch	3217	C	C	537	3	0.55%	2	1	93	93	0.12465245597770591	1	1	197	340	0	3	T
barcode10_consensus_vsearch	3218	A	A	538	1	0.18%	2	1	93	93	0.5000000000008233	1	1	195	343	0	1	+CA
barcode10_consensus_vsearch	3219	A	A	526	5	0.92%	2	2	93	93	0.030955883727255742	1	1	185	341	4	1	-C
barcode10_consensus_vsearch	3220	C	C	534	1	0.19%	2	1	93	93	0.5000000000008233	1	1	193	341	0	1	+T
barcode10_consensus_vsearch	3221	T	Y	524	10	1.85%	2	1	93	93	9.35915507459734E-4	1	1	195	329	0	10	C
barcode10_consensus_vsearch	3222	A	A	535	1	0.19%	2	1	93	93	0.4999999999999138	1	1	195	340	0	1	+T
barcode10_consensus_vsearch	3223	A	A	535	3	0.55%	2	2	93	93	0.1246511627905904	1	1	196	339	1	2	G
barcode10_consensus_vsearch	3224	G	G	532	3	0.55%	2	1	93	93	0.12464920486402759	1	1	196	336	0	3	+A
barcode10_consensus_vsearch	3225	A	A	537	1	0.19%	2	1	93	93	0.4999999999999138	1	1	195	342	1	0	+C
barcode10_consensus_vsearch	3226	A	A	537	3	0.55%	2	2	93	93	0.12465245597770591	1	1	195	342	1	2	G
barcode10_consensus_vsearch	3227	C	*/-G	529	8	1.48%	2	2	93	93	0.003805028656772291	1	1	193	336	3	5	-G
barcode10_consensus_vsearch	3228	G	G	526	4	0.75%	2	1	93	93	0.06214605985717208	1	1	189	337	4	0	A
barcode10_consensus_vsearch	3229	G	G	536	3	0.55%	2	1	93	93	0.12465181058487508	1	1	192	344	3	0	-C
barcode10_consensus_vsearch	3230	C	C	535	2	0.37%	2	1	93	93	0.24976700838742935	1	1	192	343	2	0	A
barcode10_consensus_vsearch	3231	C	C	536	2	0.37%	2	1	93	93	0.2497674418606225	1	1	193	343	2	0	-A
barcode10_consensus_vsearch	3232	A	A	534	2	0.37%	2	1	93	93	0.24976657329578222	1	1	192	342	2	0	G
barcode10_consensus_vsearch	3233	T	T	533	2	0.37%	2	1	93	93	0.2497661365761488	1	1	193	340	2	0	-GC
barcode10_consensus_vsearch	3234	G	G	537	1	0.19%	2	1	93	93	0.4999999999999138	1	1	195	342	0	1	-C
barcode10_consensus_vsearch	3235	C	C	534	3	0.56%	2	1	93	93	0.1246505125815118	1	1	192	342	3	0	-AC
barcode10_consensus_vsearch	3236	A	A	530	5	0.93%	2	2	93	93	0.030958081679908694	1	1	192	338	1	4	G
barcode10_consensus_vsearch	3237	C	C	534	2	0.37%	2	1	93	93	0.24976657329578222	1	1	193	341	0	2	T
barcode10_consensus_vsearch	3238	C	C	539	2	0.37%	2	1	93	93	0.2497687326552616	1	1	197	342	0	2	T
barcode10_consensus_vsearch	3239	A	A	537	2	0.37%	2	1	93	93	0.2497678737226224	1	1	197	340	0	2	-C
barcode10_consensus_vsearch	3240	C	C	538	1	0.19%	2	1	93	93	0.5000000000008233	1	1	197	341	0	1	T
barcode10_consensus_vsearch	3241	C	C	535	2	0.37%	2	1	93	93	0.24976700838742935	1	1	192	343	2	0	-AC
barcode10_consensus_vsearch	3242	A	A	525	5	0.93%	2	1	93	93	0.03095532905764353	1	1	184	341	5	0	-C
barcode10_consensus_vsearch	3243	C	C	529	2	0.38%	2	1	93	93	0.24976437323210715	1	1	187	342	0	2	T
barcode10_consensus_vsearch	3244	C	C	535	1	0.19%	2	1	93	93	0.4999999999999138	1	1	192	343	0	1	+TC
barcode10_consensus_vsearch	3245	C	C	539	1	0.18%	2	1	93	93	0.4999999999999138	1	1	196	343	1	0	-A
barcode10_consensus_vsearch	3246	A	A	531	3	0.56%	2	1	93	93	0.12464854732871722	1	1	193	338	0	3	-TA
barcode10_consensus_vsearch	3247	T	T	520	5	0.93%	2	2	93	93	0.030952524030155748	1	1	189	331	1	4	-A
barcode10_consensus_vsearch	3248	A	A	530	1	0.19%	2	1	93	93	0.4999999999990043	1	1	193	337	1	0	+TA
barcode10_consensus_vsearch	3249	A	A	538	1	0.19%	2	1	93	93	0.5000000000008233	1	1	195	343	1	0	C
barcode10_consensus_vsearch	3250	A	A	540	1	0.18%	2	1	93	93	0.5000000000008233	1	1	196	344	1	0	C
barcode10_consensus_vsearch	3251	A	A	538	2	0.37%	2	2	93	93	0.24976830398477892	1	1	196	342	1	1	G
barcode10_consensus_vsearch	3252	T	T	534	3	0.55%	2	2	93	93	0.1246505125815118	1	1	193	341	2	1	C
barcode10_consensus_vsearch	3253	C	*/+A	497	24	4.45%	2	1	93	93	4.545499816483771E-8	1	1	157	340	24	0	+A
barcode10_consensus_vsearch	3254	A	A	519	3	0.57%	2	2	93	93	0.12464046021107343	1	1	180	339	1	2	G
barcode10_consensus_vsearch	3255	A	A	528	2	0.37%	2	1	93	93	0.24976392823365007	1	1	188	340	2	0	-G
barcode10_consensus_vsearch	3256	G	*/-A	489	29	5.4%	2	1	93	93	1.2447893116143358E-9	1	1	151	338	29	0	-A
barcode10_consensus_vsearch	3257	A	A	509	0	0%	2	0	93	0	1.0	1	0	167	342	0	0	
barcode10_consensus_vsearch	3258	A	A	536	1	0.19%	2	1	93	93	0.4999999999999138	1	1	194	342	1	0	+G
barcode10_consensus_vsearch	3259	A	A	538	1	0.19%	2	1	93	93	0.5000000000008233	1	1	195	343	1	0	G
barcode10_consensus_vsearch	3260	G	G	537	1	0.19%	2	1	93	93	0.4999999999999138	1	1	195	342	1	0	-A
barcode10_consensus_vsearch	3261	A	A	535	2	0.37%	2	1	93	93	0.24976700838742935	1	1	196	339	0	2	G
barcode10_consensus_vsearch	3262	G	G	536	1	0.19%	2	1	93	93	0.4999999999999138	1	1	196	340	1	0	+C
barcode10_consensus_vsearch	3263	C	C	535	3	0.56%	2	1	93	93	0.1246511627905904	1	1	196	339	0	3	+T
barcode10_consensus_vsearch	3264	T	T	535	3	0.56%	2	1	93	93	0.1246511627905904	1	1	197	338	0	3	C
barcode10_consensus_vsearch	3265	A	A	539	1	0.18%	2	1	93	93	0.4999999999999138	1	1	197	342	0	1	+G
barcode10_consensus_vsearch	3266	T	T	536	2	0.37%	2	1	93	93	0.2497674418606225	1	1	194	342	2	0	+C
barcode10_consensus_vsearch	3267	C	C	539	1	0.19%	2	1	93	93	0.4999999999999138	1	1	197	342	0	1	+A
barcode10_consensus_vsearch	3268	A	A	540	1	0.18%	2	1	93	93	0.5000000000008233	1	1	197	343	0	1	G
barcode10_consensus_vsearch	3269	A	A	538	2	0.37%	2	1	93	93	0.24976830398477892	1	1	197	341	0	2	-T
barcode10_consensus_vsearch	3270	T	T	535	3	0.56%	2	2	93	93	0.1246511627905904	1	1	196	339	1	2	C
barcode10_consensus_vsearch	3271	C	C	538	2	0.37%	2	1	93	93	0.24976830398477892	1	1	196	342	0	2	-T
barcode10_consensus_vsearch	3272	T	T	535	2	0.37%	2	2	93	93	0.24976700838742935	1	1	195	340	1	1	C
barcode10_consensus_vsearch	3273	G	G	538	1	0.19%	2	1	93	93	0.5000000000008233	1	1	195	343	0	1	-T
barcode10_consensus_vsearch	3274	T	T	532	3	0.56%	2	1	93	93	0.12464920486402759	1	1	191	341	3	0	+C
barcode10_consensus_vsearch	3275	C	C	538	3	0.55%	2	2	93	93	0.1246530989824234	1	1	196	342	1	2	-A
barcode10_consensus_vsearch	3276	A	A	537	1	0.19%	2	1	93	93	0.4999999999999138	1	1	196	341	0	1	G
barcode10_consensus_vsearch	3277	A	*/-T	525	7	1.29%	2	1	93	93	0.007658887507292351	1	1	196	329	0	7	-T
barcode10_consensus_vsearch	3278	T	*/+C	501	17	3.2%	2	2	93	93	6.6765672903935056E-6	1	1	171	330	16	1	+C
barcode10_consensus_vsearch	3279	C	C	524	4	0.76%	2	1	93	93	0.06214471854291143	1	1	188	336	0	4	T
barcode10_consensus_vsearch	3280	C	C	530	6	1.11%	2	1	93	93	0.015406776410247038	1	1	196	334	0	6	T
barcode10_consensus_vsearch	3281	T	T	528	2	0.37%	2	2	93	93	0.24976392823365007	1	1	194	334	1	1	+G
barcode10_consensus_vsearch	3282	A	A	533	3	0.56%	2	2	93	93	0.12464985994384618	1	1	194	339	1	2	G
barcode10_consensus_vsearch	3283	G	G	535	1	0.19%	2	1	93	93	0.4999999999999138	1	1	193	342	0	1	+CGG
barcode10_consensus_vsearch	3284	T	Y	530	8	1.48%	2	1	93	93	0.0038052156524719656	1	1	195	335	0	8	C
barcode10_consensus_vsearch	3285	T	T	533	3	0.56%	2	2	93	93	0.12464985994384618	1	1	194	339	1	2	C
barcode10_consensus_vsearch	3286	A	A	533	3	0.56%	2	1	93	93	0.12464985994384618	1	1	195	338	0	3	G
barcode10_consensus_vsearch	3287	T	T	528	6	1.11%	2	2	93	93	0.015405960641249931	1	1	192	336	1	5	C
barcode10_consensus_vsearch	3288	G	G	533	4	0.74%	2	1	93	93	0.06215067574099081	1	1	195	338	0	4	+T
barcode10_consensus_vsearch	3289	T	T	531	6	1.11%	2	2	93	93	0.015407182020391647	1	1	192	339	4	2	C
barcode10_consensus_vsearch	3290	C	C	535	4	0.74%	2	1	93	93	0.06215197253344983	1	1	197	338	0	4	-T
barcode10_consensus_vsearch	3291	T	*/-G	520	17	3.17%	2	1	93	93	6.708652441435347E-6	1	1	197	323	0	17	-G
barcode10_consensus_vsearch	3292	G	G	519	4	0.76%	2	1	93	93	0.062141320354043746	1	1	196	323	0	4	C
barcode10_consensus_vsearch	3293	G	G	540	1	0.18%	2	1	93	93	0.5000000000008233	1	1	197	343	0	1	+A
barcode10_consensus_vsearch	3294	A	A	535	4	0.74%	2	2	93	93	0.06215197253344983	1	1	193	342	2	2	G
barcode10_consensus_vsearch	3295	C	C	537	2	0.37%	2	1	93	93	0.2497678737226224	1	1	196	341	0	2	+T
barcode10_consensus_vsearch	3296	C	*/-T	528	7	1.29%	2	1	93	93	0.007659745632203721	1	1	195	333	0	7	-T
barcode10_consensus_vsearch	3297	T	*/-G	510	14	2.63%	2	1	93	93	5.5895415073951277E-5	1	1	194	316	0	14	-G
barcode10_consensus_vsearch	3298	G	G	516	4	0.76%	2	1	93	93	0.06213925005774881	1	1	191	325	4	0	+A
barcode10_consensus_vsearch	3299	G	G	536	2	0.37%	2	2	93	93	0.2497674418606225	1	1	195	341	1	1	A
barcode10_consensus_vsearch	3300	T	Y	526	8	1.48%	2	2	93	93	0.003804463493552888	1	1	192	334	2	6	C
barcode10_consensus_vsearch	3301	G	G	535	2	0.37%	2	1	93	93	0.24976700838742935	1	1	194	341	2	0	-A
barcode10_consensus_vsearch	3302	A	A	532	5	0.93%	2	2	93	93	0.030959168383112096	1	1	191	341	3	2	G
barcode10_consensus_vsearch	3303	G	G	532	6	1.11%	2	2	93	93	0.015407586125499683	1	1	191	341	5	1	+T
barcode10_consensus_vsearch	3304	T	T	532	6	1.11%	2	2	93	93	0.015407586125499683	1	1	195	337	1	5	C
barcode10_consensus_vsearch	3305	T	T	539	1	0.18%	2	1	93	93	0.4999999999999138	1	1	197	342	0	1	+C
barcode10_consensus_vsearch	3306	T	*/-C	421	78	14.42%	2	2	93	93	1.26228777865509E-25	1	1	182	239	11	67	-C
barcode10_consensus_vsearch	3307	C	C	438	1	0.23%	2	1	93	93	0.4999999999999138	1	1	186	252	0	1	T
barcode10_consensus_vsearch	3308	C	C	515	1	0.19%	2	1	93	93	0.4999999999990043	1	1	196	319	1	0	+A
barcode10_consensus_vsearch	3309	C	C	534	2	0.37%	2	1	93	93	0.24976657329578222	1	1	197	337	0	2	G
barcode10_consensus_vsearch	3310	C	Y	515	12	2.22%	2	1	93	93	2.2916305292040713E-4	1	1	196	319	0	12	T
barcode10_consensus_vsearch	3311	G	G	534	2	0.37%	2	1	93	93	0.24976657329578222	1	1	197	337	0	2	A
barcode10_consensus_vsearch	3312	T	T	525	5	0.93%	2	1	93	93	0.03095532905764353	1	1	197	328	0	5	C
barcode10_consensus_vsearch	3313	G	G	534	1	0.19%	2	1	93	93	0.5000000000008233	1	1	196	338	0	1	+CG
barcode10_consensus_vsearch	3314	T	T	532	2	0.37%	2	2	93	93	0.2497656982194512	1	1	195	337	1	1	G
barcode10_consensus_vsearch	3315	T	*/+G	523	10	1.86%	2	2	93	93	9.358401860391775E-4	1	1	188	335	8	2	+G
barcode10_consensus_vsearch	3316	G	G	533	4	0.74%	2	2	93	93	0.06215067574099081	1	1	193	340	3	1	-A
barcode10_consensus_vsearch	3317	A	A	528	3	0.56%	2	2	93	93	0.12464655984919866	1	1	190	338	2	1	G
barcode10_consensus_vsearch	3318	G	G	535	2	0.37%	2	1	93	93	0.24976700838742935	1	1	197	338	0	2	-T
barcode10_consensus_vsearch	3319	T	T	530	2	0.37%	2	1	93	93	0.24976481655673516	1	1	195	335	2	0	+C
barcode10_consensus_vsearch	3320	C	*/-A	504	22	4.09%	2	2	93	93	1.9053742519698838E-7	1	1	191	313	4	18	-A
barcode10_consensus_vsearch	3321	A	A	499	4	0.79%	2	1	93	93	0.06212705168072794	1	1	187	312	4	0	+G
barcode10_consensus_vsearch	3322	A	A	522	5	0.94%	2	2	93	93	0.03095365242531379	1	1	193	329	3	2	G
barcode10_consensus_vsearch	3323	A	M	523	7	1.3%	2	1	93	93	0.0076583100477239955	1	1	195	328	0	7	C
barcode10_consensus_vsearch	3324	T	Y	520	13	2.43%	2	2	93	93	1.1335863736764801E-4	1	1	192	328	1	12	C
barcode10_consensus_vsearch	3325	T	*/-AA	490	34	6.31%	2	1	93	93	3.347955086027981E-11	1	1	195	295	0	34	-AA
barcode10_consensus_vsearch	3326	A	M	482	10	2.01%	2	2	93	93	9.324919401133498E-4	1	1	190	292	5	5	C
barcode10_consensus_vsearch	3327	A	R	491	7	1.38%	2	2	93	93	0.007648442473937147	1	1	194	297	2	5	G
barcode10_consensus_vsearch	3328	G	G	531	3	0.56%	2	1	93	93	0.12464854732871722	1	1	194	337	3	0	+C
barcode10_consensus_vsearch	3329	C	C	532	3	0.56%	2	1	93	93	0.12464920486402759	1	1	196	336	0	3	T
barcode10_consensus_vsearch	3330	C	Y	514	18	3.33%	2	2	93	93	3.2958131076589083E-6	1	1	189	325	1	17	T
barcode10_consensus_vsearch	3331	G	G	530	3	0.56%	2	2	93	93	0.12464788732389653	1	1	189	341	2	1	A
barcode10_consensus_vsearch	3332	C	C	536	1	0.19%	2	1	93	93	0.4999999999999138	1	1	193	343	1	0	A
barcode10_consensus_vsearch	3333	A	R	527	8	1.48%	2	2	93	93	0.003804652581188002	1	1	188	339	6	2	G
barcode10_consensus_vsearch	3334	G	G	533	3	0.56%	2	1	93	93	0.12464985994384618	1	1	191	342	3	0	+AG
barcode10_consensus_vsearch	3335	G	G	535	3	0.56%	2	2	93	93	0.1246511627905904	1	1	195	340	2	1	A
barcode10_consensus_vsearch	3336	C	C	530	4	0.74%	2	1	93	93	0.06214871233009074	1	1	194	336	0	4	T
barcode10_consensus_vsearch	3337	T	*/+C	517	16	2.98%	2	2	93	93	1.3611570942457754E-5	1	1	183	334	11	5	+C
barcode10_consensus_vsearch	3338	C	C	537	1	0.19%	2	1	93	93	0.4999999999999138	1	1	194	343	1	0	+TCC
barcode10_consensus_vsearch	3339	C	*/-A	514	15	2.78%	2	2	93	93	2.7596162810078476E-5	1	1	171	343	14	1	-A
barcode10_consensus_vsearch	3340	A	A	508	4	0.78%	2	2	93	93	0.06213361059983062	1	1	168	340	2	2	G
barcode10_consensus_vsearch	3341	C	C	520	5	0.94%	2	1	93	93	0.030952524030155748	1	1	186	334	0	5	-T
barcode10_consensus_vsearch	3342	T	*/+C	491	18	3.37%	2	2	93	93	3.2737300261302842E-6	1	1	175	316	14	4	+C
barcode10_consensus_vsearch	3343	C	C	512	5	0.96%	2	2	93	93	0.030947923190345967	1	1	188	324	1	4	T
barcode10_consensus_vsearch	3344	C	C	522	4	0.75%	2	1	93	93	0.06214336702335401	1	1	195	327	0	4	-T
barcode10_consensus_vsearch	3345	T	*/+A	509	12	2.24%	2	1	93	93	2.289941597784763E-4	1	1	183	326	12	0	+A
barcode10_consensus_vsearch	3346	G	R	499	25	4.72%	2	2	93	93	2.2230084627181292E-8	1	1	170	329	23	2	A
barcode10_consensus_vsearch	3347	G	K	522	12	2.22%	2	1	93	93	2.2935539704776033E-4	1	1	182	340	12	0	T
barcode10_consensus_vsearch	3348	T	Y	525	7	1.3%	2	1	93	93	0.007658887507292351	1	1	196	329	0	7	C
barcode10_consensus_vsearch	3349	G	G	531	4	0.74%	2	2	93	93	0.062149369248170376	1	1	192	339	2	2	A
barcode10_consensus_vsearch	3350	G	G	532	3	0.56%	2	1	93	93	0.12464920486402759	1	1	193	339	3	0	T
barcode10_consensus_vsearch	3351	T	T	533	3	0.56%	2	1	93	93	0.12464985994384618	1	1	196	337	0	3	-G
barcode10_consensus_vsearch	3352	G	*/+C	512	15	2.8%	2	2	93	93	2.7585478691415453E-5	1	1	190	322	3	12	+C
barcode10_consensus_vsearch	3353	C	C	527	2	0.37%	2	1	93	93	0.24976348155137792	1	1	193	334	0	2	+T
barcode10_consensus_vsearch	3354	C	*/+T	524	11	2.04%	2	1	93	93	4.635802256328469E-4	1	1	197	327	0	11	+T
barcode10_consensus_vsearch	3355	C	C	530	4	0.74%	2	1	93	93	0.06214871233009074	1	1	195	335	0	4	+T
barcode10_consensus_vsearch	3356	T	*/+CT	513	19	3.54%	2	1	93	93	1.6195486972662587E-6	1	1	196	317	0	19	+CT
barcode10_consensus_vsearch	3357	T	T	527	5	0.93%	2	2	93	93	0.030956436312490055	1	1	193	334	2	3	+C
barcode10_consensus_vsearch	3358	C	C	531	1	0.19%	2	1	93	93	0.4999999999999138	1	1	195	336	0	1	+TT
barcode10_consensus_vsearch	3359	C	C	534	2	0.37%	2	1	93	93	0.24976657329578222	1	1	196	338	0	2	-G
barcode10_consensus_vsearch	3360	G	G	536	2	0.37%	2	1	93	93	0.2497674418606225	1	1	197	339	0	2	+C
barcode10_consensus_vsearch	3361	T	T	526	6	1.11%	2	2	93	93	0.015405138750400803	1	1	189	337	2	4	C
barcode10_consensus_vsearch	3362	C	*/-A	528	8	1.49%	2	2	93	93	0.0038048409676247133	1	1	194	334	1	7	-A
barcode10_consensus_vsearch	3363	A	A	530	1	0.19%	2	1	93	93	0.4999999999990043	1	1	195	335	0	1	G
barcode10_consensus_vsearch	3364	A	A	528	4	0.74%	2	1	93	93	0.0621473910819107	1	1	194	334	0	4	-T
barcode10_consensus_vsearch	3365	T	T	530	2	0.38%	2	1	93	93	0.24976481655673516	1	1	196	334	0	2	C
barcode10_consensus_vsearch	3366	T	*/-C	526	7	1.3%	2	2	93	93	0.007659174618154892	1	1	194	332	3	4	-C
barcode10_consensus_vsearch	3367	C	C	531	1	0.19%	2	1	93	93	0.4999999999999138	1	1	194	337	0	1	T
barcode10_consensus_vsearch	3368	C	*/-T	515	13	2.41%	2	2	93	93	1.13278229476532E-4	1	1	195	320	1	12	-T
barcode10_consensus_vsearch	3369	T	T	519	2	0.38%	2	1	93	93	0.24975984630119435	1	1	196	323	0	2	C
barcode10_consensus_vsearch	3370	T	T	533	2	0.37%	2	1	93	93	0.2497661365761488	1	1	197	336	0	2	C
barcode10_consensus_vsearch	3371	T	*/-A	522	7	1.3%	2	2	93	93	0.007658019686838506	1	1	192	330	3	4	-A
barcode10_consensus_vsearch	3372	A	A	524	1	0.19%	2	1	93	93	0.4999999999990043	1	1	193	331	1	0	+G
barcode10_consensus_vsearch	3373	A	R	525	8	1.5%	2	2	93	93	0.003804273700811284	1	1	195	330	2	6	G
barcode10_consensus_vsearch	3374	G	G	528	6	1.11%	2	1	93	93	0.015405960641249931	1	1	186	342	6	0	+T
barcode10_consensus_vsearch	3375	T	Y	526	11	2.04%	2	1	93	93	4.636707514459565E-4	1	1	196	330	0	11	C
barcode10_consensus_vsearch	3376	T	T	537	2	0.37%	2	1	93	93	0.2497678737226224	1	1	197	340	0	2	C
barcode10_consensus_vsearch	3377	T	*/+C	530	7	1.29%	2	2	93	93	0.007660312408999644	1	1	192	338	3	4	+C
barcode10_consensus_vsearch	3378	C	C	539	1	0.18%	2	1	93	93	0.4999999999999138	1	1	197	342	0	1	-A
barcode10_consensus_vsearch	3379	A	A	538	1	0.19%	2	1	93	93	0.5000000000008233	1	1	197	341	0	1	+C
barcode10_consensus_vsearch	3380	G	G	535	2	0.37%	2	1	93	93	0.24976700838742935	1	1	195	340	2	0	A
barcode10_consensus_vsearch	3381	C	C	531	3	0.56%	2	1	93	93	0.12464854732871722	1	1	197	334	0	3	+T
barcode10_consensus_vsearch	3382	C	*/+T	513	18	3.33%	2	2	93	93	3.294890459690035E-6	1	1	196	317	1	17	+T
barcode10_consensus_vsearch	3383	T	T	529	2	0.38%	2	1	93	93	0.24976437323210715	1	1	194	335	2	0	C
barcode10_consensus_vsearch	3384	T	T	527	5	0.92%	2	2	93	93	0.030956436312490055	1	1	193	334	3	2	C
barcode10_consensus_vsearch	3385	G	R	516	11	2.05%	2	2	93	93	4.632113647208495E-4	1	1	189	327	4	7	A
barcode10_consensus_vsearch	3386	C	Y	506	17	3.18%	2	2	93	93	6.685225258218731E-6	1	1	189	317	3	14	T
barcode10_consensus_vsearch	3387	G	G	528	2	0.38%	2	1	93	93	0.24976392823365007	1	1	193	335	2	0	-A
barcode10_consensus_vsearch	3388	A	A	531	2	0.37%	2	1	93	93	0.249765258215703	1	1	190	341	0	2	+T
barcode10_consensus_vsearch	3389	C	C	537	2	0.37%	2	1	93	93	0.2497678737226224	1	1	196	341	0	2	T
barcode10_consensus_vsearch	3390	C	C	537	2	0.37%	2	2	93	93	0.2497678737226224	1	1	196	341	1	1	-A
barcode10_consensus_vsearch	3391	A	A	532	2	0.37%	2	1	93	93	0.2497656982194512	1	1	192	340	2	0	+C
barcode10_consensus_vsearch	3392	T	T	533	3	0.56%	2	1	93	93	0.12464985994384618	1	1	196	337	0	3	C
barcode10_consensus_vsearch	3393	A	A	523	6	1.12%	2	1	93	93	0.015403894284021311	1	1	191	332	0	6	+C
barcode10_consensus_vsearch	3394	C	*/+T	510	18	3.33%	2	2	93	93	3.292102760585001E-6	1	1	191	319	1	17	+T
barcode10_consensus_vsearch	3395	T	*/+C	279	182	34.27%	2	2	93	93	2.840367165568005E-65	1	1	95	184	58	124	+C
barcode10_consensus_vsearch	3396	C	C	471	6	1.24%	2	2	93	93	0.01537984165122143	1	1	162	309	1	5	+TC
barcode10_consensus_vsearch	3397	C	C	531	4	0.75%	2	1	93	93	0.062149369248170376	1	1	195	336	0	4	T
barcode10_consensus_vsearch	3398	C	C	537	1	0.19%	2	1	93	93	0.4999999999999138	1	1	197	340	0	1	+TTCCC
barcode10_consensus_vsearch	3399	C	C	537	1	0.19%	2	1	93	93	0.4999999999999138	1	1	196	341	1	0	+A
barcode10_consensus_vsearch	3400	C	C	532	4	0.74%	2	1	93	93	0.06215002371389885	1	1	190	342	4	0	+A
barcode10_consensus_vsearch	3401	A	A	537	2	0.37%	2	1	93	93	0.2497678737226224	1	1	197	340	0	2	G
barcode10_consensus_vsearch	3402	G	G	536	2	0.37%	2	1	93	93	0.2497674418606225	1	1	195	341	0	2	+A
barcode10_consensus_vsearch	3403	A	A	539	0	0%	2	0	93	0	1.0	1	0	195	344	0	0	
barcode10_consensus_vsearch	3404	A	A	537	4	0.74%	2	1	93	93	0.06215325973347298	1	1	193	344	4	0	-C
barcode10_consensus_vsearch	3405	C	C	535	1	0.19%	2	1	93	93	0.4999999999999138	1	1	192	343	0	1	+T
barcode10_consensus_vsearch	3406	C	C	538	1	0.18%	2	1	93	93	0.5000000000008233	1	1	194	344	1	0	+T
barcode10_consensus_vsearch	3407	C	*/+A	520	7	1.29%	2	2	93	93	0.0076574356719944486	1	1	182	338	5	2	+A
barcode10_consensus_vsearch	3408	A	A	531	1	0.19%	2	1	93	93	0.4999999999999138	1	1	190	341	0	1	T
barcode10_consensus_vsearch	3409	A	A	536	2	0.37%	2	1	93	93	0.2497674418606225	1	1	192	344	2	0	+G
barcode10_consensus_vsearch	3410	A	A	536	4	0.74%	2	2	93	93	0.06215261732591134	1	1	193	343	3	1	G
barcode10_consensus_vsearch	3411	G	G	537	2	0.37%	2	1	93	93	0.2497678737226224	1	1	194	343	2	0	-A
barcode10_consensus_vsearch	3412	A	A	532	6	1.11%	2	2	93	93	0.015407586125499683	1	1	190	342	5	1	G
barcode10_consensus_vsearch	3413	C	*/-T	523	9	1.67%	2	1	93	93	0.0018876321934375318	1	1	195	328	0	9	-T
barcode10_consensus_vsearch	3414	T	T	526	2	0.38%	2	1	93	93	0.2497630331753048	1	1	196	330	0	2	C
barcode10_consensus_vsearch	3415	T	T	536	2	0.37%	2	1	93	93	0.2497674418606225	1	1	196	340	0	2	C
barcode10_consensus_vsearch	3416	T	T	532	3	0.56%	2	1	93	93	0.12464920486402759	1	1	194	338	0	3	+G
barcode10_consensus_vsearch	3417	G	G	538	1	0.19%	2	1	93	93	0.5000000000008233	1	1	196	342	1	0	-A
barcode10_consensus_vsearch	3418	A	*/-T	521	11	2.04%	2	1	93	93	4.634431815629532E-4	1	1	196	325	0	11	-T
barcode10_consensus_vsearch	3419	T	T	522	5	0.95%	2	2	93	93	0.03095365242531379	1	1	191	331	4	1	C
barcode10_consensus_vsearch	3420	T	T	537	3	0.56%	2	1	93	93	0.12465245597770591	1	1	197	340	0	3	C
barcode10_consensus_vsearch	3421	T	*/-C	503	13	2.41%	2	2	93	93	1.1307906032105104E-4	1	1	196	307	1	12	-C
barcode10_consensus_vsearch	3422	C	*/-TC	490	19	3.68%	2	1	93	93	1.6074014428321868E-6	1	1	196	294	0	19	-TC
barcode10_consensus_vsearch	3423	T	T	501	3	0.59%	2	2	93	93	0.12462760675288043	1	1	195	306	2	1	C
barcode10_consensus_vsearch	3424	C	C	496	3	0.59%	2	1	93	93	0.12462387161468681	1	1	197	299	0	3	-G
barcode10_consensus_vsearch	3425	G	R	520	8	1.51%	2	2	93	93	0.0038033140209771956	1	1	196	324	1	7	A
barcode10_consensus_vsearch	3426	T	W	498	9	1.69%	2	1	93	93	0.0018844333295791398	1	1	183	315	0	9	A
barcode10_consensus_vsearch	3427	A	A	521	3	0.57%	2	1	93	93	0.12464183381091085	1	1	188	333	3	0	+G
barcode10_consensus_vsearch	3428	A	A	525	4	0.75%	2	2	93	93	0.062145390468482414	1	1	194	331	2	2	-G
barcode10_consensus_vsearch	3429	G	G	526	4	0.75%	2	1	93	93	0.06214605985717208	1	1	191	335	4	0	+A
barcode10_consensus_vsearch	3430	G	G	527	5	0.93%	2	1	93	93	0.030956436312490055	1	1	192	335	5	0	T
barcode10_consensus_vsearch	3431	T	T	532	5	0.93%	2	1	93	93	0.030959168383112096	1	1	196	336	0	5	A
barcode10_consensus_vsearch	3432	G	G	536	1	0.19%	2	1	93	93	0.4999999999999138	1	1	194	342	1	0	+CC
barcode10_consensus_vsearch	3433	C	C	535	2	0.37%	2	1	93	93	0.24976700838742935	1	1	195	340	0	2	T
barcode10_consensus_vsearch	3434	C	Y	529	7	1.29%	2	2	93	93	0.007660029547299292	1	1	195	334	1	6	T
barcode10_consensus_vsearch	3435	G	G	537	2	0.37%	2	1	93	93	0.2497678737226224	1	1	194	343	2	0	+A
barcode10_consensus_vsearch	3436	A	*/-G	527	7	1.29%	2	2	93	93	0.007659460657798071	1	1	191	336	5	2	-G
barcode10_consensus_vsearch	3437	G	G	526	2	0.38%	2	2	93	93	0.2497630331753048	1	1	191	335	1	1	+A
barcode10_consensus_vsearch	3438	C	*/+T	522	8	1.48%	2	2	93	93	0.0038037000521996237	1	1	195	327	1	7	+T
barcode10_consensus_vsearch	3439	G	G	534	2	0.37%	2	1	93	93	0.24976657329578222	1	1	197	337	0	2	-A
barcode10_consensus_vsearch	3440	A	A	531	2	0.37%	2	1	93	93	0.249765258215703	1	1	196	335	0	2	+T
barcode10_consensus_vsearch	3441	C	C	538	1	0.19%	2	1	93	93	0.5000000000008233	1	1	197	341	0	1	+G
barcode10_consensus_vsearch	3442	A	*/-CA	525	12	2.22%	2	2	93	93	2.2943632667974108E-4	1	1	191	334	6	6	-CA
barcode10_consensus_vsearch	3443	C	C	519	5	0.95%	2	2	93	93	0.030951956604203933	1	1	182	337	4	1	T
barcode10_consensus_vsearch	3444	A	A	516	4	0.76%	2	2	93	93	0.06213925005774881	1	1	181	335	3	1	G
barcode10_consensus_vsearch	3445	T	*/-A	444	54	10.02%	2	2	93	93	1.2151657974880822E-17	1	1	128	316	43	11	-A
barcode10_consensus_vsearch	3446	A	A	468	2	0.42%	2	2	93	93	0.24973375931853933	1	1	143	325	1	1	C
barcode10_consensus_vsearch	3447	A	A	521	2	0.38%	2	1	93	93	0.24976076555023663	1	1	185	336	0	2	G
barcode10_consensus_vsearch	3448	A	R	532	7	1.3%	2	2	93	93	0.007660874995560234	1	1	195	337	2	5	G
barcode10_consensus_vsearch	3449	A	A	530	5	0.93%	2	1	93	93	0.030958081679908694	1	1	193	337	0	5	T
barcode10_consensus_vsearch	3450	G	G	533	2	0.37%	2	1	93	93	0.2497661365761488	1	1	193	340	0	2	-T
barcode10_consensus_vsearch	3451	T	Y	520	8	1.49%	2	1	93	93	0.0038033140209771956	1	1	193	327	0	8	C
barcode10_consensus_vsearch	3452	G	G	524	4	0.74%	2	1	93	93	0.06214471854291143	1	1	187	337	4	0	+A
barcode10_consensus_vsearch	3453	A	A	521	5	0.93%	2	1	93	93	0.030953089299844624	1	1	185	336	5	0	-G
barcode10_consensus_vsearch	3454	G	*/-A	522	7	1.32%	2	1	93	93	0.007658019686838506	1	1	182	340	7	0	-A
barcode10_consensus_vsearch	3455	A	A	521	3	0.57%	2	1	93	93	0.12464183381091085	1	1	188	333	0	3	+GA
barcode10_consensus_vsearch	3456	T	T	535	2	0.37%	2	2	93	93	0.24976700838742935	1	1	196	339	1	1	C
barcode10_consensus_vsearch	3457	C	C	536	2	0.37%	2	1	93	93	0.2497674418606225	1	1	195	341	0	2	T
barcode10_consensus_vsearch	3458	G	G	526	5	0.93%	2	2	93	93	0.030955883727255742	1	1	186	340	3	2	A
barcode10_consensus_vsearch	3459	C	C	533	2	0.37%	2	1	93	93	0.2497661365761488	1	1	191	342	0	2	+T
barcode10_consensus_vsearch	3460	C	C	537	3	0.56%	2	2	93	93	0.12465245597770591	1	1	194	343	2	1	T
barcode10_consensus_vsearch	3461	C	Y	520	10	1.85%	2	2	93	93	9.356125377556371E-4	1	1	191	329	5	5	T
barcode10_consensus_vsearch	3462	G	G	539	1	0.18%	2	1	93	93	0.4999999999999138	1	1	195	344	1	0	-A
barcode10_consensus_vsearch	3463	A	A	532	3	0.56%	2	1	93	93	0.12464920486402759	1	1	195	337	0	3	+C
barcode10_consensus_vsearch	3464	T	*/-C	489	36	6.69%	2	2	93	93	7.81934219331413E-12	1	1	158	331	28	8	-C
barcode10_consensus_vsearch	3465	C	C	499	1	0.2%	2	1	93	93	0.4999999999999138	1	1	164	335	0	1	T
barcode10_consensus_vsearch	3466	C	Y	522	9	1.68%	2	2	93	93	0.0018875099693472243	1	1	191	331	1	8	T
barcode10_consensus_vsearch	3467	C	C	532	6	1.11%	2	1	93	93	0.015407586125499683	1	1	197	335	0	6	-T
barcode10_consensus_vsearch	3468	T	T	527	4	0.75%	2	2	93	93	0.06214672672359405	1	1	192	335	2	2	C
barcode10_consensus_vsearch	3469	A	A	533	6	1.11%	2	2	93	93	0.015407988734056442	1	1	193	340	2	4	G
barcode10_consensus_vsearch	3470	G	G	534	2	0.37%	2	2	93	93	0.24976657329578222	1	1	194	340	1	1	A
barcode10_consensus_vsearch	3471	T	T	530	3	0.56%	2	1	93	93	0.12464788732389653	1	1	192	338	3	0	+C
barcode10_consensus_vsearch	3472	C	C	531	2	0.37%	2	1	93	93	0.249765258215703	1	1	194	337	2	0	+AC
barcode10_consensus_vsearch	3473	G	G	532	5	0.93%	2	2	93	93	0.030959168383112096	1	1	192	340	4	1	A
barcode10_consensus_vsearch	3474	G	G	539	1	0.19%	2	1	93	93	0.4999999999999138	1	1	197	342	0	1	A
barcode10_consensus_vsearch	3475	C	C	537	2	0.37%	2	2	93	93	0.2497678737226224	1	1	194	343	1	1	T
barcode10_consensus_vsearch	3476	A	A	535	3	0.55%	2	2	93	93	0.1246511627905904	1	1	193	342	2	1	G
barcode10_consensus_vsearch	3477	T	*/-A	528	7	1.3%	2	1	93	93	0.007659745632203721	1	1	187	341	7	0	-A
barcode10_consensus_vsearch	3478	A	A	530	1	0.19%	2	1	93	93	0.4999999999990043	1	1	188	342	0	1	+G
barcode10_consensus_vsearch	3479	G	G	532	4	0.74%	2	2	93	93	0.06215002371389885	1	1	190	342	3	1	+T
barcode10_consensus_vsearch	3480	T	K	526	8	1.48%	2	1	93	93	0.003804463493552888	1	1	188	338	8	0	G
barcode10_consensus_vsearch	3481	T	T	536	3	0.55%	2	1	93	93	0.12465181058487508	1	1	197	339	0	3	C
barcode10_consensus_vsearch	3482	T	T	539	1	0.18%	2	1	93	93	0.4999999999999138	1	1	197	342	0	1	+G
barcode10_consensus_vsearch	3483	A	A	535	4	0.74%	2	2	93	93	0.06215197253344983	1	1	194	341	2	2	G
barcode10_consensus_vsearch	3484	C	C	536	3	0.55%	2	2	93	93	0.12465181058487508	1	1	195	341	1	2	T
barcode10_consensus_vsearch	3485	T	Y	528	10	1.86%	2	2	93	93	9.362140276413266E-4	1	1	195	333	1	9	C
barcode10_consensus_vsearch	3486	G	G	536	2	0.37%	2	1	93	93	0.2497674418606225	1	1	193	343	2	0	-T
barcode10_consensus_vsearch	3487	T	T	536	2	0.37%	2	2	93	93	0.2497674418606225	1	1	193	343	1	1	C
barcode10_consensus_vsearch	3488	T	T	534	3	0.56%	2	2	93	93	0.1246505125815118	1	1	192	342	1	2	C
barcode10_consensus_vsearch	3489	A	A	537	2	0.37%	2	1	93	93	0.2497678737226224	1	1	195	342	0	2	G
barcode10_consensus_vsearch	3490	A	A	532	5	0.92%	2	2	93	93	0.030959168383112096	1	1	192	340	4	1	G
barcode10_consensus_vsearch	3491	G	G	532	3	0.56%	2	1	93	93	0.12464920486402759	1	1	191	341	3	0	+A
barcode10_consensus_vsearch	3492	A	A	532	6	1.11%	2	2	93	93	0.015407586125499683	1	1	191	341	4	2	G
barcode10_consensus_vsearch	3493	C	C	538	2	0.37%	2	2	93	93	0.24976830398477892	1	1	195	343	1	1	T
barcode10_consensus_vsearch	3494	T	T	532	6	1.11%	2	2	93	93	0.015407586125499683	1	1	193	339	2	4	C
barcode10_consensus_vsearch	3495	A	A	532	3	0.55%	2	1	93	93	0.12464920486402759	1	1	195	337	0	3	-CA
barcode10_consensus_vsearch	3496	C	C	531	3	0.56%	2	1	93	93	0.12464854732871722	1	1	195	336	0	3	T
barcode10_consensus_vsearch	3497	A	A	533	3	0.56%	2	1	93	93	0.12464985994384618	1	1	193	340	3	0	G
barcode10_consensus_vsearch	3498	A	R	532	7	1.29%	2	2	93	93	0.007660874995560234	1	1	190	342	6	1	G
barcode10_consensus_vsearch	3499	C	*/-G	532	7	1.3%	2	1	93	93	0.007660874995560234	1	1	195	337	0	7	-G
barcode10_consensus_vsearch	3500	G	G	529	3	0.56%	2	1	93	93	0.12464722483554738	1	1	193	336	3	0	A
barcode10_consensus_vsearch	3501	G	G	540	1	0.18%	2	1	93	93	0.5000000000008233	1	1	196	344	1	0	T
barcode10_consensus_vsearch	3502	T	Y	531	8	1.48%	2	2	93	93	0.003805401958573046	1	1	196	335	1	7	C
barcode10_consensus_vsearch	3503	A	*/+T	526	9	1.67%	2	1	93	93	0.0018879961490473396	1	1	195	331	0	9	+T
barcode10_consensus_vsearch	3504	T	T	533	4	0.74%	2	1	93	93	0.06215067574099081	1	1	191	342	4	0	+C
barcode10_consensus_vsearch	3505	C	*/-T	523	13	2.4%	2	2	93	93	1.1340618031334358E-4	1	1	193	330	3	10	-T
barcode10_consensus_vsearch	3506	T	T	516	4	0.76%	2	1	93	93	0.06213925005774881	1	1	192	324	0	4	+G
barcode10_consensus_vsearch	3507	G	G	538	1	0.18%	2	1	93	93	0.5000000000008233	1	1	195	343	1	0	+A
barcode10_consensus_vsearch	3508	A	A	536	1	0.19%	2	1	93	93	0.4999999999999138	1	1	196	340	0	1	+T
barcode10_consensus_vsearch	3509	T	T	534	2	0.37%	2	1	93	93	0.24976657329578222	1	1	193	341	2	0	-C
barcode10_consensus_vsearch	3510	C	C	535	2	0.37%	2	1	93	93	0.24976700838742935	1	1	193	342	2	0	-GT
barcode10_consensus_vsearch	3511	G	*/-T	519	11	2.04%	2	2	93	93	4.6335097108045754E-4	1	1	184	335	7	4	-T
barcode10_consensus_vsearch	3512	T	T	521	5	0.95%	2	1	93	93	0.030953089299844624	1	1	188	333	0	5	C
barcode10_consensus_vsearch	3513	T	T	533	6	1.11%	2	2	93	93	0.015407988734056442	1	1	195	338	1	5	C
barcode10_consensus_vsearch	3514	T	T	536	3	0.55%	2	1	93	93	0.12465181058487508	1	1	196	340	0	3	C
barcode10_consensus_vsearch	3515	T	T	530	5	0.92%	2	2	93	93	0.030958081679908694	1	1	191	339	2	3	-C
barcode10_consensus_vsearch	3516	C	*/+G	507	14	2.61%	2	1	93	93	5.586673637538104E-5	1	1	190	317	0	14	+G
barcode10_consensus_vsearch	3517	G	G	534	3	0.56%	2	1	93	93	0.1246505125815118	1	1	191	343	3	0	-A
barcode10_consensus_vsearch	3518	A	A	531	2	0.37%	2	1	93	93	0.249765258215703	1	1	191	340	0	2	-TC
barcode10_consensus_vsearch	3519	T	*/-C	429	80	14.95%	2	2	93	93	2.841481318652063E-26	1	1	110	319	65	15	-C
barcode10_consensus_vsearch	3520	C	C	449	0	0%	2	0	93	0	1.0	1	0	126	323	0	0	
barcode10_consensus_vsearch	3521	C	C	531	1	0.19%	2	1	93	93	0.4999999999999138	1	1	192	339	0	1	T
barcode10_consensus_vsearch	3522	C	Y	533	7	1.3%	2	1	93	93	0.007661154731964119	1	1	196	337	0	7	T
barcode10_consensus_vsearch	3523	C	*/-T	511	13	2.4%	2	2	93	93	1.1321282700887585E-4	1	1	195	316	2	11	-T
barcode10_consensus_vsearch	3524	T	T	520	3	0.57%	2	1	93	93	0.12464114832532827	1	1	195	325	0	3	+CT
barcode10_consensus_vsearch	3525	A	A	538	0	0%	2	0	93	0	1.0	1	0	197	341	0	0	
barcode10_consensus_vsearch	3526	A	A	532	3	0.56%	2	2	93	93	0.12464920486402759	1	1	193	339	1	2	-C
barcode10_consensus_vsearch	3527	C	C	533	1	0.19%	2	1	93	93	0.4999999999990043	1	1	195	338	1	0	+AG
barcode10_consensus_vsearch	3528	C	*/+T	508	22	4.07%	2	1	93	93	1.9086680451756123E-7	1	1	196	312	0	22	+T
barcode10_consensus_vsearch	3529	T	T	529	1	0.19%	2	1	93	93	0.4999999999999138	1	1	195	334	0	1	+CT
barcode10_consensus_vsearch	3530	T	T	534	3	0.56%	2	2	93	93	0.1246505125815118	1	1	195	339	1	2	C
barcode10_consensus_vsearch	3531	C	C	535	2	0.37%	2	1	93	93	0.24976700838742935	1	1	196	339	0	2	+A
barcode10_consensus_vsearch	3532	G	G	536	3	0.55%	2	1	93	93	0.12465181058487508	1	1	196	340	0	3	A
barcode10_consensus_vsearch	3533	T	T	535	4	0.74%	2	2	93	93	0.06215197253344983	1	1	196	339	1	3	C
barcode10_consensus_vsearch	3534	T	T	533	6	1.11%	2	1	93	93	0.015407988734056442	1	1	197	336	0	6	C
barcode10_consensus_vsearch	3535	C	*/-T	526	12	2.23%	2	2	93	93	2.2946310676198647E-4	1	1	196	330	1	11	-T
barcode10_consensus_vsearch	3536	T	T	527	1	0.19%	2	1	93	93	0.4999999999999138	1	1	196	331	0	1	+CC
barcode10_consensus_vsearch	3537	T	T	532	2	0.37%	2	1	93	93	0.2497656982194512	1	1	197	335	0	2	+CT
barcode10_consensus_vsearch	3538	G	G	534	2	0.37%	2	1	93	93	0.24976657329578222	1	1	197	337	0	2	C
barcode10_consensus_vsearch	3539	A	A	534	1	0.19%	2	1	93	93	0.5000000000008233	1	1	197	337	0	1	-T
barcode10_consensus_vsearch	3540	T	T	533	1	0.19%	2	1	93	93	0.4999999999990043	1	1	197	336	0	1	A
barcode10_consensus_vsearch	3541	T	T	535	1	0.19%	2	1	93	93	0.4999999999999138	1	1	197	338	0	1	+G
barcode10_consensus_vsearch	3542	A	A	531	3	0.56%	2	2	93	93	0.12464854732871722	1	1	194	337	1	2	G
barcode10_consensus_vsearch	3543	A	A	527	6	1.11%	2	2	93	93	0.015405550465377539	1	1	191	336	2	4	C
barcode10_consensus_vsearch	3544	T	Y	525	9	1.67%	2	2	93	93	0.0018878752807627672	1	1	192	333	1	8	C
barcode10_consensus_vsearch	3545	G	*/+A	508	15	2.78%	2	2	93	93	2.7563874491278124E-5	1	1	194	314	1	14	+A
barcode10_consensus_vsearch	3546	A	A	520	5	0.95%	2	2	93	93	0.030952524030155748	1	1	193	327	2	3	G
barcode10_consensus_vsearch	3547	A	A	539	2	0.37%	2	1	93	93	0.2497687326552616	1	1	197	342	0	2	G
barcode10_consensus_vsearch	3548	A	A	536	3	0.55%	2	1	93	93	0.12465181058487508	1	1	194	342	3	0	G
barcode10_consensus_vsearch	3549	A	A	533	5	0.92%	2	2	93	93	0.03095970870624187	1	1	192	341	4	1	G
barcode10_consensus_vsearch	3550	C	Y	533	7	1.29%	2	1	93	93	0.007661154731964119	1	1	197	336	0	7	T
barcode10_consensus_vsearch	3551	A	A	538	1	0.18%	2	1	93	93	0.5000000000008233	1	1	196	342	0	1	+C
barcode10_consensus_vsearch	3552	T	*/-C	527	10	1.85%	2	2	93	93	9.361398093691576E-4	1	1	188	339	9	1	-C
barcode10_consensus_vsearch	3553	C	C	523	6	1.13%	2	1	93	93	0.015403894284021311	1	1	188	335	0	6	+T
barcode10_consensus_vsearch	3554	C	*/-T	492	39	7.21%	2	1	93	93	8.817242812968369E-13	1	1	196	296	0	39	-T
barcode10_consensus_vsearch	3555	T	T	494	3	0.6%	2	2	93	93	0.1246223564954194	1	1	192	302	2	1	C
barcode10_consensus_vsearch	3556	T	T	520	6	1.11%	2	2	93	93	0.01540263564963501	1	1	193	327	1	5	A
barcode10_consensus_vsearch	3557	G	R	518	11	2.06%	2	2	93	93	4.633046086710839E-4	1	1	191	327	3	8	A
barcode10_consensus_vsearch	3558	G	G	535	3	0.55%	2	2	93	93	0.1246511627905904	1	1	194	341	1	2	A
barcode10_consensus_vsearch	3559	C	*/-A	495	29	5.38%	2	2	93	93	1.2507100115471617E-9	1	1	192	303	1	28	-A
barcode10_consensus_vsearch	3560	A	A	511	1	0.2%	2	1	93	93	0.4999999999990043	1	1	195	316	1	0	G
barcode10_consensus_vsearch	3561	A	A	537	2	0.37%	2	1	93	93	0.2497678737226224	1	1	196	341	0	2	+C
barcode10_consensus_vsearch	3562	A	A	535	3	0.55%	2	2	93	93	0.1246511627905904	1	1	195	340	1	2	G
barcode10_consensus_vsearch	3563	T	T	535	2	0.37%	2	1	93	93	0.24976700838742935	1	1	197	338	0	2	A
barcode10_consensus_vsearch	3564	G	G	529	5	0.92%	2	1	93	93	0.030957535277242203	1	1	192	337	0	5	-CT
barcode10_consensus_vsearch	3565	C	*/+T	498	14	2.62%	2	2	93	93	5.577874865171707E-5	1	1	191	307	1	13	+T
barcode10_consensus_vsearch	3566	T	T	516	5	0.96%	2	2	93	93	0.030950241263123	1	1	194	322	1	4	C
barcode10_consensus_vsearch	3567	T	T	528	1	0.19%	2	1	93	93	0.4999999999999138	1	1	195	333	0	1	+C
barcode10_consensus_vsearch	3568	T	*/-C	519	17	3.15%	2	1	93	93	6.707017638951936E-6	1	1	194	325	0	17	-C
barcode10_consensus_vsearch	3569	C	*/+T	501	9	1.72%	2	1	93	93	0.0018848335946905935	1	1	193	308	0	9	+T
barcode10_consensus_vsearch	3570	G	G	530	4	0.74%	2	2	93	93	0.06214871233009074	1	1	190	340	3	1	A
barcode10_consensus_vsearch	3571	C	*/-A	515	14	2.6%	2	1	93	93	5.594251257023409E-5	1	1	177	338	14	0	-A
barcode10_consensus_vsearch	3572	A	A	518	3	0.57%	2	1	93	93	0.12463976945254633	1	1	176	342	3	0	+T
barcode10_consensus_vsearch	3573	G	*/+A	494	28	5.21%	2	1	93	93	2.568277066307247E-9	1	1	154	340	28	0	+A
barcode10_consensus_vsearch	3574	A	*/+G	504	8	1.52%	2	1	93	93	0.003800117901971959	1	1	166	338	8	0	+G
barcode10_consensus_vsearch	3575	A	*/-G	521	8	1.5%	2	2	93	93	0.0038035073991726275	1	1	183	338	6	2	-G
barcode10_consensus_vsearch	3576	G	G	507	6	1.14%	2	1	93	93	0.01539701179736281	1	1	169	338	6	0	T
barcode10_consensus_vsearch	3577	T	Y	522	7	1.31%	2	1	93	93	0.007658019686838506	1	1	192	330	0	7	C
barcode10_consensus_vsearch	3578	T	T	528	4	0.74%	2	2	93	93	0.0621473910819107	1	1	190	338	3	1	+G
barcode10_consensus_vsearch	3579	A	R	521	9	1.67%	2	2	93	93	0.001887387288255386	1	1	188	333	5	4	G
barcode10_consensus_vsearch	3580	G	G	526	3	0.56%	2	1	93	93	0.12464522232734096	1	1	194	332	0	3	-T
barcode10_consensus_vsearch	3581	T	T	532	4	0.74%	2	1	93	93	0.06215002371389885	1	1	197	335	0	4	-CT
barcode10_consensus_vsearch	3582	C	C	533	2	0.37%	2	1	93	93	0.2497661365761488	1	1	197	336	0	2	-T
barcode10_consensus_vsearch	3583	T	T	526	4	0.75%	2	1	93	93	0.06214605985717208	1	1	197	329	0	4	+C
barcode10_consensus_vsearch	3584	T	T	539	2	0.37%	2	1	93	93	0.2497687326552616	1	1	197	342	0	2	C
barcode10_consensus_vsearch	3585	C	C	530	2	0.37%	2	2	93	93	0.24976481655673516	1	1	194	336	1	1	+A
barcode10_consensus_vsearch	3586	A	A	531	3	0.56%	2	2	93	93	0.12464854732871722	1	1	195	336	2	1	G
barcode10_consensus_vsearch	3587	G	G	533	3	0.56%	2	1	93	93	0.12464985994384618	1	1	193	340	3	0	A
barcode10_consensus_vsearch	3588	T	*/-A	515	8	1.49%	2	2	93	93	0.0038023361077742447	1	1	189	326	1	7	-A
barcode10_consensus_vsearch	3589	A	A	530	0	0%	2	0	93	0	1.0	1	0	196	334	0	0	
barcode10_consensus_vsearch	3590	A	A	539	2	0.37%	2	2	93	93	0.2497687326552616	1	1	196	343	1	1	G
barcode10_consensus_vsearch	3591	A	A	534	6	1.11%	2	1	93	93	0.015408389854212225	1	1	197	337	0	6	-T
barcode10_consensus_vsearch	3592	T	*/-C	524	7	1.31%	2	2	93	93	0.007658599319160323	1	1	191	333	6	1	-C
barcode10_consensus_vsearch	3593	C	C	533	1	0.19%	2	1	93	93	0.4999999999990043	1	1	191	342	0	1	A
barcode10_consensus_vsearch	3594	C	*/-A	513	18	3.33%	2	2	93	93	3.294890459690035E-6	1	1	173	340	16	2	-A
barcode10_consensus_vsearch	3595	A	A	517	2	0.38%	2	2	93	93	0.24975891996195723	1	1	177	340	1	1	G
barcode10_consensus_vsearch	3596	A	*/-G	516	11	2.04%	2	1	93	93	4.632113647208495E-4	1	1	179	337	11	0	-G
barcode10_consensus_vsearch	3597	G	G	522	1	0.19%	2	1	93	93	0.5000000000008233	1	1	183	339	1	0	+A
barcode10_consensus_vsearch	3598	A	R	530	7	1.3%	2	2	93	93	0.007660312408999644	1	1	190	340	5	2	G
barcode10_consensus_vsearch	3599	A	A	525	4	0.74%	2	2	93	93	0.062145390468482414	1	1	188	337	2	2	-T
barcode10_consensus_vsearch	3600	T	T	533	1	0.19%	2	1	93	93	0.4999999999990043	1	1	193	340	0	1	C
barcode10_consensus_vsearch	3601	T	T	535	4	0.74%	2	2	93	93	0.06215197253344983	1	1	195	340	1	3	C
barcode10_consensus_vsearch	3602	T	Y	528	7	1.3%	2	2	93	93	0.007659745632203721	1	1	194	334	2	5	C
barcode10_consensus_vsearch	3603	C	C	533	2	0.37%	2	1	93	93	0.2497661365761488	1	1	194	339	0	2	+A
barcode10_consensus_vsearch	3604	A	A	517	6	1.12%	2	1	93	93	0.015401362604060042	1	1	192	325	0	6	-C
barcode10_consensus_vsearch	3605	C	C	522	4	0.75%	2	1	93	93	0.06214336702335401	1	1	195	327	0	4	A
barcode10_consensus_vsearch	3606	C	*/+T	518	7	1.3%	2	1	93	93	0.007656847224773479	1	1	197	321	0	7	+T
barcode10_consensus_vsearch	3607	T	*/+C	519	7	1.31%	2	2	93	93	0.0076571420055722055	1	1	192	327	5	2	+C
barcode10_consensus_vsearch	3608	C	*/+T	516	8	1.5%	2	1	93	93	0.0038025331739636116	1	1	197	319	0	8	+T
barcode10_consensus_vsearch	3609	T	T	528	3	0.56%	2	2	93	93	0.12464655984919866	1	1	194	334	1	2	C
barcode10_consensus_vsearch	3610	A	A	533	3	0.56%	2	1	93	93	0.12464985994384618	1	1	194	339	0	3	+G
barcode10_consensus_vsearch	3611	G	R	522	16	2.97%	2	1	93	93	1.3626242060282805E-5	1	1	179	343	16	0	A
barcode10_consensus_vsearch	3612	C	C	531	6	1.11%	2	2	93	93	0.015407182020391647	1	1	192	339	2	4	T
barcode10_consensus_vsearch	3613	A	A	538	2	0.37%	2	1	93	93	0.24976830398477892	1	1	196	342	0	2	G
barcode10_consensus_vsearch	3614	A	A	533	6	1.11%	2	2	93	93	0.015407988734056442	1	1	193	340	4	2	G
barcode10_consensus_vsearch	3615	C	C	536	3	0.55%	2	1	93	93	0.12465181058487508	1	1	195	341	0	3	-T
barcode10_consensus_vsearch	3616	T	T	529	4	0.74%	2	1	93	93	0.06214805294605921	1	1	196	333	0	4	C
barcode10_consensus_vsearch	3617	G	G	535	2	0.37%	2	1	93	93	0.24976700838742935	1	1	192	343	2	0	-A
barcode10_consensus_vsearch	3618	A	A	534	3	0.56%	2	2	93	93	0.1246505125815118	1	1	191	343	2	1	G
barcode10_consensus_vsearch	3619	A	A	535	4	0.74%	2	2	93	93	0.06215197253344983	1	1	194	341	2	2	G
barcode10_consensus_vsearch	3620	T	T	537	1	0.19%	2	1	93	93	0.4999999999999138	1	1	194	343	1	0	+C
barcode10_consensus_vsearch	3621	A	A	532	4	0.74%	2	1	93	93	0.06215002371389885	1	1	190	342	4	0	-C
barcode10_consensus_vsearch	3622	C	C	532	3	0.56%	2	2	93	93	0.12464920486402759	1	1	191	341	2	1	T
barcode10_consensus_vsearch	3623	T	T	528	5	0.93%	2	2	93	93	0.03095698682522861	1	1	191	337	1	4	C
barcode10_consensus_vsearch	3624	A	A	532	2	0.37%	2	2	93	93	0.2497656982194512	1	1	190	342	1	1	G
barcode10_consensus_vsearch	3625	A	A	534	2	0.37%	2	1	93	93	0.24976657329578222	1	1	191	343	2	0	G
barcode10_consensus_vsearch	3626	T	T	530	4	0.74%	2	1	93	93	0.06214871233009074	1	1	189	341	4	0	-G
barcode10_consensus_vsearch	3627	G	*/-C	489	35	6.55%	2	2	93	93	1.617848118499421E-11	1	1	165	324	22	13	-C
barcode10_consensus_vsearch	3628	C	C	492	5	1%	2	2	93	93	0.030935773421043433	1	1	165	327	4	1	A
barcode10_consensus_vsearch	3629	C	Y	529	7	1.3%	2	2	93	93	0.007660029547299292	1	1	189	340	3	4	T
barcode10_consensus_vsearch	3630	C	Y	527	7	1.3%	2	2	93	93	0.007659460657798071	1	1	188	339	3	4	T
barcode10_consensus_vsearch	3631	C	C	527	6	1.11%	2	1	93	93	0.015405550465377539	1	1	188	339	6	0	A
barcode10_consensus_vsearch	3632	C	Y	519	17	3.15%	2	2	93	93	6.707017638951936E-6	1	1	190	329	4	13	T
barcode10_consensus_vsearch	3633	A	A	536	1	0.19%	2	1	93	93	0.4999999999999138	1	1	194	342	0	1	+TA
barcode10_consensus_vsearch	3634	A	A	529	6	1.11%	2	1	93	93	0.015406369286722026	1	1	187	342	6	0	-C
barcode10_consensus_vsearch	3635	C	C	529	2	0.37%	2	1	93	93	0.24976437323210715	1	1	187	342	2	0	+T
barcode10_consensus_vsearch	3636	T	Y	525	9	1.67%	2	2	93	93	0.0018878752807627672	1	1	193	332	1	8	C
barcode10_consensus_vsearch	3637	A	A	532	3	0.56%	2	2	93	93	0.12464920486402759	1	1	192	340	2	1	G
barcode10_consensus_vsearch	3638	T	*/-C	496	23	4.27%	2	2	93	93	9.291842993779673E-8	1	1	157	339	22	1	-C
barcode10_consensus_vsearch	3639	C	C	500	1	0.2%	2	1	93	93	0.4999999999999138	1	1	158	342	1	0	+T
barcode10_consensus_vsearch	3640	C	C	522	3	0.57%	2	1	93	93	0.12464251668251476	1	1	182	340	0	3	+T
barcode10_consensus_vsearch	3641	C	C	535	3	0.55%	2	1	93	93	0.1246511627905904	1	1	197	338	0	3	-T
barcode10_consensus_vsearch	3642	T	T	534	2	0.37%	2	2	93	93	0.24976657329578222	1	1	195	339	1	1	C
barcode10_consensus_vsearch	3643	A	A	532	4	0.74%	2	1	93	93	0.06215002371389885	1	1	193	339	0	4	T
barcode10_consensus_vsearch	3644	T	T	530	2	0.37%	2	1	93	93	0.24976481655673516	1	1	192	338	0	2	+GGC
barcode10_consensus_vsearch	3645	T	T	535	2	0.37%	2	1	93	93	0.24976700838742935	1	1	194	341	0	2	C
barcode10_consensus_vsearch	3646	A	A	535	2	0.37%	2	1	93	93	0.24976700838742935	1	1	193	342	0	2	G
barcode10_consensus_vsearch	3647	A	A	540	1	0.18%	2	1	93	93	0.5000000000008233	1	1	196	344	1	0	G
barcode10_consensus_vsearch	3648	T	T	541	0	0%	2	0	93	0	1.0	1	0	197	344	0	0	
barcode10_consensus_vsearch	3649	C	C	540	1	0.18%	2	1	93	93	0.5000000000008233	1	1	196	344	1	0	-AT
barcode10_consensus_vsearch	3650	A	A	533	4	0.74%	2	2	93	93	0.06215067574099081	1	1	194	339	2	2	G
barcode10_consensus_vsearch	3651	T	T	538	1	0.19%	2	1	93	93	0.5000000000008233	1	1	196	342	0	1	C
barcode10_consensus_vsearch	3652	T	T	538	1	0.19%	2	1	93	93	0.5000000000008233	1	1	196	342	0	1	-AC
barcode10_consensus_vsearch	3653	A	A	534	4	0.74%	2	2	93	93	0.06215132534293568	1	1	196	338	1	3	G
barcode10_consensus_vsearch	3654	C	C	533	4	0.74%	2	1	93	93	0.06215067574099081	1	1	196	337	0	4	-G
barcode10_consensus_vsearch	3655	G	G	533	2	0.37%	2	1	93	93	0.2497661365761488	1	1	194	339	2	0	A
barcode10_consensus_vsearch	3656	G	G	537	2	0.37%	2	1	93	93	0.2497678737226224	1	1	195	342	2	0	A
barcode10_consensus_vsearch	3657	C	C	538	1	0.19%	2	1	93	93	0.5000000000008233	1	1	196	342	1	0	+AC
barcode10_consensus_vsearch	3658	G	G	540	1	0.18%	2	1	93	93	0.5000000000008233	1	1	197	343	0	1	A
barcode10_consensus_vsearch	3659	A	A	536	2	0.37%	2	1	93	93	0.2497674418606225	1	1	195	341	0	2	-C
barcode10_consensus_vsearch	3660	C	C	530	5	0.93%	2	1	93	93	0.030958081679908694	1	1	196	334	0	5	+T
barcode10_consensus_vsearch	3661	T	*/-C	519	11	2.04%	2	1	93	93	4.6335097108045754E-4	1	1	191	328	0	11	-C
barcode10_consensus_vsearch	3662	C	*/-T	519	7	1.32%	2	2	93	93	0.0076571420055722055	1	1	194	325	2	5	-T
barcode10_consensus_vsearch	3663	T	*/-A	506	10	1.88%	2	2	93	93	9.345156292752411E-4	1	1	179	327	9	1	-A
barcode10_consensus_vsearch	3664	A	A	515	6	1.13%	2	2	93	93	0.015400505778008786	1	1	183	332	1	5	+G
barcode10_consensus_vsearch	3665	G	*/+A	521	11	2.04%	2	1	93	93	4.634431815629532E-4	1	1	194	327	0	11	+A
barcode10_consensus_vsearch	3666	A	A	535	2	0.37%	2	1	93	93	0.24976700838742935	1	1	197	338	0	2	G
barcode10_consensus_vsearch	3667	A	A	536	4	0.74%	2	1	93	93	0.06215261732591134	1	1	193	343	4	0	G
barcode10_consensus_vsearch	3668	A	A	536	2	0.37%	2	2	93	93	0.2497674418606225	1	1	195	341	1	1	G
barcode10_consensus_vsearch	3669	C	C	536	1	0.19%	2	1	93	93	0.4999999999999138	1	1	195	341	0	1	+T
barcode10_consensus_vsearch	3670	C	*/+A	512	13	2.4%	2	1	93	93	1.1322926863571583E-4	1	1	197	315	0	13	+A
barcode10_consensus_vsearch	3671	A	A	535	2	0.37%	2	1	93	93	0.24976700838742935	1	1	196	339	0	2	G
barcode10_consensus_vsearch	3672	A	R	524	7	1.29%	2	2	93	93	0.007658599319160323	1	1	192	332	5	2	G
barcode10_consensus_vsearch	3673	C	*/+A	466	33	6.1%	2	2	93	93	6.736961493105421E-11	1	1	178	288	5	28	+A
barcode10_consensus_vsearch	3674	A	A	520	1	0.19%	2	1	93	93	0.5000000000008233	1	1	185	335	0	1	+GA
barcode10_consensus_vsearch	3675	A	A	535	2	0.37%	2	1	93	93	0.24976700838742935	1	1	193	342	0	2	+CAA
barcode10_consensus_vsearch	3676	A	A	536	2	0.37%	2	1	93	93	0.2497674418606225	1	1	192	344	2	0	G
barcode10_consensus_vsearch	3677	A	A	533	3	0.56%	2	1	93	93	0.12464985994384618	1	1	191	342	3	0	G
barcode10_consensus_vsearch	3678	T	T	529	3	0.56%	2	1	93	93	0.12464722483554738	1	1	190	339	3	0	-A
barcode10_consensus_vsearch	3679	A	A	524	5	0.93%	2	1	93	93	0.030954772292166692	1	1	187	337	5	0	-G
barcode10_consensus_vsearch	3680	G	G	524	5	0.93%	2	1	93	93	0.030954772292166692	1	1	189	335	0	5	+A
barcode10_consensus_vsearch	3681	A	A	531	4	0.74%	2	2	93	93	0.062149369248170376	1	1	191	340	2	2	G
barcode10_consensus_vsearch	3682	A	A	530	4	0.74%	2	2	93	93	0.06214871233009074	1	1	191	339	2	2	G
barcode10_consensus_vsearch	3683	C	C	537	2	0.37%	2	2	93	93	0.2497678737226224	1	1	194	343	1	1	T
barcode10_consensus_vsearch	3684	C	C	529	4	0.74%	2	1	93	93	0.06214805294605921	1	1	194	335	0	4	T
barcode10_consensus_vsearch	3685	G	G	536	1	0.19%	2	1	93	93	0.4999999999999138	1	1	194	342	0	1	+TG
barcode10_consensus_vsearch	3686	C	*/-AC	510	23	4.28%	2	1	93	93	9.35418262974563E-8	1	1	171	339	23	0	-AC
barcode10_consensus_vsearch	3687	A	A	514	2	0.39%	2	2	93	93	0.24975751697391563	1	1	172	342	1	1	G
barcode10_consensus_vsearch	3688	C	C	512	2	0.39%	2	1	93	93	0.24975657254109768	1	1	172	340	0	2	T
barcode10_consensus_vsearch	3689	G	G	537	1	0.19%	2	1	93	93	0.4999999999999138	1	1	196	341	0	1	+C
barcode10_consensus_vsearch	3690	T	*/-C	528	11	2.03%	2	2	93	93	4.637606162929231E-4	1	1	186	342	10	1	-C
barcode10_consensus_vsearch	3691	C	C	530	0	0%	2	0	93	0	1.0	1	0	187	343	0	0	
barcode10_consensus_vsearch	3692	C	C	539	2	0.37%	2	1	93	93	0.2497687326552616	1	1	197	342	0	2	-T
barcode10_consensus_vsearch	3693	T	Y	529	9	1.67%	2	2	93	93	0.00188835608221637	1	1	196	333	1	8	C
barcode10_consensus_vsearch	3694	A	*/+T	518	11	2.03%	2	2	93	93	4.633046086710839E-4	1	1	188	330	3	8	+T
barcode10_consensus_vsearch	3695	T	T	532	0	0%	2	0	93	0	1.0	1	0	191	341	0	0	
barcode10_consensus_vsearch	3696	T	T	538	1	0.19%	2	1	93	93	0.5000000000008233	1	1	197	341	0	1	+CT
barcode10_consensus_vsearch	3697	T	T	538	2	0.37%	2	2	93	93	0.24976830398477892	1	1	196	342	1	1	C
barcode10_consensus_vsearch	3698	T	T	538	2	0.37%	2	1	93	93	0.24976830398477892	1	1	195	343	2	0	C
barcode10_consensus_vsearch	3699	A	A	536	3	0.56%	2	2	93	93	0.12465181058487508	1	1	194	342	2	1	-T
barcode10_consensus_vsearch	3700	T	T	536	2	0.37%	2	1	93	93	0.2497674418606225	1	1	195	341	0	2	C
barcode10_consensus_vsearch	3701	T	T	535	4	0.74%	2	2	93	93	0.06215197253344983	1	1	193	342	3	1	-ATT
barcode10_consensus_vsearch	3702	A	A	531	3	0.56%	2	1	93	93	0.12464854732871722	1	1	189	342	3	0	+T
barcode10_consensus_vsearch	3703	T	T	534	2	0.37%	2	1	93	93	0.24976657329578222	1	1	194	340	0	2	C
barcode10_consensus_vsearch	3704	T	T	529	3	0.56%	2	2	93	93	0.12464722483554738	1	1	190	339	1	2	+ATT
barcode10_consensus_vsearch	3705	C	C	539	1	0.18%	2	1	93	93	0.4999999999999138	1	1	196	343	0	1	+T
barcode10_consensus_vsearch	3706	C	C	538	1	0.18%	2	1	93	93	0.5000000000008233	1	1	194	344	1	0	+A
barcode10_consensus_vsearch	3707	A	A	535	2	0.37%	2	1	93	93	0.24976700838742935	1	1	195	340	0	2	-T
barcode10_consensus_vsearch	3708	T	T	532	1	0.19%	2	1	93	93	0.4999999999999138	1	1	191	341	1	0	+A
barcode10_consensus_vsearch	3709	G	R	520	10	1.86%	2	1	93	93	9.356125377556371E-4	1	1	177	343	10	0	A
barcode10_consensus_vsearch	3710	C	C	535	2	0.37%	2	1	93	93	0.24976700838742935	1	1	193	342	0	2	T
barcode10_consensus_vsearch	3711	T	T	536	2	0.37%	2	1	93	93	0.2497674418606225	1	1	193	343	2	0	-A
barcode10_consensus_vsearch	3712	A	A	539	0	0%	2	0	93	0	1.0	1	0	195	344	0	0	
barcode10_consensus_vsearch	3713	A	A	537	2	0.37%	2	2	93	93	0.2497678737226224	1	1	196	341	1	1	G
barcode10_consensus_vsearch	3714	T	T	533	3	0.55%	2	1	93	93	0.12464985994384618	1	1	193	340	0	3	C
barcode10_consensus_vsearch	3715	G	G	533	3	0.56%	2	1	93	93	0.12464985994384618	1	1	194	339	0	3	-T
barcode10_consensus_vsearch	3716	T	T	528	4	0.74%	2	2	93	93	0.0621473910819107	1	1	192	336	2	2	C
barcode10_consensus_vsearch	3717	A	A	528	4	0.74%	2	2	93	93	0.0621473910819107	1	1	194	334	2	2	G
barcode10_consensus_vsearch	3718	T	T	529	5	0.93%	2	2	93	93	0.030957535277242203	1	1	195	334	1	4	C
barcode10_consensus_vsearch	3719	T	*/-C	523	8	1.48%	2	2	93	93	0.003803891984112379	1	1	193	330	1	7	-C
barcode10_consensus_vsearch	3720	C	*/-GG	519	7	1.31%	2	2	93	93	0.0076571420055722055	1	1	193	326	2	5	-GG
barcode10_consensus_vsearch	3721	G	R	515	10	1.89%	2	2	93	93	9.352274155228977E-4	1	1	187	328	8	2	A
barcode10_consensus_vsearch	3722	G	G	528	5	0.94%	2	2	93	93	0.03095698682522861	1	1	194	334	1	4	A
barcode10_consensus_vsearch	3723	G	G	540	1	0.18%	2	1	93	93	0.5000000000008233	1	1	197	343	0	1	C
barcode10_consensus_vsearch	3724	C	C	536	2	0.37%	2	1	93	93	0.2497674418606225	1	1	195	341	2	0	A
barcode10_consensus_vsearch	3725	A	A	537	1	0.18%	2	1	93	93	0.4999999999999138	1	1	196	341	1	0	+CA
barcode10_consensus_vsearch	3726	T	T	531	3	0.56%	2	1	93	93	0.12464854732871722	1	1	195	336	0	3	C
barcode10_consensus_vsearch	3727	A	A	529	3	0.56%	2	2	93	93	0.12464722483554738	1	1	194	335	1	2	+G
barcode10_consensus_vsearch	3728	G	G	535	1	0.19%	2	1	93	93	0.4999999999999138	1	1	195	340	1	0	+A
barcode10_consensus_vsearch	3729	G	G	535	1	0.19%	2	1	93	93	0.4999999999999138	1	1	197	338	0	1	+C
barcode10_consensus_vsearch	3730	C	C	535	3	0.56%	2	2	93	93	0.1246511627905904	1	1	195	340	1	2	T
barcode10_consensus_vsearch	3731	C	C	535	2	0.37%	2	1	93	93	0.24976700838742935	1	1	197	338	0	2	+T
barcode10_consensus_vsearch	3732	T	T	531	5	0.93%	2	2	93	93	0.030958626044663474	1	1	196	335	1	4	C
barcode10_consensus_vsearch	3733	G	G	535	3	0.56%	2	2	93	93	0.1246511627905904	1	1	195	340	2	1	A
barcode10_consensus_vsearch	3734	C	Y	523	7	1.3%	2	1	93	93	0.0076583100477239955	1	1	196	327	0	7	T
barcode10_consensus_vsearch	3735	T	T	533	2	0.37%	2	2	93	93	0.2497661365761488	1	1	194	339	1	1	C
barcode10_consensus_vsearch	3736	T	T	537	2	0.37%	2	2	93	93	0.2497678737226224	1	1	195	342	1	1	C
barcode10_consensus_vsearch	3737	T	T	533	2	0.37%	2	1	93	93	0.2497661365761488	1	1	194	339	0	2	+G
barcode10_consensus_vsearch	3738	G	G	533	2	0.37%	2	1	93	93	0.2497661365761488	1	1	193	340	2	0	-A
barcode10_consensus_vsearch	3739	A	A	533	4	0.74%	2	2	93	93	0.06215067574099081	1	1	192	341	2	2	G
barcode10_consensus_vsearch	3740	A	A	535	3	0.56%	2	2	93	93	0.1246511627905904	1	1	195	340	1	2	G
barcode10_consensus_vsearch	3741	C	C	531	6	1.11%	2	1	93	93	0.015407182020391647	1	1	190	341	6	0	-A
barcode10_consensus_vsearch	3742	A	A	528	2	0.38%	2	1	93	93	0.24976392823365007	1	1	191	337	0	2	+C
barcode10_consensus_vsearch	3743	C	C	530	4	0.74%	2	1	93	93	0.06214871233009074	1	1	194	336	0	4	T
barcode10_consensus_vsearch	3744	T	*/+C	524	7	1.3%	2	1	93	93	0.007658599319160323	1	1	188	336	7	0	+C
barcode10_consensus_vsearch	3745	C	C	531	3	0.56%	2	2	93	93	0.12464854732871722	1	1	195	336	1	2	-T
barcode10_consensus_vsearch	3746	T	T	528	5	0.93%	2	1	93	93	0.03095698682522861	1	1	194	334	0	5	C
barcode10_consensus_vsearch	3747	A	A	534	2	0.37%	2	1	93	93	0.24976657329578222	1	1	195	339	0	2	+C
barcode10_consensus_vsearch	3748	A	*/+T	516	11	2.03%	2	2	93	93	4.632113647208495E-4	1	1	188	328	6	5	+T
barcode10_consensus_vsearch	3749	T	T	528	6	1.12%	2	2	93	93	0.015405960641249931	1	1	193	335	1	5	C
barcode10_consensus_vsearch	3750	T	T	539	2	0.37%	2	1	93	93	0.2497687326552616	1	1	197	342	0	2	C
barcode10_consensus_vsearch	3751	T	T	535	6	1.11%	2	1	93	93	0.015408789494314828	1	1	197	338	0	6	C
barcode10_consensus_vsearch	3752	T	*/-C	523	9	1.66%	2	1	93	93	0.0018876321934375318	1	1	196	327	0	9	-C
barcode10_consensus_vsearch	3753	C	*/-TC	511	16	3.01%	2	1	93	93	1.3593614138575698E-5	1	1	197	314	0	16	-TC
barcode10_consensus_vsearch	3754	T	T	518	3	0.57%	2	2	93	93	0.12463976945254633	1	1	194	324	1	2	C
barcode10_consensus_vsearch	3755	C	*/+A	482	19	3.63%	2	2	93	93	1.6029330209529987E-6	1	1	183	299	3	16	+A
barcode10_consensus_vsearch	3756	A	A	517	0	0%	2	0	93	0	1.0	1	0	186	331	0	0	
barcode10_consensus_vsearch	3757	A	A	525	2	0.38%	2	1	93	93	0.24976258309635352	1	1	196	329	0	2	G
barcode10_consensus_vsearch	3758	A	A	534	3	0.56%	2	2	93	93	0.1246505125815118	1	1	196	338	1	2	T
barcode10_consensus_vsearch	3759	G	G	533	3	0.56%	2	1	93	93	0.12464985994384618	1	1	196	337	0	3	-T
barcode10_consensus_vsearch	3760	T	*/-A	246	190	35.58%	2	2	93	93	1.6884908652360894E-69	1	1	170	76	18	172	-A
barcode10_consensus_vsearch	3761	A	A	252	3	1.16%	2	1	93	93	0.12426326129665838	1	1	175	77	0	3	G
barcode10_consensus_vsearch	3762	A	A	444	4	0.89%	2	1	93	93	0.06208124018598929	1	1	193	251	0	4	G
barcode10_consensus_vsearch	3763	A	A	479	6	1.23%	2	2	93	93	0.015383877057580196	1	1	196	283	1	5	G
barcode10_consensus_vsearch	3764	A	A	523	5	0.94%	2	1	93	93	0.030954213418664108	1	1	196	327	0	5	T
barcode10_consensus_vsearch	3765	G	G	529	3	0.56%	2	1	93	93	0.12464722483554738	1	1	195	334	0	3	C
barcode10_consensus_vsearch	3766	T	*/-C	505	24	4.47%	2	2	93	93	4.5645958571438506E-8	1	1	181	324	15	9	-C
barcode10_consensus_vsearch	3767	C	*/+T	489	19	3.7%	2	1	93	93	1.6068500584873683E-6	1	1	182	307	0	19	+T
barcode10_consensus_vsearch	3768	C	Y	485	29	5.38%	2	1	93	93	1.240779182393052E-9	1	1	195	290	0	29	T
barcode10_consensus_vsearch	3769	T	*/-G	507	16	3.03%	2	1	93	93	1.3581424094601817E-5	1	1	195	312	0	16	-G
barcode10_consensus_vsearch	3770	G	G	515	3	0.57%	2	1	93	93	0.12463768115942017	1	1	193	322	3	0	A
barcode10_consensus_vsearch	3771	G	G	530	6	1.11%	2	1	93	93	0.015406776410247038	1	1	193	337	0	6	-T
barcode10_consensus_vsearch	3772	T	Y	525	7	1.31%	2	2	93	93	0.007658887507292351	1	1	194	331	3	4	C
barcode10_consensus_vsearch	3773	T	*/-C	484	32	5.91%	2	2	93	93	1.418084811705542E-10	1	1	175	309	11	21	-C
barcode10_consensus_vsearch	3774	C	C	505	1	0.2%	2	1	93	93	0.4999999999999138	1	1	184	321	0	1	T
barcode10_consensus_vsearch	3775	C	C	534	4	0.74%	2	1	93	93	0.06215132534293568	1	1	195	339	0	4	T
barcode10_consensus_vsearch	3776	C	C	527	6	1.12%	2	1	93	93	0.015405550465377539	1	1	195	332	0	6	+T
barcode10_consensus_vsearch	3777	C	Y	476	36	6.67%	2	2	93	93	7.692581710044998E-12	1	1	190	286	2	34	T
barcode10_consensus_vsearch	3778	G	G	535	2	0.37%	2	1	93	93	0.24976700838742935	1	1	191	344	2	0	A
barcode10_consensus_vsearch	3779	A	A	534	2	0.37%	2	1	93	93	0.24976657329578222	1	1	190	344	2	0	C
barcode10_consensus_vsearch	3780	C	C	533	2	0.37%	2	1	93	93	0.2497661365761488	1	1	190	343	2	0	+TT
barcode10_consensus_vsearch	3781	A	A	537	3	0.55%	2	1	93	93	0.12465245597770591	1	1	193	344	3	0	G
barcode10_consensus_vsearch	3782	C	*/-AC	510	29	5.36%	2	2	93	93	1.265034331675163E-9	1	1	181	329	15	14	-AC
barcode10_consensus_vsearch	3783	A	A	504	3	0.59%	2	2	93	93	0.12462981243849439	1	1	178	326	2	1	G
barcode10_consensus_vsearch	3784	C	C	505	2	0.39%	2	1	93	93	0.24975320829221143	1	1	178	327	2	0	+AC
barcode10_consensus_vsearch	3785	C	S	525	12	2.23%	2	1	93	93	2.2943632667974108E-4	1	1	183	342	12	0	G
barcode10_consensus_vsearch	3786	C	C	536	1	0.19%	2	1	93	93	0.4999999999999138	1	1	193	343	1	0	+G
barcode10_consensus_vsearch	3787	A	A	535	3	0.56%	2	1	93	93	0.1246511627905904	1	1	191	344	3	0	G
barcode10_consensus_vsearch	3788	G	G	536	2	0.37%	2	1	93	93	0.2497674418606225	1	1	195	341	0	2	-TG
barcode10_consensus_vsearch	3789	T	T	534	2	0.37%	2	1	93	93	0.24976657329578222	1	1	194	340	2	0	+A
barcode10_consensus_vsearch	3790	G	*/-A	522	7	1.3%	2	2	93	93	0.007658019686838506	1	1	188	334	4	3	-A
barcode10_consensus_vsearch	3791	A	A	528	3	0.56%	2	2	93	93	0.12464655984919866	1	1	190	338	1	2	G
barcode10_consensus_vsearch	3792	A	*/-G	510	14	2.59%	2	2	93	93	5.5895415073951277E-5	1	1	191	319	4	10	-G
barcode10_consensus_vsearch	3793	G	G	511	5	0.95%	2	1	93	93	0.030947338059562967	1	1	180	331	5	0	A
barcode10_consensus_vsearch	3794	G	*/+A	525	7	1.3%	2	1	93	93	0.007658887507292351	1	1	185	340	7	0	+A
barcode10_consensus_vsearch	3795	G	G	537	3	0.55%	2	2	93	93	0.12465245597770591	1	1	194	343	2	1	A
barcode10_consensus_vsearch	3796	C	Y	532	7	1.29%	2	1	93	93	0.007660874995560234	1	1	195	337	0	7	T
barcode10_consensus_vsearch	3797	A	A	531	4	0.74%	2	1	93	93	0.062149369248170376	1	1	189	342	4	0	G
barcode10_consensus_vsearch	3798	T	T	533	4	0.74%	2	2	93	93	0.06215067574099081	1	1	195	338	1	3	C
barcode10_consensus_vsearch	3799	G	*/-CCG	523	11	2.04%	2	1	93	93	4.635347125797556E-4	1	1	193	330	0	11	-CCG
barcode10_consensus_vsearch	3800	C	C	526	1	0.19%	2	1	93	93	0.4999999999999138	1	1	197	329	0	1	+T
barcode10_consensus_vsearch	3801	C	C	516	6	1.13%	2	2	93	93	0.015400935010162124	1	1	195	321	1	5	-G
barcode10_consensus_vsearch	3802	G	G	516	5	0.96%	2	1	93	93	0.030950241263123	1	1	190	326	5	0	A
barcode10_consensus_vsearch	3803	G	G	525	5	0.93%	2	1	93	93	0.03095532905764353	1	1	196	329	0	5	-C
barcode10_consensus_vsearch	3804	C	C	525	5	0.94%	2	1	93	93	0.03095532905764353	1	1	195	330	0	5	T
barcode10_consensus_vsearch	3805	T	T	530	4	0.74%	2	1	93	93	0.06214871233009074	1	1	194	336	0	4	-C
barcode10_consensus_vsearch	3806	C	*/-A	523	7	1.31%	2	2	93	93	0.0076583100477239955	1	1	191	332	6	1	-A
barcode10_consensus_vsearch	3807	A	A	528	3	0.56%	2	2	93	93	0.12464655984919866	1	1	189	339	1	2	-C
barcode10_consensus_vsearch	3808	C	*/+T	510	16	2.98%	2	1	93	93	1.3590583249330675E-5	1	1	191	319	0	16	+T
barcode10_consensus_vsearch	3809	C	*/-A	472	35	6.48%	2	2	93	93	1.5851934392597206E-11	1	1	157	315	33	2	-A
barcode10_consensus_vsearch	3810	A	A	488	6	1.19%	2	1	93	93	0.015388260983187537	1	1	158	330	0	6	+CA
barcode10_consensus_vsearch	3811	A	A	529	5	0.93%	2	2	93	93	0.030957535277242203	1	1	191	338	4	1	-G
barcode10_consensus_vsearch	3812	G	G	521	5	0.93%	2	2	93	93	0.030953089299844624	1	1	181	340	4	1	-A
barcode10_consensus_vsearch	3813	A	A	518	3	0.56%	2	2	93	93	0.12463976945254633	1	1	184	334	2	1	+G
barcode10_consensus_vsearch	3814	G	G	519	6	1.13%	2	2	93	93	0.015402212914588027	1	1	188	331	3	3	+AG
barcode10_consensus_vsearch	3815	G	G	535	1	0.19%	2	1	93	93	0.4999999999999138	1	1	195	340	0	1	-TA
barcode10_consensus_vsearch	3816	T	*/-A	517	9	1.67%	2	2	93	93	0.0018868919421650878	1	1	185	332	8	1	-A
barcode10_consensus_vsearch	3817	A	A	526	1	0.19%	2	1	93	93	0.4999999999999138	1	1	187	339	1	0	+G
barcode10_consensus_vsearch	3818	A	A	531	2	0.37%	2	2	93	93	0.249765258215703	1	1	193	338	1	1	+G
barcode10_consensus_vsearch	3819	G	G	534	1	0.19%	2	1	93	93	0.5000000000008233	1	1	193	341	1	0	+A
barcode10_consensus_vsearch	3820	A	*/-C	525	8	1.48%	2	2	93	93	0.003804273700811284	1	1	186	339	5	3	-C
barcode10_consensus_vsearch	3821	C	C	528	2	0.38%	2	1	93	93	0.24976392823365007	1	1	189	339	0	2	+T
barcode10_consensus_vsearch	3822	C	C	537	2	0.37%	2	1	93	93	0.2497678737226224	1	1	196	341	0	2	T
barcode10_consensus_vsearch	3823	C	C	533	6	1.11%	2	2	93	93	0.015407988734056442	1	1	195	338	1	5	T
barcode10_consensus_vsearch	3824	A	A	530	5	0.93%	2	2	93	93	0.030958081679908694	1	1	191	339	3	2	G
barcode10_consensus_vsearch	3825	G	G	534	2	0.37%	2	1	93	93	0.24976657329578222	1	1	192	342	2	0	A
barcode10_consensus_vsearch	3826	T	*/+C	529	8	1.48%	2	1	93	93	0.003805028656772291	1	1	188	341	8	0	+C
barcode10_consensus_vsearch	3827	C	C	531	5	0.92%	2	1	93	93	0.030958626044663474	1	1	192	339	5	0	+G
barcode10_consensus_vsearch	3828	A	R	522	8	1.49%	2	2	93	93	0.0038037000521996237	1	1	186	336	6	2	G
barcode10_consensus_vsearch	3829	G	G	534	1	0.19%	2	1	93	93	0.5000000000008233	1	1	192	342	0	1	+T
barcode10_consensus_vsearch	3830	A	A	528	6	1.11%	2	2	93	93	0.015405960641249931	1	1	190	338	4	2	G
barcode10_consensus_vsearch	3831	C	C	532	2	0.37%	2	1	93	93	0.2497656982194512	1	1	190	342	2	0	+G
barcode10_consensus_vsearch	3832	A	R	527	13	2.4%	2	2	93	93	1.1346876988055956E-4	1	1	184	343	12	1	G
barcode10_consensus_vsearch	3833	G	G	535	2	0.37%	2	2	93	93	0.24976700838742935	1	1	195	340	1	1	-T
barcode10_consensus_vsearch	3834	T	T	534	2	0.37%	2	1	93	93	0.24976657329578222	1	1	196	338	0	2	C
barcode10_consensus_vsearch	3835	A	A	534	4	0.74%	2	2	93	93	0.06215132534293568	1	1	194	340	2	2	G
barcode10_consensus_vsearch	3836	C	C	537	3	0.56%	2	2	93	93	0.12465245597770591	1	1	194	343	2	1	T
barcode10_consensus_vsearch	3837	A	A	530	6	1.11%	2	2	93	93	0.015406776410247038	1	1	191	339	3	3	G
barcode10_consensus_vsearch	3838	T	T	533	6	1.11%	2	2	93	93	0.015407988734056442	1	1	193	340	4	2	C
barcode10_consensus_vsearch	3839	A	A	535	1	0.19%	2	1	93	93	0.4999999999999138	1	1	196	339	0	1	+C
barcode10_consensus_vsearch	3840	C	C	541	0	0%	2	0	93	0	1.0	1	0	197	344	0	0	
barcode10_consensus_vsearch	3841	C	Y	516	24	4.44%	2	2	93	93	4.5900319709030885E-8	1	1	195	321	2	22	T
barcode10_consensus_vsearch	3842	G	G	534	2	0.37%	2	2	93	93	0.24976657329578222	1	1	193	341	1	1	-T
barcode10_consensus_vsearch	3843	T	T	524	6	1.12%	2	2	93	93	0.015404310668549302	1	1	189	335	1	5	C
barcode10_consensus_vsearch	3844	G	G	535	1	0.19%	2	1	93	93	0.4999999999999138	1	1	193	342	1	0	+CG
barcode10_consensus_vsearch	3845	A	*/+GG	510	10	1.85%	2	1	93	93	9.348349816829582E-4	1	1	190	320	0	10	+GG
barcode10_consensus_vsearch	3846	G	G	529	2	0.37%	2	1	93	93	0.24976437323210715	1	1	195	334	0	2	+TA
barcode10_consensus_vsearch	3847	G	G	530	3	0.56%	2	1	93	93	0.12464788732389653	1	1	189	341	0	3	-C
barcode10_consensus_vsearch	3848	C	Y	527	7	1.3%	2	1	93	93	0.007659460657798071	1	1	194	333	0	7	T
barcode10_consensus_vsearch	3849	A	A	529	3	0.56%	2	2	93	93	0.12464722483554738	1	1	192	337	2	1	-G
barcode10_consensus_vsearch	3850	G	G	534	2	0.37%	2	1	93	93	0.24976657329578222	1	1	193	341	0	2	+C
barcode10_consensus_vsearch	3851	A	A	528	4	0.74%	2	1	93	93	0.0621473910819107	1	1	191	337	4	0	-C
barcode10_consensus_vsearch	3852	C	C	534	1	0.19%	2	1	93	93	0.5000000000008233	1	1	192	342	0	1	+T
barcode10_consensus_vsearch	3853	C	Y	510	15	2.77%	2	1	93	93	2.7574716206710414E-5	1	1	192	318	0	15	T
barcode10_consensus_vsearch	3854	G	G	519	5	0.93%	2	1	93	93	0.030951956604203933	1	1	190	329	0	5	+T
barcode10_consensus_vsearch	3855	C	Y	516	13	2.43%	2	1	93	93	1.1329442952704973E-4	1	1	191	325	0	13	T
barcode10_consensus_vsearch	3856	C	Y	518	11	2.05%	2	2	93	93	4.633046086710839E-4	1	1	190	328	2	9	T
barcode10_consensus_vsearch	3857	C	Y	490	24	4.44%	2	2	93	93	4.528360062839251E-8	1	1	193	297	4	20	T
barcode10_consensus_vsearch	3858	G	G	536	2	0.37%	2	1	93	93	0.2497674418606225	1	1	197	339	0	2	C
barcode10_consensus_vsearch	3859	A	A	534	3	0.55%	2	1	93	93	0.1246505125815118	1	1	192	342	3	0	-C
barcode10_consensus_vsearch	3860	C	C	535	1	0.19%	2	1	93	93	0.4999999999999138	1	1	193	342	0	1	+TC
barcode10_consensus_vsearch	3861	C	C	526	6	1.11%	2	2	93	93	0.015405138750400803	1	1	195	331	1	5	-GG
barcode10_consensus_vsearch	3862	G	G	532	0	0%	2	0	93	0	1.0	1	0	196	336	0	0	
barcode10_consensus_vsearch	3863	G	G	529	4	0.75%	2	2	93	93	0.06214805294605921	1	1	194	335	2	2	A
barcode10_consensus_vsearch	3864	G	*/+C	502	18	3.33%	2	2	93	93	3.2845208845516603E-6	1	1	163	339	16	2	+C
barcode10_consensus_vsearch	3865	C	C	522	1	0.19%	2	1	93	93	0.5000000000008233	1	1	181	341	1	0	+A
barcode10_consensus_vsearch	3866	C	C	537	1	0.18%	2	1	93	93	0.4999999999999138	1	1	194	343	0	1	+T
barcode10_consensus_vsearch	3867	T	*/+G	519	9	1.67%	2	2	93	93	0.0018871405447592163	1	1	189	330	2	7	+G
barcode10_consensus_vsearch	3868	G	G	528	4	0.74%	2	1	93	93	0.0621473910819107	1	1	187	341	4	0	+A
barcode10_consensus_vsearch	3869	A	A	526	3	0.56%	2	1	93	93	0.12464522232734096	1	1	185	341	0	3	C
barcode10_consensus_vsearch	3870	A	A	534	3	0.56%	2	1	93	93	0.1246505125815118	1	1	191	343	3	0	-G
barcode10_consensus_vsearch	3871	G	G	538	0	0%	2	0	93	0	1.0	1	0	194	344	0	0	
barcode10_consensus_vsearch	3872	T	T	538	2	0.37%	2	2	93	93	0.24976830398477892	1	1	196	342	1	1	C
barcode10_consensus_vsearch	3873	T	*/+C	521	16	2.96%	2	1	93	93	1.3623328758221928E-5	1	1	180	341	16	0	+C
barcode10_consensus_vsearch	3874	C	C	535	2	0.37%	2	2	93	93	0.24976700838742935	1	1	194	341	1	1	T
barcode10_consensus_vsearch	3875	A	A	533	4	0.74%	2	2	93	93	0.06215067574099081	1	1	194	339	1	3	G
barcode10_consensus_vsearch	3876	A	R	526	8	1.48%	2	1	93	93	0.003804463493552888	1	1	187	339	8	0	G
barcode10_consensus_vsearch	3877	C	C	536	2	0.37%	2	2	93	93	0.2497674418606225	1	1	195	341	1	1	+T
barcode10_consensus_vsearch	3878	T	T	533	3	0.56%	2	1	93	93	0.12464985994384618	1	1	194	339	0	3	C
barcode10_consensus_vsearch	3879	A	A	527	5	0.93%	2	1	93	93	0.030956436312490055	1	1	186	341	5	0	T
barcode10_consensus_vsearch	3880	C	C	520	6	1.12%	2	2	93	93	0.01540263564963501	1	1	182	338	1	5	T
barcode10_consensus_vsearch	3881	G	G	532	5	0.93%	2	1	93	93	0.030959168383112096	1	1	191	341	5	0	-A
barcode10_consensus_vsearch	3882	A	A	524	5	0.94%	2	2	93	93	0.030954772292166692	1	1	184	340	3	2	G
barcode10_consensus_vsearch	3883	G	G	532	1	0.19%	2	1	93	93	0.4999999999999138	1	1	191	341	1	0	+A
barcode10_consensus_vsearch	3884	C	*/-T	429	48	8.89%	2	2	93	93	1.0230575339347551E-15	1	1	161	268	21	27	-T
barcode10_consensus_vsearch	3885	T	T	475	1	0.21%	2	1	93	93	0.4999999999999138	1	1	169	306	0	1	+C
barcode10_consensus_vsearch	3886	T	T	524	2	0.38%	2	2	93	93	0.24976213130317537	1	1	191	333	1	1	C
barcode10_consensus_vsearch	3887	T	T	534	5	0.93%	2	2	93	93	0.030960247025548112	1	1	195	339	1	4	C
barcode10_consensus_vsearch	3888	T	T	539	1	0.19%	2	1	93	93	0.4999999999999138	1	1	195	344	1	0	+CC
barcode10_consensus_vsearch	3889	T	T	531	5	0.92%	2	1	93	93	0.030958626044663474	1	1	189	342	5	0	-A
barcode10_consensus_vsearch	3890	A	A	534	0	0%	2	0	93	0	1.0	1	0	190	344	0	0	
barcode10_consensus_vsearch	3891	A	R	527	8	1.48%	2	1	93	93	0.003804652581188002	1	1	186	341	8	0	G
barcode10_consensus_vsearch	3892	C	C	532	2	0.37%	2	1	93	93	0.2497656982194512	1	1	191	341	2	0	+T
barcode10_consensus_vsearch	3893	T	T	529	3	0.56%	2	1	93	93	0.12464722483554738	1	1	193	336	0	3	-G
barcode10_consensus_vsearch	3894	G	G	532	3	0.56%	2	2	93	93	0.12464920486402759	1	1	192	340	2	1	A
barcode10_consensus_vsearch	3895	C	*/+A	524	7	1.3%	2	1	93	93	0.007658599319160323	1	1	192	332	0	7	+A
barcode10_consensus_vsearch	3896	A	A	537	2	0.37%	2	1	93	93	0.2497678737226224	1	1	196	341	0	2	G
barcode10_consensus_vsearch	3897	A	A	533	6	1.11%	2	2	93	93	0.015407988734056442	1	1	191	342	5	1	G
barcode10_consensus_vsearch	3898	C	Y	530	7	1.3%	2	1	93	93	0.007660312408999644	1	1	194	336	0	7	T
barcode10_consensus_vsearch	3899	A	A	538	0	0%	2	0	93	0	1.0	1	0	195	343	0	0	
barcode10_consensus_vsearch	3900	A	R	526	8	1.48%	2	2	93	93	0.003804463493552888	1	1	188	338	5	3	G
barcode10_consensus_vsearch	3901	C	C	523	5	0.93%	2	1	93	93	0.030954213418664108	1	1	190	333	0	5	-T
barcode10_consensus_vsearch	3902	T	T	530	3	0.56%	2	2	93	93	0.12464788732389653	1	1	193	337	1	2	C
barcode10_consensus_vsearch	3903	T	T	534	3	0.56%	2	1	93	93	0.1246505125815118	1	1	194	340	0	3	+CTT
barcode10_consensus_vsearch	3904	T	Y	528	7	1.3%	2	2	93	93	0.007659745632203721	1	1	188	340	5	2	C
barcode10_consensus_vsearch	3905	A	A	536	2	0.37%	2	2	93	93	0.2497674418606225	1	1	193	343	1	1	T
barcode10_consensus_vsearch	3906	A	A	535	3	0.56%	2	1	93	93	0.1246511627905904	1	1	195	340	0	3	C
barcode10_consensus_vsearch	3907	T	T	539	1	0.19%	2	1	93	93	0.4999999999999138	1	1	196	343	1	0	+AA
barcode10_consensus_vsearch	3908	A	A	537	3	0.55%	2	2	93	93	0.12465245597770591	1	1	195	342	2	1	-TA
barcode10_consensus_vsearch	3909	T	T	535	1	0.19%	2	1	93	93	0.4999999999999138	1	1	193	342	1	0	+A
barcode10_consensus_vsearch	3910	A	A	531	2	0.37%	2	2	93	93	0.249765258215703	1	1	191	340	1	1	G
barcode10_consensus_vsearch	3911	C	C	538	1	0.19%	2	1	93	93	0.5000000000008233	1	1	197	341	0	1	A
barcode10_consensus_vsearch	3912	G	G	536	3	0.55%	2	1	93	93	0.12465181058487508	1	1	196	340	0	3	+C
barcode10_consensus_vsearch	3913	C	C	530	4	0.74%	2	1	93	93	0.06214871233009074	1	1	197	333	0	4	+T
barcode10_consensus_vsearch	3914	T	Y	532	7	1.29%	2	2	93	93	0.007660874995560234	1	1	195	337	1	6	C
barcode10_consensus_vsearch	3915	A	A	538	1	0.19%	2	1	93	93	0.5000000000008233	1	1	196	342	0	1	+G
barcode10_consensus_vsearch	3916	T	T	537	1	0.19%	2	1	93	93	0.4999999999999138	1	1	196	341	0	1	+AT
barcode10_consensus_vsearch	3917	T	*/-G	500	39	7.22%	2	1	93	93	8.916117417342831E-13	1	1	196	304	0	39	-G
barcode10_consensus_vsearch	3918	G	G	498	1	0.2%	2	1	93	93	0.4999999999990043	1	1	196	302	0	1	+A
barcode10_consensus_vsearch	3919	G	G	538	2	0.37%	2	2	93	93	0.24976830398477892	1	1	196	342	1	1	-A
barcode10_consensus_vsearch	3920	A	A	535	2	0.37%	2	2	93	93	0.24976700838742935	1	1	195	340	1	1	-G
barcode10_consensus_vsearch	3921	G	G	532	3	0.56%	2	2	93	93	0.12464920486402759	1	1	194	338	1	2	A
barcode10_consensus_vsearch	3922	C	C	534	3	0.56%	2	1	93	93	0.1246505125815118	1	1	196	338	0	3	T
barcode10_consensus_vsearch	3923	T	*/-G	511	18	3.35%	2	2	93	93	3.2930353037110214E-6	1	1	195	316	2	16	-G
barcode10_consensus_vsearch	3924	G	G	519	1	0.19%	2	1	93	93	0.5000000000008233	1	1	194	325	1	0	+A
barcode10_consensus_vsearch	3925	G	G	535	4	0.74%	2	2	93	93	0.06215197253344983	1	1	195	340	2	2	-A
barcode10_consensus_vsearch	3926	A	A	534	2	0.37%	2	1	93	93	0.24976657329578222	1	1	194	340	0	2	G
barcode10_consensus_vsearch	3927	A	A	534	2	0.37%	2	1	93	93	0.24976657329578222	1	1	194	340	0	2	-T
barcode10_consensus_vsearch	3928	T	T	534	2	0.37%	2	2	93	93	0.24976657329578222	1	1	195	339	1	1	C
barcode10_consensus_vsearch	3929	T	T	536	2	0.37%	2	1	93	93	0.2497674418606225	1	1	197	339	0	2	+G
barcode10_consensus_vsearch	3930	A	A	527	6	1.11%	2	2	93	93	0.015405550465377539	1	1	194	333	2	4	G
barcode10_consensus_vsearch	3931	C	Y	523	11	2.04%	2	1	93	93	4.635347125797556E-4	1	1	196	327	0	11	T
barcode10_consensus_vsearch	3932	C	Y	521	8	1.48%	2	2	93	93	0.0038035073991726275	1	1	195	326	1	7	T
barcode10_consensus_vsearch	3933	G	G	531	5	0.93%	2	1	93	93	0.030958626044663474	1	1	196	335	0	5	A
barcode10_consensus_vsearch	3934	C	*/-G	500	13	2.41%	2	1	93	93	1.1302785074556576E-4	1	1	195	305	0	13	-G
barcode10_consensus_vsearch	3935	G	G	518	2	0.38%	2	1	93	93	0.24975938402341052	1	1	196	322	0	2	+TG
barcode10_consensus_vsearch	3936	G	G	534	2	0.37%	2	1	93	93	0.24976657329578222	1	1	197	337	0	2	A
barcode10_consensus_vsearch	3937	C	Y	529	8	1.48%	2	1	93	93	0.003805028656772291	1	1	197	332	0	8	T
barcode10_consensus_vsearch	3938	T	Y	525	11	2.04%	2	2	93	93	4.636255716146247E-4	1	1	196	329	1	10	C
barcode10_consensus_vsearch	3939	G	G	534	4	0.74%	2	1	93	93	0.06215132534293568	1	1	192	342	4	0	A
barcode10_consensus_vsearch	3940	C	C	527	6	1.11%	2	1	93	93	0.015405550465377539	1	1	193	334	0	6	T
barcode10_consensus_vsearch	3941	T	T	521	5	0.93%	2	2	93	93	0.030953089299844624	1	1	191	330	1	4	-G
barcode10_consensus_vsearch	3942	G	G	525	3	0.56%	2	2	93	93	0.12464454976311873	1	1	190	335	1	2	A
barcode10_consensus_vsearch	3943	G	G	535	2	0.37%	2	1	93	93	0.24976700838742935	1	1	193	342	0	2	-C
barcode10_consensus_vsearch	3944	C	C	522	6	1.12%	2	1	93	93	0.015403476325362767	1	1	183	339	6	0	-A
barcode10_consensus_vsearch	3945	A	A	519	5	0.94%	2	1	93	93	0.030951956604203933	1	1	183	336	5	0	G
barcode10_consensus_vsearch	3946	C	C	522	6	1.12%	2	1	93	93	0.015403476325362767	1	1	185	337	6	0	G
barcode10_consensus_vsearch	3947	C	C	525	3	0.56%	2	2	93	93	0.12464454976311873	1	1	188	337	2	1	+G
barcode10_consensus_vsearch	3948	A	A	528	3	0.56%	2	2	93	93	0.12464655984919866	1	1	191	337	2	1	G
barcode10_consensus_vsearch	3949	G	G	536	1	0.19%	2	1	93	93	0.4999999999999138	1	1	193	343	1	0	+A
barcode10_consensus_vsearch	3950	A	A	532	4	0.74%	2	2	93	93	0.06215002371389885	1	1	193	339	3	1	G
barcode10_consensus_vsearch	3951	C	*/+T	521	7	1.3%	2	1	93	93	0.0076577282303186165	1	1	194	327	0	7	+T
barcode10_consensus_vsearch	3952	T	T	530	3	0.56%	2	2	93	93	0.12464788732389653	1	1	192	338	2	1	C
barcode10_consensus_vsearch	3953	T	T	531	3	0.56%	2	1	93	93	0.12464854732871722	1	1	195	336	0	3	-G
barcode10_consensus_vsearch	3954	G	*/-C	515	13	2.42%	2	2	93	93	1.13278229476532E-4	1	1	190	325	6	7	-C
barcode10_consensus_vsearch	3955	C	*/+T	510	7	1.33%	2	1	93	93	0.007654448087332713	1	1	191	319	0	7	+T
barcode10_consensus_vsearch	3956	C	C	529	3	0.56%	2	1	93	93	0.12464722483554738	1	1	194	335	0	3	T
barcode10_consensus_vsearch	3957	C	C	534	3	0.55%	2	2	93	93	0.1246505125815118	1	1	194	340	2	1	-T
barcode10_consensus_vsearch	3958	T	*/-C	490	40	7.46%	2	2	93	93	4.2342110734418225E-13	1	1	151	339	39	1	-C
barcode10_consensus_vsearch	3959	C	C	492	3	0.6%	2	1	93	93	0.12462082912008803	1	1	152	340	3	0	+T
barcode10_consensus_vsearch	3960	C	C	532	2	0.37%	2	2	93	93	0.2497656982194512	1	1	191	341	1	1	-A
barcode10_consensus_vsearch	3961	A	A	537	1	0.19%	2	1	93	93	0.4999999999999138	1	1	194	343	1	0	T
barcode10_consensus_vsearch	3962	A	A	535	4	0.74%	2	2	93	93	0.06215197253344983	1	1	193	342	2	2	+T
barcode10_consensus_vsearch	3963	T	T	538	2	0.37%	2	1	93	93	0.24976830398477892	1	1	196	342	0	2	C
barcode10_consensus_vsearch	3964	T	T	536	2	0.37%	2	1	93	93	0.2497674418606225	1	1	196	340	0	2	C
barcode10_consensus_vsearch	3965	G	G	536	2	0.37%	2	1	93	93	0.2497674418606225	1	1	197	339	0	2	A
barcode10_consensus_vsearch	3966	T	T	535	3	0.56%	2	2	93	93	0.1246511627905904	1	1	196	339	1	2	C
barcode10_consensus_vsearch	3967	T	T	527	4	0.74%	2	2	93	93	0.06214672672359405	1	1	192	335	2	2	+C
barcode10_consensus_vsearch	3968	C	C	533	1	0.19%	2	1	93	93	0.4999999999990043	1	1	195	338	0	1	+T
barcode10_consensus_vsearch	3969	C	C	534	2	0.37%	2	1	93	93	0.24976657329578222	1	1	195	339	0	2	-T
barcode10_consensus_vsearch	3970	T	T	533	1	0.19%	2	1	93	93	0.4999999999990043	1	1	197	336	0	1	+C
barcode10_consensus_vsearch	3971	C	C	533	3	0.56%	2	1	93	93	0.12464985994384618	1	1	195	338	0	3	-GTT
barcode10_consensus_vsearch	3972	G	G	534	1	0.19%	2	1	93	93	0.5000000000008233	1	1	196	338	0	1	+T
barcode10_consensus_vsearch	3973	T	T	536	0	0%	2	0	93	0	1.0	1	0	197	339	0	0	
barcode10_consensus_vsearch	3974	T	*/+A	505	15	2.8%	2	1	93	93	2.754746143759851E-5	1	1	175	330	15	0	+A
barcode10_consensus_vsearch	3975	A	A	522	2	0.38%	2	2	93	93	0.24976122254010238	1	1	190	332	1	1	+G
barcode10_consensus_vsearch	3976	A	*/-G	495	27	5.02%	2	2	93	93	5.276641972599196E-9	1	1	180	315	9	18	-G
barcode10_consensus_vsearch	3977	G	G	497	4	0.78%	2	2	93	93	0.06212556212552127	1	1	182	315	3	1	A
barcode10_consensus_vsearch	3978	G	K	522	8	1.49%	2	1	93	93	0.0038037000521996237	1	1	189	333	0	8	T
barcode10_consensus_vsearch	3979	G	*/-A	533	7	1.29%	2	1	93	93	0.007661154731964119	1	1	189	344	7	0	-A
barcode10_consensus_vsearch	3980	A	*/-T	520	7	1.31%	2	2	93	93	0.0076574356719944486	1	1	185	335	2	5	-T
barcode10_consensus_vsearch	3981	T	T	532	1	0.19%	2	1	93	93	0.4999999999999138	1	1	195	337	0	1	C
barcode10_consensus_vsearch	3982	T	T	539	1	0.19%	2	1	93	93	0.4999999999999138	1	1	196	343	1	0	A
barcode10_consensus_vsearch	3983	T	*/-A	526	10	1.85%	2	2	93	93	9.360653175925267E-4	1	1	191	335	3	7	-A
barcode10_consensus_vsearch	3984	A	A	526	2	0.38%	2	1	93	93	0.2497630331753048	1	1	192	334	0	2	G
barcode10_consensus_vsearch	3985	A	A	540	0	0%	2	0	93	0	1.0	1	0	196	344	0	0	
barcode10_consensus_vsearch	3986	A	A	539	1	0.18%	2	1	93	93	0.4999999999999138	1	1	195	344	1	0	+G
barcode10_consensus_vsearch	3987	T	T	534	5	0.92%	2	1	93	93	0.030960247025548112	1	1	191	343	5	0	G
barcode10_consensus_vsearch	3988	T	T	529	3	0.55%	2	2	93	93	0.12464722483554738	1	1	192	337	2	1	+A
barcode10_consensus_vsearch	3989	G	G	536	2	0.37%	2	1	93	93	0.2497674418606225	1	1	195	341	2	0	T
barcode10_consensus_vsearch	3990	T	T	533	2	0.37%	2	1	93	93	0.2497661365761488	1	1	197	336	0	2	+A
barcode10_consensus_vsearch	3991	A	A	528	6	1.11%	2	2	93	93	0.015405960641249931	1	1	194	334	1	5	G
barcode10_consensus_vsearch	3992	C	C	527	4	0.74%	2	1	93	93	0.06214672672359405	1	1	195	332	0	4	T
barcode10_consensus_vsearch	3993	T	*/-C	525	9	1.67%	2	2	93	93	0.0018878752807627672	1	1	194	331	1	8	-C
barcode10_consensus_vsearch	3994	C	C	524	4	0.75%	2	1	93	93	0.06214471854291143	1	1	196	328	0	4	T
barcode10_consensus_vsearch	3995	A	A	530	5	0.92%	2	2	93	93	0.030958081679908694	1	1	191	339	2	3	G
barcode10_consensus_vsearch	3996	T	T	537	1	0.19%	2	1	93	93	0.4999999999999138	1	1	196	341	0	1	+C
barcode10_consensus_vsearch	3997	T	T	531	6	1.11%	2	2	93	93	0.015407182020391647	1	1	191	340	5	1	-C
barcode10_consensus_vsearch	3998	C	C	531	4	0.75%	2	1	93	93	0.062149369248170376	1	1	188	343	4	0	T
barcode10_consensus_vsearch	3999	C	*/-A	527	10	1.85%	2	2	93	93	9.361398093691576E-4	1	1	193	334	3	7	-A
barcode10_consensus_vsearch	4000	A	A	525	6	1.13%	2	2	93	93	0.015404725487673122	1	1	191	334	3	3	G
barcode10_consensus_vsearch	4001	A	A	535	3	0.55%	2	1	93	93	0.1246511627905904	1	1	193	342	3	0	G
barcode10_consensus_vsearch	4002	T	Y	529	8	1.48%	2	1	93	93	0.003805028656772291	1	1	195	334	0	8	C
barcode10_consensus_vsearch	4003	T	T	538	2	0.37%	2	2	93	93	0.24976830398477892	1	1	196	342	1	1	C
barcode10_consensus_vsearch	4004	A	A	535	2	0.37%	2	2	93	93	0.24976700838742935	1	1	194	341	1	1	-TA
barcode10_consensus_vsearch	4005	T	T	535	3	0.56%	2	2	93	93	0.1246511627905904	1	1	194	341	1	2	C
barcode10_consensus_vsearch	4006	A	A	536	1	0.19%	2	1	93	93	0.4999999999999138	1	1	194	342	1	0	+TA
barcode10_consensus_vsearch	4007	A	A	535	3	0.55%	2	2	93	93	0.1246511627905904	1	1	193	342	2	1	G
barcode10_consensus_vsearch	4008	G	G	538	1	0.19%	2	1	93	93	0.5000000000008233	1	1	195	343	1	0	+A
barcode10_consensus_vsearch	4009	A	A	524	5	0.93%	2	1	93	93	0.030954772292166692	1	1	183	341	5	0	-C
barcode10_consensus_vsearch	4010	C	C	531	1	0.19%	2	1	93	93	0.4999999999999138	1	1	189	342	1	0	G
barcode10_consensus_vsearch	4011	C	C	535	1	0.19%	2	1	93	93	0.4999999999999138	1	1	193	342	1	0	+A
barcode10_consensus_vsearch	4012	C	*/-A	386	79	14.66%	2	2	93	93	4.4155090656632894E-26	1	1	89	297	70	9	-A
barcode10_consensus_vsearch	4013	A	A	449	3	0.66%	2	2	93	93	0.12458471760810089	1	1	118	331	1	2	G
barcode10_consensus_vsearch	4014	A	A	530	1	0.19%	2	1	93	93	0.4999999999990043	1	1	188	342	1	0	T
barcode10_consensus_vsearch	4015	A	A	533	3	0.56%	2	2	93	93	0.12464985994384618	1	1	191	342	1	2	G
barcode10_consensus_vsearch	4016	A	A	534	2	0.37%	2	2	93	93	0.24976657329578222	1	1	192	342	1	1	-G
barcode10_consensus_vsearch	4017	G	G	525	5	0.93%	2	1	93	93	0.03095532905764353	1	1	188	337	5	0	-A
barcode10_consensus_vsearch	4018	A	A	528	2	0.38%	2	1	93	93	0.24976392823365007	1	1	190	338	0	2	-G
barcode10_consensus_vsearch	4019	G	G	524	6	1.12%	2	2	93	93	0.015404310668549302	1	1	187	337	5	1	-C
barcode10_consensus_vsearch	4020	C	Y	526	8	1.5%	2	1	93	93	0.003804463493552888	1	1	191	335	0	8	T
barcode10_consensus_vsearch	4021	C	Y	529	7	1.29%	2	1	93	93	0.007660029547299292	1	1	195	334	0	7	T
barcode10_consensus_vsearch	4022	C	C	537	2	0.37%	2	1	93	93	0.2497678737226224	1	1	197	340	0	2	T
barcode10_consensus_vsearch	4023	T	Y	524	11	2.04%	2	1	93	93	4.635802256328469E-4	1	1	197	327	0	11	C
barcode10_consensus_vsearch	4024	A	A	537	1	0.19%	2	1	93	93	0.4999999999999138	1	1	195	342	0	1	+T
barcode10_consensus_vsearch	4025	T	T	531	6	1.11%	2	2	93	93	0.015407182020391647	1	1	192	339	1	5	-AT
barcode10_consensus_vsearch	4026	A	A	528	2	0.38%	2	2	93	93	0.24976392823365007	1	1	191	337	1	1	+T
barcode10_consensus_vsearch	4027	T	T	532	2	0.37%	2	2	93	93	0.2497656982194512	1	1	194	338	1	1	C
barcode10_consensus_vsearch	4028	T	T	530	4	0.74%	2	1	93	93	0.06214871233009074	1	1	191	339	4	0	-GTT
barcode10_consensus_vsearch	4029	G	G	531	3	0.56%	2	1	93	93	0.12464854732871722	1	1	187	344	3	0	A
barcode10_consensus_vsearch	4030	T	T	531	2	0.37%	2	1	93	93	0.249765258215703	1	1	189	342	0	2	C
barcode10_consensus_vsearch	4031	T	T	527	4	0.75%	2	1	93	93	0.06214672672359405	1	1	187	340	4	0	-A
barcode10_consensus_vsearch	4032	A	A	533	1	0.19%	2	1	93	93	0.4999999999990043	1	1	192	341	0	1	+T
barcode10_consensus_vsearch	4033	T	T	533	4	0.74%	2	1	93	93	0.06215067574099081	1	1	191	342	4	0	G
barcode10_consensus_vsearch	4034	T	T	540	0	0%	2	0	93	0	1.0	1	0	197	343	0	0	
barcode10_consensus_vsearch	4035	T	*/-A	531	8	1.48%	2	1	93	93	0.003805401958573046	1	1	188	343	8	0	-A
barcode10_consensus_vsearch	4036	A	A	532	0	0%	2	0	93	0	1.0	1	0	188	344	0	0	
barcode10_consensus_vsearch	4037	T	K	531	8	1.48%	2	1	93	93	0.003805401958573046	1	1	188	343	8	0	G
barcode10_consensus_vsearch	4038	T	T	535	1	0.19%	2	1	93	93	0.4999999999999138	1	1	194	341	1	0	+ATT
barcode10_consensus_vsearch	4039	G	G	537	2	0.37%	2	1	93	93	0.2497678737226224	1	1	194	343	2	0	A
barcode10_consensus_vsearch	4040	T	T	538	1	0.19%	2	1	93	93	0.5000000000008233	1	1	194	344	1	0	+C
barcode10_consensus_vsearch	4041	C	C	538	1	0.19%	2	1	93	93	0.5000000000008233	1	1	194	344	1	0	-AC
barcode10_consensus_vsearch	4042	A	A	529	5	0.93%	2	2	93	93	0.030957535277242203	1	1	192	337	3	2	G
barcode10_consensus_vsearch	4043	C	C	527	3	0.56%	2	1	93	93	0.12464589235128659	1	1	193	334	0	3	+A
barcode10_consensus_vsearch	4044	T	T	526	5	0.93%	2	2	93	93	0.030955883727255742	1	1	194	332	1	4	C
barcode10_consensus_vsearch	4045	A	*/-C	517	9	1.69%	2	1	93	93	0.0018868919421650878	1	1	195	322	0	9	-C
barcode10_consensus_vsearch	4046	C	*/+T	495	14	2.66%	2	1	93	93	5.5748750330095096E-5	1	1	191	304	0	14	+T
barcode10_consensus_vsearch	4047	C	*/+T	517	7	1.3%	2	1	93	93	0.0076565513232377735	1	1	194	323	0	7	+T
barcode10_consensus_vsearch	4048	T	*/-C	443	80	14.98%	2	2	93	93	3.1336950358164556E-26	1	1	168	275	25	55	-C
barcode10_consensus_vsearch	4049	C	Y	434	11	2.43%	2	1	93	93	4.5868081601559884E-4	1	1	168	266	0	11	T
barcode10_consensus_vsearch	4050	C	C	529	3	0.56%	2	1	93	93	0.12464722483554738	1	1	195	334	0	3	+T
barcode10_consensus_vsearch	4051	C	Y	527	9	1.67%	2	2	93	93	0.001888116570402175	1	1	196	331	1	8	T
barcode10_consensus_vsearch	4052	C	C	526	6	1.11%	2	1	93	93	0.015405138750400803	1	1	195	331	0	6	T
barcode10_consensus_vsearch	4053	G	G	531	2	0.37%	2	1	93	93	0.249765258215703	1	1	194	337	0	2	+CA
barcode10_consensus_vsearch	4054	T	T	534	2	0.37%	2	1	93	93	0.24976657329578222	1	1	196	338	0	2	A
barcode10_consensus_vsearch	4055	G	G	527	6	1.12%	2	1	93	93	0.015405550465377539	1	1	194	333	0	6	+CG
barcode10_consensus_vsearch	4056	T	T	531	2	0.37%	2	2	93	93	0.249765258215703	1	1	193	338	1	1	C
barcode10_consensus_vsearch	4057	C	C	523	4	0.74%	2	1	93	93	0.062144044065959504	1	1	189	334	4	0	+A
barcode10_consensus_vsearch	4058	G	R	525	7	1.31%	2	2	93	93	0.007658887507292351	1	1	190	335	6	1	A
barcode10_consensus_vsearch	4059	G	G	538	0	0%	2	0	93	0	1.0	1	0	197	341	0	0	
barcode10_consensus_vsearch	4060	G	G	536	2	0.37%	2	1	93	93	0.2497674418606225	1	1	197	339	0	2	T
barcode10_consensus_vsearch	4061	A	A	537	1	0.19%	2	1	93	93	0.4999999999999138	1	1	197	340	0	1	-T
barcode10_consensus_vsearch	4062	T	T	536	1	0.19%	2	1	93	93	0.4999999999999138	1	1	197	339	0	1	+C
barcode10_consensus_vsearch	4063	T	*/-GG	507	11	2.04%	2	1	93	93	4.627830061939466E-4	1	1	188	319	0	11	-GG
barcode10_consensus_vsearch	4064	G	G	511	6	1.16%	2	1	93	93	0.015398772277451886	1	1	189	322	6	0	A
barcode10_consensus_vsearch	4065	G	G	519	6	1.14%	2	2	93	93	0.015402212914588027	1	1	194	325	3	3	A
barcode10_consensus_vsearch	4066	G	G	528	4	0.74%	2	1	93	93	0.0621473910819107	1	1	194	334	0	4	-T
barcode10_consensus_vsearch	4067	T	Y	512	14	2.62%	2	2	93	93	5.591435815604937E-5	1	1	192	320	2	12	C
barcode10_consensus_vsearch	4068	A	A	533	3	0.56%	2	1	93	93	0.12464985994384618	1	1	196	337	0	3	C
barcode10_consensus_vsearch	4069	A	*/-T	477	52	9.63%	2	2	93	93	5.943400493505851E-17	1	1	151	326	46	6	-T
barcode10_consensus_vsearch	4070	T	T	484	3	0.61%	2	1	93	93	0.12461459403930583	1	1	151	333	0	3	C
barcode10_consensus_vsearch	4071	T	T	532	4	0.74%	2	2	93	93	0.06215002371389885	1	1	196	336	1	3	+C
barcode10_consensus_vsearch	4072	T	*/-G	522	8	1.48%	2	2	93	93	0.0038037000521996237	1	1	191	331	6	2	-G
barcode10_consensus_vsearch	4073	G	G	522	5	0.94%	2	2	93	93	0.03095365242531379	1	1	188	334	2	3	A
barcode10_consensus_vsearch	4074	C	M	517	9	1.68%	2	2	93	93	0.0018868919421650878	1	1	189	328	6	3	A
barcode10_consensus_vsearch	4075	G	G	533	4	0.74%	2	2	93	93	0.06215067574099081	1	1	196	337	1	3	A
barcode10_consensus_vsearch	4076	C	*/-GC	511	17	3.15%	2	2	93	93	6.6937275308251885E-6	1	1	190	321	5	12	-GC
barcode10_consensus_vsearch	4077	G	G	515	2	0.38%	2	2	93	93	0.24975798644764874	1	1	189	326	1	1	-C
barcode10_consensus_vsearch	4078	C	C	509	6	1.16%	2	1	93	93	0.01539789544904327	1	1	190	319	0	6	+T
barcode10_consensus_vsearch	4079	C	C	530	4	0.74%	2	1	93	93	0.06214871233009074	1	1	196	334	0	4	-T
barcode10_consensus_vsearch	4080	T	T	530	3	0.56%	2	1	93	93	0.12464788732389653	1	1	195	335	0	3	A
barcode10_consensus_vsearch	4081	G	G	538	1	0.19%	2	1	93	93	0.5000000000008233	1	1	196	342	0	1	+T
barcode10_consensus_vsearch	4082	C	Y	511	20	3.7%	2	1	93	93	7.947737228135361E-7	1	1	191	320	0	20	T
barcode10_consensus_vsearch	4083	T	T	529	3	0.56%	2	2	93	93	0.12464722483554738	1	1	192	337	2	1	C
barcode10_consensus_vsearch	4084	G	*/-C	515	13	2.43%	2	2	93	93	1.13278229476532E-4	1	1	177	338	10	3	-C
barcode10_consensus_vsearch	4085	C	C	515	3	0.57%	2	1	93	93	0.12463768115942017	1	1	181	334	0	3	+T
barcode10_consensus_vsearch	4086	C	*/+T	496	28	5.19%	2	2	93	93	2.572024620520584E-9	1	1	189	307	3	25	+T
barcode10_consensus_vsearch	4087	T	T	525	1	0.19%	2	1	93	93	0.4999999999999138	1	1	193	332	1	0	+AT
barcode10_consensus_vsearch	4088	T	*/-C	496	25	4.66%	2	2	93	93	2.2191683779911326E-8	1	1	178	318	5	20	-C
barcode10_consensus_vsearch	4089	C	*/+G	483	12	2.4%	2	1	93	93	2.2821602994011232E-4	1	1	167	316	12	0	+G
barcode10_consensus_vsearch	4090	C	*/-T	485	19	3.61%	2	2	93	93	1.604624153150715E-6	1	1	179	306	2	17	-T
barcode10_consensus_vsearch	4091	T	T	486	5	0.99%	2	1	93	93	0.030931935580938492	1	1	173	313	5	0	A
barcode10_consensus_vsearch	4092	T	*/-G	480	39	7.37%	2	1	93	93	8.665176193689031E-13	1	1	183	297	0	39	-G
barcode10_consensus_vsearch	4093	G	G	492	3	0.6%	2	2	93	93	0.12462082912008803	1	1	195	297	2	1	A
barcode10_consensus_vsearch	4094	G	G	539	1	0.19%	2	1	93	93	0.4999999999999138	1	1	196	343	1	0	-A
barcode10_consensus_vsearch	4095	A	A	539	0	0%	2	0	93	0	1.0	1	0	196	343	0	0	
barcode10_consensus_vsearch	4096	T	T	536	1	0.19%	2	1	93	93	0.4999999999999138	1	1	194	342	1	0	+A
barcode10_consensus_vsearch	4097	G	G	534	2	0.37%	2	1	93	93	0.24976657329578222	1	1	195	339	0	2	-TG
barcode10_consensus_vsearch	4098	T	*/-GGT	514	14	2.6%	2	1	93	93	5.5933162205555704E-5	1	1	195	319	0	14	-GGT
barcode10_consensus_vsearch	4099	G	R	514	8	1.53%	2	2	93	93	0.0038021382913158916	1	1	192	322	5	3	A
barcode10_consensus_vsearch	4100	G	G	521	2	0.38%	2	1	93	93	0.24976076555023663	1	1	195	326	2	0	T
barcode10_consensus_vsearch	4101	T	T	510	6	1.15%	2	2	93	93	0.015398334711237307	1	1	194	316	1	5	C
barcode10_consensus_vsearch	4102	A	A	529	5	0.93%	2	2	93	93	0.030957535277242203	1	1	192	337	3	2	G
barcode10_consensus_vsearch	4103	G	G	530	4	0.74%	2	2	93	93	0.06214871233009074	1	1	194	336	1	3	-C
barcode10_consensus_vsearch	4104	C	C	526	5	0.93%	2	1	93	93	0.030955883727255742	1	1	195	331	0	5	+GC
barcode10_consensus_vsearch	4105	C	Y	521	17	3.14%	2	1	93	93	6.710281467422736E-6	1	1	196	325	0	17	T
barcode10_consensus_vsearch	4106	G	G	528	4	0.74%	2	1	93	93	0.0621473910819107	1	1	191	337	4	0	+T
barcode10_consensus_vsearch	4107	T	Y	523	12	2.24%	2	2	93	93	2.2938247236163674E-4	1	1	194	329	1	11	C
barcode10_consensus_vsearch	4108	T	T	535	3	0.56%	2	2	93	93	0.1246511627905904	1	1	195	340	1	2	C
barcode10_consensus_vsearch	4109	T	*/+C	518	8	1.48%	2	1	93	93	0.0038029250726284375	1	1	194	324	0	8	+C
barcode10_consensus_vsearch	4110	C	C	524	4	0.75%	2	1	93	93	0.06214471854291143	1	1	197	327	0	4	-TC
barcode10_consensus_vsearch	4111	T	*/+C	519	9	1.68%	2	1	93	93	0.0018871405447592163	1	1	186	333	9	0	+C
barcode10_consensus_vsearch	4112	C	C	519	4	0.75%	2	2	93	93	0.062141320354043746	1	1	189	330	3	1	+G
barcode10_consensus_vsearch	4113	A	*/-G	510	7	1.32%	2	2	93	93	0.007654448087332713	1	1	182	328	4	3	-G
barcode10_consensus_vsearch	4114	G	G	527	2	0.38%	2	1	93	93	0.24976348155137792	1	1	191	336	0	2	+T
barcode10_consensus_vsearch	4115	G	G	530	4	0.74%	2	2	93	93	0.06214871233009074	1	1	189	341	1	3	-C
barcode10_consensus_vsearch	4116	C	*/-T	518	7	1.3%	2	2	93	93	0.007656847224773479	1	1	191	327	1	6	-T
barcode10_consensus_vsearch	4117	T	*/-C	415	93	17.65%	2	2	93	93	9.75029834858594E-31	1	1	168	247	25	68	-C
barcode10_consensus_vsearch	4118	C	C	439	1	0.23%	2	1	93	93	0.5000000000008233	1	1	171	268	1	0	+TC
barcode10_consensus_vsearch	4119	C	C	530	3	0.56%	2	2	93	93	0.12464788732389653	1	1	194	336	2	1	+T
barcode10_consensus_vsearch	4120	C	C	535	3	0.56%	2	1	93	93	0.1246511627905904	1	1	197	338	0	3	-T
barcode10_consensus_vsearch	4121	T	T	531	2	0.37%	2	1	93	93	0.249765258215703	1	1	193	338	2	0	C
barcode10_consensus_vsearch	4122	C	*/-TC	507	29	5.37%	2	2	93	93	1.2622225450727157E-9	1	1	193	314	1	28	-TC
barcode10_consensus_vsearch	4123	T	*/-C	484	17	3.35%	2	1	93	93	6.645906272893505E-6	1	1	173	311	17	0	-C
barcode10_consensus_vsearch	4124	C	C	490	5	1.01%	2	2	93	93	0.030934504473150548	1	1	178	312	1	4	+TC
barcode10_consensus_vsearch	4125	C	*/-G	512	24	4.44%	2	2	93	93	4.580889745659234E-8	1	1	193	319	1	23	-G
barcode10_consensus_vsearch	4126	G	G	515	1	0.19%	2	1	93	93	0.4999999999990043	1	1	195	320	1	0	+A
barcode10_consensus_vsearch	4127	G	G	536	3	0.55%	2	2	93	93	0.12465181058487508	1	1	194	342	2	1	-A
barcode10_consensus_vsearch	4128	A	A	536	1	0.19%	2	1	93	93	0.4999999999999138	1	1	194	342	1	0	+G
barcode10_consensus_vsearch	4129	A	A	540	1	0.18%	2	1	93	93	0.5000000000008233	1	1	196	344	1	0	G
barcode10_consensus_vsearch	4130	T	T	534	4	0.74%	2	1	93	93	0.06215132534293568	1	1	195	339	0	4	C
barcode10_consensus_vsearch	4131	C	C	535	3	0.55%	2	1	93	93	0.1246511627905904	1	1	194	341	3	0	+A
barcode10_consensus_vsearch	4132	G	G	538	2	0.37%	2	1	93	93	0.24976830398477892	1	1	194	344	2	0	-A
barcode10_consensus_vsearch	4133	A	A	536	2	0.37%	2	2	93	93	0.2497674418606225	1	1	193	343	1	1	+G
barcode10_consensus_vsearch	4134	A	*/+C	494	23	4.25%	2	2	93	93	9.282690714544543E-8	1	1	182	312	7	16	+C
barcode10_consensus_vsearch	4135	C	C	523	0	0%	2	0	93	0	1.0	1	0	192	331	0	0	
barcode10_consensus_vsearch	4136	C	C	536	2	0.37%	2	1	93	93	0.2497674418606225	1	1	193	343	2	0	+A
barcode10_consensus_vsearch	4137	C	*/-T	519	14	2.59%	2	1	93	93	5.597957400884255E-5	1	1	197	322	0	14	-T
barcode10_consensus_vsearch	4138	T	W	509	14	2.66%	2	1	93	93	5.588589091343402E-5	1	1	182	327	14	0	A
barcode10_consensus_vsearch	4139	T	T	538	1	0.19%	2	1	93	93	0.5000000000008233	1	1	196	342	0	1	+GTT
barcode10_consensus_vsearch	4140	A	A	536	2	0.37%	2	1	93	93	0.2497674418606225	1	1	194	342	0	2	-T
barcode10_consensus_vsearch	4141	T	T	532	5	0.93%	2	2	93	93	0.030959168383112096	1	1	194	338	2	3	C
barcode10_consensus_vsearch	4142	T	*/-C	495	24	4.44%	2	2	93	93	4.540644458050564E-8	1	1	182	313	8	16	-C
barcode10_consensus_vsearch	4143	C	C	513	0	0%	2	0	93	0	1.0	1	0	188	325	0	0	
barcode10_consensus_vsearch	4144	C	C	537	0	0%	2	0	93	0	1.0	1	0	196	341	0	0	
barcode10_consensus_vsearch	4145	C	C	536	2	0.37%	2	1	93	93	0.2497674418606225	1	1	196	340	0	2	+T
barcode10_consensus_vsearch	4146	C	Y	508	28	5.18%	2	1	93	93	2.5940164115307404E-9	1	1	197	311	0	28	T
barcode10_consensus_vsearch	4147	G	G	539	1	0.18%	2	1	93	93	0.4999999999999138	1	1	195	344	1	0	+T
barcode10_consensus_vsearch	4148	T	T	541	0	0%	2	0	93	0	1.0	1	0	197	344	0	0	
barcode10_consensus_vsearch	4149	T	T	535	5	0.92%	2	1	93	93	0.030960783351964165	1	1	192	343	5	0	-A
barcode10_consensus_vsearch	4150	A	*/-C	520	10	1.87%	2	1	93	93	9.356125377556371E-4	1	1	177	343	10	0	-C
barcode10_consensus_vsearch	4151	C	C	523	5	0.94%	2	1	93	93	0.030954213418664108	1	1	182	341	5	0	G
barcode10_consensus_vsearch	4152	C	C	533	3	0.55%	2	1	93	93	0.12464985994384618	1	1	196	337	0	3	+T
barcode10_consensus_vsearch	4153	C	Y	460	71	13.12%	2	1	93	93	3.4472895848072416E-23	1	1	196	264	0	71	T
barcode10_consensus_vsearch	4154	G	G	537	2	0.37%	2	1	93	93	0.2497678737226224	1	1	196	341	0	2	+C
barcode10_consensus_vsearch	4155	T	Y	531	9	1.66%	2	2	93	93	0.0018885938357894548	1	1	195	336	1	8	C
barcode10_consensus_vsearch	4156	T	T	530	5	0.92%	2	2	93	93	0.030958081679908694	1	1	193	337	1	4	+G
barcode10_consensus_vsearch	4157	G	G	528	5	0.93%	2	1	93	93	0.03095698682522861	1	1	195	333	0	5	-A
barcode10_consensus_vsearch	4158	A	A	533	2	0.37%	2	2	93	93	0.2497661365761488	1	1	195	338	1	1	G
barcode10_consensus_vsearch	4159	A	A	537	4	0.74%	2	2	93	93	0.06215325973347298	1	1	195	342	2	2	G
barcode10_consensus_vsearch	4160	A	*/+T	520	9	1.66%	2	1	93	93	0.0018872641475916499	1	1	189	331	0	9	+T
barcode10_consensus_vsearch	4161	C	C	535	1	0.19%	2	1	93	93	0.4999999999999138	1	1	194	341	1	0	+G
barcode10_consensus_vsearch	4162	C	C	532	6	1.11%	2	2	93	93	0.015407586125499683	1	1	194	338	1	5	T
barcode10_consensus_vsearch	4163	A	A	531	3	0.56%	2	1	93	93	0.12464854732871722	1	1	193	338	0	3	-TGGTA
barcode10_consensus_vsearch	4164	T	*/-G	518	15	2.79%	2	2	93	93	2.7617299344696136E-5	1	1	196	322	1	14	-G
barcode10_consensus_vsearch	4165	G	G	517	2	0.38%	2	1	93	93	0.24975891996195723	1	1	193	324	2	0	A
barcode10_consensus_vsearch	4166	G	G	525	4	0.75%	2	1	93	93	0.062145390468482414	1	1	194	331	0	4	-T
barcode10_consensus_vsearch	4167	T	*/-A	509	8	1.51%	2	2	93	93	0.0038011378038331415	1	1	187	322	3	5	-A
barcode10_consensus_vsearch	4168	A	*/-G	509	9	1.71%	2	2	93	93	0.0018858785142682308	1	1	189	320	3	6	-G
barcode10_consensus_vsearch	4169	G	G	519	4	0.76%	2	1	93	93	0.062141320354043746	1	1	190	329	0	4	A
barcode10_consensus_vsearch	4170	G	*/-C	510	7	1.3%	2	2	93	93	0.007654448087332713	1	1	187	323	3	4	-C
barcode10_consensus_vsearch	4171	C	C	522	3	0.56%	2	1	93	93	0.12464251668251476	1	1	190	332	0	3	+T
barcode10_consensus_vsearch	4172	C	*/-T	522	8	1.48%	2	2	93	93	0.0038037000521996237	1	1	193	329	1	7	-T
barcode10_consensus_vsearch	4173	T	T	516	6	1.13%	2	2	93	93	0.015400935010162124	1	1	191	325	1	5	C
barcode10_consensus_vsearch	4174	C	*/-T	496	37	6.89%	2	2	93	93	3.80959939700076E-12	1	1	193	303	1	36	-T
barcode10_consensus_vsearch	4175	T	T	492	3	0.6%	2	1	93	93	0.12462082912008803	1	1	194	298	0	3	+CT
barcode10_consensus_vsearch	4176	A	A	539	1	0.19%	2	1	93	93	0.4999999999999138	1	1	196	343	0	1	+TTTA
barcode10_consensus_vsearch	4177	T	T	530	6	1.11%	2	2	93	93	0.015406776410247038	1	1	191	339	4	2	+C
barcode10_consensus_vsearch	4178	C	C	536	2	0.37%	2	1	93	93	0.2497674418606225	1	1	195	341	0	2	+T
barcode10_consensus_vsearch	4179	C	*/-T	531	9	1.66%	2	2	93	93	0.0018885938357894548	1	1	192	339	5	4	-T
barcode10_consensus_vsearch	4180	T	Y	522	7	1.32%	2	2	93	93	0.007658019686838506	1	1	188	334	3	4	C
barcode10_consensus_vsearch	4181	A	R	529	9	1.67%	2	2	93	93	0.00188835608221637	1	1	188	341	7	2	G
barcode10_consensus_vsearch	4182	C	C	537	1	0.19%	2	1	93	93	0.4999999999999138	1	1	196	341	0	1	+T
barcode10_consensus_vsearch	4183	C	C	539	1	0.18%	2	1	93	93	0.4999999999999138	1	1	196	343	1	0	+G
barcode10_consensus_vsearch	4184	A	A	537	2	0.37%	2	1	93	93	0.2497678737226224	1	1	193	344	2	0	+CCA
barcode10_consensus_vsearch	4185	T	T	535	3	0.55%	2	1	93	93	0.1246511627905904	1	1	194	341	3	0	+C
barcode10_consensus_vsearch	4186	C	C	539	1	0.18%	2	1	93	93	0.4999999999999138	1	1	195	344	1	0	+AAA
barcode10_consensus_vsearch	4187	G	*/-A	520	13	2.41%	2	2	93	93	1.1335863736764801E-4	1	1	186	334	9	4	-A
barcode10_consensus_vsearch	4188	A	A	520	1	0.19%	2	1	93	93	0.5000000000008233	1	1	184	336	1	0	+G
barcode10_consensus_vsearch	4189	A	A	532	1	0.19%	2	1	93	93	0.4999999999999138	1	1	193	339	1	0	+G
barcode10_consensus_vsearch	4190	A	A	537	2	0.37%	2	2	93	93	0.2497678737226224	1	1	196	341	1	1	G
barcode10_consensus_vsearch	4191	G	G	536	1	0.18%	2	1	93	93	0.4999999999999138	1	1	195	341	1	0	+AA
barcode10_consensus_vsearch	4192	T	T	532	6	1.11%	2	2	93	93	0.015407586125499683	1	1	195	337	1	5	C
barcode10_consensus_vsearch	4193	T	T	534	2	0.37%	2	1	93	93	0.24976657329578222	1	1	195	339	2	0	+A
barcode10_consensus_vsearch	4194	G	G	535	2	0.37%	2	1	93	93	0.24976700838742935	1	1	195	340	2	0	A
barcode10_consensus_vsearch	4195	A	A	536	1	0.18%	2	1	93	93	0.4999999999999138	1	1	196	340	1	0	+CC
barcode10_consensus_vsearch	4196	T	T	530	4	0.74%	2	1	93	93	0.06214871233009074	1	1	191	339	0	4	C
barcode10_consensus_vsearch	4197	A	*/-G	507	22	4.07%	2	2	93	93	1.9078488332450523E-7	1	1	186	321	1	21	-G
barcode10_consensus_vsearch	4198	G	G	512	4	0.77%	2	1	93	93	0.06213645219775339	1	1	192	320	4	0	A
barcode10_consensus_vsearch	4199	G	G	536	2	0.37%	2	2	93	93	0.2497674418606225	1	1	195	341	1	1	T
barcode10_consensus_vsearch	4200	G	G	533	3	0.55%	2	1	93	93	0.12464985994384618	1	1	193	340	3	0	A
barcode10_consensus_vsearch	4201	C	C	528	4	0.74%	2	2	93	93	0.0621473910819107	1	1	192	336	1	3	-A
barcode10_consensus_vsearch	4202	A	A	522	6	1.12%	2	2	93	93	0.015403476325362767	1	1	192	330	1	5	G
barcode10_consensus_vsearch	4203	G	G	534	0	0%	2	0	93	0	1.0	1	0	194	340	0	0	
barcode10_consensus_vsearch	4204	A	A	538	1	0.19%	2	1	93	93	0.5000000000008233	1	1	197	341	0	1	G
barcode10_consensus_vsearch	4205	T	T	537	2	0.37%	2	1	93	93	0.2497678737226224	1	1	197	340	0	2	G
barcode10_consensus_vsearch	4206	A	A	530	3	0.56%	2	2	93	93	0.12464788732389653	1	1	194	336	2	1	G
barcode10_consensus_vsearch	4207	T	T	535	2	0.37%	2	1	93	93	0.24976700838742935	1	1	197	338	0	2	C
barcode10_consensus_vsearch	4208	T	T	538	1	0.19%	2	1	93	93	0.5000000000008233	1	1	195	343	1	0	C
barcode10_consensus_vsearch	4209	T	*/+G	519	8	1.48%	2	1	93	93	0.003803119913505049	1	1	193	326	0	8	+G
barcode10_consensus_vsearch	4210	G	G	529	2	0.37%	2	2	93	93	0.24976437323210715	1	1	191	338	1	1	-A
barcode10_consensus_vsearch	4211	A	A	527	4	0.74%	2	1	93	93	0.06214672672359405	1	1	189	338	4	0	+G
barcode10_consensus_vsearch	4212	A	A	529	4	0.74%	2	1	93	93	0.06214805294605921	1	1	195	334	0	4	-T
barcode10_consensus_vsearch	4213	T	Y	520	8	1.5%	2	2	93	93	0.0038033140209771956	1	1	193	327	1	7	C
barcode10_consensus_vsearch	4214	G	*/-A	524	12	2.23%	2	2	93	93	2.2940944872581814E-4	1	1	188	336	9	3	-A
barcode10_consensus_vsearch	4215	A	A	523	3	0.57%	2	1	93	93	0.12464319695528758	1	1	188	335	0	3	T
barcode10_consensus_vsearch	4216	A	*/-G	528	8	1.48%	2	2	93	93	0.0038048409676247133	1	1	192	336	5	3	-G
barcode10_consensus_vsearch	4217	G	G	526	2	0.38%	2	1	93	93	0.2497630331753048	1	1	190	336	0	2	+C
barcode10_consensus_vsearch	4218	C	C	533	2	0.37%	2	1	93	93	0.2497661365761488	1	1	196	337	0	2	A
barcode10_consensus_vsearch	4219	A	*/-T	520	17	3.14%	2	1	93	93	6.708652441435347E-6	1	1	197	323	0	17	-T
barcode10_consensus_vsearch	4220	T	Y	513	7	1.34%	2	2	93	93	0.007655356380743495	1	1	196	317	1	6	C
barcode10_consensus_vsearch	4221	C	C	535	2	0.37%	2	1	93	93	0.24976700838742935	1	1	195	340	2	0	-G
barcode10_consensus_vsearch	4222	G	G	534	2	0.37%	2	1	93	93	0.24976657329578222	1	1	193	341	2	0	-C
barcode10_consensus_vsearch	4223	C	Y	512	20	3.71%	2	1	93	93	7.950511786544866E-7	1	1	193	319	0	20	T
barcode10_consensus_vsearch	4224	C	*/-G	520	9	1.66%	2	1	93	93	0.0018872641475916499	1	1	194	326	0	9	-G
barcode10_consensus_vsearch	4225	G	G	524	2	0.38%	2	1	93	93	0.24976213130317537	1	1	195	329	0	2	+C
barcode10_consensus_vsearch	4226	G	G	536	2	0.37%	2	1	93	93	0.2497674418606225	1	1	196	340	0	2	A
barcode10_consensus_vsearch	4227	C	C	533	6	1.11%	2	2	93	93	0.015407988734056442	1	1	195	338	1	5	T
barcode10_consensus_vsearch	4228	A	A	534	4	0.74%	2	1	93	93	0.06215132534293568	1	1	195	339	0	4	G
barcode10_consensus_vsearch	4229	C	*/-A	526	9	1.67%	2	2	93	93	0.0018879961490473396	1	1	187	339	6	3	-A
barcode10_consensus_vsearch	4230	A	A	530	0	0%	2	0	93	0	1.0	1	0	190	340	0	0	
barcode10_consensus_vsearch	4231	A	A	531	5	0.93%	2	2	93	93	0.030958626044663474	1	1	194	337	2	3	G
barcode10_consensus_vsearch	4232	G	G	538	1	0.19%	2	1	93	93	0.5000000000008233	1	1	197	341	0	1	T
barcode10_consensus_vsearch	4233	G	G	537	2	0.37%	2	2	93	93	0.2497678737226224	1	1	196	341	1	1	-C
barcode10_consensus_vsearch	4234	C	C	535	1	0.19%	2	1	93	93	0.4999999999999138	1	1	195	340	0	1	+TG
barcode10_consensus_vsearch	4235	C	C	536	3	0.56%	2	2	93	93	0.12465181058487508	1	1	195	341	1	2	T
barcode10_consensus_vsearch	4236	A	A	531	6	1.11%	2	2	93	93	0.015407182020391647	1	1	193	338	3	3	G
barcode10_consensus_vsearch	4237	T	T	532	4	0.74%	2	1	93	93	0.06215002371389885	1	1	195	337	0	4	A
barcode10_consensus_vsearch	4238	G	*/-CG	524	12	2.22%	2	1	93	93	2.2940944872581814E-4	1	1	195	329	0	12	-CG
barcode10_consensus_vsearch	4239	C	C	519	3	0.57%	2	2	93	93	0.12464046021107343	1	1	196	323	1	2	+G
barcode10_consensus_vsearch	4240	G	G	527	1	0.19%	2	1	93	93	0.4999999999999138	1	1	196	331	0	1	+TG
barcode10_consensus_vsearch	4241	A	A	533	4	0.74%	2	2	93	93	0.06215067574099081	1	1	193	340	2	2	G
barcode10_consensus_vsearch	4242	T	T	538	2	0.37%	2	1	93	93	0.24976830398477892	1	1	197	341	0	2	C
barcode10_consensus_vsearch	4243	T	T	538	1	0.18%	2	1	93	93	0.5000000000008233	1	1	195	343	1	0	+C
barcode10_consensus_vsearch	4244	C	*/+G	527	10	1.85%	2	1	93	93	9.361398093691576E-4	1	1	196	331	0	10	+G
barcode10_consensus_vsearch	4245	G	G	533	3	0.56%	2	1	93	93	0.12464985994384618	1	1	192	341	3	0	-A
barcode10_consensus_vsearch	4246	A	*/-GA	507	13	2.42%	2	1	93	93	1.1314644468241172E-4	1	1	166	341	13	0	-GA
barcode10_consensus_vsearch	4247	G	*/-A	509	10	1.91%	2	2	93	93	9.347555991657264E-4	1	1	168	341	9	1	-A
barcode10_consensus_vsearch	4248	A	*/+G	493	16	3.12%	2	1	93	93	1.3537318242657624E-5	1	1	155	338	16	0	+G
barcode10_consensus_vsearch	4249	A	*/-G	514	17	3.17%	2	1	93	93	6.69875589567145E-6	1	1	173	341	17	0	-G
barcode10_consensus_vsearch	4250	G	*/-T	502	9	1.73%	2	2	93	93	0.001884965981907454	1	1	166	336	4	5	-T
barcode10_consensus_vsearch	4251	T	T	518	5	0.95%	2	1	93	93	0.030951387009327987	1	1	187	331	0	5	C
barcode10_consensus_vsearch	4252	T	T	526	4	0.75%	2	2	93	93	0.06214605985717208	1	1	188	338	2	2	C
barcode10_consensus_vsearch	4253	A	*/-TTA	517	9	1.67%	2	2	93	93	0.0018868919421650878	1	1	189	328	2	7	-TTA
barcode10_consensus_vsearch	4254	T	T	519	5	0.95%	2	2	93	93	0.030951956604203933	1	1	186	333	4	1	G
barcode10_consensus_vsearch	4255	T	T	526	2	0.38%	2	1	93	93	0.2497630331753048	1	1	191	335	2	0	C
barcode10_consensus_vsearch	4256	A	A	524	3	0.56%	2	2	93	93	0.12464387464392387	1	1	192	332	1	2	G
barcode10_consensus_vsearch	4257	T	T	527	4	0.74%	2	1	93	93	0.06214672672359405	1	1	191	336	4	0	+A
barcode10_consensus_vsearch	4258	G	G	533	5	0.93%	2	1	93	93	0.03095970870624187	1	1	192	341	5	0	-A
barcode10_consensus_vsearch	4259	A	A	531	3	0.56%	2	1	93	93	0.12464854732871722	1	1	192	339	0	3	G
barcode10_consensus_vsearch	4260	A	A	537	2	0.37%	2	1	93	93	0.2497678737226224	1	1	196	341	0	2	+T
barcode10_consensus_vsearch	4261	T	T	536	3	0.55%	2	2	93	93	0.12465181058487508	1	1	194	342	1	2	C
barcode10_consensus_vsearch	4262	C	*/-A	519	18	3.33%	2	1	93	93	3.30037773845427E-6	1	1	178	341	18	0	-A
barcode10_consensus_vsearch	4263	A	A	514	4	0.76%	2	2	93	93	0.06213785653164459	1	1	175	339	2	2	G
barcode10_consensus_vsearch	4264	C	S	510	18	3.33%	2	1	93	93	3.292102760585001E-6	1	1	175	335	18	0	G
barcode10_consensus_vsearch	4265	C	*/-A	513	10	1.85%	2	2	93	93	9.350713309727379E-4	1	1	187	326	8	2	-A
barcode10_consensus_vsearch	4266	A	A	524	0	0%	2	0	93	0	1.0	1	0	189	335	0	0	
barcode10_consensus_vsearch	4267	A	R	527	7	1.31%	2	2	93	93	0.007659460657798071	1	1	193	334	4	3	G
barcode10_consensus_vsearch	4268	A	*/-G	518	12	2.22%	2	2	93	93	2.2924609531959532E-4	1	1	190	328	3	9	-G
barcode10_consensus_vsearch	4269	G	G	513	4	0.76%	2	1	93	93	0.062137155723496096	1	1	190	323	0	4	+C
barcode10_consensus_vsearch	4270	G	*/-A	519	8	1.48%	2	1	93	93	0.003803119913505049	1	1	182	337	8	0	-A
barcode10_consensus_vsearch	4271	A	A	512	6	1.14%	2	2	93	93	0.01539920815754164	1	1	178	334	4	2	-G
barcode10_consensus_vsearch	4272	G	*/-C	515	7	1.32%	2	1	93	93	0.0076559561322145355	1	1	184	331	0	7	-C
barcode10_consensus_vsearch	4273	C	Y	499	16	3%	2	2	93	93	1.3556501270334188E-5	1	1	194	305	2	14	T
barcode10_consensus_vsearch	4274	G	G	521	4	0.75%	2	1	93	93	0.0621426874002581	1	1	193	328	0	4	+TG
barcode10_consensus_vsearch	4275	G	G	534	5	0.92%	2	2	93	93	0.030960247025548112	1	1	195	339	2	3	A
barcode10_consensus_vsearch	4276	C	C	532	4	0.74%	2	1	93	93	0.06215002371389885	1	1	195	337	0	4	T
barcode10_consensus_vsearch	4277	G	G	534	3	0.56%	2	1	93	93	0.1246505125815118	1	1	195	339	0	3	+A
barcode10_consensus_vsearch	4278	A	A	538	1	0.19%	2	1	93	93	0.5000000000008233	1	1	194	344	1	0	+T
barcode10_consensus_vsearch	4279	A	A	534	2	0.37%	2	1	93	93	0.24976657329578222	1	1	193	341	2	0	-C
barcode10_consensus_vsearch	4280	C	C	534	2	0.37%	2	1	93	93	0.24976657329578222	1	1	194	340	0	2	+A
barcode10_consensus_vsearch	4281	C	C	533	3	0.56%	2	1	93	93	0.12464985994384618	1	1	196	337	0	3	T
barcode10_consensus_vsearch	4282	G	G	534	2	0.37%	2	1	93	93	0.24976657329578222	1	1	194	340	0	2	-CG
barcode10_consensus_vsearch	4283	C	C	530	3	0.56%	2	1	93	93	0.12464788732389653	1	1	197	333	0	3	T
barcode10_consensus_vsearch	4284	G	G	529	2	0.37%	2	1	93	93	0.24976437323210715	1	1	193	336	2	0	+CG
barcode10_consensus_vsearch	4285	T	Y	523	13	2.43%	2	2	93	93	1.1340618031334358E-4	1	1	195	328	2	11	C
barcode10_consensus_vsearch	4286	T	T	535	2	0.37%	2	2	93	93	0.24976700838742935	1	1	196	339	1	1	C
barcode10_consensus_vsearch	4287	G	G	536	1	0.19%	2	1	93	93	0.4999999999999138	1	1	196	340	1	0	A
barcode10_consensus_vsearch	4288	G	*/-T	448	47	8.7%	2	2	93	93	2.2584100295932617E-15	1	1	128	320	35	12	-T
barcode10_consensus_vsearch	4289	T	T	458	3	0.65%	2	2	93	93	0.12459283387624695	1	1	135	323	1	2	C
barcode10_consensus_vsearch	4290	T	T	507	2	0.39%	2	2	93	93	0.2497541789581378	1	1	170	337	1	1	C
barcode10_consensus_vsearch	4291	T	T	537	2	0.37%	2	1	93	93	0.2497678737226224	1	1	196	341	0	2	C
barcode10_consensus_vsearch	4292	T	T	541	0	0%	2	0	93	0	1.0	1	0	197	344	0	0	
barcode10_consensus_vsearch	4293	T	T	541	0	0%	2	0	93	0	1.0	1	0	197	344	0	0	
barcode10_consensus_vsearch	4294	T	T	541	0	0%	2	0	93	0	1.0	1	0	197	344	0	0	
barcode10_consensus_vsearch	4295	A	A	535	2	0.37%	2	1	93	93	0.24976700838742935	1	1	194	341	0	2	+T
barcode10_consensus_vsearch	4296	T	*/+C	526	10	1.85%	2	1	93	93	9.360653175925267E-4	1	1	185	341	10	0	+C
barcode10_consensus_vsearch	4297	C	C	531	3	0.56%	2	2	93	93	0.12464854732871722	1	1	193	338	2	1	-T
barcode10_consensus_vsearch	4298	T	*/-A	526	8	1.49%	2	2	93	93	0.003804463493552888	1	1	191	335	2	6	-A
barcode10_consensus_vsearch	4299	A	A	527	2	0.38%	2	2	93	93	0.24976348155137792	1	1	192	335	1	1	G
barcode10_consensus_vsearch	4300	A	A	534	3	0.55%	2	2	93	93	0.1246505125815118	1	1	196	338	1	2	C
barcode10_consensus_vsearch	4301	T	T	521	5	0.93%	2	1	93	93	0.030953089299844624	1	1	192	329	0	5	+C
barcode10_consensus_vsearch	4302	A	A	534	2	0.37%	2	2	93	93	0.24976657329578222	1	1	194	340	1	1	C
barcode10_consensus_vsearch	4303	A	A	536	2	0.37%	2	1	93	93	0.2497674418606225	1	1	195	341	0	2	G
barcode10_consensus_vsearch	4304	A	A	537	2	0.37%	2	2	93	93	0.2497678737226224	1	1	196	341	1	1	G
barcode10_consensus_vsearch	4305	T	T	536	2	0.37%	2	1	93	93	0.2497674418606225	1	1	196	340	0	2	C
barcode10_consensus_vsearch	4306	A	A	536	2	0.37%	2	2	93	93	0.2497674418606225	1	1	194	342	1	1	G
barcode10_consensus_vsearch	4307	C	C	532	3	0.55%	2	2	93	93	0.12464920486402759	1	1	194	338	2	1	-AC
barcode10_consensus_vsearch	4308	A	*/-C	418	70	13.04%	2	2	93	93	5.885235059004789E-23	1	1	175	243	2	68	-C
barcode10_consensus_vsearch	4309	C	C	431	5	1.14%	2	1	93	93	0.03089183629518613	1	1	179	252	0	5	+T
barcode10_consensus_vsearch	4310	C	C	501	6	1.17%	2	1	93	93	0.015394319096794966	1	1	183	318	0	6	T
barcode10_consensus_vsearch	4311	C	C	540	0	0%	2	0	93	0	1.0	1	0	196	344	0	0	
barcode10_consensus_vsearch	4312	C	C	535	2	0.37%	2	1	93	93	0.24976700838742935	1	1	195	340	0	2	-T
barcode10_consensus_vsearch	4313	T	T	535	2	0.37%	2	1	93	93	0.24976700838742935	1	1	196	339	0	2	C
barcode10_consensus_vsearch	4314	T	*/-C	518	19	3.53%	2	2	93	93	1.6220606498672751E-6	1	1	180	338	16	3	-C
barcode10_consensus_vsearch	4315	C	C	521	0	0%	2	0	93	0	1.0	1	0	181	340	0	0	
barcode10_consensus_vsearch	4316	C	*/-A	516	13	2.41%	2	2	93	93	1.1329442952704973E-4	1	1	180	336	12	1	-A
barcode10_consensus_vsearch	4317	A	A	521	2	0.38%	2	1	93	93	0.24976076555023663	1	1	182	339	2	0	+G
barcode10_consensus_vsearch	4318	A	A	532	3	0.56%	2	2	93	93	0.12464920486402759	1	1	193	339	1	2	G
barcode10_consensus_vsearch	4319	G	*/-AG	522	14	2.59%	2	2	93	93	5.600701822831767E-5	1	1	180	342	13	1	-AG
barcode10_consensus_vsearch	4320	A	A	521	4	0.76%	2	2	93	93	0.0621426874002581	1	1	180	341	2	2	G
barcode10_consensus_vsearch	4321	G	G	523	1	0.19%	2	1	93	93	0.4999999999990043	1	1	184	339	0	1	+AG
barcode10_consensus_vsearch	4322	T	T	535	2	0.37%	2	2	93	93	0.24976700838742935	1	1	195	340	1	1	-C
barcode10_consensus_vsearch	4323	C	*/-G	504	15	2.78%	2	2	93	93	2.7541949845700194E-5	1	1	188	316	4	11	-G
barcode10_consensus_vsearch	4324	G	R	481	37	7.12%	2	1	93	93	3.736294267298743E-12	1	1	155	326	37	0	A
barcode10_consensus_vsearch	4325	G	R	525	8	1.5%	2	2	93	93	0.003804273700811284	1	1	189	336	7	1	A
barcode10_consensus_vsearch	4326	G	R	532	8	1.48%	2	2	93	93	0.003805587578891379	1	1	196	336	1	7	A
barcode10_consensus_vsearch	4327	G	G	534	4	0.74%	2	1	93	93	0.06215132534293568	1	1	195	339	0	4	-C
barcode10_consensus_vsearch	4328	C	C	519	5	0.93%	2	2	93	93	0.030951956604203933	1	1	191	328	3	2	+T
barcode10_consensus_vsearch	4329	T	T	528	2	0.38%	2	2	93	93	0.24976392823365007	1	1	194	334	1	1	C
barcode10_consensus_vsearch	4330	T	T	534	1	0.19%	2	1	93	93	0.5000000000008233	1	1	195	339	0	1	+A
barcode10_consensus_vsearch	4331	T	T	534	4	0.74%	2	1	93	93	0.06215132534293568	1	1	196	338	0	4	C
barcode10_consensus_vsearch	4332	G	G	537	1	0.19%	2	1	93	93	0.4999999999999138	1	1	196	341	1	0	-A
barcode10_consensus_vsearch	4333	A	A	536	1	0.19%	2	1	93	93	0.4999999999999138	1	1	195	341	0	1	-TG
barcode10_consensus_vsearch	4334	T	T	529	5	0.93%	2	1	93	93	0.030957535277242203	1	1	196	333	0	5	C
barcode10_consensus_vsearch	4335	G	G	526	4	0.74%	2	2	93	93	0.06214605985717208	1	1	190	336	3	1	A
barcode10_consensus_vsearch	4336	C	C	530	3	0.56%	2	2	93	93	0.12464788732389653	1	1	193	337	1	2	-AT
barcode10_consensus_vsearch	4337	A	A	529	4	0.75%	2	2	93	93	0.06214805294605921	1	1	191	338	2	2	G
barcode10_consensus_vsearch	4338	T	T	532	3	0.56%	2	1	93	93	0.12464920486402759	1	1	195	337	0	3	C
barcode10_consensus_vsearch	4339	G	G	536	1	0.19%	2	1	93	93	0.4999999999999138	1	1	196	340	0	1	-T
barcode10_consensus_vsearch	4340	T	T	529	3	0.56%	2	2	93	93	0.12464722483554738	1	1	193	336	2	1	C
barcode10_consensus_vsearch	4341	A	A	528	5	0.93%	2	1	93	93	0.03095698682522861	1	1	196	332	0	5	G
barcode10_consensus_vsearch	4342	T	T	526	3	0.56%	2	2	93	93	0.12464522232734096	1	1	194	332	2	1	G
barcode10_consensus_vsearch	4343	T	T	533	3	0.56%	2	2	93	93	0.12464985994384618	1	1	194	339	1	2	C
barcode10_consensus_vsearch	4344	A	*/-G	520	9	1.67%	2	2	93	93	0.0018872641475916499	1	1	190	330	1	8	-G
barcode10_consensus_vsearch	4345	G	G	516	6	1.13%	2	1	93	93	0.015400935010162124	1	1	195	321	0	6	+C
barcode10_consensus_vsearch	4346	C	C	520	6	1.12%	2	1	93	93	0.01540263564963501	1	1	195	325	0	6	T
barcode10_consensus_vsearch	4347	T	T	524	6	1.12%	2	1	93	93	0.015404310668549302	1	1	195	329	0	6	C
barcode10_consensus_vsearch	4348	C	*/+T	517	8	1.49%	2	1	93	93	0.003802729494186316	1	1	196	321	0	8	+T
barcode10_consensus_vsearch	4349	T	T	527	4	0.74%	2	2	93	93	0.06214672672359405	1	1	195	332	1	3	C
barcode10_consensus_vsearch	4350	A	A	531	3	0.56%	2	2	93	93	0.12464854732871722	1	1	193	338	2	1	G
barcode10_consensus_vsearch	4351	G	G	539	0	0%	2	0	93	0	1.0	1	0	195	344	0	0	
barcode10_consensus_vsearch	4352	A	A	538	3	0.55%	2	1	93	93	0.1246530989824234	1	1	197	341	0	3	G
barcode10_consensus_vsearch	4353	A	A	536	2	0.37%	2	1	93	93	0.2497674418606225	1	1	194	342	0	2	-T
barcode10_consensus_vsearch	4354	T	T	537	2	0.37%	2	1	93	93	0.2497678737226224	1	1	195	342	2	0	G
barcode10_consensus_vsearch	4355	T	T	537	3	0.55%	2	1	93	93	0.12465245597770591	1	1	197	340	0	3	C
barcode10_consensus_vsearch	4356	A	A	527	6	1.11%	2	2	93	93	0.015405550465377539	1	1	188	339	4	2	G
barcode10_consensus_vsearch	4357	C	C	529	3	0.56%	2	1	93	93	0.12464722483554738	1	1	193	336	0	3	A
barcode10_consensus_vsearch	4358	C	C	532	5	0.93%	2	2	93	93	0.030959168383112096	1	1	194	338	1	4	T
barcode10_consensus_vsearch	4359	A	A	525	6	1.12%	2	1	93	93	0.015404725487673122	1	1	194	331	0	6	-CA
barcode10_consensus_vsearch	4360	C	C	528	1	0.19%	2	1	93	93	0.4999999999999138	1	1	194	334	0	1	+AA
barcode10_consensus_vsearch	4361	A	A	525	4	0.75%	2	2	93	93	0.062145390468482414	1	1	192	333	3	1	G
barcode10_consensus_vsearch	4362	G	G	535	1	0.19%	2	1	93	93	0.4999999999999138	1	1	193	342	1	0	+AAT
barcode10_consensus_vsearch	4363	T	T	537	1	0.19%	2	1	93	93	0.4999999999999138	1	1	195	342	1	0	+AT
barcode10_consensus_vsearch	4364	T	T	539	1	0.19%	2	1	93	93	0.4999999999999138	1	1	196	343	1	0	+G
barcode10_consensus_vsearch	4365	A	A	539	1	0.19%	2	1	93	93	0.4999999999999138	1	1	196	343	1	0	C
barcode10_consensus_vsearch	4366	T	T	535	2	0.37%	2	1	93	93	0.24976700838742935	1	1	195	340	2	0	-C
barcode10_consensus_vsearch	4367	C	C	536	1	0.19%	2	1	93	93	0.4999999999999138	1	1	194	342	1	0	+TA
barcode10_consensus_vsearch	4368	C	C	537	1	0.19%	2	1	93	93	0.4999999999999138	1	1	195	342	0	1	+AATCC
barcode10_consensus_vsearch	4369	A	A	536	1	0.19%	2	1	93	93	0.4999999999999138	1	1	195	341	0	1	-TG
barcode10_consensus_vsearch	4370	T	T	530	3	0.56%	2	1	93	93	0.12464788732389653	1	1	194	336	0	3	-GT
barcode10_consensus_vsearch	4371	G	G	529	2	0.37%	2	1	93	93	0.24976437323210715	1	1	194	335	0	2	-TA
barcode10_consensus_vsearch	4372	T	T	525	6	1.12%	2	2	93	93	0.015404725487673122	1	1	193	332	3	3	C
barcode10_consensus_vsearch	4373	A	A	529	4	0.75%	2	1	93	93	0.06214805294605921	1	1	191	338	4	0	-G
barcode10_consensus_vsearch	4374	G	G	527	5	0.94%	2	1	93	93	0.030956436312490055	1	1	186	341	5	0	T
barcode10_consensus_vsearch	4375	T	*/-A	510	12	2.23%	2	1	93	93	2.290225725665712E-4	1	1	175	335	12	0	-A
barcode10_consensus_vsearch	4376	A	A	521	4	0.76%	2	1	93	93	0.0621426874002581	1	1	179	342	4	0	T
barcode10_consensus_vsearch	4377	A	A	535	3	0.56%	2	1	93	93	0.1246511627905904	1	1	196	339	0	3	G
barcode10_consensus_vsearch	4378	G	G	540	0	0%	2	0	93	0	1.0	1	0	196	344	0	0	
barcode10_consensus_vsearch	4379	A	A	536	4	0.74%	2	2	93	93	0.06215261732591134	1	1	196	340	1	3	G
barcode10_consensus_vsearch	4380	T	T	539	1	0.18%	2	1	93	93	0.4999999999999138	1	1	197	342	0	1	A
barcode10_consensus_vsearch	4381	A	A	537	3	0.55%	2	1	93	93	0.12465245597770591	1	1	194	343	3	0	G
barcode10_consensus_vsearch	4382	C	C	539	1	0.19%	2	1	93	93	0.4999999999999138	1	1	196	343	1	0	T
barcode10_consensus_vsearch	4383	C	C	536	3	0.55%	2	1	93	93	0.12465181058487508	1	1	196	340	0	3	T
barcode10_consensus_vsearch	4384	A	A	534	5	0.93%	2	2	93	93	0.030960247025548112	1	1	195	339	1	4	G
barcode10_consensus_vsearch	4385	T	T	538	1	0.19%	2	1	93	93	0.5000000000008233	1	1	195	343	1	0	-C
barcode10_consensus_vsearch	4386	C	C	535	2	0.37%	2	1	93	93	0.24976700838742935	1	1	195	340	0	2	-A
barcode10_consensus_vsearch	4387	A	A	536	1	0.19%	2	1	93	93	0.4999999999999138	1	1	197	339	0	1	+C
barcode10_consensus_vsearch	4388	A	A	540	1	0.18%	2	1	93	93	0.5000000000008233	1	1	197	343	0	1	G
barcode10_consensus_vsearch	4389	A	A	535	5	0.92%	2	2	93	93	0.030960783351964165	1	1	196	339	1	4	G
barcode10_consensus_vsearch	4390	T	T	531	3	0.56%	2	2	93	93	0.12464854732871722	1	1	196	335	1	2	-A
barcode10_consensus_vsearch	4391	A	A	536	0	0%	2	0	93	0	1.0	1	0	196	340	0	0	
barcode10_consensus_vsearch	4392	A	A	539	0	0%	2	0	93	0	1.0	1	0	197	342	0	0	
barcode10_consensus_vsearch	4393	A	A	534	2	0.37%	2	1	93	93	0.24976657329578222	1	1	195	339	0	2	+T
barcode10_consensus_vsearch	4394	C	C	536	2	0.37%	2	2	93	93	0.2497674418606225	1	1	195	341	1	1	-T
barcode10_consensus_vsearch	4395	T	T	532	6	1.11%	2	2	93	93	0.015407586125499683	1	1	195	337	1	5	C
barcode10_consensus_vsearch	4396	A	A	536	2	0.37%	2	1	93	93	0.2497674418606225	1	1	194	342	2	0	G
barcode10_consensus_vsearch	4397	T	T	535	2	0.37%	2	2	93	93	0.24976700838742935	1	1	194	341	1	1	-A
barcode10_consensus_vsearch	4398	A	A	536	0	0%	2	0	93	0	1.0	1	0	195	341	0	0	
barcode10_consensus_vsearch	4399	A	R	520	8	1.48%	2	2	93	93	0.0038033140209771956	1	1	189	331	6	2	G
barcode10_consensus_vsearch	4400	C	C	531	5	0.93%	2	1	93	93	0.030958626044663474	1	1	194	337	0	5	T
barcode10_consensus_vsearch	4401	T	Y	522	8	1.49%	2	2	93	93	0.0038037000521996237	1	1	191	331	2	6	C
barcode10_consensus_vsearch	4402	G	G	537	2	0.37%	2	1	93	93	0.2497678737226224	1	1	194	343	2	0	-A
barcode10_consensus_vsearch	4403	A	A	531	3	0.56%	2	1	93	93	0.12464854732871722	1	1	194	337	0	3	+T
barcode10_consensus_vsearch	4404	T	T	536	2	0.37%	2	1	93	93	0.2497674418606225	1	1	196	340	0	2	C
barcode10_consensus_vsearch	4405	T	T	539	1	0.18%	2	1	93	93	0.4999999999999138	1	1	197	342	0	1	C
barcode10_consensus_vsearch	4406	T	T	538	1	0.18%	2	1	93	93	0.5000000000008233	1	1	197	341	0	1	-A
barcode10_consensus_vsearch	4407	A	A	540	0	0%	2	0	93	0	1.0	1	0	197	343	0	0	
barcode10_consensus_vsearch	4408	A	A	538	2	0.37%	2	2	93	93	0.24976830398477892	1	1	196	342	1	1	-T
barcode10_consensus_vsearch	4409	T	T	535	2	0.37%	2	2	93	93	0.24976700838742935	1	1	195	340	1	1	+A
barcode10_consensus_vsearch	4410	G	G	540	1	0.18%	2	1	93	93	0.5000000000008233	1	1	196	344	1	0	-A
barcode10_consensus_vsearch	4411	A	A	534	5	0.93%	2	2	93	93	0.030960247025548112	1	1	193	341	3	2	G
barcode10_consensus_vsearch	4412	G	G	539	2	0.37%	2	1	93	93	0.2497687326552616	1	1	195	344	2	0	A
barcode10_consensus_vsearch	4413	C	C	539	2	0.37%	2	2	93	93	0.2497687326552616	1	1	196	343	1	1	T
barcode10_consensus_vsearch	4414	C	C	536	3	0.55%	2	1	93	93	0.12465181058487508	1	1	195	341	0	3	T
barcode10_consensus_vsearch	4415	A	A	535	5	0.92%	2	2	93	93	0.030960783351964165	1	1	196	339	1	4	G
barcode10_consensus_vsearch	4416	T	T	531	5	0.92%	2	1	93	93	0.030958626044663474	1	1	195	336	0	5	+C
barcode10_consensus_vsearch	4417	T	T	529	6	1.11%	2	1	93	93	0.015406369286722026	1	1	194	335	0	6	-C
barcode10_consensus_vsearch	4418	C	C	527	3	0.56%	2	1	93	93	0.12464589235128659	1	1	194	333	0	3	T
barcode10_consensus_vsearch	4419	G	G	534	2	0.37%	2	1	93	93	0.24976657329578222	1	1	194	340	2	0	C
barcode10_consensus_vsearch	4420	C	C	534	4	0.74%	2	2	93	93	0.06215132534293568	1	1	196	338	1	3	+A
barcode10_consensus_vsearch	4421	A	A	535	2	0.37%	2	2	93	93	0.24976700838742935	1	1	196	339	1	1	G
barcode10_consensus_vsearch	4422	G	*/+T	525	7	1.3%	2	2	93	93	0.007658887507292351	1	1	191	334	5	2	+T
barcode10_consensus_vsearch	4423	T	T	535	2	0.37%	2	2	93	93	0.24976700838742935	1	1	196	339	1	1	C
barcode10_consensus_vsearch	4424	T	T	534	3	0.56%	2	2	93	93	0.1246505125815118	1	1	196	338	1	2	C
barcode10_consensus_vsearch	4425	T	T	529	6	1.11%	2	1	93	93	0.015406369286722026	1	1	194	335	0	6	+C
barcode10_consensus_vsearch	4426	C	C	535	2	0.37%	2	1	93	93	0.24976700838742935	1	1	195	340	0	2	+A
barcode10_consensus_vsearch	4427	A	A	535	3	0.56%	2	1	93	93	0.1246511627905904	1	1	195	340	0	3	G
barcode10_consensus_vsearch	4428	C	C	536	4	0.74%	2	2	93	93	0.06215261732591134	1	1	196	340	1	3	T
barcode10_consensus_vsearch	4429	A	A	535	3	0.55%	2	1	93	93	0.1246511627905904	1	1	194	341	3	0	G
barcode10_consensus_vsearch	4430	G	G	537	4	0.74%	2	2	93	93	0.06215325973347298	1	1	195	342	2	2	A
barcode10_consensus_vsearch	4431	T	T	535	2	0.37%	2	1	93	93	0.24976700838742935	1	1	196	339	0	2	C
barcode10_consensus_vsearch	4432	A	A	539	1	0.19%	2	1	93	93	0.4999999999999138	1	1	196	343	0	1	C
barcode10_consensus_vsearch	4433	C	C	535	2	0.37%	2	1	93	93	0.24976700838742935	1	1	193	342	2	0	-A
barcode10_consensus_vsearch	4434	A	A	536	1	0.19%	2	1	93	93	0.4999999999999138	1	1	193	343	0	1	+CA
barcode10_consensus_vsearch	4435	A	A	538	3	0.55%	2	2	93	93	0.1246530989824234	1	1	196	342	1	2	G
barcode10_consensus_vsearch	4436	A	A	537	2	0.37%	2	1	93	93	0.2497678737226224	1	1	196	341	0	2	-T
barcode10_consensus_vsearch	4437	T	T	536	3	0.56%	2	2	93	93	0.12465181058487508	1	1	196	340	1	2	C
barcode10_consensus_vsearch	4438	T	T	539	1	0.18%	2	1	93	93	0.4999999999999138	1	1	197	342	0	1	+C
barcode10_consensus_vsearch	4439	T	T	540	1	0.18%	2	1	93	93	0.5000000000008233	1	1	197	343	0	1	+C
barcode10_consensus_vsearch	4440	G	G	531	6	1.11%	2	1	93	93	0.015407182020391647	1	1	188	343	6	0	+T
barcode10_consensus_vsearch	4441	T	T	536	4	0.74%	2	1	93	93	0.06215261732591134	1	1	196	340	0	4	C
barcode10_consensus_vsearch	4442	T	T	537	2	0.37%	2	2	93	93	0.2497678737226224	1	1	196	341	1	1	A
barcode10_consensus_vsearch	4443	T	T	539	2	0.37%	2	2	93	93	0.2497687326552616	1	1	196	343	1	1	C
barcode10_consensus_vsearch	4444	A	A	536	3	0.55%	2	2	93	93	0.12465181058487508	1	1	196	340	1	2	G
barcode10_consensus_vsearch	4445	T	T	536	2	0.37%	2	1	93	93	0.2497674418606225	1	1	195	341	2	0	-AC
barcode10_consensus_vsearch	4446	A	A	532	3	0.56%	2	2	93	93	0.12464920486402759	1	1	193	339	2	1	G
barcode10_consensus_vsearch	4447	C	*/-T	524	7	1.3%	2	1	93	93	0.007658599319160323	1	1	195	329	0	7	-T
barcode10_consensus_vsearch	4448	T	T	526	4	0.75%	2	1	93	93	0.06214605985717208	1	1	195	331	0	4	C
barcode10_consensus_vsearch	4449	T	T	533	5	0.92%	2	1	93	93	0.03095970870624187	1	1	191	342	5	0	+G
barcode10_consensus_vsearch	4450	A	A	529	5	0.93%	2	2	93	93	0.030957535277242203	1	1	192	337	1	4	+G
barcode10_consensus_vsearch	4451	G	G	534	2	0.37%	2	1	93	93	0.24976657329578222	1	1	191	343	2	0	-A
barcode10_consensus_vsearch	4452	A	A	535	3	0.56%	2	2	93	93	0.1246511627905904	1	1	193	342	1	2	G
barcode10_consensus_vsearch	4453	C	C	539	2	0.37%	2	2	93	93	0.2497687326552616	1	1	196	343	1	1	T
barcode10_consensus_vsearch	4454	A	A	539	2	0.37%	2	1	93	93	0.2497687326552616	1	1	197	342	0	2	+T
barcode10_consensus_vsearch	4455	T	Y	531	7	1.29%	2	2	93	93	0.007660594223165221	1	1	195	336	2	5	C
barcode10_consensus_vsearch	4456	G	G	537	2	0.37%	2	1	93	93	0.2497678737226224	1	1	196	341	0	2	-CATG
barcode10_consensus_vsearch	4457	C	C	533	2	0.37%	2	1	93	93	0.2497661365761488	1	1	195	338	0	2	T
barcode10_consensus_vsearch	4458	A	A	532	3	0.56%	2	2	93	93	0.12464920486402759	1	1	192	340	2	1	G
barcode10_consensus_vsearch	4459	T	T	530	3	0.56%	2	2	93	93	0.12464788732389653	1	1	194	336	1	2	A
barcode10_consensus_vsearch	4460	G	G	531	2	0.37%	2	1	93	93	0.249765258215703	1	1	193	338	2	0	A
barcode10_consensus_vsearch	4461	G	G	531	5	0.93%	2	2	93	93	0.030958626044663474	1	1	193	338	2	3	A
barcode10_consensus_vsearch	4462	C	Y	523	9	1.68%	2	1	93	93	0.0018876321934375318	1	1	193	330	0	9	T
barcode10_consensus_vsearch	4463	T	T	529	6	1.12%	2	2	93	93	0.015406369286722026	1	1	189	340	5	1	C
barcode10_consensus_vsearch	4464	T	T	534	4	0.74%	2	2	93	93	0.06215132534293568	1	1	192	342	3	1	C
barcode10_consensus_vsearch	4465	A	A	535	2	0.37%	2	1	93	93	0.24976700838742935	1	1	196	339	0	2	G
barcode10_consensus_vsearch	4466	A	A	536	3	0.55%	2	1	93	93	0.12465181058487508	1	1	196	340	0	3	-T
barcode10_consensus_vsearch	4467	T	T	532	3	0.56%	2	1	93	93	0.12464920486402759	1	1	197	335	0	3	-C
barcode10_consensus_vsearch	4468	C	*/-T	469	47	8.74%	2	1	93	93	2.3715570832325875E-15	1	1	197	272	0	47	-T
barcode10_consensus_vsearch	4469	T	T	487	5	1.01%	2	2	93	93	0.0309325817179577	1	1	194	293	2	3	C
barcode10_consensus_vsearch	4470	T	T	538	2	0.37%	2	2	93	93	0.24976830398477892	1	1	196	342	1	1	C
barcode10_consensus_vsearch	4471	T	T	521	5	0.93%	2	1	93	93	0.030953089299844624	1	1	184	337	5	0	+G
barcode10_consensus_vsearch	4472	G	G	534	3	0.56%	2	1	93	93	0.1246505125815118	1	1	191	343	3	0	+A
barcode10_consensus_vsearch	4473	A	*/-G	524	8	1.49%	2	1	93	93	0.0038040831989871004	1	1	185	339	8	0	-G
barcode10_consensus_vsearch	4474	G	G	527	2	0.38%	2	1	93	93	0.24976348155137792	1	1	186	341	2	0	+A
barcode10_consensus_vsearch	4475	A	A	532	4	0.74%	2	2	93	93	0.06215002371389885	1	1	195	337	1	3	+GA
barcode10_consensus_vsearch	4476	C	C	532	3	0.56%	2	2	93	93	0.12464920486402759	1	1	195	337	1	2	+A
barcode10_consensus_vsearch	4477	A	A	532	1	0.19%	2	1	93	93	0.4999999999999138	1	1	195	337	0	1	+CA
barcode10_consensus_vsearch	4478	A	A	536	1	0.19%	2	1	93	93	0.4999999999999138	1	1	196	340	0	1	+G
barcode10_consensus_vsearch	4479	G	G	528	5	0.93%	2	2	93	93	0.03095698682522861	1	1	190	338	4	1	A
barcode10_consensus_vsearch	4480	C	C	531	2	0.37%	2	1	93	93	0.249765258215703	1	1	194	337	0	2	T
barcode10_consensus_vsearch	4481	A	A	532	1	0.19%	2	1	93	93	0.4999999999999138	1	1	194	338	0	1	T
barcode10_consensus_vsearch	4482	T	T	529	3	0.56%	2	1	93	93	0.12464722483554738	1	1	192	337	0	3	+A
barcode10_consensus_vsearch	4483	A	A	519	1	0.19%	2	1	93	93	0.5000000000008233	1	1	182	337	0	1	+G
barcode10_consensus_vsearch	4484	T	T	500	2	0.39%	2	2	93	93	0.24975074775674805	1	1	168	332	1	1	+AT
barcode10_consensus_vsearch	4485	G	G	488	1	0.2%	2	1	93	93	0.5000000000008233	1	1	149	339	0	1	A
barcode10_consensus_vsearch	4486	A	A	465	1	0.21%	2	1	93	93	0.5000000000008233	1	1	125	340	0	1	G
barcode10_consensus_vsearch	4487	C	C	444	1	0.22%	2	1	93	93	0.5000000000008233	1	1	104	340	0	1	T
barcode10_consensus_vsearch	4488	T	T	424	1	0.24%	2	1	93	93	0.4999999999999138	1	1	84	340	0	1	C
barcode10_consensus_vsearch	4489	A	A	404	3	0.74%	2	1	93	93	0.12453874538748007	1	1	66	338	0	3	T
barcode10_consensus_vsearch	4490	C	C	388	0	0%	2	0	93	0	1.0	1	0	51	337	0	0	
barcode10_consensus_vsearch	4491	T	T	364	0	0%	2	0	93	0	1.0	1	0	29	335	0	0	
barcode10_consensus_vsearch	4492	G	G	348	0	0%	2	0	93	0	1.0	1	0	15	333	0	0	
