Chrom	Position	Ref	Cons	Reads1	Reads2	VarFreq	Strands1	Strands2	Qual1	Qual2	Pvalue	MapQual1	MapQual2	Reads1Plus	Reads1Minus	Reads2Plus	Reads2Minus	VarAllele
barcode81_consensus_vsearch	21	C	*/-A	220	20	8.03%	2	1	93	93	6.311884019848156E-7	1	1	91	129	20	0	-A
barcode81_consensus_vsearch	56	T	*/-C	239	9	3.59%	2	2	93	93	0.001814084347407265	1	1	113	126	3	6	-C
barcode81_consensus_vsearch	114	C	*/-T	222	20	7.94%	2	1	93	93	6.334370124365626E-7	1	1	115	107	0	20	-T
barcode81_consensus_vsearch	123	T	*/-G	218	31	12.3%	2	1	93	93	1.7210429252428313E-10	1	1	117	101	0	31	-G
barcode81_consensus_vsearch	158	T	*/-A	202	29	11.65%	2	2	93	93	7.296140031728799E-10	1	1	110	92	5	24	-A
barcode81_consensus_vsearch	158	T	*/-AA	202	13	5.22%	2	1	93	93	1.0126524414330837E-4	1	1	110	92	0	13	-A
barcode81_consensus_vsearch	163	A	*/-C	237	7	2.78%	2	2	93	93	0.007479081856645369	1	1	109	128	4	3	-C
barcode81_consensus_vsearch	170	C	*/-T	240	9	3.57%	2	2	93	93	0.0018146318577743554	1	1	117	123	1	8	-T
barcode81_consensus_vsearch	172	T	*/-C	240	7	2.78%	2	2	93	93	0.007483097933064014	1	1	115	125	1	6	-C
barcode81_consensus_vsearch	173	C	*/-G	227	12	4.9%	2	2	93	93	2.1192896510056628E-4	1	1	112	115	2	10	-G
barcode81_consensus_vsearch	177	A	*/+G	204	7	2.79%	2	2	93	93	0.007427442022474603	1	1	89	115	6	1	+G
barcode81_consensus_vsearch	177	A	*/-G	204	23	9.16%	2	2	93	93	6.630656079956889E-8	1	1	89	115	18	5	-G
barcode81_consensus_vsearch	177	A	*/-GG	204	14	5.58%	2	2	93	93	4.920666598282105E-5	1	1	89	115	4	10	-G
barcode81_consensus_vsearch	195	T	*/+A	173	8	3.24%	2	2	93	93	0.003609566346175535	1	1	101	72	3	5	+A
barcode81_consensus_vsearch	195	T	*/-A	173	33	13.36%	2	2	93	93	2.8909116482398715E-11	1	1	101	72	8	25	-A
barcode81_consensus_vsearch	195	T	*/-AA	173	21	8.5%	2	2	93	93	2.691990296855178E-7	1	1	101	72	2	19	-A
barcode81_consensus_vsearch	195	T	*/-AAA	173	9	3.64%	2	1	93	93	0.001765008337317725	1	1	101	72	0	9	-A
barcode81_consensus_vsearch	203	C	*/+A	236	7	2.78%	2	1	93	93	0.007477721316805575	1	1	118	118	0	7	+A
barcode81_consensus_vsearch	207	G	*/-C	209	9	3.66%	2	2	93	93	0.0017953764342624938	1	1	109	100	4	5	-C
barcode81_consensus_vsearch	213	C	*/-G	231	8	3.19%	2	2	93	93	0.0036805574954856175	1	1	108	123	3	5	-G
barcode81_consensus_vsearch	219	T	*/-C	231	10	4.08%	2	2	93	93	8.878425014170833E-4	1	1	111	120	5	5	-C
barcode81_consensus_vsearch	221	C	*/-T	224	11	4.37%	2	2	93	93	4.3319414411093957E-4	1	1	109	115	5	6	-T
barcode81_consensus_vsearch	223	T	*/-G	234	10	3.97%	2	1	93	93	8.889036112835749E-4	1	1	114	120	0	10	-G
barcode81_consensus_vsearch	288	G	*/-C	225	17	6.77%	2	1	93	93	5.7032680908834166E-6	1	1	97	128	17	0	-C
barcode81_consensus_vsearch	319	C	*/-T	223	8	3.23%	2	2	93	93	0.0036728538094896964	1	1	112	111	2	6	-T
barcode81_consensus_vsearch	335	C	*/-G	225	15	5.95%	2	2	93	93	2.4354161852738932E-5	1	1	109	116	1	14	-G
barcode81_consensus_vsearch	342	C	*/-G	219	19	7.57%	2	2	93	93	1.312379928099055E-6	1	1	97	122	11	8	-G
barcode81_consensus_vsearch	346	G	*/-A	241	9	3.59%	2	2	93	93	0.0018151750748872056	1	1	113	128	3	6	-A
barcode81_consensus_vsearch	348	A	*/-T	237	7	2.8%	2	2	93	93	0.007479081856645369	1	1	111	126	3	4	-T
barcode81_consensus_vsearch	351	A	*/+G	187	15	6.07%	2	2	93	93	2.3304924449198953E-5	1	1	99	88	4	11	+G
barcode81_consensus_vsearch	351	A	*/-G	187	37	14.98%	2	2	93	93	1.4390458085618838E-12	1	1	99	88	5	32	-G
barcode81_consensus_vsearch	356	T	*/+C	236	8	3.17%	2	2	93	93	0.0036851193347710583	1	1	109	127	7	1	+C
barcode81_consensus_vsearch	361	T	*/-C	230	15	5.95%	2	2	93	93	2.4470020356425385E-5	1	1	105	125	12	3	-C
barcode81_consensus_vsearch	363	C	*/-G	233	11	4.37%	2	1	93	93	4.351536507121341E-4	1	1	114	119	0	11	-G
barcode81_consensus_vsearch	367	G	*/-AG	239	10	3.97%	2	1	93	93	8.906168627115857E-4	1	1	106	133	10	0	-AG
barcode81_consensus_vsearch	368	A	*/-G	190	44	18.33%	2	2	93	93	6.097527221774855E-15	1	1	81	109	21	23	-G
barcode81_consensus_vsearch	375	C	*/-T	238	8	3.17%	2	2	93	93	0.0036868928614731586	1	1	113	125	4	4	-T
barcode81_consensus_vsearch	394	T	*/-C	231	17	6.77%	2	2	93	93	5.7449664289726325E-6	1	1	99	132	16	1	-C
barcode81_consensus_vsearch	396	C	*/-A	230	9	3.57%	2	2	93	93	0.0018089548541641684	1	1	107	123	4	5	-A
barcode81_consensus_vsearch	398	A	*/-G	227	15	5.95%	2	1	93	93	2.4401031534927477E-5	1	1	103	124	15	0	-G
barcode81_consensus_vsearch	399	G	*/+C	222	9	3.8%	2	1	93	93	0.001804066959286255	1	1	101	121	0	9	+C
barcode81_consensus_vsearch	402	A	*/-G	228	18	7.17%	2	2	93	93	2.7630742248344185E-6	1	1	114	114	3	15	-G
barcode81_consensus_vsearch	416	C	*/-A	203	27	11.02%	2	2	93	93	3.31381335430995E-9	1	1	103	100	2	25	-A
barcode81_consensus_vsearch	436	C	*/-G	184	53	21.12%	2	2	93	93	4.1868724332829225E-18	1	1	76	108	34	19	-G
barcode81_consensus_vsearch	441	A	*/-G	236	7	2.85%	2	2	93	93	0.007477721316805575	1	1	108	128	4	3	-G
barcode81_consensus_vsearch	472	C	*/+T	175	24	9.64%	2	2	93	93	2.851037277608188E-8	1	1	103	72	4	20	+T
barcode81_consensus_vsearch	472	C	*/+TT	175	7	2.81%	2	2	93	93	0.007366779625824957	1	1	103	72	4	3	+T
barcode81_consensus_vsearch	472	C	*/-T	175	41	16.47%	2	2	93	93	5.5783933251592307E-14	1	1	103	72	7	34	-T
barcode81_consensus_vsearch	476	T	*/-G	242	7	2.78%	2	1	93	93	0.007485722003053852	1	1	118	124	0	7	-G
barcode81_consensus_vsearch	485	T	*/-A	236	8	3.23%	2	2	93	93	0.0036851193347710583	1	1	111	125	6	2	-A
barcode81_consensus_vsearch	509	T	*/-C	235	11	4.44%	2	2	93	93	4.3557033390967853E-4	1	1	111	124	6	5	-C
barcode81_consensus_vsearch	512	C	*/+T	230	9	3.57%	2	1	93	93	0.0018089548541641684	1	1	115	115	0	9	+T
barcode81_consensus_vsearch	528	T	*/-G	215	34	13.55%	2	2	93	93	1.737824560773857E-11	1	1	116	99	1	33	-G
barcode81_consensus_vsearch	531	A	*/-G	234	11	4.4%	2	2	93	93	4.353628116613763E-4	1	1	110	124	3	8	-G
barcode81_consensus_vsearch	541	T	*/-G	235	9	3.6%	2	2	93	93	0.0018118503395958998	1	1	113	122	1	8	-G
barcode81_consensus_vsearch	563	T	*/-C	241	9	3.59%	2	1	93	93	0.0018151750748872056	1	1	107	134	9	0	-C
barcode81_consensus_vsearch	569	T	*/-C	231	17	6.8%	2	2	93	93	5.7449664289726325E-6	1	1	101	130	16	1	-C
barcode81_consensus_vsearch	599	T	*/+A	201	12	4.78%	2	2	93	93	2.081993933684706E-4	1	1	94	107	8	4	+A
barcode81_consensus_vsearch	599	T	*/-A	201	30	11.95%	2	2	93	93	3.4037420009476613E-10	1	1	94	107	12	18	-A
barcode81_consensus_vsearch	619	C	*/-T	233	10	3.97%	2	2	93	93	8.885527375126605E-4	1	1	116	117	1	9	-T
barcode81_consensus_vsearch	641	G	*/-C	234	11	4.44%	2	2	93	93	4.353628116613763E-4	1	1	113	121	1	10	-C
barcode81_consensus_vsearch	651	G	*/-TG	234	10	4.03%	2	1	93	93	8.889036112835749E-4	1	1	113	121	0	10	-TG
barcode81_consensus_vsearch	666	C	*/-GG	236	7	2.78%	2	1	93	93	0.007477721316805575	1	1	115	121	0	7	-GG
barcode81_consensus_vsearch	671	C	*/+T	225	7	2.78%	2	2	93	93	0.0074619882138406745	1	1	108	117	3	4	+T
barcode81_consensus_vsearch	671	C	*/-T	225	9	3.57%	2	2	93	93	0.0018059382541162866	1	1	108	117	2	7	-T
barcode81_consensus_vsearch	674	T	*/+C	230	12	4.78%	2	2	93	93	2.1231016338203528E-4	1	1	109	121	4	8	+C
barcode81_consensus_vsearch	676	C	*/-T	231	15	6%	2	2	93	93	2.4492673587633694E-5	1	1	106	125	7	8	-T
barcode81_consensus_vsearch	680	T	*/+G	183	21	8.47%	2	2	93	93	2.7726883065169835E-7	1	1	96	87	6	15	+G
barcode81_consensus_vsearch	680	T	*/-G	183	37	14.92%	2	2	93	93	1.3934217099063119E-12	1	1	96	87	9	28	-G
barcode81_consensus_vsearch	693	G	*/-C	226	13	5.26%	2	2	93	93	1.032357834289093E-4	1	1	109	117	4	9	-C
barcode81_consensus_vsearch	708	T	*/-GT	232	16	6.35%	2	2	93	93	1.1886137439255117E-5	1	1	111	121	6	10	-GT
barcode81_consensus_vsearch	711	C	*/+G	223	7	2.79%	2	1	93	93	0.007458967428082863	1	1	108	115	0	7	+G
barcode81_consensus_vsearch	711	C	*/-G	223	14	5.58%	2	2	93	93	5.008946442185716E-5	1	1	108	115	5	9	-G
barcode81_consensus_vsearch	719	C	*/+A	234	10	3.98%	2	1	93	93	8.889036112835749E-4	1	1	107	127	10	0	+A
barcode81_consensus_vsearch	720	A	*/-G	236	11	4.4%	2	1	93	93	4.3577623661818937E-4	1	1	118	118	0	11	-G
barcode81_consensus_vsearch	724	C	*/-T	199	32	12.8%	2	2	93	93	7.348888697582006E-11	1	1	97	102	11	21	-T
barcode81_consensus_vsearch	724	C	*/-TT	199	9	3.6%	2	2	93	93	0.0017879699024036485	1	1	97	102	4	5	-T
barcode81_consensus_vsearch	730	C	*/-T	210	11	4.42%	2	2	93	93	4.298416344617859E-4	1	1	93	117	1	10	-T
barcode81_consensus_vsearch	730	C	*/-TT	210	19	7.63%	2	2	93	93	1.2924262145172922E-6	1	1	93	117	15	4	-TT
barcode81_consensus_vsearch	734	G	*/+A	188	13	5.18%	2	2	93	93	9.991366545768514E-5	1	1	84	104	9	4	+A
barcode81_consensus_vsearch	734	G	*/-A	188	44	17.53%	2	2	93	93	5.968953656424522E-15	1	1	84	104	23	21	-A
barcode81_consensus_vsearch	743	A	*/+G	235	10	3.98%	2	1	93	93	8.892517004154109E-4	1	1	116	119	0	10	+G
barcode81_consensus_vsearch	796	A	*/-G	238	11	4.38%	2	1	93	93	4.3618325858222517E-4	1	1	117	121	0	11	-G
barcode81_consensus_vsearch	803	G	*/-TG	235	14	5.58%	2	2	93	93	5.0582388118107997E-5	1	1	117	118	1	13	-TG
barcode81_consensus_vsearch	811	A	*/+T	229	10	4%	2	2	93	93	8.87120717393791E-4	1	1	111	118	4	6	+T
barcode81_consensus_vsearch	811	A	*/-T	229	11	4.4%	2	2	93	93	4.343002259471887E-4	1	1	111	118	1	10	-T
barcode81_consensus_vsearch	820	G	*/+T	236	9	3.57%	2	1	93	93	0.0018124155419458562	1	1	106	130	9	0	+T
barcode81_consensus_vsearch	824	C	*/-T	230	12	4.82%	2	1	93	93	2.1231016338203528E-4	1	1	118	112	0	12	-T
barcode81_consensus_vsearch	826	A	*/-G	222	21	8.43%	2	1	93	93	3.036579492608799E-7	1	1	115	107	0	21	-G
barcode81_consensus_vsearch	847	A	*/-G	225	17	6.8%	2	2	93	93	5.7032680908834166E-6	1	1	114	111	2	15	-G
barcode81_consensus_vsearch	856	C	*/-G	208	29	11.55%	2	2	93	93	7.482940474197358E-10	1	1	98	110	16	13	-G
barcode81_consensus_vsearch	892	C	*/-T	223	18	7.26%	2	1	93	93	2.7439468789888166E-6	1	1	118	105	0	18	-T
barcode81_consensus_vsearch	910	T	*/+A	206	28	11.29%	2	1	93	93	1.5784952608508668E-9	1	1	113	93	0	28	+A
barcode81_consensus_vsearch	915	A	*/+T	236	7	2.8%	2	1	93	93	0.007477721316805575	1	1	114	122	0	7	+T
barcode81_consensus_vsearch	926	A	*/-T	236	13	5.18%	2	2	93	93	1.0395109422588356E-4	1	1	104	132	12	1	-T
barcode81_consensus_vsearch	932	C	*/-A	227	11	4.37%	2	2	93	93	4.3386316031303036E-4	1	1	96	131	10	1	-A
barcode81_consensus_vsearch	934	A	*/-G	239	7	2.78%	2	2	93	93	0.0074817700326852326	1	1	110	129	5	2	-G
barcode81_consensus_vsearch	966	A	*/+G	176	18	7.29%	2	2	93	93	2.523768028146743E-6	1	1	97	79	3	15	+G
barcode81_consensus_vsearch	966	A	*/-G	176	36	14.57%	2	2	93	93	2.868645278813566E-12	1	1	97	79	9	27	-G
barcode81_consensus_vsearch	966	A	*/-GG	176	11	4.45%	2	2	93	93	4.1971005075956745E-4	1	1	97	79	6	5	-G
barcode81_consensus_vsearch	1022	A	*/-G	208	35	13.89%	2	2	93	93	7.78155983416613E-12	1	1	115	93	1	34	-G
barcode81_consensus_vsearch	1039	A	*/+T	45	101	41.22%	2	2	93	93	3.5435532535477866E-43	1	1	25	20	21	80	+T
barcode81_consensus_vsearch	1039	A	*/-T	45	57	23.27%	2	2	93	93	1.0469000847508416E-22	1	1	25	20	47	10	+T
barcode81_consensus_vsearch	1039	A	*/-TT	45	34	13.88%	2	2	93	93	6.077886497272535E-13	1	1	25	20	24	10	+T
barcode81_consensus_vsearch	1060	C	*/-T	231	10	3.98%	2	2	93	93	8.878425014170833E-4	1	1	110	121	4	6	-T
barcode81_consensus_vsearch	1078	C	*/-T	240	7	2.79%	2	2	93	93	0.007483097933064014	1	1	117	123	1	6	-T
barcode81_consensus_vsearch	1088	T	*/+G	134	68	26.98%	2	2	93	93	3.714401090370286E-24	1	1	76	58	28	40	+G
barcode81_consensus_vsearch	1088	T	*/-G	134	39	15.48%	2	2	93	93	1.6238209583812356E-13	1	1	76	58	9	30	+G
barcode81_consensus_vsearch	1111	G	*/+A	237	7	2.78%	2	1	93	93	0.007479081856645369	1	1	114	123	0	7	+A
barcode81_consensus_vsearch	1111	G	*/-A	237	7	2.78%	2	2	93	93	0.007479081856645369	1	1	114	123	3	4	+A
barcode81_consensus_vsearch	1115	C	*/-T	239	7	2.78%	2	2	93	93	0.0074817700326852326	1	1	115	124	2	5	-T
barcode81_consensus_vsearch	1144	A	*/+G	215	12	4.84%	2	2	93	93	2.103084529771467E-4	1	1	106	109	1	11	+G
barcode81_consensus_vsearch	1144	A	*/-G	215	8	3.23%	2	2	93	93	0.0036646057936482192	1	1	106	109	2	6	+G
barcode81_consensus_vsearch	1148	G	*/-T	228	9	3.64%	2	1	93	93	0.001807763167971536	1	1	109	119	0	9	-T
barcode81_consensus_vsearch	1149	T	*/+G	222	10	4.22%	2	2	93	93	8.844993515297029E-4	1	1	112	110	1	9	+G
barcode81_consensus_vsearch	1161	C	*/-TT	228	16	6.37%	2	2	93	93	1.1835957900629796E-5	1	1	97	131	15	1	-TT
barcode81_consensus_vsearch	1178	C	*/-G	198	33	13.2%	2	2	93	93	3.400997327484892E-11	1	1	74	124	27	6	-G
barcode81_consensus_vsearch	1178	C	*/-GG	198	10	4%	2	1	93	93	8.74216242207188E-4	1	1	74	124	10	0	-G
barcode81_consensus_vsearch	1202	A	*/-CA	242	7	2.79%	2	1	93	93	0.007485722003053852	1	1	115	127	0	7	-CA
barcode81_consensus_vsearch	1221	T	*/+G	239	9	3.57%	2	1	93	93	0.001814084347407265	1	1	116	123	0	9	+G
barcode81_consensus_vsearch	1224	G	*/-AG	239	7	2.81%	2	2	93	93	0.0074817700326852326	1	1	107	132	6	1	-AG
barcode81_consensus_vsearch	1229	C	*/+T	212	12	4.8%	2	1	93	93	2.0987757342671282E-4	1	1	112	100	0	12	+T
barcode81_consensus_vsearch	1229	C	*/-T	212	21	8.4%	2	2	93	93	2.9756383497132715E-7	1	1	112	100	3	18	-T
barcode81_consensus_vsearch	1231	T	*/+C	242	7	2.8%	2	1	93	93	0.007485722003053852	1	1	116	126	0	7	+C
barcode81_consensus_vsearch	1232	T	*/-C	241	8	3.2%	2	1	93	93	0.0036895004577195047	1	1	115	126	0	8	-C
barcode81_consensus_vsearch	1233	C	*/-T	213	13	5.39%	2	1	93	93	1.0221711622714382E-4	1	1	115	98	0	13	-T
barcode81_consensus_vsearch	1233	C	*/-TT	213	9	3.73%	2	1	93	93	0.0017981564163397133	1	1	115	98	0	9	-T
barcode81_consensus_vsearch	1252	G	*/-TG	239	7	2.82%	2	1	93	93	0.0074817700326852326	1	1	115	124	0	7	-TG
barcode81_consensus_vsearch	1314	C	*/+T	220	17	6.75%	2	1	93	93	5.667095144061527E-6	1	1	114	106	0	17	+T
barcode81_consensus_vsearch	1314	C	*/-T	220	14	5.56%	2	2	93	93	4.995890859598848E-5	1	1	114	106	4	10	+T
barcode81_consensus_vsearch	1340	C	*/-T	230	9	3.6%	2	2	93	93	0.0018089548541641684	1	1	112	118	4	5	-T
barcode81_consensus_vsearch	1359	T	*/-CT	238	7	2.79%	2	1	93	93	0.007480431384223459	1	1	117	121	0	7	-CT
barcode81_consensus_vsearch	1360	C	*/-T	227	9	3.77%	2	1	93	93	0.0018071599099638493	1	1	115	112	0	9	-T
barcode81_consensus_vsearch	1365	A	*/-G	220	20	8.1%	2	2	93	93	6.311884019848156E-7	1	1	97	123	12	8	-G
barcode81_consensus_vsearch	1377	C	*/-T	239	9	3.59%	2	1	93	93	0.001814084347407265	1	1	116	123	0	9	-T
barcode81_consensus_vsearch	1379	C	*/-A	227	13	5.2%	2	2	93	93	1.033098399812127E-4	1	1	116	111	2	11	-A
barcode81_consensus_vsearch	1379	C	*/-AA	227	10	4%	2	1	93	93	8.863871017160644E-4	1	1	116	111	0	10	-A
barcode81_consensus_vsearch	1392	G	*/-T	241	8	3.2%	2	2	93	93	0.0036895004577195047	1	1	110	131	6	2	-T
barcode81_consensus_vsearch	1397	A	*/-G	224	24	9.52%	2	2	93	93	3.322711396845479E-8	1	1	95	129	22	2	-G
barcode81_consensus_vsearch	1421	C	*/+T	240	8	3.17%	2	1	93	93	0.003688638173064166	1	1	117	123	0	8	+T
barcode81_consensus_vsearch	1445	C	*/-GC	194	41	16.73%	2	2	93	93	6.7202393294504E-14	1	1	90	104	22	19	-GC
barcode81_consensus_vsearch	1452	C	*/-T	235	7	2.87%	2	2	93	93	0.007476349629382664	1	1	105	130	5	2	-T
barcode81_consensus_vsearch	1453	T	*/+G	232	7	2.86%	2	1	93	93	0.007472166294706969	1	1	111	121	0	7	+G
barcode81_consensus_vsearch	1480	T	*/-C	239	12	4.76%	2	1	93	93	2.1340156008037268E-4	1	1	106	133	12	0	-C
barcode81_consensus_vsearch	1483	G	*/-A	232	11	4.38%	2	1	93	93	4.349428315974289E-4	1	1	101	131	11	0	-A
barcode81_consensus_vsearch	1491	T	*/-G	236	7	2.79%	2	2	93	93	0.007477721316805575	1	1	115	121	1	6	-G
barcode81_consensus_vsearch	1510	C	*/-T	243	8	3.19%	2	1	93	93	0.003691204692263428	1	1	117	126	0	8	-T
barcode81_consensus_vsearch	1519	T	*/-G	237	9	3.63%	2	2	93	93	0.0018129762417955753	1	1	110	127	4	5	-G
barcode81_consensus_vsearch	1539	T	*/-A	241	9	3.57%	2	1	93	93	0.0018151750748872056	1	1	109	132	9	0	-A
barcode81_consensus_vsearch	1560	T	*/-C	204	42	16.67%	2	2	93	93	3.3537878087426954E-14	1	1	99	105	17	25	-C
barcode81_consensus_vsearch	1566	T	*/-A	215	20	8.13%	2	2	93	93	6.254287576406704E-7	1	1	100	115	15	5	-A
barcode81_consensus_vsearch	1598	T	*/+C	199	7	2.78%	2	2	93	93	0.007418189114685095	1	1	74	125	5	2	+C
barcode81_consensus_vsearch	1598	T	*/-C	199	37	14.68%	2	2	93	93	1.5738198441614805E-12	1	1	74	125	33	4	-C
barcode81_consensus_vsearch	1601	C	*/-T	242	7	2.78%	2	2	93	93	0.007485722003053852	1	1	115	127	3	4	-T
barcode81_consensus_vsearch	1606	C	*/-T	203	46	18.25%	2	2	93	93	1.437415196272253E-15	1	1	115	88	2	44	-T
barcode81_consensus_vsearch	1615	C	*/-AC	234	14	5.6%	2	2	93	93	5.0543007890282774E-5	1	1	110	124	4	10	-AC
barcode81_consensus_vsearch	1654	G	*/-CT	234	11	4.37%	2	1	93	93	4.353628116613763E-4	1	1	118	116	0	11	-CT
barcode81_consensus_vsearch	1655	C	*/+T	165	19	8.05%	2	2	93	93	1.1690789039391776E-6	1	1	112	53	2	17	+T
barcode81_consensus_vsearch	1655	C	*/-T	165	34	14.41%	2	2	93	93	1.2462842699592269E-11	1	1	112	53	4	30	-T
barcode81_consensus_vsearch	1655	C	*/-TT	165	11	4.66%	2	1	93	93	4.1563705559920753E-4	1	1	112	53	0	11	-T
barcode81_consensus_vsearch	1658	T	*/+C	173	20	7.94%	2	1	93	93	5.677385530695072E-7	1	1	97	76	20	0	+C
barcode81_consensus_vsearch	1658	T	*/-C	173	40	15.87%	2	1	93	93	1.2045232783959733E-13	1	1	97	76	0	40	-C
barcode81_consensus_vsearch	1658	T	*/-CG	173	18	7.14%	2	1	93	93	2.5066513464433235E-6	1	1	97	76	0	18	-C
barcode81_consensus_vsearch	1659	C	*/-G	163	11	5.67%	2	1	93	93	4.148440753983004E-4	1	1	118	45	0	11	-G
barcode81_consensus_vsearch	1663	C	*/-T	241	7	2.79%	2	2	93	93	0.007484415214222657	1	1	116	125	2	5	-T
barcode81_consensus_vsearch	1666	G	*/-C	231	18	7.14%	2	1	93	93	2.774229261475934E-6	1	1	97	134	18	0	-C
barcode81_consensus_vsearch	1670	A	*/-G	223	20	8.1%	2	2	93	93	6.345497953165434E-7	1	1	105	118	7	13	-G
barcode81_consensus_vsearch	1674	A	*/+T	241	7	2.8%	2	1	93	93	0.007484415214222657	1	1	116	125	0	7	+T
barcode81_consensus_vsearch	1675	C	*/-G	227	15	5.95%	2	1	93	93	2.4401031534927477E-5	1	1	118	109	0	15	-G
barcode81_consensus_vsearch	1678	C	*/+A	205	10	4.08%	2	1	93	93	8.774450793915666E-4	1	1	107	98	0	10	+A
barcode81_consensus_vsearch	1678	C	*/-GGC	205	13	5.31%	2	2	93	93	1.0153375468649412E-4	1	1	107	98	10	3	-GGC
barcode81_consensus_vsearch	1688	G	*/-A	231	7	2.81%	2	1	93	93	0.007470748618496003	1	1	97	134	7	0	-A
barcode81_consensus_vsearch	1689	A	*/-CC	208	22	9.17%	2	1	93	93	1.4075509936715075E-7	1	1	75	133	22	0	-CC
barcode81_consensus_vsearch	1696	G	*/-C	241	8	3.17%	2	1	93	93	0.0036895004577195047	1	1	107	134	8	0	-C
barcode81_consensus_vsearch	1727	A	*/-G	230	12	4.8%	2	2	93	93	2.1231016338203528E-4	1	1	101	129	11	1	-G
barcode81_consensus_vsearch	1729	G	*/-A	240	8	3.21%	2	2	93	93	0.003688638173064166	1	1	107	133	7	1	-A
barcode81_consensus_vsearch	1733	T	*/-A	218	23	9.2%	2	2	93	93	6.872154299833007E-8	1	1	107	111	6	17	-A
barcode81_consensus_vsearch	1752	T	*/-C	230	12	4.78%	2	2	93	93	2.1231016338203528E-4	1	1	110	120	1	11	-C
barcode81_consensus_vsearch	1792	G	*/-C	228	15	6%	2	2	93	93	2.4424201260992723E-5	1	1	116	112	1	14	-C
barcode81_consensus_vsearch	1809	T	*/-C	227	18	7.14%	2	2	93	93	2.7593030688563796E-6	1	1	111	116	5	13	-C
barcode81_consensus_vsearch	1816	C	*/+T	232	10	3.97%	2	1	93	93	8.881990455798616E-4	1	1	118	114	0	10	+T
barcode81_consensus_vsearch	1830	C	*/-T	237	8	3.17%	2	1	93	93	0.003686009667588161	1	1	118	119	0	8	-T
barcode81_consensus_vsearch	1841	T	*/-G	245	7	2.78%	2	1	93	93	0.007489580654151418	1	1	118	127	0	7	-G
barcode81_consensus_vsearch	1850	G	*/-TG	235	8	3.21%	2	1	93	93	0.003684221776127662	1	1	112	123	0	8	-TG
barcode81_consensus_vsearch	1851	T	*/-G	226	7	2.88%	2	2	93	93	0.007463479333376833	1	1	112	114	2	5	-G
barcode81_consensus_vsearch	1853	G	*/+A	230	10	3.97%	2	1	93	93	8.874830704141458E-4	1	1	115	115	0	10	+A
barcode81_consensus_vsearch	1866	C	*/-T	241	9	3.59%	2	1	93	93	0.0018151750748872056	1	1	117	124	0	9	-T
barcode81_consensus_vsearch	1874	G	*/-A	243	8	3.19%	2	1	93	93	0.003691204692263428	1	1	110	133	8	0	-A
barcode81_consensus_vsearch	1879	G	*/-TG	234	13	5.16%	2	1	93	93	1.0381240209820479E-4	1	1	115	119	0	13	-TG
barcode81_consensus_vsearch	1890	A	*/-G	221	19	7.79%	2	2	93	93	1.316641870203735E-6	1	1	89	132	18	1	-G
barcode81_consensus_vsearch	1892	G	*/-A	234	9	3.59%	2	1	93	93	0.0018112805803138848	1	1	104	130	9	0	-A
barcode81_consensus_vsearch	1900	C	*/-T	244	7	2.79%	2	1	93	93	0.00748830460110489	1	1	117	127	0	7	-T
barcode81_consensus_vsearch	1902	C	*/-T	233	12	4.86%	2	1	93	93	2.126824591413993E-4	1	1	114	119	0	12	-T
barcode81_consensus_vsearch	1904	G	*/+T	222	14	5.6%	2	2	93	93	5.004628793929559E-5	1	1	92	130	13	1	+T
barcode81_consensus_vsearch	1904	G	*/-T	222	11	4.4%	2	2	93	93	4.3273893004878305E-4	1	1	92	130	9	2	+T
barcode81_consensus_vsearch	1919	T	*/+G	235	8	3.21%	2	1	93	93	0.003684221776127662	1	1	113	122	0	8	+G
barcode81_consensus_vsearch	1929	A	*/-TA	240	11	4.38%	2	2	93	93	4.3658402499770964E-4	1	1	117	123	1	10	-TA
barcode81_consensus_vsearch	2002	T	*/-A	235	9	3.59%	2	2	93	93	0.0018118503395958998	1	1	115	120	1	8	-A
barcode81_consensus_vsearch	2006	G	*/-TG	240	8	3.19%	2	2	93	93	0.003688638173064166	1	1	110	130	5	3	-TG
barcode81_consensus_vsearch	2037	C	*/-T	232	15	5.98%	2	1	93	93	2.4515158468444498E-5	1	1	117	115	0	15	-T
barcode81_consensus_vsearch	2047	A	*/-CA	235	9	3.59%	2	2	93	93	0.0018118503395958998	1	1	111	124	6	3	-CA
barcode81_consensus_vsearch	2054	G	*/-C	219	28	11.16%	2	2	93	93	1.6559693184083741E-9	1	1	92	127	23	5	-C
barcode81_consensus_vsearch	2070	C	*/-G	224	22	8.84%	2	2	93	93	1.4589547585882635E-7	1	1	115	109	1	21	-G
barcode81_consensus_vsearch	2115	C	*/-T	229	8	3.21%	2	2	93	93	0.0036786796343901236	1	1	112	117	4	4	-T
barcode81_consensus_vsearch	2121	C	*/-T	238	10	3.98%	2	1	93	93	8.902795873314557E-4	1	1	115	123	0	10	-T
barcode81_consensus_vsearch	2126	G	*/+A	232	12	4.76%	2	1	93	93	2.1255933043139825E-4	1	1	101	131	12	0	+A
barcode81_consensus_vsearch	2147	T	*/-A	236	7	2.79%	2	2	93	93	0.007477721316805575	1	1	112	124	4	3	-A
barcode81_consensus_vsearch	2150	A	*/-C	237	9	3.59%	2	1	93	93	0.0018129762417955753	1	1	105	132	9	0	-C
barcode81_consensus_vsearch	2172	C	*/-T	241	7	2.81%	2	1	93	93	0.007484415214222657	1	1	118	123	0	7	-T
barcode81_consensus_vsearch	2175	T	*/+G	233	8	3.21%	2	1	93	93	0.0036824046267336483	1	1	110	123	0	8	+G
barcode81_consensus_vsearch	2184	T	*/-A	236	7	2.85%	2	2	93	93	0.007477721316805575	1	1	112	124	1	6	-A
barcode81_consensus_vsearch	2186	A	*/-T	235	7	2.79%	2	1	93	93	0.007476349629382664	1	1	114	121	0	7	-T
barcode81_consensus_vsearch	2192	C	*/-T	228	12	4.9%	2	2	93	93	2.1205703996137238E-4	1	1	113	115	1	11	-T
barcode81_consensus_vsearch	2216	C	*/-T	237	8	3.2%	2	2	93	93	0.003686009667588161	1	1	110	127	5	3	-T
barcode81_consensus_vsearch	2226	A	*/+C	165	8	3.17%	2	2	93	93	0.0035961125075510735	1	1	70	95	1	7	+C
barcode81_consensus_vsearch	2226	A	*/-C	165	67	26.59%	2	2	93	93	2.5347667982505957E-23	1	1	70	95	36	31	-C
barcode81_consensus_vsearch	2231	C	*/-A	233	10	3.97%	2	1	93	93	8.885527375126605E-4	1	1	115	118	0	10	-A
barcode81_consensus_vsearch	2233	A	*/-T	202	43	17.06%	2	2	93	93	1.5067333673858777E-14	1	1	86	116	27	16	-T
barcode81_consensus_vsearch	2240	T	*/+C	245	7	2.78%	2	1	93	93	0.007489580654151418	1	1	111	134	7	0	+C
barcode81_consensus_vsearch	2248	A	*/-C	242	7	2.79%	2	1	93	93	0.007485722003053852	1	1	117	125	0	7	-C
barcode81_consensus_vsearch	2251	T	*/+C	231	11	4.4%	2	1	93	93	4.3473033454469255E-4	1	1	105	126	11	0	+C
barcode81_consensus_vsearch	2252	C	*/-G	235	12	4.82%	2	1	93	93	2.1292586302675877E-4	1	1	116	119	0	12	-G
barcode81_consensus_vsearch	2258	A	*/-G	236	9	3.57%	2	2	93	93	0.0018124155419458562	1	1	115	121	1	8	-G
barcode81_consensus_vsearch	2262	A	*/-G	231	10	4.02%	2	2	93	93	8.878425014170833E-4	1	1	112	119	2	8	-G
barcode81_consensus_vsearch	2301	G	*/+A	220	15	6.05%	2	2	93	93	2.423379894583162E-5	1	1	98	122	9	6	+A
barcode81_consensus_vsearch	2301	G	*/-A	220	8	3.23%	2	2	93	93	0.0036698276230520683	1	1	98	122	3	5	+A
barcode81_consensus_vsearch	2315	A	*/-G	229	9	3.63%	2	2	93	93	0.0018083614623809116	1	1	106	123	3	6	-G
barcode81_consensus_vsearch	2379	C	*/+A	221	16	6.35%	2	1	93	93	1.1744477719372386E-5	1	1	92	129	16	0	+A
barcode81_consensus_vsearch	2380	G	*/-A	223	18	7.2%	2	1	93	93	2.7439468789888166E-6	1	1	91	132	18	0	-A
barcode81_consensus_vsearch	2381	A	*/+G	221	8	3.43%	2	1	93	93	0.003670845031231652	1	1	90	131	8	0	+G
barcode81_consensus_vsearch	2386	T	*/-A	240	7	2.81%	2	2	93	93	0.007483097933064014	1	1	108	132	6	1	-A
barcode81_consensus_vsearch	2402	C	*/-T	209	7	2.81%	2	2	93	93	0.007436270701269745	1	1	84	125	3	4	-T
barcode81_consensus_vsearch	2402	C	*/-TT	209	26	10.44%	2	2	93	93	7.169816365416689E-9	1	1	84	125	25	1	-TT
barcode81_consensus_vsearch	2405	T	*/-G	224	18	7.2%	2	2	93	93	2.7478272386502084E-6	1	1	112	112	3	15	-G
barcode81_consensus_vsearch	2431	T	*/-G	241	11	4.37%	2	1	93	93	4.3678210722142475E-4	1	1	118	123	0	11	-G
barcode81_consensus_vsearch	2449	A	*/-G	201	42	17.14%	2	2	93	93	3.2680086270932223E-14	1	1	69	132	40	2	-G
barcode81_consensus_vsearch	2455	A	*/-G	239	7	2.79%	2	1	93	93	0.0074817700326852326	1	1	106	133	7	0	-G
barcode81_consensus_vsearch	2459	T	*/-C	228	15	6.07%	2	2	93	93	2.4424201260992723E-5	1	1	108	120	8	7	-C
barcode81_consensus_vsearch	2478	C	*/+T	215	8	3.19%	2	2	93	93	0.0036646057936482192	1	1	103	112	2	6	+T
barcode81_consensus_vsearch	2478	C	*/-T	215	19	7.57%	2	2	93	93	1.3036714992599925E-6	1	1	103	112	9	10	-T
barcode81_consensus_vsearch	2486	T	*/-AT	237	7	2.81%	2	2	93	93	0.007479081856645369	1	1	107	130	6	1	-AT
barcode81_consensus_vsearch	2490	T	*/+A	209	8	3.27%	2	2	93	93	0.003658026926953576	1	1	97	112	3	5	+A
barcode81_consensus_vsearch	2490	T	*/-A	209	13	5.31%	2	2	93	93	1.0188120004185222E-4	1	1	97	112	9	4	-A
barcode81_consensus_vsearch	2490	T	*/-AA	209	7	2.86%	2	2	93	93	0.007436270701269745	1	1	97	112	2	5	-A
barcode81_consensus_vsearch	2497	C	*/-T	222	21	8.37%	2	1	93	93	3.036579492608799E-7	1	1	116	106	0	21	-T
barcode81_consensus_vsearch	2518	T	*/-G	233	7	2.78%	2	2	93	93	0.007473572259320498	1	1	109	124	6	1	-G
barcode81_consensus_vsearch	2531	C	*/+A	213	12	4.78%	2	2	93	93	2.1002241192895544E-4	1	1	114	99	2	10	+A
barcode81_consensus_vsearch	2531	C	*/-A	213	24	9.56%	2	2	93	93	3.2291486714684166E-8	1	1	114	99	2	22	-A
barcode81_consensus_vsearch	2602	G	*/-A	237	8	3.2%	2	2	93	93	0.003686009667588161	1	1	108	129	7	1	-A
barcode81_consensus_vsearch	2609	G	*/-A	230	12	4.78%	2	2	93	93	2.1231016338203528E-4	1	1	103	127	9	3	-A
barcode81_consensus_vsearch	2620	T	*/-G	241	7	2.78%	2	2	93	93	0.007484415214222657	1	1	114	127	2	5	-G
barcode81_consensus_vsearch	2622	G	*/-A	207	39	15.48%	2	1	93	93	3.542887267123984E-13	1	1	76	131	39	0	-A
barcode81_consensus_vsearch	2628	G	*/-AG	197	53	21.03%	2	2	93	93	5.069808698980816E-18	1	1	65	132	51	2	-AG
barcode81_consensus_vsearch	2653	G	*/-A	228	11	4.38%	2	2	93	93	4.340825732543977E-4	1	1	103	125	10	1	-A
barcode81_consensus_vsearch	2656	A	*/+G	184	14	5.56%	2	2	93	93	4.811012196880537E-5	1	1	72	112	9	5	+G
barcode81_consensus_vsearch	2656	A	*/-G	184	50	19.84%	2	2	93	93	4.723774933530304E-17	1	1	72	112	33	17	-G
barcode81_consensus_vsearch	2659	G	*/-A	238	8	3.17%	2	2	93	93	0.0036868928614731586	1	1	108	130	7	1	-A
barcode81_consensus_vsearch	2665	C	*/+T	233	7	2.82%	2	2	93	93	0.007473572259320498	1	1	111	122	2	5	+T
barcode81_consensus_vsearch	2671	A	*/-C	242	7	2.78%	2	2	93	93	0.007485722003053852	1	1	110	132	6	1	-C
barcode81_consensus_vsearch	2695	T	*/-C	211	38	15.14%	2	1	93	93	7.890994777502768E-13	1	1	80	131	38	0	-C
barcode81_consensus_vsearch	2709	T	*/-G	237	14	5.56%	2	1	93	93	5.066027102584289E-5	1	1	117	120	0	14	-G
barcode81_consensus_vsearch	2741	G	*/-T	236	10	3.97%	2	2	93	93	8.895970379003203E-4	1	1	106	130	8	2	-T
barcode81_consensus_vsearch	2751	T	*/-G	239	10	4%	2	1	93	93	8.906168627115857E-4	1	1	117	122	0	10	-G
barcode81_consensus_vsearch	2763	C	*/-T	240	7	2.78%	2	2	93	93	0.007483097933064014	1	1	115	125	2	5	-T
barcode81_consensus_vsearch	2765	T	*/-G	236	7	2.79%	2	2	93	93	0.007477721316805575	1	1	108	128	2	5	-G
barcode81_consensus_vsearch	2779	C	*/-T	223	16	6.61%	2	1	93	93	1.177110704126969E-5	1	1	118	105	0	16	-T
barcode81_consensus_vsearch	2783	C	*/-G	182	49	19.68%	2	2	93	93	1.0269393994346205E-16	1	1	88	94	19	30	-G
barcode81_consensus_vsearch	2787	G	*/-A	239	8	3.17%	2	2	93	93	0.0036877690019176544	1	1	106	133	7	1	-A
barcode81_consensus_vsearch	2797	G	*/-C	231	10	4%	2	1	93	93	8.878425014170833E-4	1	1	116	115	0	10	-C
barcode81_consensus_vsearch	2800	C	*/-T	229	10	3.97%	2	1	93	93	8.87120717393791E-4	1	1	118	111	0	10	-T
barcode81_consensus_vsearch	2872	A	*/-C	234	11	4.42%	2	2	93	93	4.353628116613763E-4	1	1	103	131	9	2	-C
barcode81_consensus_vsearch	2892	C	*/-A	228	14	5.56%	2	2	93	93	5.030037202373037E-5	1	1	103	125	11	3	-A
barcode81_consensus_vsearch	2894	A	*/-G	234	10	3.97%	2	2	93	93	8.889036112835749E-4	1	1	109	125	6	4	-G
barcode81_consensus_vsearch	2911	G	*/-CG	245	7	2.78%	2	1	93	93	0.007489580654151418	1	1	118	127	0	7	-CG
barcode81_consensus_vsearch	2954	C	*/-GG	239	8	3.17%	2	1	93	93	0.0036877690019176544	1	1	109	130	8	0	-GG
barcode81_consensus_vsearch	2965	A	*/-C	225	16	6.35%	2	2	93	93	1.179733827794779E-5	1	1	106	119	5	11	-C
barcode81_consensus_vsearch	2968	C	*/-T	224	19	7.54%	2	1	93	93	1.3229230107726454E-6	1	1	115	109	0	19	-T
barcode81_consensus_vsearch	2970	T	*/-A	214	14	5.67%	2	2	93	93	4.968826086820383E-5	1	1	104	110	7	7	-A
barcode81_consensus_vsearch	2972	A	*/-G	217	13	5.22%	2	2	93	93	1.0254206608526479E-4	1	1	103	114	7	6	-G
barcode81_consensus_vsearch	2991	T	*/-C	238	12	4.78%	2	1	93	93	2.132839981841494E-4	1	1	105	133	12	0	-C
barcode81_consensus_vsearch	3014	G	*/-A	232	12	4.86%	2	2	93	93	2.1255933043139825E-4	1	1	105	127	11	1	-A
barcode81_consensus_vsearch	3040	G	*/-A	225	17	6.88%	2	2	93	93	5.7032680908834166E-6	1	1	100	125	14	3	-A
barcode81_consensus_vsearch	3065	A	*/+G	209	17	6.77%	2	1	93	93	5.582571341748222E-6	1	1	113	96	0	17	+G
barcode81_consensus_vsearch	3065	A	*/-G	209	18	7.17%	2	2	93	93	2.686535435987739E-6	1	1	113	96	4	14	-G
barcode81_consensus_vsearch	3078	A	*/-G	226	17	6.83%	2	2	93	93	5.710344493226392E-6	1	1	99	127	13	4	-G
barcode81_consensus_vsearch	3084	C	*/-T	240	8	3.2%	2	1	93	93	0.003688638173064166	1	1	117	123	0	8	-T
barcode81_consensus_vsearch	3087	T	*/-G	229	16	6.43%	2	2	93	93	1.1848641435763499E-5	1	1	114	115	1	15	-G
barcode81_consensus_vsearch	3113	G	*/-TG	237	7	2.79%	2	1	93	93	0.007479081856645369	1	1	113	124	0	7	-TG
barcode81_consensus_vsearch	3116	C	*/-A	234	7	2.81%	2	2	93	93	0.007474966656828971	1	1	108	126	3	4	-A
barcode81_consensus_vsearch	3141	A	*/-G	215	23	9.24%	2	2	93	93	6.822214666934832E-8	1	1	103	112	8	15	-G
barcode81_consensus_vsearch	3147	G	*/-A	222	13	5.22%	2	2	93	93	1.0293363152588527E-4	1	1	111	111	4	9	-A
barcode81_consensus_vsearch	3178	T	*/-C	239	9	3.57%	2	2	93	93	0.001814084347407265	1	1	112	127	5	4	-C
barcode81_consensus_vsearch	3188	G	*/+T	93	148	58.96%	2	2	93	93	6.710449019383762E-60	1	1	19	74	92	56	+T
barcode81_consensus_vsearch	3190	T	*/-C	229	10	3.97%	2	2	93	93	8.87120717393791E-4	1	1	114	115	2	8	-C
barcode81_consensus_vsearch	3193	C	*/-T	238	7	2.85%	2	1	93	93	0.007480431384223459	1	1	118	120	0	7	-T
barcode81_consensus_vsearch	3217	G	*/+T	231	9	3.6%	2	2	93	93	0.0018095434033127298	1	1	104	127	5	4	+T
barcode81_consensus_vsearch	3250	T	*/-G	234	11	4.4%	2	2	93	93	4.353628116613763E-4	1	1	110	124	5	6	-G
barcode81_consensus_vsearch	3263	A	*/-C	239	7	2.8%	2	2	93	93	0.0074817700326852326	1	1	106	133	6	1	-C
barcode81_consensus_vsearch	3265	C	*/-T	238	8	3.19%	2	2	93	93	0.0036868928614731586	1	1	112	126	4	4	-T
barcode81_consensus_vsearch	3293	T	*/-A	235	10	4.03%	2	1	93	93	8.892517004154109E-4	1	1	106	129	10	0	-A
barcode81_consensus_vsearch	3302	C	*/-T	232	14	5.56%	2	2	93	93	5.046335334004922E-5	1	1	116	116	1	13	-T
barcode81_consensus_vsearch	3327	T	*/+C	239	11	4.37%	2	1	93	93	4.3638441469499997E-4	1	1	118	121	0	11	+C
barcode81_consensus_vsearch	3328	T	*/-C	237	14	5.56%	2	2	93	93	5.066027102584289E-5	1	1	117	120	1	13	-C
barcode81_consensus_vsearch	3329	C	*/+A	230	7	2.94%	2	1	93	93	0.0074693190837354945	1	1	109	121	7	0	+A
barcode81_consensus_vsearch	3345	A	*/-G	241	8	3.19%	2	2	93	93	0.0036895004577195047	1	1	115	126	1	7	-G
barcode81_consensus_vsearch	3353	A	*/+T	216	11	4.37%	2	2	93	93	4.313270586514381E-4	1	1	103	113	6	5	+T
barcode81_consensus_vsearch	3353	A	*/-T	216	21	8.33%	2	2	93	93	3.000511080365251E-7	1	1	103	113	6	15	-T
barcode81_consensus_vsearch	3358	T	*/-G	240	9	3.57%	2	1	93	93	0.0018146318577743554	1	1	116	124	0	9	-G
barcode81_consensus_vsearch	3361	T	*/-A	234	7	2.79%	2	2	93	93	0.007474966656828971	1	1	110	124	6	1	-A
barcode81_consensus_vsearch	3379	C	*/-G	231	9	3.67%	2	2	93	93	0.0018095434033127298	1	1	114	117	1	8	-G
barcode81_consensus_vsearch	3394	G	*/-TG	236	13	5.16%	2	1	93	93	1.0395109422588356E-4	1	1	117	119	0	13	-TG
barcode81_consensus_vsearch	3401	T	*/-A	237	10	3.97%	2	2	93	93	8.89939656217755E-4	1	1	107	130	8	2	-A
barcode81_consensus_vsearch	3407	G	*/-C	235	11	4.37%	2	1	93	93	4.3557033390967853E-4	1	1	101	134	11	0	-C
barcode81_consensus_vsearch	3419	G	*/-C	237	10	3.97%	2	1	93	93	8.89939656217755E-4	1	1	116	121	0	10	-C
barcode81_consensus_vsearch	3434	C	*/+A	197	11	4.44%	2	2	93	93	4.263419112240475E-4	1	1	75	122	7	4	+A
barcode81_consensus_vsearch	3434	C	*/-A	197	23	9.27%	2	2	93	93	6.501382894958495E-8	1	1	75	122	18	5	-A
barcode81_consensus_vsearch	3434	C	*/-AA	197	14	5.65%	2	1	93	93	4.8844590491071155E-5	1	1	75	122	14	0	-A
barcode81_consensus_vsearch	3474	T	*/-G	240	7	2.8%	2	2	93	93	0.007483097933064014	1	1	112	128	4	3	-G
barcode81_consensus_vsearch	3476	G	*/-A	243	7	2.78%	2	2	93	93	0.007487018424394727	1	1	111	132	6	1	-A
barcode81_consensus_vsearch	3491	T	*/-A	237	10	4%	2	2	93	93	8.89939656217755E-4	1	1	109	128	8	2	-A
barcode81_consensus_vsearch	3493	A	*/+G	229	7	2.78%	2	2	93	93	0.007467877541059236	1	1	106	123	4	3	+G
barcode81_consensus_vsearch	3493	A	*/-G	229	8	3.17%	2	2	93	93	0.0036786796343901236	1	1	106	123	4	4	-G
barcode81_consensus_vsearch	3500	T	*/-GT	220	27	10.71%	2	2	93	93	3.5151712349836894E-9	1	1	114	106	3	24	-GT
barcode81_consensus_vsearch	3533	G	*/-A	202	42	16.67%	2	1	93	93	3.2966112601883904E-14	1	1	114	88	0	42	-A
barcode81_consensus_vsearch	3547	C	*/-T	239	7	2.8%	2	2	93	93	0.0074817700326852326	1	1	115	124	1	6	-T
barcode81_consensus_vsearch	3559	A	*/-C	236	12	4.78%	2	2	93	93	2.1304616012492923E-4	1	1	110	126	5	7	-C
barcode81_consensus_vsearch	3578	G	*/+A	237	13	5.18%	2	1	93	93	1.0401965485220523E-4	1	1	103	134	13	0	+A
barcode81_consensus_vsearch	3580	T	*/-A	232	7	2.79%	2	1	93	93	0.007472166294706969	1	1	99	133	7	0	-A
barcode81_consensus_vsearch	3605	C	*/+G	224	16	6.4%	2	1	93	93	1.1784271864232843E-5	1	1	94	130	16	0	+G
barcode81_consensus_vsearch	3606	A	*/-G	226	11	4.45%	2	1	93	93	4.336419657096737E-4	1	1	95	131	11	0	-G
barcode81_consensus_vsearch	3630	C	*/-T	236	11	4.37%	2	2	93	93	4.3577623661818937E-4	1	1	115	121	1	10	-T
barcode81_consensus_vsearch	3632	T	*/-G	233	7	2.8%	2	2	93	93	0.007473572259320498	1	1	112	121	1	6	-G
barcode81_consensus_vsearch	3635	G	*/-A	232	15	5.95%	2	2	93	93	2.4515158468444498E-5	1	1	99	133	14	1	-A
barcode81_consensus_vsearch	3637	G	*/-T	231	16	6.43%	2	1	93	93	1.1873730197672824E-5	1	1	114	117	0	16	-T
barcode81_consensus_vsearch	3641	T	*/-C	218	18	7.17%	2	2	93	93	2.7241185068262107E-6	1	1	98	120	6	12	-C
barcode81_consensus_vsearch	3641	T	*/-CC	218	14	5.58%	2	1	93	93	4.9870133531628E-5	1	1	98	120	14	0	-C
barcode81_consensus_vsearch	3644	C	*/-G	219	15	5.95%	2	2	93	93	2.4209162755784478E-5	1	1	117	102	1	14	-G
barcode81_consensus_vsearch	3655	G	*/-C	238	11	4.38%	2	1	93	93	4.3618325858222517E-4	1	1	116	122	0	11	-C
barcode81_consensus_vsearch	3659	C	*/-T	242	7	2.78%	2	2	93	93	0.007485722003053852	1	1	116	126	1	6	-T
barcode81_consensus_vsearch	3672	T	*/-G	240	7	2.78%	2	1	93	93	0.007483097933064014	1	1	118	122	0	7	-G
barcode81_consensus_vsearch	3684	C	*/-A	237	7	2.79%	2	1	93	93	0.007479081856645369	1	1	113	124	0	7	-A
barcode81_consensus_vsearch	3690	C	*/-T	235	10	4.03%	2	2	93	93	8.892517004154109E-4	1	1	115	120	2	8	-T
barcode81_consensus_vsearch	3702	C	*/+T	236	7	2.79%	2	2	93	93	0.007477721316805575	1	1	114	122	1	6	+T
barcode81_consensus_vsearch	3705	T	*/+G	243	7	2.78%	2	2	93	93	0.007487018424394727	1	1	116	127	1	6	+G
barcode81_consensus_vsearch	3712	T	*/+G	230	17	6.77%	2	2	93	93	5.738141580879617E-6	1	1	113	117	2	15	+G
barcode81_consensus_vsearch	3717	T	*/+G	185	7	2.93%	2	2	93	93	0.007389745092191117	1	1	84	101	3	4	+G
barcode81_consensus_vsearch	3717	T	*/-G	185	34	14.23%	2	2	93	93	1.4520076426680825E-11	1	1	84	101	24	10	-G
barcode81_consensus_vsearch	3721	G	*/-A	232	13	5.18%	2	2	93	93	1.0367157527188826E-4	1	1	102	130	11	2	-A
barcode81_consensus_vsearch	3733	G	*/-TG	238	10	4%	2	1	93	93	8.902795873314557E-4	1	1	117	121	0	10	-TG
barcode81_consensus_vsearch	3763	T	*/-C	227	17	6.8%	2	2	93	93	5.717369494364696E-6	1	1	97	130	16	1	-C
barcode81_consensus_vsearch	3766	T	*/-A	237	8	3.21%	2	2	93	93	0.003686009667588161	1	1	107	130	7	1	-A
barcode81_consensus_vsearch	3774	A	*/-G	178	62	25.1%	2	2	93	93	2.326222447775429E-21	1	1	85	93	23	39	-G
barcode81_consensus_vsearch	3781	C	*/-T	222	28	11.2%	2	1	93	93	1.6731257252463742E-9	1	1	118	104	0	28	-T
barcode81_consensus_vsearch	3785	G	*/-T	239	7	2.79%	2	2	93	93	0.0074817700326852326	1	1	111	128	4	3	-T
barcode81_consensus_vsearch	3796	C	*/-GC	234	8	3.17%	2	2	93	93	0.00368331690336814	1	1	113	121	2	6	-GC
barcode81_consensus_vsearch	3809	C	*/+AC	209	30	11.95%	2	1	93	93	3.5283724323675645E-10	1	1	80	129	30	0	+AC
barcode81_consensus_vsearch	3811	T	*/+C	188	10	3.98%	2	2	93	93	8.692213039856426E-4	1	1	108	80	6	4	+C
barcode81_consensus_vsearch	3811	T	*/-C	188	53	21.12%	2	2	93	93	4.451836231380033E-18	1	1	108	80	3	50	-C
barcode81_consensus_vsearch	3817	G	*/+A	216	8	3.19%	2	1	93	93	0.003665668526289429	1	1	85	131	8	0	+A
barcode81_consensus_vsearch	3817	G	*/-A	216	10	3.98%	2	2	93	93	8.821271222096345E-4	1	1	85	131	9	1	-A
barcode81_consensus_vsearch	3817	G	*/-AA	216	15	5.98%	2	2	93	93	2.4134087137185156E-5	1	1	85	131	14	1	-AA
barcode81_consensus_vsearch	3820	A	*/-G	197	45	17.93%	2	2	93	93	2.9764529146901247E-15	1	1	73	124	39	6	-G
barcode81_consensus_vsearch	3847	T	*/-G	213	33	13.25%	2	1	93	93	3.6860137745867677E-11	1	1	116	97	0	33	-G
barcode81_consensus_vsearch	3849	G	*/-AT	233	12	4.8%	2	1	93	93	2.126824591413993E-4	1	1	100	133	12	0	-AT
barcode81_consensus_vsearch	3853	T	*/-G	229	13	5.18%	2	2	93	93	1.0345622368198715E-4	1	1	111	118	1	12	-G
barcode81_consensus_vsearch	3862	C	*/-AC	239	11	4.37%	2	1	93	93	4.3638441469499997E-4	1	1	105	134	11	0	-AC
barcode81_consensus_vsearch	3894	C	*/-G	199	48	19.05%	2	2	93	93	2.826948538605834E-16	1	1	85	114	31	17	-G
barcode81_consensus_vsearch	3899	G	*/-C	234	7	2.78%	2	2	93	93	0.007474966656828971	1	1	108	126	5	2	-C
barcode81_consensus_vsearch	3903	T	*/+G	221	7	2.87%	2	2	93	93	0.007455894130096957	1	1	107	114	5	2	+G
barcode81_consensus_vsearch	3909	G	*/-A	237	7	2.82%	2	1	93	93	0.007479081856645369	1	1	104	133	7	0	-A
barcode81_consensus_vsearch	3915	T	*/-CTTT	220	10	4%	2	1	93	93	8.837219519630479E-4	1	1	113	107	0	10	-CTTT
barcode81_consensus_vsearch	3916	C	*/+T	155	17	7.42%	2	2	93	93	5.0357707197392975E-6	1	1	89	66	13	4	+T
barcode81_consensus_vsearch	3916	C	*/-T	155	53	23.14%	2	2	93	93	2.473235523723293E-18	1	1	89	66	14	39	-T
barcode81_consensus_vsearch	3959	G	*/-A	237	13	5.16%	2	1	93	93	1.0401965485220523E-4	1	1	104	133	13	0	-A
barcode81_consensus_vsearch	3964	A	*/+G	221	7	2.8%	2	2	93	93	0.007455894130096957	1	1	112	109	1	6	+G
barcode81_consensus_vsearch	3964	A	*/-G	221	18	7.2%	2	2	93	93	2.7361017606407482E-6	1	1	112	109	2	16	-G
barcode81_consensus_vsearch	3980	T	*/+A	232	7	2.8%	2	1	93	93	0.007472166294706969	1	1	106	126	7	0	+A
barcode81_consensus_vsearch	3984	G	*/-C	240	8	3.21%	2	2	93	93	0.003688638173064166	1	1	112	128	6	2	-C
barcode81_consensus_vsearch	3987	C	*/+G	232	11	4.37%	2	1	93	93	4.349428315974289E-4	1	1	116	116	0	11	+G
barcode81_consensus_vsearch	3992	C	*/-T	208	32	12.85%	2	2	93	93	7.69759747771134E-11	1	1	94	114	19	13	-T
barcode81_consensus_vsearch	4003	T	*/-C	242	8	3.17%	2	1	93	93	0.003690355937378303	1	1	108	134	8	0	-C
barcode81_consensus_vsearch	4010	C	*/-G	194	37	14.68%	2	2	93	93	1.5180632069825164E-12	1	1	75	119	36	1	-G
barcode81_consensus_vsearch	4012	C	*/+T	189	19	7.85%	2	2	93	93	1.240321732146791E-6	1	1	84	105	13	6	+T
barcode81_consensus_vsearch	4012	C	*/+TT	189	9	3.72%	2	2	93	93	0.00177983409863699	1	1	84	105	8	1	+T
barcode81_consensus_vsearch	4014	C	*/-TC	199	40	16.13%	2	2	93	93	1.531912420387093E-13	1	1	113	86	3	37	-TC
barcode81_consensus_vsearch	4021	T	*/-C	226	21	8.4%	2	2	93	93	3.059834937662346E-7	1	1	102	124	14	7	-C
barcode81_consensus_vsearch	4024	C	*/-T	241	7	2.78%	2	1	93	93	0.007484415214222657	1	1	117	124	0	7	-T
barcode81_consensus_vsearch	4027	G	*/+A	228	8	3.23%	2	1	93	93	0.00367772893957288	1	1	112	116	0	8	+A
barcode81_consensus_vsearch	4027	G	*/-A	228	11	4.44%	2	2	93	93	4.340825732543977E-4	1	1	112	116	2	9	-A
barcode81_consensus_vsearch	4036	C	*/+G	211	7	2.79%	2	2	93	93	0.007439689863414905	1	1	99	112	6	1	+G
barcode81_consensus_vsearch	4036	C	*/-G	211	29	11.55%	2	2	93	93	7.57430096392508E-10	1	1	99	112	11	18	-G
barcode81_consensus_vsearch	4049	C	*/-T	231	10	4.02%	2	1	93	93	8.878425014170833E-4	1	1	116	115	0	10	-T
barcode81_consensus_vsearch	4052	T	*/-CAA	228	7	2.8%	2	1	93	93	0.007466423838535645	1	1	110	118	0	7	-CAA
barcode81_consensus_vsearch	4053	C	*/-A	217	8	3.36%	2	2	93	93	0.0036667219549938834	1	1	110	107	1	7	-A
barcode81_consensus_vsearch	4086	T	*/-C	211	35	13.89%	2	2	93	93	7.917612714430594E-12	1	1	84	127	32	3	-C
barcode81_consensus_vsearch	4088	C	*/-A	235	8	3.17%	2	2	93	93	0.003684221776127662	1	1	105	130	6	2	-A
barcode81_consensus_vsearch	4125	T	*/-A	235	9	3.57%	2	2	93	93	0.0018118503395958998	1	1	109	126	3	6	-A
barcode81_consensus_vsearch	4127	A	*/-G	176	55	21.91%	2	2	93	93	7.177235002950448E-19	1	1	60	116	43	12	-G
barcode81_consensus_vsearch	4138	C	*/-A	237	10	3.97%	2	2	93	93	8.89939656217755E-4	1	1	112	125	5	5	-A
barcode81_consensus_vsearch	4157	C	*/+G	220	7	2.81%	2	2	93	93	0.007454337359329176	1	1	104	116	2	5	+G
barcode81_consensus_vsearch	4157	C	*/-G	220	9	3.61%	2	2	93	93	0.0018027927820038396	1	1	104	116	6	3	-G
barcode81_consensus_vsearch	4160	G	*/+A	227	7	2.79%	2	2	93	93	0.0074649578216797186	1	1	105	122	4	3	+A
barcode81_consensus_vsearch	4160	G	*/-A	227	14	5.58%	2	2	93	93	5.025884107193111E-5	1	1	105	122	8	6	-A
barcode81_consensus_vsearch	4164	A	*/-G	234	14	5.56%	2	2	93	93	5.0543007890282774E-5	1	1	108	126	10	4	-G
barcode81_consensus_vsearch	4166	G	*/-A	240	12	4.76%	2	1	93	93	2.1351823091343366E-4	1	1	106	134	12	0	-A
barcode81_consensus_vsearch	4175	T	*/-A	231	9	3.64%	2	2	93	93	0.0018095434033127298	1	1	108	123	6	3	-A
barcode81_consensus_vsearch	4194	G	*/-C	240	10	3.97%	2	2	93	93	8.909515133367017E-4	1	1	112	128	6	4	-C
barcode81_consensus_vsearch	4196	C	*/+T	219	18	7.14%	2	2	93	93	2.7281420824837606E-6	1	1	115	104	2	16	+T
barcode81_consensus_vsearch	4196	C	*/-T	219	12	4.76%	2	2	93	93	2.10866409362083E-4	1	1	115	104	1	11	+T
barcode81_consensus_vsearch	4212	T	*/-G	215	20	8.13%	2	2	93	93	6.254287576406704E-7	1	1	109	106	1	19	-G
barcode81_consensus_vsearch	4214	G	*/-A	243	8	3.19%	2	2	93	93	0.003691204692263428	1	1	111	132	7	1	-A
barcode81_consensus_vsearch	4246	C	*/-T	241	8	3.19%	2	2	93	93	0.0036895004577195047	1	1	114	127	3	5	-T
barcode81_consensus_vsearch	4248	T	*/-C	238	7	2.78%	2	2	93	93	0.007480431384223459	1	1	113	125	2	5	-C
barcode81_consensus_vsearch	4255	T	*/+C	240	9	3.59%	2	1	93	93	0.0018146318577743554	1	1	107	133	9	0	+C
barcode81_consensus_vsearch	4256	C	*/-G	238	7	2.78%	2	2	93	93	0.007480431384223459	1	1	112	126	5	2	-G
barcode81_consensus_vsearch	4272	T	*/-G	229	14	5.6%	2	2	93	93	5.0341585131799904E-5	1	1	112	117	4	10	-G
barcode81_consensus_vsearch	4279	C	*/-TT	222	11	4.4%	2	2	93	93	4.3273893004878305E-4	1	1	110	112	1	10	-TT
barcode81_consensus_vsearch	4282	T	*/-C	232	11	4.38%	2	1	93	93	4.349428315974289E-4	1	1	116	116	0	11	-C
barcode81_consensus_vsearch	4325	C	*/-G	238	7	2.8%	2	1	93	93	0.007480431384223459	1	1	117	121	0	7	-G
barcode81_consensus_vsearch	4331	A	*/-G	188	55	21.83%	2	2	93	93	8.805135522841325E-19	1	1	68	120	45	10	-G
barcode81_consensus_vsearch	4347	C	*/-T	235	8	3.24%	2	2	93	93	0.003684221776127662	1	1	110	125	1	7	-T
barcode81_consensus_vsearch	4352	T	*/-A	222	8	3.36%	2	1	93	93	0.0036718537228742883	1	1	105	117	0	8	-A
