Chrom	Position	Ref	Cons	Reads1	Reads2	VarFreq	Strands1	Strands2	Qual1	Qual2	Pvalue	MapQual1	MapQual2	Reads1Plus	Reads1Minus	Reads2Plus	Reads2Minus	VarAllele
barcode75_consensus_vsearch	5	G	*/+T	431	13	2.71%	2	1	93	93	1.1166488301300728E-4	1	1	256	175	13	0	+T
barcode75_consensus_vsearch	5	G	*/-T	431	34	7.1%	2	2	93	93	3.112790307524765E-11	1	1	256	175	33	1	-T
barcode75_consensus_vsearch	13	T	*/+G	659	8	1.18%	2	2	93	93	0.00382465989169585	1	1	292	367	7	1	+G
barcode75_consensus_vsearch	14	A	*/-G	661	7	1.04%	2	1	93	93	0.0076900673602228325	1	1	296	365	7	0	-G
barcode75_consensus_vsearch	26	T	*/+C	588	12	1.74%	2	2	93	93	2.3095233626492628E-4	1	1	298	290	2	10	+C
barcode75_consensus_vsearch	26	T	*/-C	588	76	11%	2	2	93	93	1.358020071616639E-24	1	1	298	290	12	64	-C
barcode75_consensus_vsearch	26	T	*/-CC	588	9	1.3%	2	1	93	93	0.0018947055924330373	1	1	298	290	0	9	-C
barcode75_consensus_vsearch	30	C	*/-A	648	9	1.3%	2	2	93	93	0.0019000017786656748	1	1	303	345	1	8	-A
barcode75_consensus_vsearch	34	T	*/-C	682	8	1.16%	2	1	93	93	0.0038273666483378274	1	1	304	378	8	0	-C
barcode75_consensus_vsearch	39	G	*/-C	668	9	1.31%	2	2	93	93	0.0019015600485241956	1	1	304	364	3	6	-C
barcode75_consensus_vsearch	46	C	*/+T	653	35	5.07%	2	1	93	93	1.86769026088906E-11	1	1	310	343	0	35	+T
barcode75_consensus_vsearch	47	T	*/+G	646	32	4.64%	2	2	93	93	1.600994451617234E-10	1	1	286	360	14	18	+G
barcode75_consensus_vsearch	48	G	*/-A	673	11	1.59%	2	2	93	93	4.6889343279630895E-4	1	1	296	377	9	2	-A
barcode75_consensus_vsearch	49	A	*/+G	654	8	1.18%	2	1	93	93	0.0038240467022021517	1	1	280	374	8	0	+G
barcode75_consensus_vsearch	52	T	*/-G	660	23	3.32%	2	2	93	93	9.874668225160268E-8	1	1	295	365	12	11	-G
barcode75_consensus_vsearch	58	C	*/+G	670	10	1.45%	2	2	93	93	9.445583754165734E-4	1	1	301	369	9	1	+G
barcode75_consensus_vsearch	59	A	*/-G	668	9	1.3%	2	1	93	93	0.0019015600485241956	1	1	298	370	9	0	-G
barcode75_consensus_vsearch	62	C	*/-A	679	8	1.16%	2	2	93	93	0.0038270238219715778	1	1	305	374	4	4	-A
barcode75_consensus_vsearch	67	C	*/-TGC	653	30	4.34%	2	2	93	93	6.725673978837852E-10	1	1	297	356	9	21	-TGC
barcode75_consensus_vsearch	74	C	*/-GC	675	9	1.31%	2	1	93	93	0.0019020840661164082	1	1	296	379	9	0	-GC
barcode75_consensus_vsearch	79	G	*/+A	661	16	2.32%	2	1	93	93	1.3950300978900542E-5	1	1	286	375	16	0	+A
barcode75_consensus_vsearch	81	T	*/-A	652	16	2.32%	2	2	93	93	1.3933261963587587E-5	1	1	284	368	12	4	-A
barcode75_consensus_vsearch	84	T	*/-A	668	11	1.6%	2	2	93	93	4.6875246633014286E-4	1	1	295	373	6	5	-A
barcode75_consensus_vsearch	86	G	*/-A	660	17	2.48%	2	1	93	93	6.891740618130105E-6	1	1	282	378	17	0	-A
barcode75_consensus_vsearch	87	A	*/-G	643	18	2.68%	2	2	93	93	3.392514860913231E-6	1	1	269	374	17	1	-G
barcode75_consensus_vsearch	90	C	*/+A	665	10	1.45%	2	1	93	93	9.443236086866028E-4	1	1	306	359	0	10	+A
barcode75_consensus_vsearch	93	C	*/-A	656	9	1.31%	2	2	93	93	0.0019006362526543875	1	1	299	357	8	1	-A
barcode75_consensus_vsearch	98	A	*/-CA	669	8	1.16%	2	2	93	93	0.003825859230664742	1	1	300	369	3	5	-CA
barcode75_consensus_vsearch	103	A	*/-C	658	20	2.91%	2	2	93	93	8.272896208273663E-7	1	1	282	376	18	2	-C
barcode75_consensus_vsearch	107	G	*/-C	668	15	2.17%	2	2	93	93	2.8236343294147523E-5	1	1	293	375	14	1	-C
barcode75_consensus_vsearch	110	C	*/+G	634	13	1.88%	2	1	93	93	1.1486184792714629E-4	1	1	282	352	0	13	+G
barcode75_consensus_vsearch	110	C	*/-GA	634	8	1.16%	2	1	93	93	0.0038214989225959874	1	1	282	352	8	0	+G
barcode75_consensus_vsearch	110	C	*/-GAA	634	17	2.46%	2	2	93	93	6.86344973136385E-6	1	1	282	352	15	2	-GAA
barcode75_consensus_vsearch	111	G	*/-A	634	8	1.2%	2	2	93	93	0.0038214989225959874	1	1	280	354	2	6	-A
barcode75_consensus_vsearch	111	G	*/-AA	634	9	1.35%	2	2	93	93	0.0018988537448086748	1	1	280	354	1	8	-AA
barcode75_consensus_vsearch	114	A	*/-G	676	8	1.16%	2	2	93	93	0.0038266780028401756	1	1	300	376	7	1	-G
barcode75_consensus_vsearch	117	A	*/-G	668	12	1.75%	2	2	93	93	2.324791481283335E-4	1	1	302	366	6	6	-G
barcode75_consensus_vsearch	119	G	*/-C	671	7	1.02%	2	1	93	93	0.007691867780677997	1	1	299	372	7	0	-C
barcode75_consensus_vsearch	126	C	*/-A	673	9	1.3%	2	2	93	93	0.001901935436692325	1	1	300	373	5	4	-A
barcode75_consensus_vsearch	131	G	*/-C	659	11	1.61%	2	1	93	93	4.6849349314201534E-4	1	1	284	375	11	0	-C
barcode75_consensus_vsearch	139	T	*/+C	591	12	1.74%	2	2	93	93	2.3101676991554602E-4	1	1	232	359	7	5	+C
barcode75_consensus_vsearch	139	T	*/-C	591	71	10.29%	2	2	93	93	5.827056982287184E-23	1	1	232	359	61	10	-C
barcode75_consensus_vsearch	139	T	*/-CCC	591	8	1.16%	2	2	93	93	0.0038154482484643428	1	1	232	359	5	3	-C
barcode75_consensus_vsearch	143	C	*/+T	640	7	1.01%	2	1	93	93	0.007686105889921431	1	1	302	338	0	7	+T
barcode75_consensus_vsearch	144	G	*/-A	679	7	1.02%	2	1	93	93	0.007693270435678032	1	1	300	379	7	0	-A
barcode75_consensus_vsearch	157	T	*/+C	674	8	1.16%	2	1	93	93	0.0038264457747110613	1	1	300	374	8	0	+C
barcode75_consensus_vsearch	158	C	*/-A	679	8	1.16%	2	2	93	93	0.0038270238219715778	1	1	308	371	3	5	-A
barcode75_consensus_vsearch	160	G	*/+C	636	15	2.17%	2	2	93	93	2.812749989674651E-5	1	1	292	344	1	14	+C
barcode75_consensus_vsearch	160	G	*/-C	636	23	3.33%	2	2	93	93	9.805999699435306E-8	1	1	292	344	5	18	-C
barcode75_consensus_vsearch	163	C	*/-T	670	11	1.59%	2	2	93	93	4.6880909815982715E-4	1	1	305	365	2	9	-T
barcode75_consensus_vsearch	165	C	*/+A	666	8	1.17%	2	1	93	93	0.003825503147506549	1	1	298	368	8	0	+A
barcode75_consensus_vsearch	166	A	*/+G	653	15	2.18%	2	1	93	93	2.8186583543640286E-5	1	1	303	350	0	15	+G
barcode75_consensus_vsearch	167	G	*/-A	669	17	2.48%	2	1	93	93	6.901053255405842E-6	1	1	290	379	17	0	-A
barcode75_consensus_vsearch	169	G	*/-C	676	7	1.01%	2	1	93	93	0.007692748279243189	1	1	297	379	7	0	-C
barcode75_consensus_vsearch	172	A	*/+C	582	25	3.62%	2	2	93	93	2.3158496438763167E-8	1	1	256	326	16	9	+C
barcode75_consensus_vsearch	172	A	*/-C	582	51	7.39%	2	2	93	93	1.5551973624998948E-16	1	1	256	326	15	36	-C
barcode75_consensus_vsearch	172	A	*/-CC	582	20	2.9%	2	2	93	93	8.123325320644316E-7	1	1	256	326	19	1	-C
barcode75_consensus_vsearch	176	C	*/-T	635	38	5.51%	2	2	93	93	2.1256940863899316E-12	1	1	301	334	2	36	-T
barcode75_consensus_vsearch	176	C	*/-TT	635	9	1.3%	2	2	93	93	0.0018989373901442874	1	1	301	334	3	6	-T
barcode75_consensus_vsearch	180	T	*/+C	652	10	1.46%	2	2	93	93	9.436967840888741E-4	1	1	277	375	9	1	+C
barcode75_consensus_vsearch	180	T	*/-C	652	20	2.91%	2	2	93	93	8.262246486817746E-7	1	1	277	375	18	2	-C
barcode75_consensus_vsearch	184	T	*/+G	662	18	2.63%	2	1	93	93	3.4037971528500647E-6	1	1	290	372	18	0	+G
barcode75_consensus_vsearch	185	A	*/-G	659	17	2.46%	2	2	93	93	6.890691172448822E-6	1	1	290	369	16	1	-G
barcode75_consensus_vsearch	190	A	*/+C	670	9	1.3%	2	1	93	93	0.0019017108625084104	1	1	293	377	9	0	+C
barcode75_consensus_vsearch	191	C	*/-G	662	7	1.01%	2	2	93	93	0.0076902498170032686	1	1	302	360	1	6	-G
barcode75_consensus_vsearch	193	G	*/-A	676	15	2.17%	2	2	93	93	2.8262023367739823E-5	1	1	297	379	14	1	-A
barcode75_consensus_vsearch	200	C	*/-T	662	15	2.17%	2	2	93	93	2.8216696390887653E-5	1	1	300	362	4	11	-T
barcode75_consensus_vsearch	202	T	*/-G	666	8	1.16%	2	2	93	93	0.003825503147506549	1	1	302	364	2	6	-G
barcode75_consensus_vsearch	208	C	*/-T	669	11	1.6%	2	2	93	93	4.687808233562141E-4	1	1	302	367	4	7	-T
barcode75_consensus_vsearch	210	T	*/+C	534	26	3.77%	2	1	93	93	1.1072594634385604E-8	1	1	277	257	0	26	+C
barcode75_consensus_vsearch	210	T	*/-C	534	106	15.38%	2	2	93	93	1.072201650292936E-34	1	1	277	257	21	85	-C
barcode75_consensus_vsearch	210	T	*/-CC	534	10	1.45%	2	2	93	93	9.366536771137194E-4	1	1	277	257	3	7	-C
barcode75_consensus_vsearch	213	C	*/+T	638	11	1.59%	2	1	93	93	4.678616624553052E-4	1	1	300	338	0	11	+T
barcode75_consensus_vsearch	213	C	*/-T	638	30	4.34%	2	2	93	93	6.675583668775695E-10	1	1	300	338	4	26	-T
barcode75_consensus_vsearch	216	A	*/+C	644	11	1.6%	2	1	93	93	4.680462649744882E-4	1	1	270	374	11	0	+C
barcode75_consensus_vsearch	216	A	*/-C	644	17	2.47%	2	2	93	93	6.874583685551155E-6	1	1	270	374	14	3	-C
barcode75_consensus_vsearch	217	C	*/+T	659	7	1.05%	2	1	93	93	0.007689700807880409	1	1	292	367	0	7	+T
barcode75_consensus_vsearch	220	A	*/-CA	661	17	2.48%	2	1	93	93	6.892787088850134E-6	1	1	286	375	17	0	-CA
barcode75_consensus_vsearch	222	A	*/-T	655	8	1.19%	2	2	93	93	0.003824170076316906	1	1	281	374	5	3	-T
barcode75_consensus_vsearch	233	A	*/-GA	670	10	1.45%	2	1	93	93	9.445583754165734E-4	1	1	307	363	0	10	-GA
barcode75_consensus_vsearch	237	T	*/+C	642	10	1.45%	2	2	93	93	9.431977746219286E-4	1	1	297	345	1	9	+C
barcode75_consensus_vsearch	237	T	*/-A	642	15	2.17%	2	2	93	93	2.8148691741811095E-5	1	1	297	345	9	6	-A
barcode75_consensus_vsearch	238	A	*/+G	655	14	2.06%	2	2	93	93	5.698247019721081E-5	1	1	284	371	13	1	+G
barcode75_consensus_vsearch	239	G	*/-A	664	23	3.33%	2	2	93	93	9.88568315540832E-8	1	1	289	375	20	3	-A
barcode75_consensus_vsearch	240	A	*/-G	648	13	1.94%	2	2	93	93	1.1501143944434632E-4	1	1	276	372	12	1	-G
barcode75_consensus_vsearch	245	G	*/+C	670	11	1.59%	2	1	93	93	4.6880909815982715E-4	1	1	309	361	0	11	+C
barcode75_consensus_vsearch	247	T	*/-C	673	15	2.16%	2	2	93	93	2.8252461347411953E-5	1	1	310	363	1	14	-C
barcode75_consensus_vsearch	248	C	*/+G	655	9	1.33%	2	2	93	93	0.0019005577734205698	1	1	306	349	1	8	+G
barcode75_consensus_vsearch	249	G	*/+C	670	9	1.3%	2	1	93	93	0.0019017108625084104	1	1	294	376	9	0	+C
barcode75_consensus_vsearch	250	C	*/+T	670	13	1.89%	2	1	93	93	1.1523436715259954E-4	1	1	308	362	0	13	+T
barcode75_consensus_vsearch	251	C	*/-T	666	14	2.02%	2	1	93	93	5.704647503499751E-5	1	1	309	357	0	14	-T
barcode75_consensus_vsearch	253	A	*/+G	610	19	2.77%	2	2	93	93	1.6615487952633694E-6	1	1	301	309	2	17	+G
barcode75_consensus_vsearch	253	A	*/-G	610	56	8.15%	2	2	93	93	4.151565866856132E-18	1	1	301	309	2	54	-G
barcode75_consensus_vsearch	263	C	*/-TGC	670	11	1.59%	2	2	93	93	4.6880909815982715E-4	1	1	304	366	7	4	-TGC
barcode75_consensus_vsearch	266	C	*/-G	648	10	1.48%	2	1	93	93	9.434989821044166E-4	1	1	305	343	0	10	-G
barcode75_consensus_vsearch	268	G	*/+T	665	9	1.3%	2	1	93	93	0.0019013321613719355	1	1	294	371	9	0	+T
barcode75_consensus_vsearch	268	G	*/-T	665	13	1.88%	2	2	93	93	1.1518494678179604E-4	1	1	294	371	10	3	-T
barcode75_consensus_vsearch	272	C	*/-G	653	16	2.32%	2	2	93	93	1.3935177054806214E-5	1	1	293	360	14	2	-G
barcode75_consensus_vsearch	273	G	*/-A	663	8	1.18%	2	2	93	93	0.003825143895930989	1	1	289	374	7	1	-A
barcode75_consensus_vsearch	276	T	*/+A	670	8	1.16%	2	1	93	93	0.0038259772281954976	1	1	304	366	0	8	+A
barcode75_consensus_vsearch	291	C	*/-G	672	11	1.59%	2	1	93	93	4.6886540252506797E-4	1	1	307	365	0	11	-G
barcode75_consensus_vsearch	297	T	*/-A	658	7	1.01%	2	1	93	93	0.007689516707417525	1	1	292	366	7	0	-A
barcode75_consensus_vsearch	311	G	*/-A	679	7	1.01%	2	2	93	93	0.007693270435678032	1	1	298	381	6	1	-A
barcode75_consensus_vsearch	314	G	*/+T	641	13	1.87%	2	2	93	93	1.149374276796705E-4	1	1	276	365	12	1	+T
barcode75_consensus_vsearch	314	G	*/-T	641	33	4.75%	2	2	93	93	7.792564356459282E-11	1	1	276	365	23	10	-T
barcode75_consensus_vsearch	319	C	*/+A	658	8	1.15%	2	2	93	93	0.00382453798670624	1	1	293	365	7	1	+A
barcode75_consensus_vsearch	319	C	*/-A	658	10	1.44%	2	2	93	93	9.439890893708059E-4	1	1	293	365	9	1	-A
barcode75_consensus_vsearch	321	A	*/+G	586	8	1.16%	2	2	93	93	0.00381468814385855	1	1	247	339	5	3	+G
barcode75_consensus_vsearch	321	A	*/-G	586	66	9.58%	2	2	93	93	2.3960733766944962E-21	1	1	247	339	51	15	-G
barcode75_consensus_vsearch	321	A	*/-GG	586	12	1.74%	2	2	93	93	2.3090902793379252E-4	1	1	247	339	5	7	-G
barcode75_consensus_vsearch	332	A	*/+G	660	8	1.16%	2	1	93	93	0.0038247814334864054	1	1	294	366	0	8	+G
barcode75_consensus_vsearch	332	A	*/-G	660	10	1.45%	2	1	93	93	9.440853725445048E-4	1	1	294	366	10	0	-G
barcode75_consensus_vsearch	333	G	*/-A	665	10	1.47%	2	2	93	93	9.443236086866028E-4	1	1	292	373	5	5	-A
barcode75_consensus_vsearch	335	A	*/-G	673	12	1.73%	2	2	93	93	2.3256292247515707E-4	1	1	298	375	11	1	-G
barcode75_consensus_vsearch	339	C	*/+A	662	10	1.45%	2	2	93	93	9.441810882382281E-4	1	1	287	375	9	1	+A
barcode75_consensus_vsearch	344	C	*/-GC	676	9	1.3%	2	1	93	93	0.0019021580576563692	1	1	300	376	9	0	-GC
barcode75_consensus_vsearch	347	A	*/+T	661	10	1.45%	2	1	93	93	9.441333010107843E-4	1	1	300	361	0	10	+T
barcode75_consensus_vsearch	349	T	*/-A	655	10	1.45%	2	2	93	93	9.438435895070222E-4	1	1	300	355	8	2	-A
barcode75_consensus_vsearch	350	A	*/+G	553	9	1.33%	2	2	93	93	0.0018910984026092464	1	1	288	265	4	5	+G
barcode75_consensus_vsearch	350	A	*/-G	553	88	13%	2	2	93	93	1.3071785502806448E-28	1	1	288	265	3	85	-G
barcode75_consensus_vsearch	350	A	*/-GG	553	7	1.03%	2	1	93	93	0.00766654042031271	1	1	288	265	0	7	-G
barcode75_consensus_vsearch	352	G	*/+T	620	8	1.18%	2	1	93	93	0.0038196194281571397	1	1	309	311	0	8	+T
barcode75_consensus_vsearch	354	C	*/-G	515	14	2.06%	2	1	93	93	5.594251257023409E-5	1	1	306	209	0	14	-G
barcode75_consensus_vsearch	354	C	*/-GC	515	13	1.91%	2	2	93	93	1.13278229476532E-4	1	1	306	209	1	12	-G
barcode75_consensus_vsearch	354	C	*/-GCTCC	515	10	1.47%	2	1	93	93	9.352274155228977E-4	1	1	306	209	0	10	-G
barcode75_consensus_vsearch	355	G	*/+C	598	14	2.16%	2	2	93	93	5.661494177774471E-5	1	1	304	294	1	13	+C
barcode75_consensus_vsearch	355	G	*/+TG	598	7	1.08%	2	1	93	93	0.007677360682574865	1	1	304	294	0	7	+C
barcode75_consensus_vsearch	356	C	*/+T	553	42	6.35%	2	1	93	93	1.0742127642694912E-13	1	1	311	242	0	42	+T
barcode75_consensus_vsearch	356	C	*/-T	553	20	3.03%	2	1	93	93	8.056503478234861E-7	1	1	311	242	0	20	+T
barcode75_consensus_vsearch	356	C	*/-TC	553	21	3.18%	2	2	93	93	3.958011952909368E-7	1	1	311	242	1	20	-TC
barcode75_consensus_vsearch	357	T	*/-C	536	43	6.72%	2	2	93	93	5.0589770908861775E-14	1	1	305	231	3	40	-C
barcode75_consensus_vsearch	357	T	*/-CCT	536	48	7.5%	2	2	93	93	1.2978600459022854E-15	1	1	305	231	1	47	-CCT
barcode75_consensus_vsearch	359	C	*/+T	579	14	2.22%	2	1	93	93	5.647716467319973E-5	1	1	311	268	0	14	+T
barcode75_consensus_vsearch	359	C	*/-T	579	7	1.11%	2	1	93	93	0.007672994124905477	1	1	311	268	0	7	+T
barcode75_consensus_vsearch	368	C	*/+G	667	14	2.02%	2	1	93	93	5.7052193589098875E-5	1	1	290	377	14	0	+G
barcode75_consensus_vsearch	369	A	*/-G	651	25	3.62%	2	2	93	93	2.3773816520740582E-8	1	1	286	365	16	9	-G
barcode75_consensus_vsearch	371	G	*/+C	399	33	4.76%	2	2	93	93	6.168283252728148E-11	1	1	239	160	19	14	+C
barcode75_consensus_vsearch	371	G	*/-C	399	148	21.36%	2	2	93	93	2.728171405516335E-50	1	1	239	160	44	104	-C
barcode75_consensus_vsearch	371	G	*/-CC	399	86	12.41%	2	2	93	93	2.060582984397929E-28	1	1	239	160	7	79	-C
barcode75_consensus_vsearch	371	G	*/-CCC	399	18	2.6%	2	1	93	93	3.1628131219989704E-6	1	1	239	160	0	18	-C
barcode75_consensus_vsearch	376	C	*/-T	657	36	5.18%	2	2	93	93	9.12643421336473E-12	1	1	311	346	2	34	-T
barcode75_consensus_vsearch	378	C	*/-T	679	9	1.3%	2	2	93	93	0.0019023787507757343	1	1	311	368	2	7	-T
barcode75_consensus_vsearch	379	T	*/-CT	607	63	9.24%	2	2	93	93	2.3491467878032384E-20	1	1	290	317	15	48	-CT
barcode75_consensus_vsearch	391	A	*/-T	646	32	4.62%	2	2	93	93	1.600994451617234E-10	1	1	297	349	5	27	-T
barcode75_consensus_vsearch	394	T	*/-C	608	76	10.97%	2	2	93	93	1.4572807110045133E-24	1	1	288	320	21	55	-C
barcode75_consensus_vsearch	396	C	*/+G	660	11	1.59%	2	2	93	93	4.6852260658310105E-4	1	1	304	356	1	10	+G
barcode75_consensus_vsearch	397	G	*/-A	666	17	2.47%	2	2	93	93	6.897975257142411E-6	1	1	289	377	15	2	-A
barcode75_consensus_vsearch	398	A	*/+G	639	14	2.07%	2	2	93	93	5.688561929058274E-5	1	1	279	360	3	11	+G
barcode75_consensus_vsearch	398	A	*/-G	639	16	2.37%	2	2	93	93	1.3907852182059398E-5	1	1	279	360	11	5	-G
barcode75_consensus_vsearch	400	G	*/+C	680	8	1.15%	2	2	93	93	0.0038271384280311226	1	1	300	380	7	1	+C
barcode75_consensus_vsearch	401	C	*/+T	676	12	1.73%	2	1	93	93	2.3261261192221447E-4	1	1	309	367	0	12	+T
barcode75_consensus_vsearch	402	C	*/-T	679	7	1.01%	2	1	93	93	0.007693270435678032	1	1	310	369	0	7	-T
barcode75_consensus_vsearch	413	T	*/+G	679	7	1.01%	2	1	93	93	0.007693270435678032	1	1	309	370	0	7	+G
barcode75_consensus_vsearch	415	C	*/-G	669	10	1.44%	2	1	93	93	9.445116959819608E-4	1	1	299	370	10	0	-G
barcode75_consensus_vsearch	418	C	*/+T	655	10	1.44%	2	1	93	93	9.438435895070222E-4	1	1	276	379	10	0	+T
barcode75_consensus_vsearch	421	C	*/+A	670	12	1.74%	2	2	93	93	2.325128029022739E-4	1	1	292	378	11	1	+A
barcode75_consensus_vsearch	428	A	*/+T	663	7	1.01%	2	1	93	93	0.007690431730786377	1	1	297	366	0	7	+T
barcode75_consensus_vsearch	429	C	*/-T	660	21	3.03%	2	2	93	93	4.0773921541866735E-7	1	1	290	370	16	5	-T
barcode75_consensus_vsearch	440	T	*/-C	658	30	4.32%	2	2	93	93	6.741954926874045E-10	1	1	283	375	29	1	-C
barcode75_consensus_vsearch	442	C	*/-T	685	7	1.01%	2	2	93	93	0.007694301206193144	1	1	309	376	3	4	-T
barcode75_consensus_vsearch	443	T	*/-G	634	25	3.64%	2	2	93	93	2.363299003189265E-8	1	1	301	333	4	21	-G
barcode75_consensus_vsearch	453	T	*/-C	625	64	9.24%	2	2	93	93	1.168852529933945E-20	1	1	263	362	48	16	-C
barcode75_consensus_vsearch	456	C	*/-T	650	26	3.74%	2	2	93	93	1.1662965000056995E-8	1	1	301	349	4	22	-T
barcode75_consensus_vsearch	458	T	*/-G	650	8	1.17%	2	2	93	93	0.0038235494745854515	1	1	299	351	1	7	-G
barcode75_consensus_vsearch	458	T	*/-GG	650	11	1.6%	2	1	93	93	4.682275600724391E-4	1	1	299	351	0	11	-GG
barcode75_consensus_vsearch	465	G	*/-TCAG	670	8	1.16%	2	1	93	93	0.0038259772281954976	1	1	306	364	0	8	-TCAG
barcode75_consensus_vsearch	469	G	*/-CG	643	16	2.37%	2	1	93	93	1.3915773653870171E-5	1	1	300	343	0	16	-CG
barcode75_consensus_vsearch	470	C	*/-GT	653	12	1.79%	2	1	93	93	2.3222039104347212E-4	1	1	308	345	0	12	-GT
barcode75_consensus_vsearch	483	A	*/-G	671	8	1.16%	2	2	93	93	0.0038260948798600684	1	1	299	372	3	5	-G
barcode75_consensus_vsearch	487	A	*/+C	669	11	1.6%	2	2	93	93	4.687808233562141E-4	1	1	301	368	5	6	+C
barcode75_consensus_vsearch	488	C	*/+T	657	24	3.47%	2	1	93	93	4.849797143942603E-8	1	1	306	351	0	24	+T
barcode75_consensus_vsearch	499	T	*/-A	668	8	1.16%	2	2	93	93	0.003825740885727296	1	1	297	371	7	1	-A
barcode75_consensus_vsearch	501	G	*/-C	677	9	1.3%	2	2	93	93	0.001902231834999292	1	1	303	374	4	5	-C
barcode75_consensus_vsearch	503	C	*/+A	667	12	1.73%	2	2	93	93	2.3246224759388483E-4	1	1	295	372	11	1	+A
barcode75_consensus_vsearch	504	G	*/-A	674	15	2.17%	2	2	93	93	2.8255657678475353E-5	1	1	297	377	13	2	-A
barcode75_consensus_vsearch	507	T	*/-C	672	11	1.59%	2	2	93	93	4.6886540252506797E-4	1	1	305	367	4	7	-C
barcode75_consensus_vsearch	508	C	*/+T	616	11	1.61%	2	1	93	93	4.671549767250724E-4	1	1	307	309	0	11	+T
barcode75_consensus_vsearch	508	C	*/-T	616	56	8.19%	2	2	93	93	4.198518480864194E-18	1	1	307	309	1	55	-T
barcode75_consensus_vsearch	510	T	*/-AGC	659	9	1.3%	2	1	93	93	0.0019008702907401438	1	1	296	363	9	0	-AGC
barcode75_consensus_vsearch	516	C	*/+T	645	10	1.44%	2	2	93	93	9.433490611852128E-4	1	1	294	351	7	3	+T
barcode75_consensus_vsearch	516	C	*/-T	645	19	2.74%	2	2	93	93	1.6738487456470905E-6	1	1	294	351	2	17	-T
barcode75_consensus_vsearch	519	T	*/+C	544	15	2.16%	2	2	93	93	2.774757209422799E-5	1	1	280	264	2	13	+C
barcode75_consensus_vsearch	519	T	*/-C	544	126	18.13%	2	2	93	93	1.774832832001675E-41	1	1	280	264	27	99	-C
barcode75_consensus_vsearch	522	C	*/+T	647	16	2.31%	2	1	93	93	1.3923602834538202E-5	1	1	305	342	0	16	+T
barcode75_consensus_vsearch	522	C	*/-T	647	17	2.45%	2	2	93	93	6.877861083672365E-6	1	1	305	342	1	16	-T
barcode75_consensus_vsearch	531	G	*/-C	674	10	1.44%	2	2	93	93	9.447437414487541E-4	1	1	295	379	7	3	-C
barcode75_consensus_vsearch	533	C	*/-A	645	38	5.47%	2	2	93	93	2.1429637761000486E-12	1	1	286	359	21	17	-A
barcode75_consensus_vsearch	535	A	*/-G	670	13	1.88%	2	2	93	93	1.1523436715259954E-4	1	1	307	363	3	10	-G
barcode75_consensus_vsearch	538	A	*/+T	664	19	2.75%	2	1	93	93	1.6800246922345896E-6	1	1	311	353	0	19	+T
barcode75_consensus_vsearch	541	C	*/-GC	628	30	4.35%	2	2	93	93	6.641110774062319E-10	1	1	283	345	10	20	-GC
barcode75_consensus_vsearch	543	C	*/+A	633	9	1.37%	2	1	93	93	0.0018987698408519942	1	1	283	350	9	0	+A
barcode75_consensus_vsearch	544	A	*/+G	664	12	1.74%	2	2	93	93	2.3241125084344218E-4	1	1	289	375	10	2	+G
barcode75_consensus_vsearch	546	A	*/-G	620	46	6.67%	2	1	93	93	6.355560328575197E-15	1	1	258	362	46	0	-G
barcode75_consensus_vsearch	546	A	*/-GA	620	16	2.32%	2	1	93	93	1.3868913294628833E-5	1	1	258	362	0	16	-G
barcode75_consensus_vsearch	550	G	*/-C	656	11	1.61%	2	2	93	93	4.684056358370776E-4	1	1	283	373	7	4	-C
barcode75_consensus_vsearch	551	C	*/+T	656	8	1.19%	2	2	93	93	0.0038242930806613286	1	1	289	367	1	7	+T
barcode75_consensus_vsearch	552	C	*/+T	637	13	1.88%	2	1	93	93	1.1489443442884281E-4	1	1	283	354	0	13	+T
barcode75_consensus_vsearch	552	C	*/-T	637	16	2.32%	2	2	93	93	1.3903856325890484E-5	1	1	283	354	4	12	-T
barcode75_consensus_vsearch	552	C	*/-TT	637	8	1.16%	2	2	93	93	0.003821891110634261	1	1	283	354	7	1	-T
barcode75_consensus_vsearch	554	T	*/+G	642	12	1.76%	2	2	93	93	2.3202321849392826E-4	1	1	282	360	3	9	+G
barcode75_consensus_vsearch	558	A	*/-T	672	12	1.74%	2	1	93	93	2.325462640181359E-4	1	1	308	364	0	12	-T
barcode75_consensus_vsearch	560	T	*/-C	632	25	3.6%	2	2	93	93	2.3615990622838137E-8	1	1	303	329	2	23	-C
barcode75_consensus_vsearch	560	T	*/-CAA	632	25	3.6%	2	1	93	93	2.3615990622838137E-8	1	1	303	329	0	25	-C
barcode75_consensus_vsearch	561	C	*/-A	601	14	2.17%	2	2	93	93	5.663593861785446E-5	1	1	303	298	2	12	-A
barcode75_consensus_vsearch	561	C	*/-AA	601	21	3.26%	2	1	93	93	4.016288106728523E-7	1	1	303	298	0	21	-AA
barcode75_consensus_vsearch	570	A	*/+G	607	46	6.63%	2	1	93	93	6.2508977719845795E-15	1	1	292	315	0	46	+G
barcode75_consensus_vsearch	570	A	*/-G	607	24	3.46%	2	2	93	93	4.76970690087785E-8	1	1	292	315	5	19	+G
barcode75_consensus_vsearch	577	C	*/-G	639	7	1.01%	2	1	93	93	0.007685910844300112	1	1	265	374	7	0	-G
barcode75_consensus_vsearch	577	C	*/-GC	639	28	4.03%	2	1	93	93	2.7893283874341507E-9	1	1	265	374	28	0	-GC
barcode75_consensus_vsearch	579	C	*/-T	628	14	2.1%	2	2	93	93	5.681630536571705E-5	1	1	258	370	7	7	-T
barcode75_consensus_vsearch	579	C	*/-TT	628	8	1.2%	2	1	93	93	0.003820703504447891	1	1	258	370	8	0	-T
barcode75_consensus_vsearch	581	T	*/-A	650	9	1.32%	2	2	93	93	0.0019001618307603737	1	1	277	373	8	1	-A
barcode75_consensus_vsearch	582	A	*/+G	583	17	2.49%	2	2	93	93	6.801147833448181E-6	1	1	283	300	1	16	+G
barcode75_consensus_vsearch	582	A	*/-G	583	73	10.69%	2	2	93	93	1.26908096183257E-23	1	1	283	300	15	58	-G
barcode75_consensus_vsearch	589	A	*/+C	670	9	1.3%	2	1	93	93	0.0019017108625084104	1	1	302	368	0	9	+C
barcode75_consensus_vsearch	591	T	*/+C	663	15	2.17%	2	2	93	93	2.821999433004045E-5	1	1	309	354	1	14	+C
barcode75_consensus_vsearch	593	A	*/+C	621	19	2.76%	2	2	93	93	1.665551633194227E-6	1	1	286	335	5	14	+C
barcode75_consensus_vsearch	593	A	*/-C	621	35	5.09%	2	2	93	93	1.8266336399528995E-11	1	1	286	335	17	18	-C
barcode75_consensus_vsearch	594	C	*/+T	641	10	1.53%	2	1	93	93	9.431470390590508E-4	1	1	293	348	0	10	+T
barcode75_consensus_vsearch	616	C	*/-A	679	7	1.01%	2	1	93	93	0.007693270435678032	1	1	303	376	7	0	-A
barcode75_consensus_vsearch	617	A	*/-G	610	52	7.59%	2	2	93	93	7.8300234375996E-17	1	1	285	325	3	49	-G
barcode75_consensus_vsearch	623	C	*/+T	617	21	3.02%	2	2	93	93	4.0338990676079995E-7	1	1	307	310	1	20	+T
barcode75_consensus_vsearch	623	C	*/-T	617	52	7.48%	2	2	93	93	7.919392168027794E-17	1	1	307	310	2	50	-T
barcode75_consensus_vsearch	628	T	*/+C	660	7	1.02%	2	2	93	93	0.007689884357994092	1	1	292	368	4	3	+C
barcode75_consensus_vsearch	628	T	*/-C	660	12	1.75%	2	2	93	93	2.323425584393901E-4	1	1	292	368	10	2	-C
barcode75_consensus_vsearch	634	T	*/+C	656	25	3.62%	2	2	93	93	2.3814026334653664E-8	1	1	282	374	21	4	+C
barcode75_consensus_vsearch	641	T	*/-C	648	28	4.04%	2	2	93	93	2.8003197502769633E-9	1	1	283	365	17	11	-C
barcode75_consensus_vsearch	641	T	*/-CC	648	9	1.3%	2	2	93	93	0.0019000017786656748	1	1	283	365	7	2	-C
barcode75_consensus_vsearch	644	C	*/-G	664	11	1.59%	2	2	93	93	4.686382087901511E-4	1	1	306	358	2	9	-G
barcode75_consensus_vsearch	648	T	*/-C	668	16	2.31%	2	2	93	93	1.396325388941075E-5	1	1	307	361	1	15	-C
barcode75_consensus_vsearch	655	A	*/+G	677	7	1.01%	2	1	93	93	0.007692922838799737	1	1	303	374	7	0	+G
barcode75_consensus_vsearch	659	T	*/-A	675	10	1.44%	2	1	93	93	9.447897479611806E-4	1	1	300	375	10	0	-A
barcode75_consensus_vsearch	660	A	*/+T	637	13	1.9%	2	2	93	93	1.1489443442884281E-4	1	1	274	363	4	9	+T
barcode75_consensus_vsearch	660	A	*/-T	637	27	3.95%	2	2	93	93	5.6892848237690005E-9	1	1	274	363	23	4	-T
barcode75_consensus_vsearch	672	C	*/-A	675	13	1.88%	2	1	93	93	1.1528308332773016E-4	1	1	296	379	13	0	-A
barcode75_consensus_vsearch	673	A	*/-C	666	9	1.32%	2	2	93	93	0.0019014083472220235	1	1	288	378	7	2	-C
barcode75_consensus_vsearch	675	C	*/-A	678	9	1.29%	2	2	93	93	0.0019023053990612246	1	1	301	377	8	1	-A
barcode75_consensus_vsearch	679	A	*/-T	674	10	1.45%	2	1	93	93	9.447437414487541E-4	1	1	309	365	0	10	-T
barcode75_consensus_vsearch	681	C	*/-G	674	10	1.45%	2	1	93	93	9.447437414487541E-4	1	1	307	367	0	10	-G
barcode75_consensus_vsearch	685	A	*/+C	659	15	2.16%	2	1	93	93	2.8206745551059783E-5	1	1	303	356	0	15	+C
barcode75_consensus_vsearch	687	T	*/+C	580	12	1.74%	2	1	93	93	2.3077737978553087E-4	1	1	289	291	0	12	+C
barcode75_consensus_vsearch	687	T	*/-A	580	22	3.18%	2	2	93	93	1.9610854436768667E-7	1	1	289	291	18	4	-A
barcode75_consensus_vsearch	689	G	*/-A	679	12	1.73%	2	1	93	93	2.3266187675392302E-4	1	1	299	380	12	0	-A
barcode75_consensus_vsearch	690	A	*/-G	648	18	2.65%	2	2	93	93	3.3955434535437574E-6	1	1	275	373	12	6	-G
barcode75_consensus_vsearch	696	C	*/-T	665	9	1.3%	2	1	93	93	0.0019013321613719355	1	1	308	357	0	9	-T
barcode75_consensus_vsearch	697	T	*/+C	632	8	1.17%	2	2	93	93	0.003821235431789916	1	1	267	365	3	5	+C
barcode75_consensus_vsearch	697	T	*/-C	632	40	5.86%	2	1	93	93	5.001297825048247E-13	1	1	267	365	40	0	-C
barcode75_consensus_vsearch	706	G	*/+C	674	13	1.88%	2	1	93	93	1.1527339570506947E-4	1	1	311	363	0	13	+C
barcode75_consensus_vsearch	708	T	*/-C	675	10	1.44%	2	1	93	93	9.447897479611806E-4	1	1	309	366	0	10	-C
barcode75_consensus_vsearch	712	G	*/-CG	659	33	4.76%	2	2	93	93	7.876348746982557E-11	1	1	295	364	15	18	-CG
barcode75_consensus_vsearch	716	C	*/+A	666	8	1.15%	2	1	93	93	0.003825503147506549	1	1	296	370	8	0	+A
barcode75_consensus_vsearch	716	C	*/-A	666	9	1.29%	2	2	93	93	0.0019014083472220235	1	1	296	370	2	7	-A
barcode75_consensus_vsearch	721	C	*/-T	681	10	1.44%	2	1	93	93	9.450630174371408E-4	1	1	312	369	0	10	-T
barcode75_consensus_vsearch	723	T	*/+C	678	7	1.01%	2	2	93	93	0.007693096890205231	1	1	311	367	2	5	+C
barcode75_consensus_vsearch	724	C	*/-TC	628	56	8.13%	2	1	93	93	4.291372057060517E-18	1	1	313	315	0	56	-TC
barcode75_consensus_vsearch	725	T	*/+C	587	43	6.73%	2	1	93	93	5.414216631870164E-14	1	1	268	319	43	0	+C
barcode75_consensus_vsearch	729	C	*/+A	660	8	1.16%	2	2	93	93	0.0038247814334864054	1	1	301	359	1	7	+A
barcode75_consensus_vsearch	729	C	*/-A	660	11	1.59%	2	2	93	93	4.6852260658310105E-4	1	1	301	359	5	6	-A
barcode75_consensus_vsearch	736	A	*/+C	659	11	1.58%	2	1	93	93	4.6849349314201534E-4	1	1	304	355	0	11	+C
barcode75_consensus_vsearch	736	A	*/-C	659	16	2.3%	2	2	93	93	1.3946552470363115E-5	1	1	304	355	2	14	-C
barcode75_consensus_vsearch	741	C	*/-AC	674	11	1.6%	2	1	93	93	4.6892138226090437E-4	1	1	296	378	11	0	-AC
barcode75_consensus_vsearch	744	G	*/+C	615	24	3.47%	2	2	93	93	4.783285297089E-8	1	1	298	317	6	18	+C
barcode75_consensus_vsearch	744	G	*/-C	615	44	6.36%	2	2	93	93	2.7055884993726905E-14	1	1	298	317	6	38	-C
barcode75_consensus_vsearch	745	C	*/+T	589	47	7.29%	2	1	93	93	2.9404374244359528E-15	1	1	304	285	0	47	+T
barcode75_consensus_vsearch	748	T	*/+C	632	13	1.88%	2	2	93	93	1.14839958722426E-4	1	1	277	355	8	5	+C
barcode75_consensus_vsearch	748	T	*/-C	632	25	3.62%	2	2	93	93	2.3615990622838137E-8	1	1	277	355	20	5	-C
barcode75_consensus_vsearch	748	T	*/-CCT	632	12	1.74%	2	1	93	93	2.3183822520556E-4	1	1	277	355	0	12	-C
barcode75_consensus_vsearch	750	C	*/+T	654	19	2.78%	2	2	93	93	1.6768154339369052E-6	1	1	311	343	1	18	+T
barcode75_consensus_vsearch	752	A	*/-C	669	7	1.01%	2	2	93	93	0.007691511945153724	1	1	300	369	1	6	-C
barcode75_consensus_vsearch	753	C	*/-T	657	21	3.07%	2	1	93	93	4.0745252283253916E-7	1	1	309	348	0	21	-T
barcode75_consensus_vsearch	754	T	*/+C	642	13	1.94%	2	2	93	93	1.1494809564029318E-4	1	1	295	347	7	6	+C
barcode75_consensus_vsearch	769	C	*/-G	672	17	2.45%	2	1	93	93	6.904105478144287E-6	1	1	311	361	0	17	-G
barcode75_consensus_vsearch	781	A	*/-T	667	14	2.02%	2	2	93	93	5.7052193589098875E-5	1	1	290	377	13	1	-T
barcode75_consensus_vsearch	783	G	*/+C	643	17	2.49%	2	1	93	93	6.873484863920601E-6	1	1	276	367	17	0	+C
barcode75_consensus_vsearch	783	G	*/-C	643	8	1.17%	2	1	93	93	0.0038226646977705283	1	1	276	367	0	8	+C
barcode75_consensus_vsearch	785	A	*/-T	668	9	1.31%	2	1	93	93	0.0019015600485241956	1	1	300	368	0	9	-T
barcode75_consensus_vsearch	786	T	*/+C	656	14	2.07%	2	1	93	93	5.6988373543466325E-5	1	1	288	368	14	0	+C
barcode75_consensus_vsearch	794	A	*/+G	652	9	1.3%	2	1	93	93	0.0019003209213852956	1	1	292	360	0	9	+G
barcode75_consensus_vsearch	794	A	*/-G	652	13	1.88%	2	2	93	93	1.1505304654887658E-4	1	1	292	360	3	10	-G
barcode75_consensus_vsearch	797	C	*/-TTA	670	7	1.01%	2	1	93	93	0.007691690124933204	1	1	300	370	7	0	-TTA
barcode75_consensus_vsearch	799	T	*/-A	630	36	5.26%	2	2	93	93	8.950758898611575E-12	1	1	270	360	26	10	-A
barcode75_consensus_vsearch	799	T	*/-AA	630	7	1.02%	2	1	93	93	0.007684127964298881	1	1	270	360	0	7	-A
barcode75_consensus_vsearch	811	A	*/+T	628	22	3.17%	2	2	93	93	1.9900678009530383E-7	1	1	263	365	18	4	+T
barcode75_consensus_vsearch	811	A	*/+TT	628	8	1.15%	2	1	93	93	0.003820703504447891	1	1	263	365	8	0	+T
barcode75_consensus_vsearch	811	A	*/-T	628	31	4.47%	2	2	93	93	3.2449163121603595E-10	1	1	263	365	21	10	-T
barcode75_consensus_vsearch	815	T	*/+C	663	16	2.3%	2	1	93	93	1.3954028146995765E-5	1	1	288	375	16	0	+C
barcode75_consensus_vsearch	817	A	*/+G	646	12	1.73%	2	2	93	93	2.320956676477089E-4	1	1	294	352	4	8	+G
barcode75_consensus_vsearch	817	A	*/-G	646	18	2.59%	2	1	93	93	3.3943372396230837E-6	1	1	294	352	0	18	-G
barcode75_consensus_vsearch	824	A	*/-G	683	7	1.01%	2	2	93	93	0.007693959601990333	1	1	307	376	2	5	-G
barcode75_consensus_vsearch	826	C	*/+G	674	8	1.16%	2	1	93	93	0.0038264457747110613	1	1	310	364	0	8	+G
barcode75_consensus_vsearch	829	T	*/+C	668	16	2.32%	2	1	93	93	1.396325388941075E-5	1	1	311	357	0	16	+C
barcode75_consensus_vsearch	830	T	*/-C	670	17	2.45%	2	1	93	93	6.902073510908124E-6	1	1	311	359	0	17	-C
barcode75_consensus_vsearch	838	T	*/-A	662	12	1.73%	2	1	93	93	2.32377004901458E-4	1	1	294	368	12	0	-A
barcode75_consensus_vsearch	838	T	*/-AA	662	9	1.3%	2	2	93	93	0.0019011022511233608	1	1	294	368	1	8	-A
barcode75_consensus_vsearch	850	C	*/-AC	585	103	14.84%	2	2	93	93	1.586977577454879E-33	1	1	211	374	101	2	-AC
barcode75_consensus_vsearch	852	C	*/+T	565	7	1.19%	2	2	93	93	0.007669591697725923	1	1	208	357	1	6	+T
barcode75_consensus_vsearch	852	C	*/-T	565	9	1.53%	2	1	93	93	0.0018923842920326984	1	1	208	357	0	9	-T
barcode75_consensus_vsearch	854	T	*/-C	642	7	1.01%	2	1	93	93	0.0076864941835295955	1	1	311	331	0	7	-C
barcode75_consensus_vsearch	854	T	*/-CT	642	33	4.75%	2	1	93	93	7.797315162977156E-11	1	1	311	331	0	33	-CT
barcode75_consensus_vsearch	855	C	*/-T	626	20	3.06%	2	1	93	93	8.213949315900355E-7	1	1	312	314	0	20	-T
barcode75_consensus_vsearch	860	C	*/-G	636	33	4.85%	2	2	93	93	7.768636030296709E-11	1	1	278	358	20	13	-G
barcode75_consensus_vsearch	869	A	*/-CT	663	8	1.16%	2	1	93	93	0.003825143895930989	1	1	300	363	0	8	-CT
barcode75_consensus_vsearch	870	C	*/-T	662	15	2.2%	2	2	93	93	2.8216696390887653E-5	1	1	303	359	8	7	-T
barcode75_consensus_vsearch	872	T	*/-C	647	31	4.48%	2	2	93	93	3.278698065526371E-10	1	1	296	351	7	24	-C
barcode75_consensus_vsearch	885	T	*/-C	674	13	1.87%	2	1	93	93	1.1527339570506947E-4	1	1	298	376	13	0	-C
barcode75_consensus_vsearch	904	C	*/+G	654	8	1.15%	2	1	93	93	0.0038240467022021517	1	1	311	343	0	8	+G
barcode75_consensus_vsearch	908	G	*/-C	670	10	1.45%	2	2	93	93	9.445583754165734E-4	1	1	304	366	3	7	-C
barcode75_consensus_vsearch	909	C	*/+T	667	10	1.47%	2	1	93	93	9.444179274457236E-4	1	1	305	362	0	10	+T
barcode75_consensus_vsearch	910	C	*/+T	518	27	3.91%	2	2	93	93	5.355990059629149E-9	1	1	251	267	19	8	+T
barcode75_consensus_vsearch	910	C	*/+TT	518	7	1.01%	2	2	93	93	0.007656847224773479	1	1	251	267	4	3	+T
barcode75_consensus_vsearch	910	C	*/-T	518	98	14.18%	2	2	93	93	4.7569987924585415E-32	1	1	251	267	22	76	-T
barcode75_consensus_vsearch	910	C	*/-TT	518	29	4.2%	2	2	93	93	1.2724071304464393E-9	1	1	251	267	8	21	-T
barcode75_consensus_vsearch	926	G	*/-C	667	19	2.73%	2	1	93	93	1.6809701425482997E-6	1	1	287	380	19	0	-C
barcode75_consensus_vsearch	929	T	*/+G	660	12	1.74%	2	1	93	93	2.323425584393901E-4	1	1	296	364	12	0	+G
barcode75_consensus_vsearch	930	A	*/-G	667	12	1.74%	2	1	93	93	2.3246224759388483E-4	1	1	295	372	12	0	-G
barcode75_consensus_vsearch	933	C	*/+T	645	13	1.87%	2	2	93	93	1.1497990897257455E-4	1	1	304	341	3	10	+T
barcode75_consensus_vsearch	933	C	*/-T	645	27	3.88%	2	2	93	93	5.707952499115521E-9	1	1	304	341	3	24	-T
barcode75_consensus_vsearch	936	T	*/-G	667	9	1.3%	2	2	93	93	0.0019014843092738523	1	1	308	359	1	8	-G
barcode75_consensus_vsearch	939	C	*/+A	671	13	1.88%	2	1	93	93	1.152441662388416E-4	1	1	310	361	0	13	+A
barcode75_consensus_vsearch	941	C	*/+AC	656	7	1.02%	2	1	93	93	0.007689146845504986	1	1	308	348	0	7	+AC
barcode75_consensus_vsearch	941	C	*/+T	656	7	1.02%	2	1	93	93	0.007689146845504986	1	1	308	348	0	7	+AC
barcode75_consensus_vsearch	942	C	*/+T	637	20	2.88%	2	2	93	93	8.234821580152538E-7	1	1	307	330	1	19	+T
barcode75_consensus_vsearch	942	C	*/-T	637	19	2.74%	2	2	93	93	1.6711469450920849E-6	1	1	307	330	2	17	+T
barcode75_consensus_vsearch	955	T	*/+C	678	7	1.01%	2	2	93	93	0.007693096890205231	1	1	306	372	5	2	+C
barcode75_consensus_vsearch	956	C	*/-G	674	7	1.01%	2	1	93	93	0.007692397626735055	1	1	308	366	0	7	-G
barcode75_consensus_vsearch	960	T	*/+G	675	9	1.3%	2	1	93	93	0.0019020840661164082	1	1	313	362	0	9	+G
barcode75_consensus_vsearch	963	T	*/+C	637	10	1.45%	2	2	93	93	9.429425445076251E-4	1	1	278	359	5	5	+C
barcode75_consensus_vsearch	963	T	*/-C	637	35	5.07%	2	2	93	93	1.8475497551296516E-11	1	1	278	359	28	7	-C
barcode75_consensus_vsearch	966	C	*/-GC	609	9	1.29%	2	2	93	93	0.0018966753221652782	1	1	302	307	1	8	-GC
barcode75_consensus_vsearch	981	G	*/+C	670	9	1.3%	2	2	93	93	0.0019017108625084104	1	1	296	374	8	1	+C
barcode75_consensus_vsearch	982	C	*/+T	630	10	1.45%	2	2	93	93	9.425785918033E-4	1	1	272	358	5	5	+T
barcode75_consensus_vsearch	982	C	*/-T	630	26	3.78%	2	2	93	93	1.157444031286644E-8	1	1	272	358	19	7	-T
barcode75_consensus_vsearch	984	T	*/-A	642	31	4.51%	2	1	93	93	3.269963921539479E-10	1	1	266	376	31	0	-A
barcode75_consensus_vsearch	985	A	*/-C	632	14	2.13%	2	2	93	93	5.684177662567893E-5	1	1	261	371	6	8	-C
barcode75_consensus_vsearch	987	C	*/+A	564	34	4.93%	2	2	93	93	3.5922707703828986E-11	1	1	277	287	3	31	+A
barcode75_consensus_vsearch	987	C	*/-A	564	64	9.29%	2	2	93	93	9.989173578475645E-21	1	1	277	287	17	47	-A
barcode75_consensus_vsearch	995	G	*/-C	670	11	1.6%	2	2	93	93	4.6880909815982715E-4	1	1	293	377	9	2	-C
barcode75_consensus_vsearch	996	C	*/+T	668	7	1.03%	2	1	93	93	0.00769133323902577	1	1	301	367	0	7	+T
barcode75_consensus_vsearch	998	C	*/-AC	675	15	2.16%	2	1	93	93	2.8258845005867144E-5	1	1	296	379	15	0	-AC
barcode75_consensus_vsearch	1000	C	*/-T	659	7	1.04%	2	1	93	93	0.007689700807880409	1	1	291	368	0	7	-T
barcode75_consensus_vsearch	1006	T	*/-C	664	17	2.45%	2	2	93	93	6.895908777036158E-6	1	1	296	368	15	2	-C
barcode75_consensus_vsearch	1013	A	*/+T	617	32	4.62%	2	1	93	93	1.57376424571207E-10	1	1	258	359	32	0	+T
barcode75_consensus_vsearch	1013	A	*/-T	617	33	4.76%	2	2	93	93	7.674978057416284E-11	1	1	258	359	17	16	-T
barcode75_consensus_vsearch	1017	T	*/+C	634	17	2.45%	2	1	93	93	6.86344973136385E-6	1	1	303	331	0	17	+C
barcode75_consensus_vsearch	1017	T	*/-C	634	32	4.61%	2	2	93	93	1.5899652239728695E-10	1	1	303	331	6	26	-C
barcode75_consensus_vsearch	1024	G	*/-TG	672	15	2.17%	2	2	93	93	2.8249255974551705E-5	1	1	307	365	1	14	-TG
barcode75_consensus_vsearch	1029	A	*/-CA	667	12	1.74%	2	1	93	93	2.3246224759388483E-4	1	1	308	359	0	12	-CA
barcode75_consensus_vsearch	1030	C	*/+A	646	14	2.07%	2	2	93	93	5.692855503641145E-5	1	1	286	360	13	1	+A
barcode75_consensus_vsearch	1030	C	*/-A	646	10	1.48%	2	2	93	93	9.4339918564782E-4	1	1	286	360	8	2	+A
barcode75_consensus_vsearch	1044	C	*/-G	642	39	5.63%	2	2	93	93	1.0390668705445428E-12	1	1	302	340	2	37	-G
barcode75_consensus_vsearch	1054	C	*/+A	661	7	1.02%	2	1	93	93	0.0076900673602228325	1	1	289	372	7	0	+A
barcode75_consensus_vsearch	1054	C	*/+AC	661	8	1.16%	2	2	93	93	0.00382490261371978	1	1	289	372	7	1	+AC
barcode75_consensus_vsearch	1056	C	*/-A	666	12	1.74%	2	2	93	93	2.3244529801020794E-4	1	1	308	358	2	10	-A
barcode75_consensus_vsearch	1060	T	*/-C	666	15	2.16%	2	2	93	93	2.8229831694370956E-5	1	1	308	358	1	14	-C
barcode75_consensus_vsearch	1061	C	*/-G	643	26	3.85%	2	1	93	93	1.1632519211341167E-8	1	1	310	333	0	26	-G
barcode75_consensus_vsearch	1063	G	*/-A	629	64	9.22%	2	2	93	93	1.1797595562502938E-20	1	1	249	380	63	1	-A
barcode75_consensus_vsearch	1065	G	*/-T	669	18	2.59%	2	2	93	93	3.407803428383612E-6	1	1	294	375	14	4	-T
barcode75_consensus_vsearch	1070	A	*/+G	669	9	1.3%	2	2	93	93	0.0019016355659458553	1	1	294	375	7	2	+G
barcode75_consensus_vsearch	1075	G	*/-A	674	12	1.73%	2	2	93	93	2.3257953314238005E-4	1	1	299	375	10	2	-A
barcode75_consensus_vsearch	1080	G	*/+A	659	15	2.17%	2	1	93	93	2.8206745551059783E-5	1	1	285	374	15	0	+A
barcode75_consensus_vsearch	1080	G	*/-A	659	13	1.88%	2	2	93	93	1.1512469111855604E-4	1	1	285	374	10	3	+A
barcode75_consensus_vsearch	1081	A	*/-G	658	11	1.62%	2	2	93	93	4.684642937915707E-4	1	1	290	368	4	7	-G
barcode75_consensus_vsearch	1092	G	*/+C	652	11	1.59%	2	2	93	93	4.682872721035604E-4	1	1	285	367	8	3	+C
barcode75_consensus_vsearch	1092	G	*/-C	652	15	2.17%	2	2	93	93	2.818318897195064E-5	1	1	285	367	11	4	-C
barcode75_consensus_vsearch	1095	C	*/+T	667	11	1.59%	2	1	93	93	4.687240267233006E-4	1	1	308	359	0	11	+T
barcode75_consensus_vsearch	1096	C	*/+G	576	15	2.16%	2	2	93	93	2.789269415844126E-5	1	1	299	277	4	11	+G
barcode75_consensus_vsearch	1097	G	*/-A	683	7	1.01%	2	2	93	93	0.007693959601990333	1	1	303	380	6	1	-A
barcode75_consensus_vsearch	1102	A	*/+C	641	16	2.31%	2	2	93	93	1.3911824555967939E-5	1	1	271	370	14	2	+C
barcode75_consensus_vsearch	1102	A	*/-C	641	21	3.03%	2	1	93	93	4.058825016803597E-7	1	1	271	370	21	0	-C
barcode75_consensus_vsearch	1114	G	*/+C	674	10	1.44%	2	1	93	93	9.447437414487541E-4	1	1	307	367	0	10	+C
barcode75_consensus_vsearch	1117	C	*/-T	677	14	2.02%	2	1	93	93	5.710849035009345E-5	1	1	313	364	0	14	-T
barcode75_consensus_vsearch	1136	T	*/+C	647	22	3.2%	2	1	93	93	2.0004750131394906E-7	1	1	311	336	0	22	+C
barcode75_consensus_vsearch	1136	T	*/-C	647	11	1.6%	2	1	93	93	4.6813732037120725E-4	1	1	311	336	0	11	+C
barcode75_consensus_vsearch	1137	C	*/-TC	653	18	2.65%	2	2	93	93	3.39852895307792E-6	1	1	307	346	6	12	-TC
barcode75_consensus_vsearch	1139	C	*/+TC	628	7	1.04%	2	2	93	93	0.007683724927463553	1	1	268	360	6	1	+TC
barcode75_consensus_vsearch	1139	C	*/-A	628	30	4.46%	2	1	93	93	6.641110774062319E-10	1	1	268	360	30	0	-A
barcode75_consensus_vsearch	1143	A	*/+G	639	10	1.45%	2	2	93	93	9.430451036644986E-4	1	1	286	353	2	8	+G
barcode75_consensus_vsearch	1143	A	*/-G	639	20	2.9%	2	2	93	93	8.238546104978434E-7	1	1	286	353	2	18	-G
barcode75_consensus_vsearch	1148	C	*/+AC	666	16	2.31%	2	1	93	93	1.3959579282431563E-5	1	1	285	381	16	0	+AC
barcode75_consensus_vsearch	1156	T	*/-C	674	8	1.16%	2	1	93	93	0.0038264457747110613	1	1	301	373	8	0	-C
barcode75_consensus_vsearch	1159	T	*/+G	663	13	1.88%	2	1	93	93	1.1516497802969439E-4	1	1	307	356	0	13	+G
barcode75_consensus_vsearch	1160	G	*/-A	662	7	1.01%	2	1	93	93	0.0076902498170032686	1	1	283	379	7	0	-A
barcode75_consensus_vsearch	1160	G	*/-AG	662	8	1.15%	2	1	93	93	0.003825023434003376	1	1	283	379	8	0	-AG
barcode75_consensus_vsearch	1161	A	*/+G	520	38	5.6%	2	2	93	93	1.895467983207093E-12	1	1	184	336	24	14	+G
barcode75_consensus_vsearch	1161	A	*/-G	520	97	14.31%	2	2	93	93	1.0478615989319922E-31	1	1	184	336	69	28	-G
barcode75_consensus_vsearch	1161	A	*/-GG	520	8	1.18%	2	1	93	93	0.0038033140209771956	1	1	184	336	8	0	-G
barcode75_consensus_vsearch	1161	A	*/-GGGA	520	11	1.62%	2	1	93	93	4.633971617249264E-4	1	1	184	336	11	0	-GGGA
barcode75_consensus_vsearch	1164	G	*/-A	666	9	1.32%	2	2	93	93	0.0019014083472220235	1	1	298	368	1	8	-A
barcode75_consensus_vsearch	1168	C	*/-T	658	24	3.45%	2	2	93	93	4.851289632141943E-8	1	1	307	351	3	21	-T
barcode75_consensus_vsearch	1168	C	*/-TT	658	9	1.29%	2	2	93	93	0.0019007925102782891	1	1	307	351	3	6	-T
barcode75_consensus_vsearch	1170	T	*/+C	642	16	2.33%	2	1	93	93	1.3913802001658214E-5	1	1	289	353	16	0	+C
barcode75_consensus_vsearch	1170	T	*/-C	642	15	2.19%	2	2	93	93	2.8148691741811095E-5	1	1	289	353	2	13	+C
barcode75_consensus_vsearch	1171	C	*/+G	562	10	1.48%	2	2	93	93	9.385848358637225E-4	1	1	302	260	3	7	+G
barcode75_consensus_vsearch	1171	C	*/+TC	562	7	1.04%	2	1	93	93	0.007668840900969684	1	1	302	260	0	7	+G
barcode75_consensus_vsearch	1171	C	*/-G	562	79	11.72%	2	2	93	93	1.2765344878130173E-25	1	1	302	260	1	78	-G
barcode75_consensus_vsearch	1173	G	*/-A	676	9	1.29%	2	2	93	93	0.0019021580576563692	1	1	303	373	2	7	-A
barcode75_consensus_vsearch	1174	A	*/+G	583	14	2.05%	2	2	93	93	5.650687914175413E-5	1	1	250	333	9	5	+G
barcode75_consensus_vsearch	1174	A	*/-G	583	77	11.29%	2	2	93	93	6.282528800006516E-25	1	1	250	333	43	34	-G
barcode75_consensus_vsearch	1174	A	*/-GG	583	8	1.17%	2	2	93	93	0.0038142259421648926	1	1	250	333	7	1	-G
barcode75_consensus_vsearch	1188	T	*/+G	676	9	1.3%	2	1	93	93	0.0019021580576563692	1	1	303	373	9	0	+G
barcode75_consensus_vsearch	1189	A	*/-G	664	7	1.01%	2	1	93	93	0.0076906131040095	1	1	296	368	7	0	-G
barcode75_consensus_vsearch	1195	T	*/+C	675	10	1.44%	2	1	93	93	9.447897479611806E-4	1	1	312	363	0	10	+C
barcode75_consensus_vsearch	1196	T	*/-C	676	12	1.73%	2	1	93	93	2.3261261192221447E-4	1	1	311	365	0	12	-C
barcode75_consensus_vsearch	1201	A	*/+G	624	32	4.64%	2	2	93	93	1.580519281704719E-10	1	1	284	340	1	31	+G
barcode75_consensus_vsearch	1201	A	*/-G	624	11	1.59%	2	2	93	93	4.674175416773515E-4	1	1	284	340	5	6	+G
barcode75_consensus_vsearch	1203	G	*/+T	651	28	4.04%	2	1	93	93	2.803926835285973E-9	1	1	309	342	0	28	+T
barcode75_consensus_vsearch	1204	T	*/-CTT	663	12	1.74%	2	1	93	93	2.323941528275456E-4	1	1	309	354	0	12	-CTT
barcode75_consensus_vsearch	1205	C	*/+T	586	28	4.14%	2	1	93	93	2.718957398363433E-9	1	1	308	278	0	28	+T
barcode75_consensus_vsearch	1205	C	*/-T	586	47	6.94%	2	2	93	93	2.9276946166900335E-15	1	1	308	278	1	46	-T
barcode75_consensus_vsearch	1208	T	*/-C	675	8	1.15%	2	2	93	93	0.003826562057959725	1	1	307	368	1	7	-C
barcode75_consensus_vsearch	1209	C	*/+T	660	9	1.31%	2	2	93	93	0.001900947840357131	1	1	302	358	1	8	+T
barcode75_consensus_vsearch	1210	G	*/+C	635	12	1.74%	2	2	93	93	2.3189431345407494E-4	1	1	283	352	1	11	+C
barcode75_consensus_vsearch	1210	G	*/-C	635	29	4.2%	2	2	93	93	1.3628045522516711E-9	1	1	283	352	16	13	-C
barcode75_consensus_vsearch	1214	C	*/-T	680	7	1.01%	2	2	93	93	0.007693443477408817	1	1	310	370	1	6	-T
barcode75_consensus_vsearch	1217	T	*/-AC	674	7	1.02%	2	2	93	93	0.007692397626735055	1	1	298	376	6	1	-AC
barcode75_consensus_vsearch	1218	A	*/-C	654	7	1.03%	2	2	93	93	0.007688774752311839	1	1	283	371	3	4	-C
barcode75_consensus_vsearch	1219	C	*/+T	658	13	1.93%	2	2	93	93	1.1511454585396973E-4	1	1	294	364	1	12	+T
barcode75_consensus_vsearch	1229	G	*/-CG	675	11	1.58%	2	2	93	93	4.6894925126844146E-4	1	1	306	369	2	9	-CG
barcode75_consensus_vsearch	1236	A	*/-T	669	7	1.02%	2	2	93	93	0.007691511945153724	1	1	302	367	2	5	-T
barcode75_consensus_vsearch	1241	C	*/-AC	664	15	2.17%	2	1	93	93	2.82232828334635E-5	1	1	294	370	15	0	-AC
barcode75_consensus_vsearch	1242	A	*/+T	659	11	1.62%	2	1	93	93	4.6849349314201534E-4	1	1	294	365	0	11	+T
barcode75_consensus_vsearch	1246	C	*/+A	674	13	1.88%	2	1	93	93	1.1527339570506947E-4	1	1	296	378	13	0	+A
barcode75_consensus_vsearch	1247	A	*/+G	671	9	1.3%	2	1	93	93	0.001901785939178216	1	1	305	366	0	9	+G
barcode75_consensus_vsearch	1248	G	*/-A	683	7	1.01%	2	2	93	93	0.007693959601990333	1	1	305	378	4	3	-A
barcode75_consensus_vsearch	1258	A	*/-G	668	10	1.45%	2	2	93	93	9.444648801915616E-4	1	1	296	372	3	7	-G
barcode75_consensus_vsearch	1260	G	*/-C	674	11	1.58%	2	2	93	93	4.6892138226090437E-4	1	1	304	370	4	7	-C
barcode75_consensus_vsearch	1263	T	*/-C	669	8	1.17%	2	2	93	93	0.003825859230664742	1	1	298	371	5	3	-C
barcode75_consensus_vsearch	1275	T	*/-C	682	7	1.01%	2	2	93	93	0.007693788058408534	1	1	304	378	5	2	-C
barcode75_consensus_vsearch	1280	T	*/+C	667	9	1.3%	2	1	93	93	0.0019014843092738523	1	1	304	363	0	9	+C
barcode75_consensus_vsearch	1287	A	*/-C	667	9	1.31%	2	2	93	93	0.0019014843092738523	1	1	293	374	4	5	-C
barcode75_consensus_vsearch	1289	C	*/+T	568	34	4.93%	2	1	93	93	3.6041435694322256E-11	1	1	299	269	0	34	+T
barcode75_consensus_vsearch	1289	C	*/-T	568	78	11.3%	2	2	93	93	2.786661894347157E-25	1	1	299	269	2	76	-T
barcode75_consensus_vsearch	1292	A	*/-C	637	34	4.93%	2	2	93	93	3.7910761209029266E-11	1	1	262	375	30	4	-C
barcode75_consensus_vsearch	1295	C	*/-G	654	7	1.01%	2	1	93	93	0.007688774752311839	1	1	307	347	0	7	-G
barcode75_consensus_vsearch	1295	C	*/-GG	654	22	3.17%	2	1	93	93	2.0041724054833732E-7	1	1	307	347	0	22	-GG
barcode75_consensus_vsearch	1312	C	*/-T	662	28	4.03%	2	1	93	93	2.8169172845384593E-9	1	1	312	350	0	28	-T
barcode75_consensus_vsearch	1315	T	*/+C	682	8	1.15%	2	1	93	93	0.0038273666483378274	1	1	304	378	8	0	+C
barcode75_consensus_vsearch	1316	C	*/-G	674	9	1.3%	2	2	93	93	0.0019020098594393618	1	1	310	364	1	8	-G
barcode75_consensus_vsearch	1333	G	*/+C	666	8	1.16%	2	2	93	93	0.003825503147506549	1	1	296	370	1	7	+C
barcode75_consensus_vsearch	1336	C	*/+T	673	7	1.01%	2	1	93	93	0.007692221529292311	1	1	304	369	0	7	+T
barcode75_consensus_vsearch	1336	C	*/-T	673	9	1.3%	2	2	93	93	0.001901935436692325	1	1	304	369	3	6	-T
barcode75_consensus_vsearch	1340	C	*/-T	676	10	1.44%	2	1	93	93	9.448356216352928E-4	1	1	309	367	0	10	-T
barcode75_consensus_vsearch	1351	C	*/-G	639	42	6.1%	2	2	93	93	1.1844654922559834E-13	1	1	306	333	2	40	-G
barcode75_consensus_vsearch	1357	C	*/+G	644	10	1.44%	2	2	93	93	9.432987849884192E-4	1	1	302	342	1	9	+G
barcode75_consensus_vsearch	1357	C	*/-G	644	28	4.03%	2	2	93	93	2.795466485899566E-9	1	1	302	342	7	21	-G
barcode75_consensus_vsearch	1358	G	*/+A	638	8	1.21%	2	1	93	93	0.003822021034639057	1	1	288	350	8	0	+A
barcode75_consensus_vsearch	1362	G	*/+T	665	19	2.76%	2	1	93	93	1.6803407173614574E-6	1	1	310	355	0	19	+T
barcode75_consensus_vsearch	1364	C	*/-T	656	28	4.06%	2	2	93	93	2.8098770009349454E-9	1	1	304	352	4	24	-T
barcode75_consensus_vsearch	1369	A	*/-CA	663	7	1.02%	2	1	93	93	0.007690431730786377	1	1	300	363	0	7	-CA
barcode75_consensus_vsearch	1370	C	*/-A	619	47	6.87%	2	2	93	93	3.0641115114427293E-15	1	1	264	355	39	8	-A
barcode75_consensus_vsearch	1372	A	*/-G	663	7	1.01%	2	2	93	93	0.007690431730786377	1	1	301	362	3	4	-G
barcode75_consensus_vsearch	1373	G	*/+C	673	9	1.31%	2	1	93	93	0.001901935436692325	1	1	310	363	0	9	+C
barcode75_consensus_vsearch	1377	A	*/+T	674	7	1.01%	2	2	93	93	0.007692397626735055	1	1	301	373	6	1	+T
barcode75_consensus_vsearch	1379	T	*/+C	625	10	1.44%	2	2	93	93	9.423137640171079E-4	1	1	292	333	2	8	+C
barcode75_consensus_vsearch	1379	T	*/-C	625	48	6.93%	2	2	93	93	1.490070429736929E-15	1	1	292	333	14	34	-C
barcode75_consensus_vsearch	1391	C	*/-G	667	7	1.01%	2	1	93	93	0.007691154004207902	1	1	307	360	0	7	-G
barcode75_consensus_vsearch	1394	T	*/-C	670	9	1.29%	2	1	93	93	0.0019017108625084104	1	1	309	361	0	9	-C
barcode75_consensus_vsearch	1404	T	*/-C	644	40	5.78%	2	2	93	93	5.055638754876088E-13	1	1	267	377	39	1	-C
barcode75_consensus_vsearch	1408	G	*/+A	666	21	3.05%	2	1	93	93	4.083055663063967E-7	1	1	285	381	21	0	+A
barcode75_consensus_vsearch	1409	G	*/+T	646	16	2.3%	2	1	93	93	1.3921654103412526E-5	1	1	265	381	16	0	+T
barcode75_consensus_vsearch	1409	G	*/+TT	646	7	1.01%	2	1	93	93	0.007687263657391494	1	1	265	381	7	0	+T
barcode75_consensus_vsearch	1409	G	*/-T	646	21	3.02%	2	1	93	93	4.0638069510574407E-7	1	1	265	381	21	0	-T
barcode75_consensus_vsearch	1413	C	*/-A	661	23	3.31%	2	2	93	93	9.877433084624267E-8	1	1	298	363	5	18	-A
barcode75_consensus_vsearch	1416	A	*/-TC	663	20	2.88%	2	1	93	93	8.281636196319077E-7	1	1	310	353	0	20	-TC
barcode75_consensus_vsearch	1417	T	*/+C	626	7	1.04%	2	2	93	93	0.00768331935194577	1	1	286	340	3	4	+C
barcode75_consensus_vsearch	1417	T	*/-C	626	31	4.63%	2	2	93	93	3.2412649835985136E-10	1	1	286	340	20	11	-C
barcode75_consensus_vsearch	1420	C	*/-T	672	13	1.87%	2	1	93	93	1.1525393727966269E-4	1	1	310	362	0	13	-T
barcode75_consensus_vsearch	1422	T	*/-C	678	8	1.15%	2	1	93	93	0.0038269088833870367	1	1	308	370	0	8	-C
barcode75_consensus_vsearch	1427	T	*/-C	671	13	1.87%	2	1	93	93	1.152441662388416E-4	1	1	310	361	0	13	-C
barcode75_consensus_vsearch	1434	C	*/+A	640	18	2.6%	2	1	93	93	3.3906766313274096E-6	1	1	270	370	18	0	+A
barcode75_consensus_vsearch	1434	C	*/-A	640	24	3.46%	2	2	93	93	4.823798486922759E-8	1	1	270	370	19	5	-A
barcode75_consensus_vsearch	1436	A	*/-G	674	9	1.3%	2	2	93	93	0.0019020098594393618	1	1	302	372	5	4	-G
barcode75_consensus_vsearch	1441	C	*/-A	657	23	3.34%	2	2	93	93	9.866328718829444E-8	1	1	290	367	22	1	-A
barcode75_consensus_vsearch	1442	A	*/+C	652	7	1.04%	2	2	93	93	0.00768840040750772	1	1	285	367	1	6	+C
barcode75_consensus_vsearch	1443	C	*/-T	653	19	2.74%	2	1	93	93	1.6764895245122909E-6	1	1	311	342	0	19	-T
barcode75_consensus_vsearch	1443	C	*/-TC	653	10	1.44%	2	1	93	93	9.437458653717638E-4	1	1	311	342	0	10	-T
barcode75_consensus_vsearch	1444	T	*/-C	624	18	2.71%	2	2	93	93	3.3805963075307705E-6	1	1	303	321	5	13	-C
barcode75_consensus_vsearch	1444	T	*/-CC	624	12	1.81%	2	1	93	93	2.316861142850313E-4	1	1	303	321	0	12	-C
barcode75_consensus_vsearch	1446	C	*/-T	643	25	3.69%	2	2	93	93	2.3708350892604136E-8	1	1	310	333	1	24	-T
barcode75_consensus_vsearch	1448	T	*/-G	675	8	1.16%	2	2	93	93	0.003826562057959725	1	1	308	367	1	7	-G
barcode75_consensus_vsearch	1459	T	*/+C	675	11	1.59%	2	2	93	93	4.6894925126844146E-4	1	1	304	371	7	4	+C
barcode75_consensus_vsearch	1465	C	*/+G	658	9	1.3%	2	2	93	93	0.0019007925102782891	1	1	308	350	1	8	+G
barcode75_consensus_vsearch	1465	C	*/-G	658	20	2.88%	2	2	93	93	8.272896208273663E-7	1	1	308	350	2	18	-G
barcode75_consensus_vsearch	1482	C	*/-A	661	11	1.59%	2	2	93	93	4.6855163449319664E-4	1	1	294	367	8	3	-A
barcode75_consensus_vsearch	1486	A	*/-C	666	17	2.46%	2	2	93	93	6.897975257142411E-6	1	1	291	375	13	4	-C
barcode75_consensus_vsearch	1498	A	*/-CA	666	13	1.89%	2	2	93	93	1.1519488792314726E-4	1	1	290	376	11	2	-CA
barcode75_consensus_vsearch	1499	C	*/+A	654	11	1.62%	2	2	93	93	4.6834662964278026E-4	1	1	276	378	10	1	+A
barcode75_consensus_vsearch	1515	T	*/+C	682	7	1.01%	2	1	93	93	0.007693788058408534	1	1	305	377	7	0	+C
barcode75_consensus_vsearch	1519	C	*/+A	673	10	1.44%	2	1	93	93	9.44697601521353E-4	1	1	310	363	0	10	+A
barcode75_consensus_vsearch	1525	C	*/+G	660	14	2.02%	2	1	93	93	5.701181600772116E-5	1	1	295	365	14	0	+G
barcode75_consensus_vsearch	1526	A	*/+G	652	7	1.01%	2	2	93	93	0.00768840040750772	1	1	287	365	1	6	+G
barcode75_consensus_vsearch	1526	A	*/-G	652	16	2.32%	2	2	93	93	1.3933261963587587E-5	1	1	287	365	12	4	-G
barcode75_consensus_vsearch	1528	G	*/+C	671	10	1.44%	2	2	93	93	9.446049190917967E-4	1	1	294	377	9	1	+C
barcode75_consensus_vsearch	1529	C	*/-T	645	12	1.74%	2	2	93	93	2.3207763668338672E-4	1	1	283	362	11	1	-T
barcode75_consensus_vsearch	1540	T	*/-C	664	22	3.17%	2	2	93	93	2.009332786434768E-7	1	1	286	378	21	1	-C
barcode75_consensus_vsearch	1542	C	*/+G	665	14	2.01%	2	1	93	93	5.704074004227334E-5	1	1	304	361	0	14	+G
barcode75_consensus_vsearch	1552	C	*/+A	645	10	1.44%	2	1	93	93	9.433490611852128E-4	1	1	282	363	10	0	+A
barcode75_consensus_vsearch	1552	C	*/+G	645	9	1.3%	2	2	93	93	0.0018997598786030976	1	1	282	363	3	6	+A
barcode75_consensus_vsearch	1552	C	*/-G	645	20	2.89%	2	2	93	93	8.249593140700269E-7	1	1	282	363	14	6	-G
barcode75_consensus_vsearch	1553	G	*/-A	656	11	1.63%	2	2	93	93	4.684056358370776E-4	1	1	285	371	9	2	-A
barcode75_consensus_vsearch	1557	T	*/+C	601	29	4.18%	2	2	93	93	1.3394900433442954E-9	1	1	283	318	20	9	+C
barcode75_consensus_vsearch	1557	T	*/-C	601	55	7.93%	2	2	93	93	8.517752158183003E-18	1	1	283	318	4	51	-C
barcode75_consensus_vsearch	1559	C	*/-T	679	8	1.15%	2	2	93	93	0.0038270238219715778	1	1	309	370	3	5	-T
barcode75_consensus_vsearch	1566	G	*/-CG	640	38	5.48%	2	2	93	93	2.1343769814078034E-12	1	1	291	349	15	23	-CG
barcode75_consensus_vsearch	1570	C	*/-T	677	8	1.16%	2	2	93	93	0.0038267936108249954	1	1	310	367	2	6	-T
barcode75_consensus_vsearch	1575	G	*/+C	661	8	1.16%	2	2	93	93	0.00382490261371978	1	1	286	375	4	4	+C
barcode75_consensus_vsearch	1575	G	*/-CC	661	14	2.02%	2	1	93	93	5.7017634264194104E-5	1	1	286	375	14	0	-CC
barcode75_consensus_vsearch	1587	A	*/+C	622	16	2.3%	2	2	93	93	1.3873117431485039E-5	1	1	285	337	1	15	+C
barcode75_consensus_vsearch	1587	A	*/-C	622	34	4.89%	2	2	93	93	3.753115420987122E-11	1	1	285	337	7	27	-C
barcode75_consensus_vsearch	1594	C	*/+G	625	15	2.18%	2	2	93	93	2.8087647571093707E-5	1	1	297	328	2	13	+G
barcode75_consensus_vsearch	1594	C	*/-G	625	28	4.07%	2	1	93	93	2.771706113653212E-9	1	1	297	328	0	28	-G
barcode75_consensus_vsearch	1597	G	*/-C	680	8	1.15%	2	2	93	93	0.0038271384280311226	1	1	307	373	5	3	-C
barcode75_consensus_vsearch	1600	G	*/+C	675	7	1.01%	2	1	93	93	0.007692573209303539	1	1	309	366	0	7	+C
barcode75_consensus_vsearch	1602	C	*/-T	680	7	1.01%	2	1	93	93	0.007693443477408817	1	1	309	371	0	7	-T
barcode75_consensus_vsearch	1603	T	*/+C	635	19	2.77%	2	1	93	93	1.6704617121389189E-6	1	1	298	337	0	19	+C
barcode75_consensus_vsearch	1603	T	*/-C	635	12	1.75%	2	2	93	93	2.3189431345407494E-4	1	1	298	337	10	2	+C
barcode75_consensus_vsearch	1605	C	*/+G	668	10	1.44%	2	1	93	93	9.444648801915616E-4	1	1	310	358	0	10	+G
barcode75_consensus_vsearch	1607	A	*/+G	610	13	1.9%	2	2	93	93	1.1459010336189954E-4	1	1	242	368	10	3	+G
barcode75_consensus_vsearch	1607	A	*/-G	610	54	7.87%	2	2	93	93	1.805569047957812E-17	1	1	242	368	49	5	-G
barcode75_consensus_vsearch	1609	G	*/+A	680	7	1.01%	2	2	93	93	0.007693443477408817	1	1	301	379	6	1	+A
barcode75_consensus_vsearch	1615	A	*/+C	670	8	1.15%	2	2	93	93	0.0038259772281954976	1	1	301	369	3	5	+C
barcode75_consensus_vsearch	1617	T	*/+A	553	46	6.7%	2	2	93	93	5.787643029115951E-15	1	1	217	336	39	7	+A
barcode75_consensus_vsearch	1617	T	*/+AA	553	11	1.6%	2	2	93	93	4.648309805655063E-4	1	1	217	336	10	1	+A
barcode75_consensus_vsearch	1617	T	*/+G	553	8	1.16%	2	1	93	93	0.00380933364327884	1	1	217	336	8	0	+A
barcode75_consensus_vsearch	1617	T	*/-A	553	35	5.09%	2	2	93	93	1.727994449969652E-11	1	1	217	336	24	11	-A
barcode75_consensus_vsearch	1617	T	*/-AA	553	7	1.02%	2	2	93	93	0.00766654042031271	1	1	217	336	2	5	-A
barcode75_consensus_vsearch	1620	A	*/-G	677	8	1.15%	2	1	93	93	0.0038267936108249954	1	1	299	378	8	0	-G
barcode75_consensus_vsearch	1622	C	*/+TT	675	9	1.3%	2	1	93	93	0.0019020840661164082	1	1	298	377	9	0	+TT
barcode75_consensus_vsearch	1624	C	*/-AC	665	12	1.73%	2	2	93	93	2.3242829916540379E-4	1	1	291	374	9	3	-AC
barcode75_consensus_vsearch	1625	A	*/-C	654	10	1.48%	2	2	93	93	9.437948002944897E-4	1	1	281	373	9	1	-C
barcode75_consensus_vsearch	1628	C	*/+A	593	12	1.73%	2	2	93	93	2.3105937712433416E-4	1	1	230	363	10	2	+A
barcode75_consensus_vsearch	1628	C	*/-A	593	67	9.64%	2	2	93	93	1.1603673975636657E-21	1	1	230	363	64	3	-A
barcode75_consensus_vsearch	1632	G	*/-A	678	8	1.16%	2	2	93	93	0.0038269088833870367	1	1	300	378	7	1	-A
barcode75_consensus_vsearch	1634	G	*/+C	657	10	1.45%	2	2	93	93	9.439407334024217E-4	1	1	288	369	5	5	+C
barcode75_consensus_vsearch	1634	G	*/-C	657	14	2.03%	2	2	93	93	5.699425972311672E-5	1	1	288	369	10	4	-C
barcode75_consensus_vsearch	1642	A	*/-C	675	7	1.01%	2	2	93	93	0.007692573209303539	1	1	301	374	3	4	-C
barcode75_consensus_vsearch	1650	G	*/+C	662	16	2.31%	2	2	93	93	1.3952167219109242E-5	1	1	289	373	14	2	+C
barcode75_consensus_vsearch	1657	T	*/-C	659	10	1.44%	2	2	93	93	9.44037302205177E-4	1	1	280	379	8	2	-C
barcode75_consensus_vsearch	1657	T	*/-CC	659	19	2.73%	2	1	93	93	1.6784312944570722E-6	1	1	280	379	19	0	-CC
barcode75_consensus_vsearch	1685	A	*/-C	670	9	1.3%	2	2	93	93	0.0019017108625084104	1	1	296	374	5	4	-C
barcode75_consensus_vsearch	1689	A	*/+T	557	15	2.16%	2	2	93	93	2.7808419370312574E-5	1	1	207	350	9	6	+T
barcode75_consensus_vsearch	1689	A	*/+TT	557	8	1.15%	2	1	93	93	0.0038100157918164635	1	1	207	350	8	0	+T
barcode75_consensus_vsearch	1689	A	*/-T	557	105	15.13%	2	2	93	93	2.7862589402728903E-34	1	1	207	350	82	23	-T
barcode75_consensus_vsearch	1703	C	*/+T	635	30	4.32%	2	2	93	93	6.665334529460593E-10	1	1	267	368	27	3	+T
barcode75_consensus_vsearch	1703	C	*/-T	635	26	3.74%	2	2	93	93	1.159701952345176E-8	1	1	267	368	19	7	+T
barcode75_consensus_vsearch	1706	T	*/+C	682	7	1.01%	2	1	93	93	0.007693788058408534	1	1	312	370	0	7	+C
barcode75_consensus_vsearch	1711	C	*/+T	636	7	1.01%	2	2	93	93	0.007685322078985439	1	1	307	329	4	3	+T
barcode75_consensus_vsearch	1711	C	*/-T	636	51	7.34%	2	2	93	93	1.6942951315517002E-16	1	1	307	329	2	49	-T
barcode75_consensus_vsearch	1714	T	*/+C	522	32	4.6%	2	2	93	93	1.468619810074423E-10	1	1	280	242	9	23	+C
barcode75_consensus_vsearch	1714	T	*/-C	522	107	15.4%	2	2	93	93	4.445111847647455E-35	1	1	280	242	22	85	-C
barcode75_consensus_vsearch	1714	T	*/-CC	522	13	1.87%	2	1	93	93	1.1339039040165397E-4	1	1	280	242	0	13	-C
barcode75_consensus_vsearch	1718	T	*/-C	678	7	1.01%	2	2	93	93	0.007693096890205231	1	1	309	369	1	6	-C
barcode75_consensus_vsearch	1726	C	*/+T	674	7	1.01%	2	2	93	93	0.007692397626735055	1	1	306	368	2	5	+T
barcode75_consensus_vsearch	1731	G	*/-TG	665	23	3.31%	2	2	93	93	9.888418442184363E-8	1	1	289	376	19	4	-TG
barcode75_consensus_vsearch	1749	T	*/-CAT	682	7	1.01%	2	2	93	93	0.007693788058408534	1	1	309	373	2	5	-CAT
barcode75_consensus_vsearch	1753	A	*/-T	678	7	1.01%	2	2	93	93	0.007693096890205231	1	1	300	378	3	4	-T
barcode75_consensus_vsearch	1760	C	*/+T	661	7	1.01%	2	1	93	93	0.0076900673602228325	1	1	306	355	0	7	+T
barcode75_consensus_vsearch	1760	C	*/-T	661	11	1.59%	2	1	93	93	4.6855163449319664E-4	1	1	306	355	0	11	-T
barcode75_consensus_vsearch	1762	T	*/-A	670	14	2.03%	2	2	93	93	5.706925132570218E-5	1	1	293	377	11	3	-A
barcode75_consensus_vsearch	1763	A	*/+G	662	10	1.47%	2	2	93	93	9.441810882382281E-4	1	1	296	366	1	9	+G
barcode75_consensus_vsearch	1764	G	*/-A	658	25	3.62%	2	2	93	93	2.3829961160078328E-8	1	1	283	375	22	3	-A
barcode75_consensus_vsearch	1772	C	*/-T	670	9	1.31%	2	2	93	93	0.0019017108625084104	1	1	305	365	1	8	-T
barcode75_consensus_vsearch	1774	A	*/-C	661	13	1.88%	2	1	93	93	1.1514489314702678E-4	1	1	300	361	0	13	-C
barcode75_consensus_vsearch	1776	C	*/-TC	662	13	1.88%	2	1	93	93	1.1515495016779301E-4	1	1	308	354	0	13	-TC
barcode75_consensus_vsearch	1777	T	*/+C	625	11	1.63%	2	2	93	93	4.674499041809556E-4	1	1	284	341	4	7	+C
barcode75_consensus_vsearch	1777	T	*/-C	625	28	4.15%	2	2	93	93	2.771706113653212E-9	1	1	284	341	19	9	-C
barcode75_consensus_vsearch	1780	C	*/-AC	677	13	1.87%	2	1	93	93	1.153023759846373E-4	1	1	297	380	13	0	-AC
barcode75_consensus_vsearch	1793	A	*/-T	682	8	1.16%	2	2	93	93	0.0038273666483378274	1	1	302	380	7	1	-T
barcode75_consensus_vsearch	1797	C	*/+A	613	36	5.23%	2	2	93	93	8.834345537196901E-12	1	1	305	308	1	35	+A
barcode75_consensus_vsearch	1797	C	*/-A	613	31	4.51%	2	2	93	93	3.2170694111296483E-10	1	1	305	308	2	29	+A
barcode75_consensus_vsearch	1810	C	*/-T	683	8	1.15%	2	2	93	93	0.003827480265442575	1	1	310	373	1	7	-T
barcode75_consensus_vsearch	1812	C	*/+G	673	7	1.01%	2	1	93	93	0.007692221529292311	1	1	309	364	0	7	+G
barcode75_consensus_vsearch	1816	G	*/-A	669	14	2.02%	2	1	93	93	5.7063581664716764E-5	1	1	288	381	14	0	-A
barcode75_consensus_vsearch	1821	C	*/-T	673	10	1.44%	2	2	93	93	9.44697601521353E-4	1	1	308	365	4	6	-T
barcode75_consensus_vsearch	1826	C	*/+G	620	31	4.49%	2	1	93	93	3.230198296992513E-10	1	1	243	377	31	0	+G
barcode75_consensus_vsearch	1826	C	*/-A	620	35	5.07%	2	1	93	93	1.8252996368458388E-11	1	1	243	377	35	0	-A
barcode75_consensus_vsearch	1827	A	*/-T	608	32	4.87%	2	1	93	93	1.564900642457358E-10	1	1	234	374	32	0	-T
barcode75_consensus_vsearch	1833	G	*/-CG	680	7	1.01%	2	1	93	93	0.007693443477408817	1	1	302	378	7	0	-CG
barcode75_consensus_vsearch	1834	C	*/-G	670	8	1.16%	2	2	93	93	0.0038259772281954976	1	1	294	376	7	1	-G
barcode75_consensus_vsearch	1835	G	*/-A	660	15	2.21%	2	2	93	93	2.8210072042422693E-5	1	1	283	377	14	1	-A
barcode75_consensus_vsearch	1843	G	*/-CAGG	675	11	1.58%	2	1	93	93	4.6894925126844146E-4	1	1	305	370	0	11	-CAGG
barcode75_consensus_vsearch	1854	A	*/-G	670	9	1.3%	2	1	93	93	0.0019017108625084104	1	1	303	367	0	9	-G
barcode75_consensus_vsearch	1857	A	*/-C	659	22	3.17%	2	2	93	93	2.006770187740374E-7	1	1	304	355	1	21	-C
barcode75_consensus_vsearch	1863	A	*/-C	617	58	8.38%	2	2	93	93	9.65273696688053E-19	1	1	297	320	7	51	-C
barcode75_consensus_vsearch	1865	C	*/+T	683	9	1.3%	2	1	93	93	0.0019026700524163046	1	1	312	371	0	9	+T
barcode75_consensus_vsearch	1867	T	*/-C	654	12	1.74%	2	1	93	93	2.3223799817064701E-4	1	1	306	348	0	12	-C
barcode75_consensus_vsearch	1867	T	*/-CT	654	15	2.18%	2	1	93	93	2.8189968262332608E-5	1	1	306	348	0	15	-CT
barcode75_consensus_vsearch	1868	C	*/+T	652	8	1.2%	2	1	93	93	0.0038237988380035006	1	1	309	343	0	8	+T
barcode75_consensus_vsearch	1871	A	*/-G	658	10	1.46%	2	2	93	93	9.439890893708059E-4	1	1	284	374	9	1	-G
barcode75_consensus_vsearch	1879	T	*/-GT	664	18	2.59%	2	1	93	93	3.4049498216748786E-6	1	1	309	355	0	18	-GT
barcode75_consensus_vsearch	1883	T	*/+C	668	14	2.02%	2	2	93	93	5.70578957755948E-5	1	1	294	374	10	4	+C
barcode75_consensus_vsearch	1887	C	*/-G	663	13	1.89%	2	1	93	93	1.1516497802969439E-4	1	1	305	358	0	13	-G
barcode75_consensus_vsearch	1891	C	*/-T	664	21	3.04%	2	2	93	93	4.081178148452376E-7	1	1	306	358	3	18	-T
barcode75_consensus_vsearch	1893	T	*/-C	647	32	4.63%	2	2	93	93	1.601898907477044E-10	1	1	285	362	15	17	-C
barcode75_consensus_vsearch	1895	C	*/-AC	674	13	1.89%	2	2	93	93	1.1527339570506947E-4	1	1	293	381	12	1	-AC
barcode75_consensus_vsearch	1901	C	*/+T	648	12	1.73%	2	2	93	93	2.3213156838238795E-4	1	1	308	340	1	11	+T
barcode75_consensus_vsearch	1901	C	*/-T	648	22	3.17%	2	2	93	93	2.001007598881997E-7	1	1	308	340	1	21	-T
barcode75_consensus_vsearch	1916	C	*/+A	673	9	1.3%	2	1	93	93	0.001901935436692325	1	1	295	378	9	0	+A
barcode75_consensus_vsearch	1932	C	*/+A	669	7	1.01%	2	1	93	93	0.007691511945153724	1	1	304	365	0	7	+A
barcode75_consensus_vsearch	1937	C	*/+T	675	10	1.44%	2	1	93	93	9.447897479611806E-4	1	1	311	364	0	10	+T
barcode75_consensus_vsearch	1938	T	*/+C	657	15	2.18%	2	1	93	93	2.8200063727560058E-5	1	1	297	360	15	0	+C
barcode75_consensus_vsearch	1939	C	*/-G	624	58	8.44%	2	1	93	93	9.786064207535752E-19	1	1	313	311	0	58	-G
barcode75_consensus_vsearch	1942	A	*/-C	654	25	3.62%	2	2	93	93	2.37980066476237E-8	1	1	295	359	8	17	-C
barcode75_consensus_vsearch	1943	C	*/+T	648	9	1.35%	2	1	93	93	0.0019000017786656748	1	1	295	353	0	9	+T
barcode75_consensus_vsearch	1945	C	*/-G	557	69	9.93%	2	2	93	93	2.331129085782714E-22	1	1	305	252	3	66	-G
barcode75_consensus_vsearch	1945	C	*/-GG	557	60	8.63%	2	1	93	93	1.920559816734213E-19	1	1	305	252	0	60	-G
barcode75_consensus_vsearch	1953	A	*/+C	601	9	1.31%	2	2	93	93	0.0018959408138061896	1	1	273	328	5	4	+C
barcode75_consensus_vsearch	1953	A	*/-C	601	50	7.29%	2	2	93	93	3.339108878512381E-16	1	1	273	328	17	33	-C
barcode75_consensus_vsearch	1953	A	*/-CC	601	12	1.75%	2	2	93	93	2.312270755488514E-4	1	1	273	328	5	7	-C
barcode75_consensus_vsearch	1956	C	*/+T	657	12	1.73%	2	2	93	93	2.3229050890362837E-4	1	1	306	351	1	11	+T
barcode75_consensus_vsearch	1957	C	*/-A	605	24	3.45%	2	2	93	93	4.766263440869307E-8	1	1	297	308	3	21	-A
barcode75_consensus_vsearch	1971	A	*/-CA	633	51	7.36%	2	2	93	93	1.6868727978153075E-16	1	1	279	354	26	25	-CA
barcode75_consensus_vsearch	1973	A	*/+CA	621	7	1.09%	2	2	93	93	0.007682294147772585	1	1	276	345	1	6	+CA
barcode75_consensus_vsearch	1975	T	*/+G	678	7	1.01%	2	1	93	93	0.007693096890205231	1	1	306	372	0	7	+G
barcode75_consensus_vsearch	1976	G	*/-A	679	10	1.45%	2	2	93	93	9.449724513676984E-4	1	1	303	376	8	2	-A
barcode75_consensus_vsearch	1983	T	*/+C	641	7	1.01%	2	2	93	93	0.007686300335381792	1	1	267	374	5	2	+C
barcode75_consensus_vsearch	1983	T	*/-C	641	29	4.17%	2	2	93	93	1.3667068518902137E-9	1	1	267	374	26	3	-C
barcode75_consensus_vsearch	1983	T	*/-CC	641	13	1.87%	2	1	93	93	1.149374276796705E-4	1	1	267	374	13	0	-C
barcode75_consensus_vsearch	1986	C	*/-GC	645	30	4.32%	2	2	93	93	6.699195789631915E-10	1	1	280	365	29	1	-GC
barcode75_consensus_vsearch	1991	C	*/-A	671	15	2.17%	2	1	93	93	2.824604152153984E-5	1	1	293	378	15	0	-A
barcode75_consensus_vsearch	1994	T	*/-C	661	22	3.17%	2	2	93	93	2.0077994091725925E-7	1	1	306	355	1	21	-C
barcode75_consensus_vsearch	2004	T	*/+G	663	7	1.02%	2	1	93	93	0.007690431730786377	1	1	306	357	0	7	+G
barcode75_consensus_vsearch	2005	G	*/-A	656	22	3.17%	2	1	93	93	2.0052157865230884E-7	1	1	276	380	22	0	-A
barcode75_consensus_vsearch	2005	G	*/-AG	656	11	1.59%	2	1	93	93	4.684056358370776E-4	1	1	276	380	11	0	-A
barcode75_consensus_vsearch	2006	A	*/+G	580	16	2.42%	2	2	93	93	1.3779132218050288E-5	1	1	220	360	12	4	+G
barcode75_consensus_vsearch	2006	A	*/-G	580	55	8.32%	2	2	93	93	8.176856944910294E-18	1	1	220	360	41	14	-G
barcode75_consensus_vsearch	2011	A	*/+C	655	8	1.16%	2	1	93	93	0.003824170076316906	1	1	306	349	0	8	+C
barcode75_consensus_vsearch	2011	A	*/-T	655	15	2.17%	2	1	93	93	2.8193343170894068E-5	1	1	306	349	0	15	-T
barcode75_consensus_vsearch	2011	A	*/-TC	655	9	1.3%	2	1	93	93	0.0019005577734205698	1	1	306	349	0	9	-T
barcode75_consensus_vsearch	2012	T	*/-C	622	37	5.52%	2	2	93	93	4.326685455024319E-12	1	1	278	344	32	5	-C
barcode75_consensus_vsearch	2015	T	*/-G	629	40	5.81%	2	2	93	93	4.987492637363403E-13	1	1	306	323	1	39	-G
barcode75_consensus_vsearch	2019	T	*/+A	645	10	1.45%	2	2	93	93	9.433490611852128E-4	1	1	305	340	1	9	+A
barcode75_consensus_vsearch	2019	T	*/-A	645	19	2.76%	2	2	93	93	1.6738487456470905E-6	1	1	305	340	2	17	-A
barcode75_consensus_vsearch	2021	G	*/-T	667	8	1.17%	2	2	93	93	0.0038256221918638194	1	1	298	369	6	2	-T
barcode75_consensus_vsearch	2024	T	*/-CT	660	8	1.15%	2	1	93	93	0.0038247814334864054	1	1	307	353	0	8	-CT
barcode75_consensus_vsearch	2024	T	*/-CTT	660	10	1.44%	2	1	93	93	9.440853725445048E-4	1	1	307	353	0	10	-CTT
barcode75_consensus_vsearch	2025	C	*/+T	567	40	5.96%	2	2	93	93	4.680858295739743E-13	1	1	294	273	11	29	+T
barcode75_consensus_vsearch	2025	C	*/+TT	567	9	1.34%	2	2	93	93	0.0018925934416486783	1	1	294	273	1	8	+T
barcode75_consensus_vsearch	2025	C	*/-T	567	46	6.86%	2	2	93	93	5.912341381218136E-15	1	1	294	273	2	44	-T
barcode75_consensus_vsearch	2029	T	*/-C	665	18	2.59%	2	2	93	93	3.4055237370353982E-6	1	1	304	361	1	17	-C
barcode75_consensus_vsearch	2032	T	*/+C	674	9	1.31%	2	1	93	93	0.0019020098594393618	1	1	300	374	9	0	+C
barcode75_consensus_vsearch	2053	G	*/+T	673	12	1.73%	2	1	93	93	2.3256292247515707E-4	1	1	307	366	0	12	+T
barcode75_consensus_vsearch	2055	C	*/-T	681	11	1.58%	2	2	93	93	4.691147949909668E-4	1	1	311	370	1	10	-T
barcode75_consensus_vsearch	2059	C	*/+G	656	7	1.01%	2	2	93	93	0.007689146845504986	1	1	302	354	1	6	+G
barcode75_consensus_vsearch	2059	C	*/-G	656	12	1.73%	2	2	93	93	2.3227305687118882E-4	1	1	302	354	1	11	-G
barcode75_consensus_vsearch	2061	G	*/+A	682	8	1.15%	2	1	93	93	0.0038273666483378274	1	1	302	380	8	0	+A
barcode75_consensus_vsearch	2062	G	*/+T	665	21	3.02%	2	2	93	93	4.08211818719889E-7	1	1	286	379	20	1	+T
barcode75_consensus_vsearch	2066	T	*/+C	641	34	4.92%	2	2	93	93	3.800969122715665E-11	1	1	267	374	32	2	+C
barcode75_consensus_vsearch	2066	T	*/-C	641	10	1.45%	2	1	93	93	9.431470390590508E-4	1	1	267	374	10	0	+C
barcode75_consensus_vsearch	2070	A	*/+C	581	7	1.02%	2	2	93	93	0.007673467005464533	1	1	221	360	4	3	+C
barcode75_consensus_vsearch	2070	A	*/-C	581	65	9.45%	2	2	93	93	4.975067278259871E-21	1	1	221	360	54	11	-C
barcode75_consensus_vsearch	2070	A	*/-CC	581	16	2.33%	2	1	93	93	1.3781517757100747E-5	1	1	221	360	16	0	-C
barcode75_consensus_vsearch	2070	A	*/-CCC	581	9	1.31%	2	1	93	93	0.0018940181115188759	1	1	221	360	9	0	-C
barcode75_consensus_vsearch	2086	G	*/-CG	676	8	1.15%	2	1	93	93	0.0038266780028401756	1	1	303	373	0	8	-CG
barcode75_consensus_vsearch	2105	T	*/-A	674	10	1.44%	2	2	93	93	9.447437414487541E-4	1	1	307	367	3	7	-A
barcode75_consensus_vsearch	2107	A	*/-G	676	7	1.01%	2	2	93	93	0.007692748279243189	1	1	307	369	2	5	-G
barcode75_consensus_vsearch	2114	C	*/-T	670	11	1.58%	2	2	93	93	4.6880909815982715E-4	1	1	310	360	1	10	-T
barcode75_consensus_vsearch	2124	C	*/+A	627	39	5.65%	2	1	93	93	1.0256558260521999E-12	1	1	251	376	39	0	+A
barcode75_consensus_vsearch	2125	G	*/-A	635	39	5.7%	2	1	93	93	1.0328632364848535E-12	1	1	256	379	39	0	-A
barcode75_consensus_vsearch	2126	A	*/-G	637	7	1.07%	2	1	93	93	0.007685518941658472	1	1	260	377	7	0	-G
barcode75_consensus_vsearch	2127	G	*/-C	670	7	1.02%	2	2	93	93	0.007691690124933204	1	1	301	369	3	4	-C
barcode75_consensus_vsearch	2129	T	*/+C	673	7	1.01%	2	1	93	93	0.007692221529292311	1	1	299	374	7	0	+C
barcode75_consensus_vsearch	2133	C	*/+T	630	15	2.17%	2	1	93	93	2.8105925684831504E-5	1	1	262	368	15	0	+T
barcode75_consensus_vsearch	2133	C	*/+TT	630	8	1.16%	2	1	93	93	0.003820970297541775	1	1	262	368	8	0	+T
barcode75_consensus_vsearch	2133	C	*/-AC	630	20	2.9%	2	1	93	93	8.221616065546869E-7	1	1	262	368	20	0	-AC
barcode75_consensus_vsearch	2134	A	*/-C	612	32	4.79%	2	2	93	93	1.5688651941273203E-10	1	1	243	369	27	5	-C
barcode75_consensus_vsearch	2135	C	*/+T	605	19	3%	2	2	93	93	1.659685254016305E-6	1	1	249	356	1	18	+T
barcode75_consensus_vsearch	2136	C	*/+T	649	9	1.31%	2	1	93	93	0.0019000819254439566	1	1	283	366	0	9	+T
barcode75_consensus_vsearch	2140	T	*/+C	676	14	2.02%	2	1	93	93	5.7102932363953475E-5	1	1	296	380	14	0	+C
barcode75_consensus_vsearch	2141	C	*/+A	671	8	1.15%	2	2	93	93	0.0038260948798600684	1	1	295	376	7	1	+A
barcode75_consensus_vsearch	2141	C	*/-A	671	11	1.59%	2	2	93	93	4.688372910985754E-4	1	1	295	376	7	4	-A
barcode75_consensus_vsearch	2143	A	*/-G	671	14	2.02%	2	2	93	93	5.707490482835091E-5	1	1	295	376	12	2	-G
barcode75_consensus_vsearch	2145	C	*/-AC	664	10	1.46%	2	1	93	93	9.442762414594748E-4	1	1	290	374	10	0	-AC
barcode75_consensus_vsearch	2150	C	*/-T	679	8	1.16%	2	2	93	93	0.0038270238219715778	1	1	309	370	1	7	-T
barcode75_consensus_vsearch	2151	T	*/+C	651	22	3.21%	2	1	93	93	2.0025965462483192E-7	1	1	285	366	22	0	+C
barcode75_consensus_vsearch	2152	C	*/-G	639	46	6.64%	2	1	93	93	6.50405285928054E-15	1	1	305	334	0	46	-G
barcode75_consensus_vsearch	2158	C	*/+T	676	7	1.01%	2	1	93	93	0.007692748279243189	1	1	310	366	0	7	+T
barcode75_consensus_vsearch	2159	T	*/+G	643	40	5.81%	2	2	93	93	5.051163357179061E-13	1	1	303	340	6	34	+G
barcode75_consensus_vsearch	2162	A	*/-G	675	9	1.3%	2	2	93	93	0.0019020840661164082	1	1	303	372	3	6	-G
barcode75_consensus_vsearch	2167	C	*/-T	670	21	3.03%	2	2	93	93	4.0867801460796264E-7	1	1	310	360	1	20	-T
barcode75_consensus_vsearch	2168	T	*/-C	645	18	2.68%	2	2	93	93	3.3937315286020806E-6	1	1	302	343	6	12	-C
barcode75_consensus_vsearch	2174	C	*/-T	666	15	2.18%	2	1	93	93	2.8229831694370956E-5	1	1	303	363	0	15	-T
barcode75_consensus_vsearch	2177	A	*/+G	648	24	3.47%	2	1	93	93	4.8361825177056806E-8	1	1	304	344	0	24	+G
barcode75_consensus_vsearch	2177	A	*/-G	648	10	1.45%	2	2	93	93	9.434989821044166E-4	1	1	304	344	1	9	+G
barcode75_consensus_vsearch	2183	T	*/-A	678	7	1.01%	2	2	93	93	0.007693096890205231	1	1	299	379	5	2	-A
barcode75_consensus_vsearch	2184	A	*/+G	666	13	1.89%	2	1	93	93	1.1519488792314726E-4	1	1	304	362	0	13	+G
barcode75_consensus_vsearch	2186	A	*/+G	665	12	1.74%	2	2	93	93	2.3242829916540379E-4	1	1	293	372	9	3	+G
barcode75_consensus_vsearch	2189	A	*/-C	674	11	1.59%	2	2	93	93	4.6892138226090437E-4	1	1	302	372	5	6	-C
barcode75_consensus_vsearch	2195	C	*/+G	676	9	1.29%	2	1	93	93	0.0019021580576563692	1	1	297	379	9	0	+G
barcode75_consensus_vsearch	2196	A	*/-G	664	12	1.73%	2	2	93	93	2.3241125084344218E-4	1	1	298	366	6	6	-G
barcode75_consensus_vsearch	2198	G	*/+A	639	7	1.01%	2	1	93	93	0.007685910844300112	1	1	282	357	0	7	+A
barcode75_consensus_vsearch	2198	G	*/+C	639	8	1.15%	2	1	93	93	0.003822150559081419	1	1	282	357	8	0	+C
barcode75_consensus_vsearch	2199	C	*/+T	648	9	1.31%	2	1	93	93	0.0019000017786656748	1	1	297	351	9	0	+T
barcode75_consensus_vsearch	2202	T	*/+C	683	9	1.3%	2	1	93	93	0.0019026700524163046	1	1	303	380	9	0	+C
barcode75_consensus_vsearch	2203	C	*/+A	679	7	1.01%	2	1	93	93	0.007693270435678032	1	1	303	376	7	0	+A
barcode75_consensus_vsearch	2211	C	*/-GC	678	9	1.3%	2	2	93	93	0.0019023053990612246	1	1	302	376	8	1	-GC
barcode75_consensus_vsearch	2215	T	*/+C	677	14	2.02%	2	1	93	93	5.710849035009345E-5	1	1	299	378	14	0	+C
barcode75_consensus_vsearch	2216	C	*/-T	681	7	1.01%	2	2	93	93	0.007693616017588559	1	1	309	372	1	6	-T
barcode75_consensus_vsearch	2217	T	*/+A	628	16	2.34%	2	1	93	93	1.3885578726531942E-5	1	1	259	369	16	0	+A
barcode75_consensus_vsearch	2217	T	*/-A	628	26	3.8%	2	2	93	93	1.1565322504983831E-8	1	1	259	369	25	1	-A
barcode75_consensus_vsearch	2218	A	*/+G	645	7	1.06%	2	1	93	93	0.007687072171301746	1	1	265	380	7	0	+G
barcode75_consensus_vsearch	2219	A	*/-G	655	27	3.92%	2	1	93	93	5.7307414803803955E-9	1	1	277	378	27	0	-G
barcode75_consensus_vsearch	2220	G	*/+A	642	13	1.95%	2	1	93	93	1.1494809564029318E-4	1	1	260	382	13	0	+A
barcode75_consensus_vsearch	2221	A	*/-GA	659	12	1.74%	2	2	93	93	2.3232525946294575E-4	1	1	283	376	11	1	-GA
barcode75_consensus_vsearch	2222	G	*/-A	667	7	1.03%	2	1	93	93	0.007691154004207902	1	1	287	380	7	0	-A
barcode75_consensus_vsearch	2230	T	*/-C	619	72	10.36%	2	1	93	93	3.0086487977439307E-23	1	1	238	381	72	0	-C
barcode75_consensus_vsearch	2234	G	*/+A	667	10	1.44%	2	2	93	93	9.444179274457236E-4	1	1	291	376	7	3	+A
barcode75_consensus_vsearch	2234	G	*/-A	667	9	1.29%	2	2	93	93	0.0019014843092738523	1	1	291	376	8	1	+A
barcode75_consensus_vsearch	2238	A	*/-G	669	9	1.31%	2	1	93	93	0.0019016355659458553	1	1	301	368	0	9	-G
barcode75_consensus_vsearch	2243	C	*/+G	659	20	2.88%	2	2	93	93	8.274653912968745E-7	1	1	307	352	1	19	+G
barcode75_consensus_vsearch	2245	A	*/+G	644	20	2.91%	2	2	93	93	8.247765018673087E-7	1	1	293	351	4	16	+G
barcode75_consensus_vsearch	2245	A	*/-G	644	10	1.45%	2	2	93	93	9.432987849884192E-4	1	1	293	351	1	9	+G
barcode75_consensus_vsearch	2248	A	*/-C	672	9	1.3%	2	1	93	93	0.0019018607969218603	1	1	310	362	0	9	-C
barcode75_consensus_vsearch	2249	C	*/+T	596	7	1.02%	2	1	93	93	0.007676913959545329	1	1	305	291	0	7	+T
barcode75_consensus_vsearch	2249	C	*/-T	596	18	2.62%	2	2	93	93	3.361754054896359E-6	1	1	305	291	4	14	-T
barcode75_consensus_vsearch	2250	T	*/-C	480	180	26.79%	2	2	93	93	4.512793116446353E-61	1	1	221	259	79	101	-C
barcode75_consensus_vsearch	2252	C	*/+G	633	12	1.74%	2	1	93	93	2.318569782743032E-4	1	1	301	332	0	12	+G
barcode75_consensus_vsearch	2256	C	*/-T	680	12	1.73%	2	1	93	93	2.3267820494486116E-4	1	1	311	369	0	12	-T
barcode75_consensus_vsearch	2257	T	*/+C	644	24	3.52%	2	2	93	93	4.8300242812313206E-8	1	1	287	357	23	1	+C
barcode75_consensus_vsearch	2258	C	*/-G	666	8	1.16%	2	2	93	93	0.003825503147506549	1	1	306	360	5	3	-G
barcode75_consensus_vsearch	2258	C	*/-GG	666	9	1.3%	2	1	93	93	0.0019014083472220235	1	1	306	360	0	9	-GG
barcode75_consensus_vsearch	2260	G	*/+A	668	11	1.6%	2	1	93	93	4.6875246633014286E-4	1	1	301	367	11	0	+A
barcode75_consensus_vsearch	2262	T	*/-C	677	9	1.3%	2	2	93	93	0.001902231834999292	1	1	305	372	6	3	-C
barcode75_consensus_vsearch	2264	C	*/-T	650	33	4.76%	2	2	93	93	7.834910207962099E-11	1	1	304	346	2	31	-T
barcode75_consensus_vsearch	2268	T	*/+A	512	35	5.1%	2	2	93	93	1.6596386707142302E-11	1	1	184	328	14	21	+A
barcode75_consensus_vsearch	2268	T	*/-A	512	98	14.29%	2	2	93	93	4.547880694682705E-32	1	1	184	328	81	17	-A
barcode75_consensus_vsearch	2268	T	*/-AA	512	24	3.5%	2	2	93	93	4.580889745659234E-8	1	1	184	328	19	5	-A
barcode75_consensus_vsearch	2272	A	*/-G	640	32	4.62%	2	2	93	93	1.5955207419381907E-10	1	1	277	363	24	8	-G
barcode75_consensus_vsearch	2276	C	*/-T	665	15	2.16%	2	1	93	93	2.8226561941462025E-5	1	1	307	358	0	15	-T
barcode75_consensus_vsearch	2277	T	*/+C	557	17	2.52%	2	2	93	93	6.765321763586351E-6	1	1	265	292	5	12	+C
barcode75_consensus_vsearch	2277	T	*/-C	557	59	8.74%	2	2	93	93	4.0341571619077873E-19	1	1	265	292	10	49	-C
barcode75_consensus_vsearch	2277	T	*/-CC	557	38	5.63%	2	2	93	93	1.9765292499763282E-12	1	1	265	292	30	8	-C
barcode75_consensus_vsearch	2283	A	*/-G	664	22	3.17%	2	2	93	93	2.009332786434768E-7	1	1	287	377	18	4	-G
barcode75_consensus_vsearch	2285	G	*/-A	679	10	1.44%	2	1	93	93	9.449724513676984E-4	1	1	297	382	10	0	-A
barcode75_consensus_vsearch	2297	G	*/+C	664	12	1.74%	2	1	93	93	2.3241125084344218E-4	1	1	308	356	0	12	+C
barcode75_consensus_vsearch	2298	C	*/-T	667	9	1.31%	2	2	93	93	0.0019014843092738523	1	1	310	357	1	8	-T
barcode75_consensus_vsearch	2300	C	*/+A	574	20	2.89%	2	2	93	93	8.105500460828035E-7	1	1	227	347	12	8	+A
barcode75_consensus_vsearch	2300	C	*/-A	574	76	10.98%	2	2	93	93	1.2890421034690291E-24	1	1	227	347	70	6	-A
barcode75_consensus_vsearch	2300	C	*/-AA	574	7	1.01%	2	2	93	93	0.007671797729860669	1	1	227	347	2	5	-A
barcode75_consensus_vsearch	2303	A	*/+G	580	10	1.44%	2	2	93	93	9.39730591623294E-4	1	1	252	328	9	1	+G
barcode75_consensus_vsearch	2303	A	*/-G	580	43	6.2%	2	2	93	93	5.367676178578554E-14	1	1	252	328	27	16	-G
barcode75_consensus_vsearch	2303	A	*/-GG	580	33	4.76%	2	2	93	93	7.479217329114206E-11	1	1	252	328	3	30	-G
barcode75_consensus_vsearch	2317	G	*/-C	680	11	1.59%	2	2	93	93	4.6908740151385334E-4	1	1	303	377	8	3	-C
barcode75_consensus_vsearch	2321	G	*/+T	680	9	1.29%	2	2	93	93	0.0019024518910627653	1	1	303	377	8	1	+T
barcode75_consensus_vsearch	2325	A	*/+G	589	16	2.31%	2	2	93	93	1.3800328916330514E-5	1	1	304	285	3	13	+G
barcode75_consensus_vsearch	2325	A	*/-G	589	83	11.96%	2	2	93	93	6.952307229322763E-27	1	1	304	285	3	80	-G
barcode75_consensus_vsearch	2330	G	*/-CG	670	14	2.02%	2	2	93	93	5.706925132570218E-5	1	1	305	365	2	12	-CG
barcode75_consensus_vsearch	2334	T	*/-GC	671	12	1.74%	2	2	93	93	2.3252955756265846E-4	1	1	310	361	1	11	-GC
barcode75_consensus_vsearch	2340	G	*/-CG	667	10	1.45%	2	2	93	93	9.444179274457236E-4	1	1	299	368	1	9	-CG
barcode75_consensus_vsearch	2361	C	*/-AC	678	10	1.45%	2	1	93	93	9.449269727691985E-4	1	1	302	376	10	0	-AC
barcode75_consensus_vsearch	2367	T	*/-A	654	30	4.34%	2	2	93	93	6.728946472436768E-10	1	1	308	346	2	28	-A
barcode75_consensus_vsearch	2369	A	*/-G	661	23	3.31%	2	1	93	93	9.877433084624267E-8	1	1	310	351	0	23	-G
barcode75_consensus_vsearch	2374	T	*/-G	674	9	1.3%	2	1	93	93	0.0019020098594393618	1	1	313	361	0	9	-G
barcode75_consensus_vsearch	2378	C	*/-T	673	12	1.73%	2	1	93	93	2.3256292247515707E-4	1	1	310	363	0	12	-T
barcode75_consensus_vsearch	2380	T	*/+G	669	12	1.73%	2	1	93	93	2.324959998276635E-4	1	1	308	361	0	12	+G
barcode75_consensus_vsearch	2381	G	*/-C	676	8	1.16%	2	1	93	93	0.0038266780028401756	1	1	308	368	0	8	-C
barcode75_consensus_vsearch	2386	T	*/+C	671	14	2.02%	2	1	93	93	5.707490482835091E-5	1	1	295	376	14	0	+C
barcode75_consensus_vsearch	2388	A	*/-CA	672	11	1.59%	2	1	93	93	4.6886540252506797E-4	1	1	294	378	11	0	-CA
barcode75_consensus_vsearch	2394	C	*/+T	666	7	1.02%	2	2	93	93	0.007690974238331026	1	1	303	363	1	6	+T
barcode75_consensus_vsearch	2400	C	*/+A	683	11	1.58%	2	1	93	93	4.6916934806662123E-4	1	1	301	382	11	0	+A
barcode75_consensus_vsearch	2402	C	*/-A	676	8	1.15%	2	2	93	93	0.0038266780028401756	1	1	306	370	1	7	-A
barcode75_consensus_vsearch	2430	G	*/-TG	647	37	5.34%	2	1	93	93	4.4119867391177724E-12	1	1	310	337	0	37	-TG
barcode75_consensus_vsearch	2434	C	*/+A	621	38	5.48%	2	1	93	93	2.1008574184383297E-12	1	1	255	366	38	0	+A
barcode75_consensus_vsearch	2434	C	*/-A	621	17	2.45%	2	2	93	93	6.848475430459044E-6	1	1	255	366	9	8	+A
barcode75_consensus_vsearch	2436	A	*/+G	617	11	1.59%	2	2	93	93	4.6718815813061483E-4	1	1	290	327	3	8	+G
barcode75_consensus_vsearch	2436	A	*/-G	617	60	8.66%	2	2	93	93	2.2088698954808225E-19	1	1	290	327	18	42	-G
barcode75_consensus_vsearch	2441	T	*/-C	677	7	1.01%	2	1	93	93	0.007692922838799737	1	1	300	377	7	0	-C
barcode75_consensus_vsearch	2458	T	*/+A	519	19	2.76%	2	2	93	93	1.6225577997907453E-6	1	1	206	313	10	9	+A
barcode75_consensus_vsearch	2458	T	*/-A	519	82	11.9%	2	2	93	93	1.0646754262545412E-26	1	1	206	313	60	22	-A
barcode75_consensus_vsearch	2458	T	*/-AA	519	51	7.4%	2	2	93	93	1.3773681971328116E-16	1	1	206	313	23	28	-A
barcode75_consensus_vsearch	2464	G	*/-T	677	8	1.15%	2	2	93	93	0.0038267936108249954	1	1	307	370	1	7	-T
barcode75_consensus_vsearch	2484	A	*/+C	671	10	1.44%	2	2	93	93	9.446049190917967E-4	1	1	301	370	2	8	+C
barcode75_consensus_vsearch	2486	T	*/+C	642	23	3.32%	2	2	93	93	9.823593859215281E-8	1	1	302	340	2	21	+C
barcode75_consensus_vsearch	2486	T	*/-C	642	14	2.02%	2	2	93	93	5.69041297259133E-5	1	1	302	340	4	10	+C
barcode75_consensus_vsearch	2487	C	*/-A	661	8	1.17%	2	1	93	93	0.00382490261371978	1	1	297	364	8	0	-A
barcode75_consensus_vsearch	2493	G	*/-CG	664	10	1.44%	2	2	93	93	9.442762414594748E-4	1	1	286	378	7	3	-CG
barcode75_consensus_vsearch	2503	C	*/-T	658	22	3.17%	2	2	93	93	2.0062534689674337E-7	1	1	304	354	3	19	-T
barcode75_consensus_vsearch	2503	C	*/-TT	658	9	1.29%	2	2	93	93	0.0019007925102782891	1	1	304	354	2	7	-T
barcode75_consensus_vsearch	2512	G	*/-TG	629	42	6.12%	2	2	93	93	1.17264194521751E-13	1	1	294	335	6	36	-TG
barcode75_consensus_vsearch	2516	C	*/-T	676	11	1.59%	2	1	93	93	4.689770401652236E-4	1	1	309	367	0	11	-T
barcode75_consensus_vsearch	2517	T	*/+C	653	11	1.61%	2	2	93	93	4.683169949882425E-4	1	1	299	354	9	2	+C
barcode75_consensus_vsearch	2517	T	*/-C	653	9	1.32%	2	2	93	93	0.0019004001088453143	1	1	299	354	1	8	+C
barcode75_consensus_vsearch	2518	C	*/-G	635	34	4.98%	2	2	93	93	3.786093881416725E-11	1	1	298	337	6	28	-G
barcode75_consensus_vsearch	2520	G	*/-A	680	8	1.15%	2	1	93	93	0.0038271384280311226	1	1	302	378	8	0	-A
barcode75_consensus_vsearch	2529	A	*/-CA	669	13	1.88%	2	2	93	93	1.1522453989954195E-4	1	1	303	366	2	11	-CA
barcode75_consensus_vsearch	2532	G	*/-A	682	11	1.58%	2	2	93	93	4.6914211039852195E-4	1	1	302	380	10	1	-A
barcode75_consensus_vsearch	2538	C	*/+G	662	10	1.45%	2	1	93	93	9.441810882382281E-4	1	1	291	371	10	0	+G
barcode75_consensus_vsearch	2538	C	*/-A	662	11	1.59%	2	2	93	93	4.685805772482585E-4	1	1	291	371	7	4	-A
barcode75_consensus_vsearch	2539	A	*/-G	648	11	1.61%	2	1	93	93	4.681674903614805E-4	1	1	282	366	11	0	-G
barcode75_consensus_vsearch	2540	G	*/+A	676	7	1.02%	2	1	93	93	0.007692748279243189	1	1	295	381	7	0	+A
barcode75_consensus_vsearch	2541	G	*/+T	603	7	1.01%	2	2	93	93	0.007678464717006819	1	1	234	369	5	2	+T
barcode75_consensus_vsearch	2541	G	*/-T	603	76	10.94%	2	2	93	93	1.4323971111000446E-24	1	1	234	369	67	9	-T
barcode75_consensus_vsearch	2546	A	*/+C	668	7	1.01%	2	1	93	93	0.00769133323902577	1	1	309	359	0	7	+C
barcode75_consensus_vsearch	2546	A	*/-C	668	15	2.16%	2	2	93	93	2.8236343294147523E-5	1	1	309	359	2	13	-C
barcode75_consensus_vsearch	2548	C	*/-T	659	7	1.01%	2	2	93	93	0.007689700807880409	1	1	311	348	1	6	-T
barcode75_consensus_vsearch	2548	C	*/-TC	659	20	2.88%	2	1	93	93	8.274653912968745E-7	1	1	311	348	0	20	-TC
barcode75_consensus_vsearch	2553	T	*/+C	671	17	2.46%	2	1	93	93	6.903090914510574E-6	1	1	293	378	17	0	+C
barcode75_consensus_vsearch	2555	A	*/+G	666	16	2.31%	2	1	93	93	1.3959579282431563E-5	1	1	310	356	0	16	+G
barcode75_consensus_vsearch	2557	A	*/+G	532	12	1.75%	2	2	93	93	2.296217615481528E-4	1	1	171	361	8	4	+G
barcode75_consensus_vsearch	2557	A	*/-G	532	128	18.69%	2	2	93	93	3.1796066106617925E-42	1	1	171	361	122	6	-G
barcode75_consensus_vsearch	2557	A	*/-GG	532	9	1.31%	2	2	93	93	0.0018887120592700076	1	1	171	361	3	6	-G
barcode75_consensus_vsearch	2564	A	*/+T	645	10	1.45%	2	2	93	93	9.433490611852128E-4	1	1	282	363	8	2	+T
barcode75_consensus_vsearch	2564	A	*/-T	645	19	2.76%	2	2	93	93	1.6738487456470905E-6	1	1	282	363	14	5	-T
barcode75_consensus_vsearch	2571	C	*/-TC	676	10	1.45%	2	1	93	93	9.448356216352928E-4	1	1	307	369	0	10	-TC
barcode75_consensus_vsearch	2573	C	*/-G	659	17	2.49%	2	1	93	93	6.890691172448822E-6	1	1	290	369	17	0	-G
barcode75_consensus_vsearch	2575	A	*/-C	678	9	1.3%	2	1	93	93	0.0019023053990612246	1	1	297	381	9	0	-C
barcode75_consensus_vsearch	2579	G	*/-A	681	8	1.15%	2	1	93	93	0.0038272527030184396	1	1	304	377	8	0	-A
barcode75_consensus_vsearch	2583	A	*/-CA	650	29	4.22%	2	2	93	93	1.3724483983284597E-9	1	1	283	367	21	8	-CA
barcode75_consensus_vsearch	2592	T	*/-C	604	39	5.61%	2	2	93	93	1.0042077110543942E-12	1	1	226	378	37	2	-C
barcode75_consensus_vsearch	2592	T	*/-CC	604	50	7.19%	2	1	93	93	3.3547273385109317E-16	1	1	226	378	50	0	-CC
barcode75_consensus_vsearch	2595	C	*/+G	642	23	3.31%	2	1	93	93	9.823593859215281E-8	1	1	304	338	0	23	+G
barcode75_consensus_vsearch	2595	C	*/-G	642	8	1.15%	2	2	93	93	0.003822536753322346	1	1	304	338	7	1	+G
barcode75_consensus_vsearch	2596	G	*/-A	667	11	1.6%	2	2	93	93	4.687240267233006E-4	1	1	290	377	10	1	-A
barcode75_consensus_vsearch	2604	C	*/-G	658	13	1.89%	2	2	93	93	1.1511454585396973E-4	1	1	297	361	5	8	-G
barcode75_consensus_vsearch	2606	G	*/+A	510	13	1.87%	2	2	93	93	1.1319632414400743E-4	1	1	277	233	6	7	+A
barcode75_consensus_vsearch	2606	G	*/-A	510	142	20.43%	2	2	93	93	3.195031474099527E-47	1	1	277	233	26	116	-A
barcode75_consensus_vsearch	2606	G	*/-AA	510	22	3.17%	2	2	93	93	1.9102980825827988E-7	1	1	277	233	1	21	-A
barcode75_consensus_vsearch	2612	G	*/-C	661	26	3.75%	2	2	93	93	1.1709685121497283E-8	1	1	304	357	1	25	-C
barcode75_consensus_vsearch	2614	G	*/-A	675	7	1.02%	2	1	93	93	0.007692573209303539	1	1	299	376	7	0	-A
barcode75_consensus_vsearch	2627	G	*/-A	684	8	1.15%	2	1	93	93	0.003827593555737496	1	1	302	382	8	0	-A
barcode75_consensus_vsearch	2631	A	*/-CTA	664	17	2.46%	2	2	93	93	6.895908777036158E-6	1	1	295	369	9	8	-CTA
barcode75_consensus_vsearch	2638	T	*/+C	670	13	1.87%	2	2	93	93	1.1523436715259954E-4	1	1	296	374	10	3	+C
barcode75_consensus_vsearch	2647	A	*/-G	678	11	1.58%	2	2	93	93	4.6903237900469013E-4	1	1	298	380	9	2	-G
barcode75_consensus_vsearch	2655	C	*/-T	677	14	2.02%	2	2	93	93	5.710849035009345E-5	1	1	311	366	1	13	-T
barcode75_consensus_vsearch	2658	C	*/+G	646	9	1.3%	2	2	93	93	0.0018998407563544394	1	1	282	364	2	7	+G
barcode75_consensus_vsearch	2658	C	*/-G	646	30	4.33%	2	2	93	93	6.702534848387747E-10	1	1	282	364	23	7	-G
barcode75_consensus_vsearch	2665	C	*/+T	656	17	2.45%	2	2	93	93	6.887524858349418E-6	1	1	306	350	2	15	+T
barcode75_consensus_vsearch	2665	C	*/-T	656	14	2.02%	2	2	93	93	5.6988373543466325E-5	1	1	306	350	2	12	+T
barcode75_consensus_vsearch	2670	T	*/-AC	673	7	1.01%	2	2	93	93	0.007692221529292311	1	1	304	369	4	3	-AC
barcode75_consensus_vsearch	2675	C	*/+T	657	8	1.16%	2	1	93	93	0.0038244157169107992	1	1	303	354	0	8	+T
barcode75_consensus_vsearch	2675	C	*/-T	657	9	1.3%	2	2	93	93	0.0019007144979249183	1	1	303	354	4	5	-T
barcode75_consensus_vsearch	2676	T	*/+C	664	8	1.17%	2	1	93	93	0.003825264001117595	1	1	297	367	0	8	+C
barcode75_consensus_vsearch	2678	G	*/-TA	670	10	1.45%	2	2	93	93	9.445583754165734E-4	1	1	296	374	9	1	-TA
barcode75_consensus_vsearch	2681	C	*/+T	642	11	1.59%	2	1	93	93	4.679851027335887E-4	1	1	311	331	0	11	+T
barcode75_consensus_vsearch	2681	C	*/-T	642	8	1.16%	2	1	93	93	0.003822536753322346	1	1	311	331	0	8	+T
barcode75_consensus_vsearch	2683	T	*/+C	652	7	1.02%	2	1	93	93	0.00768840040750772	1	1	307	345	0	7	+C
barcode75_consensus_vsearch	2683	T	*/-C	652	13	1.89%	2	2	93	93	1.1505304654887658E-4	1	1	307	345	3	10	-C
barcode75_consensus_vsearch	2684	C	*/+TC	647	7	1.06%	2	1	93	93	0.007687454559703911	1	1	306	341	0	7	+TC
barcode75_consensus_vsearch	2685	C	*/-T	659	7	1.03%	2	2	93	93	0.007689700807880409	1	1	311	348	1	6	-T
barcode75_consensus_vsearch	2686	T	*/+C	649	9	1.33%	2	1	93	93	0.0019000819254439566	1	1	296	353	9	0	+C
barcode75_consensus_vsearch	2687	C	*/+T	645	20	2.95%	2	1	93	93	8.249593140700269E-7	1	1	311	334	0	20	+T
barcode75_consensus_vsearch	2687	C	*/-T	645	12	1.77%	2	1	93	93	2.3207763668338672E-4	1	1	311	334	0	12	+T
barcode75_consensus_vsearch	2688	T	*/+A	639	7	1.04%	2	1	93	93	0.007685910844300112	1	1	305	334	0	7	+A
barcode75_consensus_vsearch	2688	T	*/-A	639	10	1.49%	2	2	93	93	9.430451036644986E-4	1	1	305	334	2	8	-A
barcode75_consensus_vsearch	2701	T	*/-C	676	9	1.3%	2	1	93	93	0.0019021580576563692	1	1	306	370	0	9	-C
barcode75_consensus_vsearch	2703	G	*/-A	658	18	2.62%	2	2	93	93	3.40147227163991E-6	1	1	292	366	16	2	-A
barcode75_consensus_vsearch	2705	A	*/-G	670	11	1.6%	2	2	93	93	4.6880909815982715E-4	1	1	302	368	8	3	-G
barcode75_consensus_vsearch	2710	T	*/+C	660	18	2.6%	2	1	93	93	3.4026379878507723E-6	1	1	312	348	0	18	+C
barcode75_consensus_vsearch	2711	T	*/-C	659	24	3.45%	2	1	93	93	4.852778130023879E-8	1	1	308	351	0	24	-C
barcode75_consensus_vsearch	2714	C	*/-T	654	24	3.47%	2	1	93	93	4.8452955770103767E-8	1	1	309	345	0	24	-T
barcode75_consensus_vsearch	2715	T	*/+C	651	7	1.04%	2	2	93	93	0.007688212384386832	1	1	305	346	6	1	+C
barcode75_consensus_vsearch	2720	A	*/-T	678	9	1.3%	2	1	93	93	0.0019023053990612246	1	1	307	371	0	9	-T
barcode75_consensus_vsearch	2742	G	*/-CGCG	647	33	4.8%	2	2	93	93	7.820897167850033E-11	1	1	305	342	5	28	-CGCG
barcode75_consensus_vsearch	2744	G	*/-CG	518	127	19.51%	2	2	93	93	5.981107681868906E-42	1	1	251	267	50	77	-CG
barcode75_consensus_vsearch	2745	C	*/-GT	504	7	1.33%	2	1	93	93	0.007652599633320344	1	1	247	257	0	7	-GT
barcode75_consensus_vsearch	2746	G	*/+CG	483	13	2.5%	2	2	93	93	1.1272628320445117E-4	1	1	235	248	6	7	+CG
barcode75_consensus_vsearch	2746	G	*/+T	483	8	1.54%	2	2	93	93	0.0037956090150416287	1	1	235	248	7	1	+CG
barcode75_consensus_vsearch	2748	T	*/-G	660	12	1.73%	2	1	93	93	2.323425584393901E-4	1	1	292	368	12	0	-G
barcode75_consensus_vsearch	2749	G	*/-C	640	13	1.91%	2	1	93	93	1.1492672772281456E-4	1	1	283	357	0	13	-C
barcode75_consensus_vsearch	2750	C	*/-T	655	7	1.03%	2	2	93	93	0.007688961079086654	1	1	308	347	1	6	-T
barcode75_consensus_vsearch	2751	T	*/-C	625	51	7.43%	2	2	93	93	1.6669083220554865E-16	1	1	256	369	46	5	-C
barcode75_consensus_vsearch	2753	C	*/-T	677	11	1.59%	2	2	93	93	4.690047492968275E-4	1	1	305	372	5	6	-T
barcode75_consensus_vsearch	2755	A	*/-C	676	8	1.16%	2	1	93	93	0.0038266780028401756	1	1	295	381	8	0	-C
barcode75_consensus_vsearch	2765	C	*/+A	654	7	1.01%	2	1	93	93	0.007688774752311839	1	1	292	362	7	0	+A
barcode75_consensus_vsearch	2765	C	*/+G	654	11	1.59%	2	1	93	93	4.6834662964278026E-4	1	1	292	362	0	11	+G
barcode75_consensus_vsearch	2766	G	*/-A	677	11	1.59%	2	1	93	93	4.690047492968275E-4	1	1	298	379	11	0	-A
barcode75_consensus_vsearch	2774	C	*/+G	675	8	1.16%	2	1	93	93	0.003826562057959725	1	1	311	364	0	8	+G
barcode75_consensus_vsearch	2778	C	*/-G	673	10	1.44%	2	2	93	93	9.44697601521353E-4	1	1	302	371	5	5	-G
barcode75_consensus_vsearch	2790	C	*/+G	677	7	1.01%	2	1	93	93	0.007692922838799737	1	1	310	367	0	7	+G
barcode75_consensus_vsearch	2799	T	*/-GT	612	63	9.12%	2	2	93	93	2.377240185269069E-20	1	1	296	316	14	49	-GT
barcode75_consensus_vsearch	2802	A	*/-C	673	9	1.3%	2	1	93	93	0.001901935436692325	1	1	310	363	0	9	-C
barcode75_consensus_vsearch	2803	C	+A/+A	149	522	76.2%	2	2	93	93	1.0694654306056662E-235	1	1	130	19	173	349	+A
barcode75_consensus_vsearch	2805	A	*/+G	676	10	1.44%	2	2	93	93	9.448356216352928E-4	1	1	303	373	6	4	+G
barcode75_consensus_vsearch	2809	C	*/+G	666	8	1.16%	2	1	93	93	0.003825503147506549	1	1	298	368	8	0	+G
barcode75_consensus_vsearch	2810	A	*/+G	531	21	3.06%	2	2	93	93	3.9281831110531177E-7	1	1	271	260	7	14	+G
barcode75_consensus_vsearch	2810	A	*/-G	531	107	15.57%	2	2	93	93	4.79668860172746E-35	1	1	271	260	12	95	-G
barcode75_consensus_vsearch	2814	A	*/+T	670	13	1.88%	2	1	93	93	1.1523436715259954E-4	1	1	308	362	0	13	+T
barcode75_consensus_vsearch	2815	C	*/+G	650	8	1.16%	2	1	93	93	0.0038235494745854515	1	1	310	340	0	8	+G
barcode75_consensus_vsearch	2820	T	*/-C	676	7	1.01%	2	1	93	93	0.007692748279243189	1	1	309	367	0	7	-C
barcode75_consensus_vsearch	2829	G	*/-T	676	7	1.01%	2	2	93	93	0.007692748279243189	1	1	305	371	1	6	-T
barcode75_consensus_vsearch	2837	C	*/-T	677	8	1.16%	2	1	93	93	0.0038267936108249954	1	1	312	365	0	8	-T
barcode75_consensus_vsearch	2838	T	*/-C	667	7	1.02%	2	2	93	93	0.007691154004207902	1	1	306	361	1	6	-C
barcode75_consensus_vsearch	2842	G	*/-A	687	7	1.01%	2	1	93	93	0.00769464084724551	1	1	305	382	7	0	-A
barcode75_consensus_vsearch	2847	C	*/+A	661	21	3.03%	2	1	93	93	4.0783425498843794E-7	1	1	283	378	21	0	+A
barcode75_consensus_vsearch	2847	C	*/-A	661	8	1.15%	2	2	93	93	0.00382490261371978	1	1	283	378	7	1	+A
barcode75_consensus_vsearch	2849	A	*/-G	665	13	1.87%	2	2	93	93	1.1518494678179604E-4	1	1	295	370	11	2	-G
barcode75_consensus_vsearch	2853	A	*/+T	665	9	1.31%	2	2	93	93	0.0019013321613719355	1	1	299	366	2	7	+T
barcode75_consensus_vsearch	2853	A	*/-T	665	8	1.16%	2	2	93	93	0.003825383751108893	1	1	299	366	4	4	+T
barcode75_consensus_vsearch	2854	T	*/+C	665	12	1.75%	2	1	93	93	2.3242829916540379E-4	1	1	303	362	0	12	+C
barcode75_consensus_vsearch	2855	T	*/+C	656	8	1.15%	2	2	93	93	0.0038242930806613286	1	1	298	358	3	5	+C
barcode75_consensus_vsearch	2855	T	*/-C	656	21	3.03%	2	2	93	93	4.073564303954074E-7	1	1	298	358	8	13	-C
barcode75_consensus_vsearch	2856	C	*/+T	654	8	1.19%	2	1	93	93	0.0038240467022021517	1	1	304	350	0	8	+T
barcode75_consensus_vsearch	2863	C	*/-A	675	10	1.45%	2	1	93	93	9.447897479611806E-4	1	1	299	376	10	0	-A
barcode75_consensus_vsearch	2875	T	*/-C	659	27	3.89%	2	1	93	93	5.739692116504001E-9	1	1	280	379	27	0	-C
barcode75_consensus_vsearch	2883	T	*/-C	669	9	1.3%	2	1	93	93	0.0019016355659458553	1	1	303	366	0	9	-C
barcode75_consensus_vsearch	2884	C	*/+G	665	9	1.31%	2	1	93	93	0.0019013321613719355	1	1	312	353	0	9	+G
barcode75_consensus_vsearch	2887	T	*/-C	584	92	13.35%	2	2	93	93	7.273122660942294E-30	1	1	281	303	23	69	-C
barcode75_consensus_vsearch	2887	T	*/-CC	584	7	1.02%	2	2	93	93	0.007674170345963	1	1	281	303	5	2	-C
barcode75_consensus_vsearch	2888	C	*/+T	578	8	1.35%	2	1	93	93	0.003813445148774959	1	1	283	295	0	8	+T
barcode75_consensus_vsearch	2894	C	*/-AC	663	15	2.17%	2	1	93	93	2.821999433004045E-5	1	1	285	378	15	0	-AC
barcode75_consensus_vsearch	2897	G	*/-A	674	17	2.45%	2	1	93	93	6.90612613285916E-6	1	1	294	380	17	0	-A
barcode75_consensus_vsearch	2903	G	*/+C	673	11	1.59%	2	2	93	93	4.6889343279630895E-4	1	1	301	372	4	7	+C
barcode75_consensus_vsearch	2907	C	*/-A	676	8	1.16%	2	1	93	93	0.0038266780028401756	1	1	301	375	8	0	-A
barcode75_consensus_vsearch	2910	A	*/+G	651	11	1.6%	2	2	93	93	4.682574605986325E-4	1	1	293	358	2	9	+G
barcode75_consensus_vsearch	2910	A	*/-G	651	7	1.02%	2	2	93	93	0.007688212384386832	1	1	293	358	1	6	+G
barcode75_consensus_vsearch	2912	G	*/-A	679	12	1.73%	2	2	93	93	2.3266187675392302E-4	1	1	299	380	10	2	-A
barcode75_consensus_vsearch	2916	A	*/-C	657	15	2.17%	2	2	93	93	2.8200063727560058E-5	1	1	291	366	6	9	-C
barcode75_consensus_vsearch	2919	C	*/-G	647	14	2.02%	2	1	93	93	5.693461631776686E-5	1	1	304	343	0	14	-G
barcode75_consensus_vsearch	2921	G	*/+C	643	25	3.61%	2	2	93	93	2.3708350892604136E-8	1	1	300	343	2	23	+C
barcode75_consensus_vsearch	2921	G	*/-C	643	12	1.73%	2	2	93	93	2.3204141235062925E-4	1	1	300	343	7	5	+C
barcode75_consensus_vsearch	2922	C	*/+T	646	19	2.79%	2	1	93	93	1.6741821373790255E-6	1	1	303	343	0	19	+T
barcode75_consensus_vsearch	2922	C	*/+TC	646	8	1.18%	2	1	93	93	0.003823046195335939	1	1	303	343	0	8	+T
barcode75_consensus_vsearch	2923	C	*/+T	669	9	1.3%	2	1	93	93	0.0019016355659458553	1	1	310	359	0	9	+T
barcode75_consensus_vsearch	2924	C	*/+T	667	12	1.73%	2	1	93	93	2.3246224759388483E-4	1	1	307	360	0	12	+T
barcode75_consensus_vsearch	2924	C	*/-T	667	8	1.15%	2	2	93	93	0.0038256221918638194	1	1	307	360	2	6	+T
barcode75_consensus_vsearch	2925	T	*/+C	669	7	1.02%	2	2	93	93	0.007691511945153724	1	1	308	361	1	6	+C
barcode75_consensus_vsearch	2926	C	*/-T	651	10	1.45%	2	1	93	93	9.436475557806096E-4	1	1	296	355	0	10	-T
barcode75_consensus_vsearch	2926	C	*/-TC	651	21	3.05%	2	2	93	93	4.068719569046407E-7	1	1	296	355	16	5	-TC
barcode75_consensus_vsearch	2927	T	*/+C	609	33	4.99%	2	2	93	93	7.634198707570413E-11	1	1	251	358	30	3	+C
barcode75_consensus_vsearch	2927	T	*/+CC	609	13	1.97%	2	1	93	93	1.1457833548985164E-4	1	1	251	358	13	0	+C
barcode75_consensus_vsearch	2928	C	*/+A	626	11	1.64%	2	1	93	93	4.6748216645863975E-4	1	1	280	346	11	0	+A
barcode75_consensus_vsearch	2928	C	*/-G	626	16	2.39%	2	2	93	93	1.3881449920599303E-5	1	1	280	346	1	15	-G
barcode75_consensus_vsearch	2928	C	*/-GG	626	7	1.04%	2	1	93	93	0.00768331935194577	1	1	280	346	0	7	-G
barcode75_consensus_vsearch	2933	T	*/+G	668	7	1.01%	2	2	93	93	0.00769133323902577	1	1	297	371	6	1	+G
barcode75_consensus_vsearch	2937	C	*/+A	639	13	1.88%	2	2	93	93	1.1491599562583523E-4	1	1	299	340	3	10	+A
barcode75_consensus_vsearch	2937	C	*/-A	639	28	4.05%	2	2	93	93	2.7893283874341507E-9	1	1	299	340	3	25	-A
barcode75_consensus_vsearch	2942	G	*/-C	671	13	1.87%	2	2	93	93	1.152441662388416E-4	1	1	293	378	12	1	-C
barcode75_consensus_vsearch	2956	T	*/+C	674	12	1.73%	2	1	93	93	2.3257953314238005E-4	1	1	299	375	12	0	+C
barcode75_consensus_vsearch	2960	T	*/-GT	673	9	1.3%	2	1	93	93	0.001901935436692325	1	1	307	366	0	9	-GT
barcode75_consensus_vsearch	2964	G	*/-C	679	7	1.01%	2	2	93	93	0.007693270435678032	1	1	307	372	4	3	-C
barcode75_consensus_vsearch	2966	G	*/-CGCG	677	8	1.16%	2	1	93	93	0.0038267936108249954	1	1	307	370	0	8	-CGCG
barcode75_consensus_vsearch	2968	G	*/-CG	557	120	17.54%	2	2	93	93	2.29417526163103E-39	1	1	253	304	52	68	-CG
barcode75_consensus_vsearch	2970	G	*/+A	526	14	2.47%	2	1	93	93	5.60431506344668E-5	1	1	242	284	14	0	+A
barcode75_consensus_vsearch	2970	G	*/+CG	526	15	2.65%	2	2	93	93	2.7658668698991736E-5	1	1	242	284	2	13	+CG
barcode75_consensus_vsearch	2972	G	*/-CG	663	7	1.02%	2	2	93	93	0.007690431730786377	1	1	294	369	2	5	-CG
barcode75_consensus_vsearch	2975	G	*/-C	656	17	2.46%	2	2	93	93	6.887524858349418E-6	1	1	283	373	14	3	-C
barcode75_consensus_vsearch	2978	C	*/+A	674	7	1.01%	2	1	93	93	0.007692397626735055	1	1	299	375	7	0	+A
barcode75_consensus_vsearch	2979	A	*/-G	665	11	1.59%	2	2	93	93	4.686668983151157E-4	1	1	298	367	1	10	-G
barcode75_consensus_vsearch	2985	T	*/+C	683	7	1.01%	2	1	93	93	0.007693959601990333	1	1	306	377	7	0	+C
barcode75_consensus_vsearch	2989	A	*/-G	675	7	1.01%	2	2	93	93	0.007692573209303539	1	1	309	366	1	6	-G
barcode75_consensus_vsearch	3001	A	*/+C	674	8	1.16%	2	2	93	93	0.0038264457747110613	1	1	303	371	2	6	+C
barcode75_consensus_vsearch	3005	G	*/-T	680	10	1.44%	2	2	93	93	9.450177994018546E-4	1	1	301	379	9	1	-T
barcode75_consensus_vsearch	3007	T	*/-A	659	23	3.32%	2	2	93	93	9.871895897867184E-8	1	1	284	375	22	1	-A
barcode75_consensus_vsearch	3008	A	*/-T	646	7	1.05%	2	2	93	93	0.007687263657391494	1	1	276	370	1	6	-T
barcode75_consensus_vsearch	3011	G	*/-C	661	22	3.18%	2	2	93	93	2.0077994091725925E-7	1	1	302	359	4	18	-C
barcode75_consensus_vsearch	3013	C	*/-A	591	50	7.23%	2	2	93	93	3.2864911387499337E-16	1	1	291	300	7	43	-A
barcode75_consensus_vsearch	3015	A	*/-G	647	29	4.21%	2	2	93	93	1.3705492433371027E-9	1	1	302	345	6	23	-G
barcode75_consensus_vsearch	3018	A	*/+C	667	7	1.02%	2	2	93	93	0.007691154004207902	1	1	302	365	2	5	+C
barcode75_consensus_vsearch	3023	C	*/-AC	682	9	1.3%	2	1	93	93	0.0019025975409729535	1	1	302	380	9	0	-AC
barcode75_consensus_vsearch	3026	G	*/+C	666	8	1.16%	2	2	93	93	0.003825503147506549	1	1	300	366	1	7	+C
barcode75_consensus_vsearch	3026	G	*/-C	666	12	1.73%	2	2	93	93	2.3244529801020794E-4	1	1	300	366	8	4	-C
barcode75_consensus_vsearch	3027	C	*/+T	663	7	1.04%	2	1	93	93	0.007690431730786377	1	1	301	362	0	7	+T
barcode75_consensus_vsearch	3028	C	*/+T	654	22	3.2%	2	1	93	93	2.0041724054833732E-7	1	1	307	347	0	22	+T
barcode75_consensus_vsearch	3029	C	*/+T	623	10	1.44%	2	2	93	93	9.422066737133776E-4	1	1	300	323	1	9	+T
barcode75_consensus_vsearch	3029	C	*/-T	623	55	7.93%	2	2	93	93	8.865010181039872E-18	1	1	300	323	9	46	-T
barcode75_consensus_vsearch	3033	A	*/-C	682	8	1.15%	2	2	93	93	0.0038273666483378274	1	1	307	375	2	6	-C
barcode75_consensus_vsearch	3035	C	*/+G	647	7	1.01%	2	2	93	93	0.007687454559703911	1	1	307	340	1	6	+G
barcode75_consensus_vsearch	3035	C	*/-G	647	10	1.44%	2	2	93	93	9.434491590588123E-4	1	1	307	340	3	7	-G
barcode75_consensus_vsearch	3042	C	*/-G	666	7	1.01%	2	1	93	93	0.007690974238331026	1	1	308	358	0	7	-G
barcode75_consensus_vsearch	3045	T	*/-C	622	50	7.25%	2	2	93	93	3.446849264069033E-16	1	1	257	365	40	10	-C
barcode75_consensus_vsearch	3048	C	*/+T	657	11	1.59%	2	1	93	93	4.6843500815013563E-4	1	1	304	353	0	11	+T
barcode75_consensus_vsearch	3051	A	*/-G	665	8	1.16%	2	2	93	93	0.003825383751108893	1	1	308	357	2	6	-G
barcode75_consensus_vsearch	3054	C	*/-GC	660	17	2.46%	2	2	93	93	6.891740618130105E-6	1	1	309	351	1	16	-GC
barcode75_consensus_vsearch	3056	C	*/+A	621	8	1.19%	2	2	93	93	0.003819756437826965	1	1	285	336	6	2	+A
barcode75_consensus_vsearch	3056	C	*/-A	621	22	3.28%	2	2	93	93	1.986090249449063E-7	1	1	285	336	19	3	-A
barcode75_consensus_vsearch	3059	G	*/+A	665	15	2.17%	2	1	93	93	2.8226561941462025E-5	1	1	285	380	15	0	+A
barcode75_consensus_vsearch	3062	G	*/-A	652	25	3.6%	2	1	93	93	2.37819014229928E-8	1	1	280	372	25	0	-A
barcode75_consensus_vsearch	3063	A	*/+G	645	12	1.8%	2	1	93	93	2.3207763668338672E-4	1	1	271	374	12	0	+G
barcode75_consensus_vsearch	3068	C	*/-GCC	642	22	3.17%	2	2	93	93	1.9977897840735067E-7	1	1	297	345	3	19	-GCC
barcode75_consensus_vsearch	3069	G	*/+C	593	12	1.82%	2	2	93	93	2.3105937712433416E-4	1	1	284	309	4	8	+C
barcode75_consensus_vsearch	3069	G	*/-C	593	42	6.38%	2	2	93	93	1.12798933877542E-13	1	1	284	309	8	34	-C
barcode75_consensus_vsearch	3072	C	*/-TC	661	15	2.18%	2	1	93	93	2.8213388975267858E-5	1	1	304	357	0	15	-TC
barcode75_consensus_vsearch	3074	C	*/-G	650	14	2.07%	2	1	93	93	5.695269332154495E-5	1	1	291	359	14	0	-G
barcode75_consensus_vsearch	3075	G	*/+A	657	12	1.77%	2	1	93	93	2.3229050890362837E-4	1	1	277	380	12	0	+A
barcode75_consensus_vsearch	3078	G	*/+C	590	8	1.17%	2	1	93	93	0.003815297238788008	1	1	211	379	8	0	+C
barcode75_consensus_vsearch	3078	G	*/-C	590	23	3.36%	2	2	93	93	9.660671840889459E-8	1	1	211	379	22	1	-C
barcode75_consensus_vsearch	3078	G	*/-CC	590	47	6.87%	2	1	93	93	2.9446695370964604E-15	1	1	211	379	47	0	-CC
barcode75_consensus_vsearch	3081	C	*/+A	511	16	2.31%	2	2	93	93	1.3593614138575698E-5	1	1	165	346	3	13	+A
barcode75_consensus_vsearch	3081	C	*/-A	511	136	19.62%	2	2	93	93	4.0800459460733365E-45	1	1	165	346	122	14	-A
barcode75_consensus_vsearch	3081	C	*/-AA	511	7	1.01%	2	2	93	93	0.007654752016185241	1	1	165	346	6	1	-A
barcode75_consensus_vsearch	3091	T	*/+A	643	8	1.16%	2	1	93	93	0.0038226646977705283	1	1	271	372	8	0	+A
barcode75_consensus_vsearch	3091	T	*/-G	643	22	3.2%	2	1	93	93	1.9983298239322475E-7	1	1	271	372	22	0	-G
barcode75_consensus_vsearch	3092	G	*/-A	600	24	3.57%	2	1	93	93	4.757567434488484E-8	1	1	218	382	24	0	-A
barcode75_consensus_vsearch	3092	G	*/-AG	600	32	4.76%	2	1	93	93	1.556848100570348E-10	1	1	218	382	32	0	-AG
barcode75_consensus_vsearch	3093	A	*/-G	524	63	9.92%	2	2	93	93	1.869026613900344E-20	1	1	166	358	47	16	-G
barcode75_consensus_vsearch	3093	A	*/-GG	524	10	1.57%	2	2	93	93	9.35915507459734E-4	1	1	166	358	9	1	-G
barcode75_consensus_vsearch	3093	A	*/-GGGA	524	21	3.31%	2	1	93	93	3.9182277530784886E-7	1	1	166	358	21	0	-GGGA
barcode75_consensus_vsearch	3096	G	*/+A	649	12	1.78%	2	2	93	93	2.3214943863242353E-4	1	1	289	360	1	11	+A
barcode75_consensus_vsearch	3096	G	*/-A	649	9	1.34%	2	2	93	93	0.0019000819254439566	1	1	289	360	1	8	+A
barcode75_consensus_vsearch	3106	C	*/-A	673	7	1.01%	2	2	93	93	0.007692221529292311	1	1	303	370	6	1	-A
barcode75_consensus_vsearch	3108	A	*/-C	672	9	1.3%	2	1	93	93	0.0019018607969218603	1	1	293	379	9	0	-C
barcode75_consensus_vsearch	3110	C	*/+T	623	11	1.59%	2	1	93	93	4.6738507847670534E-4	1	1	284	339	0	11	+T
barcode75_consensus_vsearch	3110	C	*/-T	623	37	5.34%	2	2	93	93	4.330192139661016E-12	1	1	284	339	8	29	-T
barcode75_consensus_vsearch	3110	C	*/-TT	623	17	2.45%	2	2	93	93	6.850817126571179E-6	1	1	284	339	16	1	-T
barcode75_consensus_vsearch	3112	T	*/-G	640	12	1.77%	2	2	93	93	2.319866661695591E-4	1	1	280	360	2	10	-G
barcode75_consensus_vsearch	3118	T	*/+C	656	17	2.47%	2	1	93	93	6.887524858349418E-6	1	1	288	368	17	0	+C
barcode75_consensus_vsearch	3124	T	*/-C	670	8	1.16%	2	2	93	93	0.0038259772281954976	1	1	309	361	1	7	-C
barcode75_consensus_vsearch	3126	G	*/+C	659	20	2.91%	2	1	93	93	8.274653912968745E-7	1	1	304	355	0	20	+C
barcode75_consensus_vsearch	3128	T	*/-C	665	24	3.46%	2	1	93	93	4.8616262057888654E-8	1	1	313	352	0	24	-C
barcode75_consensus_vsearch	3134	T	*/+C	679	9	1.29%	2	1	93	93	0.0019023787507757343	1	1	300	379	9	0	+C
barcode75_consensus_vsearch	3135	C	*/-G	679	13	1.88%	2	2	93	93	1.153215593019467E-4	1	1	307	372	3	10	-G
barcode75_consensus_vsearch	3146	A	*/-G	672	9	1.3%	2	1	93	93	0.0019018607969218603	1	1	301	371	9	0	-G
barcode75_consensus_vsearch	3155	A	*/+C	616	13	1.88%	2	2	93	93	1.1465994175273148E-4	1	1	259	357	4	9	+C
barcode75_consensus_vsearch	3155	A	*/-C	616	54	7.81%	2	2	93	93	1.824594834836902E-17	1	1	259	357	43	11	-C
barcode75_consensus_vsearch	3156	C	*/+T	618	16	2.51%	2	1	93	93	1.3864683589225969E-5	1	1	265	353	0	16	+T
barcode75_consensus_vsearch	3159	C	*/+A	666	7	1.01%	2	1	93	93	0.007690974238331026	1	1	301	365	0	7	+A
barcode75_consensus_vsearch	3172	C	*/-G	668	9	1.3%	2	2	93	93	0.0019015600485241956	1	1	302	366	4	5	-G
barcode75_consensus_vsearch	3180	C	*/-AC	665	17	2.48%	2	2	93	93	6.896943473376933E-6	1	1	288	377	16	1	-AC
barcode75_consensus_vsearch	3186	C	*/-ACC	676	9	1.29%	2	2	93	93	0.0019021580576563692	1	1	305	371	4	5	-ACC
barcode75_consensus_vsearch	3187	A	*/-C	671	8	1.17%	2	2	93	93	0.0038260948798600684	1	1	301	370	6	2	-C
barcode75_consensus_vsearch	3194	A	*/-GA	662	22	3.17%	2	1	93	93	2.0083119232473455E-7	1	1	306	356	0	22	-GA
barcode75_consensus_vsearch	3201	G	*/-A	658	24	3.45%	2	2	93	93	4.851289632141943E-8	1	1	287	371	19	5	-A
barcode75_consensus_vsearch	3208	C	*/-T	680	10	1.44%	2	2	93	93	9.450177994018546E-4	1	1	304	376	5	5	-T
barcode75_consensus_vsearch	3217	C	*/-T	683	10	1.44%	2	2	93	93	9.451530657497562E-4	1	1	308	375	5	5	-T
barcode75_consensus_vsearch	3220	T	*/+C	678	8	1.15%	2	1	93	93	0.0038269088833870367	1	1	301	377	8	0	+C
barcode75_consensus_vsearch	3223	A	*/-T	677	8	1.15%	2	1	93	93	0.0038267936108249954	1	1	311	366	0	8	-T
barcode75_consensus_vsearch	3224	T	*/+C	626	16	2.33%	2	1	93	93	1.3881449920599303E-5	1	1	261	365	16	0	+C
barcode75_consensus_vsearch	3224	T	*/-C	626	39	5.68%	2	2	93	93	1.0247459362098922E-12	1	1	261	365	33	6	-C
barcode75_consensus_vsearch	3226	C	*/-T	674	11	1.58%	2	2	93	93	4.6892138226090437E-4	1	1	311	363	1	10	-T
barcode75_consensus_vsearch	3239	G	*/+C	664	10	1.44%	2	2	93	93	9.442762414594748E-4	1	1	294	370	3	7	+C
barcode75_consensus_vsearch	3239	G	*/-C	664	12	1.73%	2	2	93	93	2.3241125084344218E-4	1	1	294	370	11	1	-C
barcode75_consensus_vsearch	3242	C	*/-T	683	7	1.01%	2	2	93	93	0.007693959601990333	1	1	308	375	3	4	-T
barcode75_consensus_vsearch	3243	T	*/-G	651	17	2.48%	2	2	93	93	6.8821869699206E-6	1	1	300	351	2	15	-G
barcode75_consensus_vsearch	3244	G	*/+A	654	15	2.22%	2	1	93	93	2.8189968262332608E-5	1	1	292	362	15	0	+A
barcode75_consensus_vsearch	3246	T	*/+A	667	8	1.16%	2	1	93	93	0.0038256221918638194	1	1	301	366	8	0	+A
barcode75_consensus_vsearch	3248	A	*/-G	676	7	1.01%	2	1	93	93	0.007692748279243189	1	1	298	378	7	0	-G
barcode75_consensus_vsearch	3250	C	*/-T	671	19	2.74%	2	1	93	93	1.6822185936618268E-6	1	1	311	360	0	19	-T
barcode75_consensus_vsearch	3252	T	*/+C	479	11	1.59%	2	2	93	93	4.61351491529115E-4	1	1	274	205	1	10	+C
barcode75_consensus_vsearch	3252	T	*/-C	479	186	26.84%	2	2	93	93	2.824140133949749E-63	1	1	274	205	36	150	-C
barcode75_consensus_vsearch	3252	T	*/-CC	479	12	1.73%	2	2	93	93	2.2808916757551884E-4	1	1	274	205	1	11	-C
barcode75_consensus_vsearch	3261	T	*/+G	671	7	1.01%	2	2	93	93	0.007691867780677997	1	1	301	370	5	2	+G
barcode75_consensus_vsearch	3266	C	*/-A	596	65	9.38%	2	2	93	93	5.180589890847459E-21	1	1	300	296	8	57	-A
barcode75_consensus_vsearch	3266	C	*/-AA	596	29	4.18%	2	2	93	93	1.3358787018079037E-9	1	1	300	296	3	26	-A
barcode75_consensus_vsearch	3267	A	*/+G	587	7	1.17%	2	2	93	93	0.007674866606290045	1	1	293	294	6	1	+G
barcode75_consensus_vsearch	3271	T	*/+C	573	7	1.01%	2	2	93	93	0.0076715559842246905	1	1	303	270	1	6	+C
barcode75_consensus_vsearch	3271	T	*/-A	573	13	1.88%	2	2	93	93	1.1412856168272655E-4	1	1	303	270	1	12	-A
barcode75_consensus_vsearch	3271	T	*/-AA	573	71	10.25%	2	1	93	93	5.494775838900054E-23	1	1	303	270	0	71	-AA
barcode75_consensus_vsearch	3285	C	*/-AC	665	22	3.17%	2	1	93	93	2.0098411467880764E-7	1	1	285	380	22	0	-AC
barcode75_consensus_vsearch	3288	G	*/+C	656	17	2.47%	2	2	93	93	6.887524858349418E-6	1	1	278	378	16	1	+C
barcode75_consensus_vsearch	3295	T	*/+A	666	19	2.73%	2	2	93	93	1.6806558662557216E-6	1	1	292	374	18	1	+A
barcode75_consensus_vsearch	3298	G	*/+C	647	9	1.31%	2	1	93	93	0.0018999213893366445	1	1	293	354	0	9	+C
barcode75_consensus_vsearch	3298	G	*/-C	647	20	2.92%	2	2	93	93	8.253233900620601E-7	1	1	293	354	12	8	-C
barcode75_consensus_vsearch	3302	T	*/+CT	669	12	1.75%	2	1	93	93	2.324959998276635E-4	1	1	308	361	0	12	+CT
barcode75_consensus_vsearch	3303	T	*/+C	668	8	1.16%	2	2	93	93	0.003825740885727296	1	1	297	371	5	3	+C
barcode75_consensus_vsearch	3303	T	*/-C	668	7	1.02%	2	2	93	93	0.00769133323902577	1	1	297	371	5	2	+C
barcode75_consensus_vsearch	3311	T	*/+C	674	7	1.02%	2	1	93	93	0.007692397626735055	1	1	313	361	0	7	+C
barcode75_consensus_vsearch	3312	T	*/+C	664	8	1.16%	2	2	93	93	0.003825264001117595	1	1	302	362	4	4	+C
barcode75_consensus_vsearch	3312	T	*/-C	664	13	1.88%	2	2	93	93	1.151749768588324E-4	1	1	302	362	5	8	-C
barcode75_consensus_vsearch	3314	C	*/+T	655	9	1.29%	2	1	93	93	0.0019005577734205698	1	1	310	345	0	9	+T
barcode75_consensus_vsearch	3314	C	*/-T	655	24	3.45%	2	2	93	93	4.846800132503346E-8	1	1	310	345	3	21	-T
barcode75_consensus_vsearch	3317	T	*/-AA	671	10	1.44%	2	1	93	93	9.446049190917967E-4	1	1	307	364	0	10	-AA
barcode75_consensus_vsearch	3320	G	*/+T	677	7	1.01%	2	1	93	93	0.007692922838799737	1	1	302	375	7	0	+T
barcode75_consensus_vsearch	3323	T	*/+C	679	7	1.01%	2	2	93	93	0.007693270435678032	1	1	310	369	2	5	+C
barcode75_consensus_vsearch	3328	C	*/+T	667	13	1.88%	2	2	93	93	1.1520480040751527E-4	1	1	306	361	1	12	+T
barcode75_consensus_vsearch	3328	C	*/-T	667	7	1.01%	2	2	93	93	0.007691154004207902	1	1	306	361	3	4	+T
barcode75_consensus_vsearch	3330	T	*/+G	674	10	1.44%	2	1	93	93	9.447437414487541E-4	1	1	312	362	0	10	+G
barcode75_consensus_vsearch	3336	C	*/-A	678	8	1.15%	2	2	93	93	0.0038269088833870367	1	1	305	373	6	2	-A
barcode75_consensus_vsearch	3340	C	*/+T	626	26	3.77%	2	2	93	93	1.1556154882818867E-8	1	1	305	321	1	25	+T
barcode75_consensus_vsearch	3340	C	*/-T	626	18	2.61%	2	2	93	93	3.381882448475114E-6	1	1	305	321	1	17	+T
barcode75_consensus_vsearch	3340	C	*/-TC	626	7	1.02%	2	2	93	93	0.00768331935194577	1	1	305	321	1	6	+T
barcode75_consensus_vsearch	3341	T	*/+C	367	197	29.54%	2	2	93	93	4.2467511427693865E-69	1	1	149	218	109	88	+C
barcode75_consensus_vsearch	3341	T	*/-C	367	78	11.69%	2	2	93	93	8.167059914209437E-26	1	1	149	218	36	42	+C
barcode75_consensus_vsearch	3341	T	*/-CC	367	15	2.25%	2	2	93	93	2.6528000199622014E-5	1	1	149	218	7	8	+C
barcode75_consensus_vsearch	3347	A	*/+G	678	9	1.3%	2	2	93	93	0.0019023053990612246	1	1	306	372	2	7	+G
barcode75_consensus_vsearch	3348	G	*/-A	678	15	2.16%	2	1	93	93	2.826835334515371E-5	1	1	296	382	15	0	-A
barcode75_consensus_vsearch	3349	A	*/+G	667	7	1.03%	2	1	93	93	0.007691154004207902	1	1	290	377	7	0	+G
barcode75_consensus_vsearch	3351	T	*/-C	657	33	4.75%	2	1	93	93	7.867217125171334E-11	1	1	280	377	33	0	-C
barcode75_consensus_vsearch	3353	C	*/+A	651	8	1.15%	2	2	93	93	0.0038236743445426657	1	1	281	370	2	6	+A
barcode75_consensus_vsearch	3353	C	*/-A	651	21	3.02%	2	2	93	93	4.068719569046407E-7	1	1	281	370	20	1	-A
barcode75_consensus_vsearch	3353	C	*/-AA	651	10	1.44%	2	2	93	93	9.436475557806096E-4	1	1	281	370	8	2	-A
barcode75_consensus_vsearch	3359	C	*/-T	673	12	1.73%	2	2	93	93	2.3256292247515707E-4	1	1	311	362	2	10	-T
barcode75_consensus_vsearch	3360	T	*/+C	619	23	3.39%	2	2	93	93	9.754513472127267E-8	1	1	289	330	20	3	+C
barcode75_consensus_vsearch	3360	T	*/-C	619	28	4.12%	2	1	93	93	2.7639506601210105E-9	1	1	289	330	0	28	-C
barcode75_consensus_vsearch	3361	C	*/-T	642	8	1.21%	2	2	93	93	0.003822536753322346	1	1	312	330	1	7	-T
barcode75_consensus_vsearch	3362	T	*/-A	611	54	7.96%	2	2	93	93	1.8087509554078063E-17	1	1	306	305	1	53	-A
barcode75_consensus_vsearch	3364	A	*/-T	664	7	1.01%	2	2	93	93	0.0076906131040095	1	1	306	358	2	5	-T
barcode75_consensus_vsearch	3367	T	*/-CT	657	19	2.75%	2	1	93	93	1.6777876722220347E-6	1	1	307	350	0	19	-CT
barcode75_consensus_vsearch	3368	C	*/-T	659	11	1.63%	2	2	93	93	4.6849349314201534E-4	1	1	312	347	1	10	-T
barcode75_consensus_vsearch	3375	C	*/-T	673	16	2.31%	2	2	93	93	1.3972350165253509E-5	1	1	309	364	2	14	-T
barcode75_consensus_vsearch	3376	T	*/+C	598	37	5.47%	2	2	93	93	4.2400271844734E-12	1	1	280	318	14	23	+C
barcode75_consensus_vsearch	3376	T	*/-C	598	25	3.69%	2	2	93	93	2.3312046135964338E-8	1	1	280	318	9	16	+C
barcode75_consensus_vsearch	3376	T	*/-CC	598	7	1.03%	2	1	93	93	0.007677360682574865	1	1	280	318	7	0	+C
barcode75_consensus_vsearch	3379	C	*/+G	664	13	1.87%	2	2	93	93	1.151749768588324E-4	1	1	304	360	1	12	+G
barcode75_consensus_vsearch	3380	G	*/-A	676	9	1.3%	2	2	93	93	0.0019021580576563692	1	1	299	377	7	2	-A
barcode75_consensus_vsearch	3389	T	*/-A	647	9	1.33%	2	2	93	93	0.0018999213893366445	1	1	294	353	6	3	-A
barcode75_consensus_vsearch	3392	C	*/-A	659	28	4.05%	2	2	93	93	2.8134106295747587E-9	1	1	287	372	25	3	-A
barcode75_consensus_vsearch	3393	A	*/+C	638	7	1.05%	2	1	93	93	0.007685715195823647	1	1	264	374	7	0	+C
barcode75_consensus_vsearch	3393	A	*/-CA	638	8	1.2%	2	2	93	93	0.003822021034639057	1	1	264	374	6	2	-CA
barcode75_consensus_vsearch	3395	A	*/-G	634	7	1.02%	2	1	93	93	0.007684926516757526	1	1	262	372	7	0	-G
barcode75_consensus_vsearch	3396	G	*/+A	652	31	4.52%	2	1	93	93	3.2873241827668643E-10	1	1	272	380	31	0	+A
barcode75_consensus_vsearch	3399	A	*/-C	672	17	2.45%	2	2	93	93	6.904105478144287E-6	1	1	304	368	6	11	-C
barcode75_consensus_vsearch	3417	A	*/-T	684	7	1.01%	2	1	93	93	0.007694130650567804	1	1	313	371	0	7	-T
barcode75_consensus_vsearch	3426	T	*/+G	648	9	1.3%	2	2	93	93	0.0019000017786656748	1	1	308	340	1	8	+G
barcode75_consensus_vsearch	3426	T	*/-G	648	15	2.17%	2	1	93	93	2.8169511290326017E-5	1	1	308	340	0	15	-G
barcode75_consensus_vsearch	3429	T	*/-G	662	13	1.88%	2	2	93	93	1.1515495016779301E-4	1	1	307	355	1	12	-G
barcode75_consensus_vsearch	3436	A	*/-CA	673	8	1.15%	2	2	93	93	0.0038263291516079543	1	1	309	364	1	7	-CA
barcode75_consensus_vsearch	3444	G	*/+T	675	9	1.3%	2	1	93	93	0.0019020840661164082	1	1	311	364	0	9	+T
barcode75_consensus_vsearch	3446	C	*/-T	676	14	2.02%	2	2	93	93	5.7102932363953475E-5	1	1	308	368	2	12	-T
barcode75_consensus_vsearch	3454	C	*/+T	601	20	2.9%	2	2	93	93	8.163934777852906E-7	1	1	257	344	16	4	+T
barcode75_consensus_vsearch	3454	C	*/-T	601	61	8.85%	2	2	93	93	1.0183944465385997E-19	1	1	257	344	34	27	-T
barcode75_consensus_vsearch	3457	T	*/+A	634	34	4.89%	2	1	93	93	3.7835937535192444E-11	1	1	259	375	34	0	+A
barcode75_consensus_vsearch	3457	T	*/-G	634	14	2.01%	2	2	93	93	5.685439731386757E-5	1	1	259	375	13	1	+A
barcode75_consensus_vsearch	3459	C	*/-T	659	9	1.3%	2	2	93	93	0.0019008702907401438	1	1	305	354	1	8	-T
barcode75_consensus_vsearch	3459	C	*/-TC	659	10	1.45%	2	2	93	93	9.44037302205177E-4	1	1	305	354	1	9	-TC
barcode75_consensus_vsearch	3460	T	*/+C	421	23	3.44%	2	2	93	93	8.899064781650921E-8	1	1	177	244	19	4	+C
barcode75_consensus_vsearch	3460	T	*/-C	421	155	23.2%	2	2	93	93	1.327633853071818E-52	1	1	177	244	97	58	-C
barcode75_consensus_vsearch	3460	T	*/-CC	421	55	8.23%	2	2	93	93	5.300615113167391E-18	1	1	177	244	10	45	-C
barcode75_consensus_vsearch	3466	A	*/+C	661	8	1.16%	2	2	93	93	0.00382490261371978	1	1	303	358	2	6	+C
barcode75_consensus_vsearch	3466	A	*/-C	661	18	2.61%	2	2	93	93	3.4032183857990396E-6	1	1	303	358	6	12	-C
barcode75_consensus_vsearch	3472	C	*/+A	676	7	1.01%	2	2	93	93	0.007692748279243189	1	1	304	372	4	3	+A
barcode75_consensus_vsearch	3475	G	*/-CT	678	8	1.16%	2	1	93	93	0.0038269088833870367	1	1	297	381	8	0	-CT
barcode75_consensus_vsearch	3481	T	*/+C	682	9	1.29%	2	1	93	93	0.0019025975409729535	1	1	304	378	9	0	+C
barcode75_consensus_vsearch	3485	T	*/-GA	665	11	1.59%	2	1	93	93	4.686668983151157E-4	1	1	296	369	11	0	-GA
barcode75_consensus_vsearch	3486	G	*/+A	652	7	1.03%	2	2	93	93	0.00768840040750772	1	1	287	365	2	5	+A
barcode75_consensus_vsearch	3486	G	*/-A	652	8	1.17%	2	1	93	93	0.0038237988380035006	1	1	287	365	8	0	-A
barcode75_consensus_vsearch	3486	G	*/-AA	652	8	1.17%	2	2	93	93	0.0038237988380035006	1	1	287	365	1	7	-A
barcode75_consensus_vsearch	3492	A	*/-C	556	117	16.91%	2	2	93	93	2.392667512215776E-38	1	1	215	341	92	25	-C
barcode75_consensus_vsearch	3493	C	*/+T	548	13	2.25%	2	1	93	93	1.1378307698217953E-4	1	1	221	327	0	13	+T
barcode75_consensus_vsearch	3494	C	*/+T	647	25	3.6%	2	1	93	93	2.3741259632398534E-8	1	1	313	334	0	25	+T
barcode75_consensus_vsearch	3495	C	*/-T	622	57	8.2%	2	1	93	93	2.0349673333859093E-18	1	1	311	311	0	57	-T
barcode75_consensus_vsearch	3497	A	*/-G	670	9	1.3%	2	2	93	93	0.0019017108625084104	1	1	299	371	3	6	-G
barcode75_consensus_vsearch	3502	A	*/+T	659	9	1.29%	2	1	93	93	0.0019008702907401438	1	1	288	371	0	9	+T
barcode75_consensus_vsearch	3506	C	*/-T	667	8	1.16%	2	2	93	93	0.0038256221918638194	1	1	304	363	3	5	-T
barcode75_consensus_vsearch	3506	C	*/-TT	667	10	1.45%	2	2	93	93	9.444179274457236E-4	1	1	304	363	2	8	-TT
barcode75_consensus_vsearch	3509	T	*/-C	678	12	1.73%	2	1	93	93	2.3264550198641236E-4	1	1	312	366	0	12	-C
barcode75_consensus_vsearch	3510	C	*/+T	668	9	1.32%	2	1	93	93	0.0019015600485241956	1	1	313	355	0	9	+T
barcode75_consensus_vsearch	3525	T	*/+C	683	8	1.15%	2	2	93	93	0.003827480265442575	1	1	303	380	7	1	+C
barcode75_consensus_vsearch	3526	C	*/-T	675	7	1.01%	2	1	93	93	0.007692573209303539	1	1	309	366	0	7	-T
barcode75_consensus_vsearch	3527	T	*/+G	654	12	1.75%	2	1	93	93	2.3223799817064701E-4	1	1	304	350	0	12	+G
barcode75_consensus_vsearch	3529	A	*/-G	625	53	7.68%	2	2	93	93	3.8562930672368374E-17	1	1	256	369	42	11	-G
barcode75_consensus_vsearch	3534	C	*/-A	661	21	3.02%	2	2	93	93	4.0783425498843794E-7	1	1	288	373	19	2	-A
barcode75_consensus_vsearch	3535	A	*/+G	640	10	1.49%	2	1	93	93	9.430961489756285E-4	1	1	278	362	0	10	+G
barcode75_consensus_vsearch	3537	A	*/-G	636	19	2.77%	2	2	93	93	1.6708048241087542E-6	1	1	279	357	4	15	-G
barcode75_consensus_vsearch	3539	G	*/-A	679	13	1.87%	2	2	93	93	1.153215593019467E-4	1	1	298	381	12	1	-A
barcode75_consensus_vsearch	3545	A	*/+C	524	13	1.87%	2	2	93	93	1.1342191290655594E-4	1	1	226	298	7	6	+C
barcode75_consensus_vsearch	3545	A	*/-C	524	114	16.43%	2	2	93	93	1.8727154456474274E-37	1	1	226	298	44	70	-C
barcode75_consensus_vsearch	3545	A	*/-CC	524	12	1.73%	2	2	93	93	2.2940944872581814E-4	1	1	226	298	11	1	-C
barcode75_consensus_vsearch	3545	A	*/-CCC	524	16	2.31%	2	1	93	93	1.3632037671173861E-5	1	1	226	298	16	0	-CCC
barcode75_consensus_vsearch	3549	C	*/+T	667	8	1.15%	2	1	93	93	0.0038256221918638194	1	1	310	357	0	8	+T
barcode75_consensus_vsearch	3549	C	*/-T	667	7	1.01%	2	1	93	93	0.007691154004207902	1	1	310	357	0	7	+T
barcode75_consensus_vsearch	3552	G	*/+C	662	16	2.31%	2	1	93	93	1.3952167219109242E-5	1	1	286	376	16	0	+C
barcode75_consensus_vsearch	3558	G	*/-A	662	21	3.04%	2	1	93	93	4.079290340395591E-7	1	1	282	380	21	0	-A
barcode75_consensus_vsearch	3569	G	*/+C	617	21	3.04%	2	2	93	93	4.0338990676079995E-7	1	1	246	371	18	3	+C
barcode75_consensus_vsearch	3569	G	*/-C	617	44	6.37%	2	2	93	93	2.7118825324527578E-14	1	1	246	371	38	6	-C
barcode75_consensus_vsearch	3573	C	*/+G	550	20	2.89%	2	2	93	93	8.049229409776382E-7	1	1	218	332	2	18	+G
barcode75_consensus_vsearch	3573	C	*/-G	550	82	11.83%	2	2	93	93	1.2441590566988086E-26	1	1	218	332	80	2	-G
barcode75_consensus_vsearch	3574	G	*/+A	573	24	3.92%	2	1	93	93	4.70834256563708E-8	1	1	195	378	24	0	+A
barcode75_consensus_vsearch	3574	G	*/-A	573	7	1.14%	2	2	93	93	0.0076715559842246905	1	1	195	378	6	1	+A
barcode75_consensus_vsearch	3578	A	*/+C	588	24	3.46%	2	2	93	93	4.736173662405395E-8	1	1	240	348	21	3	+C
barcode75_consensus_vsearch	3578	A	*/-C	588	65	9.37%	2	2	93	93	5.0711791363621724E-21	1	1	240	348	37	28	-C
barcode75_consensus_vsearch	3578	A	*/-CC	588	10	1.44%	2	2	93	93	9.402179215996255E-4	1	1	240	348	8	2	-C
barcode75_consensus_vsearch	3582	C	*/-T	678	7	1.01%	2	2	93	93	0.007693096890205231	1	1	307	371	2	5	-T
barcode75_consensus_vsearch	3604	C	*/-T	676	7	1.01%	2	2	93	93	0.007692748279243189	1	1	309	367	1	6	-T
barcode75_consensus_vsearch	3616	A	*/-CAA	660	19	2.73%	2	2	93	93	1.6787517559841914E-6	1	1	301	359	4	15	-CAA
barcode75_consensus_vsearch	3617	C	*/-A	660	9	1.33%	2	2	93	93	0.001900947840357131	1	1	298	362	7	2	-A
barcode75_consensus_vsearch	3630	T	*/-C	672	16	2.31%	2	1	93	93	1.3970541136495358E-5	1	1	294	378	16	0	-C
barcode75_consensus_vsearch	3634	T	*/+A	670	9	1.3%	2	1	93	93	0.0019017108625084104	1	1	295	375	9	0	+A
barcode75_consensus_vsearch	3636	T	*/-GT	661	22	3.18%	2	2	93	93	2.0077994091725925E-7	1	1	300	361	6	16	-GT
barcode75_consensus_vsearch	3642	T	*/+C	666	7	1.01%	2	2	93	93	0.007690974238331026	1	1	292	374	5	2	+C
barcode75_consensus_vsearch	3642	T	*/-C	666	12	1.73%	2	2	93	93	2.3244529801020794E-4	1	1	292	374	9	3	-C
barcode75_consensus_vsearch	3652	T	*/+G	681	7	1.01%	2	2	93	93	0.007693616017588559	1	1	305	376	5	2	+G
barcode75_consensus_vsearch	3657	T	*/-C	677	9	1.3%	2	2	93	93	0.001902231834999292	1	1	301	376	7	2	-C
barcode75_consensus_vsearch	3659	C	*/-G	660	20	2.88%	2	1	93	93	8.276406743995062E-7	1	1	309	351	0	20	-G
barcode75_consensus_vsearch	3668	G	*/-TG	673	13	1.88%	2	2	93	93	1.1526368039547316E-4	1	1	307	366	2	11	-TG
barcode75_consensus_vsearch	3672	C	*/-T	683	10	1.44%	2	2	93	93	9.451530657497562E-4	1	1	309	374	3	7	-T
barcode75_consensus_vsearch	3674	G	*/+C	673	11	1.59%	2	2	93	93	4.6889343279630895E-4	1	1	306	367	2	9	+C
barcode75_consensus_vsearch	3676	C	*/-T	673	9	1.3%	2	1	93	93	0.001901935436692325	1	1	310	363	0	9	-T
barcode75_consensus_vsearch	3678	C	*/+T	669	7	1.02%	2	1	93	93	0.007691511945153724	1	1	309	360	0	7	+T
barcode75_consensus_vsearch	3683	G	*/+C	665	17	2.48%	2	1	93	93	6.896943473376933E-6	1	1	307	358	0	17	+C
barcode75_consensus_vsearch	3684	C	*/+T	666	11	1.6%	2	1	93	93	4.686955041723934E-4	1	1	307	359	0	11	+T
barcode75_consensus_vsearch	3685	T	*/+C	663	13	1.88%	2	1	93	93	1.1516497802969439E-4	1	1	308	355	0	13	+C
barcode75_consensus_vsearch	3686	C	*/-TC	661	20	2.91%	2	2	93	93	8.278154721497385E-7	1	1	307	354	3	17	-TC
barcode75_consensus_vsearch	3689	A	*/+T	674	7	1.01%	2	2	93	93	0.007692397626735055	1	1	299	375	5	2	+T
barcode75_consensus_vsearch	3689	A	*/-T	674	8	1.15%	2	2	93	93	0.0038264457747110613	1	1	299	375	4	4	-T
barcode75_consensus_vsearch	3695	T	*/+C	676	8	1.15%	2	1	93	93	0.0038266780028401756	1	1	302	374	8	0	+C
barcode75_consensus_vsearch	3695	T	*/-C	676	8	1.15%	2	2	93	93	0.0038266780028401756	1	1	302	374	1	7	+C
barcode75_consensus_vsearch	3696	C	*/-G	670	10	1.46%	2	1	93	93	9.445583754165734E-4	1	1	300	370	10	0	-G
barcode75_consensus_vsearch	3697	G	*/-A	666	7	1.02%	2	1	93	93	0.007690974238331026	1	1	284	382	7	0	-A
barcode75_consensus_vsearch	3697	G	*/-AG	666	7	1.02%	2	1	93	93	0.007690974238331026	1	1	284	382	7	0	-A
barcode75_consensus_vsearch	3702	A	*/-T	669	8	1.15%	2	1	93	93	0.003825859230664742	1	1	311	358	0	8	-T
barcode75_consensus_vsearch	3704	T	*/-C	668	11	1.59%	2	1	93	93	4.6875246633014286E-4	1	1	311	357	0	11	-C
barcode75_consensus_vsearch	3705	C	*/-G	667	9	1.32%	2	2	93	93	0.0019014843092738523	1	1	311	356	2	7	-G
barcode75_consensus_vsearch	3711	C	*/-G	644	42	6.04%	2	1	93	93	1.1902871963267678E-13	1	1	310	334	0	42	-G
barcode75_consensus_vsearch	3713	G	*/-A	667	22	3.17%	2	1	93	93	2.0108537528478014E-7	1	1	290	377	22	0	-A
barcode75_consensus_vsearch	3715	G	*/-C	680	8	1.16%	2	2	93	93	0.0038271384280311226	1	1	305	375	7	1	-C
barcode75_consensus_vsearch	3717	C	*/+A	653	9	1.29%	2	1	93	93	0.0019004001088453143	1	1	278	375	9	0	+A
barcode75_consensus_vsearch	3717	C	*/-G	653	13	1.87%	2	1	93	93	1.1506337182071283E-4	1	1	278	375	13	0	-G
barcode75_consensus_vsearch	3717	C	*/-GA	653	9	1.29%	2	2	93	93	0.0019004001088453143	1	1	278	375	7	2	-G
barcode75_consensus_vsearch	3721	G	*/-C	675	10	1.45%	2	2	93	93	9.447897479611806E-4	1	1	297	378	7	3	-C
barcode75_consensus_vsearch	3724	C	*/-AC	670	21	3.02%	2	2	93	93	4.0867801460796264E-7	1	1	291	379	19	2	-AC
barcode75_consensus_vsearch	3726	C	*/+G	647	12	1.79%	2	1	93	93	2.3211364480106353E-4	1	1	289	358	0	12	+G
barcode75_consensus_vsearch	3731	A	*/-T	625	25	3.62%	2	2	93	93	2.355575156134844E-8	1	1	300	325	6	19	-T
barcode75_consensus_vsearch	3731	A	*/-TTA	625	19	2.75%	2	1	93	93	1.6669751281550084E-6	1	1	300	325	0	19	-T
barcode75_consensus_vsearch	3734	A	*/+G	506	13	1.97%	2	2	93	93	1.1312969341359448E-4	1	1	287	219	2	11	+G
barcode75_consensus_vsearch	3734	A	*/-G	506	114	17.25%	2	2	93	93	1.567446873050449E-37	1	1	287	219	3	111	-G
barcode75_consensus_vsearch	3738	C	*/-GC	649	14	2.03%	2	1	93	93	5.6946685381916314E-5	1	1	311	338	0	14	-GC
barcode75_consensus_vsearch	3741	C	*/+G	625	10	1.45%	2	2	93	93	9.423137640171079E-4	1	1	304	321	1	9	+G
barcode75_consensus_vsearch	3741	C	*/-G	625	9	1.3%	2	2	93	93	0.0018980891532379173	1	1	304	321	1	8	+G
barcode75_consensus_vsearch	3754	C	*/-T	676	7	1.01%	2	2	93	93	0.007692748279243189	1	1	302	374	1	6	-T
barcode75_consensus_vsearch	3755	T	*/+C	634	10	1.46%	2	1	93	93	9.427875236451979E-4	1	1	262	372	10	0	+C
barcode75_consensus_vsearch	3755	T	*/-C	634	36	5.26%	2	2	93	93	8.977481757718385E-12	1	1	262	372	34	2	-C
barcode75_consensus_vsearch	3757	C	*/+G	609	14	2.03%	2	2	93	93	5.669096759990904E-5	1	1	272	337	1	13	+G
barcode75_consensus_vsearch	3757	C	*/-G	609	42	6.08%	2	2	93	93	1.1482499713641183E-13	1	1	272	337	12	30	-G
barcode75_consensus_vsearch	3757	C	*/-GG	609	7	1.01%	2	1	93	93	0.007679765978387823	1	1	272	337	7	0	-G
barcode75_consensus_vsearch	3757	C	*/-GGA	609	16	2.32%	2	1	93	93	1.3845327168641099E-5	1	1	272	337	16	0	-GGA
barcode75_consensus_vsearch	3760	A	*/-G	652	9	1.34%	2	1	93	93	0.0019003209213852956	1	1	280	372	9	0	-G
barcode75_consensus_vsearch	3761	G	*/-A	656	14	2.05%	2	2	93	93	5.6988373543466325E-5	1	1	279	377	13	1	-A
barcode75_consensus_vsearch	3761	G	*/-AG	656	8	1.17%	2	2	93	93	0.0038242930806613286	1	1	279	377	7	1	-A
barcode75_consensus_vsearch	3763	G	*/-T	664	9	1.32%	2	1	93	93	0.0019012557507408912	1	1	301	363	0	9	-T
barcode75_consensus_vsearch	3766	C	*/-T	646	36	5.2%	2	2	93	93	9.056178186925426E-12	1	1	302	344	7	29	-T
barcode75_consensus_vsearch	3774	A	*/-G	661	7	1.02%	2	2	93	93	0.0076900673602228325	1	1	300	361	5	2	-G
barcode75_consensus_vsearch	3781	G	*/+C	595	11	1.58%	2	2	93	93	4.664332322513514E-4	1	1	255	340	4	7	+C
barcode75_consensus_vsearch	3781	G	*/-C	595	71	10.22%	2	2	93	93	5.900894041113603E-23	1	1	255	340	41	30	-C
barcode75_consensus_vsearch	3781	G	*/-CC	595	7	1.01%	2	1	93	93	0.0076766894886899275	1	1	255	340	7	0	-C
barcode75_consensus_vsearch	3785	C	*/-T	677	8	1.15%	2	2	93	93	0.0038267936108249954	1	1	309	368	2	6	-T
barcode75_consensus_vsearch	3786	T	*/+G	637	32	4.66%	2	2	93	93	1.5927533211231682E-10	1	1	305	332	2	30	+G
barcode75_consensus_vsearch	3801	C	*/-AC	664	23	3.33%	2	1	93	93	9.88568315540832E-8	1	1	286	378	23	0	-AC
barcode75_consensus_vsearch	3804	G	*/-T	673	14	2.02%	2	2	93	93	5.7086163633485554E-5	1	1	294	379	13	1	-T
barcode75_consensus_vsearch	3808	T	*/-A	679	9	1.29%	2	2	93	93	0.0019023787507757343	1	1	305	374	7	2	-A
barcode75_consensus_vsearch	3817	C	*/-A	675	8	1.15%	2	2	93	93	0.003826562057959725	1	1	307	368	3	5	-A
barcode75_consensus_vsearch	3820	C	*/-T	672	8	1.16%	2	1	93	93	0.0038262121871574886	1	1	309	363	0	8	-T
barcode75_consensus_vsearch	3823	A	*/-CA	654	18	2.61%	2	2	93	93	3.3991209625364118E-6	1	1	295	359	10	8	-CA
barcode75_consensus_vsearch	3827	A	*/-TA	670	15	2.18%	2	2	93	93	2.8242817949740967E-5	1	1	303	367	5	10	-TA
barcode75_consensus_vsearch	3838	G	*/-A	677	13	1.87%	2	1	93	93	1.153023759846373E-4	1	1	298	379	13	0	-A
barcode75_consensus_vsearch	3842	T	*/-G	654	27	3.91%	2	2	93	93	5.728489264254817E-9	1	1	306	348	2	25	-G
barcode75_consensus_vsearch	3844	G	*/-A	684	7	1.01%	2	1	93	93	0.007694130650567804	1	1	305	379	7	0	-A
barcode75_consensus_vsearch	3852	G	*/-C	671	8	1.16%	2	1	93	93	0.0038260948798600684	1	1	303	368	0	8	-C
barcode75_consensus_vsearch	3853	C	*/-G	660	9	1.31%	2	1	93	93	0.001900947840357131	1	1	310	350	0	9	-G
barcode75_consensus_vsearch	3863	C	*/-A	669	13	1.87%	2	2	93	93	1.1522453989954195E-4	1	1	296	373	12	1	-A
barcode75_consensus_vsearch	3870	C	*/+T	644	18	2.6%	2	2	93	93	3.3931240715453185E-6	1	1	301	343	1	17	+T
barcode75_consensus_vsearch	3870	C	*/-T	644	12	1.74%	2	2	93	93	2.32059551665054E-4	1	1	301	343	4	8	+T
barcode75_consensus_vsearch	3873	G	*/+C	642	9	1.3%	2	2	93	93	0.0018995157655824367	1	1	297	345	2	7	+C
barcode75_consensus_vsearch	3873	G	*/-C	642	29	4.2%	2	2	93	93	1.3673513736739472E-9	1	1	297	345	11	18	-C
barcode75_consensus_vsearch	3877	T	*/-C	636	50	7.23%	2	1	93	93	3.516654898896894E-16	1	1	258	378	50	0	-C
barcode75_consensus_vsearch	3890	C	*/-A	673	17	2.45%	2	1	93	93	6.905117213663724E-6	1	1	295	378	17	0	-A
barcode75_consensus_vsearch	3892	C	*/-T	664	23	3.32%	2	1	93	93	9.88568315540832E-8	1	1	307	357	0	23	-T
barcode75_consensus_vsearch	3896	G	*/-A	684	8	1.15%	2	1	93	93	0.003827593555737496	1	1	304	380	8	0	-A
barcode75_consensus_vsearch	3899	C	*/-T	682	8	1.15%	2	2	93	93	0.0038273666483378274	1	1	309	373	1	7	-T
barcode75_consensus_vsearch	3902	T	*/+A	673	7	1.01%	2	1	93	93	0.007692221529292311	1	1	296	377	7	0	+A
barcode75_consensus_vsearch	3902	T	*/-A	673	9	1.3%	2	2	93	93	0.001901935436692325	1	1	296	377	6	3	-A
barcode75_consensus_vsearch	3903	A	*/+G	659	19	2.77%	2	1	93	93	1.6784312944570722E-6	1	1	301	358	0	19	+G
barcode75_consensus_vsearch	3907	T	*/-A	660	20	2.88%	2	2	93	93	8.276406743995062E-7	1	1	293	367	15	5	-A
barcode75_consensus_vsearch	3907	T	*/-AA	660	8	1.15%	2	1	93	93	0.0038247814334864054	1	1	293	367	0	8	-A
barcode75_consensus_vsearch	3909	A	*/-G	661	9	1.31%	2	2	93	93	0.0019010251601450372	1	1	300	361	6	3	-G
barcode75_consensus_vsearch	3910	G	*/+C	627	22	3.22%	2	1	93	93	1.989504438240362E-7	1	1	276	351	0	22	+C
barcode75_consensus_vsearch	3912	T	*/-C	659	22	3.2%	2	2	93	93	2.006770187740374E-7	1	1	307	352	2	20	-C
barcode75_consensus_vsearch	3916	T	*/-C	632	54	7.78%	2	2	93	93	1.874565245631922E-17	1	1	268	364	44	10	-C
barcode75_consensus_vsearch	3918	C	*/-A	654	31	4.47%	2	2	93	93	3.2907448234488217E-10	1	1	305	349	1	30	-A
barcode75_consensus_vsearch	3922	T	*/+A	667	7	1.01%	2	1	93	93	0.007691154004207902	1	1	297	370	7	0	+A
barcode75_consensus_vsearch	3923	A	*/+G	664	10	1.44%	2	1	93	93	9.442762414594748E-4	1	1	303	361	0	10	+G
barcode75_consensus_vsearch	3923	A	*/-G	664	7	1.01%	2	2	93	93	0.0076906131040095	1	1	303	361	2	5	+G
barcode75_consensus_vsearch	3936	C	*/+A	671	10	1.45%	2	2	93	93	9.446049190917967E-4	1	1	304	367	5	5	+A
barcode75_consensus_vsearch	3940	C	*/-GC	672	11	1.58%	2	2	93	93	4.6886540252506797E-4	1	1	305	367	6	5	-GC
barcode75_consensus_vsearch	3941	G	*/-C	673	8	1.17%	2	2	93	93	0.0038263291516079543	1	1	301	372	4	4	-C
barcode75_consensus_vsearch	3952	A	*/+G	676	9	1.3%	2	1	93	93	0.0019021580576563692	1	1	304	372	0	9	+G
barcode75_consensus_vsearch	3955	T	*/+A	678	7	1.02%	2	2	93	93	0.007693096890205231	1	1	305	373	1	6	+A
barcode75_consensus_vsearch	3967	C	*/-TC	669	8	1.16%	2	2	93	93	0.003825859230664742	1	1	308	361	1	7	-TC
barcode75_consensus_vsearch	3971	C	*/-ACAC	672	8	1.16%	2	2	93	93	0.0038262121871574886	1	1	301	371	7	1	-ACAC
barcode75_consensus_vsearch	3973	C	*/-AC	526	143	20.85%	2	2	93	93	1.8013703787510416E-47	1	1	174	352	126	17	-AC
barcode75_consensus_vsearch	3973	C	*/-ACGT	526	12	1.75%	2	2	93	93	2.2946310676198647E-4	1	1	174	352	4	8	-AC
barcode75_consensus_vsearch	3979	T	*/-GT	589	93	13.48%	2	2	93	93	3.481145821277186E-30	1	1	306	283	4	89	-GT
barcode75_consensus_vsearch	3984	T	*/+G	645	8	1.16%	2	2	93	93	0.0038229194169911327	1	1	301	344	3	5	+G
barcode75_consensus_vsearch	3984	T	*/-GG	645	23	3.33%	2	1	93	93	9.83228198643055E-8	1	1	301	344	0	23	-GG
barcode75_consensus_vsearch	3990	A	*/-T	616	68	9.83%	2	2	93	93	5.873453380312047E-22	1	1	246	370	61	7	-T
barcode75_consensus_vsearch	3997	C	*/-GC	666	20	2.88%	2	2	93	93	8.286822506120228E-7	1	1	299	367	11	9	-GC
barcode75_consensus_vsearch	3999	C	*/+T	658	10	1.49%	2	1	93	93	9.439890893708059E-4	1	1	298	360	0	10	+T
barcode75_consensus_vsearch	4000	C	*/-T	675	8	1.16%	2	1	93	93	0.003826562057959725	1	1	309	366	0	8	-T
barcode75_consensus_vsearch	4003	C	*/-TGC	660	8	1.16%	2	2	93	93	0.0038247814334864054	1	1	300	360	6	2	-TGC
barcode75_consensus_vsearch	4005	G	*/-C	657	17	2.49%	2	1	93	93	6.888583305374992E-6	1	1	278	379	17	0	-C
barcode75_consensus_vsearch	4006	C	*/+G	651	7	1.05%	2	1	93	93	0.007688212384386832	1	1	276	375	7	0	+G
barcode75_consensus_vsearch	4007	C	*/+T	660	14	2.02%	2	2	93	93	5.701181600772116E-5	1	1	301	359	2	12	+T
barcode75_consensus_vsearch	4007	C	*/-T	660	11	1.59%	2	2	93	93	4.6852260658310105E-4	1	1	301	359	2	9	+T
barcode75_consensus_vsearch	4009	T	*/+C	652	9	1.3%	2	2	93	93	0.0019003209213852956	1	1	287	365	6	3	+C
barcode75_consensus_vsearch	4009	T	*/-C	652	16	2.32%	2	2	93	93	1.3933261963587587E-5	1	1	287	365	3	13	-C
barcode75_consensus_vsearch	4011	C	*/+T	635	7	1.02%	2	1	93	93	0.0076851246049578804	1	1	298	337	0	7	+T
barcode75_consensus_vsearch	4011	C	*/-T	635	30	4.37%	2	2	93	93	6.665334529460593E-10	1	1	298	337	1	29	-T
barcode75_consensus_vsearch	4013	T	*/-G	649	28	4.08%	2	1	93	93	2.801525221736684E-9	1	1	303	346	0	28	-G
barcode75_consensus_vsearch	4019	T	*/+A	624	9	1.31%	2	2	93	93	0.0018980028667622965	1	1	254	370	8	1	+A
barcode75_consensus_vsearch	4019	T	*/-A	624	43	6.24%	2	1	93	93	5.6494004353381526E-14	1	1	254	370	43	0	-A
barcode75_consensus_vsearch	4022	G	*/-A	670	17	2.45%	2	1	93	93	6.902073510908124E-6	1	1	292	378	17	0	-A
barcode75_consensus_vsearch	4028	T	*/-GT	668	12	1.74%	2	2	93	93	2.324791481283335E-4	1	1	312	356	1	11	-GT
barcode75_consensus_vsearch	4039	C	*/-T	646	39	5.63%	2	1	93	93	1.0425695471902327E-12	1	1	307	339	0	39	-T
barcode75_consensus_vsearch	4042	T	*/+C	675	7	1.01%	2	1	93	93	0.007692573209303539	1	1	308	367	0	7	+C
barcode75_consensus_vsearch	4044	T	*/-C	631	49	7.12%	2	2	93	93	7.244641668722579E-16	1	1	258	373	48	1	-C
barcode75_consensus_vsearch	4046	C	*/-G	620	67	9.65%	2	2	93	93	1.2481755906537429E-21	1	1	302	318	7	60	-G
barcode75_consensus_vsearch	4051	T	*/+C	676	10	1.44%	2	1	93	93	9.448356216352928E-4	1	1	296	380	10	0	+C
barcode75_consensus_vsearch	4053	G	*/-A	679	9	1.3%	2	2	93	93	0.0019023787507757343	1	1	303	376	8	1	-A
barcode75_consensus_vsearch	4056	C	*/-T	646	42	6.09%	2	2	93	93	1.1925993325373447E-13	1	1	307	339	4	38	-T
barcode75_consensus_vsearch	4057	T	*/+C	626	14	2.15%	2	1	93	93	5.6803453394460544E-5	1	1	293	333	14	0	+C
barcode75_consensus_vsearch	4058	C	*/+T	661	9	1.3%	2	1	93	93	0.0019010251601450372	1	1	309	352	0	9	+T
barcode75_consensus_vsearch	4058	C	*/-T	661	10	1.45%	2	1	93	93	9.441333010107843E-4	1	1	309	352	0	10	-T
barcode75_consensus_vsearch	4059	T	*/-A	605	54	7.98%	2	2	93	93	1.7895936248857064E-17	1	1	294	311	11	43	-A
barcode75_consensus_vsearch	4063	T	*/+C	591	33	4.79%	2	2	93	93	7.53936707630615E-11	1	1	281	310	12	21	+C
barcode75_consensus_vsearch	4063	T	*/-C	591	49	7.11%	2	2	93	93	6.834407708973566E-16	1	1	281	310	16	33	-C
barcode75_consensus_vsearch	4070	T	*/-A	673	13	1.87%	2	1	93	93	1.1526368039547316E-4	1	1	297	376	13	0	-A
barcode75_consensus_vsearch	4071	A	*/-C	649	18	2.65%	2	2	93	93	3.3961439713314676E-6	1	1	272	377	16	2	-C
barcode75_consensus_vsearch	4079	T	*/-C	672	13	1.87%	2	1	93	93	1.1525393727966269E-4	1	1	294	378	13	0	-C
barcode75_consensus_vsearch	4091	T	*/-C	669	19	2.74%	2	2	93	93	1.6815960917519931E-6	1	1	291	378	18	1	-C
barcode75_consensus_vsearch	4099	A	*/-CA	674	9	1.3%	2	2	93	93	0.0019020098594393618	1	1	301	373	1	8	-CA
barcode75_consensus_vsearch	4100	C	*/+A	662	9	1.32%	2	1	93	93	0.0019011022511233608	1	1	306	356	0	9	+A
barcode75_consensus_vsearch	4111	G	*/-TG	677	8	1.15%	2	1	93	93	0.0038267936108249954	1	1	309	368	0	8	-TG
barcode75_consensus_vsearch	4116	A	*/-G	664	11	1.59%	2	1	93	93	4.686382087901511E-4	1	1	299	365	0	11	-G
barcode75_consensus_vsearch	4126	C	*/-T	671	14	2.03%	2	2	93	93	5.707490482835091E-5	1	1	307	364	3	11	-T
barcode75_consensus_vsearch	4128	T	*/-G	659	10	1.45%	2	2	93	93	9.44037302205177E-4	1	1	300	359	3	7	-G
barcode75_consensus_vsearch	4129	G	*/-A	656	15	2.19%	2	2	93	93	2.8196708311813362E-5	1	1	306	350	2	13	-A
barcode75_consensus_vsearch	4132	T	*/+G	629	19	2.75%	2	2	93	93	1.6683819865846817E-6	1	1	305	324	1	18	+G
barcode75_consensus_vsearch	4132	T	*/-GA	629	7	1.01%	2	1	93	93	0.007683926761732176	1	1	305	324	0	7	+G
barcode75_consensus_vsearch	4133	G	*/-A	642	19	2.79%	2	2	93	93	1.6728428340256086E-6	1	1	302	340	8	11	-A
barcode75_consensus_vsearch	4141	G	*/-C	676	7	1.01%	2	2	93	93	0.007692748279243189	1	1	303	373	6	1	-C
barcode75_consensus_vsearch	4141	G	*/-CCG	676	8	1.16%	2	2	93	93	0.0038266780028401756	1	1	303	373	2	6	-CCG
barcode75_consensus_vsearch	4143	C	*/-G	673	7	1.02%	2	2	93	93	0.007692221529292311	1	1	306	367	3	4	-G
barcode75_consensus_vsearch	4147	A	*/-T	664	7	1.02%	2	2	93	93	0.0076906131040095	1	1	290	374	4	3	-T
barcode75_consensus_vsearch	4148	T	*/+G	600	23	3.37%	2	2	93	93	9.693932337908368E-8	1	1	233	367	21	2	+G
barcode75_consensus_vsearch	4148	T	*/-G	600	35	5.12%	2	2	93	93	1.7979296129321753E-11	1	1	233	367	33	2	-G
barcode75_consensus_vsearch	4149	G	*/-A	598	39	5.97%	2	1	93	93	9.98428139987034E-13	1	1	224	374	39	0	-A
barcode75_consensus_vsearch	4150	A	*/+G	632	7	1.08%	2	1	93	93	0.007684528486260055	1	1	259	373	7	0	+G
barcode75_consensus_vsearch	4151	A	*/-G	644	9	1.3%	2	1	93	93	0.0018996787549773126	1	1	266	378	9	0	-G
barcode75_consensus_vsearch	4152	G	*/+C	551	91	13.38%	2	2	93	93	1.3023812735572535E-29	1	1	176	375	86	5	+C
barcode75_consensus_vsearch	4152	G	*/-C	551	8	1.18%	2	2	93	93	0.0038089889297735855	1	1	176	375	6	2	+C
barcode75_consensus_vsearch	4155	T	*/+G	643	11	1.58%	2	2	93	93	4.680157299948207E-4	1	1	298	345	2	9	+G
barcode75_consensus_vsearch	4156	G	*/-A	680	9	1.29%	2	1	93	93	0.0019024518910627653	1	1	301	379	9	0	-A
barcode75_consensus_vsearch	4157	A	*/-G	667	7	1.02%	2	2	93	93	0.007691154004207902	1	1	291	376	6	1	-G
barcode75_consensus_vsearch	4162	T	*/-C	659	31	4.47%	2	2	93	93	3.2992229904611294E-10	1	1	283	376	30	1	-C
barcode75_consensus_vsearch	4171	T	*/-G	677	7	1.01%	2	1	93	93	0.007692922838799737	1	1	300	377	7	0	-G
barcode75_consensus_vsearch	4172	G	*/-CT	664	11	1.6%	2	1	93	93	4.686382087901511E-4	1	1	289	375	11	0	-CT
barcode75_consensus_vsearch	4173	C	*/-T	661	9	1.33%	2	2	93	93	0.0019010251601450372	1	1	297	364	2	7	-T
barcode75_consensus_vsearch	4177	T	*/+A	648	9	1.31%	2	2	93	93	0.0019000017786656748	1	1	293	355	8	1	+A
barcode75_consensus_vsearch	4178	G	*/-A	673	8	1.16%	2	2	93	93	0.0038263291516079543	1	1	303	370	7	1	-A
barcode75_consensus_vsearch	4179	A	*/-G	669	7	1.02%	2	2	93	93	0.007691511945153724	1	1	297	372	6	1	-G
barcode75_consensus_vsearch	4183	A	*/+C	671	8	1.15%	2	2	93	93	0.0038260948798600684	1	1	294	377	6	2	+C
barcode75_consensus_vsearch	4185	C	*/+T	681	7	1.01%	2	1	93	93	0.007693616017588559	1	1	310	371	0	7	+T
barcode75_consensus_vsearch	4186	T	*/-G	666	9	1.3%	2	2	93	93	0.0019014083472220235	1	1	303	363	4	5	-G
barcode75_consensus_vsearch	4188	G	*/-C	671	7	1.01%	2	2	93	93	0.007691867780677997	1	1	301	370	4	3	-C
barcode75_consensus_vsearch	4189	C	*/+T	665	10	1.46%	2	1	93	93	9.443236086866028E-4	1	1	303	362	0	10	+T
barcode75_consensus_vsearch	4190	C	*/-T	681	7	1.01%	2	2	93	93	0.007693616017588559	1	1	307	374	3	4	-T
barcode75_consensus_vsearch	4198	A	*/-G	646	13	1.88%	2	2	93	93	1.1499045037188754E-4	1	1	284	362	1	12	-G
barcode75_consensus_vsearch	4203	G	*/+CG	652	8	1.16%	2	1	93	93	0.0038237988380035006	1	1	286	366	0	8	+CG
barcode75_consensus_vsearch	4203	G	*/-A	652	15	2.17%	2	1	93	93	2.818318897195064E-5	1	1	286	366	15	0	-A
barcode75_consensus_vsearch	4204	A	*/+G	639	15	2.21%	2	2	93	93	2.813814297735923E-5	1	1	261	378	14	1	+G
barcode75_consensus_vsearch	4204	A	*/-G	639	17	2.5%	2	1	93	93	6.8690574278252945E-6	1	1	261	378	17	0	-G
barcode75_consensus_vsearch	4206	G	*/+T	660	18	2.59%	2	2	93	93	3.4026379878507723E-6	1	1	286	374	17	1	+T
barcode75_consensus_vsearch	4209	T	*/-G	605	80	11.51%	2	2	93	93	7.136510535678157E-26	1	1	311	294	2	78	-G
barcode75_consensus_vsearch	4212	A	*/+C	658	9	1.3%	2	1	93	93	0.0019007925102782891	1	1	303	355	0	9	+C
barcode75_consensus_vsearch	4212	A	*/+T	658	14	2.03%	2	1	93	93	5.7000128810863244E-5	1	1	303	355	0	14	+T
barcode75_consensus_vsearch	4214	C	*/+T	655	10	1.46%	2	1	93	93	9.438435895070222E-4	1	1	305	350	0	10	+T
barcode75_consensus_vsearch	4214	C	*/-T	655	19	2.77%	2	2	93	93	1.677140425795707E-6	1	1	305	350	1	18	-T
barcode75_consensus_vsearch	4215	T	*/-A	644	12	1.79%	2	2	93	93	2.32059551665054E-4	1	1	302	342	3	9	-A
barcode75_consensus_vsearch	4218	T	*/+A	661	8	1.16%	2	1	93	93	0.00382490261371978	1	1	298	363	8	0	+A
barcode75_consensus_vsearch	4219	G	*/-A	676	12	1.73%	2	1	93	93	2.3261261192221447E-4	1	1	296	380	12	0	-A
barcode75_consensus_vsearch	4222	C	*/-AC	665	10	1.45%	2	1	93	93	9.443236086866028E-4	1	1	296	369	10	0	-AC
barcode75_consensus_vsearch	4226	T	*/-C	679	8	1.15%	2	2	93	93	0.0038270238219715778	1	1	300	379	7	1	-C
barcode75_consensus_vsearch	4231	T	*/-CT	670	11	1.59%	2	1	93	93	4.6880909815982715E-4	1	1	310	360	0	11	-CT
barcode75_consensus_vsearch	4232	C	*/-T	633	32	4.72%	2	2	93	93	1.5890312241462446E-10	1	1	308	325	1	31	-T
barcode75_consensus_vsearch	4234	T	*/+G	662	21	3.03%	2	1	93	93	4.079290340395591E-7	1	1	308	354	0	21	+G
barcode75_consensus_vsearch	4250	T	*/-GC	664	11	1.6%	2	2	93	93	4.686382087901511E-4	1	1	304	360	1	10	-GC
barcode75_consensus_vsearch	4254	T	*/-GT	670	10	1.45%	2	2	93	93	9.445583754165734E-4	1	1	301	369	7	3	-GT
barcode75_consensus_vsearch	4255	G	*/-T	669	11	1.61%	2	1	93	93	4.687808233562141E-4	1	1	303	366	0	11	-T
barcode75_consensus_vsearch	4257	A	*/-T	658	10	1.44%	2	1	93	93	9.439890893708059E-4	1	1	306	352	0	10	-T
barcode75_consensus_vsearch	4257	A	*/-TTA	658	8	1.15%	2	2	93	93	0.00382453798670624	1	1	306	352	4	4	-T
barcode75_consensus_vsearch	4262	C	*/-T	679	7	1.01%	2	1	93	93	0.007693270435678032	1	1	312	367	0	7	-T
barcode75_consensus_vsearch	4263	T	*/+C	630	16	2.34%	2	2	93	93	1.3889682871324708E-5	1	1	279	351	2	14	+C
barcode75_consensus_vsearch	4263	T	*/-C	630	33	4.82%	2	2	93	93	7.739533046349736E-11	1	1	279	351	29	4	-C
barcode75_consensus_vsearch	4265	C	*/-T	680	10	1.44%	2	2	93	93	9.450177994018546E-4	1	1	311	369	2	8	-T
barcode75_consensus_vsearch	4277	C	*/-G	668	14	2.03%	2	2	93	93	5.70578957755948E-5	1	1	302	366	3	11	-G
barcode75_consensus_vsearch	4279	G	*/-C	678	7	1.01%	2	2	93	93	0.007693096890205231	1	1	302	376	6	1	-C
barcode75_consensus_vsearch	4291	C	*/+A	612	19	2.75%	2	2	93	93	1.6622863958217584E-6	1	1	263	349	8	11	+A
barcode75_consensus_vsearch	4291	C	*/-A	612	54	7.83%	2	2	93	93	1.811928480072011E-17	1	1	263	349	38	16	-A
barcode75_consensus_vsearch	4297	T	*/-C	636	55	7.93%	2	2	93	93	9.065521816872828E-18	1	1	309	327	2	53	-C
barcode75_consensus_vsearch	4301	C	*/+T	671	14	2.02%	2	1	93	93	5.707490482835091E-5	1	1	310	361	0	14	+T
barcode75_consensus_vsearch	4302	T	*/-C	672	8	1.16%	2	1	93	93	0.0038262121871574886	1	1	311	361	0	8	-C
barcode75_consensus_vsearch	4306	C	*/+A	663	9	1.3%	2	2	93	93	0.0019011791143256859	1	1	294	369	8	1	+A
barcode75_consensus_vsearch	4306	C	*/-A	663	13	1.87%	2	2	93	93	1.1516497802969439E-4	1	1	294	369	7	6	-A
barcode75_consensus_vsearch	4308	A	*/-G	681	7	1.01%	2	2	93	93	0.007693616017588559	1	1	310	371	1	6	-G
barcode75_consensus_vsearch	4336	T	*/+C	681	10	1.44%	2	1	93	93	9.450630174371408E-4	1	1	312	369	0	10	+C
barcode75_consensus_vsearch	4337	T	*/-C	679	10	1.44%	2	1	93	93	9.449724513676984E-4	1	1	308	371	0	10	-C
barcode75_consensus_vsearch	4354	T	*/+A	664	10	1.44%	2	1	93	93	9.442762414594748E-4	1	1	292	372	10	0	+A
barcode75_consensus_vsearch	4354	T	*/-A	664	14	2.02%	2	2	93	93	5.703498854057624E-5	1	1	292	372	11	3	-A
barcode75_consensus_vsearch	4361	T	*/+C	652	18	2.6%	2	2	93	93	3.397935256455452E-6	1	1	291	361	17	1	+C
barcode75_consensus_vsearch	4361	T	*/-C	652	7	1.01%	2	1	93	93	0.00768840040750772	1	1	291	361	0	7	+C
barcode75_consensus_vsearch	4362	C	*/+T	624	34	4.97%	2	1	93	93	3.758257069866749E-11	1	1	309	315	0	34	+T
barcode75_consensus_vsearch	4362	C	*/-T	624	24	3.51%	2	2	93	93	4.7981971080520064E-8	1	1	309	315	1	23	+T
barcode75_consensus_vsearch	4363	T	*/+G	643	12	1.8%	2	1	93	93	2.3204141235062925E-4	1	1	306	337	0	12	+G
barcode75_consensus_vsearch	4367	C	*/+T	676	7	1.01%	2	1	93	93	0.007692748279243189	1	1	313	363	0	7	+T
barcode75_consensus_vsearch	4369	C	*/-TC	461	220	31.88%	2	2	93	93	3.622213978240282E-76	1	1	299	162	14	206	-TC
barcode75_consensus_vsearch	4387	T	*/-C	678	10	1.44%	2	2	93	93	9.449269727691985E-4	1	1	304	374	8	2	-C
barcode75_consensus_vsearch	4392	T	*/-G	685	7	1.01%	2	2	93	93	0.007694301206193144	1	1	312	373	1	6	-G
barcode75_consensus_vsearch	4396	C	*/-A	667	10	1.46%	2	2	93	93	9.444179274457236E-4	1	1	306	361	3	7	-A
barcode75_consensus_vsearch	4398	A	*/-G	668	14	2.04%	2	2	93	93	5.70578957755948E-5	1	1	303	365	3	11	-G
