Chrom	Position	Ref	Cons	Reads1	Reads2	VarFreq	Strands1	Strands2	Qual1	Qual2	Pvalue	MapQual1	MapQual2	Reads1Plus	Reads1Minus	Reads2Plus	Reads2Minus	VarAllele
barcode32_consensus_vsearch	24	A	R	478	9	1.83%	2	2	93	93	0.0018816401257546191	1	1	222	256	5	4	G
barcode32_consensus_vsearch	30	C	Y	481	7	1.41%	2	2	93	93	0.007645094571574461	1	1	226	255	2	5	T
barcode32_consensus_vsearch	51	T	Y	489	11	2.2%	2	2	93	93	4.618808313846689E-4	1	1	229	260	2	9	C
barcode32_consensus_vsearch	55	T	Y	477	21	4.2%	2	2	93	93	3.8447741361284364E-7	1	1	228	249	2	19	C
barcode32_consensus_vsearch	58	T	Y	487	8	1.61%	2	2	93	93	0.003796497148536327	1	1	225	262	3	5	C
barcode32_consensus_vsearch	63	C	Y	472	19	3.81%	2	2	93	93	1.5971572516949708E-6	1	1	227	245	1	18	T
barcode32_consensus_vsearch	65	T	Y	484	8	1.62%	2	2	93	93	0.0037958323931522003	1	1	224	260	4	4	C
barcode32_consensus_vsearch	70	C	Y	482	11	2.2%	2	2	93	93	4.615125084318156E-4	1	1	230	252	1	10	T
barcode32_consensus_vsearch	75	G	R	470	21	4.24%	2	1	93	93	3.832738809329882E-7	1	1	203	267	21	0	A
barcode32_consensus_vsearch	76	G	S	460	8	1.61%	2	1	93	93	0.003790209713374112	1	1	193	267	8	0	-C
barcode32_consensus_vsearch	78	C	Y	470	8	1.6%	2	2	93	93	0.0037926206375474623	1	1	214	256	1	7	T
barcode32_consensus_vsearch	89	A	R	467	8	1.63%	2	2	93	93	0.0037919079446709545	1	1	227	240	1	7	+T
barcode32_consensus_vsearch	90	A	W	449	8	1.62%	2	1	93	93	0.0037874367164761535	1	1	224	225	0	8	-G
barcode32_consensus_vsearch	91	G	K	461	7	1.48%	2	1	93	93	0.007637971418043615	1	1	226	235	0	7	T
barcode32_consensus_vsearch	92	G	K	478	8	1.63%	2	1	93	93	0.0037944784297538666	1	1	230	248	0	8	T
barcode32_consensus_vsearch	94	C	Y	473	19	3.85%	2	1	93	93	1.597744645188903E-6	1	1	231	242	0	19	T
barcode32_consensus_vsearch	98	A	R	463	7	1.42%	2	2	93	93	0.007638710895182459	1	1	225	238	2	5	+G
barcode32_consensus_vsearch	104	C	Y	469	8	1.6%	2	2	93	93	0.0037923840624007267	1	1	228	241	1	7	-G
barcode32_consensus_vsearch	105	G	R	448	21	4.39%	2	2	93	93	3.792794403261766E-7	1	1	209	239	20	1	A
barcode32_consensus_vsearch	105	G	K	448	9	1.88%	2	1	93	93	0.0018769967833365436	1	1	209	239	0	9	A
barcode32_consensus_vsearch	106	G	R	489	7	1.4%	2	1	93	93	0.007647783648781579	1	1	220	269	7	0	A
barcode32_consensus_vsearch	111	T	Y	452	7	1.42%	2	2	93	93	0.007634564377795515	1	1	205	247	1	6	-G
barcode32_consensus_vsearch	118	C	Y	472	8	1.6%	2	1	93	93	0.0037930908510905733	1	1	231	241	0	8	-TC
barcode32_consensus_vsearch	126	G	R	466	16	3.24%	2	1	93	93	1.3445366218461515E-5	1	1	202	264	16	0	A
barcode32_consensus_vsearch	127	G	K	458	9	1.81%	2	1	93	93	0.0018786101608522024	1	1	197	261	9	0	-T
barcode32_consensus_vsearch	128	T	Y	446	25	5.22%	2	2	93	93	2.1489664316548516E-8	1	1	206	240	4	21	C
barcode32_consensus_vsearch	132	C	M	455	8	1.62%	2	2	93	93	0.003788965477306861	1	1	216	239	7	1	A
barcode32_consensus_vsearch	132	C	Y	455	28	5.67%	2	2	93	93	2.49008508224289E-9	1	1	216	239	2	26	T
barcode32_consensus_vsearch	133	C	Y	455	26	5.23%	2	2	93	93	1.053138158806238E-8	1	1	214	241	9	17	T
barcode32_consensus_vsearch	134	G	R	439	41	8.4%	2	1	93	93	1.8635709750217586E-13	1	1	179	260	41	0	A
barcode32_consensus_vsearch	135	G	R	470	18	3.62%	2	1	93	93	3.251863042550056E-6	1	1	203	267	18	0	A
barcode32_consensus_vsearch	137	T	Y	465	14	2.81%	2	2	93	93	5.5428810687671065E-5	1	1	208	257	6	8	C
barcode32_consensus_vsearch	138	A	R	468	19	3.83%	2	1	93	93	1.5947852827265581E-6	1	1	208	260	19	0	G
barcode32_consensus_vsearch	140	T	Y	479	10	2.02%	2	2	93	93	9.32225201663148E-4	1	1	229	250	1	9	C
barcode32_consensus_vsearch	148	T	Y	475	12	2.44%	2	1	93	93	2.2796026847120298E-4	1	1	226	249	0	12	C
barcode32_consensus_vsearch	150	C	Y	469	7	1.43%	2	2	93	93	0.007640892201856266	1	1	228	241	1	6	-T
barcode32_consensus_vsearch	154	C	Y	394	11	2.21%	2	2	93	93	4.5581937785957034E-4	1	1	206	188	4	7	-A
barcode32_consensus_vsearch	155	A	R	404	13	3.09%	2	2	93	93	1.1101277914824134E-4	1	1	213	191	8	5	G
barcode32_consensus_vsearch	156	A	W	408	63	12.94%	2	1	93	93	1.1746587630866486E-20	1	1	215	193	0	63	T
barcode32_consensus_vsearch	157	G	R	448	32	6.56%	2	1	93	93	1.364576160859697E-10	1	1	179	269	32	0	A
barcode32_consensus_vsearch	159	C	M	473	15	3%	2	2	93	93	2.7360336076732557E-5	1	1	211	262	14	1	A
barcode32_consensus_vsearch	160	G	R	478	19	3.81%	2	1	93	93	1.6006486466278831E-6	1	1	210	268	19	0	A
barcode32_consensus_vsearch	164	G	R	465	8	1.64%	2	1	93	93	0.0037914278288080057	1	1	197	268	8	0	-C
barcode32_consensus_vsearch	166	C	Y	488	11	2.2%	2	1	93	93	4.6182883545045964E-4	1	1	220	268	11	0	T
barcode32_consensus_vsearch	167	C	Y	458	10	2%	2	1	93	93	9.302636411480229E-4	1	1	199	259	10	0	-A
barcode32_consensus_vsearch	176	A	R	480	11	2.21%	2	2	93	93	4.6140537857478075E-4	1	1	218	262	9	2	G
barcode32_consensus_vsearch	180	A	R	474	10	2.01%	2	2	93	93	9.317733904039459E-4	1	1	216	258	8	2	G
barcode32_consensus_vsearch	183	C	Y	488	11	2.2%	2	1	93	93	4.6182883545045964E-4	1	1	231	257	0	11	T
barcode32_consensus_vsearch	185	A	R	467	15	3%	2	2	93	93	2.7322596448303877E-5	1	1	216	251	12	3	G
barcode32_consensus_vsearch	189	T	W	462	8	1.68%	2	2	93	93	0.003790700047657303	1	1	218	244	7	1	A
barcode32_consensus_vsearch	203	T	Y	485	8	1.62%	2	1	93	93	0.003796054871155719	1	1	230	255	0	8	C
barcode32_consensus_vsearch	208	C	Y	466	9	1.8%	2	1	93	93	0.0018798524523993853	1	1	224	242	0	9	+G
barcode32_consensus_vsearch	230	C	Y	470	16	3.22%	2	1	93	93	1.3459602890414705E-5	1	1	224	246	0	16	T
barcode32_consensus_vsearch	238	C	Y	462	7	1.41%	2	1	93	93	0.007638341941529366	1	1	228	234	0	7	-T
barcode32_consensus_vsearch	239	T	W	470	9	1.86%	2	1	93	93	0.0018804581949022445	1	1	219	251	9	0	A
barcode32_consensus_vsearch	262	A	R	486	7	1.41%	2	2	93	93	0.007646785429777685	1	1	222	264	6	1	G
barcode32_consensus_vsearch	277	T	Y	423	12	2.41%	2	2	93	93	2.2607433164831964E-4	1	1	213	210	9	3	-G
barcode32_consensus_vsearch	317	A	R	475	12	2.45%	2	1	93	93	2.2796026847120298E-4	1	1	207	268	12	0	G
barcode32_consensus_vsearch	318	T	K	474	22	4.41%	2	1	93	93	1.8791445391200858E-7	1	1	208	266	22	0	G
barcode32_consensus_vsearch	348	T	Y	488	10	2%	2	2	93	93	9.330159046450721E-4	1	1	229	259	1	9	C
barcode32_consensus_vsearch	354	G	R	401	10	2.34%	2	1	93	93	9.239453265076358E-4	1	1	145	256	10	0	A
barcode32_consensus_vsearch	356	G	R	470	13	2.68%	2	2	93	93	1.124817530271211E-4	1	1	204	266	12	1	A
barcode32_consensus_vsearch	360	C	Y	478	13	2.61%	2	2	93	93	1.1263372295721515E-4	1	1	230	248	1	12	T
barcode32_consensus_vsearch	368	A	R	488	10	2%	2	2	93	93	9.330159046450721E-4	1	1	224	264	7	3	G
barcode32_consensus_vsearch	375	T	Y	480	7	1.43%	2	2	93	93	0.007644752250974145	1	1	227	253	3	4	C
barcode32_consensus_vsearch	377	C	Y	478	7	1.43%	2	2	93	93	0.0076440633927143216	1	1	227	251	1	6	T
barcode32_consensus_vsearch	384	C	Y	464	8	1.62%	2	1	93	93	0.0037911862558090196	1	1	229	235	0	8	+T
barcode32_consensus_vsearch	403	A	R	472	24	4.8%	2	2	93	93	4.4823334073848565E-8	1	1	208	264	22	2	G
barcode32_consensus_vsearch	417	C	Y	469	23	4.6%	2	2	93	93	9.162702138261315E-8	1	1	229	240	1	22	T
barcode32_consensus_vsearch	424	A	R	469	7	1.41%	2	2	93	93	0.007640892201856266	1	1	215	254	5	2	+G
barcode32_consensus_vsearch	432	A	R	487	7	1.41%	2	2	93	93	0.007647119511005615	1	1	224	263	2	5	G
barcode32_consensus_vsearch	436	C	Y	492	7	1.4%	2	2	93	93	0.007648769914171423	1	1	229	263	1	6	T
barcode32_consensus_vsearch	456	T	Y	465	10	2.07%	2	1	93	93	9.309364960854272E-4	1	1	229	236	0	10	C
barcode32_consensus_vsearch	458	T	Y	448	10	2.16%	2	1	93	93	9.292672599433581E-4	1	1	225	223	0	10	C
barcode32_consensus_vsearch	462	C	Y	459	14	2.8%	2	2	93	93	5.536012240246439E-5	1	1	223	236	1	13	-G
barcode32_consensus_vsearch	463	G	R	469	7	1.45%	2	1	93	93	0.007640892201856266	1	1	221	248	7	0	A
barcode32_consensus_vsearch	471	C	Y	483	11	2.2%	2	2	93	93	4.6156575380591254E-4	1	1	226	257	1	10	T
barcode32_consensus_vsearch	472	G	R	483	8	1.61%	2	1	93	93	0.0037956090150416287	1	1	216	267	8	0	A
barcode32_consensus_vsearch	490	A	R	482	9	1.81%	2	2	93	93	0.0018822167908263267	1	1	219	263	8	1	G
barcode32_consensus_vsearch	492	T	Y	484	12	2.4%	2	2	93	93	2.282474329354019E-4	1	1	227	257	1	11	C
barcode32_consensus_vsearch	497	T	Y	477	14	2.83%	2	1	93	93	5.5561320509265604E-5	1	1	226	251	0	14	C
barcode32_consensus_vsearch	504	G	R	479	8	1.62%	2	2	93	93	0.0037947063913870826	1	1	218	261	7	1	A
barcode32_consensus_vsearch	509	A	R	475	16	3.2%	2	2	93	93	1.3477087849748697E-5	1	1	210	265	14	2	G
barcode32_consensus_vsearch	512	C	Y	476	19	3.81%	2	1	93	93	1.5994935898798693E-6	1	1	227	249	0	19	T
barcode32_consensus_vsearch	513	A	R	481	7	1.41%	2	2	93	93	0.007645094571574461	1	1	218	263	6	1	G
barcode32_consensus_vsearch	545	C	Y	331	24	4.9%	2	1	93	93	3.986966931934106E-8	1	1	217	114	0	24	T
barcode32_consensus_vsearch	549	C	Y	376	11	2.55%	2	1	93	93	4.5434311102034934E-4	1	1	220	156	0	11	-GCC
barcode32_consensus_vsearch	551	C	Y	435	10	2.19%	2	2	93	93	9.279060186061013E-4	1	1	219	216	4	6	T
barcode32_consensus_vsearch	552	C	Y	416	43	9.17%	2	1	93	93	4.051336561005802E-14	1	1	226	190	0	43	T
barcode32_consensus_vsearch	554	T	Y	451	18	3.77%	2	2	93	93	3.230501334133152E-6	1	1	228	223	2	16	C
barcode32_consensus_vsearch	556	C	Y	411	8	1.62%	2	2	93	93	0.003776745880714396	1	1	216	195	1	7	-G
barcode32_consensus_vsearch	557	G	R	413	27	6%	2	2	93	93	4.938088055698905E-9	1	1	190	223	26	1	A
barcode32_consensus_vsearch	559	G	R	487	8	1.61%	2	2	93	93	0.003796497148536327	1	1	226	261	4	4	A
barcode32_consensus_vsearch	561	C	Y	475	7	1.41%	2	2	93	93	0.007643019431907797	1	1	227	248	2	5	+A
barcode32_consensus_vsearch	563	C	Y	470	12	2.42%	2	2	93	93	2.2779620497645633E-4	1	1	220	250	2	10	T
barcode32_consensus_vsearch	565	A	R	479	9	1.81%	2	2	93	93	0.0018817851694759033	1	1	222	257	6	3	G
barcode32_consensus_vsearch	567	T	Y	487	7	1.41%	2	2	93	93	0.007647119511005615	1	1	229	258	2	5	C
barcode32_consensus_vsearch	579	A	R	455	28	5.61%	2	2	93	93	2.49008508224289E-9	1	1	193	262	27	1	G
barcode32_consensus_vsearch	580	C	Y	443	12	2.43%	2	2	93	93	2.268494660858375E-4	1	1	208	235	8	4	T
barcode32_consensus_vsearch	597	T	Y	488	7	1.41%	2	2	93	93	0.007647452247954883	1	1	225	263	5	2	C
barcode32_consensus_vsearch	599	A	R	451	20	4.01%	2	2	93	93	7.761492978979092E-7	1	1	209	242	18	2	G
barcode32_consensus_vsearch	606	A	R	476	7	1.42%	2	2	93	93	0.0076433688537074695	1	1	210	266	6	1	G
barcode32_consensus_vsearch	607	C	Y	477	9	1.83%	2	2	93	93	0.001881494491103362	1	1	214	263	6	3	T
barcode32_consensus_vsearch	621	A	R	486	9	1.81%	2	2	93	93	0.001882784227427251	1	1	222	264	7	2	G
barcode32_consensus_vsearch	623	C	Y	486	7	1.41%	2	2	93	93	0.007646785429777685	1	1	227	259	1	6	T
barcode32_consensus_vsearch	629	T	Y	485	7	1.4%	2	2	93	93	0.007646449996103257	1	1	226	259	1	6	C
barcode32_consensus_vsearch	646	C	Y	485	11	2.21%	2	2	93	93	4.616716117716677E-4	1	1	228	257	1	10	T
barcode32_consensus_vsearch	682	C	Y	482	7	1.41%	2	1	93	93	0.007645435497920978	1	1	226	256	0	7	T
barcode32_consensus_vsearch	686	T	Y	479	10	2.04%	2	2	93	93	9.32225201663148E-4	1	1	220	259	4	6	C
barcode32_consensus_vsearch	689	C	Y	481	8	1.61%	2	2	93	93	0.003795159536553975	1	1	224	257	1	7	T
barcode32_consensus_vsearch	691	C	Y	466	8	1.64%	2	1	93	93	0.0037916683896426647	1	1	217	249	0	8	+T
barcode32_consensus_vsearch	692	C	Y	461	24	4.88%	2	1	93	93	4.4527322873173604E-8	1	1	218	243	0	24	T
barcode32_consensus_vsearch	699	T	Y	477	7	1.42%	2	2	93	93	0.0076437168376962865	1	1	223	254	3	4	C
barcode32_consensus_vsearch	704	T	Y	464	13	2.61%	2	2	93	93	1.1236452596727411E-4	1	1	211	253	1	12	-A
barcode32_consensus_vsearch	711	C	Y	476	22	4.4%	2	1	93	93	1.8809818081356825E-7	1	1	230	246	0	22	T
barcode32_consensus_vsearch	713	T	Y	484	10	2.01%	2	2	93	93	9.326679901268426E-4	1	1	228	256	2	8	C
barcode32_consensus_vsearch	714	T	Y	483	10	2%	2	2	93	93	9.325801412601721E-4	1	1	230	253	1	9	C
barcode32_consensus_vsearch	716	T	Y	447	9	1.84%	2	1	93	93	0.001876831595139628	1	1	205	242	0	9	-AC
barcode32_consensus_vsearch	718	C	Y	427	8	1.74%	2	1	93	93	0.0037814732031268648	1	1	200	227	0	8	+T
barcode32_consensus_vsearch	719	C	S	453	19	3.85%	2	1	93	93	1.5855587867497238E-6	1	1	205	248	19	0	G
barcode32_consensus_vsearch	719	C	Y	453	12	2.43%	2	2	93	93	2.2721262456584418E-4	1	1	205	248	1	11	G
barcode32_consensus_vsearch	720	C	Y	460	18	3.6%	2	2	93	93	3.2408181315358464E-6	1	1	227	233	2	16	T
barcode32_consensus_vsearch	725	T	Y	477	8	1.61%	2	2	93	93	0.003794249534494607	1	1	216	261	6	2	C
barcode32_consensus_vsearch	733	T	Y	456	14	2.85%	2	2	93	93	5.5325143711427534E-5	1	1	200	256	8	6	C
barcode32_consensus_vsearch	734	A	R	470	8	1.62%	2	2	93	93	0.0037926206375474623	1	1	214	256	5	3	-G
barcode32_consensus_vsearch	735	G	R	453	26	5.32%	2	1	93	93	1.0515710106650037E-8	1	1	189	264	26	0	A
barcode32_consensus_vsearch	736	G	R	464	30	6.02%	2	2	93	93	5.915226955240921E-10	1	1	201	263	28	2	A
barcode32_consensus_vsearch	746	T	Y	477	10	2.02%	2	2	93	93	9.320455752429517E-4	1	1	221	256	3	7	C
barcode32_consensus_vsearch	748	A	R	477	11	2.21%	2	2	93	93	4.6124306672311685E-4	1	1	218	259	7	4	G
barcode32_consensus_vsearch	758	C	Y	473	19	3.82%	2	1	93	93	1.597744645188903E-6	1	1	228	245	0	19	T
barcode32_consensus_vsearch	764	A	R	475	8	1.62%	2	1	93	93	0.0037937889200904415	1	1	215	260	8	0	G
barcode32_consensus_vsearch	808	A	R	466	13	2.64%	2	2	93	93	1.1240391866883229E-4	1	1	205	261	11	2	G
barcode32_consensus_vsearch	810	A	R	475	15	3.02%	2	2	93	93	2.7372718800438504E-5	1	1	213	262	13	2	G
barcode32_consensus_vsearch	812	G	R	476	12	2.43%	2	1	93	93	2.279926868673764E-4	1	1	210	266	12	0	A
barcode32_consensus_vsearch	815	T	W	436	23	4.86%	2	1	93	93	8.986668762177477E-8	1	1	176	260	23	0	A
barcode32_consensus_vsearch	820	G	R	479	13	2.62%	2	2	93	93	1.126523813406278E-4	1	1	214	265	12	1	A
barcode32_consensus_vsearch	833	A	R	473	11	2.23%	2	2	93	93	4.6102357729833573E-4	1	1	216	257	10	1	G
barcode32_consensus_vsearch	839	A	R	481	9	1.81%	2	2	93	93	0.0018820734984676631	1	1	225	256	3	6	G
barcode32_consensus_vsearch	861	T	Y	490	8	1.61%	2	2	93	93	0.0037971539481312534	1	1	227	263	2	6	C
barcode32_consensus_vsearch	867	A	R	481	7	1.42%	2	2	93	93	0.007645094571574461	1	1	216	265	6	1	G
barcode32_consensus_vsearch	872	T	W	471	8	1.65%	2	1	93	93	0.00379285623175068	1	1	219	252	8	0	A
barcode32_consensus_vsearch	877	G	R	484	7	1.4%	2	2	93	93	0.007646113201788858	1	1	219	265	6	1	A
barcode32_consensus_vsearch	887	T	Y	470	8	1.67%	2	2	93	93	0.0037926206375474623	1	1	224	246	2	6	C
barcode32_consensus_vsearch	892	T	Y	488	7	1.41%	2	2	93	93	0.007647452247954883	1	1	222	266	5	2	C
barcode32_consensus_vsearch	904	T	Y	476	14	2.82%	2	1	93	93	5.555051756564947E-5	1	1	227	249	0	14	C
barcode32_consensus_vsearch	906	C	Y	453	43	8.63%	2	1	93	93	4.3908295487349536E-14	1	1	230	223	0	43	T
barcode32_consensus_vsearch	918	A	R	482	9	1.8%	2	2	93	93	0.0018822167908263267	1	1	216	266	8	1	G
barcode32_consensus_vsearch	920	T	Y	480	9	1.81%	2	2	93	93	0.0018819296258635499	1	1	225	255	2	7	C
barcode32_consensus_vsearch	922	A	R	491	7	1.4%	2	1	93	93	0.007648442473937147	1	1	224	267	7	0	G
barcode32_consensus_vsearch	939	T	Y	481	7	1.41%	2	1	93	93	0.007645094571574461	1	1	227	254	0	7	C
barcode32_consensus_vsearch	955	T	Y	460	7	1.44%	2	2	93	93	0.007637599314660889	1	1	218	242	6	1	-G
barcode32_consensus_vsearch	957	G	R	487	7	1.41%	2	1	93	93	0.007647119511005615	1	1	222	265	7	0	A
barcode32_consensus_vsearch	976	G	R	468	25	5.07%	2	2	93	93	2.1813742654026008E-8	1	1	208	260	23	2	A
barcode32_consensus_vsearch	985	C	Y	460	28	5.61%	2	1	93	93	2.5006859473634126E-9	1	1	225	235	0	28	T
barcode32_consensus_vsearch	986	G	R	483	9	1.83%	2	2	93	93	0.0018823595064416164	1	1	220	263	6	3	A
barcode32_consensus_vsearch	1005	C	S	479	9	1.83%	2	1	93	93	0.0018817851694759033	1	1	213	266	9	0	G
barcode32_consensus_vsearch	1040	G	R	479	11	2.2%	2	1	93	93	4.61351491529115E-4	1	1	212	267	11	0	A
barcode32_consensus_vsearch	1065	G	R	489	9	1.8%	2	2	93	93	0.0018832038811610028	1	1	222	267	8	1	A
barcode32_consensus_vsearch	1099	A	R	485	7	1.4%	2	2	93	93	0.007646449996103257	1	1	225	260	2	5	G
barcode32_consensus_vsearch	1105	T	Y	487	8	1.6%	2	2	93	93	0.003796497148536327	1	1	225	262	3	5	C
barcode32_consensus_vsearch	1108	A	R	471	20	4.03%	2	2	93	93	7.828226612672008E-7	1	1	208	263	18	2	G
barcode32_consensus_vsearch	1109	G	R	487	7	1.41%	2	2	93	93	0.007647119511005615	1	1	223	264	5	2	A
barcode32_consensus_vsearch	1115	C	Y	483	12	2.4%	2	2	93	93	2.2821602994011232E-4	1	1	225	258	3	9	T
barcode32_consensus_vsearch	1116	C	Y	427	40	8.02%	2	2	93	93	3.8016689121702893E-13	1	1	221	206	4	36	T
barcode32_consensus_vsearch	1133	G	R	487	7	1.41%	2	2	93	93	0.007647119511005615	1	1	220	267	6	1	A
barcode32_consensus_vsearch	1143	A	W	481	9	1.8%	2	1	93	93	0.0018820734984676631	1	1	213	268	9	0	T
barcode32_consensus_vsearch	1148	A	R	482	8	1.6%	2	2	93	93	0.0037953847313509786	1	1	219	263	7	1	G
barcode32_consensus_vsearch	1150	T	Y	457	12	2.42%	2	2	93	93	2.273536540268607E-4	1	1	216	241	4	8	+G
barcode32_consensus_vsearch	1170	T	Y	477	9	1.8%	2	2	93	93	0.001881494491103362	1	1	223	254	1	8	C
barcode32_consensus_vsearch	1196	T	Y	492	7	1.4%	2	2	93	93	0.007648769914171423	1	1	228	264	3	4	C
barcode32_consensus_vsearch	1197	A	R	491	7	1.4%	2	2	93	93	0.007648442473937147	1	1	223	268	6	1	G
barcode32_consensus_vsearch	1199	T	Y	482	8	1.61%	2	1	93	93	0.0037953847313509786	1	1	225	257	0	8	C
barcode32_consensus_vsearch	1219	T	Y	487	8	1.6%	2	2	93	93	0.003796497148536327	1	1	230	257	1	7	C
barcode32_consensus_vsearch	1249	T	Y	493	7	1.4%	2	2	93	93	0.007649096049982589	1	1	227	266	4	3	C
barcode32_consensus_vsearch	1263	C	Y	403	78	15.66%	2	2	93	93	1.104786809365225E-25	1	1	222	181	1	77	T
barcode32_consensus_vsearch	1265	C	Y	466	24	4.81%	2	2	93	93	4.466331836805578E-8	1	1	225	241	2	22	T
barcode32_consensus_vsearch	1267	G	R	475	10	2.01%	2	2	93	93	9.318644876872256E-4	1	1	223	252	3	7	A
barcode32_consensus_vsearch	1268	C	Y	460	17	3.46%	2	1	93	93	6.599107282770495E-6	1	1	219	241	0	17	T
barcode32_consensus_vsearch	1324	T	Y	420	7	1.62%	2	2	93	93	0.007621292853586086	1	1	226	194	3	4	C
barcode32_consensus_vsearch	1335	A	R	464	12	2.4%	2	2	93	93	2.2759488469078704E-4	1	1	207	257	10	2	-C
barcode32_consensus_vsearch	1339	T	Y	480	7	1.43%	2	2	93	93	0.007644752250974145	1	1	227	253	2	5	C
barcode32_consensus_vsearch	1342	A	R	482	8	1.63%	2	2	93	93	0.0037953847313509786	1	1	219	263	7	1	G
barcode32_consensus_vsearch	1379	G	R	489	7	1.41%	2	2	93	93	0.007647783648781579	1	1	228	261	3	4	A
barcode32_consensus_vsearch	1389	G	R	478	7	1.42%	2	2	93	93	0.0076440633927143216	1	1	216	262	6	1	A
barcode32_consensus_vsearch	1393	C	Y	441	9	1.81%	2	2	93	93	0.0018758252149176666	1	1	190	251	3	6	-GA
barcode32_consensus_vsearch	1401	T	Y	449	8	1.72%	2	2	93	93	0.0037874367164761535	1	1	208	241	4	4	C
barcode32_consensus_vsearch	1406	T	Y	466	21	4.25%	2	2	93	93	3.8257202218391176E-7	1	1	220	246	3	18	C
barcode32_consensus_vsearch	1433	T	Y	476	18	3.64%	2	2	93	93	3.258288692875568E-6	1	1	225	251	1	17	C
barcode32_consensus_vsearch	1439	A	R	450	7	1.45%	2	2	93	93	0.0076337891152176976	1	1	195	255	3	4	-C
barcode32_consensus_vsearch	1441	C	S	474	17	3.43%	2	1	93	93	6.626932431295206E-6	1	1	208	266	17	0	G
barcode32_consensus_vsearch	1442	C	Y	460	19	3.81%	2	2	93	93	1.589931152311044E-6	1	1	217	243	3	16	T
barcode32_consensus_vsearch	1461	T	Y	482	16	3.21%	2	2	93	93	1.3501004238712803E-5	1	1	229	253	1	15	C
barcode32_consensus_vsearch	1462	T	Y	488	8	1.6%	2	2	93	93	0.0037967169586205873	1	1	223	265	7	1	C
barcode32_consensus_vsearch	1494	C	Y	482	13	2.6%	2	1	93	93	1.1270791662676709E-4	1	1	226	256	0	13	T
barcode32_consensus_vsearch	1495	T	Y	483	8	1.61%	2	2	93	93	0.0037956090150416287	1	1	224	259	3	5	C
barcode32_consensus_vsearch	1511	A	R	481	8	1.61%	2	2	93	93	0.003795159536553975	1	1	219	262	7	1	G
barcode32_consensus_vsearch	1521	C	Y	460	10	2.01%	2	1	93	93	9.304579015951025E-4	1	1	217	243	0	10	+G
barcode32_consensus_vsearch	1522	G	R	485	9	1.81%	2	2	93	93	0.001882643221311292	1	1	221	264	8	1	A
barcode32_consensus_vsearch	1524	A	M	378	8	1.96%	2	1	93	93	0.00376576873622069	1	1	112	266	8	0	C
barcode32_consensus_vsearch	1524	A	R	378	9	2.21%	2	2	93	93	0.0018633978545959287	1	1	112	266	7	2	G
barcode32_consensus_vsearch	1529	G	K	457	9	1.89%	2	1	93	93	0.0018784519065768144	1	1	203	254	9	0	T
barcode32_consensus_vsearch	1531	A	R	469	12	2.41%	2	2	93	93	2.2776299237076134E-4	1	1	212	257	8	4	G
barcode32_consensus_vsearch	1534	T	Y	437	9	1.96%	2	2	93	93	0.0018751394156906677	1	1	217	220	2	7	+C
barcode32_consensus_vsearch	1543	C	Y	480	9	1.81%	2	2	93	93	0.0018819296258635499	1	1	222	258	3	6	T
barcode32_consensus_vsearch	1559	A	R	476	22	4.4%	2	1	93	93	1.8809818081356825E-7	1	1	209	267	22	0	G
barcode32_consensus_vsearch	1561	G	R	439	27	5.72%	2	2	93	93	5.056151420717304E-9	1	1	196	243	25	2	A
barcode32_consensus_vsearch	1563	G	R	492	7	1.4%	2	1	93	93	0.007648769914171423	1	1	223	269	7	0	A
barcode32_consensus_vsearch	1565	T	Y	459	31	6.26%	2	2	93	93	2.8532902400318293E-10	1	1	219	240	3	28	C
barcode32_consensus_vsearch	1569	A	R	489	7	1.41%	2	2	93	93	0.007647783648781579	1	1	224	265	4	3	G
barcode32_consensus_vsearch	1576	C	Y	485	10	2.02%	2	1	93	93	9.32755488817913E-4	1	1	228	257	0	10	T
barcode32_consensus_vsearch	1587	T	Y	476	8	1.63%	2	2	93	93	0.0037940196998724205	1	1	218	258	3	5	C
barcode32_consensus_vsearch	1595	C	Y	453	15	3%	2	2	93	93	2.723093193686008E-5	1	1	216	237	1	14	T
barcode32_consensus_vsearch	1610	C	Y	448	49	9.8%	2	2	93	93	5.118276012815824E-16	1	1	228	220	1	48	T
barcode32_consensus_vsearch	1614	G	R	478	19	3.82%	2	1	93	93	1.6006486466278831E-6	1	1	209	269	19	0	A
barcode32_consensus_vsearch	1626	C	Y	484	7	1.41%	2	1	93	93	0.007646113201788858	1	1	226	258	0	7	T
barcode32_consensus_vsearch	1627	T	Y	478	11	2.22%	2	2	93	93	4.612973880138499E-4	1	1	222	256	3	8	C
barcode32_consensus_vsearch	1637	C	Y	469	8	1.61%	2	1	93	93	0.0037923840624007267	1	1	228	241	0	8	-G
barcode32_consensus_vsearch	1638	G	R	467	11	2.26%	2	2	93	93	4.6068758101189933E-4	1	1	227	240	1	10	A
barcode32_consensus_vsearch	1639	G	R	477	8	1.6%	2	2	93	93	0.003794249534494607	1	1	226	251	3	5	A
barcode32_consensus_vsearch	1640	C	Y	390	16	3.25%	2	2	93	93	1.3124583755675277E-5	1	1	192	198	1	15	T
barcode32_consensus_vsearch	1642	A	R	451	10	2.14%	2	2	93	93	9.295706475538195E-4	1	1	225	226	1	9	G
barcode32_consensus_vsearch	1643	A	M	472	8	1.63%	2	1	93	93	0.0037930908510905733	1	1	225	247	0	8	C
barcode32_consensus_vsearch	1643	A	R	472	7	1.43%	2	2	93	93	0.007641962449987148	1	1	225	247	5	2	C
barcode32_consensus_vsearch	1645	T	Y	451	40	8.11%	2	2	93	93	3.9744668564597764E-13	1	1	229	222	1	39	C
barcode32_consensus_vsearch	1650	C	Y	479	8	1.6%	2	2	93	93	0.0037947063913870826	1	1	224	255	3	5	T
barcode32_consensus_vsearch	1652	G	R	487	10	2%	2	1	93	93	9.329294440127185E-4	1	1	218	269	10	0	A
barcode32_consensus_vsearch	1654	C	Y	484	9	1.8%	2	2	93	93	0.001882501648786426	1	1	227	257	1	8	T
barcode32_consensus_vsearch	1665	G	S	487	8	1.6%	2	1	93	93	0.003796497148536327	1	1	228	259	0	8	C
barcode32_consensus_vsearch	1671	T	Y	487	7	1.4%	2	1	93	93	0.007647119511005615	1	1	228	259	0	7	C
barcode32_consensus_vsearch	1675	C	Y	478	8	1.6%	2	2	93	93	0.0037944784297538666	1	1	222	256	4	4	-G
barcode32_consensus_vsearch	1676	G	R	442	38	7.8%	2	2	93	93	1.6975039010820448E-12	1	1	192	250	35	3	A
barcode32_consensus_vsearch	1676	G	K	442	7	1.44%	2	1	93	93	0.007630619313173879	1	1	192	250	0	7	A
barcode32_consensus_vsearch	1680	G	R	477	12	2.43%	2	2	93	93	2.2802497566790607E-4	1	1	214	263	10	2	A
barcode32_consensus_vsearch	1692	A	R	472	12	2.44%	2	2	93	93	2.2786222785977508E-4	1	1	210	262	10	2	G
barcode32_consensus_vsearch	1695	A	R	484	9	1.82%	2	2	93	93	0.001882501648786426	1	1	221	263	7	2	G
barcode32_consensus_vsearch	1700	T	Y	478	12	2.45%	2	2	93	93	2.2805713564733962E-4	1	1	228	250	1	11	C
barcode32_consensus_vsearch	1705	T	Y	360	13	3.47%	2	2	93	93	1.0975522426701472E-4	1	1	207	153	4	9	C
barcode32_consensus_vsearch	1710	A	R	484	12	2.4%	2	1	93	93	2.282474329354019E-4	1	1	219	265	12	0	G
barcode32_consensus_vsearch	1714	T	Y	487	8	1.61%	2	2	93	93	0.003796497148536327	1	1	227	260	2	6	C
barcode32_consensus_vsearch	1769	A	R	481	9	1.82%	2	2	93	93	0.0018820734984676631	1	1	219	262	7	2	G
barcode32_consensus_vsearch	1779	T	Y	485	10	2.02%	2	1	93	93	9.32755488817913E-4	1	1	230	255	0	10	C
barcode32_consensus_vsearch	1783	G	R	490	7	1.41%	2	2	93	93	0.007648113721449173	1	1	225	265	4	3	A
barcode32_consensus_vsearch	1792	C	Y	481	11	2.23%	2	1	93	93	4.61459050447595E-4	1	1	225	256	0	11	T
barcode32_consensus_vsearch	1801	A	R	470	17	3.44%	2	2	93	93	6.619136673249114E-6	1	1	209	261	15	2	G
barcode32_consensus_vsearch	1802	G	R	485	8	1.62%	2	2	93	93	0.003796054871155719	1	1	222	263	7	1	A
barcode32_consensus_vsearch	1805	T	Y	479	7	1.42%	2	2	93	93	0.007644408527576281	1	1	218	261	6	1	C
barcode32_consensus_vsearch	1842	C	Y	453	17	3.4%	2	1	93	93	6.584608408490289E-6	1	1	230	223	0	17	+A
barcode32_consensus_vsearch	1848	A	W	480	13	2.61%	2	2	93	93	1.1267096612421377E-4	1	1	213	267	12	1	T
barcode32_consensus_vsearch	1865	A	R	470	7	1.46%	2	2	93	93	0.007641250440637751	1	1	205	265	5	2	G
barcode32_consensus_vsearch	1883	T	Y	477	17	3.41%	2	1	93	93	6.632700882144277E-6	1	1	231	246	0	17	C
barcode32_consensus_vsearch	1889	A	R	488	8	1.6%	2	2	93	93	0.0037967169586205873	1	1	222	266	7	1	G
barcode32_consensus_vsearch	1891	C	Y	489	9	1.8%	2	1	93	93	0.0018832038811610028	1	1	229	260	0	9	T
barcode32_consensus_vsearch	1893	T	Y	480	10	2.02%	2	2	93	93	9.323144724620678E-4	1	1	226	254	2	8	C
barcode32_consensus_vsearch	1895	C	Y	418	12	2.43%	2	1	93	93	2.2586957161051062E-4	1	1	214	204	0	12	-G
barcode32_consensus_vsearch	1896	G	R	401	32	7.24%	2	1	93	93	1.2848375480404283E-10	1	1	186	215	32	0	A
barcode32_consensus_vsearch	1898	G	R	488	8	1.61%	2	2	93	93	0.0037967169586205873	1	1	224	264	6	2	A
barcode32_consensus_vsearch	1905	A	R	418	7	1.41%	2	2	93	93	0.007620397344640596	1	1	221	197	5	2	-C
barcode32_consensus_vsearch	1906	C	Y	408	9	2.07%	2	1	93	93	0.0018697784886581234	1	1	227	181	0	9	+T
barcode32_consensus_vsearch	1907	C	Y	476	11	2.23%	2	1	93	93	4.6118852633942285E-4	1	1	231	245	0	11	T
barcode32_consensus_vsearch	1913	A	R	483	8	1.6%	2	2	93	93	0.0037956090150416287	1	1	215	268	7	1	-G
barcode32_consensus_vsearch	1921	C	Y	443	51	10.2%	2	2	93	93	1.1390530593284404E-16	1	1	229	214	1	50	T
barcode32_consensus_vsearch	1927	A	R	429	7	1.42%	2	2	93	93	0.007625221451403564	1	1	179	250	6	1	-G
barcode32_consensus_vsearch	1945	C	Y	482	10	2%	2	2	93	93	9.324919401133498E-4	1	1	227	255	1	9	T
barcode32_consensus_vsearch	1956	C	Y	483	11	2.2%	2	1	93	93	4.6156575380591254E-4	1	1	231	252	0	11	T
barcode32_consensus_vsearch	1961	T	Y	474	7	1.44%	2	2	93	93	0.00764266856336234	1	1	221	253	3	4	C
barcode32_consensus_vsearch	1964	G	R	482	8	1.61%	2	2	93	93	0.0037953847313509786	1	1	218	264	7	1	A
barcode32_consensus_vsearch	1978	G	R	475	12	2.46%	2	1	93	93	2.2796026847120298E-4	1	1	216	259	12	0	A
barcode32_consensus_vsearch	1983	G	R	480	9	1.8%	2	1	93	93	0.0018819296258635499	1	1	215	265	9	0	A
barcode32_consensus_vsearch	1986	A	R	484	8	1.61%	2	2	93	93	0.0037958323931522003	1	1	223	261	5	3	G
barcode32_consensus_vsearch	2002	T	K	476	8	1.65%	2	2	93	93	0.0037940196998724205	1	1	211	265	7	1	G
barcode32_consensus_vsearch	2003	T	K	480	11	2.21%	2	1	93	93	4.6140537857478075E-4	1	1	219	261	11	0	G
barcode32_consensus_vsearch	2011	T	Y	484	12	2.41%	2	2	93	93	2.282474329354019E-4	1	1	227	257	2	10	C
barcode32_consensus_vsearch	2016	G	R	474	9	1.86%	2	1	93	93	0.0018810540052625968	1	1	207	267	9	0	A
barcode32_consensus_vsearch	2035	A	R	482	8	1.61%	2	2	93	93	0.0037953847313509786	1	1	220	262	4	4	G
barcode32_consensus_vsearch	2047	T	Y	473	24	4.81%	2	2	93	93	4.484967329032056E-8	1	1	226	247	3	21	C
barcode32_consensus_vsearch	2049	G	R	485	12	2.41%	2	1	93	93	2.2827871236680183E-4	1	1	218	267	12	0	A
barcode32_consensus_vsearch	2088	C	Y	463	12	2.41%	2	2	93	93	2.2756084834032775E-4	1	1	220	243	4	8	-G
barcode32_consensus_vsearch	2089	G	R	470	9	1.87%	2	1	93	93	0.0018804581949022445	1	1	216	254	9	0	A
barcode32_consensus_vsearch	2099	A	R	478	7	1.41%	2	2	93	93	0.0076440633927143216	1	1	215	263	2	5	G
barcode32_consensus_vsearch	2115	A	R	487	9	1.8%	2	2	93	93	0.0018829246705400634	1	1	221	266	8	1	G
barcode32_consensus_vsearch	2133	G	K	484	9	1.8%	2	1	93	93	0.001882501648786426	1	1	218	266	9	0	T
barcode32_consensus_vsearch	2134	T	Y	487	8	1.61%	2	1	93	93	0.003796497148536327	1	1	230	257	0	8	C
barcode32_consensus_vsearch	2139	C	Y	456	15	3.03%	2	2	93	93	2.7251013932340745E-5	1	1	220	236	2	13	-G
barcode32_consensus_vsearch	2140	G	R	465	7	1.46%	2	2	93	93	0.007639444132665198	1	1	220	245	3	4	A
barcode32_consensus_vsearch	2142	C	Y	472	9	1.82%	2	2	93	93	0.0018807573262679702	1	1	225	247	1	8	T
barcode32_consensus_vsearch	2143	T	Y	443	25	5.03%	2	2	93	93	2.1443444588744307E-8	1	1	213	230	1	24	C
barcode32_consensus_vsearch	2165	G	R	473	7	1.41%	2	2	93	93	0.007642316239083064	1	1	222	251	4	3	-CG
barcode32_consensus_vsearch	2194	C	Y	445	8	1.61%	2	2	93	93	0.0037863952091791225	1	1	226	219	2	6	-T
barcode32_consensus_vsearch	2197	C	S	439	8	1.6%	2	2	93	93	0.003784798257927548	1	1	220	219	1	7	+G
barcode32_consensus_vsearch	2197	C	Y	439	35	7%	2	1	93	93	1.5170823877034285E-11	1	1	220	219	0	35	T
barcode32_consensus_vsearch	2210	C	Y	469	21	4.22%	2	2	93	93	3.8309939360375244E-7	1	1	227	242	2	19	T
barcode32_consensus_vsearch	2212	C	Y	475	7	1.41%	2	1	93	93	0.007643019431907797	1	1	228	247	0	7	-T
barcode32_consensus_vsearch	2213	T	Y	472	8	1.63%	2	2	93	93	0.0037930908510905733	1	1	229	243	1	7	C
barcode32_consensus_vsearch	2214	A	M	474	7	1.41%	2	1	93	93	0.00764266856336234	1	1	223	251	0	7	C
barcode32_consensus_vsearch	2214	A	R	474	10	2.01%	2	2	93	93	9.317733904039459E-4	1	1	223	251	6	4	G
barcode32_consensus_vsearch	2220	G	R	416	7	1.62%	2	1	93	93	0.007619493408432325	1	1	183	233	7	0	A
barcode32_consensus_vsearch	2221	G	R	490	7	1.41%	2	1	93	93	0.007648113721449173	1	1	222	268	7	0	A
barcode32_consensus_vsearch	2222	G	R	484	13	2.6%	2	2	93	93	1.127445778999349E-4	1	1	217	267	12	1	A
barcode32_consensus_vsearch	2231	T	Y	483	9	1.8%	2	2	93	93	0.0018823595064416164	1	1	223	260	4	5	C
barcode32_consensus_vsearch	2234	A	R	475	22	4.41%	2	2	93	93	1.8800648388812268E-7	1	1	207	268	21	1	G
barcode32_consensus_vsearch	2236	C	Y	482	10	2%	2	1	93	93	9.324919401133498E-4	1	1	224	258	0	10	T
barcode32_consensus_vsearch	2243	C	Y	452	11	2.26%	2	1	93	93	4.598102087205823E-4	1	1	221	231	0	11	+T
barcode32_consensus_vsearch	2245	C	Y	469	24	4.82%	2	2	93	93	4.474375358883972E-8	1	1	226	243	1	23	T
barcode32_consensus_vsearch	2246	C	Y	486	10	2%	2	2	93	93	9.328426394204927E-4	1	1	224	262	6	4	T
barcode32_consensus_vsearch	2250	A	R	466	8	1.65%	2	1	93	93	0.0037916683896426647	1	1	199	267	8	0	G
barcode32_consensus_vsearch	2251	C	S	470	14	2.85%	2	1	93	93	5.548479440961097E-5	1	1	206	264	14	0	G
barcode32_consensus_vsearch	2252	C	M	461	8	1.61%	2	1	93	93	0.003790455399559823	1	1	199	262	8	0	-A
barcode32_consensus_vsearch	2252	C	Y	461	7	1.41%	2	2	93	93	0.007637971418043615	1	1	199	262	6	1	-A
barcode32_consensus_vsearch	2257	A	R	476	11	2.23%	2	1	93	93	4.6118852633942285E-4	1	1	209	267	11	0	G
barcode32_consensus_vsearch	2269	T	Y	474	21	4.22%	2	2	93	93	3.8396540995241124E-7	1	1	227	247	2	19	C
barcode32_consensus_vsearch	2286	C	Y	461	24	4.83%	2	2	93	93	4.4527322873173604E-8	1	1	223	238	2	22	T
barcode32_consensus_vsearch	2290	C	Y	487	8	1.61%	2	1	93	93	0.003796497148536327	1	1	230	257	0	8	T
barcode32_consensus_vsearch	2296	C	Y	489	8	1.6%	2	1	93	93	0.0037969358900811403	1	1	229	260	0	8	T
barcode32_consensus_vsearch	2311	G	R	468	20	4.07%	2	2	93	93	7.818537078388637E-7	1	1	206	262	18	2	A
barcode32_consensus_vsearch	2316	C	Y	481	7	1.41%	2	2	93	93	0.007645094571574461	1	1	219	262	5	2	T
barcode32_consensus_vsearch	2318	A	R	479	11	2.22%	2	2	93	93	4.61351491529115E-4	1	1	216	263	10	1	G
barcode32_consensus_vsearch	2320	G	R	437	16	3.21%	2	2	93	93	1.3335013341748276E-5	1	1	194	243	14	2	-TG
barcode32_consensus_vsearch	2322	G	R	430	24	5.16%	2	1	93	93	4.3626126270415345E-8	1	1	190	240	24	0	A
barcode32_consensus_vsearch	2358	T	Y	472	14	2.86%	2	1	93	93	5.550687631584109E-5	1	1	231	241	0	14	C
barcode32_consensus_vsearch	2359	T	Y	464	11	2.21%	2	2	93	93	4.605164581707988E-4	1	1	223	241	2	9	-C
barcode32_consensus_vsearch	2361	A	R	472	7	1.42%	2	2	93	93	0.007641962449987148	1	1	214	258	5	2	-CA
barcode32_consensus_vsearch	2364	T	K	480	9	1.82%	2	1	93	93	0.0018819296258635499	1	1	221	259	9	0	G
barcode32_consensus_vsearch	2366	A	R	484	8	1.61%	2	2	93	93	0.0037958323931522003	1	1	224	260	4	4	G
barcode32_consensus_vsearch	2374	C	Y	473	17	3.44%	2	1	93	93	6.624994773409317E-6	1	1	225	248	0	17	T
barcode32_consensus_vsearch	2382	T	Y	488	8	1.61%	2	2	93	93	0.0037967169586205873	1	1	229	259	1	7	C
barcode32_consensus_vsearch	2398	G	R	480	7	1.41%	2	1	93	93	0.007644752250974145	1	1	215	265	7	0	A
barcode32_consensus_vsearch	2470	T	Y	483	9	1.81%	2	2	93	93	0.0018823595064416164	1	1	228	255	1	8	C
barcode32_consensus_vsearch	2480	G	R	471	13	2.63%	2	1	93	93	1.1250101626549275E-4	1	1	226	245	0	13	A
barcode32_consensus_vsearch	2481	T	Y	476	15	3.03%	2	1	93	93	2.7378873846023585E-5	1	1	228	248	0	15	C
barcode32_consensus_vsearch	2489	C	Y	467	16	3.21%	2	1	93	93	1.3448946438239938E-5	1	1	230	237	0	16	T
barcode32_consensus_vsearch	2491	G	R	480	15	3%	2	2	93	93	2.7403255204375622E-5	1	1	222	258	6	9	A
barcode32_consensus_vsearch	2492	C	Y	460	17	3.42%	2	2	93	93	6.599107282770495E-6	1	1	215	245	8	9	T
barcode32_consensus_vsearch	2493	G	R	478	10	2.02%	2	2	93	93	9.321355699884069E-4	1	1	217	261	7	3	A
barcode32_consensus_vsearch	2496	C	Y	424	12	2.43%	2	2	93	93	2.2611473442214893E-4	1	1	160	264	11	1	-G
barcode32_consensus_vsearch	2497	G	R	358	29	6.5%	2	2	93	93	1.0803274785134407E-9	1	1	110	248	25	4	-C
barcode32_consensus_vsearch	2498	C	Y	428	7	1.54%	2	2	93	93	0.007624792930600719	1	1	170	258	4	3	+T
barcode32_consensus_vsearch	2499	C	Y	399	56	11.45%	2	2	93	93	2.2859861251389416E-18	1	1	135	264	51	5	T
barcode32_consensus_vsearch	2500	C	M	429	8	1.62%	2	2	93	93	0.0037820399638697363	1	1	167	262	7	1	A
barcode32_consensus_vsearch	2500	C	Y	429	54	10.91%	2	2	93	93	1.1559014424710198E-17	1	1	167	262	49	5	T
barcode32_consensus_vsearch	2501	C	Y	421	62	12.42%	2	2	93	93	2.6759533783792395E-20	1	1	213	208	10	52	T
barcode32_consensus_vsearch	2502	G	R	464	17	3.43%	2	2	93	93	6.607213423734967E-6	1	1	209	255	10	7	A
barcode32_consensus_vsearch	2503	C	Y	477	9	1.84%	2	1	93	93	0.001881494491103362	1	1	224	253	0	9	T
barcode32_consensus_vsearch	2504	G	R	466	7	1.42%	2	2	93	93	0.007639808436151757	1	1	217	249	5	2	-TG
barcode32_consensus_vsearch	2505	T	Y	463	8	1.65%	2	2	93	93	0.003790943664241956	1	1	216	247	4	4	C
barcode32_consensus_vsearch	2508	G	R	457	10	2.07%	2	2	93	93	9.301658958586232E-4	1	1	209	248	6	4	A
barcode32_consensus_vsearch	2509	C	Y	375	18	3.69%	2	2	93	93	3.1260025940381716E-6	1	1	175	200	6	12	T
barcode32_consensus_vsearch	2510	G	R	392	19	4.55%	2	2	93	93	1.5416858094341868E-6	1	1	168	224	12	7	A
barcode32_consensus_vsearch	2511	G	R	448	16	3.34%	2	2	93	93	1.3378414380602727E-5	1	1	197	251	12	4	A
barcode32_consensus_vsearch	2512	G	R	453	24	4.92%	2	2	93	93	4.4304548232856974E-8	1	1	199	254	23	1	A
barcode32_consensus_vsearch	2513	G	R	431	19	3.81%	2	2	93	93	1.5710001205756403E-6	1	1	174	257	17	2	-C
barcode32_consensus_vsearch	2514	C	M	429	16	3.46%	2	1	93	93	1.3302171151380651E-5	1	1	183	246	16	0	A
barcode32_consensus_vsearch	2514	C	Y	429	13	2.81%	2	2	93	93	1.1161922648910357E-4	1	1	183	246	1	12	A
barcode32_consensus_vsearch	2515	C	Y	238	7	1.41%	2	2	93	93	0.007480431384223459	1	1	144	94	5	2	-GGG
barcode32_consensus_vsearch	2516	G	R	224	22	7.91%	2	2	93	93	1.4589547585882635E-7	1	1	140	84	18	4	A
barcode32_consensus_vsearch	2516	G	S	224	9	3.24%	2	2	93	93	0.0018053197291553536	1	1	140	84	7	2	A
barcode32_consensus_vsearch	2516	G	K	224	10	3.6%	2	2	93	93	8.852638500565801E-4	1	1	140	84	3	7	T
barcode32_consensus_vsearch	2517	G	R	425	38	8.15%	2	2	93	93	1.648675625885358E-12	1	1	197	228	27	11	A
barcode32_consensus_vsearch	2518	G	R	431	33	6.9%	2	2	93	93	6.454870972530021E-11	1	1	197	234	25	8	A
barcode32_consensus_vsearch	2519	G	R	383	89	17.87%	2	2	93	93	1.64745380646555E-29	1	1	149	234	62	27	A
barcode32_consensus_vsearch	2519	G	S	383	7	1.41%	2	2	93	93	0.007603246958909687	1	1	149	234	1	6	A
barcode32_consensus_vsearch	2520	G	R	377	9	1.8%	2	2	93	93	0.0018631683014264863	1	1	131	246	5	4	-C
barcode32_consensus_vsearch	2520	G	K	377	8	1.6%	2	1	93	93	0.003765406973524696	1	1	131	246	0	8	-C
barcode32_consensus_vsearch	2521	C	M	372	9	2.18%	2	2	93	93	0.00186200269208392	1	1	138	234	7	2	+T
barcode32_consensus_vsearch	2521	C	Y	372	12	2.91%	2	1	93	93	2.2374280247256466E-4	1	1	138	234	0	12	T
barcode32_consensus_vsearch	2522	C	M	424	17	3.66%	2	2	93	93	6.519935125426091E-6	1	1	167	257	16	1	A
barcode32_consensus_vsearch	2522	C	Y	424	14	3.01%	2	2	93	93	5.492334669373769E-5	1	1	167	257	7	7	A
barcode32_consensus_vsearch	2523	C	M	263	22	4.45%	2	1	93	93	1.5645552327852918E-7	1	1	128	135	22	0	-G
barcode32_consensus_vsearch	2523	C	S	263	20	4.05%	2	2	93	93	6.735631685320883E-7	1	1	128	135	11	9	-G
barcode32_consensus_vsearch	2523	C	Y	263	25	5.06%	2	2	93	93	1.729533467771091E-8	1	1	128	135	14	11	T
barcode32_consensus_vsearch	2524	G	R	399	22	5.06%	2	1	93	93	1.7991060895133482E-7	1	1	175	224	22	0	A
barcode32_consensus_vsearch	2524	G	K	399	9	2.07%	2	2	93	93	0.001867961645486525	1	1	175	224	2	7	A
barcode32_consensus_vsearch	2527	G	R	487	7	1.41%	2	2	93	93	0.007647119511005615	1	1	222	265	5	2	A
barcode32_consensus_vsearch	2528	G	R	477	10	2%	2	2	93	93	9.320455752429517E-4	1	1	216	261	7	3	A
barcode32_consensus_vsearch	2529	C	Y	480	9	1.82%	2	2	93	93	0.0018819296258635499	1	1	217	263	5	4	T
barcode32_consensus_vsearch	2530	C	Y	457	32	6.43%	2	2	93	93	1.378517466135514E-10	1	1	220	237	7	25	T
barcode32_consensus_vsearch	2534	C	Y	486	7	1.4%	2	2	93	93	0.007646785429777685	1	1	227	259	2	5	T
barcode32_consensus_vsearch	2535	G	R	462	13	2.61%	2	2	93	93	1.1232481106742664E-4	1	1	211	251	7	6	A
barcode32_consensus_vsearch	2536	C	Y	467	11	2.29%	2	2	93	93	4.6068758101189933E-4	1	1	215	252	5	6	T
barcode32_consensus_vsearch	2544	A	R	484	13	2.6%	2	2	93	93	1.127445778999349E-4	1	1	219	265	11	2	G
barcode32_consensus_vsearch	2545	C	Y	487	7	1.4%	2	1	93	93	0.007647119511005615	1	1	226	261	0	7	T
barcode32_consensus_vsearch	2561	C	Y	420	8	1.62%	2	2	93	93	0.003779448151948946	1	1	168	252	1	7	-A
barcode32_consensus_vsearch	2579	T	Y	488	7	1.4%	2	2	93	93	0.007647452247954883	1	1	226	262	4	3	C
barcode32_consensus_vsearch	2588	A	M	459	7	1.48%	2	2	93	93	0.007637225621250393	1	1	218	241	2	5	C
barcode32_consensus_vsearch	2590	T	Y	452	30	6.11%	2	2	93	93	5.846649486550855E-10	1	1	215	237	5	25	C
barcode32_consensus_vsearch	2600	G	R	484	11	2.2%	2	2	93	93	4.616187878341615E-4	1	1	219	265	10	1	A
barcode32_consensus_vsearch	2618	A	R	491	7	1.4%	2	2	93	93	0.007648442473937147	1	1	224	267	6	1	G
barcode32_consensus_vsearch	2623	G	K	479	7	1.41%	2	1	93	93	0.007644408527576281	1	1	215	264	7	0	T
barcode32_consensus_vsearch	2627	C	Y	456	8	1.68%	2	1	93	93	0.0037892164544094686	1	1	203	253	0	8	T
barcode32_consensus_vsearch	2651	C	Y	479	12	2.4%	2	2	93	93	2.2808916757551884E-4	1	1	224	255	2	10	T
barcode32_consensus_vsearch	2661	T	Y	486	7	1.41%	2	2	93	93	0.007646785429777685	1	1	225	261	1	6	C
barcode32_consensus_vsearch	2665	T	Y	482	10	2.03%	2	2	93	93	9.324919401133498E-4	1	1	229	253	2	8	C
barcode32_consensus_vsearch	2685	T	Y	474	15	3.04%	2	1	93	93	2.7366539591447386E-5	1	1	229	245	0	15	C
barcode32_consensus_vsearch	2689	C	Y	488	7	1.41%	2	2	93	93	0.007647452247954883	1	1	226	262	3	4	T
barcode32_consensus_vsearch	2708	C	M	439	8	1.6%	2	1	93	93	0.003784798257927548	1	1	196	243	8	0	A
barcode32_consensus_vsearch	2709	G	R	392	15	3.11%	2	1	93	93	2.6761482303826905E-5	1	1	128	264	15	0	A
barcode32_consensus_vsearch	2713	G	R	464	16	3.27%	2	1	93	93	1.3438163175026509E-5	1	1	201	263	16	0	A
barcode32_consensus_vsearch	2720	T	Y	474	8	1.61%	2	2	93	93	0.0037935571892849574	1	1	220	254	3	5	C
barcode32_consensus_vsearch	2746	G	R	475	12	2.45%	2	1	93	93	2.2796026847120298E-4	1	1	216	259	12	0	A
barcode32_consensus_vsearch	2750	G	R	481	8	1.62%	2	1	93	93	0.003795159536553975	1	1	219	262	8	0	A
barcode32_consensus_vsearch	2761	A	R	476	7	1.4%	2	2	93	93	0.0076433688537074695	1	1	217	259	6	1	-G
barcode32_consensus_vsearch	2766	A	R	430	9	1.82%	2	2	93	93	0.0018739095280781474	1	1	216	214	7	2	-G
barcode32_consensus_vsearch	2773	T	Y	480	7	1.41%	2	2	93	93	0.007644752250974145	1	1	226	254	1	6	C
barcode32_consensus_vsearch	2779	A	R	490	7	1.4%	2	2	93	93	0.007648113721449173	1	1	224	266	5	2	G
barcode32_consensus_vsearch	2781	G	R	485	8	1.6%	2	1	93	93	0.003796054871155719	1	1	218	267	8	0	A
barcode32_consensus_vsearch	2787	T	Y	473	9	1.83%	2	2	93	93	0.001880905970421938	1	1	226	247	2	7	C
barcode32_consensus_vsearch	2802	A	R	482	7	1.41%	2	1	93	93	0.007645435497920978	1	1	219	263	7	0	G
barcode32_consensus_vsearch	2806	G	R	402	10	2.4%	2	1	93	93	9.240709968804184E-4	1	1	200	202	10	0	A
barcode32_consensus_vsearch	2807	G	R	461	15	3.12%	2	2	93	93	2.7283944644171696E-5	1	1	213	248	13	2	A
barcode32_consensus_vsearch	2828	T	Y	472	19	3.82%	2	2	93	93	1.5971572516949708E-6	1	1	225	247	1	18	C
barcode32_consensus_vsearch	2831	T	Y	488	7	1.4%	2	1	93	93	0.007647452247954883	1	1	227	261	0	7	C
barcode32_consensus_vsearch	2836	A	R	484	7	1.4%	2	2	93	93	0.007646113201788858	1	1	222	262	4	3	G
barcode32_consensus_vsearch	2839	C	Y	462	16	3.25%	2	2	93	93	1.3430902761682295E-5	1	1	224	238	1	15	T
barcode32_consensus_vsearch	2873	A	R	436	22	4.52%	2	2	93	93	1.8415140234507076E-7	1	1	201	235	4	18	G
barcode32_consensus_vsearch	2874	C	Y	413	29	6.22%	2	1	93	93	1.1587405680343973E-9	1	1	204	209	0	29	T
barcode32_consensus_vsearch	2875	C	Y	462	15	3.09%	2	2	93	93	2.7290451356177234E-5	1	1	213	249	1	14	T
barcode32_consensus_vsearch	2876	C	Y	391	65	13.1%	2	1	93	93	2.3234872188948345E-21	1	1	227	164	0	65	T
barcode32_consensus_vsearch	2877	G	R	456	8	1.69%	2	2	93	93	0.0037892164544094686	1	1	221	235	4	4	A
barcode32_consensus_vsearch	2878	G	R	469	7	1.46%	2	2	93	93	0.007640892201856266	1	1	225	244	2	5	A
barcode32_consensus_vsearch	2890	A	R	451	10	2.15%	2	2	93	93	9.295706475538195E-4	1	1	193	258	7	3	G
barcode32_consensus_vsearch	2891	A	R	412	9	1.82%	2	2	93	93	0.001870561328848028	1	1	181	231	8	1	-G
barcode32_consensus_vsearch	2893	G	R	479	10	2.03%	2	2	93	93	9.32225201663148E-4	1	1	215	264	8	2	A
barcode32_consensus_vsearch	2914	A	R	487	9	1.8%	2	2	93	93	0.0018829246705400634	1	1	224	263	7	2	G
barcode32_consensus_vsearch	2918	T	Y	475	8	1.64%	2	2	93	93	0.0037937889200904415	1	1	226	249	3	5	C
barcode32_consensus_vsearch	2922	G	R	484	8	1.61%	2	1	93	93	0.0037958323931522003	1	1	217	267	8	0	A
barcode32_consensus_vsearch	2928	G	R	478	7	1.42%	2	1	93	93	0.0076440633927143216	1	1	219	259	7	0	A
barcode32_consensus_vsearch	2930	G	R	477	8	1.63%	2	2	93	93	0.003794249534494607	1	1	219	258	7	1	A
barcode32_consensus_vsearch	2953	A	R	486	7	1.4%	2	2	93	93	0.007646785429777685	1	1	228	258	3	4	G
barcode32_consensus_vsearch	2960	T	Y	481	14	2.81%	2	2	93	93	5.5604110352241374E-5	1	1	224	257	4	10	C
barcode32_consensus_vsearch	2965	T	K	480	9	1.83%	2	1	93	93	0.0018819296258635499	1	1	214	266	9	0	G
barcode32_consensus_vsearch	2969	C	Y	481	7	1.4%	2	1	93	93	0.007645094571574461	1	1	229	252	0	7	+T
barcode32_consensus_vsearch	2977	T	Y	484	7	1.41%	2	2	93	93	0.007646113201788858	1	1	227	257	2	5	C
barcode32_consensus_vsearch	2987	T	W	446	17	3.56%	2	1	93	93	6.569696438905228E-6	1	1	186	260	17	0	A
barcode32_consensus_vsearch	2987	T	Y	446	7	1.47%	2	2	93	93	0.0076322181458369906	1	1	186	260	5	2	A
barcode32_consensus_vsearch	2989	A	R	467	7	1.45%	2	1	93	93	0.007640171209119411	1	1	200	267	7	0	G
barcode32_consensus_vsearch	3006	A	W	464	7	1.42%	2	1	93	93	0.007639078288945116	1	1	211	253	0	7	-GA
barcode32_consensus_vsearch	3008	A	W	466	7	1.47%	2	1	93	93	0.007639808436151757	1	1	213	253	0	7	T
barcode32_consensus_vsearch	3010	G	R	470	7	1.45%	2	1	93	93	0.007641250440637751	1	1	202	268	7	0	A
barcode32_consensus_vsearch	3020	T	Y	472	21	4.23%	2	2	93	93	3.8362092242323325E-7	1	1	230	242	1	20	C
barcode32_consensus_vsearch	3034	G	R	479	13	2.63%	2	1	93	93	1.126523813406278E-4	1	1	217	262	13	0	A
barcode32_consensus_vsearch	3038	T	Y	482	10	2%	2	2	93	93	9.324919401133498E-4	1	1	219	263	4	6	C
barcode32_consensus_vsearch	3046	A	R	472	10	2.01%	2	1	93	93	9.315900774957411E-4	1	1	210	262	10	0	G
barcode32_consensus_vsearch	3085	A	R	489	8	1.6%	2	2	93	93	0.0037969358900811403	1	1	224	265	6	2	G
barcode32_consensus_vsearch	3109	C	Y	490	8	1.6%	2	2	93	93	0.0037971539481312534	1	1	228	262	1	7	T
barcode32_consensus_vsearch	3178	T	Y	480	8	1.61%	2	2	93	93	0.0037949334251056385	1	1	224	256	1	7	C
barcode32_consensus_vsearch	3195	A	R	478	8	1.63%	2	2	93	93	0.0037944784297538666	1	1	220	258	7	1	G
barcode32_consensus_vsearch	3201	A	M	470	10	2.01%	2	1	93	93	9.314052581613561E-4	1	1	226	244	0	10	C
barcode32_consensus_vsearch	3202	T	Y	459	24	4.94%	2	1	93	93	4.447223462904495E-8	1	1	227	232	0	24	C
barcode32_consensus_vsearch	3203	T	Y	444	14	2.84%	2	2	93	93	5.5180811810721325E-5	1	1	226	218	3	11	-AA
barcode32_consensus_vsearch	3205	A	R	458	7	1.48%	2	2	93	93	0.0076368503276010025	1	1	226	232	2	5	G
barcode32_consensus_vsearch	3208	C	Y	460	33	6.6%	2	2	93	93	6.690727583560248E-11	1	1	225	235	1	32	T
barcode32_consensus_vsearch	3211	A	R	487	7	1.4%	2	2	93	93	0.007647119511005615	1	1	223	264	4	3	G
barcode32_consensus_vsearch	3220	C	Y	454	15	3.13%	2	2	93	93	2.7237653284454335E-5	1	1	205	249	3	12	T
barcode32_consensus_vsearch	3221	C	M	473	9	1.82%	2	1	93	93	0.001880905970421938	1	1	217	256	9	0	A
barcode32_consensus_vsearch	3221	C	Y	473	12	2.43%	2	1	93	93	2.2789503975864872E-4	1	1	217	256	0	12	T
barcode32_consensus_vsearch	3222	C	M	478	9	1.8%	2	1	93	93	0.0018816401257546191	1	1	219	259	9	0	-T
barcode32_consensus_vsearch	3224	G	R	444	35	7.25%	2	2	93	93	1.5278277312461003E-11	1	1	184	260	33	2	A
barcode32_consensus_vsearch	3225	G	K	474	14	2.86%	2	1	93	93	5.5528783345506185E-5	1	1	207	267	14	0	T
barcode32_consensus_vsearch	3238	G	R	484	10	2.01%	2	2	93	93	9.326679901268426E-4	1	1	221	263	7	3	A
barcode32_consensus_vsearch	3253	T	Y	484	9	1.82%	2	2	93	93	0.001882501648786426	1	1	225	259	1	8	C
barcode32_consensus_vsearch	3262	T	Y	486	8	1.6%	2	2	93	93	0.0037962764544926452	1	1	227	259	1	7	C
barcode32_consensus_vsearch	3274	C	Y	338	10	2.85%	2	2	93	93	9.145999987969954E-4	1	1	213	125	2	8	T
barcode32_consensus_vsearch	3295	T	Y	488	7	1.4%	2	2	93	93	0.007647452247954883	1	1	226	262	3	4	C
barcode32_consensus_vsearch	3304	G	R	471	12	2.47%	2	2	93	93	2.278292832015349E-4	1	1	226	245	5	7	A
barcode32_consensus_vsearch	3305	T	W	450	13	2.66%	2	1	93	93	1.120795287248837E-4	1	1	210	240	0	13	-A
barcode32_consensus_vsearch	3319	A	R	465	10	2.04%	2	1	93	93	9.309364960854272E-4	1	1	203	262	10	0	G
barcode32_consensus_vsearch	3363	G	R	476	16	3.22%	2	1	93	93	1.3480544192748738E-5	1	1	209	267	16	0	A
barcode32_consensus_vsearch	3374	C	Y	492	7	1.4%	2	2	93	93	0.007648769914171423	1	1	229	263	1	6	T
barcode32_consensus_vsearch	3404	A	R	481	7	1.4%	2	1	93	93	0.007645094571574461	1	1	223	258	7	0	G
barcode32_consensus_vsearch	3407	T	Y	461	7	1.48%	2	2	93	93	0.007637971418043615	1	1	208	253	1	6	C
barcode32_consensus_vsearch	3408	T	Y	484	7	1.41%	2	2	93	93	0.007646113201788858	1	1	222	262	3	4	C
barcode32_consensus_vsearch	3421	A	R	488	10	2%	2	2	93	93	9.330159046450721E-4	1	1	220	268	9	1	G
barcode32_consensus_vsearch	3424	A	R	471	7	1.46%	2	2	93	93	0.007641607186910932	1	1	216	255	4	3	G
barcode32_consensus_vsearch	3434	T	W	474	9	1.8%	2	2	93	93	0.0018810540052625968	1	1	227	247	1	8	A
barcode32_consensus_vsearch	3435	G	R	477	9	1.83%	2	1	93	93	0.001881494491103362	1	1	228	249	0	9	A
barcode32_consensus_vsearch	3437	C	Y	456	22	4.41%	2	2	93	93	1.8619883799325717E-7	1	1	224	232	1	21	T
barcode32_consensus_vsearch	3451	G	R	479	12	2.42%	2	1	93	93	2.2808916757551884E-4	1	1	212	267	12	0	A
barcode32_consensus_vsearch	3453	A	R	435	54	10.98%	2	2	93	93	1.1797122679458084E-17	1	1	176	259	53	1	G
barcode32_consensus_vsearch	3457	A	R	481	9	1.8%	2	2	93	93	0.0018820734984676631	1	1	224	257	5	4	G
barcode32_consensus_vsearch	3461	T	Y	486	7	1.41%	2	2	93	93	0.007646785429777685	1	1	228	258	2	5	C
barcode32_consensus_vsearch	3466	T	Y	482	7	1.4%	2	2	93	93	0.007645435497920978	1	1	224	258	1	6	C
barcode32_consensus_vsearch	3475	G	R	472	7	1.45%	2	1	93	93	0.007641962449987148	1	1	205	267	7	0	A
barcode32_consensus_vsearch	3479	T	Y	489	8	1.6%	2	2	93	93	0.0037969358900811403	1	1	228	261	2	6	C
barcode32_consensus_vsearch	3494	T	Y	483	9	1.8%	2	2	93	93	0.0018823595064416164	1	1	228	255	1	8	C
barcode32_consensus_vsearch	3501	T	Y	476	14	2.81%	2	2	93	93	5.555051756564947E-5	1	1	228	248	2	12	C
barcode32_consensus_vsearch	3510	C	Y	409	72	14.4%	2	2	93	93	1.1965849161014573E-23	1	1	221	188	4	68	T
barcode32_consensus_vsearch	3550	A	R	485	8	1.6%	2	2	93	93	0.003796054871155719	1	1	223	262	6	2	G
barcode32_consensus_vsearch	3610	T	Y	481	8	1.63%	2	1	93	93	0.003795159536553975	1	1	230	251	0	8	C
barcode32_consensus_vsearch	3614	T	Y	462	8	1.61%	2	2	93	93	0.003790700047657303	1	1	224	238	1	7	-G
barcode32_consensus_vsearch	3632	T	Y	482	12	2.4%	2	2	93	93	2.2818450264947262E-4	1	1	218	264	11	1	C
barcode32_consensus_vsearch	3649	T	Y	482	7	1.43%	2	2	93	93	0.007645435497920978	1	1	225	257	2	5	C
barcode32_consensus_vsearch	3655	C	Y	481	10	2.01%	2	2	93	93	9.324033845593119E-4	1	1	227	254	1	9	T
barcode32_consensus_vsearch	3656	G	R	486	11	2.21%	2	1	93	93	4.617242268643541E-4	1	1	218	268	11	0	A
barcode32_consensus_vsearch	3663	C	S	479	16	3.21%	2	1	93	93	1.3490833331351945E-5	1	1	211	268	16	0	G
barcode32_consensus_vsearch	3674	C	Y	482	10	2.02%	2	2	93	93	9.324919401133498E-4	1	1	221	261	5	5	T
barcode32_consensus_vsearch	3675	A	R	479	9	1.83%	2	2	93	93	0.0018817851694759033	1	1	219	260	4	5	G
barcode32_consensus_vsearch	3678	C	Y	471	7	1.42%	2	1	93	93	0.007641607186910932	1	1	225	246	0	7	T
barcode32_consensus_vsearch	3679	G	R	458	27	5.53%	2	2	93	93	5.135740696905451E-9	1	1	202	256	25	2	A
barcode32_consensus_vsearch	3686	C	Y	471	16	3.25%	2	1	93	93	1.3463127246215206E-5	1	1	226	245	0	16	T
barcode32_consensus_vsearch	3692	G	R	442	8	1.61%	2	2	93	93	0.0037856020174325917	1	1	200	242	3	5	-A
barcode32_consensus_vsearch	3700	C	Y	468	10	2.01%	2	2	93	93	9.312189137508499E-4	1	1	227	241	1	9	-G
barcode32_consensus_vsearch	3705	G	K	466	10	2.1%	2	1	93	93	9.310310253206723E-4	1	1	229	237	0	10	T
barcode32_consensus_vsearch	3719	G	R	477	14	2.83%	2	2	93	93	5.5561320509265604E-5	1	1	216	261	13	1	A
barcode32_consensus_vsearch	3723	A	R	467	7	1.42%	2	2	93	93	0.007640171209119411	1	1	207	260	4	3	-G
barcode32_consensus_vsearch	3731	C	Y	470	12	2.4%	2	2	93	93	2.2779620497645633E-4	1	1	224	246	1	11	T
barcode32_consensus_vsearch	3732	G	R	482	7	1.43%	2	1	93	93	0.007645435497920978	1	1	220	262	7	0	A
barcode32_consensus_vsearch	3739	C	Y	482	8	1.61%	2	2	93	93	0.0037953847313509786	1	1	225	257	1	7	T
barcode32_consensus_vsearch	3745	C	Y	445	8	1.6%	2	2	93	93	0.0037863952091791225	1	1	187	258	2	6	-A
barcode32_consensus_vsearch	3747	A	R	484	8	1.61%	2	2	93	93	0.0037958323931522003	1	1	219	265	6	2	G
barcode32_consensus_vsearch	3756	T	Y	477	11	2.25%	2	2	93	93	4.6124306672311685E-4	1	1	215	262	6	5	C
barcode32_consensus_vsearch	3760	A	R	462	8	1.66%	2	2	93	93	0.003790700047657303	1	1	200	262	5	3	G
barcode32_consensus_vsearch	3775	A	R	493	7	1.4%	2	2	93	93	0.007649096049982589	1	1	226	267	5	2	G
barcode32_consensus_vsearch	3776	C	Y	486	10	2%	2	2	93	93	9.328426394204927E-4	1	1	228	258	1	9	T
barcode32_consensus_vsearch	3778	A	R	489	7	1.41%	2	1	93	93	0.007647783648781579	1	1	221	268	7	0	G
barcode32_consensus_vsearch	3782	T	Y	487	8	1.6%	2	2	93	93	0.003796497148536327	1	1	226	261	5	3	C
barcode32_consensus_vsearch	3792	T	Y	490	8	1.6%	2	1	93	93	0.0037971539481312534	1	1	229	261	0	8	C
barcode32_consensus_vsearch	3801	T	Y	467	7	1.4%	2	2	93	93	0.007640171209119411	1	1	226	241	1	6	-G
barcode32_consensus_vsearch	3808	A	R	483	7	1.41%	2	2	93	93	0.007645775038504135	1	1	226	257	1	6	G
barcode32_consensus_vsearch	3809	C	Y	475	8	1.62%	2	1	93	93	0.0037937889200904415	1	1	227	248	0	8	T
barcode32_consensus_vsearch	3810	C	Y	484	9	1.8%	2	2	93	93	0.001882501648786426	1	1	229	255	1	8	T
barcode32_consensus_vsearch	3812	C	Y	474	8	1.6%	2	2	93	93	0.0037935571892849574	1	1	229	245	1	7	-G
barcode32_consensus_vsearch	3815	C	Y	484	9	1.81%	2	1	93	93	0.001882501648786426	1	1	231	253	0	9	T
barcode32_consensus_vsearch	3823	A	R	470	10	2.05%	2	1	93	93	9.314052581613561E-4	1	1	201	269	10	0	G
barcode32_consensus_vsearch	3824	C	S	475	12	2.41%	2	1	93	93	2.2796026847120298E-4	1	1	209	266	12	0	G
barcode32_consensus_vsearch	3854	A	W	463	9	1.8%	2	1	93	93	0.0018793914772358292	1	1	216	247	0	9	-G
barcode32_consensus_vsearch	3880	T	Y	481	13	2.61%	2	1	93	93	1.1268947774239521E-4	1	1	227	254	0	13	C
barcode32_consensus_vsearch	3881	T	Y	489	8	1.6%	2	1	93	93	0.0037969358900811403	1	1	230	259	0	8	C
barcode32_consensus_vsearch	3890	C	M	351	7	1.4%	2	2	93	93	0.0075846487975676224	1	1	113	238	5	2	-A
barcode32_consensus_vsearch	3899	C	Y	484	8	1.6%	2	1	93	93	0.0037958323931522003	1	1	231	253	0	8	+T
barcode32_consensus_vsearch	3903	T	Y	488	7	1.4%	2	2	93	93	0.007647452247954883	1	1	228	260	1	6	C
barcode32_consensus_vsearch	3907	A	R	481	12	2.41%	2	1	93	93	2.2815285032269742E-4	1	1	215	266	12	0	G
barcode32_consensus_vsearch	3930	C	Y	477	9	1.8%	2	2	93	93	0.001881494491103362	1	1	229	248	1	8	T
barcode32_consensus_vsearch	3936	G	R	481	13	2.63%	2	2	93	93	1.1268947774239521E-4	1	1	218	263	12	1	A
barcode32_consensus_vsearch	3937	G	R	490	9	1.8%	2	2	93	93	0.0018833426553170954	1	1	223	267	8	1	A
barcode32_consensus_vsearch	3942	G	R	469	13	2.69%	2	2	93	93	1.1246241212055434E-4	1	1	218	251	11	2	A
barcode32_consensus_vsearch	3945	T	Y	465	17	3.45%	2	2	93	93	6.60922010318444E-6	1	1	220	245	2	15	C
barcode32_consensus_vsearch	3960	C	Y	458	26	5.23%	2	1	93	93	1.0554682365448716E-8	1	1	222	236	0	26	T
barcode32_consensus_vsearch	3983	C	Y	474	20	4%	2	2	93	93	7.837807852284418E-7	1	1	229	245	2	18	T
barcode32_consensus_vsearch	3985	T	Y	483	9	1.83%	2	2	93	93	0.0018823595064416164	1	1	226	257	1	8	C
barcode32_consensus_vsearch	3991	A	R	475	7	1.41%	2	2	93	93	0.007643019431907797	1	1	222	253	5	2	G
barcode32_consensus_vsearch	4016	T	Y	468	14	2.86%	2	1	93	93	5.54625355253872E-5	1	1	230	238	0	14	C
barcode32_consensus_vsearch	4031	C	Y	347	134	26.85%	2	1	93	93	9.342562386924855E-46	1	1	231	116	0	134	T
barcode32_consensus_vsearch	4033	T	Y	477	20	4.02%	2	2	93	93	7.847282595785803E-7	1	1	230	247	1	19	C
barcode32_consensus_vsearch	4045	T	Y	469	7	1.42%	2	2	93	93	0.007640892201856266	1	1	216	253	1	6	C
barcode32_consensus_vsearch	4046	A	R	473	7	1.43%	2	2	93	93	0.007642316239083064	1	1	218	255	2	5	G
barcode32_consensus_vsearch	4059	A	R	487	9	1.81%	2	2	93	93	0.0018829246705400634	1	1	221	266	8	1	G
barcode32_consensus_vsearch	4070	T	Y	486	8	1.62%	2	2	93	93	0.0037962764544926452	1	1	227	259	1	7	C
barcode32_consensus_vsearch	4076	G	R	442	7	1.56%	2	1	93	93	0.007630619313173879	1	1	202	240	7	0	A
barcode32_consensus_vsearch	4091	T	Y	483	9	1.81%	2	1	93	93	0.0018823595064416164	1	1	230	253	0	9	C
barcode32_consensus_vsearch	4126	A	W	450	8	1.71%	2	2	93	93	0.003787694271375089	1	1	192	258	1	7	T
barcode32_consensus_vsearch	4134	A	R	462	10	2.09%	2	2	93	93	9.306505389952973E-4	1	1	225	237	4	6	G
barcode32_consensus_vsearch	4135	T	Y	478	12	2.42%	2	2	93	93	2.2805713564733962E-4	1	1	225	253	2	10	C
barcode32_consensus_vsearch	4141	A	R	479	7	1.42%	2	2	93	93	0.007644408527576281	1	1	214	265	6	1	G
barcode32_consensus_vsearch	4153	C	Y	465	23	4.61%	2	2	93	93	9.14249037630731E-8	1	1	223	242	3	20	T
barcode32_consensus_vsearch	4158	G	R	482	8	1.61%	2	1	93	93	0.0037953847313509786	1	1	214	268	8	0	A
barcode32_consensus_vsearch	4159	G	R	464	20	4.01%	2	1	93	93	7.805446056355582E-7	1	1	195	269	20	0	A
barcode32_consensus_vsearch	4160	C	Y	461	22	4.43%	2	2	93	93	1.8668691638684876E-7	1	1	199	262	18	4	T
barcode32_consensus_vsearch	4161	A	R	441	23	4.64%	2	2	93	93	9.014760477484098E-8	1	1	178	263	21	2	+T
barcode32_consensus_vsearch	4200	G	R	449	36	7.39%	2	1	93	93	7.414246095680247E-12	1	1	189	260	36	0	A
barcode32_consensus_vsearch	4211	C	Y	478	11	2.22%	2	2	93	93	4.612973880138499E-4	1	1	223	255	1	10	T
barcode32_consensus_vsearch	4252	A	R	475	7	1.4%	2	2	93	93	0.007643019431907797	1	1	213	262	6	1	-G
barcode32_consensus_vsearch	4276	T	Y	486	7	1.42%	2	2	93	93	0.007646785429777685	1	1	221	265	4	3	C
barcode32_consensus_vsearch	4289	C	Y	452	45	9%	2	2	93	93	1.0015336281835853E-14	1	1	229	223	1	44	T
barcode32_consensus_vsearch	4298	T	Y	482	9	1.83%	2	1	93	93	0.0018822167908263267	1	1	225	257	0	9	C
barcode32_consensus_vsearch	4319	A	R	483	7	1.42%	2	2	93	93	0.007645775038504135	1	1	218	265	5	2	G
