Chrom	Position	Ref	Cons	Reads1	Reads2	VarFreq	Strands1	Strands2	Qual1	Qual2	Pvalue	MapQual1	MapQual2	Reads1Plus	Reads1Minus	Reads2Plus	Reads2Minus	VarAllele
barcode46_consensus_vsearch	96	G	R	209	7	3.2%	2	2	93	93	0.007436270701269745	1	1	97	112	6	1	A
barcode46_consensus_vsearch	116	C	Y	204	15	6.82%	2	2	93	93	2.3815125527116474E-5	1	1	104	100	1	14	T
barcode46_consensus_vsearch	134	A	R	206	13	5.94%	2	1	93	93	1.016217291023551E-4	1	1	91	115	13	0	G
barcode46_consensus_vsearch	148	C	Y	212	8	3.6%	2	2	93	93	0.003661360523321731	1	1	99	113	7	1	T
barcode46_consensus_vsearch	149	C	Y	210	7	3.15%	2	1	93	93	0.007437988084800957	1	1	97	113	7	0	T
barcode46_consensus_vsearch	205	C	Y	207	9	4.11%	2	1	93	93	0.001793948723227531	1	1	105	102	0	9	T
barcode46_consensus_vsearch	322	G	R	199	10	4.78%	2	1	93	93	8.746903119674215E-4	1	1	97	102	10	0	A
barcode46_consensus_vsearch	340	G	R	209	7	3.24%	2	1	93	93	0.007436270701269745	1	1	99	110	7	0	A
barcode46_consensus_vsearch	367	T	Y	205	9	4.07%	2	2	93	93	0.0017924949478988227	1	1	99	106	2	7	C
barcode46_consensus_vsearch	389	C	Y	206	14	6.31%	2	1	93	93	4.930621480362649E-5	1	1	106	100	0	14	T
barcode46_consensus_vsearch	391	T	Y	214	7	3.17%	2	2	93	93	0.007444703667648697	1	1	106	108	1	6	C
barcode46_consensus_vsearch	429	T	Y	210	7	3.23%	2	2	93	93	0.007437988084800957	1	1	99	111	4	3	C
barcode46_consensus_vsearch	524	G	R	212	9	4.07%	2	1	93	93	0.00179747064240055	1	1	97	115	9	0	A
barcode46_consensus_vsearch	553	T	Y	200	7	3.35%	2	1	93	93	0.007420075094973923	1	1	106	94	0	7	C
barcode46_consensus_vsearch	691	A	R	204	12	5.45%	2	1	93	93	2.0867313373012331E-4	1	1	95	109	12	0	G
barcode46_consensus_vsearch	715	G	R	212	8	3.62%	2	1	93	93	0.003661360523321731	1	1	98	114	8	0	A
barcode46_consensus_vsearch	741	C	Y	180	7	3.18%	2	2	93	93	0.007378565932456183	1	1	100	80	2	5	+T
barcode46_consensus_vsearch	742	C	M	112	34	15.45%	2	2	93	93	6.604148771094067E-12	1	1	58	54	4	30	+TA
barcode46_consensus_vsearch	743	C	Y	117	8	3.62%	2	2	93	93	0.0034802219682091096	1	1	51	66	6	2	+TAC
barcode46_consensus_vsearch	758	A	R	206	10	4.61%	2	2	93	93	8.778898007284436E-4	1	1	96	110	9	1	G
barcode46_consensus_vsearch	844	T	Y	209	7	3.23%	2	1	93	93	0.007436270701269745	1	1	106	103	0	7	C
barcode46_consensus_vsearch	868	G	R	212	7	3.17%	2	1	93	93	0.00744137624879223	1	1	98	114	7	0	A
barcode46_consensus_vsearch	875	G	R	215	7	3.15%	2	1	93	93	0.007446345105805389	1	1	100	115	7	0	A
barcode46_consensus_vsearch	879	T	Y	210	11	4.98%	2	2	93	93	4.298416344617859E-4	1	1	104	106	2	9	C
barcode46_consensus_vsearch	897	A	R	213	8	3.6%	2	1	93	93	0.0036624519192641563	1	1	99	114	8	0	G
barcode46_consensus_vsearch	970	T	Y	209	7	3.15%	2	1	93	93	0.007436270701269745	1	1	105	104	0	7	C
barcode46_consensus_vsearch	978	C	S	213	7	3.17%	2	1	93	93	0.007443047448823043	1	1	99	114	7	0	G
barcode46_consensus_vsearch	1001	T	Y	211	10	4.5%	2	1	93	93	8.800549103686053E-4	1	1	107	104	0	10	C
barcode46_consensus_vsearch	1026	A	R	207	13	5.88%	2	2	93	93	1.0170895517465024E-4	1	1	94	113	12	1	G
barcode46_consensus_vsearch	1088	C	Y	191	7	3.15%	2	2	93	93	0.007402422710817429	1	1	102	89	1	6	+G
barcode46_consensus_vsearch	1128	T	Y	210	9	4.05%	2	1	93	93	0.0017960807336148846	1	1	104	106	0	9	C
barcode46_consensus_vsearch	1341	G	R	179	22	10.73%	2	2	93	93	1.2987983791615307E-7	1	1	79	100	21	1	A
barcode46_consensus_vsearch	1351	G	R	210	9	4.11%	2	2	93	93	0.0017960807336148846	1	1	97	113	8	1	A
barcode46_consensus_vsearch	1421	G	R	209	9	4.07%	2	1	93	93	0.0017953764342624938	1	1	95	114	9	0	A
barcode46_consensus_vsearch	1454	G	R	194	10	4.9%	2	2	93	93	8.722750499460999E-4	1	1	96	98	9	1	A
barcode46_consensus_vsearch	1536	C	Y	151	11	4.98%	2	2	93	93	4.096981551383751E-4	1	1	41	110	8	3	+A
barcode46_consensus_vsearch	1572	C	Y	198	17	7.66%	2	2	93	93	5.490515091509853E-6	1	1	102	96	2	15	T
barcode46_consensus_vsearch	1578	T	W	181	7	3.61%	2	1	93	93	0.007380848803681321	1	1	91	90	0	7	A
barcode46_consensus_vsearch	1581	C	Y	205	9	4.13%	2	1	93	93	0.0017924949478988227	1	1	107	98	0	9	T
barcode46_consensus_vsearch	1767	A	R	213	7	3.15%	2	2	93	93	0.007443047448823043	1	1	101	112	6	1	G
barcode46_consensus_vsearch	1946	C	Y	206	16	7.21%	2	1	93	93	1.1531106955580906E-5	1	1	107	99	0	16	T
barcode46_consensus_vsearch	2001	C	Y	211	7	3.15%	2	1	93	93	0.007439689863414905	1	1	106	105	0	7	T
barcode46_consensus_vsearch	2080	A	M	210	7	3.17%	2	1	93	93	0.007437988084800957	1	1	106	104	0	7	C
barcode46_consensus_vsearch	2081	T	Y	210	7	3.21%	2	1	93	93	0.007437988084800957	1	1	107	103	0	7	C
barcode46_consensus_vsearch	2082	T	Y	203	12	5.45%	2	1	93	93	2.0851661109317314E-4	1	1	106	97	0	12	C
barcode46_consensus_vsearch	2086	C	Y	213	7	3.15%	2	2	93	93	0.007443047448823043	1	1	106	107	1	6	T
barcode46_consensus_vsearch	2136	G	R	198	16	7.44%	2	1	93	93	1.1406445395916652E-5	1	1	90	108	16	0	A
barcode46_consensus_vsearch	2224	T	Y	210	8	3.65%	2	2	93	93	0.0036591481612605	1	1	105	105	2	6	C
barcode46_consensus_vsearch	2240	G	R	141	62	30.1%	2	1	93	93	8.69816745445593E-22	1	1	33	108	62	0	A
barcode46_consensus_vsearch	2241	G	R	205	12	5.41%	2	1	93	93	2.0882828978061456E-4	1	1	90	115	12	0	A
barcode46_consensus_vsearch	2305	G	R	179	27	13.04%	2	1	93	93	2.9953751163025596E-9	1	1	79	100	27	0	A
barcode46_consensus_vsearch	2308	T	Y	197	11	4.95%	2	1	93	93	4.263419112240475E-4	1	1	95	102	0	11	C
barcode46_consensus_vsearch	2665	A	R	194	10	4.61%	2	2	93	93	8.722750499460999E-4	1	1	97	97	9	1	+G
barcode46_consensus_vsearch	2681	C	S	189	7	3.15%	2	1	93	93	0.007398282157210082	1	1	94	95	0	7	-GC
barcode46_consensus_vsearch	2682	G	R	197	10	4.83%	2	1	93	93	8.737377439902802E-4	1	1	84	113	10	0	A
barcode46_consensus_vsearch	2729	G	R	213	7	3.18%	2	1	93	93	0.007443047448823043	1	1	100	113	7	0	A
barcode46_consensus_vsearch	2754	C	Y	203	11	4.98%	2	1	93	93	4.280077806644155E-4	1	1	107	96	0	11	T
barcode46_consensus_vsearch	2796	C	Y	191	12	5.41%	2	1	93	93	2.0652482483515445E-4	1	1	106	85	0	12	T
barcode46_consensus_vsearch	2827	T	Y	200	7	3.15%	2	2	93	93	0.007420075094973923	1	1	101	99	2	5	-C
barcode46_consensus_vsearch	2859	C	Y	207	14	6.31%	2	1	93	93	4.93553660030744E-5	1	1	107	100	0	14	T
barcode46_consensus_vsearch	2904	G	R	203	13	5.99%	2	1	93	93	1.0135552209744578E-4	1	1	89	114	13	0	A
barcode46_consensus_vsearch	2906	G	R	203	10	4.59%	2	1	93	93	8.765435124402236E-4	1	1	93	110	10	0	A
barcode46_consensus_vsearch	2944	T	Y	213	8	3.6%	2	1	93	93	0.0036624519192641563	1	1	107	106	0	8	C
barcode46_consensus_vsearch	2953	C	Y	203	12	5.41%	2	1	93	93	2.0851661109317314E-4	1	1	100	103	0	12	T
barcode46_consensus_vsearch	3004	C	Y	208	12	5.41%	2	2	93	93	2.0928573468617033E-4	1	1	106	102	1	11	T
barcode46_consensus_vsearch	3032	T	Y	112	108	48.87%	2	2	93	93	6.376032728960743E-41	1	1	55	57	51	57	C
barcode46_consensus_vsearch	3108	T	Y	211	7	3.18%	2	2	93	93	0.007439689863414905	1	1	103	108	2	5	C
barcode46_consensus_vsearch	3211	T	Y	209	8	3.65%	2	1	93	93	0.003658026926953576	1	1	105	104	0	8	C
barcode46_consensus_vsearch	3233	G	R	206	11	5.07%	2	2	93	93	4.288076047440095E-4	1	1	96	110	10	1	A
barcode46_consensus_vsearch	3237	G	K	211	9	4.05%	2	1	93	93	0.0017967787753331713	1	1	97	114	9	0	T
barcode46_consensus_vsearch	3273	C	Y	208	9	4.07%	2	1	93	93	0.0017946657928001688	1	1	104	104	0	9	T
barcode46_consensus_vsearch	3320	C	Y	184	34	15.32%	2	2	93	93	1.4420013005370066E-11	1	1	106	78	1	33	T
barcode46_consensus_vsearch	3477	A	R	203	9	4.07%	2	2	93	93	0.0017910143883990014	1	1	95	108	8	1	G
barcode46_consensus_vsearch	3554	C	S	211	7	3.18%	2	1	93	93	0.007439689863414905	1	1	97	114	7	0	G
barcode46_consensus_vsearch	3677	G	R	173	10	5.29%	2	1	93	93	8.60743791896823E-4	1	1	77	96	10	0	A
barcode46_consensus_vsearch	3684	A	M	202	7	3.2%	2	1	93	93	0.007423793454516522	1	1	101	101	0	7	C
barcode46_consensus_vsearch	3688	C	Y	208	7	3.18%	2	2	93	93	0.007434537497224064	1	1	103	105	1	6	T
barcode46_consensus_vsearch	3689	G	R	210	10	4.52%	2	1	93	93	8.796295164637225E-4	1	1	96	114	10	0	A
barcode46_consensus_vsearch	3723	C	Y	201	18	8.14%	2	2	93	93	2.6509133703959145E-6	1	1	104	97	1	17	T
barcode46_consensus_vsearch	3744	A	R	215	7	3.15%	2	2	93	93	0.007446345105805389	1	1	101	114	6	1	G
barcode46_consensus_vsearch	3766	C	Y	212	7	3.15%	2	2	93	93	0.00744137624879223	1	1	104	108	1	6	T
barcode46_consensus_vsearch	3803	G	R	211	7	3.2%	2	1	93	93	0.007439689863414905	1	1	100	111	7	0	A
barcode46_consensus_vsearch	3808	C	Y	208	8	3.64%	2	1	93	93	0.0036568954742723925	1	1	104	104	0	8	T
barcode46_consensus_vsearch	3934	G	R	206	9	4.19%	2	1	93	93	0.001793225137980622	1	1	96	110	9	0	A
barcode46_consensus_vsearch	3961	T	W	199	7	3.33%	2	1	93	93	0.007418189114685095	1	1	91	108	7	0	A
barcode46_consensus_vsearch	4016	C	Y	212	10	4.5%	2	1	93	93	8.804765900705064E-4	1	1	107	105	0	10	T
barcode46_consensus_vsearch	4023	C	Y	179	38	17.12%	2	1	93	93	6.161683601813567E-13	1	1	106	73	0	38	T
barcode46_consensus_vsearch	4035	G	R	212	9	4.07%	2	1	93	93	0.00179747064240055	1	1	98	114	9	0	A
barcode46_consensus_vsearch	4065	A	R	205	12	5.43%	2	2	93	93	2.0882828978061456E-4	1	1	97	108	9	3	G
barcode46_consensus_vsearch	4116	G	R	194	18	8.22%	2	1	93	93	2.6178722311443477E-6	1	1	85	109	18	0	A
barcode46_consensus_vsearch	4119	G	R	197	12	5.61%	2	2	93	93	2.0754774095569465E-4	1	1	88	109	11	1	A
barcode46_consensus_vsearch	4134	C	M	165	10	4.69%	2	1	93	93	8.556516511161876E-4	1	1	106	59	0	10	+A
barcode46_consensus_vsearch	4134	C	Y	165	14	6.57%	2	1	93	93	4.686317044849749E-5	1	1	106	59	0	14	T
barcode46_consensus_vsearch	4136	C	M	205	7	3.21%	2	1	93	93	0.0074292407456773525	1	1	107	98	0	7	A
barcode46_consensus_vsearch	4253	G	R	213	7	3.17%	2	1	93	93	0.007443047448823043	1	1	98	115	7	0	A
barcode46_consensus_vsearch	4278	C	Y	214	7	3.15%	2	1	93	93	0.007444703667648697	1	1	106	108	0	7	T
