Chrom	Position	Ref	Cons	Reads1	Reads2	VarFreq	Strands1	Strands2	Qual1	Qual2	Pvalue	MapQual1	MapQual2	Reads1Plus	Reads1Minus	Reads2Plus	Reads2Minus	VarAllele
barcode13_consensus_vsearch	26	T	*/-C	89	8	7.84%	2	2	93	93	0.0033615579930956	1	1	41	48	1	7	-C
barcode13_consensus_vsearch	170	A	*/-C	82	10	9.8%	2	2	93	93	7.54483973495983E-4	1	1	33	49	3	7	-C
barcode13_consensus_vsearch	174	C	*/-T	94	7	6.93%	2	1	93	93	0.007016672878749878	1	1	42	52	0	7	-T
barcode13_consensus_vsearch	208	T	*/+C	80	9	8.82%	2	2	93	93	0.0015792567536216308	1	1	40	40	1	8	+C
barcode13_consensus_vsearch	208	T	*/-C	80	11	10.78%	2	2	93	93	3.5424699703522257E-4	1	1	40	40	2	9	-C
barcode13_consensus_vsearch	319	A	*/-G	86	15	14.71%	2	2	93	93	1.7422248019719786E-5	1	1	33	53	10	5	-G
barcode13_consensus_vsearch	348	A	*/-G	80	11	10.89%	2	1	93	93	3.5424699703522257E-4	1	1	40	40	0	11	-G
barcode13_consensus_vsearch	355	T	*/-CCT	80	7	7.53%	2	2	93	93	0.006891726957368562	1	1	41	39	1	6	-CCT
barcode13_consensus_vsearch	369	G	*/+C	57	7	6.86%	2	2	93	93	0.006571922412136342	1	1	35	22	1	6	+C
barcode13_consensus_vsearch	369	G	*/-C	57	21	20.59%	2	2	93	93	1.0062670381065733E-7	1	1	35	22	6	15	-C
barcode13_consensus_vsearch	369	G	*/-CC	57	11	10.78%	2	2	93	93	3.148637544852044E-4	1	1	35	22	1	10	-C
barcode13_consensus_vsearch	374	C	*/-T	94	7	6.86%	2	1	93	93	0.007016672878749878	1	1	42	52	0	7	-T
barcode13_consensus_vsearch	377	T	*/-CT	92	10	9.8%	2	2	93	93	7.747853265891162E-4	1	1	40	52	3	7	-CT
barcode13_consensus_vsearch	392	T	*/-C	83	18	17.65%	2	2	93	93	1.662549466255295E-6	1	1	37	46	6	12	-C
barcode13_consensus_vsearch	451	T	*/-C	89	10	9.9%	2	2	93	93	7.690936665708389E-4	1	1	39	50	3	7	-C
barcode13_consensus_vsearch	517	T	*/-C	81	17	16.83%	2	2	93	93	3.5725678602860195E-6	1	1	39	42	4	13	-C
barcode13_consensus_vsearch	568	A	*/+G	92	8	7.84%	2	1	93	93	0.003377337287624839	1	1	42	50	0	8	+G
barcode13_consensus_vsearch	632	T	*/+C	93	7	6.86%	2	1	93	93	0.00700888275818608	1	1	34	59	7	0	+C
barcode13_consensus_vsearch	722	C	*/-TC	89	12	11.88%	2	1	93	93	1.7261777523537157E-4	1	1	43	46	0	12	-TC
barcode13_consensus_vsearch	723	T	*/+C	81	8	8.89%	2	1	93	93	0.003314489482909416	1	1	34	47	8	0	+C
barcode13_consensus_vsearch	848	C	*/-AC	85	15	14.71%	2	1	93	93	1.7317059356497582E-5	1	1	28	57	15	0	-AC
barcode13_consensus_vsearch	908	C	*/-T	75	19	18.81%	2	2	93	93	6.941010995733757E-7	1	1	32	43	6	13	-T
barcode13_consensus_vsearch	981	C	*/-T	92	7	6.86%	2	1	93	93	0.00700093875247144	1	1	34	58	7	0	-T
barcode13_consensus_vsearch	986	C	*/-A	87	7	7%	2	2	93	93	0.0069587427350203575	1	1	38	49	1	6	-A
barcode13_consensus_vsearch	1160	A	*/-G	83	14	14.14%	2	2	93	93	3.684899556155924E-5	1	1	28	55	10	4	-G
barcode13_consensus_vsearch	1170	C	*/-G	88	11	10.89%	2	1	93	93	3.6409221449363173E-4	1	1	43	45	0	11	-G
barcode13_consensus_vsearch	1173	A	*/-G	86	13	13%	2	2	93	93	8.014173981261941E-5	1	1	32	54	8	5	-G
barcode13_consensus_vsearch	1204	C	*/-T	82	11	10.89%	2	1	93	93	3.5685052800487515E-4	1	1	43	39	0	11	-T
barcode13_consensus_vsearch	1288	C	*/-T	88	10	9.8%	2	1	93	93	7.671247727834418E-4	1	1	42	46	0	10	-T
barcode13_consensus_vsearch	1497	A	*/-CA	91	9	8.82%	2	1	93	93	0.0016183074503201467	1	1	32	59	9	0	-CA
barcode13_consensus_vsearch	1536	C	*/-T	92	8	8%	2	1	93	93	0.003377337287624839	1	1	41	51	0	8	-T
barcode13_consensus_vsearch	1556	T	*/+C	84	8	8%	2	2	93	93	0.003333061730303187	1	1	37	47	4	4	+C
barcode13_consensus_vsearch	1556	T	*/-C	84	7	7%	2	1	93	93	0.00693125337097071	1	1	37	47	0	7	+C
barcode13_consensus_vsearch	1603	C	*/-A	88	11	10.78%	2	1	93	93	3.6409221449363173E-4	1	1	31	57	11	0	-A
barcode13_consensus_vsearch	1688	A	*/-T	84	13	12.75%	2	2	93	93	7.940081186480033E-5	1	1	27	57	12	1	-T
barcode13_consensus_vsearch	1713	T	*/-C	85	8	7.84%	2	1	93	93	0.0033389965937982964	1	1	43	42	0	8	-C
barcode13_consensus_vsearch	1796	C	*/+A	82	8	8.42%	2	1	93	93	0.003320812258867606	1	1	42	40	0	8	+A
barcode13_consensus_vsearch	1825	C	*/-A	83	10	9.9%	2	1	93	93	7.566950955283912E-4	1	1	27	56	10	0	-A
barcode13_consensus_vsearch	1826	A	*/-T	82	7	7.61%	2	2	93	93	0.006911923189966942	1	1	26	56	6	1	-T
barcode13_consensus_vsearch	1862	A	*/-C	93	7	6.93%	2	2	93	93	0.00700888275818608	1	1	41	52	1	6	-C
barcode13_consensus_vsearch	1982	T	*/-C	91	8	7.84%	2	2	93	93	0.0033721799226566103	1	1	34	57	7	1	-C
barcode13_consensus_vsearch	2005	A	*/-G	82	11	11.11%	2	2	93	93	3.5685052800487515E-4	1	1	27	55	9	2	-G
barcode13_consensus_vsearch	2024	C	*/-T	83	9	9.28%	2	2	93	93	0.0015907794621904416	1	1	40	43	2	7	-T
barcode13_consensus_vsearch	2069	A	*/-C	86	9	9%	2	2	93	93	0.0016016153913940433	1	1	30	56	8	1	-C
barcode13_consensus_vsearch	2119	C	*/-G	88	13	12.75%	2	1	93	93	8.085779997867714E-5	1	1	43	45	0	13	-G
barcode13_consensus_vsearch	2156	G	*/-CG	93	8	7.84%	2	2	93	93	0.003382396156936316	1	1	42	51	1	7	-CG
barcode13_consensus_vsearch	2185	T	*/+C	93	7	6.86%	2	1	93	93	0.00700888275818608	1	1	35	58	7	0	+C
barcode13_consensus_vsearch	2232	A	*/-GA	94	7	6.93%	2	2	93	93	0.007016672878749878	1	1	36	58	6	1	-GA
barcode13_consensus_vsearch	2259	T	*/-C	69	30	30%	2	2	93	93	6.952443367511912E-11	1	1	33	36	9	21	-C
barcode13_consensus_vsearch	2277	G	*/-A	62	31	30.39%	2	2	93	93	2.2958018806632012E-11	1	1	32	30	8	23	-A
barcode13_consensus_vsearch	2288	T	*/-C	89	8	7.84%	2	2	93	93	0.0033615579930956	1	1	41	48	1	7	-C
barcode13_consensus_vsearch	2294	A	*/-G	86	12	11.76%	2	2	93	93	1.7068024587124582E-4	1	1	37	49	6	6	-G
barcode13_consensus_vsearch	2311	C	*/-A	85	13	12.75%	2	2	93	93	7.977446274419498E-5	1	1	30	55	12	1	-A
barcode13_consensus_vsearch	2336	A	*/-G	90	7	6.86%	2	1	93	93	0.006984570496764789	1	1	41	49	0	7	-G
barcode13_consensus_vsearch	2447	A	*/-G	85	12	11.76%	2	2	93	93	1.7001115011055435E-4	1	1	40	45	2	10	-G
barcode13_consensus_vsearch	2528	G	*/-C	78	14	15.05%	2	2	93	93	3.5772233746570035E-5	1	1	34	44	8	6	-C
barcode13_consensus_vsearch	2538	G	*/+A	90	10	9.8%	2	1	93	93	7.710260627179726E-4	1	1	31	59	10	0	+A
barcode13_consensus_vsearch	2566	C	*/-T	95	7	6.86%	2	1	93	93	0.007024313538872513	1	1	43	52	0	7	-T
barcode13_consensus_vsearch	2575	A	*/-G	79	17	17.17%	2	2	93	93	3.511142348749468E-6	1	1	24	55	16	1	-G
barcode13_consensus_vsearch	2603	G	*/-CT	91	10	9.9%	2	1	93	93	7.729229613467544E-4	1	1	33	58	10	0	-CT
barcode13_consensus_vsearch	2630	C	*/-AA	91	7	6.86%	2	1	93	93	0.006992836260667077	1	1	41	50	0	7	-AA
barcode13_consensus_vsearch	2766	G	*/-CG	88	10	10%	2	2	93	93	7.671247727834418E-4	1	1	39	49	3	7	-CG
barcode13_consensus_vsearch	2821	T	*/-GT	91	8	7.92%	2	1	93	93	0.0033721799226566103	1	1	42	49	0	8	-GT
barcode13_consensus_vsearch	2825	C	*/-A	82	18	17.65%	2	1	93	93	1.6474407665444435E-6	1	1	23	59	18	0	-A
barcode13_consensus_vsearch	2833	A	*/-G	72	18	18.56%	2	2	93	93	1.485133914155389E-6	1	1	36	36	1	17	-G
barcode13_consensus_vsearch	2910	T	*/-C	83	18	17.65%	2	2	93	93	1.662549466255295E-6	1	1	38	45	4	14	-C
barcode13_consensus_vsearch	2991	G	*/-CG	80	19	18.81%	2	2	93	93	7.344619205153121E-7	1	1	35	45	6	13	-CG
barcode13_consensus_vsearch	3068	T	*/-C	85	15	14.71%	2	2	93	93	1.7317059356497582E-5	1	1	29	56	13	2	-C
barcode13_consensus_vsearch	3082	G	*/-A	87	8	7.84%	2	2	93	93	0.0033505057613061914	1	1	39	48	1	7	-A
barcode13_consensus_vsearch	3116	A	*/-G	81	13	13.54%	2	1	93	93	7.823995533797144E-5	1	1	22	59	13	0	-G
barcode13_consensus_vsearch	3275	T	*/-C	68	28	27.45%	2	2	93	93	3.7026861283032975E-10	1	1	37	31	6	22	-C
barcode13_consensus_vsearch	3289	C	*/-A	81	17	16.67%	2	2	93	93	3.5725678602860195E-6	1	1	41	40	1	16	-A
barcode13_consensus_vsearch	3294	T	*/-AA	88	9	8.91%	2	1	93	93	0.0016084874268040704	1	1	42	46	0	9	-AA
barcode13_consensus_vsearch	3364	T	*/+C	48	31	31.63%	2	2	93	93	1.1714936465243954E-11	1	1	20	28	17	14	+C
barcode13_consensus_vsearch	3364	T	*/-C	48	15	15.31%	2	2	93	93	1.186922481698204E-5	1	1	20	28	4	11	+C
barcode13_consensus_vsearch	3477	C	*/-T	83	13	12.87%	2	2	93	93	7.902062381535592E-5	1	1	29	54	10	3	-T
barcode13_consensus_vsearch	3483	T	*/-C	64	24	24%	2	2	93	93	9.686072216942439E-9	1	1	26	38	11	13	-C
barcode13_consensus_vsearch	3515	A	*/-C	81	17	16.67%	2	2	93	93	3.5725678602860195E-6	1	1	27	54	15	2	-C
barcode13_consensus_vsearch	3518	C	*/-T	93	7	6.86%	2	1	93	93	0.00700888275818608	1	1	43	50	0	7	-T
barcode13_consensus_vsearch	3568	A	*/-C	74	21	20.79%	2	2	93	93	1.3771847213756663E-7	1	1	34	40	4	17	-C
barcode13_consensus_vsearch	3596	C	*/-G	86	9	8.82%	2	1	93	93	0.0016016153913940433	1	1	32	54	9	0	-G
barcode13_consensus_vsearch	3756	A	*/-G	83	8	7.92%	2	2	93	93	0.0033270016180662106	1	1	41	42	1	7	-G
barcode13_consensus_vsearch	3803	G	*/-C	83	15	14.71%	2	2	93	93	1.710171332472479E-5	1	1	37	46	5	10	-C
barcode13_consensus_vsearch	3930	A	*/-G	94	7	6.86%	2	2	93	93	0.007016672878749878	1	1	38	56	4	3	-G
barcode13_consensus_vsearch	3995	C	*/-AC	82	17	16.83%	2	2	93	93	3.6026451927723747E-6	1	1	30	52	12	5	-AC
barcode13_consensus_vsearch	4012	A	*/-T	90	10	9.8%	2	1	93	93	7.710260627179726E-4	1	1	33	57	10	0	-T
barcode13_consensus_vsearch	4066	T	*/-C	93	7	7%	2	1	93	93	0.00700888275818608	1	1	35	58	7	0	-C
barcode13_consensus_vsearch	4068	C	*/-G	90	10	9.8%	2	1	93	93	7.710260627179726E-4	1	1	42	48	0	10	-G
barcode13_consensus_vsearch	4081	T	*/-A	87	7	7.07%	2	1	93	93	0.0069587427350203575	1	1	41	46	0	7	-A
barcode13_consensus_vsearch	4174	G	*/+C	88	8	8.08%	2	1	93	93	0.0033560872797097677	1	1	30	58	8	0	+C
barcode13_consensus_vsearch	4231	T	*/-G	90	11	10.78%	2	1	93	93	3.663332785550111E-4	1	1	43	47	0	11	-G
barcode13_consensus_vsearch	4319	T	*/-C	94	7	6.86%	2	1	93	93	0.007016672878749878	1	1	43	51	0	7	-C
barcode13_consensus_vsearch	4391	C	*/-TC	68	32	31.68%	2	2	93	93	1.2053230963777033E-11	1	1	41	27	2	30	-TC
