Chrom	Position	Ref	Cons	Reads1	Reads2	VarFreq	Strands1	Strands2	Qual1	Qual2	Pvalue	MapQual1	MapQual2	Reads1Plus	Reads1Minus	Reads2Plus	Reads2Minus	VarAllele
barcode88_consensus_vsearch	5	G	*/-T	328	27	7.5%	2	2	93	93	4.457688082050605E-9	1	1	223	105	26	1	-T
barcode88_consensus_vsearch	21	C	*/-A	469	7	1.44%	2	2	93	93	0.007640892201856266	1	1	250	219	2	5	-A
barcode88_consensus_vsearch	26	T	*/+C	325	25	5.15%	2	2	93	93	1.9113095257973196E-8	1	1	223	102	9	16	+C
barcode88_consensus_vsearch	26	T	*/-C	325	126	25.98%	2	2	93	93	4.429722172242822E-43	1	1	223	102	19	107	-C
barcode88_consensus_vsearch	30	C	*/-T	468	12	2.47%	2	1	93	93	2.2772964456396167E-4	1	1	255	213	0	12	-T
barcode88_consensus_vsearch	34	T	*/-C	461	14	2.89%	2	1	93	93	5.538320460310073E-5	1	1	235	226	14	0	-C
barcode88_consensus_vsearch	46	C	*/+T	472	7	1.45%	2	1	93	93	0.007641962449987148	1	1	255	217	0	7	+T
barcode88_consensus_vsearch	47	T	*/+G	458	18	3.73%	2	2	93	93	3.2385570492970216E-6	1	1	242	216	9	9	+G
barcode88_consensus_vsearch	48	G	*/-A	469	8	1.65%	2	2	93	93	0.0037923840624007267	1	1	245	224	6	2	-A
barcode88_consensus_vsearch	52	T	*/+G	472	8	1.65%	2	1	93	93	0.0037930908510905733	1	1	255	217	0	8	+G
barcode88_consensus_vsearch	59	T	*/-C	474	7	1.44%	2	1	93	93	0.00764266856336234	1	1	253	221	0	7	-C
barcode88_consensus_vsearch	69	C	*/-A	460	16	3.31%	2	1	93	93	1.3423584291318653E-5	1	1	233	227	16	0	-A
barcode88_consensus_vsearch	83	G	*/-TAG	473	7	1.46%	2	2	93	93	0.007642316239083064	1	1	253	220	2	5	-TAG
barcode88_consensus_vsearch	102	C	*/-A	444	28	5.81%	2	2	93	93	2.4661158654609363E-9	1	1	222	222	27	1	-A
barcode88_consensus_vsearch	104	A	*/-G	464	14	2.89%	2	1	93	93	5.5417478251858426E-5	1	1	238	226	14	0	-G
barcode88_consensus_vsearch	105	G	*/-A	448	8	1.7%	2	1	93	93	0.0037871780401863946	1	1	225	223	8	0	-A
barcode88_consensus_vsearch	106	A	*/-G	460	7	1.48%	2	2	93	93	0.007637599314660889	1	1	237	223	6	1	-G
barcode88_consensus_vsearch	107	G	*/-C	439	13	2.74%	2	2	93	93	1.1184359100871172E-4	1	1	220	219	10	3	-C
barcode88_consensus_vsearch	113	G	*/-C	458	17	3.5%	2	2	93	93	6.595005896966598E-6	1	1	241	217	10	7	-C
barcode88_consensus_vsearch	117	T	*/+C	453	13	2.73%	2	2	93	93	1.1214199891288093E-4	1	1	237	216	12	1	+C
barcode88_consensus_vsearch	127	A	*/-C	463	15	3.09%	2	2	93	93	2.7296931962725753E-5	1	1	248	215	3	12	-C
barcode88_consensus_vsearch	130	C	*/-G	449	25	5.14%	2	1	93	93	2.1535380939142952E-8	1	1	256	193	0	25	-G
barcode88_consensus_vsearch	146	G	*/+C	472	7	1.44%	2	1	93	93	0.007641962449987148	1	1	246	226	7	0	+C
barcode88_consensus_vsearch	149	T	*/+A	467	8	1.67%	2	2	93	93	0.0037919079446709545	1	1	246	221	7	1	+A
barcode88_consensus_vsearch	155	A	*/-C	455	15	3.09%	2	2	93	93	2.7244347227248963E-5	1	1	241	214	5	10	-C
barcode88_consensus_vsearch	155	A	*/-CCCA	455	7	1.44%	2	2	93	93	0.007635714741848557	1	1	241	214	6	1	-C
barcode88_consensus_vsearch	156	C	*/+T	448	8	1.73%	2	1	93	93	0.0037871780401863946	1	1	241	207	0	8	+T
barcode88_consensus_vsearch	159	A	*/+G	456	7	1.47%	2	1	93	93	0.007636094898325736	1	1	243	213	0	7	+G
barcode88_consensus_vsearch	161	T	*/+C	463	15	3.09%	2	2	93	93	2.7296931962725753E-5	1	1	246	217	8	7	+C
barcode88_consensus_vsearch	164	T	*/+C	468	9	1.88%	2	1	93	93	0.0018801565806267238	1	1	245	223	9	0	+C
barcode88_consensus_vsearch	165	C	*/+A	466	8	1.66%	2	1	93	93	0.0037916683896426647	1	1	245	221	8	0	+A
barcode88_consensus_vsearch	169	G	*/-C	466	7	1.44%	2	2	93	93	0.007639808436151757	1	1	241	225	4	3	-C
barcode88_consensus_vsearch	172	A	*/-C	420	37	7.66%	2	2	93	93	3.405467921991363E-12	1	1	226	194	7	30	-C
barcode88_consensus_vsearch	172	A	*/-CC	420	16	3.31%	2	1	93	93	1.3263859391341419E-5	1	1	226	194	16	0	-C
barcode88_consensus_vsearch	176	C	*/-T	455	22	4.53%	2	2	93	93	1.8610012134051799E-7	1	1	252	203	2	20	-T
barcode88_consensus_vsearch	183	C	*/-A	463	7	1.44%	2	2	93	93	0.007638710895182459	1	1	249	214	6	1	-A
barcode88_consensus_vsearch	210	T	*/+C	389	15	3.13%	2	2	93	93	2.6734915394337705E-5	1	1	220	169	6	9	+C
barcode88_consensus_vsearch	210	T	*/-C	389	55	11.48%	2	2	93	93	4.667026254517551E-18	1	1	220	169	14	41	-C
barcode88_consensus_vsearch	210	T	*/-CC	389	8	1.67%	2	2	93	93	0.0037696288519149155	1	1	220	169	3	5	-C
barcode88_consensus_vsearch	213	C	*/+T	435	8	1.66%	2	1	93	93	0.0037837097715777354	1	1	240	195	0	8	+T
barcode88_consensus_vsearch	213	C	*/-T	435	20	4.14%	2	2	93	93	7.704247376877487E-7	1	1	240	195	1	19	-T
barcode88_consensus_vsearch	213	C	*/-TT	435	7	1.45%	2	2	93	93	0.007627752045228881	1	1	240	195	6	1	-T
barcode88_consensus_vsearch	216	A	*/-C	461	15	3.1%	2	2	93	93	2.7283944644171696E-5	1	1	234	227	14	1	-C
barcode88_consensus_vsearch	220	A	*/-CA	465	14	2.9%	2	2	93	93	5.5428810687671065E-5	1	1	240	225	12	2	-CA
barcode88_consensus_vsearch	248	C	*/-AC	467	11	2.27%	2	2	93	93	4.6068758101189933E-4	1	1	248	219	8	3	-AC
barcode88_consensus_vsearch	251	C	*/-T	472	9	1.85%	2	2	93	93	0.0018807573262679702	1	1	254	218	1	8	-T
barcode88_consensus_vsearch	253	A	*/+G	446	12	2.51%	2	1	93	93	2.2696003854954554E-4	1	1	247	199	0	12	+G
barcode88_consensus_vsearch	253	A	*/-G	446	17	3.55%	2	2	93	93	6.569696438905228E-6	1	1	247	199	2	15	-G
barcode88_consensus_vsearch	291	C	*/-TT	468	7	1.44%	2	2	93	93	0.007640532461160509	1	1	248	220	5	2	-TT
barcode88_consensus_vsearch	313	G	*/-A	471	8	1.66%	2	2	93	93	0.00379285623175068	1	1	245	226	7	1	-A
barcode88_consensus_vsearch	314	A	*/-G	461	10	2.1%	2	2	93	93	9.305544219031018E-4	1	1	236	225	9	1	-G
barcode88_consensus_vsearch	316	G	*/+T	444	8	1.65%	2	1	93	93	0.0037861319732248877	1	1	219	225	8	0	+T
barcode88_consensus_vsearch	316	G	*/-T	444	28	5.77%	2	2	93	93	2.4661158654609363E-9	1	1	219	225	25	3	-T
barcode88_consensus_vsearch	320	T	*/+C	460	16	3.31%	2	1	93	93	1.3423584291318653E-5	1	1	236	224	16	0	+C
barcode88_consensus_vsearch	321	C	*/-A	453	14	2.9%	2	2	93	93	5.52897315112035E-5	1	1	239	214	6	8	-A
barcode88_consensus_vsearch	323	A	*/-G	452	12	2.51%	2	2	93	93	2.271769963260919E-4	1	1	237	215	8	4	-G
barcode88_consensus_vsearch	330	C	*/-AC	470	11	2.27%	2	1	93	93	4.6085660796748614E-4	1	1	244	226	11	0	-AC
barcode88_consensus_vsearch	334	A	*/-GA	460	8	1.67%	2	1	93	93	0.003790209713374112	1	1	237	223	8	0	-GA
barcode88_consensus_vsearch	340	T	*/+C	463	11	2.28%	2	1	93	93	4.6045894472293125E-4	1	1	241	222	11	0	+C
barcode88_consensus_vsearch	341	C	*/+A	460	9	1.87%	2	1	93	93	0.0018789246658047912	1	1	240	220	9	0	+A
barcode88_consensus_vsearch	351	C	*/+A	420	8	1.69%	2	2	93	93	0.003779448151948946	1	1	240	180	6	2	+A
barcode88_consensus_vsearch	351	C	*/-A	420	33	6.99%	2	2	93	93	6.359660263647235E-11	1	1	240	180	5	28	-A
barcode88_consensus_vsearch	353	A	*/-G	452	16	3.33%	2	2	93	93	1.3393715708319362E-5	1	1	251	201	2	14	-G
barcode88_consensus_vsearch	354	G	*/+T	432	15	3.23%	2	1	93	93	2.7083142079970986E-5	1	1	252	180	0	15	+T
barcode88_consensus_vsearch	355	G	*/-C	467	7	1.45%	2	2	93	93	0.007640171209119411	1	1	249	218	4	3	-C
barcode88_consensus_vsearch	359	C	*/-T	446	23	4.74%	2	1	93	93	9.04232326812748E-8	1	1	255	191	0	23	-T
barcode88_consensus_vsearch	359	C	*/-TC	446	10	2.06%	2	1	93	93	9.290628161964562E-4	1	1	255	191	0	10	-T
barcode88_consensus_vsearch	374	G	*/+C	428	25	5.14%	2	2	93	93	2.1204504516894227E-8	1	1	240	188	3	22	+C
barcode88_consensus_vsearch	374	G	*/-C	428	29	5.97%	2	2	93	93	1.17753180385125E-9	1	1	240	188	14	15	-C
barcode88_consensus_vsearch	377	C	*/-T	454	22	4.53%	2	2	93	93	1.860010328896652E-7	1	1	254	200	1	21	-T
barcode88_consensus_vsearch	379	C	*/-T	469	7	1.47%	2	2	93	93	0.007640892201856266	1	1	255	214	1	6	-T
barcode88_consensus_vsearch	380	T	*/-CTCT	447	19	4.03%	2	2	93	93	1.5817143283846912E-6	1	1	250	197	2	17	-CTCT
barcode88_consensus_vsearch	382	T	*/-CT	376	80	17.32%	2	2	93	93	1.8475370338743905E-26	1	1	216	160	31	49	-CT
barcode88_consensus_vsearch	390	A	*/-C	467	10	2.07%	2	1	93	93	9.311251637351389E-4	1	1	239	228	10	0	-C
barcode88_consensus_vsearch	397	T	*/-C	407	74	15.23%	2	2	93	93	2.523685470602477E-24	1	1	208	199	46	28	-C
barcode88_consensus_vsearch	401	A	*/-G	473	8	1.65%	2	2	93	93	0.0037933245016082413	1	1	247	226	7	1	-G
barcode88_consensus_vsearch	424	C	*/-A	469	8	1.65%	2	2	93	93	0.0037923840624007267	1	1	246	223	5	3	-A
barcode88_consensus_vsearch	432	C	*/+T	465	8	1.65%	2	2	93	93	0.0037914278288080057	1	1	241	224	6	2	+T
barcode88_consensus_vsearch	435	G	*/+C	455	14	2.88%	2	2	93	93	5.531338820841231E-5	1	1	246	209	4	10	+C
barcode88_consensus_vsearch	435	G	*/-C	455	15	3.09%	2	2	93	93	2.7244347227248963E-5	1	1	246	209	6	9	-C
barcode88_consensus_vsearch	443	T	*/-C	457	23	4.74%	2	2	93	93	9.10117112999701E-8	1	1	234	223	22	1	-C
barcode88_consensus_vsearch	445	C	*/-T	474	9	1.85%	2	2	93	93	0.0018810540052625968	1	1	253	221	3	6	-T
barcode88_consensus_vsearch	451	C	*/-AC	457	18	3.77%	2	1	93	93	3.237419829377708E-6	1	1	232	225	18	0	-AC
barcode88_consensus_vsearch	456	T	*/+C	363	7	1.45%	2	2	93	93	0.0075919980086515786	1	1	238	125	2	5	+C
barcode88_consensus_vsearch	456	T	*/-C	363	107	22.2%	2	2	93	93	6.711638675707559E-36	1	1	238	125	14	93	-C
barcode88_consensus_vsearch	458	C	*/+A	466	9	1.87%	2	1	93	93	0.0018798524523993853	1	1	244	222	9	0	+A
barcode88_consensus_vsearch	466	C	*/-A	458	25	5.15%	2	1	93	93	2.1669592032655073E-8	1	1	231	227	25	0	-A
barcode88_consensus_vsearch	468	C	*/-T	466	14	2.89%	2	1	93	93	5.544009752911821E-5	1	1	256	210	0	14	-T
barcode88_consensus_vsearch	480	C	*/+T	464	10	2.07%	2	2	93	93	9.308415735987439E-4	1	1	249	215	1	9	+T
barcode88_consensus_vsearch	483	T	*/-G	472	11	2.26%	2	1	93	93	4.6096814715598024E-4	1	1	256	216	0	11	-G
barcode88_consensus_vsearch	511	T	*/+G	464	9	1.86%	2	1	93	93	0.0018795457786723107	1	1	244	220	9	0	+G
barcode88_consensus_vsearch	512	A	*/-G	455	8	1.66%	2	1	93	93	0.003788965477306861	1	1	239	216	8	0	-G
barcode88_consensus_vsearch	518	C	*/+T	445	9	1.86%	2	1	93	93	0.0018764990590094985	1	1	231	214	9	0	+T
barcode88_consensus_vsearch	518	C	*/-T	445	15	3.09%	2	2	93	93	2.717615407420631E-5	1	1	231	214	4	11	-T
barcode88_consensus_vsearch	521	T	*/-C	353	117	24.12%	2	2	93	93	1.5441224680998984E-39	1	1	211	142	41	76	-C
barcode88_consensus_vsearch	524	C	*/+T	366	30	6.19%	2	2	93	93	5.26352835803187E-10	1	1	244	122	1	29	+T
barcode88_consensus_vsearch	524	C	*/+TT	366	17	3.51%	2	2	93	93	6.36325233547173E-6	1	1	244	122	2	15	+T
barcode88_consensus_vsearch	524	C	*/-T	366	26	5.36%	2	2	93	93	9.70733079567718E-9	1	1	244	122	5	21	-T
barcode88_consensus_vsearch	524	C	*/-TT	366	7	1.44%	2	2	93	93	0.007593761831616585	1	1	244	122	1	6	-T
barcode88_consensus_vsearch	531	C	*/-G	471	7	1.44%	2	1	93	93	0.007641607186910932	1	1	253	218	0	7	-G
barcode88_consensus_vsearch	544	G	*/-CG	462	18	3.72%	2	2	93	93	3.2430615768403785E-6	1	1	245	217	9	9	-CG
barcode88_consensus_vsearch	555	T	*/-GT	462	17	3.51%	2	1	93	93	6.6031763316283235E-6	1	1	254	208	0	17	-GT
barcode88_consensus_vsearch	558	A	*/-T	468	9	1.86%	2	2	93	93	0.0018801565806267238	1	1	248	220	2	7	-T
barcode88_consensus_vsearch	560	T	*/+A	441	15	3.12%	2	1	93	93	2.7148075462435107E-5	1	1	220	221	15	0	+A
barcode88_consensus_vsearch	560	T	*/-A	441	14	2.91%	2	2	93	93	5.514358248895189E-5	1	1	220	221	10	4	+A
barcode88_consensus_vsearch	561	A	*/-G	442	12	2.56%	2	1	93	93	2.2681229177552487E-4	1	1	226	216	12	0	-G
barcode88_consensus_vsearch	562	G	*/-A	451	10	2.12%	2	1	93	93	9.295706475538195E-4	1	1	224	227	10	0	-A
barcode88_consensus_vsearch	562	G	*/-AG	451	7	1.49%	2	1	93	93	0.007634177589087493	1	1	224	227	7	0	-A
barcode88_consensus_vsearch	563	A	*/+G	428	9	1.94%	2	2	93	93	0.0018735509751739627	1	1	209	219	4	5	+G
barcode88_consensus_vsearch	563	A	*/-G	428	19	4.09%	2	2	93	93	1.5689124968621164E-6	1	1	209	219	18	1	-G
barcode88_consensus_vsearch	565	G	*/-A	435	20	4.17%	2	1	93	93	7.704247376877487E-7	1	1	206	229	20	0	-A
barcode88_consensus_vsearch	565	G	*/-AG	435	18	3.75%	2	1	93	93	3.2112166959811652E-6	1	1	206	229	18	0	-A
barcode88_consensus_vsearch	566	A	*/-G	423	14	3.15%	2	1	93	93	5.490987823300768E-5	1	1	196	227	14	0	-G
barcode88_consensus_vsearch	568	C	*/-T	458	10	2.08%	2	2	93	93	9.302636411480229E-4	1	1	247	211	1	9	-T
barcode88_consensus_vsearch	571	T	*/+C	457	10	2.09%	2	2	93	93	9.301658958586232E-4	1	1	245	212	3	7	+C
barcode88_consensus_vsearch	574	T	*/-C	438	32	6.69%	2	2	93	93	1.3486135060287485E-10	1	1	225	213	28	4	-C
barcode88_consensus_vsearch	577	C	*/-GC	467	8	1.65%	2	1	93	93	0.0037919079446709545	1	1	244	223	8	0	-GC
barcode88_consensus_vsearch	582	A	*/+G	449	8	1.66%	2	1	93	93	0.0037874367164761535	1	1	242	207	0	8	+G
barcode88_consensus_vsearch	582	A	*/-G	449	14	2.9%	2	2	93	93	5.524182686331515E-5	1	1	242	207	1	13	-G
barcode88_consensus_vsearch	593	A	*/+C	436	10	2.07%	2	2	93	93	9.280135047051926E-4	1	1	223	213	2	8	+C
barcode88_consensus_vsearch	593	A	*/-C	436	32	6.64%	2	2	93	93	1.3453593898351563E-10	1	1	223	213	27	5	-C
barcode88_consensus_vsearch	617	A	*/+G	440	7	1.46%	2	2	93	93	0.007629809215418646	1	1	232	208	4	3	+G
barcode88_consensus_vsearch	617	A	*/-G	440	24	5%	2	2	93	93	4.392828033775324E-8	1	1	232	208	8	16	-G
barcode88_consensus_vsearch	623	C	*/-T	444	39	8.02%	2	2	93	93	8.180187067006407E-13	1	1	254	190	2	37	-T
barcode88_consensus_vsearch	628	T	*/-C	467	9	1.87%	2	1	93	93	0.0018800048327151932	1	1	243	224	9	0	-C
barcode88_consensus_vsearch	634	T	*/+C	466	16	3.3%	2	2	93	93	1.3445366218461515E-5	1	1	240	226	14	2	+C
barcode88_consensus_vsearch	644	A	*/-G	465	12	2.49%	2	1	93	93	2.2762878163700055E-4	1	1	238	227	12	0	-G
barcode88_consensus_vsearch	649	C	*/-TC	475	7	1.44%	2	2	93	93	0.007643019431907797	1	1	253	222	3	4	-TC
barcode88_consensus_vsearch	652	A	*/-CA	467	12	2.47%	2	2	93	93	2.2769616072969756E-4	1	1	251	216	1	11	-CA
barcode88_consensus_vsearch	659	T	*/-A	474	7	1.44%	2	1	93	93	0.00764266856336234	1	1	246	228	7	0	-A
barcode88_consensus_vsearch	660	A	*/+T	455	7	1.46%	2	2	93	93	0.007635714741848557	1	1	229	226	6	1	+T
barcode88_consensus_vsearch	660	A	*/-T	455	14	2.93%	2	2	93	93	5.531338820841231E-5	1	1	229	226	13	1	-T
barcode88_consensus_vsearch	672	C	*/-A	475	8	1.65%	2	1	93	93	0.0037937889200904415	1	1	248	227	8	0	-A
barcode88_consensus_vsearch	690	A	*/-G	467	9	1.88%	2	2	93	93	0.0018800048327151932	1	1	243	224	8	1	-G
barcode88_consensus_vsearch	696	C	*/-T	462	15	3.12%	2	2	93	93	2.7290451356177234E-5	1	1	252	210	1	14	-T
barcode88_consensus_vsearch	697	T	*/-C	428	34	7.25%	2	1	93	93	3.09968434736061E-11	1	1	216	212	34	0	-C
barcode88_consensus_vsearch	712	G	*/+C	442	10	2.06%	2	2	93	93	9.286485810021079E-4	1	1	221	221	7	3	+C
barcode88_consensus_vsearch	712	G	*/-C	442	21	4.33%	2	2	93	93	3.781304507976752E-7	1	1	221	221	17	4	-C
barcode88_consensus_vsearch	720	C	*/-T	471	10	2.06%	2	1	93	93	9.31497857292473E-4	1	1	254	217	0	10	-T
barcode88_consensus_vsearch	728	C	*/-A	469	7	1.46%	2	1	93	93	0.007640892201856266	1	1	243	226	7	0	-A
barcode88_consensus_vsearch	734	C	*/-TC	464	18	3.71%	2	1	93	93	3.245287590260004E-6	1	1	256	208	0	18	-TC
barcode88_consensus_vsearch	737	C	*/-AC	456	18	3.73%	2	1	93	93	3.23627812187009E-6	1	1	230	226	18	0	-AC
barcode88_consensus_vsearch	738	A	*/+T	451	8	1.73%	2	1	93	93	0.0037879507121486144	1	1	231	220	0	8	+T
barcode88_consensus_vsearch	740	G	*/-C	243	177	36.8%	2	2	93	93	2.5039974920029297E-64	1	1	116	127	114	63	-C
barcode88_consensus_vsearch	740	G	*/-CC	243	49	10.19%	2	2	93	93	1.970054523993331E-16	1	1	116	127	21	28	-C
barcode88_consensus_vsearch	746	C	*/-T	472	10	2.06%	2	1	93	93	9.315900774957411E-4	1	1	255	217	0	10	-T
barcode88_consensus_vsearch	749	C	*/-AC	467	13	2.67%	2	2	93	93	1.1242349541751215E-4	1	1	240	227	12	1	-AC
barcode88_consensus_vsearch	761	T	*/-A	456	9	1.9%	2	2	93	93	0.0018782929787467238	1	1	250	206	1	8	-A
barcode88_consensus_vsearch	764	C	*/-GC	462	8	1.66%	2	2	93	93	0.003790700047657303	1	1	252	210	4	4	-GC
barcode88_consensus_vsearch	774	T	*/+C	472	8	1.65%	2	1	93	93	0.0037930908510905733	1	1	245	227	8	0	+C
barcode88_consensus_vsearch	775	C	*/+A	458	18	3.73%	2	1	93	93	3.2385570492970216E-6	1	1	233	225	18	0	+A
barcode88_consensus_vsearch	794	T	*/+A	461	9	1.87%	2	1	93	93	0.0018790809249127874	1	1	238	223	9	0	+A
barcode88_consensus_vsearch	796	C	*/-TT	461	7	1.46%	2	1	93	93	0.007637971418043615	1	1	238	223	7	0	-TT
barcode88_consensus_vsearch	810	A	*/+T	427	18	3.71%	2	2	93	93	3.201090232328667E-6	1	1	203	224	17	1	+T
barcode88_consensus_vsearch	810	A	*/-T	427	34	7.01%	2	2	93	93	3.095288743364756E-11	1	1	203	224	30	4	-T
barcode88_consensus_vsearch	816	A	*/+G	457	8	1.66%	2	2	93	93	0.0037894663597456	1	1	243	214	3	5	+G
barcode88_consensus_vsearch	816	A	*/-G	457	9	1.87%	2	2	93	93	0.0018784519065768144	1	1	243	214	3	6	-G
barcode88_consensus_vsearch	837	T	*/-A	458	10	2.07%	2	1	93	93	9.302636411480229E-4	1	1	238	220	10	0	-A
barcode88_consensus_vsearch	837	T	*/-AA	458	8	1.66%	2	2	93	93	0.0037897152001668	1	1	238	220	2	6	-A
barcode88_consensus_vsearch	849	C	*/-AC	410	66	13.61%	2	2	93	93	1.2029054626926573E-21	1	1	189	221	65	1	-AC
barcode88_consensus_vsearch	853	T	*/-CT	447	18	3.73%	2	1	93	93	3.22579636303218E-6	1	1	254	193	0	18	-CT
barcode88_consensus_vsearch	869	C	*/-T	469	13	2.69%	2	2	93	93	1.1246241212055434E-4	1	1	252	217	4	9	-T
barcode88_consensus_vsearch	871	T	*/-C	455	23	4.74%	2	2	93	93	9.090649906313673E-8	1	1	241	214	10	13	-C
barcode88_consensus_vsearch	884	T	*/-C	469	12	2.47%	2	2	93	93	2.2776299237076134E-4	1	1	243	226	11	1	-C
barcode88_consensus_vsearch	900	A	*/-C	460	12	2.49%	2	2	93	93	2.2745789421925263E-4	1	1	236	224	8	4	-C
barcode88_consensus_vsearch	909	C	*/+T	426	14	2.88%	2	2	93	93	5.495010686777893E-5	1	1	248	178	2	12	+T
barcode88_consensus_vsearch	909	C	*/-T	426	32	6.58%	2	2	93	93	1.328770351920263E-10	1	1	248	178	6	26	-T
barcode88_consensus_vsearch	909	C	*/-TT	426	11	2.26%	2	1	93	93	4.581495959366191E-4	1	1	248	178	0	11	-T
barcode88_consensus_vsearch	934	C	*/-T	471	7	1.44%	2	2	93	93	0.007641607186910932	1	1	252	219	1	6	-T
barcode88_consensus_vsearch	943	C	*/+T	462	7	1.45%	2	1	93	93	0.007638341941529366	1	1	250	212	0	7	+T
barcode88_consensus_vsearch	943	C	*/-T	462	8	1.66%	2	2	93	93	0.003790700047657303	1	1	250	212	2	6	-T
barcode88_consensus_vsearch	957	T	*/-G	473	9	1.85%	2	2	93	93	0.001880905970421938	1	1	254	219	1	8	-G
barcode88_consensus_vsearch	964	T	*/-C	465	10	2.07%	2	2	93	93	9.309364960854272E-4	1	1	245	220	5	5	-C
barcode88_consensus_vsearch	968	A	*/-CA	472	9	1.85%	2	1	93	93	0.0018807573262679702	1	1	246	226	9	0	-CA
barcode88_consensus_vsearch	983	C	*/+T	464	7	1.45%	2	2	93	93	0.007639078288945116	1	1	254	210	1	6	+T
barcode88_consensus_vsearch	985	T	*/-A	465	18	3.71%	2	1	93	93	3.2463941232164672E-6	1	1	237	228	18	0	-A
barcode88_consensus_vsearch	988	C	*/+A	422	16	3.31%	2	2	93	93	1.327250199574337E-5	1	1	245	177	2	14	+A
barcode88_consensus_vsearch	988	C	*/-A	422	34	7.04%	2	2	93	93	3.0731059684365053E-11	1	1	245	177	5	29	-A
barcode88_consensus_vsearch	999	C	*/-AC	464	18	3.7%	2	1	93	93	3.245287590260004E-6	1	1	237	227	18	0	-AC
barcode88_consensus_vsearch	1007	T	*/-C	466	12	2.47%	2	2	93	93	2.276625400345054E-4	1	1	243	223	11	1	-C
barcode88_consensus_vsearch	1018	A	*/-C	471	9	1.86%	2	2	93	93	0.001880608069030174	1	1	248	223	7	2	-C
barcode88_consensus_vsearch	1042	G	*/-CG	465	15	3.09%	2	2	93	93	2.730981548476588E-5	1	1	246	219	5	10	-CG
barcode88_consensus_vsearch	1043	C	*/+G	455	9	1.91%	2	2	93	93	0.0018781333730529595	1	1	239	216	8	1	+G
barcode88_consensus_vsearch	1050	C	*/-A	454	7	1.47%	2	1	93	93	0.007635332943374405	1	1	230	224	7	0	-A
barcode88_consensus_vsearch	1053	A	*/-CA	445	36	7.45%	2	2	93	93	7.371181111414922E-12	1	1	234	211	19	17	-CA
barcode88_consensus_vsearch	1058	T	*/-C	466	15	3.1%	2	1	93	93	2.7316218709712403E-5	1	1	256	210	0	15	-C
barcode88_consensus_vsearch	1090	T	*/-C	449	24	5%	2	2	93	93	4.419069501490747E-8	1	1	232	217	22	2	-C
barcode88_consensus_vsearch	1093	C	*/+T	461	10	2.06%	2	1	93	93	9.305544219031018E-4	1	1	256	205	0	10	+T
barcode88_consensus_vsearch	1100	A	*/-C	460	15	3.1%	2	1	93	93	2.7277411668883823E-5	1	1	234	226	15	0	-C
barcode88_consensus_vsearch	1122	G	*/-TG	468	11	2.27%	2	1	93	93	4.6074415429736527E-4	1	1	251	217	0	11	-TG
barcode88_consensus_vsearch	1136	A	*/-G	468	10	2.07%	2	1	93	93	9.312189137508499E-4	1	1	251	217	0	10	-G
barcode88_consensus_vsearch	1149	T	*/-C	467	8	1.65%	2	2	93	93	0.0037919079446709545	1	1	244	223	6	2	-C
barcode88_consensus_vsearch	1152	T	*/+G	462	8	1.66%	2	1	93	93	0.003790700047657303	1	1	250	212	0	8	+G
barcode88_consensus_vsearch	1153	G	*/-A	456	11	2.27%	2	2	93	93	4.600495826926722E-4	1	1	230	226	10	1	-A
barcode88_consensus_vsearch	1153	G	*/-AG	456	13	2.68%	2	1	93	93	1.1220369318586293E-4	1	1	230	226	13	0	-AG
barcode88_consensus_vsearch	1154	A	*/+G	348	36	7.79%	2	2	93	93	6.155326619140996E-12	1	1	149	199	30	6	+G
barcode88_consensus_vsearch	1154	A	*/-G	348	67	14.5%	2	2	93	93	3.7302137416344654E-22	1	1	149	199	44	23	-G
barcode88_consensus_vsearch	1154	A	*/-GGGA	348	7	1.52%	2	1	93	93	0.007582734311001454	1	1	149	199	7	0	-G
barcode88_consensus_vsearch	1161	C	*/-T	459	16	3.31%	2	2	93	93	1.3419903067028988E-5	1	1	254	205	2	14	-T
barcode88_consensus_vsearch	1163	T	*/-C	455	12	2.48%	2	2	93	93	2.272834341366098E-4	1	1	247	208	1	11	-C
barcode88_consensus_vsearch	1164	C	*/+A	220	11	2.36%	2	1	93	93	4.322761391918409E-4	1	1	104	116	11	0	+A
barcode88_consensus_vsearch	1164	C	*/+G	220	181	38.84%	2	2	93	93	9.219393400187005E-67	1	1	104	116	115	66	+G
barcode88_consensus_vsearch	1164	C	*/-G	220	22	4.72%	2	2	93	93	1.4466041699645673E-7	1	1	104	116	11	11	+G
barcode88_consensus_vsearch	1164	C	*/-GG	220	7	1.5%	2	2	93	93	0.007454337359329176	1	1	104	116	5	2	+G
barcode88_consensus_vsearch	1187	T	*/+C	471	10	2.06%	2	1	93	93	9.31497857292473E-4	1	1	256	215	0	10	+C
barcode88_consensus_vsearch	1188	T	*/-C	471	13	2.67%	2	1	93	93	1.1250101626549275E-4	1	1	257	214	0	13	-C
barcode88_consensus_vsearch	1193	A	*/+G	445	19	3.93%	2	2	93	93	1.5804124119492367E-6	1	1	240	205	1	18	+G
barcode88_consensus_vsearch	1197	C	*/+T	452	9	1.87%	2	2	93	93	0.0018776504451702718	1	1	253	199	1	8	+T
barcode88_consensus_vsearch	1197	C	*/-T	452	16	3.33%	2	2	93	93	1.3393715708319362E-5	1	1	253	199	2	14	-T
barcode88_consensus_vsearch	1202	G	*/+C	449	10	2.07%	2	2	93	93	9.29368823401496E-4	1	1	239	210	1	9	+C
barcode88_consensus_vsearch	1202	G	*/-C	449	16	3.32%	2	2	93	93	1.3382263167220192E-5	1	1	239	210	10	6	-C
barcode88_consensus_vsearch	1210	A	*/-C	465	7	1.46%	2	2	93	93	0.007639444132665198	1	1	239	226	5	2	-C
barcode88_consensus_vsearch	1238	C	*/+A	474	10	2.06%	2	1	93	93	9.317733904039459E-4	1	1	247	227	10	0	+A
barcode88_consensus_vsearch	1250	A	*/-G	468	10	2.06%	2	2	93	93	9.312189137508499E-4	1	1	244	224	7	3	-G
barcode88_consensus_vsearch	1272	T	*/+C	464	7	1.45%	2	1	93	93	0.007639078288945116	1	1	248	216	0	7	+C
barcode88_consensus_vsearch	1278	C	*/-AC	467	7	1.46%	2	1	93	93	0.007640171209119411	1	1	241	226	7	0	-AC
barcode88_consensus_vsearch	1279	A	*/-C	457	7	1.47%	2	2	93	93	0.007636473423421301	1	1	235	222	2	5	-C
barcode88_consensus_vsearch	1281	C	*/+T	429	15	3.09%	2	1	93	93	2.7060938566629196E-5	1	1	249	180	0	15	+T
barcode88_consensus_vsearch	1281	C	*/-T	429	35	7.22%	2	2	93	93	1.4951085915241146E-11	1	1	249	180	3	32	-T
barcode88_consensus_vsearch	1283	T	*/-AC	470	8	1.66%	2	1	93	93	0.0037926206375474623	1	1	244	226	8	0	-AC
barcode88_consensus_vsearch	1284	A	*/-C	454	18	3.77%	2	2	93	93	3.2339811377296634E-6	1	1	227	227	16	2	-C
barcode88_consensus_vsearch	1287	C	*/-G	468	8	1.65%	2	2	93	93	0.0037921465001774166	1	1	255	213	1	7	-G
barcode88_consensus_vsearch	1304	C	*/-T	450	28	5.77%	2	2	93	93	2.4793021749366886E-9	1	1	250	200	4	24	-T
barcode88_consensus_vsearch	1308	C	*/-G	466	8	1.66%	2	1	93	93	0.0037916683896426647	1	1	254	212	0	8	-G
barcode88_consensus_vsearch	1316	A	*/-C	448	27	5.58%	2	2	93	93	5.0945131937104534E-9	1	1	235	213	15	12	-C
barcode88_consensus_vsearch	1319	C	*/-T	462	11	2.26%	2	2	93	93	4.6040119257224194E-4	1	1	252	210	3	8	-T
barcode88_consensus_vsearch	1330	A	*/-C	472	7	1.44%	2	2	93	93	0.007641962449987148	1	1	253	219	1	6	-C
barcode88_consensus_vsearch	1332	C	*/-T	470	7	1.45%	2	1	93	93	0.007641250440637751	1	1	254	216	0	7	-T
barcode88_consensus_vsearch	1339	A	*/+G	445	12	2.48%	2	1	93	93	2.269233384575168E-4	1	1	243	202	0	12	+G
barcode88_consensus_vsearch	1339	A	*/-G	445	14	2.89%	2	2	93	93	5.519311733534499E-5	1	1	243	202	2	12	-G
barcode88_consensus_vsearch	1343	C	*/+G	433	9	1.86%	2	2	93	93	0.001874441340367089	1	1	248	185	2	7	+G
barcode88_consensus_vsearch	1343	C	*/-G	433	42	8.66%	2	2	93	93	8.810676051155389E-14	1	1	248	185	6	36	-G
barcode88_consensus_vsearch	1359	C	*/-T	470	8	1.66%	2	2	93	93	0.0037926206375474623	1	1	245	225	4	4	-T
barcode88_consensus_vsearch	1365	G	*/+T	459	11	2.28%	2	1	93	93	4.6022648896240235E-4	1	1	236	223	11	0	+T
barcode88_consensus_vsearch	1375	C	*/+T	459	8	1.65%	2	2	93	93	0.0037899629824653274	1	1	254	205	1	7	+T
barcode88_consensus_vsearch	1375	C	*/-T	459	17	3.51%	2	2	93	93	6.597060655992414E-6	1	1	254	205	2	15	-T
barcode88_consensus_vsearch	1377	T	*/-C	470	12	2.47%	2	2	93	93	2.2779620497645633E-4	1	1	255	215	1	11	-C
barcode88_consensus_vsearch	1393	T	*/-C	451	27	5.57%	2	2	93	93	5.107032639730386E-9	1	1	227	224	26	1	-C
barcode88_consensus_vsearch	1395	C	*/-GG	458	15	3.11%	2	2	93	93	2.7264266290551257E-5	1	1	252	206	1	14	-GG
barcode88_consensus_vsearch	1399	A	*/-T	461	20	4.13%	2	2	93	93	7.795496610332089E-7	1	1	236	225	18	2	-T
barcode88_consensus_vsearch	1406	T	*/-C	435	35	7.26%	2	2	93	93	1.5083711186010677E-11	1	1	221	214	28	7	-C
barcode88_consensus_vsearch	1423	C	*/+A	453	10	2.07%	2	1	93	93	9.297707531715176E-4	1	1	227	226	10	0	+A
barcode88_consensus_vsearch	1423	C	*/-A	453	18	3.73%	2	2	93	93	3.2328258073585434E-6	1	1	227	226	16	2	-A
barcode88_consensus_vsearch	1430	C	*/-A	459	19	3.93%	2	1	93	93	1.5893137958503107E-6	1	1	236	223	19	0	-A
barcode88_consensus_vsearch	1432	C	*/-T	450	15	3.09%	2	1	93	93	2.721060177339259E-5	1	1	254	196	0	15	-T
barcode88_consensus_vsearch	1432	C	*/-TC	450	13	2.68%	2	2	93	93	1.120795287248837E-4	1	1	254	196	2	11	-T
barcode88_consensus_vsearch	1433	T	*/-C	443	7	1.53%	2	2	93	93	0.00763102167395619	1	1	251	192	3	4	-C
barcode88_consensus_vsearch	1435	C	*/-T	458	12	2.49%	2	2	93	93	2.2738854513835148E-4	1	1	252	206	2	10	-T
barcode88_consensus_vsearch	1440	T	*/+C	469	8	1.65%	2	1	93	93	0.0037923840624007267	1	1	244	225	8	0	+C
barcode88_consensus_vsearch	1445	G	*/+T	469	10	2.06%	2	2	93	93	9.313122777676234E-4	1	1	244	225	7	3	+T
barcode88_consensus_vsearch	1448	T	*/+C	469	7	1.44%	2	2	93	93	0.007640892201856266	1	1	250	219	3	4	+C
barcode88_consensus_vsearch	1471	C	*/-A	467	9	1.86%	2	2	93	93	0.0018800048327151932	1	1	244	223	7	2	-A
barcode88_consensus_vsearch	1490	G	*/-A	470	11	2.27%	2	2	93	93	4.6085660796748614E-4	1	1	249	221	7	4	-A
barcode88_consensus_vsearch	1491	A	*/+G	338	36	7.59%	2	2	93	93	6.008327327369553E-12	1	1	164	174	26	10	+G
barcode88_consensus_vsearch	1491	A	*/-G	338	65	13.71%	2	2	93	93	1.6340289383139294E-21	1	1	164	174	51	14	-G
barcode88_consensus_vsearch	1491	A	*/-GG	338	30	6.33%	2	2	93	93	5.030631794840268E-10	1	1	164	174	5	25	-G
barcode88_consensus_vsearch	1497	T	*/+C	435	18	3.73%	2	2	93	93	3.2112166959811652E-6	1	1	227	208	10	8	+C
barcode88_consensus_vsearch	1497	T	*/-C	435	8	1.66%	2	1	93	93	0.0037837097715777354	1	1	227	208	8	0	+C
barcode88_consensus_vsearch	1510	G	*/-A	465	17	3.51%	2	2	93	93	6.60922010318444E-6	1	1	242	223	13	4	-A
barcode88_consensus_vsearch	1522	T	*/-G	470	9	1.86%	2	1	93	93	0.0018804581949022445	1	1	254	216	0	9	-G
barcode88_consensus_vsearch	1530	T	*/-C	378	105	21.65%	2	1	93	93	4.291385522569249E-35	1	1	150	228	105	0	-C
barcode88_consensus_vsearch	1534	G	*/-C	470	11	2.27%	2	1	93	93	4.6085660796748614E-4	1	1	241	229	11	0	-C
barcode88_consensus_vsearch	1537	G	*/-A	457	9	1.88%	2	2	93	93	0.0018784519065768144	1	1	236	221	5	4	-A
barcode88_consensus_vsearch	1541	T	*/-C	426	24	4.96%	2	2	93	93	4.3502009152175485E-8	1	1	216	210	13	11	-C
barcode88_consensus_vsearch	1541	T	*/-CC	426	28	5.79%	2	2	93	93	2.424859509584376E-9	1	1	216	210	23	5	-CC
barcode88_consensus_vsearch	1544	C	*/-G	438	13	2.67%	2	2	93	93	1.1182158871350396E-4	1	1	235	203	12	1	-G
barcode88_consensus_vsearch	1545	G	*/-A	449	17	3.59%	2	2	93	93	6.576138989271143E-6	1	1	223	226	16	1	-A
barcode88_consensus_vsearch	1548	G	*/-C	469	12	2.47%	2	2	93	93	2.2776299237076134E-4	1	1	243	226	11	1	-C
barcode88_consensus_vsearch	1557	T	*/+C	425	12	2.48%	2	2	93	93	2.2615495697455397E-4	1	1	219	206	11	1	+C
barcode88_consensus_vsearch	1557	T	*/-C	425	40	8.26%	2	2	93	93	3.786792824388446E-13	1	1	219	206	22	18	-C
barcode88_consensus_vsearch	1592	C	*/+A	466	9	1.86%	2	2	93	93	0.0018798524523993853	1	1	242	224	8	1	+A
barcode88_consensus_vsearch	1593	A	*/+C	466	9	1.86%	2	1	93	93	0.0018798524523993853	1	1	243	223	9	0	+C
barcode88_consensus_vsearch	1598	T	*/+A	455	13	2.7%	2	2	93	93	1.1218321374725916E-4	1	1	250	205	4	9	+A
barcode88_consensus_vsearch	1608	G	*/-CG	462	21	4.33%	2	2	93	93	3.8185960170020475E-7	1	1	252	210	3	18	-CG
barcode88_consensus_vsearch	1609	C	*/+A	436	23	4.95%	2	1	93	93	8.986668762177477E-8	1	1	227	209	23	0	+A
barcode88_consensus_vsearch	1610	G	*/-A	432	22	4.75%	2	1	93	93	1.8372261896279247E-7	1	1	225	207	22	0	-A
barcode88_consensus_vsearch	1613	C	*/+A	389	22	4.55%	2	1	93	93	1.7864911812841163E-7	1	1	169	220	22	0	+A
barcode88_consensus_vsearch	1613	C	*/+G	389	10	2.07%	2	2	93	93	9.223889705434762E-4	1	1	169	220	9	1	+A
barcode88_consensus_vsearch	1613	C	*/-G	389	52	10.77%	2	2	93	93	4.493538568625551E-17	1	1	169	220	51	1	-G
barcode88_consensus_vsearch	1614	G	*/+C	385	10	2.32%	2	1	93	93	9.218495267512253E-4	1	1	160	225	10	0	+C
barcode88_consensus_vsearch	1614	G	*/-A	385	18	4.18%	2	1	93	93	3.141832256242653E-6	1	1	160	225	18	0	-A
barcode88_consensus_vsearch	1615	A	*/+T	373	24	5.14%	2	2	93	93	4.1656989415852434E-8	1	1	145	228	23	1	+T
barcode88_consensus_vsearch	1615	A	*/+TT	373	7	1.5%	2	1	93	93	0.007597769697997662	1	1	145	228	7	0	+T
barcode88_consensus_vsearch	1616	C	*/+T	396	21	4.33%	2	1	93	93	3.683391097348076E-7	1	1	170	226	21	0	+T
barcode88_consensus_vsearch	1617	A	*/-C	435	8	1.66%	2	1	93	93	0.0037837097715777354	1	1	220	215	8	0	-C
barcode88_consensus_vsearch	1617	A	*/-CA	435	13	2.69%	2	2	93	93	1.1175501046296811E-4	1	1	220	215	2	11	-CA
barcode88_consensus_vsearch	1620	A	*/-G	470	8	1.65%	2	1	93	93	0.0037926206375474623	1	1	248	222	8	0	-G
barcode88_consensus_vsearch	1625	T	*/-C	427	43	8.98%	2	2	93	93	4.155191065042135E-14	1	1	208	219	38	5	-C
barcode88_consensus_vsearch	1638	T	*/-CC	469	8	1.65%	2	1	93	93	0.0037923840624007267	1	1	241	228	8	0	-CC
barcode88_consensus_vsearch	1647	C	*/-GC	467	13	2.69%	2	2	93	93	1.1242349541751215E-4	1	1	253	214	1	12	-GC
barcode88_consensus_vsearch	1653	C	*/-A	465	11	2.27%	2	1	93	93	4.605737343945907E-4	1	1	239	226	11	0	-A
barcode88_consensus_vsearch	1678	T	*/+A	477	7	1.44%	2	1	93	93	0.0076437168376962865	1	1	250	227	7	0	+A
barcode88_consensus_vsearch	1684	C	*/+T	434	24	4.95%	2	2	93	93	4.374836219154495E-8	1	1	220	214	23	1	+T
barcode88_consensus_vsearch	1684	C	*/-T	434	23	4.74%	2	2	93	93	8.975280584142565E-8	1	1	220	214	14	9	+T
barcode88_consensus_vsearch	1692	C	*/-T	442	34	7.01%	2	2	93	93	3.159829802202837E-11	1	1	248	194	4	30	-T
barcode88_consensus_vsearch	1695	T	*/+C	387	28	5.79%	2	2	93	93	2.325708507238481E-9	1	1	242	145	5	23	+C
barcode88_consensus_vsearch	1695	T	*/-C	387	47	9.71%	2	2	93	93	1.9045967796183353E-15	1	1	242	145	6	41	-C
barcode88_consensus_vsearch	1712	G	*/-TG	464	14	2.88%	2	2	93	93	5.5417478251858426E-5	1	1	238	226	12	2	-TG
barcode88_consensus_vsearch	1740	C	*/+T	457	8	1.66%	2	2	93	93	0.0037894663597456	1	1	247	210	5	3	+T
barcode88_consensus_vsearch	1740	C	*/-T	457	10	2.07%	2	2	93	93	9.301658958586232E-4	1	1	247	210	2	8	-T
barcode88_consensus_vsearch	1745	G	*/+A	466	7	1.45%	2	1	93	93	0.007639808436151757	1	1	244	222	7	0	+A
barcode88_consensus_vsearch	1747	A	*/+G	459	8	1.66%	2	2	93	93	0.0037899629824653274	1	1	245	214	5	3	+G
barcode88_consensus_vsearch	1747	A	*/-G	459	11	2.28%	2	2	93	93	4.6022648896240235E-4	1	1	245	214	6	5	-G
barcode88_consensus_vsearch	1755	A	*/-C	468	11	2.27%	2	2	93	93	4.6074415429736527E-4	1	1	254	214	2	9	-C
barcode88_consensus_vsearch	1756	C	*/+T	460	10	2.11%	2	1	93	93	9.304579015951025E-4	1	1	252	208	0	10	+T
barcode88_consensus_vsearch	1758	T	*/-C	452	14	2.92%	2	2	93	93	5.5277829714523324E-5	1	1	240	212	8	6	-C
barcode88_consensus_vsearch	1778	C	*/+A	443	14	2.89%	2	2	93	93	5.516845438118112E-5	1	1	249	194	2	12	+A
barcode88_consensus_vsearch	1778	C	*/+AA	443	11	2.27%	2	1	93	93	4.5925649147354655E-4	1	1	249	194	0	11	+A
barcode88_consensus_vsearch	1778	C	*/-A	443	14	2.89%	2	2	93	93	5.516845438118112E-5	1	1	249	194	3	11	-A
barcode88_consensus_vsearch	1783	C	*/-T	472	8	1.65%	2	1	93	93	0.0037930908510905733	1	1	244	228	8	0	-T
barcode88_consensus_vsearch	1792	T	*/-C	470	8	1.65%	2	2	93	93	0.0037926206375474623	1	1	253	217	2	6	-C
barcode88_consensus_vsearch	1815	C	*/-A	444	32	6.63%	2	2	93	93	1.358251937634484E-10	1	1	217	227	31	1	-A
barcode88_consensus_vsearch	1846	A	*/-C	465	17	3.5%	2	2	93	93	6.60922010318444E-6	1	1	255	210	1	16	-C
barcode88_consensus_vsearch	1850	T	*/-CT	472	13	2.67%	2	1	93	93	1.1252020230221805E-4	1	1	257	215	0	13	-CT
barcode88_consensus_vsearch	1861	G	*/-A	477	8	1.65%	2	1	93	93	0.003794249534494607	1	1	249	228	8	0	-A
barcode88_consensus_vsearch	1876	T	*/+C	463	8	1.65%	2	2	93	93	0.003790943664241956	1	1	237	226	7	1	+C
barcode88_consensus_vsearch	1876	T	*/-C	463	13	2.67%	2	1	93	93	1.1234470903839966E-4	1	1	237	226	13	0	-C
barcode88_consensus_vsearch	1881	C	*/-T	474	7	1.45%	2	2	93	93	0.00764266856336234	1	1	254	220	1	6	-T
barcode88_consensus_vsearch	1891	C	*/-A	475	7	1.44%	2	1	93	93	0.007643019431907797	1	1	249	226	7	0	-A
barcode88_consensus_vsearch	1912	T	*/+A	469	10	2.07%	2	2	93	93	9.313122777676234E-4	1	1	245	224	9	1	+A
barcode88_consensus_vsearch	1913	A	*/-G	463	7	1.45%	2	1	93	93	0.007638710895182459	1	1	250	213	0	7	-G
barcode88_consensus_vsearch	1924	C	*/+G	470	7	1.46%	2	1	93	93	0.007641250440637751	1	1	254	216	0	7	+G
barcode88_consensus_vsearch	1927	T	*/-C	453	31	6.38%	2	2	93	93	2.835450878125728E-10	1	1	226	227	30	1	-C
barcode88_consensus_vsearch	1929	C	*/+G	308	7	1.44%	2	2	93	93	0.0075537459778972	1	1	194	114	6	1	+G
barcode88_consensus_vsearch	1929	C	*/-G	308	153	31.48%	2	2	93	93	2.1681715621639378E-53	1	1	194	114	44	109	-G
barcode88_consensus_vsearch	1934	G	*/-C	475	7	1.44%	2	1	93	93	0.007643019431907797	1	1	246	229	7	0	-C
barcode88_consensus_vsearch	1939	T	*/-C	424	23	4.77%	2	2	93	93	8.916998245724882E-8	1	1	199	225	22	1	-C
barcode88_consensus_vsearch	1939	T	*/-CC	424	34	7.05%	2	1	93	93	3.0820202648146484E-11	1	1	199	225	34	0	-CC
barcode88_consensus_vsearch	1955	A	*/-CA	449	28	5.8%	2	2	93	93	2.4771233439405315E-9	1	1	240	209	12	16	-CA
barcode88_consensus_vsearch	1966	A	*/-T	469	8	1.65%	2	1	93	93	0.0037923840624007267	1	1	257	212	0	8	-T
barcode88_consensus_vsearch	1967	T	*/+C	389	12	2.55%	2	2	93	93	2.245840498305788E-4	1	1	213	176	8	4	+C
barcode88_consensus_vsearch	1967	T	*/-C	389	68	14.47%	2	2	93	93	2.2908543005989034E-22	1	1	213	176	35	33	-C
barcode88_consensus_vsearch	1970	C	*/-T	474	9	1.86%	2	1	93	93	0.0018810540052625968	1	1	256	218	0	9	-T
barcode88_consensus_vsearch	1971	T	*/-CT	462	9	1.89%	2	1	93	93	0.0018792365273515336	1	1	255	207	0	9	-CT
barcode88_consensus_vsearch	1978	T	*/-C	458	19	3.94%	2	1	93	93	1.5886940404524131E-6	1	1	252	206	0	19	-C
barcode88_consensus_vsearch	1989	A	*/+G	333	17	3.52%	2	2	93	93	6.252700327136875E-6	1	1	146	187	7	10	+G
barcode88_consensus_vsearch	1989	A	*/-G	333	130	26.92%	2	2	93	93	1.8784196475213793E-44	1	1	146	187	100	30	-G
barcode88_consensus_vsearch	1996	T	*/-C	466	7	1.46%	2	2	93	93	0.007639808436151757	1	1	251	215	4	3	-C
barcode88_consensus_vsearch	1998	C	*/-T	469	9	1.85%	2	1	93	93	0.0018803077000523797	1	1	257	212	0	9	-T
barcode88_consensus_vsearch	2005	G	*/+T	466	10	2.07%	2	2	93	93	9.310310253206723E-4	1	1	242	224	9	1	+T
barcode88_consensus_vsearch	2009	C	*/+T	426	14	2.95%	2	2	93	93	5.495010686777893E-5	1	1	250	176	2	12	+T
barcode88_consensus_vsearch	2009	C	*/-T	426	22	4.63%	2	2	93	93	1.830666702485055E-7	1	1	250	176	3	19	-T
barcode88_consensus_vsearch	2009	C	*/-TT	426	8	1.68%	2	2	93	93	0.0037811878789100195	1	1	250	176	1	7	-T
barcode88_consensus_vsearch	2013	T	*/-C	464	11	2.26%	2	2	93	93	4.605164581707988E-4	1	1	250	214	1	10	-C
barcode88_consensus_vsearch	2016	T	*/+C	464	9	1.88%	2	1	93	93	0.0018795457786723107	1	1	243	221	9	0	+C
barcode88_consensus_vsearch	2019	G	*/-CTG	472	7	1.45%	2	1	93	93	0.007641962449987148	1	1	252	220	0	7	-CTG
barcode88_consensus_vsearch	2038	T	*/+C	467	11	2.28%	2	1	93	93	4.6068758101189933E-4	1	1	242	225	11	0	+C
barcode88_consensus_vsearch	2050	T	*/-C	463	11	2.28%	2	2	93	93	4.6045894472293125E-4	1	1	244	219	8	3	-C
barcode88_consensus_vsearch	2054	A	*/+C	279	11	2.28%	2	2	93	93	4.433281508204466E-4	1	1	111	168	3	8	+C
barcode88_consensus_vsearch	2054	A	*/-C	279	145	30.02%	2	2	93	93	7.237461427135053E-51	1	1	111	168	95	50	-C
barcode88_consensus_vsearch	2054	A	*/-CC	279	32	6.63%	2	2	93	93	1.0047883250458158E-10	1	1	111	168	30	2	-C
barcode88_consensus_vsearch	2054	A	*/-CCC	279	9	1.86%	2	1	93	93	0.0018330701083030451	1	1	111	168	9	0	-C
barcode88_consensus_vsearch	2062	G	*/-AG	457	23	4.73%	2	1	93	93	9.10117112999701E-8	1	1	231	226	23	0	-AG
barcode88_consensus_vsearch	2070	G	*/-TG	440	30	6.24%	2	2	93	93	5.775313760875547E-10	1	1	240	200	11	19	-TG
barcode88_consensus_vsearch	2071	T	*/-G	414	21	4.68%	2	2	93	93	3.7239194258898957E-7	1	1	234	180	1	20	-G
barcode88_consensus_vsearch	2075	G	*/-A	462	9	1.89%	2	2	93	93	0.0018792365273515336	1	1	247	215	4	5	-A
barcode88_consensus_vsearch	2082	C	*/-T	442	21	4.38%	2	1	93	93	3.781304507976752E-7	1	1	255	187	0	21	-T
barcode88_consensus_vsearch	2082	C	*/-TC	442	12	2.5%	2	1	93	93	2.2681229177552487E-4	1	1	255	187	0	12	-T
barcode88_consensus_vsearch	2083	T	*/+C	382	9	2%	2	2	93	93	0.00186430447199865	1	1	238	144	3	6	+C
barcode88_consensus_vsearch	2083	T	*/-C	382	45	9.98%	2	2	93	93	8.360848878392122E-15	1	1	238	144	12	33	-C
barcode88_consensus_vsearch	2083	T	*/-CC	382	8	1.77%	2	2	93	93	0.0037671973936205536	1	1	238	144	2	6	-C
barcode88_consensus_vsearch	2087	G	*/+C	467	10	2.07%	2	2	93	93	9.311251637351389E-4	1	1	253	214	1	9	+C
barcode88_consensus_vsearch	2100	C	*/+T	459	9	1.87%	2	1	93	93	0.0018787677458533404	1	1	234	225	9	0	+T
barcode88_consensus_vsearch	2107	T	*/-C	459	24	4.95%	2	1	93	93	4.447223462904495E-8	1	1	232	227	24	0	-C
barcode88_consensus_vsearch	2119	C	*/+G	459	8	1.65%	2	1	93	93	0.0037899629824653274	1	1	236	223	8	0	+G
barcode88_consensus_vsearch	2120	A	*/-G	462	9	1.87%	2	1	93	93	0.0018792365273515336	1	1	240	222	9	0	-G
barcode88_consensus_vsearch	2121	G	*/+A	460	13	2.73%	2	1	93	93	1.1228477000319914E-4	1	1	231	229	13	0	+A
barcode88_consensus_vsearch	2122	A	*/-G	465	10	2.07%	2	2	93	93	9.309364960854272E-4	1	1	244	221	6	4	-G
barcode88_consensus_vsearch	2127	C	*/-T	459	18	3.71%	2	1	93	93	3.239689807973005E-6	1	1	253	206	0	18	-T
barcode88_consensus_vsearch	2134	T	*/+C	468	13	2.68%	2	1	93	93	1.1244299307545754E-4	1	1	242	226	13	0	+C
barcode88_consensus_vsearch	2135	C	*/+A	460	7	1.45%	2	1	93	93	0.007637599314660889	1	1	240	220	7	0	+A
barcode88_consensus_vsearch	2135	C	*/+G	460	8	1.65%	2	2	93	93	0.003790209713374112	1	1	240	220	3	5	+G
barcode88_consensus_vsearch	2143	T	*/-C	464	21	4.32%	2	1	93	93	3.822171469291514E-7	1	1	235	229	21	0	-C
barcode88_consensus_vsearch	2150	C	*/-AC	460	21	4.32%	2	2	93	93	3.81499356408219E-7	1	1	237	223	18	3	-AC
barcode88_consensus_vsearch	2151	A	*/-C	446	12	2.59%	2	2	93	93	2.2696003854954554E-4	1	1	234	212	2	10	-C
barcode88_consensus_vsearch	2167	C	*/+A	473	9	1.85%	2	2	93	93	0.001880905970421938	1	1	247	226	8	1	+A
barcode88_consensus_vsearch	2182	C	*/-T	472	8	1.65%	2	2	93	93	0.0037930908510905733	1	1	252	220	1	7	-T
barcode88_consensus_vsearch	2183	T	*/-C	467	8	1.68%	2	2	93	93	0.0037919079446709545	1	1	249	218	5	3	-C
barcode88_consensus_vsearch	2204	A	*/-G	450	19	3.94%	2	2	93	93	1.58364793662728E-6	1	1	223	227	17	2	-G
barcode88_consensus_vsearch	2204	A	*/-GGA	450	7	1.45%	2	1	93	93	0.0076337891152176976	1	1	223	227	7	0	-G
barcode88_consensus_vsearch	2206	G	*/-A	456	14	2.94%	2	2	93	93	5.5325143711427534E-5	1	1	238	218	7	7	-A
barcode88_consensus_vsearch	2209	A	*/-C	468	8	1.66%	2	2	93	93	0.0037921465001774166	1	1	244	224	6	2	-C
barcode88_consensus_vsearch	2214	A	*/-C	472	7	1.45%	2	2	93	93	0.007641962449987148	1	1	248	224	4	3	-C
barcode88_consensus_vsearch	2215	C	*/+T	468	8	1.67%	2	1	93	93	0.0037921465001774166	1	1	250	218	0	8	+T
barcode88_consensus_vsearch	2216	C	*/+T	477	7	1.44%	2	1	93	93	0.0076437168376962865	1	1	256	221	0	7	+T
barcode88_consensus_vsearch	2217	C	*/-G	467	11	2.27%	2	1	93	93	4.6068758101189933E-4	1	1	243	224	11	0	-G
barcode88_consensus_vsearch	2218	G	*/-A	457	9	1.9%	2	1	93	93	0.0018784519065768144	1	1	228	229	9	0	-A
barcode88_consensus_vsearch	2219	A	*/-G	439	20	4.26%	2	2	93	93	7.718900737268938E-7	1	1	212	227	18	2	-G
barcode88_consensus_vsearch	2230	T	*/+C	463	12	2.47%	2	2	93	93	2.2756084834032775E-4	1	1	243	220	10	2	+C
barcode88_consensus_vsearch	2233	C	*/+A	451	13	2.67%	2	1	93	93	1.1210043923467175E-4	1	1	250	201	0	13	+A
barcode88_consensus_vsearch	2233	C	*/-A	451	10	2.06%	2	2	93	93	9.295706475538195E-4	1	1	250	201	4	6	+A
barcode88_consensus_vsearch	2236	A	*/-C	459	9	1.86%	2	2	93	93	0.0018787677458533404	1	1	234	225	6	3	-C
barcode88_consensus_vsearch	2239	C	*/-G	460	19	3.93%	2	1	93	93	1.589931152311044E-6	1	1	251	209	0	19	-G
barcode88_consensus_vsearch	2255	T	*/-AA	462	7	1.44%	2	2	93	93	0.007638341941529366	1	1	245	217	1	6	-AA
barcode88_consensus_vsearch	2273	A	*/-GA	467	8	1.65%	2	1	93	93	0.0037919079446709545	1	1	243	224	8	0	-GA
barcode88_consensus_vsearch	2291	T	*/-G	466	9	1.86%	2	2	93	93	0.0018798524523993853	1	1	248	218	6	3	-G
barcode88_consensus_vsearch	2304	T	*/-C	467	14	2.88%	2	2	93	93	5.5451339050909244E-5	1	1	247	220	9	5	-C
barcode88_consensus_vsearch	2307	T	*/-G	450	15	3.14%	2	2	93	93	2.721060177339259E-5	1	1	248	202	5	10	-G
barcode88_consensus_vsearch	2307	T	*/-GG	450	7	1.46%	2	1	93	93	0.0076337891152176976	1	1	248	202	0	7	-G
barcode88_consensus_vsearch	2311	T	*/-A	439	26	5.41%	2	2	93	93	1.040282203909965E-8	1	1	228	211	25	1	-A
barcode88_consensus_vsearch	2313	A	*/-G	458	17	3.51%	2	2	93	93	6.595005896966598E-6	1	1	237	221	16	1	-G
barcode88_consensus_vsearch	2315	G	*/+C	470	9	1.85%	2	2	93	93	0.0018804581949022445	1	1	255	215	1	8	+C
barcode88_consensus_vsearch	2317	T	*/-C	467	11	2.29%	2	2	93	93	4.6068758101189933E-4	1	1	252	215	1	10	-C
barcode88_consensus_vsearch	2327	G	*/-CG	467	13	2.69%	2	1	93	93	1.1242349541751215E-4	1	1	252	215	0	13	-CG
barcode88_consensus_vsearch	2339	T	*/-C	467	13	2.67%	2	1	93	93	1.1242349541751215E-4	1	1	256	211	0	13	-C
barcode88_consensus_vsearch	2354	T	*/-AA	457	19	3.93%	2	1	93	93	1.5880718721458586E-6	1	1	253	204	0	19	-AA
barcode88_consensus_vsearch	2357	G	*/+T	446	10	2.06%	2	2	93	93	9.290628161964562E-4	1	1	223	223	8	2	+T
barcode88_consensus_vsearch	2357	G	*/-T	446	24	4.94%	2	2	93	93	4.410419655801125E-8	1	1	223	223	21	3	-T
barcode88_consensus_vsearch	2361	T	*/-G	454	23	4.73%	2	1	93	93	9.08536000104295E-8	1	1	254	200	0	23	-G
barcode88_consensus_vsearch	2373	T	*/+C	457	17	3.5%	2	1	93	93	6.592942957263356E-6	1	1	230	227	17	0	+C
barcode88_consensus_vsearch	2374	C	*/-A	467	13	2.71%	2	1	93	93	1.1242349541751215E-4	1	1	240	227	13	0	-A
barcode88_consensus_vsearch	2389	A	*/-T	451	27	5.56%	2	2	93	93	5.107032639730386E-9	1	1	238	213	14	13	-T
barcode88_consensus_vsearch	2416	G	*/-TG	452	12	2.49%	2	1	93	93	2.271769963260919E-4	1	1	243	209	0	12	-TG
barcode88_consensus_vsearch	2420	C	*/-A	456	9	1.86%	2	2	93	93	0.0018782929787467238	1	1	233	223	5	4	-A
barcode88_consensus_vsearch	2422	A	*/-G	431	40	8.25%	2	2	93	93	3.8311967775717156E-13	1	1	228	203	20	20	-G
barcode88_consensus_vsearch	2427	T	*/-C	437	43	8.87%	2	1	93	93	4.247431424933093E-14	1	1	211	226	43	0	-C
barcode88_consensus_vsearch	2461	T	*/-C	474	8	1.65%	2	2	93	93	0.0037935571892849574	1	1	254	220	1	7	-C
barcode88_consensus_vsearch	2478	A	*/+G	464	12	2.47%	2	2	93	93	2.2759488469078704E-4	1	1	250	214	1	11	+G
barcode88_consensus_vsearch	2485	C	*/+A	414	9	1.86%	2	2	93	93	0.0018709472608215796	1	1	206	208	4	5	+A
barcode88_consensus_vsearch	2485	C	*/-A	414	55	11.36%	2	2	93	93	5.163191151713366E-18	1	1	206	208	45	10	-A
barcode88_consensus_vsearch	2493	T	*/-GT	449	30	6.21%	2	2	93	93	5.829080348622873E-10	1	1	241	208	15	15	-GT
barcode88_consensus_vsearch	2495	T	*/+C	440	7	1.54%	2	2	93	93	0.007629809215418646	1	1	231	209	6	1	+C
barcode88_consensus_vsearch	2500	G	*/+C	443	9	1.86%	2	2	93	93	0.001876163611738018	1	1	227	216	8	1	+C
barcode88_consensus_vsearch	2500	G	*/-C	443	24	4.96%	2	2	93	93	4.4016730385165736E-8	1	1	227	216	15	9	-C
barcode88_consensus_vsearch	2504	C	*/-G	420	53	10.95%	2	1	93	93	2.3726520575430323E-17	1	1	253	167	0	53	-G
barcode88_consensus_vsearch	2507	A	*/+G	428	8	1.66%	2	1	93	93	0.0037817572285023734	1	1	222	206	8	0	+G
barcode88_consensus_vsearch	2507	A	*/-G	428	41	8.52%	2	2	93	93	1.8232357056439969E-13	1	1	222	206	22	19	-G
barcode88_consensus_vsearch	2508	G	*/+T	424	10	2.28%	2	1	93	93	9.266914820866851E-4	1	1	227	197	0	10	+T
barcode88_consensus_vsearch	2509	G	*/+A	454	12	2.5%	2	1	93	93	2.2724810352461864E-4	1	1	230	224	12	0	+A
barcode88_consensus_vsearch	2510	G	*/-C	431	28	5.8%	2	2	93	93	2.4365834044236508E-9	1	1	207	224	26	2	-C
barcode88_consensus_vsearch	2512	C	*/-A	450	11	2.27%	2	2	93	93	4.596889934720786E-4	1	1	237	213	9	2	-A
barcode88_consensus_vsearch	2529	A	*/+G	448	11	2.3%	2	1	93	93	4.59566741968889E-4	1	1	225	223	11	0	+G
barcode88_consensus_vsearch	2529	A	*/-G	448	18	3.76%	2	2	93	93	3.2269796788860536E-6	1	1	225	223	15	3	-G
barcode88_consensus_vsearch	2542	T	*/-C	459	24	4.94%	2	1	93	93	4.447223462904495E-8	1	1	232	227	24	0	-C
barcode88_consensus_vsearch	2548	G	*/-T	450	19	3.93%	2	2	93	93	1.58364793662728E-6	1	1	252	198	1	18	-T
barcode88_consensus_vsearch	2548	G	*/-TG	450	12	2.48%	2	1	93	93	2.27105288216143E-4	1	1	252	198	0	12	-T
barcode88_consensus_vsearch	2551	G	*/-A	464	12	2.47%	2	2	93	93	2.2759488469078704E-4	1	1	254	210	1	11	-A
barcode88_consensus_vsearch	2555	C	*/-G	464	10	2.06%	2	1	93	93	9.308415735987439E-4	1	1	238	226	10	0	-G
barcode88_consensus_vsearch	2563	T	*/+C	469	8	1.65%	2	1	93	93	0.0037923840624007267	1	1	245	224	8	0	+C
barcode88_consensus_vsearch	2566	C	*/-G	469	7	1.44%	2	2	93	93	0.007640892201856266	1	1	252	217	4	3	-G
barcode88_consensus_vsearch	2569	C	*/+A	444	11	2.27%	2	1	93	93	4.5931907660072465E-4	1	1	222	222	11	0	+A
barcode88_consensus_vsearch	2569	C	*/-G	444	17	3.51%	2	1	93	93	6.56535752606661E-6	1	1	222	222	17	0	-G
barcode88_consensus_vsearch	2570	G	*/-A	445	18	3.85%	2	2	93	93	3.2234154144700073E-6	1	1	218	227	17	1	-A
barcode88_consensus_vsearch	2571	A	*/+G	177	241	51.5%	2	2	93	93	5.574691051088648E-95	1	1	123	54	72	169	+G
barcode88_consensus_vsearch	2571	A	*/+GG	177	15	3.21%	2	2	93	93	2.2967098326715997E-5	1	1	123	54	12	3	+G
barcode88_consensus_vsearch	2571	A	*/-G	177	32	6.84%	2	2	93	93	6.442988634536704E-11	1	1	123	54	31	1	-G
barcode88_consensus_vsearch	2574	G	*/-A	444	24	4.94%	2	2	93	93	4.404599429027152E-8	1	1	218	226	22	2	-A
barcode88_consensus_vsearch	2574	G	*/-AG	444	13	2.67%	2	1	93	93	1.1195220134572337E-4	1	1	218	226	13	0	-A
barcode88_consensus_vsearch	2576	G	*/-C	457	11	2.35%	2	2	93	93	4.601087987547957E-4	1	1	232	225	8	3	-C
barcode88_consensus_vsearch	2581	T	*/+C	467	11	2.27%	2	2	93	93	4.6068758101189933E-4	1	1	249	218	3	8	+C
barcode88_consensus_vsearch	2584	T	*/-C	450	18	3.77%	2	1	93	93	3.229332136270091E-6	1	1	251	199	0	18	-C
barcode88_consensus_vsearch	2608	A	*/-G	464	10	2.07%	2	2	93	93	9.308415735987439E-4	1	1	239	225	8	2	-G
barcode88_consensus_vsearch	2619	C	*/-G	459	13	2.69%	2	2	93	93	1.12264625901826E-4	1	1	242	217	9	4	-G
barcode88_consensus_vsearch	2626	C	*/+T	474	8	1.65%	2	2	93	93	0.0037935571892849574	1	1	254	220	1	7	+T
barcode88_consensus_vsearch	2644	T	*/-C	470	7	1.44%	2	2	93	93	0.007641250440637751	1	1	255	215	1	6	-C
barcode88_consensus_vsearch	2647	T	*/+C	468	7	1.46%	2	1	93	93	0.007640532461160509	1	1	247	221	7	0	+C
barcode88_consensus_vsearch	2648	C	*/+T	471	9	1.87%	2	1	93	93	0.001880608069030174	1	1	254	217	0	9	+T
barcode88_consensus_vsearch	2649	T	*/+A	463	7	1.45%	2	1	93	93	0.007638710895182459	1	1	250	213	0	7	+A
barcode88_consensus_vsearch	2664	G	*/-A	472	8	1.65%	2	2	93	93	0.0037930908510905733	1	1	246	226	6	2	-A
barcode88_consensus_vsearch	2666	A	*/-G	468	8	1.65%	2	2	93	93	0.0037921465001774166	1	1	245	223	7	1	-G
barcode88_consensus_vsearch	2676	T	*/-C	457	19	3.97%	2	1	93	93	1.5880718721458586E-6	1	1	233	224	19	0	-C
barcode88_consensus_vsearch	2678	C	*/-A	468	13	2.68%	2	2	93	93	1.1244299307545754E-4	1	1	242	226	11	2	-A
barcode88_consensus_vsearch	2697	C	*/-A	447	15	3.1%	2	2	93	93	2.7190018818773765E-5	1	1	243	204	8	7	-A
barcode88_consensus_vsearch	2697	C	*/-AA	447	8	1.65%	2	2	93	93	0.0037869182351470006	1	1	243	204	2	6	-A
barcode88_consensus_vsearch	2702	T	*/-C	456	20	4.14%	2	1	93	93	7.778658580598833E-7	1	1	251	205	0	20	-C
barcode88_consensus_vsearch	2704	T	*/-C	468	11	2.28%	2	2	93	93	4.6074415429736527E-4	1	1	246	222	8	3	-C
barcode88_consensus_vsearch	2712	T	*/+C	452	10	2.09%	2	2	93	93	9.296709138046124E-4	1	1	232	220	9	1	+C
barcode88_consensus_vsearch	2712	T	*/-C	452	10	2.09%	2	2	93	93	9.296709138046124E-4	1	1	232	220	9	1	+C
barcode88_consensus_vsearch	2720	T	*/+C	469	7	1.44%	2	1	93	93	0.007640892201856266	1	1	252	217	0	7	+C
barcode88_consensus_vsearch	2721	C	*/-TC	458	19	3.96%	2	1	93	93	1.5886940404524131E-6	1	1	256	202	0	19	-TC
barcode88_consensus_vsearch	2723	C	*/-A	455	8	1.72%	2	2	93	93	0.003788965477306861	1	1	247	208	7	1	-A
barcode88_consensus_vsearch	2744	G	*/-TAG	475	9	1.86%	2	2	93	93	0.0018812014345212318	1	1	253	222	2	7	-TAG
barcode88_consensus_vsearch	2760	T	*/-GT	447	28	5.8%	2	2	93	93	2.4727431319479342E-9	1	1	237	210	13	15	-GT
barcode88_consensus_vsearch	2764	C	*/+A	385	7	1.45%	2	2	93	93	0.007604309052101333	1	1	165	220	6	1	+A
barcode88_consensus_vsearch	2764	C	*/-A	385	82	16.94%	2	2	93	93	4.1794233442973375E-27	1	1	165	220	79	3	-A
barcode88_consensus_vsearch	2767	A	*/-G	466	9	1.86%	2	2	93	93	0.0018798524523993853	1	1	248	218	3	6	-G
barcode88_consensus_vsearch	2772	A	*/+G	378	7	1.46%	2	2	93	93	0.007600543705812317	1	1	231	147	3	4	+G
barcode88_consensus_vsearch	2772	A	*/-G	378	73	15.27%	2	2	93	93	4.43744941360098E-24	1	1	231	147	5	68	-G
barcode88_consensus_vsearch	2776	A	*/+T	470	9	1.86%	2	1	93	93	0.0018804581949022445	1	1	257	213	0	9	+T
barcode88_consensus_vsearch	2787	G	*/-TG	472	7	1.44%	2	1	93	93	0.007641962449987148	1	1	252	220	0	7	-TG
barcode88_consensus_vsearch	2798	A	*/-C	469	11	2.27%	2	2	93	93	4.608004961442996E-4	1	1	250	219	4	7	-C
barcode88_consensus_vsearch	2809	C	*/+A	442	28	5.76%	2	2	93	93	2.4616592701604195E-9	1	1	218	224	27	1	+A
barcode88_consensus_vsearch	2809	C	*/-A	442	8	1.65%	2	2	93	93	0.0037856020174325917	1	1	218	224	5	3	+A
barcode88_consensus_vsearch	2811	A	*/-G	455	20	4.12%	2	2	93	93	7.775251968267645E-7	1	1	231	224	18	2	-G
barcode88_consensus_vsearch	2812	G	*/+A	409	27	5.87%	2	1	93	93	4.918901165835106E-9	1	1	183	226	27	0	+A
barcode88_consensus_vsearch	2825	C	*/-A	465	10	2.07%	2	1	93	93	9.309364960854272E-4	1	1	241	224	10	0	-A
barcode88_consensus_vsearch	2833	C	*/-T	467	11	2.28%	2	2	93	93	4.6068758101189933E-4	1	1	252	215	1	10	-T
barcode88_consensus_vsearch	2836	T	*/-C	448	34	7.01%	2	2	93	93	3.184833819308501E-11	1	1	228	220	29	5	-C
barcode88_consensus_vsearch	2848	T	*/-C	450	33	6.8%	2	2	93	93	6.611771705264782E-11	1	1	242	208	15	18	-C
barcode88_consensus_vsearch	2855	C	*/-AC	462	11	2.3%	2	2	93	93	4.6040119257224194E-4	1	1	236	226	10	1	-AC
barcode88_consensus_vsearch	2883	C	*/-GC	466	13	2.68%	2	2	93	93	1.1240391866883229E-4	1	1	251	215	4	9	-GC
barcode88_consensus_vsearch	2884	G	*/+C	449	19	4.03%	2	1	93	93	1.583005949155568E-6	1	1	250	199	0	19	+C
barcode88_consensus_vsearch	2885	C	*/+T	441	7	1.48%	2	1	93	93	0.0076302151642897355	1	1	251	190	0	7	+T
barcode88_consensus_vsearch	2885	C	*/-T	441	21	4.45%	2	1	93	93	3.7793632916705605E-7	1	1	251	190	0	21	-T
barcode88_consensus_vsearch	2886	T	*/-C	439	18	3.87%	2	1	93	93	3.21615593583041E-6	1	1	255	184	0	18	-C
barcode88_consensus_vsearch	2887	C	*/-T	420	8	1.71%	2	1	93	93	0.003779448151948946	1	1	247	173	0	8	-T
barcode88_consensus_vsearch	2887	C	*/-TC	420	35	7.48%	2	2	93	93	1.4747630235124318E-11	1	1	247	173	9	26	-TC
barcode88_consensus_vsearch	2888	T	*/-C	421	12	2.71%	2	1	93	93	2.259929805737435E-4	1	1	246	175	0	12	-C
barcode88_consensus_vsearch	2895	A	*/+G	459	7	1.45%	2	1	93	93	0.007637225621250393	1	1	242	217	0	7	+G
barcode88_consensus_vsearch	2902	G	*/-C	472	7	1.44%	2	1	93	93	0.007641962449987148	1	1	244	228	7	0	-C
barcode88_consensus_vsearch	2916	T	*/+C	470	10	2.07%	2	1	93	93	9.314052581613561E-4	1	1	247	223	10	0	+C
barcode88_consensus_vsearch	2928	G	*/-CG	381	94	19.67%	2	2	93	93	3.0367648278351395E-31	1	1	212	169	42	52	-CG
barcode88_consensus_vsearch	2930	G	*/+CG	369	10	2.6%	2	2	93	93	9.195798941647156E-4	1	1	208	161	2	8	+CG
barcode88_consensus_vsearch	2932	G	*/-CG	468	7	1.45%	2	2	93	93	0.007640532461160509	1	1	245	223	2	5	-CG
barcode88_consensus_vsearch	2935	G	*/-C	469	14	2.89%	2	2	93	93	5.547368722232185E-5	1	1	242	227	13	1	-C
barcode88_consensus_vsearch	2939	A	*/-G	471	8	1.65%	2	1	93	93	0.00379285623175068	1	1	253	218	0	8	-G
barcode88_consensus_vsearch	2945	T	*/+C	473	10	2.06%	2	1	93	93	9.31681921100583E-4	1	1	246	227	10	0	+C
barcode88_consensus_vsearch	2946	C	*/-T	478	7	1.44%	2	2	93	93	0.0076440633927143216	1	1	255	223	1	6	-T
barcode88_consensus_vsearch	2947	T	*/+A	466	7	1.46%	2	1	93	93	0.007639808436151757	1	1	246	220	7	0	+A
barcode88_consensus_vsearch	2967	T	*/-A	470	8	1.65%	2	1	93	93	0.0037926206375474623	1	1	245	225	8	0	-A
barcode88_consensus_vsearch	2973	C	*/-G	464	7	1.44%	2	2	93	93	0.007639078288945116	1	1	250	214	5	2	-G
barcode88_consensus_vsearch	2984	A	*/-CA	463	12	2.5%	2	2	93	93	2.2756084834032775E-4	1	1	237	226	10	2	-CA
barcode88_consensus_vsearch	2987	T	*/-C	455	21	4.33%	2	2	93	93	3.805867288358878E-7	1	1	230	225	20	1	-C
barcode88_consensus_vsearch	2990	T	*/-A	450	18	3.75%	2	2	93	93	3.229332136270091E-6	1	1	249	201	3	15	-A
barcode88_consensus_vsearch	2993	T	*/+C	464	14	2.88%	2	1	93	93	5.5417478251858426E-5	1	1	253	211	0	14	+C
barcode88_consensus_vsearch	3001	C	*/+T	468	10	2.08%	2	1	93	93	9.312189137508499E-4	1	1	251	217	0	10	+T
barcode88_consensus_vsearch	3002	C	*/-T	472	10	2.06%	2	2	93	93	9.315900774957411E-4	1	1	256	216	1	9	-T
barcode88_consensus_vsearch	3005	T	*/+C	426	33	6.85%	2	2	93	93	6.412005242375973E-11	1	1	204	222	31	2	+C
barcode88_consensus_vsearch	3005	T	*/-C	426	18	3.73%	2	2	93	93	3.199800544200983E-6	1	1	204	222	16	2	+C
barcode88_consensus_vsearch	3008	C	*/-T	468	8	1.65%	2	2	93	93	0.0037921465001774166	1	1	252	216	3	5	-T
barcode88_consensus_vsearch	3013	G	*/-A	449	15	3.12%	2	1	93	93	2.720376910801439E-5	1	1	222	227	15	0	-A
barcode88_consensus_vsearch	3013	G	*/-AG	449	13	2.7%	2	1	93	93	1.1205853036960233E-4	1	1	222	227	13	0	-A
barcode88_consensus_vsearch	3022	T	*/-C	445	23	4.84%	2	2	93	93	9.036852311685527E-8	1	1	241	204	13	10	-C
barcode88_consensus_vsearch	3026	T	*/-C	454	17	3.56%	2	2	93	93	6.586704563448438E-6	1	1	250	204	1	16	-C
barcode88_consensus_vsearch	3037	G	*/+A	461	8	1.65%	2	1	93	93	0.003790455399559823	1	1	234	227	8	0	+A
barcode88_consensus_vsearch	3037	G	*/-A	461	12	2.47%	2	2	93	93	2.2749235397668887E-4	1	1	234	227	11	1	-A
barcode88_consensus_vsearch	3046	G	*/-A	460	7	1.45%	2	2	93	93	0.007637599314660889	1	1	233	227	6	1	-A
barcode88_consensus_vsearch	3046	G	*/-AG	460	14	2.9%	2	2	93	93	5.5371687002735633E-5	1	1	233	227	13	1	-AG
barcode88_consensus_vsearch	3047	A	*/-G	412	39	8.39%	2	2	93	93	7.70944704671773E-13	1	1	213	199	16	23	-G
barcode88_consensus_vsearch	3057	T	*/-G	459	7	1.46%	2	2	93	93	0.007637225621250393	1	1	242	217	6	1	-G
barcode88_consensus_vsearch	3058	G	*/-C	444	12	2.53%	2	2	93	93	2.268864813065808E-4	1	1	221	223	10	2	-C
barcode88_consensus_vsearch	3065	T	*/-C	425	50	10.42%	2	1	93	93	2.27723429670641E-16	1	1	202	223	50	0	-C
barcode88_consensus_vsearch	3067	C	*/-G	410	69	14.23%	2	1	93	93	1.2088478619824346E-22	1	1	255	155	0	69	-G
barcode88_consensus_vsearch	3070	A	*/-C	435	12	2.48%	2	2	93	93	2.2654752970435957E-4	1	1	210	225	11	1	-C
barcode88_consensus_vsearch	3070	A	*/-CC	435	33	6.82%	2	1	93	93	6.488680243018493E-11	1	1	210	225	33	0	-CC
barcode88_consensus_vsearch	3080	G	*/+C	464	12	2.49%	2	1	93	93	2.2759488469078704E-4	1	1	249	215	0	12	+C
barcode88_consensus_vsearch	3082	T	*/-C	472	13	2.67%	2	1	93	93	1.1252020230221805E-4	1	1	257	215	0	13	-C
barcode88_consensus_vsearch	3088	T	*/+C	466	14	2.88%	2	1	93	93	5.544009752911821E-5	1	1	239	227	14	0	+C
barcode88_consensus_vsearch	3089	C	*/-G	472	9	1.86%	2	2	93	93	0.0018807573262679702	1	1	248	224	5	4	-G
barcode88_consensus_vsearch	3120	T	*/-A	460	8	1.65%	2	2	93	93	0.003790209713374112	1	1	246	214	5	3	-A
barcode88_consensus_vsearch	3134	C	*/-AC	466	11	2.28%	2	1	93	93	4.6063077485828253E-4	1	1	240	226	11	0	-AC
barcode88_consensus_vsearch	3138	A	*/-C	474	7	1.44%	2	2	93	93	0.00764266856336234	1	1	248	226	6	1	-C
barcode88_consensus_vsearch	3148	A	*/-GA	471	11	2.26%	2	1	93	93	4.6091249117356326E-4	1	1	254	217	0	11	-GA
barcode88_consensus_vsearch	3155	G	*/-A	474	9	1.85%	2	1	93	93	0.0018810540052625968	1	1	246	228	9	0	-A
barcode88_consensus_vsearch	3162	C	*/-A	470	11	2.26%	2	2	93	93	4.6085660796748614E-4	1	1	252	218	2	9	-A
barcode88_consensus_vsearch	3177	T	*/+C	458	8	1.65%	2	1	93	93	0.0037897152001668	1	1	232	226	8	0	+C
barcode88_consensus_vsearch	3177	T	*/-C	458	14	2.89%	2	2	93	93	5.534851051459439E-5	1	1	232	226	13	1	-C
barcode88_consensus_vsearch	3188	T	*/+C	462	8	1.66%	2	1	93	93	0.003790700047657303	1	1	238	224	8	0	+C
barcode88_consensus_vsearch	3188	T	*/-C	462	8	1.66%	2	2	93	93	0.003790700047657303	1	1	238	224	6	2	+C
barcode88_consensus_vsearch	3196	T	*/-G	469	7	1.45%	2	1	93	93	0.007640892201856266	1	1	256	213	0	7	-G
barcode88_consensus_vsearch	3197	G	*/+A	465	9	1.88%	2	1	93	93	0.001879699435718404	1	1	247	218	9	0	+A
barcode88_consensus_vsearch	3203	C	*/-T	465	13	2.69%	2	2	93	93	1.1238426234715406E-4	1	1	251	214	2	11	-T
barcode88_consensus_vsearch	3206	T	*/-C	443	38	7.84%	2	2	93	93	1.7003070036655123E-12	1	1	237	206	17	21	-C
barcode88_consensus_vsearch	3219	C	*/-A	436	37	7.61%	2	2	93	93	3.497710201901454E-12	1	1	251	185	4	33	-A
barcode88_consensus_vsearch	3224	T	*/-AA	423	38	7.88%	2	1	93	93	1.6427816794532633E-12	1	1	253	170	0	38	-AA
barcode88_consensus_vsearch	3238	C	*/-A	460	7	1.44%	2	1	93	93	0.007637599314660889	1	1	233	227	7	0	-A
barcode88_consensus_vsearch	3238	C	*/-AC	460	16	3.3%	2	1	93	93	1.3423584291318653E-5	1	1	233	227	16	0	-AC
barcode88_consensus_vsearch	3248	T	*/+A	474	8	1.65%	2	1	93	93	0.0037935571892849574	1	1	245	229	8	0	+A
barcode88_consensus_vsearch	3251	G	*/+C	457	9	1.87%	2	1	93	93	0.0018784519065768144	1	1	243	214	0	9	+C
barcode88_consensus_vsearch	3251	G	*/-C	457	11	2.28%	2	2	93	93	4.601087987547957E-4	1	1	243	214	10	1	-C
barcode88_consensus_vsearch	3267	C	*/+T	464	7	1.44%	2	1	93	93	0.007639078288945116	1	1	254	210	0	7	+T
barcode88_consensus_vsearch	3267	C	*/-T	464	10	2.06%	2	2	93	93	9.308415735987439E-4	1	1	254	210	2	8	-T
barcode88_consensus_vsearch	3283	T	*/+G	470	8	1.65%	2	1	93	93	0.0037926206375474623	1	1	253	217	0	8	+G
barcode88_consensus_vsearch	3285	C	*/-G	460	8	1.65%	2	2	93	93	0.003790209713374112	1	1	247	213	6	2	-G
barcode88_consensus_vsearch	3292	A	*/-C	455	7	1.47%	2	2	93	93	0.007635714741848557	1	1	240	215	5	2	-C
barcode88_consensus_vsearch	3293	C	*/+T	59	221	46.62%	2	2	93	93	5.071068571270791E-101	1	1	31	28	105	116	+T
barcode88_consensus_vsearch	3293	C	*/+TC	59	168	35.44%	2	2	93	93	5.581668516496146E-74	1	1	31	28	98	70	+T
barcode88_consensus_vsearch	3293	C	*/+TCC	59	11	2.32%	2	2	93	93	3.191694034015893E-4	1	1	31	28	10	1	+T
barcode88_consensus_vsearch	3300	G	*/-A	472	7	1.45%	2	2	93	93	0.007641962449987148	1	1	247	225	6	1	-A
barcode88_consensus_vsearch	3305	C	*/-A	460	12	2.47%	2	1	93	93	2.2745789421925263E-4	1	1	235	225	12	0	-A
barcode88_consensus_vsearch	3312	T	*/+C	450	14	2.92%	2	1	93	93	5.525387769935466E-5	1	1	234	216	14	0	+C
barcode88_consensus_vsearch	3312	T	*/-C	450	9	1.88%	2	1	93	93	0.0018773250232725807	1	1	234	216	0	9	+C
barcode88_consensus_vsearch	3326	G	*/+C	382	32	6.61%	2	2	93	93	1.2488892915492229E-10	1	1	175	207	28	4	+C
barcode88_consensus_vsearch	3326	G	*/-C	382	62	12.81%	2	2	93	93	2.1956987151431875E-20	1	1	175	207	48	14	-C
barcode88_consensus_vsearch	3327	C	*/+T	401	16	3.79%	2	1	93	93	1.3177849041857976E-5	1	1	206	195	0	16	+T
barcode88_consensus_vsearch	3331	C	*/+G	434	7	1.44%	2	1	93	93	0.007627335039353406	1	1	251	183	0	7	+G
barcode88_consensus_vsearch	3331	C	*/+T	434	10	2.06%	2	1	93	93	9.277980556005647E-4	1	1	251	183	0	10	+T
barcode88_consensus_vsearch	3354	C	*/+A	460	8	1.65%	2	1	93	93	0.003790209713374112	1	1	240	220	8	0	+A
barcode88_consensus_vsearch	3354	C	*/-A	460	9	1.85%	2	2	93	93	0.0018789246658047912	1	1	240	220	7	2	-A
barcode88_consensus_vsearch	3378	T	*/-G	465	7	1.44%	2	1	93	93	0.007639444132665198	1	1	252	213	0	7	-G
barcode88_consensus_vsearch	3381	T	*/-G	463	9	1.86%	2	2	93	93	0.0018793914772358292	1	1	254	209	1	8	-G
barcode88_consensus_vsearch	3406	C	*/-T	454	12	2.47%	2	2	93	93	2.2724810352461864E-4	1	1	239	215	3	9	-T
barcode88_consensus_vsearch	3406	C	*/-TT	454	8	1.65%	2	1	93	93	0.0037887134215269843	1	1	239	215	8	0	-T
barcode88_consensus_vsearch	3412	T	*/+C	265	14	2.93%	2	2	93	93	5.1640552478164746E-5	1	1	134	131	9	5	+C
barcode88_consensus_vsearch	3412	T	*/-C	265	158	33.05%	2	2	93	93	3.4990671568274222E-56	1	1	134	131	106	52	-C
barcode88_consensus_vsearch	3412	T	*/-CC	265	38	7.95%	2	2	93	93	1.0554250139424106E-12	1	1	134	131	5	33	-C
barcode88_consensus_vsearch	3418	A	*/-C	455	20	4.15%	2	2	93	93	7.775251968267645E-7	1	1	243	212	9	11	-C
barcode88_consensus_vsearch	3421	C	*/-T	476	7	1.44%	2	1	93	93	0.0076433688537074695	1	1	256	220	0	7	-T
barcode88_consensus_vsearch	3424	C	*/+A	467	7	1.45%	2	1	93	93	0.007640171209119411	1	1	249	218	7	0	+A
barcode88_consensus_vsearch	3426	T	*/+A	474	8	1.65%	2	1	93	93	0.0037935571892849574	1	1	249	225	8	0	+A
barcode88_consensus_vsearch	3427	G	*/-CT	466	11	2.27%	2	1	93	93	4.6063077485828253E-4	1	1	238	228	11	0	-CT
barcode88_consensus_vsearch	3444	A	*/-C	458	17	3.51%	2	2	93	93	6.595005896966598E-6	1	1	248	210	4	13	-C
barcode88_consensus_vsearch	3445	C	*/+T	459	7	1.5%	2	1	93	93	0.007637225621250393	1	1	253	206	0	7	+T
barcode88_consensus_vsearch	3447	C	*/+T	456	9	1.85%	2	2	93	93	0.0018782929787467238	1	1	254	202	1	8	+T
barcode88_consensus_vsearch	3447	C	*/-T	456	12	2.47%	2	2	93	93	2.273186173303134E-4	1	1	254	202	2	10	-T
barcode88_consensus_vsearch	3479	T	*/-G	394	58	12.11%	2	2	93	93	4.91518815484765E-19	1	1	206	188	29	29	-G
barcode88_consensus_vsearch	3489	A	*/-G	441	27	5.62%	2	1	93	93	5.064782223535546E-9	1	1	218	223	27	0	-G
barcode88_consensus_vsearch	3490	G	*/-A	447	8	1.75%	2	2	93	93	0.0037869182351470006	1	1	225	222	2	6	-A
barcode88_consensus_vsearch	3497	A	*/+C	463	8	1.66%	2	2	93	93	0.003790943664241956	1	1	243	220	4	4	+C
barcode88_consensus_vsearch	3499	C	*/-T	472	11	2.27%	2	1	93	93	4.6096814715598024E-4	1	1	255	217	0	11	-T
barcode88_consensus_vsearch	3501	C	*/+T	473	8	1.66%	2	1	93	93	0.0037933245016082413	1	1	255	218	0	8	+T
barcode88_consensus_vsearch	3504	T	*/+C	451	10	2.07%	2	2	93	93	9.295706475538195E-4	1	1	227	224	9	1	+C
barcode88_consensus_vsearch	3504	T	*/-C	451	20	4.13%	2	2	93	93	7.761492978979092E-7	1	1	227	224	18	2	-C
barcode88_consensus_vsearch	3509	A	*/-G	476	8	1.65%	2	1	93	93	0.0037940196998724205	1	1	248	228	8	0	-G
barcode88_consensus_vsearch	3521	G	*/+C	433	11	2.27%	2	2	93	93	4.5861543978572406E-4	1	1	210	223	10	1	+C
barcode88_consensus_vsearch	3521	G	*/-C	433	34	7.01%	2	2	93	93	3.121460813184503E-11	1	1	210	223	31	3	-C
barcode88_consensus_vsearch	3525	C	*/+G	393	7	1.44%	2	2	93	93	0.007608451759263046	1	1	191	202	1	6	+G
barcode88_consensus_vsearch	3525	C	*/-G	393	59	12.16%	2	2	93	93	2.2891065401999383E-19	1	1	191	202	57	2	-G
barcode88_consensus_vsearch	3526	G	*/+A	391	16	3.76%	2	1	93	93	1.3129538251681431E-5	1	1	165	226	16	0	+A
barcode88_consensus_vsearch	3526	G	*/-A	391	12	2.82%	2	1	93	93	2.2467848276270147E-4	1	1	165	226	12	0	+A
barcode88_consensus_vsearch	3530	A	*/+C	423	10	2.07%	2	2	93	93	9.26578056881533E-4	1	1	201	222	8	2	+C
barcode88_consensus_vsearch	3530	A	*/-C	423	22	4.55%	2	2	93	93	1.827327995963688E-7	1	1	201	222	19	3	-C
barcode88_consensus_vsearch	3530	A	*/-CCC	423	13	2.69%	2	1	93	93	1.1147982255220776E-4	1	1	201	222	13	0	-C
barcode88_consensus_vsearch	3534	C	*/-T	473	7	1.44%	2	2	93	93	0.007642316239083064	1	1	255	218	1	6	-T
barcode88_consensus_vsearch	3558	C	*/+A	462	12	2.47%	2	1	93	93	2.2752667172509604E-4	1	1	251	211	0	12	+A
barcode88_consensus_vsearch	3558	C	*/-A	462	7	1.44%	2	2	93	93	0.007638341941529366	1	1	251	211	3	4	+A
barcode88_consensus_vsearch	3622	T	*/-G	444	29	5.99%	2	2	93	93	1.1965228828708185E-9	1	1	251	193	2	27	-G
barcode88_consensus_vsearch	3624	G	*/-C	469	7	1.44%	2	2	93	93	0.007640892201856266	1	1	247	222	6	1	-C
barcode88_consensus_vsearch	3625	C	*/+T	468	8	1.67%	2	1	93	93	0.0037921465001774166	1	1	249	219	0	8	+T
barcode88_consensus_vsearch	3626	C	*/-T	474	9	1.85%	2	1	93	93	0.0018810540052625968	1	1	257	217	0	9	-T
barcode88_consensus_vsearch	3631	T	*/+C	464	7	1.46%	2	1	93	93	0.007639078288945116	1	1	243	221	7	0	+C
barcode88_consensus_vsearch	3638	C	*/-GC	459	25	5.14%	2	2	93	93	2.1684238498088094E-8	1	1	244	215	12	13	-GC
barcode88_consensus_vsearch	3649	T	*/-C	473	7	1.44%	2	2	93	93	0.007642316239083064	1	1	250	223	1	6	-C
barcode88_consensus_vsearch	3650	C	*/+G	459	11	2.3%	2	2	93	93	4.6022648896240235E-4	1	1	251	208	1	10	+G
barcode88_consensus_vsearch	3652	A	*/-G	452	10	2.08%	2	2	93	93	9.296709138046124E-4	1	1	241	211	9	1	-G
barcode88_consensus_vsearch	3653	G	*/+T	453	9	1.92%	2	2	93	93	0.0018778121106653614	1	1	243	210	1	8	+T
barcode88_consensus_vsearch	3655	T	*/+A	447	9	1.89%	2	2	93	93	0.001876831595139628	1	1	245	202	6	3	+A
barcode88_consensus_vsearch	3655	T	*/-A	447	7	1.47%	2	2	93	93	0.007632613471737004	1	1	245	202	2	5	+A
barcode88_consensus_vsearch	3661	A	*/-C	471	12	2.47%	2	2	93	93	2.278292832015349E-4	1	1	248	223	9	3	-C
barcode88_consensus_vsearch	3668	G	*/-C	463	13	2.7%	2	1	93	93	1.1234470903839966E-4	1	1	238	225	13	0	-C
barcode88_consensus_vsearch	3672	A	*/+C	448	22	4.55%	2	2	93	93	1.853985762613627E-7	1	1	232	216	14	8	+C
barcode88_consensus_vsearch	3675	C	*/-T	477	8	1.65%	2	2	93	93	0.003794249534494607	1	1	254	223	2	6	-T
barcode88_consensus_vsearch	3679	G	*/-A	446	22	4.59%	2	2	93	93	1.8519468638776574E-7	1	1	219	227	21	1	-A
barcode88_consensus_vsearch	3680	A	*/+G	329	52	11.33%	2	2	93	93	3.4293311873112737E-17	1	1	115	214	47	5	+G
barcode88_consensus_vsearch	3680	A	*/+GG	329	11	2.4%	2	1	93	93	4.497704755708121E-4	1	1	115	214	11	0	+G
barcode88_consensus_vsearch	3680	A	*/-G	329	38	8.28%	2	2	93	93	1.325259483039298E-12	1	1	115	214	32	6	-G
barcode88_consensus_vsearch	3680	A	*/-GG	329	15	3.27%	2	2	93	93	2.611184125662156E-5	1	1	115	214	14	1	-G
barcode88_consensus_vsearch	3683	G	*/+A	418	9	1.87%	2	2	93	93	0.0018717084025872061	1	1	192	226	7	2	+A
barcode88_consensus_vsearch	3683	G	*/-A	418	32	6.65%	2	1	93	93	1.3151049855343892E-10	1	1	192	226	32	0	-A
barcode88_consensus_vsearch	3686	A	*/-G	440	35	7.25%	2	2	93	93	1.519244146544795E-11	1	1	241	199	10	25	-G
barcode88_consensus_vsearch	3692	C	*/+G	454	11	2.26%	2	2	93	93	4.599304008296962E-4	1	1	238	216	2	9	+G
barcode88_consensus_vsearch	3692	C	*/-GA	454	7	1.44%	2	1	93	93	0.007635332943374405	1	1	238	216	7	0	+G
barcode88_consensus_vsearch	3693	G	*/-A	460	7	1.47%	2	2	93	93	0.007637599314660889	1	1	239	221	3	4	-A
barcode88_consensus_vsearch	3696	A	*/-T	467	9	1.86%	2	1	93	93	0.0018800048327151932	1	1	252	215	0	9	-T
barcode88_consensus_vsearch	3697	T	*/-C	455	8	1.69%	2	2	93	93	0.003788965477306861	1	1	250	205	1	7	-C
barcode88_consensus_vsearch	3711	C	*/-G	460	13	2.72%	2	2	93	93	1.1228477000319914E-4	1	1	254	206	2	11	-G
barcode88_consensus_vsearch	3713	G	*/+A	463	9	1.88%	2	1	93	93	0.0018793914772358292	1	1	243	220	9	0	+A
barcode88_consensus_vsearch	3719	T	*/+A	431	26	5.38%	2	2	93	93	1.0335700956299074E-8	1	1	219	212	24	2	+A
barcode88_consensus_vsearch	3719	T	*/-A	431	17	3.52%	2	2	93	93	6.536266691931365E-6	1	1	219	212	10	7	+A
barcode88_consensus_vsearch	3721	A	*/+G	220	204	42.06%	2	2	93	93	2.486567461741264E-76	1	1	182	38	49	155	+G
barcode88_consensus_vsearch	3721	A	*/-G	220	31	6.39%	2	2	93	93	1.7356578015981437E-10	1	1	182	38	12	19	+G
barcode88_consensus_vsearch	3722	G	*/+A	437	9	2%	2	1	93	93	0.0018751394156906677	1	1	232	205	9	0	+A
barcode88_consensus_vsearch	3732	C	*/+G	414	21	4.45%	2	2	93	93	3.7239194258898957E-7	1	1	234	180	18	3	+G
barcode88_consensus_vsearch	3734	G	*/-T	462	8	1.68%	2	1	93	93	0.003790700047657303	1	1	252	210	0	8	-T
barcode88_consensus_vsearch	3737	A	*/-G	464	8	1.65%	2	2	93	93	0.0037911862558090196	1	1	248	216	1	7	-G
barcode88_consensus_vsearch	3739	G	*/+C	449	9	1.85%	2	1	93	93	0.001877161257840413	1	1	223	226	9	0	+C
barcode88_consensus_vsearch	3739	G	*/-C	449	16	3.29%	2	2	93	93	1.3382263167220192E-5	1	1	223	226	15	1	-C
barcode88_consensus_vsearch	3742	C	*/+G	443	9	1.86%	2	1	93	93	0.001876163611738018	1	1	252	191	0	9	+G
barcode88_consensus_vsearch	3743	G	*/-C	462	9	1.87%	2	2	93	93	0.0018792365273515336	1	1	239	223	8	1	-C
barcode88_consensus_vsearch	3750	A	*/-G	420	41	8.61%	2	2	93	93	1.7932185027367642E-13	1	1	201	219	38	3	-G
barcode88_consensus_vsearch	3755	C	*/-G	463	16	3.31%	2	2	93	93	1.3434540182264686E-5	1	1	251	212	1	15	-G
barcode88_consensus_vsearch	3760	T	*/+C	448	24	4.94%	2	2	93	93	4.416196873697068E-8	1	1	232	216	23	1	+C
barcode88_consensus_vsearch	3762	T	*/-A	423	46	9.52%	2	2	93	93	4.454165824792608E-15	1	1	204	219	44	2	-A
barcode88_consensus_vsearch	3773	A	*/+C	314	25	5.15%	2	2	93	93	1.8829268097234636E-8	1	1	226	88	7	18	+C
barcode88_consensus_vsearch	3773	A	*/-C	314	125	25.77%	2	2	93	93	7.653123034189261E-43	1	1	226	88	13	112	-C
barcode88_consensus_vsearch	3773	A	*/-CC	314	17	3.51%	2	2	93	93	6.179864205963709E-6	1	1	226	88	10	7	-C
barcode88_consensus_vsearch	3793	C	*/-AC	473	9	1.86%	2	1	93	93	0.001880905970421938	1	1	246	227	9	0	-AC
barcode88_consensus_vsearch	3796	G	*/-T	466	11	2.27%	2	2	93	93	4.6063077485828253E-4	1	1	241	225	10	1	-T
barcode88_consensus_vsearch	3800	T	*/-A	476	7	1.44%	2	2	93	93	0.0076433688537074695	1	1	251	225	3	4	-A
barcode88_consensus_vsearch	3811	A	*/+T	472	8	1.65%	2	1	93	93	0.0037930908510905733	1	1	253	219	0	8	+T
barcode88_consensus_vsearch	3812	C	*/-T	468	8	1.65%	2	1	93	93	0.0037921465001774166	1	1	257	211	0	8	-T
barcode88_consensus_vsearch	3814	C	*/+T	467	10	2.07%	2	1	93	93	9.311251637351389E-4	1	1	257	210	0	10	+T
barcode88_consensus_vsearch	3826	C	*/-T	434	45	9.36%	2	2	93	93	9.611696804442305E-15	1	1	256	178	1	44	-T
barcode88_consensus_vsearch	3828	T	*/-G	423	57	11.73%	2	2	93	93	1.1847433209211717E-18	1	1	252	171	1	56	-G
barcode88_consensus_vsearch	3834	T	*/-G	468	13	2.68%	2	2	93	93	1.1244299307545754E-4	1	1	250	218	3	10	-G
barcode88_consensus_vsearch	3838	A	*/-T	470	7	1.44%	2	2	93	93	0.007641250440637751	1	1	250	220	3	4	-T
barcode88_consensus_vsearch	3855	C	*/-A	464	11	2.27%	2	2	93	93	4.605164581707988E-4	1	1	242	222	10	1	-A
barcode88_consensus_vsearch	3862	C	*/+T	467	9	1.85%	2	1	93	93	0.0018800048327151932	1	1	252	215	0	9	+T
barcode88_consensus_vsearch	3865	G	*/-C	455	15	3.09%	2	2	93	93	2.7244347227248963E-5	1	1	244	211	9	6	-C
barcode88_consensus_vsearch	3867	C	*/+A	476	7	1.45%	2	1	93	93	0.0076433688537074695	1	1	249	227	7	0	+A
barcode88_consensus_vsearch	3869	T	*/-C	426	49	10.14%	2	1	93	93	4.816403993738989E-16	1	1	200	226	49	0	-C
barcode88_consensus_vsearch	3878	T	*/-C	471	7	1.44%	2	2	93	93	0.007641607186910932	1	1	250	221	5	2	-C
barcode88_consensus_vsearch	3894	T	*/-A	475	8	1.65%	2	2	93	93	0.0037937889200904415	1	1	250	225	5	3	-A
barcode88_consensus_vsearch	3896	G	*/+T	312	15	3.09%	2	2	93	93	2.5896248719844637E-5	1	1	112	200	10	5	+T
barcode88_consensus_vsearch	3896	G	*/-T	312	109	22.47%	2	2	93	93	4.896631633102831E-37	1	1	112	200	87	22	-T
barcode88_consensus_vsearch	3896	G	*/-TT	312	44	9.07%	2	1	93	93	1.3793432583211441E-14	1	1	112	200	44	0	-T
barcode88_consensus_vsearch	3902	T	*/+C	468	8	1.65%	2	2	93	93	0.0037921465001774166	1	1	254	214	2	6	+C
barcode88_consensus_vsearch	3903	C	*/-TC	475	8	1.65%	2	1	93	93	0.0037937889200904415	1	1	257	218	0	8	-TC
barcode88_consensus_vsearch	3910	C	*/-A	462	21	4.32%	2	1	93	93	3.8185960170020475E-7	1	1	256	206	0	21	-A
barcode88_consensus_vsearch	3915	A	*/+G	456	14	2.89%	2	1	93	93	5.5325143711427534E-5	1	1	245	211	0	14	+G
barcode88_consensus_vsearch	3915	A	*/-G	456	10	2.06%	2	2	93	93	9.300677370579054E-4	1	1	245	211	6	4	+G
barcode88_consensus_vsearch	3928	C	*/+A	466	10	2.08%	2	2	93	93	9.310310253206723E-4	1	1	248	218	6	4	+A
barcode88_consensus_vsearch	3982	A	*/-T	463	16	3.3%	2	2	93	93	1.3434540182264686E-5	1	1	239	224	15	1	-T
barcode88_consensus_vsearch	3985	T	*/+G	471	9	1.85%	2	1	93	93	0.001880608069030174	1	1	255	216	0	9	+G
barcode88_consensus_vsearch	3989	C	*/-GC	460	15	3.1%	2	2	93	93	2.7277411668883823E-5	1	1	245	215	8	7	-GC
barcode88_consensus_vsearch	3997	G	*/+CC	461	8	1.65%	2	1	93	93	0.003790455399559823	1	1	234	227	8	0	+CC
barcode88_consensus_vsearch	3997	G	*/-C	461	13	2.68%	2	2	93	93	1.1230483155649456E-4	1	1	234	227	11	2	-C
barcode88_consensus_vsearch	3999	C	*/-T	470	12	2.47%	2	2	93	93	2.2779620497645633E-4	1	1	252	218	3	9	-T
barcode88_consensus_vsearch	4001	T	*/-C	460	11	2.27%	2	2	93	93	4.6028496619962057E-4	1	1	240	220	6	5	-C
barcode88_consensus_vsearch	4005	T	*/-G	464	13	2.7%	2	2	93	93	1.1236452596727411E-4	1	1	249	215	1	12	-G
barcode88_consensus_vsearch	4031	C	*/-T	452	25	5.18%	2	1	93	93	2.1580602526326585E-8	1	1	252	200	0	25	-T
barcode88_consensus_vsearch	4036	T	*/-C	441	27	5.61%	2	1	93	93	5.064782223535546E-9	1	1	220	221	27	0	-C
barcode88_consensus_vsearch	4038	C	*/-G	443	34	7.04%	2	2	93	93	3.1640286480000984E-11	1	1	253	190	2	32	-G
barcode88_consensus_vsearch	4048	C	*/-T	469	12	2.48%	2	1	93	93	2.2776299237076134E-4	1	1	254	215	0	12	-T
barcode88_consensus_vsearch	4049	T	*/+C	458	9	1.9%	2	1	93	93	0.0018786101608522024	1	1	246	212	9	0	+C
barcode88_consensus_vsearch	4050	C	*/+T	470	8	1.65%	2	1	93	93	0.0037926206375474623	1	1	253	217	0	8	+T
barcode88_consensus_vsearch	4055	T	*/+C	426	21	4.32%	2	2	93	93	3.7493059467302307E-7	1	1	230	196	7	14	+C
barcode88_consensus_vsearch	4055	T	*/-C	426	30	6.17%	2	2	93	93	5.688382919929854E-10	1	1	230	196	16	14	-C
barcode88_consensus_vsearch	4063	A	*/-C	452	19	3.97%	2	2	93	93	1.584924340620726E-6	1	1	227	225	18	1	-C
barcode88_consensus_vsearch	4083	T	*/-C	453	28	5.79%	2	2	93	93	2.485794020110247E-9	1	1	229	224	26	2	-C
barcode88_consensus_vsearch	4085	C	*/-A	463	10	2.06%	2	1	93	93	9.307462553925597E-4	1	1	238	225	10	0	-A
barcode88_consensus_vsearch	4108	A	*/-G	450	9	1.86%	2	2	93	93	0.0018773250232725807	1	1	227	223	4	5	-G
barcode88_consensus_vsearch	4110	G	*/+A	465	8	1.65%	2	1	93	93	0.0037914278288080057	1	1	239	226	8	0	+A
barcode88_consensus_vsearch	4118	C	*/-T	469	8	1.65%	2	2	93	93	0.0037923840624007267	1	1	252	217	4	4	-T
barcode88_consensus_vsearch	4142	G	*/+T	468	9	1.86%	2	2	93	93	0.0018801565806267238	1	1	241	227	8	1	+T
barcode88_consensus_vsearch	4168	C	*/+T	424	44	9.19%	2	1	93	93	1.9686572536966042E-14	1	1	256	168	0	44	+T
barcode88_consensus_vsearch	4169	T	*/+C	464	15	3.11%	2	2	93	93	2.7303386620445805E-5	1	1	253	211	1	14	+C
barcode88_consensus_vsearch	4186	A	*/+G	449	15	3.11%	2	1	93	93	2.720376910801439E-5	1	1	237	212	0	15	+G
barcode88_consensus_vsearch	4191	G	*/-A	459	15	3.09%	2	1	93	93	2.7270852271146047E-5	1	1	231	228	15	0	-A
barcode88_consensus_vsearch	4192	A	*/-G	438	16	3.42%	2	1	93	93	1.333904137735575E-5	1	1	213	225	16	0	-G
barcode88_consensus_vsearch	4194	G	*/+T	469	8	1.65%	2	1	93	93	0.0037923840624007267	1	1	244	225	8	0	+T
barcode88_consensus_vsearch	4197	T	*/-G	439	43	8.85%	2	1	93	93	4.2656353728957053E-14	1	1	255	184	0	43	-G
barcode88_consensus_vsearch	4200	A	*/+T	474	9	1.86%	2	1	93	93	0.0018810540052625968	1	1	255	219	0	9	+T
barcode88_consensus_vsearch	4202	C	*/+T	465	7	1.46%	2	1	93	93	0.007639444132665198	1	1	255	210	0	7	+T
barcode88_consensus_vsearch	4202	C	*/-T	465	8	1.66%	2	2	93	93	0.0037914278288080057	1	1	255	210	1	7	-T
barcode88_consensus_vsearch	4211	A	*/-CA	457	22	4.53%	2	2	93	93	1.862971849238602E-7	1	1	230	227	21	1	-CA
barcode88_consensus_vsearch	4219	T	*/-C	452	24	5%	2	2	93	93	4.4276241566321384E-8	1	1	254	198	1	23	-C
barcode88_consensus_vsearch	4232	C	*/-T	472	9	1.86%	2	2	93	93	0.0018807573262679702	1	1	253	219	1	8	-T
barcode88_consensus_vsearch	4236	G	*/-TG	466	8	1.67%	2	1	93	93	0.0037916683896426647	1	1	251	215	0	8	-TG
barcode88_consensus_vsearch	4250	T	*/+C	433	20	4.16%	2	2	93	93	7.696832120063831E-7	1	1	225	208	7	13	+C
barcode88_consensus_vsearch	4250	T	*/-C	433	26	5.41%	2	2	93	93	1.0352665862165364E-8	1	1	225	208	24	2	-C
barcode88_consensus_vsearch	4289	C	*/+A	460	9	1.86%	2	1	93	93	0.0018789246658047912	1	1	241	219	9	0	+A
barcode88_consensus_vsearch	4289	C	*/-A	460	7	1.45%	2	2	93	93	0.007637599314660889	1	1	241	219	2	5	+A
barcode88_consensus_vsearch	4331	G	*/+T	465	16	3.29%	2	1	93	93	1.3441771825444506E-5	1	1	237	228	16	0	+T
barcode88_consensus_vsearch	4345	C	*/-T	471	8	1.65%	2	1	93	93	0.00379285623175068	1	1	253	218	0	8	-T
barcode88_consensus_vsearch	4366	C	*/-T	465	10	2.08%	2	1	93	93	9.309364960854272E-4	1	1	257	208	0	10	-T
