Chrom	Position	Ref	Cons	Reads1	Reads2	VarFreq	Strands1	Strands2	Qual1	Qual2	Pvalue	MapQual1	MapQual2	Reads1Plus	Reads1Minus	Reads2Plus	Reads2Minus	VarAllele
barcode46_consensus_vsearch	5	G	*/-T	143	14	8.64%	2	2	93	93	4.508368567020213E-5	1	1	86	57	13	1	-T
barcode46_consensus_vsearch	26	T	*/+C	160	11	4.95%	2	2	93	93	4.136216803787874E-4	1	1	95	65	4	7	+C
barcode46_consensus_vsearch	26	T	*/-C	160	46	20.72%	2	2	93	93	8.375302545798481E-16	1	1	95	65	6	40	-C
barcode46_consensus_vsearch	30	C	*/+T	209	8	3.6%	2	1	93	93	0.003658026926953576	1	1	106	103	0	8	+T
barcode46_consensus_vsearch	106	C	*/+G	201	18	8.11%	2	1	93	93	2.6509133703959145E-6	1	1	87	114	18	0	+G
barcode46_consensus_vsearch	107	A	*/-G	190	24	10.81%	2	2	93	93	3.011509434593919E-8	1	1	83	107	20	4	-G
barcode46_consensus_vsearch	113	G	*/+C	210	7	3.18%	2	1	93	93	0.007437988084800957	1	1	96	114	7	0	+C
barcode46_consensus_vsearch	142	T	*/-C	213	7	3.18%	2	2	93	93	0.007443047448823043	1	1	101	112	6	1	-C
barcode46_consensus_vsearch	154	C	*/-AC	201	9	4.09%	2	1	93	93	0.0017895062981052791	1	1	91	110	9	0	-AC
barcode46_consensus_vsearch	156	C	*/+T	194	9	4.33%	2	1	93	93	0.0017839997252666491	1	1	94	100	0	9	+T
barcode46_consensus_vsearch	172	A	*/+C	174	11	4.98%	2	2	93	93	4.190037601545019E-4	1	1	80	94	8	3	+C
barcode46_consensus_vsearch	172	A	*/-C	174	25	11.31%	2	2	93	93	1.3340415069026643E-8	1	1	80	94	7	18	-C
barcode46_consensus_vsearch	172	A	*/-CC	174	9	4.07%	2	1	93	93	0.0017660088144097936	1	1	80	94	9	0	-C
barcode46_consensus_vsearch	176	C	*/-T	205	14	6.31%	2	2	93	93	4.9256649870734555E-5	1	1	106	99	1	13	-T
barcode46_consensus_vsearch	210	T	*/-C	172	34	15.67%	2	2	93	93	1.3195981929966134E-11	1	1	96	76	2	32	-C
barcode46_consensus_vsearch	213	C	*/-T	208	7	3.17%	2	2	93	93	0.007434537497224064	1	1	104	104	2	5	-T
barcode46_consensus_vsearch	220	A	*/-CA	212	8	3.6%	2	1	93	93	0.003661360523321731	1	1	97	115	8	0	-CA
barcode46_consensus_vsearch	253	A	*/-G	205	11	5%	2	2	93	93	4.285433624407098E-4	1	1	103	102	2	9	-G
barcode46_consensus_vsearch	271	T	*/-C	206	12	5.41%	2	2	93	93	2.089820970245861E-4	1	1	96	110	10	2	-C
barcode46_consensus_vsearch	310	C	*/+A	200	15	6.76%	2	2	93	93	2.3701643162627867E-5	1	1	90	110	14	1	+A
barcode46_consensus_vsearch	321	C	*/-G	206	12	5.41%	2	1	93	93	2.089820970245861E-4	1	1	105	101	0	12	-G
barcode46_consensus_vsearch	349	A	*/-G	181	19	9%	2	2	93	93	1.218119798445089E-6	1	1	70	111	16	3	-G
barcode46_consensus_vsearch	355	C	*/-T	206	8	3.65%	2	1	93	93	0.0036546013500883302	1	1	104	102	0	8	-T
barcode46_consensus_vsearch	370	A	*/+C	123	15	6.85%	2	2	93	93	2.0421104872465953E-5	1	1	76	47	9	6	+C
barcode46_consensus_vsearch	370	A	*/-C	123	59	26.94%	2	2	93	93	6.1918078997130276E-21	1	1	76	47	16	43	-C
barcode46_consensus_vsearch	370	A	*/-CC	123	17	7.76%	2	2	93	93	4.5518957996669666E-6	1	1	76	47	2	15	-C
barcode46_consensus_vsearch	377	C	*/-TC	213	9	4.05%	2	2	93	93	0.0017981564163397133	1	1	106	107	1	8	-TC
barcode46_consensus_vsearch	380	C	*/-G	205	14	6.33%	2	1	93	93	4.9256649870734555E-5	1	1	106	99	0	14	-G
barcode46_consensus_vsearch	393	T	*/-C	179	40	18.02%	2	2	93	93	1.2803900407527682E-13	1	1	90	89	17	23	-C
barcode46_consensus_vsearch	420	C	*/+A	206	8	3.6%	2	1	93	93	0.0036546013500883302	1	1	92	114	8	0	+A
barcode46_consensus_vsearch	452	T	*/-C	166	49	22.07%	2	2	93	93	8.075337510941083E-17	1	1	98	68	7	42	-C
barcode46_consensus_vsearch	455	C	*/-T	206	12	5.41%	2	1	93	93	2.089820970245861E-4	1	1	105	101	0	12	-T
barcode46_consensus_vsearch	457	T	*/-GG	207	9	4.07%	2	1	93	93	0.001793948723227531	1	1	105	102	0	9	-GG
barcode46_consensus_vsearch	467	G	*/-CG	211	7	3.2%	2	2	93	93	0.007439689863414905	1	1	104	107	3	4	-CG
barcode46_consensus_vsearch	485	C	*/+T	214	7	3.15%	2	1	93	93	0.007444703667648697	1	1	107	107	0	7	+T
barcode46_consensus_vsearch	513	C	*/-T	205	10	4.5%	2	2	93	93	8.774450793915666E-4	1	1	102	103	1	9	-T
barcode46_consensus_vsearch	516	T	*/-C	155	47	21.27%	2	2	93	93	3.4249622335524427E-16	1	1	98	57	6	41	-C
barcode46_consensus_vsearch	516	T	*/-CC	155	19	8.6%	2	2	93	93	1.1348203857257847E-6	1	1	98	57	2	17	-C
barcode46_consensus_vsearch	551	T	*/-GT	204	12	5.5%	2	1	93	93	2.0867313373012331E-4	1	1	106	98	0	12	-GT
barcode46_consensus_vsearch	558	C	*/-A	194	17	7.87%	2	2	93	93	5.454975141743846E-6	1	1	85	109	16	1	-A
barcode46_consensus_vsearch	571	T	*/-C	204	12	5.56%	2	2	93	93	2.0867313373012331E-4	1	1	97	107	9	3	-C
barcode46_consensus_vsearch	574	C	*/-GC	206	7	3.15%	2	1	93	93	0.007431022745174962	1	1	96	110	7	0	-GC
barcode46_consensus_vsearch	579	A	*/-G	204	11	4.98%	2	2	93	93	4.2827676494109035E-4	1	1	101	103	1	10	-G
barcode46_consensus_vsearch	590	A	*/-C	210	8	3.6%	2	2	93	93	0.0036591481612605	1	1	105	105	2	6	-C
barcode46_consensus_vsearch	614	A	*/-G	204	8	3.69%	2	2	93	93	0.0036522646351654408	1	1	93	111	4	4	-G
barcode46_consensus_vsearch	620	C	*/-T	210	11	4.95%	2	1	93	93	4.298416344617859E-4	1	1	106	104	0	11	-T
barcode46_consensus_vsearch	631	T	*/+C	209	11	4.95%	2	2	93	93	4.2958650804029443E-4	1	1	96	113	10	1	+C
barcode46_consensus_vsearch	694	T	*/-C	211	7	3.15%	2	1	93	93	0.007439689863414905	1	1	98	113	7	0	-C
barcode46_consensus_vsearch	721	T	*/+C	198	12	5.56%	2	2	93	93	2.077128545125299E-4	1	1	90	108	9	3	+C
barcode46_consensus_vsearch	729	G	*/+C	194	9	4.09%	2	2	93	93	0.0017839997252666491	1	1	90	104	7	2	+C
barcode46_consensus_vsearch	729	G	*/-C	194	13	5.91%	2	2	93	93	1.0051376512604206E-4	1	1	90	104	5	8	-C
barcode46_consensus_vsearch	738	C	*/+T	188	24	11.06%	2	1	93	93	2.9910218982788557E-8	1	1	103	85	0	24	+T
barcode46_consensus_vsearch	739	C	*/+T	199	16	7.34%	2	1	93	93	1.1422478632590395E-5	1	1	104	95	0	16	+T
barcode46_consensus_vsearch	741	C	*/+T	180	29	13.18%	2	2	93	93	6.561968160395861E-10	1	1	100	80	3	26	+T
barcode46_consensus_vsearch	742	C	*/+TA	112	68	30.91%	2	2	93	93	1.309162272445266E-24	1	1	58	54	40	28	+TA
barcode46_consensus_vsearch	743	C	*/+TAC	117	88	39.82%	2	2	93	93	1.9463299722930164E-32	1	1	51	66	43	45	+TAC
barcode46_consensus_vsearch	802	A	*/-T	202	14	6.31%	2	2	93	93	4.9105420013800674E-5	1	1	89	113	13	1	-T
barcode46_consensus_vsearch	829	T	*/-A	208	7	3.15%	2	1	93	93	0.007434537497224064	1	1	98	110	7	0	-A
barcode46_consensus_vsearch	841	C	*/-AC	182	37	16.67%	2	2	93	93	1.3819651112764626E-12	1	1	70	112	36	1	-AC
barcode46_consensus_vsearch	845	T	*/-CT	206	8	3.62%	2	1	93	93	0.0036546013500883302	1	1	105	101	0	8	-CT
barcode46_consensus_vsearch	863	T	*/-C	211	8	3.6%	2	1	93	93	0.0036602593149509337	1	1	105	106	0	8	-C
barcode46_consensus_vsearch	901	C	*/-T	183	26	11.71%	2	2	93	93	6.506695717774377E-9	1	1	98	85	7	19	-T
barcode46_consensus_vsearch	934	C	*/-T	207	8	3.62%	2	2	93	93	0.003655753662936563	1	1	105	102	1	7	-T
barcode46_consensus_vsearch	955	T	*/-C	200	15	6.79%	2	2	93	93	2.3701643162627867E-5	1	1	91	109	12	3	-C
barcode46_consensus_vsearch	959	A	*/-CA	210	7	3.15%	2	2	93	93	0.007437988084800957	1	1	98	112	5	2	-CA
barcode46_consensus_vsearch	976	T	*/-A	211	7	3.17%	2	1	93	93	0.007439689863414905	1	1	98	113	7	0	-A
barcode46_consensus_vsearch	979	C	*/+A	187	10	4.5%	2	2	93	93	8.686948931293806E-4	1	1	98	89	1	9	+A
barcode46_consensus_vsearch	979	C	*/-A	187	16	7.21%	2	2	93	93	1.1220889549609521E-5	1	1	98	89	5	11	-A
barcode46_consensus_vsearch	1005	A	*/-T	207	8	3.62%	2	1	93	93	0.003655753662936563	1	1	92	115	8	0	-T
barcode46_consensus_vsearch	1034	C	*/-GC	213	9	4.05%	2	2	93	93	0.0017981564163397133	1	1	103	110	4	5	-GC
barcode46_consensus_vsearch	1048	C	*/-A	208	8	3.64%	2	2	93	93	0.0036568954742723925	1	1	102	106	1	7	-A
barcode46_consensus_vsearch	1080	A	*/-G	205	9	4.13%	2	2	93	93	0.0017924949478988227	1	1	99	106	2	7	-G
barcode46_consensus_vsearch	1088	C	*/+G	191	20	9.01%	2	2	93	93	5.947187199983573E-7	1	1	102	89	4	16	+G
barcode46_consensus_vsearch	1148	T	*/+G	205	8	3.64%	2	1	93	93	0.0036534383902297935	1	1	103	102	0	8	+G
barcode46_consensus_vsearch	1150	A	*/+G	139	19	8.68%	2	2	93	93	1.0731036863448796E-6	1	1	42	97	11	8	+G
barcode46_consensus_vsearch	1150	A	*/-G	139	57	26.03%	2	2	93	93	5.826997493489355E-20	1	1	42	97	47	10	-G
barcode46_consensus_vsearch	1160	C	*/+G	104	75	34.09%	2	2	93	93	1.3225299285911378E-27	1	1	43	61	46	29	+G
barcode46_consensus_vsearch	1160	C	*/-G	104	21	9.55%	2	2	93	93	1.9074295810670403E-7	1	1	43	61	8	13	+G
barcode46_consensus_vsearch	1189	A	*/+G	204	10	4.5%	2	1	93	93	8.769963348909129E-4	1	1	99	105	0	10	+G
barcode46_consensus_vsearch	1198	G	*/+C	192	8	3.62%	2	1	93	93	0.0036372796311357324	1	1	92	100	0	8	+C
barcode46_consensus_vsearch	1198	G	*/-C	192	15	6.79%	2	2	93	93	2.3462820410529364E-5	1	1	92	100	8	7	-C
barcode46_consensus_vsearch	1300	C	*/-T	199	20	9.01%	2	2	93	93	6.055615268214013E-7	1	1	104	95	2	18	-T
barcode46_consensus_vsearch	1312	A	*/-C	203	13	5.86%	2	2	93	93	1.0135552209744578E-4	1	1	101	102	2	11	-C
barcode46_consensus_vsearch	1339	G	*/-CG	209	7	3.18%	2	2	93	93	0.007436270701269745	1	1	103	106	2	5	-CG
barcode46_consensus_vsearch	1340	C	*/-G	193	8	3.81%	2	2	93	93	0.003638595561901328	1	1	98	95	3	5	-G
barcode46_consensus_vsearch	1363	C	*/-AC	210	8	3.6%	2	2	93	93	0.0036591481612605	1	1	100	110	6	2	-AC
barcode46_consensus_vsearch	1373	T	*/-CT	205	12	5.45%	2	1	93	93	2.0882828978061456E-4	1	1	106	99	0	12	-CT
barcode46_consensus_vsearch	1385	C	*/-T	214	8	3.6%	2	1	93	93	0.003663533633296164	1	1	107	107	0	8	-T
barcode46_consensus_vsearch	1394	C	*/-G	200	14	6.42%	2	1	93	93	4.9002433333818565E-5	1	1	104	96	0	14	-G
barcode46_consensus_vsearch	1429	C	*/-A	211	9	4.05%	2	1	93	93	0.0017967787753331713	1	1	97	114	9	0	-A
barcode46_consensus_vsearch	1453	C	*/+G	194	9	4.05%	2	2	93	93	0.0017839997252666491	1	1	100	94	4	5	+G
barcode46_consensus_vsearch	1453	C	*/-G	194	17	7.66%	2	2	93	93	5.454975141743846E-6	1	1	100	94	2	15	-G
barcode46_consensus_vsearch	1478	A	*/-CA	202	16	7.21%	2	2	93	93	1.1469793493705302E-5	1	1	100	102	3	13	-CA
barcode46_consensus_vsearch	1536	C	*/+A	151	44	19.91%	2	1	93	93	3.6800686003002895E-15	1	1	41	110	44	0	+A
barcode46_consensus_vsearch	1536	C	*/-G	151	13	5.88%	2	2	93	93	9.532638090975499E-5	1	1	41	110	12	1	+A
barcode46_consensus_vsearch	1537	G	*/-A	163	45	21.53%	2	2	93	93	1.965756644680647E-15	1	1	50	113	44	1	-A
barcode46_consensus_vsearch	1541	T	*/+C	203	11	4.95%	2	1	93	93	4.280077806644155E-4	1	1	92	111	11	0	+C
barcode46_consensus_vsearch	1577	G	*/-TG	187	21	9.72%	2	2	93	93	2.8032918471012836E-7	1	1	94	93	13	8	-TG
barcode46_consensus_vsearch	1600	G	*/+A	210	8	3.6%	2	1	93	93	0.0036591481612605	1	1	95	115	8	0	+A
barcode46_consensus_vsearch	1632	G	*/+C	195	10	4.57%	2	1	93	93	8.72767211907752E-4	1	1	84	111	10	0	+C
barcode46_consensus_vsearch	1632	G	*/-C	195	10	4.57%	2	2	93	93	8.72767211907752E-4	1	1	84	111	9	1	+C
barcode46_consensus_vsearch	1685	C	*/+T	208	8	3.6%	2	2	93	93	0.0036568954742723925	1	1	97	111	7	1	+T
barcode46_consensus_vsearch	1693	C	*/-T	204	15	6.76%	2	1	93	93	2.3815125527116474E-5	1	1	105	99	0	15	-T
barcode46_consensus_vsearch	1696	T	*/+C	176	11	4.95%	2	2	93	93	4.1971005075956745E-4	1	1	98	78	3	8	+C
barcode46_consensus_vsearch	1696	T	*/-C	176	26	11.71%	2	2	93	93	6.310012059224012E-9	1	1	98	78	5	21	-C
barcode46_consensus_vsearch	1713	G	*/-TG	210	9	4.07%	2	2	93	93	0.0017960807336148846	1	1	98	112	6	3	-TG
barcode46_consensus_vsearch	1748	A	*/-G	210	7	3.2%	2	2	93	93	0.007437988084800957	1	1	99	111	3	4	-G
barcode46_consensus_vsearch	1756	A	*/-C	212	7	3.17%	2	2	93	93	0.00744137624879223	1	1	103	109	2	5	-C
barcode46_consensus_vsearch	1759	T	*/-C	202	13	5.96%	2	2	93	93	1.0126524414330837E-4	1	1	98	104	5	8	-C
barcode46_consensus_vsearch	1779	C	*/-A	202	8	3.67%	2	1	93	93	0.0036498841327700354	1	1	103	99	0	8	-A
barcode46_consensus_vsearch	1784	C	*/-T	213	9	4.05%	2	2	93	93	0.0017981564163397133	1	1	99	114	8	1	-T
barcode46_consensus_vsearch	1871	C	*/-G	209	12	5.41%	2	1	93	93	2.0943559915765036E-4	1	1	107	102	0	12	-G
barcode46_consensus_vsearch	1886	A	*/+G	168	15	6.82%	2	2	93	93	2.26350367290671E-5	1	1	86	82	1	14	+G
barcode46_consensus_vsearch	1886	A	*/-G	168	18	8.18%	2	1	93	93	2.4771112255650594E-6	1	1	86	82	0	18	-G
barcode46_consensus_vsearch	1886	A	*/-GG	168	17	7.73%	2	1	93	93	5.192137088615319E-6	1	1	86	82	17	0	-G
barcode46_consensus_vsearch	1896	G	*/-TG	204	15	6.82%	2	2	93	93	2.3815125527116474E-5	1	1	105	99	1	14	-TG
barcode46_consensus_vsearch	1931	A	*/-G	194	19	8.6%	2	2	93	93	1.2534988212656054E-6	1	1	86	108	15	4	-G
barcode46_consensus_vsearch	1942	G	*/-C	201	13	5.86%	2	2	93	93	1.0117417827629507E-4	1	1	96	105	8	5	-C
barcode46_consensus_vsearch	1958	A	*/-CA	201	19	8.56%	2	2	93	93	1.2711099418435063E-6	1	1	100	101	5	14	-CA
barcode46_consensus_vsearch	1965	G	*/+C	208	13	5.86%	2	1	93	93	1.0179544238135389E-4	1	1	107	101	0	13	+C
barcode46_consensus_vsearch	1967	T	*/-C	207	11	4.95%	2	1	93	93	4.2906952287648286E-4	1	1	107	100	0	11	-C
barcode46_consensus_vsearch	1970	T	*/-C	198	16	7.21%	2	1	93	93	1.1406445395916652E-5	1	1	84	114	16	0	-C
barcode46_consensus_vsearch	1981	T	*/-C	212	9	4.05%	2	1	93	93	0.00179747064240055	1	1	106	106	0	9	-C
barcode46_consensus_vsearch	1991	T	*/-A	211	7	3.17%	2	2	93	93	0.007439689863414905	1	1	101	110	5	2	-A
barcode46_consensus_vsearch	1993	A	*/-G	194	22	9.91%	2	2	93	93	1.357809470111312E-7	1	1	96	98	10	12	-G
barcode46_consensus_vsearch	1998	A	*/-T	209	7	3.15%	2	1	93	93	0.007436270701269745	1	1	105	104	0	7	-T
barcode46_consensus_vsearch	1999	T	*/-C	192	17	7.98%	2	2	93	93	5.4367634478171795E-6	1	1	93	99	13	4	-C
barcode46_consensus_vsearch	2012	C	*/-T	193	16	7.44%	2	2	93	93	1.132424303638399E-5	1	1	105	88	2	14	-T
barcode46_consensus_vsearch	2016	T	*/-C	212	8	3.6%	2	1	93	93	0.003661360523321731	1	1	105	107	0	8	-C
barcode46_consensus_vsearch	2058	T	*/-C	210	8	3.62%	2	2	93	93	0.0036591481612605	1	1	97	113	7	1	-C
barcode46_consensus_vsearch	2078	C	*/-A	211	7	3.18%	2	1	93	93	0.007439689863414905	1	1	106	105	0	7	-A
barcode46_consensus_vsearch	2135	C	*/-G	213	7	3.17%	2	2	93	93	0.007443047448823043	1	1	105	108	1	6	-G
barcode46_consensus_vsearch	2230	C	*/-T	207	12	5.41%	2	2	93	93	2.091345729349345E-4	1	1	104	103	1	11	-T
barcode46_consensus_vsearch	2231	T	*/-C	187	17	8.17%	2	2	93	93	5.389886749258449E-6	1	1	92	95	12	5	-C
barcode46_consensus_vsearch	2233	C	*/+G	173	28	12.67%	2	1	93	93	1.3564785577282461E-9	1	1	95	78	0	28	+G
barcode46_consensus_vsearch	2234	G	*/-A	206	10	4.52%	2	1	93	93	8.778898007284436E-4	1	1	92	114	10	0	-A
barcode46_consensus_vsearch	2236	A	*/-C	170	26	11.93%	2	2	93	93	6.1346774927494466E-9	1	1	58	112	23	3	-C
barcode46_consensus_vsearch	2236	A	*/-CC	170	18	8.26%	2	1	93	93	2.4890830325592305E-6	1	1	58	112	18	0	-C
barcode46_consensus_vsearch	2239	C	*/-G	197	16	7.21%	2	2	93	93	1.1390278653101552E-5	1	1	92	105	11	5	-G
barcode46_consensus_vsearch	2250	C	*/-AA	204	9	4.05%	2	1	93	93	0.0017917580621936403	1	1	95	109	9	0	-AA
barcode46_consensus_vsearch	2259	G	*/-C	204	7	3.17%	2	2	93	93	0.007427442022474603	1	1	99	105	3	4	-C
barcode46_consensus_vsearch	2285	C	*/-A	203	17	7.66%	2	1	93	93	5.533354906074952E-6	1	1	107	96	0	17	-A
barcode46_consensus_vsearch	2288	T	*/+C	194	15	6.76%	2	1	93	93	2.3524071874557613E-5	1	1	105	89	0	15	+C
barcode46_consensus_vsearch	2304	C	*/-GG	200	10	4.52%	2	1	93	93	8.751600144021374E-4	1	1	103	97	0	10	-GG
barcode46_consensus_vsearch	2308	T	*/-A	197	8	3.6%	2	2	93	93	0.003643733038795537	1	1	95	102	7	1	-A
barcode46_consensus_vsearch	2351	T	*/-AA	210	9	4.05%	2	1	93	93	0.0017960807336148846	1	1	105	105	0	9	-AA
barcode46_consensus_vsearch	2418	C	*/+A	204	10	4.52%	2	1	93	93	8.769963348909129E-4	1	1	94	110	10	0	+A
barcode46_consensus_vsearch	2420	A	*/-G	191	28	12.61%	2	2	93	93	1.4823492013779318E-9	1	1	98	93	7	21	-G
barcode46_consensus_vsearch	2425	T	*/-C	205	16	7.21%	2	1	93	93	1.1515964001761286E-5	1	1	90	115	16	0	-C
barcode46_consensus_vsearch	2442	T	*/+A	175	12	5.41%	2	2	93	93	2.0349578218661617E-4	1	1	66	109	10	2	+A
barcode46_consensus_vsearch	2442	T	*/-A	175	30	13.51%	2	2	93	93	2.965534195220594E-10	1	1	66	109	29	1	-A
barcode46_consensus_vsearch	2475	C	*/+T	158	19	8.56%	2	2	93	93	1.14541820123917E-6	1	1	74	84	5	14	+T
barcode46_consensus_vsearch	2475	C	*/-T	158	37	16.67%	2	2	93	93	1.1020817591869016E-12	1	1	74	84	23	14	-T
barcode46_consensus_vsearch	2481	C	*/+T	196	7	3.2%	2	1	93	93	0.007412420836520295	1	1	107	89	0	7	+T
barcode46_consensus_vsearch	2496	T	*/-GT	200	16	7.27%	2	2	93	93	1.1438379994950568E-5	1	1	99	101	4	12	-GT
barcode46_consensus_vsearch	2498	T	*/-C	182	15	7.43%	2	1	93	93	2.3139849326863054E-5	1	1	80	102	15	0	-C
barcode46_consensus_vsearch	2525	G	*/-TG	206	14	6.31%	2	1	93	93	4.930621480362649E-5	1	1	106	100	0	14	-TG
barcode46_consensus_vsearch	2541	T	*/-G	207	13	5.86%	2	1	93	93	1.0170895517465024E-4	1	1	106	101	0	13	-G
barcode46_consensus_vsearch	2553	T	*/-G	209	10	4.52%	2	1	93	93	8.792003591123169E-4	1	1	106	103	0	10	-G
barcode46_consensus_vsearch	2562	A	*/-C	202	11	4.95%	2	2	93	93	4.2773637746469634E-4	1	1	99	103	5	6	-C
barcode46_consensus_vsearch	2566	T	*/-CT	195	15	6.82%	2	1	93	93	2.3554302919744083E-5	1	1	107	88	0	15	-CT
barcode46_consensus_vsearch	2567	C	*/-T	180	9	4.57%	2	2	93	93	0.001771795269848945	1	1	105	75	2	7	-T
barcode46_consensus_vsearch	2665	A	*/+G	194	11	5.07%	2	1	93	93	4.2547401580496607E-4	1	1	97	97	0	11	+G
barcode46_consensus_vsearch	2675	G	*/+C	86	40	18.02%	2	2	93	93	2.2666545019715493E-14	1	1	28	58	26	14	+C
barcode46_consensus_vsearch	2675	G	*/+CC	86	8	3.6%	2	2	93	93	0.0033448100439043152	1	1	28	58	7	1	+C
barcode46_consensus_vsearch	2675	G	*/-C	86	74	33.33%	2	2	93	93	7.796800519594898E-28	1	1	28	58	40	34	-C
barcode46_consensus_vsearch	2681	C	*/-GC	189	8	3.6%	2	1	93	93	0.0036332530695703403	1	1	94	95	8	0	-GC
barcode46_consensus_vsearch	2689	T	*/-C	204	10	4.52%	2	1	93	93	8.769963348909129E-4	1	1	91	113	10	0	-C
barcode46_consensus_vsearch	2698	C	*/-TC	207	14	6.33%	2	2	93	93	4.93553660030744E-5	1	1	105	102	2	12	-TC
barcode46_consensus_vsearch	2737	T	*/-GT	203	15	6.76%	2	2	93	93	2.37871086741396E-5	1	1	98	105	7	8	-GT
barcode46_consensus_vsearch	2741	C	*/-A	175	40	18.02%	2	2	93	93	1.229814589843268E-13	1	1	66	109	37	3	-A
barcode46_consensus_vsearch	2744	A	*/-G	205	9	4.05%	2	2	93	93	0.0017924949478988227	1	1	97	108	7	2	-G
barcode46_consensus_vsearch	2746	G	*/+A	201	14	6.33%	2	1	93	93	4.905414704302361E-5	1	1	86	115	14	0	+A
barcode46_consensus_vsearch	2749	A	*/-G	184	32	14.48%	2	2	93	93	6.739572833157732E-11	1	1	102	82	2	30	-G
barcode46_consensus_vsearch	2753	A	*/+T	209	7	3.21%	2	1	93	93	0.007436270701269745	1	1	102	107	0	7	+T
barcode46_consensus_vsearch	2796	C	*/+A	191	8	3.6%	2	1	93	93	0.0036359507017874977	1	1	106	85	0	8	+A
barcode46_consensus_vsearch	2797	G	*/-T	211	8	3.6%	2	1	93	93	0.0036602593149509337	1	1	105	106	0	8	-T
barcode46_consensus_vsearch	2814	T	*/-C	211	10	4.5%	2	1	93	93	8.800549103686053E-4	1	1	97	114	10	0	-C
barcode46_consensus_vsearch	2822	T	*/+C	203	9	4.11%	2	2	93	93	0.0017910143883990014	1	1	94	109	8	1	+C
barcode46_consensus_vsearch	2827	T	*/-C	200	10	4.5%	2	2	93	93	8.751600144021374E-4	1	1	101	99	2	8	-C
barcode46_consensus_vsearch	2855	A	*/-C	197	13	5.88%	2	2	93	93	1.0080182645455998E-4	1	1	93	104	7	6	-C
barcode46_consensus_vsearch	2860	G	*/-C	205	10	4.5%	2	2	93	93	8.774450793915666E-4	1	1	104	101	3	7	-C
barcode46_consensus_vsearch	2865	C	*/-TC	205	9	4.13%	2	2	93	93	0.0017924949478988227	1	1	104	101	3	6	-TC
barcode46_consensus_vsearch	2866	T	*/+C	195	9	4.31%	2	2	93	93	0.0017848089483517727	1	1	93	102	8	1	+C
barcode46_consensus_vsearch	2896	T	*/+C	209	11	4.98%	2	1	93	93	4.2958650804029443E-4	1	1	95	114	11	0	+C
barcode46_consensus_vsearch	2908	G	*/-CG	161	55	25.46%	2	2	93	93	5.357378545708384E-19	1	1	75	86	31	24	-CG
barcode46_consensus_vsearch	2967	T	*/-C	210	8	3.6%	2	1	93	93	0.0036591481612605	1	1	98	112	8	0	-C
barcode46_consensus_vsearch	2970	T	*/-A	210	7	3.17%	2	2	93	93	0.007437988084800957	1	1	104	106	1	6	-A
barcode46_consensus_vsearch	2973	T	*/+C	212	7	3.17%	2	1	93	93	0.00744137624879223	1	1	106	106	0	7	+C
barcode46_consensus_vsearch	2988	C	*/-G	196	19	8.56%	2	2	93	93	1.258627563292186E-6	1	1	96	100	8	11	-G
barcode46_consensus_vsearch	3001	A	*/-C	207	8	3.6%	2	2	93	93	0.003655753662936563	1	1	94	113	7	1	-C
barcode46_consensus_vsearch	3008	G	*/+C	207	7	3.15%	2	2	93	93	0.007432788253078562	1	1	100	107	4	3	+C
barcode46_consensus_vsearch	3008	G	*/-C	207	8	3.6%	2	2	93	93	0.003655753662936563	1	1	100	107	3	5	-C
barcode46_consensus_vsearch	3034	A	*/-G	158	30	13.89%	2	2	93	93	2.6498586870077527E-10	1	1	58	100	17	13	-G
barcode46_consensus_vsearch	3034	A	*/-GG	158	13	6.02%	2	1	93	93	9.633375033265575E-5	1	1	58	100	13	0	-G
barcode46_consensus_vsearch	3034	A	*/-GGG	158	8	3.7%	2	1	93	93	0.0035832986795768713	1	1	58	100	8	0	-G
barcode46_consensus_vsearch	3143	G	*/-A	213	8	3.6%	2	2	93	93	0.0036624519192641563	1	1	99	114	7	1	-A
barcode46_consensus_vsearch	3165	T	*/-C	197	17	7.73%	2	2	93	93	5.481738321341071E-6	1	1	90	107	12	5	-C
barcode46_consensus_vsearch	3193	T	*/+C	179	10	4.5%	2	2	93	93	8.642903755365361E-4	1	1	93	86	3	7	+C
barcode46_consensus_vsearch	3193	T	*/-C	179	31	13.96%	2	2	93	93	1.409491967626089E-10	1	1	93	86	11	20	-C
barcode46_consensus_vsearch	3207	C	*/-A	190	22	9.91%	2	2	93	93	1.342686471864634E-7	1	1	102	88	2	20	-A
barcode46_consensus_vsearch	3207	C	*/-AA	190	8	3.6%	2	2	93	93	0.003634608580377523	1	1	102	88	1	7	-A
barcode46_consensus_vsearch	3212	T	*/-AA	193	18	8.14%	2	1	93	93	2.613000438265718E-6	1	1	107	86	0	18	-AA
barcode46_consensus_vsearch	3226	C	*/-AC	211	10	4.5%	2	1	93	93	8.800549103686053E-4	1	1	96	115	10	0	-AC
barcode46_consensus_vsearch	3236	T	*/+A	212	9	4.07%	2	1	93	93	0.00179747064240055	1	1	97	115	9	0	+A
barcode46_consensus_vsearch	3255	C	*/-T	214	7	3.15%	2	2	93	93	0.007444703667648697	1	1	105	109	1	6	-T
barcode46_consensus_vsearch	3282	T	*/+C	112	76	35.19%	2	2	93	93	9.085194289325191E-28	1	1	50	62	43	33	+C
barcode46_consensus_vsearch	3282	T	*/-C	112	18	8.33%	2	2	93	93	2.028685109070171E-6	1	1	50	62	6	12	+C
barcode46_consensus_vsearch	3289	G	*/-A	215	7	3.15%	2	1	93	93	0.007446345105805389	1	1	100	115	7	0	-A
barcode46_consensus_vsearch	3294	C	*/-A	210	7	3.15%	2	1	93	93	0.007437988084800957	1	1	95	115	7	0	-A
barcode46_consensus_vsearch	3301	T	*/+C	204	7	3.15%	2	1	93	93	0.007427442022474603	1	1	97	107	7	0	+C
barcode46_consensus_vsearch	3301	T	*/-C	204	8	3.6%	2	2	93	93	0.0036522646351654408	1	1	97	107	1	7	-C
barcode46_consensus_vsearch	3315	G	*/+C	186	9	4.07%	2	2	93	93	0.0017772348172719874	1	1	81	105	5	4	+C
barcode46_consensus_vsearch	3315	G	*/-C	186	26	11.76%	2	2	93	93	6.588494101249739E-9	1	1	81	105	20	6	-C
barcode46_consensus_vsearch	3316	C	*/+T	188	7	3.57%	2	1	93	93	0.007396180372504935	1	1	86	102	0	7	+T
barcode46_consensus_vsearch	3330	T	*/-C	192	24	10.81%	2	2	93	93	3.031731300607618E-8	1	1	95	97	10	14	-C
barcode46_consensus_vsearch	3394	C	*/-T	206	13	5.86%	2	2	93	93	1.016217291023551E-4	1	1	105	101	1	12	-T
barcode46_consensus_vsearch	3400	T	*/-C	144	56	25.45%	2	2	93	93	1.5575260509566217E-19	1	1	55	89	45	11	-C
barcode46_consensus_vsearch	3400	T	*/-CC	144	14	6.36%	2	2	93	93	4.517413133594938E-5	1	1	55	89	2	12	-C
barcode46_consensus_vsearch	3406	A	*/-C	200	9	4.09%	2	2	93	93	0.0017887416879729845	1	1	95	105	6	3	-C
barcode46_consensus_vsearch	3432	A	*/-C	202	9	4.07%	2	1	93	93	0.0017902638323438202	1	1	105	97	0	9	-C
barcode46_consensus_vsearch	3435	C	*/-T	204	11	4.95%	2	2	93	93	4.2827676494109035E-4	1	1	105	99	2	9	-T
barcode46_consensus_vsearch	3469	A	*/-G	198	13	5.94%	2	1	93	93	1.0089614904466718E-4	1	1	84	114	13	0	-G
barcode46_consensus_vsearch	3477	A	*/-G	203	7	3.17%	2	2	93	93	0.007425626339083171	1	1	95	108	2	5	-G
barcode46_consensus_vsearch	3479	G	*/-A	215	7	3.15%	2	1	93	93	0.007446345105805389	1	1	100	115	7	0	-A
barcode46_consensus_vsearch	3485	A	*/+C	181	7	3.17%	2	2	93	93	0.007380848803681321	1	1	86	95	4	3	+C
barcode46_consensus_vsearch	3485	A	*/-C	181	24	10.86%	2	2	93	93	2.9171533499124912E-8	1	1	86	95	9	15	-C
barcode46_consensus_vsearch	3513	C	*/+G	180	8	3.62%	2	2	93	93	0.00362041635085765	1	1	79	101	1	7	+G
barcode46_consensus_vsearch	3513	C	*/-G	180	27	12.22%	2	2	93	93	3.009517928593267E-9	1	1	79	101	26	1	-G
barcode46_consensus_vsearch	3514	G	*/-A	182	7	3.61%	2	1	93	93	0.007383107786177688	1	1	69	113	7	0	-A
barcode46_consensus_vsearch	3518	A	*/+C	190	9	4.05%	2	2	93	93	0.0017806835488244307	1	1	79	111	7	2	+C
barcode46_consensus_vsearch	3518	A	*/-C	190	9	4.05%	2	1	93	93	0.0017806835488244307	1	1	79	111	9	0	+C
barcode46_consensus_vsearch	3552	C	*/-A	212	7	3.15%	2	1	93	93	0.00744137624879223	1	1	98	114	7	0	-A
barcode46_consensus_vsearch	3564	A	*/-C	209	11	4.98%	2	2	93	93	4.2958650804029443E-4	1	1	95	114	10	1	-C
barcode46_consensus_vsearch	3627	G	*/-CG	199	23	10.36%	2	2	93	93	6.53893261033232E-8	1	1	103	96	4	19	-CG
barcode46_consensus_vsearch	3655	A	*/-C	204	7	3.15%	2	2	93	93	0.007427442022474603	1	1	93	111	5	2	-C
barcode46_consensus_vsearch	3659	C	*/-G	210	8	3.6%	2	1	93	93	0.0036591481612605	1	1	98	112	8	0	-G
barcode46_consensus_vsearch	3661	A	*/-G	165	48	21.62%	2	2	93	93	1.790054060809327E-16	1	1	59	106	42	6	-G
barcode46_consensus_vsearch	3674	T	*/+A	198	12	5.45%	2	1	93	93	2.077128545125299E-4	1	1	93	105	12	0	+A
barcode46_consensus_vsearch	3674	T	*/-A	198	7	3.18%	2	2	93	93	0.007416284922397948	1	1	93	105	1	6	+A
barcode46_consensus_vsearch	3676	A	*/-G	182	26	11.82%	2	2	93	93	6.479101948423553E-9	1	1	83	99	17	9	-G
barcode46_consensus_vsearch	3680	G	*/-T	211	9	4.05%	2	1	93	93	0.0017967787753331713	1	1	107	104	0	9	-T
barcode46_consensus_vsearch	3682	C	*/-T	212	8	3.62%	2	1	93	93	0.003661360523321731	1	1	106	106	0	8	-T
barcode46_consensus_vsearch	3703	C	*/-T	194	12	5.45%	2	2	93	93	2.070433166935576E-4	1	1	97	97	4	8	-T
barcode46_consensus_vsearch	3709	G	*/-C	201	12	5.45%	2	1	93	93	2.081993933684706E-4	1	1	89	112	12	0	-C
barcode46_consensus_vsearch	3734	C	*/-TC	212	9	4.05%	2	1	93	93	0.00179747064240055	1	1	107	105	0	9	-TC
barcode46_consensus_vsearch	3763	C	*/+A	211	7	3.15%	2	2	93	93	0.007439689863414905	1	1	103	108	1	6	+A
barcode46_consensus_vsearch	3768	A	*/+T	210	8	3.62%	2	1	93	93	0.0036591481612605	1	1	105	105	0	8	+T
barcode46_consensus_vsearch	3769	C	*/-T	208	8	3.64%	2	1	93	93	0.0036568954742723925	1	1	106	102	0	8	-T
barcode46_consensus_vsearch	3771	C	*/+T	206	10	4.5%	2	1	93	93	8.778898007284436E-4	1	1	107	99	0	10	+T
barcode46_consensus_vsearch	3822	G	*/-C	207	7	3.15%	2	2	93	93	0.007432788253078562	1	1	101	106	3	4	-C
barcode46_consensus_vsearch	3826	T	*/-C	193	24	10.86%	2	1	93	93	3.041744078539526E-8	1	1	80	113	24	0	-C
barcode46_consensus_vsearch	3853	G	*/-T	148	40	18.02%	2	2	93	93	8.908252258110992E-14	1	1	47	101	32	8	-T
barcode46_consensus_vsearch	3853	G	*/-TT	148	23	10.36%	2	1	93	93	5.3966573948801556E-8	1	1	47	101	23	0	-T
barcode46_consensus_vsearch	3935	G	*/+A	210	7	3.21%	2	1	93	93	0.007437988084800957	1	1	100	110	7	0	+A
barcode46_consensus_vsearch	3939	A	*/-T	211	8	3.6%	2	2	93	93	0.0036602593149509337	1	1	100	111	6	2	-T
barcode46_consensus_vsearch	3946	C	*/-GC	206	7	3.15%	2	2	93	93	0.007431022745174962	1	1	98	108	6	1	-GC
barcode46_consensus_vsearch	3960	C	*/+T	197	7	3.18%	2	1	93	93	0.007414362253072604	1	1	99	98	0	7	+T
barcode46_consensus_vsearch	3960	C	*/-T	197	9	4.09%	2	2	93	93	0.0017864043973660122	1	1	99	98	3	6	-T
barcode46_consensus_vsearch	3962	T	*/-G	201	13	5.94%	2	1	93	93	1.0117417827629507E-4	1	1	101	100	0	13	-G
barcode46_consensus_vsearch	3988	C	*/-T	202	15	6.76%	2	1	93	93	2.375885795125084E-5	1	1	104	98	0	15	-T
barcode46_consensus_vsearch	3993	T	*/-C	201	14	6.39%	2	2	93	93	4.905414704302361E-5	1	1	92	109	13	1	-C
barcode46_consensus_vsearch	3995	C	*/-G	196	25	11.26%	2	2	93	93	1.4521229368552077E-8	1	1	104	92	3	22	-G
barcode46_consensus_vsearch	4005	C	*/-T	214	8	3.6%	2	1	93	93	0.003663533633296164	1	1	107	107	0	8	-T
barcode46_consensus_vsearch	4007	C	*/+T	208	9	4.11%	2	1	93	93	0.0017946657928001688	1	1	107	101	0	9	+T
barcode46_consensus_vsearch	4012	T	*/-C	205	9	4.07%	2	2	93	93	0.0017924949478988227	1	1	100	105	3	6	-C
barcode46_consensus_vsearch	4020	A	*/-C	207	12	5.43%	2	2	93	93	2.091345729349345E-4	1	1	96	111	11	1	-C
barcode46_consensus_vsearch	4040	T	*/-C	209	12	5.41%	2	1	93	93	2.0943559915765036E-4	1	1	94	115	12	0	-C
barcode46_consensus_vsearch	4075	C	*/-T	209	7	3.21%	2	2	93	93	0.007436270701269745	1	1	102	107	4	3	-T
barcode46_consensus_vsearch	4078	G	*/-A	208	9	4.15%	2	2	93	93	0.0017946657928001688	1	1	104	104	2	7	-A
barcode46_consensus_vsearch	4109	T	*/-C	211	9	4.05%	2	1	93	93	0.0017967787753331713	1	1	97	114	9	0	-C
barcode46_consensus_vsearch	4111	C	*/+G	209	11	4.95%	2	2	93	93	4.2958650804029443E-4	1	1	105	104	1	10	+G
barcode46_consensus_vsearch	4114	A	*/-G	203	11	5%	2	2	93	93	4.280077806644155E-4	1	1	96	107	7	4	-G
barcode46_consensus_vsearch	4115	G	*/+A	193	11	5.29%	2	1	93	93	4.251792957023273E-4	1	1	85	108	11	0	+A
barcode46_consensus_vsearch	4130	A	*/+C	201	15	6.79%	2	2	93	93	2.373037043728608E-5	1	1	104	97	1	14	+C
barcode46_consensus_vsearch	4132	C	*/-T	202	10	4.5%	2	1	93	93	8.760865562530377E-4	1	1	106	96	0	10	-T
barcode46_consensus_vsearch	4134	C	*/+A	165	15	7.04%	2	1	93	93	2.2517818669553618E-5	1	1	106	59	0	15	+A
barcode46_consensus_vsearch	4145	C	*/-G	213	8	3.6%	2	1	93	93	0.0036624519192641563	1	1	107	106	0	8	-G
barcode46_consensus_vsearch	4156	T	*/-G	202	16	7.21%	2	1	93	93	1.1469793493705302E-5	1	1	106	96	0	16	-G
barcode46_consensus_vsearch	4178	T	*/-CT	212	8	3.6%	2	1	93	93	0.003661360523321731	1	1	106	106	0	8	-CT
barcode46_consensus_vsearch	4179	C	*/-T	204	7	3.29%	2	1	93	93	0.007427442022474603	1	1	107	97	0	7	-T
barcode46_consensus_vsearch	4223	C	*/-G	212	8	3.6%	2	2	93	93	0.003661360523321731	1	1	105	107	2	6	-G
barcode46_consensus_vsearch	4244	A	*/+C	204	8	3.64%	2	2	93	93	0.0036522646351654408	1	1	97	107	4	4	+C
barcode46_consensus_vsearch	4244	A	*/-C	204	7	3.18%	2	2	93	93	0.007427442022474603	1	1	97	107	4	3	+C
barcode46_consensus_vsearch	4291	G	*/+T	196	8	3.6%	2	2	93	93	0.0036424672415343016	1	1	95	101	7	1	+T
barcode46_consensus_vsearch	4291	G	*/-T	196	12	5.41%	2	2	93	93	2.0738112718811548E-4	1	1	95	101	3	9	-T
barcode46_consensus_vsearch	4309	C	*/-TC	203	13	5.99%	2	2	93	93	1.0135552209744578E-4	1	1	103	100	3	10	-TC
barcode46_consensus_vsearch	4328	C	*/-T	198	16	7.34%	2	2	93	93	1.1406445395916652E-5	1	1	106	92	1	15	-T
