Chrom	Position	Ref	Cons	Reads1	Reads2	VarFreq	Strands1	Strands2	Qual1	Qual2	Pvalue	MapQual1	MapQual2	Reads1Plus	Reads1Minus	Reads2Plus	Reads2Minus	VarAllele
barcode77_consensus_vsearch	26	T	*/-C	142	53	26.11%	2	2	93	93	1.8407095684146932E-18	1	1	87	55	9	44	-C
barcode77_consensus_vsearch	76	G	*/-C	191	7	3.47%	2	1	93	93	0.007402422710817429	1	1	90	101	7	0	-C
barcode77_consensus_vsearch	88	C	*/-A	185	12	5.94%	2	2	93	93	2.0544322354252122E-4	1	1	85	100	11	1	-A
barcode77_consensus_vsearch	90	A	*/-G	182	15	7.5%	2	2	93	93	2.3139849326863054E-5	1	1	87	95	11	4	-G
barcode77_consensus_vsearch	95	G	*/-C	186	9	4.46%	2	2	93	93	0.0017772348172719874	1	1	87	99	7	2	-C
barcode77_consensus_vsearch	101	A	*/-C	187	7	3.47%	2	2	93	93	0.007394057154213738	1	1	95	92	3	4	-C
barcode77_consensus_vsearch	112	G	*/+A	170	16	7.96%	2	1	93	93	1.0896530340644042E-5	1	1	70	100	16	0	+A
barcode77_consensus_vsearch	112	G	*/-A	170	10	4.98%	2	2	93	93	8.588852401034393E-4	1	1	70	100	9	1	+A
barcode77_consensus_vsearch	114	A	*/+G	187	11	5.53%	2	1	93	93	4.2335130867721316E-4	1	1	85	102	11	0	+G
barcode77_consensus_vsearch	115	A	*/-G	181	17	8.46%	2	2	93	93	5.330952629733014E-6	1	1	81	100	16	1	-G
barcode77_consensus_vsearch	140	C	*/-T	189	9	4.43%	2	1	93	93	0.00177983409863699	1	1	100	89	0	9	-T
barcode77_consensus_vsearch	152	A	*/-G	178	17	8.54%	2	2	93	93	5.300321947348008E-6	1	1	78	100	16	1	-G
barcode77_consensus_vsearch	159	T	*/+C	139	11	5.56%	2	2	93	93	4.037790531875724E-4	1	1	71	68	7	4	+C
barcode77_consensus_vsearch	159	T	*/-C	139	47	23.74%	2	2	93	93	2.537094427466475E-16	1	1	71	68	19	28	-C
barcode77_consensus_vsearch	173	C	*/-GC	192	7	3.45%	2	1	93	93	0.007404462106241813	1	1	91	101	7	0	-GC
barcode77_consensus_vsearch	181	A	*/+C	189	7	3.45%	2	2	93	93	0.007398282157210082	1	1	89	100	5	2	+C
barcode77_consensus_vsearch	197	C	*/-T	179	16	7.88%	2	2	93	93	1.1074415688876696E-5	1	1	96	83	3	13	-T
barcode77_consensus_vsearch	201	T	*/+C	186	7	3.45%	2	2	93	93	0.007391912172859777	1	1	91	95	3	4	+C
barcode77_consensus_vsearch	201	T	*/-C	186	7	3.45%	2	2	93	93	0.007391912172859777	1	1	91	95	4	3	+C
barcode77_consensus_vsearch	231	T	*/+C	145	8	3.98%	2	2	93	93	0.003556460912469871	1	1	84	61	1	7	+C
barcode77_consensus_vsearch	231	T	*/-C	145	38	18.91%	2	2	93	93	4.2602013961544284E-13	1	1	84	61	9	29	-C
barcode77_consensus_vsearch	273	T	*/-G	173	27	13.43%	2	2	93	93	2.908812308280772E-9	1	1	97	76	1	26	-G
barcode77_consensus_vsearch	309	G	*/-A	186	10	4.95%	2	2	93	93	8.681632994859981E-4	1	1	95	91	2	8	-A
barcode77_consensus_vsearch	365	C	*/+A	157	8	3.94%	2	2	93	93	0.0035813812319797343	1	1	75	82	5	3	+A
barcode77_consensus_vsearch	365	C	*/-A	157	37	18.23%	2	2	93	93	1.0902676584331924E-12	1	1	75	82	20	17	-A
barcode77_consensus_vsearch	376	C	*/-GC	187	7	3.48%	2	2	93	93	0.007394057154213738	1	1	91	96	3	4	-GC
barcode77_consensus_vsearch	394	A	*/-C	179	15	7.39%	2	2	93	93	2.3037153491826006E-5	1	1	84	95	12	3	-C
barcode77_consensus_vsearch	441	G	*/+A	146	10	5%	2	2	93	93	8.415575775273865E-4	1	1	55	91	4	6	+A
barcode77_consensus_vsearch	441	G	*/-A	146	36	18%	2	2	93	93	2.130100698077553E-12	1	1	55	91	31	5	-A
barcode77_consensus_vsearch	451	C	*/+T	189	9	4.5%	2	1	93	93	0.00177983409863699	1	1	101	88	0	9	+T
barcode77_consensus_vsearch	456	C	*/-T	178	22	10.89%	2	2	93	93	1.294631979695753E-7	1	1	99	79	1	21	-T
barcode77_consensus_vsearch	458	T	*/-G	187	10	4.98%	2	2	93	93	8.686948931293806E-4	1	1	97	90	2	8	-G
barcode77_consensus_vsearch	464	T	*/-C	178	13	6.63%	2	2	93	93	9.88359399902161E-5	1	1	89	89	8	5	-C
barcode77_consensus_vsearch	470	C	*/-A	178	10	4.95%	2	2	93	93	8.637144208672183E-4	1	1	88	90	8	2	-A
barcode77_consensus_vsearch	475	T	*/-C	191	7	3.5%	2	2	93	93	0.007402422710817429	1	1	99	92	2	5	-C
barcode77_consensus_vsearch	484	T	*/+C	185	8	4.06%	2	1	93	93	0.003627693045256358	1	1	92	93	8	0	+C
barcode77_consensus_vsearch	538	T	*/-C	155	37	18.23%	2	2	93	93	1.0666188002893842E-12	1	1	91	64	7	30	-C
barcode77_consensus_vsearch	541	C	*/-T	172	9	4.48%	2	1	93	93	0.0017639971126793845	1	1	101	71	0	9	-T
barcode77_consensus_vsearch	541	C	*/-TT	172	8	3.98%	2	1	93	93	0.0036079487687097848	1	1	101	71	0	8	-T
barcode77_consensus_vsearch	547	A	*/+G	135	15	7.5%	2	2	93	93	2.1123159925517684E-5	1	1	65	70	4	11	+G
barcode77_consensus_vsearch	547	A	*/-G	135	45	22.5%	2	2	93	93	1.2199360780256397E-15	1	1	65	70	26	19	-G
barcode77_consensus_vsearch	549	G	*/+A	184	9	4.5%	2	1	93	93	0.0017754582364345615	1	1	88	96	9	0	+A
barcode77_consensus_vsearch	550	G	*/-C	180	17	8.42%	2	1	93	93	5.3208311801134965E-6	1	1	97	83	0	17	-C
barcode77_consensus_vsearch	551	C	*/-G	141	25	13.51%	2	2	93	93	1.1222770110531301E-8	1	1	99	42	1	24	-G
barcode77_consensus_vsearch	552	G	*/-CG	160	7	3.98%	2	2	93	93	0.007327239497639241	1	1	96	64	1	6	-CG
barcode77_consensus_vsearch	553	C	*/+A	141	13	6.74%	2	1	93	93	9.374327469996209E-5	1	1	96	45	0	13	+A
barcode77_consensus_vsearch	571	T	*/-A	176	17	8.37%	2	2	93	93	5.279449875098099E-6	1	1	86	90	7	10	-A
barcode77_consensus_vsearch	595	A	*/-G	173	19	9.41%	2	1	93	93	1.1944226389711712E-6	1	1	95	78	0	19	-G
barcode77_consensus_vsearch	636	C	*/-T	191	9	4.43%	2	2	93	93	0.0017815247172920585	1	1	99	92	1	8	-T
barcode77_consensus_vsearch	639	T	*/+C	156	8	3.94%	2	2	93	93	0.0035794408926960136	1	1	80	76	4	4	+C
barcode77_consensus_vsearch	639	T	*/-C	156	36	17.73%	2	2	93	93	2.3793804006439792E-12	1	1	80	76	15	21	-C
barcode77_consensus_vsearch	647	T	*/+C	193	10	4.93%	2	2	93	93	8.717782032788638E-4	1	1	94	99	7	3	+C
barcode77_consensus_vsearch	700	T	*/-A	191	7	3.47%	2	2	93	93	0.007402422710817429	1	1	93	98	6	1	-A
barcode77_consensus_vsearch	710	T	*/-C	193	8	3.94%	2	1	93	93	0.003638595561901328	1	1	101	92	0	8	-C
barcode77_consensus_vsearch	716	T	*/-G	174	12	5.97%	2	2	93	93	2.0329023403729924E-4	1	1	92	82	2	10	-G
barcode77_consensus_vsearch	723	A	*/-C	128	63	31.98%	2	2	93	93	2.3079218629563305E-22	1	1	46	82	46	17	-C
barcode77_consensus_vsearch	753	C	*/+T	176	18	8.91%	2	2	93	93	2.523768028146743E-6	1	1	96	80	1	17	+T
barcode77_consensus_vsearch	754	C	*/-T	181	16	7.88%	2	2	93	93	1.1112012077803707E-5	1	1	98	83	1	15	-T
barcode77_consensus_vsearch	756	G	*/-C	170	12	6.15%	2	2	93	93	2.024468861085566E-4	1	1	75	95	11	1	-C
barcode77_consensus_vsearch	776	A	*/-T	177	14	6.9%	2	1	93	93	4.76769575020497E-5	1	1	94	83	0	14	-T
barcode77_consensus_vsearch	781	G	*/+C	179	10	4.98%	2	2	93	93	8.642903755365361E-4	1	1	91	88	1	9	+C
barcode77_consensus_vsearch	781	G	*/-C	179	9	4.48%	2	2	93	93	0.0017708558237889195	1	1	91	88	7	2	+C
barcode77_consensus_vsearch	788	C	-GG/-GG	29	172	84.73%	2	2	93	93	1.347547011654021E-83	1	1	21	8	80	92	-GG
barcode77_consensus_vsearch	790	G	*/+A	16	12	38.71%	2	2	93	93	5.448184894190479E-5	1	1	9	7	11	1	+A
barcode77_consensus_vsearch	792	G	*/-A	189	12	5.91%	2	2	93	93	2.0617105570630654E-4	1	1	93	96	7	5	-A
barcode77_consensus_vsearch	793	A	*/-G	143	41	21.69%	2	2	93	93	3.694798180357033E-14	1	1	53	90	36	5	-G
barcode77_consensus_vsearch	825	A	*/-T	174	21	10.34%	2	1	93	93	2.700342363196343E-7	1	1	72	102	21	0	-T
barcode77_consensus_vsearch	864	C	*/-AC	179	18	8.91%	2	2	93	93	2.540449900319391E-6	1	1	80	99	17	1	-AC
barcode77_consensus_vsearch	884	C	*/-T	192	8	3.98%	2	2	93	93	0.0036372796311357324	1	1	97	95	2	6	-T
barcode77_consensus_vsearch	924	C	*/+T	161	7	3.45%	2	2	93	93	0.007330092413737525	1	1	97	64	2	5	+T
barcode77_consensus_vsearch	924	C	*/-T	161	30	14.78%	2	2	93	93	2.707298723056385E-10	1	1	97	64	2	28	-T
barcode77_consensus_vsearch	946	T	*/-GT	189	13	6.4%	2	2	93	93	1.000159835994925E-4	1	1	98	91	2	11	-GT
barcode77_consensus_vsearch	950	C	*/-T	190	9	4.46%	2	2	93	93	0.0017806835488244307	1	1	99	91	1	8	-T
barcode77_consensus_vsearch	963	A	*/+C	171	9	4.43%	2	2	93	93	0.0017629749665283802	1	1	92	79	1	8	+C
barcode77_consensus_vsearch	963	A	*/-C	171	16	7.88%	2	2	93	93	1.091703084456102E-5	1	1	92	79	3	13	-C
barcode77_consensus_vsearch	980	T	*/+C	176	7	3.45%	2	1	93	93	0.007369187819667051	1	1	78	98	7	0	+C
barcode77_consensus_vsearch	980	T	*/-C	176	13	6.4%	2	2	93	93	9.860774066125673E-5	1	1	78	98	10	3	-C
barcode77_consensus_vsearch	1004	C	*/+A	171	8	3.94%	2	2	93	93	0.003606313464294743	1	1	82	89	3	5	+A
barcode77_consensus_vsearch	1004	C	*/-A	171	22	10.84%	2	2	93	93	1.264587797375907E-7	1	1	82	89	15	7	-A
barcode77_consensus_vsearch	1058	C	*/-A	160	32	15.76%	2	2	93	93	5.690275383968582E-11	1	1	66	94	30	2	-A
barcode77_consensus_vsearch	1068	C	*/-T	186	9	4.52%	2	1	93	93	0.0017772348172719874	1	1	100	86	0	9	-T
barcode77_consensus_vsearch	1074	T	*/-A	191	8	3.94%	2	1	93	93	0.0036359507017874977	1	1	90	101	8	0	-A
barcode77_consensus_vsearch	1092	A	*/-G	194	7	3.45%	2	1	93	93	0.007408480654387502	1	1	101	93	0	7	-G
barcode77_consensus_vsearch	1109	A	*/-C	169	22	10.95%	2	2	93	93	1.2557110970082977E-7	1	1	88	81	6	16	-C
barcode77_consensus_vsearch	1170	A	*/-G	135	47	23.98%	2	2	93	93	2.331361400607692E-16	1	1	38	97	44	3	-G
barcode77_consensus_vsearch	1170	A	*/-GGGA	135	7	3.57%	2	1	93	93	0.007243052290679531	1	1	38	97	7	0	-G
barcode77_consensus_vsearch	1219	G	*/-C	188	8	3.94%	2	2	93	93	0.0036318839680821967	1	1	92	96	4	4	-C
barcode77_consensus_vsearch	1279	G	*/-A	193	7	3.47%	2	1	93	93	0.007406481321433913	1	1	92	101	7	0	-A
barcode77_consensus_vsearch	1284	T	*/-C	182	7	3.45%	2	2	93	93	0.007383107786177688	1	1	99	83	1	6	-C
barcode77_consensus_vsearch	1284	T	*/-CCT	182	8	3.94%	2	1	93	93	0.003623372158916335	1	1	99	83	0	8	-CCT
barcode77_consensus_vsearch	1296	A	*/+C	172	9	4.48%	2	2	93	93	0.0017639971126793845	1	1	78	94	6	3	+C
barcode77_consensus_vsearch	1296	A	*/-C	172	11	5.47%	2	1	93	93	4.1828279774789115E-4	1	1	78	94	11	0	-C
barcode77_consensus_vsearch	1321	C	*/-T	179	15	7.43%	2	2	93	93	2.3037153491826006E-5	1	1	96	83	1	14	-T
barcode77_consensus_vsearch	1324	T	*/+C	196	7	3.45%	2	1	93	93	0.007412420836520295	1	1	94	102	7	0	+C
barcode77_consensus_vsearch	1342	G	*/-C	186	10	4.93%	2	1	93	93	8.681632994859981E-4	1	1	97	89	0	10	-C
barcode77_consensus_vsearch	1343	C	*/+T	181	7	3.63%	2	1	93	93	0.007380848803681321	1	1	100	81	0	7	+T
barcode77_consensus_vsearch	1348	A	*/-C	182	7	3.45%	2	2	93	93	0.007383107786177688	1	1	89	93	4	3	-C
barcode77_consensus_vsearch	1349	C	*/-T	179	14	7.18%	2	2	93	93	4.780363754070553E-5	1	1	93	86	2	12	-T
barcode77_consensus_vsearch	1367	C	*/+T	192	8	3.96%	2	1	93	93	0.0036372796311357324	1	1	100	92	0	8	+T
barcode77_consensus_vsearch	1371	A	*/-G	177	14	6.97%	2	1	93	93	4.76769575020497E-5	1	1	96	81	0	14	-G
barcode77_consensus_vsearch	1396	C	*/-G	189	10	4.93%	2	2	93	93	8.697426073947409E-4	1	1	97	92	3	7	-G
barcode77_consensus_vsearch	1399	G	*/+T	185	8	3.94%	2	1	93	93	0.003627693045256358	1	1	86	99	8	0	+T
barcode77_consensus_vsearch	1401	T	*/-C	189	10	4.93%	2	1	93	93	8.697426073947409E-4	1	1	90	99	10	0	-C
barcode77_consensus_vsearch	1430	T	*/+C	189	8	4.02%	2	1	93	93	0.0036332530695703403	1	1	92	97	8	0	+C
barcode77_consensus_vsearch	1441	A	*/-C	188	7	3.47%	2	2	93	93	0.007396180372504935	1	1	91	97	4	3	-C
barcode77_consensus_vsearch	1468	T	*/-C	189	12	5.97%	2	1	93	93	2.0617105570630654E-4	1	1	100	89	0	12	-C
barcode77_consensus_vsearch	1517	T	*/-C	183	19	9.41%	2	1	93	93	1.223804948400246E-6	1	1	81	102	19	0	-C
barcode77_consensus_vsearch	1541	T	*/-C	168	33	16.26%	2	1	93	93	2.7836857867106336E-11	1	1	67	101	33	0	-C
barcode77_consensus_vsearch	1563	T	*/-C	150	37	18.32%	2	2	93	93	1.0074097352297258E-12	1	1	89	61	5	32	-C
barcode77_consensus_vsearch	1570	T	*/-AT	180	23	11.33%	2	2	93	93	6.160788287694892E-8	1	1	80	100	21	2	-AT
barcode77_consensus_vsearch	1605	C	*/-T	179	17	8.37%	2	1	93	93	5.310621334180349E-6	1	1	99	80	0	17	-T
barcode77_consensus_vsearch	1644	G	*/+A	181	11	5.42%	2	2	93	93	4.214144486820526E-4	1	1	96	85	2	9	+A
barcode77_consensus_vsearch	1644	G	*/-A	181	8	3.94%	2	2	93	93	0.0036219019328410066	1	1	96	85	2	6	+A
barcode77_consensus_vsearch	1659	C	*/+A	168	11	5.47%	2	2	93	93	4.167949943022952E-4	1	1	86	82	9	2	+A
barcode77_consensus_vsearch	1659	C	*/-A	168	21	10.45%	2	2	93	93	2.649235938143043E-7	1	1	86	82	3	18	-A
barcode77_consensus_vsearch	1667	C	*/-G	184	15	7.39%	2	1	93	93	2.3206771680154826E-5	1	1	99	85	0	15	-G
barcode77_consensus_vsearch	1691	T	*/-G	190	7	3.52%	2	2	93	93	0.007400362831181816	1	1	96	94	2	5	-G
barcode77_consensus_vsearch	1705	T	*/+C	167	11	5.42%	2	2	93	93	4.1641312952097215E-4	1	1	87	80	7	4	+C
barcode77_consensus_vsearch	1705	T	*/-C	167	21	10.34%	2	2	93	93	2.6404810275723606E-7	1	1	87	80	4	17	-C
barcode77_consensus_vsearch	1708	C	*/-T	189	7	3.45%	2	1	93	93	0.007398282157210082	1	1	99	90	0	7	-T
barcode77_consensus_vsearch	1711	T	*/+C	194	7	3.45%	2	1	93	93	0.007408480654387502	1	1	94	100	7	0	+C
barcode77_consensus_vsearch	1738	T	*/-CT	170	15	7.54%	2	1	93	93	2.2711307620123368E-5	1	1	100	70	0	15	-CT
barcode77_consensus_vsearch	1738	T	*/-CTT	170	8	4.02%	2	1	93	93	0.003604660140070728	1	1	100	70	0	8	-CT
barcode77_consensus_vsearch	1739	C	*/-T	152	21	11.93%	2	1	93	93	2.500318617519988E-7	1	1	101	51	0	21	-T
barcode77_consensus_vsearch	1744	C	*/-A	188	8	3.94%	2	2	93	93	0.0036318839680821967	1	1	88	100	7	1	-A
barcode77_consensus_vsearch	1751	C	*/-T	188	10	4.93%	2	2	93	93	8.692213039856426E-4	1	1	90	98	7	3	-T
barcode77_consensus_vsearch	1759	C	*/-T	191	10	4.93%	2	1	93	93	8.707701860076834E-4	1	1	101	90	0	10	-T
barcode77_consensus_vsearch	1815	G	*/-A	186	11	5.58%	2	1	93	93	4.2303631514374124E-4	1	1	84	102	11	0	-A
barcode77_consensus_vsearch	1824	C	*/-TC	194	8	3.94%	2	1	93	93	0.003639898683792886	1	1	101	93	0	8	-TC
barcode77_consensus_vsearch	1825	T	*/-C	180	11	5.67%	2	2	93	93	4.2108036879098717E-4	1	1	90	90	9	2	-C
barcode77_consensus_vsearch	1866	A	*/+G	167	13	6.47%	2	2	93	93	9.752306273366467E-5	1	1	75	92	10	3	+G
barcode77_consensus_vsearch	1866	A	*/-G	167	16	7.96%	2	2	93	93	1.0833863733569022E-5	1	1	75	92	13	3	-G
barcode77_consensus_vsearch	1871	C	*/-T	188	7	3.45%	2	2	93	93	0.007396180372504935	1	1	97	91	1	6	-T
barcode77_consensus_vsearch	1876	C	*/-AC	175	26	12.81%	2	1	93	93	6.281230759920335E-9	1	1	74	101	26	0	-AC
barcode77_consensus_vsearch	1901	C	*/-G	184	7	3.52%	2	2	93	93	0.007387555568979833	1	1	90	94	2	5	-G
barcode77_consensus_vsearch	1910	C	*/+A	187	7	3.57%	2	1	93	93	0.007394057154213738	1	1	100	87	0	7	+A
barcode77_consensus_vsearch	1911	A	*/-C	184	16	7.88%	2	2	93	93	1.1167168327289302E-5	1	1	100	84	1	15	-C
barcode77_consensus_vsearch	1930	T	*/-C	190	12	5.91%	2	1	93	93	2.0634876616312749E-4	1	1	89	101	12	0	-C
barcode77_consensus_vsearch	1934	A	*/-G	193	8	3.96%	2	2	93	93	0.003638595561901328	1	1	94	99	6	2	-G
barcode77_consensus_vsearch	1941	T	*/-G	181	18	9%	2	1	93	93	2.5513375306020147E-6	1	1	98	83	0	18	-G
barcode77_consensus_vsearch	1952	C	*/+A	176	10	4.93%	2	1	93	93	8.625446222228462E-4	1	1	82	94	10	0	+A
barcode77_consensus_vsearch	1952	C	*/-A	176	7	3.45%	2	2	93	93	0.007369187819667051	1	1	82	94	6	1	+A
barcode77_consensus_vsearch	1956	G	*/-C	179	9	4.5%	2	1	93	93	0.0017708558237889195	1	1	78	101	9	0	-C
barcode77_consensus_vsearch	1958	C	*/-AA	180	7	3.48%	2	2	93	93	0.007378565932456183	1	1	94	86	1	6	-AA
barcode77_consensus_vsearch	1964	G	*/+C	190	8	3.96%	2	1	93	93	0.003634608580377523	1	1	99	91	0	8	+C
barcode77_consensus_vsearch	1972	C	*/-A	193	8	3.94%	2	2	93	93	0.003638595561901328	1	1	99	94	1	7	-A
barcode77_consensus_vsearch	1984	C	*/-G	190	8	4%	2	1	93	93	0.003634608580377523	1	1	100	90	0	8	-G
barcode77_consensus_vsearch	1992	G	*/-A	189	7	3.45%	2	1	93	93	0.007398282157210082	1	1	89	100	7	0	-A
barcode77_consensus_vsearch	2042	T	*/-A	191	7	3.45%	2	2	93	93	0.007402422710817429	1	1	92	99	5	2	-A
barcode77_consensus_vsearch	2050	T	*/-C	187	10	5%	2	2	93	93	8.686948931293806E-4	1	1	90	97	9	1	-C
barcode77_consensus_vsearch	2059	G	*/+T	184	12	5.94%	2	1	93	93	2.052568958466569E-4	1	1	86	98	12	0	+T
barcode77_consensus_vsearch	2063	C	*/+T	178	12	6.03%	2	2	93	93	2.0410023380081397E-4	1	1	98	80	1	11	+T
barcode77_consensus_vsearch	2121	T	*/+C	193	8	3.94%	2	1	93	93	0.003638595561901328	1	1	92	101	8	0	+C
barcode77_consensus_vsearch	2158	C	*/+T	150	14	6.97%	2	2	93	93	4.569613815038095E-5	1	1	95	55	3	11	+T
barcode77_consensus_vsearch	2158	C	*/-T	150	30	14.93%	2	2	93	93	2.4930283269386194E-10	1	1	95	55	2	28	-T
barcode77_consensus_vsearch	2158	C	*/-TT	150	7	3.48%	2	2	93	93	0.007296738417420601	1	1	95	55	1	6	-T
barcode77_consensus_vsearch	2177	C	*/+A	151	8	3.98%	2	2	93	93	0.003569381041008898	1	1	87	64	2	6	+A
barcode77_consensus_vsearch	2177	C	*/-A	151	31	15.42%	2	2	93	93	1.1526216123615922E-10	1	1	87	64	8	23	-A
barcode77_consensus_vsearch	2184	G	*/-TG	187	12	5.91%	2	2	93	93	2.0581058583041666E-4	1	1	100	87	1	11	-TG
barcode77_consensus_vsearch	2238	T	*/-G	189	14	6.9%	2	1	93	93	4.840279700124344E-5	1	1	101	88	0	14	-G
barcode77_consensus_vsearch	2242	C	*/-A	181	14	6.9%	2	1	93	93	4.792795003475224E-5	1	1	98	83	0	14	-A
barcode77_consensus_vsearch	2254	C	*/+A	131	20	9.85%	2	2	93	93	4.864933401054036E-7	1	1	85	46	1	19	+A
barcode77_consensus_vsearch	2254	C	*/-A	131	38	18.72%	2	2	93	93	3.4850297997346416E-13	1	1	85	46	5	33	-A
barcode77_consensus_vsearch	2263	C	*/+T	185	7	3.63%	2	1	93	93	0.007389745092191117	1	1	90	95	0	7	+T
barcode77_consensus_vsearch	2284	A	*/-G	186	12	5.97%	2	2	93	93	2.056277785002741E-4	1	1	86	100	10	2	-G
barcode77_consensus_vsearch	2301	C	*/-G	192	7	3.52%	2	2	93	93	0.007404462106241813	1	1	98	94	3	4	-G
barcode77_consensus_vsearch	2318	T	*/-G	176	24	11.82%	2	1	93	93	2.8622426530999085E-8	1	1	99	77	0	24	-G
barcode77_consensus_vsearch	2326	C	*/-A	191	9	4.43%	2	1	93	93	0.0017815247172920585	1	1	89	102	9	0	-A
barcode77_consensus_vsearch	2339	G	*/-TG	188	8	3.96%	2	2	93	93	0.0036318839680821967	1	1	92	96	3	5	-TG
barcode77_consensus_vsearch	2374	C	*/-A	189	10	4.93%	2	1	93	93	8.697426073947409E-4	1	1	100	89	0	10	-A
barcode77_consensus_vsearch	2378	T	*/-C	187	8	3.94%	2	1	93	93	0.0036305010705765203	1	1	99	88	0	8	-C
barcode77_consensus_vsearch	2492	T	*/+A	38	87	43.07%	2	2	93	93	2.2317920602617105E-37	1	1	20	18	29	58	+A
barcode77_consensus_vsearch	2492	T	*/-A	38	30	14.85%	2	2	93	93	1.4854596674259784E-11	1	1	20	18	10	20	+A
barcode77_consensus_vsearch	2492	T	*/-AA	38	21	10.4%	2	1	93	93	5.4447741999261833E-8	1	1	20	18	21	0	+A
barcode77_consensus_vsearch	2492	T	*/-AAA	38	17	8.42%	2	2	93	93	1.768033764974169E-6	1	1	20	18	16	1	+A
barcode77_consensus_vsearch	2515	T	*/-G	174	20	10.15%	2	1	93	93	5.693404765760249E-7	1	1	100	74	0	20	-G
barcode77_consensus_vsearch	2535	C	*/-A	177	7	3.47%	2	1	93	93	0.007371570136883838	1	1	77	100	7	0	-A
barcode77_consensus_vsearch	2535	C	*/-AG	177	9	4.46%	2	1	93	93	0.0017689474455757383	1	1	77	100	9	0	-AG
barcode77_consensus_vsearch	2536	A	*/-G	165	8	4.28%	2	2	93	93	0.0035961125075510735	1	1	68	97	4	4	-G
barcode77_consensus_vsearch	2553	C	*/+A	157	12	5.94%	2	2	93	93	1.9944912213477976E-4	1	1	85	72	8	4	+A
barcode77_consensus_vsearch	2553	C	*/-A	157	30	14.85%	2	2	93	93	2.630545818971663E-10	1	1	85	72	7	23	-A
barcode77_consensus_vsearch	2576	C	*/-T	183	13	6.4%	2	1	93	93	9.938754956784761E-5	1	1	98	85	0	13	-T
barcode77_consensus_vsearch	2577	T	*/-C	165	19	10.22%	2	1	93	93	1.1690789039391776E-6	1	1	79	86	19	0	-C
barcode77_consensus_vsearch	2623	T	*/-GT	193	7	3.47%	2	1	93	93	0.007406481321433913	1	1	100	93	0	7	-GT
barcode77_consensus_vsearch	2631	T	*/+C	183	8	3.94%	2	2	93	93	0.003624827265843605	1	1	91	92	5	3	+C
barcode77_consensus_vsearch	2631	T	*/-C	183	11	5.42%	2	2	93	93	4.2207275904895683E-4	1	1	91	92	4	7	-C
barcode77_consensus_vsearch	2663	T	*/-AC	192	7	3.47%	2	2	93	93	0.007404462106241813	1	1	92	100	6	1	-AC
barcode77_consensus_vsearch	2668	C	*/+T	170	11	5.45%	2	2	93	93	4.1754670259895105E-4	1	1	81	89	5	6	+T
barcode77_consensus_vsearch	2668	C	*/-T	170	12	5.94%	2	2	93	93	2.024468861085566E-4	1	1	81	89	10	2	-T
barcode77_consensus_vsearch	2674	C	*/-T	190	7	3.47%	2	1	93	93	0.007400362831181816	1	1	100	90	0	7	-T
barcode77_consensus_vsearch	2676	T	*/-C	189	7	3.54%	2	1	93	93	0.007398282157210082	1	1	101	88	0	7	-C
barcode77_consensus_vsearch	2732	T	*/+C	163	8	4%	2	2	93	93	0.0035925563072326206	1	1	78	85	3	5	+C
barcode77_consensus_vsearch	2732	T	*/-C	163	27	13.5%	2	2	93	93	2.7578029778063346E-9	1	1	78	85	18	9	-C
barcode77_consensus_vsearch	2744	T	*/-C	189	13	6.4%	2	1	93	93	1.000159835994925E-4	1	1	88	101	13	0	-C
barcode77_consensus_vsearch	2746	C	*/+A	160	23	11.33%	2	1	93	93	5.704379214634594E-8	1	1	68	92	23	0	+A
barcode77_consensus_vsearch	2746	C	*/+G	160	10	4.93%	2	2	93	93	8.522356073059357E-4	1	1	68	92	1	9	+A
barcode77_consensus_vsearch	2747	G	*/-A	174	21	10.5%	2	1	93	93	2.700342363196343E-7	1	1	72	102	21	0	-A
barcode77_consensus_vsearch	2750	C	*/+T	166	10	4.95%	2	1	93	93	8.563124880416237E-4	1	1	64	102	10	0	+T
barcode77_consensus_vsearch	2750	C	*/-GC	166	13	6.44%	2	1	93	93	9.739634822135725E-5	1	1	64	102	13	0	-GC
barcode77_consensus_vsearch	2792	T	*/-GT	182	13	6.47%	2	2	93	93	9.927932507195894E-5	1	1	94	88	4	9	-GT
barcode77_consensus_vsearch	2796	C	*/+A	165	9	4.43%	2	2	93	93	0.0017566025072910298	1	1	70	95	7	2	+A
barcode77_consensus_vsearch	2796	C	*/-A	165	22	10.84%	2	2	93	93	1.2375494270767457E-7	1	1	70	95	21	1	-A
barcode77_consensus_vsearch	2804	A	*/-G	169	21	10.5%	2	2	93	93	2.6579218220022787E-7	1	1	88	81	4	17	-G
barcode77_consensus_vsearch	2835	C	*/-GC	195	8	3.94%	2	2	93	93	0.003641189182853133	1	1	95	100	6	2	-GC
barcode77_consensus_vsearch	2857	G	*/+A	193	7	3.48%	2	1	93	93	0.007406481321433913	1	1	93	100	7	0	+A
barcode77_consensus_vsearch	2882	T	*/-C	190	9	4.46%	2	2	93	93	0.0017806835488244307	1	1	96	94	4	5	-C
barcode77_consensus_vsearch	2919	C	*/-T	180	22	10.84%	2	1	93	93	1.3029343376067508E-7	1	1	100	80	0	22	-T
barcode77_consensus_vsearch	2964	G	*/-CG	160	37	18.69%	2	2	93	93	1.1256859288964178E-12	1	1	90	70	10	27	-CG
barcode77_consensus_vsearch	3003	T	*/-A	192	7	3.45%	2	2	93	93	0.007404462106241813	1	1	92	100	6	1	-A
barcode77_consensus_vsearch	3007	G	*/-C	185	7	3.54%	2	1	93	93	0.007389745092191117	1	1	97	88	0	7	-C
barcode77_consensus_vsearch	3042	T	*/+C	170	16	8.08%	2	1	93	93	1.0896530340644042E-5	1	1	79	91	16	0	+C
barcode77_consensus_vsearch	3046	A	*/-GA	190	7	3.47%	2	1	93	93	0.007400362831181816	1	1	90	100	7	0	-GA
barcode77_consensus_vsearch	3049	A	*/-G	192	7	3.5%	2	1	93	93	0.007404462106241813	1	1	92	100	7	0	-G
barcode77_consensus_vsearch	3063	C	*/-A	184	8	3.96%	2	1	93	93	0.0036262674855563662	1	1	90	94	8	0	-A
barcode77_consensus_vsearch	3086	A	*/-G	187	8	3.98%	2	1	93	93	0.0036305010705765203	1	1	85	102	8	0	-G
barcode77_consensus_vsearch	3087	G	*/+A	169	13	6.67%	2	1	93	93	9.777264385923668E-5	1	1	68	101	13	0	+A
barcode77_consensus_vsearch	3087	G	*/-A	169	8	4.1%	2	1	93	93	0.0036029884966937457	1	1	68	101	8	0	+A
barcode77_consensus_vsearch	3090	T	*/+A	175	10	5.15%	2	1	93	93	8.619505923183497E-4	1	1	78	97	10	0	+A
barcode77_consensus_vsearch	3114	T	*/-A	192	9	4.43%	2	2	93	93	0.0017823577244849092	1	1	100	92	1	8	-A
barcode77_consensus_vsearch	3116	A	*/-G	195	8	3.94%	2	1	93	93	0.003641189182853133	1	1	101	94	0	8	-G
barcode77_consensus_vsearch	3128	A	*/-C	185	14	6.93%	2	2	93	93	4.8169731487453406E-5	1	1	85	100	13	1	-C
barcode77_consensus_vsearch	3164	G	*/+A	175	7	3.45%	2	2	93	93	0.007366779625824957	1	1	96	79	1	6	+A
barcode77_consensus_vsearch	3164	G	*/-A	175	17	8.37%	2	2	93	93	5.268874801705308E-6	1	1	96	79	2	15	-A
barcode77_consensus_vsearch	3171	C	*/+A	174	14	6.93%	2	1	93	93	4.7482349176863256E-5	1	1	73	101	14	0	+A
barcode77_consensus_vsearch	3171	C	*/-A	174	8	3.96%	2	1	93	93	0.003611166483247444	1	1	73	101	8	0	+A
barcode77_consensus_vsearch	3174	G	*/+A	172	8	3.98%	2	1	93	93	0.0036079487687097848	1	1	71	101	8	0	+A
barcode77_consensus_vsearch	3174	G	*/-A	172	18	8.96%	2	1	93	93	2.5008462779374045E-6	1	1	71	101	18	0	-A
barcode77_consensus_vsearch	3183	C	*/-TC	195	7	3.45%	2	2	93	93	0.007410460397262536	1	1	100	95	1	6	-TC
barcode77_consensus_vsearch	3209	T	*/-G	189	12	5.97%	2	1	93	93	2.0617105570630654E-4	1	1	100	89	0	12	-G
barcode77_consensus_vsearch	3224	T	*/+C	159	7	3.45%	2	2	93	93	0.007324352646937745	1	1	95	64	1	6	+C
barcode77_consensus_vsearch	3224	T	*/-C	159	28	13.79%	2	2	93	93	1.2499333429285238E-9	1	1	95	64	5	23	-C
barcode77_consensus_vsearch	3224	T	*/-CC	159	8	3.94%	2	1	93	93	0.0035851936379921044	1	1	95	64	0	8	-C
barcode77_consensus_vsearch	3238	C	*/-A	188	8	3.94%	2	2	93	93	0.0036318839680821967	1	1	97	91	2	6	-A
barcode77_consensus_vsearch	3243	T	*/-AA	173	19	9.36%	2	1	93	93	1.1944226389711712E-6	1	1	99	74	0	19	-AA
barcode77_consensus_vsearch	3313	T	*/+C	136	8	3.94%	2	2	93	93	0.0035351105097651617	1	1	57	79	2	6	+C
barcode77_consensus_vsearch	3313	T	*/-C	136	42	20.69%	2	2	93	93	1.4598568400368096E-14	1	1	57	79	31	11	-C
barcode77_consensus_vsearch	3313	T	*/-CC	136	9	4.43%	2	2	93	93	0.001718626389695711	1	1	57	79	8	1	-C
barcode77_consensus_vsearch	3326	C	*/+A	158	13	6.4%	2	1	93	93	9.633375033265575E-5	1	1	93	65	0	13	+A
barcode77_consensus_vsearch	3326	C	*/-A	158	27	13.3%	2	2	93	93	2.67900222303805E-9	1	1	93	65	5	22	-A
barcode77_consensus_vsearch	3341	C	*/-TC	191	9	4.43%	2	2	93	93	0.0017815247172920585	1	1	100	91	1	8	-TC
barcode77_consensus_vsearch	3364	C	*/-A	159	13	6.4%	2	2	93	93	9.647152895130946E-5	1	1	74	85	7	6	-A
barcode77_consensus_vsearch	3364	C	*/-AA	159	25	12.32%	2	2	93	93	1.2434614091848803E-8	1	1	74	85	17	8	-AA
barcode77_consensus_vsearch	3383	T	*/-C	177	21	10.34%	2	2	93	93	2.7250139618908064E-7	1	1	77	100	19	2	-C
barcode77_consensus_vsearch	3438	T	*/+C	144	14	6.9%	2	2	93	93	4.517413133594938E-5	1	1	56	88	12	2	+C
barcode77_consensus_vsearch	3438	T	*/-C	144	36	17.73%	2	2	93	93	2.080042715009912E-12	1	1	56	88	25	11	-C
barcode77_consensus_vsearch	3438	T	*/-CC	144	7	3.45%	2	2	93	93	0.007276525855895998	1	1	56	88	6	1	-C
barcode77_consensus_vsearch	3442	C	*/-T	192	7	3.45%	2	2	93	93	0.007404462106241813	1	1	100	92	1	6	-T
barcode77_consensus_vsearch	3474	C	*/-T	188	15	7.39%	2	1	93	93	2.3337062839874777E-5	1	1	101	87	0	15	-T
barcode77_consensus_vsearch	3479	C	*/-A	182	10	4.95%	2	2	93	93	8.659835374014541E-4	1	1	95	87	1	9	-A
barcode77_consensus_vsearch	3488	T	*/-C	193	9	4.43%	2	1	93	93	0.0017831826885241658	1	1	100	93	0	9	-C
barcode77_consensus_vsearch	3514	C	*/-A	185	10	4.95%	2	1	93	93	8.676264462271394E-4	1	1	86	99	10	0	-A
barcode77_consensus_vsearch	3547	G	*/-C	180	13	6.47%	2	2	93	93	9.905976001490834E-5	1	1	90	90	4	9	-C
barcode77_consensus_vsearch	3579	T	*/-C	186	14	6.97%	2	1	93	93	4.822879642891894E-5	1	1	100	86	0	14	-C
barcode77_consensus_vsearch	3593	C	*/+A	186	7	3.45%	2	2	93	93	0.007391912172859777	1	1	94	92	1	6	+A
barcode77_consensus_vsearch	3644	C	*/+A	183	7	3.48%	2	1	93	93	0.007385343252869138	1	1	84	99	7	0	+A
barcode77_consensus_vsearch	3668	A	*/+T	141	12	5.94%	2	2	93	93	1.951131209009317E-4	1	1	69	72	3	9	+T
barcode77_consensus_vsearch	3668	A	*/-T	141	37	18.32%	2	2	93	93	9.007896106866636E-13	1	1	69	72	20	17	-T
barcode77_consensus_vsearch	3668	A	*/-TT	141	9	4.46%	2	2	93	93	0.0017261861346754147	1	1	69	72	8	1	-T
barcode77_consensus_vsearch	3680	T	*/-A	175	19	9.36%	2	2	93	93	1.20049506203786E-6	1	1	80	95	17	2	-A
barcode77_consensus_vsearch	3686	T	*/-C	194	8	3.94%	2	1	93	93	0.003639898683792886	1	1	93	101	8	0	-C
barcode77_consensus_vsearch	3693	T	*/+C	177	15	7.39%	2	2	93	93	2.2967098326715997E-5	1	1	86	91	6	9	+C
barcode77_consensus_vsearch	3693	T	*/-C	177	7	3.45%	2	2	93	93	0.007371570136883838	1	1	86	91	5	2	+C
barcode77_consensus_vsearch	3725	C	*/+T	188	7	3.47%	2	1	93	93	0.007396180372504935	1	1	99	89	0	7	+T
barcode77_consensus_vsearch	3770	A	*/-C	190	8	3.96%	2	1	93	93	0.003634608580377523	1	1	90	100	8	0	-C
barcode77_consensus_vsearch	3803	C	*/+T	172	10	4.93%	2	2	93	93	8.601308235378474E-4	1	1	88	84	2	8	+T
barcode77_consensus_vsearch	3803	C	*/-T	172	18	8.87%	2	2	93	93	2.5008462779374045E-6	1	1	88	84	10	8	-T
barcode77_consensus_vsearch	3863	C	*/-A	193	7	3.47%	2	1	93	93	0.007406481321433913	1	1	93	100	7	0	-A
barcode77_consensus_vsearch	3877	T	*/-C	171	28	13.93%	2	2	93	93	1.341737195136314E-9	1	1	71	100	27	1	-C
barcode77_consensus_vsearch	3918	C	*/-A	196	7	3.45%	2	1	93	93	0.007412420836520295	1	1	101	95	0	7	-A
barcode77_consensus_vsearch	3931	C	*/+A	141	22	10.84%	2	2	93	93	1.1158403371214944E-7	1	1	52	89	14	8	+A
barcode77_consensus_vsearch	3931	C	*/-A	141	31	15.27%	2	2	93	93	1.054103279617016E-10	1	1	52	89	29	2	-A
barcode77_consensus_vsearch	3965	C	*/+T	183	9	4.52%	2	1	93	93	0.0017745564291022078	1	1	96	87	0	9	+T
barcode77_consensus_vsearch	3967	T	*/-C	161	30	14.85%	2	2	93	93	2.707298723056385E-10	1	1	85	76	13	17	-C
barcode77_consensus_vsearch	3988	A	*/-T	178	21	10.34%	2	2	93	93	2.7331119571354373E-7	1	1	81	97	19	2	-T
barcode77_consensus_vsearch	3995	C	*/-GC	191	8	3.94%	2	2	93	93	0.0036359507017874977	1	1	94	97	7	1	-GC
barcode77_consensus_vsearch	4005	C	*/+T	186	10	4.93%	2	2	93	93	8.681632994859981E-4	1	1	96	90	1	9	+T
barcode77_consensus_vsearch	4007	T	*/-C	188	8	3.98%	2	2	93	93	0.0036318839680821967	1	1	92	96	3	5	-C
barcode77_consensus_vsearch	4011	T	*/-G	186	13	6.47%	2	1	93	93	9.970616463805701E-5	1	1	99	87	0	13	-G
barcode77_consensus_vsearch	4036	T	*/-C	164	21	10.88%	2	2	93	93	2.613794297425707E-7	1	1	87	77	10	11	-C
barcode77_consensus_vsearch	4041	C	*/-TC	194	7	3.45%	2	1	93	93	0.007408480654387502	1	1	101	93	0	7	-TC
barcode77_consensus_vsearch	4042	T	*/-C	182	10	5.1%	2	1	93	93	8.659835374014541E-4	1	1	88	94	10	0	-C
barcode77_consensus_vsearch	4044	C	*/-G	193	10	4.93%	2	1	93	93	8.717782032788638E-4	1	1	101	92	0	10	-G
barcode77_consensus_vsearch	4053	A	*/-C	179	16	7.88%	2	2	93	93	1.1074415688876696E-5	1	1	80	99	15	1	-C
barcode77_consensus_vsearch	4061	T	*/+C	182	8	3.94%	2	2	93	93	0.003623372158916335	1	1	91	91	4	4	+C
barcode77_consensus_vsearch	4061	T	*/-C	182	12	5.91%	2	2	93	93	2.0487881937931402E-4	1	1	91	91	5	7	-C
barcode77_consensus_vsearch	4181	C	*/-A	190	12	5.91%	2	1	93	93	2.0634876616312749E-4	1	1	89	101	12	0	-A
barcode77_consensus_vsearch	4184	C	*/-A	170	20	9.85%	2	2	93	93	5.628540328943101E-7	1	1	72	98	19	1	-A
barcode77_consensus_vsearch	4190	G	*/-C	186	8	3.96%	2	2	93	93	0.0036291041675517713	1	1	91	95	5	3	-C
barcode77_consensus_vsearch	4197	A	*/-G	190	8	3.98%	2	2	93	93	0.003634608580377523	1	1	91	99	5	3	-G
barcode77_consensus_vsearch	4206	G	*/+T	150	8	3.94%	2	2	93	93	0.0035672943374071937	1	1	55	95	7	1	+T
barcode77_consensus_vsearch	4206	G	*/-T	150	23	11.33%	2	2	93	93	5.4498872658405615E-8	1	1	55	95	21	2	-T
barcode77_consensus_vsearch	4206	G	*/-TT	150	14	6.9%	2	2	93	93	4.569613815038095E-5	1	1	55	95	11	3	-T
barcode77_consensus_vsearch	4206	G	*/-TTT	150	7	3.45%	2	2	93	93	0.007296738417420601	1	1	55	95	6	1	-T
barcode77_consensus_vsearch	4264	C	*/+T	192	8	3.96%	2	1	93	93	0.0036372796311357324	1	1	100	92	0	8	+T
barcode77_consensus_vsearch	4282	T	*/-C	190	12	5.91%	2	1	93	93	2.0634876616312749E-4	1	1	89	101	12	0	-C
barcode77_consensus_vsearch	4291	T	*/-A	179	14	6.93%	2	1	93	93	4.780363754070553E-5	1	1	77	102	14	0	-A
barcode77_consensus_vsearch	4382	C	*/-T	188	10	4.93%	2	2	93	93	8.692213039856426E-4	1	1	98	90	2	8	-T
