Chrom	Position	Ref	Cons	Reads1	Reads2	VarFreq	Strands1	Strands2	Qual1	Qual2	Pvalue	MapQual1	MapQual2	Reads1Plus	Reads1Minus	Reads2Plus	Reads2Minus	VarAllele
barcode74_consensus_vsearch	5	G	*/-T	333	23	6.37%	2	1	93	93	8.258955331104173E-8	1	1	236	97	23	0	-T
barcode74_consensus_vsearch	26	T	*/+C	329	19	4.09%	2	2	93	93	1.4818397474469007E-6	1	1	230	99	5	14	+C
barcode74_consensus_vsearch	26	T	*/-C	329	103	22.2%	2	2	93	93	9.748489370365184E-35	1	1	230	99	24	79	-C
barcode74_consensus_vsearch	26	T	*/-CC	329	9	1.94%	2	2	93	93	0.0018505754546696879	1	1	230	99	8	1	-C
barcode74_consensus_vsearch	30	C	*/-T	446	8	1.72%	2	2	93	93	0.0037866572939678073	1	1	259	187	4	4	-T
barcode74_consensus_vsearch	34	T	*/-C	439	16	3.45%	2	1	93	93	1.334305260639601E-5	1	1	245	194	16	0	-C
barcode74_consensus_vsearch	47	T	*/+G	435	17	3.68%	2	2	93	93	6.545385382587091E-6	1	1	251	184	13	4	+G
barcode74_consensus_vsearch	52	T	*/+G	452	8	1.72%	2	1	93	93	0.0037882060460031454	1	1	268	184	0	8	+G
barcode74_consensus_vsearch	69	C	*/-A	433	18	3.93%	2	2	93	93	3.208716461205571E-6	1	1	244	189	17	1	-A
barcode74_consensus_vsearch	84	T	*/-A	381	54	11.82%	2	2	93	93	9.609247126703859E-18	1	1	219	162	39	15	-A
barcode74_consensus_vsearch	84	T	*/-AA	381	8	1.75%	2	1	93	93	0.003766842960150322	1	1	219	162	8	0	-A
barcode74_consensus_vsearch	102	C	*/+A	420	10	2.15%	2	2	93	93	9.262346650300045E-4	1	1	226	194	8	2	+A
barcode74_consensus_vsearch	102	C	*/-A	420	33	7.08%	2	1	93	93	6.359660263647235E-11	1	1	226	194	33	0	-A
barcode74_consensus_vsearch	107	G	*/-C	449	7	1.52%	2	2	93	93	0.00763339894512905	1	1	258	191	4	3	-C
barcode74_consensus_vsearch	109	C	*/+A	436	9	1.93%	2	1	93	93	0.0018749660605302289	1	1	245	191	9	0	+A
barcode74_consensus_vsearch	109	C	*/-G	436	10	2.15%	2	2	93	93	9.280135047051926E-4	1	1	245	191	8	2	-G
barcode74_consensus_vsearch	113	G	*/-C	428	25	5.39%	2	2	93	93	2.1204504516894227E-8	1	1	252	176	11	14	-C
barcode74_consensus_vsearch	117	T	*/+C	438	10	2.18%	2	2	93	93	9.282270587880905E-4	1	1	252	186	8	2	+C
barcode74_consensus_vsearch	117	T	*/-C	438	7	1.53%	2	1	93	93	0.007628991869306366	1	1	252	186	7	0	+C
barcode74_consensus_vsearch	126	C	*/-AC	453	7	1.5%	2	1	93	93	0.00763494949227727	1	1	257	196	7	0	-AC
barcode74_consensus_vsearch	127	A	*/-C	425	21	4.63%	2	2	93	93	3.747237380449946E-7	1	1	234	191	17	4	-C
barcode74_consensus_vsearch	130	C	*/-G	443	10	2.16%	2	1	93	93	9.287528155311122E-4	1	1	264	179	0	10	-G
barcode74_consensus_vsearch	146	G	*/+C	446	9	1.94%	2	1	93	93	0.0018766656885966895	1	1	250	196	9	0	+C
barcode74_consensus_vsearch	147	C	*/+T	445	8	1.74%	2	1	93	93	0.0037863952091791225	1	1	262	183	0	8	+T
barcode74_consensus_vsearch	148	C	*/-T	449	11	2.37%	2	1	93	93	4.596279980803229E-4	1	1	266	183	0	11	-T
barcode74_consensus_vsearch	154	C	*/-AC	424	27	5.82%	2	2	93	93	4.9894072270030844E-9	1	1	234	190	26	1	-AC
barcode74_consensus_vsearch	155	A	*/+C	405	7	1.62%	2	1	93	93	0.007614365665405034	1	1	219	186	7	0	+C
barcode74_consensus_vsearch	155	A	*/-C	405	7	1.62%	2	2	93	93	0.007614365665405034	1	1	219	186	3	4	+C
barcode74_consensus_vsearch	156	C	*/+T	403	12	2.82%	2	1	93	93	2.252264779649526E-4	1	1	229	174	0	12	+T
barcode74_consensus_vsearch	157	C	*/+TG	429	8	1.74%	2	1	93	93	0.0037820399638697363	1	1	252	177	0	8	+TG
barcode74_consensus_vsearch	160	G	*/+C	438	14	3.02%	2	1	93	93	5.5105877051594445E-5	1	1	263	175	0	14	+C
barcode74_consensus_vsearch	160	G	*/-C	438	9	1.94%	2	2	93	93	0.001875312003649851	1	1	263	175	4	5	+C
barcode74_consensus_vsearch	164	T	*/+C	450	8	1.72%	2	1	93	93	0.003787694271375089	1	1	257	193	8	0	+C
barcode74_consensus_vsearch	172	A	*/+C	388	13	2.8%	2	2	93	93	1.1058632327078025E-4	1	1	221	167	9	4	+C
barcode74_consensus_vsearch	172	A	*/-C	388	36	7.74%	2	2	93	93	6.699892297472245E-12	1	1	221	167	14	22	-C
barcode74_consensus_vsearch	172	A	*/-CC	388	18	3.87%	2	1	93	93	3.146440696522667E-6	1	1	221	167	18	0	-C
barcode74_consensus_vsearch	176	C	*/-T	443	18	3.86%	2	1	93	93	3.221015184058725E-6	1	1	270	173	0	18	-T
barcode74_consensus_vsearch	180	T	*/+C	444	7	1.51%	2	2	93	93	0.007631422258539495	1	1	251	193	6	1	+C
barcode74_consensus_vsearch	180	T	*/-C	444	8	1.72%	2	1	93	93	0.0037861319732248877	1	1	251	193	8	0	-C
barcode74_consensus_vsearch	183	C	*/-A	443	10	2.15%	2	1	93	93	9.287528155311122E-4	1	1	256	187	10	0	-A
barcode74_consensus_vsearch	183	C	*/-AA	443	8	1.72%	2	2	93	93	0.003785867578538486	1	1	256	187	1	7	-A
barcode74_consensus_vsearch	208	C	*/-T	449	10	2.15%	2	2	93	93	9.29368823401496E-4	1	1	258	191	5	5	-T
barcode74_consensus_vsearch	210	T	*/+C	387	13	2.83%	2	2	93	93	1.1055857583867697E-4	1	1	241	146	2	11	+C
barcode74_consensus_vsearch	210	T	*/-C	387	46	10.02%	2	2	93	93	4.0226197513594494E-15	1	1	241	146	14	32	-C
barcode74_consensus_vsearch	213	C	*/+T	417	10	2.15%	2	1	93	93	9.258865234089794E-4	1	1	261	156	0	10	+T
barcode74_consensus_vsearch	213	C	*/-T	417	21	4.51%	2	2	93	93	3.7303832442405505E-7	1	1	261	156	2	19	-T
barcode74_consensus_vsearch	216	A	*/-C	449	10	2.15%	2	1	93	93	9.29368823401496E-4	1	1	253	196	10	0	-C
barcode74_consensus_vsearch	217	C	*/+T	446	7	1.55%	2	1	93	93	0.0076322181458369906	1	1	257	189	0	7	+T
barcode74_consensus_vsearch	220	A	*/-CA	444	11	2.38%	2	2	93	93	4.5931907660072465E-4	1	1	250	194	10	1	-CA
barcode74_consensus_vsearch	248	C	*/-AC	446	10	2.15%	2	1	93	93	9.290628161964562E-4	1	1	259	187	10	0	-AC
barcode74_consensus_vsearch	253	A	*/+G	426	19	4.1%	2	2	93	93	1.567506340833558E-6	1	1	257	169	3	16	+G
barcode74_consensus_vsearch	253	A	*/-G	426	8	1.73%	2	2	93	93	0.0037811878789100195	1	1	257	169	2	6	+G
barcode74_consensus_vsearch	291	C	*/-T	444	9	1.94%	2	2	93	93	0.0018763317016516773	1	1	263	181	1	8	-T
barcode74_consensus_vsearch	293	T	*/-G	433	12	2.63%	2	1	93	93	2.2647039152581312E-4	1	1	259	174	0	12	-G
barcode74_consensus_vsearch	299	T	*/+C	444	12	2.59%	2	1	93	93	2.268864813065808E-4	1	1	253	191	12	0	+C
barcode74_consensus_vsearch	312	C	*/-G	446	10	2.15%	2	2	93	93	9.290628161964562E-4	1	1	261	185	5	5	-G
barcode74_consensus_vsearch	316	G	*/+T	415	9	1.93%	2	1	93	93	0.0018711388771604682	1	1	223	192	9	0	+T
barcode74_consensus_vsearch	316	G	*/-T	415	33	7.08%	2	2	93	93	6.315266075762441E-11	1	1	223	192	31	2	-T
barcode74_consensus_vsearch	321	C	*/+A	434	9	1.94%	2	1	93	93	0.0018746170280654298	1	1	251	183	9	0	+A
barcode74_consensus_vsearch	321	C	*/-A	434	18	3.87%	2	2	93	93	3.209969156058958E-6	1	1	251	183	9	9	-A
barcode74_consensus_vsearch	323	A	*/+G	446	7	1.51%	2	2	93	93	0.0076322181458369906	1	1	258	188	4	3	+G
barcode74_consensus_vsearch	323	A	*/-G	446	8	1.72%	2	2	93	93	0.0037866572939678073	1	1	258	188	6	2	-G
barcode74_consensus_vsearch	334	A	*/-GA	448	8	1.73%	2	1	93	93	0.0037871780401863946	1	1	258	190	8	0	-GA
barcode74_consensus_vsearch	340	T	*/+C	437	11	2.38%	2	1	93	93	4.588752277082112E-4	1	1	252	185	11	0	+C
barcode74_consensus_vsearch	340	T	*/-C	437	9	1.95%	2	2	93	93	0.0018751394156906677	1	1	252	185	1	8	+C
barcode74_consensus_vsearch	351	C	*/-A	424	26	5.64%	2	2	93	93	1.0275327797789765E-8	1	1	258	166	5	21	-A
barcode74_consensus_vsearch	353	A	*/-G	446	11	2.37%	2	2	93	93	4.5944344086844724E-4	1	1	265	181	1	10	-G
barcode74_consensus_vsearch	359	C	*/-T	437	19	4.08%	2	1	93	93	1.5750992967294798E-6	1	1	269	168	0	19	-T
barcode74_consensus_vsearch	359	C	*/-TC	437	7	1.5%	2	1	93	93	0.007628580447648388	1	1	269	168	0	7	-T
barcode74_consensus_vsearch	360	T	*/+C	421	7	1.59%	2	2	93	93	0.007621737484585097	1	1	268	153	1	6	+C
barcode74_consensus_vsearch	360	T	*/-CCT	421	7	1.59%	2	1	93	93	0.007621737484585097	1	1	268	153	0	7	+C
barcode74_consensus_vsearch	362	C	*/-TC	444	7	1.53%	2	2	93	93	0.007631422258539495	1	1	264	180	1	6	-TC
barcode74_consensus_vsearch	374	G	*/+C	417	21	4.51%	2	2	93	93	3.7303832442405505E-7	1	1	252	165	5	16	+C
barcode74_consensus_vsearch	374	G	*/-C	417	21	4.51%	2	2	93	93	3.7303832442405505E-7	1	1	252	165	10	11	+C
barcode74_consensus_vsearch	377	C	*/-T	446	13	2.79%	2	2	93	93	1.1199500266454E-4	1	1	265	181	2	11	-T
barcode74_consensus_vsearch	378	T	*/-C	432	8	1.78%	2	1	93	93	0.0037828805172695963	1	1	263	169	0	8	-C
barcode74_consensus_vsearch	380	T	*/-CTCT	440	12	2.63%	2	2	93	93	2.267374617732365E-4	1	1	266	174	1	11	-CTCT
barcode74_consensus_vsearch	382	T	*/+C	379	7	1.57%	2	2	93	93	0.007601089929303789	1	1	239	140	6	1	+C
barcode74_consensus_vsearch	382	T	*/-CT	379	54	12.11%	2	2	93	93	9.52651558106936E-18	1	1	239	140	16	38	-CT
barcode74_consensus_vsearch	397	T	*/-C	400	60	12.9%	2	2	93	93	1.1070522758491167E-19	1	1	232	168	34	26	-C
barcode74_consensus_vsearch	399	C	*/+A	448	7	1.51%	2	1	93	93	0.00763300706774014	1	1	253	195	7	0	+A
barcode74_consensus_vsearch	399	C	*/-A	448	8	1.72%	2	2	93	93	0.0037871780401863946	1	1	253	195	7	1	-A
barcode74_consensus_vsearch	424	C	*/+A	442	10	2.17%	2	1	93	93	9.286485810021079E-4	1	1	249	193	10	0	+A
barcode74_consensus_vsearch	432	C	*/-T	441	9	1.94%	2	2	93	93	0.0018758252149176666	1	1	253	188	6	3	-T
barcode74_consensus_vsearch	432	C	*/-TT	441	7	1.51%	2	1	93	93	0.0076302151642897355	1	1	253	188	7	0	-T
barcode74_consensus_vsearch	435	G	*/+C	440	13	2.8%	2	1	93	93	1.1186549909524006E-4	1	1	262	178	0	13	+C
barcode74_consensus_vsearch	435	G	*/-C	440	9	1.94%	2	2	93	93	0.0018756548982491606	1	1	262	178	7	2	+C
barcode74_consensus_vsearch	443	T	*/-C	441	21	4.52%	2	1	93	93	3.7793632916705605E-7	1	1	245	196	21	0	-C
barcode74_consensus_vsearch	451	C	*/-AC	446	13	2.81%	2	1	93	93	1.1199500266454E-4	1	1	252	194	13	0	-AC
barcode74_consensus_vsearch	454	C	*/+T	450	8	1.72%	2	2	93	93	0.003787694271375089	1	1	263	187	2	6	+T
barcode74_consensus_vsearch	454	C	*/-T	450	7	1.5%	2	2	93	93	0.0076337891152176976	1	1	263	187	4	3	+T
barcode74_consensus_vsearch	456	T	*/-C	256	171	36.7%	2	2	93	93	1.5492443767806137E-61	1	1	171	85	86	85	-C
barcode74_consensus_vsearch	456	T	*/-CC	256	29	6.22%	2	2	93	93	8.79750135350809E-10	1	1	171	85	6	23	-C
barcode74_consensus_vsearch	480	C	*/-TT	446	10	2.16%	2	2	93	93	9.290628161964562E-4	1	1	258	188	9	1	-TT
barcode74_consensus_vsearch	504	C	*/+A	444	7	1.52%	2	1	93	93	0.007631422258539495	1	1	252	192	7	0	+A
barcode74_consensus_vsearch	505	G	*/-A	456	7	1.51%	2	1	93	93	0.007636094898325736	1	1	261	195	7	0	-A
barcode74_consensus_vsearch	515	C	*/-G	443	8	1.73%	2	2	93	93	0.003785867578538486	1	1	251	192	7	1	-G
barcode74_consensus_vsearch	518	C	*/+T	410	27	5.81%	2	1	93	93	4.923724830551064E-9	1	1	218	192	27	0	+T
barcode74_consensus_vsearch	518	C	*/+TT	410	7	1.51%	2	1	93	93	0.007616729829810889	1	1	218	192	7	0	+T
barcode74_consensus_vsearch	518	C	*/-T	410	13	2.8%	2	2	93	93	1.111646524937665E-4	1	1	218	192	10	3	-T
barcode74_consensus_vsearch	521	T	*/+C	171	263	56.56%	2	2	93	93	1.9003887380610905E-105	1	1	81	90	170	93	+C
barcode74_consensus_vsearch	521	T	*/+CC	171	9	1.94%	2	2	93	93	0.0017629749665283802	1	1	81	90	2	7	+C
barcode74_consensus_vsearch	523	C	*/+T	410	32	6.97%	2	2	93	93	1.3010748592771143E-10	1	1	262	148	1	31	+T
barcode74_consensus_vsearch	534	C	*/-A	448	11	2.36%	2	2	93	93	4.59566741968889E-4	1	1	256	192	10	1	-A
barcode74_consensus_vsearch	536	A	*/-G	450	7	1.51%	2	1	93	93	0.0076337891152176976	1	1	266	184	0	7	-G
barcode74_consensus_vsearch	543	G	*/-CG	440	17	3.67%	2	2	93	93	6.556572441902532E-6	1	1	251	189	12	5	-CG
barcode74_consensus_vsearch	559	T	*/+A	431	10	2.16%	2	1	93	93	9.274712732448419E-4	1	1	240	191	10	0	+A
barcode74_consensus_vsearch	559	T	*/-A	431	16	3.46%	2	2	93	93	1.3310486209944137E-5	1	1	240	191	14	2	-A
barcode74_consensus_vsearch	560	A	*/-G	427	9	2.01%	2	1	93	93	0.0018733704789343226	1	1	240	187	9	0	-G
barcode74_consensus_vsearch	561	G	*/-A	438	11	2.41%	2	1	93	93	4.589394655227349E-4	1	1	242	196	11	0	-A
barcode74_consensus_vsearch	561	G	*/-AG	438	7	1.54%	2	1	93	93	0.007628991869306366	1	1	242	196	7	0	-A
barcode74_consensus_vsearch	562	A	*/+G	418	11	2.46%	2	2	93	93	4.575989670126341E-4	1	1	238	180	3	8	+G
barcode74_consensus_vsearch	564	G	*/-A	427	28	6.05%	2	1	93	93	2.4272210023663687E-9	1	1	232	195	28	0	-A
barcode74_consensus_vsearch	567	C	*/-T	445	14	3.01%	2	1	93	93	5.519311733534499E-5	1	1	266	179	0	14	-T
barcode74_consensus_vsearch	569	C	*/-TC	447	8	1.74%	2	2	93	93	0.0037869182351470006	1	1	260	187	6	2	-TC
barcode74_consensus_vsearch	570	T	*/-C	435	12	2.65%	2	2	93	93	2.2654752970435957E-4	1	1	259	176	1	11	-C
barcode74_consensus_vsearch	573	T	*/-C	418	33	7.19%	2	2	93	93	6.341987971318086E-11	1	1	240	178	26	7	-C
barcode74_consensus_vsearch	576	C	*/-GC	445	7	1.52%	2	1	93	93	0.007631821078608308	1	1	257	188	7	0	-GC
barcode74_consensus_vsearch	581	A	*/+G	431	11	2.38%	2	2	93	93	4.584838174083158E-4	1	1	259	172	1	10	+G
barcode74_consensus_vsearch	581	A	*/-G	431	12	2.6%	2	1	93	93	2.2639257424578987E-4	1	1	259	172	0	12	-G
barcode74_consensus_vsearch	592	A	*/+C	422	9	1.96%	2	2	93	93	0.0018724555760242295	1	1	239	183	4	5	+C
barcode74_consensus_vsearch	592	A	*/-C	422	23	5%	2	2	93	93	8.905066155446918E-8	1	1	239	183	19	4	-C
barcode74_consensus_vsearch	616	A	*/-G	433	23	4.96%	2	2	93	93	8.969553535915623E-8	1	1	249	184	11	12	-G
barcode74_consensus_vsearch	618	G	*/-A	457	8	1.72%	2	1	93	93	0.0037894663597456	1	1	262	195	8	0	-A
barcode74_consensus_vsearch	622	C	*/-T	431	25	5.36%	2	2	93	93	2.1253367056548207E-8	1	1	262	169	1	24	-T
barcode74_consensus_vsearch	633	T	*/+C	438	22	4.73%	2	2	93	93	1.8436329834936815E-7	1	1	246	192	20	2	+C
barcode74_consensus_vsearch	643	A	*/-G	447	8	1.73%	2	2	93	93	0.0037869182351470006	1	1	255	192	7	1	-G
barcode74_consensus_vsearch	651	A	*/-CA	454	7	1.51%	2	1	93	93	0.007635332943374405	1	1	269	185	0	7	-CA
barcode74_consensus_vsearch	658	T	*/-A	451	9	1.93%	2	1	93	93	0.0018774880842022342	1	1	257	194	9	0	-A
barcode74_consensus_vsearch	659	A	*/-T	442	7	1.54%	2	2	93	93	0.007630619313173879	1	1	251	191	6	1	-T
barcode74_consensus_vsearch	672	A	*/-C	444	8	1.74%	2	1	93	93	0.0037861319732248877	1	1	249	195	8	0	-C
barcode74_consensus_vsearch	674	C	*/-A	448	10	2.17%	2	2	93	93	9.292672599433581E-4	1	1	255	193	9	1	-A
barcode74_consensus_vsearch	686	T	*/+C	433	7	1.51%	2	1	93	93	0.0076269161468125015	1	1	261	172	0	7	+C
barcode74_consensus_vsearch	686	T	*/-A	433	8	1.72%	2	2	93	93	0.003783158179516694	1	1	261	172	6	2	-A
barcode74_consensus_vsearch	689	A	*/-G	444	11	2.39%	2	1	93	93	4.5931907660072465E-4	1	1	252	192	11	0	-G
barcode74_consensus_vsearch	696	T	*/-C	431	27	5.87%	2	2	93	93	5.021004453627544E-9	1	1	242	189	26	1	-C
barcode74_consensus_vsearch	711	G	*/+C	447	7	1.53%	2	1	93	93	0.007632613471737004	1	1	261	186	0	7	+C
barcode74_consensus_vsearch	719	C	*/-T	452	8	1.72%	2	1	93	93	0.0037882060460031454	1	1	269	183	0	8	-T
barcode74_consensus_vsearch	734	T	*/-C	440	7	1.53%	2	2	93	93	0.007629809215418646	1	1	256	184	5	2	-C
barcode74_consensus_vsearch	736	C	*/-AC	439	14	3.04%	2	1	93	93	5.511849899446151E-5	1	1	247	192	14	0	-AC
barcode74_consensus_vsearch	739	G	*/-C	268	145	31.39%	2	2	93	93	4.4346948233639874E-51	1	1	157	111	90	55	-C
barcode74_consensus_vsearch	739	G	*/-CC	268	31	6.71%	2	2	93	93	2.0513762305159302E-10	1	1	157	111	13	18	-C
barcode74_consensus_vsearch	739	G	*/-CCC	268	7	1.52%	2	2	93	93	0.007516387806114139	1	1	157	111	3	4	-C
barcode74_consensus_vsearch	740	C	*/+T	259	11	3.94%	2	1	93	93	4.40104982176298E-4	1	1	160	99	0	11	+T
barcode74_consensus_vsearch	745	C	*/-T	444	15	3.22%	2	2	93	93	2.7169178334291596E-5	1	1	264	180	2	13	-T
barcode74_consensus_vsearch	748	C	*/-AC	443	14	3.03%	2	1	93	93	5.516845438118112E-5	1	1	249	194	14	0	-AC
barcode74_consensus_vsearch	757	G	*/-T	445	8	1.72%	2	2	93	93	0.0037863952091791225	1	1	263	182	2	6	-T
barcode74_consensus_vsearch	760	T	*/-A	449	7	1.51%	2	2	93	93	0.00763339894512905	1	1	265	184	2	5	-A
barcode74_consensus_vsearch	761	A	*/-G	436	7	1.54%	2	1	93	93	0.007628167177128368	1	1	264	172	0	7	-G
barcode74_consensus_vsearch	779	G	*/-TG	451	7	1.5%	2	1	93	93	0.007634177589087493	1	1	262	189	0	7	-TG
barcode74_consensus_vsearch	780	T	*/-GT	436	12	2.61%	2	2	93	93	2.2658584690234848E-4	1	1	264	172	1	11	-GT
barcode74_consensus_vsearch	784	T	*/+C	450	8	1.73%	2	1	93	93	0.003787694271375089	1	1	255	195	8	0	+C
barcode74_consensus_vsearch	793	T	*/+A	428	14	3.04%	2	1	93	93	5.49766339423539E-5	1	1	239	189	14	0	+A
barcode74_consensus_vsearch	793	T	*/-G	428	8	1.74%	2	1	93	93	0.0037817572285023734	1	1	239	189	8	0	+A
barcode74_consensus_vsearch	795	C	*/-TT	434	13	2.81%	2	1	93	93	1.1173262519439844E-4	1	1	247	187	13	0	-TT
barcode74_consensus_vsearch	806	T	*/-C	454	7	1.5%	2	1	93	93	0.007635332943374405	1	1	260	194	7	0	-C
barcode74_consensus_vsearch	809	A	*/+T	406	25	5.36%	2	2	93	93	2.082858678773949E-8	1	1	214	192	24	1	+T
barcode74_consensus_vsearch	809	A	*/-T	406	30	6.44%	2	2	93	93	5.556729380211432E-10	1	1	214	192	28	2	-T
barcode74_consensus_vsearch	815	A	*/-G	441	8	1.72%	2	2	93	93	0.0037853352821818676	1	1	258	183	3	5	-G
barcode74_consensus_vsearch	827	T	*/+C	453	8	1.72%	2	1	93	93	0.003788460280099838	1	1	269	184	0	8	+C
barcode74_consensus_vsearch	828	T	*/-C	454	9	1.93%	2	2	93	93	0.0018779730851546438	1	1	268	186	1	8	-C
barcode74_consensus_vsearch	836	T	*/-A	435	14	3%	2	1	93	93	5.5067686315232855E-5	1	1	247	188	14	0	-A
barcode74_consensus_vsearch	836	T	*/-AA	435	8	1.72%	2	2	93	93	0.0037837097715777354	1	1	247	188	1	7	-A
barcode74_consensus_vsearch	848	C	*/-AC	377	83	17.89%	2	1	93	93	1.7659742388927413E-27	1	1	185	192	83	0	-AC
barcode74_consensus_vsearch	852	T	*/-C	439	7	1.51%	2	2	93	93	0.00762940145447119	1	1	267	172	1	6	-C
barcode74_consensus_vsearch	852	T	*/-CT	439	12	2.58%	2	1	93	93	2.266998039975627E-4	1	1	267	172	0	12	-CT
barcode74_consensus_vsearch	853	C	*/-T	429	9	2.03%	2	1	93	93	0.0018737306563855328	1	1	265	164	0	9	-T
barcode74_consensus_vsearch	870	T	*/-C	441	18	3.87%	2	2	93	93	3.218595437287658E-6	1	1	258	183	6	12	-C
barcode74_consensus_vsearch	874	T	*/-G	441	7	1.52%	2	2	93	93	0.0076302151642897355	1	1	252	189	5	2	-G
barcode74_consensus_vsearch	883	T	*/-C	453	9	1.93%	2	1	93	93	0.0018778121106653614	1	1	258	195	9	0	-C
barcode74_consensus_vsearch	898	C	*/-AC	447	11	2.37%	2	1	93	93	4.595052234613434E-4	1	1	253	194	11	0	-AC
barcode74_consensus_vsearch	899	A	*/-C	427	11	2.46%	2	2	93	93	4.5821703849988575E-4	1	1	236	191	9	2	-C
barcode74_consensus_vsearch	908	C	*/+T	405	17	3.65%	2	2	93	93	6.473048763994588E-6	1	1	258	147	2	15	+T
barcode74_consensus_vsearch	908	C	*/-T	405	25	5.36%	2	2	93	93	2.0810726875602597E-8	1	1	258	147	6	19	-T
barcode74_consensus_vsearch	908	C	*/-TT	405	13	2.79%	2	1	93	93	1.1103838422487234E-4	1	1	258	147	0	13	-T
barcode74_consensus_vsearch	933	C	*/-T	447	7	1.51%	2	2	93	93	0.007632613471737004	1	1	261	186	3	4	-T
barcode74_consensus_vsearch	942	C	*/-T	442	11	2.37%	2	2	93	93	4.591936353588643E-4	1	1	266	176	1	10	-T
barcode74_consensus_vsearch	947	C	*/-AC	441	21	4.53%	2	1	93	93	3.7793632916705605E-7	1	1	248	193	21	0	-AC
barcode74_consensus_vsearch	956	T	*/-G	457	9	1.93%	2	2	93	93	0.0018784519065768144	1	1	269	188	1	8	-G
barcode74_consensus_vsearch	963	T	*/-C	438	12	2.6%	2	2	93	93	2.2666198297196754E-4	1	1	251	187	9	3	-C
barcode74_consensus_vsearch	967	A	*/-CA	454	9	1.93%	2	2	93	93	0.0018779730851546438	1	1	264	190	4	5	-CA
barcode74_consensus_vsearch	984	T	*/-A	434	21	4.55%	2	1	93	93	3.765559111172498E-7	1	1	243	191	21	0	-A
barcode74_consensus_vsearch	987	C	*/+A	395	19	4.08%	2	2	93	93	1.544120237068303E-6	1	1	246	149	6	13	+A
barcode74_consensus_vsearch	987	C	*/-A	395	28	6.01%	2	2	93	93	2.347234095007423E-9	1	1	246	149	5	23	-A
barcode74_consensus_vsearch	998	C	*/-AC	441	21	4.51%	2	1	93	93	3.7793632916705605E-7	1	1	248	193	21	0	-AC
barcode74_consensus_vsearch	1006	T	*/-C	438	18	3.87%	2	2	93	93	3.214928701538414E-6	1	1	247	191	17	1	-C
barcode74_consensus_vsearch	1017	A	*/-C	454	9	1.94%	2	1	93	93	0.0018779730851546438	1	1	259	195	9	0	-C
barcode74_consensus_vsearch	1041	G	*/-CG	435	21	4.54%	2	2	93	93	3.7675545624570147E-7	1	1	257	178	7	14	-CG
barcode74_consensus_vsearch	1047	C	*/-G	442	7	1.51%	2	2	93	93	0.007630619313173879	1	1	250	192	6	1	-G
barcode74_consensus_vsearch	1047	C	*/-GC	442	7	1.51%	2	2	93	93	0.007630619313173879	1	1	250	192	6	1	-G
barcode74_consensus_vsearch	1052	A	*/-CA	433	21	4.55%	2	2	93	93	3.763555727947356E-7	1	1	252	181	9	12	-CA
barcode74_consensus_vsearch	1057	T	*/-C	446	8	1.72%	2	2	93	93	0.0037866572939678073	1	1	265	181	1	7	-C
barcode74_consensus_vsearch	1058	C	*/+AC	442	7	1.53%	2	1	93	93	0.007630619313173879	1	1	254	188	7	0	+AC
barcode74_consensus_vsearch	1072	G	*/-A	458	7	1.51%	2	2	93	93	0.0076368503276010025	1	1	264	194	6	1	-A
barcode74_consensus_vsearch	1089	T	*/-C	431	26	5.64%	2	2	93	93	1.0335700956299074E-8	1	1	246	185	21	5	-C
barcode74_consensus_vsearch	1092	C	*/+T	442	8	1.72%	2	1	93	93	0.0037856020174325917	1	1	267	175	0	8	+T
barcode74_consensus_vsearch	1099	A	*/+C	436	11	2.37%	2	1	93	93	4.588107080951123E-4	1	1	243	193	11	0	+C
barcode74_consensus_vsearch	1099	A	*/-C	436	11	2.37%	2	1	93	93	4.588107080951123E-4	1	1	243	193	11	0	+C
barcode74_consensus_vsearch	1111	G	*/+C	453	7	1.52%	2	1	93	93	0.00763494949227727	1	1	266	187	0	7	+C
barcode74_consensus_vsearch	1141	A	*/-CA	451	7	1.5%	2	1	93	93	0.007634177589087493	1	1	263	188	0	7	-CA
barcode74_consensus_vsearch	1151	T	*/+G	444	7	1.52%	2	1	93	93	0.007631422258539495	1	1	265	179	0	7	+G
barcode74_consensus_vsearch	1152	G	*/-A	446	9	1.94%	2	1	93	93	0.0018766656885966895	1	1	250	196	9	0	-A
barcode74_consensus_vsearch	1153	A	*/+G	344	19	4.19%	2	2	93	93	1.497789874848366E-6	1	1	167	177	17	2	+G
barcode74_consensus_vsearch	1153	A	*/-G	344	76	16.78%	2	2	93	93	3.16272252030539E-25	1	1	167	177	59	17	-G
barcode74_consensus_vsearch	1153	A	*/-GG	344	7	1.55%	2	1	93	93	0.007580131052467943	1	1	167	177	7	0	-G
barcode74_consensus_vsearch	1160	C	*/-T	450	7	1.51%	2	1	93	93	0.0076337891152176976	1	1	266	184	0	7	-T
barcode74_consensus_vsearch	1160	C	*/-TT	450	8	1.72%	2	2	93	93	0.003787694271375089	1	1	266	184	3	5	-TT
barcode74_consensus_vsearch	1163	C	*/+A	191	12	2.6%	2	1	93	93	2.0652482483515445E-4	1	1	94	97	12	0	+A
barcode74_consensus_vsearch	1163	C	*/+AG	191	10	2.17%	2	1	93	93	8.707701860076834E-4	1	1	94	97	10	0	+A
barcode74_consensus_vsearch	1163	C	*/+G	191	175	37.96%	2	2	93	93	1.8103282865327945E-65	1	1	94	97	119	56	+G
barcode74_consensus_vsearch	1163	C	*/+GG	191	14	3.04%	2	2	93	93	4.85162064553485E-5	1	1	94	97	6	8	+G
barcode74_consensus_vsearch	1163	C	*/-G	191	34	7.38%	2	2	93	93	1.5114044505292772E-11	1	1	94	97	17	17	-G
barcode74_consensus_vsearch	1163	C	*/-GG	191	10	2.17%	2	2	93	93	8.707701860076834E-4	1	1	94	97	8	2	-G
barcode74_consensus_vsearch	1186	T	*/+C	453	9	1.93%	2	1	93	93	0.0018778121106653614	1	1	269	184	0	9	+C
barcode74_consensus_vsearch	1187	T	*/-C	450	10	2.15%	2	1	93	93	9.294699516735583E-4	1	1	265	185	0	10	-C
barcode74_consensus_vsearch	1192	A	*/+G	423	14	3.04%	2	1	93	93	5.490987823300768E-5	1	1	246	177	0	14	+G
barcode74_consensus_vsearch	1196	C	*/+T	437	10	2.16%	2	2	93	93	9.281205170584159E-4	1	1	266	171	2	8	+T
barcode74_consensus_vsearch	1196	C	*/-T	437	13	2.81%	2	2	93	93	1.1179949160089705E-4	1	1	266	171	1	12	-T
barcode74_consensus_vsearch	1201	G	*/+C	418	15	3.24%	2	2	93	93	2.6977013084786136E-5	1	1	243	175	2	13	+C
barcode74_consensus_vsearch	1201	G	*/-C	418	18	3.89%	2	2	93	93	3.189285095484537E-6	1	1	243	175	14	4	-C
barcode74_consensus_vsearch	1208	T	*/-AC	451	8	1.72%	2	1	93	93	0.0037879507121486144	1	1	256	195	8	0	-AC
barcode74_consensus_vsearch	1209	A	*/-C	428	9	1.98%	2	1	93	93	0.0018735509751739627	1	1	233	195	9	0	-C
barcode74_consensus_vsearch	1219	C	*/-AC	448	7	1.52%	2	2	93	93	0.00763300706774014	1	1	259	189	6	1	-AC
barcode74_consensus_vsearch	1232	C	*/-AC	452	7	1.5%	2	1	93	93	0.007634564377795515	1	1	261	191	7	0	-AC
barcode74_consensus_vsearch	1233	A	*/+T	443	12	2.61%	2	1	93	93	2.268494660858375E-4	1	1	259	184	0	12	+T
barcode74_consensus_vsearch	1276	T	*/+C	451	7	1.51%	2	2	93	93	0.007634177589087493	1	1	258	193	6	1	+C
barcode74_consensus_vsearch	1280	C	*/+T	404	20	4.3%	2	1	93	93	7.582180660331639E-7	1	1	261	143	0	20	+T
barcode74_consensus_vsearch	1280	C	*/-T	404	32	6.88%	2	2	93	93	1.2903045124841333E-10	1	1	261	143	1	31	-T
barcode74_consensus_vsearch	1283	A	*/-C	445	13	2.81%	2	2	93	93	1.1197364733708028E-4	1	1	253	192	10	3	-C
barcode74_consensus_vsearch	1303	C	*/-T	439	19	4.09%	2	1	93	93	1.5764436472372235E-6	1	1	267	172	0	19	-T
barcode74_consensus_vsearch	1315	A	*/-C	434	22	4.73%	2	2	93	93	1.839378490089934E-7	1	1	254	180	10	12	-C
barcode74_consensus_vsearch	1318	C	*/-T	445	12	2.58%	2	2	93	93	2.269233384575168E-4	1	1	267	178	1	11	-T
barcode74_consensus_vsearch	1335	C	*/-A	448	8	1.73%	2	2	93	93	0.0037871780401863946	1	1	261	187	4	4	-A
barcode74_consensus_vsearch	1338	A	*/+G	407	15	3.26%	2	2	93	93	2.688891654781441E-5	1	1	250	157	4	11	+G
barcode74_consensus_vsearch	1338	A	*/-G	407	18	3.91%	2	1	93	93	3.1742267644279673E-6	1	1	250	157	0	18	-G
barcode74_consensus_vsearch	1342	C	*/-G	413	45	9.66%	2	2	93	93	9.121981954966318E-15	1	1	264	149	5	40	-G
barcode74_consensus_vsearch	1362	A	*/-G	409	44	9.48%	2	2	93	93	1.897313111072439E-14	1	1	214	195	43	1	-G
barcode74_consensus_vsearch	1372	G	*/-C	452	8	1.72%	2	1	93	93	0.0037882060460031454	1	1	266	186	0	8	-C
barcode74_consensus_vsearch	1374	C	*/-T	430	29	6.24%	2	2	93	93	1.1799634239423985E-9	1	1	269	161	1	28	-T
barcode74_consensus_vsearch	1376	T	*/-C	446	14	3.02%	2	2	93	93	5.520537128080094E-5	1	1	264	182	2	12	-C
barcode74_consensus_vsearch	1379	C	*/-TT	435	8	1.74%	2	2	93	93	0.0037837097715777354	1	1	258	177	1	7	-TT
barcode74_consensus_vsearch	1392	T	*/-C	421	33	7.11%	2	2	93	93	6.368454101522375E-11	1	1	231	190	31	2	-C
barcode74_consensus_vsearch	1394	C	*/-G	431	7	1.52%	2	2	93	93	0.007626072650234986	1	1	262	169	2	5	-G
barcode74_consensus_vsearch	1394	C	*/-GG	431	20	4.34%	2	2	93	93	7.689356860960038E-7	1	1	262	169	2	18	-GG
barcode74_consensus_vsearch	1398	A	*/-T	435	25	5.39%	2	1	93	93	2.1317669098559165E-8	1	1	241	194	25	0	-T
barcode74_consensus_vsearch	1405	T	*/-C	441	20	4.3%	2	2	93	93	7.72614023967414E-7	1	1	255	186	12	8	-C
barcode74_consensus_vsearch	1408	C	*/-T	453	10	2.15%	2	2	93	93	9.297707531715176E-4	1	1	267	186	2	8	-T
barcode74_consensus_vsearch	1410	T	*/-C	450	9	1.94%	2	2	93	93	0.0018773250232725807	1	1	266	184	3	6	-C
barcode74_consensus_vsearch	1422	C	*/+A	423	12	2.59%	2	2	93	93	2.2607433164831964E-4	1	1	229	194	11	1	+A
barcode74_consensus_vsearch	1422	C	*/-A	423	25	5.4%	2	1	93	93	2.1121828246927912E-8	1	1	229	194	25	0	-A
barcode74_consensus_vsearch	1429	C	*/-A	438	20	4.32%	2	1	93	93	7.715259321483055E-7	1	1	246	192	20	0	-A
barcode74_consensus_vsearch	1431	C	*/-T	441	13	2.8%	2	1	93	93	1.1188731357687094E-4	1	1	268	173	0	13	-T
barcode74_consensus_vsearch	1447	T	*/+C	449	7	1.5%	2	2	93	93	0.00763339894512905	1	1	259	190	3	4	+C
barcode74_consensus_vsearch	1453	C	*/-G	450	10	2.15%	2	2	93	93	9.294699516735583E-4	1	1	268	182	1	9	-G
barcode74_consensus_vsearch	1470	C	*/+A	444	8	1.73%	2	2	93	93	0.0037861319732248877	1	1	260	184	3	5	+A
barcode74_consensus_vsearch	1485	T	*/+C	429	7	1.5%	2	2	93	93	0.007625221451403564	1	1	235	194	6	1	+C
barcode74_consensus_vsearch	1485	T	*/-C	429	28	6.01%	2	2	93	93	2.4319188303312163E-9	1	1	235	194	27	1	-C
barcode74_consensus_vsearch	1487	C	*/-G	447	12	2.58%	2	2	93	93	2.2699658258221208E-4	1	1	263	184	1	11	-G
barcode74_consensus_vsearch	1491	G	*/-AG	417	26	5.74%	2	2	93	93	1.0213359333062522E-8	1	1	227	190	21	5	-AG
barcode74_consensus_vsearch	1492	A	*/-G	406	17	3.96%	2	2	93	93	6.475614813585104E-6	1	1	221	185	15	2	-G
barcode74_consensus_vsearch	1495	C	*/-T	456	8	1.72%	2	1	93	93	0.0037892164544094686	1	1	270	186	0	8	-T
barcode74_consensus_vsearch	1505	A	*/-C	410	36	7.83%	2	2	93	93	6.972406966269475E-12	1	1	237	173	15	21	-C
barcode74_consensus_vsearch	1505	A	*/-CC	410	10	2.17%	2	2	93	93	9.250551591024766E-4	1	1	237	173	9	1	-C
barcode74_consensus_vsearch	1508	C	*/-G	412	10	2.16%	2	2	93	93	9.25295461603329E-4	1	1	265	147	1	9	-G
barcode74_consensus_vsearch	1521	T	*/-G	441	16	3.45%	2	1	93	93	1.3351025063092043E-5	1	1	266	175	0	16	-G
barcode74_consensus_vsearch	1529	T	*/-C	376	85	18.24%	2	1	93	93	3.614398957993105E-28	1	1	182	194	85	0	-C
barcode74_consensus_vsearch	1540	T	*/-C	411	24	5.16%	2	2	93	93	4.3019061497432856E-8	1	1	232	179	16	8	-C
barcode74_consensus_vsearch	1540	T	*/-CC	411	24	5.16%	2	2	93	93	4.3019061497432856E-8	1	1	232	179	17	7	-C
barcode74_consensus_vsearch	1543	C	*/-G	422	18	3.88%	2	1	93	93	3.1945872707708225E-6	1	1	248	174	18	0	-G
barcode74_consensus_vsearch	1544	G	*/+A	417	11	2.46%	2	1	93	93	4.575287206333824E-4	1	1	221	196	11	0	+A
barcode74_consensus_vsearch	1544	G	*/-A	417	15	3.36%	2	1	93	93	2.69691812291492E-5	1	1	221	196	15	0	-A
barcode74_consensus_vsearch	1545	A	*/-G	432	8	1.78%	2	1	93	93	0.0037828805172695963	1	1	239	193	8	0	-G
barcode74_consensus_vsearch	1547	G	*/-C	452	7	1.51%	2	1	93	93	0.007634564377795515	1	1	258	194	7	0	-C
barcode74_consensus_vsearch	1556	T	*/+C	425	9	1.94%	2	2	93	93	0.0018730070190884252	1	1	251	174	5	4	+C
barcode74_consensus_vsearch	1556	T	*/-C	425	22	4.75%	2	2	93	93	1.82955822830081E-7	1	1	251	174	7	15	-C
barcode74_consensus_vsearch	1562	T	*/-C	444	16	3.43%	2	1	93	93	1.3362860290595994E-5	1	1	249	195	16	0	-C
barcode74_consensus_vsearch	1576	C	*/+AC	448	11	2.38%	2	1	93	93	4.59566741968889E-4	1	1	254	194	11	0	+AC
barcode74_consensus_vsearch	1606	C	*/-GC	456	7	1.51%	2	2	93	93	0.007636094898325736	1	1	263	193	5	2	-GC
barcode74_consensus_vsearch	1624	T	*/-C	397	56	12.15%	2	2	93	93	2.2666510340986367E-18	1	1	212	185	49	7	-C
barcode74_consensus_vsearch	1630	G	*/+C	440	8	1.72%	2	2	93	93	0.0037850673649748043	1	1	248	192	7	1	+C
barcode74_consensus_vsearch	1633	C	*/-T	453	8	1.72%	2	2	93	93	0.003788460280099838	1	1	267	186	1	7	-T
barcode74_consensus_vsearch	1637	T	*/-CC	448	10	2.15%	2	1	93	93	9.292672599433581E-4	1	1	254	194	10	0	-CC
barcode74_consensus_vsearch	1646	C	*/-GC	454	7	1.5%	2	1	93	93	0.007635332943374405	1	1	268	186	0	7	-GC
barcode74_consensus_vsearch	1652	C	*/-A	449	8	1.72%	2	1	93	93	0.0037874367164761535	1	1	257	192	8	0	-A
barcode74_consensus_vsearch	1677	T	*/+A	452	7	1.51%	2	1	93	93	0.007634564377795515	1	1	258	194	7	0	+A
barcode74_consensus_vsearch	1683	C	*/+T	418	17	3.66%	2	1	93	93	6.505544070653668E-6	1	1	228	190	17	0	+T
barcode74_consensus_vsearch	1683	C	*/-T	418	28	6.02%	2	2	93	93	2.4056598151470424E-9	1	1	228	190	23	5	-T
barcode74_consensus_vsearch	1689	A	*/-C	448	7	1.51%	2	2	93	93	0.00763300706774014	1	1	254	194	6	1	-C
barcode74_consensus_vsearch	1691	C	*/-T	438	21	4.51%	2	2	93	93	3.7734937902759485E-7	1	1	262	176	2	19	-T
barcode74_consensus_vsearch	1694	T	*/+C	380	25	5.36%	2	2	93	93	2.0340260797745687E-8	1	1	239	141	12	13	+C
barcode74_consensus_vsearch	1694	T	*/-C	380	40	8.58%	2	2	93	93	3.431277444385522E-13	1	1	239	141	14	26	-C
barcode74_consensus_vsearch	1711	G	*/-TG	436	19	4.09%	2	2	93	93	1.5744230304599457E-6	1	1	247	189	14	5	-TG
barcode74_consensus_vsearch	1732	T	*/-A	451	10	2.15%	2	1	93	93	9.295706475538195E-4	1	1	256	195	10	0	-A
barcode74_consensus_vsearch	1742	T	*/-A	449	7	1.5%	2	2	93	93	0.00763339894512905	1	1	255	194	5	2	-A
barcode74_consensus_vsearch	1744	G	*/-A	448	10	2.15%	2	2	93	93	9.292672599433581E-4	1	1	254	194	8	2	-A
barcode74_consensus_vsearch	1746	A	*/-G	439	16	3.46%	2	2	93	93	1.334305260639601E-5	1	1	251	188	9	7	-G
barcode74_consensus_vsearch	1757	T	*/-C	427	20	4.4%	2	2	93	93	7.67422341324127E-7	1	1	245	182	14	6	-C
barcode74_consensus_vsearch	1760	C	*/-AC	444	16	3.44%	2	1	93	93	1.3362860290595994E-5	1	1	250	194	16	0	-AC
barcode74_consensus_vsearch	1761	A	*/-CT	415	28	6.26%	2	1	93	93	2.398315875980072E-9	1	1	220	195	28	0	-CT
barcode74_consensus_vsearch	1777	C	*/+A	425	19	4.11%	2	2	93	93	1.566798887158905E-6	1	1	260	165	4	15	+A
barcode74_consensus_vsearch	1777	C	*/-A	425	13	2.81%	2	2	93	93	1.115267016392494E-4	1	1	260	165	3	10	+A
barcode74_consensus_vsearch	1782	C	*/-T	450	10	2.15%	2	1	93	93	9.294699516735583E-4	1	1	255	195	10	0	-T
barcode74_consensus_vsearch	1791	T	*/-C	454	8	1.72%	2	1	93	93	0.0037887134215269843	1	1	269	185	0	8	-C
barcode74_consensus_vsearch	1806	C	*/-A	451	8	1.72%	2	1	93	93	0.0037879507121486144	1	1	269	182	0	8	-A
barcode74_consensus_vsearch	1814	C	*/-A	425	23	5.04%	2	2	93	93	8.922929236344478E-8	1	1	239	186	20	3	-A
barcode74_consensus_vsearch	1845	A	*/-C	410	45	9.7%	2	2	93	93	9.050334586819183E-15	1	1	259	151	6	39	-C
barcode74_consensus_vsearch	1860	G	*/-A	453	9	1.94%	2	1	93	93	0.0018778121106653614	1	1	257	196	9	0	-A
barcode74_consensus_vsearch	1869	C	*/-G	451	10	2.16%	2	1	93	93	9.295706475538195E-4	1	1	269	182	0	10	-G
barcode74_consensus_vsearch	1875	T	*/+C	442	10	2.15%	2	1	93	93	9.286485810021079E-4	1	1	247	195	10	0	+C
barcode74_consensus_vsearch	1875	T	*/-C	442	10	2.15%	2	1	93	93	9.286485810021079E-4	1	1	247	195	10	0	+C
barcode74_consensus_vsearch	1906	G	*/+T	453	8	1.72%	2	1	93	93	0.003788460280099838	1	1	267	186	0	8	+T
barcode74_consensus_vsearch	1908	C	*/-T	456	9	1.94%	2	1	93	93	0.0018782929787467238	1	1	269	187	0	9	-T
barcode74_consensus_vsearch	1911	T	*/+A	447	11	2.38%	2	1	93	93	4.595052234613434E-4	1	1	252	195	11	0	+A
barcode74_consensus_vsearch	1914	T	*/-GC	454	8	1.72%	2	2	93	93	0.0037887134215269843	1	1	265	189	2	6	-GC
barcode74_consensus_vsearch	1928	C	*/+G	362	9	1.94%	2	2	93	93	0.0018595784596105505	1	1	227	135	3	6	+G
barcode74_consensus_vsearch	1928	C	*/-G	362	85	18.36%	2	2	93	93	3.1164682577841653E-28	1	1	227	135	34	51	-G
barcode74_consensus_vsearch	1929	G	*/+A	354	7	1.86%	2	1	93	93	0.007586531645336925	1	1	213	141	7	0	+A
barcode74_consensus_vsearch	1938	T	*/+C	430	8	1.72%	2	2	93	93	0.0037823214180042796	1	1	238	192	7	1	+C
barcode74_consensus_vsearch	1938	T	*/-C	430	24	5.16%	2	2	93	93	4.3626126270415345E-8	1	1	238	192	22	2	-C
barcode74_consensus_vsearch	1943	T	*/-CC	447	8	1.72%	2	1	93	93	0.0037869182351470006	1	1	251	196	8	0	-CC
barcode74_consensus_vsearch	1946	C	*/-A	454	7	1.5%	2	2	93	93	0.007635332943374405	1	1	267	187	1	6	-A
barcode74_consensus_vsearch	1954	A	*/-CA	418	42	9.03%	2	2	93	93	8.529796987869014E-14	1	1	247	171	17	25	-CA
barcode74_consensus_vsearch	1966	T	*/+C	367	19	4.16%	2	2	93	93	1.5200610461929761E-6	1	1	219	148	11	8	+C
barcode74_consensus_vsearch	1966	T	*/-C	367	63	13.79%	2	2	93	93	9.342743186953516E-21	1	1	219	148	36	27	-C
barcode74_consensus_vsearch	1974	C	*/-A	452	9	1.94%	2	2	93	93	0.0018776504451702718	1	1	259	193	8	1	-A
barcode74_consensus_vsearch	1977	T	*/-C	449	11	2.36%	2	1	93	93	4.596279980803229E-4	1	1	268	181	0	11	-C
barcode74_consensus_vsearch	1987	T	*/+G	282	14	3.03%	2	2	93	93	5.215043465149567E-5	1	1	153	129	3	11	+G
barcode74_consensus_vsearch	1987	T	*/-G	282	154	33.33%	2	2	93	93	2.9189262462877674E-54	1	1	153	129	108	46	-G
barcode74_consensus_vsearch	1994	A	*/-TC	449	7	1.51%	2	1	93	93	0.00763339894512905	1	1	267	182	0	7	-TC
barcode74_consensus_vsearch	1997	C	*/+T	444	7	1.5%	2	2	93	93	0.007631422258539495	1	1	269	175	1	6	+T
barcode74_consensus_vsearch	2003	A	*/-G	443	8	1.74%	2	2	93	93	0.003785867578538486	1	1	264	179	1	7	-G
barcode74_consensus_vsearch	2004	G	*/+T	430	11	2.41%	2	1	93	93	4.584175673957473E-4	1	1	251	179	11	0	+T
barcode74_consensus_vsearch	2004	G	*/-T	430	11	2.41%	2	2	93	93	4.584175673957473E-4	1	1	251	179	5	6	+T
barcode74_consensus_vsearch	2007	T	*/-C	445	7	1.51%	2	1	93	93	0.007631821078608308	1	1	268	177	0	7	-C
barcode74_consensus_vsearch	2008	C	*/+T	392	18	3.99%	2	2	93	93	3.152488292761702E-6	1	1	253	139	6	12	+T
barcode74_consensus_vsearch	2008	C	*/+TT	392	7	1.55%	2	2	93	93	0.007607942959128091	1	1	253	139	1	6	+T
barcode74_consensus_vsearch	2008	C	*/-T	392	28	6.21%	2	2	93	93	2.3392382729302313E-9	1	1	253	139	8	20	-T
barcode74_consensus_vsearch	2012	T	*/-C	449	10	2.15%	2	2	93	93	9.29368823401496E-4	1	1	269	180	1	9	-C
barcode74_consensus_vsearch	2037	T	*/+C	445	12	2.58%	2	1	93	93	2.269233384575168E-4	1	1	253	192	12	0	+C
barcode74_consensus_vsearch	2042	C	*/-G	444	9	1.95%	2	2	93	93	0.0018763317016516773	1	1	257	187	5	4	-G
barcode74_consensus_vsearch	2049	T	+C/+C	70	383	82.19%	2	2	93	93	9.11250650717729E-184	1	1	53	17	212	171	+C
barcode74_consensus_vsearch	2051	C	*/+T	412	9	1.93%	2	1	93	93	0.001870561328848028	1	1	228	184	0	9	+T
barcode74_consensus_vsearch	2051	C	*/-A	412	34	7.3%	2	1	93	93	3.027692743678232E-11	1	1	228	184	34	0	-A
barcode74_consensus_vsearch	2051	C	*/-AC	412	7	1.5%	2	2	93	93	0.007617659773976637	1	1	228	184	6	1	-A
barcode74_consensus_vsearch	2052	A	*/+C	270	10	2.36%	2	2	93	93	8.999065315314767E-4	1	1	121	149	4	6	+C
barcode74_consensus_vsearch	2052	A	*/-C	270	136	32.08%	2	2	93	93	1.3383341393781478E-47	1	1	121	149	98	38	-C
barcode74_consensus_vsearch	2060	G	*/-AG	439	18	3.9%	2	1	93	93	3.21615593583041E-6	1	1	245	194	18	0	-AG
barcode74_consensus_vsearch	2061	A	*/+G	431	7	1.57%	2	1	93	93	0.007626072650234986	1	1	235	196	7	0	+G
barcode74_consensus_vsearch	2065	C	*/-AT	446	10	2.15%	2	1	93	93	9.290628161964562E-4	1	1	252	194	10	0	-AT
barcode74_consensus_vsearch	2069	T	*/+A	390	10	2.19%	2	2	93	93	9.225221739189795E-4	1	1	243	147	9	1	+A
barcode74_consensus_vsearch	2069	T	*/-GT	390	47	10.28%	2	2	93	93	1.9228850346619807E-15	1	1	243	147	10	37	-GT
barcode74_consensus_vsearch	2071	T	*/-A	382	10	2.43%	2	2	93	93	9.214378424824657E-4	1	1	237	145	8	2	-A
barcode74_consensus_vsearch	2073	G	*/-A	444	8	1.73%	2	2	93	93	0.0037861319732248877	1	1	252	192	6	2	-A
barcode74_consensus_vsearch	2075	A	*/+G	416	35	7.56%	2	2	93	93	1.4655419324750413E-11	1	1	256	160	7	28	+G
barcode74_consensus_vsearch	2093	G	*/+C	425	7	1.51%	2	1	93	93	0.007623495521158642	1	1	242	183	7	0	+C
barcode74_consensus_vsearch	2093	G	*/+CT	425	8	1.72%	2	1	93	93	0.0037809012469126957	1	1	242	183	8	0	+CT
barcode74_consensus_vsearch	2093	G	*/-TG	425	9	1.94%	2	1	93	93	0.0018730070190884252	1	1	242	183	0	9	-TG
barcode74_consensus_vsearch	2096	A	*/+G	450	8	1.74%	2	1	93	93	0.003787694271375089	1	1	257	193	8	0	+G
barcode74_consensus_vsearch	2097	T	*/+C	412	23	4.96%	2	2	93	93	8.843967254440978E-8	1	1	243	169	16	7	+C
barcode74_consensus_vsearch	2097	T	*/-C	412	29	6.25%	2	2	93	93	1.1574519676521972E-9	1	1	243	169	10	19	-C
barcode74_consensus_vsearch	2105	C	*/+G	435	18	3.86%	2	2	93	93	3.2112166959811652E-6	1	1	259	176	4	14	+G
barcode74_consensus_vsearch	2105	C	*/-A	435	9	1.93%	2	2	93	93	0.0018747919330438447	1	1	259	176	6	3	+G
barcode74_consensus_vsearch	2107	G	*/-A	449	9	1.93%	2	2	93	93	0.001877161257840413	1	1	257	192	6	3	-A
barcode74_consensus_vsearch	2108	A	*/-G	435	13	2.87%	2	1	93	93	1.1175501046296811E-4	1	1	245	190	13	0	-G
barcode74_consensus_vsearch	2109	G	*/-AG	399	38	8.48%	2	2	93	93	1.5694738408221542E-12	1	1	216	183	28	10	-AG
barcode74_consensus_vsearch	2110	A	*/+G	399	7	1.67%	2	2	93	93	0.007611452190916357	1	1	229	170	3	4	+G
barcode74_consensus_vsearch	2115	C	*/-T	447	12	2.58%	2	2	93	93	2.2699658258221208E-4	1	1	267	180	1	11	-T
barcode74_consensus_vsearch	2123	C	*/-G	442	11	2.38%	2	2	93	93	4.591936353588643E-4	1	1	247	195	10	1	-G
barcode74_consensus_vsearch	2129	G	*/-A	455	7	1.51%	2	1	93	93	0.007635714741848557	1	1	261	194	7	0	-A
barcode74_consensus_vsearch	2136	G	*/-C	426	33	7.08%	2	2	93	93	6.412005242375973E-11	1	1	234	192	32	1	-C
barcode74_consensus_vsearch	2140	A	*/+C	442	7	1.52%	2	2	93	93	0.007630619313173879	1	1	261	181	1	6	+C
barcode74_consensus_vsearch	2140	A	*/-C	442	9	1.96%	2	2	93	93	0.0018759947844450028	1	1	261	181	1	8	-C
barcode74_consensus_vsearch	2142	C	*/-TC	453	7	1.51%	2	2	93	93	0.00763494949227727	1	1	266	187	1	6	-TC
barcode74_consensus_vsearch	2156	C	*/+A	452	10	2.15%	2	1	93	93	9.296709138046124E-4	1	1	258	194	10	0	+A
barcode74_consensus_vsearch	2166	G	*/+C	442	23	4.95%	2	1	93	93	9.020314872096881E-8	1	1	269	173	0	23	+C
barcode74_consensus_vsearch	2168	T	*/-C	415	18	3.89%	2	2	93	93	3.1852487497487506E-6	1	1	262	153	1	17	-C
barcode74_consensus_vsearch	2183	C	*/+G	386	11	2.36%	2	2	93	93	4.551794212032011E-4	1	1	198	188	9	2	+G
barcode74_consensus_vsearch	2183	C	*/-A	386	57	12.23%	2	2	93	93	1.0116696178885932E-18	1	1	198	188	54	3	-A
barcode74_consensus_vsearch	2190	T	*/+C	452	10	2.15%	2	2	93	93	9.296709138046124E-4	1	1	261	191	9	1	+C
barcode74_consensus_vsearch	2192	T	*/+G	442	12	2.61%	2	1	93	93	2.2681229177552487E-4	1	1	265	177	0	12	+G
barcode74_consensus_vsearch	2194	A	*/+G	415	7	1.53%	2	1	93	93	0.007619038242851565	1	1	238	177	0	7	+G
barcode74_consensus_vsearch	2194	A	*/-G	415	27	5.88%	2	2	93	93	4.947574709195323E-9	1	1	238	177	25	2	-G
barcode74_consensus_vsearch	2196	G	*/-A	446	8	1.75%	2	2	93	93	0.0037866572939678073	1	1	256	190	7	1	-A
barcode74_consensus_vsearch	2208	G	*/+A	456	7	1.51%	2	1	93	93	0.007636094898325736	1	1	261	195	7	0	+A
barcode74_consensus_vsearch	2215	G	*/+C	439	10	2.16%	2	1	93	93	9.283331329900578E-4	1	1	248	191	10	0	+C
barcode74_consensus_vsearch	2215	G	*/-C	439	7	1.51%	2	2	93	93	0.00762940145447119	1	1	248	191	6	1	+C
barcode74_consensus_vsearch	2218	G	*/-TG	449	8	1.72%	2	1	93	93	0.0037874367164761535	1	1	264	185	0	8	-TG
barcode74_consensus_vsearch	2220	G	*/-A	438	9	1.98%	2	1	93	93	0.001875312003649851	1	1	256	182	9	0	-A
barcode74_consensus_vsearch	2223	T	*/+C	428	7	1.51%	2	2	93	93	0.007624792930600719	1	1	237	191	6	1	+C
barcode74_consensus_vsearch	2223	T	*/-C	428	15	3.24%	2	2	93	93	2.7053473538898E-5	1	1	237	191	14	1	-C
barcode74_consensus_vsearch	2223	T	*/-CC	428	12	2.59%	2	1	93	93	2.2627455527610537E-4	1	1	237	191	12	0	-C
barcode74_consensus_vsearch	2226	C	*/+A	418	10	2.15%	2	1	93	93	9.260031044371504E-4	1	1	250	168	10	0	+A
barcode74_consensus_vsearch	2227	G	*/-A	440	21	4.54%	2	1	93	93	3.7774144630662095E-7	1	1	244	196	21	0	-A
barcode74_consensus_vsearch	2229	A	*/-C	401	17	3.66%	2	2	93	93	6.4626696798029955E-6	1	1	213	188	12	5	-C
barcode74_consensus_vsearch	2229	A	*/-CC	401	39	8.39%	2	1	93	93	7.538239447214951E-13	1	1	213	188	39	0	-CC
barcode74_consensus_vsearch	2232	C	*/-G	446	15	3.22%	2	2	93	93	2.7183100842401805E-5	1	1	267	179	1	14	-G
barcode74_consensus_vsearch	2237	A	*/-G	363	85	18.56%	2	2	93	93	3.1507135805269384E-28	1	1	205	158	50	35	-G
barcode74_consensus_vsearch	2241	A	*/-G	419	12	2.58%	2	2	93	93	2.2591089391076449E-4	1	1	226	193	10	2	-G
barcode74_consensus_vsearch	2241	A	*/-GA	419	30	6.45%	2	1	93	93	5.643338338880112E-10	1	1	226	193	30	0	-GA
barcode74_consensus_vsearch	2242	G	*/+A	397	15	3.56%	2	2	93	93	2.680494198264461E-5	1	1	214	183	9	6	+A
barcode74_consensus_vsearch	2248	C	*/-T	446	14	3.02%	2	1	93	93	5.520537128080094E-5	1	1	266	180	0	14	-T
barcode74_consensus_vsearch	2249	T	*/-C	396	49	10.89%	2	2	93	93	4.3879889482566174E-16	1	1	252	144	16	33	-C
barcode74_consensus_vsearch	2251	C	*/+G	420	13	2.81%	2	2	93	93	1.1140871758939428E-4	1	1	255	165	3	10	+G
barcode74_consensus_vsearch	2251	C	*/-G	420	9	1.94%	2	1	93	93	0.0018720837112055043	1	1	255	165	9	0	+G
barcode74_consensus_vsearch	2261	A	*/-GA	449	10	2.16%	2	1	93	93	9.29368823401496E-4	1	1	254	195	10	0	-GA
barcode74_consensus_vsearch	2279	T	*/-G	454	7	1.51%	2	2	93	93	0.007635332943374405	1	1	268	186	2	5	-G
barcode74_consensus_vsearch	2292	T	*/-C	441	20	4.29%	2	2	93	93	7.72614023967414E-7	1	1	260	181	6	14	-C
barcode74_consensus_vsearch	2294	C	*/-T	457	8	1.72%	2	1	93	93	0.0037894663597456	1	1	270	187	0	8	-T
barcode74_consensus_vsearch	2295	T	*/-G	428	10	2.18%	2	2	93	93	9.271400825692105E-4	1	1	263	165	4	6	-G
barcode74_consensus_vsearch	2295	T	*/-GG	428	9	1.97%	2	1	93	93	0.0018735509751739627	1	1	263	165	0	9	-G
barcode74_consensus_vsearch	2299	T	*/-A	409	40	8.66%	2	2	93	93	3.665031995689655E-13	1	1	228	181	36	4	-A
barcode74_consensus_vsearch	2303	G	*/+C	448	12	2.58%	2	1	93	93	2.2703297154905811E-4	1	1	269	179	0	12	+C
barcode74_consensus_vsearch	2305	T	*/-C	446	12	2.59%	2	1	93	93	2.2696003854954554E-4	1	1	266	180	0	12	-C
barcode74_consensus_vsearch	2315	G	*/-CG	449	10	2.16%	2	1	93	93	9.29368823401496E-4	1	1	265	184	0	10	-CG
barcode74_consensus_vsearch	2323	C	*/-A	456	8	1.72%	2	2	93	93	0.0037892164544094686	1	1	268	188	2	6	-A
barcode74_consensus_vsearch	2327	T	*/-C	444	12	2.58%	2	1	93	93	2.268864813065808E-4	1	1	266	178	0	12	-C
barcode74_consensus_vsearch	2342	T	*/-AA	445	7	1.51%	2	1	93	93	0.007631821078608308	1	1	264	181	0	7	-AA
barcode74_consensus_vsearch	2345	G	*/+T	430	9	1.94%	2	2	93	93	0.0018739095280781474	1	1	241	189	7	2	+T
barcode74_consensus_vsearch	2345	G	*/-T	430	20	4.3%	2	2	93	93	7.685596503616361E-7	1	1	241	189	18	2	-T
barcode74_consensus_vsearch	2349	T	*/-G	440	16	3.43%	2	1	93	93	1.334704713368794E-5	1	1	268	172	0	16	-G
barcode74_consensus_vsearch	2361	T	*/+C	440	7	1.51%	2	1	93	93	0.007629809215418646	1	1	249	191	7	0	+C
barcode74_consensus_vsearch	2361	T	*/+CC	440	8	1.72%	2	1	93	93	0.0037850673649748043	1	1	249	191	8	0	+CC
barcode74_consensus_vsearch	2362	C	*/-A	449	10	2.15%	2	1	93	93	9.29368823401496E-4	1	1	256	193	10	0	-A
barcode74_consensus_vsearch	2377	A	*/-T	432	24	5.19%	2	2	93	93	4.368747672723876E-8	1	1	250	182	13	11	-T
barcode74_consensus_vsearch	2404	G	*/-TG	446	10	2.16%	2	1	93	93	9.290628161964562E-4	1	1	263	183	0	10	-TG
barcode74_consensus_vsearch	2407	C	*/+T	442	8	1.75%	2	2	93	93	0.0037856020174325917	1	1	251	191	7	1	+T
barcode74_consensus_vsearch	2408	C	*/+A	416	20	4.32%	2	1	93	93	7.631304417463694E-7	1	1	222	194	20	0	+A
barcode74_consensus_vsearch	2408	C	*/-A	416	7	1.51%	2	1	93	93	0.007619493408432325	1	1	222	194	7	0	+A
barcode74_consensus_vsearch	2410	A	*/+G	409	15	3.23%	2	2	93	93	2.690525827778812E-5	1	1	236	173	10	5	+G
barcode74_consensus_vsearch	2410	A	*/-G	409	31	6.68%	2	2	93	93	2.693361603462324E-10	1	1	236	173	20	11	-G
barcode74_consensus_vsearch	2415	T	*/-C	409	53	11.37%	2	1	93	93	2.2818967727406962E-17	1	1	215	194	53	0	-C
barcode74_consensus_vsearch	2440	T	*/-C	448	7	1.52%	2	1	93	93	0.00763300706774014	1	1	266	182	0	7	-C
barcode74_consensus_vsearch	2441	C	*/+T	435	13	2.85%	2	2	93	93	1.1175501046296811E-4	1	1	267	168	1	12	+T
barcode74_consensus_vsearch	2465	T	*/-G	446	19	4.08%	2	2	93	93	1.5810646647811695E-6	1	1	269	177	1	18	-G
barcode74_consensus_vsearch	2472	C	*/-A	405	48	10.37%	2	2	93	93	9.54203245535575E-16	1	1	215	190	46	2	-A
barcode74_consensus_vsearch	2477	G	*/-T	448	12	2.58%	2	2	93	93	2.2703297154905811E-4	1	1	255	193	10	2	-T
barcode74_consensus_vsearch	2489	T	*/-C	395	64	13.79%	2	1	93	93	5.1111153644858634E-21	1	1	203	192	64	0	-C
barcode74_consensus_vsearch	2491	C	*/-G	427	22	4.72%	2	1	93	93	1.831770783503224E-7	1	1	258	169	0	22	-G
barcode74_consensus_vsearch	2493	G	*/-A	457	7	1.51%	2	2	93	93	0.007636473423421301	1	1	264	193	6	1	-A
barcode74_consensus_vsearch	2496	A	*/-C	431	21	4.55%	2	2	93	93	3.7595249768809874E-7	1	1	260	171	3	18	-C
barcode74_consensus_vsearch	2498	C	*/-G	416	26	5.58%	2	2	93	93	1.020437283771665E-8	1	1	267	149	1	25	-G
barcode74_consensus_vsearch	2498	C	*/-GG	416	15	3.22%	2	1	93	93	2.6961314693497337E-5	1	1	267	149	0	15	-G
barcode74_consensus_vsearch	2511	C	*/+G	402	7	1.53%	2	2	93	93	0.0076129195598281015	1	1	231	171	3	4	+G
barcode74_consensus_vsearch	2511	C	*/-G	402	33	7.21%	2	2	93	93	6.196429494837227E-11	1	1	231	171	21	12	-G
barcode74_consensus_vsearch	2526	T	*/-C	418	42	9.09%	2	2	93	93	8.529796987869014E-14	1	1	228	190	41	1	-C
barcode74_consensus_vsearch	2532	G	*/-T	441	18	3.88%	2	1	93	93	3.218595437287658E-6	1	1	267	174	0	18	-T
barcode74_consensus_vsearch	2538	C	*/-G	450	10	2.15%	2	1	93	93	9.294699516735583E-4	1	1	255	195	10	0	-G
barcode74_consensus_vsearch	2539	G	*/-A	446	9	1.97%	2	2	93	93	0.0018766656885966895	1	1	251	195	8	1	-A
barcode74_consensus_vsearch	2540	A	*/+G	316	7	1.53%	2	1	93	93	0.007560114368843736	1	1	235	81	7	0	+G
barcode74_consensus_vsearch	2540	A	*/-G	316	52	11.38%	2	2	93	93	3.194026059518604E-17	1	1	235	81	17	35	-G
barcode74_consensus_vsearch	2540	A	*/-GG	316	79	17.29%	2	2	93	93	2.1586245404198405E-26	1	1	235	81	1	78	-GG
barcode74_consensus_vsearch	2544	G	*/+C	442	7	1.5%	2	1	93	93	0.007630619313173879	1	1	251	191	7	0	+C
barcode74_consensus_vsearch	2544	G	*/-C	442	11	2.36%	2	1	93	93	4.591936353588643E-4	1	1	251	191	11	0	-C
barcode74_consensus_vsearch	2549	C	*/+A	442	8	1.74%	2	1	93	93	0.0037856020174325917	1	1	249	193	8	0	+A
barcode74_consensus_vsearch	2550	G	*/-A	448	8	1.72%	2	1	93	93	0.0037871780401863946	1	1	253	195	8	0	-A
barcode74_consensus_vsearch	2551	A	*/+G	88	338	74.12%	2	2	93	93	8.850123748880227E-155	1	1	73	15	162	176	+G
barcode74_consensus_vsearch	2551	A	*/+GG	88	9	1.97%	2	2	93	93	0.0016084874268040704	1	1	73	15	8	1	+G
barcode74_consensus_vsearch	2552	G	*/+A	447	8	1.75%	2	1	93	93	0.0037869182351470006	1	1	252	195	8	0	+A
barcode74_consensus_vsearch	2553	G	*/+A	420	24	5.21%	2	1	93	93	4.3312211249447526E-8	1	1	227	193	24	0	+A
barcode74_consensus_vsearch	2555	C	*/+A	370	14	3.04%	2	1	93	93	5.409998888327447E-5	1	1	180	190	14	0	+A
barcode74_consensus_vsearch	2555	C	*/+T	370	12	2.6%	2	1	93	93	2.236390528231034E-4	1	1	180	190	12	0	+A
barcode74_consensus_vsearch	2556	G	*/-A	439	18	3.88%	2	2	93	93	3.21615593583041E-6	1	1	246	193	16	2	-A
barcode74_consensus_vsearch	2560	T	*/-C	449	8	1.72%	2	1	93	93	0.0037874367164761535	1	1	264	185	0	8	-C
barcode74_consensus_vsearch	2561	C	*/-TC	443	11	2.41%	2	2	93	93	4.5925649147354655E-4	1	1	265	178	2	9	-TC
barcode74_consensus_vsearch	2562	T	*/-C	434	9	2%	2	2	93	93	0.0018746170280654298	1	1	250	184	7	2	-C
barcode74_consensus_vsearch	2563	C	*/+TC	434	8	1.8%	2	2	93	93	0.0037834345948323136	1	1	253	181	5	3	+TC
barcode74_consensus_vsearch	2584	A	*/-G	449	11	2.36%	2	2	93	93	4.596279980803229E-4	1	1	257	192	8	3	-G
barcode74_consensus_vsearch	2595	C	*/+G	440	7	1.51%	2	1	93	93	0.007629809215418646	1	1	255	185	0	7	+G
barcode74_consensus_vsearch	2595	C	*/-G	440	11	2.37%	2	2	93	93	4.590671030956891E-4	1	1	255	185	10	1	-G
barcode74_consensus_vsearch	2620	T	*/-C	447	8	1.72%	2	2	93	93	0.0037869182351470006	1	1	263	184	2	6	-C
barcode74_consensus_vsearch	2624	C	*/+T	440	11	2.4%	2	1	93	93	4.590671030956891E-4	1	1	265	175	0	11	+T
barcode74_consensus_vsearch	2625	T	*/+A	438	8	1.76%	2	1	93	93	0.0037845279531252564	1	1	262	176	0	8	+A
barcode74_consensus_vsearch	2640	G	*/-A	445	14	3.01%	2	1	93	93	5.519311733534499E-5	1	1	253	192	14	0	-A
barcode74_consensus_vsearch	2642	A	*/-G	452	7	1.5%	2	1	93	93	0.007634564377795515	1	1	257	195	7	0	-G
barcode74_consensus_vsearch	2651	C	*/-T	455	9	1.94%	2	1	93	93	0.0018781333730529595	1	1	268	187	0	9	-T
barcode74_consensus_vsearch	2652	T	*/-C	438	18	3.94%	2	1	93	93	3.214928701538414E-6	1	1	252	186	18	0	-C
barcode74_consensus_vsearch	2654	C	*/-A	448	14	3%	2	2	93	93	5.522972572566875E-5	1	1	257	191	12	2	-A
barcode74_consensus_vsearch	2673	C	*/+A	399	19	4.09%	2	2	93	93	1.5473163596853326E-6	1	1	232	167	16	3	+A
barcode74_consensus_vsearch	2673	C	*/-A	399	20	4.3%	2	2	93	93	7.560960467294479E-7	1	1	232	167	14	6	-A
barcode74_consensus_vsearch	2673	C	*/-AA	399	7	1.51%	2	2	93	93	0.007611452190916357	1	1	232	167	1	6	-A
barcode74_consensus_vsearch	2678	T	*/-C	406	46	9.94%	2	2	93	93	4.253960281824235E-15	1	1	229	177	32	14	-C
barcode74_consensus_vsearch	2688	T	*/+C	442	9	1.94%	2	1	93	93	0.0018759947844450028	1	1	246	196	9	0	+C
barcode74_consensus_vsearch	2688	T	*/-C	442	8	1.73%	2	1	93	93	0.0037856020174325917	1	1	246	196	8	0	+C
barcode74_consensus_vsearch	2696	T	*/+C	454	7	1.51%	2	1	93	93	0.007635332943374405	1	1	269	185	0	7	+C
barcode74_consensus_vsearch	2697	C	*/-TC	450	9	1.95%	2	1	93	93	0.0018773250232725807	1	1	268	182	0	9	-TC
barcode74_consensus_vsearch	2699	C	*/-A	445	10	2.19%	2	1	93	93	9.289599302019507E-4	1	1	258	187	10	0	-A
barcode74_consensus_vsearch	2702	C	*/-A	450	7	1.51%	2	2	93	93	0.0076337891152176976	1	1	256	194	6	1	-A
barcode74_consensus_vsearch	2720	G	*/-TAG	439	13	2.79%	2	2	93	93	1.1184359100871172E-4	1	1	252	187	5	8	-TAG
barcode74_consensus_vsearch	2736	T	*/-GT	424	26	5.64%	2	2	93	93	1.0275327797789765E-8	1	1	252	172	13	13	-GT
barcode74_consensus_vsearch	2740	C	*/-A	354	98	21.17%	2	2	93	93	8.576970504509417E-33	1	1	169	185	91	7	-A
barcode74_consensus_vsearch	2748	A	*/+G	380	9	1.96%	2	2	93	93	0.0018638534646934156	1	1	249	131	1	8	+G
barcode74_consensus_vsearch	2748	A	*/-G	380	50	10.89%	2	2	93	93	1.9574633691214953E-16	1	1	249	131	3	47	-G
barcode74_consensus_vsearch	2763	G	*/-TG	441	17	3.67%	2	1	93	93	6.558782257774256E-6	1	1	265	176	0	17	-TG
barcode74_consensus_vsearch	2777	C	*/-AC	454	7	1.5%	2	2	93	93	0.007635332943374405	1	1	260	194	6	1	-AC
barcode74_consensus_vsearch	2785	C	*/+A	448	7	1.51%	2	2	93	93	0.00763300706774014	1	1	255	193	6	1	+A
barcode74_consensus_vsearch	2801	C	*/-A	446	12	2.6%	2	1	93	93	2.2696003854954554E-4	1	1	254	192	12	0	-A
barcode74_consensus_vsearch	2804	G	*/-A	449	10	2.15%	2	2	93	93	9.29368823401496E-4	1	1	256	193	8	2	-A
barcode74_consensus_vsearch	2809	C	*/-T	448	10	2.16%	2	2	93	93	9.292672599433581E-4	1	1	265	183	1	9	-T
barcode74_consensus_vsearch	2812	T	*/-C	427	30	6.44%	2	2	93	93	5.694730079662521E-10	1	1	243	184	27	3	-C
barcode74_consensus_vsearch	2824	T	*/-C	422	34	7.31%	2	2	93	93	3.0731059684365053E-11	1	1	246	176	20	14	-C
barcode74_consensus_vsearch	2831	C	*/-AC	442	8	1.74%	2	1	93	93	0.0037856020174325917	1	1	247	195	8	0	-AC
barcode74_consensus_vsearch	2860	G	*/+C	426	30	6.55%	2	1	93	93	5.688382919929854E-10	1	1	266	160	0	30	+C
barcode74_consensus_vsearch	2861	C	*/-T	431	20	4.36%	2	1	93	93	7.689356860960038E-7	1	1	266	165	0	20	-T
barcode74_consensus_vsearch	2862	T	*/-C	415	27	6.07%	2	1	93	93	4.947574709195323E-9	1	1	268	147	0	27	-C
barcode74_consensus_vsearch	2863	C	*/-TC	400	31	7.08%	2	2	93	93	2.661614223554998E-10	1	1	251	149	18	13	-TC
barcode74_consensus_vsearch	2864	T	*/-C	415	10	2.32%	2	1	93	93	9.256517413502841E-4	1	1	252	163	0	10	-C
barcode74_consensus_vsearch	2892	T	*/+C	448	12	2.58%	2	1	93	93	2.2703297154905811E-4	1	1	253	195	12	0	+C
barcode74_consensus_vsearch	2902	G	*/-CGCG	451	10	2.15%	2	2	93	93	9.295706475538195E-4	1	1	267	184	1	9	-CGCG
barcode74_consensus_vsearch	2904	G	*/-CG	366	88	19.34%	2	2	93	93	3.015261181585086E-29	1	1	221	145	47	41	-CG
barcode74_consensus_vsearch	2911	G	*/-C	442	15	3.23%	2	2	93	93	2.715513921203811E-5	1	1	251	191	14	1	-C
barcode74_consensus_vsearch	2915	A	*/-G	444	11	2.38%	2	2	93	93	4.5931907660072465E-4	1	1	260	184	3	8	-G
barcode74_consensus_vsearch	2921	T	*/+C	446	16	3.43%	2	1	93	93	1.3370669320085908E-5	1	1	251	195	16	0	+C
barcode74_consensus_vsearch	2943	T	*/-A	453	8	1.72%	2	2	93	93	0.003788460280099838	1	1	262	191	7	1	-A
barcode74_consensus_vsearch	2950	G	*/-A	450	7	1.52%	2	2	93	93	0.0076337891152176976	1	1	255	195	6	1	-A
barcode74_consensus_vsearch	2957	T	*/+C	447	7	1.52%	2	2	93	93	0.007632613471737004	1	1	258	189	5	2	+C
barcode74_consensus_vsearch	2963	T	*/-C	432	24	5.17%	2	1	93	93	4.368747672723876E-8	1	1	237	195	24	0	-C
barcode74_consensus_vsearch	2970	G	*/-TG	457	7	1.51%	2	2	93	93	0.007636473423421301	1	1	268	189	2	5	-TG
barcode74_consensus_vsearch	2976	G	*/-C	458	8	1.72%	2	1	93	93	0.0037897152001668	1	1	262	196	8	0	-C
barcode74_consensus_vsearch	2981	T	*/+C	426	21	4.52%	2	2	93	93	3.7493059467302307E-7	1	1	234	192	20	1	+C
barcode74_consensus_vsearch	2981	T	*/-C	426	15	3.23%	2	2	93	93	2.703844645541312E-5	1	1	234	192	12	3	+C
barcode74_consensus_vsearch	2985	T	*/+G	444	7	1.53%	2	1	93	93	0.007631422258539495	1	1	261	183	0	7	+G
barcode74_consensus_vsearch	2987	A	*/-G	445	10	2.16%	2	1	93	93	9.289599302019507E-4	1	1	253	192	10	0	-G
barcode74_consensus_vsearch	2989	G	*/-A	424	22	4.74%	2	1	93	93	1.8284453348894272E-7	1	1	228	196	22	0	-A
barcode74_consensus_vsearch	2989	G	*/-AG	424	16	3.45%	2	1	93	93	1.3281070163027198E-5	1	1	228	196	16	0	-A
barcode74_consensus_vsearch	2993	G	*/-CG	449	8	1.72%	2	2	93	93	0.0037874367164761535	1	1	261	188	2	6	-CG
barcode74_consensus_vsearch	2994	C	*/+G	439	10	2.18%	2	2	93	93	9.283331329900578E-4	1	1	252	187	8	2	+G
barcode74_consensus_vsearch	2998	T	*/-C	435	22	4.76%	2	2	93	93	1.8404483404734677E-7	1	1	256	179	9	13	-C
barcode74_consensus_vsearch	3001	C	*/-T	440	23	4.94%	2	2	93	93	9.00918492766901E-8	1	1	264	176	4	19	-T
barcode74_consensus_vsearch	3013	G	*/+A	435	19	4.09%	2	2	93	93	1.5737440147383591E-6	1	1	243	192	16	3	+A
barcode74_consensus_vsearch	3021	T	*/+A	438	8	1.73%	2	2	93	93	0.0037845279531252564	1	1	249	189	7	1	+A
barcode74_consensus_vsearch	3021	T	*/-G	438	12	2.59%	2	1	93	93	2.2666198297196754E-4	1	1	249	189	12	0	-G
barcode74_consensus_vsearch	3022	G	*/-AG	406	33	7.27%	2	1	93	93	6.233530657104077E-11	1	1	213	193	33	0	-AG
barcode74_consensus_vsearch	3023	A	*/-G	345	58	13.52%	2	2	93	93	3.8037497781316613E-19	1	1	175	170	43	15	-G
barcode74_consensus_vsearch	3023	A	*/-GG	345	13	3.03%	2	2	93	93	1.0925856628381542E-4	1	1	175	170	5	8	-G
barcode74_consensus_vsearch	3027	G	*/-A	450	13	2.8%	2	1	93	93	1.120795287248837E-4	1	1	256	194	13	0	-A
barcode74_consensus_vsearch	3041	T	*/+C	417	7	1.51%	2	1	93	93	0.007619946437356769	1	1	223	194	7	0	+C
barcode74_consensus_vsearch	3041	T	*/-C	417	39	8.39%	2	2	93	93	7.785633876225158E-13	1	1	223	194	38	1	-C
barcode74_consensus_vsearch	3043	C	*/-G	433	28	6.02%	2	1	93	93	2.4412150680991767E-9	1	1	266	167	0	28	-G
barcode74_consensus_vsearch	3048	T	*/+C	444	12	2.6%	2	1	93	93	2.268864813065808E-4	1	1	251	193	12	0	+C
barcode74_consensus_vsearch	3056	G	*/+C	450	7	1.52%	2	1	93	93	0.0076337891152176976	1	1	264	186	0	7	+C
barcode74_consensus_vsearch	3058	T	*/-C	450	10	2.16%	2	1	93	93	9.294699516735583E-4	1	1	267	183	0	10	-C
barcode74_consensus_vsearch	3064	T	*/+C	457	9	1.93%	2	1	93	93	0.0018784519065768144	1	1	261	196	9	0	+C
barcode74_consensus_vsearch	3065	C	*/-G	458	7	1.5%	2	2	93	93	0.0076368503276010025	1	1	264	194	5	2	-G
barcode74_consensus_vsearch	3096	T	*/-A	448	10	2.15%	2	2	93	93	9.292672599433581E-4	1	1	260	188	8	2	-A
barcode74_consensus_vsearch	3116	C	*/-ACC	453	11	2.36%	2	2	93	93	4.598704318567913E-4	1	1	260	193	8	3	-ACC
barcode74_consensus_vsearch	3124	A	*/-GA	437	14	3%	2	1	93	93	5.5093201188592644E-5	1	1	261	176	0	14	-GA
barcode74_consensus_vsearch	3131	G	*/-A	453	8	1.72%	2	1	93	93	0.003788460280099838	1	1	257	196	8	0	-A
barcode74_consensus_vsearch	3152	A	*/+C	454	7	1.5%	2	1	93	93	0.007635332943374405	1	1	269	185	0	7	+C
barcode74_consensus_vsearch	3153	T	*/+C	427	14	3.03%	2	1	93	93	5.4963399351985964E-5	1	1	242	185	14	0	+C
barcode74_consensus_vsearch	3153	T	*/-C	427	20	4.33%	2	2	93	93	7.67422341324127E-7	1	1	242	185	14	6	-C
barcode74_consensus_vsearch	3164	T	*/+C	438	9	1.97%	2	2	93	93	0.001875312003649851	1	1	246	192	7	2	+C
barcode74_consensus_vsearch	3164	T	*/-C	438	8	1.75%	2	1	93	93	0.0037845279531252564	1	1	246	192	8	0	+C
barcode74_consensus_vsearch	3181	T	*/+C	357	9	1.94%	2	2	93	93	0.0018583173294912504	1	1	238	119	2	7	+C
barcode74_consensus_vsearch	3181	T	*/-C	357	91	19.65%	2	2	93	93	2.475922043061208E-30	1	1	238	119	27	64	-C
barcode74_consensus_vsearch	3190	T	*/+G	454	9	1.93%	2	1	93	93	0.0018779730851546438	1	1	260	194	9	0	+G
barcode74_consensus_vsearch	3195	C	*/-A	432	29	6.24%	2	2	93	93	1.1823782153082758E-9	1	1	263	169	3	26	-A
barcode74_consensus_vsearch	3200	T	*/-AA	423	26	5.58%	2	1	93	93	1.026657426494435E-8	1	1	266	157	0	26	-AA
barcode74_consensus_vsearch	3214	C	*/-AC	436	22	4.76%	2	1	93	93	1.8415140234507076E-7	1	1	242	194	22	0	-AC
barcode74_consensus_vsearch	3224	T	*/+A	446	15	3.23%	2	1	93	93	2.7183100842401805E-5	1	1	251	195	15	0	+A
barcode74_consensus_vsearch	3227	G	*/-C	440	10	2.17%	2	1	93	93	9.284387427353376E-4	1	1	253	187	10	0	-C
barcode74_consensus_vsearch	3243	C	*/+T	444	7	1.5%	2	2	93	93	0.007631422258539495	1	1	263	181	3	4	+T
barcode74_consensus_vsearch	3243	C	*/-T	444	9	1.93%	2	2	93	93	0.0018763317016516773	1	1	263	181	3	6	-T
barcode74_consensus_vsearch	3257	C	*/+T	455	8	1.72%	2	1	93	93	0.003788965477306861	1	1	268	187	0	8	+T
barcode74_consensus_vsearch	3267	T	*/-A	445	10	2.16%	2	1	93	93	9.289599302019507E-4	1	1	254	191	10	0	-A
barcode74_consensus_vsearch	3269	C	*/-T	450	7	1.51%	2	2	93	93	0.0076337891152176976	1	1	266	184	1	6	-T
barcode74_consensus_vsearch	3270	T	*/+C	225	172	37.55%	2	2	93	93	6.747405523035715E-63	1	1	115	110	117	55	+C
barcode74_consensus_vsearch	3270	T	*/+CC	225	11	2.4%	2	1	93	93	4.334189676817625E-4	1	1	115	110	11	0	+C
barcode74_consensus_vsearch	3270	T	*/-C	225	39	8.52%	2	2	93	93	3.996879081795323E-13	1	1	115	110	21	18	-C
barcode74_consensus_vsearch	3282	C	*/-A	445	12	2.58%	2	2	93	93	2.269233384575168E-4	1	1	253	192	10	2	-A
barcode74_consensus_vsearch	3282	C	*/-AA	445	7	1.5%	2	2	93	93	0.007631821078608308	1	1	253	192	6	1	-A
barcode74_consensus_vsearch	3289	T	*/+C	442	13	2.8%	2	1	93	93	1.1190903505080929E-4	1	1	256	186	13	0	+C
barcode74_consensus_vsearch	3289	T	*/-C	442	8	1.72%	2	1	93	93	0.0037856020174325917	1	1	256	186	0	8	+C
barcode74_consensus_vsearch	3303	G	*/+C	377	20	4.3%	2	2	93	93	7.461874627489505E-7	1	1	189	188	19	1	+C
barcode74_consensus_vsearch	3303	G	*/-C	377	59	12.69%	2	2	93	93	2.113530997064115E-19	1	1	189	188	54	5	-C
barcode74_consensus_vsearch	3304	C	*/+T	390	14	3.46%	2	1	93	93	5.442954570018379E-5	1	1	213	177	0	14	+T
barcode74_consensus_vsearch	3308	C	*/+T	413	10	2.15%	2	2	93	93	9.254147741675464E-4	1	1	262	151	1	9	+T
barcode74_consensus_vsearch	3331	C	*/-A	449	7	1.51%	2	1	93	93	0.00763339894512905	1	1	257	192	7	0	-A
barcode74_consensus_vsearch	3340	G	*/+A	450	8	1.72%	2	1	93	93	0.003787694271375089	1	1	255	195	8	0	+A
barcode74_consensus_vsearch	3383	C	*/-T	434	11	2.37%	2	2	93	93	4.5868081601559884E-4	1	1	245	189	7	4	-T
barcode74_consensus_vsearch	3383	C	*/-TT	434	9	1.94%	2	2	93	93	0.0018746170280654298	1	1	245	189	7	2	-T
barcode74_consensus_vsearch	3389	T	*/+C	257	12	2.62%	2	2	93	93	2.1537451184080097E-4	1	1	136	121	10	2	+C
barcode74_consensus_vsearch	3389	T	*/-C	257	147	32.1%	2	2	93	93	4.4118619483586035E-52	1	1	136	121	113	34	-C
barcode74_consensus_vsearch	3389	T	*/-CC	257	35	7.64%	2	2	93	93	9.848860825915987E-12	1	1	136	121	7	28	-C
barcode74_consensus_vsearch	3395	A	*/-C	437	15	3.25%	2	2	93	93	2.7119521515264278E-5	1	1	257	180	5	10	-C
barcode74_consensus_vsearch	3398	C	*/-T	452	7	1.5%	2	1	93	93	0.007634564377795515	1	1	267	185	0	7	-T
barcode74_consensus_vsearch	3404	G	*/-CT	451	9	1.95%	2	1	93	93	0.0018774880842022342	1	1	255	196	9	0	-CT
barcode74_consensus_vsearch	3410	T	*/+C	455	7	1.5%	2	1	93	93	0.007635714741848557	1	1	263	192	7	0	+C
barcode74_consensus_vsearch	3421	A	*/-C	435	13	2.8%	2	2	93	93	1.1175501046296811E-4	1	1	257	178	3	10	-C
barcode74_consensus_vsearch	3422	C	*/+T	443	7	1.55%	2	1	93	93	0.00763102167395619	1	1	266	177	0	7	+T
barcode74_consensus_vsearch	3424	C	*/-T	447	12	2.58%	2	2	93	93	2.2699658258221208E-4	1	1	263	184	4	8	-T
barcode74_consensus_vsearch	3456	T	*/-G	370	77	16.7%	2	2	93	93	1.8364768281296207E-25	1	1	216	154	48	29	-G
barcode74_consensus_vsearch	3466	A	*/+G	407	8	1.75%	2	2	93	93	0.0037755075508262973	1	1	219	188	7	1	+G
barcode74_consensus_vsearch	3466	A	*/-G	407	28	6.13%	2	1	93	93	2.378334786326288E-9	1	1	219	188	28	0	-G
barcode74_consensus_vsearch	3476	C	*/-T	445	12	2.6%	2	1	93	93	2.269233384575168E-4	1	1	265	180	0	12	-T
barcode74_consensus_vsearch	3481	T	*/+C	439	9	1.94%	2	2	93	93	0.0018754838294876201	1	1	250	189	8	1	+C
barcode74_consensus_vsearch	3481	T	*/-C	439	14	3.01%	2	2	93	93	5.511849899446151E-5	1	1	250	189	10	4	-C
barcode74_consensus_vsearch	3487	G	*/-A	445	9	1.94%	2	1	93	93	0.0018764990590094985	1	1	250	195	9	0	-A
barcode74_consensus_vsearch	3487	G	*/-AG	445	7	1.51%	2	1	93	93	0.007631821078608308	1	1	250	195	7	0	-A
barcode74_consensus_vsearch	3498	G	*/+C	418	11	2.39%	2	1	93	93	4.575989670126341E-4	1	1	226	192	11	0	+C
barcode74_consensus_vsearch	3498	G	*/-C	418	22	4.78%	2	2	93	93	1.821673684445545E-7	1	1	226	192	21	1	-C
barcode74_consensus_vsearch	3502	C	*/-G	384	50	10.78%	2	1	93	93	1.9866489570765057E-16	1	1	205	179	50	0	-G
barcode74_consensus_vsearch	3503	G	*/+A	368	22	5.3%	2	1	93	93	1.7581613701502661E-7	1	1	173	195	22	0	+A
barcode74_consensus_vsearch	3503	G	*/-A	368	9	2.17%	2	1	93	93	0.0018610482319175187	1	1	173	195	9	0	+A
barcode74_consensus_vsearch	3507	A	*/+C	405	8	1.72%	2	2	93	93	0.003774879463209244	1	1	215	190	7	1	+C
barcode74_consensus_vsearch	3507	A	*/-C	405	24	5.17%	2	2	93	93	4.2817759008625E-8	1	1	215	190	20	4	-C
barcode74_consensus_vsearch	3507	A	*/-CCC	405	14	3.02%	2	1	93	93	5.465688685856862E-5	1	1	215	190	14	0	-C
barcode74_consensus_vsearch	3535	C	*/+A	444	12	2.58%	2	1	93	93	2.268864813065808E-4	1	1	266	178	0	12	+A
barcode74_consensus_vsearch	3588	A	*/-G	452	7	1.51%	2	2	93	93	0.007634564377795515	1	1	264	188	2	5	-G
barcode74_consensus_vsearch	3599	T	*/-G	433	22	4.78%	2	1	93	93	1.838304447967848E-7	1	1	263	170	0	22	-G
barcode74_consensus_vsearch	3601	G	*/-C	447	14	3.01%	2	2	93	93	5.52175739706927E-5	1	1	255	192	13	1	-C
barcode74_consensus_vsearch	3602	C	*/+T	436	9	2%	2	1	93	93	0.0018749660605302289	1	1	254	182	0	9	+T
barcode74_consensus_vsearch	3603	C	*/-T	450	8	1.72%	2	2	93	93	0.003787694271375089	1	1	267	183	1	7	-T
barcode74_consensus_vsearch	3615	C	*/-GC	444	17	3.65%	2	2	93	93	6.56535752606661E-6	1	1	258	186	10	7	-GC
barcode74_consensus_vsearch	3617	C	*/+GC	432	9	2.01%	2	1	93	93	0.001874264864679625	1	1	258	174	0	9	+GC
barcode74_consensus_vsearch	3620	A	*/-T	450	7	1.51%	2	2	93	93	0.0076337891152176976	1	1	260	190	4	3	-T
barcode74_consensus_vsearch	3627	C	*/+G	445	8	1.73%	2	1	93	93	0.0037863952091791225	1	1	263	182	0	8	+G
barcode74_consensus_vsearch	3628	G	*/-A	434	18	3.92%	2	2	93	93	3.209969156058958E-6	1	1	247	187	15	3	-A
barcode74_consensus_vsearch	3638	A	*/-C	447	11	2.37%	2	2	93	93	4.595052234613434E-4	1	1	254	193	10	1	-C
barcode74_consensus_vsearch	3645	G	*/-C	448	7	1.52%	2	2	93	93	0.00763300706774014	1	1	257	191	6	1	-C
barcode74_consensus_vsearch	3649	A	*/+C	431	13	2.81%	2	2	93	93	1.1166488301300728E-4	1	1	248	183	6	7	+C
barcode74_consensus_vsearch	3649	A	*/-C	431	9	1.94%	2	2	93	93	0.0018740875957096264	1	1	248	183	8	1	+C
barcode74_consensus_vsearch	3655	T	*/-G	431	14	3.06%	2	1	93	93	5.501599410545798E-5	1	1	243	188	14	0	-G
barcode74_consensus_vsearch	3656	G	*/-A	412	20	4.48%	2	1	93	93	7.615205227908607E-7	1	1	218	194	20	0	-A
barcode74_consensus_vsearch	3657	A	*/+G	275	57	13.23%	2	1	93	93	4.996654182771753E-19	1	1	85	190	57	0	+G
barcode74_consensus_vsearch	3657	A	*/-G	275	69	16.01%	2	2	93	93	3.8099837627733804E-23	1	1	85	190	64	5	-G
barcode74_consensus_vsearch	3657	A	*/-GG	275	11	2.55%	2	1	93	93	4.4271846037962286E-4	1	1	85	190	11	0	-G
barcode74_consensus_vsearch	3660	G	*/+A	388	20	4.38%	2	2	93	93	7.512623101509373E-7	1	1	231	157	2	18	+A
barcode74_consensus_vsearch	3660	G	*/-A	388	33	7.22%	2	2	93	93	6.062665397875952E-11	1	1	231	157	17	16	-A
barcode74_consensus_vsearch	3669	C	*/+G	445	7	1.5%	2	2	93	93	0.007631821078608308	1	1	261	184	1	6	+G
barcode74_consensus_vsearch	3670	G	*/-A	445	9	1.96%	2	1	93	93	0.0018764990590094985	1	1	250	195	9	0	-A
barcode74_consensus_vsearch	3688	C	*/+G	415	9	1.95%	2	2	93	93	0.0018711388771604682	1	1	240	175	5	4	+G
barcode74_consensus_vsearch	3688	C	*/-G	415	22	4.77%	2	2	93	93	1.818226023857419E-7	1	1	240	175	14	8	-G
barcode74_consensus_vsearch	3690	G	*/+A	439	8	1.76%	2	1	93	93	0.003784798257927548	1	1	250	189	8	0	+A
barcode74_consensus_vsearch	3696	T	*/+A	413	17	3.66%	2	1	93	93	6.49326387450149E-6	1	1	229	184	17	0	+A
barcode74_consensus_vsearch	3696	T	*/-A	413	21	4.53%	2	2	93	93	3.721746994729156E-7	1	1	229	184	15	6	-A
barcode74_consensus_vsearch	3696	T	*/-AA	413	7	1.51%	2	2	93	93	0.007618121440992818	1	1	229	184	6	1	-A
barcode74_consensus_vsearch	3698	A	*/+G	350	9	1.96%	2	2	93	93	0.0018564935341327294	1	1	199	151	6	3	+G
barcode74_consensus_vsearch	3698	A	*/-G	350	67	14.6%	2	2	93	93	3.7871556706912164E-22	1	1	199	151	48	19	-G
barcode74_consensus_vsearch	3698	A	*/-GG	350	19	4.14%	2	2	93	93	1.5038417816337724E-6	1	1	199	151	4	15	-G
barcode74_consensus_vsearch	3710	C	*/+G	404	14	3.06%	2	2	93	93	5.4642218239350483E-5	1	1	252	152	13	1	+G
barcode74_consensus_vsearch	3710	C	*/-AGT	404	9	1.97%	2	2	93	93	0.0018689806633249517	1	1	252	152	1	8	+G
barcode74_consensus_vsearch	3712	G	*/-T	437	13	2.86%	2	1	93	93	1.1179949160089705E-4	1	1	267	170	0	13	-T
barcode74_consensus_vsearch	3717	G	*/-C	444	15	3.23%	2	2	93	93	2.7169178334291596E-5	1	1	251	193	14	1	-C
barcode74_consensus_vsearch	3721	G	*/+C	445	7	1.5%	2	1	93	93	0.007631821078608308	1	1	251	194	7	0	+C
barcode74_consensus_vsearch	3721	G	*/-C	445	10	2.15%	2	1	93	93	9.289599302019507E-4	1	1	251	194	10	0	-C
barcode74_consensus_vsearch	3726	C	*/-A	450	9	1.94%	2	2	93	93	0.0018773250232725807	1	1	256	194	8	1	-A
barcode74_consensus_vsearch	3728	A	*/-G	426	31	6.65%	2	2	93	93	2.75073500454396E-10	1	1	241	185	23	8	-G
barcode74_consensus_vsearch	3733	C	*/-G	449	8	1.72%	2	1	93	93	0.0037874367164761535	1	1	262	187	0	8	-G
barcode74_consensus_vsearch	3738	T	*/+C	430	25	5.36%	2	2	93	93	2.1237140676179832E-8	1	1	245	185	22	3	+C
barcode74_consensus_vsearch	3740	T	*/-A	412	37	8.08%	2	1	93	93	3.35775993117271E-12	1	1	227	185	37	0	-A
barcode74_consensus_vsearch	3751	A	*/+C	313	16	3.46%	2	2	93	93	1.2658985159540788E-5	1	1	232	81	4	12	+C
barcode74_consensus_vsearch	3751	A	*/-C	313	112	24.24%	2	2	93	93	4.1223303572673905E-38	1	1	232	81	21	91	-C
barcode74_consensus_vsearch	3751	A	*/-CC	313	11	2.38%	2	2	93	93	4.4791936292805796E-4	1	1	232	81	5	6	-C
barcode74_consensus_vsearch	3755	C	*/-T	454	8	1.72%	2	2	93	93	0.0037887134215269843	1	1	263	191	5	3	-T
barcode74_consensus_vsearch	3756	T	*/+C	438	15	3.28%	2	1	93	93	2.712670522265434E-5	1	1	245	193	15	0	+C
barcode74_consensus_vsearch	3771	C	*/-AC	452	8	1.72%	2	1	93	93	0.0037882060460031454	1	1	259	193	8	0	-AC
barcode74_consensus_vsearch	3774	G	*/+T	439	8	1.72%	2	1	93	93	0.003784798257927548	1	1	246	193	8	0	+T
barcode74_consensus_vsearch	3774	G	*/-T	439	14	3.01%	2	2	93	93	5.511849899446151E-5	1	1	246	193	13	1	-T
barcode74_consensus_vsearch	3784	C	*/+A	455	7	1.51%	2	1	93	93	0.007635714741848557	1	1	267	188	0	7	+A
barcode74_consensus_vsearch	3804	C	*/-T	422	40	8.6%	2	1	93	93	3.7643372178174167E-13	1	1	270	152	0	40	-T
barcode74_consensus_vsearch	3806	T	*/-G	426	36	7.73%	2	2	93	93	7.15974156780724E-12	1	1	266	160	1	35	-G
barcode74_consensus_vsearch	3812	T	*/-G	453	8	1.72%	2	2	93	93	0.003788460280099838	1	1	267	186	2	6	-G
barcode74_consensus_vsearch	3833	C	*/-A	449	7	1.51%	2	1	93	93	0.00763339894512905	1	1	259	190	7	0	-A
barcode74_consensus_vsearch	3843	G	*/-C	444	10	2.15%	2	2	93	93	9.288565976183949E-4	1	1	261	183	7	3	-C
barcode74_consensus_vsearch	3845	C	*/+A	454	9	1.93%	2	1	93	93	0.0018779730851546438	1	1	261	193	9	0	+A
barcode74_consensus_vsearch	3847	T	*/-C	415	38	8.26%	2	1	93	93	1.6188812164233679E-12	1	1	224	191	38	0	-C
barcode74_consensus_vsearch	3874	G	*/+T	294	10	2.15%	2	2	93	93	9.058264089278193E-4	1	1	120	174	6	4	+T
barcode74_consensus_vsearch	3874	G	*/-T	294	99	21.24%	2	2	93	93	1.327637957007501E-33	1	1	120	174	83	16	-T
barcode74_consensus_vsearch	3874	G	*/-TT	294	58	12.45%	2	1	93	93	2.6814451643040195E-19	1	1	120	174	58	0	-T
barcode74_consensus_vsearch	3880	T	*/+C	456	7	1.5%	2	1	93	93	0.007636094898325736	1	1	270	186	0	7	+C
barcode74_consensus_vsearch	3888	C	*/-A	452	10	2.15%	2	1	93	93	9.296709138046124E-4	1	1	267	185	0	10	-A
barcode74_consensus_vsearch	3905	T	*/-C	453	7	1.51%	2	2	93	93	0.00763494949227727	1	1	268	185	1	6	-C
barcode74_consensus_vsearch	3911	G	*/-C	449	7	1.52%	2	2	93	93	0.00763339894512905	1	1	256	193	6	1	-C
barcode74_consensus_vsearch	3960	A	*/-T	448	9	1.94%	2	2	93	93	0.0018769967833365436	1	1	259	189	8	1	-T
barcode74_consensus_vsearch	3967	C	*/-GC	450	12	2.58%	2	2	93	93	2.27105288216143E-4	1	1	263	187	5	7	-GC
barcode74_consensus_vsearch	3975	G	*/+CC	439	7	1.53%	2	1	93	93	0.00762940145447119	1	1	246	193	7	0	+CC
barcode74_consensus_vsearch	3975	G	*/-C	439	7	1.53%	2	2	93	93	0.00762940145447119	1	1	246	193	6	1	+CC
barcode74_consensus_vsearch	3977	C	*/-T	446	7	1.51%	2	2	93	93	0.0076322181458369906	1	1	255	191	5	2	-T
barcode74_consensus_vsearch	3983	T	*/-G	441	12	2.59%	2	2	93	93	2.267749573503342E-4	1	1	258	183	1	11	-G
barcode74_consensus_vsearch	4009	C	*/-T	448	11	2.38%	2	2	93	93	4.59566741968889E-4	1	1	265	183	1	10	-T
barcode74_consensus_vsearch	4014	T	*/-C	421	35	7.59%	2	2	93	93	1.4770509324401483E-11	1	1	230	191	34	1	-C
barcode74_consensus_vsearch	4016	C	*/-G	432	30	6.47%	2	2	93	93	5.726143686277367E-10	1	1	265	167	2	28	-G
barcode74_consensus_vsearch	4026	C	*/-T	450	13	2.8%	2	2	93	93	1.120795287248837E-4	1	1	268	182	1	12	-T
barcode74_consensus_vsearch	4027	T	*/+C	437	8	1.77%	2	2	93	93	0.00378425644253265	1	1	260	177	7	1	+C
barcode74_consensus_vsearch	4029	T	*/-A	441	15	3.23%	2	2	93	93	2.7148075462435107E-5	1	1	263	178	3	12	-A
barcode74_consensus_vsearch	4033	T	*/+C	406	15	3.22%	2	2	93	93	2.6880690187417594E-5	1	1	243	163	5	10	+C
barcode74_consensus_vsearch	4033	T	*/-C	406	39	8.37%	2	2	93	93	7.6166813838523E-13	1	1	243	163	18	21	-C
barcode74_consensus_vsearch	4040	T	*/-A	455	8	1.72%	2	1	93	93	0.003788965477306861	1	1	260	195	8	0	-A
barcode74_consensus_vsearch	4041	A	*/-C	429	25	5.47%	2	2	93	93	2.122085327631301E-8	1	1	237	192	22	3	-C
barcode74_consensus_vsearch	4049	T	*/-C	449	9	1.94%	2	1	93	93	0.001877161257840413	1	1	254	195	9	0	-C
barcode74_consensus_vsearch	4061	T	*/-C	439	22	4.73%	2	1	93	93	1.844686308264858E-7	1	1	245	194	22	0	-C
barcode74_consensus_vsearch	4088	G	*/+A	439	7	1.52%	2	1	93	93	0.00762940145447119	1	1	247	192	7	0	+A
barcode74_consensus_vsearch	4103	G	*/-A	445	11	2.36%	2	2	93	93	4.5938139248817567E-4	1	1	251	194	10	1	-A
barcode74_consensus_vsearch	4115	T	*/+C	433	10	2.16%	2	2	93	93	9.276896125167864E-4	1	1	248	185	5	5	+C
barcode74_consensus_vsearch	4115	T	*/-C	433	16	3.46%	2	2	93	93	1.3318731006810023E-5	1	1	248	185	14	2	-C
barcode74_consensus_vsearch	4122	A	*/-T	453	7	1.51%	2	2	93	93	0.00763494949227727	1	1	261	192	6	1	-T
barcode74_consensus_vsearch	4130	T	*/-C	453	10	2.15%	2	1	93	93	9.297707531715176E-4	1	1	257	196	10	0	-C
barcode74_consensus_vsearch	4148	C	*/+T	421	21	4.58%	2	1	93	93	3.7388789115262633E-7	1	1	269	152	0	21	+T
barcode74_consensus_vsearch	4149	T	*/+C	439	17	3.68%	2	2	93	93	6.554353503145268E-6	1	1	265	174	1	16	+C
barcode74_consensus_vsearch	4166	A	*/+G	425	8	1.74%	2	2	93	93	0.0037809012469126957	1	1	243	182	1	7	+G
barcode74_consensus_vsearch	4171	G	*/-A	442	12	2.58%	2	1	93	93	2.2681229177552487E-4	1	1	246	196	12	0	-A
barcode74_consensus_vsearch	4172	A	*/+G	418	7	1.57%	2	2	93	93	0.007620397344640596	1	1	223	195	6	1	+G
barcode74_consensus_vsearch	4172	A	*/-G	418	20	4.47%	2	1	93	93	7.639253725032686E-7	1	1	223	195	20	0	-G
barcode74_consensus_vsearch	4174	G	*/+T	436	16	3.44%	2	2	93	93	1.3330968393872219E-5	1	1	244	192	15	1	+T
barcode74_consensus_vsearch	4177	T	*/-G	444	16	3.43%	2	1	93	93	1.3362860290595994E-5	1	1	267	177	0	16	-G
barcode74_consensus_vsearch	4180	A	*/+T	447	7	1.51%	2	1	93	93	0.007632613471737004	1	1	268	179	0	7	+T
barcode74_consensus_vsearch	4182	C	*/-T	448	13	2.8%	2	1	93	93	1.1203744361480323E-4	1	1	266	182	0	13	-T
barcode74_consensus_vsearch	4186	T	*/+A	437	10	2.16%	2	1	93	93	9.281205170584159E-4	1	1	254	183	10	0	+A
barcode74_consensus_vsearch	4187	G	*/-A	450	9	1.95%	2	2	93	93	0.0018773250232725807	1	1	257	193	8	1	-A
barcode74_consensus_vsearch	4188	A	*/-G	444	7	1.53%	2	2	93	93	0.007631422258539495	1	1	255	189	4	3	-G
barcode74_consensus_vsearch	4191	A	*/-CA	439	18	3.88%	2	1	93	93	3.21615593583041E-6	1	1	245	194	18	0	-CA
barcode74_consensus_vsearch	4199	T	*/-C	432	25	5.42%	2	1	93	93	2.1269532754988194E-8	1	1	269	163	0	25	-C
barcode74_consensus_vsearch	4230	T	*/+C	433	10	2.16%	2	2	93	93	9.276896125167864E-4	1	1	249	184	1	9	+C
barcode74_consensus_vsearch	4230	T	*/-C	433	21	4.53%	2	2	93	93	3.763555727947356E-7	1	1	249	184	20	1	-C
barcode74_consensus_vsearch	4311	G	*/+T	443	13	2.8%	2	1	93	93	1.1193066411113178E-4	1	1	251	192	13	0	+T
barcode74_consensus_vsearch	4349	T	*/-G	456	7	1.5%	2	2	93	93	0.007636094898325736	1	1	267	189	3	4	-G
