Chrom	Position	Ref	Cons	Reads1	Reads2	VarFreq	Strands1	Strands2	Qual1	Qual2	Pvalue	MapQual1	MapQual2	Reads1Plus	Reads1Minus	Reads2Plus	Reads2Minus	VarAllele
barcode13_consensus_vsearch	22	A	R	86	14	13.86%	2	2	93	93	3.7453174887313814E-5	1	1	40	46	2	12	G
barcode13_consensus_vsearch	55	C	Y	94	7	6.86%	2	1	93	93	0.007016672878749878	1	1	43	51	0	7	T
barcode13_consensus_vsearch	308	C	Y	92	7	6.86%	2	1	93	93	0.00700093875247144	1	1	43	49	0	7	T
barcode13_consensus_vsearch	415	A	R	93	9	8.82%	2	1	93	93	0.0016245498783317288	1	1	34	59	9	0	G
barcode13_consensus_vsearch	466	A	R	51	50	49.5%	2	2	93	93	2.4886158291748497E-19	1	1	21	30	22	28	G
barcode13_consensus_vsearch	667	T	Y	88	14	13.73%	2	1	93	93	3.783985713287638E-5	1	1	43	45	0	14	C
barcode13_consensus_vsearch	685	T	Y	85	10	9.8%	2	2	93	93	7.609885285074752E-4	1	1	39	46	1	9	C
barcode13_consensus_vsearch	965	C	Y	90	7	6.86%	2	1	93	93	0.006984570496764789	1	1	43	47	0	7	T
barcode13_consensus_vsearch	1095	C	Y	90	7	6.86%	2	1	93	93	0.006984570496764789	1	1	41	49	0	7	T
barcode13_consensus_vsearch	1406	A	R	50	45	45.45%	2	2	93	93	2.8237008739316105E-17	1	1	17	33	23	22	G
barcode13_consensus_vsearch	1530	A	R	87	11	11%	2	2	93	93	3.629407527147718E-4	1	1	33	54	6	5	G
barcode13_consensus_vsearch	1581	C	M	53	44	44.9%	2	2	93	93	9.672262281533873E-17	1	1	21	32	18	26	A
barcode13_consensus_vsearch	1628	G	R	53	46	46%	2	2	93	93	1.4447335929048312E-17	1	1	20	33	22	24	A
barcode13_consensus_vsearch	1827	T	K	85	10	10.53%	2	1	93	93	7.609885285074752E-4	1	1	27	58	10	0	G
barcode13_consensus_vsearch	1844	A	R	88	12	11.76%	2	1	93	93	1.719832570974524E-4	1	1	31	57	12	0	G
barcode13_consensus_vsearch	1870	A	R	52	43	43.88%	2	2	93	93	2.285153399560141E-16	1	1	19	33	19	24	G
barcode13_consensus_vsearch	2147	C	Y	85	11	11%	2	1	93	93	3.6057309858606834E-4	1	1	42	43	0	11	T
barcode13_consensus_vsearch	2183	G	R	60	40	39.6%	2	2	93	93	6.704963314048455E-15	1	1	25	35	18	22	A
barcode13_consensus_vsearch	2258	C	Y	90	9	8.82%	2	1	93	93	0.0016150966997992011	1	1	43	47	0	9	T
barcode13_consensus_vsearch	2494	G	S	63	36	35.64%	2	2	93	93	2.921179839192253E-13	1	1	25	38	15	21	C
barcode13_consensus_vsearch	2502	G	R	61	38	37.62%	2	2	93	93	4.3747137688374605E-14	1	1	23	38	17	21	A
barcode13_consensus_vsearch	2746	C	Y	60	41	40.59%	2	2	93	93	2.685321128262348E-15	1	1	22	38	21	20	T
barcode13_consensus_vsearch	2913	C	Y	91	10	9.8%	2	2	93	93	7.729229613467544E-4	1	1	41	50	1	9	T
barcode13_consensus_vsearch	3036	C	Y	84	8	8%	2	1	93	93	0.003333061730303187	1	1	37	47	0	8	T
barcode13_consensus_vsearch	3261	T	Y	94	8	7.84%	2	2	93	93	0.0033873593207767528	1	1	41	53	2	6	C
barcode13_consensus_vsearch	3315	G	R	94	7	6.93%	2	2	93	93	0.007016672878749878	1	1	37	57	6	1	A
barcode13_consensus_vsearch	3414	G	R	91	7	7.07%	2	1	93	93	0.006992836260667077	1	1	32	59	7	0	A
barcode13_consensus_vsearch	3646	G	R	64	38	37.25%	2	2	93	93	5.144778085093354E-14	1	1	22	42	21	17	A
barcode13_consensus_vsearch	3676	A	M	64	36	35.29%	2	2	93	93	3.0656791559865385E-13	1	1	22	42	21	15	C
barcode13_consensus_vsearch	3690	G	R	62	35	35.71%	2	2	93	93	6.776396347980972E-13	1	1	22	40	20	15	A
barcode13_consensus_vsearch	3792	A	R	73	22	22.45%	2	1	93	93	6.030276294779934E-8	1	1	39	34	0	22	G
barcode13_consensus_vsearch	4025	C	Y	94	7	6.86%	2	1	93	93	0.007016672878749878	1	1	43	51	0	7	T
barcode13_consensus_vsearch	4096	C	Y	56	46	45.1%	2	2	93	93	1.8898760598242763E-17	1	1	42	14	1	45	T
barcode13_consensus_vsearch	4330	C	M	65	34	34%	2	2	93	93	1.87713892935778E-12	1	1	24	41	18	16	A
