Chrom	Position	Ref	Cons	Reads1	Reads2	VarFreq	Strands1	Strands2	Qual1	Qual2	Pvalue	MapQual1	MapQual2	Reads1Plus	Reads1Minus	Reads2Plus	Reads2Minus	VarAllele
barcode93_consensus_vsearch	14	C	Y	571	11	1.87%	2	1	93	93	4.655455542392171E-4	1	1	327	244	0	11	T
barcode93_consensus_vsearch	35	T	Y	583	9	1.51%	2	2	93	93	0.0018942161800671361	1	1	328	255	3	6	C
barcode93_consensus_vsearch	70	A	R	576	15	2.53%	2	2	93	93	2.789269415844126E-5	1	1	317	259	13	2	G
barcode93_consensus_vsearch	79	G	R	585	7	1.18%	2	2	93	93	0.007674403214110395	1	1	327	258	6	1	A
barcode93_consensus_vsearch	92	A	R	579	9	1.52%	2	2	93	93	0.0018938187066465067	1	1	319	260	8	1	G
barcode93_consensus_vsearch	98	A	R	579	8	1.36%	2	2	93	93	0.003813602365568841	1	1	324	255	3	5	G
barcode93_consensus_vsearch	100	T	Y	577	8	1.35%	2	2	93	93	0.0038132873975118887	1	1	321	256	3	5	C
barcode93_consensus_vsearch	112	T	Y	583	8	1.34%	2	2	93	93	0.0038142259421648926	1	1	328	255	3	5	C
barcode93_consensus_vsearch	119	C	M	577	8	1.35%	2	1	93	93	0.0038132873975118887	1	1	328	249	0	8	A
barcode93_consensus_vsearch	132	T	Y	583	7	1.18%	2	2	93	93	0.007673936691127849	1	1	327	256	3	4	C
barcode93_consensus_vsearch	135	G	R	569	11	1.89%	2	2	93	93	4.654683146367026E-4	1	1	316	253	6	5	A
barcode93_consensus_vsearch	137	T	Y	571	11	1.86%	2	2	93	93	4.655455542392171E-4	1	1	318	253	5	6	C
barcode93_consensus_vsearch	169	C	Y	519	62	10.42%	2	2	93	93	3.8859664821453063E-20	1	1	323	196	5	57	T
barcode93_consensus_vsearch	182	G	R	531	11	2.01%	2	1	93	93	4.63894189996619E-4	1	1	295	236	11	0	A
barcode93_consensus_vsearch	183	G	R	580	8	1.35%	2	1	93	93	0.0038137590506295174	1	1	320	260	8	0	A
barcode93_consensus_vsearch	208	A	R	579	15	2.52%	2	1	93	93	2.7905524078281228E-5	1	1	317	262	15	0	G
barcode93_consensus_vsearch	228	G	R	557	12	2.06%	2	2	93	93	2.3024750486166557E-4	1	1	313	244	11	1	A
barcode93_consensus_vsearch	230	T	Y	574	15	2.54%	2	2	93	93	2.7884070676335E-5	1	1	327	247	3	12	C
barcode93_consensus_vsearch	245	T	W	546	8	1.37%	2	1	93	93	0.00380811632202169	1	1	323	223	8	0	+C
barcode93_consensus_vsearch	245	T	Y	546	12	2.05%	2	2	93	93	2.2997894938551927E-4	1	1	323	223	1	11	C
barcode93_consensus_vsearch	270	G	R	574	19	3.2%	2	2	93	93	1.64747072722603E-6	1	1	314	260	17	2	A
barcode93_consensus_vsearch	301	A	R	580	9	1.52%	2	2	93	93	0.001893918576967777	1	1	325	255	6	3	G
barcode93_consensus_vsearch	312	T	Y	577	7	1.19%	2	1	93	93	0.007672518016675552	1	1	329	248	0	7	C
barcode93_consensus_vsearch	313	A	R	572	9	1.53%	2	2	93	93	0.0018931100684577166	1	1	327	245	3	6	G
barcode93_consensus_vsearch	323	C	Y	567	10	1.69%	2	2	93	93	9.389101896133754E-4	1	1	322	245	1	9	T
barcode93_consensus_vsearch	338	A	R	571	14	2.36%	2	1	93	93	5.6416550871607475E-5	1	1	313	258	14	0	G
barcode93_consensus_vsearch	340	G	R	491	74	13.03%	2	1	93	93	4.098129442808496E-24	1	1	256	235	74	0	A
barcode93_consensus_vsearch	343	T	Y	579	10	1.68%	2	2	93	93	9.396687550389984E-4	1	1	331	248	1	9	C
barcode93_consensus_vsearch	347	G	R	524	35	6.24%	2	1	93	93	1.6804232961379E-11	1	1	279	245	35	0	A
barcode93_consensus_vsearch	355	A	W	543	12	2.03%	2	2	93	93	2.2990389605394288E-4	1	1	310	233	1	11	-G
barcode93_consensus_vsearch	357	G	K	580	7	1.18%	2	1	93	93	0.0076732309665896	1	1	330	250	0	7	T
barcode93_consensus_vsearch	380	T	Y	541	21	3.6%	2	2	93	93	3.9420085500254253E-7	1	1	321	220	4	17	C
barcode93_consensus_vsearch	386	A	R	580	11	1.86%	2	1	93	93	4.658867581677564E-4	1	1	318	262	11	0	G
barcode93_consensus_vsearch	388	G	R	580	8	1.36%	2	1	93	93	0.0038137590506295174	1	1	321	259	8	0	A
barcode93_consensus_vsearch	391	T	Y	574	7	1.19%	2	2	93	93	0.007671797729860669	1	1	322	252	2	5	C
barcode93_consensus_vsearch	394	C	Y	576	8	1.37%	2	2	93	93	0.0038131291090651434	1	1	320	256	2	6	T
barcode93_consensus_vsearch	400	C	M	540	7	1.18%	2	1	93	93	0.007663084355008458	1	1	293	247	7	0	-A
barcode93_consensus_vsearch	402	A	R	534	7	1.18%	2	2	93	93	0.007661433438157596	1	1	282	252	3	4	-G
barcode93_consensus_vsearch	410	A	R	579	8	1.35%	2	1	93	93	0.003813602365568841	1	1	320	259	8	0	G
barcode93_consensus_vsearch	411	G	R	572	10	1.69%	2	1	93	93	9.39230016764963E-4	1	1	317	255	10	0	A
barcode93_consensus_vsearch	417	G	R	582	8	1.34%	2	2	93	93	0.00381407083625578	1	1	326	256	6	2	A
barcode93_consensus_vsearch	424	T	K	578	8	1.36%	2	1	93	93	0.003813445148774959	1	1	321	257	8	0	G
barcode93_consensus_vsearch	426	A	R	565	16	2.73%	2	2	93	93	1.3742402523843782E-5	1	1	312	253	10	6	G
barcode93_consensus_vsearch	429	C	Y	580	10	1.68%	2	2	93	93	9.39730591623294E-4	1	1	329	251	2	8	T
barcode93_consensus_vsearch	435	C	Y	572	13	2.19%	2	2	93	93	1.141152960809769E-4	1	1	329	243	1	12	T
barcode93_consensus_vsearch	443	G	R	578	9	1.51%	2	2	93	93	0.001893718498855406	1	1	318	260	7	2	A
barcode93_consensus_vsearch	444	G	R	565	11	1.85%	2	1	93	93	4.6531225052335137E-4	1	1	303	262	11	0	+A
barcode93_consensus_vsearch	446	G	R	514	24	4.19%	2	2	93	93	4.5854759566321446E-8	1	1	258	256	23	1	A
barcode93_consensus_vsearch	447	G	R	568	9	1.52%	2	1	93	93	0.0018926974773018042	1	1	307	261	9	0	A
barcode93_consensus_vsearch	461	T	Y	571	9	1.53%	2	2	93	93	0.0018930074497425708	1	1	330	241	1	8	C
barcode93_consensus_vsearch	464	C	Y	570	12	2.04%	2	2	93	93	2.3055204810949474E-4	1	1	328	242	3	9	T
barcode93_consensus_vsearch	467	T	Y	584	7	1.18%	2	2	93	93	0.007674170345963	1	1	329	255	3	4	C
barcode93_consensus_vsearch	481	G	R	574	11	1.88%	2	2	93	93	4.6566043808442384E-4	1	1	321	253	9	2	A
barcode93_consensus_vsearch	492	T	K	581	8	1.35%	2	1	93	93	0.0038139152066312184	1	1	324	257	8	0	G
barcode93_consensus_vsearch	516	C	Y	557	11	1.85%	2	1	93	93	4.6499362882328774E-4	1	1	330	227	0	11	T
barcode93_consensus_vsearch	517	T	W	574	9	1.54%	2	1	93	93	0.0018933142585401675	1	1	322	252	9	0	A
barcode93_consensus_vsearch	538	G	R	582	7	1.18%	2	2	93	93	0.007673702245629301	1	1	322	260	6	1	A
barcode93_consensus_vsearch	547	G	K	580	12	2.02%	2	2	93	93	2.3077737978553087E-4	1	1	324	256	9	3	T
barcode93_consensus_vsearch	548	T	Y	572	16	2.69%	2	1	93	93	1.3759767168944509E-5	1	1	332	240	0	16	C
barcode93_consensus_vsearch	553	G	R	579	8	1.35%	2	1	93	93	0.003813602365568841	1	1	319	260	8	0	A
barcode93_consensus_vsearch	555	A	R	571	8	1.36%	2	2	93	93	0.0038123295121620672	1	1	312	259	7	1	G
barcode93_consensus_vsearch	558	C	Y	568	9	1.52%	2	2	93	93	0.0018926974773018042	1	1	314	254	3	6	T
barcode93_consensus_vsearch	559	G	R	576	11	1.86%	2	2	93	93	4.657363845851338E-4	1	1	317	259	9	2	A
barcode93_consensus_vsearch	561	G	R	573	10	1.7%	2	1	93	93	9.392933313754103E-4	1	1	316	257	10	0	A
barcode93_consensus_vsearch	562	G	R	578	8	1.35%	2	1	93	93	0.003813445148774959	1	1	318	260	8	0	A
barcode93_consensus_vsearch	579	A	R	584	8	1.34%	2	2	93	93	0.0038143805269862142	1	1	324	260	6	2	G
barcode93_consensus_vsearch	595	G	K	582	8	1.34%	2	1	93	93	0.00381407083625578	1	1	323	259	8	0	T
barcode93_consensus_vsearch	596	T	Y	581	10	1.69%	2	1	93	93	9.397922212937875E-4	1	1	331	250	0	10	C
barcode93_consensus_vsearch	632	G	R	586	7	1.18%	2	1	93	93	0.007674635299574334	1	1	326	260	7	0	A
barcode93_consensus_vsearch	636	G	R	564	23	3.89%	2	1	93	93	9.569378289882198E-8	1	1	303	261	23	0	A
barcode93_consensus_vsearch	638	G	R	570	17	2.86%	2	2	93	93	6.783613564613483E-6	1	1	311	259	15	2	A
barcode93_consensus_vsearch	640	G	R	560	28	4.74%	2	2	93	93	2.6804600811283658E-9	1	1	302	258	26	2	A
barcode93_consensus_vsearch	645	G	R	565	7	1.18%	2	2	93	93	0.007669591697725923	1	1	312	253	6	1	+C
barcode93_consensus_vsearch	652	G	R	565	24	4.05%	2	1	93	93	4.6929783397158196E-8	1	1	303	262	24	0	A
barcode93_consensus_vsearch	661	T	Y	568	17	2.87%	2	1	93	93	6.780849953574307E-6	1	1	331	237	0	17	C
barcode93_consensus_vsearch	665	T	Y	560	9	1.54%	2	2	93	93	0.001891855040132679	1	1	324	236	3	6	+G
barcode93_consensus_vsearch	675	T	Y	576	7	1.19%	2	2	93	93	0.007672278741851824	1	1	327	249	2	5	C
barcode93_consensus_vsearch	676	T	Y	578	8	1.35%	2	2	93	93	0.003813445148774959	1	1	325	253	4	4	C
barcode93_consensus_vsearch	684	G	R	561	10	1.7%	2	1	93	93	9.385190892979372E-4	1	1	306	255	10	0	+A
barcode93_consensus_vsearch	691	C	Y	568	10	1.68%	2	2	93	93	9.389745926330508E-4	1	1	317	251	3	7	-GGC
barcode93_consensus_vsearch	702	T	Y	582	7	1.18%	2	2	93	93	0.007673702245629301	1	1	328	254	3	4	C
barcode93_consensus_vsearch	706	T	Y	578	8	1.35%	2	2	93	93	0.003813445148774959	1	1	328	250	2	6	C
barcode93_consensus_vsearch	708	G	S	572	13	2.2%	2	1	93	93	1.141152960809769E-4	1	1	330	242	0	13	C
barcode93_consensus_vsearch	716	G	R	525	30	5.32%	2	1	93	93	6.226374306716563E-10	1	1	276	249	30	0	A
barcode93_consensus_vsearch	718	G	R	586	7	1.18%	2	2	93	93	0.007674635299574334	1	1	325	261	6	1	A
barcode93_consensus_vsearch	725	G	R	535	19	3.32%	2	1	93	93	1.6302834445702359E-6	1	1	292	243	19	0	A
barcode93_consensus_vsearch	726	G	R	572	15	2.53%	2	1	93	93	2.787539038542439E-5	1	1	310	262	15	0	A
barcode93_consensus_vsearch	760	C	Y	585	7	1.18%	2	2	93	93	0.007674403214110395	1	1	330	255	1	6	T
barcode93_consensus_vsearch	771	C	Y	583	7	1.18%	2	2	93	93	0.007673936691127849	1	1	323	260	5	2	T
barcode93_consensus_vsearch	772	C	Y	563	12	2.02%	2	2	93	93	2.303897416995595E-4	1	1	316	247	4	8	T
barcode93_consensus_vsearch	811	T	Y	585	7	1.18%	2	2	93	93	0.007674403214110395	1	1	328	257	5	2	C
barcode93_consensus_vsearch	820	G	R	570	9	1.52%	2	1	93	93	0.0018929044795225952	1	1	308	262	9	0	A
barcode93_consensus_vsearch	821	T	Y	584	7	1.18%	2	2	93	93	0.007674170345963	1	1	328	256	1	6	C
barcode93_consensus_vsearch	823	G	R	574	13	2.19%	2	2	93	93	1.1414178313129473E-4	1	1	315	259	12	1	A
barcode93_consensus_vsearch	857	A	R	584	7	1.18%	2	2	93	93	0.007674170345963	1	1	323	261	6	1	G
barcode93_consensus_vsearch	861	G	R	546	12	2.15%	2	1	93	93	2.2997894938551927E-4	1	1	309	237	12	0	A
barcode93_consensus_vsearch	862	G	R	580	7	1.19%	2	2	93	93	0.0076732309665896	1	1	329	251	4	3	A
barcode93_consensus_vsearch	863	G	R	583	7	1.19%	2	2	93	93	0.007673936691127849	1	1	329	254	4	3	A
barcode93_consensus_vsearch	864	G	R	581	11	1.85%	2	2	93	93	4.659240387073297E-4	1	1	328	253	5	6	A
barcode93_consensus_vsearch	866	C	Y	582	10	1.68%	2	2	93	93	9.398536450879837E-4	1	1	329	253	2	8	T
barcode93_consensus_vsearch	882	C	Y	563	20	3.37%	2	2	93	93	8.080246049084051E-7	1	1	325	238	2	18	T
barcode93_consensus_vsearch	884	A	R	568	7	1.19%	2	2	93	93	0.007670334687803565	1	1	320	248	4	3	G
barcode93_consensus_vsearch	905	A	R	585	7	1.18%	2	2	93	93	0.007674403214110395	1	1	325	260	5	2	G
barcode93_consensus_vsearch	914	T	Y	556	12	2.03%	2	2	93	93	2.3022351222638007E-4	1	1	325	231	2	10	C
barcode93_consensus_vsearch	918	T	Y	558	7	1.22%	2	2	93	93	0.007667827480669072	1	1	328	230	1	6	+C
barcode93_consensus_vsearch	928	G	R	580	7	1.19%	2	1	93	93	0.0076732309665896	1	1	320	260	7	0	A
barcode93_consensus_vsearch	934	G	R	573	11	1.87%	2	1	93	93	4.656222726659411E-4	1	1	315	258	11	0	A
barcode93_consensus_vsearch	949	A	R	579	10	1.69%	2	2	93	93	9.396687550389984E-4	1	1	324	255	6	4	G
barcode93_consensus_vsearch	950	T	Y	579	7	1.18%	2	2	93	93	0.007672994124905477	1	1	327	252	1	6	C
barcode93_consensus_vsearch	971	G	R	570	11	1.89%	2	2	93	93	4.6550699991566706E-4	1	1	313	257	10	1	A
barcode93_consensus_vsearch	993	C	Y	582	11	1.85%	2	2	93	93	4.659611953509893E-4	1	1	331	251	1	10	T
barcode93_consensus_vsearch	999	A	R	583	7	1.18%	2	2	93	93	0.007673936691127849	1	1	328	255	2	5	G
barcode93_consensus_vsearch	1003	T	Y	574	9	1.53%	2	2	93	93	0.0018933142585401675	1	1	325	249	2	7	C
barcode93_consensus_vsearch	1008	A	R	582	12	2.02%	2	2	93	93	2.3082155254131308E-4	1	1	321	261	11	1	G
barcode93_consensus_vsearch	1015	T	Y	578	13	2.19%	2	1	93	93	1.1419423177491619E-4	1	1	331	247	0	13	C
barcode93_consensus_vsearch	1020	C	Y	574	15	2.52%	2	1	93	93	2.7884070676335E-5	1	1	331	243	0	15	T
barcode93_consensus_vsearch	1023	C	Y	583	7	1.18%	2	2	93	93	0.007673936691127849	1	1	330	253	2	5	T
barcode93_consensus_vsearch	1032	G	R	576	14	2.37%	2	2	93	93	5.645462176707094E-5	1	1	322	254	8	6	A
barcode93_consensus_vsearch	1042	A	R	581	8	1.36%	2	2	93	93	0.0038139152066312184	1	1	321	260	7	1	G
barcode93_consensus_vsearch	1047	T	Y	576	8	1.34%	2	2	93	93	0.0038131291090651434	1	1	324	252	5	3	C
barcode93_consensus_vsearch	1048	A	R	580	7	1.19%	2	1	93	93	0.0076732309665896	1	1	329	251	0	7	G
barcode93_consensus_vsearch	1059	G	R	579	9	1.53%	2	2	93	93	0.0018938187066465067	1	1	324	255	7	2	A
barcode93_consensus_vsearch	1063	C	Y	576	9	1.53%	2	2	93	93	0.001893517063995506	1	1	325	251	1	8	T
barcode93_consensus_vsearch	1067	A	W	581	7	1.18%	2	1	93	93	0.007673467005464533	1	1	321	260	7	0	T
barcode93_consensus_vsearch	1068	C	Y	565	12	2.02%	2	2	93	93	2.3043650914873222E-4	1	1	307	258	10	2	-GAGA
barcode93_consensus_vsearch	1107	G	R	569	7	1.19%	2	1	93	93	0.007670580637356587	1	1	311	258	7	0	A
barcode93_consensus_vsearch	1114	T	Y	580	7	1.18%	2	2	93	93	0.0076732309665896	1	1	329	251	3	4	C
barcode93_consensus_vsearch	1118	A	R	584	8	1.35%	2	1	93	93	0.0038143805269862142	1	1	323	261	8	0	G
barcode93_consensus_vsearch	1146	C	Y	558	16	2.73%	2	2	93	93	1.3724631247983685E-5	1	1	320	238	2	14	T
barcode93_consensus_vsearch	1147	C	Y	557	30	5.08%	2	2	93	93	6.368187320250968E-10	1	1	326	231	2	28	T
barcode93_consensus_vsearch	1150	G	R	559	15	2.56%	2	2	93	93	2.7817544193169692E-5	1	1	304	255	13	2	A
barcode93_consensus_vsearch	1162	C	Y	578	8	1.34%	2	1	93	93	0.003813445148774959	1	1	329	249	0	8	T
barcode93_consensus_vsearch	1163	G	R	576	15	2.53%	2	1	93	93	2.789269415844126E-5	1	1	317	259	15	0	A
barcode93_consensus_vsearch	1167	T	Y	527	13	2.3%	2	2	93	93	1.1346876988055956E-4	1	1	275	252	10	3	C
barcode93_consensus_vsearch	1170	T	K	556	13	2.26%	2	1	93	93	1.1389685631254981E-4	1	1	296	260	13	0	G
barcode93_consensus_vsearch	1171	T	K	561	20	3.39%	2	1	93	93	8.075558512578247E-7	1	1	307	254	20	0	G
barcode93_consensus_vsearch	1174	A	R	578	7	1.18%	2	2	93	93	0.007672756476313913	1	1	323	255	5	2	G
barcode93_consensus_vsearch	1176	T	Y	569	10	1.69%	2	2	93	93	9.390387757385067E-4	1	1	327	242	1	9	+C
barcode93_consensus_vsearch	1181	A	R	580	7	1.18%	2	2	93	93	0.0076732309665896	1	1	322	258	5	2	G
barcode93_consensus_vsearch	1183	G	R	478	7	1.42%	2	2	93	93	0.0076440633927143216	1	1	236	242	5	2	A
barcode93_consensus_vsearch	1193	A	R	555	8	1.36%	2	2	93	93	0.0038096759220663046	1	1	296	259	6	2	-C
barcode93_consensus_vsearch	1195	C	Y	573	8	1.34%	2	2	93	93	0.0038126509930167373	1	1	315	258	6	2	T
barcode93_consensus_vsearch	1196	A	R	564	12	2.03%	2	2	93	93	2.3041316524587076E-4	1	1	306	258	10	2	G
barcode93_consensus_vsearch	1213	G	R	575	9	1.53%	2	1	93	93	0.0018934158334647266	1	1	319	256	9	0	A
barcode93_consensus_vsearch	1217	T	Y	581	7	1.18%	2	2	93	93	0.007673467005464533	1	1	327	254	3	4	C
barcode93_consensus_vsearch	1272	A	R	581	7	1.18%	2	2	93	93	0.007673467005464533	1	1	327	254	6	1	G
barcode93_consensus_vsearch	1278	T	Y	571	11	1.85%	2	2	93	93	4.655455542392171E-4	1	1	326	245	3	8	C
barcode93_consensus_vsearch	1293	G	R	583	7	1.18%	2	2	93	93	0.007673936691127849	1	1	327	256	4	3	A
barcode93_consensus_vsearch	1307	A	R	586	7	1.18%	2	1	93	93	0.007674635299574334	1	1	324	262	7	0	G
barcode93_consensus_vsearch	1314	A	R	573	10	1.69%	2	2	93	93	9.392933313754103E-4	1	1	317	256	7	3	G
barcode93_consensus_vsearch	1322	A	R	583	8	1.34%	2	2	93	93	0.0038142259421648926	1	1	325	258	7	1	G
barcode93_consensus_vsearch	1325	T	Y	566	17	2.88%	2	2	93	93	6.7780682447583325E-6	1	1	329	237	1	16	C
barcode93_consensus_vsearch	1328	T	Y	559	13	2.21%	2	2	93	93	1.1393872252603484E-4	1	1	320	239	3	10	C
barcode93_consensus_vsearch	1333	A	R	579	7	1.18%	2	2	93	93	0.007672994124905477	1	1	323	256	5	2	G
barcode93_consensus_vsearch	1338	G	R	573	7	1.2%	2	2	93	93	0.0076715559842246905	1	1	324	249	6	1	A
barcode93_consensus_vsearch	1340	C	Y	562	13	2.23%	2	1	93	93	1.1398016219406192E-4	1	1	326	236	0	13	T
barcode93_consensus_vsearch	1341	C	Y	569	15	2.54%	2	2	93	93	2.7862262199428654E-5	1	1	330	239	1	14	T
barcode93_consensus_vsearch	1351	T	Y	578	12	2.02%	2	1	93	93	2.3073291313309075E-4	1	1	331	247	0	12	C
barcode93_consensus_vsearch	1365	T	W	541	10	1.8%	2	2	93	93	9.371546456216187E-4	1	1	315	226	9	1	A
barcode93_consensus_vsearch	1375	T	Y	580	11	1.85%	2	1	93	93	4.658867581677564E-4	1	1	333	247	0	11	C
barcode93_consensus_vsearch	1381	C	Y	581	9	1.52%	2	2	93	93	0.0018940181115188759	1	1	331	250	1	8	T
barcode93_consensus_vsearch	1386	A	R	564	21	3.55%	2	1	93	93	3.972148329114764E-7	1	1	310	254	21	0	G
barcode93_consensus_vsearch	1388	C	Y	568	18	3.03%	2	1	93	93	3.341204460471138E-6	1	1	325	243	0	18	T
barcode93_consensus_vsearch	1389	T	Y	572	7	1.19%	2	2	93	93	0.00767131340646626	1	1	322	250	2	5	C
barcode93_consensus_vsearch	1408	T	Y	574	14	2.37%	2	2	93	93	5.643946893550629E-5	1	1	330	244	1	13	C
barcode93_consensus_vsearch	1412	A	R	572	12	2.03%	2	2	93	93	2.3059772017075368E-4	1	1	317	255	11	1	G
barcode93_consensus_vsearch	1415	T	Y	583	7	1.18%	2	2	93	93	0.007673936691127849	1	1	328	255	1	6	C
barcode93_consensus_vsearch	1438	G	R	572	7	1.21%	2	2	93	93	0.00767131340646626	1	1	323	249	6	1	A
barcode93_consensus_vsearch	1454	A	W	578	9	1.52%	2	1	93	93	0.001893718498855406	1	1	320	258	9	0	T
barcode93_consensus_vsearch	1474	T	Y	543	7	1.26%	2	1	93	93	0.007663896355890601	1	1	294	249	0	7	C
barcode93_consensus_vsearch	1481	C	Y	563	7	1.18%	2	2	93	93	0.007669092041544023	1	1	329	234	1	6	+T
barcode93_consensus_vsearch	1500	T	Y	576	13	2.19%	2	2	93	93	1.141680944483324E-4	1	1	325	251	6	7	C
barcode93_consensus_vsearch	1508	T	Y	573	8	1.36%	2	2	93	93	0.0038126509930167373	1	1	319	254	6	2	C
barcode93_consensus_vsearch	1512	A	R	585	7	1.18%	2	2	93	93	0.007674403214110395	1	1	328	257	5	2	G
barcode93_consensus_vsearch	1514	T	Y	571	8	1.38%	2	2	93	93	0.0038123295121620672	1	1	329	242	3	5	C
barcode93_consensus_vsearch	1534	G	R	584	7	1.18%	2	1	93	93	0.007674170345963	1	1	323	261	7	0	A
barcode93_consensus_vsearch	1539	G	R	581	7	1.18%	2	1	93	93	0.007673467005464533	1	1	320	261	7	0	A
barcode93_consensus_vsearch	1543	T	K	580	11	1.85%	2	1	93	93	4.658867581677564E-4	1	1	321	259	11	0	G
barcode93_consensus_vsearch	1546	T	K	563	30	5.05%	2	1	93	93	6.393359705043089E-10	1	1	302	261	30	0	G
barcode93_consensus_vsearch	1567	C	Y	562	10	1.7%	2	1	93	93	9.385848358637225E-4	1	1	332	230	0	10	T
barcode93_consensus_vsearch	1586	A	R	580	9	1.53%	2	1	93	93	0.001893918576967777	1	1	321	259	9	0	G
barcode93_consensus_vsearch	1594	T	Y	579	9	1.53%	2	2	93	93	0.0018938187066465067	1	1	327	252	4	5	C
barcode93_consensus_vsearch	1627	C	Y	584	11	1.85%	2	1	93	93	4.660351394123344E-4	1	1	333	251	0	11	T
barcode93_consensus_vsearch	1639	C	Y	583	8	1.34%	2	2	93	93	0.0038142259421648926	1	1	331	252	1	7	T
barcode93_consensus_vsearch	1653	A	R	573	8	1.35%	2	2	93	93	0.0038126509930167373	1	1	319	254	6	2	-G
barcode93_consensus_vsearch	1676	G	K	405	18	4.16%	2	2	93	93	3.171410873712411E-6	1	1	205	200	13	5	T
barcode93_consensus_vsearch	1677	G	R	586	7	1.18%	2	1	93	93	0.007674635299574334	1	1	325	261	7	0	A
barcode93_consensus_vsearch	1684	G	R	580	10	1.69%	2	2	93	93	9.39730591623294E-4	1	1	322	258	8	2	A
barcode93_consensus_vsearch	1688	A	R	560	29	4.89%	2	2	93	93	1.3083469130058672E-9	1	1	300	260	28	1	G
barcode93_consensus_vsearch	1690	G	R	570	8	1.38%	2	1	93	93	0.003812167942212529	1	1	313	257	8	0	A
barcode93_consensus_vsearch	1693	A	R	552	14	2.41%	2	1	93	93	5.626592492019193E-5	1	1	300	252	14	0	G
barcode93_consensus_vsearch	1699	T	K	582	7	1.18%	2	1	93	93	0.007673702245629301	1	1	325	257	7	0	G
barcode93_consensus_vsearch	1710	C	Y	573	10	1.69%	2	1	93	93	9.392933313754103E-4	1	1	328	245	0	10	T
barcode93_consensus_vsearch	1716	A	R	585	7	1.18%	2	2	93	93	0.007674403214110395	1	1	328	257	3	4	G
barcode93_consensus_vsearch	1746	G	R	578	7	1.19%	2	2	93	93	0.007672756476313913	1	1	325	253	5	2	A
barcode93_consensus_vsearch	1761	T	Y	575	7	1.18%	2	2	93	93	0.007672038647635164	1	1	321	254	4	3	C
barcode93_consensus_vsearch	1773	C	Y	570	7	1.19%	2	2	93	93	0.007670825737374831	1	1	326	244	1	6	+G
barcode93_consensus_vsearch	1788	T	Y	307	273	46.43%	2	2	93	93	2.2571998948277647E-101	1	1	170	137	155	118	C
barcode93_consensus_vsearch	1804	C	Y	577	8	1.35%	2	1	93	93	0.0038132873975118887	1	1	328	249	0	8	T
barcode93_consensus_vsearch	1805	G	R	570	10	1.69%	2	1	93	93	9.39102740052465E-4	1	1	319	251	10	0	A
barcode93_consensus_vsearch	1805	G	K	570	8	1.35%	2	1	93	93	0.003812167942212529	1	1	319	251	0	8	A
barcode93_consensus_vsearch	1807	T	Y	578	15	2.53%	2	2	93	93	2.7901261387207864E-5	1	1	332	246	1	14	C
barcode93_consensus_vsearch	1814	T	Y	573	8	1.35%	2	2	93	93	0.0038126509930167373	1	1	321	252	4	4	C
barcode93_consensus_vsearch	1821	T	Y	550	12	2.12%	2	2	93	93	2.3007779846877656E-4	1	1	312	238	3	9	C
barcode93_consensus_vsearch	1824	A	R	563	11	1.89%	2	2	93	93	4.652334151374629E-4	1	1	305	258	10	1	G
barcode93_consensus_vsearch	1825	C	S	575	11	1.86%	2	2	93	93	4.65698475176409E-4	1	1	321	254	10	1	G
barcode93_consensus_vsearch	1827	G	R	556	9	1.58%	2	1	93	93	0.0018914249519062073	1	1	318	238	9	0	A
barcode93_consensus_vsearch	1836	G	R	561	7	1.22%	2	2	93	93	0.007668588879253857	1	1	320	241	5	2	A
barcode93_consensus_vsearch	1840	G	R	552	20	3.43%	2	2	93	93	8.054086686192937E-7	1	1	297	255	19	1	A
barcode93_consensus_vsearch	1857	A	R	581	10	1.69%	2	2	93	93	9.397922212937875E-4	1	1	321	260	9	1	G
barcode93_consensus_vsearch	1861	A	R	577	7	1.2%	2	2	93	93	0.007672518016675552	1	1	323	254	4	3	G
barcode93_consensus_vsearch	1866	T	W	572	8	1.35%	2	1	93	93	0.0038124905281564036	1	1	330	242	0	8	A
barcode93_consensus_vsearch	1868	T	W	569	9	1.54%	2	1	93	93	0.0018928011559758858	1	1	328	241	0	9	A
barcode93_consensus_vsearch	1894	T	Y	268	26	8.61%	2	2	93	93	8.360045218150816E-9	1	1	159	109	13	13	C
barcode93_consensus_vsearch	1896	T	Y	282	253	47.03%	2	2	93	93	4.2094384050558543E-94	1	1	162	120	138	115	C
barcode93_consensus_vsearch	1897	T	Y	563	15	2.54%	2	1	93	93	2.7835610801038993E-5	1	1	322	241	0	15	C
barcode93_consensus_vsearch	1906	A	R	528	7	1.21%	2	2	93	93	0.007659745632203721	1	1	273	255	4	3	-G
barcode93_consensus_vsearch	1913	T	Y	579	7	1.18%	2	2	93	93	0.007672994124905477	1	1	327	252	3	4	C
barcode93_consensus_vsearch	1922	A	R	559	7	1.18%	2	2	93	93	0.007668082173792139	1	1	299	260	5	2	-CA
barcode93_consensus_vsearch	1946	T	Y	310	275	46.22%	2	2	93	93	4.4451378239407366E-102	1	1	158	152	168	107	C
barcode93_consensus_vsearch	1975	A	R	585	7	1.18%	2	2	93	93	0.007674403214110395	1	1	324	261	6	1	G
barcode93_consensus_vsearch	1976	A	R	576	9	1.52%	2	2	93	93	0.001893517063995506	1	1	316	260	8	1	G
barcode93_consensus_vsearch	1987	A	R	582	10	1.69%	2	2	93	93	9.398536450879837E-4	1	1	321	261	9	1	G
barcode93_consensus_vsearch	1988	C	Y	580	7	1.18%	2	2	93	93	0.0076732309665896	1	1	325	255	1	6	T
barcode93_consensus_vsearch	1992	G	R	578	8	1.36%	2	2	93	93	0.003813445148774959	1	1	326	252	5	3	A
barcode93_consensus_vsearch	2001	G	R	580	8	1.36%	2	2	93	93	0.0038137590506295174	1	1	323	257	7	1	A
barcode93_consensus_vsearch	2025	A	R	584	7	1.18%	2	2	93	93	0.007674170345963	1	1	325	259	6	1	G
barcode93_consensus_vsearch	2027	C	Y	579	7	1.18%	2	2	93	93	0.007672994124905477	1	1	325	254	2	5	T
barcode93_consensus_vsearch	2034	C	Y	582	7	1.18%	2	1	93	93	0.007673702245629301	1	1	330	252	0	7	T
barcode93_consensus_vsearch	2044	T	Y	575	13	2.19%	2	2	93	93	1.14154960647074E-4	1	1	326	249	1	12	C
barcode93_consensus_vsearch	2050	T	K	553	33	5.6%	2	1	93	93	7.323989576814462E-11	1	1	294	259	33	0	G
barcode93_consensus_vsearch	2054	A	R	575	8	1.35%	2	2	93	93	0.0038129702806793094	1	1	316	259	5	3	G
barcode93_consensus_vsearch	2085	C	Y	568	8	1.37%	2	2	93	93	0.003811843128951762	1	1	318	250	3	5	T
barcode93_consensus_vsearch	2102	T	Y	583	9	1.51%	2	2	93	93	0.0018942161800671361	1	1	330	253	2	7	C
barcode93_consensus_vsearch	2110	G	R	537	8	1.46%	2	1	93	93	0.003806505524841473	1	1	324	213	8	0	A
barcode93_consensus_vsearch	2132	A	R	577	8	1.36%	2	2	93	93	0.0038132873975118887	1	1	320	257	7	1	G
barcode93_consensus_vsearch	2141	T	Y	579	7	1.18%	2	2	93	93	0.007672994124905477	1	1	324	255	1	6	C
barcode93_consensus_vsearch	2161	A	R	323	266	45.08%	2	2	93	93	8.062576341594389E-98	1	1	179	144	152	114	G
barcode93_consensus_vsearch	2180	G	K	533	10	1.83%	2	2	93	93	9.365810686774555E-4	1	1	330	203	1	9	T
barcode93_consensus_vsearch	2188	A	R	269	212	40.93%	2	2	93	93	1.1535528285041848E-77	1	1	154	115	108	104	G
barcode93_consensus_vsearch	2189	G	R	540	16	2.84%	2	2	93	93	1.3676963566354365E-5	1	1	286	254	14	2	A
barcode93_consensus_vsearch	2196	C	Y	573	9	1.53%	2	1	93	93	0.0018932123374629899	1	1	325	248	0	9	T
barcode93_consensus_vsearch	2201	T	Y	578	7	1.18%	2	2	93	93	0.007672756476313913	1	1	323	255	3	4	+C
barcode93_consensus_vsearch	2223	C	Y	322	260	44.44%	2	2	93	93	2.1685950279941883E-95	1	1	173	149	152	108	T
barcode93_consensus_vsearch	2246	C	Y	504	18	3.26%	2	1	93	93	3.286436863903422E-6	1	1	314	190	0	18	T
barcode93_consensus_vsearch	2247	G	R	562	8	1.37%	2	2	93	93	0.003810855092140287	1	1	318	244	7	1	A
barcode93_consensus_vsearch	2248	G	R	559	7	1.18%	2	1	93	93	0.007668082173792139	1	1	308	251	0	7	+T
barcode93_consensus_vsearch	2248	G	K	559	16	2.69%	2	1	93	93	1.37271954373405E-5	1	1	308	251	16	0	T
barcode93_consensus_vsearch	2268	T	Y	583	7	1.18%	2	2	93	93	0.007673936691127849	1	1	329	254	2	5	C
barcode93_consensus_vsearch	2272	A	R	571	7	1.2%	2	2	93	93	0.007671069992311274	1	1	316	255	6	1	G
barcode93_consensus_vsearch	2278	T	Y	317	266	45.24%	2	2	93	93	4.707211508532626E-98	1	1	173	144	155	111	C
barcode93_consensus_vsearch	2280	A	R	580	8	1.35%	2	2	93	93	0.0038137590506295174	1	1	320	260	7	1	G
barcode93_consensus_vsearch	2299	C	Y	560	9	1.51%	2	2	93	93	0.001891855040132679	1	1	320	240	5	4	T
barcode93_consensus_vsearch	2300	G	R	561	11	1.92%	2	1	93	93	4.6515403682255657E-4	1	1	318	243	11	0	A
barcode93_consensus_vsearch	2318	C	Y	566	23	3.87%	2	2	93	93	9.576660746230493E-8	1	1	327	239	1	22	T
barcode93_consensus_vsearch	2336	A	R	321	266	44.71%	2	2	93	93	6.749755847589842E-98	1	1	170	151	159	107	G
barcode93_consensus_vsearch	2352	T	K	581	11	1.85%	2	1	93	93	4.659240387073297E-4	1	1	322	259	11	0	G
barcode93_consensus_vsearch	2373	A	R	566	7	1.18%	2	2	93	93	0.007669840222466952	1	1	319	247	6	1	+G
barcode93_consensus_vsearch	2377	A	R	560	12	2.03%	2	2	93	93	2.3031898910607474E-4	1	1	314	246	11	1	G
barcode93_consensus_vsearch	2383	A	R	564	7	1.18%	2	2	93	93	0.007669342305605016	1	1	308	256	5	2	+C
barcode93_consensus_vsearch	2386	C	Y	560	9	1.52%	2	1	93	93	0.001891855040132679	1	1	310	250	0	9	-G
barcode93_consensus_vsearch	2387	G	R	559	8	1.39%	2	1	93	93	0.0038103532778841847	1	1	300	259	8	0	A
barcode93_consensus_vsearch	2388	C	M	561	16	2.7%	2	2	93	93	1.3732298211241208E-5	1	1	303	258	15	1	A
barcode93_consensus_vsearch	2388	C	Y	561	11	1.86%	2	2	93	93	4.6515403682255657E-4	1	1	303	258	10	1	A
barcode93_consensus_vsearch	2420	A	R	568	7	1.18%	2	2	93	93	0.007670334687803565	1	1	313	255	3	4	G
barcode93_consensus_vsearch	2424	A	R	571	9	1.52%	2	1	93	93	0.0018930074497425708	1	1	310	261	9	0	G
barcode93_consensus_vsearch	2428	A	R	573	9	1.52%	2	1	93	93	0.0018932123374629899	1	1	315	258	9	0	G
barcode93_consensus_vsearch	2432	G	R	558	14	2.43%	2	2	93	93	5.6314541018637804E-5	1	1	306	252	12	2	A
barcode93_consensus_vsearch	2460	G	R	526	14	2.55%	2	1	93	93	5.60431506344668E-5	1	1	308	218	14	0	A
barcode93_consensus_vsearch	2460	G	K	526	8	1.46%	2	1	93	93	0.003804463493552888	1	1	308	218	0	8	A
barcode93_consensus_vsearch	2487	G	R	568	10	1.72%	2	1	93	93	9.389745926330508E-4	1	1	316	252	10	0	A
barcode93_consensus_vsearch	2491	T	Y	319	267	44.95%	2	2	93	93	2.179966145041451E-98	1	1	173	146	156	111	C
barcode93_consensus_vsearch	2492	A	R	323	270	45.45%	2	2	93	93	1.8055960687645324E-99	1	1	174	149	158	112	G
barcode93_consensus_vsearch	2495	C	Y	569	23	3.87%	2	1	93	93	9.587500614964659E-8	1	1	331	238	0	23	T
barcode93_consensus_vsearch	2508	G	R	576	12	2.03%	2	1	93	93	2.306881496410543E-4	1	1	318	258	12	0	A
barcode93_consensus_vsearch	2518	G	R	574	7	1.19%	2	1	93	93	0.007671797729860669	1	1	320	254	7	0	A
barcode93_consensus_vsearch	2563	T	Y	586	7	1.18%	2	2	93	93	0.007674635299574334	1	1	329	257	3	4	C
barcode93_consensus_vsearch	2569	A	R	469	7	1.21%	2	1	93	93	0.007640892201856266	1	1	219	250	7	0	-G
barcode93_consensus_vsearch	2578	A	R	577	10	1.68%	2	1	93	93	9.395444569434851E-4	1	1	320	257	10	0	G
barcode93_consensus_vsearch	2582	C	Y	565	24	4.03%	2	2	93	93	4.6929783397158196E-8	1	1	331	234	1	23	T
barcode93_consensus_vsearch	2587	T	W	543	9	1.6%	2	1	93	93	0.0018899844947723675	1	1	314	229	9	0	A
barcode93_consensus_vsearch	2587	T	Y	543	8	1.42%	2	2	93	93	0.003807585201342346	1	1	314	229	3	5	A
barcode93_consensus_vsearch	2588	T	K	572	8	1.35%	2	1	93	93	0.0038124905281564036	1	1	325	247	0	8	G
barcode93_consensus_vsearch	2593	T	Y	580	9	1.52%	2	2	93	93	0.001893918576967777	1	1	324	256	7	2	C
barcode93_consensus_vsearch	2624	A	R	584	8	1.35%	2	2	93	93	0.0038143805269862142	1	1	323	261	7	1	G
barcode93_consensus_vsearch	2641	G	R	583	7	1.19%	2	1	93	93	0.007673936691127849	1	1	322	261	7	0	A
barcode93_consensus_vsearch	2723	G	R	553	8	1.34%	2	2	93	93	0.00380933364327884	1	1	302	251	7	1	-A
barcode93_consensus_vsearch	2732	A	R	582	8	1.35%	2	2	93	93	0.00381407083625578	1	1	327	255	4	4	G
barcode93_consensus_vsearch	2742	G	K	567	8	1.38%	2	1	93	93	0.0038116798798562227	1	1	332	235	0	8	T
barcode93_consensus_vsearch	2772	T	Y	571	21	3.54%	2	2	93	93	3.980890974934442E-7	1	1	332	239	1	20	C
barcode93_consensus_vsearch	2809	G	R	579	12	2.02%	2	1	93	93	2.3075518337962257E-4	1	1	319	260	12	0	A
barcode93_consensus_vsearch	2840	C	Y	516	9	1.71%	2	1	93	93	0.0018867669371326681	1	1	272	244	9	0	T
barcode93_consensus_vsearch	2843	A	R	578	10	1.69%	2	2	93	93	9.396067104969792E-4	1	1	324	254	5	5	G
barcode93_consensus_vsearch	2848	A	R	581	7	1.18%	2	1	93	93	0.007673467005464533	1	1	321	260	7	0	G
barcode93_consensus_vsearch	2850	G	R	563	15	2.57%	2	2	93	93	2.7835610801038993E-5	1	1	312	251	14	1	A
barcode93_consensus_vsearch	2860	G	R	575	15	2.54%	2	1	93	93	2.7888389483588588E-5	1	1	317	258	15	0	A
barcode93_consensus_vsearch	2888	G	R	585	9	1.51%	2	1	93	93	0.0018944129256754595	1	1	323	262	9	0	A
barcode93_consensus_vsearch	2901	C	Y	564	12	2.02%	2	2	93	93	2.3041316524587076E-4	1	1	331	233	1	11	T
barcode93_consensus_vsearch	2904	G	R	533	46	7.92%	2	2	93	93	5.603602481475703E-15	1	1	285	248	43	3	A
barcode93_consensus_vsearch	2915	A	R	568	9	1.53%	2	2	93	93	0.0018926974773018042	1	1	319	249	8	1	G
barcode93_consensus_vsearch	2918	C	Y	572	9	1.55%	2	2	93	93	0.0018931100684577166	1	1	325	247	1	8	T
barcode93_consensus_vsearch	2920	C	Y	584	8	1.34%	2	2	93	93	0.0038143805269862142	1	1	331	253	2	6	T
barcode93_consensus_vsearch	2922	T	Y	552	8	1.41%	2	1	93	93	0.0038091615924873046	1	1	332	220	0	8	C
barcode93_consensus_vsearch	2935	G	R	576	13	2.19%	2	1	93	93	1.141680944483324E-4	1	1	316	260	13	0	A
barcode93_consensus_vsearch	2938	T	Y	299	258	43.43%	2	2	93	93	1.823636977921661E-95	1	1	164	135	162	96	C
barcode93_consensus_vsearch	2938	T	K	299	11	1.85%	2	2	93	93	4.4614735007729884E-4	1	1	164	135	1	10	C
barcode93_consensus_vsearch	2940	G	R	579	12	2.02%	2	2	93	93	2.3075518337962257E-4	1	1	330	249	1	11	A
barcode93_consensus_vsearch	2955	A	R	568	10	1.7%	2	1	93	93	9.389745926330508E-4	1	1	317	251	10	0	G
barcode93_consensus_vsearch	2969	T	Y	585	7	1.18%	2	1	93	93	0.007674403214110395	1	1	330	255	0	7	C
barcode93_consensus_vsearch	2994	C	Y	564	8	1.35%	2	1	93	93	0.0038111867275475823	1	1	324	240	0	8	+T
barcode93_consensus_vsearch	2997	T	Y	571	7	1.18%	2	1	93	93	0.007671069992311274	1	1	321	250	7	0	+A
barcode93_consensus_vsearch	3000	A	R	588	7	1.18%	2	1	93	93	0.007675097138165556	1	1	326	262	7	0	G
barcode93_consensus_vsearch	3001	C	Y	578	7	1.18%	2	2	93	93	0.007672756476313913	1	1	323	255	3	4	T
barcode93_consensus_vsearch	3030	T	Y	578	10	1.69%	2	2	93	93	9.396067104969792E-4	1	1	325	253	3	7	C
barcode93_consensus_vsearch	3032	T	Y	559	12	2.07%	2	2	93	93	2.3029524287792016E-4	1	1	328	231	1	11	C
barcode93_consensus_vsearch	3034	A	R	581	7	1.18%	2	2	93	93	0.007673467005464533	1	1	325	256	5	2	G
barcode93_consensus_vsearch	3035	C	Y	576	16	2.69%	2	2	93	93	1.3769512585367692E-5	1	1	329	247	2	14	T
barcode93_consensus_vsearch	3049	T	Y	585	7	1.18%	2	2	93	93	0.007674403214110395	1	1	328	257	3	4	C
barcode93_consensus_vsearch	3057	A	R	498	7	1.38%	2	2	93	93	0.007650707432770799	1	1	324	174	1	6	G
barcode93_consensus_vsearch	3061	A	R	577	7	1.18%	2	1	93	93	0.007672518016675552	1	1	324	253	7	0	G
barcode93_consensus_vsearch	3075	T	Y	572	7	1.19%	2	1	93	93	0.00767131340646626	1	1	321	251	0	7	C
barcode93_consensus_vsearch	3085	A	R	580	10	1.69%	2	1	93	93	9.39730591623294E-4	1	1	320	260	10	0	G
barcode93_consensus_vsearch	3087	T	Y	580	8	1.35%	2	1	93	93	0.0038137590506295174	1	1	327	253	0	8	C
barcode93_consensus_vsearch	3089	G	R	563	8	1.38%	2	1	93	93	0.0038110211985538677	1	1	313	250	8	0	A
barcode93_consensus_vsearch	3090	G	R	581	9	1.52%	2	2	93	93	0.0018940181115188759	1	1	324	257	8	1	A
barcode93_consensus_vsearch	3101	C	Y	574	9	1.52%	2	2	93	93	0.0018933142585401675	1	1	321	253	3	6	T
barcode93_consensus_vsearch	3111	C	Y	572	11	1.85%	2	2	93	93	4.655839782704286E-4	1	1	328	244	1	10	T
barcode93_consensus_vsearch	3118	C	Y	558	10	1.68%	2	2	93	93	9.383204768022652E-4	1	1	328	230	3	7	-G
barcode93_consensus_vsearch	3119	G	K	559	9	1.58%	2	1	93	93	0.0018917480811367516	1	1	330	229	0	9	T
barcode93_consensus_vsearch	3152	G	R	574	12	2.04%	2	2	93	93	2.3064308632724596E-4	1	1	318	256	11	1	A
barcode93_consensus_vsearch	3155	T	Y	587	7	1.18%	2	2	93	93	0.007674866606290045	1	1	329	258	4	3	C
barcode93_consensus_vsearch	3169	C	Y	564	18	3.03%	2	2	93	93	3.3381158323272983E-6	1	1	327	237	1	17	T
barcode93_consensus_vsearch	3190	T	Y	570	11	1.87%	2	2	93	93	4.6550699991566706E-4	1	1	325	245	2	9	C
barcode93_consensus_vsearch	3192	C	Y	570	11	1.88%	2	1	93	93	4.6550699991566706E-4	1	1	326	244	0	11	T
barcode93_consensus_vsearch	3195	A	R	534	7	1.19%	2	1	93	93	0.007661433438157596	1	1	311	223	7	0	-G
barcode93_consensus_vsearch	3197	G	R	569	8	1.35%	2	1	93	93	0.003812005815438782	1	1	311	258	8	0	+A
barcode93_consensus_vsearch	3198	G	K	581	12	2.02%	2	1	93	93	2.3079950271826945E-4	1	1	320	261	12	0	T
barcode93_consensus_vsearch	3213	A	R	572	9	1.53%	2	2	93	93	0.0018931100684577166	1	1	318	254	7	2	G
barcode93_consensus_vsearch	3220	T	Y	572	9	1.52%	2	1	93	93	0.0018931100684577166	1	1	328	244	0	9	C
barcode93_consensus_vsearch	3229	G	R	570	18	3.04%	2	2	93	93	3.3427338331157792E-6	1	1	312	258	17	1	A
barcode93_consensus_vsearch	3230	T	Y	556	7	1.18%	2	2	93	93	0.0076673153898888695	1	1	308	248	1	6	-A
barcode93_consensus_vsearch	3233	C	Y	563	9	1.53%	2	2	93	93	0.0018921736921997058	1	1	312	251	4	5	+TT
barcode93_consensus_vsearch	3236	T	Y	585	7	1.18%	2	1	93	93	0.007674403214110395	1	1	331	254	0	7	C
barcode93_consensus_vsearch	3243	G	R	573	7	1.18%	2	2	93	93	0.0076715559842246905	1	1	322	251	4	3	A
barcode93_consensus_vsearch	3265	G	R	565	8	1.39%	2	2	93	93	0.0038113516821029324	1	1	318	247	5	3	A
barcode93_consensus_vsearch	3276	C	Y	576	8	1.35%	2	2	93	93	0.0038131291090651434	1	1	324	252	2	6	T
barcode93_consensus_vsearch	3280	A	R	582	7	1.18%	2	2	93	93	0.007673702245629301	1	1	325	257	5	2	G
barcode93_consensus_vsearch	3284	T	Y	573	10	1.71%	2	2	93	93	9.392933313754103E-4	1	1	327	246	1	9	C
barcode93_consensus_vsearch	3297	T	Y	573	7	1.18%	2	2	93	93	0.0076715559842246905	1	1	316	257	5	2	C
barcode93_consensus_vsearch	3300	T	Y	582	8	1.35%	2	2	93	93	0.00381407083625578	1	1	325	257	3	5	C
barcode93_consensus_vsearch	3301	A	R	581	7	1.18%	2	1	93	93	0.007673467005464533	1	1	319	262	7	0	G
barcode93_consensus_vsearch	3311	T	Y	569	10	1.71%	2	1	93	93	9.390387757385067E-4	1	1	330	239	0	10	C
barcode93_consensus_vsearch	3312	G	R	575	7	1.18%	2	1	93	93	0.007672038647635164	1	1	315	260	7	0	-C
barcode93_consensus_vsearch	3314	C	Y	559	8	1.35%	2	2	93	93	0.0038103532778841847	1	1	307	252	1	7	-GA
barcode93_consensus_vsearch	3322	C	Y	430	7	1.6%	2	2	93	93	0.007625648020175149	1	1	286	144	4	3	T
barcode93_consensus_vsearch	3327	A	R	568	8	1.35%	2	1	93	93	0.003811843128951762	1	1	320	248	8	0	-G
barcode93_consensus_vsearch	3339	A	R	579	7	1.19%	2	1	93	93	0.007672994124905477	1	1	325	254	7	0	G
barcode93_consensus_vsearch	3350	T	Y	575	11	1.88%	2	2	93	93	4.65698475176409E-4	1	1	322	253	5	6	C
barcode93_consensus_vsearch	3367	A	M	579	9	1.53%	2	1	93	93	0.0018938187066465067	1	1	331	248	0	9	C
barcode93_consensus_vsearch	3369	T	Y	577	9	1.52%	2	1	93	93	0.0018936179518815892	1	1	331	246	0	9	C
barcode93_consensus_vsearch	3384	G	R	579	11	1.86%	2	2	93	93	4.658493531133954E-4	1	1	324	255	7	4	A
barcode93_consensus_vsearch	3385	G	R	583	9	1.51%	2	2	93	93	0.0018942161800671361	1	1	326	257	4	5	A
barcode93_consensus_vsearch	3395	A	R	573	14	2.36%	2	1	93	93	5.643185488140275E-5	1	1	317	256	14	0	G
barcode93_consensus_vsearch	3421	T	Y	581	9	1.52%	2	1	93	93	0.0018940181115188759	1	1	329	252	0	9	C
barcode93_consensus_vsearch	3425	T	W	538	8	1.37%	2	2	93	93	0.0038066871088034355	1	1	310	228	4	4	-A
barcode93_consensus_vsearch	3425	T	Y	538	8	1.37%	2	2	93	93	0.0038066871088034355	1	1	310	228	2	6	-A
barcode93_consensus_vsearch	3432	A	R	576	9	1.52%	2	2	93	93	0.001893517063995506	1	1	320	256	8	1	G
barcode93_consensus_vsearch	3447	T	K	529	56	9.44%	2	1	93	93	3.483134694238807E-18	1	1	273	256	56	0	G
barcode93_consensus_vsearch	3462	A	R	582	9	1.51%	2	1	93	93	0.0018941173119931185	1	1	322	260	9	0	G
barcode93_consensus_vsearch	3465	A	R	494	9	1.52%	2	2	93	93	0.001883892287303852	1	1	239	255	7	2	+G
barcode93_consensus_vsearch	3466	G	R	468	15	2.63%	2	1	93	93	2.73289488521999E-5	1	1	209	259	15	0	A
barcode93_consensus_vsearch	3468	G	R	535	28	4.79%	2	1	93	93	2.640592475853265E-9	1	1	284	251	28	0	A
barcode93_consensus_vsearch	3490	T	Y	556	7	1.19%	2	1	93	93	0.0076673153898888695	1	1	313	243	0	7	-A
barcode93_consensus_vsearch	3494	C	Y	582	8	1.35%	2	2	93	93	0.00381407083625578	1	1	329	253	2	6	T
barcode93_consensus_vsearch	3508	C	Y	537	7	1.21%	2	2	93	93	0.007662263431712945	1	1	317	220	2	5	-G
barcode93_consensus_vsearch	3509	G	R	508	47	8.41%	2	1	93	93	2.5704473615168496E-15	1	1	281	227	47	0	A
barcode93_consensus_vsearch	3518	C	Y	564	18	3.03%	2	2	93	93	3.3381158323272983E-6	1	1	325	239	1	17	T
barcode93_consensus_vsearch	3535	T	Y	577	9	1.52%	2	2	93	93	0.0018936179518815892	1	1	331	246	1	8	C
barcode93_consensus_vsearch	3538	C	Y	567	12	2.03%	2	2	93	93	2.3048295964434314E-4	1	1	318	249	3	9	T
barcode93_consensus_vsearch	3543	T	Y	583	7	1.18%	2	2	93	93	0.007673936691127849	1	1	326	257	4	3	C
barcode93_consensus_vsearch	3555	A	R	574	8	1.35%	2	1	93	93	0.0038128109095927364	1	1	319	255	8	0	G
barcode93_consensus_vsearch	3567	A	R	583	7	1.18%	2	1	93	93	0.007673936691127849	1	1	323	260	7	0	G
barcode93_consensus_vsearch	3588	G	R	537	49	8.24%	2	2	93	93	6.234482433231697E-16	1	1	278	259	48	1	A
barcode93_consensus_vsearch	3590	A	R	555	29	4.91%	2	2	93	93	1.3042966153050208E-9	1	1	302	253	27	2	G
barcode93_consensus_vsearch	3607	A	R	584	7	1.18%	2	2	93	93	0.007674170345963	1	1	325	259	6	1	G
barcode93_consensus_vsearch	3611	G	K	579	7	1.18%	2	1	93	93	0.007672994124905477	1	1	326	253	0	7	T
barcode93_consensus_vsearch	3617	C	Y	568	21	3.54%	2	2	93	93	3.9771676773039065E-7	1	1	329	239	1	20	T
barcode93_consensus_vsearch	3624	G	R	563	8	1.38%	2	1	93	93	0.0038110211985538677	1	1	303	260	8	0	-A
barcode93_consensus_vsearch	3643	T	Y	579	10	1.69%	2	2	93	93	9.396687550389984E-4	1	1	329	250	2	8	C
barcode93_consensus_vsearch	3656	A	R	577	11	1.86%	2	2	93	93	4.6577416695331333E-4	1	1	318	259	9	2	G
barcode93_consensus_vsearch	3661	T	Y	570	15	2.54%	2	2	93	93	2.786665272293345E-5	1	1	329	241	2	13	C
barcode93_consensus_vsearch	3680	A	R	573	9	1.53%	2	2	93	93	0.0018932123374629899	1	1	328	245	4	5	G
barcode93_consensus_vsearch	3684	T	Y	570	7	1.18%	2	2	93	93	0.007670825737374831	1	1	327	243	1	6	-GT
barcode93_consensus_vsearch	3688	A	R	568	7	1.18%	2	2	93	93	0.007670334687803565	1	1	312	256	5	2	-C
barcode93_consensus_vsearch	3690	C	Y	556	7	1.19%	2	1	93	93	0.0076673153898888695	1	1	326	230	0	7	+T
barcode93_consensus_vsearch	3691	C	Y	526	54	9.12%	2	2	93	93	1.5223081648142657E-17	1	1	321	205	1	53	T
barcode93_consensus_vsearch	3692	A	W	571	8	1.37%	2	1	93	93	0.0038123295121620672	1	1	309	262	8	0	T
barcode93_consensus_vsearch	3694	A	R	560	14	2.37%	2	2	93	93	5.6330526991142806E-5	1	1	309	251	13	1	G
barcode93_consensus_vsearch	3706	A	R	579	9	1.52%	2	1	93	93	0.0018938187066465067	1	1	324	255	9	0	G
barcode93_consensus_vsearch	3735	A	R	559	11	1.87%	2	2	93	93	4.6507410995373774E-4	1	1	304	255	10	1	G
barcode93_consensus_vsearch	3746	T	Y	565	17	2.92%	2	2	93	93	6.776670548088378E-6	1	1	323	242	1	16	C
barcode93_consensus_vsearch	3750	T	W	575	7	1.19%	2	1	93	93	0.007672038647635164	1	1	326	249	0	7	A
barcode93_consensus_vsearch	3765	A	R	574	13	2.2%	2	2	93	93	1.1414178313129473E-4	1	1	319	255	10	3	G
barcode93_consensus_vsearch	3773	T	Y	555	11	1.86%	2	2	93	93	4.649125876501121E-4	1	1	316	239	5	6	-G
barcode93_consensus_vsearch	3774	G	R	565	12	2.08%	2	2	93	93	2.3043650914873222E-4	1	1	313	252	11	1	A
barcode93_consensus_vsearch	3779	A	R	567	11	1.88%	2	2	93	93	4.653905485314612E-4	1	1	316	251	7	4	G
barcode93_consensus_vsearch	3780	A	W	581	8	1.35%	2	1	93	93	0.0038139152066312184	1	1	320	261	8	0	T
barcode93_consensus_vsearch	3781	A	R	561	27	4.55%	2	2	93	93	5.489926262419147E-9	1	1	304	257	23	4	G
barcode93_consensus_vsearch	3783	A	R	579	8	1.35%	2	1	93	93	0.003813602365568841	1	1	319	260	8	0	G
barcode93_consensus_vsearch	3784	G	R	556	27	4.55%	2	1	93	93	5.475230755610683E-9	1	1	300	256	27	0	A
barcode93_consensus_vsearch	3790	A	R	573	17	2.87%	2	2	93	93	6.7877254318091535E-6	1	1	315	258	16	1	G
barcode93_consensus_vsearch	3793	G	R	581	9	1.52%	2	2	93	93	0.0018940181115188759	1	1	323	258	8	1	A
barcode93_consensus_vsearch	3802	G	R	568	12	2.04%	2	2	93	93	2.3050606703904357E-4	1	1	315	253	11	1	A
barcode93_consensus_vsearch	3813	C	Y	545	9	1.52%	2	2	93	93	0.001890210465296116	1	1	329	216	1	8	-A
barcode93_consensus_vsearch	3817	T	Y	578	13	2.19%	2	2	93	93	1.1419423177491619E-4	1	1	331	247	1	12	C
barcode93_consensus_vsearch	3846	T	Y	560	12	2.03%	2	1	93	93	2.3031898910607474E-4	1	1	329	231	0	12	C
barcode93_consensus_vsearch	3868	A	R	583	9	1.52%	2	2	93	93	0.0018942161800671361	1	1	323	260	8	1	G
barcode93_consensus_vsearch	3869	G	R	572	18	3.03%	2	1	93	93	3.344253372681461E-6	1	1	310	262	18	0	A
barcode93_consensus_vsearch	3873	T	Y	586	9	1.51%	2	2	93	93	0.0018945108065208946	1	1	331	255	2	7	C
barcode93_consensus_vsearch	3912	C	Y	577	7	1.19%	2	1	93	93	0.007672518016675552	1	1	325	252	0	7	T
barcode93_consensus_vsearch	3913	C	Y	566	23	3.87%	2	2	93	93	9.576660746230493E-8	1	1	332	234	1	22	T
barcode93_consensus_vsearch	3923	T	Y	575	15	2.53%	2	2	93	93	2.7888389483588588E-5	1	1	327	248	2	13	C
barcode93_consensus_vsearch	3941	C	Y	535	12	2.02%	2	2	93	93	2.296998100207781E-4	1	1	288	247	2	10	T
barcode93_consensus_vsearch	3953	G	R	462	23	4.71%	2	1	93	93	9.127137394097918E-8	1	1	230	232	23	0	A
barcode93_consensus_vsearch	3960	C	Y	558	7	1.18%	2	2	93	93	0.007667827480669072	1	1	330	228	1	6	-G
barcode93_consensus_vsearch	3961	G	R	559	8	1.39%	2	2	93	93	0.0038103532778841847	1	1	321	238	7	1	A
barcode93_consensus_vsearch	3965	A	R	559	7	1.23%	2	2	93	93	0.007668082173792139	1	1	317	242	5	2	G
barcode93_consensus_vsearch	3966	A	R	579	8	1.36%	2	2	93	93	0.003813602365568841	1	1	326	253	4	4	G
barcode93_consensus_vsearch	3995	A	R	583	8	1.35%	2	2	93	93	0.0038142259421648926	1	1	325	258	6	2	G
barcode93_consensus_vsearch	3997	G	R	583	9	1.52%	2	2	93	93	0.0018942161800671361	1	1	323	260	8	1	A
barcode93_consensus_vsearch	4001	A	R	581	13	2.18%	2	2	93	93	1.1423311528767137E-4	1	1	323	258	10	3	G
barcode93_consensus_vsearch	4022	C	M	564	7	1.19%	2	2	93	93	0.007669342305605016	1	1	316	248	6	1	A
barcode93_consensus_vsearch	4022	C	Y	564	12	2.04%	2	2	93	93	2.3041316524587076E-4	1	1	316	248	1	11	T
barcode93_consensus_vsearch	4035	C	Y	516	9	1.51%	2	2	93	93	0.0018867669371326681	1	1	310	206	2	7	-G
barcode93_consensus_vsearch	4036	G	K	518	9	1.69%	2	1	93	93	0.001887016477158895	1	1	314	204	0	9	T
barcode93_consensus_vsearch	4044	T	Y	544	8	1.43%	2	2	93	93	0.0038077628791647437	1	1	300	244	4	4	C
barcode93_consensus_vsearch	4057	T	W	569	7	1.21%	2	2	93	93	0.007670580637356587	1	1	323	246	6	1	A
barcode93_consensus_vsearch	4058	T	Y	579	7	1.18%	2	2	93	93	0.007672994124905477	1	1	331	248	1	6	C
barcode93_consensus_vsearch	4066	T	Y	582	7	1.19%	2	2	93	93	0.007673702245629301	1	1	328	254	5	2	C
barcode93_consensus_vsearch	4078	A	R	585	7	1.18%	2	2	93	93	0.007674403214110395	1	1	328	257	5	2	G
barcode93_consensus_vsearch	4081	G	R	579	10	1.69%	2	1	93	93	9.396687550389984E-4	1	1	320	259	10	0	A
barcode93_consensus_vsearch	4095	T	Y	573	10	1.68%	2	2	93	93	9.392933313754103E-4	1	1	321	252	2	8	C
barcode93_consensus_vsearch	4108	C	Y	574	15	2.53%	2	1	93	93	2.7884070676335E-5	1	1	328	246	0	15	T
barcode93_consensus_vsearch	4121	A	R	586	7	1.18%	2	2	93	93	0.007674635299574334	1	1	325	261	6	1	G
barcode93_consensus_vsearch	4138	G	R	578	10	1.69%	2	1	93	93	9.396067104969792E-4	1	1	320	258	10	0	A
barcode93_consensus_vsearch	4148	T	Y	577	10	1.68%	2	2	93	93	9.395444569434851E-4	1	1	329	248	4	6	C
barcode93_consensus_vsearch	4152	A	R	560	34	5.71%	2	1	93	93	3.580273287712627E-11	1	1	298	262	34	0	G
barcode93_consensus_vsearch	4157	T	W	560	12	2.08%	2	1	93	93	2.3031898910607474E-4	1	1	310	250	12	0	A
barcode93_consensus_vsearch	4158	T	Y	571	8	1.35%	2	2	93	93	0.0038123295121620672	1	1	315	256	6	2	C
barcode93_consensus_vsearch	4166	A	M	575	8	1.36%	2	2	93	93	0.0038129702806793094	1	1	316	259	6	2	C
barcode93_consensus_vsearch	4182	T	Y	583	9	1.52%	2	1	93	93	0.0018942161800671361	1	1	332	251	0	9	C
barcode93_consensus_vsearch	4183	T	Y	584	9	1.51%	2	2	93	93	0.0018943147174077597	1	1	330	254	2	7	C
barcode93_consensus_vsearch	4196	T	Y	582	8	1.35%	2	2	93	93	0.00381407083625578	1	1	328	254	3	5	C
barcode93_consensus_vsearch	4197	A	R	576	10	1.68%	2	2	93	93	9.394819933234852E-4	1	1	323	253	8	2	G
barcode93_consensus_vsearch	4206	C	Y	576	7	1.19%	2	2	93	93	0.007672278741851824	1	1	316	260	5	2	T
barcode93_consensus_vsearch	4207	G	R	573	9	1.53%	2	2	93	93	0.0018932123374629899	1	1	312	261	8	1	A
barcode93_consensus_vsearch	4210	G	R	577	13	2.19%	2	1	93	93	1.1418118475245747E-4	1	1	316	261	13	0	A
barcode93_consensus_vsearch	4227	A	R	582	8	1.34%	2	2	93	93	0.00381407083625578	1	1	326	256	6	2	G
barcode93_consensus_vsearch	4229	A	R	581	7	1.18%	2	2	93	93	0.007673467005464533	1	1	326	255	5	2	G
barcode93_consensus_vsearch	4230	G	R	568	17	2.88%	2	2	93	93	6.780849953574307E-6	1	1	314	254	14	3	A
barcode93_consensus_vsearch	4260	G	K	575	7	1.19%	2	1	93	93	0.007672038647635164	1	1	322	253	0	7	T
barcode93_consensus_vsearch	4267	G	R	578	13	2.2%	2	2	93	93	1.1419423177491619E-4	1	1	322	256	11	2	A
barcode93_consensus_vsearch	4289	G	R	559	12	2.09%	2	1	93	93	2.3029524287792016E-4	1	1	306	253	12	0	A
barcode93_consensus_vsearch	4293	A	R	580	8	1.36%	2	2	93	93	0.0038137590506295174	1	1	323	257	7	1	G
barcode93_consensus_vsearch	4296	G	R	552	8	1.4%	2	2	93	93	0.0038091615924873046	1	1	299	253	7	1	A
barcode93_consensus_vsearch	4308	A	R	545	9	1.52%	2	2	93	93	0.001890210465296116	1	1	307	238	6	3	+G
barcode93_consensus_vsearch	4308	A	W	545	8	1.35%	2	1	93	93	0.003807939918250496	1	1	307	238	0	8	+G
barcode93_consensus_vsearch	4315	G	R	563	12	2.04%	2	2	93	93	2.303897416995595E-4	1	1	321	242	6	6	A
barcode93_consensus_vsearch	4351	C	Y	534	7	1.19%	2	2	93	93	0.007661433438157596	1	1	301	233	2	5	-G
barcode93_consensus_vsearch	4352	G	R	510	42	7.49%	2	2	93	93	1.0109249698399394E-13	1	1	272	238	41	1	A
barcode93_consensus_vsearch	4353	G	R	566	23	3.9%	2	2	93	93	9.576660746230493E-8	1	1	307	259	22	1	A
barcode93_consensus_vsearch	4354	G	R	583	9	1.52%	2	1	93	93	0.0018942161800671361	1	1	323	260	9	0	A
barcode93_consensus_vsearch	4369	A	R	578	12	2.02%	2	2	93	93	2.3073291313309075E-4	1	1	321	257	9	3	G
barcode93_consensus_vsearch	4373	C	Y	572	9	1.53%	2	1	93	93	0.0018931100684577166	1	1	326	246	0	9	T
barcode93_consensus_vsearch	4374	G	R	575	11	1.87%	2	1	93	93	4.65698475176409E-4	1	1	318	257	11	0	A
barcode93_consensus_vsearch	4409	G	R	552	8	1.42%	2	2	93	93	0.0038091615924873046	1	1	326	226	3	5	A
barcode93_consensus_vsearch	4410	G	R	577	7	1.18%	2	1	93	93	0.007672518016675552	1	1	328	249	0	7	A
barcode93_consensus_vsearch	4411	C	Y	536	34	5.77%	2	2	93	93	3.5055606151347055E-11	1	1	323	213	1	33	T
barcode93_consensus_vsearch	4414	T	Y	569	11	1.86%	2	2	93	93	4.654683146367026E-4	1	1	329	240	3	8	C
barcode93_consensus_vsearch	4416	T	Y	571	9	1.55%	2	2	93	93	0.0018930074497425708	1	1	329	242	2	7	C
barcode93_consensus_vsearch	4427	G	R	565	8	1.38%	2	1	93	93	0.0038113516821029324	1	1	320	245	8	0	A
barcode93_consensus_vsearch	4429	T	Y	571	10	1.68%	2	2	93	93	9.391664866947025E-4	1	1	326	245	2	8	-GT
barcode93_consensus_vsearch	4446	A	R	581	8	1.35%	2	1	93	93	0.0038139152066312184	1	1	320	261	8	0	G
