Chrom	Position	Ref	Cons	Reads1	Reads2	VarFreq	Strands1	Strands2	Qual1	Qual2	Pvalue	MapQual1	MapQual2	Reads1Plus	Reads1Minus	Reads2Plus	Reads2Minus	VarAllele
barcode44_consensus_vsearch	51	T	Y	369	9	2.38%	2	1	93	93	0.001861288716262604	1	1	155	214	0	9	C
barcode44_consensus_vsearch	55	T	Y	348	29	7.67%	2	2	93	93	1.064217548433267E-9	1	1	152	196	3	26	C
barcode44_consensus_vsearch	63	C	Y	335	36	9.57%	2	2	93	93	5.963322386927851E-12	1	1	152	183	1	35	T
barcode44_consensus_vsearch	70	C	Y	362	10	2.65%	2	1	93	93	9.185266415574814E-4	1	1	153	209	0	10	T
barcode44_consensus_vsearch	75	G	R	359	9	2.41%	2	1	93	93	0.0018588258393011697	1	1	136	223	9	0	A
barcode44_consensus_vsearch	76	G	S	346	8	2.13%	2	1	93	93	0.003753188125502644	1	1	123	223	8	0	-C
barcode44_consensus_vsearch	78	C	Y	352	14	3.71%	2	2	93	93	5.377399036460054E-5	1	1	140	212	4	10	T
barcode44_consensus_vsearch	90	A	R	358	7	1.86%	2	2	93	93	0.007588994233841693	1	1	147	211	5	2	G
barcode44_consensus_vsearch	103	C	Y	363	7	1.88%	2	2	93	93	0.0075919980086515786	1	1	146	217	2	5	T
barcode44_consensus_vsearch	125	C	Y	312	7	1.85%	2	1	93	93	0.007556969842859696	1	1	104	208	0	7	-G
barcode44_consensus_vsearch	126	G	R	317	15	4.46%	2	1	93	93	2.5961812604793588E-5	1	1	103	214	15	0	A
barcode44_consensus_vsearch	130	A	R	343	13	3.44%	2	2	93	93	1.0918930528259452E-4	1	1	133	210	12	1	G
barcode44_consensus_vsearch	131	C	S	349	9	2.47%	2	1	93	93	0.0018562272492925029	1	1	138	211	9	0	G
barcode44_consensus_vsearch	132	C	Y	354	15	3.99%	2	1	93	93	2.6394756231481443E-5	1	1	150	204	0	15	T
barcode44_consensus_vsearch	133	C	Y	348	18	4.76%	2	2	93	93	3.079306028707427E-6	1	1	152	196	1	17	T
barcode44_consensus_vsearch	137	T	Y	360	10	2.65%	2	1	93	93	9.182185248776328E-4	1	1	150	210	0	10	C
barcode44_consensus_vsearch	148	T	Y	359	9	2.43%	2	1	93	93	0.0018588258393011697	1	1	153	206	0	9	C
barcode44_consensus_vsearch	154	C	Y	320	20	5.31%	2	2	93	93	7.152411456984059E-7	1	1	141	179	2	18	T
barcode44_consensus_vsearch	157	G	R	352	12	3.23%	2	2	93	93	2.2265556882629083E-4	1	1	133	219	11	1	A
barcode44_consensus_vsearch	159	C	Y	348	12	3.18%	2	1	93	93	2.2242407394092826E-4	1	1	140	208	0	12	T
barcode44_consensus_vsearch	160	G	R	357	15	4.01%	2	2	93	93	2.6426287354995058E-5	1	1	138	219	12	3	A
barcode44_consensus_vsearch	176	A	R	367	7	1.86%	2	1	93	93	0.0075943435189384555	1	1	146	221	7	0	G
barcode44_consensus_vsearch	183	C	Y	357	15	3.97%	2	2	93	93	2.6426287354995058E-5	1	1	151	206	1	14	T
barcode44_consensus_vsearch	203	T	Y	362	10	2.65%	2	2	93	93	9.185266415574814E-4	1	1	154	208	1	9	C
barcode44_consensus_vsearch	208	C	Y	348	9	2.38%	2	1	93	93	0.001855959493097644	1	1	149	199	0	9	+G
barcode44_consensus_vsearch	230	C	Y	355	15	3.98%	2	2	93	93	2.6405320371863965E-5	1	1	146	209	3	12	T
barcode44_consensus_vsearch	238	C	Y	352	8	2.13%	2	1	93	93	0.0037557157730633696	1	1	153	199	0	8	-T
barcode44_consensus_vsearch	239	T	W	359	7	1.91%	2	1	93	93	0.007589601517637295	1	1	147	212	7	0	A
barcode44_consensus_vsearch	302	C	Y	363	7	1.86%	2	1	93	93	0.0075919980086515786	1	1	152	211	0	7	T
barcode44_consensus_vsearch	318	T	K	361	12	3.2%	2	1	93	93	2.2315882163969882E-4	1	1	140	221	12	0	G
barcode44_consensus_vsearch	329	C	Y	368	8	2.12%	2	1	93	93	0.003762065284927124	1	1	155	213	0	8	T
barcode44_consensus_vsearch	354	G	R	309	11	3.29%	2	1	93	93	4.4742845820105635E-4	1	1	95	214	11	0	A
barcode44_consensus_vsearch	356	G	R	353	8	2.17%	2	2	93	93	0.0037561289544741916	1	1	137	216	6	2	A
barcode44_consensus_vsearch	360	C	Y	361	9	2.39%	2	1	93	93	0.0018593289243356043	1	1	153	208	0	9	T
barcode44_consensus_vsearch	368	A	R	363	13	3.46%	2	1	93	93	1.0984997487650358E-4	1	1	141	222	13	0	G
barcode44_consensus_vsearch	377	C	Y	354	9	2.43%	2	1	93	93	0.0018575441998509262	1	1	153	201	0	9	T
barcode44_consensus_vsearch	403	A	R	362	10	2.65%	2	2	93	93	9.185266415574814E-4	1	1	146	216	9	1	G
barcode44_consensus_vsearch	417	C	Y	356	9	2.39%	2	2	93	93	0.0018580610128038945	1	1	152	204	1	8	T
barcode44_consensus_vsearch	456	T	Y	337	10	2.76%	2	2	93	93	9.14424829084238E-4	1	1	150	187	1	9	C
barcode44_consensus_vsearch	458	T	Y	325	19	5.44%	2	1	93	93	1.4773756308010322E-6	1	1	152	173	0	19	C
barcode44_consensus_vsearch	462	C	Y	339	13	3.44%	2	2	93	93	1.0904851456684069E-4	1	1	150	189	3	10	-G
barcode44_consensus_vsearch	490	A	R	366	7	1.87%	2	2	93	93	0.007593761831616585	1	1	147	219	5	2	G
barcode44_consensus_vsearch	492	T	Y	364	8	2.14%	2	1	93	93	0.003760528653296498	1	1	150	214	0	8	C
barcode44_consensus_vsearch	497	T	Y	359	15	3.99%	2	1	93	93	2.6447041992044054E-5	1	1	154	205	0	15	C
barcode44_consensus_vsearch	512	C	Y	367	9	2.38%	2	1	93	93	0.001860806485014851	1	1	155	212	0	9	T
barcode44_consensus_vsearch	545	C	Y	234	26	7.03%	2	2	93	93	7.720806377078348E-9	1	1	145	89	1	25	T
barcode44_consensus_vsearch	548	T	W	299	7	1.97%	2	1	93	93	0.007546186192597865	1	1	151	148	0	7	-C
barcode44_consensus_vsearch	549	C	Y	259	8	2.54%	2	1	93	93	0.003703931063382389	1	1	149	110	0	8	-GCC
barcode44_consensus_vsearch	551	C	M	316	13	3.83%	2	2	93	93	1.0817531317076734E-4	1	1	149	167	1	12	A
barcode44_consensus_vsearch	552	C	Y	310	36	10.34%	2	2	93	93	5.571256555436725E-12	1	1	153	157	1	35	T
barcode44_consensus_vsearch	554	T	Y	346	17	4.64%	2	2	93	93	6.298471802440656E-6	1	1	152	194	1	16	C
barcode44_consensus_vsearch	557	G	R	292	28	8.48%	2	2	93	93	2.0093170644974777E-9	1	1	118	174	27	1	A
barcode44_consensus_vsearch	572	C	Y	311	9	2.38%	2	1	93	93	0.0018448940461453691	1	1	149	162	0	9	-T
barcode44_consensus_vsearch	579	A	R	360	10	2.65%	2	2	93	93	9.182185248776328E-4	1	1	145	215	6	4	G
barcode44_consensus_vsearch	580	C	Y	335	8	2.12%	2	2	93	93	0.0037483266674446895	1	1	136	199	7	1	+G
barcode44_consensus_vsearch	592	A	R	365	7	1.87%	2	2	93	93	0.007593177034187656	1	1	149	216	3	4	G
barcode44_consensus_vsearch	599	A	R	342	11	2.93%	2	1	93	93	4.511540324355373E-4	1	1	140	202	11	0	-G
barcode44_consensus_vsearch	621	A	R	367	9	2.38%	2	2	93	93	0.001860806485014851	1	1	147	220	7	2	G
barcode44_consensus_vsearch	644	C	Y	323	7	2.12%	2	1	93	93	0.007565435002783988	1	1	140	183	0	7	T
barcode44_consensus_vsearch	646	C	Y	366	9	2.39%	2	2	93	93	0.0018605634655903113	1	1	153	213	1	8	T
barcode44_consensus_vsearch	691	C	Y	338	9	2.51%	2	1	93	93	0.0018531982482901858	1	1	134	204	0	9	+T
barcode44_consensus_vsearch	692	C	Y	333	27	7.34%	2	2	93	93	4.490844154628878E-9	1	1	141	192	1	26	T
barcode44_consensus_vsearch	697	T	Y	369	7	1.85%	2	2	93	93	0.007595497661975396	1	1	154	215	1	6	C
barcode44_consensus_vsearch	704	T	Y	344	12	3.21%	2	2	93	93	2.221875398188334E-4	1	1	143	201	1	11	C
barcode44_consensus_vsearch	711	C	Y	360	14	3.71%	2	1	93	93	5.3922580061608375E-5	1	1	154	206	0	14	T
barcode44_consensus_vsearch	713	T	Y	366	8	2.12%	2	1	93	93	0.0037613010410949004	1	1	155	211	0	8	C
barcode44_consensus_vsearch	716	T	Y	337	14	3.8%	2	2	93	93	5.347799462338428E-5	1	1	136	201	2	12	C
barcode44_consensus_vsearch	717	A	R	334	7	1.92%	2	1	93	93	0.007573357318712367	1	1	123	211	7	0	-C
barcode44_consensus_vsearch	719	C	S	352	12	3.25%	2	1	93	93	2.2265556882629083E-4	1	1	136	216	12	0	G
barcode44_consensus_vsearch	720	C	Y	348	7	1.87%	2	1	93	93	0.007582734311001454	1	1	154	194	0	7	-GG
barcode44_consensus_vsearch	733	T	Y	337	8	2.16%	2	2	93	93	0.0037492334037990153	1	1	127	210	4	4	+G
barcode44_consensus_vsearch	735	G	R	337	24	6.52%	2	1	93	93	4.014615776338559E-8	1	1	120	217	24	0	A
barcode44_consensus_vsearch	736	G	R	349	23	6.1%	2	2	93	93	8.394532312532659E-8	1	1	131	218	22	1	A
barcode44_consensus_vsearch	757	C	Y	361	7	1.87%	2	1	93	93	0.007590806239049772	1	1	152	209	0	7	T
barcode44_consensus_vsearch	763	A	R	360	11	2.91%	2	2	93	93	4.5291345592755075E-4	1	1	141	219	10	1	G
barcode44_consensus_vsearch	814	T	W	340	10	2.77%	2	1	93	93	9.149473929364378E-4	1	1	126	214	10	0	A
barcode44_consensus_vsearch	866	A	R	357	7	1.9%	2	2	93	93	0.0075883836321291274	1	1	138	219	6	1	G
barcode44_consensus_vsearch	871	T	W	357	7	1.9%	2	1	93	93	0.0075883836321291274	1	1	143	214	7	0	A
barcode44_consensus_vsearch	903	T	Y	354	20	5.33%	2	2	93	93	7.347140179929136E-7	1	1	152	202	1	19	C
barcode44_consensus_vsearch	905	C	Y	343	32	8.51%	2	1	93	93	1.167183008212649E-10	1	1	155	188	0	32	T
barcode44_consensus_vsearch	975	G	R	359	12	3.22%	2	1	93	93	2.230490343830887E-4	1	1	141	218	12	0	A
barcode44_consensus_vsearch	984	C	Y	342	27	7.16%	2	2	93	93	4.54875769874691E-9	1	1	149	193	2	25	T
barcode44_consensus_vsearch	1024	T	Y	369	8	2.12%	2	2	93	93	0.0037624443929833353	1	1	153	216	1	7	C
barcode44_consensus_vsearch	1107	A	R	365	8	2.13%	2	1	93	93	0.0037609158733080306	1	1	145	220	8	0	G
barcode44_consensus_vsearch	1113	C	Y	369	8	2.12%	2	2	93	93	0.0037624443929833353	1	1	150	219	4	4	T
barcode44_consensus_vsearch	1114	C	Y	367	9	2.38%	2	2	93	93	0.001860806485014851	1	1	151	216	4	5	T
barcode44_consensus_vsearch	1115	C	Y	320	31	8.2%	2	2	93	93	2.329307374428424E-10	1	1	146	174	4	27	T
barcode44_consensus_vsearch	1130	T	Y	369	7	1.85%	2	2	93	93	0.007595497661975396	1	1	150	219	4	3	C
barcode44_consensus_vsearch	1139	C	Y	365	7	1.86%	2	1	93	93	0.007593177034187656	1	1	154	211	0	7	T
barcode44_consensus_vsearch	1142	A	W	354	9	2.39%	2	2	93	93	0.0018575441998509262	1	1	140	214	8	1	T
barcode44_consensus_vsearch	1143	T	Y	345	8	2.14%	2	2	93	93	0.0037527585760722872	1	1	150	195	3	5	-A
barcode44_consensus_vsearch	1216	T	Y	340	7	1.98%	2	2	93	93	0.007577468131623444	1	1	151	189	1	6	C
barcode44_consensus_vsearch	1262	C	Y	291	72	19.05%	2	1	93	93	4.230717927953202E-24	1	1	150	141	0	72	T
barcode44_consensus_vsearch	1264	C	Y	351	15	3.98%	2	2	93	93	2.6362736223327768E-5	1	1	146	205	1	14	T
barcode44_consensus_vsearch	1267	C	Y	355	13	3.47%	2	2	93	93	1.0959400193010174E-4	1	1	147	208	1	12	T
barcode44_consensus_vsearch	1315	T	Y	368	8	2.12%	2	2	93	93	0.003762065284927124	1	1	152	216	3	5	C
barcode44_consensus_vsearch	1334	A	R	349	8	2.12%	2	2	93	93	0.0037544624702808165	1	1	135	214	7	1	-C
barcode44_consensus_vsearch	1338	T	Y	356	8	2.17%	2	1	93	93	0.0037573550023158714	1	1	152	204	0	8	C
barcode44_consensus_vsearch	1392	C	Y	335	8	2.12%	2	2	93	93	0.0037483266674446895	1	1	120	215	6	2	-G
barcode44_consensus_vsearch	1400	T	Y	336	9	2.59%	2	2	93	93	0.001852627063167724	1	1	135	201	5	4	C
barcode44_consensus_vsearch	1405	T	Y	361	9	2.4%	2	1	93	93	0.0018593289243356043	1	1	152	209	0	9	C
barcode44_consensus_vsearch	1410	T	Y	368	7	1.85%	2	2	93	93	0.007594922120899784	1	1	149	219	4	3	C
barcode44_consensus_vsearch	1432	T	Y	351	21	5.65%	2	1	93	93	3.5669485016956707E-7	1	1	153	198	0	21	C
barcode44_consensus_vsearch	1440	C	S	358	12	3.2%	2	1	93	93	2.2299370906875363E-4	1	1	138	220	12	0	G
barcode44_consensus_vsearch	1441	C	Y	354	13	3.44%	2	2	93	93	1.0956125007602598E-4	1	1	145	209	2	11	T
barcode44_consensus_vsearch	1460	T	Y	361	14	3.71%	2	1	93	93	5.3940727822064676E-5	1	1	153	208	0	14	C
barcode44_consensus_vsearch	1490	T	Y	364	11	2.91%	2	2	93	93	4.5328203918763523E-4	1	1	148	216	4	7	C
barcode44_consensus_vsearch	1493	C	Y	369	7	1.86%	2	2	93	93	0.007595497661975396	1	1	152	217	2	5	T
barcode44_consensus_vsearch	1526	G	R	353	7	1.86%	2	2	93	93	0.0075859074962920095	1	1	137	216	6	1	-CG
barcode44_consensus_vsearch	1536	G	R	357	8	2.13%	2	1	93	93	0.003757759247190633	1	1	136	221	8	0	A
barcode44_consensus_vsearch	1558	A	R	362	13	3.45%	2	2	93	93	1.0981855360452989E-4	1	1	142	220	11	2	G
barcode44_consensus_vsearch	1562	G	R	367	7	1.85%	2	1	93	93	0.0075943435189384555	1	1	144	223	7	0	A
barcode44_consensus_vsearch	1563	C	M	366	7	1.87%	2	2	93	93	0.007593761831616585	1	1	145	221	6	1	A
barcode44_consensus_vsearch	1575	C	Y	365	7	1.87%	2	2	93	93	0.007593177034187656	1	1	153	212	1	6	T
barcode44_consensus_vsearch	1576	C	Y	355	15	3.98%	2	2	93	93	2.6405320371863965E-5	1	1	154	201	1	14	T
barcode44_consensus_vsearch	1585	C	Y	357	12	3.2%	2	1	93	93	2.2293809294005078E-4	1	1	150	207	0	12	T
barcode44_consensus_vsearch	1586	T	Y	359	9	2.41%	2	2	93	93	0.0018588258393011697	1	1	149	210	2	7	C
barcode44_consensus_vsearch	1594	T	Y	361	10	2.67%	2	2	93	93	9.183729909666428E-4	1	1	151	210	4	6	C
barcode44_consensus_vsearch	1609	C	Y	346	23	6.08%	2	2	93	93	8.369872150706915E-8	1	1	152	194	2	21	T
barcode44_consensus_vsearch	1625	C	Y	320	44	11.92%	2	1	93	93	1.4258295569038457E-14	1	1	152	168	0	44	T
barcode44_consensus_vsearch	1627	G	R	350	8	2.18%	2	2	93	93	0.00375488254999716	1	1	151	199	2	6	A
barcode44_consensus_vsearch	1628	G	R	352	13	3.46%	2	1	93	93	1.0949522829117917E-4	1	1	147	205	0	13	A
barcode44_consensus_vsearch	1629	C	Y	353	9	2.43%	2	2	93	93	0.0018572836808082116	1	1	145	208	1	8	T
barcode44_consensus_vsearch	1636	C	Y	352	8	2.13%	2	1	93	93	0.0037557157730633696	1	1	150	202	0	8	-G
barcode44_consensus_vsearch	1638	G	R	364	8	2.13%	2	1	93	93	0.003760528653296498	1	1	151	213	0	8	A
barcode44_consensus_vsearch	1639	C	Y	356	8	2.12%	2	1	93	93	0.0037573550023158714	1	1	146	210	0	8	T
barcode44_consensus_vsearch	1644	T	Y	358	8	2.16%	2	2	93	93	0.003758161303215178	1	1	152	206	1	7	C
barcode44_consensus_vsearch	1651	G	R	359	16	4.27%	2	1	93	93	1.2958697478097903E-5	1	1	138	221	16	0	A
barcode44_consensus_vsearch	1653	C	Y	363	8	2.13%	2	2	93	93	0.003760139364613456	1	1	150	213	2	6	T
barcode44_consensus_vsearch	1664	G	S	354	18	4.77%	2	1	93	93	3.0902200199808705E-6	1	1	151	203	0	18	C
barcode44_consensus_vsearch	1674	C	Y	341	7	1.86%	2	2	93	93	0.007578139567014644	1	1	149	192	5	2	-G
barcode44_consensus_vsearch	1675	G	K	333	13	3.74%	2	1	93	93	1.0883146805374691E-4	1	1	153	180	0	13	T
barcode44_consensus_vsearch	1691	A	R	359	8	2.14%	2	2	93	93	0.003758561188136962	1	1	143	216	5	3	G
barcode44_consensus_vsearch	1699	T	Y	354	9	2.47%	2	2	93	93	0.0018575441998509262	1	1	152	202	1	8	C
barcode44_consensus_vsearch	1703	C	Y	250	8	2.12%	2	1	93	93	0.0036969641636293116	1	1	137	113	0	8	-T
barcode44_consensus_vsearch	1704	T	Y	270	9	3.21%	2	1	93	93	0.001829264549546966	1	1	146	124	0	9	C
barcode44_consensus_vsearch	1709	A	R	368	9	2.38%	2	2	93	93	0.0018610482319175187	1	1	147	221	8	1	G
barcode44_consensus_vsearch	1778	T	Y	362	10	2.66%	2	1	93	93	9.185266415574814E-4	1	1	155	207	0	10	C
barcode44_consensus_vsearch	1791	C	Y	359	10	2.7%	2	1	93	93	9.18063236778659E-4	1	1	151	208	0	10	T
barcode44_consensus_vsearch	1800	A	R	358	7	1.89%	2	1	93	93	0.007588994233841693	1	1	137	221	7	0	G
barcode44_consensus_vsearch	1833	A	R	366	8	2.12%	2	2	93	93	0.0037613010410949004	1	1	150	216	5	3	G
barcode44_consensus_vsearch	1840	C	Y	359	8	2.14%	2	1	93	93	0.003758561188136962	1	1	154	205	0	8	T
barcode44_consensus_vsearch	1841	C	Y	343	16	4.24%	2	1	93	93	1.2862593910711221E-5	1	1	153	190	0	16	T
barcode44_consensus_vsearch	1847	A	W	356	9	2.41%	2	2	93	93	0.0018580610128038945	1	1	140	216	7	2	T
barcode44_consensus_vsearch	1877	C	Y	363	7	1.85%	2	1	93	93	0.0075919980086515786	1	1	151	212	0	7	T
barcode44_consensus_vsearch	1882	T	Y	362	11	2.92%	2	2	93	93	4.530987124457782E-4	1	1	150	212	3	8	C
barcode44_consensus_vsearch	1890	T	Y	363	8	2.12%	2	1	93	93	0.003760139364613456	1	1	150	213	0	8	C
barcode44_consensus_vsearch	1892	T	Y	362	9	2.39%	2	2	93	93	0.0018595784596105505	1	1	151	211	1	8	C
barcode44_consensus_vsearch	1893	A	R	358	8	2.13%	2	2	93	93	0.003758161303215178	1	1	143	215	7	1	G
barcode44_consensus_vsearch	1895	G	R	294	32	9.61%	2	2	93	93	1.0464910440369801E-10	1	1	117	177	31	1	A
barcode44_consensus_vsearch	1905	C	Y	326	14	4.03%	2	1	93	93	5.324514617660385E-5	1	1	148	178	0	14	T
barcode44_consensus_vsearch	1906	C	Y	356	16	4.26%	2	1	93	93	1.294126829321477E-5	1	1	153	203	0	16	T
barcode44_consensus_vsearch	1907	C	Y	361	10	2.65%	2	1	93	93	9.183729909666428E-4	1	1	153	208	0	10	T
barcode44_consensus_vsearch	1920	C	Y	340	29	7.67%	2	2	93	93	1.050861156362468E-9	1	1	153	187	1	28	T
barcode44_consensus_vsearch	1922	T	Y	365	10	2.67%	2	2	93	93	9.189827643807342E-4	1	1	151	214	4	6	C
barcode44_consensus_vsearch	1944	C	Y	363	8	2.12%	2	1	93	93	0.003760139364613456	1	1	152	211	0	8	T
barcode44_consensus_vsearch	1963	G	R	363	7	1.87%	2	2	93	93	0.0075919980086515786	1	1	146	217	5	2	A
barcode44_consensus_vsearch	2005	C	Y	369	8	2.12%	2	1	93	93	0.0037624443929833353	1	1	155	214	0	8	T
barcode44_consensus_vsearch	2008	T	Y	355	22	5.84%	2	1	93	93	1.7392503585421357E-7	1	1	154	201	0	22	C
barcode44_consensus_vsearch	2013	G	R	357	11	2.97%	2	2	93	93	4.5263188566649625E-4	1	1	136	221	10	1	A
barcode44_consensus_vsearch	2044	T	Y	349	26	6.9%	2	2	93	93	9.513972394682868E-9	1	1	152	197	1	25	C
barcode44_consensus_vsearch	2086	G	R	358	10	2.69%	2	1	93	93	9.179071200946865E-4	1	1	142	216	10	0	A
barcode44_consensus_vsearch	2112	A	R	358	8	2.12%	2	2	93	93	0.003758161303215178	1	1	144	214	6	2	G
barcode44_consensus_vsearch	2119	G	R	352	16	4.23%	2	1	93	93	1.2917615303784446E-5	1	1	153	199	0	16	A
barcode44_consensus_vsearch	2130	G	K	309	24	6.35%	2	2	93	93	3.878625735016888E-8	1	1	96	213	22	2	-T
barcode44_consensus_vsearch	2136	C	Y	335	12	3.26%	2	1	93	93	2.2163604035931107E-4	1	1	142	193	0	12	T
barcode44_consensus_vsearch	2139	C	Y	318	12	3.24%	2	2	93	93	2.205150185841483E-4	1	1	123	195	1	11	+A
barcode44_consensus_vsearch	2140	A	R	349	7	1.94%	2	2	93	93	0.007583376037704121	1	1	132	217	5	2	G
barcode44_consensus_vsearch	2141	A	R	354	7	1.87%	2	1	93	93	0.007586531645336925	1	1	134	220	7	0	G
barcode44_consensus_vsearch	2144	G	R	361	7	1.88%	2	2	93	93	0.007590806239049772	1	1	144	217	5	2	A
barcode44_consensus_vsearch	2167	A	R	364	7	1.87%	2	2	93	93	0.007592589101619866	1	1	149	215	5	2	G
barcode44_consensus_vsearch	2169	G	R	363	9	2.39%	2	1	93	93	0.0018598266709216763	1	1	144	219	9	0	A
barcode44_consensus_vsearch	2195	C	Y	325	32	8.47%	2	1	93	93	1.125405535964282E-10	1	1	148	177	0	32	T
barcode44_consensus_vsearch	2208	C	Y	361	11	2.92%	2	2	93	93	4.53006327307631E-4	1	1	151	210	1	10	T
barcode44_consensus_vsearch	2212	A	R	351	12	3.24%	2	2	93	93	2.225981587098957E-4	1	1	146	205	4	8	G
barcode44_consensus_vsearch	2215	T	W	327	7	2.07%	2	1	93	93	0.007568375850183275	1	1	141	186	7	0	A
barcode44_consensus_vsearch	2217	T	Y	353	7	1.86%	2	2	93	93	0.0075859074962920095	1	1	147	206	5	2	+G
barcode44_consensus_vsearch	2217	T	K	353	7	1.86%	2	1	93	93	0.0075859074962920095	1	1	147	206	0	7	+G
barcode44_consensus_vsearch	2234	T	Y	362	9	2.4%	2	2	93	93	0.0018595784596105505	1	1	149	213	1	8	C
barcode44_consensus_vsearch	2241	C	Y	275	42	11.57%	2	1	93	93	5.310339957130255E-14	1	1	145	130	0	42	+T
barcode44_consensus_vsearch	2242	C	Y	339	31	8.36%	2	1	93	93	2.4174072609163683E-10	1	1	148	191	0	31	T
barcode44_consensus_vsearch	2243	C	Y	333	42	11.14%	2	2	93	93	6.740075250521673E-14	1	1	152	181	1	41	T
barcode44_consensus_vsearch	2244	C	Y	363	9	2.38%	2	2	93	93	0.0018598266709216763	1	1	148	215	7	2	T
barcode44_consensus_vsearch	2249	C	S	332	12	3.44%	2	2	93	93	2.214460024514316E-4	1	1	117	215	11	1	G
barcode44_consensus_vsearch	2250	C	Y	344	19	5.14%	2	2	93	93	1.497789874848366E-6	1	1	126	218	17	2	T
barcode44_consensus_vsearch	2267	T	Y	355	19	5.05%	2	2	93	93	1.5087507580761114E-6	1	1	153	202	1	18	C
barcode44_consensus_vsearch	2284	C	S	326	8	2.14%	2	1	93	93	0.0037441133177138837	1	1	151	175	0	8	G
barcode44_consensus_vsearch	2284	C	Y	326	34	9.09%	2	1	93	93	2.5700339764462468E-11	1	1	151	175	0	34	T
barcode44_consensus_vsearch	2286	G	R	355	7	1.91%	2	2	93	93	0.00758715236559033	1	1	150	205	1	6	A
barcode44_consensus_vsearch	2294	C	Y	362	11	2.92%	2	1	93	93	4.530987124457782E-4	1	1	153	209	0	11	T
barcode44_consensus_vsearch	2309	G	R	357	11	2.96%	2	2	93	93	4.5263188566649625E-4	1	1	142	215	10	1	A
barcode44_consensus_vsearch	2316	A	R	350	17	4.56%	2	2	93	93	6.311951169429831E-6	1	1	135	215	15	2	G
barcode44_consensus_vsearch	2318	G	R	330	17	4.53%	2	2	93	93	6.241688633175974E-6	1	1	127	203	15	2	-TG
barcode44_consensus_vsearch	2320	G	R	321	21	5.95%	2	1	93	93	3.474502497428837E-7	1	1	119	202	21	0	A
barcode44_consensus_vsearch	2344	T	Y	364	8	2.12%	2	1	93	93	0.003760528653296498	1	1	152	212	0	8	C
barcode44_consensus_vsearch	2351	T	Y	364	7	1.87%	2	2	93	93	0.007592589101619866	1	1	152	212	1	6	C
barcode44_consensus_vsearch	2356	T	Y	349	7	1.94%	2	2	93	93	0.007583376037704121	1	1	154	195	1	6	C
barcode44_consensus_vsearch	2357	T	Y	348	15	3.98%	2	2	93	93	2.6330215894788877E-5	1	1	150	198	1	14	C
barcode44_consensus_vsearch	2380	T	Y	360	12	3.2%	2	2	93	93	2.231040711565667E-4	1	1	152	208	2	10	C
barcode44_consensus_vsearch	2443	A	R	367	7	1.86%	2	2	93	93	0.0075943435189384555	1	1	148	219	5	2	G
barcode44_consensus_vsearch	2450	A	W	357	7	1.87%	2	2	93	93	0.0075883836321291274	1	1	149	208	1	6	T
barcode44_consensus_vsearch	2479	T	Y	354	21	5.56%	2	1	93	93	3.575477430686981E-7	1	1	155	199	0	21	C
barcode44_consensus_vsearch	2490	C	Y	326	7	1.9%	2	2	93	93	0.007567647220958338	1	1	148	178	2	5	-G
barcode44_consensus_vsearch	2491	G	R	318	26	7.43%	2	2	93	93	9.122576074104733E-9	1	1	130	188	22	4	A
barcode44_consensus_vsearch	2492	G	R	357	10	2.7%	2	2	93	93	9.177501681792126E-4	1	1	147	210	7	3	A
barcode44_consensus_vsearch	2497	C	Y	361	9	2.41%	2	2	93	93	0.0018593289243356043	1	1	149	212	2	7	T
barcode44_consensus_vsearch	2502	C	Y	363	8	2.12%	2	1	93	93	0.003760139364613456	1	1	153	210	0	8	T
barcode44_consensus_vsearch	2506	C	Y	328	16	4.26%	2	2	93	93	1.2764926855016624E-5	1	1	150	178	2	14	-G
barcode44_consensus_vsearch	2507	G	K	332	10	2.84%	2	2	93	93	9.135339164919169E-4	1	1	149	183	1	9	T
barcode44_consensus_vsearch	2512	C	Y	236	12	3.38%	2	2	93	93	2.1304616012492923E-4	1	1	123	113	5	7	-G
barcode44_consensus_vsearch	2513	G	R	252	19	6.46%	2	2	93	93	1.3757497951354788E-6	1	1	122	130	14	5	A
barcode44_consensus_vsearch	2513	G	K	252	10	3.4%	2	1	93	93	8.947732384278332E-4	1	1	122	130	0	10	A
barcode44_consensus_vsearch	2514	G	R	344	11	2.98%	2	2	93	93	4.513581166031406E-4	1	1	137	207	8	3	A
barcode44_consensus_vsearch	2517	G	R	336	7	2.01%	2	1	93	93	0.007574743473790617	1	1	118	218	7	0	A
barcode44_consensus_vsearch	2518	G	R	335	20	5.31%	2	2	93	93	7.242400385889772E-7	1	1	123	212	14	6	A
barcode44_consensus_vsearch	2519	C	Y	351	7	1.92%	2	2	93	93	0.0075846487975676224	1	1	135	216	3	4	T
barcode44_consensus_vsearch	2520	C	Y	325	9	2.4%	2	2	93	93	0.0018493650629926273	1	1	143	182	4	5	-GG
barcode44_consensus_vsearch	2521	G	R	302	46	13.11%	2	2	93	93	2.8910607491343423E-15	1	1	108	194	42	4	A
barcode44_consensus_vsearch	2530	G	R	353	17	4.51%	2	2	93	93	6.321883427565135E-6	1	1	143	210	7	10	A
barcode44_consensus_vsearch	2531	C	Y	343	12	3.22%	2	2	93	93	2.2212759958740988E-4	1	1	143	200	4	8	T
barcode44_consensus_vsearch	2537	C	Y	338	8	2.29%	2	2	93	93	0.0037496828790229684	1	1	123	215	5	3	T
barcode44_consensus_vsearch	2538	C	Y	351	9	2.4%	2	2	93	93	0.0018567583597153838	1	1	138	213	7	2	T
barcode44_consensus_vsearch	2541	A	R	340	21	5.63%	2	1	93	93	3.534613282478355E-7	1	1	124	216	21	0	G
barcode44_consensus_vsearch	2544	C	Y	347	24	6.37%	2	1	93	93	4.0590400264799536E-8	1	1	153	194	0	24	T
barcode44_consensus_vsearch	2554	A	R	362	12	3.19%	2	1	93	93	2.232132880589182E-4	1	1	140	222	12	0	G
barcode44_consensus_vsearch	2573	C	Y	316	9	2.43%	2	2	93	93	0.0018465343892960751	1	1	122	194	1	8	-A
barcode44_consensus_vsearch	2580	T	Y	366	12	3.17%	2	1	93	93	2.234283568245827E-4	1	1	155	211	0	12	C
barcode44_consensus_vsearch	2584	A	R	363	7	1.88%	2	2	93	93	0.0075919980086515786	1	1	146	217	4	3	G
barcode44_consensus_vsearch	2597	A	R	350	12	3.22%	2	2	93	93	2.2254044117729087E-4	1	1	143	207	11	1	G
barcode44_consensus_vsearch	2600	A	M	340	8	2.27%	2	1	93	93	0.0037505741543597316	1	1	146	194	0	8	C
barcode44_consensus_vsearch	2602	T	Y	338	19	5.12%	2	2	93	93	1.4915546883493263E-6	1	1	140	198	1	18	C
barcode44_consensus_vsearch	2624	A	R	364	8	2.13%	2	1	93	93	0.003760528653296498	1	1	142	222	8	0	G
barcode44_consensus_vsearch	2635	G	R	362	9	2.39%	2	1	93	93	0.0018595784596105505	1	1	139	223	9	0	A
barcode44_consensus_vsearch	2636	T	W	366	8	2.13%	2	1	93	93	0.0037613010410949004	1	1	144	222	8	0	A
barcode44_consensus_vsearch	2647	A	R	368	7	1.86%	2	2	93	93	0.007594922120899784	1	1	148	220	5	2	G
barcode44_consensus_vsearch	2681	C	Y	363	7	1.85%	2	1	93	93	0.0075919980086515786	1	1	153	210	0	7	T
barcode44_consensus_vsearch	2691	C	Y	350	9	2.4%	2	2	93	93	0.0018564935341327294	1	1	152	198	1	8	T
barcode44_consensus_vsearch	2692	G	R	352	11	3.01%	2	2	93	93	4.521525098793472E-4	1	1	146	206	7	4	A
barcode44_consensus_vsearch	2705	C	Y	308	55	14.55%	2	2	93	93	3.032953818679774E-18	1	1	151	157	3	52	T
barcode44_consensus_vsearch	2716	A	R	361	9	2.39%	2	2	93	93	0.0018593289243356043	1	1	146	215	7	2	G
barcode44_consensus_vsearch	2732	T	Y	356	8	2.12%	2	2	93	93	0.0037573550023158714	1	1	152	204	1	7	C
barcode44_consensus_vsearch	2746	G	R	367	8	2.12%	2	1	93	93	0.0037616841729398503	1	1	145	222	8	0	A
barcode44_consensus_vsearch	2754	C	Y	366	7	1.86%	2	2	93	93	0.007593761831616585	1	1	152	214	1	6	T
barcode44_consensus_vsearch	2758	G	R	361	9	2.41%	2	1	93	93	0.0018593289243356043	1	1	145	216	9	0	A
barcode44_consensus_vsearch	2783	C	Y	366	7	1.86%	2	1	93	93	0.007593761831616585	1	1	153	213	0	7	T
barcode44_consensus_vsearch	2791	A	R	363	9	2.38%	2	2	93	93	0.0018598266709216763	1	1	143	220	8	1	G
barcode44_consensus_vsearch	2799	T	Y	361	10	2.67%	2	1	93	93	9.183729909666428E-4	1	1	152	209	0	10	C
barcode44_consensus_vsearch	2814	A	R	366	7	1.87%	2	2	93	93	0.007593761831616585	1	1	144	222	6	1	G
barcode44_consensus_vsearch	2818	G	R	294	8	2.64%	2	2	93	93	0.0037271212392205283	1	1	139	155	5	3	A
barcode44_consensus_vsearch	2819	G	R	342	12	3.38%	2	2	93	93	2.220673313828221E-4	1	1	140	202	11	1	A
barcode44_consensus_vsearch	2829	T	Y	371	7	1.85%	2	1	93	93	0.0075966396580781715	1	1	155	216	0	7	C
barcode44_consensus_vsearch	2840	T	Y	345	22	5.88%	2	1	93	93	1.7239154339675146E-7	1	1	152	193	0	22	C
barcode44_consensus_vsearch	2848	A	R	365	7	1.86%	2	2	93	93	0.007593177034187656	1	1	150	215	3	4	G
barcode44_consensus_vsearch	2851	C	Y	354	16	4.28%	2	1	93	93	1.2929501699313486E-5	1	1	154	200	0	16	T
barcode44_consensus_vsearch	2887	C	S	354	14	3.73%	2	1	93	93	5.381171602376039E-5	1	1	136	218	14	0	G
barcode44_consensus_vsearch	2888	C	Y	321	10	2.65%	2	2	93	93	9.114810879847198E-4	1	1	152	169	1	9	-G
barcode44_consensus_vsearch	2902	A	R	341	12	3.38%	2	2	93	93	2.2200673250784828E-4	1	1	125	216	9	3	G
barcode44_consensus_vsearch	2934	G	R	364	8	2.12%	2	2	93	93	0.003760528653296498	1	1	142	222	7	1	A
barcode44_consensus_vsearch	2943	G	R	356	11	2.91%	2	2	93	93	4.525370304418123E-4	1	1	139	217	8	3	A
barcode44_consensus_vsearch	2977	T	K	360	7	1.9%	2	1	93	93	0.007590205510476451	1	1	144	216	7	0	G
barcode44_consensus_vsearch	3018	A	W	346	13	3.47%	2	1	93	93	1.0929291850672185E-4	1	1	143	203	0	13	T
barcode44_consensus_vsearch	3032	T	Y	356	13	3.49%	2	2	93	93	1.096265828921135E-4	1	1	154	202	1	12	C
barcode44_consensus_vsearch	3067	T	Y	369	7	1.85%	2	2	93	93	0.007595497661975396	1	1	153	216	2	5	C
barcode44_consensus_vsearch	3072	T	Y	368	8	2.12%	2	2	93	93	0.003762065284927124	1	1	152	216	3	5	C
barcode44_consensus_vsearch	3123	T	Y	366	7	1.86%	2	2	93	93	0.007593761831616585	1	1	151	215	2	5	C
barcode44_consensus_vsearch	3200	C	Y	363	8	2.12%	2	1	93	93	0.003760139364613456	1	1	155	208	0	8	T
barcode44_consensus_vsearch	3214	T	Y	348	12	3.26%	2	1	93	93	2.2242407394092826E-4	1	1	147	201	0	12	C
barcode44_consensus_vsearch	3215	T	Y	334	12	3.21%	2	1	93	93	2.215730487318694E-4	1	1	153	181	0	12	-A
barcode44_consensus_vsearch	3220	C	Y	341	32	8.47%	2	2	93	93	1.1626765932111165E-10	1	1	152	189	1	31	T
barcode44_consensus_vsearch	3232	C	Y	340	12	3.31%	2	2	93	93	2.2194580023586447E-4	1	1	136	204	1	11	T
barcode44_consensus_vsearch	3233	C	M	352	9	2.39%	2	2	93	93	0.0018570217379962502	1	1	143	209	8	1	A
barcode44_consensus_vsearch	3233	C	Y	352	13	3.46%	2	2	93	93	1.0949522829117917E-4	1	1	143	209	2	11	T
barcode44_consensus_vsearch	3234	C	M	357	7	1.85%	2	1	93	93	0.0075883836321291274	1	1	142	215	7	0	-T
barcode44_consensus_vsearch	3236	G	R	336	28	7.63%	2	1	93	93	2.171442840729012E-9	1	1	118	218	28	0	A
barcode44_consensus_vsearch	3237	G	K	356	13	3.49%	2	1	93	93	1.096265828921135E-4	1	1	134	222	13	0	T
barcode44_consensus_vsearch	3238	T	Y	363	7	1.85%	2	1	93	93	0.0075919980086515786	1	1	152	211	0	7	C
barcode44_consensus_vsearch	3298	C	Y	364	8	2.12%	2	2	93	93	0.003760528653296498	1	1	149	215	2	6	T
barcode44_consensus_vsearch	3316	G	R	353	11	2.99%	2	2	93	93	4.522494131681259E-4	1	1	152	201	3	8	A
barcode44_consensus_vsearch	3317	T	W	331	10	2.72%	2	1	93	93	9.133526605627675E-4	1	1	142	189	0	10	A
barcode44_consensus_vsearch	3319	A	R	356	7	1.88%	2	2	93	93	0.007587769685234888	1	1	146	210	4	3	G
barcode44_consensus_vsearch	3331	A	R	346	8	2.2%	2	2	93	93	0.003753188125502644	1	1	134	212	5	3	G
barcode44_consensus_vsearch	3375	G	R	356	20	5.31%	2	1	93	93	7.357615280798297E-7	1	1	134	222	20	0	A
barcode44_consensus_vsearch	3390	G	R	367	7	1.86%	2	2	93	93	0.0075943435189384555	1	1	148	219	6	1	A
barcode44_consensus_vsearch	3392	T	Y	368	8	2.12%	2	1	93	93	0.003762065284927124	1	1	154	214	0	8	C
barcode44_consensus_vsearch	3419	T	Y	349	9	2.5%	2	2	93	93	0.0018562272492925029	1	1	137	212	2	7	C
barcode44_consensus_vsearch	3427	T	Y	362	9	2.41%	2	2	93	93	0.0018595784596105505	1	1	151	211	2	7	C
barcode44_consensus_vsearch	3434	T	Y	363	7	1.86%	2	2	93	93	0.0075919980086515786	1	1	147	216	1	6	C
barcode44_consensus_vsearch	3440	C	Y	371	7	1.85%	2	1	93	93	0.0075966396580781715	1	1	155	216	0	7	T
barcode44_consensus_vsearch	3447	G	R	357	7	1.91%	2	2	93	93	0.0075883836321291274	1	1	152	205	1	6	A
barcode44_consensus_vsearch	3449	C	Y	344	16	4.24%	2	2	93	93	1.2868834455032458E-5	1	1	153	191	1	15	T
barcode44_consensus_vsearch	3465	A	R	332	44	11.67%	2	1	93	93	1.4943042998810756E-14	1	1	110	222	44	0	G
barcode44_consensus_vsearch	3513	T	Y	348	16	4.26%	2	1	93	93	1.2893475733909974E-5	1	1	153	195	0	16	C
barcode44_consensus_vsearch	3522	C	Y	325	37	9.79%	2	2	93	93	2.760448496466305E-12	1	1	146	179	5	32	T
barcode44_consensus_vsearch	3665	C	Y	349	9	2.51%	2	2	93	93	0.0018562272492925029	1	1	132	217	8	1	T
barcode44_consensus_vsearch	3674	C	S	356	11	2.98%	2	1	93	93	4.525370304418123E-4	1	1	136	220	11	0	G
barcode44_consensus_vsearch	3697	C	Y	356	14	3.71%	2	1	93	93	5.384905221900327E-5	1	1	148	208	0	14	T
barcode44_consensus_vsearch	3698	A	R	156	10	2.67%	2	2	93	93	8.493608057720887E-4	1	1	45	111	9	1	G
barcode44_consensus_vsearch	3704	A	R	360	7	1.9%	2	2	93	93	0.007590205510476451	1	1	151	209	1	6	G
barcode44_consensus_vsearch	3710	C	Y	350	12	3.18%	2	2	93	93	2.2254044117729087E-4	1	1	153	197	2	10	-G
barcode44_consensus_vsearch	3715	G	K	357	10	2.72%	2	2	93	93	9.177501681792126E-4	1	1	152	205	1	9	T
barcode44_consensus_vsearch	3729	G	R	365	7	1.86%	2	2	93	93	0.007593177034187656	1	1	149	216	5	2	A
barcode44_consensus_vsearch	3741	C	Y	363	7	1.85%	2	1	93	93	0.0075919980086515786	1	1	154	209	0	7	T
barcode44_consensus_vsearch	3750	A	R	349	8	2.14%	2	2	93	93	0.0037544624702808165	1	1	145	204	5	3	G
barcode44_consensus_vsearch	3755	C	Y	336	9	2.39%	2	2	93	93	0.001852627063167724	1	1	121	215	5	4	-A
barcode44_consensus_vsearch	3786	C	Y	367	7	1.85%	2	2	93	93	0.0075943435189384555	1	1	151	216	1	6	T
barcode44_consensus_vsearch	3819	C	Y	361	9	2.39%	2	2	93	93	0.0018593289243356043	1	1	153	208	1	8	T
barcode44_consensus_vsearch	3820	C	Y	363	10	2.65%	2	2	93	93	9.186794830860472E-4	1	1	153	210	1	9	T
barcode44_consensus_vsearch	3823	G	R	355	8	2.19%	2	1	93	93	0.003756948550684337	1	1	147	208	8	0	A
barcode44_consensus_vsearch	3828	C	Y	363	7	1.86%	2	1	93	93	0.0075919980086515786	1	1	150	213	0	7	T
barcode44_consensus_vsearch	3834	C	S	361	8	2.14%	2	1	93	93	0.0037593545145918465	1	1	141	220	8	0	G
barcode44_consensus_vsearch	3864	A	W	343	9	2.38%	2	1	93	93	0.001854598209137381	1	1	146	197	0	9	-G
barcode44_consensus_vsearch	3890	T	Y	354	18	4.84%	2	2	93	93	3.0902200199808705E-6	1	1	152	202	2	16	C
barcode44_consensus_vsearch	3891	T	Y	363	11	2.91%	2	1	93	93	4.5319061514943347E-4	1	1	155	208	0	11	C
barcode44_consensus_vsearch	3893	C	Y	365	9	2.39%	2	1	93	93	0.001860319163569236	1	1	154	211	0	9	T
barcode44_consensus_vsearch	3909	C	Y	366	7	1.85%	2	1	93	93	0.007593761831616585	1	1	153	213	0	7	T
barcode44_consensus_vsearch	3940	C	Y	357	11	2.91%	2	2	93	93	4.5263188566649625E-4	1	1	154	203	1	10	T
barcode44_consensus_vsearch	3952	G	R	363	7	1.89%	2	1	93	93	0.0075919980086515786	1	1	148	215	7	0	A
barcode44_consensus_vsearch	3955	T	Y	343	20	5.31%	2	2	93	93	7.287690480169124E-7	1	1	143	200	3	17	C
barcode44_consensus_vsearch	3970	C	Y	350	17	4.52%	2	2	93	93	6.311951169429831E-6	1	1	144	206	1	16	T
barcode44_consensus_vsearch	3993	C	Y	363	7	1.85%	2	2	93	93	0.0075919980086515786	1	1	153	210	1	6	T
barcode44_consensus_vsearch	4015	G	R	364	7	1.88%	2	2	93	93	0.007592589101619866	1	1	146	218	6	1	A
barcode44_consensus_vsearch	4018	T	Y	360	8	2.12%	2	2	93	93	0.0037589589194791835	1	1	143	217	2	6	C
barcode44_consensus_vsearch	4026	T	Y	354	8	2.18%	2	1	93	93	0.003756539874175904	1	1	153	201	0	8	C
barcode44_consensus_vsearch	4041	C	Y	238	128	33.95%	2	1	93	93	3.8426723658331337E-45	1	1	153	85	0	128	T
barcode44_consensus_vsearch	4043	T	Y	366	9	2.38%	2	1	93	93	0.0018605634655903113	1	1	154	212	0	9	C
barcode44_consensus_vsearch	4136	A	W	337	8	2.28%	2	2	93	93	0.0037492334037990153	1	1	126	211	1	7	T
barcode44_consensus_vsearch	4139	T	Y	360	8	2.17%	2	2	93	93	0.0037589589194791835	1	1	149	211	1	7	C
barcode44_consensus_vsearch	4163	C	Y	351	17	4.5%	2	2	93	93	6.31527859295257E-6	1	1	151	200	1	16	T
barcode44_consensus_vsearch	4169	G	R	357	12	3.18%	2	1	93	93	2.2293809294005078E-4	1	1	134	223	12	0	A
barcode44_consensus_vsearch	4170	C	Y	355	14	3.7%	2	1	93	93	5.383043242702664E-5	1	1	133	222	14	0	T
barcode44_consensus_vsearch	4171	A	R	351	10	2.66%	2	2	93	93	9.167905354483148E-4	1	1	131	220	9	1	+T
barcode44_consensus_vsearch	4210	G	R	354	19	5.07%	2	1	93	93	1.5077784929693853E-6	1	1	135	219	19	0	A
barcode44_consensus_vsearch	4221	C	Y	364	8	2.13%	2	2	93	93	0.003760528653296498	1	1	151	213	2	6	T
barcode44_consensus_vsearch	4241	A	R	368	8	2.12%	2	2	93	93	0.003762065284927124	1	1	149	219	5	3	G
barcode44_consensus_vsearch	4299	C	Y	350	24	6.35%	2	1	93	93	4.071980184919863E-8	1	1	154	196	0	24	T
barcode44_consensus_vsearch	4308	T	Y	365	11	2.93%	2	2	93	93	4.5337298828598577E-4	1	1	153	212	1	10	C
barcode44_consensus_vsearch	4345	C	Y	360	9	2.4%	2	2	93	93	0.0018590780544759323	1	1	150	210	1	8	T
