Chrom	Position	Ref	Cons	Reads1	Reads2	VarFreq	Strands1	Strands2	Qual1	Qual2	Pvalue	MapQual1	MapQual2	Reads1Plus	Reads1Minus	Reads2Plus	Reads2Minus	VarAllele
barcode06_consensus_vsearch	1	C	C	196	0	0%	2	0	93	0	1.0	1	0	186	10	0	0	
barcode06_consensus_vsearch	2	A	A	215	0	0%	2	0	93	0	1.0	1	0	192	23	0	0	
barcode06_consensus_vsearch	3	G	G	244	0	0%	2	0	93	0	1.0	1	0	197	47	0	0	
barcode06_consensus_vsearch	4	T	T	264	1	0.38%	2	1	93	93	0.4999999999999138	1	1	196	68	1	0	+A
barcode06_consensus_vsearch	5	A	A	276	0	0%	2	0	93	0	1.0	1	0	197	79	0	0	
barcode06_consensus_vsearch	6	G	G	291	0	0%	2	0	93	0	1.0	1	0	197	94	0	0	
barcode06_consensus_vsearch	7	T	T	305	1	0.33%	2	1	93	93	0.4999999999999138	1	1	197	108	1	0	C
barcode06_consensus_vsearch	8	C	C	314	0	0%	2	0	93	0	1.0	1	0	198	116	0	0	
barcode06_consensus_vsearch	9	A	A	328	2	0.6%	2	2	93	93	0.2496206373292684	1	1	196	132	1	1	T
barcode06_consensus_vsearch	10	T	T	335	2	0.59%	2	1	93	93	0.24962852897455212	1	1	196	139	2	0	-AT
barcode06_consensus_vsearch	11	A	A	339	0	0%	2	0	93	0	1.0	1	0	197	142	0	0	
barcode06_consensus_vsearch	12	T	T	341	1	0.29%	2	1	93	93	0.4999999999999138	1	1	196	145	1	0	+AT
barcode06_consensus_vsearch	13	G	G	340	5	1.44%	2	1	93	93	0.030797434418565302	1	1	192	148	5	0	-CT
barcode06_consensus_vsearch	14	C	C	332	6	1.75%	2	1	93	93	0.015279324804800912	1	1	187	145	6	0	-T
barcode06_consensus_vsearch	15	T	T	337	1	0.3%	2	1	93	93	0.5000000000003686	1	1	187	150	1	0	C
barcode06_consensus_vsearch	16	T	T	349	1	0.29%	2	1	93	93	0.4999999999999138	1	1	199	150	0	1	+G
barcode06_consensus_vsearch	17	G	R	338	11	3.13%	2	2	93	93	4.5073902379692165E-4	1	1	191	147	9	2	A
barcode06_consensus_vsearch	18	T	*/-C	339	7	1.99%	2	2	93	93	0.00757679283814411	1	1	196	143	2	5	-C
barcode06_consensus_vsearch	19	C	C	342	1	0.29%	2	1	93	93	0.5000000000003686	1	1	198	144	0	1	+T
barcode06_consensus_vsearch	20	T	T	340	3	0.86%	2	1	93	93	0.12445255474455591	1	1	196	144	0	3	+C
barcode06_consensus_vsearch	21	C	*/-A	293	32	9.14%	2	2	93	93	1.04378605910745E-10	1	1	150	143	31	1	-A
barcode06_consensus_vsearch	22	A	A	309	5	1.57%	2	2	93	93	0.030752791068548065	1	1	162	147	1	4	G
barcode06_consensus_vsearch	23	A	A	347	2	0.57%	2	2	93	93	0.24964131994254463	1	1	197	150	1	1	G
barcode06_consensus_vsearch	24	A	A	347	2	0.57%	2	2	93	93	0.24964131994254463	1	1	197	150	1	1	-G
barcode06_consensus_vsearch	25	G	G	347	3	0.85%	2	1	93	93	0.12446351931328528	1	1	195	152	3	0	-A
barcode06_consensus_vsearch	26	A	A	345	4	1.14%	2	2	93	93	0.061962366978748344	1	1	194	151	2	2	G
barcode06_consensus_vsearch	27	T	T	351	1	0.28%	2	1	93	93	0.4999999999999138	1	1	198	153	1	0	C
barcode06_consensus_vsearch	28	T	T	349	2	0.57%	2	1	93	93	0.24964336661915734	1	1	198	151	2	0	+A
barcode06_consensus_vsearch	29	A	A	351	0	0%	2	0	93	0	1.0	1	0	200	151	0	0	
barcode06_consensus_vsearch	30	A	A	348	2	0.57%	2	1	93	93	0.2496423462086995	1	1	198	150	2	0	G
barcode06_consensus_vsearch	31	G	G	346	2	0.57%	2	1	93	93	0.2496402877699066	1	1	195	151	2	0	A
barcode06_consensus_vsearch	32	C	C	346	2	0.57%	2	1	93	93	0.2496402877699066	1	1	196	150	2	0	A
barcode06_consensus_vsearch	33	C	C	349	3	0.85%	2	2	93	93	0.12446657183497908	1	1	198	151	1	2	T
barcode06_consensus_vsearch	34	A	A	350	2	0.57%	2	1	93	93	0.2496443812233433	1	1	197	153	2	0	G
barcode06_consensus_vsearch	35	T	T	352	1	0.28%	2	1	93	93	0.4999999999999138	1	1	200	152	0	1	C
barcode06_consensus_vsearch	36	G	G	347	2	0.57%	2	1	93	93	0.24964131994254463	1	1	195	152	2	0	-CA
barcode06_consensus_vsearch	37	C	C	347	1	0.29%	2	1	93	93	0.4999999999999138	1	1	197	150	0	1	+GC
barcode06_consensus_vsearch	38	A	A	345	5	1.43%	2	1	93	93	0.030803894885687386	1	1	193	152	5	0	G
barcode06_consensus_vsearch	39	T	T	349	2	0.57%	2	1	93	93	0.24964336661915734	1	1	197	152	2	0	+A
barcode06_consensus_vsearch	40	G	G	349	3	0.85%	2	1	93	93	0.12446657183497908	1	1	197	152	3	0	A
barcode06_consensus_vsearch	41	T	T	349	1	0.28%	2	1	93	93	0.4999999999999138	1	1	197	152	1	0	+A
barcode06_consensus_vsearch	42	C	C	349	2	0.57%	2	1	93	93	0.24964336661915734	1	1	198	151	0	2	-T
barcode06_consensus_vsearch	43	T	T	343	5	1.43%	2	2	93	93	0.030801332959592774	1	1	193	150	4	1	-A
barcode06_consensus_vsearch	44	A	A	346	2	0.57%	2	2	93	93	0.2496402877699066	1	1	195	151	1	1	G
barcode06_consensus_vsearch	45	A	A	350	3	0.85%	2	2	93	93	0.12446808510622623	1	1	199	151	1	2	G
barcode06_consensus_vsearch	46	G	G	349	2	0.57%	2	1	93	93	0.24964336661915734	1	1	197	152	2	0	A
barcode06_consensus_vsearch	47	T	T	347	5	1.42%	2	2	93	93	0.030806427720592423	1	1	198	149	1	4	C
barcode06_consensus_vsearch	48	A	A	352	0	0%	2	0	93	0	1.0	1	0	199	153	0	0	
barcode06_consensus_vsearch	49	T	T	346	4	1.14%	2	2	93	93	0.06196390416311995	1	1	196	150	2	2	C
barcode06_consensus_vsearch	50	A	A	349	3	0.85%	2	1	93	93	0.12446657183497908	1	1	197	152	3	0	G
barcode06_consensus_vsearch	51	A	A	345	3	0.85%	2	2	93	93	0.12446043165476364	1	1	197	148	1	2	-G
barcode06_consensus_vsearch	52	G	G	341	4	1.15%	2	1	93	93	0.06195612906494713	1	1	194	147	4	0	A
barcode06_consensus_vsearch	53	C	C	349	0	0%	2	0	93	0	1.0	1	0	200	149	0	0	
barcode06_consensus_vsearch	54	A	A	350	1	0.28%	2	1	93	93	0.4999999999999138	1	1	199	151	1	0	G
barcode06_consensus_vsearch	55	A	A	349	1	0.28%	2	1	93	93	0.4999999999999138	1	1	198	151	1	0	+CA
barcode06_consensus_vsearch	56	T	T	350	2	0.57%	2	2	93	93	0.2496443812233433	1	1	199	151	1	1	C
barcode06_consensus_vsearch	57	T	T	350	3	0.85%	2	2	93	93	0.12446808510622623	1	1	198	152	2	1	C
barcode06_consensus_vsearch	58	A	A	350	2	0.57%	2	1	93	93	0.2496443812233433	1	1	197	153	2	0	-TA
barcode06_consensus_vsearch	59	T	T	348	2	0.57%	2	2	93	93	0.2496423462086995	1	1	197	151	1	1	C
barcode06_consensus_vsearch	60	A	A	342	4	1.14%	2	1	93	93	0.06195770207455419	1	1	190	152	4	0	G
barcode06_consensus_vsearch	61	C	C	349	1	0.29%	2	1	93	93	0.4999999999999138	1	1	198	151	0	1	+T
barcode06_consensus_vsearch	62	C	C	345	3	0.85%	2	2	93	93	0.12446043165476364	1	1	196	149	2	1	T
barcode06_consensus_vsearch	63	G	G	342	5	1.43%	2	1	93	93	0.03080004093026935	1	1	190	152	5	0	A
barcode06_consensus_vsearch	64	C	C	334	4	1.14%	2	1	93	93	0.0619448571900328	1	1	183	151	4	0	+TT
barcode06_consensus_vsearch	65	G	G	347	1	0.29%	2	1	93	93	0.4999999999999138	1	1	195	152	0	1	+A
barcode06_consensus_vsearch	66	A	A	349	1	0.28%	2	1	93	93	0.4999999999999138	1	1	196	153	1	0	+G
barcode06_consensus_vsearch	67	A	A	351	1	0.28%	2	1	93	93	0.4999999999999138	1	1	198	153	1	0	T
barcode06_consensus_vsearch	68	A	A	346	5	1.42%	2	2	93	93	0.03080516490845092	1	1	196	150	4	1	G
barcode06_consensus_vsearch	69	C	C	350	1	0.28%	2	1	93	93	0.4999999999999138	1	1	198	152	1	0	+TT
barcode06_consensus_vsearch	70	T	T	349	2	0.57%	2	1	93	93	0.24964336661915734	1	1	199	150	0	2	C
barcode06_consensus_vsearch	71	G	G	351	1	0.28%	2	1	93	93	0.4999999999999138	1	1	198	153	1	0	A
barcode06_consensus_vsearch	72	C	C	343	4	1.13%	2	1	93	93	0.06195926601136401	1	1	193	150	4	0	+A
barcode06_consensus_vsearch	73	G	G	344	5	1.42%	2	1	93	93	0.03080261759027664	1	1	193	151	5	0	-A
barcode06_consensus_vsearch	74	A	A	343	3	0.86%	2	2	93	93	0.124457308248865	1	1	191	152	2	1	G
barcode06_consensus_vsearch	75	A	A	352	1	0.28%	2	1	93	93	0.4999999999999138	1	1	199	153	1	0	G
barcode06_consensus_vsearch	76	T	T	349	2	0.57%	2	1	93	93	0.24964336661915734	1	1	200	149	0	2	-G
barcode06_consensus_vsearch	77	G	G	349	1	0.28%	2	1	93	93	0.4999999999999138	1	1	198	151	1	0	+A
barcode06_consensus_vsearch	78	G	G	351	1	0.28%	2	1	93	93	0.4999999999999138	1	1	199	152	0	1	+C
barcode06_consensus_vsearch	79	C	C	351	1	0.28%	2	1	93	93	0.4999999999999138	1	1	198	153	1	0	-TC
barcode06_consensus_vsearch	80	T	T	347	3	0.85%	2	2	93	93	0.12446351931328528	1	1	197	150	1	2	C
barcode06_consensus_vsearch	81	C	C	348	1	0.28%	2	1	93	93	0.4999999999999138	1	1	196	152	1	0	+G
barcode06_consensus_vsearch	82	A	A	350	2	0.57%	2	1	93	93	0.2496443812233433	1	1	197	153	2	0	-T
barcode06_consensus_vsearch	83	T	T	349	1	0.29%	2	1	93	93	0.4999999999999138	1	1	196	153	1	0	C
barcode06_consensus_vsearch	84	T	T	350	2	0.57%	2	1	93	93	0.2496443812233433	1	1	198	152	2	0	+A
barcode06_consensus_vsearch	85	A	A	352	0	0%	2	0	93	0	1.0	1	0	200	152	0	0	
barcode06_consensus_vsearch	86	A	A	352	1	0.28%	2	1	93	93	0.4999999999999138	1	1	200	152	0	1	T
barcode06_consensus_vsearch	87	A	A	352	1	0.28%	2	1	93	93	0.4999999999999138	1	1	200	152	0	1	G
barcode06_consensus_vsearch	88	T	T	350	3	0.85%	2	1	93	93	0.12446808510622623	1	1	200	150	0	3	C
barcode06_consensus_vsearch	89	C	C	349	3	0.85%	2	2	93	93	0.12446657183497908	1	1	198	151	1	2	+A
barcode06_consensus_vsearch	90	A	A	349	4	1.13%	2	2	93	93	0.06196846342422332	1	1	198	151	2	2	G
barcode06_consensus_vsearch	91	G	G	353	0	0%	2	0	93	0	1.0	1	0	200	153	0	0	
barcode06_consensus_vsearch	92	T	T	353	0	0%	2	0	93	0	1.0	1	0	200	153	0	0	
barcode06_consensus_vsearch	93	T	T	351	2	0.57%	2	2	93	93	0.24964539007068368	1	1	199	152	1	1	C
barcode06_consensus_vsearch	94	A	A	351	2	0.57%	2	2	93	93	0.24964539007068368	1	1	199	152	1	1	G
barcode06_consensus_vsearch	95	T	T	350	2	0.57%	2	1	93	93	0.2496443812233433	1	1	198	152	2	0	-C
barcode06_consensus_vsearch	96	C	C	351	0	0%	2	0	93	0	1.0	1	0	198	153	0	0	
barcode06_consensus_vsearch	97	G	G	346	3	0.85%	2	1	93	93	0.12446197991394273	1	1	194	152	3	0	A
barcode06_consensus_vsearch	98	T	T	350	1	0.28%	2	1	93	93	0.4999999999999138	1	1	199	151	0	1	C
barcode06_consensus_vsearch	99	T	T	352	1	0.28%	2	1	93	93	0.4999999999999138	1	1	199	153	1	0	C
barcode06_consensus_vsearch	100	T	T	348	3	0.85%	2	1	93	93	0.12446504992864586	1	1	195	153	3	0	-A
barcode06_consensus_vsearch	101	A	A	343	3	0.86%	2	2	93	93	0.124457308248865	1	1	193	150	1	2	G
barcode06_consensus_vsearch	102	T	T	345	3	0.86%	2	1	93	93	0.12446043165476364	1	1	194	151	3	0	G
barcode06_consensus_vsearch	103	T	T	350	1	0.28%	2	1	93	93	0.4999999999999138	1	1	198	152	1	0	+C
barcode06_consensus_vsearch	104	T	T	348	2	0.57%	2	2	93	93	0.2496423462086995	1	1	197	151	1	1	G
barcode06_consensus_vsearch	105	G	G	352	1	0.28%	2	1	93	93	0.4999999999999138	1	1	199	153	1	0	-A
barcode06_consensus_vsearch	106	A	A	351	1	0.28%	2	1	93	93	0.4999999999999138	1	1	198	153	1	0	C
barcode06_consensus_vsearch	107	T	T	352	1	0.28%	2	1	93	93	0.4999999999999138	1	1	199	153	1	0	+A
barcode06_consensus_vsearch	108	A	A	350	2	0.57%	2	1	93	93	0.2496443812233433	1	1	197	153	2	0	G
barcode06_consensus_vsearch	109	G	G	352	1	0.28%	2	1	93	93	0.4999999999999138	1	1	199	153	1	0	T
barcode06_consensus_vsearch	110	T	T	350	2	0.57%	2	1	93	93	0.2496443812233433	1	1	199	151	0	2	C
barcode06_consensus_vsearch	111	A	A	344	4	1.14%	2	1	93	93	0.061960820953638154	1	1	193	151	4	0	G
barcode06_consensus_vsearch	112	C	C	349	0	0%	2	0	93	0	1.0	1	0	197	152	0	0	
barcode06_consensus_vsearch	113	C	*/-T	323	21	5.98%	2	1	93	93	3.4811017857401133E-7	1	1	195	128	0	21	-T
barcode06_consensus_vsearch	114	T	T	326	1	0.3%	2	1	93	93	0.4999999999999138	1	1	195	131	1	0	A
barcode06_consensus_vsearch	115	T	T	346	5	1.42%	2	2	93	93	0.03080516490845092	1	1	195	151	3	2	C
barcode06_consensus_vsearch	116	A	A	347	3	0.85%	2	1	93	93	0.12446351931328528	1	1	198	149	0	3	G
barcode06_consensus_vsearch	117	C	C	352	0	0%	2	0	93	0	1.0	1	0	199	153	0	0	
barcode06_consensus_vsearch	118	T	T	352	1	0.28%	2	1	93	93	0.4999999999999138	1	1	200	152	0	1	C
barcode06_consensus_vsearch	119	A	A	350	2	0.57%	2	1	93	93	0.2496443812233433	1	1	197	153	2	0	G
barcode06_consensus_vsearch	120	C	C	349	1	0.28%	2	1	93	93	0.4999999999999138	1	1	199	150	0	1	+T
barcode06_consensus_vsearch	121	T	T	350	2	0.57%	2	2	93	93	0.2496443812233433	1	1	199	151	1	1	C
barcode06_consensus_vsearch	122	T	*/-G	320	29	8.22%	2	1	93	93	1.0155110742830349E-9	1	1	199	121	0	29	-G
barcode06_consensus_vsearch	123	G	G	322	1	0.31%	2	1	93	93	0.4999999999999138	1	1	200	122	0	1	T
barcode06_consensus_vsearch	124	G	G	350	1	0.28%	2	1	93	93	0.4999999999999138	1	1	198	152	1	0	+T
barcode06_consensus_vsearch	125	A	A	350	1	0.28%	2	1	93	93	0.4999999999999138	1	1	199	151	1	0	+T
barcode06_consensus_vsearch	126	T	T	348	2	0.57%	2	1	93	93	0.2496423462086995	1	1	198	150	2	0	C
barcode06_consensus_vsearch	127	A	A	350	1	0.28%	2	1	93	93	0.4999999999999138	1	1	199	151	1	0	T
barcode06_consensus_vsearch	128	A	A	345	4	1.13%	2	2	93	93	0.061962366978748344	1	1	195	150	2	2	G
barcode06_consensus_vsearch	129	C	C	343	5	1.43%	2	2	93	93	0.030801332959592774	1	1	194	149	3	2	T
barcode06_consensus_vsearch	130	C	C	348	2	0.57%	2	1	93	93	0.2496423462086995	1	1	197	151	2	0	A
barcode06_consensus_vsearch	131	G	G	347	3	0.85%	2	1	93	93	0.12446351931328528	1	1	195	152	3	0	A
barcode06_consensus_vsearch	132	T	T	348	2	0.57%	2	1	93	93	0.2496423462086995	1	1	196	152	2	0	-G
barcode06_consensus_vsearch	133	G	G	344	4	1.15%	2	2	93	93	0.061960820953638154	1	1	193	151	3	1	A
barcode06_consensus_vsearch	134	G	G	350	1	0.28%	2	1	93	93	0.4999999999999138	1	1	197	153	1	0	+CCC
barcode06_consensus_vsearch	135	T	T	340	5	1.42%	2	1	93	93	0.030797434418565302	1	1	193	147	0	5	C
barcode06_consensus_vsearch	136	A	A	353	0	0%	2	0	93	0	1.0	1	0	200	153	0	0	
barcode06_consensus_vsearch	137	A	A	350	1	0.28%	2	1	93	93	0.4999999999999138	1	1	200	150	0	1	-TTC
barcode06_consensus_vsearch	138	T	T	351	1	0.28%	2	1	93	93	0.4999999999999138	1	1	200	151	0	1	C
barcode06_consensus_vsearch	139	T	*/-C	345	7	1.99%	2	1	93	93	0.007580787381458834	1	1	200	145	0	7	-C
barcode06_consensus_vsearch	140	C	C	343	1	0.29%	2	1	93	93	0.4999999999999138	1	1	199	144	0	1	+T
barcode06_consensus_vsearch	141	T	*/+A	337	9	2.56%	2	1	93	93	0.0018529134694595746	1	1	187	150	9	0	+A
barcode06_consensus_vsearch	142	A	A	347	2	0.57%	2	1	93	93	0.24964131994254463	1	1	196	151	2	0	-G
barcode06_consensus_vsearch	143	G	G	346	2	0.57%	2	1	93	93	0.2496402877699066	1	1	195	151	0	2	-AG
barcode06_consensus_vsearch	144	A	A	346	3	0.85%	2	2	93	93	0.12446197991394273	1	1	196	150	2	1	G
barcode06_consensus_vsearch	145	G	G	345	3	0.86%	2	1	93	93	0.12446043165476364	1	1	194	151	3	0	A
barcode06_consensus_vsearch	146	C	C	349	1	0.28%	2	1	93	93	0.4999999999999138	1	1	198	151	0	1	+T
barcode06_consensus_vsearch	147	T	T	348	4	1.13%	2	2	93	93	0.06196695231151725	1	1	197	151	3	1	-A
barcode06_consensus_vsearch	148	A	A	348	1	0.29%	2	1	93	93	0.4999999999999138	1	1	196	152	1	0	+C
barcode06_consensus_vsearch	149	A	A	350	3	0.85%	2	1	93	93	0.12446808510622623	1	1	197	153	3	0	T
barcode06_consensus_vsearch	150	T	T	349	1	0.28%	2	1	93	93	0.4999999999999138	1	1	196	153	1	0	+A
barcode06_consensus_vsearch	151	A	A	347	2	0.57%	2	1	93	93	0.24964131994254463	1	1	198	149	0	2	-CA
barcode06_consensus_vsearch	152	C	C	348	1	0.28%	2	1	93	93	0.4999999999999138	1	1	198	150	1	0	-AT
barcode06_consensus_vsearch	153	A	A	347	3	0.86%	2	1	93	93	0.12446351931328528	1	1	196	151	3	0	G
barcode06_consensus_vsearch	154	T	T	349	1	0.28%	2	1	93	93	0.4999999999999138	1	1	198	151	1	0	-G
barcode06_consensus_vsearch	155	G	G	341	6	1.71%	2	1	93	93	0.015288264148254961	1	1	190	151	6	0	A
barcode06_consensus_vsearch	156	C	C	342	1	0.29%	2	1	93	93	0.5000000000003686	1	1	192	150	1	0	+A
barcode06_consensus_vsearch	157	T	*/-A	315	17	4.83%	2	2	93	93	6.183888537556362E-6	1	1	184	131	9	8	-A
barcode06_consensus_vsearch	158	A	A	325	1	0.31%	2	1	93	93	0.4999999999999138	1	1	187	138	1	0	G
barcode06_consensus_vsearch	159	A	A	339	3	0.87%	2	1	93	93	0.12445095168370475	1	1	192	147	3	0	G
barcode06_consensus_vsearch	160	A	A	351	1	0.28%	2	1	93	93	0.4999999999999138	1	1	199	152	1	0	+GA
barcode06_consensus_vsearch	161	A	A	353	0	0%	2	0	93	0	1.0	1	0	200	153	0	0	
barcode06_consensus_vsearch	162	A	R	330	8	2.27%	2	1	93	93	0.0037460133446050297	1	1	182	148	8	0	G
barcode06_consensus_vsearch	163	C	C	343	1	0.29%	2	1	93	93	0.4999999999999138	1	1	192	151	0	1	A
barcode06_consensus_vsearch	164	C	C	348	0	0%	2	0	93	0	1.0	1	0	195	153	0	0	
barcode06_consensus_vsearch	165	C	C	349	1	0.28%	2	1	93	93	0.4999999999999138	1	1	196	153	1	0	G
barcode06_consensus_vsearch	166	C	C	349	2	0.57%	2	2	93	93	0.24964336661915734	1	1	198	151	1	1	T
barcode06_consensus_vsearch	167	A	A	349	1	0.28%	2	1	93	93	0.4999999999999138	1	1	197	152	1	0	C
barcode06_consensus_vsearch	168	A	A	346	2	0.57%	2	2	93	93	0.2496402877699066	1	1	196	150	1	1	+C
barcode06_consensus_vsearch	169	C	C	349	1	0.28%	2	1	93	93	0.4999999999999138	1	1	198	151	0	1	-T
barcode06_consensus_vsearch	170	T	T	344	2	0.57%	2	1	93	93	0.2496382054993181	1	1	194	150	2	0	+C
barcode06_consensus_vsearch	171	C	C	348	1	0.28%	2	1	93	93	0.4999999999999138	1	1	198	150	0	1	+A
barcode06_consensus_vsearch	172	A	A	347	2	0.57%	2	2	93	93	0.24964131994254463	1	1	199	148	1	1	G
barcode06_consensus_vsearch	173	C	C	345	3	0.85%	2	1	93	93	0.12446043165476364	1	1	198	147	0	3	T
barcode06_consensus_vsearch	174	G	*/-A	340	8	2.29%	2	1	93	93	0.0037505741543597316	1	1	189	151	8	0	-A
barcode06_consensus_vsearch	175	A	A	341	2	0.58%	2	2	93	93	0.24963503649639607	1	1	190	151	1	1	G
barcode06_consensus_vsearch	176	A	*/-G	297	38	10.76%	2	2	93	93	1.1963970047754218E-12	1	1	155	142	31	7	-G
barcode06_consensus_vsearch	177	G	G	298	2	0.66%	2	1	93	93	0.24958263772955822	1	1	157	141	2	0	A
barcode06_consensus_vsearch	178	G	G	340	3	0.87%	2	1	93	93	0.12445255474455591	1	1	189	151	3	0	A
barcode06_consensus_vsearch	179	G	*/+A	341	7	1.98%	2	1	93	93	0.007578139567014644	1	1	188	153	7	0	+A
barcode06_consensus_vsearch	180	G	G	351	1	0.28%	2	1	93	93	0.4999999999999138	1	1	198	153	1	0	+AA
barcode06_consensus_vsearch	181	T	T	348	3	0.85%	2	2	93	93	0.12446504992864586	1	1	198	150	1	2	-GT
barcode06_consensus_vsearch	182	G	G	347	3	0.86%	2	2	93	93	0.12446351931328528	1	1	198	149	1	2	A
barcode06_consensus_vsearch	183	T	T	346	2	0.57%	2	1	93	93	0.2496402877699066	1	1	198	148	0	2	C
barcode06_consensus_vsearch	184	A	A	342	6	1.7%	2	2	93	93	0.015289228950998206	1	1	193	149	4	2	-T
barcode06_consensus_vsearch	185	T	T	342	2	0.58%	2	2	93	93	0.24963609898113429	1	1	193	149	1	1	C
barcode06_consensus_vsearch	186	T	T	349	3	0.85%	2	2	93	93	0.12446657183497908	1	1	198	151	2	1	C
barcode06_consensus_vsearch	187	T	T	350	1	0.28%	2	1	93	93	0.4999999999999138	1	1	199	151	1	0	-A
barcode06_consensus_vsearch	188	A	A	347	2	0.57%	2	1	93	93	0.24964131994254463	1	1	199	148	0	2	-T
barcode06_consensus_vsearch	189	T	T	348	2	0.57%	2	1	93	93	0.2496423462086995	1	1	198	150	2	0	C
barcode06_consensus_vsearch	190	T	T	346	3	0.85%	2	1	93	93	0.12446197991394273	1	1	195	151	3	0	+G
barcode06_consensus_vsearch	191	A	A	342	6	1.7%	2	1	93	93	0.015289228950998206	1	1	196	146	0	6	+G
barcode06_consensus_vsearch	192	G	G	348	1	0.29%	2	1	93	93	0.4999999999999138	1	1	195	153	1	0	+A
barcode06_consensus_vsearch	193	A	A	349	2	0.57%	2	2	93	93	0.24964336661915734	1	1	197	152	1	1	+T
barcode06_consensus_vsearch	194	T	T	349	3	0.85%	2	2	93	93	0.12446657183497908	1	1	198	151	1	2	C
barcode06_consensus_vsearch	195	T	*/-A	285	24	6.8%	2	2	93	93	3.7463129327336896E-8	1	1	189	96	6	18	-A
barcode06_consensus_vsearch	196	A	A	316	1	0.32%	2	1	93	93	0.4999999999999138	1	1	189	127	0	1	G
barcode06_consensus_vsearch	197	A	A	340	1	0.29%	2	1	93	93	0.4999999999999138	1	1	194	146	1	0	G
barcode06_consensus_vsearch	198	A	A	351	2	0.57%	2	1	93	93	0.24964539007068368	1	1	198	153	2	0	G
barcode06_consensus_vsearch	199	A	A	349	1	0.28%	2	1	93	93	0.4999999999999138	1	1	197	152	0	1	+CT
barcode06_consensus_vsearch	200	A	A	346	4	1.13%	2	2	93	93	0.06196390416311995	1	1	194	152	3	1	G
barcode06_consensus_vsearch	201	C	C	346	4	1.14%	2	1	93	93	0.06196390416311995	1	1	194	152	4	0	G
barcode06_consensus_vsearch	202	C	C	342	6	1.7%	2	1	93	93	0.015289228950998206	1	1	198	144	0	6	+A
barcode06_consensus_vsearch	203	A	A	347	2	0.57%	2	2	93	93	0.24964131994254463	1	1	198	149	1	1	G
barcode06_consensus_vsearch	204	A	A	340	3	0.85%	2	1	93	93	0.12445255474455591	1	1	199	141	0	3	+C
barcode06_consensus_vsearch	205	T	Y	332	7	2%	2	1	93	93	0.007571954906961894	1	1	197	135	0	7	C
barcode06_consensus_vsearch	206	G	R	316	12	3.41%	2	2	93	93	2.2037575427354198E-4	1	1	188	128	3	9	A
barcode06_consensus_vsearch	207	C	Y	332	7	2.03%	2	1	93	93	0.007571954906961894	1	1	196	136	0	7	T
barcode06_consensus_vsearch	208	C	Y	336	15	4.26%	2	1	93	93	2.6194889808249706E-5	1	1	200	136	0	15	T
barcode06_consensus_vsearch	209	C	*/-T	342	7	1.98%	2	1	93	93	0.0075788071772909795	1	1	200	142	0	7	-T
barcode06_consensus_vsearch	210	T	T	343	2	0.58%	2	1	93	93	0.24963715529753122	1	1	197	146	2	0	C
barcode06_consensus_vsearch	211	T	T	347	3	0.85%	2	1	93	93	0.12446351931328528	1	1	195	152	3	0	+C
barcode06_consensus_vsearch	212	C	*/-G	331	7	1.99%	2	2	93	93	0.007571247515222922	1	1	188	143	3	4	-G
barcode06_consensus_vsearch	213	G	R	329	14	4.08%	2	1	93	93	5.3310059266825466E-5	1	1	182	147	14	0	A
barcode06_consensus_vsearch	214	G	G	345	4	1.14%	2	1	93	93	0.061962366978748344	1	1	194	151	4	0	A
barcode06_consensus_vsearch	215	G	G	346	2	0.57%	2	1	93	93	0.2496402877699066	1	1	195	151	2	0	A
barcode06_consensus_vsearch	216	G	G	348	1	0.28%	2	1	93	93	0.4999999999999138	1	1	197	151	1	0	+A
barcode06_consensus_vsearch	217	C	C	346	2	0.57%	2	2	93	93	0.2496402877699066	1	1	196	150	1	1	+T
barcode06_consensus_vsearch	218	T	T	344	4	1.14%	2	1	93	93	0.061960820953638154	1	1	194	150	4	0	C
barcode06_consensus_vsearch	219	T	T	340	5	1.42%	2	2	93	93	0.030797434418565302	1	1	198	142	1	4	-CTT
barcode06_consensus_vsearch	220	C	C	328	6	1.75%	2	1	93	93	0.015275197600068968	1	1	195	133	0	6	-T
barcode06_consensus_vsearch	221	T	T	335	2	0.59%	2	2	93	93	0.24962852897455212	1	1	196	139	1	1	C
barcode06_consensus_vsearch	222	T	*/-G	335	8	2.31%	2	1	93	93	0.0037483266674446895	1	1	194	141	0	8	-G
barcode06_consensus_vsearch	223	G	G	337	3	0.87%	2	1	93	93	0.12444771723137743	1	1	194	143	3	0	A
barcode06_consensus_vsearch	224	G	G	348	2	0.57%	2	1	93	93	0.2496423462086995	1	1	196	152	2	0	A
barcode06_consensus_vsearch	225	T	Y	341	9	2.56%	2	2	93	93	0.0018540429575330279	1	1	197	144	2	7	C
barcode06_consensus_vsearch	226	G	G	351	1	0.28%	2	1	93	93	0.4999999999999138	1	1	199	152	1	0	+A
barcode06_consensus_vsearch	227	A	A	351	1	0.28%	2	1	93	93	0.4999999999999138	1	1	200	151	0	1	G
barcode06_consensus_vsearch	228	T	T	350	2	0.57%	2	1	93	93	0.2496443812233433	1	1	199	151	0	2	C
barcode06_consensus_vsearch	229	T	T	349	2	0.57%	2	1	93	93	0.24964336661915734	1	1	198	151	0	2	C
barcode06_consensus_vsearch	230	C	C	351	1	0.28%	2	1	93	93	0.4999999999999138	1	1	198	153	1	0	-A
barcode06_consensus_vsearch	231	A	A	345	5	1.42%	2	2	93	93	0.030803894885687386	1	1	193	152	4	1	G
barcode06_consensus_vsearch	232	T	T	344	4	1.14%	2	2	93	93	0.061960820953638154	1	1	193	151	2	2	-A
barcode06_consensus_vsearch	233	A	A	344	2	0.57%	2	2	93	93	0.2496382054993181	1	1	195	149	1	1	C
barcode06_consensus_vsearch	234	A	*/-TAA	332	14	3.97%	2	2	93	93	5.3373901122053535E-5	1	1	183	149	12	2	-TAA
barcode06_consensus_vsearch	235	T	T	326	5	1.48%	2	2	93	93	0.030778307571867752	1	1	182	144	3	2	-A
barcode06_consensus_vsearch	236	A	A	329	1	0.3%	2	1	93	93	0.5000000000003686	1	1	182	147	0	1	C
barcode06_consensus_vsearch	237	A	R	318	10	2.97%	2	1	93	93	9.108978189109956E-4	1	1	175	143	10	0	G
barcode06_consensus_vsearch	238	C	C	340	4	1.15%	2	1	93	93	0.06195454690339171	1	1	198	142	0	4	-T
barcode06_consensus_vsearch	239	T	T	344	1	0.29%	2	1	93	93	0.4999999999999138	1	1	198	146	1	0	C
barcode06_consensus_vsearch	240	T	T	333	6	1.72%	2	1	93	93	0.015280341433861528	1	1	195	138	0	6	+C
barcode06_consensus_vsearch	241	C	*/-TC	335	14	3.99%	2	1	93	93	5.343669800002676E-5	1	1	199	136	0	14	-TC
barcode06_consensus_vsearch	242	T	T	332	4	1.18%	2	1	93	93	0.06194155032653797	1	1	196	136	4	0	+C
barcode06_consensus_vsearch	243	C	C	333	2	0.59%	2	1	93	93	0.24962630792247645	1	1	197	136	2	0	+A
barcode06_consensus_vsearch	244	G	G	348	4	1.13%	2	2	93	93	0.06196695231151725	1	1	196	152	3	1	-A
barcode06_consensus_vsearch	245	A	A	349	0	0%	2	0	93	0	1.0	1	0	197	152	0	0	
barcode06_consensus_vsearch	246	A	A	350	2	0.57%	2	1	93	93	0.2496443812233433	1	1	199	151	0	2	-T
barcode06_consensus_vsearch	247	T	T	349	1	0.28%	2	1	93	93	0.4999999999999138	1	1	199	150	1	0	+G
barcode06_consensus_vsearch	248	C	C	346	5	1.42%	2	2	93	93	0.03080516490845092	1	1	194	152	4	1	-GC
barcode06_consensus_vsearch	249	G	G	345	1	0.29%	2	1	93	93	0.4999999999999138	1	1	193	152	1	0	C
barcode06_consensus_vsearch	250	C	C	342	3	0.86%	2	1	93	93	0.12445573294627689	1	1	193	149	0	3	T
barcode06_consensus_vsearch	251	A	A	346	2	0.57%	2	1	93	93	0.2496402877699066	1	1	194	152	2	0	G
barcode06_consensus_vsearch	252	T	T	350	1	0.28%	2	1	93	93	0.4999999999999138	1	1	200	150	0	1	+A
barcode06_consensus_vsearch	253	G	G	350	2	0.57%	2	1	93	93	0.2496443812233433	1	1	200	150	0	2	C
barcode06_consensus_vsearch	254	G	G	347	4	1.13%	2	2	93	93	0.06196543258251349	1	1	195	152	3	1	-C
barcode06_consensus_vsearch	255	C	C	347	1	0.29%	2	1	93	93	0.4999999999999138	1	1	197	150	0	1	+T
barcode06_consensus_vsearch	256	C	*/-T	343	7	1.98%	2	1	93	93	0.007579470995029922	1	1	199	144	0	7	-T
barcode06_consensus_vsearch	257	T	T	343	2	0.58%	2	1	93	93	0.24963715529753122	1	1	199	144	0	2	C
barcode06_consensus_vsearch	258	T	T	349	2	0.57%	2	2	93	93	0.24964336661915734	1	1	198	151	1	1	C
barcode06_consensus_vsearch	259	G	G	348	2	0.57%	2	1	93	93	0.2496423462086995	1	1	197	151	0	2	-C
barcode06_consensus_vsearch	260	C	C	345	3	0.86%	2	2	93	93	0.12446043165476364	1	1	198	147	1	2	-GC
barcode06_consensus_vsearch	261	G	G	344	2	0.57%	2	2	93	93	0.2496382054993181	1	1	197	147	1	1	-C
barcode06_consensus_vsearch	262	C	C	346	1	0.29%	2	1	93	93	0.4999999999999138	1	1	198	148	0	1	+GC
barcode06_consensus_vsearch	263	C	C	346	5	1.42%	2	1	93	93	0.03080516490845092	1	1	200	146	0	5	T
barcode06_consensus_vsearch	264	G	G	347	3	0.85%	2	1	93	93	0.12446351931328528	1	1	199	148	0	3	T
barcode06_consensus_vsearch	265	G	R	346	7	1.98%	2	2	93	93	0.007581440013514741	1	1	196	150	4	3	A
barcode06_consensus_vsearch	266	C	C	349	3	0.85%	2	1	93	93	0.12446657183497908	1	1	200	149	0	3	T
barcode06_consensus_vsearch	267	G	G	351	1	0.28%	2	1	93	93	0.4999999999999138	1	1	199	152	1	0	-A
barcode06_consensus_vsearch	268	A	A	350	2	0.57%	2	2	93	93	0.2496443812233433	1	1	198	152	1	1	G
barcode06_consensus_vsearch	269	T	T	350	2	0.57%	2	1	93	93	0.2496443812233433	1	1	199	151	0	2	-G
barcode06_consensus_vsearch	270	G	G	346	3	0.85%	2	1	93	93	0.12446197991394273	1	1	195	151	3	0	A
barcode06_consensus_vsearch	271	G	G	348	2	0.57%	2	1	93	93	0.2496423462086995	1	1	195	153	2	0	+A
barcode06_consensus_vsearch	272	T	T	346	5	1.42%	2	1	93	93	0.03080516490845092	1	1	194	152	5	0	C
barcode06_consensus_vsearch	273	T	T	348	3	0.85%	2	2	93	93	0.12446504992864586	1	1	197	151	2	1	-C
barcode06_consensus_vsearch	274	C	C	342	5	1.43%	2	1	93	93	0.03080004093026935	1	1	190	152	5	0	+G
barcode06_consensus_vsearch	275	A	A	344	4	1.14%	2	1	93	93	0.061960820953638154	1	1	192	152	4	0	G
barcode06_consensus_vsearch	276	T	T	345	3	0.85%	2	1	93	93	0.12446043165476364	1	1	194	151	3	0	G
barcode06_consensus_vsearch	277	T	T	344	5	1.42%	2	2	93	93	0.03080261759027664	1	1	193	151	3	2	C
barcode06_consensus_vsearch	278	C	C	339	4	1.14%	2	1	93	93	0.06195295550973475	1	1	187	152	4	0	-A
barcode06_consensus_vsearch	279	A	A	342	1	0.29%	2	1	93	93	0.5000000000003686	1	1	191	151	0	1	+GC
barcode06_consensus_vsearch	280	A	A	343	4	1.15%	2	2	93	93	0.06195926601136401	1	1	193	150	2	2	G
barcode06_consensus_vsearch	281	A	*/-T	340	10	2.83%	2	2	93	93	9.149473929364378E-4	1	1	195	145	4	6	-T
barcode06_consensus_vsearch	282	T	T	343	0	0%	2	0	93	0	1.0	1	0	196	147	0	0	
barcode06_consensus_vsearch	283	T	T	353	0	0%	2	0	93	0	1.0	1	0	200	153	0	0	
barcode06_consensus_vsearch	284	T	T	350	1	0.28%	2	1	93	93	0.4999999999999138	1	1	200	150	0	1	-C
barcode06_consensus_vsearch	285	C	C	346	2	0.57%	2	1	93	93	0.2496402877699066	1	1	199	147	0	2	+T
barcode06_consensus_vsearch	286	T	T	348	1	0.28%	2	1	93	93	0.4999999999999138	1	1	200	148	0	1	+G
barcode06_consensus_vsearch	287	G	*/-C	335	12	3.4%	2	2	93	93	2.2163604035931107E-4	1	1	185	150	11	1	-C
barcode06_consensus_vsearch	288	C	C	335	3	0.88%	2	1	93	93	0.12444444444441763	1	1	187	148	0	3	T
barcode06_consensus_vsearch	289	C	C	347	2	0.57%	2	1	93	93	0.24964131994254463	1	1	198	149	0	2	+T
barcode06_consensus_vsearch	290	C	C	350	2	0.57%	2	1	93	93	0.2496443812233433	1	1	200	150	0	2	-T
barcode06_consensus_vsearch	291	T	T	345	4	1.14%	2	1	93	93	0.061962366978748344	1	1	200	145	0	4	C
barcode06_consensus_vsearch	292	A	A	350	1	0.28%	2	1	93	93	0.4999999999999138	1	1	200	150	0	1	+T
barcode06_consensus_vsearch	293	T	T	348	3	0.85%	2	2	93	93	0.12446504992864586	1	1	199	149	1	2	C
barcode06_consensus_vsearch	294	C	C	349	2	0.57%	2	2	93	93	0.24964336661915734	1	1	199	150	1	1	-A
barcode06_consensus_vsearch	295	A	A	349	1	0.29%	2	1	93	93	0.4999999999999138	1	1	199	150	0	1	C
barcode06_consensus_vsearch	296	A	*/-C	332	7	1.99%	2	1	93	93	0.007571954906961894	1	1	197	135	0	7	-C
barcode06_consensus_vsearch	297	C	*/-T	319	17	4.94%	2	1	93	93	6.199765720397519E-6	1	1	198	121	0	17	-T
barcode06_consensus_vsearch	298	T	T	326	4	1.2%	2	2	93	93	0.06193138905636245	1	1	197	129	2	2	C
barcode06_consensus_vsearch	299	T	Y	341	9	2.56%	2	1	93	93	0.0018540429575330279	1	1	199	142	0	9	C
barcode06_consensus_vsearch	300	T	T	350	2	0.57%	2	1	93	93	0.2496443812233433	1	1	200	150	0	2	C
barcode06_consensus_vsearch	301	C	C	347	1	0.28%	2	1	93	93	0.4999999999999138	1	1	200	147	0	1	+G
barcode06_consensus_vsearch	302	G	G	351	1	0.28%	2	1	93	93	0.4999999999999138	1	1	200	151	0	1	+CTG
barcode06_consensus_vsearch	303	A	A	351	1	0.28%	2	1	93	93	0.4999999999999138	1	1	199	152	0	1	-TGG
barcode06_consensus_vsearch	304	T	T	348	3	0.85%	2	2	93	93	0.12446504992864586	1	1	198	150	2	1	-G
barcode06_consensus_vsearch	305	G	G	348	1	0.29%	2	1	93	93	0.4999999999999138	1	1	198	150	0	1	+CA
barcode06_consensus_vsearch	306	G	G	351	1	0.28%	2	1	93	93	0.4999999999999138	1	1	199	152	1	0	-C
barcode06_consensus_vsearch	307	C	C	347	1	0.28%	2	1	93	93	0.4999999999999138	1	1	194	153	1	0	+G
barcode06_consensus_vsearch	308	A	R	328	16	4.56%	2	1	93	93	1.2764926855016624E-5	1	1	179	149	16	0	G
barcode06_consensus_vsearch	309	G	G	341	2	0.58%	2	1	93	93	0.24963503649639607	1	1	194	147	2	0	+A
barcode06_consensus_vsearch	310	G	G	352	1	0.28%	2	1	93	93	0.4999999999999138	1	1	199	153	1	0	A
barcode06_consensus_vsearch	311	G	G	349	3	0.85%	2	1	93	93	0.12446657183497908	1	1	196	153	3	0	A
barcode06_consensus_vsearch	312	T	T	347	1	0.28%	2	1	93	93	0.4999999999999138	1	1	196	151	1	0	+G
barcode06_consensus_vsearch	313	C	C	344	5	1.43%	2	2	93	93	0.03080261759027664	1	1	196	148	1	4	-T
barcode06_consensus_vsearch	314	T	T	341	2	0.58%	2	1	93	93	0.24963503649639607	1	1	192	149	2	0	A
barcode06_consensus_vsearch	315	T	T	342	6	1.7%	2	2	93	93	0.015289228950998206	1	1	192	150	5	1	C
barcode06_consensus_vsearch	316	G	G	344	3	0.86%	2	2	93	93	0.12445887445888035	1	1	195	149	2	1	A
barcode06_consensus_vsearch	317	G	G	345	3	0.85%	2	2	93	93	0.12446043165476364	1	1	195	150	2	1	-CC
barcode06_consensus_vsearch	318	C	C	346	2	0.57%	2	1	93	93	0.2496402877699066	1	1	196	150	0	2	T
barcode06_consensus_vsearch	319	C	C	347	2	0.57%	2	1	93	93	0.24964131994254463	1	1	198	149	0	2	-T
barcode06_consensus_vsearch	320	T	T	343	4	1.14%	2	1	93	93	0.06195926601136401	1	1	200	143	0	4	C
barcode06_consensus_vsearch	321	G	R	339	11	3.12%	2	1	93	93	4.5084364289619004E-4	1	1	189	150	11	0	A
barcode06_consensus_vsearch	322	C	C	351	0	0%	2	0	93	0	1.0	1	0	200	151	0	0	
barcode06_consensus_vsearch	323	C	C	350	1	0.28%	2	1	93	93	0.4999999999999138	1	1	200	150	0	1	+A
barcode06_consensus_vsearch	324	A	A	348	3	0.85%	2	2	93	93	0.12446504992864586	1	1	198	150	2	1	G
barcode06_consensus_vsearch	325	T	T	345	2	0.57%	2	2	93	93	0.24963924963931935	1	1	198	147	1	1	+G
barcode06_consensus_vsearch	326	G	G	352	1	0.28%	2	1	93	93	0.4999999999999138	1	1	200	152	0	1	+CG
barcode06_consensus_vsearch	327	G	*/+A	333	13	3.68%	2	1	93	93	1.0883146805374691E-4	1	1	182	151	13	0	+A
barcode06_consensus_vsearch	328	T	T	350	1	0.28%	2	1	93	93	0.4999999999999138	1	1	198	152	1	0	A
barcode06_consensus_vsearch	329	T	T	344	2	0.57%	2	2	93	93	0.2496382054993181	1	1	194	150	1	1	+A
barcode06_consensus_vsearch	330	A	W	315	13	3.71%	2	1	93	93	1.0813468687954206E-4	1	1	164	151	13	0	T
barcode06_consensus_vsearch	331	C	Y	330	15	4.27%	2	1	93	93	2.6123899766230564E-5	1	1	177	153	15	0	T
barcode06_consensus_vsearch	332	A	A	346	3	0.86%	2	2	93	93	0.12446197991394273	1	1	194	152	2	1	G
barcode06_consensus_vsearch	333	A	R	331	17	4.84%	2	1	93	93	6.245378648847504E-6	1	1	178	153	17	0	G
barcode06_consensus_vsearch	334	C	*/-G	335	10	2.85%	2	2	93	93	9.140715025325323E-4	1	1	191	144	1	9	-G
barcode06_consensus_vsearch	335	G	R	240	93	27.35%	2	1	93	93	5.628814083991768E-32	1	1	97	143	93	0	A
barcode06_consensus_vsearch	336	G	G	345	3	0.85%	2	1	93	93	0.12446043165476364	1	1	192	153	3	0	+A
barcode06_consensus_vsearch	337	G	G	350	1	0.28%	2	1	93	93	0.4999999999999138	1	1	197	153	1	0	A
barcode06_consensus_vsearch	338	T	T	348	2	0.57%	2	1	93	93	0.2496423462086995	1	1	197	151	0	2	C
barcode06_consensus_vsearch	339	A	A	350	2	0.57%	2	1	93	93	0.2496443812233433	1	1	197	153	2	0	G
barcode06_consensus_vsearch	340	A	A	346	4	1.13%	2	1	93	93	0.06196390416311995	1	1	194	152	4	0	G
barcode06_consensus_vsearch	341	C	C	349	2	0.57%	2	1	93	93	0.24964336661915734	1	1	198	151	0	2	T
barcode06_consensus_vsearch	342	G	G	349	2	0.57%	2	1	93	93	0.24964336661915734	1	1	197	152	2	0	A
barcode06_consensus_vsearch	343	G	G	346	4	1.13%	2	1	93	93	0.06196390416311995	1	1	195	151	4	0	-A
barcode06_consensus_vsearch	344	A	*/-G	317	20	5.75%	2	2	93	93	7.13356662328966E-7	1	1	170	147	17	3	-G
barcode06_consensus_vsearch	345	G	G	328	1	0.3%	2	1	93	93	0.4999999999999138	1	1	182	146	0	1	+T
barcode06_consensus_vsearch	346	G	G	348	1	0.29%	2	1	93	93	0.4999999999999138	1	1	197	151	1	0	+A
barcode06_consensus_vsearch	347	G	G	349	1	0.28%	2	1	93	93	0.4999999999999138	1	1	200	149	0	1	+A
barcode06_consensus_vsearch	348	T	T	348	3	0.85%	2	2	93	93	0.12446504992864586	1	1	198	150	2	1	C
barcode06_consensus_vsearch	349	T	T	339	5	1.42%	2	1	93	93	0.030796119805779988	1	1	188	151	5	0	+G
barcode06_consensus_vsearch	350	A	*/+G	287	28	8.02%	2	2	93	93	1.988819753463443E-9	1	1	175	112	7	21	+G
barcode06_consensus_vsearch	351	G	G	328	2	0.6%	2	2	93	93	0.2496206373292684	1	1	195	133	1	1	A
barcode06_consensus_vsearch	352	G	G	350	1	0.28%	2	1	93	93	0.4999999999999138	1	1	199	151	1	0	+A
barcode06_consensus_vsearch	353	G	G	344	5	1.42%	2	1	93	93	0.03080261759027664	1	1	200	144	0	5	+C
barcode06_consensus_vsearch	354	C	C	350	2	0.57%	2	1	93	93	0.2496443812233433	1	1	200	150	0	2	G
barcode06_consensus_vsearch	355	T	*/-C	345	8	2.27%	2	1	93	93	0.0037527585760722872	1	1	200	145	0	8	-C
barcode06_consensus_vsearch	356	C	*/+G	330	9	2.61%	2	1	93	93	0.0018508736540161308	1	1	199	131	0	9	+G
barcode06_consensus_vsearch	357	G	G	351	1	0.28%	2	1	93	93	0.4999999999999138	1	1	198	153	1	0	+A
barcode06_consensus_vsearch	358	A	*/-C	309	25	7.1%	2	2	93	93	1.869532494465288E-8	1	1	170	139	23	2	-C
barcode06_consensus_vsearch	359	C	C	323	2	0.62%	2	1	93	93	0.24961479198738026	1	1	176	147	0	2	+T
barcode06_consensus_vsearch	360	C	C	348	1	0.29%	2	1	93	93	0.4999999999999138	1	1	199	149	0	1	+T
barcode06_consensus_vsearch	361	C	C	349	4	1.13%	2	2	93	93	0.06196846342422332	1	1	199	150	1	3	T
barcode06_consensus_vsearch	362	C	*/-G	337	8	2.27%	2	2	93	93	0.0037492334037990153	1	1	191	146	3	5	-G
barcode06_consensus_vsearch	363	G	G	330	6	1.75%	2	2	93	93	0.015277273448168436	1	1	186	144	5	1	A
barcode06_consensus_vsearch	364	G	G	348	2	0.57%	2	1	93	93	0.2496423462086995	1	1	195	153	2	0	-A
barcode06_consensus_vsearch	365	A	A	341	3	0.86%	2	1	93	93	0.12445414847166256	1	1	189	152	3	0	-GA
barcode06_consensus_vsearch	366	G	G	344	1	0.29%	2	1	93	93	0.4999999999999138	1	1	191	153	1	0	+A
barcode06_consensus_vsearch	367	A	A	342	4	1.15%	2	1	93	93	0.06195770207455419	1	1	189	153	4	0	+GA
barcode06_consensus_vsearch	368	A	A	344	4	1.14%	2	2	93	93	0.061960820953638154	1	1	194	150	2	2	-G
barcode06_consensus_vsearch	369	G	*/+A	339	8	2.31%	2	1	93	93	0.003750129788579787	1	1	188	151	8	0	+A
barcode06_consensus_vsearch	370	G	*/-A	342	8	2.27%	2	1	93	93	0.0037514553409778158	1	1	189	153	8	0	-A
barcode06_consensus_vsearch	371	A	A	339	1	0.29%	2	1	93	93	0.5000000000003686	1	1	187	152	1	0	+C
barcode06_consensus_vsearch	372	G	G	342	4	1.14%	2	1	93	93	0.06195770207455419	1	1	192	150	4	0	-C
barcode06_consensus_vsearch	373	C	C	346	2	0.57%	2	1	93	93	0.2496402877699066	1	1	195	151	0	2	T
barcode06_consensus_vsearch	374	C	C	347	4	1.13%	2	2	93	93	0.06196543258251349	1	1	197	150	3	1	-T
barcode06_consensus_vsearch	375	T	*/+G	334	7	2.01%	2	1	93	93	0.007573357318712367	1	1	195	139	0	7	+G
barcode06_consensus_vsearch	376	G	G	352	1	0.28%	2	1	93	93	0.4999999999999138	1	1	199	153	1	0	-AGAAACGGC
barcode06_consensus_vsearch	377	A	A	346	3	0.85%	2	1	93	93	0.12446197991394273	1	1	193	153	3	0	-G
barcode06_consensus_vsearch	378	G	G	340	3	0.86%	2	1	93	93	0.12445255474455591	1	1	193	147	0	3	+A
barcode06_consensus_vsearch	379	A	A	347	0	0%	2	0	93	0	1.0	1	0	197	150	0	0	
barcode06_consensus_vsearch	380	A	A	348	1	0.28%	2	1	93	93	0.4999999999999138	1	1	196	152	1	0	+G
barcode06_consensus_vsearch	381	A	A	347	2	0.57%	2	1	93	93	0.24964131994254463	1	1	195	152	2	0	G
barcode06_consensus_vsearch	382	C	C	347	2	0.57%	2	2	93	93	0.24964131994254463	1	1	197	150	1	1	-G
barcode06_consensus_vsearch	383	G	R	342	8	2.29%	2	1	93	93	0.0037514553409778158	1	1	190	152	8	0	A
barcode06_consensus_vsearch	384	G	G	348	2	0.57%	2	1	93	93	0.2496423462086995	1	1	196	152	2	0	A
barcode06_consensus_vsearch	385	C	C	349	1	0.28%	2	1	93	93	0.4999999999999138	1	1	197	152	1	0	-TA
barcode06_consensus_vsearch	386	T	T	348	2	0.57%	2	1	93	93	0.2496423462086995	1	1	195	153	2	0	C
barcode06_consensus_vsearch	387	A	A	345	5	1.42%	2	1	93	93	0.030803894885687386	1	1	193	152	5	0	G
barcode06_consensus_vsearch	388	C	*/-TAC	340	9	2.56%	2	2	93	93	0.0018537629787316217	1	1	194	146	5	4	-TAC
barcode06_consensus_vsearch	389	T	T	336	6	1.75%	2	2	93	93	0.015283355757130674	1	1	192	144	2	4	C
barcode06_consensus_vsearch	390	A	A	342	1	0.29%	2	1	93	93	0.5000000000003686	1	1	193	149	1	0	G
barcode06_consensus_vsearch	391	C	C	343	0	0%	2	0	93	0	1.0	1	0	194	149	0	0	
barcode06_consensus_vsearch	392	A	A	348	3	0.85%	2	2	93	93	0.12446504992864586	1	1	197	151	2	1	G
barcode06_consensus_vsearch	393	T	*/-C	329	20	5.7%	2	1	93	93	7.207226318281847E-7	1	1	177	152	20	0	-C
barcode06_consensus_vsearch	394	C	C	327	1	0.3%	2	1	93	93	0.4999999999999138	1	1	175	152	1	0	+A
barcode06_consensus_vsearch	395	C	*/-A	323	11	3.12%	2	2	93	93	4.4909654291777526E-4	1	1	178	145	7	4	-A
barcode06_consensus_vsearch	396	A	A	338	1	0.29%	2	1	93	93	0.4999999999999138	1	1	191	147	1	0	G
barcode06_consensus_vsearch	397	A	*/-G	337	9	2.56%	2	1	93	93	0.0018529134694595746	1	1	187	150	9	0	-G
barcode06_consensus_vsearch	398	G	G	333	3	0.87%	2	1	93	93	0.12444113263784179	1	1	185	148	3	0	A
barcode06_consensus_vsearch	399	G	*/+A	324	12	3.41%	2	1	93	93	2.2092319542467036E-4	1	1	181	143	12	0	+A
barcode06_consensus_vsearch	400	A	A	337	2	0.59%	2	2	93	93	0.24963072378129092	1	1	193	144	1	1	+G
barcode06_consensus_vsearch	401	A	*/-G	326	13	3.75%	2	2	93	93	1.0856893169340675E-4	1	1	198	128	1	12	-G
barcode06_consensus_vsearch	402	G	G	323	2	0.6%	2	1	93	93	0.24961479198738026	1	1	196	127	0	2	+CG
barcode06_consensus_vsearch	403	G	G	335	5	1.45%	2	2	93	93	0.030790784083803185	1	1	195	140	1	4	-C
barcode06_consensus_vsearch	404	C	C	340	4	1.16%	2	2	93	93	0.06195454690339171	1	1	196	144	2	2	-A
barcode06_consensus_vsearch	405	A	A	339	5	1.44%	2	1	93	93	0.030796119805779988	1	1	195	144	0	5	T
barcode06_consensus_vsearch	406	G	R	331	14	3.98%	2	1	93	93	5.335273789111363E-5	1	1	184	147	14	0	A
barcode06_consensus_vsearch	407	C	C	341	2	0.58%	2	1	93	93	0.24963503649639607	1	1	196	145	0	2	-A
barcode06_consensus_vsearch	408	A	A	343	1	0.29%	2	1	93	93	0.4999999999999138	1	1	197	146	1	0	-GG
barcode06_consensus_vsearch	409	G	G	345	1	0.29%	2	1	93	93	0.4999999999999138	1	1	198	147	0	1	+T
barcode06_consensus_vsearch	410	G	G	350	1	0.28%	2	1	93	93	0.4999999999999138	1	1	198	152	1	0	A
barcode06_consensus_vsearch	411	C	C	350	2	0.57%	2	2	93	93	0.2496443812233433	1	1	198	152	1	1	A
barcode06_consensus_vsearch	412	G	G	348	5	1.42%	2	2	93	93	0.030807683383255846	1	1	196	152	4	1	A
barcode06_consensus_vsearch	413	C	*/-GC	333	12	3.4%	2	2	93	93	2.215097037561235E-4	1	1	188	145	6	6	-GC
barcode06_consensus_vsearch	414	G	G	332	2	0.59%	2	1	93	93	0.24962518740646034	1	1	186	146	2	0	A
barcode06_consensus_vsearch	415	C	*/-A	300	22	6.45%	2	2	93	93	1.6449332550752902E-7	1	1	176	124	3	19	-A
barcode06_consensus_vsearch	416	A	A	328	1	0.3%	2	1	93	93	0.4999999999999138	1	1	194	134	1	0	+G
barcode06_consensus_vsearch	417	A	A	350	1	0.28%	2	1	93	93	0.4999999999999138	1	1	197	153	1	0	C
barcode06_consensus_vsearch	418	A	A	349	2	0.57%	2	1	93	93	0.24964336661915734	1	1	199	150	0	2	-T
barcode06_consensus_vsearch	419	T	T	350	1	0.28%	2	1	93	93	0.4999999999999138	1	1	199	151	1	0	C
barcode06_consensus_vsearch	420	T	T	346	4	1.13%	2	1	93	93	0.06196390416311995	1	1	195	151	4	0	-AC
barcode06_consensus_vsearch	421	A	A	338	6	1.72%	2	2	93	93	0.01528533618469065	1	1	188	150	4	2	+C
barcode06_consensus_vsearch	422	C	C	348	1	0.29%	2	1	93	93	0.4999999999999138	1	1	196	152	0	1	T
barcode06_consensus_vsearch	423	C	C	345	3	0.85%	2	1	93	93	0.12446043165476364	1	1	195	150	3	0	G
barcode06_consensus_vsearch	424	C	Y	339	10	2.83%	2	2	93	93	9.147741839900973E-4	1	1	196	143	2	8	T
barcode06_consensus_vsearch	425	A	A	349	2	0.57%	2	2	93	93	0.24964336661915734	1	1	197	152	1	1	G
barcode06_consensus_vsearch	426	A	A	344	4	1.14%	2	1	93	93	0.061960820953638154	1	1	198	146	0	4	+C
barcode06_consensus_vsearch	427	T	*/-C	337	9	2.57%	2	2	93	93	0.0018529134694595746	1	1	191	146	5	4	-C
barcode06_consensus_vsearch	428	C	C	339	1	0.29%	2	1	93	93	0.5000000000003686	1	1	191	148	1	0	+TC
barcode06_consensus_vsearch	429	C	C	349	1	0.29%	2	1	93	93	0.4999999999999138	1	1	197	152	0	1	T
barcode06_consensus_vsearch	430	C	Y	339	9	2.55%	2	1	93	93	0.0018534814134889795	1	1	199	140	0	9	T
barcode06_consensus_vsearch	431	G	G	349	1	0.28%	2	1	93	93	0.4999999999999138	1	1	198	151	1	0	-A
barcode06_consensus_vsearch	432	A	A	346	3	0.85%	2	1	93	93	0.12446197991394273	1	1	197	149	0	3	+C
barcode06_consensus_vsearch	433	C	C	349	2	0.57%	2	1	93	93	0.24964336661915734	1	1	198	151	0	2	-T
barcode06_consensus_vsearch	434	T	*/+C	338	10	2.85%	2	1	93	93	9.145999987969954E-4	1	1	190	148	10	0	+C
barcode06_consensus_vsearch	435	C	*/-G	281	53	15.1%	2	2	93	93	1.1800948679532051E-17	1	1	148	133	38	15	-G
barcode06_consensus_vsearch	436	G	R	264	28	9.43%	2	1	93	93	1.888198921619467E-9	1	1	128	136	28	0	A
barcode06_consensus_vsearch	437	G	R	328	22	6.29%	2	1	93	93	1.6961212151033067E-7	1	1	176	152	22	0	A
barcode06_consensus_vsearch	438	G	G	345	4	1.14%	2	2	93	93	0.061962366978748344	1	1	194	151	3	1	+A
barcode06_consensus_vsearch	439	G	G	346	4	1.13%	2	1	93	93	0.06196390416311995	1	1	194	152	4	0	-AG
barcode06_consensus_vsearch	440	A	A	342	4	1.15%	2	1	93	93	0.06195770207455419	1	1	190	152	4	0	-G
barcode06_consensus_vsearch	441	G	G	339	3	0.87%	2	1	93	93	0.12445095168370475	1	1	187	152	3	0	+A
barcode06_consensus_vsearch	442	G	G	350	1	0.28%	2	1	93	93	0.4999999999999138	1	1	199	151	0	1	+CG
barcode06_consensus_vsearch	443	T	T	347	3	0.85%	2	1	93	93	0.12446351931328528	1	1	195	152	3	0	+GA
barcode06_consensus_vsearch	444	A	A	349	2	0.57%	2	1	93	93	0.24964336661915734	1	1	199	150	0	2	+G
barcode06_consensus_vsearch	445	G	G	350	1	0.28%	2	1	93	93	0.4999999999999138	1	1	199	151	1	0	+CG
barcode06_consensus_vsearch	446	T	T	347	3	0.85%	2	2	93	93	0.12446351931328528	1	1	198	149	1	2	C
barcode06_consensus_vsearch	447	G	G	350	1	0.28%	2	1	93	93	0.4999999999999138	1	1	199	151	0	1	+C
barcode06_consensus_vsearch	448	A	A	350	1	0.28%	2	1	93	93	0.4999999999999138	1	1	197	153	1	0	-C
barcode06_consensus_vsearch	449	C	C	342	4	1.14%	2	1	93	93	0.06195770207455419	1	1	196	146	0	4	-A
barcode06_consensus_vsearch	450	A	A	344	3	0.86%	2	2	93	93	0.12445887445888035	1	1	197	147	1	2	G
barcode06_consensus_vsearch	451	A	A	348	2	0.57%	2	2	93	93	0.2496423462086995	1	1	197	151	1	1	-TAA
barcode06_consensus_vsearch	452	T	T	344	3	0.86%	2	1	93	93	0.12445887445888035	1	1	198	146	0	3	C
barcode06_consensus_vsearch	453	A	A	347	2	0.57%	2	2	93	93	0.24964131994254463	1	1	197	150	1	1	C
barcode06_consensus_vsearch	454	A	A	349	1	0.28%	2	1	93	93	0.4999999999999138	1	1	198	151	0	1	+C
barcode06_consensus_vsearch	455	A	A	349	3	0.85%	2	2	93	93	0.12446657183497908	1	1	199	150	1	2	G
barcode06_consensus_vsearch	456	T	T	346	2	0.57%	2	1	93	93	0.2496402877699066	1	1	198	148	0	2	+A
barcode06_consensus_vsearch	457	A	A	350	1	0.28%	2	1	93	93	0.4999999999999138	1	1	198	152	0	1	+T
barcode06_consensus_vsearch	458	C	C	349	2	0.57%	2	1	93	93	0.24964336661915734	1	1	198	151	0	2	T
barcode06_consensus_vsearch	459	T	T	347	2	0.57%	2	1	93	93	0.24964131994254463	1	1	199	148	0	2	+C
barcode06_consensus_vsearch	460	G	G	352	0	0%	2	0	93	0	1.0	1	0	199	153	0	0	
barcode06_consensus_vsearch	461	A	A	348	2	0.57%	2	1	93	93	0.2496423462086995	1	1	196	152	2	0	G
barcode06_consensus_vsearch	462	T	T	348	3	0.85%	2	2	93	93	0.12446504992864586	1	1	197	151	2	1	C
barcode06_consensus_vsearch	463	A	A	349	1	0.28%	2	1	93	93	0.4999999999999138	1	1	198	151	1	0	-CA
barcode06_consensus_vsearch	464	C	C	350	1	0.28%	2	1	93	93	0.4999999999999138	1	1	199	151	0	1	A
barcode06_consensus_vsearch	465	A	*/-G	336	10	2.85%	2	2	93	93	9.142486664832635E-4	1	1	191	145	4	6	-G
barcode06_consensus_vsearch	466	G	G	340	1	0.29%	2	1	93	93	0.4999999999999138	1	1	196	144	0	1	+AG
barcode06_consensus_vsearch	467	G	G	349	1	0.28%	2	1	93	93	0.4999999999999138	1	1	198	151	1	0	+A
barcode06_consensus_vsearch	468	G	G	349	2	0.57%	2	1	93	93	0.24964336661915734	1	1	198	151	2	0	A
barcode06_consensus_vsearch	469	C	C	345	4	1.14%	2	1	93	93	0.061962366978748344	1	1	198	147	0	4	-T
barcode06_consensus_vsearch	470	T	T	346	2	0.57%	2	1	93	93	0.2496402877699066	1	1	198	148	2	0	+G
barcode06_consensus_vsearch	471	C	*/-T	266	49	13.92%	2	2	93	93	2.3453723095533695E-16	1	1	184	82	7	42	-T
barcode06_consensus_vsearch	472	T	T	292	3	1.01%	2	2	93	93	0.12436332767395952	1	1	191	101	1	2	C
barcode06_consensus_vsearch	473	T	T	344	1	0.29%	2	1	93	93	0.4999999999999138	1	1	200	144	0	1	C
barcode06_consensus_vsearch	474	T	T	351	2	0.57%	2	2	93	93	0.24964539007068368	1	1	199	152	1	1	C
barcode06_consensus_vsearch	475	T	T	347	5	1.42%	2	2	93	93	0.030806427720592423	1	1	199	148	1	4	-G
barcode06_consensus_vsearch	476	G	G	343	4	1.15%	2	2	93	93	0.06195926601136401	1	1	196	147	3	1	A
barcode06_consensus_vsearch	477	G	G	350	1	0.28%	2	1	93	93	0.4999999999999138	1	1	199	151	1	0	+A
barcode06_consensus_vsearch	478	G	G	353	0	0%	2	0	93	0	1.0	1	0	200	153	0	0	
barcode06_consensus_vsearch	479	T	T	352	1	0.28%	2	1	93	93	0.4999999999999138	1	1	200	152	0	1	C
barcode06_consensus_vsearch	480	C	C	349	3	0.85%	2	2	93	93	0.12446657183497908	1	1	197	152	2	1	-T
barcode06_consensus_vsearch	481	T	T	347	2	0.57%	2	2	93	93	0.24964131994254463	1	1	197	150	1	1	C
barcode06_consensus_vsearch	482	T	T	347	3	0.85%	2	2	93	93	0.12446351931328528	1	1	196	151	1	2	C
barcode06_consensus_vsearch	483	G	G	347	2	0.57%	2	1	93	93	0.24964131994254463	1	1	195	152	2	0	A
barcode06_consensus_vsearch	484	T	T	340	6	1.71%	2	2	93	93	0.015287293785191516	1	1	193	147	3	3	-A
barcode06_consensus_vsearch	485	A	A	345	0	0%	2	0	93	0	1.0	1	0	196	149	0	0	
barcode06_consensus_vsearch	486	A	A	347	4	1.13%	2	2	93	93	0.06196543258251349	1	1	195	152	3	1	G
barcode06_consensus_vsearch	487	T	T	347	3	0.85%	2	1	93	93	0.12446351931328528	1	1	196	151	3	0	G
barcode06_consensus_vsearch	488	T	T	346	5	1.42%	2	2	93	93	0.03080516490845092	1	1	197	149	1	4	-G
barcode06_consensus_vsearch	489	G	G	347	1	0.29%	2	1	93	93	0.4999999999999138	1	1	198	149	1	0	A
barcode06_consensus_vsearch	490	G	G	352	1	0.28%	2	1	93	93	0.4999999999999138	1	1	199	153	1	0	-AA
barcode06_consensus_vsearch	491	A	A	349	3	0.85%	2	2	93	93	0.12446657183497908	1	1	197	152	2	1	G
barcode06_consensus_vsearch	492	A	A	352	0	0%	2	0	93	0	1.0	1	0	199	153	0	0	
barcode06_consensus_vsearch	493	T	*/+A	342	8	2.27%	2	1	93	93	0.0037514553409778158	1	1	189	153	8	0	+A
barcode06_consensus_vsearch	494	G	G	339	5	1.42%	2	1	93	93	0.030796119805779988	1	1	186	153	5	0	-A
barcode06_consensus_vsearch	495	A	A	340	4	1.15%	2	2	93	93	0.06195454690339171	1	1	189	151	2	2	G
barcode06_consensus_vsearch	496	G	G	341	4	1.14%	2	1	93	93	0.06195612906494713	1	1	190	151	4	0	T
barcode06_consensus_vsearch	497	T	T	348	1	0.28%	2	1	93	93	0.4999999999999138	1	1	199	149	0	1	+A
barcode06_consensus_vsearch	498	A	A	349	1	0.28%	2	1	93	93	0.4999999999999138	1	1	199	150	0	1	-CA
barcode06_consensus_vsearch	499	C	C	341	3	0.85%	2	1	93	93	0.12445414847166256	1	1	194	147	0	3	-A
barcode06_consensus_vsearch	500	A	A	347	1	0.29%	2	1	93	93	0.4999999999999138	1	1	199	148	0	1	+CA
barcode06_consensus_vsearch	501	A	A	345	2	0.57%	2	2	93	93	0.24963924963931935	1	1	198	147	1	1	-T
barcode06_consensus_vsearch	502	T	T	347	3	0.86%	2	2	93	93	0.12446351931328528	1	1	198	149	1	2	C
barcode06_consensus_vsearch	503	T	T	351	1	0.28%	2	1	93	93	0.4999999999999138	1	1	200	151	0	1	+C
barcode06_consensus_vsearch	504	T	T	344	4	1.13%	2	1	93	93	0.061960820953638154	1	1	198	146	0	4	C
barcode06_consensus_vsearch	505	A	A	349	1	0.29%	2	1	93	93	0.4999999999999138	1	1	199	150	0	1	G
barcode06_consensus_vsearch	506	A	A	352	1	0.28%	2	1	93	93	0.4999999999999138	1	1	199	153	1	0	G
barcode06_consensus_vsearch	507	A	A	348	2	0.57%	2	1	93	93	0.2496423462086995	1	1	199	149	0	2	-T
barcode06_consensus_vsearch	508	T	*/-C	325	17	4.86%	2	2	93	93	6.22294053128114E-6	1	1	184	141	11	6	-C
barcode06_consensus_vsearch	509	C	C	335	0	0%	2	0	93	0	1.0	1	0	189	146	0	0	
barcode06_consensus_vsearch	510	C	C	346	2	0.57%	2	1	93	93	0.2496402877699066	1	1	196	150	2	0	+A
barcode06_consensus_vsearch	511	C	*/+T	335	7	1.98%	2	1	93	93	0.0075740524106117915	1	1	198	137	0	7	+T
barcode06_consensus_vsearch	512	T	T	338	5	1.45%	2	1	93	93	0.03079479753340632	1	1	195	143	5	0	A
barcode06_consensus_vsearch	513	T	T	348	2	0.57%	2	2	93	93	0.2496423462086995	1	1	199	149	1	1	-A
barcode06_consensus_vsearch	514	A	A	350	0	0%	2	0	93	0	1.0	1	0	199	151	0	0	
barcode06_consensus_vsearch	515	A	A	349	1	0.28%	2	1	93	93	0.4999999999999138	1	1	199	150	0	1	+T
barcode06_consensus_vsearch	516	C	C	350	1	0.28%	2	1	93	93	0.4999999999999138	1	1	198	152	1	0	-G
barcode06_consensus_vsearch	517	G	G	351	1	0.28%	2	1	93	93	0.4999999999999138	1	1	198	153	1	0	+A
barcode06_consensus_vsearch	518	A	A	347	4	1.13%	2	2	93	93	0.06196543258251349	1	1	196	151	3	1	+G
barcode06_consensus_vsearch	519	G	G	350	1	0.28%	2	1	93	93	0.4999999999999138	1	1	198	152	1	0	A
barcode06_consensus_vsearch	520	G	G	350	1	0.28%	2	1	93	93	0.4999999999999138	1	1	198	152	0	1	+A
barcode06_consensus_vsearch	521	A	A	350	1	0.28%	2	1	93	93	0.4999999999999138	1	1	197	153	1	0	G
barcode06_consensus_vsearch	522	A	A	349	3	0.85%	2	2	93	93	0.12446657183497908	1	1	198	151	1	2	G
barcode06_consensus_vsearch	523	C	C	347	3	0.85%	2	1	93	93	0.12446351931328528	1	1	195	152	3	0	+G
barcode06_consensus_vsearch	524	A	A	346	4	1.14%	2	2	93	93	0.06196390416311995	1	1	196	150	2	2	G
barcode06_consensus_vsearch	525	A	A	347	3	0.85%	2	2	93	93	0.12446351931328528	1	1	196	151	2	1	G
barcode06_consensus_vsearch	526	T	T	347	3	0.85%	2	2	93	93	0.12446351931328528	1	1	196	151	1	2	C
barcode06_consensus_vsearch	527	T	*/-G	321	28	7.93%	2	1	93	93	2.119602553797745E-9	1	1	197	124	0	28	-G
barcode06_consensus_vsearch	528	G	G	322	1	0.31%	2	1	93	93	0.4999999999999138	1	1	200	122	0	1	+A
barcode06_consensus_vsearch	529	G	G	349	1	0.28%	2	1	93	93	0.4999999999999138	1	1	198	151	1	0	-AG
barcode06_consensus_vsearch	530	A	*/+G	332	7	2%	2	1	93	93	0.007571954906961894	1	1	186	146	7	0	+G
barcode06_consensus_vsearch	531	G	G	341	2	0.58%	2	1	93	93	0.24963503649639607	1	1	195	146	0	2	+T
barcode06_consensus_vsearch	532	G	*/+A	335	8	2.29%	2	1	93	93	0.0037483266674446895	1	1	186	149	8	0	+A
barcode06_consensus_vsearch	533	G	G	346	2	0.57%	2	1	93	93	0.2496402877699066	1	1	196	150	0	2	-CA
barcode06_consensus_vsearch	534	C	C	336	6	1.72%	2	2	93	93	0.015283355757130674	1	1	191	145	4	2	+A
barcode06_consensus_vsearch	535	A	A	344	1	0.29%	2	1	93	93	0.4999999999999138	1	1	196	148	1	0	+G
barcode06_consensus_vsearch	536	A	A	344	3	0.85%	2	1	93	93	0.12445887445888035	1	1	197	147	0	3	T
barcode06_consensus_vsearch	537	G	G	346	3	0.85%	2	1	93	93	0.12446197991394273	1	1	196	150	3	0	A
barcode06_consensus_vsearch	538	T	T	346	4	1.13%	2	2	93	93	0.06196390416311995	1	1	197	149	2	2	C
barcode06_consensus_vsearch	539	C	C	346	2	0.57%	2	1	93	93	0.2496402877699066	1	1	200	146	0	2	+T
barcode06_consensus_vsearch	540	T	*/-G	341	7	1.99%	2	1	93	93	0.007578139567014644	1	1	198	143	0	7	-G
barcode06_consensus_vsearch	541	G	G	340	1	0.29%	2	1	93	93	0.4999999999999138	1	1	196	144	0	1	+A
barcode06_consensus_vsearch	542	G	G	348	2	0.57%	2	1	93	93	0.2496423462086995	1	1	198	150	2	0	T
barcode06_consensus_vsearch	543	T	T	342	5	1.42%	2	1	93	93	0.03080004093026935	1	1	200	142	0	5	C
barcode06_consensus_vsearch	544	G	G	347	2	0.57%	2	1	93	93	0.24964131994254463	1	1	198	149	2	0	+C
barcode06_consensus_vsearch	545	C	C	347	2	0.57%	2	2	93	93	0.24964131994254463	1	1	199	148	1	1	T
barcode06_consensus_vsearch	546	C	C	351	1	0.28%	2	1	93	93	0.4999999999999138	1	1	199	152	1	0	+A
barcode06_consensus_vsearch	547	A	A	347	2	0.57%	2	1	93	93	0.24964131994254463	1	1	196	151	0	2	-G
barcode06_consensus_vsearch	548	G	G	345	4	1.15%	2	1	93	93	0.061962366978748344	1	1	194	151	4	0	A
barcode06_consensus_vsearch	549	C	C	344	2	0.57%	2	1	93	93	0.2496382054993181	1	1	192	152	2	0	-A
barcode06_consensus_vsearch	550	A	A	345	2	0.57%	2	2	93	93	0.24963924963931935	1	1	193	152	1	1	G
barcode06_consensus_vsearch	551	G	G	337	5	1.43%	2	1	93	93	0.030793467534351974	1	1	184	153	5	0	+C
barcode06_consensus_vsearch	552	C	C	343	1	0.29%	2	1	93	93	0.4999999999999138	1	1	190	153	1	0	+T
barcode06_consensus_vsearch	553	C	C	348	3	0.85%	2	1	93	93	0.12446504992864586	1	1	196	152	3	0	+T
barcode06_consensus_vsearch	554	G	G	344	6	1.7%	2	1	93	93	0.015291142065558237	1	1	193	151	6	0	A
barcode06_consensus_vsearch	555	C	C	340	3	0.86%	2	1	93	93	0.12445255474455591	1	1	189	151	3	0	+T
barcode06_consensus_vsearch	556	G	G	342	6	1.71%	2	1	93	93	0.015289228950998206	1	1	191	151	6	0	A
barcode06_consensus_vsearch	557	G	G	343	4	1.14%	2	1	93	93	0.06195926601136401	1	1	192	151	4	0	A
barcode06_consensus_vsearch	558	T	*/-A	340	8	2.27%	2	1	93	93	0.0037505741543597316	1	1	188	152	8	0	-A
barcode06_consensus_vsearch	559	A	A	343	1	0.29%	2	1	93	93	0.4999999999999138	1	1	191	152	1	0	G
barcode06_consensus_vsearch	560	A	A	351	1	0.28%	2	1	93	93	0.4999999999999138	1	1	200	151	0	1	-T
barcode06_consensus_vsearch	561	T	T	349	2	0.57%	2	1	93	93	0.24964336661915734	1	1	198	151	2	0	C
barcode06_consensus_vsearch	562	T	*/-C	341	10	2.84%	2	2	93	93	9.151196338188781E-4	1	1	191	150	9	1	-C
barcode06_consensus_vsearch	563	C	C	342	0	0%	2	0	93	0	1.0	1	0	191	151	0	0	
barcode06_consensus_vsearch	564	C	C	352	1	0.28%	2	1	93	93	0.4999999999999138	1	1	199	153	1	0	T
barcode06_consensus_vsearch	565	A	A	348	5	1.42%	2	2	93	93	0.030807683383255846	1	1	196	152	4	1	G
barcode06_consensus_vsearch	566	G	G	349	3	0.85%	2	2	93	93	0.12446657183497908	1	1	198	151	2	1	A
barcode06_consensus_vsearch	567	C	C	349	2	0.57%	2	1	93	93	0.24964336661915734	1	1	200	149	0	2	-T
barcode06_consensus_vsearch	568	T	*/-C	337	13	3.7%	2	1	93	93	1.0897695997386058E-4	1	1	186	151	13	0	-C
barcode06_consensus_vsearch	569	C	C	339	1	0.29%	2	1	93	93	0.5000000000003686	1	1	186	153	1	0	+T
barcode06_consensus_vsearch	570	C	C	347	3	0.85%	2	2	93	93	0.12446351931328528	1	1	198	149	1	2	-A
barcode06_consensus_vsearch	571	A	A	346	1	0.29%	2	1	93	93	0.4999999999999138	1	1	196	150	1	0	+G
barcode06_consensus_vsearch	572	A	A	348	1	0.28%	2	1	93	93	0.4999999999999138	1	1	196	152	0	1	+G
barcode06_consensus_vsearch	573	T	*/+A	338	8	2.28%	2	1	93	93	0.0037496828790229684	1	1	187	151	8	0	+A
barcode06_consensus_vsearch	574	A	A	343	5	1.42%	2	2	93	93	0.030801332959592774	1	1	192	151	4	1	G
barcode06_consensus_vsearch	575	G	G	349	1	0.28%	2	1	93	93	0.4999999999999138	1	1	198	151	1	0	+A
barcode06_consensus_vsearch	576	C	C	349	1	0.28%	2	1	93	93	0.4999999999999138	1	1	198	151	1	0	+G
barcode06_consensus_vsearch	577	G	G	348	1	0.28%	2	1	93	93	0.4999999999999138	1	1	198	150	1	0	+C
barcode06_consensus_vsearch	578	T	T	351	1	0.28%	2	1	93	93	0.4999999999999138	1	1	200	151	0	1	C
barcode06_consensus_vsearch	579	A	A	348	3	0.85%	2	2	93	93	0.12446504992864586	1	1	197	151	1	2	G
barcode06_consensus_vsearch	580	T	T	350	3	0.85%	2	2	93	93	0.12446808510622623	1	1	198	152	2	1	C
barcode06_consensus_vsearch	581	A	A	348	3	0.85%	2	1	93	93	0.12446504992864586	1	1	198	150	0	3	-T
barcode06_consensus_vsearch	582	T	T	347	2	0.57%	2	2	93	93	0.24964131994254463	1	1	198	149	1	1	C
barcode06_consensus_vsearch	583	T	T	340	4	1.13%	2	1	93	93	0.06195454690339171	1	1	193	147	4	0	+A
barcode06_consensus_vsearch	584	A	A	350	1	0.28%	2	1	93	93	0.4999999999999138	1	1	199	151	1	0	+CA
barcode06_consensus_vsearch	585	A	A	350	1	0.28%	2	1	93	93	0.4999999999999138	1	1	200	150	0	1	G
barcode06_consensus_vsearch	586	A	A	349	3	0.85%	2	2	93	93	0.12446657183497908	1	1	198	151	2	1	G
barcode06_consensus_vsearch	587	G	G	348	1	0.28%	2	1	93	93	0.4999999999999138	1	1	197	151	1	0	+AAG
barcode06_consensus_vsearch	588	T	T	349	3	0.85%	2	1	93	93	0.12446657183497908	1	1	199	150	0	3	C
barcode06_consensus_vsearch	589	T	T	351	1	0.28%	2	1	93	93	0.4999999999999138	1	1	199	152	1	0	+A
barcode06_consensus_vsearch	590	G	G	352	1	0.28%	2	1	93	93	0.4999999999999138	1	1	199	153	1	0	T
barcode06_consensus_vsearch	591	T	T	346	5	1.42%	2	2	93	93	0.03080516490845092	1	1	197	149	1	4	C
barcode06_consensus_vsearch	592	T	T	350	1	0.28%	2	1	93	93	0.4999999999999138	1	1	200	150	0	1	+G
barcode06_consensus_vsearch	593	G	G	348	3	0.85%	2	1	93	93	0.12446504992864586	1	1	197	151	3	0	+C
barcode06_consensus_vsearch	594	C	C	347	3	0.85%	2	1	93	93	0.12446351931328528	1	1	200	147	0	3	T
barcode06_consensus_vsearch	595	A	A	345	5	1.42%	2	2	93	93	0.030803894885687386	1	1	196	149	3	2	G
barcode06_consensus_vsearch	596	G	G	345	2	0.57%	2	2	93	93	0.24963924963931935	1	1	197	148	1	1	-T
barcode06_consensus_vsearch	597	T	T	341	6	1.72%	2	2	93	93	0.015288264148254961	1	1	196	145	3	3	C
barcode06_consensus_vsearch	598	T	*/-A	276	42	12%	2	2	93	93	5.336428070237119E-14	1	1	156	120	21	21	-A
barcode06_consensus_vsearch	599	A	A	299	2	0.66%	2	2	93	93	0.24958402662239232	1	1	173	126	1	1	G
barcode06_consensus_vsearch	600	A	A	342	2	0.58%	2	1	93	93	0.24963609898113429	1	1	193	149	0	2	C
barcode06_consensus_vsearch	601	A	A	352	1	0.28%	2	1	93	93	0.4999999999999138	1	1	200	152	0	1	G
barcode06_consensus_vsearch	602	A	A	351	2	0.57%	2	2	93	93	0.24964539007068368	1	1	199	152	1	1	G
barcode06_consensus_vsearch	603	A	A	349	2	0.57%	2	1	93	93	0.24964336661915734	1	1	197	152	2	0	-G
barcode06_consensus_vsearch	604	G	*/+C	338	8	2.29%	2	1	93	93	0.0037496828790229684	1	1	198	140	0	8	+C
barcode06_consensus_vsearch	605	C	C	348	1	0.29%	2	1	93	93	0.4999999999999138	1	1	198	150	1	0	-T
barcode06_consensus_vsearch	606	T	*/-C	343	8	2.28%	2	1	93	93	0.0037518922043892396	1	1	198	145	0	8	-C
barcode06_consensus_vsearch	607	C	C	333	6	1.74%	2	1	93	93	0.015280341433861528	1	1	193	140	6	0	+AT
barcode06_consensus_vsearch	608	G	G	346	4	1.14%	2	2	93	93	0.06196390416311995	1	1	197	149	3	1	A
barcode06_consensus_vsearch	609	T	T	342	3	0.85%	2	2	93	93	0.12445573294627689	1	1	198	144	1	2	C
barcode06_consensus_vsearch	610	A	A	345	5	1.43%	2	2	93	93	0.030803894885687386	1	1	196	149	3	2	G
barcode06_consensus_vsearch	611	G	G	348	2	0.57%	2	1	93	93	0.2496423462086995	1	1	198	150	0	2	+C
barcode06_consensus_vsearch	612	T	T	347	5	1.42%	2	1	93	93	0.030806427720592423	1	1	200	147	0	5	C
barcode06_consensus_vsearch	613	T	T	341	4	1.14%	2	2	93	93	0.06195612906494713	1	1	197	144	1	3	C
barcode06_consensus_vsearch	614	G	G	349	1	0.28%	2	1	93	93	0.4999999999999138	1	1	199	150	0	1	-A
barcode06_consensus_vsearch	615	A	A	351	1	0.28%	2	1	93	93	0.4999999999999138	1	1	199	152	1	0	G
barcode06_consensus_vsearch	616	A	A	348	2	0.57%	2	1	93	93	0.2496423462086995	1	1	197	151	0	2	+C
barcode06_consensus_vsearch	617	C	C	349	3	0.85%	2	2	93	93	0.12446657183497908	1	1	198	151	1	2	+T
barcode06_consensus_vsearch	618	C	*/-T	325	22	6.23%	2	1	93	93	1.690974413049185E-7	1	1	198	127	0	22	-T
barcode06_consensus_vsearch	619	T	T	327	1	0.3%	2	1	93	93	0.4999999999999138	1	1	198	129	0	1	A
barcode06_consensus_vsearch	620	T	T	342	4	1.14%	2	1	93	93	0.06195770207455419	1	1	196	146	0	4	-G
barcode06_consensus_vsearch	621	G	G	345	2	0.57%	2	1	93	93	0.24963924963931935	1	1	198	147	2	0	A
barcode06_consensus_vsearch	622	G	G	350	1	0.28%	2	1	93	93	0.4999999999999138	1	1	198	152	1	0	+A
barcode06_consensus_vsearch	623	G	*/-C	341	8	2.27%	2	2	93	93	0.0037510159980200415	1	1	190	151	7	1	-C
barcode06_consensus_vsearch	624	C	C	343	1	0.29%	2	1	93	93	0.4999999999999138	1	1	192	151	1	0	T
barcode06_consensus_vsearch	625	C	C	348	4	1.14%	2	2	93	93	0.06196695231151725	1	1	198	150	2	2	-T
barcode06_consensus_vsearch	626	T	T	337	6	1.72%	2	2	93	93	0.015284348849175712	1	1	193	144	2	4	-G
barcode06_consensus_vsearch	627	G	G	341	2	0.58%	2	1	93	93	0.24963503649639607	1	1	195	146	2	0	A
barcode06_consensus_vsearch	628	G	G	348	2	0.57%	2	2	93	93	0.2496423462086995	1	1	199	149	1	1	-C
barcode06_consensus_vsearch	629	C	C	338	6	1.71%	2	2	93	93	0.01528533618469065	1	1	194	144	2	4	T
barcode06_consensus_vsearch	630	T	T	341	2	0.58%	2	2	93	93	0.24963503649639607	1	1	196	145	1	1	-G
barcode06_consensus_vsearch	631	G	G	342	1	0.29%	2	1	93	93	0.5000000000003686	1	1	196	146	1	0	+A
barcode06_consensus_vsearch	632	G	G	337	2	0.57%	2	2	93	93	0.24963072378129092	1	1	192	145	1	1	+C
barcode06_consensus_vsearch	633	C	C	341	2	0.58%	2	1	93	93	0.24963503649639607	1	1	195	146	0	2	T
barcode06_consensus_vsearch	634	C	C	346	3	0.86%	2	2	93	93	0.12446197991394273	1	1	197	149	1	2	T
barcode06_consensus_vsearch	635	G	G	346	2	0.57%	2	1	93	93	0.2496402877699066	1	1	196	150	2	0	+A
barcode06_consensus_vsearch	636	G	G	350	1	0.28%	2	1	93	93	0.4999999999999138	1	1	199	151	0	1	A
barcode06_consensus_vsearch	637	T	T	351	1	0.28%	2	1	93	93	0.4999999999999138	1	1	199	152	1	0	-C
barcode06_consensus_vsearch	638	C	C	350	1	0.28%	2	1	93	93	0.4999999999999138	1	1	198	152	0	1	+T
barcode06_consensus_vsearch	639	C	C	343	2	0.57%	2	1	93	93	0.24963715529753122	1	1	194	149	2	0	+AC
barcode06_consensus_vsearch	640	G	*/-C	320	20	5.7%	2	2	93	93	7.152411456984059E-7	1	1	191	129	3	17	-C
barcode06_consensus_vsearch	641	C	C	319	5	1.51%	2	2	93	93	0.030768124797811377	1	1	190	129	2	3	+T
barcode06_consensus_vsearch	642	C	C	348	3	0.85%	2	2	93	93	0.12446504992864586	1	1	198	150	2	1	T
barcode06_consensus_vsearch	643	T	T	344	3	0.85%	2	2	93	93	0.12445887445888035	1	1	195	149	1	2	C
barcode06_consensus_vsearch	644	C	C	346	2	0.57%	2	1	93	93	0.2496402877699066	1	1	195	151	2	0	-AC
barcode06_consensus_vsearch	645	A	A	344	4	1.15%	2	2	93	93	0.061960820953638154	1	1	192	152	3	1	-C
barcode06_consensus_vsearch	646	C	C	345	1	0.29%	2	1	93	93	0.4999999999999138	1	1	194	151	0	1	A
barcode06_consensus_vsearch	647	C	Y	336	11	3.12%	2	2	93	93	4.5052802251597764E-4	1	1	196	140	2	9	T
barcode06_consensus_vsearch	648	G	G	346	5	1.42%	2	1	93	93	0.03080516490845092	1	1	193	153	5	0	A
barcode06_consensus_vsearch	649	C	C	345	4	1.14%	2	2	93	93	0.061962366978748344	1	1	196	149	1	3	T
barcode06_consensus_vsearch	650	G	*/-TG	336	9	2.56%	2	1	93	93	0.001852627063167724	1	1	193	143	0	9	-TG
barcode06_consensus_vsearch	651	T	T	335	5	1.46%	2	2	93	93	0.030790784083803185	1	1	194	141	3	2	-GC
barcode06_consensus_vsearch	652	G	G	336	1	0.3%	2	1	93	93	0.4999999999999138	1	1	196	140	0	1	-C
barcode06_consensus_vsearch	653	C	C	341	3	0.86%	2	2	93	93	0.12445414847166256	1	1	194	147	2	1	-AC
barcode06_consensus_vsearch	654	A	A	349	0	0%	2	0	93	0	1.0	1	0	198	151	0	0	
barcode06_consensus_vsearch	655	C	C	348	1	0.29%	2	1	93	93	0.4999999999999138	1	1	198	150	0	1	-T
barcode06_consensus_vsearch	656	T	T	345	3	0.85%	2	1	93	93	0.12446043165476364	1	1	199	146	0	3	-G
barcode06_consensus_vsearch	657	G	G	348	2	0.57%	2	2	93	93	0.2496423462086995	1	1	199	149	1	1	A
barcode06_consensus_vsearch	658	G	G	349	3	0.85%	2	1	93	93	0.12446657183497908	1	1	196	153	3	0	+T
barcode06_consensus_vsearch	659	T	T	347	2	0.57%	2	1	93	93	0.24964131994254463	1	1	198	149	0	2	+C
barcode06_consensus_vsearch	660	T	T	347	2	0.57%	2	1	93	93	0.24964131994254463	1	1	197	150	0	2	-C
barcode06_consensus_vsearch	661	C	C	343	5	1.43%	2	2	93	93	0.030801332959592774	1	1	197	146	1	4	-G
barcode06_consensus_vsearch	662	G	G	340	6	1.73%	2	2	93	93	0.015287293785191516	1	1	192	148	5	1	A
barcode06_consensus_vsearch	663	G	G	343	5	1.42%	2	1	93	93	0.030801332959592774	1	1	190	153	5	0	-C
barcode06_consensus_vsearch	664	C	C	346	1	0.29%	2	1	93	93	0.4999999999999138	1	1	193	153	1	0	A
barcode06_consensus_vsearch	665	C	C	344	4	1.13%	2	1	93	93	0.061960820953638154	1	1	200	144	0	4	+G
barcode06_consensus_vsearch	666	G	R	338	11	3.14%	2	1	93	93	4.5073902379692165E-4	1	1	188	150	11	0	A
barcode06_consensus_vsearch	667	G	G	347	2	0.57%	2	2	93	93	0.24964131994254463	1	1	197	150	1	1	+A
barcode06_consensus_vsearch	668	G	G	346	2	0.57%	2	2	93	93	0.2496402877699066	1	1	196	150	1	1	-C
barcode06_consensus_vsearch	669	C	C	348	2	0.57%	2	2	93	93	0.2496423462086995	1	1	197	151	1	1	A
barcode06_consensus_vsearch	670	C	*/-T	323	20	5.67%	2	2	93	93	7.170965297768448E-7	1	1	189	134	5	15	-T
barcode06_consensus_vsearch	671	T	T	326	2	0.61%	2	1	93	93	0.24961832061075181	1	1	192	134	0	2	C
barcode06_consensus_vsearch	672	T	T	344	2	0.57%	2	1	93	93	0.2496382054993181	1	1	194	150	2	0	C
barcode06_consensus_vsearch	673	T	*/-C	281	46	13.18%	2	2	93	93	2.589630021144175E-15	1	1	175	106	16	30	-C
barcode06_consensus_vsearch	674	C	C	295	4	1.33%	2	1	93	93	0.06187238714579717	1	1	179	116	0	4	T
barcode06_consensus_vsearch	675	C	C	346	1	0.29%	2	1	93	93	0.4999999999999138	1	1	196	150	1	0	+A
barcode06_consensus_vsearch	676	C	C	344	6	1.71%	2	2	93	93	0.015291142065558237	1	1	195	149	3	3	-T
barcode06_consensus_vsearch	677	T	T	339	4	1.16%	2	1	93	93	0.06195295550973475	1	1	189	150	4	0	-CT
barcode06_consensus_vsearch	678	C	C	341	3	0.86%	2	1	93	93	0.12445414847166256	1	1	190	151	3	0	-T
barcode06_consensus_vsearch	679	T	*/-G	253	53	15.5%	2	2	93	93	9.423372901312978E-18	1	1	153	100	14	39	-G
barcode06_consensus_vsearch	680	G	G	282	4	1.38%	2	1	93	93	0.06184383454555418	1	1	172	110	4	0	A
barcode06_consensus_vsearch	681	G	G	341	3	0.87%	2	1	93	93	0.12445414847166256	1	1	192	149	3	0	A
barcode06_consensus_vsearch	682	G	G	344	3	0.86%	2	1	93	93	0.12445887445888035	1	1	194	150	3	0	A
barcode06_consensus_vsearch	683	G	G	345	2	0.57%	2	1	93	93	0.24963924963931935	1	1	198	147	2	0	A
barcode06_consensus_vsearch	684	A	A	346	2	0.57%	2	1	93	93	0.2496402877699066	1	1	195	151	2	0	C
barcode06_consensus_vsearch	685	A	A	342	5	1.42%	2	2	93	93	0.03080004093026935	1	1	192	150	4	1	-C
barcode06_consensus_vsearch	686	C	C	340	2	0.58%	2	1	93	93	0.24963396778913263	1	1	193	147	0	2	A
barcode06_consensus_vsearch	687	C	Y	332	15	4.27%	2	1	93	93	2.6147820246688997E-5	1	1	196	136	0	15	T
barcode06_consensus_vsearch	688	G	G	344	3	0.86%	2	1	93	93	0.12445887445888035	1	1	191	153	3	0	A
barcode06_consensus_vsearch	689	C	C	345	4	1.14%	2	2	93	93	0.061962366978748344	1	1	196	149	1	3	T
barcode06_consensus_vsearch	690	A	A	340	6	1.7%	2	2	93	93	0.015287293785191516	1	1	192	148	4	2	G
barcode06_consensus_vsearch	691	T	T	346	5	1.42%	2	2	93	93	0.03080516490845092	1	1	199	147	1	4	C
barcode06_consensus_vsearch	692	G	*/-C	334	7	1.99%	2	2	93	93	0.007573357318712367	1	1	190	144	3	4	-C
barcode06_consensus_vsearch	693	C	C	340	2	0.58%	2	1	93	93	0.24963396778913263	1	1	195	145	0	2	+T
barcode06_consensus_vsearch	694	C	C	349	3	0.85%	2	1	93	93	0.12446657183497908	1	1	199	150	0	3	T
barcode06_consensus_vsearch	695	C	C	348	4	1.13%	2	1	93	93	0.06196695231151725	1	1	199	149	0	4	-T
barcode06_consensus_vsearch	696	T	T	344	4	1.15%	2	2	93	93	0.061960820953638154	1	1	198	146	2	2	C
barcode06_consensus_vsearch	697	T	T	352	1	0.28%	2	1	93	93	0.4999999999999138	1	1	200	152	0	1	C
barcode06_consensus_vsearch	698	C	C	346	3	0.85%	2	1	93	93	0.12446197991394273	1	1	196	150	0	3	+T
barcode06_consensus_vsearch	699	A	A	350	0	0%	2	0	93	0	1.0	1	0	197	153	0	0	
barcode06_consensus_vsearch	700	C	C	348	1	0.29%	2	1	93	93	0.4999999999999138	1	1	196	152	0	1	+T
barcode06_consensus_vsearch	701	T	T	344	3	0.85%	2	2	93	93	0.12445887445888035	1	1	197	147	1	2	C
barcode06_consensus_vsearch	702	G	G	350	1	0.28%	2	1	93	93	0.4999999999999138	1	1	199	151	0	1	C
barcode06_consensus_vsearch	703	G	S	342	7	1.99%	2	1	93	93	0.0075788071772909795	1	1	197	145	0	7	C
barcode06_consensus_vsearch	704	G	G	351	1	0.28%	2	1	93	93	0.4999999999999138	1	1	199	152	1	0	T
barcode06_consensus_vsearch	705	T	T	349	2	0.57%	2	2	93	93	0.24964336661915734	1	1	198	151	1	1	C
barcode06_consensus_vsearch	706	G	G	351	1	0.28%	2	1	93	93	0.4999999999999138	1	1	200	151	0	1	A
barcode06_consensus_vsearch	707	T	*/-GT	329	16	4.55%	2	2	93	93	1.2771684330162773E-5	1	1	192	137	8	8	-GT
barcode06_consensus_vsearch	708	G	G	335	1	0.3%	2	1	93	93	0.4999999999999138	1	1	192	143	0	1	+CG
barcode06_consensus_vsearch	709	T	T	330	3	0.89%	2	1	93	93	0.12443609022563339	1	1	190	140	0	3	-C
barcode06_consensus_vsearch	710	C	*/-G	321	17	4.86%	2	2	93	93	6.207574730061025E-6	1	1	183	138	11	6	-G
barcode06_consensus_vsearch	711	G	R	319	13	3.87%	2	1	93	93	1.0829578482007906E-4	1	1	174	145	13	0	A
barcode06_consensus_vsearch	712	G	G	349	2	0.57%	2	1	93	93	0.24964336661915734	1	1	197	152	2	0	A
barcode06_consensus_vsearch	713	G	R	345	7	1.98%	2	2	93	93	0.007580787381458834	1	1	194	151	6	1	A
barcode06_consensus_vsearch	714	G	G	344	6	1.7%	2	1	93	93	0.015291142065558237	1	1	194	150	6	0	-A
barcode06_consensus_vsearch	715	A	A	346	1	0.29%	2	1	93	93	0.4999999999999138	1	1	194	152	0	1	T
barcode06_consensus_vsearch	716	A	*/-C	342	7	1.98%	2	1	93	93	0.0075788071772909795	1	1	190	152	7	0	-C
barcode06_consensus_vsearch	717	C	C	344	2	0.58%	2	1	93	93	0.2496382054993181	1	1	191	153	2	0	G
barcode06_consensus_vsearch	718	C	*/+A	335	8	2.27%	2	1	93	93	0.0037483266674446895	1	1	185	150	8	0	+A
barcode06_consensus_vsearch	719	A	*/-G	333	9	2.59%	2	2	93	93	0.001851757938835181	1	1	192	141	1	8	-G
barcode06_consensus_vsearch	720	G	G	341	3	0.87%	2	1	93	93	0.12445414847166256	1	1	199	142	0	3	+T
barcode06_consensus_vsearch	721	G	G	352	1	0.28%	2	1	93	93	0.4999999999999138	1	1	199	153	1	0	-A
barcode06_consensus_vsearch	722	A	A	351	1	0.28%	2	1	93	93	0.4999999999999138	1	1	198	153	1	0	G
barcode06_consensus_vsearch	723	C	*/-T	305	35	9.92%	2	2	93	93	1.1572886823835902E-11	1	1	176	129	16	19	-T
barcode06_consensus_vsearch	724	T	T	315	1	0.32%	2	1	93	93	0.4999999999999138	1	1	182	133	1	0	G
barcode06_consensus_vsearch	725	T	T	347	2	0.57%	2	1	93	93	0.24964131994254463	1	1	199	148	0	2	+C
barcode06_consensus_vsearch	726	T	T	348	2	0.57%	2	1	93	93	0.2496423462086995	1	1	195	153	2	0	C
barcode06_consensus_vsearch	727	T	T	349	1	0.28%	2	1	93	93	0.4999999999999138	1	1	197	152	0	1	+GT
barcode06_consensus_vsearch	728	A	A	347	3	0.85%	2	1	93	93	0.12446351931328528	1	1	196	151	3	0	+C
barcode06_consensus_vsearch	729	C	C	347	2	0.57%	2	1	93	93	0.24964131994254463	1	1	196	151	2	0	T
barcode06_consensus_vsearch	730	T	*/+A	319	28	7.95%	2	1	93	93	2.1124371765358425E-9	1	1	168	151	28	0	+A
barcode06_consensus_vsearch	731	G	R	315	17	4.82%	2	1	93	93	6.183888537556362E-6	1	1	165	150	17	0	A
barcode06_consensus_vsearch	732	T	T	346	2	0.57%	2	1	93	93	0.2496402877699066	1	1	197	149	0	2	A
barcode06_consensus_vsearch	733	G	*/-A	262	37	10.57%	2	2	93	93	2.2202752001848906E-12	1	1	161	101	27	10	-A
barcode06_consensus_vsearch	734	A	A	279	1	0.36%	2	1	93	93	0.5000000000003686	1	1	170	109	1	0	+GA
barcode06_consensus_vsearch	735	A	A	318	1	0.31%	2	1	93	93	0.5000000000003686	1	1	200	118	0	1	G
barcode06_consensus_vsearch	736	A	A	348	3	0.85%	2	2	93	93	0.12446504992864586	1	1	197	151	1	2	G
barcode06_consensus_vsearch	737	A	A	349	3	0.85%	2	2	93	93	0.12446657183497908	1	1	197	152	2	1	G
barcode06_consensus_vsearch	738	A	A	351	2	0.57%	2	2	93	93	0.24964539007068368	1	1	199	152	1	1	G
barcode06_consensus_vsearch	739	A	A	352	1	0.28%	2	1	93	93	0.4999999999999138	1	1	199	153	1	0	+G
barcode06_consensus_vsearch	740	T	T	350	2	0.57%	2	2	93	93	0.2496443812233433	1	1	198	152	1	1	C
barcode06_consensus_vsearch	741	T	T	348	2	0.57%	2	2	93	93	0.2496423462086995	1	1	197	151	1	1	+C
barcode06_consensus_vsearch	742	A	*/+G	323	22	6.25%	2	2	93	93	1.6875007205206854E-7	1	1	194	129	1	21	+G
barcode06_consensus_vsearch	743	G	G	343	3	0.86%	2	1	93	93	0.124457308248865	1	1	191	152	3	0	+A
barcode06_consensus_vsearch	744	A	A	348	1	0.29%	2	1	93	93	0.4999999999999138	1	1	197	151	0	1	G
barcode06_consensus_vsearch	745	G	G	345	5	1.42%	2	2	93	93	0.030803894885687386	1	1	197	148	1	4	-T
barcode06_consensus_vsearch	746	T	T	346	2	0.57%	2	2	93	93	0.2496402877699066	1	1	198	148	1	1	C
barcode06_consensus_vsearch	747	G	G	349	1	0.28%	2	1	93	93	0.4999999999999138	1	1	197	152	1	0	+T
barcode06_consensus_vsearch	748	T	T	346	3	0.85%	2	2	93	93	0.12446197991394273	1	1	196	150	2	1	C
barcode06_consensus_vsearch	749	T	T	345	4	1.14%	2	2	93	93	0.061962366978748344	1	1	197	148	2	2	-C
barcode06_consensus_vsearch	750	C	*/+A	328	10	2.87%	2	1	93	93	9.128025855871309E-4	1	1	180	148	10	0	+A
barcode06_consensus_vsearch	751	A	A	344	1	0.29%	2	1	93	93	0.4999999999999138	1	1	194	150	0	1	G
barcode06_consensus_vsearch	752	A	A	351	1	0.28%	2	1	93	93	0.4999999999999138	1	1	199	152	1	0	G
barcode06_consensus_vsearch	753	A	A	348	2	0.57%	2	2	93	93	0.2496423462086995	1	1	196	152	1	1	G
barcode06_consensus_vsearch	754	G	G	348	4	1.14%	2	1	93	93	0.06196695231151725	1	1	195	153	4	0	A
barcode06_consensus_vsearch	755	C	C	351	1	0.28%	2	1	93	93	0.4999999999999138	1	1	199	152	0	1	+A
barcode06_consensus_vsearch	756	A	A	348	2	0.57%	2	1	93	93	0.2496423462086995	1	1	198	150	0	2	+G
barcode06_consensus_vsearch	757	G	G	352	0	0%	2	0	93	0	1.0	1	0	200	152	0	0	
barcode06_consensus_vsearch	758	G	G	350	2	0.57%	2	1	93	93	0.2496443812233433	1	1	197	153	2	0	+C
barcode06_consensus_vsearch	759	C	C	351	2	0.57%	2	2	93	93	0.24964539007068368	1	1	199	152	1	1	+T
barcode06_consensus_vsearch	760	C	C	350	1	0.28%	2	1	93	93	0.4999999999999138	1	1	199	151	0	1	+T
barcode06_consensus_vsearch	761	T	T	346	3	0.85%	2	1	93	93	0.12446197991394273	1	1	197	149	0	3	C
barcode06_consensus_vsearch	762	A	A	351	0	0%	2	0	93	0	1.0	1	0	198	153	0	0	
barcode06_consensus_vsearch	763	T	T	346	3	0.85%	2	1	93	93	0.12446197991394273	1	1	193	153	3	0	C
barcode06_consensus_vsearch	764	G	G	349	2	0.57%	2	1	93	93	0.24964336661915734	1	1	200	149	0	2	+C
barcode06_consensus_vsearch	765	C	C	352	1	0.28%	2	1	93	93	0.4999999999999138	1	1	199	153	1	0	-TC
barcode06_consensus_vsearch	766	T	T	343	4	1.14%	2	1	93	93	0.06195926601136401	1	1	194	149	4	0	+C
barcode06_consensus_vsearch	767	C	C	337	6	1.71%	2	1	93	93	0.015284348849175712	1	1	190	147	6	0	+A
barcode06_consensus_vsearch	768	G	G	346	6	1.7%	2	2	93	93	0.015293033503626699	1	1	194	152	5	1	-A
barcode06_consensus_vsearch	769	A	A	345	1	0.29%	2	1	93	93	0.4999999999999138	1	1	193	152	1	0	+G
barcode06_consensus_vsearch	770	A	A	353	0	0%	2	0	93	0	1.0	1	0	200	153	0	0	
barcode06_consensus_vsearch	771	T	T	347	2	0.57%	2	1	93	93	0.24964131994254463	1	1	198	149	0	2	C
barcode06_consensus_vsearch	772	A	A	348	2	0.57%	2	1	93	93	0.2496423462086995	1	1	196	152	2	0	G
barcode06_consensus_vsearch	773	C	C	348	1	0.28%	2	1	93	93	0.4999999999999138	1	1	196	152	1	0	+A
barcode06_consensus_vsearch	774	A	A	348	2	0.57%	2	1	93	93	0.2496423462086995	1	1	196	152	2	0	-T
barcode06_consensus_vsearch	775	T	T	343	3	0.86%	2	2	93	93	0.124457308248865	1	1	193	150	2	1	C
barcode06_consensus_vsearch	776	T	T	348	2	0.57%	2	1	93	93	0.2496423462086995	1	1	196	152	2	0	-A
barcode06_consensus_vsearch	777	A	A	344	2	0.57%	2	1	93	93	0.2496382054993181	1	1	193	151	0	2	+G
barcode06_consensus_vsearch	778	G	G	348	2	0.57%	2	2	93	93	0.2496423462086995	1	1	197	151	1	1	A
barcode06_consensus_vsearch	779	C	C	347	2	0.57%	2	1	93	93	0.24964131994254463	1	1	197	150	0	2	T
barcode06_consensus_vsearch	780	A	A	347	4	1.14%	2	2	93	93	0.06196543258251349	1	1	197	150	2	2	G
barcode06_consensus_vsearch	781	T	T	347	4	1.14%	2	2	93	93	0.06196543258251349	1	1	197	150	3	1	C
barcode06_consensus_vsearch	782	G	G	352	1	0.28%	2	1	93	93	0.4999999999999138	1	1	200	152	0	1	+TG
barcode06_consensus_vsearch	783	G	G	353	0	0%	2	0	93	0	1.0	1	0	200	153	0	0	
barcode06_consensus_vsearch	784	A	A	349	4	1.13%	2	2	93	93	0.06196846342422332	1	1	199	150	1	3	G
barcode06_consensus_vsearch	785	A	A	350	2	0.57%	2	1	93	93	0.2496443812233433	1	1	198	152	2	0	G
barcode06_consensus_vsearch	786	T	*/-AAT	344	7	1.99%	2	2	93	93	0.007580131052467943	1	1	198	146	1	6	-AAT
barcode06_consensus_vsearch	787	A	A	345	0	0%	2	0	93	0	1.0	1	0	199	146	0	0	
barcode06_consensus_vsearch	788	A	A	344	2	0.58%	2	2	93	93	0.2496382054993181	1	1	198	146	1	1	G
barcode06_consensus_vsearch	789	T	T	339	3	0.87%	2	2	93	93	0.12445095168370475	1	1	194	145	1	2	+AAT
barcode06_consensus_vsearch	790	A	A	350	1	0.28%	2	1	93	93	0.4999999999999138	1	1	198	152	0	1	+G
barcode06_consensus_vsearch	791	G	G	351	1	0.28%	2	1	93	93	0.4999999999999138	1	1	199	152	0	1	+A
barcode06_consensus_vsearch	792	A	A	351	1	0.28%	2	1	93	93	0.4999999999999138	1	1	199	152	0	1	G
barcode06_consensus_vsearch	793	A	A	350	1	0.28%	2	1	93	93	0.4999999999999138	1	1	198	152	1	0	C
barcode06_consensus_vsearch	794	T	T	350	1	0.28%	2	1	93	93	0.4999999999999138	1	1	197	153	1	0	-A
barcode06_consensus_vsearch	795	A	*/-G	329	15	4.27%	2	1	93	93	2.611184125662156E-5	1	1	196	133	0	15	-G
barcode06_consensus_vsearch	796	G	G	338	0	0%	2	0	93	0	1.0	1	0	200	138	0	0	
barcode06_consensus_vsearch	797	G	G	353	0	0%	2	0	93	0	1.0	1	0	200	153	0	0	
barcode06_consensus_vsearch	798	A	A	347	6	1.7%	2	1	93	93	0.015293971208790802	1	1	194	153	6	0	G
barcode06_consensus_vsearch	799	C	C	352	1	0.28%	2	1	93	93	0.4999999999999138	1	1	200	152	0	1	T
barcode06_consensus_vsearch	800	G	G	352	1	0.28%	2	1	93	93	0.4999999999999138	1	1	199	153	1	0	A
barcode06_consensus_vsearch	801	T	T	352	1	0.28%	2	1	93	93	0.4999999999999138	1	1	200	152	0	1	C
barcode06_consensus_vsearch	802	G	*/-TG	321	29	8.22%	2	2	93	93	1.0173485791114871E-9	1	1	197	124	2	27	-TG
barcode06_consensus_vsearch	803	T	T	320	2	0.62%	2	2	93	93	0.24961119751154615	1	1	196	124	1	1	C
barcode06_consensus_vsearch	804	G	G	320	2	0.62%	2	1	93	93	0.24961119751154615	1	1	198	122	0	2	+TG
barcode06_consensus_vsearch	805	G	G	349	3	0.85%	2	2	93	93	0.12446657183497908	1	1	199	150	1	2	A
barcode06_consensus_vsearch	806	T	T	351	1	0.28%	2	1	93	93	0.4999999999999138	1	1	200	151	0	1	C
barcode06_consensus_vsearch	807	T	T	349	2	0.57%	2	2	93	93	0.24964336661915734	1	1	199	150	1	1	+C
barcode06_consensus_vsearch	808	C	C	349	2	0.57%	2	1	93	93	0.24964336661915734	1	1	200	149	0	2	-T
barcode06_consensus_vsearch	809	T	T	349	1	0.28%	2	1	93	93	0.4999999999999138	1	1	199	150	1	0	-ATT
barcode06_consensus_vsearch	810	A	*/+T	324	15	4.26%	2	2	93	93	2.6050544236155968E-5	1	1	188	136	7	8	+T
barcode06_consensus_vsearch	811	T	T	337	2	0.59%	2	2	93	93	0.24963072378129092	1	1	194	143	1	1	C
barcode06_consensus_vsearch	812	T	T	351	1	0.28%	2	1	93	93	0.4999999999999138	1	1	198	153	1	0	C
barcode06_consensus_vsearch	813	T	T	350	2	0.57%	2	1	93	93	0.2496443812233433	1	1	200	150	0	2	+CT
barcode06_consensus_vsearch	814	T	T	350	1	0.28%	2	1	93	93	0.4999999999999138	1	1	198	152	1	0	+A
barcode06_consensus_vsearch	815	G	G	346	2	0.57%	2	2	93	93	0.2496402877699066	1	1	195	151	1	1	A
barcode06_consensus_vsearch	816	T	T	346	4	1.14%	2	1	93	93	0.06196390416311995	1	1	198	148	0	4	C
barcode06_consensus_vsearch	817	T	T	353	0	0%	2	0	93	0	1.0	1	0	200	153	0	0	
barcode06_consensus_vsearch	818	G	G	350	2	0.57%	2	1	93	93	0.2496443812233433	1	1	197	153	2	0	+TG
barcode06_consensus_vsearch	819	G	*/+T	341	8	2.27%	2	1	93	93	0.0037510159980200415	1	1	188	153	8	0	+T
barcode06_consensus_vsearch	820	T	T	346	6	1.7%	2	2	93	93	0.015293033503626699	1	1	196	150	3	3	C
barcode06_consensus_vsearch	821	T	T	350	2	0.57%	2	2	93	93	0.2496443812233433	1	1	199	151	1	1	C
barcode06_consensus_vsearch	822	T	T	350	2	0.57%	2	1	93	93	0.2496443812233433	1	1	200	150	0	2	+C
barcode06_consensus_vsearch	823	C	*/-T	327	20	5.68%	2	2	93	93	7.195262525170003E-7	1	1	196	131	3	17	-T
barcode06_consensus_vsearch	824	T	T	325	3	0.9%	2	2	93	93	0.12442748091607145	1	1	192	133	1	2	-A
barcode06_consensus_vsearch	825	A	*/-G	329	12	3.43%	2	1	93	93	2.212527302735519E-4	1	1	199	130	0	12	-G
barcode06_consensus_vsearch	826	G	G	338	3	0.88%	2	1	93	93	0.12444933920718405	1	1	200	138	0	3	+T
barcode06_consensus_vsearch	827	G	G	352	1	0.28%	2	1	93	93	0.4999999999999138	1	1	199	153	1	0	+A
barcode06_consensus_vsearch	828	A	A	352	1	0.28%	2	1	93	93	0.4999999999999138	1	1	199	153	1	0	-C
barcode06_consensus_vsearch	829	C	C	351	1	0.28%	2	1	93	93	0.4999999999999138	1	1	199	152	0	1	T
barcode06_consensus_vsearch	830	C	C	352	1	0.28%	2	1	93	93	0.4999999999999138	1	1	200	152	0	1	T
barcode06_consensus_vsearch	831	G	G	349	3	0.85%	2	2	93	93	0.12446657183497908	1	1	198	151	1	2	-CCG
barcode06_consensus_vsearch	832	C	C	347	1	0.29%	2	1	93	93	0.4999999999999138	1	1	197	150	1	0	+TAC
barcode06_consensus_vsearch	833	C	C	349	1	0.29%	2	1	93	93	0.4999999999999138	1	1	198	151	1	0	A
barcode06_consensus_vsearch	834	G	G	350	0	0%	2	0	93	0	1.0	1	0	199	151	0	0	
barcode06_consensus_vsearch	835	T	T	346	3	0.85%	2	1	93	93	0.12446197991394273	1	1	198	148	0	3	-A
barcode06_consensus_vsearch	836	A	A	349	1	0.29%	2	1	93	93	0.4999999999999138	1	1	199	150	1	0	G
barcode06_consensus_vsearch	837	A	A	353	0	0%	2	0	93	0	1.0	1	0	200	153	0	0	
barcode06_consensus_vsearch	838	T	T	348	2	0.57%	2	1	93	93	0.2496423462086995	1	1	199	149	0	2	C
barcode06_consensus_vsearch	839	G	G	347	1	0.28%	2	1	93	93	0.4999999999999138	1	1	197	150	1	0	+TAATG
barcode06_consensus_vsearch	840	A	A	347	2	0.57%	2	2	93	93	0.24964131994254463	1	1	197	150	1	1	G
barcode06_consensus_vsearch	841	T	T	348	3	0.85%	2	2	93	93	0.12446504992864586	1	1	197	151	2	1	C
barcode06_consensus_vsearch	842	T	T	347	3	0.85%	2	1	93	93	0.12446351931328528	1	1	198	149	0	3	-AAT
barcode06_consensus_vsearch	843	A	A	347	1	0.29%	2	1	93	93	0.4999999999999138	1	1	199	148	0	1	+G
barcode06_consensus_vsearch	844	A	A	342	4	1.15%	2	1	93	93	0.06195770207455419	1	1	198	144	0	4	T
barcode06_consensus_vsearch	845	T	T	342	2	0.57%	2	1	93	93	0.24963609898113429	1	1	194	148	2	0	-A
barcode06_consensus_vsearch	846	A	*/-G	316	26	7.41%	2	2	93	93	9.095412007796623E-9	1	1	195	121	2	24	-G
barcode06_consensus_vsearch	847	G	G	321	1	0.31%	2	1	93	93	0.4999999999999138	1	1	196	125	1	0	+A
barcode06_consensus_vsearch	848	G	G	349	0	0%	2	0	93	0	1.0	1	0	200	149	0	0	
barcode06_consensus_vsearch	849	G	G	349	1	0.28%	2	1	93	93	0.4999999999999138	1	1	198	151	0	1	+A
barcode06_consensus_vsearch	850	A	A	345	1	0.28%	2	1	93	93	0.4999999999999138	1	1	197	148	1	0	+CC
barcode06_consensus_vsearch	851	C	C	341	5	1.42%	2	2	93	93	0.03079874143819971	1	1	197	144	1	4	T
barcode06_consensus_vsearch	852	A	A	342	6	1.7%	2	2	93	93	0.015289228950998206	1	1	193	149	5	1	G
barcode06_consensus_vsearch	853	G	G	347	2	0.57%	2	1	93	93	0.24964131994254463	1	1	198	149	0	2	A
barcode06_consensus_vsearch	854	T	T	347	2	0.57%	2	1	93	93	0.24964131994254463	1	1	198	149	0	2	-C
barcode06_consensus_vsearch	855	C	*/-G	301	32	9.12%	2	2	93	93	1.0651359064328252E-10	1	1	174	127	19	13	-G
barcode06_consensus_vsearch	856	G	R	296	21	6.58%	2	2	93	93	3.3859790920870337E-7	1	1	160	136	19	2	A
barcode06_consensus_vsearch	857	G	R	344	7	1.99%	2	2	93	93	0.007580131052467943	1	1	193	151	6	1	A
barcode06_consensus_vsearch	858	G	G	349	2	0.57%	2	2	93	93	0.24964336661915734	1	1	198	151	1	1	A
barcode06_consensus_vsearch	859	G	G	349	2	0.57%	2	2	93	93	0.24964336661915734	1	1	198	151	1	1	+C
barcode06_consensus_vsearch	860	G	G	349	2	0.57%	2	2	93	93	0.24964336661915734	1	1	197	152	1	1	A
barcode06_consensus_vsearch	861	C	C	345	3	0.85%	2	2	93	93	0.12446043165476364	1	1	195	150	2	1	A
barcode06_consensus_vsearch	862	G	G	344	5	1.42%	2	2	93	93	0.03080261759027664	1	1	195	149	4	1	A
barcode06_consensus_vsearch	863	T	Y	343	7	2%	2	2	93	93	0.007579470995029922	1	1	199	144	1	6	C
barcode06_consensus_vsearch	864	C	C	351	1	0.28%	2	1	93	93	0.4999999999999138	1	1	198	153	1	0	+A
barcode06_consensus_vsearch	865	A	R	340	8	2.27%	2	1	93	93	0.0037505741543597316	1	1	192	148	8	0	G
barcode06_consensus_vsearch	866	G	G	347	2	0.57%	2	1	93	93	0.24964131994254463	1	1	198	149	2	0	A
barcode06_consensus_vsearch	867	T	T	349	1	0.28%	2	1	93	93	0.4999999999999138	1	1	199	150	1	0	+A
barcode06_consensus_vsearch	868	A	A	349	1	0.28%	2	1	93	93	0.4999999999999138	1	1	198	151	1	0	+T
barcode06_consensus_vsearch	869	T	T	353	0	0%	2	0	93	0	1.0	1	0	200	153	0	0	
barcode06_consensus_vsearch	870	T	T	346	4	1.13%	2	2	93	93	0.06196390416311995	1	1	195	151	3	1	+C
barcode06_consensus_vsearch	871	C	C	352	1	0.28%	2	1	93	93	0.4999999999999138	1	1	199	153	1	0	+TCC
barcode06_consensus_vsearch	872	C	C	351	1	0.28%	2	1	93	93	0.4999999999999138	1	1	199	152	0	1	-G
barcode06_consensus_vsearch	873	G	G	348	3	0.85%	2	2	93	93	0.12446504992864586	1	1	198	150	2	1	A
barcode06_consensus_vsearch	874	T	T	351	1	0.28%	2	1	93	93	0.4999999999999138	1	1	200	151	0	1	A
barcode06_consensus_vsearch	875	T	T	353	0	0%	2	0	93	0	1.0	1	0	200	153	0	0	
barcode06_consensus_vsearch	876	G	G	351	1	0.28%	2	1	93	93	0.4999999999999138	1	1	199	152	0	1	+T
barcode06_consensus_vsearch	877	T	T	350	1	0.28%	2	1	93	93	0.4999999999999138	1	1	198	152	1	0	-CA
barcode06_consensus_vsearch	878	C	C	345	2	0.57%	2	1	93	93	0.24963924963931935	1	1	194	151	2	0	+A
barcode06_consensus_vsearch	879	A	A	344	4	1.15%	2	1	93	93	0.061960820953638154	1	1	192	152	4	0	G
barcode06_consensus_vsearch	880	G	G	350	1	0.28%	2	1	93	93	0.4999999999999138	1	1	198	152	1	0	-AG
barcode06_consensus_vsearch	881	A	A	342	5	1.42%	2	1	93	93	0.03080004093026935	1	1	189	153	5	0	G
barcode06_consensus_vsearch	882	G	G	345	2	0.57%	2	1	93	93	0.24963924963931935	1	1	192	153	2	0	+AG
barcode06_consensus_vsearch	883	G	G	351	1	0.28%	2	1	93	93	0.4999999999999138	1	1	198	153	1	0	A
barcode06_consensus_vsearch	884	T	T	348	2	0.57%	2	2	93	93	0.2496423462086995	1	1	196	152	1	1	+G
barcode06_consensus_vsearch	885	G	G	346	3	0.85%	2	1	93	93	0.12446197991394273	1	1	193	153	3	0	-A
barcode06_consensus_vsearch	886	A	A	344	3	0.86%	2	1	93	93	0.12445887445888035	1	1	192	152	3	0	G
barcode06_consensus_vsearch	887	A	A	346	2	0.57%	2	1	93	93	0.2496402877699066	1	1	194	152	2	0	G
barcode06_consensus_vsearch	888	A	A	348	2	0.57%	2	1	93	93	0.2496423462086995	1	1	197	151	0	2	+T
barcode06_consensus_vsearch	889	T	T	351	1	0.28%	2	1	93	93	0.4999999999999138	1	1	198	153	1	0	G
barcode06_consensus_vsearch	890	T	T	340	4	1.14%	2	1	93	93	0.06195454690339171	1	1	193	147	0	4	-C
barcode06_consensus_vsearch	891	C	*/-T	336	7	2.01%	2	2	93	93	0.007574743473790617	1	1	197	139	1	6	-T
barcode06_consensus_vsearch	892	T	T	335	4	1.16%	2	1	93	93	0.06194649597906977	1	1	194	141	0	4	C
barcode06_consensus_vsearch	893	T	*/-G	337	11	3.13%	2	1	93	93	4.5063381864919106E-4	1	1	195	142	0	11	-G
barcode06_consensus_vsearch	894	G	G	339	1	0.29%	2	1	93	93	0.5000000000003686	1	1	198	141	1	0	A
barcode06_consensus_vsearch	895	G	G	348	3	0.85%	2	1	93	93	0.12446504992864586	1	1	195	153	3	0	-AT
barcode06_consensus_vsearch	896	A	A	344	3	0.86%	2	2	93	93	0.12445887445888035	1	1	194	150	2	1	-T
barcode06_consensus_vsearch	897	T	T	346	1	0.29%	2	1	93	93	0.4999999999999138	1	1	195	151	0	1	C
barcode06_consensus_vsearch	898	T	T	351	1	0.28%	2	1	93	93	0.4999999999999138	1	1	199	152	1	0	C
barcode06_consensus_vsearch	899	T	T	343	6	1.7%	2	2	93	93	0.015290188241060826	1	1	194	149	2	4	C
barcode06_consensus_vsearch	900	A	A	347	1	0.29%	2	1	93	93	0.4999999999999138	1	1	195	152	0	1	+GA
barcode06_consensus_vsearch	901	C	*/+G	338	7	2%	2	1	93	93	0.007576113653235487	1	1	194	144	0	7	+G
barcode06_consensus_vsearch	902	G	G	351	1	0.28%	2	1	93	93	0.4999999999999138	1	1	198	153	1	0	+A
barcode06_consensus_vsearch	903	G	G	351	1	0.28%	2	1	93	93	0.4999999999999138	1	1	199	152	1	0	+A
barcode06_consensus_vsearch	904	A	A	347	3	0.85%	2	1	93	93	0.12446351931328528	1	1	194	153	3	0	+G
barcode06_consensus_vsearch	905	A	A	348	4	1.13%	2	2	93	93	0.06196695231151725	1	1	197	151	2	2	G
barcode06_consensus_vsearch	906	G	G	352	1	0.28%	2	1	93	93	0.4999999999999138	1	1	199	153	1	0	-A
barcode06_consensus_vsearch	907	A	A	342	3	0.85%	2	1	93	93	0.12445573294627689	1	1	193	149	3	0	+C
barcode06_consensus_vsearch	908	C	C	342	4	1.14%	2	1	93	93	0.06195770207455419	1	1	194	148	0	4	-T
barcode06_consensus_vsearch	909	T	T	336	6	1.72%	2	2	93	93	0.015283355757130674	1	1	197	139	2	4	C
barcode06_consensus_vsearch	910	A	A	348	1	0.28%	2	1	93	93	0.4999999999999138	1	1	196	152	1	0	+CA
barcode06_consensus_vsearch	911	A	A	350	1	0.28%	2	1	93	93	0.4999999999999138	1	1	199	151	1	0	-CT
barcode06_consensus_vsearch	912	C	C	345	2	0.57%	2	2	93	93	0.24963924963931935	1	1	195	150	1	1	+T
barcode06_consensus_vsearch	913	T	Y	333	13	3.71%	2	1	93	93	1.0883146805374691E-4	1	1	196	137	0	13	C
barcode06_consensus_vsearch	914	A	*/+T	339	7	1.99%	2	1	93	93	0.00757679283814411	1	1	195	144	0	7	+T
barcode06_consensus_vsearch	915	C	C	336	6	1.72%	2	2	93	93	0.015283355757130674	1	1	194	142	1	5	-T
barcode06_consensus_vsearch	916	T	T	337	2	0.58%	2	1	93	93	0.24963072378129092	1	1	194	143	0	2	-G
barcode06_consensus_vsearch	917	G	G	342	4	1.15%	2	1	93	93	0.06195770207455419	1	1	195	147	0	4	-CG
barcode06_consensus_vsearch	918	C	*/-GAA	328	8	2.3%	2	1	93	93	0.003745068929689065	1	1	184	144	8	0	-GAA
barcode06_consensus_vsearch	919	G	G	333	3	0.88%	2	1	93	93	0.12444113263784179	1	1	185	148	3	0	A
barcode06_consensus_vsearch	920	A	A	339	1	0.29%	2	1	93	93	0.5000000000003686	1	1	188	151	0	1	+GA
barcode06_consensus_vsearch	921	A	A	341	2	0.58%	2	2	93	93	0.24963503649639607	1	1	189	152	1	1	T
barcode06_consensus_vsearch	922	A	A	350	1	0.28%	2	1	93	93	0.4999999999999138	1	1	198	152	0	1	G
barcode06_consensus_vsearch	923	G	G	347	5	1.42%	2	1	93	93	0.030806427720592423	1	1	195	152	5	0	A
barcode06_consensus_vsearch	924	C	C	352	1	0.28%	2	1	93	93	0.4999999999999138	1	1	199	153	1	0	T
barcode06_consensus_vsearch	925	A	A	349	3	0.85%	2	1	93	93	0.12446657183497908	1	1	196	153	3	0	G
barcode06_consensus_vsearch	926	T	T	350	2	0.57%	2	1	93	93	0.2496443812233433	1	1	198	152	2	0	C
barcode06_consensus_vsearch	927	T	T	350	1	0.28%	2	1	93	93	0.4999999999999138	1	1	199	151	0	1	+C
barcode06_consensus_vsearch	928	C	*/-GCC	336	7	1.99%	2	1	93	93	0.007574743473790617	1	1	186	150	7	0	-GCC
barcode06_consensus_vsearch	929	G	R	329	7	2.06%	2	1	93	93	0.007569820177023291	1	1	177	152	7	0	A
barcode06_consensus_vsearch	930	C	C	328	6	1.76%	2	1	93	93	0.015275197600068968	1	1	177	151	6	0	T
barcode06_consensus_vsearch	931	C	*/-A	303	22	6.38%	2	2	93	93	1.650774326721712E-7	1	1	155	148	20	2	-A
barcode06_consensus_vsearch	932	A	A	317	4	1.22%	2	1	93	93	0.061915434363882686	1	1	171	146	4	0	+G
barcode06_consensus_vsearch	933	A	W	338	7	1.99%	2	1	93	93	0.007576113653235487	1	1	189	149	7	0	T
barcode06_consensus_vsearch	934	G	*/+A	334	7	2.02%	2	1	93	93	0.007573357318712367	1	1	188	146	7	0	+A
barcode06_consensus_vsearch	935	G	G	352	1	0.28%	2	1	93	93	0.4999999999999138	1	1	200	152	0	1	A
barcode06_consensus_vsearch	936	A	A	352	1	0.28%	2	1	93	93	0.4999999999999138	1	1	199	153	1	0	T
barcode06_consensus_vsearch	937	T	T	351	2	0.57%	2	1	93	93	0.24964539007068368	1	1	200	151	0	2	+A
barcode06_consensus_vsearch	938	G	*/+T	330	9	2.55%	2	2	93	93	0.0018508736540161308	1	1	182	148	8	1	+T
barcode06_consensus_vsearch	939	T	T	338	2	0.58%	2	2	93	93	0.24963181148734975	1	1	192	146	1	1	C
barcode06_consensus_vsearch	940	T	T	348	2	0.57%	2	2	93	93	0.2496423462086995	1	1	198	150	1	1	C
barcode06_consensus_vsearch	941	T	T	350	1	0.28%	2	1	93	93	0.4999999999999138	1	1	199	151	1	0	C
barcode06_consensus_vsearch	942	T	T	351	1	0.28%	2	1	93	93	0.4999999999999138	1	1	199	152	1	0	+C
barcode06_consensus_vsearch	943	C	C	347	2	0.57%	2	1	93	93	0.24964131994254463	1	1	197	150	2	0	-A
barcode06_consensus_vsearch	944	A	A	348	2	0.57%	2	2	93	93	0.2496423462086995	1	1	196	152	1	1	G
barcode06_consensus_vsearch	945	T	T	347	2	0.57%	2	1	93	93	0.24964131994254463	1	1	196	151	2	0	C
barcode06_consensus_vsearch	946	T	T	352	1	0.28%	2	1	93	93	0.4999999999999138	1	1	199	153	1	0	-A
barcode06_consensus_vsearch	947	A	A	349	2	0.57%	2	1	93	93	0.24964336661915734	1	1	196	153	2	0	G
barcode06_consensus_vsearch	948	A	A	348	2	0.57%	2	1	93	93	0.2496423462086995	1	1	196	152	2	0	G
barcode06_consensus_vsearch	949	T	T	349	2	0.57%	2	1	93	93	0.24964336661915734	1	1	197	152	2	0	-C
barcode06_consensus_vsearch	950	C	C	348	1	0.28%	2	1	93	93	0.4999999999999138	1	1	196	152	1	0	+A
barcode06_consensus_vsearch	951	A	*/-G	320	25	7.1%	2	2	93	93	1.8985885954709772E-8	1	1	192	128	1	24	-G
barcode06_consensus_vsearch	952	G	G	327	1	0.3%	2	1	93	93	0.4999999999999138	1	1	199	128	0	1	T
barcode06_consensus_vsearch	953	G	G	352	1	0.28%	2	1	93	93	0.4999999999999138	1	1	199	153	1	0	-A
barcode06_consensus_vsearch	954	A	A	349	2	0.57%	2	1	93	93	0.24964336661915734	1	1	196	153	2	0	G
barcode06_consensus_vsearch	955	A	A	351	1	0.28%	2	1	93	93	0.4999999999999138	1	1	198	153	1	0	+CC
barcode06_consensus_vsearch	956	C	C	344	5	1.42%	2	1	93	93	0.03080261759027664	1	1	193	151	5	0	+A
barcode06_consensus_vsearch	957	G	*/-A	326	9	2.56%	2	1	93	93	0.001849670331098783	1	1	186	140	9	0	-A
barcode06_consensus_vsearch	958	A	A	331	2	0.6%	2	1	93	93	0.2496240601503603	1	1	186	145	2	0	+G
barcode06_consensus_vsearch	959	A	R	335	7	2.04%	2	1	93	93	0.0075740524106117915	1	1	190	145	7	0	G
barcode06_consensus_vsearch	960	A	A	338	6	1.7%	2	1	93	93	0.01528533618469065	1	1	186	152	6	0	-G
barcode06_consensus_vsearch	961	G	G	342	3	0.87%	2	2	93	93	0.12445573294627689	1	1	190	152	2	1	A
barcode06_consensus_vsearch	962	T	T	347	3	0.85%	2	2	93	93	0.12446351931328528	1	1	195	152	2	1	C
barcode06_consensus_vsearch	963	T	*/-A	340	8	2.27%	2	2	93	93	0.0037505741543597316	1	1	189	151	7	1	-A
barcode06_consensus_vsearch	964	A	*/-G	269	46	13.37%	2	2	93	93	2.4144479337205157E-15	1	1	172	97	10	36	-G
barcode06_consensus_vsearch	965	G	G	293	1	0.34%	2	1	93	93	0.4999999999999138	1	1	183	110	1	0	+AG
barcode06_consensus_vsearch	966	G	G	337	5	1.46%	2	2	93	93	0.030793467534351974	1	1	191	146	4	1	A
barcode06_consensus_vsearch	967	G	G	347	6	1.7%	2	2	93	93	0.015293971208790802	1	1	197	150	3	3	A
barcode06_consensus_vsearch	968	G	G	349	4	1.13%	2	2	93	93	0.06196846342422332	1	1	197	152	3	1	-A
barcode06_consensus_vsearch	969	A	A	347	1	0.29%	2	1	93	93	0.4999999999999138	1	1	197	150	0	1	-T
barcode06_consensus_vsearch	970	T	T	347	4	1.14%	2	1	93	93	0.06196543258251349	1	1	196	151	4	0	+C
barcode06_consensus_vsearch	971	C	C	347	4	1.13%	2	1	93	93	0.06196543258251349	1	1	198	149	0	4	+G
barcode06_consensus_vsearch	972	G	G	344	3	0.85%	2	2	93	93	0.12445887445888035	1	1	194	150	2	1	+A
barcode06_consensus_vsearch	973	A	A	347	1	0.29%	2	1	93	93	0.4999999999999138	1	1	195	152	1	0	+G
barcode06_consensus_vsearch	974	A	A	349	2	0.57%	2	2	93	93	0.24964336661915734	1	1	198	151	1	1	G
barcode06_consensus_vsearch	975	G	G	350	1	0.28%	2	1	93	93	0.4999999999999138	1	1	198	152	1	0	-A
barcode06_consensus_vsearch	976	A	A	348	2	0.57%	2	2	93	93	0.2496423462086995	1	1	198	150	1	1	G
barcode06_consensus_vsearch	977	C	C	345	3	0.85%	2	1	93	93	0.12446043165476364	1	1	197	148	0	3	T
barcode06_consensus_vsearch	978	G	G	349	1	0.28%	2	1	93	93	0.4999999999999138	1	1	199	150	1	0	-A
barcode06_consensus_vsearch	979	A	A	348	2	0.57%	2	1	93	93	0.2496423462086995	1	1	197	151	2	0	G
barcode06_consensus_vsearch	980	T	T	345	6	1.7%	2	1	93	93	0.015292090471053536	1	1	192	153	6	0	+C
barcode06_consensus_vsearch	981	C	C	346	3	0.85%	2	1	93	93	0.12446197991394273	1	1	193	153	3	0	+G
barcode06_consensus_vsearch	982	A	A	346	3	0.85%	2	1	93	93	0.12446197991394273	1	1	195	151	3	0	-G
barcode06_consensus_vsearch	983	G	G	350	0	0%	2	0	93	0	1.0	1	0	197	153	0	0	
barcode06_consensus_vsearch	984	A	A	350	2	0.57%	2	1	93	93	0.2496443812233433	1	1	197	153	2	0	G
barcode06_consensus_vsearch	985	T	T	350	1	0.28%	2	1	93	93	0.4999999999999138	1	1	199	151	1	0	+GC
barcode06_consensus_vsearch	986	A	A	345	4	1.14%	2	2	93	93	0.061962366978748344	1	1	195	150	3	1	G
barcode06_consensus_vsearch	987	C	C	348	1	0.29%	2	1	93	93	0.4999999999999138	1	1	198	150	0	1	T
barcode06_consensus_vsearch	988	C	C	348	2	0.57%	2	1	93	93	0.2496423462086995	1	1	199	149	0	2	T
barcode06_consensus_vsearch	989	G	G	351	1	0.28%	2	1	93	93	0.4999999999999138	1	1	198	153	1	0	A
barcode06_consensus_vsearch	990	T	T	346	3	0.85%	2	2	93	93	0.12446197991394273	1	1	195	151	1	2	C
barcode06_consensus_vsearch	991	C	C	350	1	0.28%	2	1	93	93	0.4999999999999138	1	1	198	152	0	1	T
barcode06_consensus_vsearch	992	G	G	348	5	1.42%	2	2	93	93	0.030807683383255846	1	1	196	152	4	1	A
barcode06_consensus_vsearch	993	T	T	348	2	0.57%	2	2	93	93	0.2496423462086995	1	1	197	151	1	1	-A
barcode06_consensus_vsearch	994	A	A	344	2	0.57%	2	2	93	93	0.2496382054993181	1	1	197	147	1	1	-G
barcode06_consensus_vsearch	995	G	G	348	1	0.29%	2	1	93	93	0.4999999999999138	1	1	198	150	1	0	+T
barcode06_consensus_vsearch	996	T	T	349	2	0.57%	2	1	93	93	0.24964336661915734	1	1	198	151	2	0	C
barcode06_consensus_vsearch	997	C	C	351	1	0.28%	2	1	93	93	0.4999999999999138	1	1	199	152	1	0	-T
barcode06_consensus_vsearch	998	T	T	342	4	1.14%	2	1	93	93	0.06195770207455419	1	1	192	150	4	0	A
barcode06_consensus_vsearch	999	T	T	346	3	0.85%	2	1	93	93	0.12446197991394273	1	1	196	150	3	0	C
barcode06_consensus_vsearch	1000	A	A	349	1	0.29%	2	1	93	93	0.4999999999999138	1	1	199	150	0	1	G
barcode06_consensus_vsearch	1001	A	A	349	2	0.57%	2	2	93	93	0.24964336661915734	1	1	198	151	1	1	-C
barcode06_consensus_vsearch	1002	C	C	347	1	0.28%	2	1	93	93	0.4999999999999138	1	1	197	150	1	0	+A
barcode06_consensus_vsearch	1003	C	Y	338	13	3.68%	2	2	93	93	1.0901283519379868E-4	1	1	198	140	1	12	T
barcode06_consensus_vsearch	1004	A	A	343	4	1.14%	2	1	93	93	0.06195926601136401	1	1	192	151	4	0	G
barcode06_consensus_vsearch	1005	T	T	344	5	1.42%	2	1	93	93	0.03080261759027664	1	1	193	151	5	0	C
barcode06_consensus_vsearch	1006	A	A	349	1	0.28%	2	1	93	93	0.4999999999999138	1	1	198	151	0	1	+C
barcode06_consensus_vsearch	1007	A	A	351	1	0.28%	2	1	93	93	0.4999999999999138	1	1	198	153	1	0	+G
barcode06_consensus_vsearch	1008	A	A	350	1	0.28%	2	1	93	93	0.4999999999999138	1	1	197	153	1	0	+C
barcode06_consensus_vsearch	1009	C	C	348	3	0.85%	2	1	93	93	0.12446504992864586	1	1	195	153	3	0	+GC
barcode06_consensus_vsearch	1010	T	T	348	4	1.13%	2	2	93	93	0.06196695231151725	1	1	198	150	1	3	C
barcode06_consensus_vsearch	1011	A	A	348	5	1.42%	2	2	93	93	0.030807683383255846	1	1	198	150	2	3	G
barcode06_consensus_vsearch	1012	T	T	352	1	0.28%	2	1	93	93	0.4999999999999138	1	1	199	153	1	0	A
barcode06_consensus_vsearch	1013	G	G	349	2	0.57%	2	1	93	93	0.24964336661915734	1	1	196	153	2	0	A
barcode06_consensus_vsearch	1014	C	C	352	1	0.28%	2	1	93	93	0.4999999999999138	1	1	199	153	1	0	A
barcode06_consensus_vsearch	1015	C	C	347	1	0.28%	2	1	93	93	0.4999999999999138	1	1	197	150	1	0	+A
barcode06_consensus_vsearch	1016	G	G	348	2	0.57%	2	1	93	93	0.2496423462086995	1	1	197	151	0	2	A
barcode06_consensus_vsearch	1017	A	A	349	1	0.28%	2	1	93	93	0.4999999999999138	1	1	197	152	0	1	+T
barcode06_consensus_vsearch	1018	C	C	347	2	0.57%	2	2	93	93	0.24964131994254463	1	1	197	150	1	1	T
barcode06_consensus_vsearch	1019	T	T	346	3	0.85%	2	1	93	93	0.12446197991394273	1	1	195	151	3	0	+G
barcode06_consensus_vsearch	1020	A	*/-G	310	34	9.66%	2	2	93	93	2.4692512332778386E-11	1	1	190	120	9	25	-G
barcode06_consensus_vsearch	1021	G	G	312	2	0.63%	2	1	93	93	0.24960127591726078	1	1	189	123	2	0	A
barcode06_consensus_vsearch	1022	G	G	348	1	0.29%	2	1	93	93	0.4999999999999138	1	1	200	148	0	1	C
barcode06_consensus_vsearch	1023	G	G	353	0	0%	2	0	93	0	1.0	1	0	200	153	0	0	
barcode06_consensus_vsearch	1024	A	A	352	1	0.28%	2	1	93	93	0.4999999999999138	1	1	199	153	1	0	+G
barcode06_consensus_vsearch	1025	T	*/+C	344	7	1.98%	2	1	93	93	0.007580131052467943	1	1	191	153	7	0	+C
barcode06_consensus_vsearch	1026	C	C	346	2	0.57%	2	1	93	93	0.2496402877699066	1	1	197	149	2	0	+A
barcode06_consensus_vsearch	1027	G	R	338	10	2.86%	2	2	93	93	9.145999987969954E-4	1	1	193	145	7	3	A
barcode06_consensus_vsearch	1028	G	G	347	3	0.85%	2	1	93	93	0.12446351931328528	1	1	200	147	0	3	A
barcode06_consensus_vsearch	1029	G	G	346	2	0.57%	2	1	93	93	0.2496402877699066	1	1	199	147	0	2	-C
barcode06_consensus_vsearch	1030	C	C	345	2	0.58%	2	1	93	93	0.24963924963931935	1	1	200	145	0	2	T
barcode06_consensus_vsearch	1031	G	G	345	1	0.29%	2	1	93	93	0.4999999999999138	1	1	199	146	0	1	+CGG
barcode06_consensus_vsearch	1032	A	A	347	1	0.29%	2	1	93	93	0.4999999999999138	1	1	198	149	1	0	+G
barcode06_consensus_vsearch	1033	T	T	346	3	0.86%	2	1	93	93	0.12446197991394273	1	1	200	146	0	3	-G
barcode06_consensus_vsearch	1034	G	G	338	6	1.73%	2	1	93	93	0.01528533618469065	1	1	194	144	6	0	A
barcode06_consensus_vsearch	1035	T	T	343	4	1.14%	2	1	93	93	0.06195926601136401	1	1	199	144	0	4	A
barcode06_consensus_vsearch	1036	T	T	346	4	1.13%	2	2	93	93	0.06196390416311995	1	1	199	147	1	3	C
barcode06_consensus_vsearch	1037	A	A	340	6	1.7%	2	2	93	93	0.015287293785191516	1	1	196	144	1	5	G
barcode06_consensus_vsearch	1038	T	T	345	2	0.57%	2	1	93	93	0.24963924963931935	1	1	199	146	0	2	A
barcode06_consensus_vsearch	1039	T	*/-ATT	330	10	2.83%	2	2	93	93	9.131703594937562E-4	1	1	188	142	3	7	-ATT
barcode06_consensus_vsearch	1040	A	A	326	3	0.9%	2	2	93	93	0.12442922374435218	1	1	187	139	2	1	-T
barcode06_consensus_vsearch	1041	T	T	332	3	0.89%	2	1	93	93	0.12443946188340989	1	1	189	143	3	0	G
barcode06_consensus_vsearch	1042	T	T	334	3	0.88%	2	2	93	93	0.12444279346210338	1	1	191	143	2	1	C
barcode06_consensus_vsearch	1043	T	T	345	1	0.29%	2	1	93	93	0.4999999999999138	1	1	192	153	1	0	+C
barcode06_consensus_vsearch	1044	G	G	348	2	0.57%	2	1	93	93	0.2496423462086995	1	1	195	153	2	0	-AC
barcode06_consensus_vsearch	1045	A	*/+C	340	7	2.01%	2	1	93	93	0.007577468131623444	1	1	194	146	0	7	+C
barcode06_consensus_vsearch	1046	C	C	350	1	0.28%	2	1	93	93	0.4999999999999138	1	1	197	153	1	0	A
barcode06_consensus_vsearch	1047	T	T	344	5	1.42%	2	1	93	93	0.03080261759027664	1	1	199	145	0	5	-C
barcode06_consensus_vsearch	1048	C	C	342	2	0.57%	2	1	93	93	0.24963609898113429	1	1	198	144	2	0	-G
barcode06_consensus_vsearch	1049	G	G	347	2	0.57%	2	2	93	93	0.24964131994254463	1	1	196	151	1	1	A
barcode06_consensus_vsearch	1050	C	C	350	1	0.28%	2	1	93	93	0.4999999999999138	1	1	198	152	1	0	+T
barcode06_consensus_vsearch	1051	T	T	350	2	0.57%	2	1	93	93	0.2496443812233433	1	1	197	153	2	0	+C
barcode06_consensus_vsearch	1052	C	C	351	1	0.28%	2	1	93	93	0.4999999999999138	1	1	199	152	1	0	+TC
barcode06_consensus_vsearch	1053	G	G	351	1	0.28%	2	1	93	93	0.4999999999999138	1	1	200	151	0	1	+T
barcode06_consensus_vsearch	1054	G	G	351	1	0.28%	2	1	93	93	0.4999999999999138	1	1	200	151	0	1	A
barcode06_consensus_vsearch	1055	C	C	347	2	0.57%	2	1	93	93	0.24964131994254463	1	1	196	151	2	0	+T
barcode06_consensus_vsearch	1056	A	A	338	5	1.43%	2	2	93	93	0.03079479753340632	1	1	194	144	2	3	G
barcode06_consensus_vsearch	1057	C	C	341	2	0.57%	2	1	93	93	0.24963503649639607	1	1	195	146	0	2	+T
barcode06_consensus_vsearch	1058	C	*/-T	337	9	2.56%	2	2	93	93	0.0018529134694595746	1	1	194	143	2	7	-T
barcode06_consensus_vsearch	1059	T	T	341	1	0.29%	2	1	93	93	0.4999999999999138	1	1	195	146	1	0	C
barcode06_consensus_vsearch	1060	T	T	342	2	0.57%	2	1	93	93	0.24963609898113429	1	1	193	149	2	0	-A
barcode06_consensus_vsearch	1061	A	R	333	7	2.01%	2	2	93	93	0.007572658162744914	1	1	181	152	6	1	G
barcode06_consensus_vsearch	1062	C	Y	323	11	3.14%	2	2	93	93	4.4909654291777526E-4	1	1	174	149	8	3	T
barcode06_consensus_vsearch	1063	G	G	333	2	0.59%	2	1	93	93	0.24962630792247645	1	1	180	153	2	0	+A
barcode06_consensus_vsearch	1064	A	*/-GA	312	13	3.79%	2	2	93	93	1.0801137180022455E-4	1	1	163	149	12	1	-GA
barcode06_consensus_vsearch	1065	G	G	314	4	1.24%	2	2	93	93	0.06190991528907336	1	1	164	150	3	1	-A
barcode06_consensus_vsearch	1066	A	A	319	2	0.62%	2	1	93	93	0.24960998439942272	1	1	170	149	2	0	G
barcode06_consensus_vsearch	1067	A	A	348	1	0.29%	2	1	93	93	0.4999999999999138	1	1	196	152	1	0	G
barcode06_consensus_vsearch	1068	A	A	345	2	0.57%	2	1	93	93	0.24963924963931935	1	1	196	149	0	2	-T
barcode06_consensus_vsearch	1069	T	T	347	1	0.28%	2	1	93	93	0.4999999999999138	1	1	197	150	1	0	+C
barcode06_consensus_vsearch	1070	C	C	343	3	0.85%	2	2	93	93	0.124457308248865	1	1	193	150	2	1	-A
barcode06_consensus_vsearch	1071	A	A	344	2	0.58%	2	2	93	93	0.2496382054993181	1	1	194	150	1	1	G
barcode06_consensus_vsearch	1072	A	A	350	1	0.28%	2	1	93	93	0.4999999999999138	1	1	198	152	1	0	+G
barcode06_consensus_vsearch	1073	A	A	350	2	0.57%	2	1	93	93	0.2496443812233433	1	1	198	152	2	0	-G
barcode06_consensus_vsearch	1074	G	G	347	2	0.57%	2	1	93	93	0.24964131994254463	1	1	196	151	2	0	A
barcode06_consensus_vsearch	1075	T	T	348	2	0.57%	2	2	93	93	0.2496423462086995	1	1	197	151	1	1	C
barcode06_consensus_vsearch	1076	C	*/-T	339	9	2.56%	2	1	93	93	0.0018534814134889795	1	1	198	141	0	9	-T
barcode06_consensus_vsearch	1077	T	T	339	3	0.88%	2	1	93	93	0.12445095168370475	1	1	199	140	0	3	C
barcode06_consensus_vsearch	1078	T	T	349	2	0.57%	2	2	93	93	0.24964336661915734	1	1	199	150	1	1	C
barcode06_consensus_vsearch	1079	T	T	346	3	0.85%	2	1	93	93	0.12446197991394273	1	1	200	146	0	3	C
barcode06_consensus_vsearch	1080	G	G	348	2	0.57%	2	2	93	93	0.2496423462086995	1	1	199	149	1	1	A
barcode06_consensus_vsearch	1081	G	G	349	2	0.57%	2	1	93	93	0.24964336661915734	1	1	196	153	2	0	+A
barcode06_consensus_vsearch	1082	G	G	348	4	1.13%	2	1	93	93	0.06196695231151725	1	1	195	153	4	0	+T
barcode06_consensus_vsearch	1083	T	T	352	0	0%	2	0	93	0	1.0	1	0	199	153	0	0	
barcode06_consensus_vsearch	1084	T	T	351	2	0.57%	2	1	93	93	0.24964539007068368	1	1	200	151	0	2	-C
barcode06_consensus_vsearch	1085	C	C	348	2	0.57%	2	1	93	93	0.2496423462086995	1	1	199	149	0	2	+T
barcode06_consensus_vsearch	1086	T	*/+G	181	114	32.39%	2	2	93	93	5.692222939037923E-41	1	1	112	69	66	48	+G
barcode06_consensus_vsearch	1087	G	G	304	1	0.33%	2	1	93	93	0.4999999999999138	1	1	179	125	0	1	-G
barcode06_consensus_vsearch	1088	G	G	341	1	0.29%	2	1	93	93	0.4999999999999138	1	1	191	150	1	0	+G
barcode06_consensus_vsearch	1089	G	G	347	3	0.85%	2	1	93	93	0.12446351931328528	1	1	194	153	3	0	A
barcode06_consensus_vsearch	1090	G	G	348	1	0.28%	2	1	93	93	0.4999999999999138	1	1	195	153	1	0	+A
barcode06_consensus_vsearch	1091	G	G	336	6	1.7%	2	2	93	93	0.015283355757130674	1	1	186	150	5	1	+A
barcode06_consensus_vsearch	1092	A	A	343	4	1.15%	2	2	93	93	0.06195926601136401	1	1	195	148	1	3	G
barcode06_consensus_vsearch	1093	G	G	349	1	0.28%	2	1	93	93	0.4999999999999138	1	1	197	152	0	1	-T
barcode06_consensus_vsearch	1094	T	T	348	2	0.57%	2	2	93	93	0.2496423462086995	1	1	199	149	1	1	C
barcode06_consensus_vsearch	1095	A	A	349	2	0.57%	2	2	93	93	0.24964336661915734	1	1	198	151	1	1	G
barcode06_consensus_vsearch	1096	T	T	346	3	0.85%	2	2	93	93	0.12446197991394273	1	1	196	150	2	1	C
barcode06_consensus_vsearch	1097	G	G	351	1	0.28%	2	1	93	93	0.4999999999999138	1	1	198	153	1	0	A
barcode06_consensus_vsearch	1098	G	G	353	0	0%	2	0	93	0	1.0	1	0	200	153	0	0	
barcode06_consensus_vsearch	1099	T	T	350	2	0.57%	2	1	93	93	0.2496443812233433	1	1	197	153	2	0	-C
barcode06_consensus_vsearch	1100	C	C	343	3	0.85%	2	2	93	93	0.124457308248865	1	1	193	150	2	1	-GC
barcode06_consensus_vsearch	1101	G	G	339	5	1.44%	2	1	93	93	0.030796119805779988	1	1	189	150	5	0	A
barcode06_consensus_vsearch	1102	C	*/+A	330	8	2.29%	2	1	93	93	0.0037460133446050297	1	1	181	149	8	0	+A
barcode06_consensus_vsearch	1103	A	A	347	2	0.57%	2	1	93	93	0.24964131994254463	1	1	194	153	2	0	G
barcode06_consensus_vsearch	1104	A	A	349	1	0.28%	2	1	93	93	0.4999999999999138	1	1	198	151	0	1	+G
barcode06_consensus_vsearch	1105	G	G	346	2	0.57%	2	1	93	93	0.2496402877699066	1	1	193	153	2	0	+A
barcode06_consensus_vsearch	1106	G	G	353	0	0%	2	0	93	0	1.0	1	0	200	153	0	0	
barcode06_consensus_vsearch	1107	C	C	348	4	1.13%	2	1	93	93	0.06196695231151725	1	1	199	149	0	4	T
barcode06_consensus_vsearch	1108	T	T	346	2	0.57%	2	1	93	93	0.2496402877699066	1	1	194	152	2	0	+G
barcode06_consensus_vsearch	1109	G	G	349	2	0.57%	2	1	93	93	0.24964336661915734	1	1	198	151	2	0	C
barcode06_consensus_vsearch	1110	A	A	352	0	0%	2	0	93	0	1.0	1	0	200	152	0	0	
barcode06_consensus_vsearch	1111	A	A	353	0	0%	2	0	93	0	1.0	1	0	200	153	0	0	
barcode06_consensus_vsearch	1112	A	A	349	4	1.13%	2	1	93	93	0.06196846342422332	1	1	196	153	4	0	G
barcode06_consensus_vsearch	1113	C	C	348	3	0.85%	2	2	93	93	0.12446504992864586	1	1	197	151	1	2	-T
barcode06_consensus_vsearch	1114	T	T	345	3	0.86%	2	1	93	93	0.12446043165476364	1	1	194	151	3	0	C
barcode06_consensus_vsearch	1115	T	*/+A	329	7	1.99%	2	1	93	93	0.007569820177023291	1	1	177	152	7	0	+A
barcode06_consensus_vsearch	1116	A	A	340	0	0%	2	0	93	0	1.0	1	0	188	152	0	0	
barcode06_consensus_vsearch	1117	A	A	345	1	0.29%	2	1	93	93	0.4999999999999138	1	1	193	152	1	0	G
barcode06_consensus_vsearch	1118	A	A	348	1	0.29%	2	1	93	93	0.4999999999999138	1	1	195	153	1	0	+G
barcode06_consensus_vsearch	1119	G	G	347	2	0.57%	2	2	93	93	0.24964131994254463	1	1	197	150	1	1	-A
barcode06_consensus_vsearch	1120	A	A	340	5	1.43%	2	2	93	93	0.030797434418565302	1	1	189	151	4	1	G
barcode06_consensus_vsearch	1121	A	A	348	2	0.57%	2	2	93	93	0.2496423462086995	1	1	197	151	1	1	G
barcode06_consensus_vsearch	1122	A	A	350	1	0.28%	2	1	93	93	0.4999999999999138	1	1	197	153	1	0	-T
barcode06_consensus_vsearch	1123	T	T	351	1	0.28%	2	1	93	93	0.4999999999999138	1	1	198	153	1	0	C
barcode06_consensus_vsearch	1124	T	T	349	3	0.85%	2	1	93	93	0.12446657183497908	1	1	197	152	3	0	C
barcode06_consensus_vsearch	1125	G	G	352	1	0.28%	2	1	93	93	0.4999999999999138	1	1	199	153	1	0	-ACG
barcode06_consensus_vsearch	1126	A	A	344	3	0.85%	2	1	93	93	0.12445887445888035	1	1	198	146	0	3	+TT
barcode06_consensus_vsearch	1127	C	Y	334	7	1.99%	2	1	93	93	0.007573357318712367	1	1	195	139	0	7	T
barcode06_consensus_vsearch	1128	G	G	343	4	1.15%	2	1	93	93	0.06195926601136401	1	1	196	147	0	4	T
barcode06_consensus_vsearch	1129	G	G	342	3	0.85%	2	2	93	93	0.12445573294627689	1	1	192	150	2	1	-A
barcode06_consensus_vsearch	1130	A	A	343	1	0.29%	2	1	93	93	0.4999999999999138	1	1	193	150	0	1	+G
barcode06_consensus_vsearch	1131	A	A	340	5	1.42%	2	2	93	93	0.030797434418565302	1	1	189	151	4	1	-G
barcode06_consensus_vsearch	1132	G	G	335	5	1.45%	2	1	93	93	0.030790784083803185	1	1	184	151	5	0	+AG
barcode06_consensus_vsearch	1133	G	G	347	2	0.57%	2	2	93	93	0.24964131994254463	1	1	196	151	1	1	A
barcode06_consensus_vsearch	1134	G	G	350	2	0.57%	2	1	93	93	0.2496443812233433	1	1	199	151	0	2	-C
barcode06_consensus_vsearch	1135	C	C	347	2	0.57%	2	1	93	93	0.24964131994254463	1	1	198	149	0	2	+A
barcode06_consensus_vsearch	1136	A	A	349	1	0.28%	2	1	93	93	0.4999999999999138	1	1	197	152	1	0	+G
barcode06_consensus_vsearch	1137	C	C	348	2	0.57%	2	1	93	93	0.2496423462086995	1	1	197	151	2	0	G
barcode06_consensus_vsearch	1138	C	*/+A	333	16	4.53%	2	1	93	93	1.2798352939021259E-5	1	1	197	136	0	16	+A
barcode06_consensus_vsearch	1139	A	A	340	4	1.14%	2	2	93	93	0.06195454690339171	1	1	191	149	3	1	G
barcode06_consensus_vsearch	1140	C	Y	323	19	5.46%	2	2	93	93	1.4751084771690803E-6	1	1	195	128	1	18	T
barcode06_consensus_vsearch	1141	C	Y	312	30	8.6%	2	1	93	93	4.790243565524498E-10	1	1	192	120	0	30	T
barcode06_consensus_vsearch	1142	A	*/-G	272	42	12.1%	2	2	93	93	5.231786449006438E-14	1	1	145	127	31	11	-G
barcode06_consensus_vsearch	1143	G	G	289	2	0.68%	2	1	93	93	0.2495697074010742	1	1	160	129	0	2	T
barcode06_consensus_vsearch	1144	G	R	323	9	2.69%	2	2	93	93	0.001848749091340749	1	1	183	140	8	1	A
barcode06_consensus_vsearch	1145	G	R	330	10	2.85%	2	1	93	93	9.131703594937562E-4	1	1	183	147	10	0	A
barcode06_consensus_vsearch	1146	G	G	346	1	0.28%	2	1	93	93	0.4999999999999138	1	1	197	149	1	0	+AAT
barcode06_consensus_vsearch	1147	T	T	343	3	0.86%	2	2	93	93	0.124457308248865	1	1	199	144	1	2	+G
barcode06_consensus_vsearch	1148	G	G	342	1	0.29%	2	1	93	93	0.5000000000003686	1	1	197	145	1	0	+C
barcode06_consensus_vsearch	1149	G	G	351	1	0.28%	2	1	93	93	0.4999999999999138	1	1	199	152	1	0	-A
barcode06_consensus_vsearch	1150	A	A	348	2	0.57%	2	1	93	93	0.2496423462086995	1	1	195	153	2	0	-G
barcode06_consensus_vsearch	1151	G	G	346	2	0.57%	2	1	93	93	0.2496402877699066	1	1	193	153	2	0	A
barcode06_consensus_vsearch	1152	C	C	347	2	0.57%	2	1	93	93	0.24964131994254463	1	1	197	150	0	2	+T
barcode06_consensus_vsearch	1153	C	C	349	4	1.13%	2	2	93	93	0.06196846342422332	1	1	197	152	3	1	-T
barcode06_consensus_vsearch	1154	T	T	346	2	0.57%	2	1	93	93	0.2496402877699066	1	1	197	149	0	2	C
barcode06_consensus_vsearch	1155	G	G	350	2	0.57%	2	1	93	93	0.2496443812233433	1	1	198	152	2	0	A
barcode06_consensus_vsearch	1156	C	C	346	4	1.14%	2	1	93	93	0.06196390416311995	1	1	200	146	0	4	T
barcode06_consensus_vsearch	1157	G	R	323	26	7.39%	2	1	93	93	9.189414329359113E-9	1	1	172	151	26	0	A
barcode06_consensus_vsearch	1158	G	G	352	1	0.28%	2	1	93	93	0.4999999999999138	1	1	200	152	0	1	A
barcode06_consensus_vsearch	1159	C	*/-T	335	7	1.98%	2	2	93	93	0.0075740524106117915	1	1	185	150	6	1	-T
barcode06_consensus_vsearch	1160	T	T	331	6	1.78%	2	2	93	93	0.015278302160745846	1	1	181	150	4	2	C
barcode06_consensus_vsearch	1161	T	*/-A	318	13	3.78%	2	2	93	93	1.0825586010679157E-4	1	1	171	147	9	4	-A
barcode06_consensus_vsearch	1162	A	A	328	1	0.3%	2	1	93	93	0.4999999999999138	1	1	180	148	1	0	C
barcode06_consensus_vsearch	1163	A	*/-T	326	11	3.19%	2	2	93	93	4.4943643047913427E-4	1	1	183	143	8	3	-T
barcode06_consensus_vsearch	1164	T	K	325	14	4.09%	2	1	93	93	5.322326576251538E-5	1	1	177	148	14	0	G
barcode06_consensus_vsearch	1165	T	K	332	16	4.53%	2	1	93	93	1.27917394012604E-5	1	1	183	149	16	0	G
barcode06_consensus_vsearch	1166	T	T	349	2	0.57%	2	1	93	93	0.24964336661915734	1	1	199	150	0	2	+G
barcode06_consensus_vsearch	1167	G	G	352	1	0.28%	2	1	93	93	0.4999999999999138	1	1	199	153	1	0	A
barcode06_consensus_vsearch	1168	A	A	349	2	0.57%	2	2	93	93	0.24964336661915734	1	1	198	151	1	1	G
barcode06_consensus_vsearch	1169	C	C	350	2	0.57%	2	2	93	93	0.2496443812233433	1	1	198	152	1	1	-T
barcode06_consensus_vsearch	1170	T	T	341	6	1.71%	2	2	93	93	0.015288264148254961	1	1	196	145	1	5	C
barcode06_consensus_vsearch	1171	C	C	348	2	0.57%	2	1	93	93	0.2496423462086995	1	1	198	150	0	2	+A
barcode06_consensus_vsearch	1172	A	A	351	1	0.28%	2	1	93	93	0.4999999999999138	1	1	199	152	0	1	G
barcode06_consensus_vsearch	1173	A	A	345	5	1.42%	2	1	93	93	0.030803894885687386	1	1	193	152	5	0	G
barcode06_consensus_vsearch	1174	C	C	351	1	0.28%	2	1	93	93	0.4999999999999138	1	1	198	153	1	0	+GCTT
barcode06_consensus_vsearch	1175	A	A	349	1	0.28%	2	1	93	93	0.4999999999999138	1	1	196	153	1	0	+C
barcode06_consensus_vsearch	1176	C	*/-G	259	56	16%	2	2	93	93	9.469726946273683E-19	1	1	124	135	43	13	-G
barcode06_consensus_vsearch	1177	G	G	265	3	1.11%	2	1	93	93	0.12429906542060956	1	1	125	140	3	0	A
barcode06_consensus_vsearch	1178	G	G	323	5	1.52%	2	1	93	93	0.030773996703390025	1	1	170	153	5	0	A
barcode06_consensus_vsearch	1179	G	G	350	0	0%	2	0	93	0	1.0	1	0	197	153	0	0	
barcode06_consensus_vsearch	1180	G	G	346	4	1.13%	2	1	93	93	0.06196390416311995	1	1	199	147	0	4	+A
barcode06_consensus_vsearch	1181	A	A	349	1	0.29%	2	1	93	93	0.4999999999999138	1	1	198	151	1	0	G
barcode06_consensus_vsearch	1182	A	A	350	3	0.85%	2	2	93	93	0.12446808510622623	1	1	199	151	1	2	G
barcode06_consensus_vsearch	1183	A	A	345	4	1.13%	2	2	93	93	0.061962366978748344	1	1	196	149	3	1	G
barcode06_consensus_vsearch	1184	C	C	348	2	0.57%	2	1	93	93	0.2496423462086995	1	1	198	150	0	2	-T
barcode06_consensus_vsearch	1185	T	T	344	5	1.42%	2	2	93	93	0.03080261759027664	1	1	196	148	3	2	C
barcode06_consensus_vsearch	1186	C	C	350	1	0.28%	2	1	93	93	0.4999999999999138	1	1	198	152	1	0	-A
barcode06_consensus_vsearch	1187	A	*/-C	335	7	1.99%	2	2	93	93	0.0075740524106117915	1	1	187	148	5	2	-C
barcode06_consensus_vsearch	1188	C	C	339	2	0.58%	2	1	93	93	0.24963289280493436	1	1	192	147	0	2	+T
barcode06_consensus_vsearch	1189	C	C	345	3	0.85%	2	1	93	93	0.12446043165476364	1	1	193	152	3	0	+A
barcode06_consensus_vsearch	1190	A	R	338	9	2.56%	2	2	93	93	0.0018531982482901858	1	1	190	148	7	2	G
barcode06_consensus_vsearch	1191	G	G	349	0	0%	2	0	93	0	1.0	1	0	199	150	0	0	
barcode06_consensus_vsearch	1192	G	G	351	1	0.28%	2	1	93	93	0.4999999999999138	1	1	200	151	0	1	+C
barcode06_consensus_vsearch	1193	T	*/-C	344	8	2.27%	2	1	93	93	0.003752326609186822	1	1	191	153	8	0	-C
barcode06_consensus_vsearch	1194	C	C	343	1	0.29%	2	1	93	93	0.4999999999999138	1	1	191	152	1	0	+AG
barcode06_consensus_vsearch	1195	C	C	353	0	0%	2	0	93	0	1.0	1	0	200	153	0	0	
barcode06_consensus_vsearch	1196	A	A	350	1	0.28%	2	1	93	93	0.4999999999999138	1	1	199	151	0	1	+CA
barcode06_consensus_vsearch	1197	G	G	351	1	0.28%	2	1	93	93	0.4999999999999138	1	1	199	152	0	1	+A
barcode06_consensus_vsearch	1198	A	A	347	3	0.85%	2	2	93	93	0.12446351931328528	1	1	198	149	2	1	G
barcode06_consensus_vsearch	1199	C	C	351	1	0.28%	2	1	93	93	0.4999999999999138	1	1	199	152	0	1	A
barcode06_consensus_vsearch	1200	A	*/-CA	342	8	2.27%	2	2	93	93	0.0037514553409778158	1	1	195	147	2	6	-CA
barcode06_consensus_vsearch	1201	C	C	339	3	0.87%	2	2	93	93	0.12445095168370475	1	1	194	145	2	1	T
barcode06_consensus_vsearch	1202	A	A	342	1	0.29%	2	1	93	93	0.5000000000003686	1	1	197	145	0	1	+CA
barcode06_consensus_vsearch	1203	A	A	346	3	0.85%	2	1	93	93	0.12446197991394273	1	1	194	152	3	0	G
barcode06_consensus_vsearch	1204	T	T	348	1	0.28%	2	1	93	93	0.4999999999999138	1	1	197	151	0	1	+A
barcode06_consensus_vsearch	1205	G	G	348	1	0.28%	2	1	93	93	0.4999999999999138	1	1	196	152	1	0	+A
barcode06_consensus_vsearch	1206	A	A	341	6	1.71%	2	2	93	93	0.015288264148254961	1	1	194	147	1	5	-G
barcode06_consensus_vsearch	1207	G	G	338	3	0.87%	2	1	93	93	0.12444933920718405	1	1	192	146	3	0	+A
barcode06_consensus_vsearch	1208	G	G	347	5	1.42%	2	1	93	93	0.030806427720592423	1	1	194	153	5	0	-A
barcode06_consensus_vsearch	1209	A	A	344	2	0.58%	2	2	93	93	0.2496382054993181	1	1	193	151	1	1	+T
barcode06_consensus_vsearch	1210	T	T	352	1	0.28%	2	1	93	93	0.4999999999999138	1	1	200	152	0	1	C
barcode06_consensus_vsearch	1211	T	T	348	2	0.57%	2	1	93	93	0.2496423462086995	1	1	198	150	2	0	C
barcode06_consensus_vsearch	1212	G	G	352	0	0%	2	0	93	0	1.0	1	0	200	152	0	0	
barcode06_consensus_vsearch	1213	A	A	347	2	0.57%	2	2	93	93	0.24964131994254463	1	1	197	150	1	1	G
barcode06_consensus_vsearch	1214	C	C	350	1	0.28%	2	1	93	93	0.4999999999999138	1	1	197	153	1	0	T
barcode06_consensus_vsearch	1215	A	A	347	2	0.57%	2	1	93	93	0.24964131994254463	1	1	197	150	0	2	+G
barcode06_consensus_vsearch	1216	G	G	350	1	0.28%	2	1	93	93	0.4999999999999138	1	1	197	153	1	0	-A
barcode06_consensus_vsearch	1217	A	A	347	1	0.29%	2	1	93	93	0.4999999999999138	1	1	195	152	0	1	+T
barcode06_consensus_vsearch	1218	T	T	350	1	0.28%	2	1	93	93	0.4999999999999138	1	1	197	153	1	0	C
barcode06_consensus_vsearch	1219	T	*/+G	339	10	2.83%	2	2	93	93	9.147741839900973E-4	1	1	193	146	4	6	+G
barcode06_consensus_vsearch	1220	G	G	351	1	0.28%	2	1	93	93	0.4999999999999138	1	1	198	153	1	0	+A
barcode06_consensus_vsearch	1221	A	A	338	6	1.7%	2	1	93	93	0.01528533618469065	1	1	185	153	6	0	-G
barcode06_consensus_vsearch	1222	G	*/-AG	328	10	2.88%	2	1	93	93	9.128025855871309E-4	1	1	176	152	10	0	-AG
barcode06_consensus_vsearch	1223	A	A	333	5	1.47%	2	1	93	93	0.030788068900977048	1	1	181	152	5	0	+G
barcode06_consensus_vsearch	1224	G	G	332	5	1.47%	2	1	93	93	0.03078669923355125	1	1	186	146	0	5	+C
barcode06_consensus_vsearch	1225	C	C	343	5	1.42%	2	1	93	93	0.030801332959592774	1	1	199	144	0	5	+T
barcode06_consensus_vsearch	1226	T	T	344	4	1.14%	2	1	93	93	0.061960820953638154	1	1	199	145	0	4	-C
barcode06_consensus_vsearch	1227	C	*/+T	315	19	5.44%	2	2	93	93	1.465797191017491E-6	1	1	197	118	3	16	+T
barcode06_consensus_vsearch	1228	T	T	337	2	0.59%	2	2	93	93	0.24963072378129092	1	1	199	138	1	1	C
barcode06_consensus_vsearch	1229	T	*/+C	343	10	2.83%	2	1	93	93	9.154612436605753E-4	1	1	200	143	0	10	+C
barcode06_consensus_vsearch	1230	T	*/-C	341	10	2.83%	2	1	93	93	9.151196338188781E-4	1	1	199	142	0	10	-C
barcode06_consensus_vsearch	1231	C	*/-T	299	29	8.48%	2	1	93	93	9.75079278275356E-10	1	1	200	99	0	29	-T
barcode06_consensus_vsearch	1232	T	T	311	2	0.63%	2	1	93	93	0.24959999999998858	1	1	199	112	0	2	+C
barcode06_consensus_vsearch	1233	T	T	340	2	0.58%	2	1	93	93	0.24963396778913263	1	1	198	142	0	2	+G
barcode06_consensus_vsearch	1234	G	G	349	1	0.28%	2	1	93	93	0.4999999999999138	1	1	197	152	1	0	+A
barcode06_consensus_vsearch	1235	A	A	345	4	1.13%	2	2	93	93	0.061962366978748344	1	1	196	149	2	2	-T
barcode06_consensus_vsearch	1236	T	T	347	1	0.29%	2	1	93	93	0.4999999999999138	1	1	197	150	0	1	C
barcode06_consensus_vsearch	1237	T	T	351	1	0.28%	2	1	93	93	0.4999999999999138	1	1	198	153	1	0	C
barcode06_consensus_vsearch	1238	T	T	353	0	0%	2	0	93	0	1.0	1	0	200	153	0	0	
barcode06_consensus_vsearch	1239	T	T	350	2	0.57%	2	1	93	93	0.2496443812233433	1	1	198	152	2	0	C
barcode06_consensus_vsearch	1240	G	G	348	2	0.57%	2	1	93	93	0.2496423462086995	1	1	199	149	0	2	-T
barcode06_consensus_vsearch	1241	T	T	341	4	1.14%	2	2	93	93	0.06195612906494713	1	1	197	144	1	3	-G
barcode06_consensus_vsearch	1242	G	G	343	2	0.57%	2	1	93	93	0.24963715529753122	1	1	197	146	0	2	A
barcode06_consensus_vsearch	1243	G	G	350	1	0.28%	2	1	93	93	0.4999999999999138	1	1	198	152	1	0	A
barcode06_consensus_vsearch	1244	G	G	352	1	0.28%	2	1	93	93	0.4999999999999138	1	1	199	153	1	0	T
barcode06_consensus_vsearch	1245	T	T	350	2	0.57%	2	1	93	93	0.2496443812233433	1	1	200	150	0	2	-G
barcode06_consensus_vsearch	1246	G	G	348	1	0.29%	2	1	93	93	0.4999999999999138	1	1	198	150	1	0	+A
barcode06_consensus_vsearch	1247	G	G	352	0	0%	2	0	93	0	1.0	1	0	200	152	0	0	
barcode06_consensus_vsearch	1248	T	T	342	3	0.85%	2	1	93	93	0.12445573294627689	1	1	196	146	0	3	+G
barcode06_consensus_vsearch	1249	G	G	344	1	0.29%	2	1	93	93	0.4999999999999138	1	1	196	148	1	0	+AA
barcode06_consensus_vsearch	1250	G	*/-TG	340	9	2.57%	2	2	93	93	0.0018537629787316217	1	1	196	144	1	8	-TG
barcode06_consensus_vsearch	1251	T	T	335	4	1.17%	2	1	93	93	0.06194649597906977	1	1	197	138	0	4	-GC
barcode06_consensus_vsearch	1252	G	G	338	1	0.29%	2	1	93	93	0.4999999999999138	1	1	198	140	0	1	-C
barcode06_consensus_vsearch	1253	C	C	343	4	1.15%	2	1	93	93	0.06195926601136401	1	1	199	144	0	4	T
barcode06_consensus_vsearch	1254	A	A	345	3	0.85%	2	2	93	93	0.12446043165476364	1	1	197	148	2	1	G
barcode06_consensus_vsearch	1255	T	T	346	4	1.14%	2	2	93	93	0.06196390416311995	1	1	199	147	1	3	C
barcode06_consensus_vsearch	1256	G	G	347	2	0.57%	2	1	93	93	0.24964131994254463	1	1	198	149	2	0	A
barcode06_consensus_vsearch	1257	G	G	342	3	0.85%	2	1	93	93	0.12445573294627689	1	1	195	147	3	0	+C
barcode06_consensus_vsearch	1258	C	C	345	4	1.14%	2	1	93	93	0.061962366978748344	1	1	198	147	0	4	A
barcode06_consensus_vsearch	1259	C	C	350	2	0.57%	2	1	93	93	0.2496443812233433	1	1	200	150	0	2	T
barcode06_consensus_vsearch	1260	G	G	350	2	0.57%	2	2	93	93	0.2496443812233433	1	1	199	151	1	1	+T
barcode06_consensus_vsearch	1261	T	T	351	2	0.57%	2	1	93	93	0.24964539007068368	1	1	200	151	0	2	+C
barcode06_consensus_vsearch	1262	T	T	350	2	0.57%	2	1	93	93	0.2496443812233433	1	1	200	150	0	2	-C
barcode06_consensus_vsearch	1263	C	C	344	3	0.86%	2	1	93	93	0.12445887445888035	1	1	199	145	0	3	-T
barcode06_consensus_vsearch	1264	T	T	346	2	0.57%	2	1	93	93	0.2496402877699066	1	1	198	148	2	0	C
barcode06_consensus_vsearch	1265	T	T	352	1	0.28%	2	1	93	93	0.4999999999999138	1	1	200	152	0	1	-AGTT
barcode06_consensus_vsearch	1266	A	A	342	6	1.7%	2	2	93	93	0.015289228950998206	1	1	197	145	3	3	G
barcode06_consensus_vsearch	1267	G	G	343	2	0.57%	2	1	93	93	0.24963715529753122	1	1	196	147	2	0	A
barcode06_consensus_vsearch	1268	T	T	350	1	0.28%	2	1	93	93	0.4999999999999138	1	1	200	150	0	1	C
barcode06_consensus_vsearch	1269	T	T	347	2	0.57%	2	1	93	93	0.24964131994254463	1	1	198	149	0	2	-G
barcode06_consensus_vsearch	1270	G	G	350	1	0.28%	2	1	93	93	0.4999999999999138	1	1	199	151	1	0	+T
barcode06_consensus_vsearch	1271	G	G	352	1	0.28%	2	1	93	93	0.4999999999999138	1	1	199	153	1	0	+A
barcode06_consensus_vsearch	1272	T	T	344	3	0.85%	2	1	93	93	0.12445887445888035	1	1	198	146	0	3	+G
barcode06_consensus_vsearch	1273	G	G	349	1	0.29%	2	1	93	93	0.4999999999999138	1	1	197	152	1	0	+T
barcode06_consensus_vsearch	1274	G	*/-A	345	7	1.98%	2	1	93	93	0.007580787381458834	1	1	192	153	7	0	-A
barcode06_consensus_vsearch	1275	A	A	344	2	0.58%	2	1	93	93	0.2496382054993181	1	1	191	153	2	0	+G
barcode06_consensus_vsearch	1276	G	G	347	3	0.85%	2	1	93	93	0.12446351931328528	1	1	198	149	0	3	-T
barcode06_consensus_vsearch	1277	T	T	339	5	1.43%	2	1	93	93	0.030796119805779988	1	1	190	149	5	0	-G
barcode06_consensus_vsearch	1278	G	*/-A	333	10	2.87%	2	1	93	93	9.137141362428344E-4	1	1	182	151	10	0	-A
barcode06_consensus_vsearch	1279	A	A	337	4	1.17%	2	2	93	93	0.061949744701114674	1	1	189	148	1	3	-T
barcode06_consensus_vsearch	1280	T	K	337	10	2.87%	2	1	93	93	9.14424829084238E-4	1	1	188	149	10	0	G
barcode06_consensus_vsearch	1281	T	T	349	3	0.85%	2	2	93	93	0.12446657183497908	1	1	199	150	1	2	C
barcode06_consensus_vsearch	1282	T	T	346	2	0.57%	2	2	93	93	0.2496402877699066	1	1	199	147	1	1	+A
barcode06_consensus_vsearch	1283	G	G	348	2	0.57%	2	1	93	93	0.2496423462086995	1	1	199	149	0	2	+T
barcode06_consensus_vsearch	1284	T	T	350	2	0.57%	2	1	93	93	0.2496443812233433	1	1	198	152	2	0	C
barcode06_consensus_vsearch	1285	C	C	346	3	0.85%	2	2	93	93	0.12446197991394273	1	1	198	148	1	2	-T
barcode06_consensus_vsearch	1286	T	T	342	3	0.86%	2	1	93	93	0.12445573294627689	1	1	192	150	3	0	-GCT
barcode06_consensus_vsearch	1287	G	*/-CT	334	9	2.58%	2	1	93	93	0.0018520493120850327	1	1	182	152	9	0	-CT
barcode06_consensus_vsearch	1288	C	C	334	2	0.59%	2	1	93	93	0.24962742175848204	1	1	184	150	2	0	-T
barcode06_consensus_vsearch	1289	T	T	337	1	0.3%	2	1	93	93	0.5000000000003686	1	1	184	153	1	0	+ACT
barcode06_consensus_vsearch	1290	T	T	348	2	0.57%	2	1	93	93	0.2496423462086995	1	1	196	152	2	0	-A
barcode06_consensus_vsearch	1291	A	A	349	1	0.29%	2	1	93	93	0.4999999999999138	1	1	196	153	1	0	G
barcode06_consensus_vsearch	1292	A	A	349	2	0.57%	2	1	93	93	0.24964336661915734	1	1	198	151	0	2	G
barcode06_consensus_vsearch	1293	T	T	350	3	0.85%	2	1	93	93	0.12446808510622623	1	1	197	153	3	0	G
barcode06_consensus_vsearch	1294	T	T	350	2	0.57%	2	1	93	93	0.2496443812233433	1	1	200	150	0	2	+G
barcode06_consensus_vsearch	1295	G	G	351	2	0.57%	2	2	93	93	0.24964539007068368	1	1	199	152	1	1	A
barcode06_consensus_vsearch	1296	C	C	349	4	1.13%	2	2	93	93	0.06196846342422332	1	1	199	150	1	3	T
barcode06_consensus_vsearch	1297	G	G	352	1	0.28%	2	1	93	93	0.4999999999999138	1	1	200	152	0	1	A
barcode06_consensus_vsearch	1298	A	A	351	1	0.28%	2	1	93	93	0.4999999999999138	1	1	199	152	1	0	+CT
barcode06_consensus_vsearch	1299	T	T	352	1	0.28%	2	1	93	93	0.4999999999999138	1	1	199	153	1	0	-A
barcode06_consensus_vsearch	1300	A	A	351	1	0.28%	2	1	93	93	0.4999999999999138	1	1	198	153	1	0	G
barcode06_consensus_vsearch	1301	A	A	352	1	0.28%	2	1	93	93	0.4999999999999138	1	1	199	153	1	0	G
barcode06_consensus_vsearch	1302	C	C	346	4	1.13%	2	2	93	93	0.06196390416311995	1	1	195	151	2	2	T
barcode06_consensus_vsearch	1303	G	G	349	3	0.85%	2	1	93	93	0.12446657183497908	1	1	196	153	3	0	-A
barcode06_consensus_vsearch	1304	A	A	346	3	0.86%	2	1	93	93	0.12446197991394273	1	1	193	153	3	0	G
barcode06_consensus_vsearch	1305	A	A	346	6	1.7%	2	1	93	93	0.015293033503626699	1	1	194	152	6	0	G
barcode06_consensus_vsearch	1306	C	C	343	5	1.42%	2	2	93	93	0.030801332959592774	1	1	192	151	3	2	T
barcode06_consensus_vsearch	1307	G	G	349	2	0.57%	2	1	93	93	0.24964336661915734	1	1	196	153	2	0	+C
barcode06_consensus_vsearch	1308	A	A	347	2	0.57%	2	1	93	93	0.24964131994254463	1	1	196	151	0	2	-GA
barcode06_consensus_vsearch	1309	G	G	349	1	0.29%	2	1	93	93	0.4999999999999138	1	1	198	151	1	0	+A
barcode06_consensus_vsearch	1310	A	A	339	6	1.71%	2	2	93	93	0.015286317813602767	1	1	191	148	4	2	-C
barcode06_consensus_vsearch	1311	C	C	343	1	0.29%	2	1	93	93	0.4999999999999138	1	1	193	150	0	1	+T
barcode06_consensus_vsearch	1312	C	*/-T	315	17	4.83%	2	2	93	93	6.183888537556362E-6	1	1	194	121	1	16	-T
barcode06_consensus_vsearch	1313	T	T	329	2	0.6%	2	1	93	93	0.24962178517399036	1	1	193	136	2	0	A
barcode06_consensus_vsearch	1314	T	T	344	5	1.42%	2	1	93	93	0.03080261759027664	1	1	198	146	0	5	C
barcode06_consensus_vsearch	1315	A	A	349	3	0.85%	2	2	93	93	0.12446657183497908	1	1	198	151	2	1	G
barcode06_consensus_vsearch	1316	A	A	342	6	1.7%	2	1	93	93	0.015289228950998206	1	1	198	144	0	6	+T
barcode06_consensus_vsearch	1317	C	*/+T	340	10	2.84%	2	1	93	93	9.149473929364378E-4	1	1	199	141	0	10	+T
barcode06_consensus_vsearch	1318	C	C	339	5	1.42%	2	2	93	93	0.030796119805779988	1	1	198	141	1	4	+T
barcode06_consensus_vsearch	1319	T	T	345	2	0.57%	2	2	93	93	0.24963924963931935	1	1	198	147	1	1	+G
barcode06_consensus_vsearch	1320	A	A	341	6	1.71%	2	1	93	93	0.015288264148254961	1	1	190	151	6	0	G
barcode06_consensus_vsearch	1321	C	C	346	2	0.57%	2	2	93	93	0.2496402877699066	1	1	196	150	1	1	-T
barcode06_consensus_vsearch	1322	T	T	341	6	1.71%	2	2	93	93	0.015288264148254961	1	1	198	143	1	5	C
barcode06_consensus_vsearch	1323	A	A	350	0	0%	2	0	93	0	1.0	1	0	200	150	0	0	
barcode06_consensus_vsearch	1324	A	A	352	0	0%	2	0	93	0	1.0	1	0	200	152	0	0	
barcode06_consensus_vsearch	1325	A	A	350	1	0.28%	2	1	93	93	0.4999999999999138	1	1	199	151	1	0	+C
barcode06_consensus_vsearch	1326	T	T	345	4	1.13%	2	1	93	93	0.061962366978748344	1	1	197	148	0	4	C
barcode06_consensus_vsearch	1327	A	A	347	2	0.57%	2	2	93	93	0.24964131994254463	1	1	197	150	1	1	-G
barcode06_consensus_vsearch	1328	G	G	348	1	0.28%	2	1	93	93	0.4999999999999138	1	1	197	151	1	0	-C
barcode06_consensus_vsearch	1329	C	C	345	4	1.14%	2	2	93	93	0.061962366978748344	1	1	195	150	1	3	T
barcode06_consensus_vsearch	1330	C	C	349	3	0.85%	2	2	93	93	0.12446657183497908	1	1	198	151	1	2	T
barcode06_consensus_vsearch	1331	C	C	347	2	0.57%	2	1	93	93	0.24964131994254463	1	1	196	151	0	2	T
barcode06_consensus_vsearch	1332	G	G	344	5	1.42%	2	2	93	93	0.03080261759027664	1	1	193	151	3	2	A
barcode06_consensus_vsearch	1333	T	T	341	6	1.7%	2	2	93	93	0.015288264148254961	1	1	192	149	3	3	C
barcode06_consensus_vsearch	1334	A	A	342	3	0.86%	2	1	93	93	0.12445573294627689	1	1	191	151	3	0	+T
barcode06_consensus_vsearch	1335	T	T	342	2	0.57%	2	1	93	93	0.24963609898113429	1	1	191	151	2	0	+G
barcode06_consensus_vsearch	1336	T	T	348	2	0.57%	2	2	93	93	0.2496423462086995	1	1	197	151	1	1	C
barcode06_consensus_vsearch	1337	G	G	349	1	0.28%	2	1	93	93	0.4999999999999138	1	1	197	152	1	0	+TATG
barcode06_consensus_vsearch	1338	C	*/-T	322	15	4.25%	2	2	93	93	2.602554622851478E-5	1	1	185	137	1	14	-T
barcode06_consensus_vsearch	1339	T	T	329	1	0.3%	2	1	93	93	0.5000000000003686	1	1	191	138	1	0	+GCC
barcode06_consensus_vsearch	1340	T	T	345	1	0.29%	2	1	93	93	0.4999999999999138	1	1	193	152	0	1	C
barcode06_consensus_vsearch	1341	T	T	350	2	0.57%	2	1	93	93	0.2496443812233433	1	1	199	151	0	2	-G
barcode06_consensus_vsearch	1342	G	G	351	0	0%	2	0	93	0	1.0	1	0	200	151	0	0	
barcode06_consensus_vsearch	1343	G	G	349	4	1.13%	2	2	93	93	0.06196846342422332	1	1	199	150	1	3	-CAG
barcode06_consensus_vsearch	1344	C	C	344	1	0.29%	2	1	93	93	0.4999999999999138	1	1	197	147	1	0	+A
barcode06_consensus_vsearch	1345	A	R	328	17	4.89%	2	2	93	93	6.234249472730208E-6	1	1	181	147	16	1	G
barcode06_consensus_vsearch	1346	G	G	347	1	0.29%	2	1	93	93	0.4999999999999138	1	1	198	149	1	0	T
barcode06_consensus_vsearch	1347	T	T	349	2	0.57%	2	1	93	93	0.24964336661915734	1	1	199	150	0	2	C
barcode06_consensus_vsearch	1348	A	A	347	2	0.57%	2	1	93	93	0.24964131994254463	1	1	197	150	2	0	G
barcode06_consensus_vsearch	1349	C	C	346	2	0.57%	2	1	93	93	0.2496402877699066	1	1	196	150	2	0	-G
barcode06_consensus_vsearch	1350	G	G	349	0	0%	2	0	93	0	1.0	1	0	197	152	0	0	
barcode06_consensus_vsearch	1351	C	C	346	2	0.57%	2	2	93	93	0.2496402877699066	1	1	196	150	1	1	+TT
barcode06_consensus_vsearch	1352	T	T	348	2	0.57%	2	1	93	93	0.2496423462086995	1	1	199	149	0	2	+C
barcode06_consensus_vsearch	1353	G	G	351	1	0.28%	2	1	93	93	0.4999999999999138	1	1	200	151	0	1	+T
barcode06_consensus_vsearch	1354	G	G	346	5	1.42%	2	1	93	93	0.03080516490845092	1	1	199	147	0	5	-C
barcode06_consensus_vsearch	1355	C	C	336	3	0.86%	2	2	93	93	0.12444608567222228	1	1	194	142	2	1	-T
barcode06_consensus_vsearch	1356	T	T	343	2	0.58%	2	2	93	93	0.24963715529753122	1	1	192	151	1	1	C
barcode06_consensus_vsearch	1357	T	*/-CTT	329	9	2.57%	2	1	93	93	0.0018505754546696879	1	1	192	137	0	9	-CTT
barcode06_consensus_vsearch	1358	C	C	328	6	1.79%	2	2	93	93	0.015275197600068968	1	1	196	132	1	5	-T
barcode06_consensus_vsearch	1359	T	W	315	10	3.04%	2	1	93	93	9.103040047076643E-4	1	1	183	132	10	0	A
barcode06_consensus_vsearch	1360	T	*/+A	322	17	4.96%	2	1	93	93	6.211447452082619E-6	1	1	181	141	17	0	+A
barcode06_consensus_vsearch	1361	A	*/+G	341	7	1.99%	2	1	93	93	0.007578139567014644	1	1	198	143	0	7	+G
barcode06_consensus_vsearch	1362	G	G	345	4	1.13%	2	1	93	93	0.061962366978748344	1	1	195	150	4	0	-AGG
barcode06_consensus_vsearch	1363	A	*/-G	313	26	7.51%	2	2	93	93	9.054196297908849E-9	1	1	166	147	24	2	-G
barcode06_consensus_vsearch	1364	G	G	322	1	0.31%	2	1	93	93	0.4999999999999138	1	1	171	151	1	0	+AG
barcode06_consensus_vsearch	1365	G	G	346	1	0.29%	2	1	93	93	0.4999999999999138	1	1	193	153	1	0	+A
barcode06_consensus_vsearch	1366	G	G	349	2	0.57%	2	1	93	93	0.24964336661915734	1	1	196	153	2	0	-A
barcode06_consensus_vsearch	1367	A	A	349	1	0.28%	2	1	93	93	0.4999999999999138	1	1	196	153	1	0	+G
barcode06_consensus_vsearch	1368	C	C	351	1	0.28%	2	1	93	93	0.4999999999999138	1	1	199	152	1	0	+GC
barcode06_consensus_vsearch	1369	T	T	349	3	0.85%	2	1	93	93	0.12446657183497908	1	1	197	152	3	0	C
barcode06_consensus_vsearch	1370	A	A	350	1	0.28%	2	1	93	93	0.4999999999999138	1	1	198	152	0	1	+C
barcode06_consensus_vsearch	1371	T	*/-C	333	14	3.98%	2	1	93	93	5.33949482514561E-5	1	1	181	152	14	0	-C
barcode06_consensus_vsearch	1372	C	C	338	1	0.29%	2	1	93	93	0.4999999999999138	1	1	185	153	1	0	T
barcode06_consensus_vsearch	1373	C	C	349	2	0.57%	2	2	93	93	0.24964336661915734	1	1	198	151	1	1	T
barcode06_consensus_vsearch	1374	G	G	349	2	0.57%	2	1	93	93	0.24964336661915734	1	1	197	152	2	0	-C
barcode06_consensus_vsearch	1375	C	C	348	2	0.57%	2	1	93	93	0.2496423462086995	1	1	197	151	0	2	-T
barcode06_consensus_vsearch	1376	T	T	340	6	1.71%	2	1	93	93	0.015287293785191516	1	1	192	148	6	0	+C
barcode06_consensus_vsearch	1377	C	C	344	2	0.57%	2	1	93	93	0.2496382054993181	1	1	196	148	0	2	-A
barcode06_consensus_vsearch	1378	A	A	346	2	0.57%	2	1	93	93	0.2496402877699066	1	1	197	149	2	0	C
barcode06_consensus_vsearch	1379	A	A	351	1	0.28%	2	1	93	93	0.4999999999999138	1	1	200	151	0	1	+G
barcode06_consensus_vsearch	1380	G	G	348	1	0.28%	2	1	93	93	0.4999999999999138	1	1	198	150	1	0	+C
barcode06_consensus_vsearch	1381	C	C	345	3	0.85%	2	1	93	93	0.12446043165476364	1	1	200	145	0	3	-G
barcode06_consensus_vsearch	1382	G	G	348	1	0.29%	2	1	93	93	0.4999999999999138	1	1	200	148	0	1	+T
barcode06_consensus_vsearch	1383	G	G	351	1	0.28%	2	1	93	93	0.4999999999999138	1	1	200	151	0	1	A
barcode06_consensus_vsearch	1384	A	A	348	2	0.57%	2	1	93	93	0.2496423462086995	1	1	200	148	0	2	-T
barcode06_consensus_vsearch	1385	T	T	347	1	0.29%	2	1	93	93	0.4999999999999138	1	1	199	148	0	1	+C
barcode06_consensus_vsearch	1386	G	G	349	1	0.28%	2	1	93	93	0.4999999999999138	1	1	200	149	0	1	+C
barcode06_consensus_vsearch	1387	G	G	347	4	1.14%	2	2	93	93	0.06196543258251349	1	1	196	151	3	1	-A
barcode06_consensus_vsearch	1388	A	A	344	2	0.58%	2	2	93	93	0.2496382054993181	1	1	195	149	1	1	G
barcode06_consensus_vsearch	1389	A	A	348	2	0.57%	2	2	93	93	0.2496423462086995	1	1	197	151	1	1	G
barcode06_consensus_vsearch	1390	G	*/-T	306	34	9.66%	2	2	93	93	2.443164996143098E-11	1	1	160	146	31	3	-T
barcode06_consensus_vsearch	1391	T	T	310	2	0.64%	2	1	93	93	0.24959871589081897	1	1	165	145	0	2	C
barcode06_consensus_vsearch	1392	T	T	348	1	0.29%	2	1	93	93	0.4999999999999138	1	1	198	150	1	0	C
barcode06_consensus_vsearch	1393	T	T	351	1	0.28%	2	1	93	93	0.4999999999999138	1	1	199	152	1	0	A
barcode06_consensus_vsearch	1394	T	T	345	2	0.57%	2	1	93	93	0.24963924963931935	1	1	195	150	2	0	+A
barcode06_consensus_vsearch	1395	A	A	340	5	1.42%	2	2	93	93	0.030797434418565302	1	1	196	144	1	4	-G
barcode06_consensus_vsearch	1396	G	G	343	3	0.87%	2	1	93	93	0.124457308248865	1	1	194	149	3	0	A
barcode06_consensus_vsearch	1397	G	G	345	4	1.14%	2	2	93	93	0.061962366978748344	1	1	195	150	3	1	A
barcode06_consensus_vsearch	1398	C	*/-A	325	19	5.44%	2	2	93	93	1.4773756308010322E-6	1	1	195	130	2	17	-A
barcode06_consensus_vsearch	1399	A	A	327	2	0.6%	2	1	93	93	0.24961948249601232	1	1	194	133	2	0	G
barcode06_consensus_vsearch	1400	A	A	348	1	0.28%	2	1	93	93	0.4999999999999138	1	1	197	151	1	0	+C
barcode06_consensus_vsearch	1401	T	Y	328	22	6.29%	2	2	93	93	1.6961212151033067E-7	1	1	198	130	1	21	C
barcode06_consensus_vsearch	1402	A	A	349	1	0.28%	2	1	93	93	0.4999999999999138	1	1	199	150	1	0	C
barcode06_consensus_vsearch	1403	A	A	350	1	0.28%	2	1	93	93	0.4999999999999138	1	1	198	152	1	0	+TAA
barcode06_consensus_vsearch	1404	C	C	351	1	0.28%	2	1	93	93	0.4999999999999138	1	1	198	153	1	0	+A
barcode06_consensus_vsearch	1405	A	A	344	5	1.42%	2	1	93	93	0.03080261759027664	1	1	191	153	5	0	G
barcode06_consensus_vsearch	1406	G	G	350	1	0.28%	2	1	93	93	0.4999999999999138	1	1	197	153	1	0	+A
barcode06_consensus_vsearch	1407	G	G	352	0	0%	2	0	93	0	1.0	1	0	199	153	0	0	
barcode06_consensus_vsearch	1408	T	T	349	1	0.28%	2	1	93	93	0.4999999999999138	1	1	196	153	1	0	+C
barcode06_consensus_vsearch	1409	C	C	351	1	0.28%	2	1	93	93	0.4999999999999138	1	1	198	153	1	0	A
barcode06_consensus_vsearch	1410	T	T	348	2	0.57%	2	1	93	93	0.2496423462086995	1	1	198	150	0	2	A
barcode06_consensus_vsearch	1411	G	G	350	2	0.57%	2	1	93	93	0.2496443812233433	1	1	197	153	2	0	+C
barcode06_consensus_vsearch	1412	T	T	349	2	0.57%	2	1	93	93	0.24964336661915734	1	1	199	150	0	2	C
barcode06_consensus_vsearch	1413	G	G	350	2	0.57%	2	2	93	93	0.2496443812233433	1	1	198	152	1	1	A
barcode06_consensus_vsearch	1414	A	A	349	3	0.85%	2	2	93	93	0.12446657183497908	1	1	198	151	1	2	G
barcode06_consensus_vsearch	1415	T	T	353	0	0%	2	0	93	0	1.0	1	0	200	153	0	0	
barcode06_consensus_vsearch	1416	G	*/+C	343	7	1.98%	2	2	93	93	0.007579470995029922	1	1	196	147	2	5	+C
barcode06_consensus_vsearch	1417	C	C	349	2	0.57%	2	1	93	93	0.24964336661915734	1	1	198	151	0	2	+T
barcode06_consensus_vsearch	1418	C	C	348	2	0.57%	2	1	93	93	0.2496423462086995	1	1	197	151	0	2	+T
barcode06_consensus_vsearch	1419	C	*/-T	342	7	1.98%	2	2	93	93	0.0075788071772909795	1	1	198	144	1	6	-T
barcode06_consensus_vsearch	1420	T	T	342	3	0.87%	2	1	93	93	0.12445573294627689	1	1	198	144	0	3	+CT
barcode06_consensus_vsearch	1421	T	T	350	1	0.28%	2	1	93	93	0.4999999999999138	1	1	197	153	1	0	+G
barcode06_consensus_vsearch	1422	A	A	348	2	0.57%	2	1	93	93	0.2496423462086995	1	1	198	150	0	2	+G
barcode06_consensus_vsearch	1423	G	G	352	0	0%	2	0	93	0	1.0	1	0	199	153	0	0	
barcode06_consensus_vsearch	1424	A	A	350	2	0.57%	2	1	93	93	0.2496443812233433	1	1	198	152	2	0	G
barcode06_consensus_vsearch	1425	T	T	347	2	0.57%	2	1	93	93	0.24964131994254463	1	1	197	150	2	0	+A
barcode06_consensus_vsearch	1426	G	G	349	2	0.57%	2	1	93	93	0.24964336661915734	1	1	197	152	2	0	T
barcode06_consensus_vsearch	1427	T	T	351	2	0.57%	2	1	93	93	0.24964539007068368	1	1	200	151	0	2	C
barcode06_consensus_vsearch	1428	T	T	347	2	0.57%	2	2	93	93	0.24964131994254463	1	1	195	152	1	1	-CT
barcode06_consensus_vsearch	1429	C	C	349	1	0.29%	2	1	93	93	0.4999999999999138	1	1	198	151	0	1	+T
barcode06_consensus_vsearch	1430	T	T	336	6	1.71%	2	2	93	93	0.015283355757130674	1	1	194	142	1	5	-G
barcode06_consensus_vsearch	1431	G	G	339	6	1.73%	2	2	93	93	0.015286317813602767	1	1	194	145	5	1	A
barcode06_consensus_vsearch	1432	G	G	348	2	0.57%	2	2	93	93	0.2496423462086995	1	1	198	150	1	1	A
barcode06_consensus_vsearch	1433	G	G	347	2	0.57%	2	1	93	93	0.24964131994254463	1	1	197	150	0	2	+T
barcode06_consensus_vsearch	1434	C	C	346	2	0.57%	2	1	93	93	0.2496402877699066	1	1	197	149	2	0	A
barcode06_consensus_vsearch	1435	C	C	340	5	1.42%	2	2	93	93	0.030797434418565302	1	1	197	143	1	4	T
barcode06_consensus_vsearch	1436	G	G	340	6	1.71%	2	2	93	93	0.015287293785191516	1	1	192	148	5	1	A
barcode06_consensus_vsearch	1437	C	C	343	3	0.85%	2	2	93	93	0.124457308248865	1	1	195	148	1	2	T
barcode06_consensus_vsearch	1438	A	*/+T	343	7	1.99%	2	1	93	93	0.007579470995029922	1	1	198	145	0	7	+T
barcode06_consensus_vsearch	1439	C	C	346	3	0.85%	2	1	93	93	0.12446197991394273	1	1	196	150	3	0	+AC
barcode06_consensus_vsearch	1440	G	G	346	6	1.7%	2	1	93	93	0.015293033503626699	1	1	199	147	0	6	-CGCG
barcode06_consensus_vsearch	1441	C	C	344	1	0.29%	2	1	93	93	0.4999999999999138	1	1	198	146	1	0	-GCGT
barcode06_consensus_vsearch	1442	G	*/-CG	284	58	16.76%	2	2	93	93	2.4704439246296096E-19	1	1	167	117	30	28	-CG
barcode06_consensus_vsearch	1443	C	C	280	4	1.39%	2	1	93	93	0.061839209626879055	1	1	169	111	0	4	T
barcode06_consensus_vsearch	1444	G	G	278	4	1.4%	2	2	93	93	0.06183451904904406	1	1	164	114	3	1	A
barcode06_consensus_vsearch	1445	T	T	345	3	0.86%	2	1	93	93	0.12446043165476364	1	1	198	147	0	3	C
barcode06_consensus_vsearch	1446	T	T	350	2	0.57%	2	1	93	93	0.2496443812233433	1	1	200	150	0	2	+A
barcode06_consensus_vsearch	1447	A	A	350	2	0.57%	2	1	93	93	0.2496443812233433	1	1	200	150	0	2	+G
barcode06_consensus_vsearch	1448	C	C	346	6	1.7%	2	1	93	93	0.015293033503626699	1	1	193	153	6	0	-AC
barcode06_consensus_vsearch	1449	A	A	343	1	0.29%	2	1	93	93	0.4999999999999138	1	1	192	151	1	0	+CC
barcode06_consensus_vsearch	1450	C	C	343	3	0.86%	2	1	93	93	0.124457308248865	1	1	194	149	0	3	+T
barcode06_consensus_vsearch	1451	T	T	345	4	1.14%	2	1	93	93	0.061962366978748344	1	1	198	147	0	4	+G
barcode06_consensus_vsearch	1452	G	G	353	0	0%	2	0	93	0	1.0	1	0	200	153	0	0	
barcode06_consensus_vsearch	1453	A	A	352	1	0.28%	2	1	93	93	0.4999999999999138	1	1	199	153	1	0	+C
barcode06_consensus_vsearch	1454	C	C	350	2	0.57%	2	1	93	93	0.2496443812233433	1	1	198	152	2	0	T
barcode06_consensus_vsearch	1455	G	G	345	5	1.42%	2	2	93	93	0.030803894885687386	1	1	193	152	4	1	A
barcode06_consensus_vsearch	1456	G	G	345	5	1.42%	2	1	93	93	0.030803894885687386	1	1	192	153	5	0	-A
barcode06_consensus_vsearch	1457	A	A	346	1	0.29%	2	1	93	93	0.4999999999999138	1	1	194	152	1	0	+G
barcode06_consensus_vsearch	1458	G	G	348	3	0.85%	2	1	93	93	0.12446504992864586	1	1	196	152	3	0	A
barcode06_consensus_vsearch	1459	C	C	349	2	0.57%	2	2	93	93	0.24964336661915734	1	1	198	151	1	1	T
barcode06_consensus_vsearch	1460	C	C	347	2	0.57%	2	1	93	93	0.24964131994254463	1	1	197	150	2	0	-AGC
barcode06_consensus_vsearch	1461	A	A	346	3	0.86%	2	1	93	93	0.12446197991394273	1	1	196	150	0	3	-G
barcode06_consensus_vsearch	1462	G	G	344	2	0.57%	2	1	93	93	0.2496382054993181	1	1	197	147	0	2	-C
barcode06_consensus_vsearch	1463	C	C	339	5	1.44%	2	2	93	93	0.030796119805779988	1	1	194	145	1	4	T
barcode06_consensus_vsearch	1464	G	G	346	5	1.42%	2	1	93	93	0.03080516490845092	1	1	195	151	5	0	-A
barcode06_consensus_vsearch	1465	A	R	338	7	2.02%	2	2	93	93	0.007576113653235487	1	1	189	149	4	3	G
barcode06_consensus_vsearch	1466	G	G	346	2	0.57%	2	1	93	93	0.2496402877699066	1	1	196	150	2	0	+T
barcode06_consensus_vsearch	1467	T	T	345	5	1.42%	2	1	93	93	0.030803894885687386	1	1	199	146	0	5	+C
barcode06_consensus_vsearch	1468	T	*/-C	339	13	3.68%	2	2	93	93	1.0904851456684069E-4	1	1	196	143	4	9	-C
barcode06_consensus_vsearch	1469	C	C	338	1	0.29%	2	1	93	93	0.4999999999999138	1	1	195	143	1	0	+A
barcode06_consensus_vsearch	1470	C	C	348	3	0.85%	2	2	93	93	0.12446504992864586	1	1	199	149	1	2	-T
barcode06_consensus_vsearch	1471	T	*/+C	331	9	2.58%	2	2	93	93	0.0018511701245308928	1	1	193	138	1	8	+C
barcode06_consensus_vsearch	1472	C	C	346	1	0.29%	2	1	93	93	0.4999999999999138	1	1	197	149	1	0	+A
barcode06_consensus_vsearch	1473	C	*/-T	340	8	2.27%	2	1	93	93	0.0037505741543597316	1	1	200	140	0	8	-T
barcode06_consensus_vsearch	1474	T	T	337	4	1.17%	2	1	93	93	0.061949744701114674	1	1	199	138	0	4	C
barcode06_consensus_vsearch	1475	T	T	344	3	0.85%	2	1	93	93	0.12445887445888035	1	1	198	146	0	3	G
barcode06_consensus_vsearch	1476	G	G	344	6	1.71%	2	1	93	93	0.015291142065558237	1	1	193	151	6	0	A
barcode06_consensus_vsearch	1477	G	G	353	0	0%	2	0	93	0	1.0	1	0	200	153	0	0	
barcode06_consensus_vsearch	1478	C	C	346	4	1.13%	2	1	93	93	0.06196390416311995	1	1	194	152	4	0	-A
barcode06_consensus_vsearch	1479	A	A	345	2	0.57%	2	2	93	93	0.24963924963931935	1	1	193	152	1	1	G
barcode06_consensus_vsearch	1480	G	G	349	1	0.28%	2	1	93	93	0.4999999999999138	1	1	197	152	1	0	+A
barcode06_consensus_vsearch	1481	A	A	336	6	1.71%	2	2	93	93	0.015283355757130674	1	1	190	146	3	3	G
barcode06_consensus_vsearch	1482	G	G	341	2	0.58%	2	1	93	93	0.24963503649639607	1	1	192	149	2	0	-A
barcode06_consensus_vsearch	1483	A	A	344	2	0.58%	2	1	93	93	0.2496382054993181	1	1	197	147	0	2	+GA
barcode06_consensus_vsearch	1484	T	T	347	2	0.57%	2	1	93	93	0.24964131994254463	1	1	195	152	2	0	-G
barcode06_consensus_vsearch	1485	G	G	346	3	0.86%	2	2	93	93	0.12446197991394273	1	1	194	152	2	1	-C
barcode06_consensus_vsearch	1486	C	C	349	0	0%	2	0	93	0	1.0	1	0	197	152	0	0	
barcode06_consensus_vsearch	1487	C	C	353	0	0%	2	0	93	0	1.0	1	0	200	153	0	0	
barcode06_consensus_vsearch	1488	T	T	341	6	1.7%	2	2	93	93	0.015288264148254961	1	1	197	144	1	5	C
barcode06_consensus_vsearch	1489	G	G	347	1	0.29%	2	1	93	93	0.4999999999999138	1	1	199	148	0	1	A
barcode06_consensus_vsearch	1490	G	G	345	3	0.85%	2	1	93	93	0.12446043165476364	1	1	196	149	3	0	+A
barcode06_consensus_vsearch	1491	G	G	350	2	0.57%	2	2	93	93	0.2496443812233433	1	1	199	151	1	1	-T
barcode06_consensus_vsearch	1492	T	T	347	2	0.57%	2	1	93	93	0.24964131994254463	1	1	197	150	2	0	-A
barcode06_consensus_vsearch	1493	A	A	348	2	0.57%	2	2	93	93	0.2496423462086995	1	1	197	151	1	1	C
barcode06_consensus_vsearch	1494	A	A	349	3	0.85%	2	2	93	93	0.12446657183497908	1	1	198	151	2	1	G
barcode06_consensus_vsearch	1495	T	T	348	2	0.57%	2	2	93	93	0.2496423462086995	1	1	198	150	1	1	C
barcode06_consensus_vsearch	1496	C	C	346	5	1.42%	2	1	93	93	0.03080516490845092	1	1	199	147	0	5	+T
barcode06_consensus_vsearch	1497	T	T	352	0	0%	2	0	93	0	1.0	1	0	199	153	0	0	
barcode06_consensus_vsearch	1498	T	T	347	4	1.13%	2	2	93	93	0.06196543258251349	1	1	198	149	1	3	C
barcode06_consensus_vsearch	1499	G	G	352	0	0%	2	0	93	0	1.0	1	0	199	153	0	0	
barcode06_consensus_vsearch	1500	T	T	349	2	0.57%	2	2	93	93	0.24964336661915734	1	1	198	151	1	1	C
barcode06_consensus_vsearch	1501	T	T	350	1	0.28%	2	1	93	93	0.4999999999999138	1	1	199	151	1	0	+A
barcode06_consensus_vsearch	1502	A	A	350	1	0.28%	2	1	93	93	0.4999999999999138	1	1	199	151	0	1	+GCA
barcode06_consensus_vsearch	1503	A	A	351	1	0.28%	2	1	93	93	0.4999999999999138	1	1	199	152	0	1	+C
barcode06_consensus_vsearch	1504	A	A	348	4	1.13%	2	1	93	93	0.06196695231151725	1	1	195	153	4	0	G
barcode06_consensus_vsearch	1505	C	C	349	3	0.85%	2	1	93	93	0.12446657183497908	1	1	200	149	0	3	-T
barcode06_consensus_vsearch	1506	T	T	343	5	1.43%	2	2	93	93	0.030801332959592774	1	1	194	149	4	1	-C
barcode06_consensus_vsearch	1507	C	C	348	0	0%	2	0	93	0	1.0	1	0	196	152	0	0	
barcode06_consensus_vsearch	1508	C	C	350	1	0.28%	2	1	93	93	0.4999999999999138	1	1	198	152	1	0	-G
barcode06_consensus_vsearch	1509	G	G	349	2	0.57%	2	2	93	93	0.24964336661915734	1	1	198	151	1	1	A
barcode06_consensus_vsearch	1510	T	T	351	2	0.57%	2	1	93	93	0.24964539007068368	1	1	198	153	2	0	-CGT
barcode06_consensus_vsearch	1511	C	C	351	0	0%	2	0	93	0	1.0	1	0	198	153	0	0	
barcode06_consensus_vsearch	1512	G	G	348	1	0.28%	2	1	93	93	0.4999999999999138	1	1	197	151	0	1	-TG
barcode06_consensus_vsearch	1513	T	T	346	2	0.57%	2	1	93	93	0.2496402877699066	1	1	198	148	0	2	C
barcode06_consensus_vsearch	1514	G	G	346	3	0.86%	2	2	93	93	0.12446197991394273	1	1	198	148	1	2	-CTG
barcode06_consensus_vsearch	1515	C	C	347	1	0.29%	2	1	93	93	0.4999999999999138	1	1	199	148	0	1	T
barcode06_consensus_vsearch	1516	T	*/-G	331	12	3.44%	2	2	93	93	2.2138194180680858E-4	1	1	190	141	6	6	-G
barcode06_consensus_vsearch	1517	G	G	334	2	0.59%	2	2	93	93	0.24962742175848204	1	1	191	143	1	1	A
barcode06_consensus_vsearch	1518	G	G	350	2	0.57%	2	1	93	93	0.2496443812233433	1	1	197	153	2	0	A
barcode06_consensus_vsearch	1519	G	G	349	4	1.13%	2	2	93	93	0.06196846342422332	1	1	197	152	3	1	A
barcode06_consensus_vsearch	1520	G	G	351	1	0.28%	2	1	93	93	0.4999999999999138	1	1	199	152	0	1	-A
barcode06_consensus_vsearch	1521	A	A	347	2	0.57%	2	1	93	93	0.24964131994254463	1	1	195	152	2	0	G
barcode06_consensus_vsearch	1522	T	T	346	3	0.85%	2	1	93	93	0.12446197991394273	1	1	194	152	3	0	-A
barcode06_consensus_vsearch	1523	A	A	343	4	1.15%	2	2	93	93	0.06195926601136401	1	1	191	152	3	1	G
barcode06_consensus_vsearch	1524	G	G	344	5	1.42%	2	2	93	93	0.03080261759027664	1	1	193	151	4	1	+A
barcode06_consensus_vsearch	1525	A	A	343	3	0.85%	2	1	93	93	0.124457308248865	1	1	195	148	0	3	G
barcode06_consensus_vsearch	1526	G	R	338	10	2.87%	2	1	93	93	9.145999987969954E-4	1	1	187	151	10	0	A
barcode06_consensus_vsearch	1527	C	C	345	3	0.85%	2	1	93	93	0.12446043165476364	1	1	196	149	0	3	T
barcode06_consensus_vsearch	1528	A	A	348	1	0.28%	2	1	93	93	0.4999999999999138	1	1	196	152	1	0	+T
barcode06_consensus_vsearch	1529	T	T	348	1	0.28%	2	1	93	93	0.4999999999999138	1	1	197	151	0	1	+CAT
barcode06_consensus_vsearch	1530	T	T	350	1	0.28%	2	1	93	93	0.4999999999999138	1	1	198	152	0	1	+A
barcode06_consensus_vsearch	1531	G	G	346	6	1.7%	2	2	93	93	0.015293033503626699	1	1	195	151	5	1	A
barcode06_consensus_vsearch	1532	C	C	342	5	1.42%	2	2	93	93	0.03080004093026935	1	1	194	148	3	2	-A
barcode06_consensus_vsearch	1533	A	A	342	2	0.58%	2	1	93	93	0.24963609898113429	1	1	192	150	2	0	C
barcode06_consensus_vsearch	1534	A	A	348	4	1.14%	2	2	93	93	0.06196695231151725	1	1	196	152	3	1	G
barcode06_consensus_vsearch	1535	T	T	346	3	0.85%	2	2	93	93	0.12446197991394273	1	1	195	151	1	2	C
barcode06_consensus_vsearch	1536	T	*/-A	337	13	3.68%	2	1	93	93	1.0897695997386058E-4	1	1	185	152	13	0	-A
barcode06_consensus_vsearch	1537	A	A	335	4	1.18%	2	1	93	93	0.06194649597906977	1	1	182	153	4	0	G
barcode06_consensus_vsearch	1538	T	K	332	13	3.69%	2	1	93	93	1.0879458901301205E-4	1	1	182	150	13	0	G
barcode06_consensus_vsearch	1539	T	T	348	2	0.57%	2	2	93	93	0.2496423462086995	1	1	197	151	1	1	C
barcode06_consensus_vsearch	1540	G	G	343	5	1.42%	2	1	93	93	0.030801332959592774	1	1	196	147	0	5	+C
barcode06_consensus_vsearch	1541	C	C	349	2	0.57%	2	2	93	93	0.24964336661915734	1	1	198	151	1	1	A
barcode06_consensus_vsearch	1542	T	T	342	6	1.7%	2	1	93	93	0.015289228950998206	1	1	199	143	0	6	-C
barcode06_consensus_vsearch	1543	C	C	338	5	1.45%	2	1	93	93	0.03079479753340632	1	1	198	140	0	5	+T
barcode06_consensus_vsearch	1544	T	T	349	0	0%	2	0	93	0	1.0	1	0	198	151	0	0	
barcode06_consensus_vsearch	1545	T	T	346	2	0.57%	2	1	93	93	0.2496402877699066	1	1	196	150	2	0	+C
barcode06_consensus_vsearch	1546	C	C	347	2	0.57%	2	1	93	93	0.24964131994254463	1	1	198	149	0	2	+A
barcode06_consensus_vsearch	1547	A	A	349	3	0.85%	2	2	93	93	0.12446657183497908	1	1	197	152	2	1	G
barcode06_consensus_vsearch	1548	A	A	349	4	1.13%	2	2	93	93	0.06196846342422332	1	1	197	152	3	1	G
barcode06_consensus_vsearch	1549	C	C	350	1	0.28%	2	1	93	93	0.4999999999999138	1	1	198	152	1	0	+A
barcode06_consensus_vsearch	1550	G	G	342	5	1.42%	2	2	93	93	0.03080004093026935	1	1	190	152	4	1	-A
barcode06_consensus_vsearch	1551	A	A	332	5	1.44%	2	1	93	93	0.03078669923355125	1	1	185	147	5	0	+G
barcode06_consensus_vsearch	1552	G	G	346	1	0.29%	2	1	93	93	0.4999999999999138	1	1	195	151	1	0	A
barcode06_consensus_vsearch	1553	G	G	349	3	0.85%	2	2	93	93	0.12446657183497908	1	1	197	152	2	1	-A
barcode06_consensus_vsearch	1554	A	A	346	2	0.57%	2	1	93	93	0.2496402877699066	1	1	195	151	2	0	+G
barcode06_consensus_vsearch	1555	A	A	347	3	0.85%	2	2	93	93	0.12446351931328528	1	1	197	150	2	1	G
barcode06_consensus_vsearch	1556	T	*/-C	287	45	12.78%	2	2	93	93	5.7414649613204316E-15	1	1	145	142	40	5	-C
barcode06_consensus_vsearch	1557	C	C	293	2	0.67%	2	1	93	93	0.2495755517827581	1	1	150	143	0	2	T
barcode06_consensus_vsearch	1558	C	C	329	6	1.75%	2	1	93	93	0.015276238612881932	1	1	189	140	0	6	+T
barcode06_consensus_vsearch	1559	C	*/-T	327	9	2.55%	2	2	93	93	0.0018499738086392118	1	1	197	130	1	8	-T
barcode06_consensus_vsearch	1560	T	T	338	4	1.16%	2	1	93	93	0.06195135480287766	1	1	195	143	4	0	+G
barcode06_consensus_vsearch	1561	A	A	336	5	1.42%	2	2	93	93	0.03079212974078601	1	1	195	141	4	1	-G
barcode06_consensus_vsearch	1562	G	G	343	1	0.29%	2	1	93	93	0.4999999999999138	1	1	194	149	1	0	-TAAG
barcode06_consensus_vsearch	1563	T	*/-A	326	15	4.3%	2	1	93	93	2.607526615259342E-5	1	1	182	144	15	0	-A
barcode06_consensus_vsearch	1564	A	A	336	0	0%	2	0	93	0	1.0	1	0	184	152	0	0	
barcode06_consensus_vsearch	1565	A	A	348	3	0.85%	2	2	93	93	0.12446504992864586	1	1	197	151	2	1	G
barcode06_consensus_vsearch	1566	G	G	350	1	0.28%	2	1	93	93	0.4999999999999138	1	1	199	151	0	1	A
barcode06_consensus_vsearch	1567	C	C	350	1	0.28%	2	1	93	93	0.4999999999999138	1	1	199	151	1	0	+T
barcode06_consensus_vsearch	1568	G	G	350	1	0.28%	2	1	93	93	0.4999999999999138	1	1	199	151	1	0	-C
barcode06_consensus_vsearch	1569	C	C	342	4	1.14%	2	2	93	93	0.06195770207455419	1	1	191	151	3	1	-A
barcode06_consensus_vsearch	1570	A	A	349	0	0%	2	0	93	0	1.0	1	0	197	152	0	0	
barcode06_consensus_vsearch	1571	A	A	350	2	0.57%	2	2	93	93	0.2496443812233433	1	1	198	152	1	1	G
barcode06_consensus_vsearch	1572	G	G	352	1	0.28%	2	1	93	93	0.4999999999999138	1	1	199	153	1	0	A
barcode06_consensus_vsearch	1573	T	T	350	2	0.57%	2	1	93	93	0.2496443812233433	1	1	198	152	2	0	-C
barcode06_consensus_vsearch	1574	C	C	350	0	0%	2	0	93	0	1.0	1	0	198	152	0	0	
barcode06_consensus_vsearch	1575	A	A	347	4	1.14%	2	1	93	93	0.06196543258251349	1	1	200	147	0	4	-TCA
barcode06_consensus_vsearch	1576	T	T	340	4	1.15%	2	2	93	93	0.06195454690339171	1	1	194	146	3	1	C
barcode06_consensus_vsearch	1577	C	C	346	1	0.29%	2	1	93	93	0.4999999999999138	1	1	199	147	1	0	-AG
barcode06_consensus_vsearch	1578	A	A	338	4	1.16%	2	1	93	93	0.06195135480287766	1	1	195	143	4	0	G
barcode06_consensus_vsearch	1579	G	G	345	3	0.86%	2	2	93	93	0.12446043165476364	1	1	197	148	2	1	A
barcode06_consensus_vsearch	1580	C	C	342	3	0.85%	2	2	93	93	0.12445573294627689	1	1	196	146	1	2	-T
barcode06_consensus_vsearch	1581	T	T	348	1	0.29%	2	1	93	93	0.4999999999999138	1	1	197	151	1	0	C
barcode06_consensus_vsearch	1582	T	T	348	3	0.85%	2	2	93	93	0.12446504992864586	1	1	198	150	1	2	C
barcode06_consensus_vsearch	1583	G	G	346	3	0.85%	2	2	93	93	0.12446197991394273	1	1	197	149	1	2	A
barcode06_consensus_vsearch	1584	C	C	345	2	0.57%	2	1	93	93	0.24963924963931935	1	1	195	150	2	0	+AC
barcode06_consensus_vsearch	1585	G	G	347	3	0.85%	2	1	93	93	0.12446351931328528	1	1	196	151	3	0	A
barcode06_consensus_vsearch	1586	T	T	344	6	1.71%	2	2	93	93	0.015291142065558237	1	1	197	147	2	4	C
barcode06_consensus_vsearch	1587	T	T	349	2	0.57%	2	1	93	93	0.24964336661915734	1	1	199	150	0	2	C
barcode06_consensus_vsearch	1588	G	G	351	0	0%	2	0	93	0	1.0	1	0	199	152	0	0	
barcode06_consensus_vsearch	1589	A	A	352	0	0%	2	0	93	0	1.0	1	0	199	153	0	0	
barcode06_consensus_vsearch	1590	T	T	350	2	0.57%	2	2	93	93	0.2496443812233433	1	1	198	152	1	1	C
barcode06_consensus_vsearch	1591	T	T	351	1	0.28%	2	1	93	93	0.4999999999999138	1	1	199	152	0	1	A
barcode06_consensus_vsearch	1592	A	A	346	3	0.85%	2	1	93	93	0.12446197991394273	1	1	193	153	3	0	+C
barcode06_consensus_vsearch	1593	C	C	347	2	0.57%	2	1	93	93	0.24964131994254463	1	1	197	150	2	0	+AC
barcode06_consensus_vsearch	1594	G	G	344	3	0.85%	2	1	93	93	0.12445887445888035	1	1	195	149	3	0	+A
barcode06_consensus_vsearch	1595	T	*/-C	323	24	6.82%	2	2	93	93	3.9488770690058475E-8	1	1	177	146	20	4	-C
barcode06_consensus_vsearch	1596	C	C	328	0	0%	2	0	93	0	1.0	1	0	179	149	0	0	
barcode06_consensus_vsearch	1597	C	C	346	4	1.14%	2	1	93	93	0.06196390416311995	1	1	197	149	0	4	+T
barcode06_consensus_vsearch	1598	C	C	344	6	1.7%	2	2	93	93	0.015291142065558237	1	1	197	147	1	5	-T
barcode06_consensus_vsearch	1599	T	T	339	5	1.45%	2	2	93	93	0.030796119805779988	1	1	197	142	1	4	C
barcode06_consensus_vsearch	1600	G	G	346	4	1.14%	2	2	93	93	0.06196390416311995	1	1	195	151	3	1	-C
barcode06_consensus_vsearch	1601	C	C	343	1	0.29%	2	1	93	93	0.4999999999999138	1	1	193	150	1	0	+GC
barcode06_consensus_vsearch	1602	C	C	345	5	1.42%	2	1	93	93	0.030803894885687386	1	1	198	147	0	5	+T
barcode06_consensus_vsearch	1603	C	*/-T	294	54	15.3%	2	2	93	93	5.970120907801742E-18	1	1	196	98	3	51	-T
barcode06_consensus_vsearch	1604	T	Y	288	8	2.69%	2	1	93	93	0.003723530841838437	1	1	197	91	0	8	C
barcode06_consensus_vsearch	1605	T	T	350	1	0.28%	2	1	93	93	0.4999999999999138	1	1	200	150	0	1	+CTT
barcode06_consensus_vsearch	1606	T	T	349	3	0.85%	2	2	93	93	0.12446657183497908	1	1	198	151	2	1	+G
barcode06_consensus_vsearch	1607	G	G	352	1	0.28%	2	1	93	93	0.4999999999999138	1	1	199	153	1	0	-TA
barcode06_consensus_vsearch	1608	T	T	351	1	0.28%	2	1	93	93	0.4999999999999138	1	1	198	153	1	0	C
barcode06_consensus_vsearch	1609	A	A	348	4	1.14%	2	2	93	93	0.06196695231151725	1	1	197	151	2	2	G
barcode06_consensus_vsearch	1610	C	C	352	1	0.28%	2	1	93	93	0.4999999999999138	1	1	199	153	1	0	-ACAC
barcode06_consensus_vsearch	1611	A	A	351	1	0.28%	2	1	93	93	0.4999999999999138	1	1	199	152	0	1	G
barcode06_consensus_vsearch	1612	C	*/-AC	327	20	5.68%	2	2	93	93	7.195262525170003E-7	1	1	178	149	16	4	-AC
barcode06_consensus_vsearch	1613	A	A	324	2	0.61%	2	1	93	93	0.2496159754223989	1	1	178	146	2	0	-C
barcode06_consensus_vsearch	1614	C	C	326	1	0.3%	2	1	93	93	0.4999999999999138	1	1	178	148	1	0	+AC
barcode06_consensus_vsearch	1615	C	Y	340	8	2.28%	2	2	93	93	0.0037505741543597316	1	1	196	144	1	7	T
barcode06_consensus_vsearch	1616	G	G	345	4	1.13%	2	1	93	93	0.061962366978748344	1	1	192	153	4	0	+C
barcode06_consensus_vsearch	1617	C	C	347	1	0.29%	2	1	93	93	0.4999999999999138	1	1	195	152	0	1	+T
barcode06_consensus_vsearch	1618	C	C	349	2	0.57%	2	1	93	93	0.24964336661915734	1	1	199	150	0	2	T
barcode06_consensus_vsearch	1619	C	C	346	5	1.42%	2	1	93	93	0.03080516490845092	1	1	199	147	0	5	T
barcode06_consensus_vsearch	1620	G	G	349	1	0.28%	2	1	93	93	0.4999999999999138	1	1	198	151	0	1	+C
barcode06_consensus_vsearch	1621	T	T	347	4	1.14%	2	2	93	93	0.06196543258251349	1	1	197	150	2	2	C
barcode06_consensus_vsearch	1622	C	C	344	4	1.14%	2	1	93	93	0.061960820953638154	1	1	194	150	4	0	-G
barcode06_consensus_vsearch	1623	G	G	344	2	0.57%	2	2	93	93	0.2496382054993181	1	1	193	151	1	1	A
barcode06_consensus_vsearch	1624	C	C	345	4	1.14%	2	1	93	93	0.061962366978748344	1	1	193	152	4	0	A
barcode06_consensus_vsearch	1625	T	T	349	2	0.57%	2	1	93	93	0.24964336661915734	1	1	198	151	0	2	C
barcode06_consensus_vsearch	1626	A	A	352	1	0.28%	2	1	93	93	0.4999999999999138	1	1	199	153	1	0	+C
barcode06_consensus_vsearch	1627	C	*/-TAC	342	7	1.98%	2	2	93	93	0.0075788071772909795	1	1	193	149	5	2	-TAC
barcode06_consensus_vsearch	1628	T	T	343	2	0.58%	2	1	93	93	0.24963715529753122	1	1	193	150	2	0	C
barcode06_consensus_vsearch	1629	A	A	344	1	0.29%	2	1	93	93	0.4999999999999138	1	1	194	150	1	0	-C
barcode06_consensus_vsearch	1630	C	C	344	0	0%	2	0	93	0	1.0	1	0	194	150	0	0	
barcode06_consensus_vsearch	1631	C	C	350	2	0.57%	2	2	93	93	0.2496443812233433	1	1	199	151	1	1	T
barcode06_consensus_vsearch	1632	G	G	351	2	0.57%	2	1	93	93	0.24964539007068368	1	1	198	153	2	0	-A
barcode06_consensus_vsearch	1633	A	A	350	1	0.28%	2	1	93	93	0.4999999999999138	1	1	198	152	0	1	-T
barcode06_consensus_vsearch	1634	T	T	351	1	0.28%	2	1	93	93	0.4999999999999138	1	1	199	152	1	0	G
barcode06_consensus_vsearch	1635	T	T	350	2	0.57%	2	1	93	93	0.2496443812233433	1	1	199	151	0	2	+G
barcode06_consensus_vsearch	1636	G	G	349	2	0.57%	2	1	93	93	0.24964336661915734	1	1	200	149	0	2	-A
barcode06_consensus_vsearch	1637	A	A	350	0	0%	2	0	93	0	1.0	1	0	200	150	0	0	
barcode06_consensus_vsearch	1638	A	A	351	1	0.28%	2	1	93	93	0.4999999999999138	1	1	200	151	0	1	-TGGCT
barcode06_consensus_vsearch	1639	T	T	349	1	0.28%	2	1	93	93	0.4999999999999138	1	1	199	150	0	1	+G
barcode06_consensus_vsearch	1640	G	G	348	2	0.57%	2	1	93	93	0.2496423462086995	1	1	197	151	2	0	A
barcode06_consensus_vsearch	1641	G	G	349	1	0.28%	2	1	93	93	0.4999999999999138	1	1	199	150	0	1	+C
barcode06_consensus_vsearch	1642	C	C	350	0	0%	2	0	93	0	1.0	1	0	199	151	0	0	
barcode06_consensus_vsearch	1643	T	T	346	3	0.85%	2	1	93	93	0.12446197991394273	1	1	196	150	3	0	+C
barcode06_consensus_vsearch	1644	C	C	349	1	0.28%	2	1	93	93	0.4999999999999138	1	1	197	152	1	0	+A
barcode06_consensus_vsearch	1645	A	A	345	4	1.13%	2	1	93	93	0.061962366978748344	1	1	195	150	4	0	G
barcode06_consensus_vsearch	1646	G	G	348	1	0.28%	2	1	93	93	0.4999999999999138	1	1	199	149	0	1	-T
barcode06_consensus_vsearch	1647	T	T	345	2	0.57%	2	1	93	93	0.24963924963931935	1	1	195	150	2	0	+A
barcode06_consensus_vsearch	1648	G	G	342	3	0.85%	2	1	93	93	0.12445573294627689	1	1	195	147	3	0	-A
barcode06_consensus_vsearch	1649	A	A	343	2	0.58%	2	1	93	93	0.24963715529753122	1	1	195	148	0	2	-G
barcode06_consensus_vsearch	1650	G	G	348	0	0%	2	0	93	0	1.0	1	0	200	148	0	0	
barcode06_consensus_vsearch	1651	G	G	338	5	1.43%	2	1	93	93	0.03079479753340632	1	1	200	138	0	5	-C
barcode06_consensus_vsearch	1652	C	*/-T	293	41	11.99%	2	2	93	93	1.22984862841694E-13	1	1	189	104	7	34	-T
barcode06_consensus_vsearch	1653	T	T	302	1	0.33%	2	1	93	93	0.4999999999999138	1	1	191	111	0	1	A
barcode06_consensus_vsearch	1654	T	T	345	1	0.29%	2	1	93	93	0.4999999999999138	1	1	197	148	0	1	+G
barcode06_consensus_vsearch	1655	T	*/-G	325	13	3.71%	2	2	93	93	1.0853057506393413E-4	1	1	197	128	1	12	-G
barcode06_consensus_vsearch	1656	G	G	333	2	0.6%	2	1	93	93	0.24962630792247645	1	1	199	134	0	2	A
barcode06_consensus_vsearch	1657	G	R	337	12	3.44%	2	2	93	93	2.2176097531794397E-4	1	1	198	139	2	10	A
barcode06_consensus_vsearch	1658	G	G	348	3	0.85%	2	2	93	93	0.12446504992864586	1	1	199	149	1	2	A
barcode06_consensus_vsearch	1659	A	A	343	5	1.42%	2	1	93	93	0.030801332959592774	1	1	197	146	0	5	+T
barcode06_consensus_vsearch	1660	C	C	344	5	1.42%	2	2	93	93	0.03080261759027664	1	1	199	145	1	4	T
barcode06_consensus_vsearch	1661	T	Y	339	7	2%	2	2	93	93	0.00757679283814411	1	1	199	140	1	6	C
barcode06_consensus_vsearch	1662	G	G	347	5	1.42%	2	2	93	93	0.030806427720592423	1	1	197	150	3	2	A
barcode06_consensus_vsearch	1663	G	*/-C	341	9	2.55%	2	1	93	93	0.0018540429575330279	1	1	189	152	9	0	-C
barcode06_consensus_vsearch	1664	C	C	343	0	0%	2	0	93	0	1.0	1	0	190	153	0	0	
barcode06_consensus_vsearch	1665	C	C	352	0	0%	2	0	93	0	1.0	1	0	199	153	0	0	
barcode06_consensus_vsearch	1666	C	C	346	5	1.42%	2	1	93	93	0.03080516490845092	1	1	193	153	5	0	+A
barcode06_consensus_vsearch	1667	A	A	349	2	0.57%	2	2	93	93	0.24964336661915734	1	1	197	152	1	1	T
barcode06_consensus_vsearch	1668	G	G	349	1	0.28%	2	1	93	93	0.4999999999999138	1	1	197	152	1	0	+A
barcode06_consensus_vsearch	1669	A	A	343	5	1.42%	2	1	93	93	0.030801332959592774	1	1	191	152	5	0	-G
barcode06_consensus_vsearch	1670	G	*/-AG	300	42	12.1%	2	2	93	93	5.9476695891542E-14	1	1	166	134	25	17	-AG
barcode06_consensus_vsearch	1671	A	A	294	6	1.95%	2	2	93	93	0.015235687986651206	1	1	163	131	4	2	-G
barcode06_consensus_vsearch	1672	G	G	300	1	0.33%	2	1	93	93	0.4999999999999138	1	1	167	133	1	0	+AG
barcode06_consensus_vsearch	1673	G	G	348	1	0.28%	2	1	93	93	0.4999999999999138	1	1	196	152	0	1	+C
barcode06_consensus_vsearch	1674	T	T	344	4	1.14%	2	1	93	93	0.061960820953638154	1	1	192	152	4	0	-C
barcode06_consensus_vsearch	1675	C	C	343	3	0.86%	2	1	93	93	0.124457308248865	1	1	193	150	0	3	-G
barcode06_consensus_vsearch	1676	G	G	341	5	1.44%	2	1	93	93	0.03079874143819971	1	1	191	150	5	0	A
barcode06_consensus_vsearch	1677	G	G	348	2	0.57%	2	1	93	93	0.2496423462086995	1	1	197	151	0	2	A
barcode06_consensus_vsearch	1678	C	C	343	2	0.57%	2	1	93	93	0.24963715529753122	1	1	196	147	0	2	+A
barcode06_consensus_vsearch	1679	A	A	345	4	1.15%	2	2	93	93	0.061962366978748344	1	1	195	150	3	1	G
barcode06_consensus_vsearch	1680	A	R	333	14	4%	2	2	93	93	5.33949482514561E-5	1	1	185	148	13	1	G
barcode06_consensus_vsearch	1681	C	C	345	2	0.57%	2	2	93	93	0.24963924963931935	1	1	197	148	1	1	T
barcode06_consensus_vsearch	1682	G	G	347	2	0.57%	2	1	93	93	0.24964131994254463	1	1	197	150	2	0	-A
barcode06_consensus_vsearch	1683	A	A	344	3	0.86%	2	1	93	93	0.12445887445888035	1	1	193	151	3	0	G
barcode06_consensus_vsearch	1684	C	C	346	1	0.29%	2	1	93	93	0.4999999999999138	1	1	196	150	0	1	+AC
barcode06_consensus_vsearch	1685	C	C	345	5	1.42%	2	1	93	93	0.030803894885687386	1	1	192	153	5	0	-AC
barcode06_consensus_vsearch	1686	A	A	341	3	0.87%	2	1	93	93	0.12445414847166256	1	1	189	152	3	0	G
barcode06_consensus_vsearch	1687	C	*/-T	336	11	3.16%	2	2	93	93	4.5052802251597764E-4	1	1	193	143	1	10	-T
barcode06_consensus_vsearch	1688	T	*/+C	330	7	2.05%	2	1	93	93	0.007570535950912546	1	1	190	140	7	0	+C
barcode06_consensus_vsearch	1689	C	C	343	3	0.86%	2	1	93	93	0.124457308248865	1	1	193	150	3	0	-A
barcode06_consensus_vsearch	1690	A	*/-G	336	9	2.58%	2	2	93	93	0.001852627063167724	1	1	189	147	4	5	-G
barcode06_consensus_vsearch	1691	G	G	340	3	0.87%	2	1	93	93	0.12445255474455591	1	1	193	147	3	0	+A
barcode06_consensus_vsearch	1692	G	G	350	2	0.57%	2	1	93	93	0.2496443812233433	1	1	198	152	2	0	+A
barcode06_consensus_vsearch	1693	G	*/-C	337	11	3.12%	2	1	93	93	4.5063381864919106E-4	1	1	184	153	11	0	-C
barcode06_consensus_vsearch	1694	C	C	340	2	0.58%	2	1	93	93	0.24963396778913263	1	1	187	153	2	0	G
barcode06_consensus_vsearch	1695	C	*/-G	324	21	5.95%	2	1	93	93	3.4843764877406403E-7	1	1	173	151	21	0	-G
barcode06_consensus_vsearch	1696	G	G	324	2	0.61%	2	1	93	93	0.2496159754223989	1	1	171	153	2	0	+A
barcode06_consensus_vsearch	1697	G	*/-A	333	7	2%	2	1	93	93	0.007572658162744914	1	1	181	152	7	0	-A
barcode06_consensus_vsearch	1698	A	A	341	1	0.29%	2	1	93	93	0.4999999999999138	1	1	188	153	1	0	+G
barcode06_consensus_vsearch	1699	A	A	346	2	0.57%	2	1	93	93	0.2496402877699066	1	1	193	153	2	0	G
barcode06_consensus_vsearch	1700	A	R	332	14	4%	2	2	93	93	5.3373901122053535E-5	1	1	180	152	13	1	G
barcode06_consensus_vsearch	1701	C	*/-T	304	33	9.46%	2	2	93	93	5.109779564891115E-11	1	1	157	147	30	3	-T
barcode06_consensus_vsearch	1702	T	T	309	1	0.32%	2	1	93	93	0.4999999999999138	1	1	160	149	0	1	C
barcode06_consensus_vsearch	1703	T	T	341	2	0.58%	2	1	93	93	0.24963503649639607	1	1	189	152	2	0	-ATC
barcode06_consensus_vsearch	1704	A	A	344	2	0.57%	2	2	93	93	0.2496382054993181	1	1	193	151	1	1	G
barcode06_consensus_vsearch	1705	T	*/-C	250	97	27.71%	2	1	93	93	2.5176707949671738E-33	1	1	98	152	97	0	-C
barcode06_consensus_vsearch	1706	C	C	250	1	0.4%	2	1	93	93	0.4999999999999138	1	1	97	153	1	0	+A
barcode06_consensus_vsearch	1707	C	C	343	2	0.57%	2	2	93	93	0.24963715529753122	1	1	194	149	1	1	-A
barcode06_consensus_vsearch	1708	A	A	348	1	0.29%	2	1	93	93	0.4999999999999138	1	1	197	151	0	1	+TA
barcode06_consensus_vsearch	1709	A	A	351	0	0%	2	0	93	0	1.0	1	0	198	153	0	0	
barcode06_consensus_vsearch	1710	A	A	346	1	0.28%	2	1	93	93	0.4999999999999138	1	1	195	151	0	1	+G
barcode06_consensus_vsearch	1711	C	C	349	1	0.28%	2	1	93	93	0.4999999999999138	1	1	197	152	1	0	+A
barcode06_consensus_vsearch	1712	T	T	343	2	0.57%	2	1	93	93	0.24963715529753122	1	1	193	150	2	0	+C
barcode06_consensus_vsearch	1713	C	C	346	3	0.85%	2	2	93	93	0.12446197991394273	1	1	198	148	1	2	+TC
barcode06_consensus_vsearch	1714	G	G	351	1	0.28%	2	1	93	93	0.4999999999999138	1	1	199	152	1	0	A
barcode06_consensus_vsearch	1715	G	G	350	1	0.28%	2	1	93	93	0.4999999999999138	1	1	199	151	0	1	+C
barcode06_consensus_vsearch	1716	T	T	349	4	1.13%	2	2	93	93	0.06196846342422332	1	1	198	151	2	2	C
barcode06_consensus_vsearch	1717	C	C	351	1	0.28%	2	1	93	93	0.4999999999999138	1	1	199	152	1	0	-A
barcode06_consensus_vsearch	1718	A	A	336	5	1.42%	2	1	93	93	0.03079212974078601	1	1	190	146	5	0	+T
barcode06_consensus_vsearch	1719	T	T	343	2	0.58%	2	1	93	93	0.24963715529753122	1	1	196	147	0	2	C
barcode06_consensus_vsearch	1720	T	T	348	2	0.57%	2	2	93	93	0.2496423462086995	1	1	196	152	1	1	A
barcode06_consensus_vsearch	1721	T	T	348	2	0.57%	2	1	93	93	0.2496423462086995	1	1	195	153	2	0	+A
barcode06_consensus_vsearch	1722	A	A	348	3	0.85%	2	2	93	93	0.12446504992864586	1	1	198	150	1	2	+G
barcode06_consensus_vsearch	1723	G	G	346	4	1.13%	2	1	93	93	0.06196390416311995	1	1	193	153	4	0	-AG
barcode06_consensus_vsearch	1724	A	*/-G	329	7	2.02%	2	1	93	93	0.007569820177023291	1	1	178	151	7	0	-G
barcode06_consensus_vsearch	1725	G	G	331	2	0.59%	2	2	93	93	0.2496240601503603	1	1	180	151	1	1	+AG
barcode06_consensus_vsearch	1726	G	*/-A	334	8	2.3%	2	1	93	93	0.003747869361231707	1	1	183	151	8	0	-A
barcode06_consensus_vsearch	1727	A	A	337	1	0.3%	2	1	93	93	0.5000000000003686	1	1	184	153	1	0	G
barcode06_consensus_vsearch	1728	A	A	342	3	0.86%	2	1	93	93	0.12445573294627689	1	1	189	153	3	0	G
barcode06_consensus_vsearch	1729	G	G	344	2	0.57%	2	1	93	93	0.2496382054993181	1	1	195	149	0	2	+C
barcode06_consensus_vsearch	1730	T	*/-A	298	26	7.43%	2	2	93	93	8.839276864017204E-9	1	1	176	122	12	14	-A
barcode06_consensus_vsearch	1731	A	A	320	0	0%	2	0	93	0	1.0	1	0	184	136	0	0	
barcode06_consensus_vsearch	1732	A	A	342	4	1.15%	2	1	93	93	0.06195770207455419	1	1	192	150	4	0	G
barcode06_consensus_vsearch	1733	A	A	347	5	1.42%	2	1	93	93	0.030806427720592423	1	1	195	152	5	0	+G
barcode06_consensus_vsearch	1734	A	A	345	5	1.42%	2	2	93	93	0.030803894885687386	1	1	195	150	4	1	-G
barcode06_consensus_vsearch	1735	G	G	340	6	1.72%	2	1	93	93	0.015287293785191516	1	1	189	151	6	0	A
barcode06_consensus_vsearch	1736	T	T	347	2	0.57%	2	2	93	93	0.24964131994254463	1	1	196	151	1	1	-C
barcode06_consensus_vsearch	1737	C	*/-GT	329	16	4.56%	2	1	93	93	1.2771684330162773E-5	1	1	196	133	0	16	-GT
barcode06_consensus_vsearch	1738	G	R	324	8	2.39%	2	2	93	93	0.0037431463083990673	1	1	190	134	7	1	A
barcode06_consensus_vsearch	1739	T	*/+A	319	8	2.4%	2	1	93	93	0.0037406775635562078	1	1	196	123	0	8	+A
barcode06_consensus_vsearch	1740	A	A	344	2	0.57%	2	1	93	93	0.2496382054993181	1	1	194	150	0	2	G
barcode06_consensus_vsearch	1741	A	W	331	8	2.28%	2	2	93	93	0.0037464814144769596	1	1	190	141	2	6	T
barcode06_consensus_vsearch	1742	C	Y	324	9	2.61%	2	2	93	93	0.001849057988431908	1	1	187	137	2	7	T
barcode06_consensus_vsearch	1743	A	A	340	3	0.87%	2	2	93	93	0.12445255474455591	1	1	193	147	2	1	G
barcode06_consensus_vsearch	1744	A	A	334	4	1.16%	2	2	93	93	0.0619448571900328	1	1	194	140	1	3	-G
barcode06_consensus_vsearch	1745	G	G	341	4	1.16%	2	1	93	93	0.06195612906494713	1	1	198	143	0	4	T
barcode06_consensus_vsearch	1746	G	G	348	2	0.57%	2	1	93	93	0.2496423462086995	1	1	198	150	2	0	A
barcode06_consensus_vsearch	1747	T	T	345	6	1.7%	2	1	93	93	0.015292090471053536	1	1	199	146	0	6	-C
barcode06_consensus_vsearch	1748	C	C	341	2	0.58%	2	1	93	93	0.24963503649639607	1	1	198	143	0	2	-T
barcode06_consensus_vsearch	1749	T	T	342	4	1.15%	2	2	93	93	0.06195770207455419	1	1	196	146	1	3	-C
barcode06_consensus_vsearch	1750	C	C	347	0	0%	2	0	93	0	1.0	1	0	197	150	0	0	
barcode06_consensus_vsearch	1751	C	C	340	3	0.85%	2	1	93	93	0.12445255474455591	1	1	196	144	0	3	+AA
barcode06_consensus_vsearch	1752	G	G	346	1	0.29%	2	1	93	93	0.4999999999999138	1	1	197	149	1	0	+AAT
barcode06_consensus_vsearch	1753	T	T	340	6	1.72%	2	1	93	93	0.015287293785191516	1	1	197	143	0	6	C
barcode06_consensus_vsearch	1754	T	T	345	2	0.57%	2	1	93	93	0.24963924963931935	1	1	198	147	0	2	-G
barcode06_consensus_vsearch	1755	G	G	343	3	0.86%	2	2	93	93	0.124457308248865	1	1	196	147	1	2	A
barcode06_consensus_vsearch	1756	G	G	348	2	0.57%	2	1	93	93	0.2496423462086995	1	1	199	149	0	2	C
barcode06_consensus_vsearch	1757	T	T	339	6	1.7%	2	2	93	93	0.015286317813602767	1	1	195	144	2	4	C
barcode06_consensus_vsearch	1758	G	G	349	1	0.28%	2	1	93	93	0.4999999999999138	1	1	197	152	0	1	+A
barcode06_consensus_vsearch	1759	A	A	351	1	0.28%	2	1	93	93	0.4999999999999138	1	1	198	153	1	0	G
barcode06_consensus_vsearch	1760	A	A	347	4	1.13%	2	2	93	93	0.06196543258251349	1	1	197	150	2	2	G
barcode06_consensus_vsearch	1761	C	C	349	2	0.57%	2	2	93	93	0.24964336661915734	1	1	199	150	1	1	T
barcode06_consensus_vsearch	1762	C	C	350	1	0.28%	2	1	93	93	0.4999999999999138	1	1	199	151	0	1	+AA
barcode06_consensus_vsearch	1763	A	A	352	0	0%	2	0	93	0	1.0	1	0	199	153	0	0	
barcode06_consensus_vsearch	1764	G	G	349	2	0.57%	2	1	93	93	0.24964336661915734	1	1	197	152	2	0	A
barcode06_consensus_vsearch	1765	C	C	342	5	1.42%	2	1	93	93	0.03080004093026935	1	1	198	144	0	5	-G
barcode06_consensus_vsearch	1766	G	G	344	3	0.86%	2	1	93	93	0.12445887445888035	1	1	197	147	3	0	A
barcode06_consensus_vsearch	1767	G	G	350	1	0.28%	2	1	93	93	0.4999999999999138	1	1	197	153	1	0	+A
barcode06_consensus_vsearch	1768	A	*/-G	324	16	4.55%	2	2	93	93	1.2737526784110147E-5	1	1	183	141	10	6	-G
barcode06_consensus_vsearch	1769	G	G	332	2	0.6%	2	2	93	93	0.24962518740646034	1	1	188	144	1	1	+AG
barcode06_consensus_vsearch	1770	G	G	352	0	0%	2	0	93	0	1.0	1	0	200	152	0	0	
barcode06_consensus_vsearch	1771	G	G	350	1	0.28%	2	1	93	93	0.4999999999999138	1	1	200	150	0	1	+A
barcode06_consensus_vsearch	1772	A	A	342	3	0.85%	2	2	93	93	0.12445573294627689	1	1	198	144	1	2	-T
barcode06_consensus_vsearch	1773	T	T	346	2	0.57%	2	1	93	93	0.2496402877699066	1	1	199	147	0	2	-C
barcode06_consensus_vsearch	1774	C	*/-A	314	28	8%	2	1	93	93	2.0942510889419305E-9	1	1	168	146	28	0	-A
barcode06_consensus_vsearch	1775	A	A	313	2	0.63%	2	1	93	93	0.249602543720148	1	1	166	147	2	0	-T
barcode06_consensus_vsearch	1776	T	K	307	28	8.14%	2	1	93	93	2.0681171099061124E-9	1	1	165	142	28	0	G
barcode06_consensus_vsearch	1777	T	T	343	3	0.85%	2	1	93	93	0.124457308248865	1	1	193	150	3	0	-A
barcode06_consensus_vsearch	1778	A	R	328	11	3.15%	2	2	93	93	4.4965976705035063E-4	1	1	178	150	10	1	G
barcode06_consensus_vsearch	1779	C	*/+A	331	10	2.9%	2	1	93	93	9.133526605627675E-4	1	1	178	153	10	0	+A
barcode06_consensus_vsearch	1780	A	A	337	4	1.15%	2	2	93	93	0.061949744701114674	1	1	185	152	3	1	G
barcode06_consensus_vsearch	1781	G	G	340	4	1.14%	2	1	93	93	0.06195454690339171	1	1	187	153	4	0	+A
barcode06_consensus_vsearch	1782	A	R	338	7	2.01%	2	2	93	93	0.007576113653235487	1	1	187	151	6	1	G
barcode06_consensus_vsearch	1783	G	G	346	1	0.29%	2	1	93	93	0.4999999999999138	1	1	194	152	1	0	+AG
barcode06_consensus_vsearch	1784	T	T	349	1	0.29%	2	1	93	93	0.4999999999999138	1	1	197	152	1	0	G
barcode06_consensus_vsearch	1785	T	T	350	1	0.28%	2	1	93	93	0.4999999999999138	1	1	198	152	0	1	C
barcode06_consensus_vsearch	1786	A	A	348	3	0.85%	2	1	93	93	0.12446504992864586	1	1	195	153	3	0	G
barcode06_consensus_vsearch	1787	T	*/-C	325	23	6.53%	2	1	93	93	8.187235827216534E-8	1	1	173	152	23	0	-C
barcode06_consensus_vsearch	1788	C	C	329	1	0.3%	2	1	93	93	0.5000000000003686	1	1	176	153	1	0	+GC
barcode06_consensus_vsearch	1789	C	C	350	2	0.57%	2	2	93	93	0.2496443812233433	1	1	198	152	1	1	-A
barcode06_consensus_vsearch	1790	A	A	348	2	0.57%	2	1	93	93	0.2496423462086995	1	1	196	152	2	0	G
barcode06_consensus_vsearch	1791	A	R	346	7	1.98%	2	1	93	93	0.007581440013514741	1	1	193	153	7	0	G
barcode06_consensus_vsearch	1792	C	C	352	1	0.28%	2	1	93	93	0.4999999999999138	1	1	200	152	0	1	G
barcode06_consensus_vsearch	1793	T	*/-C	337	9	2.55%	2	2	93	93	0.0018529134694595746	1	1	189	148	7	2	-C
barcode06_consensus_vsearch	1794	C	C	343	1	0.29%	2	1	93	93	0.4999999999999138	1	1	193	150	0	1	T
barcode06_consensus_vsearch	1795	C	C	352	1	0.28%	2	1	93	93	0.4999999999999138	1	1	199	153	1	0	T
barcode06_consensus_vsearch	1796	C	*/+A	340	9	2.55%	2	2	93	93	0.0018537629787316217	1	1	196	144	1	8	+A
barcode06_consensus_vsearch	1797	A	A	348	1	0.28%	2	1	93	93	0.4999999999999138	1	1	198	150	0	1	+GTA
barcode06_consensus_vsearch	1798	A	A	352	1	0.28%	2	1	93	93	0.4999999999999138	1	1	200	152	0	1	G
barcode06_consensus_vsearch	1799	A	R	340	8	2.27%	2	1	93	93	0.0037505741543597316	1	1	188	152	8	0	G
barcode06_consensus_vsearch	1800	C	C	349	1	0.28%	2	1	93	93	0.4999999999999138	1	1	196	153	1	0	G
barcode06_consensus_vsearch	1801	C	C	353	0	0%	2	0	93	0	1.0	1	0	200	153	0	0	
barcode06_consensus_vsearch	1802	C	C	351	2	0.57%	2	2	93	93	0.24964539007068368	1	1	199	152	1	1	T
barcode06_consensus_vsearch	1803	A	A	350	1	0.28%	2	1	93	93	0.4999999999999138	1	1	197	153	1	0	+CA
barcode06_consensus_vsearch	1804	T	T	352	0	0%	2	0	93	0	1.0	1	0	199	153	0	0	
barcode06_consensus_vsearch	1805	G	G	347	4	1.13%	2	2	93	93	0.06196543258251349	1	1	196	151	2	2	-TG
barcode06_consensus_vsearch	1806	T	T	343	3	0.86%	2	2	93	93	0.124457308248865	1	1	194	149	1	2	C
barcode06_consensus_vsearch	1807	G	G	346	2	0.57%	2	1	93	93	0.2496402877699066	1	1	195	151	2	0	-A
barcode06_consensus_vsearch	1808	A	A	351	0	0%	2	0	93	0	1.0	1	0	198	153	0	0	
barcode06_consensus_vsearch	1809	A	A	351	1	0.28%	2	1	93	93	0.4999999999999138	1	1	199	152	0	1	+C
barcode06_consensus_vsearch	1810	C	C	349	1	0.28%	2	1	93	93	0.4999999999999138	1	1	196	153	1	0	+AAC
barcode06_consensus_vsearch	1811	A	A	349	2	0.57%	2	2	93	93	0.24964336661915734	1	1	199	150	1	1	G
barcode06_consensus_vsearch	1812	T	T	349	3	0.85%	2	1	93	93	0.12446657183497908	1	1	200	149	0	3	-AT
barcode06_consensus_vsearch	1813	A	A	343	3	0.86%	2	1	93	93	0.124457308248865	1	1	198	145	0	3	-TCT
barcode06_consensus_vsearch	1814	T	*/-C	333	8	2.33%	2	1	93	93	0.003747409399187016	1	1	198	135	0	8	-C
barcode06_consensus_vsearch	1815	C	C	334	3	0.88%	2	1	93	93	0.12444279346210338	1	1	200	134	0	3	+T
barcode06_consensus_vsearch	1816	T	T	337	3	0.86%	2	2	93	93	0.12444771723137743	1	1	197	140	2	1	-CT
barcode06_consensus_vsearch	1817	C	*/-T	303	35	10.06%	2	2	93	93	1.1506466575758912E-11	1	1	193	110	2	33	-T
barcode06_consensus_vsearch	1818	T	Y	303	7	2.24%	2	2	93	93	0.007549599928934281	1	1	194	109	1	6	C
barcode06_consensus_vsearch	1819	T	T	350	0	0%	2	0	93	0	1.0	1	0	200	150	0	0	
barcode06_consensus_vsearch	1820	T	T	351	1	0.28%	2	1	93	93	0.4999999999999138	1	1	199	152	1	0	-G
barcode06_consensus_vsearch	1821	G	G	348	1	0.28%	2	1	93	93	0.4999999999999138	1	1	198	150	0	1	+C
barcode06_consensus_vsearch	1822	T	Y	343	7	1.99%	2	1	93	93	0.007579470995029922	1	1	198	145	0	7	C
barcode06_consensus_vsearch	1823	T	T	348	1	0.28%	2	1	93	93	0.4999999999999138	1	1	198	150	0	1	+C
barcode06_consensus_vsearch	1824	G	G	345	3	0.85%	2	2	93	93	0.12446043165476364	1	1	196	149	2	1	-C
barcode06_consensus_vsearch	1825	C	C	342	2	0.58%	2	1	93	93	0.24963609898113429	1	1	194	148	2	0	+A
barcode06_consensus_vsearch	1826	C	*/-T	323	27	7.69%	2	1	93	93	4.423802463271761E-9	1	1	199	124	0	27	-T
barcode06_consensus_vsearch	1827	T	T	318	5	1.54%	2	1	93	93	0.03076663411574079	1	1	199	119	0	5	-C
barcode06_consensus_vsearch	1828	C	C	343	2	0.58%	2	2	93	93	0.24963715529753122	1	1	199	144	1	1	T
barcode06_consensus_vsearch	1829	G	G	348	2	0.57%	2	1	93	93	0.2496423462086995	1	1	198	150	2	0	A
barcode06_consensus_vsearch	1830	G	G	348	5	1.42%	2	2	93	93	0.030807683383255846	1	1	198	150	2	3	A
barcode06_consensus_vsearch	1831	C	*/+A	337	7	1.98%	2	2	93	93	0.0075754305431544305	1	1	192	145	6	1	+A
barcode06_consensus_vsearch	1832	G	G	336	6	1.71%	2	1	93	93	0.015283355757130674	1	1	187	149	6	0	A
barcode06_consensus_vsearch	1833	C	C	339	4	1.14%	2	1	93	93	0.06195295550973475	1	1	194	145	0	4	-AA
barcode06_consensus_vsearch	1834	A	A	341	4	1.15%	2	2	93	93	0.06195612906494713	1	1	195	146	3	1	G
barcode06_consensus_vsearch	1835	A	A	345	1	0.29%	2	1	93	93	0.4999999999999138	1	1	198	147	0	1	+C
barcode06_consensus_vsearch	1836	G	R	339	7	1.99%	2	2	93	93	0.00757679283814411	1	1	190	149	6	1	A
barcode06_consensus_vsearch	1837	C	C	350	2	0.57%	2	1	93	93	0.2496443812233433	1	1	197	153	2	0	+G
barcode06_consensus_vsearch	1838	T	*/-A	323	17	4.82%	2	1	93	93	6.215299213934263E-6	1	1	177	146	17	0	-A
barcode06_consensus_vsearch	1839	A	*/-C	306	13	3.92%	2	2	93	93	1.0775808516339881E-4	1	1	162	144	10	3	-C
barcode06_consensus_vsearch	1840	C	S	312	17	5.07%	2	1	93	93	6.1717482164026E-6	1	1	169	143	17	0	G
barcode06_consensus_vsearch	1841	C	C	345	3	0.85%	2	1	93	93	0.12446043165476364	1	1	197	148	3	0	G
barcode06_consensus_vsearch	1842	C	*/-G	335	7	1.99%	2	2	93	93	0.0075740524106117915	1	1	193	142	5	2	-G
barcode06_consensus_vsearch	1843	G	R	321	20	5.83%	2	1	93	93	7.158628071628738E-7	1	1	175	146	20	0	A
barcode06_consensus_vsearch	1844	G	G	347	3	0.85%	2	2	93	93	0.12446351931328528	1	1	198	149	1	2	A
barcode06_consensus_vsearch	1845	G	G	351	2	0.57%	2	1	93	93	0.24964539007068368	1	1	198	153	2	0	A
barcode06_consensus_vsearch	1846	A	*/-C	336	10	2.83%	2	1	93	93	9.142486664832635E-4	1	1	196	140	0	10	-C
barcode06_consensus_vsearch	1847	C	C	341	1	0.29%	2	1	93	93	0.4999999999999138	1	1	200	141	0	1	+T
barcode06_consensus_vsearch	1848	C	*/-T	319	30	8.5%	2	1	93	93	4.857452074298765E-10	1	1	200	119	0	30	-T
barcode06_consensus_vsearch	1849	T	T	310	5	1.56%	2	2	93	93	0.03075436821564989	1	1	196	114	1	4	-C
barcode06_consensus_vsearch	1850	C	C	328	5	1.45%	2	2	93	93	0.030781138366263425	1	1	195	133	1	4	+A
barcode06_consensus_vsearch	1851	G	G	342	1	0.29%	2	1	93	93	0.5000000000003686	1	1	198	144	0	1	+T
barcode06_consensus_vsearch	1852	C	M	333	7	1.99%	2	1	93	93	0.007572658162744914	1	1	196	137	0	7	A
barcode06_consensus_vsearch	1853	G	*/-C	298	30	8.65%	2	2	93	93	4.649899588583574E-10	1	1	173	125	12	18	-C
barcode06_consensus_vsearch	1854	C	C	300	4	1.29%	2	2	93	93	0.061882718150526386	1	1	176	124	3	1	+GC
barcode06_consensus_vsearch	1855	C	Y	335	9	2.61%	2	1	93	93	0.0018523390154232843	1	1	194	141	0	9	T
barcode06_consensus_vsearch	1856	C	Y	340	8	2.29%	2	2	93	93	0.0037505741543597316	1	1	196	144	1	7	T
barcode06_consensus_vsearch	1857	C	*/-GG	304	12	3.41%	2	1	93	93	2.1950445924379393E-4	1	1	193	111	0	12	-GG
barcode06_consensus_vsearch	1858	G	R	311	15	4.55%	2	2	93	93	2.58829093714566E-5	1	1	196	115	1	14	A
barcode06_consensus_vsearch	1859	G	R	319	10	2.98%	2	2	93	93	9.11093399668269E-4	1	1	195	124	2	8	A
barcode06_consensus_vsearch	1860	G	G	333	5	1.44%	2	1	93	93	0.030788068900977048	1	1	200	133	0	5	-CG
barcode06_consensus_vsearch	1861	C	*/-G	292	22	6.47%	2	2	93	93	1.6288989624926974E-7	1	1	194	98	1	21	-G
barcode06_consensus_vsearch	1862	G	G	297	6	1.93%	2	2	93	93	0.015239529583552219	1	1	192	105	3	3	A
barcode06_consensus_vsearch	1863	G	*/-C	287	32	9.41%	2	1	93	93	1.0273335349098632E-10	1	1	153	134	32	0	-C
barcode06_consensus_vsearch	1864	C	*/+T	279	22	7.03%	2	1	93	93	1.6013294335550923E-7	1	1	158	121	0	22	+T
barcode06_consensus_vsearch	1865	C	C	340	4	1.14%	2	2	93	93	0.06195454690339171	1	1	192	148	1	3	+T
barcode06_consensus_vsearch	1866	C	Y	324	16	4.55%	2	2	93	93	1.2737526784110147E-5	1	1	185	139	4	12	T
barcode06_consensus_vsearch	1867	G	R	327	9	2.61%	2	1	93	93	0.0018499738086392118	1	1	174	153	9	0	A
barcode06_consensus_vsearch	1868	C	Y	332	9	2.57%	2	1	93	93	0.0018514648811998652	1	1	179	153	9	0	T
barcode06_consensus_vsearch	1869	C	C	338	5	1.42%	2	2	93	93	0.03079479753340632	1	1	187	151	4	1	T
barcode06_consensus_vsearch	1870	G	R	331	17	4.86%	2	1	93	93	6.245378648847504E-6	1	1	178	153	17	0	A
barcode06_consensus_vsearch	1871	G	G	348	2	0.57%	2	2	93	93	0.2496423462086995	1	1	196	152	1	1	A
barcode06_consensus_vsearch	1872	C	C	349	2	0.57%	2	1	93	93	0.24964336661915734	1	1	198	151	0	2	+G
barcode06_consensus_vsearch	1873	G	G	348	1	0.28%	2	1	93	93	0.4999999999999138	1	1	195	153	1	0	+A
barcode06_consensus_vsearch	1874	G	G	348	2	0.57%	2	1	93	93	0.2496423462086995	1	1	195	153	2	0	-A
barcode06_consensus_vsearch	1875	A	A	349	1	0.28%	2	1	93	93	0.4999999999999138	1	1	196	153	1	0	+GTT
barcode06_consensus_vsearch	1876	C	C	347	3	0.85%	2	2	93	93	0.12446351931328528	1	1	195	152	2	1	T
barcode06_consensus_vsearch	1877	A	R	337	8	2.28%	2	1	93	93	0.0037492334037990153	1	1	184	153	8	0	G
barcode06_consensus_vsearch	1878	C	*/-AC	313	18	5.11%	2	2	93	93	3.0084920320549898E-6	1	1	167	146	13	5	-AC
barcode06_consensus_vsearch	1879	A	*/-C	298	8	2.5%	2	1	93	93	0.00372943747369922	1	1	156	142	8	0	-C
barcode06_consensus_vsearch	1880	C	S	302	16	4.97%	2	1	93	93	1.2575409405200966E-5	1	1	158	144	16	0	G
barcode06_consensus_vsearch	1881	C	Y	334	9	2.59%	2	2	93	93	0.0018520493120850327	1	1	190	144	4	5	T
barcode06_consensus_vsearch	1882	A	A	344	1	0.29%	2	1	93	93	0.4999999999999138	1	1	194	150	1	0	+G
barcode06_consensus_vsearch	1883	A	A	352	1	0.28%	2	1	93	93	0.4999999999999138	1	1	199	153	1	0	G
barcode06_consensus_vsearch	1884	A	A	347	3	0.85%	2	1	93	93	0.12446351931328528	1	1	196	151	3	0	G
barcode06_consensus_vsearch	1885	C	C	349	4	1.13%	2	1	93	93	0.06196846342422332	1	1	200	149	0	4	-T
barcode06_consensus_vsearch	1886	T	T	347	1	0.29%	2	1	93	93	0.4999999999999138	1	1	199	148	1	0	+C
barcode06_consensus_vsearch	1887	C	C	350	2	0.57%	2	1	93	93	0.2496443812233433	1	1	199	151	0	2	-T
barcode06_consensus_vsearch	1888	T	T	349	2	0.57%	2	1	93	93	0.24964336661915734	1	1	200	149	0	2	C
barcode06_consensus_vsearch	1889	G	G	351	1	0.28%	2	1	93	93	0.4999999999999138	1	1	199	152	0	1	-TTA
barcode06_consensus_vsearch	1890	T	T	350	1	0.28%	2	1	93	93	0.4999999999999138	1	1	199	151	0	1	C
barcode06_consensus_vsearch	1891	T	T	349	1	0.28%	2	1	93	93	0.4999999999999138	1	1	199	150	1	0	+G
barcode06_consensus_vsearch	1892	A	A	350	1	0.28%	2	1	93	93	0.4999999999999138	1	1	198	152	1	0	C
barcode06_consensus_vsearch	1893	T	T	351	2	0.57%	2	1	93	93	0.24964539007068368	1	1	198	153	2	0	C
barcode06_consensus_vsearch	1894	C	C	352	1	0.28%	2	1	93	93	0.4999999999999138	1	1	200	152	0	1	+T
barcode06_consensus_vsearch	1895	T	T	351	2	0.57%	2	2	93	93	0.24964539007068368	1	1	199	152	1	1	C
barcode06_consensus_vsearch	1896	T	T	350	3	0.85%	2	2	93	93	0.12446808510622623	1	1	199	151	1	2	C
barcode06_consensus_vsearch	1897	C	C	350	1	0.28%	2	1	93	93	0.4999999999999138	1	1	200	150	0	1	+AA
barcode06_consensus_vsearch	1898	G	G	351	1	0.28%	2	1	93	93	0.4999999999999138	1	1	199	152	0	1	-TTG
barcode06_consensus_vsearch	1899	T	T	349	3	0.85%	2	2	93	93	0.12446657183497908	1	1	199	150	1	2	C
barcode06_consensus_vsearch	1900	T	T	350	2	0.57%	2	1	93	93	0.2496443812233433	1	1	200	150	0	2	C
barcode06_consensus_vsearch	1901	G	G	349	3	0.85%	2	2	93	93	0.12446657183497908	1	1	198	151	2	1	A
barcode06_consensus_vsearch	1902	A	A	352	1	0.28%	2	1	93	93	0.4999999999999138	1	1	200	152	0	1	-TTA
barcode06_consensus_vsearch	1903	T	T	349	2	0.57%	2	1	93	93	0.24964336661915734	1	1	197	152	2	0	C
barcode06_consensus_vsearch	1904	T	T	349	2	0.57%	2	1	93	93	0.24964336661915734	1	1	200	149	0	2	C
barcode06_consensus_vsearch	1905	A	A	347	3	0.85%	2	2	93	93	0.12446351931328528	1	1	198	149	2	1	G
barcode06_consensus_vsearch	1906	T	T	349	1	0.28%	2	1	93	93	0.4999999999999138	1	1	199	150	1	0	+C
barcode06_consensus_vsearch	1907	C	C	351	1	0.28%	2	1	93	93	0.4999999999999138	1	1	200	151	0	1	+TT
barcode06_consensus_vsearch	1908	T	T	347	3	0.85%	2	1	93	93	0.12446351931328528	1	1	197	150	3	0	-G
barcode06_consensus_vsearch	1909	G	G	349	1	0.29%	2	1	93	93	0.4999999999999138	1	1	196	153	1	0	-A
barcode06_consensus_vsearch	1910	A	A	350	1	0.28%	2	1	93	93	0.4999999999999138	1	1	197	153	1	0	+G
barcode06_consensus_vsearch	1911	G	G	353	0	0%	2	0	93	0	1.0	1	0	200	153	0	0	
barcode06_consensus_vsearch	1912	T	T	351	1	0.28%	2	1	93	93	0.4999999999999138	1	1	198	153	1	0	-GT
barcode06_consensus_vsearch	1913	G	G	352	0	0%	2	0	93	0	1.0	1	0	199	153	0	0	
barcode06_consensus_vsearch	1914	T	T	349	2	0.57%	2	2	93	93	0.24964336661915734	1	1	197	152	1	1	C
barcode06_consensus_vsearch	1915	C	C	352	1	0.28%	2	1	93	93	0.4999999999999138	1	1	200	152	0	1	T
barcode06_consensus_vsearch	1916	T	T	347	6	1.7%	2	2	93	93	0.015293971208790802	1	1	196	151	4	2	C
barcode06_consensus_vsearch	1917	T	T	351	1	0.28%	2	1	93	93	0.4999999999999138	1	1	199	152	1	0	+G
barcode06_consensus_vsearch	1918	A	A	347	5	1.42%	2	1	93	93	0.030806427720592423	1	1	199	148	0	5	+T
barcode06_consensus_vsearch	1919	T	T	353	0	0%	2	0	93	0	1.0	1	0	200	153	0	0	
barcode06_consensus_vsearch	1920	T	T	353	0	0%	2	0	93	0	1.0	1	0	200	153	0	0	
barcode06_consensus_vsearch	1921	T	T	352	1	0.28%	2	1	93	93	0.4999999999999138	1	1	199	153	1	0	-A
barcode06_consensus_vsearch	1922	A	A	350	2	0.57%	2	1	93	93	0.2496443812233433	1	1	199	151	0	2	G
barcode06_consensus_vsearch	1923	A	A	352	1	0.28%	2	1	93	93	0.4999999999999138	1	1	200	152	0	1	-TAA
barcode06_consensus_vsearch	1924	T	T	347	2	0.57%	2	1	93	93	0.24964131994254463	1	1	196	151	2	0	-A
barcode06_consensus_vsearch	1925	A	A	349	1	0.29%	2	1	93	93	0.4999999999999138	1	1	197	152	1	0	G
barcode06_consensus_vsearch	1926	A	A	349	1	0.28%	2	1	93	93	0.4999999999999138	1	1	198	151	0	1	+TAA
barcode06_consensus_vsearch	1927	G	G	351	1	0.28%	2	1	93	93	0.4999999999999138	1	1	198	153	1	0	A
barcode06_consensus_vsearch	1928	T	T	352	1	0.28%	2	1	93	93	0.4999999999999138	1	1	199	153	1	0	C
barcode06_consensus_vsearch	1929	C	*/-A	334	8	2.27%	2	1	93	93	0.003747869361231707	1	1	197	137	0	8	-A
barcode06_consensus_vsearch	1930	A	A	338	3	0.88%	2	1	93	93	0.12444933920718405	1	1	196	142	3	0	G
barcode06_consensus_vsearch	1931	A	A	347	1	0.29%	2	1	93	93	0.4999999999999138	1	1	197	150	1	0	G
barcode06_consensus_vsearch	1932	A	A	351	1	0.28%	2	1	93	93	0.4999999999999138	1	1	198	153	1	0	G
barcode06_consensus_vsearch	1933	A	A	348	5	1.42%	2	2	93	93	0.030807683383255846	1	1	197	151	3	2	G
barcode06_consensus_vsearch	1934	C	C	343	4	1.13%	2	2	93	93	0.06195926601136401	1	1	198	145	1	3	-T
barcode06_consensus_vsearch	1935	T	T	346	0	0%	2	0	93	0	1.0	1	0	199	147	0	0	
barcode06_consensus_vsearch	1936	T	T	349	1	0.29%	2	1	93	93	0.4999999999999138	1	1	200	149	0	1	G
barcode06_consensus_vsearch	1937	T	T	344	2	0.57%	2	1	93	93	0.2496382054993181	1	1	196	148	2	0	+C
barcode06_consensus_vsearch	1938	C	C	348	1	0.28%	2	1	93	93	0.4999999999999138	1	1	198	150	1	0	+T
barcode06_consensus_vsearch	1939	A	A	349	3	0.85%	2	2	93	93	0.12446657183497908	1	1	198	151	2	1	G
barcode06_consensus_vsearch	1940	A	A	349	4	1.13%	2	2	93	93	0.06196846342422332	1	1	198	151	2	2	G
barcode06_consensus_vsearch	1941	C	C	350	1	0.28%	2	1	93	93	0.4999999999999138	1	1	198	152	1	0	-A
barcode06_consensus_vsearch	1942	A	A	350	1	0.28%	2	1	93	93	0.4999999999999138	1	1	198	152	0	1	G
barcode06_consensus_vsearch	1943	A	A	350	1	0.28%	2	1	93	93	0.4999999999999138	1	1	198	152	1	0	-CG
barcode06_consensus_vsearch	1944	C	C	348	3	0.85%	2	1	93	93	0.12446504992864586	1	1	198	150	0	3	+G
barcode06_consensus_vsearch	1945	G	G	350	2	0.57%	2	2	93	93	0.2496443812233433	1	1	198	152	1	1	A
barcode06_consensus_vsearch	1946	G	G	353	0	0%	2	0	93	0	1.0	1	0	200	153	0	0	
barcode06_consensus_vsearch	1947	A	A	346	3	0.85%	2	1	93	93	0.12446197991394273	1	1	200	146	0	3	-T
barcode06_consensus_vsearch	1948	T	T	345	3	0.86%	2	2	93	93	0.12446043165476364	1	1	199	146	1	2	+C
barcode06_consensus_vsearch	1949	C	C	350	2	0.57%	2	2	93	93	0.2496443812233433	1	1	199	151	1	1	-T
barcode06_consensus_vsearch	1950	T	T	340	5	1.43%	2	1	93	93	0.030797434418565302	1	1	196	144	0	5	-C
barcode06_consensus_vsearch	1951	C	C	338	3	0.86%	2	1	93	93	0.12444933920718405	1	1	198	140	0	3	+T
barcode06_consensus_vsearch	1952	T	T	344	1	0.29%	2	1	93	93	0.4999999999999138	1	1	198	146	0	1	+CT
barcode06_consensus_vsearch	1953	T	T	348	2	0.57%	2	1	93	93	0.2496423462086995	1	1	200	148	0	2	-G
barcode06_consensus_vsearch	1954	G	G	345	3	0.86%	2	2	93	93	0.12446043165476364	1	1	197	148	2	1	A
barcode06_consensus_vsearch	1955	G	G	347	2	0.57%	2	1	93	93	0.24964131994254463	1	1	196	151	2	0	+T
barcode06_consensus_vsearch	1956	T	T	349	2	0.57%	2	2	93	93	0.24964336661915734	1	1	199	150	1	1	C
barcode06_consensus_vsearch	1957	T	T	349	2	0.57%	2	2	93	93	0.24964336661915734	1	1	199	150	1	1	C
barcode06_consensus_vsearch	1958	C	C	346	3	0.85%	2	1	93	93	0.12446197991394273	1	1	199	147	0	3	+T
barcode06_consensus_vsearch	1959	T	T	345	6	1.71%	2	2	93	93	0.015292090471053536	1	1	198	147	2	4	-G
barcode06_consensus_vsearch	1960	G	G	346	0	0%	2	0	93	0	1.0	1	0	198	148	0	0	
barcode06_consensus_vsearch	1961	G	G	351	2	0.57%	2	1	93	93	0.24964539007068368	1	1	198	153	2	0	-CA
barcode06_consensus_vsearch	1962	C	C	347	3	0.85%	2	1	93	93	0.12446351931328528	1	1	197	150	0	3	T
barcode06_consensus_vsearch	1963	A	A	348	1	0.29%	2	1	93	93	0.4999999999999138	1	1	197	151	0	1	+GCA
barcode06_consensus_vsearch	1964	T	T	350	1	0.28%	2	1	93	93	0.4999999999999138	1	1	198	152	1	0	+CCA
barcode06_consensus_vsearch	1965	C	C	350	1	0.28%	2	1	93	93	0.4999999999999138	1	1	198	152	1	0	-GA
barcode06_consensus_vsearch	1966	G	G	351	0	0%	2	0	93	0	1.0	1	0	199	152	0	0	
barcode06_consensus_vsearch	1967	A	A	350	1	0.28%	2	1	93	93	0.4999999999999138	1	1	198	152	1	0	G
barcode06_consensus_vsearch	1968	T	T	350	1	0.28%	2	1	93	93	0.4999999999999138	1	1	199	151	1	0	+A
barcode06_consensus_vsearch	1969	G	G	349	3	0.85%	2	1	93	93	0.12446657183497908	1	1	197	152	3	0	+A
barcode06_consensus_vsearch	1970	A	A	351	2	0.57%	2	1	93	93	0.24964539007068368	1	1	198	153	2	0	G
barcode06_consensus_vsearch	1971	A	A	343	3	0.85%	2	2	93	93	0.124457308248865	1	1	195	148	1	2	G
barcode06_consensus_vsearch	1972	G	G	347	1	0.29%	2	1	93	93	0.4999999999999138	1	1	197	150	0	1	+A
barcode06_consensus_vsearch	1973	A	A	348	1	0.29%	2	1	93	93	0.4999999999999138	1	1	196	152	1	0	G
barcode06_consensus_vsearch	1974	A	A	350	1	0.28%	2	1	93	93	0.4999999999999138	1	1	198	152	1	0	G
barcode06_consensus_vsearch	1975	C	C	348	1	0.28%	2	1	93	93	0.4999999999999138	1	1	197	151	0	1	+G
barcode06_consensus_vsearch	1976	G	G	348	1	0.28%	2	1	93	93	0.4999999999999138	1	1	196	152	1	0	-C
barcode06_consensus_vsearch	1977	C	C	345	2	0.57%	2	1	93	93	0.24963924963931935	1	1	194	151	2	0	T
barcode06_consensus_vsearch	1978	A	R	340	7	2.01%	2	1	93	93	0.007577468131623444	1	1	190	150	7	0	G
barcode06_consensus_vsearch	1979	G	G	348	1	0.29%	2	1	93	93	0.4999999999999138	1	1	197	151	1	0	+CC
barcode06_consensus_vsearch	1980	C	C	342	5	1.42%	2	2	93	93	0.03080004093026935	1	1	193	149	3	2	+G
barcode06_consensus_vsearch	1981	G	G	349	2	0.57%	2	1	93	93	0.24964336661915734	1	1	198	151	2	0	-A
barcode06_consensus_vsearch	1982	A	A	348	3	0.85%	2	2	93	93	0.12446504992864586	1	1	197	151	1	2	G
barcode06_consensus_vsearch	1983	A	A	350	2	0.57%	2	2	93	93	0.2496443812233433	1	1	198	152	1	1	G
barcode06_consensus_vsearch	1984	A	A	348	2	0.57%	2	2	93	93	0.2496423462086995	1	1	197	151	1	1	G
barcode06_consensus_vsearch	1985	T	T	351	1	0.28%	2	1	93	93	0.4999999999999138	1	1	198	153	1	0	-G
barcode06_consensus_vsearch	1986	G	G	346	4	1.14%	2	1	93	93	0.06196390416311995	1	1	194	152	4	0	A
barcode06_consensus_vsearch	1987	C	C	350	1	0.28%	2	1	93	93	0.4999999999999138	1	1	199	151	1	0	+A
barcode06_consensus_vsearch	1988	G	G	350	1	0.28%	2	1	93	93	0.4999999999999138	1	1	199	151	1	0	-A
barcode06_consensus_vsearch	1989	A	A	351	1	0.28%	2	1	93	93	0.4999999999999138	1	1	199	152	0	1	-T
barcode06_consensus_vsearch	1990	T	T	348	2	0.57%	2	1	93	93	0.2496423462086995	1	1	196	152	2	0	-A
barcode06_consensus_vsearch	1991	A	A	349	1	0.28%	2	1	93	93	0.4999999999999138	1	1	197	152	1	0	+GA
barcode06_consensus_vsearch	1992	A	A	352	1	0.28%	2	1	93	93	0.4999999999999138	1	1	199	153	1	0	G
barcode06_consensus_vsearch	1993	G	G	352	1	0.28%	2	1	93	93	0.4999999999999138	1	1	199	153	1	0	T
barcode06_consensus_vsearch	1994	T	T	346	5	1.42%	2	1	93	93	0.03080516490845092	1	1	199	147	0	5	-A
barcode06_consensus_vsearch	1995	A	A	348	0	0%	2	0	93	0	1.0	1	0	200	148	0	0	
barcode06_consensus_vsearch	1996	A	A	352	1	0.28%	2	1	93	93	0.4999999999999138	1	1	200	152	0	1	G
barcode06_consensus_vsearch	1997	T	Y	344	8	2.27%	2	2	93	93	0.003752326609186822	1	1	199	145	1	7	C
barcode06_consensus_vsearch	1998	G	G	341	5	1.42%	2	2	93	93	0.03079874143819971	1	1	197	144	1	4	-TG
barcode06_consensus_vsearch	1999	T	T	334	4	1.16%	2	2	93	93	0.0619448571900328	1	1	192	142	2	2	C
barcode06_consensus_vsearch	2000	G	G	333	5	1.45%	2	1	93	93	0.030788068900977048	1	1	186	147	5	0	-AA
barcode06_consensus_vsearch	2001	A	A	339	1	0.29%	2	1	93	93	0.5000000000003686	1	1	188	151	0	1	G
barcode06_consensus_vsearch	2002	A	A	338	3	0.86%	2	2	93	93	0.12444933920718405	1	1	191	147	2	1	+T
barcode06_consensus_vsearch	2003	T	K	338	8	2.29%	2	1	93	93	0.0037496828790229684	1	1	191	147	8	0	G
barcode06_consensus_vsearch	2004	T	T	345	3	0.85%	2	2	93	93	0.12446043165476364	1	1	196	149	2	1	C
barcode06_consensus_vsearch	2005	G	G	344	3	0.85%	2	2	93	93	0.12445887445888035	1	1	194	150	1	2	A
barcode06_consensus_vsearch	2006	C	C	342	2	0.57%	2	1	93	93	0.24963609898113429	1	1	193	149	2	0	+G
barcode06_consensus_vsearch	2007	A	A	338	5	1.42%	2	1	93	93	0.03079479753340632	1	1	187	151	5	0	-G
barcode06_consensus_vsearch	2008	G	G	344	1	0.29%	2	1	93	93	0.4999999999999138	1	1	193	151	1	0	+A
barcode06_consensus_vsearch	2009	A	A	350	2	0.57%	2	1	93	93	0.2496443812233433	1	1	198	152	2	0	G
barcode06_consensus_vsearch	2010	A	A	346	2	0.57%	2	2	93	93	0.2496402877699066	1	1	198	148	1	1	+T
barcode06_consensus_vsearch	2011	T	T	350	0	0%	2	0	93	0	1.0	1	0	200	150	0	0	
barcode06_consensus_vsearch	2012	T	T	347	2	0.57%	2	1	93	93	0.24964131994254463	1	1	198	149	2	0	+C
barcode06_consensus_vsearch	2013	C	C	346	2	0.57%	2	1	93	93	0.2496402877699066	1	1	197	149	2	0	+G
barcode06_consensus_vsearch	2014	A	A	345	4	1.14%	2	1	93	93	0.061962366978748344	1	1	196	149	4	0	G
barcode06_consensus_vsearch	2015	G	G	347	1	0.29%	2	1	93	93	0.4999999999999138	1	1	199	148	1	0	+CAG
barcode06_consensus_vsearch	2016	T	T	349	1	0.28%	2	1	93	93	0.4999999999999138	1	1	200	149	0	1	A
barcode06_consensus_vsearch	2017	G	G	351	1	0.28%	2	1	93	93	0.4999999999999138	1	1	199	152	1	0	-A
barcode06_consensus_vsearch	2018	A	A	352	0	0%	2	0	93	0	1.0	1	0	199	153	0	0	
barcode06_consensus_vsearch	2019	A	A	352	1	0.28%	2	1	93	93	0.4999999999999138	1	1	200	152	0	1	G
barcode06_consensus_vsearch	2020	T	T	351	2	0.57%	2	1	93	93	0.24964539007068368	1	1	198	153	2	0	C
barcode06_consensus_vsearch	2021	C	C	350	3	0.85%	2	1	93	93	0.12446808510622623	1	1	197	153	3	0	-A
barcode06_consensus_vsearch	2022	A	A	347	1	0.29%	2	1	93	93	0.4999999999999138	1	1	194	153	1	0	+CA
barcode06_consensus_vsearch	2023	T	T	349	3	0.85%	2	1	93	93	0.12446657183497908	1	1	196	153	3	0	+C
barcode06_consensus_vsearch	2024	C	*/+A	343	9	2.56%	2	1	93	93	0.001854598209137381	1	1	190	153	9	0	+A
barcode06_consensus_vsearch	2025	G	*/-A	343	8	2.27%	2	1	93	93	0.0037518922043892396	1	1	191	152	8	0	-A
barcode06_consensus_vsearch	2026	A	A	342	2	0.58%	2	1	93	93	0.24963609898113429	1	1	190	152	2	0	G
barcode06_consensus_vsearch	2027	A	A	351	1	0.28%	2	1	93	93	0.4999999999999138	1	1	199	152	1	0	+GA
barcode06_consensus_vsearch	2028	T	T	351	1	0.28%	2	1	93	93	0.4999999999999138	1	1	199	152	1	0	+G
barcode06_consensus_vsearch	2029	C	C	336	6	1.7%	2	2	93	93	0.015283355757130674	1	1	198	138	1	5	+T
barcode06_consensus_vsearch	2030	T	T	343	1	0.29%	2	1	93	93	0.4999999999999138	1	1	198	145	1	0	+A
barcode06_consensus_vsearch	2031	T	T	347	2	0.57%	2	1	93	93	0.24964131994254463	1	1	196	151	2	0	C
barcode06_consensus_vsearch	2032	T	T	346	4	1.13%	2	2	93	93	0.06196390416311995	1	1	195	151	3	1	+A
barcode06_consensus_vsearch	2033	G	G	344	5	1.42%	2	1	93	93	0.03080261759027664	1	1	195	149	5	0	-A
barcode06_consensus_vsearch	2034	A	A	346	1	0.29%	2	1	93	93	0.4999999999999138	1	1	194	152	1	0	G
barcode06_consensus_vsearch	2035	A	A	349	2	0.57%	2	1	93	93	0.24964336661915734	1	1	197	152	2	0	G
barcode06_consensus_vsearch	2036	C	C	342	3	0.85%	2	1	93	93	0.12445573294627689	1	1	193	149	0	3	+G
barcode06_consensus_vsearch	2037	G	G	348	1	0.29%	2	1	93	93	0.4999999999999138	1	1	196	152	0	1	+TAGG
barcode06_consensus_vsearch	2038	C	C	347	2	0.57%	2	1	93	93	0.24964131994254463	1	1	194	153	2	0	-ACA
barcode06_consensus_vsearch	2039	A	*/-CA	337	11	3.13%	2	1	93	93	4.5063381864919106E-4	1	1	185	152	11	0	-CA
barcode06_consensus_vsearch	2040	C	C	338	1	0.29%	2	1	93	93	0.4999999999999138	1	1	186	152	1	0	+A
barcode06_consensus_vsearch	2041	A	A	335	3	0.88%	2	2	93	93	0.12444444444441763	1	1	185	150	2	1	G
barcode06_consensus_vsearch	2042	T	T	347	3	0.85%	2	2	93	93	0.12446351931328528	1	1	196	151	2	1	C
barcode06_consensus_vsearch	2043	T	T	351	2	0.57%	2	1	93	93	0.24964539007068368	1	1	200	151	0	2	C
barcode06_consensus_vsearch	2044	G	G	349	3	0.85%	2	2	93	93	0.12446657183497908	1	1	197	152	2	1	A
barcode06_consensus_vsearch	2045	C	C	350	2	0.57%	2	1	93	93	0.2496443812233433	1	1	199	151	0	2	T
barcode06_consensus_vsearch	2046	G	G	349	1	0.28%	2	1	93	93	0.4999999999999138	1	1	197	152	0	1	-C
barcode06_consensus_vsearch	2047	C	C	348	2	0.57%	2	1	93	93	0.2496423462086995	1	1	197	151	2	0	T
barcode06_consensus_vsearch	2048	C	C	352	1	0.28%	2	1	93	93	0.4999999999999138	1	1	199	153	1	0	A
barcode06_consensus_vsearch	2049	C	C	353	0	0%	2	0	93	0	1.0	1	0	200	153	0	0	
barcode06_consensus_vsearch	2050	A	A	350	1	0.28%	2	1	93	93	0.4999999999999138	1	1	199	151	1	0	+CA
barcode06_consensus_vsearch	2051	T	T	351	1	0.28%	2	1	93	93	0.4999999999999138	1	1	200	151	0	1	C
barcode06_consensus_vsearch	2052	T	T	349	3	0.85%	2	1	93	93	0.12446657183497908	1	1	197	152	3	0	+A
barcode06_consensus_vsearch	2053	A	A	349	3	0.85%	2	2	93	93	0.12446657183497908	1	1	198	151	2	1	G
barcode06_consensus_vsearch	2054	G	G	350	2	0.57%	2	1	93	93	0.2496443812233433	1	1	198	152	2	0	T
barcode06_consensus_vsearch	2055	T	T	349	1	0.28%	2	1	93	93	0.4999999999999138	1	1	199	150	0	1	+A
barcode06_consensus_vsearch	2056	A	A	352	1	0.28%	2	1	93	93	0.4999999999999138	1	1	199	153	1	0	+T
barcode06_consensus_vsearch	2057	T	T	350	2	0.57%	2	2	93	93	0.2496443812233433	1	1	199	151	1	1	C
barcode06_consensus_vsearch	2058	T	T	347	3	0.85%	2	1	93	93	0.12446351931328528	1	1	198	149	0	3	-C
barcode06_consensus_vsearch	2059	C	C	350	0	0%	2	0	93	0	1.0	1	0	200	150	0	0	
barcode06_consensus_vsearch	2060	T	T	347	3	0.85%	2	1	93	93	0.12446351931328528	1	1	195	152	3	0	+G
barcode06_consensus_vsearch	2061	A	A	348	3	0.85%	2	1	93	93	0.12446504992864586	1	1	196	152	3	0	G
barcode06_consensus_vsearch	2062	G	G	352	0	0%	2	0	93	0	1.0	1	0	199	153	0	0	
barcode06_consensus_vsearch	2063	T	T	343	6	1.7%	2	1	93	93	0.015290188241060826	1	1	199	144	0	6	-G
barcode06_consensus_vsearch	2064	G	G	343	2	0.58%	2	2	93	93	0.24963715529753122	1	1	199	144	1	1	A
barcode06_consensus_vsearch	2065	G	G	351	1	0.28%	2	1	93	93	0.4999999999999138	1	1	199	152	1	0	A
barcode06_consensus_vsearch	2066	G	G	350	3	0.85%	2	2	93	93	0.12446808510622623	1	1	198	152	2	1	A
barcode06_consensus_vsearch	2067	C	C	349	1	0.28%	2	1	93	93	0.4999999999999138	1	1	200	149	0	1	+A
barcode06_consensus_vsearch	2068	A	A	350	1	0.28%	2	1	93	93	0.4999999999999138	1	1	200	150	0	1	+C
barcode06_consensus_vsearch	2069	T	T	346	2	0.57%	2	2	93	93	0.2496402877699066	1	1	198	148	1	1	-G
barcode06_consensus_vsearch	2070	G	G	345	2	0.57%	2	2	93	93	0.24963924963931935	1	1	196	149	1	1	A
barcode06_consensus_vsearch	2071	C	C	346	4	1.14%	2	1	93	93	0.06196390416311995	1	1	199	147	0	4	+T
barcode06_consensus_vsearch	2072	C	C	347	4	1.13%	2	2	93	93	0.06196543258251349	1	1	197	150	1	3	-T
barcode06_consensus_vsearch	2073	T	T	340	5	1.43%	2	1	93	93	0.030797434418565302	1	1	196	144	0	5	C
barcode06_consensus_vsearch	2074	G	G	345	4	1.14%	2	2	93	93	0.061962366978748344	1	1	195	150	2	2	A
barcode06_consensus_vsearch	2075	T	T	343	4	1.14%	2	2	93	93	0.06195926601136401	1	1	192	151	2	2	C
barcode06_consensus_vsearch	2076	T	T	343	6	1.7%	2	2	93	93	0.015290188241060826	1	1	193	150	4	2	-C
barcode06_consensus_vsearch	2077	C	C	343	2	0.58%	2	1	93	93	0.24963715529753122	1	1	192	151	2	0	+TC
barcode06_consensus_vsearch	2078	G	G	349	4	1.13%	2	1	93	93	0.06196846342422332	1	1	196	153	4	0	-A
barcode06_consensus_vsearch	2079	A	*/-G	337	7	2.01%	2	1	93	93	0.0075754305431544305	1	1	186	151	7	0	-G
barcode06_consensus_vsearch	2080	G	G	342	1	0.29%	2	1	93	93	0.5000000000003686	1	1	192	150	0	1	+C
barcode06_consensus_vsearch	2081	C	C	344	5	1.42%	2	2	93	93	0.03080261759027664	1	1	197	147	1	4	T
barcode06_consensus_vsearch	2082	G	G	350	0	0%	2	0	93	0	1.0	1	0	198	152	0	0	
barcode06_consensus_vsearch	2083	T	T	345	3	0.85%	2	2	93	93	0.12446043165476364	1	1	194	151	1	2	C
barcode06_consensus_vsearch	2084	C	C	348	1	0.29%	2	1	93	93	0.4999999999999138	1	1	196	152	0	1	T
barcode06_consensus_vsearch	2085	A	A	338	5	1.42%	2	2	93	93	0.03079479753340632	1	1	191	147	3	2	+T
barcode06_consensus_vsearch	2086	T	T	346	1	0.29%	2	1	93	93	0.4999999999999138	1	1	196	150	1	0	C
barcode06_consensus_vsearch	2087	T	T	348	1	0.29%	2	1	93	93	0.4999999999999138	1	1	198	150	1	0	C
barcode06_consensus_vsearch	2088	T	T	345	4	1.13%	2	2	93	93	0.061962366978748344	1	1	195	150	3	1	+C
barcode06_consensus_vsearch	2089	C	C	347	1	0.28%	2	1	93	93	0.4999999999999138	1	1	197	150	0	1	+A
barcode06_consensus_vsearch	2090	A	A	347	2	0.57%	2	2	93	93	0.24964131994254463	1	1	196	151	1	1	G
barcode06_consensus_vsearch	2091	A	*/-C	293	25	7.1%	2	2	93	93	1.8244405315410834E-8	1	1	154	139	21	4	-C
barcode06_consensus_vsearch	2092	C	C	305	1	0.33%	2	1	93	93	0.4999999999999138	1	1	159	146	0	1	+TCC
barcode06_consensus_vsearch	2093	C	C	331	1	0.3%	2	1	93	93	0.4999999999999138	1	1	180	151	0	1	T
barcode06_consensus_vsearch	2094	C	C	344	2	0.58%	2	1	93	93	0.2496382054993181	1	1	194	150	0	2	T
barcode06_consensus_vsearch	2095	C	C	348	2	0.57%	2	2	93	93	0.2496423462086995	1	1	198	150	1	1	-T
barcode06_consensus_vsearch	2096	T	T	340	6	1.72%	2	2	93	93	0.015287293785191516	1	1	193	147	2	4	-A
barcode06_consensus_vsearch	2097	A	A	345	0	0%	2	0	93	0	1.0	1	0	197	148	0	0	
barcode06_consensus_vsearch	2098	A	A	347	3	0.85%	2	1	93	93	0.12446351931328528	1	1	199	148	0	3	-G
barcode06_consensus_vsearch	2099	G	G	347	2	0.57%	2	1	93	93	0.24964131994254463	1	1	198	149	2	0	+C
barcode06_consensus_vsearch	2100	C	C	350	1	0.28%	2	1	93	93	0.4999999999999138	1	1	200	150	0	1	+A
barcode06_consensus_vsearch	2101	A	A	349	1	0.28%	2	1	93	93	0.4999999999999138	1	1	199	150	1	0	-CA
barcode06_consensus_vsearch	2102	C	C	349	1	0.28%	2	1	93	93	0.4999999999999138	1	1	198	151	1	0	-A
barcode06_consensus_vsearch	2103	A	A	348	1	0.29%	2	1	93	93	0.4999999999999138	1	1	198	150	0	1	+CA
barcode06_consensus_vsearch	2104	G	G	352	0	0%	2	0	93	0	1.0	1	0	200	152	0	0	
barcode06_consensus_vsearch	2105	C	C	351	1	0.28%	2	1	93	93	0.4999999999999138	1	1	199	152	1	0	+AGC
barcode06_consensus_vsearch	2106	T	T	350	2	0.57%	2	2	93	93	0.2496443812233433	1	1	199	151	1	1	C
barcode06_consensus_vsearch	2107	T	T	348	2	0.57%	2	1	93	93	0.2496423462086995	1	1	197	151	2	0	-ATT
barcode06_consensus_vsearch	2108	A	A	348	1	0.29%	2	1	93	93	0.4999999999999138	1	1	197	151	1	0	C
barcode06_consensus_vsearch	2109	T	T	348	1	0.29%	2	1	93	93	0.4999999999999138	1	1	197	151	1	0	A
barcode06_consensus_vsearch	2110	T	T	350	0	0%	2	0	93	0	1.0	1	0	198	152	0	0	
barcode06_consensus_vsearch	2111	G	G	350	1	0.28%	2	1	93	93	0.4999999999999138	1	1	199	151	1	0	+T
barcode06_consensus_vsearch	2112	T	T	349	2	0.57%	2	1	93	93	0.24964336661915734	1	1	200	149	0	2	C
barcode06_consensus_vsearch	2113	T	T	347	3	0.85%	2	2	93	93	0.12446351931328528	1	1	198	149	1	2	C
barcode06_consensus_vsearch	2114	G	G	347	1	0.29%	2	1	93	93	0.4999999999999138	1	1	198	149	1	0	+AAG
barcode06_consensus_vsearch	2115	G	G	346	3	0.85%	2	2	93	93	0.12446197991394273	1	1	196	150	2	1	A
barcode06_consensus_vsearch	2116	G	G	349	1	0.28%	2	1	93	93	0.4999999999999138	1	1	198	151	1	0	-C
barcode06_consensus_vsearch	2117	C	C	348	1	0.29%	2	1	93	93	0.4999999999999138	1	1	198	150	0	1	-GT
barcode06_consensus_vsearch	2118	G	G	344	2	0.57%	2	1	93	93	0.2496382054993181	1	1	197	147	0	2	+CG
barcode06_consensus_vsearch	2119	T	T	348	2	0.57%	2	1	93	93	0.2496423462086995	1	1	199	149	0	2	C
barcode06_consensus_vsearch	2120	C	C	347	2	0.57%	2	1	93	93	0.24964131994254463	1	1	197	150	2	0	-TAC
barcode06_consensus_vsearch	2121	T	T	343	2	0.57%	2	1	93	93	0.24963715529753122	1	1	195	148	2	0	+CT
barcode06_consensus_vsearch	2122	A	A	349	1	0.29%	2	1	93	93	0.4999999999999138	1	1	196	153	1	0	G
barcode06_consensus_vsearch	2123	C	C	348	1	0.29%	2	1	93	93	0.4999999999999138	1	1	196	152	0	1	+A
barcode06_consensus_vsearch	2124	G	G	349	2	0.57%	2	1	93	93	0.24964336661915734	1	1	199	150	0	2	+T
barcode06_consensus_vsearch	2125	T	T	349	1	0.28%	2	1	93	93	0.4999999999999138	1	1	198	151	1	0	+C
barcode06_consensus_vsearch	2126	C	C	348	3	0.85%	2	1	93	93	0.12446504992864586	1	1	199	149	0	3	-T
barcode06_consensus_vsearch	2127	T	T	344	4	1.14%	2	2	93	93	0.061960820953638154	1	1	197	147	2	2	C
barcode06_consensus_vsearch	2128	G	G	346	4	1.14%	2	1	93	93	0.06196390416311995	1	1	193	153	4	0	+C
barcode06_consensus_vsearch	2129	T	T	346	4	1.13%	2	2	93	93	0.06196390416311995	1	1	194	152	3	1	C
barcode06_consensus_vsearch	2130	A	A	347	3	0.85%	2	2	93	93	0.12446351931328528	1	1	196	151	1	2	G
barcode06_consensus_vsearch	2131	G	G	348	2	0.57%	2	1	93	93	0.2496423462086995	1	1	196	152	2	0	A
barcode06_consensus_vsearch	2132	T	T	348	2	0.57%	2	1	93	93	0.2496423462086995	1	1	196	152	2	0	-G
barcode06_consensus_vsearch	2133	G	G	346	3	0.85%	2	2	93	93	0.12446197991394273	1	1	196	150	1	2	-C
barcode06_consensus_vsearch	2134	C	C	344	2	0.57%	2	1	93	93	0.2496382054993181	1	1	195	149	2	0	T
barcode06_consensus_vsearch	2135	C	C	349	2	0.57%	2	1	93	93	0.24964336661915734	1	1	198	151	2	0	A
barcode06_consensus_vsearch	2136	T	T	343	4	1.14%	2	1	93	93	0.06195926601136401	1	1	194	149	4	0	+C
barcode06_consensus_vsearch	2137	C	*/-AA	336	8	2.27%	2	2	93	93	0.0037487813407406246	1	1	190	146	6	2	-AA
barcode06_consensus_vsearch	2138	A	A	342	2	0.58%	2	1	93	93	0.24963609898113429	1	1	191	151	2	0	G
barcode06_consensus_vsearch	2139	A	A	345	0	0%	2	0	93	0	1.0	1	0	194	151	0	0	
barcode06_consensus_vsearch	2140	A	A	351	2	0.57%	2	2	93	93	0.24964539007068368	1	1	199	152	1	1	G
barcode06_consensus_vsearch	2141	G	G	348	3	0.85%	2	1	93	93	0.12446504992864586	1	1	199	149	0	3	+C
barcode06_consensus_vsearch	2142	A	A	351	0	0%	2	0	93	0	1.0	1	0	199	152	0	0	
barcode06_consensus_vsearch	2143	C	C	345	3	0.85%	2	1	93	93	0.12446043165476364	1	1	193	152	3	0	+G
barcode06_consensus_vsearch	2144	A	A	344	3	0.86%	2	1	93	93	0.12445887445888035	1	1	191	153	3	0	-T
barcode06_consensus_vsearch	2145	T	T	343	5	1.43%	2	1	93	93	0.030801332959592774	1	1	191	152	5	0	G
barcode06_consensus_vsearch	2146	T	T	349	2	0.57%	2	2	93	93	0.24964336661915734	1	1	198	151	1	1	+G
barcode06_consensus_vsearch	2147	G	R	327	23	6.52%	2	2	93	93	8.205424167467923E-8	1	1	175	152	22	1	A
barcode06_consensus_vsearch	2148	G	G	352	1	0.28%	2	1	93	93	0.4999999999999138	1	1	199	153	1	0	+CC
barcode06_consensus_vsearch	2149	C	C	346	2	0.57%	2	2	93	93	0.2496402877699066	1	1	197	149	1	1	+G
barcode06_consensus_vsearch	2150	G	G	349	4	1.13%	2	1	93	93	0.06196846342422332	1	1	196	153	4	0	A
barcode06_consensus_vsearch	2151	G	*/-A	328	23	6.52%	2	1	93	93	8.214452960455268E-8	1	1	176	152	23	0	-A
barcode06_consensus_vsearch	2152	A	A	328	2	0.61%	2	1	93	93	0.2496206373292684	1	1	175	153	2	0	-G
barcode06_consensus_vsearch	2153	G	G	349	1	0.28%	2	1	93	93	0.4999999999999138	1	1	196	153	1	0	+CC
barcode06_consensus_vsearch	2154	C	C	348	2	0.57%	2	2	93	93	0.2496423462086995	1	1	197	151	1	1	-G
barcode06_consensus_vsearch	2155	G	R	324	25	7.14%	2	1	93	93	1.9087888406335574E-8	1	1	173	151	25	0	A
barcode06_consensus_vsearch	2156	G	G	339	6	1.7%	2	2	93	93	0.015286317813602767	1	1	189	150	3	3	-CAG
barcode06_consensus_vsearch	2157	C	C	337	3	0.87%	2	1	93	93	0.12444771723137743	1	1	188	149	3	0	+TT
barcode06_consensus_vsearch	2158	A	R	317	27	7.78%	2	2	93	93	4.382143793901714E-9	1	1	168	149	26	1	G
barcode06_consensus_vsearch	2159	G	G	341	3	0.86%	2	1	93	93	0.12445414847166256	1	1	192	149	3	0	T
barcode06_consensus_vsearch	2160	T	T	343	6	1.7%	2	1	93	93	0.015290188241060826	1	1	193	150	6	0	+G
barcode06_consensus_vsearch	2161	A	A	342	5	1.43%	2	1	93	93	0.03080004093026935	1	1	192	150	5	0	-G
barcode06_consensus_vsearch	2162	G	G	343	1	0.29%	2	1	93	93	0.4999999999999138	1	1	194	149	0	1	-T
barcode06_consensus_vsearch	2163	T	T	345	2	0.57%	2	2	93	93	0.24963924963931935	1	1	197	148	1	1	+C
barcode06_consensus_vsearch	2164	C	C	346	2	0.57%	2	1	93	93	0.2496402877699066	1	1	196	150	2	0	+A
barcode06_consensus_vsearch	2165	C	C	350	1	0.28%	2	1	93	93	0.4999999999999138	1	1	198	152	0	1	-T
barcode06_consensus_vsearch	2166	T	T	344	3	0.85%	2	1	93	93	0.12445887445888035	1	1	195	149	3	0	+C
barcode06_consensus_vsearch	2167	C	C	350	2	0.57%	2	2	93	93	0.2496443812233433	1	1	199	151	1	1	-T
barcode06_consensus_vsearch	2168	T	T	341	5	1.42%	2	2	93	93	0.03079874143819971	1	1	195	146	1	4	+G
barcode06_consensus_vsearch	2169	G	G	348	2	0.57%	2	1	93	93	0.2496423462086995	1	1	196	152	2	0	C
barcode06_consensus_vsearch	2170	A	A	342	5	1.42%	2	1	93	93	0.03080004093026935	1	1	190	152	5	0	+G
barcode06_consensus_vsearch	2171	G	G	348	1	0.29%	2	1	93	93	0.4999999999999138	1	1	196	152	1	0	+T
barcode06_consensus_vsearch	2172	C	C	351	1	0.28%	2	1	93	93	0.4999999999999138	1	1	199	152	1	0	A
barcode06_consensus_vsearch	2173	G	G	352	1	0.28%	2	1	93	93	0.4999999999999138	1	1	199	153	1	0	T
barcode06_consensus_vsearch	2174	T	T	348	2	0.57%	2	1	93	93	0.2496423462086995	1	1	200	148	0	2	C
barcode06_consensus_vsearch	2175	A	A	343	4	1.14%	2	2	93	93	0.06195926601136401	1	1	195	148	2	2	-GTA
barcode06_consensus_vsearch	2176	G	G	348	1	0.29%	2	1	93	93	0.4999999999999138	1	1	197	151	1	0	+T
barcode06_consensus_vsearch	2177	T	*/-A	335	9	2.58%	2	2	93	93	0.0018523390154232843	1	1	196	139	2	7	-A
barcode06_consensus_vsearch	2178	A	A	339	1	0.29%	2	1	93	93	0.5000000000003686	1	1	195	144	1	0	G
barcode06_consensus_vsearch	2179	A	A	342	5	1.42%	2	1	93	93	0.03080004093026935	1	1	198	144	0	5	-TT
barcode06_consensus_vsearch	2180	T	T	342	2	0.58%	2	1	93	93	0.24963609898113429	1	1	199	143	0	2	+C
barcode06_consensus_vsearch	2181	T	*/-CTT	331	7	2.01%	2	1	93	93	0.007571247515222922	1	1	198	133	0	7	-CTT
barcode06_consensus_vsearch	2182	C	Y	315	16	4.69%	2	1	93	93	1.2673626276353975E-5	1	1	196	119	0	16	T
barcode06_consensus_vsearch	2183	T	T	335	3	0.89%	2	1	93	93	0.12444444444441763	1	1	198	137	0	3	C
barcode06_consensus_vsearch	2184	T	T	343	2	0.58%	2	1	93	93	0.24963715529753122	1	1	197	146	2	0	C
barcode06_consensus_vsearch	2185	T	T	350	2	0.57%	2	1	93	93	0.2496443812233433	1	1	200	150	0	2	C
barcode06_consensus_vsearch	2186	A	A	352	1	0.28%	2	1	93	93	0.4999999999999138	1	1	200	152	0	1	+C
barcode06_consensus_vsearch	2187	T	T	348	2	0.57%	2	1	93	93	0.2496423462086995	1	1	197	151	2	0	C
barcode06_consensus_vsearch	2188	C	C	349	3	0.85%	2	1	93	93	0.12446657183497908	1	1	197	152	3	0	-TC
barcode06_consensus_vsearch	2189	T	T	350	0	0%	2	0	93	0	1.0	1	0	197	153	0	0	
barcode06_consensus_vsearch	2190	C	*/+TC	336	7	2%	2	1	93	93	0.007574743473790617	1	1	187	149	7	0	+TC
barcode06_consensus_vsearch	2191	G	G	351	0	0%	2	0	93	0	1.0	1	0	198	153	0	0	
barcode06_consensus_vsearch	2192	C	*/-T	309	16	4.53%	2	2	93	93	1.2629201295560026E-5	1	1	177	132	13	3	-T
barcode06_consensus_vsearch	2193	T	T	332	1	0.3%	2	1	93	93	0.4999999999999138	1	1	187	145	0	1	C
barcode06_consensus_vsearch	2194	T	T	348	1	0.29%	2	1	93	93	0.4999999999999138	1	1	200	148	0	1	+CTT
barcode06_consensus_vsearch	2195	T	T	353	0	0%	2	0	93	0	1.0	1	0	200	153	0	0	
barcode06_consensus_vsearch	2196	T	T	352	1	0.28%	2	1	93	93	0.4999999999999138	1	1	200	152	0	1	+ATGA
barcode06_consensus_vsearch	2197	G	G	349	1	0.28%	2	1	93	93	0.4999999999999138	1	1	197	152	0	1	+C
barcode06_consensus_vsearch	2198	T	Y	340	7	1.99%	2	1	93	93	0.007577468131623444	1	1	195	145	0	7	C
barcode06_consensus_vsearch	2199	T	T	338	4	1.13%	2	1	93	93	0.06195135480287766	1	1	187	151	4	0	+A
barcode06_consensus_vsearch	2200	A	*/-G	329	11	3.15%	2	2	93	93	4.497704755708121E-4	1	1	185	144	7	4	-G
barcode06_consensus_vsearch	2201	G	G	336	3	0.88%	2	1	93	93	0.12444608567222228	1	1	187	149	3	0	A
barcode06_consensus_vsearch	2202	G	G	345	2	0.57%	2	1	93	93	0.24963924963931935	1	1	193	152	2	0	A
barcode06_consensus_vsearch	2203	T	T	345	4	1.14%	2	1	93	93	0.061962366978748344	1	1	193	152	4	0	-G
barcode06_consensus_vsearch	2204	G	G	342	3	0.86%	2	1	93	93	0.12445573294627689	1	1	190	152	3	0	A
barcode06_consensus_vsearch	2205	C	C	339	4	1.14%	2	1	93	93	0.06195295550973475	1	1	189	150	4	0	+TT
barcode06_consensus_vsearch	2206	T	Y	333	8	2.32%	2	2	93	93	0.003747409399187016	1	1	190	143	1	7	C
barcode06_consensus_vsearch	2207	G	*/+C	129	132	38.15%	2	2	93	93	2.87010634405542E-50	1	1	75	54	84	48	+C
barcode06_consensus_vsearch	2208	C	C	311	2	0.63%	2	1	93	93	0.24959999999998858	1	1	190	121	0	2	+TC
barcode06_consensus_vsearch	2209	C	C	349	1	0.28%	2	1	93	93	0.4999999999999138	1	1	197	152	1	0	+C
barcode06_consensus_vsearch	2210	C	C	344	4	1.14%	2	2	93	93	0.061960820953638154	1	1	197	147	1	3	T
barcode06_consensus_vsearch	2211	C	C	348	2	0.57%	2	1	93	93	0.2496423462086995	1	1	197	151	2	0	+CCC
barcode06_consensus_vsearch	2212	C	C	334	5	1.42%	2	1	93	93	0.030789430493984415	1	1	189	145	0	5	+T
barcode06_consensus_vsearch	2213	G	G	348	3	0.85%	2	2	93	93	0.12446504992864586	1	1	196	152	2	1	A
barcode06_consensus_vsearch	2214	G	G	338	6	1.7%	2	1	93	93	0.01528533618469065	1	1	186	152	6	0	+C
barcode06_consensus_vsearch	2215	C	C	348	1	0.29%	2	1	93	93	0.4999999999999138	1	1	195	153	1	0	A
barcode06_consensus_vsearch	2216	C	C	347	2	0.57%	2	1	93	93	0.24964131994254463	1	1	195	152	2	0	+A
barcode06_consensus_vsearch	2217	G	G	347	4	1.14%	2	1	93	93	0.06196543258251349	1	1	195	152	4	0	A
barcode06_consensus_vsearch	2218	T	*/-A	322	16	4.55%	2	2	93	93	1.2723600378402164E-5	1	1	193	129	3	13	-A
barcode06_consensus_vsearch	2219	A	A	331	4	1.19%	2	1	93	93	0.06193988207692839	1	1	192	139	4	0	G
barcode06_consensus_vsearch	2220	A	A	349	2	0.57%	2	1	93	93	0.24964336661915734	1	1	197	152	2	0	G
barcode06_consensus_vsearch	2221	A	A	347	4	1.14%	2	2	93	93	0.06196543258251349	1	1	198	149	1	3	G
barcode06_consensus_vsearch	2222	A	*/-C	271	64	18.13%	2	2	93	93	1.940179116844659E-21	1	1	175	96	20	44	-C
barcode06_consensus_vsearch	2223	C	M	276	10	3.46%	2	1	93	93	9.014774446876307E-4	1	1	177	99	0	10	A
barcode06_consensus_vsearch	2224	C	C	352	1	0.28%	2	1	93	93	0.4999999999999138	1	1	199	153	1	0	G
barcode06_consensus_vsearch	2225	C	C	352	1	0.28%	2	1	93	93	0.4999999999999138	1	1	199	153	1	0	G
barcode06_consensus_vsearch	2226	C	C	352	1	0.28%	2	1	93	93	0.4999999999999138	1	1	199	153	1	0	A
barcode06_consensus_vsearch	2227	C	C	346	3	0.85%	2	1	93	93	0.12446197991394273	1	1	199	147	0	3	+T
barcode06_consensus_vsearch	2228	A	A	348	4	1.14%	2	2	93	93	0.06196695231151725	1	1	197	151	3	1	G
barcode06_consensus_vsearch	2229	A	*/-T	233	76	21.53%	2	2	93	93	6.803821876672457E-26	1	1	117	116	52	24	-T
barcode06_consensus_vsearch	2230	T	T	266	2	0.75%	2	1	93	93	0.24953271028049737	1	1	139	127	0	2	C
barcode06_consensus_vsearch	2231	T	T	343	1	0.29%	2	1	93	93	0.4999999999999138	1	1	191	152	0	1	C
barcode06_consensus_vsearch	2232	T	T	351	1	0.28%	2	1	93	93	0.4999999999999138	1	1	198	153	1	0	-T
barcode06_consensus_vsearch	2233	T	T	351	1	0.28%	2	1	93	93	0.4999999999999138	1	1	198	153	1	0	C
barcode06_consensus_vsearch	2234	T	T	353	0	0%	2	0	93	0	1.0	1	0	200	153	0	0	
barcode06_consensus_vsearch	2235	T	T	349	2	0.57%	2	1	93	93	0.24964336661915734	1	1	196	153	2	0	+C
barcode06_consensus_vsearch	2236	C	C	348	2	0.57%	2	1	93	93	0.2496423462086995	1	1	199	149	0	2	+T
barcode06_consensus_vsearch	2237	T	T	344	3	0.85%	2	1	93	93	0.12445887445888035	1	1	195	149	3	0	C
barcode06_consensus_vsearch	2238	G	G	347	1	0.29%	2	1	93	93	0.4999999999999138	1	1	198	149	1	0	+TAA
barcode06_consensus_vsearch	2239	G	G	348	2	0.57%	2	2	93	93	0.2496423462086995	1	1	197	151	1	1	A
barcode06_consensus_vsearch	2240	T	T	347	3	0.85%	2	2	93	93	0.12446351931328528	1	1	197	150	2	1	A
barcode06_consensus_vsearch	2241	T	T	348	2	0.57%	2	1	93	93	0.2496423462086995	1	1	198	150	0	2	+G
barcode06_consensus_vsearch	2242	G	G	353	0	0%	2	0	93	0	1.0	1	0	200	153	0	0	
barcode06_consensus_vsearch	2243	A	A	348	5	1.42%	2	2	93	93	0.030807683383255846	1	1	199	149	1	4	-C
barcode06_consensus_vsearch	2244	C	C	345	2	0.57%	2	1	93	93	0.24963924963931935	1	1	198	147	0	2	+T
barcode06_consensus_vsearch	2245	C	C	348	5	1.42%	2	1	93	93	0.030807683383255846	1	1	200	148	0	5	-T
barcode06_consensus_vsearch	2246	T	*/+C	324	19	5.46%	2	1	93	93	1.476245016546943E-6	1	1	178	146	19	0	+C
barcode06_consensus_vsearch	2247	C	*/-G	344	8	2.27%	2	1	93	93	0.003752326609186822	1	1	199	145	0	8	-G
barcode06_consensus_vsearch	2248	G	G	340	4	1.16%	2	1	93	93	0.06195454690339171	1	1	196	144	4	0	A
barcode06_consensus_vsearch	2249	G	G	353	0	0%	2	0	93	0	1.0	1	0	200	153	0	0	
barcode06_consensus_vsearch	2250	A	A	350	1	0.28%	2	1	93	93	0.4999999999999138	1	1	199	151	0	1	+C
barcode06_consensus_vsearch	2251	T	T	347	2	0.57%	2	2	93	93	0.24964131994254463	1	1	196	151	1	1	-C
barcode06_consensus_vsearch	2252	C	C	349	2	0.57%	2	1	93	93	0.24964336661915734	1	1	197	152	2	0	+A
barcode06_consensus_vsearch	2253	A	A	340	5	1.42%	2	2	93	93	0.030797434418565302	1	1	195	145	1	4	-G
barcode06_consensus_vsearch	2254	G	G	346	1	0.29%	2	1	93	93	0.4999999999999138	1	1	197	149	1	0	+A
barcode06_consensus_vsearch	2255	G	G	352	1	0.28%	2	1	93	93	0.4999999999999138	1	1	199	153	1	0	T
barcode06_consensus_vsearch	2256	T	T	351	2	0.57%	2	2	93	93	0.24964539007068368	1	1	199	152	1	1	C
barcode06_consensus_vsearch	2257	A	*/-G	338	7	1.98%	2	2	93	93	0.007576113653235487	1	1	195	143	1	6	-G
barcode06_consensus_vsearch	2258	G	G	341	3	0.87%	2	1	93	93	0.12445414847166256	1	1	194	147	3	0	A
barcode06_consensus_vsearch	2259	G	G	350	1	0.28%	2	1	93	93	0.4999999999999138	1	1	198	152	0	1	+A
barcode06_consensus_vsearch	2260	A	A	347	3	0.85%	2	2	93	93	0.12446351931328528	1	1	196	151	1	2	G
barcode06_consensus_vsearch	2261	A	A	348	2	0.57%	2	2	93	93	0.2496423462086995	1	1	198	150	1	1	+T
barcode06_consensus_vsearch	2262	T	T	350	1	0.28%	2	1	93	93	0.4999999999999138	1	1	198	152	0	1	+C
barcode06_consensus_vsearch	2263	A	*/-C	339	10	2.84%	2	2	93	93	9.147741839900973E-4	1	1	189	150	8	2	-C
barcode06_consensus_vsearch	2264	C	C	341	1	0.29%	2	1	93	93	0.4999999999999138	1	1	190	151	1	0	T
barcode06_consensus_vsearch	2265	C	C	347	2	0.57%	2	2	93	93	0.24964131994254463	1	1	196	151	1	1	A
barcode06_consensus_vsearch	2266	C	*/-G	340	8	2.27%	2	2	93	93	0.0037505741543597316	1	1	193	147	7	1	-G
barcode06_consensus_vsearch	2267	G	G	343	1	0.29%	2	1	93	93	0.4999999999999138	1	1	191	152	1	0	A
barcode06_consensus_vsearch	2268	C	C	340	6	1.7%	2	2	93	93	0.015287293785191516	1	1	191	149	4	2	T
barcode06_consensus_vsearch	2269	T	T	345	4	1.14%	2	2	93	93	0.061962366978748344	1	1	196	149	2	2	C
barcode06_consensus_vsearch	2270	G	G	352	1	0.28%	2	1	93	93	0.4999999999999138	1	1	199	153	1	0	-A
barcode06_consensus_vsearch	2271	A	A	347	4	1.14%	2	1	93	93	0.06196543258251349	1	1	194	153	4	0	G
barcode06_consensus_vsearch	2272	A	A	352	1	0.28%	2	1	93	93	0.4999999999999138	1	1	199	153	1	0	G
barcode06_consensus_vsearch	2273	C	C	344	5	1.42%	2	2	93	93	0.03080261759027664	1	1	193	151	3	2	-T
barcode06_consensus_vsearch	2274	T	T	343	1	0.29%	2	1	93	93	0.4999999999999138	1	1	193	150	0	1	+G
barcode06_consensus_vsearch	2275	T	T	340	3	0.86%	2	2	93	93	0.12445255474455591	1	1	191	149	1	2	-A
barcode06_consensus_vsearch	2276	A	A	347	1	0.29%	2	1	93	93	0.4999999999999138	1	1	196	151	1	0	+C
barcode06_consensus_vsearch	2277	A	A	344	4	1.14%	2	2	93	93	0.061960820953638154	1	1	194	150	3	1	G
barcode06_consensus_vsearch	2278	G	G	346	2	0.57%	2	2	93	93	0.2496402877699066	1	1	196	150	1	1	A
barcode06_consensus_vsearch	2279	C	C	353	0	0%	2	0	93	0	1.0	1	0	200	153	0	0	
barcode06_consensus_vsearch	2280	A	A	350	1	0.28%	2	1	93	93	0.4999999999999138	1	1	198	152	1	0	+C
barcode06_consensus_vsearch	2281	T	T	349	3	0.85%	2	2	93	93	0.12446657183497908	1	1	197	152	2	1	C
barcode06_consensus_vsearch	2282	A	A	351	1	0.28%	2	1	93	93	0.4999999999999138	1	1	199	152	0	1	+CA
barcode06_consensus_vsearch	2283	T	T	344	4	1.13%	2	1	93	93	0.061960820953638154	1	1	193	151	4	0	+C
barcode06_consensus_vsearch	2284	C	C	350	0	0%	2	0	93	0	1.0	1	0	198	152	0	0	
barcode06_consensus_vsearch	2285	A	A	351	1	0.28%	2	1	93	93	0.4999999999999138	1	1	198	153	1	0	G
barcode06_consensus_vsearch	2286	A	A	351	1	0.28%	2	1	93	93	0.4999999999999138	1	1	198	153	1	0	C
barcode06_consensus_vsearch	2287	T	T	352	1	0.28%	2	1	93	93	0.4999999999999138	1	1	199	153	1	0	+AAAGA
barcode06_consensus_vsearch	2288	A	A	351	1	0.28%	2	1	93	93	0.4999999999999138	1	1	199	152	0	1	+G
barcode06_consensus_vsearch	2289	A	A	347	6	1.7%	2	2	93	93	0.015293971208790802	1	1	196	151	4	2	G
barcode06_consensus_vsearch	2290	G	G	351	1	0.28%	2	1	93	93	0.4999999999999138	1	1	199	152	1	0	+C
barcode06_consensus_vsearch	2291	C	C	349	1	0.28%	2	1	93	93	0.4999999999999138	1	1	200	149	0	1	+G
barcode06_consensus_vsearch	2292	G	G	349	1	0.28%	2	1	93	93	0.4999999999999138	1	1	200	149	0	1	+CCGG
barcode06_consensus_vsearch	2293	G	G	350	2	0.57%	2	1	93	93	0.2496443812233433	1	1	198	152	2	0	-A
barcode06_consensus_vsearch	2294	A	A	339	5	1.42%	2	2	93	93	0.030796119805779988	1	1	189	150	4	1	-G
barcode06_consensus_vsearch	2295	G	*/+T	336	9	2.59%	2	1	93	93	0.001852627063167724	1	1	194	142	0	9	+T
barcode06_consensus_vsearch	2296	G	*/+A	308	23	6.53%	2	2	93	93	8.02524847203751E-8	1	1	164	144	18	5	+A
barcode06_consensus_vsearch	2297	A	A	335	0	0%	2	0	93	0	1.0	1	0	186	149	0	0	
barcode06_consensus_vsearch	2298	A	A	344	1	0.29%	2	1	93	93	0.4999999999999138	1	1	193	151	1	0	+G
barcode06_consensus_vsearch	2299	A	A	349	2	0.57%	2	2	93	93	0.24964336661915734	1	1	198	151	1	1	G
barcode06_consensus_vsearch	2300	A	A	342	3	0.85%	2	1	93	93	0.12445573294627689	1	1	191	151	3	0	-GA
barcode06_consensus_vsearch	2301	G	G	334	6	1.73%	2	1	93	93	0.015281352100851874	1	1	190	144	0	6	+A
barcode06_consensus_vsearch	2302	A	A	339	2	0.58%	2	2	93	93	0.24963289280493436	1	1	190	149	1	1	+G
barcode06_consensus_vsearch	2303	A	A	347	2	0.57%	2	2	93	93	0.24964131994254463	1	1	196	151	1	1	G
barcode06_consensus_vsearch	2304	A	A	339	5	1.42%	2	1	93	93	0.030796119805779988	1	1	187	152	5	0	-C
barcode06_consensus_vsearch	2305	C	C	342	2	0.58%	2	1	93	93	0.24963609898113429	1	1	190	152	2	0	G
barcode06_consensus_vsearch	2306	C	Y	339	8	2.29%	2	2	93	93	0.003750129788579787	1	1	188	151	6	2	T
barcode06_consensus_vsearch	2307	A	A	344	4	1.15%	2	2	93	93	0.061960820953638154	1	1	194	150	1	3	G
barcode06_consensus_vsearch	2308	A	R	333	15	4.29%	2	2	93	93	2.6159683280048882E-5	1	1	181	152	14	1	G
barcode06_consensus_vsearch	2309	C	C	340	4	1.14%	2	1	93	93	0.06195454690339171	1	1	187	153	4	0	-A
barcode06_consensus_vsearch	2310	A	*/-G	315	24	6.92%	2	2	93	93	3.9093147097136873E-8	1	1	183	132	6	18	-G
barcode06_consensus_vsearch	2311	G	G	325	1	0.31%	2	1	93	93	0.4999999999999138	1	1	190	135	1	0	+A
barcode06_consensus_vsearch	2312	G	G	345	6	1.71%	2	1	93	93	0.015292090471053536	1	1	192	153	6	0	A
barcode06_consensus_vsearch	2313	G	*/-A	344	8	2.27%	2	1	93	93	0.003752326609186822	1	1	191	153	8	0	-A
barcode06_consensus_vsearch	2314	A	A	337	3	0.87%	2	2	93	93	0.12444771723137743	1	1	189	148	1	2	-T
barcode06_consensus_vsearch	2315	T	T	345	5	1.43%	2	1	93	93	0.030803894885687386	1	1	199	146	0	5	C
barcode06_consensus_vsearch	2316	T	*/-C	235	102	28.9%	2	2	93	93	2.3264794055841398E-35	1	1	152	83	37	65	-C
barcode06_consensus_vsearch	2317	C	C	245	0	0%	2	0	93	0	1.0	1	0	160	85	0	0	
barcode06_consensus_vsearch	2318	C	C	347	0	0%	2	0	93	0	1.0	1	0	197	150	0	0	
barcode06_consensus_vsearch	2319	C	C	350	0	0%	2	0	93	0	1.0	1	0	200	150	0	0	
barcode06_consensus_vsearch	2320	C	C	346	4	1.14%	2	1	93	93	0.06196390416311995	1	1	200	146	0	4	-T
barcode06_consensus_vsearch	2321	T	T	343	1	0.29%	2	1	93	93	0.4999999999999138	1	1	198	145	1	0	+A
barcode06_consensus_vsearch	2322	A	A	347	3	0.85%	2	1	93	93	0.12446351931328528	1	1	199	148	0	3	G
barcode06_consensus_vsearch	2323	G	G	352	0	0%	2	0	93	0	1.0	1	0	200	152	0	0	
barcode06_consensus_vsearch	2324	T	T	349	2	0.57%	2	1	93	93	0.24964336661915734	1	1	200	149	0	2	C
barcode06_consensus_vsearch	2325	A	A	352	0	0%	2	0	93	0	1.0	1	0	200	152	0	0	
barcode06_consensus_vsearch	2326	A	A	350	2	0.57%	2	1	93	93	0.2496443812233433	1	1	200	150	0	2	G
barcode06_consensus_vsearch	2327	C	C	347	3	0.85%	2	1	93	93	0.12446351931328528	1	1	198	149	0	3	-G
barcode06_consensus_vsearch	2328	G	G	345	2	0.57%	2	2	93	93	0.24963924963931935	1	1	197	148	1	1	A
barcode06_consensus_vsearch	2329	G	G	349	1	0.28%	2	1	93	93	0.4999999999999138	1	1	197	152	0	1	+TA
barcode06_consensus_vsearch	2330	C	C	344	2	0.57%	2	1	93	93	0.2496382054993181	1	1	192	152	2	0	-G
barcode06_consensus_vsearch	2331	G	G	346	2	0.57%	2	1	93	93	0.2496402877699066	1	1	194	152	2	0	+A
barcode06_consensus_vsearch	2332	A	A	349	1	0.28%	2	1	93	93	0.4999999999999138	1	1	196	153	1	0	-G
barcode06_consensus_vsearch	2333	G	G	342	4	1.14%	2	2	93	93	0.06195770207455419	1	1	193	149	3	1	+AG
barcode06_consensus_vsearch	2334	T	T	345	2	0.57%	2	1	93	93	0.24963924963931935	1	1	199	146	0	2	+G
barcode06_consensus_vsearch	2335	G	G	345	2	0.57%	2	1	93	93	0.24963924963931935	1	1	196	149	2	0	-A
barcode06_consensus_vsearch	2336	A	A	346	1	0.29%	2	1	93	93	0.4999999999999138	1	1	195	151	1	0	G
barcode06_consensus_vsearch	2337	A	A	344	4	1.14%	2	2	93	93	0.061960820953638154	1	1	193	151	2	2	G
barcode06_consensus_vsearch	2338	G	*/-CG	335	14	3.97%	2	1	93	93	5.343669800002676E-5	1	1	200	135	0	14	-CG
barcode06_consensus_vsearch	2339	C	*/-G	319	9	2.69%	2	2	93	93	0.0018474949493256872	1	1	193	126	2	7	-G
barcode06_consensus_vsearch	2340	G	G	324	4	1.21%	2	1	93	93	0.061927919292029066	1	1	194	130	4	0	A
barcode06_consensus_vsearch	2341	G	G	348	5	1.42%	2	1	93	93	0.030807683383255846	1	1	195	153	5	0	A
barcode06_consensus_vsearch	2342	G	G	346	6	1.7%	2	1	93	93	0.015293033503626699	1	1	194	152	6	0	-A
barcode06_consensus_vsearch	2343	A	A	345	1	0.29%	2	1	93	93	0.4999999999999138	1	1	193	152	1	0	G
barcode06_consensus_vsearch	2344	A	A	352	1	0.28%	2	1	93	93	0.4999999999999138	1	1	199	153	1	0	G
barcode06_consensus_vsearch	2345	C	C	350	2	0.57%	2	2	93	93	0.2496443812233433	1	1	198	152	1	1	T
barcode06_consensus_vsearch	2346	A	A	348	3	0.85%	2	1	93	93	0.12446504992864586	1	1	199	149	0	3	G
barcode06_consensus_vsearch	2347	G	G	347	3	0.85%	2	1	93	93	0.12446351931328528	1	1	197	150	0	3	+C
barcode06_consensus_vsearch	2348	C	C	349	2	0.57%	2	1	93	93	0.24964336661915734	1	1	198	151	0	2	-T
barcode06_consensus_vsearch	2349	T	T	345	2	0.57%	2	1	93	93	0.24963924963931935	1	1	197	148	2	0	+C
barcode06_consensus_vsearch	2350	C	C	346	3	0.85%	2	2	93	93	0.12446197991394273	1	1	197	149	2	1	-A
barcode06_consensus_vsearch	2351	A	A	348	1	0.29%	2	1	93	93	0.4999999999999138	1	1	197	151	1	0	+GA
barcode06_consensus_vsearch	2352	A	A	353	0	0%	2	0	93	0	1.0	1	0	200	153	0	0	
barcode06_consensus_vsearch	2353	A	A	346	3	0.85%	2	2	93	93	0.12446197991394273	1	1	197	149	2	1	-T
barcode06_consensus_vsearch	2354	T	T	347	1	0.29%	2	1	93	93	0.4999999999999138	1	1	196	151	1	0	C
barcode06_consensus_vsearch	2355	T	T	351	1	0.28%	2	1	93	93	0.4999999999999138	1	1	199	152	1	0	C
barcode06_consensus_vsearch	2356	T	T	347	1	0.28%	2	1	93	93	0.4999999999999138	1	1	197	150	0	1	+A
barcode06_consensus_vsearch	2357	G	G	343	4	1.14%	2	2	93	93	0.06195926601136401	1	1	196	147	3	1	+A
barcode06_consensus_vsearch	2358	A	A	350	0	0%	2	0	93	0	1.0	1	0	199	151	0	0	
barcode06_consensus_vsearch	2359	A	A	352	1	0.28%	2	1	93	93	0.4999999999999138	1	1	200	152	0	1	G
barcode06_consensus_vsearch	2360	A	A	346	2	0.57%	2	1	93	93	0.2496402877699066	1	1	197	149	0	2	-T
barcode06_consensus_vsearch	2361	T	T	347	3	0.85%	2	1	93	93	0.12446351931328528	1	1	196	151	3	0	+C
barcode06_consensus_vsearch	2362	C	*/-T	344	8	2.27%	2	2	93	93	0.003752326609186822	1	1	195	149	4	4	-T
barcode06_consensus_vsearch	2363	T	T	338	2	0.58%	2	2	93	93	0.24963181148734975	1	1	192	146	1	1	+G
barcode06_consensus_vsearch	2364	G	G	350	1	0.28%	2	1	93	93	0.4999999999999138	1	1	200	150	0	1	A
barcode06_consensus_vsearch	2365	G	*/-C	318	19	5.38%	2	2	93	93	1.4693352636016648E-6	1	1	191	127	4	15	-C
barcode06_consensus_vsearch	2366	C	C	334	0	0%	2	0	93	0	1.0	1	0	196	138	0	0	
barcode06_consensus_vsearch	2367	C	C	352	1	0.28%	2	1	93	93	0.4999999999999138	1	1	200	152	0	1	T
barcode06_consensus_vsearch	2368	C	C	338	6	1.7%	2	2	93	93	0.01528533618469065	1	1	199	139	1	5	-T
barcode06_consensus_vsearch	2369	T	T	322	6	1.76%	2	2	93	93	0.015268818640837562	1	1	192	130	2	4	C
barcode06_consensus_vsearch	2370	C	C	332	5	1.47%	2	2	93	93	0.03078669923355125	1	1	197	135	2	3	-G
barcode06_consensus_vsearch	2371	G	G	335	3	0.88%	2	1	93	93	0.12444444444441763	1	1	194	141	3	0	A
barcode06_consensus_vsearch	2372	G	G	346	2	0.57%	2	1	93	93	0.2496402877699066	1	1	199	147	0	2	A
barcode06_consensus_vsearch	2373	G	G	351	1	0.28%	2	1	93	93	0.4999999999999138	1	1	198	153	1	0	+T
barcode06_consensus_vsearch	2374	T	*/-C	339	13	3.68%	2	1	93	93	1.0904851456684069E-4	1	1	187	152	13	0	-C
barcode06_consensus_vsearch	2375	C	C	339	1	0.29%	2	1	93	93	0.5000000000003686	1	1	186	153	1	0	+G
barcode06_consensus_vsearch	2376	C	*/+G	338	7	1.98%	2	1	93	93	0.007576113653235487	1	1	193	145	0	7	+G
barcode06_consensus_vsearch	2377	G	G	344	4	1.14%	2	1	93	93	0.061960820953638154	1	1	192	152	4	0	-A
barcode06_consensus_vsearch	2378	A	A	343	3	0.86%	2	1	93	93	0.124457308248865	1	1	191	152	3	0	+G
barcode06_consensus_vsearch	2379	G	G	349	1	0.28%	2	1	93	93	0.4999999999999138	1	1	199	150	0	1	+AG
barcode06_consensus_vsearch	2380	T	T	351	2	0.57%	2	2	93	93	0.24964539007068368	1	1	199	152	1	1	C
barcode06_consensus_vsearch	2381	T	T	351	1	0.28%	2	1	93	93	0.4999999999999138	1	1	200	151	0	1	A
barcode06_consensus_vsearch	2382	G	G	350	1	0.28%	2	1	93	93	0.4999999999999138	1	1	199	151	1	0	+C
barcode06_consensus_vsearch	2383	T	T	348	2	0.57%	2	1	93	93	0.2496423462086995	1	1	200	148	0	2	C
barcode06_consensus_vsearch	2384	A	A	349	1	0.28%	2	1	93	93	0.4999999999999138	1	1	198	151	1	0	+TTT
barcode06_consensus_vsearch	2385	A	A	346	3	0.85%	2	1	93	93	0.12446197991394273	1	1	195	151	3	0	-T
barcode06_consensus_vsearch	2386	T	T	347	3	0.86%	2	1	93	93	0.12446351931328528	1	1	197	150	0	3	C
barcode06_consensus_vsearch	2387	T	T	352	1	0.28%	2	1	93	93	0.4999999999999138	1	1	200	152	0	1	G
barcode06_consensus_vsearch	2388	T	T	350	1	0.28%	2	1	93	93	0.4999999999999138	1	1	200	150	0	1	+C
barcode06_consensus_vsearch	2389	G	G	350	1	0.28%	2	1	93	93	0.4999999999999138	1	1	198	152	1	0	+C
barcode06_consensus_vsearch	2390	T	*/+A	336	7	1.99%	2	1	93	93	0.007574743473790617	1	1	185	151	7	0	+A
barcode06_consensus_vsearch	2391	A	A	342	3	0.86%	2	1	93	93	0.12445573294627689	1	1	192	150	0	3	G
barcode06_consensus_vsearch	2392	G	G	347	2	0.57%	2	1	93	93	0.24964131994254463	1	1	195	152	2	0	-A
barcode06_consensus_vsearch	2393	A	A	337	5	1.43%	2	2	93	93	0.030793467534351974	1	1	190	147	4	1	G
barcode06_consensus_vsearch	2394	G	G	340	5	1.44%	2	1	93	93	0.030797434418565302	1	1	193	147	5	0	+AG
barcode06_consensus_vsearch	2395	G	G	349	1	0.28%	2	1	93	93	0.4999999999999138	1	1	199	150	1	0	-A
barcode06_consensus_vsearch	2396	A	A	350	0	0%	2	0	93	0	1.0	1	0	199	151	0	0	
barcode06_consensus_vsearch	2397	T	T	348	1	0.28%	2	1	93	93	0.4999999999999138	1	1	196	152	1	0	+A
barcode06_consensus_vsearch	2398	G	G	347	2	0.57%	2	1	93	93	0.24964131994254463	1	1	195	152	2	0	A
barcode06_consensus_vsearch	2399	C	*/-T	283	39	11.11%	2	2	93	93	5.345522021793452E-13	1	1	162	121	26	13	-T
barcode06_consensus_vsearch	2400	T	T	293	2	0.68%	2	1	93	93	0.2495755517827581	1	1	164	129	2	0	C
barcode06_consensus_vsearch	2401	T	T	334	0	0%	2	0	93	0	1.0	1	0	192	142	0	0	
barcode06_consensus_vsearch	2402	T	T	342	3	0.87%	2	1	93	93	0.12445573294627689	1	1	191	151	3	0	A
barcode06_consensus_vsearch	2403	T	T	347	2	0.57%	2	1	93	93	0.24964131994254463	1	1	197	150	0	2	-G
barcode06_consensus_vsearch	2404	G	G	345	4	1.14%	2	1	93	93	0.061962366978748344	1	1	196	149	4	0	A
barcode06_consensus_vsearch	2405	G	G	351	1	0.28%	2	1	93	93	0.4999999999999138	1	1	199	152	1	0	T
barcode06_consensus_vsearch	2406	T	T	351	1	0.28%	2	1	93	93	0.4999999999999138	1	1	199	152	1	0	+G
barcode06_consensus_vsearch	2407	G	G	350	2	0.57%	2	1	93	93	0.2496443812233433	1	1	199	151	0	2	-CG
barcode06_consensus_vsearch	2408	C	C	350	1	0.28%	2	1	93	93	0.4999999999999138	1	1	199	151	1	0	+AG
barcode06_consensus_vsearch	2409	G	G	350	1	0.28%	2	1	93	93	0.4999999999999138	1	1	200	150	0	1	+TG
barcode06_consensus_vsearch	2410	G	G	352	1	0.28%	2	1	93	93	0.4999999999999138	1	1	200	152	0	1	A
barcode06_consensus_vsearch	2411	T	T	350	2	0.57%	2	2	93	93	0.2496443812233433	1	1	198	152	1	1	C
barcode06_consensus_vsearch	2412	G	G	345	5	1.42%	2	2	93	93	0.030803894885687386	1	1	195	150	3	2	-C
barcode06_consensus_vsearch	2413	C	C	346	1	0.29%	2	1	93	93	0.4999999999999138	1	1	197	149	0	1	+T
barcode06_consensus_vsearch	2414	C	*/-T	344	7	1.98%	2	2	93	93	0.007580131052467943	1	1	199	145	1	6	-T
barcode06_consensus_vsearch	2415	T	T	342	1	0.29%	2	1	93	93	0.5000000000003686	1	1	198	144	0	1	+C
barcode06_consensus_vsearch	2416	T	*/-C	322	27	7.67%	2	2	93	93	4.416935756520534E-9	1	1	175	147	24	3	-C
barcode06_consensus_vsearch	2417	C	C	321	1	0.31%	2	1	93	93	0.4999999999999138	1	1	174	147	1	0	+A
barcode06_consensus_vsearch	2418	C	*/+G	331	10	2.86%	2	1	93	93	9.133526605627675E-4	1	1	193	138	0	10	+G
barcode06_consensus_vsearch	2419	G	G	342	3	0.86%	2	1	93	93	0.12445573294627689	1	1	192	150	3	0	-A
barcode06_consensus_vsearch	2420	A	A	344	3	0.86%	2	2	93	93	0.12445887445888035	1	1	193	151	1	2	+G
barcode06_consensus_vsearch	2421	G	G	343	6	1.7%	2	2	93	93	0.015290188241060826	1	1	196	147	1	5	-T
barcode06_consensus_vsearch	2422	T	T	341	4	1.15%	2	1	93	93	0.06195612906494713	1	1	199	142	0	4	C
barcode06_consensus_vsearch	2423	T	*/-C	309	28	7.93%	2	2	93	93	2.0756657962985012E-9	1	1	179	130	17	11	-C
barcode06_consensus_vsearch	2424	C	C	321	1	0.31%	2	1	93	93	0.4999999999999138	1	1	182	139	0	1	+T
barcode06_consensus_vsearch	2425	C	C	347	3	0.86%	2	1	93	93	0.12446351931328528	1	1	199	148	0	3	T
barcode06_consensus_vsearch	2426	C	C	347	2	0.57%	2	1	93	93	0.24964131994254463	1	1	196	151	2	0	-T
barcode06_consensus_vsearch	2427	T	*/-G	327	18	5.16%	2	2	93	93	3.0383860728948648E-6	1	1	192	135	2	16	-G
barcode06_consensus_vsearch	2428	G	G	332	1	0.3%	2	1	93	93	0.4999999999999138	1	1	196	136	0	1	T
barcode06_consensus_vsearch	2429	G	G	346	2	0.57%	2	1	93	93	0.2496402877699066	1	1	198	148	0	2	+A
barcode06_consensus_vsearch	2430	A	A	347	2	0.57%	2	1	93	93	0.24964131994254463	1	1	196	151	2	0	+G
barcode06_consensus_vsearch	2431	A	A	347	2	0.57%	2	1	93	93	0.24964131994254463	1	1	196	151	2	0	G
barcode06_consensus_vsearch	2432	C	*/-G	332	10	2.85%	2	2	93	93	9.135339164919169E-4	1	1	193	139	1	9	-G
barcode06_consensus_vsearch	2433	G	R	303	38	11.11%	2	2	93	93	1.2214573487546748E-12	1	1	162	141	37	1	A
barcode06_consensus_vsearch	2434	G	G	351	1	0.28%	2	1	93	93	0.4999999999999138	1	1	199	152	1	0	A
barcode06_consensus_vsearch	2435	G	G	352	0	0%	2	0	93	0	1.0	1	0	200	152	0	0	
barcode06_consensus_vsearch	2436	A	A	349	3	0.85%	2	2	93	93	0.12446657183497908	1	1	199	150	1	2	G
barcode06_consensus_vsearch	2437	C	C	345	4	1.14%	2	1	93	93	0.061962366978748344	1	1	194	151	4	0	-GC
barcode06_consensus_vsearch	2438	G	G	342	2	0.57%	2	1	93	93	0.24963609898113429	1	1	193	149	0	2	-C
barcode06_consensus_vsearch	2439	C	C	344	1	0.29%	2	1	93	93	0.4999999999999138	1	1	193	151	1	0	+GC
barcode06_consensus_vsearch	2440	C	C	344	3	0.85%	2	2	93	93	0.12445887445888035	1	1	196	148	1	2	+T
barcode06_consensus_vsearch	2441	T	T	346	1	0.29%	2	1	93	93	0.4999999999999138	1	1	198	148	1	0	+A
barcode06_consensus_vsearch	2442	T	T	346	3	0.85%	2	2	93	93	0.12446197991394273	1	1	197	149	1	2	-A
barcode06_consensus_vsearch	2443	A	A	342	5	1.43%	2	1	93	93	0.03080004093026935	1	1	196	146	0	5	+G
barcode06_consensus_vsearch	2444	G	*/-A	331	8	2.28%	2	2	93	93	0.0037464814144769596	1	1	180	151	7	1	-A
barcode06_consensus_vsearch	2445	A	*/-G	308	31	9.09%	2	1	93	93	2.2702190108499476E-10	1	1	156	152	31	0	-G
barcode06_consensus_vsearch	2446	G	G	311	4	1.26%	2	1	93	93	0.06190429100653769	1	1	159	152	4	0	+A
barcode06_consensus_vsearch	2447	G	R	333	11	3.12%	2	1	93	93	4.5020703801756977E-4	1	1	180	153	11	0	A
barcode06_consensus_vsearch	2448	G	G	343	4	1.13%	2	1	93	93	0.06195926601136401	1	1	190	153	4	0	A
barcode06_consensus_vsearch	2449	T	T	346	4	1.13%	2	1	93	93	0.06196390416311995	1	1	194	152	4	0	-G
barcode06_consensus_vsearch	2450	G	G	339	6	1.72%	2	1	93	93	0.015286317813602767	1	1	186	153	6	0	+A
barcode06_consensus_vsearch	2451	A	A	343	4	1.14%	2	1	93	93	0.06195926601136401	1	1	191	152	4	0	T
barcode06_consensus_vsearch	2452	G	*/-AG	303	28	8.02%	2	2	93	93	2.052818811734648E-9	1	1	153	150	25	3	-AG
barcode06_consensus_vsearch	2453	A	A	303	2	0.65%	2	2	93	93	0.24958949096897687	1	1	156	147	1	1	-G
barcode06_consensus_vsearch	2454	G	*/-C	280	23	7.32%	2	2	93	93	7.726052389039155E-8	1	1	146	134	15	8	-C
barcode06_consensus_vsearch	2455	C	C	313	2	0.63%	2	1	93	93	0.249602543720148	1	1	172	141	0	2	+T
barcode06_consensus_vsearch	2456	C	C	344	3	0.86%	2	1	93	93	0.12445887445888035	1	1	198	146	0	3	+T
barcode06_consensus_vsearch	2457	C	C	346	3	0.85%	2	1	93	93	0.12446197991394273	1	1	199	147	0	3	+T
barcode06_consensus_vsearch	2458	C	Y	295	45	12.75%	2	1	93	93	5.9777863931457086E-15	1	1	198	97	0	45	T
barcode06_consensus_vsearch	2459	G	G	341	4	1.15%	2	2	93	93	0.06195612906494713	1	1	192	149	3	1	A
barcode06_consensus_vsearch	2460	T	T	345	2	0.57%	2	1	93	93	0.24963924963931935	1	1	196	149	0	2	A
barcode06_consensus_vsearch	2461	A	A	348	4	1.14%	2	1	93	93	0.06196695231151725	1	1	196	152	4	0	G
barcode06_consensus_vsearch	2462	C	C	349	2	0.57%	2	1	93	93	0.24964336661915734	1	1	200	149	0	2	T
barcode06_consensus_vsearch	2463	G	G	349	2	0.57%	2	1	93	93	0.24964336661915734	1	1	197	152	2	0	A
barcode06_consensus_vsearch	2464	G	G	349	2	0.57%	2	1	93	93	0.24964336661915734	1	1	198	151	0	2	-TTGG
barcode06_consensus_vsearch	2465	T	T	344	6	1.71%	2	1	93	93	0.015291142065558237	1	1	200	144	0	6	C
barcode06_consensus_vsearch	2466	T	T	348	2	0.57%	2	1	93	93	0.2496423462086995	1	1	199	149	0	2	-G
barcode06_consensus_vsearch	2467	G	G	348	1	0.29%	2	1	93	93	0.4999999999999138	1	1	200	148	0	1	A
barcode06_consensus_vsearch	2468	G	G	350	1	0.28%	2	1	93	93	0.4999999999999138	1	1	200	150	0	1	-A
barcode06_consensus_vsearch	2469	A	A	350	1	0.28%	2	1	93	93	0.4999999999999138	1	1	198	152	1	0	C
barcode06_consensus_vsearch	2470	C	C	348	2	0.57%	2	1	93	93	0.2496423462086995	1	1	196	152	2	0	-GC
barcode06_consensus_vsearch	2471	G	*/-C	334	7	2%	2	1	93	93	0.007573357318712367	1	1	183	151	7	0	-C
barcode06_consensus_vsearch	2472	C	C	334	4	1.16%	2	1	93	93	0.0619448571900328	1	1	187	147	0	4	+T
barcode06_consensus_vsearch	2473	C	C	345	4	1.13%	2	2	93	93	0.061962366978748344	1	1	197	148	1	3	-T
barcode06_consensus_vsearch	2474	T	T	343	4	1.15%	2	2	93	93	0.06195926601136401	1	1	196	147	1	3	C
barcode06_consensus_vsearch	2475	A	A	345	6	1.7%	2	2	93	93	0.015292090471053536	1	1	193	152	5	1	G
barcode06_consensus_vsearch	2476	G	*/-C	340	7	1.98%	2	2	93	93	0.007577468131623444	1	1	195	145	1	6	-C
barcode06_consensus_vsearch	2477	C	C	342	2	0.58%	2	1	93	93	0.24963609898113429	1	1	196	146	2	0	+A
barcode06_consensus_vsearch	2478	C	C	348	2	0.57%	2	2	93	93	0.2496423462086995	1	1	198	150	1	1	-T
barcode06_consensus_vsearch	2479	T	T	345	3	0.85%	2	2	93	93	0.12446043165476364	1	1	196	149	2	1	C
barcode06_consensus_vsearch	2480	C	C	347	4	1.14%	2	1	93	93	0.06196543258251349	1	1	200	147	0	4	+T
barcode06_consensus_vsearch	2481	T	T	348	3	0.85%	2	1	93	93	0.12446504992864586	1	1	199	149	0	3	-GT
barcode06_consensus_vsearch	2482	G	G	348	1	0.29%	2	1	93	93	0.4999999999999138	1	1	198	150	1	0	-T
barcode06_consensus_vsearch	2483	T	*/-A	311	15	4.3%	2	2	93	93	2.58829093714566E-5	1	1	167	144	13	2	-A
barcode06_consensus_vsearch	2484	A	A	320	1	0.31%	2	1	93	93	0.4999999999999138	1	1	171	149	1	0	+C
barcode06_consensus_vsearch	2485	A	A	339	0	0%	2	0	93	0	1.0	1	0	188	151	0	0	
barcode06_consensus_vsearch	2486	A	A	348	4	1.13%	2	1	93	93	0.06196695231151725	1	1	195	153	4	0	-G
barcode06_consensus_vsearch	2487	G	G	342	3	0.86%	2	1	93	93	0.12445573294627689	1	1	193	149	3	0	+AAG
barcode06_consensus_vsearch	2488	C	*/-T	343	7	1.98%	2	1	93	93	0.007579470995029922	1	1	200	143	0	7	-T
barcode06_consensus_vsearch	2489	T	T	336	4	1.17%	2	2	93	93	0.06194812512106263	1	1	198	138	1	3	-C
barcode06_consensus_vsearch	2490	C	C	344	1	0.29%	2	1	93	93	0.4999999999999138	1	1	198	146	0	1	T
barcode06_consensus_vsearch	2491	C	C	343	6	1.7%	2	1	93	93	0.015290188241060826	1	1	199	144	0	6	-T
barcode06_consensus_vsearch	2492	T	T	341	3	0.87%	2	1	93	93	0.12445414847166256	1	1	199	142	0	3	+C
barcode06_consensus_vsearch	2493	T	T	345	4	1.14%	2	1	93	93	0.061962366978748344	1	1	199	146	0	4	-C
barcode06_consensus_vsearch	2494	C	C	345	2	0.57%	2	1	93	93	0.24963924963931935	1	1	198	147	0	2	+T
barcode06_consensus_vsearch	2495	G	G	350	2	0.57%	2	1	93	93	0.2496443812233433	1	1	197	153	2	0	A
barcode06_consensus_vsearch	2496	A	A	350	1	0.28%	2	1	93	93	0.4999999999999138	1	1	198	152	1	0	+T
barcode06_consensus_vsearch	2497	C	C	347	2	0.57%	2	2	93	93	0.24964131994254463	1	1	195	152	1	1	+G
barcode06_consensus_vsearch	2498	G	G	347	2	0.57%	2	2	93	93	0.24964131994254463	1	1	195	152	1	1	-A
barcode06_consensus_vsearch	2499	A	A	349	1	0.28%	2	1	93	93	0.4999999999999138	1	1	197	152	1	0	+G
barcode06_consensus_vsearch	2500	G	G	349	1	0.28%	2	1	93	93	0.4999999999999138	1	1	197	152	0	1	+CG
barcode06_consensus_vsearch	2501	T	T	347	3	0.85%	2	1	93	93	0.12446351931328528	1	1	197	150	0	3	C
barcode06_consensus_vsearch	2502	C	*/-G	343	8	2.27%	2	1	93	93	0.0037518922043892396	1	1	191	152	8	0	-G
barcode06_consensus_vsearch	2503	G	G	341	1	0.29%	2	1	93	93	0.4999999999999138	1	1	189	152	1	0	+A
barcode06_consensus_vsearch	2504	A	A	349	2	0.57%	2	1	93	93	0.24964336661915734	1	1	198	151	0	2	G
barcode06_consensus_vsearch	2505	G	G	351	1	0.28%	2	1	93	93	0.4999999999999138	1	1	199	152	1	0	+AG
barcode06_consensus_vsearch	2506	T	T	342	5	1.42%	2	2	93	93	0.03080004093026935	1	1	197	145	1	4	C
barcode06_consensus_vsearch	2507	A	A	347	3	0.86%	2	2	93	93	0.12446351931328528	1	1	196	151	2	1	G
barcode06_consensus_vsearch	2508	G	*/+T	329	20	5.68%	2	1	93	93	7.207226318281847E-7	1	1	177	152	20	0	+T
barcode06_consensus_vsearch	2509	T	T	348	2	0.57%	2	2	93	93	0.2496423462086995	1	1	196	152	1	1	C
barcode06_consensus_vsearch	2510	T	T	351	1	0.28%	2	1	93	93	0.4999999999999138	1	1	198	153	1	0	A
barcode06_consensus_vsearch	2511	T	T	340	5	1.42%	2	1	93	93	0.030797434418565302	1	1	191	149	5	0	-G
barcode06_consensus_vsearch	2512	G	G	340	3	0.87%	2	1	93	93	0.12445255474455591	1	1	188	152	3	0	A
barcode06_consensus_vsearch	2513	G	R	344	7	1.99%	2	1	93	93	0.007580131052467943	1	1	191	153	7	0	A
barcode06_consensus_vsearch	2514	G	G	350	3	0.85%	2	2	93	93	0.12446808510622623	1	1	198	152	2	1	-A
barcode06_consensus_vsearch	2515	A	A	346	3	0.86%	2	2	93	93	0.12446197991394273	1	1	195	151	2	1	G
barcode06_consensus_vsearch	2516	A	A	348	5	1.42%	2	2	93	93	0.030807683383255846	1	1	197	151	3	2	G
barcode06_consensus_vsearch	2517	T	T	350	2	0.57%	2	1	93	93	0.2496443812233433	1	1	200	150	0	2	C
barcode06_consensus_vsearch	2518	G	G	352	1	0.28%	2	1	93	93	0.4999999999999138	1	1	199	153	1	0	A
barcode06_consensus_vsearch	2519	C	C	348	2	0.57%	2	1	93	93	0.2496423462086995	1	1	196	152	2	0	+TT
barcode06_consensus_vsearch	2520	T	T	343	5	1.42%	2	2	93	93	0.030801332959592774	1	1	196	147	3	2	-GCT
barcode06_consensus_vsearch	2521	G	G	341	4	1.15%	2	1	93	93	0.06195612906494713	1	1	196	145	0	4	+C
barcode06_consensus_vsearch	2522	C	C	343	4	1.15%	2	1	93	93	0.06195926601136401	1	1	197	146	0	4	-T
barcode06_consensus_vsearch	2523	T	T	339	2	0.58%	2	1	93	93	0.24963289280493436	1	1	195	144	0	2	-C
barcode06_consensus_vsearch	2524	C	C	345	3	0.86%	2	1	93	93	0.12446043165476364	1	1	198	147	0	3	-T
barcode06_consensus_vsearch	2525	T	T	342	2	0.57%	2	1	93	93	0.24963609898113429	1	1	196	146	0	2	+A
barcode06_consensus_vsearch	2526	A	A	349	0	0%	2	0	93	0	1.0	1	0	198	151	0	0	
barcode06_consensus_vsearch	2527	A	A	349	1	0.28%	2	1	93	93	0.4999999999999138	1	1	199	150	0	1	+T
barcode06_consensus_vsearch	2528	A	A	348	2	0.57%	2	1	93	93	0.2496423462086995	1	1	198	150	0	2	G
barcode06_consensus_vsearch	2529	T	T	341	6	1.71%	2	2	93	93	0.015288264148254961	1	1	193	148	3	3	-G
barcode06_consensus_vsearch	2530	G	G	344	1	0.29%	2	1	93	93	0.4999999999999138	1	1	195	149	0	1	+TG
barcode06_consensus_vsearch	2531	G	G	352	0	0%	2	0	93	0	1.0	1	0	199	153	0	0	
barcode06_consensus_vsearch	2532	G	G	344	4	1.13%	2	1	93	93	0.061960820953638154	1	1	191	153	4	0	-AG
barcode06_consensus_vsearch	2533	A	A	344	3	0.86%	2	1	93	93	0.12445887445888035	1	1	191	153	3	0	-G
barcode06_consensus_vsearch	2534	G	G	338	3	0.87%	2	1	93	93	0.12444933920718405	1	1	188	150	0	3	+T
barcode06_consensus_vsearch	2535	G	G	347	4	1.13%	2	1	93	93	0.06196543258251349	1	1	194	153	4	0	T
barcode06_consensus_vsearch	2536	T	T	349	4	1.13%	2	2	93	93	0.06196846342422332	1	1	197	152	3	1	C
barcode06_consensus_vsearch	2537	A	A	352	1	0.28%	2	1	93	93	0.4999999999999138	1	1	200	152	0	1	G
barcode06_consensus_vsearch	2538	T	T	350	2	0.57%	2	1	93	93	0.2496443812233433	1	1	199	151	0	2	-AT
barcode06_consensus_vsearch	2539	A	A	347	3	0.86%	2	1	93	93	0.12446351931328528	1	1	199	148	0	3	-T
barcode06_consensus_vsearch	2540	T	T	341	5	1.44%	2	2	93	93	0.03079874143819971	1	1	195	146	4	1	C
barcode06_consensus_vsearch	2541	T	T	352	1	0.28%	2	1	93	93	0.4999999999999138	1	1	199	153	1	0	A
barcode06_consensus_vsearch	2542	T	T	345	3	0.85%	2	1	93	93	0.12446043165476364	1	1	198	147	0	3	-CT
barcode06_consensus_vsearch	2543	C	C	341	2	0.58%	2	1	93	93	0.24963503649639607	1	1	198	143	0	2	+T
barcode06_consensus_vsearch	2544	T	T	344	1	0.29%	2	1	93	93	0.4999999999999138	1	1	199	145	0	1	+CT
barcode06_consensus_vsearch	2545	T	T	347	1	0.29%	2	1	93	93	0.4999999999999138	1	1	198	149	1	0	+CC
barcode06_consensus_vsearch	2546	C	C	343	3	0.86%	2	1	93	93	0.124457308248865	1	1	199	144	0	3	-T
barcode06_consensus_vsearch	2547	T	*/+A	330	7	2.02%	2	2	93	93	0.007570535950912546	1	1	190	140	3	4	+A
barcode06_consensus_vsearch	2548	A	A	347	1	0.29%	2	1	93	93	0.4999999999999138	1	1	197	150	0	1	T
barcode06_consensus_vsearch	2549	A	A	352	0	0%	2	0	93	0	1.0	1	0	200	152	0	0	
barcode06_consensus_vsearch	2550	A	A	352	1	0.28%	2	1	93	93	0.4999999999999138	1	1	199	153	1	0	C
barcode06_consensus_vsearch	2551	G	G	351	1	0.28%	2	1	93	93	0.4999999999999138	1	1	199	152	1	0	+AAG
barcode06_consensus_vsearch	2552	C	C	353	0	0%	2	0	93	0	1.0	1	0	200	153	0	0	
barcode06_consensus_vsearch	2553	T	T	349	3	0.85%	2	1	93	93	0.12446657183497908	1	1	200	149	0	3	C
barcode06_consensus_vsearch	2554	A	A	351	1	0.28%	2	1	93	93	0.4999999999999138	1	1	200	151	0	1	G
barcode06_consensus_vsearch	2555	A	A	351	1	0.28%	2	1	93	93	0.4999999999999138	1	1	200	151	0	1	G
barcode06_consensus_vsearch	2556	A	A	349	3	0.85%	2	2	93	93	0.12446657183497908	1	1	197	152	2	1	G
barcode06_consensus_vsearch	2557	T	T	351	1	0.28%	2	1	93	93	0.4999999999999138	1	1	198	153	1	0	-ACT
barcode06_consensus_vsearch	2558	A	A	349	2	0.57%	2	1	93	93	0.24964336661915734	1	1	196	153	2	0	G
barcode06_consensus_vsearch	2559	C	C	349	2	0.57%	2	1	93	93	0.24964336661915734	1	1	196	153	2	0	-T
barcode06_consensus_vsearch	2560	T	T	341	4	1.15%	2	1	93	93	0.06195612906494713	1	1	190	151	4	0	-G
barcode06_consensus_vsearch	2561	G	G	345	2	0.57%	2	1	93	93	0.24963924963931935	1	1	192	153	2	0	A
barcode06_consensus_vsearch	2562	G	G	348	2	0.57%	2	1	93	93	0.2496423462086995	1	1	196	152	2	0	-C
barcode06_consensus_vsearch	2563	C	C	346	4	1.14%	2	1	93	93	0.06196390416311995	1	1	193	153	4	0	A
barcode06_consensus_vsearch	2564	C	C	340	6	1.7%	2	1	93	93	0.015287293785191516	1	1	189	151	6	0	-A
barcode06_consensus_vsearch	2565	A	A	334	5	1.44%	2	2	93	93	0.030789430493984415	1	1	185	149	3	2	+G
barcode06_consensus_vsearch	2566	G	G	350	1	0.28%	2	1	93	93	0.4999999999999138	1	1	197	153	1	0	+A
barcode06_consensus_vsearch	2567	A	A	347	3	0.85%	2	2	93	93	0.12446351931328528	1	1	195	152	2	1	G
barcode06_consensus_vsearch	2568	G	G	349	1	0.29%	2	1	93	93	0.4999999999999138	1	1	196	153	1	0	-A
barcode06_consensus_vsearch	2569	A	A	345	5	1.42%	2	2	93	93	0.030803894885687386	1	1	195	150	4	1	G
barcode06_consensus_vsearch	2570	C	C	352	1	0.28%	2	1	93	93	0.4999999999999138	1	1	199	153	1	0	T
barcode06_consensus_vsearch	2571	C	C	343	4	1.13%	2	1	93	93	0.06195926601136401	1	1	197	146	0	4	+G
barcode06_consensus_vsearch	2572	G	G	349	1	0.29%	2	1	93	93	0.4999999999999138	1	1	197	152	1	0	+A
barcode06_consensus_vsearch	2573	A	A	347	2	0.57%	2	1	93	93	0.24964131994254463	1	1	197	150	2	0	+T
barcode06_consensus_vsearch	2574	T	T	350	1	0.28%	2	1	93	93	0.4999999999999138	1	1	198	152	1	0	+A
barcode06_consensus_vsearch	2575	A	R	344	8	2.27%	2	2	93	93	0.003752326609186822	1	1	192	152	7	1	G
barcode06_consensus_vsearch	2576	G	G	349	1	0.28%	2	1	93	93	0.4999999999999138	1	1	198	151	1	0	+C
barcode06_consensus_vsearch	2577	C	C	347	2	0.57%	2	1	93	93	0.24964131994254463	1	1	199	148	0	2	-GC
barcode06_consensus_vsearch	2578	G	G	348	1	0.29%	2	1	93	93	0.4999999999999138	1	1	199	149	1	0	+C
barcode06_consensus_vsearch	2579	C	C	346	3	0.86%	2	1	93	93	0.12446197991394273	1	1	200	146	0	3	T
barcode06_consensus_vsearch	2580	A	A	349	3	0.85%	2	2	93	93	0.12446657183497908	1	1	199	150	1	2	G
barcode06_consensus_vsearch	2581	C	C	352	1	0.28%	2	1	93	93	0.4999999999999138	1	1	199	153	1	0	-A
barcode06_consensus_vsearch	2582	A	A	349	1	0.28%	2	1	93	93	0.4999999999999138	1	1	197	152	1	0	+G
barcode06_consensus_vsearch	2583	A	A	351	1	0.28%	2	1	93	93	0.4999999999999138	1	1	200	151	0	1	+TAA
barcode06_consensus_vsearch	2584	G	G	350	2	0.57%	2	1	93	93	0.2496443812233433	1	1	198	152	2	0	A
barcode06_consensus_vsearch	2585	T	T	347	2	0.57%	2	1	93	93	0.24964131994254463	1	1	195	152	2	0	+G
barcode06_consensus_vsearch	2586	A	A	346	2	0.57%	2	1	93	93	0.2496402877699066	1	1	194	152	2	0	-G
barcode06_consensus_vsearch	2587	G	G	341	3	0.85%	2	1	93	93	0.12445414847166256	1	1	190	151	3	0	-A
barcode06_consensus_vsearch	2588	A	A	344	3	0.86%	2	2	93	93	0.12445887445888035	1	1	192	152	2	1	G
barcode06_consensus_vsearch	2589	G	G	348	2	0.57%	2	1	93	93	0.2496423462086995	1	1	198	150	0	2	-T
barcode06_consensus_vsearch	2590	T	T	348	1	0.28%	2	1	93	93	0.4999999999999138	1	1	199	149	1	0	+A
barcode06_consensus_vsearch	2591	G	G	350	1	0.28%	2	1	93	93	0.4999999999999138	1	1	198	152	0	1	+C
barcode06_consensus_vsearch	2592	A	A	351	1	0.28%	2	1	93	93	0.4999999999999138	1	1	198	153	1	0	G
barcode06_consensus_vsearch	2593	T	T	349	4	1.13%	2	1	93	93	0.06196846342422332	1	1	196	153	4	0	+C
barcode06_consensus_vsearch	2594	C	C	350	2	0.57%	2	2	93	93	0.2496443812233433	1	1	198	152	1	1	-GA
barcode06_consensus_vsearch	2595	G	*/-A	334	12	3.43%	2	1	93	93	2.215730487318694E-4	1	1	184	150	12	0	-A
barcode06_consensus_vsearch	2596	A	A	336	1	0.3%	2	1	93	93	0.4999999999999138	1	1	184	152	1	0	+G
barcode06_consensus_vsearch	2597	A	A	350	1	0.28%	2	1	93	93	0.4999999999999138	1	1	197	153	1	0	+GAA
barcode06_consensus_vsearch	2598	A	A	344	5	1.42%	2	1	93	93	0.03080261759027664	1	1	191	153	5	0	G
barcode06_consensus_vsearch	2599	G	G	350	1	0.28%	2	1	93	93	0.4999999999999138	1	1	197	153	1	0	+T
barcode06_consensus_vsearch	2600	A	A	350	1	0.28%	2	1	93	93	0.4999999999999138	1	1	198	152	1	0	-T
barcode06_consensus_vsearch	2601	T	T	347	1	0.28%	2	1	93	93	0.4999999999999138	1	1	194	153	1	0	-GA
barcode06_consensus_vsearch	2602	G	*/+A	324	13	3.71%	2	2	93	93	1.0849200013056711E-4	1	1	183	141	7	6	+A
barcode06_consensus_vsearch	2603	A	A	336	2	0.59%	2	1	93	93	0.2496296296298552	1	1	188	148	2	0	+G
barcode06_consensus_vsearch	2604	A	A	349	1	0.28%	2	1	93	93	0.4999999999999138	1	1	199	150	0	1	G
barcode06_consensus_vsearch	2605	A	A	350	3	0.85%	2	1	93	93	0.12446808510622623	1	1	197	153	3	0	G
barcode06_consensus_vsearch	2606	A	A	351	2	0.57%	2	1	93	93	0.24964539007068368	1	1	198	153	2	0	G
barcode06_consensus_vsearch	2607	G	G	348	1	0.28%	2	1	93	93	0.4999999999999138	1	1	197	151	1	0	+AGAAAG
barcode06_consensus_vsearch	2608	C	C	348	2	0.57%	2	1	93	93	0.2496423462086995	1	1	197	151	2	0	-AC
barcode06_consensus_vsearch	2609	A	A	347	3	0.85%	2	2	93	93	0.12446351931328528	1	1	195	152	2	1	G
barcode06_consensus_vsearch	2610	C	*/-T	313	21	5.98%	2	2	93	93	3.447421488029332E-7	1	1	190	123	2	19	-T
barcode06_consensus_vsearch	2611	T	T	328	0	0%	2	0	93	0	1.0	1	0	196	132	0	0	
barcode06_consensus_vsearch	2612	T	T	346	2	0.57%	2	2	93	93	0.2496402877699066	1	1	197	149	1	1	C
barcode06_consensus_vsearch	2613	T	T	349	2	0.57%	2	1	93	93	0.24964336661915734	1	1	197	152	2	0	+A
barcode06_consensus_vsearch	2614	G	*/-A	293	31	8.78%	2	2	93	93	2.192288518968556E-10	1	1	152	141	26	5	-A
barcode06_consensus_vsearch	2615	A	A	317	3	0.93%	2	2	93	93	0.12441314553991895	1	1	171	146	1	2	G
barcode06_consensus_vsearch	2616	A	A	351	1	0.28%	2	1	93	93	0.4999999999999138	1	1	199	152	0	1	G
barcode06_consensus_vsearch	2617	A	A	348	3	0.85%	2	1	93	93	0.12446504992864586	1	1	195	153	3	0	+G
barcode06_consensus_vsearch	2618	A	A	346	5	1.42%	2	1	93	93	0.03080516490845092	1	1	194	152	5	0	-G
barcode06_consensus_vsearch	2619	G	*/-AG	328	15	4.31%	2	1	93	93	2.6099716516077345E-5	1	1	175	153	15	0	-AG
barcode06_consensus_vsearch	2620	A	*/-G	309	19	5.69%	2	2	93	93	1.4585479188835793E-6	1	1	157	152	18	1	-G
barcode06_consensus_vsearch	2621	G	G	318	0	0%	2	0	93	0	1.0	1	0	166	152	0	0	
barcode06_consensus_vsearch	2622	G	G	350	2	0.57%	2	1	93	93	0.2496443812233433	1	1	197	153	2	0	+AG
barcode06_consensus_vsearch	2623	G	G	353	0	0%	2	0	93	0	1.0	1	0	200	153	0	0	
barcode06_consensus_vsearch	2624	T	T	349	3	0.85%	2	2	93	93	0.12446657183497908	1	1	197	152	2	1	C
barcode06_consensus_vsearch	2625	T	T	343	3	0.85%	2	1	93	93	0.124457308248865	1	1	197	146	0	3	+A
barcode06_consensus_vsearch	2626	A	A	348	1	0.29%	2	1	93	93	0.4999999999999138	1	1	198	150	0	1	G
barcode06_consensus_vsearch	2627	A	A	346	4	1.13%	2	2	93	93	0.06196390416311995	1	1	197	149	1	3	G
barcode06_consensus_vsearch	2628	A	A	350	1	0.28%	2	1	93	93	0.4999999999999138	1	1	199	151	1	0	+CCA
barcode06_consensus_vsearch	2629	T	T	346	4	1.14%	2	1	93	93	0.06196390416311995	1	1	198	148	0	4	C
barcode06_consensus_vsearch	2630	A	A	346	3	0.85%	2	2	93	93	0.12446197991394273	1	1	195	151	2	1	G
barcode06_consensus_vsearch	2631	G	G	350	1	0.28%	2	1	93	93	0.4999999999999138	1	1	198	152	1	0	+CC
barcode06_consensus_vsearch	2632	C	C	349	3	0.85%	2	1	93	93	0.12446657183497908	1	1	197	152	3	0	-AC
barcode06_consensus_vsearch	2633	A	A	349	1	0.29%	2	1	93	93	0.4999999999999138	1	1	197	152	0	1	-CG
barcode06_consensus_vsearch	2634	C	C	348	1	0.29%	2	1	93	93	0.4999999999999138	1	1	197	151	0	1	T
barcode06_consensus_vsearch	2635	G	G	348	4	1.14%	2	1	93	93	0.06196695231151725	1	1	200	148	0	4	-TG
barcode06_consensus_vsearch	2636	T	T	346	2	0.57%	2	1	93	93	0.2496402877699066	1	1	197	149	2	0	+AT
barcode06_consensus_vsearch	2637	G	G	349	0	0%	2	0	93	0	1.0	1	0	200	149	0	0	
barcode06_consensus_vsearch	2638	A	A	350	2	0.57%	2	2	93	93	0.2496443812233433	1	1	198	152	1	1	G
barcode06_consensus_vsearch	2639	A	A	353	0	0%	2	0	93	0	1.0	1	0	200	153	0	0	
barcode06_consensus_vsearch	2640	A	A	350	3	0.85%	2	2	93	93	0.12446808510622623	1	1	198	152	2	1	G
barcode06_consensus_vsearch	2641	T	T	352	1	0.28%	2	1	93	93	0.4999999999999138	1	1	199	153	1	0	C
barcode06_consensus_vsearch	2642	T	T	349	1	0.28%	2	1	93	93	0.4999999999999138	1	1	199	150	1	0	+A
barcode06_consensus_vsearch	2643	G	G	345	5	1.42%	2	1	93	93	0.030803894885687386	1	1	198	147	0	5	+C
barcode06_consensus_vsearch	2644	T	Y	343	8	2.27%	2	1	93	93	0.0037518922043892396	1	1	198	145	0	8	C
barcode06_consensus_vsearch	2645	T	*/+G	338	9	2.55%	2	2	93	93	0.0018531982482901858	1	1	197	141	1	8	+G
barcode06_consensus_vsearch	2646	G	*/-A	329	14	3.98%	2	2	93	93	5.3310059266825466E-5	1	1	181	148	13	1	-A
barcode06_consensus_vsearch	2647	A	A	334	2	0.59%	2	2	93	93	0.24962742175848204	1	1	185	149	1	1	G
barcode06_consensus_vsearch	2648	A	A	347	4	1.14%	2	2	93	93	0.06196543258251349	1	1	199	148	1	3	G
barcode06_consensus_vsearch	2649	A	*/-G	270	62	17.61%	2	2	93	93	9.347434938941782E-21	1	1	132	138	51	11	-G
barcode06_consensus_vsearch	2650	G	G	284	2	0.69%	2	1	93	93	0.24956217162897043	1	1	147	137	0	2	+T
barcode06_consensus_vsearch	2651	G	G	346	3	0.85%	2	1	93	93	0.12446197991394273	1	1	195	151	3	0	A
barcode06_consensus_vsearch	2652	G	G	343	4	1.14%	2	1	93	93	0.06195926601136401	1	1	193	150	4	0	-AA
barcode06_consensus_vsearch	2653	A	A	343	1	0.29%	2	1	93	93	0.4999999999999138	1	1	193	150	1	0	G
barcode06_consensus_vsearch	2654	A	A	343	5	1.44%	2	2	93	93	0.030801332959592774	1	1	193	150	3	2	G
barcode06_consensus_vsearch	2655	G	G	351	1	0.28%	2	1	93	93	0.4999999999999138	1	1	200	151	0	1	+T
barcode06_consensus_vsearch	2656	C	C	351	1	0.28%	2	1	93	93	0.4999999999999138	1	1	199	152	1	0	+AC
barcode06_consensus_vsearch	2657	G	G	346	4	1.13%	2	1	93	93	0.06196390416311995	1	1	194	152	4	0	+T
barcode06_consensus_vsearch	2658	T	T	351	1	0.28%	2	1	93	93	0.4999999999999138	1	1	199	152	0	1	C
barcode06_consensus_vsearch	2659	T	T	353	0	0%	2	0	93	0	1.0	1	0	200	153	0	0	
barcode06_consensus_vsearch	2660	T	T	353	0	0%	2	0	93	0	1.0	1	0	200	153	0	0	
barcode06_consensus_vsearch	2661	A	A	351	2	0.57%	2	2	93	93	0.24964539007068368	1	1	199	152	1	1	G
barcode06_consensus_vsearch	2662	T	T	351	1	0.28%	2	1	93	93	0.4999999999999138	1	1	198	153	1	0	+C
barcode06_consensus_vsearch	2663	C	*/-A	344	8	2.27%	2	1	93	93	0.003752326609186822	1	1	191	153	8	0	-A
barcode06_consensus_vsearch	2664	A	A	343	1	0.29%	2	1	93	93	0.4999999999999138	1	1	190	153	1	0	-C
barcode06_consensus_vsearch	2665	C	C	339	5	1.42%	2	1	93	93	0.030796119805779988	1	1	189	150	5	0	G
barcode06_consensus_vsearch	2666	C	C	351	1	0.28%	2	1	93	93	0.4999999999999138	1	1	200	151	0	1	+G
barcode06_consensus_vsearch	2667	A	A	351	1	0.28%	2	1	93	93	0.4999999999999138	1	1	200	151	0	1	-GA
barcode06_consensus_vsearch	2668	G	G	352	0	0%	2	0	93	0	1.0	1	0	200	152	0	0	
barcode06_consensus_vsearch	2669	A	A	348	1	0.28%	2	1	93	93	0.4999999999999138	1	1	199	149	0	1	+C
barcode06_consensus_vsearch	2670	C	*/-T	256	78	22.1%	2	2	93	93	2.0168049722390602E-26	1	1	150	106	36	42	-T
barcode06_consensus_vsearch	2671	T	T	267	0	0%	2	0	93	0	1.0	1	0	157	110	0	0	
barcode06_consensus_vsearch	2672	T	T	342	3	0.87%	2	2	93	93	0.12445573294627689	1	1	191	151	2	1	C
barcode06_consensus_vsearch	2673	T	T	351	1	0.28%	2	1	93	93	0.4999999999999138	1	1	199	152	0	1	+CTTTT
barcode06_consensus_vsearch	2674	T	T	349	2	0.57%	2	2	93	93	0.24964336661915734	1	1	199	150	1	1	+C
barcode06_consensus_vsearch	2675	T	T	351	1	0.28%	2	1	93	93	0.4999999999999138	1	1	198	153	1	0	+A
barcode06_consensus_vsearch	2676	C	*/-T	344	7	1.98%	2	2	93	93	0.007580131052467943	1	1	199	145	1	6	-T
barcode06_consensus_vsearch	2677	T	*/-A	326	9	2.6%	2	1	93	93	0.001849670331098783	1	1	179	147	9	0	-A
barcode06_consensus_vsearch	2678	A	*/-G	221	80	23.74%	2	2	93	93	1.909094054784068E-27	1	1	105	116	51	29	-G
barcode06_consensus_vsearch	2679	G	G	243	4	1.61%	2	1	93	93	0.061740125504571274	1	1	124	119	4	0	+A
barcode06_consensus_vsearch	2680	G	G	333	2	0.6%	2	1	93	93	0.24962630792247645	1	1	185	148	2	0	A
barcode06_consensus_vsearch	2681	G	G	343	3	0.87%	2	1	93	93	0.124457308248865	1	1	192	151	3	0	A
barcode06_consensus_vsearch	2682	G	G	347	4	1.14%	2	1	93	93	0.06196543258251349	1	1	195	152	4	0	A
barcode06_consensus_vsearch	2683	G	G	349	3	0.85%	2	1	93	93	0.12446657183497908	1	1	197	152	3	0	-A
barcode06_consensus_vsearch	2684	A	*/+C	343	7	2%	2	1	93	93	0.007579470995029922	1	1	197	146	0	7	+C
barcode06_consensus_vsearch	2685	T	T	347	6	1.7%	2	1	93	93	0.015293971208790802	1	1	200	147	0	6	-C
barcode06_consensus_vsearch	2686	C	C	344	2	0.58%	2	2	93	93	0.2496382054993181	1	1	199	145	1	1	-A
barcode06_consensus_vsearch	2687	A	A	345	4	1.14%	2	2	93	93	0.061962366978748344	1	1	198	147	1	3	G
barcode06_consensus_vsearch	2688	T	*/-C	338	10	2.84%	2	2	93	93	9.145999987969954E-4	1	1	188	150	8	2	-C
barcode06_consensus_vsearch	2689	C	C	342	0	0%	2	0	93	0	1.0	1	0	192	150	0	0	
barcode06_consensus_vsearch	2690	C	*/+G	335	8	2.27%	2	2	93	93	0.0037483266674446895	1	1	194	141	3	5	+G
barcode06_consensus_vsearch	2691	G	G	344	2	0.58%	2	2	93	93	0.2496382054993181	1	1	199	145	1	1	+TG
barcode06_consensus_vsearch	2692	G	G	346	3	0.85%	2	1	93	93	0.12446197991394273	1	1	198	148	0	3	-T
barcode06_consensus_vsearch	2693	T	T	346	2	0.57%	2	2	93	93	0.2496402877699066	1	1	199	147	1	1	-GT
barcode06_consensus_vsearch	2694	G	G	348	1	0.28%	2	1	93	93	0.4999999999999138	1	1	198	150	0	1	-T
barcode06_consensus_vsearch	2695	T	T	346	2	0.57%	2	1	93	93	0.2496402877699066	1	1	199	147	0	2	C
barcode06_consensus_vsearch	2696	T	T	346	3	0.85%	2	2	93	93	0.12446197991394273	1	1	198	148	1	2	+C
barcode06_consensus_vsearch	2697	C	C	351	1	0.28%	2	1	93	93	0.4999999999999138	1	1	200	151	0	1	-TC
barcode06_consensus_vsearch	2698	T	T	346	2	0.57%	2	1	93	93	0.2496402877699066	1	1	198	148	0	2	+A
barcode06_consensus_vsearch	2699	C	C	348	1	0.29%	2	1	93	93	0.4999999999999138	1	1	198	150	0	1	-A
barcode06_consensus_vsearch	2700	A	A	345	4	1.14%	2	1	93	93	0.061962366978748344	1	1	195	150	4	0	G
barcode06_consensus_vsearch	2701	C	C	348	2	0.57%	2	1	93	93	0.2496423462086995	1	1	199	149	0	2	+T
barcode06_consensus_vsearch	2702	C	C	345	2	0.57%	2	1	93	93	0.24963924963931935	1	1	196	149	2	0	A
barcode06_consensus_vsearch	2703	G	R	338	10	2.85%	2	2	93	93	9.145999987969954E-4	1	1	189	149	7	3	A
barcode06_consensus_vsearch	2704	G	G	339	6	1.7%	2	1	93	93	0.015286317813602767	1	1	193	146	6	0	T
barcode06_consensus_vsearch	2705	T	T	342	1	0.29%	2	1	93	93	0.5000000000003686	1	1	196	146	1	0	+AC
barcode06_consensus_vsearch	2706	G	G	346	1	0.29%	2	1	93	93	0.4999999999999138	1	1	198	148	1	0	+C
barcode06_consensus_vsearch	2707	C	C	347	2	0.57%	2	1	93	93	0.24964131994254463	1	1	197	150	0	2	+A
barcode06_consensus_vsearch	2708	A	R	338	11	3.12%	2	1	93	93	4.5073902379692165E-4	1	1	186	152	11	0	G
barcode06_consensus_vsearch	2709	C	C	336	6	1.7%	2	1	93	93	0.015283355757130674	1	1	192	144	0	6	-T
barcode06_consensus_vsearch	2710	T	T	337	1	0.29%	2	1	93	93	0.5000000000003686	1	1	191	146	1	0	+A
barcode06_consensus_vsearch	2711	T	*/-C	204	96	27.75%	2	2	93	93	1.4187383387758589E-33	1	1	112	92	41	55	-C
barcode06_consensus_vsearch	2712	C	C	231	1	0.43%	2	1	93	93	0.5000000000003686	1	1	138	93	0	1	+T
barcode06_consensus_vsearch	2713	C	C	330	1	0.3%	2	1	93	93	0.4999999999999138	1	1	181	149	1	0	A
barcode06_consensus_vsearch	2714	C	C	340	3	0.87%	2	1	93	93	0.12445255474455591	1	1	194	146	0	3	T
barcode06_consensus_vsearch	2715	C	*/-T	334	10	2.87%	2	2	93	93	9.138933286702405E-4	1	1	194	140	1	9	-T
barcode06_consensus_vsearch	2716	T	T	337	2	0.58%	2	1	93	93	0.24963072378129092	1	1	197	140	0	2	C
barcode06_consensus_vsearch	2717	A	A	348	3	0.85%	2	2	93	93	0.12446504992864586	1	1	196	152	2	1	-G
barcode06_consensus_vsearch	2718	G	G	346	2	0.57%	2	1	93	93	0.2496402877699066	1	1	194	152	2	0	+A
barcode06_consensus_vsearch	2719	T	T	353	0	0%	2	0	93	0	1.0	1	0	200	153	0	0	
barcode06_consensus_vsearch	2720	T	T	346	4	1.13%	2	1	93	93	0.06196390416311995	1	1	197	149	0	4	+G
barcode06_consensus_vsearch	2721	G	G	347	4	1.14%	2	2	93	93	0.06196543258251349	1	1	195	152	3	1	-A
barcode06_consensus_vsearch	2722	A	R	332	7	2.01%	2	1	93	93	0.007571954906961894	1	1	183	149	7	0	G
barcode06_consensus_vsearch	2723	G	G	342	2	0.58%	2	1	93	93	0.24963609898113429	1	1	192	150	2	0	+AAA
barcode06_consensus_vsearch	2724	G	*/-C	340	8	2.27%	2	1	93	93	0.0037505741543597316	1	1	187	153	8	0	-C
barcode06_consensus_vsearch	2725	C	C	336	4	1.16%	2	1	93	93	0.06194812512106263	1	1	184	152	4	0	A
barcode06_consensus_vsearch	2726	C	Y	338	13	3.69%	2	2	93	93	1.0901283519379868E-4	1	1	186	152	12	1	T
barcode06_consensus_vsearch	2727	A	A	347	3	0.85%	2	2	93	93	0.12446351931328528	1	1	196	151	2	1	G
barcode06_consensus_vsearch	2728	G	R	280	72	20.45%	2	1	93	93	3.69023608072581E-24	1	1	128	152	72	0	A
barcode06_consensus_vsearch	2729	C	C	348	5	1.42%	2	2	93	93	0.030807683383255846	1	1	197	151	3	2	T
barcode06_consensus_vsearch	2730	A	A	348	4	1.13%	2	2	93	93	0.06196695231151725	1	1	197	151	3	1	G
barcode06_consensus_vsearch	2731	T	T	351	1	0.28%	2	1	93	93	0.4999999999999138	1	1	199	152	1	0	+CC
barcode06_consensus_vsearch	2732	C	C	353	0	0%	2	0	93	0	1.0	1	0	200	153	0	0	
barcode06_consensus_vsearch	2733	G	G	352	1	0.28%	2	1	93	93	0.4999999999999138	1	1	199	153	1	0	A
barcode06_consensus_vsearch	2734	G	*/+T	307	27	7.65%	2	2	93	93	4.3101879954129276E-9	1	1	157	150	25	2	+T
barcode06_consensus_vsearch	2735	T	T	333	1	0.3%	2	1	93	93	0.4999999999999138	1	1	181	152	0	1	C
barcode06_consensus_vsearch	2736	T	T	353	0	0%	2	0	93	0	1.0	1	0	200	153	0	0	
barcode06_consensus_vsearch	2737	T	T	353	0	0%	2	0	93	0	1.0	1	0	200	153	0	0	
barcode06_consensus_vsearch	2738	T	T	345	2	0.57%	2	1	93	93	0.24963924963931935	1	1	196	149	2	0	+C
barcode06_consensus_vsearch	2739	C	C	342	6	1.71%	2	1	93	93	0.015289228950998206	1	1	199	143	0	6	-G
barcode06_consensus_vsearch	2740	G	G	343	1	0.29%	2	1	93	93	0.4999999999999138	1	1	199	144	1	0	C
barcode06_consensus_vsearch	2741	G	G	352	1	0.28%	2	1	93	93	0.4999999999999138	1	1	199	153	1	0	-A
barcode06_consensus_vsearch	2742	A	*/-G	238	73	20.74%	2	2	93	93	8.744153494573425E-25	1	1	113	125	48	25	-G
barcode06_consensus_vsearch	2743	G	G	250	1	0.4%	2	1	93	93	0.4999999999999138	1	1	123	127	1	0	+AG
barcode06_consensus_vsearch	2744	G	G	319	3	0.92%	2	2	93	93	0.12441679626745454	1	1	170	149	1	2	A
barcode06_consensus_vsearch	2745	G	G	337	1	0.29%	2	1	93	93	0.5000000000003686	1	1	185	152	1	0	+A
barcode06_consensus_vsearch	2746	G	G	349	2	0.57%	2	1	93	93	0.24964336661915734	1	1	198	151	0	2	+T
barcode06_consensus_vsearch	2747	G	G	350	2	0.57%	2	1	93	93	0.2496443812233433	1	1	197	153	2	0	-A
barcode06_consensus_vsearch	2748	A	A	347	1	0.28%	2	1	93	93	0.4999999999999138	1	1	197	150	1	0	+G
barcode06_consensus_vsearch	2749	T	*/-A	292	46	13.03%	2	2	93	93	2.7484172298045553E-15	1	1	179	113	15	31	-A
barcode06_consensus_vsearch	2750	A	A	296	1	0.33%	2	1	93	93	0.4999999999999138	1	1	180	116	1	0	+C
barcode06_consensus_vsearch	2751	A	A	344	1	0.29%	2	1	93	93	0.4999999999999138	1	1	196	148	1	0	+G
barcode06_consensus_vsearch	2752	A	A	345	4	1.14%	2	2	93	93	0.061962366978748344	1	1	197	148	2	2	G
barcode06_consensus_vsearch	2753	A	A	346	3	0.86%	2	2	93	93	0.12446197991394273	1	1	198	148	2	1	G
barcode06_consensus_vsearch	2754	G	G	348	3	0.85%	2	2	93	93	0.12446504992864586	1	1	198	150	2	1	A
barcode06_consensus_vsearch	2755	C	*/-T	313	22	6.23%	2	1	93	93	1.6696032318727752E-7	1	1	195	118	0	22	-T
barcode06_consensus_vsearch	2756	T	T	321	3	0.92%	2	2	93	93	0.12442040185486332	1	1	194	127	2	1	C
barcode06_consensus_vsearch	2757	T	*/-C	301	33	9.48%	2	2	93	93	5.0701746670513196E-11	1	1	190	111	1	32	-C
barcode06_consensus_vsearch	2758	C	*/-G	279	16	5.11%	2	1	93	93	1.2382116585618522E-5	1	1	173	106	16	0	-G
barcode06_consensus_vsearch	2759	G	G	323	3	0.91%	2	1	93	93	0.1244239631335834	1	1	179	144	3	0	A
barcode06_consensus_vsearch	2760	G	R	339	9	2.58%	2	1	93	93	0.0018534814134889795	1	1	190	149	9	0	A
barcode06_consensus_vsearch	2761	G	*/-A	342	7	1.99%	2	1	93	93	0.0075788071772909795	1	1	191	151	7	0	-A
barcode06_consensus_vsearch	2762	A	A	344	1	0.29%	2	1	93	93	0.4999999999999138	1	1	192	152	1	0	T
barcode06_consensus_vsearch	2763	A	A	349	2	0.57%	2	1	93	93	0.24964336661915734	1	1	197	152	2	0	G
barcode06_consensus_vsearch	2764	T	T	345	3	0.85%	2	1	93	93	0.12446043165476364	1	1	194	151	3	0	-G
barcode06_consensus_vsearch	2765	G	G	337	4	1.15%	2	1	93	93	0.061949744701114674	1	1	186	151	4	0	A
barcode06_consensus_vsearch	2766	T	T	340	4	1.15%	2	2	93	93	0.06195454690339171	1	1	191	149	3	1	C
barcode06_consensus_vsearch	2767	G	G	337	5	1.43%	2	2	93	93	0.030793467534351974	1	1	187	150	4	1	A
barcode06_consensus_vsearch	2768	A	A	345	1	0.29%	2	1	93	93	0.4999999999999138	1	1	193	152	0	1	+C
barcode06_consensus_vsearch	2769	C	C	338	3	0.85%	2	2	93	93	0.12444933920718405	1	1	192	146	2	1	-T
barcode06_consensus_vsearch	2770	T	*/-C	282	42	12.21%	2	2	93	93	5.491932567094595E-14	1	1	182	100	13	29	-C
barcode06_consensus_vsearch	2771	C	C	289	1	0.34%	2	1	93	93	0.5000000000003686	1	1	185	104	1	0	T
barcode06_consensus_vsearch	2772	C	C	330	4	1.19%	2	2	93	93	0.06193820383042259	1	1	196	134	2	2	T
barcode06_consensus_vsearch	2773	C	*/-T	324	9	2.61%	2	2	93	93	0.001849057988431908	1	1	197	127	1	8	-T
barcode06_consensus_vsearch	2774	T	*/+C	321	7	2.07%	2	1	93	93	0.007563937849782871	1	1	182	139	7	0	+C
barcode06_consensus_vsearch	2775	C	*/-G	327	7	2.02%	2	2	93	93	0.007568375850183275	1	1	194	133	2	5	-G
barcode06_consensus_vsearch	2776	G	R	298	45	13.08%	2	1	93	93	6.0657384786046984E-15	1	1	152	146	45	0	A
barcode06_consensus_vsearch	2777	G	G	349	1	0.28%	2	1	93	93	0.4999999999999138	1	1	198	151	1	0	A
barcode06_consensus_vsearch	2778	G	*/-A	335	15	4.25%	2	1	93	93	2.618321754652276E-5	1	1	183	152	15	0	-A
barcode06_consensus_vsearch	2779	A	A	333	2	0.59%	2	1	93	93	0.24962630792247645	1	1	182	151	2	0	-G
barcode06_consensus_vsearch	2780	G	G	347	3	0.86%	2	1	93	93	0.12446351931328528	1	1	198	149	0	3	-T
barcode06_consensus_vsearch	2781	T	T	347	2	0.57%	2	1	93	93	0.24964131994254463	1	1	199	148	0	2	+AA
barcode06_consensus_vsearch	2782	G	G	346	4	1.13%	2	1	93	93	0.06196390416311995	1	1	197	149	0	4	+CG
barcode06_consensus_vsearch	2783	T	T	346	2	0.57%	2	1	93	93	0.2496402877699066	1	1	196	150	0	2	C
barcode06_consensus_vsearch	2784	T	T	348	1	0.28%	2	1	93	93	0.4999999999999138	1	1	197	151	1	0	+G
barcode06_consensus_vsearch	2785	A	A	347	2	0.57%	2	2	93	93	0.24964131994254463	1	1	195	152	1	1	G
barcode06_consensus_vsearch	2786	T	T	345	2	0.57%	2	1	93	93	0.24963924963931935	1	1	194	151	2	0	-A
barcode06_consensus_vsearch	2787	A	R	341	9	2.57%	2	1	93	93	0.0018540429575330279	1	1	188	153	9	0	G
barcode06_consensus_vsearch	2788	G	*/-C	332	17	4.83%	2	1	93	93	6.249049162301178E-6	1	1	181	151	17	0	-C
barcode06_consensus_vsearch	2789	C	C	330	2	0.6%	2	1	93	93	0.24962292609365044	1	1	179	151	2	0	G
barcode06_consensus_vsearch	2790	C	C	348	1	0.28%	2	1	93	93	0.4999999999999138	1	1	197	151	0	1	+T
barcode06_consensus_vsearch	2791	C	Y	336	8	2.27%	2	1	93	93	0.0037487813407406246	1	1	194	142	0	8	T
barcode06_consensus_vsearch	2792	G	R	325	19	5.4%	2	1	93	93	1.4773756308010322E-6	1	1	172	153	19	0	A
barcode06_consensus_vsearch	2793	T	Y	338	7	2.02%	2	1	93	93	0.007576113653235487	1	1	192	146	0	7	C
barcode06_consensus_vsearch	2794	T	T	342	5	1.42%	2	1	93	93	0.03080004093026935	1	1	191	151	5	0	-GC
barcode06_consensus_vsearch	2795	G	G	343	2	0.58%	2	2	93	93	0.24963715529753122	1	1	191	152	1	1	-CA
barcode06_consensus_vsearch	2796	C	C	340	2	0.58%	2	1	93	93	0.24963396778913263	1	1	190	150	2	0	+G
barcode06_consensus_vsearch	2797	A	A	346	2	0.57%	2	1	93	93	0.2496402877699066	1	1	195	151	2	0	C
barcode06_consensus_vsearch	2798	T	T	343	5	1.42%	2	2	93	93	0.030801332959592774	1	1	194	149	2	3	-A
barcode06_consensus_vsearch	2799	A	A	347	0	0%	2	0	93	0	1.0	1	0	197	150	0	0	
barcode06_consensus_vsearch	2800	A	A	351	1	0.28%	2	1	93	93	0.4999999999999138	1	1	199	152	1	0	+C
barcode06_consensus_vsearch	2801	T	T	341	5	1.42%	2	2	93	93	0.03079874143819971	1	1	195	146	3	2	C
barcode06_consensus_vsearch	2802	A	*/-C	326	11	3.14%	2	2	93	93	4.4943643047913427E-4	1	1	187	139	4	7	-C
barcode06_consensus_vsearch	2803	C	C	337	2	0.58%	2	1	93	93	0.24963072378129092	1	1	193	144	2	0	G
barcode06_consensus_vsearch	2804	C	C	351	2	0.57%	2	1	93	93	0.24964539007068368	1	1	200	151	0	2	T
barcode06_consensus_vsearch	2805	C	*/-T	342	8	2.27%	2	1	93	93	0.0037514553409778158	1	1	200	142	0	8	-T
barcode06_consensus_vsearch	2806	T	T	342	2	0.58%	2	1	93	93	0.24963609898113429	1	1	200	142	0	2	+C
barcode06_consensus_vsearch	2807	T	T	347	2	0.57%	2	1	93	93	0.24964131994254463	1	1	197	150	2	0	A
barcode06_consensus_vsearch	2808	C	C	344	4	1.14%	2	2	93	93	0.061960820953638154	1	1	195	149	3	1	-T
barcode06_consensus_vsearch	2809	T	*/-G	324	9	2.58%	2	2	93	93	0.001849057988431908	1	1	190	134	2	7	-G
barcode06_consensus_vsearch	2810	G	R	334	8	2.33%	2	1	93	93	0.003747869361231707	1	1	190	144	8	0	A
barcode06_consensus_vsearch	2811	G	G	350	2	0.57%	2	1	93	93	0.2496443812233433	1	1	198	152	2	0	A
barcode06_consensus_vsearch	2812	G	G	351	1	0.28%	2	1	93	93	0.4999999999999138	1	1	199	152	1	0	A
barcode06_consensus_vsearch	2813	G	G	351	1	0.28%	2	1	93	93	0.4999999999999138	1	1	199	152	1	0	+T
barcode06_consensus_vsearch	2814	A	A	350	1	0.28%	2	1	93	93	0.4999999999999138	1	1	197	153	1	0	-C
barcode06_consensus_vsearch	2815	C	C	347	2	0.57%	2	2	93	93	0.24964131994254463	1	1	197	150	1	1	T
barcode06_consensus_vsearch	2816	C	Y	338	9	2.55%	2	1	93	93	0.0018531982482901858	1	1	197	141	0	9	T
barcode06_consensus_vsearch	2817	G	G	348	2	0.57%	2	1	93	93	0.2496423462086995	1	1	195	153	2	0	-A
barcode06_consensus_vsearch	2818	A	*/-G	340	7	2%	2	2	93	93	0.007577468131623444	1	1	190	150	5	2	-G
barcode06_consensus_vsearch	2819	G	G	343	1	0.29%	2	1	93	93	0.4999999999999138	1	1	194	149	0	1	A
barcode06_consensus_vsearch	2820	G	G	348	2	0.57%	2	1	93	93	0.2496423462086995	1	1	197	151	2	0	+T
barcode06_consensus_vsearch	2821	T	T	346	4	1.14%	2	1	93	93	0.06196390416311995	1	1	200	146	0	4	C
barcode06_consensus_vsearch	2822	T	T	345	2	0.57%	2	2	93	93	0.24963924963931935	1	1	197	148	1	1	-C
barcode06_consensus_vsearch	2823	C	C	344	2	0.57%	2	2	93	93	0.2496382054993181	1	1	197	147	1	1	T
barcode06_consensus_vsearch	2824	G	G	342	4	1.15%	2	2	93	93	0.06195770207455419	1	1	197	145	1	3	A
barcode06_consensus_vsearch	2825	C	C	340	3	0.86%	2	1	93	93	0.12445255474455591	1	1	194	146	3	0	-GC
barcode06_consensus_vsearch	2826	G	G	339	4	1.15%	2	2	93	93	0.06195295550973475	1	1	196	143	1	3	A
barcode06_consensus_vsearch	2827	C	C	337	6	1.72%	2	1	93	93	0.015284348849175712	1	1	197	140	0	6	T
barcode06_consensus_vsearch	2828	A	A	334	3	0.86%	2	1	93	93	0.12444279346210338	1	1	198	136	0	3	+T
barcode06_consensus_vsearch	2829	T	T	343	3	0.86%	2	1	93	93	0.124457308248865	1	1	199	144	0	3	C
barcode06_consensus_vsearch	2830	C	C	342	4	1.14%	2	1	93	93	0.06195770207455419	1	1	198	144	0	4	-T
barcode06_consensus_vsearch	2831	T	T	336	6	1.74%	2	2	93	93	0.015283355757130674	1	1	194	142	2	4	C
barcode06_consensus_vsearch	2832	G	G	347	2	0.57%	2	1	93	93	0.24964131994254463	1	1	196	151	2	0	A
barcode06_consensus_vsearch	2833	C	C	340	5	1.42%	2	1	93	93	0.030797434418565302	1	1	191	149	5	0	-A
barcode06_consensus_vsearch	2834	A	A	346	1	0.29%	2	1	93	93	0.4999999999999138	1	1	195	151	0	1	G
barcode06_consensus_vsearch	2835	A	A	347	5	1.42%	2	2	93	93	0.030806427720592423	1	1	198	149	2	3	G
barcode06_consensus_vsearch	2836	G	G	352	1	0.28%	2	1	93	93	0.4999999999999138	1	1	200	152	0	1	+C
barcode06_consensus_vsearch	2837	G	G	352	1	0.28%	2	1	93	93	0.4999999999999138	1	1	199	153	1	0	+A
barcode06_consensus_vsearch	2838	A	A	352	1	0.28%	2	1	93	93	0.4999999999999138	1	1	199	153	1	0	G
barcode06_consensus_vsearch	2839	T	T	351	1	0.28%	2	1	93	93	0.4999999999999138	1	1	199	152	1	0	+A
barcode06_consensus_vsearch	2840	G	G	350	1	0.28%	2	1	93	93	0.4999999999999138	1	1	199	151	0	1	+TG
barcode06_consensus_vsearch	2841	C	C	347	2	0.57%	2	1	93	93	0.24964131994254463	1	1	199	148	0	2	T
barcode06_consensus_vsearch	2842	T	T	344	3	0.85%	2	2	93	93	0.12445887445888035	1	1	195	149	1	2	-G
barcode06_consensus_vsearch	2843	G	G	348	1	0.29%	2	1	93	93	0.4999999999999138	1	1	199	149	0	1	T
barcode06_consensus_vsearch	2844	G	G	349	2	0.57%	2	1	93	93	0.24964336661915734	1	1	199	150	0	2	A
barcode06_consensus_vsearch	2845	C	C	347	2	0.57%	2	1	93	93	0.24964131994254463	1	1	197	150	2	0	+G
barcode06_consensus_vsearch	2846	A	A	347	2	0.57%	2	1	93	93	0.24964131994254463	1	1	197	150	2	0	C
barcode06_consensus_vsearch	2847	T	T	346	3	0.85%	2	2	93	93	0.12446197991394273	1	1	196	150	2	1	C
barcode06_consensus_vsearch	2848	A	A	350	0	0%	2	0	93	0	1.0	1	0	199	151	0	0	
barcode06_consensus_vsearch	2849	A	A	349	2	0.57%	2	1	93	93	0.24964336661915734	1	1	197	152	2	0	G
barcode06_consensus_vsearch	2850	T	T	348	1	0.28%	2	1	93	93	0.4999999999999138	1	1	196	152	1	0	+A
barcode06_consensus_vsearch	2851	G	G	348	2	0.57%	2	2	93	93	0.2496423462086995	1	1	196	152	1	1	A
barcode06_consensus_vsearch	2852	G	G	348	2	0.57%	2	1	93	93	0.2496423462086995	1	1	196	152	2	0	A
barcode06_consensus_vsearch	2853	T	T	348	3	0.85%	2	2	93	93	0.12446504992864586	1	1	197	151	2	1	C
barcode06_consensus_vsearch	2854	G	G	351	2	0.57%	2	1	93	93	0.24964539007068368	1	1	198	153	2	0	A
barcode06_consensus_vsearch	2855	A	A	349	3	0.85%	2	1	93	93	0.12446657183497908	1	1	197	152	3	0	G
barcode06_consensus_vsearch	2856	T	T	348	2	0.57%	2	1	93	93	0.2496423462086995	1	1	196	152	2	0	+C
barcode06_consensus_vsearch	2857	C	C	350	1	0.28%	2	1	93	93	0.4999999999999138	1	1	199	151	0	1	-A
barcode06_consensus_vsearch	2858	A	A	348	4	1.14%	2	2	93	93	0.06196695231151725	1	1	197	151	3	1	G
barcode06_consensus_vsearch	2859	A	A	349	2	0.57%	2	1	93	93	0.24964336661915734	1	1	199	150	0	2	+T
barcode06_consensus_vsearch	2860	C	C	349	3	0.85%	2	1	93	93	0.12446657183497908	1	1	199	150	0	3	-G
barcode06_consensus_vsearch	2861	G	G	347	2	0.57%	2	1	93	93	0.24964131994254463	1	1	197	150	2	0	-A
barcode06_consensus_vsearch	2862	A	A	344	4	1.14%	2	2	93	93	0.061960820953638154	1	1	192	152	3	1	-C
barcode06_consensus_vsearch	2863	C	C	346	2	0.57%	2	1	93	93	0.2496402877699066	1	1	196	150	0	2	T
barcode06_consensus_vsearch	2864	C	C	352	1	0.28%	2	1	93	93	0.4999999999999138	1	1	200	152	0	1	+A
barcode06_consensus_vsearch	2865	C	C	346	6	1.7%	2	2	93	93	0.015293033503626699	1	1	199	147	1	5	T
barcode06_consensus_vsearch	2866	G	G	352	0	0%	2	0	93	0	1.0	1	0	200	152	0	0	
barcode06_consensus_vsearch	2867	T	T	350	2	0.57%	2	1	93	93	0.2496443812233433	1	1	198	152	2	0	C
barcode06_consensus_vsearch	2868	C	C	350	2	0.57%	2	1	93	93	0.2496443812233433	1	1	199	151	0	2	-T
barcode06_consensus_vsearch	2869	T	T	351	0	0%	2	0	93	0	1.0	1	0	200	151	0	0	
barcode06_consensus_vsearch	2870	T	T	350	3	0.85%	2	2	93	93	0.12446808510622623	1	1	198	152	2	1	+G
barcode06_consensus_vsearch	2871	G	G	347	3	0.85%	2	2	93	93	0.12446351931328528	1	1	198	149	1	2	+A
barcode06_consensus_vsearch	2872	A	A	349	1	0.29%	2	1	93	93	0.4999999999999138	1	1	199	150	0	1	G
barcode06_consensus_vsearch	2873	A	A	352	1	0.28%	2	1	93	93	0.4999999999999138	1	1	200	152	0	1	G
barcode06_consensus_vsearch	2874	A	A	350	2	0.57%	2	1	93	93	0.2496443812233433	1	1	197	153	2	0	G
barcode06_consensus_vsearch	2875	C	C	351	1	0.28%	2	1	93	93	0.4999999999999138	1	1	198	153	1	0	+GC
barcode06_consensus_vsearch	2876	A	A	351	1	0.28%	2	1	93	93	0.4999999999999138	1	1	199	152	0	1	-C
barcode06_consensus_vsearch	2877	C	C	341	4	1.14%	2	1	93	93	0.06195612906494713	1	1	199	142	0	4	-G
barcode06_consensus_vsearch	2878	G	G	349	0	0%	2	0	93	0	1.0	1	0	200	149	0	0	
barcode06_consensus_vsearch	2879	G	G	353	0	0%	2	0	93	0	1.0	1	0	200	153	0	0	
barcode06_consensus_vsearch	2880	A	A	346	4	1.13%	2	1	93	93	0.06196390416311995	1	1	193	153	4	0	-C
barcode06_consensus_vsearch	2881	C	C	349	0	0%	2	0	93	0	1.0	1	0	196	153	0	0	
barcode06_consensus_vsearch	2882	C	*/-A	332	19	5.38%	2	2	93	93	1.4851278237791481E-6	1	1	181	151	18	1	-A
barcode06_consensus_vsearch	2883	A	A	330	3	0.9%	2	1	93	93	0.12443609022563339	1	1	179	151	3	0	+G
barcode06_consensus_vsearch	2884	A	*/-G	329	14	3.97%	2	1	93	93	5.3310059266825466E-5	1	1	176	153	14	0	-G
barcode06_consensus_vsearch	2885	G	G	331	4	1.18%	2	1	93	93	0.06193988207692839	1	1	178	153	4	0	+A
barcode06_consensus_vsearch	2886	G	G	346	3	0.85%	2	1	93	93	0.12446197991394273	1	1	193	153	3	0	-A
barcode06_consensus_vsearch	2887	A	A	343	2	0.58%	2	1	93	93	0.24963715529753122	1	1	192	151	2	0	G
barcode06_consensus_vsearch	2888	G	G	349	1	0.29%	2	1	93	93	0.4999999999999138	1	1	197	152	0	1	+T
barcode06_consensus_vsearch	2889	T	T	348	1	0.28%	2	1	93	93	0.4999999999999138	1	1	196	152	1	0	+C
barcode06_consensus_vsearch	2890	C	C	347	3	0.85%	2	1	93	93	0.12446351931328528	1	1	195	152	3	0	+A
barcode06_consensus_vsearch	2891	G	G	345	3	0.85%	2	1	93	93	0.12446043165476364	1	1	196	149	3	0	-A
barcode06_consensus_vsearch	2892	A	A	350	0	0%	2	0	93	0	1.0	1	0	197	153	0	0	
barcode06_consensus_vsearch	2893	A	A	351	1	0.28%	2	1	93	93	0.4999999999999138	1	1	200	151	0	1	-C
barcode06_consensus_vsearch	2894	C	C	349	1	0.28%	2	1	93	93	0.4999999999999138	1	1	200	149	0	1	+AAC
barcode06_consensus_vsearch	2895	A	A	349	1	0.28%	2	1	93	93	0.4999999999999138	1	1	198	151	1	0	+CA
barcode06_consensus_vsearch	2896	T	T	352	0	0%	2	0	93	0	1.0	1	0	200	152	0	0	
barcode06_consensus_vsearch	2897	T	T	351	2	0.57%	2	2	93	93	0.24964539007068368	1	1	199	152	1	1	C
barcode06_consensus_vsearch	2898	T	T	349	1	0.28%	2	1	93	93	0.4999999999999138	1	1	200	149	0	1	+G
barcode06_consensus_vsearch	2899	A	A	349	3	0.85%	2	2	93	93	0.12446657183497908	1	1	199	150	1	2	G
barcode06_consensus_vsearch	2900	T	T	348	2	0.57%	2	2	93	93	0.2496423462086995	1	1	197	151	1	1	C
barcode06_consensus_vsearch	2901	G	G	346	4	1.14%	2	1	93	93	0.06196390416311995	1	1	197	149	0	4	-CG
barcode06_consensus_vsearch	2902	C	*/-G	329	11	3.15%	2	1	93	93	4.497704755708121E-4	1	1	183	146	11	0	-G
barcode06_consensus_vsearch	2903	G	G	333	2	0.59%	2	1	93	93	0.24962630792247645	1	1	184	149	2	0	+A
barcode06_consensus_vsearch	2904	A	A	346	1	0.28%	2	1	93	93	0.4999999999999138	1	1	194	152	1	0	+G
barcode06_consensus_vsearch	2905	G	G	352	1	0.28%	2	1	93	93	0.4999999999999138	1	1	199	153	1	0	+AG
barcode06_consensus_vsearch	2906	T	T	352	1	0.28%	2	1	93	93	0.4999999999999138	1	1	199	153	1	0	C
barcode06_consensus_vsearch	2907	G	G	347	2	0.57%	2	1	93	93	0.24964131994254463	1	1	198	149	2	0	+T
barcode06_consensus_vsearch	2908	T	T	349	1	0.29%	2	1	93	93	0.4999999999999138	1	1	200	149	0	1	C
barcode06_consensus_vsearch	2909	T	T	351	1	0.28%	2	1	93	93	0.4999999999999138	1	1	200	151	0	1	C
barcode06_consensus_vsearch	2910	T	T	342	4	1.13%	2	1	93	93	0.06195770207455419	1	1	198	144	0	4	-G
barcode06_consensus_vsearch	2911	G	G	344	1	0.29%	2	1	93	93	0.4999999999999138	1	1	198	146	1	0	A
barcode06_consensus_vsearch	2912	G	G	341	4	1.14%	2	1	93	93	0.06195612906494713	1	1	193	148	4	0	+A
barcode06_consensus_vsearch	2913	G	G	351	1	0.28%	2	1	93	93	0.4999999999999138	1	1	198	153	1	0	A
barcode06_consensus_vsearch	2914	T	T	346	3	0.85%	2	2	93	93	0.12446197991394273	1	1	198	148	1	2	-GT
barcode06_consensus_vsearch	2915	G	G	349	1	0.29%	2	1	93	93	0.4999999999999138	1	1	198	151	1	0	A
barcode06_consensus_vsearch	2916	T	T	345	3	0.86%	2	1	93	93	0.12446043165476364	1	1	195	150	3	0	+GT
barcode06_consensus_vsearch	2917	C	C	347	2	0.57%	2	1	93	93	0.24964131994254463	1	1	197	150	0	2	+AA
barcode06_consensus_vsearch	2918	A	A	347	3	0.85%	2	1	93	93	0.12446351931328528	1	1	194	153	3	0	G
barcode06_consensus_vsearch	2919	A	A	349	4	1.13%	2	2	93	93	0.06196846342422332	1	1	197	152	3	1	G
barcode06_consensus_vsearch	2920	A	*/-C	306	36	10.2%	2	2	93	93	5.505595206121562E-12	1	1	191	115	3	33	-C
barcode06_consensus_vsearch	2921	C	C	314	2	0.63%	2	1	93	93	0.2496038034863922	1	1	197	117	0	2	A
barcode06_consensus_vsearch	2922	C	C	351	1	0.28%	2	1	93	93	0.4999999999999138	1	1	199	152	1	0	T
barcode06_consensus_vsearch	2923	C	C	351	2	0.57%	2	2	93	93	0.24964539007068368	1	1	199	152	1	1	-T
barcode06_consensus_vsearch	2924	T	T	346	4	1.14%	2	1	93	93	0.06196390416311995	1	1	198	148	0	4	-C
barcode06_consensus_vsearch	2925	C	*/-AC	340	8	2.29%	2	1	93	93	0.0037505741543597316	1	1	191	149	8	0	-AC
barcode06_consensus_vsearch	2926	A	A	342	1	0.29%	2	1	93	93	0.5000000000003686	1	1	190	152	0	1	+TA
barcode06_consensus_vsearch	2927	C	C	339	4	1.16%	2	1	93	93	0.06195295550973475	1	1	186	153	4	0	+AC
barcode06_consensus_vsearch	2928	G	*/-CG	342	9	2.56%	2	2	93	93	0.0018543213632639765	1	1	191	151	7	2	-CG
barcode06_consensus_vsearch	2929	C	C	342	1	0.29%	2	1	93	93	0.5000000000003686	1	1	192	150	0	1	+G
barcode06_consensus_vsearch	2930	G	G	341	2	0.58%	2	1	93	93	0.24963503649639607	1	1	190	151	2	0	A
barcode06_consensus_vsearch	2931	T	T	350	2	0.57%	2	2	93	93	0.2496443812233433	1	1	199	151	1	1	-A
barcode06_consensus_vsearch	2932	A	A	349	1	0.28%	2	1	93	93	0.4999999999999138	1	1	199	150	0	1	+G
barcode06_consensus_vsearch	2933	A	A	347	3	0.85%	2	2	93	93	0.12446351931328528	1	1	196	151	2	1	G
barcode06_consensus_vsearch	2934	T	T	349	2	0.57%	2	1	93	93	0.24964336661915734	1	1	198	151	0	2	C
barcode06_consensus_vsearch	2935	G	G	346	2	0.57%	2	2	93	93	0.2496402877699066	1	1	196	150	1	1	+A
barcode06_consensus_vsearch	2936	A	A	349	1	0.29%	2	1	93	93	0.4999999999999138	1	1	197	152	1	0	+GA
barcode06_consensus_vsearch	2937	A	A	347	3	0.85%	2	1	93	93	0.12446351931328528	1	1	194	153	3	0	+GA
barcode06_consensus_vsearch	2938	A	A	351	1	0.28%	2	1	93	93	0.4999999999999138	1	1	199	152	0	1	G
barcode06_consensus_vsearch	2939	G	G	348	2	0.57%	2	1	93	93	0.2496423462086995	1	1	197	151	0	2	-T
barcode06_consensus_vsearch	2940	T	T	343	4	1.14%	2	1	93	93	0.06195926601136401	1	1	197	146	0	4	+G
barcode06_consensus_vsearch	2941	G	G	348	2	0.57%	2	2	93	93	0.2496423462086995	1	1	197	151	1	1	+A
barcode06_consensus_vsearch	2942	A	A	346	3	0.86%	2	2	93	93	0.12446197991394273	1	1	197	149	1	2	G
barcode06_consensus_vsearch	2943	A	A	350	2	0.57%	2	1	93	93	0.2496443812233433	1	1	198	152	2	0	G
barcode06_consensus_vsearch	2944	C	C	341	3	0.85%	2	2	93	93	0.12445414847166256	1	1	195	146	1	2	-G
barcode06_consensus_vsearch	2945	G	G	346	0	0%	2	0	93	0	1.0	1	0	196	150	0	0	
barcode06_consensus_vsearch	2946	G	G	342	4	1.14%	2	1	93	93	0.06195770207455419	1	1	190	152	4	0	-AG
barcode06_consensus_vsearch	2947	A	A	340	3	0.86%	2	2	93	93	0.12445255474455591	1	1	190	150	2	1	+G
barcode06_consensus_vsearch	2948	G	G	345	1	0.29%	2	1	93	93	0.4999999999999138	1	1	192	153	1	0	+AG
barcode06_consensus_vsearch	2949	G	G	346	2	0.57%	2	1	93	93	0.2496402877699066	1	1	198	148	0	2	-T
barcode06_consensus_vsearch	2950	T	T	345	1	0.29%	2	1	93	93	0.4999999999999138	1	1	197	148	1	0	+A
barcode06_consensus_vsearch	2951	G	G	342	2	0.57%	2	1	93	93	0.24963609898113429	1	1	199	143	0	2	+T
barcode06_consensus_vsearch	2952	A	A	340	3	0.85%	2	2	93	93	0.12445255474455591	1	1	193	147	2	1	-GAG
barcode06_consensus_vsearch	2953	G	*/-AG	309	36	10.34%	2	2	93	93	5.554919320140417E-12	1	1	167	142	27	9	-AG
barcode06_consensus_vsearch	2954	A	*/+G	294	10	3.22%	2	1	93	93	9.058264089278193E-4	1	1	168	126	0	10	+G
barcode06_consensus_vsearch	2955	G	*/-C	288	13	4.23%	2	2	93	93	1.0694042277945121E-4	1	1	160	128	7	6	-C
barcode06_consensus_vsearch	2956	C	C	325	5	1.5%	2	1	93	93	0.030776879317604325	1	1	190	135	0	5	+T
barcode06_consensus_vsearch	2957	C	C	344	4	1.13%	2	1	93	93	0.061960820953638154	1	1	196	148	4	0	+A
barcode06_consensus_vsearch	2958	C	*/-T	319	26	7.37%	2	2	93	93	9.136065421816727E-9	1	1	196	123	2	24	-T
barcode06_consensus_vsearch	2959	T	T	322	2	0.61%	2	1	93	93	0.24961360123673174	1	1	197	125	0	2	C
barcode06_consensus_vsearch	2960	T	T	345	3	0.85%	2	1	93	93	0.12446043165476364	1	1	197	148	0	3	C
barcode06_consensus_vsearch	2961	A	R	341	7	1.99%	2	1	93	93	0.007578139567014644	1	1	190	151	7	0	G
barcode06_consensus_vsearch	2962	C	*/-G	335	9	2.57%	2	2	93	93	0.0018523390154232843	1	1	194	141	3	6	-G
barcode06_consensus_vsearch	2963	G	G	330	6	1.76%	2	1	93	93	0.015277273448168436	1	1	185	145	6	0	A
barcode06_consensus_vsearch	2964	G	G	347	4	1.14%	2	1	93	93	0.06196543258251349	1	1	196	151	4	0	A
barcode06_consensus_vsearch	2965	G	G	345	5	1.42%	2	1	93	93	0.030803894885687386	1	1	195	150	5	0	T
barcode06_consensus_vsearch	2966	T	T	347	1	0.28%	2	1	93	93	0.4999999999999138	1	1	197	150	0	1	+G
barcode06_consensus_vsearch	2967	G	G	349	2	0.57%	2	1	93	93	0.24964336661915734	1	1	196	153	2	0	A
barcode06_consensus_vsearch	2968	C	C	352	0	0%	2	0	93	0	1.0	1	0	199	153	0	0	
barcode06_consensus_vsearch	2969	A	A	351	2	0.57%	2	2	93	93	0.24964539007068368	1	1	199	152	1	1	G
barcode06_consensus_vsearch	2970	T	T	351	2	0.57%	2	1	93	93	0.24964539007068368	1	1	200	151	0	2	C
barcode06_consensus_vsearch	2971	C	C	346	3	0.85%	2	1	93	93	0.12446197991394273	1	1	194	152	3	0	-ATC
barcode06_consensus_vsearch	2972	A	A	345	3	0.86%	2	1	93	93	0.12446043165476364	1	1	193	152	3	0	G
barcode06_consensus_vsearch	2973	T	T	345	3	0.86%	2	2	93	93	0.12446043165476364	1	1	195	150	2	1	C
barcode06_consensus_vsearch	2974	C	C	348	0	0%	2	0	93	0	1.0	1	0	197	151	0	0	
barcode06_consensus_vsearch	2975	G	G	351	1	0.28%	2	1	93	93	0.4999999999999138	1	1	200	151	0	1	+AA
barcode06_consensus_vsearch	2976	A	A	349	3	0.85%	2	1	93	93	0.12446657183497908	1	1	196	153	3	0	G
barcode06_consensus_vsearch	2977	C	C	347	5	1.42%	2	2	93	93	0.030806427720592423	1	1	198	149	1	4	T
barcode06_consensus_vsearch	2978	C	C	349	3	0.85%	2	2	93	93	0.12446657183497908	1	1	199	150	1	2	T
barcode06_consensus_vsearch	2979	G	G	353	0	0%	2	0	93	0	1.0	1	0	200	153	0	0	
barcode06_consensus_vsearch	2980	A	A	352	1	0.28%	2	1	93	93	0.4999999999999138	1	1	199	153	1	0	G
barcode06_consensus_vsearch	2981	T	*/-C	335	16	4.53%	2	1	93	93	1.2811474491374553E-5	1	1	183	152	16	0	-C
barcode06_consensus_vsearch	2982	C	C	336	1	0.3%	2	1	93	93	0.4999999999999138	1	1	183	153	1	0	+A
barcode06_consensus_vsearch	2983	C	C	352	1	0.28%	2	1	93	93	0.4999999999999138	1	1	199	153	1	0	-T
barcode06_consensus_vsearch	2984	T	T	348	2	0.57%	2	2	93	93	0.2496423462086995	1	1	198	150	1	1	C
barcode06_consensus_vsearch	2985	G	G	353	0	0%	2	0	93	0	1.0	1	0	200	153	0	0	
barcode06_consensus_vsearch	2986	A	A	350	2	0.57%	2	1	93	93	0.2496443812233433	1	1	198	152	2	0	G
barcode06_consensus_vsearch	2987	T	T	351	2	0.57%	2	2	93	93	0.24964539007068368	1	1	199	152	1	1	C
barcode06_consensus_vsearch	2988	G	G	352	1	0.28%	2	1	93	93	0.4999999999999138	1	1	200	152	0	1	+CCG
barcode06_consensus_vsearch	2989	T	T	349	2	0.57%	2	2	93	93	0.24964336661915734	1	1	198	151	1	1	C
barcode06_consensus_vsearch	2990	C	C	350	1	0.28%	2	1	93	93	0.4999999999999138	1	1	200	150	0	1	+T
barcode06_consensus_vsearch	2991	T	T	348	4	1.14%	2	2	93	93	0.06196695231151725	1	1	199	149	1	3	C
barcode06_consensus_vsearch	2992	T	T	348	5	1.42%	2	2	93	93	0.030807683383255846	1	1	196	152	4	1	+C
barcode06_consensus_vsearch	2993	C	C	348	2	0.57%	2	1	93	93	0.2496423462086995	1	1	199	149	0	2	+T
barcode06_consensus_vsearch	2994	G	G	352	1	0.28%	2	1	93	93	0.4999999999999138	1	1	199	153	1	0	A
barcode06_consensus_vsearch	2995	G	G	352	1	0.28%	2	1	93	93	0.4999999999999138	1	1	199	153	1	0	A
barcode06_consensus_vsearch	2996	A	A	353	0	0%	2	0	93	0	1.0	1	0	200	153	0	0	
barcode06_consensus_vsearch	2997	T	T	351	2	0.57%	2	1	93	93	0.24964539007068368	1	1	200	151	0	2	-G
barcode06_consensus_vsearch	2998	G	G	349	1	0.28%	2	1	93	93	0.4999999999999138	1	1	199	150	1	0	A
barcode06_consensus_vsearch	2999	G	G	346	4	1.13%	2	1	93	93	0.06196390416311995	1	1	193	153	4	0	-AT
barcode06_consensus_vsearch	3000	A	A	344	2	0.58%	2	1	93	93	0.2496382054993181	1	1	193	151	0	2	+T
barcode06_consensus_vsearch	3001	T	T	347	1	0.29%	2	1	93	93	0.4999999999999138	1	1	195	152	0	1	C
barcode06_consensus_vsearch	3002	T	T	353	0	0%	2	0	93	0	1.0	1	0	200	153	0	0	
barcode06_consensus_vsearch	3003	T	T	349	2	0.57%	2	2	93	93	0.24964336661915734	1	1	199	150	1	1	+G
barcode06_consensus_vsearch	3004	G	*/-A	330	16	4.56%	2	2	93	93	1.2778405384928883E-5	1	1	182	148	14	2	-A
barcode06_consensus_vsearch	3005	A	A	331	2	0.6%	2	1	93	93	0.2496240601503603	1	1	185	146	0	2	-G
barcode06_consensus_vsearch	3006	G	G	349	1	0.29%	2	1	93	93	0.4999999999999138	1	1	200	149	0	1	+C
barcode06_consensus_vsearch	3007	T	*/+A	335	9	2.55%	2	2	93	93	0.0018523390154232843	1	1	187	148	8	1	+A
barcode06_consensus_vsearch	3008	A	A	348	2	0.57%	2	2	93	93	0.2496423462086995	1	1	197	151	1	1	G
barcode06_consensus_vsearch	3009	A	A	352	1	0.28%	2	1	93	93	0.4999999999999138	1	1	199	153	1	0	G
barcode06_consensus_vsearch	3010	G	G	345	5	1.42%	2	1	93	93	0.030803894885687386	1	1	192	153	5	0	-A
barcode06_consensus_vsearch	3011	A	A	344	2	0.57%	2	1	93	93	0.2496382054993181	1	1	192	152	2	0	+C
barcode06_consensus_vsearch	3012	G	G	351	1	0.28%	2	1	93	93	0.4999999999999138	1	1	198	153	1	0	A
barcode06_consensus_vsearch	3013	C	C	352	1	0.28%	2	1	93	93	0.4999999999999138	1	1	199	153	1	0	-A
barcode06_consensus_vsearch	3014	A	A	348	2	0.57%	2	2	93	93	0.2496423462086995	1	1	196	152	1	1	G
barcode06_consensus_vsearch	3015	T	Y	343	8	2.27%	2	2	93	93	0.0037518922043892396	1	1	195	148	4	4	C
barcode06_consensus_vsearch	3016	A	A	348	2	0.57%	2	1	93	93	0.2496423462086995	1	1	197	151	0	2	+CA
barcode06_consensus_vsearch	3017	A	A	350	1	0.28%	2	1	93	93	0.4999999999999138	1	1	199	151	0	1	+T
barcode06_consensus_vsearch	3018	C	C	348	2	0.57%	2	1	93	93	0.2496423462086995	1	1	198	150	0	2	-T
barcode06_consensus_vsearch	3019	T	T	346	3	0.85%	2	1	93	93	0.12446197991394273	1	1	199	147	0	3	C
barcode06_consensus_vsearch	3020	G	G	344	3	0.85%	2	2	93	93	0.12445887445888035	1	1	195	149	1	2	A
barcode06_consensus_vsearch	3021	T	T	348	3	0.85%	2	2	93	93	0.12446504992864586	1	1	199	149	1	2	C
barcode06_consensus_vsearch	3022	T	*/+C	339	9	2.55%	2	1	93	93	0.0018534814134889795	1	1	189	150	9	0	+C
barcode06_consensus_vsearch	3023	C	*/-G	335	11	3.12%	2	1	93	93	4.50421630407793E-4	1	1	197	138	0	11	-G
barcode06_consensus_vsearch	3024	G	G	338	2	0.58%	2	2	93	93	0.24963181148734975	1	1	199	139	1	1	A
barcode06_consensus_vsearch	3025	G	G	353	0	0%	2	0	93	0	1.0	1	0	200	153	0	0	
barcode06_consensus_vsearch	3026	A	A	340	5	1.42%	2	2	93	93	0.030797434418565302	1	1	190	150	3	2	-C
barcode06_consensus_vsearch	3027	C	C	344	0	0%	2	0	93	0	1.0	1	0	193	151	0	0	
barcode06_consensus_vsearch	3028	C	C	347	1	0.29%	2	1	93	93	0.4999999999999138	1	1	194	153	1	0	G
barcode06_consensus_vsearch	3029	C	C	345	2	0.57%	2	1	93	93	0.24963924963931935	1	1	195	150	0	2	T
barcode06_consensus_vsearch	3030	G	*/-A	319	27	7.71%	2	1	93	93	4.3961530430627134E-9	1	1	168	151	27	0	-A
barcode06_consensus_vsearch	3031	A	A	321	1	0.31%	2	1	93	93	0.4999999999999138	1	1	169	152	1	0	G
barcode06_consensus_vsearch	3032	A	A	346	3	0.86%	2	1	93	93	0.12446197991394273	1	1	194	152	3	0	G
barcode06_consensus_vsearch	3033	A	A	352	0	0%	2	0	93	0	1.0	1	0	199	153	0	0	
barcode06_consensus_vsearch	3034	G	G	353	0	0%	2	0	93	0	1.0	1	0	200	153	0	0	
barcode06_consensus_vsearch	3035	A	A	352	1	0.28%	2	1	93	93	0.4999999999999138	1	1	200	152	0	1	G
barcode06_consensus_vsearch	3036	T	T	350	2	0.57%	2	1	93	93	0.2496443812233433	1	1	199	151	0	2	-G
barcode06_consensus_vsearch	3037	G	G	349	1	0.28%	2	1	93	93	0.4999999999999138	1	1	199	150	0	1	+CA
barcode06_consensus_vsearch	3038	G	G	352	1	0.28%	2	1	93	93	0.4999999999999138	1	1	200	152	0	1	-T
barcode06_consensus_vsearch	3039	T	T	348	3	0.85%	2	2	93	93	0.12446504992864586	1	1	198	150	1	2	C
barcode06_consensus_vsearch	3040	G	G	349	2	0.57%	2	1	93	93	0.24964336661915734	1	1	197	152	2	0	-A
barcode06_consensus_vsearch	3041	A	A	350	0	0%	2	0	93	0	1.0	1	0	197	153	0	0	
barcode06_consensus_vsearch	3042	A	A	347	3	0.85%	2	2	93	93	0.12446351931328528	1	1	197	150	1	2	G
barcode06_consensus_vsearch	3043	C	C	349	1	0.28%	2	1	93	93	0.4999999999999138	1	1	198	151	0	1	-T
barcode06_consensus_vsearch	3044	T	T	351	1	0.28%	2	1	93	93	0.4999999999999138	1	1	200	151	0	1	C
barcode06_consensus_vsearch	3045	A	A	351	1	0.28%	2	1	93	93	0.4999999999999138	1	1	198	153	1	0	G
barcode06_consensus_vsearch	3046	T	T	348	2	0.57%	2	2	93	93	0.2496423462086995	1	1	198	150	1	1	C
barcode06_consensus_vsearch	3047	G	G	346	3	0.85%	2	1	93	93	0.12446197991394273	1	1	197	149	0	3	-CG
barcode06_consensus_vsearch	3048	C	C	347	1	0.29%	2	1	93	93	0.4999999999999138	1	1	199	148	1	0	+A
barcode06_consensus_vsearch	3049	G	*/-TG	333	15	4.29%	2	1	93	93	2.6159683280048882E-5	1	1	200	133	0	15	-TG
barcode06_consensus_vsearch	3050	T	T	331	5	1.49%	2	1	93	93	0.030785321419712398	1	1	200	131	0	5	C
barcode06_consensus_vsearch	3051	G	G	335	1	0.3%	2	1	93	93	0.4999999999999138	1	1	198	137	1	0	+A
barcode06_consensus_vsearch	3052	G	G	348	3	0.85%	2	2	93	93	0.12446504992864586	1	1	197	151	2	1	A
barcode06_consensus_vsearch	3053	A	A	346	3	0.85%	2	2	93	93	0.12446197991394273	1	1	196	150	2	1	G
barcode06_consensus_vsearch	3054	T	T	345	3	0.85%	2	1	93	93	0.12446043165476364	1	1	193	152	3	0	+G
barcode06_consensus_vsearch	3055	A	*/-G	323	18	5.11%	2	2	93	93	3.0300724508484405E-6	1	1	193	130	5	13	-G
barcode06_consensus_vsearch	3056	G	G	318	6	1.81%	2	1	93	93	0.015264435164077807	1	1	182	136	6	0	+A
barcode06_consensus_vsearch	3057	G	R	337	7	2%	2	1	93	93	0.0075754305431544305	1	1	187	150	7	0	A
barcode06_consensus_vsearch	3058	G	K	340	10	2.84%	2	1	93	93	9.149473929364378E-4	1	1	188	152	10	0	T
barcode06_consensus_vsearch	3059	T	T	342	4	1.14%	2	2	93	93	0.06195770207455419	1	1	194	148	3	1	+G
barcode06_consensus_vsearch	3060	G	G	346	3	0.85%	2	2	93	93	0.12446197991394273	1	1	197	149	1	2	A
barcode06_consensus_vsearch	3061	A	A	346	3	0.86%	2	2	93	93	0.12446197991394273	1	1	196	150	2	1	G
barcode06_consensus_vsearch	3062	A	A	346	3	0.85%	2	1	93	93	0.12446197991394273	1	1	195	151	3	0	-G
barcode06_consensus_vsearch	3063	G	G	337	5	1.44%	2	2	93	93	0.030793467534351974	1	1	189	148	3	2	-C
barcode06_consensus_vsearch	3064	C	C	340	3	0.86%	2	1	93	93	0.12445255474455591	1	1	193	147	3	0	A
barcode06_consensus_vsearch	3065	C	C	342	6	1.7%	2	2	93	93	0.015289228950998206	1	1	194	148	4	2	-A
barcode06_consensus_vsearch	3066	A	*/-G	320	13	3.76%	2	1	93	93	1.0833547970360815E-4	1	1	187	133	0	13	-G
barcode06_consensus_vsearch	3067	G	G	337	2	0.59%	2	1	93	93	0.24963072378129092	1	1	200	137	0	2	+T
barcode06_consensus_vsearch	3068	G	G	351	2	0.57%	2	2	93	93	0.24964539007068368	1	1	199	152	1	1	+A
barcode06_consensus_vsearch	3069	A	A	345	4	1.13%	2	1	93	93	0.061962366978748344	1	1	192	153	4	0	+G
barcode06_consensus_vsearch	3070	G	G	345	3	0.86%	2	2	93	93	0.12446043165476364	1	1	195	150	1	2	-A
barcode06_consensus_vsearch	3071	A	A	344	1	0.29%	2	1	93	93	0.4999999999999138	1	1	194	150	1	0	+G
barcode06_consensus_vsearch	3072	A	A	353	0	0%	2	0	93	0	1.0	1	0	200	153	0	0	
barcode06_consensus_vsearch	3073	A	A	339	5	1.42%	2	1	93	93	0.030796119805779988	1	1	200	139	0	5	+C
barcode06_consensus_vsearch	3074	T	*/-C	330	13	3.76%	2	2	93	93	1.0872021177752496E-4	1	1	190	140	8	5	-C
barcode06_consensus_vsearch	3075	C	C	333	1	0.3%	2	1	93	93	0.4999999999999138	1	1	192	141	0	1	+GCG
barcode06_consensus_vsearch	3076	C	C	346	3	0.85%	2	1	93	93	0.12446197991394273	1	1	199	147	0	3	+T
barcode06_consensus_vsearch	3077	T	Y	337	7	1.99%	2	1	93	93	0.0075754305431544305	1	1	199	138	0	7	C
barcode06_consensus_vsearch	3078	G	G	337	3	0.87%	2	2	93	93	0.12444771723137743	1	1	195	142	1	2	A
barcode06_consensus_vsearch	3079	G	G	347	2	0.57%	2	1	93	93	0.24964131994254463	1	1	197	150	2	0	A
barcode06_consensus_vsearch	3080	T	Y	339	8	2.28%	2	2	93	93	0.003750129788579787	1	1	198	141	1	7	C
barcode06_consensus_vsearch	3081	G	G	347	2	0.57%	2	2	93	93	0.24964131994254463	1	1	198	149	1	1	A
barcode06_consensus_vsearch	3082	G	G	348	4	1.14%	2	1	93	93	0.06196695231151725	1	1	196	152	4	0	-AG
barcode06_consensus_vsearch	3083	A	*/-G	337	7	2.01%	2	2	93	93	0.0075754305431544305	1	1	187	150	6	1	-G
barcode06_consensus_vsearch	3084	G	G	333	4	1.17%	2	1	93	93	0.06194320866818599	1	1	182	151	4	0	+A
barcode06_consensus_vsearch	3085	G	G	343	3	0.85%	2	1	93	93	0.124457308248865	1	1	197	146	3	0	+AG
barcode06_consensus_vsearch	3086	C	C	344	2	0.57%	2	1	93	93	0.2496382054993181	1	1	197	147	0	2	T
barcode06_consensus_vsearch	3087	T	T	347	1	0.28%	2	1	93	93	0.4999999999999138	1	1	195	152	1	0	+C
barcode06_consensus_vsearch	3088	C	C	340	3	0.85%	2	1	93	93	0.12445255474455591	1	1	191	149	3	0	+A
barcode06_consensus_vsearch	3089	G	G	338	6	1.71%	2	1	93	93	0.01528533618469065	1	1	185	153	6	0	A
barcode06_consensus_vsearch	3090	C	C	343	4	1.14%	2	2	93	93	0.06195926601136401	1	1	191	152	3	1	T
barcode06_consensus_vsearch	3091	A	A	342	3	0.85%	2	1	93	93	0.12445573294627689	1	1	190	152	3	0	+C
barcode06_consensus_vsearch	3092	G	G	335	6	1.71%	2	1	93	93	0.015282356858050317	1	1	187	148	6	0	A
barcode06_consensus_vsearch	3093	C	C	340	3	0.86%	2	2	93	93	0.12445255474455591	1	1	193	147	1	2	-G
barcode06_consensus_vsearch	3094	G	R	307	35	10.09%	2	2	93	93	1.1638864132806902E-11	1	1	161	146	34	1	A
barcode06_consensus_vsearch	3095	G	G	336	5	1.42%	2	1	93	93	0.03079212974078601	1	1	188	148	5	0	T
barcode06_consensus_vsearch	3096	T	T	345	2	0.57%	2	1	93	93	0.24963924963931935	1	1	198	147	0	2	+C
barcode06_consensus_vsearch	3097	T	*/+C	337	8	2.28%	2	1	93	93	0.0037492334037990153	1	1	190	147	8	0	+C
barcode06_consensus_vsearch	3098	C	C	339	4	1.15%	2	2	93	93	0.06195295550973475	1	1	194	145	1	3	+T
barcode06_consensus_vsearch	3099	T	T	336	6	1.71%	2	1	93	93	0.015283355757130674	1	1	192	144	0	6	+G
barcode06_consensus_vsearch	3100	G	G	346	2	0.57%	2	1	93	93	0.2496402877699066	1	1	196	150	0	2	+CAG
barcode06_consensus_vsearch	3101	A	A	349	1	0.29%	2	1	93	93	0.4999999999999138	1	1	197	152	0	1	G
barcode06_consensus_vsearch	3102	C	C	351	1	0.28%	2	1	93	93	0.4999999999999138	1	1	199	152	0	1	T
barcode06_consensus_vsearch	3103	G	G	348	4	1.14%	2	1	93	93	0.06196695231151725	1	1	199	149	0	4	-TG
barcode06_consensus_vsearch	3104	T	T	342	3	0.86%	2	2	93	93	0.12445573294627689	1	1	197	145	1	2	C
barcode06_consensus_vsearch	3105	G	G	341	2	0.58%	2	1	93	93	0.24963503649639607	1	1	194	147	2	0	+C
barcode06_consensus_vsearch	3106	C	C	337	6	1.72%	2	2	93	93	0.015284348849175712	1	1	193	144	2	4	-A
barcode06_consensus_vsearch	3107	A	A	343	1	0.29%	2	1	93	93	0.4999999999999138	1	1	195	148	1	0	+GGA
barcode06_consensus_vsearch	3108	A	A	347	3	0.85%	2	2	93	93	0.12446351931328528	1	1	197	150	2	1	G
barcode06_consensus_vsearch	3109	A	A	349	2	0.57%	2	1	93	93	0.24964336661915734	1	1	199	150	0	2	-T
barcode06_consensus_vsearch	3110	T	T	343	5	1.43%	2	1	93	93	0.030801332959592774	1	1	197	146	0	5	C
barcode06_consensus_vsearch	3111	C	C	347	2	0.57%	2	1	93	93	0.24964131994254463	1	1	196	151	2	0	+A
barcode06_consensus_vsearch	3112	G	G	347	4	1.14%	2	2	93	93	0.06196543258251349	1	1	195	152	3	1	-A
barcode06_consensus_vsearch	3113	A	A	344	3	0.86%	2	2	93	93	0.12445887445888035	1	1	195	149	1	2	G
barcode06_consensus_vsearch	3114	T	T	348	3	0.85%	2	2	93	93	0.12446504992864586	1	1	198	150	1	2	C
barcode06_consensus_vsearch	3115	C	C	348	2	0.57%	2	2	93	93	0.2496423462086995	1	1	196	152	1	1	T
barcode06_consensus_vsearch	3116	G	G	350	1	0.28%	2	1	93	93	0.4999999999999138	1	1	197	153	1	0	A
barcode06_consensus_vsearch	3117	T	T	350	2	0.57%	2	1	93	93	0.2496443812233433	1	1	197	153	2	0	C
barcode06_consensus_vsearch	3118	C	*/-A	340	8	2.27%	2	1	93	93	0.0037505741543597316	1	1	197	143	0	8	-A
barcode06_consensus_vsearch	3119	A	A	339	4	1.17%	2	2	93	93	0.06195295550973475	1	1	196	143	3	1	G
barcode06_consensus_vsearch	3120	A	A	349	2	0.57%	2	1	93	93	0.24964336661915734	1	1	197	152	2	0	G
barcode06_consensus_vsearch	3121	A	A	347	2	0.57%	2	1	93	93	0.24964131994254463	1	1	199	148	0	2	+T
barcode06_consensus_vsearch	3122	T	T	343	6	1.71%	2	1	93	93	0.015290188241060826	1	1	199	144	0	6	C
barcode06_consensus_vsearch	3123	C	C	347	4	1.14%	2	1	93	93	0.06196543258251349	1	1	198	149	0	4	-T
barcode06_consensus_vsearch	3124	T	T	344	1	0.29%	2	1	93	93	0.4999999999999138	1	1	197	147	1	0	+A
barcode06_consensus_vsearch	3125	G	G	349	2	0.57%	2	1	93	93	0.24964336661915734	1	1	198	151	0	2	-C
barcode06_consensus_vsearch	3126	C	C	344	3	0.86%	2	2	93	93	0.12445887445888035	1	1	194	150	2	1	-GC
barcode06_consensus_vsearch	3127	G	G	348	1	0.29%	2	1	93	93	0.4999999999999138	1	1	196	152	1	0	A
barcode06_consensus_vsearch	3128	C	C	348	1	0.29%	2	1	93	93	0.4999999999999138	1	1	196	152	1	0	+GC
barcode06_consensus_vsearch	3129	A	A	348	1	0.28%	2	1	93	93	0.4999999999999138	1	1	196	152	1	0	+CA
barcode06_consensus_vsearch	3130	T	*/-G	309	31	8.83%	2	2	93	93	2.275250452673987E-10	1	1	171	138	22	9	-G
barcode06_consensus_vsearch	3131	G	G	317	1	0.31%	2	1	93	93	0.4999999999999138	1	1	173	144	1	0	+A
barcode06_consensus_vsearch	3132	G	G	348	2	0.57%	2	2	93	93	0.2496423462086995	1	1	196	152	1	1	A
barcode06_consensus_vsearch	3133	G	G	349	2	0.57%	2	2	93	93	0.24964336661915734	1	1	197	152	1	1	A
barcode06_consensus_vsearch	3134	G	G	350	1	0.28%	2	1	93	93	0.4999999999999138	1	1	197	153	1	0	+A
barcode06_consensus_vsearch	3135	G	G	345	2	0.57%	2	1	93	93	0.24963924963931935	1	1	193	152	2	0	+C
barcode06_consensus_vsearch	3136	C	C	349	1	0.28%	2	1	93	93	0.4999999999999138	1	1	197	152	1	0	+T
barcode06_consensus_vsearch	3137	G	*/+A	331	11	3.14%	2	2	93	93	4.499900004081131E-4	1	1	181	150	10	1	+A
barcode06_consensus_vsearch	3138	A	A	338	2	0.58%	2	2	93	93	0.24963181148734975	1	1	188	150	1	1	G
barcode06_consensus_vsearch	3139	A	A	351	0	0%	2	0	93	0	1.0	1	0	198	153	0	0	
barcode06_consensus_vsearch	3140	A	A	340	4	1.14%	2	1	93	93	0.06195454690339171	1	1	189	151	4	0	-GA
barcode06_consensus_vsearch	3141	G	G	343	1	0.29%	2	1	93	93	0.4999999999999138	1	1	192	151	0	1	+T
barcode06_consensus_vsearch	3142	A	A	335	4	1.15%	2	2	93	93	0.06194649597906977	1	1	188	147	2	2	G
barcode06_consensus_vsearch	3143	C	C	339	6	1.72%	2	2	93	93	0.015286317813602767	1	1	193	146	2	4	-T
barcode06_consensus_vsearch	3144	T	Y	329	9	2.59%	2	2	93	93	0.0018505754546696879	1	1	190	139	4	5	C
barcode06_consensus_vsearch	3145	A	A	345	3	0.86%	2	2	93	93	0.12446043165476364	1	1	196	149	2	1	C
barcode06_consensus_vsearch	3146	A	A	346	3	0.85%	2	1	93	93	0.12446197991394273	1	1	195	151	3	0	G
barcode06_consensus_vsearch	3147	T	T	344	4	1.14%	2	1	93	93	0.061960820953638154	1	1	194	150	4	0	+C
barcode06_consensus_vsearch	3148	C	*/+A	338	7	1.99%	2	1	93	93	0.007576113653235487	1	1	188	150	7	0	+A
barcode06_consensus_vsearch	3149	G	*/-A	340	9	2.56%	2	1	93	93	0.0018537629787316217	1	1	187	153	9	0	-A
barcode06_consensus_vsearch	3150	A	A	340	1	0.29%	2	1	93	93	0.4999999999999138	1	1	187	153	1	0	+C
barcode06_consensus_vsearch	3151	A	A	345	4	1.14%	2	1	93	93	0.061962366978748344	1	1	192	153	4	0	G
barcode06_consensus_vsearch	3152	C	C	347	3	0.85%	2	1	93	93	0.12446351931328528	1	1	195	152	3	0	T
barcode06_consensus_vsearch	3153	C	C	351	1	0.28%	2	1	93	93	0.4999999999999138	1	1	198	153	1	0	A
barcode06_consensus_vsearch	3154	A	A	352	1	0.28%	2	1	93	93	0.4999999999999138	1	1	200	152	0	1	+T
barcode06_consensus_vsearch	3155	T	T	350	1	0.28%	2	1	93	93	0.4999999999999138	1	1	197	153	1	0	+C
barcode06_consensus_vsearch	3156	C	C	351	2	0.57%	2	1	93	93	0.24964539007068368	1	1	200	151	0	2	-T
barcode06_consensus_vsearch	3157	T	T	346	1	0.28%	2	1	93	93	0.4999999999999138	1	1	195	151	1	0	+A
barcode06_consensus_vsearch	3158	A	A	347	3	0.85%	2	2	93	93	0.12446351931328528	1	1	196	151	2	1	G
barcode06_consensus_vsearch	3159	G	G	349	1	0.28%	2	1	93	93	0.4999999999999138	1	1	197	152	1	0	-T
barcode06_consensus_vsearch	3160	T	T	342	6	1.71%	2	2	93	93	0.015289228950998206	1	1	194	148	1	5	C
barcode06_consensus_vsearch	3161	A	A	346	1	0.29%	2	1	93	93	0.4999999999999138	1	1	193	153	1	0	+G
barcode06_consensus_vsearch	3162	G	G	346	2	0.57%	2	1	93	93	0.2496402877699066	1	1	193	153	2	0	-C
barcode06_consensus_vsearch	3163	C	C	343	3	0.86%	2	2	93	93	0.124457308248865	1	1	192	151	1	2	T
barcode06_consensus_vsearch	3164	T	T	348	1	0.29%	2	1	93	93	0.4999999999999138	1	1	195	153	1	0	-G
barcode06_consensus_vsearch	3165	G	G	348	1	0.29%	2	1	93	93	0.4999999999999138	1	1	195	153	1	0	A
barcode06_consensus_vsearch	3166	G	G	349	1	0.29%	2	1	93	93	0.4999999999999138	1	1	196	153	1	0	-T
barcode06_consensus_vsearch	3167	T	T	351	1	0.28%	2	1	93	93	0.4999999999999138	1	1	199	152	0	1	C
barcode06_consensus_vsearch	3168	T	T	352	1	0.28%	2	1	93	93	0.4999999999999138	1	1	199	153	1	0	+GC
barcode06_consensus_vsearch	3169	A	A	344	4	1.13%	2	2	93	93	0.061960820953638154	1	1	192	152	3	1	G
barcode06_consensus_vsearch	3170	C	C	348	1	0.29%	2	1	93	93	0.4999999999999138	1	1	196	152	1	0	+AC
barcode06_consensus_vsearch	3171	C	C	348	3	0.85%	2	2	93	93	0.12446504992864586	1	1	197	151	1	2	T
barcode06_consensus_vsearch	3172	G	*/-C	341	7	1.99%	2	2	93	93	0.007578139567014644	1	1	191	150	6	1	-C
barcode06_consensus_vsearch	3173	C	C	341	0	0%	2	0	93	0	1.0	1	0	191	150	0	0	
barcode06_consensus_vsearch	3174	C	*/-GA	332	10	2.86%	2	1	93	93	9.135339164919169E-4	1	1	182	150	10	0	-GA
barcode06_consensus_vsearch	3175	G	G	335	2	0.59%	2	1	93	93	0.24962852897455212	1	1	185	150	2	0	T
barcode06_consensus_vsearch	3176	A	A	339	1	0.29%	2	1	93	93	0.5000000000003686	1	1	187	152	1	0	+G
barcode06_consensus_vsearch	3177	A	A	350	1	0.28%	2	1	93	93	0.4999999999999138	1	1	197	153	1	0	-G
barcode06_consensus_vsearch	3178	G	G	347	1	0.28%	2	1	93	93	0.4999999999999138	1	1	194	153	1	0	+AAG
barcode06_consensus_vsearch	3179	T	T	349	3	0.85%	2	2	93	93	0.12446657183497908	1	1	198	151	1	2	C
barcode06_consensus_vsearch	3180	T	T	352	1	0.28%	2	1	93	93	0.4999999999999138	1	1	200	152	0	1	C
barcode06_consensus_vsearch	3181	T	*/-C	255	81	22.95%	2	2	93	93	1.6993495478926827E-27	1	1	182	73	14	67	-C
barcode06_consensus_vsearch	3182	C	C	263	1	0.38%	2	1	93	93	0.4999999999999138	1	1	186	77	0	1	T
barcode06_consensus_vsearch	3183	C	C	343	1	0.29%	2	1	93	93	0.4999999999999138	1	1	198	145	1	0	+T
barcode06_consensus_vsearch	3184	C	C	340	3	0.86%	2	2	93	93	0.12445255474455591	1	1	199	141	1	2	-T
barcode06_consensus_vsearch	3185	T	T	337	2	0.58%	2	1	93	93	0.24963072378129092	1	1	196	141	2	0	+C
barcode06_consensus_vsearch	3186	C	C	346	2	0.57%	2	1	93	93	0.2496402877699066	1	1	197	149	2	0	+A
barcode06_consensus_vsearch	3187	A	*/-G	332	7	1.99%	2	1	93	93	0.007571954906961894	1	1	192	140	0	7	-G
barcode06_consensus_vsearch	3188	G	G	343	1	0.29%	2	1	93	93	0.4999999999999138	1	1	199	144	0	1	+T
barcode06_consensus_vsearch	3189	G	G	351	1	0.28%	2	1	93	93	0.4999999999999138	1	1	199	152	0	1	-A
barcode06_consensus_vsearch	3190	A	A	350	2	0.57%	2	2	93	93	0.2496443812233433	1	1	199	151	1	1	G
barcode06_consensus_vsearch	3191	T	T	348	2	0.57%	2	2	93	93	0.2496423462086995	1	1	198	150	1	1	C
barcode06_consensus_vsearch	3192	A	A	347	4	1.14%	2	2	93	93	0.06196543258251349	1	1	196	151	3	1	G
barcode06_consensus_vsearch	3193	G	G	349	2	0.57%	2	1	93	93	0.24964336661915734	1	1	197	152	2	0	A
barcode06_consensus_vsearch	3194	C	C	348	1	0.28%	2	1	93	93	0.4999999999999138	1	1	196	152	1	0	+A
barcode06_consensus_vsearch	3195	A	A	347	2	0.57%	2	1	93	93	0.24964131994254463	1	1	195	152	2	0	G
barcode06_consensus_vsearch	3196	G	G	351	1	0.28%	2	1	93	93	0.4999999999999138	1	1	199	152	1	0	A
barcode06_consensus_vsearch	3197	T	T	350	1	0.28%	2	1	93	93	0.4999999999999138	1	1	199	151	1	0	+A
barcode06_consensus_vsearch	3198	G	G	351	1	0.28%	2	1	93	93	0.4999999999999138	1	1	200	151	0	1	+CAGTG
barcode06_consensus_vsearch	3199	T	T	350	1	0.28%	2	1	93	93	0.4999999999999138	1	1	198	152	1	0	+ATT
barcode06_consensus_vsearch	3200	T	T	352	1	0.28%	2	1	93	93	0.4999999999999138	1	1	199	153	1	0	+G
barcode06_consensus_vsearch	3201	G	G	353	0	0%	2	0	93	0	1.0	1	0	200	153	0	0	
barcode06_consensus_vsearch	3202	T	T	349	2	0.57%	2	2	93	93	0.24964336661915734	1	1	198	151	1	1	+G
barcode06_consensus_vsearch	3203	A	A	350	1	0.28%	2	1	93	93	0.4999999999999138	1	1	199	151	0	1	+T
barcode06_consensus_vsearch	3204	T	T	351	2	0.57%	2	2	93	93	0.24964539007068368	1	1	199	152	1	1	C
barcode06_consensus_vsearch	3205	T	T	346	3	0.85%	2	1	93	93	0.12446197991394273	1	1	195	151	3	0	+C
barcode06_consensus_vsearch	3206	C	C	350	1	0.28%	2	1	93	93	0.4999999999999138	1	1	200	150	0	1	-A
barcode06_consensus_vsearch	3207	A	R	345	7	1.99%	2	2	93	93	0.007580787381458834	1	1	197	148	3	4	G
barcode06_consensus_vsearch	3208	G	G	343	6	1.7%	2	2	93	93	0.015290188241060826	1	1	193	150	3	3	-T
barcode06_consensus_vsearch	3209	T	T	343	3	0.87%	2	2	93	93	0.124457308248865	1	1	194	149	2	1	C
barcode06_consensus_vsearch	3210	T	T	352	0	0%	2	0	93	0	1.0	1	0	199	153	0	0	
barcode06_consensus_vsearch	3211	T	T	350	2	0.57%	2	1	93	93	0.2496443812233433	1	1	200	150	0	2	C
barcode06_consensus_vsearch	3212	T	T	346	2	0.57%	2	1	93	93	0.2496402877699066	1	1	197	149	0	2	+A
barcode06_consensus_vsearch	3213	A	A	342	6	1.71%	2	2	93	93	0.015289228950998206	1	1	194	148	3	3	G
barcode06_consensus_vsearch	3214	T	T	343	3	0.85%	2	2	93	93	0.124457308248865	1	1	195	148	1	2	C
barcode06_consensus_vsearch	3215	G	G	349	1	0.28%	2	1	93	93	0.4999999999999138	1	1	196	153	1	0	+A
barcode06_consensus_vsearch	3216	A	A	345	6	1.7%	2	1	93	93	0.015292090471053536	1	1	193	152	6	0	+G
barcode06_consensus_vsearch	3217	G	G	348	3	0.85%	2	1	93	93	0.12446504992864586	1	1	195	153	3	0	A
barcode06_consensus_vsearch	3218	G	G	348	2	0.57%	2	2	93	93	0.2496423462086995	1	1	196	152	1	1	-TA
barcode06_consensus_vsearch	3219	T	T	338	5	1.42%	2	1	93	93	0.03079479753340632	1	1	193	145	0	5	+A
barcode06_consensus_vsearch	3220	A	A	342	3	0.86%	2	2	93	93	0.12445573294627689	1	1	195	147	1	2	G
barcode06_consensus_vsearch	3221	A	A	350	1	0.28%	2	1	93	93	0.4999999999999138	1	1	199	151	1	0	C
barcode06_consensus_vsearch	3222	A	A	348	3	0.85%	2	2	93	93	0.12446504992864586	1	1	197	151	2	1	G
barcode06_consensus_vsearch	3223	G	G	347	4	1.13%	2	1	93	93	0.06196543258251349	1	1	199	148	0	4	-C
barcode06_consensus_vsearch	3224	C	C	343	4	1.15%	2	2	93	93	0.06195926601136401	1	1	196	147	3	1	+A
barcode06_consensus_vsearch	3225	G	G	350	2	0.57%	2	1	93	93	0.2496443812233433	1	1	198	152	2	0	-A
barcode06_consensus_vsearch	3226	A	A	347	3	0.86%	2	2	93	93	0.12446351931328528	1	1	196	151	2	1	G
barcode06_consensus_vsearch	3227	A	A	349	2	0.57%	2	2	93	93	0.24964336661915734	1	1	199	150	1	1	G
barcode06_consensus_vsearch	3228	T	T	342	6	1.7%	2	2	93	93	0.015289228950998206	1	1	198	144	2	4	C
barcode06_consensus_vsearch	3229	G	G	349	1	0.28%	2	1	93	93	0.4999999999999138	1	1	199	150	0	1	+CAGG
barcode06_consensus_vsearch	3230	A	A	346	3	0.85%	2	2	93	93	0.12446197991394273	1	1	196	150	2	1	+T
barcode06_consensus_vsearch	3231	T	T	352	1	0.28%	2	1	93	93	0.4999999999999138	1	1	199	153	1	0	+GC
barcode06_consensus_vsearch	3232	T	T	346	3	0.85%	2	1	93	93	0.12446197991394273	1	1	193	153	3	0	+A
barcode06_consensus_vsearch	3233	A	*/-G	309	26	7.41%	2	2	93	93	8.998347731214607E-9	1	1	195	114	2	24	-G
barcode06_consensus_vsearch	3234	G	G	325	1	0.31%	2	1	93	93	0.4999999999999138	1	1	197	128	1	0	+A
barcode06_consensus_vsearch	3235	G	G	351	1	0.28%	2	1	93	93	0.4999999999999138	1	1	199	152	1	0	A
barcode06_consensus_vsearch	3236	G	G	351	1	0.28%	2	1	93	93	0.4999999999999138	1	1	199	152	0	1	+A
barcode06_consensus_vsearch	3237	A	A	346	3	0.85%	2	2	93	93	0.12446197991394273	1	1	197	149	1	2	G
barcode06_consensus_vsearch	3238	C	C	350	2	0.57%	2	1	93	93	0.2496443812233433	1	1	200	150	0	2	-T
barcode06_consensus_vsearch	3239	T	T	342	4	1.14%	2	2	93	93	0.06195770207455419	1	1	195	147	3	1	+C
barcode06_consensus_vsearch	3240	C	*/-G	285	32	9.12%	2	2	93	93	1.021763287315893E-10	1	1	160	125	15	17	-G
barcode06_consensus_vsearch	3241	G	R	287	25	7.89%	2	2	93	93	1.8065974870947228E-8	1	1	158	129	24	1	A
barcode06_consensus_vsearch	3242	G	G	343	6	1.72%	2	2	93	93	0.015290188241060826	1	1	195	148	4	2	A
barcode06_consensus_vsearch	3243	G	G	346	5	1.42%	2	2	93	93	0.03080516490845092	1	1	198	148	2	3	A
barcode06_consensus_vsearch	3244	G	G	348	4	1.13%	2	2	93	93	0.06196695231151725	1	1	198	150	1	3	A
barcode06_consensus_vsearch	3245	G	G	348	3	0.85%	2	2	93	93	0.12446504992864586	1	1	198	150	1	2	A
barcode06_consensus_vsearch	3246	C	C	344	2	0.57%	2	2	93	93	0.2496382054993181	1	1	196	148	1	1	-G
barcode06_consensus_vsearch	3247	G	G	344	2	0.57%	2	1	93	93	0.2496382054993181	1	1	194	150	2	0	A
barcode06_consensus_vsearch	3248	C	*/+T	336	8	2.28%	2	2	93	93	0.0037487813407406246	1	1	193	143	2	6	+T
barcode06_consensus_vsearch	3249	T	Y	339	11	3.12%	2	1	93	93	4.5084364289619004E-4	1	1	199	140	0	11	C
barcode06_consensus_vsearch	3250	A	A	345	3	0.85%	2	1	93	93	0.12446043165476364	1	1	196	149	0	3	+G
barcode06_consensus_vsearch	3251	T	T	343	6	1.7%	2	1	93	93	0.015290188241060826	1	1	192	151	6	0	-A
barcode06_consensus_vsearch	3252	A	A	346	0	0%	2	0	93	0	1.0	1	0	194	152	0	0	
barcode06_consensus_vsearch	3253	T	T	343	6	1.7%	2	1	93	93	0.015290188241060826	1	1	192	151	6	0	G
barcode06_consensus_vsearch	3254	T	T	353	0	0%	2	0	93	0	1.0	1	0	200	153	0	0	
barcode06_consensus_vsearch	3255	G	G	350	1	0.28%	2	1	93	93	0.4999999999999138	1	1	198	152	0	1	+C
barcode06_consensus_vsearch	3256	C	C	350	1	0.28%	2	1	93	93	0.4999999999999138	1	1	198	152	1	0	+G
barcode06_consensus_vsearch	3257	C	C	350	2	0.57%	2	1	93	93	0.2496443812233433	1	1	198	152	2	0	-T
barcode06_consensus_vsearch	3258	T	T	349	1	0.28%	2	1	93	93	0.4999999999999138	1	1	196	153	1	0	+G
barcode06_consensus_vsearch	3259	T	T	348	3	0.85%	2	2	93	93	0.12446504992864586	1	1	198	150	1	2	C
barcode06_consensus_vsearch	3260	C	C	351	1	0.28%	2	1	93	93	0.4999999999999138	1	1	200	151	0	1	+T
barcode06_consensus_vsearch	3261	A	A	349	2	0.57%	2	2	93	93	0.24964336661915734	1	1	197	152	1	1	C
barcode06_consensus_vsearch	3262	T	T	344	4	1.14%	2	1	93	93	0.061960820953638154	1	1	193	151	4	0	-C
barcode06_consensus_vsearch	3263	C	C	348	1	0.29%	2	1	93	93	0.4999999999999138	1	1	195	153	1	0	+T
barcode06_consensus_vsearch	3264	C	C	352	1	0.28%	2	1	93	93	0.4999999999999138	1	1	199	153	1	0	G
barcode06_consensus_vsearch	3265	A	A	349	1	0.28%	2	1	93	93	0.4999999999999138	1	1	197	152	0	1	+T
barcode06_consensus_vsearch	3266	T	T	352	0	0%	2	0	93	0	1.0	1	0	199	153	0	0	
barcode06_consensus_vsearch	3267	T	T	352	1	0.28%	2	1	93	93	0.4999999999999138	1	1	199	153	1	0	C
barcode06_consensus_vsearch	3268	C	C	351	2	0.57%	2	2	93	93	0.24964539007068368	1	1	199	152	1	1	-TC
barcode06_consensus_vsearch	3269	T	T	349	1	0.28%	2	1	93	93	0.4999999999999138	1	1	198	151	0	1	+C
barcode06_consensus_vsearch	3270	C	C	348	1	0.28%	2	1	93	93	0.4999999999999138	1	1	197	151	0	1	+TC
barcode06_consensus_vsearch	3271	A	A	350	2	0.57%	2	2	93	93	0.2496443812233433	1	1	198	152	1	1	G
barcode06_consensus_vsearch	3272	A	A	351	2	0.57%	2	2	93	93	0.24964539007068368	1	1	199	152	1	1	G
barcode06_consensus_vsearch	3273	A	A	351	1	0.28%	2	1	93	93	0.4999999999999138	1	1	199	152	0	1	C
barcode06_consensus_vsearch	3274	C	C	341	6	1.7%	2	2	93	93	0.015288264148254961	1	1	194	147	5	1	-T
barcode06_consensus_vsearch	3275	T	T	344	2	0.58%	2	1	93	93	0.2496382054993181	1	1	192	152	2	0	C
barcode06_consensus_vsearch	3276	T	T	352	1	0.28%	2	1	93	93	0.4999999999999138	1	1	199	153	1	0	A
barcode06_consensus_vsearch	3277	T	T	346	3	0.85%	2	1	93	93	0.12446197991394273	1	1	199	147	0	3	+A
barcode06_consensus_vsearch	3278	A	A	350	1	0.28%	2	1	93	93	0.4999999999999138	1	1	200	150	0	1	G
barcode06_consensus_vsearch	3279	A	A	351	1	0.28%	2	1	93	93	0.4999999999999138	1	1	199	152	1	0	+GC
barcode06_consensus_vsearch	3280	A	A	351	1	0.28%	2	1	93	93	0.4999999999999138	1	1	198	153	1	0	+T
barcode06_consensus_vsearch	3281	T	T	348	2	0.57%	2	1	93	93	0.2496423462086995	1	1	197	151	2	0	-AT
barcode06_consensus_vsearch	3282	A	A	349	1	0.28%	2	1	93	93	0.4999999999999138	1	1	196	153	1	0	+C
barcode06_consensus_vsearch	3283	T	T	347	1	0.28%	2	1	93	93	0.4999999999999138	1	1	195	152	1	0	+A
barcode06_consensus_vsearch	3284	G	G	348	2	0.57%	2	1	93	93	0.2496423462086995	1	1	196	152	2	0	A
barcode06_consensus_vsearch	3285	T	*/-A	334	10	2.85%	2	1	93	93	9.138933286702405E-4	1	1	182	152	10	0	-A
barcode06_consensus_vsearch	3286	A	A	338	1	0.29%	2	1	93	93	0.4999999999999138	1	1	185	153	1	0	+G
barcode06_consensus_vsearch	3287	A	*/-GA	338	7	2.01%	2	2	93	93	0.007576113653235487	1	1	186	152	6	1	-GA
barcode06_consensus_vsearch	3288	G	G	336	4	1.17%	2	1	93	93	0.06194812512106263	1	1	184	152	4	0	-AAG
barcode06_consensus_vsearch	3289	A	A	339	1	0.29%	2	1	93	93	0.5000000000003686	1	1	189	150	0	1	C
barcode06_consensus_vsearch	3290	A	A	346	3	0.86%	2	2	93	93	0.12446197991394273	1	1	194	152	2	1	G
barcode06_consensus_vsearch	3291	G	G	340	5	1.43%	2	2	93	93	0.030797434418565302	1	1	191	149	2	3	-C
barcode06_consensus_vsearch	3292	C	C	345	1	0.29%	2	1	93	93	0.4999999999999138	1	1	198	147	0	1	+GC
barcode06_consensus_vsearch	3293	C	C	348	2	0.57%	2	1	93	93	0.2496423462086995	1	1	199	149	0	2	+T
barcode06_consensus_vsearch	3294	C	*/-T	335	11	3.12%	2	1	93	93	4.50421630407793E-4	1	1	199	136	0	11	-T
barcode06_consensus_vsearch	3295	T	T	338	2	0.59%	2	1	93	93	0.24963181148734975	1	1	200	138	0	2	+CT
barcode06_consensus_vsearch	3296	T	Y	344	7	1.99%	2	2	93	93	0.007580131052467943	1	1	197	147	3	4	C
barcode06_consensus_vsearch	3297	G	G	352	1	0.28%	2	1	93	93	0.4999999999999138	1	1	200	152	0	1	+TT
barcode06_consensus_vsearch	3298	T	T	347	3	0.85%	2	1	93	93	0.12446351931328528	1	1	198	149	0	3	C
barcode06_consensus_vsearch	3299	C	C	347	5	1.42%	2	1	93	93	0.030806427720592423	1	1	194	153	5	0	+A
barcode06_consensus_vsearch	3300	G	G	349	3	0.85%	2	1	93	93	0.12446657183497908	1	1	196	153	3	0	A
barcode06_consensus_vsearch	3301	C	C	349	4	1.13%	2	1	93	93	0.06196846342422332	1	1	196	153	4	0	-TT
barcode06_consensus_vsearch	3302	T	T	345	3	0.86%	2	1	93	93	0.12446043165476364	1	1	193	152	3	0	C
barcode06_consensus_vsearch	3303	T	T	340	5	1.43%	2	2	93	93	0.030797434418565302	1	1	190	150	4	1	C
barcode06_consensus_vsearch	3304	A	A	351	0	0%	2	0	93	0	1.0	1	0	199	152	0	0	
barcode06_consensus_vsearch	3305	A	A	352	1	0.28%	2	1	93	93	0.4999999999999138	1	1	199	153	1	0	G
barcode06_consensus_vsearch	3306	T	T	351	1	0.28%	2	1	93	93	0.4999999999999138	1	1	198	153	1	0	A
barcode06_consensus_vsearch	3307	T	*/-G	329	21	5.95%	2	1	93	93	3.500505486490111E-7	1	1	198	131	0	21	-G
barcode06_consensus_vsearch	3308	G	G	331	1	0.3%	2	1	93	93	0.4999999999999138	1	1	199	132	1	0	A
barcode06_consensus_vsearch	3309	G	G	353	0	0%	2	0	93	0	1.0	1	0	200	153	0	0	
barcode06_consensus_vsearch	3310	A	A	352	1	0.28%	2	1	93	93	0.4999999999999138	1	1	200	152	0	1	+T
barcode06_consensus_vsearch	3311	C	C	352	1	0.28%	2	1	93	93	0.4999999999999138	1	1	200	152	0	1	-G
barcode06_consensus_vsearch	3312	G	G	345	3	0.85%	2	1	93	93	0.12446043165476364	1	1	196	149	0	3	-TG
barcode06_consensus_vsearch	3313	T	T	340	6	1.71%	2	1	93	93	0.015287293785191516	1	1	198	142	0	6	+G
barcode06_consensus_vsearch	3314	G	R	341	8	2.29%	2	2	93	93	0.0037510159980200415	1	1	199	142	1	7	A
barcode06_consensus_vsearch	3315	G	R	345	8	2.27%	2	2	93	93	0.0037527585760722872	1	1	199	146	1	7	A
barcode06_consensus_vsearch	3316	G	G	352	1	0.28%	2	1	93	93	0.4999999999999138	1	1	199	153	1	0	A
barcode06_consensus_vsearch	3317	C	Y	341	11	3.12%	2	1	93	93	4.510511424149823E-4	1	1	199	142	0	11	T
barcode06_consensus_vsearch	3318	A	A	350	1	0.28%	2	1	93	93	0.4999999999999138	1	1	199	151	0	1	+T
barcode06_consensus_vsearch	3319	T	*/+C	344	7	1.99%	2	1	93	93	0.007580131052467943	1	1	199	145	0	7	+C
barcode06_consensus_vsearch	3320	T	*/-C	344	7	1.98%	2	1	93	93	0.007580131052467943	1	1	198	146	0	7	-C
barcode06_consensus_vsearch	3321	C	*/+A	310	33	9.54%	2	1	93	93	5.1876929579876975E-11	1	1	166	144	33	0	+A
barcode06_consensus_vsearch	3322	G	*/-A	322	30	8.52%	2	1	93	93	4.885677663586868E-10	1	1	169	153	30	0	-A
barcode06_consensus_vsearch	3323	A	A	317	4	1.24%	2	1	93	93	0.061915434363882686	1	1	164	153	4	0	+T
barcode06_consensus_vsearch	3324	A	A	351	2	0.57%	2	1	93	93	0.24964539007068368	1	1	198	153	2	0	G
barcode06_consensus_vsearch	3325	T	*/-GT	331	17	4.82%	2	1	93	93	6.245378648847504E-6	1	1	179	152	17	0	-GT
barcode06_consensus_vsearch	3326	G	G	331	1	0.3%	2	1	93	93	0.4999999999999138	1	1	179	152	1	0	+C
barcode06_consensus_vsearch	3327	T	T	328	4	1.19%	2	1	93	93	0.06193481698519814	1	1	177	151	4	0	-AT
barcode06_consensus_vsearch	3328	A	A	347	1	0.29%	2	1	93	93	0.4999999999999138	1	1	194	153	1	0	G
barcode06_consensus_vsearch	3329	T	T	344	4	1.15%	2	1	93	93	0.061960820953638154	1	1	191	153	4	0	+C
barcode06_consensus_vsearch	3330	C	C	350	1	0.28%	2	1	93	93	0.4999999999999138	1	1	198	152	1	0	-A
barcode06_consensus_vsearch	3331	A	A	347	2	0.57%	2	1	93	93	0.24964131994254463	1	1	195	152	2	0	C
barcode06_consensus_vsearch	3332	A	A	343	6	1.7%	2	2	93	93	0.015290188241060826	1	1	194	149	5	1	G
barcode06_consensus_vsearch	3333	C	C	343	3	0.86%	2	1	93	93	0.124457308248865	1	1	193	150	3	0	-AC
barcode06_consensus_vsearch	3334	A	A	344	3	0.86%	2	1	93	93	0.12445887445888035	1	1	192	152	3	0	G
barcode06_consensus_vsearch	3335	C	C	342	3	0.86%	2	2	93	93	0.12445573294627689	1	1	193	149	1	2	+T
barcode06_consensus_vsearch	3336	T	T	346	2	0.57%	2	1	93	93	0.2496402877699066	1	1	195	151	0	2	C
barcode06_consensus_vsearch	3337	A	A	348	2	0.57%	2	2	93	93	0.2496423462086995	1	1	196	152	1	1	-G
barcode06_consensus_vsearch	3338	G	G	346	3	0.85%	2	1	93	93	0.12446197991394273	1	1	198	148	0	3	-TG
barcode06_consensus_vsearch	3339	T	T	347	1	0.29%	2	1	93	93	0.4999999999999138	1	1	199	148	0	1	+G
barcode06_consensus_vsearch	3340	G	G	347	2	0.57%	2	2	93	93	0.24964131994254463	1	1	199	148	1	1	A
barcode06_consensus_vsearch	3341	G	G	350	1	0.28%	2	1	93	93	0.4999999999999138	1	1	199	151	1	0	+AATAT
barcode06_consensus_vsearch	3342	G	G	351	1	0.28%	2	1	93	93	0.4999999999999138	1	1	198	153	1	0	A
barcode06_consensus_vsearch	3343	C	C	352	1	0.28%	2	1	93	93	0.4999999999999138	1	1	199	153	1	0	A
barcode06_consensus_vsearch	3344	C	C	352	1	0.28%	2	1	93	93	0.4999999999999138	1	1	199	153	1	0	+G
barcode06_consensus_vsearch	3345	A	*/-T	308	24	6.8%	2	2	93	93	3.8734230935926814E-8	1	1	169	139	19	5	-T
barcode06_consensus_vsearch	3346	T	T	323	2	0.61%	2	2	93	93	0.24961479198738026	1	1	178	145	1	1	+AT
barcode06_consensus_vsearch	3347	T	T	347	2	0.57%	2	1	93	93	0.24964131994254463	1	1	196	151	2	0	C
barcode06_consensus_vsearch	3348	T	T	351	1	0.28%	2	1	93	93	0.4999999999999138	1	1	199	152	1	0	C
barcode06_consensus_vsearch	3349	T	T	351	2	0.57%	2	1	93	93	0.24964539007068368	1	1	198	153	2	0	A
barcode06_consensus_vsearch	3350	T	*/-G	339	9	2.55%	2	1	93	93	0.0018534814134889795	1	1	196	143	0	9	-G
barcode06_consensus_vsearch	3351	G	G	339	3	0.87%	2	1	93	93	0.12445095168370475	1	1	196	143	3	0	A
barcode06_consensus_vsearch	3352	G	G	343	4	1.14%	2	1	93	93	0.06195926601136401	1	1	196	147	0	4	-T
barcode06_consensus_vsearch	3353	T	T	332	6	1.73%	2	2	93	93	0.015279324804800912	1	1	192	140	1	5	C
barcode06_consensus_vsearch	3354	A	A	337	5	1.44%	2	2	93	93	0.030793467534351974	1	1	196	141	2	3	G
barcode06_consensus_vsearch	3355	A	A	345	4	1.14%	2	2	93	93	0.061962366978748344	1	1	199	146	1	3	G
barcode06_consensus_vsearch	3356	G	G	343	2	0.57%	2	1	93	93	0.24963715529753122	1	1	197	146	0	2	+T
barcode06_consensus_vsearch	3357	C	C	341	5	1.42%	2	2	93	93	0.03079874143819971	1	1	195	146	1	4	T
barcode06_consensus_vsearch	3358	A	A	348	1	0.28%	2	1	93	93	0.4999999999999138	1	1	198	150	0	1	+T
barcode06_consensus_vsearch	3359	G	G	350	1	0.28%	2	1	93	93	0.4999999999999138	1	1	198	152	1	0	A
barcode06_consensus_vsearch	3360	A	A	351	1	0.28%	2	1	93	93	0.4999999999999138	1	1	198	153	1	0	+C
barcode06_consensus_vsearch	3361	A	A	347	4	1.13%	2	2	93	93	0.06196543258251349	1	1	196	151	3	1	G
barcode06_consensus_vsearch	3362	C	C	345	6	1.7%	2	2	93	93	0.015292090471053536	1	1	195	150	4	2	-T
barcode06_consensus_vsearch	3363	T	T	344	1	0.29%	2	1	93	93	0.4999999999999138	1	1	195	149	0	1	+GG
barcode06_consensus_vsearch	3364	G	G	346	4	1.14%	2	1	93	93	0.06196390416311995	1	1	194	152	4	0	A
barcode06_consensus_vsearch	3365	G	G	352	0	0%	2	0	93	0	1.0	1	0	199	153	0	0	
barcode06_consensus_vsearch	3366	C	C	349	2	0.57%	2	2	93	93	0.24964336661915734	1	1	197	152	1	1	T
barcode06_consensus_vsearch	3367	G	G	346	5	1.42%	2	1	93	93	0.03080516490845092	1	1	194	152	5	0	-A
barcode06_consensus_vsearch	3368	A	A	345	1	0.29%	2	1	93	93	0.4999999999999138	1	1	193	152	1	0	+CG
barcode06_consensus_vsearch	3369	T	T	347	4	1.14%	2	2	93	93	0.06196543258251349	1	1	196	151	3	1	C
barcode06_consensus_vsearch	3370	G	G	346	4	1.14%	2	2	93	93	0.06196390416311995	1	1	196	150	3	1	-CG
barcode06_consensus_vsearch	3371	C	*/-G	329	11	3.16%	2	2	93	93	4.497704755708121E-4	1	1	194	135	1	10	-G
barcode06_consensus_vsearch	3372	G	R	316	18	5.37%	2	1	93	93	3.0150891587412055E-6	1	1	178	138	18	0	A
barcode06_consensus_vsearch	3373	G	G	346	2	0.57%	2	1	93	93	0.2496402877699066	1	1	197	149	2	0	A
barcode06_consensus_vsearch	3374	G	G	350	1	0.28%	2	1	93	93	0.4999999999999138	1	1	198	152	1	0	-A
barcode06_consensus_vsearch	3375	A	A	352	0	0%	2	0	93	0	1.0	1	0	199	153	0	0	
barcode06_consensus_vsearch	3376	T	T	346	2	0.57%	2	1	93	93	0.2496402877699066	1	1	195	151	2	0	+A
barcode06_consensus_vsearch	3377	G	G	347	2	0.57%	2	1	93	93	0.24964131994254463	1	1	196	151	2	0	-A
barcode06_consensus_vsearch	3378	A	A	350	1	0.28%	2	1	93	93	0.4999999999999138	1	1	197	153	1	0	G
barcode06_consensus_vsearch	3379	A	A	341	5	1.42%	2	2	93	93	0.03079874143819971	1	1	192	149	2	3	G
barcode06_consensus_vsearch	3380	C	C	350	1	0.28%	2	1	93	93	0.4999999999999138	1	1	198	152	0	1	+TCT
barcode06_consensus_vsearch	3381	C	Y	339	12	3.4%	2	2	93	93	2.2188453181032854E-4	1	1	199	140	1	11	T
barcode06_consensus_vsearch	3382	G	G	352	1	0.28%	2	1	93	93	0.4999999999999138	1	1	200	152	0	1	A
barcode06_consensus_vsearch	3383	A	A	351	1	0.28%	2	1	93	93	0.4999999999999138	1	1	198	153	1	0	G
barcode06_consensus_vsearch	3384	A	A	350	2	0.57%	2	2	93	93	0.2496443812233433	1	1	199	151	1	1	G
barcode06_consensus_vsearch	3385	C	C	351	1	0.28%	2	1	93	93	0.4999999999999138	1	1	199	152	0	1	+G
barcode06_consensus_vsearch	3386	G	G	348	2	0.57%	2	1	93	93	0.2496423462086995	1	1	196	152	2	0	-CG
barcode06_consensus_vsearch	3387	C	C	346	1	0.28%	2	1	93	93	0.4999999999999138	1	1	196	150	1	0	+ACTT
barcode06_consensus_vsearch	3388	G	G	343	4	1.14%	2	1	93	93	0.06195926601136401	1	1	192	151	4	0	-AG
barcode06_consensus_vsearch	3389	A	*/-G	333	10	2.88%	2	2	93	93	9.137141362428344E-4	1	1	182	151	9	1	-G
barcode06_consensus_vsearch	3390	G	G	337	1	0.29%	2	1	93	93	0.5000000000003686	1	1	187	150	0	1	A
barcode06_consensus_vsearch	3391	G	G	351	1	0.28%	2	1	93	93	0.4999999999999138	1	1	198	153	1	0	+AG
barcode06_consensus_vsearch	3392	T	T	347	5	1.42%	2	1	93	93	0.030806427720592423	1	1	199	148	0	5	C
barcode06_consensus_vsearch	3393	T	*/-A	334	11	3.12%	2	2	93	93	4.503146372766761E-4	1	1	184	150	9	2	-A
barcode06_consensus_vsearch	3394	A	A	338	1	0.29%	2	1	93	93	0.4999999999999138	1	1	190	148	0	1	+C
barcode06_consensus_vsearch	3395	A	A	346	3	0.85%	2	1	93	93	0.12446197991394273	1	1	199	147	0	3	T
barcode06_consensus_vsearch	3396	G	G	347	3	0.85%	2	1	93	93	0.12446351931328528	1	1	198	149	0	3	T
barcode06_consensus_vsearch	3397	G	G	347	5	1.42%	2	2	93	93	0.030806427720592423	1	1	197	150	3	2	T
barcode06_consensus_vsearch	3398	T	T	347	2	0.57%	2	1	93	93	0.24964131994254463	1	1	199	148	0	2	-GC
barcode06_consensus_vsearch	3399	G	G	339	4	1.15%	2	1	93	93	0.06195295550973475	1	1	193	146	4	0	-C
barcode06_consensus_vsearch	3400	C	C	341	1	0.29%	2	1	93	93	0.4999999999999138	1	1	195	146	0	1	A
barcode06_consensus_vsearch	3401	C	C	331	6	1.71%	2	2	93	93	0.015278302160745846	1	1	185	146	5	1	+A
barcode06_consensus_vsearch	3402	A	*/-G	326	9	2.61%	2	1	93	93	0.001849670331098783	1	1	182	144	9	0	-G
barcode06_consensus_vsearch	3403	G	G	334	5	1.46%	2	1	93	93	0.030789430493984415	1	1	182	152	5	0	-A
barcode06_consensus_vsearch	3404	A	A	342	2	0.58%	2	1	93	93	0.24963609898113429	1	1	189	153	2	0	G
barcode06_consensus_vsearch	3405	G	G	349	1	0.28%	2	1	93	93	0.4999999999999138	1	1	197	152	1	0	+C
barcode06_consensus_vsearch	3406	T	T	347	2	0.57%	2	1	93	93	0.24964131994254463	1	1	196	151	2	0	+A
barcode06_consensus_vsearch	3407	A	A	345	2	0.57%	2	1	93	93	0.24963924963931935	1	1	194	151	2	0	-G
barcode06_consensus_vsearch	3408	G	G	349	1	0.29%	2	1	93	93	0.4999999999999138	1	1	197	152	1	0	+A
barcode06_consensus_vsearch	3409	A	A	348	4	1.13%	2	2	93	93	0.06196695231151725	1	1	197	151	2	2	G
barcode06_consensus_vsearch	3410	C	C	349	3	0.85%	2	1	93	93	0.12446657183497908	1	1	197	152	3	0	+A
barcode06_consensus_vsearch	3411	G	G	346	3	0.85%	2	1	93	93	0.12446197991394273	1	1	196	150	3	0	A
barcode06_consensus_vsearch	3412	C	C	349	2	0.57%	2	2	93	93	0.24964336661915734	1	1	199	150	1	1	+A
barcode06_consensus_vsearch	3413	T	T	353	0	0%	2	0	93	0	1.0	1	0	200	153	0	0	
barcode06_consensus_vsearch	3414	C	C	352	1	0.28%	2	1	93	93	0.4999999999999138	1	1	200	152	0	1	+A
barcode06_consensus_vsearch	3415	A	A	350	3	0.85%	2	2	93	93	0.12446808510622623	1	1	198	152	2	1	G
barcode06_consensus_vsearch	3416	T	T	342	5	1.42%	2	1	93	93	0.03080004093026935	1	1	191	151	5	0	+C
barcode06_consensus_vsearch	3417	C	C	350	1	0.28%	2	1	93	93	0.4999999999999138	1	1	198	152	1	0	+A
barcode06_consensus_vsearch	3418	A	A	347	3	0.85%	2	2	93	93	0.12446351931328528	1	1	198	149	2	1	G
barcode06_consensus_vsearch	3419	G	G	352	0	0%	2	0	93	0	1.0	1	0	200	152	0	0	
barcode06_consensus_vsearch	3420	A	A	350	2	0.57%	2	1	93	93	0.2496443812233433	1	1	197	153	2	0	G
barcode06_consensus_vsearch	3421	C	C	347	2	0.57%	2	1	93	93	0.24964131994254463	1	1	197	150	0	2	-A
barcode06_consensus_vsearch	3422	A	A	346	1	0.29%	2	1	93	93	0.4999999999999138	1	1	197	149	0	1	+C
barcode06_consensus_vsearch	3423	C	C	348	1	0.29%	2	1	93	93	0.4999999999999138	1	1	198	150	0	1	+TG
barcode06_consensus_vsearch	3424	C	C	352	1	0.28%	2	1	93	93	0.4999999999999138	1	1	199	153	1	0	T
barcode06_consensus_vsearch	3425	A	A	340	5	1.42%	2	1	93	93	0.030797434418565302	1	1	194	146	0	5	-CA
barcode06_consensus_vsearch	3426	C	*/-A	273	42	12.1%	2	2	93	93	5.25801896024351E-14	1	1	138	135	36	6	-A
barcode06_consensus_vsearch	3427	A	A	295	1	0.34%	2	1	93	93	0.5000000000003686	1	1	156	139	1	0	C
barcode06_consensus_vsearch	3428	A	A	341	1	0.29%	2	1	93	93	0.4999999999999138	1	1	192	149	1	0	C
barcode06_consensus_vsearch	3429	A	A	351	0	0%	2	0	93	0	1.0	1	0	200	151	0	0	
barcode06_consensus_vsearch	3430	A	A	346	4	1.14%	2	2	93	93	0.06196390416311995	1	1	197	149	3	1	G
barcode06_consensus_vsearch	3431	G	G	350	1	0.28%	2	1	93	93	0.4999999999999138	1	1	200	150	0	1	+T
barcode06_consensus_vsearch	3432	G	G	351	1	0.28%	2	1	93	93	0.4999999999999138	1	1	199	152	1	0	A
barcode06_consensus_vsearch	3433	T	T	347	4	1.14%	2	2	93	93	0.06196543258251349	1	1	198	149	1	3	C
barcode06_consensus_vsearch	3434	G	G	351	1	0.28%	2	1	93	93	0.4999999999999138	1	1	200	151	0	1	-T
barcode06_consensus_vsearch	3435	T	T	351	1	0.28%	2	1	93	93	0.4999999999999138	1	1	200	151	0	1	C
barcode06_consensus_vsearch	3436	T	T	347	2	0.57%	2	1	93	93	0.24964131994254463	1	1	195	152	2	0	+G
barcode06_consensus_vsearch	3437	A	A	346	3	0.85%	2	2	93	93	0.12446197991394273	1	1	195	151	2	1	G
barcode06_consensus_vsearch	3438	G	G	349	2	0.57%	2	1	93	93	0.24964336661915734	1	1	197	152	2	0	T
barcode06_consensus_vsearch	3439	T	T	349	1	0.28%	2	1	93	93	0.4999999999999138	1	1	200	149	0	1	+A
barcode06_consensus_vsearch	3440	A	A	350	2	0.57%	2	1	93	93	0.2496443812233433	1	1	198	152	2	0	G
barcode06_consensus_vsearch	3441	C	C	352	1	0.28%	2	1	93	93	0.4999999999999138	1	1	200	152	0	1	G
barcode06_consensus_vsearch	3442	A	A	345	4	1.13%	2	2	93	93	0.061962366978748344	1	1	196	149	2	2	G
barcode06_consensus_vsearch	3443	T	T	349	2	0.57%	2	2	93	93	0.24964336661915734	1	1	199	150	1	1	C
barcode06_consensus_vsearch	3444	C	*/-T	342	8	2.27%	2	2	93	93	0.0037514553409778158	1	1	195	147	4	4	-T
barcode06_consensus_vsearch	3445	T	T	344	0	0%	2	0	93	0	1.0	1	0	195	149	0	0	
barcode06_consensus_vsearch	3446	T	T	338	6	1.7%	2	1	93	93	0.01528533618469065	1	1	197	141	0	6	+G
barcode06_consensus_vsearch	3447	G	G	349	2	0.57%	2	1	93	93	0.24964336661915734	1	1	196	153	2	0	-A
barcode06_consensus_vsearch	3448	A	A	345	2	0.57%	2	1	93	93	0.24963924963931935	1	1	194	151	2	0	+G
barcode06_consensus_vsearch	3449	C	C	349	1	0.28%	2	1	93	93	0.4999999999999138	1	1	197	152	1	0	+A
barcode06_consensus_vsearch	3450	A	A	348	3	0.85%	2	2	93	93	0.12446504992864586	1	1	197	151	2	1	G
barcode06_consensus_vsearch	3451	G	R	317	28	7.93%	2	1	93	93	2.1052098632556073E-9	1	1	166	151	28	0	A
barcode06_consensus_vsearch	3452	C	C	344	2	0.57%	2	2	93	93	0.2496382054993181	1	1	193	151	1	1	+A
barcode06_consensus_vsearch	3453	A	R	329	14	4.03%	2	1	93	93	5.3310059266825466E-5	1	1	179	150	14	0	G
barcode06_consensus_vsearch	3454	G	G	346	1	0.29%	2	1	93	93	0.4999999999999138	1	1	196	150	0	1	+T
barcode06_consensus_vsearch	3455	G	G	352	1	0.28%	2	1	93	93	0.4999999999999138	1	1	199	153	1	0	-A
barcode06_consensus_vsearch	3456	A	A	351	1	0.28%	2	1	93	93	0.4999999999999138	1	1	198	153	1	0	+C
barcode06_consensus_vsearch	3457	C	C	349	2	0.57%	2	2	93	93	0.24964336661915734	1	1	198	151	1	1	+T
barcode06_consensus_vsearch	3458	G	G	345	6	1.7%	2	2	93	93	0.015292090471053536	1	1	195	150	5	1	A
barcode06_consensus_vsearch	3459	G	G	349	1	0.28%	2	1	93	93	0.4999999999999138	1	1	199	150	0	1	+C
barcode06_consensus_vsearch	3460	T	T	347	1	0.28%	2	1	93	93	0.4999999999999138	1	1	199	148	0	1	+G
barcode06_consensus_vsearch	3461	G	G	350	0	0%	2	0	93	0	1.0	1	0	200	150	0	0	
barcode06_consensus_vsearch	3462	G	G	349	1	0.28%	2	1	93	93	0.4999999999999138	1	1	199	150	1	0	+C
barcode06_consensus_vsearch	3463	C	C	349	2	0.57%	2	1	93	93	0.24964336661915734	1	1	200	149	0	2	T
barcode06_consensus_vsearch	3464	C	C	350	2	0.57%	2	2	93	93	0.2496443812233433	1	1	199	151	1	1	T
barcode06_consensus_vsearch	3465	A	A	349	1	0.28%	2	1	93	93	0.4999999999999138	1	1	200	149	0	1	+T
barcode06_consensus_vsearch	3466	T	T	341	5	1.43%	2	2	93	93	0.03079874143819971	1	1	197	144	2	3	-G
barcode06_consensus_vsearch	3467	G	G	343	1	0.29%	2	1	93	93	0.4999999999999138	1	1	197	146	0	1	A
barcode06_consensus_vsearch	3468	G	G	343	4	1.14%	2	2	93	93	0.06195926601136401	1	1	195	148	3	1	-A
barcode06_consensus_vsearch	3469	A	A	344	2	0.57%	2	1	93	93	0.2496382054993181	1	1	196	148	0	2	T
barcode06_consensus_vsearch	3470	A	A	346	5	1.42%	2	2	93	93	0.03080516490845092	1	1	195	151	4	1	G
barcode06_consensus_vsearch	3471	G	G	347	1	0.28%	2	1	93	93	0.4999999999999138	1	1	198	149	1	0	+A
barcode06_consensus_vsearch	3472	T	T	350	1	0.28%	2	1	93	93	0.4999999999999138	1	1	198	152	1	0	+C
barcode06_consensus_vsearch	3473	C	*/-G	342	8	2.27%	2	2	93	93	0.0037514553409778158	1	1	193	149	6	2	-G
barcode06_consensus_vsearch	3474	G	G	343	1	0.29%	2	1	93	93	0.4999999999999138	1	1	192	151	1	0	A
barcode06_consensus_vsearch	3475	G	G	352	1	0.28%	2	1	93	93	0.4999999999999138	1	1	199	153	1	0	-A
barcode06_consensus_vsearch	3476	A	A	351	1	0.28%	2	1	93	93	0.4999999999999138	1	1	198	153	1	0	T
barcode06_consensus_vsearch	3477	A	A	349	3	0.85%	2	2	93	93	0.12446657183497908	1	1	198	151	2	1	G
barcode06_consensus_vsearch	3478	T	T	345	5	1.42%	2	2	93	93	0.030803894885687386	1	1	195	150	4	1	+C
barcode06_consensus_vsearch	3479	C	C	352	0	0%	2	0	93	0	1.0	1	0	199	153	0	0	
barcode06_consensus_vsearch	3480	C	C	347	2	0.57%	2	1	93	93	0.24964131994254463	1	1	198	149	2	0	-G
barcode06_consensus_vsearch	3481	G	G	347	2	0.57%	2	1	93	93	0.24964131994254463	1	1	195	152	2	0	A
barcode06_consensus_vsearch	3482	C	C	342	3	0.85%	2	2	93	93	0.12445573294627689	1	1	196	146	1	2	T
barcode06_consensus_vsearch	3483	T	*/-A	328	16	4.57%	2	2	93	93	1.2764926855016624E-5	1	1	191	137	7	9	-A
barcode06_consensus_vsearch	3484	A	A	333	1	0.3%	2	1	93	93	0.4999999999999138	1	1	192	141	1	0	C
barcode06_consensus_vsearch	3485	A	A	343	5	1.42%	2	2	93	93	0.030801332959592774	1	1	197	146	3	2	G
barcode06_consensus_vsearch	3486	G	K	338	7	2%	2	1	93	93	0.007576113653235487	1	1	200	138	0	7	T
barcode06_consensus_vsearch	3487	G	G	350	1	0.28%	2	1	93	93	0.4999999999999138	1	1	199	151	1	0	-A
barcode06_consensus_vsearch	3488	A	A	350	1	0.28%	2	1	93	93	0.4999999999999138	1	1	198	152	0	1	+T
barcode06_consensus_vsearch	3489	C	C	349	4	1.13%	2	2	93	93	0.06196846342422332	1	1	197	152	3	1	-T
barcode06_consensus_vsearch	3490	T	Y	341	7	2.01%	2	2	93	93	0.007578139567014644	1	1	194	147	2	5	C
barcode06_consensus_vsearch	3491	G	G	351	2	0.57%	2	1	93	93	0.24964539007068368	1	1	198	153	2	0	-T
barcode06_consensus_vsearch	3492	T	T	343	6	1.71%	2	2	93	93	0.015290188241060826	1	1	196	147	1	5	-GT
barcode06_consensus_vsearch	3493	G	G	343	2	0.58%	2	1	93	93	0.24963715529753122	1	1	195	148	2	0	+C
barcode06_consensus_vsearch	3494	T	T	337	4	1.16%	2	2	93	93	0.061949744701114674	1	1	192	145	3	1	C
barcode06_consensus_vsearch	3495	A	A	351	0	0%	2	0	93	0	1.0	1	0	199	152	0	0	
barcode06_consensus_vsearch	3496	A	A	347	4	1.14%	2	2	93	93	0.06196543258251349	1	1	198	149	1	3	G
barcode06_consensus_vsearch	3497	C	C	349	1	0.28%	2	1	93	93	0.4999999999999138	1	1	197	152	1	0	-A
barcode06_consensus_vsearch	3498	A	A	347	3	0.86%	2	2	93	93	0.12446351931328528	1	1	197	150	1	2	G
barcode06_consensus_vsearch	3499	A	A	344	5	1.42%	2	2	93	93	0.03080261759027664	1	1	194	150	4	1	G
barcode06_consensus_vsearch	3500	C	C	348	1	0.28%	2	1	93	93	0.4999999999999138	1	1	198	150	1	0	+AAC
barcode06_consensus_vsearch	3501	T	T	350	1	0.28%	2	1	93	93	0.4999999999999138	1	1	200	150	0	1	C
barcode06_consensus_vsearch	3502	C	C	347	2	0.57%	2	1	93	93	0.24964131994254463	1	1	197	150	2	0	-AC
barcode06_consensus_vsearch	3503	A	A	342	2	0.57%	2	1	93	93	0.24963609898113429	1	1	192	150	2	0	+C
barcode06_consensus_vsearch	3504	C	C	343	2	0.57%	2	1	93	93	0.24963715529753122	1	1	193	150	2	0	+AC
barcode06_consensus_vsearch	3505	C	C	346	2	0.57%	2	1	93	93	0.2496402877699066	1	1	195	151	2	0	-TGCC
barcode06_consensus_vsearch	3506	T	T	346	3	0.85%	2	2	93	93	0.12446197991394273	1	1	196	150	1	2	C
barcode06_consensus_vsearch	3507	G	G	350	1	0.28%	2	1	93	93	0.4999999999999138	1	1	198	152	0	1	T
barcode06_consensus_vsearch	3508	C	C	349	1	0.28%	2	1	93	93	0.4999999999999138	1	1	196	153	1	0	+GC
barcode06_consensus_vsearch	3509	C	C	342	4	1.14%	2	1	93	93	0.06195770207455419	1	1	189	153	4	0	+A
barcode06_consensus_vsearch	3510	G	G	345	3	0.85%	2	1	93	93	0.12446043165476364	1	1	193	152	3	0	-A
barcode06_consensus_vsearch	3511	A	A	349	0	0%	2	0	93	0	1.0	1	0	196	153	0	0	
barcode06_consensus_vsearch	3512	A	A	348	2	0.57%	2	1	93	93	0.2496423462086995	1	1	195	153	2	0	G
barcode06_consensus_vsearch	3513	T	T	348	3	0.85%	2	2	93	93	0.12446504992864586	1	1	196	152	2	1	C
barcode06_consensus_vsearch	3514	G	G	349	1	0.28%	2	1	93	93	0.4999999999999138	1	1	197	152	0	1	-T
barcode06_consensus_vsearch	3515	T	T	348	2	0.57%	2	1	93	93	0.2496423462086995	1	1	198	150	2	0	C
barcode06_consensus_vsearch	3516	A	A	341	4	1.14%	2	1	93	93	0.06195612906494713	1	1	193	148	4	0	-C
barcode06_consensus_vsearch	3517	C	C	344	3	0.86%	2	1	93	93	0.12445887445888035	1	1	195	149	0	3	-T
barcode06_consensus_vsearch	3518	T	T	345	3	0.86%	2	2	93	93	0.12446043165476364	1	1	198	147	2	1	C
barcode06_consensus_vsearch	3519	A	A	350	2	0.57%	2	1	93	93	0.2496443812233433	1	1	199	151	0	2	+G
barcode06_consensus_vsearch	3520	G	G	346	4	1.13%	2	2	93	93	0.06196390416311995	1	1	195	151	2	2	+C
barcode06_consensus_vsearch	3521	C	C	348	1	0.29%	2	1	93	93	0.4999999999999138	1	1	197	151	0	1	+T
barcode06_consensus_vsearch	3522	C	C	352	1	0.28%	2	1	93	93	0.4999999999999138	1	1	200	152	0	1	+TC
barcode06_consensus_vsearch	3523	C	C	350	2	0.57%	2	1	93	93	0.2496443812233433	1	1	199	151	0	2	+T
barcode06_consensus_vsearch	3524	T	Y	341	8	2.27%	2	2	93	93	0.0037510159980200415	1	1	198	143	1	7	C
barcode06_consensus_vsearch	3525	G	*/-A	328	12	3.4%	2	1	93	93	2.2118757318803913E-4	1	1	199	129	0	12	-A
barcode06_consensus_vsearch	3526	A	A	339	1	0.29%	2	1	93	93	0.5000000000003686	1	1	199	140	1	0	+G
barcode06_consensus_vsearch	3527	A	A	353	0	0%	2	0	93	0	1.0	1	0	200	153	0	0	
barcode06_consensus_vsearch	3528	A	A	351	2	0.57%	2	2	93	93	0.24964539007068368	1	1	199	152	1	1	G
barcode06_consensus_vsearch	3529	A	A	352	1	0.28%	2	1	93	93	0.4999999999999138	1	1	200	152	0	1	G
barcode06_consensus_vsearch	3530	T	T	350	2	0.57%	2	2	93	93	0.2496443812233433	1	1	199	151	1	1	C
barcode06_consensus_vsearch	3531	G	G	350	1	0.28%	2	1	93	93	0.4999999999999138	1	1	199	151	1	0	A
barcode06_consensus_vsearch	3532	G	G	352	1	0.28%	2	1	93	93	0.4999999999999138	1	1	199	153	1	0	A
barcode06_consensus_vsearch	3533	A	A	349	3	0.85%	2	2	93	93	0.12446657183497908	1	1	198	151	1	2	G
barcode06_consensus_vsearch	3534	T	T	351	1	0.28%	2	1	93	93	0.4999999999999138	1	1	200	151	0	1	-G
barcode06_consensus_vsearch	3535	G	G	348	2	0.57%	2	2	93	93	0.2496423462086995	1	1	199	149	1	1	A
barcode06_consensus_vsearch	3536	G	G	352	1	0.28%	2	1	93	93	0.4999999999999138	1	1	200	152	0	1	A
barcode06_consensus_vsearch	3537	C	C	347	4	1.13%	2	2	93	93	0.06196543258251349	1	1	198	149	1	3	T
barcode06_consensus_vsearch	3538	G	G	349	2	0.57%	2	1	93	93	0.24964336661915734	1	1	198	151	2	0	A
barcode06_consensus_vsearch	3539	C	C	341	5	1.42%	2	1	93	93	0.03079874143819971	1	1	199	142	0	5	-T
barcode06_consensus_vsearch	3540	T	T	339	6	1.73%	2	2	93	93	0.015286317813602767	1	1	194	145	4	2	+C
barcode06_consensus_vsearch	3541	C	*/-A	331	12	3.42%	2	2	93	93	2.2138194180680858E-4	1	1	193	138	5	7	-A
barcode06_consensus_vsearch	3542	A	A	334	0	0%	2	0	93	0	1.0	1	0	195	139	0	0	
barcode06_consensus_vsearch	3543	A	W	337	7	2.02%	2	1	93	93	0.0075754305431544305	1	1	199	138	0	7	T
barcode06_consensus_vsearch	3544	G	G	348	1	0.28%	2	1	93	93	0.4999999999999138	1	1	198	150	1	0	+AAAG
barcode06_consensus_vsearch	3545	C	*/+T	336	13	3.69%	2	1	93	93	1.089408872918302E-4	1	1	199	137	0	13	+T
barcode06_consensus_vsearch	3546	G	G	347	1	0.28%	2	1	93	93	0.4999999999999138	1	1	199	148	0	1	+AA
barcode06_consensus_vsearch	3547	T	T	345	3	0.85%	2	1	93	93	0.12446043165476364	1	1	195	150	3	0	+C
barcode06_consensus_vsearch	3548	C	C	342	4	1.14%	2	1	93	93	0.06195770207455419	1	1	194	148	4	0	-TC
barcode06_consensus_vsearch	3549	T	T	340	4	1.15%	2	2	93	93	0.06195454690339171	1	1	192	148	1	3	C
barcode06_consensus_vsearch	3550	C	C	342	2	0.57%	2	1	93	93	0.24963609898113429	1	1	192	150	2	0	-AC
barcode06_consensus_vsearch	3551	A	*/-C	339	7	2%	2	2	93	93	0.00757679283814411	1	1	189	150	4	3	-C
barcode06_consensus_vsearch	3552	C	C	339	2	0.58%	2	1	93	93	0.24963289280493436	1	1	192	147	0	2	+T
barcode06_consensus_vsearch	3553	C	C	348	2	0.57%	2	1	93	93	0.2496423462086995	1	1	196	152	2	0	G
barcode06_consensus_vsearch	3554	C	C	347	2	0.57%	2	2	93	93	0.24964131994254463	1	1	197	150	1	1	-A
barcode06_consensus_vsearch	3555	A	A	345	2	0.57%	2	1	93	93	0.24963924963931935	1	1	193	152	2	0	T
barcode06_consensus_vsearch	3556	T	T	345	4	1.14%	2	2	93	93	0.061962366978748344	1	1	193	152	3	1	C
barcode06_consensus_vsearch	3557	A	A	337	6	1.71%	2	1	93	93	0.015284348849175712	1	1	189	148	6	0	G
barcode06_consensus_vsearch	3558	C	C	346	1	0.29%	2	1	93	93	0.4999999999999138	1	1	197	149	1	0	+AC
barcode06_consensus_vsearch	3559	C	*/-TC	332	12	3.4%	2	1	93	93	2.214460024514316E-4	1	1	198	134	0	12	-TC
barcode06_consensus_vsearch	3560	T	T	328	4	1.19%	2	2	93	93	0.06193481698519814	1	1	198	130	1	3	-C
barcode06_consensus_vsearch	3561	C	C	333	2	0.59%	2	2	93	93	0.24962630792247645	1	1	197	136	1	1	+TC
barcode06_consensus_vsearch	3562	G	*/+C	335	11	3.13%	2	1	93	93	4.50421630407793E-4	1	1	197	138	0	11	+C
barcode06_consensus_vsearch	3563	C	C	348	1	0.29%	2	1	93	93	0.4999999999999138	1	1	197	151	1	0	+G
barcode06_consensus_vsearch	3564	C	C	352	0	0%	2	0	93	0	1.0	1	0	199	153	0	0	
barcode06_consensus_vsearch	3565	C	C	351	1	0.28%	2	1	93	93	0.4999999999999138	1	1	200	151	0	1	-T
barcode06_consensus_vsearch	3566	T	*/+C	340	9	2.56%	2	1	93	93	0.0018537629787316217	1	1	189	151	9	0	+C
barcode06_consensus_vsearch	3567	C	C	344	4	1.14%	2	1	93	93	0.061960820953638154	1	1	193	151	4	0	+A
barcode06_consensus_vsearch	3568	A	*/-G	333	10	2.86%	2	2	93	93	9.137141362428344E-4	1	1	191	142	1	9	-G
barcode06_consensus_vsearch	3569	G	G	339	1	0.29%	2	1	93	93	0.5000000000003686	1	1	197	142	1	0	+AAT
barcode06_consensus_vsearch	3570	G	*/+A	342	8	2.27%	2	1	93	93	0.0037514553409778158	1	1	190	152	8	0	+A
barcode06_consensus_vsearch	3571	G	G	350	1	0.28%	2	1	93	93	0.4999999999999138	1	1	199	151	0	1	-T
barcode06_consensus_vsearch	3572	T	*/-A	335	9	2.56%	2	2	93	93	0.0018523390154232843	1	1	188	147	7	2	-A
barcode06_consensus_vsearch	3573	A	A	339	2	0.58%	2	1	93	93	0.24963289280493436	1	1	189	150	2	0	+G
barcode06_consensus_vsearch	3574	G	G	348	2	0.57%	2	2	93	93	0.2496423462086995	1	1	198	150	1	1	A
barcode06_consensus_vsearch	3575	A	A	349	2	0.57%	2	2	93	93	0.24964336661915734	1	1	199	150	1	1	G
barcode06_consensus_vsearch	3576	A	A	351	1	0.28%	2	1	93	93	0.4999999999999138	1	1	200	151	0	1	G
barcode06_consensus_vsearch	3577	A	A	349	3	0.85%	2	1	93	93	0.12446657183497908	1	1	197	152	3	0	G
barcode06_consensus_vsearch	3578	C	C	351	1	0.28%	2	1	93	93	0.4999999999999138	1	1	199	152	1	0	+ACT
barcode06_consensus_vsearch	3579	G	G	344	6	1.7%	2	1	93	93	0.015291142065558237	1	1	193	151	6	0	-A
barcode06_consensus_vsearch	3580	A	A	341	1	0.29%	2	1	93	93	0.4999999999999138	1	1	193	148	0	1	-T
barcode06_consensus_vsearch	3581	T	T	348	1	0.29%	2	1	93	93	0.4999999999999138	1	1	200	148	0	1	+A
barcode06_consensus_vsearch	3582	G	G	342	4	1.14%	2	2	93	93	0.06195770207455419	1	1	196	146	1	3	+C
barcode06_consensus_vsearch	3583	C	C	349	1	0.29%	2	1	93	93	0.4999999999999138	1	1	198	151	0	1	T
barcode06_consensus_vsearch	3584	C	C	351	1	0.28%	2	1	93	93	0.4999999999999138	1	1	199	152	0	1	T
barcode06_consensus_vsearch	3585	C	C	350	2	0.57%	2	2	93	93	0.2496443812233433	1	1	198	152	1	1	-T
barcode06_consensus_vsearch	3586	T	Y	339	8	2.28%	2	2	93	93	0.003750129788579787	1	1	197	142	1	7	C
barcode06_consensus_vsearch	3587	G	G	353	0	0%	2	0	93	0	1.0	1	0	200	153	0	0	
barcode06_consensus_vsearch	3588	A	*/+G	311	22	6.23%	2	2	93	93	1.6659142079306872E-7	1	1	161	150	20	2	+G
barcode06_consensus_vsearch	3589	G	G	332	2	0.6%	2	1	93	93	0.24962518740646034	1	1	180	152	2	0	+A
barcode06_consensus_vsearch	3590	G	*/-A	331	11	3.14%	2	1	93	93	4.499900004081131E-4	1	1	178	153	11	0	-A
barcode06_consensus_vsearch	3591	A	A	334	0	0%	2	0	93	0	1.0	1	0	181	153	0	0	
barcode06_consensus_vsearch	3592	G	G	342	3	0.87%	2	2	93	93	0.12445573294627689	1	1	192	150	1	2	-TA
barcode06_consensus_vsearch	3593	T	T	346	1	0.29%	2	1	93	93	0.4999999999999138	1	1	197	149	1	0	+G
barcode06_consensus_vsearch	3594	A	A	345	3	0.86%	2	1	93	93	0.12446043165476364	1	1	195	150	3	0	G
barcode06_consensus_vsearch	3595	G	G	351	1	0.28%	2	1	93	93	0.4999999999999138	1	1	199	152	1	0	+C
barcode06_consensus_vsearch	3596	G	G	349	2	0.57%	2	1	93	93	0.24964336661915734	1	1	196	153	2	0	C
barcode06_consensus_vsearch	3597	C	C	342	3	0.85%	2	1	93	93	0.12445573294627689	1	1	193	149	3	0	+T
barcode06_consensus_vsearch	3598	G	R	336	8	2.29%	2	2	93	93	0.0037487813407406246	1	1	186	150	7	1	A
barcode06_consensus_vsearch	3599	G	R	329	14	3.98%	2	1	93	93	5.3310059266825466E-5	1	1	177	152	14	0	A
barcode06_consensus_vsearch	3600	C	C	335	4	1.15%	2	1	93	93	0.06194649597906977	1	1	187	148	0	4	T
barcode06_consensus_vsearch	3601	C	C	343	4	1.13%	2	1	93	93	0.06195926601136401	1	1	192	151	4	0	A
barcode06_consensus_vsearch	3602	G	*/-TGG	327	9	2.56%	2	2	93	93	0.0018499738086392118	1	1	191	136	2	7	-TGG
barcode06_consensus_vsearch	3603	T	*/-G	266	56	16.77%	2	2	93	93	1.0096225271727114E-18	1	1	146	120	50	6	-G
barcode06_consensus_vsearch	3604	G	G	276	2	0.72%	2	1	93	93	0.24954954954932992	1	1	148	128	0	2	+TG
barcode06_consensus_vsearch	3605	G	G	338	2	0.59%	2	1	93	93	0.24963181148734975	1	1	196	142	2	0	A
barcode06_consensus_vsearch	3606	G	G	347	4	1.14%	2	2	93	93	0.06196543258251349	1	1	198	149	2	2	A
barcode06_consensus_vsearch	3607	G	G	345	5	1.42%	2	2	93	93	0.030803894885687386	1	1	196	149	3	2	A
barcode06_consensus_vsearch	3608	G	G	348	2	0.57%	2	1	93	93	0.2496423462086995	1	1	199	149	0	2	-T
barcode06_consensus_vsearch	3609	T	T	342	6	1.71%	2	2	93	93	0.015289228950998206	1	1	198	144	1	5	C
barcode06_consensus_vsearch	3610	C	C	352	0	0%	2	0	93	0	1.0	1	0	200	152	0	0	
barcode06_consensus_vsearch	3611	A	R	342	8	2.27%	2	2	93	93	0.0037514553409778158	1	1	193	149	7	1	G
barcode06_consensus_vsearch	3612	G	G	350	2	0.57%	2	1	93	93	0.2496443812233433	1	1	200	150	0	2	-TG
barcode06_consensus_vsearch	3613	T	T	347	2	0.57%	2	1	93	93	0.24964131994254463	1	1	200	147	0	2	C
barcode06_consensus_vsearch	3614	G	G	347	2	0.57%	2	2	93	93	0.24964131994254463	1	1	199	148	1	1	+A
barcode06_consensus_vsearch	3615	A	A	345	2	0.57%	2	1	93	93	0.24963924963931935	1	1	196	149	0	2	G
barcode06_consensus_vsearch	3616	C	C	343	6	1.7%	2	1	93	93	0.015290188241060826	1	1	196	147	0	6	T
barcode06_consensus_vsearch	3617	G	G	344	4	1.14%	2	1	93	93	0.061960820953638154	1	1	199	145	0	4	-AA
barcode06_consensus_vsearch	3618	A	A	342	3	0.87%	2	2	93	93	0.12445573294627689	1	1	198	144	2	1	G
barcode06_consensus_vsearch	3619	A	A	343	2	0.58%	2	1	93	93	0.24963715529753122	1	1	198	145	0	2	T
barcode06_consensus_vsearch	3620	G	G	340	4	1.14%	2	1	93	93	0.06195454690339171	1	1	193	147	4	0	+C
barcode06_consensus_vsearch	3621	C	Y	324	22	6.27%	2	2	93	93	1.6892418572979172E-7	1	1	197	127	1	21	T
barcode06_consensus_vsearch	3622	C	Y	328	17	4.82%	2	1	93	93	6.234249472730208E-6	1	1	200	128	0	17	T
barcode06_consensus_vsearch	3623	T	*/+G	329	7	2.02%	2	2	93	93	0.007569820177023291	1	1	197	132	1	6	+G
barcode06_consensus_vsearch	3624	A	*/-G	292	44	12.5%	2	2	93	93	1.2602894360610543E-14	1	1	196	96	1	43	-G
barcode06_consensus_vsearch	3625	G	G	303	1	0.33%	2	1	93	93	0.4999999999999138	1	1	198	105	1	0	+A
barcode06_consensus_vsearch	3626	G	G	345	2	0.57%	2	1	93	93	0.24963924963931935	1	1	197	148	2	0	+A
barcode06_consensus_vsearch	3627	G	G	353	0	0%	2	0	93	0	1.0	1	0	200	153	0	0	
barcode06_consensus_vsearch	3628	C	C	350	1	0.28%	2	1	93	93	0.4999999999999138	1	1	199	151	1	0	+GGC
barcode06_consensus_vsearch	3629	G	G	341	6	1.71%	2	1	93	93	0.015288264148254961	1	1	199	142	0	6	-TG
barcode06_consensus_vsearch	3630	T	T	336	2	0.58%	2	1	93	93	0.2496296296298552	1	1	195	141	2	0	+A
barcode06_consensus_vsearch	3631	G	G	340	3	0.87%	2	1	93	93	0.12445255474455591	1	1	195	145	3	0	-A
barcode06_consensus_vsearch	3632	A	A	347	1	0.29%	2	1	93	93	0.4999999999999138	1	1	194	153	1	0	+G
barcode06_consensus_vsearch	3633	G	*/-CC	333	10	2.83%	2	1	93	93	9.137141362428344E-4	1	1	182	151	10	0	-CC
barcode06_consensus_vsearch	3634	C	C	332	1	0.3%	2	1	93	93	0.4999999999999138	1	1	181	151	0	1	+T
barcode06_consensus_vsearch	3635	C	C	342	1	0.29%	2	1	93	93	0.5000000000003686	1	1	189	153	1	0	G
barcode06_consensus_vsearch	3636	C	*/-GG	319	16	4.53%	2	1	93	93	1.2702420758458036E-5	1	1	193	126	0	16	-GG
barcode06_consensus_vsearch	3637	G	R	311	13	3.94%	2	1	93	93	1.0796978097540301E-4	1	1	180	131	13	0	A
barcode06_consensus_vsearch	3638	G	*/+A	319	12	3.58%	2	1	93	93	2.2058404097008725E-4	1	1	184	135	12	0	+A
barcode06_consensus_vsearch	3639	G	G	339	4	1.14%	2	1	93	93	0.06195295550973475	1	1	192	147	4	0	A
barcode06_consensus_vsearch	3640	T	Y	317	32	9.17%	2	2	93	93	1.1059208120208755E-10	1	1	194	123	3	29	C
barcode06_consensus_vsearch	3641	T	T	344	5	1.42%	2	1	93	93	0.03080261759027664	1	1	197	147	0	5	G
barcode06_consensus_vsearch	3642	G	G	349	1	0.28%	2	1	93	93	0.4999999999999138	1	1	197	152	0	1	+A
barcode06_consensus_vsearch	3643	A	A	345	4	1.14%	2	1	93	93	0.061962366978748344	1	1	194	151	4	0	+G
barcode06_consensus_vsearch	3644	A	A	347	5	1.42%	2	2	93	93	0.030806427720592423	1	1	195	152	4	1	G
barcode06_consensus_vsearch	3645	C	C	348	2	0.57%	2	2	93	93	0.2496423462086995	1	1	197	151	1	1	-G
barcode06_consensus_vsearch	3646	G	R	335	13	3.71%	2	1	93	93	1.0890461551478484E-4	1	1	183	152	13	0	A
barcode06_consensus_vsearch	3647	G	G	343	4	1.14%	2	1	93	93	0.06195926601136401	1	1	193	150	4	0	A
barcode06_consensus_vsearch	3648	C	C	346	2	0.57%	2	1	93	93	0.2496402877699066	1	1	198	148	0	2	+T
barcode06_consensus_vsearch	3649	C	C	346	6	1.7%	2	1	93	93	0.015293033503626699	1	1	199	147	0	6	-T
barcode06_consensus_vsearch	3650	T	T	338	4	1.15%	2	2	93	93	0.06195135480287766	1	1	193	145	3	1	+C
barcode06_consensus_vsearch	3651	C	*/-T	342	7	1.99%	2	1	93	93	0.0075788071772909795	1	1	198	144	0	7	-T
barcode06_consensus_vsearch	3652	T	T	342	1	0.29%	2	1	93	93	0.5000000000003686	1	1	196	146	1	0	+CT
barcode06_consensus_vsearch	3653	A	A	346	4	1.14%	2	1	93	93	0.06196390416311995	1	1	195	151	4	0	G
barcode06_consensus_vsearch	3654	G	G	348	2	0.57%	2	1	93	93	0.2496423462086995	1	1	198	150	2	0	A
barcode06_consensus_vsearch	3655	T	T	348	2	0.57%	2	2	93	93	0.2496423462086995	1	1	198	150	1	1	C
barcode06_consensus_vsearch	3656	G	G	349	2	0.57%	2	1	93	93	0.24964336661915734	1	1	197	152	2	0	A
barcode06_consensus_vsearch	3657	C	C	349	2	0.57%	2	2	93	93	0.24964336661915734	1	1	197	152	1	1	T
barcode06_consensus_vsearch	3658	A	A	344	4	1.13%	2	2	93	93	0.061960820953638154	1	1	193	151	3	1	G
barcode06_consensus_vsearch	3659	G	G	351	1	0.28%	2	1	93	93	0.4999999999999138	1	1	198	153	1	0	+A
barcode06_consensus_vsearch	3660	A	A	350	2	0.57%	2	1	93	93	0.2496443812233433	1	1	198	152	2	0	-T
barcode06_consensus_vsearch	3661	T	T	351	0	0%	2	0	93	0	1.0	1	0	198	153	0	0	
barcode06_consensus_vsearch	3662	C	C	346	5	1.42%	2	2	93	93	0.03080516490845092	1	1	198	148	1	4	-T
barcode06_consensus_vsearch	3663	T	T	345	1	0.29%	2	1	93	93	0.4999999999999138	1	1	197	148	1	0	+GCT
barcode06_consensus_vsearch	3664	T	*/-G	340	7	1.99%	2	1	93	93	0.007577468131623444	1	1	194	146	0	7	-G
barcode06_consensus_vsearch	3665	G	R	336	9	2.6%	2	1	93	93	0.001852627063167724	1	1	190	146	9	0	A
barcode06_consensus_vsearch	3666	G	G	348	3	0.85%	2	1	93	93	0.12446504992864586	1	1	196	152	3	0	T
barcode06_consensus_vsearch	3667	T	*/-GGT	342	9	2.56%	2	1	93	93	0.0018543213632639765	1	1	199	143	0	9	-GGT
barcode06_consensus_vsearch	3668	G	G	340	3	0.87%	2	1	93	93	0.12445255474455591	1	1	200	140	0	3	A
barcode06_consensus_vsearch	3669	G	G	342	2	0.58%	2	1	93	93	0.24963609898113429	1	1	200	142	0	2	-TA
barcode06_consensus_vsearch	3670	T	T	339	2	0.58%	2	1	93	93	0.24963289280493436	1	1	199	140	0	2	-A
barcode06_consensus_vsearch	3671	A	A	346	2	0.57%	2	2	93	93	0.2496402877699066	1	1	199	147	1	1	G
barcode06_consensus_vsearch	3672	G	G	346	3	0.85%	2	2	93	93	0.12446197991394273	1	1	196	150	1	2	-TAG
barcode06_consensus_vsearch	3673	T	T	347	1	0.29%	2	1	93	93	0.4999999999999138	1	1	198	149	1	0	+A
barcode06_consensus_vsearch	3674	A	A	347	1	0.29%	2	1	93	93	0.4999999999999138	1	1	196	151	1	0	-G
barcode06_consensus_vsearch	3675	G	G	344	2	0.57%	2	1	93	93	0.2496382054993181	1	1	194	150	2	0	A
barcode06_consensus_vsearch	3676	C	C	347	3	0.85%	2	2	93	93	0.12446351931328528	1	1	199	148	1	2	T
barcode06_consensus_vsearch	3677	A	A	351	1	0.28%	2	1	93	93	0.4999999999999138	1	1	200	151	0	1	G
barcode06_consensus_vsearch	3678	A	A	351	1	0.28%	2	1	93	93	0.4999999999999138	1	1	198	153	1	0	+T
barcode06_consensus_vsearch	3679	A	A	350	1	0.28%	2	1	93	93	0.4999999999999138	1	1	197	153	1	0	+CT
barcode06_consensus_vsearch	3680	T	T	347	1	0.28%	2	1	93	93	0.4999999999999138	1	1	196	151	0	1	+A
barcode06_consensus_vsearch	3681	A	A	346	3	0.86%	2	1	93	93	0.12446197991394273	1	1	194	152	3	0	G
barcode06_consensus_vsearch	3682	C	*/-T	340	7	1.99%	2	1	93	93	0.007577468131623444	1	1	197	143	0	7	-T
barcode06_consensus_vsearch	3683	T	T	339	2	0.58%	2	1	93	93	0.24963289280493436	1	1	199	140	0	2	C
barcode06_consensus_vsearch	3684	T	T	342	6	1.7%	2	1	93	93	0.015289228950998206	1	1	198	144	0	6	-C
barcode06_consensus_vsearch	3685	C	C	344	2	0.58%	2	2	93	93	0.2496382054993181	1	1	198	146	1	1	-A
barcode06_consensus_vsearch	3686	A	A	347	3	0.85%	2	2	93	93	0.12446351931328528	1	1	198	149	1	2	G
barcode06_consensus_vsearch	3687	A	A	352	1	0.28%	2	1	93	93	0.4999999999999138	1	1	199	153	1	0	G
barcode06_consensus_vsearch	3688	T	T	350	3	0.85%	2	2	93	93	0.12446808510622623	1	1	199	151	1	2	C
barcode06_consensus_vsearch	3689	G	G	353	0	0%	2	0	93	0	1.0	1	0	200	153	0	0	
barcode06_consensus_vsearch	3690	A	A	349	3	0.85%	2	1	93	93	0.12446657183497908	1	1	196	153	3	0	+G
barcode06_consensus_vsearch	3691	G	G	347	2	0.57%	2	1	93	93	0.24964131994254463	1	1	195	152	2	0	-A
barcode06_consensus_vsearch	3692	A	A	347	1	0.29%	2	1	93	93	0.4999999999999138	1	1	194	153	1	0	G
barcode06_consensus_vsearch	3693	A	A	347	3	0.86%	2	1	93	93	0.12446351931328528	1	1	194	153	3	0	G
barcode06_consensus_vsearch	3694	C	C	343	4	1.14%	2	2	93	93	0.06195926601136401	1	1	195	148	1	3	-T
barcode06_consensus_vsearch	3695	T	T	341	2	0.58%	2	2	93	93	0.24963503649639607	1	1	193	148	1	1	C
barcode06_consensus_vsearch	3696	T	T	346	1	0.29%	2	1	93	93	0.4999999999999138	1	1	195	151	0	1	+C
barcode06_consensus_vsearch	3697	G	G	351	1	0.28%	2	1	93	93	0.4999999999999138	1	1	198	153	1	0	-A
barcode06_consensus_vsearch	3698	A	A	350	1	0.28%	2	1	93	93	0.4999999999999138	1	1	197	153	1	0	G
barcode06_consensus_vsearch	3699	A	A	344	4	1.13%	2	2	93	93	0.061960820953638154	1	1	195	149	1	3	+G
barcode06_consensus_vsearch	3700	G	G	351	0	0%	2	0	93	0	1.0	1	0	199	152	0	0	
barcode06_consensus_vsearch	3701	G	G	350	2	0.57%	2	2	93	93	0.2496443812233433	1	1	198	152	1	1	T
barcode06_consensus_vsearch	3702	A	A	347	3	0.85%	2	2	93	93	0.12446351931328528	1	1	195	152	2	1	-C
barcode06_consensus_vsearch	3703	C	C	348	1	0.29%	2	1	93	93	0.4999999999999138	1	1	197	151	0	1	+T
barcode06_consensus_vsearch	3704	C	C	342	4	1.14%	2	1	93	93	0.06195770207455419	1	1	197	145	0	4	+G
barcode06_consensus_vsearch	3705	G	G	348	1	0.28%	2	1	93	93	0.4999999999999138	1	1	196	152	1	0	+A
barcode06_consensus_vsearch	3706	A	A	351	1	0.28%	2	1	93	93	0.4999999999999138	1	1	198	153	1	0	G
barcode06_consensus_vsearch	3707	A	A	352	1	0.28%	2	1	93	93	0.4999999999999138	1	1	199	153	1	0	G
barcode06_consensus_vsearch	3708	G	G	350	2	0.57%	2	1	93	93	0.2496443812233433	1	1	200	150	0	2	-T
barcode06_consensus_vsearch	3709	T	*/-G	278	50	14.29%	2	2	93	93	1.1758250537912223E-16	1	1	151	127	31	19	-G
barcode06_consensus_vsearch	3710	G	G	296	1	0.34%	2	1	93	93	0.4999999999999138	1	1	164	132	1	0	+A
barcode06_consensus_vsearch	3711	G	G	343	5	1.43%	2	1	93	93	0.030801332959592774	1	1	192	151	5	0	A
barcode06_consensus_vsearch	3712	G	G	346	2	0.57%	2	2	93	93	0.2496402877699066	1	1	197	149	1	1	A
barcode06_consensus_vsearch	3713	G	*/-A	324	14	3.97%	2	1	93	93	5.320126228626518E-5	1	1	176	148	14	0	-A
barcode06_consensus_vsearch	3714	A	A	335	1	0.3%	2	1	93	93	0.4999999999999138	1	1	183	152	1	0	+G
barcode06_consensus_vsearch	3715	A	A	350	1	0.28%	2	1	93	93	0.4999999999999138	1	1	198	152	1	0	G
barcode06_consensus_vsearch	3716	A	A	346	4	1.13%	2	2	93	93	0.06196390416311995	1	1	196	150	2	2	+G
barcode06_consensus_vsearch	3717	G	G	351	1	0.28%	2	1	93	93	0.4999999999999138	1	1	199	152	0	1	T
barcode06_consensus_vsearch	3718	G	G	350	2	0.57%	2	1	93	93	0.2496443812233433	1	1	199	151	0	2	-T
barcode06_consensus_vsearch	3719	T	T	347	4	1.14%	2	2	93	93	0.06196543258251349	1	1	197	150	3	1	C
barcode06_consensus_vsearch	3720	T	T	350	3	0.85%	2	2	93	93	0.12446808510622623	1	1	198	152	2	1	-C
barcode06_consensus_vsearch	3721	C	C	350	0	0%	2	0	93	0	1.0	1	0	198	152	0	0	
barcode06_consensus_vsearch	3722	C	C	347	3	0.85%	2	2	93	93	0.12446351931328528	1	1	197	150	2	1	-A
barcode06_consensus_vsearch	3723	A	A	344	1	0.29%	2	1	93	93	0.4999999999999138	1	1	194	150	0	1	+G
barcode06_consensus_vsearch	3724	T	T	340	6	1.71%	2	2	93	93	0.015287293785191516	1	1	197	143	2	4	C
barcode06_consensus_vsearch	3725	G	*/-TG	339	13	3.69%	2	2	93	93	1.0904851456684069E-4	1	1	198	141	2	11	-TG
barcode06_consensus_vsearch	3726	T	T	331	6	1.77%	2	2	93	93	0.015278302160745846	1	1	195	136	1	5	C
barcode06_consensus_vsearch	3727	G	G	338	1	0.29%	2	1	93	93	0.4999999999999138	1	1	197	141	1	0	+C
barcode06_consensus_vsearch	3728	A	A	352	1	0.28%	2	1	93	93	0.4999999999999138	1	1	199	153	1	0	+G
barcode06_consensus_vsearch	3729	A	A	353	0	0%	2	0	93	0	1.0	1	0	200	153	0	0	
barcode06_consensus_vsearch	3730	C	C	352	1	0.28%	2	1	93	93	0.4999999999999138	1	1	200	152	0	1	+AA
barcode06_consensus_vsearch	3731	A	A	348	4	1.13%	2	1	93	93	0.06196695231151725	1	1	195	153	4	0	G
barcode06_consensus_vsearch	3732	G	G	352	1	0.28%	2	1	93	93	0.4999999999999138	1	1	200	152	0	1	-C
barcode06_consensus_vsearch	3733	C	C	349	2	0.57%	2	2	93	93	0.24964336661915734	1	1	199	150	1	1	G
barcode06_consensus_vsearch	3734	G	G	346	4	1.14%	2	1	93	93	0.06196390416311995	1	1	195	151	4	0	A
barcode06_consensus_vsearch	3735	G	G	352	1	0.28%	2	1	93	93	0.4999999999999138	1	1	199	153	1	0	-TTGG
barcode06_consensus_vsearch	3736	T	T	347	5	1.42%	2	1	93	93	0.030806427720592423	1	1	199	148	0	5	C
barcode06_consensus_vsearch	3737	T	*/-G	344	7	1.99%	2	2	93	93	0.007580131052467943	1	1	197	147	1	6	-G
barcode06_consensus_vsearch	3738	G	G	345	0	0%	2	0	93	0	1.0	1	0	198	147	0	0	
barcode06_consensus_vsearch	3739	G	G	351	1	0.28%	2	1	93	93	0.4999999999999138	1	1	199	152	0	1	-A
barcode06_consensus_vsearch	3740	A	A	346	4	1.14%	2	2	93	93	0.06196390416311995	1	1	195	151	3	1	G
barcode06_consensus_vsearch	3741	C	C	347	3	0.85%	2	1	93	93	0.12446351931328528	1	1	195	152	3	0	T
barcode06_consensus_vsearch	3742	G	G	344	5	1.42%	2	1	93	93	0.03080261759027664	1	1	197	147	0	5	-TG
barcode06_consensus_vsearch	3743	T	*/-G	332	10	2.88%	2	2	93	93	9.135339164919169E-4	1	1	196	136	3	7	-G
barcode06_consensus_vsearch	3744	G	G	329	4	1.19%	2	2	93	93	0.06193651549691746	1	1	192	137	3	1	A
barcode06_consensus_vsearch	3745	G	G	345	3	0.85%	2	1	93	93	0.12446043165476364	1	1	196	149	3	0	+A
barcode06_consensus_vsearch	3746	G	G	348	1	0.28%	2	1	93	93	0.4999999999999138	1	1	197	151	0	1	+CG
barcode06_consensus_vsearch	3747	T	T	350	2	0.57%	2	2	93	93	0.2496443812233433	1	1	199	151	1	1	C
barcode06_consensus_vsearch	3748	T	T	342	3	0.85%	2	2	93	93	0.12445573294627689	1	1	196	146	2	1	-A
barcode06_consensus_vsearch	3749	A	R	339	7	2%	2	2	93	93	0.00757679283814411	1	1	195	144	2	5	G
barcode06_consensus_vsearch	3750	G	G	349	1	0.28%	2	1	93	93	0.4999999999999138	1	1	198	151	0	1	+C
barcode06_consensus_vsearch	3751	C	C	350	2	0.57%	2	1	93	93	0.2496443812233433	1	1	197	153	2	0	G
barcode06_consensus_vsearch	3752	C	Y	342	7	1.99%	2	2	93	93	0.0075788071772909795	1	1	197	145	1	6	T
barcode06_consensus_vsearch	3753	G	G	351	1	0.28%	2	1	93	93	0.4999999999999138	1	1	198	153	1	0	-A
barcode06_consensus_vsearch	3754	A	A	350	1	0.28%	2	1	93	93	0.4999999999999138	1	1	198	152	0	1	-T
barcode06_consensus_vsearch	3755	T	*/-C	329	18	5.11%	2	2	93	93	3.0424774726021465E-6	1	1	180	149	17	1	-C
barcode06_consensus_vsearch	3756	C	C	332	1	0.3%	2	1	93	93	0.4999999999999138	1	1	181	151	1	0	+A
barcode06_consensus_vsearch	3757	C	C	347	2	0.57%	2	2	93	93	0.24964131994254463	1	1	198	149	1	1	-T
barcode06_consensus_vsearch	3758	T	T	343	6	1.71%	2	2	93	93	0.015290188241060826	1	1	198	145	1	5	C
barcode06_consensus_vsearch	3759	A	A	344	4	1.14%	2	2	93	93	0.061960820953638154	1	1	196	148	2	2	G
barcode06_consensus_vsearch	3760	A	A	346	3	0.85%	2	1	93	93	0.12446197991394273	1	1	197	149	3	0	-G
barcode06_consensus_vsearch	3761	G	G	347	1	0.29%	2	1	93	93	0.4999999999999138	1	1	195	152	1	0	+AAAG
barcode06_consensus_vsearch	3762	C	C	347	2	0.57%	2	1	93	93	0.24964131994254463	1	1	196	151	2	0	A
barcode06_consensus_vsearch	3763	C	C	349	2	0.57%	2	2	93	93	0.24964336661915734	1	1	198	151	1	1	T
barcode06_consensus_vsearch	3764	A	A	345	5	1.42%	2	2	93	93	0.030803894885687386	1	1	195	150	4	1	G
barcode06_consensus_vsearch	3765	T	T	346	2	0.57%	2	1	93	93	0.2496402877699066	1	1	194	152	2	0	-A
barcode06_consensus_vsearch	3766	A	*/-G	278	58	16.57%	2	2	93	93	2.3458580616071635E-19	1	1	158	120	28	30	-G
barcode06_consensus_vsearch	3767	G	G	291	2	0.68%	2	1	93	93	0.2495726495726404	1	1	168	123	2	0	A
barcode06_consensus_vsearch	3768	G	G	350	1	0.28%	2	1	93	93	0.4999999999999138	1	1	198	152	1	0	+A
barcode06_consensus_vsearch	3769	G	G	345	6	1.7%	2	1	93	93	0.015292090471053536	1	1	194	151	6	0	-A
barcode06_consensus_vsearch	3770	A	A	346	0	0%	2	0	93	0	1.0	1	0	194	152	0	0	
barcode06_consensus_vsearch	3771	A	A	350	2	0.57%	2	1	93	93	0.2496443812233433	1	1	198	152	2	0	-G
barcode06_consensus_vsearch	3772	G	G	348	1	0.28%	2	1	93	93	0.4999999999999138	1	1	196	152	1	0	+T
barcode06_consensus_vsearch	3773	T	T	348	3	0.85%	2	2	93	93	0.12446504992864586	1	1	198	150	2	1	C
barcode06_consensus_vsearch	3774	T	T	344	6	1.7%	2	1	93	93	0.015291142065558237	1	1	192	152	6	0	+C
barcode06_consensus_vsearch	3775	C	C	351	0	0%	2	0	93	0	1.0	1	0	198	153	0	0	
barcode06_consensus_vsearch	3776	C	C	342	5	1.42%	2	1	93	93	0.03080004093026935	1	1	200	142	0	5	+A
barcode06_consensus_vsearch	3777	G	*/+T	335	7	1.99%	2	2	93	93	0.0075740524106117915	1	1	191	144	6	1	+T
barcode06_consensus_vsearch	3778	T	T	338	5	1.45%	2	1	93	93	0.03079479753340632	1	1	198	140	0	5	C
barcode06_consensus_vsearch	3779	T	T	345	5	1.43%	2	2	93	93	0.030803894885687386	1	1	199	146	1	4	C
barcode06_consensus_vsearch	3780	T	T	342	6	1.7%	2	2	93	93	0.015289228950998206	1	1	194	148	4	2	+C
barcode06_consensus_vsearch	3781	C	*/-A	337	7	1.99%	2	2	93	93	0.0075754305431544305	1	1	191	146	6	1	-A
barcode06_consensus_vsearch	3782	A	A	339	1	0.29%	2	1	93	93	0.5000000000003686	1	1	192	147	1	0	C
barcode06_consensus_vsearch	3783	A	A	346	1	0.29%	2	1	93	93	0.4999999999999138	1	1	198	148	1	0	+G
barcode06_consensus_vsearch	3784	A	A	349	3	0.85%	2	1	93	93	0.12446657183497908	1	1	197	152	3	0	G
barcode06_consensus_vsearch	3785	G	G	348	2	0.57%	2	2	93	93	0.2496423462086995	1	1	196	152	1	1	-TGC
barcode06_consensus_vsearch	3786	T	T	343	5	1.43%	2	1	93	93	0.030801332959592774	1	1	197	146	0	5	C
barcode06_consensus_vsearch	3787	G	G	348	1	0.29%	2	1	93	93	0.4999999999999138	1	1	196	152	1	0	-C
barcode06_consensus_vsearch	3788	C	C	341	6	1.71%	2	2	93	93	0.015288264148254961	1	1	195	146	2	4	-GC
barcode06_consensus_vsearch	3789	G	G	344	1	0.29%	2	1	93	93	0.4999999999999138	1	1	196	148	0	1	+TG
barcode06_consensus_vsearch	3790	C	C	339	3	0.87%	2	1	93	93	0.12445095168370475	1	1	195	144	0	3	+GC
barcode06_consensus_vsearch	3791	A	A	346	3	0.85%	2	2	93	93	0.12446197991394273	1	1	195	151	2	1	G
barcode06_consensus_vsearch	3792	C	C	345	3	0.85%	2	2	93	93	0.12446043165476364	1	1	195	150	1	2	-T
barcode06_consensus_vsearch	3793	T	T	343	4	1.14%	2	1	93	93	0.06195926601136401	1	1	197	146	0	4	C
barcode06_consensus_vsearch	3794	T	T	349	2	0.57%	2	2	93	93	0.24964336661915734	1	1	197	152	1	1	C
barcode06_consensus_vsearch	3795	G	G	351	1	0.28%	2	1	93	93	0.4999999999999138	1	1	199	152	0	1	+C
barcode06_consensus_vsearch	3796	T	T	350	2	0.57%	2	2	93	93	0.2496443812233433	1	1	199	151	1	1	C
barcode06_consensus_vsearch	3797	G	G	348	2	0.57%	2	1	93	93	0.2496423462086995	1	1	197	151	2	0	-CG
barcode06_consensus_vsearch	3798	C	Y	336	8	2.29%	2	1	93	93	0.0037487813407406246	1	1	196	140	0	8	T
barcode06_consensus_vsearch	3799	G	R	328	10	2.89%	2	2	93	93	9.128025855871309E-4	1	1	180	148	9	1	A
barcode06_consensus_vsearch	3800	C	C	336	4	1.15%	2	1	93	93	0.06194812512106263	1	1	188	148	4	0	T
barcode06_consensus_vsearch	3801	C	*/+AC	284	61	17.33%	2	1	93	93	2.358828210317317E-20	1	1	134	150	61	0	+AC
barcode06_consensus_vsearch	3802	G	G	339	5	1.42%	2	1	93	93	0.030796119805779988	1	1	186	153	5	0	+CG
barcode06_consensus_vsearch	3803	T	*/+C	338	9	2.56%	2	1	93	93	0.0018531982482901858	1	1	188	150	9	0	+C
barcode06_consensus_vsearch	3804	C	C	342	4	1.14%	2	1	93	93	0.06195770207455419	1	1	190	152	4	0	+A
barcode06_consensus_vsearch	3805	T	*/-G	321	11	3.16%	2	2	93	93	4.4886662930169725E-4	1	1	177	144	4	7	-G
barcode06_consensus_vsearch	3806	G	R	297	38	11.21%	2	1	93	93	1.1963970047754218E-12	1	1	152	145	38	0	A
barcode06_consensus_vsearch	3807	G	R	323	20	5.7%	2	2	93	93	7.170965297768448E-7	1	1	173	150	19	1	A
barcode06_consensus_vsearch	3808	C	C	325	5	1.43%	2	1	93	93	0.030776879317604325	1	1	178	147	5	0	-G
barcode06_consensus_vsearch	3809	G	*/-A	296	15	4.39%	2	2	93	93	2.5673185085839507E-5	1	1	149	147	14	1	-A
barcode06_consensus_vsearch	3810	A	A	321	1	0.31%	2	1	93	93	0.4999999999999138	1	1	170	151	1	0	G
barcode06_consensus_vsearch	3811	A	A	336	3	0.88%	2	2	93	93	0.12444608567222228	1	1	187	149	2	1	C
barcode06_consensus_vsearch	3812	A	*/-G	237	87	24.72%	2	2	93	93	8.041676160646847E-30	1	1	106	131	69	18	-G
barcode06_consensus_vsearch	3813	G	G	249	3	1.17%	2	1	93	93	0.12425447316115633	1	1	116	133	3	0	A
barcode06_consensus_vsearch	3814	G	G	343	1	0.29%	2	1	93	93	0.4999999999999138	1	1	191	152	1	0	A
barcode06_consensus_vsearch	3815	G	*/-A	340	10	2.85%	2	2	93	93	9.149473929364378E-4	1	1	190	150	9	1	-A
barcode06_consensus_vsearch	3816	A	A	338	1	0.29%	2	1	93	93	0.4999999999999138	1	1	190	148	0	1	G
barcode06_consensus_vsearch	3817	A	A	348	3	0.85%	2	1	93	93	0.12446504992864586	1	1	197	151	3	0	G
barcode06_consensus_vsearch	3818	G	G	344	4	1.14%	2	2	93	93	0.061960820953638154	1	1	195	149	3	1	-C
barcode06_consensus_vsearch	3819	C	C	345	1	0.29%	2	1	93	93	0.4999999999999138	1	1	196	149	0	1	+GC
barcode06_consensus_vsearch	3820	C	C	349	2	0.57%	2	1	93	93	0.24964336661915734	1	1	200	149	0	2	T
barcode06_consensus_vsearch	3821	G	G	349	2	0.57%	2	2	93	93	0.24964336661915734	1	1	198	151	1	1	+A
barcode06_consensus_vsearch	3822	G	G	351	1	0.28%	2	1	93	93	0.4999999999999138	1	1	199	152	0	1	+T
barcode06_consensus_vsearch	3823	T	T	350	1	0.28%	2	1	93	93	0.4999999999999138	1	1	198	152	1	0	+C
barcode06_consensus_vsearch	3824	C	C	341	4	1.14%	2	1	93	93	0.06195612906494713	1	1	197	144	0	4	-AAT
barcode06_consensus_vsearch	3825	A	A	341	1	0.29%	2	1	93	93	0.4999999999999138	1	1	196	145	0	1	+GG
barcode06_consensus_vsearch	3826	A	A	340	5	1.44%	2	2	93	93	0.030797434418565302	1	1	196	144	3	2	G
barcode06_consensus_vsearch	3827	T	T	341	4	1.15%	2	1	93	93	0.06195612906494713	1	1	197	144	0	4	+C
barcode06_consensus_vsearch	3828	A	A	349	1	0.28%	2	1	93	93	0.4999999999999138	1	1	197	152	1	0	+C
barcode06_consensus_vsearch	3829	T	T	350	1	0.28%	2	1	93	93	0.4999999999999138	1	1	198	152	1	0	C
barcode06_consensus_vsearch	3830	T	*/-C	343	7	1.98%	2	1	93	93	0.007579470995029922	1	1	191	152	7	0	-C
barcode06_consensus_vsearch	3831	C	C	345	1	0.29%	2	1	93	93	0.4999999999999138	1	1	192	153	1	0	+GG
barcode06_consensus_vsearch	3832	C	C	347	5	1.42%	2	2	93	93	0.030806427720592423	1	1	199	148	1	4	-G
barcode06_consensus_vsearch	3833	G	G	344	3	0.86%	2	1	93	93	0.12445887445888035	1	1	195	149	3	0	A
barcode06_consensus_vsearch	3834	G	G	353	0	0%	2	0	93	0	1.0	1	0	200	153	0	0	
barcode06_consensus_vsearch	3835	C	C	349	2	0.57%	2	1	93	93	0.24964336661915734	1	1	198	151	0	2	T
barcode06_consensus_vsearch	3836	G	G	349	2	0.57%	2	1	93	93	0.24964336661915734	1	1	196	153	2	0	A
barcode06_consensus_vsearch	3837	C	C	350	1	0.28%	2	1	93	93	0.4999999999999138	1	1	197	153	1	0	+GC
barcode06_consensus_vsearch	3838	C	C	350	2	0.57%	2	1	93	93	0.2496443812233433	1	1	197	153	2	0	-T
barcode06_consensus_vsearch	3839	T	*/-G	342	8	2.29%	2	1	93	93	0.0037514553409778158	1	1	197	145	0	8	-G
barcode06_consensus_vsearch	3840	G	G	344	0	0%	2	0	93	0	1.0	1	0	199	145	0	0	
barcode06_consensus_vsearch	3841	G	G	351	2	0.57%	2	1	93	93	0.24964539007068368	1	1	198	153	2	0	-A
barcode06_consensus_vsearch	3842	A	A	348	2	0.57%	2	1	93	93	0.2496423462086995	1	1	197	151	0	2	+T
barcode06_consensus_vsearch	3843	T	T	352	0	0%	2	0	93	0	1.0	1	0	199	153	0	0	
barcode06_consensus_vsearch	3844	T	*/-G	328	10	2.83%	2	2	93	93	9.128025855871309E-4	1	1	183	145	3	7	-G
barcode06_consensus_vsearch	3845	G	*/+A	322	14	4.12%	2	1	93	93	5.315688197814839E-5	1	1	176	146	14	0	+A
barcode06_consensus_vsearch	3846	G	R	333	16	4.57%	2	1	93	93	1.2798352939021259E-5	1	1	180	153	16	0	A
barcode06_consensus_vsearch	3847	G	G	347	2	0.57%	2	1	93	93	0.24964131994254463	1	1	195	152	2	0	+T
barcode06_consensus_vsearch	3848	G	*/-T	298	34	9.63%	2	2	93	93	2.3898805758492366E-11	1	1	154	144	27	7	-T
barcode06_consensus_vsearch	3849	T	T	306	6	1.89%	2	1	93	93	0.015250612578900192	1	1	167	139	0	6	C
barcode06_consensus_vsearch	3850	T	T	351	1	0.28%	2	1	93	93	0.4999999999999138	1	1	199	152	0	1	+C
barcode06_consensus_vsearch	3851	T	T	349	2	0.57%	2	1	93	93	0.24964336661915734	1	1	199	150	0	2	+CC
barcode06_consensus_vsearch	3852	T	T	346	3	0.85%	2	1	93	93	0.12446197991394273	1	1	196	150	3	0	-AC
barcode06_consensus_vsearch	3853	A	A	344	2	0.57%	2	2	93	93	0.2496382054993181	1	1	195	149	1	1	C
barcode06_consensus_vsearch	3854	C	C	346	1	0.29%	2	1	93	93	0.4999999999999138	1	1	195	151	1	0	+AC
barcode06_consensus_vsearch	3855	G	G	344	6	1.7%	2	2	93	93	0.015291142065558237	1	1	196	148	2	4	-CG
barcode06_consensus_vsearch	3856	C	C	340	3	0.87%	2	1	93	93	0.12445255474455591	1	1	198	142	0	3	-G
barcode06_consensus_vsearch	3857	G	G	342	2	0.58%	2	1	93	93	0.24963609898113429	1	1	196	146	2	0	A
barcode06_consensus_vsearch	3858	G	G	353	0	0%	2	0	93	0	1.0	1	0	200	153	0	0	
barcode06_consensus_vsearch	3859	C	C	352	1	0.28%	2	1	93	93	0.4999999999999138	1	1	200	152	0	1	+A
barcode06_consensus_vsearch	3860	A	A	352	1	0.28%	2	1	93	93	0.4999999999999138	1	1	199	153	1	0	+GCAGC
barcode06_consensus_vsearch	3861	A	R	346	7	1.98%	2	2	93	93	0.007581440013514741	1	1	194	152	6	1	G
barcode06_consensus_vsearch	3862	C	C	350	2	0.57%	2	1	93	93	0.2496443812233433	1	1	197	153	2	0	+AC
barcode06_consensus_vsearch	3863	G	G	350	2	0.57%	2	1	93	93	0.2496443812233433	1	1	197	153	2	0	C
barcode06_consensus_vsearch	3864	C	C	352	1	0.28%	2	1	93	93	0.4999999999999138	1	1	199	153	1	0	-AAC
barcode06_consensus_vsearch	3865	A	A	350	2	0.57%	2	1	93	93	0.2496443812233433	1	1	199	151	0	2	G
barcode06_consensus_vsearch	3866	A	A	346	5	1.42%	2	2	93	93	0.03080516490845092	1	1	195	151	4	1	G
barcode06_consensus_vsearch	3867	C	C	351	1	0.28%	2	1	93	93	0.4999999999999138	1	1	198	153	1	0	-T
barcode06_consensus_vsearch	3868	T	*/+G	337	10	2.84%	2	2	93	93	9.14424829084238E-4	1	1	191	146	8	2	+G
barcode06_consensus_vsearch	3869	G	G	350	1	0.28%	2	1	93	93	0.4999999999999138	1	1	197	153	1	0	+A
barcode06_consensus_vsearch	3870	A	A	349	1	0.28%	2	1	93	93	0.4999999999999138	1	1	197	152	1	0	+G
barcode06_consensus_vsearch	3871	A	A	348	2	0.57%	2	2	93	93	0.2496423462086995	1	1	198	150	1	1	+G
barcode06_consensus_vsearch	3872	G	G	351	1	0.28%	2	1	93	93	0.4999999999999138	1	1	198	153	1	0	A
barcode06_consensus_vsearch	3873	G	G	352	1	0.28%	2	1	93	93	0.4999999999999138	1	1	199	153	1	0	T
barcode06_consensus_vsearch	3874	T	T	347	3	0.85%	2	2	93	93	0.12446351931328528	1	1	197	150	2	1	C
barcode06_consensus_vsearch	3875	G	G	347	2	0.57%	2	1	93	93	0.24964131994254463	1	1	196	151	2	0	A
barcode06_consensus_vsearch	3876	G	G	351	1	0.28%	2	1	93	93	0.4999999999999138	1	1	199	152	0	1	A
barcode06_consensus_vsearch	3877	T	T	352	1	0.28%	2	1	93	93	0.4999999999999138	1	1	200	152	0	1	-GA
barcode06_consensus_vsearch	3878	G	G	350	1	0.28%	2	1	93	93	0.4999999999999138	1	1	200	150	0	1	+C
barcode06_consensus_vsearch	3879	A	A	346	3	0.85%	2	2	93	93	0.12446197991394273	1	1	198	148	1	2	G
barcode06_consensus_vsearch	3880	C	C	348	3	0.85%	2	2	93	93	0.12446504992864586	1	1	199	149	1	2	T
barcode06_consensus_vsearch	3881	G	G	350	2	0.57%	2	1	93	93	0.2496443812233433	1	1	198	152	2	0	-ACG
barcode06_consensus_vsearch	3882	A	A	345	2	0.57%	2	1	93	93	0.24963924963931935	1	1	196	149	0	2	+T
barcode06_consensus_vsearch	3883	C	C	343	3	0.85%	2	1	93	93	0.124457308248865	1	1	197	146	0	3	+G
barcode06_consensus_vsearch	3884	G	G	347	2	0.57%	2	1	93	93	0.24964131994254463	1	1	197	150	0	2	T
barcode06_consensus_vsearch	3885	G	G	349	3	0.85%	2	2	93	93	0.12446657183497908	1	1	199	150	1	2	A
barcode06_consensus_vsearch	3886	C	*/-G	277	61	17.33%	2	2	93	93	2.2072057277696963E-20	1	1	147	130	47	14	-G
barcode06_consensus_vsearch	3887	G	G	286	3	1.03%	2	1	93	93	0.12435008665509122	1	1	149	137	3	0	A
barcode06_consensus_vsearch	3888	G	G	349	3	0.85%	2	1	93	93	0.12446657183497908	1	1	197	152	3	0	A
barcode06_consensus_vsearch	3889	G	G	353	0	0%	2	0	93	0	1.0	1	0	200	153	0	0	
barcode06_consensus_vsearch	3890	G	G	351	1	0.28%	2	1	93	93	0.4999999999999138	1	1	198	153	1	0	+A
barcode06_consensus_vsearch	3891	G	G	342	5	1.42%	2	1	93	93	0.03080004093026935	1	1	191	151	5	0	-C
barcode06_consensus_vsearch	3892	C	C	348	0	0%	2	0	93	0	1.0	1	0	195	153	0	0	
barcode06_consensus_vsearch	3893	C	C	353	0	0%	2	0	93	0	1.0	1	0	200	153	0	0	
barcode06_consensus_vsearch	3894	C	C	350	1	0.28%	2	1	93	93	0.4999999999999138	1	1	199	151	1	0	+A
barcode06_consensus_vsearch	3895	T	Y	335	8	2.28%	2	2	93	93	0.0037483266674446895	1	1	198	137	1	7	C
barcode06_consensus_vsearch	3896	G	G	339	6	1.73%	2	2	93	93	0.015286317813602767	1	1	197	142	3	3	A
barcode06_consensus_vsearch	3897	G	G	343	5	1.43%	2	2	93	93	0.030801332959592774	1	1	198	145	2	3	A
barcode06_consensus_vsearch	3898	G	G	352	1	0.28%	2	1	93	93	0.4999999999999138	1	1	199	153	1	0	C
barcode06_consensus_vsearch	3899	C	*/-A	329	16	4.53%	2	2	93	93	1.2771684330162773E-5	1	1	180	149	14	2	-A
barcode06_consensus_vsearch	3900	A	A	321	6	1.78%	2	1	93	93	0.015267732793854377	1	1	170	151	6	0	+G
barcode06_consensus_vsearch	3901	G	G	343	5	1.43%	2	2	93	93	0.030801332959592774	1	1	192	151	4	1	-A
barcode06_consensus_vsearch	3902	A	*/-G	334	7	2.02%	2	1	93	93	0.007573357318712367	1	1	184	150	7	0	-G
barcode06_consensus_vsearch	3903	G	G	338	4	1.16%	2	1	93	93	0.06195135480287766	1	1	191	147	0	4	-T
barcode06_consensus_vsearch	3904	T	T	347	0	0%	2	0	93	0	1.0	1	0	199	148	0	0	
barcode06_consensus_vsearch	3905	T	T	349	2	0.57%	2	1	93	93	0.24964336661915734	1	1	199	150	0	2	C
barcode06_consensus_vsearch	3906	C	C	349	2	0.57%	2	1	93	93	0.24964336661915734	1	1	199	150	0	2	-T
barcode06_consensus_vsearch	3907	T	*/-CTT	328	8	2.28%	2	1	93	93	0.003745068929689065	1	1	197	131	0	8	-CTT
barcode06_consensus_vsearch	3908	C	*/-T	256	41	12.31%	2	2	93	93	1.0322768942546425E-13	1	1	169	87	17	24	-T
barcode06_consensus_vsearch	3909	T	T	286	4	1.37%	2	2	93	93	0.06185289284400307	1	1	182	104	1	3	C
barcode06_consensus_vsearch	3910	T	T	329	3	0.9%	2	1	93	93	0.12443438914033345	1	1	199	130	0	3	C
barcode06_consensus_vsearch	3911	T	T	340	3	0.87%	2	1	93	93	0.12445255474455591	1	1	197	143	3	0	C
barcode06_consensus_vsearch	3912	T	T	344	2	0.57%	2	2	93	93	0.2496382054993181	1	1	197	147	1	1	+C
barcode06_consensus_vsearch	3913	C	*/-T	339	8	2.3%	2	1	93	93	0.003750129788579787	1	1	200	139	0	8	-T
barcode06_consensus_vsearch	3914	T	T	338	3	0.88%	2	2	93	93	0.12444933920718405	1	1	199	139	1	2	+CT
barcode06_consensus_vsearch	3915	T	*/-CTT	343	8	2.27%	2	2	93	93	0.0037518922043892396	1	1	196	147	4	4	-CTT
barcode06_consensus_vsearch	3916	C	C	335	5	1.45%	2	2	93	93	0.030790784083803185	1	1	195	140	1	4	+T
barcode06_consensus_vsearch	3917	T	T	336	1	0.29%	2	1	93	93	0.4999999999999138	1	1	196	140	0	1	+C
barcode06_consensus_vsearch	3918	T	T	342	1	0.29%	2	1	93	93	0.5000000000003686	1	1	196	146	0	1	+CT
barcode06_consensus_vsearch	3919	A	A	351	2	0.57%	2	1	93	93	0.24964539007068368	1	1	198	153	2	0	G
barcode06_consensus_vsearch	3920	A	A	349	3	0.85%	2	1	93	93	0.12446657183497908	1	1	196	153	3	0	G
barcode06_consensus_vsearch	3921	C	C	351	1	0.28%	2	1	93	93	0.4999999999999138	1	1	199	152	0	1	+T
barcode06_consensus_vsearch	3922	G	G	348	2	0.57%	2	1	93	93	0.2496423462086995	1	1	195	153	2	0	+A
barcode06_consensus_vsearch	3923	G	G	350	1	0.28%	2	1	93	93	0.4999999999999138	1	1	197	153	1	0	A
barcode06_consensus_vsearch	3924	T	T	348	4	1.13%	2	2	93	93	0.06196695231151725	1	1	196	152	3	1	C
barcode06_consensus_vsearch	3925	C	C	351	1	0.28%	2	1	93	93	0.4999999999999138	1	1	198	153	1	0	A
barcode06_consensus_vsearch	3926	T	T	353	0	0%	2	0	93	0	1.0	1	0	200	153	0	0	
barcode06_consensus_vsearch	3927	A	A	352	1	0.28%	2	1	93	93	0.4999999999999138	1	1	199	153	1	0	G
barcode06_consensus_vsearch	3928	T	T	350	1	0.28%	2	1	93	93	0.4999999999999138	1	1	199	151	0	1	+AT
barcode06_consensus_vsearch	3929	C	C	350	2	0.57%	2	1	93	93	0.2496443812233433	1	1	200	150	0	2	+A
barcode06_consensus_vsearch	3930	A	A	342	5	1.42%	2	2	93	93	0.03080004093026935	1	1	194	148	2	3	+C
barcode06_consensus_vsearch	3931	C	C	341	5	1.43%	2	1	93	93	0.03079874143819971	1	1	196	145	0	5	+T
barcode06_consensus_vsearch	3932	C	C	346	4	1.13%	2	2	93	93	0.06196390416311995	1	1	197	149	2	2	T
barcode06_consensus_vsearch	3933	C	C	350	2	0.57%	2	1	93	93	0.2496443812233433	1	1	200	150	0	2	-T
barcode06_consensus_vsearch	3934	T	T	344	3	0.85%	2	2	93	93	0.12445887445888035	1	1	196	148	1	2	+G
barcode06_consensus_vsearch	3935	G	G	348	2	0.57%	2	1	93	93	0.2496423462086995	1	1	198	150	0	2	-AAATCG
barcode06_consensus_vsearch	3936	A	A	348	2	0.57%	2	1	93	93	0.2496423462086995	1	1	197	151	2	0	G
barcode06_consensus_vsearch	3937	A	A	349	1	0.28%	2	1	93	93	0.4999999999999138	1	1	198	151	1	0	+GT
barcode06_consensus_vsearch	3938	A	A	344	3	0.85%	2	2	93	93	0.12445887445888035	1	1	197	147	2	1	G
barcode06_consensus_vsearch	3939	T	T	345	2	0.57%	2	1	93	93	0.24963924963931935	1	1	196	149	2	0	+CC
barcode06_consensus_vsearch	3940	C	C	346	4	1.14%	2	1	93	93	0.06196390416311995	1	1	195	151	4	0	+A
barcode06_consensus_vsearch	3941	G	G	344	6	1.71%	2	1	93	93	0.015291142065558237	1	1	194	150	6	0	A
barcode06_consensus_vsearch	3942	G	*/+T	333	10	2.83%	2	2	93	93	9.137141362428344E-4	1	1	183	150	9	1	+T
barcode06_consensus_vsearch	3943	T	T	347	1	0.29%	2	1	93	93	0.4999999999999138	1	1	197	150	1	0	A
barcode06_consensus_vsearch	3944	T	T	351	1	0.28%	2	1	93	93	0.4999999999999138	1	1	200	151	0	1	C
barcode06_consensus_vsearch	3945	T	T	352	0	0%	2	0	93	0	1.0	1	0	200	152	0	0	
barcode06_consensus_vsearch	3946	G	G	353	0	0%	2	0	93	0	1.0	1	0	200	153	0	0	
barcode06_consensus_vsearch	3947	T	*/-C	339	10	2.83%	2	1	93	93	9.147741839900973E-4	1	1	188	151	10	0	-C
barcode06_consensus_vsearch	3948	C	C	342	1	0.29%	2	1	93	93	0.5000000000003686	1	1	189	153	1	0	T
barcode06_consensus_vsearch	3949	C	C	348	3	0.85%	2	1	93	93	0.12446504992864586	1	1	200	148	0	3	-G
barcode06_consensus_vsearch	3950	G	G	350	0	0%	2	0	93	0	1.0	1	0	200	150	0	0	
barcode06_consensus_vsearch	3951	G	*/-A	333	18	5.1%	2	1	93	93	3.0505328272218947E-6	1	1	181	152	18	0	-A
barcode06_consensus_vsearch	3952	A	A	333	1	0.3%	2	1	93	93	0.4999999999999138	1	1	181	152	1	0	G
barcode06_consensus_vsearch	3953	G	G	349	1	0.28%	2	1	93	93	0.4999999999999138	1	1	200	149	0	1	+C
barcode06_consensus_vsearch	3954	C	C	344	3	0.85%	2	2	93	93	0.12445887445888035	1	1	199	145	1	2	+T
barcode06_consensus_vsearch	3955	T	Y	336	8	2.29%	2	2	93	93	0.0037487813407406246	1	1	194	142	1	7	C
barcode06_consensus_vsearch	3956	A	*/-G	312	29	8.36%	2	2	93	93	1.0005309954903492E-9	1	1	188	124	4	25	-G
barcode06_consensus_vsearch	3957	G	G	320	1	0.31%	2	1	93	93	0.4999999999999138	1	1	196	124	0	1	+T
barcode06_consensus_vsearch	3958	G	G	351	1	0.28%	2	1	93	93	0.4999999999999138	1	1	198	153	1	0	+AG
barcode06_consensus_vsearch	3959	G	G	349	2	0.57%	2	2	93	93	0.24964336661915734	1	1	199	150	1	1	-T
barcode06_consensus_vsearch	3960	T	T	349	1	0.28%	2	1	93	93	0.4999999999999138	1	1	199	150	0	1	C
barcode06_consensus_vsearch	3961	T	T	351	1	0.28%	2	1	93	93	0.4999999999999138	1	1	199	152	1	0	+CC
barcode06_consensus_vsearch	3962	T	*/-A	342	7	1.98%	2	2	93	93	0.0075788071772909795	1	1	197	145	2	5	-A
barcode06_consensus_vsearch	3963	A	A	341	3	0.87%	2	1	93	93	0.12445414847166256	1	1	197	144	0	3	G
barcode06_consensus_vsearch	3964	A	A	345	4	1.13%	2	2	93	93	0.061962366978748344	1	1	197	148	3	1	G
barcode06_consensus_vsearch	3965	T	T	348	3	0.85%	2	1	93	93	0.12446504992864586	1	1	199	149	0	3	+C
barcode06_consensus_vsearch	3966	G	G	347	3	0.85%	2	1	93	93	0.12446351931328528	1	1	200	147	0	3	T
barcode06_consensus_vsearch	3967	G	*/-C	333	12	3.4%	2	2	93	93	2.215097037561235E-4	1	1	189	144	9	3	-C
barcode06_consensus_vsearch	3968	C	Y	331	7	2.06%	2	1	93	93	0.007571247515222922	1	1	191	140	0	7	T
barcode06_consensus_vsearch	3969	C	Y	334	12	3.41%	2	1	93	93	2.215730487318694E-4	1	1	198	136	0	12	T
barcode06_consensus_vsearch	3970	G	G	343	2	0.57%	2	2	93	93	0.24963715529753122	1	1	197	146	1	1	A
barcode06_consensus_vsearch	3971	G	*/+A	330	16	4.57%	2	2	93	93	1.2778405384928883E-5	1	1	181	149	14	2	+A
barcode06_consensus_vsearch	3972	A	A	349	1	0.29%	2	1	93	93	0.4999999999999138	1	1	196	153	1	0	C
barcode06_consensus_vsearch	3973	A	A	347	3	0.85%	2	1	93	93	0.12446351931328528	1	1	194	153	3	0	+G
barcode06_consensus_vsearch	3974	G	*/-A	342	8	2.27%	2	1	93	93	0.0037514553409778158	1	1	190	152	8	0	-A
barcode06_consensus_vsearch	3975	A	A	338	4	1.16%	2	1	93	93	0.06195135480287766	1	1	188	150	4	0	+G
barcode06_consensus_vsearch	3976	G	G	344	6	1.7%	2	2	93	93	0.015291142065558237	1	1	193	151	5	1	-C
barcode06_consensus_vsearch	3977	C	C	340	3	0.86%	2	1	93	93	0.12445255474455591	1	1	192	148	3	0	G
barcode06_consensus_vsearch	3978	C	C	350	2	0.57%	2	1	93	93	0.2496443812233433	1	1	200	150	0	2	+T
barcode06_consensus_vsearch	3979	C	Y	329	11	3.12%	2	2	93	93	4.497704755708121E-4	1	1	190	139	4	7	T
barcode06_consensus_vsearch	3980	G	G	348	1	0.28%	2	1	93	93	0.4999999999999138	1	1	195	153	1	0	+C
barcode06_consensus_vsearch	3981	A	R	336	9	2.56%	2	2	93	93	0.001852627063167724	1	1	185	151	8	1	G
barcode06_consensus_vsearch	3982	C	*/-AC	339	8	2.27%	2	1	93	93	0.003750129788579787	1	1	186	153	8	0	-AC
barcode06_consensus_vsearch	3983	A	A	336	3	0.87%	2	2	93	93	0.12444608567222228	1	1	187	149	1	2	+C
barcode06_consensus_vsearch	3984	C	C	340	2	0.58%	2	1	93	93	0.24963396778913263	1	1	191	149	0	2	+T
barcode06_consensus_vsearch	3985	C	*/-T	340	8	2.27%	2	1	93	93	0.0037505741543597316	1	1	199	141	0	8	-T
barcode06_consensus_vsearch	3986	T	T	341	2	0.58%	2	1	93	93	0.24963503649639607	1	1	199	142	0	2	C
barcode06_consensus_vsearch	3987	C	C	346	3	0.85%	2	1	93	93	0.12446197991394273	1	1	199	147	0	3	-T
barcode06_consensus_vsearch	3988	T	T	347	3	0.86%	2	1	93	93	0.12446351931328528	1	1	200	147	0	3	C
barcode06_consensus_vsearch	3989	G	G	353	0	0%	2	0	93	0	1.0	1	0	200	153	0	0	
barcode06_consensus_vsearch	3990	T	T	345	4	1.13%	2	1	93	93	0.061962366978748344	1	1	194	151	4	0	+C
barcode06_consensus_vsearch	3991	C	C	347	4	1.14%	2	2	93	93	0.06196543258251349	1	1	197	150	1	3	-G
barcode06_consensus_vsearch	3992	G	R	341	7	2.01%	2	2	93	93	0.007578139567014644	1	1	193	148	6	1	A
barcode06_consensus_vsearch	3993	G	G	352	1	0.28%	2	1	93	93	0.4999999999999138	1	1	200	152	0	1	A
barcode06_consensus_vsearch	3994	G	G	345	5	1.42%	2	1	93	93	0.030803894885687386	1	1	199	146	0	5	+T
barcode06_consensus_vsearch	3995	T	T	342	4	1.14%	2	1	93	93	0.06195770207455419	1	1	195	147	4	0	+C
barcode06_consensus_vsearch	3996	C	C	346	4	1.14%	2	2	93	93	0.06196390416311995	1	1	198	148	1	3	-T
barcode06_consensus_vsearch	3997	T	*/-G	331	10	2.87%	2	1	93	93	9.133526605627675E-4	1	1	199	132	0	10	-G
barcode06_consensus_vsearch	3998	G	G	339	1	0.29%	2	1	93	93	0.5000000000003686	1	1	199	140	1	0	A
barcode06_consensus_vsearch	3999	G	G	350	1	0.28%	2	1	93	93	0.4999999999999138	1	1	200	150	0	1	A
barcode06_consensus_vsearch	4000	T	T	343	4	1.14%	2	1	93	93	0.06195926601136401	1	1	197	146	0	4	C
barcode06_consensus_vsearch	4001	G	*/-TG	334	10	2.84%	2	2	93	93	9.138933286702405E-4	1	1	191	143	4	6	-TG
barcode06_consensus_vsearch	4002	T	*/-G	307	26	7.62%	2	1	93	93	8.970032427271336E-9	1	1	163	144	26	0	-G
barcode06_consensus_vsearch	4003	G	R	295	13	4.11%	2	2	93	93	1.0726924762708005E-4	1	1	158	137	9	4	A
barcode06_consensus_vsearch	4004	C	*/-T	316	15	4.27%	2	2	93	93	2.594884873672003E-5	1	1	178	138	2	13	-T
barcode06_consensus_vsearch	4005	T	*/-C	307	18	5.41%	2	2	93	93	2.994967496678939E-6	1	1	180	127	11	7	-C
barcode06_consensus_vsearch	4006	C	C	327	2	0.61%	2	1	93	93	0.24961948249601232	1	1	182	145	2	0	T
barcode06_consensus_vsearch	4007	C	C	349	2	0.57%	2	1	93	93	0.24964336661915734	1	1	199	150	0	2	T
barcode06_consensus_vsearch	4008	C	Y	304	34	9.63%	2	1	93	93	2.429984059748641E-11	1	1	197	107	0	34	T
barcode06_consensus_vsearch	4009	G	G	349	1	0.28%	2	1	93	93	0.4999999999999138	1	1	196	153	1	0	+AA
barcode06_consensus_vsearch	4010	A	A	350	1	0.28%	2	1	93	93	0.4999999999999138	1	1	198	152	0	1	G
barcode06_consensus_vsearch	4011	C	C	351	1	0.28%	2	1	93	93	0.4999999999999138	1	1	199	152	0	1	T
barcode06_consensus_vsearch	4012	G	G	350	2	0.57%	2	1	93	93	0.2496443812233433	1	1	197	153	2	0	A
barcode06_consensus_vsearch	4013	T	*/-C	314	32	9.07%	2	2	93	93	1.0984614059759716E-10	1	1	164	150	30	2	-C
barcode06_consensus_vsearch	4014	C	C	318	1	0.31%	2	1	93	93	0.5000000000003686	1	1	167	151	1	0	+G
barcode06_consensus_vsearch	4015	C	C	352	0	0%	2	0	93	0	1.0	1	0	199	153	0	0	
barcode06_consensus_vsearch	4016	C	*/-T	340	9	2.55%	2	2	93	93	0.0018537629787316217	1	1	198	142	2	7	-T
barcode06_consensus_vsearch	4017	T	T	343	0	0%	2	0	93	0	1.0	1	0	198	145	0	0	
barcode06_consensus_vsearch	4018	T	T	344	3	0.85%	2	2	93	93	0.12445887445888035	1	1	196	148	1	2	C
barcode06_consensus_vsearch	4019	G	*/-A	269	66	18.7%	2	2	93	93	3.872102827909635E-22	1	1	191	78	5	61	-A
barcode06_consensus_vsearch	4020	A	A	273	5	1.79%	2	2	93	93	0.03068846423273724	1	1	188	85	2	3	G
barcode06_consensus_vsearch	4021	A	A	342	2	0.58%	2	1	93	93	0.24963609898113429	1	1	194	148	0	2	G
barcode06_consensus_vsearch	4022	A	A	345	4	1.14%	2	1	93	93	0.061962366978748344	1	1	192	153	4	0	G
barcode06_consensus_vsearch	4023	A	A	347	2	0.57%	2	1	93	93	0.24964131994254463	1	1	194	153	2	0	G
barcode06_consensus_vsearch	4024	A	A	341	6	1.7%	2	1	93	93	0.015288264148254961	1	1	189	152	6	0	G
barcode06_consensus_vsearch	4025	C	C	349	1	0.29%	2	1	93	93	0.4999999999999138	1	1	197	152	1	0	+T
barcode06_consensus_vsearch	4026	C	C	348	1	0.28%	2	1	93	93	0.4999999999999138	1	1	196	152	1	0	+T
barcode06_consensus_vsearch	4027	A	A	346	2	0.57%	2	1	93	93	0.2496402877699066	1	1	194	152	2	0	-C
barcode06_consensus_vsearch	4028	C	C	347	1	0.29%	2	1	93	93	0.4999999999999138	1	1	195	152	1	0	G
barcode06_consensus_vsearch	4029	C	C	344	6	1.7%	2	1	93	93	0.015291142065558237	1	1	197	147	0	6	-G
barcode06_consensus_vsearch	4030	G	G	345	2	0.58%	2	1	93	93	0.24963924963931935	1	1	200	145	0	2	+A
barcode06_consensus_vsearch	4031	G	G	347	3	0.85%	2	2	93	93	0.12446351931328528	1	1	196	151	2	1	-A
barcode06_consensus_vsearch	4032	A	*/-G	246	59	16.91%	2	2	93	93	7.750280235800761E-20	1	1	102	144	56	3	-G
barcode06_consensus_vsearch	4033	G	*/+A	252	8	3.02%	2	1	93	93	0.003698553505001527	1	1	103	149	8	0	+A
barcode06_consensus_vsearch	4034	G	R	292	25	7.72%	2	1	93	93	1.821503491164168E-8	1	1	140	152	25	0	A
barcode06_consensus_vsearch	4035	G	*/-A	336	8	2.27%	2	2	93	93	0.0037487813407406246	1	1	188	148	6	2	-A
barcode06_consensus_vsearch	4036	A	A	337	2	0.59%	2	1	93	93	0.24963072378129092	1	1	186	151	2	0	G
barcode06_consensus_vsearch	4037	A	A	344	1	0.29%	2	1	93	93	0.4999999999999138	1	1	193	151	0	1	+G
barcode06_consensus_vsearch	4038	T	*/-A	334	9	2.57%	2	1	93	93	0.0018520493120850327	1	1	194	140	0	9	-A
barcode06_consensus_vsearch	4039	A	A	340	1	0.29%	2	1	93	93	0.4999999999999138	1	1	197	143	1	0	C
barcode06_consensus_vsearch	4040	A	A	343	6	1.71%	2	1	93	93	0.015290188241060826	1	1	198	145	0	6	-T
barcode06_consensus_vsearch	4041	T	T	342	2	0.58%	2	1	93	93	0.24963609898113429	1	1	198	144	0	2	C
barcode06_consensus_vsearch	4042	T	Y	339	9	2.55%	2	2	93	93	0.0018534814134889795	1	1	198	141	1	8	C
barcode06_consensus_vsearch	4043	C	C	349	1	0.29%	2	1	93	93	0.4999999999999138	1	1	199	150	1	0	-TCC
barcode06_consensus_vsearch	4044	T	*/-C	327	23	6.53%	2	2	93	93	8.205424167467923E-8	1	1	178	149	21	2	-C
barcode06_consensus_vsearch	4045	C	C	326	2	0.61%	2	2	93	93	0.24961832061075181	1	1	176	150	1	1	T
barcode06_consensus_vsearch	4046	C	C	349	1	0.28%	2	1	93	93	0.4999999999999138	1	1	197	152	0	1	+T
barcode06_consensus_vsearch	4047	A	A	349	2	0.57%	2	1	93	93	0.24964336661915734	1	1	197	152	2	0	-G
barcode06_consensus_vsearch	4048	G	R	331	19	5.41%	2	1	93	93	1.4840374262401295E-6	1	1	179	152	19	0	A
barcode06_consensus_vsearch	4049	C	C	349	2	0.57%	2	1	93	93	0.24964336661915734	1	1	197	152	2	0	-T
barcode06_consensus_vsearch	4050	T	T	341	3	0.85%	2	1	93	93	0.12445414847166256	1	1	191	150	3	0	+G
barcode06_consensus_vsearch	4051	A	*/-G	334	7	2%	2	2	93	93	0.007573357318712367	1	1	192	142	4	3	-G
barcode06_consensus_vsearch	4052	G	G	342	3	0.87%	2	2	93	93	0.12445573294627689	1	1	195	147	1	2	A
barcode06_consensus_vsearch	4053	G	G	349	4	1.13%	2	2	93	93	0.06196846342422332	1	1	199	150	1	3	A
barcode06_consensus_vsearch	4054	T	T	346	5	1.42%	2	2	93	93	0.03080516490845092	1	1	195	151	3	2	-C
barcode06_consensus_vsearch	4055	C	C	338	4	1.15%	2	1	93	93	0.06195135480287766	1	1	190	148	4	0	+A
barcode06_consensus_vsearch	4056	G	G	342	4	1.14%	2	1	93	93	0.06195770207455419	1	1	192	150	4	0	T
barcode06_consensus_vsearch	4057	T	T	347	2	0.57%	2	2	93	93	0.24964131994254463	1	1	198	149	1	1	C
barcode06_consensus_vsearch	4058	A	A	348	2	0.57%	2	1	93	93	0.2496423462086995	1	1	198	150	0	2	+C
barcode06_consensus_vsearch	4059	C	C	348	2	0.57%	2	1	93	93	0.2496423462086995	1	1	200	148	0	2	-T
barcode06_consensus_vsearch	4060	T	T	348	2	0.57%	2	2	93	93	0.2496423462086995	1	1	198	150	1	1	+C
barcode06_consensus_vsearch	4061	C	C	350	1	0.28%	2	1	93	93	0.4999999999999138	1	1	198	152	1	0	-A
barcode06_consensus_vsearch	4062	A	A	337	6	1.71%	2	2	93	93	0.015284348849175712	1	1	189	148	4	2	G
barcode06_consensus_vsearch	4063	T	T	341	5	1.43%	2	1	93	93	0.03079874143819971	1	1	191	150	5	0	C
barcode06_consensus_vsearch	4064	A	A	347	0	0%	2	0	93	0	1.0	1	0	197	150	0	0	
barcode06_consensus_vsearch	4065	A	A	343	3	0.85%	2	1	93	93	0.124457308248865	1	1	191	152	3	0	-C
barcode06_consensus_vsearch	4066	C	C	345	2	0.57%	2	1	93	93	0.24963924963931935	1	1	192	153	2	0	A
barcode06_consensus_vsearch	4067	C	C	347	3	0.85%	2	1	93	93	0.12446351931328528	1	1	198	149	0	3	T
barcode06_consensus_vsearch	4068	G	G	349	4	1.13%	2	2	93	93	0.06196846342422332	1	1	197	152	3	1	A
barcode06_consensus_vsearch	4069	C	C	350	2	0.57%	2	2	93	93	0.2496443812233433	1	1	198	152	1	1	T
barcode06_consensus_vsearch	4070	A	A	350	1	0.28%	2	1	93	93	0.4999999999999138	1	1	199	151	0	1	G
barcode06_consensus_vsearch	4071	G	G	345	5	1.42%	2	2	93	93	0.030803894885687386	1	1	196	149	2	3	-CAG
barcode06_consensus_vsearch	4072	C	C	342	3	0.87%	2	1	93	93	0.12445573294627689	1	1	193	149	3	0	-A
barcode06_consensus_vsearch	4073	A	A	334	6	1.74%	2	2	93	93	0.015281352100851874	1	1	186	148	5	1	G
barcode06_consensus_vsearch	4074	G	G	345	1	0.29%	2	1	93	93	0.4999999999999138	1	1	196	149	1	0	+A
barcode06_consensus_vsearch	4075	G	G	350	2	0.57%	2	1	93	93	0.2496443812233433	1	1	200	150	0	2	-T
barcode06_consensus_vsearch	4076	T	T	344	5	1.42%	2	2	93	93	0.03080261759027664	1	1	197	147	1	4	-C
barcode06_consensus_vsearch	4077	C	C	348	0	0%	2	0	93	0	1.0	1	0	199	149	0	0	
barcode06_consensus_vsearch	4078	T	*/-C	315	32	9.07%	2	1	93	93	1.1009572801717567E-10	1	1	165	150	32	0	-C
barcode06_consensus_vsearch	4079	C	C	320	1	0.31%	2	1	93	93	0.4999999999999138	1	1	168	152	0	1	T
barcode06_consensus_vsearch	4080	C	*/-A	337	10	2.83%	2	2	93	93	9.14424829084238E-4	1	1	187	150	9	1	-A
barcode06_consensus_vsearch	4081	A	A	338	4	1.17%	2	2	93	93	0.06195135480287766	1	1	189	149	2	2	G
barcode06_consensus_vsearch	4082	A	A	346	2	0.57%	2	1	93	93	0.2496402877699066	1	1	198	148	2	0	-G
barcode06_consensus_vsearch	4083	G	G	348	1	0.29%	2	1	93	93	0.4999999999999138	1	1	197	151	1	0	A
barcode06_consensus_vsearch	4084	G	G	350	1	0.28%	2	1	93	93	0.4999999999999138	1	1	198	152	1	0	A
barcode06_consensus_vsearch	4085	T	T	346	4	1.13%	2	2	93	93	0.06196390416311995	1	1	195	151	3	1	+A
barcode06_consensus_vsearch	4086	G	G	346	3	0.85%	2	1	93	93	0.12446197991394273	1	1	197	149	3	0	-A
barcode06_consensus_vsearch	4087	A	A	349	1	0.29%	2	1	93	93	0.4999999999999138	1	1	196	153	1	0	T
barcode06_consensus_vsearch	4088	A	A	348	2	0.57%	2	1	93	93	0.2496423462086995	1	1	197	151	2	0	G
barcode06_consensus_vsearch	4089	C	C	350	2	0.57%	2	1	93	93	0.2496443812233433	1	1	197	153	2	0	T
barcode06_consensus_vsearch	4090	A	A	350	1	0.28%	2	1	93	93	0.4999999999999138	1	1	199	151	0	1	+G
barcode06_consensus_vsearch	4091	G	G	352	0	0%	2	0	93	0	1.0	1	0	199	153	0	0	
barcode06_consensus_vsearch	4092	C	C	351	1	0.28%	2	1	93	93	0.4999999999999138	1	1	198	153	1	0	T
barcode06_consensus_vsearch	4093	C	C	349	2	0.57%	2	1	93	93	0.24964336661915734	1	1	199	150	0	2	-T
barcode06_consensus_vsearch	4094	T	T	346	2	0.57%	2	1	93	93	0.2496402877699066	1	1	196	150	2	0	+C
barcode06_consensus_vsearch	4095	C	*/+T	343	7	1.99%	2	1	93	93	0.007579470995029922	1	1	199	144	0	7	+T
barcode06_consensus_vsearch	4096	T	T	345	4	1.14%	2	1	93	93	0.061962366978748344	1	1	200	145	0	4	-G
barcode06_consensus_vsearch	4097	G	G	347	1	0.29%	2	1	93	93	0.4999999999999138	1	1	199	148	1	0	+TG
barcode06_consensus_vsearch	4098	G	G	350	1	0.28%	2	1	93	93	0.4999999999999138	1	1	199	151	1	0	-T
barcode06_consensus_vsearch	4099	T	T	348	4	1.14%	2	2	93	93	0.06196695231151725	1	1	198	150	1	3	C
barcode06_consensus_vsearch	4100	T	T	348	3	0.85%	2	1	93	93	0.12446504992864586	1	1	199	149	0	3	+G
barcode06_consensus_vsearch	4101	G	G	352	1	0.28%	2	1	93	93	0.4999999999999138	1	1	200	152	0	1	-A
barcode06_consensus_vsearch	4102	A	A	351	1	0.28%	2	1	93	93	0.4999999999999138	1	1	199	152	1	0	T
barcode06_consensus_vsearch	4103	T	T	347	2	0.57%	2	1	93	93	0.24964131994254463	1	1	195	152	2	0	+G
barcode06_consensus_vsearch	4104	A	A	346	2	0.57%	2	2	93	93	0.2496402877699066	1	1	195	151	1	1	+G
barcode06_consensus_vsearch	4105	G	G	351	1	0.28%	2	1	93	93	0.4999999999999138	1	1	199	152	1	0	+A
barcode06_consensus_vsearch	4106	A	A	348	4	1.14%	2	2	93	93	0.06196695231151725	1	1	197	151	3	1	G
barcode06_consensus_vsearch	4107	A	A	351	2	0.57%	2	1	93	93	0.24964539007068368	1	1	198	153	2	0	+GA
barcode06_consensus_vsearch	4108	C	C	351	2	0.57%	2	1	93	93	0.24964539007068368	1	1	198	153	2	0	-A
barcode06_consensus_vsearch	4109	A	A	350	1	0.28%	2	1	93	93	0.4999999999999138	1	1	197	153	1	0	G
barcode06_consensus_vsearch	4110	A	A	348	3	0.85%	2	2	93	93	0.12446504992864586	1	1	198	150	1	2	G
barcode06_consensus_vsearch	4111	T	T	349	1	0.28%	2	1	93	93	0.4999999999999138	1	1	199	150	0	1	+G
barcode06_consensus_vsearch	4112	G	G	350	1	0.28%	2	1	93	93	0.4999999999999138	1	1	199	151	0	1	-TAG
barcode06_consensus_vsearch	4113	T	T	341	3	0.85%	2	2	93	93	0.12445414847166256	1	1	195	146	1	2	-A
barcode06_consensus_vsearch	4114	A	A	346	1	0.29%	2	1	93	93	0.4999999999999138	1	1	197	149	0	1	+G
barcode06_consensus_vsearch	4115	G	G	350	1	0.28%	2	1	93	93	0.4999999999999138	1	1	199	151	0	1	T
barcode06_consensus_vsearch	4116	A	A	350	2	0.57%	2	1	93	93	0.2496443812233433	1	1	198	152	2	0	G
barcode06_consensus_vsearch	4117	T	*/-A	335	11	3.12%	2	2	93	93	4.50421630407793E-4	1	1	189	146	6	5	-A
barcode06_consensus_vsearch	4118	A	A	335	3	0.88%	2	1	93	93	0.12444444444441763	1	1	189	146	3	0	G
barcode06_consensus_vsearch	4119	A	*/-G	266	68	19.43%	2	2	93	93	7.567912755056438E-23	1	1	123	143	60	8	-G
barcode06_consensus_vsearch	4120	G	G	269	4	1.44%	2	1	93	93	0.06181256019060895	1	1	132	137	0	4	+T
barcode06_consensus_vsearch	4121	G	K	339	7	2.02%	2	1	93	93	0.00757679283814411	1	1	194	145	0	7	T
barcode06_consensus_vsearch	4122	G	G	347	1	0.29%	2	1	93	93	0.4999999999999138	1	1	194	153	1	0	-A
barcode06_consensus_vsearch	4123	A	A	349	0	0%	2	0	93	0	1.0	1	0	196	153	0	0	
barcode06_consensus_vsearch	4124	A	A	349	1	0.28%	2	1	93	93	0.4999999999999138	1	1	197	152	1	0	G
barcode06_consensus_vsearch	4125	G	G	350	2	0.57%	2	1	93	93	0.2496443812233433	1	1	200	150	0	2	+C
barcode06_consensus_vsearch	4126	T	T	348	2	0.57%	2	1	93	93	0.2496423462086995	1	1	198	150	0	2	C
barcode06_consensus_vsearch	4127	C	C	346	4	1.14%	2	2	93	93	0.06196390416311995	1	1	198	148	2	2	T
barcode06_consensus_vsearch	4128	G	G	347	3	0.85%	2	2	93	93	0.12446351931328528	1	1	198	149	2	1	A
barcode06_consensus_vsearch	4129	G	G	349	2	0.57%	2	1	93	93	0.24964336661915734	1	1	198	151	2	0	+C
barcode06_consensus_vsearch	4130	C	*/-A	338	9	2.56%	2	2	93	93	0.0018531982482901858	1	1	195	143	4	5	-A
barcode06_consensus_vsearch	4131	A	A	342	1	0.29%	2	1	93	93	0.5000000000003686	1	1	195	147	1	0	+G
barcode06_consensus_vsearch	4132	A	A	351	1	0.28%	2	1	93	93	0.4999999999999138	1	1	199	152	1	0	+T
barcode06_consensus_vsearch	4133	A	A	351	1	0.28%	2	1	93	93	0.4999999999999138	1	1	199	152	0	1	+C
barcode06_consensus_vsearch	4134	A	A	349	3	0.85%	2	2	93	93	0.12446657183497908	1	1	198	151	1	2	-T
barcode06_consensus_vsearch	4135	T	T	345	2	0.57%	2	1	93	93	0.24963924963931935	1	1	195	150	2	0	+G
barcode06_consensus_vsearch	4136	A	*/+G	343	7	1.98%	2	1	93	93	0.007579470995029922	1	1	198	145	0	7	+G
barcode06_consensus_vsearch	4137	G	G	346	4	1.14%	2	1	93	93	0.06196390416311995	1	1	194	152	4	0	-A
barcode06_consensus_vsearch	4138	A	A	348	1	0.29%	2	1	93	93	0.4999999999999138	1	1	196	152	0	1	-T
barcode06_consensus_vsearch	4139	T	T	346	2	0.57%	2	1	93	93	0.2496402877699066	1	1	196	150	2	0	+C
barcode06_consensus_vsearch	4140	C	C	351	0	0%	2	0	93	0	1.0	1	0	198	153	0	0	
barcode06_consensus_vsearch	4141	C	C	349	1	0.28%	2	1	93	93	0.4999999999999138	1	1	197	152	1	0	+A
barcode06_consensus_vsearch	4142	G	G	348	2	0.57%	2	1	93	93	0.2496423462086995	1	1	197	151	2	0	-TAA
barcode06_consensus_vsearch	4143	T	T	345	2	0.57%	2	2	93	93	0.24963924963931935	1	1	196	149	1	1	C
barcode06_consensus_vsearch	4144	A	A	350	0	0%	2	0	93	0	1.0	1	0	197	153	0	0	
barcode06_consensus_vsearch	4145	A	A	342	6	1.71%	2	2	93	93	0.015289228950998206	1	1	192	150	5	1	G
barcode06_consensus_vsearch	4146	C	*/-T	340	8	2.27%	2	2	93	93	0.0037505741543597316	1	1	195	145	3	5	-T
barcode06_consensus_vsearch	4147	T	T	341	3	0.87%	2	2	93	93	0.12445414847166256	1	1	195	146	2	1	C
barcode06_consensus_vsearch	4148	T	*/+C	338	7	1.99%	2	1	93	93	0.007576113653235487	1	1	189	149	7	0	+C
barcode06_consensus_vsearch	4149	C	*/-G	314	11	3.16%	2	2	93	93	4.480402523169095E-4	1	1	178	136	7	4	-G
barcode06_consensus_vsearch	4150	G	G	329	5	1.48%	2	1	93	93	0.030782541060295352	1	1	186	143	5	0	A
barcode06_consensus_vsearch	4151	G	G	349	0	0%	2	0	93	0	1.0	1	0	200	149	0	0	
barcode06_consensus_vsearch	4152	G	*/-A	323	17	4.82%	2	2	93	93	6.215299213934263E-6	1	1	185	138	8	9	-A
barcode06_consensus_vsearch	4153	A	A	328	2	0.6%	2	1	93	93	0.2496206373292684	1	1	186	142	2	0	G
barcode06_consensus_vsearch	4154	A	A	346	2	0.57%	2	1	93	93	0.2496402877699066	1	1	195	151	2	0	G
barcode06_consensus_vsearch	4155	A	A	347	3	0.85%	2	1	93	93	0.12446351931328528	1	1	196	151	3	0	G
barcode06_consensus_vsearch	4156	A	*/-G	328	16	4.53%	2	2	93	93	1.2764926855016624E-5	1	1	182	146	15	1	-G
barcode06_consensus_vsearch	4157	G	G	330	3	0.89%	2	1	93	93	0.12443609022563339	1	1	179	151	3	0	A
barcode06_consensus_vsearch	4158	G	*/-A	336	17	4.82%	2	1	93	93	6.263539241939495E-6	1	1	183	153	17	0	-A
barcode06_consensus_vsearch	4159	A	A	332	2	0.6%	2	1	93	93	0.24962518740646034	1	1	179	153	2	0	G
barcode06_consensus_vsearch	4160	T	T	352	1	0.28%	2	1	93	93	0.4999999999999138	1	1	199	153	1	0	C
barcode06_consensus_vsearch	4161	T	T	346	2	0.57%	2	1	93	93	0.2496402877699066	1	1	199	147	0	2	+G
barcode06_consensus_vsearch	4162	G	G	347	1	0.28%	2	1	93	93	0.4999999999999138	1	1	196	151	1	0	+A
barcode06_consensus_vsearch	4163	G	G	344	3	0.85%	2	2	93	93	0.12445887445888035	1	1	199	145	1	2	A
barcode06_consensus_vsearch	4164	C	C	343	5	1.42%	2	2	93	93	0.030801332959592774	1	1	197	146	2	3	-T
barcode06_consensus_vsearch	4165	T	T	340	3	0.86%	2	1	93	93	0.12445255474455591	1	1	195	145	0	3	-C
barcode06_consensus_vsearch	4166	C	C	343	6	1.71%	2	2	93	93	0.015290188241060826	1	1	197	146	3	3	-T
barcode06_consensus_vsearch	4167	T	*/-A	328	13	3.75%	2	2	93	93	1.0864499740310097E-4	1	1	183	145	10	3	-A
barcode06_consensus_vsearch	4168	A	A	334	3	0.88%	2	2	93	93	0.12444279346210338	1	1	186	148	2	1	+G
barcode06_consensus_vsearch	4169	A	*/+G	333	7	1.98%	2	1	93	93	0.007572658162744914	1	1	188	145	7	0	+G
barcode06_consensus_vsearch	4170	G	G	343	2	0.58%	2	1	93	93	0.24963715529753122	1	1	194	149	0	2	T
barcode06_consensus_vsearch	4171	G	G	353	0	0%	2	0	93	0	1.0	1	0	200	153	0	0	
barcode06_consensus_vsearch	4172	G	G	352	1	0.28%	2	1	93	93	0.4999999999999138	1	1	199	153	1	0	T
barcode06_consensus_vsearch	4173	T	T	348	5	1.42%	2	1	93	93	0.030807683383255846	1	1	200	148	0	5	C
barcode06_consensus_vsearch	4174	T	T	347	6	1.7%	2	2	93	93	0.015293971208790802	1	1	198	149	2	4	-G
barcode06_consensus_vsearch	4175	G	G	343	3	0.86%	2	2	93	93	0.124457308248865	1	1	196	147	2	1	A
barcode06_consensus_vsearch	4176	G	G	346	3	0.85%	2	1	93	93	0.12446197991394273	1	1	195	151	3	0	+A
barcode06_consensus_vsearch	4177	G	G	348	2	0.57%	2	1	93	93	0.2496423462086995	1	1	200	148	0	2	-TA
barcode06_consensus_vsearch	4178	T	T	343	3	0.86%	2	1	93	93	0.124457308248865	1	1	197	146	0	3	C
barcode06_consensus_vsearch	4179	A	A	346	2	0.57%	2	1	93	93	0.2496402877699066	1	1	199	147	0	2	G
barcode06_consensus_vsearch	4180	C	C	340	4	1.14%	2	1	93	93	0.06195454690339171	1	1	195	145	4	0	+AC
barcode06_consensus_vsearch	4181	G	G	347	1	0.29%	2	1	93	93	0.4999999999999138	1	1	198	149	1	0	+A
barcode06_consensus_vsearch	4182	T	T	345	2	0.57%	2	1	93	93	0.24963924963931935	1	1	198	147	0	2	C
barcode06_consensus_vsearch	4183	T	T	344	3	0.85%	2	1	93	93	0.12445887445888035	1	1	199	145	0	3	-G
barcode06_consensus_vsearch	4184	G	G	344	3	0.86%	2	2	93	93	0.12445887445888035	1	1	199	145	1	2	A
barcode06_consensus_vsearch	4185	G	G	347	2	0.57%	2	1	93	93	0.24964131994254463	1	1	199	148	0	2	A
barcode06_consensus_vsearch	4186	G	G	338	5	1.42%	2	1	93	93	0.03079479753340632	1	1	199	139	0	5	+C
barcode06_consensus_vsearch	4187	C	C	342	3	0.87%	2	2	93	93	0.12445573294627689	1	1	198	144	1	2	T
barcode06_consensus_vsearch	4188	C	C	345	3	0.85%	2	1	93	93	0.12446043165476364	1	1	199	146	0	3	+T
barcode06_consensus_vsearch	4189	C	C	336	5	1.42%	2	1	93	93	0.03079212974078601	1	1	198	138	0	5	+T
barcode06_consensus_vsearch	4190	T	T	346	1	0.29%	2	1	93	93	0.4999999999999138	1	1	199	147	0	1	G
barcode06_consensus_vsearch	4191	T	*/-G	339	7	1.99%	2	1	93	93	0.00757679283814411	1	1	198	141	0	7	-G
barcode06_consensus_vsearch	4192	G	G	339	3	0.87%	2	1	93	93	0.12445095168370475	1	1	198	141	0	3	T
barcode06_consensus_vsearch	4193	G	G	346	2	0.57%	2	1	93	93	0.2496402877699066	1	1	199	147	0	2	C
barcode06_consensus_vsearch	4194	T	Y	334	9	2.56%	2	2	93	93	0.0018520493120850327	1	1	198	136	1	8	C
barcode06_consensus_vsearch	4195	G	G	348	1	0.29%	2	1	93	93	0.4999999999999138	1	1	199	149	0	1	+ACA
barcode06_consensus_vsearch	4196	G	G	351	1	0.28%	2	1	93	93	0.4999999999999138	1	1	198	153	1	0	-A
barcode06_consensus_vsearch	4197	A	A	349	2	0.57%	2	2	93	93	0.24964336661915734	1	1	197	152	1	1	G
barcode06_consensus_vsearch	4198	C	C	346	2	0.57%	2	2	93	93	0.2496402877699066	1	1	194	152	1	1	+G
barcode06_consensus_vsearch	4199	G	R	331	20	5.68%	2	1	93	93	7.219069363023581E-7	1	1	178	153	20	0	A
barcode06_consensus_vsearch	4200	G	G	344	6	1.7%	2	1	93	93	0.015291142065558237	1	1	199	145	0	6	+C
barcode06_consensus_vsearch	4201	C	C	346	3	0.85%	2	1	93	93	0.12446197991394273	1	1	199	147	0	3	-T
barcode06_consensus_vsearch	4202	T	*/+C	326	15	4.29%	2	1	93	93	2.607526615259342E-5	1	1	184	142	15	0	+C
barcode06_consensus_vsearch	4203	C	*/-G	285	42	12.1%	2	2	93	93	5.569019483050183E-14	1	1	157	128	24	18	-G
barcode06_consensus_vsearch	4204	G	G	300	4	1.29%	2	2	93	93	0.061882718150526386	1	1	171	129	3	1	A
barcode06_consensus_vsearch	4205	G	*/-A	335	10	2.84%	2	2	93	93	9.140715025325323E-4	1	1	187	148	8	2	-A
barcode06_consensus_vsearch	4206	A	A	337	2	0.59%	2	1	93	93	0.24963072378129092	1	1	188	149	2	0	G
barcode06_consensus_vsearch	4207	A	A	346	2	0.57%	2	1	93	93	0.2496402877699066	1	1	196	150	2	0	G
barcode06_consensus_vsearch	4208	G	G	342	6	1.7%	2	2	93	93	0.015289228950998206	1	1	192	150	5	1	A
barcode06_consensus_vsearch	4209	C	C	345	3	0.85%	2	1	93	93	0.12446043165476364	1	1	199	146	0	3	-A
barcode06_consensus_vsearch	4210	A	A	344	3	0.86%	2	1	93	93	0.12445887445888035	1	1	197	147	0	3	G
barcode06_consensus_vsearch	4211	G	G	351	1	0.28%	2	1	93	93	0.4999999999999138	1	1	198	153	1	0	+A
barcode06_consensus_vsearch	4212	A	A	349	3	0.85%	2	2	93	93	0.12446657183497908	1	1	198	151	2	1	G
barcode06_consensus_vsearch	4213	T	T	350	1	0.28%	2	1	93	93	0.4999999999999138	1	1	198	152	1	0	-CGCCACT
barcode06_consensus_vsearch	4214	C	C	351	1	0.28%	2	1	93	93	0.4999999999999138	1	1	198	153	1	0	-G
barcode06_consensus_vsearch	4215	G	G	349	2	0.57%	2	1	93	93	0.24964336661915734	1	1	196	153	2	0	A
barcode06_consensus_vsearch	4216	C	C	350	1	0.28%	2	1	93	93	0.4999999999999138	1	1	198	152	0	1	+TGC
barcode06_consensus_vsearch	4217	C	C	349	3	0.85%	2	2	93	93	0.12446657183497908	1	1	198	151	1	2	T
barcode06_consensus_vsearch	4218	A	R	338	9	2.56%	2	2	93	93	0.0018531982482901858	1	1	189	149	8	1	G
barcode06_consensus_vsearch	4219	C	C	342	3	0.86%	2	1	93	93	0.12445573294627689	1	1	196	146	0	3	+T
barcode06_consensus_vsearch	4220	T	T	339	4	1.15%	2	1	93	93	0.06195295550973475	1	1	197	142	0	4	+C
barcode06_consensus_vsearch	4221	A	A	349	2	0.57%	2	1	93	93	0.24964336661915734	1	1	199	150	0	2	+G
barcode06_consensus_vsearch	4222	G	*/-C	343	8	2.27%	2	2	93	93	0.0037518922043892396	1	1	197	146	2	6	-C
barcode06_consensus_vsearch	4223	C	C	344	1	0.29%	2	1	93	93	0.4999999999999138	1	1	198	146	0	1	T
barcode06_consensus_vsearch	4224	C	*/+G	328	9	2.55%	2	1	93	93	0.0018502755113221137	1	1	197	131	0	9	+G
barcode06_consensus_vsearch	4225	G	G	336	4	1.16%	2	1	93	93	0.06194812512106263	1	1	195	141	0	4	T
barcode06_consensus_vsearch	4226	G	G	344	2	0.57%	2	1	93	93	0.2496382054993181	1	1	195	149	2	0	+A
barcode06_consensus_vsearch	4227	G	G	348	2	0.57%	2	2	93	93	0.2496423462086995	1	1	196	152	1	1	-C
barcode06_consensus_vsearch	4228	C	*/-A	305	27	7.71%	2	1	93	93	4.295403286738995E-9	1	1	198	107	0	27	-A
barcode06_consensus_vsearch	4229	A	A	323	2	0.61%	2	1	93	93	0.24961479198738026	1	1	199	124	0	2	T
barcode06_consensus_vsearch	4230	A	R	332	11	3.12%	2	2	93	93	4.500988274684685E-4	1	1	189	143	10	1	G
barcode06_consensus_vsearch	4231	C	Y	333	13	3.74%	2	1	93	93	1.0883146805374691E-4	1	1	199	134	0	13	T
barcode06_consensus_vsearch	4232	C	Y	329	12	3.4%	2	2	93	93	2.212527302735519E-4	1	1	199	130	1	11	T
barcode06_consensus_vsearch	4233	G	G	347	2	0.57%	2	1	93	93	0.24964131994254463	1	1	197	150	2	0	A
barcode06_consensus_vsearch	4234	G	G	342	5	1.42%	2	1	93	93	0.03080004093026935	1	1	190	152	5	0	-C
barcode06_consensus_vsearch	4235	C	C	343	3	0.86%	2	1	93	93	0.124457308248865	1	1	193	150	0	3	T
barcode06_consensus_vsearch	4236	C	*/-G	336	10	2.84%	2	2	93	93	9.142486664832635E-4	1	1	195	141	2	8	-G
barcode06_consensus_vsearch	4237	G	G	341	1	0.29%	2	1	93	93	0.4999999999999138	1	1	196	145	1	0	+A
barcode06_consensus_vsearch	4238	G	G	342	6	1.7%	2	1	93	93	0.015289228950998206	1	1	191	151	6	0	-AG
barcode06_consensus_vsearch	4239	A	*/-G	334	7	2.03%	2	2	93	93	0.007573357318712367	1	1	188	146	4	3	-G
barcode06_consensus_vsearch	4240	G	G	331	3	0.89%	2	1	93	93	0.12443778110934689	1	1	186	145	3	0	+A
barcode06_consensus_vsearch	4241	G	G	348	2	0.57%	2	1	93	93	0.2496423462086995	1	1	199	149	0	2	-CAG
barcode06_consensus_vsearch	4242	C	C	340	4	1.14%	2	1	93	93	0.06195454690339171	1	1	194	146	4	0	+G
barcode06_consensus_vsearch	4243	A	A	338	5	1.44%	2	2	93	93	0.03079479753340632	1	1	192	146	4	1	-G
barcode06_consensus_vsearch	4244	G	G	342	2	0.58%	2	1	93	93	0.24963609898113429	1	1	193	149	2	0	+A
barcode06_consensus_vsearch	4245	T	T	345	3	0.85%	2	2	93	93	0.12446043165476364	1	1	196	149	2	1	A
barcode06_consensus_vsearch	4246	C	C	349	2	0.57%	2	1	93	93	0.24964336661915734	1	1	199	150	0	2	-A
barcode06_consensus_vsearch	4247	A	A	340	6	1.71%	2	1	93	93	0.015287293785191516	1	1	194	146	6	0	G
barcode06_consensus_vsearch	4248	G	G	346	2	0.57%	2	1	93	93	0.2496402877699066	1	1	199	147	0	2	-C
barcode06_consensus_vsearch	4249	C	C	346	5	1.42%	2	1	93	93	0.03080516490845092	1	1	200	146	0	5	T
barcode06_consensus_vsearch	4250	A	A	340	5	1.42%	2	1	93	93	0.030797434418565302	1	1	198	142	0	5	+T
barcode06_consensus_vsearch	4251	T	T	345	2	0.57%	2	1	93	93	0.24963924963931935	1	1	197	148	2	0	+C
barcode06_consensus_vsearch	4252	C	*/-T	339	9	2.56%	2	2	93	93	0.0018534814134889795	1	1	194	145	4	5	-T
barcode06_consensus_vsearch	4253	T	T	330	5	1.46%	2	2	93	93	0.030783935386533456	1	1	191	139	2	3	C
barcode06_consensus_vsearch	4254	G	G	338	6	1.74%	2	2	93	93	0.01528533618469065	1	1	193	145	4	2	A
barcode06_consensus_vsearch	4255	G	G	347	2	0.57%	2	2	93	93	0.24964131994254463	1	1	198	149	1	1	A
barcode06_consensus_vsearch	4256	G	G	350	2	0.57%	2	1	93	93	0.2496443812233433	1	1	198	152	2	0	+T
barcode06_consensus_vsearch	4257	T	T	351	2	0.57%	2	1	93	93	0.24964539007068368	1	1	200	151	0	2	C
barcode06_consensus_vsearch	4258	T	T	346	4	1.13%	2	2	93	93	0.06196390416311995	1	1	196	150	2	2	+C
barcode06_consensus_vsearch	4259	C	C	345	3	0.85%	2	1	93	93	0.12446043165476364	1	1	195	150	0	3	+T
barcode06_consensus_vsearch	4260	T	T	344	2	0.57%	2	1	93	93	0.2496382054993181	1	1	195	149	0	2	+G
barcode06_consensus_vsearch	4261	G	G	352	1	0.28%	2	1	93	93	0.4999999999999138	1	1	199	153	1	0	-A
barcode06_consensus_vsearch	4262	A	A	348	3	0.85%	2	1	93	93	0.12446504992864586	1	1	196	152	3	0	G
barcode06_consensus_vsearch	4263	C	C	349	3	0.85%	2	1	93	93	0.12446657183497908	1	1	197	152	3	0	-GCC
barcode06_consensus_vsearch	4264	G	G	343	4	1.14%	2	2	93	93	0.06195926601136401	1	1	191	152	3	1	A
barcode06_consensus_vsearch	4265	C	C	344	2	0.57%	2	1	93	93	0.2496382054993181	1	1	194	150	0	2	+T
barcode06_consensus_vsearch	4266	C	C	340	6	1.72%	2	2	93	93	0.015287293785191516	1	1	194	146	1	5	-T
barcode06_consensus_vsearch	4267	T	T	339	3	0.87%	2	1	93	93	0.12445095168370475	1	1	194	145	3	0	A
barcode06_consensus_vsearch	4268	T	*/-G	314	25	7.14%	2	2	93	93	1.8829268097234636E-8	1	1	196	118	1	24	-G
barcode06_consensus_vsearch	4269	G	G	315	3	0.94%	2	1	93	93	0.12440944881890073	1	1	195	120	3	0	A
barcode06_consensus_vsearch	4270	G	G	344	2	0.58%	2	1	93	93	0.2496382054993181	1	1	198	146	2	0	A
barcode06_consensus_vsearch	4271	G	G	349	2	0.57%	2	2	93	93	0.24964336661915734	1	1	198	151	1	1	A
barcode06_consensus_vsearch	4272	C	*/+G	337	9	2.56%	2	1	93	93	0.0018529134694595746	1	1	185	152	9	0	+G
barcode06_consensus_vsearch	4273	A	R	320	19	5.44%	2	1	93	93	1.4716628422098828E-6	1	1	171	149	19	0	G
barcode06_consensus_vsearch	4274	G	G	342	2	0.58%	2	2	93	93	0.24963609898113429	1	1	192	150	1	1	T
barcode06_consensus_vsearch	4275	G	G	350	1	0.28%	2	1	93	93	0.4999999999999138	1	1	197	153	1	0	+AG
barcode06_consensus_vsearch	4276	C	C	339	4	1.13%	2	1	93	93	0.06195295550973475	1	1	194	145	0	4	T
barcode06_consensus_vsearch	4277	T	T	348	1	0.29%	2	1	93	93	0.4999999999999138	1	1	196	152	0	1	G
barcode06_consensus_vsearch	4278	T	*/-C	337	7	1.99%	2	2	93	93	0.0075754305431544305	1	1	191	146	1	6	-C
barcode06_consensus_vsearch	4279	C	*/-G	307	16	4.64%	2	1	93	93	1.2614052807041964E-5	1	1	198	109	0	16	-G
barcode06_consensus_vsearch	4280	G	R	325	8	2.38%	2	2	93	93	0.0037436312504308135	1	1	194	131	5	3	A
barcode06_consensus_vsearch	4281	G	G	348	1	0.28%	2	1	93	93	0.4999999999999138	1	1	196	152	1	0	+T
barcode06_consensus_vsearch	4282	C	C	349	1	0.28%	2	1	93	93	0.4999999999999138	1	1	197	152	0	1	A
barcode06_consensus_vsearch	4283	C	Y	340	12	3.41%	2	2	93	93	2.2194580023586447E-4	1	1	198	142	1	11	T
barcode06_consensus_vsearch	4284	G	G	352	1	0.28%	2	1	93	93	0.4999999999999138	1	1	199	153	1	0	+A
barcode06_consensus_vsearch	4285	T	T	346	4	1.13%	2	1	93	93	0.06196390416311995	1	1	194	152	4	0	-C
barcode06_consensus_vsearch	4286	C	C	349	0	0%	2	0	93	0	1.0	1	0	196	153	0	0	
barcode06_consensus_vsearch	4287	C	C	349	1	0.28%	2	1	93	93	0.4999999999999138	1	1	198	151	0	1	+G
barcode06_consensus_vsearch	4288	G	G	349	1	0.28%	2	1	93	93	0.4999999999999138	1	1	198	151	1	0	A
barcode06_consensus_vsearch	4289	G	G	351	1	0.28%	2	1	93	93	0.4999999999999138	1	1	199	152	0	1	A
barcode06_consensus_vsearch	4290	C	C	347	3	0.85%	2	1	93	93	0.12446351931328528	1	1	197	150	0	3	T
barcode06_consensus_vsearch	4291	G	G	347	2	0.57%	2	2	93	93	0.24964131994254463	1	1	195	152	1	1	-T
barcode06_consensus_vsearch	4292	T	T	348	2	0.57%	2	2	93	93	0.2496423462086995	1	1	197	151	1	1	C
barcode06_consensus_vsearch	4293	A	A	348	4	1.13%	2	2	93	93	0.06196695231151725	1	1	196	152	3	1	G
barcode06_consensus_vsearch	4294	C	C	352	1	0.28%	2	1	93	93	0.4999999999999138	1	1	200	152	0	1	T
barcode06_consensus_vsearch	4295	G	G	347	3	0.85%	2	2	93	93	0.12446351931328528	1	1	195	152	2	1	+T
barcode06_consensus_vsearch	4296	T	T	352	1	0.28%	2	1	93	93	0.4999999999999138	1	1	200	152	0	1	C
barcode06_consensus_vsearch	4297	T	T	350	2	0.57%	2	1	93	93	0.2496443812233433	1	1	198	152	2	0	C
barcode06_consensus_vsearch	4298	T	T	349	2	0.57%	2	1	93	93	0.24964336661915734	1	1	197	152	2	0	G
barcode06_consensus_vsearch	4299	A	A	348	2	0.57%	2	1	93	93	0.2496423462086995	1	1	196	152	2	0	C
barcode06_consensus_vsearch	4300	A	A	347	3	0.85%	2	2	93	93	0.12446351931328528	1	1	196	151	2	1	T
barcode06_consensus_vsearch	4301	C	C	345	3	0.85%	2	1	93	93	0.12446043165476364	1	1	195	150	0	3	+A
barcode06_consensus_vsearch	4302	A	A	349	1	0.29%	2	1	93	93	0.4999999999999138	1	1	197	152	0	1	G
barcode06_consensus_vsearch	4303	A	R	339	9	2.55%	2	1	93	93	0.0018534814134889795	1	1	186	153	9	0	G
barcode06_consensus_vsearch	4304	C	C	346	3	0.86%	2	1	93	93	0.12446197991394273	1	1	193	153	3	0	G
barcode06_consensus_vsearch	4305	C	C	348	3	0.85%	2	2	93	93	0.12446504992864586	1	1	197	151	1	2	T
barcode06_consensus_vsearch	4306	A	A	351	0	0%	2	0	93	0	1.0	1	0	198	153	0	0	
barcode06_consensus_vsearch	4307	A	R	339	9	2.56%	2	1	93	93	0.0018534814134889795	1	1	187	152	9	0	G
barcode06_consensus_vsearch	4308	C	C	342	4	1.14%	2	2	93	93	0.06195770207455419	1	1	194	148	2	2	-T
barcode06_consensus_vsearch	4309	T	T	342	4	1.16%	2	2	93	93	0.06195770207455419	1	1	192	150	3	1	C
barcode06_consensus_vsearch	4310	T	T	342	3	0.86%	2	1	93	93	0.12445573294627689	1	1	190	152	3	0	+A
barcode06_consensus_vsearch	4311	A	A	348	4	1.14%	2	1	93	93	0.06196695231151725	1	1	200	148	0	4	+G
barcode06_consensus_vsearch	4312	G	G	351	1	0.28%	2	1	93	93	0.4999999999999138	1	1	198	153	1	0	-A
barcode06_consensus_vsearch	4313	A	A	351	1	0.28%	2	1	93	93	0.4999999999999138	1	1	198	153	1	0	G
barcode06_consensus_vsearch	4314	A	A	348	4	1.13%	2	2	93	93	0.06196695231151725	1	1	196	152	3	1	G
barcode06_consensus_vsearch	4315	C	C	350	2	0.57%	2	1	93	93	0.2496443812233433	1	1	197	153	2	0	G
barcode06_consensus_vsearch	4316	T	T	351	1	0.28%	2	1	93	93	0.4999999999999138	1	1	200	151	0	1	-G
barcode06_consensus_vsearch	4317	G	G	348	1	0.28%	2	1	93	93	0.4999999999999138	1	1	198	150	1	0	+AAAAAG
barcode06_consensus_vsearch	4318	G	G	351	2	0.57%	2	2	93	93	0.24964539007068368	1	1	199	152	1	1	+CAGG
barcode06_consensus_vsearch	4319	T	T	351	2	0.57%	2	1	93	93	0.24964539007068368	1	1	200	151	0	2	C
barcode06_consensus_vsearch	4320	A	A	352	1	0.28%	2	1	93	93	0.4999999999999138	1	1	199	153	1	0	+CC
barcode06_consensus_vsearch	4321	C	*/-G	339	11	3.12%	2	1	93	93	4.5084364289619004E-4	1	1	199	140	0	11	-G
barcode06_consensus_vsearch	4322	G	G	337	3	0.88%	2	2	93	93	0.12444771723137743	1	1	197	140	2	1	A
barcode06_consensus_vsearch	4323	G	G	349	1	0.28%	2	1	93	93	0.4999999999999138	1	1	198	151	0	1	-A
barcode06_consensus_vsearch	4324	A	A	350	1	0.28%	2	1	93	93	0.4999999999999138	1	1	198	152	1	0	G
barcode06_consensus_vsearch	4325	C	*/-A	337	7	1.99%	2	1	93	93	0.0075754305431544305	1	1	185	152	7	0	-A
barcode06_consensus_vsearch	4326	A	A	345	1	0.29%	2	1	93	93	0.4999999999999138	1	1	192	153	1	0	G
barcode06_consensus_vsearch	4327	A	*/-G	239	94	26.63%	2	2	93	93	2.357618464497272E-32	1	1	99	140	86	8	-G
barcode06_consensus_vsearch	4328	G	G	250	4	1.57%	2	2	93	93	0.061761087351402955	1	1	108	142	3	1	A
barcode06_consensus_vsearch	4329	G	G	347	1	0.29%	2	1	93	93	0.4999999999999138	1	1	197	150	1	0	A
barcode06_consensus_vsearch	4330	G	G	351	1	0.28%	2	1	93	93	0.4999999999999138	1	1	199	152	1	0	A
barcode06_consensus_vsearch	4331	G	G	349	3	0.85%	2	1	93	93	0.12446657183497908	1	1	197	152	3	0	A
barcode06_consensus_vsearch	4332	A	A	350	2	0.57%	2	1	93	93	0.2496443812233433	1	1	198	152	2	0	T
barcode06_consensus_vsearch	4333	A	A	347	2	0.57%	2	1	93	93	0.24964131994254463	1	1	197	150	2	0	+C
barcode06_consensus_vsearch	4334	T	T	347	3	0.85%	2	1	93	93	0.12446351931328528	1	1	194	153	3	0	+C
barcode06_consensus_vsearch	4335	C	C	350	2	0.57%	2	2	93	93	0.2496443812233433	1	1	199	151	1	1	T
barcode06_consensus_vsearch	4336	T	T	347	2	0.57%	2	1	93	93	0.24964131994254463	1	1	199	148	0	2	+G
barcode06_consensus_vsearch	4337	G	G	351	1	0.28%	2	1	93	93	0.4999999999999138	1	1	199	152	0	1	C
barcode06_consensus_vsearch	4338	A	A	351	1	0.28%	2	1	93	93	0.4999999999999138	1	1	199	152	0	1	+TCA
barcode06_consensus_vsearch	4339	C	C	351	1	0.28%	2	1	93	93	0.4999999999999138	1	1	198	153	1	0	-T
barcode06_consensus_vsearch	4340	T	T	348	1	0.28%	2	1	93	93	0.4999999999999138	1	1	198	150	0	1	+C
barcode06_consensus_vsearch	4341	G	G	346	3	0.85%	2	1	93	93	0.12446197991394273	1	1	198	148	0	3	+T
barcode06_consensus_vsearch	4342	T	T	342	4	1.15%	2	1	93	93	0.06195770207455419	1	1	191	151	4	0	+C
barcode06_consensus_vsearch	4343	C	C	339	5	1.45%	2	2	93	93	0.030796119805779988	1	1	193	146	1	4	-T
barcode06_consensus_vsearch	4344	T	T	338	1	0.29%	2	1	93	93	0.4999999999999138	1	1	191	147	1	0	-A
barcode06_consensus_vsearch	4345	A	A	341	1	0.29%	2	1	93	93	0.4999999999999138	1	1	191	150	1	0	G
barcode06_consensus_vsearch	4346	A	A	337	1	0.3%	2	1	93	93	0.5000000000003686	1	1	187	150	1	0	-T
barcode06_consensus_vsearch	4347	T	T	334	1	0.3%	2	1	93	93	0.4999999999999138	1	1	184	150	1	0	G
barcode06_consensus_vsearch	4348	T	T	321	3	0.92%	2	1	93	93	0.12442040185486332	1	1	172	149	3	0	+C
barcode06_consensus_vsearch	4349	A	A	319	0	0%	2	0	93	0	1.0	1	0	170	149	0	0	
barcode06_consensus_vsearch	4350	A	A	310	0	0%	2	0	93	0	1.0	1	0	161	149	0	0	
barcode06_consensus_vsearch	4351	A	A	284	0	0%	2	0	93	0	1.0	1	0	135	149	0	0	
barcode06_consensus_vsearch	4352	A	A	245	0	0%	2	0	93	0	1.0	1	0	111	134	0	0	
barcode06_consensus_vsearch	4353	C	C	95	0	0%	2	0	93	0	1.0	1	0	91	4	0	0	
barcode06_consensus_vsearch	4354	A	A	70	0	0%	2	0	93	0	1.0	1	0	66	4	0	0	
barcode06_consensus_vsearch	4355	T	T	49	0	0%	2	0	93	0	1.0	1	0	45	4	0	0	
barcode06_consensus_vsearch	4356	A	A	23	0	0%	2	0	93	0	1.0	1	0	19	4	0	0	
barcode06_consensus_vsearch	4357	G	G	14	0	0%	2	0	93	0	1.0	1	0	10	4	0	0	
