Chrom	Position	Ref	Cons	Reads1	Reads2	VarFreq	Strands1	Strands2	Qual1	Qual2	Pvalue	MapQual1	MapQual2	Reads1Plus	Reads1Minus	Reads2Plus	Reads2Minus	VarAllele
A1_BC01_consensus_vsearch	41	G	*/-AG	130	62	31.63%	2	2	93	93	5.9425131499343315E-22	1	1	17	113	58	4	-AG
A1_BC01_consensus_vsearch	46	C	*/+A	181	7	3.57%	2	1	93	93	0.007380848803681321	1	1	69	112	7	0	+A
A1_BC01_consensus_vsearch	111	C	*/-G	178	14	7.07%	2	2	93	93	4.774059764537521E-5	1	1	67	111	11	3	-G
A1_BC01_consensus_vsearch	114	A	*/-T	157	31	15.66%	2	2	93	93	1.21005107672638E-10	1	1	69	88	8	23	-T
A1_BC01_consensus_vsearch	129	A	*/-GC	186	7	3.59%	2	2	93	93	0.007391912172859777	1	1	75	111	3	4	-GC
A1_BC01_consensus_vsearch	144	A	*/-G	176	14	7.11%	2	2	93	93	4.7612708551473615E-5	1	1	74	102	1	13	-G
A1_BC01_consensus_vsearch	159	C	*/+A	182	7	3.63%	2	1	93	93	0.007383107786177688	1	1	74	108	0	7	+A
A1_BC01_consensus_vsearch	175	C	*/-A	174	21	10.61%	2	1	93	93	2.700342363196343E-7	1	1	57	117	21	0	-A
A1_BC01_consensus_vsearch	181	T	*/-G	181	14	7.14%	2	1	93	93	4.792795003475224E-5	1	1	79	102	0	14	-G
A1_BC01_consensus_vsearch	186	G	*/-TG	183	10	5.05%	2	1	93	93	8.665366458993966E-4	1	1	76	107	0	10	-TG
A1_BC01_consensus_vsearch	198	T	*/-C	171	26	13.2%	2	1	93	93	6.164345367470914E-9	1	1	54	117	26	0	-C
A1_BC01_consensus_vsearch	203	A	*/-C	177	15	7.58%	2	1	93	93	2.2967098326715997E-5	1	1	79	98	0	15	-C
A1_BC01_consensus_vsearch	219	A	*/-GGCA	179	7	3.54%	2	1	93	93	0.007376258791632204	1	1	73	106	0	7	-GGCA
A1_BC01_consensus_vsearch	222	C	*/-A	176	7	3.68%	2	2	93	93	0.007369187819667051	1	1	71	105	4	3	-A
A1_BC01_consensus_vsearch	229	A	*/+C	185	7	3.57%	2	2	93	93	0.007389745092191117	1	1	78	107	2	5	+C
A1_BC01_consensus_vsearch	234	T	*/-A	176	11	5.61%	2	2	93	93	4.1971005075956745E-4	1	1	75	101	1	10	-A
A1_BC01_consensus_vsearch	236	A	*/-G	185	8	4.08%	2	1	93	93	0.003627693045256358	1	1	80	105	0	8	-G
A1_BC01_consensus_vsearch	245	C	*/-G	146	48	24.37%	2	2	93	93	1.2797961366311186E-16	1	1	76	70	1	47	-G
A1_BC01_consensus_vsearch	255	A	*/+G	153	29	14.72%	2	1	93	93	5.545529420668417E-10	1	1	70	83	0	29	+G
A1_BC01_consensus_vsearch	258	C	*/-T	142	49	24.87%	2	1	93	93	5.160180226686217E-17	1	1	79	63	0	49	-T
A1_BC01_consensus_vsearch	260	T	*/-C	175	15	7.61%	2	2	93	93	2.2895728702355452E-5	1	1	77	98	1	14	-C
A1_BC01_consensus_vsearch	274	C	*/-T	179	9	4.64%	2	2	93	93	0.0017708558237889195	1	1	72	107	5	4	-T
A1_BC01_consensus_vsearch	276	T	*/+C	171	10	5.13%	2	2	93	93	8.595113410222558E-4	1	1	55	116	8	2	+C
A1_BC01_consensus_vsearch	277	C	*/-A	181	7	3.65%	2	2	93	93	0.007380848803681321	1	1	66	115	5	2	-A
A1_BC01_consensus_vsearch	290	G	*/-C	186	9	4.57%	2	1	93	93	0.0017772348172719874	1	1	68	118	9	0	-C
A1_BC01_consensus_vsearch	314	C	*/-T	187	10	5.08%	2	1	93	93	8.686948931293806E-4	1	1	80	107	0	10	-T
A1_BC01_consensus_vsearch	316	T	*/-G	152	44	22.22%	2	1	93	93	3.738645543627257E-15	1	1	80	72	0	44	-G
A1_BC01_consensus_vsearch	325	G	*/-A	190	7	3.54%	2	1	93	93	0.007400362831181816	1	1	72	118	7	0	-A
A1_BC01_consensus_vsearch	335	C	*/-G	173	22	11.22%	2	2	93	93	1.2733321712629138E-7	1	1	76	97	3	19	-G
A1_BC01_consensus_vsearch	342	C	*/+G	146	8	4.1%	2	2	93	93	0.0035586826095282847	1	1	49	97	4	4	+G
A1_BC01_consensus_vsearch	342	C	*/-G	146	32	16.41%	2	2	93	93	5.0370243643623316E-11	1	1	49	97	19	13	-G
A1_BC01_consensus_vsearch	346	G	*/-A	179	11	5.58%	2	1	93	93	4.2074294006989865E-4	1	1	61	118	11	0	-A
A1_BC01_consensus_vsearch	351	A	*/+G	172	11	5.76%	2	2	93	93	4.1828279774789115E-4	1	1	67	105	1	10	+G
A1_BC01_consensus_vsearch	361	T	*/-C	171	27	13.64%	2	2	93	93	2.8792954944264963E-9	1	1	56	115	24	3	-C
A1_BC01_consensus_vsearch	363	C	*/-G	171	24	12.12%	2	1	93	93	2.8054490054550055E-8	1	1	80	91	0	24	-G
A1_BC01_consensus_vsearch	367	G	*/-A	154	42	21.32%	2	2	93	93	1.9381867123068953E-14	1	1	38	116	41	1	-A
A1_BC01_consensus_vsearch	381	C	*/-AC	186	7	3.54%	2	2	93	93	0.007391912172859777	1	1	72	114	6	1	-AC
A1_BC01_consensus_vsearch	386	C	*/-T	185	12	6.09%	2	1	93	93	2.0544322354252122E-4	1	1	80	105	0	12	-T
A1_BC01_consensus_vsearch	388	C	*/-T	167	27	13.71%	2	1	93	93	2.8192427027217997E-9	1	1	78	89	0	27	-T
A1_BC01_consensus_vsearch	394	T	*/-C	190	8	4.04%	2	2	93	93	0.003634608580377523	1	1	73	117	7	1	-C
A1_BC01_consensus_vsearch	396	C	*/-A	186	11	5.56%	2	2	93	93	4.2303631514374124E-4	1	1	77	109	2	9	-A
A1_BC01_consensus_vsearch	400	G	*/+A	180	8	4.06%	2	1	93	93	0.00362041635085765	1	1	68	112	8	0	+A
A1_BC01_consensus_vsearch	407	G	*/-CAG	179	9	4.57%	2	2	93	93	0.0017708558237889195	1	1	69	110	2	7	-CAG
A1_BC01_consensus_vsearch	414	C	*/-GC	173	13	6.6%	2	2	93	93	9.825694645134978E-5	1	1	74	99	3	10	-GC
A1_BC01_consensus_vsearch	414	C	*/-GCA	173	7	3.55%	2	1	93	93	0.007361883903780164	1	1	74	99	0	7	-GC
A1_BC01_consensus_vsearch	416	C	*/-A	138	34	19.1%	2	1	93	93	9.523263313974872E-12	1	1	73	65	0	34	-A
A1_BC01_consensus_vsearch	432	C	*/-AC	156	29	14.72%	2	2	93	93	5.665126178094745E-10	1	1	50	106	22	7	-AC
A1_BC01_consensus_vsearch	432	C	*/-ACGT	156	9	4.57%	2	2	93	93	0.001746201408139757	1	1	50	106	6	3	-AC
A1_BC01_consensus_vsearch	439	G	*/-TG	162	28	14.51%	2	2	93	93	1.2734331030666902E-9	1	1	77	85	2	26	-TG
A1_BC01_consensus_vsearch	464	T	*/-G	183	9	4.59%	2	2	93	93	0.0017745564291022078	1	1	75	108	4	5	-G
A1_BC01_consensus_vsearch	471	C	*/+A	184	7	3.61%	2	1	93	93	0.007387555568979833	1	1	77	107	0	7	+A
A1_BC01_consensus_vsearch	484	A	*/+C	178	11	5.58%	2	1	93	93	4.204021120137521E-4	1	1	63	115	11	0	+C
A1_BC01_consensus_vsearch	486	C	*/-T	181	7	3.55%	2	2	93	93	0.007380848803681321	1	1	77	104	1	6	-T
A1_BC01_consensus_vsearch	487	T	*/-A	164	26	13.68%	2	1	93	93	5.952818622827441E-9	1	1	52	112	26	0	-A
A1_BC01_consensus_vsearch	491	T	*/-G	144	47	23.74%	2	2	93	93	2.803868325388884E-16	1	1	75	69	2	45	-G
A1_BC01_consensus_vsearch	497	G	*/-A	188	7	3.54%	2	2	93	93	0.007396180372504935	1	1	73	115	6	1	-A
A1_BC01_consensus_vsearch	500	C	*/+T	172	14	7.29%	2	1	93	93	4.734944773282747E-5	1	1	73	99	0	14	+T
A1_BC01_consensus_vsearch	501	C	*/-T	178	14	7.07%	2	2	93	93	4.774059764537521E-5	1	1	79	99	1	13	-T
A1_BC01_consensus_vsearch	516	G	*/-A	183	15	7.58%	2	1	93	93	2.317346189073492E-5	1	1	65	118	15	0	-A
A1_BC01_consensus_vsearch	518	G	*/-T	185	11	5.58%	2	1	93	93	4.227182557705049E-4	1	1	79	106	0	11	-T
A1_BC01_consensus_vsearch	530	T	*/-G	129	67	33.84%	2	1	93	93	7.246467710092096E-24	1	1	78	51	0	67	-G
A1_BC01_consensus_vsearch	533	A	*/-G	180	11	5.7%	2	2	93	93	4.2108036879098717E-4	1	1	76	104	3	8	-G
A1_BC01_consensus_vsearch	535	G	*/+A	171	23	11.62%	2	1	93	93	5.963495426898628E-8	1	1	53	118	23	0	+A
A1_BC01_consensus_vsearch	543	T	*/-G	166	23	11.68%	2	2	93	93	5.8482802600091984E-8	1	1	79	87	1	22	-G
A1_BC01_consensus_vsearch	565	T	*/-C	191	7	3.54%	2	2	93	93	0.007402422710817429	1	1	74	117	6	1	-C
A1_BC01_consensus_vsearch	583	T	*/-AT	179	12	6.12%	2	2	93	93	2.0429775305230596E-4	1	1	70	109	6	6	-AT
A1_BC01_consensus_vsearch	586	G	*/-TG	185	11	5.61%	2	2	93	93	4.227182557705049E-4	1	1	74	111	4	7	-TG
A1_BC01_consensus_vsearch	601	T	*/-A	178	14	7.11%	2	1	93	93	4.774059764537521E-5	1	1	79	99	0	14	-A
A1_BC01_consensus_vsearch	607	G	*/-TG	188	7	3.54%	2	1	93	93	0.007396180372504935	1	1	77	111	0	7	-TG
A1_BC01_consensus_vsearch	622	T	*/+C	184	7	3.63%	2	1	93	93	0.007387555568979833	1	1	71	113	7	0	+C
A1_BC01_consensus_vsearch	624	A	*/-G	139	40	20.94%	2	2	93	93	7.806954029549987E-14	1	1	54	85	17	23	-G
A1_BC01_consensus_vsearch	636	T	*/-AT	179	12	6.15%	2	2	93	93	2.0429775305230596E-4	1	1	66	113	11	1	-AT
A1_BC01_consensus_vsearch	652	C	*/-G	151	19	9.9%	2	2	93	93	1.120236602114709E-6	1	1	68	83	4	15	-G
A1_BC01_consensus_vsearch	660	A	*/+T	186	8	4.04%	2	1	93	93	0.0036291041675517713	1	1	80	106	0	8	+T
A1_BC01_consensus_vsearch	661	C	*/-T	177	7	3.57%	2	2	93	93	0.007371570136883838	1	1	72	105	2	5	-T
A1_BC01_consensus_vsearch	673	G	*/+C	137	12	6.28%	2	1	93	93	1.93895008358888E-4	1	1	24	113	12	0	+C
A1_BC01_consensus_vsearch	673	G	*/-C	137	42	21.99%	2	2	93	93	1.4855563378647157E-14	1	1	24	113	41	1	-C
A1_BC01_consensus_vsearch	676	C	*/-T	185	10	5.05%	2	2	93	93	8.676264462271394E-4	1	1	79	106	1	9	-T
A1_BC01_consensus_vsearch	685	G	*/-TG	183	10	5.08%	2	1	93	93	8.665366458993966E-4	1	1	76	107	0	10	-TG
A1_BC01_consensus_vsearch	690	C	*/-T	185	7	3.57%	2	2	93	93	0.007389745092191117	1	1	77	108	2	5	-T
A1_BC01_consensus_vsearch	692	T	*/-C	181	9	4.57%	2	2	93	93	0.0017727250885016482	1	1	76	105	1	8	-C
A1_BC01_consensus_vsearch	693	C	*/+T	169	10	5.38%	2	1	93	93	8.582524143025632E-4	1	1	78	91	0	10	+T
A1_BC01_consensus_vsearch	696	C	*/-T	165	30	15.23%	2	1	93	93	2.7827245869748714E-10	1	1	79	86	0	30	-T
A1_BC01_consensus_vsearch	697	T	*/-C	146	16	9.58%	2	2	93	93	1.0339940493454212E-5	1	1	61	85	15	1	-C
A1_BC01_consensus_vsearch	710	A	*/-C	186	7	3.54%	2	1	93	93	0.007391912172859777	1	1	77	109	0	7	-C
A1_BC01_consensus_vsearch	725	G	*/-A	179	9	4.55%	2	1	93	93	0.0017708558237889195	1	1	63	116	9	0	-A
A1_BC01_consensus_vsearch	725	G	*/-AG	179	7	3.54%	2	2	93	93	0.007376258791632204	1	1	63	116	5	2	-A
A1_BC01_consensus_vsearch	749	G	*/-C	187	8	4.04%	2	2	93	93	0.0036305010705765203	1	1	71	116	6	2	-C
A1_BC01_consensus_vsearch	775	A	*/-CA	186	9	4.55%	2	2	93	93	0.0017772348172719874	1	1	77	109	3	6	-CA
A1_BC01_consensus_vsearch	778	T	*/-G	180	8	4.1%	2	1	93	93	0.00362041635085765	1	1	79	101	0	8	-G
A1_BC01_consensus_vsearch	813	G	*/-CA	183	11	5.56%	2	1	93	93	4.2207275904895683E-4	1	1	76	107	0	11	-CA
A1_BC01_consensus_vsearch	828	A	*/+G	141	7	3.57%	2	1	93	93	0.007265813831858907	1	1	61	80	0	7	+G
A1_BC01_consensus_vsearch	828	A	*/-G	141	35	17.86%	2	2	93	93	4.451112953733011E-12	1	1	61	80	16	19	-G
A1_BC01_consensus_vsearch	828	A	*/-GG	141	8	4.08%	2	1	93	93	0.0035472828472051087	1	1	61	80	0	8	-G
A1_BC01_consensus_vsearch	835	C	*/+T	184	7	3.57%	2	1	93	93	0.007387555568979833	1	1	78	106	0	7	+T
A1_BC01_consensus_vsearch	836	T	*/-C	122	56	28.43%	2	2	93	93	8.013635222888034E-20	1	1	76	46	1	55	-C
A1_BC01_consensus_vsearch	836	T	*/-CGG	122	9	4.57%	2	1	93	93	0.0016945086932698592	1	1	76	46	0	9	-C
A1_BC01_consensus_vsearch	851	C	*/-T	182	13	6.57%	2	1	93	93	9.927932507195894E-5	1	1	80	102	0	13	-T
A1_BC01_consensus_vsearch	861	A	*/+G	91	9	4.66%	2	2	93	93	0.0016183074503201467	1	1	34	57	7	2	+G
A1_BC01_consensus_vsearch	861	A	*/-G	91	74	38.34%	2	2	93	93	1.2185761695510378E-27	1	1	34	57	34	40	-G
A1_BC01_consensus_vsearch	861	A	*/-GG	91	8	4.15%	2	2	93	93	0.0033721799226566103	1	1	34	57	2	6	-G
A1_BC01_consensus_vsearch	861	A	*/-GGG	91	11	5.7%	2	1	93	93	3.674239693101988E-4	1	1	34	57	0	11	-GGG
A1_BC01_consensus_vsearch	867	G	*/-A	188	7	3.55%	2	1	93	93	0.007396180372504935	1	1	78	110	0	7	-A
A1_BC01_consensus_vsearch	870	A	*/-T	180	11	5.58%	2	1	93	93	4.2108036879098717E-4	1	1	78	102	0	11	-T
A1_BC01_consensus_vsearch	871	T	*/-C	169	9	4.86%	2	2	93	93	0.0017608971948629478	1	1	75	94	5	4	-C
A1_BC01_consensus_vsearch	873	C	*/-T	184	10	5.05%	2	1	93	93	8.670842550026666E-4	1	1	78	106	0	10	-T
A1_BC01_consensus_vsearch	878	A	*/-C	157	34	17.44%	2	2	93	93	1.1608951508870912E-11	1	1	75	82	3	31	-C
A1_BC01_consensus_vsearch	883	C	*/-A	174	8	4.26%	2	2	93	93	0.003611166483247444	1	1	69	105	7	1	-A
A1_BC01_consensus_vsearch	914	T	*/+G	177	7	3.55%	2	1	93	93	0.007371570136883838	1	1	64	113	7	0	+G
A1_BC01_consensus_vsearch	915	A	*/-G	122	62	32.8%	2	2	93	93	4.349357353761677E-22	1	1	58	64	11	51	-G
A1_BC01_consensus_vsearch	917	G	*/+A	170	18	9.09%	2	1	93	93	2.4890830325592305E-6	1	1	52	118	18	0	+A
A1_BC01_consensus_vsearch	925	C	*/-AT	183	7	3.57%	2	1	93	93	0.007385343252869138	1	1	77	106	0	7	-AT
A1_BC01_consensus_vsearch	932	C	*/-A	188	9	4.55%	2	2	93	93	0.0017789762439091002	1	1	79	109	1	8	-A
A1_BC01_consensus_vsearch	934	A	*/-G	187	7	3.55%	2	1	93	93	0.007394057154213738	1	1	80	107	0	7	-G
A1_BC01_consensus_vsearch	941	A	*/-G	181	8	4.08%	2	2	93	93	0.0036219019328410066	1	1	70	111	4	4	-G
A1_BC01_consensus_vsearch	945	T	*/-G	110	71	35.86%	2	2	93	93	7.719949043297645E-26	1	1	42	68	27	44	-G
A1_BC01_consensus_vsearch	945	T	*/-GG	110	12	6.06%	2	2	93	93	1.837836216241624E-4	1	1	42	68	10	2	-G
A1_BC01_consensus_vsearch	952	G	*/+T	170	14	7.14%	2	1	93	93	4.721392964410002E-5	1	1	77	93	0	14	+T
A1_BC01_consensus_vsearch	953	C	*/-A	146	9	4.71%	2	2	93	93	0.0017332742159673858	1	1	76	70	2	7	-A
A1_BC01_consensus_vsearch	978	T	*/-C	182	11	5.58%	2	2	93	93	4.217452292539659E-4	1	1	68	114	9	2	-C
A1_BC01_consensus_vsearch	981	C	*/-A	186	7	3.54%	2	1	93	93	0.007391912172859777	1	1	72	114	7	0	-A
A1_BC01_consensus_vsearch	1008	C	*/-G	183	9	4.57%	2	2	93	93	0.0017745564291022078	1	1	74	109	5	4	-G
A1_BC01_consensus_vsearch	1013	G	*/+T	181	11	5.64%	2	1	93	93	4.214144486820526E-4	1	1	80	101	0	11	+T
A1_BC01_consensus_vsearch	1017	G	*/-T	178	16	8.08%	2	2	93	93	1.1055363203854364E-5	1	1	78	100	2	14	-T
A1_BC01_consensus_vsearch	1031	C	*/+G	175	13	6.6%	2	2	93	93	9.8491958578274E-5	1	1	69	106	6	7	+G
A1_BC01_consensus_vsearch	1034	G	*/-A	186	8	4.04%	2	2	93	93	0.0036291041675517713	1	1	70	116	7	1	-A
A1_BC01_consensus_vsearch	1043	G	*/-A	178	9	4.71%	2	1	93	93	0.0017699066001378024	1	1	62	116	9	0	-A
A1_BC01_consensus_vsearch	1046	A	*/-T	183	11	5.58%	2	1	93	93	4.2207275904895683E-4	1	1	67	116	11	0	-T
A1_BC01_consensus_vsearch	1048	T	*/+C	181	7	3.55%	2	1	93	93	0.007380848803681321	1	1	76	105	0	7	+C
A1_BC01_consensus_vsearch	1049	A	*/+G	170	8	4.12%	2	1	93	93	0.003604660140070728	1	1	67	103	0	8	+G
A1_BC01_consensus_vsearch	1049	A	*/-G	170	9	4.64%	2	1	93	93	0.001761941721127389	1	1	67	103	9	0	-G
A1_BC01_consensus_vsearch	1054	C	*/-T	175	15	7.61%	2	1	93	93	2.2895728702355452E-5	1	1	77	98	0	15	-T
A1_BC01_consensus_vsearch	1057	T	*/-G	177	17	8.59%	2	1	93	93	5.2899318556061884E-6	1	1	80	97	0	17	-G
A1_BC01_consensus_vsearch	1061	C	*/-T	188	9	4.55%	2	1	93	93	0.0017789762439091002	1	1	80	108	0	9	-T
A1_BC01_consensus_vsearch	1064	T	*/+G	135	18	9.14%	2	2	93	93	2.24388375447772E-6	1	1	59	76	4	14	+G
A1_BC01_consensus_vsearch	1064	T	*/-G	135	34	17.26%	2	2	93	93	9.188233167331559E-12	1	1	59	76	13	21	-G
A1_BC01_consensus_vsearch	1064	T	*/-GG	135	8	4.06%	2	2	93	93	0.0035325763803669705	1	1	59	76	3	5	-G
A1_BC01_consensus_vsearch	1069	G	*/+A	176	9	4.55%	2	1	93	93	0.001767978203561041	1	1	63	113	9	0	+A
A1_BC01_consensus_vsearch	1070	A	*/-G	181	8	4.17%	2	1	93	93	0.0036219019328410066	1	1	66	115	8	0	-G
A1_BC01_consensus_vsearch	1086	T	*/+G	188	7	3.54%	2	2	93	93	0.007396180372504935	1	1	73	115	5	2	+G
A1_BC01_consensus_vsearch	1109	A	*/-G	184	11	5.56%	2	2	93	93	4.223970856632319E-4	1	1	75	109	3	8	-G
A1_BC01_consensus_vsearch	1113	C	*/+A	174	19	9.64%	2	1	93	93	1.1974715458414592E-6	1	1	76	98	0	19	+A
A1_BC01_consensus_vsearch	1124	G	*/-TG	172	17	8.76%	2	1	93	93	5.236578670378071E-6	1	1	78	94	0	17	-TG
A1_BC01_consensus_vsearch	1132	T	*/+G	182	7	3.61%	2	1	93	93	0.007383107786177688	1	1	78	104	0	7	+G
A1_BC01_consensus_vsearch	1137	C	*/-TT	146	28	14.51%	2	1	93	93	1.1437239077698831E-9	1	1	42	104	28	0	-TT
A1_BC01_consensus_vsearch	1141	A	*/-T	180	10	5.08%	2	2	93	93	8.648604879212406E-4	1	1	66	114	9	1	-T
A1_BC01_consensus_vsearch	1148	T	*/+C	183	12	6.12%	2	2	93	93	2.0506876982070716E-4	1	1	76	107	4	8	+C
A1_BC01_consensus_vsearch	1154	C	*/+G	132	7	3.54%	2	2	93	93	0.007230945949356827	1	1	39	93	4	3	+G
A1_BC01_consensus_vsearch	1154	C	*/-G	132	51	25.76%	2	2	93	93	7.670622404836833E-18	1	1	39	93	30	21	-G
A1_BC01_consensus_vsearch	1161	G	*/+C	181	10	5.1%	2	1	93	93	8.654248463553992E-4	1	1	76	105	0	10	+C
A1_BC01_consensus_vsearch	1163	T	*/-C	185	7	3.54%	2	1	93	93	0.007389745092191117	1	1	78	107	0	7	-C
A1_BC01_consensus_vsearch	1168	A	*/-G	177	12	6.19%	2	2	93	93	2.0390075187582733E-4	1	1	75	102	1	11	-G
A1_BC01_consensus_vsearch	1184	A	*/+G	155	18	9.14%	2	1	93	93	2.3938156464833493E-6	1	1	74	81	0	18	+G
A1_BC01_consensus_vsearch	1184	A	*/-G	155	19	9.64%	2	2	93	93	1.1348203857257847E-6	1	1	74	81	2	17	-G
A1_BC01_consensus_vsearch	1206	C	*/-T	183	14	7.07%	2	2	93	93	4.804996035085705E-5	1	1	79	104	1	13	-T
A1_BC01_consensus_vsearch	1216	C	*/-TC	181	14	7.14%	2	1	93	93	4.792795003475224E-5	1	1	66	115	14	0	-TC
A1_BC01_consensus_vsearch	1229	G	*/-TG	179	13	6.7%	2	1	93	93	9.894838953322904E-5	1	1	78	101	0	13	-TG
A1_BC01_consensus_vsearch	1242	C	*/-T	188	7	3.59%	2	1	93	93	0.007396180372504935	1	1	80	108	0	7	-T
A1_BC01_consensus_vsearch	1247	T	*/+C	188	10	5.05%	2	1	93	93	8.692213039856426E-4	1	1	80	108	0	10	+C
A1_BC01_consensus_vsearch	1248	T	*/-C	187	10	5.05%	2	1	93	93	8.686948931293806E-4	1	1	79	108	0	10	-C
A1_BC01_consensus_vsearch	1251	T	*/-G	145	39	20.1%	2	2	93	93	1.9095453124458372E-13	1	1	72	73	5	34	-G
A1_BC01_consensus_vsearch	1273	T	*/-C	186	9	4.55%	2	2	93	93	0.0017772348172719874	1	1	75	111	4	5	-C
A1_BC01_consensus_vsearch	1282	G	*/+A	183	8	4.04%	2	1	93	93	0.003624827265843605	1	1	69	114	8	0	+A
A1_BC01_consensus_vsearch	1295	A	*/-C	181	16	8.12%	2	2	93	93	1.1112012077803707E-5	1	1	76	105	3	13	-C
A1_BC01_consensus_vsearch	1298	C	*/-A	154	12	6.06%	2	2	93	93	1.9869530662687383E-4	1	1	66	88	9	3	-A
A1_BC01_consensus_vsearch	1298	C	*/-AA	154	8	4.04%	2	1	93	93	0.0035754898805095913	1	1	66	88	0	8	-A
A1_BC01_consensus_vsearch	1298	C	*/-AAG	154	8	4.04%	2	1	93	93	0.0035754898805095913	1	1	66	88	0	8	-A
A1_BC01_consensus_vsearch	1304	T	*/-G	182	9	4.62%	2	1	93	93	0.001773645426870732	1	1	78	104	0	9	-G
A1_BC01_consensus_vsearch	1314	T	*/+C	67	102	53.68%	2	2	93	93	3.32547105241801E-41	1	1	6	61	68	34	+C
A1_BC01_consensus_vsearch	1314	T	*/+CC	67	10	5.26%	2	2	93	93	7.15083779311783E-4	1	1	6	61	1	9	+C
A1_BC01_consensus_vsearch	1321	G	*/-TG	185	8	4.04%	2	2	93	93	0.003627693045256358	1	1	71	114	5	3	-TG
A1_BC01_consensus_vsearch	1324	C	*/+T	173	7	3.55%	2	2	93	93	0.007361883903780164	1	1	72	101	5	2	+T
A1_BC01_consensus_vsearch	1324	C	*/-TT	173	12	6.09%	2	2	93	93	2.0308260241471053E-4	1	1	72	101	2	10	-TT
A1_BC01_consensus_vsearch	1327	T	*/-C	175	7	3.55%	2	1	93	93	0.007366779625824957	1	1	76	99	0	7	-C
A1_BC01_consensus_vsearch	1327	T	*/-CG	175	9	4.57%	2	1	93	93	0.0017669987142516655	1	1	76	99	0	9	-CG
A1_BC01_consensus_vsearch	1337	A	*/-G	173	17	8.81%	2	2	93	93	5.247440456017121E-6	1	1	61	112	14	3	-G
A1_BC01_consensus_vsearch	1341	C	*/-GGC	185	7	3.54%	2	2	93	93	0.007389745092191117	1	1	72	113	6	1	-GGC
A1_BC01_consensus_vsearch	1346	C	*/-T	181	10	5.05%	2	1	93	93	8.654248463553992E-4	1	1	79	102	0	10	-T
A1_BC01_consensus_vsearch	1351	C	*/-T	183	9	4.59%	2	2	93	93	0.0017745564291022078	1	1	76	107	2	7	-T
A1_BC01_consensus_vsearch	1356	G	*/-C	186	7	3.59%	2	2	93	93	0.007391912172859777	1	1	70	116	5	2	-C
A1_BC01_consensus_vsearch	1358	C	*/-T	180	9	4.57%	2	2	93	93	0.001771795269848945	1	1	68	112	6	3	-T
A1_BC01_consensus_vsearch	1360	T	*/-G	132	29	15.03%	2	2	93	93	4.660395619101071E-10	1	1	65	67	1	28	-G
A1_BC01_consensus_vsearch	1360	T	*/-GG	132	13	6.74%	2	1	93	93	9.215040364763159E-5	1	1	65	67	0	13	-G
A1_BC01_consensus_vsearch	1378	T	*/-A	180	11	5.56%	2	2	93	93	4.2108036879098717E-4	1	1	70	110	7	4	-A
A1_BC01_consensus_vsearch	1380	A	*/-G	170	15	7.65%	2	2	93	93	2.2711307620123368E-5	1	1	72	98	5	10	-G
A1_BC01_consensus_vsearch	1382	G	*/+A	184	11	5.56%	2	1	93	93	4.223970856632319E-4	1	1	67	117	11	0	+A
A1_BC01_consensus_vsearch	1385	G	*/-TG	189	7	3.54%	2	1	93	93	0.007398282157210082	1	1	79	110	0	7	-TG
A1_BC01_consensus_vsearch	1393	G	*/-CT	182	10	5.13%	2	1	93	93	8.659835374014541E-4	1	1	70	112	10	0	-CT
A1_BC01_consensus_vsearch	1394	C	*/-T	160	16	8.65%	2	2	93	93	1.0680484434952118E-5	1	1	56	104	13	3	-T
A1_BC01_consensus_vsearch	1399	C	*/-A	171	21	10.66%	2	2	93	93	2.675089571372386E-7	1	1	76	95	2	19	-A
A1_BC01_consensus_vsearch	1428	T	*/-C	183	7	3.61%	2	2	93	93	0.007385343252869138	1	1	70	113	6	1	-C
A1_BC01_consensus_vsearch	1431	T	*/-G	182	7	3.63%	2	1	93	93	0.007383107786177688	1	1	79	103	0	7	-G
A1_BC01_consensus_vsearch	1444	C	*/+GC	73	91	48.4%	2	2	93	93	8.424120694699547E-36	1	1	24	49	33	58	+GC
A1_BC01_consensus_vsearch	1479	C	*/+G	179	12	6.06%	2	2	93	93	2.0429775305230596E-4	1	1	75	104	3	9	+G
A1_BC01_consensus_vsearch	1481	A	*/-G	180	12	6.15%	2	1	93	93	2.0449333836859826E-4	1	1	65	115	12	0	-G
A1_BC01_consensus_vsearch	1482	G	*/-AG	171	8	4.3%	2	2	93	93	0.003606313464294743	1	1	57	114	4	4	-AG
A1_BC01_consensus_vsearch	1490	G	*/+A	183	7	3.63%	2	1	93	93	0.007385343252869138	1	1	70	113	7	0	+A
A1_BC01_consensus_vsearch	1516	T	*/-G	150	34	17.44%	2	2	93	93	1.0849038557321892E-11	1	1	59	91	13	21	-G
A1_BC01_consensus_vsearch	1530	T	*/-G	170	26	13.13%	2	1	93	93	6.1346774927494466E-9	1	1	80	90	0	26	-G
A1_BC01_consensus_vsearch	1558	C	*/-T	179	8	4.06%	2	2	93	93	0.0036189151712300786	1	1	79	100	1	7	-T
A1_BC01_consensus_vsearch	1581	C	*/-AC	183	11	5.58%	2	1	93	93	4.2207275904895683E-4	1	1	66	117	11	0	-AC
A1_BC01_consensus_vsearch	1594	T	*/+C	149	8	4.06%	2	2	93	93	0.0035651816371754363	1	1	40	109	6	2	+C
A1_BC01_consensus_vsearch	1594	T	*/-C	149	37	18.78%	2	2	93	93	9.955591120199424E-13	1	1	40	109	31	6	-C
A1_BC01_consensus_vsearch	1597	C	*/-T	188	8	4.04%	2	2	93	93	0.0036318839680821967	1	1	79	109	1	7	-T
A1_BC01_consensus_vsearch	1600	C	*/+T	179	7	3.63%	2	1	93	93	0.007376258791632204	1	1	79	100	0	7	+T
A1_BC01_consensus_vsearch	1602	C	*/-T	137	57	28.79%	2	2	93	93	5.49732580827483E-20	1	1	76	61	3	54	-T
A1_BC01_consensus_vsearch	1611	C	*/-AC	174	18	9.23%	2	2	93	93	2.512406240593967E-6	1	1	65	109	11	7	-AC
A1_BC01_consensus_vsearch	1628	T	*/+C	187	8	4.04%	2	2	93	93	0.0036305010705765203	1	1	76	111	1	7	+C
A1_BC01_consensus_vsearch	1630	C	*/+G	176	10	5.05%	2	1	93	93	8.625446222228462E-4	1	1	78	98	0	10	+G
A1_BC01_consensus_vsearch	1642	T	*/+C	180	8	4.12%	2	1	93	93	0.00362041635085765	1	1	71	109	8	0	+C
A1_BC01_consensus_vsearch	1654	T	*/-A	178	7	3.63%	2	1	93	93	0.007373926992228167	1	1	76	102	0	7	-A
A1_BC01_consensus_vsearch	1655	A	*/-G	165	13	6.95%	2	2	93	93	9.726832470999452E-5	1	1	75	90	4	9	-G
A1_BC01_consensus_vsearch	1660	C	*/-T	166	16	8.29%	2	1	93	93	1.0812577386491999E-5	1	1	79	87	0	16	-T
A1_BC01_consensus_vsearch	1662	T	*/-C	175	13	6.77%	2	1	93	93	9.8491958578274E-5	1	1	80	95	0	13	-C
A1_BC01_consensus_vsearch	1663	C	*/+T	167	7	3.8%	2	1	93	93	0.007346529640553612	1	1	80	87	0	7	+T
A1_BC01_consensus_vsearch	1669	C	*/-GC	152	39	20.31%	2	2	93	93	2.0941063925684362E-13	1	1	53	99	21	18	-GC
A1_BC01_consensus_vsearch	1687	G	*/-A	186	8	4.08%	2	1	93	93	0.0036291041675517713	1	1	70	116	8	0	-A
A1_BC01_consensus_vsearch	1703	C	*/-T	182	11	5.61%	2	2	93	93	4.217452292539659E-4	1	1	78	104	1	10	-T
A1_BC01_consensus_vsearch	1723	A	*/-G	179	8	4.06%	2	2	93	93	0.0036189151712300786	1	1	67	112	5	3	-G
A1_BC01_consensus_vsearch	1738	T	*/+A	172	10	5.15%	2	1	93	93	8.601308235378474E-4	1	1	75	97	0	10	+A
A1_BC01_consensus_vsearch	1748	T	*/-C	181	11	5.56%	2	2	93	93	4.214144486820526E-4	1	1	75	106	4	7	-C
A1_BC01_consensus_vsearch	1785	C	*/-T	182	13	6.63%	2	1	93	93	9.927932507195894E-5	1	1	80	102	0	13	-T
A1_BC01_consensus_vsearch	1808	C	*/-T	186	10	5.05%	2	1	93	93	8.681632994859981E-4	1	1	79	107	0	10	-T
A1_BC01_consensus_vsearch	1809	T	*/+C	170	7	3.74%	2	1	93	93	0.007354335343249384	1	1	66	104	7	0	+C
A1_BC01_consensus_vsearch	1810	C	*/-G	138	11	5.67%	2	1	93	93	4.032454159345352E-4	1	1	78	60	0	11	-G
A1_BC01_consensus_vsearch	1810	C	*/-GG	138	43	22.16%	2	1	93	93	6.677677849060987E-15	1	1	78	60	0	43	-GG
A1_BC01_consensus_vsearch	1818	T	*/+A	183	7	3.57%	2	1	93	93	0.007385343252869138	1	1	69	114	7	0	+A
A1_BC01_consensus_vsearch	1828	T	*/-G	181	13	6.63%	2	2	93	93	9.917006682722331E-5	1	1	78	103	1	12	-G
A1_BC01_consensus_vsearch	1838	T	*/+A	185	7	3.54%	2	1	93	93	0.007389745092191117	1	1	77	108	0	7	+A
A1_BC01_consensus_vsearch	1844	A	*/-C	104	71	36.98%	2	2	93	93	5.291806889822073E-26	1	1	53	51	9	62	-C
A1_BC01_consensus_vsearch	1857	A	*/-G	169	21	10.94%	2	1	93	93	2.6579218220022787E-7	1	1	52	117	21	0	-G
A1_BC01_consensus_vsearch	1861	T	*/-A	184	7	3.54%	2	2	93	93	0.007387555568979833	1	1	75	109	3	4	-A
A1_BC01_consensus_vsearch	1882	C	*/+T	89	55	28.8%	2	2	93	93	4.526095398705127E-20	1	1	32	57	38	17	+T
A1_BC01_consensus_vsearch	1882	C	*/+TT	89	11	5.76%	2	2	93	93	3.65222871813782E-4	1	1	32	57	7	4	+T
A1_BC01_consensus_vsearch	1882	C	*/-T	89	25	13.09%	2	2	93	93	6.799256612333991E-9	1	1	32	57	1	24	-T
A1_BC01_consensus_vsearch	1882	C	*/-TT	89	9	4.71%	2	1	93	93	0.0016118239607923867	1	1	32	57	0	9	-T
A1_BC01_consensus_vsearch	1893	C	*/-AC	178	12	6.12%	2	2	93	93	2.0410023380081397E-4	1	1	68	110	10	2	-AC
A1_BC01_consensus_vsearch	1937	C	*/-T	107	62	31.47%	2	2	93	93	2.1927970848518053E-22	1	1	60	47	14	48	-T
A1_BC01_consensus_vsearch	1937	C	*/-TT	107	23	11.68%	2	2	93	93	4.101852819447216E-8	1	1	60	47	2	21	-T
A1_BC01_consensus_vsearch	1953	C	*/-GC	186	7	3.61%	2	2	93	93	0.007391912172859777	1	1	75	111	5	2	-GC
A1_BC01_consensus_vsearch	1954	G	*/-C	178	7	3.72%	2	1	93	93	0.007373926992228167	1	1	74	104	0	7	-C
A1_BC01_consensus_vsearch	1960	T	*/-C	159	29	14.8%	2	2	93	93	5.783024933283224E-10	1	1	53	106	21	8	-C
A1_BC01_consensus_vsearch	1963	C	*/+T	175	15	7.58%	2	1	93	93	2.2895728702355452E-5	1	1	78	97	0	15	+T
A1_BC01_consensus_vsearch	1968	C	*/-AC	178	17	8.59%	2	1	93	93	5.300321947348008E-6	1	1	63	115	17	0	-AC
A1_BC01_consensus_vsearch	2011	G	*/-TG	182	10	5.05%	2	1	93	93	8.659835374014541E-4	1	1	78	104	0	10	-TG
A1_BC01_consensus_vsearch	2012	T	*/+G	163	18	9.84%	2	1	93	93	2.446232980840583E-6	1	1	78	85	0	18	+G
A1_BC01_consensus_vsearch	2071	G	*/-C	160	27	14.06%	2	2	93	93	2.7107929374750355E-9	1	1	45	115	26	1	-C
A1_BC01_consensus_vsearch	2092	G	*/-C	137	31	15.98%	2	2	93	93	1.0137532697552934E-10	1	1	56	81	9	22	-C
A1_BC01_consensus_vsearch	2092	G	*/-CC	137	14	7.22%	2	2	93	93	4.451878857237427E-5	1	1	56	81	10	4	-C
A1_BC01_consensus_vsearch	2096	C	*/-T	133	54	27.27%	2	2	93	93	6.254576883171749E-19	1	1	70	63	1	53	-T
A1_BC01_consensus_vsearch	2096	C	*/-TT	133	7	3.54%	2	2	93	93	0.007235038165514452	1	1	70	63	6	1	-T
A1_BC01_consensus_vsearch	2114	T	*/-C	179	11	5.56%	2	2	93	93	4.2074294006989865E-4	1	1	75	104	2	9	-C
A1_BC01_consensus_vsearch	2119	C	*/-GG	165	18	9.14%	2	2	93	93	2.458750474186743E-6	1	1	73	92	1	17	-GG
A1_BC01_consensus_vsearch	2126	C	*/+T	179	10	5.08%	2	1	93	93	8.642903755365361E-4	1	1	78	101	0	10	+T
A1_BC01_consensus_vsearch	2126	C	*/-T	179	7	3.55%	2	2	93	93	0.007376258791632204	1	1	78	101	1	6	+T
A1_BC01_consensus_vsearch	2129	T	*/-C	172	24	12.12%	2	1	93	93	2.81696247606528E-8	1	1	79	93	0	24	-C
A1_BC01_consensus_vsearch	2131	C	*/-T	146	31	15.66%	2	2	93	93	1.103792376140676E-10	1	1	79	67	1	30	-T
A1_BC01_consensus_vsearch	2131	C	*/-TTG	146	19	9.6%	2	1	93	93	1.1012390499888415E-6	1	1	79	67	0	19	-T
A1_BC01_consensus_vsearch	2133	T	*/-G	139	21	11.73%	2	1	93	93	2.3638461245380278E-7	1	1	79	60	0	21	-G
A1_BC01_consensus_vsearch	2134	G	*/-T	125	10	6.33%	2	1	93	93	8.216023047619768E-4	1	1	76	49	0	10	-T
A1_BC01_consensus_vsearch	2144	C	*/+G	166	12	6.06%	2	2	93	93	2.0156809457974717E-4	1	1	75	91	1	11	+G
A1_BC01_consensus_vsearch	2149	T	*/+C	182	11	5.58%	2	1	93	93	4.217452292539659E-4	1	1	68	114	11	0	+C
A1_BC01_consensus_vsearch	2150	C	*/-G	129	59	30.41%	2	2	93	93	7.680846939171158E-21	1	1	70	59	7	52	-G
A1_BC01_consensus_vsearch	2152	G	*/-A	186	7	3.61%	2	2	93	93	0.007391912172859777	1	1	71	115	6	1	-A
A1_BC01_consensus_vsearch	2155	T	*/+C	182	10	5.05%	2	2	93	93	8.659835374014541E-4	1	1	72	110	5	5	+C
A1_BC01_consensus_vsearch	2163	C	*/-T	172	17	8.63%	2	2	93	93	5.236578670378071E-6	1	1	77	95	1	16	-T
A1_BC01_consensus_vsearch	2166	T	*/-G	165	33	16.67%	2	1	93	93	2.718543160295084E-11	1	1	80	85	0	33	-G
A1_BC01_consensus_vsearch	2178	T	*/-C	177	15	7.61%	2	1	93	93	2.2967098326715997E-5	1	1	79	98	0	15	-C
A1_BC01_consensus_vsearch	2180	T	*/+C	173	18	9.28%	2	1	93	93	2.5066513464433235E-6	1	1	61	112	18	0	+C
A1_BC01_consensus_vsearch	2192	C	*/-GC	186	8	4.04%	2	2	93	93	0.0036291041675517713	1	1	71	115	7	1	-GC
A1_BC01_consensus_vsearch	2228	T	*/-G	180	13	6.6%	2	2	93	93	9.905976001490834E-5	1	1	69	111	9	4	-G
A1_BC01_consensus_vsearch	2230	G	*/-A	184	7	3.57%	2	1	93	93	0.007387555568979833	1	1	70	114	7	0	-A
A1_BC01_consensus_vsearch	2233	T	*/-C	142	50	25.64%	2	2	93	93	2.250000255501837E-17	1	1	73	69	7	43	-C
A1_BC01_consensus_vsearch	2239	T	*/-G	159	27	13.78%	2	1	93	93	2.6949429879321714E-9	1	1	75	84	0	27	-G
A1_BC01_consensus_vsearch	2241	G	*/-A	177	18	9.14%	2	1	93	93	2.5293761571789134E-6	1	1	61	116	18	0	-A
A1_BC01_consensus_vsearch	2247	A	*/-G	177	14	7.14%	2	1	93	93	4.76769575020497E-5	1	1	64	113	14	0	-G
A1_BC01_consensus_vsearch	2249	A	*/-TG	181	11	5.61%	2	2	93	93	4.214144486820526E-4	1	1	71	110	8	3	-TG
A1_BC01_consensus_vsearch	2254	C	*/+T	171	7	3.66%	2	1	93	93	0.007356879467164792	1	1	77	94	0	7	+T
A1_BC01_consensus_vsearch	2254	C	*/-T	171	9	4.71%	2	1	93	93	0.0017629749665283802	1	1	77	94	0	9	-T
A1_BC01_consensus_vsearch	2267	T	*/-G	186	8	4.04%	2	2	93	93	0.0036291041675517713	1	1	78	108	1	7	-G
A1_BC01_consensus_vsearch	2270	G	*/+C	165	20	10.1%	2	1	93	93	5.544412146053624E-7	1	1	78	87	0	20	+C
A1_BC01_consensus_vsearch	2272	T	*/-C	158	32	16.41%	2	1	93	93	5.598747499850964E-11	1	1	77	81	0	32	-C
A1_BC01_consensus_vsearch	2278	C	*/-A	182	14	7.07%	2	1	93	93	4.7989238973389496E-5	1	1	65	117	14	0	-A
A1_BC01_consensus_vsearch	2293	C	*/-T	179	8	4.06%	2	2	93	93	0.0036189151712300786	1	1	75	104	1	7	-T
A1_BC01_consensus_vsearch	2315	C	*/-GC	182	11	5.58%	2	1	93	93	4.217452292539659E-4	1	1	65	117	11	0	-GC
A1_BC01_consensus_vsearch	2328	T	*/-G	152	27	13.78%	2	2	93	93	2.5814226478010834E-9	1	1	74	78	2	25	-G
A1_BC01_consensus_vsearch	2328	T	*/-GG	152	7	3.57%	2	1	93	93	0.00730314147206752	1	1	74	78	0	7	-G
A1_BC01_consensus_vsearch	2334	A	*/+G	172	15	7.73%	2	1	93	93	2.2786128332551297E-5	1	1	75	97	0	15	+G
A1_BC01_consensus_vsearch	2338	C	*/+A	177	14	7.14%	2	1	93	93	4.76769575020497E-5	1	1	78	99	0	14	+A
A1_BC01_consensus_vsearch	2347	A	*/-G	180	7	3.59%	2	2	93	93	0.007378565932456183	1	1	74	106	6	1	-G
A1_BC01_consensus_vsearch	2352	T	*/-A	187	7	3.55%	2	2	93	93	0.007394057154213738	1	1	77	110	1	6	-A
A1_BC01_consensus_vsearch	2354	A	*/-G	184	7	3.55%	2	2	93	93	0.007387555568979833	1	1	77	107	1	6	-G
A1_BC01_consensus_vsearch	2371	A	*/-G	182	10	5.05%	2	2	93	93	8.659835374014541E-4	1	1	69	113	6	4	-G
A1_BC01_consensus_vsearch	2373	G	*/-A	164	22	11.22%	2	2	93	93	1.232921838407717E-7	1	1	55	109	15	7	-A
A1_BC01_consensus_vsearch	2385	A	*/-C	176	16	8.21%	2	2	93	93	1.1016738221751668E-5	1	1	60	116	15	1	-C
A1_BC01_consensus_vsearch	2388	A	-G/-G	7	172	90.53%	1	2	93	93	5.509495071179533E-95	1	1	7	0	69	103	-G
A1_BC01_consensus_vsearch	2388	A	*/-GG	7	11	5.79%	1	1	93	93	5.296890725144438E-5	1	1	7	0	0	11	-G
A1_BC01_consensus_vsearch	2394	T	*/+C	98	91	45.96%	2	2	93	93	2.060606457587926E-34	1	1	23	75	55	36	+C
A1_BC01_consensus_vsearch	2407	C	*/-G	174	12	6.15%	2	2	93	93	2.0329023403729924E-4	1	1	68	106	11	1	-G
A1_BC01_consensus_vsearch	2410	G	*/-T	187	7	3.54%	2	1	93	93	0.007394057154213738	1	1	79	108	0	7	-T
A1_BC01_consensus_vsearch	2416	A	*/-G	138	48	24.87%	2	2	93	93	1.0850957705168472E-16	1	1	48	90	27	21	-G
A1_BC01_consensus_vsearch	2433	G	*/-TG	170	22	11.22%	2	2	93	93	1.2601661617205748E-7	1	1	59	111	17	5	-TG
A1_BC01_consensus_vsearch	2443	C	*/-T	170	7	3.65%	2	2	93	93	0.007354335343249384	1	1	71	99	3	4	-T
A1_BC01_consensus_vsearch	2445	T	*/-G	145	20	10.42%	2	2	93	93	5.169803900269403E-7	1	1	57	88	4	16	-G
A1_BC01_consensus_vsearch	2450	T	*/+A	175	12	6.15%	2	1	93	93	2.0349578218661617E-4	1	1	79	96	0	12	+A
A1_BC01_consensus_vsearch	2454	C	*/+T	184	9	4.64%	2	1	93	93	0.0017754582364345615	1	1	78	106	0	9	+T
A1_BC01_consensus_vsearch	2460	T	*/-C	179	17	8.63%	2	1	93	93	5.310621334180349E-6	1	1	63	116	17	0	-C
A1_BC01_consensus_vsearch	2471	C	*/+A	182	7	3.65%	2	1	93	93	0.007383107786177688	1	1	77	105	0	7	+A
A1_BC01_consensus_vsearch	2506	T	*/-G	184	7	3.57%	2	2	93	93	0.007387555568979833	1	1	76	108	3	4	-G
A1_BC01_consensus_vsearch	2530	C	*/-TC	180	15	7.58%	2	1	93	93	2.3071699351829828E-5	1	1	79	101	0	15	-TC
A1_BC01_consensus_vsearch	2535	A	*/-G	164	27	14.06%	2	2	93	93	2.7732947652268564E-9	1	1	49	115	24	3	-G
A1_BC01_consensus_vsearch	2543	A	*/-G	179	12	6.12%	2	1	93	93	2.0429775305230596E-4	1	1	66	113	12	0	-G
A1_BC01_consensus_vsearch	2572	C	*/-A	174	15	7.58%	2	2	93	93	2.285953945782884E-5	1	1	78	96	1	14	-A
A1_BC01_consensus_vsearch	2584	C	*/-T	173	14	7.07%	2	1	93	93	4.7416220807620975E-5	1	1	79	94	0	14	-T
A1_BC01_consensus_vsearch	2584	C	*/-TC	173	8	4.04%	2	2	93	93	0.003609566346175535	1	1	79	94	1	7	-T
A1_BC01_consensus_vsearch	2585	T	*/-CCT	158	7	4.05%	2	1	93	93	0.007321431252717009	1	1	78	80	0	7	-CCT
A1_BC01_consensus_vsearch	2600	G	*/+T	168	16	8.12%	2	2	93	93	1.0854949494039784E-5	1	1	57	111	13	3	+T
A1_BC01_consensus_vsearch	2600	G	*/-T	168	9	4.57%	2	2	93	93	0.0017598412021421013	1	1	57	111	7	2	+T
A1_BC01_consensus_vsearch	2621	T	*/+G	165	9	4.66%	2	2	93	93	0.0017566025072910298	1	1	72	93	4	5	+G
A1_BC01_consensus_vsearch	2621	T	*/-G	165	10	5.18%	2	2	93	93	8.556516511161876E-4	1	1	72	93	3	7	-G
A1_BC01_consensus_vsearch	2635	C	*/-T	179	15	7.58%	2	2	93	93	2.3037153491826006E-5	1	1	79	100	1	14	-T
A1_BC01_consensus_vsearch	2658	G	*/-T	186	7	3.57%	2	2	93	93	0.007391912172859777	1	1	76	110	1	6	-T
A1_BC01_consensus_vsearch	2672	A	*/-CA	177	14	7.07%	2	1	93	93	4.76769575020497E-5	1	1	79	98	0	14	-CA
A1_BC01_consensus_vsearch	2684	A	*/+G	129	13	6.7%	2	2	93	93	9.157917961470188E-5	1	1	36	93	6	7	+G
A1_BC01_consensus_vsearch	2684	A	*/-G	129	38	19.59%	2	2	93	93	3.3759086530825876E-13	1	1	36	93	21	17	-G
A1_BC01_consensus_vsearch	2684	A	*/-GG	129	13	6.7%	2	1	93	93	9.157917961470188E-5	1	1	36	93	13	0	-G
A1_BC01_consensus_vsearch	2687	G	*/-A	166	28	14.14%	2	2	93	93	1.3041926076302482E-9	1	1	56	110	24	4	-A
A1_BC01_consensus_vsearch	2694	G	*/+A	170	10	5.08%	2	2	93	93	8.588852401034393E-4	1	1	72	98	2	8	+A
A1_BC01_consensus_vsearch	2694	G	*/-A	170	13	6.6%	2	2	93	93	9.789554903605308E-5	1	1	72	98	4	9	-A
A1_BC01_consensus_vsearch	2707	G	*/+A	107	9	4.55%	2	2	93	93	0.001662494057122746	1	1	68	39	3	6	+A
A1_BC01_consensus_vsearch	2707	G	*/-A	107	76	38.38%	2	2	93	93	6.4819384451569776E-28	1	1	68	39	8	68	-A
A1_BC01_consensus_vsearch	2713	T	*/-G	184	11	5.56%	2	1	93	93	4.223970856632319E-4	1	1	79	105	0	11	-G
A1_BC01_consensus_vsearch	2730	G	*/-AAA	177	7	3.63%	2	1	93	93	0.007371570136883838	1	1	67	110	7	0	-AAA
A1_BC01_consensus_vsearch	2737	C	*/-T	186	7	3.55%	2	2	93	93	0.007391912172859777	1	1	77	109	3	4	-T
A1_BC01_consensus_vsearch	2739	T	*/-C	169	13	6.6%	2	2	93	93	9.777264385923668E-5	1	1	68	101	7	6	-C
A1_BC01_consensus_vsearch	2741	C	*/-G	172	13	6.84%	2	2	93	93	9.813768217245088E-5	1	1	76	96	2	11	-G
A1_BC01_consensus_vsearch	2746	T	*/-A	186	9	4.57%	2	2	93	93	0.0017772348172719874	1	1	73	113	6	3	-A
A1_BC01_consensus_vsearch	2763	T	*/-G	182	8	4.12%	2	2	93	93	0.003623372158916335	1	1	73	109	2	6	-G
A1_BC01_consensus_vsearch	2768	C	*/-T	186	8	4.04%	2	1	93	93	0.0036291041675517713	1	1	80	106	0	8	-T
A1_BC01_consensus_vsearch	2770	C	*/-T	131	54	27.84%	2	2	93	93	5.9066222456780485E-19	1	1	77	54	1	53	-T
A1_BC01_consensus_vsearch	2778	G	*/+C	170	22	11.17%	2	2	93	93	1.2601661617205748E-7	1	1	76	94	1	21	+C
A1_BC01_consensus_vsearch	2779	T	*/-G	172	19	9.79%	2	2	93	93	1.1913480300411024E-6	1	1	75	97	2	17	-G
A1_BC01_consensus_vsearch	2781	C	*/+T	17	9	4.64%	2	2	93	93	8.492758805650067E-4	1	1	15	2	2	7	+T
A1_BC01_consensus_vsearch	2781	C	*/+TT	17	138	71.13%	2	2	93	93	1.3266996282840935E-69	1	1	15	2	58	80	+TT
A1_BC01_consensus_vsearch	2789	A	*/-C	182	9	4.55%	2	2	93	93	0.001773645426870732	1	1	76	106	1	8	-C
A1_BC01_consensus_vsearch	2790	C	*/+T	177	11	5.82%	2	1	93	93	4.200578330993431E-4	1	1	78	99	0	11	+T
A1_BC01_consensus_vsearch	2792	C	*/-T	153	37	18.69%	2	2	93	93	1.0429471053191086E-12	1	1	73	80	1	36	-T
A1_BC01_consensus_vsearch	2803	C	*/+T	177	10	5.24%	2	1	93	93	8.631325337656354E-4	1	1	72	105	0	10	+T
A1_BC01_consensus_vsearch	2809	C	*/-G	176	7	3.66%	2	2	93	93	0.007369187819667051	1	1	78	98	1	6	-G
A1_BC01_consensus_vsearch	2820	T	*/-G	165	15	7.61%	2	2	93	93	2.2517818669553618E-5	1	1	71	94	1	14	-G
A1_BC01_consensus_vsearch	2820	T	*/-GG	165	7	3.55%	2	2	93	93	0.007341176420737498	1	1	71	94	1	6	-G
A1_BC01_consensus_vsearch	2834	C	*/-GC	174	22	11.11%	2	2	93	93	1.2776555938392768E-7	1	1	78	96	2	20	-GC
A1_BC01_consensus_vsearch	2840	T	*/-G	181	11	5.56%	2	2	93	93	4.214144486820526E-4	1	1	76	105	1	10	-G
A1_BC01_consensus_vsearch	2846	T	*/+C	178	13	6.6%	2	1	93	93	9.88359399902161E-5	1	1	66	112	13	0	+C
A1_BC01_consensus_vsearch	2853	T	*/-CT	176	13	6.7%	2	1	93	93	9.860774066125673E-5	1	1	79	97	0	13	-CT
A1_BC01_consensus_vsearch	2854	C	*/-T	171	9	4.92%	2	1	93	93	0.0017629749665283802	1	1	80	91	0	9	-T
A1_BC01_consensus_vsearch	2868	G	*/+CC	178	8	4.1%	2	1	93	93	0.0036173981471315664	1	1	65	113	8	0	+CC
A1_BC01_consensus_vsearch	2873	C	*/-T	169	15	7.65%	2	2	93	93	2.2673356043783E-5	1	1	67	102	3	12	-T
A1_BC01_consensus_vsearch	2883	T	*/+G	185	7	3.55%	2	1	93	93	0.007389745092191117	1	1	78	107	0	7	+G
A1_BC01_consensus_vsearch	2910	C	*/-G	181	8	4.15%	2	2	93	93	0.0036219019328410066	1	1	76	105	1	7	-G
A1_BC01_consensus_vsearch	2917	T	*/-G	176	13	6.63%	2	2	93	93	9.860774066125673E-5	1	1	78	98	1	12	-G
A1_BC01_consensus_vsearch	2931	G	*/-C	183	8	4.12%	2	1	93	93	0.003624827265843605	1	1	69	114	8	0	-C
A1_BC01_consensus_vsearch	2939	T	*/+G	184	10	5.08%	2	2	93	93	8.670842550026666E-4	1	1	73	111	3	7	+G
A1_BC01_consensus_vsearch	2955	G	*/-AG	169	10	5.21%	2	1	93	93	8.582524143025632E-4	1	1	52	117	10	0	-AG
A1_BC01_consensus_vsearch	2957	G	*/-T	168	11	5.95%	2	2	93	93	4.167949943022952E-4	1	1	61	107	1	10	-T
A1_BC01_consensus_vsearch	2963	C	*/+T	170	9	4.55%	2	1	93	93	0.001761941721127389	1	1	75	95	0	9	+T
A1_BC01_consensus_vsearch	2963	C	*/-T	170	14	7.07%	2	1	93	93	4.721392964410002E-5	1	1	75	95	0	14	-T
A1_BC01_consensus_vsearch	2977	G	*/-A	183	7	3.63%	2	1	93	93	0.007385343252869138	1	1	67	116	7	0	-A
A1_BC01_consensus_vsearch	2979	A	*/-G	175	14	7.18%	2	2	93	93	4.754784207226191E-5	1	1	62	113	13	1	-G
A1_BC01_consensus_vsearch	2982	G	*/+A	6	107	54.59%	2	2	93	93	6.0695789607170005E-58	1	1	4	2	15	92	+A
A1_BC01_consensus_vsearch	2982	G	*/-A	6	15	7.65%	2	1	93	93	5.499408630258758E-7	1	1	4	2	15	0	+A
A1_BC01_consensus_vsearch	2982	G	*/-AT	6	13	6.63%	2	1	93	93	5.010572307568951E-6	1	1	4	2	13	0	+A
A1_BC01_consensus_vsearch	2986	G	*/-A	183	8	4.08%	2	1	93	93	0.003624827265843605	1	1	78	105	0	8	-A
A1_BC01_consensus_vsearch	2990	C	*/+T	185	9	4.59%	2	1	93	93	0.0017763509872760243	1	1	80	105	0	9	+T
A1_BC01_consensus_vsearch	2991	C	*/-T	189	9	4.55%	2	2	93	93	0.00177983409863699	1	1	79	110	1	8	-T
A1_BC01_consensus_vsearch	2992	T	*/-G	146	20	10.58%	2	1	93	93	5.190129661578946E-7	1	1	79	67	0	20	-G
A1_BC01_consensus_vsearch	3015	T	*/-G	165	20	10.2%	2	2	93	93	5.544412146053624E-7	1	1	60	105	11	9	-G
A1_BC01_consensus_vsearch	3026	C	*/-T	159	27	13.64%	2	2	93	93	2.6949429879321714E-9	1	1	74	85	3	24	-T
A1_BC01_consensus_vsearch	3035	A	*/-G	183	8	4.08%	2	2	93	93	0.003624827265843605	1	1	72	111	7	1	-G
A1_BC01_consensus_vsearch	3038	A	*/-C	179	16	8.08%	2	2	93	93	1.1074415688876696E-5	1	1	67	112	10	6	-C
A1_BC01_consensus_vsearch	3044	A	*/-C	187	8	4.08%	2	1	93	93	0.0036305010705765203	1	1	71	116	8	0	-C
A1_BC01_consensus_vsearch	3058	A	*/-G	181	9	4.69%	2	2	93	93	0.0017727250885016482	1	1	66	115	8	1	-G
A1_BC01_consensus_vsearch	3061	T	*/+A	188	7	3.57%	2	1	93	93	0.007396180372504935	1	1	72	116	7	0	+A
A1_BC01_consensus_vsearch	3083	G	*/-A	182	14	7.07%	2	2	93	93	4.7989238973389496E-5	1	1	68	114	12	2	-A
A1_BC01_consensus_vsearch	3100	G	*/-C	184	7	3.55%	2	1	93	93	0.007387555568979833	1	1	74	110	0	7	-C
A1_BC01_consensus_vsearch	3103	C	*/-G	176	10	5.05%	2	1	93	93	8.625446222228462E-4	1	1	80	96	0	10	-G
A1_BC01_consensus_vsearch	3107	T	*/-A	166	17	8.59%	2	2	93	93	5.169300695732747E-6	1	1	62	104	12	5	-A
A1_BC01_consensus_vsearch	3156	G	*/-TG	176	14	7.11%	2	1	93	93	4.7612708551473615E-5	1	1	73	103	0	14	-TG
A1_BC01_consensus_vsearch	3159	C	*/-A	162	28	14.21%	2	2	93	93	1.2734331030666902E-9	1	1	71	91	3	25	-A
A1_BC01_consensus_vsearch	3177	T	*/-G	184	8	4.08%	2	2	93	93	0.0036262674855563662	1	1	79	105	1	7	-G
A1_BC01_consensus_vsearch	3184	A	*/-G	142	42	21.76%	2	2	93	93	1.6157680115934345E-14	1	1	66	76	10	32	-G
A1_BC01_consensus_vsearch	3190	G	*/-A	173	17	8.67%	2	2	93	93	5.247440456017121E-6	1	1	59	114	15	2	-A
A1_BC01_consensus_vsearch	3192	A	*/+G	189	7	3.57%	2	1	93	93	0.007398282157210082	1	1	71	118	7	0	+G
A1_BC01_consensus_vsearch	3193	A	*/-G	182	10	5.05%	2	1	93	93	8.659835374014541E-4	1	1	64	118	10	0	-G
A1_BC01_consensus_vsearch	3197	C	*/-T	189	7	3.54%	2	1	93	93	0.007398282157210082	1	1	80	109	0	7	-T
A1_BC01_consensus_vsearch	3209	C	*/-T	189	7	3.57%	2	2	93	93	0.007398282157210082	1	1	76	113	2	5	-T
A1_BC01_consensus_vsearch	3221	T	*/+C	56	130	65.66%	2	2	93	93	1.0942644461278725E-55	1	1	25	31	52	78	+C
A1_BC01_consensus_vsearch	3224	T	*/-C	162	33	16.75%	2	1	93	93	2.6528069456623267E-11	1	1	46	116	33	0	-C
A1_BC01_consensus_vsearch	3226	C	*/+G	169	12	6.06%	2	1	93	93	2.02230596700354E-4	1	1	72	97	0	12	+G
A1_BC01_consensus_vsearch	3226	C	*/+GG	169	8	4.04%	2	2	93	93	0.0036029884966937457	1	1	72	97	1	7	+G
A1_BC01_consensus_vsearch	3233	T	*/+C	116	14	7.07%	2	2	93	93	4.218643324205456E-5	1	1	70	46	4	10	+C
A1_BC01_consensus_vsearch	3233	T	*/-C	116	46	23.23%	2	2	93	93	3.399255916621822E-16	1	1	70	46	6	40	-C
A1_BC01_consensus_vsearch	3233	T	*/-CC	116	7	3.54%	2	1	93	93	0.007156578629607704	1	1	70	46	0	7	-C
A1_BC01_consensus_vsearch	3233	T	*/-CCCT	116	14	7.07%	2	1	93	93	4.218643324205456E-5	1	1	70	46	0	14	-CCCT
A1_BC01_consensus_vsearch	3239	A	*/-G	177	13	6.63%	2	1	93	93	9.872239569714929E-5	1	1	78	99	0	13	-G
A1_BC01_consensus_vsearch	3252	T	*/-C	172	20	10.1%	2	2	93	93	5.661236069647623E-7	1	1	67	105	9	11	-C
A1_BC01_consensus_vsearch	3260	A	*/-G	185	8	4.06%	2	2	93	93	0.003627693045256358	1	1	68	117	7	1	-G
A1_BC01_consensus_vsearch	3293	A	*/-G	172	14	7.07%	2	2	93	93	4.734944773282747E-5	1	1	76	96	1	13	-G
A1_BC01_consensus_vsearch	3300	T	*/+C	177	10	5.13%	2	1	93	93	8.631325337656354E-4	1	1	67	110	10	0	+C
A1_BC01_consensus_vsearch	3301	C	*/-G	183	8	4.06%	2	2	93	93	0.003624827265843605	1	1	75	108	1	7	-G
A1_BC01_consensus_vsearch	3329	C	*/-A	181	8	4.12%	2	1	93	93	0.0036219019328410066	1	1	77	104	0	8	-A
A1_BC01_consensus_vsearch	3333	C	*/-T	179	18	9.09%	2	1	93	93	2.540449900319391E-6	1	1	79	100	0	18	-T
A1_BC01_consensus_vsearch	3334	T	*/-C	166	9	5.03%	2	1	93	93	0.0017576940544006955	1	1	68	98	9	0	-C
A1_BC01_consensus_vsearch	3337	G	*/-A	176	9	4.71%	2	2	93	93	0.001767978203561041	1	1	62	114	7	2	-A
A1_BC01_consensus_vsearch	3350	T	*/-C	180	15	7.65%	2	1	93	93	2.3071699351829828E-5	1	1	64	116	15	0	-C
A1_BC01_consensus_vsearch	3364	C	*/-T	181	9	4.55%	2	2	93	93	0.0017727250885016482	1	1	73	108	2	7	-T
A1_BC01_consensus_vsearch	3367	G	*/-TG	181	9	4.62%	2	2	93	93	0.0017727250885016482	1	1	68	113	8	1	-TG
A1_BC01_consensus_vsearch	3380	C	*/+A	159	29	14.65%	2	2	93	93	5.783024933283224E-10	1	1	78	81	1	28	+A
A1_BC01_consensus_vsearch	3380	C	*/-A	159	9	4.55%	2	2	93	93	0.0017497885367513443	1	1	78	81	1	8	+A
A1_BC01_consensus_vsearch	3388	A	*/-G	186	12	6.06%	2	2	93	93	2.056277785002741E-4	1	1	79	107	1	11	-G
A1_BC01_consensus_vsearch	3405	G	*/+T	159	13	6.57%	2	2	93	93	9.647152895130946E-5	1	1	48	111	8	5	+T
A1_BC01_consensus_vsearch	3405	G	*/-T	159	24	12.12%	2	2	93	93	2.6609349106156593E-8	1	1	48	111	23	1	-T
A1_BC01_consensus_vsearch	3409	T	*/-G	167	26	13.2%	2	1	93	93	6.04458130722122E-9	1	1	80	87	0	26	-G
A1_BC01_consensus_vsearch	3411	G	*/-T	182	9	4.62%	2	1	93	93	0.001773645426870732	1	1	79	103	0	9	-T
A1_BC01_consensus_vsearch	3412	T	*/-A	150	16	8.6%	2	1	93	93	1.0442229936658031E-5	1	1	79	71	0	16	-A
A1_BC01_consensus_vsearch	3430	C	*/-G	133	38	20.11%	2	2	93	93	3.594649131848569E-13	1	1	72	61	2	36	-G
A1_BC01_consensus_vsearch	3452	T	*/-A	178	10	5.1%	2	2	93	93	8.637144208672183E-4	1	1	70	108	7	3	-A
A1_BC01_consensus_vsearch	3464	G	*/+T	179	18	9.14%	2	1	93	93	2.540449900319391E-6	1	1	80	99	0	18	+T
A1_BC01_consensus_vsearch	3466	C	*/-T	179	19	9.6%	2	1	93	93	1.2123412815450364E-6	1	1	80	99	0	19	-T
A1_BC01_consensus_vsearch	3468	A	*/-G	184	11	5.56%	2	2	93	93	4.223970856632319E-4	1	1	78	106	1	10	-G
A1_BC01_consensus_vsearch	3481	T	*/+A	118	13	6.74%	2	2	93	93	8.928580478837278E-5	1	1	39	79	9	4	+A
A1_BC01_consensus_vsearch	3481	T	*/-A	118	36	18.65%	2	2	93	93	1.4322131847371166E-12	1	1	39	79	19	17	-A
A1_BC01_consensus_vsearch	3481	T	*/-AA	118	17	8.81%	2	2	93	93	4.459971291541184E-6	1	1	39	79	10	7	-A
A1_BC01_consensus_vsearch	3522	T	*/-G	159	23	11.92%	2	2	93	93	5.6797733472204405E-8	1	1	58	101	17	6	-G
A1_BC01_consensus_vsearch	3524	G	*/-A	181	7	3.57%	2	1	93	93	0.007380848803681321	1	1	71	110	7	0	-A
A1_BC01_consensus_vsearch	3533	A	*/-C	181	12	6.06%	2	2	93	93	2.0468701793138264E-4	1	1	75	106	1	11	-C
A1_BC01_consensus_vsearch	3539	T	*/-A	174	7	3.63%	2	1	93	93	0.007364345131566664	1	1	69	105	7	0	-A
A1_BC01_consensus_vsearch	3541	A	*/-GA	185	9	4.62%	2	1	93	93	0.0017763509872760243	1	1	68	117	9	0	-GA
A1_BC01_consensus_vsearch	3542	G	*/-A	177	7	3.7%	2	2	93	93	0.007371570136883838	1	1	61	116	6	1	-A
A1_BC01_consensus_vsearch	3548	T	*/-GT	131	60	31.25%	2	2	93	93	3.4747824983590885E-21	1	1	74	57	5	55	-GT
A1_BC01_consensus_vsearch	3556	C	*/-T	171	13	6.63%	2	1	93	93	9.80172223605813E-5	1	1	68	103	0	13	-T
A1_BC01_consensus_vsearch	3556	C	*/-TT	171	9	4.59%	2	1	93	93	0.0017629749665283802	1	1	68	103	9	0	-T
A1_BC01_consensus_vsearch	3581	G	*/-A	175	13	6.6%	2	2	93	93	9.8491958578274E-5	1	1	72	103	4	9	-A
A1_BC01_consensus_vsearch	3595	C	*/-T	173	14	7.18%	2	1	93	93	4.7416220807620975E-5	1	1	76	97	0	14	-T
A1_BC01_consensus_vsearch	3597	T	*/-AA	179	7	3.59%	2	1	93	93	0.007376258791632204	1	1	77	102	0	7	-AA
A1_BC01_consensus_vsearch	3640	T	*/-G	172	17	8.63%	2	2	93	93	5.236578670378071E-6	1	1	68	104	7	10	-G
A1_BC01_consensus_vsearch	3642	G	*/+A	44	147	74.24%	2	2	93	93	2.697225199768317E-66	1	1	23	21	51	96	+A
A1_BC01_consensus_vsearch	3643	G	+T/+T	29	151	76.26%	2	2	93	93	2.874533789653919E-72	1	1	14	15	57	94	+T
A1_BC01_consensus_vsearch	3643	G	*/+TA	29	7	3.54%	2	1	93	93	0.005666706272678213	1	1	14	15	7	0	+T
A1_BC01_consensus_vsearch	3645	G	*/+TA	180	8	4.1%	2	1	93	93	0.00362041635085765	1	1	74	106	0	8	+TA
A1_BC01_consensus_vsearch	3647	A	*/-G	182	8	4.04%	2	1	93	93	0.003623372158916335	1	1	68	114	8	0	-G
A1_BC01_consensus_vsearch	3649	G	*/+A	170	19	9.69%	2	2	93	93	1.1851204359271555E-6	1	1	54	116	18	1	+A
A1_BC01_consensus_vsearch	3652	G	*/-TG	179	11	5.61%	2	1	93	93	4.2074294006989865E-4	1	1	79	100	0	11	-TG
A1_BC01_consensus_vsearch	3668	T	*/+G	180	11	5.61%	2	1	93	93	4.2108036879098717E-4	1	1	79	101	0	11	+G
A1_BC01_consensus_vsearch	3670	A	*/-GA	185	10	5.05%	2	1	93	93	8.676264462271394E-4	1	1	67	118	10	0	-GA
A1_BC01_consensus_vsearch	3675	G	*/-C	187	11	5.56%	2	1	93	93	4.2335130867721316E-4	1	1	80	107	0	11	-C
A1_BC01_consensus_vsearch	3677	T	*/-G	186	10	5.05%	2	1	93	93	8.681632994859981E-4	1	1	80	106	0	10	-G
A1_BC01_consensus_vsearch	3695	T	*/-G	176	15	7.65%	2	1	93	93	2.293158010288128E-5	1	1	77	99	0	15	-G
A1_BC01_consensus_vsearch	3706	C	*/-T	186	8	4.08%	2	2	93	93	0.0036291041675517713	1	1	79	107	1	7	-T
A1_BC01_consensus_vsearch	3707	T	*/+G	170	13	6.91%	2	1	93	93	9.789554903605308E-5	1	1	63	107	13	0	+G
A1_BC01_consensus_vsearch	3717	C	*/-T	183	13	6.57%	2	2	93	93	9.938754956784761E-5	1	1	78	105	1	12	-T
A1_BC01_consensus_vsearch	3731	C	*/-A	183	10	5.08%	2	2	93	93	8.665366458993966E-4	1	1	75	108	1	9	-A
A1_BC01_consensus_vsearch	3750	C	*/-G	181	7	3.54%	2	2	93	93	0.007380848803681321	1	1	76	105	3	4	-G
A1_BC01_consensus_vsearch	3764	T	*/-G	168	7	3.83%	2	2	93	93	0.007349160919077469	1	1	75	93	2	5	-G
A1_BC01_consensus_vsearch	3768	G	*/+A	176	7	3.57%	2	2	93	93	0.007369187819667051	1	1	61	115	6	1	+A
A1_BC01_consensus_vsearch	3768	G	*/-A	176	11	5.61%	2	2	93	93	4.1971005075956745E-4	1	1	61	115	9	2	-A
A1_BC01_consensus_vsearch	3775	T	*/-C	153	42	21.21%	2	2	93	93	1.910863277852328E-14	1	1	49	104	31	11	-C
A1_BC01_consensus_vsearch	3777	C	*/-T	189	7	3.54%	2	1	93	93	0.007398282157210082	1	1	79	110	0	7	-T
A1_BC01_consensus_vsearch	3797	C	*/-G	179	11	5.61%	2	2	93	93	4.2074294006989865E-4	1	1	75	104	4	7	-G
A1_BC01_consensus_vsearch	3810	T	*/+C	159	9	4.55%	2	2	93	93	0.0017497885367513443	1	1	44	115	8	1	+C
A1_BC01_consensus_vsearch	3810	T	*/-C	159	30	15.15%	2	2	93	93	2.669088430744984E-10	1	1	44	115	28	2	-C
A1_BC01_consensus_vsearch	3813	T	*/-A	177	10	5.15%	2	2	93	93	8.631325337656354E-4	1	1	76	101	2	8	-A
A1_BC01_consensus_vsearch	3816	G	*/-CG	177	9	4.59%	2	1	93	93	0.0017689474455757383	1	1	76	101	0	9	-CG
A1_BC01_consensus_vsearch	3817	C	*/+G	69	94	51.65%	2	2	93	93	2.0082329311865413E-37	1	1	40	29	30	64	+G
A1_BC01_consensus_vsearch	3817	C	*/+GG	69	8	4.4%	2	2	93	93	0.0032264116811655053	1	1	40	29	3	5	+G
A1_BC01_consensus_vsearch	3839	C	*/-A	160	16	8.25%	2	2	93	93	1.0680484434952118E-5	1	1	72	88	2	14	-A
A1_BC01_consensus_vsearch	3841	A	*/-G	169	12	6.28%	2	2	93	93	2.02230596700354E-4	1	1	76	93	3	9	-G
A1_BC01_consensus_vsearch	3843	G	*/-CG	183	9	4.55%	2	2	93	93	0.0017745564291022078	1	1	75	108	2	7	-CG
A1_BC01_consensus_vsearch	3846	T	*/-C	175	16	8.21%	2	1	93	93	1.0997161030255734E-5	1	1	78	97	0	16	-C
A1_BC01_consensus_vsearch	3853	G	*/-CG	183	13	6.57%	2	2	93	93	9.938754956784761E-5	1	1	73	110	6	7	-CG
A1_BC01_consensus_vsearch	3856	T	*/-C	189	7	3.57%	2	1	93	93	0.007398282157210082	1	1	72	117	7	0	-C
A1_BC01_consensus_vsearch	3858	C	*/-T	168	27	13.64%	2	1	93	93	2.834384614042133E-9	1	1	78	90	0	27	-T
A1_BC01_consensus_vsearch	3862	G	*/+T	186	7	3.55%	2	1	93	93	0.007391912172859777	1	1	77	109	0	7	+T
A1_BC01_consensus_vsearch	3871	A	*/-G	139	50	25.51%	2	2	93	93	2.1028310985185507E-17	1	1	48	91	27	23	-G
A1_BC01_consensus_vsearch	3874	G	*/-A	172	11	5.61%	2	1	93	93	4.1828279774789115E-4	1	1	64	108	11	0	-A
A1_BC01_consensus_vsearch	3883	T	*/-A	170	9	4.71%	2	2	93	93	0.001761941721127389	1	1	68	102	8	1	-A
A1_BC01_consensus_vsearch	3903	A	*/+G	185	8	4.06%	2	2	93	93	0.003627693045256358	1	1	75	110	2	6	+G
A1_BC01_consensus_vsearch	3905	G	*/+A	190	7	3.54%	2	1	93	93	0.007400362831181816	1	1	72	118	7	0	+A
A1_BC01_consensus_vsearch	3923	C	*/-GC	182	8	4.08%	2	1	93	93	0.003623372158916335	1	1	67	115	8	0	-GC
A1_BC01_consensus_vsearch	3932	A	*/-C	186	8	4.08%	2	2	93	93	0.0036291041675517713	1	1	71	115	5	3	-C
A1_BC01_consensus_vsearch	3935	C	*/-A	175	11	5.56%	2	2	93	93	4.1935871135675344E-4	1	1	66	109	10	1	-A
A1_BC01_consensus_vsearch	3937	A	*/-G	142	48	24.49%	2	2	93	93	1.180797997819128E-16	1	1	68	74	7	41	-G
A1_BC01_consensus_vsearch	3948	A	*/-C	184	8	4.12%	2	2	93	93	0.0036262674855563662	1	1	69	115	5	3	-C
A1_BC01_consensus_vsearch	3951	A	*/-G	160	23	11.68%	2	1	93	93	5.704379214634594E-8	1	1	73	87	0	23	-G
A1_BC01_consensus_vsearch	3980	C	*/-A	176	18	9.23%	2	2	93	93	2.523768028146743E-6	1	1	79	97	1	17	-A
A1_BC01_consensus_vsearch	3997	C	*/-G	168	23	11.73%	2	2	93	93	5.894865983180831E-8	1	1	66	102	11	12	-G
A1_BC01_consensus_vsearch	3999	G	*/-A	186	8	4.06%	2	2	93	93	0.0036291041675517713	1	1	73	113	6	2	-A
A1_BC01_consensus_vsearch	4010	C	*/-GC	182	8	4.08%	2	2	93	93	0.003623372158916335	1	1	76	106	2	6	-GC
A1_BC01_consensus_vsearch	4016	G	*/-A	163	15	7.61%	2	2	93	93	2.243773435844977E-5	1	1	55	108	9	6	-A
A1_BC01_consensus_vsearch	4016	G	*/-AG	163	8	4.06%	2	2	93	93	0.0035925563072326206	1	1	55	108	5	3	-A
A1_BC01_consensus_vsearch	4016	G	*/-AGG	163	9	4.57%	2	1	93	93	0.0017543824532390317	1	1	55	108	9	0	-AGG
A1_BC01_consensus_vsearch	4017	A	*/+G	53	85	51.52%	2	2	93	93	1.073151025023406E-34	1	1	16	37	20	65	+G
A1_BC01_consensus_vsearch	4017	A	*/-G	53	21	12.73%	2	2	93	93	9.119277663848966E-8	1	1	16	37	19	2	+G
A1_BC01_consensus_vsearch	4024	T	*/-G	183	8	4.08%	2	1	93	93	0.003624827265843605	1	1	78	105	0	8	-G
A1_BC01_consensus_vsearch	4033	A	*/-G	167	10	5.08%	2	2	93	93	8.569661506081246E-4	1	1	58	109	7	3	-G
A1_BC01_consensus_vsearch	4033	A	*/-GGA	167	9	4.57%	2	1	93	93	0.001758773553282941	1	1	58	109	9	0	-G
A1_BC01_consensus_vsearch	4035	G	*/-A	167	8	4.3%	2	1	93	93	0.003599589021589525	1	1	51	116	8	0	-A
A1_BC01_consensus_vsearch	4039	G	*/-C	166	13	6.88%	2	1	93	93	9.739634822135725E-5	1	1	55	111	13	0	-C
A1_BC01_consensus_vsearch	4042	C	*/-T	185	7	3.54%	2	1	93	93	0.007389745092191117	1	1	78	107	0	7	-T
A1_BC01_consensus_vsearch	4047	G	*/-CG	189	9	4.55%	2	1	93	93	0.00177983409863699	1	1	80	109	0	9	-CG
A1_BC01_consensus_vsearch	4067	G	*/-C	140	43	22.05%	2	2	93	93	6.917299049758386E-15	1	1	57	83	17	26	-C
A1_BC01_consensus_vsearch	4074	G	*/-A	166	23	11.68%	2	2	93	93	5.8482802600091984E-8	1	1	68	98	8	15	-A
A1_BC01_consensus_vsearch	4080	C	*/-T	183	10	5.05%	2	1	93	93	8.665366458993966E-4	1	1	80	103	0	10	-T
A1_BC01_consensus_vsearch	4088	T	*/+C	182	13	6.6%	2	2	93	93	9.927932507195894E-5	1	1	67	115	12	1	+C
A1_BC01_consensus_vsearch	4091	C	*/-A	172	8	4.06%	2	2	93	93	0.0036079487687097848	1	1	75	97	1	7	-A
A1_BC01_consensus_vsearch	4119	T	*/-C	173	15	7.73%	2	2	93	93	2.2823007615405344E-5	1	1	74	99	1	14	-C
A1_BC01_consensus_vsearch	4130	G	*/-CAG	184	8	4.06%	2	1	93	93	0.0036262674855563662	1	1	75	109	0	8	-CAG
A1_BC01_consensus_vsearch	4137	T	*/+C	160	10	5.08%	2	2	93	93	8.522356073059357E-4	1	1	52	108	8	2	+C
A1_BC01_consensus_vsearch	4137	T	*/-C	160	23	11.68%	2	2	93	93	5.704379214634594E-8	1	1	52	108	20	3	-C
A1_BC01_consensus_vsearch	4141	A	*/+G	181	7	3.54%	2	1	93	93	0.007380848803681321	1	1	70	111	0	7	+G
A1_BC01_consensus_vsearch	4152	C	*/-T	172	23	11.68%	2	1	93	93	5.986045261644147E-8	1	1	79	93	0	23	-T
A1_BC01_consensus_vsearch	4154	C	*/-T	183	12	6.09%	2	2	93	93	2.0506876982070716E-4	1	1	78	105	2	10	-T
A1_BC01_consensus_vsearch	4173	T	*/-G	172	12	6.22%	2	1	93	93	2.0287285558348591E-4	1	1	79	93	0	12	-G
A1_BC01_consensus_vsearch	4177	T	*/-A	171	15	7.61%	2	2	93	93	2.2748896676102235E-5	1	1	67	104	10	5	-A
A1_BC01_consensus_vsearch	4179	A	*/+G	144	7	3.59%	2	2	93	93	0.007276525855895998	1	1	46	98	4	3	+G
A1_BC01_consensus_vsearch	4179	A	*/-G	144	31	15.9%	2	2	93	93	1.0840184064961812E-10	1	1	46	98	20	11	-G
A1_BC01_consensus_vsearch	4209	A	*/-G	159	29	14.72%	2	2	93	93	5.783024933283224E-10	1	1	76	83	1	28	-G
A1_BC01_consensus_vsearch	4214	T	*/-A	182	10	5.08%	2	2	93	93	8.659835374014541E-4	1	1	70	112	6	4	-A
A1_BC01_consensus_vsearch	4216	A	*/+G	144	12	6.12%	2	2	93	93	1.9598880020524895E-4	1	1	45	99	10	2	+G
A1_BC01_consensus_vsearch	4216	A	*/-G	144	26	13.27%	2	2	93	93	5.295834799057409E-9	1	1	45	99	18	8	-G
A1_BC01_consensus_vsearch	4229	A	*/-G	175	13	6.6%	2	2	93	93	9.8491958578274E-5	1	1	68	107	7	6	-G
A1_BC01_consensus_vsearch	4249	C	*/+G	116	33	16.67%	2	2	93	93	1.5854849028284158E-11	1	1	53	63	3	30	+G
A1_BC01_consensus_vsearch	4249	C	*/-G	116	43	21.72%	2	2	93	93	4.231929653277704E-15	1	1	53	63	22	21	-G
A1_BC01_consensus_vsearch	4261	G	*/-C	166	17	8.59%	2	2	93	93	5.169300695732747E-6	1	1	69	97	3	14	-C
A1_BC01_consensus_vsearch	4262	C	*/+T	157	16	9.14%	2	1	93	93	1.061148802625045E-5	1	1	76	81	0	16	+T
A1_BC01_consensus_vsearch	4264	C	*/-T	127	57	28.93%	2	2	93	93	4.015907217292703E-20	1	1	72	55	4	53	-T
A1_BC01_consensus_vsearch	4271	C	*/-G	180	7	3.57%	2	1	93	93	0.007378565932456183	1	1	72	108	0	7	-G
A1_BC01_consensus_vsearch	4273	G	*/-C	180	9	4.55%	2	1	93	93	0.001771795269848945	1	1	62	118	9	0	-C
A1_BC01_consensus_vsearch	4274	C	*/+T	177	7	3.7%	2	1	93	93	0.007371570136883838	1	1	68	109	0	7	+T
A1_BC01_consensus_vsearch	4280	C	*/-TC	156	33	16.84%	2	2	93	93	2.519602374614848E-11	1	1	78	78	1	32	-TC
A1_BC01_consensus_vsearch	4281	T	*/+C	147	11	6.75%	2	1	93	93	4.0781920045140403E-4	1	1	66	81	11	0	+C
A1_BC01_consensus_vsearch	4286	C	*/-G	184	12	6.06%	2	2	93	93	2.052568958466569E-4	1	1	78	106	1	11	-G
A1_BC01_consensus_vsearch	4288	G	*/+A	184	10	5.08%	2	1	93	93	8.670842550026666E-4	1	1	66	118	10	0	+A
A1_BC01_consensus_vsearch	4299	T	*/-G	179	10	5.15%	2	2	93	93	8.642903755365361E-4	1	1	70	109	2	8	-G
A1_BC01_consensus_vsearch	4303	G	*/-C	180	7	3.61%	2	1	93	93	0.007378565932456183	1	1	73	107	0	7	-C
A1_BC01_consensus_vsearch	4305	C	*/-T	168	23	11.73%	2	1	93	93	5.894865983180831E-8	1	1	79	89	0	23	-T
A1_BC01_consensus_vsearch	4307	C	*/-T	179	7	3.65%	2	2	93	93	0.007376258791632204	1	1	73	106	5	2	-T
A1_BC01_consensus_vsearch	4309	A	*/-T	186	8	4.08%	2	2	93	93	0.0036291041675517713	1	1	75	111	3	5	-T
A1_BC01_consensus_vsearch	4313	C	*/+T	179	10	5.29%	2	1	93	93	8.642903755365361E-4	1	1	77	102	0	10	+T
A1_BC01_consensus_vsearch	4331	G	*/+T	185	8	4.1%	2	1	93	93	0.003627693045256358	1	1	77	108	0	8	+T
A1_BC01_consensus_vsearch	4333	C	*/-T	182	7	3.66%	2	2	93	93	0.007383107786177688	1	1	72	110	1	6	-T
A1_BC01_consensus_vsearch	4344	T	*/+C	165	15	7.89%	2	2	93	93	2.2517818669553618E-5	1	1	72	93	3	12	+C
A1_BC01_consensus_vsearch	4356	C	*/+G	181	8	4.12%	2	1	93	93	0.0036219019328410066	1	1	75	106	0	8	+G
A1_BC01_consensus_vsearch	4362	T	*/-G	151	26	13.47%	2	2	93	93	5.535048527187511E-9	1	1	45	106	21	5	-G
