Chrom	Position	Ref	Cons	Reads1	Reads2	VarFreq	Strands1	Strands2	Qual1	Qual2	Pvalue	MapQual1	MapQual2	Reads1Plus	Reads1Minus	Reads2Plus	Reads2Minus	VarAllele
A5_BC05_consensus_vsearch	3	G	*/-T	57	25	29.76%	2	1	93	93	3.4311236494696974E-9	1	1	48	9	25	0	-T
A5_BC05_consensus_vsearch	24	T	*/+C	46	53	50%	2	2	93	93	6.888305046702213E-21	1	1	28	18	45	8	+C
A5_BC05_consensus_vsearch	31	T	*/-C	96	8	7.55%	2	1	93	93	0.0033970091765190653	1	1	69	27	8	0	-C
A5_BC05_consensus_vsearch	70	C	*/-A	82	9	8.82%	2	2	93	93	0.0015870180132160528	1	1	63	19	8	1	-A
A5_BC05_consensus_vsearch	74	G	*/+C	46	36	34.95%	2	2	93	93	1.0134175262536693E-13	1	1	36	10	35	1	+C
A5_BC05_consensus_vsearch	74	G	*/-C	46	13	12.62%	2	2	93	93	5.817994813623559E-5	1	1	36	10	3	10	+C
A5_BC05_consensus_vsearch	90	A	*/-C	84	14	13.46%	2	2	93	93	3.705371220357749E-5	1	1	60	24	12	2	-C
A5_BC05_consensus_vsearch	104	G	*/-C	85	15	14.15%	2	2	93	93	1.7317059356497582E-5	1	1	59	26	14	1	-C
A5_BC05_consensus_vsearch	114	C	*/-T	100	7	6.54%	2	1	93	93	0.007060418475842725	1	1	80	20	0	7	-T
A5_BC05_consensus_vsearch	131	G	*/-A	90	13	12.38%	2	1	93	93	8.155019806640905E-5	1	1	64	26	13	0	-A
A5_BC05_consensus_vsearch	133	G	*/-C	68	27	25.71%	2	2	93	93	8.624549396413125E-10	1	1	52	16	17	10	-C
A5_BC05_consensus_vsearch	133	G	*/-CC	68	7	6.67%	2	1	93	93	0.006748603167255938	1	1	52	16	7	0	-C
A5_BC05_consensus_vsearch	150	T	*/-G	93	11	10.38%	2	2	93	93	3.695482496886117E-4	1	1	73	20	4	7	-G
A5_BC05_consensus_vsearch	156	G	*/-CG	92	9	8.49%	2	2	93	93	0.0016214579515213031	1	1	68	24	7	2	-CG
A5_BC05_consensus_vsearch	163	C	*/+A	90	8	7.48%	2	1	93	93	0.003366921162543502	1	1	63	27	8	0	+A
A5_BC05_consensus_vsearch	163	C	*/-A	90	9	8.41%	2	1	93	93	0.0016150966997992011	1	1	63	27	9	0	-A
A5_BC05_consensus_vsearch	168	G	*/-C	93	10	9.35%	2	1	93	93	7.766140881779252E-4	1	1	67	26	10	0	-C
A5_BC05_consensus_vsearch	180	C	*/+TG	28	28	26.17%	2	2	93	93	3.914292193618317E-11	1	1	22	6	21	7	+TG
A5_BC05_consensus_vsearch	180	C	*/+TGC	28	35	32.71%	2	2	93	93	3.706183177431854E-14	1	1	22	6	26	9	+TGC
A5_BC05_consensus_vsearch	181	C	*/+TGC	89	8	7.48%	2	1	93	93	0.0033615579930956	1	1	66	23	8	0	+TGC
A5_BC05_consensus_vsearch	190	C	*/-A	91	13	12.15%	2	1	93	93	8.188788004599957E-5	1	1	64	27	13	0	-A
A5_BC05_consensus_vsearch	195	C	*/-T	94	10	9.35%	2	2	93	93	7.784101429611515E-4	1	1	71	23	6	4	-T
A5_BC05_consensus_vsearch	203	G	*/-A	98	8	7.55%	2	1	93	93	0.003406307176827417	1	1	71	27	8	0	-A
A5_BC05_consensus_vsearch	212	G	*/-A	94	12	11.21%	2	1	93	93	1.7563166789412888E-4	1	1	67	27	12	0	-A
A5_BC05_consensus_vsearch	229	T	*/-C	80	22	20.75%	2	2	93	93	6.704348682319485E-8	1	1	67	13	11	11	-C
A5_BC05_consensus_vsearch	249	A	*/+T	98	7	6.6%	2	2	93	93	0.007046380532456332	1	1	73	25	5	2	+T
A5_BC05_consensus_vsearch	258	G	*/-A	95	10	9.43%	2	1	93	93	7.801743563298274E-4	1	1	68	27	10	0	-A
A5_BC05_consensus_vsearch	308	G	*/-A	85	16	15.38%	2	2	93	93	8.012370747035288E-6	1	1	62	23	12	4	-A
A5_BC05_consensus_vsearch	309	A	+G/+G	7	70	82.35%	1	2	93	93	3.089892565821441E-36	1	1	7	0	48	22	+G
A5_BC05_consensus_vsearch	310	A	*/-G	90	14	13.46%	2	2	93	93	3.821434402146191E-5	1	1	64	26	13	1	-G
A5_BC05_consensus_vsearch	313	C	*/+A	83	7	6.6%	2	1	93	93	0.0069216930214951	1	1	59	24	7	0	+A
A5_BC05_consensus_vsearch	313	C	*/-A	83	14	13.21%	2	2	93	93	3.684899556155924E-5	1	1	59	24	13	1	-A
A5_BC05_consensus_vsearch	329	G	*/-T	87	14	13.08%	2	1	93	93	3.764807618054374E-5	1	1	62	25	14	0	-T
A5_BC05_consensus_vsearch	334	C	*/-A	92	10	9.52%	2	1	93	93	7.747853265891162E-4	1	1	66	26	10	0	-A
A5_BC05_consensus_vsearch	336	A	*/-G	94	11	10.28%	2	2	93	93	3.7058281925653647E-4	1	1	75	19	4	7	-G
A5_BC05_consensus_vsearch	351	T	*/-AC	93	8	7.77%	2	1	93	93	0.003382396156936316	1	1	69	24	8	0	-AC
A5_BC05_consensus_vsearch	358	C	*/-G	62	33	31.13%	2	2	93	93	3.977363244576602E-12	1	1	43	19	29	4	-G
A5_BC05_consensus_vsearch	369	A	*/-C	89	11	10.38%	2	1	93	93	3.65222871813782E-4	1	1	62	27	11	0	-C
A5_BC05_consensus_vsearch	387	G	*/-C	96	7	6.67%	2	1	93	93	0.007031808995392218	1	1	69	27	7	0	-C
A5_BC05_consensus_vsearch	395	A	*/-CA	94	9	8.57%	2	2	93	93	0.001627584844373568	1	1	69	25	7	2	-CA
A5_BC05_consensus_vsearch	415	T	*/-C	90	13	12.15%	2	2	93	93	8.155019806640905E-5	1	1	77	13	1	12	-C
A5_BC05_consensus_vsearch	421	G	*/-C	98	7	6.54%	2	1	93	93	0.007046380532456332	1	1	72	26	7	0	-C
A5_BC05_consensus_vsearch	434	C	*/-G	98	7	6.54%	2	1	93	93	0.007046380532456332	1	1	80	18	0	7	-G
A5_BC05_consensus_vsearch	453	T	*/-C	84	16	14.95%	2	2	93	93	7.956486731365802E-6	1	1	59	25	14	2	-C
A5_BC05_consensus_vsearch	472	T	*/-C	95	10	9.35%	2	1	93	93	7.801743563298274E-4	1	1	68	27	10	0	-C
A5_BC05_consensus_vsearch	507	T	*/+C	86	17	16.04%	2	1	93	93	3.7188953300300767E-6	1	1	61	25	17	0	+C
A5_BC05_consensus_vsearch	508	C	*/-G	93	12	11.21%	2	1	93	93	1.7504917090513448E-4	1	1	79	14	0	12	-G
A5_BC05_consensus_vsearch	537	T	*/-C	79	23	21.9%	2	2	93	93	2.9469664537666175E-8	1	1	63	16	14	9	-C
A5_BC05_consensus_vsearch	551	C	*/-GG	94	11	10.28%	2	1	93	93	3.7058281925653647E-4	1	1	67	27	11	0	-GG
A5_BC05_consensus_vsearch	560	C	*/+A	82	22	20.75%	2	1	93	93	6.890125135035654E-8	1	1	55	27	22	0	+A
A5_BC05_consensus_vsearch	561	G	*/-A	78	23	21.5%	2	1	93	93	2.9011971159641923E-8	1	1	53	25	23	0	-A
A5_BC05_consensus_vsearch	577	T	*/-A	94	7	6.54%	2	2	93	93	0.007016672878749878	1	1	68	26	6	1	-A
A5_BC05_consensus_vsearch	579	A	*/-G	85	13	12.38%	2	1	93	93	7.977446274419498E-5	1	1	58	27	13	0	-G
A5_BC05_consensus_vsearch	590	T	*/+C	35	67	65.69%	2	2	93	93	3.5173723560217255E-28	1	1	20	15	58	9	+C
A5_BC05_consensus_vsearch	592	C	*/+T	93	12	11.21%	2	1	93	93	1.7504917090513448E-4	1	1	78	15	0	12	+T
A5_BC05_consensus_vsearch	608	A	*/-C	90	10	9.43%	2	1	93	93	7.710260627179726E-4	1	1	63	27	10	0	-C
A5_BC05_consensus_vsearch	636	A	*/-C	95	11	10.28%	2	2	93	93	3.715996341759947E-4	1	1	73	22	6	5	-C
A5_BC05_consensus_vsearch	641	T	*/-C	84	13	12.26%	2	2	93	93	7.940081186480033E-5	1	1	62	22	11	2	-C
A5_BC05_consensus_vsearch	649	T	*/+C	89	11	10.68%	2	1	93	93	3.65222871813782E-4	1	1	63	26	11	0	+C
A5_BC05_consensus_vsearch	656	A	*/-CC	86	8	8%	2	1	93	93	0.0033448100439043152	1	1	61	25	8	0	-CC
A5_BC05_consensus_vsearch	668	C	*/-G	83	13	12.62%	2	1	93	93	7.902062381535592E-5	1	1	57	26	13	0	-G
A5_BC05_consensus_vsearch	674	T	*/-A	95	9	8.41%	2	1	93	93	0.0016305644047292834	1	1	71	24	9	0	-A
A5_BC05_consensus_vsearch	703	A	*/-G	80	10	9.71%	2	2	93	93	7.499263913844549E-4	1	1	64	16	8	2	-G
A5_BC05_consensus_vsearch	720	C	*/+GC	46	53	52.48%	2	2	93	93	6.888305046702213E-21	1	1	35	11	38	15	+GC
A5_BC05_consensus_vsearch	728	C	*/-AC	83	21	19.81%	2	2	93	93	1.5523534942791598E-7	1	1	58	25	20	1	-AC
A5_BC05_consensus_vsearch	744	A	*/+C	84	7	6.67%	2	1	93	93	0.00693125337097071	1	1	57	27	7	0	+C
A5_BC05_consensus_vsearch	748	C	*/+A	77	27	25.23%	2	2	93	93	1.0698248667440359E-9	1	1	62	15	16	11	+A
A5_BC05_consensus_vsearch	749	C	*/+AC	57	46	42.99%	2	2	93	93	2.0572720137750726E-17	1	1	41	16	36	10	+AC
A5_BC05_consensus_vsearch	750	G	*/+C	74	8	7.77%	2	2	93	93	0.003266103505100527	1	1	60	14	7	1	+C
A5_BC05_consensus_vsearch	762	T	*/-C	70	19	18.1%	2	1	93	93	6.512963048652653E-7	1	1	44	26	19	0	-C
A5_BC05_consensus_vsearch	762	T	*/-CC	70	15	14.29%	2	1	93	93	1.5519354850357857E-5	1	1	44	26	15	0	-C
A5_BC05_consensus_vsearch	775	T	*/-C	95	8	7.55%	2	2	93	93	0.003392229465115033	1	1	71	24	6	2	-C
A5_BC05_consensus_vsearch	782	A	*/-G	76	23	23.23%	2	2	93	93	2.808747653592623E-8	1	1	50	26	22	1	-G
A5_BC05_consensus_vsearch	787	C	*/+G	53	46	43.4%	1	2	93	93	1.4447335929048312E-17	1	1	53	0	21	25	+G
A5_BC05_consensus_vsearch	817	A	*/+T	93	7	6.54%	2	1	93	93	0.00700888275818608	1	1	66	27	7	0	+T
A5_BC05_consensus_vsearch	856	C	*/-AC	55	40	41.24%	2	2	93	93	4.802001407194253E-15	1	1	31	24	39	1	-AC
A5_BC05_consensus_vsearch	916	C	*/+T	81	8	7.48%	2	2	93	93	0.003314489482909416	1	1	65	16	5	3	+T
A5_BC05_consensus_vsearch	916	C	*/-T	81	15	14.02%	2	2	93	93	1.6879491735837967E-5	1	1	65	16	9	6	-T
A5_BC05_consensus_vsearch	922	T	*/-G	85	14	13.21%	2	1	93	93	3.725507904804453E-5	1	1	60	25	14	0	-G
A5_BC05_consensus_vsearch	924	G	*/-A	95	8	7.62%	2	1	93	93	0.003392229465115033	1	1	69	26	8	0	-A
A5_BC05_consensus_vsearch	972	T	*/-C	87	11	10.38%	2	2	93	93	3.629407527147718E-4	1	1	62	25	10	1	-C
A5_BC05_consensus_vsearch	976	A	*/-CA	97	9	8.41%	2	2	93	93	0.0016363632516130109	1	1	71	26	8	1	-CA
A5_BC05_consensus_vsearch	993	T	*/-A	89	18	16.82%	2	1	93	93	1.7492878082179093E-6	1	1	62	27	18	0	-A
A5_BC05_consensus_vsearch	1041	T	*/+C	88	15	14.29%	2	1	93	93	1.7627835883852036E-5	1	1	63	25	15	0	+C
A5_BC05_consensus_vsearch	1042	C	*/+G	80	17	16.19%	2	2	93	93	3.5420695093335385E-6	1	1	56	24	16	1	+G
A5_BC05_consensus_vsearch	1043	A	*/-G	78	17	16.83%	2	1	93	93	3.479778449936993E-6	1	1	54	24	17	0	-G
A5_BC05_consensus_vsearch	1050	C	*/-GC	100	7	6.54%	2	2	93	93	0.007060418475842725	1	1	75	25	5	2	-GC
A5_BC05_consensus_vsearch	1063	A	*/-CA	89	14	13.08%	2	2	93	93	3.802858977190336E-5	1	1	64	25	12	2	-CA
A5_BC05_consensus_vsearch	1065	A	*/-T	76	8	8.79%	2	2	93	93	0.0032807151767424653	1	1	53	23	7	1	-T
A5_BC05_consensus_vsearch	1100	G	*/-C	93	9	8.49%	2	2	93	93	0.0016245498783317288	1	1	67	26	8	1	-C
A5_BC05_consensus_vsearch	1104	C	*/-A	92	13	12.15%	2	2	93	93	8.222006512210814E-5	1	1	70	22	9	4	-A
A5_BC05_consensus_vsearch	1148	G	*/-A	94	10	9.43%	2	2	93	93	7.784101429611515E-4	1	1	70	24	9	1	-A
A5_BC05_consensus_vsearch	1160	T	*/-C	90	13	12.15%	2	1	93	93	8.155019806640905E-5	1	1	63	27	13	0	-C
A5_BC05_consensus_vsearch	1165	A	*/+G	38	47	43.93%	2	2	93	93	9.01456122963688E-19	1	1	35	3	24	23	+G
A5_BC05_consensus_vsearch	1165	A	*/+GG	38	9	8.41%	2	2	93	93	0.001281073852345299	1	1	35	3	8	1	+G
A5_BC05_consensus_vsearch	1170	A	*/+C	90	9	8.41%	2	2	93	93	0.0016150966997992011	1	1	68	22	8	1	+C
A5_BC05_consensus_vsearch	1174	C	*/+G	67	11	10.48%	2	2	93	93	3.3447467096847986E-4	1	1	50	17	9	2	+G
A5_BC05_consensus_vsearch	1174	C	*/+GG	67	7	6.67%	2	1	93	93	0.006734644665677596	1	1	50	17	7	0	+G
A5_BC05_consensus_vsearch	1174	C	*/-G	67	12	11.43%	2	2	93	93	1.555200699407391E-4	1	1	50	17	6	6	-G
A5_BC05_consensus_vsearch	1212	G	*/+C	23	78	72.9%	2	2	93	93	1.714985205675103E-35	1	1	18	5	57	21	+C
A5_BC05_consensus_vsearch	1219	A	*/-C	79	12	12.37%	2	2	93	93	1.6572958925623843E-4	1	1	54	25	11	1	-C
A5_BC05_consensus_vsearch	1237	A	*/-T	91	10	9.8%	2	2	93	93	7.729229613467544E-4	1	1	68	23	6	4	-T
A5_BC05_consensus_vsearch	1293	G	*/-C	91	7	6.6%	2	2	93	93	0.006992836260667077	1	1	66	25	6	1	-C
A5_BC05_consensus_vsearch	1326	T	*/-C	81	21	19.63%	2	1	93	93	1.514686183783026E-7	1	1	55	26	21	0	-C
A5_BC05_consensus_vsearch	1364	G	*/+C	42	40	37.38%	2	2	93	93	1.5501925292623279E-15	1	1	29	13	33	7	+C
A5_BC05_consensus_vsearch	1364	G	*/-C	42	11	10.28%	2	2	93	93	2.7419184573992066E-4	1	1	29	13	4	7	+C
A5_BC05_consensus_vsearch	1402	T	*/+C	39	66	62.26%	1	2	93	93	2.7805668889291368E-27	1	1	39	0	39	27	+C
A5_BC05_consensus_vsearch	1414	A	*/-C	94	8	7.48%	2	2	93	93	0.0033873593207767528	1	1	71	23	6	2	-C
A5_BC05_consensus_vsearch	1487	A	*/+G	53	9	8.65%	2	2	93	93	0.0014297037252560243	1	1	40	13	8	1	+G
A5_BC05_consensus_vsearch	1487	A	*/-G	53	37	35.58%	2	2	93	93	6.667969223025878E-14	1	1	40	13	27	10	-G
A5_BC05_consensus_vsearch	1494	G	*/+C	1	15	14.02%	1	2	93	93	2.8282406617856754E-8	1	1	1	0	14	1	+C
A5_BC05_consensus_vsearch	1494	G	*/+CACA	1	69	64.49%	1	2	93	93	7.567604580155209E-40	1	1	1	0	48	21	+CACA
A5_BC05_consensus_vsearch	1497	A	*/+T	91	7	6.6%	2	1	93	93	0.006992836260667077	1	1	64	27	7	0	+T
A5_BC05_consensus_vsearch	1507	G	*/-C	88	13	12.26%	2	2	93	93	8.085779997867714E-5	1	1	62	26	12	1	-C
A5_BC05_consensus_vsearch	1514	T	*/-C	92	7	6.6%	2	2	93	93	0.00700093875247144	1	1	76	16	1	6	-C
A5_BC05_consensus_vsearch	1524	T	*/-CC	93	10	9.35%	2	1	93	93	7.766140881779252E-4	1	1	67	26	10	0	-CC
A5_BC05_consensus_vsearch	1543	C	*/-A	93	7	6.67%	2	1	93	93	0.00700888275818608	1	1	67	26	7	0	-A
A5_BC05_consensus_vsearch	1562	A	*/-G	90	10	9.62%	2	1	93	93	7.710260627179726E-4	1	1	65	25	10	0	-G
A5_BC05_consensus_vsearch	1563	G	*/+A	82	9	9.47%	2	1	93	93	0.0015870180132160528	1	1	56	26	9	0	+A
A5_BC05_consensus_vsearch	1571	T	*/+C	65	25	23.36%	2	1	93	93	4.294295315397982E-9	1	1	55	10	25	0	+C
A5_BC05_consensus_vsearch	1571	T	*/-C	65	12	11.21%	2	1	93	93	1.5355965773680656E-4	1	1	55	10	0	12	+C
A5_BC05_consensus_vsearch	1666	T	*/-C	86	18	16.82%	2	2	93	93	1.706739402671042E-6	1	1	66	20	12	6	-C
A5_BC05_consensus_vsearch	1673	T	*/+A	97	9	8.41%	2	1	93	93	0.0016363632516130109	1	1	71	26	9	0	+A
A5_BC05_consensus_vsearch	1689	G	*/-T	93	11	10.28%	2	2	93	93	3.695482496886117E-4	1	1	68	25	10	1	-T
A5_BC05_consensus_vsearch	1693	C	*/-A	85	18	16.82%	2	1	93	93	1.6921957586378672E-6	1	1	59	26	18	0	-A
A5_BC05_consensus_vsearch	1702	T	*/-C	86	18	16.82%	2	2	93	93	1.706739402671042E-6	1	1	61	25	17	1	-C
A5_BC05_consensus_vsearch	1704	C	*/-A	97	7	6.54%	2	1	93	93	0.007039163345158112	1	1	71	26	7	0	-A
A5_BC05_consensus_vsearch	1711	C	*/-T	94	13	12.15%	2	2	93	93	8.286846302046643E-5	1	1	72	22	8	5	-T
A5_BC05_consensus_vsearch	1719	C	*/-T	100	7	6.54%	2	2	93	93	0.007060418475842725	1	1	79	21	1	6	-T
A5_BC05_consensus_vsearch	1722	T	*/-C	81	18	16.82%	2	2	93	93	1.6321376011457826E-6	1	1	71	10	6	12	-C
A5_BC05_consensus_vsearch	1823	C	*/+A	93	8	7.62%	2	1	93	93	0.003382396156936316	1	1	66	27	8	0	+A
A5_BC05_consensus_vsearch	1824	G	*/-A	96	8	7.62%	2	1	93	93	0.0033970091765190653	1	1	69	27	8	0	-A
A5_BC05_consensus_vsearch	1842	C	*/-G	90	12	11.32%	2	1	93	93	1.7324135340535205E-4	1	1	64	26	12	0	-G
A5_BC05_consensus_vsearch	1875	A	*/-C	81	23	21.7%	2	2	93	93	3.037582048779356E-8	1	1	68	13	9	14	-C
A5_BC05_consensus_vsearch	1908	G	*/-A	85	22	20.56%	2	1	93	93	7.163115110915906E-8	1	1	58	27	22	0	-A
A5_BC05_consensus_vsearch	1912	T	*/-C	92	11	10.38%	2	2	93	93	3.684954602069747E-4	1	1	67	25	10	1	-C
A5_BC05_consensus_vsearch	1961	G	*/-A	98	7	6.6%	2	1	93	93	0.007046380532456332	1	1	72	26	7	0	-A
A5_BC05_consensus_vsearch	1996	T	*/-C	77	25	23.36%	2	2	93	93	5.573728449387721E-9	1	1	63	14	12	13	-C
A5_BC05_consensus_vsearch	2017	T	*/+G	48	47	43.93%	2	2	93	93	3.3132505465207537E-18	1	1	35	13	36	11	+G
A5_BC05_consensus_vsearch	2037	C	*/-T	89	7	6.67%	2	2	93	93	0.0069761364802936685	1	1	72	17	5	2	-T
A5_BC05_consensus_vsearch	2078	T	*/+C	94	7	6.6%	2	1	93	93	0.007016672878749878	1	1	69	25	7	0	+C
A5_BC05_consensus_vsearch	2089	T	*/+G	93	7	6.67%	2	1	93	93	0.00700888275818608	1	1	73	20	0	7	+G
A5_BC05_consensus_vsearch	2136	A	*/-G	88	10	9.62%	2	1	93	93	7.671247727834418E-4	1	1	62	26	10	0	-G
A5_BC05_consensus_vsearch	2142	G	*/+A	56	9	8.41%	2	1	93	93	0.0014519363468675588	1	1	36	20	9	0	+A
A5_BC05_consensus_vsearch	2155	T	*/-C	83	21	19.63%	2	1	93	93	1.5523534942791598E-7	1	1	56	27	21	0	-C
A5_BC05_consensus_vsearch	2186	C	*/-A	92	9	8.49%	2	1	93	93	0.0016214579515213031	1	1	65	27	9	0	-A
A5_BC05_consensus_vsearch	2202	C	*/-AC	97	8	7.55%	2	1	93	93	0.0034017009467024635	1	1	71	26	8	0	-AC
A5_BC05_consensus_vsearch	2216	C	*/-T	84	22	20.56%	2	2	93	93	7.072872986645713E-8	1	1	60	24	19	3	-T
A5_BC05_consensus_vsearch	2226	C	*/-A	96	7	6.6%	2	1	93	93	0.007031808995392218	1	1	69	27	7	0	-A
A5_BC05_consensus_vsearch	2246	T	*/+C	95	7	6.67%	2	1	93	93	0.007024313538872513	1	1	70	25	7	0	+C
A5_BC05_consensus_vsearch	2315	C	*/-AC	88	17	15.89%	2	1	93	93	3.77468672140145E-6	1	1	61	27	17	0	-AC
A5_BC05_consensus_vsearch	2423	T	*/-C	86	8	7.62%	2	2	93	93	0.0033448100439043152	1	1	64	22	6	2	-C
A5_BC05_consensus_vsearch	2432	G	*/+A	98	7	6.6%	2	1	93	93	0.007046380532456332	1	1	71	27	7	0	+A
A5_BC05_consensus_vsearch	2491	A	*/-CA	94	8	7.77%	2	2	93	93	0.0033873593207767528	1	1	71	23	6	2	-CA
A5_BC05_consensus_vsearch	2537	G	*/-A	79	23	22.12%	2	2	93	93	2.9469664537666175E-8	1	1	53	26	22	1	-A
A5_BC05_consensus_vsearch	2538	A	*/-G	57	24	29.27%	2	2	93	93	8.047095753433168E-9	1	1	38	19	18	6	-G
A5_BC05_consensus_vsearch	2587	T	*/-GA	89	8	7.62%	2	1	93	93	0.0033615579930956	1	1	65	24	8	0	-GA
A5_BC05_consensus_vsearch	2598	T	*/-G	83	7	7.07%	2	1	93	93	0.0069216930214951	1	1	69	14	7	0	-G
A5_BC05_consensus_vsearch	2611	G	*/-C	77	23	22.33%	2	1	93	93	2.8551232429909458E-8	1	1	53	24	23	0	-C
A5_BC05_consensus_vsearch	2636	T	*/-G	76	23	21.5%	2	2	93	93	2.808747653592623E-8	1	1	61	15	18	5	-G
A5_BC05_consensus_vsearch	2653	G	*/+A	26	71	68.27%	1	2	93	93	2.17963638203791E-31	1	1	26	0	46	25	+A
A5_BC05_consensus_vsearch	2655	G	*/+A	10	8	7.48%	1	1	93	93	0.001446051167964403	1	1	10	0	8	0	+A
A5_BC05_consensus_vsearch	2655	G	*/-C	10	11	10.28%	1	1	93	93	8.239947264337737E-5	1	1	10	0	11	0	-C
A5_BC05_consensus_vsearch	2658	C	*/+A	76	15	14.02%	2	1	93	93	1.6291743559238175E-5	1	1	54	22	15	0	+A
A5_BC05_consensus_vsearch	2663	C	*/+A	90	11	10.78%	2	1	93	93	3.663332785550111E-4	1	1	63	27	11	0	+A
A5_BC05_consensus_vsearch	2664	G	*/-A	93	13	12.15%	2	1	93	93	8.254688391023547E-5	1	1	66	27	13	0	-A
A5_BC05_consensus_vsearch	2686	A	*/-G	81	19	17.76%	2	2	93	93	7.42253532179127E-7	1	1	59	22	18	1	-G
A5_BC05_consensus_vsearch	2698	C	*/-A	89	8	8.08%	2	1	93	93	0.0033615579930956	1	1	66	23	8	0	-A
A5_BC05_consensus_vsearch	2724	C	*/-A	79	24	22.86%	2	1	93	93	1.3081655965502703E-8	1	1	52	27	24	0	-A
A5_BC05_consensus_vsearch	2727	G	*/-A	93	13	12.26%	2	1	93	93	8.254688391023547E-5	1	1	66	27	13	0	-A
A5_BC05_consensus_vsearch	2729	A	*/+G	83	10	9.35%	2	2	93	93	7.566950955283912E-4	1	1	67	16	1	9	+G
A5_BC05_consensus_vsearch	2729	A	*/-G	83	13	12.15%	2	2	93	93	7.902062381535592E-5	1	1	67	16	11	2	-G
A5_BC05_consensus_vsearch	2741	G	*/-C	91	11	10.38%	2	1	93	93	3.674239693101988E-4	1	1	64	27	11	0	-C
A5_BC05_consensus_vsearch	2747	A	*/+G	81	10	10.1%	2	2	93	93	7.52228191235035E-4	1	1	60	21	8	2	+G
A5_BC05_consensus_vsearch	2747	A	*/-G	81	7	7.07%	2	2	93	93	0.006901936923231458	1	1	60	21	3	4	+G
A5_BC05_consensus_vsearch	2750	G	*/-C	93	10	9.35%	2	2	93	93	7.766140881779252E-4	1	1	68	25	9	1	-C
A5_BC05_consensus_vsearch	2767	C	*/-A	92	7	6.8%	2	1	93	93	0.00700093875247144	1	1	67	25	7	0	-A
A5_BC05_consensus_vsearch	2769	G	*/-A	81	11	10.89%	2	2	93	93	3.555614127970116E-4	1	1	58	23	10	1	-A
A5_BC05_consensus_vsearch	2793	C	*/-T	97	8	7.55%	2	1	93	93	0.0034017009467024635	1	1	70	27	8	0	-T
A5_BC05_consensus_vsearch	2856	T	*/+C	93	9	8.57%	2	1	93	93	0.0016245498783317288	1	1	68	25	9	0	+C
A5_BC05_consensus_vsearch	2858	T	*/-A	95	7	6.67%	2	1	93	93	0.007024313538872513	1	1	68	27	7	0	-A
A5_BC05_consensus_vsearch	2872	T	*/-G	88	16	15.09%	2	2	93	93	8.175228235988459E-6	1	1	78	10	1	15	-G
A5_BC05_consensus_vsearch	2890	C	*/+A	92	13	12.38%	2	1	93	93	8.222006512210814E-5	1	1	66	26	13	0	+A
A5_BC05_consensus_vsearch	2892	T	*/+C	54	39	37.5%	2	2	93	93	1.1287795471787271E-14	1	1	32	22	38	1	+C
A5_BC05_consensus_vsearch	2903	G	*/-AG	84	20	18.87%	2	1	93	93	3.474314963386683E-7	1	1	57	27	20	0	-AG
A5_BC05_consensus_vsearch	2926	T	*/-C	94	9	8.41%	2	2	93	93	0.001627584844373568	1	1	75	19	4	5	-C
A5_BC05_consensus_vsearch	2930	C	*/-A	90	14	13.33%	2	1	93	93	3.821434402146191E-5	1	1	64	26	14	0	-A
A5_BC05_consensus_vsearch	2971	C	*/+A	23	75	72.12%	2	2	93	93	5.810039669564195E-34	1	1	19	4	56	19	+A
A5_BC05_consensus_vsearch	2974	G	*/+A	96	7	6.6%	2	1	93	93	0.007031808995392218	1	1	71	25	7	0	+A
A5_BC05_consensus_vsearch	2975	G	*/+A	90	9	8.41%	2	1	93	93	0.0016150966997992011	1	1	64	26	9	0	+A
A5_BC05_consensus_vsearch	2978	A	*/-G	81	22	20.75%	2	2	93	93	6.797616044296101E-8	1	1	70	11	7	15	-G
A5_BC05_consensus_vsearch	3018	G	*/+A	94	8	7.84%	2	1	93	93	0.0033873593207767528	1	1	68	26	8	0	+A
A5_BC05_consensus_vsearch	3023	T	*/+C	68	35	32.71%	2	2	93	93	8.849103436886657E-13	1	1	67	1	11	24	+C
A5_BC05_consensus_vsearch	3046	C	*/-A	78	23	22.12%	2	2	93	93	2.9011971159641923E-8	1	1	54	24	22	1	-A
A5_BC05_consensus_vsearch	3056	T	*/-C	94	11	10.28%	2	2	93	93	3.7058281925653647E-4	1	1	69	25	9	2	-C
A5_BC05_consensus_vsearch	3066	G	*/-A	95	10	9.52%	2	1	93	93	7.801743563298274E-4	1	1	68	27	10	0	-A
A5_BC05_consensus_vsearch	3094	C	*/+T	96	8	7.62%	2	1	93	93	0.0033970091765190653	1	1	79	17	0	8	+T
A5_BC05_consensus_vsearch	3096	C	*/-TC	87	9	8.74%	2	2	93	93	0.0016050852207308754	1	1	75	12	5	4	-TC
A5_BC05_consensus_vsearch	3102	T	*/-A	94	9	8.49%	2	1	93	93	0.001627584844373568	1	1	68	26	9	0	-A
A5_BC05_consensus_vsearch	3112	G	*/-C	92	12	11.21%	2	1	93	93	1.7445678792407803E-4	1	1	66	26	12	0	-C
A5_BC05_consensus_vsearch	3138	G	*/-CG	91	11	10.68%	2	2	93	93	3.674239693101988E-4	1	1	71	20	8	3	-CG
A5_BC05_consensus_vsearch	3184	A	*/-G	97	7	6.6%	2	1	93	93	0.007039163345158112	1	1	71	26	7	0	-G
A5_BC05_consensus_vsearch	3194	A	*/-C	93	10	9.52%	2	1	93	93	7.766140881779252E-4	1	1	66	27	10	0	-C
A5_BC05_consensus_vsearch	3217	G	*/+C	86	8	7.62%	2	1	93	93	0.0033448100439043152	1	1	59	27	8	0	+C
A5_BC05_consensus_vsearch	3224	T	*/+G	97	9	8.41%	2	1	93	93	0.0016363632516130109	1	1	70	27	9	0	+G
A5_BC05_consensus_vsearch	3225	A	*/-G	97	8	7.48%	2	2	93	93	0.0034017009467024635	1	1	71	26	7	1	-G
A5_BC05_consensus_vsearch	3241	T	*/-C	83	18	16.82%	2	1	93	93	1.662549466255295E-6	1	1	58	25	18	0	-C
A5_BC05_consensus_vsearch	3258	A	*/-CA	85	19	17.92%	2	2	93	93	7.725241506826565E-7	1	1	71	14	7	12	-CA
A5_BC05_consensus_vsearch	3278	G	*/+A	43	39	39.39%	2	2	93	93	4.50637363157667E-15	1	1	42	1	25	14	+A
A5_BC05_consensus_vsearch	3278	G	*/+AG	43	14	14.14%	2	2	93	93	2.461266476818936E-5	1	1	42	1	6	8	+A
A5_BC05_consensus_vsearch	3287	G	*/+C	47	50	48.08%	2	2	93	93	1.553128324983602E-19	1	1	35	12	39	11	+C
A5_BC05_consensus_vsearch	3303	G	*/-C	92	9	8.41%	2	1	93	93	0.0016214579515213031	1	1	65	27	9	0	-C
A5_BC05_consensus_vsearch	3337	C	*/-AC	72	31	29.25%	2	2	93	93	3.2473054595210835E-11	1	1	48	24	29	2	-AC
A5_BC05_consensus_vsearch	3405	C	*/-AC	96	7	6.8%	2	1	93	93	0.007031808995392218	1	1	71	25	7	0	-AC
A5_BC05_consensus_vsearch	3425	T	*/-G	94	9	8.57%	2	2	93	93	0.001627584844373568	1	1	68	26	8	1	-G
A5_BC05_consensus_vsearch	3429	A	*/-GA	97	7	6.6%	2	1	93	93	0.007039163345158112	1	1	71	26	7	0	-GA
A5_BC05_consensus_vsearch	3435	A	*/-TA	99	8	7.48%	2	2	93	93	0.0034108301815668485	1	1	76	23	4	4	-TA
A5_BC05_consensus_vsearch	3464	T	*/-C	97	10	9.35%	2	1	93	93	7.836105711947501E-4	1	1	70	27	10	0	-C
A5_BC05_consensus_vsearch	3477	T	*/-C	93	9	8.49%	2	2	93	93	0.0016245498783317288	1	1	68	25	8	1	-C
A5_BC05_consensus_vsearch	3495	T	*/-AA	93	9	8.41%	2	1	93	93	0.0016245498783317288	1	1	78	15	0	9	-AA
A5_BC05_consensus_vsearch	3509	C	*/-AC	86	19	17.76%	2	1	93	93	7.798737461965323E-7	1	1	59	27	19	0	-AC
A5_BC05_consensus_vsearch	3519	T	*/+A	92	15	14.02%	2	1	93	93	1.8020798600123266E-5	1	1	65	27	15	0	+A
A5_BC05_consensus_vsearch	3565	T	*/+C	70	24	22.64%	2	2	93	93	1.1069421660094777E-8	1	1	49	21	21	3	+C
A5_BC05_consensus_vsearch	3565	T	*/-C	70	10	9.43%	2	2	93	93	7.24035494267502E-4	1	1	49	21	7	3	+C
A5_BC05_consensus_vsearch	3584	T	*/+C	87	11	10.48%	2	2	93	93	3.629407527147718E-4	1	1	70	17	10	1	+C
A5_BC05_consensus_vsearch	3607	C	*/+A	92	8	7.69%	2	1	93	93	0.003377337287624839	1	1	66	26	8	0	+A
A5_BC05_consensus_vsearch	3637	C	*/-GGC	100	7	6.54%	2	1	93	93	0.007060418475842725	1	1	73	27	7	0	-GGC
A5_BC05_consensus_vsearch	3684	T	*/-C	85	16	14.95%	2	2	93	93	8.012370747035288E-6	1	1	63	22	13	3	-C
A5_BC05_consensus_vsearch	3699	T	*/-C	86	20	18.69%	2	2	93	93	3.548240740988164E-7	1	1	60	26	19	1	-C
A5_BC05_consensus_vsearch	3716	G	*/-C	97	8	7.48%	2	2	93	93	0.0034017009467024635	1	1	78	19	1	7	-C
A5_BC05_consensus_vsearch	3717	C	*/+T	89	8	8.08%	2	1	93	93	0.0033615579930956	1	1	79	10	0	8	+T
A5_BC05_consensus_vsearch	3764	A	+T/+T	5	85	83.33%	2	2	93	93	6.366233099928769E-46	1	1	4	1	59	26	+T
A5_BC05_consensus_vsearch	3768	A	*/-C	63	15	14.56%	2	2	93	93	1.451177138085664E-5	1	1	51	12	8	7	-C
A5_BC05_consensus_vsearch	3768	A	*/-CC	63	20	19.42%	2	2	93	93	2.597071941189916E-7	1	1	51	12	12	8	-CC
A5_BC05_consensus_vsearch	3773	T	*/+C	33	8	8%	2	1	93	93	0.002680816604866819	1	1	27	6	8	0	+C
A5_BC05_consensus_vsearch	3773	T	*/-C	33	58	58%	2	2	93	93	3.5435286833390696E-24	1	1	27	6	41	17	-C
A5_BC05_consensus_vsearch	3801	A	*/-C	75	14	13.08%	2	2	93	93	3.508037696152528E-5	1	1	53	22	10	4	-C
A5_BC05_consensus_vsearch	3801	A	*/-CC	75	8	7.48%	2	1	93	93	0.003273493476667816	1	1	53	22	8	0	-C
A5_BC05_consensus_vsearch	3918	G	*/-AG	92	13	12.26%	2	1	93	93	8.222006512210814E-5	1	1	65	27	13	0	-AG
A5_BC05_consensus_vsearch	3922	T	*/-A	96	8	7.48%	2	2	93	93	0.0033970091765190653	1	1	70	26	7	1	-A
A5_BC05_consensus_vsearch	3927	T	*/-C	63	33	30.84%	2	2	93	93	4.151887286222773E-12	1	1	37	26	32	1	-C
A5_BC05_consensus_vsearch	3927	T	*/-CC	63	11	10.28%	2	1	93	93	3.2717922567031043E-4	1	1	37	26	11	0	-C
A5_BC05_consensus_vsearch	3936	T	*/+C	60	28	26.67%	2	2	93	93	2.8793316292007673E-10	1	1	47	13	22	6	+C
A5_BC05_consensus_vsearch	3936	T	*/+CC	60	7	6.67%	2	2	93	93	0.00662566455193586	1	1	47	13	4	3	+C
A5_BC05_consensus_vsearch	3936	T	*/-C	60	7	6.67%	2	2	93	93	0.00662566455193586	1	1	47	13	5	2	+C
A5_BC05_consensus_vsearch	3945	G	*/-CC	88	13	12.26%	2	1	93	93	8.085779997867714E-5	1	1	62	26	13	0	-CC
A5_BC05_consensus_vsearch	3970	T	*/+A	86	12	11.43%	2	1	93	93	1.7068024587124582E-4	1	1	61	25	12	0	+A
A5_BC05_consensus_vsearch	3975	G	*/-A	84	10	9.52%	2	1	93	93	7.588628622264696E-4	1	1	58	26	10	0	-A
A5_BC05_consensus_vsearch	3975	G	*/-AG	84	8	7.62%	2	2	93	93	0.003333061730303187	1	1	58	26	7	1	-A
A5_BC05_consensus_vsearch	3992	G	*/-C	84	17	15.89%	2	1	93	93	3.661567276871497E-6	1	1	59	25	17	0	-C
A5_BC05_consensus_vsearch	3999	G	*/-A	91	15	14.02%	2	1	93	93	1.792475353373287E-5	1	1	64	27	15	0	-A
A5_BC05_consensus_vsearch	4002	C	*/-G	94	9	8.41%	2	2	93	93	0.001627584844373568	1	1	70	24	7	2	-G
A5_BC05_consensus_vsearch	4004	G	*/+A	79	14	13.08%	2	1	93	93	3.599496883181441E-5	1	1	52	27	14	0	+A
A5_BC05_consensus_vsearch	4009	T	*/-C	86	17	16.04%	2	2	93	93	3.7188953300300767E-6	1	1	61	25	16	1	-C
A5_BC05_consensus_vsearch	4106	C	*/-A	94	13	12.15%	2	1	93	93	8.286846302046643E-5	1	1	67	27	13	0	-A
A5_BC05_consensus_vsearch	4116	G	*/-C	92	10	9.52%	2	2	93	93	7.747853265891162E-4	1	1	70	22	9	1	-C
A5_BC05_consensus_vsearch	4120	T	*/+C	51	50	47.62%	2	2	93	93	2.4886158291748497E-19	1	1	49	2	26	24	+C
A5_BC05_consensus_vsearch	4136	G	*/-CG	97	8	7.48%	2	2	93	93	0.0034017009467024635	1	1	73	24	5	3	-CG
A5_BC05_consensus_vsearch	4158	T	*/-C	85	18	17.14%	2	2	93	93	1.6921957586378672E-6	1	1	62	23	16	2	-C
A5_BC05_consensus_vsearch	4165	A	*/-G	92	12	11.32%	2	2	93	93	1.7445678792407803E-4	1	1	69	23	8	4	-G
A5_BC05_consensus_vsearch	4168	G	*/-A	96	7	6.54%	2	1	93	93	0.007031808995392218	1	1	72	24	7	0	-A
A5_BC05_consensus_vsearch	4170	A	*/-C	90	7	6.6%	2	2	93	93	0.006984570496764789	1	1	65	25	5	2	-C
A5_BC05_consensus_vsearch	4170	A	*/-CC	90	8	7.55%	2	1	93	93	0.003366921162543502	1	1	65	25	8	0	-CC
A5_BC05_consensus_vsearch	4175	G	*/-AG	81	21	19.81%	2	1	93	93	1.514686183783026E-7	1	1	54	27	21	0	-AG
A5_BC05_consensus_vsearch	4181	T	*/-C	75	23	22.12%	2	2	93	93	2.7620735546529058E-8	1	1	62	13	13	10	-C
A5_BC05_consensus_vsearch	4192	A	*/-G	89	10	9.52%	2	2	93	93	7.690936665708389E-4	1	1	64	25	9	1	-G
A5_BC05_consensus_vsearch	4193	G	*/+A	64	21	22.34%	2	1	93	93	1.165215243845743E-7	1	1	38	26	21	0	+A
A5_BC05_consensus_vsearch	4220	G	*/-A	97	9	8.41%	2	1	93	93	0.0016363632516130109	1	1	71	26	9	0	-A
A5_BC05_consensus_vsearch	4229	A	*/-T	87	14	13.33%	2	2	93	93	3.764807618054374E-5	1	1	65	22	12	2	-T
A5_BC05_consensus_vsearch	4236	C	*/-GC	91	16	14.95%	2	2	93	93	8.331223473423957E-6	1	1	68	23	12	4	-GC
A5_BC05_consensus_vsearch	4244	G	*/-C	89	11	10.58%	2	2	93	93	3.65222871813782E-4	1	1	64	25	10	1	-C
A5_BC05_consensus_vsearch	4248	T	*/-C	85	15	14.15%	2	2	93	93	1.7317059356497582E-5	1	1	63	22	12	3	-C
A5_BC05_consensus_vsearch	4249	C	*/+G	81	7	7.69%	2	1	93	93	0.006901936923231458	1	1	59	22	7	0	+G
A5_BC05_consensus_vsearch	4252	T	*/-G	91	7	6.73%	2	2	93	93	0.006992836260667077	1	1	70	21	1	6	-G
A5_BC05_consensus_vsearch	4283	T	*/-C	92	13	12.26%	2	1	93	93	8.222006512210814E-5	1	1	65	27	13	0	-C
A5_BC05_consensus_vsearch	4302	T	*/-C	81	25	23.36%	2	2	93	93	5.989545047542732E-9	1	1	60	21	20	5	-C
A5_BC05_consensus_vsearch	4310	A	*/-C	91	7	6.73%	2	2	93	93	0.006992836260667077	1	1	65	26	6	1	-C
A5_BC05_consensus_vsearch	4330	T	*/-C	73	33	30.84%	2	1	93	93	6.046028306990523E-12	1	1	46	27	33	0	-C
A5_BC05_consensus_vsearch	4375	G	*/-C	93	7	6.54%	2	1	93	93	0.00700888275818608	1	1	79	14	0	7	-C
A5_BC05_consensus_vsearch	4400	T	*/-C	77	27	25.71%	2	1	93	93	1.0698248667440359E-9	1	1	51	26	27	0	-C
A5_BC05_consensus_vsearch	4437	A	*/-C	81	18	17.14%	2	2	93	93	1.6321376011457826E-6	1	1	59	22	15	3	-C
A5_BC05_consensus_vsearch	4447	G	*/+T	92	7	6.54%	2	2	93	93	0.00700093875247144	1	1	66	26	6	1	+T
A5_BC05_consensus_vsearch	4447	G	*/-T	92	8	7.48%	2	1	93	93	0.003377337287624839	1	1	66	26	8	0	-T
A5_BC05_consensus_vsearch	4468	T	*/-C	96	7	6.67%	2	1	93	93	0.007031808995392218	1	1	69	27	7	0	-C
A5_BC05_consensus_vsearch	4588	C	*/-T	71	29	27.36%	2	2	93	93	1.7267510767728656E-10	1	1	57	14	20	9	-T
A5_BC05_consensus_vsearch	4608	C	*/-G	86	11	11.11%	2	2	93	93	3.617679124445076E-4	1	1	76	10	1	10	-G
