Chrom	Position	Ref	Cons	Reads1	Reads2	VarFreq	Strands1	Strands2	Qual1	Qual2	Pvalue	MapQual1	MapQual2	Reads1Plus	Reads1Minus	Reads2Plus	Reads2Minus	VarAllele
A5_BC05_consensus_vsearch	64	C	Y	92	10	9.52%	2	2	93	93	7.747853265891162E-4	1	1	75	17	1	9	T
A5_BC05_consensus_vsearch	67	C	Y	93	8	7.62%	2	2	93	93	0.003382396156936316	1	1	73	20	2	6	T
A5_BC05_consensus_vsearch	68	G	R	93	8	7.77%	2	1	93	93	0.003382396156936316	1	1	67	26	8	0	A
A5_BC05_consensus_vsearch	83	G	R	93	8	7.84%	2	1	93	93	0.003382396156936316	1	1	68	25	8	0	A
A5_BC05_consensus_vsearch	94	C	Y	92	11	10.38%	2	2	93	93	3.684954602069747E-4	1	1	75	17	3	8	T
A5_BC05_consensus_vsearch	111	G	R	59	37	36.27%	2	2	93	93	9.646736528766708E-14	1	1	37	22	32	5	A
A5_BC05_consensus_vsearch	125	A	R	98	7	6.6%	2	2	93	93	0.007046380532456332	1	1	73	25	6	1	G
A5_BC05_consensus_vsearch	135	C	S	86	7	7.14%	2	1	93	93	0.006949771980113369	1	1	64	22	7	0	G
A5_BC05_consensus_vsearch	312	G	R	98	7	6.54%	2	1	93	93	0.007046380532456332	1	1	72	26	7	0	A
A5_BC05_consensus_vsearch	354	G	R	90	8	8%	2	1	93	93	0.003366921162543502	1	1	71	19	8	0	A
A5_BC05_consensus_vsearch	359	G	R	56	15	20.55%	2	1	93	93	1.336987430828078E-5	1	1	34	22	15	0	A
A5_BC05_consensus_vsearch	360	G	R	90	15	14.15%	2	1	93	93	1.7827265751635918E-5	1	1	64	26	15	0	A
A5_BC05_consensus_vsearch	361	G	R	99	7	6.6%	2	1	93	93	0.007053464356056319	1	1	73	26	7	0	A
A5_BC05_consensus_vsearch	386	G	R	96	8	7.69%	2	1	93	93	0.0033970091765190653	1	1	69	27	8	0	A
A5_BC05_consensus_vsearch	411	C	Y	95	9	8.41%	2	1	93	93	0.0016305644047292834	1	1	79	16	0	9	T
A5_BC05_consensus_vsearch	548	G	R	88	17	15.89%	2	1	93	93	3.77468672140145E-6	1	1	61	27	17	0	A
A5_BC05_consensus_vsearch	597	A	R	91	7	6.67%	2	1	93	93	0.006992836260667077	1	1	70	21	7	0	G
A5_BC05_consensus_vsearch	668	C	Y	83	7	6.8%	2	2	93	93	0.0069216930214951	1	1	57	26	6	1	-G
A5_BC05_consensus_vsearch	676	T	K	93	9	8.74%	2	1	93	93	0.0016245498783317288	1	1	69	24	9	0	G
A5_BC05_consensus_vsearch	680	C	Y	97	7	6.54%	2	1	93	93	0.007039163345158112	1	1	80	17	0	7	T
A5_BC05_consensus_vsearch	715	A	R	91	10	9.71%	2	1	93	93	7.729229613467544E-4	1	1	66	25	10	0	G
A5_BC05_consensus_vsearch	750	G	R	74	8	7.77%	2	2	93	93	0.003266103505100527	1	1	60	14	4	4	+C
A5_BC05_consensus_vsearch	794	G	R	85	20	18.87%	2	1	93	93	3.5114734121941706E-7	1	1	60	25	20	0	A
A5_BC05_consensus_vsearch	841	A	R	93	9	8.65%	2	1	93	93	0.0016245498783317288	1	1	68	25	9	0	G
A5_BC05_consensus_vsearch	883	G	R	81	21	20.19%	2	1	93	93	1.514686183783026E-7	1	1	54	27	21	0	A
A5_BC05_consensus_vsearch	884	G	R	93	11	10.28%	2	1	93	93	3.695482496886117E-4	1	1	66	27	11	0	A
A5_BC05_consensus_vsearch	912	A	R	97	9	8.41%	2	1	93	93	0.0016363632516130109	1	1	70	27	9	0	G
A5_BC05_consensus_vsearch	923	G	R	82	7	7.69%	2	1	93	93	0.006911923189966942	1	1	56	26	7	0	A
A5_BC05_consensus_vsearch	995	C	S	86	18	17.31%	2	1	93	93	1.706739402671042E-6	1	1	60	26	18	0	G
A5_BC05_consensus_vsearch	1008	A	R	95	7	6.8%	2	1	93	93	0.007024313538872513	1	1	69	26	7	0	G
A5_BC05_consensus_vsearch	1033	G	R	98	7	6.6%	2	1	93	93	0.007046380532456332	1	1	72	26	7	0	A
A5_BC05_consensus_vsearch	1054	G	R	96	9	8.57%	2	2	93	93	0.001633490058565588	1	1	72	24	8	1	A
A5_BC05_consensus_vsearch	1171	T	C	12	88	88%	2	2	93	93	4.877942727666986E-44	1	1	10	2	67	21	C
A5_BC05_consensus_vsearch	1173	T	Y	94	11	10.28%	2	2	93	93	3.7058281925653647E-4	1	1	69	25	10	1	C
A5_BC05_consensus_vsearch	1203	A	R	92	8	7.62%	2	2	93	93	0.003377337287624839	1	1	70	22	6	2	G
A5_BC05_consensus_vsearch	1223	G	R	91	14	13.33%	2	1	93	93	3.8397187772755066E-5	1	1	65	26	14	0	A
A5_BC05_consensus_vsearch	1257	A	R	96	8	7.62%	2	2	93	93	0.0033970091765190653	1	1	73	23	5	3	G
A5_BC05_consensus_vsearch	1370	T	Y	60	39	36.79%	2	2	93	93	1.667859624369456E-14	1	1	41	19	32	7	C
A5_BC05_consensus_vsearch	1373	G	R	97	7	6.73%	2	1	93	93	0.007039163345158112	1	1	72	25	7	0	A
A5_BC05_consensus_vsearch	1494	G	R	1	5	4.67%	1	1	93	93	0.007575757575757551	1	1	1	0	5	0	+CACA
A5_BC05_consensus_vsearch	1498	T	W	91	8	7.48%	2	1	93	93	0.0033721799226566103	1	1	64	27	8	0	A
A5_BC05_consensus_vsearch	1499	T	Y	95	8	7.48%	2	1	93	93	0.003392229465115033	1	1	68	27	8	0	C
A5_BC05_consensus_vsearch	1500	G	R	86	13	12.5%	2	1	93	93	8.014173981261941E-5	1	1	59	27	13	0	A
A5_BC05_consensus_vsearch	1510	C	Y	98	8	7.48%	2	1	93	93	0.003406307176827417	1	1	79	19	0	8	T
A5_BC05_consensus_vsearch	1565	G	R	81	16	14.95%	2	1	93	93	7.783807069894937E-6	1	1	55	26	16	0	A
A5_BC05_consensus_vsearch	1627	G	R	96	7	6.67%	2	1	93	93	0.007031808995392218	1	1	70	26	7	0	A
A5_BC05_consensus_vsearch	1674	A	R	94	12	11.21%	2	1	93	93	1.7563166789412888E-4	1	1	67	27	12	0	G
A5_BC05_consensus_vsearch	1756	A	R	96	7	6.73%	2	1	93	93	0.007031808995392218	1	1	71	25	7	0	G
A5_BC05_consensus_vsearch	1765	A	R	94	11	10.48%	2	1	93	93	3.7058281925653647E-4	1	1	67	27	11	0	G
A5_BC05_consensus_vsearch	1768	C	Y	68	37	34.58%	2	2	93	93	1.5215884350831497E-13	1	1	49	19	30	7	T
A5_BC05_consensus_vsearch	1822	A	R	97	8	7.48%	2	1	93	93	0.0034017009467024635	1	1	70	27	8	0	G
A5_BC05_consensus_vsearch	1851	A	R	93	13	12.15%	2	1	93	93	8.254688391023547E-5	1	1	66	27	13	0	G
A5_BC05_consensus_vsearch	1861	C	Y	65	40	37.38%	2	2	93	93	8.991956334046608E-15	1	1	46	19	32	8	T
A5_BC05_consensus_vsearch	1864	A	R	97	7	6.67%	2	2	93	93	0.007039163345158112	1	1	71	26	6	1	G
A5_BC05_consensus_vsearch	1948	A	R	97	7	6.67%	2	1	93	93	0.007039163345158112	1	1	71	26	7	0	G
A5_BC05_consensus_vsearch	2072	G	R	89	12	11.88%	2	1	93	93	1.7261777523537157E-4	1	1	68	21	12	0	A
A5_BC05_consensus_vsearch	2142	G	R	56	41	38.32%	2	2	93	93	2.0421872218928113E-15	1	1	36	20	34	7	A
A5_BC05_consensus_vsearch	2147	G	R	83	9	8.65%	2	2	93	93	0.0015907794621904416	1	1	57	26	8	1	A
A5_BC05_consensus_vsearch	2147	G	S	83	10	9.62%	2	1	93	93	7.566950955283912E-4	1	1	57	26	10	0	C
A5_BC05_consensus_vsearch	2148	C	Y	93	9	8.74%	2	1	93	93	0.0016245498783317288	1	1	67	26	9	0	T
A5_BC05_consensus_vsearch	2153	G	R	91	13	12.38%	2	1	93	93	8.188788004599957E-5	1	1	65	26	13	0	A
A5_BC05_consensus_vsearch	2265	A	R	69	37	34.91%	2	2	93	93	1.5911933459811382E-13	1	1	49	20	30	7	G
A5_BC05_consensus_vsearch	2318	G	R	64	35	35%	2	2	93	93	7.439879902941028E-13	1	1	45	19	28	7	A
A5_BC05_consensus_vsearch	2338	A	R	96	9	8.57%	2	1	93	93	0.001633490058565588	1	1	69	27	9	0	G
A5_BC05_consensus_vsearch	2359	C	Y	62	42	39.25%	2	2	93	93	1.2220893860669553E-15	1	1	41	21	36	6	T
A5_BC05_consensus_vsearch	2573	T	Y	67	39	36.45%	2	2	93	93	2.4518486631671608E-14	1	1	48	19	31	8	C
A5_BC05_consensus_vsearch	2647	G	R	67	36	34.29%	2	2	93	93	3.5189417175930635E-13	1	1	45	22	31	5	A
A5_BC05_consensus_vsearch	2649	C	Y	65	39	36.45%	2	2	93	93	2.2109633809600992E-14	1	1	48	17	31	8	T
A5_BC05_consensus_vsearch	2653	G	R	26	7	6.73%	1	2	93	93	0.005485498108449143	1	1	26	0	5	2	+A
A5_BC05_consensus_vsearch	2654	G	R	90	11	10.28%	2	1	93	93	3.663332785550111E-4	1	1	64	26	11	0	A
A5_BC05_consensus_vsearch	2655	G	R	10	72	67.29%	1	2	93	93	4.9567839158964675E-36	1	1	10	0	46	26	A
A5_BC05_consensus_vsearch	2656	C	M	87	8	8.33%	2	1	93	93	0.0033505057613061914	1	1	60	27	8	0	A
A5_BC05_consensus_vsearch	2657	C	M	95	9	8.41%	2	1	93	93	0.0016305644047292834	1	1	69	26	9	0	A
A5_BC05_consensus_vsearch	2658	C	M	76	7	6.54%	2	1	93	93	0.006848492931449737	1	1	54	22	7	0	+A
A5_BC05_consensus_vsearch	2660	A	R	87	8	7.92%	2	2	93	93	0.0033505057613061914	1	1	61	26	7	1	G
A5_BC05_consensus_vsearch	2661	A	R	92	9	8.41%	2	1	93	93	0.0016214579515213031	1	1	65	27	9	0	G
A5_BC05_consensus_vsearch	2662	A	R	87	14	13.08%	2	1	93	93	3.764807618054374E-5	1	1	60	27	14	0	G
A5_BC05_consensus_vsearch	2679	A	R	95	8	7.48%	2	1	93	93	0.003392229465115033	1	1	70	25	8	0	G
A5_BC05_consensus_vsearch	2735	G	R	95	7	6.54%	2	1	93	93	0.007024313538872513	1	1	68	27	7	0	A
A5_BC05_consensus_vsearch	2932	C	S	92	13	12.26%	2	1	93	93	8.222006512210814E-5	1	1	65	27	13	0	G
A5_BC05_consensus_vsearch	2936	G	R	96	8	7.55%	2	1	93	93	0.0033970091765190653	1	1	70	26	8	0	A
A5_BC05_consensus_vsearch	2975	G	R	90	8	7.48%	2	2	93	93	0.003366921162543502	1	1	64	26	7	1	+A
A5_BC05_consensus_vsearch	2976	G	R	98	7	6.54%	2	1	93	93	0.007046380532456332	1	1	71	27	7	0	A
A5_BC05_consensus_vsearch	3068	T	K	97	10	9.35%	2	1	93	93	7.836105711947501E-4	1	1	70	27	10	0	G
A5_BC05_consensus_vsearch	3080	A	R	90	11	10.38%	2	1	93	93	3.663332785550111E-4	1	1	67	23	11	0	G
A5_BC05_consensus_vsearch	3089	C	Y	96	7	6.54%	2	2	93	93	0.007031808995392218	1	1	73	23	3	4	T
A5_BC05_consensus_vsearch	3144	G	R	95	8	7.62%	2	1	93	93	0.003392229465115033	1	1	71	24	8	0	A
A5_BC05_consensus_vsearch	3231	G	R	90	12	11.54%	2	1	93	93	1.7324135340535205E-4	1	1	64	26	12	0	A
A5_BC05_consensus_vsearch	3263	A	R	93	10	9.62%	2	1	93	93	7.766140881779252E-4	1	1	66	27	10	0	G
A5_BC05_consensus_vsearch	3279	G	R	90	13	12.38%	2	2	93	93	8.155019806640905E-5	1	1	65	25	12	1	A
A5_BC05_consensus_vsearch	3292	G	R	92	9	8.65%	2	1	93	93	0.0016214579515213031	1	1	69	23	9	0	A
A5_BC05_consensus_vsearch	3516	G	R	88	16	15.38%	2	1	93	93	8.175228235988459E-6	1	1	63	25	16	0	A
A5_BC05_consensus_vsearch	3520	G	K	90	15	14.02%	2	1	93	93	1.7827265751635918E-5	1	1	64	26	15	0	T
A5_BC05_consensus_vsearch	3549	G	R	98	9	8.41%	2	1	93	93	0.001639185378520361	1	1	71	27	9	0	A
A5_BC05_consensus_vsearch	3598	G	R	93	9	8.57%	2	1	93	93	0.0016245498783317288	1	1	68	25	9	0	A
A5_BC05_consensus_vsearch	3740	G	R	54	51	48.57%	1	2	93	93	1.3044297188794516E-19	1	1	54	0	26	25	A
A5_BC05_consensus_vsearch	3760	A	R	83	20	18.87%	2	1	93	93	3.436761211933271E-7	1	1	56	27	20	0	G
A5_BC05_consensus_vsearch	3762	G	R	94	12	11.21%	2	1	93	93	1.7563166789412888E-4	1	1	67	27	12	0	A
A5_BC05_consensus_vsearch	3764	A	W	5	11	10.78%	2	1	93	93	3.385404072157401E-5	1	1	4	1	11	0	+T
A5_BC05_consensus_vsearch	3808	T	W	96	7	6.73%	2	1	93	93	0.007031808995392218	1	1	70	26	7	0	A
A5_BC05_consensus_vsearch	3884	A	R	98	7	6.67%	2	1	93	93	0.007046380532456332	1	1	71	27	7	0	G
A5_BC05_consensus_vsearch	3895	A	R	92	14	13.08%	2	1	93	93	3.857718695302539E-5	1	1	66	26	14	0	G
A5_BC05_consensus_vsearch	3935	C	Y	97	7	6.54%	2	2	93	93	0.007039163345158112	1	1	78	19	1	6	T
A5_BC05_consensus_vsearch	3990	G	R	77	17	17.17%	2	1	93	93	3.4479697478806643E-6	1	1	61	16	17	0	A
A5_BC05_consensus_vsearch	3995	C	Y	93	7	6.6%	2	1	93	93	0.00700888275818608	1	1	76	17	0	7	T
A5_BC05_consensus_vsearch	4003	G	R	80	15	15.31%	2	1	93	93	1.6765704715276036E-5	1	1	56	24	15	0	A
A5_BC05_consensus_vsearch	4005	G	K	98	7	6.54%	2	1	93	93	0.007046380532456332	1	1	72	26	7	0	T
A5_BC05_consensus_vsearch	4012	G	R	92	10	9.71%	2	2	93	93	7.747853265891162E-4	1	1	70	22	9	1	A
A5_BC05_consensus_vsearch	4108	C	S	90	13	12.5%	2	1	93	93	8.155019806640905E-5	1	1	64	26	13	0	G
A5_BC05_consensus_vsearch	4167	G	R	97	8	7.62%	2	1	93	93	0.0034017009467024635	1	1	70	27	8	0	A
A5_BC05_consensus_vsearch	4193	G	R	64	7	7.45%	2	1	93	93	0.006690485474642467	1	1	38	26	7	0	+A
A5_BC05_consensus_vsearch	4214	G	R	92	11	10.48%	2	1	93	93	3.684954602069747E-4	1	1	65	27	11	0	A
A5_BC05_consensus_vsearch	4222	T	K	97	9	8.41%	2	1	93	93	0.0016363632516130109	1	1	70	27	9	0	G
A5_BC05_consensus_vsearch	4251	T	W	83	10	10.1%	2	1	93	93	7.566950955283912E-4	1	1	58	25	10	0	A
A5_BC05_consensus_vsearch	4306	C	Y	93	12	11.21%	2	1	93	93	1.7504917090513448E-4	1	1	80	13	0	12	T
A5_BC05_consensus_vsearch	4309	T	Y	72	32	29.91%	2	2	93	93	1.3804970069461975E-11	1	1	53	19	24	8	C
A5_BC05_consensus_vsearch	4313	C	Y	83	11	10.28%	2	1	93	93	3.581150585788139E-4	1	1	75	8	0	11	T
A5_BC05_consensus_vsearch	4430	G	R	93	11	10.58%	2	1	93	93	3.695482496886117E-4	1	1	66	27	11	0	A
A5_BC05_consensus_vsearch	4442	G	R	96	8	7.55%	2	1	93	93	0.0033970091765190653	1	1	70	26	8	0	A
A5_BC05_consensus_vsearch	4503	A	R	98	8	7.48%	2	1	93	93	0.003406307176827417	1	1	71	27	8	0	G
