Chrom	Position	Ref	Cons	Reads1	Reads2	VarFreq	Strands1	Strands2	Qual1	Qual2	Pvalue	MapQual1	MapQual2	Reads1Plus	Reads1Minus	Reads2Plus	Reads2Minus	VarAllele
B2_BC14_consensus_vsearch	58	A	R	212	8	3.52%	2	1	93	93	0.003661360523321731	1	1	146	66	8	0	G
B2_BC14_consensus_vsearch	72	G	R	218	7	3.1%	2	1	93	93	0.007451182688346346	1	1	152	66	7	0	A
B2_BC14_consensus_vsearch	114	T	Y	207	8	3.62%	2	2	93	93	0.003655753662936563	1	1	153	54	3	5	C
B2_BC14_consensus_vsearch	115	A	M	212	7	3.15%	2	2	93	93	0.00744137624879223	1	1	152	60	5	2	C
B2_BC14_consensus_vsearch	118	T	Y	213	8	3.54%	2	2	93	93	0.0036624519192641563	1	1	153	60	6	2	C
B2_BC14_consensus_vsearch	147	A	M	212	8	3.56%	2	1	93	93	0.003661360523321731	1	1	148	64	8	0	C
B2_BC14_consensus_vsearch	153	A	R	211	9	4%	2	2	93	93	0.0017967787753331713	1	1	146	65	8	1	G
B2_BC14_consensus_vsearch	213	G	R	179	7	3.33%	2	2	93	93	0.007376258791632204	1	1	116	63	6	1	+T
B2_BC14_consensus_vsearch	214	G	R	191	9	3.96%	2	2	93	93	0.0017815247172920585	1	1	128	63	8	1	-C
B2_BC14_consensus_vsearch	216	A	W	168	34	15.38%	2	1	93	93	1.2778706465044932E-11	1	1	105	63	34	0	T
B2_BC14_consensus_vsearch	223	C	Y	208	8	3.6%	2	2	93	93	0.0036568954742723925	1	1	147	61	6	2	T
B2_BC14_consensus_vsearch	224	C	Y	210	9	3.98%	2	2	93	93	0.0017960807336148846	1	1	146	64	8	1	T
B2_BC14_consensus_vsearch	233	C	Y	204	10	4.46%	2	1	93	93	8.769963348909129E-4	1	1	156	48	0	10	T
B2_BC14_consensus_vsearch	284	T	Y	209	11	4.91%	2	1	93	93	4.2958650804029443E-4	1	1	160	49	0	11	C
B2_BC14_consensus_vsearch	296	G	R	212	12	5.29%	2	1	93	93	2.0987757342671282E-4	1	1	147	65	12	0	A
B2_BC14_consensus_vsearch	314	C	Y	210	9	3.96%	2	1	93	93	0.0017960807336148846	1	1	154	56	0	9	T
B2_BC14_consensus_vsearch	326	G	R	145	65	30.52%	2	1	93	93	7.549333954930386E-23	1	1	89	56	65	0	A
B2_BC14_consensus_vsearch	333	G	R	138	32	18.29%	2	1	93	93	4.651297408885193E-11	1	1	79	59	32	0	A
B2_BC14_consensus_vsearch	339	T	K	214	7	3.14%	2	1	93	93	0.007444703667648697	1	1	151	63	7	0	G
B2_BC14_consensus_vsearch	374	G	R	206	15	6.76%	2	1	93	93	2.3870469071571428E-5	1	1	141	65	15	0	A
B2_BC14_consensus_vsearch	389	G	K	200	9	4.11%	2	1	93	93	0.0017887416879729845	1	1	152	48	0	9	T
B2_BC14_consensus_vsearch	414	C	S	212	11	4.85%	2	2	93	93	4.303452996410444E-4	1	1	149	63	10	1	G
B2_BC14_consensus_vsearch	448	T	Y	214	8	3.54%	2	2	93	93	0.003663533633296164	1	1	152	62	5	3	C
B2_BC14_consensus_vsearch	479	A	R	215	8	3.54%	2	2	93	93	0.0036646057936482192	1	1	151	64	7	1	G
B2_BC14_consensus_vsearch	480	T	K	203	20	8.85%	2	1	93	93	6.107459539817822E-7	1	1	139	64	20	0	G
B2_BC14_consensus_vsearch	489	A	R	197	27	11.95%	2	1	93	93	3.23815477355246E-9	1	1	160	37	0	27	G
B2_BC14_consensus_vsearch	532	G	R	190	18	8.41%	2	2	93	93	2.598147628391323E-6	1	1	137	53	17	1	A
B2_BC14_consensus_vsearch	534	T	Y	210	13	5.73%	2	2	93	93	1.0196623731956113E-4	1	1	159	51	1	12	C
B2_BC14_consensus_vsearch	539	G	R	215	11	4.85%	2	1	93	93	4.3108474750487954E-4	1	1	149	66	11	0	A
B2_BC14_consensus_vsearch	546	C	Y	214	8	3.52%	2	2	93	93	0.003663533633296164	1	1	155	59	3	5	T
B2_BC14_consensus_vsearch	547	G	R	213	9	4%	2	2	93	93	0.0017981564163397133	1	1	150	63	8	1	A
B2_BC14_consensus_vsearch	557	G	R	213	11	4.87%	2	1	93	93	4.305938947768699E-4	1	1	148	65	11	0	A
B2_BC14_consensus_vsearch	569	T	Y	220	7	3.08%	2	2	93	93	0.007454337359329176	1	1	159	61	2	5	C
B2_BC14_consensus_vsearch	578	G	R	186	8	4.04%	2	2	93	93	0.0036291041675517713	1	1	122	64	7	1	A
B2_BC14_consensus_vsearch	581	G	K	200	13	5.78%	2	1	93	93	1.0108231417166703E-4	1	1	137	63	13	0	T
B2_BC14_consensus_vsearch	586	A	R	209	9	4.09%	2	2	93	93	0.0017953764342624938	1	1	148	61	8	1	G
B2_BC14_consensus_vsearch	597	A	R	219	7	3.08%	2	2	93	93	0.007452766938834958	1	1	154	65	6	1	G
B2_BC14_consensus_vsearch	603	T	Y	216	9	4%	2	2	93	93	0.0018001779733764346	1	1	158	58	2	7	C
B2_BC14_consensus_vsearch	609	T	Y	212	8	3.64%	2	2	93	93	0.003661360523321731	1	1	158	54	2	6	C
B2_BC14_consensus_vsearch	621	G	R	209	12	5.38%	2	2	93	93	2.0943559915765036E-4	1	1	146	63	11	1	A
B2_BC14_consensus_vsearch	624	G	R	182	33	15.21%	2	1	93	93	3.079587800051273E-11	1	1	125	57	33	0	A
B2_BC14_consensus_vsearch	633	C	Y	206	9	3.96%	2	1	93	93	0.001793225137980622	1	1	156	50	0	9	T
B2_BC14_consensus_vsearch	650	G	R	209	11	4.98%	2	1	93	93	4.2958650804029443E-4	1	1	147	62	11	0	A
B2_BC14_consensus_vsearch	658	C	Y	204	12	5.33%	2	2	93	93	2.0867313373012331E-4	1	1	149	55	3	9	T
B2_BC14_consensus_vsearch	659	G	R	196	18	8.26%	2	2	93	93	2.6274998766511106E-6	1	1	133	63	16	2	A
B2_BC14_consensus_vsearch	660	C	M	211	7	3.11%	2	1	93	93	0.007439689863414905	1	1	149	62	7	0	A
B2_BC14_consensus_vsearch	662	G	R	178	10	4.67%	2	1	93	93	8.637144208672183E-4	1	1	116	62	10	0	A
B2_BC14_consensus_vsearch	666	A	R	149	14	6.39%	2	1	93	93	4.5611517394377126E-5	1	1	109	40	14	0	G
B2_BC14_consensus_vsearch	667	C	S	167	8	4.49%	2	1	93	93	0.003599589021589525	1	1	128	39	8	0	G
B2_BC14_consensus_vsearch	670	C	Y	196	15	6.64%	2	2	93	93	2.358427531063154E-5	1	1	155	41	1	14	T
B2_BC14_consensus_vsearch	671	T	W	214	8	3.59%	2	1	93	93	0.003663533633296164	1	1	148	66	8	0	A
B2_BC14_consensus_vsearch	687	G	R	192	20	9.43%	2	1	93	93	5.961100290609897E-7	1	1	133	59	20	0	A
B2_BC14_consensus_vsearch	691	T	Y	208	8	3.67%	2	1	93	93	0.0036568954742723925	1	1	151	57	0	8	C
B2_BC14_consensus_vsearch	701	A	R	193	9	4.15%	2	1	93	93	0.0017831826885241658	1	1	137	56	9	0	G
B2_BC14_consensus_vsearch	755	A	R	214	7	3.1%	2	1	93	93	0.007444703667648697	1	1	149	65	7	0	G
B2_BC14_consensus_vsearch	779	G	R	192	7	3.41%	2	2	93	93	0.007404462106241813	1	1	146	46	6	1	A
B2_BC14_consensus_vsearch	793	T	Y	209	10	4.46%	2	2	93	93	8.792003591123169E-4	1	1	157	52	1	9	C
B2_BC14_consensus_vsearch	825	G	R	201	11	5.12%	2	1	93	93	4.274625226161483E-4	1	1	143	58	11	0	A
B2_BC14_consensus_vsearch	826	G	R	210	9	4.07%	2	1	93	93	0.0017960807336148846	1	1	149	61	9	0	A
B2_BC14_consensus_vsearch	833	G	R	196	14	6.6%	2	2	93	93	4.879105604804982E-5	1	1	143	53	13	1	A
B2_BC14_consensus_vsearch	835	G	R	215	10	4.41%	2	1	93	93	8.817198236951184E-4	1	1	159	56	0	10	A
B2_BC14_consensus_vsearch	836	G	R	208	10	4.41%	2	2	93	93	8.787673881990181E-4	1	1	151	57	1	9	A
B2_BC14_consensus_vsearch	837	C	M	213	9	4.05%	2	1	93	93	0.0017981564163397133	1	1	156	57	0	9	A
B2_BC14_consensus_vsearch	838	C	Y	208	13	5.73%	2	2	93	93	1.0179544238135389E-4	1	1	152	56	4	9	T
B2_BC14_consensus_vsearch	840	A	R	214	11	4.85%	2	1	93	93	4.308403683968055E-4	1	1	148	66	11	0	G
B2_BC14_consensus_vsearch	908	A	R	202	10	4.69%	2	2	93	93	8.760865562530377E-4	1	1	137	65	9	1	G
B2_BC14_consensus_vsearch	911	G	R	194	15	6.88%	2	1	93	93	2.3524071874557613E-5	1	1	128	66	15	0	A
B2_BC14_consensus_vsearch	927	A	R	204	14	6.19%	2	2	93	93	4.920666598282105E-5	1	1	147	57	13	1	G
B2_BC14_consensus_vsearch	943	G	R	128	34	14.98%	2	2	93	93	8.402820688144437E-12	1	1	89	39	30	4	+A
B2_BC14_consensus_vsearch	964	T	Y	216	8	3.56%	2	1	93	93	0.003665668526289429	1	1	158	58	0	8	C
B2_BC14_consensus_vsearch	975	C	S	211	10	4.46%	2	1	93	93	8.800549103686053E-4	1	1	146	65	10	0	G
B2_BC14_consensus_vsearch	977	A	R	211	9	4%	2	1	93	93	0.0017967787753331713	1	1	148	63	9	0	G
B2_BC14_consensus_vsearch	1001	G	R	212	8	3.6%	2	2	93	93	0.003661360523321731	1	1	150	62	7	1	A
B2_BC14_consensus_vsearch	1019	G	R	201	9	4.13%	2	1	93	93	0.0017895062981052791	1	1	139	62	9	0	A
B2_BC14_consensus_vsearch	1023	G	R	156	17	9.6%	2	1	93	93	5.048495818547836E-6	1	1	104	52	17	0	A
B2_BC14_consensus_vsearch	1024	G	R	204	17	7.69%	2	1	93	93	5.541719766097385E-6	1	1	140	64	17	0	A
B2_BC14_consensus_vsearch	1026	G	R	211	12	5.29%	2	2	93	93	2.0973150235371546E-4	1	1	146	65	11	1	A
B2_BC14_consensus_vsearch	1070	G	R	212	7	3.14%	2	1	93	93	0.00744137624879223	1	1	147	65	7	0	A
B2_BC14_consensus_vsearch	1081	A	R	219	7	3.08%	2	1	93	93	0.007452766938834958	1	1	153	66	7	0	G
B2_BC14_consensus_vsearch	1108	A	R	204	16	7.05%	2	1	93	93	1.1500698432241858E-5	1	1	143	61	16	0	G
B2_BC14_consensus_vsearch	1110	C	Y	218	7	3.1%	2	1	93	93	0.007451182688346346	1	1	160	58	0	7	T
B2_BC14_consensus_vsearch	1126	G	R	194	28	12.33%	2	1	93	93	1.5021880097714738E-9	1	1	131	63	28	0	A
B2_BC14_consensus_vsearch	1129	T	Y	148	9	5.62%	2	1	93	93	0.001735987137056536	1	1	82	66	9	0	C
B2_BC14_consensus_vsearch	1130	T	Y	144	8	4.88%	2	2	93	93	0.003554210649086613	1	1	79	65	7	1	C
B2_BC14_consensus_vsearch	1133	T	K	192	11	5.42%	2	1	93	93	4.248818010929111E-4	1	1	126	66	11	0	G
B2_BC14_consensus_vsearch	1134	T	K	208	16	7.05%	2	1	93	93	1.1561030828960615E-5	1	1	145	63	16	0	G
B2_BC14_consensus_vsearch	1142	A	R	200	24	10.67%	2	1	93	93	3.1100546133066265E-8	1	1	135	65	24	0	G
B2_BC14_consensus_vsearch	1146	G	R	117	11	8.09%	2	1	93	93	3.9025162336062916E-4	1	1	78	39	11	0	A
B2_BC14_consensus_vsearch	1211	G	R	209	8	3.64%	2	2	93	93	0.003658026926953576	1	1	148	61	6	2	A
B2_BC14_consensus_vsearch	1235	A	R	213	11	4.87%	2	1	93	93	4.305938947768699E-4	1	1	149	64	11	0	G
B2_BC14_consensus_vsearch	1293	T	Y	219	8	3.52%	2	1	93	93	0.0036688013849068284	1	1	161	58	0	8	C
B2_BC14_consensus_vsearch	1311	A	R	120	104	45.81%	2	2	93	93	6.845710877208148E-39	1	1	87	33	71	33	G
B2_BC14_consensus_vsearch	1336	A	R	196	23	10.45%	2	2	93	93	6.482419029061125E-8	1	1	137	59	22	1	G
B2_BC14_consensus_vsearch	1339	G	R	175	36	16.82%	2	1	93	93	2.844573692919743E-12	1	1	120	55	36	0	A
B2_BC14_consensus_vsearch	1348	C	Y	201	20	8.81%	2	2	93	93	6.081727839654859E-7	1	1	154	47	2	18	T
B2_BC14_consensus_vsearch	1355	G	R	195	12	5.74%	2	1	93	93	2.0721299272133376E-4	1	1	148	47	12	0	A
B2_BC14_consensus_vsearch	1368	G	R	215	8	3.56%	2	1	93	93	0.0036646057936482192	1	1	151	64	8	0	A
B2_BC14_consensus_vsearch	1373	A	R	197	11	4.98%	2	1	93	93	4.263419112240475E-4	1	1	144	53	11	0	G
B2_BC14_consensus_vsearch	1390	G	R	196	21	9.63%	2	2	93	93	2.868926012059276E-7	1	1	135	61	20	1	A
B2_BC14_consensus_vsearch	1395	T	Y	208	9	4.07%	2	2	93	93	0.0017946657928001688	1	1	153	55	2	7	C
B2_BC14_consensus_vsearch	1399	A	R	205	20	8.81%	2	2	93	93	6.13281842160553E-7	1	1	140	65	19	1	G
B2_BC14_consensus_vsearch	1437	C	Y	177	20	9.35%	2	2	93	93	5.740696079717506E-7	1	1	138	39	1	19	T
B2_BC14_consensus_vsearch	1438	G	K	0	89	40.64%	0	2	0	93	4.37059608545354E-53	0	1	0	0	65	24	T
B2_BC14_consensus_vsearch	1439	A	R	196	9	4.19%	2	1	93	93	0.001785610469261078	1	1	136	60	9	0	G
B2_BC14_consensus_vsearch	1441	A	R	210	10	4.42%	2	1	93	93	8.796295164637225E-4	1	1	146	64	10	0	G
B2_BC14_consensus_vsearch	1447	G	R	212	8	3.54%	2	1	93	93	0.003661360523321731	1	1	151	61	8	0	A
B2_BC14_consensus_vsearch	1449	G	R	215	8	3.59%	2	1	93	93	0.0036646057936482192	1	1	152	63	8	0	A
B2_BC14_consensus_vsearch	1455	T	Y	209	7	3.12%	2	2	93	93	0.007436270701269745	1	1	150	59	3	4	C
B2_BC14_consensus_vsearch	1462	A	R	213	8	3.56%	2	1	93	93	0.0036624519192641563	1	1	148	65	8	0	G
B2_BC14_consensus_vsearch	1482	G	R	151	55	26.44%	2	1	93	93	4.2885322441987584E-19	1	1	95	56	55	0	A
B2_BC14_consensus_vsearch	1493	T	K	211	12	5.33%	2	1	93	93	2.0973150235371546E-4	1	1	146	65	12	0	G
B2_BC14_consensus_vsearch	1516	T	K	185	30	13.76%	2	1	93	93	3.1402766390182715E-10	1	1	122	63	30	0	G
B2_BC14_consensus_vsearch	1537	A	R	201	15	6.79%	2	2	93	93	2.373037043728608E-5	1	1	148	53	7	8	G
B2_BC14_consensus_vsearch	1538	T	Y	201	13	5.8%	2	2	93	93	1.0117417827629507E-4	1	1	146	55	7	6	C
B2_BC14_consensus_vsearch	1544	C	Y	197	8	3.6%	2	2	93	93	0.003643733038795537	1	1	135	62	7	1	-G
B2_BC14_consensus_vsearch	1545	G	R	165	43	19.91%	2	1	93	93	1.0079842165163356E-14	1	1	100	65	43	0	A
B2_BC14_consensus_vsearch	1550	G	R	209	7	3.12%	2	2	93	93	0.007436270701269745	1	1	149	60	6	1	A
B2_BC14_consensus_vsearch	1572	A	R	203	17	7.52%	2	2	93	93	5.533354906074952E-6	1	1	139	64	16	1	G
B2_BC14_consensus_vsearch	1587	G	R	177	28	12.67%	2	1	93	93	1.385496205190608E-9	1	1	114	63	28	0	A
B2_BC14_consensus_vsearch	1592	T	Y	207	8	3.64%	2	2	93	93	0.003655753662936563	1	1	156	51	3	5	C
B2_BC14_consensus_vsearch	1594	C	Y	191	12	5.63%	2	2	93	93	2.0652482483515445E-4	1	1	151	40	1	11	T
B2_BC14_consensus_vsearch	1595	C	Y	197	20	8.89%	2	2	93	93	6.029113548186886E-7	1	1	157	40	1	19	T
B2_BC14_consensus_vsearch	1601	T	Y	211	8	3.62%	2	2	93	93	0.0036602593149509337	1	1	147	64	7	1	C
B2_BC14_consensus_vsearch	1602	A	R	215	8	3.56%	2	2	93	93	0.0036646057936482192	1	1	152	63	7	1	G
B2_BC14_consensus_vsearch	1675	T	Y	195	16	7.14%	2	2	93	93	1.1357537987418757E-5	1	1	145	50	1	15	C
B2_BC14_consensus_vsearch	1676	G	R	213	7	3.15%	2	1	93	93	0.007443047448823043	1	1	147	66	7	0	A
B2_BC14_consensus_vsearch	1677	C	Y	201	13	5.75%	2	1	93	93	1.0117417827629507E-4	1	1	149	52	0	13	T
B2_BC14_consensus_vsearch	1731	C	Y	204	8	3.52%	2	1	93	93	0.0036522646351654408	1	1	147	57	0	8	+A
B2_BC14_consensus_vsearch	1787	A	R	202	10	4.55%	2	2	93	93	8.760865562530377E-4	1	1	139	63	9	1	G
B2_BC14_consensus_vsearch	1788	T	Y	207	10	4.59%	2	2	93	93	8.783305527122537E-4	1	1	144	63	9	1	C
B2_BC14_consensus_vsearch	1790	A	R	205	14	6.25%	2	2	93	93	4.9256649870734555E-5	1	1	142	63	13	1	G
B2_BC14_consensus_vsearch	1857	G	R	191	18	8.04%	2	1	93	93	2.6031386084308115E-6	1	1	128	63	18	0	A
B2_BC14_consensus_vsearch	1858	C	Y	164	11	5.02%	2	1	93	93	4.1524271304166165E-4	1	1	103	61	11	0	+A
B2_BC14_consensus_vsearch	1859	G	R	73	9	4.15%	2	2	93	93	0.0015493055088298398	1	1	62	11	8	1	+A
B2_BC14_consensus_vsearch	1897	A	R	214	7	3.11%	2	2	93	93	0.007444703667648697	1	1	153	61	4	3	G
B2_BC14_consensus_vsearch	1951	A	R	217	8	3.54%	2	1	93	93	0.0036667219549938834	1	1	151	66	8	0	G
B2_BC14_consensus_vsearch	2004	A	R	200	22	9.73%	2	1	93	93	1.3797147807810935E-7	1	1	135	65	22	0	G
B2_BC14_consensus_vsearch	2005	T	K	203	21	9.33%	2	1	93	93	2.917097565439073E-7	1	1	139	64	21	0	G
B2_BC14_consensus_vsearch	2007	G	R	215	8	3.52%	2	1	93	93	0.0036646057936482192	1	1	151	64	8	0	A
B2_BC14_consensus_vsearch	2031	A	R	190	8	3.72%	2	2	93	93	0.003634608580377523	1	1	135	55	6	2	-C
B2_BC14_consensus_vsearch	2033	C	S	213	8	3.56%	2	1	93	93	0.0036624519192641563	1	1	151	62	8	0	G
B2_BC14_consensus_vsearch	2034	C	Y	198	12	5.31%	2	2	93	93	2.077128545125299E-4	1	1	146	52	1	11	T
B2_BC14_consensus_vsearch	2041	G	R	214	7	3.15%	2	1	93	93	0.007444703667648697	1	1	152	62	7	0	A
B2_BC14_consensus_vsearch	2050	C	S	164	8	3.52%	2	1	93	93	0.0035943445383436455	1	1	99	65	8	0	+G
B2_BC14_consensus_vsearch	2098	C	Y	205	11	5.05%	2	1	93	93	4.285433624407098E-4	1	1	153	52	0	11	T
B2_BC14_consensus_vsearch	2099	C	Y	192	12	5.29%	2	1	93	93	2.0669925458579255E-4	1	1	160	32	0	12	-G
B2_BC14_consensus_vsearch	2100	G	R	186	7	3.43%	2	2	93	93	0.007391912172859777	1	1	153	33	6	1	A
B2_BC14_consensus_vsearch	2100	G	K	186	9	4.41%	2	1	93	93	0.0017772348172719874	1	1	153	33	0	9	T
B2_BC14_consensus_vsearch	2101	G	K	203	17	7.59%	2	2	93	93	5.533354906074952E-6	1	1	157	46	1	16	T
B2_BC14_consensus_vsearch	2106	G	R	175	26	12.81%	2	1	93	93	6.281230759920335E-9	1	1	122	53	26	0	A
B2_BC14_consensus_vsearch	2115	A	R	214	10	4.44%	2	2	93	93	8.813089995913842E-4	1	1	151	63	9	1	G
B2_BC14_consensus_vsearch	2203	C	Y	201	22	9.69%	2	1	93	93	1.3832780220374826E-7	1	1	159	42	0	22	T
B2_BC14_consensus_vsearch	2253	G	R	207	14	6.19%	2	2	93	93	4.93553660030744E-5	1	1	142	65	13	1	A
B2_BC14_consensus_vsearch	2258	A	R	208	14	6.22%	2	1	93	93	4.9404108604884E-5	1	1	143	65	14	0	G
B2_BC14_consensus_vsearch	2259	T	K	180	39	17.49%	2	1	93	93	2.838197923670167E-13	1	1	117	63	39	0	G
B2_BC14_consensus_vsearch	2292	C	Y	210	7	3.08%	2	1	93	93	0.007437988084800957	1	1	153	57	0	7	T
B2_BC14_consensus_vsearch	2295	T	Y	205	12	5.36%	2	1	93	93	2.0882828978061456E-4	1	1	155	50	0	12	C
B2_BC14_consensus_vsearch	2330	A	R	215	7	3.11%	2	1	93	93	0.007446345105805389	1	1	149	66	7	0	G
B2_BC14_consensus_vsearch	2338	G	R	200	12	5.63%	2	1	93	93	2.0803866112796158E-4	1	1	142	58	12	0	A
B2_BC14_consensus_vsearch	2366	G	R	179	26	12.62%	2	1	93	93	6.395320378182074E-9	1	1	132	47	26	0	A
B2_BC14_consensus_vsearch	2379	T	Y	218	8	3.54%	2	1	93	93	0.003667766201363899	1	1	161	57	0	8	C
B2_BC14_consensus_vsearch	2393	G	R	186	22	10.53%	2	1	93	93	1.327128039007251E-7	1	1	129	57	22	0	A
B2_BC14_consensus_vsearch	2414	A	R	211	10	4.48%	2	1	93	93	8.800549103686053E-4	1	1	146	65	10	0	G
B2_BC14_consensus_vsearch	2474	A	R	217	9	3.96%	2	1	93	93	0.0018008401619304512	1	1	151	66	9	0	G
B2_BC14_consensus_vsearch	2494	A	W	206	8	3.54%	2	1	93	93	0.0036546013500883302	1	1	144	62	8	0	T
B2_BC14_consensus_vsearch	2495	C	S	213	9	3.98%	2	1	93	93	0.0017981564163397133	1	1	149	64	9	0	G
B2_BC14_consensus_vsearch	2528	T	Y	202	8	3.72%	2	2	93	93	0.0036498841327700354	1	1	150	52	5	3	C
B2_BC14_consensus_vsearch	2543	G	R	210	12	5.29%	2	2	93	93	2.0958418294317403E-4	1	1	155	55	3	9	A
B2_BC14_consensus_vsearch	2544	C	Y	198	10	4.44%	2	2	93	93	8.74216242207188E-4	1	1	145	53	1	9	T
B2_BC14_consensus_vsearch	2581	G	R	189	8	3.7%	2	1	93	93	0.0036332530695703403	1	1	124	65	8	0	+A
B2_BC14_consensus_vsearch	2610	G	R	204	14	6.36%	2	1	93	93	4.920666598282105E-5	1	1	141	63	14	0	A
B2_BC14_consensus_vsearch	2744	C	Y	218	7	3.08%	2	1	93	93	0.007451182688346346	1	1	160	58	0	7	T
B2_BC14_consensus_vsearch	2751	A	R	213	8	3.54%	2	2	93	93	0.0036624519192641563	1	1	151	62	7	1	G
B2_BC14_consensus_vsearch	2758	G	R	182	30	14.15%	2	1	93	93	3.088686902053498E-10	1	1	117	65	30	0	A
B2_BC14_consensus_vsearch	2761	A	W	206	8	3.64%	2	1	93	93	0.0036546013500883302	1	1	144	62	8	0	T
B2_BC14_consensus_vsearch	2762	C	Y	197	13	5.86%	2	2	93	93	1.0080182645455998E-4	1	1	135	62	12	1	T
B2_BC14_consensus_vsearch	2763	A	W	204	8	3.67%	2	1	93	93	0.0036522646351654408	1	1	140	64	8	0	T
B2_BC14_consensus_vsearch	2764	C	Y	155	11	5.14%	2	2	93	93	4.1149157049812866E-4	1	1	102	53	8	3	-AC
B2_BC14_consensus_vsearch	2767	G	R	182	19	9.36%	2	1	93	93	1.2209739061092033E-6	1	1	121	61	19	0	A
B2_BC14_consensus_vsearch	2770	T	Y	219	7	3.1%	2	2	93	93	0.007452766938834958	1	1	158	61	2	5	C
B2_BC14_consensus_vsearch	2777	G	R	203	19	8.37%	2	1	93	93	1.2759715939998704E-6	1	1	138	65	19	0	A
B2_BC14_consensus_vsearch	2804	G	R	208	9	4.04%	2	1	93	93	0.0017946657928001688	1	1	147	61	9	0	A
B2_BC14_consensus_vsearch	2806	C	Y	214	8	3.54%	2	2	93	93	0.003663533633296164	1	1	152	62	6	2	T
B2_BC14_consensus_vsearch	2878	A	R	216	7	3.1%	2	1	93	93	0.007447971960236055	1	1	150	66	7	0	G
B2_BC14_consensus_vsearch	2906	G	R	172	12	5.77%	2	1	93	93	2.0287285558348591E-4	1	1	106	66	12	0	A
B2_BC14_consensus_vsearch	2908	G	K	200	7	3.24%	2	1	93	93	0.007420075094973923	1	1	139	61	7	0	T
B2_BC14_consensus_vsearch	2918	C	Y	216	7	3.12%	2	1	93	93	0.007447971960236055	1	1	160	56	0	7	T
B2_BC14_consensus_vsearch	2946	T	Y	210	8	3.56%	2	2	93	93	0.0036591481612605	1	1	152	58	2	6	C
B2_BC14_consensus_vsearch	2969	A	R	216	9	3.96%	2	2	93	93	0.0018001779733764346	1	1	151	65	8	1	G
B2_BC14_consensus_vsearch	2989	A	R	211	11	4.87%	2	1	93	93	4.300945555177922E-4	1	1	148	63	11	0	G
B2_BC14_consensus_vsearch	2996	C	Y	195	7	3.45%	2	2	93	93	0.007410460397262536	1	1	138	57	1	6	T
B2_BC14_consensus_vsearch	2998	C	Y	193	25	11.01%	2	2	93	93	1.4369618577937874E-8	1	1	148	45	4	21	T
B2_BC14_consensus_vsearch	2999	G	R	197	21	9.59%	2	1	93	93	2.8759564626399263E-7	1	1	131	66	21	0	A
B2_BC14_consensus_vsearch	3025	G	R	209	12	5.38%	2	2	93	93	2.0943559915765036E-4	1	1	145	64	10	2	A
B2_BC14_consensus_vsearch	3095	T	Y	205	8	3.6%	2	2	93	93	0.0036534383902297935	1	1	150	55	2	6	C
B2_BC14_consensus_vsearch	3115	T	Y	212	7	3.11%	2	2	93	93	0.00744137624879223	1	1	154	58	1	6	C
B2_BC14_consensus_vsearch	3121	G	K	209	11	4.87%	2	1	93	93	4.2958650804029443E-4	1	1	143	66	11	0	T
B2_BC14_consensus_vsearch	3123	G	R	210	7	3.11%	2	1	93	93	0.007437988084800957	1	1	149	61	7	0	A
B2_BC14_consensus_vsearch	3133	T	Y	216	10	4.42%	2	1	93	93	8.821271222096345E-4	1	1	161	55	0	10	C
B2_BC14_consensus_vsearch	3174	C	Y	162	7	4.12%	2	2	93	93	0.007332911989892741	1	1	102	60	6	1	T
B2_BC14_consensus_vsearch	3251	G	R	183	33	15.21%	2	1	93	93	3.100203503251058E-11	1	1	125	58	33	0	A
B2_BC14_consensus_vsearch	3261	T	W	207	7	3.17%	2	1	93	93	0.007432788253078562	1	1	155	52	0	7	A
B2_BC14_consensus_vsearch	3289	T	K	189	36	16%	2	1	93	93	3.177066004965472E-12	1	1	125	64	36	0	G
B2_BC14_consensus_vsearch	3292	C	Y	209	7	3.11%	2	1	93	93	0.007436270701269745	1	1	158	51	0	7	T
B2_BC14_consensus_vsearch	3338	A	R	207	7	3.1%	2	1	93	93	0.007432788253078562	1	1	148	59	7	0	-G
B2_BC14_consensus_vsearch	3343	G	S	209	10	4.46%	2	1	93	93	8.792003591123169E-4	1	1	144	65	10	0	C
B2_BC14_consensus_vsearch	3360	G	R	191	20	9.3%	2	1	93	93	5.947187199983573E-7	1	1	138	53	20	0	A
B2_BC14_consensus_vsearch	3362	T	Y	202	11	4.87%	2	1	93	93	4.2773637746469634E-4	1	1	149	53	0	11	C
B2_BC14_consensus_vsearch	3370	A	R	214	9	3.98%	2	1	93	93	0.0017988361772468277	1	1	150	64	9	0	G
B2_BC14_consensus_vsearch	3371	T	K	210	11	4.93%	2	1	93	93	4.298416344617859E-4	1	1	147	63	11	0	G
B2_BC14_consensus_vsearch	3388	A	R	214	13	5.73%	2	2	93	93	1.0229936061105097E-4	1	1	149	65	12	1	G
B2_BC14_consensus_vsearch	3390	C	Y	213	7	3.08%	2	1	93	93	0.007443047448823043	1	1	155	58	0	7	T
B2_BC14_consensus_vsearch	3393	A	R	219	8	3.52%	2	1	93	93	0.0036688013849068284	1	1	153	66	8	0	G
B2_BC14_consensus_vsearch	3442	T	Y	217	8	3.54%	2	1	93	93	0.0036667219549938834	1	1	161	56	0	8	C
B2_BC14_consensus_vsearch	3445	G	S	211	7	3.1%	2	1	93	93	0.007439689863414905	1	1	153	58	0	7	C
B2_BC14_consensus_vsearch	3460	A	R	207	9	4.02%	2	1	93	93	0.001793948723227531	1	1	147	60	9	0	G
B2_BC14_consensus_vsearch	3464	C	Y	219	8	3.52%	2	2	93	93	0.0036688013849068284	1	1	160	59	1	7	T
B2_BC14_consensus_vsearch	3471	C	Y	208	9	3.96%	2	2	93	93	0.0017946657928001688	1	1	156	52	1	8	T
B2_BC14_consensus_vsearch	3472	A	R	209	9	4.05%	2	2	93	93	0.0017953764342624938	1	1	153	56	4	5	G
B2_BC14_consensus_vsearch	3473	T	Y	187	7	3.12%	2	2	93	93	0.007394057154213738	1	1	136	51	2	5	-G
B2_BC14_consensus_vsearch	3495	A	R	212	11	4.85%	2	1	93	93	4.303452996410444E-4	1	1	146	66	11	0	G
B2_BC14_consensus_vsearch	3503	C	Y	219	7	3.1%	2	1	93	93	0.007452766938834958	1	1	160	59	0	7	T
B2_BC14_consensus_vsearch	3512	T	Y	209	7	3.15%	2	2	93	93	0.007436270701269745	1	1	156	53	1	6	C
B2_BC14_consensus_vsearch	3553	T	Y	205	8	3.52%	2	2	93	93	0.0036534383902297935	1	1	145	60	3	5	+G
B2_BC14_consensus_vsearch	3559	C	Y	213	9	3.96%	2	1	93	93	0.0017981564163397133	1	1	158	55	0	9	T
B2_BC14_consensus_vsearch	3580	T	Y	216	9	4%	2	2	93	93	0.0018001779733764346	1	1	158	58	1	8	C
B2_BC14_consensus_vsearch	3583	G	R	207	10	4.59%	2	1	93	93	8.783305527122537E-4	1	1	146	61	10	0	A
B2_BC14_consensus_vsearch	3596	T	Y	181	7	3.35%	2	2	93	93	0.007380848803681321	1	1	137	44	1	6	-A
B2_BC14_consensus_vsearch	3599	G	R	203	15	6.61%	2	1	93	93	2.37871086741396E-5	1	1	137	66	15	0	A
B2_BC14_consensus_vsearch	3600	G	R	186	24	10.57%	2	1	93	93	2.9702639014527133E-8	1	1	120	66	24	0	A
B2_BC14_consensus_vsearch	3601	G	R	171	21	9.25%	2	1	93	93	2.675089571372386E-7	1	1	105	66	21	0	+A
B2_BC14_consensus_vsearch	3602	G	R	200	19	8.37%	2	1	93	93	1.268651398690971E-6	1	1	135	65	19	0	A
B2_BC14_consensus_vsearch	3609	G	S	6	49	21.59%	2	2	93	93	5.635536334869025E-25	1	1	4	2	32	17	+C
B2_BC14_consensus_vsearch	3623	C	Y	210	9	4.02%	2	1	93	93	0.0017960807336148846	1	1	155	55	0	9	T
B2_BC14_consensus_vsearch	3638	A	W	211	8	3.59%	2	2	93	93	0.0036602593149509337	1	1	157	54	1	7	T
B2_BC14_consensus_vsearch	3647	T	Y	192	19	8.8%	2	2	93	93	1.2482898133299926E-6	1	1	149	43	2	17	C
B2_BC14_consensus_vsearch	3648	G	R	199	9	4.13%	2	2	93	93	0.0017879699024036485	1	1	144	55	8	1	A
B2_BC14_consensus_vsearch	3681	T	Y	219	7	3.08%	2	1	93	93	0.007452766938834958	1	1	161	58	0	7	C
B2_BC14_consensus_vsearch	3688	G	R	210	15	6.61%	2	2	93	93	2.3978473096487834E-5	1	1	158	52	1	14	A
B2_BC14_consensus_vsearch	3689	T	W	211	14	6.17%	2	1	93	93	4.9547934929218304E-5	1	1	160	51	0	14	A
B2_BC14_consensus_vsearch	3691	C	Y	205	7	3.18%	2	2	93	93	0.0074292407456773525	1	1	151	54	1	6	T
B2_BC14_consensus_vsearch	3745	G	R	214	9	4.04%	2	2	93	93	0.0017988361772468277	1	1	149	65	8	1	A
B2_BC14_consensus_vsearch	3764	G	R	189	14	6.86%	2	1	93	93	4.840279700124344E-5	1	1	139	50	14	0	A
B2_BC14_consensus_vsearch	3780	G	R	202	20	8.85%	2	2	93	93	6.094640790165047E-7	1	1	141	61	16	4	A
B2_BC14_consensus_vsearch	3781	C	Y	210	7	3.11%	2	1	93	93	0.007437988084800957	1	1	155	55	0	7	T
B2_BC14_consensus_vsearch	3785	A	R	213	12	5.31%	2	1	93	93	2.1002241192895544E-4	1	1	148	65	12	0	G
B2_BC14_consensus_vsearch	3811	C	Y	216	9	3.96%	2	1	93	93	0.0018001779733764346	1	1	160	56	0	9	T
B2_BC14_consensus_vsearch	3829	T	Y	208	12	5.41%	2	2	93	93	2.0928573468617033E-4	1	1	151	57	6	6	C
B2_BC14_consensus_vsearch	3843	A	R	214	7	3.12%	2	2	93	93	0.007444703667648697	1	1	153	61	6	1	G
B2_BC14_consensus_vsearch	3859	G	R	212	7	3.2%	2	1	93	93	0.00744137624879223	1	1	153	59	7	0	A
B2_BC14_consensus_vsearch	3863	G	R	212	10	4.48%	2	2	93	93	8.804765900705064E-4	1	1	149	63	8	2	A
B2_BC14_consensus_vsearch	3879	C	Y	186	16	7.05%	2	2	93	93	1.1203138488426297E-5	1	1	135	51	3	13	T
B2_BC14_consensus_vsearch	3881	A	R	109	14	6.17%	2	2	93	93	4.125754771155157E-5	1	1	92	17	13	1	+G
B2_BC14_consensus_vsearch	3900	G	R	202	10	4.67%	2	1	93	93	8.760865562530377E-4	1	1	140	62	10	0	A
B2_BC14_consensus_vsearch	3901	G	R	206	20	8.85%	2	1	93	93	6.145360512532276E-7	1	1	141	65	20	0	A
B2_BC14_consensus_vsearch	3945	A	R	207	20	8.81%	2	1	93	93	6.157812320632015E-7	1	1	141	66	20	0	G
B2_BC14_consensus_vsearch	3947	G	R	167	52	23.53%	2	1	93	93	7.112622577723107E-18	1	1	108	59	52	0	A
B2_BC14_consensus_vsearch	3950	T	Y	219	7	3.08%	2	2	93	93	0.007452766938834958	1	1	157	62	4	3	C
B2_BC14_consensus_vsearch	3960	A	R	47	13	6.22%	2	2	93	93	5.8991325921800234E-5	1	1	43	4	10	3	+G
B2_BC14_consensus_vsearch	3967	A	R	215	7	3.1%	2	1	93	93	0.007446345105805389	1	1	151	64	7	0	G
B2_BC14_consensus_vsearch	3987	G	R	205	20	8.85%	2	2	93	93	6.13281842160553E-7	1	1	142	63	18	2	A
B2_BC14_consensus_vsearch	3994	C	Y	182	7	3.1%	2	2	93	93	0.007383107786177688	1	1	129	53	2	5	+A
B2_BC14_consensus_vsearch	4068	G	R	207	12	5.36%	2	1	93	93	2.091345729349345E-4	1	1	141	66	12	0	A
B2_BC14_consensus_vsearch	4071	A	R	214	7	3.08%	2	1	93	93	0.007444703667648697	1	1	149	65	7	0	G
B2_BC14_consensus_vsearch	4082	A	R	204	9	4.11%	2	1	93	93	0.0017917580621936403	1	1	141	63	9	0	G
B2_BC14_consensus_vsearch	4090	A	R	215	7	3.14%	2	2	93	93	0.007446345105805389	1	1	150	65	6	1	G
B2_BC14_consensus_vsearch	4115	G	R	212	9	4.07%	2	1	93	93	0.00179747064240055	1	1	151	61	9	0	A
B2_BC14_consensus_vsearch	4129	G	R	208	11	4.91%	2	1	93	93	4.293291473235971E-4	1	1	148	60	11	0	A
B2_BC14_consensus_vsearch	4146	A	R	218	7	3.1%	2	1	93	93	0.007451182688346346	1	1	153	65	7	0	G
B2_BC14_consensus_vsearch	4176	G	R	207	7	3.23%	2	1	93	93	0.007432788253078562	1	1	145	62	7	0	A
B2_BC14_consensus_vsearch	4177	G	S	150	7	3.08%	2	2	93	93	0.007296738417420601	1	1	92	58	1	6	+A
B2_BC14_consensus_vsearch	4183	T	K	213	7	3.15%	2	1	93	93	0.007443047448823043	1	1	151	62	7	0	G
B2_BC14_consensus_vsearch	4185	G	R	186	27	12.68%	2	1	93	93	3.0927166428209853E-9	1	1	132	54	27	0	A
B2_BC14_consensus_vsearch	4186	G	R	208	9	3.98%	2	2	93	93	0.0017946657928001688	1	1	149	59	4	5	A
B2_BC14_consensus_vsearch	4214	G	R	202	14	6.36%	2	2	93	93	4.9105420013800674E-5	1	1	142	60	13	1	A
B2_BC14_consensus_vsearch	4218	G	R	143	72	33.33%	2	1	93	93	1.6165674639398113E-25	1	1	87	56	72	0	A
B2_BC14_consensus_vsearch	4242	G	K	211	8	3.59%	2	1	93	93	0.0036602593149509337	1	1	149	62	8	0	T
B2_BC14_consensus_vsearch	4271	T	Y	209	9	4.07%	2	2	93	93	0.0017953764342624938	1	1	150	59	2	7	C
B2_BC14_consensus_vsearch	4283	A	R	205	15	6.76%	2	1	93	93	2.384291138391124E-5	1	1	141	64	15	0	G
B2_BC14_consensus_vsearch	4285	T	Y	182	8	3.64%	2	2	93	93	0.003623372158916335	1	1	126	56	1	7	+C
B2_BC14_consensus_vsearch	4304	G	R	123	7	5.26%	2	1	93	93	0.007191329576314499	1	1	73	50	7	0	A
