Chrom	Position	Ref	Cons	Reads1	Reads2	VarFreq	Strands1	Strands2	Qual1	Qual2	Pvalue	MapQual1	MapQual2	Reads1Plus	Reads1Minus	Reads2Plus	Reads2Minus	VarAllele
B2_BC14_consensus_vsearch	18	C	*/+A	160	18	7.96%	2	2	93	93	2.427026413532882E-6	1	1	99	61	17	1	+A
B2_BC14_consensus_vsearch	18	C	*/-A	160	40	17.7%	2	2	93	93	1.040511125869569E-13	1	1	99	61	39	1	-A
B2_BC14_consensus_vsearch	40	A	*/+G	214	9	3.98%	2	1	93	93	0.0017988361772468277	1	1	149	65	9	0	+G
B2_BC14_consensus_vsearch	41	G	*/-AG	170	53	23.56%	2	2	93	93	3.3113897526522077E-18	1	1	107	63	51	2	-AG
B2_BC14_consensus_vsearch	54	T	*/+A	192	8	3.52%	2	2	93	93	0.0036372796311357324	1	1	136	56	7	1	+A
B2_BC14_consensus_vsearch	54	T	*/-A	192	22	9.69%	2	2	93	93	1.3503013098022896E-7	1	1	136	56	15	7	-A
B2_BC14_consensus_vsearch	59	C	*/+A	199	8	3.56%	2	1	93	93	0.0036462285478980633	1	1	135	64	8	0	+A
B2_BC14_consensus_vsearch	67	C	*/+A	211	9	4.02%	2	1	93	93	0.0017967787753331713	1	1	147	64	9	0	+A
B2_BC14_consensus_vsearch	68	G	*/-A	213	8	3.56%	2	1	93	93	0.0036624519192641563	1	1	148	65	8	0	-A
B2_BC14_consensus_vsearch	102	A	*/-G	201	24	10.57%	2	2	93	93	3.1195657998345904E-8	1	1	141	60	19	5	-G
B2_BC14_consensus_vsearch	103	G	*/+A	191	8	3.96%	2	1	93	93	0.0036359507017874977	1	1	130	61	8	0	+A
B2_BC14_consensus_vsearch	104	G	*/+A	204	19	8.41%	2	1	93	93	1.2783751095611703E-6	1	1	138	66	19	0	+A
B2_BC14_consensus_vsearch	123	A	*/-C	200	18	7.96%	2	2	93	93	2.6463038722080364E-6	1	1	141	59	15	3	-C
B2_BC14_consensus_vsearch	136	T	*/+C	204	16	7.05%	2	2	93	93	1.1500698432241858E-5	1	1	143	61	15	1	+C
B2_BC14_consensus_vsearch	137	C	*/+A	213	10	4.42%	2	1	93	93	8.808946039600796E-4	1	1	149	64	10	0	+A
B2_BC14_consensus_vsearch	138	A	*/-G	215	8	3.56%	2	2	93	93	0.0036646057936482192	1	1	157	58	1	7	-G
B2_BC14_consensus_vsearch	143	T	*/-A	212	8	3.59%	2	1	93	93	0.003661360523321731	1	1	149	63	8	0	-A
B2_BC14_consensus_vsearch	150	T	*/-GC	209	10	4.46%	2	2	93	93	8.792003591123169E-4	1	1	148	61	9	1	-GC
B2_BC14_consensus_vsearch	167	T	*/+C	211	9	4.04%	2	2	93	93	0.0017967787753331713	1	1	151	60	8	1	+C
B2_BC14_consensus_vsearch	168	C	*/-A	199	21	9.33%	2	2	93	93	2.8898665118248697E-7	1	1	136	63	20	1	-A
B2_BC14_consensus_vsearch	170	A	*/-G	213	10	4.44%	2	1	93	93	8.808946039600796E-4	1	1	149	64	10	0	-G
B2_BC14_consensus_vsearch	171	G	*/-AG	189	23	10.6%	2	1	93	93	6.346030588413567E-8	1	1	124	65	23	0	-AG
B2_BC14_consensus_vsearch	191	T	*/-C	182	44	19.47%	2	1	93	93	5.585189976787647E-15	1	1	117	65	44	0	-C
B2_BC14_consensus_vsearch	202	T	*/-C	211	14	6.17%	2	1	93	93	4.9547934929218304E-5	1	1	146	65	14	0	-C
B2_BC14_consensus_vsearch	207	C	*/-TT	212	8	3.52%	2	1	93	93	0.003661360523321731	1	1	151	61	8	0	-TT
B2_BC14_consensus_vsearch	210	G	*/+C	211	9	3.98%	2	1	93	93	0.0017967787753331713	1	1	145	66	9	0	+C
B2_BC14_consensus_vsearch	212	C	*/-G	203	17	7.49%	2	2	93	93	5.533354906074952E-6	1	1	142	61	16	1	-G
B2_BC14_consensus_vsearch	213	G	*/+T	179	18	8.57%	2	1	93	93	2.540449900319391E-6	1	1	116	63	18	0	+T
B2_BC14_consensus_vsearch	214	G	*/-C	191	27	11.89%	2	2	93	93	3.159934639034834E-9	1	1	128	63	25	2	-C
B2_BC14_consensus_vsearch	215	C	*/+A	53	7	3.5%	1	1	93	93	0.0064922289986227965	1	1	53	0	7	0	+A
B2_BC14_consensus_vsearch	215	C	*/+G	53	101	50.5%	1	2	93	93	3.7046952021046824E-42	1	1	53	0	38	63	+G
B2_BC14_consensus_vsearch	215	C	*/+TG	53	16	8%	1	1	93	93	5.714189374844433E-6	1	1	53	0	16	0	+G
B2_BC14_consensus_vsearch	217	G	*/+A	204	7	3.17%	2	1	93	93	0.007427442022474603	1	1	139	65	7	0	+A
B2_BC14_consensus_vsearch	221	A	*/-C	187	24	10.86%	2	1	93	93	2.980677010509384E-8	1	1	121	66	24	0	-C
B2_BC14_consensus_vsearch	228	T	*/-G	199	8	3.76%	2	1	93	93	0.0036462285478980633	1	1	135	64	8	0	-G
B2_BC14_consensus_vsearch	236	T	*/+C	185	31	13.84%	2	2	93	93	1.4608479492410707E-10	1	1	123	62	30	1	+C
B2_BC14_consensus_vsearch	237	C	*/-G	201	21	9.38%	2	1	93	93	2.903578867014327E-7	1	1	158	43	0	21	-G
B2_BC14_consensus_vsearch	264	C	*/-T	206	13	5.8%	2	2	93	93	1.016217291023551E-4	1	1	148	58	8	5	-T
B2_BC14_consensus_vsearch	268	A	*/-T	208	8	3.64%	2	2	93	93	0.0036568954742723925	1	1	144	64	7	1	-T
B2_BC14_consensus_vsearch	271	C	*/-A	201	14	6.33%	2	2	93	93	4.905414704302361E-5	1	1	145	56	10	4	-A
B2_BC14_consensus_vsearch	280	G	*/-C	206	15	6.61%	2	2	93	93	2.3870469071571428E-5	1	1	142	64	14	1	-C
B2_BC14_consensus_vsearch	306	T	*/-G	191	31	13.9%	2	2	93	93	1.510924593676463E-10	1	1	154	37	2	29	-G
B2_BC14_consensus_vsearch	325	C	*/-G	208	13	5.75%	2	2	93	93	1.0179544238135389E-4	1	1	152	56	4	9	-G
B2_BC14_consensus_vsearch	327	G	*/+A	213	7	3.1%	2	1	93	93	0.007443047448823043	1	1	148	65	7	0	+A
B2_BC14_consensus_vsearch	332	C	*/+A	153	10	4.41%	2	1	93	93	8.471160639973729E-4	1	1	97	56	10	0	+A
B2_BC14_consensus_vsearch	332	C	*/+G	153	10	4.41%	2	2	93	93	8.471160639973729E-4	1	1	97	56	8	2	+A
B2_BC14_consensus_vsearch	332	C	*/-G	153	49	21.59%	2	2	93	93	6.432651033495283E-17	1	1	97	56	42	7	-G
B2_BC14_consensus_vsearch	336	G	*/-A	213	8	3.52%	2	1	93	93	0.0036624519192641563	1	1	148	65	8	0	-A
B2_BC14_consensus_vsearch	341	A	*/-G	206	7	3.15%	2	1	93	93	0.007431022745174962	1	1	147	59	7	0	-G
B2_BC14_consensus_vsearch	342	G	*/-A	207	10	4.57%	2	1	93	93	8.783305527122537E-4	1	1	142	65	10	0	-A
B2_BC14_consensus_vsearch	351	T	*/-C	184	41	18.14%	2	2	93	93	6.11925966932949E-14	1	1	119	65	40	1	-C
B2_BC14_consensus_vsearch	353	C	*/-G	211	9	3.98%	2	1	93	93	0.0017967787753331713	1	1	155	56	0	9	-G
B2_BC14_consensus_vsearch	357	G	*/-A	154	64	28.96%	2	1	93	93	2.355756030570943E-22	1	1	89	65	64	0	-A
B2_BC14_consensus_vsearch	361	G	*/-A	217	7	3.11%	2	1	93	93	0.007449584424390529	1	1	153	64	7	0	-A
B2_BC14_consensus_vsearch	368	A	*/-G	216	7	3.08%	2	1	93	93	0.007447971960236055	1	1	151	65	7	0	-G
B2_BC14_consensus_vsearch	371	C	*/-AC	212	7	3.08%	2	1	93	93	0.00744137624879223	1	1	146	66	7	0	-AC
B2_BC14_consensus_vsearch	384	T	*/-C	202	23	10.13%	2	1	93	93	6.594329685793153E-8	1	1	137	65	23	0	-C
B2_BC14_consensus_vsearch	386	C	*/-A	199	18	7.93%	2	2	93	93	2.641658197446781E-6	1	1	148	51	7	11	-A
B2_BC14_consensus_vsearch	390	G	*/-A	207	7	3.11%	2	2	93	93	0.007432788253078562	1	1	150	57	5	2	-A
B2_BC14_consensus_vsearch	404	C	*/-GC	191	26	11.5%	2	2	93	93	6.7216213593145134E-9	1	1	142	49	13	13	-GC
B2_BC14_consensus_vsearch	406	C	*/-A	181	10	5.03%	2	2	93	93	8.654248463553992E-4	1	1	139	42	2	8	-A
B2_BC14_consensus_vsearch	411	T	*/-AC	213	11	4.85%	2	2	93	93	4.305938947768699E-4	1	1	149	64	10	1	-AC
B2_BC14_consensus_vsearch	412	A	*/-C	200	11	5.16%	2	2	93	93	4.27186182801716E-4	1	1	141	59	7	4	-C
B2_BC14_consensus_vsearch	413	C	*/+T	190	11	5.37%	2	1	93	93	4.2427833042722946E-4	1	1	143	47	0	11	+T
B2_BC14_consensus_vsearch	420	C	*/-GC	201	17	7.59%	2	2	93	93	5.516424489829313E-6	1	1	138	63	16	1	-GC
B2_BC14_consensus_vsearch	432	A	*/-G	210	11	4.89%	2	1	93	93	4.298416344617859E-4	1	1	144	66	11	0	-G
B2_BC14_consensus_vsearch	433	G	*/+A	205	8	3.72%	2	1	93	93	0.0036534383902297935	1	1	139	66	8	0	+A
B2_BC14_consensus_vsearch	474	A	*/+C	199	22	9.73%	2	1	93	93	1.3761269103930465E-7	1	1	134	65	22	0	+C
B2_BC14_consensus_vsearch	477	T	*/-A	199	19	8.52%	2	1	93	93	1.266174101535565E-6	1	1	140	59	19	0	-A
B2_BC14_consensus_vsearch	488	A	*/+G	40	72	32.43%	2	2	93	93	5.6696970357866855E-30	1	1	13	27	43	29	+G
B2_BC14_consensus_vsearch	488	A	*/+GA	40	90	40.54%	2	2	93	93	1.5017896267165097E-38	1	1	13	27	84	6	+GA
B2_BC14_consensus_vsearch	488	A	*/+GAA	40	8	3.6%	2	2	93	93	0.0028457473737034627	1	1	13	27	6	2	+GA
B2_BC14_consensus_vsearch	488	A	*/+GG	40	8	3.6%	2	1	93	93	0.0028457473737034627	1	1	13	27	8	0	+GA
B2_BC14_consensus_vsearch	518	T	*/-G	183	43	18.94%	2	1	93	93	1.2482746997294313E-14	1	1	160	23	0	43	-G
B2_BC14_consensus_vsearch	521	A	*/-G	203	13	5.78%	2	2	93	93	1.0135552209744578E-4	1	1	141	62	11	2	-G
B2_BC14_consensus_vsearch	531	T	*/-G	205	12	5.38%	2	2	93	93	2.0882828978061456E-4	1	1	154	51	1	11	-G
B2_BC14_consensus_vsearch	553	T	*/-C	212	8	3.52%	2	1	93	93	0.003661360523321731	1	1	148	64	8	0	-C
B2_BC14_consensus_vsearch	559	T	*/-C	209	7	3.12%	2	1	93	93	0.007436270701269745	1	1	148	61	7	0	-C
B2_BC14_consensus_vsearch	575	A	*/+G	178	26	11.71%	2	2	93	93	6.3670555946337175E-9	1	1	118	60	23	3	+G
B2_BC14_consensus_vsearch	575	A	*/-G	178	13	5.86%	2	1	93	93	9.88359399902161E-5	1	1	118	60	13	0	+G
B2_BC14_consensus_vsearch	576	G	*/+A	201	9	4.23%	2	1	93	93	0.0017895062981052791	1	1	136	65	9	0	+A
B2_BC14_consensus_vsearch	577	A	*/-G	190	28	12.56%	2	1	93	93	1.4756662984247696E-9	1	1	125	65	28	0	-G
B2_BC14_consensus_vsearch	580	T	*/+A	208	13	5.73%	2	1	93	93	1.0179544238135389E-4	1	1	145	63	13	0	+A
B2_BC14_consensus_vsearch	589	T	*/-A	199	17	7.52%	2	2	93	93	5.499221151421095E-6	1	1	152	47	2	15	-A
B2_BC14_consensus_vsearch	611	G	*/-AG	213	13	5.75%	2	1	93	93	1.0221711622714382E-4	1	1	148	65	13	0	-AG
B2_BC14_consensus_vsearch	612	A	*/-G	201	8	3.74%	2	1	93	93	0.003648677074969142	1	1	137	64	8	0	-G
B2_BC14_consensus_vsearch	623	C	*/-G	208	8	3.54%	2	1	93	93	0.0036568954742723925	1	1	155	53	0	8	-G
B2_BC14_consensus_vsearch	633	C	*/+G	206	7	3.08%	2	2	93	93	0.007431022745174962	1	1	156	50	4	3	+G
B2_BC14_consensus_vsearch	639	C	*/+T	204	14	6.17%	2	1	93	93	4.920666598282105E-5	1	1	144	60	14	0	+T
B2_BC14_consensus_vsearch	641	C	*/+A	169	12	5.61%	2	2	93	93	2.02230596700354E-4	1	1	117	52	10	2	+A
B2_BC14_consensus_vsearch	641	C	*/-A	169	25	11.68%	2	2	93	93	1.3048232128555176E-8	1	1	117	52	21	4	-A
B2_BC14_consensus_vsearch	643	A	*/-G	207	11	4.98%	2	2	93	93	4.2906952287648286E-4	1	1	146	61	7	4	-G
B2_BC14_consensus_vsearch	658	C	*/-G	204	7	3.11%	2	1	93	93	0.007427442022474603	1	1	149	55	7	0	-G
B2_BC14_consensus_vsearch	661	T	*/-GT	206	7	3.14%	2	1	93	93	0.007431022745174962	1	1	144	62	7	0	-GT
B2_BC14_consensus_vsearch	662	G	*/-T	178	13	6.07%	2	1	93	93	9.88359399902161E-5	1	1	116	62	13	0	-T
B2_BC14_consensus_vsearch	662	G	*/-TA	178	7	3.27%	2	2	93	93	0.007373926992228167	1	1	116	62	6	1	-T
B2_BC14_consensus_vsearch	664	A	*/-G	191	14	6.54%	2	1	93	93	4.85162064553485E-5	1	1	129	62	14	0	-G
B2_BC14_consensus_vsearch	665	G	*/-A	204	7	3.29%	2	1	93	93	0.007427442022474603	1	1	138	66	7	0	-A
B2_BC14_consensus_vsearch	666	A	*/-C	149	39	17.81%	2	2	93	93	2.014819470459131E-13	1	1	109	40	18	21	-C
B2_BC14_consensus_vsearch	666	A	*/-CC	149	7	3.2%	2	2	93	93	0.007293476159710952	1	1	109	40	4	3	-C
B2_BC14_consensus_vsearch	670	C	*/+T	196	11	4.87%	2	1	93	93	4.260552860545617E-4	1	1	155	41	0	11	+T
B2_BC14_consensus_vsearch	676	C	*/-GC	214	10	4.42%	2	2	93	93	8.813089995913842E-4	1	1	151	63	8	2	-GC
B2_BC14_consensus_vsearch	681	G	*/+C	52	154	68.14%	2	2	93	93	3.0306095371779834E-68	1	1	9	43	135	19	+C
B2_BC14_consensus_vsearch	681	G	*/-C	52	13	5.75%	2	2	93	93	6.277292100568723E-5	1	1	9	43	12	1	+C
B2_BC14_consensus_vsearch	685	T	*/+C	203	8	3.59%	2	1	93	93	0.0036510799339400076	1	1	147	56	8	0	+C
B2_BC14_consensus_vsearch	686	C	*/+G	194	7	3.2%	2	2	93	93	0.007408480654387502	1	1	146	48	3	4	+G
B2_BC14_consensus_vsearch	686	C	*/-G	194	10	4.57%	2	2	93	93	8.722750499460999E-4	1	1	146	48	5	5	-G
B2_BC14_consensus_vsearch	690	G	*/-T	215	8	3.54%	2	1	93	93	0.0036646057936482192	1	1	149	66	8	0	-T
B2_BC14_consensus_vsearch	703	C	*/-TC	208	7	3.17%	2	1	93	93	0.007434537497224064	1	1	153	55	0	7	-TC
B2_BC14_consensus_vsearch	704	T	*/+C	195	12	5.61%	2	2	93	93	2.0721299272133376E-4	1	1	143	52	11	1	+C
B2_BC14_consensus_vsearch	705	C	*/+A	203	8	3.74%	2	1	93	93	0.0036510799339400076	1	1	147	56	8	0	+A
B2_BC14_consensus_vsearch	706	G	*/-A	214	8	3.57%	2	1	93	93	0.003663533633296164	1	1	148	66	8	0	-A
B2_BC14_consensus_vsearch	714	G	*/-A	215	10	4.42%	2	1	93	93	8.817198236951184E-4	1	1	149	66	10	0	-A
B2_BC14_consensus_vsearch	719	C	*/-GC	186	33	14.6%	2	2	93	93	3.161629544518734E-11	1	1	121	65	32	1	-GC
B2_BC14_consensus_vsearch	742	G	*/-C	210	10	4.42%	2	2	93	93	8.796295164637225E-4	1	1	146	64	9	1	-C
B2_BC14_consensus_vsearch	767	C	*/+A	202	12	5.36%	2	2	93	93	2.0835870377678545E-4	1	1	148	54	5	7	+A
B2_BC14_consensus_vsearch	778	C	*/-G	198	19	8.48%	2	2	93	93	1.2636778396454046E-6	1	1	154	44	3	16	-G
B2_BC14_consensus_vsearch	790	T	*/-G	215	10	4.41%	2	1	93	93	8.817198236951184E-4	1	1	159	56	0	10	-G
B2_BC14_consensus_vsearch	791	G	*/+A	207	8	3.69%	2	1	93	93	0.003655753662936563	1	1	152	55	8	0	+A
B2_BC14_consensus_vsearch	794	G	*/+A	213	7	3.11%	2	1	93	93	0.007443047448823043	1	1	151	62	7	0	+A
B2_BC14_consensus_vsearch	800	T	*/+G	201	14	6.22%	2	1	93	93	4.905414704302361E-5	1	1	139	62	14	0	+G
B2_BC14_consensus_vsearch	801	A	*/-G	200	17	7.62%	2	1	93	93	5.507857341679661E-6	1	1	141	59	17	0	-G
B2_BC14_consensus_vsearch	823	A	*/-G	167	35	15.77%	2	2	93	93	5.802223476019532E-12	1	1	125	42	21	14	-G
B2_BC14_consensus_vsearch	831	T	*/+C	188	7	3.11%	2	1	93	93	0.007396180372504935	1	1	148	40	7	0	+C
B2_BC14_consensus_vsearch	831	T	*/-C	188	20	8.89%	2	2	93	93	5.904806231127145E-7	1	1	148	40	2	18	-C
B2_BC14_consensus_vsearch	846	C	*/-T	213	11	4.87%	2	2	93	93	4.305938947768699E-4	1	1	159	54	1	10	-T
B2_BC14_consensus_vsearch	855	T	*/+A	210	8	3.54%	2	1	93	93	0.0036591481612605	1	1	146	64	8	0	+A
B2_BC14_consensus_vsearch	856	A	*/+G	72	119	52.89%	2	2	93	93	1.51396887882463E-48	1	1	56	16	88	31	+G
B2_BC14_consensus_vsearch	856	A	*/+GG	72	10	4.44%	2	2	93	93	7.296729170616423E-4	1	1	56	16	7	3	+G
B2_BC14_consensus_vsearch	856	A	*/-G	72	8	3.56%	2	2	93	93	0.0032507947309133797	1	1	56	16	4	4	+G
B2_BC14_consensus_vsearch	856	A	*/-GG	72	8	3.56%	2	1	93	93	0.0032507947309133797	1	1	56	16	0	8	+G
B2_BC14_consensus_vsearch	865	T	*/-C	209	13	5.83%	2	2	93	93	1.0188120004185222E-4	1	1	149	60	12	1	-C
B2_BC14_consensus_vsearch	872	A	*/-C	198	26	11.45%	2	2	93	93	6.901521790089107E-9	1	1	154	44	6	20	-C
B2_BC14_consensus_vsearch	877	C	*/-A	203	18	8%	2	1	93	93	2.660025487728775E-6	1	1	140	63	18	0	-A
B2_BC14_consensus_vsearch	907	C	*/+A	199	7	3.11%	2	2	93	93	0.007418189114685095	1	1	137	62	6	1	+A
B2_BC14_consensus_vsearch	907	C	*/-A	199	13	5.78%	2	1	93	93	1.0098964132434686E-4	1	1	137	62	13	0	-A
B2_BC14_consensus_vsearch	909	A	*/-G	173	41	18.14%	2	2	93	93	5.4584368704858075E-14	1	1	111	62	38	3	-G
B2_BC14_consensus_vsearch	909	A	*/-GG	173	9	3.98%	2	1	93	93	0.001765008337317725	1	1	111	62	9	0	-G
B2_BC14_consensus_vsearch	910	G	*/+A	167	8	4.52%	2	1	93	93	0.003599589021589525	1	1	104	63	8	0	+A
B2_BC14_consensus_vsearch	911	G	*/+A	194	9	4.13%	2	1	93	93	0.0017839997252666491	1	1	128	66	9	0	+A
B2_BC14_consensus_vsearch	915	C	*/+T	201	8	3.62%	2	1	93	93	0.003648677074969142	1	1	145	56	8	0	+T
B2_BC14_consensus_vsearch	927	A	*/+G	204	8	3.54%	2	1	93	93	0.0036522646351654408	1	1	147	57	0	8	+G
B2_BC14_consensus_vsearch	935	A	*/-G	208	13	5.8%	2	1	93	93	1.0179544238135389E-4	1	1	144	64	13	0	-G
B2_BC14_consensus_vsearch	939	T	*/+G	207	11	4.91%	2	2	93	93	4.2906952287648286E-4	1	1	146	61	9	2	+G
B2_BC14_consensus_vsearch	943	G	*/+A	128	65	28.63%	2	2	93	93	4.019357325335881E-23	1	1	89	39	42	23	+A
B2_BC14_consensus_vsearch	944	G	*/+AG	117	98	43.17%	2	2	93	93	1.5804323493654913E-36	1	1	89	28	60	38	+AG
B2_BC14_consensus_vsearch	944	G	*/-C	117	11	4.85%	2	1	93	93	3.9025162336062916E-4	1	1	89	28	11	0	+AG
B2_BC14_consensus_vsearch	945	C	*/-A	197	12	5.56%	2	2	93	93	2.0754774095569465E-4	1	1	134	63	11	1	-A
B2_BC14_consensus_vsearch	946	A	*/+GC	199	10	4.67%	2	1	93	93	8.746903119674215E-4	1	1	135	64	10	0	+GC
B2_BC14_consensus_vsearch	955	T	*/+G	213	7	3.08%	2	1	93	93	0.007443047448823043	1	1	150	63	7	0	+G
B2_BC14_consensus_vsearch	970	T	*/-C	201	20	8.85%	2	1	93	93	6.081727839654859E-7	1	1	137	64	20	0	-C
B2_BC14_consensus_vsearch	973	C	*/-A	213	12	5.31%	2	1	93	93	2.1002241192895544E-4	1	1	149	64	12	0	-A
B2_BC14_consensus_vsearch	984	G	*/-A	215	11	4.85%	2	2	93	93	4.3108474750487954E-4	1	1	150	65	10	1	-A
B2_BC14_consensus_vsearch	993	G	*/-CG	218	7	3.08%	2	1	93	93	0.007451182688346346	1	1	154	64	7	0	-CG
B2_BC14_consensus_vsearch	997	C	*/-T	215	10	4.41%	2	2	93	93	8.817198236951184E-4	1	1	155	60	4	6	-T
B2_BC14_consensus_vsearch	1005	G	*/-CG	207	10	4.46%	2	2	93	93	8.783305527122537E-4	1	1	147	60	7	3	-CG
B2_BC14_consensus_vsearch	1009	A	*/-G	168	50	22.52%	2	2	93	93	3.70025722198237E-17	1	1	113	55	42	8	-G
B2_BC14_consensus_vsearch	1018	T	*/-G	210	8	3.54%	2	1	93	93	0.0036591481612605	1	1	145	65	8	0	-G
B2_BC14_consensus_vsearch	1022	C	*/-G	161	44	19.82%	2	2	93	93	4.276086144502725E-15	1	1	111	50	34	10	-G
B2_BC14_consensus_vsearch	1033	A	*/-GA	206	9	4.07%	2	1	93	93	0.001793225137980622	1	1	145	61	9	0	-GA
B2_BC14_consensus_vsearch	1039	T	*/+C	211	8	3.52%	2	1	93	93	0.0036602593149509337	1	1	155	56	0	8	+C
B2_BC14_consensus_vsearch	1040	A	*/-G	198	13	5.83%	2	1	93	93	1.0089614904466718E-4	1	1	143	55	13	0	-G
B2_BC14_consensus_vsearch	1055	T	*/+G	149	24	10.76%	2	2	93	93	2.5309073989952782E-8	1	1	116	33	6	18	+G
B2_BC14_consensus_vsearch	1055	T	*/-G	149	40	17.94%	2	2	93	93	9.031949350331779E-14	1	1	116	33	28	12	-G
B2_BC14_consensus_vsearch	1055	T	*/-GG	149	8	3.59%	2	2	93	93	0.0035651816371754363	1	1	116	33	5	3	-G
B2_BC14_consensus_vsearch	1060	G	*/+A	204	11	4.85%	2	1	93	93	4.2827676494109035E-4	1	1	139	65	11	0	+A
B2_BC14_consensus_vsearch	1077	T	*/+G	210	7	3.1%	2	2	93	93	0.007437988084800957	1	1	146	64	6	1	+G
B2_BC14_consensus_vsearch	1100	A	*/+G	210	9	3.96%	2	2	93	93	0.0017960807336148846	1	1	148	62	8	1	+G
B2_BC14_consensus_vsearch	1101	G	*/+A	207	8	3.62%	2	1	93	93	0.003655753662936563	1	1	144	63	8	0	+A
B2_BC14_consensus_vsearch	1102	G	*/+A	216	7	3.08%	2	1	93	93	0.007447971960236055	1	1	150	66	7	0	+A
B2_BC14_consensus_vsearch	1115	G	*/-TG	204	17	7.56%	2	1	93	93	5.541719766097385E-6	1	1	159	45	0	17	-TG
B2_BC14_consensus_vsearch	1128	C	*/-TT	152	56	25.11%	2	1	93	93	1.9040876145603752E-19	1	1	89	63	56	0	-TT
B2_BC14_consensus_vsearch	1132	A	*/-T	194	24	10.76%	2	1	93	93	3.0516921928395854E-8	1	1	130	64	24	0	-T
B2_BC14_consensus_vsearch	1145	C	*/-G	123	85	38.29%	2	2	93	93	4.824295568405195E-31	1	1	85	38	61	24	-G
B2_BC14_consensus_vsearch	1156	A	*/+C	205	11	4.95%	2	2	93	93	4.285433624407098E-4	1	1	140	65	10	1	+C
B2_BC14_consensus_vsearch	1175	A	*/-G	204	13	5.83%	2	2	93	93	1.0144502228683225E-4	1	1	154	50	1	12	-G
B2_BC14_consensus_vsearch	1177	G	*/-A	220	7	3.08%	2	1	93	93	0.007454337359329176	1	1	154	66	7	0	-A
B2_BC14_consensus_vsearch	1188	C	*/+A	202	14	6.17%	2	2	93	93	4.9105420013800674E-5	1	1	137	65	13	1	+A
B2_BC14_consensus_vsearch	1188	C	*/-A	202	10	4.41%	2	1	93	93	8.760865562530377E-4	1	1	137	65	10	0	+A
B2_BC14_consensus_vsearch	1196	C	*/-T	215	10	4.41%	2	2	93	93	8.817198236951184E-4	1	1	159	56	1	9	-T
B2_BC14_consensus_vsearch	1206	C	*/-TC	201	24	10.57%	2	1	93	93	3.1195657998345904E-8	1	1	136	65	24	0	-TC
B2_BC14_consensus_vsearch	1210	T	*/-G	211	7	3.14%	2	2	93	93	0.007439689863414905	1	1	151	60	6	1	-G
B2_BC14_consensus_vsearch	1226	G	*/-C	209	8	3.57%	2	1	93	93	0.003658026926953576	1	1	146	63	8	0	-C
B2_BC14_consensus_vsearch	1271	C	*/+A	218	7	3.11%	2	1	93	93	0.007451182688346346	1	1	153	65	7	0	+A
B2_BC14_consensus_vsearch	1272	G	*/-A	213	8	3.52%	2	1	93	93	0.0036624519192641563	1	1	148	65	8	0	-A
B2_BC14_consensus_vsearch	1275	C	*/+A	205	12	5.31%	2	1	93	93	2.0882828978061456E-4	1	1	140	65	12	0	+A
B2_BC14_consensus_vsearch	1287	C	*/-G	205	13	5.73%	2	2	93	93	1.0153375468649412E-4	1	1	153	52	1	12	-G
B2_BC14_consensus_vsearch	1301	G	*/+T	206	7	3.08%	2	1	93	93	0.007431022745174962	1	1	141	65	7	0	+T
B2_BC14_consensus_vsearch	1301	G	*/-T	206	9	3.96%	2	1	93	93	0.001793225137980622	1	1	141	65	9	0	-T
B2_BC14_consensus_vsearch	1304	T	*/-C	146	50	22.03%	2	2	93	93	2.4532111494176446E-17	1	1	129	17	22	28	-C
B2_BC14_consensus_vsearch	1304	T	*/-CC	146	23	10.13%	2	2	93	93	5.342614256182575E-8	1	1	129	17	8	15	-C
B2_BC14_consensus_vsearch	1319	C	*/-TC	213	8	3.62%	2	1	93	93	0.0036624519192641563	1	1	161	52	0	8	-TC
B2_BC14_consensus_vsearch	1321	C	*/-A	198	13	5.94%	2	2	93	93	1.0089614904466718E-4	1	1	144	54	12	1	-A
B2_BC14_consensus_vsearch	1323	A	*/-G	201	13	5.78%	2	2	93	93	1.0117417827629507E-4	1	1	149	52	11	2	-G
B2_BC14_consensus_vsearch	1331	A	*/-G	199	18	8.07%	2	2	93	93	2.641658197446781E-6	1	1	138	61	16	2	-G
B2_BC14_consensus_vsearch	1338	C	*/-G	202	12	5.38%	2	2	93	93	2.0835870377678545E-4	1	1	152	50	4	8	-G
B2_BC14_consensus_vsearch	1352	T	*/-C	199	24	10.57%	2	2	93	93	3.10048265343585E-8	1	1	141	58	16	8	-C
B2_BC14_consensus_vsearch	1354	C	*/-G	204	9	3.96%	2	1	93	93	0.0017917580621936403	1	1	160	44	0	9	-G
B2_BC14_consensus_vsearch	1354	C	*/-GG	204	9	3.96%	2	1	93	93	0.0017917580621936403	1	1	160	44	0	9	-G
B2_BC14_consensus_vsearch	1369	C	*/+G	212	8	3.54%	2	1	93	93	0.003661360523321731	1	1	148	64	8	0	+G
B2_BC14_consensus_vsearch	1370	A	*/-T	213	8	3.57%	2	1	93	93	0.0036624519192641563	1	1	148	65	8	0	-T
B2_BC14_consensus_vsearch	1378	G	*/+A	210	7	3.1%	2	1	93	93	0.007437988084800957	1	1	149	61	7	0	+A
B2_BC14_consensus_vsearch	1387	C	*/-T	207	8	3.6%	2	2	93	93	0.003655753662936563	1	1	147	60	5	3	-T
B2_BC14_consensus_vsearch	1392	C	*/-A	208	13	5.83%	2	2	93	93	1.0179544238135389E-4	1	1	153	55	4	9	-A
B2_BC14_consensus_vsearch	1410	G	*/-C	205	13	5.83%	2	2	93	93	1.0153375468649412E-4	1	1	142	63	11	2	-C
B2_BC14_consensus_vsearch	1421	T	*/+C	206	7	3.1%	2	1	93	93	0.007431022745174962	1	1	140	66	7	0	+C
B2_BC14_consensus_vsearch	1421	T	*/-C	206	11	4.87%	2	1	93	93	4.288076047440095E-4	1	1	140	66	11	0	-C
B2_BC14_consensus_vsearch	1435	C	*/-GC	201	8	3.62%	2	2	93	93	0.003648677074969142	1	1	143	58	7	1	-GC
B2_BC14_consensus_vsearch	1438	G	*/+CT	0	101	46.12%	0	2	0	93	2.774686940462387E-60	0	1	0	0	74	27	+CT
B2_BC14_consensus_vsearch	1438	G	*/-A	0	10	4.57%	0	2	0	93	5.412544112234578E-6	0	1	0	0	7	3	+CT
B2_BC14_consensus_vsearch	1464	C	*/-ACC	215	7	3.1%	2	1	93	93	0.007446345105805389	1	1	150	65	7	0	-ACC
B2_BC14_consensus_vsearch	1470	T	*/-CC	213	8	3.54%	2	1	93	93	0.0036624519192641563	1	1	148	65	8	0	-CC
B2_BC14_consensus_vsearch	1476	G	*/+A	200	7	3.17%	2	1	93	93	0.007420075094973923	1	1	135	65	7	0	+A
B2_BC14_consensus_vsearch	1476	G	*/-AG	200	9	4.07%	2	2	93	93	0.0017887416879729845	1	1	135	65	8	1	-AG
B2_BC14_consensus_vsearch	1477	A	*/+G	184	11	5.19%	2	2	93	93	4.223970856632319E-4	1	1	123	61	9	2	+G
B2_BC14_consensus_vsearch	1477	A	*/-G	184	13	6.13%	2	2	93	93	9.949475485699823E-5	1	1	123	61	12	1	-G
B2_BC14_consensus_vsearch	1481	C	*/+G	195	7	3.11%	2	2	93	93	0.007410460397262536	1	1	139	56	6	1	+G
B2_BC14_consensus_vsearch	1481	C	*/-G	195	18	8%	2	2	93	93	2.622705226031456E-6	1	1	139	56	11	7	-G
B2_BC14_consensus_vsearch	1491	C	*/-A	216	9	3.98%	2	1	93	93	0.0018001779733764346	1	1	150	66	9	0	-A
B2_BC14_consensus_vsearch	1506	G	*/-TG	216	7	3.08%	2	1	93	93	0.007447971960236055	1	1	161	55	0	7	-TG
B2_BC14_consensus_vsearch	1510	T	*/-G	209	7	3.15%	2	2	93	93	0.007436270701269745	1	1	150	59	6	1	-G
B2_BC14_consensus_vsearch	1513	G	*/-A	189	7	3.08%	2	1	93	93	0.007398282157210082	1	1	125	64	7	0	-A
B2_BC14_consensus_vsearch	1513	G	*/-AA	189	19	8.37%	2	1	93	93	1.240321732146791E-6	1	1	125	64	19	0	-AA
B2_BC14_consensus_vsearch	1524	T	*/-G	206	14	6.19%	2	1	93	93	4.930621480362649E-5	1	1	158	48	0	14	-G
B2_BC14_consensus_vsearch	1533	G	*/+C	208	10	4.42%	2	1	93	93	8.787673881990181E-4	1	1	152	56	0	10	+C
B2_BC14_consensus_vsearch	1539	G	*/-A	214	7	3.08%	2	1	93	93	0.007444703667648697	1	1	151	63	7	0	-A
B2_BC14_consensus_vsearch	1542	C	*/-A	213	9	3.96%	2	1	93	93	0.0017981564163397133	1	1	148	65	9	0	-A
B2_BC14_consensus_vsearch	1543	A	*/+C	198	11	5.09%	2	1	93	93	4.2662591196418204E-4	1	1	133	65	11	0	+C
B2_BC14_consensus_vsearch	1544	C	*/-G	197	9	4.05%	2	2	93	93	0.0017864043973660122	1	1	135	62	8	1	-G
B2_BC14_consensus_vsearch	1547	A	*/+G	210	7	3.18%	2	1	93	93	0.007437988084800957	1	1	146	64	7	0	+G
B2_BC14_consensus_vsearch	1575	C	*/-AC	208	19	8.37%	2	1	93	93	1.287811711287195E-6	1	1	142	66	19	0	-AC
B2_BC14_consensus_vsearch	1586	C	*/+A	195	11	5%	2	1	93	93	4.2576599996950053E-4	1	1	132	63	11	0	+A
B2_BC14_consensus_vsearch	1587	G	*/+A	177	13	5.88%	2	1	93	93	9.872239569714929E-5	1	1	114	63	13	0	+A
B2_BC14_consensus_vsearch	1588	T	*/-C	154	63	28.12%	2	1	93	93	5.509429426340979E-22	1	1	92	62	63	0	-C
B2_BC14_consensus_vsearch	1590	C	*/+T	216	7	3.08%	2	1	93	93	0.007447971960236055	1	1	157	59	0	7	+T
B2_BC14_consensus_vsearch	1593	G	*/-C	201	11	4.87%	2	2	93	93	4.274625226161483E-4	1	1	149	52	6	5	-C
B2_BC14_consensus_vsearch	1594	C	*/+T	191	8	3.76%	2	1	93	93	0.0036359507017874977	1	1	151	40	0	8	+T
B2_BC14_consensus_vsearch	1596	C	*/-T	191	23	10.13%	2	2	93	93	6.385661366550778E-8	1	1	154	37	3	20	-T
B2_BC14_consensus_vsearch	1605	C	*/-AC	201	25	11.06%	2	2	93	93	1.4767789318515506E-8	1	1	142	59	18	7	-AC
B2_BC14_consensus_vsearch	1607	C	*/+AC	193	8	3.96%	2	1	93	93	0.003638595561901328	1	1	134	59	8	0	+AC
B2_BC14_consensus_vsearch	1609	G	*/-C	209	7	3.11%	2	1	93	93	0.007436270701269745	1	1	144	65	7	0	-C
B2_BC14_consensus_vsearch	1642	A	*/+G	184	8	3.57%	2	1	93	93	0.0036262674855563662	1	1	121	63	8	0	+G
B2_BC14_consensus_vsearch	1642	A	*/-GA	184	25	11.16%	2	1	93	93	1.3897453353738997E-8	1	1	121	63	25	0	-GA
B2_BC14_consensus_vsearch	1643	G	*/+A	185	8	4%	2	2	93	93	0.003627693045256358	1	1	122	63	7	1	+A
B2_BC14_consensus_vsearch	1651	G	*/-A	219	7	3.08%	2	2	93	93	0.007452766938834958	1	1	155	64	5	2	-A
B2_BC14_consensus_vsearch	1658	G	*/+C	201	11	4.89%	2	1	93	93	4.274625226161483E-4	1	1	144	57	11	0	+C
B2_BC14_consensus_vsearch	1659	C	*/+A	102	29	13.3%	2	1	93	93	3.2592299876068675E-10	1	1	89	13	29	0	+A
B2_BC14_consensus_vsearch	1659	C	*/+G	102	51	23.39%	2	2	93	93	2.9236224790333758E-18	1	1	89	13	22	29	+G
B2_BC14_consensus_vsearch	1659	C	*/+GG	102	9	4.13%	2	2	93	93	0.0016499894514322819	1	1	89	13	1	8	+G
B2_BC14_consensus_vsearch	1659	C	*/-G	102	14	6.42%	2	2	93	93	4.023395267027422E-5	1	1	89	13	12	2	-G
B2_BC14_consensus_vsearch	1663	G	*/+A	209	11	4.85%	2	1	93	93	4.2958650804029443E-4	1	1	144	65	11	0	+A
B2_BC14_consensus_vsearch	1670	T	*/-GT	206	9	4.02%	2	1	93	93	0.001793225137980622	1	1	146	60	9	0	-GT
B2_BC14_consensus_vsearch	1672	T	*/+C	190	10	4.63%	2	2	93	93	8.702588772443723E-4	1	1	130	60	9	1	+C
B2_BC14_consensus_vsearch	1672	T	*/-C	190	13	6.02%	2	2	93	93	1.0011736432355593E-4	1	1	130	60	12	1	-C
B2_BC14_consensus_vsearch	1677	C	*/-TT	201	8	3.54%	2	1	93	93	0.003648677074969142	1	1	149	52	8	0	-TT
B2_BC14_consensus_vsearch	1680	G	*/+CC	206	9	3.98%	2	1	93	93	0.001793225137980622	1	1	141	65	9	0	+CC
B2_BC14_consensus_vsearch	1685	C	*/+A	215	7	3.1%	2	2	93	93	0.007446345105805389	1	1	151	64	6	1	+A
B2_BC14_consensus_vsearch	1693	C	*/-T	216	7	3.1%	2	2	93	93	0.007447971960236055	1	1	156	60	3	4	-T
B2_BC14_consensus_vsearch	1710	T	*/+A	217	8	3.52%	2	1	93	93	0.0036667219549938834	1	1	151	66	8	0	+A
B2_BC14_consensus_vsearch	1713	A	*/-G	205	8	3.56%	2	1	93	93	0.0036534383902297935	1	1	142	63	8	0	-G
B2_BC14_consensus_vsearch	1728	T	*/+A	215	7	3.1%	2	1	93	93	0.007446345105805389	1	1	159	56	0	7	+A
B2_BC14_consensus_vsearch	1731	C	*/+A	204	11	4.85%	2	1	93	93	4.2827676494109035E-4	1	1	147	57	11	0	+A
B2_BC14_consensus_vsearch	1738	T	*/-C	210	9	3.98%	2	2	93	93	0.0017960807336148846	1	1	153	57	2	7	-C
B2_BC14_consensus_vsearch	1769	T	*/-A	201	19	8.41%	2	2	93	93	1.2711099418435063E-6	1	1	138	63	18	1	-A
B2_BC14_consensus_vsearch	1773	G	*/-A	170	9	4.07%	2	2	93	93	0.001761941721127389	1	1	106	64	7	2	-A
B2_BC14_consensus_vsearch	1773	G	*/-AG	170	37	16.74%	2	1	93	93	1.2430666709081865E-12	1	1	106	64	37	0	-AG
B2_BC14_consensus_vsearch	1774	A	*/-G	171	7	3.91%	2	2	93	93	0.007356879467164792	1	1	109	62	5	2	-G
B2_BC14_consensus_vsearch	1783	G	*/-C	215	9	3.98%	2	1	93	93	0.0017995100038167202	1	1	149	66	9	0	-C
B2_BC14_consensus_vsearch	1796	T	*/-C	156	71	31.28%	2	1	93	93	6.26137590970919E-25	1	1	90	66	71	0	-C
B2_BC14_consensus_vsearch	1813	C	*/-AC	179	41	18.3%	2	1	93	93	5.81862900068728E-14	1	1	117	62	41	0	-AC
B2_BC14_consensus_vsearch	1839	C	*/-G	189	23	10.45%	2	1	93	93	6.346030588413567E-8	1	1	154	35	0	23	-G
B2_BC14_consensus_vsearch	1845	C	*/-AC	195	27	11.95%	2	2	93	93	3.212371282433204E-9	1	1	134	61	24	3	-AC
B2_BC14_consensus_vsearch	1856	C	*/+A	213	7	3.08%	2	1	93	93	0.007443047448823043	1	1	147	66	7	0	+A
B2_BC14_consensus_vsearch	1858	C	*/+A	164	24	10.96%	2	1	93	93	2.7226087395701993E-8	1	1	103	61	24	0	+A
B2_BC14_consensus_vsearch	1859	G	*/+A	73	115	53%	2	2	93	93	1.31078834392639E-46	1	1	62	11	70	45	+A
B2_BC14_consensus_vsearch	1859	G	*/+AA	73	11	5.07%	2	2	93	93	3.442713710965224E-4	1	1	62	11	9	2	+A
B2_BC14_consensus_vsearch	1864	G	*/-C	207	9	4.04%	2	2	93	93	0.001793948723227531	1	1	144	63	8	1	-C
B2_BC14_consensus_vsearch	1874	C	*/+A	217	7	3.1%	2	1	93	93	0.007449584424390529	1	1	152	65	7	0	+A
B2_BC14_consensus_vsearch	1875	G	*/-A	217	7	3.1%	2	1	93	93	0.007449584424390529	1	1	152	65	7	0	-A
B2_BC14_consensus_vsearch	1886	G	*/-A	180	28	12.67%	2	1	93	93	1.4068589834878034E-9	1	1	119	61	28	0	-A
B2_BC14_consensus_vsearch	1893	C	*/-T	202	14	6.19%	2	2	93	93	4.9105420013800674E-5	1	1	154	48	1	13	-T
B2_BC14_consensus_vsearch	1911	T	*/-G	213	11	4.85%	2	2	93	93	4.305938947768699E-4	1	1	157	56	1	10	-G
B2_BC14_consensus_vsearch	1915	T	*/-C	160	56	24.89%	2	2	93	93	2.287899060633389E-19	1	1	101	59	53	3	-C
B2_BC14_consensus_vsearch	1972	C	*/-G	208	7	3.1%	2	1	93	93	0.007434537497224064	1	1	145	63	7	0	-G
B2_BC14_consensus_vsearch	1980	T	*/-A	213	8	3.57%	2	2	93	93	0.0036624519192641563	1	1	156	57	1	7	-A
B2_BC14_consensus_vsearch	1989	T	*/-A	218	8	3.52%	2	2	93	93	0.003667766201363899	1	1	156	62	4	4	-A
B2_BC14_consensus_vsearch	2001	C	*/+A	189	7	3.11%	2	1	93	93	0.007398282157210082	1	1	126	63	7	0	+A
B2_BC14_consensus_vsearch	2001	C	*/-G	189	29	12.89%	2	2	93	93	6.871975409334308E-10	1	1	126	63	28	1	-G
B2_BC14_consensus_vsearch	2002	G	*/-A	180	12	6.06%	2	1	93	93	2.0449333836859826E-4	1	1	115	65	12	0	-A
B2_BC14_consensus_vsearch	2009	T	*/+A	207	9	3.98%	2	1	93	93	0.001793948723227531	1	1	144	63	9	0	+A
B2_BC14_consensus_vsearch	2010	G	*/-A	213	13	5.75%	2	1	93	93	1.0221711622714382E-4	1	1	147	66	13	0	-A
B2_BC14_consensus_vsearch	2013	C	*/-GC	209	9	4%	2	1	93	93	0.0017953764342624938	1	1	149	60	9	0	-GC
B2_BC14_consensus_vsearch	2020	C	*/-AC	211	10	4.44%	2	1	93	93	8.800549103686053E-4	1	1	146	65	10	0	-AC
B2_BC14_consensus_vsearch	2023	C	*/+G	200	7	3.17%	2	2	93	93	0.007420075094973923	1	1	142	58	5	2	+G
B2_BC14_consensus_vsearch	2024	G	*/+A	211	7	3.14%	2	1	93	93	0.007439689863414905	1	1	147	64	7	0	+A
B2_BC14_consensus_vsearch	2029	C	*/-T	215	8	3.57%	2	2	93	93	0.0036646057936482192	1	1	156	59	2	6	-T
B2_BC14_consensus_vsearch	2030	T	*/-AC	199	8	3.69%	2	1	93	93	0.0036462285478980633	1	1	146	53	8	0	-AC
B2_BC14_consensus_vsearch	2031	A	*/-C	190	9	4.19%	2	2	93	93	0.0017806835488244307	1	1	135	55	5	4	-C
B2_BC14_consensus_vsearch	2035	G	*/-A	212	12	5.33%	2	1	93	93	2.0987757342671282E-4	1	1	146	66	12	0	-A
B2_BC14_consensus_vsearch	2047	T	*/-C	212	7	3.08%	2	1	93	93	0.00744137624879223	1	1	147	65	7	0	-C
B2_BC14_consensus_vsearch	2050	C	*/+G	164	50	22.03%	2	1	93	93	3.458535363387373E-17	1	1	99	65	50	0	+G
B2_BC14_consensus_vsearch	2051	A	*/-T	163	58	26.01%	2	1	93	93	4.636294131282206E-20	1	1	97	66	58	0	-T
B2_BC14_consensus_vsearch	2075	G	*/-AG	208	8	3.54%	2	2	93	93	0.0036568954742723925	1	1	145	63	5	3	-AG
B2_BC14_consensus_vsearch	2076	A	*/-G	189	19	8.92%	2	1	93	93	1.240321732146791E-6	1	1	126	63	19	0	-G
B2_BC14_consensus_vsearch	2085	C	*/-T	204	8	3.52%	2	2	93	93	0.0036522646351654408	1	1	158	46	1	7	-T
B2_BC14_consensus_vsearch	2085	C	*/-TT	204	9	3.96%	2	2	93	93	0.0017917580621936403	1	1	158	46	1	8	-TT
B2_BC14_consensus_vsearch	2096	A	*/-C	173	39	17.33%	2	2	93	93	2.6524476337735435E-13	1	1	136	37	14	25	-C
B2_BC14_consensus_vsearch	2096	A	*/-CC	173	9	4%	2	2	93	93	0.001765008337317725	1	1	136	37	6	3	-C
B2_BC14_consensus_vsearch	2097	C	*/+T	161	13	7.3%	2	1	93	93	9.67427286895422E-5	1	1	139	22	0	13	+T
B2_BC14_consensus_vsearch	2099	C	*/-G	192	20	8.81%	2	2	93	93	5.961100290609897E-7	1	1	160	32	1	19	-G
B2_BC14_consensus_vsearch	2104	T	*/+C	156	56	24.78%	2	2	93	93	2.09140224570663E-19	1	1	100	56	55	1	+C
B2_BC14_consensus_vsearch	2104	T	*/-C	156	8	3.54%	2	1	93	93	0.0035794408926960136	1	1	100	56	0	8	+C
B2_BC14_consensus_vsearch	2105	C	*/-G	188	22	10.09%	2	2	93	93	1.3349627887501208E-7	1	1	143	45	10	12	-G
B2_BC14_consensus_vsearch	2107	G	*/-A	198	25	11.06%	2	1	93	93	1.46207594320913E-8	1	1	134	64	25	0	-A
B2_BC14_consensus_vsearch	2118	G	*/+C	199	7	3.14%	2	2	93	93	0.007418189114685095	1	1	144	55	4	3	+C
B2_BC14_consensus_vsearch	2118	G	*/-C	199	12	5.38%	2	2	93	93	2.078764879814198E-4	1	1	144	55	9	3	-C
B2_BC14_consensus_vsearch	2121	C	*/-T	212	8	3.54%	2	2	93	93	0.003661360523321731	1	1	151	61	5	3	-T
B2_BC14_consensus_vsearch	2123	T	*/-GC	214	9	4.02%	2	1	93	93	0.0017988361772468277	1	1	148	66	9	0	-GC
B2_BC14_consensus_vsearch	2136	C	*/-TC	209	9	4.11%	2	2	93	93	0.0017953764342624938	1	1	154	55	6	3	-TC
B2_BC14_consensus_vsearch	2144	G	*/-A	207	8	3.52%	2	1	93	93	0.003655753662936563	1	1	142	65	8	0	-A
B2_BC14_consensus_vsearch	2144	G	*/-AT	207	10	4.41%	2	1	93	93	8.783305527122537E-4	1	1	142	65	10	0	-AT
B2_BC14_consensus_vsearch	2196	G	*/-A	204	20	8.85%	2	1	93	93	6.120185088270156E-7	1	1	138	66	20	0	-A
B2_BC14_consensus_vsearch	2200	G	*/-C	201	22	9.78%	2	2	93	93	1.3832780220374826E-7	1	1	139	62	21	1	-C
B2_BC14_consensus_vsearch	2244	T	*/-C	194	27	11.95%	2	1	93	93	3.1993715785060778E-9	1	1	129	65	27	0	-C
B2_BC14_consensus_vsearch	2256	T	*/-A	185	35	15.42%	2	2	93	93	6.697757349437806E-12	1	1	120	65	34	1	-A
B2_BC14_consensus_vsearch	2262	A	*/-GA	209	9	3.96%	2	1	93	93	0.0017953764342624938	1	1	143	66	9	0	-GA
B2_BC14_consensus_vsearch	2296	A	*/+G	207	7	3.12%	2	1	93	93	0.007432788253078562	1	1	154	53	0	7	+G
B2_BC14_consensus_vsearch	2320	A	*/-G	201	20	8.81%	2	2	93	93	6.081727839654859E-7	1	1	137	64	19	1	-G
B2_BC14_consensus_vsearch	2322	G	*/+A	181	18	7.96%	2	1	93	93	2.5513375306020147E-6	1	1	116	65	18	0	+A
B2_BC14_consensus_vsearch	2322	G	*/-A	181	20	8.85%	2	1	93	93	5.802016995088745E-7	1	1	116	65	20	0	-A
B2_BC14_consensus_vsearch	2326	A	*/+G	215	7	3.08%	2	1	93	93	0.007446345105805389	1	1	150	65	7	0	+G
B2_BC14_consensus_vsearch	2327	G	*/-A	209	8	3.59%	2	2	93	93	0.003658026926953576	1	1	150	59	5	3	-A
B2_BC14_consensus_vsearch	2337	A	*/-G	208	10	4.55%	2	2	93	93	8.787673881990181E-4	1	1	152	56	2	8	-G
B2_BC14_consensus_vsearch	2339	G	*/-A	215	11	4.85%	2	1	93	93	4.3108474750487954E-4	1	1	149	66	11	0	-A
B2_BC14_consensus_vsearch	2342	T	*/-C	202	21	9.25%	2	2	93	93	2.9103621750809095E-7	1	1	150	52	9	12	-C
B2_BC14_consensus_vsearch	2356	C	*/-G	196	14	6.19%	2	1	93	93	4.879105604804982E-5	1	1	137	59	14	0	-G
B2_BC14_consensus_vsearch	2361	G	*/-A	213	7	3.12%	2	1	93	93	0.007443047448823043	1	1	151	62	7	0	-A
B2_BC14_consensus_vsearch	2365	C	*/-G	194	10	4.57%	2	2	93	93	8.722750499460999E-4	1	1	153	41	2	8	-G
B2_BC14_consensus_vsearch	2370	T	*/+A	209	16	7.05%	2	1	93	93	1.1575814598307718E-5	1	1	143	66	16	0	+A
B2_BC14_consensus_vsearch	2371	G	*/-A	209	14	6.19%	2	1	93	93	4.9452447660699634E-5	1	1	144	65	14	0	-A
B2_BC14_consensus_vsearch	2382	G	*/-TG	181	40	17.94%	2	2	93	93	1.3056639678068584E-13	1	1	125	56	31	9	-TG
B2_BC14_consensus_vsearch	2392	C	*/+G	197	8	3.56%	2	2	93	93	0.003643733038795537	1	1	144	53	5	3	+G
B2_BC14_consensus_vsearch	2392	C	*/-G	197	15	6.67%	2	2	93	93	2.361399232959602E-5	1	1	144	53	9	6	-G
B2_BC14_consensus_vsearch	2401	A	*/-T	213	8	3.59%	2	1	93	93	0.0036624519192641563	1	1	147	66	8	0	-T
B2_BC14_consensus_vsearch	2404	T	*/-C	181	37	16.37%	2	2	93	93	1.3704889421474068E-12	1	1	142	39	16	21	-C
B2_BC14_consensus_vsearch	2407	C	*/-T	216	10	4.41%	2	1	93	93	8.821271222096345E-4	1	1	161	55	0	10	-T
B2_BC14_consensus_vsearch	2410	T	*/-C	194	29	12.83%	2	1	93	93	7.038341573869359E-10	1	1	130	64	29	0	-C
B2_BC14_consensus_vsearch	2412	C	*/+G	205	7	3.1%	2	2	93	93	0.0074292407456773525	1	1	149	56	1	6	+G
B2_BC14_consensus_vsearch	2412	C	*/-G	205	7	3.1%	2	1	93	93	0.0074292407456773525	1	1	149	56	7	0	+G
B2_BC14_consensus_vsearch	2442	A	*/-CA	196	26	11.5%	2	2	93	93	6.850873449275763E-9	1	1	132	64	25	1	-CA
B2_BC14_consensus_vsearch	2450	T	*/+C	128	30	13.51%	2	1	93	93	2.0348497799586234E-10	1	1	75	53	30	0	+C
B2_BC14_consensus_vsearch	2450	T	*/-C	128	51	22.97%	2	1	93	93	6.895402222586646E-18	1	1	75	53	51	0	-C
B2_BC14_consensus_vsearch	2450	T	*/-CC	128	8	3.6%	2	1	93	93	0.0035138207298285665	1	1	75	53	0	8	-C
B2_BC14_consensus_vsearch	2459	C	*/-G	211	7	3.08%	2	2	93	93	0.007439689863414905	1	1	149	62	5	2	-G
B2_BC14_consensus_vsearch	2461	G	*/-A	212	8	3.6%	2	1	93	93	0.003661360523321731	1	1	146	66	8	0	-A
B2_BC14_consensus_vsearch	2463	A	*/-G	215	8	3.56%	2	1	93	93	0.0036646057936482192	1	1	151	64	8	0	-G
B2_BC14_consensus_vsearch	2465	T	*/-C	200	22	9.73%	2	1	93	93	1.3797147807810935E-7	1	1	136	64	22	0	-C
B2_BC14_consensus_vsearch	2487	G	*/-A	217	8	3.52%	2	1	93	93	0.0036667219549938834	1	1	152	65	8	0	-A
B2_BC14_consensus_vsearch	2496	A	*/-G	211	10	4.48%	2	1	93	93	8.800549103686053E-4	1	1	148	63	10	0	-G
B2_BC14_consensus_vsearch	2498	T	*/-C	217	7	3.08%	2	1	93	93	0.007449584424390529	1	1	152	65	7	0	-C
B2_BC14_consensus_vsearch	2503	T	*/-C	200	21	9.25%	2	1	93	93	2.896747146375421E-7	1	1	136	64	21	0	-C
B2_BC14_consensus_vsearch	2506	C	*/-T	217	8	3.52%	2	2	93	93	0.0036667219549938834	1	1	155	62	4	4	-T
B2_BC14_consensus_vsearch	2524	T	*/-GCGT	215	8	3.59%	2	1	93	93	0.0036646057936482192	1	1	160	55	0	8	-GCGT
B2_BC14_consensus_vsearch	2539	C	*/-T	201	22	9.69%	2	1	93	93	1.3832780220374826E-7	1	1	158	43	0	22	-T
B2_BC14_consensus_vsearch	2544	C	*/-G	198	9	4%	2	1	93	93	0.0017871908399793336	1	1	145	53	9	0	-G
B2_BC14_consensus_vsearch	2555	G	*/+T	182	24	10.62%	2	2	93	93	2.9279168899863584E-8	1	1	121	61	23	1	+T
B2_BC14_consensus_vsearch	2555	G	*/-T	182	14	6.19%	2	2	93	93	4.7989238973389496E-5	1	1	121	61	12	2	+T
B2_BC14_consensus_vsearch	2575	T	*/+G	170	9	3.98%	2	2	93	93	0.001761941721127389	1	1	112	58	8	1	+G
B2_BC14_consensus_vsearch	2575	T	*/-G	170	38	16.81%	2	2	93	93	5.661195200038328E-13	1	1	112	58	36	2	-G
B2_BC14_consensus_vsearch	2580	A	*/-G	216	9	4%	2	1	93	93	0.0018001779733764346	1	1	150	66	9	0	-G
B2_BC14_consensus_vsearch	2581	G	*/+A	189	14	6.48%	2	1	93	93	4.840279700124344E-5	1	1	124	65	14	0	+A
B2_BC14_consensus_vsearch	2587	G	*/-C	207	8	3.59%	2	2	93	93	0.003655753662936563	1	1	149	58	7	1	-C
B2_BC14_consensus_vsearch	2598	G	*/+AAG	213	7	3.11%	2	1	93	93	0.007443047448823043	1	1	148	65	7	0	+AAG
B2_BC14_consensus_vsearch	2627	A	*/-CA	208	10	4.46%	2	2	93	93	8.787673881990181E-4	1	1	155	53	1	9	-CA
B2_BC14_consensus_vsearch	2639	A	*/+G	128	19	8.56%	2	2	93	93	1.0248636258937684E-6	1	1	71	57	18	1	+G
B2_BC14_consensus_vsearch	2639	A	*/-G	128	61	27.48%	2	2	93	93	1.3140971553759348E-21	1	1	71	57	54	7	-G
B2_BC14_consensus_vsearch	2639	A	*/-GG	128	12	5.41%	2	2	93	93	1.9092107486401712E-4	1	1	71	57	11	1	-G
B2_BC14_consensus_vsearch	2642	G	*/-A	196	26	11.5%	2	1	93	93	6.850873449275763E-9	1	1	131	65	26	0	-A
B2_BC14_consensus_vsearch	2649	G	*/-A	200	17	7.56%	2	2	93	93	5.507857341679661E-6	1	1	145	55	8	9	-A
B2_BC14_consensus_vsearch	2684	T	*/+A	209	9	4.07%	2	1	93	93	0.0017953764342624938	1	1	148	61	9	0	+A
B2_BC14_consensus_vsearch	2701	T	*/-A	211	14	6.17%	2	1	93	93	4.9547934929218304E-5	1	1	145	66	14	0	-A
B2_BC14_consensus_vsearch	2703	A	*/+G	204	8	3.54%	2	2	93	93	0.0036522646351654408	1	1	152	52	1	7	+G
B2_BC14_consensus_vsearch	2703	A	*/-G	204	10	4.42%	2	2	93	93	8.769963348909129E-4	1	1	152	52	4	6	-G
B2_BC14_consensus_vsearch	2705	G	*/+A	217	7	3.08%	2	1	93	93	0.007449584424390529	1	1	152	65	7	0	+A
B2_BC14_consensus_vsearch	2738	T	*/+C	212	7	3.11%	2	2	93	93	0.00744137624879223	1	1	154	58	5	2	+C
B2_BC14_consensus_vsearch	2757	C	*/-G	207	10	4.44%	2	2	93	93	8.783305527122537E-4	1	1	146	61	9	1	-G
B2_BC14_consensus_vsearch	2760	C	*/+T	207	7	3.11%	2	1	93	93	0.007432788253078562	1	1	146	61	7	0	+T
B2_BC14_consensus_vsearch	2762	C	*/-ACAC	197	8	3.6%	2	1	93	93	0.003643733038795537	1	1	135	62	8	0	-ACAC
B2_BC14_consensus_vsearch	2764	C	*/-AC	155	45	21.03%	2	2	93	93	1.7419953162413201E-15	1	1	102	53	38	7	-AC
B2_BC14_consensus_vsearch	2765	A	*/-CG	152	14	8.38%	2	1	93	93	4.586264512871195E-5	1	1	95	57	14	0	-CG
B2_BC14_consensus_vsearch	2778	C	*/-A	194	27	12.05%	2	2	93	93	3.1993715785060778E-9	1	1	132	62	25	2	-A
B2_BC14_consensus_vsearch	2780	A	*/-G	209	9	4%	2	2	93	93	0.0017953764342624938	1	1	146	63	7	2	-G
B2_BC14_consensus_vsearch	2797	G	*/-A	215	8	3.57%	2	1	93	93	0.0036646057936482192	1	1	150	65	8	0	-A
B2_BC14_consensus_vsearch	2800	T	*/+C	188	33	14.67%	2	1	93	93	3.2022286467106486E-11	1	1	160	28	0	33	+C
B2_BC14_consensus_vsearch	2801	T	*/-C	178	38	16.74%	2	2	93	93	6.106298567008932E-13	1	1	149	29	4	34	-C
B2_BC14_consensus_vsearch	2807	A	*/-CA	215	8	3.59%	2	2	93	93	0.0036646057936482192	1	1	154	61	4	4	-CA
B2_BC14_consensus_vsearch	2824	G	*/+C	213	7	3.1%	2	1	93	93	0.007443047448823043	1	1	149	64	7	0	+C
B2_BC14_consensus_vsearch	2833	C	*/+A	210	13	5.83%	2	1	93	93	1.0196623731956113E-4	1	1	148	62	13	0	+A
B2_BC14_consensus_vsearch	2834	G	*/-A	210	11	4.91%	2	2	93	93	4.298416344617859E-4	1	1	150	60	10	1	-A
B2_BC14_consensus_vsearch	2848	T	*/-G	206	16	7.11%	2	1	93	93	1.1531106955580906E-5	1	1	157	49	0	16	-G
B2_BC14_consensus_vsearch	2863	T	*/-GT	191	34	15.04%	2	2	93	93	1.5114044505292772E-11	1	1	132	59	27	7	-GT
B2_BC14_consensus_vsearch	2882	T	*/+C	165	8	3.59%	2	2	93	93	0.0035961125075510735	1	1	112	53	3	5	+C
B2_BC14_consensus_vsearch	2882	T	*/-C	165	48	21.52%	2	2	93	93	1.790054060809327E-16	1	1	112	53	43	5	-C
B2_BC14_consensus_vsearch	2902	C	*/-A	210	7	3.1%	2	2	93	93	0.007437988084800957	1	1	145	65	6	1	-A
B2_BC14_consensus_vsearch	2904	A	*/-G	192	7	3.11%	2	1	93	93	0.007404462106241813	1	1	128	64	7	0	-G
B2_BC14_consensus_vsearch	2904	A	*/-GG	192	8	3.56%	2	1	93	93	0.0036372796311357324	1	1	128	64	8	0	-GG
B2_BC14_consensus_vsearch	2904	A	*/-GGA	192	10	4.44%	2	1	93	93	8.712766047726398E-4	1	1	128	64	10	0	-GGA
B2_BC14_consensus_vsearch	2906	G	*/-A	172	11	5.29%	2	1	93	93	4.1828279774789115E-4	1	1	106	66	11	0	-A
B2_BC14_consensus_vsearch	2906	G	*/-AG	172	11	5.29%	2	1	93	93	4.1828279774789115E-4	1	1	106	66	11	0	-A
B2_BC14_consensus_vsearch	2914	C	*/+T	204	8	3.54%	2	1	93	93	0.0036522646351654408	1	1	156	48	0	8	+T
B2_BC14_consensus_vsearch	2914	C	*/-T	204	10	4.42%	2	2	93	93	8.769963348909129E-4	1	1	156	48	1	9	-T
B2_BC14_consensus_vsearch	2927	C	*/+A	198	18	7.93%	2	1	93	93	2.63697592562017E-6	1	1	134	64	18	0	+A
B2_BC14_consensus_vsearch	2927	C	*/-GA	198	8	3.52%	2	1	93	93	0.0036449867501809376	1	1	134	64	8	0	+A
B2_BC14_consensus_vsearch	2930	A	*/-G	181	39	17.41%	2	2	93	93	2.864665720414177E-13	1	1	130	51	26	13	-G
B2_BC14_consensus_vsearch	2931	G	*/+A	176	8	4.28%	2	1	93	93	0.0036143155518784634	1	1	126	50	8	0	+A
B2_BC14_consensus_vsearch	2941	T	*/-C	202	22	9.73%	2	2	93	93	1.3868168753729865E-7	1	1	137	65	21	1	-C
B2_BC14_consensus_vsearch	2952	G	*/-A	181	44	19.38%	2	1	93	93	5.521553736989426E-15	1	1	115	66	44	0	-A
B2_BC14_consensus_vsearch	2955	C	*/+A	203	7	3.11%	2	1	93	93	0.007425626339083171	1	1	139	64	7	0	+A
B2_BC14_consensus_vsearch	2955	C	*/-GA	203	7	3.11%	2	1	93	93	0.007425626339083171	1	1	139	64	7	0	+A
B2_BC14_consensus_vsearch	2956	G	*/-A	198	9	4.21%	2	1	93	93	0.0017871908399793336	1	1	135	63	9	0	-A
B2_BC14_consensus_vsearch	2962	G	*/+A	195	19	8.56%	2	1	93	93	1.2560731117652181E-6	1	1	129	66	19	0	+A
B2_BC14_consensus_vsearch	2962	G	*/-A	195	8	3.6%	2	1	93	93	0.003641189182853133	1	1	129	66	8	0	+A
B2_BC14_consensus_vsearch	2964	A	*/-GA	194	29	12.78%	2	2	93	93	7.038341573869359E-10	1	1	130	64	27	2	-GA
B2_BC14_consensus_vsearch	2977	T	*/-GT	209	14	6.19%	2	2	93	93	4.9452447660699634E-5	1	1	151	58	8	6	-GT
B2_BC14_consensus_vsearch	2983	C	*/-AC	216	8	3.54%	2	1	93	93	0.003665668526289429	1	1	150	66	8	0	-AC
B2_BC14_consensus_vsearch	2995	A	*/-C	192	22	9.73%	2	2	93	93	1.3503013098022896E-7	1	1	132	60	20	2	-C
B2_BC14_consensus_vsearch	2998	C	*/-GC	193	7	3.08%	2	1	93	93	0.007406481321433913	1	1	148	45	7	0	-GC
B2_BC14_consensus_vsearch	3009	G	*/-CG	219	7	3.08%	2	2	93	93	0.007452766938834958	1	1	155	64	5	2	-CG
B2_BC14_consensus_vsearch	3013	T	*/+A	207	17	7.49%	2	1	93	93	5.56642225097613E-6	1	1	141	66	17	0	+A
B2_BC14_consensus_vsearch	3023	A	*/-G	175	32	14.95%	2	2	93	93	6.356812620265494E-11	1	1	119	56	24	8	-G
B2_BC14_consensus_vsearch	3031	A	*/-CC	212	7	3.08%	2	1	93	93	0.00744137624879223	1	1	149	63	7	0	-CC
B2_BC14_consensus_vsearch	3035	G	*/-A	203	20	8.93%	2	1	93	93	6.107459539817822E-7	1	1	139	64	20	0	-A
B2_BC14_consensus_vsearch	3059	C	*/+A	201	18	7.93%	2	2	93	93	2.6509133703959145E-6	1	1	137	64	17	1	+A
B2_BC14_consensus_vsearch	3062	G	*/+A	214	7	3.12%	2	1	93	93	0.007444703667648697	1	1	150	64	7	0	+A
B2_BC14_consensus_vsearch	3075	G	*/-A	217	8	3.52%	2	2	93	93	0.0036667219549938834	1	1	156	61	4	4	-A
B2_BC14_consensus_vsearch	3085	T	*/-G	215	7	3.1%	2	2	93	93	0.007446345105805389	1	1	154	61	5	2	-G
B2_BC14_consensus_vsearch	3108	G	*/-TG	213	10	4.41%	2	1	93	93	8.808946039600796E-4	1	1	157	56	0	10	-TG
B2_BC14_consensus_vsearch	3111	C	*/-A	201	18	7.96%	2	2	93	93	2.6509133703959145E-6	1	1	148	53	6	12	-A
B2_BC14_consensus_vsearch	3120	C	*/+A	211	12	5.31%	2	1	93	93	2.0973150235371546E-4	1	1	147	64	12	0	+A
B2_BC14_consensus_vsearch	3122	T	*/+A	214	7	3.1%	2	1	93	93	0.007444703667648697	1	1	151	63	7	0	+A
B2_BC14_consensus_vsearch	3131	G	*/+A	214	9	4.02%	2	1	93	93	0.0017988361772468277	1	1	152	62	9	0	+A
B2_BC14_consensus_vsearch	3135	T	*/-A	209	7	3.12%	2	1	93	93	0.007436270701269745	1	1	144	65	7	0	-A
B2_BC14_consensus_vsearch	3136	A	*/+G	168	7	3.23%	2	2	93	93	0.007349160919077469	1	1	124	44	6	1	+G
B2_BC14_consensus_vsearch	3136	A	*/-G	168	37	17.05%	2	2	93	93	1.219691081152711E-12	1	1	124	44	20	17	-G
B2_BC14_consensus_vsearch	3142	G	*/+A	201	8	3.56%	2	2	93	93	0.003648677074969142	1	1	140	61	6	2	+A
B2_BC14_consensus_vsearch	3142	G	*/-A	201	11	4.89%	2	2	93	93	4.274625226161483E-4	1	1	140	61	10	1	-A
B2_BC14_consensus_vsearch	3147	A	*/+C	213	8	3.57%	2	1	93	93	0.0036624519192641563	1	1	148	65	8	0	+C
B2_BC14_consensus_vsearch	3154	G	*/-A	219	7	3.08%	2	2	93	93	0.007452766938834958	1	1	154	65	6	1	-A
B2_BC14_consensus_vsearch	3173	T	*/+C	146	14	6.19%	2	2	93	93	4.535200516872176E-5	1	1	97	49	9	5	+C
B2_BC14_consensus_vsearch	3173	T	*/+CC	146	7	3.1%	2	1	93	93	0.007283437074166116	1	1	97	49	0	7	+C
B2_BC14_consensus_vsearch	3173	T	*/-C	146	44	19.47%	2	2	93	93	3.391025106687727E-15	1	1	97	49	40	4	-C
B2_BC14_consensus_vsearch	3173	T	*/-CC	146	11	4.87%	2	1	93	93	4.073353769821135E-4	1	1	97	49	11	0	-C
B2_BC14_consensus_vsearch	3178	C	*/+A	174	9	3.98%	2	1	93	93	0.0017660088144097936	1	1	122	52	9	0	+A
B2_BC14_consensus_vsearch	3178	C	*/-GA	174	18	7.96%	2	1	93	93	2.512406240593967E-6	1	1	122	52	18	0	-GA
B2_BC14_consensus_vsearch	3185	T	*/+C	158	8	3.52%	2	2	93	93	0.0035832986795768713	1	1	135	23	5	3	+C
B2_BC14_consensus_vsearch	3185	T	*/-C	158	49	21.59%	2	2	93	93	7.047847178616173E-17	1	1	135	23	20	29	-C
B2_BC14_consensus_vsearch	3185	T	*/-CC	158	8	3.52%	2	1	93	93	0.0035832986795768713	1	1	135	23	0	8	-C
B2_BC14_consensus_vsearch	3189	T	*/+C	211	8	3.62%	2	1	93	93	0.0036602593149509337	1	1	151	60	8	0	+C
B2_BC14_consensus_vsearch	3191	A	*/-G	213	7	3.11%	2	2	93	93	0.007443047448823043	1	1	160	53	1	6	-G
B2_BC14_consensus_vsearch	3204	T	*/-C	213	9	3.96%	2	2	93	93	0.0017981564163397133	1	1	148	65	8	1	-C
B2_BC14_consensus_vsearch	3206	C	*/-GC	211	7	3.08%	2	1	93	93	0.007439689863414905	1	1	151	60	7	0	-GC
B2_BC14_consensus_vsearch	3221	C	*/-AC	201	17	7.69%	2	1	93	93	5.516424489829313E-6	1	1	137	64	17	0	-AC
B2_BC14_consensus_vsearch	3242	A	*/-G	203	16	7.08%	2	2	93	93	1.1485308764863282E-5	1	1	150	53	6	10	-G
B2_BC14_consensus_vsearch	3249	T	*/+C	194	25	11.26%	2	1	93	93	1.4420467684702072E-8	1	1	133	61	25	0	+C
B2_BC14_consensus_vsearch	3255	T	*/-C	198	25	11.01%	2	2	93	93	1.46207594320913E-8	1	1	139	59	20	5	-C
B2_BC14_consensus_vsearch	3258	C	*/-T	219	7	3.08%	2	2	93	93	0.007452766938834958	1	1	159	60	1	6	-T
B2_BC14_consensus_vsearch	3266	T	*/+C	216	7	3.1%	2	1	93	93	0.007447971960236055	1	1	152	64	7	0	+C
B2_BC14_consensus_vsearch	3286	G	*/-AA	190	31	13.96%	2	1	93	93	1.5026665253615298E-10	1	1	124	66	31	0	-AA
B2_BC14_consensus_vsearch	3293	G	*/-TG	211	7	3.08%	2	2	93	93	0.007439689863414905	1	1	155	56	1	6	-TG
B2_BC14_consensus_vsearch	3299	T	*/-C	216	10	4.41%	2	1	93	93	8.821271222096345E-4	1	1	150	66	10	0	-C
B2_BC14_consensus_vsearch	3307	G	*/+CG	208	11	4.95%	2	2	93	93	4.293291473235971E-4	1	1	151	57	7	4	+CG
B2_BC14_consensus_vsearch	3330	C	*/+A	204	14	6.19%	2	2	93	93	4.920666598282105E-5	1	1	154	50	1	13	+A
B2_BC14_consensus_vsearch	3337	C	*/+A	208	8	3.52%	2	1	93	93	0.0036568954742723925	1	1	142	66	8	0	+A
B2_BC14_consensus_vsearch	3338	A	*/-G	207	11	4.87%	2	2	93	93	4.2906952287648286E-4	1	1	148	59	4	7	-G
B2_BC14_consensus_vsearch	3342	C	*/+A	211	10	4.41%	2	1	93	93	8.800549103686053E-4	1	1	146	65	10	0	+A
B2_BC14_consensus_vsearch	3355	G	*/+T	155	18	7.93%	2	2	93	93	2.3938156464833493E-6	1	1	101	54	10	8	+T
B2_BC14_consensus_vsearch	3355	G	*/-T	155	47	20.7%	2	2	93	93	3.4249622335524427E-16	1	1	101	54	45	2	-T
B2_BC14_consensus_vsearch	3359	T	*/-G	211	12	5.29%	2	2	93	93	2.0973150235371546E-4	1	1	157	54	1	11	-G
B2_BC14_consensus_vsearch	3367	A	*/-G	217	9	3.98%	2	1	93	93	0.0018008401619304512	1	1	151	66	9	0	-G
B2_BC14_consensus_vsearch	3368	G	*/-A	208	7	3.21%	2	1	93	93	0.007434537497224064	1	1	143	65	7	0	-A
B2_BC14_consensus_vsearch	3380	T	*/-G	195	15	6.91%	2	2	93	93	2.3554302919744083E-5	1	1	153	42	1	14	-G
B2_BC14_consensus_vsearch	3402	T	*/-A	205	15	6.61%	2	1	93	93	2.384291138391124E-5	1	1	139	66	15	0	-A
B2_BC14_consensus_vsearch	3433	C	*/+A	154	14	6.22%	2	2	93	93	4.602560235661552E-5	1	1	96	58	10	4	+A
B2_BC14_consensus_vsearch	3433	C	*/-A	154	45	20%	2	2	93	93	1.7145492214992514E-15	1	1	96	58	41	4	-A
B2_BC14_consensus_vsearch	3433	C	*/-AA	154	8	3.56%	2	1	93	93	0.0035754898805095913	1	1	96	58	8	0	-A
B2_BC14_consensus_vsearch	3446	G	*/-TG	219	7	3.08%	2	1	93	93	0.007452766938834958	1	1	160	59	0	7	-TG
B2_BC14_consensus_vsearch	3473	T	*/-G	187	26	11.61%	2	2	93	93	6.615436669138533E-9	1	1	136	51	19	7	-G
B2_BC14_consensus_vsearch	3475	G	*/-A	208	8	3.59%	2	2	93	93	0.0036568954742723925	1	1	150	58	6	2	-A
B2_BC14_consensus_vsearch	3490	T	*/-A	206	12	5.31%	2	2	93	93	2.089820970245861E-4	1	1	145	61	11	1	-A
B2_BC14_consensus_vsearch	3492	A	*/-GA	204	13	5.75%	2	1	93	93	1.0144502228683225E-4	1	1	140	64	13	0	-GA
B2_BC14_consensus_vsearch	3493	G	*/-A	189	18	8.57%	2	1	93	93	2.5931159639340357E-6	1	1	125	64	18	0	-A
B2_BC14_consensus_vsearch	3497	T	*/-G	177	44	19.47%	2	2	93	93	5.268078280165025E-15	1	1	157	20	4	40	-G
B2_BC14_consensus_vsearch	3498	G	+T/+T	2	171	94.48%	2	2	93	93	2.4779388550107085E-99	1	1	1	1	150	21	+T
B2_BC14_consensus_vsearch	3500	T	*/+A	211	7	3.11%	2	1	93	93	0.007439689863414905	1	1	154	57	0	7	+A
B2_BC14_consensus_vsearch	3506	C	*/-T	193	9	3.98%	2	1	93	93	0.0017831826885241658	1	1	139	54	0	9	-T
B2_BC14_consensus_vsearch	3506	C	*/-TT	193	19	8.41%	2	1	93	93	1.2509044651274263E-6	1	1	139	54	19	0	-TT
B2_BC14_consensus_vsearch	3526	G	*/-C	204	15	6.64%	2	2	93	93	2.3815125527116474E-5	1	1	142	62	14	1	-C
B2_BC14_consensus_vsearch	3531	G	*/-A	205	12	5.31%	2	2	93	93	2.0882828978061456E-4	1	1	157	48	1	11	-A
B2_BC14_consensus_vsearch	3546	T	*/+G	212	7	3.12%	2	2	93	93	0.00744137624879223	1	1	154	58	2	5	+G
B2_BC14_consensus_vsearch	3547	G	*/-A	215	7	3.14%	2	1	93	93	0.007446345105805389	1	1	152	63	7	0	-A
B2_BC14_consensus_vsearch	3553	T	*/+G	205	11	4.85%	2	1	93	93	4.285433624407098E-4	1	1	145	60	11	0	+G
B2_BC14_consensus_vsearch	3555	A	*/-G	214	8	3.54%	2	1	93	93	0.003663533633296164	1	1	149	65	8	0	-G
B2_BC14_consensus_vsearch	3576	A	*/-G	207	14	6.25%	2	1	93	93	4.93553660030744E-5	1	1	143	64	14	0	-G
B2_BC14_consensus_vsearch	3584	G	*/-A	212	11	4.89%	2	1	93	93	4.303452996410444E-4	1	1	148	64	11	0	-A
B2_BC14_consensus_vsearch	3594	T	*/-GT	208	12	5.33%	2	1	93	93	2.0928573468617033E-4	1	1	160	48	0	12	-GT
B2_BC14_consensus_vsearch	3596	T	*/-A	181	11	5.26%	2	1	93	93	4.214144486820526E-4	1	1	137	44	11	0	-A
B2_BC14_consensus_vsearch	3597	A	*/+G	174	15	7.08%	2	2	93	93	2.285953945782884E-5	1	1	122	52	7	8	+G
B2_BC14_consensus_vsearch	3597	A	*/-G	174	22	10.38%	2	2	93	93	1.2776555938392768E-7	1	1	122	52	20	2	-G
B2_BC14_consensus_vsearch	3598	G	*/+A	183	18	8.87%	2	1	93	93	2.5620436062603955E-6	1	1	120	63	18	0	+A
B2_BC14_consensus_vsearch	3600	G	*/+A	186	14	6.17%	2	1	93	93	4.822879642891894E-5	1	1	120	66	14	0	+A
B2_BC14_consensus_vsearch	3601	G	*/+A	171	27	11.89%	2	1	93	93	2.8792954944264963E-9	1	1	105	66	27	0	+A
B2_BC14_consensus_vsearch	3604	G	*/+AT	15	12	5.43%	2	1	93	93	5.068078971339702E-5	1	1	4	11	12	0	+AT
B2_BC14_consensus_vsearch	3604	G	+T/+T	15	181	81.9%	2	2	93	93	8.273951151350046E-95	1	1	4	11	136	45	+T
B2_BC14_consensus_vsearch	3609	G	*/+C	6	166	73.13%	2	2	93	93	2.633559362159965E-92	1	1	4	2	121	45	+C
B2_BC14_consensus_vsearch	3617	A	*/-GA	210	11	4.91%	2	2	93	93	4.298416344617859E-4	1	1	147	63	9	2	-GA
B2_BC14_consensus_vsearch	3618	G	*/-A	190	9	4.23%	2	1	93	93	0.0017806835488244307	1	1	128	62	9	0	-A
B2_BC14_consensus_vsearch	3632	G	*/-A	213	7	3.14%	2	2	93	93	0.007443047448823043	1	1	150	63	5	2	-A
B2_BC14_consensus_vsearch	3634	G	*/-C	211	10	4.41%	2	2	93	93	8.800549103686053E-4	1	1	152	59	4	6	-C
B2_BC14_consensus_vsearch	3636	C	*/-A	197	14	6.19%	2	2	93	93	4.8844590491071155E-5	1	1	145	52	7	7	-A
B2_BC14_consensus_vsearch	3641	T	*/-G	210	11	4.89%	2	1	93	93	4.298416344617859E-4	1	1	158	52	0	11	-G
B2_BC14_consensus_vsearch	3648	G	*/-C	199	8	3.67%	2	1	93	93	0.0036462285478980633	1	1	144	55	0	8	-C
B2_BC14_consensus_vsearch	3666	G	*/+A	210	7	3.14%	2	1	93	93	0.007437988084800957	1	1	149	61	7	0	+A
B2_BC14_consensus_vsearch	3677	C	*/+A	198	13	5.8%	2	2	93	93	1.0089614904466718E-4	1	1	144	54	11	2	+A
B2_BC14_consensus_vsearch	3677	C	*/-A	198	10	4.46%	2	2	93	93	8.74216242207188E-4	1	1	144	54	1	9	+A
B2_BC14_consensus_vsearch	3687	C	*/+AA	205	11	4.95%	2	1	93	93	4.285433624407098E-4	1	1	156	49	0	11	+AA
B2_BC14_consensus_vsearch	3690	G	*/-C	214	7	3.08%	2	2	93	93	0.007444703667648697	1	1	154	60	1	6	-C
B2_BC14_consensus_vsearch	3705	T	*/+G	209	11	4.87%	2	2	93	93	4.2958650804029443E-4	1	1	155	54	4	7	+G
B2_BC14_consensus_vsearch	3710	T	*/-G	206	10	4.41%	2	1	93	93	8.778898007284436E-4	1	1	157	49	0	10	-G
B2_BC14_consensus_vsearch	3714	G	*/+A	180	10	4.52%	2	1	93	93	8.648604879212406E-4	1	1	115	65	10	0	+A
B2_BC14_consensus_vsearch	3714	G	*/-A	180	29	13.12%	2	2	93	93	6.561968160395861E-10	1	1	115	65	28	1	-A
B2_BC14_consensus_vsearch	3721	T	*/-C	189	36	15.86%	2	2	93	93	3.177066004965472E-12	1	1	127	62	33	3	-C
B2_BC14_consensus_vsearch	3743	T	*/+G	202	8	3.54%	2	2	93	93	0.0036498841327700354	1	1	144	58	4	4	+G
B2_BC14_consensus_vsearch	3756	T	*/+C	174	16	7.05%	2	1	93	93	1.0977404172357244E-5	1	1	109	65	16	0	+C
B2_BC14_consensus_vsearch	3756	T	*/-C	174	36	15.86%	2	1	93	93	2.820455781252021E-12	1	1	109	65	36	0	-C
B2_BC14_consensus_vsearch	3763	C	*/-G	195	17	7.56%	2	2	93	93	5.4639692209021505E-6	1	1	150	45	5	12	-G
B2_BC14_consensus_vsearch	3771	G	*/-A	212	7	3.17%	2	1	93	93	0.00744137624879223	1	1	146	66	7	0	-A
B2_BC14_consensus_vsearch	3773	A	*/-G	211	10	4.42%	2	2	93	93	8.800549103686053E-4	1	1	148	63	9	1	-G
B2_BC14_consensus_vsearch	3775	T	*/+C	200	11	4.91%	2	2	93	93	4.27186182801716E-4	1	1	138	62	10	1	+C
B2_BC14_consensus_vsearch	3775	T	*/-C	200	7	3.12%	2	2	93	93	0.007420075094973923	1	1	138	62	6	1	+C
B2_BC14_consensus_vsearch	3776	C	*/+G	206	8	3.67%	2	1	93	93	0.0036546013500883302	1	1	142	64	8	0	+G
B2_BC14_consensus_vsearch	3777	C	*/-T	203	16	7.08%	2	2	93	93	1.1485308764863282E-5	1	1	150	53	3	13	-T
B2_BC14_consensus_vsearch	3782	G	*/-A	212	10	4.48%	2	1	93	93	8.804765900705064E-4	1	1	147	65	10	0	-A
B2_BC14_consensus_vsearch	3786	C	*/-AC	197	26	11.5%	2	2	93	93	6.876271656890017E-9	1	1	133	64	25	1	-AC
B2_BC14_consensus_vsearch	3787	A	*/-CG	185	9	4.5%	2	1	93	93	0.0017763509872760243	1	1	122	63	9	0	-CG
B2_BC14_consensus_vsearch	3795	T	*/-CT	214	7	3.12%	2	2	93	93	0.007444703667648697	1	1	153	61	6	1	-CT
B2_BC14_consensus_vsearch	3803	T	*/-C	206	9	4.02%	2	1	93	93	0.001793225137980622	1	1	141	65	9	0	-C
B2_BC14_consensus_vsearch	3815	G	*/-A	218	7	3.08%	2	2	93	93	0.007451182688346346	1	1	153	65	6	1	-A
B2_BC14_consensus_vsearch	3817	A	*/+G	90	68	30.09%	2	2	93	93	3.1502175947395337E-25	1	1	78	12	20	48	+G
B2_BC14_consensus_vsearch	3817	A	*/-G	90	60	26.55%	2	2	93	93	5.1112047978016305E-22	1	1	78	12	55	5	+G
B2_BC14_consensus_vsearch	3849	A	*/-G	193	18	8.18%	2	1	93	93	2.613000438265718E-6	1	1	128	65	18	0	-G
B2_BC14_consensus_vsearch	3850	G	*/+A	191	9	4.31%	2	1	93	93	0.0017815247172920585	1	1	125	66	9	0	+A
B2_BC14_consensus_vsearch	3858	T	*/-G	217	7	3.08%	2	2	93	93	0.007449584424390529	1	1	160	57	1	6	-G
B2_BC14_consensus_vsearch	3870	C	*/-GC	193	22	9.95%	2	2	93	93	1.3540685912566394E-7	1	1	129	64	21	1	-GC
B2_BC14_consensus_vsearch	3872	C	*/-A	181	7	3.48%	2	1	93	93	0.007380848803681321	1	1	119	62	7	0	-A
B2_BC14_consensus_vsearch	3876	A	*/-C	187	13	5.86%	2	2	93	93	9.981039688765196E-5	1	1	123	64	12	1	-C
B2_BC14_consensus_vsearch	3876	A	*/-CC	187	17	7.66%	2	1	93	93	5.389886749258449E-6	1	1	123	64	17	0	-CC
B2_BC14_consensus_vsearch	3879	C	*/-A	186	15	6.61%	2	2	93	93	2.3272499024923496E-5	1	1	135	51	14	1	-A
B2_BC14_consensus_vsearch	3881	A	*/+G	109	94	41.41%	2	2	93	93	3.4244693395928177E-35	1	1	92	17	48	46	+G
B2_BC14_consensus_vsearch	3885	A	*/-G	215	9	3.98%	2	2	93	93	0.0017995100038167202	1	1	151	64	8	1	-G
B2_BC14_consensus_vsearch	3893	G	*/-A	212	10	4.42%	2	2	93	93	8.804765900705064E-4	1	1	147	65	9	1	-A
B2_BC14_consensus_vsearch	3896	G	*/-C	208	12	5.31%	2	1	93	93	2.0928573468617033E-4	1	1	142	66	12	0	-C
B2_BC14_consensus_vsearch	3899	C	*/-G	207	12	5.29%	2	2	93	93	2.091345729349345E-4	1	1	147	60	9	3	-G
B2_BC14_consensus_vsearch	3912	T	*/-CT	212	7	3.1%	2	2	93	93	0.00744137624879223	1	1	158	54	2	5	-CT
B2_BC14_consensus_vsearch	3931	G	*/+C	210	7	3.1%	2	2	93	93	0.007437988084800957	1	1	147	63	6	1	+C
B2_BC14_consensus_vsearch	3936	A	*/-C	206	11	4.87%	2	1	93	93	4.288076047440095E-4	1	1	157	49	0	11	-C
B2_BC14_consensus_vsearch	3939	T	*/+C	205	13	5.86%	2	1	93	93	1.0153375468649412E-4	1	1	146	59	13	0	+C
B2_BC14_consensus_vsearch	3940	C	*/+G	165	12	5.38%	2	1	93	93	2.013425963384007E-4	1	1	116	49	12	0	+G
B2_BC14_consensus_vsearch	3940	C	*/-G	165	41	18.39%	2	2	93	93	4.980352699409301E-14	1	1	116	49	29	12	-G
B2_BC14_consensus_vsearch	3953	T	*/-C	190	34	14.98%	2	2	93	93	1.5015817223460845E-11	1	1	126	64	33	1	-C
B2_BC14_consensus_vsearch	3959	G	*/-A	208	15	6.61%	2	2	93	93	2.392491102102212E-5	1	1	145	63	12	3	-A
B2_BC14_consensus_vsearch	3960	A	*/+G	47	73	34.93%	2	2	93	93	9.560809786807491E-30	1	1	43	4	58	15	+G
B2_BC14_consensus_vsearch	3960	A	*/+GG	47	65	31.1%	2	2	93	93	4.019385689898404E-26	1	1	43	4	31	34	+G
B2_BC14_consensus_vsearch	3964	T	*/+C	210	11	4.87%	2	1	93	93	4.298416344617859E-4	1	1	146	64	11	0	+C
B2_BC14_consensus_vsearch	3969	T	*/-C	211	9	3.98%	2	2	93	93	0.0017967787753331713	1	1	147	64	8	1	-C
B2_BC14_consensus_vsearch	3971	C	*/-A	215	8	3.56%	2	2	93	93	0.0036646057936482192	1	1	150	65	7	1	-A
B2_BC14_consensus_vsearch	3975	A	*/-G	191	11	5.09%	2	1	93	93	4.245814926811591E-4	1	1	125	66	11	0	-G
B2_BC14_consensus_vsearch	3977	G	*/-A	194	13	5.94%	2	1	93	93	1.0051376512604206E-4	1	1	129	65	13	0	-A
B2_BC14_consensus_vsearch	3977	G	*/-AG	194	12	5.48%	2	2	93	93	2.070433166935576E-4	1	1	129	65	11	1	-A
B2_BC14_consensus_vsearch	3981	A	*/-C	192	31	13.72%	2	2	93	93	1.519147673450775E-10	1	1	149	43	10	21	-C
B2_BC14_consensus_vsearch	3991	T	*/-C	196	8	3.6%	2	1	93	93	0.0036424672415343016	1	1	134	62	8	0	-C
B2_BC14_consensus_vsearch	3991	T	*/-CC	196	16	7.21%	2	1	93	93	1.137397674554477E-5	1	1	134	62	16	0	-CC
B2_BC14_consensus_vsearch	3994	C	*/+A	182	20	8.85%	2	1	93	93	5.817046897591735E-7	1	1	129	53	20	0	+A
B2_BC14_consensus_vsearch	3995	G	*/-A	192	26	11.56%	2	2	93	93	6.747777093771561E-9	1	1	127	65	25	1	-A
B2_BC14_consensus_vsearch	4001	C	*/-TC	214	7	3.11%	2	1	93	93	0.007444703667648697	1	1	152	62	7	0	-TC
B2_BC14_consensus_vsearch	4009	T	*/-C	178	42	18.58%	2	1	93	93	2.6103623837673247E-14	1	1	113	65	42	0	-C
B2_BC14_consensus_vsearch	4014	T	*/+A	217	7	3.08%	2	1	93	93	0.007449584424390529	1	1	153	64	7	0	+A
B2_BC14_consensus_vsearch	4015	G	*/-A	186	30	13.27%	2	2	93	93	3.1573165354568655E-10	1	1	139	47	15	15	-A
B2_BC14_consensus_vsearch	4031	G	*/+T	209	8	3.54%	2	1	93	93	0.003658026926953576	1	1	145	64	8	0	+T
B2_BC14_consensus_vsearch	4060	T	*/-G	210	14	6.19%	2	1	93	93	4.950038813942507E-5	1	1	158	52	0	14	-G
B2_BC14_consensus_vsearch	4065	T	*/-C	212	12	5.29%	2	1	93	93	2.0987757342671282E-4	1	1	147	65	12	0	-C
B2_BC14_consensus_vsearch	4078	T	*/+C	174	16	7.11%	2	1	93	93	1.0977404172357244E-5	1	1	110	64	16	0	+C
B2_BC14_consensus_vsearch	4078	T	*/-C	174	30	13.33%	2	1	93	93	2.947619914219121E-10	1	1	110	64	30	0	-C
B2_BC14_consensus_vsearch	4081	T	*/-A	206	7	3.11%	2	1	93	93	0.007431022745174962	1	1	146	60	7	0	-A
B2_BC14_consensus_vsearch	4085	T	*/+A	209	12	5.29%	2	1	93	93	2.0943559915765036E-4	1	1	144	65	12	0	+A
B2_BC14_consensus_vsearch	4086	G	*/-A	207	18	7.93%	2	1	93	93	2.677833421406879E-6	1	1	141	66	18	0	-A
B2_BC14_consensus_vsearch	4116	G	*/+A	213	9	4.02%	2	1	93	93	0.0017981564163397133	1	1	150	63	9	0	+A
B2_BC14_consensus_vsearch	4118	T	*/-A	190	26	11.66%	2	2	93	93	6.695310633512329E-9	1	1	131	59	24	2	-A
B2_BC14_consensus_vsearch	4120	A	*/+G	158	9	3.96%	2	2	93	93	0.0017486067130074762	1	1	101	57	8	1	+G
B2_BC14_consensus_vsearch	4120	A	*/-G	158	45	19.82%	2	2	93	93	1.8250577371717527E-15	1	1	101	57	43	2	-G
B2_BC14_consensus_vsearch	4139	C	*/-T	214	9	4.02%	2	2	93	93	0.0017988361772468277	1	1	160	54	1	8	-T
B2_BC14_consensus_vsearch	4147	C	*/-TT	214	9	3.96%	2	2	93	93	0.0017988361772468277	1	1	150	64	8	1	-TT
B2_BC14_consensus_vsearch	4155	T	*/-A	203	15	6.64%	2	2	93	93	2.37871086741396E-5	1	1	142	61	11	4	-A
B2_BC14_consensus_vsearch	4157	A	*/+G	153	17	7.56%	2	2	93	93	5.009947026123489E-6	1	1	103	50	12	5	+G
B2_BC14_consensus_vsearch	4157	A	*/-G	153	36	16%	2	2	93	93	2.3048218828897288E-12	1	1	103	50	33	3	-G
B2_BC14_consensus_vsearch	4157	A	*/-GG	153	11	4.89%	2	2	93	93	4.106051869833816E-4	1	1	103	50	3	8	-G
B2_BC14_consensus_vsearch	4170	A	*/+G	189	10	4.52%	2	1	93	93	8.697426073947409E-4	1	1	128	61	10	0	+G
B2_BC14_consensus_vsearch	4170	A	*/-G	189	17	7.69%	2	2	93	93	5.408873197496746E-6	1	1	128	61	14	3	-G
B2_BC14_consensus_vsearch	4175	T	*/-G	209	10	4.41%	2	2	93	93	8.792003591123169E-4	1	1	148	61	6	4	-G
B2_BC14_consensus_vsearch	4177	G	*/+A	150	62	27.31%	2	1	93	93	1.1471777418006107E-21	1	1	92	58	62	0	+A
B2_BC14_consensus_vsearch	4178	G	*/-TG	205	18	7.93%	2	1	93	93	2.6689977897177195E-6	1	1	158	47	0	18	-TG
B2_BC14_consensus_vsearch	4181	C	*/-A	217	7	3.11%	2	2	93	93	0.007449584424390529	1	1	153	64	6	1	-A
B2_BC14_consensus_vsearch	4184	T	*/-G	207	12	5.33%	2	2	93	93	2.091345729349345E-4	1	1	157	50	2	10	-G
B2_BC14_consensus_vsearch	4186	G	*/+A	208	8	3.54%	2	1	93	93	0.0036568954742723925	1	1	149	59	8	0	+A
B2_BC14_consensus_vsearch	4189	C	*/-G	203	10	4.48%	2	2	93	93	8.765435124402236E-4	1	1	152	51	1	9	-G
B2_BC14_consensus_vsearch	4208	T	*/-GT	215	7	3.08%	2	2	93	93	0.007446345105805389	1	1	154	61	5	2	-GT
B2_BC14_consensus_vsearch	4217	C	*/-G	209	8	3.54%	2	1	93	93	0.003658026926953576	1	1	156	53	0	8	-G
B2_BC14_consensus_vsearch	4224	G	*/-C	210	7	3.15%	2	2	93	93	0.007437988084800957	1	1	146	64	6	1	-C
B2_BC14_consensus_vsearch	4225	C	*/+T	184	27	12.39%	2	1	93	93	3.0652960978242066E-9	1	1	148	36	0	27	+T
B2_BC14_consensus_vsearch	4226	C	*/-T	200	24	10.62%	2	2	93	93	3.1100546133066265E-8	1	1	158	42	1	23	-T
B2_BC14_consensus_vsearch	4241	T	*/+A	214	8	3.59%	2	1	93	93	0.003663533633296164	1	1	152	62	8	0	+A
B2_BC14_consensus_vsearch	4285	T	*/+C	182	29	13.18%	2	2	93	93	6.632053601874047E-10	1	1	126	56	27	2	+C
B2_BC14_consensus_vsearch	4303	A	*/+G	121	8	3.62%	2	2	93	93	0.003493084657434247	1	1	73	48	6	2	+G
B2_BC14_consensus_vsearch	4303	A	*/-G	121	82	37.1%	2	2	93	93	6.651906354606209E-30	1	1	73	48	70	12	-G
B2_BC14_consensus_vsearch	4324	T	*/-A	156	13	7.56%	2	1	93	93	9.605371832867716E-5	1	1	116	40	0	13	-A
