Chrom	Position	Ref	Cons	Reads1	Reads2	VarFreq	Strands1	Strands2	Qual1	Qual2	Pvalue	MapQual1	MapQual2	Reads1Plus	Reads1Minus	Reads2Plus	Reads2Minus	VarAllele
B3_BC15_consensus_vsearch	26	C	Y	7	15	9.74%	2	2	93	93	7.417806989651317E-7	1	1	4	3	12	3	+T
B3_BC15_consensus_vsearch	34	G	R	142	10	6.45%	2	1	93	93	8.381619982359077E-4	1	1	112	30	10	0	A
B3_BC15_consensus_vsearch	63	A	R	148	8	5.13%	2	1	93	93	0.003563042451794981	1	1	118	30	8	0	G
B3_BC15_consensus_vsearch	89	G	R	143	7	4.64%	2	1	93	93	0.007273002114564063	1	1	114	29	7	0	A
B3_BC15_consensus_vsearch	91	G	R	140	14	9.09%	2	1	93	93	4.4806107568432566E-5	1	1	110	30	14	0	A
B3_BC15_consensus_vsearch	108	G	R	131	7	4.52%	2	1	93	93	0.007226795344878595	1	1	101	30	7	0	-C
B3_BC15_consensus_vsearch	111	C	Y	145	10	6.41%	2	1	93	93	8.407243705351934E-4	1	1	126	19	0	10	T
B3_BC15_consensus_vsearch	129	A	R	144	11	7.05%	2	2	93	93	4.063501124256654E-4	1	1	115	29	10	1	G
B3_BC15_consensus_vsearch	132	G	R	144	9	5.84%	2	1	93	93	0.0017304927258662349	1	1	114	30	9	0	A
B3_BC15_consensus_vsearch	144	C	Y	135	12	7.69%	2	2	93	93	1.9326307805722024E-4	1	1	114	21	5	7	T
B3_BC15_consensus_vsearch	152	C	S	139	8	5.23%	2	1	93	93	0.0035425109284445205	1	1	112	27	8	0	G
B3_BC15_consensus_vsearch	194	G	R	145	9	5.77%	2	2	93	93	0.0017318922033024672	1	1	116	29	8	1	A
B3_BC15_consensus_vsearch	209	T	W	129	10	7.09%	2	1	93	93	8.258446494114862E-4	1	1	103	26	10	0	A
B3_BC15_consensus_vsearch	262	G	R	145	8	5.16%	2	2	93	93	0.003556460912469871	1	1	118	27	7	1	A
B3_BC15_consensus_vsearch	317	G	R	139	8	5.33%	2	2	93	93	0.0035425109284445205	1	1	119	20	7	1	A
B3_BC15_consensus_vsearch	335	G	R	137	13	8.61%	2	1	93	93	9.305663444641845E-5	1	1	112	25	13	0	A
B3_BC15_consensus_vsearch	369	C	Y	100	13	8.33%	2	2	93	93	8.469452580296424E-5	1	1	91	9	4	9	+T
B3_BC15_consensus_vsearch	370	C	Y	65	7	4.49%	2	2	93	93	0.006705601149195077	1	1	43	22	6	1	+T
B3_BC15_consensus_vsearch	371	C	Y	20	53	33.97%	2	2	93	93	1.808861223851535E-23	1	1	18	2	32	21	T
B3_BC15_consensus_vsearch	372	C	Y	146	9	5.77%	2	1	93	93	0.0017332742159673858	1	1	117	29	9	0	T
B3_BC15_consensus_vsearch	382	C	Y	147	8	5.16%	2	1	93	93	0.003560876280423088	1	1	125	22	0	8	T
B3_BC15_consensus_vsearch	398	C	M	143	8	5.3%	2	1	93	93	0.003551931265251157	1	1	113	30	8	0	A
B3_BC15_consensus_vsearch	399	C	Y	143	9	5.77%	2	1	93	93	0.0017290754509058635	1	1	113	30	9	0	T
B3_BC15_consensus_vsearch	451	G	R	135	17	11.11%	2	2	93	93	4.752670452191461E-6	1	1	110	25	15	2	A
B3_BC15_consensus_vsearch	474	A	R	149	7	4.49%	2	1	93	93	0.007293476159710952	1	1	119	30	7	0	G
B3_BC15_consensus_vsearch	501	A	R	131	12	8.39%	2	1	93	93	1.9195054916951493E-4	1	1	101	30	12	0	G
B3_BC15_consensus_vsearch	517	G	R	145	9	5.84%	2	1	93	93	0.0017318922033024672	1	1	115	30	9	0	A
B3_BC15_consensus_vsearch	520	G	R	139	14	9.15%	2	1	93	93	4.4711441649629465E-5	1	1	109	30	14	0	A
B3_BC15_consensus_vsearch	532	G	R	142	8	5.16%	2	1	93	93	0.003549622192432461	1	1	114	28	8	0	A
B3_BC15_consensus_vsearch	550	G	R	131	14	9.27%	2	2	93	93	4.391282773098287E-5	1	1	102	29	13	1	A
B3_BC15_consensus_vsearch	572	A	R	135	9	6%	2	1	93	93	0.0017170536761717077	1	1	108	27	9	0	G
B3_BC15_consensus_vsearch	621	A	R	134	16	10.46%	2	1	93	93	1.0005707333131005E-5	1	1	106	28	16	0	G
B3_BC15_consensus_vsearch	626	A	R	144	8	5.13%	2	1	93	93	0.003554210649086613	1	1	115	29	8	0	G
B3_BC15_consensus_vsearch	640	G	R	143	8	5.26%	2	1	93	93	0.003551931265251157	1	1	113	30	8	0	A
B3_BC15_consensus_vsearch	642	A	W	141	9	5.88%	2	1	93	93	0.0017261861346754147	1	1	111	30	9	0	T
B3_BC15_consensus_vsearch	643	C	Y	137	11	7.14%	2	1	93	93	4.027050173603899E-4	1	1	107	30	11	0	T
B3_BC15_consensus_vsearch	684	A	R	123	29	18.95%	2	2	93	93	4.255722068496802E-10	1	1	94	29	28	1	G
B3_BC15_consensus_vsearch	691	G	R	148	7	4.52%	2	1	93	93	0.00729017238491925	1	1	118	30	7	0	A
B3_BC15_consensus_vsearch	695	G	R	140	14	9.03%	2	1	93	93	4.4806107568432566E-5	1	1	111	29	14	0	A
B3_BC15_consensus_vsearch	708	G	R	140	9	5.84%	2	1	93	93	0.001724713384330166	1	1	110	30	9	0	A
B3_BC15_consensus_vsearch	728	A	R	120	15	10.56%	2	2	93	93	2.0229155500931873E-5	1	1	96	24	14	1	G
B3_BC15_consensus_vsearch	734	C	M	49	28	17.95%	2	2	93	93	1.8324472369062266E-10	1	1	47	2	19	9	+TA
B3_BC15_consensus_vsearch	735	C	Y	112	24	15.38%	2	1	93	93	1.959772372125994E-8	1	1	82	30	24	0	T
B3_BC15_consensus_vsearch	736	A	R	146	9	5.77%	2	1	93	93	0.0017332742159673858	1	1	116	30	9	0	G
B3_BC15_consensus_vsearch	750	A	R	141	10	6.49%	2	1	93	93	8.372862978827083E-4	1	1	114	27	10	0	G
B3_BC15_consensus_vsearch	771	G	R	141	13	8.39%	2	1	93	93	9.374327469996209E-5	1	1	111	30	13	0	A
B3_BC15_consensus_vsearch	777	A	R	141	13	8.33%	2	1	93	93	9.374327469996209E-5	1	1	111	30	13	0	G
B3_BC15_consensus_vsearch	827	G	K	135	11	7.1%	2	1	93	93	4.016034175232601E-4	1	1	106	29	11	0	T
B3_BC15_consensus_vsearch	834	T	Y	148	8	5.13%	2	2	93	93	0.003563042451794981	1	1	124	24	2	6	C
B3_BC15_consensus_vsearch	839	A	R	148	7	4.49%	2	1	93	93	0.00729017238491925	1	1	118	30	7	0	G
B3_BC15_consensus_vsearch	858	G	R	135	8	5.41%	2	1	93	93	0.0035325763803669705	1	1	106	29	8	0	A
B3_BC15_consensus_vsearch	865	G	R	142	13	8.33%	2	1	93	93	9.390991801609142E-5	1	1	112	30	13	0	A
B3_BC15_consensus_vsearch	887	A	R	146	9	5.77%	2	1	93	93	0.0017332742159673858	1	1	116	30	9	0	G
B3_BC15_consensus_vsearch	897	T	Y	148	7	4.52%	2	1	93	93	0.00729017238491925	1	1	118	30	7	0	C
B3_BC15_consensus_vsearch	939	G	R	138	16	10.32%	2	1	93	93	1.0121971318070763E-5	1	1	109	29	16	0	A
B3_BC15_consensus_vsearch	968	C	S	120	24	16.22%	2	1	93	93	2.096558844160849E-8	1	1	94	26	24	0	G
B3_BC15_consensus_vsearch	1011	G	R	140	8	5.16%	2	1	93	93	0.003544912630768822	1	1	112	28	8	0	A
B3_BC15_consensus_vsearch	1013	A	R	138	12	7.84%	2	1	93	93	1.9420515014914618E-4	1	1	110	28	12	0	G
B3_BC15_consensus_vsearch	1016	A	R	146	10	6.41%	2	1	93	93	8.415575775273865E-4	1	1	116	30	10	0	G
B3_BC15_consensus_vsearch	1034	C	Y	121	8	5.19%	2	2	93	93	0.003493084657434247	1	1	92	29	7	1	-AC
B3_BC15_consensus_vsearch	1069	C	Y	143	7	4.55%	2	2	93	93	0.007273002114564063	1	1	115	28	6	1	T
B3_BC15_consensus_vsearch	1070	A	R	137	9	5.81%	2	1	93	93	0.001720178313593195	1	1	112	25	9	0	G
B3_BC15_consensus_vsearch	1111	A	R	140	12	7.69%	2	1	93	93	1.9481413861632138E-4	1	1	110	30	12	0	G
B3_BC15_consensus_vsearch	1171	G	R	146	7	4.49%	2	1	93	93	0.007283437074166116	1	1	117	29	7	0	A
B3_BC15_consensus_vsearch	1179	A	R	138	9	5.88%	2	1	93	93	0.0017217098568314186	1	1	108	30	9	0	G
B3_BC15_consensus_vsearch	1183	T	C	14	136	90.07%	2	2	93	93	7.038994061270625E-70	1	1	5	9	120	16	C
B3_BC15_consensus_vsearch	1184	T	Y	144	10	6.45%	2	2	93	93	8.39880834377406E-4	1	1	122	22	4	6	C
B3_BC15_consensus_vsearch	1198	C	S	143	8	5.26%	2	1	93	93	0.003551931265251157	1	1	113	30	8	0	G
B3_BC15_consensus_vsearch	1215	T	K	125	12	8.7%	2	2	93	93	1.898504007821274E-4	1	1	99	26	11	1	G
B3_BC15_consensus_vsearch	1234	A	R	143	7	4.61%	2	1	93	93	0.007273002114564063	1	1	114	29	7	0	G
B3_BC15_consensus_vsearch	1295	G	R	145	9	5.84%	2	1	93	93	0.0017318922033024672	1	1	116	29	9	0	A
B3_BC15_consensus_vsearch	1331	G	R	111	38	25%	2	1	93	93	2.425335982775446E-13	1	1	83	28	38	0	A
B3_BC15_consensus_vsearch	1333	G	K	146	8	5.13%	2	1	93	93	0.0035586826095282847	1	1	116	30	8	0	T
B3_BC15_consensus_vsearch	1341	G	R	129	24	15.58%	2	1	93	93	2.2412437326166454E-8	1	1	99	30	24	0	A
B3_BC15_consensus_vsearch	1354	A	R	132	8	5.67%	2	1	93	93	0.0035247621832004156	1	1	104	28	8	0	G
B3_BC15_consensus_vsearch	1383	A	R	147	7	4.52%	2	1	93	93	0.007286826295699635	1	1	117	30	7	0	G
B3_BC15_consensus_vsearch	1444	G	R	121	16	11.59%	2	1	93	93	9.589440037454797E-6	1	1	100	21	16	0	A
B3_BC15_consensus_vsearch	1562	C	Y	146	7	4.49%	2	2	93	93	0.007283437074166116	1	1	119	27	5	2	T
B3_BC15_consensus_vsearch	1580	A	R	142	10	6.58%	2	1	93	93	8.381619982359077E-4	1	1	112	30	10	0	G
B3_BC15_consensus_vsearch	1583	G	R	145	10	6.45%	2	1	93	93	8.407243705351934E-4	1	1	115	30	10	0	A
B3_BC15_consensus_vsearch	1591	G	R	139	10	6.58%	2	1	93	93	8.355012934469695E-4	1	1	111	28	10	0	A
B3_BC15_consensus_vsearch	1595	G	R	136	7	4.86%	2	1	93	93	0.007246976545021271	1	1	107	29	7	0	A
B3_BC15_consensus_vsearch	1601	G	R	132	18	11.69%	2	1	93	93	2.2187044753276915E-6	1	1	102	30	18	0	A
B3_BC15_consensus_vsearch	1603	A	R	140	12	7.89%	2	1	93	93	1.9481413861632138E-4	1	1	110	30	12	0	G
B3_BC15_consensus_vsearch	1655	A	R	143	7	4.52%	2	1	93	93	0.007273002114564063	1	1	114	29	7	0	G
B3_BC15_consensus_vsearch	1690	G	R	143	8	5.16%	2	1	93	93	0.003551931265251157	1	1	113	30	8	0	A
B3_BC15_consensus_vsearch	1783	G	R	129	19	12.67%	2	1	93	93	1.0294688467591672E-6	1	1	99	30	19	0	A
B3_BC15_consensus_vsearch	1784	C	Y	128	20	13.33%	2	1	93	93	4.794277300789881E-7	1	1	98	30	20	0	T
B3_BC15_consensus_vsearch	1812	A	R	144	7	4.52%	2	1	93	93	0.007276525855895998	1	1	117	27	7	0	G
B3_BC15_consensus_vsearch	1815	A	R	146	8	5.13%	2	1	93	93	0.0035586826095282847	1	1	116	30	8	0	G
B3_BC15_consensus_vsearch	1817	G	R	140	14	9.03%	2	1	93	93	4.4806107568432566E-5	1	1	110	30	14	0	A
B3_BC15_consensus_vsearch	1820	A	R	141	10	6.49%	2	1	93	93	8.372862978827083E-4	1	1	112	29	10	0	G
B3_BC15_consensus_vsearch	1904	G	K	148	7	4.52%	2	1	93	93	0.00729017238491925	1	1	118	30	7	0	T
B3_BC15_consensus_vsearch	1949	T	K	147	7	4.55%	2	1	93	93	0.007286826295699635	1	1	117	30	7	0	G
B3_BC15_consensus_vsearch	1960	C	M	140	7	4.67%	2	1	93	93	0.00726214740331066	1	1	113	27	7	0	A
B3_BC15_consensus_vsearch	1962	G	R	126	12	8.7%	2	2	93	93	1.9021202059319294E-4	1	1	98	28	11	1	A
B3_BC15_consensus_vsearch	1991	A	R	146	7	4.52%	2	1	93	93	0.007283437074166116	1	1	117	29	7	0	G
B3_BC15_consensus_vsearch	1995	A	R	142	7	4.61%	2	2	93	93	0.007269431750257196	1	1	117	25	6	1	G
B3_BC15_consensus_vsearch	2032	A	R	126	20	13.16%	2	1	93	93	4.7460409653977514E-7	1	1	99	27	20	0	G
B3_BC15_consensus_vsearch	2035	G	R	137	12	7.89%	2	1	93	93	1.93895008358888E-4	1	1	110	27	12	0	A
B3_BC15_consensus_vsearch	2045	G	R	142	11	7.14%	2	1	93	93	4.0534063849111915E-4	1	1	112	30	11	0	A
B3_BC15_consensus_vsearch	2069	T	Y	148	7	4.52%	2	1	93	93	0.00729017238491925	1	1	125	23	0	7	C
B3_BC15_consensus_vsearch	2072	A	R	148	7	4.49%	2	1	93	93	0.00729017238491925	1	1	119	29	7	0	G
B3_BC15_consensus_vsearch	2124	G	R	107	44	29.14%	2	1	93	93	1.4380269995138102E-15	1	1	80	27	44	0	A
B3_BC15_consensus_vsearch	2165	A	R	141	11	7.05%	2	1	93	93	4.0482654336574796E-4	1	1	112	29	11	0	G
B3_BC15_consensus_vsearch	2221	G	S	141	12	7.79%	2	1	93	93	1.951131209009317E-4	1	1	111	30	12	0	C
B3_BC15_consensus_vsearch	2223	A	R	123	12	7.69%	2	1	93	93	1.891124996111881E-4	1	1	94	29	12	0	-C
B3_BC15_consensus_vsearch	2226	C	M	49	39	25%	2	1	93	93	7.723850374953135E-15	1	1	46	3	39	0	A
B3_BC15_consensus_vsearch	2226	C	S	49	10	6.41%	2	2	93	93	6.446909190024678E-4	1	1	46	3	8	2	A
B3_BC15_consensus_vsearch	2226	C	Y	49	7	4.49%	2	2	93	93	0.0064016258391640735	1	1	46	3	3	4	A
B3_BC15_consensus_vsearch	2227	G	R	119	20	12.82%	2	1	93	93	4.569697057560407E-7	1	1	89	30	20	0	A
B3_BC15_consensus_vsearch	2260	T	K	146	8	5.13%	2	1	93	93	0.0035586826095282847	1	1	116	30	8	0	G
B3_BC15_consensus_vsearch	2263	A	R	143	7	4.64%	2	1	93	93	0.007273002114564063	1	1	114	29	7	0	G
B3_BC15_consensus_vsearch	2265	A	R	144	9	5.88%	2	1	93	93	0.0017304927258662349	1	1	114	30	9	0	G
B3_BC15_consensus_vsearch	2282	A	R	143	8	5.23%	2	2	93	93	0.003551931265251157	1	1	114	29	7	1	G
B3_BC15_consensus_vsearch	2291	G	R	116	31	20.39%	2	1	93	93	7.942381918886796E-11	1	1	90	26	31	0	A
B3_BC15_consensus_vsearch	2307	A	R	147	7	4.55%	2	1	93	93	0.007286826295699635	1	1	118	29	7	0	G
B3_BC15_consensus_vsearch	2312	G	R	140	7	4.64%	2	1	93	93	0.00726214740331066	1	1	114	26	7	0	A
B3_BC15_consensus_vsearch	2380	A	R	136	16	10.39%	2	1	93	93	1.0064478604649285E-5	1	1	106	30	16	0	G
B3_BC15_consensus_vsearch	2486	C	M	122	14	8.97%	2	1	93	93	4.2916674266011074E-5	1	1	92	30	14	0	A
B3_BC15_consensus_vsearch	2513	G	R	129	10	6.99%	2	1	93	93	8.258446494114862E-4	1	1	110	19	10	0	A
B3_BC15_consensus_vsearch	2558	A	R	144	8	5.16%	2	1	93	93	0.003554210649086613	1	1	116	28	8	0	G
B3_BC15_consensus_vsearch	2603	T	W	144	7	4.61%	2	1	93	93	0.007276525855895998	1	1	114	30	7	0	A
B3_BC15_consensus_vsearch	2649	G	R	134	14	9.03%	2	1	93	93	4.422121277582909E-5	1	1	106	28	14	0	A
B3_BC15_consensus_vsearch	2651	A	R	122	22	14.47%	2	1	93	93	1.0011274415717084E-7	1	1	101	21	22	0	G
B3_BC15_consensus_vsearch	2688	C	S	133	10	6.49%	2	1	93	93	8.298613967854219E-4	1	1	103	30	10	0	G
B3_BC15_consensus_vsearch	2703	G	R	147	7	4.49%	2	1	93	93	0.007286826295699635	1	1	117	30	7	0	A
B3_BC15_consensus_vsearch	2730	G	R	131	7	4.61%	2	1	93	93	0.007226795344878595	1	1	102	29	7	0	+A
B3_BC15_consensus_vsearch	2731	G	R	109	20	12.9%	2	1	93	93	4.295725645538492E-7	1	1	79	30	20	0	+A
B3_BC15_consensus_vsearch	2732	G	R	132	22	14.19%	2	1	93	93	1.0637701669317639E-7	1	1	102	30	22	0	A
B3_BC15_consensus_vsearch	2734	A	R	123	7	4.64%	2	1	93	93	0.007191329576314499	1	1	101	22	7	0	-G
B3_BC15_consensus_vsearch	2788	A	R	140	11	7.1%	2	2	93	93	4.043060547994595E-4	1	1	114	26	8	3	G
B3_BC15_consensus_vsearch	2789	T	Y	138	12	7.79%	2	2	93	93	1.9420515014914618E-4	1	1	113	25	9	3	C
B3_BC15_consensus_vsearch	2796	A	R	141	10	6.54%	2	1	93	93	8.372862978827083E-4	1	1	114	27	10	0	G
B3_BC15_consensus_vsearch	2844	C	Y	144	8	5.13%	2	1	93	93	0.003554210649086613	1	1	124	20	0	8	T
B3_BC15_consensus_vsearch	2874	G	R	140	14	8.97%	2	1	93	93	4.4806107568432566E-5	1	1	111	29	14	0	A
B3_BC15_consensus_vsearch	2883	A	R	147	7	4.49%	2	1	93	93	0.007286826295699635	1	1	117	30	7	0	G
B3_BC15_consensus_vsearch	2889	G	R	119	32	20.65%	2	2	93	93	3.705896973597817E-11	1	1	92	27	31	1	A
B3_BC15_consensus_vsearch	2891	G	R	136	14	9.09%	2	1	93	93	4.442076278454873E-5	1	1	106	30	14	0	A
B3_BC15_consensus_vsearch	2900	G	S	15	8	5.44%	1	2	93	93	0.001879081402620808	1	1	15	0	7	1	+C
B3_BC15_consensus_vsearch	2933	T	K	134	15	10%	2	1	93	93	2.1068355581752277E-5	1	1	105	29	15	0	G
B3_BC15_consensus_vsearch	2973	G	R	131	9	6.38%	2	1	93	93	0.001710546353611894	1	1	104	27	9	0	A
B3_BC15_consensus_vsearch	2979	G	R	117	30	20.13%	2	1	93	93	1.7921272022109839E-10	1	1	90	27	30	0	A
B3_BC15_consensus_vsearch	2985	A	R	135	7	4.49%	2	1	93	93	0.007243052290679531	1	1	106	29	7	0	-C
B3_BC15_consensus_vsearch	2986	C	S	136	7	4.86%	2	1	93	93	0.007246976545021271	1	1	108	28	7	0	G
B3_BC15_consensus_vsearch	2988	C	Y	144	9	5.81%	2	2	93	93	0.0017304927258662349	1	1	122	22	1	8	T
B3_BC15_consensus_vsearch	2991	T	Y	141	7	4.73%	2	2	93	93	0.007265813831858907	1	1	115	26	3	4	C
B3_BC15_consensus_vsearch	3016	C	Y	68	74	48.68%	2	2	93	93	1.076688079800246E-28	1	1	53	15	62	12	T
B3_BC15_consensus_vsearch	3022	A	R	149	7	4.49%	2	1	93	93	0.007293476159710952	1	1	119	30	7	0	G
B3_BC15_consensus_vsearch	3031	A	R	138	17	10.97%	2	1	93	93	4.798928149184497E-6	1	1	108	30	17	0	G
B3_BC15_consensus_vsearch	3214	G	R	134	19	12.26%	2	1	93	93	1.0518205099114667E-6	1	1	104	30	19	0	A
B3_BC15_consensus_vsearch	3218	G	K	140	11	7.14%	2	1	93	93	4.043060547994595E-4	1	1	111	29	11	0	T
B3_BC15_consensus_vsearch	3294	A	M	1	9	5.88%	1	2	93	93	5.953798523457963E-5	1	1	1	0	8	1	+C
B3_BC15_consensus_vsearch	3300	C	Y	144	8	5.13%	2	2	93	93	0.003554210649086613	1	1	118	26	4	4	T
B3_BC15_consensus_vsearch	3321	C	S	145	7	4.55%	2	1	93	93	0.0072800038812266725	1	1	116	29	7	0	G
B3_BC15_consensus_vsearch	3359	A	R	134	17	10.97%	2	1	93	93	4.736921245753773E-6	1	1	104	30	17	0	G
B3_BC15_consensus_vsearch	3422	A	R	134	17	11.04%	2	1	93	93	4.736921245753773E-6	1	1	106	28	17	0	G
B3_BC15_consensus_vsearch	3437	G	R	145	10	6.45%	2	2	93	93	8.407243705351934E-4	1	1	117	28	9	1	A
B3_BC15_consensus_vsearch	3456	C	Y	129	12	7.89%	2	1	93	93	1.9126869247941596E-4	1	1	99	30	12	0	T
B3_BC15_consensus_vsearch	3457	A	R	109	34	22.37%	2	1	93	93	6.26940083296733E-12	1	1	80	29	34	0	G
B3_BC15_consensus_vsearch	3491	C	M	139	11	7.1%	2	1	93	93	4.037790531875724E-4	1	1	109	30	11	0	A
B3_BC15_consensus_vsearch	3492	C	Y	140	16	10.26%	2	1	93	93	1.0178225873514977E-5	1	1	110	30	16	0	T
B3_BC15_consensus_vsearch	3493	C	Y	82	21	13.46%	2	2	93	93	1.5336084977982398E-7	1	1	57	25	18	3	-G
B3_BC15_consensus_vsearch	3494	G	K	89	10	9.35%	2	1	93	93	7.690936665708389E-4	1	1	59	30	10	0	T
B3_BC15_consensus_vsearch	3508	A	R	144	8	5.13%	2	1	93	93	0.003554210649086613	1	1	114	30	8	0	G
B3_BC15_consensus_vsearch	3534	C	S	117	30	19.87%	2	1	93	93	1.7921272022109839E-10	1	1	90	27	30	0	G
B3_BC15_consensus_vsearch	3550	G	R	148	7	4.49%	2	1	93	93	0.00729017238491925	1	1	118	30	7	0	A
B3_BC15_consensus_vsearch	3636	C	S	25	13	34.21%	2	1	93	93	3.545572726089975E-5	1	1	21	4	13	0	G
B3_BC15_consensus_vsearch	3640	C	M	126	10	6.41%	2	2	93	93	8.226850700552499E-4	1	1	105	21	9	1	-G
B3_BC15_consensus_vsearch	3640	C	Y	126	7	4.49%	2	2	93	93	0.007205121164213796	1	1	105	21	4	3	-G
B3_BC15_consensus_vsearch	3642	G	R	99	56	35.9%	2	1	93	93	3.1127612491931667E-20	1	1	70	29	56	0	A
B3_BC15_consensus_vsearch	3643	G	R	142	12	7.69%	2	2	93	93	1.9540851627590763E-4	1	1	117	25	7	5	A
B3_BC15_consensus_vsearch	3644	G	R	148	7	4.49%	2	2	93	93	0.00729017238491925	1	1	119	29	6	1	A
B3_BC15_consensus_vsearch	3657	G	R	104	15	12.4%	2	1	93	93	1.9071151985886625E-5	1	1	80	24	15	0	A
B3_BC15_consensus_vsearch	3659	G	R	141	10	6.49%	2	1	93	93	8.372862978827083E-4	1	1	111	30	10	0	A
B3_BC15_consensus_vsearch	3664	A	R	137	7	4.67%	2	2	93	93	0.0072508471039682155	1	1	113	24	5	2	G
B3_BC15_consensus_vsearch	3669	G	R	137	14	9.09%	2	1	93	93	4.451878857237427E-5	1	1	109	28	14	0	A
B3_BC15_consensus_vsearch	3686	G	R	138	7	4.67%	2	1	93	93	0.0072546650616756485	1	1	113	25	7	0	A
B3_BC15_consensus_vsearch	3692	C	Y	145	7	4.61%	2	1	93	93	0.0072800038812266725	1	1	115	30	7	0	T
B3_BC15_consensus_vsearch	3694	G	R	136	18	11.54%	2	1	93	93	2.252106455532044E-6	1	1	106	30	18	0	A
B3_BC15_consensus_vsearch	3718	A	R	128	9	6.21%	2	1	93	93	0.0017054258120967134	1	1	101	27	9	0	G
B3_BC15_consensus_vsearch	3724	A	R	143	10	6.49%	2	1	93	93	8.390267761774618E-4	1	1	113	30	10	0	G
B3_BC15_consensus_vsearch	3741	T	Y	145	8	5.16%	2	2	93	93	0.003556460912469871	1	1	120	25	3	5	C
B3_BC15_consensus_vsearch	3745	A	R	140	13	8.33%	2	1	93	93	9.35746600239174E-5	1	1	111	29	13	0	G
B3_BC15_consensus_vsearch	3794	C	S	129	17	11.26%	2	1	93	93	4.655582052507067E-6	1	1	99	30	17	0	G
B3_BC15_consensus_vsearch	3832	A	R	147	7	4.52%	2	1	93	93	0.007286826295699635	1	1	117	30	7	0	G
B3_BC15_consensus_vsearch	3848	T	Y	146	8	5.13%	2	1	93	93	0.0035586826095282847	1	1	124	22	0	8	C
B3_BC15_consensus_vsearch	3879	A	R	144	9	5.84%	2	1	93	93	0.0017304927258662349	1	1	114	30	9	0	G
B3_BC15_consensus_vsearch	3912	G	R	139	10	6.71%	2	1	93	93	8.355012934469695E-4	1	1	112	27	10	0	A
B3_BC15_consensus_vsearch	3939	T	W	114	19	13.38%	2	1	93	93	9.55198154052384E-7	1	1	86	28	19	0	A
B3_BC15_consensus_vsearch	4001	C	Y	137	15	9.62%	2	1	93	93	2.123090742148228E-5	1	1	124	13	0	15	T
B3_BC15_consensus_vsearch	4013	G	R	132	22	14.29%	2	1	93	93	1.0637701669317639E-7	1	1	102	30	22	0	A
B3_BC15_consensus_vsearch	4043	A	R	121	29	18.83%	2	1	93	93	4.1638253723612933E-10	1	1	94	27	29	0	G
B3_BC15_consensus_vsearch	4094	G	R	127	21	13.46%	2	1	93	93	2.2234329510922332E-7	1	1	98	29	21	0	A
B3_BC15_consensus_vsearch	4097	G	R	136	14	9.21%	2	1	93	93	4.442076278454873E-5	1	1	108	28	14	0	A
B3_BC15_consensus_vsearch	4103	G	R	135	8	5.59%	2	2	93	93	0.0035325763803669705	1	1	115	20	6	2	A
B3_BC15_consensus_vsearch	4166	G	R	145	8	5.23%	2	1	93	93	0.003556460912469871	1	1	115	30	8	0	A
B3_BC15_consensus_vsearch	4231	G	R	144	11	7.05%	2	1	93	93	4.063501124256654E-4	1	1	115	29	11	0	A
