Chrom	Position	Ref	Cons	Reads1	Reads2	VarFreq	Strands1	Strands2	Qual1	Qual2	Pvalue	MapQual1	MapQual2	Reads1Plus	Reads1Minus	Reads2Plus	Reads2Minus	VarAllele
B4_BC16_consensus_vsearch	36	G	R	306	8	2.49%	2	1	93	93	0.0037338947977920084	1	1	163	143	8	0	A
B4_BC16_consensus_vsearch	48	T	Y	311	9	2.8%	2	1	93	93	0.0018448940461453691	1	1	174	137	0	9	C
B4_BC16_consensus_vsearch	60	A	R	307	9	2.8%	2	1	93	93	0.0018435449771731236	1	1	164	143	9	0	G
B4_BC16_consensus_vsearch	93	G	R	296	14	4.49%	2	1	93	93	5.253063571102615E-5	1	1	153	143	14	0	A
B4_BC16_consensus_vsearch	98	A	R	312	10	3.1%	2	1	93	93	9.096993569105878E-4	1	1	164	148	10	0	G
B4_BC16_consensus_vsearch	113	C	Y	252	72	22.09%	2	1	93	93	2.4852193010445855E-24	1	1	177	75	0	72	T
B4_BC16_consensus_vsearch	117	C	Y	309	16	4.89%	2	1	93	93	1.2629201295560026E-5	1	1	176	133	0	16	T
B4_BC16_consensus_vsearch	131	A	R	304	12	3.8%	2	1	93	93	2.1950445924379393E-4	1	1	155	149	12	0	G
B4_BC16_consensus_vsearch	134	G	R	306	15	4.66%	2	1	93	93	2.5815043458826052E-5	1	1	156	150	15	0	A
B4_BC16_consensus_vsearch	146	C	Y	295	22	6.71%	2	2	93	93	1.6349915354957266E-7	1	1	169	126	3	19	T
B4_BC16_consensus_vsearch	149	T	Y	310	11	3.36%	2	2	93	93	4.475522998053483E-4	1	1	173	137	1	10	C
B4_BC16_consensus_vsearch	154	C	S	301	9	2.76%	2	1	93	93	0.00184145713009427	1	1	165	136	9	0	G
B4_BC16_consensus_vsearch	155	C	Y	311	11	3.37%	2	2	93	93	4.476753933055673E-4	1	1	172	139	1	10	T
B4_BC16_consensus_vsearch	175	T	Y	311	12	3.69%	2	1	93	93	2.2002030957800914E-4	1	1	174	137	0	12	C
B4_BC16_consensus_vsearch	185	T	Y	314	8	2.48%	2	1	93	93	0.003738132946844435	1	1	176	138	0	8	C
B4_BC16_consensus_vsearch	196	G	R	316	10	3.05%	2	2	93	93	9.105031320485759E-4	1	1	170	146	7	3	A
B4_BC16_consensus_vsearch	197	C	Y	302	7	2.13%	2	1	93	93	0.0075487547253543785	1	1	167	135	0	7	-T
B4_BC16_consensus_vsearch	202	C	Y	284	24	7.41%	2	2	93	93	3.7404420691275986E-8	1	1	163	121	3	21	T
B4_BC16_consensus_vsearch	211	T	W	266	18	6.14%	2	1	93	93	2.888928265076317E-6	1	1	145	121	18	0	A
B4_BC16_consensus_vsearch	216	C	Y	317	10	3.05%	2	2	93	93	9.107010665572475E-4	1	1	175	142	2	8	T
B4_BC16_consensus_vsearch	234	T	Y	302	7	2.18%	2	2	93	93	0.0075487547253543785	1	1	164	138	1	6	-A
B4_BC16_consensus_vsearch	249	T	Y	306	8	2.47%	2	2	93	93	0.0037338947977920084	1	1	166	140	2	6	C
B4_BC16_consensus_vsearch	260	T	Y	317	7	2.15%	2	2	93	93	0.007560888445766803	1	1	173	144	1	6	C
B4_BC16_consensus_vsearch	264	G	R	299	10	3.1%	2	2	93	93	9.069465014723013E-4	1	1	167	132	9	1	A
B4_BC16_consensus_vsearch	264	G	K	299	11	3.41%	2	1	93	93	4.4614735007729884E-4	1	1	167	132	0	11	T
B4_BC16_consensus_vsearch	272	G	K	317	8	2.45%	2	1	93	93	0.0037396690155496095	1	1	167	150	8	0	T
B4_BC16_consensus_vsearch	273	T	Y	317	7	2.13%	2	2	93	93	0.007560888445766803	1	1	171	146	2	5	C
B4_BC16_consensus_vsearch	275	C	Y	316	8	2.46%	2	2	93	93	0.0037391601206060374	1	1	173	143	1	7	T
B4_BC16_consensus_vsearch	279	A	R	317	7	2.15%	2	1	93	93	0.007560888445766803	1	1	169	148	7	0	G
B4_BC16_consensus_vsearch	286	G	R	306	7	2.15%	2	1	93	93	0.007552103349072626	1	1	158	148	7	0	A
B4_BC16_consensus_vsearch	290	G	R	300	7	2.18%	2	1	93	93	0.007547047910434978	1	1	149	151	7	0	-A
B4_BC16_consensus_vsearch	292	G	K	314	7	2.15%	2	1	93	93	0.007558551839045116	1	1	167	147	7	0	T
B4_BC16_consensus_vsearch	296	C	Y	301	7	2.19%	2	2	93	93	0.007547904070155765	1	1	163	138	4	3	T
B4_BC16_consensus_vsearch	299	A	R	319	8	2.44%	2	2	93	93	0.0037406775635562078	1	1	169	150	7	1	G
B4_BC16_consensus_vsearch	305	A	R	288	8	2.63%	2	1	93	93	0.003723530841838437	1	1	140	148	8	0	G
B4_BC16_consensus_vsearch	306	C	S	296	18	5.66%	2	1	93	93	2.968963557385939E-6	1	1	149	147	18	0	G
B4_BC16_consensus_vsearch	318	C	Y	276	8	2.46%	2	2	93	93	0.003715900308944675	1	1	168	108	6	2	-G
B4_BC16_consensus_vsearch	319	G	R	275	10	3.47%	2	1	93	93	9.012201100788449E-4	1	1	165	110	10	0	A
B4_BC16_consensus_vsearch	327	C	Y	306	8	2.52%	2	1	93	93	0.0037338947977920084	1	1	163	143	0	8	T
B4_BC16_consensus_vsearch	337	G	R	290	19	6.09%	2	1	93	93	1.433947847035464E-6	1	1	156	134	19	0	A
B4_BC16_consensus_vsearch	344	C	Y	301	20	6.12%	2	2	93	93	7.027854372179865E-7	1	1	175	126	1	19	T
B4_BC16_consensus_vsearch	364	T	Y	296	7	2.17%	2	2	93	93	0.007543567143856903	1	1	157	139	2	5	-A
B4_BC16_consensus_vsearch	371	C	Y	314	9	2.75%	2	2	93	93	0.0018458842535959892	1	1	174	140	1	8	T
B4_BC16_consensus_vsearch	386	C	Y	285	35	10.67%	2	1	93	93	1.0888195666256995E-11	1	1	176	109	0	35	T
B4_BC16_consensus_vsearch	388	T	Y	308	12	3.75%	2	2	93	93	2.198018975899724E-4	1	1	173	135	1	11	C
B4_BC16_consensus_vsearch	390	T	Y	223	7	2.13%	2	2	93	93	0.007458967428082863	1	1	126	97	1	6	-C
B4_BC16_consensus_vsearch	399	G	R	310	10	3.05%	2	2	93	93	9.092900924742661E-4	1	1	165	145	4	6	A
B4_BC16_consensus_vsearch	407	T	K	310	11	3.38%	2	1	93	93	4.475522998053483E-4	1	1	164	146	11	0	G
B4_BC16_consensus_vsearch	431	C	Y	313	11	3.36%	2	1	93	93	4.4791936292805796E-4	1	1	176	137	0	11	T
B4_BC16_consensus_vsearch	452	T	W	291	8	2.63%	2	1	93	93	0.003725343850254782	1	1	157	134	8	0	A
B4_BC16_consensus_vsearch	454	G	R	280	25	8.12%	2	1	93	93	1.785091108788251E-8	1	1	146	134	25	0	A
B4_BC16_consensus_vsearch	466	T	Y	309	8	2.52%	2	1	93	93	0.0037355089065581964	1	1	176	133	0	8	C
B4_BC16_consensus_vsearch	473	C	Y	311	10	3.07%	2	2	93	93	9.09495348801856E-4	1	1	174	137	2	8	T
B4_BC16_consensus_vsearch	477	A	R	319	7	2.14%	2	1	93	93	0.007562422442723779	1	1	169	150	7	0	G
B4_BC16_consensus_vsearch	480	A	R	300	7	2.2%	2	1	93	93	0.007547047910434978	1	1	153	147	7	0	G
B4_BC16_consensus_vsearch	490	T	Y	310	10	3.08%	2	2	93	93	9.092900924742661E-4	1	1	170	140	1	9	C
B4_BC16_consensus_vsearch	493	A	R	309	14	4.32%	2	1	93	93	5.285570700439046E-5	1	1	159	150	14	0	G
B4_BC16_consensus_vsearch	504	A	R	294	15	4.78%	2	2	93	93	2.5643782860570056E-5	1	1	150	144	11	4	G
B4_BC16_consensus_vsearch	506	C	Y	301	11	3.46%	2	2	93	93	4.4640995539823236E-4	1	1	156	145	8	3	T
B4_BC16_consensus_vsearch	520	G	R	303	22	6.73%	2	1	93	93	1.650774326721712E-7	1	1	153	150	22	0	A
B4_BC16_consensus_vsearch	521	G	R	318	7	2.13%	2	2	93	93	0.007561657789302346	1	1	168	150	6	1	A
B4_BC16_consensus_vsearch	523	G	R	301	23	7.1%	2	1	93	93	7.954455418586844E-8	1	1	151	150	23	0	A
B4_BC16_consensus_vsearch	549	T	Y	298	10	3.24%	2	2	93	93	9.06725328574049E-4	1	1	174	124	3	7	C
B4_BC16_consensus_vsearch	553	G	R	295	15	4.7%	2	2	93	93	2.5658528334125405E-5	1	1	151	144	14	1	A
B4_BC16_consensus_vsearch	554	C	Y	252	10	3.12%	2	2	93	93	8.947732384278332E-4	1	1	118	134	6	4	-A
B4_BC16_consensus_vsearch	570	C	Y	306	9	2.76%	2	1	93	93	0.0018432024399252702	1	1	168	138	0	9	-GC
B4_BC16_consensus_vsearch	575	A	R	264	11	3.44%	2	1	93	93	4.409533072146887E-4	1	1	156	108	11	0	-G
B4_BC16_consensus_vsearch	589	C	Y	313	10	3.07%	2	2	93	93	9.099021281461609E-4	1	1	173	140	2	8	T
B4_BC16_consensus_vsearch	596	C	Y	319	8	2.44%	2	1	93	93	0.0037406775635562078	1	1	176	143	0	8	T
B4_BC16_consensus_vsearch	601	C	Y	311	8	2.45%	2	2	93	93	0.003736568289976167	1	1	171	140	4	4	T
B4_BC16_consensus_vsearch	624	A	R	305	19	5.83%	2	1	93	93	1.4535822830637354E-6	1	1	155	150	19	0	G
B4_BC16_consensus_vsearch	629	A	R	312	10	3.06%	2	2	93	93	9.096993569105878E-4	1	1	164	148	9	1	G
B4_BC16_consensus_vsearch	643	G	R	305	8	2.53%	2	2	93	93	0.0037333499593181136	1	1	157	148	7	1	A
B4_BC16_consensus_vsearch	645	A	W	303	18	5.54%	2	1	93	93	2.985697596766141E-6	1	1	153	150	18	0	T
B4_BC16_consensus_vsearch	646	C	Y	301	20	6.15%	2	2	93	93	7.027854372179865E-7	1	1	152	149	19	1	T
B4_BC16_consensus_vsearch	654	T	K	311	8	2.5%	2	2	93	93	0.003736568289976167	1	1	165	146	6	2	G
B4_BC16_consensus_vsearch	680	T	Y	296	8	2.48%	2	2	93	93	0.003728286891533163	1	1	159	137	1	7	-A
B4_BC16_consensus_vsearch	687	A	R	282	34	10.66%	2	1	93	93	2.2786866047602063E-11	1	1	139	143	34	0	G
B4_BC16_consensus_vsearch	698	G	R	307	13	4.05%	2	1	93	93	1.078009306652959E-4	1	1	162	145	13	0	A
B4_BC16_consensus_vsearch	707	C	Y	312	8	2.48%	2	2	93	93	0.0037370930678341757	1	1	169	143	3	5	T
B4_BC16_consensus_vsearch	711	G	R	300	18	5.57%	2	1	93	93	2.978607185763602E-6	1	1	150	150	18	0	A
B4_BC16_consensus_vsearch	729	C	Y	314	8	2.44%	2	2	93	93	0.003738132946844435	1	1	172	142	3	5	T
B4_BC16_consensus_vsearch	730	C	Y	287	9	2.74%	2	2	93	93	0.0018362617850178418	1	1	143	144	5	4	-AC
B4_BC16_consensus_vsearch	734	C	Y	108	8	6.61%	2	1	93	93	0.003448135822180487	1	1	50	58	0	8	T
B4_BC16_consensus_vsearch	735	C	Y	258	25	8.56%	2	1	93	93	1.7122289259932318E-8	1	1	172	86	0	25	T
B4_BC16_consensus_vsearch	736	C	Y	290	24	7.45%	2	1	93	93	3.775217593786167E-8	1	1	176	114	0	24	T
B4_BC16_consensus_vsearch	737	C	Y	315	10	3.06%	2	1	93	93	9.103040047076643E-4	1	1	176	139	0	10	T
B4_BC16_consensus_vsearch	738	C	Y	289	33	10.09%	2	2	93	93	4.907291935633319E-11	1	1	173	116	1	32	T
B4_BC16_consensus_vsearch	741	A	R	296	24	7.38%	2	2	93	93	3.808942954344001E-8	1	1	152	144	22	2	G
B4_BC16_consensus_vsearch	754	C	Y	307	10	3.07%	2	2	93	93	9.086667186070912E-4	1	1	171	136	1	9	T
B4_BC16_consensus_vsearch	757	A	R	298	17	5.31%	2	2	93	93	6.112299400714536E-6	1	1	158	140	15	2	G
B4_BC16_consensus_vsearch	778	G	R	303	22	6.73%	2	1	93	93	1.650774326721712E-7	1	1	154	149	22	0	A
B4_BC16_consensus_vsearch	784	A	R	302	19	5.86%	2	2	93	93	1.4497858522748563E-6	1	1	156	146	18	1	G
B4_BC16_consensus_vsearch	796	C	Y	318	10	3.05%	2	2	93	93	9.108978189109956E-4	1	1	175	143	2	8	T
B4_BC16_consensus_vsearch	807	A	R	293	12	3.67%	2	2	93	93	2.1864775387895355E-4	1	1	163	130	10	2	-G
B4_BC16_consensus_vsearch	825	A	R	295	9	2.81%	2	2	93	93	0.0018392881998228144	1	1	151	144	8	1	-G
B4_BC16_consensus_vsearch	827	G	R	317	7	2.14%	2	1	93	93	0.007560888445766803	1	1	168	149	7	0	A
B4_BC16_consensus_vsearch	830	A	R	295	8	2.57%	2	1	93	93	0.0037277059675883554	1	1	166	129	8	0	G
B4_BC16_consensus_vsearch	834	G	R	304	9	2.78%	2	2	93	93	0.0018425109022510314	1	1	158	146	8	1	A
B4_BC16_consensus_vsearch	837	A	R	309	7	2.17%	2	2	93	93	0.007554559545842425	1	1	166	143	1	6	G
B4_BC16_consensus_vsearch	838	C	Y	305	10	3.07%	2	2	93	93	9.082446805436611E-4	1	1	160	145	7	3	T
B4_BC16_consensus_vsearch	848	A	R	314	9	2.78%	2	2	93	93	0.0018458842535959892	1	1	165	149	8	1	G
B4_BC16_consensus_vsearch	867	G	R	306	11	3.45%	2	1	93	93	4.4705237598098834E-4	1	1	156	150	11	0	A
B4_BC16_consensus_vsearch	868	G	R	308	7	2.13%	2	1	93	93	0.0075537459778972	1	1	158	150	7	0	A
B4_BC16_consensus_vsearch	870	C	Y	317	7	2.14%	2	2	93	93	0.007560888445766803	1	1	168	149	6	1	T
B4_BC16_consensus_vsearch	874	G	R	310	14	4.31%	2	1	93	93	5.287968800527864E-5	1	1	159	151	14	0	A
B4_BC16_consensus_vsearch	893	C	S	305	13	4.02%	2	1	93	93	1.0771498192928485E-4	1	1	160	145	13	0	G
B4_BC16_consensus_vsearch	896	A	R	305	21	6.4%	2	1	93	93	3.419194867833008E-7	1	1	154	151	21	0	G
B4_BC16_consensus_vsearch	906	T	Y	315	7	2.15%	2	2	93	93	0.007559335514723115	1	1	171	144	4	3	C
B4_BC16_consensus_vsearch	917	A	R	311	10	3.08%	2	1	93	93	9.09495348801856E-4	1	1	165	146	10	0	G
B4_BC16_consensus_vsearch	935	T	Y	319	7	2.14%	2	1	93	93	0.007562422442723779	1	1	175	144	0	7	C
B4_BC16_consensus_vsearch	948	G	R	309	19	5.79%	2	1	93	93	1.4585479188835793E-6	1	1	158	151	19	0	A
B4_BC16_consensus_vsearch	950	T	Y	320	7	2.14%	2	1	93	93	0.007563182448808609	1	1	176	144	0	7	C
B4_BC16_consensus_vsearch	968	T	Y	316	8	2.45%	2	2	93	93	0.0037391601206060374	1	1	174	142	1	7	C
B4_BC16_consensus_vsearch	969	T	Y	317	9	2.74%	2	1	93	93	0.0018468565107487142	1	1	177	140	0	9	C
B4_BC16_consensus_vsearch	976	A	R	265	8	2.79%	2	2	93	93	0.0037083236186299423	1	1	122	143	6	2	-C
B4_BC16_consensus_vsearch	977	C	S	266	37	11.86%	2	1	93	93	2.2576572666668875E-12	1	1	125	141	37	0	G
B4_BC16_consensus_vsearch	978	C	Y	247	7	2.15%	2	1	93	93	0.00749210286352295	1	1	152	95	0	7	-A
B4_BC16_consensus_vsearch	990	A	R	309	10	3.12%	2	2	93	93	9.090835764411413E-4	1	1	160	149	9	1	G
B4_BC16_consensus_vsearch	995	C	Y	314	9	2.77%	2	2	93	93	0.0018458842535959892	1	1	175	139	1	8	T
B4_BC16_consensus_vsearch	1000	T	Y	304	7	2.16%	2	1	93	93	0.007550439733141782	1	1	173	131	0	7	C
B4_BC16_consensus_vsearch	1020	G	K	300	7	2.18%	2	2	93	93	0.007547047910434978	1	1	157	143	6	1	T
B4_BC16_consensus_vsearch	1021	T	Y	300	8	2.54%	2	2	93	93	0.0037305732760555144	1	1	166	134	3	5	C
B4_BC16_consensus_vsearch	1022	A	M	295	8	2.45%	2	2	93	93	0.0037277059675883554	1	1	156	139	1	7	C
B4_BC16_consensus_vsearch	1022	A	R	295	17	5.21%	2	2	93	93	6.098926794066694E-6	1	1	156	139	16	1	G
B4_BC16_consensus_vsearch	1025	A	R	306	21	6.42%	2	2	93	93	3.422788292460266E-7	1	1	156	150	20	1	G
B4_BC16_consensus_vsearch	1042	G	R	301	13	4.06%	2	2	93	93	1.0753994466206977E-4	1	1	152	149	12	1	A
B4_BC16_consensus_vsearch	1043	C	Y	271	14	4.32%	2	2	93	93	5.1827045630533664E-5	1	1	126	145	12	2	-AC
B4_BC16_consensus_vsearch	1044	A	W	281	8	2.62%	2	1	93	93	0.003719155811269887	1	1	132	149	8	0	T
B4_BC16_consensus_vsearch	1045	C	Y	276	13	4.21%	2	2	93	93	1.0634144193551644E-4	1	1	129	147	10	3	T
B4_BC16_consensus_vsearch	1046	G	R	286	13	4.21%	2	1	93	93	1.0684377615666538E-4	1	1	138	148	13	0	A
B4_BC16_consensus_vsearch	1050	T	Y	289	9	3%	2	1	93	93	0.0018370333708521921	1	1	174	115	0	9	C
B4_BC16_consensus_vsearch	1051	T	Y	285	31	9.45%	2	2	93	93	2.1487580095389917E-10	1	1	171	114	1	30	C
B4_BC16_consensus_vsearch	1078	C	Y	305	7	2.18%	2	1	93	93	0.007551274189551532	1	1	161	144	7	0	T
B4_BC16_consensus_vsearch	1079	A	R	274	10	3.12%	2	1	93	93	9.009610064181275E-4	1	1	145	129	10	0	-G
B4_BC16_consensus_vsearch	1087	C	Y	271	27	8.23%	2	2	93	93	4.021841145569641E-9	1	1	167	104	1	26	T
B4_BC16_consensus_vsearch	1120	A	R	299	23	7.03%	2	2	93	93	7.933761680432397E-8	1	1	150	149	21	2	G
B4_BC16_consensus_vsearch	1127	T	Y	303	7	2.19%	2	2	93	93	0.007549599928934281	1	1	171	132	1	6	C
B4_BC16_consensus_vsearch	1137	G	S	311	8	2.45%	2	1	93	93	0.003736568289976167	1	1	164	147	8	0	C
B4_BC16_consensus_vsearch	1155	A	R	314	8	2.45%	2	2	93	93	0.003738132946844435	1	1	170	144	5	3	G
B4_BC16_consensus_vsearch	1188	A	R	290	14	4.31%	2	1	93	93	5.2371743091577736E-5	1	1	152	138	14	0	G
B4_BC16_consensus_vsearch	1205	A	R	281	8	2.58%	2	1	93	93	0.003719155811269887	1	1	135	146	8	0	-C
B4_BC16_consensus_vsearch	1207	C	S	312	13	3.99%	2	1	93	93	1.0801137180022455E-4	1	1	163	149	13	0	G
B4_BC16_consensus_vsearch	1217	C	Y	297	16	5.1%	2	2	93	93	1.2535623908953424E-5	1	1	164	133	1	15	T
B4_BC16_consensus_vsearch	1224	T	K	288	11	3.63%	2	1	93	93	4.4464208054904966E-4	1	1	147	141	11	0	G
B4_BC16_consensus_vsearch	1225	T	Y	311	8	2.45%	2	2	93	93	0.003736568289976167	1	1	168	143	3	5	C
B4_BC16_consensus_vsearch	1242	T	Y	309	7	2.17%	2	1	93	93	0.007554559545842425	1	1	172	137	0	7	C
B4_BC16_consensus_vsearch	1243	A	R	299	15	4.67%	2	2	93	93	2.5716630923415118E-5	1	1	154	145	14	1	G
B4_BC16_consensus_vsearch	1304	G	R	288	16	5.25%	2	1	93	93	1.2460966575564419E-5	1	1	159	129	16	0	A
B4_BC16_consensus_vsearch	1314	C	Y	289	16	4.88%	2	1	93	93	1.2469462640863311E-5	1	1	171	118	0	16	T
B4_BC16_consensus_vsearch	1335	A	R	315	8	2.45%	2	2	93	93	0.003738648107284543	1	1	168	147	7	1	G
B4_BC16_consensus_vsearch	1337	T	Y	314	7	2.17%	2	1	93	93	0.007558551839045116	1	1	176	138	0	7	C
B4_BC16_consensus_vsearch	1339	C	Y	258	25	7.89%	2	2	93	93	1.7122289259932318E-8	1	1	159	99	1	24	T
B4_BC16_consensus_vsearch	1340	G	R	245	46	15.08%	2	2	93	93	2.059613242201509E-15	1	1	118	127	44	2	A
B4_BC16_consensus_vsearch	1341	G	R	305	9	2.75%	2	2	93	93	0.0018428577550388455	1	1	156	149	8	1	A
B4_BC16_consensus_vsearch	1342	G	K	308	16	4.89%	2	1	93	93	1.2621648736016599E-5	1	1	158	150	16	0	T
B4_BC16_consensus_vsearch	1347	A	R	311	14	4.28%	2	1	93	93	5.2903529044944014E-5	1	1	160	151	14	0	G
B4_BC16_consensus_vsearch	1349	T	Y	309	7	2.17%	2	2	93	93	0.007554559545842425	1	1	169	140	1	6	C
B4_BC16_consensus_vsearch	1350	G	R	294	30	9.17%	2	2	93	93	4.6082799480414443E-10	1	1	146	148	28	2	A
B4_BC16_consensus_vsearch	1363	A	R	285	8	2.69%	2	1	93	93	0.0037216811325868635	1	1	145	140	8	0	G
B4_BC16_consensus_vsearch	1369	T	Y	315	8	2.48%	2	2	93	93	0.003738648107284543	1	1	168	147	6	2	C
B4_BC16_consensus_vsearch	1392	A	R	307	14	4.28%	2	2	93	93	5.280732016985608E-5	1	1	160	147	12	2	G
B4_BC16_consensus_vsearch	1429	A	R	291	7	2.3%	2	2	93	93	0.007539085690174033	1	1	147	144	6	1	G
B4_BC16_consensus_vsearch	1453	G	R	257	17	6.2%	2	1	93	93	5.906704434617644E-6	1	1	150	107	17	0	A
B4_BC16_consensus_vsearch	1511	A	R	302	11	3.38%	2	1	93	93	4.4654003511981547E-4	1	1	162	140	11	0	G
B4_BC16_consensus_vsearch	1535	C	Y	178	20	6.17%	2	2	93	93	5.75620926781183E-7	1	1	39	139	14	6	T
B4_BC16_consensus_vsearch	1544	T	Y	284	14	4.36%	2	2	93	93	5.2206812826079286E-5	1	1	154	130	4	10	C
B4_BC16_consensus_vsearch	1559	T	Y	310	7	2.16%	2	2	93	93	0.007555368014229169	1	1	169	141	4	3	C
B4_BC16_consensus_vsearch	1561	C	Y	305	15	4.67%	2	1	93	93	2.5801231658812913E-5	1	1	175	130	0	15	T
B4_BC16_consensus_vsearch	1568	A	R	286	12	3.67%	2	2	93	93	2.1807088671943345E-4	1	1	156	130	11	1	-C
B4_BC16_consensus_vsearch	1571	C	Y	291	14	4.27%	2	2	93	93	5.239863540345976E-5	1	1	171	120	2	12	-G
B4_BC16_consensus_vsearch	1576	G	R	245	8	2.53%	2	1	93	93	0.003692882342347513	1	1	145	100	0	8	-TG
B4_BC16_consensus_vsearch	1577	T	W	242	13	4.92%	2	1	93	93	1.0435483590733689E-4	1	1	144	98	0	13	A
B4_BC16_consensus_vsearch	1578	G	R	225	8	3.04%	2	1	93	93	0.0036748286042396724	1	1	126	99	8	0	-C
B4_BC16_consensus_vsearch	1580	C	Y	304	18	5.54%	2	2	93	93	2.9880345643732002E-6	1	1	175	129	1	17	T
B4_BC16_consensus_vsearch	1590	C	Y	304	8	2.45%	2	2	93	93	0.003732801665827003	1	1	157	147	6	2	-A
B4_BC16_consensus_vsearch	1592	C	Y	305	10	3.15%	2	2	93	93	9.082446805436611E-4	1	1	159	146	9	1	T
B4_BC16_consensus_vsearch	1593	A	R	306	8	2.48%	2	1	93	93	0.0037338947977920084	1	1	157	149	8	0	G
B4_BC16_consensus_vsearch	1594	G	R	303	20	6.19%	2	2	93	93	7.041569826117839E-7	1	1	154	149	18	2	A
B4_BC16_consensus_vsearch	1602	G	R	304	10	3.17%	2	1	93	93	9.080316886694397E-4	1	1	156	148	10	0	A
B4_BC16_consensus_vsearch	1606	G	R	292	10	3.28%	2	1	93	93	9.053682189078097E-4	1	1	142	150	10	0	A
B4_BC16_consensus_vsearch	1612	G	R	315	7	2.15%	2	1	93	93	0.007559335514723115	1	1	165	150	7	0	A
B4_BC16_consensus_vsearch	1614	A	R	306	13	4.06%	2	1	93	93	1.0775808516339881E-4	1	1	156	150	13	0	G
B4_BC16_consensus_vsearch	1635	T	W	299	9	2.85%	2	2	93	93	0.0018407433927905296	1	1	161	138	8	1	A
B4_BC16_consensus_vsearch	1646	A	R	315	7	2.15%	2	1	93	93	0.007559335514723115	1	1	167	148	7	0	G
B4_BC16_consensus_vsearch	1661	T	Y	312	8	2.49%	2	2	93	93	0.0037370930678341757	1	1	169	143	1	7	C
B4_BC16_consensus_vsearch	1666	A	R	307	13	3.98%	2	2	93	93	1.078009306652959E-4	1	1	159	148	12	1	G
B4_BC16_consensus_vsearch	1681	T	Y	314	9	2.77%	2	2	93	93	0.0018458842535959892	1	1	172	142	2	7	C
B4_BC16_consensus_vsearch	1701	G	R	299	17	5.25%	2	1	93	93	6.116705385367523E-6	1	1	150	149	17	0	A
B4_BC16_consensus_vsearch	1706	A	R	316	7	2.13%	2	2	93	93	0.007560114368843736	1	1	170	146	5	2	G
B4_BC16_consensus_vsearch	1712	G	K	284	7	2.14%	2	1	93	93	0.007532554766260561	1	1	137	147	7	0	-TG
B4_BC16_consensus_vsearch	1716	T	Y	317	8	2.45%	2	2	93	93	0.0037396690155496095	1	1	176	141	1	7	C
B4_BC16_consensus_vsearch	1720	G	R	313	10	3.08%	2	1	93	93	9.099021281461609E-4	1	1	165	148	10	0	A
B4_BC16_consensus_vsearch	1728	C	Y	312	13	3.96%	2	2	93	93	1.0801137180022455E-4	1	1	174	138	1	12	T
B4_BC16_consensus_vsearch	1734	A	R	307	8	2.48%	2	2	93	93	0.003734436213792579	1	1	162	145	7	1	G
B4_BC16_consensus_vsearch	1738	A	R	310	8	2.48%	2	1	93	93	0.003736040246407896	1	1	164	146	8	0	G
B4_BC16_consensus_vsearch	1752	T	Y	310	9	2.75%	2	2	93	93	0.0018445599018759912	1	1	168	142	4	5	C
B4_BC16_consensus_vsearch	1757	C	Y	309	10	3.06%	2	1	93	93	9.090835764411413E-4	1	1	174	135	0	10	T
B4_BC16_consensus_vsearch	1766	A	R	309	17	5.2%	2	2	93	93	6.159403089609033E-6	1	1	160	149	15	2	G
B4_BC16_consensus_vsearch	1794	G	R	291	16	5.16%	2	1	93	93	1.2486301459972181E-5	1	1	142	149	16	0	A
B4_BC16_consensus_vsearch	1795	C	Y	291	15	4.82%	2	1	93	93	2.5599006003183448E-5	1	1	144	147	15	0	T
B4_BC16_consensus_vsearch	1808	G	R	305	17	5.2%	2	1	93	93	6.142615317571036E-6	1	1	157	148	17	0	A
B4_BC16_consensus_vsearch	1810	A	R	307	9	2.82%	2	1	93	93	0.0018435449771731236	1	1	160	147	9	0	G
B4_BC16_consensus_vsearch	1823	A	R	296	14	4.39%	2	1	93	93	5.253063571102615E-5	1	1	157	139	14	0	G
B4_BC16_consensus_vsearch	1825	A	R	317	9	2.76%	2	2	93	93	0.0018468565107487142	1	1	168	149	8	1	G
B4_BC16_consensus_vsearch	1826	A	R	313	12	3.66%	2	2	93	93	2.2016375465967462E-4	1	1	165	148	10	2	G
B4_BC16_consensus_vsearch	1828	G	R	303	16	4.94%	2	2	93	93	1.2583227866993301E-5	1	1	156	147	15	1	A
B4_BC16_consensus_vsearch	1831	A	R	289	16	4.94%	2	2	93	93	1.2469462640863311E-5	1	1	154	135	15	1	G
B4_BC16_consensus_vsearch	1837	A	R	302	10	3.1%	2	1	93	93	9.076016973983641E-4	1	1	163	139	10	0	G
B4_BC16_consensus_vsearch	1864	T	Y	304	7	2.24%	2	2	93	93	0.007550439733141782	1	1	170	134	1	6	C
B4_BC16_consensus_vsearch	1905	A	R	316	7	2.14%	2	2	93	93	0.007560114368843736	1	1	171	145	6	1	G
B4_BC16_consensus_vsearch	1914	A	R	315	7	2.15%	2	2	93	93	0.007559335514723115	1	1	170	145	5	2	G
B4_BC16_consensus_vsearch	1915	G	K	312	8	2.45%	2	1	93	93	0.0037370930678341757	1	1	166	146	8	0	T
B4_BC16_consensus_vsearch	1940	A	R	315	8	2.45%	2	2	93	93	0.003738648107284543	1	1	167	148	6	2	G
B4_BC16_consensus_vsearch	1945	C	Y	295	26	7.93%	2	2	93	93	8.794439270556214E-9	1	1	171	124	3	23	T
B4_BC16_consensus_vsearch	1960	T	K	311	13	3.99%	2	1	93	93	1.0796978097540301E-4	1	1	160	151	13	0	G
B4_BC16_consensus_vsearch	1966	T	Y	303	9	2.74%	2	2	93	93	0.001842161861056395	1	1	173	130	2	7	-C
B4_BC16_consensus_vsearch	1971	C	M	296	9	2.9%	2	1	93	93	0.0018396555187291618	1	1	149	147	9	0	A
B4_BC16_consensus_vsearch	1972	C	Y	281	20	6.1%	2	1	93	93	6.882012421460891E-7	1	1	160	121	0	20	T
B4_BC16_consensus_vsearch	1973	G	R	293	12	3.88%	2	2	93	93	2.1864775387895355E-4	1	1	150	143	10	2	A
B4_BC16_consensus_vsearch	2000	C	Y	318	7	2.13%	2	1	93	93	0.007561657789302346	1	1	177	141	0	7	T
B4_BC16_consensus_vsearch	2002	A	R	316	7	2.14%	2	1	93	93	0.007560114368843736	1	1	170	146	7	0	G
B4_BC16_consensus_vsearch	2006	A	R	299	8	2.5%	2	2	93	93	0.003730007204504208	1	1	165	134	7	1	G
B4_BC16_consensus_vsearch	2008	T	Y	314	9	2.79%	2	2	93	93	0.0018458842535959892	1	1	172	142	2	7	C
B4_BC16_consensus_vsearch	2036	T	Y	310	8	2.45%	2	2	93	93	0.003736040246407896	1	1	167	143	5	3	C
B4_BC16_consensus_vsearch	2043	A	R	290	28	8.56%	2	1	93	93	2.0011739220253287E-9	1	1	146	144	28	0	G
B4_BC16_consensus_vsearch	2045	C	Y	299	8	2.47%	2	1	93	93	0.003730007204504208	1	1	169	130	0	8	T
B4_BC16_consensus_vsearch	2046	G	R	305	14	4.38%	2	1	93	93	5.2758358495960476E-5	1	1	160	145	14	0	A
B4_BC16_consensus_vsearch	2056	G	R	307	17	5.2%	2	2	93	93	6.15105666248135E-6	1	1	159	148	15	2	A
B4_BC16_consensus_vsearch	2080	T	Y	291	26	8.1%	2	1	93	93	8.733645639079472E-9	1	1	174	117	0	26	C
B4_BC16_consensus_vsearch	2081	T	Y	304	13	4.01%	2	1	93	93	1.0767161863384654E-4	1	1	176	128	0	13	C
B4_BC16_consensus_vsearch	2085	C	Y	314	10	3.05%	2	2	93	93	9.101036737212366E-4	1	1	173	141	1	9	T
B4_BC16_consensus_vsearch	2086	A	R	316	10	3.07%	2	2	93	93	9.105031320485759E-4	1	1	167	149	9	1	G
B4_BC16_consensus_vsearch	2096	A	R	311	7	2.15%	2	2	93	93	0.007556171430833954	1	1	162	149	6	1	G
B4_BC16_consensus_vsearch	2128	G	R	294	13	4.17%	2	2	93	93	1.0722314920824708E-4	1	1	149	145	12	1	A
B4_BC16_consensus_vsearch	2129	C	M	300	8	2.52%	2	1	93	93	0.0037305732760555144	1	1	159	141	8	0	A
B4_BC16_consensus_vsearch	2133	A	R	311	7	2.16%	2	2	93	93	0.007556171430833954	1	1	166	145	6	1	G
B4_BC16_consensus_vsearch	2135	G	R	236	58	19.66%	2	1	93	93	1.5288645608186904E-19	1	1	112	124	58	0	A
B4_BC16_consensus_vsearch	2147	C	Y	316	7	2.15%	2	2	93	93	0.007560114368843736	1	1	174	142	1	6	T
B4_BC16_consensus_vsearch	2167	T	Y	310	7	2.13%	2	2	93	93	0.007555368014229169	1	1	166	144	3	4	-C
B4_BC16_consensus_vsearch	2176	A	R	299	17	5.18%	2	2	93	93	6.116705385367523E-6	1	1	155	144	16	1	G
B4_BC16_consensus_vsearch	2177	C	S	315	11	3.36%	2	1	93	93	4.4816042013600066E-4	1	1	166	149	11	0	G
B4_BC16_consensus_vsearch	2210	A	R	314	8	2.47%	2	1	93	93	0.003738132946844435	1	1	166	148	8	0	G
B4_BC16_consensus_vsearch	2234	C	M	190	15	5.47%	2	2	93	93	2.3400493517599244E-5	1	1	128	62	14	1	A
B4_BC16_consensus_vsearch	2234	C	S	190	57	20.8%	2	2	93	93	1.7887637332623512E-19	1	1	128	62	6	51	G
B4_BC16_consensus_vsearch	2237	A	R	103	8	2.44%	2	1	93	93	0.0034281334233636305	1	1	59	44	8	0	+C
B4_BC16_consensus_vsearch	2240	G	R	185	90	29.51%	2	2	93	93	1.276648399109216E-31	1	1	70	115	88	2	A
B4_BC16_consensus_vsearch	2240	G	S	185	22	7.21%	2	2	93	93	1.3231683048650375E-7	1	1	70	115	5	17	A
B4_BC16_consensus_vsearch	2241	G	R	247	48	14.68%	2	2	93	93	4.4298748151464916E-16	1	1	111	136	45	3	A
B4_BC16_consensus_vsearch	2241	G	S	247	11	3.36%	2	1	93	93	4.3793947047224713E-4	1	1	111	136	0	11	A
B4_BC16_consensus_vsearch	2244	G	R	301	10	3.12%	2	2	93	93	9.073846728008486E-4	1	1	160	141	9	1	A
B4_BC16_consensus_vsearch	2245	C	M	310	7	2.2%	2	2	93	93	0.007555368014229169	1	1	167	143	4	3	A
B4_BC16_consensus_vsearch	2246	C	Y	306	8	2.44%	2	2	93	93	0.0037338947977920084	1	1	168	138	7	1	T
B4_BC16_consensus_vsearch	2271	A	R	317	8	2.45%	2	2	93	93	0.0037396690155496095	1	1	169	148	7	1	G
B4_BC16_consensus_vsearch	2273	A	R	307	7	2.18%	2	2	93	93	0.0075529272619753235	1	1	162	145	5	2	G
B4_BC16_consensus_vsearch	2278	T	Y	311	8	2.49%	2	2	93	93	0.003736568289976167	1	1	166	145	6	2	C
B4_BC16_consensus_vsearch	2279	A	R	313	11	3.36%	2	2	93	93	4.4791936292805796E-4	1	1	165	148	10	1	G
B4_BC16_consensus_vsearch	2287	A	R	313	7	2.14%	2	2	93	93	0.0075577632969213195	1	1	173	140	4	3	G
B4_BC16_consensus_vsearch	2288	T	Y	254	11	3.35%	2	1	93	93	4.392257188796428E-4	1	1	174	80	0	11	+C
B4_BC16_consensus_vsearch	2289	G	R	310	7	2.17%	2	2	93	93	0.007555368014229169	1	1	168	142	6	1	A
B4_BC16_consensus_vsearch	2296	A	R	315	10	3.05%	2	2	93	93	9.103040047076643E-4	1	1	167	148	8	2	G
B4_BC16_consensus_vsearch	2298	C	Y	317	10	3.05%	2	1	93	93	9.107010665572475E-4	1	1	177	140	0	10	T
B4_BC16_consensus_vsearch	2305	G	R	245	46	15.44%	2	1	93	93	2.059613242201509E-15	1	1	119	126	46	0	A
B4_BC16_consensus_vsearch	2306	G	K	302	9	2.83%	2	1	93	93	0.0018418106106839363	1	1	172	130	0	9	T
B4_BC16_consensus_vsearch	2308	T	Y	276	27	8.28%	2	1	93	93	4.064889862288214E-9	1	1	154	122	0	27	C
B4_BC16_consensus_vsearch	2313	C	Y	298	9	2.79%	2	1	93	93	0.0018403830926506065	1	1	174	124	0	9	T
B4_BC16_consensus_vsearch	2321	A	R	305	17	5.21%	2	1	93	93	6.142615317571036E-6	1	1	158	147	17	0	G
B4_BC16_consensus_vsearch	2331	A	R	307	10	3.05%	2	2	93	93	9.086667186070912E-4	1	1	165	142	9	1	G
B4_BC16_consensus_vsearch	2335	T	Y	303	11	3.43%	2	2	93	93	4.466693096364799E-4	1	1	173	130	1	10	C
B4_BC16_consensus_vsearch	2336	T	Y	293	8	2.48%	2	1	93	93	0.0037265326689499704	1	1	175	118	0	8	-C
B4_BC16_consensus_vsearch	2366	C	Y	304	7	2.17%	2	2	93	93	0.007550439733141782	1	1	165	139	2	5	-GC
B4_BC16_consensus_vsearch	2368	C	Y	310	7	2.19%	2	2	93	93	0.007555368014229169	1	1	167	143	3	4	T
B4_BC16_consensus_vsearch	2384	G	S	318	7	2.13%	2	1	93	93	0.007561657789302346	1	1	169	149	7	0	C
B4_BC16_consensus_vsearch	2388	T	Y	318	8	2.45%	2	2	93	93	0.0037401748205127794	1	1	175	143	1	7	C
B4_BC16_consensus_vsearch	2394	A	R	299	18	5.54%	2	1	93	93	2.976216838381955E-6	1	1	149	150	18	0	G
B4_BC16_consensus_vsearch	2396	G	R	317	7	2.15%	2	1	93	93	0.007560888445766803	1	1	168	149	7	0	A
B4_BC16_consensus_vsearch	2413	C	Y	316	7	2.15%	2	1	93	93	0.007560114368843736	1	1	174	142	0	7	T
B4_BC16_consensus_vsearch	2465	G	R	318	7	2.14%	2	1	93	93	0.007561657789302346	1	1	168	150	7	0	A
B4_BC16_consensus_vsearch	2482	G	R	303	10	3.07%	2	2	93	93	9.078173651286913E-4	1	1	173	130	1	9	A
B4_BC16_consensus_vsearch	2483	C	Y	292	19	6.05%	2	1	93	93	1.4366626494695928E-6	1	1	174	118	0	19	T
B4_BC16_consensus_vsearch	2500	C	M	273	16	4.88%	2	1	93	93	1.2327043737182117E-5	1	1	128	145	16	0	A
B4_BC16_consensus_vsearch	2506	C	Y	320	7	2.14%	2	2	93	93	0.007563182448808609	1	1	171	149	6	1	T
B4_BC16_consensus_vsearch	2532	A	R	315	7	2.14%	2	2	93	93	0.007559335514723115	1	1	170	145	3	4	G
B4_BC16_consensus_vsearch	2550	T	Y	312	10	3.07%	2	1	93	93	9.096993569105878E-4	1	1	173	139	0	10	C
B4_BC16_consensus_vsearch	2552	A	R	297	14	4.36%	2	2	93	93	5.255655398048852E-5	1	1	166	131	4	10	G
B4_BC16_consensus_vsearch	2553	T	Y	294	15	4.66%	2	2	93	93	2.5643782860570056E-5	1	1	175	119	1	14	C
B4_BC16_consensus_vsearch	2572	A	R	309	9	2.75%	2	1	93	93	0.0018442236885128761	1	1	164	145	9	0	G
B4_BC16_consensus_vsearch	2609	G	R	302	7	2.16%	2	2	93	93	0.0075487547253543785	1	1	154	148	6	1	A
B4_BC16_consensus_vsearch	2609	G	K	302	10	3.09%	2	1	93	93	9.076016973983641E-4	1	1	154	148	10	0	T
B4_BC16_consensus_vsearch	2613	C	Y	303	13	4.02%	2	2	93	93	1.0762799291955982E-4	1	1	160	143	9	4	T
B4_BC16_consensus_vsearch	2617	T	W	310	7	2.19%	2	1	93	93	0.007555368014229169	1	1	161	149	7	0	A
B4_BC16_consensus_vsearch	2621	A	R	309	7	2.2%	2	2	93	93	0.007554559545842425	1	1	160	149	6	1	G
B4_BC16_consensus_vsearch	2637	C	Y	317	9	2.74%	2	1	93	93	0.0018468565107487142	1	1	175	142	0	9	T
B4_BC16_consensus_vsearch	2649	T	Y	315	7	2.13%	2	2	93	93	0.007559335514723115	1	1	173	142	1	6	C
B4_BC16_consensus_vsearch	2659	G	S	306	12	3.67%	2	1	93	93	2.1965408079680396E-4	1	1	159	147	12	0	C
B4_BC16_consensus_vsearch	2663	G	R	299	25	7.62%	2	1	93	93	1.8417623699953007E-8	1	1	152	147	25	0	A
B4_BC16_consensus_vsearch	2665	A	R	267	36	11.11%	2	1	93	93	4.819717760298818E-12	1	1	135	132	36	0	G
B4_BC16_consensus_vsearch	2677	C	Y	292	8	2.63%	2	2	93	93	0.003725940218788008	1	1	168	124	1	7	T
B4_BC16_consensus_vsearch	2679	C	Y	314	10	3.08%	2	2	93	93	9.101036737212366E-4	1	1	172	142	3	7	T
B4_BC16_consensus_vsearch	2680	C	Y	306	9	2.75%	2	2	93	93	0.0018432024399252702	1	1	168	138	3	6	T
B4_BC16_consensus_vsearch	2681	C	S	254	9	2.75%	2	1	93	93	0.0018218680650561358	1	1	152	102	0	9	-GC
B4_BC16_consensus_vsearch	2681	C	Y	254	36	11.01%	2	2	93	93	4.571666841081967E-12	1	1	152	102	5	31	T
B4_BC16_consensus_vsearch	2682	G	R	291	12	3.93%	2	1	93	93	2.184855536535597E-4	1	1	143	148	12	0	A
B4_BC16_consensus_vsearch	2702	C	S	285	19	5.86%	2	2	93	93	1.4270229230336525E-6	1	1	142	143	18	1	G
B4_BC16_consensus_vsearch	2717	G	R	309	12	3.66%	2	2	93	93	2.1987513936562003E-4	1	1	159	150	11	1	A
B4_BC16_consensus_vsearch	2740	A	R	313	7	2.15%	2	2	93	93	0.0075577632969213195	1	1	168	145	3	4	G
B4_BC16_consensus_vsearch	2744	A	R	91	45	13.8%	2	2	93	93	3.560611099352026E-16	1	1	82	9	40	5	+G
B4_BC16_consensus_vsearch	2746	G	R	276	23	7.08%	2	1	93	93	7.679590240917414E-8	1	1	127	149	23	0	A
B4_BC16_consensus_vsearch	2748	A	R	231	7	2.18%	2	1	93	93	0.007470748618496003	1	1	143	88	7	0	-G
B4_BC16_consensus_vsearch	2753	C	Y	296	16	4.95%	2	1	93	93	1.252752530674241E-5	1	1	173	123	0	16	T
B4_BC16_consensus_vsearch	2754	G	K	306	9	2.79%	2	1	93	93	0.0018432024399252702	1	1	173	133	0	9	T
B4_BC16_consensus_vsearch	2758	T	Y	315	7	2.15%	2	2	93	93	0.007559335514723115	1	1	174	141	1	6	C
B4_BC16_consensus_vsearch	2768	T	Y	306	17	5.26%	2	2	93	93	6.14684795518175E-6	1	1	172	134	2	15	C
B4_BC16_consensus_vsearch	2772	T	Y	312	7	2.18%	2	2	93	93	0.007556969842859696	1	1	171	141	2	5	C
B4_BC16_consensus_vsearch	2784	A	R	304	9	2.76%	2	2	93	93	0.0018425109022510314	1	1	169	135	3	6	G
B4_BC16_consensus_vsearch	2787	A	R	302	7	2.14%	2	2	93	93	0.0075487547253543785	1	1	163	139	3	4	-G
B4_BC16_consensus_vsearch	2789	G	R	316	7	2.15%	2	2	93	93	0.007560114368843736	1	1	167	149	6	1	A
B4_BC16_consensus_vsearch	2795	C	Y	258	33	10.12%	2	1	93	93	4.451074311248125E-11	1	1	174	84	0	33	T
B4_BC16_consensus_vsearch	2797	T	W	302	7	2.21%	2	1	93	93	0.0075487547253543785	1	1	176	126	0	7	A
B4_BC16_consensus_vsearch	2799	T	Y	310	7	2.17%	2	2	93	93	0.007555368014229169	1	1	176	134	1	6	C
B4_BC16_consensus_vsearch	2802	A	R	292	14	4.33%	2	2	93	93	5.2425361609247497E-5	1	1	154	138	7	7	G
B4_BC16_consensus_vsearch	2803	T	Y	296	16	4.98%	2	2	93	93	1.252752530674241E-5	1	1	157	139	8	8	C
B4_BC16_consensus_vsearch	2810	A	R	318	7	2.13%	2	1	93	93	0.007561657789302346	1	1	169	149	7	0	G
B4_BC16_consensus_vsearch	2825	T	Y	289	13	4.25%	2	1	93	93	1.0698828814111211E-4	1	1	174	115	0	13	C
B4_BC16_consensus_vsearch	2826	T	Y	280	19	5.86%	2	1	93	93	1.4198940757401045E-6	1	1	166	114	0	19	C
B4_BC16_consensus_vsearch	2831	G	R	312	7	2.17%	2	1	93	93	0.007556969842859696	1	1	164	148	7	0	A
B4_BC16_consensus_vsearch	2834	C	Y	308	7	2.22%	2	2	93	93	0.0075537459778972	1	1	161	147	5	2	T
B4_BC16_consensus_vsearch	2848	T	Y	303	16	4.89%	2	1	93	93	1.2583227866993301E-5	1	1	175	128	0	16	C
B4_BC16_consensus_vsearch	2858	C	Y	264	51	15.64%	2	2	93	93	4.9060862395505735E-17	1	1	173	91	1	50	T
B4_BC16_consensus_vsearch	2880	T	Y	304	9	2.82%	2	1	93	93	0.0018425109022510314	1	1	173	131	0	9	C
B4_BC16_consensus_vsearch	2884	T	Y	302	8	2.48%	2	2	93	93	0.003731694581518785	1	1	166	136	2	6	C
B4_BC16_consensus_vsearch	2885	A	R	311	7	2.18%	2	2	93	93	0.007556171430833954	1	1	163	148	5	2	G
B4_BC16_consensus_vsearch	2888	G	R	308	15	4.64%	2	1	93	93	2.5842426367644073E-5	1	1	162	146	15	0	A
B4_BC16_consensus_vsearch	2892	G	R	313	7	2.18%	2	2	93	93	0.0075577632969213195	1	1	167	146	5	2	A
B4_BC16_consensus_vsearch	2897	A	R	314	10	3.07%	2	2	93	93	9.101036737212366E-4	1	1	166	148	9	1	G
B4_BC16_consensus_vsearch	2901	T	Y	272	13	4.11%	2	2	93	93	1.0613111917730708E-4	1	1	151	121	3	10	+A
B4_BC16_consensus_vsearch	2902	A	M	288	8	2.48%	2	2	93	93	0.003723530841838437	1	1	148	140	2	6	+C
B4_BC16_consensus_vsearch	2903	G	R	284	33	10.15%	2	1	93	93	4.8372514432753497E-11	1	1	138	146	33	0	A
B4_BC16_consensus_vsearch	2908	T	Y	319	7	2.15%	2	2	93	93	0.007562422442723779	1	1	173	146	4	3	C
B4_BC16_consensus_vsearch	2910	C	Y	306	9	2.76%	2	2	93	93	0.0018432024399252702	1	1	170	136	1	8	T
B4_BC16_consensus_vsearch	2911	G	R	308	7	2.18%	2	1	93	93	0.0075537459778972	1	1	164	144	7	0	A
B4_BC16_consensus_vsearch	2941	T	Y	317	8	2.45%	2	1	93	93	0.0037396690155496095	1	1	176	141	0	8	C
B4_BC16_consensus_vsearch	2945	A	R	282	10	3.34%	2	2	93	93	9.029852959566547E-4	1	1	140	142	4	6	G
B4_BC16_consensus_vsearch	2946	T	Y	288	8	2.48%	2	1	93	93	0.003723530841838437	1	1	147	141	0	8	C
B4_BC16_consensus_vsearch	2946	T	K	288	25	7.76%	2	1	93	93	1.809608482905226E-8	1	1	147	141	25	0	G
B4_BC16_consensus_vsearch	2950	C	Y	285	22	6.77%	2	2	93	93	1.6142960508852506E-7	1	1	161	124	6	16	T
B4_BC16_consensus_vsearch	2951	A	R	304	7	2.22%	2	2	93	93	0.007550439733141782	1	1	164	140	4	3	G
B4_BC16_consensus_vsearch	2962	C	Y	310	7	2.18%	2	2	93	93	0.007555368014229169	1	1	165	145	1	6	T
B4_BC16_consensus_vsearch	2972	C	Y	300	7	2.22%	2	1	93	93	0.007547047910434978	1	1	170	130	0	7	T
B4_BC16_consensus_vsearch	2986	G	R	284	11	3.61%	2	1	93	93	4.440677122119378E-4	1	1	157	127	11	0	A
B4_BC16_consensus_vsearch	2986	G	K	284	10	3.28%	2	1	93	93	9.034745509269261E-4	1	1	157	127	0	10	A
B4_BC16_consensus_vsearch	2992	G	R	283	33	10.34%	2	2	93	93	4.8230857818044146E-11	1	1	140	143	31	2	A
B4_BC16_consensus_vsearch	2998	A	R	299	10	3.05%	2	2	93	93	9.069465014723013E-4	1	1	153	146	9	1	-C
B4_BC16_consensus_vsearch	2999	C	S	300	7	2.23%	2	1	93	93	0.007547047910434978	1	1	157	143	7	0	G
B4_BC16_consensus_vsearch	3001	C	Y	302	20	6.1%	2	1	93	93	7.034730729542229E-7	1	1	172	130	0	20	T
B4_BC16_consensus_vsearch	3004	T	Y	288	31	9.69%	2	2	93	93	2.1652481100381647E-10	1	1	167	121	3	28	C
B4_BC16_consensus_vsearch	3017	T	W	299	8	2.58%	2	1	93	93	0.003730007204504208	1	1	164	135	8	0	A
B4_BC16_consensus_vsearch	3029	T	Y	200	124	38.04%	2	2	93	93	1.9868009509788433E-44	1	1	115	85	60	64	C
B4_BC16_consensus_vsearch	3035	A	R	310	11	3.42%	2	1	93	93	4.475522998053483E-4	1	1	171	139	0	11	G
B4_BC16_consensus_vsearch	3038	C	Y	311	10	3.08%	2	2	93	93	9.09495348801856E-4	1	1	171	140	3	7	T
B4_BC16_consensus_vsearch	3044	C	Y	308	12	3.67%	2	2	93	93	2.198018975899724E-4	1	1	173	135	2	10	T
B4_BC16_consensus_vsearch	3046	A	R	306	18	5.49%	2	1	93	93	2.992669406308951E-6	1	1	158	148	18	0	G
B4_BC16_consensus_vsearch	3052	G	R	320	7	2.14%	2	2	93	93	0.007563182448808609	1	1	171	149	6	1	A
B4_BC16_consensus_vsearch	3058	G	R	310	13	3.98%	2	2	93	93	1.079279436573884E-4	1	1	162	148	12	1	A
B4_BC16_consensus_vsearch	3081	A	R	315	7	2.13%	2	1	93	93	0.007559335514723115	1	1	165	150	7	0	G
B4_BC16_consensus_vsearch	3099	C	Y	309	10	3.05%	2	2	93	93	9.090835764411413E-4	1	1	165	144	4	6	T
B4_BC16_consensus_vsearch	3104	T	Y	298	16	4.97%	2	2	93	93	1.2543674789742688E-5	1	1	165	133	2	14	C
B4_BC16_consensus_vsearch	3114	C	Y	314	7	2.15%	2	2	93	93	0.007558551839045116	1	1	169	145	2	5	T
B4_BC16_consensus_vsearch	3121	C	Y	315	8	2.45%	2	1	93	93	0.003738648107284543	1	1	173	142	0	8	T
B4_BC16_consensus_vsearch	3128	C	Y	315	7	2.13%	2	2	93	93	0.007559335514723115	1	1	171	144	1	6	T
B4_BC16_consensus_vsearch	3130	T	Y	307	8	2.51%	2	2	93	93	0.003734436213792579	1	1	160	147	6	2	C
B4_BC16_consensus_vsearch	3193	C	Y	295	16	4.88%	2	1	93	93	1.2519378559177722E-5	1	1	175	120	0	16	T
B4_BC16_consensus_vsearch	3197	T	Y	304	21	6.44%	2	1	93	93	3.4155824062753555E-7	1	1	177	127	0	21	C
B4_BC16_consensus_vsearch	3207	T	Y	306	9	2.81%	2	2	93	93	0.0018432024399252702	1	1	170	136	1	8	C
B4_BC16_consensus_vsearch	3208	T	Y	255	11	3.36%	2	2	93	93	4.3940412746515644E-4	1	1	169	86	2	9	-AA
B4_BC16_consensus_vsearch	3210	A	R	267	11	3.87%	2	2	93	93	4.4144812348402026E-4	1	1	173	94	2	9	G
B4_BC16_consensus_vsearch	3211	G	R	311	9	2.77%	2	2	93	93	0.0018448940461453691	1	1	165	146	8	1	A
B4_BC16_consensus_vsearch	3213	C	Y	285	22	6.71%	2	2	93	93	1.6142960508852506E-7	1	1	159	126	2	20	T
B4_BC16_consensus_vsearch	3229	G	R	290	29	9.01%	2	1	93	93	9.56605116571713E-10	1	1	143	147	29	0	A
B4_BC16_consensus_vsearch	3231	T	Y	301	21	6.48%	2	2	93	93	3.404629295387672E-7	1	1	172	129	1	20	C
B4_BC16_consensus_vsearch	3233	G	K	296	20	6.12%	2	1	93	93	6.992902986268666E-7	1	1	152	144	20	0	T
B4_BC16_consensus_vsearch	3252	T	Y	304	8	2.54%	2	2	93	93	0.003732801665827003	1	1	171	133	1	7	C
B4_BC16_consensus_vsearch	3258	T	Y	313	8	2.49%	2	2	93	93	0.0037376146101785516	1	1	173	140	1	7	C
B4_BC16_consensus_vsearch	3259	T	Y	315	9	2.75%	2	2	93	93	0.0018462103095484167	1	1	174	141	3	6	C
B4_BC16_consensus_vsearch	3268	G	R	314	7	2.15%	2	2	93	93	0.007558551839045116	1	1	168	146	5	2	A
B4_BC16_consensus_vsearch	3269	C	Y	305	8	2.48%	2	2	93	93	0.0037333499593181136	1	1	168	137	1	7	T
B4_BC16_consensus_vsearch	3299	T	Y	290	9	2.78%	2	2	93	93	0.0018374153566507883	1	1	154	136	6	3	+G
B4_BC16_consensus_vsearch	3300	A	M	306	7	2.18%	2	1	93	93	0.007552103349072626	1	1	171	135	0	7	C
B4_BC16_consensus_vsearch	3302	T	Y	310	11	3.43%	2	1	93	93	4.475522998053483E-4	1	1	177	133	0	11	C
B4_BC16_consensus_vsearch	3315	C	Y	301	23	7.01%	2	2	93	93	7.954455418586844E-8	1	1	171	130	3	20	T
B4_BC16_consensus_vsearch	3316	C	Y	278	36	10.98%	2	2	93	93	5.021834306907427E-12	1	1	163	115	7	29	T
B4_BC16_consensus_vsearch	3337	C	S	307	10	3.14%	2	1	93	93	9.086667186070912E-4	1	1	156	151	10	0	G
B4_BC16_consensus_vsearch	3338	C	Y	290	9	2.8%	2	2	93	93	0.0018374153566507883	1	1	156	134	3	6	T
B4_BC16_consensus_vsearch	3365	T	Y	291	18	5.52%	2	1	93	93	2.9565934990392647E-6	1	1	175	116	0	18	C
B4_BC16_consensus_vsearch	3375	A	R	298	23	7.01%	2	2	93	93	7.923334992444166E-8	1	1	150	148	21	2	G
B4_BC16_consensus_vsearch	3377	G	R	315	7	2.16%	2	2	93	93	0.007559335514723115	1	1	167	148	5	2	A
B4_BC16_consensus_vsearch	3383	T	Y	296	11	3.49%	2	2	93	93	4.4574721142254286E-4	1	1	168	128	1	10	C
B4_BC16_consensus_vsearch	3403	C	Y	302	7	2.25%	2	1	93	93	0.0075487547253543785	1	1	173	129	0	7	T
B4_BC16_consensus_vsearch	3404	C	Y	318	8	2.44%	2	1	93	93	0.0037401748205127794	1	1	176	142	0	8	T
B4_BC16_consensus_vsearch	3414	T	Y	315	8	2.46%	2	2	93	93	0.003738648107284543	1	1	173	142	2	6	C
B4_BC16_consensus_vsearch	3420	A	R	315	9	2.74%	2	1	93	93	0.0018462103095484167	1	1	165	150	9	0	G
B4_BC16_consensus_vsearch	3430	C	Y	298	11	3.46%	2	2	93	93	4.4601480911237004E-4	1	1	169	129	1	10	T
B4_BC16_consensus_vsearch	3431	C	Y	280	16	4.88%	2	2	93	93	1.2391095640435574E-5	1	1	171	109	1	15	T
B4_BC16_consensus_vsearch	3433	T	Y	309	11	3.43%	2	2	93	93	4.4742845820105635E-4	1	1	173	136	1	10	C
B4_BC16_consensus_vsearch	3436	C	Y	313	11	3.35%	2	2	93	93	4.4791936292805796E-4	1	1	174	139	1	10	T
B4_BC16_consensus_vsearch	3438	A	R	297	29	8.84%	2	1	93	93	9.710360893818706E-10	1	1	147	150	29	0	G
B4_BC16_consensus_vsearch	3453	G	R	310	13	3.99%	2	1	93	93	1.079279436573884E-4	1	1	161	149	13	0	A
B4_BC16_consensus_vsearch	3472	C	Y	288	21	6.52%	2	2	93	93	3.3550669471422283E-7	1	1	140	148	20	1	T
B4_BC16_consensus_vsearch	3473	A	R	269	38	11.91%	2	2	93	93	1.0737319132752621E-12	1	1	125	144	37	1	G
B4_BC16_consensus_vsearch	3500	G	R	313	12	3.68%	2	1	93	93	2.2016375465967462E-4	1	1	163	150	12	0	A
B4_BC16_consensus_vsearch	3502	T	Y	315	11	3.37%	2	1	93	93	4.4816042013600066E-4	1	1	176	139	0	11	C
B4_BC16_consensus_vsearch	3506	C	M	295	10	3.22%	2	1	93	93	9.06053300406267E-4	1	1	148	147	10	0	A
B4_BC16_consensus_vsearch	3507	C	Y	304	12	3.72%	2	1	93	93	2.1950445924379393E-4	1	1	154	150	12	0	T
B4_BC16_consensus_vsearch	3508	C	Y	306	20	6.12%	2	2	93	93	7.061866524415399E-7	1	1	159	147	17	3	T
B4_BC16_consensus_vsearch	3509	C	Y	210	33	10.06%	2	2	93	93	3.6302598892823876E-11	1	1	88	122	21	12	-G
B4_BC16_consensus_vsearch	3514	A	R	222	7	2.14%	2	2	93	93	0.007457437428309682	1	1	95	127	6	1	-CCC
B4_BC16_consensus_vsearch	3517	C	Y	291	10	3.27%	2	2	93	93	9.051368917515764E-4	1	1	153	138	1	9	T
B4_BC16_consensus_vsearch	3524	A	R	317	10	3.05%	2	1	93	93	9.107010665572475E-4	1	1	166	151	10	0	G
B4_BC16_consensus_vsearch	3550	C	S	266	39	12.26%	2	1	93	93	4.969389082640141E-13	1	1	127	139	39	0	G
B4_BC16_consensus_vsearch	3554	A	R	313	7	2.14%	2	2	93	93	0.0075577632969213195	1	1	168	145	3	4	G
B4_BC16_consensus_vsearch	3563	C	Y	313	13	3.96%	2	2	93	93	1.0805271830071484E-4	1	1	175	138	2	11	T
B4_BC16_consensus_vsearch	3566	G	R	317	9	2.75%	2	2	93	93	0.0018468565107487142	1	1	168	149	7	2	A
B4_BC16_consensus_vsearch	3571	A	R	288	7	2.13%	2	2	93	93	0.007536324409333732	1	1	144	144	6	1	+T
B4_BC16_consensus_vsearch	3576	C	Y	305	7	2.17%	2	1	93	93	0.007551274189551532	1	1	166	139	0	7	T
B4_BC16_consensus_vsearch	3598	G	R	305	8	2.52%	2	1	93	93	0.0037333499593181136	1	1	166	139	8	0	A
B4_BC16_consensus_vsearch	3608	T	Y	308	7	2.17%	2	1	93	93	0.0075537459778972	1	1	170	138	0	7	C
B4_BC16_consensus_vsearch	3642	A	R	314	8	2.46%	2	2	93	93	0.003738132946844435	1	1	173	141	2	6	G
B4_BC16_consensus_vsearch	3643	T	Y	304	7	2.15%	2	1	93	93	0.007550439733141782	1	1	163	141	0	7	-GT
B4_BC16_consensus_vsearch	3652	C	Y	313	7	2.13%	2	2	93	93	0.0075577632969213195	1	1	167	146	5	2	T
B4_BC16_consensus_vsearch	3671	G	R	227	15	6%	2	1	93	93	2.4401031534927477E-5	1	1	108	119	15	0	A
B4_BC16_consensus_vsearch	3672	G	R	306	8	2.53%	2	1	93	93	0.0037338947977920084	1	1	162	144	8	0	A
B4_BC16_consensus_vsearch	3673	G	R	315	10	3.05%	2	1	93	93	9.103040047076643E-4	1	1	165	150	10	0	A
B4_BC16_consensus_vsearch	3675	T	Y	297	7	2.19%	2	1	93	93	0.007544445864687752	1	1	171	126	0	7	-C
B4_BC16_consensus_vsearch	3678	A	M	284	8	2.58%	2	1	93	93	0.0037210562138647782	1	1	164	120	0	8	-CA
B4_BC16_consensus_vsearch	3679	C	Y	293	11	3.54%	2	1	93	93	4.45339405057571E-4	1	1	167	126	0	11	T
B4_BC16_consensus_vsearch	3680	A	R	298	11	3.48%	2	2	93	93	4.4601480911237004E-4	1	1	167	131	8	3	G
B4_BC16_consensus_vsearch	3682	C	Y	296	20	6.17%	2	2	93	93	6.992902986268666E-7	1	1	172	124	1	19	T
B4_BC16_consensus_vsearch	3683	G	R	294	22	6.88%	2	2	93	93	1.6329714727852123E-7	1	1	155	139	20	2	A
B4_BC16_consensus_vsearch	3687	A	R	307	8	2.48%	2	2	93	93	0.003734436213792579	1	1	163	144	5	3	G
B4_BC16_consensus_vsearch	3691	C	Y	311	12	3.66%	2	2	93	93	2.2002030957800914E-4	1	1	174	137	1	11	T
B4_BC16_consensus_vsearch	3700	G	R	305	7	2.22%	2	2	93	93	0.007551274189551532	1	1	169	136	6	1	A
B4_BC16_consensus_vsearch	3702	G	R	309	11	3.41%	2	1	93	93	4.4742845820105635E-4	1	1	162	147	11	0	A
B4_BC16_consensus_vsearch	3707	C	Y	317	8	2.44%	2	2	93	93	0.0037396690155496095	1	1	173	144	1	7	T
B4_BC16_consensus_vsearch	3708	G	R	306	20	6.12%	2	2	93	93	7.061866524415399E-7	1	1	157	149	19	1	A
B4_BC16_consensus_vsearch	3717	C	Y	284	31	9.48%	2	2	93	93	2.143216287550385E-10	1	1	173	111	1	30	T
B4_BC16_consensus_vsearch	3720	C	Y	309	9	2.74%	2	2	93	93	0.0018442236885128761	1	1	168	141	2	7	T
B4_BC16_consensus_vsearch	3732	A	R	289	16	5.1%	2	1	93	93	1.2469462640863311E-5	1	1	142	147	16	0	G
B4_BC16_consensus_vsearch	3738	A	R	309	15	4.59%	2	1	93	93	2.5855998866926325E-5	1	1	160	149	15	0	G
B4_BC16_consensus_vsearch	3753	A	R	310	8	2.44%	2	1	93	93	0.003736040246407896	1	1	168	142	8	0	G
B4_BC16_consensus_vsearch	3755	T	Y	294	18	5.57%	2	2	93	93	2.9640583266111092E-6	1	1	167	127	3	15	C
B4_BC16_consensus_vsearch	3760	C	Y	299	25	7.65%	2	2	93	93	1.8417623699953007E-8	1	1	172	127	2	23	T
B4_BC16_consensus_vsearch	3772	A	R	314	7	2.17%	2	1	93	93	0.007558551839045116	1	1	164	150	7	0	G
B4_BC16_consensus_vsearch	3784	C	Y	307	8	2.51%	2	1	93	93	0.003734436213792579	1	1	175	132	0	8	T
B4_BC16_consensus_vsearch	3786	G	K	310	7	2.18%	2	1	93	93	0.007555368014229169	1	1	171	139	0	7	T
B4_BC16_consensus_vsearch	3795	G	R	309	10	3.11%	2	1	93	93	9.090835764411413E-4	1	1	162	147	10	0	A
B4_BC16_consensus_vsearch	3796	C	Y	301	8	2.45%	2	2	93	93	0.003731135723496689	1	1	168	133	5	3	T
B4_BC16_consensus_vsearch	3798	G	R	319	7	2.13%	2	2	93	93	0.007562422442723779	1	1	171	148	6	1	A
B4_BC16_consensus_vsearch	3802	C	Y	313	9	2.75%	2	2	93	93	0.0018455562033137492	1	1	172	141	1	8	T
B4_BC16_consensus_vsearch	3806	C	Y	288	7	2.15%	2	2	93	93	0.007536324409333732	1	1	149	139	1	6	-A
B4_BC16_consensus_vsearch	3808	C	S	283	21	6.58%	2	1	93	93	3.335043697673295E-7	1	1	143	140	21	0	G
B4_BC16_consensus_vsearch	3809	C	Y	300	25	7.67%	2	2	93	93	1.844600216480988E-8	1	1	173	127	1	24	T
B4_BC16_consensus_vsearch	3861	A	M	299	8	2.59%	2	1	93	93	0.003730007204504208	1	1	176	123	0	8	C
B4_BC16_consensus_vsearch	3863	T	Y	298	26	7.98%	2	1	93	93	8.839276864017204E-9	1	1	176	122	0	26	C
B4_BC16_consensus_vsearch	3879	G	K	311	11	3.35%	2	1	93	93	4.476753933055673E-4	1	1	162	149	11	0	T
B4_BC16_consensus_vsearch	3894	A	R	304	11	3.43%	2	2	93	93	4.467977863964895E-4	1	1	157	147	10	1	G
B4_BC16_consensus_vsearch	3896	G	R	307	9	2.77%	2	1	93	93	0.0018435449771731236	1	1	159	148	9	0	A
B4_BC16_consensus_vsearch	3898	A	R	311	7	2.15%	2	1	93	93	0.007556171430833954	1	1	161	150	7	0	G
B4_BC16_consensus_vsearch	3927	G	R	296	7	2.29%	2	1	93	93	0.007543567143856903	1	1	162	134	7	0	A
B4_BC16_consensus_vsearch	3928	G	R	275	8	2.53%	2	2	93	93	0.003715235568285371	1	1	138	137	5	3	+A
B4_BC16_consensus_vsearch	3929	G	R	317	8	2.44%	2	2	93	93	0.0037396690155496095	1	1	169	148	6	2	A
B4_BC16_consensus_vsearch	3930	T	Y	303	12	3.69%	2	2	93	93	2.1942896133169884E-4	1	1	168	135	1	11	C
B4_BC16_consensus_vsearch	3937	C	Y	315	7	2.14%	2	2	93	93	0.007559335514723115	1	1	174	141	1	6	T
B4_BC16_consensus_vsearch	3954	T	W	260	32	10.42%	2	1	93	93	9.483017424365005E-11	1	1	125	135	32	0	A
B4_BC16_consensus_vsearch	3955	T	Y	291	8	2.5%	2	2	93	93	0.003725343850254782	1	1	164	127	5	3	-G
B4_BC16_consensus_vsearch	3963	A	W	316	7	2.14%	2	2	93	93	0.007560114368843736	1	1	175	141	2	5	T
B4_BC16_consensus_vsearch	3968	C	Y	312	7	2.13%	2	2	93	93	0.007556969842859696	1	1	170	142	1	6	T
B4_BC16_consensus_vsearch	4008	C	Y	317	7	2.15%	2	1	93	93	0.007560888445766803	1	1	174	143	0	7	T
B4_BC16_consensus_vsearch	4009	C	Y	281	33	10.06%	2	1	93	93	4.7945950074156265E-11	1	1	176	105	0	33	T
B4_BC16_consensus_vsearch	4016	C	Y	262	60	18.35%	2	2	93	93	4.176161724946795E-20	1	1	172	90	1	59	T
B4_BC16_consensus_vsearch	4017	G	R	315	8	2.45%	2	1	93	93	0.003738648107284543	1	1	168	147	8	0	A
B4_BC16_consensus_vsearch	4024	G	R	304	9	2.77%	2	1	93	93	0.0018425109022510314	1	1	164	140	9	0	A
B4_BC16_consensus_vsearch	4028	G	R	304	22	6.73%	2	1	93	93	1.6527011643273917E-7	1	1	154	150	22	0	A
B4_BC16_consensus_vsearch	4046	C	Y	316	7	2.14%	2	2	93	93	0.007560114368843736	1	1	176	140	1	6	T
B4_BC16_consensus_vsearch	4051	A	R	319	7	2.13%	2	1	93	93	0.007562422442723779	1	1	168	151	7	0	G
B4_BC16_consensus_vsearch	4058	A	R	278	23	7.08%	2	2	93	93	7.702946757959169E-8	1	1	147	131	22	1	G
B4_BC16_consensus_vsearch	4060	G	R	315	7	2.15%	2	2	93	93	0.007559335514723115	1	1	169	146	6	1	A
B4_BC16_consensus_vsearch	4061	G	R	316	8	2.45%	2	1	93	93	0.0037391601206060374	1	1	167	149	8	0	A
B4_BC16_consensus_vsearch	4085	C	Y	311	7	2.16%	2	1	93	93	0.007556171430833954	1	1	172	139	0	7	T
B4_BC16_consensus_vsearch	4096	G	K	313	7	2.13%	2	1	93	93	0.0075577632969213195	1	1	167	146	7	0	T
B4_BC16_consensus_vsearch	4104	C	M	278	7	2.13%	2	1	93	93	0.007526703336776438	1	1	159	119	7	0	+G
B4_BC16_consensus_vsearch	4109	G	R	291	23	7.08%	2	1	93	93	7.848820083297807E-8	1	1	143	148	23	0	A
B4_BC16_consensus_vsearch	4112	G	R	286	22	6.88%	2	1	93	93	1.6164161395091107E-7	1	1	149	137	22	0	A
B4_BC16_consensus_vsearch	4113	C	Y	302	8	2.52%	2	1	93	93	0.003731694581518785	1	1	174	128	0	8	T
B4_BC16_consensus_vsearch	4118	G	R	271	14	4.88%	2	2	93	93	5.1827045630533664E-5	1	1	159	112	11	3	A
B4_BC16_consensus_vsearch	4119	G	R	307	9	2.79%	2	2	93	93	0.0018435449771731236	1	1	172	135	2	7	A
B4_BC16_consensus_vsearch	4120	G	R	314	10	3.05%	2	2	93	93	9.101036737212366E-4	1	1	174	140	3	7	A
B4_BC16_consensus_vsearch	4127	C	M	230	14	4.55%	2	1	93	93	5.038248401810262E-5	1	1	171	59	0	14	A
B4_BC16_consensus_vsearch	4127	C	Y	230	7	2.27%	2	1	93	93	0.0074693190837354945	1	1	171	59	0	7	A
B4_BC16_consensus_vsearch	4128	G	R	270	8	2.54%	2	2	93	93	0.003711840998534883	1	1	162	108	1	7	+C
B4_BC16_consensus_vsearch	4128	G	K	270	7	2.22%	2	2	93	93	0.007518510051769894	1	1	162	108	1	6	+C
B4_BC16_consensus_vsearch	4129	C	M	280	18	5.75%	2	2	93	93	2.9280717209573538E-6	1	1	174	106	1	17	A
B4_BC16_consensus_vsearch	4130	C	S	288	9	2.8%	2	1	93	93	0.0018366488553743722	1	1	173	115	0	9	G
B4_BC16_consensus_vsearch	4130	C	Y	288	15	4.66%	2	2	93	93	2.5553401051899177E-5	1	1	173	115	1	14	T
B4_BC16_consensus_vsearch	4136	G	R	304	8	2.45%	2	1	93	93	0.003732801665827003	1	1	155	149	8	0	A
B4_BC16_consensus_vsearch	4147	T	Y	314	9	2.78%	2	1	93	93	0.0018458842535959892	1	1	172	142	0	9	C
B4_BC16_consensus_vsearch	4157	T	W	313	7	2.13%	2	1	93	93	0.0075577632969213195	1	1	167	146	7	0	A
B4_BC16_consensus_vsearch	4181	G	R	310	17	5.18%	2	1	93	93	6.163541205601007E-6	1	1	160	150	17	0	A
B4_BC16_consensus_vsearch	4198	T	K	308	7	2.18%	2	1	93	93	0.0075537459778972	1	1	161	147	7	0	G
B4_BC16_consensus_vsearch	4207	A	R	314	7	2.17%	2	1	93	93	0.007558551839045116	1	1	171	143	0	7	G
B4_BC16_consensus_vsearch	4209	T	Y	314	7	2.17%	2	1	93	93	0.007558551839045116	1	1	173	141	0	7	C
B4_BC16_consensus_vsearch	4229	A	R	296	7	2.22%	2	2	93	93	0.007543567143856903	1	1	159	137	3	4	G
B4_BC16_consensus_vsearch	4246	G	R	308	11	3.44%	2	1	93	93	4.4730386165636195E-4	1	1	162	146	11	0	A
B4_BC16_consensus_vsearch	4271	C	Y	314	12	3.66%	2	2	93	93	2.2023483984847107E-4	1	1	174	140	2	10	T
B4_BC16_consensus_vsearch	4276	G	S	316	7	2.14%	2	1	93	93	0.007560114368843736	1	1	169	147	7	0	C
