Chrom	Position	Ref	Cons	Reads1	Reads2	VarFreq	Strands1	Strands2	Qual1	Qual2	Pvalue	MapQual1	MapQual2	Reads1Plus	Reads1Minus	Reads2Plus	Reads2Minus	VarAllele
B5_BC17_consensus_vsearch	58	A	R	136	7	4.86%	2	1	93	93	0.007246976545021271	1	1	70	66	7	0	G
B5_BC17_consensus_vsearch	63	A	R	136	7	4.86%	2	1	93	93	0.007246976545021271	1	1	70	66	7	0	G
B5_BC17_consensus_vsearch	66	G	R	133	7	4.86%	2	1	93	93	0.007235038165514452	1	1	68	65	7	0	A
B5_BC17_consensus_vsearch	162	C	Y	131	9	6.34%	2	2	93	93	0.001710546353611894	1	1	74	57	1	8	T
B5_BC17_consensus_vsearch	163	C	Y	135	7	4.86%	2	2	93	93	0.007243052290679531	1	1	76	59	1	6	T
B5_BC17_consensus_vsearch	215	C	Y	93	12	8.57%	2	2	93	93	1.7504917090513448E-4	1	1	29	64	10	2	T
B5_BC17_consensus_vsearch	217	A	W	116	11	7.86%	2	2	93	93	3.895335290384688E-4	1	1	52	64	10	1	T
B5_BC17_consensus_vsearch	225	C	Y	134	7	4.86%	2	2	93	93	0.007239073216278317	1	1	73	61	3	4	T
B5_BC17_consensus_vsearch	285	T	Y	128	11	7.8%	2	1	93	93	3.9751477527632194E-4	1	1	78	50	0	11	C
B5_BC17_consensus_vsearch	297	G	R	129	10	7.14%	2	2	93	93	8.258446494114862E-4	1	1	70	59	8	2	A
B5_BC17_consensus_vsearch	327	G	R	89	38	29.92%	2	1	93	93	1.3916450103916307E-13	1	1	36	53	38	0	A
B5_BC17_consensus_vsearch	334	G	R	84	28	24.78%	2	2	93	93	5.407308577058556E-10	1	1	31	53	27	1	A
B5_BC17_consensus_vsearch	356	G	R	7	15	10.49%	2	2	93	93	7.417806989651317E-7	1	1	5	2	1	14	+A
B5_BC17_consensus_vsearch	389	G	K	125	8	5.84%	2	1	93	93	0.003505194079890269	1	1	75	50	0	8	T
B5_BC17_consensus_vsearch	405	G	R	120	9	6.92%	2	2	93	93	0.0016906529741981167	1	1	66	54	8	1	A
B5_BC17_consensus_vsearch	415	C	Y	132	9	6.25%	2	2	93	93	0.0017122065409488764	1	1	75	57	3	6	T
B5_BC17_consensus_vsearch	480	T	K	132	12	8.33%	2	1	93	93	1.9228495779173566E-4	1	1	66	66	12	0	G
B5_BC17_consensus_vsearch	534	G	R	122	7	5.3%	2	2	93	93	0.007186592205048179	1	1	68	54	6	1	A
B5_BC17_consensus_vsearch	536	T	Y	126	11	7.69%	2	1	93	93	3.9627504290236306E-4	1	1	77	49	0	11	C
B5_BC17_consensus_vsearch	559	G	R	137	7	4.86%	2	1	93	93	0.0072508471039682155	1	1	71	66	7	0	A
B5_BC17_consensus_vsearch	583	G	K	123	13	9.03%	2	1	93	93	9.036925719425178E-5	1	1	60	63	13	0	T
B5_BC17_consensus_vsearch	588	A	R	133	9	6.29%	2	1	93	93	0.0017138441890134975	1	1	69	64	9	0	G
B5_BC17_consensus_vsearch	611	T	Y	128	11	7.86%	2	1	93	93	3.9751477527632194E-4	1	1	77	51	0	11	C
B5_BC17_consensus_vsearch	626	G	R	117	13	10%	2	1	93	93	8.906024795548768E-5	1	1	60	57	13	0	A
B5_BC17_consensus_vsearch	652	G	R	132	10	6.99%	2	1	93	93	8.28877371413438E-4	1	1	67	65	10	0	A
B5_BC17_consensus_vsearch	660	C	Y	128	8	5.63%	2	2	93	93	0.0035138207298285665	1	1	73	55	1	7	T
B5_BC17_consensus_vsearch	661	G	R	131	7	5%	2	1	93	93	0.007226795344878595	1	1	65	66	7	0	A
B5_BC17_consensus_vsearch	672	C	Y	111	17	11.81%	2	1	93	93	4.321971438588789E-6	1	1	73	38	0	17	T
B5_BC17_consensus_vsearch	690	G	R	120	9	6.98%	2	2	93	93	0.0016906529741981167	1	1	68	52	8	1	A
B5_BC17_consensus_vsearch	694	T	Y	125	12	8.76%	2	1	93	93	1.898504007821274E-4	1	1	73	52	0	12	C
B5_BC17_consensus_vsearch	796	T	Y	127	13	9.03%	2	1	93	93	9.118618500969989E-5	1	1	76	51	0	13	C
B5_BC17_consensus_vsearch	838	G	R	133	10	6.94%	2	2	93	93	8.298613967854219E-4	1	1	77	56	1	9	A
B5_BC17_consensus_vsearch	839	G	R	134	7	4.86%	2	1	93	93	0.007239073216278317	1	1	75	59	0	7	A
B5_BC17_consensus_vsearch	840	C	M	133	7	4.9%	2	2	93	93	0.007235038165514452	1	1	76	57	1	6	A
B5_BC17_consensus_vsearch	843	A	R	132	8	5.56%	2	1	93	93	0.0035247621832004156	1	1	67	65	8	0	G
B5_BC17_consensus_vsearch	872	T	Y	123	7	5.19%	2	1	93	93	0.007191329576314499	1	1	76	47	0	7	C
B5_BC17_consensus_vsearch	873	G	S	121	11	7.75%	2	1	93	93	3.930229288570401E-4	1	1	69	52	0	11	C
B5_BC17_consensus_vsearch	874	T	W	126	12	8.51%	2	1	93	93	1.9021202059319294E-4	1	1	74	52	0	12	A
B5_BC17_consensus_vsearch	907	T	Y	134	8	5.59%	2	1	93	93	0.003530007434086865	1	1	78	56	0	8	C
B5_BC17_consensus_vsearch	909	G	R	130	12	8.45%	2	1	93	93	1.9161182196315548E-4	1	1	65	65	12	0	A
B5_BC17_consensus_vsearch	912	A	R	121	12	8.89%	2	2	93	93	1.8835438477314114E-4	1	1	57	64	11	1	G
B5_BC17_consensus_vsearch	915	G	R	116	12	8.57%	2	1	93	93	1.8636506095184423E-4	1	1	51	65	12	0	A
B5_BC17_consensus_vsearch	969	T	Y	129	11	7.69%	2	1	93	93	3.9812224138320313E-4	1	1	75	54	0	11	C
B5_BC17_consensus_vsearch	1006	G	R	121	8	6.2%	2	2	93	93	0.003493084657434247	1	1	70	51	7	1	A
B5_BC17_consensus_vsearch	1029	G	R	133	10	6.94%	2	2	93	93	8.298613967854219E-4	1	1	70	63	8	2	A
B5_BC17_consensus_vsearch	1113	A	R	135	8	5.56%	2	1	93	93	0.0035325763803669705	1	1	70	65	8	0	G
B5_BC17_consensus_vsearch	1115	C	Y	130	12	8.33%	2	1	93	93	1.9161182196315548E-4	1	1	77	53	0	12	T
B5_BC17_consensus_vsearch	1131	G	R	123	13	9.29%	2	1	93	93	9.036925719425178E-5	1	1	64	59	13	0	A
B5_BC17_consensus_vsearch	1139	T	K	134	8	5.56%	2	1	93	93	0.003530007434086865	1	1	70	64	8	0	G
B5_BC17_consensus_vsearch	1147	A	R	133	9	6.34%	2	1	93	93	0.0017138441890134975	1	1	67	66	9	0	G
B5_BC17_consensus_vsearch	1160	T	Y	133	7	4.93%	2	2	93	93	0.007235038165514452	1	1	75	58	2	5	C
B5_BC17_consensus_vsearch	1264	T	Y	136	7	4.9%	2	1	93	93	0.007246976545021271	1	1	78	58	0	7	C
B5_BC17_consensus_vsearch	1299	T	Y	137	7	4.86%	2	1	93	93	0.0072508471039682155	1	1	78	59	0	7	C
B5_BC17_consensus_vsearch	1308	C	Y	78	40	33.61%	2	2	93	93	1.671455763795632E-14	1	1	59	19	16	24	T
B5_BC17_consensus_vsearch	1309	C	Y	120	20	14.29%	2	2	93	93	4.595630224850146E-7	1	1	76	44	2	18	T
B5_BC17_consensus_vsearch	1314	A	R	80	62	43.36%	2	2	93	93	3.950501787974111E-23	1	1	48	32	30	32	G
B5_BC17_consensus_vsearch	1339	A	R	125	15	10.64%	2	1	93	93	2.0545201944820784E-5	1	1	62	63	15	0	G
B5_BC17_consensus_vsearch	1342	G	R	127	11	7.97%	2	2	93	93	3.9689909808803437E-4	1	1	68	59	10	1	A
B5_BC17_consensus_vsearch	1345	T	Y	134	7	4.86%	2	1	93	93	0.007239073216278317	1	1	75	59	0	7	C
B5_BC17_consensus_vsearch	1351	C	Y	128	13	9.03%	2	1	93	93	9.138393085127712E-5	1	1	77	51	0	13	T
B5_BC17_consensus_vsearch	1358	G	R	118	7	5.47%	2	1	93	93	0.007166897781991431	1	1	66	52	7	0	A
B5_BC17_consensus_vsearch	1402	A	R	131	11	7.69%	2	1	93	93	3.9931318622845897E-4	1	1	66	65	11	0	G
B5_BC17_consensus_vsearch	1440	C	Y	49	14	10.14%	2	1	93	93	2.7129656724531104E-5	1	1	28	21	0	14	T
B5_BC17_consensus_vsearch	1442	A	R	122	13	9.29%	2	2	93	93	9.015828469833915E-5	1	1	64	58	10	3	G
B5_BC17_consensus_vsearch	1455	C	Y	132	7	4.86%	2	2	93	93	0.007230945949356827	1	1	76	56	1	6	T
B5_BC17_consensus_vsearch	1459	A	R	130	8	5.63%	2	2	93	93	0.0035193687367231275	1	1	69	61	6	2	G
B5_BC17_consensus_vsearch	1485	G	R	91	36	28.35%	2	1	93	93	8.038236735238782E-13	1	1	39	52	36	0	A
B5_BC17_consensus_vsearch	1519	T	K	128	12	8.51%	2	1	93	93	1.9092107486401712E-4	1	1	64	64	12	0	G
B5_BC17_consensus_vsearch	1540	A	R	132	7	4.93%	2	2	93	93	0.007230945949356827	1	1	72	60	4	3	G
B5_BC17_consensus_vsearch	1541	T	Y	131	7	4.93%	2	2	93	93	0.007226795344878595	1	1	72	59	4	3	C
B5_BC17_consensus_vsearch	1548	G	R	116	23	16.43%	2	1	93	93	4.422923684095933E-8	1	1	54	62	23	0	A
B5_BC17_consensus_vsearch	1590	G	R	126	11	7.64%	2	1	93	93	3.9627504290236306E-4	1	1	60	66	11	0	A
B5_BC17_consensus_vsearch	1597	C	Y	108	11	8.15%	2	1	93	93	3.833884829953531E-4	1	1	75	33	0	11	+T
B5_BC17_consensus_vsearch	1598	C	Y	117	14	9.79%	2	1	93	93	4.231214845393298E-5	1	1	74	43	0	14	T
B5_BC17_consensus_vsearch	1663	G	R	75	11	11.58%	2	1	93	93	3.472683388924726E-4	1	1	28	47	11	0	A
B5_BC17_consensus_vsearch	1665	G	R	135	8	5.56%	2	1	93	93	0.0035325763803669705	1	1	69	66	8	0	A
B5_BC17_consensus_vsearch	1667	G	R	124	13	9.03%	2	1	93	93	9.057748128917728E-5	1	1	58	66	13	0	A
B5_BC17_consensus_vsearch	1679	T	Y	117	18	12.95%	2	1	93	93	2.080144713051256E-6	1	1	73	44	0	18	C
B5_BC17_consensus_vsearch	1681	C	Y	122	11	7.64%	2	1	93	93	3.9369154194381523E-4	1	1	73	49	0	11	T
B5_BC17_consensus_vsearch	1844	G	K	110	7	5.98%	2	1	93	93	0.007123543473036041	1	1	78	32	0	7	T
B5_BC17_consensus_vsearch	1861	G	R	131	7	4.9%	2	1	93	93	0.007226795344878595	1	1	65	66	7	0	A
B5_BC17_consensus_vsearch	1862	C	Y	123	7	4.9%	2	2	93	93	0.007191329576314499	1	1	58	65	6	1	+A
B5_BC17_consensus_vsearch	1950	T	Y	129	12	8.45%	2	1	93	93	1.9126869247941596E-4	1	1	78	51	0	12	C
B5_BC17_consensus_vsearch	2039	C	Y	125	11	7.64%	2	1	93	93	3.956424382708704E-4	1	1	72	53	0	11	T
B5_BC17_consensus_vsearch	2057	T	K	105	8	6.96%	2	1	93	93	0.0034363401311798517	1	1	40	65	8	0	G
B5_BC17_consensus_vsearch	2065	T	Y	136	8	5.56%	2	1	93	93	0.0035351105097651617	1	1	78	58	0	8	C
B5_BC17_consensus_vsearch	2103	C	Y	124	12	8.76%	2	2	93	93	1.894839263750534E-4	1	1	71	53	1	11	T
B5_BC17_consensus_vsearch	2104	C	Y	98	25	17.36%	2	2	93	93	7.670772625815271E-9	1	1	74	24	3	22	T
B5_BC17_consensus_vsearch	2106	G	K	126	11	7.86%	2	1	93	93	3.9627504290236306E-4	1	1	76	50	0	11	T
B5_BC17_consensus_vsearch	2111	G	R	113	14	10.69%	2	1	93	93	4.17990916627188E-5	1	1	59	54	14	0	A
B5_BC17_consensus_vsearch	2208	C	Y	111	30	20.98%	2	1	93	93	1.6565389817624043E-10	1	1	77	34	0	30	T
B5_BC17_consensus_vsearch	2258	G	R	131	7	4.9%	2	1	93	93	0.007226795344878595	1	1	65	66	7	0	A
B5_BC17_consensus_vsearch	2263	A	R	133	7	4.93%	2	2	93	93	0.007235038165514452	1	1	69	64	5	2	G
B5_BC17_consensus_vsearch	2264	T	K	116	23	16.31%	2	1	93	93	4.422923684095933E-8	1	1	52	64	23	0	G
B5_BC17_consensus_vsearch	2297	C	Y	122	8	5.59%	2	1	93	93	0.00349617999164594	1	1	72	50	0	8	T
B5_BC17_consensus_vsearch	2300	T	Y	126	11	7.8%	2	2	93	93	3.9627504290236306E-4	1	1	73	53	1	10	C
B5_BC17_consensus_vsearch	2371	G	R	104	13	10.83%	2	2	93	93	8.582133962381388E-5	1	1	63	41	12	1	A
B5_BC17_consensus_vsearch	2384	T	Y	134	7	4.93%	2	2	93	93	0.007239073216278317	1	1	75	59	1	6	C
B5_BC17_consensus_vsearch	2398	G	R	109	16	12.6%	2	1	93	93	9.143635336200339E-6	1	1	53	56	16	0	A
B5_BC17_consensus_vsearch	2506	T	Y	132	11	7.69%	2	2	93	93	3.9989697743636607E-4	1	1	76	56	1	10	C
B5_BC17_consensus_vsearch	2549	C	Y	120	7	5.07%	2	1	93	93	0.007176897439051797	1	1	67	53	0	7	T
B5_BC17_consensus_vsearch	2556	C	Y	135	7	4.93%	2	2	93	93	0.007243052290679531	1	1	74	61	2	5	T
B5_BC17_consensus_vsearch	2586	G	R	122	8	5.84%	2	1	93	93	0.00349617999164594	1	1	59	63	8	0	A
B5_BC17_consensus_vsearch	2642	C	Y	130	9	6.29%	2	2	93	93	0.0017088631591672273	1	1	75	55	2	7	T
B5_BC17_consensus_vsearch	2729	T	Y	134	7	4.86%	2	1	93	93	0.007239073216278317	1	1	78	56	0	7	C
B5_BC17_consensus_vsearch	2741	C	Y	122	8	5.88%	2	1	93	93	0.00349617999164594	1	1	74	48	0	8	T
B5_BC17_consensus_vsearch	2763	G	R	122	13	9.56%	2	1	93	93	9.015828469833915E-5	1	1	56	66	13	0	A
B5_BC17_consensus_vsearch	2770	G	R	116	14	10.22%	2	2	93	93	4.218643324205456E-5	1	1	55	61	13	1	A
B5_BC17_consensus_vsearch	2780	G	R	132	8	5.63%	2	1	93	93	0.0035247621832004156	1	1	68	64	8	0	A
B5_BC17_consensus_vsearch	2808	C	M	128	7	5.04%	2	2	93	93	0.007213980437755528	1	1	74	54	1	6	A
B5_BC17_consensus_vsearch	2888	C	Y	129	14	9.72%	2	1	93	93	4.370094185122799E-5	1	1	78	51	0	14	T
B5_BC17_consensus_vsearch	2991	C	Y	128	11	7.69%	2	2	93	93	3.9751477527632194E-4	1	1	72	56	1	10	T
B5_BC17_consensus_vsearch	2999	C	Y	126	7	5.19%	2	1	93	93	0.007205121164213796	1	1	71	55	0	7	T
B5_BC17_consensus_vsearch	3001	C	Y	116	24	16.67%	2	2	93	93	2.0291549518444507E-8	1	1	72	44	3	21	T
B5_BC17_consensus_vsearch	3002	G	R	132	9	6.38%	2	1	93	93	0.0017122065409488764	1	1	67	65	9	0	A
B5_BC17_consensus_vsearch	3028	G	R	130	9	6.38%	2	1	93	93	0.0017088631591672273	1	1	64	66	9	0	A
B5_BC17_consensus_vsearch	3124	G	K	129	12	8.45%	2	1	93	93	1.9126869247941596E-4	1	1	66	63	12	0	T
B5_BC17_consensus_vsearch	3126	G	R	123	7	4.9%	2	2	93	93	0.007191329576314499	1	1	68	55	6	1	-TG
B5_BC17_consensus_vsearch	3136	T	Y	133	9	6.25%	2	1	93	93	0.0017138441890134975	1	1	78	55	0	9	C
B5_BC17_consensus_vsearch	3181	C	S	9	41	28.47%	2	2	93	93	1.2454657352023967E-19	1	1	8	1	26	15	G
B5_BC17_consensus_vsearch	3220	T	Y	128	11	7.75%	2	1	93	93	3.9751477527632194E-4	1	1	74	54	0	11	C
B5_BC17_consensus_vsearch	3253	G	R	121	18	12.95%	2	1	93	93	2.119307161542877E-6	1	1	59	62	18	0	A
B5_BC17_consensus_vsearch	3291	T	K	128	14	9.72%	2	1	93	93	4.359304121879879E-5	1	1	62	66	14	0	G
B5_BC17_consensus_vsearch	3364	T	Y	122	9	6.29%	2	1	93	93	0.0016945086932698592	1	1	70	52	0	9	C
B5_BC17_consensus_vsearch	3372	A	R	135	7	4.86%	2	2	93	93	0.007243052290679531	1	1	71	64	5	2	G
B5_BC17_consensus_vsearch	3392	C	Y	129	13	9.03%	2	1	93	93	9.157917961470188E-5	1	1	78	51	0	13	T
B5_BC17_consensus_vsearch	3444	T	Y	129	13	9.09%	2	1	93	93	9.157917961470188E-5	1	1	77	52	0	13	C
B5_BC17_consensus_vsearch	3473	C	Y	132	9	6.29%	2	1	93	93	0.0017122065409488764	1	1	76	56	0	9	T
B5_BC17_consensus_vsearch	3506	C	Y	134	7	4.86%	2	1	93	93	0.007239073216278317	1	1	76	58	0	7	T
B5_BC17_consensus_vsearch	3562	C	Y	128	10	6.94%	2	1	93	93	8.248059382140612E-4	1	1	76	52	0	10	T
B5_BC17_consensus_vsearch	3586	G	R	125	7	5.26%	2	2	93	93	0.007200592489692415	1	1	67	58	4	3	A
B5_BC17_consensus_vsearch	3602	G	R	113	7	5.79%	2	1	93	93	0.007140466550292846	1	1	56	57	7	0	A
B5_BC17_consensus_vsearch	3603	G	R	135	7	4.93%	2	1	93	93	0.007243052290679531	1	1	71	64	7	0	A
B5_BC17_consensus_vsearch	3604	G	R	132	9	6.34%	2	1	93	93	0.0017122065409488764	1	1	68	64	9	0	A
B5_BC17_consensus_vsearch	3605	G	R	117	19	13.29%	2	2	93	93	9.709900597821508E-7	1	1	54	63	18	1	A
B5_BC17_consensus_vsearch	3653	T	Y	134	7	4.93%	2	1	93	93	0.007239073216278317	1	1	77	57	0	7	C
B5_BC17_consensus_vsearch	3694	G	R	126	13	9.09%	2	2	93	93	9.098589432704091E-5	1	1	73	53	1	12	A
B5_BC17_consensus_vsearch	3695	T	W	131	13	9.03%	2	1	93	93	9.196237111779333E-5	1	1	78	53	0	13	A
B5_BC17_consensus_vsearch	3770	G	R	109	8	6.72%	2	1	93	93	0.0034519373657887643	1	1	65	44	8	0	A
B5_BC17_consensus_vsearch	3786	G	R	131	8	5.67%	2	2	93	93	0.003522084373855766	1	1	72	59	5	3	A
B5_BC17_consensus_vsearch	3787	C	Y	129	9	6.38%	2	1	93	93	0.0017071564767690542	1	1	77	52	0	9	T
B5_BC17_consensus_vsearch	3885	C	Y	126	10	6.94%	2	2	93	93	8.226850700552499E-4	1	1	71	55	2	8	T
B5_BC17_consensus_vsearch	3908	G	R	131	10	7.09%	2	1	93	93	8.278800857336379E-4	1	1	67	64	10	0	A
B5_BC17_consensus_vsearch	3933	T	Y	137	7	4.83%	2	1	93	93	0.0072508471039682155	1	1	77	60	0	7	C
B5_BC17_consensus_vsearch	3954	G	R	123	18	12.68%	2	1	93	93	2.138257101622594E-6	1	1	60	63	18	0	A
B5_BC17_consensus_vsearch	3995	G	R	134	10	6.94%	2	1	93	93	8.308324239539793E-4	1	1	67	67	10	0	A
B5_BC17_consensus_vsearch	4002	C	Y	121	8	5.52%	2	2	93	93	0.003493084657434247	1	1	64	57	4	4	+A
B5_BC17_consensus_vsearch	4137	G	R	133	8	5.56%	2	1	93	93	0.0035274029490243563	1	1	69	64	8	0	A
B5_BC17_consensus_vsearch	4144	C	Y	138	7	4.83%	2	2	93	93	0.0072546650616756485	1	1	73	65	5	2	T
B5_BC17_consensus_vsearch	4193	G	R	125	11	8.09%	2	2	93	93	3.956424382708704E-4	1	1	64	61	10	1	A
B5_BC17_consensus_vsearch	4222	G	R	127	9	6.52%	2	1	93	93	0.0017036706568871358	1	1	66	61	9	0	A
B5_BC17_consensus_vsearch	4226	G	R	107	34	24.11%	2	1	93	93	6.047194808886728E-12	1	1	43	64	34	0	A
