Chrom	Position	Ref	Cons	Reads1	Reads2	VarFreq	Strands1	Strands2	Qual1	Qual2	Pvalue	MapQual1	MapQual2	Reads1Plus	Reads1Minus	Reads2Plus	Reads2Minus	VarAllele
C2_BC26_consensus_vsearch	3	G	*/-T	51	14	20.29%	2	1	93	93	2.7899076002531066E-5	1	1	50	1	14	0	-T
C2_BC26_consensus_vsearch	24	T	*/-C	50	29	35.37%	2	2	93	93	7.895389016903319E-11	1	1	46	4	25	4	-C
C2_BC26_consensus_vsearch	75	G	*/+C	38	34	41.46%	2	2	93	93	3.350248956571397E-13	1	1	37	1	32	2	+C
C2_BC26_consensus_vsearch	105	G	*/-C	50	24	29.63%	2	1	93	93	6.408044950980952E-9	1	1	43	7	24	0	-C
C2_BC26_consensus_vsearch	132	G	*/-A	68	12	14.81%	2	1	93	93	1.5646941553972113E-4	1	1	60	8	12	0	-A
C2_BC26_consensus_vsearch	135	G	*/+C	31	47	56.63%	2	2	93	93	2.6615304599201775E-19	1	1	30	1	41	6	+C
C2_BC26_consensus_vsearch	177	G	*/+C	66	13	16.05%	2	1	93	93	7.136879921937968E-5	1	1	60	6	13	0	+C
C2_BC26_consensus_vsearch	182	G	*/+C	69	9	10.84%	2	1	93	93	0.001529943603649897	1	1	61	8	9	0	+C
C2_BC26_consensus_vsearch	187	A	*/+G	12	29	35.8%	2	2	93	93	6.280433606533303E-13	1	1	11	1	28	1	+G
C2_BC26_consensus_vsearch	188	A	*/-G	46	33	40.24%	2	2	93	93	1.6515995916502617E-12	1	1	40	6	32	1	-G
C2_BC26_consensus_vsearch	189	G	+A/+A	7	39	81.25%	2	2	93	93	3.7523073882475167E-19	1	1	6	1	33	6	+A
C2_BC26_consensus_vsearch	192	C	*/-A	72	9	10.98%	2	1	93	93	0.0015446322789749098	1	1	64	8	9	0	-A
C2_BC26_consensus_vsearch	214	G	*/-A	70	9	10.84%	2	1	93	93	0.0015349552478475465	1	1	62	8	9	0	-A
C2_BC26_consensus_vsearch	231	T	*/-C	65	12	14.46%	2	2	93	93	1.5355965773680656E-4	1	1	60	5	9	3	-C
C2_BC26_consensus_vsearch	312	G	*/-AG	63	9	11.25%	2	1	93	93	0.0014971715747452005	1	1	56	7	9	0	-AG
C2_BC26_consensus_vsearch	313	A	*/-G	59	10	14.08%	2	1	93	93	6.878224352374522E-4	1	1	51	8	10	0	-G
C2_BC26_consensus_vsearch	332	G	*/-T	66	12	14.46%	2	1	93	93	1.545503652061316E-4	1	1	58	8	12	0	-T
C2_BC26_consensus_vsearch	337	C	*/-A	71	8	9.76%	2	1	93	93	0.0032428631996773124	1	1	63	8	8	0	-A
C2_BC26_consensus_vsearch	354	T	*/-AC	75	7	8.43%	2	1	93	93	0.00683704333734377	1	1	67	8	7	0	-AC
C2_BC26_consensus_vsearch	361	C	*/-G	69	8	9.64%	2	2	93	93	0.0032264116811655053	1	1	63	6	7	1	-G
C2_BC26_consensus_vsearch	424	G	*/-C	72	7	8.54%	2	1	93	93	0.006801004765989798	1	1	64	8	7	0	-C
C2_BC26_consensus_vsearch	456	T	*/-C	61	13	16.05%	2	2	93	93	6.858963371983455E-5	1	1	56	5	11	2	-C
C2_BC26_consensus_vsearch	475	T	*/-C	57	24	28.92%	2	1	93	93	8.047095753433168E-9	1	1	49	8	24	0	-C
C2_BC26_consensus_vsearch	539	T	*/-C	73	8	9.64%	2	2	93	93	0.003258539328248754	1	1	67	6	7	1	-C
C2_BC26_consensus_vsearch	553	C	*/+A	66	15	18.07%	2	1	93	93	1.495875980356994E-5	1	1	58	8	15	0	+A
C2_BC26_consensus_vsearch	556	G	*/+A	25	43	51.81%	2	2	93	93	5.054668576398521E-18	1	1	23	2	38	5	+A
C2_BC26_consensus_vsearch	561	C	*/+G	63	14	17.07%	2	2	93	93	3.1905312965003224E-5	1	1	62	1	8	6	+G
C2_BC26_consensus_vsearch	562	A	*/-G	59	16	20.25%	1	2	93	93	6.2400710766759775E-6	1	1	59	0	10	6	-G
C2_BC26_consensus_vsearch	563	G	*/+A	55	10	15.15%	2	2	93	93	6.719705406989568E-4	1	1	54	1	9	1	+A
C2_BC26_consensus_vsearch	568	T	*/+C	70	7	8.64%	2	1	93	93	0.006775464530447864	1	1	63	7	7	0	+C
C2_BC26_consensus_vsearch	578	T	*/+A	70	7	8.43%	2	1	93	93	0.006775464530447864	1	1	62	8	7	0	+A
C2_BC26_consensus_vsearch	580	A	*/+G	39	33	41.25%	1	2	93	93	9.535323953318133E-13	1	1	39	0	25	8	+G
C2_BC26_consensus_vsearch	590	T	*/-C	64	11	13.41%	2	1	93	93	3.2906627028144115E-4	1	1	57	7	11	0	-C
C2_BC26_consensus_vsearch	609	A	*/-C	69	8	9.64%	2	1	93	93	0.0032264116811655053	1	1	61	8	8	0	-C
C2_BC26_consensus_vsearch	650	T	*/+C	59	20	24.69%	2	1	93	93	2.407920563321633E-7	1	1	51	8	20	0	+C
C2_BC26_consensus_vsearch	669	C	*/+G	18	49	59.04%	1	2	93	93	8.052227703940378E-22	1	1	18	0	42	7	+G
C2_BC26_consensus_vsearch	703	A	*/-G	72	7	8.54%	2	1	93	93	0.006801004765989798	1	1	64	8	7	0	-G
C2_BC26_consensus_vsearch	720	C	*/+GC	40	31	38.27%	2	2	93	93	6.8177566266239804E-12	1	1	38	2	25	6	+GC
C2_BC26_consensus_vsearch	728	C	*/-AC	65	14	16.87%	2	1	93	93	3.2485108610198266E-5	1	1	57	8	14	0	-AC
C2_BC26_consensus_vsearch	738	C	*/+A	72	7	8.43%	2	1	93	93	0.006801004765989798	1	1	64	8	7	0	+A
C2_BC26_consensus_vsearch	744	A	*/+C	52	9	11.25%	2	1	93	93	0.0014218518054835711	1	1	45	7	9	0	+C
C2_BC26_consensus_vsearch	744	A	*/-C	52	17	21.25%	2	2	93	93	2.4823937448097253E-6	1	1	45	7	16	1	-C
C2_BC26_consensus_vsearch	749	C	*/-AC	67	11	13.25%	2	1	93	93	3.3447467096847986E-4	1	1	60	7	11	0	-AC
C2_BC26_consensus_vsearch	752	G	*/+C	52	9	11.39%	2	2	93	93	0.0014218518054835711	1	1	49	3	8	1	+C
C2_BC26_consensus_vsearch	752	G	*/-C	52	17	21.52%	2	2	93	93	2.4823937448097253E-6	1	1	49	3	13	4	-C
C2_BC26_consensus_vsearch	757	C	*/-T	74	8	9.64%	2	2	93	93	0.003266103505100527	1	1	67	7	7	1	-T
C2_BC26_consensus_vsearch	760	C	*/+A	17	11	13.41%	2	1	93	93	1.4421665896387112E-4	1	1	16	1	11	0	+A
C2_BC26_consensus_vsearch	760	C	*/+AC	17	51	62.2%	2	2	93	93	5.368151802627603E-23	1	1	16	1	44	7	+AC
C2_BC26_consensus_vsearch	761	C	*/-T	72	9	10.84%	2	1	93	93	0.0015446322789749098	1	1	64	8	9	0	-T
C2_BC26_consensus_vsearch	762	T	*/-C	59	10	13.51%	2	2	93	93	6.878224352374522E-4	1	1	52	7	9	1	-C
C2_BC26_consensus_vsearch	765	C	*/-G	71	8	9.64%	2	1	93	93	0.0032428631996773124	1	1	65	6	8	0	-G
C2_BC26_consensus_vsearch	784	G	*/-AG	17	56	70.89%	2	2	93	93	1.5890925166767482E-25	1	1	16	1	49	7	-AG
C2_BC26_consensus_vsearch	785	A	*/-GGAC	4	11	64.71%	1	1	93	93	2.498750624687662E-5	1	1	4	0	11	0	-GGAC
C2_BC26_consensus_vsearch	788	A	*/-C	32	35	50%	2	1	93	93	6.490618413666983E-14	1	1	25	7	35	0	-C
C2_BC26_consensus_vsearch	820	A	*/+T	64	9	10.84%	2	1	93	93	0.0015029795679230836	1	1	56	8	9	0	+T
C2_BC26_consensus_vsearch	859	C	*/-AC	48	28	35%	2	1	93	93	1.7444897695345602E-10	1	1	40	8	28	0	-AC
C2_BC26_consensus_vsearch	919	C	+T/+T	13	64	77.11%	2	2	93	93	1.1211027486062727E-30	1	1	10	3	60	4	+T
C2_BC26_consensus_vsearch	924	T	*/-G	66	14	17.07%	2	1	93	93	3.276680718877326E-5	1	1	58	8	14	0	-G
C2_BC26_consensus_vsearch	958	C	*/-TC	66	15	18.07%	2	1	93	93	1.495875980356994E-5	1	1	58	8	15	0	-TC
C2_BC26_consensus_vsearch	974	T	*/-CC	68	7	8.43%	2	1	93	93	0.006748603167255938	1	1	60	8	7	0	-CC
C2_BC26_consensus_vsearch	995	T	*/-A	73	9	10.84%	2	1	93	93	0.0015493055088298398	1	1	65	8	9	0	-A
C2_BC26_consensus_vsearch	1043	T	*/+C	66	14	17.07%	2	1	93	93	3.276680718877326E-5	1	1	60	6	14	0	+C
C2_BC26_consensus_vsearch	1044	C	*/+G	62	14	17.28%	2	1	93	93	3.1606917951667466E-5	1	1	56	6	14	0	+G
C2_BC26_consensus_vsearch	1045	A	*/-G	60	18	22.22%	2	1	93	93	1.2601450948046846E-6	1	1	52	8	18	0	-G
C2_BC26_consensus_vsearch	1065	A	*/-CA	71	8	9.76%	2	2	93	93	0.0032428631996773124	1	1	65	6	6	2	-CA
C2_BC26_consensus_vsearch	1067	A	*/-T	58	9	12%	2	1	93	93	0.0014657450639826747	1	1	53	5	9	0	-T
C2_BC26_consensus_vsearch	1099	T	*/+A	65	7	8.64%	2	1	93	93	0.006705601149195077	1	1	58	7	7	0	+A
C2_BC26_consensus_vsearch	1146	G	*/-A	76	7	8.43%	2	1	93	93	0.006848492931449737	1	1	68	8	7	0	-A
C2_BC26_consensus_vsearch	1167	A	*/-G	35	28	34.57%	2	2	93	93	7.624762703298083E-11	1	1	29	6	26	2	-G
C2_BC26_consensus_vsearch	1177	C	*/+G	45	8	9.76%	2	2	93	93	0.002938934670165664	1	1	41	4	7	1	+G
C2_BC26_consensus_vsearch	1177	C	*/-G	45	11	13.41%	2	1	93	93	2.8374176060534504E-4	1	1	41	4	11	0	-G
C2_BC26_consensus_vsearch	1215	G	*/-C	59	19	23.46%	2	1	93	93	5.478891716541393E-7	1	1	52	7	19	0	-C
C2_BC26_consensus_vsearch	1233	C	*/-AC	75	7	8.43%	2	1	93	93	0.00683704333734377	1	1	67	8	7	0	-AC
C2_BC26_consensus_vsearch	1240	G	*/-A	71	8	9.88%	2	1	93	93	0.0032428631996773124	1	1	63	8	8	0	-A
C2_BC26_consensus_vsearch	1297	A	*/-C	68	10	12.5%	2	1	93	93	7.181367935498213E-4	1	1	60	8	10	0	-C
C2_BC26_consensus_vsearch	1320	T	*/+C	76	7	8.43%	2	1	93	93	0.006848492931449737	1	1	68	8	7	0	+C
C2_BC26_consensus_vsearch	1330	T	*/-C	60	17	20.99%	2	1	93	93	2.8307607202132633E-6	1	1	53	7	17	0	-C
C2_BC26_consensus_vsearch	1340	T	*/+C	75	8	9.64%	2	1	93	93	0.003273493476667816	1	1	67	8	8	0	+C
C2_BC26_consensus_vsearch	1368	G	*/-C	31	28	36.84%	2	2	93	93	5.348992395568177E-11	1	1	29	2	25	3	-C
C2_BC26_consensus_vsearch	1368	G	*/-CC	31	8	10.53%	2	2	93	93	0.002623962955816953	1	1	29	2	6	2	-C
C2_BC26_consensus_vsearch	1376	G	*/+C	62	9	10.98%	2	1	93	93	0.0014912126829053666	1	1	55	7	9	0	+C
C2_BC26_consensus_vsearch	1407	T	*/-C	56	24	28.92%	2	1	93	93	7.812144052603784E-9	1	1	48	8	24	0	-C
C2_BC26_consensus_vsearch	1444	C	*/-A	74	8	9.76%	2	1	93	93	0.003266103505100527	1	1	66	8	8	0	-A
C2_BC26_consensus_vsearch	1493	A	*/+G	40	7	8.86%	2	2	93	93	0.006144227284132818	1	1	35	5	6	1	+G
C2_BC26_consensus_vsearch	1493	A	*/-G	40	27	34.18%	2	2	93	93	2.750957037944501E-10	1	1	35	5	25	2	-G
C2_BC26_consensus_vsearch	1497	A	*/-G	66	8	10.26%	2	1	93	93	0.0032001503021311726	1	1	58	8	8	0	-G
C2_BC26_consensus_vsearch	1548	G	*/-A	69	12	14.63%	2	1	93	93	1.5739902049295915E-4	1	1	61	8	12	0	-A
C2_BC26_consensus_vsearch	1564	A	*/+C	13	54	71.05%	1	2	93	93	2.103301715203241E-25	1	1	13	0	47	7	+C
C2_BC26_consensus_vsearch	1564	A	*/+CC	13	6	7.89%	1	2	93	93	0.009828009828009346	1	1	13	0	5	1	+C
C2_BC26_consensus_vsearch	1579	T	*/+C	61	10	12.05%	2	1	93	93	6.951517769935194E-4	1	1	57	4	10	0	+C
C2_BC26_consensus_vsearch	1579	T	*/-C	61	11	13.25%	2	2	93	93	3.2326988230820273E-4	1	1	57	4	7	4	-C
C2_BC26_consensus_vsearch	1612	T	*/-C	72	11	13.25%	2	1	93	93	3.427251580137997E-4	1	1	64	8	11	0	-C
C2_BC26_consensus_vsearch	1642	G	*/+C	65	10	12.05%	2	1	93	93	7.087581206061954E-4	1	1	57	8	10	0	+C
C2_BC26_consensus_vsearch	1649	A	*/+C	74	7	8.43%	2	1	93	93	0.0068253188632208485	1	1	67	7	7	0	+C
C2_BC26_consensus_vsearch	1674	T	*/-C	68	7	8.43%	2	2	93	93	0.006748603167255938	1	1	65	3	3	4	-C
C2_BC26_consensus_vsearch	1691	A	*/-CA	70	11	13.41%	2	1	93	93	3.39532172777731E-4	1	1	62	8	11	0	-CA
C2_BC26_consensus_vsearch	1700	T	*/+C	18	47	56.63%	1	2	93	93	7.85960578631729E-21	1	1	18	0	40	7	+C
C2_BC26_consensus_vsearch	1700	T	*/-A	18	9	10.84%	1	2	93	93	8.81324027001399E-4	1	1	18	0	8	1	+C
C2_BC26_consensus_vsearch	1709	T	*/-C	69	12	14.46%	2	1	93	93	1.5739902049295915E-4	1	1	61	8	12	0	-C
C2_BC26_consensus_vsearch	1711	C	*/-A	69	7	8.54%	2	1	93	93	0.006762205304361565	1	1	61	8	7	0	-A
C2_BC26_consensus_vsearch	1718	C	*/-T	71	8	9.64%	2	1	93	93	0.0032428631996773124	1	1	63	8	8	0	-T
C2_BC26_consensus_vsearch	1729	T	*/-C	67	10	12.05%	2	2	93	93	7.15083779311783E-4	1	1	65	2	7	3	-C
C2_BC26_consensus_vsearch	1812	C	*/+G	74	7	8.64%	2	1	93	93	0.0068253188632208485	1	1	66	8	7	0	+G
C2_BC26_consensus_vsearch	1849	C	*/-G	65	14	17.28%	2	1	93	93	3.2485108610198266E-5	1	1	57	8	14	0	-G
C2_BC26_consensus_vsearch	1901	T	*/-C	70	13	15.66%	2	2	93	93	7.339803132663222E-5	1	1	63	7	12	1	-C
C2_BC26_consensus_vsearch	1968	G	*/+A	40	42	50.6%	2	2	93	93	1.7502173717475237E-16	1	1	39	1	35	7	+A
C2_BC26_consensus_vsearch	1970	C	*/-GG	69	7	8.43%	2	1	93	93	0.006762205304361565	1	1	63	6	7	0	-GG
C2_BC26_consensus_vsearch	1972	G	*/-A	67	9	11.84%	2	1	93	93	0.00151955303103788	1	1	59	8	9	0	-A
C2_BC26_consensus_vsearch	1974	G	*/-C	60	20	24.39%	2	1	93	93	2.455877052527935E-7	1	1	52	8	20	0	-C
C2_BC26_consensus_vsearch	2002	T	*/-C	61	16	19.51%	2	2	93	93	6.404016055564547E-6	1	1	55	6	15	1	-C
C2_BC26_consensus_vsearch	2024	A	*/+G	50	27	32.93%	2	2	93	93	4.6544159817413755E-10	1	1	44	6	25	2	+G
C2_BC26_consensus_vsearch	2084	T	*/+C	72	7	8.54%	2	1	93	93	0.006801004765989798	1	1	64	8	7	0	+C
C2_BC26_consensus_vsearch	2087	C	*/-A	65	16	19.51%	2	1	93	93	6.716177870989487E-6	1	1	57	8	16	0	-A
C2_BC26_consensus_vsearch	2088	A	*/+C	22	33	50%	2	2	93	93	1.0325533863668345E-13	1	1	20	2	27	6	+C
C2_BC26_consensus_vsearch	2140	G	*/+A	68	9	11.54%	2	1	93	93	0.001524811000003712	1	1	61	7	9	0	+A
C2_BC26_consensus_vsearch	2175	C	*/-A	67	7	8.43%	2	1	93	93	0.006734644665677596	1	1	59	8	7	0	-A
C2_BC26_consensus_vsearch	2180	C	*/-A	69	9	11.11%	2	1	93	93	0.001529943603649897	1	1	61	8	9	0	-A
C2_BC26_consensus_vsearch	2205	C	*/-AC	75	8	9.64%	2	1	93	93	0.003273493476667816	1	1	67	8	8	0	-AC
C2_BC26_consensus_vsearch	2228	C	*/-A	64	9	10.84%	2	1	93	93	0.0015029795679230836	1	1	56	8	9	0	-A
C2_BC26_consensus_vsearch	2251	T	*/-A	67	14	16.87%	2	1	93	93	3.304323061086959E-5	1	1	59	8	14	0	-A
C2_BC26_consensus_vsearch	2257	C	*/-AC	75	8	9.64%	2	1	93	93	0.003273493476667816	1	1	67	8	8	0	-AC
C2_BC26_consensus_vsearch	2266	C	*/+G	69	7	8.43%	2	1	93	93	0.006762205304361565	1	1	61	8	7	0	+G
C2_BC26_consensus_vsearch	2268	G	*/+A	59	11	13.41%	1	2	93	93	3.191694034015893E-4	1	1	59	0	4	7	+A
C2_BC26_consensus_vsearch	2282	T	*/+C	71	7	8.75%	2	1	93	93	0.006788393631324507	1	1	64	7	7	0	+C
C2_BC26_consensus_vsearch	2283	C	*/-G	72	7	8.54%	2	2	93	93	0.006801004765989798	1	1	67	5	4	3	-G
C2_BC26_consensus_vsearch	2293	A	*/-C	64	9	11.69%	2	1	93	93	0.0015029795679230836	1	1	56	8	9	0	-C
C2_BC26_consensus_vsearch	2329	T	*/+C	74	8	9.64%	2	1	93	93	0.003266103505100527	1	1	66	8	8	0	+C
C2_BC26_consensus_vsearch	2406	C	*/-A	60	16	19.28%	2	1	93	93	6.322721024711515E-6	1	1	52	8	16	0	-A
C2_BC26_consensus_vsearch	2429	C	*/+A	54	17	20.48%	2	2	93	93	2.5733791319524665E-6	1	1	53	1	12	5	+A
C2_BC26_consensus_vsearch	2493	A	*/-CA	74	7	8.54%	2	1	93	93	0.0068253188632208485	1	1	66	8	7	0	-CA
C2_BC26_consensus_vsearch	2539	G	*/+A	39	42	51.22%	1	2	93	93	1.5460530095913073E-16	1	1	39	0	34	8	+A
C2_BC26_consensus_vsearch	2544	T	*/-C	70	12	14.46%	2	1	93	93	1.5830947933196296E-4	1	1	62	8	12	0	-C
C2_BC26_consensus_vsearch	2563	T	*/-A	74	8	9.64%	2	2	93	93	0.003266103505100527	1	1	71	3	4	4	-A
C2_BC26_consensus_vsearch	2585	G	*/-T	66	15	18.07%	2	1	93	93	1.495875980356994E-5	1	1	58	8	15	0	-T
C2_BC26_consensus_vsearch	2604	C	*/-A	61	18	21.69%	2	1	93	93	1.2802768896784143E-6	1	1	53	8	18	0	-A
C2_BC26_consensus_vsearch	2688	A	*/-G	65	9	11.69%	2	1	93	93	0.0015086422852906565	1	1	57	8	9	0	-G
C2_BC26_consensus_vsearch	2698	C	*/-TC	69	9	11.39%	2	1	93	93	0.001529943603649897	1	1	64	5	9	0	-TC
C2_BC26_consensus_vsearch	2720	A	*/-G	73	8	9.64%	2	2	93	93	0.003258539328248754	1	1	66	7	7	1	-G
C2_BC26_consensus_vsearch	2731	A	*/-G	70	7	8.43%	2	1	93	93	0.006775464530447864	1	1	62	8	7	0	-G
C2_BC26_consensus_vsearch	2742	G	*/-C	70	7	8.54%	2	1	93	93	0.006775464530447864	1	1	62	8	7	0	-C
C2_BC26_consensus_vsearch	2790	T	*/+C	61	18	21.95%	2	1	93	93	1.2802768896784143E-6	1	1	53	8	18	0	+C
C2_BC26_consensus_vsearch	2795	C	*/-T	70	9	10.98%	2	2	93	93	0.0015349552478475465	1	1	63	7	8	1	-T
C2_BC26_consensus_vsearch	2800	T	*/-C	57	26	31.33%	2	1	93	93	1.4556282149270616E-9	1	1	49	8	26	0	-C
C2_BC26_consensus_vsearch	2886	T	*/+C	63	13	16.25%	2	2	93	93	6.973589833777482E-5	1	1	59	4	12	1	+C
C2_BC26_consensus_vsearch	2893	C	*/+A	74	8	9.76%	2	1	93	93	0.003266103505100527	1	1	67	7	8	0	+A
C2_BC26_consensus_vsearch	2895	T	*/+C	42	28	34.15%	2	1	93	93	1.2504763373709836E-10	1	1	37	5	28	0	+C
C2_BC26_consensus_vsearch	2922	T	*/-C	75	7	8.43%	2	1	93	93	0.00683704333734377	1	1	67	8	7	0	-C
C2_BC26_consensus_vsearch	2974	C	*/+A	27	53	63.86%	1	2	93	93	1.709871199005521E-22	1	1	27	0	45	8	+A
C2_BC26_consensus_vsearch	2978	G	*/+A	55	15	18.07%	2	1	93	93	1.3194416640192916E-5	1	1	47	8	15	0	+A
C2_BC26_consensus_vsearch	2980	C	*/+G	67	12	14.63%	2	1	93	93	1.555200699407391E-4	1	1	59	8	12	0	+G
C2_BC26_consensus_vsearch	2981	A	*/-G	59	14	17.07%	2	2	93	93	3.067585608628301E-5	1	1	53	6	13	1	-G
C2_BC26_consensus_vsearch	3026	T	*/+C	54	28	33.73%	1	2	93	93	2.2921735016966554E-10	1	1	54	0	20	8	+C
C2_BC26_consensus_vsearch	3049	C	*/-A	64	12	14.63%	2	2	93	93	1.5254727761391995E-4	1	1	57	7	11	1	-A
C2_BC26_consensus_vsearch	3059	T	*/-C	70	12	14.46%	2	1	93	93	1.5830947933196296E-4	1	1	62	8	12	0	-C
C2_BC26_consensus_vsearch	3099	C	*/-TC	73	7	8.64%	2	1	93	93	0.006813309504518076	1	1	68	5	7	0	-TC
C2_BC26_consensus_vsearch	3105	C	*/+A	19	58	69.88%	1	2	93	93	3.830592664401392E-26	1	1	19	0	50	8	+A
C2_BC26_consensus_vsearch	3114	G	*/-C	64	19	22.89%	2	1	93	93	5.965149614919937E-7	1	1	56	8	19	0	-C
C2_BC26_consensus_vsearch	3140	G	*/+CG	39	39	48.75%	2	2	93	93	2.950032533744956E-15	1	1	37	2	33	6	+CG
C2_BC26_consensus_vsearch	3145	G	*/-C	63	11	13.41%	2	1	93	93	3.2717922567031043E-4	1	1	55	8	11	0	-C
C2_BC26_consensus_vsearch	3217	G	*/+C	55	11	14.47%	2	1	93	93	3.103375397885081E-4	1	1	48	7	11	0	+C
C2_BC26_consensus_vsearch	3241	T	*/+C	51	12	14.46%	2	2	93	93	1.3705264232367117E-4	1	1	46	5	10	2	+C
C2_BC26_consensus_vsearch	3241	T	*/-C	51	19	22.89%	2	2	93	93	4.6433264291396187E-7	1	1	46	5	18	1	-C
C2_BC26_consensus_vsearch	3279	A	*/+G	24	8	10.53%	2	2	93	93	0.0023763911027917606	1	1	22	2	2	6	+G
C2_BC26_consensus_vsearch	3279	A	*/-G	24	33	43.42%	2	1	93	93	1.4887052634885176E-13	1	1	22	2	33	0	-G
C2_BC26_consensus_vsearch	3285	C	*/+A	62	11	13.41%	2	1	93	93	3.2524761796185115E-4	1	1	54	8	11	0	+A
C2_BC26_consensus_vsearch	3285	C	*/-G	62	9	10.98%	2	1	93	93	0.0014912126829053666	1	1	54	8	9	0	+A
C2_BC26_consensus_vsearch	3286	G	*/-A	59	14	19.18%	2	1	93	93	3.067585608628301E-5	1	1	51	8	14	0	-A
C2_BC26_consensus_vsearch	3288	G	*/-C	47	33	40.74%	2	2	93	93	1.7682922966404391E-12	1	1	43	4	29	4	-C
C2_BC26_consensus_vsearch	3295	G	*/+A	71	7	8.54%	2	1	93	93	0.006788393631324507	1	1	63	8	7	0	+A
C2_BC26_consensus_vsearch	3339	C	*/-AC	52	29	34.94%	2	2	93	93	8.692751045285949E-11	1	1	45	7	28	1	-AC
C2_BC26_consensus_vsearch	3427	T	*/-G	67	8	9.88%	2	1	93	93	0.003209125981632621	1	1	59	8	8	0	-G
C2_BC26_consensus_vsearch	3431	A	*/-GA	74	7	8.54%	2	2	93	93	0.0068253188632208485	1	1	67	7	6	1	-GA
C2_BC26_consensus_vsearch	3466	T	*/-C	67	16	19.28%	2	1	93	93	6.864809482737662E-6	1	1	59	8	16	0	-C
C2_BC26_consensus_vsearch	3479	T	*/-C	71	11	13.25%	2	1	93	93	3.411457794054609E-4	1	1	63	8	11	0	-C
C2_BC26_consensus_vsearch	3511	C	*/-AC	70	11	13.25%	2	1	93	93	3.39532172777731E-4	1	1	62	8	11	0	-AC
C2_BC26_consensus_vsearch	3517	T	*/+A	67	12	14.63%	2	1	93	93	1.555200699407391E-4	1	1	60	7	12	0	+A
C2_BC26_consensus_vsearch	3519	G	*/+T	9	56	67.47%	2	2	93	93	1.1625844923695678E-27	1	1	8	1	50	6	+T
C2_BC26_consensus_vsearch	3520	T	*/+A	70	10	12.05%	2	1	93	93	7.24035494267502E-4	1	1	63	7	10	0	+A
C2_BC26_consensus_vsearch	3566	T	*/+C	51	8	10.13%	2	2	93	93	0.0030313114191532118	1	1	47	4	7	1	+C
C2_BC26_consensus_vsearch	3566	T	*/-C	51	18	22.78%	2	2	93	93	1.0668138407445914E-6	1	1	47	4	17	1	-C
C2_BC26_consensus_vsearch	3575	G	*/-C	74	7	8.43%	2	1	93	93	0.0068253188632208485	1	1	66	8	7	0	-C
C2_BC26_consensus_vsearch	3578	C	*/-A	72	8	9.64%	2	1	93	93	0.0032507947309133797	1	1	64	8	8	0	-A
C2_BC26_consensus_vsearch	3585	T	*/+C	68	11	13.75%	2	1	93	93	3.3619779825426704E-4	1	1	61	7	11	0	+C
C2_BC26_consensus_vsearch	3608	C	*/+A	73	7	8.54%	2	1	93	93	0.006813309504518076	1	1	65	8	7	0	+A
C2_BC26_consensus_vsearch	3609	G	*/-A	75	7	8.54%	2	1	93	93	0.00683704333734377	1	1	67	8	7	0	-A
C2_BC26_consensus_vsearch	3614	G	*/-A	72	7	8.43%	2	1	93	93	0.006801004765989798	1	1	64	8	7	0	-A
C2_BC26_consensus_vsearch	3685	T	*/-C	64	13	15.66%	2	1	93	93	7.029139262599611E-5	1	1	57	7	13	0	-C
C2_BC26_consensus_vsearch	3700	T	*/-C	61	21	25.3%	2	1	93	93	1.0981124333290655E-7	1	1	53	8	21	0	-C
C2_BC26_consensus_vsearch	3737	C	*/+G	73	7	8.64%	2	1	93	93	0.006813309504518076	1	1	65	8	7	0	+G
C2_BC26_consensus_vsearch	3738	A	*/-G	71	8	9.64%	2	1	93	93	0.0032428631996773124	1	1	64	7	8	0	-G
C2_BC26_consensus_vsearch	3764	G	*/-A	64	10	12.05%	2	1	93	93	7.054802053515234E-4	1	1	56	8	10	0	-A
C2_BC26_consensus_vsearch	3764	G	*/-AT	64	7	8.43%	2	1	93	93	0.006690485474642467	1	1	56	8	7	0	-A
C2_BC26_consensus_vsearch	3770	A	*/-CC	62	11	13.41%	2	2	93	93	3.2524761796185115E-4	1	1	58	4	10	1	-CC
C2_BC26_consensus_vsearch	3774	C	*/-T	74	8	9.76%	2	2	93	93	0.003266103505100527	1	1	68	6	7	1	-T
C2_BC26_consensus_vsearch	3775	T	*/+C	51	15	20.27%	2	2	93	93	1.245874768051945E-5	1	1	47	4	14	1	+C
C2_BC26_consensus_vsearch	3802	A	*/-C	54	11	13.25%	2	2	93	93	3.0798649782037883E-4	1	1	47	7	10	1	-C
C2_BC26_consensus_vsearch	3802	A	*/-CC	54	9	10.84%	2	1	93	93	0.001437328811790541	1	1	47	7	9	0	-C
C2_BC26_consensus_vsearch	3837	C	*/+G	76	7	8.43%	2	1	93	93	0.006848492931449737	1	1	68	8	7	0	+G
C2_BC26_consensus_vsearch	3919	G	*/-A	69	14	16.87%	2	1	93	93	3.3580798646164976E-5	1	1	61	8	14	0	-A
C2_BC26_consensus_vsearch	3920	A	+G/+G	7	57	82.61%	1	2	93	93	5.552513865815379E-29	1	1	7	0	49	8	+G
C2_BC26_consensus_vsearch	3922	T	*/-A	68	8	9.64%	2	1	93	93	0.0032178770069028195	1	1	60	8	8	0	-A
C2_BC26_consensus_vsearch	3927	T	*/-C	47	27	32.93%	2	1	93	93	4.0499181307878285E-10	1	1	39	8	27	0	-C
C2_BC26_consensus_vsearch	3927	T	*/-CC	47	8	9.76%	2	1	93	93	0.002971807783139731	1	1	39	8	8	0	-C
C2_BC26_consensus_vsearch	3936	T	*/+C	47	29	35.8%	2	2	93	93	6.752863624005412E-11	1	1	42	5	28	1	+C
C2_BC26_consensus_vsearch	3945	G	*/-CC	67	8	9.88%	2	1	93	93	0.003209125981632621	1	1	59	8	8	0	-CC
C2_BC26_consensus_vsearch	3970	T	*/-A	61	15	18.07%	2	1	93	93	1.420020951451421E-5	1	1	53	8	15	0	-A
C2_BC26_consensus_vsearch	3973	G	*/-A	69	11	13.41%	2	1	93	93	3.378832306582041E-4	1	1	61	8	11	0	-A
C2_BC26_consensus_vsearch	3992	G	*/-C	69	13	15.66%	2	1	93	93	7.290568127128522E-5	1	1	61	8	13	0	-C
C2_BC26_consensus_vsearch	3999	G	*/-A	71	12	14.46%	2	1	93	93	1.5920136372256564E-4	1	1	63	8	12	0	-A
C2_BC26_consensus_vsearch	4004	G	*/+A	57	13	15.66%	2	1	93	93	6.614569394622353E-5	1	1	49	8	13	0	+A
C2_BC26_consensus_vsearch	4009	T	*/-C	69	11	13.25%	2	1	93	93	3.378832306582041E-4	1	1	61	8	11	0	-C
C2_BC26_consensus_vsearch	4120	T	*/+C	48	34	41.46%	1	2	93	93	7.533249962445174E-13	1	1	48	0	27	7	+C
C2_BC26_consensus_vsearch	4158	T	*/-C	73	10	12.05%	2	2	93	93	7.323989678103944E-4	1	1	66	7	9	1	-C
C2_BC26_consensus_vsearch	4165	A	*/-G	68	12	14.46%	2	2	93	93	1.5646941553972113E-4	1	1	61	7	11	1	-G
C2_BC26_consensus_vsearch	4175	G	*/+AG	32	40	48.78%	2	2	93	93	4.3182116298529946E-16	1	1	30	2	34	6	+AG
C2_BC26_consensus_vsearch	4179	T	*/-C	61	13	15.66%	2	2	93	93	6.858963371983455E-5	1	1	56	5	11	2	-C
C2_BC26_consensus_vsearch	4186	T	+G/+G	4	77	92.77%	1	2	93	93	5.533593675754227E-42	1	1	4	0	69	8	+G
C2_BC26_consensus_vsearch	4189	A	*/-G	69	10	12.5%	2	1	93	93	7.211199150960067E-4	1	1	61	8	10	0	-G
C2_BC26_consensus_vsearch	4190	G	*/+A	51	15	20.55%	2	1	93	93	1.245874768051945E-5	1	1	43	8	15	0	+A
C2_BC26_consensus_vsearch	4205	T	*/-C	74	7	8.43%	2	1	93	93	0.0068253188632208485	1	1	67	7	7	0	-C
C2_BC26_consensus_vsearch	4226	A	*/-T	43	39	46.99%	2	1	93	93	4.50637363157667E-15	1	1	36	7	39	0	-T
C2_BC26_consensus_vsearch	4233	C	*/-GC	73	9	10.84%	2	1	93	93	0.0015493055088298398	1	1	66	7	9	0	-GC
C2_BC26_consensus_vsearch	4245	T	*/-C	72	8	9.64%	2	1	93	93	0.0032507947309133797	1	1	64	8	8	0	-C
C2_BC26_consensus_vsearch	4246	C	*/+G	62	8	11.11%	2	1	93	93	0.0031618193727770178	1	1	54	8	8	0	+G
C2_BC26_consensus_vsearch	4280	T	*/-C	71	12	14.46%	2	1	93	93	1.5920136372256564E-4	1	1	63	8	12	0	-C
C2_BC26_consensus_vsearch	4299	T	*/-C	61	18	21.69%	2	2	93	93	1.2802768896784143E-6	1	1	57	4	16	2	-C
C2_BC26_consensus_vsearch	4327	T	*/-C	47	32	39.51%	2	1	93	93	4.427692522296455E-12	1	1	40	7	32	0	-C
C2_BC26_consensus_vsearch	4397	T	*/-C	59	23	27.71%	2	1	93	93	1.9792630286538943E-8	1	1	51	8	23	0	-C
C2_BC26_consensus_vsearch	4434	A	*/-C	64	11	13.41%	2	2	93	93	3.2906627028144115E-4	1	1	58	6	10	1	-C
C2_BC26_consensus_vsearch	4444	G	*/-T	68	8	9.64%	2	1	93	93	0.0032178770069028195	1	1	60	8	8	0	-T
C2_BC26_consensus_vsearch	4461	A	*/-CA	69	11	13.41%	2	1	93	93	3.378832306582041E-4	1	1	61	8	11	0	-CA
C2_BC26_consensus_vsearch	4584	C	*/+T	29	44	53.66%	2	2	93	93	4.136835843283445E-18	1	1	28	1	40	4	+T
