Chrom	Position	Ref	Cons	Reads1	Reads2	VarFreq	Strands1	Strands2	Qual1	Qual2	Pvalue	MapQual1	MapQual2	Reads1Plus	Reads1Minus	Reads2Plus	Reads2Minus	VarAllele
D1_BC37_consensus_vsearch	40	C	*/+G	9	30	44.78%	1	2	93	93	6.161978630132305E-14	1	1	9	0	14	16	+G
D1_BC37_consensus_vsearch	54	G	*/+A	33	31	45.59%	2	2	93	93	3.645134025761214E-12	1	1	28	5	24	7	+A
D1_BC37_consensus_vsearch	133	A	*/+G	58	8	12.12%	2	1	93	93	0.0031191054961551223	1	1	44	14	8	0	+G
D1_BC37_consensus_vsearch	170	C	*/-A	58	9	13.24%	2	1	93	93	0.0014657450639826747	1	1	42	16	9	0	-A
D1_BC37_consensus_vsearch	173	G	*/-AG	46	18	26.87%	2	1	93	93	9.497400577112776E-7	1	1	30	16	18	0	-AG
D1_BC37_consensus_vsearch	270	C	*/-G	50	8	11.76%	2	1	93	93	0.003017153500931496	1	1	34	16	8	0	-G
D1_BC37_consensus_vsearch	331	C	*/-A	52	13	19.12%	2	1	93	93	6.277292100568723E-5	1	1	36	16	13	0	-A
D1_BC37_consensus_vsearch	340	C	*/+G	42	7	10.29%	2	2	93	93	0.006209196086325277	1	1	33	9	6	1	+G
D1_BC37_consensus_vsearch	340	C	*/-G	42	17	25%	2	2	93	93	1.9861167426280058E-6	1	1	33	9	11	6	-G
D1_BC37_consensus_vsearch	359	T	*/-C	56	12	17.65%	2	2	93	93	1.4357787204525497E-4	1	1	41	15	11	1	-C
D1_BC37_consensus_vsearch	392	T	*/-C	60	8	11.76%	2	2	93	93	0.003141055787584501	1	1	45	15	7	1	-C
D1_BC37_consensus_vsearch	394	C	*/-A	55	8	11.76%	2	2	93	93	0.003083723632569312	1	1	44	11	4	4	-A
D1_BC37_consensus_vsearch	412	C	*/-GC	55	10	14.71%	2	2	93	93	6.719705406989568E-4	1	1	43	12	6	4	-GC
D1_BC37_consensus_vsearch	438	G	*/+AGG	37	19	27.94%	2	2	93	93	3.026364102208067E-7	1	1	36	1	7	12	+AGG
D1_BC37_consensus_vsearch	458	T	*/-G	48	14	20.59%	2	2	93	93	2.673248832653301E-5	1	1	34	14	12	2	-G
D1_BC37_consensus_vsearch	475	T	*/-C	55	12	17.65%	2	2	93	93	1.4233526260975463E-4	1	1	40	15	11	1	-C
D1_BC37_consensus_vsearch	479	T	+A/+A	7	61	89.71%	1	2	93	93	3.3363499178374435E-31	1	1	7	0	45	16	+A
D1_BC37_consensus_vsearch	482	T	*/-G	57	9	13.24%	2	2	93	93	0.0014589364417500951	1	1	49	8	1	8	-G
D1_BC37_consensus_vsearch	484	G	*/+A	46	18	26.47%	2	1	93	93	9.497400577112776E-7	1	1	31	15	18	0	+A
D1_BC37_consensus_vsearch	495	T	*/-C	59	9	13.24%	2	1	93	93	0.0014723699004299496	1	1	43	16	9	0	-C
D1_BC37_consensus_vsearch	521	T	*/-G	56	12	17.65%	2	1	93	93	1.4357787204525497E-4	1	1	52	4	0	12	-G
D1_BC37_consensus_vsearch	556	T	*/-C	58	8	11.94%	2	1	93	93	0.0031191054961551223	1	1	43	15	8	0	-C
D1_BC37_consensus_vsearch	562	T	*/-C	57	8	11.94%	2	1	93	93	0.0031076532336463927	1	1	42	15	8	0	-C
D1_BC37_consensus_vsearch	630	A	*/+C	47	13	20.31%	2	1	93	93	5.8991325921800234E-5	1	1	34	13	13	0	+C
D1_BC37_consensus_vsearch	638	A	*/-C	56	8	12.12%	2	1	93	93	0.003095864276791816	1	1	41	15	8	0	-C
D1_BC37_consensus_vsearch	650	G	*/+A	59	7	10.29%	2	1	93	93	0.006608274356260959	1	1	43	16	7	0	+A
D1_BC37_consensus_vsearch	651	G	*/-C	52	7	10.29%	2	1	93	93	0.006470683990884758	1	1	36	16	7	0	-C
D1_BC37_consensus_vsearch	651	G	*/-CC	52	7	10.29%	2	1	93	93	0.006470683990884758	1	1	36	16	7	0	-C
D1_BC37_consensus_vsearch	703	C	*/+G	36	19	27.94%	2	2	93	93	2.9053944291181704E-7	1	1	26	10	18	1	+G
D1_BC37_consensus_vsearch	713	C	*/-G	56	11	16.18%	2	2	93	93	3.1262923751788224E-4	1	1	48	8	4	7	-G
D1_BC37_consensus_vsearch	719	C	*/-T	57	9	13.64%	2	2	93	93	0.0014589364417500951	1	1	45	12	7	2	-T
D1_BC37_consensus_vsearch	838	A	*/-G	50	12	17.91%	2	2	93	93	1.3564828362264627E-4	1	1	41	9	8	4	-G
D1_BC37_consensus_vsearch	865	C	*/-G	43	18	26.47%	2	2	93	93	8.762231630252829E-7	1	1	33	10	15	3	-G
D1_BC37_consensus_vsearch	869	G	*/+A	47	20	29.41%	2	2	93	93	1.7998178732273972E-7	1	1	39	8	12	8	+A
D1_BC37_consensus_vsearch	870	G	*/-A	52	15	22.06%	2	2	93	93	1.2647898708059194E-5	1	1	43	9	8	7	-A
D1_BC37_consensus_vsearch	871	A	*/-G	27	18	33.96%	2	2	93	93	4.5278200780765585E-7	1	1	26	1	15	3	-G
D1_BC37_consensus_vsearch	924	A	*/-G	52	10	14.93%	2	2	93	93	6.58906934248419E-4	1	1	40	12	9	1	-G
D1_BC37_consensus_vsearch	926	G	*/+A	47	8	12.5%	2	1	93	93	0.002971807783139731	1	1	33	14	8	0	+A
D1_BC37_consensus_vsearch	954	T	*/-G	52	8	11.76%	2	2	93	93	0.0030450277604163654	1	1	38	14	6	2	-G
D1_BC37_consensus_vsearch	1025	T	*/-A	56	7	10.61%	2	1	93	93	0.006552912719209025	1	1	41	15	7	0	-A
D1_BC37_consensus_vsearch	1043	G	*/-C	58	9	13.24%	2	2	93	93	0.0014657450639826747	1	1	43	15	8	1	-C
D1_BC37_consensus_vsearch	1058	A	*/-G	55	7	10.29%	2	1	93	93	0.006533312780867292	1	1	42	13	7	0	-G
D1_BC37_consensus_vsearch	1073	T	*/-G	44	9	13.43%	2	2	93	93	0.001349510817933241	1	1	36	8	5	4	-G
D1_BC37_consensus_vsearch	1078	G	*/+A	58	7	10.29%	2	1	93	93	0.00659036806445684	1	1	43	15	7	0	+A
D1_BC37_consensus_vsearch	1146	C	*/-TT	52	14	20.9%	2	1	93	93	2.8271773582716752E-5	1	1	36	16	14	0	-TT
D1_BC37_consensus_vsearch	1150	A	*/-T	57	8	11.94%	2	1	93	93	0.0031076532336463927	1	1	41	16	8	0	-T
D1_BC37_consensus_vsearch	1193	A	*/-G	55	11	16.18%	2	1	93	93	3.103375397885081E-4	1	1	40	15	11	0	-G
D1_BC37_consensus_vsearch	1195	G	*/-A	55	12	17.91%	2	1	93	93	1.4233526260975463E-4	1	1	40	15	12	0	-A
D1_BC37_consensus_vsearch	1307	G	*/-TG	58	7	10.29%	2	2	93	93	0.00659036806445684	1	1	47	11	2	5	-TG
D1_BC37_consensus_vsearch	1352	C	*/-G	27	36	52.94%	2	2	93	93	1.1403640545943324E-14	1	1	21	6	29	7	-G
D1_BC37_consensus_vsearch	1363	T	*/+C	31	35	51.47%	2	2	93	93	5.694510816030359E-14	1	1	19	12	33	2	+C
D1_BC37_consensus_vsearch	1367	C	*/-T	57	9	13.24%	2	2	93	93	0.0014589364417500951	1	1	46	11	5	4	-T
D1_BC37_consensus_vsearch	1377	G	*/+A	56	7	10.29%	2	1	93	93	0.006552912719209025	1	1	40	16	7	0	+A
D1_BC37_consensus_vsearch	1390	G	*/-TG	47	19	27.94%	2	2	93	93	4.1995750375307603E-7	1	1	33	14	17	2	-TG
D1_BC37_consensus_vsearch	1401	T	*/-C	54	13	19.4%	2	2	93	93	6.416753642243539E-5	1	1	40	14	12	1	-C
D1_BC37_consensus_vsearch	1441	C	*/-GC	60	7	10.29%	2	1	93	93	0.00662566455193586	1	1	44	16	7	0	-GC
D1_BC37_consensus_vsearch	1511	C	*/-GC	43	18	28.57%	2	2	93	93	8.762231630252829E-7	1	1	32	11	15	3	-GC
D1_BC37_consensus_vsearch	1549	G	*/-A	58	10	14.71%	2	2	93	93	6.840143631919109E-4	1	1	43	15	9	1	-A
D1_BC37_consensus_vsearch	1550	A	*/+G	19	24	41.38%	2	2	93	93	6.451297568949004E-10	1	1	18	1	12	12	+G
D1_BC37_consensus_vsearch	1550	A	*/+GA	19	12	20.69%	2	1	93	93	6.532894519755646E-5	1	1	18	1	12	0	+G
D1_BC37_consensus_vsearch	1621	T	*/-G	55	11	16.67%	2	2	93	93	3.103375397885081E-4	1	1	49	6	1	10	-G
D1_BC37_consensus_vsearch	1665	T	*/-C	46	13	20.97%	2	2	93	93	5.817994813623559E-5	1	1	32	14	11	2	-C
D1_BC37_consensus_vsearch	1682	C	*/-AC	59	9	13.24%	2	2	93	93	0.0014723699004299496	1	1	44	15	8	1	-AC
D1_BC37_consensus_vsearch	1719	A	*/-G	48	15	22.06%	2	1	93	93	1.186922481698204E-5	1	1	32	16	15	0	-G
D1_BC37_consensus_vsearch	1751	C	*/+A	40	7	10.29%	2	1	93	93	0.006144227284132818	1	1	32	8	7	0	+A
D1_BC37_consensus_vsearch	1751	C	*/+G	40	8	11.76%	2	2	93	93	0.0028457473737034627	1	1	32	8	3	5	+G
D1_BC37_consensus_vsearch	1751	C	*/-G	40	9	13.24%	2	2	93	93	0.0013055232796887759	1	1	32	8	8	1	-G
D1_BC37_consensus_vsearch	1765	A	*/-GA	52	9	13.24%	2	1	93	93	0.0014218518054835711	1	1	36	16	9	0	-GA
D1_BC37_consensus_vsearch	1891	C	*/-G	22	41	60.29%	2	2	93	93	2.0947240834003493E-17	1	1	21	1	27	14	-G
D1_BC37_consensus_vsearch	1917	T	*/+C	46	11	17.19%	2	1	93	93	2.8674403010008986E-4	1	1	31	15	11	0	+C
D1_BC37_consensus_vsearch	1917	T	*/-C	46	7	10.94%	2	2	93	93	0.0063250985292696415	1	1	31	15	6	1	+C
D1_BC37_consensus_vsearch	1948	G	*/+A	57	11	16.18%	2	1	93	93	3.148637544852044E-4	1	1	41	16	11	0	+A
D1_BC37_consensus_vsearch	2007	G	*/-TG	47	10	15.15%	2	2	93	93	6.344974283065057E-4	1	1	38	9	7	3	-TG
D1_BC37_consensus_vsearch	2048	T	*/+G	19	43	63.24%	1	2	93	93	9.957461805933249E-19	1	1	19	0	30	13	+G
D1_BC37_consensus_vsearch	2049	G	*/+C	21	44	64.71%	1	2	93	93	6.04775982083935E-19	1	1	21	0	28	16	+C
D1_BC37_consensus_vsearch	2061	C	*/-AC	56	11	16.18%	2	1	93	93	3.1262923751788224E-4	1	1	40	16	11	0	-AC
D1_BC37_consensus_vsearch	2107	T	*/-C	45	21	30.88%	2	2	93	93	7.174052805897818E-8	1	1	34	11	16	5	-C
D1_BC37_consensus_vsearch	2110	C	*/-T	61	7	10.29%	2	1	93	93	0.006642560599974168	1	1	52	9	0	7	-T
D1_BC37_consensus_vsearch	2235	T	*/-C	60	7	10.29%	2	2	93	93	0.00662566455193586	1	1	45	15	6	1	-C
D1_BC37_consensus_vsearch	2262	G	*/-C	50	10	14.71%	2	2	93	93	6.495667326756242E-4	1	1	44	6	4	6	-C
D1_BC37_consensus_vsearch	2342	C	*/+A	41	12	17.91%	2	1	93	93	1.2122165811659098E-4	1	1	34	7	12	0	+A
D1_BC37_consensus_vsearch	2342	C	*/+G	41	7	10.45%	2	2	93	93	0.006177354055113364	1	1	34	7	2	5	+A
D1_BC37_consensus_vsearch	2552	C	*/-A	61	7	10.29%	2	1	93	93	0.006642560599974168	1	1	45	16	7	0	-A
D1_BC37_consensus_vsearch	2609	G	*/+A	52	10	14.93%	2	1	93	93	6.58906934248419E-4	1	1	36	16	10	0	+A
D1_BC37_consensus_vsearch	2629	T	*/-C	38	30	44.12%	2	2	93	93	1.4854596674259784E-11	1	1	29	9	23	7	-C
D1_BC37_consensus_vsearch	2643	C	*/-G	58	7	10.29%	2	1	93	93	0.00659036806445684	1	1	42	16	7	0	-G
D1_BC37_consensus_vsearch	2652	A	*/+G	26	34	53.97%	2	2	93	93	7.472455278313482E-14	1	1	24	2	21	13	+G
D1_BC37_consensus_vsearch	2688	C	*/-T	52	14	20.59%	2	1	93	93	2.8271773582716752E-5	1	1	50	2	0	14	-T
D1_BC37_consensus_vsearch	2716	T	*/-GT	60	7	10.29%	2	2	93	93	0.00662566455193586	1	1	50	10	1	6	-GT
D1_BC37_consensus_vsearch	2772	A	*/-G	51	11	17.19%	2	1	93	93	3.005540401835199E-4	1	1	35	16	11	0	-G
D1_BC37_consensus_vsearch	2782	T	*/-C	57	9	13.24%	2	1	93	93	0.0014589364417500951	1	1	42	15	9	0	-C
D1_BC37_consensus_vsearch	2928	G	*/+A	17	32	47.06%	2	2	93	93	9.875113192440451E-14	1	1	16	1	21	11	+A
D1_BC37_consensus_vsearch	2947	G	*/-A	55	9	13.24%	2	1	93	93	0.0014447366625028393	1	1	39	16	9	0	-A
D1_BC37_consensus_vsearch	2968	G	*/-A	51	9	14.06%	2	1	93	93	0.0014137628887647123	1	1	39	12	9	0	-A
D1_BC37_consensus_vsearch	2980	A	*/-G	52	11	16.42%	2	2	93	93	3.0309718975429843E-4	1	1	39	13	10	1	-G
D1_BC37_consensus_vsearch	2983	G	*/-A	52	13	19.12%	2	2	93	93	6.277292100568723E-5	1	1	38	14	12	1	-A
D1_BC37_consensus_vsearch	3038	G	*/-CG	59	7	10.29%	2	1	93	93	0.006608274356260959	1	1	44	15	7	0	-CG
D1_BC37_consensus_vsearch	3058	C	*/-G	59	7	10.45%	2	2	93	93	0.006608274356260959	1	1	47	12	3	4	-G
D1_BC37_consensus_vsearch	3074	G	*/-A	60	7	10.45%	2	1	93	93	0.00662566455193586	1	1	44	16	7	0	-A
D1_BC37_consensus_vsearch	3075	A	*/+G	23	27	44.26%	2	2	93	93	5.6350208882549803E-11	1	1	22	1	13	14	+G
D1_BC37_consensus_vsearch	3132	A	*/-G	51	7	10.61%	2	1	93	93	0.0064484261098339424	1	1	36	15	7	0	-G
D1_BC37_consensus_vsearch	3153	G	+T/+T	6	61	91.04%	2	2	93	93	1.1361624044526382E-31	1	1	4	2	48	13	+T
D1_BC37_consensus_vsearch	3161	T	*/-C	31	27	40.91%	2	2	93	93	1.390738022847771E-10	1	1	23	8	22	5	-C
D1_BC37_consensus_vsearch	3176	T	*/+C	58	10	14.71%	2	1	93	93	6.840143631919109E-4	1	1	42	16	10	0	+C
D1_BC37_consensus_vsearch	3234	A	*/-G	56	10	14.71%	2	2	93	93	6.760924973963187E-4	1	1	41	15	9	1	-G
D1_BC37_consensus_vsearch	3284	A	*/+G	28	18	26.87%	2	2	93	93	4.799702523894084E-7	1	1	26	2	12	6	+G
D1_BC37_consensus_vsearch	3284	A	*/+GG	28	14	20.9%	2	2	93	93	1.6655529977006517E-5	1	1	26	2	9	5	+G
D1_BC37_consensus_vsearch	3420	C	*/+A	59	9	13.24%	2	1	93	93	0.0014723699004299496	1	1	43	16	9	0	+A
D1_BC37_consensus_vsearch	3436	A	*/-G	54	12	18.18%	2	2	93	93	1.4106251808566458E-4	1	1	43	11	8	4	-G
D1_BC37_consensus_vsearch	3473	T	*/-C	41	18	26.47%	2	2	93	93	8.259099325779081E-7	1	1	32	9	15	3	-C
D1_BC37_consensus_vsearch	3478	C	*/-G	19	46	67.65%	2	2	93	93	3.4747730844769265E-20	1	1	11	8	38	8	-G
D1_BC37_consensus_vsearch	3482	A	+G/+G	4	58	86.57%	2	2	93	93	4.739073854808091E-31	1	1	3	1	43	15	+G
D1_BC37_consensus_vsearch	3485	T	*/-C	47	13	19.12%	2	2	93	93	5.8991325921800234E-5	1	1	41	6	6	7	-C
D1_BC37_consensus_vsearch	3545	G	*/-T	55	9	13.43%	2	1	93	93	0.0014447366625028393	1	1	41	14	9	0	-T
D1_BC37_consensus_vsearch	3623	T	*/-C	61	7	10.29%	2	1	93	93	0.006642560599974168	1	1	45	16	7	0	-C
D1_BC37_consensus_vsearch	3653	G	*/-T	56	9	13.24%	2	2	93	93	0.0014519363468675588	1	1	42	14	8	1	-T
D1_BC37_consensus_vsearch	3723	T	*/+C	53	9	13.24%	2	1	93	93	0.0014297037252560243	1	1	39	14	9	0	+C
D1_BC37_consensus_vsearch	3733	C	*/-A	37	25	37.31%	2	2	93	93	1.4167633401398667E-9	1	1	24	13	22	3	-A
D1_BC37_consensus_vsearch	3799	T	*/-GT	58	7	10.29%	2	1	93	93	0.00659036806445684	1	1	50	8	0	7	-GT
D1_BC37_consensus_vsearch	3816	C	*/-GA	58	7	10.29%	2	1	93	93	0.00659036806445684	1	1	43	15	7	0	-GA
D1_BC37_consensus_vsearch	3889	C	*/-G	55	8	11.76%	2	2	93	93	0.003083723632569312	1	1	47	8	2	6	-G
D1_BC37_consensus_vsearch	3899	A	*/-G	42	10	16.67%	2	2	93	93	6.061082905828446E-4	1	1	33	9	9	1	-G
D1_BC37_consensus_vsearch	3907	T	*/+G	25	32	51.61%	2	2	93	93	4.882953264242568E-13	1	1	22	3	27	5	+G
D1_BC37_consensus_vsearch	3996	T	*/-C	59	7	10.29%	2	1	93	93	0.006608274356260959	1	1	43	16	7	0	-C
D1_BC37_consensus_vsearch	4012	T	*/-G	45	15	22.06%	2	1	93	93	1.1244863925491819E-5	1	1	33	12	15	0	-G
D1_BC37_consensus_vsearch	4058	T	*/-C	54	12	17.91%	2	1	93	93	1.4106251808566458E-4	1	1	38	16	12	0	-C
D1_BC37_consensus_vsearch	4102	G	*/+C	46	7	10.29%	2	2	93	93	0.0063250985292696415	1	1	39	7	6	1	+C
D1_BC37_consensus_vsearch	4102	G	*/-C	46	11	16.18%	2	2	93	93	2.8674403010008986E-4	1	1	39	7	4	7	-C
D1_BC37_consensus_vsearch	4118	A	*/+G	26	29	44.62%	2	2	93	93	1.1490972381499444E-11	1	1	20	6	21	8	+G
D1_BC37_consensus_vsearch	4147	T	*/+C	39	28	41.18%	2	2	93	93	1.0283951543718536E-10	1	1	37	2	14	14	+C
D1_BC37_consensus_vsearch	4220	T	*/-C	56	10	14.71%	2	1	93	93	6.760924973963187E-4	1	1	40	16	10	0	-C
D1_BC37_consensus_vsearch	4239	C	*/-G	45	17	25.37%	2	2	93	93	2.142364554238657E-6	1	1	30	15	16	1	-G
D1_BC37_consensus_vsearch	4252	T	*/-C	55	13	19.12%	2	1	93	93	6.484161963332398E-5	1	1	39	16	13	0	-C
D1_BC37_consensus_vsearch	4276	A	*/-GGA	54	9	13.43%	2	1	93	93	0.001437328811790541	1	1	40	14	9	0	-GGA
D1_BC37_consensus_vsearch	4293	G	*/+C	37	26	38.24%	2	2	93	93	5.667053360558897E-10	1	1	24	13	23	3	+C
D1_BC37_consensus_vsearch	4299	T	*/+C	19	47	69.12%	2	2	93	93	1.1273118785516972E-20	1	1	17	2	33	14	+C
D1_BC37_consensus_vsearch	4315	T	*/-C	59	7	10.29%	2	1	93	93	0.006608274356260959	1	1	43	16	7	0	-C
D1_BC37_consensus_vsearch	4348	C	*/-TC	54	7	10.77%	2	2	93	93	0.006513094748389102	1	1	45	9	6	1	-TC
D1_BC37_consensus_vsearch	4421	T	*/-A	57	8	11.76%	2	2	93	93	0.0031076532336463927	1	1	45	12	5	3	-A
D1_BC37_consensus_vsearch	4423	A	*/-G	45	15	22.39%	2	2	93	93	1.1244863925491819E-5	1	1	33	12	14	1	-G
D1_BC37_consensus_vsearch	4456	G	*/+A	21	33	48.53%	2	2	93	93	8.462279632631694E-14	1	1	16	5	24	9	+A
D1_BC37_consensus_vsearch	4456	G	*/-A	21	9	13.24%	2	1	93	93	9.678016595694247E-4	1	1	16	5	9	0	+A
D1_BC37_consensus_vsearch	4461	G	*/-A	58	7	10.45%	2	2	93	93	0.00659036806445684	1	1	43	15	6	1	-A
D1_BC37_consensus_vsearch	4470	T	*/-G	55	12	17.65%	2	2	93	93	1.4233526260975463E-4	1	1	44	11	7	5	-G
D1_BC37_consensus_vsearch	4492	C	*/-T	60	7	10.29%	2	2	93	93	0.00662566455193586	1	1	48	12	3	4	-T
D1_BC37_consensus_vsearch	4504	G	*/-C	60	8	11.76%	2	1	93	93	0.003141055787584501	1	1	52	8	0	8	-C
D1_BC37_consensus_vsearch	4506	T	*/-C	54	13	19.12%	2	1	93	93	6.416753642243539E-5	1	1	38	16	13	0	-C
D1_BC37_consensus_vsearch	4521	C	*/-G	30	33	49.25%	2	2	93	93	3.6448394558739254E-13	1	1	20	10	29	4	-G
D1_BC37_consensus_vsearch	4539	T	*/-GT	59	8	11.76%	2	1	93	93	0.0031302352213868167	1	1	43	16	8	0	-GT
D1_BC37_consensus_vsearch	4542	C	*/-A	51	14	20.9%	2	2	93	93	2.7899076002531066E-5	1	1	36	15	13	1	-A
D1_BC37_consensus_vsearch	4544	A	-G/-G	5	51	77.27%	2	2	93	93	1.5231179283429345E-26	1	1	4	1	42	9	-G
D1_BC37_consensus_vsearch	4544	A	*/-GG	5	7	10.61%	2	2	93	93	0.0022883295194507975	1	1	4	1	3	4	-G
D1_BC37_consensus_vsearch	4565	C	*/-G	57	8	11.76%	2	2	93	93	0.0031076532336463927	1	1	43	14	6	2	-G
D1_BC37_consensus_vsearch	4581	A	*/+G	26	9	14.52%	2	2	93	93	0.0010857085808416032	1	1	16	10	4	5	+G
D1_BC37_consensus_vsearch	4581	A	*/-G	26	21	33.87%	2	2	93	93	2.636279503098447E-8	1	1	16	10	20	1	-G
D1_BC37_consensus_vsearch	4586	C	*/-T	50	9	13.43%	2	2	93	93	0.0014054262034254815	1	1	36	14	7	2	-T
D1_BC37_consensus_vsearch	4586	C	*/-TT	50	7	10.45%	2	1	93	93	0.006425419492724852	1	1	36	14	7	0	-T
D1_BC37_consensus_vsearch	4632	A	*/+G	27	33	48.53%	2	2	93	93	2.4077911452343226E-13	1	1	22	5	22	11	+G
D1_BC37_consensus_vsearch	4638	T	*/+C	60	7	10.45%	2	1	93	93	0.00662566455193586	1	1	45	15	7	0	+C
