Chrom	Position	Ref	Cons	Reads1	Reads2	VarFreq	Strands1	Strands2	Qual1	Qual2	Pvalue	MapQual1	MapQual2	Reads1Plus	Reads1Minus	Reads2Plus	Reads2Minus	VarAllele
D2_BC38_consensus_vsearch	146	T	Y	103	7	6.19%	2	1	93	93	0.00708053725760065	1	1	42	61	0	7	C
D2_BC38_consensus_vsearch	208	G	R	103	9	7.96%	2	1	93	93	0.001652575529200001	1	1	34	69	9	0	A
D2_BC38_consensus_vsearch	218	C	Y	97	13	11.61%	2	1	93	93	8.380297135513751E-5	1	1	43	54	0	13	T
D2_BC38_consensus_vsearch	293	T	Y	94	16	14.41%	2	2	93	93	8.480755899612721E-6	1	1	42	52	1	15	C
D2_BC38_consensus_vsearch	305	G	R	105	7	6.19%	2	1	93	93	0.00709336265610343	1	1	36	69	7	0	A
D2_BC38_consensus_vsearch	334	C	Y	89	11	10.28%	2	2	93	93	3.65222871813782E-4	1	1	30	59	7	4	T
D2_BC38_consensus_vsearch	335	G	R	79	23	21.3%	2	1	93	93	2.9469664537666175E-8	1	1	14	65	23	0	A
D2_BC38_consensus_vsearch	342	G	R	66	16	19.28%	2	1	93	93	6.791093407756248E-6	1	1	18	48	16	0	A
D2_BC38_consensus_vsearch	398	G	K	86	10	9.17%	2	1	93	93	7.630733016589391E-4	1	1	39	47	0	10	+C
D2_BC38_consensus_vsearch	424	C	Y	99	9	7.89%	2	2	93	93	0.0016419577850802602	1	1	40	59	2	7	T
D2_BC38_consensus_vsearch	429	G	R	106	8	7.02%	2	2	93	93	0.003440338864604405	1	1	36	70	7	1	A
D2_BC38_consensus_vsearch	542	T	Y	95	16	14.29%	2	2	93	93	8.529228903086382E-6	1	1	42	53	1	15	C
D2_BC38_consensus_vsearch	554	C	Y	100	8	7.21%	2	2	93	93	0.0034152721929661327	1	1	38	62	4	4	T
D2_BC38_consensus_vsearch	646	C	Y	96	13	11.4%	2	2	93	93	8.349638949851827E-5	1	1	41	55	2	11	T
D2_BC38_consensus_vsearch	654	G	R	87	9	8.91%	2	1	93	93	0.0016050852207308754	1	1	31	56	9	0	A
D2_BC38_consensus_vsearch	659	C	Y	92	17	14.91%	2	2	93	93	3.8818781680675175E-6	1	1	42	50	1	16	T
D2_BC38_consensus_vsearch	663	C	Y	100	11	9.65%	2	1	93	93	3.76432618669793E-4	1	1	41	59	0	11	T
D2_BC38_consensus_vsearch	766	T	Y	101	9	8.04%	2	2	93	93	0.0016473585886341634	1	1	40	61	1	8	C
D2_BC38_consensus_vsearch	887	C	Y	99	11	9.65%	2	1	93	93	3.7549812108327073E-4	1	1	41	58	0	11	T
D2_BC38_consensus_vsearch	889	T	Y	95	17	14.91%	2	1	93	93	3.958633145603739E-6	1	1	41	54	0	17	C
D2_BC38_consensus_vsearch	909	T	Y	59	48	42.11%	2	1	93	93	3.690433766427265E-18	1	1	40	19	0	48	C
D2_BC38_consensus_vsearch	938	T	W	105	8	7.02%	2	1	93	93	0.0034363401311798517	1	1	42	63	0	8	A
D2_BC38_consensus_vsearch	1133	C	Y	99	13	11.4%	2	2	93	93	8.44019324371612E-5	1	1	41	58	1	12	T
D2_BC38_consensus_vsearch	1270	A	R	64	50	43.86%	2	2	93	93	8.484995169647809E-19	1	1	30	34	13	37	G
D2_BC38_consensus_vsearch	1316	T	Y	107	7	6.14%	2	1	93	93	0.00710574662689234	1	1	43	64	0	7	C
D2_BC38_consensus_vsearch	1324	G	R	104	8	7.14%	2	2	93	93	0.0034322722529537522	1	1	38	66	5	3	A
D2_BC38_consensus_vsearch	1337	C	Y	103	8	7.14%	2	1	93	93	0.0034281334233636305	1	1	41	62	0	8	T
D2_BC38_consensus_vsearch	1338	C	Y	98	15	13.27%	2	1	93	93	1.8568425136180507E-5	1	1	42	56	0	15	T
D2_BC38_consensus_vsearch	1357	C	S	55	9	7.89%	2	2	93	93	0.0014447366625028393	1	1	16	39	3	6	+G
D2_BC38_consensus_vsearch	1472	T	Y	98	8	7.27%	2	1	93	93	0.003406307176827417	1	1	41	57	0	8	C
D2_BC38_consensus_vsearch	1548	G	R	106	7	6.19%	2	1	93	93	0.007099608384229935	1	1	36	70	7	0	A
D2_BC38_consensus_vsearch	1668	G	R	99	7	6.42%	2	1	93	93	0.007053464356056319	1	1	29	70	7	0	A
D2_BC38_consensus_vsearch	1675	C	Y	82	12	11.43%	2	2	93	93	1.679296602375506E-4	1	1	36	46	1	11	T
D2_BC38_consensus_vsearch	1676	C	Y	94	12	10.53%	2	1	93	93	1.7563166789412888E-4	1	1	43	51	0	12	T
D2_BC38_consensus_vsearch	1739	C	Y	87	25	22.12%	2	1	93	93	6.599773290091782E-9	1	1	42	45	0	25	T
D2_BC38_consensus_vsearch	1866	T	Y	102	11	9.65%	2	1	93	93	3.7825617668350777E-4	1	1	43	59	0	11	C
D2_BC38_consensus_vsearch	1877	C	Y	97	10	8.77%	2	1	93	93	7.836105711947501E-4	1	1	40	57	0	10	T
D2_BC38_consensus_vsearch	1898	G	R	91	9	8.57%	2	1	93	93	0.0016183074503201467	1	1	26	65	9	0	A
D2_BC38_consensus_vsearch	1936	C	S	60	49	44.14%	2	2	93	93	1.5627173621886496E-18	1	1	27	33	14	35	G
D2_BC38_consensus_vsearch	1950	G	R	86	17	16.35%	2	1	93	93	3.7188953300300767E-6	1	1	23	63	17	0	A
D2_BC38_consensus_vsearch	1981	G	R	89	19	17.59%	2	1	93	93	8.01417902834684E-7	1	1	24	65	19	0	A
D2_BC38_consensus_vsearch	2002	A	R	56	57	50%	2	2	93	93	4.70698480385838E-22	1	1	16	40	27	30	G
D2_BC38_consensus_vsearch	2039	G	R	58	53	47.32%	2	2	93	93	2.8575071086949664E-20	1	1	18	40	24	29	A
D2_BC38_consensus_vsearch	2242	C	Y	100	11	9.65%	2	1	93	93	3.76432618669793E-4	1	1	43	57	0	11	T
D2_BC38_consensus_vsearch	2296	T	Y	57	54	48.65%	2	2	93	93	9.806829130430232E-21	1	1	26	31	17	37	C
D2_BC38_consensus_vsearch	2308	C	Y	91	13	11.5%	2	1	93	93	8.188788004599957E-5	1	1	42	49	0	13	T
D2_BC38_consensus_vsearch	2315	A	R	103	7	6.14%	2	1	93	93	0.00708053725760065	1	1	33	70	7	0	G
D2_BC38_consensus_vsearch	2324	T	Y	43	39	46.43%	2	2	93	93	4.50637363157667E-15	1	1	13	30	22	17	C
D2_BC38_consensus_vsearch	2380	A	R	103	7	6.14%	2	2	93	93	0.00708053725760065	1	1	41	62	2	5	G
D2_BC38_consensus_vsearch	2383	C	Y	92	10	9.35%	2	1	93	93	7.747853265891162E-4	1	1	37	55	0	10	T
D2_BC38_consensus_vsearch	2386	T	Y	55	46	42.99%	2	2	93	93	1.732170527137117E-17	1	1	17	38	26	20	C
D2_BC38_consensus_vsearch	2389	T	Y	64	11	13.75%	2	1	93	93	3.2906627028144115E-4	1	1	40	24	0	11	C
D2_BC38_consensus_vsearch	2477	T	Y	100	7	6.31%	2	1	93	93	0.007060418475842725	1	1	42	58	0	7	C
D2_BC38_consensus_vsearch	2494	G	R	106	8	7.02%	2	1	93	93	0.003440338864604405	1	1	35	71	8	0	A
D2_BC38_consensus_vsearch	2546	A	R	102	9	7.89%	2	1	93	93	0.0016499894514322819	1	1	34	68	9	0	G
D2_BC38_consensus_vsearch	2550	A	R	82	23	20.18%	2	2	93	93	3.0824244025160145E-8	1	1	38	44	1	22	G
D2_BC38_consensus_vsearch	2551	T	Y	88	21	18.75%	2	2	93	93	1.6434606763198027E-7	1	1	42	46	1	20	C
D2_BC38_consensus_vsearch	2569	G	S	97	8	7.21%	2	1	93	93	0.0034017009467024635	1	1	42	55	0	8	C
D2_BC38_consensus_vsearch	2688	C	Y	102	7	6.36%	2	2	93	93	0.007073951586487618	1	1	42	60	1	6	T
D2_BC38_consensus_vsearch	2739	G	R	88	17	16.04%	2	1	93	93	3.77468672140145E-6	1	1	26	62	17	0	A
D2_BC38_consensus_vsearch	2789	T	Y	101	12	10.53%	2	2	93	93	1.7945176754289766E-4	1	1	41	60	2	10	C
D2_BC38_consensus_vsearch	2802	T	Y	105	8	7.02%	2	1	93	93	0.0034363401311798517	1	1	42	63	0	8	C
D2_BC38_consensus_vsearch	2888	T	Y	97	13	11.71%	2	1	93	93	8.380297135513751E-5	1	1	43	54	0	13	C
D2_BC38_consensus_vsearch	2950	G	R	16	19	16.81%	2	2	93	93	6.395184340120781E-8	1	1	12	4	1	18	+A
D2_BC38_consensus_vsearch	2978	T	Y	104	7	6.14%	2	1	93	93	0.007087006596374399	1	1	42	62	0	7	C
D2_BC38_consensus_vsearch	2994	G	R	103	8	7.08%	2	2	93	93	0.0034281334233636305	1	1	39	64	2	6	A
D2_BC38_consensus_vsearch	2995	C	Y	101	11	9.73%	2	2	93	93	3.773518476369546E-4	1	1	40	61	2	9	T
D2_BC38_consensus_vsearch	3060	T	Y	96	7	6.19%	2	1	93	93	0.007031808995392218	1	1	38	58	0	7	+G
D2_BC38_consensus_vsearch	3099	T	Y	100	9	8.18%	2	2	93	93	0.0016446817703451681	1	1	40	60	1	8	C
D2_BC38_consensus_vsearch	3124	G	R	98	7	6.67%	2	1	93	93	0.007046380532456332	1	1	35	63	7	0	A
D2_BC38_consensus_vsearch	3141	G	R	95	11	10.38%	2	1	93	93	3.715996341759947E-4	1	1	31	64	11	0	A
D2_BC38_consensus_vsearch	3158	G	R	1	5	4.39%	1	1	93	93	0.007575757575757551	1	1	0	1	5	0	-T
D2_BC38_consensus_vsearch	3276	G	R	105	8	7.08%	2	1	93	93	0.0034363401311798517	1	1	35	70	8	0	A
D2_BC38_consensus_vsearch	3292	C	Y	104	7	6.14%	2	1	93	93	0.007087006596374399	1	1	41	63	0	7	T
D2_BC38_consensus_vsearch	3296	C	Y	105	8	7.02%	2	1	93	93	0.0034363401311798517	1	1	42	63	0	8	T
D2_BC38_consensus_vsearch	3462	C	Y	103	8	7.02%	2	1	93	93	0.0034281334233636305	1	1	40	63	0	8	T
D2_BC38_consensus_vsearch	3620	A	R	106	7	6.14%	2	2	93	93	0.007099608384229935	1	1	37	69	5	2	G
D2_BC38_consensus_vsearch	3664	T	Y	92	12	11.01%	2	1	93	93	1.7445678792407803E-4	1	1	42	50	0	12	C
D2_BC38_consensus_vsearch	3708	G	S	86	19	17.92%	2	1	93	93	7.798737461965323E-7	1	1	43	43	0	19	C
D2_BC38_consensus_vsearch	3709	T	W	82	18	16.98%	2	1	93	93	1.6474407665444435E-6	1	1	41	41	0	18	A
D2_BC38_consensus_vsearch	3735	C	Y	104	8	7.08%	2	1	93	93	0.0034322722529537522	1	1	42	62	0	8	T
D2_BC38_consensus_vsearch	3746	T	Y	104	7	6.19%	2	1	93	93	0.007087006596374399	1	1	43	61	0	7	C
D2_BC38_consensus_vsearch	3774	C	Y	97	10	8.77%	2	1	93	93	7.836105711947501E-4	1	1	43	54	0	10	T
D2_BC38_consensus_vsearch	3775	C	Y	95	14	12.28%	2	1	93	93	3.910074825295116E-5	1	1	43	52	0	14	T
D2_BC38_consensus_vsearch	3798	G	R	36	12	10.91%	2	2	93	93	1.1152878243947228E-4	1	1	9	27	4	8	+A
D2_BC38_consensus_vsearch	3800	T	W	83	27	24.32%	2	2	93	93	1.2076057034248448E-9	1	1	39	44	3	24	A
D2_BC38_consensus_vsearch	3863	C	Y	102	10	8.85%	2	1	93	93	7.916989744538482E-4	1	1	43	59	0	10	T
D2_BC38_consensus_vsearch	3880	G	R	87	19	17.92%	2	1	93	93	7.871384632307859E-7	1	1	20	67	19	0	A
D2_BC38_consensus_vsearch	3906	G	R	93	9	8.26%	2	2	93	93	0.0016245498783317288	1	1	27	66	8	1	A
D2_BC38_consensus_vsearch	3907	G	R	96	9	8.18%	2	2	93	93	0.001633490058565588	1	1	32	64	7	2	A
D2_BC38_consensus_vsearch	3908	G	S	44	52	46.02%	2	2	93	93	1.4146755955956653E-20	1	1	16	28	19	33	C
D2_BC38_consensus_vsearch	3909	G	S	76	29	25.66%	2	2	93	93	1.9707300176860427E-10	1	1	22	54	16	13	C
D2_BC38_consensus_vsearch	3910	G	S	35	16	14.04%	2	1	93	93	3.7825837205846567E-6	1	1	19	16	0	16	C
D2_BC38_consensus_vsearch	3910	G	K	35	59	51.75%	2	2	93	93	1.9418627839734152E-24	1	1	19	16	21	38	T
D2_BC38_consensus_vsearch	3911	G	K	86	25	21.93%	2	2	93	93	6.499274229789855E-9	1	1	23	63	18	7	T
D2_BC38_consensus_vsearch	3945	T	Y	102	8	7.14%	2	2	93	93	0.0034239217724560383	1	1	40	62	2	6	C
D2_BC38_consensus_vsearch	3947	G	R	15	9	7.89%	2	1	93	93	7.796188798107704E-4	1	1	9	6	0	9	+A
D2_BC38_consensus_vsearch	4003	T	Y	103	10	8.77%	2	1	93	93	7.932362540158844E-4	1	1	42	61	0	10	C
D2_BC38_consensus_vsearch	4056	C	Y	102	10	8.77%	2	2	93	93	7.916989744538482E-4	1	1	42	60	1	9	T
D2_BC38_consensus_vsearch	4067	G	R	68	17	19.77%	2	1	93	93	3.140280013709199E-6	1	1	22	46	17	0	A
D2_BC38_consensus_vsearch	4107	C	Y	93	19	16.67%	2	1	93	93	8.290088173686671E-7	1	1	43	50	0	19	T
D2_BC38_consensus_vsearch	4111	C	Y	105	8	7.02%	2	1	93	93	0.0034363401311798517	1	1	42	63	0	8	T
D2_BC38_consensus_vsearch	4247	G	R	104	7	6.25%	2	2	93	93	0.007087006596374399	1	1	37	67	5	2	A
D2_BC38_consensus_vsearch	4291	T	Y	97	7	6.36%	2	1	93	93	0.007039163345158112	1	1	39	58	0	7	C
D2_BC38_consensus_vsearch	4299	C	Y	97	16	14.04%	2	1	93	93	8.624197456615754E-6	1	1	43	54	0	16	T
D2_BC38_consensus_vsearch	4304	C	Y	97	12	10.53%	2	1	93	93	1.7732222924422773E-4	1	1	42	55	0	12	T
D2_BC38_consensus_vsearch	4336	G	R	61	50	45.05%	2	2	93	93	6.616490619503778E-19	1	1	24	37	19	31	A
D2_BC38_consensus_vsearch	4448	C	Y	94	8	7.02%	2	1	93	93	0.0033873593207767528	1	1	40	54	0	8	T
D2_BC38_consensus_vsearch	4490	G	R	96	7	6.8%	2	2	93	93	0.007031808995392218	1	1	36	60	6	1	A
D2_BC38_consensus_vsearch	4536	T	Y	105	7	6.19%	2	1	93	93	0.00709336265610343	1	1	42	63	0	7	C
D2_BC38_consensus_vsearch	4538	C	Y	98	9	8.18%	2	1	93	93	0.001639185378520361	1	1	41	57	0	9	T
D2_BC38_consensus_vsearch	4569	G	R	105	7	6.14%	2	2	93	93	0.00709336265610343	1	1	35	70	6	1	A
D2_BC38_consensus_vsearch	4592	C	Y	98	10	8.85%	2	1	93	93	7.852841580815638E-4	1	1	40	58	0	10	T
D2_BC38_consensus_vsearch	4593	G	R	102	8	7.14%	2	1	93	93	0.0034239217724560383	1	1	33	69	8	0	A
D2_BC38_consensus_vsearch	4596	G	R	88	19	17.59%	2	1	93	93	7.943194639354471E-7	1	1	22	66	19	0	A
