Chrom	Position	Ref	Cons	Reads1	Reads2	VarFreq	Strands1	Strands2	Qual1	Qual2	Pvalue	MapQual1	MapQual2	Reads1Plus	Reads1Minus	Reads2Plus	Reads2Minus	VarAllele
D4_BC40_consensus_vsearch	3	G	*/-T	93	22	18.33%	2	1	93	93	7.85825659881291E-8	1	1	78	15	22	0	-T
D4_BC40_consensus_vsearch	24	T	*/-C	135	28	16.18%	2	2	93	93	1.0481428442436422E-9	1	1	99	36	6	22	-C
D4_BC40_consensus_vsearch	32	T	*/-C	156	9	5.26%	2	1	93	93	0.001746201408139757	1	1	96	60	9	0	-C
D4_BC40_consensus_vsearch	45	T	*/+G	152	21	12.14%	2	2	93	93	2.500318617519988E-7	1	1	97	55	14	7	+G
D4_BC40_consensus_vsearch	82	T	*/-A	166	7	4.02%	2	2	93	93	0.007343868313612718	1	1	105	61	6	1	-A
D4_BC40_consensus_vsearch	84	G	*/-A	141	24	13.87%	2	1	93	93	2.420024043377823E-8	1	1	78	63	24	0	-A
D4_BC40_consensus_vsearch	85	A	*/-G	136	8	5.37%	2	1	93	93	0.0035351105097651617	1	1	74	62	8	0	-G
D4_BC40_consensus_vsearch	91	C	*/-A	145	10	5.78%	2	2	93	93	8.407243705351934E-4	1	1	105	40	5	5	-A
D4_BC40_consensus_vsearch	104	G	*/-C	163	9	5.17%	2	1	93	93	0.0017543824532390317	1	1	100	63	9	0	-C
D4_BC40_consensus_vsearch	122	C	*/-A	149	14	8.24%	2	2	93	93	4.5611517394377126E-5	1	1	92	57	11	3	-A
D4_BC40_consensus_vsearch	135	T	*/+C	78	28	16.09%	2	2	93	93	4.765074045348723E-10	1	1	37	41	27	1	+C
D4_BC40_consensus_vsearch	135	T	*/-C	78	57	32.76%	2	2	93	93	3.5957245434012235E-21	1	1	37	41	37	20	-C
D4_BC40_consensus_vsearch	135	T	*/-CC	78	7	4.02%	2	1	93	93	0.006870605212382576	1	1	37	41	7	0	-C
D4_BC40_consensus_vsearch	156	G	*/-C	151	18	10.29%	2	2	93	93	2.3661072156808664E-6	1	1	107	44	4	14	-C
D4_BC40_consensus_vsearch	168	A	*/+C	126	10	5.81%	2	2	93	93	8.226850700552499E-4	1	1	89	37	3	7	+C
D4_BC40_consensus_vsearch	168	A	*/-C	126	22	12.79%	2	2	93	93	1.0268217628675802E-7	1	1	89	37	6	16	-C
D4_BC40_consensus_vsearch	168	A	*/-CC	126	8	4.65%	2	1	93	93	0.003508111428269705	1	1	89	37	8	0	-C
D4_BC40_consensus_vsearch	176	T	*/+C	43	127	72.57%	2	2	93	93	2.3744994532556027E-56	1	1	41	2	67	60	+C
D4_BC40_consensus_vsearch	188	G	*/-A	164	9	5.14%	2	1	93	93	0.0017554987093074167	1	1	101	63	9	0	-A
D4_BC40_consensus_vsearch	205	T	*/-C	126	29	17.26%	2	2	93	93	4.392244770928932E-10	1	1	89	37	13	16	-C
D4_BC40_consensus_vsearch	208	C	*/-T	154	9	5.23%	2	2	93	93	0.0017437389109563706	1	1	105	49	1	8	-T
D4_BC40_consensus_vsearch	211	A	*/+C	145	12	6.9%	2	1	93	93	1.9627381201126417E-4	1	1	82	63	12	0	+C
D4_BC40_consensus_vsearch	211	A	*/-C	145	12	6.9%	2	1	93	93	1.9627381201126417E-4	1	1	82	63	12	0	+C
D4_BC40_consensus_vsearch	215	A	*/-CA	161	7	4.02%	2	2	93	93	0.007330092413737525	1	1	102	59	4	3	-CA
D4_BC40_consensus_vsearch	234	G	*/-A	154	15	8.72%	2	1	93	93	2.2056779764362428E-5	1	1	91	63	15	0	-A
D4_BC40_consensus_vsearch	244	G	*/+C	160	9	5.2%	2	1	93	93	0.001750956793192828	1	1	97	63	9	0	+C
D4_BC40_consensus_vsearch	248	A	*/-G	146	19	11.11%	2	2	93	93	1.1012390499888415E-6	1	1	105	41	2	17	-G
D4_BC40_consensus_vsearch	267	C	*/-G	154	15	8.67%	2	2	93	93	2.2056779764362428E-5	1	1	96	58	14	1	-G
D4_BC40_consensus_vsearch	292	T	*/-A	159	9	5.17%	2	2	93	93	0.0017497885367513443	1	1	100	59	7	2	-A
D4_BC40_consensus_vsearch	296	T	*/+A	156	9	5.23%	2	1	93	93	0.001746201408139757	1	1	98	58	9	0	+A
D4_BC40_consensus_vsearch	306	G	*/-A	160	9	5.2%	2	1	93	93	0.001750956793192828	1	1	97	63	9	0	-A
D4_BC40_consensus_vsearch	309	G	*/+T	145	9	5.17%	2	1	93	93	0.0017318922033024672	1	1	88	57	9	0	+T
D4_BC40_consensus_vsearch	309	G	*/-T	145	17	9.77%	2	2	93	93	4.901400363781999E-6	1	1	88	57	13	4	-T
D4_BC40_consensus_vsearch	314	C	*/-A	156	11	6.32%	2	2	93	93	4.119272376341463E-4	1	1	98	58	10	1	-A
D4_BC40_consensus_vsearch	316	A	*/+G	128	7	4.07%	2	1	93	93	0.007213980437755528	1	1	74	54	7	0	+G
D4_BC40_consensus_vsearch	316	A	*/-G	128	32	18.6%	2	2	93	93	4.1581179210515E-11	1	1	74	54	25	7	-G
D4_BC40_consensus_vsearch	334	C	*/+A	157	7	4.02%	2	1	93	93	0.007318474691436204	1	1	98	59	7	0	+A
D4_BC40_consensus_vsearch	345	A	*/+G	142	7	4.14%	2	2	93	93	0.007269431750257196	1	1	99	43	1	6	+G
D4_BC40_consensus_vsearch	345	A	*/-G	142	11	6.51%	2	2	93	93	4.0534063849111915E-4	1	1	99	43	1	10	-G
D4_BC40_consensus_vsearch	351	C	*/-T	157	7	4.17%	2	2	93	93	0.007318474691436204	1	1	109	48	1	6	-T
D4_BC40_consensus_vsearch	352	T	*/-C	139	10	5.99%	2	2	93	93	8.355012934469695E-4	1	1	105	34	1	9	-C
D4_BC40_consensus_vsearch	352	T	*/-CCT	139	12	7.19%	2	2	93	93	1.9451150402724732E-4	1	1	105	34	1	11	-CCT
D4_BC40_consensus_vsearch	366	G	*/-C	84	56	32.18%	2	2	93	93	1.3555066144105267E-20	1	1	59	25	45	11	-C
D4_BC40_consensus_vsearch	366	G	*/-CC	84	24	13.79%	2	2	93	93	1.4159646149483442E-8	1	1	59	25	4	20	-C
D4_BC40_consensus_vsearch	371	C	*/-T	167	8	4.57%	2	2	93	93	0.003599589021589525	1	1	109	58	3	5	-T
D4_BC40_consensus_vsearch	374	T	*/-CT	153	20	11.43%	2	2	93	93	5.327476270008135E-7	1	1	103	50	9	11	-CT
D4_BC40_consensus_vsearch	389	T	*/-C	149	21	12.07%	2	2	93	93	2.47014788141641E-7	1	1	101	48	8	13	-C
D4_BC40_consensus_vsearch	393	A	*/-G	156	8	4.6%	2	1	93	93	0.0035794408926960136	1	1	97	59	8	0	-G
D4_BC40_consensus_vsearch	405	G	*/-A	165	9	5.17%	2	1	93	93	0.0017566025072910298	1	1	102	63	9	0	-A
D4_BC40_consensus_vsearch	420	A	*/-GA	159	8	4.57%	2	2	93	93	0.0035851936379921044	1	1	100	59	7	1	-GA
D4_BC40_consensus_vsearch	435	T	*/-C	139	33	18.86%	2	1	93	93	2.1307445256446036E-11	1	1	77	62	33	0	-C
D4_BC40_consensus_vsearch	448	T	*/-C	145	27	15.43%	2	2	93	93	2.4632859802054456E-9	1	1	83	62	26	1	-C
D4_BC40_consensus_vsearch	451	C	*/-T	152	16	9.14%	2	2	93	93	1.0491817522168426E-5	1	1	106	46	3	13	-T
D4_BC40_consensus_vsearch	499	G	*/-A	165	7	4.05%	2	2	93	93	0.007341176420737498	1	1	106	59	5	2	-A
D4_BC40_consensus_vsearch	511	C	*/-T	161	7	4.02%	2	1	93	93	0.007330092413737525	1	1	105	56	0	7	-T
D4_BC40_consensus_vsearch	514	T	*/-C	121	44	25.14%	2	2	93	93	2.065944965914867E-15	1	1	83	38	22	22	-C
D4_BC40_consensus_vsearch	528	C	*/-A	132	37	21.14%	2	2	93	93	7.946924013035374E-13	1	1	77	55	31	6	-A
D4_BC40_consensus_vsearch	536	C	*/-GC	154	14	8.09%	2	2	93	93	4.602560235661552E-5	1	1	94	60	12	2	-GC
D4_BC40_consensus_vsearch	541	A	*/-G	147	25	14.37%	2	1	93	93	1.1642934321322788E-8	1	1	85	62	25	0	-G
D4_BC40_consensus_vsearch	545	G	*/-C	145	11	6.71%	2	2	93	93	4.068457162881136E-4	1	1	84	61	10	1	-C
D4_BC40_consensus_vsearch	547	C	*/-T	143	12	7.06%	2	2	93	93	1.9570038859303553E-4	1	1	89	54	9	3	-T
D4_BC40_consensus_vsearch	567	G	*/+C	75	81	46.29%	2	2	93	93	2.567598380453399E-31	1	1	44	31	58	23	+C
D4_BC40_consensus_vsearch	567	G	*/+CC	75	10	5.71%	2	2	93	93	7.37675601871001E-4	1	1	44	31	7	3	+C
D4_BC40_consensus_vsearch	571	C	*/-G	150	7	4%	2	2	93	93	0.007296738417420601	1	1	92	58	6	1	-G
D4_BC40_consensus_vsearch	571	C	*/-GC	150	11	6.29%	2	1	93	93	4.0923666995498303E-4	1	1	92	58	11	0	-GC
D4_BC40_consensus_vsearch	576	A	*/-G	146	20	11.7%	2	2	93	93	5.190129661578946E-7	1	1	108	38	1	19	-G
D4_BC40_consensus_vsearch	585	T	*/-C	164	7	4.02%	2	2	93	93	0.007338453432453804	1	1	107	57	3	4	-C
D4_BC40_consensus_vsearch	587	A	*/-C	152	11	6.47%	2	2	93	93	4.101542968089175E-4	1	1	97	55	7	4	-C
D4_BC40_consensus_vsearch	610	C	*/-A	165	8	4.57%	2	2	93	93	0.0035961125075510735	1	1	104	61	6	2	-A
D4_BC40_consensus_vsearch	611	A	*/-G	131	30	17.96%	2	2	93	93	2.0995638966594511E-10	1	1	94	37	6	24	-G
D4_BC40_consensus_vsearch	617	C	*/+T	153	13	7.43%	2	2	93	93	9.56221163141673E-5	1	1	102	51	5	8	+T
D4_BC40_consensus_vsearch	617	C	*/-T	153	8	4.57%	2	2	93	93	0.003573478353150084	1	1	102	51	4	4	+T
D4_BC40_consensus_vsearch	622	T	*/-C	157	7	4.12%	2	1	93	93	0.007318474691436204	1	1	98	59	7	0	-C
D4_BC40_consensus_vsearch	633	C	*/-T	164	10	5.71%	2	2	93	93	8.549835212479261E-4	1	1	111	53	1	9	-T
D4_BC40_consensus_vsearch	635	T	*/-C	157	7	4%	2	2	93	93	0.007318474691436204	1	1	101	56	2	5	-C
D4_BC40_consensus_vsearch	643	C	*/-G	159	9	5.23%	2	2	93	93	0.0017497885367513443	1	1	100	59	8	1	-G
D4_BC40_consensus_vsearch	645	C	*/+TT	155	7	4.07%	2	1	93	93	0.00731245349755727	1	1	95	60	7	0	+TT
D4_BC40_consensus_vsearch	654	A	*/-T	159	9	5.26%	2	1	93	93	0.0017497885367513443	1	1	98	61	9	0	-T
D4_BC40_consensus_vsearch	681	T	*/-A	145	8	4.6%	2	1	93	93	0.003556460912469871	1	1	104	41	8	0	-A
D4_BC40_consensus_vsearch	684	A	*/-G	157	7	4.17%	2	2	93	93	0.007318474691436204	1	1	95	62	6	1	-G
D4_BC40_consensus_vsearch	691	T	*/-C	149	21	12.14%	2	1	93	93	2.47014788141641E-7	1	1	90	59	21	0	-C
D4_BC40_consensus_vsearch	709	T	*/-C	161	14	8%	2	1	93	93	4.656956567290606E-5	1	1	98	63	14	0	-C
D4_BC40_consensus_vsearch	718	C	*/-TC	156	12	7.02%	2	1	93	93	1.9920063431870148E-4	1	1	109	47	0	12	-TC
D4_BC40_consensus_vsearch	719	T	*/+C	147	14	8.64%	2	1	93	93	4.5439466386214245E-5	1	1	96	51	14	0	+C
D4_BC40_consensus_vsearch	735	C	*/-AC	165	8	4.62%	2	1	93	93	0.0035961125075510735	1	1	102	63	8	0	-AC
D4_BC40_consensus_vsearch	738	G	*/+C	142	10	5.81%	2	2	93	93	8.381619982359077E-4	1	1	99	43	6	4	+C
D4_BC40_consensus_vsearch	738	G	*/-C	142	18	10.47%	2	2	93	93	2.299738220951542E-6	1	1	99	43	4	14	-C
D4_BC40_consensus_vsearch	739	C	*/+T	142	8	5.16%	2	1	93	93	0.003549622192432461	1	1	105	37	0	8	+T
D4_BC40_consensus_vsearch	742	T	*/+C	147	14	8.09%	2	2	93	93	4.5439466386214245E-5	1	1	91	56	12	2	+C
D4_BC40_consensus_vsearch	742	T	*/-C	147	8	4.62%	2	2	93	93	0.003560876280423088	1	1	91	56	6	2	+C
D4_BC40_consensus_vsearch	744	C	*/+T	165	7	4.02%	2	1	93	93	0.007341176420737498	1	1	112	53	0	7	+T
D4_BC40_consensus_vsearch	747	C	*/-T	151	18	10.53%	2	1	93	93	2.3661072156808664E-6	1	1	110	41	0	18	-T
D4_BC40_consensus_vsearch	748	T	*/+C	144	8	5.13%	2	2	93	93	0.003554210649086613	1	1	101	43	6	2	+C
D4_BC40_consensus_vsearch	788	A	*/-G	153	7	4.07%	2	2	93	93	0.007306283766632104	1	1	93	60	5	2	-G
D4_BC40_consensus_vsearch	793	T	*/-A	150	12	7.06%	2	2	93	93	1.976499087089946E-4	1	1	94	56	10	2	-A
D4_BC40_consensus_vsearch	805	A	*/-T	152	10	5.81%	2	2	93	93	8.463501362726399E-4	1	1	93	59	8	2	-T
D4_BC40_consensus_vsearch	832	T	*/-A	148	11	6.29%	2	1	93	93	4.082972901442449E-4	1	1	98	50	11	0	-A
D4_BC40_consensus_vsearch	832	T	*/-AA	148	11	6.29%	2	2	93	93	4.082972901442449E-4	1	1	98	50	1	10	-A
D4_BC40_consensus_vsearch	844	C	*/+A	54	11	6.43%	2	1	93	93	3.0798649782037883E-4	1	1	50	4	0	11	+A
D4_BC40_consensus_vsearch	844	C	*/+AC	54	91	53.22%	2	2	93	93	2.279246156812154E-37	1	1	50	4	52	39	+AC
D4_BC40_consensus_vsearch	844	C	*/-T	54	7	4.09%	2	2	93	93	0.006513094748389102	1	1	50	4	1	6	+AC
D4_BC40_consensus_vsearch	852	C	*/-G	153	14	8.19%	2	2	93	93	4.594456039119025E-5	1	1	95	58	12	2	-G
D4_BC40_consensus_vsearch	862	C	*/-T	158	7	4.14%	2	2	93	93	0.007321431252717009	1	1	102	56	5	2	-T
D4_BC40_consensus_vsearch	864	T	*/+C	143	7	4.09%	2	2	93	93	0.007273002114564063	1	1	94	49	5	2	+C
D4_BC40_consensus_vsearch	864	T	*/-C	143	15	8.77%	2	2	93	93	2.153998315356075E-5	1	1	94	49	5	10	-C
D4_BC40_consensus_vsearch	877	T	*/-C	166	7	4%	2	1	93	93	0.007343868313612718	1	1	103	63	7	0	-C
D4_BC40_consensus_vsearch	902	C	*/+T	114	12	6.86%	2	2	93	93	1.8552930159077932E-4	1	1	84	30	4	8	+T
D4_BC40_consensus_vsearch	902	C	*/-T	114	34	19.43%	2	2	93	93	6.828083701612338E-12	1	1	84	30	18	16	-T
D4_BC40_consensus_vsearch	902	C	*/-TT	114	12	6.86%	2	2	93	93	1.8552930159077932E-4	1	1	84	30	6	6	-T
D4_BC40_consensus_vsearch	918	G	*/-C	165	8	4.57%	2	1	93	93	0.0035961125075510735	1	1	102	63	8	0	-C
D4_BC40_consensus_vsearch	921	T	*/+G	154	16	9.2%	2	1	93	93	1.0540408028986962E-5	1	1	95	59	16	0	+G
D4_BC40_consensus_vsearch	922	A	*/-G	157	15	8.67%	2	1	93	93	2.21876567821685E-5	1	1	96	61	15	0	-G
D4_BC40_consensus_vsearch	955	T	*/-C	142	26	14.86%	2	1	93	93	5.225568923832607E-9	1	1	81	61	26	0	-C
D4_BC40_consensus_vsearch	974	C	*/-T	142	19	11.11%	2	2	93	93	1.0853904687664564E-6	1	1	88	54	17	2	-T
D4_BC40_consensus_vsearch	976	T	*/-A	152	15	8.62%	2	1	93	93	2.1967242937045292E-5	1	1	89	63	15	0	-A
D4_BC40_consensus_vsearch	977	A	*/-C	141	11	6.96%	2	2	93	93	4.0482654336574796E-4	1	1	80	61	9	2	-C
D4_BC40_consensus_vsearch	979	C	*/-A	142	20	11.56%	2	2	93	93	5.107719853020955E-7	1	1	94	48	9	11	-A
D4_BC40_consensus_vsearch	994	T	*/+G	157	7	4.14%	2	1	93	93	0.007318474691436204	1	1	104	53	0	7	+G
D4_BC40_consensus_vsearch	998	T	*/-C	164	9	5.17%	2	1	93	93	0.0017554987093074167	1	1	103	61	9	0	-C
D4_BC40_consensus_vsearch	1005	A	*/+T	133	34	19.43%	2	2	93	93	8.964284329943431E-12	1	1	75	58	33	1	+T
D4_BC40_consensus_vsearch	1005	A	*/-T	133	7	4%	2	2	93	93	0.007235038165514452	1	1	75	58	3	4	+T
D4_BC40_consensus_vsearch	1022	C	*/-A	160	7	4.12%	2	1	93	93	0.007327239497639241	1	1	102	58	7	0	-A
D4_BC40_consensus_vsearch	1035	C	*/-G	154	14	8.09%	2	2	93	93	4.602560235661552E-5	1	1	105	49	2	12	-G
D4_BC40_consensus_vsearch	1047	C	*/-A	164	7	4.02%	2	1	93	93	0.007338453432453804	1	1	110	54	0	7	-A
D4_BC40_consensus_vsearch	1052	C	*/-G	153	14	8.28%	2	1	93	93	4.594456039119025E-5	1	1	111	42	0	14	-G
D4_BC40_consensus_vsearch	1054	G	*/-A	153	21	12.07%	2	2	93	93	2.510208559500032E-7	1	1	91	62	20	1	-A
D4_BC40_consensus_vsearch	1087	C	*/+G	148	9	5.14%	2	1	93	93	0.001735987137056536	1	1	110	38	0	9	+G
D4_BC40_consensus_vsearch	1093	G	*/-C	151	9	5.26%	2	1	93	93	0.0017399333914630318	1	1	88	63	9	0	-C
D4_BC40_consensus_vsearch	1134	A	*/-G	155	12	7.02%	2	2	93	93	1.989493779285625E-4	1	1	102	53	4	8	-G
D4_BC40_consensus_vsearch	1139	C	*/+AC	160	9	5.17%	2	1	93	93	0.001750956793192828	1	1	97	63	9	0	+AC
D4_BC40_consensus_vsearch	1147	T	*/-C	164	10	5.71%	2	2	93	93	8.549835212479261E-4	1	1	102	62	9	1	-C
D4_BC40_consensus_vsearch	1150	T	*/+G	164	7	4.02%	2	1	93	93	0.007338453432453804	1	1	111	53	0	7	+G
D4_BC40_consensus_vsearch	1152	A	*/+G	57	77	45.03%	2	2	93	93	9.91239059894261E-31	1	1	43	14	32	45	+G
D4_BC40_consensus_vsearch	1152	A	*/+GG	57	18	10.53%	2	2	93	93	1.1981552701371513E-6	1	1	43	14	15	3	+G
D4_BC40_consensus_vsearch	1152	A	*/-GGA	57	12	7.02%	2	1	93	93	1.4479136155159058E-4	1	1	43	14	12	0	+G
D4_BC40_consensus_vsearch	1158	C	*/-T	158	11	6.29%	2	2	93	93	4.127839426459288E-4	1	1	109	49	2	9	-T
D4_BC40_consensus_vsearch	1160	T	*/+C	132	21	12.28%	2	1	93	93	2.2837583304070624E-7	1	1	83	49	21	0	+C
D4_BC40_consensus_vsearch	1160	T	*/-C	132	9	5.26%	2	2	93	93	0.0017122065409488764	1	1	83	49	1	8	+C
D4_BC40_consensus_vsearch	1161	C	*/-G	143	15	9.09%	2	1	93	93	2.153998315356075E-5	1	1	107	36	0	15	-G
D4_BC40_consensus_vsearch	1164	A	*/-G	119	50	29.07%	2	2	93	93	1.2453540323689853E-17	1	1	68	51	38	12	-G
D4_BC40_consensus_vsearch	1185	T	*/+C	165	9	5.14%	2	1	93	93	0.0017566025072910298	1	1	112	53	0	9	+C
D4_BC40_consensus_vsearch	1186	T	*/-C	162	9	5.14%	2	1	93	93	0.001753253527181243	1	1	109	53	0	9	-C
D4_BC40_consensus_vsearch	1194	T	*/-CTT	165	7	4.05%	2	1	93	93	0.007341176420737498	1	1	112	53	0	7	-CTT
D4_BC40_consensus_vsearch	1195	C	*/-T	149	9	5.42%	2	1	93	93	0.0017373186708144468	1	1	110	39	0	9	-T
D4_BC40_consensus_vsearch	1200	G	*/+C	122	7	4.09%	2	2	93	93	0.007186592205048179	1	1	67	55	4	3	+C
D4_BC40_consensus_vsearch	1200	G	*/-C	122	38	22.22%	2	2	93	93	2.9986639152575844E-13	1	1	67	55	33	5	-C
D4_BC40_consensus_vsearch	1231	C	*/-AC	158	11	6.36%	2	1	93	93	4.127839426459288E-4	1	1	98	60	11	0	-AC
D4_BC40_consensus_vsearch	1236	C	*/+A	164	8	4.57%	2	1	93	93	0.0035943445383436455	1	1	101	63	8	0	+A
D4_BC40_consensus_vsearch	1237	A	*/-G	162	8	4.62%	2	1	93	93	0.0035907474640792065	1	1	101	61	8	0	-G
D4_BC40_consensus_vsearch	1279	C	*/+T	149	10	5.71%	2	1	93	93	8.439970829824387E-4	1	1	109	40	0	10	+T
D4_BC40_consensus_vsearch	1279	C	*/-T	149	14	8%	2	2	93	93	4.5611517394377126E-5	1	1	109	40	2	12	-T
D4_BC40_consensus_vsearch	1282	A	*/-C	159	8	4.73%	2	1	93	93	0.0035851936379921044	1	1	96	63	8	0	-C
D4_BC40_consensus_vsearch	1302	C	*/-T	159	7	4.02%	2	2	93	93	0.007324352646937745	1	1	106	53	1	6	-T
D4_BC40_consensus_vsearch	1328	A	*/-C	163	8	4.62%	2	1	93	93	0.0035925563072326206	1	1	109	54	0	8	-C
D4_BC40_consensus_vsearch	1347	C	*/-G	155	12	7.14%	2	2	93	93	1.989493779285625E-4	1	1	105	50	4	8	-G
D4_BC40_consensus_vsearch	1360	C	*/-A	131	24	14.55%	2	2	93	93	2.2721304536401606E-8	1	1	76	55	22	2	-A
D4_BC40_consensus_vsearch	1369	T	*/-C	156	11	6.29%	2	2	93	93	4.119272376341463E-4	1	1	98	58	8	3	-C
D4_BC40_consensus_vsearch	1394	T	*/-C	150	22	12.79%	2	1	93	93	1.1642174035381804E-7	1	1	89	61	22	0	-C
D4_BC40_consensus_vsearch	1398	G	*/+A	161	8	4.65%	2	1	93	93	0.0035889176506417294	1	1	100	61	8	0	+A
D4_BC40_consensus_vsearch	1403	C	*/-A	153	22	12.57%	2	2	93	93	1.1795822457246057E-7	1	1	109	44	3	19	-A
D4_BC40_consensus_vsearch	1405	A	*/-TT	161	9	5.14%	2	1	93	93	0.0017521117144003763	1	1	112	49	0	9	-TT
D4_BC40_consensus_vsearch	1407	T	*/+C	60	92	55.42%	2	2	93	93	2.911034372701551E-37	1	1	32	28	79	13	+C
D4_BC40_consensus_vsearch	1409	C	*/-T	166	7	4%	2	1	93	93	0.007343868313612718	1	1	111	55	0	7	-T
D4_BC40_consensus_vsearch	1423	C	*/-A	149	17	9.83%	2	2	93	93	4.956754716769552E-6	1	1	94	55	12	5	-A
D4_BC40_consensus_vsearch	1430	C	*/-A	160	7	4.05%	2	1	93	93	0.007327239497639241	1	1	101	59	7	0	-A
D4_BC40_consensus_vsearch	1432	C	*/-T	155	7	4.07%	2	2	93	93	0.00731245349755727	1	1	108	47	1	6	-T
D4_BC40_consensus_vsearch	1435	C	*/-T	156	8	4.65%	2	2	93	93	0.0035794408926960136	1	1	106	50	2	6	-T
D4_BC40_consensus_vsearch	1469	C	*/-A	158	14	8.05%	2	1	93	93	4.6341308469083375E-5	1	1	95	63	14	0	-A
D4_BC40_consensus_vsearch	1475	A	*/-C	161	11	6.29%	2	2	93	93	4.1403363178339287E-4	1	1	102	59	9	2	-C
D4_BC40_consensus_vsearch	1487	A	*/-CA	154	14	8.19%	2	2	93	93	4.602560235661552E-5	1	1	94	60	13	1	-CA
D4_BC40_consensus_vsearch	1488	C	*/+A	148	7	4.43%	2	1	93	93	0.00729017238491925	1	1	87	61	7	0	+A
D4_BC40_consensus_vsearch	1512	C	*/+A	161	9	5.14%	2	1	93	93	0.0017521117144003763	1	1	101	60	9	0	+A
D4_BC40_consensus_vsearch	1513	G	*/-A	158	12	6.86%	2	2	93	93	1.996948867077415E-4	1	1	98	60	11	1	-A
D4_BC40_consensus_vsearch	1515	A	*/-G	155	7	4%	2	2	93	93	0.00731245349755727	1	1	99	56	6	1	-G
D4_BC40_consensus_vsearch	1519	T	*/+G	145	10	5.95%	2	2	93	93	8.407243705351934E-4	1	1	104	41	1	9	+G
D4_BC40_consensus_vsearch	1521	C	*/+A	151	9	5.23%	2	1	93	93	0.0017399333914630318	1	1	105	46	0	9	+A
D4_BC40_consensus_vsearch	1528	G	*/-C	162	10	5.75%	2	2	93	93	8.536248951582895E-4	1	1	101	61	9	1	-C
D4_BC40_consensus_vsearch	1531	C	*/-G	156	12	6.86%	2	2	93	93	1.9920063431870148E-4	1	1	105	51	1	11	-G
D4_BC40_consensus_vsearch	1546	T	*/-C	153	11	6.29%	2	1	93	93	4.106051869833816E-4	1	1	95	58	11	0	-C
D4_BC40_consensus_vsearch	1555	G	*/-CG	158	15	8.62%	2	2	93	93	2.2230395801834493E-5	1	1	100	58	11	4	-CG
D4_BC40_consensus_vsearch	1576	A	*/-C	151	11	6.29%	2	1	93	93	4.096981551383751E-4	1	1	89	62	11	0	-C
D4_BC40_consensus_vsearch	1582	G	*/-CG	158	8	4.62%	2	1	93	93	0.0035832986795768713	1	1	97	61	8	0	-CG
D4_BC40_consensus_vsearch	1585	G	*/+A	159	8	4.62%	2	1	93	93	0.0035851936379921044	1	1	99	60	8	0	+A
D4_BC40_consensus_vsearch	1593	C	*/-A	133	32	18.71%	2	2	93	93	4.406110643028047E-11	1	1	77	56	31	1	-A
D4_BC40_consensus_vsearch	1596	A	*/-G	154	15	8.57%	2	2	93	93	2.2056779764362428E-5	1	1	94	60	14	1	-G
D4_BC40_consensus_vsearch	1598	G	*/+A	164	9	5.14%	2	1	93	93	0.0017554987093074167	1	1	101	63	9	0	+A
D4_BC40_consensus_vsearch	1606	T	*/-A	149	9	5.36%	2	2	93	93	0.0017373186708144468	1	1	100	49	6	3	-A
D4_BC40_consensus_vsearch	1613	C	*/-AC	153	19	10.92%	2	1	93	93	1.1275946706452402E-6	1	1	91	62	19	0	-AC
D4_BC40_consensus_vsearch	1614	A	*/-C	145	7	4.52%	2	2	93	93	0.0072800038812266725	1	1	83	62	6	1	-C
D4_BC40_consensus_vsearch	1617	C	*/-A	119	44	25.14%	2	1	93	93	1.9704859286500382E-15	1	1	58	61	44	0	-A
D4_BC40_consensus_vsearch	1623	G	*/-C	157	10	5.81%	2	2	93	93	8.500918789390323E-4	1	1	98	59	7	3	-C
D4_BC40_consensus_vsearch	1646	T	*/-C	155	15	8.57%	2	2	93	93	2.210085554466122E-5	1	1	95	60	13	2	-C
D4_BC40_consensus_vsearch	1678	A	*/+T	73	90	51.43%	2	2	93	93	2.3246307739820634E-35	1	1	65	8	37	53	+T
D4_BC40_consensus_vsearch	1678	A	*/+TT	73	8	4.57%	2	2	93	93	0.003258539328248754	1	1	65	8	6	2	+T
D4_BC40_consensus_vsearch	1691	C	*/-T	153	12	6.98%	2	2	93	93	1.984383730406842E-4	1	1	96	57	9	3	-T
D4_BC40_consensus_vsearch	1699	C	*/-T	146	21	12.14%	2	2	93	93	2.4392050811940816E-7	1	1	101	45	6	15	-T
D4_BC40_consensus_vsearch	1702	T	*/+C	110	14	8%	2	2	93	93	4.139573088570399E-5	1	1	86	24	6	8	+C
D4_BC40_consensus_vsearch	1702	T	*/-C	110	43	24.57%	2	2	93	93	3.638248019500753E-15	1	1	86	24	19	24	-C
D4_BC40_consensus_vsearch	1719	G	*/-TG	154	15	8.57%	2	2	93	93	2.2056779764362428E-5	1	1	93	61	13	2	-TG
D4_BC40_consensus_vsearch	1748	C	*/-T	163	8	4.6%	2	2	93	93	0.0035925563072326206	1	1	107	56	3	5	-T
D4_BC40_consensus_vsearch	1750	T	*/-A	162	9	5.14%	2	2	93	93	0.001753253527181243	1	1	101	61	8	1	-A
D4_BC40_consensus_vsearch	1752	G	*/-A	155	14	8.14%	2	1	93	93	4.610578479777925E-5	1	1	94	61	14	0	-A
D4_BC40_consensus_vsearch	1765	T	*/+C	152	7	4.05%	2	2	93	93	0.00730314147206752	1	1	94	58	6	1	+C
D4_BC40_consensus_vsearch	1765	T	*/-C	152	10	5.78%	2	2	93	93	8.463501362726399E-4	1	1	94	58	8	2	-C
D4_BC40_consensus_vsearch	1785	C	*/+A	149	11	6.43%	2	2	93	93	4.0876974708722375E-4	1	1	106	43	1	10	+A
D4_BC40_consensus_vsearch	1785	C	*/-A	149	7	4.09%	2	2	93	93	0.007293476159710952	1	1	106	43	2	5	+A
D4_BC40_consensus_vsearch	1802	A	*/-GGA	157	9	5.36%	2	1	93	93	0.0017474110844853488	1	1	94	63	9	0	-GGA
D4_BC40_consensus_vsearch	1804	G	*/-AG	141	14	8.7%	2	2	93	93	4.4899691442056394E-5	1	1	79	62	13	1	-AG
D4_BC40_consensus_vsearch	1809	C	*/-T	163	8	4.62%	2	2	93	93	0.0035925563072326206	1	1	105	58	5	3	-T
D4_BC40_consensus_vsearch	1814	C	*/-A	164	10	5.71%	2	1	93	93	8.549835212479261E-4	1	1	101	63	10	0	-A
D4_BC40_consensus_vsearch	1845	A	*/-C	163	9	5.14%	2	1	93	93	0.0017543824532390317	1	1	110	53	0	9	-C
D4_BC40_consensus_vsearch	1851	A	*/-C	150	23	13.14%	2	2	93	93	5.4498872658405615E-8	1	1	106	44	4	19	-C
D4_BC40_consensus_vsearch	1858	G	*/-AG	160	14	8.05%	2	1	93	93	4.649426662392842E-5	1	1	97	63	14	0	-AG
D4_BC40_consensus_vsearch	1881	T	*/-C	151	15	8.67%	2	2	93	93	2.192176748292141E-5	1	1	94	57	10	5	-C
D4_BC40_consensus_vsearch	1893	A	*/-CA	162	7	4.05%	2	1	93	93	0.007332911989892741	1	1	99	63	7	0	-CA
D4_BC40_consensus_vsearch	1915	T	*/+A	160	9	5.17%	2	1	93	93	0.001750956793192828	1	1	97	63	9	0	+A
D4_BC40_consensus_vsearch	1926	T	*/+C	157	11	6.43%	2	2	93	93	4.1235800097779135E-4	1	1	103	54	9	2	+C
D4_BC40_consensus_vsearch	1927	C	*/-G	165	8	4.6%	2	1	93	93	0.0035961125075510735	1	1	112	53	0	8	-G
D4_BC40_consensus_vsearch	1936	G	*/+T	156	8	4.57%	2	1	93	93	0.0035794408926960136	1	1	95	61	8	0	+T
D4_BC40_consensus_vsearch	1940	A	*/-C	132	24	14.63%	2	2	93	93	2.2874063964742823E-8	1	1	81	51	14	10	-C
D4_BC40_consensus_vsearch	1944	C	*/-A	133	10	5.81%	2	2	93	93	8.298613967854219E-4	1	1	96	37	3	7	-A
D4_BC40_consensus_vsearch	1958	A	*/-CA	153	18	10.29%	2	2	93	93	2.380092135578291E-6	1	1	100	53	10	8	-CA
D4_BC40_consensus_vsearch	1970	T	*/-C	131	35	20.11%	2	2	93	93	3.9210891567670294E-12	1	1	86	45	21	14	-C
D4_BC40_consensus_vsearch	1981	T	*/-C	162	10	5.71%	2	1	93	93	8.536248951582895E-4	1	1	109	53	0	10	-C
D4_BC40_consensus_vsearch	1992	A	*/+G	86	71	41.04%	2	2	93	93	1.351063904054851E-26	1	1	61	25	40	31	+G
D4_BC40_consensus_vsearch	1998	T	*/-C	157	13	7.6%	2	2	93	93	9.619448810924289E-5	1	1	99	58	12	1	-C
D4_BC40_consensus_vsearch	2011	C	*/+T	152	10	5.75%	2	2	93	93	8.463501362726399E-4	1	1	105	47	3	7	+T
D4_BC40_consensus_vsearch	2011	C	*/-T	152	9	5.17%	2	2	93	93	0.0017412171593368057	1	1	105	47	3	6	+T
D4_BC40_consensus_vsearch	2048	G	*/+T	164	7	4%	2	1	93	93	0.007338453432453804	1	1	103	61	7	0	+T
D4_BC40_consensus_vsearch	2052	T	*/+C	157	8	4.6%	2	1	93	93	0.0035813812319797343	1	1	95	62	8	0	+C
D4_BC40_consensus_vsearch	2056	A	*/-C	124	23	13.29%	2	2	93	93	4.689704954139905E-8	1	1	68	56	21	2	-C
D4_BC40_consensus_vsearch	2056	A	*/-CC	124	13	7.51%	2	1	93	93	9.057748128917728E-5	1	1	68	56	13	0	-C
D4_BC40_consensus_vsearch	2072	G	*/-CG	159	15	8.62%	2	1	93	93	2.2272702574322294E-5	1	1	112	47	0	15	-CG
D4_BC40_consensus_vsearch	2092	C	*/-A	155	16	9.14%	2	1	93	93	1.056433857412907E-5	1	1	95	60	16	0	-A
D4_BC40_consensus_vsearch	2105	C	*/-TT	157	11	6.32%	2	1	93	93	4.1235800097779135E-4	1	1	98	59	11	0	-TT
D4_BC40_consensus_vsearch	2107	T	*/-G	148	10	6.17%	2	2	93	93	8.43193752284248E-4	1	1	94	54	3	7	-G
D4_BC40_consensus_vsearch	2115	C	*/+A	150	8	4.62%	2	1	93	93	0.0035672943374071937	1	1	88	62	8	0	+A
D4_BC40_consensus_vsearch	2115	C	*/-G	150	7	4.05%	2	1	93	93	0.007296738417420601	1	1	88	62	7	0	+A
D4_BC40_consensus_vsearch	2116	G	*/-A	150	7	4.22%	2	1	93	93	0.007296738417420601	1	1	90	60	7	0	-A
D4_BC40_consensus_vsearch	2118	G	*/-C	159	8	4.73%	2	2	93	93	0.0035851936379921044	1	1	101	58	6	2	-C
D4_BC40_consensus_vsearch	2132	C	*/-A	164	9	5.14%	2	2	93	93	0.0017554987093074167	1	1	106	58	4	5	-A
D4_BC40_consensus_vsearch	2136	C	*/-AC	143	22	13.02%	2	1	93	93	1.1268974364508446E-7	1	1	88	55	22	0	-AC
D4_BC40_consensus_vsearch	2143	C	*/-A	164	8	4.62%	2	2	93	93	0.0035943445383436455	1	1	108	56	3	5	-A
D4_BC40_consensus_vsearch	2146	C	*/-T	165	7	4.05%	2	1	93	93	0.007341176420737498	1	1	112	53	0	7	-T
D4_BC40_consensus_vsearch	2147	T	*/-C	138	24	14.29%	2	1	93	93	2.3767730339874605E-8	1	1	83	55	24	0	-C
D4_BC40_consensus_vsearch	2152	A	*/-G	128	35	20.96%	2	2	93	93	3.761878184999425E-12	1	1	77	51	24	11	-G
D4_BC40_consensus_vsearch	2158	T	*/-C	161	7	4.12%	2	2	93	93	0.007330092413737525	1	1	106	55	5	2	-C
D4_BC40_consensus_vsearch	2201	C	*/-GC	167	7	4%	2	2	93	93	0.007346529640553612	1	1	107	60	5	2	-GC
D4_BC40_consensus_vsearch	2207	T	*/-A	155	14	8%	2	1	93	93	4.610578479777925E-5	1	1	92	63	14	0	-A
D4_BC40_consensus_vsearch	2209	A	*/-G	155	13	7.6%	2	1	93	93	9.591141652373468E-5	1	1	93	62	13	0	-G
D4_BC40_consensus_vsearch	2220	T	*/-C	148	25	14.29%	2	1	93	93	1.1711341691009974E-8	1	1	86	62	25	0	-C
D4_BC40_consensus_vsearch	2222	C	*/-A	152	18	10.29%	2	1	93	93	2.373132801848004E-6	1	1	89	63	18	0	-A
D4_BC40_consensus_vsearch	2236	T	*/-C	129	40	23.39%	2	2	93	93	6.61650585167446E-14	1	1	83	46	28	12	-C
D4_BC40_consensus_vsearch	2238	C	*/+G	150	9	5.17%	2	2	93	93	0.0017386339909437924	1	1	102	48	1	8	+G
D4_BC40_consensus_vsearch	2239	G	*/-A	167	8	4.57%	2	1	93	93	0.003599589021589525	1	1	104	63	8	0	-A
D4_BC40_consensus_vsearch	2243	T	*/+C	155	13	7.56%	2	2	93	93	9.591141652373468E-5	1	1	97	58	12	1	+C
D4_BC40_consensus_vsearch	2253	C	*/+T	138	28	16%	2	2	93	93	1.0747374293896438E-9	1	1	77	61	27	1	+T
D4_BC40_consensus_vsearch	2254	G	*/-C	130	24	13.79%	2	2	93	93	2.256743188147466E-8	1	1	68	62	23	1	-C
D4_BC40_consensus_vsearch	2256	A	*/+G	122	22	12.87%	2	1	93	93	1.0011274415717084E-7	1	1	60	62	22	0	+G
D4_BC40_consensus_vsearch	2256	A	*/+GG	122	15	8.77%	2	1	93	93	2.0357909587706033E-5	1	1	60	62	15	0	+G
D4_BC40_consensus_vsearch	2257	A	*/+GGA	64	80	45.98%	2	2	93	93	1.465475572077118E-31	1	1	63	1	23	57	+GGA
D4_BC40_consensus_vsearch	2257	A	*/+GGAA	64	10	5.75%	2	2	93	93	7.054802053515234E-4	1	1	63	1	9	1	+GGA
D4_BC40_consensus_vsearch	2263	T	*/-C	141	12	6.98%	2	2	93	93	1.951131209009317E-4	1	1	95	46	1	11	-C
D4_BC40_consensus_vsearch	2263	T	*/-CC	141	14	8.14%	2	2	93	93	4.4899691442056394E-5	1	1	95	46	13	1	-CC
D4_BC40_consensus_vsearch	2269	A	*/-G	164	8	4.57%	2	1	93	93	0.0035943445383436455	1	1	101	63	8	0	-G
D4_BC40_consensus_vsearch	2285	C	*/-A	140	19	10.86%	2	2	93	93	1.0772384481829224E-6	1	1	93	47	18	1	-A
D4_BC40_consensus_vsearch	2285	C	*/-AA	140	7	4%	2	1	93	93	0.00726214740331066	1	1	93	47	0	7	-A
D4_BC40_consensus_vsearch	2288	A	*/+G	47	66	37.71%	2	2	93	93	1.4291149119638296E-26	1	1	37	10	35	31	+G
D4_BC40_consensus_vsearch	2288	A	*/-G	47	9	5.14%	2	2	93	93	0.0013788117192044542	1	1	37	10	2	7	+G
D4_BC40_consensus_vsearch	2306	A	*/-T	166	7	4.02%	2	2	93	93	0.007343868313612718	1	1	106	60	4	3	-T
D4_BC40_consensus_vsearch	2309	A	*/+G	129	8	4.62%	2	2	93	93	0.0035166144652547917	1	1	102	27	2	6	+G
D4_BC40_consensus_vsearch	2309	A	*/-G	129	30	17.34%	2	2	93	93	2.0564955299477305E-10	1	1	102	27	2	28	-G
D4_BC40_consensus_vsearch	2328	T	*/+C	166	7	4%	2	1	93	93	0.007343868313612718	1	1	104	62	7	0	+C
D4_BC40_consensus_vsearch	2370	T	*/+C	167	7	4%	2	1	93	93	0.007346529640553612	1	1	105	62	7	0	+C
D4_BC40_consensus_vsearch	2372	A	*/-CA	154	9	5.26%	2	1	93	93	0.0017437389109563706	1	1	94	60	9	0	-CA
D4_BC40_consensus_vsearch	2388	A	*/-T	159	10	5.75%	2	2	93	93	8.515291395461669E-4	1	1	100	59	8	2	-T
D4_BC40_consensus_vsearch	2414	G	*/-TG	148	20	11.56%	2	1	93	93	5.230241564345643E-7	1	1	107	41	0	20	-TG
D4_BC40_consensus_vsearch	2418	C	*/+A	143	16	9.2%	2	1	93	93	1.0260370524245005E-5	1	1	83	60	16	0	+A
D4_BC40_consensus_vsearch	2418	C	*/-A	143	9	5.17%	2	2	93	93	0.0017290754509058635	1	1	83	60	8	1	+A
D4_BC40_consensus_vsearch	2420	A	*/-G	136	38	21.84%	2	2	93	93	3.7599051124350683E-13	1	1	97	39	15	23	-G
D4_BC40_consensus_vsearch	2425	T	*/-C	165	7	4%	2	1	93	93	0.007341176420737498	1	1	102	63	7	0	-C
D4_BC40_consensus_vsearch	2442	T	*/-A	101	49	28.16%	2	2	93	93	1.6070354445083185E-17	1	1	57	44	36	13	-A
D4_BC40_consensus_vsearch	2442	T	*/-AA	101	15	8.62%	2	2	93	93	1.882506042369998E-5	1	1	57	44	14	1	-A
D4_BC40_consensus_vsearch	2465	T	*/-C	160	7	4%	2	2	93	93	0.007327239497639241	1	1	108	52	1	6	-C
D4_BC40_consensus_vsearch	2482	C	*/-T	164	7	4.02%	2	2	93	93	0.007338453432453804	1	1	108	56	1	6	-T
D4_BC40_consensus_vsearch	2491	G	*/-TG	146	17	9.88%	2	2	93	93	4.915448634579779E-6	1	1	99	47	5	12	-TG
D4_BC40_consensus_vsearch	2496	T	*/-C	160	10	5.85%	2	1	93	93	8.522356073059357E-4	1	1	110	50	0	10	-C
D4_BC40_consensus_vsearch	2504	A	*/-G	155	9	5.36%	2	1	93	93	0.0017449774351898418	1	1	95	60	9	0	-G
D4_BC40_consensus_vsearch	2521	C	*/-TT	160	9	5.2%	2	1	93	93	0.001750956793192828	1	1	98	62	9	0	-TT
D4_BC40_consensus_vsearch	2525	A	*/-C	159	14	8.05%	2	2	93	93	4.6418184944691E-5	1	1	109	50	2	12	-C
D4_BC40_consensus_vsearch	2536	A	*/+G	83	78	45.88%	2	2	93	93	1.2373052807160238E-29	1	1	69	14	33	45	+G
D4_BC40_consensus_vsearch	2553	A	*/-C	158	12	6.94%	2	2	93	93	1.996948867077415E-4	1	1	96	62	11	1	-C
D4_BC40_consensus_vsearch	2563	C	*/-T	156	12	6.94%	2	1	93	93	1.9920063431870148E-4	1	1	109	47	0	12	-T
D4_BC40_consensus_vsearch	2570	T	*/+C	26	107	61.49%	2	2	93	93	8.477294836758799E-50	1	1	19	7	53	54	+C
D4_BC40_consensus_vsearch	2570	T	*/-C	26	39	22.41%	2	1	93	93	4.275582131078376E-16	1	1	19	7	39	0	+C
D4_BC40_consensus_vsearch	2572	C	*/+G	159	8	4.57%	2	1	93	93	0.0035851936379921044	1	1	110	49	0	8	+G
D4_BC40_consensus_vsearch	2594	C	*/-A	151	17	9.71%	2	1	93	93	4.983613323029366E-6	1	1	88	63	17	0	-A
D4_BC40_consensus_vsearch	2601	G	*/-A	165	9	5.14%	2	1	93	93	0.0017566025072910298	1	1	102	63	9	0	-A
D4_BC40_consensus_vsearch	2632	C	*/-G	157	9	5.17%	2	2	93	93	0.0017474110844853488	1	1	97	60	8	1	-G
D4_BC40_consensus_vsearch	2641	T	*/+A	163	10	5.71%	2	1	93	93	8.543079772296276E-4	1	1	100	63	10	0	+A
D4_BC40_consensus_vsearch	2657	T	*/-C	161	8	4.57%	2	2	93	93	0.0035889176506417294	1	1	105	56	3	5	-C
D4_BC40_consensus_vsearch	2660	T	*/+C	152	11	6.51%	2	1	93	93	4.101542968089175E-4	1	1	96	56	11	0	+C
D4_BC40_consensus_vsearch	2661	C	*/+T	161	8	4.68%	2	1	93	93	0.0035889176506417294	1	1	112	49	0	8	+T
D4_BC40_consensus_vsearch	2676	C	*/-GA	158	7	4.05%	2	2	93	93	0.007321431252717009	1	1	103	55	5	2	-GA
D4_BC40_consensus_vsearch	2718	G	*/-CG	122	28	17.28%	2	2	93	93	9.283282797396909E-10	1	1	84	38	10	18	-CG
D4_BC40_consensus_vsearch	2719	C	*/+A	112	7	5.43%	2	1	93	93	0.007134918607512385	1	1	74	38	7	0	+A
D4_BC40_consensus_vsearch	2720	G	*/-A	109	9	7.03%	2	2	93	93	0.0016672123022005722	1	1	72	37	8	1	-A
D4_BC40_consensus_vsearch	2720	G	*/-AA	109	7	5.47%	2	1	93	93	0.007117711559545103	1	1	72	37	7	0	-A
D4_BC40_consensus_vsearch	2725	T	*/-C	151	19	10.98%	2	2	93	93	1.120236602114709E-6	1	1	93	58	17	2	-C
D4_BC40_consensus_vsearch	2739	C	*/+G	154	7	4%	2	2	93	93	0.007309387540537701	1	1	99	55	2	5	+G
D4_BC40_consensus_vsearch	2740	G	*/-A	163	7	4.07%	2	2	93	93	0.007335698806984051	1	1	101	62	6	1	-A
D4_BC40_consensus_vsearch	2751	T	*/+C	161	8	4.57%	2	1	93	93	0.0035889176506417294	1	1	98	63	8	0	+C
D4_BC40_consensus_vsearch	2752	C	*/+G	160	7	4.02%	2	2	93	93	0.007327239497639241	1	1	102	58	3	4	+G
D4_BC40_consensus_vsearch	2773	T	*/-GT	150	19	10.92%	2	2	93	93	1.1165068423995171E-6	1	1	98	52	11	8	-GT
D4_BC40_consensus_vsearch	2777	C	*/-A	114	48	27.75%	2	2	93	93	5.888641654902307E-17	1	1	61	53	46	2	-A
D4_BC40_consensus_vsearch	2780	A	*/-G	155	13	7.47%	2	2	93	93	9.591141652373468E-5	1	1	99	56	9	4	-G
D4_BC40_consensus_vsearch	2782	G	*/+A	164	7	4%	2	1	93	93	0.007338453432453804	1	1	101	63	7	0	+A
D4_BC40_consensus_vsearch	2785	A	*/+G	126	12	7.02%	2	2	93	93	1.9021202059319294E-4	1	1	93	33	5	7	+G
D4_BC40_consensus_vsearch	2785	A	*/-G	126	25	14.62%	2	2	93	93	1.009560824014121E-8	1	1	93	33	6	19	-G
D4_BC40_consensus_vsearch	2822	C	*/-A	159	8	4.6%	2	2	93	93	0.0035851936379921044	1	1	99	60	7	1	-A
D4_BC40_consensus_vsearch	2850	T	*/-C	141	30	17.14%	2	1	93	93	2.310271085678607E-10	1	1	79	62	30	0	-C
D4_BC40_consensus_vsearch	2862	T	*/-C	130	39	22.29%	2	2	93	93	1.521796345885324E-13	1	1	83	47	26	13	-C
D4_BC40_consensus_vsearch	2882	C	*/-A	163	11	6.32%	2	2	93	93	4.148440753983004E-4	1	1	102	61	10	1	-A
D4_BC40_consensus_vsearch	2892	C	*/+T	159	7	4.19%	2	1	93	93	0.007324352646937745	1	1	104	55	0	7	+T
D4_BC40_consensus_vsearch	2900	T	*/-C	163	10	5.78%	2	2	93	93	8.543079772296276E-4	1	1	111	52	1	9	-C
D4_BC40_consensus_vsearch	2901	C	*/-TC	151	9	5.45%	2	2	93	93	0.0017399333914630318	1	1	105	46	6	3	-TC
D4_BC40_consensus_vsearch	2902	T	*/+C	147	9	5.52%	2	1	93	93	0.0017346390883731628	1	1	92	55	9	0	+C
D4_BC40_consensus_vsearch	2939	G	*/-C	117	49	28.16%	2	2	93	93	2.7486985335023188E-17	1	1	81	36	28	21	-C
D4_BC40_consensus_vsearch	2940	C	+G/+G	2	100	83.33%	1	2	93	93	3.733607812360673E-57	1	1	2	0	68	32	+G
D4_BC40_consensus_vsearch	2944	G	*/+A	151	14	8%	2	1	93	93	4.577984250377552E-5	1	1	89	62	14	0	+A
D4_BC40_consensus_vsearch	2949	G	*/-C	159	7	4.05%	2	1	93	93	0.007324352646937745	1	1	98	61	7	0	-C
D4_BC40_consensus_vsearch	2979	G	*/-T	164	7	4.02%	2	2	93	93	0.007338453432453804	1	1	106	58	5	2	-T
D4_BC40_consensus_vsearch	2981	T	*/-A	150	13	7.47%	2	1	93	93	9.517603296286453E-5	1	1	93	57	13	0	-A
D4_BC40_consensus_vsearch	2985	G	*/-C	152	11	6.47%	2	2	93	93	4.101542968089175E-4	1	1	101	51	3	8	-C
D4_BC40_consensus_vsearch	2987	C	*/-A	152	9	5.17%	2	2	93	93	0.0017412171593368057	1	1	106	46	2	7	-A
D4_BC40_consensus_vsearch	2989	A	*/-G	159	11	6.32%	2	2	93	93	4.132051429361587E-4	1	1	107	52	2	9	-G
D4_BC40_consensus_vsearch	2997	C	*/-AC	165	7	4.02%	2	1	93	93	0.007341176420737498	1	1	103	62	7	0	-AC
D4_BC40_consensus_vsearch	3001	C	*/+T	154	11	6.51%	2	1	93	93	4.110509155841592E-4	1	1	105	49	0	11	+T
D4_BC40_consensus_vsearch	3003	C	*/-T	162	9	5.17%	2	1	93	93	0.001753253527181243	1	1	109	53	0	9	-T
D4_BC40_consensus_vsearch	3007	A	*/-C	167	7	4%	2	2	93	93	0.007346529640553612	1	1	108	59	3	4	-C
D4_BC40_consensus_vsearch	3019	T	*/-C	123	27	15.52%	2	2	93	93	2.060435937958549E-9	1	1	63	60	24	3	-C
D4_BC40_consensus_vsearch	3019	T	*/-CC	123	17	9.77%	2	1	93	93	4.5518957996669666E-6	1	1	63	60	17	0	-C
D4_BC40_consensus_vsearch	3030	C	*/-A	154	10	5.81%	2	1	93	93	8.478730484464233E-4	1	1	99	55	10	0	-A
D4_BC40_consensus_vsearch	3036	G	*/-A	156	11	6.51%	2	1	93	93	4.119272376341463E-4	1	1	93	63	11	0	-A
D4_BC40_consensus_vsearch	3043	G	*/-C	153	13	7.65%	2	2	93	93	9.56221163141673E-5	1	1	103	50	4	9	-C
D4_BC40_consensus_vsearch	3052	G	*/-CC	139	8	4.65%	2	1	93	93	0.0035425109284445205	1	1	77	62	8	0	-CC
D4_BC40_consensus_vsearch	3055	C	*/-GA	146	8	4.57%	2	1	93	93	0.0035586826095282847	1	1	89	57	8	0	-GA
D4_BC40_consensus_vsearch	3055	C	*/-GAA	146	9	5.14%	2	2	93	93	0.0017332742159673858	1	1	89	57	8	1	-GAA
D4_BC40_consensus_vsearch	3066	G	*/-A	150	17	9.88%	2	1	93	93	4.9702505854652535E-6	1	1	88	62	17	0	-A
D4_BC40_consensus_vsearch	3067	A	*/-G	103	42	27.1%	2	2	93	93	6.997376194235072E-15	1	1	45	58	38	4	-G
D4_BC40_consensus_vsearch	3080	C	*/-A	156	7	4%	2	1	93	93	0.007315482324450346	1	1	100	56	7	0	-A
D4_BC40_consensus_vsearch	3082	A	*/-C	153	12	6.86%	2	1	93	93	1.984383730406842E-4	1	1	91	62	12	0	-C
D4_BC40_consensus_vsearch	3084	C	*/-T	141	10	5.75%	2	2	93	93	8.372862978827083E-4	1	1	89	52	1	9	-T
D4_BC40_consensus_vsearch	3084	C	*/-TT	141	18	10.34%	2	1	93	93	2.2919966982601153E-6	1	1	89	52	18	0	-TT
D4_BC40_consensus_vsearch	3092	T	*/+C	164	8	4.62%	2	1	93	93	0.0035943445383436455	1	1	103	61	8	0	+C
D4_BC40_consensus_vsearch	3129	A	*/-C	136	30	17.34%	2	2	93	93	2.2058999739486302E-10	1	1	75	61	28	2	-C
D4_BC40_consensus_vsearch	3136	G	*/-A	162	11	6.29%	2	2	93	93	4.144410722870704E-4	1	1	102	60	10	1	-A
D4_BC40_consensus_vsearch	3168	A	*/-GA	162	12	6.86%	2	2	93	93	2.00651585430069E-4	1	1	110	52	1	11	-GA
D4_BC40_consensus_vsearch	3175	G	*/-A	161	13	7.43%	2	2	93	93	9.67427286895422E-5	1	1	100	61	12	1	-A
D4_BC40_consensus_vsearch	3198	T	*/+C	141	16	9.25%	2	2	93	93	1.0205901016940575E-5	1	1	82	59	15	1	+C
D4_BC40_consensus_vsearch	3198	T	*/-C	141	15	8.67%	2	2	93	93	2.143924173357989E-5	1	1	82	59	14	1	+C
D4_BC40_consensus_vsearch	3209	T	*/-C	164	7	4.05%	2	2	93	93	0.007338453432453804	1	1	104	60	6	1	-C
D4_BC40_consensus_vsearch	3213	G	*/-C	154	15	8.62%	2	1	93	93	2.2056779764362428E-5	1	1	93	61	15	0	-C
D4_BC40_consensus_vsearch	3220	T	*/+A	165	7	4%	2	1	93	93	0.007341176420737498	1	1	105	60	7	0	+A
D4_BC40_consensus_vsearch	3226	T	*/-C	121	46	26.44%	2	2	93	93	3.8731196552147573E-16	1	1	88	33	24	22	-C
D4_BC40_consensus_vsearch	3240	C	*/-A	159	11	6.29%	2	2	93	93	4.132051429361587E-4	1	1	109	50	2	9	-A
D4_BC40_consensus_vsearch	3245	T	*/+A	135	7	4%	2	1	93	93	0.007243052290679531	1	1	103	32	7	0	+A
D4_BC40_consensus_vsearch	3245	T	*/-AA	135	27	15.43%	2	2	93	93	2.2862176132822894E-9	1	1	103	32	1	26	-AA
D4_BC40_consensus_vsearch	3259	C	*/-AC	149	23	13.14%	2	1	93	93	5.423372997847672E-8	1	1	87	62	23	0	-AC
D4_BC40_consensus_vsearch	3269	T	*/+A	154	19	10.86%	2	1	93	93	1.1312238573323024E-6	1	1	93	61	19	0	+A
D4_BC40_consensus_vsearch	3272	G	*/-C	158	8	4.65%	2	2	93	93	0.0035832986795768713	1	1	100	58	6	2	-C
D4_BC40_consensus_vsearch	3283	A	*/+G	166	7	4.02%	2	1	93	93	0.007343868313612718	1	1	103	63	7	0	+G
D4_BC40_consensus_vsearch	3294	G	*/+T	162	7	4%	2	1	93	93	0.007332911989892741	1	1	103	59	7	0	+T
D4_BC40_consensus_vsearch	3313	A	*/-C	161	7	4.02%	2	1	93	93	0.007330092413737525	1	1	110	51	0	7	-C
D4_BC40_consensus_vsearch	3315	T	*/+C	108	18	10.53%	2	2	93	93	1.985371019214409E-6	1	1	66	42	13	5	+C
D4_BC40_consensus_vsearch	3315	T	*/-C	108	36	21.05%	2	2	93	93	1.1905308201968044E-12	1	1	66	42	30	6	-C
D4_BC40_consensus_vsearch	3322	G	*/-A	160	11	6.29%	2	1	93	93	4.136216803787874E-4	1	1	97	63	11	0	-A
D4_BC40_consensus_vsearch	3325	T	*/-C	152	22	12.57%	2	2	93	93	1.1745012526097133E-7	1	1	90	62	21	1	-C
D4_BC40_consensus_vsearch	3327	C	*/-A	155	15	8.57%	2	2	93	93	2.210085554466122E-5	1	1	94	61	13	2	-A
D4_BC40_consensus_vsearch	3334	T	*/+C	148	14	8.19%	2	2	93	93	4.5525965244911325E-5	1	1	97	51	13	1	+C
D4_BC40_consensus_vsearch	3336	T	*/+G	143	9	5.36%	2	1	93	93	0.0017290754509058635	1	1	101	42	9	0	+G
D4_BC40_consensus_vsearch	3336	T	*/-A	143	10	5.95%	2	1	93	93	8.390267761774618E-4	1	1	101	42	0	10	-A
D4_BC40_consensus_vsearch	3350	T	*/+C	146	9	5.36%	2	2	93	93	0.0017332742159673858	1	1	99	47	4	5	+C
D4_BC40_consensus_vsearch	3363	T	*/-A	160	9	5.2%	2	1	93	93	0.001750956793192828	1	1	100	60	9	0	-A
D4_BC40_consensus_vsearch	3366	C	*/-A	160	9	5.14%	2	1	93	93	0.001750956793192828	1	1	97	63	9	0	-A
D4_BC40_consensus_vsearch	3370	G	*/+A	159	10	5.88%	2	1	93	93	8.515291395461669E-4	1	1	96	63	10	0	+A
D4_BC40_consensus_vsearch	3403	T	*/-G	152	13	7.43%	2	2	93	93	9.547506627427142E-5	1	1	108	44	1	12	-G
D4_BC40_consensus_vsearch	3428	C	*/-T	150	15	8.72%	2	2	93	93	2.1875810816675594E-5	1	1	92	58	13	2	-T
D4_BC40_consensus_vsearch	3431	T	*/+A	146	20	11.43%	2	1	93	93	5.190129661578946E-7	1	1	83	63	20	0	+A
D4_BC40_consensus_vsearch	3434	T	*/+C	55	88	52.07%	2	2	93	93	6.909000054254793E-36	1	1	38	17	60	28	+C
D4_BC40_consensus_vsearch	3434	T	*/-C	55	15	8.88%	2	2	93	93	1.3194416640192916E-5	1	1	38	17	3	12	+C
D4_BC40_consensus_vsearch	3465	A	*/-C	105	63	36%	2	2	93	93	8.060382397858345E-23	1	1	59	46	48	15	-C
D4_BC40_consensus_vsearch	3466	C	*/+T	98	10	8.93%	2	1	93	93	7.852841580815638E-4	1	1	63	35	0	10	+T
D4_BC40_consensus_vsearch	3467	C	*/+T	162	8	4.57%	2	1	93	93	0.0035907474640792065	1	1	109	53	0	8	+T
D4_BC40_consensus_vsearch	3468	C	*/-T	156	12	6.86%	2	1	93	93	1.9920063431870148E-4	1	1	110	46	0	12	-T
D4_BC40_consensus_vsearch	3499	C	*/-T	165	8	4.57%	2	2	93	93	0.0035961125075510735	1	1	110	55	1	7	-T
D4_BC40_consensus_vsearch	3502	A	*/-G	133	34	19.88%	2	2	93	93	8.964284329943431E-12	1	1	73	60	32	2	-G
D4_BC40_consensus_vsearch	3507	C	*/-A	152	10	5.85%	2	1	93	93	8.463501362726399E-4	1	1	91	61	10	0	-A
D4_BC40_consensus_vsearch	3512	G	*/-A	161	12	6.86%	2	2	93	93	2.0041627973286082E-4	1	1	99	62	11	1	-A
D4_BC40_consensus_vsearch	3518	A	*/+C	54	93	53.76%	2	2	93	93	2.6865608618002165E-38	1	1	26	28	63	30	+C
D4_BC40_consensus_vsearch	3518	A	*/-C	54	7	4.05%	2	2	93	93	0.006513094748389102	1	1	26	28	4	3	+C
D4_BC40_consensus_vsearch	3518	A	*/-CC	54	12	6.94%	2	1	93	93	1.4106251808566458E-4	1	1	26	28	12	0	-CC
D4_BC40_consensus_vsearch	3530	G	*/-A	151	21	12%	2	1	93	93	2.490345836708065E-7	1	1	89	62	21	0	-A
D4_BC40_consensus_vsearch	3541	G	*/-C	156	7	4.12%	2	1	93	93	0.007315482324450346	1	1	94	62	7	0	-C
D4_BC40_consensus_vsearch	3544	C	*/+T	153	10	5.78%	2	1	93	93	8.471160639973729E-4	1	1	100	53	0	10	+T
D4_BC40_consensus_vsearch	3545	C	*/+G	52	91	52.6%	2	2	93	93	1.422525391881107E-37	1	1	51	1	46	45	+G
D4_BC40_consensus_vsearch	3549	A	*/+C	113	12	6.94%	2	2	93	93	1.8510235131510624E-4	1	1	71	42	10	2	+C
D4_BC40_consensus_vsearch	3549	A	*/-C	113	34	19.65%	2	2	93	93	6.716049688083252E-12	1	1	71	42	16	18	-C
D4_BC40_consensus_vsearch	3549	A	*/-CC	113	8	4.62%	2	1	93	93	0.0034665335534631017	1	1	71	42	8	0	-C
D4_BC40_consensus_vsearch	3566	C	*/-TG	164	9	5.14%	2	1	93	93	0.0017554987093074167	1	1	101	63	9	0	-TG
D4_BC40_consensus_vsearch	3601	T	*/-C	164	8	4.57%	2	1	93	93	0.0035943445383436455	1	1	102	62	8	0	-C
D4_BC40_consensus_vsearch	3613	T	*/-C	161	8	4.68%	2	1	93	93	0.0035889176506417294	1	1	99	62	8	0	-C
D4_BC40_consensus_vsearch	3657	C	*/-TC	165	8	4.57%	2	2	93	93	0.0035961125075510735	1	1	109	56	2	6	-TC
D4_BC40_consensus_vsearch	3667	C	*/-G	161	8	4.6%	2	1	93	93	0.0035889176506417294	1	1	102	59	8	0	-G
D4_BC40_consensus_vsearch	3668	G	*/-A	153	10	5.99%	2	1	93	93	8.471160639973729E-4	1	1	91	62	10	0	-A
D4_BC40_consensus_vsearch	3669	A	*/-G	153	8	4.88%	2	2	93	93	0.003573478353150084	1	1	93	60	6	2	-G
D4_BC40_consensus_vsearch	3684	G	*/-A	157	18	10.29%	2	1	93	93	2.4072847951339005E-6	1	1	94	63	18	0	-A
D4_BC40_consensus_vsearch	3695	C	*/-AC	163	7	4%	2	1	93	93	0.007335698806984051	1	1	103	60	7	0	-AC
D4_BC40_consensus_vsearch	3701	C	*/+G	149	8	4.6%	2	1	93	93	0.0035651816371754363	1	1	96	53	8	0	+G
D4_BC40_consensus_vsearch	3701	C	*/-A	149	7	4.02%	2	1	93	93	0.007293476159710952	1	1	96	53	7	0	+G
D4_BC40_consensus_vsearch	3702	A	*/-T	153	9	5.39%	2	2	93	93	0.001742485574678114	1	1	97	56	7	2	-T
D4_BC40_consensus_vsearch	3705	A	*/-G	114	30	17.75%	2	2	93	93	1.7245840940848316E-10	1	1	89	25	2	28	-G
D4_BC40_consensus_vsearch	3719	C	*/+G	158	7	4.12%	2	1	93	93	0.007321431252717009	1	1	97	61	7	0	+G
D4_BC40_consensus_vsearch	3721	G	*/+A	162	7	4.12%	2	1	93	93	0.007332911989892741	1	1	99	63	7	0	+A
D4_BC40_consensus_vsearch	3725	A	*/-C	142	17	9.94%	2	2	93	93	4.858387367438042E-6	1	1	81	61	15	2	-C
D4_BC40_consensus_vsearch	3730	G	*/-A	155	8	4.65%	2	1	93	93	0.0035774772495738992	1	1	93	62	8	0	-A
D4_BC40_consensus_vsearch	3738	C	*/-T	157	7	4.05%	2	2	93	93	0.007318474691436204	1	1	103	54	2	5	-T
D4_BC40_consensus_vsearch	3745	T	*/+G	153	8	4.73%	2	2	93	93	0.003573478353150084	1	1	100	53	7	1	+G
D4_BC40_consensus_vsearch	3746	A	*/-G	156	9	5.26%	2	1	93	93	0.001746201408139757	1	1	98	58	9	0	-G
D4_BC40_consensus_vsearch	3747	G	*/+A	150	13	7.83%	2	1	93	93	9.517603296286453E-5	1	1	88	62	13	0	+A
D4_BC40_consensus_vsearch	3753	G	*/-C	128	38	21.84%	2	2	93	93	3.3215508018895957E-13	1	1	82	46	23	15	-C
D4_BC40_consensus_vsearch	3773	C	*/-AC	165	7	4.05%	2	1	93	93	0.007341176420737498	1	1	103	62	7	0	-AC
D4_BC40_consensus_vsearch	3776	G	*/-T	157	12	6.9%	2	1	93	93	1.9944912213477976E-4	1	1	95	62	12	0	-T
D4_BC40_consensus_vsearch	3795	A	*/-CA	160	7	4.02%	2	2	93	93	0.007327239497639241	1	1	103	57	6	1	-CA
D4_BC40_consensus_vsearch	3799	A	*/-TA	159	9	5.23%	2	2	93	93	0.0017497885367513443	1	1	102	57	5	4	-TA
D4_BC40_consensus_vsearch	3810	G	*/-A	167	7	4%	2	1	93	93	0.007346529640553612	1	1	105	62	7	0	-A
D4_BC40_consensus_vsearch	3835	C	*/-A	150	20	11.49%	2	1	93	93	5.269648813688163E-7	1	1	89	61	20	0	-A
D4_BC40_consensus_vsearch	3846	C	*/+T	149	15	8.77%	2	1	93	93	2.1829365358467202E-5	1	1	107	42	0	15	+T
D4_BC40_consensus_vsearch	3849	T	*/+C	58	111	64.53%	2	2	93	93	2.65143388844455E-46	1	1	56	2	53	58	+C
D4_BC40_consensus_vsearch	3861	C	*/-A	154	17	9.83%	2	1	93	93	5.022921714695264E-6	1	1	92	62	17	0	-A
D4_BC40_consensus_vsearch	3863	C	*/-T	159	14	8.05%	2	1	93	93	4.6418184944691E-5	1	1	110	49	0	14	-T
D4_BC40_consensus_vsearch	3878	T	*/+G	155	15	8.57%	2	1	93	93	2.210085554466122E-5	1	1	93	62	15	0	+G
D4_BC40_consensus_vsearch	3879	A	*/-G	152	17	9.94%	2	2	93	93	4.996844843643187E-6	1	1	96	56	12	5	-G
D4_BC40_consensus_vsearch	3887	T	*/-C	127	46	26.44%	2	1	93	93	4.477478910572913E-16	1	1	65	62	46	0	-C
D4_BC40_consensus_vsearch	3889	C	*/-A	149	15	8.57%	2	1	93	93	2.1829365358467202E-5	1	1	103	46	0	15	-A
D4_BC40_consensus_vsearch	3894	A	*/+G	162	9	5.2%	2	1	93	93	0.001753253527181243	1	1	109	53	0	9	+G
D4_BC40_consensus_vsearch	3907	C	*/+A	163	9	5.17%	2	2	93	93	0.0017543824532390317	1	1	104	59	7	2	+A
D4_BC40_consensus_vsearch	3942	C	*/-ACAC	162	8	4.62%	2	1	93	93	0.0035907474640792065	1	1	101	61	8	0	-ACAC
D4_BC40_consensus_vsearch	3944	C	*/-AC	137	23	14.02%	2	2	93	93	5.088920154531204E-8	1	1	81	56	20	3	-AC
D4_BC40_consensus_vsearch	3950	T	*/-GT	144	26	14.94%	2	2	93	93	5.295834799057409E-9	1	1	101	43	8	18	-GT
D4_BC40_consensus_vsearch	3961	A	*/-T	131	40	22.86%	2	2	93	93	6.85118770178816E-14	1	1	73	58	39	1	-T
D4_BC40_consensus_vsearch	3968	C	*/-GC	152	19	10.98%	2	2	93	93	1.1239323973559722E-6	1	1	94	58	15	4	-GC
D4_BC40_consensus_vsearch	3977	C	*/+G	157	8	4.82%	2	1	93	93	0.0035813812319797343	1	1	96	61	8	0	+G
D4_BC40_consensus_vsearch	3978	C	*/-T	156	7	4.07%	2	1	93	93	0.007315482324450346	1	1	108	48	0	7	-T
D4_BC40_consensus_vsearch	3980	T	*/-C	158	8	4.6%	2	2	93	93	0.0035832986795768713	1	1	103	55	4	4	-C
D4_BC40_consensus_vsearch	3981	C	*/+G	154	7	4.27%	2	1	93	93	0.007309387540537701	1	1	97	57	7	0	+G
D4_BC40_consensus_vsearch	3982	C	*/-T	156	10	5.78%	2	2	93	93	8.493608057720887E-4	1	1	103	53	2	8	-T
D4_BC40_consensus_vsearch	3990	T	*/-A	143	20	11.56%	2	1	93	93	5.12860133278581E-7	1	1	83	60	20	0	-A
D4_BC40_consensus_vsearch	3993	G	*/-A	160	12	6.94%	2	1	93	93	2.0017842257399077E-4	1	1	98	62	12	0	-A
D4_BC40_consensus_vsearch	3999	T	*/-GT	164	7	4.02%	2	2	93	93	0.007338453432453804	1	1	110	54	2	5	-GT
D4_BC40_consensus_vsearch	4010	C	*/-T	146	27	15.52%	2	1	93	93	2.4804512249770917E-9	1	1	110	36	0	27	-T
D4_BC40_consensus_vsearch	4015	T	*/-C	155	17	9.77%	2	1	93	93	5.0357707197392975E-6	1	1	93	62	17	0	-C
D4_BC40_consensus_vsearch	4017	C	*/-G	148	23	13.14%	2	1	93	93	5.3966573948801556E-8	1	1	110	38	0	23	-G
D4_BC40_consensus_vsearch	4030	T	*/-A	159	9	5.29%	2	2	93	93	0.0017497885367513443	1	1	109	50	2	7	-A
D4_BC40_consensus_vsearch	4034	T	*/-C	133	32	18.5%	2	2	93	93	4.406110643028047E-11	1	1	92	41	16	16	-C
D4_BC40_consensus_vsearch	4041	T	*/-A	163	10	5.71%	2	2	93	93	8.543079772296276E-4	1	1	103	60	9	1	-A
D4_BC40_consensus_vsearch	4042	A	*/-C	137	15	9.15%	2	1	93	93	2.123090742148228E-5	1	1	78	59	15	0	-C
D4_BC40_consensus_vsearch	4062	T	*/-C	132	42	24.14%	2	1	93	93	1.3583032376280531E-14	1	1	69	63	42	0	-C
D4_BC40_consensus_vsearch	4064	C	*/-A	162	11	6.29%	2	1	93	93	4.144410722870704E-4	1	1	100	62	11	0	-A
D4_BC40_consensus_vsearch	4087	A	*/-G	158	8	4.6%	2	1	93	93	0.0035832986795768713	1	1	104	54	0	8	-G
D4_BC40_consensus_vsearch	4097	C	*/-T	163	9	5.17%	2	2	93	93	0.0017543824532390317	1	1	106	57	5	4	-T
D4_BC40_consensus_vsearch	4100	G	*/-A	164	7	4.02%	2	2	93	93	0.007338453432453804	1	1	106	58	4	3	-A
D4_BC40_consensus_vsearch	4103	T	*/+G	152	14	8.14%	2	2	93	93	4.586264512871195E-5	1	1	108	44	1	13	+G
D4_BC40_consensus_vsearch	4104	G	*/-A	152	14	8.09%	2	2	93	93	4.586264512871195E-5	1	1	100	52	10	4	-A
D4_BC40_consensus_vsearch	4119	T	*/+A	133	15	8.93%	2	1	93	93	2.1012916709081618E-5	1	1	74	59	15	0	+A
D4_BC40_consensus_vsearch	4120	G	*/+A	46	102	60%	1	2	93	93	1.601739081170879E-43	1	1	46	0	42	60	+A
D4_BC40_consensus_vsearch	4120	G	*/-A	46	16	9.41%	1	1	93	93	5.029899388211865E-6	1	1	46	0	16	0	+A
D4_BC40_consensus_vsearch	4122	G	*/+C	146	13	7.56%	2	2	93	93	9.455744868508154E-5	1	1	86	60	12	1	+C
D4_BC40_consensus_vsearch	4126	G	*/-A	165	7	4%	2	1	93	93	0.007341176420737498	1	1	103	62	7	0	-A
D4_BC40_consensus_vsearch	4132	T	*/-C	135	37	21.26%	2	2	93	93	8.299529342838011E-13	1	1	73	62	36	1	-C
D4_BC40_consensus_vsearch	4174	A	*/-G	152	15	8.82%	2	2	93	93	2.1967242937045292E-5	1	1	90	62	14	1	-G
D4_BC40_consensus_vsearch	4179	T	*/-G	161	13	7.43%	2	1	93	93	9.67427286895422E-5	1	1	111	50	0	13	-G
D4_BC40_consensus_vsearch	4192	C	*/-AC	157	12	6.94%	2	1	93	93	1.9944912213477976E-4	1	1	97	60	12	0	-AC
D4_BC40_consensus_vsearch	4196	T	*/-C	162	12	6.9%	2	1	93	93	2.00651585430069E-4	1	1	100	62	12	0	-C
D4_BC40_consensus_vsearch	4201	T	*/-CT	164	7	4%	2	2	93	93	0.007338453432453804	1	1	109	55	2	5	-CT
D4_BC40_consensus_vsearch	4202	C	*/-T	150	13	7.83%	2	2	93	93	9.517603296286453E-5	1	1	109	41	1	12	-T
D4_BC40_consensus_vsearch	4233	T	*/+C	150	7	4.07%	2	2	93	93	0.007296738417420601	1	1	95	55	1	6	+C
D4_BC40_consensus_vsearch	4233	T	*/-C	150	14	8.14%	2	1	93	93	4.569613815038095E-5	1	1	95	55	14	0	-C
D4_BC40_consensus_vsearch	4247	C	*/-G	154	8	4.79%	2	2	93	93	0.0035754898805095913	1	1	98	56	7	1	-G
D4_BC40_consensus_vsearch	4261	C	*/+A	142	10	5.71%	2	2	93	93	8.381619982359077E-4	1	1	84	58	6	4	+A
D4_BC40_consensus_vsearch	4261	C	*/-A	142	20	11.43%	2	2	93	93	5.107719853020955E-7	1	1	84	58	19	1	-A
D4_BC40_consensus_vsearch	4267	T	*/-C	163	10	5.71%	2	1	93	93	8.543079772296276E-4	1	1	110	53	0	10	-C
D4_BC40_consensus_vsearch	4338	T	*/-C	159	7	4.05%	2	1	93	93	0.007324352646937745	1	1	108	51	0	7	-C
D4_BC40_consensus_vsearch	4339	C	*/-TC	121	43	25.6%	2	2	93	93	4.753118138362348E-15	1	1	107	14	5	38	-TC
D4_BC40_consensus_vsearch	4357	T	*/-C	163	10	5.75%	2	1	93	93	8.543079772296276E-4	1	1	100	63	10	0	-C
