Chrom	Position	Ref	Cons	Reads1	Reads2	VarFreq	Strands1	Strands2	Qual1	Qual2	Pvalue	MapQual1	MapQual2	Reads1Plus	Reads1Minus	Reads2Plus	Reads2Minus	VarAllele
D4_BC40_consensus_vsearch	20	A	R	148	18	10.47%	2	2	93	93	2.3446236596762863E-6	1	1	98	50	11	7	G
D4_BC40_consensus_vsearch	91	C	Y	145	15	8.67%	2	1	93	93	2.1638538413821575E-5	1	1	105	40	0	15	T
D4_BC40_consensus_vsearch	112	A	R	161	9	5.2%	2	1	93	93	0.0017521117144003763	1	1	98	63	9	0	G
D4_BC40_consensus_vsearch	114	G	R	151	17	10%	2	1	93	93	4.983613323029366E-6	1	1	91	60	17	0	A
D4_BC40_consensus_vsearch	138	C	Y	158	10	5.75%	2	2	93	93	8.508146096123988E-4	1	1	108	50	1	9	T
D4_BC40_consensus_vsearch	139	C	Y	156	10	5.71%	2	2	93	93	8.493608057720887E-4	1	1	103	53	6	4	T
D4_BC40_consensus_vsearch	144	G	R	164	9	5.2%	2	1	93	93	0.0017554987093074167	1	1	103	61	9	0	A
D4_BC40_consensus_vsearch	147	A	R	153	17	9.83%	2	2	93	93	5.009947026123489E-6	1	1	93	60	15	2	G
D4_BC40_consensus_vsearch	185	A	R	161	7	4%	2	2	93	93	0.007330092413737525	1	1	102	59	5	2	G
D4_BC40_consensus_vsearch	202	A	R	166	7	4.02%	2	1	93	93	0.007343868313612718	1	1	103	63	7	0	G
D4_BC40_consensus_vsearch	209	T	Y	148	7	4.32%	2	2	93	93	0.00729017238491925	1	1	100	48	3	4	C
D4_BC40_consensus_vsearch	247	T	Y	161	7	4.05%	2	1	93	93	0.007330092413737525	1	1	106	55	0	7	C
D4_BC40_consensus_vsearch	295	T	K	159	7	4.14%	2	1	93	93	0.007324352646937745	1	1	102	57	7	0	G
D4_BC40_consensus_vsearch	298	T	Y	153	7	4.14%	2	2	93	93	0.007306283766632104	1	1	101	52	5	2	C
D4_BC40_consensus_vsearch	305	C	Y	162	7	4%	2	2	93	93	0.007332911989892741	1	1	105	57	2	5	T
D4_BC40_consensus_vsearch	407	T	K	164	7	4.05%	2	1	93	93	0.007338453432453804	1	1	103	61	7	0	G
D4_BC40_consensus_vsearch	454	G	R	160	7	4.17%	2	1	93	93	0.007327239497639241	1	1	104	56	7	0	A
D4_BC40_consensus_vsearch	471	C	Y	164	9	5.14%	2	2	93	93	0.0017554987093074167	1	1	110	54	1	8	T
D4_BC40_consensus_vsearch	494	T	Y	157	8	4.62%	2	2	93	93	0.0035813812319797343	1	1	106	51	2	6	C
D4_BC40_consensus_vsearch	506	A	R	157	12	7.06%	2	2	93	93	1.9944912213477976E-4	1	1	98	59	10	2	G
D4_BC40_consensus_vsearch	517	C	Y	150	8	4.62%	2	1	93	93	0.0035672943374071937	1	1	106	44	0	8	T
D4_BC40_consensus_vsearch	523	G	R	165	7	4%	2	1	93	93	0.007341176420737498	1	1	102	63	7	0	A
D4_BC40_consensus_vsearch	525	G	R	151	17	10%	2	1	93	93	4.983613323029366E-6	1	1	91	60	17	0	A
D4_BC40_consensus_vsearch	526	G	R	155	14	8.05%	2	1	93	93	4.610578479777925E-5	1	1	94	61	14	0	A
D4_BC40_consensus_vsearch	574	T	W	152	11	6.75%	2	1	93	93	4.101542968089175E-4	1	1	92	60	11	0	A
D4_BC40_consensus_vsearch	608	G	R	158	8	4.65%	2	1	93	93	0.0035832986795768713	1	1	96	62	8	0	A
D4_BC40_consensus_vsearch	638	C	Y	163	9	5.14%	2	1	93	93	0.0017543824532390317	1	1	110	53	0	9	T
D4_BC40_consensus_vsearch	646	A	W	161	10	5.81%	2	1	93	93	8.529341483590452E-4	1	1	98	63	10	0	T
D4_BC40_consensus_vsearch	647	C	Y	155	12	7.02%	2	2	93	93	1.989493779285625E-4	1	1	94	61	10	2	T
D4_BC40_consensus_vsearch	663	T	Y	151	18	10.53%	2	1	93	93	2.3661072156808664E-6	1	1	106	45	0	18	C
D4_BC40_consensus_vsearch	681	T	Y	145	16	9.2%	2	1	93	93	1.0313695879487064E-5	1	1	104	41	0	16	C
D4_BC40_consensus_vsearch	713	G	R	154	18	10.29%	2	1	93	93	2.3869861209766966E-6	1	1	91	63	18	0	A
D4_BC40_consensus_vsearch	722	G	R	163	11	6.29%	2	2	93	93	4.148440753983004E-4	1	1	101	62	10	1	A
D4_BC40_consensus_vsearch	761	G	R	155	9	5.2%	2	1	93	93	0.0017449774351898418	1	1	93	62	9	0	A
D4_BC40_consensus_vsearch	788	A	R	153	11	6.4%	2	1	93	93	4.106051869833816E-4	1	1	93	60	11	0	G
D4_BC40_consensus_vsearch	811	A	R	156	7	4.07%	2	1	93	93	0.007315482324450346	1	1	100	56	7	0	G
D4_BC40_consensus_vsearch	829	A	R	155	13	7.6%	2	1	93	93	9.591141652373468E-5	1	1	97	58	13	0	G
D4_BC40_consensus_vsearch	845	T	Y	154	12	7.19%	2	1	93	93	1.9869530662687383E-4	1	1	110	44	0	12	C
D4_BC40_consensus_vsearch	850	A	R	160	9	5.29%	2	1	93	93	0.001750956793192828	1	1	99	61	9	0	G
D4_BC40_consensus_vsearch	869	G	R	157	11	6.47%	2	2	93	93	4.1235800097779135E-4	1	1	95	62	10	1	A
D4_BC40_consensus_vsearch	892	C	Y	166	9	5.14%	2	1	93	93	0.0017576940544006955	1	1	112	54	0	9	T
D4_BC40_consensus_vsearch	958	C	Y	148	19	10.86%	2	2	93	93	1.1089436228201743E-6	1	1	106	42	1	18	T
D4_BC40_consensus_vsearch	959	G	R	161	8	4.65%	2	1	93	93	0.0035889176506417294	1	1	99	62	8	0	A
D4_BC40_consensus_vsearch	978	C	S	143	16	9.94%	2	1	93	93	1.0260370524245005E-5	1	1	82	61	16	0	G
D4_BC40_consensus_vsearch	996	C	Y	163	11	6.32%	2	1	93	93	4.148440753983004E-4	1	1	112	51	0	11	T
D4_BC40_consensus_vsearch	1029	A	R	164	7	4.05%	2	2	93	93	0.007338453432453804	1	1	106	58	4	3	G
D4_BC40_consensus_vsearch	1046	G	R	158	15	8.67%	2	1	93	93	2.2230395801834493E-5	1	1	95	63	15	0	A
D4_BC40_consensus_vsearch	1050	T	Y	164	10	5.75%	2	2	93	93	8.549835212479261E-4	1	1	111	53	1	9	C
D4_BC40_consensus_vsearch	1053	G	R	150	8	5%	2	1	93	93	0.0035672943374071937	1	1	103	47	8	0	A
D4_BC40_consensus_vsearch	1072	A	R	160	7	4.09%	2	1	93	93	0.007327239497639241	1	1	100	60	7	0	G
D4_BC40_consensus_vsearch	1078	T	Y	164	7	4.09%	2	2	93	93	0.007338453432453804	1	1	109	55	2	5	C
D4_BC40_consensus_vsearch	1087	C	Y	148	10	5.71%	2	1	93	93	8.43193752284248E-4	1	1	110	38	0	10	T
D4_BC40_consensus_vsearch	1112	C	Y	161	8	4.57%	2	2	93	93	0.0035889176506417294	1	1	105	56	1	7	T
D4_BC40_consensus_vsearch	1121	A	R	158	9	5.17%	2	1	93	93	0.0017486067130074762	1	1	98	60	9	0	G
D4_BC40_consensus_vsearch	1133	T	Y	162	8	4.65%	2	2	93	93	0.0035907474640792065	1	1	103	59	4	4	C
D4_BC40_consensus_vsearch	1140	G	S	158	9	5.26%	2	1	93	93	0.0017486067130074762	1	1	96	62	9	0	C
D4_BC40_consensus_vsearch	1155	A	R	150	7	4.46%	2	2	93	93	0.007296738417420601	1	1	94	56	2	5	G
D4_BC40_consensus_vsearch	1240	A	R	168	7	4%	2	1	93	93	0.007349160919077469	1	1	105	63	7	0	G
D4_BC40_consensus_vsearch	1246	A	R	158	7	4.17%	2	2	93	93	0.007321431252717009	1	1	103	55	5	2	G
D4_BC40_consensus_vsearch	1286	G	R	159	14	8.09%	2	1	93	93	4.6418184944691E-5	1	1	98	61	14	0	A
D4_BC40_consensus_vsearch	1307	G	R	157	12	7.02%	2	1	93	93	1.9944912213477976E-4	1	1	99	58	12	0	A
D4_BC40_consensus_vsearch	1362	A	R	160	8	4.62%	2	2	93	93	0.003587066500341587	1	1	103	57	7	1	G
D4_BC40_consensus_vsearch	1397	A	R	141	26	15.2%	2	1	93	93	5.190109900966328E-9	1	1	79	62	26	0	G
D4_BC40_consensus_vsearch	1406	T	Y	153	9	5.56%	2	1	93	93	0.001742485574678114	1	1	112	41	0	9	C
D4_BC40_consensus_vsearch	1407	T	Y	60	12	7.23%	2	1	93	93	1.4826663775036595E-4	1	1	32	28	0	12	+C
D4_BC40_consensus_vsearch	1466	G	R	162	9	5.2%	2	1	93	93	0.001753253527181243	1	1	99	63	9	0	A
D4_BC40_consensus_vsearch	1471	C	Y	155	14	8.09%	2	1	93	93	4.610578479777925E-5	1	1	94	61	14	0	T
D4_BC40_consensus_vsearch	1478	C	Y	146	21	12%	2	1	93	93	2.4392050811940816E-7	1	1	108	38	0	21	T
D4_BC40_consensus_vsearch	1510	A	R	165	9	5.14%	2	1	93	93	0.0017566025072910298	1	1	102	63	9	0	G
D4_BC40_consensus_vsearch	1515	A	R	155	8	4.57%	2	2	93	93	0.0035774772495738992	1	1	99	56	5	3	G
D4_BC40_consensus_vsearch	1518	C	Y	155	7	4.09%	2	1	93	93	0.00731245349755727	1	1	103	52	0	7	T
D4_BC40_consensus_vsearch	1520	A	R	148	14	8.28%	2	2	93	93	4.5525965244911325E-5	1	1	104	44	5	9	G
D4_BC40_consensus_vsearch	1523	A	R	148	13	7.56%	2	1	93	93	9.487023725229156E-5	1	1	94	54	13	0	G
D4_BC40_consensus_vsearch	1524	C	Y	164	8	4.57%	2	2	93	93	0.0035943445383436455	1	1	105	59	5	3	T
D4_BC40_consensus_vsearch	1552	G	R	161	9	5.29%	2	1	93	93	0.0017521117144003763	1	1	99	62	9	0	A
D4_BC40_consensus_vsearch	1576	A	R	151	9	5.14%	2	1	93	93	0.0017399333914630318	1	1	89	62	9	0	-C
D4_BC40_consensus_vsearch	1588	C	Y	162	12	6.86%	2	1	93	93	2.00651585430069E-4	1	1	112	50	0	12	T
D4_BC40_consensus_vsearch	1634	C	Y	161	10	5.75%	2	2	93	93	8.529341483590452E-4	1	1	103	58	5	5	T
D4_BC40_consensus_vsearch	1638	A	R	161	8	4.65%	2	1	93	93	0.0035889176506417294	1	1	99	62	8	0	G
D4_BC40_consensus_vsearch	1674	A	R	159	8	4.6%	2	2	93	93	0.0035851936379921044	1	1	100	59	7	1	G
D4_BC40_consensus_vsearch	1816	T	K	163	10	5.78%	2	1	93	93	8.543079772296276E-4	1	1	101	62	10	0	G
D4_BC40_consensus_vsearch	1818	G	R	161	11	6.4%	2	1	93	93	4.1403363178339287E-4	1	1	99	62	11	0	A
D4_BC40_consensus_vsearch	1829	A	R	157	12	7.02%	2	1	93	93	1.9944912213477976E-4	1	1	97	60	12	0	G
D4_BC40_consensus_vsearch	1833	A	R	152	13	7.83%	2	1	93	93	9.547506627427142E-5	1	1	94	58	13	0	G
D4_BC40_consensus_vsearch	1848	G	S	162	9	5.14%	2	1	93	93	0.001753253527181243	1	1	110	52	0	9	C
D4_BC40_consensus_vsearch	1849	T	W	160	10	5.75%	2	2	93	93	8.522356073059357E-4	1	1	110	50	1	9	A
D4_BC40_consensus_vsearch	1874	A	R	161	11	6.29%	2	1	93	93	4.1403363178339287E-4	1	1	98	63	11	0	G
D4_BC40_consensus_vsearch	1917	G	K	156	11	6.36%	2	1	93	93	4.119272376341463E-4	1	1	93	63	11	0	T
D4_BC40_consensus_vsearch	1932	A	R	165	7	4.02%	2	1	93	93	0.007341176420737498	1	1	102	63	7	0	G
D4_BC40_consensus_vsearch	1934	G	R	163	9	5.17%	2	2	93	93	0.0017543824532390317	1	1	103	60	8	1	A
D4_BC40_consensus_vsearch	1943	C	Y	159	7	4.07%	2	2	93	93	0.007324352646937745	1	1	103	56	3	4	T
D4_BC40_consensus_vsearch	1944	C	Y	133	22	12.79%	2	2	93	93	1.0697494575996356E-7	1	1	96	37	5	17	T
D4_BC40_consensus_vsearch	1946	A	W	163	7	4%	2	1	93	93	0.007335698806984051	1	1	109	54	0	7	T
D4_BC40_consensus_vsearch	2006	A	R	163	9	5.14%	2	2	93	93	0.0017543824532390317	1	1	103	60	7	2	G
D4_BC40_consensus_vsearch	2021	G	R	161	9	5.17%	2	2	93	93	0.0017521117144003763	1	1	103	58	6	3	A
D4_BC40_consensus_vsearch	2043	A	R	153	19	10.92%	2	1	93	93	1.1275946706452402E-6	1	1	91	62	19	0	G
D4_BC40_consensus_vsearch	2046	G	R	162	8	4.68%	2	2	93	93	0.0035907474640792065	1	1	103	59	7	1	A
D4_BC40_consensus_vsearch	2060	C	Y	159	12	6.9%	2	2	93	93	1.9993797238853733E-4	1	1	100	59	11	1	T
D4_BC40_consensus_vsearch	2086	T	Y	101	72	41.14%	2	2	93	93	1.7175882961121607E-26	1	1	63	38	47	25	C
D4_BC40_consensus_vsearch	2108	G	R	150	8	4.94%	2	1	93	93	0.0035672943374071937	1	1	95	55	8	0	A
D4_BC40_consensus_vsearch	2110	T	Y	161	7	4.02%	2	1	93	93	0.007330092413737525	1	1	105	56	0	7	C
D4_BC40_consensus_vsearch	2125	G	R	165	9	5.17%	2	1	93	93	0.0017566025072910298	1	1	103	62	9	0	A
D4_BC40_consensus_vsearch	2129	G	R	142	30	17.44%	2	1	93	93	2.3309044352096827E-10	1	1	80	62	30	0	A
D4_BC40_consensus_vsearch	2145	A	R	165	8	4.57%	2	1	93	93	0.0035961125075510735	1	1	104	61	8	0	G
D4_BC40_consensus_vsearch	2196	C	Y	102	71	40.57%	2	2	93	93	4.6307527591274935E-26	1	1	63	39	48	23	T
D4_BC40_consensus_vsearch	2235	C	Y	153	15	8.62%	2	1	93	93	2.2012244605339464E-5	1	1	112	41	0	15	T
D4_BC40_consensus_vsearch	2238	C	Y	150	7	4.02%	2	2	93	93	0.007296738417420601	1	1	102	48	1	6	+G
D4_BC40_consensus_vsearch	2245	G	R	154	17	9.88%	2	1	93	93	5.022921714695264E-6	1	1	94	60	17	0	A
D4_BC40_consensus_vsearch	2254	G	R	130	12	6.9%	2	1	93	93	1.9161182196315548E-4	1	1	68	62	12	0	-C
D4_BC40_consensus_vsearch	2266	C	Y	161	7	4.02%	2	1	93	93	0.007330092413737525	1	1	110	51	0	7	T
D4_BC40_consensus_vsearch	2288	A	R	47	43	24.57%	2	2	93	93	1.433457696705681E-16	1	1	37	10	36	7	G
D4_BC40_consensus_vsearch	2295	A	R	165	7	4.02%	2	2	93	93	0.007341176420737498	1	1	104	61	6	1	G
D4_BC40_consensus_vsearch	2395	A	R	166	8	4.57%	2	1	93	93	0.0035978605571022945	1	1	103	63	8	0	G
D4_BC40_consensus_vsearch	2397	G	R	150	24	13.79%	2	1	93	93	2.54432777252451E-8	1	1	88	62	24	0	A
D4_BC40_consensus_vsearch	2419	A	R	155	10	6.06%	2	1	93	93	8.486212450770172E-4	1	1	94	61	10	0	G
D4_BC40_consensus_vsearch	2429	G	R	163	12	6.86%	2	1	93	93	2.0088438035060612E-4	1	1	100	63	12	0	A
D4_BC40_consensus_vsearch	2448	T	Y	161	9	5.26%	2	1	93	93	0.0017521117144003763	1	1	110	51	0	9	C
D4_BC40_consensus_vsearch	2513	A	R	159	11	6.43%	2	2	93	93	4.132051429361587E-4	1	1	99	60	10	1	G
D4_BC40_consensus_vsearch	2520	G	R	165	7	4.07%	2	1	93	93	0.007341176420737498	1	1	102	63	7	0	A
D4_BC40_consensus_vsearch	2540	T	Y	159	12	6.9%	2	1	93	93	1.9993797238853733E-4	1	1	112	47	0	12	C
D4_BC40_consensus_vsearch	2642	G	K	157	10	5.78%	2	1	93	93	8.500918789390323E-4	1	1	95	62	10	0	T
D4_BC40_consensus_vsearch	2690	T	Y	158	7	4.05%	2	2	93	93	0.007321431252717009	1	1	111	47	1	6	C
D4_BC40_consensus_vsearch	2708	G	R	162	12	6.86%	2	1	93	93	2.00651585430069E-4	1	1	99	63	12	0	A
D4_BC40_consensus_vsearch	2769	G	R	157	13	7.56%	2	1	93	93	9.619448810924289E-5	1	1	97	60	13	0	A
D4_BC40_consensus_vsearch	2790	C	Y	162	10	5.75%	2	1	93	93	8.536248951582895E-4	1	1	111	51	0	10	T
D4_BC40_consensus_vsearch	2840	C	Y	163	7	4.05%	2	1	93	93	0.007335698806984051	1	1	101	62	7	0	T
D4_BC40_consensus_vsearch	2865	C	Y	160	11	6.29%	2	1	93	93	4.136216803787874E-4	1	1	108	52	0	11	T
D4_BC40_consensus_vsearch	2868	G	R	147	25	14.53%	2	2	93	93	1.1642934321322788E-8	1	1	86	61	24	1	A
D4_BC40_consensus_vsearch	2885	A	R	155	14	8.14%	2	2	93	93	4.610578479777925E-5	1	1	95	60	13	1	G
D4_BC40_consensus_vsearch	2937	T	Y	154	7	4.07%	2	1	93	93	0.007309387540537701	1	1	104	50	0	7	C
D4_BC40_consensus_vsearch	2940	C	S	2	7	5.83%	1	2	93	93	0.0011312217194570148	1	1	2	0	4	3	+G
D4_BC40_consensus_vsearch	2948	G	R	155	14	8.19%	2	1	93	93	4.610578479777925E-5	1	1	96	59	14	0	A
D4_BC40_consensus_vsearch	2983	T	K	147	13	7.98%	2	1	93	93	9.47147318829823E-5	1	1	92	55	13	0	G
D4_BC40_consensus_vsearch	2987	C	Y	152	10	5.75%	2	2	93	93	8.463501362726399E-4	1	1	106	46	2	8	T
D4_BC40_consensus_vsearch	2988	A	W	153	9	5.45%	2	2	93	93	0.001742485574678114	1	1	108	45	1	8	T
D4_BC40_consensus_vsearch	3016	C	Y	166	7	4%	2	1	93	93	0.007343868313612718	1	1	111	55	0	7	T
D4_BC40_consensus_vsearch	3023	C	Y	126	34	19.43%	2	2	93	93	8.177792891579132E-12	1	1	73	53	27	7	T
D4_BC40_consensus_vsearch	3052	G	R	139	15	8.72%	2	1	93	93	2.13362416992478E-5	1	1	77	62	15	0	A
D4_BC40_consensus_vsearch	3074	C	Y	160	8	4.62%	2	2	93	93	0.003587066500341587	1	1	105	55	4	4	T
D4_BC40_consensus_vsearch	3075	G	R	158	11	6.47%	2	1	93	93	4.127839426459288E-4	1	1	98	60	11	0	A
D4_BC40_consensus_vsearch	3080	C	Y	156	11	6.29%	2	2	93	93	4.119272376341463E-4	1	1	100	56	5	6	T
D4_BC40_consensus_vsearch	3082	A	R	153	7	4%	2	1	93	93	0.007306283766632104	1	1	91	62	7	0	-C
D4_BC40_consensus_vsearch	3087	G	R	150	20	11.7%	2	1	93	93	5.269648813688163E-7	1	1	90	60	20	0	A
D4_BC40_consensus_vsearch	3117	A	R	163	9	5.17%	2	1	93	93	0.0017543824532390317	1	1	101	62	9	0	G
D4_BC40_consensus_vsearch	3135	C	Y	158	7	4.07%	2	2	93	93	0.007321431252717009	1	1	96	62	6	1	T
D4_BC40_consensus_vsearch	3140	T	Y	155	12	6.9%	2	2	93	93	1.989493779285625E-4	1	1	104	51	1	11	C
D4_BC40_consensus_vsearch	3150	C	Y	161	13	7.43%	2	2	93	93	9.67427286895422E-5	1	1	108	53	3	10	T
D4_BC40_consensus_vsearch	3212	T	Y	161	10	5.81%	2	1	93	93	8.529341483590452E-4	1	1	109	52	0	10	C
D4_BC40_consensus_vsearch	3244	T	Y	166	7	4.02%	2	1	93	93	0.007343868313612718	1	1	111	55	0	7	C
D4_BC40_consensus_vsearch	3248	G	R	157	7	4.09%	2	1	93	93	0.007318474691436204	1	1	96	61	7	0	A
D4_BC40_consensus_vsearch	3250	C	Y	153	9	5.14%	2	2	93	93	0.001742485574678114	1	1	98	55	2	7	T
D4_BC40_consensus_vsearch	3266	G	R	151	21	12.14%	2	1	93	93	2.490345836708065E-7	1	1	90	61	21	0	A
D4_BC40_consensus_vsearch	3270	G	K	149	19	10.86%	2	1	93	93	1.112742668388026E-6	1	1	89	60	19	0	T
D4_BC40_consensus_vsearch	3339	T	Y	159	7	4.19%	2	1	93	93	0.007324352646937745	1	1	111	48	0	7	C
D4_BC40_consensus_vsearch	3365	A	R	160	10	5.75%	2	1	93	93	8.522356073059357E-4	1	1	97	63	10	0	G
D4_BC40_consensus_vsearch	3369	A	W	153	12	7.02%	2	1	93	93	1.984383730406842E-4	1	1	90	63	12	0	T
D4_BC40_consensus_vsearch	3413	A	R	152	19	10.86%	2	2	93	93	1.1239323973559722E-6	1	1	90	62	18	1	G
D4_BC40_consensus_vsearch	3415	G	R	157	15	8.72%	2	1	93	93	2.21876567821685E-5	1	1	94	63	15	0	A
D4_BC40_consensus_vsearch	3432	G	R	145	22	13.02%	2	1	93	93	1.1377761720577153E-7	1	1	82	63	22	0	A
D4_BC40_consensus_vsearch	3463	G	K	162	9	5.2%	2	1	93	93	0.001753253527181243	1	1	99	63	9	0	T
D4_BC40_consensus_vsearch	3473	C	Y	165	7	4%	2	2	93	93	0.007341176420737498	1	1	105	60	4	3	T
D4_BC40_consensus_vsearch	3489	A	R	161	7	4%	2	1	93	93	0.007330092413737525	1	1	103	58	7	0	G
D4_BC40_consensus_vsearch	3509	C	Y	148	9	5.42%	2	1	93	93	0.001735987137056536	1	1	87	61	9	0	T
D4_BC40_consensus_vsearch	3510	A	R	143	16	9.64%	2	2	93	93	1.0260370524245005E-5	1	1	83	60	15	1	G
D4_BC40_consensus_vsearch	3543	C	Y	160	9	5.23%	2	1	93	93	0.001750956793192828	1	1	100	60	9	0	T
D4_BC40_consensus_vsearch	3544	C	Y	153	9	5.2%	2	1	93	93	0.001742485574678114	1	1	100	53	9	0	+T
D4_BC40_consensus_vsearch	3545	C	S	52	17	9.83%	2	2	93	93	2.4823937448097253E-6	1	1	51	1	5	12	+G
D4_BC40_consensus_vsearch	3606	G	R	164	10	5.71%	2	1	93	93	8.549835212479261E-4	1	1	101	63	10	0	A
D4_BC40_consensus_vsearch	3648	T	Y	160	8	4.71%	2	1	93	93	0.003587066500341587	1	1	108	52	0	8	C
D4_BC40_consensus_vsearch	3700	C	Y	164	7	4.07%	2	1	93	93	0.007338453432453804	1	1	110	54	0	7	T
D4_BC40_consensus_vsearch	3701	C	Y	149	7	4.02%	2	1	93	93	0.007293476159710952	1	1	96	53	0	7	+G
D4_BC40_consensus_vsearch	3703	T	K	152	9	5.52%	2	1	93	93	0.0017412171593368057	1	1	95	57	9	0	G
D4_BC40_consensus_vsearch	3705	A	R	114	17	10.06%	2	1	93	93	4.382511131739252E-6	1	1	89	25	17	0	-G
D4_BC40_consensus_vsearch	3729	C	Y	153	13	7.43%	2	2	93	93	9.56221163141673E-5	1	1	104	49	3	10	T
D4_BC40_consensus_vsearch	3767	A	R	157	17	9.71%	2	2	93	93	5.061098756034954E-6	1	1	96	61	16	1	G
D4_BC40_consensus_vsearch	3788	A	R	164	9	5.14%	2	1	93	93	0.0017554987093074167	1	1	101	63	9	0	G
D4_BC40_consensus_vsearch	3789	C	Y	160	9	5.14%	2	2	93	93	0.001750956793192828	1	1	108	52	1	8	T
D4_BC40_consensus_vsearch	3837	C	S	151	19	10.98%	2	1	93	93	1.120236602114709E-6	1	1	88	63	19	0	G
D4_BC40_consensus_vsearch	3842	C	Y	163	7	4%	2	2	93	93	0.007335698806984051	1	1	109	54	2	5	T
D4_BC40_consensus_vsearch	3847	C	Y	162	8	4.57%	2	2	93	93	0.0035907474640792065	1	1	109	53	2	6	T
D4_BC40_consensus_vsearch	3892	T	Y	153	18	10.53%	2	2	93	93	2.380092135578291E-6	1	1	107	46	2	16	C
D4_BC40_consensus_vsearch	3908	G	K	163	7	4.02%	2	1	93	93	0.007335698806984051	1	1	102	61	7	0	T
D4_BC40_consensus_vsearch	3935	T	Y	164	7	4.02%	2	2	93	93	0.007338453432453804	1	1	108	56	1	6	C
D4_BC40_consensus_vsearch	3974	C	Y	162	7	4.02%	2	1	93	93	0.007332911989892741	1	1	106	56	0	7	T
D4_BC40_consensus_vsearch	4005	A	R	163	7	4.09%	2	2	93	93	0.007335698806984051	1	1	105	58	5	2	G
D4_BC40_consensus_vsearch	4033	T	Y	159	8	4.73%	2	1	93	93	0.0035851936379921044	1	1	111	48	0	8	C
D4_BC40_consensus_vsearch	4038	C	Y	158	12	6.86%	2	1	93	93	1.996948867077415E-4	1	1	111	47	0	12	T
D4_BC40_consensus_vsearch	4042	A	R	137	9	5.49%	2	2	93	93	0.001720178313593195	1	1	78	59	8	1	-C
D4_BC40_consensus_vsearch	4043	C	S	147	9	5.66%	2	2	93	93	0.0017346390883731628	1	1	89	58	8	1	G
D4_BC40_consensus_vsearch	4045	C	Y	139	34	19.54%	2	1	93	93	9.634670898568276E-12	1	1	111	28	0	34	T
D4_BC40_consensus_vsearch	4075	C	Y	160	12	6.86%	2	2	93	93	2.0017842257399077E-4	1	1	109	51	1	11	T
D4_BC40_consensus_vsearch	4087	A	R	158	7	4.02%	2	1	93	93	0.007321431252717009	1	1	104	54	7	0	-G
D4_BC40_consensus_vsearch	4125	T	Y	152	9	5.26%	2	2	93	93	0.0017412171593368057	1	1	101	51	2	7	C
D4_BC40_consensus_vsearch	4166	G	R	151	20	11.49%	2	1	93	93	5.28909363461876E-7	1	1	91	60	20	0	A
D4_BC40_consensus_vsearch	4168	A	R	144	23	13.37%	2	1	93	93	5.287741825268569E-8	1	1	88	56	23	0	G
D4_BC40_consensus_vsearch	4369	G	R	145	7	4.58%	2	1	93	93	0.0072800038812266725	1	1	94	51	7	0	A
