Chrom	Position	Ref	Cons	Reads1	Reads2	VarFreq	Strands1	Strands2	Qual1	Qual2	Pvalue	MapQual1	MapQual2	Reads1Plus	Reads1Minus	Reads2Plus	Reads2Minus	VarAllele
D6_BC42_consensus_vsearch	3	G	*/+T	219	13	4.56%	2	1	93	93	1.0270059462456098E-4	1	1	173	46	13	0	+T
D6_BC42_consensus_vsearch	3	G	*/-T	219	53	18.6%	2	1	93	93	6.690685487056286E-18	1	1	173	46	53	0	-T
D6_BC42_consensus_vsearch	11	T	*/+G	416	14	3.2%	2	1	93	93	5.4813912517372454E-5	1	1	227	189	14	0	+G
D6_BC42_consensus_vsearch	12	A	*/-G	416	13	2.98%	2	1	93	93	1.1131241336260559E-4	1	1	228	188	13	0	-G
D6_BC42_consensus_vsearch	24	T	*/-C	258	162	35.6%	2	2	93	93	6.385518431431283E-58	1	1	177	81	53	109	-C
D6_BC42_consensus_vsearch	24	T	*/-CC	258	25	5.49%	2	2	93	93	1.7122289259932318E-8	1	1	177	81	18	7	-C
D6_BC42_consensus_vsearch	28	C	*/-T	425	10	2.2%	2	2	93	93	9.268043937944601E-4	1	1	250	175	2	8	-T
D6_BC42_consensus_vsearch	32	T	*/-C	415	28	6.17%	2	1	93	93	2.398315875980072E-9	1	1	219	196	28	0	-C
D6_BC42_consensus_vsearch	44	C	*/+T	430	12	2.65%	2	1	93	93	2.263534081363424E-4	1	1	243	187	0	12	+T
D6_BC42_consensus_vsearch	45	T	*/-AA	429	7	1.56%	2	1	93	93	0.007625221451403564	1	1	244	185	0	7	-AA
D6_BC42_consensus_vsearch	50	T	*/-G	435	12	2.64%	2	1	93	93	2.2654752970435957E-4	1	1	250	185	0	12	-G
D6_BC42_consensus_vsearch	52	G	*/+T	436	9	1.98%	2	1	93	93	0.0018749660605302289	1	1	243	193	9	0	+T
D6_BC42_consensus_vsearch	57	T	*/-A	380	17	3.76%	2	2	93	93	6.404980089016243E-6	1	1	233	147	12	5	-A
D6_BC42_consensus_vsearch	57	T	*/-AA	380	36	7.96%	2	1	93	93	6.5962443431876824E-12	1	1	233	147	0	36	-AA
D6_BC42_consensus_vsearch	59	A	*/-G	385	11	2.63%	2	2	93	93	4.550976487942495E-4	1	1	246	139	1	10	-G
D6_BC42_consensus_vsearch	60	G	*/+C	414	9	2.03%	2	1	93	93	0.0018709472608215796	1	1	247	167	0	9	+C
D6_BC42_consensus_vsearch	61	C	*/+T	413	14	3.12%	2	1	93	93	5.4771858527024145E-5	1	1	247	166	0	14	+T
D6_BC42_consensus_vsearch	66	G	*/+C	407	26	5.83%	2	1	93	93	1.0121940172552273E-8	1	1	209	198	26	0	+C
D6_BC42_consensus_vsearch	68	C	*/-G	439	8	1.76%	2	1	93	93	0.003784798257927548	1	1	246	193	0	8	-G
D6_BC42_consensus_vsearch	72	C	*/-GC	435	12	2.65%	2	1	93	93	2.2654752970435957E-4	1	1	237	198	12	0	-GC
D6_BC42_consensus_vsearch	73	G	*/+C	400	7	1.59%	2	2	93	93	0.007611943705349879	1	1	203	197	6	1	+C
D6_BC42_consensus_vsearch	73	G	*/-C	400	9	2.05%	2	2	93	93	0.0018681674184966828	1	1	203	197	7	2	-C
D6_BC42_consensus_vsearch	73	G	*/-CC	400	18	4.09%	2	1	93	93	3.1642619555543713E-6	1	1	203	197	18	0	-CC
D6_BC42_consensus_vsearch	76	C	*/+G	390	19	4.21%	2	2	93	93	1.5400447228279E-6	1	1	221	169	1	18	+G
D6_BC42_consensus_vsearch	77	G	*/+A	387	29	6.55%	2	1	93	93	1.1236726421854917E-9	1	1	190	197	29	0	+A
D6_BC42_consensus_vsearch	77	G	*/-A	387	21	4.74%	2	2	93	93	3.661931863544429E-7	1	1	190	197	20	1	+A
D6_BC42_consensus_vsearch	78	A	*/+G	413	10	2.33%	2	1	93	93	9.254147741675464E-4	1	1	213	200	10	0	+G
D6_BC42_consensus_vsearch	79	A	*/-G	435	17	3.74%	2	2	93	93	6.545385382587091E-6	1	1	237	198	14	3	-G
D6_BC42_consensus_vsearch	82	C	*/-A	437	9	1.99%	2	2	93	93	0.0018751394156906677	1	1	241	196	8	1	-A
D6_BC42_consensus_vsearch	83	A	*/-G	424	7	1.58%	2	1	93	93	0.007623059056742502	1	1	230	194	7	0	-G
D6_BC42_consensus_vsearch	84	G	*/-C	404	19	4.28%	2	2	93	93	1.5512335795401686E-6	1	1	208	196	18	1	-C
D6_BC42_consensus_vsearch	86	C	*/-A	415	16	3.53%	2	2	93	93	1.3241920793983298E-5	1	1	222	193	14	2	-A
D6_BC42_consensus_vsearch	94	T	*/+C	434	11	2.42%	2	2	93	93	4.5868081601559884E-4	1	1	236	198	10	1	+C
D6_BC42_consensus_vsearch	101	A	*/-CA	369	70	15.7%	2	2	93	93	4.2565255576508725E-23	1	1	205	164	35	35	-CA
D6_BC42_consensus_vsearch	106	T	*/-C	353	98	21.63%	2	1	93	93	8.451309419749465E-33	1	1	152	201	98	0	-C
D6_BC42_consensus_vsearch	114	A	*/+G	433	9	1.98%	2	2	93	93	0.001874441340367089	1	1	244	189	1	8	+G
D6_BC42_consensus_vsearch	117	T	*/-C	440	7	1.54%	2	1	93	93	0.007629809215418646	1	1	241	199	7	0	-C
D6_BC42_consensus_vsearch	121	T	*/-C	356	98	21.44%	2	1	93	93	8.831981362853429E-33	1	1	152	204	98	0	-C
D6_BC42_consensus_vsearch	125	G	*/+A	438	10	2.21%	2	1	93	93	9.282270587880905E-4	1	1	238	200	10	0	+A
D6_BC42_consensus_vsearch	129	G	*/+C	401	18	3.98%	2	2	93	93	3.165704383176564E-6	1	1	214	187	10	8	+C
D6_BC42_consensus_vsearch	129	G	*/-C	401	21	4.65%	2	2	93	93	3.6949592163666294E-7	1	1	214	187	17	4	-C
D6_BC42_consensus_vsearch	133	C	*/-A	391	36	7.88%	2	2	93	93	6.738118823748891E-12	1	1	234	157	7	29	-A
D6_BC42_consensus_vsearch	140	T	*/-C	422	11	2.42%	2	2	93	93	4.57876773436784E-4	1	1	225	197	10	1	-C
D6_BC42_consensus_vsearch	140	T	*/-CC	422	12	2.64%	2	1	93	93	2.2603374744065776E-4	1	1	225	197	12	0	-CC
D6_BC42_consensus_vsearch	144	A	*/-G	448	7	1.53%	2	1	93	93	0.00763300706774014	1	1	244	204	7	0	-G
D6_BC42_consensus_vsearch	146	T	*/+C	404	7	1.53%	2	1	93	93	0.007613885964194907	1	1	203	201	7	0	+C
D6_BC42_consensus_vsearch	146	T	*/-C	404	43	9.41%	2	1	93	93	3.9351173799332776E-14	1	1	203	201	43	0	-C
D6_BC42_consensus_vsearch	148	C	*/-G	436	9	1.97%	2	1	93	93	0.0018749660605302289	1	1	250	186	0	9	-G
D6_BC42_consensus_vsearch	151	T	*/-C	405	44	9.65%	2	2	93	93	1.877905332220823E-14	1	1	203	202	42	2	-C
D6_BC42_consensus_vsearch	156	T	*/-G	439	9	1.98%	2	2	93	93	0.0018754838294876201	1	1	249	190	1	8	-G
D6_BC42_consensus_vsearch	161	T	*/-C	394	37	8.19%	2	2	93	93	3.2463423379691954E-12	1	1	201	193	34	3	-C
D6_BC42_consensus_vsearch	163	C	*/+A	418	7	1.54%	2	1	93	93	0.007620397344640596	1	1	222	196	0	7	+A
D6_BC42_consensus_vsearch	163	C	*/-A	418	26	5.71%	2	1	93	93	1.0222311992636743E-8	1	1	222	196	26	0	-A
D6_BC42_consensus_vsearch	167	C	*/-A	431	13	2.88%	2	2	93	93	1.1166488301300728E-4	1	1	232	199	10	3	-A
D6_BC42_consensus_vsearch	171	G	*/-C	435	20	4.37%	2	2	93	93	7.704247376877487E-7	1	1	231	204	19	1	-C
D6_BC42_consensus_vsearch	174	C	*/-G	436	7	1.53%	2	2	93	93	0.007628167177128368	1	1	242	194	5	2	-G
D6_BC42_consensus_vsearch	180	A	*/-C	411	12	2.63%	2	2	93	93	2.2557498827275595E-4	1	1	212	199	8	4	-C
D6_BC42_consensus_vsearch	181	C	*/+T	431	12	2.69%	2	1	93	93	2.2639257424578987E-4	1	1	243	188	0	12	+T
D6_BC42_consensus_vsearch	185	A	*/+C	400	14	3.06%	2	2	93	93	5.4582863522470956E-5	1	1	206	194	8	6	+C
D6_BC42_consensus_vsearch	185	A	*/-C	400	21	4.59%	2	2	93	93	3.692665248734166E-7	1	1	206	194	17	4	-C
D6_BC42_consensus_vsearch	188	C	*/-T	438	18	3.91%	2	2	93	93	3.214928701538414E-6	1	1	250	188	1	17	-T
D6_BC42_consensus_vsearch	190	T	*/+A	432	13	2.83%	2	1	93	93	1.1168756210732632E-4	1	1	233	199	13	0	+A
D6_BC42_consensus_vsearch	192	G	*/-A	444	8	1.75%	2	2	93	93	0.0037861319732248877	1	1	242	202	6	2	-A
D6_BC42_consensus_vsearch	198	A	*/-TC	425	21	4.57%	2	1	93	93	3.747237380449946E-7	1	1	252	173	0	21	-TC
D6_BC42_consensus_vsearch	199	T	*/+C	415	9	2.07%	2	2	93	93	0.0018711388771604682	1	1	243	172	7	2	+C
D6_BC42_consensus_vsearch	199	T	*/-C	415	7	1.61%	2	2	93	93	0.007619038242851565	1	1	243	172	2	5	+C
D6_BC42_consensus_vsearch	201	C	*/+T	404	12	2.61%	2	2	93	93	2.2527075525117761E-4	1	1	232	172	9	3	+T
D6_BC42_consensus_vsearch	201	C	*/-T	404	33	7.17%	2	2	93	93	6.21504063572073E-11	1	1	232	172	10	23	-T
D6_BC42_consensus_vsearch	205	T	*/+C	405	15	3.26%	2	2	93	93	2.6872426494871398E-5	1	1	229	176	4	11	+C
D6_BC42_consensus_vsearch	205	T	*/-C	405	22	4.78%	2	2	93	93	1.806424477541293E-7	1	1	229	176	9	13	-C
D6_BC42_consensus_vsearch	205	T	*/-CC	405	14	3.04%	2	2	93	93	5.465688685856862E-5	1	1	229	176	11	3	-C
D6_BC42_consensus_vsearch	208	C	*/+A	390	10	2.17%	2	2	93	93	9.225221739189795E-4	1	1	231	159	9	1	+A
D6_BC42_consensus_vsearch	208	C	*/+T	390	19	4.13%	2	1	93	93	1.5400447228279E-6	1	1	231	159	0	19	+T
D6_BC42_consensus_vsearch	208	C	*/-GA	390	9	1.96%	2	2	93	93	0.0018660638404102402	1	1	231	159	8	1	+T
D6_BC42_consensus_vsearch	209	G	*/-A	425	7	1.57%	2	2	93	93	0.007623495521158642	1	1	232	193	6	1	-A
D6_BC42_consensus_vsearch	220	T	*/+C	445	12	2.61%	2	1	93	93	2.269233384575168E-4	1	1	240	205	12	0	+C
D6_BC42_consensus_vsearch	223	A	*/+T	415	14	3.07%	2	2	93	93	5.479995734771002E-5	1	1	219	196	10	4	+T
D6_BC42_consensus_vsearch	223	A	*/-T	415	14	3.07%	2	2	93	93	5.479995734771002E-5	1	1	219	196	12	2	+T
D6_BC42_consensus_vsearch	227	T	*/-G	439	7	1.53%	2	2	93	93	0.00762940145447119	1	1	245	194	6	1	-G
D6_BC42_consensus_vsearch	230	C	*/+A	421	9	1.97%	2	1	93	93	0.0018722700711233777	1	1	229	192	9	0	+A
D6_BC42_consensus_vsearch	235	T	*/+C	326	16	3.52%	2	2	93	93	1.27513014567671E-5	1	1	213	113	2	14	+C
D6_BC42_consensus_vsearch	235	T	*/-C	326	98	21.54%	2	2	93	93	5.506012010192186E-33	1	1	213	113	29	69	-C
D6_BC42_consensus_vsearch	235	T	*/-CC	326	11	2.42%	2	2	93	93	4.4943643047913427E-4	1	1	213	113	5	6	-C
D6_BC42_consensus_vsearch	237	C	*/+A	433	7	1.57%	2	1	93	93	0.0076269161468125015	1	1	236	197	7	0	+A
D6_BC42_consensus_vsearch	243	C	*/-T	447	8	1.74%	2	2	93	93	0.0037869182351470006	1	1	248	199	3	5	-T
D6_BC42_consensus_vsearch	252	T	*/+C	446	8	1.74%	2	2	93	93	0.0037866572939678073	1	1	249	197	2	6	+C
D6_BC42_consensus_vsearch	253	C	*/-T	445	9	1.97%	2	2	93	93	0.0018764990590094985	1	1	249	196	1	8	-T
D6_BC42_consensus_vsearch	261	T	*/-A	435	16	3.49%	2	1	93	93	1.3326906427219542E-5	1	1	234	201	16	0	-A
D6_BC42_consensus_vsearch	263	G	*/-A	439	15	3.28%	2	1	93	93	2.713385865603509E-5	1	1	234	205	15	0	-A
D6_BC42_consensus_vsearch	270	T	*/+C	436	14	3.07%	2	1	93	93	5.5080471059265496E-5	1	1	252	184	0	14	+C
D6_BC42_consensus_vsearch	271	T	*/-C	440	13	2.83%	2	1	93	93	1.1186549909524006E-4	1	1	251	189	0	13	-C
D6_BC42_consensus_vsearch	275	C	*/-T	419	24	5.26%	2	2	93	93	4.328014671818065E-8	1	1	241	178	2	22	-T
D6_BC42_consensus_vsearch	277	T	*/-G	349	87	19.16%	2	2	93	93	5.468044252700678E-29	1	1	229	120	7	80	-G
D6_BC42_consensus_vsearch	280	A	*/-G	441	8	1.75%	2	2	93	93	0.0037853352821818676	1	1	238	203	6	2	-G
D6_BC42_consensus_vsearch	287	C	*/-TGC	440	8	1.75%	2	2	93	93	0.0037850673649748043	1	1	243	197	7	1	-TGC
D6_BC42_consensus_vsearch	296	T	*/-G	435	9	1.96%	2	2	93	93	0.0018747919330438447	1	1	236	199	8	1	-G
D6_BC42_consensus_vsearch	297	G	*/-A	424	10	2.22%	2	1	93	93	9.266914820866851E-4	1	1	225	199	10	0	-A
D6_BC42_consensus_vsearch	312	T	*/+A	425	16	3.52%	2	1	93	93	1.328532663205171E-5	1	1	230	195	16	0	+A
D6_BC42_consensus_vsearch	313	G	*/+A	387	14	3.13%	2	2	93	93	5.438212094947901E-5	1	1	214	173	1	13	+A
D6_BC42_consensus_vsearch	313	G	*/-A	387	31	6.94%	2	2	93	93	2.613968009276449E-10	1	1	214	173	22	9	-A
D6_BC42_consensus_vsearch	313	G	*/-AA	387	9	2.01%	2	2	93	93	0.0018654123049784304	1	1	214	173	8	1	-A
D6_BC42_consensus_vsearch	324	A	-T/-T	26	423	92.76%	2	2	93	93	8.623509257759707E-227	1	1	10	16	238	185	-T
D6_BC42_consensus_vsearch	327	T	*/-C	317	123	26.8%	2	2	93	93	4.494681251605362E-42	1	1	167	150	82	41	-C
D6_BC42_consensus_vsearch	330	C	*/-T	437	12	2.61%	2	2	93	93	2.266239976305489E-4	1	1	249	188	1	11	-T
D6_BC42_consensus_vsearch	332	T	*/-G	367	85	18.64%	2	2	93	93	3.289734713878324E-28	1	1	245	122	5	80	-G
D6_BC42_consensus_vsearch	334	G	*/-A	440	17	3.7%	2	1	93	93	6.556572441902532E-6	1	1	234	206	17	0	-A
D6_BC42_consensus_vsearch	335	A	*/+T	395	14	3.18%	2	2	93	93	5.450710372123273E-5	1	1	221	174	7	7	+T
D6_BC42_consensus_vsearch	335	A	*/-T	395	24	5.45%	2	2	93	93	4.2471294682512273E-8	1	1	221	174	5	19	-T
D6_BC42_consensus_vsearch	339	T	*/+C	445	9	1.96%	2	1	93	93	0.0018764990590094985	1	1	242	203	9	0	+C
D6_BC42_consensus_vsearch	340	C	*/-A	404	42	9.17%	2	2	93	93	8.258659977135961E-14	1	1	215	189	33	9	-A
D6_BC42_consensus_vsearch	343	G	*/+C	434	13	2.85%	2	1	93	93	1.1173262519439844E-4	1	1	252	182	0	13	+C
D6_BC42_consensus_vsearch	350	C	*/+A	441	7	1.54%	2	1	93	93	0.0076302151642897355	1	1	240	201	7	0	+A
D6_BC42_consensus_vsearch	351	A	*/+G	385	16	3.51%	2	2	93	93	1.3099462057416885E-5	1	1	217	168	7	9	+G
D6_BC42_consensus_vsearch	351	A	*/-G	385	38	8.33%	2	2	93	93	1.52440652379549E-12	1	1	217	168	14	24	-G
D6_BC42_consensus_vsearch	356	C	*/-GC	416	31	6.81%	2	1	93	93	2.7173861239455376E-10	1	1	213	203	31	0	-GC
D6_BC42_consensus_vsearch	359	A	*/-C	433	15	3.26%	2	2	93	93	2.7090480075111917E-5	1	1	245	188	1	14	-C
D6_BC42_consensus_vsearch	361	C	*/-G	412	39	8.48%	2	1	93	93	7.70944704671773E-13	1	1	254	158	0	39	-G
D6_BC42_consensus_vsearch	371	A	*/-GA	400	47	10.33%	2	1	93	93	1.9831816714834913E-15	1	1	195	205	47	0	-GA
D6_BC42_consensus_vsearch	372	G	*/-A	382	24	5.85%	2	1	93	93	4.199918127952792E-8	1	1	179	203	24	0	-A
D6_BC42_consensus_vsearch	381	A	*/-G	436	15	3.28%	2	2	93	93	2.7112307341626823E-5	1	1	235	201	14	1	-G
D6_BC42_consensus_vsearch	382	G	*/+C	414	14	3.15%	2	2	93	93	5.478593949196498E-5	1	1	234	180	1	13	+C
D6_BC42_consensus_vsearch	382	G	*/-C	414	7	1.58%	2	2	93	93	0.007618580925465677	1	1	234	180	2	5	+C
D6_BC42_consensus_vsearch	385	C	*/-T	420	30	6.62%	2	2	93	93	5.649839880762713E-10	1	1	248	172	4	26	-T
D6_BC42_consensus_vsearch	387	A	*/-C	409	36	7.93%	2	2	93	93	6.960403314343115E-12	1	1	213	196	28	8	-C
D6_BC42_consensus_vsearch	388	C	*/+T	397	19	4.49%	2	1	93	93	1.5457253320374264E-6	1	1	221	176	0	19	+T
D6_BC42_consensus_vsearch	399	A	*/+C	382	11	2.39%	2	2	93	93	4.548498903980809E-4	1	1	186	196	9	2	+C
D6_BC42_consensus_vsearch	399	A	*/-C	382	61	13.26%	2	2	93	93	4.715701598865364E-20	1	1	186	196	56	5	-C
D6_BC42_consensus_vsearch	406	C	*/-T	435	13	2.84%	2	2	93	93	1.1175501046296811E-4	1	1	251	184	2	11	-T
D6_BC42_consensus_vsearch	406	C	*/-TC	435	7	1.53%	2	2	93	93	0.007627752045228881	1	1	251	184	1	6	-T
D6_BC42_consensus_vsearch	407	T	*/-C	405	31	7.05%	2	2	93	93	2.679373074076999E-10	1	1	219	186	29	2	-C
D6_BC42_consensus_vsearch	409	C	*/-G	401	46	10%	2	1	93	93	4.1938604923202314E-15	1	1	250	151	0	46	-G
D6_BC42_consensus_vsearch	415	A	*/-T	440	11	2.39%	2	1	93	93	4.590671030956891E-4	1	1	252	188	0	11	-T
D6_BC42_consensus_vsearch	416	T	*/+C	435	7	1.56%	2	1	93	93	0.007627752045228881	1	1	244	191	7	0	+C
D6_BC42_consensus_vsearch	418	C	*/+G	423	7	1.52%	2	2	93	93	0.007622620571895094	1	1	247	176	2	5	+G
D6_BC42_consensus_vsearch	419	G	*/-A	447	9	1.97%	2	1	93	93	0.001876831595139628	1	1	243	204	9	0	-A
D6_BC42_consensus_vsearch	423	T	*/+C	419	30	6.52%	2	2	93	93	5.643338338880112E-10	1	1	219	200	29	1	+C
D6_BC42_consensus_vsearch	424	C	*/-A	442	7	1.54%	2	2	93	93	0.007630619313173879	1	1	246	196	5	2	-A
D6_BC42_consensus_vsearch	425	A	*/+G	402	15	3.32%	2	2	93	93	2.68474088688777E-5	1	1	231	171	6	9	+G
D6_BC42_consensus_vsearch	425	A	*/-G	402	20	4.42%	2	2	93	93	7.573747249453335E-7	1	1	231	171	2	18	-G
D6_BC42_consensus_vsearch	440	T	*/+A	396	7	1.52%	2	1	93	93	0.007609963086240239	1	1	206	190	7	0	+A
D6_BC42_consensus_vsearch	440	T	*/-A	396	37	8.04%	2	2	93	93	3.25900903074329E-12	1	1	206	190	23	14	-A
D6_BC42_consensus_vsearch	440	T	*/-AA	396	18	3.91%	2	2	93	93	3.1584277576268335E-6	1	1	206	190	17	1	-A
D6_BC42_consensus_vsearch	442	A	*/-G	411	7	1.58%	2	2	93	93	0.007617195908814076	1	1	220	191	2	5	-G
D6_BC42_consensus_vsearch	444	G	*/-A	445	9	1.96%	2	1	93	93	0.0018764990590094985	1	1	241	204	9	0	-A
D6_BC42_consensus_vsearch	445	A	*/-G	413	10	2.22%	2	2	93	93	9.254147741675464E-4	1	1	211	202	9	1	-G
D6_BC42_consensus_vsearch	445	A	*/-GA	413	14	3.11%	2	1	93	93	5.4771858527024145E-5	1	1	211	202	14	0	-GA
D6_BC42_consensus_vsearch	445	A	*/-GAA	413	8	1.78%	2	2	93	93	0.0037773562911889175	1	1	211	202	6	2	-GA
D6_BC42_consensus_vsearch	446	G	*/+A	294	24	5.61%	2	2	93	93	3.797814984022077E-8	1	1	133	161	7	17	+A
D6_BC42_consensus_vsearch	446	G	*/-A	294	104	24.3%	2	2	93	93	2.0955693591797661E-35	1	1	133	161	81	23	-A
D6_BC42_consensus_vsearch	449	A	*/+G	451	7	1.52%	2	2	93	93	0.007634177589087493	1	1	247	204	5	2	+G
D6_BC42_consensus_vsearch	453	T	*/-A	447	12	2.61%	2	2	93	93	2.2699658258221208E-4	1	1	243	204	10	2	-A
D6_BC42_consensus_vsearch	455	A	*/+T	421	13	2.83%	2	1	93	93	1.1143252502300736E-4	1	1	239	182	0	13	+T
D6_BC42_consensus_vsearch	455	A	*/-C	421	7	1.52%	2	2	93	93	0.007621737484585097	1	1	239	182	6	1	+T
D6_BC42_consensus_vsearch	456	C	*/+T	422	9	1.99%	2	2	93	93	0.0018724555760242295	1	1	242	180	1	8	+T
D6_BC42_consensus_vsearch	456	C	*/-T	422	17	3.75%	2	2	93	93	6.515179143868675E-6	1	1	242	180	1	16	-T
D6_BC42_consensus_vsearch	457	T	*/-C	410	9	2.04%	2	2	93	93	0.0018701717553889113	1	1	242	168	1	8	-C
D6_BC42_consensus_vsearch	458	C	*/-T	435	7	1.56%	2	2	93	93	0.007627752045228881	1	1	245	190	2	5	-T
D6_BC42_consensus_vsearch	460	T	*/-C	370	56	12.25%	2	2	93	93	2.004238014427558E-18	1	1	187	183	35	21	-C
D6_BC42_consensus_vsearch	460	T	*/-CC	370	22	4.81%	2	1	93	93	1.7609736292660143E-7	1	1	187	183	22	0	-C
D6_BC42_consensus_vsearch	463	C	*/-G	412	24	5.25%	2	2	93	93	4.305214828801112E-8	1	1	237	175	8	16	-G
D6_BC42_consensus_vsearch	467	G	*/+C	357	14	3.04%	2	2	93	93	5.386757614476661E-5	1	1	212	145	6	8	+C
D6_BC42_consensus_vsearch	467	G	*/-C	357	70	15.22%	2	2	93	93	3.8834449223187187E-23	1	1	212	145	20	50	-C
D6_BC42_consensus_vsearch	467	G	*/-CC	357	12	2.61%	2	1	93	93	2.2293809294005078E-4	1	1	212	145	12	0	-C
D6_BC42_consensus_vsearch	471	C	*/-T	443	7	1.52%	2	1	93	93	0.00763102167395619	1	1	248	195	0	7	-T
D6_BC42_consensus_vsearch	480	T	*/-C	444	7	1.53%	2	1	93	93	0.007631422258539495	1	1	249	195	0	7	-C
D6_BC42_consensus_vsearch	482	T	*/+C	379	7	1.54%	2	1	93	93	0.007601089929303789	1	1	183	196	7	0	+C
D6_BC42_consensus_vsearch	482	T	*/-C	379	66	14.51%	2	2	93	93	1.0022566129678241E-21	1	1	183	196	62	4	-C
D6_BC42_consensus_vsearch	484	C	*/-A	431	16	3.48%	2	2	93	93	1.3310486209944137E-5	1	1	235	196	10	6	-A
D6_BC42_consensus_vsearch	491	A	*/+T	412	28	6.13%	2	2	93	93	2.3908914032854673E-9	1	1	225	187	17	11	+T
D6_BC42_consensus_vsearch	491	A	*/-T	412	7	1.53%	2	2	93	93	0.007617659773976637	1	1	225	187	6	1	+T
D6_BC42_consensus_vsearch	505	T	*/+A	362	8	1.74%	2	2	93	93	0.003759747990644719	1	1	201	161	4	4	+A
D6_BC42_consensus_vsearch	505	T	*/-A	362	68	14.81%	2	2	93	93	1.9058566260589806E-22	1	1	201	161	39	29	-A
D6_BC42_consensus_vsearch	505	T	*/-AA	362	12	2.61%	2	2	93	93	2.232132880589182E-4	1	1	201	161	9	3	-A
D6_BC42_consensus_vsearch	510	A	*/-T	451	7	1.52%	2	1	93	93	0.007634177589087493	1	1	253	198	0	7	-T
D6_BC42_consensus_vsearch	511	T	*/-C	434	10	2.21%	2	2	93	93	9.277980556005647E-4	1	1	240	194	9	1	-C
D6_BC42_consensus_vsearch	514	A	*/-CA	421	24	5.31%	2	2	93	93	4.3344151298784234E-8	1	1	224	197	19	5	-CA
D6_BC42_consensus_vsearch	517	T	*/-C	445	7	1.53%	2	1	93	93	0.007631821078608308	1	1	239	206	7	0	-C
D6_BC42_consensus_vsearch	520	T	*/-G	448	8	1.74%	2	2	93	93	0.0037871780401863946	1	1	250	198	2	6	-G
D6_BC42_consensus_vsearch	524	T	*/-C	392	62	13.48%	2	2	93	93	2.3179980272306102E-20	1	1	189	203	59	3	-C
D6_BC42_consensus_vsearch	526	C	*/-G	382	62	13.57%	2	2	93	93	2.1956987151431875E-20	1	1	241	141	4	58	-G
D6_BC42_consensus_vsearch	530	A	*/+T	404	10	2.2%	2	2	93	93	9.24320545706363E-4	1	1	228	176	6	4	+T
D6_BC42_consensus_vsearch	530	A	*/+TT	404	7	1.54%	2	2	93	93	0.007613885964194907	1	1	228	176	1	6	+T
D6_BC42_consensus_vsearch	530	A	*/-T	404	23	5.07%	2	2	93	93	8.793292228422683E-8	1	1	228	176	7	16	-T
D6_BC42_consensus_vsearch	536	A	*/+C	113	319	69.35%	2	2	93	93	8.133300145529367E-140	1	1	24	89	208	111	+C
D6_BC42_consensus_vsearch	536	A	*/+CC	113	8	1.74%	2	1	93	93	0.0034665335534631017	1	1	24	89	8	0	+C
D6_BC42_consensus_vsearch	537	C	*/+T	440	11	2.39%	2	2	93	93	4.590671030956891E-4	1	1	248	192	2	9	+T
D6_BC42_consensus_vsearch	539	G	*/-A	447	11	2.39%	2	1	93	93	4.595052234613434E-4	1	1	242	205	11	0	-A
D6_BC42_consensus_vsearch	540	A	*/-T	435	7	1.56%	2	2	93	93	0.007627752045228881	1	1	239	196	1	6	-T
D6_BC42_consensus_vsearch	542	T	*/-C	301	135	29.41%	2	2	93	93	1.0107964543317258E-46	1	1	208	93	40	95	-C
D6_BC42_consensus_vsearch	542	T	*/-CC	301	14	3.05%	2	1	93	93	5.2658669246278434E-5	1	1	208	93	0	14	-C
D6_BC42_consensus_vsearch	545	C	*/+T	329	22	4.79%	2	2	93	93	1.6978200647727014E-7	1	1	226	103	9	13	+T
D6_BC42_consensus_vsearch	545	C	*/-T	329	23	5.01%	2	2	93	93	8.223438578305512E-8	1	1	226	103	6	17	-T
D6_BC42_consensus_vsearch	545	C	*/-TT	329	18	3.92%	2	2	93	93	3.0424774726021465E-6	1	1	226	103	5	13	-T
D6_BC42_consensus_vsearch	562	T	*/+A	416	9	1.96%	2	1	93	93	0.001871329602106588	1	1	213	203	9	0	+A
D6_BC42_consensus_vsearch	562	T	*/-A	416	30	6.54%	2	1	93	93	5.623698281988713E-10	1	1	213	203	30	0	-A
D6_BC42_consensus_vsearch	564	A	*/+G	448	7	1.53%	2	1	93	93	0.00763300706774014	1	1	245	203	7	0	+G
D6_BC42_consensus_vsearch	578	T	*/+G	429	20	4.35%	2	2	93	93	7.681820871873446E-7	1	1	227	202	17	3	+G
D6_BC42_consensus_vsearch	585	G	*/-A	446	12	2.61%	2	2	93	93	2.2696003854954554E-4	1	1	242	204	11	1	-A
D6_BC42_consensus_vsearch	586	A	*/-G	424	19	4.25%	2	1	93	93	1.5660884922200917E-6	1	1	220	204	19	0	-G
D6_BC42_consensus_vsearch	588	C	*/-T	417	32	7.03%	2	2	93	93	1.3133714479062467E-10	1	1	248	169	2	30	-T
D6_BC42_consensus_vsearch	590	T	*/-C	271	158	34.65%	2	2	93	93	4.803361453557391E-56	1	1	143	128	98	60	-C
D6_BC42_consensus_vsearch	590	T	*/-CC	271	18	3.95%	2	2	93	93	2.903295969157998E-6	1	1	143	128	7	11	-C
D6_BC42_consensus_vsearch	593	C	*/-T	435	11	2.41%	2	2	93	93	4.587459048221758E-4	1	1	252	183	1	10	-T
D6_BC42_consensus_vsearch	596	T	*/-C	444	11	2.39%	2	2	93	93	4.5931907660072465E-4	1	1	250	194	1	10	-C
D6_BC42_consensus_vsearch	599	C	*/-T	422	22	4.87%	2	2	93	93	1.826206185051853E-7	1	1	243	179	4	18	-T
D6_BC42_consensus_vsearch	602	A	*/-G	401	40	8.81%	2	1	93	93	3.602268793735245E-13	1	1	241	160	0	40	-G
D6_BC42_consensus_vsearch	607	C	*/+T	434	10	2.19%	2	1	93	93	9.277980556005647E-4	1	1	229	205	10	0	+T
D6_BC42_consensus_vsearch	610	C	*/-T	433	7	1.55%	2	2	93	93	0.0076269161468125015	1	1	231	202	5	2	-T
D6_BC42_consensus_vsearch	611	T	*/+G	436	13	2.88%	2	1	93	93	1.1177729905704128E-4	1	1	246	190	0	13	+G
D6_BC42_consensus_vsearch	613	A	*/-C	438	7	1.54%	2	2	93	93	0.007628991869306366	1	1	236	202	6	1	-C
D6_BC42_consensus_vsearch	620	T	*/-C	405	45	9.87%	2	1	93	93	8.929972519732571E-15	1	1	201	204	45	0	-C
D6_BC42_consensus_vsearch	624	A	*/+T	420	11	2.39%	2	1	93	93	4.5773850170834535E-4	1	1	230	190	0	11	+T
D6_BC42_consensus_vsearch	630	G	*/-T	442	8	1.75%	2	1	93	93	0.0037856020174325917	1	1	243	199	8	0	-T
D6_BC42_consensus_vsearch	643	C	*/-T	423	32	6.96%	2	2	93	93	1.3236877244672147E-10	1	1	246	177	6	26	-T
D6_BC42_consensus_vsearch	648	T	*/+C	407	9	1.98%	2	2	93	93	0.0018695804538677086	1	1	211	196	7	2	+C
D6_BC42_consensus_vsearch	648	T	*/-C	407	34	7.49%	2	2	93	93	3.004446958977194E-11	1	1	211	196	33	1	-C
D6_BC42_consensus_vsearch	650	C	*/-AC	447	8	1.74%	2	1	93	93	0.0037869182351470006	1	1	243	204	8	0	-AC
D6_BC42_consensus_vsearch	654	T	*/+C	437	14	3.04%	2	2	93	93	5.5093201188592644E-5	1	1	242	195	5	9	+C
D6_BC42_consensus_vsearch	662	C	*/+A	418	21	4.61%	2	1	93	93	3.732520206596134E-7	1	1	222	196	21	0	+A
D6_BC42_consensus_vsearch	662	C	*/-A	418	9	1.97%	2	2	93	93	0.0018717084025872061	1	1	222	196	6	3	+A
D6_BC42_consensus_vsearch	664	A	*/-G	435	9	1.98%	2	2	93	93	0.0018747919330438447	1	1	240	195	6	3	-G
D6_BC42_consensus_vsearch	668	T	*/+C	448	7	1.53%	2	2	93	93	0.00763300706774014	1	1	250	198	2	5	+C
D6_BC42_consensus_vsearch	674	T	*/+C	427	16	3.53%	2	1	93	93	1.3293784930690262E-5	1	1	247	180	0	16	+C
D6_BC42_consensus_vsearch	679	T	*/-A	440	11	2.4%	2	1	93	93	4.590671030956891E-4	1	1	236	204	11	0	-A
D6_BC42_consensus_vsearch	680	A	*/+T	374	12	2.68%	2	2	93	93	2.2384550798854884E-4	1	1	175	199	8	4	+T
D6_BC42_consensus_vsearch	680	A	*/-T	374	49	10.96%	2	1	93	93	4.0618228712785374E-16	1	1	175	199	49	0	-T
D6_BC42_consensus_vsearch	683	T	*/-G	444	8	1.74%	2	2	93	93	0.0037861319732248877	1	1	243	201	6	2	-G
D6_BC42_consensus_vsearch	688	C	*/-TAC	441	7	1.53%	2	2	93	93	0.0076302151642897355	1	1	243	198	6	1	-TAC
D6_BC42_consensus_vsearch	693	A	*/-C	415	9	2%	2	2	93	93	0.0018711388771604682	1	1	211	204	8	1	-C
D6_BC42_consensus_vsearch	693	A	*/-CCA	415	16	3.56%	2	1	93	93	1.3241920793983298E-5	1	1	211	204	16	0	-CCA
D6_BC42_consensus_vsearch	694	C	*/+T	401	12	2.82%	2	1	93	93	2.251372974218295E-4	1	1	214	187	0	12	+T
D6_BC42_consensus_vsearch	695	C	*/-A	420	8	1.82%	2	1	93	93	0.003779448151948946	1	1	223	197	8	0	-A
D6_BC42_consensus_vsearch	707	T	*/-A	417	27	5.96%	2	1	93	93	4.956991198275763E-9	1	1	218	199	27	0	-A
D6_BC42_consensus_vsearch	709	G	*/-A	437	15	3.28%	2	2	93	93	2.7119521515264278E-5	1	1	233	204	14	1	-A
D6_BC42_consensus_vsearch	710	A	*/-G	408	21	4.78%	2	2	93	93	3.710748653386239E-7	1	1	207	201	19	2	-G
D6_BC42_consensus_vsearch	718	T	*/+C	433	17	3.7%	2	2	93	93	6.540845093994583E-6	1	1	251	182	1	16	+C
D6_BC42_consensus_vsearch	719	C	*/+A	425	9	1.98%	2	1	93	93	0.0018730070190884252	1	1	237	188	0	9	+A
D6_BC42_consensus_vsearch	719	C	*/-AC	425	11	2.42%	2	1	93	93	4.5808185020506666E-4	1	1	237	188	11	0	-AC
D6_BC42_consensus_vsearch	720	A	*/+C	414	12	2.67%	2	1	93	93	2.2570239286811238E-4	1	1	215	199	12	0	+C
D6_BC42_consensus_vsearch	720	A	*/-C	414	7	1.56%	2	2	93	93	0.007618580925465677	1	1	215	199	4	3	+C
D6_BC42_consensus_vsearch	721	C	*/+T	413	16	3.67%	2	1	93	93	1.3233009888966535E-5	1	1	232	181	0	16	+T
D6_BC42_consensus_vsearch	726	C	*/-A	447	7	1.54%	2	1	93	93	0.007632613471737004	1	1	242	205	7	0	-A
D6_BC42_consensus_vsearch	727	A	*/-T	428	9	2.01%	2	2	93	93	0.0018735509751739627	1	1	232	196	2	7	-T
D6_BC42_consensus_vsearch	733	G	*/-C	431	13	2.84%	2	1	93	93	1.1166488301300728E-4	1	1	227	204	13	0	-C
D6_BC42_consensus_vsearch	734	C	*/+T	411	22	4.92%	2	1	93	93	1.8135633259538993E-7	1	1	231	180	0	22	+T
D6_BC42_consensus_vsearch	735	C	*/-T	442	16	3.48%	2	2	93	93	1.3354986497750224E-5	1	1	250	192	3	13	-T
D6_BC42_consensus_vsearch	736	T	*/+G	412	18	4.05%	2	2	93	93	3.181160118823801E-6	1	1	226	186	17	1	+G
D6_BC42_consensus_vsearch	737	A	*/-G	424	13	2.86%	2	2	93	93	1.115033140535145E-4	1	1	229	195	10	3	-G
D6_BC42_consensus_vsearch	740	C	*/-T	434	10	2.19%	2	2	93	93	9.277980556005647E-4	1	1	243	191	8	2	-T
D6_BC42_consensus_vsearch	743	C	*/-TTC	430	12	2.65%	2	2	93	93	2.263534081363424E-4	1	1	241	189	2	10	-TTC
D6_BC42_consensus_vsearch	745	T	*/-C	429	10	2.24%	2	2	93	93	9.272509747675099E-4	1	1	238	191	7	3	-C
D6_BC42_consensus_vsearch	748	C	*/-A	416	8	1.78%	2	2	93	93	0.003778261194268045	1	1	226	190	4	4	-A
D6_BC42_consensus_vsearch	754	T	*/-C	442	10	2.18%	2	2	93	93	9.286485810021079E-4	1	1	239	203	9	1	-C
D6_BC42_consensus_vsearch	756	C	*/-AC	435	21	4.59%	2	1	93	93	3.7675545624570147E-7	1	1	231	204	21	0	-AC
D6_BC42_consensus_vsearch	764	C	*/+T	432	16	3.55%	2	1	93	93	1.3314617335401616E-5	1	1	249	183	0	16	+T
D6_BC42_consensus_vsearch	765	C	*/-T	435	18	3.95%	2	2	93	93	3.2112166959811652E-6	1	1	249	186	3	15	-T
D6_BC42_consensus_vsearch	767	A	*/-C	426	8	1.75%	2	2	93	93	0.0037811878789100195	1	1	225	201	5	3	-C
D6_BC42_consensus_vsearch	768	C	*/-T	435	11	2.44%	2	2	93	93	4.587459048221758E-4	1	1	243	192	2	9	-T
D6_BC42_consensus_vsearch	769	T	*/-C	418	17	3.81%	2	1	93	93	6.505544070653668E-6	1	1	244	174	0	17	-C
D6_BC42_consensus_vsearch	777	G	*/-CG	395	62	13.51%	2	2	93	93	2.3548280635832423E-20	1	1	239	156	12	50	-CG
D6_BC42_consensus_vsearch	779	G	*/+CG	381	10	2.53%	2	2	93	93	9.212992345460898E-4	1	1	236	145	3	7	+CG
D6_BC42_consensus_vsearch	783	C	*/-T	393	55	12.09%	2	2	93	93	4.7469192416426034E-18	1	1	246	147	2	53	-T
D6_BC42_consensus_vsearch	785	T	*/-C	413	27	5.92%	2	1	93	93	4.938088055698905E-9	1	1	245	168	0	27	-C
D6_BC42_consensus_vsearch	786	C	*/-A	417	7	1.62%	2	1	93	93	0.007619946437356769	1	1	240	177	7	0	-A
D6_BC42_consensus_vsearch	789	C	*/-GC	440	8	1.77%	2	1	93	93	0.0037850673649748043	1	1	235	205	8	0	-GC
D6_BC42_consensus_vsearch	799	G	*/-A	388	26	5.73%	2	1	93	93	9.938208002589169E-9	1	1	184	204	26	0	-A
D6_BC42_consensus_vsearch	799	G	*/-AG	388	38	8.37%	2	2	93	93	1.5342125471447006E-12	1	1	184	204	37	1	-AG
D6_BC42_consensus_vsearch	800	A	*/-G	372	10	2.53%	2	2	93	93	9.200196787898532E-4	1	1	171	201	9	1	-G
D6_BC42_consensus_vsearch	805	T	*/+A	421	8	1.77%	2	1	93	93	0.0037797414596765903	1	1	235	186	8	0	+A
D6_BC42_consensus_vsearch	805	T	*/-G	421	11	2.43%	2	2	93	93	4.5780779436953333E-4	1	1	235	186	5	6	-G
D6_BC42_consensus_vsearch	809	T	*/+A	421	7	1.53%	2	2	93	93	0.007621737484585097	1	1	239	182	1	6	+A
D6_BC42_consensus_vsearch	809	T	*/-A	421	11	2.41%	2	2	93	93	4.5780779436953333E-4	1	1	239	182	6	5	-A
D6_BC42_consensus_vsearch	812	C	*/+T	405	8	1.76%	2	1	93	93	0.003774879463209244	1	1	215	190	8	0	+T
D6_BC42_consensus_vsearch	812	C	*/-AC	405	17	3.74%	2	2	93	93	6.473048763994588E-6	1	1	215	190	16	1	-AC
D6_BC42_consensus_vsearch	813	A	*/-C	393	7	1.59%	2	1	93	93	0.007608451759263046	1	1	190	203	7	0	-C
D6_BC42_consensus_vsearch	814	C	*/+A	362	27	6.22%	2	1	93	93	4.669861856546241E-9	1	1	162	200	27	0	+A
D6_BC42_consensus_vsearch	814	C	*/-G	362	30	6.91%	2	1	93	93	5.231761716187868E-10	1	1	162	200	30	0	-G
D6_BC42_consensus_vsearch	816	C	*/-T	392	32	7.08%	2	2	93	93	1.26810001173436E-10	1	1	200	192	25	7	-T
D6_BC42_consensus_vsearch	816	C	*/-TT	392	17	3.76%	2	1	93	93	6.438623221369329E-6	1	1	200	192	17	0	-T
D6_BC42_consensus_vsearch	819	G	*/-A	431	20	4.38%	2	1	93	93	7.689356860960038E-7	1	1	228	203	20	0	-A
D6_BC42_consensus_vsearch	827	T	*/-C	439	8	1.75%	2	1	93	93	0.003784798257927548	1	1	237	202	8	0	-C
D6_BC42_consensus_vsearch	830	A	*/-T	352	93	20.31%	2	2	93	93	4.669707409021805E-31	1	1	154	198	90	3	-T
D6_BC42_consensus_vsearch	836	A	*/+G	408	13	2.86%	2	2	93	93	1.1111449338120726E-4	1	1	225	183	9	4	+G
D6_BC42_consensus_vsearch	836	A	*/-G	408	22	4.84%	2	2	93	93	1.8100159322079772E-7	1	1	225	183	7	15	-G
D6_BC42_consensus_vsearch	844	T	*/+C	445	7	1.53%	2	1	93	93	0.007631821078608308	1	1	251	194	0	7	+C
D6_BC42_consensus_vsearch	845	T	*/-C	447	9	1.96%	2	2	93	93	0.001876831595139628	1	1	250	197	2	7	-C
D6_BC42_consensus_vsearch	848	T	*/+C	443	9	1.98%	2	1	93	93	0.001876163611738018	1	1	251	192	0	9	+C
D6_BC42_consensus_vsearch	849	T	*/-C	434	13	2.84%	2	1	93	93	1.1173262519439844E-4	1	1	246	188	0	13	-C
D6_BC42_consensus_vsearch	853	C	*/-A	440	8	1.75%	2	2	93	93	0.0037850673649748043	1	1	239	201	6	2	-A
D6_BC42_consensus_vsearch	858	G	*/-A	441	12	2.63%	2	1	93	93	2.267749573503342E-4	1	1	237	204	12	0	-A
D6_BC42_consensus_vsearch	860	G	*/+T	443	8	1.76%	2	2	93	93	0.003785867578538486	1	1	241	202	7	1	+T
D6_BC42_consensus_vsearch	862	T	*/+A	438	9	1.96%	2	2	93	93	0.001875312003649851	1	1	239	199	8	1	+A
D6_BC42_consensus_vsearch	869	C	*/-AC	357	81	17.92%	2	2	93	93	6.993546190324207E-27	1	1	164	193	77	4	-AC
D6_BC42_consensus_vsearch	871	C	*/-T	335	23	6.17%	2	2	93	93	8.276462422475433E-8	1	1	167	168	1	22	-T
D6_BC42_consensus_vsearch	872	T	*/+C	374	7	1.64%	2	2	93	93	0.007598330292913895	1	1	227	147	2	5	+C
D6_BC42_consensus_vsearch	872	T	*/-C	374	24	5.61%	2	2	93	93	4.169565799654493E-8	1	1	227	147	17	7	-C
D6_BC42_consensus_vsearch	872	T	*/-CC	374	7	1.64%	2	1	93	93	0.007598330292913895	1	1	227	147	0	7	-C
D6_BC42_consensus_vsearch	872	T	*/-CCT	374	9	2.1%	2	1	93	93	0.0018624725413075014	1	1	227	147	0	9	-CCT
D6_BC42_consensus_vsearch	874	C	*/-T	420	9	2.05%	2	2	93	93	0.0018720837112055043	1	1	247	173	1	8	-T
D6_BC42_consensus_vsearch	879	C	*/+G	441	9	1.97%	2	2	93	93	0.0018758252149176666	1	1	248	193	1	8	+G
D6_BC42_consensus_vsearch	884	T	*/-C	442	12	2.62%	2	2	93	93	2.2681229177552487E-4	1	1	243	199	8	4	-C
D6_BC42_consensus_vsearch	886	C	*/+G	428	9	1.97%	2	1	93	93	0.0018735509751739627	1	1	242	186	0	9	+G
D6_BC42_consensus_vsearch	889	C	*/-T	429	19	4.14%	2	2	93	93	1.5696112350960334E-6	1	1	233	196	12	7	-T
D6_BC42_consensus_vsearch	889	C	*/-TTC	429	7	1.53%	2	2	93	93	0.007625221451403564	1	1	233	196	6	1	-T
D6_BC42_consensus_vsearch	891	T	*/+C	410	7	1.55%	2	2	93	93	0.007616729829810889	1	1	224	186	5	2	+C
D6_BC42_consensus_vsearch	891	T	*/-C	410	22	4.87%	2	2	93	93	1.812385707292981E-7	1	1	224	186	10	12	-C
D6_BC42_consensus_vsearch	900	A	*/+C	441	9	1.96%	2	1	93	93	0.0018758252149176666	1	1	239	202	9	0	+C
D6_BC42_consensus_vsearch	904	T	*/-C	447	9	1.96%	2	1	93	93	0.001876831595139628	1	1	242	205	9	0	-C
D6_BC42_consensus_vsearch	911	G	*/+T	440	11	2.4%	2	1	93	93	4.590671030956891E-4	1	1	250	190	0	11	+T
D6_BC42_consensus_vsearch	913	C	*/-T	440	13	2.83%	2	2	93	93	1.1186549909524006E-4	1	1	248	192	2	11	-T
D6_BC42_consensus_vsearch	914	T	*/+G	423	7	1.57%	2	1	93	93	0.007622620571895094	1	1	235	188	7	0	+G
D6_BC42_consensus_vsearch	915	A	*/-G	436	7	1.53%	2	1	93	93	0.007628167177128368	1	1	235	201	7	0	-G
D6_BC42_consensus_vsearch	919	G	*/-A	450	7	1.52%	2	1	93	93	0.0076337891152176976	1	1	245	205	7	0	-A
D6_BC42_consensus_vsearch	921	A	*/-C	443	9	1.96%	2	1	93	93	0.001876163611738018	1	1	240	203	9	0	-C
D6_BC42_consensus_vsearch	929	C	*/+T	263	52	11.3%	2	2	93	93	2.2369719641479252E-17	1	1	177	86	41	11	+T
D6_BC42_consensus_vsearch	929	C	*/-T	263	125	27.17%	2	2	93	93	1.4898336657295724E-43	1	1	177	86	35	90	-T
D6_BC42_consensus_vsearch	929	C	*/-TT	263	14	3.04%	2	1	93	93	5.1576702130057656E-5	1	1	177	86	0	14	-T
D6_BC42_consensus_vsearch	934	G	*/-TG	438	10	2.19%	2	1	93	93	9.282270587880905E-4	1	1	233	205	10	0	-TG
D6_BC42_consensus_vsearch	942	T	*/+G	437	10	2.2%	2	1	93	93	9.281205170584159E-4	1	1	249	188	0	10	+G
D6_BC42_consensus_vsearch	951	T	*/-GT	430	21	4.59%	2	2	93	93	3.757497513697117E-7	1	1	243	187	5	16	-GT
D6_BC42_consensus_vsearch	956	T	*/-C	435	20	4.35%	2	2	93	93	7.704247376877487E-7	1	1	236	199	16	4	-C
D6_BC42_consensus_vsearch	958	C	*/+G	420	10	2.17%	2	1	93	93	9.262346650300045E-4	1	1	245	175	0	10	+G
D6_BC42_consensus_vsearch	958	C	*/-G	420	18	3.91%	2	2	93	93	3.1919474369443897E-6	1	1	245	175	2	16	-G
D6_BC42_consensus_vsearch	961	C	*/+T	436	8	1.75%	2	1	93	93	0.003783983718069795	1	1	235	201	8	0	+T
D6_BC42_consensus_vsearch	962	A	*/-C	417	14	3.09%	2	2	93	93	5.4827805419876506E-5	1	1	215	202	11	3	-C
D6_BC42_consensus_vsearch	962	A	*/-CCT	417	16	3.53%	2	1	93	93	1.3250753783082343E-5	1	1	215	202	16	0	-CCT
D6_BC42_consensus_vsearch	964	C	*/-T	418	12	2.71%	2	2	93	93	2.2586957161051062E-4	1	1	228	190	3	9	-T
D6_BC42_consensus_vsearch	968	A	*/-C	428	29	6.3%	2	2	93	93	1.17753180385125E-9	1	1	252	176	1	28	-C
D6_BC42_consensus_vsearch	973	G	*/-CG	446	8	1.74%	2	2	93	93	0.0037866572939678073	1	1	248	198	3	5	-CG
D6_BC42_consensus_vsearch	985	T	*/+C	362	31	6.77%	2	2	93	93	2.5159108889943904E-10	1	1	166	196	27	4	+C
D6_BC42_consensus_vsearch	985	T	*/-C	362	41	8.95%	2	2	93	93	1.557180402077118E-13	1	1	166	196	39	2	-C
D6_BC42_consensus_vsearch	985	T	*/-CC	362	15	3.28%	2	1	93	93	2.647778278892089E-5	1	1	166	196	15	0	-C
D6_BC42_consensus_vsearch	988	C	*/-GC	370	22	4.79%	2	2	93	93	1.7609736292660143E-7	1	1	232	138	19	3	-GC
D6_BC42_consensus_vsearch	991	A	*/-T	443	13	2.84%	2	1	93	93	1.1193066411113178E-4	1	1	250	193	0	13	-T
D6_BC42_consensus_vsearch	1006	T	*/-A	439	10	2.21%	2	1	93	93	9.283331329900578E-4	1	1	236	203	10	0	-A
D6_BC42_consensus_vsearch	1007	A	*/-C	427	14	3.12%	2	2	93	93	5.4963399351985964E-5	1	1	227	200	11	3	-C
D6_BC42_consensus_vsearch	1009	C	*/+A	317	28	6.13%	2	2	93	93	2.1052098632556073E-9	1	1	173	144	17	11	+A
D6_BC42_consensus_vsearch	1009	C	*/-A	317	88	19.26%	2	2	93	93	1.594755987316819E-29	1	1	173	144	47	41	-A
D6_BC42_consensus_vsearch	1009	C	*/-AA	317	15	3.28%	2	2	93	93	2.5961812604793588E-5	1	1	173	144	11	4	-A
D6_BC42_consensus_vsearch	1017	G	*/-C	432	21	4.58%	2	2	93	93	3.761544365673065E-7	1	1	228	204	20	1	-C
D6_BC42_consensus_vsearch	1020	C	*/-AC	432	13	2.83%	2	1	93	93	1.1168756210732632E-4	1	1	235	197	13	0	-AC
D6_BC42_consensus_vsearch	1023	T	*/-A	435	11	2.41%	2	2	93	93	4.587459048221758E-4	1	1	237	198	8	3	-A
D6_BC42_consensus_vsearch	1024	A	*/+G	429	8	1.79%	2	2	93	93	0.0037820399638697363	1	1	233	196	4	4	+G
D6_BC42_consensus_vsearch	1025	G	*/-A	433	8	1.77%	2	2	93	93	0.003783158179516694	1	1	235	198	5	3	-A
D6_BC42_consensus_vsearch	1028	A	*/+T	423	23	5.01%	2	1	93	93	8.911043930919515E-8	1	1	244	179	0	23	+T
D6_BC42_consensus_vsearch	1029	C	*/+T	410	19	4.15%	2	1	93	93	1.5558235939629214E-6	1	1	249	161	0	19	+T
D6_BC42_consensus_vsearch	1029	C	*/-T	410	25	5.46%	2	2	93	93	2.089933129488894E-8	1	1	249	161	1	24	-T
D6_BC42_consensus_vsearch	1030	T	*/+C	405	14	3.22%	2	2	93	93	5.465688685856862E-5	1	1	250	155	2	12	+C
D6_BC42_consensus_vsearch	1030	T	*/-C	405	9	2.07%	2	1	93	93	0.0018691815479874114	1	1	250	155	0	9	+C
D6_BC42_consensus_vsearch	1031	C	*/-TC	438	7	1.55%	2	2	93	93	0.007628991869306366	1	1	249	189	3	4	-TC
D6_BC42_consensus_vsearch	1032	T	*/+C	434	10	2.21%	2	1	93	93	9.277980556005647E-4	1	1	239	195	10	0	+C
D6_BC42_consensus_vsearch	1037	C	*/-G	446	7	1.53%	2	2	93	93	0.0076322181458369906	1	1	243	203	6	1	-G
D6_BC42_consensus_vsearch	1040	C	*/+A	440	7	1.53%	2	1	93	93	0.007629809215418646	1	1	243	197	0	7	+A
D6_BC42_consensus_vsearch	1047	T	*/-C	378	80	17.39%	2	2	93	93	1.8815334540967637E-26	1	1	175	203	79	1	-C
D6_BC42_consensus_vsearch	1052	T	*/+C	445	8	1.75%	2	1	93	93	0.0037863952091791225	1	1	243	202	8	0	+C
D6_BC42_consensus_vsearch	1053	C	*/-A	437	16	3.49%	2	2	93	93	1.3335013341748276E-5	1	1	246	191	5	11	-A
D6_BC42_consensus_vsearch	1054	A	*/+GA	433	7	1.58%	2	1	93	93	0.0076269161468125015	1	1	241	192	7	0	+GA
D6_BC42_consensus_vsearch	1055	A	*/-G	443	9	1.97%	2	1	93	93	0.001876163611738018	1	1	252	191	0	9	-G
D6_BC42_consensus_vsearch	1056	G	*/-TG	435	9	2%	2	1	93	93	0.0018747919330438447	1	1	250	185	0	9	-TG
D6_BC42_consensus_vsearch	1060	C	*/-G	427	16	3.5%	2	2	93	93	1.3293784930690262E-5	1	1	243	184	6	10	-G
D6_BC42_consensus_vsearch	1062	G	*/+A	446	7	1.52%	2	1	93	93	0.0076322181458369906	1	1	243	203	7	0	+A
D6_BC42_consensus_vsearch	1069	C	*/-T	437	12	2.63%	2	2	93	93	2.266239976305489E-4	1	1	250	187	1	11	-T
D6_BC42_consensus_vsearch	1071	T	*/-A	448	7	1.53%	2	2	93	93	0.00763300706774014	1	1	245	203	6	1	-A
D6_BC42_consensus_vsearch	1072	A	*/-CA	406	18	3.99%	2	2	93	93	3.172821898030405E-6	1	1	214	192	17	1	-CA
D6_BC42_consensus_vsearch	1075	T	*/-A	414	35	7.61%	2	1	93	93	1.460889309610705E-11	1	1	215	199	35	0	-A
D6_BC42_consensus_vsearch	1076	A	*/-T	402	12	2.84%	2	2	93	93	2.2518199251181446E-4	1	1	203	199	11	1	-T
D6_BC42_consensus_vsearch	1079	T	*/-A	439	8	1.74%	2	2	93	93	0.003784798257927548	1	1	240	199	7	1	-A
D6_BC42_consensus_vsearch	1088	A	*/+G	446	8	1.74%	2	1	93	93	0.0037866572939678073	1	1	243	203	8	0	+G
D6_BC42_consensus_vsearch	1093	A	*/-G	445	8	1.74%	2	2	93	93	0.0037863952091791225	1	1	248	197	3	5	-G
D6_BC42_consensus_vsearch	1094	G	*/+A	444	7	1.55%	2	1	93	93	0.007631422258539495	1	1	243	201	7	0	+A
D6_BC42_consensus_vsearch	1097	T	*/+A	414	18	3.92%	2	1	93	93	3.1838917320405464E-6	1	1	220	194	18	0	+A
D6_BC42_consensus_vsearch	1097	T	*/-A	414	19	4.14%	2	2	93	93	1.5588186688080025E-6	1	1	220	194	14	5	-A
D6_BC42_consensus_vsearch	1099	A	*/-G	442	10	2.19%	2	2	93	93	9.286485810021079E-4	1	1	244	198	9	1	-G
D6_BC42_consensus_vsearch	1104	G	*/+T	434	10	2.17%	2	1	93	93	9.277980556005647E-4	1	1	231	203	10	0	+T
D6_BC42_consensus_vsearch	1107	T	*/+C	443	10	2.17%	2	2	93	93	9.287528155311122E-4	1	1	243	200	7	3	+C
D6_BC42_consensus_vsearch	1110	A	*/+C	405	13	2.83%	2	2	93	93	1.1103838422487234E-4	1	1	220	185	10	3	+C
D6_BC42_consensus_vsearch	1110	A	*/-C	405	25	5.45%	2	2	93	93	2.0810726875602597E-8	1	1	220	185	11	14	-C
D6_BC42_consensus_vsearch	1114	C	*/-A	431	8	1.74%	2	2	93	93	0.003782601599602771	1	1	243	188	6	2	-A
D6_BC42_consensus_vsearch	1120	C	*/-T	441	11	2.4%	2	2	93	93	4.5913050649285826E-4	1	1	250	191	2	9	-T
D6_BC42_consensus_vsearch	1121	T	*/+C	417	25	5.58%	2	1	93	93	2.102051862728768E-8	1	1	222	195	25	0	+C
D6_BC42_consensus_vsearch	1122	C	*/-T	442	8	1.74%	2	2	93	93	0.0037856020174325917	1	1	245	197	4	4	-T
D6_BC42_consensus_vsearch	1130	T	*/-C	449	8	1.74%	2	2	93	93	0.0037874367164761535	1	1	251	198	2	6	-C
D6_BC42_consensus_vsearch	1131	C	*/-G	425	7	1.55%	2	2	93	93	0.007623495521158642	1	1	229	196	6	1	-G
D6_BC42_consensus_vsearch	1133	C	*/+T	428	8	1.76%	2	2	93	93	0.0037817572285023734	1	1	242	186	5	3	+T
D6_BC42_consensus_vsearch	1140	A	*/-CA	421	23	5.08%	2	2	93	93	8.899064781650921E-8	1	1	227	194	13	10	-CA
D6_BC42_consensus_vsearch	1143	T	*/+A	432	11	2.41%	2	2	93	93	4.5854977422456113E-4	1	1	237	195	10	1	+A
D6_BC42_consensus_vsearch	1148	C	*/-T	441	9	1.99%	2	2	93	93	0.0018758252149176666	1	1	245	196	7	2	-T
D6_BC42_consensus_vsearch	1154	C	*/-G	431	13	2.86%	2	2	93	93	1.1166488301300728E-4	1	1	235	196	12	1	-G
D6_BC42_consensus_vsearch	1155	G	*/-A	427	14	3.13%	2	1	93	93	5.4963399351985964E-5	1	1	223	204	14	0	-A
D6_BC42_consensus_vsearch	1161	C	*/-T	432	16	3.5%	2	2	93	93	1.3314617335401616E-5	1	1	249	183	1	15	-T
D6_BC42_consensus_vsearch	1167	T	*/-C	422	33	7.19%	2	2	93	93	6.377219902625485E-11	1	1	219	203	31	2	-C
D6_BC42_consensus_vsearch	1170	T	*/+G	435	8	1.74%	2	2	93	93	0.0037837097715777354	1	1	240	195	5	3	+G
D6_BC42_consensus_vsearch	1171	G	*/-A	438	8	1.75%	2	1	93	93	0.0037845279531252564	1	1	232	206	8	0	-A
D6_BC42_consensus_vsearch	1172	A	*/+G	135	209	46.86%	2	2	93	93	5.311985350390774E-84	1	1	92	43	54	155	+G
D6_BC42_consensus_vsearch	1172	A	*/+GG	135	12	2.69%	2	2	93	93	1.9326307805722024E-4	1	1	92	43	5	7	+G
D6_BC42_consensus_vsearch	1172	A	*/-G	135	10	2.24%	2	1	93	93	8.31790708179897E-4	1	1	92	43	10	0	+G
D6_BC42_consensus_vsearch	1172	A	*/-GGA	135	58	13%	2	1	93	93	2.2060435491633625E-20	1	1	92	43	58	0	-GGA
D6_BC42_consensus_vsearch	1177	A	*/+T	436	9	1.96%	2	1	93	93	0.0018749660605302289	1	1	248	188	0	9	+T
D6_BC42_consensus_vsearch	1178	C	*/-T	398	37	8.17%	2	2	93	93	3.271602743198841E-12	1	1	238	160	7	30	-T
D6_BC42_consensus_vsearch	1178	C	*/-TT	398	9	1.99%	2	2	93	93	0.0018677548734163589	1	1	238	160	8	1	-T
D6_BC42_consensus_vsearch	1180	T	*/-C	399	42	9.31%	2	2	93	93	8.159666194745932E-14	1	1	231	168	7	35	-C
D6_BC42_consensus_vsearch	1181	C	*/+T	389	12	2.88%	2	2	93	93	2.245840498305788E-4	1	1	237	152	1	11	+T
D6_BC42_consensus_vsearch	1181	C	*/-G	389	9	2.16%	2	2	93	93	0.0018658477399051397	1	1	237	152	5	4	+T
D6_BC42_consensus_vsearch	1184	C	*/-A	429	14	3.08%	2	2	93	93	5.498981101612605E-5	1	1	233	196	11	3	-A
D6_BC42_consensus_vsearch	1185	A	*/+G	385	12	2.71%	2	2	93	93	2.2439240943114192E-4	1	1	200	185	8	4	+G
D6_BC42_consensus_vsearch	1185	A	*/-G	385	17	3.84%	2	2	93	93	6.419225802716349E-6	1	1	200	185	7	10	-G
D6_BC42_consensus_vsearch	1198	T	*/-A	435	7	1.54%	2	1	93	93	0.007627752045228881	1	1	247	188	0	7	-A
D6_BC42_consensus_vsearch	1205	T	*/+C	436	16	3.49%	2	1	93	93	1.3330968393872219E-5	1	1	252	184	0	16	+C
D6_BC42_consensus_vsearch	1206	T	*/-C	436	14	3.04%	2	1	93	93	5.5080471059265496E-5	1	1	247	189	0	14	-C
D6_BC42_consensus_vsearch	1207	C	*/+G	417	17	3.81%	2	2	93	93	6.503109267247564E-6	1	1	250	167	1	16	+G
D6_BC42_consensus_vsearch	1211	T	*/+G	433	11	2.4%	2	2	93	93	4.5861543978572406E-4	1	1	241	192	8	3	+G
D6_BC42_consensus_vsearch	1212	A	*/-G	438	9	1.97%	2	2	93	93	0.001875312003649851	1	1	242	196	7	2	-G
D6_BC42_consensus_vsearch	1215	C	*/+T	380	29	6.32%	2	2	93	93	1.1136429405767018E-9	1	1	206	174	26	3	+T
D6_BC42_consensus_vsearch	1215	C	*/-T	380	42	9.15%	2	2	93	93	7.772829797998222E-14	1	1	206	174	19	23	-T
D6_BC42_consensus_vsearch	1215	C	*/-TT	380	7	1.53%	2	2	93	93	0.007601633344865528	1	1	206	174	2	5	-T
D6_BC42_consensus_vsearch	1218	T	*/-C	441	9	1.96%	2	2	93	93	0.0018758252149176666	1	1	241	200	5	4	-C
D6_BC42_consensus_vsearch	1220	G	*/+C	341	7	1.53%	2	2	93	93	0.007578139567014644	1	1	166	175	2	5	+C
D6_BC42_consensus_vsearch	1220	G	*/-C	341	91	19.91%	2	2	93	93	2.003506791292962E-30	1	1	166	175	69	22	-C
D6_BC42_consensus_vsearch	1228	A	*/-C	424	7	1.54%	2	2	93	93	0.007623059056742502	1	1	223	201	4	3	-C
D6_BC42_consensus_vsearch	1229	C	*/+T	436	12	2.67%	2	1	93	93	2.2658584690234848E-4	1	1	247	189	0	12	+T
D6_BC42_consensus_vsearch	1231	C	*/-A	430	15	3.27%	2	2	93	93	2.7068371529022044E-5	1	1	237	193	9	6	-A
D6_BC42_consensus_vsearch	1236	T	*/+C	442	8	1.75%	2	1	93	93	0.0037856020174325917	1	1	251	191	0	8	+C
D6_BC42_consensus_vsearch	1245	G	*/-A	428	20	4.4%	2	1	93	93	7.678029872918344E-7	1	1	224	204	20	0	-A
D6_BC42_consensus_vsearch	1246	A	*/-T	413	17	3.91%	2	2	93	93	6.49326387450149E-6	1	1	213	200	14	3	-T
D6_BC42_consensus_vsearch	1249	T	*/+G	443	9	1.96%	2	2	93	93	0.001876163611738018	1	1	247	196	1	8	+G
D6_BC42_consensus_vsearch	1251	C	*/-AC	405	33	7.27%	2	1	93	93	6.224300717447606E-11	1	1	212	193	33	0	-AC
D6_BC42_consensus_vsearch	1255	T	*/+C	439	9	1.96%	2	1	93	93	0.0018754838294876201	1	1	239	200	9	0	+C
D6_BC42_consensus_vsearch	1256	C	*/+A	437	13	2.84%	2	1	93	93	1.1179949160089705E-4	1	1	235	202	13	0	+A
D6_BC42_consensus_vsearch	1257	A	*/+G	428	10	2.18%	2	2	93	93	9.271400825692105E-4	1	1	237	191	3	7	+G
D6_BC42_consensus_vsearch	1257	A	*/-G	428	9	1.97%	2	2	93	93	0.0018735509751739627	1	1	237	191	8	1	+G
D6_BC42_consensus_vsearch	1262	C	*/+AA	415	20	4.42%	2	1	93	93	7.62730484821208E-7	1	1	245	170	0	20	+AA
D6_BC42_consensus_vsearch	1262	C	*/-G	415	7	1.55%	2	1	93	93	0.007619038242851565	1	1	245	170	7	0	+AA
D6_BC42_consensus_vsearch	1264	C	*/-T	405	35	7.63%	2	2	93	93	1.4395980926012305E-11	1	1	242	163	1	34	-T
D6_BC42_consensus_vsearch	1265	T	*/-AC	407	12	2.82%	2	1	93	93	2.2540235260924642E-4	1	1	238	169	12	0	-AC
D6_BC42_consensus_vsearch	1267	C	*/+A	388	7	1.57%	2	1	93	93	0.007605882130108492	1	1	233	155	7	0	+A
D6_BC42_consensus_vsearch	1267	C	*/+AT	388	8	1.79%	2	1	93	93	0.0037692867193449852	1	1	233	155	0	8	+AT
D6_BC42_consensus_vsearch	1270	G	*/-C	434	7	1.55%	2	1	93	93	0.007627335039353406	1	1	241	193	0	7	-C
D6_BC42_consensus_vsearch	1272	C	*/-TC	439	14	3.05%	2	1	93	93	5.511849899446151E-5	1	1	253	186	0	14	-TC
D6_BC42_consensus_vsearch	1273	T	*/-C	424	8	1.81%	2	2	93	93	0.0037806132981311326	1	1	246	178	2	6	-C
D6_BC42_consensus_vsearch	1275	C	*/-A	448	7	1.53%	2	2	93	93	0.00763300706774014	1	1	247	201	6	1	-A
D6_BC42_consensus_vsearch	1276	A	*/-C	419	24	5.31%	2	2	93	93	4.328014671818065E-8	1	1	219	200	22	2	-C
D6_BC42_consensus_vsearch	1280	G	*/-A	422	27	5.92%	2	1	93	93	4.980230406028123E-9	1	1	219	203	27	0	-A
D6_BC42_consensus_vsearch	1285	T	*/-C	391	50	10.87%	2	2	93	93	2.037377282473095E-16	1	1	240	151	8	42	-C
D6_BC42_consensus_vsearch	1285	T	*/-CCT	391	9	1.96%	2	2	93	93	0.0018662788735768444	1	1	240	151	1	8	-C
D6_BC42_consensus_vsearch	1288	T	*/-CT	423	10	2.24%	2	1	93	93	9.26578056881533E-4	1	1	245	178	0	10	-CT
D6_BC42_consensus_vsearch	1296	C	*/+A	440	9	1.97%	2	1	93	93	0.0018756548982491606	1	1	246	194	0	9	+A
D6_BC42_consensus_vsearch	1297	A	*/+C	365	15	3.3%	2	2	93	93	2.650806354364234E-5	1	1	176	189	10	5	+C
D6_BC42_consensus_vsearch	1297	A	*/-C	365	58	12.78%	2	2	93	93	4.256017015728708E-19	1	1	176	189	52	6	-C
D6_BC42_consensus_vsearch	1297	A	*/-CC	365	9	1.98%	2	1	93	93	0.001860319163569236	1	1	176	189	9	0	-C
D6_BC42_consensus_vsearch	1317	A	*/+C	439	9	1.96%	2	1	93	93	0.0018754838294876201	1	1	235	204	9	0	+C
D6_BC42_consensus_vsearch	1322	C	*/-T	407	36	7.88%	2	2	93	93	6.936289191173096E-12	1	1	240	167	4	32	-T
D6_BC42_consensus_vsearch	1325	T	*/+C	414	29	6.3%	2	1	93	93	1.1600245787067277E-9	1	1	215	199	29	0	+C
D6_BC42_consensus_vsearch	1325	T	*/+CC	414	7	1.52%	2	1	93	93	0.007618580925465677	1	1	215	199	7	0	+C
D6_BC42_consensus_vsearch	1326	C	*/-GG	433	11	2.43%	2	1	93	93	4.5861543978572406E-4	1	1	246	187	0	11	-GG
D6_BC42_consensus_vsearch	1337	A	*/-TA	439	8	1.75%	2	2	93	93	0.003784798257927548	1	1	237	202	7	1	-TA
D6_BC42_consensus_vsearch	1346	C	*/+T	412	21	4.64%	2	1	93	93	3.719565559301011E-7	1	1	240	172	0	21	+T
D6_BC42_consensus_vsearch	1346	C	*/-T	412	12	2.65%	2	2	93	93	2.2561765155391507E-4	1	1	240	172	6	6	+T
D6_BC42_consensus_vsearch	1348	A	*/-C	443	7	1.53%	2	2	93	93	0.00763102167395619	1	1	241	202	6	1	-C
D6_BC42_consensus_vsearch	1352	C	*/-G	439	7	1.54%	2	1	93	93	0.00762940145447119	1	1	249	190	0	7	-G
D6_BC42_consensus_vsearch	1363	C	*/-A	427	13	2.9%	2	1	93	93	1.1157316780867368E-4	1	1	233	194	13	0	-A
D6_BC42_consensus_vsearch	1365	G	*/-A	431	19	4.16%	2	1	93	93	1.5710001205756403E-6	1	1	227	204	19	0	-A
D6_BC42_consensus_vsearch	1369	G	*/+T	426	24	5.22%	2	1	93	93	4.3502009152175485E-8	1	1	248	178	0	24	+T
D6_BC42_consensus_vsearch	1370	T	*/+C	423	10	2.19%	2	1	93	93	9.26578056881533E-4	1	1	240	183	10	0	+C
D6_BC42_consensus_vsearch	1370	T	*/-C	423	14	3.06%	2	2	93	93	5.490987823300768E-5	1	1	240	183	2	12	-C
D6_BC42_consensus_vsearch	1371	C	*/-T	416	23	5.17%	2	1	93	93	8.868699047021173E-8	1	1	250	166	0	23	-T
D6_BC42_consensus_vsearch	1372	T	*/-G	415	15	3.45%	2	2	93	93	2.6953413247305517E-5	1	1	250	165	2	13	-G
D6_BC42_consensus_vsearch	1375	T	*/-C	342	114	24.84%	2	2	93	93	1.470643251775998E-38	1	1	143	199	108	6	-C
D6_BC42_consensus_vsearch	1377	C	*/+G	401	7	1.53%	2	2	93	93	0.007612432822507446	1	1	245	156	1	6	+G
D6_BC42_consensus_vsearch	1377	C	*/-G	401	10	2.18%	2	2	93	93	9.239453265076358E-4	1	1	245	156	2	8	-G
D6_BC42_consensus_vsearch	1377	C	*/-GG	401	26	5.66%	2	1	93	93	1.0065383440575144E-8	1	1	245	156	0	26	-GG
D6_BC42_consensus_vsearch	1383	T	*/+C	433	11	2.41%	2	1	93	93	4.5861543978572406E-4	1	1	239	194	11	0	+C
D6_BC42_consensus_vsearch	1384	C	*/+A	435	8	1.77%	2	2	93	93	0.0037837097715777354	1	1	242	193	7	1	+A
D6_BC42_consensus_vsearch	1388	G	*/+C	370	8	1.76%	2	2	93	93	0.003762821512880718	1	1	236	134	6	2	+C
D6_BC42_consensus_vsearch	1388	G	*/-C	370	74	16.3%	2	2	93	93	1.9126545583415083E-24	1	1	236	134	9	65	-C
D6_BC42_consensus_vsearch	1392	T	*/+C	417	7	1.56%	2	2	93	93	0.007619946437356769	1	1	223	194	6	1	+C
D6_BC42_consensus_vsearch	1392	T	*/-C	417	9	2%	2	2	93	93	0.0018715194418685113	1	1	223	194	7	2	-C
D6_BC42_consensus_vsearch	1392	T	*/-CCA	417	10	2.23%	2	1	93	93	9.258865234089794E-4	1	1	223	194	10	0	-CCA
D6_BC42_consensus_vsearch	1394	C	*/-A	417	8	1.79%	2	1	93	93	0.003778560011928581	1	1	216	201	8	0	-A
D6_BC42_consensus_vsearch	1394	C	*/-AC	417	14	3.12%	2	1	93	93	5.4827805419876506E-5	1	1	216	201	14	0	-AC
D6_BC42_consensus_vsearch	1398	A	*/+C	445	9	1.97%	2	1	93	93	0.0018764990590094985	1	1	241	204	9	0	+C
D6_BC42_consensus_vsearch	1399	C	*/+A	442	9	1.97%	2	1	93	93	0.0018759947844450028	1	1	238	204	9	0	+A
D6_BC42_consensus_vsearch	1401	G	*/-A	439	12	2.62%	2	1	93	93	2.266998039975627E-4	1	1	234	205	12	0	-A
D6_BC42_consensus_vsearch	1402	A	*/-G	418	20	4.48%	2	2	93	93	7.639253725032686E-7	1	1	217	201	18	2	-G
D6_BC42_consensus_vsearch	1405	T	*/-C	437	11	2.4%	2	2	93	93	4.588752277082112E-4	1	1	240	197	8	3	-C
D6_BC42_consensus_vsearch	1411	C	*/-T	418	14	3.08%	2	2	93	93	5.4841636470744183E-5	1	1	240	178	3	11	-T
D6_BC42_consensus_vsearch	1411	C	*/-TT	418	14	3.08%	2	2	93	93	5.4841636470744183E-5	1	1	240	178	5	9	-T
D6_BC42_consensus_vsearch	1411	C	*/-TTT	418	7	1.54%	2	2	93	93	0.007620397344640596	1	1	240	178	3	4	-T
D6_BC42_consensus_vsearch	1414	T	*/+C	427	10	2.21%	2	1	93	93	9.270286906046182E-4	1	1	232	195	10	0	+C
D6_BC42_consensus_vsearch	1415	C	*/-A	442	8	1.77%	2	2	93	93	0.0037856020174325917	1	1	242	200	7	1	-A
D6_BC42_consensus_vsearch	1417	C	*/+T	425	13	2.84%	2	2	93	93	1.115267016392494E-4	1	1	246	179	3	10	+T
D6_BC42_consensus_vsearch	1417	C	*/-T	425	8	1.75%	2	2	93	93	0.0037809012469126957	1	1	246	179	2	6	+T
D6_BC42_consensus_vsearch	1428	C	*/-GC	436	17	3.7%	2	2	93	93	6.547641382423795E-6	1	1	238	198	12	5	-GC
D6_BC42_consensus_vsearch	1429	G	*/+C	420	10	2.28%	2	1	93	93	9.262346650300045E-4	1	1	236	184	0	10	+C
D6_BC42_consensus_vsearch	1430	C	*/-T	425	8	1.82%	2	2	93	93	0.0037809012469126957	1	1	239	186	1	7	-T
D6_BC42_consensus_vsearch	1431	T	*/+C	405	26	5.76%	2	2	93	93	1.0103233256682816E-8	1	1	222	183	25	1	+C
D6_BC42_consensus_vsearch	1431	T	*/-C	405	7	1.55%	2	1	93	93	0.007614365665405034	1	1	222	183	0	7	+C
D6_BC42_consensus_vsearch	1432	C	*/-G	428	17	3.77%	2	2	93	93	6.529326572028581E-6	1	1	242	186	8	9	-G
D6_BC42_consensus_vsearch	1435	G	*/-T	375	70	15.22%	2	2	93	93	4.4473070383521704E-23	1	1	189	186	60	10	-T
D6_BC42_consensus_vsearch	1439	T	*/+C	419	7	1.53%	2	2	93	93	0.007620846145152445	1	1	225	194	4	3	+C
D6_BC42_consensus_vsearch	1439	T	*/-C	419	27	5.88%	2	2	93	93	4.9663382818736164E-9	1	1	225	194	21	6	-C
D6_BC42_consensus_vsearch	1442	A	*/+C	424	8	1.77%	2	2	93	93	0.0037806132981311326	1	1	232	192	7	1	+C
D6_BC42_consensus_vsearch	1442	A	*/-C	424	17	3.75%	2	2	93	93	6.519935125426091E-6	1	1	232	192	5	12	-C
D6_BC42_consensus_vsearch	1445	C	*/-A	440	10	2.17%	2	2	93	93	9.284387427353376E-4	1	1	245	195	6	4	-A
D6_BC42_consensus_vsearch	1449	C	*/-A	445	7	1.53%	2	1	93	93	0.007631821078608308	1	1	241	204	7	0	-A
D6_BC42_consensus_vsearch	1450	A	*/+C	439	7	1.55%	2	1	93	93	0.00762940145447119	1	1	241	198	0	7	+C
D6_BC42_consensus_vsearch	1452	T	*/-C	436	13	2.86%	2	2	93	93	1.1177729905704128E-4	1	1	250	186	2	11	-C
D6_BC42_consensus_vsearch	1464	T	*/+G	428	18	3.94%	2	2	93	93	3.20237453644594E-6	1	1	228	200	17	1	+G
D6_BC42_consensus_vsearch	1465	A	*/+G	408	15	3.3%	2	1	93	93	2.6897105828015778E-5	1	1	223	185	0	15	+G
D6_BC42_consensus_vsearch	1465	A	*/-G	408	11	2.42%	2	1	93	93	4.5688172943049915E-4	1	1	223	185	11	0	+G
D6_BC42_consensus_vsearch	1467	A	*/+C	426	10	2.2%	2	1	93	93	9.269167954843176E-4	1	1	232	194	0	10	+C
D6_BC42_consensus_vsearch	1467	A	*/+G	426	12	2.64%	2	1	93	93	2.2619500050778872E-4	1	1	232	194	12	0	+G
D6_BC42_consensus_vsearch	1469	T	*/-C	418	28	6.15%	2	2	93	93	2.4056598151470424E-9	1	1	250	168	4	24	-C
D6_BC42_consensus_vsearch	1471	C	*/-T	425	17	3.73%	2	2	93	93	6.522297955848449E-6	1	1	250	175	2	15	-T
D6_BC42_consensus_vsearch	1473	T	*/-G	445	7	1.52%	2	1	93	93	0.007631821078608308	1	1	250	195	0	7	-G
D6_BC42_consensus_vsearch	1476	T	*/-C	445	7	1.53%	2	1	93	93	0.007631821078608308	1	1	240	205	7	0	-C
D6_BC42_consensus_vsearch	1481	G	*/-T	441	8	1.75%	2	1	93	93	0.0037853352821818676	1	1	238	203	8	0	-T
D6_BC42_consensus_vsearch	1484	T	*/+C	441	10	2.18%	2	2	93	93	9.285438910684086E-4	1	1	238	203	8	2	+C
D6_BC42_consensus_vsearch	1490	C	*/-G	430	15	3.26%	2	2	93	93	2.7068371529022044E-5	1	1	246	184	1	14	-G
D6_BC42_consensus_vsearch	1496	G	*/+T	431	7	1.54%	2	2	93	93	0.007626072650234986	1	1	238	193	5	2	+T
D6_BC42_consensus_vsearch	1496	G	*/-T	431	10	2.19%	2	2	93	93	9.274712732448419E-4	1	1	238	193	6	4	-T
D6_BC42_consensus_vsearch	1499	T	*/+A	406	18	3.92%	2	1	93	93	3.172821898030405E-6	1	1	219	187	18	0	+A
D6_BC42_consensus_vsearch	1499	T	*/-A	406	18	3.92%	2	2	93	93	3.172821898030405E-6	1	1	219	187	11	7	+A
D6_BC42_consensus_vsearch	1506	A	*/-T	441	11	2.41%	2	2	93	93	4.5913050649285826E-4	1	1	240	201	7	4	-T
D6_BC42_consensus_vsearch	1511	G	*/+C	444	8	1.75%	2	1	93	93	0.0037861319732248877	1	1	239	205	8	0	+C
D6_BC42_consensus_vsearch	1518	T	*/+C	420	19	4.14%	2	1	93	93	1.5632171313242003E-6	1	1	214	206	19	0	+C
D6_BC42_consensus_vsearch	1518	T	*/-C	420	15	3.27%	2	1	93	93	2.6992573667884224E-5	1	1	214	206	15	0	+C
D6_BC42_consensus_vsearch	1521	T	*/-A	436	8	1.76%	2	2	93	93	0.003783983718069795	1	1	244	192	5	3	-A
D6_BC42_consensus_vsearch	1527	C	*/+A	436	7	1.54%	2	1	93	93	0.007628167177128368	1	1	232	204	7	0	+A
D6_BC42_consensus_vsearch	1528	G	*/+A	429	7	1.54%	2	1	93	93	0.007625221451403564	1	1	226	203	7	0	+A
D6_BC42_consensus_vsearch	1528	G	*/-A	429	18	3.95%	2	1	93	93	3.2036534900985633E-6	1	1	226	203	18	0	-A
D6_BC42_consensus_vsearch	1533	T	*/-G	439	13	2.83%	2	2	93	93	1.1184359100871172E-4	1	1	248	191	5	8	-G
D6_BC42_consensus_vsearch	1535	G	*/+C	390	32	7.02%	2	1	93	93	1.2643104385131093E-10	1	1	192	198	32	0	+C
D6_BC42_consensus_vsearch	1535	G	*/-C	390	29	6.36%	2	2	93	93	1.1278915409860034E-9	1	1	192	198	28	1	+C
D6_BC42_consensus_vsearch	1537	C	*/+A	389	10	2.18%	2	1	93	93	9.223889705434762E-4	1	1	225	164	10	0	+A
D6_BC42_consensus_vsearch	1537	C	*/+G	389	7	1.53%	2	2	93	93	0.0076064012202881484	1	1	225	164	2	5	+A
D6_BC42_consensus_vsearch	1537	C	*/-GA	389	7	1.53%	2	2	93	93	0.0076064012202881484	1	1	225	164	3	4	+A
D6_BC42_consensus_vsearch	1538	G	*/-AA	420	19	4.24%	2	2	93	93	1.5632171313242003E-6	1	1	228	192	14	5	-AA
D6_BC42_consensus_vsearch	1541	G	*/+C	407	18	3.95%	2	2	93	93	3.1742267644279673E-6	1	1	215	192	13	5	+C
D6_BC42_consensus_vsearch	1541	G	*/-C	407	21	4.61%	2	2	93	93	3.708521351455572E-7	1	1	215	192	15	6	-C
D6_BC42_consensus_vsearch	1542	C	*/+T	417	7	1.64%	2	1	93	93	0.007619946437356769	1	1	226	191	0	7	+T
D6_BC42_consensus_vsearch	1546	G	*/-C	441	8	1.76%	2	1	93	93	0.0037853352821818676	1	1	240	201	8	0	-C
D6_BC42_consensus_vsearch	1550	G	*/-A	425	27	5.9%	2	1	93	93	4.993970530859045E-9	1	1	220	205	27	0	-A
D6_BC42_consensus_vsearch	1556	G	*/-TG	440	7	1.54%	2	2	93	93	0.007629809215418646	1	1	247	193	1	6	-TG
D6_BC42_consensus_vsearch	1560	T	*/+G	431	15	3.34%	2	2	93	93	2.70757726321695E-5	1	1	241	190	4	11	+G
D6_BC42_consensus_vsearch	1561	G	*/-A	444	8	1.76%	2	2	93	93	0.0037861319732248877	1	1	241	203	7	1	-A
D6_BC42_consensus_vsearch	1565	T	*/+C	363	14	3.09%	2	2	93	93	5.39767472832291E-5	1	1	230	133	10	4	+C
D6_BC42_consensus_vsearch	1565	T	*/-C	363	53	11.7%	2	2	93	93	1.8927069700436445E-17	1	1	230	133	12	41	-C
D6_BC42_consensus_vsearch	1565	T	*/-CCT	363	21	4.64%	2	1	93	93	3.600358141784112E-7	1	1	230	133	0	21	-C
D6_BC42_consensus_vsearch	1568	T	*/-C	405	11	2.55%	2	2	93	93	4.566599754610742E-4	1	1	235	170	2	9	-C
D6_BC42_consensus_vsearch	1569	C	*/-A	377	57	12.78%	2	1	93	93	9.693039209825966E-19	1	1	191	186	57	0	-A
D6_BC42_consensus_vsearch	1571	C	*/-T	423	30	6.58%	2	2	93	93	5.669210641876191E-10	1	1	249	174	1	29	-T
D6_BC42_consensus_vsearch	1572	T	*/+C	351	32	7.53%	2	2	93	93	1.184884202234528E-10	1	1	186	165	31	1	+C
D6_BC42_consensus_vsearch	1572	T	*/-C	351	34	8%	2	2	93	93	2.7168106281080845E-11	1	1	186	165	27	7	-C
D6_BC42_consensus_vsearch	1581	C	*/-G	443	7	1.54%	2	2	93	93	0.00763102167395619	1	1	244	199	2	5	-G
D6_BC42_consensus_vsearch	1591	C	*/+GC	447	7	1.52%	2	1	93	93	0.007632613471737004	1	1	251	196	0	7	+GC
D6_BC42_consensus_vsearch	1592	T	*/-A	389	12	2.61%	2	2	93	93	2.245840498305788E-4	1	1	234	155	7	5	-A
D6_BC42_consensus_vsearch	1594	G	*/-A	435	14	3.06%	2	2	93	93	5.5067686315232855E-5	1	1	232	203	13	1	-A
D6_BC42_consensus_vsearch	1595	A	*/-G	391	33	7.52%	2	1	93	93	6.091852997550975E-11	1	1	192	199	33	0	-G
D6_BC42_consensus_vsearch	1599	T	*/+G	433	7	1.54%	2	1	93	93	0.0076269161468125015	1	1	247	186	0	7	+G
D6_BC42_consensus_vsearch	1606	C	*/-AC	405	34	7.42%	2	2	93	93	2.9950454991493754E-11	1	1	209	196	29	5	-AC
D6_BC42_consensus_vsearch	1606	C	*/-ACC	405	7	1.53%	2	1	93	93	0.007614365665405034	1	1	209	196	7	0	-AC
D6_BC42_consensus_vsearch	1607	A	*/+C	361	19	4.62%	2	1	93	93	1.514486893723883E-6	1	1	162	199	19	0	+C
D6_BC42_consensus_vsearch	1607	A	*/-C	361	21	5.11%	2	2	93	93	3.594918527525941E-7	1	1	162	199	20	1	-C
D6_BC42_consensus_vsearch	1610	C	*/+G	360	9	1.97%	2	1	93	93	0.0018590780544759323	1	1	234	126	0	9	+G
D6_BC42_consensus_vsearch	1610	C	*/-G	360	14	3.06%	2	1	93	93	5.3922580061608375E-5	1	1	234	126	14	0	-G
D6_BC42_consensus_vsearch	1611	G	*/-AG	416	11	2.47%	2	1	93	93	4.574581519691363E-4	1	1	210	206	11	0	-AG
D6_BC42_consensus_vsearch	1612	A	*/-G	369	57	12.95%	2	2	93	93	9.316181725383027E-19	1	1	167	202	54	3	-G
D6_BC42_consensus_vsearch	1620	A	*/-CA	423	24	5.27%	2	2	93	93	4.340766080585726E-8	1	1	235	188	10	14	-CA
D6_BC42_consensus_vsearch	1624	T	*/+C	397	29	6.32%	2	2	93	93	1.1375555891866163E-9	1	1	212	185	27	2	+C
D6_BC42_consensus_vsearch	1624	T	*/+CC	397	10	2.18%	2	1	93	93	9.234365709559712E-4	1	1	212	185	10	0	+C
D6_BC42_consensus_vsearch	1624	T	*/-C	397	20	4.36%	2	2	93	93	7.55234345906367E-7	1	1	212	185	5	15	-C
D6_BC42_consensus_vsearch	1626	C	*/-T	444	9	1.97%	2	1	93	93	0.0018763317016516773	1	1	254	190	0	9	-T
D6_BC42_consensus_vsearch	1633	C	*/+T	314	20	4.36%	2	1	93	93	7.114423962555464E-7	1	1	184	130	20	0	+T
D6_BC42_consensus_vsearch	1633	C	*/-T	314	107	23.31%	2	2	93	93	2.6878612561166342E-36	1	1	184	130	38	69	-T
D6_BC42_consensus_vsearch	1633	C	*/-TT	314	14	3.05%	2	2	93	93	5.297422452107472E-5	1	1	184	130	8	6	-T
D6_BC42_consensus_vsearch	1638	T	*/+C	424	7	1.52%	2	2	93	93	0.007623059056742502	1	1	235	189	1	6	+C
D6_BC42_consensus_vsearch	1638	T	*/-C	424	22	4.78%	2	2	93	93	1.8284453348894272E-7	1	1	235	189	17	5	-C
D6_BC42_consensus_vsearch	1641	C	*/-GC	411	8	1.74%	2	2	93	93	0.003776745880714396	1	1	246	165	1	7	-GC
D6_BC42_consensus_vsearch	1647	C	*/+A	291	20	4.37%	2	2	93	93	6.956973360622433E-7	1	1	185	106	14	6	+A
D6_BC42_consensus_vsearch	1647	C	*/-A	291	114	24.89%	2	2	93	93	4.450466360945001E-39	1	1	185	106	45	69	-A
D6_BC42_consensus_vsearch	1647	C	*/-AAA	291	19	4.15%	2	2	93	93	1.4353091219079615E-6	1	1	185	106	2	17	-A
D6_BC42_consensus_vsearch	1659	T	*/+G	433	7	1.55%	2	1	93	93	0.0076269161468125015	1	1	247	186	0	7	+G
D6_BC42_consensus_vsearch	1661	G	*/+C	423	11	2.4%	2	2	93	93	4.5794544103178105E-4	1	1	225	198	10	1	+C
D6_BC42_consensus_vsearch	1661	G	*/-C	423	18	3.92%	2	2	93	93	3.195898836048293E-6	1	1	225	198	17	1	-C
D6_BC42_consensus_vsearch	1671	T	*/-AG	435	8	1.77%	2	1	93	93	0.0037837097715777354	1	1	234	201	8	0	-AG
D6_BC42_consensus_vsearch	1672	A	*/+G	306	9	2.02%	2	2	93	93	0.0018432024399252702	1	1	195	111	6	3	+G
D6_BC42_consensus_vsearch	1672	A	*/-G	306	124	27.87%	2	2	93	93	1.4259978102813856E-42	1	1	195	111	35	89	-G
D6_BC42_consensus_vsearch	1674	G	*/-A	427	17	3.7%	2	2	93	93	6.526993615927746E-6	1	1	232	195	15	2	-A
D6_BC42_consensus_vsearch	1680	C	*/-A	416	20	4.39%	2	2	93	93	7.631304417463694E-7	1	1	220	196	19	1	-A
D6_BC42_consensus_vsearch	1680	C	*/-AC	416	10	2.19%	2	1	93	93	9.257694036262042E-4	1	1	220	196	10	0	-A
D6_BC42_consensus_vsearch	1681	A	*/-C	392	22	5.14%	2	2	93	93	1.79033196422273E-7	1	1	207	185	7	15	-C
D6_BC42_consensus_vsearch	1683	C	*/-A	381	35	7.68%	2	2	93	93	1.3798442891132895E-11	1	1	244	137	3	32	-A
D6_BC42_consensus_vsearch	1683	C	*/-AA	381	22	4.82%	2	1	93	93	1.7760039701324427E-7	1	1	244	137	0	22	-A
D6_BC42_consensus_vsearch	1684	A	*/+GA	385	7	1.75%	2	1	93	93	0.007604309052101333	1	1	240	145	7	0	+GA
D6_BC42_consensus_vsearch	1689	G	*/+A	436	8	1.75%	2	1	93	93	0.003783983718069795	1	1	231	205	8	0	+A
D6_BC42_consensus_vsearch	1689	G	*/-A	436	7	1.53%	2	2	93	93	0.007628167177128368	1	1	231	205	6	1	+A
D6_BC42_consensus_vsearch	1690	A	*/+G	428	9	2%	2	2	93	93	0.0018735509751739627	1	1	226	202	8	1	+G
D6_BC42_consensus_vsearch	1693	C	*/+A	422	10	2.19%	2	2	93	93	9.264641146701706E-4	1	1	229	193	9	1	+A
D6_BC42_consensus_vsearch	1693	C	*/-A	422	12	2.63%	2	2	93	93	2.2603374744065776E-4	1	1	229	193	10	2	-A
D6_BC42_consensus_vsearch	1695	A	*/-G	440	7	1.54%	2	2	93	93	0.007629809215418646	1	1	245	195	5	2	-G
D6_BC42_consensus_vsearch	1700	G	*/-A	439	11	2.42%	2	2	93	93	4.5900342337653016E-4	1	1	239	200	8	3	-A
D6_BC42_consensus_vsearch	1701	A	*/+G	434	8	1.78%	2	1	93	93	0.0037834345948323136	1	1	235	199	8	0	+G
D6_BC42_consensus_vsearch	1703	T	*/-C	313	143	31.09%	2	1	93	93	1.5463239314101533E-49	1	1	107	206	143	0	-C
D6_BC42_consensus_vsearch	1704	C	*/+T	307	8	2.52%	2	1	93	93	0.003734436213792579	1	1	109	198	0	8	+T
D6_BC42_consensus_vsearch	1705	C	*/-T	447	11	2.39%	2	2	93	93	4.595052234613434E-4	1	1	250	197	3	8	-T
D6_BC42_consensus_vsearch	1707	A	*/-G	441	7	1.53%	2	1	93	93	0.0076302151642897355	1	1	245	196	0	7	-G
D6_BC42_consensus_vsearch	1709	C	*/+A	389	10	2.21%	2	2	93	93	9.223889705434762E-4	1	1	238	151	4	6	+A
D6_BC42_consensus_vsearch	1709	C	*/-A	389	39	8.61%	2	2	93	93	7.345656496589654E-13	1	1	238	151	3	36	-A
D6_BC42_consensus_vsearch	1714	G	*/-CG	443	7	1.52%	2	2	93	93	0.00763102167395619	1	1	240	203	6	1	-CG
D6_BC42_consensus_vsearch	1719	T	*/+G	444	7	1.53%	2	1	93	93	0.007631422258539495	1	1	249	195	0	7	+G
D6_BC42_consensus_vsearch	1722	C	*/-T	440	9	1.98%	2	2	93	93	0.0018756548982491606	1	1	244	196	6	3	-T
D6_BC42_consensus_vsearch	1724	T	*/+C	428	7	1.53%	2	2	93	93	0.007624792930600719	1	1	239	189	2	5	+C
D6_BC42_consensus_vsearch	1725	C	*/-A	423	13	2.87%	2	2	93	93	1.1147982255220776E-4	1	1	238	185	5	8	-A
D6_BC42_consensus_vsearch	1729	C	*/+T	429	10	2.21%	2	1	93	93	9.272509747675099E-4	1	1	250	179	0	10	+T
D6_BC42_consensus_vsearch	1733	T	*/+C	311	13	2.84%	2	2	93	93	1.0796978097540301E-4	1	1	217	94	9	4	+C
D6_BC42_consensus_vsearch	1733	T	*/-C	311	117	25.55%	2	2	93	93	5.991719440424086E-40	1	1	217	94	26	91	-C
D6_BC42_consensus_vsearch	1733	T	*/-CC	311	10	2.18%	2	1	93	93	9.09495348801856E-4	1	1	217	94	0	10	-C
D6_BC42_consensus_vsearch	1736	C	*/-T	389	53	11.6%	2	2	93	93	2.1144567103798567E-17	1	1	246	143	1	52	-T
D6_BC42_consensus_vsearch	1739	T	*/+C	440	11	2.4%	2	2	93	93	4.590671030956891E-4	1	1	239	201	10	1	+C
D6_BC42_consensus_vsearch	1745	A	*/-T	442	7	1.52%	2	1	93	93	0.007630619313173879	1	1	240	202	7	0	-T
D6_BC42_consensus_vsearch	1749	C	*/-AC	436	15	3.28%	2	1	93	93	2.7112307341626823E-5	1	1	236	200	15	0	-AC
D6_BC42_consensus_vsearch	1757	G	*/-T	436	12	2.62%	2	1	93	93	2.2658584690234848E-4	1	1	232	204	12	0	-T
D6_BC42_consensus_vsearch	1760	T	*/-A	448	7	1.52%	2	2	93	93	0.00763300706774014	1	1	244	204	6	1	-A
D6_BC42_consensus_vsearch	1766	T	*/-C	397	32	7.03%	2	2	93	93	1.2774616796883327E-10	1	1	249	148	3	29	-C
D6_BC42_consensus_vsearch	1766	T	*/-CT	397	17	3.74%	2	2	93	93	6.452103051473397E-6	1	1	249	148	1	16	-C
D6_BC42_consensus_vsearch	1768	T	*/+CT	429	8	1.82%	2	2	93	93	0.0037820399638697363	1	1	248	181	4	4	+CT
D6_BC42_consensus_vsearch	1770	T	*/+C	72	289	62.83%	2	2	93	93	3.2081626551796293E-133	1	1	63	9	180	109	+C
D6_BC42_consensus_vsearch	1771	C	*/+A	435	11	2.4%	2	1	93	93	4.587459048221758E-4	1	1	234	201	11	0	+A
D6_BC42_consensus_vsearch	1771	C	*/-A	435	9	1.97%	2	2	93	93	0.0018747919330438447	1	1	234	201	4	5	+A
D6_BC42_consensus_vsearch	1778	C	*/+T	384	18	3.97%	2	2	93	93	3.140282000063732E-6	1	1	204	180	13	5	+T
D6_BC42_consensus_vsearch	1778	C	*/-T	384	41	9.05%	2	2	93	93	1.650665057489392E-13	1	1	204	180	31	10	-T
D6_BC42_consensus_vsearch	1783	C	*/+T	443	8	1.75%	2	2	93	93	0.003785867578538486	1	1	250	193	1	7	+T
D6_BC42_consensus_vsearch	1786	C	*/+T	424	11	2.4%	2	2	93	93	4.580137992598773E-4	1	1	241	183	6	5	+T
D6_BC42_consensus_vsearch	1786	C	*/-T	424	17	3.71%	2	1	93	93	6.519935125426091E-6	1	1	241	183	0	17	-T
D6_BC42_consensus_vsearch	1789	T	*/+C	309	32	6.97%	2	2	93	93	1.0858390559745285E-10	1	1	219	90	9	23	+C
D6_BC42_consensus_vsearch	1789	T	*/-C	309	108	23.53%	2	2	93	93	1.0519991096061669E-36	1	1	219	90	22	86	-C
D6_BC42_consensus_vsearch	1793	T	*/+C	435	10	2.2%	2	1	93	93	9.279060186061013E-4	1	1	237	198	10	0	+C
D6_BC42_consensus_vsearch	1794	C	*/-AC	440	13	2.86%	2	1	93	93	1.1186549909524006E-4	1	1	239	201	13	0	-AC
D6_BC42_consensus_vsearch	1818	T	*/+C	431	9	1.98%	2	2	93	93	0.0018740875957096264	1	1	248	183	2	7	+C
D6_BC42_consensus_vsearch	1818	T	*/-C	431	12	2.64%	2	1	93	93	2.2639257424578987E-4	1	1	248	183	0	12	-C
D6_BC42_consensus_vsearch	1819	C	*/-TC	416	29	6.49%	2	2	93	93	1.1625789255799283E-9	1	1	242	174	11	18	-TC
D6_BC42_consensus_vsearch	1821	C	*/-G	400	11	2.6%	2	2	93	93	4.5628334474193127E-4	1	1	227	173	9	2	-G
D6_BC42_consensus_vsearch	1827	T	*/-A	433	18	3.93%	2	1	93	93	3.208716461205571E-6	1	1	234	199	18	0	-A
D6_BC42_consensus_vsearch	1828	A	*/-T	420	8	1.81%	2	1	93	93	0.003779448151948946	1	1	216	204	8	0	-T
D6_BC42_consensus_vsearch	1831	T	*/-A	445	12	2.61%	2	2	93	93	2.269233384575168E-4	1	1	243	202	10	2	-A
D6_BC42_consensus_vsearch	1834	C	*/-T	430	10	2.18%	2	2	93	93	9.273613705492817E-4	1	1	249	181	2	8	-T
D6_BC42_consensus_vsearch	1843	G	*/-A	415	44	9.57%	2	1	93	93	1.9261211535710024E-14	1	1	210	205	44	0	-A
D6_BC42_consensus_vsearch	1845	G	*/+T	408	8	1.74%	2	2	93	93	0.0037758193480112623	1	1	207	201	6	2	+T
D6_BC42_consensus_vsearch	1845	G	*/-T	408	43	9.35%	2	2	93	93	3.974200449880948E-14	1	1	207	201	40	3	-T
D6_BC42_consensus_vsearch	1849	A	*/-C	448	7	1.53%	2	2	93	93	0.00763300706774014	1	1	247	201	4	3	-C
D6_BC42_consensus_vsearch	1852	A	*/-C	422	30	6.55%	2	2	93	93	5.662775921387683E-10	1	1	237	185	10	20	-C
D6_BC42_consensus_vsearch	1853	C	*/+T	411	10	2.34%	2	1	93	93	9.251755912194793E-4	1	1	240	171	0	10	+T
D6_BC42_consensus_vsearch	1856	A	*/+T	400	18	3.91%	2	2	93	93	3.1642619555543713E-6	1	1	199	201	17	1	+T
D6_BC42_consensus_vsearch	1856	A	*/-T	400	36	7.83%	2	2	93	93	6.850753315211813E-12	1	1	199	201	33	3	-T
D6_BC42_consensus_vsearch	1860	T	*/+G	439	12	2.61%	2	2	93	93	2.266998039975627E-4	1	1	245	194	1	11	+G
D6_BC42_consensus_vsearch	1862	A	*/+G	434	7	1.54%	2	1	93	93	0.007627335039353406	1	1	234	200	7	0	+G
D6_BC42_consensus_vsearch	1870	T	*/+C	415	18	3.91%	2	2	93	93	3.1852487497487506E-6	1	1	229	186	15	3	+C
D6_BC42_consensus_vsearch	1870	T	*/-C	415	17	3.7%	2	2	93	93	6.498207944661731E-6	1	1	229	186	3	14	+C
D6_BC42_consensus_vsearch	1873	C	*/+A	425	10	2.17%	2	2	93	93	9.268043937944601E-4	1	1	241	184	4	6	+A
D6_BC42_consensus_vsearch	1873	C	*/-A	425	7	1.52%	2	2	93	93	0.007623495521158642	1	1	241	184	3	4	+A
D6_BC42_consensus_vsearch	1881	T	*/-C	432	15	3.28%	2	1	93	93	2.7083142079970986E-5	1	1	250	182	0	15	-C
D6_BC42_consensus_vsearch	1885	C	*/+T	428	16	3.52%	2	1	93	93	1.3297986993183741E-5	1	1	248	180	0	16	+T
D6_BC42_consensus_vsearch	1886	T	*/+C	429	10	2.18%	2	2	93	93	9.272509747675099E-4	1	1	251	178	1	9	+C
D6_BC42_consensus_vsearch	1886	T	*/-CT	429	10	2.18%	2	1	93	93	9.272509747675099E-4	1	1	251	178	0	10	+C
D6_BC42_consensus_vsearch	1887	C	*/-T	421	17	3.79%	2	1	93	93	6.5127858630373285E-6	1	1	246	175	0	17	-T
D6_BC42_consensus_vsearch	1893	G	*/-A	387	15	3.27%	2	1	93	93	2.6716994663227938E-5	1	1	186	201	15	0	-A
D6_BC42_consensus_vsearch	1893	G	*/-AG	387	52	11.33%	2	2	93	93	4.458883301846644E-17	1	1	186	201	50	2	-AG
D6_BC42_consensus_vsearch	1901	C	*/+T	442	7	1.53%	2	1	93	93	0.007630619313173879	1	1	238	204	7	0	+T
D6_BC42_consensus_vsearch	1906	A	*/-G	444	7	1.54%	2	2	93	93	0.007631422258539495	1	1	244	200	6	1	-G
D6_BC42_consensus_vsearch	1917	T	*/+C	422	25	5.48%	2	1	93	93	2.110510404694971E-8	1	1	222	200	25	0	+C
D6_BC42_consensus_vsearch	1917	T	*/-C	422	7	1.54%	2	1	93	93	0.007622180052576428	1	1	222	200	7	0	+C
D6_BC42_consensus_vsearch	1919	C	*/+A	427	8	1.74%	2	2	93	93	0.0037814732031268648	1	1	243	184	4	4	+A
D6_BC42_consensus_vsearch	1923	T	*/+C	435	7	1.54%	2	1	93	93	0.007627752045228881	1	1	239	196	7	0	+C
D6_BC42_consensus_vsearch	1924	C	*/-A	398	49	10.7%	2	2	93	93	4.4171445704481273E-16	1	1	203	195	47	2	-A
D6_BC42_consensus_vsearch	1930	C	*/-G	396	51	11.16%	2	2	93	93	9.786243935574938E-17	1	1	238	158	7	44	-G
D6_BC42_consensus_vsearch	1933	G	*/-A	431	28	6.09%	2	1	93	93	2.4365834044236508E-9	1	1	225	206	28	0	-A
D6_BC42_consensus_vsearch	1936	T	*/-C	439	16	3.49%	2	1	93	93	1.334305260639601E-5	1	1	250	189	0	16	-C
D6_BC42_consensus_vsearch	1937	C	*/-TC	426	12	2.71%	2	1	93	93	2.2619500050778872E-4	1	1	252	174	0	12	-TC
D6_BC42_consensus_vsearch	1940	A	*/-C	324	114	24.95%	2	2	93	93	1.0007724518478812E-38	1	1	232	92	15	99	-C
D6_BC42_consensus_vsearch	1940	A	*/-CC	324	11	2.41%	2	2	93	93	4.4921049736342E-4	1	1	232	92	1	10	-C
D6_BC42_consensus_vsearch	1941	C	*/+T	314	13	3.88%	2	1	93	93	1.080938226209935E-4	1	1	236	78	0	13	+T
D6_BC42_consensus_vsearch	1944	T	*/-CT	438	7	1.54%	2	1	93	93	0.007628991869306366	1	1	251	187	0	7	-CT
D6_BC42_consensus_vsearch	1945	C	*/-T	435	8	1.79%	2	2	93	93	0.0037837097715777354	1	1	250	185	4	4	-T
D6_BC42_consensus_vsearch	1953	C	*/-T	434	17	3.74%	2	2	93	93	6.543119972731843E-6	1	1	253	181	1	16	-T
D6_BC42_consensus_vsearch	1954	T	*/+C	426	14	3.16%	2	1	93	93	5.495010686777893E-5	1	1	237	189	14	0	+C
D6_BC42_consensus_vsearch	1959	T	*/-C	374	83	18.04%	2	2	93	93	1.7147000706661704E-27	1	1	170	204	82	1	-C
D6_BC42_consensus_vsearch	1961	C	*/-A	448	9	1.96%	2	1	93	93	0.0018769967833365436	1	1	242	206	9	0	-A
D6_BC42_consensus_vsearch	1962	A	*/+G	426	7	1.55%	2	1	93	93	0.007623929979105209	1	1	230	196	7	0	+G
D6_BC42_consensus_vsearch	1962	A	*/-G	426	10	2.22%	2	2	93	93	9.269167954843176E-4	1	1	230	196	4	6	-G
D6_BC42_consensus_vsearch	1965	A	*/-G	440	12	2.63%	2	1	93	93	2.267374617732365E-4	1	1	238	202	12	0	-G
D6_BC42_consensus_vsearch	1968	C	*/-T	426	16	3.49%	2	2	93	93	1.3289564848969628E-5	1	1	243	183	8	8	-T
D6_BC42_consensus_vsearch	1974	C	*/-AC	421	24	5.25%	2	2	93	93	4.3344151298784234E-8	1	1	227	194	21	3	-AC
D6_BC42_consensus_vsearch	1979	T	*/-C	401	52	11.3%	2	2	93	93	4.7000273782812854E-17	1	1	198	203	51	1	-C
D6_BC42_consensus_vsearch	1986	C	*/+G	423	9	1.99%	2	2	93	93	0.0018726402317850155	1	1	237	186	1	8	+G
D6_BC42_consensus_vsearch	1986	C	*/-G	423	11	2.43%	2	2	93	93	4.5794544103178105E-4	1	1	237	186	7	4	-G
D6_BC42_consensus_vsearch	1988	G	*/-A	435	12	2.63%	2	2	93	93	2.2654752970435957E-4	1	1	231	204	10	2	-A
D6_BC42_consensus_vsearch	1993	C	*/-G	420	25	5.48%	2	1	93	93	2.1071463853107665E-8	1	1	217	203	25	0	-G
D6_BC42_consensus_vsearch	1999	T	*/-C	345	94	21.08%	2	1	93	93	1.895224802525185E-31	1	1	155	190	94	0	-C
D6_BC42_consensus_vsearch	2004	A	*/-T	436	10	2.2%	2	2	93	93	9.280135047051926E-4	1	1	241	195	3	7	-T
D6_BC42_consensus_vsearch	2011	C	*/-T	433	17	3.72%	2	1	93	93	6.540845093994583E-6	1	1	248	185	0	17	-T
D6_BC42_consensus_vsearch	2012	T	*/+C	406	8	1.81%	2	2	93	93	0.0037751942594862146	1	1	248	158	5	3	+C
D6_BC42_consensus_vsearch	2012	T	*/-C	406	16	3.62%	2	1	93	93	1.3201193045766802E-5	1	1	248	158	0	16	-C
D6_BC42_consensus_vsearch	2012	T	*/-CG	406	9	2.04%	2	1	93	93	0.0018693814758962122	1	1	248	158	0	9	-C
D6_BC42_consensus_vsearch	2013	C	*/-G	384	42	9.68%	2	1	93	93	7.855691519176396E-14	1	1	250	134	0	42	-G
D6_BC42_consensus_vsearch	2028	G	*/+C	428	12	2.63%	2	1	93	93	2.2627455527610537E-4	1	1	231	197	12	0	+C
D6_BC42_consensus_vsearch	2028	G	*/-C	428	16	3.5%	2	2	93	93	1.3297986993183741E-5	1	1	231	197	11	5	-C
D6_BC42_consensus_vsearch	2033	A	*/+T	417	16	3.49%	2	2	93	93	1.3250753783082343E-5	1	1	226	191	14	2	+T
D6_BC42_consensus_vsearch	2033	A	*/-T	417	23	5.01%	2	2	93	93	8.874820513960091E-8	1	1	226	191	11	12	-T
D6_BC42_consensus_vsearch	2037	T	*/-A	442	12	2.61%	2	2	93	93	2.2681229177552487E-4	1	1	241	201	9	3	-A
D6_BC42_consensus_vsearch	2040	A	*/-T	442	13	2.83%	2	2	93	93	1.1190903505080929E-4	1	1	240	202	12	1	-T
D6_BC42_consensus_vsearch	2047	C	*/+T	379	44	9.57%	2	1	93	93	1.7477368776577908E-14	1	1	184	195	44	0	+T
D6_BC42_consensus_vsearch	2047	C	*/-T	379	31	6.74%	2	2	93	93	2.5835428413879864E-10	1	1	184	195	21	10	+T
D6_BC42_consensus_vsearch	2051	T	*/+C	404	14	3.04%	2	2	93	93	5.4642218239350483E-5	1	1	220	184	4	10	+C
D6_BC42_consensus_vsearch	2051	T	*/-C	404	24	5.22%	2	2	93	93	4.2783737626049086E-8	1	1	220	184	13	11	-C
D6_BC42_consensus_vsearch	2051	T	*/-CC	404	16	3.48%	2	1	93	93	1.3191918461060696E-5	1	1	220	184	16	0	-C
D6_BC42_consensus_vsearch	2057	T	*/+C	447	7	1.53%	2	2	93	93	0.007632613471737004	1	1	250	197	1	6	+C
D6_BC42_consensus_vsearch	2058	T	*/-C	446	9	1.96%	2	2	93	93	0.0018766656885966895	1	1	248	198	4	5	-C
D6_BC42_consensus_vsearch	2059	C	*/-A	425	21	4.66%	2	2	93	93	3.747237380449946E-7	1	1	229	196	20	1	-A
D6_BC42_consensus_vsearch	2061	C	*/+T	440	8	1.76%	2	2	93	93	0.0037850673649748043	1	1	250	190	1	7	+T
D6_BC42_consensus_vsearch	2062	T	*/-C	421	24	5.26%	2	1	93	93	4.3344151298784234E-8	1	1	251	170	0	24	-C
D6_BC42_consensus_vsearch	2073	A	*/+G	244	183	40.22%	2	2	93	93	1.0103545770860406E-66	1	1	162	82	69	114	+G
D6_BC42_consensus_vsearch	2073	A	*/+GG	244	10	2.2%	2	2	93	93	8.922644712756052E-4	1	1	162	82	6	4	+G
D6_BC42_consensus_vsearch	2073	A	*/-GG	244	8	1.76%	2	1	93	93	0.0036920468013430033	1	1	162	82	8	0	+G
D6_BC42_consensus_vsearch	2079	T	*/-C	435	15	3.3%	2	2	93	93	2.7105062507766323E-5	1	1	244	191	9	6	-C
D6_BC42_consensus_vsearch	2080	C	*/+T	428	8	1.81%	2	1	93	93	0.0037817572285023734	1	1	240	188	0	8	+T
D6_BC42_consensus_vsearch	2081	C	*/-T	438	10	2.18%	2	1	93	93	9.282270587880905E-4	1	1	254	184	0	10	-T
D6_BC42_consensus_vsearch	2086	T	*/+G	435	9	1.97%	2	1	93	93	0.0018747919330438447	1	1	240	195	9	0	+G
D6_BC42_consensus_vsearch	2087	A	*/-G	432	10	2.21%	2	2	93	93	9.275806861447792E-4	1	1	238	194	7	3	-G
D6_BC42_consensus_vsearch	2088	G	*/+T	412	11	2.45%	2	1	93	93	4.571726097283556E-4	1	1	216	196	11	0	+T
D6_BC42_consensus_vsearch	2088	G	*/-T	412	14	3.12%	2	2	93	93	5.475771402649315E-5	1	1	216	196	12	2	-T
D6_BC42_consensus_vsearch	2092	C	*/+T	380	36	7.96%	2	2	93	93	6.5962443431876824E-12	1	1	236	144	6	30	+T
D6_BC42_consensus_vsearch	2092	C	*/-T	380	26	5.75%	2	2	93	93	9.856624529611605E-9	1	1	236	144	11	15	+T
D6_BC42_consensus_vsearch	2096	T	*/-C	425	25	5.43%	2	2	93	93	2.115508664245953E-8	1	1	250	175	1	24	-C
D6_BC42_consensus_vsearch	2099	T	*/+C	437	7	1.54%	2	2	93	93	0.007628580447648388	1	1	239	198	6	1	+C
D6_BC42_consensus_vsearch	2099	T	*/-C	437	8	1.76%	2	2	93	93	0.00378425644253265	1	1	239	198	7	1	-C
D6_BC42_consensus_vsearch	2101	C	*/-GC	436	11	2.42%	2	1	93	93	4.588107080951123E-4	1	1	239	197	11	0	-GC
D6_BC42_consensus_vsearch	2117	T	*/-A	441	7	1.53%	2	2	93	93	0.0076302151642897355	1	1	246	195	4	3	-A
D6_BC42_consensus_vsearch	2126	C	*/+G	409	13	2.86%	2	1	93	93	1.1113963043830918E-4	1	1	244	165	0	13	+G
D6_BC42_consensus_vsearch	2126	C	*/-G	409	14	3.08%	2	2	93	93	5.471489498497953E-5	1	1	244	165	5	9	-G
D6_BC42_consensus_vsearch	2130	T	*/+G	439	9	1.97%	2	2	93	93	0.0018754838294876201	1	1	242	197	8	1	+G
D6_BC42_consensus_vsearch	2131	A	*/-G	445	7	1.54%	2	1	93	93	0.007631821078608308	1	1	244	201	7	0	-G
D6_BC42_consensus_vsearch	2133	T	*/+C	432	8	1.75%	2	1	93	93	0.0037828805172695963	1	1	229	203	8	0	+C
D6_BC42_consensus_vsearch	2133	T	*/-C	432	11	2.4%	2	1	93	93	4.5854977422456113E-4	1	1	229	203	11	0	-C
D6_BC42_consensus_vsearch	2137	A	*/+C	417	14	3.1%	2	2	93	93	5.4827805419876506E-5	1	1	219	198	10	4	+C
D6_BC42_consensus_vsearch	2137	A	*/-C	417	12	2.66%	2	2	93	93	2.2582806164226E-4	1	1	219	198	10	2	+C
D6_BC42_consensus_vsearch	2140	T	*/+G	428	11	2.44%	2	1	93	93	4.5828417992626897E-4	1	1	239	189	0	11	+G
D6_BC42_consensus_vsearch	2141	G	*/-A	446	11	2.4%	2	1	93	93	4.5944344086844724E-4	1	1	242	204	11	0	-A
D6_BC42_consensus_vsearch	2146	G	*/-AG	446	9	1.96%	2	1	93	93	0.0018766656885966895	1	1	242	204	9	0	-AG
D6_BC42_consensus_vsearch	2147	A	*/+G	427	8	1.78%	2	1	93	93	0.0037814732031268648	1	1	222	205	8	0	+G
D6_BC42_consensus_vsearch	2147	A	*/-G	427	11	2.45%	2	1	93	93	4.5821703849988575E-4	1	1	222	205	11	0	-G
D6_BC42_consensus_vsearch	2151	C	*/+G	439	9	1.96%	2	1	93	93	0.0018754838294876201	1	1	242	197	9	0	+G
D6_BC42_consensus_vsearch	2151	C	*/-A	439	8	1.74%	2	2	93	93	0.003784798257927548	1	1	242	197	1	7	+G
D6_BC42_consensus_vsearch	2152	A	*/-G	438	9	2%	2	1	93	93	0.001875312003649851	1	1	244	194	9	0	-G
D6_BC42_consensus_vsearch	2158	C	*/-A	412	27	5.9%	2	2	93	93	4.933318177194983E-9	1	1	218	194	26	1	-A
D6_BC42_consensus_vsearch	2163	T	*/-A	396	8	1.75%	2	2	93	93	0.0037719767465882576	1	1	241	155	7	1	-A
D6_BC42_consensus_vsearch	2163	T	*/-AA	396	28	6.11%	2	1	93	93	2.3498793625796643E-9	1	1	241	155	0	28	-AA
D6_BC42_consensus_vsearch	2170	T	*/-C	379	74	16.16%	2	1	93	93	2.055418810953417E-24	1	1	177	202	74	0	-C
D6_BC42_consensus_vsearch	2175	C	*/-T	389	9	1.96%	2	2	93	93	0.0018658477399051397	1	1	195	194	3	6	-T
D6_BC42_consensus_vsearch	2175	C	*/-TT	389	11	2.4%	2	1	93	93	4.554223390235558E-4	1	1	195	194	11	0	-TT
D6_BC42_consensus_vsearch	2175	C	*/-TTA	389	44	9.59%	2	1	93	93	1.798633298859774E-14	1	1	195	194	44	0	-TTA
D6_BC42_consensus_vsearch	2177	T	*/-A	357	36	8.91%	2	2	93	93	6.283765245478932E-12	1	1	184	173	9	27	-A
D6_BC42_consensus_vsearch	2182	A	*/+T	426	13	2.83%	2	1	93	93	1.1154998599717698E-4	1	1	254	172	0	13	+T
D6_BC42_consensus_vsearch	2182	A	*/+TT	426	10	2.18%	2	1	93	93	9.269167954843176E-4	1	1	254	172	0	10	+T
D6_BC42_consensus_vsearch	2187	T	*/-A	428	16	3.5%	2	2	93	93	1.3297986993183741E-5	1	1	236	192	10	6	-A
D6_BC42_consensus_vsearch	2188	A	*/-GA	415	8	1.81%	2	1	93	93	0.003777960974854116	1	1	228	187	8	0	-GA
D6_BC42_consensus_vsearch	2189	G	*/+A	411	9	2.01%	2	1	93	93	0.0018703670005234343	1	1	224	187	9	0	+A
D6_BC42_consensus_vsearch	2189	G	*/-A	411	14	3.12%	2	2	93	93	5.474350555951183E-5	1	1	224	187	11	3	-A
D6_BC42_consensus_vsearch	2189	G	*/-AAG	411	8	1.79%	2	1	93	93	0.003776745880714396	1	1	224	187	0	8	-A
D6_BC42_consensus_vsearch	2199	C	*/-T	380	28	6.11%	2	2	93	93	2.306327712167843E-9	1	1	211	169	3	25	-T
D6_BC42_consensus_vsearch	2199	C	*/-TT	380	37	8.08%	2	1	93	93	3.155586279416952E-12	1	1	211	169	37	0	-TT
D6_BC42_consensus_vsearch	2204	G	*/+T	440	11	2.4%	2	1	93	93	4.590671030956891E-4	1	1	240	200	11	0	+T
D6_BC42_consensus_vsearch	2207	A	*/-CT	415	9	1.96%	2	2	93	93	0.0018711388771604682	1	1	224	191	1	8	-CT
D6_BC42_consensus_vsearch	2208	C	*/-T	400	31	6.92%	2	2	93	93	2.661614223554998E-10	1	1	246	154	3	28	-T
D6_BC42_consensus_vsearch	2211	C	*/+A	408	7	1.54%	2	1	93	93	0.007615790966496023	1	1	216	192	0	7	+A
D6_BC42_consensus_vsearch	2211	C	*/-AC	408	32	7.02%	2	1	93	93	1.2975087112051092E-10	1	1	216	192	32	0	-AC
D6_BC42_consensus_vsearch	2230	A	*/+T	437	9	1.96%	2	1	93	93	0.0018751394156906677	1	1	239	198	9	0	+T
D6_BC42_consensus_vsearch	2230	A	*/-T	437	9	1.96%	2	2	93	93	0.0018751394156906677	1	1	239	198	1	8	+T
D6_BC42_consensus_vsearch	2237	C	*/-AC	446	9	1.96%	2	1	93	93	0.0018766656885966895	1	1	241	205	9	0	-AC
D6_BC42_consensus_vsearch	2240	C	*/+A	392	7	1.53%	2	1	93	93	0.007607942959128091	1	1	231	161	7	0	+A
D6_BC42_consensus_vsearch	2244	G	*/-C	442	7	1.54%	2	1	93	93	0.007630619313173879	1	1	245	197	0	7	-C
D6_BC42_consensus_vsearch	2248	T	*/+C	438	7	1.52%	2	1	93	93	0.007628991869306366	1	1	235	203	7	0	+C
D6_BC42_consensus_vsearch	2248	T	*/-C	438	12	2.61%	2	2	93	93	2.2666198297196754E-4	1	1	235	203	11	1	-C
D6_BC42_consensus_vsearch	2255	C	*/-A	438	12	2.62%	2	1	93	93	2.2666198297196754E-4	1	1	238	200	12	0	-A
D6_BC42_consensus_vsearch	2256	A	*/+C	422	9	2.03%	2	1	93	93	0.0018724555760242295	1	1	229	193	0	9	+C
D6_BC42_consensus_vsearch	2258	T	*/-C	435	10	2.2%	2	2	93	93	9.279060186061013E-4	1	1	243	192	1	9	-C
D6_BC42_consensus_vsearch	2264	T	*/-A	431	7	1.53%	2	1	93	93	0.007626072650234986	1	1	244	187	7	0	-A
D6_BC42_consensus_vsearch	2270	A	*/+T	417	30	6.56%	2	2	93	93	5.630267652477829E-10	1	1	219	198	26	4	+T
D6_BC42_consensus_vsearch	2273	T	*/-A	441	11	2.39%	2	2	93	93	4.5913050649285826E-4	1	1	238	203	10	1	-A
D6_BC42_consensus_vsearch	2276	G	*/-AG	432	9	1.98%	2	1	93	93	0.001874264864679625	1	1	232	200	9	0	-AG
D6_BC42_consensus_vsearch	2277	A	*/-G	423	14	3.12%	2	2	93	93	5.490987823300768E-5	1	1	226	197	10	4	-G
D6_BC42_consensus_vsearch	2279	G	*/-AG	442	9	1.97%	2	2	93	93	0.0018759947844450028	1	1	240	202	8	1	-AG
D6_BC42_consensus_vsearch	2293	A	*/-G	429	18	3.98%	2	2	93	93	3.2036534900985633E-6	1	1	228	201	14	4	-G
D6_BC42_consensus_vsearch	2297	A	*/-C	439	12	2.62%	2	1	93	93	2.266998039975627E-4	1	1	235	204	12	0	-C
D6_BC42_consensus_vsearch	2302	C	*/-AC	429	18	3.96%	2	1	93	93	3.2036534900985633E-6	1	1	227	202	18	0	-AC
D6_BC42_consensus_vsearch	2306	A	*/+C	432	8	1.75%	2	1	93	93	0.0037828805172695963	1	1	245	187	0	8	+C
D6_BC42_consensus_vsearch	2306	A	*/-C	432	9	1.97%	2	2	93	93	0.001874264864679625	1	1	245	187	1	8	-C
D6_BC42_consensus_vsearch	2307	C	*/+T	437	7	1.56%	2	1	93	93	0.007628580447648388	1	1	251	186	0	7	+T
D6_BC42_consensus_vsearch	2309	T	*/-C	399	52	11.38%	2	2	93	93	4.6657881508476774E-17	1	1	202	197	49	3	-C
D6_BC42_consensus_vsearch	2310	C	*/+TC	391	7	1.73%	2	1	93	93	0.007607431615374521	1	1	203	188	0	7	+TC
D6_BC42_consensus_vsearch	2311	C	*/-A	426	16	3.51%	2	2	93	93	1.3289564848969628E-5	1	1	241	185	10	6	-A
D6_BC42_consensus_vsearch	2315	T	*/-C	446	12	2.61%	2	1	93	93	2.2696003854954554E-4	1	1	240	206	12	0	-C
D6_BC42_consensus_vsearch	2322	C	*/+T	431	9	1.96%	2	1	93	93	0.0018740875957096264	1	1	251	180	0	9	+T
D6_BC42_consensus_vsearch	2322	C	*/-T	431	16	3.48%	2	2	93	93	1.3310486209944137E-5	1	1	251	180	2	14	-T
D6_BC42_consensus_vsearch	2324	T	*/-C	445	11	2.4%	2	2	93	93	4.5938139248817567E-4	1	1	250	195	2	9	-C
D6_BC42_consensus_vsearch	2325	C	*/+T	428	9	2.01%	2	1	93	93	0.0018735509751739627	1	1	249	179	0	9	+T
D6_BC42_consensus_vsearch	2331	C	*/+A	364	15	3.28%	2	2	93	93	2.6498020436636046E-5	1	1	200	164	2	13	+A
D6_BC42_consensus_vsearch	2331	C	*/-A	364	61	13.35%	2	2	93	93	4.2611039735529246E-20	1	1	200	164	42	19	-A
D6_BC42_consensus_vsearch	2341	G	*/-A	443	8	1.76%	2	2	93	93	0.003785867578538486	1	1	244	199	6	2	-A
D6_BC42_consensus_vsearch	2343	A	*/+G	437	7	1.53%	2	2	93	93	0.007628580447648388	1	1	247	190	1	6	+G
D6_BC42_consensus_vsearch	2347	T	*/+A	442	7	1.53%	2	1	93	93	0.007630619313173879	1	1	240	202	7	0	+A
D6_BC42_consensus_vsearch	2349	A	*/+G	432	13	2.84%	2	2	93	93	1.1168756210732632E-4	1	1	231	201	11	2	+G
D6_BC42_consensus_vsearch	2354	A	*/-C	425	8	1.74%	2	2	93	93	0.0037809012469126957	1	1	226	199	7	1	-C
D6_BC42_consensus_vsearch	2361	C	*/-A	447	9	1.96%	2	1	93	93	0.001876831595139628	1	1	244	203	9	0	-A
D6_BC42_consensus_vsearch	2362	A	*/-C	436	7	1.55%	2	2	93	93	0.007628167177128368	1	1	239	197	3	4	-C
D6_BC42_consensus_vsearch	2363	C	*/+T	428	13	2.88%	2	1	93	93	1.1159624774972868E-4	1	1	250	178	0	13	+T
D6_BC42_consensus_vsearch	2364	T	*/-C	419	18	3.96%	2	1	93	93	3.1906190975645425E-6	1	1	252	167	0	18	-C
D6_BC42_consensus_vsearch	2364	T	*/-CA	419	14	3.08%	2	1	93	93	5.485540608158622E-5	1	1	252	167	0	14	-C
D6_BC42_consensus_vsearch	2365	C	*/-A	302	111	26%	2	1	93	93	7.33135935459384E-38	1	1	251	51	0	111	-A
D6_BC42_consensus_vsearch	2377	C	*/-T	444	9	1.96%	2	2	93	93	0.0018763317016516773	1	1	245	199	4	5	-T
D6_BC42_consensus_vsearch	2378	T	*/+C	241	193	42.79%	2	2	93	93	6.644067921747944E-71	1	1	113	128	133	60	+C
D6_BC42_consensus_vsearch	2378	T	*/-C	241	12	2.66%	2	2	93	93	2.1363402075967646E-4	1	1	113	128	2	10	+C
D6_BC42_consensus_vsearch	2381	C	*/+T	427	13	2.83%	2	2	93	93	1.1157316780867368E-4	1	1	250	177	1	12	+T
D6_BC42_consensus_vsearch	2381	C	*/-G	427	16	3.48%	2	2	93	93	1.3293784930690262E-5	1	1	250	177	2	14	-G
D6_BC42_consensus_vsearch	2388	C	*/+T	447	7	1.54%	2	2	93	93	0.007632613471737004	1	1	253	194	1	6	+T
D6_BC42_consensus_vsearch	2390	A	*/-G	376	67	14.76%	2	2	93	93	4.549679338277547E-22	1	1	233	143	14	53	-G
D6_BC42_consensus_vsearch	2393	G	*/-A	414	42	9.13%	2	1	93	93	8.453227857688922E-14	1	1	208	206	42	0	-A
D6_BC42_consensus_vsearch	2398	C	*/+A	401	17	3.74%	2	2	93	93	6.4626696798029955E-6	1	1	206	195	16	1	+A
D6_BC42_consensus_vsearch	2398	C	*/-A	401	28	6.15%	2	2	93	93	2.3629580898794743E-9	1	1	206	195	25	3	-A
D6_BC42_consensus_vsearch	2404	G	*/+C	422	12	2.63%	2	1	93	93	2.2603374744065776E-4	1	1	231	191	12	0	+C
D6_BC42_consensus_vsearch	2408	T	*/-C	439	9	1.97%	2	1	93	93	0.0018754838294876201	1	1	251	188	0	9	-C
D6_BC42_consensus_vsearch	2409	C	*/+A	363	13	2.9%	2	2	93	93	1.0984997487650358E-4	1	1	179	184	9	4	+A
D6_BC42_consensus_vsearch	2409	C	*/-A	363	55	12.25%	2	2	93	93	4.144169878772903E-18	1	1	179	184	53	2	-A
D6_BC42_consensus_vsearch	2409	C	*/-AA	363	10	2.23%	2	1	93	93	9.186794830860472E-4	1	1	179	184	10	0	-A
D6_BC42_consensus_vsearch	2415	T	*/+C	439	19	4.13%	2	2	93	93	1.5764436472372235E-6	1	1	252	187	1	18	+C
D6_BC42_consensus_vsearch	2416	T	*/-C	435	18	3.91%	2	2	93	93	3.2112166959811652E-6	1	1	247	188	2	16	-C
D6_BC42_consensus_vsearch	2429	G	*/-A	443	8	1.75%	2	2	93	93	0.003785867578538486	1	1	242	201	5	3	-A
D6_BC42_consensus_vsearch	2433	T	*/+C	444	7	1.53%	2	2	93	93	0.007631422258539495	1	1	251	193	1	6	+C
D6_BC42_consensus_vsearch	2437	C	*/-A	393	49	10.79%	2	2	93	93	4.344098561167494E-16	1	1	240	153	1	48	-A
D6_BC42_consensus_vsearch	2439	A	*/-T	412	32	7%	2	2	93	93	1.3046173400343116E-10	1	1	246	166	2	30	-T
D6_BC42_consensus_vsearch	2439	A	*/-TT	412	8	1.75%	2	2	93	93	0.003777051806882959	1	1	246	166	1	7	-T
D6_BC42_consensus_vsearch	2441	T	*/-C	387	27	5.99%	2	2	93	93	4.8080108541186945E-9	1	1	245	142	2	25	-C
D6_BC42_consensus_vsearch	2442	C	*/-A	416	10	2.33%	2	2	93	93	9.257694036262042E-4	1	1	249	167	1	9	-A
D6_BC42_consensus_vsearch	2443	A	*/-CA	408	27	6.07%	2	2	93	93	4.914059374679081E-9	1	1	228	180	16	11	-CA
D6_BC42_consensus_vsearch	2444	C	*/-A	407	13	3.04%	2	1	93	93	1.110892405288908E-4	1	1	223	184	13	0	-A
D6_BC42_consensus_vsearch	2460	T	*/+C	441	8	1.74%	2	1	93	93	0.0037853352821818676	1	1	250	191	0	8	+C
D6_BC42_consensus_vsearch	2484	G	*/-A	361	12	2.63%	2	1	93	93	2.2315882163969882E-4	1	1	160	201	12	0	-A
D6_BC42_consensus_vsearch	2484	G	*/-AG	361	79	17.32%	2	2	93	93	3.5196977685206735E-26	1	1	160	201	75	4	-AG
D6_BC42_consensus_vsearch	2488	C	*/+A	407	27	5.88%	2	1	93	93	4.909199357037835E-9	1	1	208	199	27	0	+A
D6_BC42_consensus_vsearch	2488	C	*/-A	407	15	3.27%	2	2	93	93	2.688891654781441E-5	1	1	208	199	12	3	+A
D6_BC42_consensus_vsearch	2490	A	*/-G	443	10	2.19%	2	1	93	93	9.287528155311122E-4	1	1	240	203	10	0	-G
D6_BC42_consensus_vsearch	2493	G	*/-A	436	10	2.22%	2	1	93	93	9.280135047051926E-4	1	1	233	203	10	0	-A
D6_BC42_consensus_vsearch	2495	T	*/-C	442	8	1.74%	2	2	93	93	0.0037856020174325917	1	1	240	202	7	1	-C
D6_BC42_consensus_vsearch	2510	T	*/-GT	446	7	1.53%	2	2	93	93	0.0076322181458369906	1	1	248	198	2	5	-GT
D6_BC42_consensus_vsearch	2514	T	*/+A	405	11	2.41%	2	2	93	93	4.566599754610742E-4	1	1	212	193	9	2	+A
D6_BC42_consensus_vsearch	2514	T	*/-A	405	22	4.81%	2	2	93	93	1.806424477541293E-7	1	1	212	193	21	1	-A
D6_BC42_consensus_vsearch	2531	C	*/+A	403	8	1.76%	2	1	93	93	0.0037742453123195243	1	1	207	196	8	0	+A
D6_BC42_consensus_vsearch	2531	C	*/-A	403	33	7.27%	2	2	93	93	6.20575027433931E-11	1	1	207	196	32	1	-A
D6_BC42_consensus_vsearch	2543	C	*/+T	438	7	1.54%	2	2	93	93	0.007628991869306366	1	1	251	187	1	6	+T
D6_BC42_consensus_vsearch	2543	C	*/-T	438	10	2.19%	2	1	93	93	9.282270587880905E-4	1	1	251	187	0	10	-T
D6_BC42_consensus_vsearch	2550	T	*/+G	409	29	6.36%	2	2	93	93	1.1535583888717103E-9	1	1	235	174	11	18	+G
D6_BC42_consensus_vsearch	2556	G	*/+T	438	7	1.53%	2	2	93	93	0.007628991869306366	1	1	239	199	6	1	+T
D6_BC42_consensus_vsearch	2556	G	*/-T	438	9	1.96%	2	2	93	93	0.001875312003649851	1	1	239	199	7	2	-T
D6_BC42_consensus_vsearch	2564	T	*/+A	359	10	2.23%	2	2	93	93	9.18063236778659E-4	1	1	226	133	7	3	+A
D6_BC42_consensus_vsearch	2564	T	*/-A	359	65	14.48%	2	2	93	93	1.9002024803880247E-21	1	1	226	133	8	57	-A
D6_BC42_consensus_vsearch	2571	T	*/-A	431	14	3.08%	2	2	93	93	5.501599410545798E-5	1	1	228	203	13	1	-A
D6_BC42_consensus_vsearch	2572	A	*/+G	389	11	2.51%	2	2	93	93	4.554223390235558E-4	1	1	220	169	3	8	+G
D6_BC42_consensus_vsearch	2572	A	*/-G	389	27	6.15%	2	2	93	93	4.818483870068246E-9	1	1	220	169	3	24	-G
D6_BC42_consensus_vsearch	2574	G	*/-A	437	8	1.75%	2	1	93	93	0.00378425644253265	1	1	235	202	8	0	-A
D6_BC42_consensus_vsearch	2581	T	*/+C	384	8	1.75%	2	2	93	93	0.0037679008816766993	1	1	204	180	2	6	+C
D6_BC42_consensus_vsearch	2581	T	*/-C	384	58	12.66%	2	2	93	93	4.687806007644882E-19	1	1	204	180	46	12	-C
D6_BC42_consensus_vsearch	2587	C	*/+A	419	26	5.75%	2	1	93	93	1.0231231003831989E-8	1	1	228	191	26	0	+A
D6_BC42_consensus_vsearch	2588	G	*/-A	427	28	6.13%	2	2	93	93	2.4272210023663687E-9	1	1	226	201	27	1	-A
D6_BC42_consensus_vsearch	2595	T	*/-A	428	7	1.53%	2	2	93	93	0.007624792930600719	1	1	240	188	4	3	-A
D6_BC42_consensus_vsearch	2598	A	*/+C	424	19	4.14%	2	1	93	93	1.5660884922200917E-6	1	1	241	183	0	19	+C
D6_BC42_consensus_vsearch	2600	T	*/-C	425	22	4.81%	2	2	93	93	1.82955822830081E-7	1	1	251	174	1	21	-C
D6_BC42_consensus_vsearch	2602	G	*/+C	422	11	2.44%	2	2	93	93	4.57876773436784E-4	1	1	228	194	4	7	+C
D6_BC42_consensus_vsearch	2602	G	*/-C	422	11	2.44%	2	2	93	93	4.57876773436784E-4	1	1	228	194	10	1	+C
D6_BC42_consensus_vsearch	2605	C	*/-T	435	12	2.62%	2	2	93	93	2.2654752970435957E-4	1	1	246	189	1	11	-T
D6_BC42_consensus_vsearch	2605	C	*/-TTC	435	7	1.53%	2	2	93	93	0.007627752045228881	1	1	246	189	4	3	-T
D6_BC42_consensus_vsearch	2608	C	*/-T	434	10	2.21%	2	2	93	93	9.277980556005647E-4	1	1	242	192	2	8	-T
D6_BC42_consensus_vsearch	2610	G	*/+C	435	7	1.54%	2	1	93	93	0.007627752045228881	1	1	233	202	7	0	+C
D6_BC42_consensus_vsearch	2610	G	*/-C	435	7	1.54%	2	1	93	93	0.007627752045228881	1	1	233	202	7	0	+C
D6_BC42_consensus_vsearch	2612	C	*/+A	422	9	1.98%	2	1	93	93	0.0018724555760242295	1	1	227	195	9	0	+A
D6_BC42_consensus_vsearch	2616	C	*/-T	441	10	2.19%	2	2	93	93	9.285438910684086E-4	1	1	242	199	7	3	-T
D6_BC42_consensus_vsearch	2640	A	*/+G	441	8	1.75%	2	1	93	93	0.0037853352821818676	1	1	237	204	8	0	+G
D6_BC42_consensus_vsearch	2641	G	*/-A	419	12	2.65%	2	1	93	93	2.2591089391076449E-4	1	1	214	205	12	0	-A
D6_BC42_consensus_vsearch	2641	G	*/-AG	419	14	3.1%	2	2	93	93	5.485540608158622E-5	1	1	214	205	13	1	-AG
D6_BC42_consensus_vsearch	2643	G	*/-T	420	7	1.57%	2	1	93	93	0.007621292853586086	1	1	234	186	0	7	-T
D6_BC42_consensus_vsearch	2643	G	*/-TG	420	8	1.79%	2	1	93	93	0.003779448151948946	1	1	234	186	0	8	-TG
D6_BC42_consensus_vsearch	2644	T	*/+G	409	10	2.25%	2	2	93	93	9.249341612898154E-4	1	1	250	159	2	8	+G
D6_BC42_consensus_vsearch	2644	T	*/-G	409	21	4.72%	2	1	93	93	3.712966667784702E-7	1	1	250	159	0	21	-G
D6_BC42_consensus_vsearch	2648	T	*/+A	430	20	4.38%	2	1	93	93	7.685596503616361E-7	1	1	226	204	20	0	+A
D6_BC42_consensus_vsearch	2649	G	*/-A	436	17	3.71%	2	2	93	93	6.547641382423795E-6	1	1	234	202	15	2	-A
D6_BC42_consensus_vsearch	2650	A	*/-G	418	9	2.04%	2	2	93	93	0.0018717084025872061	1	1	219	199	8	1	-G
D6_BC42_consensus_vsearch	2654	A	*/+G	425	11	2.42%	2	2	93	93	4.5808185020506666E-4	1	1	236	189	1	10	+G
D6_BC42_consensus_vsearch	2654	A	*/-G	425	10	2.2%	2	2	93	93	9.268043937944601E-4	1	1	236	189	7	3	+G
D6_BC42_consensus_vsearch	2657	T	*/+A	442	10	2.2%	2	2	93	93	9.286485810021079E-4	1	1	240	202	9	1	+A
D6_BC42_consensus_vsearch	2658	G	*/-TG	425	14	3.05%	2	2	93	93	5.493675610968029E-5	1	1	230	195	6	8	-TG
D6_BC42_consensus_vsearch	2662	A	*/-CA	436	12	2.63%	2	2	93	93	2.2658584690234848E-4	1	1	233	203	10	2	-CA
D6_BC42_consensus_vsearch	2666	G	*/+C	410	20	4.37%	2	2	93	93	7.607053660813915E-7	1	1	219	191	12	8	+C
D6_BC42_consensus_vsearch	2666	G	*/-C	410	18	3.93%	2	2	93	93	3.1784048153111263E-6	1	1	219	191	12	6	+C
D6_BC42_consensus_vsearch	2670	C	*/+G	376	23	5%	2	2	93	93	8.60212123798187E-8	1	1	232	144	11	12	+G
D6_BC42_consensus_vsearch	2670	C	*/-G	376	8	1.74%	2	1	93	93	0.0037650433430064176	1	1	232	144	8	0	+G
D6_BC42_consensus_vsearch	2671	G	*/-A	424	25	5.54%	2	2	93	93	2.113848899361675E-8	1	1	220	204	24	1	-A
D6_BC42_consensus_vsearch	2672	A	*/+G	402	12	2.77%	2	2	93	93	2.2518199251181446E-4	1	1	201	201	11	1	+G
D6_BC42_consensus_vsearch	2672	A	*/-G	402	10	2.31%	2	1	93	93	9.240709968804184E-4	1	1	201	201	10	0	+G
D6_BC42_consensus_vsearch	2673	G	*/+A	410	15	3.35%	2	1	93	93	2.691337414475154E-5	1	1	215	195	15	0	+A
D6_BC42_consensus_vsearch	2673	G	*/-A	410	8	1.79%	2	1	93	93	0.003776438502445107	1	1	215	195	8	0	+A
D6_BC42_consensus_vsearch	2673	G	*/-AG	410	15	3.35%	2	2	93	93	2.691337414475154E-5	1	1	215	195	5	10	-AG
D6_BC42_consensus_vsearch	2674	A	*/-G	417	12	2.75%	2	2	93	93	2.2582806164226E-4	1	1	225	192	9	3	-G
D6_BC42_consensus_vsearch	2681	C	*/-T	436	8	1.75%	2	2	93	93	0.003783983718069795	1	1	243	193	6	2	-T
D6_BC42_consensus_vsearch	2686	A	*/-C	426	17	3.7%	2	2	93	93	6.5246507648444996E-6	1	1	223	203	15	2	-C
D6_BC42_consensus_vsearch	2692	T	*/+C	437	15	3.26%	2	1	93	93	2.7119521515264278E-5	1	1	237	200	15	0	+C
D6_BC42_consensus_vsearch	2700	T	*/-C	439	8	1.77%	2	1	93	93	0.003784798257927548	1	1	249	190	0	8	-C
D6_BC42_consensus_vsearch	2712	C	*/-T	450	8	1.74%	2	2	93	93	0.003787694271375089	1	1	251	199	2	6	-T
D6_BC42_consensus_vsearch	2714	T	*/+C	435	9	1.96%	2	1	93	93	0.0018747919330438447	1	1	231	204	9	0	+C
D6_BC42_consensus_vsearch	2714	T	*/-C	435	11	2.39%	2	2	93	93	4.587459048221758E-4	1	1	231	204	10	1	-C
D6_BC42_consensus_vsearch	2719	A	*/-G	432	8	1.75%	2	1	93	93	0.0037828805172695963	1	1	233	199	8	0	-G
D6_BC42_consensus_vsearch	2725	A	*/-C	435	10	2.19%	2	2	93	93	9.279060186061013E-4	1	1	239	196	7	3	-C
D6_BC42_consensus_vsearch	2727	C	*/+T	435	9	1.97%	2	1	93	93	0.0018747919330438447	1	1	250	185	0	9	+T
D6_BC42_consensus_vsearch	2730	C	*/+G	418	9	1.97%	2	2	93	93	0.0018717084025872061	1	1	222	196	4	5	+G
D6_BC42_consensus_vsearch	2730	C	*/-G	418	22	4.8%	2	2	93	93	1.821673684445545E-7	1	1	222	196	19	3	-G
D6_BC42_consensus_vsearch	2735	A	*/-C	446	7	1.52%	2	2	93	93	0.0076322181458369906	1	1	243	203	6	1	-C
D6_BC42_consensus_vsearch	2737	C	*/+T	431	11	2.4%	2	2	93	93	4.584838174083158E-4	1	1	240	191	2	9	+T
D6_BC42_consensus_vsearch	2737	C	*/-T	431	7	1.53%	2	2	93	93	0.007626072650234986	1	1	240	191	3	4	+T
D6_BC42_consensus_vsearch	2742	T	*/-AC	429	20	4.37%	2	2	93	93	7.681820871873446E-7	1	1	230	199	18	2	-AC
D6_BC42_consensus_vsearch	2744	C	*/-G	415	7	1.59%	2	2	93	93	0.007619038242851565	1	1	227	188	5	2	-G
D6_BC42_consensus_vsearch	2746	A	*/+T	424	14	3.08%	2	1	93	93	5.492334669373769E-5	1	1	249	175	0	14	+T
D6_BC42_consensus_vsearch	2747	C	*/+T	351	13	2.87%	2	2	93	93	1.0946195562417223E-4	1	1	187	164	8	5	+T
D6_BC42_consensus_vsearch	2747	C	*/-T	351	73	16.11%	2	2	93	93	3.555744995774236E-24	1	1	187	164	50	23	-T
D6_BC42_consensus_vsearch	2748	T	*/+C	357	17	4.47%	2	1	93	93	6.334896508289121E-6	1	1	198	159	0	17	+C
D6_BC42_consensus_vsearch	2753	C	*/-T	420	10	2.23%	2	2	93	93	9.262346650300045E-4	1	1	250	170	1	9	-T
D6_BC42_consensus_vsearch	2755	T	*/+C	413	7	1.54%	2	2	93	93	0.007618121440992818	1	1	243	170	3	4	+C
D6_BC42_consensus_vsearch	2755	T	*/-C	413	29	6.39%	2	2	93	93	1.1587405680343973E-9	1	1	243	170	7	22	-C
D6_BC42_consensus_vsearch	2758	T	*/+C	410	34	7.49%	2	1	93	93	3.018438315339638E-11	1	1	216	194	34	0	+C
D6_BC42_consensus_vsearch	2759	C	*/+T	435	10	2.22%	2	1	93	93	9.279060186061013E-4	1	1	250	185	0	10	+T
D6_BC42_consensus_vsearch	2760	T	*/-A	430	11	2.41%	2	2	93	93	4.584175673957473E-4	1	1	243	187	4	7	-A
D6_BC42_consensus_vsearch	2766	A	*/-C	439	10	2.17%	2	2	93	93	9.283331329900578E-4	1	1	235	204	9	1	-C
D6_BC42_consensus_vsearch	2768	C	*/-A	435	7	1.52%	2	1	93	93	0.007627752045228881	1	1	233	202	7	0	-A
D6_BC42_consensus_vsearch	2774	T	*/+G	445	7	1.52%	2	1	93	93	0.007631821078608308	1	1	250	195	0	7	+G
D6_BC42_consensus_vsearch	2776	A	*/-C	441	8	1.75%	2	2	93	93	0.0037853352821818676	1	1	240	201	4	4	-C
D6_BC42_consensus_vsearch	2778	C	*/-A	424	11	2.39%	2	2	93	93	4.580137992598773E-4	1	1	246	178	5	6	-A
D6_BC42_consensus_vsearch	2778	C	*/-AA	424	14	3.04%	2	1	93	93	5.492334669373769E-5	1	1	246	178	0	14	-AA
D6_BC42_consensus_vsearch	2784	C	*/-TC	426	19	4.19%	2	1	93	93	1.567506340833558E-6	1	1	252	174	0	19	-TC
D6_BC42_consensus_vsearch	2792	C	*/-AG	433	9	1.97%	2	1	93	93	0.001874441340367089	1	1	232	201	9	0	-AG
D6_BC42_consensus_vsearch	2793	A	*/+G	393	7	1.58%	2	2	93	93	0.007608451759263046	1	1	219	174	3	4	+G
D6_BC42_consensus_vsearch	2793	A	*/-G	393	36	8.11%	2	2	93	93	6.763412078158853E-12	1	1	219	174	11	25	-G
D6_BC42_consensus_vsearch	2794	G	*/+A	393	14	3.38%	2	1	93	93	5.447629985509777E-5	1	1	214	179	14	0	+A
D6_BC42_consensus_vsearch	2798	G	*/-C	441	8	1.75%	2	2	93	93	0.0037853352821818676	1	1	244	197	5	3	-C
D6_BC42_consensus_vsearch	2801	G	*/-T	439	8	1.75%	2	2	93	93	0.003784798257927548	1	1	245	194	5	3	-T
D6_BC42_consensus_vsearch	2804	G	*/+C	433	12	2.61%	2	2	93	93	2.2647039152581312E-4	1	1	233	200	11	1	+C
D6_BC42_consensus_vsearch	2806	C	*/-G	423	11	2.4%	2	2	93	93	4.5794544103178105E-4	1	1	246	177	2	9	-G
D6_BC42_consensus_vsearch	2808	G	*/-C	430	19	4.16%	2	1	93	93	1.5703071038070478E-6	1	1	250	180	0	19	-C
D6_BC42_consensus_vsearch	2809	C	*/+T	158	268	61.33%	2	2	93	93	5.302439534629698E-109	1	1	69	89	180	88	+T
D6_BC42_consensus_vsearch	2813	C	*/+A	320	19	4.13%	2	2	93	93	1.4716628422098828E-6	1	1	173	147	18	1	+A
D6_BC42_consensus_vsearch	2813	C	*/-G	320	11	2.39%	2	2	93	93	4.4875065834828966E-4	1	1	173	147	10	1	+A
D6_BC42_consensus_vsearch	2813	C	*/-GA	320	7	1.52%	2	2	93	93	0.007563182448808609	1	1	173	147	6	1	+A
D6_BC42_consensus_vsearch	2817	G	*/-C	423	18	3.99%	2	2	93	93	3.195898836048293E-6	1	1	224	199	14	4	-C
D6_BC42_consensus_vsearch	2821	A	*/+C	440	8	1.74%	2	1	93	93	0.0037850673649748043	1	1	250	190	0	8	+C
D6_BC42_consensus_vsearch	2821	A	*/-T	440	8	1.74%	2	2	93	93	0.0037850673649748043	1	1	250	190	2	6	+C
D6_BC42_consensus_vsearch	2822	T	*/+C	377	8	1.78%	2	2	93	93	0.003765406973524696	1	1	195	182	1	7	+C
D6_BC42_consensus_vsearch	2822	T	*/-C	377	37	8.22%	2	2	93	93	3.135651719513554E-12	1	1	195	182	27	10	-C
D6_BC42_consensus_vsearch	2822	T	*/-CC	377	27	6%	2	1	93	93	4.754396594677404E-9	1	1	195	182	27	0	-C
D6_BC42_consensus_vsearch	2825	C	*/-A	408	14	3.04%	2	2	93	93	5.470049199676906E-5	1	1	232	176	12	2	-A
D6_BC42_consensus_vsearch	2827	A	*/-G	436	9	1.96%	2	2	93	93	0.0018749660605302289	1	1	245	191	6	3	-G
D6_BC42_consensus_vsearch	2829	G	*/+C	435	9	1.97%	2	1	93	93	0.0018747919330438447	1	1	241	194	0	9	+C
D6_BC42_consensus_vsearch	2836	T	*/-A	429	14	3.07%	2	2	93	93	5.498981101612605E-5	1	1	246	183	2	12	-A
D6_BC42_consensus_vsearch	2848	T	*/+CC	440	11	2.4%	2	1	93	93	4.590671030956891E-4	1	1	236	204	11	0	+CC
D6_BC42_consensus_vsearch	2850	G	*/+A	427	11	2.4%	2	1	93	93	4.5821703849988575E-4	1	1	223	204	11	0	+A
D6_BC42_consensus_vsearch	2854	G	*/-TAG	438	13	2.84%	2	2	93	93	1.1182158871350396E-4	1	1	242	196	5	8	-TAG
D6_BC42_consensus_vsearch	2861	C	*/-G	436	11	2.41%	2	2	93	93	4.588107080951123E-4	1	1	252	184	1	10	-G
D6_BC42_consensus_vsearch	2865	C	*/+G	439	12	2.61%	2	1	93	93	2.266998039975627E-4	1	1	238	201	12	0	+G
D6_BC42_consensus_vsearch	2870	T	*/-GT	406	42	9.21%	2	2	93	93	8.297936369462248E-14	1	1	225	181	26	16	-GT
D6_BC42_consensus_vsearch	2872	T	*/+GT	398	7	1.69%	2	2	93	93	0.007610958261497833	1	1	224	174	2	5	+GT
D6_BC42_consensus_vsearch	2874	C	*/+A	336	9	1.97%	2	2	93	93	0.001852627063167724	1	1	144	192	8	1	+A
D6_BC42_consensus_vsearch	2874	C	*/-A	336	101	22.15%	2	2	93	93	5.656308078423538E-34	1	1	144	192	99	2	-A
D6_BC42_consensus_vsearch	2876	A	*/+G	434	10	2.2%	2	1	93	93	9.277980556005647E-4	1	1	239	195	10	0	+G
D6_BC42_consensus_vsearch	2877	A	*/+G	424	7	1.53%	2	2	93	93	0.007623059056742502	1	1	238	186	3	4	+G
D6_BC42_consensus_vsearch	2877	A	*/-G	424	15	3.27%	2	2	93	93	2.7023288595668283E-5	1	1	238	186	6	9	-G
D6_BC42_consensus_vsearch	2878	G	*/+A	424	7	1.57%	2	1	93	93	0.007623059056742502	1	1	235	189	7	0	+A
D6_BC42_consensus_vsearch	2879	G	*/+A	433	15	3.26%	2	1	93	93	2.7090480075111917E-5	1	1	230	203	15	0	+A
D6_BC42_consensus_vsearch	2881	C	*/+G	435	7	1.54%	2	1	93	93	0.007627752045228881	1	1	235	200	7	0	+G
D6_BC42_consensus_vsearch	2882	A	*/+G	363	14	3.08%	2	2	93	93	5.39767472832291E-5	1	1	226	137	6	8	+G
D6_BC42_consensus_vsearch	2882	A	*/-G	363	68	14.95%	2	2	93	93	1.9197476471168507E-22	1	1	226	137	12	56	-G
D6_BC42_consensus_vsearch	2892	T	*/+C	446	8	1.75%	2	2	93	93	0.0037866572939678073	1	1	244	202	7	1	+C
D6_BC42_consensus_vsearch	2898	C	*/+A	411	11	2.4%	2	1	93	93	4.5710039589920393E-4	1	1	212	199	11	0	+A
D6_BC42_consensus_vsearch	2898	C	*/+TT	411	8	1.74%	2	1	93	93	0.003776745880714396	1	1	212	199	8	0	+A
D6_BC42_consensus_vsearch	2898	C	*/-G	411	8	1.74%	2	1	93	93	0.003776745880714396	1	1	212	199	8	0	+A
D6_BC42_consensus_vsearch	2899	G	*/-A	438	12	2.66%	2	1	93	93	2.2666198297196754E-4	1	1	233	205	12	0	-A
D6_BC42_consensus_vsearch	2900	A	*/-G	431	8	1.79%	2	2	93	93	0.003782601599602771	1	1	228	203	7	1	-G
D6_BC42_consensus_vsearch	2915	C	*/-T	435	12	2.61%	2	2	93	93	2.2654752970435957E-4	1	1	235	200	7	5	-T
D6_BC42_consensus_vsearch	2921	A	*/+G	435	8	1.76%	2	2	93	93	0.0037837097715777354	1	1	240	195	2	6	+G
D6_BC42_consensus_vsearch	2922	G	*/+A	425	20	4.4%	2	1	93	93	7.666563733598089E-7	1	1	223	202	20	0	+A
D6_BC42_consensus_vsearch	2927	T	*/+C	414	7	1.52%	2	2	93	93	0.007618580925465677	1	1	247	167	1	6	+C
D6_BC42_consensus_vsearch	2927	T	*/-C	414	35	7.61%	2	2	93	93	1.460889309610705E-11	1	1	247	167	5	30	-C
D6_BC42_consensus_vsearch	2935	G	*/+A	432	16	3.49%	2	1	93	93	1.3314617335401616E-5	1	1	229	203	16	0	+A
D6_BC42_consensus_vsearch	2938	G	*/-A	418	27	5.99%	2	2	93	93	4.961673368750431E-9	1	1	216	202	26	1	-A
D6_BC42_consensus_vsearch	2941	C	*/-A	419	30	6.61%	2	2	93	93	5.643338338880112E-10	1	1	248	171	1	29	-A
D6_BC42_consensus_vsearch	2944	T	*/-A	388	31	6.83%	2	2	93	93	2.617710804246128E-10	1	1	223	165	27	4	-A
D6_BC42_consensus_vsearch	2954	G	*/+T	417	25	5.48%	2	2	93	93	2.102051862728768E-8	1	1	244	173	3	22	+T
D6_BC42_consensus_vsearch	2954	G	*/-C	417	8	1.75%	2	2	93	93	0.003778560011928581	1	1	244	173	2	6	+T
D6_BC42_consensus_vsearch	2957	C	*/-T	424	24	5.25%	2	2	93	93	4.343923167757811E-8	1	1	248	176	1	23	-T
D6_BC42_consensus_vsearch	2960	T	*/+C	432	8	1.74%	2	2	93	93	0.0037828805172695963	1	1	231	201	6	2	+C
D6_BC42_consensus_vsearch	2960	T	*/-C	432	15	3.26%	2	2	93	93	2.7083142079970986E-5	1	1	231	201	13	2	-C
D6_BC42_consensus_vsearch	2967	C	*/-AC	441	9	1.98%	2	1	93	93	0.0018758252149176666	1	1	241	200	9	0	-AC
D6_BC42_consensus_vsearch	2972	C	*/+A	443	11	2.4%	2	1	93	93	4.5925649147354655E-4	1	1	237	206	11	0	+A
D6_BC42_consensus_vsearch	2973	A	*/-G	445	7	1.53%	2	1	93	93	0.007631821078608308	1	1	240	205	7	0	-G
D6_BC42_consensus_vsearch	2976	G	*/-T	438	7	1.54%	2	2	93	93	0.007628991869306366	1	1	237	201	6	1	-T
D6_BC42_consensus_vsearch	2980	C	*/-A	435	7	1.53%	2	1	93	93	0.007627752045228881	1	1	238	197	7	0	-A
D6_BC42_consensus_vsearch	2981	A	*/+C	421	10	2.23%	2	1	93	93	9.263496519144309E-4	1	1	223	198	10	0	+C
D6_BC42_consensus_vsearch	2982	C	*/+A	417	8	1.78%	2	1	93	93	0.003778560011928581	1	1	221	196	8	0	+A
D6_BC42_consensus_vsearch	2982	C	*/-A	417	10	2.23%	2	2	93	93	9.258865234089794E-4	1	1	221	196	7	3	-A
D6_BC42_consensus_vsearch	2988	T	*/-AC	443	10	2.17%	2	1	93	93	9.287528155311122E-4	1	1	242	201	10	0	-AC
D6_BC42_consensus_vsearch	2997	C	*/+T	441	12	2.61%	2	1	93	93	2.267749573503342E-4	1	1	249	192	0	12	+T
D6_BC42_consensus_vsearch	2999	T	*/+C	435	9	1.97%	2	1	93	93	0.0018747919330438447	1	1	232	203	9	0	+C
D6_BC42_consensus_vsearch	3001	C	*/-G	431	15	3.29%	2	1	93	93	2.70757726321695E-5	1	1	247	184	0	15	-G
D6_BC42_consensus_vsearch	3005	C	*/-A	416	39	8.48%	2	2	93	93	7.770476938996901E-13	1	1	219	197	32	7	-A
D6_BC42_consensus_vsearch	3007	A	*/+G	431	8	1.74%	2	1	93	93	0.003782601599602771	1	1	232	199	8	0	+G
D6_BC42_consensus_vsearch	3007	A	*/-G	431	13	2.83%	2	2	93	93	1.1166488301300728E-4	1	1	232	199	8	5	-G
D6_BC42_consensus_vsearch	3009	G	*/+A	150	122	26.52%	2	2	93	93	3.794132747871612E-45	1	1	81	69	111	11	+A
D6_BC42_consensus_vsearch	3009	G	*/+AA	150	18	3.91%	2	2	93	93	2.3590144569816855E-6	1	1	81	69	16	2	+A
D6_BC42_consensus_vsearch	3009	G	*/+AAA	150	21	4.57%	2	1	93	93	2.480289251016574E-7	1	1	81	69	21	0	+AAA
D6_BC42_consensus_vsearch	3009	G	*/-A	150	87	18.91%	2	2	93	93	3.820340791277671E-31	1	1	81	69	12	75	-A
D6_BC42_consensus_vsearch	3009	G	*/-AA	150	46	10%	2	2	93	93	7.106014816434398E-16	1	1	81	69	3	43	-A
D6_BC42_consensus_vsearch	3015	A	*/+G	439	9	1.96%	2	2	93	93	0.0018754838294876201	1	1	239	200	8	1	+G
D6_BC42_consensus_vsearch	3026	C	*/+T	442	7	1.54%	2	1	93	93	0.007630619313173879	1	1	250	192	0	7	+T
D6_BC42_consensus_vsearch	3033	T	*/-GT	438	11	2.41%	2	2	93	93	4.589394655227349E-4	1	1	249	189	1	10	-GT
D6_BC42_consensus_vsearch	3034	G	*/-TA	420	11	2.47%	2	1	93	93	4.5773850170834535E-4	1	1	230	190	11	0	-TA
D6_BC42_consensus_vsearch	3037	G	*/-C	432	10	2.23%	2	2	93	93	9.275806861447792E-4	1	1	240	192	4	6	-C
D6_BC42_consensus_vsearch	3039	G	*/-CGCG	436	15	3.29%	2	2	93	93	2.7112307341626823E-5	1	1	250	186	3	12	-CGCG
D6_BC42_consensus_vsearch	3041	G	*/-CG	325	102	23.18%	2	2	93	93	2.05606226985448E-34	1	1	202	123	37	65	-CG
D6_BC42_consensus_vsearch	3043	G	*/+A	308	9	2.65%	2	1	93	93	0.00184388538678199	1	1	194	114	9	0	+A
D6_BC42_consensus_vsearch	3048	G	*/+C	421	9	1.96%	2	1	93	93	0.0018722700711233777	1	1	219	202	9	0	+C
D6_BC42_consensus_vsearch	3048	G	*/-C	421	16	3.49%	2	2	93	93	1.3268190058544006E-5	1	1	219	202	13	3	-C
D6_BC42_consensus_vsearch	3051	C	*/+A	442	7	1.52%	2	2	93	93	0.007630619313173879	1	1	243	199	6	1	+A
D6_BC42_consensus_vsearch	3052	A	*/+G	439	10	2.18%	2	2	93	93	9.283331329900578E-4	1	1	244	195	3	7	+G
D6_BC42_consensus_vsearch	3060	T	*/+A	418	18	4%	2	2	93	93	3.189285095484537E-6	1	1	220	198	17	1	+A
D6_BC42_consensus_vsearch	3062	A	*/-G	422	21	4.62%	2	2	93	93	3.740981261298434E-7	1	1	237	185	9	12	-G
D6_BC42_consensus_vsearch	3070	A	*/+C	433	7	1.54%	2	1	93	93	0.0076269161468125015	1	1	240	193	7	0	+C
D6_BC42_consensus_vsearch	3078	G	*/-T	436	12	2.63%	2	1	93	93	2.2658584690234848E-4	1	1	233	203	12	0	-T
D6_BC42_consensus_vsearch	3080	T	*/-A	422	27	5.9%	2	1	93	93	4.980230406028123E-9	1	1	219	203	27	0	-A
D6_BC42_consensus_vsearch	3084	G	*/-C	394	35	7.83%	2	2	93	93	1.4127634873937499E-11	1	1	231	163	1	34	-C
D6_BC42_consensus_vsearch	3085	C	*/+T	398	15	3.56%	2	1	93	93	2.6813513686337928E-5	1	1	248	150	0	15	+T
D6_BC42_consensus_vsearch	3086	C	*/+T	428	11	2.41%	2	1	93	93	4.5828417992626897E-4	1	1	249	179	0	11	+T
D6_BC42_consensus_vsearch	3088	C	*/-A	425	18	3.97%	2	2	93	93	3.198505438225124E-6	1	1	244	181	6	12	-A
D6_BC42_consensus_vsearch	3092	C	*/-T	425	23	5.01%	2	2	93	93	8.922929236344478E-8	1	1	243	182	5	18	-T
D6_BC42_consensus_vsearch	3094	T	*/+C	421	15	3.32%	2	1	93	93	2.7000302846488012E-5	1	1	228	193	15	0	+C
D6_BC42_consensus_vsearch	3101	G	*/-C	439	7	1.54%	2	1	93	93	0.00762940145447119	1	1	235	204	7	0	-C
D6_BC42_consensus_vsearch	3103	T	*/+G	407	16	3.49%	2	2	93	93	1.3205799251268877E-5	1	1	234	173	13	3	+G
D6_BC42_consensus_vsearch	3104	A	*/-G	426	13	2.87%	2	1	93	93	1.1154998599717698E-4	1	1	234	192	13	0	-G
D6_BC42_consensus_vsearch	3109	C	*/+G	436	7	1.56%	2	1	93	93	0.007628167177128368	1	1	234	202	7	0	+G
D6_BC42_consensus_vsearch	3110	A	*/-G	441	10	2.19%	2	1	93	93	9.285438910684086E-4	1	1	240	201	10	0	-G
D6_BC42_consensus_vsearch	3116	T	*/+C	365	32	7%	2	2	93	93	1.2146603903121187E-10	1	1	207	158	27	5	+C
D6_BC42_consensus_vsearch	3116	T	*/-C	365	51	11.16%	2	2	93	93	8.678302212962121E-17	1	1	207	158	16	35	-C
D6_BC42_consensus_vsearch	3119	C	*/-T	448	7	1.53%	2	2	93	93	0.00763300706774014	1	1	250	198	1	6	-T
D6_BC42_consensus_vsearch	3120	T	*/+C	429	13	2.88%	2	2	93	93	1.1161922648910357E-4	1	1	234	195	12	1	+C
D6_BC42_consensus_vsearch	3121	C	*/+T	440	11	2.41%	2	1	93	93	4.590671030956891E-4	1	1	253	187	0	11	+T
D6_BC42_consensus_vsearch	3122	T	*/-A	418	21	4.64%	2	2	93	93	3.732520206596134E-7	1	1	237	181	12	9	-A
D6_BC42_consensus_vsearch	3124	A	*/-G	414	16	3.52%	2	2	93	93	1.3237475145125807E-5	1	1	233	181	3	13	-G
D6_BC42_consensus_vsearch	3124	A	*/-GA	414	15	3.3%	2	1	93	93	2.694547665799102E-5	1	1	233	181	15	0	-G
D6_BC42_consensus_vsearch	3125	G	*/-AAG	388	19	4.46%	2	2	93	93	1.5383889014355306E-6	1	1	210	178	18	1	-AAG
D6_BC42_consensus_vsearch	3127	A	*/-G	419	13	2.95%	2	1	93	93	1.1138480342819209E-4	1	1	221	198	13	0	-G
D6_BC42_consensus_vsearch	3128	G	*/-C	409	7	1.64%	2	1	93	93	0.007616261521057028	1	1	205	204	7	0	-C
D6_BC42_consensus_vsearch	3135	A	*/-C	441	9	1.97%	2	2	93	93	0.0018758252149176666	1	1	239	202	7	2	-C
D6_BC42_consensus_vsearch	3140	C	*/+A	340	28	6.14%	2	2	93	93	2.1847240401664586E-9	1	1	198	142	10	18	+A
D6_BC42_consensus_vsearch	3140	C	*/-A	340	76	16.67%	2	2	93	93	3.0398701937263595E-25	1	1	198	142	38	38	-A
D6_BC42_consensus_vsearch	3149	G	*/+C	434	8	1.74%	2	1	93	93	0.0037834345948323136	1	1	229	205	8	0	+C
D6_BC42_consensus_vsearch	3152	T	*/-G	444	8	1.76%	2	2	93	93	0.0037861319732248877	1	1	252	192	1	7	-G
D6_BC42_consensus_vsearch	3156	T	*/-A	420	14	3.08%	2	1	93	93	5.486911466049066E-5	1	1	227	193	14	0	-A
D6_BC42_consensus_vsearch	3157	A	*/+T	338	13	2.96%	2	2	93	93	1.0901283519379868E-4	1	1	146	192	12	1	+T
D6_BC42_consensus_vsearch	3157	A	*/-T	338	70	15.95%	2	2	93	93	3.3180234811608644E-23	1	1	146	192	63	7	-T
D6_BC42_consensus_vsearch	3159	T	*/+C	431	7	1.56%	2	1	93	93	0.007626072650234986	1	1	231	200	7	0	+C
D6_BC42_consensus_vsearch	3160	T	*/-A	428	10	2.18%	2	1	93	93	9.271400825692105E-4	1	1	227	201	10	0	-A
D6_BC42_consensus_vsearch	3162	G	*/-C	419	7	1.53%	2	2	93	93	0.007620846145152445	1	1	220	199	5	2	-C
D6_BC42_consensus_vsearch	3164	A	*/-G	409	13	2.87%	2	2	93	93	1.1113963043830918E-4	1	1	212	197	12	1	-G
D6_BC42_consensus_vsearch	3168	T	*/+A	393	35	7.63%	2	1	93	93	1.4102783822350418E-11	1	1	194	199	35	0	+A
D6_BC42_consensus_vsearch	3168	T	*/-A	393	27	5.88%	2	2	93	93	4.8391875722453795E-9	1	1	194	199	23	4	+A
D6_BC42_consensus_vsearch	3185	T	*/+C	423	13	2.84%	2	1	93	93	1.1147982255220776E-4	1	1	222	201	13	0	+C
D6_BC42_consensus_vsearch	3185	T	*/+CC	423	12	2.62%	2	1	93	93	2.2607433164831964E-4	1	1	222	201	12	0	+C
D6_BC42_consensus_vsearch	3188	G	*/-A	447	10	2.17%	2	1	93	93	9.29165258488171E-4	1	1	241	206	10	0	-A
D6_BC42_consensus_vsearch	3200	C	*/-A	438	11	2.4%	2	2	93	93	4.589394655227349E-4	1	1	242	196	4	7	-A
D6_BC42_consensus_vsearch	3204	T	*/+C	433	8	1.74%	2	1	93	93	0.003783158179516694	1	1	243	190	8	0	+C
D6_BC42_consensus_vsearch	3205	C	*/-A	414	36	7.93%	2	1	93	93	7.0200687625301906E-12	1	1	216	198	36	0	-A
D6_BC42_consensus_vsearch	3207	C	*/-T	436	13	2.85%	2	1	93	93	1.1177729905704128E-4	1	1	251	185	0	13	-T
D6_BC42_consensus_vsearch	3208	T	*/+C	415	11	2.48%	2	1	93	93	4.573872587995422E-4	1	1	229	186	11	0	+C
D6_BC42_consensus_vsearch	3208	T	*/-C	415	13	2.93%	2	2	93	93	1.1128806504032547E-4	1	1	229	186	10	3	-C
D6_BC42_consensus_vsearch	3210	C	*/-A	446	8	1.74%	2	1	93	93	0.0037866572939678073	1	1	244	202	8	0	-A
D6_BC42_consensus_vsearch	3215	A	*/-C	440	9	1.96%	2	1	93	93	0.0018756548982491606	1	1	237	203	9	0	-C
D6_BC42_consensus_vsearch	3217	T	*/-A	432	9	1.97%	2	2	93	93	0.001874264864679625	1	1	240	192	8	1	-A
D6_BC42_consensus_vsearch	3220	G	*/+A	443	8	1.75%	2	1	93	93	0.003785867578538486	1	1	246	197	0	8	+A
D6_BC42_consensus_vsearch	3223	C	*/-G	439	8	1.74%	2	2	93	93	0.003784798257927548	1	1	236	203	6	2	-G
D6_BC42_consensus_vsearch	3231	C	*/-AC	438	12	2.65%	2	1	93	93	2.2666198297196754E-4	1	1	235	203	12	0	-AC
D6_BC42_consensus_vsearch	3237	C	*/-ACC	443	7	1.53%	2	2	93	93	0.00763102167395619	1	1	240	203	5	2	-ACC
D6_BC42_consensus_vsearch	3238	A	*/-C	429	10	2.25%	2	2	93	93	9.272509747675099E-4	1	1	230	199	7	3	-C
D6_BC42_consensus_vsearch	3243	T	*/-A	439	7	1.53%	2	2	93	93	0.00762940145447119	1	1	241	198	1	6	-A
D6_BC42_consensus_vsearch	3251	T	*/+G	423	17	3.72%	2	1	93	93	6.517562209625466E-6	1	1	230	193	17	0	+G
D6_BC42_consensus_vsearch	3252	G	*/+A	388	26	5.66%	2	2	93	93	9.938208002589169E-9	1	1	189	199	21	5	+A
D6_BC42_consensus_vsearch	3252	G	*/-A	388	36	7.84%	2	2	93	93	6.699892297472245E-12	1	1	189	199	35	1	-A
D6_BC42_consensus_vsearch	3259	C	*/+T	444	8	1.75%	2	1	93	93	0.0037861319732248877	1	1	251	193	0	8	+T
D6_BC42_consensus_vsearch	3262	T	*/+C	441	10	2.18%	2	1	93	93	9.285438910684086E-4	1	1	242	199	10	0	+C
D6_BC42_consensus_vsearch	3266	T	*/+C	451	7	1.53%	2	1	93	93	0.007634177589087493	1	1	247	204	7	0	+C
D6_BC42_consensus_vsearch	3273	A	*/-T	428	20	4.35%	2	1	93	93	7.678029872918344E-7	1	1	251	177	0	20	-T
D6_BC42_consensus_vsearch	3274	T	*/+C	385	27	6.18%	2	1	93	93	4.797455828962964E-9	1	1	205	180	27	0	+C
D6_BC42_consensus_vsearch	3274	T	*/-C	385	21	4.81%	2	2	93	93	3.657048117705974E-7	1	1	205	180	19	2	+C
D6_BC42_consensus_vsearch	3281	C	*/-AT	447	7	1.53%	2	1	93	93	0.007632613471737004	1	1	250	197	0	7	-AT
D6_BC42_consensus_vsearch	3284	G	*/+T	448	7	1.53%	2	1	93	93	0.00763300706774014	1	1	251	197	0	7	+T
D6_BC42_consensus_vsearch	3287	T	*/-G	408	38	8.43%	2	2	93	93	1.597533645095553E-12	1	1	247	161	1	37	-G
D6_BC42_consensus_vsearch	3291	C	*/+T	446	8	1.75%	2	2	93	93	0.0037866572939678073	1	1	248	198	1	7	+T
D6_BC42_consensus_vsearch	3293	T	*/+G	424	8	1.77%	2	2	93	93	0.0037806132981311326	1	1	249	175	2	6	+G
D6_BC42_consensus_vsearch	3293	T	*/-G	424	15	3.31%	2	1	93	93	2.7023288595668283E-5	1	1	249	175	0	15	-G
D6_BC42_consensus_vsearch	3294	G	*/+A	431	9	2.03%	2	1	93	93	0.0018740875957096264	1	1	244	187	9	0	+A
D6_BC42_consensus_vsearch	3296	T	*/+A	439	7	1.53%	2	2	93	93	0.00762940145447119	1	1	239	200	6	1	+A
D6_BC42_consensus_vsearch	3297	G	*/-A	442	10	2.19%	2	2	93	93	9.286485810021079E-4	1	1	239	203	9	1	-A
D6_BC42_consensus_vsearch	3302	T	*/+C	285	19	4.13%	2	2	93	93	1.4270229230336525E-6	1	1	184	101	7	12	+C
D6_BC42_consensus_vsearch	3302	T	*/-C	285	139	30.22%	2	2	93	93	1.7708776256296918E-48	1	1	184	101	62	77	-C
D6_BC42_consensus_vsearch	3302	T	*/-CC	285	16	3.48%	2	2	93	93	1.2435166145427156E-5	1	1	184	101	1	15	-C
D6_BC42_consensus_vsearch	3311	T	*/+G	440	10	2.17%	2	2	93	93	9.284387427353376E-4	1	1	241	199	8	2	+G
D6_BC42_consensus_vsearch	3312	G	*/-A	444	8	1.75%	2	2	93	93	0.0037861319732248877	1	1	244	200	6	2	-A
D6_BC42_consensus_vsearch	3316	C	*/-A	430	23	5.02%	2	2	93	93	8.952239033308115E-8	1	1	248	182	4	19	-A
D6_BC42_consensus_vsearch	3317	A	*/+G	421	9	2.07%	2	1	93	93	0.0018722700711233777	1	1	238	183	9	0	+G
D6_BC42_consensus_vsearch	3321	T	*/-A	351	7	1.53%	2	2	93	93	0.0075846487975676224	1	1	243	108	2	5	-A
D6_BC42_consensus_vsearch	3321	T	*/-AA	351	82	17.9%	2	1	93	93	2.976694184585859E-27	1	1	243	108	0	82	-AA
D6_BC42_consensus_vsearch	3326	C	*/+A	366	10	2.18%	2	2	93	93	9.191332166898884E-4	1	1	229	137	9	1	+A
D6_BC42_consensus_vsearch	3327	G	*/-CA	425	7	1.53%	2	1	93	93	0.007623495521158642	1	1	221	204	7	0	-CA
D6_BC42_consensus_vsearch	3333	T	*/+C	430	9	1.97%	2	1	93	93	0.0018739095280781474	1	1	235	195	9	0	+C
D6_BC42_consensus_vsearch	3333	T	*/-C	430	8	1.75%	2	2	93	93	0.0037823214180042796	1	1	235	195	5	3	+C
D6_BC42_consensus_vsearch	3337	C	*/-AC	390	51	11.26%	2	2	93	93	9.574693719314453E-17	1	1	191	199	47	4	-AC
D6_BC42_consensus_vsearch	3338	A	*/+CC	373	7	1.77%	2	1	93	93	0.007597769697997662	1	1	177	196	7	0	+CC
D6_BC42_consensus_vsearch	3341	T	*/+A	429	9	1.96%	2	1	93	93	0.0018737306563855328	1	1	243	186	9	0	+A
D6_BC42_consensus_vsearch	3341	T	*/-G	429	13	2.83%	2	1	93	93	1.1161922648910357E-4	1	1	243	186	0	13	-G
D6_BC42_consensus_vsearch	3342	G	*/+A	369	14	3.15%	2	1	93	93	5.4082646761110544E-5	1	1	181	188	14	0	+A
D6_BC42_consensus_vsearch	3348	G	*/+C	414	12	2.61%	2	2	93	93	2.2570239286811238E-4	1	1	231	183	2	10	+C
D6_BC42_consensus_vsearch	3348	G	*/-C	414	29	6.32%	2	2	93	93	1.1600245787067277E-9	1	1	231	183	18	11	-C
D6_BC42_consensus_vsearch	3350	C	*/+T	433	17	3.71%	2	1	93	93	6.540845093994583E-6	1	1	248	185	0	17	+T
D6_BC42_consensus_vsearch	3351	C	*/-T	436	8	1.75%	2	1	93	93	0.003783983718069795	1	1	244	192	0	8	-T
D6_BC42_consensus_vsearch	3352	T	*/+CT	435	9	2.02%	2	1	93	93	0.0018747919330438447	1	1	250	185	0	9	+CT
D6_BC42_consensus_vsearch	3353	T	*/+C	437	8	1.76%	2	2	93	93	0.00378425644253265	1	1	241	196	7	1	+C
D6_BC42_consensus_vsearch	3358	C	*/-A	442	10	2.19%	2	2	93	93	9.286485810021079E-4	1	1	243	199	6	4	-A
D6_BC42_consensus_vsearch	3362	T	*/+C	429	7	1.54%	2	2	93	93	0.007625221451403564	1	1	240	189	2	5	+C
D6_BC42_consensus_vsearch	3362	T	*/-C	429	11	2.42%	2	2	93	93	4.5835102222652706E-4	1	1	240	189	7	4	-C
D6_BC42_consensus_vsearch	3364	C	*/-T	424	19	4.14%	2	2	93	93	1.5660884922200917E-6	1	1	247	177	5	14	-T
D6_BC42_consensus_vsearch	3367	T	*/-A	431	10	2.19%	2	2	93	93	9.274712732448419E-4	1	1	241	190	6	4	-A
D6_BC42_consensus_vsearch	3367	T	*/-AA	431	7	1.53%	2	2	93	93	0.007626072650234986	1	1	241	190	1	6	-A
D6_BC42_consensus_vsearch	3370	G	*/+T	442	10	2.17%	2	2	93	93	9.286485810021079E-4	1	1	241	201	9	1	+T
D6_BC42_consensus_vsearch	3370	G	*/-T	442	7	1.52%	2	2	93	93	0.007630619313173879	1	1	241	201	4	3	+T
D6_BC42_consensus_vsearch	3373	T	*/+C	441	13	2.83%	2	2	93	93	1.1188731357687094E-4	1	1	245	196	4	9	+C
D6_BC42_consensus_vsearch	3378	C	*/+T	432	12	2.61%	2	2	93	93	2.2643156833193682E-4	1	1	246	186	4	8	+T
D6_BC42_consensus_vsearch	3378	C	*/-T	432	11	2.4%	2	1	93	93	4.5854977422456113E-4	1	1	246	186	0	11	+T
D6_BC42_consensus_vsearch	3390	C	*/+T	426	11	2.42%	2	2	93	93	4.581495959366191E-4	1	1	242	184	1	10	+T
D6_BC42_consensus_vsearch	3391	T	*/+C	310	28	6.24%	2	2	93	93	2.0794153861245387E-9	1	1	151	159	25	3	+C
D6_BC42_consensus_vsearch	3391	T	*/-C	310	84	18.71%	2	2	93	93	3.6261856909949163E-28	1	1	151	159	58	26	-C
D6_BC42_consensus_vsearch	3391	T	*/-CC	310	23	5.12%	2	2	93	93	8.045020476182787E-8	1	1	151	159	10	13	-C
D6_BC42_consensus_vsearch	3400	A	*/-C	438	10	2.18%	2	2	93	93	9.282270587880905E-4	1	1	238	200	8	2	-C
D6_BC42_consensus_vsearch	3403	C	*/+A	419	8	1.74%	2	2	93	93	0.0037791534811211507	1	1	222	197	3	5	+A
D6_BC42_consensus_vsearch	3403	C	*/-A	419	23	5%	2	2	93	93	8.88699068341335E-8	1	1	222	197	22	1	-A
D6_BC42_consensus_vsearch	3409	C	*/-T	440	13	2.83%	2	2	93	93	1.1186549909524006E-4	1	1	249	191	1	12	-T
D6_BC42_consensus_vsearch	3414	A	*/+T	438	11	2.4%	2	2	93	93	4.589394655227349E-4	1	1	248	190	3	8	+T
D6_BC42_consensus_vsearch	3414	A	*/-T	438	7	1.53%	2	2	93	93	0.007628991869306366	1	1	248	190	1	6	+T
D6_BC42_consensus_vsearch	3417	T	*/-C	430	18	3.91%	2	1	93	93	3.2049271265272453E-6	1	1	251	179	0	18	-C
D6_BC42_consensus_vsearch	3418	C	*/-TC	394	28	6.39%	2	2	93	93	2.344578860766044E-9	1	1	249	145	2	26	-TC
D6_BC42_consensus_vsearch	3418	C	*/-TCGT	394	7	1.6%	2	1	93	93	0.007608958034696689	1	1	249	145	0	7	-TC
D6_BC42_consensus_vsearch	3420	C	*/-GT	385	8	1.93%	2	1	93	93	0.0037682499633968467	1	1	247	138	0	8	-GT
D6_BC42_consensus_vsearch	3422	T	*/+A	375	9	2.05%	2	2	93	93	0.001862705653908663	1	1	215	160	7	2	+A
D6_BC42_consensus_vsearch	3422	T	*/-A	375	28	6.38%	2	2	93	93	2.2921605699551973E-9	1	1	215	160	24	4	-A
D6_BC42_consensus_vsearch	3424	A	*/-G	423	12	2.64%	2	2	93	93	2.2607433164831964E-4	1	1	234	189	10	2	-G
D6_BC42_consensus_vsearch	3430	C	*/+A	432	7	1.53%	2	2	93	93	0.0076264953547406375	1	1	243	189	6	1	+A
D6_BC42_consensus_vsearch	3430	C	*/+G	432	7	1.53%	2	2	93	93	0.0076264953547406375	1	1	243	189	2	5	+A
D6_BC42_consensus_vsearch	3432	A	*/-G	436	10	2.2%	2	2	93	93	9.280135047051926E-4	1	1	236	200	5	5	-G
D6_BC42_consensus_vsearch	3438	A	*/-CA	405	46	10.11%	2	2	93	93	4.2419847263625895E-15	1	1	208	197	40	6	-CA
D6_BC42_consensus_vsearch	3442	C	*/-A	436	15	3.26%	2	2	93	93	2.7112307341626823E-5	1	1	234	202	14	1	-A
D6_BC42_consensus_vsearch	3453	C	*/-GC	433	12	2.63%	2	1	93	93	2.2647039152581312E-4	1	1	238	195	12	0	-GC
D6_BC42_consensus_vsearch	3454	G	*/-C	428	12	2.69%	2	1	93	93	2.2627455527610537E-4	1	1	226	202	12	0	-C
D6_BC42_consensus_vsearch	3457	C	*/+G	392	7	1.52%	2	1	93	93	0.007607942959128091	1	1	234	158	0	7	+G
D6_BC42_consensus_vsearch	3460	T	*/-C	291	148	32.39%	2	2	93	93	8.624499079591738E-52	1	1	101	190	139	9	-C
D6_BC42_consensus_vsearch	3460	T	*/-CC	291	10	2.19%	2	1	93	93	9.051368917515764E-4	1	1	101	190	10	0	-C
D6_BC42_consensus_vsearch	3475	G	*/-T	439	7	1.53%	2	2	93	93	0.00762940145447119	1	1	243	196	5	2	-T
D6_BC42_consensus_vsearch	3484	T	*/+A	434	9	1.96%	2	2	93	93	0.0018746170280654298	1	1	235	199	8	1	+A
D6_BC42_consensus_vsearch	3484	T	*/-A	434	7	1.53%	2	2	93	93	0.007627335039353406	1	1	235	199	4	3	+A
D6_BC42_consensus_vsearch	3499	A	*/+T	450	7	1.53%	2	1	93	93	0.0076337891152176976	1	1	253	197	0	7	+T
D6_BC42_consensus_vsearch	3500	T	*/+C	446	8	1.75%	2	2	93	93	0.0037866572939678073	1	1	246	200	7	1	+C
D6_BC42_consensus_vsearch	3501	C	*/-T	445	10	2.18%	2	2	93	93	9.289599302019507E-4	1	1	248	197	2	8	-T
D6_BC42_consensus_vsearch	3507	G	*/-T	402	40	8.75%	2	2	93	93	3.61018439595374E-13	1	1	208	194	33	7	-T
D6_BC42_consensus_vsearch	3511	T	*/+C	437	8	1.74%	2	1	93	93	0.00378425644253265	1	1	236	201	8	0	+C
D6_BC42_consensus_vsearch	3511	T	*/-C	437	8	1.74%	2	2	93	93	0.00378425644253265	1	1	236	201	3	5	+C
D6_BC42_consensus_vsearch	3512	C	*/+A	432	8	1.77%	2	1	93	93	0.0037828805172695963	1	1	241	191	8	0	+A
D6_BC42_consensus_vsearch	3513	G	*/-A	440	13	2.84%	2	1	93	93	1.1186549909524006E-4	1	1	236	204	13	0	-A
D6_BC42_consensus_vsearch	3515	T	*/+C	189	221	48.46%	2	2	93	93	2.762412315027916E-85	1	1	151	38	64	157	+C
D6_BC42_consensus_vsearch	3515	T	*/+CC	189	7	1.54%	2	2	93	93	0.007398282157210082	1	1	151	38	4	3	+C
D6_BC42_consensus_vsearch	3515	T	*/-C	189	32	7.02%	2	2	93	93	6.946633572229722E-11	1	1	151	38	27	5	-C
D6_BC42_consensus_vsearch	3515	T	*/-CC	189	7	1.54%	2	1	93	93	0.007398282157210082	1	1	151	38	7	0	-C
D6_BC42_consensus_vsearch	3517	C	*/+T	438	11	2.43%	2	1	93	93	4.589394655227349E-4	1	1	244	194	0	11	+T
D6_BC42_consensus_vsearch	3518	C	*/-T	447	7	1.53%	2	2	93	93	0.007632613471737004	1	1	249	198	4	3	-T
D6_BC42_consensus_vsearch	3521	A	*/-C	437	8	1.74%	2	2	93	93	0.00378425644253265	1	1	243	194	2	6	-C
D6_BC42_consensus_vsearch	3523	C	*/+T	439	8	1.75%	2	1	93	93	0.003784798257927548	1	1	251	188	0	8	+T
D6_BC42_consensus_vsearch	3523	C	*/-T	439	8	1.75%	2	1	93	93	0.003784798257927548	1	1	251	188	0	8	+T
D6_BC42_consensus_vsearch	3530	C	*/-T	419	34	7.46%	2	1	93	93	3.05963036738789E-11	1	1	250	169	0	34	-T
D6_BC42_consensus_vsearch	3540	G	*/+A	400	13	2.85%	2	1	93	93	1.1090916003185617E-4	1	1	236	164	0	13	+A
D6_BC42_consensus_vsearch	3540	G	*/-A	400	37	8.11%	2	2	93	93	3.284124011929028E-12	1	1	236	164	8	29	-A
D6_BC42_consensus_vsearch	3547	T	*/-C	442	13	2.83%	2	2	93	93	1.1190903505080929E-4	1	1	242	200	10	3	-C
D6_BC42_consensus_vsearch	3548	C	*/+T	427	11	2.46%	2	1	93	93	4.5821703849988575E-4	1	1	239	188	0	11	+T
D6_BC42_consensus_vsearch	3549	C	*/-T	417	37	8.04%	2	2	93	93	3.3877043345623225E-12	1	1	249	168	3	34	-T
D6_BC42_consensus_vsearch	3551	T	*/-G	426	17	3.7%	2	2	93	93	6.5246507648444996E-6	1	1	244	182	2	15	-G
D6_BC42_consensus_vsearch	3554	C	*/-A	401	26	5.69%	2	2	93	93	1.0065383440575144E-8	1	1	241	160	5	21	-A
D6_BC42_consensus_vsearch	3559	G	*/-CT	446	8	1.74%	2	1	93	93	0.0037866572939678073	1	1	250	196	0	8	-CT
D6_BC42_consensus_vsearch	3560	C	*/+T	418	10	2.22%	2	2	93	93	9.260031044371504E-4	1	1	242	176	2	8	+T
D6_BC42_consensus_vsearch	3560	C	*/-TT	418	11	2.44%	2	2	93	93	4.575989670126341E-4	1	1	242	176	5	6	-TT
D6_BC42_consensus_vsearch	3563	T	*/-C	436	12	2.62%	2	2	93	93	2.2658584690234848E-4	1	1	244	192	1	11	-C
D6_BC42_consensus_vsearch	3564	C	*/+AT	412	7	1.57%	2	1	93	93	0.007617659773976637	1	1	238	174	7	0	+AT
D6_BC42_consensus_vsearch	3564	C	*/+T	412	10	2.24%	2	2	93	93	9.25295461603329E-4	1	1	238	174	1	9	+T
D6_BC42_consensus_vsearch	3565	G	*/-C	436	11	2.43%	2	2	93	93	4.588107080951123E-4	1	1	236	200	10	1	-C
D6_BC42_consensus_vsearch	3566	C	*/+G	392	37	8.31%	2	1	93	93	3.2336021249646516E-12	1	1	191	201	37	0	+G
D6_BC42_consensus_vsearch	3566	C	*/-A	392	7	1.57%	2	1	93	93	0.007607942959128091	1	1	191	201	7	0	+G
D6_BC42_consensus_vsearch	3567	A	*/-G	397	43	9.49%	2	1	93	93	3.865885605711412E-14	1	1	195	202	43	0	-G
D6_BC42_consensus_vsearch	3569	T	*/+C	433	8	1.74%	2	1	93	93	0.003783158179516694	1	1	238	195	8	0	+C
D6_BC42_consensus_vsearch	3571	G	*/+T	435	8	1.75%	2	1	93	93	0.0037837097715777354	1	1	240	195	8	0	+T
D6_BC42_consensus_vsearch	3573	T	*/+G	436	9	1.97%	2	1	93	93	0.0018749660605302289	1	1	241	195	9	0	+G
D6_BC42_consensus_vsearch	3574	A	*/-G	429	15	3.28%	2	2	93	93	2.7060938566629196E-5	1	1	242	187	7	8	-G
D6_BC42_consensus_vsearch	3577	C	*/-T	448	7	1.53%	2	2	93	93	0.00763300706774014	1	1	252	196	1	6	-T
D6_BC42_consensus_vsearch	3579	T	*/-C	447	8	1.74%	2	2	93	93	0.0037869182351470006	1	1	244	203	6	2	-C
D6_BC42_consensus_vsearch	3581	C	*/-GT	443	8	1.74%	2	2	93	93	0.003785867578538486	1	1	249	194	1	7	-GT
D6_BC42_consensus_vsearch	3583	T	*/+A	432	7	1.56%	2	2	93	93	0.0076264953547406375	1	1	240	192	5	2	+A
D6_BC42_consensus_vsearch	3587	T	*/-C	428	26	5.71%	2	1	93	93	1.0310018182974257E-8	1	1	226	202	26	0	-C
D6_BC42_consensus_vsearch	3589	C	*/+A	418	9	1.96%	2	2	93	93	0.0018717084025872061	1	1	215	203	8	1	+A
D6_BC42_consensus_vsearch	3589	C	*/-A	418	25	5.43%	2	2	93	93	2.1037565516145442E-8	1	1	215	203	24	1	-A
D6_BC42_consensus_vsearch	3591	A	*/-G	414	21	4.59%	2	1	93	93	3.7239194258898957E-7	1	1	211	203	21	0	-G
D6_BC42_consensus_vsearch	3592	G	*/-A	418	8	1.85%	2	2	93	93	0.003778857437644956	1	1	217	201	6	2	-A
D6_BC42_consensus_vsearch	3599	A	*/-C	427	17	3.75%	2	2	93	93	6.526993615927746E-6	1	1	240	187	1	16	-C
D6_BC42_consensus_vsearch	3600	C	*/+A	424	8	1.83%	2	1	93	93	0.0037806132981311326	1	1	238	186	8	0	+A
D6_BC42_consensus_vsearch	3602	T	*/+C	436	14	3.07%	2	1	93	93	5.5080471059265496E-5	1	1	238	198	14	0	+C
D6_BC42_consensus_vsearch	3610	C	*/+G	435	7	1.52%	2	1	93	93	0.007627752045228881	1	1	242	193	0	7	+G
D6_BC42_consensus_vsearch	3610	C	*/-G	435	7	1.52%	2	2	93	93	0.007627752045228881	1	1	242	193	3	4	+G
D6_BC42_consensus_vsearch	3616	A	*/-C	442	10	2.18%	2	1	93	93	9.286485810021079E-4	1	1	237	205	10	0	-C
D6_BC42_consensus_vsearch	3618	T	*/-A	436	11	2.41%	2	2	93	93	4.588107080951123E-4	1	1	240	196	10	1	-A
D6_BC42_consensus_vsearch	3622	G	*/-C	328	89	19.78%	2	2	93	93	8.349471822750637E-30	1	1	169	159	47	42	-C
D6_BC42_consensus_vsearch	3622	G	*/-CCC	328	12	2.67%	2	1	93	93	2.2118757318803913E-4	1	1	169	159	12	0	-C
D6_BC42_consensus_vsearch	3633	T	*/+C	330	10	2.18%	2	1	93	93	9.131703594937562E-4	1	1	128	202	10	0	+C
D6_BC42_consensus_vsearch	3633	T	*/-C	330	88	19.17%	2	2	93	93	1.9195247738445638E-29	1	1	128	202	84	4	-C
D6_BC42_consensus_vsearch	3633	T	*/-CC	330	28	6.1%	2	1	93	93	2.1511002132150435E-9	1	1	128	202	28	0	-C
D6_BC42_consensus_vsearch	3644	C	*/-A	448	10	2.17%	2	1	93	93	9.292672599433581E-4	1	1	243	205	10	0	-A
D6_BC42_consensus_vsearch	3655	C	*/+T	447	7	1.53%	2	1	93	93	0.007632613471737004	1	1	252	195	0	7	+T
D6_BC42_consensus_vsearch	3656	T	*/+C	426	10	2.18%	2	2	93	93	9.269167954843176E-4	1	1	245	181	8	2	+C
D6_BC42_consensus_vsearch	3656	T	*/-C	426	19	4.15%	2	1	93	93	1.567506340833558E-6	1	1	245	181	0	19	-C
D6_BC42_consensus_vsearch	3658	T	*/-A	415	20	4.42%	2	2	93	93	7.62730484821208E-7	1	1	220	195	18	2	-A
D6_BC42_consensus_vsearch	3659	A	*/+G	410	15	3.42%	2	2	93	93	2.691337414475154E-5	1	1	219	191	10	5	+G
D6_BC42_consensus_vsearch	3660	G	*/+A	436	9	1.97%	2	2	93	93	0.0018749660605302289	1	1	247	189	1	8	+A
D6_BC42_consensus_vsearch	3660	G	*/-A	436	7	1.53%	2	1	93	93	0.007628167177128368	1	1	247	189	0	7	+A
D6_BC42_consensus_vsearch	3665	C	*/+A	425	14	3.04%	2	1	93	93	5.493675610968029E-5	1	1	251	174	0	14	+A
D6_BC42_consensus_vsearch	3668	C	*/+A	371	22	4.82%	2	2	93	93	1.762370387584706E-7	1	1	205	166	10	12	+A
D6_BC42_consensus_vsearch	3668	C	*/-A	371	45	9.87%	2	2	93	93	8.079589845661316E-15	1	1	205	166	36	9	-A
D6_BC42_consensus_vsearch	3673	T	*/-A	438	8	1.75%	2	1	93	93	0.0037845279531252564	1	1	237	201	8	0	-A
D6_BC42_consensus_vsearch	3681	C	*/-AC	399	42	9.25%	2	1	93	93	8.159666194745932E-14	1	1	203	196	42	0	-AC
D6_BC42_consensus_vsearch	3685	T	*/-C	423	29	6.32%	2	1	93	93	1.1713779979233545E-9	1	1	219	204	29	0	-C
D6_BC42_consensus_vsearch	3689	A	*/+T	412	21	4.59%	2	2	93	93	3.719565559301011E-7	1	1	225	187	9	12	+T
D6_BC42_consensus_vsearch	3689	A	*/-T	412	17	3.71%	2	2	93	93	6.490775634366145E-6	1	1	225	187	12	5	+T
D6_BC42_consensus_vsearch	3696	T	*/-ATT	434	17	3.7%	2	2	93	93	6.543119972731843E-6	1	1	233	201	16	1	-ATT
D6_BC42_consensus_vsearch	3699	T	*/+C	421	9	2.04%	2	1	93	93	0.0018722700711233777	1	1	222	199	9	0	+C
D6_BC42_consensus_vsearch	3704	G	*/+C	427	7	1.54%	2	1	93	93	0.007624362444354587	1	1	227	200	7	0	+C
D6_BC42_consensus_vsearch	3714	T	*/+C	433	14	3.04%	2	2	93	93	5.504195157141449E-5	1	1	240	193	11	3	+C
D6_BC42_consensus_vsearch	3714	T	*/-C	433	9	1.96%	2	2	93	93	0.001874441340367089	1	1	240	193	1	8	+C
D6_BC42_consensus_vsearch	3715	C	*/-G	426	7	1.55%	2	2	93	93	0.007623929979105209	1	1	247	179	1	6	-G
D6_BC42_consensus_vsearch	3729	C	*/+T	422	8	1.76%	2	2	93	93	0.003780033413733114	1	1	239	183	1	7	+T
D6_BC42_consensus_vsearch	3729	C	*/-T	422	14	3.08%	2	2	93	93	5.489635033716498E-5	1	1	239	183	4	10	-T
D6_BC42_consensus_vsearch	3736	C	*/-A	429	24	5.23%	2	1	93	93	4.35952750207142E-8	1	1	225	204	24	0	-A
D6_BC42_consensus_vsearch	3739	T	*/+C	431	17	3.73%	2	2	93	93	6.536266691931365E-6	1	1	235	196	14	3	+C
D6_BC42_consensus_vsearch	3740	C	*/+T	437	8	1.76%	2	1	93	93	0.00378425644253265	1	1	249	188	0	8	+T
D6_BC42_consensus_vsearch	3743	A	*/+T	419	17	3.7%	2	2	93	93	6.507968392941904E-6	1	1	229	190	13	4	+T
D6_BC42_consensus_vsearch	3743	A	*/-T	419	11	2.39%	2	2	93	93	4.576688933102391E-4	1	1	229	190	8	3	+T
D6_BC42_consensus_vsearch	3748	C	*/-TC	425	21	4.63%	2	2	93	93	3.747237380449946E-7	1	1	250	175	1	20	-TC
D6_BC42_consensus_vsearch	3750	C	*/+A	383	7	1.62%	2	1	93	93	0.007603246958909687	1	1	218	165	7	0	+A
D6_BC42_consensus_vsearch	3750	C	*/-A	383	36	8.31%	2	2	93	93	6.635406956135579E-12	1	1	218	165	27	9	-A
D6_BC42_consensus_vsearch	3755	T	*/+A	236	145	31.8%	2	2	93	93	8.700925721307026E-52	1	1	115	121	122	23	+A
D6_BC42_consensus_vsearch	3755	T	*/-A	236	19	4.17%	2	2	93	93	1.3467816754362136E-6	1	1	115	121	8	11	+A
D6_BC42_consensus_vsearch	3755	T	*/-AA	236	44	9.65%	2	1	93	93	9.084525643318347E-15	1	1	115	121	0	44	-AA
D6_BC42_consensus_vsearch	3760	T	*/-C	416	36	7.86%	2	2	93	93	7.043689908022583E-12	1	1	220	196	32	4	-C
D6_BC42_consensus_vsearch	3763	T	*/-G	427	15	3.29%	2	1	93	93	2.7045976238335243E-5	1	1	250	177	0	15	-G
D6_BC42_consensus_vsearch	3766	T	*/+C	444	7	1.54%	2	1	93	93	0.007631422258539495	1	1	254	190	0	7	+C
D6_BC42_consensus_vsearch	3767	T	*/+C	201	240	52.4%	2	2	93	93	7.77639272525677E-93	1	1	97	104	151	89	+C
D6_BC42_consensus_vsearch	3770	C	*/+G	12	273	59.35%	2	2	93	93	6.082058310939817E-150	1	1	7	5	185	88	+G
D6_BC42_consensus_vsearch	3770	C	*/+GG	12	8	1.74%	2	1	93	93	0.0016380016380016513	1	1	7	5	0	8	+G
D6_BC42_consensus_vsearch	3770	C	*/+TG	12	64	13.91%	2	2	93	93	5.567723762742994E-31	1	1	7	5	1	63	+TG
D6_BC42_consensus_vsearch	3770	C	*/-A	12	66	14.35%	2	2	93	93	4.701398623188728E-32	1	1	7	5	49	17	-A
D6_BC42_consensus_vsearch	3772	C	*/+G	381	46	10.02%	2	2	93	93	3.947891559402641E-15	1	1	195	186	40	6	+G
D6_BC42_consensus_vsearch	3776	C	*/+T	438	12	2.64%	2	1	93	93	2.2666198297196754E-4	1	1	250	188	0	12	+T
D6_BC42_consensus_vsearch	3782	G	*/-A	443	8	1.75%	2	2	93	93	0.003785867578538486	1	1	242	201	6	2	-A
D6_BC42_consensus_vsearch	3784	A	*/+G	420	12	2.61%	2	2	93	93	2.2595202981245667E-4	1	1	227	193	7	5	+G
D6_BC42_consensus_vsearch	3784	A	*/-G	420	23	5.01%	2	2	93	93	8.893039670889079E-8	1	1	227	193	17	6	-G
D6_BC42_consensus_vsearch	3785	G	*/+A	411	11	2.53%	2	1	93	93	4.5710039589920393E-4	1	1	213	198	11	0	+A
D6_BC42_consensus_vsearch	3786	G	*/+A	419	30	6.55%	2	1	93	93	5.643338338880112E-10	1	1	215	204	30	0	+A
D6_BC42_consensus_vsearch	3791	G	*/+C	428	16	3.51%	2	1	93	93	1.3297986993183741E-5	1	1	229	199	16	0	+C
D6_BC42_consensus_vsearch	3793	C	*/-G	398	7	1.54%	2	2	93	93	0.007610958261497833	1	1	235	163	4	3	-G
D6_BC42_consensus_vsearch	3795	G	*/-C	422	8	1.76%	2	2	93	93	0.003780033413733114	1	1	227	195	1	7	-C
D6_BC42_consensus_vsearch	3799	A	*/-C	440	9	1.98%	2	2	93	93	0.0018756548982491606	1	1	241	199	7	2	-C
D6_BC42_consensus_vsearch	3800	C	*/+T	413	25	5.54%	2	1	93	93	2.0951670902732397E-8	1	1	240	173	0	25	+T
D6_BC42_consensus_vsearch	3801	C	*/-A	406	38	8.26%	2	1	93	93	1.591358343178087E-12	1	1	209	197	38	0	-A
D6_BC42_consensus_vsearch	3805	A	*/-G	442	8	1.76%	2	1	93	93	0.0037856020174325917	1	1	239	203	8	0	-G
D6_BC42_consensus_vsearch	3806	G	*/+A	427	7	1.57%	2	1	93	93	0.007624362444354587	1	1	225	202	7	0	+A
D6_BC42_consensus_vsearch	3808	T	*/+A	426	12	2.62%	2	2	93	93	2.2619500050778872E-4	1	1	228	198	11	1	+A
D6_BC42_consensus_vsearch	3808	T	*/-A	426	12	2.62%	2	1	93	93	2.2619500050778872E-4	1	1	228	198	12	0	+A
D6_BC42_consensus_vsearch	3812	A	*/-C	436	15	3.27%	2	2	93	93	2.7112307341626823E-5	1	1	236	200	11	4	-C
D6_BC42_consensus_vsearch	3813	C	*/+T	428	8	1.81%	2	1	93	93	0.0037817572285023734	1	1	235	193	0	8	+T
D6_BC42_consensus_vsearch	3837	A	*/+G	386	35	7.64%	2	1	93	93	1.3926641885907399E-11	1	1	239	147	0	35	+G
D6_BC42_consensus_vsearch	3837	A	*/-G	386	23	5.02%	2	2	93	93	8.672996518903875E-8	1	1	239	147	3	20	+G
D6_BC42_consensus_vsearch	3856	G	*/-C	446	7	1.53%	2	2	93	93	0.0076322181458369906	1	1	242	204	6	1	-C
D6_BC42_consensus_vsearch	3859	T	*/+G	407	36	7.83%	2	2	93	93	6.936289191173096E-12	1	1	249	158	1	35	+G
D6_BC42_consensus_vsearch	3859	T	*/+GG	407	7	1.52%	2	1	93	93	0.007615318149966635	1	1	249	158	0	7	+G
D6_BC42_consensus_vsearch	3860	G	*/-AA	438	11	2.4%	2	2	93	93	4.589394655227349E-4	1	1	236	202	8	3	-AA
D6_BC42_consensus_vsearch	3869	C	*/+T	447	8	1.74%	2	2	93	93	0.0037869182351470006	1	1	246	201	3	5	+T
D6_BC42_consensus_vsearch	3872	C	*/+A	419	19	4.16%	2	2	93	93	1.562491752356326E-6	1	1	226	193	18	1	+A
D6_BC42_consensus_vsearch	3873	G	*/-A	436	18	3.92%	2	2	93	93	3.212459112646689E-6	1	1	233	203	17	1	-A
D6_BC42_consensus_vsearch	3876	C	*/+T	265	45	9.8%	2	2	93	93	5.079400227826424E-15	1	1	176	89	9	36	+T
D6_BC42_consensus_vsearch	3876	C	*/-T	265	119	25.93%	2	2	93	93	2.8600625722942646E-41	1	1	176	89	58	61	-T
D6_BC42_consensus_vsearch	3876	C	*/-TT	265	22	4.79%	2	2	93	93	1.569336542795834E-7	1	1	176	89	10	12	-T
D6_BC42_consensus_vsearch	3881	T	*/-A	445	10	2.18%	2	2	93	93	9.289599302019507E-4	1	1	240	205	9	1	-A
D6_BC42_consensus_vsearch	3887	C	*/+A	431	17	3.75%	2	1	93	93	6.536266691931365E-6	1	1	249	182	0	17	+A
D6_BC42_consensus_vsearch	3893	C	*/-T	434	14	3.05%	2	2	93	93	5.5054846604229285E-5	1	1	243	191	7	7	-T
D6_BC42_consensus_vsearch	3896	T	*/-A	438	7	1.54%	2	1	93	93	0.007628991869306366	1	1	237	201	7	0	-A
D6_BC42_consensus_vsearch	3906	T	*/-A	440	7	1.54%	2	1	93	93	0.007629809215418646	1	1	243	197	7	0	-A
D6_BC42_consensus_vsearch	3909	T	*/-G	395	59	12.85%	2	1	93	93	2.3110755715173292E-19	1	1	252	143	0	59	-G
D6_BC42_consensus_vsearch	3911	G	*/-A	439	17	3.72%	2	1	93	93	6.554353503145268E-6	1	1	236	203	17	0	-A
D6_BC42_consensus_vsearch	3915	T	*/-G	427	18	3.93%	2	2	93	93	3.201090232328667E-6	1	1	245	182	2	16	-G
D6_BC42_consensus_vsearch	3919	A	*/-T	445	9	1.97%	2	1	93	93	0.0018764990590094985	1	1	252	193	0	9	-T
D6_BC42_consensus_vsearch	3922	A	*/-C	419	19	4.17%	2	2	93	93	1.562491752356326E-6	1	1	230	189	13	6	-C
D6_BC42_consensus_vsearch	3926	C	*/+G	409	8	1.75%	2	1	93	93	0.00377612966169784	1	1	245	164	0	8	+G
D6_BC42_consensus_vsearch	3926	C	*/-G	409	16	3.49%	2	2	93	93	1.32149501788179E-5	1	1	245	164	2	14	-G
D6_BC42_consensus_vsearch	3936	C	*/-A	403	40	8.75%	2	1	93	93	3.618079823842038E-13	1	1	208	195	40	0	-A
D6_BC42_consensus_vsearch	3937	A	*/-C	393	8	1.91%	2	2	93	93	0.003770980459969231	1	1	195	198	7	1	-C
D6_BC42_consensus_vsearch	3940	A	*/-G	432	8	1.75%	2	2	93	93	0.0037828805172695963	1	1	237	195	7	1	-G
D6_BC42_consensus_vsearch	3943	C	*/+T	437	7	1.54%	2	2	93	93	0.007628580447648388	1	1	237	200	4	3	+T
D6_BC42_consensus_vsearch	3946	G	*/+C	422	7	1.53%	2	2	93	93	0.007622180052576428	1	1	228	194	1	6	+C
D6_BC42_consensus_vsearch	3946	G	*/-C	422	17	3.71%	2	2	93	93	6.515179143868675E-6	1	1	228	194	16	1	-C
D6_BC42_consensus_vsearch	3947	C	*/+T	424	12	2.72%	2	1	93	93	2.2611473442214893E-4	1	1	235	189	0	12	+T
D6_BC42_consensus_vsearch	3948	C	*/+A	416	10	2.18%	2	1	93	93	9.257694036262042E-4	1	1	235	181	10	0	+A
D6_BC42_consensus_vsearch	3948	C	*/+T	416	22	4.79%	2	2	93	93	1.8193798980659542E-7	1	1	235	181	4	18	+T
D6_BC42_consensus_vsearch	3949	C	*/+AC	424	10	2.17%	2	1	93	93	9.266914820866851E-4	1	1	238	186	10	0	+AC
D6_BC42_consensus_vsearch	3949	C	*/-T	424	22	4.78%	2	2	93	93	1.8284453348894272E-7	1	1	238	186	4	18	-T
D6_BC42_consensus_vsearch	3950	T	*/+C	168	263	60.18%	2	2	93	93	1.0105977640979034E-105	1	1	164	4	81	182	+C
D6_BC42_consensus_vsearch	3958	T	*/-C	439	11	2.4%	2	2	93	93	4.5900342337653016E-4	1	1	245	194	6	5	-C
D6_BC42_consensus_vsearch	3965	T	*/+A	434	10	2.18%	2	1	93	93	9.277980556005647E-4	1	1	232	202	10	0	+A
D6_BC42_consensus_vsearch	3965	T	*/-A	434	12	2.62%	2	2	93	93	2.2650904494607855E-4	1	1	232	202	11	1	-A
D6_BC42_consensus_vsearch	3967	A	*/-GAG	442	7	1.53%	2	1	93	93	0.007630619313173879	1	1	237	205	7	0	-GAG
D6_BC42_consensus_vsearch	3974	T	*/+A	434	7	1.52%	2	2	93	93	0.007627335039353406	1	1	240	194	2	5	+A
D6_BC42_consensus_vsearch	3974	T	*/-A	434	13	2.83%	2	2	93	93	1.1173262519439844E-4	1	1	240	194	8	5	-A
D6_BC42_consensus_vsearch	3988	T	*/-C	386	71	15.43%	2	1	93	93	2.2177890866669883E-23	1	1	183	203	71	0	-C
D6_BC42_consensus_vsearch	3990	C	*/-A	442	9	1.96%	2	2	93	93	0.0018759947844450028	1	1	243	199	2	7	-A
D6_BC42_consensus_vsearch	4000	A	*/-C	424	18	3.95%	2	2	93	93	3.1972048803076152E-6	1	1	223	201	15	3	-C
D6_BC42_consensus_vsearch	4003	C	*/+G	398	15	3.26%	2	1	93	93	2.6813513686337928E-5	1	1	230	168	0	15	+G
D6_BC42_consensus_vsearch	4004	G	*/+A	345	42	9.21%	2	2	93	93	7.014322368059561E-14	1	1	147	198	40	2	+A
D6_BC42_consensus_vsearch	4004	G	*/-A	345	60	13.16%	2	2	93	93	8.182254308570944E-20	1	1	147	198	58	2	-A
D6_BC42_consensus_vsearch	4008	G	*/-A	439	10	2.18%	2	1	93	93	9.283331329900578E-4	1	1	239	200	10	0	-A
D6_BC42_consensus_vsearch	4009	A	*/+G	435	8	1.78%	2	1	93	93	0.0037837097715777354	1	1	232	203	8	0	+G
D6_BC42_consensus_vsearch	4010	G	*/-C	412	33	7.25%	2	2	93	93	6.288284929206286E-11	1	1	215	197	32	1	-C
D6_BC42_consensus_vsearch	4011	C	*/+T	408	7	1.65%	2	1	93	93	0.007615790966496023	1	1	216	192	0	7	+T
D6_BC42_consensus_vsearch	4016	T	*/-AT	444	10	2.17%	2	1	93	93	9.288565976183949E-4	1	1	250	194	0	10	-AT
D6_BC42_consensus_vsearch	4022	T	*/-A	429	11	2.43%	2	1	93	93	4.5835102222652706E-4	1	1	226	203	11	0	-A
D6_BC42_consensus_vsearch	4023	A	*/+T	418	7	1.58%	2	2	93	93	0.007620397344640596	1	1	222	196	3	4	+T
D6_BC42_consensus_vsearch	4026	T	*/-A	433	13	2.85%	2	1	93	93	1.1171014262094148E-4	1	1	231	202	13	0	-A
D6_BC42_consensus_vsearch	4036	A	*/-C	432	9	1.98%	2	1	93	93	0.001874264864679625	1	1	244	188	0	9	-C
D6_BC42_consensus_vsearch	4037	C	*/+A	402	7	1.57%	2	1	93	93	0.0076129195598281015	1	1	240	162	7	0	+A
D6_BC42_consensus_vsearch	4037	C	*/+T	402	21	4.7%	2	1	93	93	3.697243479765959E-7	1	1	240	162	0	21	+T
D6_BC42_consensus_vsearch	4039	T	*/+C	330	16	3.52%	2	2	93	93	1.2778405384928883E-5	1	1	171	159	9	7	+C
D6_BC42_consensus_vsearch	4039	T	*/-C	330	104	22.91%	2	2	93	93	4.3742243535666843E-35	1	1	171	159	71	33	-C
D6_BC42_consensus_vsearch	4048	C	*/-G	433	8	1.75%	2	1	93	93	0.003783158179516694	1	1	245	188	0	8	-G
D6_BC42_consensus_vsearch	4054	T	*/-G	425	8	1.74%	2	2	93	93	0.0037809012469126957	1	1	238	187	3	5	-G
D6_BC42_consensus_vsearch	4054	T	*/-GG	425	12	2.61%	2	2	93	93	2.2615495697455397E-4	1	1	238	187	2	10	-GG
D6_BC42_consensus_vsearch	4057	G	*/-T	446	8	1.74%	2	2	93	93	0.0037866572939678073	1	1	248	198	3	5	-T
D6_BC42_consensus_vsearch	4058	T	*/-A	417	10	2.21%	2	2	93	93	9.258865234089794E-4	1	1	233	184	6	4	-A
D6_BC42_consensus_vsearch	4060	A	*/-T	337	107	23.57%	2	2	93	93	4.2509035950226015E-36	1	1	143	194	102	5	-T
D6_BC42_consensus_vsearch	4067	C	*/-GC	385	62	13.54%	2	2	93	93	2.2323070372248944E-20	1	1	196	189	51	11	-GC
D6_BC42_consensus_vsearch	4075	G	*/+CC	411	8	1.77%	2	2	93	93	0.003776745880714396	1	1	209	202	7	1	+CC
D6_BC42_consensus_vsearch	4075	G	*/-C	411	26	5.76%	2	1	93	93	1.0158926171078022E-8	1	1	209	202	26	0	-C
D6_BC42_consensus_vsearch	4076	C	*/+G	416	8	1.86%	2	1	93	93	0.003778261194268045	1	1	212	204	8	0	+G
D6_BC42_consensus_vsearch	4077	C	*/+T	392	45	9.8%	2	2	93	93	8.6114317188457E-15	1	1	240	152	9	36	+T
D6_BC42_consensus_vsearch	4077	C	*/-T	392	17	3.7%	2	2	93	93	6.438623221369329E-6	1	1	240	152	2	15	+T
D6_BC42_consensus_vsearch	4079	T	*/-C	389	51	11.11%	2	2	93	93	9.539295130021995E-17	1	1	202	187	36	15	-C
D6_BC42_consensus_vsearch	4080	C	*/+G	350	29	7.21%	2	1	93	93	1.0674906047435398E-9	1	1	164	186	29	0	+G
D6_BC42_consensus_vsearch	4081	C	*/+T	408	9	1.99%	2	2	93	93	0.0018697784886581234	1	1	223	185	1	8	+T
D6_BC42_consensus_vsearch	4081	C	*/-T	408	15	3.31%	2	2	93	93	2.6897105828015778E-5	1	1	223	185	9	6	-T
D6_BC42_consensus_vsearch	4081	C	*/-TT	408	7	1.55%	2	1	93	93	0.007615790966496023	1	1	223	185	7	0	-T
D6_BC42_consensus_vsearch	4083	T	*/-G	405	26	5.82%	2	2	93	93	1.0103233256682816E-8	1	1	227	178	1	25	-G
D6_BC42_consensus_vsearch	4088	G	*/-TG	446	8	1.75%	2	2	93	93	0.0037866572939678073	1	1	244	202	6	2	-TG
D6_BC42_consensus_vsearch	4094	G	*/-C	436	10	2.2%	2	2	93	93	9.280135047051926E-4	1	1	244	192	6	4	-C
D6_BC42_consensus_vsearch	4097	G	*/-T	430	11	2.43%	2	2	93	93	4.584175673957473E-4	1	1	242	188	7	4	-T
D6_BC42_consensus_vsearch	4102	T	*/+C	416	18	4%	2	1	93	93	3.1865999582179456E-6	1	1	228	188	18	0	+C
D6_BC42_consensus_vsearch	4103	C	*/+G	419	7	1.57%	2	2	93	93	0.007620846145152445	1	1	238	181	6	1	+G
D6_BC42_consensus_vsearch	4103	C	*/-A	419	11	2.47%	2	2	93	93	4.576688933102391E-4	1	1	238	181	4	7	-A
D6_BC42_consensus_vsearch	4104	A	*/-G	404	14	3.15%	2	2	93	93	5.4642218239350483E-5	1	1	226	178	6	8	-G
D6_BC42_consensus_vsearch	4105	G	*/+A	430	7	1.58%	2	1	93	93	0.007625648020175149	1	1	238	192	7	0	+A
D6_BC42_consensus_vsearch	4107	C	*/-T	425	9	1.98%	2	2	93	93	0.0018730070190884252	1	1	246	179	2	7	-T
D6_BC42_consensus_vsearch	4107	C	*/-TC	425	8	1.76%	2	1	93	93	0.0037809012469126957	1	1	246	179	0	8	-T
D6_BC42_consensus_vsearch	4108	T	*/+C	298	8	1.83%	2	2	93	93	0.00372943747369922	1	1	175	123	5	3	+C
D6_BC42_consensus_vsearch	4108	T	*/-C	298	119	27.23%	2	2	93	93	7.872711578439825E-41	1	1	175	123	67	52	-C
D6_BC42_consensus_vsearch	4113	C	*/-TC	425	32	6.97%	2	2	93	93	1.3270816669693566E-10	1	1	249	176	4	28	-TC
D6_BC42_consensus_vsearch	4114	T	*/-C	386	35	8.2%	2	1	93	93	1.3926641885907399E-11	1	1	209	177	35	0	-C
D6_BC42_consensus_vsearch	4116	C	*/-G	409	45	9.78%	2	2	93	93	9.026357303473975E-15	1	1	247	162	2	43	-G
D6_BC42_consensus_vsearch	4122	C	*/+A	422	26	5.7%	2	2	93	93	1.0257788000492644E-8	1	1	221	201	25	1	+A
D6_BC42_consensus_vsearch	4123	G	*/-A	427	24	5.26%	2	2	93	93	4.353321713735385E-8	1	1	224	203	23	1	-A
D6_BC42_consensus_vsearch	4125	A	*/+C	403	16	3.48%	2	2	93	93	1.3187249802108927E-5	1	1	216	187	12	4	+C
D6_BC42_consensus_vsearch	4125	A	*/-C	403	30	6.52%	2	2	93	93	5.536175813147792E-10	1	1	216	187	16	14	-C
D6_BC42_consensus_vsearch	4128	C	*/-T	434	18	3.92%	2	2	93	93	3.209969156058958E-6	1	1	250	184	3	15	-T
D6_BC42_consensus_vsearch	4133	T	*/-C	345	95	20.83%	2	2	93	93	8.462750113650088E-32	1	1	208	137	31	64	-C
D6_BC42_consensus_vsearch	4137	C	*/+T	412	8	1.74%	2	1	93	93	0.003777051806882959	1	1	249	163	0	8	+T
D6_BC42_consensus_vsearch	4140	T	*/-A	450	7	1.53%	2	1	93	93	0.0076337891152176976	1	1	244	206	7	0	-A
D6_BC42_consensus_vsearch	4141	A	*/-C	420	14	3.11%	2	2	93	93	5.486911466049066E-5	1	1	218	202	11	3	-C
D6_BC42_consensus_vsearch	4148	G	*/-A	436	10	2.2%	2	2	93	93	9.280135047051926E-4	1	1	242	194	4	6	-A
D6_BC42_consensus_vsearch	4151	A	*/+T	440	7	1.53%	2	1	93	93	0.007629809215418646	1	1	244	196	0	7	+T
D6_BC42_consensus_vsearch	4151	A	*/-C	440	7	1.53%	2	2	93	93	0.007629809215418646	1	1	244	196	4	3	+T
D6_BC42_consensus_vsearch	4158	T	*/-A	432	10	2.21%	2	2	93	93	9.275806861447792E-4	1	1	235	197	8	2	-A
D6_BC42_consensus_vsearch	4159	A	*/+G	419	9	2.02%	2	1	93	93	0.0018718964903564012	1	1	236	183	0	9	+G
D6_BC42_consensus_vsearch	4159	A	*/-G	419	16	3.59%	2	2	93	93	1.3259509871934923E-5	1	1	236	183	8	8	-G
D6_BC42_consensus_vsearch	4161	G	*/-C	432	9	1.97%	2	2	93	93	0.001874264864679625	1	1	236	196	8	1	-C
D6_BC42_consensus_vsearch	4164	T	*/+C	433	13	2.87%	2	2	93	93	1.1171014262094148E-4	1	1	236	197	9	4	+C
D6_BC42_consensus_vsearch	4165	C	*/-T	413	39	8.53%	2	2	93	93	7.724765102101088E-13	1	1	245	168	3	36	-T
D6_BC42_consensus_vsearch	4168	T	*/+C	439	8	1.76%	2	2	93	93	0.003784798257927548	1	1	236	203	7	1	+C
D6_BC42_consensus_vsearch	4170	C	*/-T	451	8	1.74%	2	2	93	93	0.0037879507121486144	1	1	248	203	5	3	-T
D6_BC42_consensus_vsearch	4178	G	*/-A	417	25	5.54%	2	2	93	93	2.102051862728768E-8	1	1	216	201	23	2	-A
D6_BC42_consensus_vsearch	4179	A	*/+G	403	13	3.06%	2	1	93	93	1.1098705502596942E-4	1	1	203	200	13	0	+G
D6_BC42_consensus_vsearch	4181	A	*/-G	442	7	1.53%	2	1	93	93	0.007630619313173879	1	1	241	201	7	0	-G
D6_BC42_consensus_vsearch	4187	T	*/+A	437	10	2.19%	2	1	93	93	9.281205170584159E-4	1	1	234	203	10	0	+A
D6_BC42_consensus_vsearch	4188	A	*/-G	409	37	8.1%	2	2	93	93	3.3395874488006277E-12	1	1	242	167	3	34	-G
D6_BC42_consensus_vsearch	4192	C	*/+G	439	8	1.76%	2	1	93	93	0.003784798257927548	1	1	240	199	8	0	+G
D6_BC42_consensus_vsearch	4193	A	*/-G	445	7	1.53%	2	1	93	93	0.007631821078608308	1	1	242	203	7	0	-G
D6_BC42_consensus_vsearch	4201	G	*/-A	447	9	1.97%	2	2	93	93	0.001876831595139628	1	1	248	199	5	4	-A
D6_BC42_consensus_vsearch	4205	G	*/-A	422	26	5.66%	2	2	93	93	1.0257788000492644E-8	1	1	223	199	25	1	-A
D6_BC42_consensus_vsearch	4207	A	*/-G	441	9	1.98%	2	2	93	93	0.0018758252149176666	1	1	242	199	8	1	-G
D6_BC42_consensus_vsearch	4213	G	*/-C	442	8	1.76%	2	2	93	93	0.0037856020174325917	1	1	243	199	5	3	-C
D6_BC42_consensus_vsearch	4220	C	*/-A	432	14	3.08%	2	2	93	93	5.50290008587801E-5	1	1	234	198	12	2	-A
D6_BC42_consensus_vsearch	4229	G	*/-CG	428	19	4.15%	2	1	93	93	1.5689124968621164E-6	1	1	243	185	0	19	-CG
D6_BC42_consensus_vsearch	4235	C	*/+G	429	9	1.98%	2	1	93	93	0.0018737306563855328	1	1	244	185	0	9	+G
D6_BC42_consensus_vsearch	4237	A	*/+G	397	16	3.56%	2	1	93	93	1.3158789700561018E-5	1	1	198	199	16	0	+G
D6_BC42_consensus_vsearch	4237	A	*/-GA	397	25	5.56%	2	2	93	93	2.0665281169670536E-8	1	1	198	199	24	1	-GA
D6_BC42_consensus_vsearch	4238	G	*/-A	394	13	3.07%	2	2	93	93	1.1075004107573398E-4	1	1	194	200	11	2	-A
D6_BC42_consensus_vsearch	4238	G	*/-AAG	394	12	2.84%	2	2	93	93	2.2481843544276345E-4	1	1	194	200	11	1	-A
D6_BC42_consensus_vsearch	4239	A	*/+G	355	25	6.2%	2	1	93	93	1.981868710738451E-8	1	1	168	187	25	0	+G
D6_BC42_consensus_vsearch	4240	A	*/-G	401	36	8.05%	2	2	93	93	6.8630820997396335E-12	1	1	200	201	35	1	-G
D6_BC42_consensus_vsearch	4241	G	*/+A	385	15	3.65%	2	1	93	93	2.669890358265385E-5	1	1	187	198	15	0	+A
D6_BC42_consensus_vsearch	4244	A	*/-TTA	428	14	3.1%	2	2	93	93	5.49766339423539E-5	1	1	243	185	2	12	-TTA
D6_BC42_consensus_vsearch	4253	C	*/-A	437	16	3.5%	2	1	93	93	1.3335013341748276E-5	1	1	236	201	16	0	-A
D6_BC42_consensus_vsearch	4261	G	*/-A	447	9	1.96%	2	2	93	93	0.001876831595139628	1	1	245	202	8	1	-A
D6_BC42_consensus_vsearch	4264	C	*/-G	420	9	1.97%	2	2	93	93	0.0018720837112055043	1	1	247	173	1	8	-G
D6_BC42_consensus_vsearch	4268	G	*/+A	444	7	1.54%	2	1	93	93	0.007631422258539495	1	1	247	197	0	7	+A
D6_BC42_consensus_vsearch	4279	G	*/+T	195	177	38.56%	2	2	93	93	3.960416580498172E-66	1	1	157	38	38	139	+T
D6_BC42_consensus_vsearch	4279	G	*/+TT	195	12	2.61%	2	2	93	93	2.0721299272133376E-4	1	1	157	38	3	9	+T
D6_BC42_consensus_vsearch	4279	G	*/-T	195	57	12.42%	2	2	93	93	1.941995268758162E-19	1	1	157	38	45	12	-T
D6_BC42_consensus_vsearch	4285	A	*/+T	440	13	2.85%	2	1	93	93	1.1186549909524006E-4	1	1	251	189	0	13	+T
D6_BC42_consensus_vsearch	4287	C	*/-T	435	19	4.16%	2	2	93	93	1.5737440147383591E-6	1	1	247	188	5	14	-T
D6_BC42_consensus_vsearch	4288	T	*/-A	424	9	2.05%	2	2	93	93	0.0018728240442215458	1	1	241	183	2	7	-A
D6_BC42_consensus_vsearch	4291	T	*/+C	427	9	1.96%	2	2	93	93	0.0018733704789343226	1	1	245	182	2	7	+C
D6_BC42_consensus_vsearch	4297	C	*/+A	430	10	2.18%	2	1	93	93	9.273613705492817E-4	1	1	243	187	0	10	+A
D6_BC42_consensus_vsearch	4297	C	*/-AC	430	10	2.18%	2	2	93	93	9.273613705492817E-4	1	1	243	187	6	4	+A
D6_BC42_consensus_vsearch	4298	A	*/+C	319	16	3.6%	2	2	93	93	1.2702420758458036E-5	1	1	197	122	5	11	+C
D6_BC42_consensus_vsearch	4298	A	*/-C	319	68	15.28%	2	2	93	93	1.3412431631632484E-22	1	1	197	122	12	56	-C
D6_BC42_consensus_vsearch	4298	A	*/-CC	319	35	7.87%	2	2	93	93	1.2025614408416885E-11	1	1	197	122	30	5	-C
D6_BC42_consensus_vsearch	4299	C	*/+T	315	9	2.62%	2	1	93	93	0.0018462103095484167	1	1	196	119	0	9	+T
D6_BC42_consensus_vsearch	4304	T	*/-C	401	51	11.16%	2	2	93	93	9.961416340403896E-17	1	1	198	203	50	1	-C
D6_BC42_consensus_vsearch	4306	C	*/-A	447	8	1.75%	2	1	93	93	0.0037869182351470006	1	1	242	205	8	0	-A
D6_BC42_consensus_vsearch	4308	G	*/-AAG	439	10	2.19%	2	2	93	93	9.283331329900578E-4	1	1	238	201	7	3	-AAG
D6_BC42_consensus_vsearch	4313	C	*/+G	416	9	1.97%	2	2	93	93	0.001871329602106588	1	1	230	186	2	7	+G
D6_BC42_consensus_vsearch	4313	C	*/-G	416	23	5.03%	2	2	93	93	8.868699047021173E-8	1	1	230	186	12	11	-G
D6_BC42_consensus_vsearch	4318	C	*/-T	443	7	1.54%	2	2	93	93	0.00763102167395619	1	1	250	193	1	6	-T
D6_BC42_consensus_vsearch	4329	G	*/-T	444	7	1.54%	2	1	93	93	0.007631422258539495	1	1	246	198	0	7	-T
D6_BC42_consensus_vsearch	4330	T	*/+G	431	8	1.78%	2	2	93	93	0.003782601599602771	1	1	242	189	2	6	+G
D6_BC42_consensus_vsearch	4331	A	*/-T	429	7	1.54%	2	2	93	93	0.007625221451403564	1	1	242	187	2	5	-T
D6_BC42_consensus_vsearch	4340	A	*/-G	426	20	4.41%	2	1	93	93	7.670401398458838E-7	1	1	224	202	20	0	-G
D6_BC42_consensus_vsearch	4346	A	*/-C	435	8	1.75%	2	2	93	93	0.0037837097715777354	1	1	237	198	7	1	-C
D6_BC42_consensus_vsearch	4365	C	*/+A	386	15	3.33%	2	2	93	93	2.6707970567795604E-5	1	1	193	193	11	4	+A
D6_BC42_consensus_vsearch	4365	C	*/-A	386	39	8.65%	2	2	93	93	7.296537130155266E-13	1	1	193	193	38	1	-A
D6_BC42_consensus_vsearch	4376	C	*/+A	437	9	1.97%	2	2	93	93	0.0018751394156906677	1	1	242	195	7	2	+A
D6_BC42_consensus_vsearch	4376	C	*/-A	437	10	2.18%	2	2	93	93	9.281205170584159E-4	1	1	242	195	2	8	-A
D6_BC42_consensus_vsearch	4391	T	*/+C	434	7	1.54%	2	1	93	93	0.007627335039353406	1	1	247	187	0	7	+C
D6_BC42_consensus_vsearch	4393	A	*/+T	436	8	1.75%	2	2	93	93	0.003783983718069795	1	1	242	194	1	7	+T
D6_BC42_consensus_vsearch	4396	T	*/-A	445	9	1.96%	2	2	93	93	0.0018764990590094985	1	1	244	201	7	2	-A
D6_BC42_consensus_vsearch	4399	T	*/+A	443	7	1.53%	2	1	93	93	0.00763102167395619	1	1	243	200	7	0	+A
D6_BC42_consensus_vsearch	4400	G	*/-A	447	9	1.96%	2	2	93	93	0.001876831595139628	1	1	242	205	8	1	-A
D6_BC42_consensus_vsearch	4405	A	*/+T	445	8	1.74%	2	2	93	93	0.0037863952091791225	1	1	244	201	6	2	+T
D6_BC42_consensus_vsearch	4406	T	*/+C	440	18	3.91%	2	1	93	93	3.217378170942337E-6	1	1	254	186	0	18	+C
D6_BC42_consensus_vsearch	4407	T	*/-C	434	17	3.7%	2	1	93	93	6.543119972731843E-6	1	1	246	188	0	17	-C
D6_BC42_consensus_vsearch	4408	C	*/+T	420	9	2.03%	2	2	93	93	0.0018720837112055043	1	1	244	176	2	7	+T
D6_BC42_consensus_vsearch	4412	G	*/-T	440	8	1.75%	2	2	93	93	0.0037850673649748043	1	1	243	197	4	4	-T
D6_BC42_consensus_vsearch	4423	C	*/+A	439	9	1.98%	2	2	93	93	0.0018754838294876201	1	1	248	191	3	6	+A
D6_BC42_consensus_vsearch	4427	C	*/-T	452	7	1.52%	2	2	93	93	0.007634564377795515	1	1	251	201	2	5	-T
D6_BC42_consensus_vsearch	4430	G	*/+T	428	14	3.08%	2	1	93	93	5.49766339423539E-5	1	1	227	201	14	0	+T
D6_BC42_consensus_vsearch	4430	G	*/-T	428	7	1.54%	2	2	93	93	0.007624792930600719	1	1	227	201	4	3	+T
D6_BC42_consensus_vsearch	4435	T	*/-AC	439	11	2.41%	2	1	93	93	4.5900342337653016E-4	1	1	238	201	11	0	-AC
D6_BC42_consensus_vsearch	4437	C	*/-T	408	21	4.75%	2	2	93	93	3.710748653386239E-7	1	1	225	183	10	11	-T
D6_BC42_consensus_vsearch	4452	C	*/-TT	412	20	4.39%	2	1	93	93	7.615205227908607E-7	1	1	228	184	20	0	-TT
D6_BC42_consensus_vsearch	4458	C	*/+T	362	31	6.86%	2	2	93	93	2.5159108889943904E-10	1	1	238	124	4	27	+T
D6_BC42_consensus_vsearch	4458	C	*/-T	362	52	11.5%	2	2	93	93	4.020383469912205E-17	1	1	238	124	5	47	-T
D6_BC42_consensus_vsearch	4461	T	*/+C	424	7	1.55%	2	1	93	93	0.007623059056742502	1	1	228	196	7	0	+C
D6_BC42_consensus_vsearch	4462	G	*/-A	434	7	1.55%	2	2	93	93	0.007627335039353406	1	1	233	201	5	2	-A
D6_BC42_consensus_vsearch	4463	A	*/-G	402	29	6.52%	2	1	93	93	1.144308201704605E-9	1	1	211	191	29	0	-G
