Chrom	Position	Ref	Cons	Reads1	Reads2	VarFreq	Strands1	Strands2	Qual1	Qual2	Pvalue	MapQual1	MapQual2	Reads1Plus	Reads1Minus	Reads2Plus	Reads2Minus	VarAllele
E3_BC51_consensus_vsearch	171	A	R	8	8	11.59%	1	1	93	93	0.0012235817575083614	1	1	8	0	8	0	+G
E3_BC51_consensus_vsearch	332	C	Y	12	11	15.07%	2	1	93	93	1.0134922216601159E-4	1	1	3	9	11	0	+G
E3_BC51_consensus_vsearch	394	G	K	59	8	10.81%	2	1	93	93	0.0031302352213868167	1	1	35	24	0	8	T
E3_BC51_consensus_vsearch	425	G	R	68	10	12.82%	2	1	93	93	7.181367935498213E-4	1	1	28	40	10	0	A
E3_BC51_consensus_vsearch	641	C	Y	69	7	8.75%	2	2	93	93	0.006762205304361565	1	1	35	34	2	5	T
E3_BC51_consensus_vsearch	649	G	R	65	9	12%	2	1	93	93	0.0015086422852906565	1	1	30	35	9	0	A
E3_BC51_consensus_vsearch	704	G	S	35	33	44.59%	2	2	93	93	6.495613598592085E-13	1	1	13	22	17	16	C
E3_BC51_consensus_vsearch	750	T	Y	72	7	8.86%	2	1	93	93	0.006801004765989798	1	1	40	32	0	7	C
E3_BC51_consensus_vsearch	810	T	Y	70	8	10.26%	2	1	93	93	0.0032347379048596157	1	1	39	31	0	8	C
E3_BC51_consensus_vsearch	814	T	Y	67	8	10.53%	2	2	93	93	0.003209125981632621	1	1	33	34	1	7	C
E3_BC51_consensus_vsearch	880	C	Y	70	8	9.88%	2	1	93	93	0.0032347379048596157	1	1	39	31	0	8	T
E3_BC51_consensus_vsearch	882	T	Y	70	8	10.13%	2	1	93	93	0.0032347379048596157	1	1	40	30	0	8	C
E3_BC51_consensus_vsearch	902	T	Y	52	27	33.75%	2	1	93	93	5.070078241246803E-10	1	1	39	13	0	27	C
E3_BC51_consensus_vsearch	1122	C	Y	65	9	11.25%	2	2	93	93	0.0015086422852906565	1	1	37	28	1	8	T
E3_BC51_consensus_vsearch	1142	G	R	69	7	9.21%	2	1	93	93	0.006762205304361565	1	1	32	37	7	0	A
E3_BC51_consensus_vsearch	1381	C	Y	66	13	16.05%	2	1	93	93	7.136879921937968E-5	1	1	40	26	0	13	T
E3_BC51_consensus_vsearch	1496	T	Y	61	13	16.67%	2	2	93	93	6.858963371983455E-5	1	1	34	27	2	11	C
E3_BC51_consensus_vsearch	1585	G	R	67	8	10.53%	2	1	93	93	0.003209125981632621	1	1	30	37	8	0	A
E3_BC51_consensus_vsearch	1699	C	Y	64	8	10.67%	2	1	93	93	0.003181489596333542	1	1	38	26	0	8	T
E3_BC51_consensus_vsearch	1700	C	Y	64	11	13.75%	2	1	93	93	3.2906627028144115E-4	1	1	38	26	0	11	T
E3_BC51_consensus_vsearch	1748	G	R	73	7	8.64%	2	2	93	93	0.006813309504518076	1	1	34	39	5	2	A
E3_BC51_consensus_vsearch	1749	G	R	19	9	11.11%	2	2	93	93	9.116854288885203E-4	1	1	11	8	3	6	+A
E3_BC51_consensus_vsearch	1750	A	W	11	6	7.59%	2	2	93	93	0.009202143796136892	1	1	5	6	4	2	+GT
E3_BC51_consensus_vsearch	1751	C	M	65	9	11.25%	2	2	93	93	0.0015086422852906565	1	1	31	34	5	4	A
E3_BC51_consensus_vsearch	1775	A	R	69	8	9.88%	2	1	93	93	0.0032264116811655053	1	1	31	38	8	0	G
E3_BC51_consensus_vsearch	1905	G	R	67	9	11.84%	2	1	93	93	0.00151955303103788	1	1	30	37	9	0	A
E3_BC51_consensus_vsearch	1993	T	K	61	11	13.92%	2	1	93	93	3.2326988230820273E-4	1	1	27	34	11	0	G
E3_BC51_consensus_vsearch	2019	C	Y	69	8	10%	2	1	93	93	0.0032264116811655053	1	1	40	29	0	8	T
E3_BC51_consensus_vsearch	2059	T	W	56	10	14.93%	2	1	93	93	6.760924973963187E-4	1	1	23	33	10	0	A
E3_BC51_consensus_vsearch	2063	C	Y	70	8	10.13%	2	1	93	93	0.0032347379048596157	1	1	38	32	0	8	T
E3_BC51_consensus_vsearch	2135	G	R	70	9	11.11%	2	2	93	93	0.0015349552478475465	1	1	35	35	4	5	A
E3_BC51_consensus_vsearch	2183	G	R	43	37	46.25%	2	2	93	93	3.0518906635730123E-14	1	1	19	24	21	16	A
E3_BC51_consensus_vsearch	2312	C	Y	69	10	12.66%	2	1	93	93	7.211199150960067E-4	1	1	39	30	0	10	T
E3_BC51_consensus_vsearch	2333	C	Y	61	7	10.14%	2	1	93	93	0.006642560599974168	1	1	32	29	0	7	T
E3_BC51_consensus_vsearch	2335	C	Y	56	18	22.5%	2	1	93	93	1.1769526612622827E-6	1	1	40	16	0	18	T
E3_BC51_consensus_vsearch	2406	A	R	68	7	8.86%	2	1	93	93	0.006748603167255938	1	1	27	41	7	0	G
E3_BC51_consensus_vsearch	2459	C	Y	70	7	8.75%	2	1	93	93	0.006775464530447864	1	1	37	33	0	7	T
E3_BC51_consensus_vsearch	2482	A	R	73	7	8.75%	2	1	93	93	0.006813309504518076	1	1	32	41	7	0	G
E3_BC51_consensus_vsearch	2596	C	Y	60	7	9.21%	2	1	93	93	0.00662566455193586	1	1	34	26	0	7	-T
E3_BC51_consensus_vsearch	2605	C	Y	35	38	49.35%	2	2	93	93	4.8769434639729355E-15	1	1	20	15	18	20	T
E3_BC51_consensus_vsearch	2626	G	R	66	12	15.38%	2	1	93	93	1.545503652061316E-4	1	1	25	41	12	0	A
E3_BC51_consensus_vsearch	2639	T	Y	68	8	10.13%	2	1	93	93	0.0032178770069028195	1	1	39	29	0	8	C
E3_BC51_consensus_vsearch	2679	C	Y	64	7	8.75%	2	1	93	93	0.006690485474642467	1	1	34	30	0	7	T
E3_BC51_consensus_vsearch	2681	C	Y	63	8	10.67%	2	2	93	93	0.003171785706497264	1	1	32	31	1	7	T
E3_BC51_consensus_vsearch	2788	C	Y	69	9	11.25%	2	1	93	93	0.001529943603649897	1	1	38	31	0	9	T
E3_BC51_consensus_vsearch	2902	G	R	70	8	10.13%	2	1	93	93	0.0032347379048596157	1	1	31	39	8	0	A
E3_BC51_consensus_vsearch	3104	C	Y	40	39	49.37%	2	2	93	93	3.2981175827104165E-15	1	1	20	20	19	20	T
E3_BC51_consensus_vsearch	3232	C	Y	46	33	40.74%	2	2	93	93	1.6515995916502617E-12	1	1	20	26	19	14	T
E3_BC51_consensus_vsearch	3396	C	Y	71	9	11.11%	2	1	93	93	0.0015398501356961847	1	1	40	31	0	9	T
E3_BC51_consensus_vsearch	3431	T	Y	70	7	8.75%	2	1	93	93	0.006775464530447864	1	1	38	32	0	7	C
E3_BC51_consensus_vsearch	3542	T	Y	72	8	10%	2	1	93	93	0.0032507947309133797	1	1	40	32	0	8	C
E3_BC51_consensus_vsearch	3582	T	Y	51	11	13.58%	2	2	93	93	3.005540401835199E-4	1	1	23	28	5	6	-C
E3_BC51_consensus_vsearch	3659	G	R	64	8	10.96%	2	2	93	93	0.003181489596333542	1	1	31	33	7	1	A
E3_BC51_consensus_vsearch	3769	T	Y	62	10	12.35%	2	1	93	93	6.986800682143436E-4	1	1	38	24	0	10	C
E3_BC51_consensus_vsearch	3880	C	Y	72	7	8.75%	2	1	93	93	0.006801004765989798	1	1	40	32	0	7	T
E3_BC51_consensus_vsearch	3929	T	K	70	10	12.35%	2	1	93	93	7.24035494267502E-4	1	1	30	40	10	0	G
E3_BC51_consensus_vsearch	3969	C	Y	61	19	23.46%	2	1	93	93	5.676699416497621E-7	1	1	40	21	0	19	T
E3_BC51_consensus_vsearch	4060	G	R	66	12	15.19%	2	1	93	93	1.545503652061316E-4	1	1	27	39	12	0	A
E3_BC51_consensus_vsearch	4092	A	W	7	6	7.41%	2	2	93	93	0.0074534161490683905	1	1	5	2	3	3	+T
E3_BC51_consensus_vsearch	4099	G	R	70	7	8.75%	2	1	93	93	0.006775464530447864	1	1	37	33	0	7	A
E3_BC51_consensus_vsearch	4100	T	W	73	8	9.88%	2	1	93	93	0.003258539328248754	1	1	40	33	0	8	A
E3_BC51_consensus_vsearch	4111	T	Y	65	14	17.72%	2	1	93	93	3.2485108610198266E-5	1	1	40	25	0	14	C
E3_BC51_consensus_vsearch	4136	T	W	69	7	8.86%	2	1	93	93	0.006762205304361565	1	1	40	29	0	7	A
E3_BC51_consensus_vsearch	4173	A	R	74	7	8.64%	2	1	93	93	0.0068253188632208485	1	1	33	41	7	0	G
E3_BC51_consensus_vsearch	4175	G	R	44	23	33.82%	2	1	93	93	1.2136555498696814E-8	1	1	12	32	23	0	A
E3_BC51_consensus_vsearch	4216	C	Y	69	10	12.5%	2	1	93	93	7.211199150960067E-4	1	1	39	30	0	10	T
E3_BC51_consensus_vsearch	4357	G	R	62	10	13.7%	2	1	93	93	6.986800682143436E-4	1	1	26	36	10	0	A
E3_BC51_consensus_vsearch	4393	G	R	60	7	10%	2	2	93	93	0.00662566455193586	1	1	23	37	6	1	A
E3_BC51_consensus_vsearch	4408	C	Y	49	12	16.67%	2	1	93	93	1.342080026189366E-4	1	1	32	17	0	12	T
E3_BC51_consensus_vsearch	4413	C	Y	56	12	16.67%	2	2	93	93	1.4357787204525497E-4	1	1	31	25	1	11	T
E3_BC51_consensus_vsearch	4415	T	Y	59	7	10.14%	2	1	93	93	0.006608274356260959	1	1	29	30	0	7	C
E3_BC51_consensus_vsearch	4462	A	R	41	24	35.29%	2	2	93	93	4.370177749907153E-9	1	1	16	25	11	13	G
E3_BC51_consensus_vsearch	4481	C	Y	61	7	10.14%	2	2	93	93	0.006642560599974168	1	1	26	35	1	6	T
E3_BC51_consensus_vsearch	4547	A	W	57	7	10.45%	2	1	93	93	0.006571922412136342	1	1	23	34	0	7	T
E3_BC51_consensus_vsearch	4558	T	Y	55	7	11.29%	2	2	93	93	0.006533312780867292	1	1	23	32	2	5	C
E3_BC51_consensus_vsearch	4571	A	R	14	8	12.31%	2	2	93	93	0.001804238900098246	1	1	8	6	5	3	+G
E3_BC51_consensus_vsearch	4631	G	R	43	11	20%	2	1	93	93	2.774695139676433E-4	1	1	11	32	11	0	A
