Chrom	Position	Ref	Cons	Reads1	Reads2	VarFreq	Strands1	Strands2	Qual1	Qual2	Pvalue	MapQual1	MapQual2	Reads1Plus	Reads1Minus	Reads2Plus	Reads2Minus	VarAllele
E6_BC54_consensus_vsearch	6	A	W	430	8	1.81%	2	1	93	93	0.0037823214180042796	1	1	248	182	8	0	T
E6_BC54_consensus_vsearch	11	C	Y	516	16	2.96%	2	1	93	93	1.3608605054744201E-5	1	1	255	261	0	16	T
E6_BC54_consensus_vsearch	17	T	Y	552	7	1.23%	2	2	93	93	0.007666280255386365	1	1	260	292	2	5	+C
E6_BC54_consensus_vsearch	24	T	K	542	13	2.31%	2	1	93	93	1.1369564258376639E-4	1	1	241	301	13	0	G
E6_BC54_consensus_vsearch	28	G	R	531	18	3.21%	2	2	93	93	3.3110125246247506E-6	1	1	235	296	16	2	A
E6_BC54_consensus_vsearch	29	C	M	555	7	1.23%	2	1	93	93	0.007667057982678975	1	1	259	296	7	0	A
E6_BC54_consensus_vsearch	29	C	Y	555	7	1.23%	2	1	93	93	0.007667057982678975	1	1	259	296	0	7	A
E6_BC54_consensus_vsearch	30	C	Y	559	12	2.09%	2	2	93	93	2.3029524287792016E-4	1	1	263	296	4	8	T
E6_BC54_consensus_vsearch	32	T	Y	562	7	1.22%	2	2	93	93	0.007668840900969684	1	1	266	296	2	5	C
E6_BC54_consensus_vsearch	38	T	Y	555	9	1.57%	2	2	93	93	0.001891316484819383	1	1	262	293	1	8	C
E6_BC54_consensus_vsearch	42	A	R	520	8	1.39%	2	2	93	93	0.0038033140209771956	1	1	267	253	1	7	-G
E6_BC54_consensus_vsearch	44	T	Y	545	9	1.6%	2	1	93	93	0.001890210465296116	1	1	266	279	0	9	C
E6_BC54_consensus_vsearch	55	T	Y	565	8	1.38%	2	1	93	93	0.0038113516821029324	1	1	271	294	0	8	C
E6_BC54_consensus_vsearch	56	T	Y	559	14	2.4%	2	2	93	93	5.632254755438094E-5	1	1	268	291	3	11	C
E6_BC54_consensus_vsearch	60	T	Y	569	8	1.37%	2	2	93	93	0.003812005815438782	1	1	267	302	1	7	C
E6_BC54_consensus_vsearch	62	T	W	568	7	1.2%	2	2	93	93	0.007670334687803565	1	1	265	303	1	6	A
E6_BC54_consensus_vsearch	66	A	R	559	19	3.25%	2	2	93	93	1.6411182396607268E-6	1	1	253	306	16	3	G
E6_BC54_consensus_vsearch	68	T	Y	565	10	1.72%	2	2	93	93	9.387807192830865E-4	1	1	268	297	1	9	C
E6_BC54_consensus_vsearch	69	G	R	564	11	1.88%	2	2	93	93	4.6527290034786725E-4	1	1	258	306	9	2	A
E6_BC54_consensus_vsearch	70	C	Y	533	10	1.72%	2	2	93	93	9.365810686774555E-4	1	1	241	292	3	7	+A
E6_BC54_consensus_vsearch	75	G	R	560	18	3.1%	2	1	93	93	3.334986708445347E-6	1	1	251	309	18	0	A
E6_BC54_consensus_vsearch	76	G	R	564	7	1.2%	2	2	93	93	0.007669342305605016	1	1	267	297	4	3	+C
E6_BC54_consensus_vsearch	78	T	Y	557	10	1.72%	2	1	93	93	9.382538110477103E-4	1	1	269	288	0	10	C
E6_BC54_consensus_vsearch	88	A	R	554	8	1.38%	2	2	93	93	0.0038095050853976346	1	1	261	293	5	3	G
E6_BC54_consensus_vsearch	90	T	Y	552	26	4.49%	2	2	93	93	1.1177819472886061E-8	1	1	268	284	2	24	C
E6_BC54_consensus_vsearch	96	T	Y	558	12	2.08%	2	2	93	93	2.302714149374843E-4	1	1	260	298	1	11	C
E6_BC54_consensus_vsearch	116	T	Y	563	7	1.21%	2	2	93	93	0.007669092041544023	1	1	260	303	3	4	C
E6_BC54_consensus_vsearch	119	A	R	562	8	1.39%	2	1	93	93	0.003810855092140287	1	1	255	307	8	0	G
E6_BC54_consensus_vsearch	120	T	Y	560	8	1.38%	2	2	93	93	0.0038105211348542487	1	1	267	293	2	6	C
E6_BC54_consensus_vsearch	131	G	R	533	14	2.51%	2	2	93	93	5.6105149032658256E-5	1	1	239	294	10	4	A
E6_BC54_consensus_vsearch	133	T	Y	552	10	1.75%	2	2	93	93	9.379169655984871E-4	1	1	265	287	3	7	C
E6_BC54_consensus_vsearch	135	A	M	569	7	1.2%	2	1	93	93	0.007670580637356587	1	1	269	300	0	7	C
E6_BC54_consensus_vsearch	137	T	Y	545	7	1.2%	2	2	93	93	0.007664432804486939	1	1	267	278	1	6	-C
E6_BC54_consensus_vsearch	145	T	Y	544	18	3.12%	2	2	93	93	3.322048927234526E-6	1	1	265	279	1	17	C
E6_BC54_consensus_vsearch	147	A	M	546	10	1.74%	2	2	93	93	9.375048493952046E-4	1	1	266	280	1	9	C
E6_BC54_consensus_vsearch	147	A	W	546	10	1.74%	2	2	93	93	9.375048493952046E-4	1	1	266	280	1	9	C
E6_BC54_consensus_vsearch	150	C	Y	559	8	1.37%	2	1	93	93	0.0038103532778841847	1	1	272	287	0	8	-AT
E6_BC54_consensus_vsearch	152	T	Y	562	7	1.22%	2	1	93	93	0.007668840900969684	1	1	271	291	0	7	C
E6_BC54_consensus_vsearch	153	G	R	566	8	1.37%	2	2	93	93	0.003811516065223009	1	1	260	306	7	1	A
E6_BC54_consensus_vsearch	157	T	Y	560	7	1.2%	2	2	93	93	0.00766833597175537	1	1	259	301	2	5	C
E6_BC54_consensus_vsearch	163	C	Y	559	7	1.23%	2	2	93	93	0.007668082173792139	1	1	259	300	1	6	T
E6_BC54_consensus_vsearch	164	C	Y	569	11	1.89%	2	2	93	93	4.654683146367026E-4	1	1	267	302	1	10	T
E6_BC54_consensus_vsearch	165	C	Y	543	24	4.11%	2	2	93	93	4.648726081410184E-8	1	1	264	279	3	21	T
E6_BC54_consensus_vsearch	166	G	R	561	11	1.91%	2	2	93	93	4.6515403682255657E-4	1	1	260	301	8	3	A
E6_BC54_consensus_vsearch	168	C	Y	557	10	1.72%	2	2	93	93	9.382538110477103E-4	1	1	262	295	1	9	T
E6_BC54_consensus_vsearch	171	G	R	561	11	1.9%	2	2	93	93	4.6515403682255657E-4	1	1	259	302	8	3	A
E6_BC54_consensus_vsearch	172	C	Y	552	17	2.95%	2	1	93	93	6.758074282435316E-6	1	1	266	286	0	17	T
E6_BC54_consensus_vsearch	175	G	S	549	14	2.44%	2	1	93	93	5.6241239625715936E-5	1	1	263	286	0	14	C
E6_BC54_consensus_vsearch	199	A	R	570	12	2.05%	2	2	93	93	2.3055204810949474E-4	1	1	260	310	11	1	G
E6_BC54_consensus_vsearch	200	T	Y	564	14	2.41%	2	1	93	93	5.636217648008678E-5	1	1	267	297	0	14	C
E6_BC54_consensus_vsearch	201	G	R	554	27	4.63%	2	1	93	93	5.469291254246231E-9	1	1	243	311	27	0	A
E6_BC54_consensus_vsearch	203	G	R	527	52	8.95%	2	2	93	93	6.69584502094857E-17	1	1	219	308	51	1	A
E6_BC54_consensus_vsearch	210	C	Y	562	13	2.23%	2	2	93	93	1.1398016219406192E-4	1	1	266	296	2	11	T
E6_BC54_consensus_vsearch	213	T	Y	561	7	1.2%	2	2	93	93	0.007668588879253857	1	1	265	296	1	6	-C
E6_BC54_consensus_vsearch	216	C	M	565	9	1.55%	2	2	93	93	0.0018923842920326984	1	1	255	310	8	1	A
E6_BC54_consensus_vsearch	218	G	R	557	11	1.89%	2	2	93	93	4.6499362882328774E-4	1	1	247	310	10	1	A
E6_BC54_consensus_vsearch	219	G	R	572	8	1.36%	2	2	93	93	0.0038124905281564036	1	1	262	310	5	3	A
E6_BC54_consensus_vsearch	232	A	R	520	25	4.46%	2	1	93	93	2.248849005473451E-8	1	1	220	300	25	0	G
E6_BC54_consensus_vsearch	238	C	Y	437	104	17.75%	2	2	93	93	2.0475647416909803E-34	1	1	264	173	3	101	T
E6_BC54_consensus_vsearch	244	G	R	563	10	1.72%	2	2	93	93	9.386503556046882E-4	1	1	257	306	8	2	A
E6_BC54_consensus_vsearch	246	A	R	563	8	1.38%	2	2	93	93	0.0038110211985538677	1	1	257	306	5	3	G
E6_BC54_consensus_vsearch	258	C	Y	563	8	1.37%	2	2	93	93	0.0038110211985538677	1	1	260	303	2	6	-G
E6_BC54_consensus_vsearch	261	C	Y	572	10	1.71%	2	2	93	93	9.39230016764963E-4	1	1	261	311	6	4	T
E6_BC54_consensus_vsearch	274	A	R	563	13	2.25%	2	1	93	93	1.13993881752923E-4	1	1	266	297	0	13	G
E6_BC54_consensus_vsearch	277	T	Y	577	7	1.19%	2	2	93	93	0.007672518016675552	1	1	269	308	1	6	C
E6_BC54_consensus_vsearch	284	C	Y	571	7	1.2%	2	2	93	93	0.007671069992311274	1	1	269	302	1	6	T
E6_BC54_consensus_vsearch	286	T	Y	572	7	1.21%	2	1	93	93	0.00767131340646626	1	1	272	300	0	7	C
E6_BC54_consensus_vsearch	296	T	Y	576	9	1.54%	2	1	93	93	0.001893517063995506	1	1	271	305	0	9	C
E6_BC54_consensus_vsearch	303	A	R	562	14	2.41%	2	2	93	93	5.634640511578813E-5	1	1	257	305	10	4	G
E6_BC54_consensus_vsearch	305	T	Y	567	7	1.2%	2	2	93	93	0.007670087884333406	1	1	267	300	1	6	C
E6_BC54_consensus_vsearch	307	G	K	567	9	1.55%	2	1	93	93	0.0018925934416486783	1	1	262	305	9	0	T
E6_BC54_consensus_vsearch	315	C	S	562	7	1.22%	2	2	93	93	0.007668840900969684	1	1	257	305	6	1	G
E6_BC54_consensus_vsearch	317	A	R	481	10	2.03%	2	2	93	93	9.324033845593119E-4	1	1	257	224	6	4	G
E6_BC54_consensus_vsearch	320	T	Y	568	14	2.4%	2	1	93	93	5.639340320250585E-5	1	1	270	298	0	14	C
E6_BC54_consensus_vsearch	326	A	R	564	19	3.24%	2	1	93	93	1.643269896857881E-6	1	1	250	314	19	0	G
E6_BC54_consensus_vsearch	328	G	R	521	24	4.4%	2	2	93	93	4.601291823103986E-8	1	1	247	274	23	1	A
E6_BC54_consensus_vsearch	331	T	Y	563	21	3.58%	2	2	93	93	3.970883555394092E-7	1	1	270	293	2	19	C
E6_BC54_consensus_vsearch	335	G	R	416	42	8.81%	2	2	93	93	8.49160143184166E-14	1	1	134	282	40	2	A
E6_BC54_consensus_vsearch	336	G	R	569	10	1.72%	2	2	93	93	9.390387757385067E-4	1	1	260	309	8	2	A
E6_BC54_consensus_vsearch	343	A	W	511	16	2.74%	2	2	93	93	1.3593614138575698E-5	1	1	240	271	1	15	-G
E6_BC54_consensus_vsearch	344	G	K	511	18	3.3%	2	1	93	93	3.2930353037110214E-6	1	1	244	267	0	18	T
E6_BC54_consensus_vsearch	345	G	K	556	10	1.72%	2	1	93	93	9.381869124860784E-4	1	1	256	300	0	10	+A
E6_BC54_consensus_vsearch	368	T	Y	509	34	5.94%	2	2	93	93	3.415505011235443E-11	1	1	249	260	12	22	C
E6_BC54_consensus_vsearch	374	A	R	553	21	3.61%	2	2	93	93	3.958011952909368E-7	1	1	242	311	19	2	G
E6_BC54_consensus_vsearch	376	G	R	541	25	4.39%	2	2	93	93	2.2729961136400045E-8	1	1	239	302	23	2	A
E6_BC54_consensus_vsearch	379	T	Y	560	16	2.75%	2	2	93	93	1.3729751077540724E-5	1	1	262	298	3	13	C
E6_BC54_consensus_vsearch	382	C	Y	559	17	2.94%	2	2	93	93	6.768187150907897E-6	1	1	260	299	3	14	T
E6_BC54_consensus_vsearch	389	A	R	495	10	1.95%	2	2	93	93	9.336116676174949E-4	1	1	251	244	1	9	G
E6_BC54_consensus_vsearch	391	G	K	459	41	7.47%	2	1	93	93	1.9342242674925994E-13	1	1	246	213	0	41	+C
E6_BC54_consensus_vsearch	398	A	R	560	9	1.56%	2	2	93	93	0.001891855040132679	1	1	262	298	4	5	G
E6_BC54_consensus_vsearch	399	G	R	544	22	3.77%	2	2	93	93	1.936399503759091E-7	1	1	246	298	21	1	A
E6_BC54_consensus_vsearch	401	A	W	551	7	1.22%	2	2	93	93	0.007666019161359943	1	1	259	292	3	4	-G
E6_BC54_consensus_vsearch	405	G	R	575	7	1.2%	2	2	93	93	0.007672038647635164	1	1	261	314	6	1	A
E6_BC54_consensus_vsearch	407	G	R	488	15	2.92%	2	2	93	93	2.7450900007246843E-5	1	1	242	246	13	2	A
E6_BC54_consensus_vsearch	408	C	Y	344	13	2.53%	2	2	93	93	1.0922402904139998E-4	1	1	235	109	10	3	-A
E6_BC54_consensus_vsearch	412	T	Y	570	7	1.2%	2	2	93	93	0.007670825737374831	1	1	267	303	1	6	C
E6_BC54_consensus_vsearch	413	T	Y	560	7	1.19%	2	1	93	93	0.00766833597175537	1	1	259	301	0	7	-AC
E6_BC54_consensus_vsearch	416	C	S	568	13	2.22%	2	2	93	93	1.1406178769493562E-4	1	1	260	308	10	3	G
E6_BC54_consensus_vsearch	417	C	Y	537	11	1.88%	2	2	93	93	4.641570195599558E-4	1	1	261	276	2	9	-A
E6_BC54_consensus_vsearch	420	T	Y	551	29	4.96%	2	2	93	93	1.301014053098754E-9	1	1	269	282	2	27	C
E6_BC54_consensus_vsearch	436	T	Y	561	7	1.2%	2	1	93	93	0.007668588879253857	1	1	260	301	0	7	C
E6_BC54_consensus_vsearch	437	A	R	568	7	1.21%	2	2	93	93	0.007670334687803565	1	1	259	309	6	1	G
E6_BC54_consensus_vsearch	442	C	Y	517	10	1.72%	2	1	93	93	9.353823303043534E-4	1	1	271	246	0	10	-A
E6_BC54_consensus_vsearch	445	T	Y	530	40	7.02%	2	2	93	93	4.476306005955442E-13	1	1	270	260	1	39	C
E6_BC54_consensus_vsearch	449	T	Y	550	7	1.23%	2	2	93	93	0.007665757133253386	1	1	261	289	5	2	-A
E6_BC54_consensus_vsearch	451	A	R	574	7	1.2%	2	1	93	93	0.007671797729860669	1	1	263	311	7	0	G
E6_BC54_consensus_vsearch	452	C	Y	570	8	1.37%	2	1	93	93	0.003812167942212529	1	1	268	302	0	8	T
E6_BC54_consensus_vsearch	458	T	Y	570	8	1.37%	2	2	93	93	0.003812167942212529	1	1	266	304	3	5	C
E6_BC54_consensus_vsearch	460	G	R	564	15	2.58%	2	1	93	93	2.784008976528302E-5	1	1	254	310	15	0	A
E6_BC54_consensus_vsearch	465	T	Y	397	12	2.92%	2	2	93	93	2.2495639078119352E-4	1	1	259	138	1	11	C
E6_BC54_consensus_vsearch	469	G	R	528	22	3.93%	2	1	93	93	1.924482640802142E-7	1	1	246	282	22	0	A
E6_BC54_consensus_vsearch	474	G	R	538	9	1.55%	2	2	93	93	0.0018894124030413505	1	1	245	293	7	2	+A
E6_BC54_consensus_vsearch	475	T	W	553	7	1.22%	2	1	93	93	0.00766654042031271	1	1	267	286	0	7	A
E6_BC54_consensus_vsearch	476	G	R	556	8	1.39%	2	2	93	93	0.0038098461564736973	1	1	261	295	6	2	A
E6_BC54_consensus_vsearch	477	C	Y	519	9	1.54%	2	2	93	93	0.0018871405447592163	1	1	262	257	3	6	-A
E6_BC54_consensus_vsearch	480	T	Y	522	47	8.09%	2	1	93	93	2.6384170779988746E-15	1	1	262	260	0	47	C
E6_BC54_consensus_vsearch	480	T	K	522	8	1.38%	2	1	93	93	0.0038037000521996237	1	1	262	260	8	0	C
E6_BC54_consensus_vsearch	483	G	R	567	10	1.71%	2	1	93	93	9.389101896133754E-4	1	1	270	297	0	10	A
E6_BC54_consensus_vsearch	491	T	Y	550	8	1.39%	2	2	93	93	0.003808815651854499	1	1	255	295	1	7	+G
E6_BC54_consensus_vsearch	504	A	W	563	8	1.37%	2	1	93	93	0.0038110211985538677	1	1	259	304	8	0	T
E6_BC54_consensus_vsearch	505	C	S	547	8	1.38%	2	1	93	93	0.003808292093894457	1	1	256	291	8	0	-A
E6_BC54_consensus_vsearch	505	C	Y	547	11	1.89%	2	2	93	93	4.6458270396940393E-4	1	1	256	291	1	10	T
E6_BC54_consensus_vsearch	507	A	R	576	8	1.36%	2	2	93	93	0.0038131291090651434	1	1	264	312	7	1	G
E6_BC54_consensus_vsearch	508	A	R	572	12	2.04%	2	1	93	93	2.3059772017075368E-4	1	1	257	315	12	0	G
E6_BC54_consensus_vsearch	515	A	R	572	7	1.2%	2	2	93	93	0.00767131340646626	1	1	263	309	3	4	G
E6_BC54_consensus_vsearch	523	A	W	506	8	1.37%	2	1	93	93	0.003800528228464504	1	1	235	271	0	8	-G
E6_BC54_consensus_vsearch	526	G	R	573	9	1.53%	2	1	93	93	0.0018932123374629899	1	1	260	313	9	0	A
E6_BC54_consensus_vsearch	527	C	Y	551	7	1.2%	2	2	93	93	0.007666019161359943	1	1	251	300	2	5	-A
E6_BC54_consensus_vsearch	531	T	Y	570	8	1.36%	2	2	93	93	0.003812167942212529	1	1	267	303	1	7	C
E6_BC54_consensus_vsearch	534	G	R	495	9	1.74%	2	2	93	93	0.0018840283452562008	1	1	256	239	7	2	A
E6_BC54_consensus_vsearch	535	G	R	557	7	1.19%	2	2	93	93	0.007667571887622288	1	1	259	298	4	3	A
E6_BC54_consensus_vsearch	535	G	K	557	12	2.05%	2	2	93	93	2.3024750486166557E-4	1	1	259	298	7	5	T
E6_BC54_consensus_vsearch	536	T	W	499	11	1.88%	2	1	93	93	4.6238976747864065E-4	1	1	267	232	0	11	A
E6_BC54_consensus_vsearch	536	T	Y	499	65	11.13%	2	2	93	93	3.829421148988401E-21	1	1	267	232	1	64	C
E6_BC54_consensus_vsearch	537	G	R	552	11	1.89%	2	2	93	93	4.647899629526837E-4	1	1	250	302	10	1	A
E6_BC54_consensus_vsearch	540	A	R	563	7	1.2%	2	1	93	93	0.007669092041544023	1	1	260	303	7	0	G
E6_BC54_consensus_vsearch	540	A	W	563	7	1.2%	2	1	93	93	0.007669092041544023	1	1	260	303	0	7	G
E6_BC54_consensus_vsearch	541	G	R	576	7	1.2%	2	1	93	93	0.007672278741851824	1	1	263	313	7	0	A
E6_BC54_consensus_vsearch	542	C	Y	566	7	1.19%	2	2	93	93	0.007669840222466952	1	1	260	306	1	6	T
E6_BC54_consensus_vsearch	546	C	Y	558	9	1.54%	2	2	93	93	0.0018916407480847996	1	1	255	303	6	3	T
E6_BC54_consensus_vsearch	547	G	R	561	12	2.07%	2	2	93	93	2.3034265404238912E-4	1	1	255	306	11	1	A
E6_BC54_consensus_vsearch	548	C	Y	552	13	2.23%	2	2	93	93	1.1384035972199544E-4	1	1	256	296	5	8	T
E6_BC54_consensus_vsearch	549	G	R	550	22	3.81%	2	2	93	93	1.9407111842786683E-7	1	1	247	303	20	2	A
E6_BC54_consensus_vsearch	550	G	R	562	13	2.23%	2	2	93	93	1.1398016219406192E-4	1	1	254	308	10	3	A
E6_BC54_consensus_vsearch	551	T	Y	563	7	1.2%	2	2	93	93	0.007669092041544023	1	1	257	306	4	3	-A
E6_BC54_consensus_vsearch	557	C	Y	575	10	1.7%	2	1	93	93	9.394193185721279E-4	1	1	270	305	0	10	T
E6_BC54_consensus_vsearch	559	G	R	559	16	2.75%	2	1	93	93	1.37271954373405E-5	1	1	252	307	16	0	A
E6_BC54_consensus_vsearch	566	T	Y	572	7	1.2%	2	1	93	93	0.00767131340646626	1	1	267	305	0	7	C
E6_BC54_consensus_vsearch	571	T	Y	573	7	1.2%	2	2	93	93	0.0076715559842246905	1	1	269	304	1	6	C
E6_BC54_consensus_vsearch	575	T	W	547	9	1.6%	2	1	93	93	0.0018904348242880168	1	1	268	279	0	9	A
E6_BC54_consensus_vsearch	576	T	Y	543	12	2.06%	2	2	93	93	2.2990389605394288E-4	1	1	253	290	1	11	-A
E6_BC54_consensus_vsearch	583	G	K	545	21	3.6%	2	1	93	93	3.947412566388036E-7	1	1	236	309	21	0	T
E6_BC54_consensus_vsearch	584	T	Y	548	33	5.67%	2	2	93	93	7.293993243232846E-11	1	1	266	282	3	30	C
E6_BC54_consensus_vsearch	588	A	R	553	12	2.08%	2	2	93	93	2.3015103466465746E-4	1	1	252	301	10	2	G
E6_BC54_consensus_vsearch	592	A	M	391	8	1.99%	2	2	93	93	0.003770308015149166	1	1	166	225	2	6	C
E6_BC54_consensus_vsearch	595	A	R	574	7	1.2%	2	2	93	93	0.007671797729860669	1	1	267	307	2	5	G
E6_BC54_consensus_vsearch	603	A	R	571	7	1.2%	2	2	93	93	0.007671069992311274	1	1	263	308	3	4	G
E6_BC54_consensus_vsearch	605	T	Y	568	13	2.23%	2	2	93	93	1.1406178769493562E-4	1	1	269	299	2	11	C
E6_BC54_consensus_vsearch	614	G	R	500	35	6.46%	2	2	93	93	1.638165250541629E-11	1	1	236	264	32	3	A
E6_BC54_consensus_vsearch	616	G	S	550	11	1.87%	2	1	93	93	4.647074958288269E-4	1	1	265	285	0	11	+C
E6_BC54_consensus_vsearch	618	T	Y	537	7	1.21%	2	2	93	93	0.007662263431712945	1	1	256	281	1	6	-C
E6_BC54_consensus_vsearch	620	G	R	564	13	2.25%	2	2	93	93	1.1400755487644202E-4	1	1	257	307	12	1	A
E6_BC54_consensus_vsearch	621	G	R	551	11	1.88%	2	2	93	93	4.647488016251458E-4	1	1	253	298	10	1	-C
E6_BC54_consensus_vsearch	625	T	W	542	12	2.09%	2	2	93	93	2.2987870123184875E-4	1	1	244	298	4	8	A
E6_BC54_consensus_vsearch	625	T	Y	542	9	1.57%	2	2	93	93	0.0018898708997509422	1	1	244	298	6	3	A
E6_BC54_consensus_vsearch	626	G	R	541	13	2.24%	2	2	93	93	1.136808905722468E-4	1	1	255	286	10	3	A
E6_BC54_consensus_vsearch	626	G	S	541	10	1.72%	2	2	93	93	9.371546456216187E-4	1	1	255	286	1	9	A
E6_BC54_consensus_vsearch	627	T	W	538	10	1.75%	2	1	93	93	9.369414930158851E-4	1	1	260	278	0	10	-G
E6_BC54_consensus_vsearch	628	G	R	543	18	3.17%	2	2	93	93	3.321217144230967E-6	1	1	247	296	14	4	A
E6_BC54_consensus_vsearch	629	G	R	569	9	1.54%	2	2	93	93	0.0018928011559758858	1	1	271	298	1	8	A
E6_BC54_consensus_vsearch	632	C	Y	514	55	9.4%	2	2	93	93	7.044873470047602E-18	1	1	267	247	1	54	T
E6_BC54_consensus_vsearch	633	G	R	564	8	1.37%	2	2	93	93	0.0038111867275475823	1	1	263	301	6	2	A
E6_BC54_consensus_vsearch	634	T	Y	570	12	2.05%	2	1	93	93	2.3055204810949474E-4	1	1	270	300	0	12	C
E6_BC54_consensus_vsearch	636	T	Y	550	13	2.25%	2	2	93	93	1.1381181764247677E-4	1	1	261	289	1	12	C
E6_BC54_consensus_vsearch	638	G	R	547	27	4.66%	2	2	93	93	5.448221407061866E-9	1	1	256	291	11	16	A
E6_BC54_consensus_vsearch	639	C	M	546	10	1.72%	2	2	93	93	9.375048493952046E-4	1	1	258	288	1	9	A
E6_BC54_consensus_vsearch	639	C	Y	546	20	3.44%	2	2	93	93	8.039418999669328E-7	1	1	258	288	8	12	T
E6_BC54_consensus_vsearch	641	A	R	570	13	2.23%	2	2	93	93	1.1408863153197961E-4	1	1	257	313	12	1	G
E6_BC54_consensus_vsearch	645	G	R	468	8	1.56%	2	1	93	93	0.0037921465001774166	1	1	179	289	8	0	+C
E6_BC54_consensus_vsearch	645	G	K	468	15	2.92%	2	1	93	93	2.73289488521999E-5	1	1	179	289	15	0	T
E6_BC54_consensus_vsearch	646	C	Y	421	22	4.14%	2	2	93	93	1.8250798754561758E-7	1	1	152	269	19	3	-AC
E6_BC54_consensus_vsearch	647	A	R	503	38	6.92%	2	1	93	93	1.855648931788885E-12	1	1	190	313	38	0	G
E6_BC54_consensus_vsearch	648	C	Y	533	19	3.41%	2	2	93	93	1.6293406890487803E-6	1	1	238	295	3	16	T
E6_BC54_consensus_vsearch	654	G	R	543	30	5.22%	2	2	93	93	6.307755259983281E-10	1	1	233	310	29	1	A
E6_BC54_consensus_vsearch	657	T	Y	549	11	1.89%	2	2	93	93	4.646660447990897E-4	1	1	251	298	8	3	-G
E6_BC54_consensus_vsearch	658	G	R	535	30	5.26%	2	2	93	93	6.272113514665773E-10	1	1	235	300	29	1	A
E6_BC54_consensus_vsearch	663	T	Y	567	9	1.56%	2	2	93	93	0.0018925934416486783	1	1	266	301	4	5	C
E6_BC54_consensus_vsearch	664	T	Y	574	8	1.37%	2	2	93	93	0.0038128109095927364	1	1	270	304	2	6	C
E6_BC54_consensus_vsearch	667	C	Y	561	8	1.36%	2	1	93	93	0.0038106884052637497	1	1	271	290	0	8	-TC
E6_BC54_consensus_vsearch	671	T	W	522	8	1.47%	2	1	93	93	0.0038037000521996237	1	1	260	262	8	0	A
E6_BC54_consensus_vsearch	671	T	Y	522	10	1.84%	2	2	93	93	9.357645849939003E-4	1	1	260	262	1	9	C
E6_BC54_consensus_vsearch	680	C	Y	561	11	1.88%	2	2	93	93	4.6515403682255657E-4	1	1	261	300	1	10	T
E6_BC54_consensus_vsearch	681	G	R	557	11	1.91%	2	2	93	93	4.6499362882328774E-4	1	1	251	306	10	1	A
E6_BC54_consensus_vsearch	682	C	Y	559	9	1.56%	2	1	93	93	0.0018917480811367516	1	1	262	297	0	9	T
E6_BC54_consensus_vsearch	685	G	R	537	7	1.2%	2	2	93	93	0.007662263431712945	1	1	238	299	6	1	-C
E6_BC54_consensus_vsearch	694	T	Y	548	7	1.2%	2	2	93	93	0.007665230254675653	1	1	247	301	2	5	-G
E6_BC54_consensus_vsearch	695	G	R	551	10	1.77%	2	2	93	93	9.378488845021741E-4	1	1	244	307	9	1	A
E6_BC54_consensus_vsearch	696	G	R	477	12	2.07%	2	2	93	93	2.2802497566790607E-4	1	1	219	258	11	1	+A
E6_BC54_consensus_vsearch	696	G	S	477	51	8.78%	2	2	93	93	1.2489412170295552E-16	1	1	219	258	1	50	C
E6_BC54_consensus_vsearch	699	G	R	566	10	1.71%	2	2	93	93	9.388455655418633E-4	1	1	267	299	2	8	A
E6_BC54_consensus_vsearch	700	T	W	464	12	2.06%	2	2	93	93	2.2759488469078704E-4	1	1	247	217	1	11	-GT
E6_BC54_consensus_vsearch	701	G	R	469	11	2.24%	2	2	93	93	4.608004961442996E-4	1	1	247	222	2	9	A
E6_BC54_consensus_vsearch	704	G	R	362	69	15.54%	2	2	93	93	8.776680049161679E-23	1	1	133	229	67	2	A
E6_BC54_consensus_vsearch	705	G	R	567	12	2.07%	2	2	93	93	2.3048295964434314E-4	1	1	262	305	6	6	A
E6_BC54_consensus_vsearch	706	G	R	573	8	1.37%	2	2	93	93	0.0038126509930167373	1	1	263	310	7	1	A
E6_BC54_consensus_vsearch	719	T	Y	509	10	1.89%	2	2	93	93	9.347555991657264E-4	1	1	200	309	7	3	C
E6_BC54_consensus_vsearch	720	T	Y	561	7	1.21%	2	2	93	93	0.007668588879253857	1	1	253	308	4	3	C
E6_BC54_consensus_vsearch	721	A	R	562	7	1.2%	2	2	93	93	0.007668840900969684	1	1	257	305	2	5	G
E6_BC54_consensus_vsearch	724	T	Y	525	7	1.31%	2	2	93	93	0.007658887507292351	1	1	250	275	4	3	C
E6_BC54_consensus_vsearch	725	T	W	559	7	1.2%	2	1	93	93	0.007668082173792139	1	1	251	308	7	0	A
E6_BC54_consensus_vsearch	739	T	W	530	8	1.43%	2	1	93	93	0.0038052156524719656	1	1	271	259	0	8	+A
E6_BC54_consensus_vsearch	739	T	Y	530	7	1.25%	2	1	93	93	0.007660312408999644	1	1	271	259	0	7	+A
E6_BC54_consensus_vsearch	740	G	R	561	8	1.37%	2	2	93	93	0.0038106884052637497	1	1	265	296	2	6	A
E6_BC54_consensus_vsearch	741	T	W	544	10	1.71%	2	1	93	93	9.373655173650468E-4	1	1	270	274	0	10	A
E6_BC54_consensus_vsearch	741	T	Y	544	23	3.92%	2	2	93	93	9.493997566993554E-8	1	1	270	274	2	21	C
E6_BC54_consensus_vsearch	742	T	Y	541	27	4.6%	2	1	93	93	5.429805048683609E-9	1	1	265	276	0	27	C
E6_BC54_consensus_vsearch	744	A	R	532	12	2.18%	2	2	93	93	2.296217615481528E-4	1	1	249	283	4	8	G
E6_BC54_consensus_vsearch	745	A	R	558	7	1.23%	2	1	93	93	0.007667827480669072	1	1	267	291	0	7	G
E6_BC54_consensus_vsearch	754	T	Y	569	8	1.37%	2	2	93	93	0.003812005815438782	1	1	262	307	3	5	C
E6_BC54_consensus_vsearch	756	C	Y	560	14	2.41%	2	2	93	93	5.6330526991142806E-5	1	1	261	299	3	11	T
E6_BC54_consensus_vsearch	757	G	R	565	7	1.2%	2	2	93	93	0.007669591697725923	1	1	258	307	2	5	A
E6_BC54_consensus_vsearch	759	C	Y	572	9	1.55%	2	2	93	93	0.0018931100684577166	1	1	260	312	7	2	T
E6_BC54_consensus_vsearch	760	C	Y	526	27	4.6%	2	2	93	93	5.382262611255697E-9	1	1	252	274	7	20	T
E6_BC54_consensus_vsearch	768	T	W	560	11	1.9%	2	2	93	93	4.6511414231246333E-4	1	1	254	306	7	4	A
E6_BC54_consensus_vsearch	782	C	Y	526	8	1.38%	2	1	93	93	0.003804463493552888	1	1	265	261	0	8	+A
E6_BC54_consensus_vsearch	792	T	Y	517	11	2.04%	2	2	93	93	4.632580735397798E-4	1	1	267	250	2	9	C
E6_BC54_consensus_vsearch	793	G	R	502	15	2.79%	2	2	93	93	2.753086512171144E-5	1	1	258	244	10	5	A
E6_BC54_consensus_vsearch	794	C	Y	543	8	1.4%	2	2	93	93	0.003807585201342346	1	1	265	278	1	7	T
E6_BC54_consensus_vsearch	800	T	Y	570	8	1.37%	2	1	93	93	0.003812167942212529	1	1	268	302	0	8	C
E6_BC54_consensus_vsearch	806	G	R	569	10	1.7%	2	2	93	93	9.390387757385067E-4	1	1	256	313	9	1	A
E6_BC54_consensus_vsearch	807	T	Y	564	17	2.91%	2	2	93	93	6.775268260038078E-6	1	1	264	300	2	15	C
E6_BC54_consensus_vsearch	809	G	R	554	24	4.11%	2	2	93	93	4.671229737553726E-8	1	1	245	309	23	1	A
E6_BC54_consensus_vsearch	820	T	Y	571	9	1.54%	2	2	93	93	0.0018930074497425708	1	1	266	305	3	6	C
E6_BC54_consensus_vsearch	824	C	Y	569	8	1.36%	2	2	93	93	0.003812005815438782	1	1	266	303	2	6	T
E6_BC54_consensus_vsearch	825	G	R	575	8	1.37%	2	1	93	93	0.0038129702806793094	1	1	264	311	8	0	A
E6_BC54_consensus_vsearch	829	T	Y	565	11	1.88%	2	2	93	93	4.6531225052335137E-4	1	1	269	296	1	10	C
E6_BC54_consensus_vsearch	835	A	R	543	8	1.39%	2	1	93	93	0.003807585201342346	1	1	249	294	8	0	G
E6_BC54_consensus_vsearch	835	A	W	543	8	1.39%	2	2	93	93	0.003807585201342346	1	1	249	294	1	7	G
E6_BC54_consensus_vsearch	836	T	W	540	11	1.93%	2	2	93	93	4.6428632168686156E-4	1	1	239	301	10	1	A
E6_BC54_consensus_vsearch	842	C	Y	526	39	6.81%	2	1	93	93	9.224317643511126E-13	1	1	270	256	0	39	T
E6_BC54_consensus_vsearch	843	A	R	561	9	1.54%	2	2	93	93	0.0018919616270182597	1	1	264	297	4	5	G
E6_BC54_consensus_vsearch	843	A	W	561	9	1.54%	2	2	93	93	0.0018919616270182597	1	1	264	297	2	7	G
E6_BC54_consensus_vsearch	844	G	R	567	7	1.2%	2	1	93	93	0.007670087884333406	1	1	268	299	0	7	A
E6_BC54_consensus_vsearch	846	C	S	177	11	1.89%	2	2	93	93	4.200578330993431E-4	1	1	98	79	1	10	-GG
E6_BC54_consensus_vsearch	847	G	R	490	70	12.41%	2	2	93	93	8.487290666131456E-23	1	1	202	288	67	3	A
E6_BC54_consensus_vsearch	849	G	R	568	15	2.56%	2	1	93	93	2.7857857118546746E-5	1	1	270	298	0	15	A
E6_BC54_consensus_vsearch	851	C	Y	565	12	2.06%	2	1	93	93	2.3043650914873222E-4	1	1	267	298	0	12	T
E6_BC54_consensus_vsearch	852	A	R	557	8	1.37%	2	2	93	93	0.0038100157918164635	1	1	259	298	7	1	G
E6_BC54_consensus_vsearch	853	T	Y	555	8	1.38%	2	1	93	93	0.0038096759220663046	1	1	260	295	0	8	C
E6_BC54_consensus_vsearch	853	T	K	555	10	1.73%	2	1	93	93	9.381197798931408E-4	1	1	260	295	10	0	G
E6_BC54_consensus_vsearch	855	A	R	548	15	2.58%	2	2	93	93	2.7766583232500627E-5	1	1	249	299	12	3	G
E6_BC54_consensus_vsearch	857	T	Y	566	10	1.72%	2	1	93	93	9.388455655418633E-4	1	1	265	301	0	10	C
E6_BC54_consensus_vsearch	859	T	Y	569	7	1.2%	2	1	93	93	0.007670580637356587	1	1	268	301	0	7	C
E6_BC54_consensus_vsearch	862	G	R	566	15	2.57%	2	1	93	93	2.784900299453663E-5	1	1	256	310	15	0	A
E6_BC54_consensus_vsearch	878	A	R	567	8	1.37%	2	1	93	93	0.0038116798798562227	1	1	261	306	8	0	G
E6_BC54_consensus_vsearch	884	G	R	535	10	1.81%	2	1	93	93	9.367260223435176E-4	1	1	260	275	10	0	A
E6_BC54_consensus_vsearch	887	T	Y	569	9	1.55%	2	2	93	93	0.0018928011559758858	1	1	265	304	2	7	C
E6_BC54_consensus_vsearch	892	C	Y	513	53	9.08%	2	2	93	93	3.096045771240466E-17	1	1	261	252	1	52	T
E6_BC54_consensus_vsearch	897	A	R	560	9	1.55%	2	2	93	93	0.001891855040132679	1	1	255	305	6	3	G
E6_BC54_consensus_vsearch	899	T	Y	537	12	2.08%	2	2	93	93	2.297513779597955E-4	1	1	259	278	3	9	C
E6_BC54_consensus_vsearch	901	A	R	561	11	1.88%	2	1	93	93	4.6515403682255657E-4	1	1	255	306	11	0	G
E6_BC54_consensus_vsearch	903	T	Y	382	173	29.93%	2	2	93	93	9.776666784723277E-60	1	1	258	124	1	172	C
E6_BC54_consensus_vsearch	905	C	Y	465	48	8.35%	2	1	93	93	1.1212835138816545E-15	1	1	260	205	0	48	T
E6_BC54_consensus_vsearch	907	G	R	544	7	1.21%	2	2	93	93	0.007664165065188001	1	1	255	289	6	1	-CG
E6_BC54_consensus_vsearch	908	C	Y	474	7	1.25%	2	1	93	93	0.00764266856336234	1	1	192	282	0	7	-GA
E6_BC54_consensus_vsearch	910	A	W	489	7	1.4%	2	2	93	93	0.007647783648781579	1	1	187	302	1	6	T
E6_BC54_consensus_vsearch	913	G	R	509	7	1.35%	2	1	93	93	0.00765414298511808	1	1	203	306	7	0	A
E6_BC54_consensus_vsearch	918	T	Y	568	7	1.19%	2	2	93	93	0.007670334687803565	1	1	264	304	2	5	C
E6_BC54_consensus_vsearch	919	G	R	537	20	3.45%	2	2	93	93	8.016866606274464E-7	1	1	233	304	18	2	A
E6_BC54_consensus_vsearch	921	C	Y	499	12	2.05%	2	2	93	93	2.2870404757767459E-4	1	1	210	289	6	6	-A
E6_BC54_consensus_vsearch	922	A	R	506	9	1.72%	2	2	93	93	0.0018854904379364983	1	1	218	288	4	5	G
E6_BC54_consensus_vsearch	924	G	K	548	17	2.96%	2	1	93	93	6.752188283154901E-6	1	1	259	289	0	17	T
E6_BC54_consensus_vsearch	928	G	R	514	14	2.4%	2	2	93	93	5.5933162205555704E-5	1	1	211	303	13	1	-T
E6_BC54_consensus_vsearch	929	T	Y	536	9	1.64%	2	1	93	93	0.001889180653273128	1	1	240	296	0	9	C
E6_BC54_consensus_vsearch	935	T	Y	563	8	1.38%	2	1	93	93	0.0038110211985538677	1	1	264	299	0	8	C
E6_BC54_consensus_vsearch	935	T	K	563	7	1.2%	2	2	93	93	0.007669092041544023	1	1	264	299	6	1	C
E6_BC54_consensus_vsearch	938	A	R	569	12	2.04%	2	2	93	93	2.305290963962864E-4	1	1	259	310	10	2	G
E6_BC54_consensus_vsearch	950	G	R	533	13	2.28%	2	2	93	93	1.1356097757884097E-4	1	1	223	310	12	1	+A
E6_BC54_consensus_vsearch	952	T	W	561	10	1.73%	2	1	93	93	9.385190892979372E-4	1	1	252	309	10	0	A
E6_BC54_consensus_vsearch	953	T	W	233	13	2.21%	2	2	93	93	1.0374225858311641E-4	1	1	67	166	9	4	-G
E6_BC54_consensus_vsearch	954	G	R	333	191	36.11%	2	2	93	93	1.7231622549965147E-67	1	1	226	107	27	164	A
E6_BC54_consensus_vsearch	955	G	R	509	62	10.84%	2	2	93	93	3.7641242227657716E-20	1	1	239	270	32	30	A
E6_BC54_consensus_vsearch	956	G	R	568	17	2.9%	2	2	93	93	6.780849953574307E-6	1	1	267	301	3	14	A
E6_BC54_consensus_vsearch	962	A	R	500	8	1.56%	2	1	93	93	0.0037992876194415373	1	1	255	245	0	8	G
E6_BC54_consensus_vsearch	971	A	R	551	8	1.38%	2	1	93	93	0.0038089889297735855	1	1	249	302	8	0	-G
E6_BC54_consensus_vsearch	977	C	Y	553	27	4.61%	2	2	93	93	5.4663082130704866E-9	1	1	268	285	1	26	T
E6_BC54_consensus_vsearch	979	T	Y	550	28	4.84%	2	2	93	93	2.6648660403642422E-9	1	1	269	281	1	27	C
E6_BC54_consensus_vsearch	982	T	Y	555	10	1.72%	2	2	93	93	9.381197798931408E-4	1	1	255	300	4	6	C
E6_BC54_consensus_vsearch	987	T	Y	560	12	2.06%	2	2	93	93	2.3031898910607474E-4	1	1	258	302	3	9	C
E6_BC54_consensus_vsearch	991	C	Y	546	30	5.14%	2	2	93	93	6.320909726665591E-10	1	1	265	281	1	29	T
E6_BC54_consensus_vsearch	992	A	R	559	18	3.09%	2	1	93	93	3.3341980066922626E-6	1	1	249	310	18	0	G
E6_BC54_consensus_vsearch	997	A	R	562	14	2.39%	2	2	93	93	5.634640511578813E-5	1	1	255	307	13	1	G
E6_BC54_consensus_vsearch	999	T	Y	555	21	3.58%	2	2	93	93	3.9606193040821893E-7	1	1	270	285	1	20	C
E6_BC54_consensus_vsearch	1000	A	R	561	16	2.74%	2	2	93	93	1.3732298211241208E-5	1	1	266	295	2	14	G
E6_BC54_consensus_vsearch	1001	T	Y	552	18	3.09%	2	1	93	93	3.3286037510417303E-6	1	1	261	291	0	18	C
E6_BC54_consensus_vsearch	1002	G	R	558	15	2.56%	2	1	93	93	2.7812989472506812E-5	1	1	246	312	15	0	A
E6_BC54_consensus_vsearch	1004	C	Y	544	28	4.78%	2	2	93	93	2.655286681128227E-9	1	1	261	283	6	22	T
E6_BC54_consensus_vsearch	1008	T	Y	121	11	1.9%	2	2	93	93	3.930229288570401E-4	1	1	50	71	1	10	+C
E6_BC54_consensus_vsearch	1010	G	S	519	42	7.32%	2	2	93	93	1.0246749933969126E-13	1	1	262	257	1	41	C
E6_BC54_consensus_vsearch	1015	G	R	307	84	20.79%	2	1	93	93	3.4742313729496974E-28	1	1	60	247	84	0	A
E6_BC54_consensus_vsearch	1016	G	R	537	20	3.57%	2	2	93	93	8.016866606274464E-7	1	1	233	304	16	4	A
E6_BC54_consensus_vsearch	1017	G	R	555	22	3.79%	2	1	93	93	1.9442415664388025E-7	1	1	246	309	22	0	A
E6_BC54_consensus_vsearch	1031	A	R	574	8	1.37%	2	1	93	93	0.0038128109095927364	1	1	268	306	0	8	G
E6_BC54_consensus_vsearch	1034	T	Y	554	7	1.19%	2	2	93	93	0.007666799661120067	1	1	264	290	1	6	-GT
E6_BC54_consensus_vsearch	1040	T	Y	490	10	1.87%	2	2	93	93	9.331878021836545E-4	1	1	241	249	2	8	+C
E6_BC54_consensus_vsearch	1047	G	R	565	11	1.89%	2	1	93	93	4.6531225052335137E-4	1	1	256	309	11	0	A
E6_BC54_consensus_vsearch	1051	C	Y	545	7	1.22%	2	2	93	93	0.007664432804486939	1	1	248	297	2	5	-G
E6_BC54_consensus_vsearch	1080	G	R	542	9	1.53%	2	1	93	93	0.0018898708997509422	1	1	235	307	9	0	A
E6_BC54_consensus_vsearch	1083	T	Y	559	10	1.73%	2	2	93	93	9.383869109591451E-4	1	1	266	293	3	7	C
E6_BC54_consensus_vsearch	1091	C	Y	539	8	1.38%	2	2	93	93	0.0038068680328523356	1	1	237	302	2	6	-A
E6_BC54_consensus_vsearch	1096	C	Y	565	21	3.58%	2	1	93	93	3.973409109396266E-7	1	1	271	294	0	21	T
E6_BC54_consensus_vsearch	1101	A	R	573	11	1.88%	2	2	93	93	4.656222726659411E-4	1	1	261	312	10	1	G
E6_BC54_consensus_vsearch	1103	T	Y	553	10	1.77%	2	2	93	93	9.379848076918366E-4	1	1	250	303	8	2	C
E6_BC54_consensus_vsearch	1104	T	Y	532	11	1.91%	2	2	93	93	4.639383918277511E-4	1	1	223	309	9	2	-A
E6_BC54_consensus_vsearch	1106	A	R	573	9	1.54%	2	2	93	93	0.0018932123374629899	1	1	264	309	6	3	G
E6_BC54_consensus_vsearch	1116	C	Y	481	81	13.87%	2	2	93	93	1.8483054804922004E-26	1	1	264	217	2	79	T
E6_BC54_consensus_vsearch	1117	G	K	527	40	6.99%	2	1	93	93	4.4589361209098216E-13	1	1	268	259	0	40	T
E6_BC54_consensus_vsearch	1127	C	M	532	12	2.04%	2	2	93	93	2.296217615481528E-4	1	1	244	288	8	4	A
E6_BC54_consensus_vsearch	1130	G	R	573	10	1.71%	2	2	93	93	9.392933313754103E-4	1	1	268	305	2	8	A
E6_BC54_consensus_vsearch	1141	G	R	561	7	1.21%	2	2	93	93	0.007668588879253857	1	1	265	296	1	6	A
E6_BC54_consensus_vsearch	1142	C	Y	527	18	3.12%	2	2	93	93	3.3075167142372806E-6	1	1	261	266	2	16	T
E6_BC54_consensus_vsearch	1143	G	R	552	16	2.78%	2	1	93	93	1.3709064155419347E-5	1	1	249	303	16	0	A
E6_BC54_consensus_vsearch	1145	C	Y	467	21	3.61%	2	1	93	93	3.8274846785425195E-7	1	1	181	286	0	21	T
E6_BC54_consensus_vsearch	1146	T	Y	484	7	1.42%	2	2	93	93	0.007646113201788858	1	1	177	307	4	3	C
E6_BC54_consensus_vsearch	1147	T	Y	484	7	1.38%	2	1	93	93	0.007646113201788858	1	1	176	308	7	0	-AA
E6_BC54_consensus_vsearch	1150	T	Y	552	7	1.2%	2	2	93	93	0.007666280255386365	1	1	247	305	2	5	C
E6_BC54_consensus_vsearch	1150	T	K	552	20	3.44%	2	1	93	93	8.054086686192937E-7	1	1	247	305	20	0	G
E6_BC54_consensus_vsearch	1151	T	Y	552	7	1.19%	2	2	93	93	0.007666280255386365	1	1	249	303	4	3	+C
E6_BC54_consensus_vsearch	1151	T	K	552	19	3.24%	2	1	93	93	1.6380464559277034E-6	1	1	249	303	19	0	G
E6_BC54_consensus_vsearch	1159	A	R	568	9	1.54%	2	1	93	93	0.0018926974773018042	1	1	258	310	9	0	G
E6_BC54_consensus_vsearch	1161	A	R	555	14	2.42%	2	2	93	93	5.629035743103978E-5	1	1	248	307	9	5	G
E6_BC54_consensus_vsearch	1161	A	W	555	7	1.21%	2	1	93	93	0.007667057982678975	1	1	248	307	7	0	G
E6_BC54_consensus_vsearch	1162	C	Y	364	9	1.55%	2	2	93	93	0.0018600735687751945	1	1	117	247	7	2	-G
E6_BC54_consensus_vsearch	1163	G	R	388	9	2.2%	2	1	93	93	0.0018656305641170923	1	1	135	253	9	0	A
E6_BC54_consensus_vsearch	1171	T	Y	552	8	1.39%	2	2	93	93	0.0038091615924873046	1	1	267	285	2	6	-C
E6_BC54_consensus_vsearch	1176	A	R	559	11	1.88%	2	1	93	93	4.6507410995373774E-4	1	1	251	308	11	0	G
E6_BC54_consensus_vsearch	1185	C	Y	567	8	1.37%	2	2	93	93	0.0038116798798562227	1	1	259	308	3	5	-AT
E6_BC54_consensus_vsearch	1186	A	R	557	11	1.91%	2	1	93	93	4.6499362882328774E-4	1	1	248	309	11	0	G
E6_BC54_consensus_vsearch	1187	T	Y	563	12	2.08%	2	2	93	93	2.303897416995595E-4	1	1	257	306	7	5	C
E6_BC54_consensus_vsearch	1189	A	R	572	9	1.54%	2	1	93	93	0.0018931100684577166	1	1	259	313	9	0	G
E6_BC54_consensus_vsearch	1193	G	R	514	7	1.31%	2	2	93	93	0.007655656829790728	1	1	212	302	6	1	A
E6_BC54_consensus_vsearch	1199	A	R	571	8	1.36%	2	2	93	93	0.0038123295121620672	1	1	266	305	6	2	G
E6_BC54_consensus_vsearch	1228	G	R	552	11	1.93%	2	2	93	93	4.647899629526837E-4	1	1	254	298	10	1	A
E6_BC54_consensus_vsearch	1244	C	Y	564	10	1.72%	2	2	93	93	9.387156496901478E-4	1	1	263	301	2	8	T
E6_BC54_consensus_vsearch	1245	C	Y	561	18	3.07%	2	2	93	93	3.3357728293002333E-6	1	1	268	293	1	17	T
E6_BC54_consensus_vsearch	1252	A	R	571	8	1.37%	2	2	93	93	0.0038123295121620672	1	1	264	307	6	2	G
E6_BC54_consensus_vsearch	1254	T	Y	573	12	2.05%	2	2	93	93	2.3062044129554138E-4	1	1	270	303	1	11	C
E6_BC54_consensus_vsearch	1258	T	Y	548	7	1.2%	2	2	93	93	0.007665230254675653	1	1	257	291	3	4	+G
E6_BC54_consensus_vsearch	1266	T	K	563	8	1.4%	2	1	93	93	0.0038110211985538677	1	1	259	304	8	0	G
E6_BC54_consensus_vsearch	1267	T	Y	578	7	1.2%	2	2	93	93	0.007672756476313913	1	1	270	308	2	5	C
E6_BC54_consensus_vsearch	1291	A	R	570	14	2.39%	2	2	93	93	5.6408860663304025E-5	1	1	258	312	13	1	G
E6_BC54_consensus_vsearch	1293	G	R	568	9	1.54%	2	2	93	93	0.0018926974773018042	1	1	257	311	8	1	A
E6_BC54_consensus_vsearch	1298	C	Y	561	12	2.05%	2	2	93	93	2.3034265404238912E-4	1	1	264	297	3	9	T
E6_BC54_consensus_vsearch	1308	A	R	555	19	3.25%	2	2	93	93	1.6393715543553221E-6	1	1	250	305	18	1	G
E6_BC54_consensus_vsearch	1309	G	R	556	10	1.72%	2	1	93	93	9.381869124860784E-4	1	1	250	306	10	0	A
E6_BC54_consensus_vsearch	1310	T	Y	555	25	4.3%	2	2	93	93	2.2882332058266175E-8	1	1	269	286	3	22	C
E6_BC54_consensus_vsearch	1330	C	Y	562	8	1.39%	2	1	93	93	0.003810855092140287	1	1	259	303	0	8	T
E6_BC54_consensus_vsearch	1332	G	R	568	8	1.38%	2	1	93	93	0.003811843128951762	1	1	262	306	8	0	A
E6_BC54_consensus_vsearch	1333	G	R	555	8	1.37%	2	2	93	93	0.0038096759220663046	1	1	252	303	1	7	-C
E6_BC54_consensus_vsearch	1335	C	Y	565	15	2.56%	2	2	93	93	2.7844553804914318E-5	1	1	271	294	1	14	T
E6_BC54_consensus_vsearch	1361	C	Y	558	10	1.76%	2	2	93	93	9.383204768022652E-4	1	1	256	302	1	9	T
E6_BC54_consensus_vsearch	1363	T	Y	569	8	1.38%	2	2	93	93	0.003812005815438782	1	1	266	303	1	7	C
E6_BC54_consensus_vsearch	1366	A	R	563	8	1.37%	2	2	93	93	0.0038110211985538677	1	1	264	299	6	2	-G
E6_BC54_consensus_vsearch	1380	T	Y	546	13	2.22%	2	2	93	93	1.1375413566253189E-4	1	1	250	296	10	3	C
E6_BC54_consensus_vsearch	1381	G	R	554	13	2.26%	2	1	93	93	1.138687052715257E-4	1	1	249	305	13	0	A
E6_BC54_consensus_vsearch	1382	C	Y	544	10	1.72%	2	2	93	93	9.373655173650468E-4	1	1	259	285	2	8	+A
E6_BC54_consensus_vsearch	1383	G	R	503	68	11.81%	2	2	93	93	4.0609293408128666E-22	1	1	197	306	67	1	A
E6_BC54_consensus_vsearch	1388	T	Y	528	25	4.46%	2	2	93	93	2.2582384399223936E-8	1	1	267	261	1	24	C
E6_BC54_consensus_vsearch	1389	A	M	552	16	2.8%	2	1	93	93	1.3709064155419347E-5	1	1	268	284	0	16	C
E6_BC54_consensus_vsearch	1391	C	Y	565	13	2.22%	2	2	93	93	1.1402118179950934E-4	1	1	265	300	1	12	T
E6_BC54_consensus_vsearch	1392	A	R	555	18	3.08%	2	2	93	93	3.3310171352386134E-6	1	1	253	302	15	3	G
E6_BC54_consensus_vsearch	1395	T	Y	575	7	1.19%	2	2	93	93	0.007672038647635164	1	1	270	305	1	6	C
E6_BC54_consensus_vsearch	1397	T	Y	569	8	1.37%	2	2	93	93	0.003812005815438782	1	1	265	304	4	4	C
E6_BC54_consensus_vsearch	1405	C	Y	577	7	1.19%	2	2	93	93	0.007672518016675552	1	1	268	309	2	5	T
E6_BC54_consensus_vsearch	1413	G	R	563	7	1.2%	2	2	93	93	0.007669092041544023	1	1	256	307	4	3	A
E6_BC54_consensus_vsearch	1414	T	Y	574	7	1.2%	2	2	93	93	0.007671797729860669	1	1	270	304	1	6	C
E6_BC54_consensus_vsearch	1415	T	Y	558	9	1.53%	2	1	93	93	0.0018916407480847996	1	1	257	301	0	9	+C
E6_BC54_consensus_vsearch	1418	G	R	555	12	2.11%	2	2	93	93	2.30199436603214E-4	1	1	259	296	9	3	A
E6_BC54_consensus_vsearch	1422	C	Y	543	26	4.45%	2	1	93	93	1.112593415745778E-8	1	1	266	277	0	26	T
E6_BC54_consensus_vsearch	1424	C	Y	565	10	1.71%	2	2	93	93	9.387807192830865E-4	1	1	263	302	4	6	T
E6_BC54_consensus_vsearch	1425	A	R	549	13	2.24%	2	2	93	93	1.1379747226400809E-4	1	1	263	286	4	9	G
E6_BC54_consensus_vsearch	1431	T	Y	518	20	3.52%	2	2	93	93	7.966958354688352E-7	1	1	250	268	2	18	C
E6_BC54_consensus_vsearch	1431	T	K	518	17	2.99%	2	2	93	93	6.705377029224574E-6	1	1	250	268	1	16	C
E6_BC54_consensus_vsearch	1432	A	M	486	18	3.11%	2	2	93	93	3.2686788304768374E-6	1	1	211	275	1	17	C
E6_BC54_consensus_vsearch	1432	A	R	486	44	7.6%	2	2	93	93	2.2406970339613697E-14	1	1	211	275	41	3	G
E6_BC54_consensus_vsearch	1432	A	W	486	9	1.55%	2	1	93	93	0.001882784227427251	1	1	211	275	9	0	G
E6_BC54_consensus_vsearch	1434	A	R	547	15	2.59%	2	2	93	93	2.7761854936060023E-5	1	1	242	305	13	2	G
E6_BC54_consensus_vsearch	1435	C	Y	557	9	1.56%	2	2	93	93	0.001891533038997417	1	1	251	306	1	8	-T
E6_BC54_consensus_vsearch	1436	T	Y	548	16	2.78%	2	2	93	93	1.3698509562762899E-5	1	1	256	292	3	13	C
E6_BC54_consensus_vsearch	1438	A	R	567	9	1.54%	2	2	93	93	0.0018925934416486783	1	1	256	311	7	2	G
E6_BC54_consensus_vsearch	1440	A	R	535	9	1.54%	2	2	93	93	0.0018890641450573862	1	1	262	273	4	5	-G
E6_BC54_consensus_vsearch	1448	C	Y	527	14	2.4%	2	2	93	93	5.605210279030548E-5	1	1	226	301	3	11	-G
E6_BC54_consensus_vsearch	1452	T	Y	548	31	5.31%	2	1	93	93	3.082747556078146E-10	1	1	267	281	0	31	C
E6_BC54_consensus_vsearch	1454	T	Y	408	7	1.69%	2	2	93	93	0.007615790966496023	1	1	169	239	3	4	C
E6_BC54_consensus_vsearch	1461	T	W	495	8	1.55%	2	1	93	93	0.003798231318649962	1	1	256	239	8	0	A
E6_BC54_consensus_vsearch	1462	T	Y	549	9	1.55%	2	2	93	93	0.001890657588920399	1	1	256	293	5	4	-G
E6_BC54_consensus_vsearch	1463	G	R	554	12	2.11%	2	1	93	93	2.30175277560265E-4	1	1	246	308	12	0	A
E6_BC54_consensus_vsearch	1476	G	R	501	30	5.62%	2	1	93	93	6.110879963251393E-10	1	1	238	263	30	0	A
E6_BC54_consensus_vsearch	1479	T	Y	532	31	5.42%	2	2	93	93	3.0458191136033055E-10	1	1	257	275	6	25	C
E6_BC54_consensus_vsearch	1480	A	M	565	13	2.25%	2	2	93	93	1.1402118179950934E-4	1	1	264	301	1	12	C
E6_BC54_consensus_vsearch	1485	T	W	549	9	1.54%	2	2	93	93	0.001890657588920399	1	1	252	297	3	6	+G
E6_BC54_consensus_vsearch	1487	T	Y	526	28	4.93%	2	2	93	93	2.6254939567174794E-9	1	1	231	295	23	5	C
E6_BC54_consensus_vsearch	1490	A	R	578	7	1.19%	2	2	93	93	0.007672756476313913	1	1	266	312	4	3	G
E6_BC54_consensus_vsearch	1495	T	Y	560	7	1.21%	2	2	93	93	0.00766833597175537	1	1	268	292	2	5	C
E6_BC54_consensus_vsearch	1503	T	Y	530	7	1.2%	2	2	93	93	0.007660312408999644	1	1	246	284	1	6	-G
E6_BC54_consensus_vsearch	1505	G	R	578	7	1.19%	2	1	93	93	0.007672756476313913	1	1	264	314	7	0	A
E6_BC54_consensus_vsearch	1510	A	R	548	7	1.22%	2	2	93	93	0.007665230254675653	1	1	242	306	6	1	-G
E6_BC54_consensus_vsearch	1513	G	R	554	20	3.44%	2	1	93	93	8.058912423980617E-7	1	1	244	310	20	0	A
E6_BC54_consensus_vsearch	1514	C	Y	564	9	1.54%	2	2	93	93	0.0018922791743317562	1	1	258	306	2	7	-A
E6_BC54_consensus_vsearch	1516	T	K	562	11	1.89%	2	2	93	93	4.6519379419598136E-4	1	1	258	304	10	1	G
E6_BC54_consensus_vsearch	1517	T	Y	568	7	1.19%	2	2	93	93	0.007670334687803565	1	1	263	305	3	4	C
E6_BC54_consensus_vsearch	1518	G	R	553	20	3.43%	2	2	93	93	8.056503478234861E-7	1	1	246	307	19	1	A
E6_BC54_consensus_vsearch	1522	T	Y	541	26	4.48%	2	1	93	93	1.1114208710995455E-8	1	1	258	283	0	26	C
E6_BC54_consensus_vsearch	1522	T	K	541	11	1.9%	2	1	93	93	4.643291149889421E-4	1	1	258	283	11	0	C
E6_BC54_consensus_vsearch	1525	T	K	554	24	4.12%	2	1	93	93	4.671229737553726E-8	1	1	244	310	24	0	G
E6_BC54_consensus_vsearch	1535	A	R	573	8	1.37%	2	2	93	93	0.0038126509930167373	1	1	266	307	4	4	G
E6_BC54_consensus_vsearch	1556	T	Y	532	9	1.59%	2	2	93	93	0.0018887120592700076	1	1	252	280	4	5	C
E6_BC54_consensus_vsearch	1568	T	Y	550	10	1.74%	2	2	93	93	9.377805631370637E-4	1	1	269	281	1	9	-C
E6_BC54_consensus_vsearch	1573	T	Y	555	19	3.28%	2	2	93	93	1.6393715543553221E-6	1	1	267	288	2	17	C
E6_BC54_consensus_vsearch	1579	A	R	570	10	1.71%	2	2	93	93	9.39102740052465E-4	1	1	260	310	8	2	G
E6_BC54_consensus_vsearch	1587	G	R	526	23	3.95%	2	2	93	93	9.421921648565862E-8	1	1	230	296	19	4	-C
E6_BC54_consensus_vsearch	1592	T	Y	568	10	1.72%	2	2	93	93	9.389745926330508E-4	1	1	263	305	4	6	C
E6_BC54_consensus_vsearch	1595	T	Y	559	15	2.59%	2	2	93	93	2.7817544193169692E-5	1	1	257	302	6	9	C
E6_BC54_consensus_vsearch	1598	A	R	570	10	1.72%	2	2	93	93	9.39102740052465E-4	1	1	261	309	7	3	G
E6_BC54_consensus_vsearch	1606	C	Y	571	11	1.88%	2	2	93	93	4.655455542392171E-4	1	1	267	304	1	10	T
E6_BC54_consensus_vsearch	1618	C	Y	558	13	2.22%	2	1	93	93	1.1392481483944532E-4	1	1	268	290	0	13	T
E6_BC54_consensus_vsearch	1629	C	Y	552	11	1.88%	2	1	93	93	4.647899629526837E-4	1	1	258	294	0	11	-T
E6_BC54_consensus_vsearch	1631	T	W	556	9	1.54%	2	2	93	93	0.0018914249519062073	1	1	251	305	8	1	A
E6_BC54_consensus_vsearch	1632	A	R	572	7	1.2%	2	2	93	93	0.00767131340646626	1	1	265	307	4	3	G
E6_BC54_consensus_vsearch	1639	C	Y	496	11	2.04%	2	1	93	93	4.6223915846272447E-4	1	1	268	228	0	11	+T
E6_BC54_consensus_vsearch	1640	C	Y	471	29	4.97%	2	1	93	93	1.2263316550273314E-9	1	1	269	202	0	29	+T
E6_BC54_consensus_vsearch	1644	G	R	428	22	4.66%	2	1	93	93	1.8328704972318E-7	1	1	249	179	22	0	A
E6_BC54_consensus_vsearch	1644	G	K	428	20	4.24%	2	1	93	93	7.678029872918344E-7	1	1	249	179	0	20	A
E6_BC54_consensus_vsearch	1649	G	R	566	8	1.39%	2	1	93	93	0.003811516065223009	1	1	263	303	8	0	A
E6_BC54_consensus_vsearch	1650	G	R	565	10	1.71%	2	2	93	93	9.387807192830865E-4	1	1	271	294	1	9	A
E6_BC54_consensus_vsearch	1651	C	Y	551	7	1.21%	2	1	93	93	0.007666019161359943	1	1	266	285	0	7	-T
E6_BC54_consensus_vsearch	1655	G	R	440	63	12.07%	2	2	93	93	1.366101876812914E-20	1	1	198	242	61	2	A
E6_BC54_consensus_vsearch	1655	G	K	440	12	2.3%	2	1	93	93	2.267374617732365E-4	1	1	198	242	0	12	A
E6_BC54_consensus_vsearch	1656	G	R	560	14	2.43%	2	2	93	93	5.6330526991142806E-5	1	1	259	301	12	2	A
E6_BC54_consensus_vsearch	1657	G	R	569	7	1.2%	2	1	93	93	0.007670580637356587	1	1	271	298	0	7	A
E6_BC54_consensus_vsearch	1663	G	R	536	7	1.29%	2	2	93	93	0.007661987782401454	1	1	244	292	6	1	A
E6_BC54_consensus_vsearch	1667	A	R	570	12	2.05%	2	1	93	93	2.3055204810949474E-4	1	1	259	311	12	0	G
E6_BC54_consensus_vsearch	1676	T	Y	545	29	5.04%	2	2	93	93	1.296018145368008E-9	1	1	270	275	2	27	C
E6_BC54_consensus_vsearch	1682	T	Y	570	7	1.2%	2	1	93	93	0.007670825737374831	1	1	267	303	0	7	C
E6_BC54_consensus_vsearch	1686	A	W	458	8	1.64%	2	2	93	93	0.0037897152001668	1	1	154	304	1	7	+G
E6_BC54_consensus_vsearch	1689	T	Y	561	20	3.44%	2	2	93	93	8.075558512578247E-7	1	1	266	295	2	18	C
E6_BC54_consensus_vsearch	1691	G	R	557	21	3.63%	2	1	93	93	3.963209982025283E-7	1	1	249	308	21	0	A
E6_BC54_consensus_vsearch	1692	G	R	575	7	1.2%	2	2	93	93	0.007672038647635164	1	1	267	308	2	5	A
E6_BC54_consensus_vsearch	1697	A	R	571	9	1.53%	2	2	93	93	0.0018930074497425708	1	1	265	306	7	2	G
E6_BC54_consensus_vsearch	1701	G	R	567	8	1.39%	2	2	93	93	0.0038116798798562227	1	1	268	299	3	5	A
E6_BC54_consensus_vsearch	1703	T	Y	575	8	1.36%	2	2	93	93	0.0038129702806793094	1	1	267	308	3	5	C
E6_BC54_consensus_vsearch	1713	G	R	545	7	1.21%	2	2	93	93	0.007664432804486939	1	1	233	312	6	1	+A
E6_BC54_consensus_vsearch	1716	G	R	536	19	3.28%	2	1	93	93	1.6307524338237195E-6	1	1	235	301	19	0	A
E6_BC54_consensus_vsearch	1717	T	W	139	10	1.75%	2	2	93	93	8.355012934469695E-4	1	1	72	67	1	9	+A
E6_BC54_consensus_vsearch	1718	A	R	556	10	1.75%	2	2	93	93	9.381869124860784E-4	1	1	248	308	9	1	G
E6_BC54_consensus_vsearch	1721	G	R	504	10	1.75%	2	2	93	93	9.343541132389128E-4	1	1	203	301	6	4	+AA
E6_BC54_consensus_vsearch	1724	G	R	545	10	1.78%	2	2	93	93	9.374353074031662E-4	1	1	259	286	9	1	A
E6_BC54_consensus_vsearch	1727	A	R	562	8	1.37%	2	2	93	93	0.003810855092140287	1	1	260	302	7	1	G
E6_BC54_consensus_vsearch	1727	A	W	562	8	1.37%	2	2	93	93	0.003810855092140287	1	1	260	302	1	7	G
E6_BC54_consensus_vsearch	1728	C	Y	526	20	3.44%	2	2	93	93	7.988365299773187E-7	1	1	237	289	2	18	T
E6_BC54_consensus_vsearch	1739	T	Y	545	12	2.07%	2	2	93	93	2.2995401966340216E-4	1	1	251	294	2	10	C
E6_BC54_consensus_vsearch	1749	T	Y	564	7	1.2%	2	1	93	93	0.007669342305605016	1	1	271	293	0	7	C
E6_BC54_consensus_vsearch	1751	C	S	535	8	1.39%	2	1	93	93	0.0038061403627091955	1	1	267	268	0	8	+G
E6_BC54_consensus_vsearch	1751	C	Y	535	11	1.91%	2	1	93	93	4.640700413183075E-4	1	1	267	268	0	11	T
E6_BC54_consensus_vsearch	1761	A	R	569	8	1.37%	2	2	93	93	0.003812005815438782	1	1	259	310	6	2	G
E6_BC54_consensus_vsearch	1766	C	Y	572	9	1.54%	2	2	93	93	0.0018931100684577166	1	1	266	306	2	7	T
E6_BC54_consensus_vsearch	1771	T	Y	570	7	1.2%	2	2	93	93	0.007670825737374831	1	1	269	301	3	4	C
E6_BC54_consensus_vsearch	1775	A	R	563	8	1.39%	2	2	93	93	0.0038110211985538677	1	1	264	299	2	6	G
E6_BC54_consensus_vsearch	1784	C	Y	565	7	1.2%	2	2	93	93	0.007669591697725923	1	1	263	302	2	5	T
E6_BC54_consensus_vsearch	1790	T	Y	558	10	1.74%	2	1	93	93	9.383204768022652E-4	1	1	265	293	0	10	C
E6_BC54_consensus_vsearch	1791	T	Y	564	7	1.2%	2	2	93	93	0.007669342305605016	1	1	268	296	2	5	C
E6_BC54_consensus_vsearch	1795	T	Y	551	9	1.53%	2	2	93	93	0.0018908787761269387	1	1	268	283	2	7	-C
E6_BC54_consensus_vsearch	1798	C	Y	565	10	1.73%	2	2	93	93	9.387807192830865E-4	1	1	259	306	1	9	T
E6_BC54_consensus_vsearch	1800	T	Y	564	7	1.2%	2	2	93	93	0.007669342305605016	1	1	263	301	1	6	C
E6_BC54_consensus_vsearch	1809	C	Y	457	12	2.3%	2	1	93	93	2.273536540268607E-4	1	1	264	193	0	12	-T
E6_BC54_consensus_vsearch	1813	A	R	569	10	1.71%	2	1	93	93	9.390387757385067E-4	1	1	259	310	10	0	G
E6_BC54_consensus_vsearch	1815	A	R	559	16	2.73%	2	2	93	93	1.37271954373405E-5	1	1	253	306	14	2	G
E6_BC54_consensus_vsearch	1818	A	R	555	23	3.92%	2	1	93	93	9.536041968736587E-8	1	1	244	311	23	0	G
E6_BC54_consensus_vsearch	1830	T	Y	537	24	4.2%	2	2	93	93	4.636119012726158E-8	1	1	262	275	3	21	C
E6_BC54_consensus_vsearch	1831	G	R	551	8	1.37%	2	2	93	93	0.0038089889297735855	1	1	255	296	6	2	A
E6_BC54_consensus_vsearch	1831	G	S	551	8	1.37%	2	1	93	93	0.0038089889297735855	1	1	255	296	0	8	A
E6_BC54_consensus_vsearch	1832	T	W	542	10	1.75%	2	2	93	93	9.372251878177806E-4	1	1	255	287	2	8	A
E6_BC54_consensus_vsearch	1832	T	Y	542	7	1.22%	2	2	93	93	0.0076636266713165585	1	1	255	287	4	3	A
E6_BC54_consensus_vsearch	1838	T	Y	550	8	1.39%	2	2	93	93	0.003808815651854499	1	1	264	286	2	6	-C
E6_BC54_consensus_vsearch	1842	A	R	566	8	1.36%	2	2	93	93	0.003811516065223009	1	1	253	313	7	1	G
E6_BC54_consensus_vsearch	1844	C	Y	565	10	1.71%	2	1	93	93	9.387807192830865E-4	1	1	265	300	0	10	T
E6_BC54_consensus_vsearch	1845	G	R	554	14	2.41%	2	2	93	93	5.6282241107786643E-5	1	1	249	305	10	4	A
E6_BC54_consensus_vsearch	1861	G	K	568	9	1.54%	2	1	93	93	0.0018926974773018042	1	1	255	313	9	0	T
E6_BC54_consensus_vsearch	1865	G	K	472	7	1.43%	2	1	93	93	0.007641962449987148	1	1	237	235	7	0	T
E6_BC54_consensus_vsearch	1870	A	R	535	26	4.44%	2	2	93	93	1.1078594939954221E-8	1	1	228	307	24	2	G
E6_BC54_consensus_vsearch	1872	C	M	392	7	1.19%	2	1	93	93	0.007607942959128091	1	1	231	161	7	0	-T
E6_BC54_consensus_vsearch	1873	T	W	393	10	2.44%	2	1	93	93	9.229178835087009E-4	1	1	224	169	10	0	A
E6_BC54_consensus_vsearch	1874	T	Y	531	15	2.67%	2	2	93	93	2.7683931007376995E-5	1	1	221	310	12	3	C
E6_BC54_consensus_vsearch	1875	T	Y	561	13	2.24%	2	2	93	93	1.1396639596224394E-4	1	1	255	306	9	4	C
E6_BC54_consensus_vsearch	1884	C	Y	578	7	1.19%	2	1	93	93	0.007672756476313913	1	1	270	308	0	7	T
E6_BC54_consensus_vsearch	1913	T	Y	470	8	1.38%	2	1	93	93	0.0037926206375474623	1	1	225	245	0	8	-A
E6_BC54_consensus_vsearch	1914	A	M	505	7	1.36%	2	2	93	93	0.007652910705556474	1	1	230	275	3	4	C
E6_BC54_consensus_vsearch	1919	T	Y	565	18	3.07%	2	2	93	93	3.3388917550220514E-6	1	1	268	297	3	15	C
E6_BC54_consensus_vsearch	1920	T	Y	480	9	1.53%	2	2	93	93	0.0018819296258635499	1	1	247	233	3	6	-A
E6_BC54_consensus_vsearch	1924	A	R	567	9	1.53%	2	2	93	93	0.0018925934416486783	1	1	261	306	7	2	G
E6_BC54_consensus_vsearch	1929	C	Y	545	41	7%	2	1	93	93	2.202769486766441E-13	1	1	272	273	0	41	T
E6_BC54_consensus_vsearch	1934	G	R	569	11	1.89%	2	1	93	93	4.654683146367026E-4	1	1	255	314	11	0	A
E6_BC54_consensus_vsearch	1937	A	R	572	10	1.71%	2	1	93	93	9.39230016764963E-4	1	1	259	313	10	0	G
E6_BC54_consensus_vsearch	1954	C	Y	547	8	1.44%	2	2	93	93	0.003808292093894457	1	1	239	308	7	1	T
E6_BC54_consensus_vsearch	1958	T	Y	570	10	1.71%	2	2	93	93	9.39102740052465E-4	1	1	269	301	1	9	C
E6_BC54_consensus_vsearch	1970	G	R	546	15	2.58%	2	1	93	93	2.7757110370314073E-5	1	1	241	305	15	0	A
E6_BC54_consensus_vsearch	1971	T	W	535	11	1.94%	2	1	93	93	4.640700413183075E-4	1	1	252	283	0	11	A
E6_BC54_consensus_vsearch	1972	A	R	538	14	2.46%	2	2	93	93	5.6148499588288346E-5	1	1	243	295	11	3	G
E6_BC54_consensus_vsearch	1974	C	Y	535	12	2.13%	2	2	93	93	2.296998100207781E-4	1	1	244	291	2	10	T
E6_BC54_consensus_vsearch	1978	T	K	554	12	2.09%	2	1	93	93	2.30175277560265E-4	1	1	247	307	12	0	G
E6_BC54_consensus_vsearch	1980	G	R	571	11	1.88%	2	2	93	93	4.655455542392171E-4	1	1	261	310	7	4	A
E6_BC54_consensus_vsearch	1981	C	Y	556	23	3.93%	2	2	93	93	9.539792394068508E-8	1	1	268	288	1	22	T
E6_BC54_consensus_vsearch	1987	G	R	558	16	2.77%	2	1	93	93	1.3724631247983685E-5	1	1	247	311	16	0	A
E6_BC54_consensus_vsearch	1988	T	Y	541	10	1.72%	2	1	93	93	9.371546456216187E-4	1	1	256	285	0	10	-A
E6_BC54_consensus_vsearch	1991	T	Y	563	20	3.42%	2	2	93	93	8.080246049084051E-7	1	1	268	295	1	19	C
E6_BC54_consensus_vsearch	1997	T	K	520	52	9.03%	2	1	93	93	6.593693083833616E-17	1	1	209	311	52	0	G
E6_BC54_consensus_vsearch	2000	C	Y	569	7	1.2%	2	2	93	93	0.007670580637356587	1	1	262	307	1	6	T
E6_BC54_consensus_vsearch	2001	A	R	555	10	1.72%	2	2	93	93	9.381197798931408E-4	1	1	249	306	6	4	G
E6_BC54_consensus_vsearch	2008	A	R	565	10	1.72%	2	2	93	93	9.387807192830865E-4	1	1	259	306	8	2	G
E6_BC54_consensus_vsearch	2024	T	Y	512	10	1.9%	2	2	93	93	9.349928458845314E-4	1	1	265	247	4	6	C
E6_BC54_consensus_vsearch	2028	A	R	548	13	2.29%	2	2	93	93	1.1378307698217953E-4	1	1	239	309	12	1	G
E6_BC54_consensus_vsearch	2029	A	R	560	19	3.24%	2	1	93	93	1.6415513660007268E-6	1	1	247	313	19	0	G
E6_BC54_consensus_vsearch	2031	G	R	551	17	2.95%	2	1	93	93	6.756610190881624E-6	1	1	240	311	17	0	A
E6_BC54_consensus_vsearch	2032	C	Y	555	8	1.39%	2	2	93	93	0.0038096759220663046	1	1	255	300	1	7	T
E6_BC54_consensus_vsearch	2047	G	R	565	7	1.22%	2	1	93	93	0.007669591697725923	1	1	256	309	7	0	A
E6_BC54_consensus_vsearch	2049	T	Y	569	8	1.37%	2	2	93	93	0.003812005815438782	1	1	265	304	2	6	C
E6_BC54_consensus_vsearch	2054	C	Y	539	7	1.19%	2	1	93	93	0.007662811712528587	1	1	260	279	0	7	+G
E6_BC54_consensus_vsearch	2060	T	Y	566	14	2.4%	2	2	93	93	5.6377842156358585E-5	1	1	265	301	6	8	C
E6_BC54_consensus_vsearch	2061	A	R	574	7	1.19%	2	2	93	93	0.007671797729860669	1	1	267	307	2	5	G
E6_BC54_consensus_vsearch	2062	T	Y	568	7	1.2%	2	1	93	93	0.007670334687803565	1	1	269	299	0	7	C
E6_BC54_consensus_vsearch	2066	C	Y	532	33	5.62%	2	2	93	93	7.195209441894942E-11	1	1	256	276	5	28	T
E6_BC54_consensus_vsearch	2067	G	R	528	40	6.92%	2	2	93	93	4.4647397021678463E-13	1	1	220	308	39	1	A
E6_BC54_consensus_vsearch	2068	G	R	495	29	4.94%	2	2	93	93	1.2507100115471617E-9	1	1	184	311	28	1	A
E6_BC54_consensus_vsearch	2069	T	W	489	25	4.46%	2	1	93	93	2.210056205967693E-8	1	1	193	296	25	0	A
E6_BC54_consensus_vsearch	2069	T	Y	489	29	5.18%	2	2	93	93	1.2447893116143358E-9	1	1	193	296	10	19	C
E6_BC54_consensus_vsearch	2069	T	K	489	8	1.43%	2	1	93	93	0.0037969358900811403	1	1	193	296	8	0	C
E6_BC54_consensus_vsearch	2070	T	Y	482	27	4.6%	2	2	93	93	5.22910863496553E-9	1	1	195	287	23	4	-G
E6_BC54_consensus_vsearch	2071	G	S	525	7	1.29%	2	1	93	93	0.007658887507292351	1	1	211	314	7	0	C
E6_BC54_consensus_vsearch	2078	A	R	539	18	3.1%	2	2	93	93	3.3178617815960446E-6	1	1	251	288	7	11	G
E6_BC54_consensus_vsearch	2079	T	Y	533	24	4.14%	2	2	93	93	4.627579610948728E-8	1	1	248	285	10	14	C
E6_BC54_consensus_vsearch	2080	G	S	551	7	1.2%	2	2	93	93	0.007666019161359943	1	1	246	305	6	1	-A
E6_BC54_consensus_vsearch	2085	T	Y	569	8	1.36%	2	2	93	93	0.003812005815438782	1	1	264	305	5	3	+C
E6_BC54_consensus_vsearch	2090	A	R	576	9	1.54%	2	2	93	93	0.001893517063995506	1	1	264	312	8	1	G
E6_BC54_consensus_vsearch	2107	A	R	569	11	1.89%	2	2	93	93	4.654683146367026E-4	1	1	266	303	5	6	G
E6_BC54_consensus_vsearch	2108	A	R	558	7	1.19%	2	1	93	93	0.007667827480669072	1	1	261	297	0	7	-G
E6_BC54_consensus_vsearch	2119	A	R	565	10	1.72%	2	2	93	93	9.387807192830865E-4	1	1	257	308	8	2	G
E6_BC54_consensus_vsearch	2122	C	Y	308	250	44.33%	2	2	93	93	8.306937508870588E-92	1	1	155	153	114	136	T
E6_BC54_consensus_vsearch	2127	T	Y	479	71	12.48%	2	2	93	93	3.782271516658953E-23	1	1	251	228	3	68	C
E6_BC54_consensus_vsearch	2128	G	R	563	18	3.09%	2	2	93	93	3.337337378734891E-6	1	1	253	310	15	3	A
E6_BC54_consensus_vsearch	2129	C	Y	572	7	1.2%	2	1	93	93	0.00767131340646626	1	1	268	304	0	7	T
E6_BC54_consensus_vsearch	2130	C	Y	552	8	1.36%	2	1	93	93	0.0038091615924873046	1	1	265	287	0	8	-G
E6_BC54_consensus_vsearch	2133	C	Y	490	10	1.78%	2	2	93	93	9.331878021836545E-4	1	1	246	244	1	9	+T
E6_BC54_consensus_vsearch	2135	T	Y	500	10	1.88%	2	2	93	93	9.340273303059306E-4	1	1	260	240	1	9	C
E6_BC54_consensus_vsearch	2136	A	R	544	12	2.09%	2	2	93	93	2.2992900204191565E-4	1	1	247	297	8	4	G
E6_BC54_consensus_vsearch	2138	C	Y	540	10	1.72%	2	2	93	93	9.370838500036545E-4	1	1	243	297	3	7	-G
E6_BC54_consensus_vsearch	2143	C	Y	570	11	1.88%	2	2	93	93	4.6550699991566706E-4	1	1	269	301	1	10	T
E6_BC54_consensus_vsearch	2146	C	Y	555	11	1.91%	2	2	93	93	4.649125876501121E-4	1	1	258	297	2	9	T
E6_BC54_consensus_vsearch	2149	T	Y	562	9	1.56%	2	2	93	93	0.0018920678437260767	1	1	262	300	5	4	C
E6_BC54_consensus_vsearch	2154	G	R	566	12	2.05%	2	2	93	93	2.3045977381397776E-4	1	1	257	309	10	2	A
E6_BC54_consensus_vsearch	2155	T	Y	533	48	8.25%	2	1	93	93	1.2908388479607337E-15	1	1	270	263	0	48	C
E6_BC54_consensus_vsearch	2157	G	R	569	8	1.37%	2	2	93	93	0.003812005815438782	1	1	266	303	1	7	A
E6_BC54_consensus_vsearch	2158	C	S	535	16	2.74%	2	1	93	93	1.3663192825097823E-5	1	1	254	281	0	16	G
E6_BC54_consensus_vsearch	2158	C	Y	535	12	2.06%	2	2	93	93	2.296998100207781E-4	1	1	254	281	1	11	G
E6_BC54_consensus_vsearch	2163	C	Y	570	8	1.37%	2	1	93	93	0.003812167942212529	1	1	266	304	0	8	T
E6_BC54_consensus_vsearch	2169	C	Y	523	27	4.71%	2	1	93	93	5.372487197153554E-9	1	1	270	253	0	27	T
E6_BC54_consensus_vsearch	2171	T	Y	522	51	8.79%	2	2	93	93	1.3862342430750903E-16	1	1	265	257	1	50	C
E6_BC54_consensus_vsearch	2173	G	R	514	9	1.7%	2	2	93	93	0.0018865155062670598	1	1	258	256	8	1	A
E6_BC54_consensus_vsearch	2185	T	Y	538	30	5.19%	2	2	93	93	6.285576257613659E-10	1	1	261	277	3	27	C
E6_BC54_consensus_vsearch	2187	A	R	559	7	1.22%	2	2	93	93	0.007668082173792139	1	1	249	310	4	3	G
E6_BC54_consensus_vsearch	2193	G	R	564	11	1.88%	2	2	93	93	4.6527290034786725E-4	1	1	258	306	10	1	A
E6_BC54_consensus_vsearch	2194	T	Y	528	49	8.4%	2	2	93	93	6.129029026299326E-16	1	1	265	263	3	46	C
E6_BC54_consensus_vsearch	2196	G	R	561	13	2.26%	2	2	93	93	1.1396639596224394E-4	1	1	256	305	11	2	A
E6_BC54_consensus_vsearch	2211	A	R	555	7	1.19%	2	2	93	93	0.007667057982678975	1	1	264	291	4	3	-C
E6_BC54_consensus_vsearch	2214	G	S	562	14	2.41%	2	1	93	93	5.634640511578813E-5	1	1	268	294	0	14	C
E6_BC54_consensus_vsearch	2215	G	R	563	18	3.07%	2	2	93	93	3.337337378734891E-6	1	1	268	295	1	17	A
E6_BC54_consensus_vsearch	2216	C	Y	553	15	2.58%	2	2	93	93	2.7789983577292E-5	1	1	264	289	1	14	T
E6_BC54_consensus_vsearch	2217	T	Y	542	15	2.6%	2	2	93	93	2.7737967724850722E-5	1	1	249	293	4	11	C
E6_BC54_consensus_vsearch	2230	G	R	567	9	1.55%	2	1	93	93	0.0018925934416486783	1	1	258	309	9	0	A
E6_BC54_consensus_vsearch	2231	C	Y	568	7	1.2%	2	2	93	93	0.007670334687803565	1	1	263	305	2	5	T
E6_BC54_consensus_vsearch	2236	A	R	567	8	1.37%	2	1	93	93	0.0038116798798562227	1	1	257	310	8	0	G
E6_BC54_consensus_vsearch	2243	T	W	472	15	3.05%	2	1	93	93	2.7354108112592933E-5	1	1	243	229	15	0	A
E6_BC54_consensus_vsearch	2244	T	Y	532	14	2.41%	2	2	93	93	5.6096386514828166E-5	1	1	253	279	9	5	C
E6_BC54_consensus_vsearch	2245	G	R	448	107	19.14%	2	1	93	93	2.142244781655348E-35	1	1	163	285	107	0	A
E6_BC54_consensus_vsearch	2246	G	R	563	8	1.39%	2	2	93	93	0.0038110211985538677	1	1	263	300	6	2	A
E6_BC54_consensus_vsearch	2252	T	Y	330	228	40.21%	2	2	93	93	3.7510539768841634E-82	1	1	147	183	120	108	C
E6_BC54_consensus_vsearch	2265	A	R	566	11	1.89%	2	2	93	93	4.653514663553586E-4	1	1	263	303	6	5	G
E6_BC54_consensus_vsearch	2267	T	Y	550	32	5.49%	2	2	93	93	1.5024778824394835E-10	1	1	267	283	3	29	C
E6_BC54_consensus_vsearch	2274	T	Y	572	7	1.2%	2	2	93	93	0.00767131340646626	1	1	264	308	3	4	C
E6_BC54_consensus_vsearch	2289	G	R	442	109	19.5%	2	1	93	93	4.0701499869749804E-36	1	1	152	290	109	0	A
E6_BC54_consensus_vsearch	2290	G	R	566	8	1.37%	2	1	93	93	0.003811516065223009	1	1	254	312	8	0	+A
E6_BC54_consensus_vsearch	2291	G	K	565	7	1.19%	2	1	93	93	0.007669591697725923	1	1	255	310	7	0	T
E6_BC54_consensus_vsearch	2292	T	Y	548	27	4.66%	2	1	93	93	5.451258522341729E-9	1	1	264	284	0	27	C
E6_BC54_consensus_vsearch	2293	T	Y	563	7	1.2%	2	2	93	93	0.007669092041544023	1	1	264	299	5	2	C
E6_BC54_consensus_vsearch	2296	C	Y	500	53	9.2%	2	1	93	93	2.99991375884093E-17	1	1	269	231	0	53	T
E6_BC54_consensus_vsearch	2298	C	Y	517	23	4.05%	2	1	93	93	9.384262656155772E-8	1	1	262	255	0	23	T
E6_BC54_consensus_vsearch	2299	G	R	512	13	2.24%	2	2	93	93	1.1322926863571583E-4	1	1	264	248	4	9	+T
E6_BC54_consensus_vsearch	2300	C	Y	500	16	2.86%	2	1	93	93	1.3559657002942529E-5	1	1	267	233	0	16	-T
E6_BC54_consensus_vsearch	2302	C	Y	391	38	8.76%	2	1	93	93	1.5439367027814672E-12	1	1	138	253	0	38	T
E6_BC54_consensus_vsearch	2303	C	Y	545	14	2.39%	2	1	93	93	5.620792585693959E-5	1	1	267	278	0	14	-T
E6_BC54_consensus_vsearch	2304	T	Y	551	10	1.76%	2	2	93	93	9.378488845021741E-4	1	1	264	287	1	9	C
E6_BC54_consensus_vsearch	2312	T	Y	569	7	1.22%	2	2	93	93	0.007670580637356587	1	1	269	300	1	6	C
E6_BC54_consensus_vsearch	2319	A	R	552	29	4.98%	2	2	93	93	1.3018382609076876E-9	1	1	241	311	27	2	G
E6_BC54_consensus_vsearch	2322	C	Y	570	7	1.19%	2	2	93	93	0.007670825737374831	1	1	271	299	1	6	-T
E6_BC54_consensus_vsearch	2325	T	W	538	8	1.42%	2	1	93	93	0.0038066871088034355	1	1	241	297	8	0	A
E6_BC54_consensus_vsearch	2327	A	R	554	16	2.76%	2	2	93	93	1.3714288136134782E-5	1	1	244	310	14	2	G
E6_BC54_consensus_vsearch	2334	C	Y	532	8	1.37%	2	2	93	93	0.003805587578891379	1	1	232	300	4	4	-AC
E6_BC54_consensus_vsearch	2337	C	Y	546	25	4.26%	2	1	93	93	2.2785138419145426E-8	1	1	272	274	0	25	T
E6_BC54_consensus_vsearch	2338	T	Y	557	11	1.9%	2	2	93	93	4.6499362882328774E-4	1	1	262	295	1	10	C
E6_BC54_consensus_vsearch	2341	A	R	550	15	2.56%	2	1	93	93	2.7775991350855617E-5	1	1	253	297	15	0	G
E6_BC54_consensus_vsearch	2344	C	Y	458	27	4.81%	2	2	93	93	5.135740696905451E-9	1	1	243	215	11	16	T
E6_BC54_consensus_vsearch	2345	G	R	434	76	14.42%	2	2	93	93	6.454330292766584E-25	1	1	189	245	75	1	A
E6_BC54_consensus_vsearch	2345	G	K	434	7	1.33%	2	1	93	93	0.007627335039353406	1	1	189	245	0	7	A
E6_BC54_consensus_vsearch	2346	G	R	548	11	1.93%	2	2	93	93	4.6462444777002886E-4	1	1	268	280	2	9	A
E6_BC54_consensus_vsearch	2348	T	Y	531	33	5.72%	2	2	93	93	7.188889833348968E-11	1	1	267	264	1	32	C
E6_BC54_consensus_vsearch	2349	A	R	514	8	1.41%	2	2	93	93	0.0038021382913158916	1	1	260	254	7	1	-G
E6_BC54_consensus_vsearch	2354	T	Y	563	7	1.21%	2	2	93	93	0.007669092041544023	1	1	265	298	2	5	C
E6_BC54_consensus_vsearch	2355	A	R	542	7	1.2%	2	2	93	93	0.0076636266713165585	1	1	242	300	6	1	-C
E6_BC54_consensus_vsearch	2358	C	Y	559	11	1.87%	2	1	93	93	4.6507410995373774E-4	1	1	261	298	0	11	T
E6_BC54_consensus_vsearch	2360	C	M	563	8	1.38%	2	2	93	93	0.0038110211985538677	1	1	259	304	6	2	A
E6_BC54_consensus_vsearch	2361	T	Y	550	20	3.44%	2	2	93	93	8.049229409776382E-7	1	1	264	286	3	17	C
E6_BC54_consensus_vsearch	2366	T	Y	491	12	2.36%	2	2	93	93	2.284638344760842E-4	1	1	183	308	9	3	C
E6_BC54_consensus_vsearch	2367	T	Y	553	9	1.55%	2	2	93	93	0.0018910984026092464	1	1	249	304	8	1	C
E6_BC54_consensus_vsearch	2370	G	R	560	15	2.6%	2	1	93	93	2.782208360962169E-5	1	1	253	307	15	0	A
E6_BC54_consensus_vsearch	2379	T	Y	557	7	1.2%	2	2	93	93	0.007667571887622288	1	1	260	297	5	2	C
E6_BC54_consensus_vsearch	2388	G	R	493	9	1.55%	2	2	93	93	0.001883755692535608	1	1	198	295	8	1	-A
E6_BC54_consensus_vsearch	2396	A	R	552	11	1.88%	2	2	93	93	4.647899629526837E-4	1	1	254	298	10	1	G
E6_BC54_consensus_vsearch	2398	T	Y	543	16	2.8%	2	2	93	93	1.3685112619426907E-5	1	1	254	289	7	9	C
E6_BC54_consensus_vsearch	2400	A	R	560	12	2.05%	2	2	93	93	2.3031898910607474E-4	1	1	255	305	11	1	G
E6_BC54_consensus_vsearch	2401	C	Y	560	8	1.38%	2	2	93	93	0.0038105211348542487	1	1	254	306	2	6	-A
E6_BC54_consensus_vsearch	2408	T	Y	300	10	1.7%	2	2	93	93	9.071662784920035E-4	1	1	94	206	5	5	C
E6_BC54_consensus_vsearch	2430	C	Y	411	13	2.58%	2	2	93	93	1.1118956033481172E-4	1	1	258	153	1	12	T
E6_BC54_consensus_vsearch	2431	G	R	412	27	5.91%	2	2	93	93	4.933318177194983E-9	1	1	243	169	26	1	A
E6_BC54_consensus_vsearch	2431	G	K	412	15	3.28%	2	1	93	93	2.6929497109171117E-5	1	1	243	169	0	15	A
E6_BC54_consensus_vsearch	2432	G	K	555	7	1.24%	2	1	93	93	0.007667057982678975	1	1	271	284	0	7	T
E6_BC54_consensus_vsearch	2437	A	R	568	7	1.2%	2	2	93	93	0.007670334687803565	1	1	258	310	4	3	G
E6_BC54_consensus_vsearch	2455	G	R	562	10	1.73%	2	2	93	93	9.385848358637225E-4	1	1	261	301	9	1	A
E6_BC54_consensus_vsearch	2456	G	R	569	12	2.05%	2	2	93	93	2.305290963962864E-4	1	1	267	302	2	10	A
E6_BC54_consensus_vsearch	2457	C	Y	560	9	1.55%	2	1	93	93	0.001891855040132679	1	1	266	294	0	9	T
E6_BC54_consensus_vsearch	2458	G	R	564	9	1.57%	2	2	93	93	0.0018922791743317562	1	1	258	306	8	1	A
E6_BC54_consensus_vsearch	2462	T	Y	543	8	1.37%	2	2	93	93	0.003807585201342346	1	1	242	301	2	6	-C
E6_BC54_consensus_vsearch	2465	G	R	561	8	1.4%	2	2	93	93	0.0038106884052637497	1	1	265	296	7	1	A
E6_BC54_consensus_vsearch	2467	C	Y	567	9	1.55%	2	2	93	93	0.0018925934416486783	1	1	269	298	2	7	T
E6_BC54_consensus_vsearch	2468	C	M	569	9	1.55%	2	1	93	93	0.0018928011559758858	1	1	272	297	0	9	A
E6_BC54_consensus_vsearch	2474	A	R	546	23	4%	2	1	93	93	9.501751396424676E-8	1	1	233	313	23	0	G
E6_BC54_consensus_vsearch	2476	T	Y	564	12	2.05%	2	2	93	93	2.3041316524587076E-4	1	1	260	304	1	11	C
E6_BC54_consensus_vsearch	2476	T	K	564	8	1.37%	2	1	93	93	0.0038111867275475823	1	1	260	304	8	0	C
E6_BC54_consensus_vsearch	2478	G	R	551	26	4.48%	2	1	93	93	1.1172124416054001E-8	1	1	242	309	26	0	A
E6_BC54_consensus_vsearch	2480	A	R	560	9	1.58%	2	1	93	93	0.001891855040132679	1	1	247	313	9	0	G
E6_BC54_consensus_vsearch	2481	A	R	573	10	1.71%	2	2	93	93	9.392933313754103E-4	1	1	259	314	9	1	G
E6_BC54_consensus_vsearch	2483	T	K	561	13	2.25%	2	1	93	93	1.1396639596224394E-4	1	1	249	312	13	0	G
E6_BC54_consensus_vsearch	2494	T	Y	567	8	1.38%	2	1	93	93	0.0038116798798562227	1	1	271	296	0	8	C
E6_BC54_consensus_vsearch	2495	T	Y	571	14	2.39%	2	1	93	93	5.6416550871607475E-5	1	1	272	299	0	14	C
E6_BC54_consensus_vsearch	2502	G	R	530	14	2.41%	2	2	93	93	5.607876775587383E-5	1	1	229	301	12	2	-C
E6_BC54_consensus_vsearch	2504	C	Y	550	15	2.56%	2	2	93	93	2.7775991350855617E-5	1	1	263	287	5	10	-G
E6_BC54_consensus_vsearch	2505	G	K	549	11	1.93%	2	1	93	93	4.646660447990897E-4	1	1	264	285	0	11	T
E6_BC54_consensus_vsearch	2510	T	Y	563	12	2.08%	2	2	93	93	2.303897416995595E-4	1	1	267	296	2	10	C
E6_BC54_consensus_vsearch	2511	G	R	576	7	1.2%	2	2	93	93	0.007672278741851824	1	1	266	310	5	2	A
E6_BC54_consensus_vsearch	2514	A	R	493	15	2.67%	2	2	93	93	2.747994541480643E-5	1	1	226	267	9	6	G
E6_BC54_consensus_vsearch	2514	A	W	493	8	1.43%	2	1	93	93	0.0037978029338962315	1	1	226	267	8	0	G
E6_BC54_consensus_vsearch	2515	C	S	476	16	2.84%	2	1	93	93	1.3480544192748738E-5	1	1	216	260	16	0	-AA
E6_BC54_consensus_vsearch	2515	C	Y	476	24	4.26%	2	2	93	93	4.492813497102114E-8	1	1	216	260	21	3	T
E6_BC54_consensus_vsearch	2516	A	R	488	24	4.54%	2	2	93	93	4.5233870064583964E-8	1	1	227	261	23	1	G
E6_BC54_consensus_vsearch	2517	A	R	511	11	1.98%	2	2	93	93	4.6297518094279196E-4	1	1	236	275	9	2	-G
E6_BC54_consensus_vsearch	2517	A	W	511	7	1.26%	2	1	93	93	0.007654752016185241	1	1	236	275	0	7	-G
E6_BC54_consensus_vsearch	2555	C	Y	535	33	5.63%	2	2	93	93	7.214063692601874E-11	1	1	266	269	1	32	T
E6_BC54_consensus_vsearch	2557	T	W	560	9	1.55%	2	1	93	93	0.001891855040132679	1	1	267	293	0	9	A
E6_BC54_consensus_vsearch	2557	T	Y	560	8	1.37%	2	2	93	93	0.0038105211348542487	1	1	267	293	1	7	A
E6_BC54_consensus_vsearch	2562	T	Y	545	8	1.37%	2	2	93	93	0.003807939918250496	1	1	259	286	3	5	-G
E6_BC54_consensus_vsearch	2566	A	R	536	9	1.55%	2	2	93	93	0.001889180653273128	1	1	260	276	5	4	+G
E6_BC54_consensus_vsearch	2578	G	R	560	7	1.2%	2	2	93	93	0.00766833597175537	1	1	265	295	3	4	+C
E6_BC54_consensus_vsearch	2580	T	Y	556	10	1.74%	2	2	93	93	9.381869124860784E-4	1	1	263	293	2	8	C
E6_BC54_consensus_vsearch	2582	T	K	540	8	1.39%	2	1	93	93	0.003807048300577348	1	1	255	285	0	8	+G
E6_BC54_consensus_vsearch	2584	C	Y	534	30	5.21%	2	1	93	93	6.267599709760973E-10	1	1	258	276	0	30	T
E6_BC54_consensus_vsearch	2605	A	R	563	11	1.89%	2	2	93	93	4.652334151374629E-4	1	1	256	307	8	3	G
E6_BC54_consensus_vsearch	2610	T	Y	566	9	1.56%	2	2	93	93	0.0018924890471757854	1	1	263	303	3	6	C
E6_BC54_consensus_vsearch	2613	G	S	557	15	2.57%	2	1	93	93	2.7808419370312574E-5	1	1	265	292	0	15	C
E6_BC54_consensus_vsearch	2614	T	W	550	17	2.93%	2	1	93	93	6.755141177084072E-6	1	1	260	290	0	17	A
E6_BC54_consensus_vsearch	2617	T	K	546	12	2.14%	2	2	93	93	2.2997894938551927E-4	1	1	235	311	11	1	G
E6_BC54_consensus_vsearch	2619	G	R	542	36	6.14%	2	2	93	93	8.292733517944618E-12	1	1	235	307	33	3	A
E6_BC54_consensus_vsearch	2620	C	Y	558	10	1.72%	2	2	93	93	9.383204768022652E-4	1	1	258	300	1	9	-A
E6_BC54_consensus_vsearch	2621	A	R	552	14	2.43%	2	2	93	93	5.626592492019193E-5	1	1	245	307	13	1	G
E6_BC54_consensus_vsearch	2635	G	R	529	10	1.78%	2	1	93	93	9.362879739115975E-4	1	1	229	300	10	0	+T
E6_BC54_consensus_vsearch	2644	C	Y	563	8	1.37%	2	1	93	93	0.0038110211985538677	1	1	271	292	0	8	-T
E6_BC54_consensus_vsearch	2653	C	Y	566	8	1.37%	2	1	93	93	0.003811516065223009	1	1	265	301	0	8	T
E6_BC54_consensus_vsearch	2654	T	Y	563	12	2.07%	2	1	93	93	2.303897416995595E-4	1	1	271	292	0	12	C
E6_BC54_consensus_vsearch	2658	T	Y	577	8	1.36%	2	2	93	93	0.0038132873975118887	1	1	270	307	1	7	C
E6_BC54_consensus_vsearch	2672	C	Y	555	26	4.43%	2	1	93	93	1.1194801558231206E-8	1	1	270	285	0	26	T
E6_BC54_consensus_vsearch	2676	A	R	560	8	1.38%	2	1	93	93	0.0038105211348542487	1	1	257	303	8	0	-G
E6_BC54_consensus_vsearch	2678	C	Y	556	16	2.74%	2	2	93	93	1.3719477049808263E-5	1	1	262	294	4	12	T
E6_BC54_consensus_vsearch	2684	A	R	575	7	1.19%	2	2	93	93	0.007672038647635164	1	1	268	307	3	4	G
E6_BC54_consensus_vsearch	2686	T	Y	572	8	1.37%	2	1	93	93	0.0038124905281564036	1	1	270	302	0	8	C
E6_BC54_consensus_vsearch	2689	C	Y	570	8	1.37%	2	1	93	93	0.003812167942212529	1	1	267	303	0	8	T
E6_BC54_consensus_vsearch	2709	A	R	578	7	1.19%	2	2	93	93	0.007672756476313913	1	1	268	310	4	3	G
E6_BC54_consensus_vsearch	2732	T	Y	561	17	2.9%	2	1	93	93	6.771033620181891E-6	1	1	269	292	0	17	C
E6_BC54_consensus_vsearch	2734	C	Y	560	9	1.56%	2	1	93	93	0.001891855040132679	1	1	263	297	0	9	T
E6_BC54_consensus_vsearch	2744	C	Y	568	14	2.4%	2	2	93	93	5.639340320250585E-5	1	1	270	298	1	13	T
E6_BC54_consensus_vsearch	2747	G	R	572	7	1.19%	2	2	93	93	0.00767131340646626	1	1	270	302	1	6	A
E6_BC54_consensus_vsearch	2755	A	R	565	14	2.39%	2	1	93	93	5.6370022462689414E-5	1	1	252	313	14	0	G
E6_BC54_consensus_vsearch	2758	C	Y	521	13	2.25%	2	1	93	93	1.1337454285865033E-4	1	1	242	279	0	13	-T
E6_BC54_consensus_vsearch	2760	T	W	528	7	1.24%	2	2	93	93	0.007659745632203721	1	1	231	297	6	1	+G
E6_BC54_consensus_vsearch	2771	G	R	554	18	3.09%	2	2	93	93	3.330215336670318E-6	1	1	264	290	5	13	A
E6_BC54_consensus_vsearch	2772	C	Y	544	22	3.82%	2	1	93	93	1.936399503759091E-7	1	1	266	278	0	22	T
E6_BC54_consensus_vsearch	2780	G	R	552	8	1.42%	2	1	93	93	0.0038091615924873046	1	1	261	291	8	0	A
E6_BC54_consensus_vsearch	2789	C	Y	481	7	1.42%	2	2	93	93	0.007645094571574461	1	1	213	268	1	6	T
E6_BC54_consensus_vsearch	2792	C	Y	516	64	10.9%	2	2	93	93	8.612903495963104E-21	1	1	271	245	1	63	T
E6_BC54_consensus_vsearch	2800	C	Y	565	8	1.37%	2	2	93	93	0.0038113516821029324	1	1	267	298	2	6	T
E6_BC54_consensus_vsearch	2802	G	R	561	10	1.74%	2	2	93	93	9.385190892979372E-4	1	1	261	300	7	3	A
E6_BC54_consensus_vsearch	2803	G	R	551	10	1.72%	2	2	93	93	9.378488845021741E-4	1	1	259	292	6	4	A
E6_BC54_consensus_vsearch	2803	G	S	551	14	2.4%	2	1	93	93	5.625772476863774E-5	1	1	259	292	0	14	C
E6_BC54_consensus_vsearch	2807	C	Y	566	9	1.56%	2	1	93	93	0.0018924890471757854	1	1	272	294	0	9	T
E6_BC54_consensus_vsearch	2814	T	Y	490	18	3.35%	2	2	93	93	3.272727261978208E-6	1	1	263	227	1	17	C
E6_BC54_consensus_vsearch	2815	G	R	548	10	1.77%	2	2	93	93	9.376431945058487E-4	1	1	261	287	9	1	A
E6_BC54_consensus_vsearch	2817	T	Y	556	26	4.47%	2	1	93	93	1.1200428148041529E-8	1	1	269	287	0	26	C
E6_BC54_consensus_vsearch	2821	C	Y	529	10	1.71%	2	2	93	93	9.362879739115975E-4	1	1	260	269	2	8	-G
E6_BC54_consensus_vsearch	2822	G	K	534	7	1.28%	2	1	93	93	0.007661433438157596	1	1	260	274	0	7	T
E6_BC54_consensus_vsearch	2823	G	R	575	7	1.19%	2	1	93	93	0.007672038647635164	1	1	264	311	7	0	A
E6_BC54_consensus_vsearch	2824	G	R	568	7	1.19%	2	2	93	93	0.007670334687803565	1	1	257	311	4	3	A
E6_BC54_consensus_vsearch	2835	T	Y	477	7	1.43%	2	2	93	93	0.0076437168376962865	1	1	181	296	4	3	C
E6_BC54_consensus_vsearch	2838	T	Y	545	14	2.39%	2	2	93	93	5.620792585693959E-5	1	1	260	285	3	11	-G
E6_BC54_consensus_vsearch	2842	C	Y	542	39	6.67%	2	2	93	93	9.404526487107843E-13	1	1	269	273	2	37	T
E6_BC54_consensus_vsearch	2844	T	Y	563	11	1.89%	2	2	93	93	4.652334151374629E-4	1	1	259	304	3	8	C
E6_BC54_consensus_vsearch	2858	C	Y	569	7	1.21%	2	2	93	93	0.007670580637356587	1	1	267	302	1	6	T
E6_BC54_consensus_vsearch	2864	T	Y	567	9	1.54%	2	2	93	93	0.0018925934416486783	1	1	266	301	2	7	C
E6_BC54_consensus_vsearch	2866	T	Y	538	9	1.62%	2	2	93	93	0.0018894124030413505	1	1	257	281	3	6	C
E6_BC54_consensus_vsearch	2867	G	R	546	7	1.26%	2	2	93	93	0.0076646995790388295	1	1	253	293	6	1	A
E6_BC54_consensus_vsearch	2870	A	W	552	9	1.59%	2	1	93	93	0.0018909887834267728	1	1	251	301	0	9	T
E6_BC54_consensus_vsearch	2875	C	Y	565	8	1.36%	2	1	93	93	0.0038113516821029324	1	1	269	296	0	8	T
E6_BC54_consensus_vsearch	2879	T	Y	559	11	1.89%	2	1	93	93	4.6507410995373774E-4	1	1	260	299	0	11	C
E6_BC54_consensus_vsearch	2880	G	R	576	7	1.19%	2	2	93	93	0.007672278741851824	1	1	264	312	6	1	A
E6_BC54_consensus_vsearch	2882	G	R	549	11	1.92%	2	2	93	93	4.646660447990897E-4	1	1	245	304	9	2	A
E6_BC54_consensus_vsearch	2883	T	Y	533	16	2.81%	2	1	93	93	1.36576172302143E-5	1	1	242	291	0	16	C
E6_BC54_consensus_vsearch	2883	T	K	533	8	1.41%	2	1	93	93	0.003805772517181644	1	1	242	291	8	0	C
E6_BC54_consensus_vsearch	2884	T	Y	567	7	1.19%	2	2	93	93	0.007670087884333406	1	1	257	310	5	2	C
E6_BC54_consensus_vsearch	2885	A	M	561	8	1.36%	2	2	93	93	0.0038106884052637497	1	1	253	308	7	1	C
E6_BC54_consensus_vsearch	2885	A	R	561	7	1.19%	2	2	93	93	0.007668588879253857	1	1	253	308	4	3	C
E6_BC54_consensus_vsearch	2886	T	Y	554	11	1.89%	2	2	93	93	4.6487185521555614E-4	1	1	245	309	9	2	C
E6_BC54_consensus_vsearch	2887	A	R	553	12	2.07%	2	1	93	93	2.3015103466465746E-4	1	1	253	300	12	0	-G
E6_BC54_consensus_vsearch	2894	T	Y	514	38	6.82%	2	2	93	93	1.881608574480191E-12	1	1	270	244	1	37	C
E6_BC54_consensus_vsearch	2898	G	R	565	8	1.38%	2	1	93	93	0.0038113516821029324	1	1	258	307	8	0	A
E6_BC54_consensus_vsearch	2900	A	R	570	11	1.88%	2	1	93	93	4.6550699991566706E-4	1	1	259	311	11	0	G
E6_BC54_consensus_vsearch	2905	T	Y	535	17	3.06%	2	1	93	93	6.732498005838406E-6	1	1	269	266	0	17	C
E6_BC54_consensus_vsearch	2907	G	R	574	9	1.54%	2	2	93	93	0.0018933142585401675	1	1	265	309	7	2	A
E6_BC54_consensus_vsearch	2910	C	Y	488	7	1.19%	2	2	93	93	0.007647452247954883	1	1	258	230	1	6	-G
E6_BC54_consensus_vsearch	2911	G	R	454	41	7.99%	2	2	93	93	1.9168775695125885E-13	1	1	227	227	40	1	A
E6_BC54_consensus_vsearch	2911	G	K	454	15	2.92%	2	1	93	93	2.7237653284454335E-5	1	1	227	227	0	15	A
E6_BC54_consensus_vsearch	2912	G	K	554	8	1.4%	2	1	93	93	0.0038095050853976346	1	1	267	287	0	8	T
E6_BC54_consensus_vsearch	2925	G	R	558	22	3.77%	2	1	93	93	1.946333044263995E-7	1	1	248	310	22	0	A
E6_BC54_consensus_vsearch	2934	C	Y	565	10	1.7%	2	2	93	93	9.387807192830865E-4	1	1	261	304	3	7	T
E6_BC54_consensus_vsearch	2935	A	R	564	8	1.37%	2	2	93	93	0.0038111867275475823	1	1	263	301	5	3	-G
E6_BC54_consensus_vsearch	2941	G	R	561	9	1.54%	2	1	93	93	0.0018919616270182597	1	1	256	305	9	0	A
E6_BC54_consensus_vsearch	2948	T	Y	561	19	3.26%	2	2	93	93	1.6419830881071052E-6	1	1	267	294	2	17	C
E6_BC54_consensus_vsearch	2950	G	R	553	19	3.29%	2	2	93	93	1.6384896061410626E-6	1	1	250	303	15	4	A
E6_BC54_consensus_vsearch	2953	G	R	564	9	1.55%	2	1	93	93	0.0018922791743317562	1	1	258	306	9	0	A
E6_BC54_consensus_vsearch	2956	A	R	570	10	1.72%	2	2	93	93	9.39102740052465E-4	1	1	260	310	9	1	G
E6_BC54_consensus_vsearch	2960	C	Y	529	8	1.38%	2	1	93	93	0.003805028656772291	1	1	256	273	0	8	-T
E6_BC54_consensus_vsearch	2966	A	R	575	9	1.53%	2	2	93	93	0.0018934158334647266	1	1	265	310	7	2	G
E6_BC54_consensus_vsearch	2969	A	R	541	11	1.92%	2	2	93	93	4.643291149889421E-4	1	1	230	311	10	1	-C
E6_BC54_consensus_vsearch	2970	C	S	554	9	1.58%	2	1	93	93	0.0018912076357286557	1	1	244	310	9	0	G
E6_BC54_consensus_vsearch	2972	C	Y	558	21	3.58%	2	2	93	93	3.9644991182852906E-7	1	1	270	288	1	20	T
E6_BC54_consensus_vsearch	2981	A	R	571	11	1.88%	2	2	93	93	4.655455542392171E-4	1	1	259	312	10	1	G
E6_BC54_consensus_vsearch	2990	A	R	543	8	1.44%	2	2	93	93	0.003807585201342346	1	1	245	298	3	5	G
E6_BC54_consensus_vsearch	2992	G	R	531	7	1.27%	2	1	93	93	0.007660594223165221	1	1	230	301	7	0	A
E6_BC54_consensus_vsearch	2996	T	Y	575	7	1.19%	2	2	93	93	0.007672038647635164	1	1	266	309	3	4	C
E6_BC54_consensus_vsearch	3004	G	R	561	7	1.2%	2	1	93	93	0.007668588879253857	1	1	269	292	0	7	-CG
E6_BC54_consensus_vsearch	3005	C	Y	540	19	3.33%	2	1	93	93	1.6326126540539844E-6	1	1	264	276	0	19	T
E6_BC54_consensus_vsearch	3006	G	R	548	7	1.22%	2	2	93	93	0.007665230254675653	1	1	262	286	2	5	-TG
E6_BC54_consensus_vsearch	3008	G	R	550	8	1.41%	2	2	93	93	0.003808815651854499	1	1	262	288	6	2	A
E6_BC54_consensus_vsearch	3016	T	Y	572	7	1.21%	2	2	93	93	0.00767131340646626	1	1	271	301	1	6	C
E6_BC54_consensus_vsearch	3018	G	R	551	9	1.6%	2	2	93	93	0.0018908787761269387	1	1	250	301	8	1	A
E6_BC54_consensus_vsearch	3019	G	S	522	8	1.37%	2	1	93	93	0.0038037000521996237	1	1	217	305	0	8	+A
E6_BC54_consensus_vsearch	3033	G	R	562	9	1.57%	2	2	93	93	0.0018920678437260767	1	1	266	296	2	7	A
E6_BC54_consensus_vsearch	3041	T	Y	556	17	2.92%	2	2	93	93	6.763881916699506E-6	1	1	260	296	1	16	C
E6_BC54_consensus_vsearch	3044	A	R	568	7	1.22%	2	2	93	93	0.007670334687803565	1	1	264	304	2	5	G
E6_BC54_consensus_vsearch	3055	G	R	476	67	12.25%	2	1	93	93	7.735042019172197E-22	1	1	187	289	67	0	A
E6_BC54_consensus_vsearch	3056	G	R	564	15	2.59%	2	2	93	93	2.784008976528302E-5	1	1	254	310	14	1	A
E6_BC54_consensus_vsearch	3065	A	R	545	22	3.83%	2	2	93	93	1.937123907246917E-7	1	1	241	304	18	4	G
E6_BC54_consensus_vsearch	3066	C	Y	481	14	2.44%	2	2	93	93	5.5604110352241374E-5	1	1	233	248	1	13	-G
E6_BC54_consensus_vsearch	3067	G	K	513	10	1.88%	2	2	93	93	9.350713309727379E-4	1	1	244	269	1	9	T
E6_BC54_consensus_vsearch	3070	G	R	540	13	2.28%	2	2	93	93	1.1366608651978876E-4	1	1	236	304	11	2	A
E6_BC54_consensus_vsearch	3072	C	Y	557	9	1.54%	2	2	93	93	0.001891533038997417	1	1	267	290	2	7	+A
E6_BC54_consensus_vsearch	3075	C	Y	540	28	4.79%	2	2	93	93	2.648804807338248E-9	1	1	268	272	2	26	T
E6_BC54_consensus_vsearch	3086	G	R	550	7	1.24%	2	2	93	93	0.007665757133253386	1	1	254	296	5	2	A
E6_BC54_consensus_vsearch	3087	C	M	561	7	1.2%	2	1	93	93	0.007668588879253857	1	1	255	306	7	0	A
E6_BC54_consensus_vsearch	3088	T	Y	539	7	1.22%	2	1	93	93	0.007662811712528587	1	1	242	297	0	7	-G
E6_BC54_consensus_vsearch	3090	A	R	526	10	1.84%	2	1	93	93	9.360653175925267E-4	1	1	219	307	10	0	G
E6_BC54_consensus_vsearch	3091	A	R	537	18	3.17%	2	2	93	93	3.3161669603931005E-6	1	1	228	309	16	2	G
E6_BC54_consensus_vsearch	3093	T	Y	547	15	2.66%	2	2	93	93	2.7761854936060023E-5	1	1	251	296	2	13	C
E6_BC54_consensus_vsearch	3097	C	Y	562	10	1.71%	2	2	93	93	9.385848358637225E-4	1	1	262	300	1	9	T
E6_BC54_consensus_vsearch	3121	T	Y	522	15	2.65%	2	2	93	93	2.763813248083922E-5	1	1	252	270	2	13	-A
E6_BC54_consensus_vsearch	3122	A	R	523	10	1.8%	2	2	93	93	9.358401860391775E-4	1	1	258	265	7	3	-G
E6_BC54_consensus_vsearch	3133	C	Y	523	36	6.13%	2	2	93	93	8.130579936972026E-12	1	1	253	270	4	32	T
E6_BC54_consensus_vsearch	3143	T	W	568	7	1.2%	2	1	93	93	0.007670334687803565	1	1	266	302	0	7	A
E6_BC54_consensus_vsearch	3154	T	Y	552	16	2.77%	2	2	93	93	1.3709064155419347E-5	1	1	264	288	2	14	C
E6_BC54_consensus_vsearch	3158	T	Y	564	8	1.38%	2	2	93	93	0.0038111867275475823	1	1	257	307	2	6	C
E6_BC54_consensus_vsearch	3161	G	R	550	9	1.54%	2	2	93	93	0.0018907683786527404	1	1	240	310	7	2	A
E6_BC54_consensus_vsearch	3162	G	K	559	16	2.73%	2	1	93	93	1.37271954373405E-5	1	1	255	304	16	0	T
E6_BC54_consensus_vsearch	3167	G	R	567	9	1.54%	2	1	93	93	0.0018925934416486783	1	1	259	308	9	0	A
E6_BC54_consensus_vsearch	3169	C	Y	553	10	1.72%	2	1	93	93	9.379848076918366E-4	1	1	254	299	0	10	T
E6_BC54_consensus_vsearch	3170	A	R	239	7	1.22%	2	2	93	93	0.0074817700326852326	1	1	160	79	3	4	-G
E6_BC54_consensus_vsearch	3176	A	R	554	11	1.88%	2	2	93	93	4.6487185521555614E-4	1	1	265	289	6	5	+T
E6_BC54_consensus_vsearch	3181	G	R	541	7	1.25%	2	2	93	93	0.007663356006147005	1	1	255	286	4	3	+A
E6_BC54_consensus_vsearch	3183	T	Y	557	11	1.88%	2	2	93	93	4.6499362882328774E-4	1	1	262	295	2	9	-G
E6_BC54_consensus_vsearch	3192	G	R	537	34	5.92%	2	2	93	93	3.508770285345225E-11	1	1	237	300	32	2	A
E6_BC54_consensus_vsearch	3193	T	W	514	7	1.22%	2	1	93	93	0.007655656829790728	1	1	240	274	0	7	-A
E6_BC54_consensus_vsearch	3193	T	Y	514	22	3.83%	2	2	93	93	1.91352500753559E-7	1	1	240	274	2	20	C
E6_BC54_consensus_vsearch	3196	C	Y	539	8	1.38%	2	2	93	93	0.0038068680328523356	1	1	240	299	4	4	+TT
E6_BC54_consensus_vsearch	3199	T	Y	564	14	2.4%	2	2	93	93	5.636217648008678E-5	1	1	267	297	1	13	C
E6_BC54_consensus_vsearch	3207	T	Y	520	8	1.48%	2	2	93	93	0.0038033140209771956	1	1	257	263	4	4	C
E6_BC54_consensus_vsearch	3208	G	S	519	8	1.49%	2	1	93	93	0.003803119913505049	1	1	252	267	8	0	C
E6_BC54_consensus_vsearch	3213	T	Y	535	37	6.37%	2	2	93	93	3.987291853297938E-12	1	1	264	271	3	34	C
E6_BC54_consensus_vsearch	3228	G	R	525	9	1.67%	2	2	93	93	0.0018878752807627672	1	1	249	276	8	1	A
E6_BC54_consensus_vsearch	3231	T	Y	559	22	3.77%	2	2	93	93	1.9470258079362864E-7	1	1	269	290	1	21	C
E6_BC54_consensus_vsearch	3239	C	Y	545	14	2.4%	2	2	93	93	5.620792585693959E-5	1	1	258	287	2	12	T
E6_BC54_consensus_vsearch	3247	T	Y	556	11	1.91%	2	2	93	93	4.6495317860755615E-4	1	1	264	292	1	10	C
E6_BC54_consensus_vsearch	3249	A	R	576	7	1.19%	2	1	93	93	0.007672278741851824	1	1	265	311	7	0	G
E6_BC54_consensus_vsearch	3252	G	S	555	7	1.19%	2	1	93	93	0.007667057982678975	1	1	246	309	7	0	-A
E6_BC54_consensus_vsearch	3263	T	Y	569	8	1.37%	2	2	93	93	0.003812005815438782	1	1	266	303	1	7	C
E6_BC54_consensus_vsearch	3274	T	Y	531	31	5.41%	2	1	93	93	3.043454524880013E-10	1	1	269	262	0	31	C
E6_BC54_consensus_vsearch	3278	G	R	519	9	1.62%	2	2	93	93	0.0018871405447592163	1	1	227	292	8	1	-AA
E6_BC54_consensus_vsearch	3282	T	Y	561	9	1.57%	2	2	93	93	0.0018919616270182597	1	1	263	298	1	8	C
E6_BC54_consensus_vsearch	3304	T	Y	570	7	1.19%	2	2	93	93	0.007670825737374831	1	1	269	301	2	5	C
E6_BC54_consensus_vsearch	3306	A	R	561	8	1.39%	2	2	93	93	0.0038106884052637497	1	1	267	294	2	6	G
E6_BC54_consensus_vsearch	3307	T	Y	565	11	1.89%	2	2	93	93	4.6531225052335137E-4	1	1	269	296	1	10	C
E6_BC54_consensus_vsearch	3313	T	Y	567	16	2.74%	2	2	93	93	1.3747404729208327E-5	1	1	271	296	1	15	C
E6_BC54_consensus_vsearch	3316	T	Y	552	9	1.55%	2	2	93	93	0.0018909887834267728	1	1	252	300	2	7	-ATGT
E6_BC54_consensus_vsearch	3320	T	Y	520	9	1.65%	2	2	93	93	0.0018872641475916499	1	1	250	270	3	6	C
E6_BC54_consensus_vsearch	3342	C	Y	541	7	1.22%	2	1	93	93	0.007663356006147005	1	1	257	284	0	7	+T
E6_BC54_consensus_vsearch	3344	T	Y	505	29	5.12%	2	2	93	93	1.2603335008373105E-9	1	1	242	263	1	28	C
E6_BC54_consensus_vsearch	3347	G	R	558	16	2.78%	2	1	93	93	1.3724631247983685E-5	1	1	252	306	16	0	A
E6_BC54_consensus_vsearch	3355	A	R	566	13	2.22%	2	2	93	93	1.1403476275553268E-4	1	1	256	310	11	2	G
E6_BC54_consensus_vsearch	3357	G	R	571	7	1.2%	2	2	93	93	0.007671069992311274	1	1	267	304	4	3	A
E6_BC54_consensus_vsearch	3362	T	Y	542	11	1.98%	2	2	93	93	4.643717559554366E-4	1	1	235	307	8	3	C
E6_BC54_consensus_vsearch	3363	T	Y	575	7	1.2%	2	2	93	93	0.007672038647635164	1	1	268	307	1	6	C
E6_BC54_consensus_vsearch	3376	A	R	571	11	1.87%	2	2	93	93	4.655455542392171E-4	1	1	263	308	9	2	G
E6_BC54_consensus_vsearch	3384	T	Y	571	11	1.87%	2	2	93	93	4.655455542392171E-4	1	1	267	304	1	10	C
E6_BC54_consensus_vsearch	3389	A	R	571	7	1.2%	2	2	93	93	0.007671069992311274	1	1	261	310	6	1	G
E6_BC54_consensus_vsearch	3394	C	Y	570	11	1.87%	2	2	93	93	4.6550699991566706E-4	1	1	260	310	9	2	T
E6_BC54_consensus_vsearch	3395	A	R	569	7	1.2%	2	1	93	93	0.007670580637356587	1	1	260	309	7	0	G
E6_BC54_consensus_vsearch	3400	G	R	527	40	6.9%	2	1	93	93	4.4589361209098216E-13	1	1	214	313	40	0	A
E6_BC54_consensus_vsearch	3401	G	R	495	7	1.19%	2	2	93	93	0.007649744439361974	1	1	188	307	6	1	-T
E6_BC54_consensus_vsearch	3401	G	K	495	7	1.19%	2	1	93	93	0.007649744439361974	1	1	188	307	7	0	-T
E6_BC54_consensus_vsearch	3408	A	R	496	63	10.82%	2	2	93	93	1.702400417140984E-20	1	1	192	304	59	4	G
E6_BC54_consensus_vsearch	3409	G	R	450	46	8.13%	2	2	93	93	4.7592139414690684E-15	1	1	146	304	45	1	+A
E6_BC54_consensus_vsearch	3410	T	Y	566	11	1.89%	2	1	93	93	4.653514663553586E-4	1	1	266	300	0	11	C
E6_BC54_consensus_vsearch	3411	T	Y	555	7	1.19%	2	2	93	93	0.007667057982678975	1	1	257	298	3	4	+A
E6_BC54_consensus_vsearch	3416	C	Y	533	44	7.51%	2	1	93	93	2.424509037185525E-14	1	1	270	263	0	44	T
E6_BC54_consensus_vsearch	3420	T	Y	568	7	1.2%	2	2	93	93	0.007670334687803565	1	1	267	301	1	6	C
E6_BC54_consensus_vsearch	3422	C	Y	512	7	1.19%	2	1	93	93	0.007655054778413619	1	1	267	245	0	7	+A
E6_BC54_consensus_vsearch	3433	T	Y	559	10	1.75%	2	2	93	93	9.383869109591451E-4	1	1	266	293	1	9	C
E6_BC54_consensus_vsearch	3434	T	Y	573	12	2.04%	2	1	93	93	2.3062044129554138E-4	1	1	271	302	0	12	C
E6_BC54_consensus_vsearch	3452	G	R	541	9	1.61%	2	2	93	93	0.0018897568952923375	1	1	260	281	8	1	A
E6_BC54_consensus_vsearch	3456	A	R	565	8	1.36%	2	2	93	93	0.0038113516821029324	1	1	266	299	2	6	G
E6_BC54_consensus_vsearch	3461	A	R	575	8	1.37%	2	1	93	93	0.0038129702806793094	1	1	261	314	8	0	G
E6_BC54_consensus_vsearch	3462	A	R	571	13	2.21%	2	2	93	93	1.1410198610539891E-4	1	1	260	311	11	2	G
E6_BC54_consensus_vsearch	3465	G	R	561	18	3.09%	2	1	93	93	3.3357728293002333E-6	1	1	252	309	18	0	A
E6_BC54_consensus_vsearch	3469	A	R	545	7	1.26%	2	2	93	93	0.007664432804486939	1	1	235	310	4	3	G
E6_BC54_consensus_vsearch	3472	C	Y	447	12	2.15%	2	2	93	93	2.2699658258221208E-4	1	1	254	193	2	10	-G
E6_BC54_consensus_vsearch	3473	G	R	407	87	17.33%	2	1	93	93	1.0125155527976644E-28	1	1	177	230	87	0	A
E6_BC54_consensus_vsearch	3474	G	K	543	18	3.16%	2	2	93	93	3.321217144230967E-6	1	1	264	279	2	16	T
E6_BC54_consensus_vsearch	3479	A	R	562	8	1.39%	2	2	93	93	0.003810855092140287	1	1	254	308	1	7	G
E6_BC54_consensus_vsearch	3482	C	Y	534	34	5.8%	2	2	93	93	3.499115209013541E-11	1	1	264	270	2	32	T
E6_BC54_consensus_vsearch	3485	A	R	574	7	1.2%	2	2	93	93	0.007671797729860669	1	1	266	308	3	4	G
E6_BC54_consensus_vsearch	3496	A	R	555	8	1.37%	2	2	93	93	0.0038096759220663046	1	1	255	300	6	2	-G
E6_BC54_consensus_vsearch	3497	G	K	548	7	1.22%	2	1	93	93	0.007665230254675653	1	1	256	292	0	7	T
E6_BC54_consensus_vsearch	3498	G	K	567	9	1.54%	2	2	93	93	0.0018925934416486783	1	1	264	303	8	1	T
E6_BC54_consensus_vsearch	3525	C	Y	562	15	2.56%	2	2	93	93	2.783111683740202E-5	1	1	265	297	4	11	T
E6_BC54_consensus_vsearch	3526	A	R	553	10	1.72%	2	2	93	93	9.379848076918366E-4	1	1	265	288	5	5	G
E6_BC54_consensus_vsearch	3534	T	Y	572	10	1.7%	2	2	93	93	9.39230016764963E-4	1	1	267	305	4	6	C
E6_BC54_consensus_vsearch	3536	T	Y	539	42	7.2%	2	2	93	93	1.0542631327271887E-13	1	1	269	270	1	41	C
E6_BC54_consensus_vsearch	3552	G	R	520	54	9.2%	2	1	93	93	1.500850092222321E-17	1	1	209	311	54	0	A
E6_BC54_consensus_vsearch	3554	A	R	548	12	2.07%	2	2	93	93	2.3002854697407773E-4	1	1	256	292	10	2	-G
E6_BC54_consensus_vsearch	3558	C	Y	565	10	1.71%	2	2	93	93	9.387807192830865E-4	1	1	270	295	1	9	T
E6_BC54_consensus_vsearch	3559	G	R	569	13	2.22%	2	2	93	93	1.1407523213728538E-4	1	1	258	311	11	2	A
E6_BC54_consensus_vsearch	3564	C	Y	568	7	1.2%	2	1	93	93	0.007670334687803565	1	1	265	303	0	7	T
E6_BC54_consensus_vsearch	3565	C	Y	563	17	2.9%	2	2	93	93	6.773861357899011E-6	1	1	268	295	2	15	T
E6_BC54_consensus_vsearch	3567	T	Y	493	7	1.22%	2	2	93	93	0.007649096049982589	1	1	238	255	3	4	-G
E6_BC54_consensus_vsearch	3570	A	M	517	8	1.48%	2	2	93	93	0.003802729494186316	1	1	239	278	1	7	C
E6_BC54_consensus_vsearch	3573	T	Y	563	9	1.53%	2	2	93	93	0.0018921736921997058	1	1	259	304	2	7	C
E6_BC54_consensus_vsearch	3574	C	Y	559	9	1.55%	2	1	93	93	0.0018917480811367516	1	1	264	295	0	9	T
E6_BC54_consensus_vsearch	3575	G	K	561	15	2.59%	2	1	93	93	2.782660779890985E-5	1	1	268	293	0	15	T
E6_BC54_consensus_vsearch	3581	C	Y	558	15	2.56%	2	1	93	93	2.7812989472506812E-5	1	1	265	293	0	15	T
E6_BC54_consensus_vsearch	3583	C	Y	563	7	1.21%	2	2	93	93	0.007669092041544023	1	1	257	306	5	2	T
E6_BC54_consensus_vsearch	3584	T	Y	540	9	1.56%	2	1	93	93	0.0018896424791788363	1	1	247	293	0	9	-A
E6_BC54_consensus_vsearch	3585	A	R	552	8	1.42%	2	2	93	93	0.0038091615924873046	1	1	247	305	5	3	G
E6_BC54_consensus_vsearch	3586	A	R	375	10	1.71%	2	1	93	93	9.204527288502928E-4	1	1	227	148	10	0	-GGGT
E6_BC54_consensus_vsearch	3586	A	W	375	25	4.27%	2	1	93	93	2.0240285265845466E-8	1	1	227	148	0	25	T
E6_BC54_consensus_vsearch	3588	G	R	171	45	8.14%	2	2	93	93	2.1960806645546457E-15	1	1	45	126	15	30	+A
E6_BC54_consensus_vsearch	3590	T	W	29	28	6.33%	2	2	93	93	4.365803468927205E-11	1	1	12	17	14	14	-G
E6_BC54_consensus_vsearch	3591	G	R	32	122	61.62%	2	2	93	93	3.981312537303475E-56	1	1	3	29	11	111	A
E6_BC54_consensus_vsearch	3593	T	W	529	20	3.47%	2	1	93	93	7.996243562345829E-7	1	1	265	264	0	20	A
E6_BC54_consensus_vsearch	3593	T	Y	529	8	1.39%	2	2	93	93	0.003805028656772291	1	1	265	264	2	6	A
E6_BC54_consensus_vsearch	3594	G	R	554	9	1.57%	2	2	93	93	0.0018912076357286557	1	1	262	292	1	8	A
E6_BC54_consensus_vsearch	3595	T	W	540	13	2.25%	2	1	93	93	1.1366608651978876E-4	1	1	256	284	0	13	A
E6_BC54_consensus_vsearch	3595	T	Y	540	14	2.42%	2	2	93	93	5.616562721441904E-5	1	1	256	284	9	5	C
E6_BC54_consensus_vsearch	3598	C	Y	541	21	3.62%	2	2	93	93	3.9420085500254253E-7	1	1	267	274	2	19	T
E6_BC54_consensus_vsearch	3600	A	R	563	7	1.2%	2	1	93	93	0.007669092041544023	1	1	261	302	7	0	+C
E6_BC54_consensus_vsearch	3607	T	Y	540	29	5.02%	2	2	93	93	1.2917873928460167E-9	1	1	267	273	3	26	C
E6_BC54_consensus_vsearch	3610	C	Y	548	7	1.2%	2	1	93	93	0.007665230254675653	1	1	250	298	0	7	+A
E6_BC54_consensus_vsearch	3619	T	Y	563	15	2.58%	2	2	93	93	2.7835610801038993E-5	1	1	267	296	1	14	C
E6_BC54_consensus_vsearch	3625	T	Y	574	7	1.2%	2	2	93	93	0.007671797729860669	1	1	269	305	2	5	C
E6_BC54_consensus_vsearch	3644	A	R	527	10	1.76%	2	2	93	93	9.361398093691576E-4	1	1	265	262	6	4	G
E6_BC54_consensus_vsearch	3644	A	W	527	30	5.28%	2	1	93	93	6.23563010196217E-10	1	1	265	262	0	30	T
E6_BC54_consensus_vsearch	3648	T	Y	513	27	4.62%	2	2	93	93	5.3392317453221515E-9	1	1	260	253	1	26	C
E6_BC54_consensus_vsearch	3649	G	R	509	16	2.89%	2	2	93	93	1.3587541319210762E-5	1	1	225	284	15	1	A
E6_BC54_consensus_vsearch	3650	T	Y	523	10	1.85%	2	1	93	93	9.358401860391775E-4	1	1	249	274	0	10	C
E6_BC54_consensus_vsearch	3651	T	Y	566	10	1.72%	2	2	93	93	9.388455655418633E-4	1	1	261	305	2	8	C
E6_BC54_consensus_vsearch	3652	A	R	547	10	1.72%	2	2	93	93	9.375741446597724E-4	1	1	241	306	8	2	-C
E6_BC54_consensus_vsearch	3654	C	Y	559	8	1.38%	2	2	93	93	0.0038103532778841847	1	1	262	297	1	7	+T
E6_BC54_consensus_vsearch	3655	C	Y	539	33	5.67%	2	2	93	93	7.238961275772269E-11	1	1	263	276	2	31	T
E6_BC54_consensus_vsearch	3669	A	R	572	14	2.39%	2	2	93	93	5.642421556871879E-5	1	1	261	311	11	3	G
E6_BC54_consensus_vsearch	3679	A	R	569	10	1.71%	2	2	93	93	9.390387757385067E-4	1	1	261	308	7	3	G
E6_BC54_consensus_vsearch	3684	T	Y	567	7	1.22%	2	2	93	93	0.007670087884333406	1	1	266	301	1	6	C
E6_BC54_consensus_vsearch	3692	T	Y	546	26	4.44%	2	1	93	93	1.1143387905785374E-8	1	1	260	286	0	26	C
E6_BC54_consensus_vsearch	3697	A	R	497	18	3.11%	2	2	93	93	3.279669696978984E-6	1	1	190	307	17	1	-G
E6_BC54_consensus_vsearch	3698	G	R	508	9	1.72%	2	1	93	93	0.001885749651219382	1	1	199	309	9	0	A
E6_BC54_consensus_vsearch	3699	G	R	555	23	3.95%	2	1	93	93	9.536041968736587E-8	1	1	245	310	23	0	A
E6_BC54_consensus_vsearch	3710	G	R	553	7	1.2%	2	2	93	93	0.00766654042031271	1	1	254	299	4	3	A
E6_BC54_consensus_vsearch	3711	C	Y	493	28	4.84%	2	2	93	93	2.566394267481016E-9	1	1	247	246	8	20	T
E6_BC54_consensus_vsearch	3722	T	Y	533	15	2.63%	2	2	93	93	2.7693911463208213E-5	1	1	246	287	6	9	-G
E6_BC54_consensus_vsearch	3723	G	R	539	23	4.06%	2	2	93	93	9.474394843009294E-8	1	1	246	293	21	2	A
E6_BC54_consensus_vsearch	3726	A	R	553	17	2.96%	2	2	93	93	6.759533476367155E-6	1	1	250	303	11	6	G
E6_BC54_consensus_vsearch	3734	C	Y	493	38	6.51%	2	1	93	93	1.8314110832609098E-12	1	1	263	230	0	38	T
E6_BC54_consensus_vsearch	3735	G	R	527	12	2.17%	2	2	93	93	2.294897895056846E-4	1	1	251	276	10	2	A
E6_BC54_consensus_vsearch	3735	G	K	527	9	1.63%	2	1	93	93	0.001888116570402175	1	1	251	276	0	9	A
E6_BC54_consensus_vsearch	3736	G	R	534	7	1.2%	2	2	93	93	0.007661433438157596	1	1	255	279	5	2	+A
E6_BC54_consensus_vsearch	3736	G	S	534	29	4.97%	2	1	93	93	1.286627481399863E-9	1	1	255	279	0	29	C
E6_BC54_consensus_vsearch	3738	T	Y	492	21	3.79%	2	2	93	93	3.869553518994864E-7	1	1	265	227	3	18	-G
E6_BC54_consensus_vsearch	3743	C	Y	549	15	2.57%	2	1	93	93	2.777129534313746E-5	1	1	263	286	0	15	T
E6_BC54_consensus_vsearch	3744	G	R	527	46	8%	2	2	93	93	5.546996393113199E-15	1	1	223	304	44	2	A
E6_BC54_consensus_vsearch	3745	G	R	571	10	1.72%	2	2	93	93	9.391664866947025E-4	1	1	261	310	8	2	A
E6_BC54_consensus_vsearch	3752	A	R	562	15	2.57%	2	1	93	93	2.783111683740202E-5	1	1	253	309	15	0	G
E6_BC54_consensus_vsearch	3757	A	R	565	9	1.54%	2	1	93	93	0.0018923842920326984	1	1	252	313	9	0	G
E6_BC54_consensus_vsearch	3764	G	R	545	10	1.76%	2	2	93	93	9.374353074031662E-4	1	1	251	294	9	1	+A
E6_BC54_consensus_vsearch	3773	A	R	553	7	1.23%	2	2	93	93	0.00766654042031271	1	1	258	295	4	3	G
E6_BC54_consensus_vsearch	3775	C	Y	536	11	1.89%	2	2	93	93	4.6411360868119984E-4	1	1	257	279	6	5	-A
E6_BC54_consensus_vsearch	3779	T	Y	566	17	2.9%	2	2	93	93	6.7780682447583325E-6	1	1	268	298	1	16	C
E6_BC54_consensus_vsearch	3787	T	Y	541	15	2.61%	2	2	93	93	2.7733140540321765E-5	1	1	264	277	1	14	C
E6_BC54_consensus_vsearch	3791	A	R	571	7	1.19%	2	2	93	93	0.007671069992311274	1	1	266	305	3	4	G
E6_BC54_consensus_vsearch	3795	T	W	539	21	3.71%	2	1	93	93	3.9392798623314776E-7	1	1	245	294	21	0	A
E6_BC54_consensus_vsearch	3796	T	Y	568	7	1.2%	2	2	93	93	0.007670334687803565	1	1	263	305	4	3	C
E6_BC54_consensus_vsearch	3803	T	Y	540	19	3.28%	2	2	93	93	1.6326126540539844E-6	1	1	259	281	1	18	C
E6_BC54_consensus_vsearch	3808	T	Y	496	21	3.61%	2	2	93	93	3.875939264491516E-7	1	1	263	233	2	19	-G
E6_BC54_consensus_vsearch	3824	G	R	572	8	1.37%	2	2	93	93	0.0038124905281564036	1	1	263	309	6	2	A
E6_BC54_consensus_vsearch	3832	C	Y	568	8	1.36%	2	2	93	93	0.003811843128951762	1	1	263	305	1	7	T
E6_BC54_consensus_vsearch	3835	T	K	572	13	2.21%	2	1	93	93	1.141152960809769E-4	1	1	259	313	13	0	G
E6_BC54_consensus_vsearch	3850	C	M	566	7	1.21%	2	2	93	93	0.007669840222466952	1	1	264	302	4	3	A
E6_BC54_consensus_vsearch	3851	C	Y	540	29	4.97%	2	2	93	93	1.2917873928460167E-9	1	1	267	273	3	26	T
E6_BC54_consensus_vsearch	3857	T	Y	538	9	1.56%	2	2	93	93	0.0018894124030413505	1	1	242	296	2	7	-A
E6_BC54_consensus_vsearch	3865	A	R	563	9	1.54%	2	2	93	93	0.0018921736921997058	1	1	257	306	7	2	G
E6_BC54_consensus_vsearch	3867	G	R	329	18	3.07%	2	2	93	93	3.0424774726021465E-6	1	1	148	181	14	4	+AA
E6_BC54_consensus_vsearch	3868	G	K	235	10	1.7%	2	2	93	93	8.892517004154109E-4	1	1	122	113	4	6	+AGCT
E6_BC54_consensus_vsearch	3869	C	M	345	10	1.7%	2	1	93	93	9.157990771671169E-4	1	1	146	199	0	10	+TC
E6_BC54_consensus_vsearch	3869	C	Y	345	7	1.19%	2	1	93	93	0.007580787381458834	1	1	146	199	0	7	+TC
E6_BC54_consensus_vsearch	3870	C	M	538	10	1.7%	2	1	93	93	9.369414930158851E-4	1	1	270	268	0	10	+T
E6_BC54_consensus_vsearch	3870	C	Y	538	17	2.9%	2	1	93	93	6.737119865640817E-6	1	1	270	268	0	17	T
E6_BC54_consensus_vsearch	3872	T	Y	554	12	2.1%	2	2	93	93	2.30175277560265E-4	1	1	264	290	2	10	C
E6_BC54_consensus_vsearch	3873	T	Y	569	11	1.88%	2	2	93	93	4.654683146367026E-4	1	1	270	299	1	10	C
E6_BC54_consensus_vsearch	3885	G	R	496	13	2.3%	2	2	93	93	1.1295865742239655E-4	1	1	248	248	7	6	+C
E6_BC54_consensus_vsearch	3893	G	R	566	11	1.89%	2	2	93	93	4.653514663553586E-4	1	1	257	309	8	3	A
E6_BC54_consensus_vsearch	3895	G	R	572	7	1.2%	2	2	93	93	0.00767131340646626	1	1	262	310	5	2	A
E6_BC54_consensus_vsearch	3896	T	Y	574	7	1.19%	2	2	93	93	0.007671797729860669	1	1	270	304	1	6	C
E6_BC54_consensus_vsearch	3909	G	R	365	8	2.12%	2	2	93	93	0.0037609158733080306	1	1	117	248	7	1	A
E6_BC54_consensus_vsearch	3915	G	R	565	13	2.22%	2	2	93	93	1.1402118179950934E-4	1	1	254	311	12	1	A
E6_BC54_consensus_vsearch	3917	C	Y	554	21	3.6%	2	1	93	93	3.9593177226547966E-7	1	1	267	287	0	21	T
E6_BC54_consensus_vsearch	3919	T	Y	573	10	1.71%	2	2	93	93	9.392933313754103E-4	1	1	269	304	1	9	C
E6_BC54_consensus_vsearch	3921	A	R	530	8	1.48%	2	2	93	93	0.0038052156524719656	1	1	223	307	5	3	G
E6_BC54_consensus_vsearch	3931	A	R	560	19	3.25%	2	1	93	93	1.6415513660007268E-6	1	1	250	310	19	0	G
E6_BC54_consensus_vsearch	3935	G	R	530	22	3.96%	2	2	93	93	1.9260066777154738E-7	1	1	245	285	19	3	A
E6_BC54_consensus_vsearch	3940	T	Y	575	7	1.2%	2	1	93	93	0.007672038647635164	1	1	270	305	0	7	C
E6_BC54_consensus_vsearch	3943	G	R	563	8	1.37%	2	2	93	93	0.0038110211985538677	1	1	265	298	3	5	+A
E6_BC54_consensus_vsearch	3946	T	Y	569	10	1.72%	2	1	93	93	9.390387757385067E-4	1	1	268	301	0	10	C
E6_BC54_consensus_vsearch	3948	C	Y	534	18	3.17%	2	1	93	93	3.3136029743544637E-6	1	1	253	281	0	18	T
E6_BC54_consensus_vsearch	3951	G	R	551	21	3.65%	2	2	93	93	3.955387767593165E-7	1	1	247	304	20	1	A
E6_BC54_consensus_vsearch	3954	G	R	567	8	1.39%	2	2	93	93	0.0038116798798562227	1	1	261	306	7	1	A
E6_BC54_consensus_vsearch	3958	A	R	565	17	2.91%	2	1	93	93	6.776670548088378E-6	1	1	250	315	17	0	G
E6_BC54_consensus_vsearch	3964	A	R	571	9	1.53%	2	2	93	93	0.0018930074497425708	1	1	262	309	7	2	G
E6_BC54_consensus_vsearch	3970	T	Y	465	31	5.65%	2	2	93	93	2.870792149001797E-10	1	1	231	234	3	28	C
E6_BC54_consensus_vsearch	3972	G	R	361	21	4.81%	2	2	93	93	3.594918527525941E-7	1	1	250	111	20	1	A
E6_BC54_consensus_vsearch	3972	G	S	361	35	8.01%	2	1	93	93	1.3264879045153715E-11	1	1	250	111	0	35	C
E6_BC54_consensus_vsearch	3972	G	K	361	16	3.66%	2	1	93	93	1.2970172354007966E-5	1	1	250	111	0	16	C
E6_BC54_consensus_vsearch	3975	C	Y	556	15	2.57%	2	2	93	93	2.7803833808386893E-5	1	1	257	299	6	9	T
E6_BC54_consensus_vsearch	3980	C	Y	550	23	3.92%	2	2	93	93	9.517112052162226E-8	1	1	270	280	1	22	T
E6_BC54_consensus_vsearch	3983	T	Y	560	12	2.07%	2	2	93	93	2.3031898910607474E-4	1	1	264	296	4	8	C
E6_BC54_consensus_vsearch	3984	G	R	565	7	1.22%	2	2	93	93	0.007669591697725923	1	1	263	302	4	3	A
E6_BC54_consensus_vsearch	3992	G	R	479	20	3.87%	2	2	93	93	7.853540797221729E-7	1	1	220	259	17	3	A
E6_BC54_consensus_vsearch	3993	G	R	552	22	3.81%	2	2	93	93	1.9421300886907308E-7	1	1	252	300	19	3	A
E6_BC54_consensus_vsearch	3994	G	R	567	14	2.39%	2	2	93	93	5.638563569251906E-5	1	1	264	303	8	6	A
E6_BC54_consensus_vsearch	4001	T	Y	565	15	2.58%	2	1	93	93	2.7844553804914318E-5	1	1	270	295	0	15	C
E6_BC54_consensus_vsearch	4019	C	Y	566	15	2.56%	2	2	93	93	2.784900299453663E-5	1	1	268	298	1	14	T
E6_BC54_consensus_vsearch	4028	C	Y	566	8	1.37%	2	2	93	93	0.003811516065223009	1	1	262	304	1	7	T
E6_BC54_consensus_vsearch	4031	T	Y	534	8	1.37%	2	2	93	93	0.003805956777213485	1	1	257	277	6	2	-G
E6_BC54_consensus_vsearch	4031	T	K	534	7	1.2%	2	1	93	93	0.007661433438157596	1	1	257	277	0	7	-G
E6_BC54_consensus_vsearch	4038	G	R	488	86	14.78%	2	2	93	93	4.128869711183133E-28	1	1	183	305	84	2	A
E6_BC54_consensus_vsearch	4039	G	K	529	19	3.25%	2	1	93	93	1.6274358419075852E-6	1	1	225	304	19	0	T
E6_BC54_consensus_vsearch	4043	A	R	576	7	1.19%	2	2	93	93	0.007672278741851824	1	1	267	309	4	3	G
E6_BC54_consensus_vsearch	4053	A	R	548	9	1.62%	2	1	93	93	0.0018905464048331274	1	1	238	310	9	0	G
E6_BC54_consensus_vsearch	4054	A	R	564	7	1.2%	2	2	93	93	0.007669342305605016	1	1	253	311	5	2	-G
E6_BC54_consensus_vsearch	4061	A	M	567	12	2.05%	2	1	93	93	2.3048295964434314E-4	1	1	269	298	0	12	C
E6_BC54_consensus_vsearch	4062	T	Y	564	10	1.71%	2	1	93	93	9.387156496901478E-4	1	1	271	293	0	10	C
E6_BC54_consensus_vsearch	4065	T	Y	568	8	1.37%	2	2	93	93	0.003811843128951762	1	1	268	300	2	6	C
E6_BC54_consensus_vsearch	4079	C	Y	564	8	1.37%	2	2	93	93	0.0038111867275475823	1	1	256	308	5	3	T
E6_BC54_consensus_vsearch	4080	A	R	555	14	2.42%	2	2	93	93	5.629035743103978E-5	1	1	245	310	13	1	G
E6_BC54_consensus_vsearch	4081	C	Y	540	12	2.07%	2	1	93	93	2.2982804319169583E-4	1	1	248	292	0	12	-T
E6_BC54_consensus_vsearch	4089	G	R	547	17	2.96%	2	1	93	93	6.750704352887254E-6	1	1	242	305	17	0	A
E6_BC54_consensus_vsearch	4095	C	Y	540	29	4.94%	2	2	93	93	1.2917873928460167E-9	1	1	268	272	1	28	T
E6_BC54_consensus_vsearch	4102	T	Y	499	61	10.82%	2	2	93	93	7.702574207156579E-20	1	1	261	238	1	60	C
E6_BC54_consensus_vsearch	4103	G	R	553	24	4.12%	2	2	93	93	4.669215729174413E-8	1	1	243	310	23	1	A
E6_BC54_consensus_vsearch	4107	A	R	549	30	5.12%	2	1	93	93	6.333951262748303E-10	1	1	240	309	30	0	G
E6_BC54_consensus_vsearch	4109	G	R	554	24	4.14%	2	2	93	93	4.671229737553726E-8	1	1	250	304	21	3	A
E6_BC54_consensus_vsearch	4114	T	W	475	8	1.62%	2	1	93	93	0.0037937889200904415	1	1	247	228	8	0	A
E6_BC54_consensus_vsearch	4114	T	Y	475	10	2.02%	2	2	93	93	9.318644876872256E-4	1	1	247	228	6	4	C
E6_BC54_consensus_vsearch	4115	T	Y	549	18	3.11%	2	2	93	93	3.3261662017817323E-6	1	1	248	301	10	8	C
E6_BC54_consensus_vsearch	4119	A	R	554	12	2.04%	2	2	93	93	2.30175277560265E-4	1	1	263	291	9	3	G
E6_BC54_consensus_vsearch	4123	C	Y	458	76	13.13%	2	2	93	93	7.471755946838527E-25	1	1	248	210	1	75	T
E6_BC54_consensus_vsearch	4130	A	R	562	11	1.9%	2	2	93	93	4.6519379419598136E-4	1	1	254	308	9	2	G
E6_BC54_consensus_vsearch	4138	T	Y	504	8	1.55%	2	2	93	93	0.003800117901971959	1	1	216	288	1	7	C
E6_BC54_consensus_vsearch	4139	T	Y	573	7	1.2%	2	2	93	93	0.0076715559842246905	1	1	268	305	1	6	C
E6_BC54_consensus_vsearch	4144	A	R	561	11	1.91%	2	2	93	93	4.6515403682255657E-4	1	1	270	291	1	10	G
E6_BC54_consensus_vsearch	4145	G	R	529	11	1.88%	2	1	93	93	4.6380530311171874E-4	1	1	218	311	11	0	-CC
E6_BC54_consensus_vsearch	4148	C	Y	570	7	1.19%	2	1	93	93	0.007670825737374831	1	1	269	301	0	7	T
E6_BC54_consensus_vsearch	4149	G	R	551	27	4.64%	2	2	93	93	5.460315353123471E-9	1	1	243	308	26	1	A
E6_BC54_consensus_vsearch	4153	G	R	564	7	1.2%	2	1	93	93	0.007669342305605016	1	1	262	302	7	0	A
E6_BC54_consensus_vsearch	4162	A	R	560	8	1.37%	2	2	93	93	0.0038105211348542487	1	1	250	310	6	2	-C
E6_BC54_consensus_vsearch	4164	C	Y	558	7	1.19%	2	2	93	93	0.007667827480669072	1	1	255	303	2	5	-GC
E6_BC54_consensus_vsearch	4165	G	R	554	13	2.28%	2	1	93	93	1.138687052715257E-4	1	1	244	310	13	0	A
E6_BC54_consensus_vsearch	4168	T	Y	567	9	1.54%	2	2	93	93	0.0018925934416486783	1	1	260	307	3	6	C
E6_BC54_consensus_vsearch	4175	T	Y	473	8	1.38%	2	2	93	93	0.0037933245016082413	1	1	177	296	1	7	-C
E6_BC54_consensus_vsearch	4185	A	R	571	7	1.19%	2	2	93	93	0.007671069992311274	1	1	263	308	5	2	G
E6_BC54_consensus_vsearch	4194	A	R	570	8	1.37%	2	2	93	93	0.003812167942212529	1	1	266	304	6	2	G
E6_BC54_consensus_vsearch	4196	T	Y	571	8	1.37%	2	1	93	93	0.0038123295121620672	1	1	269	302	0	8	C
E6_BC54_consensus_vsearch	4210	T	Y	561	8	1.39%	2	2	93	93	0.0038106884052637497	1	1	264	297	1	7	C
E6_BC54_consensus_vsearch	4216	A	W	426	14	2.39%	2	2	93	93	5.495010686777893E-5	1	1	149	277	1	13	-G
E6_BC54_consensus_vsearch	4217	G	K	431	13	2.84%	2	1	93	93	1.1166488301300728E-4	1	1	159	272	0	13	T
E6_BC54_consensus_vsearch	4218	G	K	568	7	1.21%	2	2	93	93	0.007670334687803565	1	1	259	309	1	6	T
E6_BC54_consensus_vsearch	4225	G	R	559	12	2.08%	2	1	93	93	2.3029524287792016E-4	1	1	254	305	12	0	A
E6_BC54_consensus_vsearch	4226	G	R	566	9	1.54%	2	2	93	93	0.0018924890471757854	1	1	258	308	3	6	A
E6_BC54_consensus_vsearch	4240	T	Y	561	10	1.73%	2	2	93	93	9.385190892979372E-4	1	1	259	302	5	5	C
E6_BC54_consensus_vsearch	4242	A	R	554	19	3.25%	2	1	93	93	1.6389313032449787E-6	1	1	248	306	19	0	G
E6_BC54_consensus_vsearch	4247	G	R	511	26	4.77%	2	1	93	93	1.0929243009237302E-8	1	1	229	282	26	0	A
E6_BC54_consensus_vsearch	4250	A	R	518	8	1.52%	2	2	93	93	0.0038029250726284375	1	1	232	286	3	5	G
E6_BC54_consensus_vsearch	4254	G	R	541	7	1.26%	2	1	93	93	0.007663356006147005	1	1	236	305	7	0	A
E6_BC54_consensus_vsearch	4261	C	Y	567	7	1.2%	2	2	93	93	0.007670087884333406	1	1	269	298	2	5	-T
E6_BC54_consensus_vsearch	4270	T	Y	570	13	2.23%	2	2	93	93	1.1408863153197961E-4	1	1	270	300	1	12	C
E6_BC54_consensus_vsearch	4272	G	R	529	18	3.27%	2	2	93	93	3.3092706534524426E-6	1	1	260	269	6	12	A
E6_BC54_consensus_vsearch	4273	G	R	538	21	3.64%	2	2	93	93	3.9379087719157777E-7	1	1	246	292	7	14	A
E6_BC54_consensus_vsearch	4275	C	M	469	7	1.21%	2	1	93	93	0.007640892201856266	1	1	214	255	0	7	-AC
E6_BC54_consensus_vsearch	4275	C	Y	469	36	6.22%	2	2	93	93	7.622423572385887E-12	1	1	214	255	1	35	T
E6_BC54_consensus_vsearch	4277	C	Y	500	16	3.05%	2	1	93	93	1.3559657002942529E-5	1	1	218	282	0	16	T
E6_BC54_consensus_vsearch	4279	T	Y	547	22	3.81%	2	2	93	93	1.9385657327989383E-7	1	1	262	285	2	20	C
E6_BC54_consensus_vsearch	4290	T	Y	521	11	1.88%	2	1	93	93	4.634431815629532E-4	1	1	270	251	0	11	+C
E6_BC54_consensus_vsearch	4291	T	Y	506	7	1.2%	2	2	93	93	0.007653220569888612	1	1	250	256	1	6	-C
E6_BC54_consensus_vsearch	4294	A	M	549	9	1.59%	2	2	93	93	0.001890657588920399	1	1	241	308	6	3	C
E6_BC54_consensus_vsearch	4296	G	R	540	26	4.5%	2	1	93	93	1.1108318857092004E-8	1	1	234	306	26	0	A
E6_BC54_consensus_vsearch	4299	T	Y	441	8	1.64%	2	1	93	93	0.0037853352821818676	1	1	251	190	0	8	+C
E6_BC54_consensus_vsearch	4301	G	R	510	23	4.24%	2	2	93	93	9.35418262974563E-8	1	1	244	266	22	1	A
E6_BC54_consensus_vsearch	4308	A	R	565	8	1.38%	2	2	93	93	0.0038113516821029324	1	1	263	302	6	2	G
E6_BC54_consensus_vsearch	4312	G	R	543	7	1.26%	2	1	93	93	0.007663896355890601	1	1	259	284	7	0	A
E6_BC54_consensus_vsearch	4316	C	Y	568	7	1.2%	2	2	93	93	0.007670334687803565	1	1	260	308	3	4	T
E6_BC54_consensus_vsearch	4317	T	Y	554	18	3.1%	2	1	93	93	3.330215336670318E-6	1	1	265	289	0	18	C
E6_BC54_consensus_vsearch	4319	T	Y	510	9	1.71%	2	1	93	93	0.001886006885374921	1	1	211	299	0	9	C
E6_BC54_consensus_vsearch	4320	T	Y	573	9	1.54%	2	2	93	93	0.0018932123374629899	1	1	263	310	5	4	C
E6_BC54_consensus_vsearch	4321	T	Y	498	8	1.37%	2	2	93	93	0.00379886758778857	1	1	233	265	5	3	-G
E6_BC54_consensus_vsearch	4322	G	R	487	44	8.18%	2	2	93	93	2.2447993577076248E-14	1	1	211	276	42	2	A
E6_BC54_consensus_vsearch	4323	G	R	558	10	1.74%	2	2	93	93	9.383204768022652E-4	1	1	255	303	8	2	A
E6_BC54_consensus_vsearch	4324	G	R	526	22	3.76%	2	2	93	93	1.9229484741416858E-7	1	1	223	303	12	10	+A
E6_BC54_consensus_vsearch	4325	G	R	556	9	1.54%	2	1	93	93	0.0018914249519062073	1	1	244	312	9	0	-C
E6_BC54_consensus_vsearch	4326	C	Y	543	8	1.4%	2	2	93	93	0.003807585201342346	1	1	242	301	5	3	-A
E6_BC54_consensus_vsearch	4328	A	R	495	15	2.57%	2	2	93	93	2.749141024612197E-5	1	1	215	280	14	1	-C
E6_BC54_consensus_vsearch	4330	C	S	539	14	2.46%	2	2	93	93	5.6157078426883895E-5	1	1	231	308	13	1	G
E6_BC54_consensus_vsearch	4331	C	Y	484	44	7.52%	2	2	93	93	2.232466421186927E-14	1	1	259	225	7	37	T
E6_BC54_consensus_vsearch	4332	G	K	510	27	4.96%	2	1	93	93	5.329048833692392E-9	1	1	264	246	0	27	T
E6_BC54_consensus_vsearch	4335	T	Y	563	8	1.37%	2	2	93	93	0.0038110211985538677	1	1	268	295	1	7	-G
E6_BC54_consensus_vsearch	4342	G	R	546	15	2.65%	2	2	93	93	2.7757110370314073E-5	1	1	251	295	13	2	A
E6_BC54_consensus_vsearch	4343	G	R	560	7	1.2%	2	2	93	93	0.00766833597175537	1	1	252	308	5	2	-C
E6_BC54_consensus_vsearch	4345	C	Y	566	8	1.37%	2	2	93	93	0.003811516065223009	1	1	264	302	1	7	T
E6_BC54_consensus_vsearch	4352	T	Y	557	9	1.57%	2	1	93	93	0.001891533038997417	1	1	268	289	0	9	C
E6_BC54_consensus_vsearch	4354	T	Y	490	85	14.73%	2	2	93	93	9.032349115098913E-28	1	1	266	224	2	83	C
E6_BC54_consensus_vsearch	4355	T	K	534	7	1.21%	2	1	93	93	0.007661433438157596	1	1	267	267	0	7	-G
E6_BC54_consensus_vsearch	4358	T	Y	535	26	4.51%	2	1	93	93	1.1078594939954221E-8	1	1	269	266	0	26	C
E6_BC54_consensus_vsearch	4363	G	R	558	12	2.09%	2	1	93	93	2.302714149374843E-4	1	1	250	308	12	0	A
E6_BC54_consensus_vsearch	4365	C	Y	562	9	1.56%	2	1	93	93	0.0018920678437260767	1	1	259	303	0	9	T
E6_BC54_consensus_vsearch	4369	G	R	548	7	1.25%	2	1	93	93	0.007665230254675653	1	1	263	285	7	0	A
E6_BC54_consensus_vsearch	4371	C	Y	531	35	6%	2	1	93	93	1.6922420084380458E-11	1	1	259	272	0	35	T
E6_BC54_consensus_vsearch	4372	T	Y	546	14	2.45%	2	2	93	93	5.621629760633941E-5	1	1	259	287	2	12	C
E6_BC54_consensus_vsearch	4373	G	R	542	9	1.55%	2	2	93	93	0.0018898708997509422	1	1	257	285	4	5	-C
E6_BC54_consensus_vsearch	4379	G	R	497	34	6.32%	2	2	93	93	3.3732646055785434E-11	1	1	247	250	20	14	A
E6_BC54_consensus_vsearch	4380	G	R	531	10	1.81%	2	2	93	93	9.364350564143713E-4	1	1	266	265	1	9	A
E6_BC54_consensus_vsearch	4386	C	Y	545	7	1.21%	2	1	93	93	0.007664432804486939	1	1	267	278	0	7	+G
E6_BC54_consensus_vsearch	4387	G	R	567	11	1.9%	2	2	93	93	4.653905485314612E-4	1	1	258	309	10	1	A
E6_BC54_consensus_vsearch	4394	G	R	538	10	1.76%	2	2	93	93	9.369414930158851E-4	1	1	244	294	8	2	A
E6_BC54_consensus_vsearch	4397	T	Y	536	10	1.81%	2	2	93	93	9.367981057926079E-4	1	1	225	311	8	2	C
E6_BC54_consensus_vsearch	4399	A	R	558	7	1.2%	2	2	93	93	0.007667827480669072	1	1	260	298	5	2	+T
E6_BC54_consensus_vsearch	4402	A	R	554	14	2.45%	2	2	93	93	5.6282241107786643E-5	1	1	250	304	13	1	G
E6_BC54_consensus_vsearch	4404	C	Y	552	19	3.28%	2	2	93	93	1.6380464559277034E-6	1	1	261	291	2	17	T
E6_BC54_consensus_vsearch	4413	A	R	572	8	1.38%	2	2	93	93	0.0038124905281564036	1	1	263	309	4	4	G
E6_BC54_consensus_vsearch	4426	A	R	207	7	1.21%	2	2	93	93	0.007432788253078562	1	1	160	47	6	1	-G
E6_BC54_consensus_vsearch	4432	T	Y	553	8	1.39%	2	2	93	93	0.00380933364327884	1	1	254	299	4	4	+C
E6_BC54_consensus_vsearch	4438	T	Y	564	8	1.39%	2	2	93	93	0.0038111867275475823	1	1	264	300	1	7	C
