Chrom	Position	Ref	Cons	Reads1	Reads2	VarFreq	Strands1	Strands2	Qual1	Qual2	Pvalue	MapQual1	MapQual2	Reads1Plus	Reads1Minus	Reads2Plus	Reads2Minus	VarAllele
F1_BC61_consensus_vsearch	1	T	T	65	0	0%	2	0	93	0	1.0	1	0	59	6	0	0	
F1_BC61_consensus_vsearch	2	G	G	83	0	0%	2	0	93	0	1.0	1	0	59	24	0	0	
F1_BC61_consensus_vsearch	3	T	T	97	0	0%	2	0	93	0	1.0	1	0	64	33	0	0	
F1_BC61_consensus_vsearch	4	T	T	132	0	0%	2	0	93	0	1.0	1	0	87	45	0	0	
F1_BC61_consensus_vsearch	5	T	T	140	0	0%	2	0	93	0	1.0	1	0	88	52	0	0	
F1_BC61_consensus_vsearch	6	T	T	154	2	1.27%	2	1	93	93	0.24919614147907784	1	1	85	69	2	0	A
F1_BC61_consensus_vsearch	7	A	A	165	0	0%	2	0	93	0	1.0	1	0	87	78	0	0	
F1_BC61_consensus_vsearch	8	A	A	171	1	0.58%	2	1	93	93	0.4999999999999138	1	1	88	83	0	1	C
F1_BC61_consensus_vsearch	9	T	T	176	1	0.56%	2	1	93	93	0.4999999999999138	1	1	87	89	1	0	C
F1_BC61_consensus_vsearch	10	T	T	176	4	2.21%	2	1	93	93	0.061456894735582995	1	1	84	92	4	0	+G
F1_BC61_consensus_vsearch	11	A	A	178	4	2.17%	2	1	93	93	0.06146837297681004	1	1	83	95	4	0	-G
F1_BC61_consensus_vsearch	12	G	G	180	1	0.55%	2	1	93	93	0.5000000000001412	1	1	83	97	0	1	-A
F1_BC61_consensus_vsearch	13	A	A	186	0	0%	2	0	93	0	1.0	1	0	88	98	0	0	
F1_BC61_consensus_vsearch	14	C	C	184	1	0.53%	2	1	93	93	0.4999999999999138	1	1	86	98	1	0	+T
F1_BC61_consensus_vsearch	15	A	A	180	3	1.61%	2	1	93	93	0.12397260273979696	1	1	82	98	3	0	G
F1_BC61_consensus_vsearch	16	G	G	184	1	0.54%	2	1	93	93	0.4999999999999138	1	1	87	97	1	0	+A
F1_BC61_consensus_vsearch	17	T	T	183	2	1.07%	2	1	93	93	0.2493224932250014	1	1	85	98	2	0	+C
F1_BC61_consensus_vsearch	18	C	C	184	2	1.06%	2	1	93	93	0.24932614555250343	1	1	86	98	2	0	+A
F1_BC61_consensus_vsearch	19	A	A	177	6	3.23%	2	2	93	93	0.014988178616270897	1	1	86	91	1	5	+G
F1_BC61_consensus_vsearch	20	G	G	185	2	1.06%	2	2	93	93	0.24932975871318122	1	1	86	99	1	1	-A
F1_BC61_consensus_vsearch	21	A	R	176	7	3.76%	2	2	93	93	0.007369187819667051	1	1	82	94	4	3	G
F1_BC61_consensus_vsearch	22	T	T	183	3	1.6%	2	1	93	93	0.12398921832883274	1	1	87	96	0	3	C
F1_BC61_consensus_vsearch	23	T	*/-C	158	24	12.77%	2	2	93	93	2.6483400651275892E-8	1	1	82	76	4	20	-C
F1_BC61_consensus_vsearch	24	C	C	159	2	1.24%	2	2	93	93	0.24922118380061456	1	1	83	76	1	1	T
F1_BC61_consensus_vsearch	25	C	C	184	1	0.54%	2	1	93	93	0.4999999999999138	1	1	87	97	1	0	T
F1_BC61_consensus_vsearch	26	C	C	181	4	2.14%	2	2	93	93	0.06148512438803467	1	1	88	93	1	3	T
F1_BC61_consensus_vsearch	27	C	C	178	5	2.65%	2	1	93	93	0.0303973734857873	1	1	85	93	0	5	T
F1_BC61_consensus_vsearch	28	A	A	183	2	1.08%	2	1	93	93	0.2493224932250014	1	1	83	100	2	0	+GA
F1_BC61_consensus_vsearch	29	A	A	190	0	0%	2	0	93	0	1.0	1	0	90	100	0	0	
F1_BC61_consensus_vsearch	30	G	G	188	1	0.53%	2	1	93	93	0.5000000000001412	1	1	89	99	0	1	A
F1_BC61_consensus_vsearch	31	T	*/-C	177	7	3.68%	2	1	93	93	0.007371570136883838	1	1	80	97	7	0	-C
F1_BC61_consensus_vsearch	32	C	C	182	1	0.55%	2	1	93	93	0.4999999999999138	1	1	82	100	1	0	G
F1_BC61_consensus_vsearch	33	C	C	185	2	1.05%	2	2	93	93	0.24932975871318122	1	1	89	96	1	1	+A
F1_BC61_consensus_vsearch	34	G	G	187	2	1.05%	2	2	93	93	0.24933687002661706	1	1	88	99	1	1	A
F1_BC61_consensus_vsearch	35	T	T	187	3	1.57%	2	2	93	93	0.12401055408976878	1	1	88	99	2	1	C
F1_BC61_consensus_vsearch	36	G	G	186	3	1.57%	2	2	93	93	0.1240053050397967	1	1	87	99	2	1	-C
F1_BC61_consensus_vsearch	37	C	C	186	1	0.53%	2	1	93	93	0.4999999999999138	1	1	87	99	0	1	+A
F1_BC61_consensus_vsearch	38	C	C	187	4	2.09%	2	1	93	93	0.06151704651694607	1	1	90	97	0	4	T
F1_BC61_consensus_vsearch	39	A	A	190	1	0.52%	2	1	93	93	0.4999999999999138	1	1	90	100	0	1	-GT
F1_BC61_consensus_vsearch	40	G	G	189	1	0.53%	2	1	93	93	0.5000000000001412	1	1	90	99	0	1	A
F1_BC61_consensus_vsearch	41	T	T	185	4	2.11%	2	2	93	93	0.061506631299724945	1	1	88	97	2	2	C
F1_BC61_consensus_vsearch	42	T	T	183	4	2.09%	2	2	93	93	0.061495993004889796	1	1	88	95	1	3	C
F1_BC61_consensus_vsearch	43	C	C	186	4	2.11%	2	1	93	93	0.061511866352189214	1	1	90	96	0	4	+T
F1_BC61_consensus_vsearch	44	T	*/+G	172	13	6.81%	2	2	93	93	9.813768217245088E-5	1	1	81	91	5	8	+G
F1_BC61_consensus_vsearch	45	G	G	185	3	1.57%	2	1	93	93	0.12399999999998497	1	1	84	101	3	0	-A
F1_BC61_consensus_vsearch	46	A	A	181	4	2.13%	2	1	93	93	0.06148512438803467	1	1	81	100	4	0	G
F1_BC61_consensus_vsearch	47	G	G	186	2	1.05%	2	1	93	93	0.24933333333336263	1	1	88	98	0	2	+AG
F1_BC61_consensus_vsearch	48	T	T	183	6	3.17%	2	1	93	93	0.015008284680098535	1	1	89	94	0	6	C
F1_BC61_consensus_vsearch	49	T	T	183	5	2.63%	2	2	93	93	0.030420017873106126	1	1	87	96	2	3	-G
F1_BC61_consensus_vsearch	50	G	G	183	2	1.08%	2	1	93	93	0.2493224932250014	1	1	86	97	2	0	A
F1_BC61_consensus_vsearch	51	G	G	186	2	1.05%	2	1	93	93	0.24933333333336263	1	1	88	98	2	0	-C
F1_BC61_consensus_vsearch	52	C	C	179	5	2.66%	2	1	93	93	0.03040200067187797	1	1	88	91	0	5	T
F1_BC61_consensus_vsearch	53	T	T	181	4	2.12%	2	2	93	93	0.06148512438803467	1	1	87	94	1	3	C
F1_BC61_consensus_vsearch	54	G	G	185	3	1.59%	2	2	93	93	0.12399999999998497	1	1	88	97	1	2	A
F1_BC61_consensus_vsearch	55	C	*/+G	181	7	3.68%	2	1	93	93	0.007380848803681321	1	1	83	98	7	0	+G
F1_BC61_consensus_vsearch	56	A	*/-G	175	10	5.24%	2	2	93	93	8.619505923183497E-4	1	1	79	96	9	1	-G
F1_BC61_consensus_vsearch	57	G	G	175	2	1.11%	2	1	93	93	0.2492917847025028	1	1	79	96	2	0	+A
F1_BC61_consensus_vsearch	58	A	A	185	2	1.06%	2	1	93	93	0.24932975871318122	1	1	87	98	2	0	+C
F1_BC61_consensus_vsearch	59	C	C	184	4	2.09%	2	2	93	93	0.06150134048256699	1	1	88	96	2	2	T
F1_BC61_consensus_vsearch	60	A	A	188	1	0.53%	2	1	93	93	0.5000000000001412	1	1	89	99	1	0	G
F1_BC61_consensus_vsearch	61	A	A	188	2	1.05%	2	2	93	93	0.2493403693931866	1	1	88	100	1	1	G
F1_BC61_consensus_vsearch	62	T	T	187	2	1.05%	2	1	93	93	0.24933687002661706	1	1	89	98	0	2	C
F1_BC61_consensus_vsearch	63	G	G	186	2	1.05%	2	2	93	93	0.24933333333336263	1	1	88	98	1	1	A
F1_BC61_consensus_vsearch	64	C	C	183	4	2.11%	2	1	93	93	0.061495993004889796	1	1	85	98	4	0	-TGC
F1_BC61_consensus_vsearch	65	T	Y	171	13	6.99%	2	1	93	93	9.80172223605813E-5	1	1	85	86	0	13	C
F1_BC61_consensus_vsearch	66	G	G	183	2	1.07%	2	1	93	93	0.2493224932250014	1	1	82	101	2	0	+C
F1_BC61_consensus_vsearch	67	C	C	182	2	1.08%	2	1	93	93	0.2493188010900035	1	1	84	98	0	2	T
F1_BC61_consensus_vsearch	68	C	Y	152	36	18.85%	2	2	93	93	2.2799202727952026E-12	1	1	88	64	2	34	T
F1_BC61_consensus_vsearch	69	G	G	194	0	0%	2	0	93	0	1.0	1	0	90	104	0	0	
F1_BC61_consensus_vsearch	70	A	A	194	1	0.51%	2	1	93	93	0.4999999999999138	1	1	90	104	0	1	G
F1_BC61_consensus_vsearch	71	C	C	189	4	2.05%	2	2	93	93	0.061527245600347336	1	1	85	104	3	1	-GC
F1_BC61_consensus_vsearch	72	G	G	189	1	0.53%	2	1	93	93	0.5000000000001412	1	1	85	104	1	0	A
F1_BC61_consensus_vsearch	73	C	C	187	2	1.05%	2	1	93	93	0.24933687002661706	1	1	85	102	0	2	T
F1_BC61_consensus_vsearch	74	T	T	190	2	1.03%	2	2	93	93	0.2493472584856949	1	1	86	104	1	1	+G
F1_BC61_consensus_vsearch	75	G	G	188	4	2.07%	2	2	93	93	0.061522172652713904	1	1	84	104	3	1	A
F1_BC61_consensus_vsearch	76	G	*/+A	180	7	3.61%	2	1	93	93	0.007378565932456183	1	1	76	104	7	0	+A
F1_BC61_consensus_vsearch	77	G	G	187	5	2.56%	2	2	93	93	0.030437285417662132	1	1	85	102	2	3	-T
F1_BC61_consensus_vsearch	78	T	T	187	1	0.53%	2	1	93	93	0.4999999999999138	1	1	86	101	1	0	+C
F1_BC61_consensus_vsearch	79	A	A	188	3	1.55%	2	2	93	93	0.124015748031514	1	1	87	101	1	2	C
F1_BC61_consensus_vsearch	80	A	A	184	4	2.06%	2	1	93	93	0.06150134048256699	1	1	85	99	0	4	T
F1_BC61_consensus_vsearch	81	T	Y	180	7	3.59%	2	2	93	93	0.007378565932456183	1	1	79	101	4	3	C
F1_BC61_consensus_vsearch	82	A	A	183	4	2.08%	2	2	93	93	0.061495993004889796	1	1	82	101	1	3	+G
F1_BC61_consensus_vsearch	83	G	*/-A	175	11	5.73%	2	2	93	93	4.1935871135675344E-4	1	1	72	103	10	1	-A
F1_BC61_consensus_vsearch	84	A	A	173	5	2.75%	2	2	93	93	0.030373458883600248	1	1	72	101	4	1	-G
F1_BC61_consensus_vsearch	85	G	G	185	1	0.53%	2	1	93	93	0.5000000000001412	1	1	83	102	1	0	+C
F1_BC61_consensus_vsearch	86	G	G	192	1	0.52%	2	1	93	93	0.4999999999999138	1	1	89	103	0	1	-CAGCA
F1_BC61_consensus_vsearch	87	C	C	189	2	1.04%	2	2	93	93	0.24934383202100482	1	1	87	102	1	1	T
F1_BC61_consensus_vsearch	88	A	A	183	5	2.6%	2	1	93	93	0.030420017873106126	1	1	86	97	0	5	-GCA
F1_BC61_consensus_vsearch	89	G	G	178	4	2.15%	2	1	93	93	0.06146837297681004	1	1	84	94	4	0	A
F1_BC61_consensus_vsearch	90	C	C	179	4	2.13%	2	2	93	93	0.061474017887485174	1	1	88	91	2	2	T
F1_BC61_consensus_vsearch	91	A	A	184	1	0.54%	2	1	93	93	0.4999999999999138	1	1	89	95	1	0	+GA
F1_BC61_consensus_vsearch	92	A	A	189	1	0.52%	2	1	93	93	0.5000000000001412	1	1	89	100	0	1	+G
F1_BC61_consensus_vsearch	93	G	G	190	3	1.55%	2	1	93	93	0.12402597402595401	1	1	87	103	3	0	A
F1_BC61_consensus_vsearch	94	C	C	189	3	1.55%	2	2	93	93	0.12402088772842607	1	1	87	102	2	1	-A
F1_BC61_consensus_vsearch	95	A	A	187	2	1.05%	2	2	93	93	0.24933687002661706	1	1	84	103	1	1	-CA
F1_BC61_consensus_vsearch	96	C	C	188	3	1.56%	2	1	93	93	0.124015748031514	1	1	85	103	3	0	T
F1_BC61_consensus_vsearch	97	A	A	185	5	2.6%	2	1	93	93	0.030428742397642147	1	1	83	102	5	0	G
F1_BC61_consensus_vsearch	98	G	G	193	1	0.52%	2	1	93	93	0.4999999999999138	1	1	90	103	0	1	A
F1_BC61_consensus_vsearch	99	C	C	189	3	1.54%	2	1	93	93	0.12402088772842607	1	1	84	105	3	0	+GC
F1_BC61_consensus_vsearch	100	A	*/-C	175	12	6.25%	2	2	93	93	2.0349578218661617E-4	1	1	73	102	10	2	-C
F1_BC61_consensus_vsearch	101	C	C	174	3	1.64%	2	1	93	93	0.12393767705382001	1	1	75	99	0	3	+T
F1_BC61_consensus_vsearch	102	C	C	194	1	0.51%	2	1	93	93	0.4999999999999138	1	1	90	104	0	1	+T
F1_BC61_consensus_vsearch	103	C	Y	165	28	14.36%	2	1	93	93	1.296563625802569E-9	1	1	90	75	0	28	T
F1_BC61_consensus_vsearch	104	G	*/-C	120	72	36.92%	2	2	93	93	5.52090012475077E-26	1	1	55	65	33	39	-C
F1_BC61_consensus_vsearch	105	C	C	118	2	1.64%	2	1	93	93	0.24895397489542684	1	1	56	62	0	2	+T
F1_BC61_consensus_vsearch	106	C	C	191	2	1.03%	2	2	93	93	0.24935064935068132	1	1	88	103	1	1	+G
F1_BC61_consensus_vsearch	107	C	Y	169	8	4.1%	2	1	93	93	0.0036029884966937457	1	1	83	86	0	8	T
F1_BC61_consensus_vsearch	108	G	*/+T	110	67	35.26%	2	2	93	93	2.8883599778521625E-24	1	1	52	58	29	38	+T
F1_BC61_consensus_vsearch	109	A	R	111	68	37.57%	2	2	93	93	1.2389680518405099E-24	1	1	52	59	29	39	G
F1_BC61_consensus_vsearch	110	A	A	187	1	0.53%	2	1	93	93	0.4999999999999138	1	1	84	103	1	0	G
F1_BC61_consensus_vsearch	111	A	A	193	2	1.03%	2	1	93	93	0.24935732647820702	1	1	88	105	2	0	-G
F1_BC61_consensus_vsearch	112	G	G	191	1	0.52%	2	1	93	93	0.5000000000001412	1	1	87	104	0	1	-C
F1_BC61_consensus_vsearch	113	C	C	190	2	1.03%	2	2	93	93	0.2493472584856949	1	1	89	101	1	1	-A
F1_BC61_consensus_vsearch	114	A	A	186	3	1.55%	2	1	93	93	0.1240053050397967	1	1	86	100	3	0	G
F1_BC61_consensus_vsearch	115	G	G	193	0	0%	2	0	93	0	1.0	1	0	90	103	0	0	
F1_BC61_consensus_vsearch	116	G	G	191	2	1.03%	2	1	93	93	0.24935064935068132	1	1	87	104	2	0	+C
F1_BC61_consensus_vsearch	117	C	C	187	5	2.58%	2	1	93	93	0.030437285417662132	1	1	89	98	0	5	T
F1_BC61_consensus_vsearch	118	C	C	185	5	2.56%	2	1	93	93	0.030428742397642147	1	1	90	95	0	5	T
F1_BC61_consensus_vsearch	119	G	R	184	9	4.64%	2	2	93	93	0.0017754582364345615	1	1	88	96	2	7	A
F1_BC61_consensus_vsearch	120	C	Y	183	8	4.12%	2	2	93	93	0.003624827265843605	1	1	87	96	1	7	T
F1_BC61_consensus_vsearch	121	G	G	188	1	0.52%	2	1	93	93	0.5000000000001412	1	1	88	100	0	1	+CG
F1_BC61_consensus_vsearch	122	A	A	190	2	1.03%	2	1	93	93	0.2493472584856949	1	1	87	103	2	0	+T
F1_BC61_consensus_vsearch	123	C	*/+A	174	8	4.15%	2	1	93	93	0.003611166483247444	1	1	77	97	8	0	+A
F1_BC61_consensus_vsearch	124	A	A	184	2	1.07%	2	1	93	93	0.24932614555250343	1	1	85	99	2	0	G
F1_BC61_consensus_vsearch	125	A	A	188	3	1.55%	2	2	93	93	0.124015748031514	1	1	88	100	2	1	G
F1_BC61_consensus_vsearch	126	G	G	179	6	3.12%	2	1	93	93	0.014995024721629802	1	1	80	99	6	0	T
F1_BC61_consensus_vsearch	127	T	T	185	4	2.08%	2	2	93	93	0.061506631299724945	1	1	87	98	1	3	C
F1_BC61_consensus_vsearch	128	G	G	185	3	1.56%	2	2	93	93	0.12399999999998497	1	1	83	102	2	1	-C
F1_BC61_consensus_vsearch	129	C	C	188	1	0.52%	2	1	93	93	0.5000000000001412	1	1	84	104	1	0	+A
F1_BC61_consensus_vsearch	130	C	C	185	4	2.05%	2	1	93	93	0.061506631299724945	1	1	84	101	0	4	T
F1_BC61_consensus_vsearch	131	G	R	183	7	3.59%	2	1	93	93	0.007385343252869138	1	1	82	101	7	0	A
F1_BC61_consensus_vsearch	132	T	T	188	3	1.54%	2	2	93	93	0.124015748031514	1	1	89	99	1	2	-C
F1_BC61_consensus_vsearch	133	C	C	185	1	0.52%	2	1	93	93	0.5000000000001412	1	1	87	98	0	1	+A
F1_BC61_consensus_vsearch	134	G	G	186	2	1.04%	2	1	93	93	0.24933333333336263	1	1	89	97	0	2	-T
F1_BC61_consensus_vsearch	135	T	T	188	1	0.53%	2	1	93	93	0.5000000000001412	1	1	88	100	1	0	C
F1_BC61_consensus_vsearch	136	T	*/-C	143	40	20.62%	2	2	93	93	8.293522521045063E-14	1	1	61	82	23	17	-C
F1_BC61_consensus_vsearch	137	C	C	150	1	0.66%	2	1	93	93	0.5000000000001412	1	1	65	85	0	1	+T
F1_BC61_consensus_vsearch	138	C	C	192	0	0%	2	0	93	0	1.0	1	0	88	104	0	0	
F1_BC61_consensus_vsearch	139	C	C	185	3	1.55%	2	1	93	93	0.12399999999998497	1	1	89	96	0	3	+T
F1_BC61_consensus_vsearch	140	C	Y	175	8	4.08%	2	2	93	93	0.0036127494603351348	1	1	88	87	1	7	T
F1_BC61_consensus_vsearch	141	G	G	194	1	0.51%	2	1	93	93	0.4999999999999138	1	1	88	106	1	0	-A
F1_BC61_consensus_vsearch	142	A	A	194	1	0.51%	2	1	93	93	0.4999999999999138	1	1	89	105	0	1	G
F1_BC61_consensus_vsearch	143	T	T	189	5	2.55%	2	1	93	93	0.030445652538661657	1	1	85	104	5	0	+C
F1_BC61_consensus_vsearch	144	C	C	193	2	1.02%	2	2	93	93	0.24935732647820702	1	1	89	104	1	1	-A
F1_BC61_consensus_vsearch	145	A	A	191	1	0.52%	2	1	93	93	0.5000000000001412	1	1	88	103	0	1	+GG
F1_BC61_consensus_vsearch	146	G	G	193	1	0.51%	2	1	93	93	0.4999999999999138	1	1	88	105	1	0	-C
F1_BC61_consensus_vsearch	147	C	C	189	4	2.06%	2	2	93	93	0.061527245600347336	1	1	87	102	1	3	T
F1_BC61_consensus_vsearch	148	A	R	174	20	10.2%	2	1	93	93	5.693404765760249E-7	1	1	70	104	20	0	G
F1_BC61_consensus_vsearch	149	G	G	195	1	0.51%	2	1	93	93	0.5000000000001412	1	1	90	105	0	1	A
F1_BC61_consensus_vsearch	150	G	G	195	1	0.51%	2	1	93	93	0.5000000000001412	1	1	89	106	1	0	A
F1_BC61_consensus_vsearch	151	C	C	195	1	0.51%	2	1	93	93	0.5000000000001412	1	1	90	105	0	1	T
F1_BC61_consensus_vsearch	152	A	A	190	2	1.02%	2	1	93	93	0.2493472584856949	1	1	87	103	2	0	+T
F1_BC61_consensus_vsearch	153	T	T	193	1	0.51%	2	1	93	93	0.4999999999999138	1	1	89	104	0	1	+C
F1_BC61_consensus_vsearch	154	T	T	192	1	0.51%	2	1	93	93	0.4999999999999138	1	1	90	102	0	1	+C
F1_BC61_consensus_vsearch	155	C	C	193	1	0.51%	2	1	93	93	0.4999999999999138	1	1	90	103	0	1	+G
F1_BC61_consensus_vsearch	156	A	A	193	2	1.02%	2	1	93	93	0.24935732647820702	1	1	88	105	2	0	G
F1_BC61_consensus_vsearch	157	G	*/-C	173	18	9.18%	2	2	93	93	2.5066513464433235E-6	1	1	85	88	5	13	-C
F1_BC61_consensus_vsearch	158	C	C	175	1	0.56%	2	1	93	93	0.4999999999999138	1	1	85	90	0	1	+T
F1_BC61_consensus_vsearch	159	C	C	190	1	0.52%	2	1	93	93	0.4999999999999138	1	1	89	101	1	0	+AC
F1_BC61_consensus_vsearch	160	C	C	193	1	0.51%	2	1	93	93	0.4999999999999138	1	1	89	104	0	1	-T
F1_BC61_consensus_vsearch	161	T	T	187	4	2.06%	2	1	93	93	0.06151704651694607	1	1	84	103	4	0	+C
F1_BC61_consensus_vsearch	162	C	C	189	2	1.03%	2	1	93	93	0.24934383202100482	1	1	87	102	2	0	+A
F1_BC61_consensus_vsearch	163	A	A	189	2	1.04%	2	1	93	93	0.24934383202100482	1	1	88	101	0	2	+G
F1_BC61_consensus_vsearch	164	G	G	193	2	1.03%	2	1	93	93	0.24935732647820702	1	1	88	105	2	0	-A
F1_BC61_consensus_vsearch	165	A	A	187	2	1.04%	2	1	93	93	0.24933687002661706	1	1	83	104	2	0	-G
F1_BC61_consensus_vsearch	166	G	G	191	1	0.52%	2	1	93	93	0.5000000000001412	1	1	86	105	1	0	-C
F1_BC61_consensus_vsearch	167	C	C	194	0	0%	2	0	93	0	1.0	1	0	89	105	0	0	
F1_BC61_consensus_vsearch	168	C	C	189	2	1.03%	2	1	93	93	0.24934383202100482	1	1	88	101	0	2	+AA
F1_BC61_consensus_vsearch	169	A	*/-C	134	33	17.01%	2	2	93	93	2.013619092024515E-11	1	1	70	64	9	24	-C
F1_BC61_consensus_vsearch	170	C	C	154	1	0.64%	2	1	93	93	0.5000000000001412	1	1	75	79	0	1	G
F1_BC61_consensus_vsearch	171	C	C	186	2	1.06%	2	1	93	93	0.24933333333336263	1	1	84	102	0	2	T
F1_BC61_consensus_vsearch	172	C	C	191	3	1.54%	2	1	93	93	0.1240310077519331	1	1	88	103	0	3	T
F1_BC61_consensus_vsearch	173	C	C	188	3	1.53%	2	2	93	93	0.124015748031514	1	1	89	99	1	2	-TT
F1_BC61_consensus_vsearch	174	T	T	185	5	2.62%	2	2	93	93	0.030428742397642147	1	1	86	99	2	3	C
F1_BC61_consensus_vsearch	175	T	Y	185	7	3.63%	2	2	93	93	0.007389745092191117	1	1	87	98	1	6	C
F1_BC61_consensus_vsearch	176	A	A	195	1	0.51%	2	1	93	93	0.5000000000001412	1	1	90	105	0	1	+CCA
F1_BC61_consensus_vsearch	177	T	*/-C	175	18	9.18%	2	2	93	93	2.51811159354104E-6	1	1	70	105	17	1	-C
F1_BC61_consensus_vsearch	178	C	C	177	0	0%	2	0	93	0	1.0	1	0	72	105	0	0	
F1_BC61_consensus_vsearch	179	C	C	192	2	1.03%	2	1	93	93	0.2493540051679821	1	1	89	103	0	2	+T
F1_BC61_consensus_vsearch	180	C	C	189	3	1.53%	2	2	93	93	0.12402088772842607	1	1	89	100	1	2	+T
F1_BC61_consensus_vsearch	181	T	T	185	5	2.56%	2	2	93	93	0.030428742397642147	1	1	86	99	1	4	C
F1_BC61_consensus_vsearch	182	A	A	189	4	2.04%	2	1	93	93	0.061527245600347336	1	1	84	105	4	0	G
F1_BC61_consensus_vsearch	183	G	G	194	0	0%	2	0	93	0	1.0	1	0	88	106	0	0	
F1_BC61_consensus_vsearch	184	G	G	194	1	0.51%	2	1	93	93	0.4999999999999138	1	1	89	105	1	0	+T
F1_BC61_consensus_vsearch	185	T	T	193	1	0.51%	2	1	93	93	0.4999999999999138	1	1	89	104	1	0	+AT
F1_BC61_consensus_vsearch	186	T	T	193	1	0.51%	2	1	93	93	0.4999999999999138	1	1	89	104	1	0	-A
F1_BC61_consensus_vsearch	187	A	A	185	5	2.59%	2	2	93	93	0.030428742397642147	1	1	87	98	1	4	G
F1_BC61_consensus_vsearch	188	C	C	187	2	1.03%	2	1	93	93	0.24933687002661706	1	1	87	100	2	0	+A
F1_BC61_consensus_vsearch	189	G	G	189	2	1.03%	2	1	93	93	0.24934383202100482	1	1	87	102	0	2	+TG
F1_BC61_consensus_vsearch	190	G	*/-A	180	14	7.14%	2	1	93	93	4.7866085588579185E-5	1	1	74	106	14	0	-A
F1_BC61_consensus_vsearch	191	A	A	178	2	1.1%	2	2	93	93	0.24930362117001986	1	1	73	105	1	1	G
F1_BC61_consensus_vsearch	192	G	G	191	1	0.52%	2	1	93	93	0.5000000000001412	1	1	87	104	1	0	+A
F1_BC61_consensus_vsearch	193	C	C	192	1	0.52%	2	1	93	93	0.4999999999999138	1	1	89	103	0	1	-T
F1_BC61_consensus_vsearch	194	T	T	188	4	2.06%	2	2	93	93	0.061522172652713904	1	1	87	101	3	1	C
F1_BC61_consensus_vsearch	195	G	G	194	0	0%	2	0	93	0	1.0	1	0	90	104	0	0	
F1_BC61_consensus_vsearch	196	A	A	191	2	1.02%	2	2	93	93	0.24935064935068132	1	1	88	103	1	1	+C
F1_BC61_consensus_vsearch	197	C	C	185	5	2.56%	2	2	93	93	0.030428742397642147	1	1	87	98	2	3	-T
F1_BC61_consensus_vsearch	198	T	T	188	2	1.05%	2	1	93	93	0.2493403693931866	1	1	87	101	0	2	C
F1_BC61_consensus_vsearch	199	T	T	192	1	0.51%	2	1	93	93	0.4999999999999138	1	1	88	104	1	0	-GC
F1_BC61_consensus_vsearch	200	G	G	186	2	1.03%	2	1	93	93	0.24933333333336263	1	1	80	106	2	0	+C
F1_BC61_consensus_vsearch	201	C	C	188	1	0.53%	2	1	93	93	0.5000000000001412	1	1	84	104	0	1	+T
F1_BC61_consensus_vsearch	202	C	Y	178	10	5.18%	2	2	93	93	8.637144208672183E-4	1	1	84	94	1	9	T
F1_BC61_consensus_vsearch	203	G	G	191	0	0%	2	0	93	0	1.0	1	0	87	104	0	0	
F1_BC61_consensus_vsearch	204	A	A	194	2	1.02%	2	2	93	93	0.24936061381078306	1	1	89	105	1	1	-C
F1_BC61_consensus_vsearch	205	C	C	188	3	1.55%	2	2	93	93	0.124015748031514	1	1	85	103	1	2	-T
F1_BC61_consensus_vsearch	206	T	T	187	1	0.53%	2	1	93	93	0.4999999999999138	1	1	85	102	1	0	+A
F1_BC61_consensus_vsearch	207	T	*/-C	131	44	22.8%	2	2	93	93	2.5687109937961802E-15	1	1	71	60	14	30	-C
F1_BC61_consensus_vsearch	208	C	C	141	1	0.7%	2	1	93	93	0.4999999999999138	1	1	72	69	1	0	+G
F1_BC61_consensus_vsearch	209	C	C	185	4	2.11%	2	1	93	93	0.061506631299724945	1	1	85	100	4	0	+A
F1_BC61_consensus_vsearch	210	C	*/-T	172	17	8.67%	2	2	93	93	5.236578670378071E-6	1	1	87	85	2	15	-T
F1_BC61_consensus_vsearch	211	T	Y	167	7	3.91%	2	2	93	93	0.007346529640553612	1	1	81	86	2	5	C
F1_BC61_consensus_vsearch	212	T	T	190	5	2.55%	2	2	93	93	0.03044977182598529	1	1	88	102	1	4	C
F1_BC61_consensus_vsearch	213	A	*/-C	182	10	5.1%	2	1	93	93	8.659835374014541E-4	1	1	76	106	10	0	-C
F1_BC61_consensus_vsearch	214	C	*/+T	172	11	5.98%	2	1	93	93	4.1828279774789115E-4	1	1	78	94	0	11	+T
F1_BC61_consensus_vsearch	215	C	C	186	5	2.58%	2	1	93	93	0.030433036239869853	1	1	88	98	0	5	+T
F1_BC61_consensus_vsearch	216	C	+A/+A	15	158	81.44%	2	2	93	93	9.085638367618037E-82	1	1	12	3	63	95	+A
F1_BC61_consensus_vsearch	217	C	C	190	2	1.02%	2	1	93	93	0.2493472584856949	1	1	86	104	2	0	+G
F1_BC61_consensus_vsearch	218	A	A	185	5	2.55%	2	2	93	93	0.030428742397642147	1	1	83	102	3	2	-T
F1_BC61_consensus_vsearch	219	T	T	188	3	1.57%	2	2	93	93	0.124015748031514	1	1	85	103	2	1	G
F1_BC61_consensus_vsearch	220	T	T	192	1	0.51%	2	1	93	93	0.4999999999999138	1	1	88	104	1	0	+AAT
F1_BC61_consensus_vsearch	221	A	A	190	3	1.53%	2	1	93	93	0.12402597402595401	1	1	86	104	3	0	G
F1_BC61_consensus_vsearch	222	G	G	195	0	0%	2	0	93	0	1.0	1	0	89	106	0	0	
F1_BC61_consensus_vsearch	223	T	T	194	2	1.02%	2	1	93	93	0.24936061381078306	1	1	88	106	2	0	-C
F1_BC61_consensus_vsearch	224	C	C	194	0	0%	2	0	93	0	1.0	1	0	88	106	0	0	
F1_BC61_consensus_vsearch	225	C	C	195	1	0.51%	2	1	93	93	0.5000000000001412	1	1	89	106	1	0	+A
F1_BC61_consensus_vsearch	226	G	G	194	1	0.51%	2	1	93	93	0.4999999999999138	1	1	89	105	0	1	-T
F1_BC61_consensus_vsearch	227	T	T	193	1	0.51%	2	1	93	93	0.4999999999999138	1	1	89	104	1	0	+G
F1_BC61_consensus_vsearch	228	G	G	188	3	1.54%	2	1	93	93	0.124015748031514	1	1	85	103	3	0	+A
F1_BC61_consensus_vsearch	229	A	A	184	5	2.58%	2	1	93	93	0.030424403183015276	1	1	82	102	5	0	+G
F1_BC61_consensus_vsearch	230	G	G	193	0	0%	2	0	93	0	1.0	1	0	90	103	0	0	
F1_BC61_consensus_vsearch	231	A	A	184	5	2.59%	2	1	93	93	0.030424403183015276	1	1	88	96	0	5	+T
F1_BC61_consensus_vsearch	232	C	C	187	5	2.56%	2	1	93	93	0.030437285417662132	1	1	88	99	0	5	-T
F1_BC61_consensus_vsearch	233	T	T	183	3	1.59%	2	1	93	93	0.12398921832883274	1	1	84	99	3	0	-A
F1_BC61_consensus_vsearch	234	A	A	185	4	2.09%	2	2	93	93	0.061506631299724945	1	1	82	103	2	2	+G
F1_BC61_consensus_vsearch	235	G	*/-A	178	12	6.19%	2	1	93	93	2.0410023380081397E-4	1	1	72	106	12	0	-A
F1_BC61_consensus_vsearch	236	A	A	171	5	2.73%	2	2	93	93	0.030363513171553336	1	1	69	102	4	1	-G
F1_BC61_consensus_vsearch	237	G	G	189	1	0.53%	2	1	93	93	0.5000000000001412	1	1	84	105	1	0	+A
F1_BC61_consensus_vsearch	238	G	G	187	4	2.04%	2	1	93	93	0.06151704651694607	1	1	83	104	4	0	+T
F1_BC61_consensus_vsearch	239	T	Y	188	7	3.59%	2	1	93	93	0.007396180372504935	1	1	90	98	0	7	C
F1_BC61_consensus_vsearch	240	T	T	194	2	1.02%	2	1	93	93	0.24936061381078306	1	1	90	104	0	2	C
F1_BC61_consensus_vsearch	241	G	*/+C	180	14	7.14%	2	1	93	93	4.7866085588579185E-5	1	1	89	91	0	14	+C
F1_BC61_consensus_vsearch	242	C	C	193	1	0.51%	2	1	93	93	0.4999999999999138	1	1	90	103	0	1	+T
F1_BC61_consensus_vsearch	243	T	*/-C	184	10	5.13%	2	1	93	93	8.670842550026666E-4	1	1	89	95	0	10	-C
F1_BC61_consensus_vsearch	244	C	C	179	3	1.61%	2	1	93	93	0.12396694214879515	1	1	87	92	0	3	+T
F1_BC61_consensus_vsearch	245	G	G	188	6	3.09%	2	1	93	93	0.015024094855898527	1	1	82	106	6	0	+C
F1_BC61_consensus_vsearch	246	C	C	189	4	2.06%	2	1	93	93	0.061527245600347336	1	1	87	102	0	4	+T
F1_BC61_consensus_vsearch	247	C	C	188	4	2.06%	2	2	93	93	0.061522172652713904	1	1	87	101	1	3	-T
F1_BC61_consensus_vsearch	248	T	Y	179	11	5.73%	2	1	93	93	4.2074294006989865E-4	1	1	87	92	0	11	C
F1_BC61_consensus_vsearch	249	A	*/-G	158	33	16.84%	2	2	93	93	2.5642557446805806E-11	1	1	84	74	5	28	-G
F1_BC61_consensus_vsearch	250	G	G	156	4	2.45%	2	1	93	93	0.061326305588268425	1	1	80	76	4	0	+A
F1_BC61_consensus_vsearch	251	G	G	191	4	2.04%	2	2	93	93	0.06153723520852315	1	1	86	105	3	1	-A
F1_BC61_consensus_vsearch	252	A	A	192	0	0%	2	0	93	0	1.0	1	0	87	105	0	0	
F1_BC61_consensus_vsearch	253	G	G	195	1	0.51%	2	1	93	93	0.5000000000001412	1	1	89	106	1	0	+A
F1_BC61_consensus_vsearch	254	A	A	193	2	1.02%	2	2	93	93	0.24935732647820702	1	1	89	104	1	1	-C
F1_BC61_consensus_vsearch	255	C	C	193	1	0.52%	2	1	93	93	0.4999999999999138	1	1	88	105	1	0	T
F1_BC61_consensus_vsearch	256	C	C	193	1	0.51%	2	1	93	93	0.4999999999999138	1	1	89	104	0	1	+T
F1_BC61_consensus_vsearch	257	T	T	193	1	0.51%	2	1	93	93	0.4999999999999138	1	1	90	103	0	1	+G
F1_BC61_consensus_vsearch	258	G	G	194	1	0.51%	2	1	93	93	0.4999999999999138	1	1	89	105	1	0	A
F1_BC61_consensus_vsearch	259	C	C	185	3	1.53%	2	2	93	93	0.12399999999998497	1	1	85	100	1	2	+T
F1_BC61_consensus_vsearch	260	T	T	189	1	0.52%	2	1	93	93	0.5000000000001412	1	1	86	103	0	1	-G
F1_BC61_consensus_vsearch	261	G	G	191	1	0.52%	2	1	93	93	0.5000000000001412	1	1	86	105	1	0	-C
F1_BC61_consensus_vsearch	262	C	C	184	4	2.06%	2	1	93	93	0.06150134048256699	1	1	88	96	0	4	T
F1_BC61_consensus_vsearch	263	G	G	191	1	0.52%	2	1	93	93	0.5000000000001412	1	1	90	101	0	1	+TG
F1_BC61_consensus_vsearch	264	G	G	192	3	1.53%	2	1	93	93	0.12403598971719802	1	1	86	106	3	0	+T
F1_BC61_consensus_vsearch	265	T	T	192	4	2.04%	2	1	93	93	0.061542153465828975	1	1	90	102	0	4	C
F1_BC61_consensus_vsearch	266	T	T	194	2	1.02%	2	2	93	93	0.24936061381078306	1	1	89	105	1	1	C
F1_BC61_consensus_vsearch	267	T	T	190	2	1.02%	2	1	93	93	0.2493472584856949	1	1	87	103	2	0	+A
F1_BC61_consensus_vsearch	268	A	A	185	4	2.06%	2	2	93	93	0.061506631299724945	1	1	83	102	1	3	+G
F1_BC61_consensus_vsearch	269	G	G	180	6	3.12%	2	1	93	93	0.014998392876323086	1	1	76	104	6	0	-A
F1_BC61_consensus_vsearch	270	A	A	188	1	0.53%	2	1	93	93	0.5000000000001412	1	1	83	105	0	1	-G
F1_BC61_consensus_vsearch	271	G	G	189	2	1.03%	2	1	93	93	0.24934383202100482	1	1	86	103	2	0	T
F1_BC61_consensus_vsearch	272	T	T	190	2	1.03%	2	2	93	93	0.2493472584856949	1	1	88	102	1	1	C
F1_BC61_consensus_vsearch	273	A	A	190	3	1.55%	2	1	93	93	0.12402597402595401	1	1	86	104	3	0	G
F1_BC61_consensus_vsearch	274	C	C	186	2	1.03%	2	2	93	93	0.24933333333336263	1	1	87	99	1	1	-G
F1_BC61_consensus_vsearch	275	G	G	191	1	0.52%	2	1	93	93	0.5000000000001412	1	1	87	104	0	1	+A
F1_BC61_consensus_vsearch	276	A	A	191	2	1.03%	2	1	93	93	0.24935064935068132	1	1	85	106	2	0	G
F1_BC61_consensus_vsearch	277	C	C	187	4	2.05%	2	2	93	93	0.06151704651694607	1	1	85	102	3	1	T
F1_BC61_consensus_vsearch	278	A	A	192	1	0.52%	2	1	93	93	0.4999999999999138	1	1	88	104	0	1	G
F1_BC61_consensus_vsearch	279	A	A	189	6	3.08%	2	1	93	93	0.01502716012190595	1	1	83	106	6	0	G
F1_BC61_consensus_vsearch	280	C	C	189	2	1.03%	2	2	93	93	0.24934383202100482	1	1	85	104	1	1	-G
F1_BC61_consensus_vsearch	281	G	G	188	3	1.55%	2	1	93	93	0.124015748031514	1	1	85	103	3	0	-A
F1_BC61_consensus_vsearch	282	A	A	188	1	0.52%	2	1	93	93	0.5000000000001412	1	1	85	103	1	0	+GA
F1_BC61_consensus_vsearch	283	A	A	190	2	1.03%	2	1	93	93	0.2493472584856949	1	1	87	103	2	0	G
F1_BC61_consensus_vsearch	284	G	G	191	2	1.03%	2	1	93	93	0.24935064935068132	1	1	90	101	0	2	C
F1_BC61_consensus_vsearch	285	C	C	194	1	0.51%	2	1	93	93	0.4999999999999138	1	1	90	104	0	1	+G
F1_BC61_consensus_vsearch	286	A	A	192	1	0.51%	2	1	93	93	0.4999999999999138	1	1	88	104	1	0	+C
F1_BC61_consensus_vsearch	287	C	C	188	5	2.55%	2	1	93	93	0.030441490624263247	1	1	90	98	0	5	-G
F1_BC61_consensus_vsearch	288	G	G	185	3	1.57%	2	2	93	93	0.12399999999998497	1	1	85	100	2	1	A
F1_BC61_consensus_vsearch	289	G	G	194	1	0.51%	2	1	93	93	0.4999999999999138	1	1	89	105	1	0	A
F1_BC61_consensus_vsearch	290	G	G	193	2	1.02%	2	2	93	93	0.24935732647820702	1	1	89	104	1	1	T
F1_BC61_consensus_vsearch	291	C	C	193	1	0.51%	2	1	93	93	0.4999999999999138	1	1	90	103	0	1	-GTAGT
F1_BC61_consensus_vsearch	292	G	G	192	2	1.03%	2	1	93	93	0.2493540051679821	1	1	89	103	0	2	-TAG
F1_BC61_consensus_vsearch	293	T	T	183	3	1.55%	2	1	93	93	0.12398921832883274	1	1	88	95	0	3	A
F1_BC61_consensus_vsearch	294	A	A	187	3	1.58%	2	2	93	93	0.12401055408976878	1	1	88	99	1	2	-G
F1_BC61_consensus_vsearch	295	G	G	183	2	1.06%	2	1	93	93	0.2493224932250014	1	1	85	98	2	0	-T
F1_BC61_consensus_vsearch	296	T	Y	179	10	5.26%	2	1	93	93	8.642903755365361E-4	1	1	87	92	0	10	C
F1_BC61_consensus_vsearch	297	T	T	187	3	1.55%	2	1	93	93	0.12401055408976878	1	1	85	102	3	0	+A
F1_BC61_consensus_vsearch	298	G	G	182	3	1.55%	2	2	93	93	0.12398373983732354	1	1	84	98	1	2	+C
F1_BC61_consensus_vsearch	299	T	T	176	6	3.11%	2	1	93	93	0.014984699466163367	1	1	87	89	0	6	+G
F1_BC61_consensus_vsearch	300	G	G	192	1	0.51%	2	1	93	93	0.4999999999999138	1	1	90	102	0	1	+A
F1_BC61_consensus_vsearch	301	A	A	193	2	1.02%	2	2	93	93	0.24935732647820702	1	1	89	104	1	1	G
F1_BC61_consensus_vsearch	302	T	T	193	2	1.02%	2	2	93	93	0.24935732647820702	1	1	88	105	1	1	-C
F1_BC61_consensus_vsearch	303	C	C	188	2	1.03%	2	2	93	93	0.2493403693931866	1	1	86	102	1	1	+T
F1_BC61_consensus_vsearch	304	A	A	188	4	2.06%	2	2	93	93	0.061522172652713904	1	1	84	104	3	1	G
F1_BC61_consensus_vsearch	305	C	C	187	4	2.07%	2	1	93	93	0.06151704651694607	1	1	86	101	0	4	A
F1_BC61_consensus_vsearch	306	C	Y	179	12	6.12%	2	1	93	93	2.0429775305230596E-4	1	1	87	92	0	12	T
F1_BC61_consensus_vsearch	307	G	G	188	3	1.54%	2	2	93	93	0.124015748031514	1	1	84	104	2	1	-A
F1_BC61_consensus_vsearch	308	A	A	189	1	0.52%	2	1	93	93	0.5000000000001412	1	1	87	102	0	1	+T
F1_BC61_consensus_vsearch	309	G	G	191	2	1.03%	2	1	93	93	0.24935064935068132	1	1	89	102	0	2	A
F1_BC61_consensus_vsearch	310	G	*/-T	157	27	13.78%	2	2	93	93	2.6629701397640725E-9	1	1	67	90	18	9	-T
F1_BC61_consensus_vsearch	311	T	T	163	2	1.2%	2	2	93	93	0.24924012158063483	1	1	70	93	1	1	G
F1_BC61_consensus_vsearch	312	T	T	188	5	2.58%	2	2	93	93	0.030441490624263247	1	1	89	99	1	4	C
F1_BC61_consensus_vsearch	313	T	T	191	1	0.52%	2	1	93	93	0.5000000000001412	1	1	90	101	0	1	+C
F1_BC61_consensus_vsearch	314	T	T	192	3	1.53%	2	1	93	93	0.12403598971719802	1	1	90	102	0	3	C
F1_BC61_consensus_vsearch	315	C	*/-A	180	11	5.64%	2	2	93	93	4.2108036879098717E-4	1	1	81	99	8	3	-A
F1_BC61_consensus_vsearch	316	A	A	180	3	1.62%	2	1	93	93	0.12397260273979696	1	1	81	99	0	3	G
F1_BC61_consensus_vsearch	317	A	*/-G	144	39	19.9%	2	2	93	93	1.883320739154284E-13	1	1	56	88	31	8	-G
F1_BC61_consensus_vsearch	318	G	G	153	0	0%	2	0	93	0	1.0	1	0	59	94	0	0	
F1_BC61_consensus_vsearch	319	G	G	189	2	1.04%	2	1	93	93	0.24934383202100482	1	1	90	99	0	2	C
F1_BC61_consensus_vsearch	320	G	G	191	3	1.53%	2	1	93	93	0.1240310077519331	1	1	87	104	3	0	+A
F1_BC61_consensus_vsearch	321	G	G	192	3	1.53%	2	1	93	93	0.12403598971719802	1	1	90	102	0	3	A
F1_BC61_consensus_vsearch	322	C	C	191	1	0.51%	2	1	93	93	0.5000000000001412	1	1	88	103	1	0	+T
F1_BC61_consensus_vsearch	323	G	G	192	2	1.03%	2	1	93	93	0.2493540051679821	1	1	90	102	0	2	A
F1_BC61_consensus_vsearch	324	C	C	186	2	1.03%	2	1	93	93	0.24933333333336263	1	1	88	98	0	2	+A
F1_BC61_consensus_vsearch	325	A	A	190	2	1.03%	2	1	93	93	0.2493472584856949	1	1	87	103	0	2	+T
F1_BC61_consensus_vsearch	326	C	C	189	3	1.55%	2	1	93	93	0.12402088772842607	1	1	87	102	0	3	T
F1_BC61_consensus_vsearch	327	C	C	191	2	1.03%	2	1	93	93	0.24935064935068132	1	1	87	104	2	0	+A
F1_BC61_consensus_vsearch	328	A	A	193	2	1.03%	2	1	93	93	0.24935732647820702	1	1	87	106	2	0	-G
F1_BC61_consensus_vsearch	329	G	G	189	4	2.07%	2	1	93	93	0.061527245600347336	1	1	83	106	4	0	-A
F1_BC61_consensus_vsearch	330	A	A	191	0	0%	2	0	93	0	1.0	1	0	85	106	0	0	
F1_BC61_consensus_vsearch	331	A	A	192	2	1.02%	2	1	93	93	0.2493540051679821	1	1	87	105	2	0	-G
F1_BC61_consensus_vsearch	332	G	G	189	2	1.04%	2	1	93	93	0.24934383202100482	1	1	84	105	2	0	A
F1_BC61_consensus_vsearch	333	C	C	187	4	2.06%	2	1	93	93	0.06151704651694607	1	1	85	102	4	0	-A
F1_BC61_consensus_vsearch	334	A	A	185	2	1.05%	2	1	93	93	0.24932975871318122	1	1	84	101	2	0	+C
F1_BC61_consensus_vsearch	335	C	Y	183	8	4.1%	2	2	93	93	0.003624827265843605	1	1	83	100	4	4	T
F1_BC61_consensus_vsearch	336	G	G	193	2	1.02%	2	1	93	93	0.24935732647820702	1	1	87	106	2	0	-A
F1_BC61_consensus_vsearch	337	A	A	185	3	1.55%	2	1	93	93	0.12399999999998497	1	1	82	103	0	3	-GA
F1_BC61_consensus_vsearch	338	G	G	190	1	0.52%	2	1	93	93	0.4999999999999138	1	1	87	103	1	0	+A
F1_BC61_consensus_vsearch	339	A	A	188	3	1.55%	2	2	93	93	0.124015748031514	1	1	86	102	2	1	G
F1_BC61_consensus_vsearch	340	C	*/-GC	183	8	4.08%	2	1	93	93	0.003624827265843605	1	1	79	104	8	0	-GC
F1_BC61_consensus_vsearch	341	G	G	185	1	0.54%	2	1	93	93	0.5000000000001412	1	1	82	103	0	1	A
F1_BC61_consensus_vsearch	342	C	C	178	4	2.15%	2	1	93	93	0.06146837297681004	1	1	80	98	0	4	+A
F1_BC61_consensus_vsearch	343	A	A	185	3	1.57%	2	1	93	93	0.12399999999998497	1	1	84	101	3	0	-C
F1_BC61_consensus_vsearch	344	C	C	182	4	2.13%	2	1	93	93	0.061490587951709585	1	1	85	97	0	4	T
F1_BC61_consensus_vsearch	345	T	T	187	4	2.06%	2	1	93	93	0.06151704651694607	1	1	83	104	4	0	+G
F1_BC61_consensus_vsearch	346	A	*/-G	154	32	16.49%	2	2	93	93	5.4138672125814555E-11	1	1	81	73	7	25	-G
F1_BC61_consensus_vsearch	347	G	G	158	3	1.84%	2	1	93	93	0.12383177570092072	1	1	78	80	3	0	+A
F1_BC61_consensus_vsearch	348	G	G	188	3	1.54%	2	1	93	93	0.124015748031514	1	1	86	102	3	0	+A
F1_BC61_consensus_vsearch	349	G	G	187	3	1.53%	2	1	93	93	0.12401055408976878	1	1	85	102	3	0	A
F1_BC61_consensus_vsearch	350	C	C	180	5	2.58%	2	1	93	93	0.030406577907750046	1	1	86	94	0	5	T
F1_BC61_consensus_vsearch	351	G	G	177	3	1.59%	2	1	93	93	0.1239554317548523	1	1	87	90	0	3	+C
F1_BC61_consensus_vsearch	352	C	*/+T	170	8	4.23%	2	1	93	93	0.003604660140070728	1	1	88	82	0	8	+T
F1_BC61_consensus_vsearch	353	T	*/-C	144	22	11.58%	2	2	93	93	1.132358860330495E-7	1	1	81	63	4	18	-C
F1_BC61_consensus_vsearch	354	C	C	150	2	1.3%	2	1	93	93	0.2491749174917417	1	1	83	67	2	0	+A
F1_BC61_consensus_vsearch	355	C	Y	153	15	8.43%	2	1	93	93	2.2012244605339464E-5	1	1	88	65	0	15	T
F1_BC61_consensus_vsearch	356	T	T	175	1	0.56%	2	1	93	93	0.4999999999999138	1	1	88	87	0	1	-CA
F1_BC61_consensus_vsearch	357	C	C	186	4	2.07%	2	2	93	93	0.061511866352189214	1	1	84	102	3	1	-AC
F1_BC61_consensus_vsearch	358	A	A	187	1	0.53%	2	1	93	93	0.4999999999999138	1	1	85	102	0	1	+C
F1_BC61_consensus_vsearch	359	C	C	188	1	0.52%	2	1	93	93	0.5000000000001412	1	1	85	103	0	1	A
F1_BC61_consensus_vsearch	360	C	C	191	3	1.54%	2	2	93	93	0.1240310077519331	1	1	87	104	2	1	T
F1_BC61_consensus_vsearch	361	G	G	195	1	0.51%	2	1	93	93	0.5000000000001412	1	1	89	106	1	0	-A
F1_BC61_consensus_vsearch	362	A	A	194	1	0.51%	2	1	93	93	0.4999999999999138	1	1	88	106	1	0	G
F1_BC61_consensus_vsearch	363	T	T	195	1	0.51%	2	1	93	93	0.5000000000001412	1	1	89	106	1	0	+C
F1_BC61_consensus_vsearch	364	C	C	193	3	1.53%	2	2	93	93	0.12404092071614016	1	1	88	105	2	1	+G
F1_BC61_consensus_vsearch	365	A	*/-G	186	7	3.57%	2	2	93	93	0.007391912172859777	1	1	87	99	1	6	-G
F1_BC61_consensus_vsearch	366	G	G	186	1	0.53%	2	1	93	93	0.4999999999999138	1	1	86	100	1	0	+AA
F1_BC61_consensus_vsearch	367	G	*/-C	95	49	25.13%	2	2	93	93	1.2654252431476517E-17	1	1	50	45	32	17	-C
F1_BC61_consensus_vsearch	368	C	C	100	1	0.98%	2	1	93	93	0.5000000000000275	1	1	55	45	1	0	A
F1_BC61_consensus_vsearch	369	C	C	150	1	0.66%	2	1	93	93	0.5000000000001412	1	1	88	62	0	1	T
F1_BC61_consensus_vsearch	370	C	C	178	2	1.11%	2	1	93	93	0.24930362117001986	1	1	88	90	0	2	T
F1_BC61_consensus_vsearch	371	C	C	193	2	1.02%	2	1	93	93	0.24935732647820702	1	1	90	103	0	2	T
F1_BC61_consensus_vsearch	372	C	*/-T	180	15	7.65%	2	2	93	93	2.3071699351829828E-5	1	1	88	92	1	14	-T
F1_BC61_consensus_vsearch	373	T	T	178	3	1.66%	2	1	93	93	0.12396121883654573	1	1	89	89	0	3	-CTCT
F1_BC61_consensus_vsearch	374	C	C	192	1	0.52%	2	1	93	93	0.4999999999999138	1	1	90	102	0	1	-TCTG
F1_BC61_consensus_vsearch	375	T	*/-CT	166	23	11.98%	2	2	93	93	5.8482802600091984E-8	1	1	84	82	5	18	-CT
F1_BC61_consensus_vsearch	376	C	C	165	2	1.18%	2	1	93	93	0.24924924924929934	1	1	85	80	0	2	-T
F1_BC61_consensus_vsearch	377	T	T	162	3	1.81%	2	2	93	93	0.12386018237081911	1	1	83	79	1	2	+CT
F1_BC61_consensus_vsearch	378	G	G	194	0	0%	2	0	93	0	1.0	1	0	90	104	0	0	
F1_BC61_consensus_vsearch	379	C	C	182	4	2.05%	2	2	93	93	0.061490587951709585	1	1	82	100	2	2	-GC
F1_BC61_consensus_vsearch	380	G	G	181	5	2.62%	2	1	93	93	0.030411105997849117	1	1	79	102	5	0	C
F1_BC61_consensus_vsearch	381	C	C	191	1	0.52%	2	1	93	93	0.5000000000001412	1	1	88	103	0	1	+G
F1_BC61_consensus_vsearch	382	A	A	194	1	0.51%	2	1	93	93	0.4999999999999138	1	1	90	104	0	1	C
F1_BC61_consensus_vsearch	383	A	A	194	1	0.51%	2	1	93	93	0.4999999999999138	1	1	89	105	0	1	-TGCATTTCCGA
F1_BC61_consensus_vsearch	384	T	T	192	2	1.03%	2	1	93	93	0.2493540051679821	1	1	89	103	0	2	C
F1_BC61_consensus_vsearch	385	G	G	191	1	0.52%	2	1	93	93	0.5000000000001412	1	1	88	103	0	1	+TG
F1_BC61_consensus_vsearch	386	C	Y	182	11	5.67%	2	2	93	93	4.217452292539659E-4	1	1	88	94	1	10	T
F1_BC61_consensus_vsearch	387	A	*/-T	180	9	4.62%	2	2	93	93	0.001771795269848945	1	1	84	96	3	6	-T
F1_BC61_consensus_vsearch	388	T	T	184	1	0.54%	2	1	93	93	0.4999999999999138	1	1	87	97	0	1	C
F1_BC61_consensus_vsearch	389	T	T	193	1	0.52%	2	1	93	93	0.4999999999999138	1	1	90	103	0	1	C
F1_BC61_consensus_vsearch	390	T	*/-C	166	22	11.28%	2	2	93	93	1.2421417791686098E-7	1	1	75	91	11	11	-C
F1_BC61_consensus_vsearch	391	C	C	168	3	1.74%	2	1	93	93	0.12390029325511762	1	1	75	93	3	0	T
F1_BC61_consensus_vsearch	392	C	C	181	3	1.55%	2	2	93	93	0.12397820163492167	1	1	85	96	1	2	+G
F1_BC61_consensus_vsearch	393	G	G	188	4	2.07%	2	1	93	93	0.061522172652713904	1	1	83	105	4	0	-A
F1_BC61_consensus_vsearch	394	A	A	174	6	3.14%	2	2	93	93	0.014977625873213331	1	1	75	99	1	5	+GG
F1_BC61_consensus_vsearch	395	G	G	189	1	0.52%	2	1	93	93	0.5000000000001412	1	1	85	104	0	1	+T
F1_BC61_consensus_vsearch	396	G	G	188	2	1.02%	2	1	93	93	0.2493403693931866	1	1	83	105	2	0	+C
F1_BC61_consensus_vsearch	397	C	C	188	4	2.06%	2	1	93	93	0.061522172652713904	1	1	88	100	0	4	+T
F1_BC61_consensus_vsearch	398	C	C	190	4	2.04%	2	1	93	93	0.061532266183381874	1	1	89	101	0	4	-T
F1_BC61_consensus_vsearch	399	T	T	185	6	3.12%	2	2	93	93	0.01501470753479516	1	1	88	97	2	4	C
F1_BC61_consensus_vsearch	400	G	G	196	0	0%	2	0	93	0	1.0	1	0	90	106	0	0	
F1_BC61_consensus_vsearch	401	A	A	188	5	2.55%	2	2	93	93	0.030441490624263247	1	1	87	101	3	2	G
F1_BC61_consensus_vsearch	402	C	C	190	2	1.03%	2	1	93	93	0.2493472584856949	1	1	90	100	0	2	T
F1_BC61_consensus_vsearch	403	G	G	194	1	0.51%	2	1	93	93	0.4999999999999138	1	1	89	105	1	0	A
F1_BC61_consensus_vsearch	404	G	G	195	1	0.51%	2	1	93	93	0.5000000000001412	1	1	90	105	0	1	A
F1_BC61_consensus_vsearch	405	C	C	196	0	0%	2	0	93	0	1.0	1	0	90	106	0	0	
F1_BC61_consensus_vsearch	406	G	G	190	5	2.55%	2	1	93	93	0.03044977182598529	1	1	85	105	5	0	-A
F1_BC61_consensus_vsearch	407	A	A	188	2	1.05%	2	2	93	93	0.2493403693931866	1	1	83	105	1	1	G
F1_BC61_consensus_vsearch	408	T	T	189	4	2.04%	2	1	93	93	0.061527245600347336	1	1	85	104	4	0	G
F1_BC61_consensus_vsearch	409	T	T	188	2	1.02%	2	1	93	93	0.2493403693931866	1	1	87	101	2	0	-G
F1_BC61_consensus_vsearch	410	G	G	190	2	1.04%	2	1	93	93	0.2493472584856949	1	1	85	105	2	0	A
F1_BC61_consensus_vsearch	411	C	C	184	5	2.56%	2	1	93	93	0.030424403183015276	1	1	85	99	0	5	T
F1_BC61_consensus_vsearch	412	G	G	188	3	1.56%	2	1	93	93	0.124015748031514	1	1	86	102	0	3	+TG
F1_BC61_consensus_vsearch	413	A	A	191	2	1.02%	2	1	93	93	0.24935064935068132	1	1	86	105	2	0	G
F1_BC61_consensus_vsearch	414	C	C	193	2	1.02%	2	1	93	93	0.24935732647820702	1	1	88	105	2	0	T
F1_BC61_consensus_vsearch	415	A	A	193	2	1.02%	2	1	93	93	0.24935732647820702	1	1	87	106	2	0	T
F1_BC61_consensus_vsearch	416	A	A	193	1	0.51%	2	1	93	93	0.4999999999999138	1	1	89	104	0	1	C
F1_BC61_consensus_vsearch	417	C	C	181	6	3.06%	2	1	93	93	0.015001725210740429	1	1	77	104	6	0	-A
F1_BC61_consensus_vsearch	418	A	A	185	2	1.06%	2	2	93	93	0.24932975871318122	1	1	81	104	1	1	G
F1_BC61_consensus_vsearch	419	A	A	193	1	0.52%	2	1	93	93	0.4999999999999138	1	1	88	105	1	0	+G
F1_BC61_consensus_vsearch	420	G	G	193	1	0.51%	2	1	93	93	0.4999999999999138	1	1	88	105	0	1	+C
F1_BC61_consensus_vsearch	421	A	*/-GA	183	8	4.1%	2	1	93	93	0.003624827265843605	1	1	78	105	8	0	-GA
F1_BC61_consensus_vsearch	422	G	G	187	1	0.53%	2	1	93	93	0.4999999999999138	1	1	81	106	1	0	-A
F1_BC61_consensus_vsearch	423	A	A	187	0	0%	2	0	93	0	1.0	1	0	81	106	0	0	
F1_BC61_consensus_vsearch	424	A	A	192	2	1.02%	2	2	93	93	0.2493540051679821	1	1	89	103	1	1	G
F1_BC61_consensus_vsearch	425	C	*/+T	181	7	3.57%	2	2	93	93	0.007380848803681321	1	1	83	98	4	3	+T
F1_BC61_consensus_vsearch	426	T	T	189	1	0.53%	2	1	93	93	0.5000000000001412	1	1	87	102	0	1	+CT
F1_BC61_consensus_vsearch	427	T	T	193	1	0.52%	2	1	93	93	0.4999999999999138	1	1	88	105	1	0	C
F1_BC61_consensus_vsearch	428	G	G	193	1	0.51%	2	1	93	93	0.4999999999999138	1	1	89	104	0	1	-T
F1_BC61_consensus_vsearch	429	T	T	185	4	2.05%	2	2	93	93	0.061506631299724945	1	1	87	98	1	3	-C
F1_BC61_consensus_vsearch	430	C	C	187	2	1.05%	2	1	93	93	0.24933687002661706	1	1	86	101	2	0	+A
F1_BC61_consensus_vsearch	431	C	C	187	4	2.05%	2	2	93	93	0.06151704651694607	1	1	87	100	1	3	-T
F1_BC61_consensus_vsearch	432	T	T	182	2	1.06%	2	2	93	93	0.2493188010900035	1	1	84	98	1	1	C
F1_BC61_consensus_vsearch	433	C	C	191	1	0.52%	2	1	93	93	0.5000000000001412	1	1	89	102	0	1	+T
F1_BC61_consensus_vsearch	434	G	G	192	3	1.53%	2	1	93	93	0.12403598971719802	1	1	87	105	3	0	A
F1_BC61_consensus_vsearch	435	G	G	195	1	0.51%	2	1	93	93	0.5000000000001412	1	1	90	105	0	1	A
F1_BC61_consensus_vsearch	436	T	*/-C	169	27	13.78%	2	1	93	93	2.8494403654845685E-9	1	1	63	106	27	0	-C
F1_BC61_consensus_vsearch	437	C	C	167	1	0.59%	2	1	93	93	0.4999999999999138	1	1	62	105	1	0	+A
F1_BC61_consensus_vsearch	438	C	C	193	2	1.02%	2	2	93	93	0.24935732647820702	1	1	88	105	1	1	-T
F1_BC61_consensus_vsearch	439	T	Y	177	7	3.61%	2	2	93	93	0.007371570136883838	1	1	86	91	1	6	C
F1_BC61_consensus_vsearch	440	G	G	184	2	1.06%	2	1	93	93	0.24932614555250343	1	1	87	97	0	2	A
F1_BC61_consensus_vsearch	441	G	G	190	2	1.03%	2	1	93	93	0.2493472584856949	1	1	88	102	0	2	-TG
F1_BC61_consensus_vsearch	442	T	T	188	4	2.07%	2	1	93	93	0.061522172652713904	1	1	90	98	0	4	C
F1_BC61_consensus_vsearch	443	G	G	193	1	0.52%	2	1	93	93	0.4999999999999138	1	1	89	104	1	0	A
F1_BC61_consensus_vsearch	444	C	C	194	1	0.51%	2	1	93	93	0.4999999999999138	1	1	89	105	0	1	+A
F1_BC61_consensus_vsearch	445	A	A	190	3	1.54%	2	2	93	93	0.12402597402595401	1	1	87	103	2	1	G
F1_BC61_consensus_vsearch	446	C	C	191	2	1.04%	2	1	93	93	0.24935064935068132	1	1	89	102	0	2	T
F1_BC61_consensus_vsearch	447	C	C	190	4	2.04%	2	2	93	93	0.061532266183381874	1	1	89	101	1	3	T
F1_BC61_consensus_vsearch	448	G	G	193	2	1.02%	2	1	93	93	0.24935732647820702	1	1	89	104	0	2	-T
F1_BC61_consensus_vsearch	449	T	*/-C	167	23	11.86%	2	2	93	93	5.87165748823343E-8	1	1	68	99	19	4	-C
F1_BC61_consensus_vsearch	450	C	C	167	3	1.75%	2	1	93	93	0.12389380530972131	1	1	66	101	3	0	+G
F1_BC61_consensus_vsearch	451	C	C	185	6	3.09%	2	1	93	93	0.01501470753479516	1	1	81	104	6	0	+G
F1_BC61_consensus_vsearch	452	C	*/-T	165	27	13.78%	2	2	93	93	2.7886983013077154E-9	1	1	84	81	5	22	-T
F1_BC61_consensus_vsearch	453	T	T	164	3	1.79%	2	2	93	93	0.12387387387387853	1	1	82	82	2	1	C
F1_BC61_consensus_vsearch	454	T	*/-G	172	8	4.1%	2	2	93	93	0.0036079487687097848	1	1	84	88	1	7	-G
F1_BC61_consensus_vsearch	455	G	R	173	7	3.87%	2	1	93	93	0.007361883903780164	1	1	82	91	7	0	A
F1_BC61_consensus_vsearch	456	G	G	188	1	0.53%	2	1	93	93	0.5000000000001412	1	1	89	99	1	0	A
F1_BC61_consensus_vsearch	457	G	G	195	1	0.51%	2	1	93	93	0.5000000000001412	1	1	89	106	1	0	A
F1_BC61_consensus_vsearch	458	T	T	187	5	2.55%	2	2	93	93	0.030437285417662132	1	1	85	102	1	4	C
F1_BC61_consensus_vsearch	459	C	C	192	3	1.53%	2	2	93	93	0.12403598971719802	1	1	87	105	2	1	+G
F1_BC61_consensus_vsearch	460	A	A	187	4	2.04%	2	2	93	93	0.06151704651694607	1	1	86	101	2	2	G
F1_BC61_consensus_vsearch	461	G	G	188	2	1.04%	2	1	93	93	0.2493403693931866	1	1	87	101	0	2	-T
F1_BC61_consensus_vsearch	462	T	T	180	4	2.09%	2	1	93	93	0.06147960135865969	1	1	85	95	0	4	C
F1_BC61_consensus_vsearch	463	C	C	187	2	1.05%	2	1	93	93	0.24933687002661706	1	1	87	100	0	2	-AG
F1_BC61_consensus_vsearch	464	A	A	183	2	1.05%	2	1	93	93	0.2493224932250014	1	1	87	96	0	2	C
F1_BC61_consensus_vsearch	465	G	*/-CG	179	11	5.79%	2	1	93	93	4.2074294006989865E-4	1	1	89	90	0	11	-CG
F1_BC61_consensus_vsearch	466	C	*/-GT	175	7	3.83%	2	1	93	93	0.007366779625824957	1	1	89	86	0	7	-GT
F1_BC61_consensus_vsearch	467	G	G	175	1	0.56%	2	1	93	93	0.4999999999999138	1	1	88	87	1	0	+T
F1_BC61_consensus_vsearch	468	T	T	184	3	1.6%	2	1	93	93	0.12399463806966378	1	1	89	95	0	3	C
F1_BC61_consensus_vsearch	469	T	T	194	1	0.51%	2	1	93	93	0.4999999999999138	1	1	89	105	0	1	+AA
F1_BC61_consensus_vsearch	470	G	G	191	3	1.53%	2	2	93	93	0.1240310077519331	1	1	86	105	2	1	-C
F1_BC61_consensus_vsearch	471	C	C	192	1	0.52%	2	1	93	93	0.4999999999999138	1	1	88	104	0	1	T
F1_BC61_consensus_vsearch	472	C	Y	184	12	6.12%	2	1	93	93	2.052568958466569E-4	1	1	90	94	0	12	T
F1_BC61_consensus_vsearch	473	G	G	190	2	1.02%	2	1	93	93	0.2493472584856949	1	1	88	102	0	2	-C
F1_BC61_consensus_vsearch	474	C	C	192	1	0.52%	2	1	93	93	0.4999999999999138	1	1	90	102	0	1	G
F1_BC61_consensus_vsearch	475	C	C	191	2	1.03%	2	1	93	93	0.24935064935068132	1	1	90	101	0	2	T
F1_BC61_consensus_vsearch	476	A	A	192	1	0.52%	2	1	93	93	0.4999999999999138	1	1	89	103	0	1	+CA
F1_BC61_consensus_vsearch	477	A	A	192	1	0.52%	2	1	93	93	0.4999999999999138	1	1	88	104	1	0	C
F1_BC61_consensus_vsearch	478	T	T	191	2	1.03%	2	1	93	93	0.24935064935068132	1	1	87	104	2	0	+AAT
F1_BC61_consensus_vsearch	479	A	A	188	3	1.53%	2	2	93	93	0.124015748031514	1	1	86	102	1	2	-G
F1_BC61_consensus_vsearch	480	G	G	192	1	0.52%	2	1	93	93	0.4999999999999138	1	1	89	103	0	1	+CG
F1_BC61_consensus_vsearch	481	T	T	191	3	1.53%	2	2	93	93	0.1240310077519331	1	1	87	104	1	2	C
F1_BC61_consensus_vsearch	482	C	C	190	1	0.52%	2	1	93	93	0.4999999999999138	1	1	86	104	0	1	+AAC
F1_BC61_consensus_vsearch	483	A	A	181	6	3.08%	2	2	93	93	0.015001725210740429	1	1	82	99	3	3	G
F1_BC61_consensus_vsearch	484	C	*/+T	170	19	10%	2	1	93	93	1.1851204359271555E-6	1	1	86	84	0	19	+T
F1_BC61_consensus_vsearch	485	C	C	193	2	1.03%	2	1	93	93	0.24935732647820702	1	1	89	104	0	2	T
F1_BC61_consensus_vsearch	486	C	C	190	2	1.02%	2	2	93	93	0.2493472584856949	1	1	87	103	1	1	-TG
F1_BC61_consensus_vsearch	487	T	T	190	1	0.52%	2	1	93	93	0.4999999999999138	1	1	86	104	1	0	+A
F1_BC61_consensus_vsearch	488	G	G	188	2	1.03%	2	1	93	93	0.2493403693931866	1	1	84	104	2	0	A
F1_BC61_consensus_vsearch	489	C	C	193	2	1.03%	2	2	93	93	0.24935732647820702	1	1	88	105	1	1	A
F1_BC61_consensus_vsearch	490	C	C	191	3	1.53%	2	1	93	93	0.1240310077519331	1	1	89	102	0	3	T
F1_BC61_consensus_vsearch	491	G	G	191	1	0.51%	2	1	93	93	0.5000000000001412	1	1	87	104	1	0	+AA
F1_BC61_consensus_vsearch	492	T	T	189	4	2.07%	2	2	93	93	0.061527245600347336	1	1	87	102	2	2	C
F1_BC61_consensus_vsearch	493	T	T	190	2	1.03%	2	2	93	93	0.2493472584856949	1	1	88	102	1	1	A
F1_BC61_consensus_vsearch	494	G	G	190	1	0.51%	2	1	93	93	0.4999999999999138	1	1	88	102	0	1	+C
F1_BC61_consensus_vsearch	495	T	T	182	6	3.09%	2	2	93	93	0.015005022293196836	1	1	86	96	1	5	C
F1_BC61_consensus_vsearch	496	A	R	182	7	3.66%	2	2	93	93	0.007383107786177688	1	1	82	100	5	2	G
F1_BC61_consensus_vsearch	497	G	G	191	2	1.02%	2	2	93	93	0.24935064935068132	1	1	88	103	1	1	-C
F1_BC61_consensus_vsearch	498	C	C	186	4	2.06%	2	2	93	93	0.061511866352189214	1	1	86	100	3	1	G
F1_BC61_consensus_vsearch	499	C	C	183	5	2.55%	2	1	93	93	0.030420017873106126	1	1	85	98	5	0	+A
F1_BC61_consensus_vsearch	500	G	G	187	6	3.06%	2	2	93	93	0.015020997998324731	1	1	86	101	4	2	-A
F1_BC61_consensus_vsearch	501	A	A	187	1	0.53%	2	1	93	93	0.4999999999999138	1	1	84	103	1	0	+G
F1_BC61_consensus_vsearch	502	A	R	175	19	9.69%	2	2	93	93	1.20049506203786E-6	1	1	80	95	10	9	G
F1_BC61_consensus_vsearch	503	T	T	192	1	0.51%	2	1	93	93	0.4999999999999138	1	1	89	103	1	0	+G
F1_BC61_consensus_vsearch	504	C	*/-T	183	9	4.59%	2	2	93	93	0.0017745564291022078	1	1	88	95	2	7	-T
F1_BC61_consensus_vsearch	505	T	T	185	1	0.53%	2	1	93	93	0.5000000000001412	1	1	87	98	1	0	A
F1_BC61_consensus_vsearch	506	T	T	187	2	1.02%	2	1	93	93	0.24933687002661706	1	1	84	103	2	0	-A
F1_BC61_consensus_vsearch	507	A	A	185	4	2.09%	2	1	93	93	0.061506631299724945	1	1	81	104	4	0	G
F1_BC61_consensus_vsearch	508	G	G	190	1	0.52%	2	1	93	93	0.4999999999999138	1	1	86	104	1	0	A
F1_BC61_consensus_vsearch	509	C	C	185	2	1.04%	2	2	93	93	0.24932975871318122	1	1	85	100	1	1	-G
F1_BC61_consensus_vsearch	510	G	G	187	5	2.59%	2	2	93	93	0.030437285417662132	1	1	84	103	4	1	A
F1_BC61_consensus_vsearch	511	G	G	189	3	1.54%	2	1	93	93	0.12402088772842607	1	1	88	101	0	3	-C
F1_BC61_consensus_vsearch	512	C	*/-T	164	10	5.26%	2	1	93	93	8.549835212479261E-4	1	1	81	83	0	10	-T
F1_BC61_consensus_vsearch	513	T	T	178	0	0%	2	0	93	0	1.0	1	0	88	90	0	0	
F1_BC61_consensus_vsearch	514	T	T	186	1	0.53%	2	1	93	93	0.4999999999999138	1	1	88	98	0	1	+C
F1_BC61_consensus_vsearch	515	T	*/-C	141	41	21.13%	2	2	93	93	3.581296671152055E-14	1	1	66	75	22	19	-C
F1_BC61_consensus_vsearch	516	C	C	145	2	1.32%	2	1	93	93	0.24914675767930092	1	1	68	77	0	2	+T
F1_BC61_consensus_vsearch	517	C	C	192	1	0.52%	2	1	93	93	0.4999999999999138	1	1	89	103	1	0	+G
F1_BC61_consensus_vsearch	518	C	C	182	4	2.05%	2	1	93	93	0.061490587951709585	1	1	86	96	0	4	-T
F1_BC61_consensus_vsearch	519	T	T	185	1	0.54%	2	1	93	93	0.5000000000001412	1	1	87	98	0	1	A
F1_BC61_consensus_vsearch	520	T	T	189	1	0.53%	2	1	93	93	0.5000000000001412	1	1	87	102	0	1	G
F1_BC61_consensus_vsearch	521	T	T	191	2	1.03%	2	1	93	93	0.24935064935068132	1	1	88	103	2	0	+C
F1_BC61_consensus_vsearch	522	C	C	192	1	0.51%	2	1	93	93	0.4999999999999138	1	1	88	104	0	1	+AA
F1_BC61_consensus_vsearch	523	A	A	190	3	1.54%	2	1	93	93	0.12402597402595401	1	1	89	101	0	3	G
F1_BC61_consensus_vsearch	524	G	G	189	6	3.08%	2	1	93	93	0.01502716012190595	1	1	84	105	6	0	A
F1_BC61_consensus_vsearch	525	C	C	184	5	2.55%	2	1	93	93	0.030424403183015276	1	1	82	102	5	0	+T
F1_BC61_consensus_vsearch	526	G	R	180	12	6.19%	2	1	93	93	2.0449333836859826E-4	1	1	77	103	12	0	A
F1_BC61_consensus_vsearch	527	G	R	175	13	6.63%	2	1	93	93	9.8491958578274E-5	1	1	70	105	13	0	A
F1_BC61_consensus_vsearch	528	C	C	187	1	0.53%	2	1	93	93	0.4999999999999138	1	1	83	104	0	1	A
F1_BC61_consensus_vsearch	529	C	*/-A	162	27	13.78%	2	2	93	93	2.7422224208072403E-9	1	1	63	99	22	5	-A
F1_BC61_consensus_vsearch	530	A	A	164	2	1.2%	2	1	93	93	0.24924471299088177	1	1	67	97	0	2	G
F1_BC61_consensus_vsearch	531	A	A	188	3	1.55%	2	1	93	93	0.124015748031514	1	1	90	98	0	3	-G
F1_BC61_consensus_vsearch	532	G	G	179	6	3.14%	2	1	93	93	0.014995024721629802	1	1	89	90	0	6	T
F1_BC61_consensus_vsearch	533	G	G	194	1	0.51%	2	1	93	93	0.4999999999999138	1	1	90	104	0	1	C
F1_BC61_consensus_vsearch	534	A	*/+T	185	7	3.59%	2	1	93	93	0.007389745092191117	1	1	90	95	0	7	+T
F1_BC61_consensus_vsearch	535	C	C	189	4	2.05%	2	1	93	93	0.061527245600347336	1	1	89	100	0	4	T
F1_BC61_consensus_vsearch	536	G	G	194	2	1.02%	2	2	93	93	0.24936061381078306	1	1	89	105	1	1	A
F1_BC61_consensus_vsearch	537	C	*/-GC	180	11	5.61%	2	2	93	93	4.2108036879098717E-4	1	1	79	101	6	5	-GC
F1_BC61_consensus_vsearch	538	G	G	178	3	1.63%	2	1	93	93	0.12396121883654573	1	1	78	100	3	0	+C
F1_BC61_consensus_vsearch	539	C	C	176	2	1.1%	2	2	93	93	0.2492957746479494	1	1	79	97	1	1	+GC
F1_BC61_consensus_vsearch	540	A	A	188	2	1.03%	2	1	93	93	0.2493403693931866	1	1	84	104	2	0	G
F1_BC61_consensus_vsearch	541	G	G	192	1	0.51%	2	1	93	93	0.4999999999999138	1	1	88	104	1	0	-A
F1_BC61_consensus_vsearch	542	A	*/-G	169	19	9.79%	2	1	93	93	1.1819668031703979E-6	1	1	67	102	19	0	-G
F1_BC61_consensus_vsearch	543	G	G	170	1	0.58%	2	1	93	93	0.5000000000001412	1	1	69	101	1	0	+A
F1_BC61_consensus_vsearch	544	A	A	189	1	0.53%	2	1	93	93	0.5000000000001412	1	1	88	101	1	0	-C
F1_BC61_consensus_vsearch	545	C	C	185	4	2.07%	2	1	93	93	0.061506631299724945	1	1	82	103	4	0	-GC
F1_BC61_consensus_vsearch	546	G	*/-C	175	9	4.79%	2	2	93	93	0.0017669987142516655	1	1	73	102	8	1	-C
F1_BC61_consensus_vsearch	547	C	C	177	2	1.1%	2	1	93	93	0.24929971988807545	1	1	74	103	0	2	+T
F1_BC61_consensus_vsearch	548	C	*/-T	160	12	6.19%	2	2	93	93	2.0017842257399077E-4	1	1	70	90	3	9	-T
F1_BC61_consensus_vsearch	549	T	T	163	4	2.27%	2	1	93	93	0.06137557497075551	1	1	68	95	4	0	+A
F1_BC61_consensus_vsearch	550	T	T	174	5	2.66%	2	2	93	93	0.030378348522515145	1	1	73	101	4	1	C
F1_BC61_consensus_vsearch	551	G	G	188	2	1.03%	2	1	93	93	0.2493403693931866	1	1	84	104	2	0	+C
F1_BC61_consensus_vsearch	552	A	A	193	1	0.52%	2	1	93	93	0.4999999999999138	1	1	88	105	1	0	+G
F1_BC61_consensus_vsearch	553	A	A	194	1	0.51%	2	1	93	93	0.4999999999999138	1	1	89	105	0	1	G
F1_BC61_consensus_vsearch	554	A	*/-T	178	13	6.63%	2	1	93	93	9.88359399902161E-5	1	1	87	91	0	13	-T
F1_BC61_consensus_vsearch	555	T	T	179	1	0.55%	2	1	93	93	0.5000000000001412	1	1	90	89	0	1	+C
F1_BC61_consensus_vsearch	556	T	T	181	6	3.09%	2	1	93	93	0.015001725210740429	1	1	88	93	0	6	-CAA
F1_BC61_consensus_vsearch	557	C	*/-AA	140	26	14.05%	2	1	93	93	5.154431874867734E-9	1	1	88	52	0	26	-AA
F1_BC61_consensus_vsearch	558	A	A	143	5	3.33%	2	1	93	93	0.03019610111645733	1	1	88	55	0	5	G
F1_BC61_consensus_vsearch	559	A	W	139	13	7.93%	2	1	93	93	9.340403906257766E-5	1	1	85	54	0	13	T
F1_BC61_consensus_vsearch	560	G	G	193	2	1.02%	2	1	93	93	0.24935732647820702	1	1	87	106	2	0	A
F1_BC61_consensus_vsearch	561	C	C	193	3	1.53%	2	1	93	93	0.12404092071614016	1	1	90	103	0	3	T
F1_BC61_consensus_vsearch	562	C	C	190	4	2.04%	2	1	93	93	0.061532266183381874	1	1	88	102	0	4	T
F1_BC61_consensus_vsearch	563	G	G	194	1	0.51%	2	1	93	93	0.4999999999999138	1	1	88	106	1	0	A
F1_BC61_consensus_vsearch	564	T	T	192	2	1.03%	2	1	93	93	0.2493540051679821	1	1	88	104	0	2	C
F1_BC61_consensus_vsearch	565	T	T	190	2	1.02%	2	2	93	93	0.2493472584856949	1	1	85	105	1	1	+G
F1_BC61_consensus_vsearch	566	A	R	168	11	5.64%	2	2	93	93	4.167949943022952E-4	1	1	79	89	9	2	G
F1_BC61_consensus_vsearch	567	G	G	189	0	0%	2	0	93	0	1.0	1	0	89	100	0	0	
F1_BC61_consensus_vsearch	568	G	G	195	1	0.51%	2	1	93	93	0.5000000000001412	1	1	89	106	1	0	A
F1_BC61_consensus_vsearch	569	C	C	192	2	1.02%	2	2	93	93	0.2493540051679821	1	1	88	104	1	1	-TAC
F1_BC61_consensus_vsearch	570	T	T	189	2	1.03%	2	2	93	93	0.24934383202100482	1	1	86	103	1	1	-AC
F1_BC61_consensus_vsearch	571	A	A	187	2	1.04%	2	1	93	93	0.24933687002661706	1	1	85	102	0	2	+T
F1_BC61_consensus_vsearch	572	C	C	186	3	1.57%	2	1	93	93	0.1240053050397967	1	1	84	102	3	0	T
F1_BC61_consensus_vsearch	573	C	C	181	6	3.06%	2	1	93	93	0.015001725210740429	1	1	82	99	6	0	-GC
F1_BC61_consensus_vsearch	574	G	G	187	1	0.53%	2	1	93	93	0.4999999999999138	1	1	81	106	1	0	+CC
F1_BC61_consensus_vsearch	575	C	*/-T	172	7	3.7%	2	2	93	93	0.007359395499810914	1	1	74	98	3	4	-T
F1_BC61_consensus_vsearch	576	T	W	175	7	3.78%	2	1	93	93	0.007366779625824957	1	1	74	101	7	0	A
F1_BC61_consensus_vsearch	577	T	T	177	6	3.12%	2	2	93	93	0.014988178616270897	1	1	75	102	4	2	C
F1_BC61_consensus_vsearch	578	A	*/-G	146	34	17.99%	2	2	93	93	1.0410039001199878E-11	1	1	77	69	2	32	-G
F1_BC61_consensus_vsearch	579	G	G	156	1	0.63%	2	1	93	93	0.4999999999999138	1	1	85	71	1	0	+A
F1_BC61_consensus_vsearch	580	G	G	188	3	1.54%	2	1	93	93	0.124015748031514	1	1	85	103	3	0	A
F1_BC61_consensus_vsearch	581	A	A	193	0	0%	2	0	93	0	1.0	1	0	90	103	0	0	
F1_BC61_consensus_vsearch	582	T	T	193	1	0.51%	2	1	93	93	0.4999999999999138	1	1	88	105	1	0	+CC
F1_BC61_consensus_vsearch	583	C	C	193	1	0.52%	2	1	93	93	0.4999999999999138	1	1	88	105	1	0	+AC
F1_BC61_consensus_vsearch	584	G	G	194	2	1.02%	2	1	93	93	0.24936061381078306	1	1	88	106	2	0	-AC
F1_BC61_consensus_vsearch	585	A	A	187	3	1.55%	2	1	93	93	0.12401055408976878	1	1	86	101	0	3	+T
F1_BC61_consensus_vsearch	586	C	C	190	1	0.52%	2	1	93	93	0.4999999999999138	1	1	87	103	0	1	-T
F1_BC61_consensus_vsearch	587	T	T	185	4	2.05%	2	2	93	93	0.061506631299724945	1	1	87	98	2	2	-C
F1_BC61_consensus_vsearch	588	C	C	187	1	0.52%	2	1	93	93	0.4999999999999138	1	1	86	101	0	1	+T
F1_BC61_consensus_vsearch	589	A	*/+C	167	11	5.67%	2	2	93	93	4.1641312952097215E-4	1	1	74	93	6	5	+C
F1_BC61_consensus_vsearch	590	C	C	178	2	1.09%	2	1	93	93	0.24930362117001986	1	1	82	96	0	2	+T
F1_BC61_consensus_vsearch	591	C	C	192	1	0.52%	2	1	93	93	0.4999999999999138	1	1	87	105	1	0	G
F1_BC61_consensus_vsearch	592	C	C	188	6	3.09%	2	1	93	93	0.015024094855898527	1	1	88	100	0	6	T
F1_BC61_consensus_vsearch	593	C	Y	180	9	4.59%	2	1	93	93	0.001771795269848945	1	1	89	91	0	9	T
F1_BC61_consensus_vsearch	594	G	G	191	3	1.55%	2	2	93	93	0.1240310077519331	1	1	88	103	2	1	A
F1_BC61_consensus_vsearch	595	G	G	195	1	0.51%	2	1	93	93	0.5000000000001412	1	1	90	105	0	1	+AG
F1_BC61_consensus_vsearch	596	C	C	194	1	0.51%	2	1	93	93	0.4999999999999138	1	1	88	106	1	0	+TTT
F1_BC61_consensus_vsearch	597	A	A	189	2	1.03%	2	1	93	93	0.24934383202100482	1	1	87	102	0	2	+T
F1_BC61_consensus_vsearch	598	C	C	188	2	1.03%	2	1	93	93	0.2493403693931866	1	1	87	101	0	2	+T
F1_BC61_consensus_vsearch	599	C	C	188	4	2.04%	2	2	93	93	0.061522172652713904	1	1	88	100	2	2	T
F1_BC61_consensus_vsearch	600	A	A	193	1	0.51%	2	1	93	93	0.4999999999999138	1	1	89	104	0	1	+C
F1_BC61_consensus_vsearch	601	A	A	193	2	1.02%	2	2	93	93	0.24935732647820702	1	1	88	105	1	1	G
F1_BC61_consensus_vsearch	602	T	T	195	1	0.51%	2	1	93	93	0.5000000000001412	1	1	90	105	0	1	C
F1_BC61_consensus_vsearch	603	G	G	193	1	0.51%	2	1	93	93	0.4999999999999138	1	1	90	103	0	1	+TG
F1_BC61_consensus_vsearch	604	C	C	189	4	2.05%	2	2	93	93	0.061527245600347336	1	1	88	101	1	3	T
F1_BC61_consensus_vsearch	605	G	G	193	1	0.52%	2	1	93	93	0.4999999999999138	1	1	89	104	0	1	A
F1_BC61_consensus_vsearch	606	G	G	194	1	0.51%	2	1	93	93	0.4999999999999138	1	1	90	104	0	1	-T
F1_BC61_consensus_vsearch	607	T	*/+A	184	8	4.1%	2	1	93	93	0.0036262674855563662	1	1	81	103	8	0	+A
F1_BC61_consensus_vsearch	608	A	A	191	3	1.55%	2	2	93	93	0.1240310077519331	1	1	87	104	2	1	G
F1_BC61_consensus_vsearch	609	A	A	191	2	1.03%	2	1	93	93	0.24935064935068132	1	1	87	104	2	0	G
F1_BC61_consensus_vsearch	610	G	R	179	8	4.1%	2	1	93	93	0.0036189151712300786	1	1	75	104	8	0	A
F1_BC61_consensus_vsearch	611	C	C	194	1	0.51%	2	1	93	93	0.4999999999999138	1	1	89	105	1	0	+TA
F1_BC61_consensus_vsearch	612	C	C	189	4	2.04%	2	1	93	93	0.061527245600347336	1	1	85	104	4	0	-A
F1_BC61_consensus_vsearch	613	A	*/-G	140	41	21.35%	2	2	93	93	3.524825635434911E-14	1	1	72	68	6	35	-G
F1_BC61_consensus_vsearch	614	G	G	152	2	1.29%	2	1	93	93	0.24918566775242354	1	1	83	69	0	2	+T
F1_BC61_consensus_vsearch	615	G	G	193	2	1.02%	2	2	93	93	0.24935732647820702	1	1	89	104	1	1	-A
F1_BC61_consensus_vsearch	616	A	A	193	1	0.52%	2	1	93	93	0.4999999999999138	1	1	88	105	1	0	G
F1_BC61_consensus_vsearch	617	A	A	196	0	0%	2	0	93	0	1.0	1	0	90	106	0	0	
F1_BC61_consensus_vsearch	618	C	C	195	1	0.51%	2	1	93	93	0.5000000000001412	1	1	89	106	1	0	+AA
F1_BC61_consensus_vsearch	619	C	*/+T	162	17	8.67%	2	2	93	93	5.122339916563518E-6	1	1	83	79	1	16	+T
F1_BC61_consensus_vsearch	620	T	T	180	1	0.55%	2	1	93	93	0.5000000000001412	1	1	86	94	0	1	C
F1_BC61_consensus_vsearch	621	T	T	193	2	1.03%	2	2	93	93	0.24935732647820702	1	1	88	105	1	1	C
F1_BC61_consensus_vsearch	622	T	T	194	1	0.51%	2	1	93	93	0.4999999999999138	1	1	89	105	0	1	-C
F1_BC61_consensus_vsearch	623	C	C	188	2	1.03%	2	1	93	93	0.2493403693931866	1	1	87	101	0	2	+T
F1_BC61_consensus_vsearch	624	T	T	184	4	2.08%	2	1	93	93	0.06150134048256699	1	1	82	102	4	0	-C
F1_BC61_consensus_vsearch	625	C	C	186	2	1.06%	2	2	93	93	0.24933333333336263	1	1	84	102	1	1	+TC
F1_BC61_consensus_vsearch	626	C	C	192	2	1.03%	2	1	93	93	0.2493540051679821	1	1	87	105	2	0	-A
F1_BC61_consensus_vsearch	627	A	A	185	5	2.58%	2	2	93	93	0.030428742397642147	1	1	82	103	2	3	G
F1_BC61_consensus_vsearch	628	C	C	189	2	1.04%	2	2	93	93	0.24934383202100482	1	1	85	104	1	1	T
F1_BC61_consensus_vsearch	629	A	A	188	3	1.56%	2	2	93	93	0.124015748031514	1	1	84	104	1	2	G
F1_BC61_consensus_vsearch	630	T	T	187	5	2.56%	2	1	93	93	0.030437285417662132	1	1	83	104	5	0	+C
F1_BC61_consensus_vsearch	631	C	C	191	2	1.03%	2	1	93	93	0.24935064935068132	1	1	85	106	2	0	+G
F1_BC61_consensus_vsearch	632	A	A	191	3	1.54%	2	2	93	93	0.1240310077519331	1	1	87	104	2	1	-G
F1_BC61_consensus_vsearch	633	G	G	187	3	1.56%	2	2	93	93	0.12401055408976878	1	1	85	102	2	1	A
F1_BC61_consensus_vsearch	634	C	C	192	1	0.52%	2	1	93	93	0.4999999999999138	1	1	89	103	0	1	T
F1_BC61_consensus_vsearch	635	C	C	189	4	2.05%	2	1	93	93	0.061527245600347336	1	1	88	101	0	4	-T
F1_BC61_consensus_vsearch	636	T	T	191	1	0.52%	2	1	93	93	0.5000000000001412	1	1	89	102	1	0	+A
F1_BC61_consensus_vsearch	637	T	*/-C	177	11	5.61%	2	2	93	93	4.200578330993431E-4	1	1	78	99	5	6	-C
F1_BC61_consensus_vsearch	638	C	C	180	0	0%	2	0	93	0	1.0	1	0	80	100	0	0	
F1_BC61_consensus_vsearch	639	C	C	189	1	0.52%	2	1	93	93	0.5000000000001412	1	1	83	106	1	0	+T
F1_BC61_consensus_vsearch	640	C	Y	179	13	6.63%	2	2	93	93	9.894838953322904E-5	1	1	88	91	2	11	T
F1_BC61_consensus_vsearch	641	G	G	193	1	0.51%	2	1	93	93	0.4999999999999138	1	1	90	103	0	1	A
F1_BC61_consensus_vsearch	642	G	G	190	4	2.04%	2	1	93	93	0.061532266183381874	1	1	90	100	0	4	+C
F1_BC61_consensus_vsearch	643	C	C	193	2	1.02%	2	1	93	93	0.24935732647820702	1	1	89	104	0	2	T
F1_BC61_consensus_vsearch	644	T	T	188	6	3.08%	2	2	93	93	0.015024094855898527	1	1	87	101	1	5	-C
F1_BC61_consensus_vsearch	645	C	C	183	5	2.65%	2	1	93	93	0.030420017873106126	1	1	82	101	5	0	-G
F1_BC61_consensus_vsearch	646	G	G	185	6	3.14%	2	1	93	93	0.01501470753479516	1	1	79	106	6	0	A
F1_BC61_consensus_vsearch	647	C	*/+TT	177	7	3.57%	2	1	93	93	0.007371570136883838	1	1	74	103	7	0	+TT
F1_BC61_consensus_vsearch	648	A	W	176	11	5.73%	2	1	93	93	4.1971005075956745E-4	1	1	74	102	11	0	T
F1_BC61_consensus_vsearch	649	C	Y	175	18	9.28%	2	2	93	93	2.51811159354104E-6	1	1	75	100	12	6	T
F1_BC61_consensus_vsearch	650	G	G	196	0	0%	2	0	93	0	1.0	1	0	90	106	0	0	
F1_BC61_consensus_vsearch	651	A	A	193	2	1.02%	2	2	93	93	0.24935732647820702	1	1	88	105	1	1	G
F1_BC61_consensus_vsearch	652	G	G	192	2	1.03%	2	2	93	93	0.2493540051679821	1	1	87	105	1	1	+A
F1_BC61_consensus_vsearch	653	A	A	193	1	0.51%	2	1	93	93	0.4999999999999138	1	1	89	104	0	1	+GA
F1_BC61_consensus_vsearch	654	A	A	194	1	0.51%	2	1	93	93	0.4999999999999138	1	1	88	106	1	0	G
F1_BC61_consensus_vsearch	655	T	T	193	2	1.02%	2	1	93	93	0.24935732647820702	1	1	87	106	2	0	-A
F1_BC61_consensus_vsearch	656	A	*/+T	179	7	3.61%	2	2	93	93	0.007376258791632204	1	1	80	99	2	5	+T
F1_BC61_consensus_vsearch	657	T	T	188	2	1.05%	2	1	93	93	0.2493403693931866	1	1	82	106	2	0	G
F1_BC61_consensus_vsearch	658	T	T	195	1	0.51%	2	1	93	93	0.5000000000001412	1	1	89	106	1	0	+GCTT
F1_BC61_consensus_vsearch	659	T	T	190	2	1.02%	2	1	93	93	0.2493472584856949	1	1	90	100	0	2	+G
F1_BC61_consensus_vsearch	660	G	G	193	1	0.51%	2	1	93	93	0.4999999999999138	1	1	89	104	0	1	+C
F1_BC61_consensus_vsearch	661	C	C	193	1	0.51%	2	1	93	93	0.4999999999999138	1	1	90	103	0	1	+T
F1_BC61_consensus_vsearch	662	T	Y	187	7	3.61%	2	2	93	93	0.007394057154213738	1	1	87	100	3	4	C
F1_BC61_consensus_vsearch	663	A	A	194	1	0.51%	2	1	93	93	0.4999999999999138	1	1	89	105	1	0	+C
F1_BC61_consensus_vsearch	664	C	C	188	3	1.53%	2	1	93	93	0.124015748031514	1	1	86	102	0	3	-T
F1_BC61_consensus_vsearch	665	T	Y	166	23	12.17%	2	1	93	93	5.8482802600091984E-8	1	1	87	79	0	23	C
F1_BC61_consensus_vsearch	666	G	G	192	0	0%	2	0	93	0	1.0	1	0	87	105	0	0	
F1_BC61_consensus_vsearch	667	C	C	193	0	0%	2	0	93	0	1.0	1	0	88	105	0	0	
F1_BC61_consensus_vsearch	668	C	C	189	3	1.54%	2	2	93	93	0.12402088772842607	1	1	86	103	1	2	T
F1_BC61_consensus_vsearch	669	A	A	185	4	2.07%	2	1	93	93	0.061506631299724945	1	1	81	104	4	0	-C
F1_BC61_consensus_vsearch	670	C	C	184	3	1.58%	2	1	93	93	0.12399463806966378	1	1	82	102	3	0	G
F1_BC61_consensus_vsearch	671	C	C	188	5	2.56%	2	2	93	93	0.030441490624263247	1	1	85	103	4	1	-A
F1_BC61_consensus_vsearch	672	A	A	188	1	0.53%	2	1	93	93	0.5000000000001412	1	1	84	104	1	0	G
F1_BC61_consensus_vsearch	673	A	A	195	0	0%	2	0	93	0	1.0	1	0	90	105	0	0	
F1_BC61_consensus_vsearch	674	G	G	194	1	0.51%	2	1	93	93	0.4999999999999138	1	1	90	104	0	1	+C
F1_BC61_consensus_vsearch	675	A	A	193	1	0.51%	2	1	93	93	0.4999999999999138	1	1	89	104	0	1	-T
F1_BC61_consensus_vsearch	676	T	T	194	1	0.51%	2	1	93	93	0.4999999999999138	1	1	89	105	1	0	+CC
F1_BC61_consensus_vsearch	677	C	C	194	1	0.51%	2	1	93	93	0.4999999999999138	1	1	89	105	1	0	+T
F1_BC61_consensus_vsearch	678	G	G	191	2	1.03%	2	1	93	93	0.24935064935068132	1	1	88	103	2	0	A
F1_BC61_consensus_vsearch	679	G	G	194	1	0.51%	2	1	93	93	0.4999999999999138	1	1	88	106	1	0	A
F1_BC61_consensus_vsearch	680	C	C	185	4	2.04%	2	2	93	93	0.061506631299724945	1	1	86	99	2	2	T
F1_BC61_consensus_vsearch	681	A	A	183	6	3.08%	2	1	93	93	0.015008284680098535	1	1	85	98	0	6	+C
F1_BC61_consensus_vsearch	682	C	C	187	4	2.07%	2	2	93	93	0.06151704651694607	1	1	86	101	1	3	-T
F1_BC61_consensus_vsearch	683	T	Y	156	13	6.81%	2	2	93	93	9.605371832867716E-5	1	1	80	76	1	12	C
F1_BC61_consensus_vsearch	684	A	A	180	2	1.09%	2	1	93	93	0.24931129476584768	1	1	82	98	0	2	C
F1_BC61_consensus_vsearch	685	G	G	187	6	3.06%	2	1	93	93	0.015020997998324731	1	1	81	106	6	0	-A
F1_BC61_consensus_vsearch	686	A	A	178	5	2.67%	2	1	93	93	0.0303973734857873	1	1	75	103	5	0	-G
F1_BC61_consensus_vsearch	687	G	G	186	2	1.06%	2	2	93	93	0.24933333333336263	1	1	81	105	1	1	A
F1_BC61_consensus_vsearch	688	G	G	196	0	0%	2	0	93	0	1.0	1	0	90	106	0	0	
F1_BC61_consensus_vsearch	689	C	Y	185	11	5.61%	2	1	93	93	4.227182557705049E-4	1	1	90	95	0	11	T
F1_BC61_consensus_vsearch	690	T	T	193	3	1.53%	2	1	93	93	0.12404092071614016	1	1	90	103	0	3	C
F1_BC61_consensus_vsearch	691	G	G	195	1	0.51%	2	1	93	93	0.5000000000001412	1	1	90	105	0	1	A
F1_BC61_consensus_vsearch	692	C	C	188	5	2.55%	2	1	93	93	0.030441490624263247	1	1	90	98	0	5	-T
F1_BC61_consensus_vsearch	693	T	*/-C	170	14	7.37%	2	1	93	93	4.721392964410002E-5	1	1	76	94	14	0	-C
F1_BC61_consensus_vsearch	694	C	C	180	1	0.55%	2	1	93	93	0.5000000000001412	1	1	76	104	0	1	+G
F1_BC61_consensus_vsearch	695	C	C	193	2	1.02%	2	1	93	93	0.24935732647820702	1	1	88	105	2	0	-A
F1_BC61_consensus_vsearch	696	A	A	192	1	0.52%	2	1	93	93	0.4999999999999138	1	1	87	105	0	1	-GC
F1_BC61_consensus_vsearch	697	G	G	189	3	1.55%	2	1	93	93	0.12402088772842607	1	1	84	105	3	0	-C
F1_BC61_consensus_vsearch	698	C	C	188	1	0.53%	2	1	93	93	0.5000000000001412	1	1	83	105	1	0	A
F1_BC61_consensus_vsearch	699	C	C	190	2	1.03%	2	1	93	93	0.2493472584856949	1	1	85	105	2	0	-AC
F1_BC61_consensus_vsearch	700	A	A	188	3	1.55%	2	1	93	93	0.124015748031514	1	1	82	106	3	0	G
F1_BC61_consensus_vsearch	701	C	C	191	1	0.52%	2	1	93	93	0.5000000000001412	1	1	85	106	1	0	+AC
F1_BC61_consensus_vsearch	702	G	G	191	3	1.54%	2	1	93	93	0.1240310077519331	1	1	88	103	0	3	+C
F1_BC61_consensus_vsearch	703	C	C	193	2	1.03%	2	2	93	93	0.24935732647820702	1	1	88	105	1	1	-TC
F1_BC61_consensus_vsearch	704	T	T	186	2	1.03%	2	1	93	93	0.24933333333336263	1	1	85	101	2	0	+C
F1_BC61_consensus_vsearch	705	C	C	186	3	1.56%	2	1	93	93	0.1240053050397967	1	1	84	102	3	0	-A
F1_BC61_consensus_vsearch	706	A	A	187	3	1.57%	2	2	93	93	0.12401055408976878	1	1	82	105	2	1	G
F1_BC61_consensus_vsearch	707	C	C	192	1	0.52%	2	1	93	93	0.4999999999999138	1	1	87	105	0	1	+AT
F1_BC61_consensus_vsearch	708	G	G	193	2	1.02%	2	1	93	93	0.24935732647820702	1	1	90	103	0	2	-CG
F1_BC61_consensus_vsearch	709	C	C	189	3	1.55%	2	2	93	93	0.12402088772842607	1	1	87	102	2	1	T
F1_BC61_consensus_vsearch	710	G	G	189	2	1.04%	2	1	93	93	0.24934383202100482	1	1	87	102	2	0	+A
F1_BC61_consensus_vsearch	711	T	*/-C	178	13	6.7%	2	1	93	93	9.88359399902161E-5	1	1	74	104	13	0	-C
F1_BC61_consensus_vsearch	712	C	C	181	1	0.55%	2	1	93	93	0.4999999999999138	1	1	77	104	0	1	A
F1_BC61_consensus_vsearch	713	C	C	193	1	0.51%	2	1	93	93	0.4999999999999138	1	1	88	105	1	0	-A
F1_BC61_consensus_vsearch	714	A	A	188	6	3.09%	2	2	93	93	0.015024094855898527	1	1	84	104	4	2	G
F1_BC61_consensus_vsearch	715	G	R	178	14	7.18%	2	2	93	93	4.774059764537521E-5	1	1	75	103	13	1	A
F1_BC61_consensus_vsearch	716	C	C	190	2	1.04%	2	1	93	93	0.2493472584856949	1	1	85	105	2	0	+AA
F1_BC61_consensus_vsearch	717	C	*/-T	183	9	4.62%	2	2	93	93	0.0017745564291022078	1	1	87	96	1	8	-T
F1_BC61_consensus_vsearch	718	T	T	186	0	0%	2	0	93	0	1.0	1	0	89	97	0	0	
F1_BC61_consensus_vsearch	719	T	T	193	1	0.51%	2	1	93	93	0.4999999999999138	1	1	90	103	0	1	-C
F1_BC61_consensus_vsearch	720	C	*/-TC	175	18	9.28%	2	1	93	93	2.51811159354104E-6	1	1	89	86	0	18	-TC
F1_BC61_consensus_vsearch	721	T	*/+C	161	16	8.99%	2	1	93	93	1.070303573670079E-5	1	1	74	87	16	0	+C
F1_BC61_consensus_vsearch	722	C	C	172	3	1.69%	2	1	93	93	0.12392550143270233	1	1	86	86	3	0	+A
F1_BC61_consensus_vsearch	723	A	A	191	3	1.53%	2	1	93	93	0.1240310077519331	1	1	86	105	3	0	G
F1_BC61_consensus_vsearch	724	G	R	181	10	5.1%	2	1	93	93	8.654248463553992E-4	1	1	75	106	10	0	A
F1_BC61_consensus_vsearch	725	C	C	191	1	0.51%	2	1	93	93	0.5000000000001412	1	1	88	103	0	1	+A
F1_BC61_consensus_vsearch	726	A	A	194	0	0%	2	0	93	0	1.0	1	0	89	105	0	0	
F1_BC61_consensus_vsearch	727	A	A	195	0	0%	2	0	93	0	1.0	1	0	90	105	0	0	
F1_BC61_consensus_vsearch	728	A	A	194	1	0.51%	2	1	93	93	0.4999999999999138	1	1	88	106	1	0	-T
F1_BC61_consensus_vsearch	729	T	T	194	0	0%	2	0	93	0	1.0	1	0	88	106	0	0	
F1_BC61_consensus_vsearch	730	T	T	192	2	1.03%	2	1	93	93	0.2493540051679821	1	1	89	103	0	2	-A
F1_BC61_consensus_vsearch	731	A	A	192	1	0.52%	2	1	93	93	0.4999999999999138	1	1	89	103	1	0	C
F1_BC61_consensus_vsearch	732	A	R	180	8	4.08%	2	2	93	93	0.00362041635085765	1	1	82	98	7	1	G
F1_BC61_consensus_vsearch	733	C	C	187	1	0.53%	2	1	93	93	0.4999999999999138	1	1	88	99	1	0	+A
F1_BC61_consensus_vsearch	734	C	C	194	1	0.51%	2	1	93	93	0.4999999999999138	1	1	90	104	0	1	-T
F1_BC61_consensus_vsearch	735	T	T	185	3	1.55%	2	2	93	93	0.12399999999998497	1	1	85	100	2	1	+C
F1_BC61_consensus_vsearch	736	C	C	191	0	0%	2	0	93	0	1.0	1	0	88	103	0	0	
F1_BC61_consensus_vsearch	737	C	*/-AC	182	11	5.67%	2	1	93	93	4.217452292539659E-4	1	1	77	105	11	0	-AC
F1_BC61_consensus_vsearch	738	A	A	182	1	0.55%	2	1	93	93	0.4999999999999138	1	1	76	106	1	0	G
F1_BC61_consensus_vsearch	739	C	C	181	1	0.54%	2	1	93	93	0.4999999999999138	1	1	76	105	1	0	+A
F1_BC61_consensus_vsearch	740	G	*/-C	159	21	10.77%	2	2	93	93	2.567861096223351E-7	1	1	78	81	7	14	-C
F1_BC61_consensus_vsearch	741	C	*/+T	154	10	5.85%	2	1	93	93	8.478730484464233E-4	1	1	83	71	0	10	+T
F1_BC61_consensus_vsearch	742	C	Y	182	7	3.65%	2	1	93	93	0.007383107786177688	1	1	89	93	0	7	T
F1_BC61_consensus_vsearch	743	C	C	187	2	1.03%	2	1	93	93	0.24933687002661706	1	1	88	99	0	2	+T
F1_BC61_consensus_vsearch	744	T	*/-C	177	7	3.63%	2	2	93	93	0.007371570136883838	1	1	78	99	5	2	-C
F1_BC61_consensus_vsearch	745	C	C	185	1	0.54%	2	1	93	93	0.5000000000001412	1	1	85	100	0	1	+TTC
F1_BC61_consensus_vsearch	746	C	*/+T	179	12	6.19%	2	1	93	93	2.0429775305230596E-4	1	1	89	90	0	12	+T
F1_BC61_consensus_vsearch	747	T	Y	177	9	4.66%	2	1	93	93	0.0017689474455757383	1	1	90	87	0	9	C
F1_BC61_consensus_vsearch	748	A	A	180	5	2.6%	2	1	93	93	0.030406577907750046	1	1	86	94	0	5	-C
F1_BC61_consensus_vsearch	749	C	*/-T	166	23	12.11%	2	1	93	93	5.8482802600091984E-8	1	1	90	76	0	23	-T
F1_BC61_consensus_vsearch	750	T	T	161	5	2.89%	2	2	93	93	0.030310195685913578	1	1	84	77	3	2	+C
F1_BC61_consensus_vsearch	751	C	C	189	1	0.52%	2	1	93	93	0.5000000000001412	1	1	86	103	0	1	+T
F1_BC61_consensus_vsearch	752	C	C	193	2	1.03%	2	1	93	93	0.24935732647820702	1	1	90	103	0	2	T
F1_BC61_consensus_vsearch	753	A	A	189	4	2.04%	2	2	93	93	0.061527245600347336	1	1	86	103	3	1	G
F1_BC61_consensus_vsearch	754	T	T	188	4	2.05%	2	2	93	93	0.061522172652713904	1	1	88	100	1	3	C
F1_BC61_consensus_vsearch	755	G	G	184	5	2.59%	2	1	93	93	0.030424403183015276	1	1	83	101	5	0	+C
F1_BC61_consensus_vsearch	756	C	C	189	2	1.03%	2	2	93	93	0.24934383202100482	1	1	88	101	1	1	A
F1_BC61_consensus_vsearch	757	C	C	192	2	1.02%	2	1	93	93	0.2493540051679821	1	1	89	103	0	2	+G
F1_BC61_consensus_vsearch	758	G	G	195	1	0.51%	2	1	93	93	0.5000000000001412	1	1	89	106	1	0	A
F1_BC61_consensus_vsearch	759	G	G	192	3	1.53%	2	1	93	93	0.12403598971719802	1	1	87	105	3	0	A
F1_BC61_consensus_vsearch	760	C	C	185	4	2.05%	2	2	93	93	0.061506631299724945	1	1	83	102	2	2	+A
F1_BC61_consensus_vsearch	761	A	A	190	1	0.52%	2	1	93	93	0.4999999999999138	1	1	88	102	0	1	+GCA
F1_BC61_consensus_vsearch	762	A	A	191	1	0.51%	2	1	93	93	0.5000000000001412	1	1	87	104	1	0	+G
F1_BC61_consensus_vsearch	763	G	G	180	6	3.09%	2	1	93	93	0.014998392876323086	1	1	77	103	6	0	A
F1_BC61_consensus_vsearch	764	C	C	187	2	1.05%	2	1	93	93	0.24933687002661706	1	1	84	103	2	0	T
F1_BC61_consensus_vsearch	765	C	*/-G	180	11	5.61%	2	1	93	93	4.2108036879098717E-4	1	1	89	91	0	11	-G
F1_BC61_consensus_vsearch	766	G	G	182	2	1.08%	2	1	93	93	0.2493188010900035	1	1	89	93	0	2	T
F1_BC61_consensus_vsearch	767	G	G	195	1	0.51%	2	1	93	93	0.5000000000001412	1	1	90	105	0	1	T
F1_BC61_consensus_vsearch	768	A	A	194	1	0.51%	2	1	93	93	0.4999999999999138	1	1	89	105	0	1	+C
F1_BC61_consensus_vsearch	769	C	C	193	2	1.02%	2	1	93	93	0.24935732647820702	1	1	89	104	0	2	T
F1_BC61_consensus_vsearch	770	A	A	193	1	0.51%	2	1	93	93	0.4999999999999138	1	1	88	105	1	0	-T
F1_BC61_consensus_vsearch	771	T	T	188	2	1.03%	2	1	93	93	0.2493403693931866	1	1	87	101	2	0	+A
F1_BC61_consensus_vsearch	772	G	G	190	1	0.52%	2	1	93	93	0.4999999999999138	1	1	88	102	1	0	+A
F1_BC61_consensus_vsearch	773	G	G	194	1	0.51%	2	1	93	93	0.4999999999999138	1	1	88	106	1	0	+A
F1_BC61_consensus_vsearch	774	G	*/+C	184	7	3.57%	2	1	93	93	0.007387555568979833	1	1	78	106	7	0	+C
F1_BC61_consensus_vsearch	775	C	C	192	1	0.52%	2	1	93	93	0.4999999999999138	1	1	87	105	1	0	+G
F1_BC61_consensus_vsearch	776	C	C	185	4	2.04%	2	2	93	93	0.061506631299724945	1	1	83	102	1	3	T
F1_BC61_consensus_vsearch	777	A	A	186	4	2.05%	2	1	93	93	0.061511866352189214	1	1	81	105	4	0	-T
F1_BC61_consensus_vsearch	778	T	T	182	4	2.09%	2	2	93	93	0.061490587951709585	1	1	81	101	2	2	C
F1_BC61_consensus_vsearch	779	G	G	182	3	1.57%	2	1	93	93	0.12398373983732354	1	1	81	101	3	0	+C
F1_BC61_consensus_vsearch	780	C	C	182	3	1.59%	2	1	93	93	0.12398373983732354	1	1	85	97	0	3	A
F1_BC61_consensus_vsearch	781	A	A	191	2	1.03%	2	2	93	93	0.24935064935068132	1	1	88	103	1	1	+CA
F1_BC61_consensus_vsearch	782	T	T	187	2	1.04%	2	1	93	93	0.24933687002661706	1	1	87	100	2	0	+C
F1_BC61_consensus_vsearch	783	C	C	192	1	0.52%	2	1	93	93	0.4999999999999138	1	1	89	103	0	1	+G
F1_BC61_consensus_vsearch	784	G	R	187	7	3.59%	2	1	93	93	0.007394057154213738	1	1	82	105	7	0	A
F1_BC61_consensus_vsearch	785	G	G	195	1	0.51%	2	1	93	93	0.5000000000001412	1	1	89	106	1	0	A
F1_BC61_consensus_vsearch	786	T	T	194	2	1.02%	2	2	93	93	0.24936061381078306	1	1	89	105	1	1	C
F1_BC61_consensus_vsearch	787	G	G	194	1	0.51%	2	1	93	93	0.4999999999999138	1	1	88	106	1	0	-C
F1_BC61_consensus_vsearch	788	C	C	192	1	0.51%	2	1	93	93	0.4999999999999138	1	1	88	104	0	1	+G
F1_BC61_consensus_vsearch	789	T	T	182	5	2.55%	2	2	93	93	0.030415585729470396	1	1	83	99	4	1	+G
F1_BC61_consensus_vsearch	790	A	*/-G	173	10	5.18%	2	2	93	93	8.60743791896823E-4	1	1	81	92	2	8	-G
F1_BC61_consensus_vsearch	791	G	G	179	4	2.15%	2	2	93	93	0.061474017887485174	1	1	83	96	3	1	A
F1_BC61_consensus_vsearch	792	G	G	193	1	0.51%	2	1	93	93	0.4999999999999138	1	1	88	105	1	0	+A
F1_BC61_consensus_vsearch	793	C	C	188	3	1.53%	2	2	93	93	0.124015748031514	1	1	84	104	2	1	-T
F1_BC61_consensus_vsearch	794	T	T	187	1	0.53%	2	1	93	93	0.4999999999999138	1	1	83	104	1	0	C
F1_BC61_consensus_vsearch	795	T	*/-A	169	15	7.85%	2	2	93	93	2.2673356043783E-5	1	1	70	99	14	1	-A
F1_BC61_consensus_vsearch	796	A	A	172	3	1.7%	2	2	93	93	0.12392550143270233	1	1	72	100	2	1	C
F1_BC61_consensus_vsearch	797	A	A	187	5	2.59%	2	2	93	93	0.030437285417662132	1	1	88	99	2	3	G
F1_BC61_consensus_vsearch	798	G	G	191	3	1.54%	2	2	93	93	0.1240310077519331	1	1	88	103	1	2	-C
F1_BC61_consensus_vsearch	799	C	C	190	2	1.04%	2	2	93	93	0.2493472584856949	1	1	87	103	1	1	+TA
F1_BC61_consensus_vsearch	800	G	G	193	1	0.51%	2	1	93	93	0.4999999999999138	1	1	88	105	1	0	-C
F1_BC61_consensus_vsearch	801	C	C	190	2	1.04%	2	2	93	93	0.2493472584856949	1	1	87	103	1	1	T
F1_BC61_consensus_vsearch	802	C	C	194	1	0.51%	2	1	93	93	0.4999999999999138	1	1	90	104	0	1	T
F1_BC61_consensus_vsearch	803	A	A	194	1	0.51%	2	1	93	93	0.4999999999999138	1	1	90	104	0	1	G
F1_BC61_consensus_vsearch	804	T	T	194	1	0.51%	2	1	93	93	0.4999999999999138	1	1	88	106	1	0	-C
F1_BC61_consensus_vsearch	805	C	C	194	1	0.51%	2	1	93	93	0.4999999999999138	1	1	88	106	1	0	+ACC
F1_BC61_consensus_vsearch	806	C	C	195	1	0.51%	2	1	93	93	0.5000000000001412	1	1	89	106	1	0	-A
F1_BC61_consensus_vsearch	807	A	*/-T	167	12	6.15%	2	2	93	93	2.0179123643446653E-4	1	1	71	96	5	7	-T
F1_BC61_consensus_vsearch	808	T	T	181	1	0.55%	2	1	93	93	0.4999999999999138	1	1	85	96	0	1	+C
F1_BC61_consensus_vsearch	809	T	T	195	0	0%	2	0	93	0	1.0	1	0	90	105	0	0	
F1_BC61_consensus_vsearch	810	T	T	193	1	0.51%	2	1	93	93	0.4999999999999138	1	1	90	103	0	1	+CC
F1_BC61_consensus_vsearch	811	T	T	188	3	1.53%	2	1	93	93	0.124015748031514	1	1	86	102	3	0	+C
F1_BC61_consensus_vsearch	812	C	C	191	1	0.52%	2	1	93	93	0.5000000000001412	1	1	90	101	0	1	+G
F1_BC61_consensus_vsearch	813	A	*/-G	172	11	5.7%	2	1	93	93	4.1828279774789115E-4	1	1	83	89	0	11	-G
F1_BC61_consensus_vsearch	814	G	G	183	0	0%	2	0	93	0	1.0	1	0	90	93	0	0	
F1_BC61_consensus_vsearch	815	G	G	191	2	1.03%	2	1	93	93	0.24935064935068132	1	1	88	103	2	0	+A
F1_BC61_consensus_vsearch	816	G	G	192	2	1.03%	2	1	93	93	0.2493540051679821	1	1	88	104	2	0	-C
F1_BC61_consensus_vsearch	817	C	C	193	0	0%	2	0	93	0	1.0	1	0	88	105	0	0	
F1_BC61_consensus_vsearch	818	C	C	191	2	1.02%	2	1	93	93	0.24935064935068132	1	1	87	104	2	0	+A
F1_BC61_consensus_vsearch	819	G	G	192	3	1.53%	2	2	93	93	0.12403598971719802	1	1	87	105	2	1	-A
F1_BC61_consensus_vsearch	820	A	A	190	2	1.04%	2	2	93	93	0.2493472584856949	1	1	86	104	1	1	-G
F1_BC61_consensus_vsearch	821	G	G	188	2	1.03%	2	1	93	93	0.2493403693931866	1	1	87	101	0	2	+T
F1_BC61_consensus_vsearch	822	C	C	189	5	2.56%	2	1	93	93	0.030445652538661657	1	1	90	99	0	5	T
F1_BC61_consensus_vsearch	823	G	G	195	1	0.51%	2	1	93	93	0.5000000000001412	1	1	89	106	1	0	A
F1_BC61_consensus_vsearch	824	A	A	191	3	1.53%	2	1	93	93	0.1240310077519331	1	1	89	102	0	3	-T
F1_BC61_consensus_vsearch	825	T	T	186	6	3.11%	2	1	93	93	0.015017869058322414	1	1	89	97	0	6	+C
F1_BC61_consensus_vsearch	826	T	T	189	5	2.55%	2	1	93	93	0.030445652538661657	1	1	90	99	0	5	-C
F1_BC61_consensus_vsearch	827	C	C	182	4	2.09%	2	1	93	93	0.061490587951709585	1	1	90	92	0	4	+G
F1_BC61_consensus_vsearch	828	G	G	192	0	0%	2	0	93	0	1.0	1	0	90	102	0	0	
F1_BC61_consensus_vsearch	829	G	G	190	2	1.03%	2	1	93	93	0.2493472584856949	1	1	89	101	0	2	-CA
F1_BC61_consensus_vsearch	830	C	C	185	2	1.05%	2	1	93	93	0.24932975871318122	1	1	88	97	2	0	-A
F1_BC61_consensus_vsearch	831	A	A	178	6	3.19%	2	2	93	93	0.014991620166021489	1	1	83	95	5	1	G
F1_BC61_consensus_vsearch	832	G	G	183	3	1.59%	2	1	93	93	0.12398921832883274	1	1	89	94	0	3	T
F1_BC61_consensus_vsearch	833	G	G	193	1	0.52%	2	1	93	93	0.4999999999999138	1	1	89	104	1	0	+AG
F1_BC61_consensus_vsearch	834	T	*/-AA	173	7	3.59%	2	2	93	93	0.007361883903780164	1	1	82	91	1	6	-AA
F1_BC61_consensus_vsearch	835	A	A	175	4	2.22%	2	2	93	93	0.06145105929696947	1	1	79	96	3	1	G
F1_BC61_consensus_vsearch	836	A	A	179	4	2.15%	2	1	93	93	0.061474017887485174	1	1	83	96	4	0	G
F1_BC61_consensus_vsearch	837	G	G	187	2	1.04%	2	1	93	93	0.24933687002661706	1	1	85	102	2	0	+A
F1_BC61_consensus_vsearch	838	T	T	189	3	1.56%	2	1	93	93	0.12402088772842607	1	1	89	100	0	3	C
F1_BC61_consensus_vsearch	839	T	T	187	2	1.04%	2	1	93	93	0.24933687002661706	1	1	85	102	2	0	+C
F1_BC61_consensus_vsearch	840	G	G	188	4	2.07%	2	1	93	93	0.061522172652713904	1	1	84	104	4	0	A
F1_BC61_consensus_vsearch	841	T	T	190	2	1.04%	2	1	93	93	0.2493472584856949	1	1	88	102	0	2	C
F1_BC61_consensus_vsearch	842	T	T	189	2	1.03%	2	1	93	93	0.24934383202100482	1	1	87	102	0	2	C
F1_BC61_consensus_vsearch	843	A	A	190	3	1.54%	2	2	93	93	0.12402597402595401	1	1	87	103	1	2	G
F1_BC61_consensus_vsearch	844	C	C	187	4	2.04%	2	1	93	93	0.06151704651694607	1	1	84	103	4	0	-ACAC
F1_BC61_consensus_vsearch	845	A	R	182	7	3.66%	2	2	93	93	0.007383107786177688	1	1	80	102	5	2	G
F1_BC61_consensus_vsearch	846	C	*/-AC	153	33	17.28%	2	2	93	93	2.45216338452333E-11	1	1	53	100	32	1	-AC
F1_BC61_consensus_vsearch	847	A	A	154	3	1.9%	2	1	93	93	0.1238019169328877	1	1	51	103	3	0	G
F1_BC61_consensus_vsearch	848	C	*/-T	144	8	5.03%	2	1	93	93	0.003554210649086613	1	1	53	91	0	8	-T
F1_BC61_consensus_vsearch	849	T	Y	179	7	3.72%	2	1	93	93	0.007376258791632204	1	1	90	89	0	7	C
F1_BC61_consensus_vsearch	850	T	Y	176	7	3.57%	2	1	93	93	0.007369187819667051	1	1	89	87	0	7	C
F1_BC61_consensus_vsearch	851	C	*/-T	173	7	3.83%	2	1	93	93	0.007361883903780164	1	1	87	86	0	7	-T
F1_BC61_consensus_vsearch	852	T	T	175	1	0.56%	2	1	93	93	0.4999999999999138	1	1	88	87	0	1	+CT
F1_BC61_consensus_vsearch	853	T	T	190	1	0.52%	2	1	93	93	0.4999999999999138	1	1	88	102	0	1	+CTT
F1_BC61_consensus_vsearch	854	A	A	191	4	2.05%	2	1	93	93	0.06153723520852315	1	1	85	106	4	0	G
F1_BC61_consensus_vsearch	855	G	G	194	1	0.51%	2	1	93	93	0.4999999999999138	1	1	88	106	1	0	-CGGA
F1_BC61_consensus_vsearch	856	C	C	194	0	0%	2	0	93	0	1.0	1	0	88	106	0	0	
F1_BC61_consensus_vsearch	857	G	G	195	0	0%	2	0	93	0	1.0	1	0	89	106	0	0	
F1_BC61_consensus_vsearch	858	G	G	194	1	0.51%	2	1	93	93	0.4999999999999138	1	1	89	105	0	1	-AT
F1_BC61_consensus_vsearch	859	A	A	192	2	1.03%	2	2	93	93	0.2493540051679821	1	1	88	104	1	1	G
F1_BC61_consensus_vsearch	860	T	T	195	0	0%	2	0	93	0	1.0	1	0	90	105	0	0	
F1_BC61_consensus_vsearch	861	G	G	195	1	0.51%	2	1	93	93	0.5000000000001412	1	1	90	105	0	1	-CCG
F1_BC61_consensus_vsearch	862	C	C	193	1	0.51%	2	1	93	93	0.4999999999999138	1	1	88	105	1	0	+TGC
F1_BC61_consensus_vsearch	863	C	C	189	2	1.03%	2	1	93	93	0.24934383202100482	1	1	86	103	2	0	-G
F1_BC61_consensus_vsearch	864	G	G	191	2	1.04%	2	2	93	93	0.24935064935068132	1	1	87	104	1	1	A
F1_BC61_consensus_vsearch	865	A	A	187	5	2.55%	2	2	93	93	0.030437285417662132	1	1	87	100	1	4	+T
F1_BC61_consensus_vsearch	866	C	*/-T	175	12	6.19%	2	2	93	93	2.0349578218661617E-4	1	1	81	94	5	7	-T
F1_BC61_consensus_vsearch	867	T	T	173	4	2.21%	2	1	93	93	0.06143919033436361	1	1	81	92	0	4	+C
F1_BC61_consensus_vsearch	868	T	*/-C	168	16	8.25%	2	2	93	93	1.0854949494039784E-5	1	1	76	92	3	13	-C
F1_BC61_consensus_vsearch	869	C	C	171	2	1.12%	2	2	93	93	0.24927536231888334	1	1	83	88	1	1	A
F1_BC61_consensus_vsearch	870	C	C	188	3	1.54%	2	2	93	93	0.124015748031514	1	1	87	101	1	2	T
F1_BC61_consensus_vsearch	871	A	A	188	3	1.55%	2	2	93	93	0.124015748031514	1	1	86	102	1	2	G
F1_BC61_consensus_vsearch	872	T	T	186	3	1.57%	2	2	93	93	0.1240053050397967	1	1	85	101	2	1	-G
F1_BC61_consensus_vsearch	873	G	G	187	2	1.05%	2	1	93	93	0.24933687002661706	1	1	85	102	0	2	+C
F1_BC61_consensus_vsearch	874	G	G	193	2	1.02%	2	1	93	93	0.24935732647820702	1	1	87	106	2	0	A
F1_BC61_consensus_vsearch	875	C	C	193	2	1.02%	2	1	93	93	0.24935732647820702	1	1	88	105	2	0	T
F1_BC61_consensus_vsearch	876	C	C	190	5	2.55%	2	2	93	93	0.03044977182598529	1	1	86	104	3	2	T
F1_BC61_consensus_vsearch	877	A	A	190	3	1.53%	2	1	93	93	0.12402597402595401	1	1	84	106	3	0	G
F1_BC61_consensus_vsearch	878	C	C	192	1	0.51%	2	1	93	93	0.4999999999999138	1	1	87	105	1	0	+A
F1_BC61_consensus_vsearch	879	C	C	193	1	0.51%	2	1	93	93	0.4999999999999138	1	1	89	104	0	1	+GG
F1_BC61_consensus_vsearch	880	G	G	192	3	1.53%	2	1	93	93	0.12403598971719802	1	1	86	106	3	0	A
F1_BC61_consensus_vsearch	881	T	T	185	5	2.56%	2	1	93	93	0.030428742397642147	1	1	82	103	5	0	-C
F1_BC61_consensus_vsearch	882	C	C	186	3	1.58%	2	1	93	93	0.1240053050397967	1	1	80	106	3	0	+A
F1_BC61_consensus_vsearch	883	C	C	191	2	1.03%	2	1	93	93	0.24935064935068132	1	1	88	103	0	2	-TG
F1_BC61_consensus_vsearch	884	T	T	184	5	2.59%	2	1	93	93	0.030424403183015276	1	1	88	96	0	5	C
F1_BC61_consensus_vsearch	885	G	G	189	2	1.04%	2	2	93	93	0.24934383202100482	1	1	86	103	1	1	A
F1_BC61_consensus_vsearch	886	C	C	192	2	1.03%	2	1	93	93	0.2493540051679821	1	1	89	103	0	2	-T
F1_BC61_consensus_vsearch	887	T	T	183	4	2.06%	2	2	93	93	0.061495993004889796	1	1	86	97	1	3	C
F1_BC61_consensus_vsearch	888	G	R	187	7	3.57%	2	1	93	93	0.007394057154213738	1	1	82	105	7	0	A
F1_BC61_consensus_vsearch	889	T	T	193	1	0.51%	2	1	93	93	0.4999999999999138	1	1	88	105	0	1	+GGT
F1_BC61_consensus_vsearch	890	C	C	194	1	0.51%	2	1	93	93	0.4999999999999138	1	1	89	105	0	1	+A
F1_BC61_consensus_vsearch	891	A	A	191	5	2.55%	2	1	93	93	0.030453849137731474	1	1	90	101	0	5	-TCA
F1_BC61_consensus_vsearch	892	T	T	187	1	0.52%	2	1	93	93	0.4999999999999138	1	1	88	99	0	1	+G
F1_BC61_consensus_vsearch	893	C	C	186	1	0.53%	2	1	93	93	0.4999999999999138	1	1	86	100	1	0	+TT
F1_BC61_consensus_vsearch	894	A	A	185	2	1.06%	2	1	93	93	0.24932975871318122	1	1	86	99	2	0	-C
F1_BC61_consensus_vsearch	895	C	C	189	2	1.04%	2	1	93	93	0.24934383202100482	1	1	86	103	0	2	+T
F1_BC61_consensus_vsearch	896	C	Y	183	10	5.13%	2	2	93	93	8.665366458993966E-4	1	1	87	96	1	9	T
F1_BC61_consensus_vsearch	897	G	G	190	2	1.03%	2	2	93	93	0.2493472584856949	1	1	86	104	1	1	-C
F1_BC61_consensus_vsearch	898	C	C	192	0	0%	2	0	93	0	1.0	1	0	88	104	0	0	
F1_BC61_consensus_vsearch	899	C	C	193	1	0.52%	2	1	93	93	0.4999999999999138	1	1	88	105	1	0	T
F1_BC61_consensus_vsearch	900	C	Y	181	11	5.61%	2	1	93	93	4.214144486820526E-4	1	1	89	92	0	11	T
F1_BC61_consensus_vsearch	901	G	G	192	2	1.03%	2	2	93	93	0.2493540051679821	1	1	88	104	1	1	A
F1_BC61_consensus_vsearch	902	A	A	191	2	1.03%	2	2	93	93	0.24935064935068132	1	1	88	103	1	1	G
F1_BC61_consensus_vsearch	903	C	C	190	1	0.52%	2	1	93	93	0.4999999999999138	1	1	87	103	1	0	+G
F1_BC61_consensus_vsearch	904	G	G	185	5	2.59%	2	2	93	93	0.030428742397642147	1	1	87	98	2	3	-C
F1_BC61_consensus_vsearch	905	C	C	185	1	0.53%	2	1	93	93	0.5000000000001412	1	1	85	100	1	0	+G
F1_BC61_consensus_vsearch	906	C	*/-T	113	39	20.1%	2	2	93	93	1.1052295616017942E-13	1	1	64	49	9	30	-T
F1_BC61_consensus_vsearch	907	T	T	128	1	0.76%	2	1	93	93	0.4999999999999138	1	1	68	60	1	0	A
F1_BC61_consensus_vsearch	908	T	T	168	2	1.17%	2	2	93	93	0.2492625368732155	1	1	79	89	1	1	C
F1_BC61_consensus_vsearch	909	T	T	189	2	1.05%	2	1	93	93	0.24934383202100482	1	1	87	102	0	2	C
F1_BC61_consensus_vsearch	910	T	T	192	2	1.03%	2	1	93	93	0.2493540051679821	1	1	86	106	2	0	A
F1_BC61_consensus_vsearch	911	T	T	191	3	1.53%	2	1	93	93	0.1240310077519331	1	1	85	106	3	0	C
F1_BC61_consensus_vsearch	912	A	A	187	6	3.09%	2	1	93	93	0.015020997998324731	1	1	81	106	6	0	G
F1_BC61_consensus_vsearch	913	C	C	194	1	0.51%	2	1	93	93	0.4999999999999138	1	1	89	105	0	1	-A
F1_BC61_consensus_vsearch	914	A	A	189	5	2.56%	2	2	93	93	0.030445652538661657	1	1	86	103	3	2	G
F1_BC61_consensus_vsearch	915	T	T	189	2	1.02%	2	1	93	93	0.24934383202100482	1	1	85	104	2	0	+C
F1_BC61_consensus_vsearch	916	C	C	194	0	0%	2	0	93	0	1.0	1	0	88	106	0	0	
F1_BC61_consensus_vsearch	917	C	C	195	1	0.51%	2	1	93	93	0.5000000000001412	1	1	89	106	1	0	+G
F1_BC61_consensus_vsearch	918	A	A	195	1	0.51%	2	1	93	93	0.5000000000001412	1	1	89	106	1	0	-TTG
F1_BC61_consensus_vsearch	919	T	T	192	2	1.03%	2	1	93	93	0.2493540051679821	1	1	86	106	2	0	C
F1_BC61_consensus_vsearch	920	T	T	191	3	1.54%	2	2	93	93	0.1240310077519331	1	1	88	103	1	2	-G
F1_BC61_consensus_vsearch	921	G	G	192	0	0%	2	0	93	0	1.0	1	0	88	104	0	0	
F1_BC61_consensus_vsearch	922	G	*/-C	182	11	5.61%	2	1	93	93	4.217452292539659E-4	1	1	78	104	11	0	-C
F1_BC61_consensus_vsearch	923	C	C	181	1	0.54%	2	1	93	93	0.4999999999999138	1	1	77	104	0	1	+GC
F1_BC61_consensus_vsearch	924	C	C	194	1	0.51%	2	1	93	93	0.4999999999999138	1	1	90	104	0	1	+T
F1_BC61_consensus_vsearch	925	T	*/+G	180	8	4.1%	2	1	93	93	0.00362041635085765	1	1	81	99	8	0	+G
F1_BC61_consensus_vsearch	926	A	*/-G	186	7	3.57%	2	1	93	93	0.007391912172859777	1	1	81	105	7	0	-G
F1_BC61_consensus_vsearch	927	G	G	186	1	0.53%	2	1	93	93	0.4999999999999138	1	1	81	105	1	0	-A
F1_BC61_consensus_vsearch	928	A	A	190	2	1.03%	2	1	93	93	0.2493472584856949	1	1	86	104	2	0	G
F1_BC61_consensus_vsearch	929	C	C	189	3	1.55%	2	1	93	93	0.12402088772842607	1	1	88	101	0	3	-T
F1_BC61_consensus_vsearch	930	T	T	188	1	0.52%	2	1	93	93	0.5000000000001412	1	1	87	101	0	1	+C
F1_BC61_consensus_vsearch	931	T	T	191	1	0.52%	2	1	93	93	0.5000000000001412	1	1	87	104	0	1	+C
F1_BC61_consensus_vsearch	932	A	*/-G	178	14	7.22%	2	1	93	93	4.774059764537521E-5	1	1	86	92	0	14	-G
F1_BC61_consensus_vsearch	933	G	G	181	0	0%	2	0	93	0	1.0	1	0	89	92	0	0	
F1_BC61_consensus_vsearch	934	G	G	195	1	0.51%	2	1	93	93	0.5000000000001412	1	1	89	106	1	0	A
F1_BC61_consensus_vsearch	935	C	C	188	3	1.53%	2	1	93	93	0.124015748031514	1	1	87	101	0	3	+A
F1_BC61_consensus_vsearch	936	A	A	185	4	2.06%	2	2	93	93	0.061506631299724945	1	1	82	103	2	2	-C
F1_BC61_consensus_vsearch	937	C	C	183	3	1.58%	2	2	93	93	0.12398921832883274	1	1	83	100	1	2	T
F1_BC61_consensus_vsearch	938	C	C	182	5	2.58%	2	2	93	93	0.030415585729470396	1	1	86	96	2	3	-T
F1_BC61_consensus_vsearch	939	T	T	186	3	1.59%	2	1	93	93	0.1240053050397967	1	1	83	103	3	0	A
F1_BC61_consensus_vsearch	940	T	T	195	1	0.51%	2	1	93	93	0.5000000000001412	1	1	89	106	1	0	C
F1_BC61_consensus_vsearch	941	A	A	188	3	1.53%	2	1	93	93	0.124015748031514	1	1	84	104	3	0	-GCA
F1_BC61_consensus_vsearch	942	G	G	189	2	1.05%	2	2	93	93	0.24934383202100482	1	1	85	104	1	1	A
F1_BC61_consensus_vsearch	943	C	C	187	3	1.56%	2	2	93	93	0.12401055408976878	1	1	84	103	2	1	+G
F1_BC61_consensus_vsearch	944	A	A	184	3	1.57%	2	2	93	93	0.12399463806966378	1	1	84	100	2	1	C
F1_BC61_consensus_vsearch	945	T	T	182	4	2.08%	2	2	93	93	0.061490587951709585	1	1	86	96	1	3	C
F1_BC61_consensus_vsearch	946	G	G	183	6	3.16%	2	1	93	93	0.015008284680098535	1	1	83	100	6	0	A
F1_BC61_consensus_vsearch	947	G	G	186	5	2.59%	2	2	93	93	0.030433036239869853	1	1	87	99	1	4	A
F1_BC61_consensus_vsearch	948	C	C	188	4	2.06%	2	1	93	93	0.061522172652713904	1	1	87	101	0	4	T
F1_BC61_consensus_vsearch	949	G	G	190	2	1.03%	2	1	93	93	0.2493472584856949	1	1	88	102	0	2	A
F1_BC61_consensus_vsearch	950	T	T	191	3	1.53%	2	1	93	93	0.1240310077519331	1	1	90	101	0	3	C
F1_BC61_consensus_vsearch	951	T	T	187	5	2.55%	2	2	93	93	0.030437285417662132	1	1	86	101	4	1	+C
F1_BC61_consensus_vsearch	952	C	C	188	2	1.03%	2	1	93	93	0.2493403693931866	1	1	89	99	0	2	-G
F1_BC61_consensus_vsearch	953	G	G	191	1	0.52%	2	1	93	93	0.5000000000001412	1	1	90	101	0	1	A
F1_BC61_consensus_vsearch	954	G	G	188	4	2.05%	2	1	93	93	0.061522172652713904	1	1	84	104	4	0	+T
F1_BC61_consensus_vsearch	955	T	Y	185	8	4.1%	2	1	93	93	0.003627693045256358	1	1	89	96	0	8	C
F1_BC61_consensus_vsearch	956	T	T	191	2	1.02%	2	2	93	93	0.24935064935068132	1	1	89	102	1	1	C
F1_BC61_consensus_vsearch	957	G	G	194	1	0.51%	2	1	93	93	0.4999999999999138	1	1	89	105	1	0	+A
F1_BC61_consensus_vsearch	958	A	A	193	2	1.02%	2	1	93	93	0.24935732647820702	1	1	90	103	0	2	+C
F1_BC61_consensus_vsearch	959	T	*/-C	156	33	16.84%	2	2	93	93	2.519602374614848E-11	1	1	56	100	31	2	-C
F1_BC61_consensus_vsearch	960	C	C	163	0	0%	2	0	93	0	1.0	1	0	59	104	0	0	
F1_BC61_consensus_vsearch	961	C	C	186	4	2.04%	2	1	93	93	0.061511866352189214	1	1	84	102	4	0	+A
F1_BC61_consensus_vsearch	962	C	Y	159	25	12.76%	2	1	93	93	1.2434614091848803E-8	1	1	85	74	0	25	T
F1_BC61_consensus_vsearch	963	G	R	180	10	5.21%	2	1	93	93	8.648604879212406E-4	1	1	75	105	10	0	A
F1_BC61_consensus_vsearch	964	C	C	190	1	0.52%	2	1	93	93	0.4999999999999138	1	1	87	103	0	1	+AA
F1_BC61_consensus_vsearch	965	A	A	193	1	0.52%	2	1	93	93	0.4999999999999138	1	1	88	105	0	1	G
F1_BC61_consensus_vsearch	966	G	G	194	1	0.51%	2	1	93	93	0.4999999999999138	1	1	89	105	0	1	-C
F1_BC61_consensus_vsearch	967	C	C	191	3	1.54%	2	1	93	93	0.1240310077519331	1	1	86	105	3	0	-GC
F1_BC61_consensus_vsearch	968	G	G	190	2	1.04%	2	1	93	93	0.2493472584856949	1	1	86	104	0	2	A
F1_BC61_consensus_vsearch	969	C	C	191	1	0.52%	2	1	93	93	0.5000000000001412	1	1	85	106	1	0	+GC
F1_BC61_consensus_vsearch	970	C	C	193	1	0.51%	2	1	93	93	0.4999999999999138	1	1	89	104	0	1	+G
F1_BC61_consensus_vsearch	971	A	A	192	2	1.03%	2	1	93	93	0.2493540051679821	1	1	90	102	0	2	C
F1_BC61_consensus_vsearch	972	G	G	194	2	1.02%	2	1	93	93	0.24936061381078306	1	1	88	106	2	0	+T
F1_BC61_consensus_vsearch	973	T	T	195	1	0.51%	2	1	93	93	0.5000000000001412	1	1	90	105	0	1	C
F1_BC61_consensus_vsearch	974	T	T	189	5	2.55%	2	2	93	93	0.030445652538661657	1	1	86	103	2	3	C
F1_BC61_consensus_vsearch	975	C	C	188	5	2.56%	2	2	93	93	0.030441490624263247	1	1	84	104	4	1	-T
F1_BC61_consensus_vsearch	976	T	T	182	3	1.58%	2	1	93	93	0.12398373983732354	1	1	79	103	3	0	A
F1_BC61_consensus_vsearch	977	G	G	180	3	1.57%	2	1	93	93	0.12397260273979696	1	1	78	102	0	3	-C
F1_BC61_consensus_vsearch	978	C	*/-T	163	12	6.38%	2	2	93	93	2.0088438035060612E-4	1	1	72	91	9	3	-T
F1_BC61_consensus_vsearch	979	T	T	173	5	2.79%	2	1	93	93	0.030373458883600248	1	1	71	102	5	0	C
F1_BC61_consensus_vsearch	980	T	*/-A	174	13	6.67%	2	1	93	93	9.837503282500424E-5	1	1	69	105	13	0	-A
F1_BC61_consensus_vsearch	981	A	*/-C	167	8	4.44%	2	1	93	93	0.003599589021589525	1	1	62	105	8	0	-C
F1_BC61_consensus_vsearch	982	C	S	167	13	7.07%	2	1	93	93	9.752306273366467E-5	1	1	64	103	13	0	G
F1_BC61_consensus_vsearch	983	C	*/-A	140	33	17.1%	2	2	93	93	2.154037136607781E-11	1	1	69	71	9	24	-A
F1_BC61_consensus_vsearch	984	A	A	160	0	0%	2	0	93	0	1.0	1	0	78	82	0	0	
F1_BC61_consensus_vsearch	985	A	A	193	2	1.03%	2	1	93	93	0.24935732647820702	1	1	87	106	2	0	G
F1_BC61_consensus_vsearch	986	A	A	195	0	0%	2	0	93	0	1.0	1	0	89	106	0	0	
F1_BC61_consensus_vsearch	987	A	A	192	2	1.03%	2	1	93	93	0.2493540051679821	1	1	87	105	2	0	G
F1_BC61_consensus_vsearch	988	C	C	191	3	1.53%	2	2	93	93	0.1240310077519331	1	1	87	104	1	2	T
F1_BC61_consensus_vsearch	989	C	C	188	4	2.04%	2	2	93	93	0.061522172652713904	1	1	89	99	1	3	T
F1_BC61_consensus_vsearch	990	A	A	192	1	0.51%	2	1	93	93	0.4999999999999138	1	1	90	102	0	1	+G
F1_BC61_consensus_vsearch	991	G	G	185	5	2.55%	2	2	93	93	0.030428742397642147	1	1	84	101	4	1	-C
F1_BC61_consensus_vsearch	992	C	C	184	4	2.09%	2	1	93	93	0.06150134048256699	1	1	85	99	0	4	+T
F1_BC61_consensus_vsearch	993	C	C	192	4	2.04%	2	2	93	93	0.061542153465828975	1	1	89	103	1	3	T
F1_BC61_consensus_vsearch	994	C	*/-AC	186	7	3.57%	2	1	93	93	0.007391912172859777	1	1	83	103	7	0	-AC
F1_BC61_consensus_vsearch	995	A	A	187	2	1.06%	2	1	93	93	0.24933687002661706	1	1	81	106	2	0	G
F1_BC61_consensus_vsearch	996	C	*/+T	177	7	3.7%	2	1	93	93	0.007371570136883838	1	1	82	95	0	7	+T
F1_BC61_consensus_vsearch	997	T	T	189	2	1.04%	2	1	93	93	0.24934383202100482	1	1	89	100	0	2	+C
F1_BC61_consensus_vsearch	998	T	T	192	2	1.03%	2	1	93	93	0.2493540051679821	1	1	89	103	0	2	+G
F1_BC61_consensus_vsearch	999	G	G	195	1	0.51%	2	1	93	93	0.5000000000001412	1	1	90	105	0	1	A
F1_BC61_consensus_vsearch	1000	C	Y	188	7	3.57%	2	1	93	93	0.007396180372504935	1	1	90	98	0	7	T
F1_BC61_consensus_vsearch	1001	G	G	192	2	1.02%	2	2	93	93	0.2493540051679821	1	1	88	104	1	1	+C
F1_BC61_consensus_vsearch	1002	T	*/-C	187	7	3.57%	2	2	93	93	0.007394057154213738	1	1	84	103	5	2	-C
F1_BC61_consensus_vsearch	1003	C	C	188	1	0.53%	2	1	93	93	0.5000000000001412	1	1	85	103	0	1	T
F1_BC61_consensus_vsearch	1004	C	C	188	6	3.06%	2	1	93	93	0.015024094855898527	1	1	88	100	0	6	+T
F1_BC61_consensus_vsearch	1005	T	T	191	2	1.02%	2	1	93	93	0.24935064935068132	1	1	89	102	0	2	C
F1_BC61_consensus_vsearch	1006	G	G	190	2	1.03%	2	1	93	93	0.2493472584856949	1	1	89	101	0	2	+C
F1_BC61_consensus_vsearch	1007	T	T	191	2	1.03%	2	2	93	93	0.24935064935068132	1	1	88	103	1	1	-C
F1_BC61_consensus_vsearch	1008	C	C	191	1	0.52%	2	1	93	93	0.5000000000001412	1	1	87	104	1	0	+G
F1_BC61_consensus_vsearch	1009	A	*/+T	150	34	17.53%	2	2	93	93	1.0849038557321892E-11	1	1	46	104	33	1	+T
F1_BC61_consensus_vsearch	1010	T	T	181	5	2.65%	2	2	93	93	0.030411105997849117	1	1	82	99	1	4	C
F1_BC61_consensus_vsearch	1011	T	T	192	2	1.03%	2	1	93	93	0.2493540051679821	1	1	87	105	2	0	C
F1_BC61_consensus_vsearch	1012	T	T	191	2	1.02%	2	1	93	93	0.24935064935068132	1	1	89	102	0	2	+G
F1_BC61_consensus_vsearch	1013	G	G	189	4	2.05%	2	1	93	93	0.061527245600347336	1	1	84	105	4	0	-C
F1_BC61_consensus_vsearch	1014	C	C	191	1	0.52%	2	1	93	93	0.5000000000001412	1	1	86	105	0	1	+T
F1_BC61_consensus_vsearch	1015	C	C	195	1	0.51%	2	1	93	93	0.5000000000001412	1	1	90	105	0	1	+GT
F1_BC61_consensus_vsearch	1016	C	C	194	1	0.51%	2	1	93	93	0.4999999999999138	1	1	90	104	0	1	+T
F1_BC61_consensus_vsearch	1017	G	G	195	0	0%	2	0	93	0	1.0	1	0	90	105	0	0	
F1_BC61_consensus_vsearch	1018	G	G	195	1	0.51%	2	1	93	93	0.5000000000001412	1	1	90	105	0	1	-CG
F1_BC61_consensus_vsearch	1019	C	C	195	0	0%	2	0	93	0	1.0	1	0	90	105	0	0	
F1_BC61_consensus_vsearch	1020	G	G	185	6	3.08%	2	1	93	93	0.01501470753479516	1	1	90	95	0	6	-TG
F1_BC61_consensus_vsearch	1021	T	T	185	1	0.54%	2	1	93	93	0.5000000000001412	1	1	90	95	0	1	C
F1_BC61_consensus_vsearch	1022	G	G	184	2	1.08%	2	1	93	93	0.24932614555250343	1	1	88	96	2	0	A
F1_BC61_consensus_vsearch	1023	C	C	192	0	0%	2	0	93	0	1.0	1	0	90	102	0	0	
F1_BC61_consensus_vsearch	1024	C	C	189	2	1.04%	2	2	93	93	0.24934383202100482	1	1	87	102	1	1	-A
F1_BC61_consensus_vsearch	1025	A	*/-CA	176	10	5.29%	2	1	93	93	8.625446222228462E-4	1	1	85	91	0	10	-CA
F1_BC61_consensus_vsearch	1026	C	*/-A	169	7	3.83%	2	2	93	93	0.007351762655103386	1	1	79	90	6	1	-A
F1_BC61_consensus_vsearch	1027	A	R	164	8	4.62%	2	2	93	93	0.0035943445383436455	1	1	79	85	2	6	G
F1_BC61_consensus_vsearch	1028	A	A	182	4	2.09%	2	2	93	93	0.061490587951709585	1	1	86	96	2	2	G
F1_BC61_consensus_vsearch	1029	G	K	186	7	3.61%	2	1	93	93	0.007391912172859777	1	1	89	97	0	7	T
F1_BC61_consensus_vsearch	1030	G	G	194	1	0.51%	2	1	93	93	0.4999999999999138	1	1	89	105	1	0	A
F1_BC61_consensus_vsearch	1031	T	T	191	2	1.03%	2	1	93	93	0.24935064935068132	1	1	88	103	2	0	-C
F1_BC61_consensus_vsearch	1032	C	C	190	1	0.52%	2	1	93	93	0.4999999999999138	1	1	88	102	0	1	+G
F1_BC61_consensus_vsearch	1033	A	A	184	5	2.58%	2	2	93	93	0.030424403183015276	1	1	84	100	4	1	G
F1_BC61_consensus_vsearch	1034	C	C	189	2	1.04%	2	2	93	93	0.24934383202100482	1	1	87	102	1	1	T
F1_BC61_consensus_vsearch	1035	A	A	190	2	1.03%	2	1	93	93	0.2493472584856949	1	1	85	105	2	0	G
F1_BC61_consensus_vsearch	1036	G	G	192	2	1.03%	2	1	93	93	0.2493540051679821	1	1	87	105	2	0	A
F1_BC61_consensus_vsearch	1037	C	C	195	0	0%	2	0	93	0	1.0	1	0	90	105	0	0	
F1_BC61_consensus_vsearch	1038	A	A	190	4	2.04%	2	1	93	93	0.061532266183381874	1	1	90	100	0	4	+T
F1_BC61_consensus_vsearch	1039	C	*/-G	176	13	6.63%	2	2	93	93	9.860774066125673E-5	1	1	87	89	1	12	-G
F1_BC61_consensus_vsearch	1040	G	G	177	2	1.12%	2	1	93	93	0.24929971988807545	1	1	87	90	2	0	A
F1_BC61_consensus_vsearch	1041	G	G	192	0	0%	2	0	93	0	1.0	1	0	90	102	0	0	
F1_BC61_consensus_vsearch	1042	G	G	195	1	0.51%	2	1	93	93	0.5000000000001412	1	1	90	105	0	1	-A
F1_BC61_consensus_vsearch	1043	A	A	195	0	0%	2	0	93	0	1.0	1	0	90	105	0	0	
F1_BC61_consensus_vsearch	1044	T	T	193	3	1.53%	2	2	93	93	0.12404092071614016	1	1	88	105	2	1	C
F1_BC61_consensus_vsearch	1045	C	C	195	1	0.51%	2	1	93	93	0.5000000000001412	1	1	89	106	1	0	-G
F1_BC61_consensus_vsearch	1046	G	G	195	0	0%	2	0	93	0	1.0	1	0	89	106	0	0	
F1_BC61_consensus_vsearch	1047	C	C	191	3	1.53%	2	1	93	93	0.1240310077519331	1	1	88	103	0	3	T
F1_BC61_consensus_vsearch	1048	A	A	189	2	1.03%	2	2	93	93	0.24934383202100482	1	1	86	103	1	1	G
F1_BC61_consensus_vsearch	1049	T	T	187	2	1.04%	2	1	93	93	0.24933687002661706	1	1	87	100	0	2	C
F1_BC61_consensus_vsearch	1050	G	R	177	13	6.77%	2	1	93	93	9.872239569714929E-5	1	1	74	103	13	0	A
F1_BC61_consensus_vsearch	1051	C	*/-A	177	12	6.19%	2	1	93	93	2.0390075187582733E-4	1	1	89	88	0	12	-A
F1_BC61_consensus_vsearch	1052	A	A	176	4	2.2%	2	2	93	93	0.061456894735582995	1	1	85	91	2	2	T
F1_BC61_consensus_vsearch	1053	A	A	183	6	3.08%	2	2	93	93	0.015008284680098535	1	1	87	96	1	5	-T
F1_BC61_consensus_vsearch	1054	T	Y	173	13	6.84%	2	1	93	93	9.825694645134978E-5	1	1	87	86	0	13	C
F1_BC61_consensus_vsearch	1055	T	Y	173	13	6.63%	2	1	93	93	9.825694645134978E-5	1	1	88	85	0	13	C
F1_BC61_consensus_vsearch	1056	C	*/-G	170	16	8.6%	2	1	93	93	1.0896530340644042E-5	1	1	88	82	0	16	-G
F1_BC61_consensus_vsearch	1057	G	R	168	8	4.47%	2	2	93	93	0.0036012982281518587	1	1	83	85	7	1	A
F1_BC61_consensus_vsearch	1058	G	*/-A	172	23	11.73%	2	1	93	93	5.986045261644147E-8	1	1	67	105	23	0	-A
F1_BC61_consensus_vsearch	1059	A	A	172	1	0.58%	2	1	93	93	0.4999999999999138	1	1	66	106	1	0	-GT
F1_BC61_consensus_vsearch	1060	G	*/-T	186	8	4.1%	2	1	93	93	0.0036291041675517713	1	1	81	105	8	0	-T
F1_BC61_consensus_vsearch	1061	T	T	184	2	1.07%	2	2	93	93	0.24932614555250343	1	1	79	105	1	1	C
F1_BC61_consensus_vsearch	1062	T	T	194	1	0.51%	2	1	93	93	0.4999999999999138	1	1	88	106	1	0	A
F1_BC61_consensus_vsearch	1063	T	T	192	3	1.53%	2	2	93	93	0.12403598971719802	1	1	88	104	2	1	C
F1_BC61_consensus_vsearch	1064	G	G	196	0	0%	2	0	93	0	1.0	1	0	90	106	0	0	
F1_BC61_consensus_vsearch	1065	A	A	188	4	2.04%	2	2	93	93	0.061522172652713904	1	1	86	102	2	2	+G
F1_BC61_consensus_vsearch	1066	G	G	191	1	0.52%	2	1	93	93	0.5000000000001412	1	1	87	104	0	1	+C
F1_BC61_consensus_vsearch	1067	A	A	188	3	1.55%	2	1	93	93	0.124015748031514	1	1	84	104	3	0	G
F1_BC61_consensus_vsearch	1068	A	A	193	2	1.02%	2	1	93	93	0.24935732647820702	1	1	88	105	2	0	G
F1_BC61_consensus_vsearch	1069	T	T	191	2	1.02%	2	1	93	93	0.24935064935068132	1	1	86	105	2	0	G
F1_BC61_consensus_vsearch	1070	G	G	190	3	1.53%	2	2	93	93	0.12402597402595401	1	1	87	103	2	1	-A
F1_BC61_consensus_vsearch	1071	A	A	188	1	0.52%	2	1	93	93	0.5000000000001412	1	1	85	103	1	0	+G
F1_BC61_consensus_vsearch	1072	G	G	191	3	1.55%	2	2	93	93	0.1240310077519331	1	1	89	102	1	2	-C
F1_BC61_consensus_vsearch	1073	C	C	189	2	1.04%	2	2	93	93	0.24934383202100482	1	1	87	102	1	1	T
F1_BC61_consensus_vsearch	1074	C	C	183	6	3.06%	2	2	93	93	0.015008284680098535	1	1	85	98	2	4	+G
F1_BC61_consensus_vsearch	1075	G	G	187	3	1.55%	2	1	93	93	0.12401055408976878	1	1	83	104	3	0	+A
F1_BC61_consensus_vsearch	1076	A	A	180	6	3.11%	2	2	93	93	0.014998392876323086	1	1	82	98	2	4	-G
F1_BC61_consensus_vsearch	1077	G	G	185	1	0.53%	2	1	93	93	0.5000000000001412	1	1	86	99	1	0	+A
F1_BC61_consensus_vsearch	1078	G	G	189	3	1.53%	2	1	93	93	0.12402088772842607	1	1	84	105	3	0	-C
F1_BC61_consensus_vsearch	1079	C	C	188	2	1.04%	2	1	93	93	0.2493403693931866	1	1	84	104	2	0	T
F1_BC61_consensus_vsearch	1080	C	C	189	2	1.02%	2	2	93	93	0.24934383202100482	1	1	86	103	1	1	-AT
F1_BC61_consensus_vsearch	1081	A	A	185	3	1.55%	2	2	93	93	0.12399999999998497	1	1	87	98	1	2	-T
F1_BC61_consensus_vsearch	1082	T	T	183	5	2.62%	2	1	93	93	0.030420017873106126	1	1	86	97	0	5	C
F1_BC61_consensus_vsearch	1083	G	G	194	2	1.02%	2	1	93	93	0.24936061381078306	1	1	88	106	2	0	-A
F1_BC61_consensus_vsearch	1084	A	A	193	1	0.52%	2	1	93	93	0.4999999999999138	1	1	88	105	0	1	+GGA
F1_BC61_consensus_vsearch	1085	T	T	191	2	1.02%	2	2	93	93	0.24935064935068132	1	1	88	103	1	1	-G
F1_BC61_consensus_vsearch	1086	G	G	188	3	1.55%	2	1	93	93	0.124015748031514	1	1	88	100	0	3	+C
F1_BC61_consensus_vsearch	1087	G	*/-C	180	10	5.1%	2	2	93	93	8.648604879212406E-4	1	1	79	101	8	2	-C
F1_BC61_consensus_vsearch	1088	C	C	183	2	1.08%	2	1	93	93	0.2493224932250014	1	1	81	102	0	2	T
F1_BC61_consensus_vsearch	1089	C	C	193	1	0.51%	2	1	93	93	0.4999999999999138	1	1	88	105	1	0	A
F1_BC61_consensus_vsearch	1090	C	C	189	5	2.55%	2	2	93	93	0.030445652538661657	1	1	88	101	2	3	T
F1_BC61_consensus_vsearch	1091	C	Y	156	22	11.22%	2	2	93	93	1.1945866680657436E-7	1	1	82	74	1	21	T
F1_BC61_consensus_vsearch	1092	G	G	188	4	2.08%	2	1	93	93	0.061522172652713904	1	1	82	106	4	0	-A
F1_BC61_consensus_vsearch	1093	A	A	189	3	1.56%	2	1	93	93	0.12402088772842607	1	1	83	106	3	0	G
F1_BC61_consensus_vsearch	1094	G	G	194	1	0.51%	2	1	93	93	0.4999999999999138	1	1	89	105	1	0	+A
F1_BC61_consensus_vsearch	1095	A	A	191	2	1.03%	2	2	93	93	0.24935064935068132	1	1	89	102	1	1	-C
F1_BC61_consensus_vsearch	1096	C	C	188	3	1.55%	2	2	93	93	0.124015748031514	1	1	86	102	2	1	-G
F1_BC61_consensus_vsearch	1097	G	*/-C	173	10	5.21%	2	1	93	93	8.60743791896823E-4	1	1	70	103	10	0	-C
F1_BC61_consensus_vsearch	1098	C	C	176	4	2.16%	2	1	93	93	0.061456894735582995	1	1	76	100	0	4	+T
F1_BC61_consensus_vsearch	1099	C	C	188	5	2.55%	2	1	93	93	0.030441490624263247	1	1	88	100	0	5	T
F1_BC61_consensus_vsearch	1100	T	T	186	5	2.59%	2	1	93	93	0.030433036239869853	1	1	87	99	0	5	C
F1_BC61_consensus_vsearch	1101	A	A	195	1	0.51%	2	1	93	93	0.5000000000001412	1	1	89	106	1	0	G
F1_BC61_consensus_vsearch	1102	A	A	193	2	1.02%	2	2	93	93	0.24935732647820702	1	1	89	104	1	1	G
F1_BC61_consensus_vsearch	1103	T	T	193	1	0.51%	2	1	93	93	0.4999999999999138	1	1	88	105	1	0	+CC
F1_BC61_consensus_vsearch	1104	C	C	195	0	0%	2	0	93	0	1.0	1	0	89	106	0	0	
F1_BC61_consensus_vsearch	1105	A	A	194	1	0.51%	2	1	93	93	0.4999999999999138	1	1	90	104	0	1	-T
F1_BC61_consensus_vsearch	1106	T	T	193	2	1.03%	2	1	93	93	0.24935732647820702	1	1	90	103	0	2	+C
F1_BC61_consensus_vsearch	1107	T	T	191	2	1.02%	2	1	93	93	0.24935064935068132	1	1	88	103	0	2	-C
F1_BC61_consensus_vsearch	1108	C	C	189	2	1.03%	2	2	93	93	0.24934383202100482	1	1	89	100	1	1	+G
F1_BC61_consensus_vsearch	1109	G	*/+C	183	12	6.12%	2	1	93	93	2.0506876982070716E-4	1	1	90	93	0	12	+C
F1_BC61_consensus_vsearch	1110	C	C	192	1	0.51%	2	1	93	93	0.4999999999999138	1	1	90	102	0	1	+T
F1_BC61_consensus_vsearch	1111	T	T	185	5	2.56%	2	1	93	93	0.030428742397642147	1	1	90	95	0	5	+C
F1_BC61_consensus_vsearch	1112	C	C	186	4	2.05%	2	1	93	93	0.061511866352189214	1	1	89	97	0	4	+T
F1_BC61_consensus_vsearch	1113	T	T	184	6	3.12%	2	1	93	93	0.015011512916161563	1	1	88	96	0	6	C
F1_BC61_consensus_vsearch	1114	A	A	190	2	1.03%	2	1	93	93	0.2493472584856949	1	1	86	104	2	0	-C
F1_BC61_consensus_vsearch	1115	C	C	190	1	0.52%	2	1	93	93	0.4999999999999138	1	1	87	103	0	1	+T
F1_BC61_consensus_vsearch	1116	C	Y	186	7	3.59%	2	1	93	93	0.007391912172859777	1	1	88	98	0	7	T
F1_BC61_consensus_vsearch	1117	G	G	194	1	0.51%	2	1	93	93	0.4999999999999138	1	1	89	105	0	1	-CAGT
F1_BC61_consensus_vsearch	1118	C	C	193	1	0.51%	2	1	93	93	0.4999999999999138	1	1	88	105	1	0	+GA
F1_BC61_consensus_vsearch	1119	A	A	193	1	0.51%	2	1	93	93	0.4999999999999138	1	1	90	103	0	1	+C
F1_BC61_consensus_vsearch	1120	G	G	187	4	2.06%	2	2	93	93	0.06151704651694607	1	1	87	100	1	3	-TG
F1_BC61_consensus_vsearch	1121	T	T	184	2	1.05%	2	1	93	93	0.24932614555250343	1	1	87	97	0	2	-GC
F1_BC61_consensus_vsearch	1122	G	G	186	1	0.53%	2	1	93	93	0.4999999999999138	1	1	87	99	0	1	-CAACTG
F1_BC61_consensus_vsearch	1123	C	C	188	4	2.08%	2	2	93	93	0.061522172652713904	1	1	89	99	1	3	-A
F1_BC61_consensus_vsearch	1124	A	A	186	2	1.05%	2	1	93	93	0.24933333333336263	1	1	87	99	0	2	G
F1_BC61_consensus_vsearch	1125	A	A	188	4	2.05%	2	1	93	93	0.061522172652713904	1	1	85	103	4	0	G
F1_BC61_consensus_vsearch	1126	C	C	192	1	0.52%	2	1	93	93	0.4999999999999138	1	1	89	103	0	1	+T
F1_BC61_consensus_vsearch	1127	T	T	188	4	2.06%	2	1	93	93	0.061522172652713904	1	1	90	98	0	4	C
F1_BC61_consensus_vsearch	1128	G	G	194	0	0%	2	0	93	0	1.0	1	0	90	104	0	0	
F1_BC61_consensus_vsearch	1129	A	A	190	2	1.02%	2	1	93	93	0.2493472584856949	1	1	88	102	0	2	+C
F1_BC61_consensus_vsearch	1130	C	C	191	1	0.52%	2	1	93	93	0.5000000000001412	1	1	90	101	0	1	+T
F1_BC61_consensus_vsearch	1131	T	T	182	6	3.12%	2	1	93	93	0.015005022293196836	1	1	90	92	0	6	-C
F1_BC61_consensus_vsearch	1132	C	C	181	3	1.6%	2	1	93	93	0.12397820163492167	1	1	90	91	0	3	-TC
F1_BC61_consensus_vsearch	1133	T	T	187	3	1.57%	2	1	93	93	0.12401055408976878	1	1	90	97	0	3	C
F1_BC61_consensus_vsearch	1134	C	C	185	3	1.56%	2	1	93	93	0.12399999999998497	1	1	87	98	0	3	-A
F1_BC61_consensus_vsearch	1135	A	A	188	1	0.52%	2	1	93	93	0.5000000000001412	1	1	87	101	1	0	+G
F1_BC61_consensus_vsearch	1136	A	A	187	3	1.54%	2	2	93	93	0.12401055408976878	1	1	86	101	2	1	G
F1_BC61_consensus_vsearch	1137	T	Y	184	7	3.61%	2	2	93	93	0.007387555568979833	1	1	86	98	1	6	C
F1_BC61_consensus_vsearch	1138	A	*/-G	169	19	9.69%	2	2	93	93	1.1819668031703979E-6	1	1	81	88	5	14	-G
F1_BC61_consensus_vsearch	1139	G	G	170	4	2.26%	2	1	93	93	0.06142087457709755	1	1	78	92	4	0	A
F1_BC61_consensus_vsearch	1140	G	G	187	5	2.55%	2	1	93	93	0.030437285417662132	1	1	83	104	5	0	-A
F1_BC61_consensus_vsearch	1141	A	A	187	3	1.57%	2	1	93	93	0.12401055408976878	1	1	82	105	3	0	+C
F1_BC61_consensus_vsearch	1142	A	A	195	1	0.51%	2	1	93	93	0.5000000000001412	1	1	89	106	1	0	+C
F1_BC61_consensus_vsearch	1143	C	C	187	3	1.53%	2	1	93	93	0.12401055408976878	1	1	84	103	3	0	+AC
F1_BC61_consensus_vsearch	1144	G	G	180	6	3.11%	2	1	93	93	0.014998392876323086	1	1	75	105	6	0	A
F1_BC61_consensus_vsearch	1145	C	C	188	2	1.04%	2	1	93	93	0.2493403693931866	1	1	83	105	2	0	+TT
F1_BC61_consensus_vsearch	1146	A	A	191	2	1.03%	2	2	93	93	0.24935064935068132	1	1	87	104	1	1	G
F1_BC61_consensus_vsearch	1147	G	G	195	0	0%	2	0	93	0	1.0	1	0	89	106	0	0	
F1_BC61_consensus_vsearch	1148	C	C	193	2	1.02%	2	1	93	93	0.24935732647820702	1	1	89	104	0	2	-T
F1_BC61_consensus_vsearch	1149	T	T	192	2	1.03%	2	1	93	93	0.2493540051679821	1	1	90	102	0	2	C
F1_BC61_consensus_vsearch	1150	A	A	193	3	1.53%	2	1	93	93	0.12404092071614016	1	1	90	103	0	3	G
F1_BC61_consensus_vsearch	1151	T	*/-C	184	10	5.1%	2	1	93	93	8.670842550026666E-4	1	1	78	106	10	0	-C
F1_BC61_consensus_vsearch	1152	C	C	186	0	0%	2	0	93	0	1.0	1	0	80	106	0	0	
F1_BC61_consensus_vsearch	1153	C	C	193	1	0.51%	2	1	93	93	0.4999999999999138	1	1	90	103	0	1	+T
F1_BC61_consensus_vsearch	1154	T	*/+G	185	7	3.59%	2	1	93	93	0.007389745092191117	1	1	90	95	0	7	+G
F1_BC61_consensus_vsearch	1155	G	*/-A	189	7	3.57%	2	2	93	93	0.007398282157210082	1	1	84	105	6	1	-A
F1_BC61_consensus_vsearch	1156	A	*/-G	116	41	21.69%	2	2	93	93	2.243287779844964E-14	1	1	31	85	25	16	-G
F1_BC61_consensus_vsearch	1157	G	G	134	1	0.73%	2	1	93	93	0.4999999999999138	1	1	47	87	0	1	+C
F1_BC61_consensus_vsearch	1158	G	G	178	0	0%	2	0	93	0	1.0	1	0	72	106	0	0	
F1_BC61_consensus_vsearch	1159	G	G	179	3	1.62%	2	2	93	93	0.12396694214879515	1	1	77	102	1	2	-A
F1_BC61_consensus_vsearch	1160	A	A	180	1	0.55%	2	1	93	93	0.5000000000001412	1	1	77	103	0	1	G
F1_BC61_consensus_vsearch	1161	A	A	195	0	0%	2	0	93	0	1.0	1	0	89	106	0	0	
F1_BC61_consensus_vsearch	1162	A	A	192	2	1.03%	2	1	93	93	0.2493540051679821	1	1	87	105	2	0	G
F1_BC61_consensus_vsearch	1163	C	*/-T	182	11	5.61%	2	2	93	93	4.217452292539659E-4	1	1	88	94	1	10	-T
F1_BC61_consensus_vsearch	1164	T	T	180	2	1.1%	2	1	93	93	0.24931129476584768	1	1	88	92	0	2	C
F1_BC61_consensus_vsearch	1165	T	*/+C	165	16	8.29%	2	1	93	93	1.0791087617257083E-5	1	1	67	98	16	0	+C
F1_BC61_consensus_vsearch	1166	C	*/-G	147	39	20.42%	2	1	93	93	1.9621118543445858E-13	1	1	88	59	0	39	-G
F1_BC61_consensus_vsearch	1167	G	G	152	2	1.28%	2	1	93	93	0.24918566775242354	1	1	88	64	0	2	T
F1_BC61_consensus_vsearch	1168	G	G	191	3	1.53%	2	1	93	93	0.1240310077519331	1	1	88	103	0	3	-A
F1_BC61_consensus_vsearch	1169	A	*/-G	140	51	26.42%	2	2	93	93	9.345230335639271E-18	1	1	61	79	28	23	-G
F1_BC61_consensus_vsearch	1170	G	G	135	6	4.14%	2	1	93	93	0.01479988301994802	1	1	54	81	6	0	+AG
F1_BC61_consensus_vsearch	1171	G	G	195	1	0.51%	2	1	93	93	0.5000000000001412	1	1	89	106	1	0	A
F1_BC61_consensus_vsearch	1172	G	G	193	1	0.51%	2	1	93	93	0.4999999999999138	1	1	90	103	0	1	+A
F1_BC61_consensus_vsearch	1173	A	A	194	1	0.51%	2	1	93	93	0.4999999999999138	1	1	90	104	0	1	G
F1_BC61_consensus_vsearch	1174	A	A	194	1	0.51%	2	1	93	93	0.4999999999999138	1	1	90	104	0	1	+C
F1_BC61_consensus_vsearch	1175	C	C	192	2	1.02%	2	1	93	93	0.2493540051679821	1	1	90	102	0	2	+T
F1_BC61_consensus_vsearch	1176	C	C	193	2	1.02%	2	1	93	93	0.24935732647820702	1	1	90	103	0	2	T
F1_BC61_consensus_vsearch	1177	A	A	194	1	0.51%	2	1	93	93	0.4999999999999138	1	1	89	105	0	1	+CA
F1_BC61_consensus_vsearch	1178	G	G	193	2	1.02%	2	1	93	93	0.24935732647820702	1	1	88	105	2	0	A
F1_BC61_consensus_vsearch	1179	C	C	193	1	0.51%	2	1	93	93	0.4999999999999138	1	1	90	103	0	1	+GC
F1_BC61_consensus_vsearch	1180	C	C	194	1	0.51%	2	1	93	93	0.4999999999999138	1	1	89	105	0	1	-AT
F1_BC61_consensus_vsearch	1181	A	A	187	3	1.54%	2	2	93	93	0.12401055408976878	1	1	86	101	2	1	G
F1_BC61_consensus_vsearch	1182	T	T	192	0	0%	2	0	93	0	1.0	1	0	90	102	0	0	
F1_BC61_consensus_vsearch	1183	T	T	186	5	2.56%	2	2	93	93	0.030433036239869853	1	1	86	100	3	2	+G
F1_BC61_consensus_vsearch	1184	A	A	185	3	1.55%	2	1	93	93	0.12399999999998497	1	1	84	101	3	0	-G
F1_BC61_consensus_vsearch	1185	G	G	192	0	0%	2	0	93	0	1.0	1	0	86	106	0	0	
F1_BC61_consensus_vsearch	1186	A	A	191	3	1.54%	2	1	93	93	0.1240310077519331	1	1	88	103	0	3	+T
F1_BC61_consensus_vsearch	1187	C	C	189	2	1.03%	2	1	93	93	0.24934383202100482	1	1	87	102	2	0	+A
F1_BC61_consensus_vsearch	1188	G	R	185	7	3.61%	2	1	93	93	0.007389745092191117	1	1	83	102	7	0	A
F1_BC61_consensus_vsearch	1189	G	G	190	2	1.03%	2	1	93	93	0.2493472584856949	1	1	85	105	2	0	-T
F1_BC61_consensus_vsearch	1190	T	T	184	6	3.11%	2	1	93	93	0.015011512916161563	1	1	88	96	0	6	+C
F1_BC61_consensus_vsearch	1191	T	T	187	6	3.06%	2	1	93	93	0.015020997998324731	1	1	88	99	0	6	-C
F1_BC61_consensus_vsearch	1192	C	C	186	2	1.05%	2	1	93	93	0.24933333333336263	1	1	90	96	0	2	+G
F1_BC61_consensus_vsearch	1193	G	G	196	0	0%	2	0	93	0	1.0	1	0	90	106	0	0	
F1_BC61_consensus_vsearch	1194	A	A	195	1	0.51%	2	1	93	93	0.5000000000001412	1	1	90	105	0	1	-TAGGT
F1_BC61_consensus_vsearch	1195	T	T	188	5	2.56%	2	1	93	93	0.030441490624263247	1	1	84	104	5	0	+G
F1_BC61_consensus_vsearch	1196	A	A	180	6	3.08%	2	1	93	93	0.014998392876323086	1	1	82	98	0	6	+G
F1_BC61_consensus_vsearch	1197	G	G	189	0	0%	2	0	93	0	1.0	1	0	84	105	0	0	
F1_BC61_consensus_vsearch	1198	G	*/+T	183	8	4.1%	2	1	93	93	0.003624827265843605	1	1	89	94	0	8	+T
F1_BC61_consensus_vsearch	1199	T	*/-CTT	183	7	3.63%	2	1	93	93	0.007385343252869138	1	1	89	94	0	7	-CTT
F1_BC61_consensus_vsearch	1200	C	*/-T	153	16	8.56%	2	1	93	93	1.051623555328221E-5	1	1	89	64	0	16	-T
F1_BC61_consensus_vsearch	1201	T	T	168	1	0.59%	2	1	93	93	0.4999999999999138	1	1	90	78	0	1	A
F1_BC61_consensus_vsearch	1202	T	T	181	2	1.08%	2	2	93	93	0.24931506849317653	1	1	89	92	1	1	C
F1_BC61_consensus_vsearch	1203	T	T	191	3	1.53%	2	1	93	93	0.1240310077519331	1	1	89	102	0	3	-C
F1_BC61_consensus_vsearch	1204	C	C	188	2	1.04%	2	2	93	93	0.2493403693931866	1	1	89	99	1	1	+A
F1_BC61_consensus_vsearch	1205	G	*/-C	157	33	16.92%	2	2	93	93	2.541960071771191E-11	1	1	62	95	25	8	-C
F1_BC61_consensus_vsearch	1206	C	C	156	3	1.86%	2	1	93	93	0.12381703470030796	1	1	63	93	0	3	T
F1_BC61_consensus_vsearch	1207	C	C	192	1	0.52%	2	1	93	93	0.4999999999999138	1	1	88	104	0	1	+GCC
F1_BC61_consensus_vsearch	1208	C	C	191	3	1.54%	2	1	93	93	0.1240310077519331	1	1	88	103	0	3	T
F1_BC61_consensus_vsearch	1209	C	C	192	1	0.51%	2	1	93	93	0.4999999999999138	1	1	89	103	0	1	+T
F1_BC61_consensus_vsearch	1210	T	T	190	3	1.54%	2	2	93	93	0.12402597402595401	1	1	88	102	1	2	C
F1_BC61_consensus_vsearch	1211	A	A	193	1	0.51%	2	1	93	93	0.4999999999999138	1	1	87	106	1	0	-T
F1_BC61_consensus_vsearch	1212	T	T	190	2	1.03%	2	1	93	93	0.2493472584856949	1	1	85	105	2	0	-A
F1_BC61_consensus_vsearch	1213	A	R	174	10	5.21%	2	2	93	93	8.613503481727668E-4	1	1	74	100	7	3	G
F1_BC61_consensus_vsearch	1214	C	C	182	6	3.17%	2	1	93	93	0.015005022293196836	1	1	83	99	0	6	+T
F1_BC61_consensus_vsearch	1215	C	C	190	2	1.02%	2	1	93	93	0.2493472584856949	1	1	85	105	2	0	G
F1_BC61_consensus_vsearch	1216	C	C	194	2	1.02%	2	1	93	93	0.24936061381078306	1	1	88	106	2	0	T
F1_BC61_consensus_vsearch	1217	A	A	193	2	1.02%	2	1	93	93	0.24935732647820702	1	1	87	106	2	0	G
F1_BC61_consensus_vsearch	1218	G	G	194	1	0.51%	2	1	93	93	0.4999999999999138	1	1	88	106	1	0	+A
F1_BC61_consensus_vsearch	1219	G	G	192	2	1.02%	2	1	93	93	0.2493540051679821	1	1	88	104	2	0	+A
F1_BC61_consensus_vsearch	1220	T	T	194	1	0.51%	2	1	93	93	0.4999999999999138	1	1	89	105	0	1	A
F1_BC61_consensus_vsearch	1221	T	T	192	2	1.02%	2	1	93	93	0.2493540051679821	1	1	89	103	0	2	C
F1_BC61_consensus_vsearch	1222	A	A	193	2	1.03%	2	1	93	93	0.24935732647820702	1	1	87	106	2	0	G
F1_BC61_consensus_vsearch	1223	C	C	191	3	1.54%	2	2	93	93	0.1240310077519331	1	1	87	104	1	2	T
F1_BC61_consensus_vsearch	1224	G	*/-CG	182	12	6.15%	2	2	93	93	2.0487881937931402E-4	1	1	88	94	1	11	-CG
F1_BC61_consensus_vsearch	1225	C	C	176	3	1.63%	2	1	93	93	0.12394957983191404	1	1	88	88	0	3	+T
F1_BC61_consensus_vsearch	1226	G	G	181	1	0.55%	2	1	93	93	0.4999999999999138	1	1	87	94	1	0	-A
F1_BC61_consensus_vsearch	1227	A	A	190	2	1.03%	2	1	93	93	0.2493472584856949	1	1	87	103	0	2	-T
F1_BC61_consensus_vsearch	1228	T	T	192	1	0.52%	2	1	93	93	0.4999999999999138	1	1	89	103	0	1	-C
F1_BC61_consensus_vsearch	1229	C	C	191	1	0.52%	2	1	93	93	0.5000000000001412	1	1	88	103	0	1	+GG
F1_BC61_consensus_vsearch	1230	G	G	187	4	2.06%	2	1	93	93	0.06151704651694607	1	1	81	106	4	0	-A
F1_BC61_consensus_vsearch	1231	A	*/-T	169	7	3.72%	2	2	93	93	0.007351762655103386	1	1	74	95	5	2	-T
F1_BC61_consensus_vsearch	1232	T	T	177	5	2.72%	2	1	93	93	0.03039269552742511	1	1	75	102	5	0	G
F1_BC61_consensus_vsearch	1233	T	T	191	3	1.54%	2	1	93	93	0.1240310077519331	1	1	87	104	3	0	G
F1_BC61_consensus_vsearch	1234	T	T	186	3	1.53%	2	1	93	93	0.1240053050397967	1	1	88	98	0	3	+G
F1_BC61_consensus_vsearch	1235	G	G	188	3	1.55%	2	2	93	93	0.124015748031514	1	1	86	102	1	2	A
F1_BC61_consensus_vsearch	1236	C	*/-AC	177	13	6.7%	2	1	93	93	9.872239569714929E-5	1	1	75	102	13	0	-AC
F1_BC61_consensus_vsearch	1237	A	A	178	3	1.65%	2	2	93	93	0.12396121883654573	1	1	76	102	1	2	G
F1_BC61_consensus_vsearch	1238	C	C	179	1	0.55%	2	1	93	93	0.5000000000001412	1	1	74	105	1	0	+A
F1_BC61_consensus_vsearch	1239	G	G	193	1	0.51%	2	1	93	93	0.4999999999999138	1	1	89	104	0	1	+C
F1_BC61_consensus_vsearch	1240	T	T	191	3	1.53%	2	1	93	93	0.1240310077519331	1	1	86	105	3	0	+C
F1_BC61_consensus_vsearch	1241	C	C	184	5	2.56%	2	2	93	93	0.030424403183015276	1	1	84	100	3	2	-A
F1_BC61_consensus_vsearch	1242	A	A	176	4	2.11%	2	2	93	93	0.061456894735582995	1	1	80	96	1	3	+G
F1_BC61_consensus_vsearch	1243	G	G	187	3	1.56%	2	2	93	93	0.12401055408976878	1	1	84	103	2	1	-A
F1_BC61_consensus_vsearch	1244	A	A	188	4	2.07%	2	2	93	93	0.061522172652713904	1	1	85	103	2	2	G
F1_BC61_consensus_vsearch	1245	A	A	190	6	3.06%	2	1	93	93	0.015030194277274317	1	1	84	106	6	0	G
F1_BC61_consensus_vsearch	1246	T	T	185	5	2.55%	2	2	93	93	0.030428742397642147	1	1	86	99	1	4	C
F1_BC61_consensus_vsearch	1247	C	C	180	4	2.05%	2	1	93	93	0.06147960135865969	1	1	85	95	4	0	-G
F1_BC61_consensus_vsearch	1248	G	G	182	1	0.54%	2	1	93	93	0.4999999999999138	1	1	84	98	0	1	+C
F1_BC61_consensus_vsearch	1249	C	C	179	4	2.13%	2	1	93	93	0.061474017887485174	1	1	83	96	4	0	A
F1_BC61_consensus_vsearch	1250	T	T	180	4	2.12%	2	1	93	93	0.06147960135865969	1	1	87	93	0	4	A
F1_BC61_consensus_vsearch	1251	A	R	177	9	4.64%	2	2	93	93	0.0017689474455757383	1	1	81	96	8	1	G
F1_BC61_consensus_vsearch	1252	C	C	192	2	1.03%	2	1	93	93	0.2493540051679821	1	1	87	105	2	0	+G
F1_BC61_consensus_vsearch	1253	A	A	190	3	1.53%	2	2	93	93	0.12402597402595401	1	1	85	105	2	1	-G
F1_BC61_consensus_vsearch	1254	G	G	193	0	0%	2	0	93	0	1.0	1	0	88	105	0	0	
F1_BC61_consensus_vsearch	1255	G	G	190	3	1.53%	2	2	93	93	0.12402597402595401	1	1	88	102	1	2	-C
F1_BC61_consensus_vsearch	1256	C	C	193	0	0%	2	0	93	0	1.0	1	0	89	104	0	0	
F1_BC61_consensus_vsearch	1257	C	C	193	2	1.02%	2	1	93	93	0.24935732647820702	1	1	89	104	0	2	-T
F1_BC61_consensus_vsearch	1258	T	T	189	4	2.06%	2	2	93	93	0.061527245600347336	1	1	87	102	2	2	-C
F1_BC61_consensus_vsearch	1259	C	C	192	0	0%	2	0	93	0	1.0	1	0	88	104	0	0	
F1_BC61_consensus_vsearch	1260	C	C	196	0	0%	2	0	93	0	1.0	1	0	90	106	0	0	
F1_BC61_consensus_vsearch	1261	A	A	190	2	1.02%	2	2	93	93	0.2493472584856949	1	1	85	105	1	1	+C
F1_BC61_consensus_vsearch	1262	C	C	194	1	0.51%	2	1	93	93	0.4999999999999138	1	1	89	105	0	1	+T
F1_BC61_consensus_vsearch	1263	C	C	193	2	1.02%	2	2	93	93	0.24935732647820702	1	1	89	104	1	1	T
F1_BC61_consensus_vsearch	1264	A	A	193	2	1.02%	2	1	93	93	0.24935732647820702	1	1	88	105	2	0	G
F1_BC61_consensus_vsearch	1265	G	G	193	1	0.51%	2	1	93	93	0.4999999999999138	1	1	89	104	0	1	-C
F1_BC61_consensus_vsearch	1266	C	C	190	3	1.54%	2	2	93	93	0.12402597402595401	1	1	87	103	1	2	T
F1_BC61_consensus_vsearch	1267	G	G	187	3	1.54%	2	2	93	93	0.12401055408976878	1	1	86	101	1	2	+T
F1_BC61_consensus_vsearch	1268	T	T	191	1	0.52%	2	1	93	93	0.5000000000001412	1	1	88	103	0	1	G
F1_BC61_consensus_vsearch	1269	T	T	191	4	2.05%	2	2	93	93	0.06153723520852315	1	1	87	104	3	1	C
F1_BC61_consensus_vsearch	1270	T	T	184	5	2.55%	2	2	93	93	0.030424403183015276	1	1	82	102	3	2	-C
F1_BC61_consensus_vsearch	1271	C	C	188	1	0.53%	2	1	93	93	0.5000000000001412	1	1	85	103	0	1	A
F1_BC61_consensus_vsearch	1272	C	C	184	2	1.03%	2	1	93	93	0.24932614555250343	1	1	83	101	0	2	-A
F1_BC61_consensus_vsearch	1273	A	A	186	1	0.53%	2	1	93	93	0.4999999999999138	1	1	85	101	0	1	+G
F1_BC61_consensus_vsearch	1274	C	C	188	3	1.56%	2	2	93	93	0.124015748031514	1	1	86	102	1	2	-T
F1_BC61_consensus_vsearch	1275	T	T	188	1	0.52%	2	1	93	93	0.5000000000001412	1	1	88	100	0	1	+C
F1_BC61_consensus_vsearch	1276	G	G	193	1	0.51%	2	1	93	93	0.4999999999999138	1	1	89	104	1	0	A
F1_BC61_consensus_vsearch	1277	G	G	195	1	0.51%	2	1	93	93	0.5000000000001412	1	1	90	105	0	1	+A
F1_BC61_consensus_vsearch	1278	C	C	193	2	1.02%	2	1	93	93	0.24935732647820702	1	1	89	104	0	2	T
F1_BC61_consensus_vsearch	1279	T	T	193	2	1.02%	2	1	93	93	0.24935732647820702	1	1	88	105	2	0	C
F1_BC61_consensus_vsearch	1280	T	T	193	3	1.53%	2	2	93	93	0.12404092071614016	1	1	88	105	2	1	C
F1_BC61_consensus_vsearch	1281	C	C	193	2	1.02%	2	1	93	93	0.24935732647820702	1	1	89	104	0	2	+A
F1_BC61_consensus_vsearch	1282	A	A	187	5	2.56%	2	2	93	93	0.030437285417662132	1	1	84	103	4	1	-C
F1_BC61_consensus_vsearch	1283	C	C	185	2	1.05%	2	1	93	93	0.24932975871318122	1	1	84	101	0	2	+T
F1_BC61_consensus_vsearch	1284	C	*/-T	157	27	13.78%	2	2	93	93	2.6629701397640725E-9	1	1	83	74	3	24	-T
F1_BC61_consensus_vsearch	1285	T	T	160	3	1.82%	2	1	93	93	0.1238461538461169	1	1	80	80	3	0	A
F1_BC61_consensus_vsearch	1286	T	T	187	2	1.04%	2	1	93	93	0.24933687002661706	1	1	82	105	2	0	-AC
F1_BC61_consensus_vsearch	1287	A	*/-C	172	11	5.76%	2	2	93	93	4.1828279774789115E-4	1	1	70	102	8	3	-C
F1_BC61_consensus_vsearch	1288	C	C	173	5	2.79%	2	1	93	93	0.030373458883600248	1	1	75	98	0	5	+T
F1_BC61_consensus_vsearch	1289	C	C	189	2	1.04%	2	1	93	93	0.24934383202100482	1	1	84	105	2	0	G
F1_BC61_consensus_vsearch	1290	C	C	186	4	2.05%	2	1	93	93	0.061511866352189214	1	1	88	98	0	4	-GG
F1_BC61_consensus_vsearch	1291	G	R	179	7	3.68%	2	1	93	93	0.007376258791632204	1	1	81	98	7	0	A
F1_BC61_consensus_vsearch	1292	G	G	189	2	1.04%	2	1	93	93	0.24934383202100482	1	1	87	102	2	0	+A
F1_BC61_consensus_vsearch	1293	G	G	195	1	0.51%	2	1	93	93	0.5000000000001412	1	1	89	106	1	0	A
F1_BC61_consensus_vsearch	1294	C	C	196	0	0%	2	0	93	0	1.0	1	0	90	106	0	0	
F1_BC61_consensus_vsearch	1295	A	A	194	1	0.51%	2	1	93	93	0.4999999999999138	1	1	88	106	1	0	G
F1_BC61_consensus_vsearch	1296	T	T	193	1	0.51%	2	1	93	93	0.4999999999999138	1	1	88	105	0	1	+C
F1_BC61_consensus_vsearch	1297	A	A	193	1	0.51%	2	1	93	93	0.4999999999999138	1	1	89	104	0	1	-G
F1_BC61_consensus_vsearch	1298	G	G	193	1	0.52%	2	1	93	93	0.4999999999999138	1	1	89	104	0	1	-T
F1_BC61_consensus_vsearch	1299	T	T	193	1	0.52%	2	1	93	93	0.4999999999999138	1	1	89	104	0	1	+C
F1_BC61_consensus_vsearch	1300	T	T	193	1	0.51%	2	1	93	93	0.4999999999999138	1	1	88	105	1	0	+C
F1_BC61_consensus_vsearch	1301	C	C	191	2	1.03%	2	1	93	93	0.24935064935068132	1	1	88	103	2	0	+T
F1_BC61_consensus_vsearch	1302	A	A	188	4	2.05%	2	2	93	93	0.061522172652713904	1	1	86	102	3	1	G
F1_BC61_consensus_vsearch	1303	C	C	189	2	1.03%	2	1	93	93	0.24934383202100482	1	1	90	99	0	2	+T
F1_BC61_consensus_vsearch	1304	C	C	195	0	0%	2	0	93	0	1.0	1	0	90	105	0	0	
F1_BC61_consensus_vsearch	1305	A	A	195	0	0%	2	0	93	0	1.0	1	0	90	105	0	0	
F1_BC61_consensus_vsearch	1306	T	T	193	1	0.51%	2	1	93	93	0.4999999999999138	1	1	89	104	0	1	-CTT
F1_BC61_consensus_vsearch	1307	C	*/-T	174	19	9.74%	2	2	93	93	1.1974715458414592E-6	1	1	87	87	3	16	-T
F1_BC61_consensus_vsearch	1308	T	T	173	2	1.14%	2	1	93	93	0.24928366762186466	1	1	87	86	0	2	C
F1_BC61_consensus_vsearch	1309	T	T	194	0	0%	2	0	93	0	1.0	1	0	90	104	0	0	
F1_BC61_consensus_vsearch	1310	T	T	187	4	2.04%	2	1	93	93	0.06151704651694607	1	1	83	104	4	0	+C
F1_BC61_consensus_vsearch	1311	C	C	181	3	1.55%	2	2	93	93	0.12397820163492167	1	1	84	97	1	2	-G
F1_BC61_consensus_vsearch	1312	G	R	181	8	4.21%	2	1	93	93	0.0036219019328410066	1	1	81	100	8	0	A
F1_BC61_consensus_vsearch	1313	G	G	192	1	0.52%	2	1	93	93	0.4999999999999138	1	1	90	102	0	1	T
F1_BC61_consensus_vsearch	1314	G	G	195	1	0.51%	2	1	93	93	0.5000000000001412	1	1	89	106	1	0	A
F1_BC61_consensus_vsearch	1315	T	T	188	3	1.53%	2	1	93	93	0.124015748031514	1	1	85	103	0	3	C
F1_BC61_consensus_vsearch	1316	C	C	190	1	0.52%	2	1	93	93	0.4999999999999138	1	1	85	105	1	0	+ACT
F1_BC61_consensus_vsearch	1317	G	G	194	0	0%	2	0	93	0	1.0	1	0	88	106	0	0	
F1_BC61_consensus_vsearch	1318	C	C	191	3	1.54%	2	1	93	93	0.1240310077519331	1	1	89	102	0	3	+A
F1_BC61_consensus_vsearch	1319	A	A	193	1	0.51%	2	1	93	93	0.4999999999999138	1	1	89	104	0	1	+TT
F1_BC61_consensus_vsearch	1320	C	C	193	1	0.52%	2	1	93	93	0.4999999999999138	1	1	89	104	0	1	T
F1_BC61_consensus_vsearch	1321	C	Y	183	9	4.62%	2	2	93	93	0.0017745564291022078	1	1	87	96	1	8	T
F1_BC61_consensus_vsearch	1322	G	G	187	3	1.55%	2	1	93	93	0.12401055408976878	1	1	85	102	3	0	A
F1_BC61_consensus_vsearch	1323	T	T	187	3	1.56%	2	1	93	93	0.12401055408976878	1	1	87	100	0	3	C
F1_BC61_consensus_vsearch	1324	A	A	191	2	1.03%	2	2	93	93	0.24935064935068132	1	1	87	104	1	1	C
F1_BC61_consensus_vsearch	1325	C	C	192	2	1.02%	2	1	93	93	0.2493540051679821	1	1	86	106	2	0	T
F1_BC61_consensus_vsearch	1326	A	A	192	1	0.51%	2	1	93	93	0.4999999999999138	1	1	86	106	1	0	-TG
F1_BC61_consensus_vsearch	1327	T	T	191	1	0.52%	2	1	93	93	0.5000000000001412	1	1	88	103	0	1	+G
F1_BC61_consensus_vsearch	1328	G	G	191	4	2.05%	2	1	93	93	0.06153723520852315	1	1	85	106	4	0	A
F1_BC61_consensus_vsearch	1329	C	C	193	1	0.51%	2	1	93	93	0.4999999999999138	1	1	89	104	1	0	+AC
F1_BC61_consensus_vsearch	1330	T	T	193	2	1.02%	2	2	93	93	0.24935732647820702	1	1	89	104	1	1	C
F1_BC61_consensus_vsearch	1331	C	C	189	5	2.55%	2	1	93	93	0.030445652538661657	1	1	89	100	0	5	+T
F1_BC61_consensus_vsearch	1332	T	T	192	2	1.03%	2	1	93	93	0.2493540051679821	1	1	89	103	0	2	C
F1_BC61_consensus_vsearch	1333	A	A	187	5	2.55%	2	1	93	93	0.030437285417662132	1	1	88	99	0	5	-C
F1_BC61_consensus_vsearch	1334	C	C	188	3	1.57%	2	1	93	93	0.124015748031514	1	1	90	98	0	3	+T
F1_BC61_consensus_vsearch	1335	C	C	189	5	2.55%	2	1	93	93	0.030445652538661657	1	1	90	99	0	5	-T
F1_BC61_consensus_vsearch	1336	T	T	186	3	1.59%	2	1	93	93	0.1240053050397967	1	1	90	96	0	3	-C
F1_BC61_consensus_vsearch	1337	C	C	185	2	1.05%	2	1	93	93	0.24932975871318122	1	1	86	99	2	0	+TC
F1_BC61_consensus_vsearch	1338	G	G	192	1	0.51%	2	1	93	93	0.4999999999999138	1	1	89	103	0	1	-C
F1_BC61_consensus_vsearch	1339	C	C	191	1	0.52%	2	1	93	93	0.5000000000001412	1	1	89	102	0	1	+GT
F1_BC61_consensus_vsearch	1340	A	A	188	4	2.05%	2	2	93	93	0.061522172652713904	1	1	86	102	2	2	G
F1_BC61_consensus_vsearch	1341	C	C	188	2	1.04%	2	2	93	93	0.2493403693931866	1	1	87	101	1	1	+A
F1_BC61_consensus_vsearch	1342	A	A	190	1	0.52%	2	1	93	93	0.4999999999999138	1	1	88	102	0	1	G
F1_BC61_consensus_vsearch	1343	A	A	190	3	1.53%	2	2	93	93	0.12402597402595401	1	1	89	101	1	2	G
F1_BC61_consensus_vsearch	1344	G	G	193	0	0%	2	0	93	0	1.0	1	0	90	103	0	0	
F1_BC61_consensus_vsearch	1345	G	G	195	0	0%	2	0	93	0	1.0	1	0	90	105	0	0	
F1_BC61_consensus_vsearch	1346	C	*/-G	183	9	4.62%	2	1	93	93	0.0017745564291022078	1	1	90	93	0	9	-G
F1_BC61_consensus_vsearch	1347	G	G	183	2	1.08%	2	1	93	93	0.2493224932250014	1	1	88	95	2	0	A
F1_BC61_consensus_vsearch	1348	G	G	190	4	2.05%	2	1	93	93	0.061532266183381874	1	1	86	104	4	0	+A
F1_BC61_consensus_vsearch	1349	G	G	195	1	0.51%	2	1	93	93	0.5000000000001412	1	1	90	105	0	1	-T
F1_BC61_consensus_vsearch	1350	T	T	194	1	0.51%	2	1	93	93	0.4999999999999138	1	1	89	105	1	0	C
F1_BC61_consensus_vsearch	1351	G	G	192	2	1.02%	2	1	93	93	0.2493540051679821	1	1	90	102	0	2	-CGGG
F1_BC61_consensus_vsearch	1352	C	*/-G	173	15	7.77%	2	2	93	93	2.2823007615405344E-5	1	1	86	87	4	11	-G
F1_BC61_consensus_vsearch	1353	G	G	175	2	1.12%	2	1	93	93	0.2492917847025028	1	1	83	92	2	0	A
F1_BC61_consensus_vsearch	1354	G	G	189	1	0.52%	2	1	93	93	0.5000000000001412	1	1	88	101	1	0	+A
F1_BC61_consensus_vsearch	1355	G	G	193	1	0.52%	2	1	93	93	0.4999999999999138	1	1	89	104	1	0	T
F1_BC61_consensus_vsearch	1356	T	T	189	3	1.53%	2	1	93	93	0.12402088772842607	1	1	90	99	0	3	-G
F1_BC61_consensus_vsearch	1357	G	*/+T	175	16	8.33%	2	1	93	93	1.0997161030255734E-5	1	1	90	85	0	16	+T
F1_BC61_consensus_vsearch	1358	T	T	189	3	1.54%	2	2	93	93	0.12402088772842607	1	1	88	101	1	2	-C
F1_BC61_consensus_vsearch	1359	C	*/-T	171	20	10.42%	2	1	93	93	5.644954853086726E-7	1	1	88	83	0	20	-T
F1_BC61_consensus_vsearch	1360	T	T	172	2	1.14%	2	1	93	93	0.24927953890490892	1	1	89	83	0	2	+C
F1_BC61_consensus_vsearch	1361	G	G	190	3	1.54%	2	1	93	93	0.12402597402595401	1	1	85	105	3	0	-CCA
F1_BC61_consensus_vsearch	1362	C	C	191	1	0.52%	2	1	93	93	0.5000000000001412	1	1	87	104	0	1	T
F1_BC61_consensus_vsearch	1363	C	C	183	6	3.11%	2	2	93	93	0.015008284680098535	1	1	84	99	1	5	T
F1_BC61_consensus_vsearch	1364	A	A	180	3	1.57%	2	1	93	93	0.12397260273979696	1	1	80	100	3	0	+C
F1_BC61_consensus_vsearch	1365	C	*/+A	168	8	4.21%	2	1	93	93	0.0036012982281518587	1	1	75	93	8	0	+A
F1_BC61_consensus_vsearch	1366	A	A	179	4	2.17%	2	2	93	93	0.061474017887485174	1	1	82	97	1	3	G
F1_BC61_consensus_vsearch	1367	A	A	185	4	2.05%	2	2	93	93	0.061506631299724945	1	1	86	99	2	2	G
F1_BC61_consensus_vsearch	1368	G	*/+C	181	8	4.15%	2	1	93	93	0.0036219019328410066	1	1	87	94	0	8	+C
F1_BC61_consensus_vsearch	1369	G	G	195	1	0.51%	2	1	93	93	0.5000000000001412	1	1	89	106	1	0	-A
F1_BC61_consensus_vsearch	1370	A	A	190	1	0.51%	2	1	93	93	0.4999999999999138	1	1	86	104	0	1	+T
F1_BC61_consensus_vsearch	1371	C	C	188	4	2.06%	2	2	93	93	0.061522172652713904	1	1	86	102	1	3	T
F1_BC61_consensus_vsearch	1372	A	A	187	2	1.03%	2	2	93	93	0.24933687002661706	1	1	85	102	1	1	+T
F1_BC61_consensus_vsearch	1373	T	T	192	2	1.02%	2	2	93	93	0.2493540051679821	1	1	88	104	1	1	C
F1_BC61_consensus_vsearch	1374	T	*/-C	168	21	10.71%	2	2	93	93	2.649235938143043E-7	1	1	89	79	1	20	-C
F1_BC61_consensus_vsearch	1375	C	C	172	1	0.57%	2	1	93	93	0.4999999999999138	1	1	89	83	0	1	+T
F1_BC61_consensus_vsearch	1376	C	C	192	2	1.03%	2	1	93	93	0.2493540051679821	1	1	90	102	0	2	+T
F1_BC61_consensus_vsearch	1377	C	C	192	3	1.53%	2	1	93	93	0.12403598971719802	1	1	89	103	0	3	T
F1_BC61_consensus_vsearch	1378	C	C	185	6	3.06%	2	1	93	93	0.01501470753479516	1	1	88	97	0	6	T
F1_BC61_consensus_vsearch	1379	A	A	194	0	0%	2	0	93	0	1.0	1	0	88	106	0	0	
F1_BC61_consensus_vsearch	1380	T	T	193	1	0.52%	2	1	93	93	0.4999999999999138	1	1	88	105	0	1	C
F1_BC61_consensus_vsearch	1381	C	C	193	1	0.52%	2	1	93	93	0.4999999999999138	1	1	88	105	0	1	T
F1_BC61_consensus_vsearch	1382	G	G	196	0	0%	2	0	93	0	1.0	1	0	90	106	0	0	
F1_BC61_consensus_vsearch	1383	T	T	196	0	0%	2	0	93	0	1.0	1	0	90	106	0	0	
F1_BC61_consensus_vsearch	1384	C	C	194	1	0.51%	2	1	93	93	0.4999999999999138	1	1	90	104	0	1	+A
F1_BC61_consensus_vsearch	1385	G	G	191	2	1.03%	2	2	93	93	0.24935064935068132	1	1	89	102	1	1	A
F1_BC61_consensus_vsearch	1386	C	*/-G	179	7	3.59%	2	1	93	93	0.007376258791632204	1	1	89	90	0	7	-G
F1_BC61_consensus_vsearch	1387	G	G	178	2	1.08%	2	1	93	93	0.24930362117001986	1	1	87	91	0	2	-TT
F1_BC61_consensus_vsearch	1388	T	T	183	4	2.09%	2	1	93	93	0.061495993004889796	1	1	89	94	0	4	C
F1_BC61_consensus_vsearch	1389	T	Y	180	9	4.64%	2	1	93	93	0.001771795269848945	1	1	89	91	0	9	C
F1_BC61_consensus_vsearch	1390	C	C	185	4	2.07%	2	2	93	93	0.061506631299724945	1	1	87	98	3	1	-G
F1_BC61_consensus_vsearch	1391	G	G	189	1	0.52%	2	1	93	93	0.5000000000001412	1	1	85	104	0	1	+CCTG
F1_BC61_consensus_vsearch	1392	C	C	190	3	1.53%	2	1	93	93	0.12402597402595401	1	1	84	106	3	0	A
F1_BC61_consensus_vsearch	1393	T	T	194	1	0.51%	2	1	93	93	0.4999999999999138	1	1	90	104	0	1	-ACGC
F1_BC61_consensus_vsearch	1394	A	A	191	2	1.03%	2	1	93	93	0.24935064935068132	1	1	88	103	0	2	+G
F1_BC61_consensus_vsearch	1395	C	C	193	1	0.51%	2	1	93	93	0.4999999999999138	1	1	89	104	0	1	+A
F1_BC61_consensus_vsearch	1396	G	G	192	1	0.52%	2	1	93	93	0.4999999999999138	1	1	89	103	0	1	+C
F1_BC61_consensus_vsearch	1397	C	C	187	4	2.07%	2	1	93	93	0.06151704651694607	1	1	89	98	0	4	+T
F1_BC61_consensus_vsearch	1398	C	C	190	3	1.54%	2	1	93	93	0.12402597402595401	1	1	89	101	0	3	-TC
F1_BC61_consensus_vsearch	1399	T	*/-C	171	21	10.88%	2	1	93	93	2.675089571372386E-7	1	1	68	103	21	0	-C
F1_BC61_consensus_vsearch	1400	C	C	167	2	1.16%	2	1	93	93	0.24925816023740685	1	1	67	100	0	2	+TC
F1_BC61_consensus_vsearch	1401	C	C	190	2	1.02%	2	1	93	93	0.2493472584856949	1	1	86	104	2	0	T
F1_BC61_consensus_vsearch	1402	A	R	174	17	8.72%	2	1	93	93	5.258205410644831E-6	1	1	70	104	17	0	G
F1_BC61_consensus_vsearch	1403	G	G	188	5	2.59%	2	1	93	93	0.030441490624263247	1	1	83	105	5	0	+A
F1_BC61_consensus_vsearch	1404	G	G	184	4	2.04%	2	1	93	93	0.06150134048256699	1	1	80	104	4	0	+T
F1_BC61_consensus_vsearch	1405	T	T	188	3	1.56%	2	2	93	93	0.124015748031514	1	1	86	102	1	2	C
F1_BC61_consensus_vsearch	1406	T	T	193	3	1.53%	2	2	93	93	0.12404092071614016	1	1	88	105	2	1	C
F1_BC61_consensus_vsearch	1407	T	T	189	4	2.04%	2	2	93	93	0.061527245600347336	1	1	86	103	2	2	+C
F1_BC61_consensus_vsearch	1408	C	*/-A	165	30	15.31%	2	1	93	93	2.7827245869748714E-10	1	1	89	76	0	30	-A
F1_BC61_consensus_vsearch	1409	A	A	161	3	1.81%	2	1	93	93	0.12385321100911757	1	1	88	73	0	3	C
F1_BC61_consensus_vsearch	1410	A	*/-TT	173	13	6.63%	2	1	93	93	9.825694645134978E-5	1	1	88	85	0	13	-TT
F1_BC61_consensus_vsearch	1411	T	Y	161	19	10.56%	2	1	93	93	1.1557368613973097E-6	1	1	90	71	0	19	C
F1_BC61_consensus_vsearch	1412	T	*/+C	63	94	51.37%	2	2	93	93	6.540372312562935E-38	1	1	25	38	64	30	+C
F1_BC61_consensus_vsearch	1413	C	C	186	2	1.05%	2	1	93	93	0.24933333333336263	1	1	90	96	0	2	+T
F1_BC61_consensus_vsearch	1414	C	C	189	2	1.04%	2	1	93	93	0.24934383202100482	1	1	89	100	0	2	-T
F1_BC61_consensus_vsearch	1415	T	T	187	2	1.05%	2	1	93	93	0.24933687002661706	1	1	90	97	0	2	C
F1_BC61_consensus_vsearch	1416	T	T	192	3	1.54%	2	1	93	93	0.12403598971719802	1	1	90	102	0	3	-C
F1_BC61_consensus_vsearch	1417	C	C	189	2	1.04%	2	2	93	93	0.24934383202100482	1	1	87	102	1	1	+T
F1_BC61_consensus_vsearch	1418	G	G	196	0	0%	2	0	93	0	1.0	1	0	90	106	0	0	
F1_BC61_consensus_vsearch	1419	A	A	194	1	0.51%	2	1	93	93	0.4999999999999138	1	1	89	105	1	0	+C
F1_BC61_consensus_vsearch	1420	C	C	196	0	0%	2	0	93	0	1.0	1	0	90	106	0	0	
F1_BC61_consensus_vsearch	1421	T	T	193	2	1.02%	2	1	93	93	0.24935732647820702	1	1	89	104	0	2	-C
F1_BC61_consensus_vsearch	1422	C	*/-GC	185	8	4.12%	2	2	93	93	0.003627693045256358	1	1	82	103	7	1	-GC
F1_BC61_consensus_vsearch	1423	G	G	185	1	0.53%	2	1	93	93	0.5000000000001412	1	1	83	102	0	1	+TA
F1_BC61_consensus_vsearch	1424	C	C	183	3	1.61%	2	1	93	93	0.12398921832883274	1	1	83	100	0	3	T
F1_BC61_consensus_vsearch	1425	A	A	192	2	1.03%	2	1	93	93	0.2493540051679821	1	1	89	103	0	2	+CA
F1_BC61_consensus_vsearch	1426	T	T	192	2	1.02%	2	1	93	93	0.2493540051679821	1	1	90	102	0	2	C
F1_BC61_consensus_vsearch	1427	G	G	190	2	1.03%	2	1	93	93	0.2493472584856949	1	1	87	103	2	0	A
F1_BC61_consensus_vsearch	1428	C	*/-A	171	17	8.76%	2	2	93	93	5.225618764261991E-6	1	1	69	102	16	1	-A
F1_BC61_consensus_vsearch	1429	A	A	172	3	1.69%	2	2	93	93	0.12392550143270233	1	1	69	103	2	1	G
F1_BC61_consensus_vsearch	1430	A	*/-G	185	7	3.59%	2	2	93	93	0.007389745092191117	1	1	82	103	6	1	-G
F1_BC61_consensus_vsearch	1431	G	G	187	1	0.53%	2	1	93	93	0.4999999999999138	1	1	84	103	0	1	+CA
F1_BC61_consensus_vsearch	1432	G	G	193	1	0.51%	2	1	93	93	0.4999999999999138	1	1	88	105	0	1	-TG
F1_BC61_consensus_vsearch	1433	T	T	187	3	1.54%	2	1	93	93	0.12401055408976878	1	1	86	101	3	0	C
F1_BC61_consensus_vsearch	1434	G	G	192	1	0.52%	2	1	93	93	0.4999999999999138	1	1	89	103	1	0	+C
F1_BC61_consensus_vsearch	1435	C	*/-A	183	7	3.59%	2	2	93	93	0.007385343252869138	1	1	84	99	6	1	-A
F1_BC61_consensus_vsearch	1436	A	A	180	5	2.65%	2	1	93	93	0.030406577907750046	1	1	82	98	0	5	+C
F1_BC61_consensus_vsearch	1437	C	*/-TC	174	10	5.13%	2	1	93	93	8.613503481727668E-4	1	1	90	84	0	10	-TC
F1_BC61_consensus_vsearch	1438	T	T	163	6	3.35%	2	2	93	93	0.014935747120512603	1	1	89	74	1	5	-C
F1_BC61_consensus_vsearch	1439	C	C	163	6	3.49%	2	1	93	93	0.014935747120512603	1	1	87	76	0	6	T
F1_BC61_consensus_vsearch	1440	C	*/-T	170	8	4.26%	2	2	93	93	0.003604660140070728	1	1	86	84	2	6	-T
F1_BC61_consensus_vsearch	1441	T	T	179	2	1.09%	2	1	93	93	0.24930747922443972	1	1	84	95	2	0	C
F1_BC61_consensus_vsearch	1442	T	T	190	2	1.03%	2	1	93	93	0.2493472584856949	1	1	88	102	0	2	-G
F1_BC61_consensus_vsearch	1443	G	R	186	7	3.61%	2	2	93	93	0.007391912172859777	1	1	84	102	6	1	A
F1_BC61_consensus_vsearch	1444	G	G	194	2	1.02%	2	2	93	93	0.24936061381078306	1	1	89	105	1	1	A
F1_BC61_consensus_vsearch	1445	T	T	190	3	1.53%	2	1	93	93	0.12402597402595401	1	1	84	106	3	0	+C
F1_BC61_consensus_vsearch	1446	C	C	193	0	0%	2	0	93	0	1.0	1	0	87	106	0	0	
F1_BC61_consensus_vsearch	1447	C	C	194	1	0.51%	2	1	93	93	0.4999999999999138	1	1	90	104	0	1	+GG
F1_BC61_consensus_vsearch	1448	G	G	196	0	0%	2	0	93	0	1.0	1	0	90	106	0	0	
F1_BC61_consensus_vsearch	1449	T	T	194	1	0.51%	2	1	93	93	0.4999999999999138	1	1	90	104	0	1	-GT
F1_BC61_consensus_vsearch	1450	G	G	188	3	1.54%	2	1	93	93	0.124015748031514	1	1	85	103	3	0	-T
F1_BC61_consensus_vsearch	1451	T	T	189	1	0.52%	2	1	93	93	0.5000000000001412	1	1	87	102	0	1	+C
F1_BC61_consensus_vsearch	1452	T	T	194	1	0.51%	2	1	93	93	0.4999999999999138	1	1	90	104	0	1	C
F1_BC61_consensus_vsearch	1453	T	*/+C	184	7	3.57%	2	2	93	93	0.007387555568979833	1	1	81	103	6	1	+C
F1_BC61_consensus_vsearch	1454	C	C	192	2	1.03%	2	1	93	93	0.2493540051679821	1	1	87	105	2	0	-A
F1_BC61_consensus_vsearch	1455	A	A	193	1	0.52%	2	1	93	93	0.4999999999999138	1	1	88	105	0	1	G
F1_BC61_consensus_vsearch	1456	A	A	195	1	0.51%	2	1	93	93	0.5000000000001412	1	1	90	105	0	1	G
F1_BC61_consensus_vsearch	1457	G	G	195	1	0.51%	2	1	93	93	0.5000000000001412	1	1	90	105	0	1	-A
F1_BC61_consensus_vsearch	1458	A	A	193	2	1.03%	2	2	93	93	0.24935732647820702	1	1	89	104	1	1	G
F1_BC61_consensus_vsearch	1459	C	*/-G	184	7	3.57%	2	1	93	93	0.007387555568979833	1	1	90	94	0	7	-G
F1_BC61_consensus_vsearch	1460	G	G	188	1	0.53%	2	1	93	93	0.5000000000001412	1	1	89	99	1	0	A
F1_BC61_consensus_vsearch	1461	G	G	194	1	0.51%	2	1	93	93	0.4999999999999138	1	1	88	106	1	0	+A
F1_BC61_consensus_vsearch	1462	G	G	195	1	0.51%	2	1	93	93	0.5000000000001412	1	1	89	106	1	0	A
F1_BC61_consensus_vsearch	1463	C	C	195	1	0.51%	2	1	93	93	0.5000000000001412	1	1	90	105	0	1	T
F1_BC61_consensus_vsearch	1464	G	G	194	1	0.51%	2	1	93	93	0.4999999999999138	1	1	89	105	1	0	+A
F1_BC61_consensus_vsearch	1465	G	G	193	1	0.51%	2	1	93	93	0.4999999999999138	1	1	89	104	0	1	+T
F1_BC61_consensus_vsearch	1466	C	C	190	3	1.53%	2	1	93	93	0.12402597402595401	1	1	89	101	0	3	T
F1_BC61_consensus_vsearch	1467	T	T	187	4	2.05%	2	2	93	93	0.06151704651694607	1	1	85	102	2	2	C
F1_BC61_consensus_vsearch	1468	A	A	194	0	0%	2	0	93	0	1.0	1	0	89	105	0	0	
F1_BC61_consensus_vsearch	1469	A	A	190	3	1.54%	2	1	93	93	0.12402597402595401	1	1	87	103	3	0	G
F1_BC61_consensus_vsearch	1470	C	C	195	1	0.51%	2	1	93	93	0.5000000000001412	1	1	89	106	1	0	-GGTC
F1_BC61_consensus_vsearch	1471	G	R	182	10	5.13%	2	1	93	93	8.659835374014541E-4	1	1	77	105	10	0	A
F1_BC61_consensus_vsearch	1472	G	G	194	1	0.51%	2	1	93	93	0.4999999999999138	1	1	88	106	1	0	A
F1_BC61_consensus_vsearch	1473	T	T	190	3	1.54%	2	1	93	93	0.12402597402595401	1	1	87	103	0	3	C
F1_BC61_consensus_vsearch	1474	C	*/-A	184	9	4.62%	2	1	93	93	0.0017754582364345615	1	1	78	106	9	0	-A
F1_BC61_consensus_vsearch	1475	A	A	181	2	1.07%	2	1	93	93	0.24931506849317653	1	1	79	102	2	0	+C
F1_BC61_consensus_vsearch	1476	C	Y	183	9	4.64%	2	1	93	93	0.0017745564291022078	1	1	79	104	9	0	T
F1_BC61_consensus_vsearch	1477	A	A	190	3	1.55%	2	2	93	93	0.12402597402595401	1	1	88	102	1	2	G
F1_BC61_consensus_vsearch	1478	A	A	195	1	0.51%	2	1	93	93	0.5000000000001412	1	1	89	106	1	0	T
F1_BC61_consensus_vsearch	1479	G	G	193	1	0.51%	2	1	93	93	0.4999999999999138	1	1	88	105	1	0	+A
F1_BC61_consensus_vsearch	1480	A	A	188	3	1.54%	2	1	93	93	0.124015748031514	1	1	84	104	3	0	-C
F1_BC61_consensus_vsearch	1481	C	C	190	1	0.52%	2	1	93	93	0.4999999999999138	1	1	86	104	0	1	T
F1_BC61_consensus_vsearch	1482	C	C	193	1	0.52%	2	1	93	93	0.4999999999999138	1	1	89	104	0	1	+T
F1_BC61_consensus_vsearch	1483	C	Y	162	29	14.87%	2	1	93	93	5.899237340980533E-10	1	1	89	73	0	29	T
F1_BC61_consensus_vsearch	1484	G	G	191	2	1.03%	2	2	93	93	0.24935064935068132	1	1	89	102	1	1	A
F1_BC61_consensus_vsearch	1485	C	C	193	1	0.52%	2	1	93	93	0.4999999999999138	1	1	90	103	0	1	T
F1_BC61_consensus_vsearch	1486	A	A	193	2	1.02%	2	2	93	93	0.24935732647820702	1	1	88	105	1	1	G
F1_BC61_consensus_vsearch	1487	T	T	191	4	2.04%	2	1	93	93	0.06153723520852315	1	1	90	101	0	4	+C
F1_BC61_consensus_vsearch	1488	T	T	189	3	1.53%	2	1	93	93	0.12402088772842607	1	1	88	101	0	3	-C
F1_BC61_consensus_vsearch	1489	C	C	188	2	1.04%	2	2	93	93	0.2493403693931866	1	1	88	100	1	1	-A
F1_BC61_consensus_vsearch	1490	A	A	185	3	1.55%	2	1	93	93	0.12399999999998497	1	1	83	102	3	0	G
F1_BC61_consensus_vsearch	1491	C	C	191	1	0.52%	2	1	93	93	0.5000000000001412	1	1	88	103	0	1	+A
F1_BC61_consensus_vsearch	1492	A	*/-CA	180	9	4.66%	2	2	93	93	0.001771795269848945	1	1	82	98	4	5	-CA
F1_BC61_consensus_vsearch	1493	C	C	174	5	2.7%	2	1	93	93	0.030378348522515145	1	1	75	99	5	0	+A
F1_BC61_consensus_vsearch	1494	A	A	182	1	0.54%	2	1	93	93	0.4999999999999138	1	1	82	100	1	0	+CA
F1_BC61_consensus_vsearch	1495	A	A	195	1	0.51%	2	1	93	93	0.5000000000001412	1	1	89	106	1	0	-G
F1_BC61_consensus_vsearch	1496	G	G	195	0	0%	2	0	93	0	1.0	1	0	89	106	0	0	
F1_BC61_consensus_vsearch	1497	G	G	196	0	0%	2	0	93	0	1.0	1	0	90	106	0	0	
F1_BC61_consensus_vsearch	1498	T	T	195	1	0.51%	2	1	93	93	0.5000000000001412	1	1	90	105	0	1	C
F1_BC61_consensus_vsearch	1499	C	C	195	1	0.51%	2	1	93	93	0.5000000000001412	1	1	89	106	1	0	+AC
F1_BC61_consensus_vsearch	1500	G	G	189	2	1.02%	2	1	93	93	0.24934383202100482	1	1	86	103	0	2	+TG
F1_BC61_consensus_vsearch	1501	C	C	192	2	1.03%	2	2	93	93	0.2493540051679821	1	1	89	103	1	1	T
F1_BC61_consensus_vsearch	1502	A	A	190	3	1.55%	2	1	93	93	0.12402597402595401	1	1	87	103	3	0	G
F1_BC61_consensus_vsearch	1503	G	G	194	1	0.51%	2	1	93	93	0.4999999999999138	1	1	90	104	0	1	+T
F1_BC61_consensus_vsearch	1504	G	G	196	0	0%	2	0	93	0	1.0	1	0	90	106	0	0	
F1_BC61_consensus_vsearch	1505	A	A	190	3	1.53%	2	1	93	93	0.12402597402595401	1	1	86	104	3	0	-GGA
F1_BC61_consensus_vsearch	1506	G	G	190	1	0.52%	2	1	93	93	0.4999999999999138	1	1	87	103	0	1	+AG
F1_BC61_consensus_vsearch	1507	G	G	192	1	0.52%	2	1	93	93	0.4999999999999138	1	1	86	106	1	0	A
F1_BC61_consensus_vsearch	1508	A	A	191	1	0.52%	2	1	93	93	0.5000000000001412	1	1	87	104	0	1	+T
F1_BC61_consensus_vsearch	1509	T	T	192	3	1.53%	2	1	93	93	0.12403598971719802	1	1	86	106	3	0	+C
F1_BC61_consensus_vsearch	1510	C	C	191	1	0.51%	2	1	93	93	0.5000000000001412	1	1	89	102	1	0	+A
F1_BC61_consensus_vsearch	1511	A	A	193	1	0.51%	2	1	93	93	0.4999999999999138	1	1	89	104	0	1	+G
F1_BC61_consensus_vsearch	1512	G	G	192	2	1.02%	2	1	93	93	0.2493540051679821	1	1	86	106	2	0	A
F1_BC61_consensus_vsearch	1513	C	C	189	4	2.04%	2	1	93	93	0.061527245600347336	1	1	90	99	0	4	+A
F1_BC61_consensus_vsearch	1514	A	A	195	0	0%	2	0	93	0	1.0	1	0	90	105	0	0	
F1_BC61_consensus_vsearch	1515	A	A	194	1	0.51%	2	1	93	93	0.4999999999999138	1	1	89	105	0	1	-CCGAA
F1_BC61_consensus_vsearch	1516	C	C	193	2	1.03%	2	1	93	93	0.24935732647820702	1	1	90	103	0	2	T
F1_BC61_consensus_vsearch	1517	C	C	189	2	1.03%	2	1	93	93	0.24934383202100482	1	1	88	101	2	0	+A
F1_BC61_consensus_vsearch	1518	G	G	186	4	2.06%	2	1	93	93	0.061511866352189214	1	1	84	102	4	0	-A
F1_BC61_consensus_vsearch	1519	A	A	183	3	1.6%	2	1	93	93	0.12398921832883274	1	1	82	101	3	0	+G
F1_BC61_consensus_vsearch	1520	A	*/-G	173	10	5.21%	2	2	93	93	8.60743791896823E-4	1	1	78	95	7	3	-G
F1_BC61_consensus_vsearch	1521	G	G	181	1	0.55%	2	1	93	93	0.4999999999999138	1	1	80	101	1	0	+A
F1_BC61_consensus_vsearch	1522	G	G	188	2	1.04%	2	2	93	93	0.2493403693931866	1	1	85	103	1	1	+C
F1_BC61_consensus_vsearch	1523	C	C	183	5	2.56%	2	2	93	93	0.030420017873106126	1	1	84	99	3	2	-T
F1_BC61_consensus_vsearch	1524	T	T	175	4	2.13%	2	1	93	93	0.06145105929696947	1	1	87	88	0	4	+GG
F1_BC61_consensus_vsearch	1525	A	R	172	14	7.25%	2	2	93	93	4.734944773282747E-5	1	1	84	88	5	9	G
F1_BC61_consensus_vsearch	1526	C	C	182	6	3.12%	2	2	93	93	0.015005022293196836	1	1	84	98	5	1	-A
F1_BC61_consensus_vsearch	1527	A	A	188	1	0.53%	2	1	93	93	0.5000000000001412	1	1	83	105	1	0	+GCA
F1_BC61_consensus_vsearch	1528	A	A	187	4	2.04%	2	2	93	93	0.06151704651694607	1	1	82	105	3	1	G
F1_BC61_consensus_vsearch	1529	C	C	187	6	3.06%	2	2	93	93	0.015020997998324731	1	1	82	105	5	1	T
F1_BC61_consensus_vsearch	1530	A	A	191	2	1.03%	2	1	93	93	0.24935064935068132	1	1	87	104	0	2	+T
F1_BC61_consensus_vsearch	1531	C	C	193	2	1.03%	2	1	93	93	0.24935732647820702	1	1	89	104	0	2	-T
F1_BC61_consensus_vsearch	1532	T	T	188	4	2.06%	2	2	93	93	0.061522172652713904	1	1	86	102	2	2	C
F1_BC61_consensus_vsearch	1533	G	*/-C	182	7	3.61%	2	1	93	93	0.007383107786177688	1	1	79	103	7	0	-C
F1_BC61_consensus_vsearch	1534	C	C	184	2	1.07%	2	1	93	93	0.24932614555250343	1	1	80	104	0	2	+T
F1_BC61_consensus_vsearch	1535	C	C	192	1	0.52%	2	1	93	93	0.4999999999999138	1	1	87	105	0	1	+TC
F1_BC61_consensus_vsearch	1536	C	*/-GA	177	7	3.57%	2	1	93	93	0.007371570136883838	1	1	82	95	7	0	-GA
F1_BC61_consensus_vsearch	1537	G	G	186	2	1.06%	2	1	93	93	0.24933333333336263	1	1	80	106	2	0	-A
F1_BC61_consensus_vsearch	1538	A	A	185	2	1.07%	2	2	93	93	0.24932975871318122	1	1	80	105	1	1	G
F1_BC61_consensus_vsearch	1539	A	*/-GA	187	8	4.08%	2	1	93	93	0.0036305010705765203	1	1	82	105	8	0	-GA
F1_BC61_consensus_vsearch	1540	G	G	185	2	1.07%	2	1	93	93	0.24932975871318122	1	1	80	105	2	0	-A
F1_BC61_consensus_vsearch	1541	A	A	184	2	1.08%	2	2	93	93	0.24932614555250343	1	1	79	105	1	1	G
F1_BC61_consensus_vsearch	1542	C	C	194	1	0.51%	2	1	93	93	0.4999999999999138	1	1	89	105	0	1	+AA
F1_BC61_consensus_vsearch	1543	A	A	188	4	2.04%	2	1	93	93	0.061522172652713904	1	1	83	105	4	0	G
F1_BC61_consensus_vsearch	1544	G	G	191	1	0.52%	2	1	93	93	0.5000000000001412	1	1	87	104	0	1	-C
F1_BC61_consensus_vsearch	1545	C	C	191	2	1.03%	2	1	93	93	0.24935064935068132	1	1	88	103	2	0	A
F1_BC61_consensus_vsearch	1546	C	*/+G	169	12	6.12%	2	2	93	93	2.02230596700354E-4	1	1	77	92	4	8	+G
F1_BC61_consensus_vsearch	1547	G	G	186	3	1.58%	2	2	93	93	0.1240053050397967	1	1	84	102	1	2	-A
F1_BC61_consensus_vsearch	1548	A	A	187	3	1.56%	2	1	93	93	0.12401055408976878	1	1	87	100	0	3	G
F1_BC61_consensus_vsearch	1549	A	A	182	5	2.56%	2	1	93	93	0.030415585729470396	1	1	86	96	0	5	+T
F1_BC61_consensus_vsearch	1550	T	T	186	3	1.56%	2	1	93	93	0.1240053050397967	1	1	89	97	0	3	+C
F1_BC61_consensus_vsearch	1551	T	*/-C	183	10	5.13%	2	2	93	93	8.665366458993966E-4	1	1	81	102	9	1	-C
F1_BC61_consensus_vsearch	1552	C	C	184	1	0.54%	2	1	93	93	0.4999999999999138	1	1	81	103	0	1	T
F1_BC61_consensus_vsearch	1553	C	C	196	0	0%	2	0	93	0	1.0	1	0	90	106	0	0	
F1_BC61_consensus_vsearch	1554	A	A	196	0	0%	2	0	93	0	1.0	1	0	90	106	0	0	
F1_BC61_consensus_vsearch	1555	A	A	191	5	2.55%	2	1	93	93	0.030453849137731474	1	1	85	106	5	0	G
F1_BC61_consensus_vsearch	1556	C	C	191	4	2.04%	2	1	93	93	0.06153723520852315	1	1	89	102	0	4	+G
F1_BC61_consensus_vsearch	1557	G	G	195	1	0.51%	2	1	93	93	0.5000000000001412	1	1	89	106	1	0	A
F1_BC61_consensus_vsearch	1558	G	G	196	0	0%	2	0	93	0	1.0	1	0	90	106	0	0	
F1_BC61_consensus_vsearch	1559	C	C	196	0	0%	2	0	93	0	1.0	1	0	90	106	0	0	
F1_BC61_consensus_vsearch	1560	G	G	193	2	1.02%	2	2	93	93	0.24935732647820702	1	1	89	104	1	1	-CG
F1_BC61_consensus_vsearch	1561	C	C	191	1	0.52%	2	1	93	93	0.5000000000001412	1	1	88	103	1	0	-G
F1_BC61_consensus_vsearch	1562	G	G	189	1	0.52%	2	1	93	93	0.5000000000001412	1	1	87	102	0	1	+C
F1_BC61_consensus_vsearch	1563	T	T	193	1	0.52%	2	1	93	93	0.4999999999999138	1	1	89	104	0	1	C
F1_BC61_consensus_vsearch	1564	T	T	195	1	0.51%	2	1	93	93	0.5000000000001412	1	1	90	105	0	1	C
F1_BC61_consensus_vsearch	1565	T	T	192	2	1.02%	2	2	93	93	0.2493540051679821	1	1	88	104	1	1	C
F1_BC61_consensus_vsearch	1566	A	A	192	1	0.51%	2	1	93	93	0.4999999999999138	1	1	88	104	1	0	+CA
F1_BC61_consensus_vsearch	1567	T	T	192	2	1.03%	2	2	93	93	0.2493540051679821	1	1	89	103	1	1	-C
F1_BC61_consensus_vsearch	1568	C	*/-G	176	8	4.15%	2	2	93	93	0.0036143155518784634	1	1	77	99	6	2	-G
F1_BC61_consensus_vsearch	1569	G	R	107	63	34.24%	2	2	93	93	8.95877275079637E-23	1	1	42	65	27	36	A
F1_BC61_consensus_vsearch	1570	C	C	172	6	3.28%	2	2	93	93	0.014970394264573016	1	1	70	102	4	2	A
F1_BC61_consensus_vsearch	1571	C	Y	178	7	3.68%	2	2	93	93	0.007373926992228167	1	1	76	102	6	1	T
F1_BC61_consensus_vsearch	1572	C	Y	182	9	4.59%	2	2	93	93	0.001773645426870732	1	1	80	102	5	4	T
F1_BC61_consensus_vsearch	1573	C	Y	176	17	8.67%	2	2	93	93	5.279449875098099E-6	1	1	77	99	11	6	T
F1_BC61_consensus_vsearch	1574	A	A	192	1	0.52%	2	1	93	93	0.4999999999999138	1	1	88	104	0	1	+CA
F1_BC61_consensus_vsearch	1575	A	A	195	1	0.51%	2	1	93	93	0.5000000000001412	1	1	89	106	1	0	T
F1_BC61_consensus_vsearch	1576	C	C	194	2	1.02%	2	2	93	93	0.24936061381078306	1	1	89	105	1	1	T
F1_BC61_consensus_vsearch	1577	A	A	194	1	0.51%	2	1	93	93	0.4999999999999138	1	1	88	106	1	0	C
F1_BC61_consensus_vsearch	1578	T	T	190	2	1.02%	2	1	93	93	0.2493472584856949	1	1	86	104	2	0	+CC
F1_BC61_consensus_vsearch	1579	C	C	193	1	0.51%	2	1	93	93	0.4999999999999138	1	1	88	105	1	0	+G
F1_BC61_consensus_vsearch	1580	A	A	194	0	0%	2	0	93	0	1.0	1	0	89	105	0	0	
F1_BC61_consensus_vsearch	1581	A	*/-C	177	14	7.18%	2	2	93	93	4.76769575020497E-5	1	1	75	102	11	3	-C
F1_BC61_consensus_vsearch	1582	C	C	172	5	2.79%	2	1	93	93	0.030368514079556194	1	1	76	96	0	5	+T
F1_BC61_consensus_vsearch	1583	C	C	191	1	0.52%	2	1	93	93	0.5000000000001412	1	1	88	103	0	1	A
F1_BC61_consensus_vsearch	1584	C	Y	182	9	4.64%	2	1	93	93	0.001773645426870732	1	1	89	93	0	9	T
F1_BC61_consensus_vsearch	1585	G	G	191	2	1.03%	2	1	93	93	0.24935064935068132	1	1	86	105	2	0	A
F1_BC61_consensus_vsearch	1586	C	C	194	1	0.51%	2	1	93	93	0.4999999999999138	1	1	88	106	1	0	+T
F1_BC61_consensus_vsearch	1587	G	G	185	6	3.08%	2	2	93	93	0.01501470753479516	1	1	81	104	4	2	-CG
F1_BC61_consensus_vsearch	1588	C	*/-G	169	8	4.26%	2	2	93	93	0.0036029884966937457	1	1	79	90	1	7	-G
F1_BC61_consensus_vsearch	1589	G	G	172	5	2.76%	2	2	93	93	0.030368514079556194	1	1	79	93	4	1	A
F1_BC61_consensus_vsearch	1590	G	*/+A	185	7	3.59%	2	1	93	93	0.007389745092191117	1	1	82	103	7	0	+A
F1_BC61_consensus_vsearch	1591	G	G	189	6	3.06%	2	2	93	93	0.01502716012190595	1	1	86	103	4	2	-C
F1_BC61_consensus_vsearch	1592	C	Y	171	17	8.95%	2	1	93	93	5.225618764261991E-6	1	1	86	85	0	17	T
F1_BC61_consensus_vsearch	1593	C	Y	156	37	18.88%	2	1	93	93	1.0784464413311858E-12	1	1	90	66	0	37	T
F1_BC61_consensus_vsearch	1594	G	*/+C	172	7	3.61%	2	1	93	93	0.007359395499810914	1	1	89	83	0	7	+C
F1_BC61_consensus_vsearch	1595	T	Y	166	20	10.47%	2	1	93	93	5.561517304816399E-7	1	1	89	77	0	20	C
F1_BC61_consensus_vsearch	1596	C	*/-T	184	9	4.59%	2	1	93	93	0.0017754582364345615	1	1	90	94	0	9	-T
F1_BC61_consensus_vsearch	1597	T	*/+C	36	121	64.71%	2	2	93	93	1.0457224755969353E-54	1	1	26	10	64	57	+C
F1_BC61_consensus_vsearch	1598	C	*/+A	177	8	4.08%	2	1	93	93	0.0036158650264919274	1	1	80	97	8	0	+A
F1_BC61_consensus_vsearch	1599	A	A	177	6	3.17%	2	2	93	93	0.014988178616270897	1	1	85	92	2	4	C
F1_BC61_consensus_vsearch	1600	A	*/-G	165	13	6.67%	2	2	93	93	9.726832470999452E-5	1	1	78	87	10	3	-G
F1_BC61_consensus_vsearch	1601	G	G	171	4	2.2%	2	1	93	93	0.061427049701525516	1	1	76	95	0	4	+C
F1_BC61_consensus_vsearch	1602	G	*/+A	182	7	3.59%	2	1	93	93	0.007383107786177688	1	1	81	101	7	0	+A
F1_BC61_consensus_vsearch	1603	G	G	190	2	1.02%	2	2	93	93	0.2493472584856949	1	1	87	103	1	1	-T
F1_BC61_consensus_vsearch	1604	T	T	190	3	1.55%	2	2	93	93	0.12402597402595401	1	1	87	103	1	2	C
F1_BC61_consensus_vsearch	1605	A	R	185	7	3.59%	2	2	93	93	0.007389745092191117	1	1	86	99	2	5	G
F1_BC61_consensus_vsearch	1606	G	G	190	2	1.04%	2	2	93	93	0.2493472584856949	1	1	87	103	1	1	A
F1_BC61_consensus_vsearch	1607	C	C	186	6	3.08%	2	1	93	93	0.015017869058322414	1	1	88	98	0	6	T
F1_BC61_consensus_vsearch	1608	A	A	186	4	2.07%	2	1	93	93	0.061511866352189214	1	1	83	103	4	0	-C
F1_BC61_consensus_vsearch	1609	C	C	180	3	1.58%	2	2	93	93	0.12397260273979696	1	1	80	100	1	2	-T
F1_BC61_consensus_vsearch	1610	T	*/-A	170	7	3.66%	2	2	93	93	0.007354335343249384	1	1	81	89	2	5	-A
F1_BC61_consensus_vsearch	1611	A	A	177	2	1.1%	2	2	93	93	0.24929971988807545	1	1	85	92	1	1	C
F1_BC61_consensus_vsearch	1612	A	A	183	4	2.11%	2	2	93	93	0.061495993004889796	1	1	89	94	1	3	C
F1_BC61_consensus_vsearch	1613	A	A	186	4	2.04%	2	2	93	93	0.061511866352189214	1	1	85	101	3	1	-G
F1_BC61_consensus_vsearch	1614	G	G	185	4	2.11%	2	1	93	93	0.061506631299724945	1	1	81	104	4	0	A
F1_BC61_consensus_vsearch	1615	C	C	187	2	1.04%	2	1	93	93	0.24933687002661706	1	1	84	103	2	0	+T
F1_BC61_consensus_vsearch	1616	A	A	187	4	2.04%	2	1	93	93	0.06151704651694607	1	1	81	106	4	0	G
F1_BC61_consensus_vsearch	1617	C	*/-AC	181	7	3.61%	2	2	93	93	0.007380848803681321	1	1	78	103	6	1	-AC
F1_BC61_consensus_vsearch	1618	A	*/-C	172	8	4.28%	2	2	93	93	0.0036079487687097848	1	1	75	97	5	3	-C
F1_BC61_consensus_vsearch	1619	C	C	175	2	1.12%	2	1	93	93	0.2492917847025028	1	1	74	101	2	0	+A
F1_BC61_consensus_vsearch	1620	C	C	188	4	2.06%	2	1	93	93	0.061522172652713904	1	1	84	104	4	0	G
F1_BC61_consensus_vsearch	1621	C	*/-A	138	35	17.86%	2	1	93	93	4.292369406733526E-12	1	1	46	92	35	0	-A
F1_BC61_consensus_vsearch	1622	A	A	154	2	1.27%	2	1	93	93	0.24919614147907784	1	1	50	104	2	0	C
F1_BC61_consensus_vsearch	1623	A	A	192	1	0.52%	2	1	93	93	0.4999999999999138	1	1	88	104	1	0	G
F1_BC61_consensus_vsearch	1624	A	A	192	2	1.02%	2	1	93	93	0.2493540051679821	1	1	86	106	2	0	-G
F1_BC61_consensus_vsearch	1625	G	*/-A	176	12	6.19%	2	2	93	93	2.0369927796885998E-4	1	1	75	101	11	1	-A
F1_BC61_consensus_vsearch	1626	A	A	180	1	0.54%	2	1	93	93	0.5000000000001412	1	1	75	105	1	0	-G
F1_BC61_consensus_vsearch	1627	G	*/-C	179	8	4.12%	2	2	93	93	0.0036189151712300786	1	1	78	101	5	3	-C
F1_BC61_consensus_vsearch	1628	C	C	178	3	1.63%	2	1	93	93	0.12396121883654573	1	1	80	98	0	3	+T
F1_BC61_consensus_vsearch	1629	C	C	192	1	0.52%	2	1	93	93	0.4999999999999138	1	1	87	105	0	1	+TC
F1_BC61_consensus_vsearch	1630	C	C	191	1	0.51%	2	1	93	93	0.5000000000001412	1	1	87	104	0	1	+T
F1_BC61_consensus_vsearch	1631	C	C	190	2	1.03%	2	1	93	93	0.2493472584856949	1	1	88	102	0	2	A
F1_BC61_consensus_vsearch	1632	A	A	190	2	1.03%	2	1	93	93	0.2493472584856949	1	1	87	103	0	2	-GCA
F1_BC61_consensus_vsearch	1633	G	G	193	0	0%	2	0	93	0	1.0	1	0	89	104	0	0	
F1_BC61_consensus_vsearch	1634	C	C	186	3	1.55%	2	1	93	93	0.1240053050397967	1	1	84	102	3	0	-AC
F1_BC61_consensus_vsearch	1635	A	A	182	6	3.16%	2	2	93	93	0.015005022293196836	1	1	81	101	3	3	-C
F1_BC61_consensus_vsearch	1636	C	C	185	1	0.53%	2	1	93	93	0.5000000000001412	1	1	83	102	1	0	G
F1_BC61_consensus_vsearch	1637	C	C	191	2	1.02%	2	1	93	93	0.24935064935068132	1	1	85	106	2	0	G
F1_BC61_consensus_vsearch	1638	C	Y	177	14	7.14%	2	2	93	93	4.76769575020497E-5	1	1	83	94	3	11	T
F1_BC61_consensus_vsearch	1639	G	G	192	1	0.52%	2	1	93	93	0.4999999999999138	1	1	86	106	1	0	-A
F1_BC61_consensus_vsearch	1640	A	A	192	2	1.03%	2	1	93	93	0.2493540051679821	1	1	86	106	2	0	+T
F1_BC61_consensus_vsearch	1641	T	T	190	4	2.04%	2	1	93	93	0.061532266183381874	1	1	85	105	4	0	+A
F1_BC61_consensus_vsearch	1642	A	R	184	7	3.59%	2	1	93	93	0.007387555568979833	1	1	79	105	7	0	G
F1_BC61_consensus_vsearch	1643	G	*/-C	171	11	5.64%	2	2	93	93	4.179166713235648E-4	1	1	70	101	6	5	-C
F1_BC61_consensus_vsearch	1644	C	C	181	2	1.09%	2	1	93	93	0.24931506849317653	1	1	80	101	2	0	T
F1_BC61_consensus_vsearch	1645	C	C	188	3	1.55%	2	1	93	93	0.124015748031514	1	1	86	102	0	3	T
F1_BC61_consensus_vsearch	1646	C	*/-T	181	9	4.59%	2	2	93	93	0.0017727250885016482	1	1	84	97	2	7	-T
F1_BC61_consensus_vsearch	1647	T	T	177	3	1.61%	2	2	93	93	0.1239554317548523	1	1	81	96	2	1	A
F1_BC61_consensus_vsearch	1648	T	T	187	5	2.56%	2	1	93	93	0.030437285417662132	1	1	88	99	0	5	C
F1_BC61_consensus_vsearch	1649	A	A	192	1	0.52%	2	1	93	93	0.4999999999999138	1	1	88	104	0	1	+G
F1_BC61_consensus_vsearch	1650	T	*/-C	176	18	9.23%	2	2	93	93	2.523768028146743E-6	1	1	75	101	13	5	-C
F1_BC61_consensus_vsearch	1651	C	C	177	0	0%	2	0	93	0	1.0	1	0	76	101	0	0	
F1_BC61_consensus_vsearch	1652	C	C	195	0	0%	2	0	93	0	1.0	1	0	89	106	0	0	
F1_BC61_consensus_vsearch	1653	C	*/-G	181	8	4.08%	2	2	93	93	0.0036219019328410066	1	1	88	93	1	7	-G
F1_BC61_consensus_vsearch	1654	G	G	180	4	2.15%	2	1	93	93	0.06147960135865969	1	1	87	93	0	4	T
F1_BC61_consensus_vsearch	1655	G	G	186	3	1.55%	2	2	93	93	0.1240053050397967	1	1	85	101	2	1	-A
F1_BC61_consensus_vsearch	1656	A	A	188	0	0%	2	0	93	0	1.0	1	0	87	101	0	0	
F1_BC61_consensus_vsearch	1657	A	A	192	1	0.52%	2	1	93	93	0.4999999999999138	1	1	89	103	0	1	G
F1_BC61_consensus_vsearch	1658	G	G	191	2	1.03%	2	1	93	93	0.24935064935068132	1	1	90	101	0	2	-C
F1_BC61_consensus_vsearch	1659	C	C	189	4	2.06%	2	1	93	93	0.061527245600347336	1	1	86	103	4	0	-G
F1_BC61_consensus_vsearch	1660	G	G	186	2	1.05%	2	1	93	93	0.24933333333336263	1	1	86	100	0	2	-CTT
F1_BC61_consensus_vsearch	1661	C	*/-T	166	11	5.76%	2	2	93	93	4.160271719522368E-4	1	1	84	82	1	10	-T
F1_BC61_consensus_vsearch	1662	T	T	172	1	0.58%	2	1	93	93	0.4999999999999138	1	1	89	83	0	1	A
F1_BC61_consensus_vsearch	1663	T	T	183	2	1.08%	2	2	93	93	0.2493224932250014	1	1	89	94	1	1	C
F1_BC61_consensus_vsearch	1664	T	T	178	6	3.16%	2	1	93	93	0.014991620166021489	1	1	88	90	0	6	-C
F1_BC61_consensus_vsearch	1665	C	C	180	5	2.65%	2	2	93	93	0.030406577907750046	1	1	84	96	4	1	-A
F1_BC61_consensus_vsearch	1666	A	A	186	1	0.53%	2	1	93	93	0.4999999999999138	1	1	84	102	0	1	+T
F1_BC61_consensus_vsearch	1667	C	C	188	3	1.55%	2	1	93	93	0.124015748031514	1	1	87	101	0	3	T
F1_BC61_consensus_vsearch	1668	T	T	191	1	0.52%	2	1	93	93	0.5000000000001412	1	1	87	104	1	0	-A
F1_BC61_consensus_vsearch	1669	A	A	194	1	0.51%	2	1	93	93	0.4999999999999138	1	1	88	106	1	0	-C
F1_BC61_consensus_vsearch	1670	C	C	194	1	0.51%	2	1	93	93	0.4999999999999138	1	1	89	105	0	1	A
F1_BC61_consensus_vsearch	1671	T	T	192	4	2.04%	2	1	93	93	0.061542153465828975	1	1	90	102	0	4	C
F1_BC61_consensus_vsearch	1672	G	G	188	2	1.02%	2	1	93	93	0.2493403693931866	1	1	84	104	2	0	+TT
F1_BC61_consensus_vsearch	1673	T	T	190	2	1.04%	2	1	93	93	0.2493472584856949	1	1	87	103	0	2	C
F1_BC61_consensus_vsearch	1674	T	T	193	1	0.52%	2	1	93	93	0.4999999999999138	1	1	87	106	1	0	C
F1_BC61_consensus_vsearch	1675	T	T	188	3	1.53%	2	1	93	93	0.124015748031514	1	1	87	101	0	3	+C
F1_BC61_consensus_vsearch	1676	C	C	193	1	0.51%	2	1	93	93	0.4999999999999138	1	1	88	105	0	1	+A
F1_BC61_consensus_vsearch	1677	A	A	194	0	0%	2	0	93	0	1.0	1	0	88	106	0	0	
F1_BC61_consensus_vsearch	1678	A	*/-C	182	9	4.62%	2	2	93	93	0.001773645426870732	1	1	77	105	8	1	-C
F1_BC61_consensus_vsearch	1679	C	C	184	1	0.54%	2	1	93	93	0.4999999999999138	1	1	80	104	0	1	+T
F1_BC61_consensus_vsearch	1680	C	C	186	6	3.08%	2	1	93	93	0.015017869058322414	1	1	89	97	0	6	T
F1_BC61_consensus_vsearch	1681	C	C	188	4	2.05%	2	1	93	93	0.061522172652713904	1	1	88	100	0	4	T
F1_BC61_consensus_vsearch	1682	A	*/-T	120	59	30.57%	2	2	93	93	5.522748980401873E-21	1	1	28	92	52	7	-T
F1_BC61_consensus_vsearch	1683	T	T	133	2	1.46%	2	1	93	93	0.24907063197040394	1	1	35	98	2	0	C
F1_BC61_consensus_vsearch	1684	T	T	196	0	0%	2	0	93	0	1.0	1	0	90	106	0	0	
F1_BC61_consensus_vsearch	1685	T	T	195	1	0.51%	2	1	93	93	0.5000000000001412	1	1	89	106	1	0	C
F1_BC61_consensus_vsearch	1686	T	T	196	0	0%	2	0	93	0	1.0	1	0	90	106	0	0	
F1_BC61_consensus_vsearch	1687	T	T	188	5	2.55%	2	2	93	93	0.030441490624263247	1	1	87	101	2	3	C
F1_BC61_consensus_vsearch	1688	C	C	189	3	1.54%	2	1	93	93	0.12402088772842607	1	1	84	105	3	0	-A
F1_BC61_consensus_vsearch	1689	A	A	191	1	0.52%	2	1	93	93	0.5000000000001412	1	1	86	105	1	0	G
F1_BC61_consensus_vsearch	1690	T	T	191	2	1.03%	2	1	93	93	0.24935064935068132	1	1	87	104	2	0	C
F1_BC61_consensus_vsearch	1691	G	G	194	1	0.51%	2	1	93	93	0.4999999999999138	1	1	88	106	1	0	+C
F1_BC61_consensus_vsearch	1692	G	G	189	6	3.06%	2	1	93	93	0.01502716012190595	1	1	83	106	6	0	+T
F1_BC61_consensus_vsearch	1693	T	T	190	5	2.55%	2	2	93	93	0.03044977182598529	1	1	88	102	1	4	C
F1_BC61_consensus_vsearch	1694	T	T	192	2	1.02%	2	2	93	93	0.2493540051679821	1	1	87	105	1	1	+G
F1_BC61_consensus_vsearch	1695	G	G	191	2	1.02%	2	1	93	93	0.24935064935068132	1	1	88	103	0	2	-C
F1_BC61_consensus_vsearch	1696	C	*/-T	163	19	9.84%	2	2	93	93	1.1624660859369758E-6	1	1	71	92	13	6	-T
F1_BC61_consensus_vsearch	1697	T	T	172	1	0.58%	2	1	93	93	0.4999999999999138	1	1	75	97	1	0	C
F1_BC61_consensus_vsearch	1698	T	T	188	2	1.04%	2	1	93	93	0.2493403693931866	1	1	87	101	2	0	A
F1_BC61_consensus_vsearch	1699	T	T	193	1	0.52%	2	1	93	93	0.4999999999999138	1	1	88	105	1	0	C
F1_BC61_consensus_vsearch	1700	T	T	189	3	1.54%	2	2	93	93	0.12402088772842607	1	1	86	103	2	1	-C
F1_BC61_consensus_vsearch	1701	C	C	188	2	1.04%	2	1	93	93	0.2493403693931866	1	1	86	102	0	2	+TC
F1_BC61_consensus_vsearch	1702	A	A	187	4	2.06%	2	1	93	93	0.06151704651694607	1	1	82	105	4	0	T
F1_BC61_consensus_vsearch	1703	C	C	188	3	1.55%	2	1	93	93	0.124015748031514	1	1	83	105	3	0	G
F1_BC61_consensus_vsearch	1704	C	*/-T	174	17	8.72%	2	2	93	93	5.258205410644831E-6	1	1	82	92	4	13	-T
F1_BC61_consensus_vsearch	1705	T	T	174	2	1.14%	2	2	93	93	0.24928774928777736	1	1	83	91	1	1	C
F1_BC61_consensus_vsearch	1706	T	T	193	1	0.52%	2	1	93	93	0.4999999999999138	1	1	89	104	0	1	+C
F1_BC61_consensus_vsearch	1707	T	*/-C	110	54	27.55%	2	2	93	93	2.9228500950042655E-19	1	1	67	43	20	34	-C
F1_BC61_consensus_vsearch	1708	C	C	135	0	0%	2	0	93	0	1.0	1	0	70	65	0	0	
F1_BC61_consensus_vsearch	1709	C	C	186	1	0.53%	2	1	93	93	0.4999999999999138	1	1	88	98	1	0	+A
F1_BC61_consensus_vsearch	1710	C	C	192	1	0.51%	2	1	93	93	0.4999999999999138	1	1	90	102	0	1	-T
F1_BC61_consensus_vsearch	1711	T	T	188	2	1.03%	2	1	93	93	0.2493403693931866	1	1	89	99	0	2	-C
F1_BC61_consensus_vsearch	1712	C	C	189	2	1.03%	2	1	93	93	0.24934383202100482	1	1	88	101	2	0	T
F1_BC61_consensus_vsearch	1713	G	G	193	2	1.03%	2	1	93	93	0.24935732647820702	1	1	88	105	2	0	A
F1_BC61_consensus_vsearch	1714	C	C	190	2	1.02%	2	1	93	93	0.2493472584856949	1	1	88	102	0	2	T
F1_BC61_consensus_vsearch	1715	G	G	194	1	0.51%	2	1	93	93	0.4999999999999138	1	1	88	106	1	0	+CG
F1_BC61_consensus_vsearch	1716	G	G	195	1	0.51%	2	1	93	93	0.5000000000001412	1	1	89	106	1	0	T
F1_BC61_consensus_vsearch	1717	T	T	195	1	0.51%	2	1	93	93	0.5000000000001412	1	1	90	105	0	1	C
F1_BC61_consensus_vsearch	1718	A	A	192	4	2.04%	2	2	93	93	0.061542153465828975	1	1	89	103	1	3	G
F1_BC61_consensus_vsearch	1719	C	C	189	3	1.53%	2	2	93	93	0.12402088772842607	1	1	88	101	1	2	+T
F1_BC61_consensus_vsearch	1720	T	T	192	1	0.52%	2	1	93	93	0.4999999999999138	1	1	89	103	0	1	+GC
F1_BC61_consensus_vsearch	1721	T	T	189	1	0.51%	2	1	93	93	0.5000000000001412	1	1	88	101	1	0	+A
F1_BC61_consensus_vsearch	1722	G	G	191	1	0.52%	2	1	93	93	0.5000000000001412	1	1	89	102	0	1	+C
F1_BC61_consensus_vsearch	1723	T	T	190	4	2.04%	2	2	93	93	0.061532266183381874	1	1	87	103	3	1	+A
F1_BC61_consensus_vsearch	1724	G	*/-TG	171	20	10.2%	2	2	93	93	5.644954853086726E-7	1	1	70	101	17	3	-TG
F1_BC61_consensus_vsearch	1725	T	T	170	3	1.7%	2	2	93	93	0.12391304347830047	1	1	71	99	1	2	-GC
F1_BC61_consensus_vsearch	1726	G	G	168	3	1.74%	2	2	93	93	0.12390029325511762	1	1	70	98	1	2	+TG
F1_BC61_consensus_vsearch	1727	C	C	189	1	0.52%	2	1	93	93	0.5000000000001412	1	1	87	102	0	1	+G
F1_BC61_consensus_vsearch	1728	T	T	188	2	1.03%	2	1	93	93	0.2493403693931866	1	1	87	101	0	2	+A
F1_BC61_consensus_vsearch	1729	A	A	193	1	0.51%	2	1	93	93	0.4999999999999138	1	1	89	104	0	1	-T
F1_BC61_consensus_vsearch	1730	T	T	188	3	1.55%	2	1	93	93	0.124015748031514	1	1	86	102	3	0	+C
F1_BC61_consensus_vsearch	1731	C	C	192	1	0.52%	2	1	93	93	0.4999999999999138	1	1	89	103	0	1	T
F1_BC61_consensus_vsearch	1732	G	G	194	2	1.02%	2	1	93	93	0.24936061381078306	1	1	90	104	0	2	T
F1_BC61_consensus_vsearch	1733	G	G	193	2	1.02%	2	1	93	93	0.24935732647820702	1	1	90	103	0	2	+C
F1_BC61_consensus_vsearch	1734	T	T	192	2	1.02%	2	2	93	93	0.2493540051679821	1	1	88	104	1	1	-C
F1_BC61_consensus_vsearch	1735	C	C	187	4	2.06%	2	1	93	93	0.06151704651694607	1	1	84	103	4	0	-AC
F1_BC61_consensus_vsearch	1736	A	A	184	3	1.57%	2	1	93	93	0.12399463806966378	1	1	80	104	3	0	C
F1_BC61_consensus_vsearch	1737	C	C	187	1	0.53%	2	1	93	93	0.4999999999999138	1	1	85	102	0	1	+A
F1_BC61_consensus_vsearch	1738	G	G	192	1	0.51%	2	1	93	93	0.4999999999999138	1	1	88	104	1	0	+CAA
F1_BC61_consensus_vsearch	1739	T	T	194	1	0.51%	2	1	93	93	0.4999999999999138	1	1	89	105	1	0	-C
F1_BC61_consensus_vsearch	1740	C	C	195	0	0%	2	0	93	0	1.0	1	0	89	106	0	0	
F1_BC61_consensus_vsearch	1741	A	A	194	1	0.51%	2	1	93	93	0.4999999999999138	1	1	90	104	0	1	+C
F1_BC61_consensus_vsearch	1742	T	T	191	3	1.53%	2	1	93	93	0.1240310077519331	1	1	88	103	0	3	-CAT
F1_BC61_consensus_vsearch	1743	C	C	191	2	1.04%	2	2	93	93	0.24935064935068132	1	1	89	102	1	1	+G
F1_BC61_consensus_vsearch	1744	A	A	186	3	1.55%	2	1	93	93	0.1240053050397967	1	1	88	98	0	3	G
F1_BC61_consensus_vsearch	1745	T	T	189	2	1.04%	2	1	93	93	0.24934383202100482	1	1	89	100	0	2	-AT
F1_BC61_consensus_vsearch	1746	A	*/+T	182	7	3.61%	2	1	93	93	0.007383107786177688	1	1	87	95	0	7	+T
F1_BC61_consensus_vsearch	1747	T	T	189	0	0%	2	0	93	0	1.0	1	0	87	102	0	0	
F1_BC61_consensus_vsearch	1748	T	T	194	1	0.51%	2	1	93	93	0.4999999999999138	1	1	89	105	1	0	+G
F1_BC61_consensus_vsearch	1749	T	T	195	1	0.51%	2	1	93	93	0.5000000000001412	1	1	89	106	1	0	-A
F1_BC61_consensus_vsearch	1750	A	A	191	2	1.03%	2	1	93	93	0.24935064935068132	1	1	86	105	2	0	G
F1_BC61_consensus_vsearch	1751	G	G	187	3	1.55%	2	2	93	93	0.12401055408976878	1	1	83	104	2	1	-C
F1_BC61_consensus_vsearch	1752	C	C	188	2	1.05%	2	1	93	93	0.2493403693931866	1	1	86	102	0	2	+T
F1_BC61_consensus_vsearch	1753	C	*/-T	177	9	4.64%	2	1	93	93	0.0017689474455757383	1	1	86	91	0	9	-T
F1_BC61_consensus_vsearch	1754	T	T	183	1	0.54%	2	1	93	93	0.4999999999999138	1	1	88	95	0	1	+G
F1_BC61_consensus_vsearch	1755	T	T	185	6	3.08%	2	2	93	93	0.01501470753479516	1	1	84	101	3	3	-A
F1_BC61_consensus_vsearch	1756	A	A	187	2	1.05%	2	1	93	93	0.24933687002661706	1	1	87	100	0	2	+G
F1_BC61_consensus_vsearch	1757	G	*/-A	177	14	7.14%	2	2	93	93	4.76769575020497E-5	1	1	76	101	13	1	-A
F1_BC61_consensus_vsearch	1758	A	A	174	3	1.68%	2	1	93	93	0.12393767705382001	1	1	72	102	3	0	G
F1_BC61_consensus_vsearch	1759	A	A	187	2	1.04%	2	2	93	93	0.24933687002661706	1	1	88	99	1	1	-G
F1_BC61_consensus_vsearch	1760	G	G	187	3	1.56%	2	1	93	93	0.12401055408976878	1	1	89	98	0	3	T
F1_BC61_consensus_vsearch	1761	G	G	194	1	0.51%	2	1	93	93	0.4999999999999138	1	1	89	105	1	0	A
F1_BC61_consensus_vsearch	1762	T	T	192	2	1.02%	2	1	93	93	0.2493540051679821	1	1	90	102	0	2	-C
F1_BC61_consensus_vsearch	1763	C	C	194	0	0%	2	0	93	0	1.0	1	0	90	104	0	0	
F1_BC61_consensus_vsearch	1764	T	T	193	3	1.53%	2	1	93	93	0.12404092071614016	1	1	90	103	0	3	C
F1_BC61_consensus_vsearch	1765	C	C	193	1	0.51%	2	1	93	93	0.4999999999999138	1	1	89	104	1	0	+G
F1_BC61_consensus_vsearch	1766	T	T	186	5	2.56%	2	2	93	93	0.030433036239869853	1	1	87	99	1	4	C
F1_BC61_consensus_vsearch	1767	A	A	187	3	1.55%	2	2	93	93	0.12401055408976878	1	1	85	102	1	2	-C
F1_BC61_consensus_vsearch	1768	C	C	184	2	1.05%	2	1	93	93	0.24932614555250343	1	1	83	101	2	0	+A
F1_BC61_consensus_vsearch	1769	C	C	191	2	1.03%	2	2	93	93	0.24935064935068132	1	1	88	103	1	1	-TC
F1_BC61_consensus_vsearch	1770	T	*/-C	169	12	6.22%	2	2	93	93	2.02230596700354E-4	1	1	78	91	6	6	-C
F1_BC61_consensus_vsearch	1771	C	C	179	0	0%	2	0	93	0	1.0	1	0	81	98	0	0	
F1_BC61_consensus_vsearch	1772	C	C	193	0	0%	2	0	93	0	1.0	1	0	88	105	0	0	
F1_BC61_consensus_vsearch	1773	C	C	190	3	1.53%	2	1	93	93	0.12402597402595401	1	1	85	105	3	0	-AC
F1_BC61_consensus_vsearch	1774	A	A	184	5	2.62%	2	1	93	93	0.030424403183015276	1	1	78	106	5	0	G
F1_BC61_consensus_vsearch	1775	C	C	187	4	2.09%	2	2	93	93	0.06151704651694607	1	1	82	105	3	1	-TT
F1_BC61_consensus_vsearch	1776	T	T	183	4	2.11%	2	2	93	93	0.061495993004889796	1	1	82	101	3	1	C
F1_BC61_consensus_vsearch	1777	T	T	188	3	1.56%	2	1	93	93	0.124015748031514	1	1	83	105	3	0	C
F1_BC61_consensus_vsearch	1778	G	G	192	2	1.02%	2	1	93	93	0.2493540051679821	1	1	88	104	2	0	A
F1_BC61_consensus_vsearch	1779	G	G	193	1	0.51%	2	1	93	93	0.4999999999999138	1	1	89	104	1	0	+C
F1_BC61_consensus_vsearch	1780	C	C	188	5	2.56%	2	2	93	93	0.030441490624263247	1	1	88	100	1	4	-GC
F1_BC61_consensus_vsearch	1781	G	G	189	1	0.52%	2	1	93	93	0.5000000000001412	1	1	87	102	1	0	-CA
F1_BC61_consensus_vsearch	1782	C	C	188	1	0.53%	2	1	93	93	0.5000000000001412	1	1	87	101	0	1	+AA
F1_BC61_consensus_vsearch	1783	A	A	190	2	1.03%	2	1	93	93	0.2493472584856949	1	1	85	105	2	0	G
F1_BC61_consensus_vsearch	1784	G	G	191	2	1.02%	2	1	93	93	0.24935064935068132	1	1	88	103	0	2	+A
F1_BC61_consensus_vsearch	1785	C	C	194	1	0.51%	2	1	93	93	0.4999999999999138	1	1	88	106	1	0	+G
F1_BC61_consensus_vsearch	1786	A	*/-T	185	7	3.59%	2	2	93	93	0.007389745092191117	1	1	88	97	1	6	-T
F1_BC61_consensus_vsearch	1787	T	T	185	2	1.06%	2	2	93	93	0.24932975871318122	1	1	87	98	1	1	C
F1_BC61_consensus_vsearch	1788	T	T	194	1	0.51%	2	1	93	93	0.4999999999999138	1	1	90	104	0	1	+G
F1_BC61_consensus_vsearch	1789	A	R	180	9	4.62%	2	2	93	93	0.001771795269848945	1	1	82	98	6	3	G
F1_BC61_consensus_vsearch	1790	C	*/+A	159	17	8.9%	2	2	93	93	5.085944969025747E-6	1	1	83	76	1	16	+A
F1_BC61_consensus_vsearch	1791	A	A	181	0	0%	2	0	93	0	1.0	1	0	85	96	0	0	
F1_BC61_consensus_vsearch	1792	A	A	195	1	0.51%	2	1	93	93	0.5000000000001412	1	1	90	105	0	1	G
F1_BC61_consensus_vsearch	1793	A	A	193	1	0.51%	2	1	93	93	0.4999999999999138	1	1	88	105	1	0	+GGGAA
F1_BC61_consensus_vsearch	1794	A	A	191	5	2.55%	2	2	93	93	0.030453849137731474	1	1	86	105	4	1	G
F1_BC61_consensus_vsearch	1795	C	C	195	1	0.51%	2	1	93	93	0.5000000000001412	1	1	90	105	0	1	T
F1_BC61_consensus_vsearch	1796	T	Y	187	8	4.08%	2	2	93	93	0.0036305010705765203	1	1	85	102	4	4	C
F1_BC61_consensus_vsearch	1797	A	A	190	4	2.05%	2	2	93	93	0.061532266183381874	1	1	87	103	1	3	-C
F1_BC61_consensus_vsearch	1798	C	C	189	2	1.05%	2	1	93	93	0.24934383202100482	1	1	88	101	0	2	T
F1_BC61_consensus_vsearch	1799	G	G	191	2	1.02%	2	1	93	93	0.24935064935068132	1	1	90	101	0	2	-CG
F1_BC61_consensus_vsearch	1800	C	C	190	1	0.52%	2	1	93	93	0.4999999999999138	1	1	90	100	0	1	+T
F1_BC61_consensus_vsearch	1801	G	G	190	1	0.52%	2	1	93	93	0.4999999999999138	1	1	90	100	0	1	+C
F1_BC61_consensus_vsearch	1802	A	A	193	2	1.03%	2	1	93	93	0.24935732647820702	1	1	90	103	0	2	+C
F1_BC61_consensus_vsearch	1803	C	C	194	2	1.02%	2	1	93	93	0.24936061381078306	1	1	90	104	0	2	+T
F1_BC61_consensus_vsearch	1804	T	T	189	4	2.04%	2	1	93	93	0.061527245600347336	1	1	89	100	0	4	C
F1_BC61_consensus_vsearch	1805	C	C	193	1	0.51%	2	1	93	93	0.4999999999999138	1	1	89	104	0	1	+GG
F1_BC61_consensus_vsearch	1806	G	G	191	4	2.05%	2	1	93	93	0.06153723520852315	1	1	85	106	4	0	-A
F1_BC61_consensus_vsearch	1807	A	A	186	3	1.56%	2	1	93	93	0.1240053050397967	1	1	81	105	3	0	+G
F1_BC61_consensus_vsearch	1808	G	G	194	1	0.51%	2	1	93	93	0.4999999999999138	1	1	90	104	0	1	+T
F1_BC61_consensus_vsearch	1809	G	*/-A	164	18	9.18%	2	1	93	93	2.4525199130127444E-6	1	1	58	106	18	0	-A
F1_BC61_consensus_vsearch	1810	A	A	159	3	1.83%	2	2	93	93	0.1238390092878778	1	1	57	102	1	2	G
F1_BC61_consensus_vsearch	1811	G	G	179	2	1.1%	2	2	93	93	0.24930747922443972	1	1	75	104	1	1	-C
F1_BC61_consensus_vsearch	1812	C	C	187	5	2.58%	2	1	93	93	0.030437285417662132	1	1	83	104	5	0	-G
F1_BC61_consensus_vsearch	1813	G	G	189	1	0.52%	2	1	93	93	0.5000000000001412	1	1	83	106	1	0	+C
F1_BC61_consensus_vsearch	1814	C	C	178	6	3.06%	2	2	93	93	0.014991620166021489	1	1	79	99	4	2	-T
F1_BC61_consensus_vsearch	1815	T	T	187	1	0.53%	2	1	93	93	0.4999999999999138	1	1	83	104	1	0	G
F1_BC61_consensus_vsearch	1816	T	T	190	1	0.52%	2	1	93	93	0.4999999999999138	1	1	88	102	0	1	+A
F1_BC61_consensus_vsearch	1817	G	G	193	1	0.51%	2	1	93	93	0.4999999999999138	1	1	88	105	1	0	+A
F1_BC61_consensus_vsearch	1818	T	T	189	2	1.03%	2	1	93	93	0.24934383202100482	1	1	86	103	0	2	C
F1_BC61_consensus_vsearch	1819	C	*/+G	143	23	11.86%	2	1	93	93	5.259989544763078E-8	1	1	38	105	23	0	+G
F1_BC61_consensus_vsearch	1820	A	*/-T	144	22	12.87%	2	1	93	93	1.132358860330495E-7	1	1	40	104	22	0	-T
F1_BC61_consensus_vsearch	1821	T	K	141	28	16.28%	2	1	93	93	1.1009358860308572E-9	1	1	37	104	28	0	G
F1_BC61_consensus_vsearch	1822	T	T	188	3	1.53%	2	1	93	93	0.124015748031514	1	1	86	102	0	3	-G
F1_BC61_consensus_vsearch	1823	G	G	190	2	1.04%	2	1	93	93	0.2493472584856949	1	1	88	102	2	0	A
F1_BC61_consensus_vsearch	1824	G	G	190	4	2.05%	2	2	93	93	0.061532266183381874	1	1	89	101	1	3	A
F1_BC61_consensus_vsearch	1825	C	C	191	2	1.03%	2	1	93	93	0.24935064935068132	1	1	90	101	0	2	T
F1_BC61_consensus_vsearch	1826	G	G	193	2	1.03%	2	2	93	93	0.24935732647820702	1	1	89	104	1	1	-CG
F1_BC61_consensus_vsearch	1827	C	C	188	2	1.04%	2	1	93	93	0.2493403693931866	1	1	87	101	2	0	-G
F1_BC61_consensus_vsearch	1828	G	G	189	1	0.52%	2	1	93	93	0.5000000000001412	1	1	85	104	1	0	+A
F1_BC61_consensus_vsearch	1829	A	A	191	1	0.51%	2	1	93	93	0.5000000000001412	1	1	86	105	1	0	+GGAGA
F1_BC61_consensus_vsearch	1830	G	G	188	4	2.05%	2	1	93	93	0.061522172652713904	1	1	84	104	4	0	+AG
F1_BC61_consensus_vsearch	1831	T	T	195	1	0.51%	2	1	93	93	0.5000000000001412	1	1	89	106	1	0	G
F1_BC61_consensus_vsearch	1832	G	G	193	2	1.02%	2	2	93	93	0.24935732647820702	1	1	89	104	1	1	-CA
F1_BC61_consensus_vsearch	1833	C	C	189	2	1.03%	2	1	93	93	0.24934383202100482	1	1	84	105	2	0	+G
F1_BC61_consensus_vsearch	1834	A	R	177	16	8.29%	2	2	93	93	1.1036138156984275E-5	1	1	74	103	14	2	G
F1_BC61_consensus_vsearch	1835	G	G	194	1	0.51%	2	1	93	93	0.4999999999999138	1	1	89	105	1	0	+AA
F1_BC61_consensus_vsearch	1836	G	G	190	2	1.02%	2	1	93	93	0.2493472584856949	1	1	88	102	2	0	+C
F1_BC61_consensus_vsearch	1837	C	C	189	2	1.04%	2	1	93	93	0.24934383202100482	1	1	87	102	2	0	+G
F1_BC61_consensus_vsearch	1838	A	R	163	27	14.06%	2	2	93	93	2.7578029778063346E-9	1	1	62	101	26	1	G
F1_BC61_consensus_vsearch	1839	G	G	186	5	2.6%	2	1	93	93	0.030433036239869853	1	1	85	101	5	0	+A
F1_BC61_consensus_vsearch	1840	G	G	191	1	0.52%	2	1	93	93	0.5000000000001412	1	1	89	102	1	0	+AG
F1_BC61_consensus_vsearch	1841	T	T	189	3	1.54%	2	1	93	93	0.12402088772842607	1	1	88	101	0	3	-G
F1_BC61_consensus_vsearch	1842	G	G	189	1	0.52%	2	1	93	93	0.5000000000001412	1	1	88	101	1	0	+A
F1_BC61_consensus_vsearch	1843	G	G	193	1	0.52%	2	1	93	93	0.4999999999999138	1	1	89	104	1	0	-T
F1_BC61_consensus_vsearch	1844	T	T	190	2	1.03%	2	1	93	93	0.2493472584856949	1	1	87	103	2	0	-AC
F1_BC61_consensus_vsearch	1845	A	A	190	3	1.55%	2	2	93	93	0.12402597402595401	1	1	86	104	2	1	G
F1_BC61_consensus_vsearch	1846	C	C	189	2	1.03%	2	1	93	93	0.24934383202100482	1	1	85	104	2	0	-A
F1_BC61_consensus_vsearch	1847	A	A	183	5	2.58%	2	1	93	93	0.030420017873106126	1	1	82	101	5	0	G
F1_BC61_consensus_vsearch	1848	G	G	191	1	0.52%	2	1	93	93	0.5000000000001412	1	1	90	101	0	1	+T
F1_BC61_consensus_vsearch	1849	G	G	194	1	0.51%	2	1	93	93	0.4999999999999138	1	1	89	105	0	1	+TG
F1_BC61_consensus_vsearch	1850	A	*/-C	173	19	9.69%	2	1	93	93	1.1944226389711712E-6	1	1	89	84	0	19	-C
F1_BC61_consensus_vsearch	1851	C	C	174	2	1.13%	2	2	93	93	0.24928774928777736	1	1	88	86	1	1	T
F1_BC61_consensus_vsearch	1852	T	T	188	4	2.04%	2	2	93	93	0.061522172652713904	1	1	88	100	1	3	A
F1_BC61_consensus_vsearch	1853	G	S	172	19	9.69%	2	1	93	93	1.1913480300411024E-6	1	1	89	83	0	19	C
F1_BC61_consensus_vsearch	1854	T	W	168	19	9.9%	2	1	93	93	1.1787861730236885E-6	1	1	87	81	0	19	A
F1_BC61_consensus_vsearch	1855	G	G	193	1	0.51%	2	1	93	93	0.4999999999999138	1	1	89	104	0	1	+C
F1_BC61_consensus_vsearch	1856	A	*/-C	157	36	18.37%	2	2	93	93	2.4041799647499215E-12	1	1	86	71	4	32	-C
F1_BC61_consensus_vsearch	1857	C	C	156	3	1.88%	2	1	93	93	0.12381703470030796	1	1	85	71	0	3	+T
F1_BC61_consensus_vsearch	1858	C	C	195	1	0.51%	2	1	93	93	0.5000000000001412	1	1	89	106	1	0	+A
F1_BC61_consensus_vsearch	1859	C	C	192	2	1.02%	2	2	93	93	0.2493540051679821	1	1	89	103	1	1	-T
F1_BC61_consensus_vsearch	1860	T	*/-CT	179	8	4.12%	2	1	93	93	0.0036189151712300786	1	1	86	93	0	8	-CT
F1_BC61_consensus_vsearch	1861	C	C	178	5	2.72%	2	2	93	93	0.0303973734857873	1	1	88	90	1	4	-T
F1_BC61_consensus_vsearch	1862	T	T	178	2	1.1%	2	2	93	93	0.24930362117001986	1	1	87	91	1	1	C
F1_BC61_consensus_vsearch	1863	G	*/-AG	180	8	4.12%	2	1	93	93	0.00362041635085765	1	1	78	102	8	0	-AG
F1_BC61_consensus_vsearch	1864	A	A	172	5	2.72%	2	2	93	93	0.030368514079556194	1	1	72	100	4	1	-G
F1_BC61_consensus_vsearch	1865	G	G	178	1	0.56%	2	1	93	93	0.4999999999999138	1	1	76	102	1	0	A
F1_BC61_consensus_vsearch	1866	G	G	190	1	0.52%	2	1	93	93	0.4999999999999138	1	1	88	102	1	0	+C
F1_BC61_consensus_vsearch	1867	T	T	191	1	0.52%	2	1	93	93	0.5000000000001412	1	1	89	102	0	1	A
F1_BC61_consensus_vsearch	1868	G	G	191	2	1.03%	2	1	93	93	0.24935064935068132	1	1	87	104	2	0	-C
F1_BC61_consensus_vsearch	1869	C	C	190	1	0.52%	2	1	93	93	0.4999999999999138	1	1	87	103	0	1	+T
F1_BC61_consensus_vsearch	1870	C	C	188	5	2.56%	2	1	93	93	0.030441490624263247	1	1	89	99	0	5	T
F1_BC61_consensus_vsearch	1871	G	G	193	2	1.03%	2	1	93	93	0.24935732647820702	1	1	90	103	0	2	+CCG
F1_BC61_consensus_vsearch	1872	T	T	187	3	1.53%	2	1	93	93	0.12401055408976878	1	1	89	98	0	3	+G
F1_BC61_consensus_vsearch	1873	G	G	187	2	1.04%	2	1	93	93	0.24933687002661706	1	1	87	100	0	2	+C
F1_BC61_consensus_vsearch	1874	T	Y	177	11	5.73%	2	2	93	93	4.200578330993431E-4	1	1	85	92	4	7	C
F1_BC61_consensus_vsearch	1875	T	T	192	3	1.53%	2	2	93	93	0.12403598971719802	1	1	89	103	1	2	C
F1_BC61_consensus_vsearch	1876	T	T	190	5	2.55%	2	1	93	93	0.03044977182598529	1	1	84	106	5	0	+C
F1_BC61_consensus_vsearch	1877	C	C	192	3	1.53%	2	2	93	93	0.12403598971719802	1	1	88	104	2	1	+A
F1_BC61_consensus_vsearch	1878	A	A	190	4	2.04%	2	2	93	93	0.061532266183381874	1	1	86	104	3	1	G
F1_BC61_consensus_vsearch	1879	A	A	186	6	3.06%	2	2	93	93	0.015017869058322414	1	1	81	105	5	1	G
F1_BC61_consensus_vsearch	1880	C	*/+G	184	7	3.57%	2	1	93	93	0.007387555568979833	1	1	89	95	0	7	+G
F1_BC61_consensus_vsearch	1881	G	G	193	1	0.51%	2	1	93	93	0.4999999999999138	1	1	89	104	0	1	+TG
F1_BC61_consensus_vsearch	1882	G	G	196	0	0%	2	0	93	0	1.0	1	0	90	106	0	0	
F1_BC61_consensus_vsearch	1883	A	A	189	3	1.53%	2	1	93	93	0.12402088772842607	1	1	90	99	0	3	+T
F1_BC61_consensus_vsearch	1884	C	C	184	6	3.12%	2	2	93	93	0.015011512916161563	1	1	86	98	2	4	-T
F1_BC61_consensus_vsearch	1885	T	T	184	1	0.54%	2	1	93	93	0.4999999999999138	1	1	86	98	0	1	C
F1_BC61_consensus_vsearch	1886	T	*/-C	181	7	3.61%	2	2	93	93	0.007380848803681321	1	1	83	98	3	4	-C
F1_BC61_consensus_vsearch	1887	C	C	186	0	0%	2	0	93	0	1.0	1	0	85	101	0	0	
F1_BC61_consensus_vsearch	1888	C	C	193	1	0.52%	2	1	93	93	0.4999999999999138	1	1	88	105	1	0	-ACC
F1_BC61_consensus_vsearch	1889	A	A	194	1	0.51%	2	1	93	93	0.4999999999999138	1	1	88	106	1	0	G
F1_BC61_consensus_vsearch	1890	C	C	195	0	0%	2	0	93	0	1.0	1	0	89	106	0	0	
F1_BC61_consensus_vsearch	1891	C	C	192	2	1.03%	2	1	93	93	0.2493540051679821	1	1	87	105	2	0	+AC
F1_BC61_consensus_vsearch	1892	G	G	190	3	1.53%	2	1	93	93	0.12402597402595401	1	1	88	102	0	3	-CCG
F1_BC61_consensus_vsearch	1893	C	C	192	1	0.52%	2	1	93	93	0.4999999999999138	1	1	90	102	0	1	+T
F1_BC61_consensus_vsearch	1894	C	Y	184	9	4.66%	2	1	93	93	0.0017754582364345615	1	1	90	94	0	9	T
F1_BC61_consensus_vsearch	1895	G	G	187	2	1.04%	2	1	93	93	0.24933687002661706	1	1	85	102	2	0	-T
F1_BC61_consensus_vsearch	1896	T	T	190	3	1.55%	2	2	93	93	0.12402597402595401	1	1	87	103	1	2	C
F1_BC61_consensus_vsearch	1897	T	T	190	2	1.03%	2	1	93	93	0.2493472584856949	1	1	86	104	2	0	C
F1_BC61_consensus_vsearch	1898	A	A	187	3	1.55%	2	2	93	93	0.12401055408976878	1	1	86	101	2	1	G
F1_BC61_consensus_vsearch	1899	C	C	190	1	0.52%	2	1	93	93	0.4999999999999138	1	1	89	101	0	1	+G
F1_BC61_consensus_vsearch	1900	A	A	190	2	1.03%	2	1	93	93	0.2493472584856949	1	1	88	102	2	0	G
F1_BC61_consensus_vsearch	1901	T	T	192	2	1.03%	2	2	93	93	0.2493540051679821	1	1	89	103	1	1	-AC
F1_BC61_consensus_vsearch	1902	A	A	190	3	1.55%	2	2	93	93	0.12402597402595401	1	1	87	103	2	1	G
F1_BC61_consensus_vsearch	1903	C	C	190	2	1.03%	2	1	93	93	0.2493472584856949	1	1	87	103	0	2	T
F1_BC61_consensus_vsearch	1904	G	G	191	2	1.03%	2	1	93	93	0.24935064935068132	1	1	86	105	2	0	+CC
F1_BC61_consensus_vsearch	1905	C	C	193	2	1.02%	2	1	93	93	0.24935732647820702	1	1	89	104	0	2	+GC
F1_BC61_consensus_vsearch	1906	A	A	190	2	1.02%	2	2	93	93	0.2493472584856949	1	1	86	104	1	1	T
F1_BC61_consensus_vsearch	1907	G	G	194	1	0.51%	2	1	93	93	0.4999999999999138	1	1	88	106	1	0	+A
F1_BC61_consensus_vsearch	1908	A	A	191	3	1.53%	2	1	93	93	0.1240310077519331	1	1	85	106	3	0	+C
F1_BC61_consensus_vsearch	1909	C	*/+A	176	11	5.61%	2	1	93	93	4.1971005075956745E-4	1	1	71	105	11	0	+A
F1_BC61_consensus_vsearch	1910	G	G	187	4	2.05%	2	2	93	93	0.06151704651694607	1	1	84	103	3	1	-A
F1_BC61_consensus_vsearch	1911	A	A	189	1	0.52%	2	1	93	93	0.5000000000001412	1	1	85	104	1	0	+G
F1_BC61_consensus_vsearch	1912	A	A	195	0	0%	2	0	93	0	1.0	1	0	90	105	0	0	
F1_BC61_consensus_vsearch	1913	A	A	190	5	2.55%	2	2	93	93	0.03044977182598529	1	1	86	104	3	2	G
F1_BC61_consensus_vsearch	1914	C	C	196	0	0%	2	0	93	0	1.0	1	0	90	106	0	0	
F1_BC61_consensus_vsearch	1915	G	G	196	0	0%	2	0	93	0	1.0	1	0	90	106	0	0	
F1_BC61_consensus_vsearch	1916	T	T	194	2	1.02%	2	1	93	93	0.24936061381078306	1	1	88	106	2	0	-C
F1_BC61_consensus_vsearch	1917	C	C	192	1	0.52%	2	1	93	93	0.4999999999999138	1	1	87	105	1	0	G
F1_BC61_consensus_vsearch	1918	C	C	190	2	1.02%	2	1	93	93	0.2493472584856949	1	1	84	106	2	0	+GC
F1_BC61_consensus_vsearch	1919	A	A	189	2	1.03%	2	1	93	93	0.24934383202100482	1	1	84	105	2	0	-T
F1_BC61_consensus_vsearch	1920	T	T	187	2	1.04%	2	1	93	93	0.24933687002661706	1	1	82	105	2	0	+A
F1_BC61_consensus_vsearch	1921	A	A	193	1	0.51%	2	1	93	93	0.4999999999999138	1	1	88	105	1	0	+G
F1_BC61_consensus_vsearch	1922	G	G	185	4	2.04%	2	1	93	93	0.061506631299724945	1	1	83	102	0	4	-TG
F1_BC61_consensus_vsearch	1923	T	T	183	3	1.56%	2	1	93	93	0.12398921832883274	1	1	88	95	0	3	-GC
F1_BC61_consensus_vsearch	1924	G	G	184	2	1.08%	2	1	93	93	0.24932614555250343	1	1	88	96	0	2	+TG
F1_BC61_consensus_vsearch	1925	C	C	184	2	1.04%	2	1	93	93	0.24932614555250343	1	1	84	100	2	0	-A
F1_BC61_consensus_vsearch	1926	A	A	185	5	2.59%	2	2	93	93	0.030428742397642147	1	1	80	105	4	1	G
F1_BC61_consensus_vsearch	1927	C	C	190	6	3.06%	2	2	93	93	0.015030194277274317	1	1	86	104	4	2	T
F1_BC61_consensus_vsearch	1928	A	A	193	2	1.02%	2	1	93	93	0.24935732647820702	1	1	89	104	0	2	+CA
F1_BC61_consensus_vsearch	1929	A	A	184	5	2.55%	2	1	93	93	0.030424403183015276	1	1	86	98	0	5	+TC
F1_BC61_consensus_vsearch	1930	C	*/+T	183	7	3.57%	2	2	93	93	0.007385343252869138	1	1	89	94	1	6	+T
F1_BC61_consensus_vsearch	1931	T	*/+C	176	7	3.68%	2	2	93	93	0.007369187819667051	1	1	85	91	5	2	+C
F1_BC61_consensus_vsearch	1932	C	*/-G	162	27	14.14%	2	1	93	93	2.7422224208072403E-9	1	1	88	74	0	27	-G
F1_BC61_consensus_vsearch	1933	G	G	160	6	3.59%	2	1	93	93	0.014923368518138325	1	1	89	71	0	6	T
F1_BC61_consensus_vsearch	1934	G	G	194	1	0.51%	2	1	93	93	0.4999999999999138	1	1	89	105	1	0	-A
F1_BC61_consensus_vsearch	1935	A	A	188	3	1.54%	2	2	93	93	0.124015748031514	1	1	86	102	1	2	G
F1_BC61_consensus_vsearch	1936	C	C	188	5	2.55%	2	1	93	93	0.030441490624263247	1	1	82	106	5	0	T
F1_BC61_consensus_vsearch	1937	A	A	187	2	1.04%	2	1	93	93	0.24933687002661706	1	1	81	106	2	0	T
F1_BC61_consensus_vsearch	1938	C	C	178	5	2.58%	2	2	93	93	0.0303973734857873	1	1	80	98	4	1	T
F1_BC61_consensus_vsearch	1939	G	R	182	7	3.66%	2	1	93	93	0.007383107786177688	1	1	81	101	7	0	A
F1_BC61_consensus_vsearch	1940	G	*/+A	184	7	3.59%	2	1	93	93	0.007387555568979833	1	1	80	104	7	0	+A
F1_BC61_consensus_vsearch	1941	G	G	180	5	2.55%	2	1	93	93	0.030406577907750046	1	1	79	101	5	0	+T
F1_BC61_consensus_vsearch	1942	T	T	187	3	1.57%	2	2	93	93	0.12401055408976878	1	1	88	99	1	2	C
F1_BC61_consensus_vsearch	1943	T	T	192	3	1.53%	2	2	93	93	0.12403598971719802	1	1	89	103	1	2	C
F1_BC61_consensus_vsearch	1944	T	T	186	3	1.53%	2	2	93	93	0.1240053050397967	1	1	86	100	1	2	C
F1_BC61_consensus_vsearch	1945	A	*/-C	162	17	8.85%	2	2	93	93	5.122339916563518E-6	1	1	73	89	8	9	-C
F1_BC61_consensus_vsearch	1946	C	C	167	3	1.71%	2	1	93	93	0.12389380530972131	1	1	77	90	0	3	T
F1_BC61_consensus_vsearch	1947	C	C	188	4	2.07%	2	1	93	93	0.061522172652713904	1	1	87	101	0	4	+T
F1_BC61_consensus_vsearch	1948	C	C	182	5	2.58%	2	1	93	93	0.030415585729470396	1	1	85	97	0	5	+T
F1_BC61_consensus_vsearch	1949	C	Y	154	25	12.89%	2	2	93	93	1.211237425729223E-8	1	1	80	74	1	24	T
F1_BC61_consensus_vsearch	1950	A	A	184	2	1.06%	2	1	93	93	0.24932614555250343	1	1	85	99	0	2	G
F1_BC61_consensus_vsearch	1951	A	A	189	3	1.55%	2	1	93	93	0.12402088772842607	1	1	88	101	0	3	T
F1_BC61_consensus_vsearch	1952	G	G	195	1	0.51%	2	1	93	93	0.5000000000001412	1	1	89	106	1	0	T
F1_BC61_consensus_vsearch	1953	T	T	194	2	1.02%	2	1	93	93	0.24936061381078306	1	1	90	104	0	2	C
F1_BC61_consensus_vsearch	1954	C	C	194	1	0.51%	2	1	93	93	0.4999999999999138	1	1	89	105	1	0	+G
F1_BC61_consensus_vsearch	1955	A	A	191	3	1.54%	2	1	93	93	0.1240310077519331	1	1	87	104	3	0	-G
F1_BC61_consensus_vsearch	1956	G	G	190	2	1.04%	2	1	93	93	0.2493472584856949	1	1	84	106	2	0	-A
F1_BC61_consensus_vsearch	1957	A	A	192	1	0.52%	2	1	93	93	0.4999999999999138	1	1	87	105	0	1	+C
F1_BC61_consensus_vsearch	1958	T	T	193	2	1.02%	2	1	93	93	0.24935732647820702	1	1	89	104	0	2	+C
F1_BC61_consensus_vsearch	1959	T	T	190	3	1.53%	2	1	93	93	0.12402597402595401	1	1	89	101	0	3	C
F1_BC61_consensus_vsearch	1960	C	C	193	1	0.52%	2	1	93	93	0.4999999999999138	1	1	88	105	1	0	T
F1_BC61_consensus_vsearch	1961	A	A	189	2	1.02%	2	1	93	93	0.24934383202100482	1	1	89	100	0	2	C
F1_BC61_consensus_vsearch	1962	C	C	192	1	0.52%	2	1	93	93	0.4999999999999138	1	1	89	103	1	0	+G
F1_BC61_consensus_vsearch	1963	A	*/-CA	165	26	13.33%	2	2	93	93	5.983593554065575E-9	1	1	81	84	7	19	-CA
F1_BC61_consensus_vsearch	1964	C	C	168	1	0.59%	2	1	93	93	0.4999999999999138	1	1	83	85	0	1	T
F1_BC61_consensus_vsearch	1965	A	A	163	2	1.18%	2	2	93	93	0.24924012158063483	1	1	79	84	1	1	+CA
F1_BC61_consensus_vsearch	1966	T	T	192	1	0.52%	2	1	93	93	0.4999999999999138	1	1	86	106	1	0	C
F1_BC61_consensus_vsearch	1967	T	T	187	4	2.05%	2	1	93	93	0.06151704651694607	1	1	87	100	0	4	+G
F1_BC61_consensus_vsearch	1968	G	G	192	2	1.03%	2	1	93	93	0.2493540051679821	1	1	87	105	2	0	-A
F1_BC61_consensus_vsearch	1969	A	A	190	2	1.03%	2	2	93	93	0.2493472584856949	1	1	86	104	1	1	-G
F1_BC61_consensus_vsearch	1970	G	G	192	1	0.52%	2	1	93	93	0.4999999999999138	1	1	87	105	1	0	+C
F1_BC61_consensus_vsearch	1971	C	*/-G	179	14	7.14%	2	2	93	93	4.780363754070553E-5	1	1	86	93	4	10	-G
F1_BC61_consensus_vsearch	1972	G	G	174	5	2.75%	2	1	93	93	0.030378348522515145	1	1	79	95	5	0	A
F1_BC61_consensus_vsearch	1973	G	G	193	2	1.02%	2	1	93	93	0.24935732647820702	1	1	87	106	2	0	A
F1_BC61_consensus_vsearch	1974	G	G	195	1	0.51%	2	1	93	93	0.5000000000001412	1	1	90	105	0	1	-T
F1_BC61_consensus_vsearch	1975	T	*/-C	176	12	6.15%	2	1	93	93	2.0369927796885998E-4	1	1	74	102	12	0	-C
F1_BC61_consensus_vsearch	1976	C	C	183	0	0%	2	0	93	0	1.0	1	0	77	106	0	0	
F1_BC61_consensus_vsearch	1977	C	C	188	3	1.54%	2	1	93	93	0.124015748031514	1	1	86	102	0	3	+TG
F1_BC61_consensus_vsearch	1978	C	Y	163	16	8.16%	2	2	93	93	1.0747486205302928E-5	1	1	77	86	3	13	T
F1_BC61_consensus_vsearch	1979	G	G	177	4	2.14%	2	1	93	93	0.061462665606988216	1	1	79	98	0	4	-CT
F1_BC61_consensus_vsearch	1980	C	C	176	2	1.08%	2	2	93	93	0.2492957746479494	1	1	78	98	1	1	-T
F1_BC61_consensus_vsearch	1981	T	T	186	2	1.06%	2	2	93	93	0.24933333333336263	1	1	87	99	1	1	C
F1_BC61_consensus_vsearch	1982	T	T	190	2	1.03%	2	1	93	93	0.2493472584856949	1	1	87	103	0	2	A
F1_BC61_consensus_vsearch	1983	C	C	186	6	3.06%	2	2	93	93	0.015017869058322414	1	1	83	103	4	2	-A
F1_BC61_consensus_vsearch	1984	A	A	184	4	2.13%	2	2	93	93	0.06150134048256699	1	1	83	101	1	3	+C
F1_BC61_consensus_vsearch	1985	C	C	191	3	1.55%	2	2	93	93	0.1240310077519331	1	1	87	104	1	2	+T
F1_BC61_consensus_vsearch	1986	T	*/-C	182	7	3.57%	2	2	93	93	0.007383107786177688	1	1	86	96	1	6	-C
F1_BC61_consensus_vsearch	1987	C	C	182	3	1.59%	2	2	93	93	0.12398373983732354	1	1	84	98	1	2	+TC
F1_BC61_consensus_vsearch	1988	G	G	187	5	2.55%	2	1	93	93	0.030437285417662132	1	1	81	106	5	0	A
F1_BC61_consensus_vsearch	1989	C	C	187	2	1.04%	2	2	93	93	0.24933687002661706	1	1	83	104	1	1	T
F1_BC61_consensus_vsearch	1990	A	A	186	4	2.05%	2	1	93	93	0.061511866352189214	1	1	82	104	4	0	-G
F1_BC61_consensus_vsearch	1991	G	G	183	4	2.09%	2	1	93	93	0.061495993004889796	1	1	79	104	4	0	+A
F1_BC61_consensus_vsearch	1992	T	T	190	2	1.04%	2	2	93	93	0.2493472584856949	1	1	87	103	1	1	C
F1_BC61_consensus_vsearch	1993	T	T	193	2	1.02%	2	1	93	93	0.24935732647820702	1	1	90	103	0	2	C
F1_BC61_consensus_vsearch	1994	A	A	190	2	1.03%	2	1	93	93	0.2493472584856949	1	1	86	104	2	0	-CTA
F1_BC61_consensus_vsearch	1995	C	C	189	1	0.52%	2	1	93	93	0.5000000000001412	1	1	85	104	1	0	-T
F1_BC61_consensus_vsearch	1996	T	T	182	5	2.6%	2	2	93	93	0.030415585729470396	1	1	80	102	4	1	+A
F1_BC61_consensus_vsearch	1997	A	*/+G	95	78	40.41%	2	2	93	93	3.9136072017866224E-29	1	1	58	37	20	58	+G
F1_BC61_consensus_vsearch	1998	G	G	186	1	0.53%	2	1	93	93	0.4999999999999138	1	1	85	101	0	1	+T
F1_BC61_consensus_vsearch	1999	G	G	187	5	2.59%	2	1	93	93	0.030437285417662132	1	1	83	104	5	0	A
F1_BC61_consensus_vsearch	2000	G	G	193	1	0.51%	2	1	93	93	0.4999999999999138	1	1	88	105	1	0	-A
F1_BC61_consensus_vsearch	2001	A	A	192	2	1.03%	2	1	93	93	0.2493540051679821	1	1	88	104	0	2	G
F1_BC61_consensus_vsearch	2002	A	A	187	4	2.05%	2	2	93	93	0.06151704651694607	1	1	86	101	3	1	G
F1_BC61_consensus_vsearch	2003	T	*/-C	183	7	3.63%	2	2	93	93	0.007385343252869138	1	1	85	98	5	2	-C
F1_BC61_consensus_vsearch	2004	C	C	186	1	0.53%	2	1	93	93	0.4999999999999138	1	1	85	101	0	1	A
F1_BC61_consensus_vsearch	2005	C	C	190	2	1.03%	2	1	93	93	0.2493472584856949	1	1	90	100	0	2	-T
F1_BC61_consensus_vsearch	2006	T	*/-G	177	10	5.18%	2	1	93	93	8.631325337656354E-4	1	1	88	89	0	10	-G
F1_BC61_consensus_vsearch	2007	G	G	180	2	1.08%	2	1	93	93	0.24931129476584768	1	1	89	91	0	2	A
F1_BC61_consensus_vsearch	2008	G	G	191	2	1.02%	2	1	93	93	0.24935064935068132	1	1	87	104	2	0	+T
F1_BC61_consensus_vsearch	2009	T	T	189	6	3.08%	2	2	93	93	0.01502716012190595	1	1	89	100	1	5	C
F1_BC61_consensus_vsearch	2010	T	*/-A	179	7	3.59%	2	2	93	93	0.007376258791632204	1	1	87	92	1	6	-A
F1_BC61_consensus_vsearch	2011	A	A	177	4	2.16%	2	2	93	93	0.061462665606988216	1	1	85	92	1	3	-G
F1_BC61_consensus_vsearch	2012	G	G	181	3	1.59%	2	2	93	93	0.12397820163492167	1	1	84	97	2	1	+T
F1_BC61_consensus_vsearch	2013	T	T	186	2	1.05%	2	1	93	93	0.24933333333336263	1	1	87	99	0	2	C
F1_BC61_consensus_vsearch	2014	T	T	192	0	0%	2	0	93	0	1.0	1	0	89	103	0	0	
F1_BC61_consensus_vsearch	2015	T	T	188	5	2.56%	2	1	93	93	0.030441490624263247	1	1	90	98	0	5	-CTT
F1_BC61_consensus_vsearch	2016	C	*/-T	163	20	10.53%	2	2	93	93	5.509770763485454E-7	1	1	86	77	4	16	-T
F1_BC61_consensus_vsearch	2017	T	T	166	1	0.6%	2	1	93	93	0.4999999999999138	1	1	85	81	0	1	+CTCT
F1_BC61_consensus_vsearch	2018	T	T	188	1	0.53%	2	1	93	93	0.5000000000001412	1	1	90	98	0	1	C
F1_BC61_consensus_vsearch	2019	T	T	193	2	1.02%	2	1	93	93	0.24935732647820702	1	1	90	103	0	2	+CTT
F1_BC61_consensus_vsearch	2020	T	*/-C	185	9	4.59%	2	2	93	93	0.0017763509872760243	1	1	88	97	1	8	-C
F1_BC61_consensus_vsearch	2021	C	C	184	2	1.07%	2	1	93	93	0.24932614555250343	1	1	89	95	0	2	T
F1_BC61_consensus_vsearch	2022	C	C	193	2	1.02%	2	1	93	93	0.24935732647820702	1	1	90	103	0	2	-TCC
F1_BC61_consensus_vsearch	2023	T	T	188	3	1.55%	2	1	93	93	0.124015748031514	1	1	85	103	3	0	-C
F1_BC61_consensus_vsearch	2024	C	C	191	0	0%	2	0	93	0	1.0	1	0	87	104	0	0	
F1_BC61_consensus_vsearch	2025	C	C	191	1	0.52%	2	1	93	93	0.5000000000001412	1	1	89	102	0	1	+GG
F1_BC61_consensus_vsearch	2026	G	G	189	5	2.55%	2	1	93	93	0.030445652538661657	1	1	88	101	0	5	-CTG
F1_BC61_consensus_vsearch	2027	C	C	190	1	0.52%	2	1	93	93	0.4999999999999138	1	1	89	101	1	0	+T
F1_BC61_consensus_vsearch	2028	T	T	184	2	1.05%	2	1	93	93	0.24932614555250343	1	1	87	97	0	2	+G
F1_BC61_consensus_vsearch	2029	G	G	188	1	0.53%	2	1	93	93	0.5000000000001412	1	1	87	101	1	0	-A
F1_BC61_consensus_vsearch	2030	A	A	191	2	1.03%	2	1	93	93	0.24935064935068132	1	1	87	104	0	2	G
F1_BC61_consensus_vsearch	2031	T	T	193	2	1.03%	2	1	93	93	0.24935732647820702	1	1	89	104	0	2	C
F1_BC61_consensus_vsearch	2032	T	T	190	2	1.02%	2	1	93	93	0.2493472584856949	1	1	89	101	0	2	C
F1_BC61_consensus_vsearch	2033	A	A	194	1	0.51%	2	1	93	93	0.4999999999999138	1	1	89	105	1	0	C
F1_BC61_consensus_vsearch	2034	A	A	189	3	1.54%	2	2	93	93	0.12402088772842607	1	1	86	103	2	1	G
F1_BC61_consensus_vsearch	2035	T	T	192	2	1.03%	2	1	93	93	0.2493540051679821	1	1	87	105	2	0	-A
F1_BC61_consensus_vsearch	2036	A	A	187	3	1.55%	2	2	93	93	0.12401055408976878	1	1	83	104	2	1	G
F1_BC61_consensus_vsearch	2037	T	T	190	1	0.52%	2	1	93	93	0.4999999999999138	1	1	84	106	1	0	+C
F1_BC61_consensus_vsearch	2038	G	G	190	4	2.04%	2	1	93	93	0.061532266183381874	1	1	84	106	4	0	-CT
F1_BC61_consensus_vsearch	2039	C	C	183	5	2.62%	2	2	93	93	0.030420017873106126	1	1	81	102	2	3	-T
F1_BC61_consensus_vsearch	2040	T	T	182	2	1.08%	2	1	93	93	0.2493188010900035	1	1	82	100	0	2	G
F1_BC61_consensus_vsearch	2041	T	T	189	2	1.03%	2	1	93	93	0.24934383202100482	1	1	86	103	0	2	-AA
F1_BC61_consensus_vsearch	2042	A	A	192	1	0.52%	2	1	93	93	0.4999999999999138	1	1	88	104	1	0	+G
F1_BC61_consensus_vsearch	2043	A	A	190	4	2.06%	2	2	93	93	0.061532266183381874	1	1	88	102	2	2	G
F1_BC61_consensus_vsearch	2044	G	G	190	4	2.04%	2	1	93	93	0.061532266183381874	1	1	89	101	0	4	+T
F1_BC61_consensus_vsearch	2045	T	T	191	4	2.04%	2	1	93	93	0.06153723520852315	1	1	86	105	4	0	+C
F1_BC61_consensus_vsearch	2046	C	*/-T	185	10	5.1%	2	2	93	93	8.676264462271394E-4	1	1	83	102	6	4	-T
F1_BC61_consensus_vsearch	2047	T	T	182	3	1.61%	2	2	93	93	0.12398373983732354	1	1	81	101	2	1	C
F1_BC61_consensus_vsearch	2048	A	R	175	18	9.23%	2	2	93	93	2.51811159354104E-6	1	1	72	103	16	2	G
F1_BC61_consensus_vsearch	2049	G	G	185	4	2.06%	2	2	93	93	0.061506631299724945	1	1	85	100	1	3	-CG
F1_BC61_consensus_vsearch	2050	C	*/-G	174	8	4.21%	2	2	93	93	0.003611166483247444	1	1	85	89	2	6	-G
F1_BC61_consensus_vsearch	2051	G	R	170	9	4.92%	2	1	93	93	0.001761941721127389	1	1	75	95	9	0	A
F1_BC61_consensus_vsearch	2052	G	G	194	1	0.51%	2	1	93	93	0.4999999999999138	1	1	89	105	1	0	A
F1_BC61_consensus_vsearch	2053	G	G	190	4	2.04%	2	1	93	93	0.061532266183381874	1	1	85	105	4	0	+T
F1_BC61_consensus_vsearch	2054	T	T	189	5	2.56%	2	1	93	93	0.030445652538661657	1	1	89	100	0	5	C
F1_BC61_consensus_vsearch	2055	T	T	192	3	1.54%	2	2	93	93	0.12403598971719802	1	1	89	103	1	2	C
F1_BC61_consensus_vsearch	2056	G	G	192	2	1.03%	2	1	93	93	0.2493540051679821	1	1	87	105	2	0	A
F1_BC61_consensus_vsearch	2057	T	*/+C	181	10	5.13%	2	1	93	93	8.654248463553992E-4	1	1	76	105	10	0	+C
F1_BC61_consensus_vsearch	2058	C	C	194	0	0%	2	0	93	0	1.0	1	0	88	106	0	0	
F1_BC61_consensus_vsearch	2059	C	C	191	3	1.53%	2	2	93	93	0.1240310077519331	1	1	87	104	1	2	-T
F1_BC61_consensus_vsearch	2060	T	T	182	5	2.6%	2	1	93	93	0.030415585729470396	1	1	86	96	0	5	C
F1_BC61_consensus_vsearch	2061	A	*/-C	148	22	11.4%	2	2	93	93	1.1537681326985535E-7	1	1	53	95	17	5	-C
F1_BC61_consensus_vsearch	2062	C	C	154	4	2.48%	2	2	93	93	0.06131142552866825	1	1	59	95	1	3	+T
F1_BC61_consensus_vsearch	2063	C	C	178	2	1.09%	2	1	93	93	0.24930362117001986	1	1	75	103	2	0	A
F1_BC61_consensus_vsearch	2064	C	Y	179	7	3.68%	2	2	93	93	0.007376258791632204	1	1	79	100	2	5	T
F1_BC61_consensus_vsearch	2065	C	Y	180	10	5.1%	2	2	93	93	8.648604879212406E-4	1	1	84	96	5	5	T
F1_BC61_consensus_vsearch	2066	A	A	190	1	0.52%	2	1	93	93	0.4999999999999138	1	1	88	102	1	0	T
F1_BC61_consensus_vsearch	2067	A	A	191	2	1.03%	2	1	93	93	0.24935064935068132	1	1	86	105	2	0	T
F1_BC61_consensus_vsearch	2068	T	T	193	3	1.53%	2	1	93	93	0.12404092071614016	1	1	90	103	0	3	C
F1_BC61_consensus_vsearch	2069	G	G	192	1	0.51%	2	1	93	93	0.4999999999999138	1	1	88	104	0	1	+C
F1_BC61_consensus_vsearch	2070	A	A	187	4	2.06%	2	1	93	93	0.06151704651694607	1	1	81	106	4	0	+G
F1_BC61_consensus_vsearch	2071	G	G	193	0	0%	2	0	93	0	1.0	1	0	87	106	0	0	
F1_BC61_consensus_vsearch	2072	G	G	196	0	0%	2	0	93	0	1.0	1	0	90	106	0	0	
F1_BC61_consensus_vsearch	2073	T	T	193	1	0.51%	2	1	93	93	0.4999999999999138	1	1	90	103	0	1	+GGT
F1_BC61_consensus_vsearch	2074	C	C	194	1	0.51%	2	1	93	93	0.4999999999999138	1	1	90	104	0	1	+A
F1_BC61_consensus_vsearch	2075	A	A	193	1	0.51%	2	1	93	93	0.4999999999999138	1	1	90	103	0	1	-T
F1_BC61_consensus_vsearch	2076	T	T	191	1	0.52%	2	1	93	93	0.5000000000001412	1	1	90	101	0	1	+AA
F1_BC61_consensus_vsearch	2077	G	*/-CG	176	18	9.18%	2	2	93	93	2.523768028146743E-6	1	1	88	88	1	17	-CG
F1_BC61_consensus_vsearch	2078	C	C	167	5	2.84%	2	1	93	93	0.03034292896043646	1	1	88	79	0	5	T
F1_BC61_consensus_vsearch	2079	G	G	172	4	2.27%	2	1	93	93	0.06143315455637365	1	1	85	87	4	0	+T
F1_BC61_consensus_vsearch	2080	T	T	191	1	0.52%	2	1	93	93	0.5000000000001412	1	1	90	101	0	1	+G
F1_BC61_consensus_vsearch	2081	T	T	188	4	2.05%	2	2	93	93	0.061522172652713904	1	1	86	102	2	2	C
F1_BC61_consensus_vsearch	2082	G	G	191	1	0.52%	2	1	93	93	0.5000000000001412	1	1	88	103	0	1	A
F1_BC61_consensus_vsearch	2083	T	T	191	4	2.05%	2	2	93	93	0.06153723520852315	1	1	88	103	1	3	C
F1_BC61_consensus_vsearch	2084	A	A	192	3	1.53%	2	2	93	93	0.12403598971719802	1	1	88	104	1	2	G
F1_BC61_consensus_vsearch	2085	G	G	192	3	1.53%	2	1	93	93	0.12403598971719802	1	1	87	105	3	0	T
F1_BC61_consensus_vsearch	2086	T	T	193	2	1.02%	2	1	93	93	0.24935732647820702	1	1	90	103	0	2	C
F1_BC61_consensus_vsearch	2087	A	A	191	3	1.54%	2	1	93	93	0.1240310077519331	1	1	87	104	3	0	G
F1_BC61_consensus_vsearch	2088	C	C	191	3	1.54%	2	1	93	93	0.1240310077519331	1	1	90	101	0	3	T
F1_BC61_consensus_vsearch	2089	C	Y	181	7	3.59%	2	1	93	93	0.007380848803681321	1	1	89	92	0	7	T
F1_BC61_consensus_vsearch	2090	G	G	192	1	0.51%	2	1	93	93	0.4999999999999138	1	1	88	104	1	0	-A
F1_BC61_consensus_vsearch	2091	A	A	194	0	0%	2	0	93	0	1.0	1	0	88	106	0	0	
F1_BC61_consensus_vsearch	2092	C	C	192	3	1.54%	2	1	93	93	0.12403598971719802	1	1	89	103	0	3	T
F1_BC61_consensus_vsearch	2093	G	G	193	2	1.03%	2	1	93	93	0.24935732647820702	1	1	87	106	2	0	+CG
F1_BC61_consensus_vsearch	2094	T	*/-C	173	22	11.22%	2	1	93	93	1.2733321712629138E-7	1	1	68	105	22	0	-C
F1_BC61_consensus_vsearch	2095	C	C	173	1	0.57%	2	1	93	93	0.4999999999999138	1	1	68	105	0	1	T
F1_BC61_consensus_vsearch	2096	C	C	196	0	0%	2	0	93	0	1.0	1	0	90	106	0	0	
F1_BC61_consensus_vsearch	2097	A	A	193	1	0.51%	2	1	93	93	0.4999999999999138	1	1	89	104	0	1	+G
F1_BC61_consensus_vsearch	2098	G	G	196	0	0%	2	0	93	0	1.0	1	0	90	106	0	0	
F1_BC61_consensus_vsearch	2099	A	A	195	1	0.51%	2	1	93	93	0.5000000000001412	1	1	90	105	0	1	+T
F1_BC61_consensus_vsearch	2100	C	*/+G	186	7	3.57%	2	1	93	93	0.007391912172859777	1	1	90	96	0	7	+G
F1_BC61_consensus_vsearch	2101	G	G	192	2	1.03%	2	1	93	93	0.2493540051679821	1	1	88	104	2	0	A
F1_BC61_consensus_vsearch	2102	G	G	194	1	0.51%	2	1	93	93	0.4999999999999138	1	1	89	105	1	0	+T
F1_BC61_consensus_vsearch	2103	A	A	194	1	0.51%	2	1	93	93	0.4999999999999138	1	1	90	104	0	1	+T
F1_BC61_consensus_vsearch	2104	C	C	191	2	1.02%	2	2	93	93	0.24935064935068132	1	1	88	103	1	1	-G
F1_BC61_consensus_vsearch	2105	G	R	116	71	36.6%	2	2	93	93	1.0921251925579073E-25	1	1	55	61	31	40	A
F1_BC61_consensus_vsearch	2106	C	C	179	5	2.6%	2	1	93	93	0.03040200067187797	1	1	86	93	0	5	+G
F1_BC61_consensus_vsearch	2107	G	G	185	2	1.05%	2	1	93	93	0.24932975871318122	1	1	86	99	0	2	+CG
F1_BC61_consensus_vsearch	2108	G	G	196	0	0%	2	0	93	0	1.0	1	0	90	106	0	0	
F1_BC61_consensus_vsearch	2109	A	A	188	3	1.53%	2	2	93	93	0.124015748031514	1	1	87	101	2	1	G
F1_BC61_consensus_vsearch	2110	C	C	176	6	3.11%	2	2	93	93	0.014984699466163367	1	1	78	98	3	3	-T
F1_BC61_consensus_vsearch	2111	T	T	177	2	1.1%	2	1	93	93	0.24929971988807545	1	1	77	100	0	2	+C
F1_BC61_consensus_vsearch	2112	T	*/-G	162	16	8.51%	2	1	93	93	1.0725368622948736E-5	1	1	76	86	0	16	-G
F1_BC61_consensus_vsearch	2113	G	R	157	8	4.57%	2	1	93	93	0.0035813812319797343	1	1	71	86	8	0	A
F1_BC61_consensus_vsearch	2114	G	G	184	4	2.09%	2	1	93	93	0.06150134048256699	1	1	81	103	4	0	T
F1_BC61_consensus_vsearch	2115	T	Y	175	15	7.81%	2	2	93	93	2.2895728702355452E-5	1	1	85	90	1	14	C
F1_BC61_consensus_vsearch	2116	G	G	195	1	0.51%	2	1	93	93	0.5000000000001412	1	1	90	105	0	1	-ACG
F1_BC61_consensus_vsearch	2117	A	A	193	1	0.51%	2	1	93	93	0.4999999999999138	1	1	88	105	1	0	+CCC
F1_BC61_consensus_vsearch	2118	C	C	189	2	1.03%	2	1	93	93	0.24934383202100482	1	1	86	103	2	0	-G
F1_BC61_consensus_vsearch	2119	G	G	183	6	3.11%	2	1	93	93	0.015008284680098535	1	1	79	104	6	0	A
F1_BC61_consensus_vsearch	2120	C	*/+A	168	14	7.18%	2	1	93	93	4.707571741372927E-5	1	1	66	102	14	0	+A
F1_BC61_consensus_vsearch	2121	G	*/-A	171	15	7.98%	2	1	93	93	2.2748896676102235E-5	1	1	67	104	15	0	-A
F1_BC61_consensus_vsearch	2122	A	A	176	3	1.66%	2	1	93	93	0.12394957983191404	1	1	70	106	3	0	-G
F1_BC61_consensus_vsearch	2123	G	G	185	3	1.56%	2	2	93	93	0.12399999999998497	1	1	81	104	2	1	-C
F1_BC61_consensus_vsearch	2124	C	C	185	5	2.62%	2	1	93	93	0.030428742397642147	1	1	81	104	5	0	G
F1_BC61_consensus_vsearch	2125	C	C	190	2	1.03%	2	1	93	93	0.2493472584856949	1	1	87	103	0	2	T
F1_BC61_consensus_vsearch	2126	C	C	188	4	2.05%	2	2	93	93	0.061522172652713904	1	1	87	101	2	2	T
F1_BC61_consensus_vsearch	2127	A	A	192	2	1.03%	2	1	93	93	0.2493540051679821	1	1	88	104	2	0	G
F1_BC61_consensus_vsearch	2128	A	A	188	4	2.04%	2	1	93	93	0.061522172652713904	1	1	86	102	4	0	G
F1_BC61_consensus_vsearch	2129	C	C	184	4	2.04%	2	1	93	93	0.06150134048256699	1	1	89	95	0	4	+G
F1_BC61_consensus_vsearch	2130	G	G	179	6	3.09%	2	2	93	93	0.014995024721629802	1	1	86	93	4	2	A
F1_BC61_consensus_vsearch	2131	G	G	186	5	2.55%	2	1	93	93	0.030433036239869853	1	1	81	105	5	0	A
F1_BC61_consensus_vsearch	2132	C	C	189	1	0.52%	2	1	93	93	0.5000000000001412	1	1	85	104	0	1	+T
F1_BC61_consensus_vsearch	2133	C	C	192	2	1.02%	2	1	93	93	0.2493540051679821	1	1	88	104	0	2	T
F1_BC61_consensus_vsearch	2134	G	R	180	13	6.63%	2	1	93	93	9.905976001490834E-5	1	1	74	106	13	0	A
F1_BC61_consensus_vsearch	2135	G	G	195	1	0.51%	2	1	93	93	0.5000000000001412	1	1	89	106	1	0	A
F1_BC61_consensus_vsearch	2136	T	T	189	4	2.04%	2	1	93	93	0.061527245600347336	1	1	84	105	4	0	+C
F1_BC61_consensus_vsearch	2137	C	C	186	4	2.05%	2	2	93	93	0.061511866352189214	1	1	85	101	2	2	-A
F1_BC61_consensus_vsearch	2138	A	A	184	2	1.06%	2	1	93	93	0.24932614555250343	1	1	83	101	2	0	+GAA
F1_BC61_consensus_vsearch	2139	A	A	186	4	2.07%	2	1	93	93	0.061511866352189214	1	1	88	98	0	4	T
F1_BC61_consensus_vsearch	2140	G	G	185	4	2.06%	2	1	93	93	0.061506631299724945	1	1	88	97	0	4	-C
F1_BC61_consensus_vsearch	2141	C	C	182	3	1.6%	2	2	93	93	0.12398373983732354	1	1	88	94	1	2	T
F1_BC61_consensus_vsearch	2142	G	*/-CG	163	25	13.02%	2	2	93	93	1.2684881627546497E-8	1	1	83	80	5	20	-CG
F1_BC61_consensus_vsearch	2143	C	C	162	2	1.2%	2	1	93	93	0.24923547400620383	1	1	85	77	0	2	T
F1_BC61_consensus_vsearch	2144	G	G	162	1	0.6%	2	1	93	93	0.4999999999999138	1	1	84	78	0	1	+CC
F1_BC61_consensus_vsearch	2145	T	*/-C	177	15	7.69%	2	1	93	93	2.2967098326715997E-5	1	1	89	88	0	15	-C
F1_BC61_consensus_vsearch	2146	C	C	177	3	1.66%	2	1	93	93	0.1239554317548523	1	1	90	87	0	3	-T
F1_BC61_consensus_vsearch	2147	T	T	190	2	1.04%	2	1	93	93	0.2493472584856949	1	1	88	102	2	0	+C
F1_BC61_consensus_vsearch	2148	C	*/-A	177	9	4.62%	2	2	93	93	0.0017689474455757383	1	1	84	93	3	6	-A
F1_BC61_consensus_vsearch	2149	A	A	182	1	0.55%	2	1	93	93	0.4999999999999138	1	1	87	95	0	1	G
F1_BC61_consensus_vsearch	2150	A	A	186	5	2.6%	2	2	93	93	0.030433036239869853	1	1	87	99	3	2	G
F1_BC61_consensus_vsearch	2151	G	G	192	2	1.02%	2	1	93	93	0.2493540051679821	1	1	90	102	0	2	+C
F1_BC61_consensus_vsearch	2152	C	C	190	3	1.55%	2	1	93	93	0.12402597402595401	1	1	90	100	0	3	-T
F1_BC61_consensus_vsearch	2153	T	T	190	2	1.04%	2	1	93	93	0.2493472584856949	1	1	89	101	0	2	C
F1_BC61_consensus_vsearch	2154	C	*/-A	165	22	11.22%	2	2	93	93	1.2375494270767457E-7	1	1	67	98	21	1	-A
F1_BC61_consensus_vsearch	2155	A	A	162	3	1.78%	2	2	93	93	0.12386018237081911	1	1	65	97	1	2	C
F1_BC61_consensus_vsearch	2156	A	R	183	7	3.66%	2	2	93	93	0.007385343252869138	1	1	86	97	3	4	G
F1_BC61_consensus_vsearch	2157	A	*/-G	165	21	10.71%	2	2	93	93	2.6227610017044455E-7	1	1	82	83	6	15	-G
F1_BC61_consensus_vsearch	2158	G	G	170	2	1.15%	2	1	93	93	0.2492711370263462	1	1	82	88	0	2	+C
F1_BC61_consensus_vsearch	2159	G	G	188	4	2.05%	2	1	93	93	0.061522172652713904	1	1	88	100	0	4	C
F1_BC61_consensus_vsearch	2160	G	G	195	1	0.51%	2	1	93	93	0.5000000000001412	1	1	89	106	1	0	+A
F1_BC61_consensus_vsearch	2161	A	A	192	2	1.02%	2	2	93	93	0.2493540051679821	1	1	88	104	1	1	-C
F1_BC61_consensus_vsearch	2162	C	*/-T	182	9	4.64%	2	1	93	93	0.001773645426870732	1	1	89	93	0	9	-T
F1_BC61_consensus_vsearch	2163	T	*/-C	172	7	3.74%	2	2	93	93	0.007359395499810914	1	1	80	92	3	4	-C
F1_BC61_consensus_vsearch	2164	C	C	185	1	0.53%	2	1	93	93	0.5000000000001412	1	1	85	100	1	0	+T
F1_BC61_consensus_vsearch	2165	C	Y	183	10	5.13%	2	1	93	93	8.665366458993966E-4	1	1	87	96	0	10	T
F1_BC61_consensus_vsearch	2166	A	A	192	2	1.03%	2	2	93	93	0.2493540051679821	1	1	87	105	1	1	G
F1_BC61_consensus_vsearch	2167	C	C	192	1	0.52%	2	1	93	93	0.4999999999999138	1	1	87	105	1	0	+T
F1_BC61_consensus_vsearch	2168	G	G	192	3	1.53%	2	2	93	93	0.12403598971719802	1	1	88	104	1	2	-C
F1_BC61_consensus_vsearch	2169	C	C	192	1	0.52%	2	1	93	93	0.4999999999999138	1	1	89	103	0	1	-T
F1_BC61_consensus_vsearch	2170	T	T	187	4	2.05%	2	1	93	93	0.06151704651694607	1	1	85	102	4	0	+C
F1_BC61_consensus_vsearch	2171	C	C	193	1	0.51%	2	1	93	93	0.4999999999999138	1	1	88	105	1	0	+GA
F1_BC61_consensus_vsearch	2172	A	A	189	3	1.53%	2	1	93	93	0.12402088772842607	1	1	88	101	0	3	-G
F1_BC61_consensus_vsearch	2173	G	G	193	0	0%	2	0	93	0	1.0	1	0	90	103	0	0	
F1_BC61_consensus_vsearch	2174	G	G	196	0	0%	2	0	93	0	1.0	1	0	90	106	0	0	
F1_BC61_consensus_vsearch	2175	C	C	194	2	1.02%	2	1	93	93	0.24936061381078306	1	1	88	106	2	0	+G
F1_BC61_consensus_vsearch	2176	A	A	189	4	2.04%	2	2	93	93	0.061527245600347336	1	1	84	105	3	1	G
F1_BC61_consensus_vsearch	2177	T	T	192	1	0.52%	2	1	93	93	0.4999999999999138	1	1	87	105	1	0	+G
F1_BC61_consensus_vsearch	2178	T	T	183	6	3.06%	2	2	93	93	0.015008284680098535	1	1	78	105	5	1	-A
F1_BC61_consensus_vsearch	2179	A	A	176	5	2.63%	2	1	93	93	0.03038796595652323	1	1	77	99	5	0	-G
F1_BC61_consensus_vsearch	2180	G	*/+A	178	8	4.19%	2	1	93	93	0.0036173981471315664	1	1	72	106	8	0	+A
F1_BC61_consensus_vsearch	2181	A	A	188	2	1.04%	2	1	93	93	0.2493403693931866	1	1	83	105	2	0	+G
F1_BC61_consensus_vsearch	2182	G	G	192	1	0.51%	2	1	93	93	0.4999999999999138	1	1	87	105	0	1	+AG
F1_BC61_consensus_vsearch	2183	T	T	191	2	1.03%	2	2	93	93	0.24935064935068132	1	1	87	104	1	1	C
F1_BC61_consensus_vsearch	2184	A	A	183	5	2.58%	2	2	93	93	0.030420017873106126	1	1	84	99	1	4	-C
F1_BC61_consensus_vsearch	2185	C	C	184	3	1.58%	2	2	93	93	0.12399463806966378	1	1	87	97	1	2	T
F1_BC61_consensus_vsearch	2186	C	C	194	1	0.51%	2	1	93	93	0.4999999999999138	1	1	89	105	0	1	+G
F1_BC61_consensus_vsearch	2187	C	C	191	2	1.02%	2	2	93	93	0.24935064935068132	1	1	89	102	1	1	-A
F1_BC61_consensus_vsearch	2188	A	A	191	2	1.03%	2	2	93	93	0.24935064935068132	1	1	88	103	1	1	G
F1_BC61_consensus_vsearch	2189	T	T	192	3	1.53%	2	2	93	93	0.12403598971719802	1	1	87	105	2	1	C
F1_BC61_consensus_vsearch	2190	C	C	194	1	0.51%	2	1	93	93	0.4999999999999138	1	1	89	105	0	1	+A
F1_BC61_consensus_vsearch	2191	A	A	190	3	1.53%	2	1	93	93	0.12402597402595401	1	1	88	102	0	3	-G
F1_BC61_consensus_vsearch	2192	G	G	191	1	0.52%	2	1	93	93	0.5000000000001412	1	1	90	101	0	1	+AA
F1_BC61_consensus_vsearch	2193	G	G	194	1	0.51%	2	1	93	93	0.4999999999999138	1	1	90	104	0	1	+A
F1_BC61_consensus_vsearch	2194	C	C	190	3	1.53%	2	1	93	93	0.12402597402595401	1	1	89	101	0	3	T
F1_BC61_consensus_vsearch	2195	G	G	193	2	1.03%	2	1	93	93	0.24935732647820702	1	1	88	105	2	0	-A
F1_BC61_consensus_vsearch	2196	A	A	188	4	2.06%	2	1	93	93	0.061522172652713904	1	1	87	101	0	4	-T
F1_BC61_consensus_vsearch	2197	T	T	187	2	1.04%	2	2	93	93	0.24933687002661706	1	1	88	99	1	1	-C
F1_BC61_consensus_vsearch	2198	C	C	192	1	0.52%	2	1	93	93	0.4999999999999138	1	1	88	104	0	1	+G
F1_BC61_consensus_vsearch	2199	G	G	195	1	0.51%	2	1	93	93	0.5000000000001412	1	1	89	106	1	0	A
F1_BC61_consensus_vsearch	2200	G	G	195	1	0.51%	2	1	93	93	0.5000000000001412	1	1	89	106	1	0	+C
F1_BC61_consensus_vsearch	2201	C	C	194	1	0.51%	2	1	93	93	0.4999999999999138	1	1	89	105	1	0	+TT
F1_BC61_consensus_vsearch	2202	G	G	189	4	2.05%	2	2	93	93	0.061527245600347336	1	1	87	102	2	2	-CG
F1_BC61_consensus_vsearch	2203	C	C	186	3	1.56%	2	2	93	93	0.1240053050397967	1	1	85	101	1	2	T
F1_BC61_consensus_vsearch	2204	G	G	185	2	1.05%	2	1	93	93	0.24932975871318122	1	1	85	100	0	2	+CG
F1_BC61_consensus_vsearch	2205	A	A	192	1	0.52%	2	1	93	93	0.4999999999999138	1	1	86	106	1	0	+TT
F1_BC61_consensus_vsearch	2206	C	C	189	3	1.54%	2	2	93	93	0.12402088772842607	1	1	86	103	2	1	-GC
F1_BC61_consensus_vsearch	2207	G	*/+TG	183	7	3.63%	2	1	93	93	0.007385343252869138	1	1	87	96	0	7	+TG
F1_BC61_consensus_vsearch	2208	C	C	187	4	2.07%	2	2	93	93	0.06151704651694607	1	1	87	100	1	3	T
F1_BC61_consensus_vsearch	2209	A	A	192	2	1.02%	2	1	93	93	0.2493540051679821	1	1	88	104	0	2	+T
F1_BC61_consensus_vsearch	2210	T	T	190	4	2.04%	2	1	93	93	0.061532266183381874	1	1	85	105	4	0	+C
F1_BC61_consensus_vsearch	2211	C	C	194	1	0.51%	2	1	93	93	0.4999999999999138	1	1	90	104	0	1	T
F1_BC61_consensus_vsearch	2212	T	*/-A	172	11	5.61%	2	1	93	93	4.1828279774789115E-4	1	1	67	105	11	0	-A
F1_BC61_consensus_vsearch	2213	A	A	173	3	1.67%	2	2	93	93	0.12393162393162001	1	1	69	104	2	1	+G
F1_BC61_consensus_vsearch	2214	A	*/-G	177	9	4.71%	2	1	93	93	0.0017689474455757383	1	1	75	102	9	0	-G
F1_BC61_consensus_vsearch	2215	G	G	184	1	0.54%	2	1	93	93	0.4999999999999138	1	1	78	106	1	0	A
F1_BC61_consensus_vsearch	2216	A	*/-GA	184	9	4.59%	2	1	93	93	0.0017754582364345615	1	1	78	106	9	0	-GA
F1_BC61_consensus_vsearch	2217	G	G	184	1	0.53%	2	1	93	93	0.4999999999999138	1	1	79	105	0	1	+A
F1_BC61_consensus_vsearch	2218	A	A	182	3	1.62%	2	1	93	93	0.12398373983732354	1	1	76	106	3	0	G
F1_BC61_consensus_vsearch	2219	A	A	193	2	1.03%	2	1	93	93	0.24935732647820702	1	1	87	106	2	0	G
F1_BC61_consensus_vsearch	2220	C	C	194	1	0.51%	2	1	93	93	0.4999999999999138	1	1	88	106	1	0	-AC
F1_BC61_consensus_vsearch	2221	A	A	193	1	0.51%	2	1	93	93	0.4999999999999138	1	1	88	105	1	0	G
F1_BC61_consensus_vsearch	2222	C	C	194	1	0.51%	2	1	93	93	0.4999999999999138	1	1	89	105	0	1	+G
F1_BC61_consensus_vsearch	2223	G	G	195	1	0.51%	2	1	93	93	0.5000000000001412	1	1	89	106	1	0	-A
F1_BC61_consensus_vsearch	2224	A	A	191	2	1.03%	2	2	93	93	0.24935064935068132	1	1	87	104	1	1	+C
F1_BC61_consensus_vsearch	2225	T	T	187	3	1.53%	2	1	93	93	0.12401055408976878	1	1	83	104	3	0	+C
F1_BC61_consensus_vsearch	2226	C	C	192	1	0.52%	2	1	93	93	0.4999999999999138	1	1	86	106	1	0	+T
F1_BC61_consensus_vsearch	2227	C	C	194	1	0.51%	2	1	93	93	0.4999999999999138	1	1	88	106	1	0	G
F1_BC61_consensus_vsearch	2228	A	A	193	2	1.02%	2	2	93	93	0.24935732647820702	1	1	89	104	1	1	-C
F1_BC61_consensus_vsearch	2229	C	C	193	1	0.52%	2	1	93	93	0.4999999999999138	1	1	88	105	1	0	T
F1_BC61_consensus_vsearch	2230	A	A	194	2	1.02%	2	1	93	93	0.24936061381078306	1	1	90	104	0	2	T
F1_BC61_consensus_vsearch	2231	G	G	190	3	1.53%	2	1	93	93	0.12402597402595401	1	1	85	105	3	0	-AG
F1_BC61_consensus_vsearch	2232	A	A	183	3	1.57%	2	1	93	93	0.12398921832883274	1	1	82	101	3	0	+G
F1_BC61_consensus_vsearch	2233	G	G	186	2	1.06%	2	1	93	93	0.24933333333336263	1	1	86	100	0	2	+T
F1_BC61_consensus_vsearch	2234	G	G	193	1	0.51%	2	1	93	93	0.4999999999999138	1	1	89	104	0	1	-A
F1_BC61_consensus_vsearch	2235	A	A	192	1	0.52%	2	1	93	93	0.4999999999999138	1	1	89	103	0	1	+GA
F1_BC61_consensus_vsearch	2236	C	C	193	3	1.53%	2	2	93	93	0.12404092071614016	1	1	88	105	2	1	T
F1_BC61_consensus_vsearch	2237	C	C	187	4	2.04%	2	1	93	93	0.06151704651694607	1	1	90	97	0	4	+G
F1_BC61_consensus_vsearch	2238	G	*/-A	184	7	3.61%	2	1	93	93	0.007387555568979833	1	1	81	103	7	0	-A
F1_BC61_consensus_vsearch	2239	A	*/+G	168	8	4.26%	2	2	93	93	0.0036012982281518587	1	1	79	89	1	7	+G
F1_BC61_consensus_vsearch	2240	G	G	190	2	1.04%	2	1	93	93	0.2493472584856949	1	1	89	101	0	2	+TA
F1_BC61_consensus_vsearch	2241	G	G	191	2	1.03%	2	1	93	93	0.24935064935068132	1	1	88	103	0	2	A
F1_BC61_consensus_vsearch	2242	A	A	182	6	3.11%	2	1	93	93	0.015005022293196836	1	1	87	95	0	6	-C
F1_BC61_consensus_vsearch	2243	C	Y	151	22	11.7%	2	1	93	93	1.1693797841932846E-7	1	1	89	62	0	22	T
F1_BC61_consensus_vsearch	2244	T	*/-C	166	20	10.64%	2	2	93	93	5.561517304816399E-7	1	1	79	87	11	9	-C
F1_BC61_consensus_vsearch	2245	C	C	170	2	1.15%	2	1	93	93	0.2492711370263462	1	1	78	92	0	2	T
F1_BC61_consensus_vsearch	2246	C	Y	155	18	9.28%	2	2	93	93	2.3938156464833493E-6	1	1	78	77	1	17	T
F1_BC61_consensus_vsearch	2247	G	*/-A	179	15	7.69%	2	2	93	93	2.3037153491826006E-5	1	1	74	105	14	1	-A
F1_BC61_consensus_vsearch	2248	A	A	173	5	2.76%	2	1	93	93	0.030373458883600248	1	1	69	104	5	0	G
F1_BC61_consensus_vsearch	2249	G	G	190	3	1.55%	2	1	93	93	0.12402597402595401	1	1	89	101	0	3	+C
F1_BC61_consensus_vsearch	2250	C	C	189	5	2.56%	2	2	93	93	0.030445652538661657	1	1	89	100	1	4	-T
F1_BC61_consensus_vsearch	2251	T	*/+C	175	10	5.24%	2	1	93	93	8.619505923183497E-4	1	1	79	96	10	0	+C
F1_BC61_consensus_vsearch	2252	C	*/-G	184	7	3.63%	2	2	93	93	0.007387555568979833	1	1	88	96	1	6	-G
F1_BC61_consensus_vsearch	2253	G	R	160	26	13.83%	2	2	93	93	5.827814211402979E-9	1	1	63	97	25	1	A
F1_BC61_consensus_vsearch	2254	G	*/+A	182	11	5.64%	2	1	93	93	4.217452292539659E-4	1	1	78	104	11	0	+A
F1_BC61_consensus_vsearch	2255	G	G	193	3	1.53%	2	1	93	93	0.12404092071614016	1	1	90	103	0	3	-T
F1_BC61_consensus_vsearch	2256	T	T	188	4	2.07%	2	1	93	93	0.061522172652713904	1	1	90	98	0	4	C
F1_BC61_consensus_vsearch	2257	C	*/+T	181	10	5.13%	2	1	93	93	8.654248463553992E-4	1	1	90	91	0	10	+T
F1_BC61_consensus_vsearch	2258	T	T	189	1	0.52%	2	1	93	93	0.5000000000001412	1	1	89	100	0	1	A
F1_BC61_consensus_vsearch	2259	T	T	191	1	0.52%	2	1	93	93	0.5000000000001412	1	1	89	102	0	1	+C
F1_BC61_consensus_vsearch	2260	T	T	189	3	1.53%	2	2	93	93	0.12402088772842607	1	1	86	103	1	2	C
F1_BC61_consensus_vsearch	2261	C	C	192	1	0.52%	2	1	93	93	0.4999999999999138	1	1	88	104	0	1	+T
F1_BC61_consensus_vsearch	2262	A	A	190	3	1.54%	2	2	93	93	0.12402597402595401	1	1	87	103	1	2	G
F1_BC61_consensus_vsearch	2263	G	G	193	2	1.02%	2	1	93	93	0.24935732647820702	1	1	87	106	2	0	A
F1_BC61_consensus_vsearch	2264	C	*/-A	160	25	12.82%	2	1	93	93	1.2497798106544961E-8	1	1	55	105	25	0	-A
F1_BC61_consensus_vsearch	2265	A	A	158	3	1.86%	2	2	93	93	0.12383177570092072	1	1	54	104	2	1	G
F1_BC61_consensus_vsearch	2266	A	*/-G	174	9	4.81%	2	2	93	93	0.0017660088144097936	1	1	73	101	8	1	-G
F1_BC61_consensus_vsearch	2267	G	G	184	2	1.07%	2	1	93	93	0.24932614555250343	1	1	81	103	0	2	+C
F1_BC61_consensus_vsearch	2268	G	*/+A	180	11	5.61%	2	2	93	93	4.2108036879098717E-4	1	1	75	105	10	1	+A
F1_BC61_consensus_vsearch	2269	A	A	192	1	0.52%	2	1	93	93	0.4999999999999138	1	1	86	106	1	0	+G
F1_BC61_consensus_vsearch	2270	A	A	191	3	1.53%	2	2	93	93	0.1240310077519331	1	1	86	105	2	1	G
F1_BC61_consensus_vsearch	2271	A	A	193	2	1.02%	2	1	93	93	0.24935732647820702	1	1	87	106	2	0	-G
F1_BC61_consensus_vsearch	2272	G	G	192	1	0.52%	2	1	93	93	0.4999999999999138	1	1	87	105	1	0	+A
F1_BC61_consensus_vsearch	2273	A	A	193	1	0.51%	2	1	93	93	0.4999999999999138	1	1	89	104	0	1	+C
F1_BC61_consensus_vsearch	2274	C	C	187	2	1.03%	2	1	93	93	0.24933687002661706	1	1	88	99	0	2	+T
F1_BC61_consensus_vsearch	2275	T	*/-CC	162	18	9.42%	2	2	93	93	2.4398889296153966E-6	1	1	71	91	14	4	-CC
F1_BC61_consensus_vsearch	2276	C	C	165	1	0.6%	2	1	93	93	0.4999999999999138	1	1	72	93	1	0	+G
F1_BC61_consensus_vsearch	2277	C	C	170	4	2.27%	2	1	93	93	0.06142087457709755	1	1	73	97	0	4	T
F1_BC61_consensus_vsearch	2278	C	Y	163	14	7.18%	2	1	93	93	4.671786332695625E-5	1	1	87	76	0	14	T
F1_BC61_consensus_vsearch	2279	G	G	191	2	1.03%	2	1	93	93	0.24935064935068132	1	1	87	104	2	0	-A
F1_BC61_consensus_vsearch	2280	A	A	186	3	1.56%	2	1	93	93	0.1240053050397967	1	1	83	103	3	0	+GA
F1_BC61_consensus_vsearch	2281	A	*/-G	180	11	5.64%	2	2	93	93	4.2108036879098717E-4	1	1	77	103	10	1	-G
F1_BC61_consensus_vsearch	2282	G	*/+A	173	7	3.8%	2	1	93	93	0.007361883903780164	1	1	69	104	7	0	+A
F1_BC61_consensus_vsearch	2283	G	G	185	6	3.06%	2	2	93	93	0.01501470753479516	1	1	83	102	5	1	-A
F1_BC61_consensus_vsearch	2284	A	A	185	1	0.53%	2	1	93	93	0.5000000000001412	1	1	81	104	1	0	+GGG
F1_BC61_consensus_vsearch	2285	A	A	188	2	1.03%	2	1	93	93	0.2493403693931866	1	1	83	105	2	0	C
F1_BC61_consensus_vsearch	2286	T	T	188	2	1.03%	2	2	93	93	0.2493403693931866	1	1	84	104	1	1	+C
F1_BC61_consensus_vsearch	2287	A	A	186	2	1.04%	2	1	93	93	0.24933333333336263	1	1	80	106	2	0	-CA
F1_BC61_consensus_vsearch	2288	C	C	189	3	1.55%	2	1	93	93	0.12402088772842607	1	1	83	106	3	0	+T
F1_BC61_consensus_vsearch	2289	A	A	193	1	0.52%	2	1	93	93	0.4999999999999138	1	1	88	105	0	1	+TA
F1_BC61_consensus_vsearch	2290	A	A	194	1	0.51%	2	1	93	93	0.4999999999999138	1	1	88	106	1	0	-T
F1_BC61_consensus_vsearch	2291	T	T	189	5	2.56%	2	2	93	93	0.030445652538661657	1	1	87	102	1	4	C
F1_BC61_consensus_vsearch	2292	G	G	194	2	1.02%	2	1	93	93	0.24936061381078306	1	1	88	106	2	0	-A
F1_BC61_consensus_vsearch	2293	A	A	194	0	0%	2	0	93	0	1.0	1	0	88	106	0	0	
F1_BC61_consensus_vsearch	2294	C	C	194	2	1.02%	2	2	93	93	0.24936061381078306	1	1	89	105	1	1	-G
F1_BC61_consensus_vsearch	2295	G	G	183	5	2.58%	2	1	93	93	0.030420017873106126	1	1	86	97	0	5	+C
F1_BC61_consensus_vsearch	2296	C	C	188	2	1.04%	2	1	93	93	0.2493403693931866	1	1	88	100	0	2	+T
F1_BC61_consensus_vsearch	2297	T	T	189	3	1.54%	2	2	93	93	0.12402088772842607	1	1	88	101	1	2	+G
F1_BC61_consensus_vsearch	2298	C	*/-A	131	43	22.05%	2	2	93	93	5.859347299571472E-15	1	1	47	84	41	2	-A
F1_BC61_consensus_vsearch	2299	A	A	138	3	2.07%	2	2	93	93	0.12366548042709238	1	1	47	91	1	2	G
F1_BC61_consensus_vsearch	2300	A	A	186	1	0.53%	2	1	93	93	0.4999999999999138	1	1	88	98	1	0	+G
F1_BC61_consensus_vsearch	2301	A	*/-G	149	27	13.78%	2	2	93	93	2.5313671726013334E-9	1	1	64	85	21	6	-G
F1_BC61_consensus_vsearch	2302	G	G	153	2	1.28%	2	1	93	93	0.24919093851123897	1	1	65	88	0	2	+C
F1_BC61_consensus_vsearch	2303	G	G	178	2	1.09%	2	2	93	93	0.24930362117001986	1	1	85	93	1	1	A
F1_BC61_consensus_vsearch	2304	G	G	187	6	3.08%	2	1	93	93	0.015020997998324731	1	1	90	97	0	6	C
F1_BC61_consensus_vsearch	2305	G	G	191	3	1.53%	2	2	93	93	0.1240310077519331	1	1	88	103	2	1	A
F1_BC61_consensus_vsearch	2306	C	C	191	2	1.03%	2	1	93	93	0.24935064935068132	1	1	89	102	0	2	-A
F1_BC61_consensus_vsearch	2307	A	A	192	0	0%	2	0	93	0	1.0	1	0	89	103	0	0	
F1_BC61_consensus_vsearch	2308	T	T	192	2	1.03%	2	1	93	93	0.2493540051679821	1	1	89	103	0	2	C
F1_BC61_consensus_vsearch	2309	A	A	188	4	2.04%	2	2	93	93	0.061522172652713904	1	1	84	104	3	1	G
F1_BC61_consensus_vsearch	2310	C	C	188	3	1.55%	2	1	93	93	0.124015748031514	1	1	87	101	0	3	+T
F1_BC61_consensus_vsearch	2311	C	C	180	6	3.06%	2	1	93	93	0.014998392876323086	1	1	83	97	0	6	T
F1_BC61_consensus_vsearch	2312	G	G	188	3	1.55%	2	1	93	93	0.124015748031514	1	1	83	105	3	0	C
F1_BC61_consensus_vsearch	2313	C	C	192	2	1.03%	2	1	93	93	0.2493540051679821	1	1	89	103	0	2	-AGC
F1_BC61_consensus_vsearch	2314	A	A	191	1	0.52%	2	1	93	93	0.5000000000001412	1	1	87	104	1	0	+CCCA
F1_BC61_consensus_vsearch	2315	G	*/-C	182	11	5.67%	2	1	93	93	4.217452292539659E-4	1	1	78	104	11	0	-C
F1_BC61_consensus_vsearch	2316	C	C	183	0	0%	2	0	93	0	1.0	1	0	79	104	0	0	
F1_BC61_consensus_vsearch	2317	C	C	189	3	1.53%	2	1	93	93	0.12402088772842607	1	1	90	99	0	3	-G
F1_BC61_consensus_vsearch	2318	G	G	191	1	0.52%	2	1	93	93	0.5000000000001412	1	1	89	102	0	1	+A
F1_BC61_consensus_vsearch	2319	G	G	195	1	0.51%	2	1	93	93	0.5000000000001412	1	1	89	106	1	0	-A
F1_BC61_consensus_vsearch	2320	A	A	191	2	1.03%	2	1	93	93	0.24935064935068132	1	1	88	103	0	2	+T
F1_BC61_consensus_vsearch	2321	T	T	193	1	0.52%	2	1	93	93	0.4999999999999138	1	1	88	105	1	0	C
F1_BC61_consensus_vsearch	2322	T	T	190	2	1.03%	2	1	93	93	0.2493472584856949	1	1	86	104	2	0	-A
F1_BC61_consensus_vsearch	2323	A	*/-G	140	34	17.53%	2	1	93	93	9.745931713189039E-12	1	1	83	57	0	34	-G
F1_BC61_consensus_vsearch	2324	G	G	160	1	0.62%	2	1	93	93	0.4999999999999138	1	1	89	71	1	0	+AG
F1_BC61_consensus_vsearch	2325	G	G	191	2	1.03%	2	1	93	93	0.24935064935068132	1	1	88	103	2	0	+A
F1_BC61_consensus_vsearch	2326	G	G	195	1	0.51%	2	1	93	93	0.5000000000001412	1	1	89	106	1	0	A
F1_BC61_consensus_vsearch	2327	C	C	193	1	0.51%	2	1	93	93	0.4999999999999138	1	1	90	103	0	1	-GCGG
F1_BC61_consensus_vsearch	2328	G	G	191	2	1.03%	2	1	93	93	0.24935064935068132	1	1	90	101	0	2	-CGG
F1_BC61_consensus_vsearch	2329	C	C	190	1	0.52%	2	1	93	93	0.4999999999999138	1	1	89	101	0	1	+G
F1_BC61_consensus_vsearch	2330	G	G	188	2	1.05%	2	2	93	93	0.2493403693931866	1	1	88	100	1	1	A
F1_BC61_consensus_vsearch	2331	G	G	191	2	1.04%	2	1	93	93	0.24935064935068132	1	1	90	101	0	2	-TG
F1_BC61_consensus_vsearch	2332	T	T	188	2	1.03%	2	1	93	93	0.2493403693931866	1	1	90	98	0	2	-GC
F1_BC61_consensus_vsearch	2333	G	G	189	1	0.52%	2	1	93	93	0.5000000000001412	1	1	88	101	1	0	+T
F1_BC61_consensus_vsearch	2334	C	C	184	5	2.58%	2	2	93	93	0.030424403183015276	1	1	88	96	1	4	-A
F1_BC61_consensus_vsearch	2335	A	A	188	1	0.53%	2	1	93	93	0.5000000000001412	1	1	88	100	0	1	+C
F1_BC61_consensus_vsearch	2336	A	A	186	3	1.54%	2	1	93	93	0.1240053050397967	1	1	85	101	0	3	-TG
F1_BC61_consensus_vsearch	2337	T	T	185	3	1.56%	2	2	93	93	0.12399999999998497	1	1	88	97	1	2	C
F1_BC61_consensus_vsearch	2338	G	G	184	4	2.08%	2	1	93	93	0.06150134048256699	1	1	86	98	0	4	-CG
F1_BC61_consensus_vsearch	2339	C	C	186	2	1.04%	2	1	93	93	0.24933333333336263	1	1	88	98	2	0	+AC
F1_BC61_consensus_vsearch	2340	G	G	182	6	3.12%	2	1	93	93	0.015005022293196836	1	1	81	101	6	0	A
F1_BC61_consensus_vsearch	2341	T	T	189	3	1.54%	2	1	93	93	0.12402088772842607	1	1	90	99	0	3	C
F1_BC61_consensus_vsearch	2342	T	T	191	3	1.53%	2	1	93	93	0.1240310077519331	1	1	89	102	0	3	C
F1_BC61_consensus_vsearch	2343	C	C	194	1	0.51%	2	1	93	93	0.4999999999999138	1	1	89	105	1	0	T
F1_BC61_consensus_vsearch	2344	A	A	195	1	0.51%	2	1	93	93	0.5000000000001412	1	1	90	105	0	1	+C
F1_BC61_consensus_vsearch	2345	A	A	189	6	3.06%	2	2	93	93	0.01502716012190595	1	1	87	102	3	3	G
F1_BC61_consensus_vsearch	2346	C	C	193	2	1.02%	2	1	93	93	0.24935732647820702	1	1	87	106	2	0	-A
F1_BC61_consensus_vsearch	2347	A	A	193	1	0.52%	2	1	93	93	0.4999999999999138	1	1	88	105	0	1	G
F1_BC61_consensus_vsearch	2348	A	A	187	6	3.06%	2	1	93	93	0.015020997998324731	1	1	88	99	0	6	+C
F1_BC61_consensus_vsearch	2349	C	C	194	2	1.02%	2	1	93	93	0.24936061381078306	1	1	90	104	0	2	-T
F1_BC61_consensus_vsearch	2350	T	*/-C	183	7	3.61%	2	1	93	93	0.007385343252869138	1	1	90	93	0	7	-C
F1_BC61_consensus_vsearch	2351	C	C	188	1	0.53%	2	1	93	93	0.5000000000001412	1	1	90	98	0	1	+GG
F1_BC61_consensus_vsearch	2352	G	G	193	3	1.53%	2	2	93	93	0.12404092071614016	1	1	89	104	1	2	A
F1_BC61_consensus_vsearch	2353	A	A	196	0	0%	2	0	93	0	1.0	1	0	90	106	0	0	
F1_BC61_consensus_vsearch	2354	T	T	194	1	0.51%	2	1	93	93	0.4999999999999138	1	1	89	105	1	0	-GAT
F1_BC61_consensus_vsearch	2355	G	G	195	0	0%	2	0	93	0	1.0	1	0	89	106	0	0	
F1_BC61_consensus_vsearch	2356	A	A	192	1	0.51%	2	1	93	93	0.4999999999999138	1	1	86	106	1	0	+G
F1_BC61_consensus_vsearch	2357	T	T	193	1	0.51%	2	1	93	93	0.4999999999999138	1	1	89	104	0	1	+C
F1_BC61_consensus_vsearch	2358	T	T	194	1	0.51%	2	1	93	93	0.4999999999999138	1	1	88	106	1	0	-C
F1_BC61_consensus_vsearch	2359	C	C	194	1	0.51%	2	1	93	93	0.4999999999999138	1	1	88	106	1	0	-AC
F1_BC61_consensus_vsearch	2360	A	A	190	3	1.54%	2	2	93	93	0.12402597402595401	1	1	87	103	1	2	G
F1_BC61_consensus_vsearch	2361	C	C	193	1	0.52%	2	1	93	93	0.4999999999999138	1	1	89	104	0	1	T
F1_BC61_consensus_vsearch	2362	G	G	192	1	0.51%	2	1	93	93	0.4999999999999138	1	1	88	104	1	0	+CG
F1_BC61_consensus_vsearch	2363	T	Y	187	7	3.59%	2	2	93	93	0.007394057154213738	1	1	89	98	1	6	C
F1_BC61_consensus_vsearch	2364	A	A	188	3	1.54%	2	2	93	93	0.124015748031514	1	1	85	103	2	1	-TA
F1_BC61_consensus_vsearch	2365	T	*/-A	178	9	4.69%	2	2	93	93	0.0017699066001378024	1	1	84	94	2	7	-A
F1_BC61_consensus_vsearch	2366	A	A	180	2	1.09%	2	1	93	93	0.24931129476584768	1	1	84	96	2	0	+G
F1_BC61_consensus_vsearch	2367	A	A	184	6	3.06%	2	2	93	93	0.015011512916161563	1	1	88	96	1	5	-G
F1_BC61_consensus_vsearch	2368	G	G	189	1	0.53%	2	1	93	93	0.5000000000001412	1	1	89	100	0	1	-T
F1_BC61_consensus_vsearch	2369	T	Y	183	7	3.59%	2	2	93	93	0.007385343252869138	1	1	88	95	1	6	C
F1_BC61_consensus_vsearch	2370	G	G	190	2	1.04%	2	1	93	93	0.2493472584856949	1	1	86	104	2	0	+AG
F1_BC61_consensus_vsearch	2371	G	G	193	1	0.51%	2	1	93	93	0.4999999999999138	1	1	88	105	0	1	-T
F1_BC61_consensus_vsearch	2372	T	T	186	3	1.54%	2	1	93	93	0.1240053050397967	1	1	89	97	0	3	-G
F1_BC61_consensus_vsearch	2373	G	G	191	1	0.52%	2	1	93	93	0.5000000000001412	1	1	90	101	0	1	A
F1_BC61_consensus_vsearch	2374	G	G	193	1	0.51%	2	1	93	93	0.4999999999999138	1	1	90	103	0	1	A
F1_BC61_consensus_vsearch	2375	A	A	189	3	1.53%	2	1	93	93	0.12402088772842607	1	1	90	99	0	3	+T
F1_BC61_consensus_vsearch	2376	C	C	185	3	1.55%	2	1	93	93	0.12399999999998497	1	1	87	98	0	3	T
F1_BC61_consensus_vsearch	2377	T	T	184	3	1.57%	2	2	93	93	0.12399463806966378	1	1	87	97	1	2	A
F1_BC61_consensus_vsearch	2378	T	T	184	4	2.06%	2	2	93	93	0.06150134048256699	1	1	87	97	1	3	C
F1_BC61_consensus_vsearch	2379	G	G	186	6	3.12%	2	1	93	93	0.015017869058322414	1	1	88	98	0	6	-C
F1_BC61_consensus_vsearch	2380	C	C	177	5	2.66%	2	2	93	93	0.03039269552742511	1	1	84	93	4	1	-GC
F1_BC61_consensus_vsearch	2381	G	G	188	3	1.57%	2	2	93	93	0.124015748031514	1	1	84	104	2	1	A
F1_BC61_consensus_vsearch	2382	C	C	187	4	2.09%	2	2	93	93	0.06151704651694607	1	1	84	103	2	2	T
F1_BC61_consensus_vsearch	2383	A	A	195	1	0.51%	2	1	93	93	0.5000000000001412	1	1	89	106	1	0	G
F1_BC61_consensus_vsearch	2384	T	T	187	5	2.55%	2	1	93	93	0.030437285417662132	1	1	81	106	5	0	+C
F1_BC61_consensus_vsearch	2385	C	C	193	1	0.52%	2	1	93	93	0.4999999999999138	1	1	87	106	1	0	-A
F1_BC61_consensus_vsearch	2386	A	A	189	4	2.05%	2	2	93	93	0.061527245600347336	1	1	84	105	3	1	G
F1_BC61_consensus_vsearch	2387	C	C	192	1	0.52%	2	1	93	93	0.4999999999999138	1	1	87	105	1	0	-A
F1_BC61_consensus_vsearch	2388	A	A	191	1	0.52%	2	1	93	93	0.5000000000001412	1	1	85	106	1	0	+CA
F1_BC61_consensus_vsearch	2389	T	T	190	2	1.03%	2	1	93	93	0.2493472584856949	1	1	85	105	2	0	+C
F1_BC61_consensus_vsearch	2390	C	C	193	2	1.03%	2	1	93	93	0.24935732647820702	1	1	87	106	2	0	-A
F1_BC61_consensus_vsearch	2391	A	A	188	2	1.03%	2	1	93	93	0.2493403693931866	1	1	82	106	2	0	C
F1_BC61_consensus_vsearch	2392	C	C	190	3	1.54%	2	1	93	93	0.12402597402595401	1	1	89	101	0	3	-T
F1_BC61_consensus_vsearch	2393	T	T	191	1	0.52%	2	1	93	93	0.5000000000001412	1	1	88	103	1	0	G
F1_BC61_consensus_vsearch	2394	T	T	195	1	0.51%	2	1	93	93	0.5000000000001412	1	1	89	106	1	0	C
F1_BC61_consensus_vsearch	2395	T	T	195	1	0.51%	2	1	93	93	0.5000000000001412	1	1	89	106	1	0	+A
F1_BC61_consensus_vsearch	2396	A	A	195	1	0.51%	2	1	93	93	0.5000000000001412	1	1	90	105	0	1	G
F1_BC61_consensus_vsearch	2397	T	T	193	2	1.02%	2	1	93	93	0.24935732647820702	1	1	87	106	2	0	C
F1_BC61_consensus_vsearch	2398	C	C	191	3	1.54%	2	1	93	93	0.1240310077519331	1	1	86	105	3	0	+A
F1_BC61_consensus_vsearch	2399	G	G	184	6	3.09%	2	2	93	93	0.015011512916161563	1	1	80	104	5	1	A
F1_BC61_consensus_vsearch	2400	C	C	187	3	1.54%	2	1	93	93	0.12401055408976878	1	1	83	104	3	0	-A
F1_BC61_consensus_vsearch	2401	A	A	190	1	0.52%	2	1	93	93	0.4999999999999138	1	1	84	106	1	0	C
F1_BC61_consensus_vsearch	2402	A	A	184	6	3.08%	2	2	93	93	0.015011512916161563	1	1	81	103	4	2	-T
F1_BC61_consensus_vsearch	2403	T	T	184	2	1.06%	2	1	93	93	0.24932614555250343	1	1	80	104	2	0	C
F1_BC61_consensus_vsearch	2404	T	T	194	1	0.51%	2	1	93	93	0.4999999999999138	1	1	88	106	1	0	G
F1_BC61_consensus_vsearch	2405	T	T	190	3	1.53%	2	2	93	93	0.12402597402595401	1	1	86	104	1	2	+G
F1_BC61_consensus_vsearch	2406	G	G	194	1	0.51%	2	1	93	93	0.4999999999999138	1	1	89	105	0	1	+T
F1_BC61_consensus_vsearch	2407	C	C	193	1	0.51%	2	1	93	93	0.4999999999999138	1	1	89	104	1	0	+A
F1_BC61_consensus_vsearch	2408	A	A	195	1	0.51%	2	1	93	93	0.5000000000001412	1	1	90	105	0	1	G
F1_BC61_consensus_vsearch	2409	A	A	189	6	3.06%	2	1	93	93	0.01502716012190595	1	1	84	105	6	0	G
F1_BC61_consensus_vsearch	2410	C	C	194	1	0.51%	2	1	93	93	0.4999999999999138	1	1	89	105	1	0	+TT
F1_BC61_consensus_vsearch	2411	G	R	174	21	10.71%	2	2	93	93	2.700342363196343E-7	1	1	70	104	20	1	A
F1_BC61_consensus_vsearch	2412	G	G	195	1	0.51%	2	1	93	93	0.5000000000001412	1	1	90	105	0	1	T
F1_BC61_consensus_vsearch	2413	T	T	196	0	0%	2	0	93	0	1.0	1	0	90	106	0	0	
F1_BC61_consensus_vsearch	2414	C	C	194	1	0.51%	2	1	93	93	0.4999999999999138	1	1	90	104	0	1	+T
F1_BC61_consensus_vsearch	2415	T	T	193	3	1.53%	2	2	93	93	0.12404092071614016	1	1	88	105	2	1	C
F1_BC61_consensus_vsearch	2416	T	T	196	0	0%	2	0	93	0	1.0	1	0	90	106	0	0	
F1_BC61_consensus_vsearch	2417	C	C	193	1	0.51%	2	1	93	93	0.4999999999999138	1	1	90	103	0	1	+A
F1_BC61_consensus_vsearch	2418	A	A	194	1	0.51%	2	1	93	93	0.4999999999999138	1	1	89	105	1	0	G
F1_BC61_consensus_vsearch	2419	T	T	190	4	2.04%	2	2	93	93	0.061532266183381874	1	1	88	102	1	3	C
F1_BC61_consensus_vsearch	2420	C	C	187	3	1.54%	2	1	93	93	0.12401055408976878	1	1	84	103	3	0	-G
F1_BC61_consensus_vsearch	2421	G	G	190	3	1.55%	2	1	93	93	0.12402597402595401	1	1	84	106	3	0	-A
F1_BC61_consensus_vsearch	2422	A	A	191	2	1.04%	2	1	93	93	0.24935064935068132	1	1	85	106	2	0	G
F1_BC61_consensus_vsearch	2423	A	A	190	4	2.04%	2	2	93	93	0.061532266183381874	1	1	85	105	3	1	G
F1_BC61_consensus_vsearch	2424	T	T	190	5	2.55%	2	2	93	93	0.03044977182598529	1	1	87	103	3	2	C
F1_BC61_consensus_vsearch	2425	G	G	195	1	0.51%	2	1	93	93	0.5000000000001412	1	1	89	106	1	0	+A
F1_BC61_consensus_vsearch	2426	A	A	193	1	0.51%	2	1	93	93	0.4999999999999138	1	1	89	104	1	0	+G
F1_BC61_consensus_vsearch	2427	C	C	193	2	1.02%	2	1	93	93	0.24935732647820702	1	1	89	104	0	2	T
F1_BC61_consensus_vsearch	2428	G	*/-TG	178	14	7.14%	2	2	93	93	4.774059764537521E-5	1	1	87	91	1	13	-TG
F1_BC61_consensus_vsearch	2429	T	T	179	2	1.1%	2	2	93	93	0.24930747922443972	1	1	88	91	1	1	C
F1_BC61_consensus_vsearch	2430	G	G	172	4	2.21%	2	2	93	93	0.06143315455637365	1	1	81	91	3	1	-C
F1_BC61_consensus_vsearch	2431	C	C	190	1	0.52%	2	1	93	93	0.4999999999999138	1	1	87	103	0	1	G
F1_BC61_consensus_vsearch	2432	C	*/+A	171	13	6.63%	2	1	93	93	9.80172223605813E-5	1	1	74	97	13	0	+A
F1_BC61_consensus_vsearch	2433	A	A	185	1	0.54%	2	1	93	93	0.5000000000001412	1	1	87	98	1	0	G
F1_BC61_consensus_vsearch	2434	A	*/-G	163	21	10.99%	2	2	93	93	2.6047553881865885E-7	1	1	83	80	5	16	-G
F1_BC61_consensus_vsearch	2435	G	G	171	1	0.57%	2	1	93	93	0.4999999999999138	1	1	83	88	1	0	+A
F1_BC61_consensus_vsearch	2436	G	G	192	2	1.03%	2	1	93	93	0.2493540051679821	1	1	89	103	0	2	C
F1_BC61_consensus_vsearch	2437	G	G	192	1	0.51%	2	1	93	93	0.4999999999999138	1	1	87	105	1	0	+A
F1_BC61_consensus_vsearch	2438	A	A	194	1	0.51%	2	1	93	93	0.4999999999999138	1	1	89	105	1	0	T
F1_BC61_consensus_vsearch	2439	T	T	189	3	1.53%	2	1	93	93	0.12402088772842607	1	1	84	105	3	0	-C
F1_BC61_consensus_vsearch	2440	C	C	192	0	0%	2	0	93	0	1.0	1	0	86	106	0	0	
F1_BC61_consensus_vsearch	2441	C	C	193	1	0.51%	2	1	93	93	0.4999999999999138	1	1	88	105	0	1	-AGC
F1_BC61_consensus_vsearch	2442	A	A	194	0	0%	2	0	93	0	1.0	1	0	89	105	0	0	
F1_BC61_consensus_vsearch	2443	G	R	187	8	4.1%	2	1	93	93	0.0036305010705765203	1	1	82	105	8	0	A
F1_BC61_consensus_vsearch	2444	C	C	189	5	2.56%	2	2	93	93	0.030445652538661657	1	1	85	104	4	1	-GC
F1_BC61_consensus_vsearch	2445	G	G	186	2	1.05%	2	1	93	93	0.24933333333336263	1	1	81	105	2	0	A
F1_BC61_consensus_vsearch	2446	C	C	182	2	1.05%	2	1	93	93	0.2493188010900035	1	1	78	104	2	0	-T
F1_BC61_consensus_vsearch	2447	T	T	185	4	2.11%	2	2	93	93	0.061506631299724945	1	1	83	102	1	3	C
F1_BC61_consensus_vsearch	2448	G	G	189	2	1.04%	2	2	93	93	0.24934383202100482	1	1	84	105	1	1	-C
F1_BC61_consensus_vsearch	2449	C	C	190	0	0%	2	0	93	0	1.0	1	0	85	105	0	0	
F1_BC61_consensus_vsearch	2450	C	C	191	4	2.05%	2	2	93	93	0.06153723520852315	1	1	88	103	1	3	T
F1_BC61_consensus_vsearch	2451	G	G	193	3	1.53%	2	2	93	93	0.12404092071614016	1	1	88	105	2	1	A
F1_BC61_consensus_vsearch	2452	G	G	195	1	0.51%	2	1	93	93	0.5000000000001412	1	1	90	105	0	1	C
F1_BC61_consensus_vsearch	2453	T	T	196	0	0%	2	0	93	0	1.0	1	0	90	106	0	0	
F1_BC61_consensus_vsearch	2454	T	T	194	1	0.51%	2	1	93	93	0.4999999999999138	1	1	88	106	1	0	+G
F1_BC61_consensus_vsearch	2455	G	G	193	1	0.51%	2	1	93	93	0.4999999999999138	1	1	88	105	1	0	+C
F1_BC61_consensus_vsearch	2456	T	*/-A	179	12	6.19%	2	2	93	93	2.0429775305230596E-4	1	1	78	101	10	2	-A
F1_BC61_consensus_vsearch	2457	A	A	175	3	1.64%	2	1	93	93	0.12394366197182968	1	1	76	99	0	3	-GA
F1_BC61_consensus_vsearch	2458	G	*/-A	176	8	4.21%	2	2	93	93	0.0036143155518784634	1	1	78	98	7	1	-A
F1_BC61_consensus_vsearch	2459	A	A	179	1	0.56%	2	1	93	93	0.5000000000001412	1	1	77	102	1	0	+G
F1_BC61_consensus_vsearch	2460	A	A	186	3	1.57%	2	1	93	93	0.1240053050397967	1	1	80	106	3	0	G
F1_BC61_consensus_vsearch	2461	A	A	192	2	1.03%	2	1	93	93	0.2493540051679821	1	1	86	106	2	0	-G
F1_BC61_consensus_vsearch	2462	G	*/-T	178	9	4.64%	2	2	93	93	0.0017699066001378024	1	1	83	95	3	6	-T
F1_BC61_consensus_vsearch	2463	T	T	187	0	0%	2	0	93	0	1.0	1	0	87	100	0	0	
F1_BC61_consensus_vsearch	2464	T	T	191	5	2.55%	2	1	93	93	0.030453849137731474	1	1	90	101	0	5	C
F1_BC61_consensus_vsearch	2465	T	T	188	6	3.06%	2	1	93	93	0.015024094855898527	1	1	90	98	0	6	C
F1_BC61_consensus_vsearch	2466	A	A	191	2	1.02%	2	1	93	93	0.24935064935068132	1	1	90	101	0	2	+G
F1_BC61_consensus_vsearch	2467	C	C	191	5	2.55%	2	1	93	93	0.030453849137731474	1	1	90	101	0	5	T
F1_BC61_consensus_vsearch	2468	A	A	195	1	0.51%	2	1	93	93	0.5000000000001412	1	1	89	106	1	0	G
F1_BC61_consensus_vsearch	2469	A	R	187	7	3.57%	2	1	93	93	0.007394057154213738	1	1	81	106	7	0	G
F1_BC61_consensus_vsearch	2470	C	C	191	5	2.55%	2	2	93	93	0.030453849137731474	1	1	86	105	4	1	-T
F1_BC61_consensus_vsearch	2471	T	T	183	4	2.09%	2	2	93	93	0.061495993004889796	1	1	81	102	2	2	C
F1_BC61_consensus_vsearch	2472	G	G	193	1	0.52%	2	1	93	93	0.4999999999999138	1	1	87	106	1	0	A
F1_BC61_consensus_vsearch	2473	G	G	193	1	0.52%	2	1	93	93	0.4999999999999138	1	1	87	106	1	0	T
F1_BC61_consensus_vsearch	2474	T	T	194	0	0%	2	0	93	0	1.0	1	0	88	106	0	0	
F1_BC61_consensus_vsearch	2475	G	G	192	2	1.02%	2	1	93	93	0.2493540051679821	1	1	88	104	0	2	+C
F1_BC61_consensus_vsearch	2476	T	T	187	5	2.58%	2	2	93	93	0.030437285417662132	1	1	86	101	1	4	C
F1_BC61_consensus_vsearch	2477	T	T	193	1	0.51%	2	1	93	93	0.4999999999999138	1	1	89	104	0	1	-A
F1_BC61_consensus_vsearch	2478	A	A	186	5	2.56%	2	2	93	93	0.030433036239869853	1	1	87	99	3	2	G
F1_BC61_consensus_vsearch	2479	G	G	196	0	0%	2	0	93	0	1.0	1	0	90	106	0	0	
F1_BC61_consensus_vsearch	2480	A	A	185	4	2.04%	2	1	93	93	0.061506631299724945	1	1	87	98	0	4	+C
F1_BC61_consensus_vsearch	2481	C	C	192	1	0.52%	2	1	93	93	0.4999999999999138	1	1	89	103	1	0	-T
F1_BC61_consensus_vsearch	2482	T	*/+C	176	11	5.64%	2	2	93	93	4.1971005075956745E-4	1	1	86	90	3	8	+C
F1_BC61_consensus_vsearch	2483	C	C	178	3	1.58%	2	2	93	93	0.12396121883654573	1	1	85	93	1	2	+T
F1_BC61_consensus_vsearch	2484	A	A	189	2	1.04%	2	2	93	93	0.24934383202100482	1	1	84	105	1	1	-CA
F1_BC61_consensus_vsearch	2485	C	C	188	5	2.58%	2	2	93	93	0.030441490624263247	1	1	86	102	3	2	T
F1_BC61_consensus_vsearch	2486	A	A	192	1	0.52%	2	1	93	93	0.4999999999999138	1	1	87	105	1	0	+CA
F1_BC61_consensus_vsearch	2487	A	A	196	0	0%	2	0	93	0	1.0	1	0	90	106	0	0	
F1_BC61_consensus_vsearch	2488	C	C	190	4	2.04%	2	2	93	93	0.061532266183381874	1	1	86	104	3	1	-G
F1_BC61_consensus_vsearch	2489	G	G	183	6	3.12%	2	2	93	93	0.015008284680098535	1	1	82	101	3	3	-CG
F1_BC61_consensus_vsearch	2490	C	C	176	5	2.65%	2	2	93	93	0.03038796595652323	1	1	82	94	4	1	A
F1_BC61_consensus_vsearch	2491	G	G	178	4	2.16%	2	1	93	93	0.06146837297681004	1	1	81	97	4	0	T
F1_BC61_consensus_vsearch	2492	G	G	192	1	0.51%	2	1	93	93	0.4999999999999138	1	1	89	103	0	1	+A
F1_BC61_consensus_vsearch	2493	A	A	193	2	1.03%	2	1	93	93	0.24935732647820702	1	1	89	104	0	2	G
F1_BC61_consensus_vsearch	2494	A	A	192	2	1.02%	2	1	93	93	0.2493540051679821	1	1	89	103	0	2	-C
F1_BC61_consensus_vsearch	2495	C	C	190	2	1.03%	2	1	93	93	0.2493472584856949	1	1	86	104	2	0	T
F1_BC61_consensus_vsearch	2496	G	G	192	3	1.53%	2	1	93	93	0.12403598971719802	1	1	87	105	3	0	-A
F1_BC61_consensus_vsearch	2497	A	A	189	2	1.04%	2	1	93	93	0.24934383202100482	1	1	86	103	0	2	-T
F1_BC61_consensus_vsearch	2498	T	T	193	1	0.52%	2	1	93	93	0.4999999999999138	1	1	90	103	0	1	+GAT
F1_BC61_consensus_vsearch	2499	C	*/+T	179	8	4.08%	2	1	93	93	0.0036189151712300786	1	1	89	90	0	8	+T
F1_BC61_consensus_vsearch	2500	T	T	186	1	0.53%	2	1	93	93	0.4999999999999138	1	1	89	97	0	1	C
F1_BC61_consensus_vsearch	2501	T	T	192	2	1.03%	2	1	93	93	0.2493540051679821	1	1	90	102	0	2	C
F1_BC61_consensus_vsearch	2502	T	T	192	3	1.53%	2	2	93	93	0.12403598971719802	1	1	88	104	1	2	C
F1_BC61_consensus_vsearch	2503	A	A	193	1	0.51%	2	1	93	93	0.4999999999999138	1	1	88	105	1	0	C
F1_BC61_consensus_vsearch	2504	A	A	191	2	1.02%	2	1	93	93	0.24935064935068132	1	1	88	103	0	2	C
F1_BC61_consensus_vsearch	2505	C	C	192	3	1.53%	2	2	93	93	0.12403598971719802	1	1	88	104	1	2	T
F1_BC61_consensus_vsearch	2506	G	G	189	2	1.02%	2	2	93	93	0.24934383202100482	1	1	85	104	1	1	A
F1_BC61_consensus_vsearch	2507	T	T	184	6	3.08%	2	2	93	93	0.015011512916161563	1	1	81	103	5	1	+A
F1_BC61_consensus_vsearch	2508	G	*/-TG	168	18	9.28%	2	2	93	93	2.4771112255650594E-6	1	1	83	85	1	17	-TG
F1_BC61_consensus_vsearch	2509	T	T	170	4	2.29%	2	2	93	93	0.06142087457709755	1	1	87	83	1	3	C
F1_BC61_consensus_vsearch	2510	G	G	168	4	2.29%	2	2	93	93	0.06140830861042876	1	1	86	82	1	3	-C
F1_BC61_consensus_vsearch	2511	C	C	190	0	0%	2	0	93	0	1.0	1	0	89	101	0	0	
F1_BC61_consensus_vsearch	2512	C	C	188	3	1.53%	2	1	93	93	0.124015748031514	1	1	90	98	0	3	-T
F1_BC61_consensus_vsearch	2513	T	*/-C	161	24	12.57%	2	2	93	93	2.685862201776044E-8	1	1	70	91	20	4	-C
F1_BC61_consensus_vsearch	2514	C	C	164	1	0.6%	2	1	93	93	0.4999999999999138	1	1	69	95	1	0	+AA
F1_BC61_consensus_vsearch	2515	C	*/-A	150	33	17.19%	2	2	93	93	2.3841899105003547E-11	1	1	52	98	32	1	-A
F1_BC61_consensus_vsearch	2516	A	A	160	2	1.23%	2	1	93	93	0.24922600619195118	1	1	58	102	0	2	G
F1_BC61_consensus_vsearch	2517	A	A	191	2	1.03%	2	1	93	93	0.24935064935068132	1	1	88	103	2	0	+G
F1_BC61_consensus_vsearch	2518	A	A	189	3	1.53%	2	1	93	93	0.12402088772842607	1	1	84	105	3	0	+G
F1_BC61_consensus_vsearch	2519	G	*/-A	184	11	5.64%	2	2	93	93	4.223970856632319E-4	1	1	80	104	9	2	-A
F1_BC61_consensus_vsearch	2520	A	*/-G	176	7	3.78%	2	2	93	93	0.007369187819667051	1	1	74	102	5	2	-G
F1_BC61_consensus_vsearch	2521	G	G	184	2	1.06%	2	1	93	93	0.24932614555250343	1	1	81	103	2	0	A
F1_BC61_consensus_vsearch	2522	G	G	190	3	1.54%	2	1	93	93	0.12402597402595401	1	1	84	106	3	0	T
F1_BC61_consensus_vsearch	2523	T	*/+A	183	7	3.61%	2	1	93	93	0.007385343252869138	1	1	86	97	0	7	+A
F1_BC61_consensus_vsearch	2524	A	A	189	1	0.52%	2	1	93	93	0.5000000000001412	1	1	85	104	1	0	+G
F1_BC61_consensus_vsearch	2525	A	R	182	8	4.17%	2	1	93	93	0.003623372158916335	1	1	79	103	8	0	G
F1_BC61_consensus_vsearch	2526	C	Y	180	12	6.19%	2	1	93	93	2.0449333836859826E-4	1	1	88	92	0	12	T
F1_BC61_consensus_vsearch	2527	A	A	189	4	2.05%	2	2	93	93	0.061527245600347336	1	1	84	105	3	1	G
F1_BC61_consensus_vsearch	2528	C	C	189	4	2.04%	2	2	93	93	0.061527245600347336	1	1	86	103	1	3	T
F1_BC61_consensus_vsearch	2529	A	R	174	17	8.67%	2	2	93	93	5.258205410644831E-6	1	1	73	101	14	3	G
F1_BC61_consensus_vsearch	2530	G	G	192	3	1.53%	2	1	93	93	0.12403598971719802	1	1	87	105	3	0	+A
F1_BC61_consensus_vsearch	2531	G	G	192	3	1.53%	2	2	93	93	0.12403598971719802	1	1	87	105	2	1	A
F1_BC61_consensus_vsearch	2532	C	C	184	4	2.04%	2	2	93	93	0.06150134048256699	1	1	87	97	1	3	+A
F1_BC61_consensus_vsearch	2533	A	A	190	2	1.04%	2	2	93	93	0.2493472584856949	1	1	87	103	1	1	G
F1_BC61_consensus_vsearch	2534	A	A	192	1	0.51%	2	1	93	93	0.4999999999999138	1	1	89	103	1	0	-G
F1_BC61_consensus_vsearch	2535	G	G	190	3	1.54%	2	1	93	93	0.12402597402595401	1	1	86	104	3	0	A
F1_BC61_consensus_vsearch	2536	C	C	190	2	1.03%	2	1	93	93	0.2493472584856949	1	1	89	101	0	2	+T
F1_BC61_consensus_vsearch	2537	G	G	188	3	1.55%	2	1	93	93	0.124015748031514	1	1	85	103	3	0	A
F1_BC61_consensus_vsearch	2538	A	A	192	1	0.52%	2	1	93	93	0.4999999999999138	1	1	87	105	1	0	-C
F1_BC61_consensus_vsearch	2539	C	C	193	1	0.52%	2	1	93	93	0.4999999999999138	1	1	88	105	0	1	T
F1_BC61_consensus_vsearch	2540	C	Y	184	8	4.1%	2	1	93	93	0.0036262674855563662	1	1	87	97	0	8	T
F1_BC61_consensus_vsearch	2541	G	G	190	4	2.05%	2	2	93	93	0.061532266183381874	1	1	85	105	3	1	-T
F1_BC61_consensus_vsearch	2542	T	T	187	5	2.6%	2	1	93	93	0.030437285417662132	1	1	87	100	0	5	C
F1_BC61_consensus_vsearch	2543	T	T	191	2	1.02%	2	2	93	93	0.24935064935068132	1	1	86	105	1	1	C
F1_BC61_consensus_vsearch	2544	T	T	194	2	1.02%	2	1	93	93	0.24936061381078306	1	1	88	106	2	0	C
F1_BC61_consensus_vsearch	2545	A	A	193	1	0.51%	2	1	93	93	0.4999999999999138	1	1	88	105	1	0	+CA
F1_BC61_consensus_vsearch	2546	A	*/-C	175	21	10.71%	2	2	93	93	2.708629858939431E-7	1	1	89	86	1	20	-C
F1_BC61_consensus_vsearch	2547	C	C	172	1	0.57%	2	1	93	93	0.4999999999999138	1	1	88	84	1	0	+A
F1_BC61_consensus_vsearch	2548	C	C	188	4	2.04%	2	1	93	93	0.061522172652713904	1	1	90	98	0	4	-T
F1_BC61_consensus_vsearch	2549	T	T	189	2	1.05%	2	1	93	93	0.24934383202100482	1	1	88	101	2	0	+C
F1_BC61_consensus_vsearch	2550	C	C	193	1	0.51%	2	1	93	93	0.4999999999999138	1	1	90	103	0	1	+T
F1_BC61_consensus_vsearch	2551	G	G	191	4	2.05%	2	2	93	93	0.06153723520852315	1	1	87	104	3	1	A
F1_BC61_consensus_vsearch	2552	G	G	195	1	0.51%	2	1	93	93	0.5000000000001412	1	1	90	105	0	1	A
F1_BC61_consensus_vsearch	2553	T	T	189	4	2.04%	2	1	93	93	0.061527245600347336	1	1	85	104	4	0	+C
F1_BC61_consensus_vsearch	2554	C	C	192	3	1.53%	2	1	93	93	0.12403598971719802	1	1	89	103	0	3	-A
F1_BC61_consensus_vsearch	2555	A	A	189	3	1.55%	2	2	93	93	0.12402088772842607	1	1	87	102	2	1	G
F1_BC61_consensus_vsearch	2556	G	G	191	1	0.51%	2	1	93	93	0.5000000000001412	1	1	87	104	1	0	+A
F1_BC61_consensus_vsearch	2557	A	*/-G	119	68	35.23%	2	2	93	93	1.8860467098896686E-24	1	1	33	86	52	16	-G
F1_BC61_consensus_vsearch	2558	G	G	121	2	1.61%	2	1	93	93	0.2489795918367585	1	1	34	87	2	0	+A
F1_BC61_consensus_vsearch	2559	G	G	193	0	0%	2	0	93	0	1.0	1	0	88	105	0	0	
F1_BC61_consensus_vsearch	2560	G	G	191	1	0.51%	2	1	93	93	0.5000000000001412	1	1	89	102	0	1	+CC
F1_BC61_consensus_vsearch	2561	G	G	191	1	0.51%	2	1	93	93	0.5000000000001412	1	1	89	102	0	1	+C
F1_BC61_consensus_vsearch	2562	T	Y	174	18	9.23%	2	1	93	93	2.512406240593967E-6	1	1	89	85	0	18	C
F1_BC61_consensus_vsearch	2563	C	C	188	2	1.04%	2	2	93	93	0.2493403693931866	1	1	86	102	1	1	+T
F1_BC61_consensus_vsearch	2564	G	*/-T	179	9	4.62%	2	2	93	93	0.0017708558237889195	1	1	81	98	6	3	-T
F1_BC61_consensus_vsearch	2565	T	T	181	6	3.21%	2	1	93	93	0.015001725210740429	1	1	84	97	0	6	C
F1_BC61_consensus_vsearch	2566	T	T	192	2	1.02%	2	1	93	93	0.2493540051679821	1	1	89	103	0	2	C
F1_BC61_consensus_vsearch	2567	T	T	190	2	1.02%	2	2	93	93	0.2493472584856949	1	1	89	101	1	1	G
F1_BC61_consensus_vsearch	2568	A	A	193	2	1.02%	2	1	93	93	0.24935732647820702	1	1	89	104	0	2	G
F1_BC61_consensus_vsearch	2569	T	T	191	3	1.53%	2	1	93	93	0.1240310077519331	1	1	90	101	0	3	+C
F1_BC61_consensus_vsearch	2570	C	C	194	1	0.51%	2	1	93	93	0.4999999999999138	1	1	90	104	0	1	T
F1_BC61_consensus_vsearch	2571	C	C	190	3	1.53%	2	1	93	93	0.12402597402595401	1	1	90	100	0	3	-TC
F1_BC61_consensus_vsearch	2572	T	*/-C	165	25	13.09%	2	2	93	93	1.2807579461239524E-8	1	1	88	77	1	24	-C
F1_BC61_consensus_vsearch	2573	C	Y	117	50	29.76%	2	2	93	93	1.172117692964783E-17	1	1	57	60	31	19	T
F1_BC61_consensus_vsearch	2574	G	G	193	1	0.51%	2	1	93	93	0.4999999999999138	1	1	88	105	0	1	C
F1_BC61_consensus_vsearch	2575	A	A	185	5	2.55%	2	1	93	93	0.030428742397642147	1	1	82	103	5	0	-C
F1_BC61_consensus_vsearch	2576	C	C	189	1	0.52%	2	1	93	93	0.5000000000001412	1	1	83	106	1	0	G
F1_BC61_consensus_vsearch	2577	C	C	185	6	3.06%	2	1	93	93	0.01501470753479516	1	1	81	104	6	0	+A
F1_BC61_consensus_vsearch	2578	A	A	191	2	1.03%	2	2	93	93	0.24935064935068132	1	1	87	104	1	1	+G
F1_BC61_consensus_vsearch	2579	G	G	190	2	1.03%	2	1	93	93	0.2493472584856949	1	1	87	103	0	2	+AA
F1_BC61_consensus_vsearch	2580	A	A	186	2	1.03%	2	2	93	93	0.24933333333336263	1	1	84	102	1	1	C
F1_BC61_consensus_vsearch	2581	G	G	189	2	1.02%	2	1	93	93	0.24934383202100482	1	1	87	102	0	2	+TTAA
F1_BC61_consensus_vsearch	2582	C	*/+GC	15	102	52.04%	2	2	93	93	1.4975040640262277E-50	1	1	10	5	46	56	+GC
F1_BC61_consensus_vsearch	2583	C	C	188	4	2.04%	2	1	93	93	0.061522172652713904	1	1	87	101	0	4	+T
F1_BC61_consensus_vsearch	2584	T	T	188	3	1.55%	2	1	93	93	0.124015748031514	1	1	86	102	0	3	C
F1_BC61_consensus_vsearch	2585	T	T	194	1	0.51%	2	1	93	93	0.4999999999999138	1	1	89	105	1	0	-A
F1_BC61_consensus_vsearch	2586	A	A	193	2	1.03%	2	2	93	93	0.24935732647820702	1	1	88	105	1	1	G
F1_BC61_consensus_vsearch	2587	A	A	192	2	1.02%	2	1	93	93	0.2493540051679821	1	1	88	104	2	0	G
F1_BC61_consensus_vsearch	2588	C	C	191	3	1.53%	2	1	93	93	0.1240310077519331	1	1	89	102	0	3	T
F1_BC61_consensus_vsearch	2589	G	G	191	1	0.52%	2	1	93	93	0.5000000000001412	1	1	88	103	0	1	+T
F1_BC61_consensus_vsearch	2590	T	*/-CC	155	28	14.43%	2	1	93	93	1.218017738367064E-9	1	1	52	103	28	0	-CC
F1_BC61_consensus_vsearch	2591	C	C	158	0	0%	2	0	93	0	1.0	1	0	53	105	0	0	
F1_BC61_consensus_vsearch	2592	C	C	167	1	0.6%	2	1	93	93	0.4999999999999138	1	1	61	106	1	0	A
F1_BC61_consensus_vsearch	2593	C	Y	171	12	6.12%	2	1	93	93	2.0266096116243077E-4	1	1	89	82	0	12	T
F1_BC61_consensus_vsearch	2594	G	G	185	6	3.06%	2	2	93	93	0.01501470753479516	1	1	81	104	5	1	-A
F1_BC61_consensus_vsearch	2595	A	A	185	1	0.53%	2	1	93	93	0.5000000000001412	1	1	82	103	1	0	+G
F1_BC61_consensus_vsearch	2596	G	G	192	1	0.52%	2	1	93	93	0.4999999999999138	1	1	88	104	0	1	C
F1_BC61_consensus_vsearch	2597	G	G	194	1	0.51%	2	1	93	93	0.4999999999999138	1	1	88	106	1	0	-A
F1_BC61_consensus_vsearch	2598	A	A	192	2	1.03%	2	1	93	93	0.2493540051679821	1	1	87	105	2	0	T
F1_BC61_consensus_vsearch	2599	C	C	193	2	1.02%	2	1	93	93	0.24935732647820702	1	1	88	105	2	0	T
F1_BC61_consensus_vsearch	2600	G	G	190	4	2.04%	2	1	93	93	0.061532266183381874	1	1	85	105	4	0	-A
F1_BC61_consensus_vsearch	2601	A	A	189	1	0.52%	2	1	93	93	0.5000000000001412	1	1	85	104	0	1	+GA
F1_BC61_consensus_vsearch	2602	T	T	192	2	1.02%	2	1	93	93	0.2493540051679821	1	1	90	102	0	2	+G
F1_BC61_consensus_vsearch	2603	G	G	194	1	0.51%	2	1	93	93	0.4999999999999138	1	1	89	105	1	0	+CGGGG
F1_BC61_consensus_vsearch	2604	G	G	195	1	0.51%	2	1	93	93	0.5000000000001412	1	1	90	105	0	1	C
F1_BC61_consensus_vsearch	2605	A	*/-G	187	8	4.08%	2	1	93	93	0.0036305010705765203	1	1	81	106	8	0	-G
F1_BC61_consensus_vsearch	2606	G	G	187	1	0.53%	2	1	93	93	0.4999999999999138	1	1	82	105	0	1	+T
F1_BC61_consensus_vsearch	2607	A	A	196	0	0%	2	0	93	0	1.0	1	0	90	106	0	0	
F1_BC61_consensus_vsearch	2608	T	T	193	2	1.02%	2	1	93	93	0.24935732647820702	1	1	87	106	2	0	+G
F1_BC61_consensus_vsearch	2609	A	A	184	4	2.05%	2	1	93	93	0.06150134048256699	1	1	80	104	4	0	G
F1_BC61_consensus_vsearch	2610	G	G	192	2	1.03%	2	2	93	93	0.2493540051679821	1	1	87	105	1	1	+A
F1_BC61_consensus_vsearch	2611	A	A	194	1	0.51%	2	1	93	93	0.4999999999999138	1	1	88	106	1	0	+GG
F1_BC61_consensus_vsearch	2612	A	A	190	3	1.53%	2	1	93	93	0.12402597402595401	1	1	85	105	3	0	G
F1_BC61_consensus_vsearch	2613	C	C	192	1	0.51%	2	1	93	93	0.4999999999999138	1	1	86	106	1	0	+A
F1_BC61_consensus_vsearch	2614	G	G	191	3	1.53%	2	2	93	93	0.1240310077519331	1	1	88	103	2	1	A
F1_BC61_consensus_vsearch	2615	T	T	193	2	1.03%	2	1	93	93	0.24935732647820702	1	1	90	103	0	2	C
F1_BC61_consensus_vsearch	2616	C	*/-A	180	11	5.61%	2	1	93	93	4.2108036879098717E-4	1	1	74	106	11	0	-A
F1_BC61_consensus_vsearch	2617	A	A	178	4	2.16%	2	2	93	93	0.06146837297681004	1	1	75	103	3	1	G
F1_BC61_consensus_vsearch	2618	A	A	191	3	1.53%	2	1	93	93	0.1240310077519331	1	1	85	106	3	0	+G
F1_BC61_consensus_vsearch	2619	A	A	188	4	2.04%	2	1	93	93	0.061522172652713904	1	1	85	103	4	0	-G
F1_BC61_consensus_vsearch	2620	G	G	191	0	0%	2	0	93	0	1.0	1	0	86	105	0	0	
F1_BC61_consensus_vsearch	2621	A	A	188	6	3.08%	2	2	93	93	0.015024094855898527	1	1	86	102	4	2	G
F1_BC61_consensus_vsearch	2622	C	C	190	3	1.55%	2	1	93	93	0.12402597402595401	1	1	86	104	3	0	+T
F1_BC61_consensus_vsearch	2623	G	G	192	2	1.03%	2	2	93	93	0.2493540051679821	1	1	89	103	1	1	-A
F1_BC61_consensus_vsearch	2624	A	A	188	4	2.07%	2	2	93	93	0.061522172652713904	1	1	87	101	1	3	-T
F1_BC61_consensus_vsearch	2625	T	T	190	2	1.04%	2	1	93	93	0.2493472584856949	1	1	89	101	0	2	C
F1_BC61_consensus_vsearch	2626	T	T	194	2	1.02%	2	1	93	93	0.24936061381078306	1	1	90	104	0	2	C
F1_BC61_consensus_vsearch	2627	A	*/-CTA	183	7	3.57%	2	2	93	93	0.007385343252869138	1	1	82	101	2	5	-CTA
F1_BC61_consensus_vsearch	2628	C	C	182	3	1.6%	2	1	93	93	0.12398373983732354	1	1	85	97	0	3	T
F1_BC61_consensus_vsearch	2629	T	T	182	2	1.06%	2	2	93	93	0.2493188010900035	1	1	86	96	1	1	-AT
F1_BC61_consensus_vsearch	2630	A	A	180	3	1.6%	2	2	93	93	0.12397260273979696	1	1	84	96	1	2	G
F1_BC61_consensus_vsearch	2631	T	T	187	4	2.06%	2	2	93	93	0.06151704651694607	1	1	88	99	1	3	C
F1_BC61_consensus_vsearch	2632	G	G	191	2	1.02%	2	2	93	93	0.24935064935068132	1	1	88	103	1	1	+A
F1_BC61_consensus_vsearch	2633	A	A	195	1	0.51%	2	1	93	93	0.5000000000001412	1	1	90	105	0	1	-T
F1_BC61_consensus_vsearch	2634	T	T	191	2	1.03%	2	2	93	93	0.24935064935068132	1	1	87	104	1	1	-C
F1_BC61_consensus_vsearch	2635	C	C	191	1	0.52%	2	1	93	93	0.5000000000001412	1	1	87	104	1	0	+G
F1_BC61_consensus_vsearch	2636	C	C	191	4	2.04%	2	2	93	93	0.06153723520852315	1	1	86	105	3	1	-T
F1_BC61_consensus_vsearch	2637	T	T	190	1	0.52%	2	1	93	93	0.4999999999999138	1	1	87	103	0	1	A
F1_BC61_consensus_vsearch	2638	T	T	190	3	1.53%	2	1	93	93	0.12402597402595401	1	1	84	106	3	0	-C
F1_BC61_consensus_vsearch	2639	C	C	193	0	0%	2	0	93	0	1.0	1	0	87	106	0	0	
F1_BC61_consensus_vsearch	2640	C	C	192	1	0.51%	2	1	93	93	0.4999999999999138	1	1	88	104	0	1	+G
F1_BC61_consensus_vsearch	2641	G	G	192	2	1.02%	2	1	93	93	0.2493540051679821	1	1	87	105	2	0	+CC
F1_BC61_consensus_vsearch	2642	C	C	192	2	1.02%	2	1	93	93	0.2493540051679821	1	1	89	103	0	2	-A
F1_BC61_consensus_vsearch	2643	A	A	187	4	2.06%	2	1	93	93	0.06151704651694607	1	1	85	102	4	0	G
F1_BC61_consensus_vsearch	2644	G	G	190	2	1.03%	2	1	93	93	0.2493472584856949	1	1	87	103	0	2	+T
F1_BC61_consensus_vsearch	2645	G	G	190	2	1.02%	2	1	93	93	0.2493472584856949	1	1	88	102	0	2	-T
F1_BC61_consensus_vsearch	2646	T	T	187	3	1.55%	2	1	93	93	0.12401055408976878	1	1	90	97	0	3	C
F1_BC61_consensus_vsearch	2647	T	T	191	2	1.02%	2	1	93	93	0.24935064935068132	1	1	90	101	0	2	-C
F1_BC61_consensus_vsearch	2648	C	C	189	2	1.03%	2	1	93	93	0.24934383202100482	1	1	86	103	2	0	+T
F1_BC61_consensus_vsearch	2649	A	A	184	5	2.56%	2	2	93	93	0.030424403183015276	1	1	82	102	3	2	G
F1_BC61_consensus_vsearch	2650	C	C	184	3	1.56%	2	2	93	93	0.12399463806966378	1	1	86	98	1	2	+T
F1_BC61_consensus_vsearch	2651	C	C	185	4	2.05%	2	2	93	93	0.061506631299724945	1	1	88	97	1	3	-T
F1_BC61_consensus_vsearch	2652	T	T	190	1	0.52%	2	1	93	93	0.4999999999999138	1	1	88	102	1	0	-AC
F1_BC61_consensus_vsearch	2653	A	A	189	4	2.05%	2	2	93	93	0.061527245600347336	1	1	84	105	3	1	G
F1_BC61_consensus_vsearch	2654	C	C	188	3	1.54%	2	2	93	93	0.124015748031514	1	1	83	105	2	1	+G
F1_BC61_consensus_vsearch	2655	G	G	191	2	1.04%	2	1	93	93	0.24935064935068132	1	1	85	106	2	0	C
F1_BC61_consensus_vsearch	2656	G	G	188	3	1.53%	2	2	93	93	0.124015748031514	1	1	87	101	1	2	-A
F1_BC61_consensus_vsearch	2657	A	A	191	0	0%	2	0	93	0	1.0	1	0	88	103	0	0	
F1_BC61_consensus_vsearch	2658	A	A	194	0	0%	2	0	93	0	1.0	1	0	89	105	0	0	
F1_BC61_consensus_vsearch	2659	A	A	191	3	1.53%	2	2	93	93	0.1240310077519331	1	1	86	105	2	1	-C
F1_BC61_consensus_vsearch	2660	C	C	190	1	0.52%	2	1	93	93	0.4999999999999138	1	1	86	104	1	0	+AA
F1_BC61_consensus_vsearch	2661	C	C	184	6	3.06%	2	1	93	93	0.015011512916161563	1	1	86	98	0	6	+T
F1_BC61_consensus_vsearch	2662	T	T	189	2	1.05%	2	1	93	93	0.24934383202100482	1	1	86	103	0	2	C
F1_BC61_consensus_vsearch	2663	T	T	188	2	1.04%	2	1	93	93	0.2493403693931866	1	1	84	104	2	0	+A
F1_BC61_consensus_vsearch	2664	G	G	187	3	1.54%	2	1	93	93	0.12401055408976878	1	1	82	105	3	0	A
F1_BC61_consensus_vsearch	2665	T	T	186	3	1.54%	2	2	93	93	0.1240053050397967	1	1	84	102	1	2	A
F1_BC61_consensus_vsearch	2666	T	T	188	2	1.02%	2	2	93	93	0.2493403693931866	1	1	86	102	1	1	+G
F1_BC61_consensus_vsearch	2667	A	A	186	3	1.55%	2	2	93	93	0.1240053050397967	1	1	83	103	2	1	G
F1_BC61_consensus_vsearch	2668	C	C	181	4	2.06%	2	2	93	93	0.06148512438803467	1	1	80	101	3	1	T
F1_BC61_consensus_vsearch	2669	G	G	189	2	1.04%	2	1	93	93	0.24934383202100482	1	1	85	104	2	0	-A
F1_BC61_consensus_vsearch	2670	A	A	189	1	0.52%	2	1	93	93	0.5000000000001412	1	1	85	104	1	0	+G
F1_BC61_consensus_vsearch	2671	C	Y	175	13	6.67%	2	2	93	93	9.8491958578274E-5	1	1	85	90	1	12	T
F1_BC61_consensus_vsearch	2672	T	T	183	4	2.07%	2	1	93	93	0.061495993004889796	1	1	84	99	0	4	+C
F1_BC61_consensus_vsearch	2673	T	T	188	3	1.54%	2	2	93	93	0.124015748031514	1	1	86	102	1	2	C
F1_BC61_consensus_vsearch	2674	G	G	187	3	1.55%	2	1	93	93	0.12401055408976878	1	1	83	104	3	0	-TA
F1_BC61_consensus_vsearch	2675	T	T	185	3	1.56%	2	2	93	93	0.12399999999998497	1	1	86	99	1	2	C
F1_BC61_consensus_vsearch	2676	A	A	181	4	2.09%	2	1	93	93	0.06148512438803467	1	1	83	98	4	0	G
F1_BC61_consensus_vsearch	2677	C	C	177	6	3.14%	2	1	93	93	0.014988178616270897	1	1	89	88	0	6	+T
F1_BC61_consensus_vsearch	2678	T	T	188	2	1.05%	2	1	93	93	0.2493403693931866	1	1	89	99	0	2	C
F1_BC61_consensus_vsearch	2679	T	*/-C	173	10	5.13%	2	2	93	93	8.60743791896823E-4	1	1	84	89	2	8	-C
F1_BC61_consensus_vsearch	2680	C	C	179	1	0.55%	2	1	93	93	0.5000000000001412	1	1	87	92	1	0	+T
F1_BC61_consensus_vsearch	2681	C	C	185	3	1.56%	2	2	93	93	0.12399999999998497	1	1	89	96	1	2	-T
F1_BC61_consensus_vsearch	2682	T	T	184	4	2.11%	2	2	93	93	0.06150134048256699	1	1	85	99	3	1	+C
F1_BC61_consensus_vsearch	2683	C	*/+T	178	10	5.15%	2	1	93	93	8.637144208672183E-4	1	1	89	89	0	10	+T
F1_BC61_consensus_vsearch	2684	T	*/+A	170	11	5.82%	2	1	93	93	4.1754670259895105E-4	1	1	88	82	0	11	+A
F1_BC61_consensus_vsearch	2685	A	A	186	1	0.53%	2	1	93	93	0.4999999999999138	1	1	89	97	0	1	+G
F1_BC61_consensus_vsearch	2686	A	A	189	2	1.04%	2	2	93	93	0.24934383202100482	1	1	89	100	1	1	G
F1_BC61_consensus_vsearch	2687	A	A	190	3	1.54%	2	1	93	93	0.12402597402595401	1	1	89	101	0	3	G
F1_BC61_consensus_vsearch	2688	T	T	186	3	1.55%	2	1	93	93	0.1240053050397967	1	1	90	96	0	3	-G
F1_BC61_consensus_vsearch	2689	G	G	191	1	0.52%	2	1	93	93	0.5000000000001412	1	1	90	101	0	1	C
F1_BC61_consensus_vsearch	2690	G	G	196	0	0%	2	0	93	0	1.0	1	0	90	106	0	0	
F1_BC61_consensus_vsearch	2691	C	C	194	2	1.02%	2	1	93	93	0.24936061381078306	1	1	90	104	0	2	T
F1_BC61_consensus_vsearch	2692	C	C	191	2	1.02%	2	2	93	93	0.24935064935068132	1	1	87	104	1	1	+G
F1_BC61_consensus_vsearch	2693	G	G	195	0	0%	2	0	93	0	1.0	1	0	89	106	0	0	
F1_BC61_consensus_vsearch	2694	A	A	194	1	0.51%	2	1	93	93	0.4999999999999138	1	1	89	105	0	1	-G
F1_BC61_consensus_vsearch	2695	G	G	194	1	0.51%	2	1	93	93	0.4999999999999138	1	1	89	105	1	0	+AG
F1_BC61_consensus_vsearch	2696	T	T	193	2	1.02%	2	1	93	93	0.24935732647820702	1	1	90	103	0	2	C
F1_BC61_consensus_vsearch	2697	T	T	192	2	1.02%	2	1	93	93	0.2493540051679821	1	1	90	102	0	2	-C
F1_BC61_consensus_vsearch	2698	C	C	182	6	3.11%	2	1	93	93	0.015005022293196836	1	1	84	98	6	0	-GA
F1_BC61_consensus_vsearch	2699	G	*/-A	177	7	3.72%	2	1	93	93	0.007371570136883838	1	1	76	101	7	0	-A
F1_BC61_consensus_vsearch	2700	A	A	177	1	0.56%	2	1	93	93	0.4999999999999138	1	1	75	102	1	0	+G
F1_BC61_consensus_vsearch	2701	A	A	185	5	2.6%	2	2	93	93	0.030428742397642147	1	1	86	99	3	2	-G
F1_BC61_consensus_vsearch	2702	G	G	185	1	0.53%	2	1	93	93	0.5000000000001412	1	1	85	100	1	0	+A
F1_BC61_consensus_vsearch	2703	G	G	194	1	0.51%	2	1	93	93	0.4999999999999138	1	1	90	104	0	1	T
F1_BC61_consensus_vsearch	2704	T	T	187	6	3.06%	2	1	93	93	0.015020997998324731	1	1	90	97	0	6	C
F1_BC61_consensus_vsearch	2705	G	G	182	5	2.58%	2	2	93	93	0.030415585729470396	1	1	82	100	4	1	-T
F1_BC61_consensus_vsearch	2706	T	T	182	5	2.65%	2	2	93	93	0.030415585729470396	1	1	84	98	2	3	C
F1_BC61_consensus_vsearch	2707	T	T	193	2	1.02%	2	1	93	93	0.24935732647820702	1	1	90	103	0	2	C
F1_BC61_consensus_vsearch	2708	T	T	191	2	1.02%	2	1	93	93	0.24935064935068132	1	1	89	102	0	2	A
F1_BC61_consensus_vsearch	2709	G	*/+C	81	90	46.39%	2	2	93	93	7.358711080080877E-35	1	1	29	52	51	39	+C
F1_BC61_consensus_vsearch	2710	C	*/+TC	165	11	5.7%	2	1	93	93	4.1563705559920753E-4	1	1	87	78	0	11	+TC
F1_BC61_consensus_vsearch	2711	C	C	186	3	1.55%	2	1	93	93	0.1240053050397967	1	1	87	99	0	3	T
F1_BC61_consensus_vsearch	2712	C	*/+T	155	25	12.76%	2	2	93	93	1.2177675942574004E-8	1	1	84	71	1	24	+T
F1_BC61_consensus_vsearch	2713	G	G	185	4	2.11%	2	1	93	93	0.061506631299724945	1	1	82	103	4	0	A
F1_BC61_consensus_vsearch	2714	C	C	194	0	0%	2	0	93	0	1.0	1	0	88	106	0	0	
F1_BC61_consensus_vsearch	2715	A	*/-T	184	8	4.08%	2	1	93	93	0.0036262674855563662	1	1	88	96	0	8	-T
F1_BC61_consensus_vsearch	2716	T	T	185	1	0.53%	2	1	93	93	0.5000000000001412	1	1	89	96	1	0	+C
F1_BC61_consensus_vsearch	2717	C	C	195	0	0%	2	0	93	0	1.0	1	0	90	105	0	0	
F1_BC61_consensus_vsearch	2718	G	G	192	2	1.03%	2	2	93	93	0.2493540051679821	1	1	89	103	1	1	-CG
F1_BC61_consensus_vsearch	2719	C	C	186	4	2.06%	2	1	93	93	0.061511866352189214	1	1	85	101	0	4	-G
F1_BC61_consensus_vsearch	2720	G	G	188	2	1.05%	2	1	93	93	0.2493403693931866	1	1	87	101	2	0	-A
F1_BC61_consensus_vsearch	2721	A	A	187	3	1.55%	2	2	93	93	0.12401055408976878	1	1	85	102	1	2	G
F1_BC61_consensus_vsearch	2722	C	C	193	1	0.51%	2	1	93	93	0.4999999999999138	1	1	89	104	0	1	+T
F1_BC61_consensus_vsearch	2723	C	C	193	1	0.51%	2	1	93	93	0.4999999999999138	1	1	88	105	0	1	+TTC
F1_BC61_consensus_vsearch	2724	A	A	195	1	0.51%	2	1	93	93	0.5000000000001412	1	1	89	106	1	0	-G
F1_BC61_consensus_vsearch	2725	G	G	193	2	1.03%	2	1	93	93	0.24935732647820702	1	1	87	106	2	0	A
F1_BC61_consensus_vsearch	2726	C	C	187	5	2.55%	2	1	93	93	0.030437285417662132	1	1	87	100	0	5	-AA
F1_BC61_consensus_vsearch	2727	A	A	189	1	0.53%	2	1	93	93	0.5000000000001412	1	1	89	100	1	0	C
F1_BC61_consensus_vsearch	2728	A	A	184	4	2.09%	2	2	93	93	0.06150134048256699	1	1	89	95	1	3	G
F1_BC61_consensus_vsearch	2729	G	R	182	14	7.14%	2	1	93	93	4.7989238973389496E-5	1	1	76	106	14	0	A
F1_BC61_consensus_vsearch	2730	C	C	195	1	0.51%	2	1	93	93	0.5000000000001412	1	1	89	106	1	0	T
F1_BC61_consensus_vsearch	2731	C	Y	186	8	4.08%	2	1	93	93	0.0036291041675517713	1	1	90	96	0	8	T
F1_BC61_consensus_vsearch	2732	G	G	190	4	2.04%	2	2	93	93	0.061532266183381874	1	1	86	104	3	1	A
F1_BC61_consensus_vsearch	2733	G	G	195	1	0.51%	2	1	93	93	0.5000000000001412	1	1	90	105	0	1	A
F1_BC61_consensus_vsearch	2734	C	C	193	1	0.51%	2	1	93	93	0.4999999999999138	1	1	88	105	1	0	-G
F1_BC61_consensus_vsearch	2735	G	G	193	1	0.51%	2	1	93	93	0.4999999999999138	1	1	89	104	0	1	+TG
F1_BC61_consensus_vsearch	2736	C	C	194	1	0.51%	2	1	93	93	0.4999999999999138	1	1	89	105	1	0	A
F1_BC61_consensus_vsearch	2737	G	*/-CGCG	185	7	3.57%	2	1	93	93	0.007389745092191117	1	1	89	96	0	7	-CGCG
F1_BC61_consensus_vsearch	2738	C	C	184	3	1.59%	2	1	93	93	0.12399463806966378	1	1	88	96	0	3	T
F1_BC61_consensus_vsearch	2739	G	*/-CG	140	30	16.04%	2	2	93	93	2.2895569311252047E-10	1	1	71	69	5	25	-CG
F1_BC61_consensus_vsearch	2740	C	C	138	5	3.33%	2	2	93	93	0.030159320562882234	1	1	75	63	1	4	+G
F1_BC61_consensus_vsearch	2741	G	G	136	5	3.33%	2	2	93	93	0.030143879386220544	1	1	73	63	1	4	+CG
F1_BC61_consensus_vsearch	2742	G	*/-A	152	33	17.19%	2	1	93	93	2.4295639837957557E-11	1	1	50	102	33	0	-A
F1_BC61_consensus_vsearch	2743	A	A	152	2	1.27%	2	2	93	93	0.24918566775242354	1	1	48	104	1	1	-G
F1_BC61_consensus_vsearch	2744	G	G	180	3	1.6%	2	1	93	93	0.12397260273979696	1	1	78	102	3	0	A
F1_BC61_consensus_vsearch	2745	C	C	179	6	3.11%	2	2	93	93	0.014995024721629802	1	1	87	92	1	5	-T
F1_BC61_consensus_vsearch	2746	T	*/-C	160	16	8.47%	2	2	93	93	1.0680484434952118E-5	1	1	65	95	12	4	-C
F1_BC61_consensus_vsearch	2747	C	C	175	2	1.12%	2	1	93	93	0.2492917847025028	1	1	76	99	0	2	T
F1_BC61_consensus_vsearch	2748	C	C	187	5	2.55%	2	2	93	93	0.030437285417662132	1	1	87	100	2	3	-T
F1_BC61_consensus_vsearch	2749	T	T	183	3	1.57%	2	1	93	93	0.12398921832883274	1	1	82	101	3	0	+G
F1_BC61_consensus_vsearch	2750	A	*/+C	94	43	22.16%	2	2	93	93	2.2492794444054906E-15	1	1	44	50	30	13	+C
F1_BC61_consensus_vsearch	2751	C	*/+T	140	7	4.67%	2	1	93	93	0.00726214740331066	1	1	84	56	0	7	+T
F1_BC61_consensus_vsearch	2752	C	C	178	2	1.09%	2	1	93	93	0.24930362117001986	1	1	87	91	0	2	T
F1_BC61_consensus_vsearch	2753	C	C	195	1	0.51%	2	1	93	93	0.5000000000001412	1	1	90	105	0	1	T
F1_BC61_consensus_vsearch	2754	C	C	195	1	0.51%	2	1	93	93	0.5000000000001412	1	1	90	105	0	1	T
F1_BC61_consensus_vsearch	2755	T	T	190	3	1.53%	2	1	93	93	0.12402597402595401	1	1	88	102	0	3	-C
F1_BC61_consensus_vsearch	2756	C	C	189	4	2.07%	2	1	93	93	0.061527245600347336	1	1	86	103	4	0	-A
F1_BC61_consensus_vsearch	2757	A	A	188	2	1.04%	2	1	93	93	0.2493403693931866	1	1	82	106	2	0	+C
F1_BC61_consensus_vsearch	2758	C	C	192	4	2.04%	2	1	93	93	0.061542153465828975	1	1	86	106	4	0	G
F1_BC61_consensus_vsearch	2759	C	C	190	2	1.02%	2	2	93	93	0.2493472584856949	1	1	86	104	1	1	+G
F1_BC61_consensus_vsearch	2760	G	G	188	6	3.09%	2	2	93	93	0.015024094855898527	1	1	86	102	3	3	-A
F1_BC61_consensus_vsearch	2761	A	A	187	2	1.05%	2	2	93	93	0.24933687002661706	1	1	85	102	1	1	G
F1_BC61_consensus_vsearch	2762	G	G	189	2	1.03%	2	1	93	93	0.24934383202100482	1	1	86	103	2	0	+AG
F1_BC61_consensus_vsearch	2763	C	C	193	2	1.02%	2	1	93	93	0.24935732647820702	1	1	89	104	0	2	T
F1_BC61_consensus_vsearch	2764	C	C	196	0	0%	2	0	93	0	1.0	1	0	90	106	0	0	
F1_BC61_consensus_vsearch	2765	A	A	194	1	0.51%	2	1	93	93	0.4999999999999138	1	1	90	104	0	1	+C
F1_BC61_consensus_vsearch	2766	T	T	188	5	2.56%	2	1	93	93	0.030441490624263247	1	1	90	98	0	5	+C
F1_BC61_consensus_vsearch	2767	T	*/-C	187	7	3.57%	2	1	93	93	0.007394057154213738	1	1	89	98	0	7	-C
F1_BC61_consensus_vsearch	2768	C	C	189	0	0%	2	0	93	0	1.0	1	0	90	99	0	0	
F1_BC61_consensus_vsearch	2769	G	G	195	1	0.51%	2	1	93	93	0.5000000000001412	1	1	89	106	1	0	-A
F1_BC61_consensus_vsearch	2770	A	A	192	2	1.03%	2	2	93	93	0.2493540051679821	1	1	88	104	1	1	G
F1_BC61_consensus_vsearch	2771	T	T	190	3	1.54%	2	1	93	93	0.12402597402595401	1	1	85	105	3	0	+CC
F1_BC61_consensus_vsearch	2772	C	*/+G	175	11	5.64%	2	2	93	93	4.1935871135675344E-4	1	1	78	97	5	6	+G
F1_BC61_consensus_vsearch	2773	G	G	187	2	1.05%	2	1	93	93	0.24933687002661706	1	1	84	103	2	0	A
F1_BC61_consensus_vsearch	2774	G	G	187	4	2.04%	2	2	93	93	0.06151704651694607	1	1	86	101	3	1	-A
F1_BC61_consensus_vsearch	2775	A	A	188	1	0.52%	2	1	93	93	0.5000000000001412	1	1	86	102	0	1	C
F1_BC61_consensus_vsearch	2776	A	A	193	1	0.51%	2	1	93	93	0.4999999999999138	1	1	89	104	0	1	+GC
F1_BC61_consensus_vsearch	2777	A	A	190	5	2.55%	2	1	93	93	0.03044977182598529	1	1	85	105	5	0	G
F1_BC61_consensus_vsearch	2778	T	T	193	1	0.51%	2	1	93	93	0.4999999999999138	1	1	89	104	0	1	-AAC
F1_BC61_consensus_vsearch	2779	A	A	193	1	0.51%	2	1	93	93	0.4999999999999138	1	1	90	103	0	1	+C
F1_BC61_consensus_vsearch	2780	A	A	194	1	0.51%	2	1	93	93	0.4999999999999138	1	1	90	104	0	1	C
F1_BC61_consensus_vsearch	2781	C	C	192	2	1.03%	2	2	93	93	0.2493540051679821	1	1	89	103	1	1	-G
F1_BC61_consensus_vsearch	2782	G	G	193	1	0.52%	2	1	93	93	0.4999999999999138	1	1	89	104	0	1	C
F1_BC61_consensus_vsearch	2783	A	A	195	1	0.51%	2	1	93	93	0.5000000000001412	1	1	89	106	1	0	+T
F1_BC61_consensus_vsearch	2784	C	C	189	5	2.55%	2	1	93	93	0.030445652538661657	1	1	89	100	0	5	-G
F1_BC61_consensus_vsearch	2785	G	G	183	6	3.14%	2	1	93	93	0.015008284680098535	1	1	82	101	6	0	A
F1_BC61_consensus_vsearch	2786	G	G	193	2	1.02%	2	1	93	93	0.24935732647820702	1	1	87	106	2	0	A
F1_BC61_consensus_vsearch	2787	G	G	196	0	0%	2	0	93	0	1.0	1	0	90	106	0	0	
F1_BC61_consensus_vsearch	2788	C	C	190	3	1.53%	2	1	93	93	0.12402597402595401	1	1	84	106	3	0	+G
F1_BC61_consensus_vsearch	2789	G	R	184	10	5.1%	2	1	93	93	8.670842550026666E-4	1	1	79	105	10	0	A
F1_BC61_consensus_vsearch	2790	G	G	192	2	1.02%	2	2	93	93	0.2493540051679821	1	1	88	104	1	1	A
F1_BC61_consensus_vsearch	2791	T	T	191	2	1.03%	2	1	93	93	0.24935064935068132	1	1	88	103	0	2	-GTGT
F1_BC61_consensus_vsearch	2792	G	G	192	1	0.52%	2	1	93	93	0.4999999999999138	1	1	90	102	0	1	-T
F1_BC61_consensus_vsearch	2793	T	*/-GT	168	21	10.94%	2	2	93	93	2.649235938143043E-7	1	1	84	84	5	16	-GT
F1_BC61_consensus_vsearch	2794	G	G	166	3	1.73%	2	1	93	93	0.12388724035606233	1	1	83	83	0	3	+C
F1_BC61_consensus_vsearch	2795	T	T	161	6	3.47%	2	2	93	93	0.014927543821286545	1	1	83	78	2	4	C
F1_BC61_consensus_vsearch	2796	A	A	184	5	2.55%	2	2	93	93	0.030424403183015276	1	1	86	98	1	4	-C
F1_BC61_consensus_vsearch	2797	C	*/+A	55	125	65.45%	2	2	93	93	2.1163352413585747E-53	1	1	49	6	37	88	+A
F1_BC61_consensus_vsearch	2798	A	A	186	3	1.56%	2	2	93	93	0.1240053050397967	1	1	86	100	1	2	+G
F1_BC61_consensus_vsearch	2799	A	A	189	2	1.03%	2	1	93	93	0.24934383202100482	1	1	86	103	2	0	+G
F1_BC61_consensus_vsearch	2800	G	G	178	6	3.08%	2	2	93	93	0.014991620166021489	1	1	81	97	3	3	A
F1_BC61_consensus_vsearch	2801	G	*/+A	182	9	4.59%	2	1	93	93	0.001773645426870732	1	1	78	104	9	0	+A
F1_BC61_consensus_vsearch	2802	G	G	188	3	1.53%	2	1	93	93	0.124015748031514	1	1	84	104	3	0	+AG
F1_BC61_consensus_vsearch	2803	C	C	186	3	1.55%	2	1	93	93	0.1240053050397967	1	1	84	102	0	3	T
F1_BC61_consensus_vsearch	2804	A	*/-G	123	42	21.76%	2	2	93	93	1.1379631287661538E-14	1	1	70	53	9	33	-G
F1_BC61_consensus_vsearch	2805	G	G	146	1	0.67%	2	1	93	93	0.5000000000001412	1	1	80	66	0	1	+T
F1_BC61_consensus_vsearch	2806	G	G	189	2	1.05%	2	1	93	93	0.24934383202100482	1	1	88	101	2	0	A
F1_BC61_consensus_vsearch	2807	G	G	195	1	0.51%	2	1	93	93	0.5000000000001412	1	1	89	106	1	0	A
F1_BC61_consensus_vsearch	2808	A	*/+T	176	9	4.59%	2	2	93	93	0.001767978203561041	1	1	88	88	1	8	+T
F1_BC61_consensus_vsearch	2809	C	Y	168	12	6.25%	2	2	93	93	2.0201205851976917E-4	1	1	81	87	1	11	T
F1_BC61_consensus_vsearch	2810	G	G	181	6	3.14%	2	2	93	93	0.015001725210740429	1	1	85	96	2	4	T
F1_BC61_consensus_vsearch	2811	T	T	182	4	2.12%	2	1	93	93	0.061490587951709585	1	1	85	97	0	4	C
F1_BC61_consensus_vsearch	2812	A	A	183	4	2.08%	2	2	93	93	0.061495993004889796	1	1	86	97	1	3	-T
F1_BC61_consensus_vsearch	2813	T	Y	179	7	3.68%	2	1	93	93	0.007376258791632204	1	1	87	92	0	7	C
F1_BC61_consensus_vsearch	2814	T	Y	183	8	4.1%	2	2	93	93	0.003624827265843605	1	1	87	96	1	7	C
F1_BC61_consensus_vsearch	2815	C	C	184	3	1.57%	2	1	93	93	0.12399463806966378	1	1	88	96	0	3	+T
F1_BC61_consensus_vsearch	2816	A	A	186	6	3.08%	2	1	93	93	0.015017869058322414	1	1	89	97	0	6	-T
F1_BC61_consensus_vsearch	2817	T	T	183	3	1.58%	2	2	93	93	0.12398921832883274	1	1	88	95	1	2	-C
F1_BC61_consensus_vsearch	2818	C	C	191	2	1.04%	2	1	93	93	0.24935064935068132	1	1	89	102	0	2	-G
F1_BC61_consensus_vsearch	2819	G	G	189	5	2.58%	2	1	93	93	0.030445652538661657	1	1	90	99	0	5	-TG
F1_BC61_consensus_vsearch	2820	T	T	185	3	1.57%	2	2	93	93	0.12399999999998497	1	1	87	98	2	1	+G
F1_BC61_consensus_vsearch	2821	G	G	185	3	1.58%	2	2	93	93	0.12399999999998497	1	1	86	99	2	1	-A
F1_BC61_consensus_vsearch	2822	A	A	188	2	1.04%	2	1	93	93	0.2493403693931866	1	1	86	102	0	2	-GT
F1_BC61_consensus_vsearch	2823	G	G	188	2	1.04%	2	1	93	93	0.2493403693931866	1	1	88	100	0	2	-T
F1_BC61_consensus_vsearch	2824	T	T	189	3	1.56%	2	1	93	93	0.12402088772842607	1	1	90	99	0	3	C
F1_BC61_consensus_vsearch	2825	T	T	193	2	1.02%	2	1	93	93	0.24935732647820702	1	1	90	103	0	2	C
F1_BC61_consensus_vsearch	2826	G	G	194	1	0.51%	2	1	93	93	0.4999999999999138	1	1	90	104	0	1	-A
F1_BC61_consensus_vsearch	2827	A	A	189	5	2.56%	2	2	93	93	0.030445652538661657	1	1	89	100	1	4	G
F1_BC61_consensus_vsearch	2828	T	T	194	1	0.51%	2	1	93	93	0.4999999999999138	1	1	90	104	0	1	C
F1_BC61_consensus_vsearch	2829	G	G	193	1	0.51%	2	1	93	93	0.4999999999999138	1	1	89	104	1	0	A
F1_BC61_consensus_vsearch	2830	A	A	192	3	1.53%	2	2	93	93	0.12403598971719802	1	1	89	103	1	2	G
F1_BC61_consensus_vsearch	2831	C	C	189	5	2.56%	2	1	93	93	0.030445652538661657	1	1	90	99	0	5	-T
F1_BC61_consensus_vsearch	2832	T	T	185	3	1.57%	2	1	93	93	0.12399999999998497	1	1	89	96	0	3	-C
F1_BC61_consensus_vsearch	2833	C	C	185	5	2.59%	2	1	93	93	0.030428742397642147	1	1	85	100	5	0	-AC
F1_BC61_consensus_vsearch	2834	A	A	189	2	1.05%	2	1	93	93	0.24934383202100482	1	1	85	104	0	2	G
F1_BC61_consensus_vsearch	2835	C	C	190	1	0.52%	2	1	93	93	0.4999999999999138	1	1	84	106	1	0	+AC
F1_BC61_consensus_vsearch	2836	G	G	194	2	1.02%	2	1	93	93	0.24936061381078306	1	1	88	106	2	0	-A
F1_BC61_consensus_vsearch	2837	A	A	191	3	1.55%	2	2	93	93	0.1240310077519331	1	1	87	104	1	2	-T
F1_BC61_consensus_vsearch	2838	T	T	190	2	1.04%	2	2	93	93	0.2493472584856949	1	1	87	103	1	1	C
F1_BC61_consensus_vsearch	2839	T	T	192	2	1.02%	2	1	93	93	0.2493540051679821	1	1	90	102	0	2	C
F1_BC61_consensus_vsearch	2840	A	R	187	7	3.57%	2	2	93	93	0.007394057154213738	1	1	85	102	4	3	G
F1_BC61_consensus_vsearch	2841	C	*/+A	184	8	4.1%	2	1	93	93	0.0036262674855563662	1	1	80	104	8	0	+A
F1_BC61_consensus_vsearch	2842	A	A	185	5	2.6%	2	1	93	93	0.030428742397642147	1	1	82	103	5	0	+G
F1_BC61_consensus_vsearch	2843	A	A	189	6	3.06%	2	2	93	93	0.01502716012190595	1	1	86	103	3	3	-G
F1_BC61_consensus_vsearch	2844	G	G	181	4	2.11%	2	1	93	93	0.06148512438803467	1	1	79	102	4	0	+A
F1_BC61_consensus_vsearch	2845	G	G	191	3	1.53%	2	1	93	93	0.1240310077519331	1	1	86	105	3	0	A
F1_BC61_consensus_vsearch	2846	C	C	191	4	2.05%	2	2	93	93	0.06153723520852315	1	1	88	103	1	3	T
F1_BC61_consensus_vsearch	2847	A	A	190	4	2.04%	2	1	93	93	0.061532266183381874	1	1	89	101	0	4	+T
F1_BC61_consensus_vsearch	2848	T	*/+C	184	8	4.08%	2	1	93	93	0.0036262674855563662	1	1	87	97	0	8	+C
F1_BC61_consensus_vsearch	2849	T	*/-C	183	7	3.57%	2	2	93	93	0.007385343252869138	1	1	87	96	2	5	-C
F1_BC61_consensus_vsearch	2850	C	C	186	1	0.53%	2	1	93	93	0.4999999999999138	1	1	88	98	0	1	+T
F1_BC61_consensus_vsearch	2851	C	C	191	3	1.53%	2	1	93	93	0.1240310077519331	1	1	89	102	0	3	T
F1_BC61_consensus_vsearch	2852	A	A	189	2	1.03%	2	1	93	93	0.24934383202100482	1	1	87	102	0	2	+G
F1_BC61_consensus_vsearch	2853	T	T	191	5	2.55%	2	2	93	93	0.030453849137731474	1	1	88	103	2	3	C
F1_BC61_consensus_vsearch	2854	G	G	195	1	0.51%	2	1	93	93	0.5000000000001412	1	1	90	105	0	1	-T
F1_BC61_consensus_vsearch	2855	T	T	188	5	2.56%	2	1	93	93	0.030441490624263247	1	1	90	98	0	5	C
F1_BC61_consensus_vsearch	2856	T	T	192	2	1.02%	2	1	93	93	0.2493540051679821	1	1	89	103	0	2	-C
F1_BC61_consensus_vsearch	2857	C	*/-A	186	7	3.61%	2	1	93	93	0.007391912172859777	1	1	82	104	7	0	-A
F1_BC61_consensus_vsearch	2858	A	A	183	4	2.13%	2	2	93	93	0.061495993004889796	1	1	80	103	2	2	G
F1_BC61_consensus_vsearch	2859	C	Y	183	8	4.1%	2	2	93	93	0.003624827265843605	1	1	81	102	7	1	T
F1_BC61_consensus_vsearch	2860	G	G	191	3	1.54%	2	2	93	93	0.1240310077519331	1	1	86	105	2	1	-A
F1_BC61_consensus_vsearch	2861	A	A	187	5	2.59%	2	1	93	93	0.030437285417662132	1	1	82	105	5	0	-G
F1_BC61_consensus_vsearch	2862	G	G	190	1	0.52%	2	1	93	93	0.4999999999999138	1	1	85	105	0	1	+T
F1_BC61_consensus_vsearch	2863	C	C	193	3	1.53%	2	2	93	93	0.12404092071614016	1	1	89	104	1	2	T
F1_BC61_consensus_vsearch	2864	A	A	190	3	1.53%	2	1	93	93	0.12402597402595401	1	1	85	105	3	0	G
F1_BC61_consensus_vsearch	2865	C	C	194	1	0.51%	2	1	93	93	0.4999999999999138	1	1	88	106	1	0	+G
F1_BC61_consensus_vsearch	2866	A	A	188	5	2.56%	2	1	93	93	0.030441490624263247	1	1	83	105	5	0	G
F1_BC61_consensus_vsearch	2867	G	G	194	0	0%	2	0	93	0	1.0	1	0	89	105	0	0	
F1_BC61_consensus_vsearch	2868	T	T	192	2	1.03%	2	1	93	93	0.2493540051679821	1	1	90	102	0	2	C
F1_BC61_consensus_vsearch	2869	T	*/-C	173	19	9.69%	2	1	93	93	1.1944226389711712E-6	1	1	69	104	19	0	-C
F1_BC61_consensus_vsearch	2870	C	C	176	1	0.56%	2	1	93	93	0.4999999999999138	1	1	70	106	1	0	T
F1_BC61_consensus_vsearch	2871	C	C	194	1	0.51%	2	1	93	93	0.4999999999999138	1	1	89	105	0	1	-A
F1_BC61_consensus_vsearch	2872	A	A	190	4	2.05%	2	1	93	93	0.061532266183381874	1	1	86	104	4	0	G
F1_BC61_consensus_vsearch	2873	G	G	195	0	0%	2	0	93	0	1.0	1	0	90	105	0	0	
F1_BC61_consensus_vsearch	2874	T	T	192	4	2.04%	2	2	93	93	0.061542153465828975	1	1	88	104	2	2	C
F1_BC61_consensus_vsearch	2875	G	G	191	2	1.02%	2	1	93	93	0.24935064935068132	1	1	90	101	0	2	+C
F1_BC61_consensus_vsearch	2876	C	C	192	2	1.03%	2	2	93	93	0.2493540051679821	1	1	89	103	1	1	-T
F1_BC61_consensus_vsearch	2877	T	T	185	3	1.55%	2	1	93	93	0.12399999999998497	1	1	85	100	3	0	+C
F1_BC61_consensus_vsearch	2878	C	C	190	2	1.04%	2	1	93	93	0.2493472584856949	1	1	89	101	0	2	+G
F1_BC61_consensus_vsearch	2879	G	G	195	1	0.51%	2	1	93	93	0.5000000000001412	1	1	89	106	1	0	-A
F1_BC61_consensus_vsearch	2880	A	A	194	1	0.51%	2	1	93	93	0.4999999999999138	1	1	88	106	1	0	G
F1_BC61_consensus_vsearch	2881	T	*/-C	146	45	22.96%	2	2	93	93	1.4997053293356863E-15	1	1	72	74	15	30	-C
F1_BC61_consensus_vsearch	2882	C	*/+T	142	8	5.3%	2	1	93	93	0.003549622192432461	1	1	75	67	0	8	+T
F1_BC61_consensus_vsearch	2883	C	C	191	3	1.53%	2	1	93	93	0.1240310077519331	1	1	89	102	0	3	T
F1_BC61_consensus_vsearch	2884	C	Y	163	31	15.82%	2	1	93	93	1.2661863826539118E-10	1	1	88	75	0	31	T
F1_BC61_consensus_vsearch	2885	C	C	192	2	1.02%	2	1	93	93	0.2493540051679821	1	1	87	105	2	0	T
F1_BC61_consensus_vsearch	2886	A	A	187	2	1.02%	2	1	93	93	0.24933687002661706	1	1	84	103	2	0	-GC
F1_BC61_consensus_vsearch	2887	G	R	184	9	4.66%	2	1	93	93	0.0017754582364345615	1	1	79	105	9	0	A
F1_BC61_consensus_vsearch	2888	C	C	188	3	1.55%	2	1	93	93	0.124015748031514	1	1	82	106	3	0	-A
F1_BC61_consensus_vsearch	2889	A	A	189	1	0.52%	2	1	93	93	0.5000000000001412	1	1	83	106	1	0	+TG
F1_BC61_consensus_vsearch	2890	C	C	188	2	1.03%	2	1	93	93	0.2493403693931866	1	1	82	106	2	0	+A
F1_BC61_consensus_vsearch	2891	G	G	191	4	2.04%	2	1	93	93	0.06153723520852315	1	1	86	105	4	0	-A
F1_BC61_consensus_vsearch	2892	A	A	192	0	0%	2	0	93	0	1.0	1	0	86	106	0	0	
F1_BC61_consensus_vsearch	2893	T	T	193	1	0.51%	2	1	93	93	0.4999999999999138	1	1	88	105	0	1	+G
F1_BC61_consensus_vsearch	2894	G	G	192	2	1.03%	2	1	93	93	0.2493540051679821	1	1	87	105	2	0	A
F1_BC61_consensus_vsearch	2895	C	C	194	1	0.51%	2	1	93	93	0.4999999999999138	1	1	89	105	1	0	-A
F1_BC61_consensus_vsearch	2896	A	A	194	1	0.51%	2	1	93	93	0.4999999999999138	1	1	88	106	1	0	G
F1_BC61_consensus_vsearch	2897	G	G	183	5	2.55%	2	1	93	93	0.030420017873106126	1	1	88	95	0	5	-C
F1_BC61_consensus_vsearch	2898	C	C	188	1	0.52%	2	1	93	93	0.5000000000001412	1	1	89	99	0	1	+T
F1_BC61_consensus_vsearch	2899	C	C	192	3	1.53%	2	1	93	93	0.12403598971719802	1	1	90	102	0	3	+T
F1_BC61_consensus_vsearch	2900	T	T	194	1	0.51%	2	1	93	93	0.4999999999999138	1	1	89	105	1	0	-C
F1_BC61_consensus_vsearch	2901	C	C	184	6	3.09%	2	1	93	93	0.015011512916161563	1	1	82	102	6	0	-A
F1_BC61_consensus_vsearch	2902	A	A	182	2	1.06%	2	1	93	93	0.2493188010900035	1	1	81	101	0	2	+T
F1_BC61_consensus_vsearch	2903	C	C	184	6	3.09%	2	2	93	93	0.015011512916161563	1	1	82	102	4	2	T
F1_BC61_consensus_vsearch	2904	A	R	179	8	4.15%	2	2	93	93	0.0036189151712300786	1	1	77	102	7	1	G
F1_BC61_consensus_vsearch	2905	G	G	194	0	0%	2	0	93	0	1.0	1	0	90	104	0	0	
F1_BC61_consensus_vsearch	2906	G	G	196	0	0%	2	0	93	0	1.0	1	0	90	106	0	0	
F1_BC61_consensus_vsearch	2907	A	A	194	1	0.51%	2	1	93	93	0.4999999999999138	1	1	90	104	0	1	+G
F1_BC61_consensus_vsearch	2908	T	T	193	2	1.03%	2	1	93	93	0.24935732647820702	1	1	90	103	0	2	C
F1_BC61_consensus_vsearch	2909	T	T	192	2	1.02%	2	1	93	93	0.2493540051679821	1	1	90	102	0	2	C
F1_BC61_consensus_vsearch	2910	A	A	194	1	0.51%	2	1	93	93	0.4999999999999138	1	1	89	105	1	0	-C
F1_BC61_consensus_vsearch	2911	C	C	190	3	1.55%	2	1	93	93	0.12402597402595401	1	1	89	101	0	3	+T
F1_BC61_consensus_vsearch	2912	C	C	189	4	2.04%	2	1	93	93	0.061527245600347336	1	1	90	99	0	4	+TC
F1_BC61_consensus_vsearch	2913	C	Y	187	9	4.59%	2	1	93	93	0.001778109859374632	1	1	90	97	0	9	T
F1_BC61_consensus_vsearch	2914	A	A	188	3	1.53%	2	1	93	93	0.124015748031514	1	1	87	101	0	3	+G
F1_BC61_consensus_vsearch	2915	G	*/-C	179	7	3.57%	2	1	93	93	0.007376258791632204	1	1	87	92	0	7	-C
F1_BC61_consensus_vsearch	2916	C	C	180	6	3.17%	2	1	93	93	0.014998392876323086	1	1	90	90	0	6	+T
F1_BC61_consensus_vsearch	2917	C	C	194	1	0.51%	2	1	93	93	0.4999999999999138	1	1	89	105	1	0	+A
F1_BC61_consensus_vsearch	2918	C	*/+T	181	10	5.1%	2	1	93	93	8.654248463553992E-4	1	1	89	92	0	10	+T
F1_BC61_consensus_vsearch	2919	T	T	187	4	2.05%	2	1	93	93	0.06151704651694607	1	1	90	97	0	4	-C
F1_BC61_consensus_vsearch	2920	C	*/-TC	170	9	4.69%	2	2	93	93	0.001761941721127389	1	1	84	86	5	4	-TC
F1_BC61_consensus_vsearch	2921	T	*/+C	163	9	5.03%	2	2	93	93	0.0017543824532390317	1	1	73	90	8	1	+C
F1_BC61_consensus_vsearch	2922	C	*/-GG	163	12	6.42%	2	1	93	93	2.0088438035060612E-4	1	1	81	82	0	12	-GG
F1_BC61_consensus_vsearch	2923	G	R	172	9	4.97%	2	1	93	93	0.0017639971126793845	1	1	81	91	9	0	A
F1_BC61_consensus_vsearch	2924	G	G	183	1	0.54%	2	1	93	93	0.4999999999999138	1	1	90	93	0	1	+A
F1_BC61_consensus_vsearch	2925	G	G	195	1	0.51%	2	1	93	93	0.5000000000001412	1	1	90	105	0	1	-A
F1_BC61_consensus_vsearch	2926	A	A	191	2	1.03%	2	1	93	93	0.24935064935068132	1	1	86	105	2	0	G
F1_BC61_consensus_vsearch	2927	T	T	185	5	2.56%	2	2	93	93	0.030428742397642147	1	1	83	102	1	4	C
F1_BC61_consensus_vsearch	2928	A	A	188	3	1.55%	2	2	93	93	0.124015748031514	1	1	83	105	2	1	-G
F1_BC61_consensus_vsearch	2929	G	G	193	0	0%	2	0	93	0	1.0	1	0	88	105	0	0	
F1_BC61_consensus_vsearch	2930	G	G	195	1	0.51%	2	1	93	93	0.5000000000001412	1	1	90	105	0	1	-TG
F1_BC61_consensus_vsearch	2931	T	T	191	1	0.51%	2	1	93	93	0.5000000000001412	1	1	90	101	0	1	+G
F1_BC61_consensus_vsearch	2932	G	G	193	1	0.52%	2	1	93	93	0.4999999999999138	1	1	90	103	0	1	A
F1_BC61_consensus_vsearch	2933	A	A	194	1	0.51%	2	1	93	93	0.4999999999999138	1	1	89	105	0	1	C
F1_BC61_consensus_vsearch	2934	A	A	194	1	0.51%	2	1	93	93	0.4999999999999138	1	1	90	104	0	1	+C
F1_BC61_consensus_vsearch	2935	T	T	190	3	1.54%	2	2	93	93	0.12402597402595401	1	1	89	101	1	2	C
F1_BC61_consensus_vsearch	2936	G	*/-C	186	8	4.1%	2	2	93	93	0.0036291041675517713	1	1	83	103	7	1	-C
F1_BC61_consensus_vsearch	2937	C	C	186	1	0.53%	2	1	93	93	0.4999999999999138	1	1	83	103	0	1	T
F1_BC61_consensus_vsearch	2938	C	C	193	1	0.51%	2	1	93	93	0.4999999999999138	1	1	89	104	1	0	+A
F1_BC61_consensus_vsearch	2939	C	C	193	2	1.02%	2	1	93	93	0.24935732647820702	1	1	87	106	2	0	-A
F1_BC61_consensus_vsearch	2940	A	A	190	3	1.55%	2	1	93	93	0.12402597402595401	1	1	88	102	0	3	-T
F1_BC61_consensus_vsearch	2941	T	T	191	2	1.04%	2	1	93	93	0.24935064935068132	1	1	88	103	2	0	G
F1_BC61_consensus_vsearch	2942	T	T	194	2	1.02%	2	1	93	93	0.24936061381078306	1	1	90	104	0	2	C
F1_BC61_consensus_vsearch	2943	G	G	192	4	2.04%	2	1	93	93	0.061542153465828975	1	1	90	102	0	4	+T
F1_BC61_consensus_vsearch	2944	T	T	194	1	0.51%	2	1	93	93	0.4999999999999138	1	1	90	104	0	1	-C
F1_BC61_consensus_vsearch	2945	C	C	190	4	2.05%	2	1	93	93	0.061532266183381874	1	1	89	101	0	4	-T
F1_BC61_consensus_vsearch	2946	T	T	189	1	0.52%	2	1	93	93	0.5000000000001412	1	1	89	100	0	1	-G
F1_BC61_consensus_vsearch	2947	G	G	193	1	0.52%	2	1	93	93	0.4999999999999138	1	1	88	105	1	0	+C
F1_BC61_consensus_vsearch	2948	C	Y	188	7	3.59%	2	2	93	93	0.007396180372504935	1	1	88	100	1	6	T
F1_BC61_consensus_vsearch	2949	A	A	191	2	1.02%	2	1	93	93	0.24935064935068132	1	1	87	104	0	2	-T
F1_BC61_consensus_vsearch	2950	T	T	190	2	1.03%	2	1	93	93	0.2493472584856949	1	1	88	102	0	2	C
F1_BC61_consensus_vsearch	2951	C	C	190	2	1.03%	2	2	93	93	0.2493472584856949	1	1	85	105	1	1	A
F1_BC61_consensus_vsearch	2952	A	A	194	2	1.02%	2	1	93	93	0.24936061381078306	1	1	88	106	2	0	G
F1_BC61_consensus_vsearch	2953	G	G	194	2	1.02%	2	1	93	93	0.24936061381078306	1	1	88	106	2	0	T
F1_BC61_consensus_vsearch	2954	T	T	190	2	1.02%	2	1	93	93	0.2493472584856949	1	1	88	102	0	2	-GT
F1_BC61_consensus_vsearch	2955	G	G	187	2	1.03%	2	1	93	93	0.24933687002661706	1	1	85	102	0	2	-T
F1_BC61_consensus_vsearch	2956	T	Y	179	7	3.68%	2	2	93	93	0.007376258791632204	1	1	84	95	1	6	C
F1_BC61_consensus_vsearch	2957	A	A	174	6	3.16%	2	2	93	93	0.014977625873213331	1	1	79	95	2	4	-G
F1_BC61_consensus_vsearch	2958	G	G	175	2	1.09%	2	1	93	93	0.2492917847025028	1	1	80	95	2	0	+T
F1_BC61_consensus_vsearch	2959	C	Y	157	11	5.88%	2	2	93	93	4.1235800097779135E-4	1	1	66	91	4	7	T
F1_BC61_consensus_vsearch	2960	G	R	168	7	3.74%	2	1	93	93	0.007349160919077469	1	1	70	98	7	0	A
F1_BC61_consensus_vsearch	2961	C	C	174	4	2.17%	2	2	93	93	0.061445158201351026	1	1	77	97	1	3	T
F1_BC61_consensus_vsearch	2962	G	*/-CG	141	32	17.39%	2	2	93	93	4.7969337652154864E-11	1	1	68	73	7	25	-CG
F1_BC61_consensus_vsearch	2963	C	C	142	3	2%	2	1	93	93	0.12370242214533303	1	1	71	71	0	3	T
F1_BC61_consensus_vsearch	2964	G	*/+A	133	9	6%	2	1	93	93	0.0017138441890134975	1	1	62	71	9	0	+A
F1_BC61_consensus_vsearch	2965	T	T	189	1	0.52%	2	1	93	93	0.5000000000001412	1	1	87	102	1	0	+A
F1_BC61_consensus_vsearch	2966	G	G	183	3	1.57%	2	2	93	93	0.12398921832883274	1	1	84	99	1	2	-CG
F1_BC61_consensus_vsearch	2967	C	C	179	3	1.61%	2	2	93	93	0.12396694214879515	1	1	83	96	1	2	T
F1_BC61_consensus_vsearch	2968	G	G	180	6	3.21%	2	1	93	93	0.014998392876323086	1	1	81	99	6	0	A
F1_BC61_consensus_vsearch	2969	G	*/-C	179	7	3.61%	2	2	93	93	0.007376258791632204	1	1	76	103	6	1	-C
F1_BC61_consensus_vsearch	2970	C	C	182	2	1.08%	2	1	93	93	0.2493188010900035	1	1	81	101	0	2	+T
F1_BC61_consensus_vsearch	2971	C	C	193	1	0.52%	2	1	93	93	0.4999999999999138	1	1	87	106	1	0	T
F1_BC61_consensus_vsearch	2972	C	C	188	3	1.53%	2	1	93	93	0.124015748031514	1	1	84	104	3	0	-A
F1_BC61_consensus_vsearch	2973	A	A	180	6	3.11%	2	1	93	93	0.014998392876323086	1	1	86	94	0	6	+G
F1_BC61_consensus_vsearch	2974	G	G	189	1	0.52%	2	1	93	93	0.5000000000001412	1	1	90	99	0	1	+AA
F1_BC61_consensus_vsearch	2975	G	G	194	2	1.02%	2	1	93	93	0.24936061381078306	1	1	88	106	2	0	A
F1_BC61_consensus_vsearch	2976	A	A	195	1	0.51%	2	1	93	93	0.5000000000001412	1	1	90	105	0	1	-CA
F1_BC61_consensus_vsearch	2977	C	C	195	0	0%	2	0	93	0	1.0	1	0	90	105	0	0	
F1_BC61_consensus_vsearch	2978	A	A	190	2	1.03%	2	2	93	93	0.2493472584856949	1	1	87	103	1	1	-T
F1_BC61_consensus_vsearch	2979	T	T	189	3	1.55%	2	2	93	93	0.12402088772842607	1	1	86	103	2	1	C
F1_BC61_consensus_vsearch	2980	C	C	191	2	1.02%	2	2	93	93	0.24935064935068132	1	1	89	102	1	1	-T
F1_BC61_consensus_vsearch	2981	T	T	183	4	2.07%	2	1	93	93	0.061495993004889796	1	1	82	101	4	0	+A
F1_BC61_consensus_vsearch	2982	A	A	190	1	0.52%	2	1	93	93	0.4999999999999138	1	1	85	105	1	0	C
F1_BC61_consensus_vsearch	2983	A	*/-G	181	7	3.59%	2	2	93	93	0.007380848803681321	1	1	83	98	3	4	-G
F1_BC61_consensus_vsearch	2984	G	G	183	2	1.07%	2	1	93	93	0.2493224932250014	1	1	82	101	2	0	+AG
F1_BC61_consensus_vsearch	2985	G	G	195	0	0%	2	0	93	0	1.0	1	0	89	106	0	0	
F1_BC61_consensus_vsearch	2986	G	G	196	0	0%	2	0	93	0	1.0	1	0	90	106	0	0	
F1_BC61_consensus_vsearch	2987	C	C	194	1	0.51%	2	1	93	93	0.4999999999999138	1	1	88	106	1	0	A
F1_BC61_consensus_vsearch	2988	A	A	195	1	0.51%	2	1	93	93	0.5000000000001412	1	1	90	105	0	1	-T
F1_BC61_consensus_vsearch	2989	T	T	191	2	1.03%	2	2	93	93	0.24935064935068132	1	1	88	103	1	1	C
F1_BC61_consensus_vsearch	2990	C	C	192	2	1.03%	2	1	93	93	0.2493540051679821	1	1	88	104	0	2	+A
F1_BC61_consensus_vsearch	2991	A	A	190	3	1.54%	2	1	93	93	0.12402597402595401	1	1	88	102	0	3	+G
F1_BC61_consensus_vsearch	2992	C	C	194	1	0.51%	2	1	93	93	0.4999999999999138	1	1	88	106	1	0	+T
F1_BC61_consensus_vsearch	2993	A	A	191	2	1.03%	2	2	93	93	0.24935064935068132	1	1	88	103	1	1	G
F1_BC61_consensus_vsearch	2994	G	G	195	0	0%	2	0	93	0	1.0	1	0	90	105	0	0	
F1_BC61_consensus_vsearch	2995	A	A	191	2	1.02%	2	2	93	93	0.24935064935068132	1	1	88	103	1	1	G
F1_BC61_consensus_vsearch	2996	C	C	194	1	0.51%	2	1	93	93	0.4999999999999138	1	1	89	105	0	1	+T
F1_BC61_consensus_vsearch	2997	C	C	195	1	0.51%	2	1	93	93	0.5000000000001412	1	1	90	105	0	1	T
F1_BC61_consensus_vsearch	2998	T	T	192	2	1.02%	2	1	93	93	0.2493540051679821	1	1	89	103	0	2	A
F1_BC61_consensus_vsearch	2999	G	*/-T	186	8	4.08%	2	2	93	93	0.0036291041675517713	1	1	81	105	7	1	-T
F1_BC61_consensus_vsearch	3000	T	T	183	3	1.61%	2	2	93	93	0.12398921832883274	1	1	80	103	1	2	C
F1_BC61_consensus_vsearch	3001	T	*/-A	172	17	8.76%	2	1	93	93	5.236578670378071E-6	1	1	67	105	17	0	-A
F1_BC61_consensus_vsearch	3002	A	A	166	3	1.72%	2	2	93	93	0.12388724035606233	1	1	66	100	1	2	-T
F1_BC61_consensus_vsearch	3003	T	K	167	17	9.04%	2	1	93	93	5.180771349429004E-6	1	1	67	100	17	0	G
F1_BC61_consensus_vsearch	3004	T	T	188	2	1.04%	2	2	93	93	0.2493403693931866	1	1	85	103	1	1	-GCC
F1_BC61_consensus_vsearch	3005	G	*/-C	178	9	4.66%	2	2	93	93	0.0017699066001378024	1	1	84	94	2	7	-C
F1_BC61_consensus_vsearch	3006	C	C	176	3	1.65%	2	2	93	93	0.12394957983191404	1	1	86	90	1	2	T
F1_BC61_consensus_vsearch	3007	C	*/-A	156	16	8.38%	2	2	93	93	1.0588030744066097E-5	1	1	84	72	3	13	-A
F1_BC61_consensus_vsearch	3008	A	A	165	6	3.39%	2	1	93	93	0.014943759717001579	1	1	86	79	0	6	T
F1_BC61_consensus_vsearch	3009	A	R	177	9	4.62%	2	2	93	93	0.0017689474455757383	1	1	87	90	1	8	G
F1_BC61_consensus_vsearch	3010	G	G	182	4	2.14%	2	1	93	93	0.061490587951709585	1	1	84	98	4	0	A
F1_BC61_consensus_vsearch	3011	C	C	192	1	0.51%	2	1	93	93	0.4999999999999138	1	1	87	105	1	0	+T
F1_BC61_consensus_vsearch	3012	A	A	185	4	2.06%	2	1	93	93	0.061506631299724945	1	1	86	99	0	4	+C
F1_BC61_consensus_vsearch	3013	C	C	189	1	0.52%	2	1	93	93	0.5000000000001412	1	1	87	102	1	0	+AC
F1_BC61_consensus_vsearch	3014	C	*/-T	183	7	3.59%	2	2	93	93	0.007385343252869138	1	1	88	95	1	6	-T
F1_BC61_consensus_vsearch	3015	T	T	179	5	2.67%	2	2	93	93	0.03040200067187797	1	1	83	96	3	2	-C
F1_BC61_consensus_vsearch	3016	C	C	187	1	0.53%	2	1	93	93	0.4999999999999138	1	1	86	101	0	1	+TGT
F1_BC61_consensus_vsearch	3017	C	C	185	4	2.05%	2	2	93	93	0.061506631299724945	1	1	82	103	2	2	T
F1_BC61_consensus_vsearch	3018	A	A	187	1	0.53%	2	1	93	93	0.4999999999999138	1	1	83	104	0	1	+T
F1_BC61_consensus_vsearch	3019	C	C	184	3	1.57%	2	2	93	93	0.12399463806966378	1	1	82	102	1	2	T
F1_BC61_consensus_vsearch	3020	G	G	177	6	3.11%	2	2	93	93	0.014988178616270897	1	1	78	99	4	2	-C
F1_BC61_consensus_vsearch	3021	C	*/+T	173	9	4.84%	2	1	93	93	0.001765008337317725	1	1	79	94	0	9	+T
F1_BC61_consensus_vsearch	3022	C	*/+T	166	14	7.25%	2	2	93	93	4.693473047991276E-5	1	1	83	83	1	13	+T
F1_BC61_consensus_vsearch	3023	C	*/-T	172	17	8.76%	2	2	93	93	5.236578670378071E-6	1	1	83	89	3	14	-T
F1_BC61_consensus_vsearch	3024	T	T	168	4	2.26%	2	1	93	93	0.06140830861042876	1	1	78	90	4	0	A
F1_BC61_consensus_vsearch	3025	T	T	190	2	1.03%	2	1	93	93	0.2493472584856949	1	1	85	105	2	0	C
F1_BC61_consensus_vsearch	3026	A	A	193	1	0.52%	2	1	93	93	0.4999999999999138	1	1	87	106	1	0	G
F1_BC61_consensus_vsearch	3027	A	*/-C	184	7	3.59%	2	2	93	93	0.007387555568979833	1	1	82	102	4	3	-C
F1_BC61_consensus_vsearch	3028	C	C	186	1	0.53%	2	1	93	93	0.4999999999999138	1	1	83	103	1	0	+G
F1_BC61_consensus_vsearch	3029	C	Y	177	12	6.12%	2	2	93	93	2.0390075187582733E-4	1	1	88	89	1	11	T
F1_BC61_consensus_vsearch	3030	G	G	187	3	1.57%	2	2	93	93	0.12401055408976878	1	1	88	99	1	2	T
F1_BC61_consensus_vsearch	3031	G	G	190	1	0.52%	2	1	93	93	0.4999999999999138	1	1	90	100	0	1	C
F1_BC61_consensus_vsearch	3032	G	G	193	1	0.51%	2	1	93	93	0.4999999999999138	1	1	89	104	1	0	+C
F1_BC61_consensus_vsearch	3033	C	C	190	2	1.03%	2	2	93	93	0.2493472584856949	1	1	88	102	1	1	T
F1_BC61_consensus_vsearch	3034	G	G	185	5	2.56%	2	1	93	93	0.030428742397642147	1	1	86	99	0	5	+TG
F1_BC61_consensus_vsearch	3035	C	C	185	4	2.08%	2	2	93	93	0.061506631299724945	1	1	85	100	1	3	+GC
F1_BC61_consensus_vsearch	3036	C	Y	181	11	5.61%	2	1	93	93	4.214144486820526E-4	1	1	88	93	0	11	T
F1_BC61_consensus_vsearch	3037	G	G	189	3	1.55%	2	2	93	93	0.12402088772842607	1	1	86	103	2	1	A
F1_BC61_consensus_vsearch	3038	G	G	191	4	2.04%	2	2	93	93	0.06153723520852315	1	1	88	103	2	2	A
F1_BC61_consensus_vsearch	3039	T	*/-C	157	21	10.77%	2	2	93	93	2.548958814026723E-7	1	1	58	99	15	6	-C
F1_BC61_consensus_vsearch	3040	C	C	163	0	0%	2	0	93	0	1.0	1	0	63	100	0	0	
F1_BC61_consensus_vsearch	3041	C	C	184	0	0%	2	0	93	0	1.0	1	0	78	106	0	0	
F1_BC61_consensus_vsearch	3042	C	Y	180	9	4.62%	2	2	93	93	0.001771795269848945	1	1	84	96	3	6	T
F1_BC61_consensus_vsearch	3043	C	Y	158	21	10.71%	2	2	93	93	2.5584486085680516E-7	1	1	61	97	19	2	T
F1_BC61_consensus_vsearch	3044	A	A	175	4	2.15%	2	2	93	93	0.06145105929696947	1	1	82	93	1	3	T
F1_BC61_consensus_vsearch	3045	A	A	178	4	2.08%	2	2	93	93	0.06146837297681004	1	1	87	91	1	3	T
F1_BC61_consensus_vsearch	3046	G	G	185	3	1.59%	2	1	93	93	0.12399999999998497	1	1	88	97	0	3	T
F1_BC61_consensus_vsearch	3047	G	G	192	1	0.52%	2	1	93	93	0.4999999999999138	1	1	90	102	0	1	A
F1_BC61_consensus_vsearch	3048	C	C	187	2	1.03%	2	2	93	93	0.24933687002661706	1	1	88	99	1	1	+A
F1_BC61_consensus_vsearch	3049	G	G	187	2	1.03%	2	1	93	93	0.24933687002661706	1	1	88	99	0	2	+T
F1_BC61_consensus_vsearch	3050	C	C	173	6	3.09%	2	2	93	93	0.014974030149906566	1	1	80	93	5	1	-A
F1_BC61_consensus_vsearch	3051	A	A	186	2	1.06%	2	1	93	93	0.24933333333336263	1	1	82	104	2	0	G
F1_BC61_consensus_vsearch	3052	A	A	191	2	1.02%	2	1	93	93	0.24935064935068132	1	1	86	105	2	0	+G
F1_BC61_consensus_vsearch	3053	G	*/+A	175	8	4.1%	2	1	93	93	0.0036127494603351348	1	1	71	104	8	0	+A
F1_BC61_consensus_vsearch	3054	A	A	182	1	0.54%	2	1	93	93	0.4999999999999138	1	1	78	104	1	0	+G
F1_BC61_consensus_vsearch	3055	A	A	187	2	1.05%	2	2	93	93	0.24933687002661706	1	1	84	103	1	1	G
F1_BC61_consensus_vsearch	3056	G	*/-A	178	10	5.26%	2	1	93	93	8.637144208672183E-4	1	1	74	104	10	0	-A
F1_BC61_consensus_vsearch	3057	A	A	177	3	1.63%	2	1	93	93	0.1239554317548523	1	1	75	102	3	0	+G
F1_BC61_consensus_vsearch	3058	G	G	192	1	0.52%	2	1	93	93	0.4999999999999138	1	1	89	103	1	0	-C
F1_BC61_consensus_vsearch	3059	C	C	190	3	1.55%	2	1	93	93	0.12402597402595401	1	1	88	102	0	3	T
F1_BC61_consensus_vsearch	3060	G	G	188	5	2.56%	2	2	93	93	0.030441490624263247	1	1	84	104	4	1	-C
F1_BC61_consensus_vsearch	3061	C	C	189	2	1.05%	2	2	93	93	0.24934383202100482	1	1	85	104	1	1	T
F1_BC61_consensus_vsearch	3062	C	C	185	5	2.55%	2	2	93	93	0.030428742397642147	1	1	89	96	1	4	-GCC
F1_BC61_consensus_vsearch	3063	G	*/-C	169	15	7.94%	2	2	93	93	2.2673356043783E-5	1	1	86	83	1	14	-C
F1_BC61_consensus_vsearch	3064	C	C	174	0	0%	2	0	93	0	1.0	1	0	88	86	0	0	
F1_BC61_consensus_vsearch	3065	C	C	190	0	0%	2	0	93	0	1.0	1	0	89	101	0	0	
F1_BC61_consensus_vsearch	3066	C	*/-TC	186	7	3.59%	2	1	93	93	0.007391912172859777	1	1	90	96	0	7	-TC
F1_BC61_consensus_vsearch	3067	T	T	185	1	0.53%	2	1	93	93	0.5000000000001412	1	1	89	96	1	0	+CC
F1_BC61_consensus_vsearch	3068	C	*/-GA	170	9	4.76%	2	2	93	93	0.001761941721127389	1	1	77	93	5	4	-GA
F1_BC61_consensus_vsearch	3069	G	*/-A	173	8	4.32%	2	2	93	93	0.003609566346175535	1	1	72	101	7	1	-A
F1_BC61_consensus_vsearch	3070	A	A	173	2	1.13%	2	2	93	93	0.24928366762186466	1	1	74	99	1	1	G
F1_BC61_consensus_vsearch	3071	A	A	191	2	1.03%	2	2	93	93	0.24935064935068132	1	1	86	105	1	1	G
F1_BC61_consensus_vsearch	3072	G	*/-C	166	10	5.1%	2	2	93	93	8.563124880416237E-4	1	1	63	103	9	1	-C
F1_BC61_consensus_vsearch	3073	C	C	174	3	1.67%	2	1	93	93	0.12393767705382001	1	1	72	102	3	0	G
F1_BC61_consensus_vsearch	3074	C	C	187	1	0.53%	2	1	93	93	0.4999999999999138	1	1	82	105	0	1	+T
F1_BC61_consensus_vsearch	3075	C	*/-GAA	163	10	5.1%	2	1	93	93	8.543079772296276E-4	1	1	68	95	10	0	-GAA
F1_BC61_consensus_vsearch	3076	G	G	172	4	2.22%	2	1	93	93	0.06143315455637365	1	1	68	104	4	0	-A
F1_BC61_consensus_vsearch	3077	A	A	176	3	1.68%	2	1	93	93	0.12394957983191404	1	1	73	103	0	3	G
F1_BC61_consensus_vsearch	3078	A	A	182	2	1.08%	2	1	93	93	0.2493188010900035	1	1	79	103	0	2	G
F1_BC61_consensus_vsearch	3079	A	A	196	0	0%	2	0	93	0	1.0	1	0	90	106	0	0	
F1_BC61_consensus_vsearch	3080	G	G	193	3	1.53%	2	1	93	93	0.12404092071614016	1	1	90	103	0	3	-C
F1_BC61_consensus_vsearch	3081	C	C	190	1	0.52%	2	1	93	93	0.4999999999999138	1	1	90	100	0	1	-A
F1_BC61_consensus_vsearch	3082	A	A	186	6	3.08%	2	2	93	93	0.015017869058322414	1	1	88	98	2	4	-CA
F1_BC61_consensus_vsearch	3083	C	C	187	1	0.53%	2	1	93	93	0.4999999999999138	1	1	87	100	1	0	+GCC
F1_BC61_consensus_vsearch	3084	A	A	182	3	1.59%	2	1	93	93	0.12398373983732354	1	1	82	100	3	0	+CA
F1_BC61_consensus_vsearch	3085	T	T	186	3	1.55%	2	1	93	93	0.1240053050397967	1	1	83	103	3	0	-G
F1_BC61_consensus_vsearch	3086	G	*/-A	167	21	10.88%	2	2	93	93	2.6404810275723606E-7	1	1	63	104	20	1	-A
F1_BC61_consensus_vsearch	3087	A	*/-G	131	36	20.81%	2	2	93	93	1.7544813344085593E-12	1	1	36	95	28	8	-G
F1_BC61_consensus_vsearch	3088	G	G	155	1	0.64%	2	1	93	93	0.4999999999999138	1	1	58	97	0	1	+T
F1_BC61_consensus_vsearch	3089	G	G	195	0	0%	2	0	93	0	1.0	1	0	89	106	0	0	
F1_BC61_consensus_vsearch	3090	G	*/-A	182	10	5.13%	2	2	93	93	8.659835374014541E-4	1	1	81	101	7	3	-A
F1_BC61_consensus_vsearch	3091	A	A	183	1	0.54%	2	1	93	93	0.4999999999999138	1	1	80	103	1	0	G
F1_BC61_consensus_vsearch	3092	G	G	192	3	1.54%	2	1	93	93	0.12403598971719802	1	1	86	106	3	0	-A
F1_BC61_consensus_vsearch	3093	A	A	186	4	2.08%	2	2	93	93	0.061511866352189214	1	1	82	104	3	1	G
F1_BC61_consensus_vsearch	3094	C	C	190	2	1.03%	2	2	93	93	0.2493472584856949	1	1	86	104	1	1	-G
F1_BC61_consensus_vsearch	3095	G	R	181	12	6.22%	2	1	93	93	2.0468701793138264E-4	1	1	76	105	12	0	A
F1_BC61_consensus_vsearch	3096	G	G	196	0	0%	2	0	93	0	1.0	1	0	90	106	0	0	
F1_BC61_consensus_vsearch	3097	C	C	184	5	2.55%	2	1	93	93	0.030424403183015276	1	1	82	102	5	0	-G
F1_BC61_consensus_vsearch	3098	G	G	182	3	1.59%	2	2	93	93	0.12398373983732354	1	1	77	105	2	1	-C
F1_BC61_consensus_vsearch	3099	C	C	184	4	2.11%	2	2	93	93	0.06150134048256699	1	1	80	104	3	1	T
F1_BC61_consensus_vsearch	3100	C	Y	168	21	10.82%	2	2	93	93	2.649235938143043E-7	1	1	82	86	4	17	T
F1_BC61_consensus_vsearch	3101	A	A	185	4	2.11%	2	2	93	93	0.061506631299724945	1	1	84	101	2	2	G
F1_BC61_consensus_vsearch	3102	A	*/-C	182	8	4.08%	2	2	93	93	0.003623372158916335	1	1	79	103	7	1	-C
F1_BC61_consensus_vsearch	3103	C	C	183	3	1.6%	2	1	93	93	0.12398921832883274	1	1	80	103	3	0	G
F1_BC61_consensus_vsearch	3104	C	*/-T	164	12	6.12%	2	2	93	93	2.0111470432217958E-4	1	1	75	89	3	9	-T
F1_BC61_consensus_vsearch	3105	T	T	168	2	1.16%	2	1	93	93	0.2492625368732155	1	1	74	94	0	2	C
F1_BC61_consensus_vsearch	3106	T	*/-G	162	10	5.43%	2	2	93	93	8.536248951582895E-4	1	1	71	91	1	9	-G
F1_BC61_consensus_vsearch	3107	G	R	165	14	7.61%	2	1	93	93	4.686317044849749E-5	1	1	73	92	14	0	A
F1_BC61_consensus_vsearch	3108	G	G	191	1	0.52%	2	1	93	93	0.5000000000001412	1	1	87	104	1	0	+A
F1_BC61_consensus_vsearch	3109	G	G	190	3	1.54%	2	2	93	93	0.12402597402595401	1	1	87	103	2	1	A
F1_BC61_consensus_vsearch	3110	T	T	186	6	3.08%	2	2	93	93	0.015017869058322414	1	1	87	99	1	5	C
F1_BC61_consensus_vsearch	3111	C	C	194	1	0.51%	2	1	93	93	0.4999999999999138	1	1	89	105	0	1	+T
F1_BC61_consensus_vsearch	3112	T	T	182	4	2.05%	2	1	93	93	0.061490587951709585	1	1	82	100	4	0	+C
F1_BC61_consensus_vsearch	3113	C	C	190	1	0.52%	2	1	93	93	0.4999999999999138	1	1	87	103	1	0	+AC
F1_BC61_consensus_vsearch	3114	G	G	192	3	1.54%	2	1	93	93	0.12403598971719802	1	1	87	105	3	0	A
F1_BC61_consensus_vsearch	3115	G	G	189	2	1.02%	2	1	93	93	0.24934383202100482	1	1	89	100	0	2	+C
F1_BC61_consensus_vsearch	3116	T	T	189	4	2.06%	2	1	93	93	0.061527245600347336	1	1	90	99	0	4	C
F1_BC61_consensus_vsearch	3117	C	C	191	2	1.03%	2	1	93	93	0.24935064935068132	1	1	87	104	2	0	-TC
F1_BC61_consensus_vsearch	3118	T	T	179	4	2.07%	2	1	93	93	0.061474017887485174	1	1	88	91	0	4	C
F1_BC61_consensus_vsearch	3119	C	C	185	3	1.58%	2	2	93	93	0.12399999999998497	1	1	87	98	1	2	-G
F1_BC61_consensus_vsearch	3120	G	G	185	4	2.08%	2	1	93	93	0.061506631299724945	1	1	88	97	0	4	+C
F1_BC61_consensus_vsearch	3121	C	C	188	5	2.58%	2	1	93	93	0.030441490624263247	1	1	89	99	0	5	+T
F1_BC61_consensus_vsearch	3122	T	T	188	5	2.55%	2	1	93	93	0.030441490624263247	1	1	89	99	0	5	-C
F1_BC61_consensus_vsearch	3123	C	C	183	2	1.05%	2	1	93	93	0.2493224932250014	1	1	89	94	0	2	T
F1_BC61_consensus_vsearch	3124	G	G	194	2	1.02%	2	1	93	93	0.24936061381078306	1	1	88	106	2	0	A
F1_BC61_consensus_vsearch	3125	T	T	194	2	1.02%	2	2	93	93	0.24936061381078306	1	1	89	105	1	1	C
F1_BC61_consensus_vsearch	3126	T	T	194	1	0.51%	2	1	93	93	0.4999999999999138	1	1	88	106	1	0	+GT
F1_BC61_consensus_vsearch	3127	A	A	195	1	0.51%	2	1	93	93	0.5000000000001412	1	1	90	105	0	1	G
F1_BC61_consensus_vsearch	3128	T	T	189	5	2.55%	2	1	93	93	0.030445652538661657	1	1	84	105	5	0	+C
F1_BC61_consensus_vsearch	3129	C	*/-G	186	7	3.59%	2	2	93	93	0.007391912172859777	1	1	85	101	2	5	-G
F1_BC61_consensus_vsearch	3130	G	G	184	2	1.06%	2	1	93	93	0.24932614555250343	1	1	84	100	2	0	A
F1_BC61_consensus_vsearch	3131	G	G	191	3	1.54%	2	1	93	93	0.1240310077519331	1	1	86	105	3	0	-A
F1_BC61_consensus_vsearch	3132	A	A	193	0	0%	2	0	93	0	1.0	1	0	87	106	0	0	
F1_BC61_consensus_vsearch	3133	A	A	194	1	0.51%	2	1	93	93	0.4999999999999138	1	1	88	106	1	0	-TCA
F1_BC61_consensus_vsearch	3134	T	T	193	1	0.51%	2	1	93	93	0.4999999999999138	1	1	88	105	1	0	-C
F1_BC61_consensus_vsearch	3135	C	C	189	4	2.06%	2	2	93	93	0.061527245600347336	1	1	85	104	3	1	-A
F1_BC61_consensus_vsearch	3136	A	A	191	0	0%	2	0	93	0	1.0	1	0	86	105	0	0	
F1_BC61_consensus_vsearch	3137	A	A	191	3	1.53%	2	1	93	93	0.1240310077519331	1	1	85	106	3	0	G
F1_BC61_consensus_vsearch	3138	C	C	189	3	1.55%	2	1	93	93	0.12402088772842607	1	1	85	104	3	0	G
F1_BC61_consensus_vsearch	3139	C	C	193	2	1.03%	2	1	93	93	0.24935732647820702	1	1	89	104	0	2	G
F1_BC61_consensus_vsearch	3140	A	A	188	4	2.04%	2	2	93	93	0.061522172652713904	1	1	89	99	1	3	T
F1_BC61_consensus_vsearch	3141	G	G	195	1	0.51%	2	1	93	93	0.5000000000001412	1	1	90	105	0	1	+TG
F1_BC61_consensus_vsearch	3142	A	A	193	1	0.51%	2	1	93	93	0.4999999999999138	1	1	89	104	1	0	+C
F1_BC61_consensus_vsearch	3143	C	C	191	3	1.53%	2	2	93	93	0.1240310077519331	1	1	87	104	2	1	+A
F1_BC61_consensus_vsearch	3144	A	A	189	2	1.03%	2	1	93	93	0.24934383202100482	1	1	85	104	2	0	+G
F1_BC61_consensus_vsearch	3145	A	A	189	3	1.54%	2	1	93	93	0.12402088772842607	1	1	88	101	0	3	G
F1_BC61_consensus_vsearch	3146	G	G	192	1	0.52%	2	1	93	93	0.4999999999999138	1	1	87	105	1	0	+A
F1_BC61_consensus_vsearch	3147	T	T	192	1	0.51%	2	1	93	93	0.4999999999999138	1	1	90	102	0	1	+A
F1_BC61_consensus_vsearch	3148	C	C	189	2	1.03%	2	1	93	93	0.24934383202100482	1	1	89	100	0	2	+AA
F1_BC61_consensus_vsearch	3149	A	*/-C	162	27	13.92%	2	2	93	93	2.7422224208072403E-9	1	1	66	96	23	4	-C
F1_BC61_consensus_vsearch	3150	C	C	162	4	2.38%	2	1	93	93	0.06136879126528426	1	1	67	95	0	4	+T
F1_BC61_consensus_vsearch	3151	C	C	191	3	1.53%	2	1	93	93	0.1240310077519331	1	1	90	101	0	3	T
F1_BC61_consensus_vsearch	3152	C	C	188	4	2.04%	2	1	93	93	0.061522172652713904	1	1	88	100	0	4	T
F1_BC61_consensus_vsearch	3153	C	C	182	5	2.55%	2	1	93	93	0.030415585729470396	1	1	87	95	0	5	T
F1_BC61_consensus_vsearch	3154	A	A	187	3	1.55%	2	2	93	93	0.12401055408976878	1	1	84	103	2	1	-C
F1_BC61_consensus_vsearch	3155	C	C	181	5	2.6%	2	2	93	93	0.030411105997849117	1	1	81	100	2	3	T
F1_BC61_consensus_vsearch	3156	G	G	189	5	2.55%	2	1	93	93	0.030445652538661657	1	1	85	104	5	0	-A
F1_BC61_consensus_vsearch	3157	A	A	191	0	0%	2	0	93	0	1.0	1	0	85	106	0	0	
F1_BC61_consensus_vsearch	3158	A	A	191	1	0.51%	2	1	93	93	0.5000000000001412	1	1	87	104	1	0	+GA
F1_BC61_consensus_vsearch	3159	C	C	191	3	1.55%	2	2	93	93	0.1240310077519331	1	1	87	104	2	1	-T
F1_BC61_consensus_vsearch	3160	T	Y	177	11	5.73%	2	2	93	93	4.200578330993431E-4	1	1	84	93	1	10	C
F1_BC61_consensus_vsearch	3161	A	A	191	1	0.52%	2	1	93	93	0.5000000000001412	1	1	88	103	0	1	C
F1_BC61_consensus_vsearch	3162	A	A	193	1	0.51%	2	1	93	93	0.4999999999999138	1	1	89	104	1	0	-G
F1_BC61_consensus_vsearch	3163	G	G	193	1	0.51%	2	1	93	93	0.4999999999999138	1	1	88	105	0	1	+C
F1_BC61_consensus_vsearch	3164	A	A	194	1	0.51%	2	1	93	93	0.4999999999999138	1	1	88	106	1	0	G
F1_BC61_consensus_vsearch	3165	A	A	193	2	1.02%	2	2	93	93	0.24935732647820702	1	1	88	105	1	1	G
F1_BC61_consensus_vsearch	3166	C	C	186	3	1.53%	2	1	93	93	0.1240053050397967	1	1	86	100	0	3	+G
F1_BC61_consensus_vsearch	3167	G	G	188	3	1.55%	2	1	93	93	0.124015748031514	1	1	84	104	3	0	A
F1_BC61_consensus_vsearch	3168	G	G	190	3	1.53%	2	1	93	93	0.12402597402595401	1	1	85	105	3	0	-C
F1_BC61_consensus_vsearch	3169	C	C	191	1	0.52%	2	1	93	93	0.5000000000001412	1	1	87	104	0	1	+T
F1_BC61_consensus_vsearch	3170	C	Y	174	20	10.2%	2	2	93	93	5.693404765760249E-7	1	1	86	88	3	17	T
F1_BC61_consensus_vsearch	3171	A	A	188	4	2.05%	2	1	93	93	0.061522172652713904	1	1	85	103	4	0	G
F1_BC61_consensus_vsearch	3172	T	T	189	3	1.54%	2	1	93	93	0.12402088772842607	1	1	86	103	3	0	-GC
F1_BC61_consensus_vsearch	3173	G	G	187	4	2.08%	2	1	93	93	0.06151704651694607	1	1	82	105	4	0	A
F1_BC61_consensus_vsearch	3174	C	C	185	6	3.11%	2	1	93	93	0.01501470753479516	1	1	81	104	6	0	-AC
F1_BC61_consensus_vsearch	3175	A	A	189	1	0.53%	2	1	93	93	0.5000000000001412	1	1	83	106	1	0	+C
F1_BC61_consensus_vsearch	3176	C	C	187	2	1.05%	2	1	93	93	0.24933687002661706	1	1	84	103	0	2	T
F1_BC61_consensus_vsearch	3177	C	Y	188	7	3.57%	2	2	93	93	0.007396180372504935	1	1	88	100	1	6	T
F1_BC61_consensus_vsearch	3178	A	A	194	1	0.51%	2	1	93	93	0.4999999999999138	1	1	89	105	0	1	G
F1_BC61_consensus_vsearch	3179	C	C	194	1	0.51%	2	1	93	93	0.4999999999999138	1	1	89	105	0	1	+T
F1_BC61_consensus_vsearch	3180	C	C	190	3	1.53%	2	2	93	93	0.12402597402595401	1	1	87	103	2	1	-ACC
F1_BC61_consensus_vsearch	3181	A	*/-C	184	7	3.63%	2	2	93	93	0.007387555568979833	1	1	84	100	3	4	-C
F1_BC61_consensus_vsearch	3182	C	C	182	1	0.54%	2	1	93	93	0.4999999999999138	1	1	83	99	1	0	+AC
F1_BC61_consensus_vsearch	3183	C	C	190	1	0.52%	2	1	93	93	0.4999999999999138	1	1	85	105	1	0	+G
F1_BC61_consensus_vsearch	3184	C	C	186	6	3.08%	2	1	93	93	0.015017869058322414	1	1	87	99	0	6	T
F1_BC61_consensus_vsearch	3185	A	A	187	3	1.55%	2	1	93	93	0.12401055408976878	1	1	84	103	0	3	G
F1_BC61_consensus_vsearch	3186	T	T	190	3	1.55%	2	1	93	93	0.12402597402595401	1	1	88	102	0	3	C
F1_BC61_consensus_vsearch	3187	G	G	193	1	0.51%	2	1	93	93	0.4999999999999138	1	1	87	106	1	0	+CA
F1_BC61_consensus_vsearch	3188	A	A	187	6	3.08%	2	1	93	93	0.015020997998324731	1	1	88	99	0	6	-GA
F1_BC61_consensus_vsearch	3189	G	G	189	1	0.53%	2	1	93	93	0.5000000000001412	1	1	89	100	1	0	-A
F1_BC61_consensus_vsearch	3190	A	A	188	1	0.53%	2	1	93	93	0.5000000000001412	1	1	89	99	0	1	+C
F1_BC61_consensus_vsearch	3191	T	T	195	1	0.51%	2	1	93	93	0.5000000000001412	1	1	90	105	0	1	+G
F1_BC61_consensus_vsearch	3192	C	C	193	2	1.02%	2	1	93	93	0.24935732647820702	1	1	88	105	2	0	-A
F1_BC61_consensus_vsearch	3193	A	A	189	3	1.55%	2	1	93	93	0.12402088772842607	1	1	88	101	0	3	+G
F1_BC61_consensus_vsearch	3194	T	T	189	4	2.04%	2	1	93	93	0.061527245600347336	1	1	88	101	0	4	C
F1_BC61_consensus_vsearch	3195	G	*/-A	183	10	5.13%	2	2	93	93	8.665366458993966E-4	1	1	80	103	9	1	-A
F1_BC61_consensus_vsearch	3196	A	A	185	0	0%	2	0	93	0	1.0	1	0	80	105	0	0	
F1_BC61_consensus_vsearch	3197	A	A	194	2	1.02%	2	1	93	93	0.24936061381078306	1	1	88	106	2	0	+G
F1_BC61_consensus_vsearch	3198	A	A	194	1	0.51%	2	1	93	93	0.4999999999999138	1	1	89	105	1	0	-G
F1_BC61_consensus_vsearch	3199	G	G	194	1	0.51%	2	1	93	93	0.4999999999999138	1	1	89	105	0	1	+C
F1_BC61_consensus_vsearch	3200	A	A	195	1	0.51%	2	1	93	93	0.5000000000001412	1	1	90	105	0	1	+T
F1_BC61_consensus_vsearch	3201	T	T	190	5	2.55%	2	2	93	93	0.03044977182598529	1	1	87	103	2	3	C
F1_BC61_consensus_vsearch	3202	C	C	194	1	0.51%	2	1	93	93	0.4999999999999138	1	1	89	105	1	0	+A
F1_BC61_consensus_vsearch	3203	T	T	189	4	2.05%	2	1	93	93	0.061527245600347336	1	1	88	101	0	4	+G
F1_BC61_consensus_vsearch	3204	G	G	192	1	0.51%	2	1	93	93	0.4999999999999138	1	1	89	103	0	1	+T
F1_BC61_consensus_vsearch	3205	T	T	193	2	1.03%	2	1	93	93	0.24935732647820702	1	1	90	103	0	2	C
F1_BC61_consensus_vsearch	3206	C	C	192	1	0.51%	2	1	93	93	0.4999999999999138	1	1	89	103	0	1	+A
F1_BC61_consensus_vsearch	3207	A	R	185	7	3.61%	2	2	93	93	0.007389745092191117	1	1	88	97	2	5	G
F1_BC61_consensus_vsearch	3208	T	T	189	4	2.05%	2	1	93	93	0.061527245600347336	1	1	89	100	0	4	C
F1_BC61_consensus_vsearch	3209	G	G	190	2	1.02%	2	1	93	93	0.2493472584856949	1	1	89	101	0	2	+T
F1_BC61_consensus_vsearch	3210	T	T	192	2	1.03%	2	1	93	93	0.2493540051679821	1	1	88	104	2	0	+C
F1_BC61_consensus_vsearch	3211	C	C	193	2	1.02%	2	1	93	93	0.24935732647820702	1	1	89	104	0	2	-T
F1_BC61_consensus_vsearch	3212	T	T	189	3	1.55%	2	2	93	93	0.12402088772842607	1	1	87	102	2	1	C
F1_BC61_consensus_vsearch	3213	G	G	190	6	3.06%	2	1	93	93	0.015030194277274317	1	1	84	106	6	0	A
F1_BC61_consensus_vsearch	3214	T	T	190	4	2.04%	2	1	93	93	0.061532266183381874	1	1	85	105	4	0	+C
F1_BC61_consensus_vsearch	3215	C	C	191	2	1.03%	2	2	93	93	0.24935064935068132	1	1	87	104	1	1	-A
F1_BC61_consensus_vsearch	3216	A	A	192	2	1.03%	2	2	93	93	0.2493540051679821	1	1	88	104	1	1	G
F1_BC61_consensus_vsearch	3217	A	A	185	5	2.55%	2	1	93	93	0.030428742397642147	1	1	88	97	0	5	-T
F1_BC61_consensus_vsearch	3218	T	*/-C	166	15	7.89%	2	1	93	93	2.2557273513193727E-5	1	1	66	100	15	0	-C
F1_BC61_consensus_vsearch	3219	C	C	177	2	1.12%	2	1	93	93	0.24929971988807545	1	1	74	103	0	2	T
F1_BC61_consensus_vsearch	3220	C	C	184	5	2.56%	2	1	93	93	0.030424403183015276	1	1	88	96	0	5	T
F1_BC61_consensus_vsearch	3221	T	T	187	2	1.05%	2	1	93	93	0.24933687002661706	1	1	89	98	0	2	C
F1_BC61_consensus_vsearch	3222	A	A	192	2	1.03%	2	1	93	93	0.2493540051679821	1	1	90	102	0	2	G
F1_BC61_consensus_vsearch	3223	A	A	196	0	0%	2	0	93	0	1.0	1	0	90	106	0	0	
F1_BC61_consensus_vsearch	3224	T	T	190	4	2.04%	2	2	93	93	0.061532266183381874	1	1	87	103	1	3	C
F1_BC61_consensus_vsearch	3225	C	C	195	0	0%	2	0	93	0	1.0	1	0	89	106	0	0	
F1_BC61_consensus_vsearch	3226	A	A	193	1	0.51%	2	1	93	93	0.4999999999999138	1	1	88	105	0	1	G
F1_BC61_consensus_vsearch	3227	T	T	191	2	1.03%	2	1	93	93	0.24935064935068132	1	1	88	103	0	2	C
F1_BC61_consensus_vsearch	3228	G	G	195	1	0.51%	2	1	93	93	0.5000000000001412	1	1	90	105	0	1	A
F1_BC61_consensus_vsearch	3229	T	T	191	3	1.53%	2	1	93	93	0.1240310077519331	1	1	86	105	3	0	-C
F1_BC61_consensus_vsearch	3230	C	C	193	0	0%	2	0	93	0	1.0	1	0	87	106	0	0	
F1_BC61_consensus_vsearch	3231	C	C	195	1	0.51%	2	1	93	93	0.5000000000001412	1	1	89	106	1	0	-T
F1_BC61_consensus_vsearch	3232	T	Y	185	9	4.62%	2	1	93	93	0.0017763509872760243	1	1	89	96	0	9	C
F1_BC61_consensus_vsearch	3233	G	*/-C	180	11	5.61%	2	1	93	93	4.2108036879098717E-4	1	1	78	102	11	0	-C
F1_BC61_consensus_vsearch	3234	C	C	183	2	1.08%	2	2	93	93	0.2493224932250014	1	1	78	105	1	1	T
F1_BC61_consensus_vsearch	3235	C	C	196	0	0%	2	0	93	0	1.0	1	0	90	106	0	0	
F1_BC61_consensus_vsearch	3236	C	C	194	2	1.02%	2	1	93	93	0.24936061381078306	1	1	88	106	2	0	+AC
F1_BC61_consensus_vsearch	3237	T	*/+G	177	8	4.08%	2	1	93	93	0.0036158650264919274	1	1	87	90	0	8	+G
F1_BC61_consensus_vsearch	3238	G	G	183	4	2.11%	2	1	93	93	0.061495993004889796	1	1	84	99	4	0	+A
F1_BC61_consensus_vsearch	3239	G	G	195	0	0%	2	0	93	0	1.0	1	0	89	106	0	0	
F1_BC61_consensus_vsearch	3240	T	T	185	6	3.08%	2	1	93	93	0.01501470753479516	1	1	83	102	6	0	+A
F1_BC61_consensus_vsearch	3241	G	G	189	6	3.06%	2	1	93	93	0.01502716012190595	1	1	84	105	6	0	-A
F1_BC61_consensus_vsearch	3242	A	A	186	4	2.11%	2	1	93	93	0.061511866352189214	1	1	80	106	4	0	G
F1_BC61_consensus_vsearch	3243	G	G	192	3	1.53%	2	1	93	93	0.12403598971719802	1	1	90	102	0	3	-CT
F1_BC61_consensus_vsearch	3244	C	C	187	4	2.07%	2	2	93	93	0.06151704651694607	1	1	87	100	2	2	-T
F1_BC61_consensus_vsearch	3245	T	T	185	3	1.59%	2	1	93	93	0.12399999999998497	1	1	88	97	0	3	C
F1_BC61_consensus_vsearch	3246	T	*/-C	114	72	36.73%	2	2	93	93	3.945944888121501E-26	1	1	71	43	16	56	-C
F1_BC61_consensus_vsearch	3247	C	C	118	0	0%	2	0	93	0	1.0	1	0	72	46	0	0	
F1_BC61_consensus_vsearch	3248	C	C	190	0	0%	2	0	93	0	1.0	1	0	88	102	0	0	
F1_BC61_consensus_vsearch	3249	C	C	192	1	0.51%	2	1	93	93	0.4999999999999138	1	1	89	103	1	0	+ACA
F1_BC61_consensus_vsearch	3250	C	Y	186	7	3.57%	2	1	93	93	0.007391912172859777	1	1	90	96	0	7	T
F1_BC61_consensus_vsearch	3251	G	G	195	1	0.51%	2	1	93	93	0.5000000000001412	1	1	90	105	0	1	A
F1_BC61_consensus_vsearch	3252	T	T	192	2	1.02%	2	1	93	93	0.2493540051679821	1	1	90	102	0	2	C
F1_BC61_consensus_vsearch	3253	G	G	193	1	0.51%	2	1	93	93	0.4999999999999138	1	1	90	103	0	1	+CG
F1_BC61_consensus_vsearch	3254	T	T	189	4	2.06%	2	1	93	93	0.061527245600347336	1	1	90	99	0	4	C
F1_BC61_consensus_vsearch	3255	T	T	188	5	2.56%	2	2	93	93	0.030441490624263247	1	1	86	102	3	2	+G
F1_BC61_consensus_vsearch	3256	G	G	191	2	1.03%	2	2	93	93	0.24935064935068132	1	1	87	104	1	1	-A
F1_BC61_consensus_vsearch	3257	A	A	192	1	0.52%	2	1	93	93	0.4999999999999138	1	1	87	105	1	0	+G
F1_BC61_consensus_vsearch	3258	G	G	194	2	1.02%	2	1	93	93	0.24936061381078306	1	1	90	104	0	2	-T
F1_BC61_consensus_vsearch	3259	T	T	192	1	0.52%	2	1	93	93	0.4999999999999138	1	1	89	103	1	0	+C
F1_BC61_consensus_vsearch	3260	C	*/-A	174	18	9.18%	2	1	93	93	2.512406240593967E-6	1	1	89	85	0	18	-A
F1_BC61_consensus_vsearch	3261	A	A	168	2	1.14%	2	1	93	93	0.2492625368732155	1	1	87	81	2	0	+G
F1_BC61_consensus_vsearch	3262	A	A	189	1	0.52%	2	1	93	93	0.5000000000001412	1	1	88	101	1	0	+G
F1_BC61_consensus_vsearch	3263	A	M	184	7	3.57%	2	1	93	93	0.007387555568979833	1	1	89	95	0	7	C
F1_BC61_consensus_vsearch	3264	T	Y	186	7	3.63%	2	1	93	93	0.007391912172859777	1	1	90	96	0	7	C
F1_BC61_consensus_vsearch	3265	T	*/-AA	141	42	21.43%	2	1	93	93	1.5895070156890135E-14	1	1	88	53	0	42	-AA
F1_BC61_consensus_vsearch	3266	A	A	149	2	1.31%	2	2	93	93	0.2491694352159048	1	1	88	61	1	1	G
F1_BC61_consensus_vsearch	3267	A	A	148	2	1.3%	2	1	93	93	0.24916387959878647	1	1	87	61	0	2	G
F1_BC61_consensus_vsearch	3268	G	G	187	6	3.08%	2	1	93	93	0.015020997998324731	1	1	83	104	6	0	A
F1_BC61_consensus_vsearch	3269	C	C	192	1	0.51%	2	1	93	93	0.4999999999999138	1	1	89	103	0	1	+T
F1_BC61_consensus_vsearch	3270	C	Y	173	15	7.65%	2	1	93	93	2.2823007615405344E-5	1	1	82	91	0	15	T
F1_BC61_consensus_vsearch	3271	G	G	185	5	2.56%	2	1	93	93	0.030428742397642147	1	1	81	104	5	0	C
F1_BC61_consensus_vsearch	3272	C	C	194	1	0.51%	2	1	93	93	0.4999999999999138	1	1	89	105	1	0	+TT
F1_BC61_consensus_vsearch	3273	A	A	192	2	1.03%	2	1	93	93	0.2493540051679821	1	1	90	102	0	2	G
F1_BC61_consensus_vsearch	3274	G	G	193	1	0.51%	2	1	93	93	0.4999999999999138	1	1	89	104	1	0	A
F1_BC61_consensus_vsearch	3275	G	G	192	2	1.02%	2	1	93	93	0.2493540051679821	1	1	88	104	2	0	A
F1_BC61_consensus_vsearch	3276	C	C	188	5	2.56%	2	1	93	93	0.030441490624263247	1	1	90	98	0	5	-T
F1_BC61_consensus_vsearch	3277	T	T	185	3	1.57%	2	1	93	93	0.12399999999998497	1	1	86	99	3	0	+C
F1_BC61_consensus_vsearch	3278	C	C	193	1	0.52%	2	1	93	93	0.4999999999999138	1	1	88	105	1	0	+TC
F1_BC61_consensus_vsearch	3279	C	*/-AC	172	17	8.67%	2	1	93	93	5.236578670378071E-6	1	1	68	104	17	0	-AC
F1_BC61_consensus_vsearch	3280	A	A	170	2	1.14%	2	2	93	93	0.2492711370263462	1	1	67	103	1	1	G
F1_BC61_consensus_vsearch	3281	C	C	173	1	0.56%	2	1	93	93	0.4999999999999138	1	1	70	103	1	0	-GC
F1_BC61_consensus_vsearch	3282	G	G	189	1	0.52%	2	1	93	93	0.5000000000001412	1	1	84	105	1	0	+C
F1_BC61_consensus_vsearch	3283	C	C	191	1	0.52%	2	1	93	93	0.5000000000001412	1	1	86	105	0	1	+T
F1_BC61_consensus_vsearch	3284	C	C	193	1	0.51%	2	1	93	93	0.4999999999999138	1	1	87	106	1	0	-T
F1_BC61_consensus_vsearch	3285	T	T	193	2	1.03%	2	1	93	93	0.24935732647820702	1	1	89	104	0	2	C
F1_BC61_consensus_vsearch	3286	G	R	180	14	7.14%	2	1	93	93	4.7866085588579185E-5	1	1	74	106	14	0	A
F1_BC61_consensus_vsearch	3287	G	G	192	2	1.02%	2	1	93	93	0.2493540051679821	1	1	86	106	2	0	+A
F1_BC61_consensus_vsearch	3288	T	Y	186	9	4.62%	2	1	93	93	0.0017772348172719874	1	1	89	97	0	9	C
F1_BC61_consensus_vsearch	3289	T	*/+A	182	12	6.12%	2	1	93	93	2.0487881937931402E-4	1	1	76	106	12	0	+A
F1_BC61_consensus_vsearch	3290	G	K	180	13	6.63%	2	1	93	93	9.905976001490834E-5	1	1	74	106	13	0	T
F1_BC61_consensus_vsearch	3291	T	T	193	1	0.51%	2	1	93	93	0.4999999999999138	1	1	88	105	0	1	-GC
F1_BC61_consensus_vsearch	3292	G	*/-C	176	9	4.62%	2	2	93	93	0.001767978203561041	1	1	78	98	7	2	-C
F1_BC61_consensus_vsearch	3293	C	C	185	1	0.54%	2	1	93	93	0.5000000000001412	1	1	83	102	0	1	+T
F1_BC61_consensus_vsearch	3294	C	C	189	4	2.04%	2	2	93	93	0.061527245600347336	1	1	87	102	1	3	+T
F1_BC61_consensus_vsearch	3295	C	C	190	2	1.02%	2	1	93	93	0.2493472584856949	1	1	87	103	0	2	+T
F1_BC61_consensus_vsearch	3296	T	T	193	1	0.51%	2	1	93	93	0.4999999999999138	1	1	87	106	1	0	A
F1_BC61_consensus_vsearch	3297	T	T	185	4	2.04%	2	2	93	93	0.061506631299724945	1	1	81	104	3	1	+C
F1_BC61_consensus_vsearch	3298	C	C	190	1	0.52%	2	1	93	93	0.4999999999999138	1	1	84	106	1	0	+A
F1_BC61_consensus_vsearch	3299	C	C	190	2	1.02%	2	1	93	93	0.2493472584856949	1	1	86	104	2	0	A
F1_BC61_consensus_vsearch	3300	G	G	193	1	0.51%	2	1	93	93	0.4999999999999138	1	1	88	105	1	0	+A
F1_BC61_consensus_vsearch	3301	T	T	190	3	1.53%	2	1	93	93	0.12402597402595401	1	1	84	106	3	0	+C
F1_BC61_consensus_vsearch	3302	C	C	192	2	1.03%	2	2	93	93	0.2493540051679821	1	1	87	105	1	1	-A
F1_BC61_consensus_vsearch	3303	A	A	191	2	1.03%	2	1	93	93	0.24935064935068132	1	1	87	104	2	0	+G
F1_BC61_consensus_vsearch	3304	A	A	190	3	1.53%	2	1	93	93	0.12402597402595401	1	1	86	104	3	0	G
F1_BC61_consensus_vsearch	3305	T	T	191	1	0.52%	2	1	93	93	0.5000000000001412	1	1	89	102	0	1	+C
F1_BC61_consensus_vsearch	3306	T	T	183	5	2.56%	2	2	93	93	0.030420017873106126	1	1	88	95	1	4	+C
F1_BC61_consensus_vsearch	3307	C	C	190	1	0.52%	2	1	93	93	0.4999999999999138	1	1	89	101	0	1	T
F1_BC61_consensus_vsearch	3308	C	*/-T	179	9	4.59%	2	1	93	93	0.0017708558237889195	1	1	90	89	0	9	-T
F1_BC61_consensus_vsearch	3309	T	T	184	1	0.54%	2	1	93	93	0.4999999999999138	1	1	90	94	0	1	C
F1_BC61_consensus_vsearch	3310	T	T	192	1	0.52%	2	1	93	93	0.4999999999999138	1	1	89	103	1	0	+C
F1_BC61_consensus_vsearch	3311	T	T	185	3	1.54%	2	1	93	93	0.12399999999998497	1	1	88	97	0	3	-AA
F1_BC61_consensus_vsearch	3312	A	A	189	3	1.56%	2	1	93	93	0.12402088772842607	1	1	89	100	0	3	G
F1_BC61_consensus_vsearch	3313	A	A	188	4	2.07%	2	2	93	93	0.061522172652713904	1	1	89	99	1	3	G
F1_BC61_consensus_vsearch	3314	G	G	191	3	1.53%	2	1	93	93	0.1240310077519331	1	1	87	104	3	0	+T
F1_BC61_consensus_vsearch	3315	T	T	192	3	1.54%	2	2	93	93	0.12403598971719802	1	1	89	103	1	2	C
F1_BC61_consensus_vsearch	3316	T	T	194	1	0.51%	2	1	93	93	0.4999999999999138	1	1	90	104	0	1	C
F1_BC61_consensus_vsearch	3317	T	T	186	4	2.04%	2	2	93	93	0.061511866352189214	1	1	89	97	1	3	+C
F1_BC61_consensus_vsearch	3318	C	C	191	2	1.04%	2	1	93	93	0.24935064935068132	1	1	90	101	0	2	T
F1_BC61_consensus_vsearch	3319	A	A	192	2	1.03%	2	2	93	93	0.2493540051679821	1	1	89	103	1	1	G
F1_BC61_consensus_vsearch	3320	G	G	195	1	0.51%	2	1	93	93	0.5000000000001412	1	1	89	106	1	0	+A
F1_BC61_consensus_vsearch	3321	A	A	194	1	0.51%	2	1	93	93	0.4999999999999138	1	1	90	104	0	1	+T
F1_BC61_consensus_vsearch	3322	C	C	192	2	1.02%	2	1	93	93	0.2493540051679821	1	1	87	105	2	0	+T
F1_BC61_consensus_vsearch	3323	T	T	193	1	0.52%	2	1	93	93	0.4999999999999138	1	1	89	104	0	1	A
F1_BC61_consensus_vsearch	3324	T	T	193	1	0.51%	2	1	93	93	0.4999999999999138	1	1	89	104	0	1	+CA
F1_BC61_consensus_vsearch	3325	G	G	193	2	1.02%	2	1	93	93	0.24935732647820702	1	1	88	105	2	0	A
F1_BC61_consensus_vsearch	3326	C	C	184	4	2.05%	2	1	93	93	0.06150134048256699	1	1	85	99	0	4	T
F1_BC61_consensus_vsearch	3327	G	G	190	1	0.52%	2	1	93	93	0.4999999999999138	1	1	87	103	1	0	-A
F1_BC61_consensus_vsearch	3328	A	A	191	3	1.54%	2	2	93	93	0.1240310077519331	1	1	86	105	2	1	-C
F1_BC61_consensus_vsearch	3329	C	C	190	1	0.52%	2	1	93	93	0.4999999999999138	1	1	86	104	0	1	A
F1_BC61_consensus_vsearch	3330	C	C	191	3	1.53%	2	2	93	93	0.1240310077519331	1	1	87	104	1	2	T
F1_BC61_consensus_vsearch	3331	A	A	191	2	1.02%	2	2	93	93	0.24935064935068132	1	1	88	103	1	1	+C
F1_BC61_consensus_vsearch	3332	T	T	191	2	1.03%	2	1	93	93	0.24935064935068132	1	1	90	101	0	2	C
F1_BC61_consensus_vsearch	3333	A	*/-C	179	8	4.12%	2	1	93	93	0.0036189151712300786	1	1	87	92	0	8	-C
F1_BC61_consensus_vsearch	3334	C	*/+T	159	13	6.95%	2	2	93	93	9.647152895130946E-5	1	1	87	72	1	12	+T
F1_BC61_consensus_vsearch	3335	T	*/-C	134	25	13.16%	2	2	93	93	1.071080352374038E-8	1	1	56	78	15	10	-C
F1_BC61_consensus_vsearch	3336	C	C	158	2	1.25%	2	1	93	93	0.24921630094037406	1	1	72	86	0	2	T
F1_BC61_consensus_vsearch	3337	C	C	188	2	1.05%	2	1	93	93	0.2493403693931866	1	1	89	99	0	2	T
F1_BC61_consensus_vsearch	3338	C	C	193	3	1.53%	2	1	93	93	0.12404092071614016	1	1	90	103	0	3	T
F1_BC61_consensus_vsearch	3339	C	C	196	0	0%	2	0	93	0	1.0	1	0	90	106	0	0	
F1_BC61_consensus_vsearch	3340	C	C	194	1	0.51%	2	1	93	93	0.4999999999999138	1	1	89	105	0	1	+T
F1_BC61_consensus_vsearch	3341	A	A	194	1	0.51%	2	1	93	93	0.4999999999999138	1	1	89	105	1	0	+G
F1_BC61_consensus_vsearch	3342	G	G	191	4	2.04%	2	1	93	93	0.06153723520852315	1	1	85	106	4	0	-A
F1_BC61_consensus_vsearch	3343	A	A	188	3	1.56%	2	2	93	93	0.124015748031514	1	1	85	103	1	2	-G
F1_BC61_consensus_vsearch	3344	G	G	189	2	1.04%	2	2	93	93	0.24934383202100482	1	1	86	103	1	1	-T
F1_BC61_consensus_vsearch	3345	T	*/-C	174	18	9.28%	2	1	93	93	2.512406240593967E-6	1	1	71	103	18	0	-C
F1_BC61_consensus_vsearch	3346	C	C	175	1	0.56%	2	1	93	93	0.4999999999999138	1	1	72	103	0	1	+T
F1_BC61_consensus_vsearch	3347	C	*/-A	171	18	9.23%	2	1	93	93	2.4949903914247745E-6	1	1	67	104	18	0	-A
F1_BC61_consensus_vsearch	3348	A	A	171	3	1.72%	2	2	93	93	0.1239193083573888	1	1	67	104	1	2	G
F1_BC61_consensus_vsearch	3349	A	A	189	2	1.04%	2	1	93	93	0.24934383202100482	1	1	83	106	2	0	G
F1_BC61_consensus_vsearch	3350	A	A	195	1	0.51%	2	1	93	93	0.5000000000001412	1	1	90	105	0	1	G
F1_BC61_consensus_vsearch	3351	G	G	193	2	1.02%	2	2	93	93	0.24935732647820702	1	1	88	105	1	1	-A
F1_BC61_consensus_vsearch	3352	A	A	191	2	1.03%	2	1	93	93	0.24935064935068132	1	1	89	102	0	2	-C
F1_BC61_consensus_vsearch	3353	C	C	187	3	1.55%	2	1	93	93	0.12401055408976878	1	1	90	97	0	3	T
F1_BC61_consensus_vsearch	3354	T	*/-C	173	11	5.7%	2	1	93	93	4.186451412907242E-4	1	1	83	90	0	11	-C
F1_BC61_consensus_vsearch	3355	C	C	177	2	1.09%	2	1	93	93	0.24929971988807545	1	1	88	89	2	0	+A
F1_BC61_consensus_vsearch	3356	T	*/-A	160	19	9.95%	2	2	93	93	1.1523276669295318E-6	1	1	82	78	1	18	-A
F1_BC61_consensus_vsearch	3357	A	R	161	7	4.02%	2	1	93	93	0.007330092413737525	1	1	88	73	0	7	G
F1_BC61_consensus_vsearch	3358	A	A	182	6	3.09%	2	1	93	93	0.015005022293196836	1	1	88	94	0	6	-T
F1_BC61_consensus_vsearch	3359	T	Y	177	10	5.29%	2	1	93	93	8.631325337656354E-4	1	1	88	89	0	10	C
F1_BC61_consensus_vsearch	3360	T	T	188	4	2.05%	2	2	93	93	0.061522172652713904	1	1	88	100	1	3	C
F1_BC61_consensus_vsearch	3361	T	T	185	6	3.08%	2	1	93	93	0.01501470753479516	1	1	89	96	0	6	-CT
F1_BC61_consensus_vsearch	3362	C	C	185	3	1.58%	2	1	93	93	0.12399999999998497	1	1	90	95	0	3	-T
F1_BC61_consensus_vsearch	3363	T	T	184	2	1.07%	2	2	93	93	0.24932614555250343	1	1	88	96	1	1	-A
F1_BC61_consensus_vsearch	3364	A	A	188	3	1.55%	2	1	93	93	0.124015748031514	1	1	86	102	0	3	-TA
F1_BC61_consensus_vsearch	3365	T	T	185	4	2.08%	2	1	93	93	0.061506631299724945	1	1	82	103	4	0	-A
F1_BC61_consensus_vsearch	3366	A	A	181	2	1.06%	2	1	93	93	0.24931506849317653	1	1	81	100	2	0	+TA
F1_BC61_consensus_vsearch	3367	C	C	191	2	1.03%	2	1	93	93	0.24935064935068132	1	1	87	104	2	0	-GC
F1_BC61_consensus_vsearch	3368	G	G	188	2	1.04%	2	1	93	93	0.2493403693931866	1	1	85	103	2	0	A
F1_BC61_consensus_vsearch	3369	C	*/-T	180	8	4.15%	2	1	93	93	0.00362041635085765	1	1	87	93	0	8	-T
F1_BC61_consensus_vsearch	3370	T	*/+C	152	19	10.27%	2	2	93	93	1.1239323973559722E-6	1	1	74	78	9	10	+C
F1_BC61_consensus_vsearch	3371	C	C	183	1	0.54%	2	1	93	93	0.4999999999999138	1	1	83	100	1	0	A
F1_BC61_consensus_vsearch	3372	C	C	189	1	0.53%	2	1	93	93	0.5000000000001412	1	1	84	105	0	1	T
F1_BC61_consensus_vsearch	3373	C	C	183	6	3.08%	2	1	93	93	0.015008284680098535	1	1	86	97	0	6	+G
F1_BC61_consensus_vsearch	3374	G	G	186	6	3.06%	2	1	93	93	0.015017869058322414	1	1	80	106	6	0	-A
F1_BC61_consensus_vsearch	3375	A	A	185	2	1.05%	2	1	93	93	0.24932975871318122	1	1	80	105	2	0	+G
F1_BC61_consensus_vsearch	3376	G	G	194	0	0%	2	0	93	0	1.0	1	0	88	106	0	0	
F1_BC61_consensus_vsearch	3377	C	C	190	3	1.53%	2	2	93	93	0.12402597402595401	1	1	88	102	1	2	-GC
F1_BC61_consensus_vsearch	3378	G	G	190	2	1.04%	2	1	93	93	0.2493472584856949	1	1	87	103	2	0	A
F1_BC61_consensus_vsearch	3379	C	C	190	1	0.52%	2	1	93	93	0.4999999999999138	1	1	88	102	0	1	+G
F1_BC61_consensus_vsearch	3380	T	Y	178	10	5.15%	2	2	93	93	8.637144208672183E-4	1	1	88	90	1	9	C
F1_BC61_consensus_vsearch	3381	G	G	188	2	1.05%	2	1	93	93	0.2493403693931866	1	1	86	102	2	0	-C
F1_BC61_consensus_vsearch	3382	C	C	185	1	0.53%	2	1	93	93	0.5000000000001412	1	1	87	98	0	1	+T
F1_BC61_consensus_vsearch	3383	T	T	183	3	1.58%	2	1	93	93	0.12398921832883274	1	1	85	98	3	0	-A
F1_BC61_consensus_vsearch	3384	A	A	187	2	1.05%	2	2	93	93	0.24933687002661706	1	1	84	103	1	1	G
F1_BC61_consensus_vsearch	3385	A	A	186	5	2.56%	2	1	93	93	0.030433036239869853	1	1	80	106	5	0	G
F1_BC61_consensus_vsearch	3386	C	*/-A	180	12	6.12%	2	1	93	93	2.0449333836859826E-4	1	1	75	105	12	0	-A
F1_BC61_consensus_vsearch	3387	A	A	172	5	2.72%	2	1	93	93	0.030368514079556194	1	1	70	102	5	0	T
F1_BC61_consensus_vsearch	3388	C	C	185	3	1.56%	2	1	93	93	0.12399999999998497	1	1	82	103	3	0	G
F1_BC61_consensus_vsearch	3389	A	W	175	12	6.22%	2	2	93	93	2.0349578218661617E-4	1	1	73	102	11	1	T
F1_BC61_consensus_vsearch	3390	G	*/+A	182	11	5.7%	2	1	93	93	4.217452292539659E-4	1	1	76	106	11	0	+A
F1_BC61_consensus_vsearch	3391	A	A	192	2	1.02%	2	1	93	93	0.2493540051679821	1	1	90	102	0	2	G
F1_BC61_consensus_vsearch	3392	C	C	189	2	1.03%	2	1	93	93	0.24934383202100482	1	1	86	103	0	2	+A
F1_BC61_consensus_vsearch	3393	A	*/-C	184	7	3.61%	2	2	93	93	0.007387555568979833	1	1	81	103	5	2	-C
F1_BC61_consensus_vsearch	3394	C	C	178	2	1.08%	2	1	93	93	0.24930362117001986	1	1	83	95	0	2	+AC
F1_BC61_consensus_vsearch	3395	C	C	185	4	2.06%	2	1	93	93	0.061506631299724945	1	1	89	96	0	4	T
F1_BC61_consensus_vsearch	3396	C	Y	185	7	3.57%	2	1	93	93	0.007389745092191117	1	1	90	95	0	7	T
F1_BC61_consensus_vsearch	3397	G	G	192	1	0.52%	2	1	93	93	0.4999999999999138	1	1	90	102	0	1	-T
F1_BC61_consensus_vsearch	3398	T	T	189	2	1.03%	2	1	93	93	0.24934383202100482	1	1	89	100	0	2	+G
F1_BC61_consensus_vsearch	3399	G	G	195	1	0.51%	2	1	93	93	0.5000000000001412	1	1	89	106	1	0	-A
F1_BC61_consensus_vsearch	3400	A	A	190	3	1.54%	2	1	93	93	0.12402597402595401	1	1	89	101	0	3	-T
F1_BC61_consensus_vsearch	3401	T	T	190	1	0.52%	2	1	93	93	0.4999999999999138	1	1	88	102	1	0	+C
F1_BC61_consensus_vsearch	3402	C	C	187	5	2.56%	2	1	93	93	0.030437285417662132	1	1	85	102	5	0	+A
F1_BC61_consensus_vsearch	3403	G	G	191	3	1.53%	2	2	93	93	0.1240310077519331	1	1	88	103	1	2	-CG
F1_BC61_consensus_vsearch	3404	C	C	190	2	1.04%	2	1	93	93	0.2493472584856949	1	1	89	101	0	2	T
F1_BC61_consensus_vsearch	3405	G	G	190	2	1.04%	2	1	93	93	0.2493472584856949	1	1	89	101	0	2	+CG
F1_BC61_consensus_vsearch	3406	T	T	193	1	0.51%	2	1	93	93	0.4999999999999138	1	1	90	103	0	1	+AA
F1_BC61_consensus_vsearch	3407	C	C	190	2	1.03%	2	1	93	93	0.2493472584856949	1	1	88	102	0	2	T
F1_BC61_consensus_vsearch	3408	G	G	195	1	0.51%	2	1	93	93	0.5000000000001412	1	1	89	106	1	0	-A
F1_BC61_consensus_vsearch	3409	A	A	191	2	1.03%	2	2	93	93	0.24935064935068132	1	1	87	104	1	1	+G
F1_BC61_consensus_vsearch	3410	C	C	188	5	2.56%	2	2	93	93	0.030441490624263247	1	1	87	101	1	4	T
F1_BC61_consensus_vsearch	3411	A	A	189	5	2.56%	2	1	93	93	0.030445652538661657	1	1	88	101	0	5	-T
F1_BC61_consensus_vsearch	3412	T	T	188	1	0.52%	2	1	93	93	0.5000000000001412	1	1	90	98	0	1	+AT
F1_BC61_consensus_vsearch	3413	C	C	195	0	0%	2	0	93	0	1.0	1	0	90	105	0	0	
F1_BC61_consensus_vsearch	3414	G	G	186	5	2.55%	2	1	93	93	0.030433036239869853	1	1	85	101	5	0	+T
F1_BC61_consensus_vsearch	3415	T	T	196	0	0%	2	0	93	0	1.0	1	0	90	106	0	0	
F1_BC61_consensus_vsearch	3416	T	T	194	2	1.02%	2	1	93	93	0.24936061381078306	1	1	90	104	0	2	C
F1_BC61_consensus_vsearch	3417	T	T	194	1	0.51%	2	1	93	93	0.4999999999999138	1	1	88	106	1	0	-ACTGGTGGGACTACAACGGTGTCTAATCGTCTTTCCCCCCCACC
F1_BC61_consensus_vsearch	3418	A	A	193	2	1.03%	2	2	93	93	0.24935732647820702	1	1	88	105	1	1	G
F1_BC61_consensus_vsearch	3419	C	C	195	0	0%	2	0	93	0	1.0	1	0	89	106	0	0	
F1_BC61_consensus_vsearch	3420	T	Y	169	10	5.13%	2	1	93	93	8.582524143025632E-4	1	1	89	80	0	10	C
F1_BC61_consensus_vsearch	3421	G	G	186	1	0.53%	2	1	93	93	0.4999999999999138	1	1	88	98	1	0	+A
F1_BC61_consensus_vsearch	3422	G	G	192	1	0.51%	2	1	93	93	0.4999999999999138	1	1	87	105	0	1	-T
F1_BC61_consensus_vsearch	3423	T	*/-G	172	9	4.66%	2	1	93	93	0.0017639971126793845	1	1	86	86	0	9	-G
F1_BC61_consensus_vsearch	3424	G	G	178	2	1.09%	2	1	93	93	0.24930362117001986	1	1	87	91	0	2	+TG
F1_BC61_consensus_vsearch	3425	G	G	193	0	0%	2	0	93	0	1.0	1	0	88	105	0	0	
F1_BC61_consensus_vsearch	3426	G	G	195	0	0%	2	0	93	0	1.0	1	0	89	106	0	0	
F1_BC61_consensus_vsearch	3427	A	A	194	1	0.51%	2	1	93	93	0.4999999999999138	1	1	89	105	0	1	+T
F1_BC61_consensus_vsearch	3428	C	C	190	4	2.05%	2	1	93	93	0.061532266183381874	1	1	88	102	0	4	-T
F1_BC61_consensus_vsearch	3429	T	T	184	2	1.05%	2	1	93	93	0.24932614555250343	1	1	86	98	0	2	+A
F1_BC61_consensus_vsearch	3430	A	A	187	2	1.03%	2	1	93	93	0.24933687002661706	1	1	85	102	0	2	+G
F1_BC61_consensus_vsearch	3431	C	C	189	1	0.52%	2	1	93	93	0.5000000000001412	1	1	87	102	1	0	-A
F1_BC61_consensus_vsearch	3432	A	A	188	3	1.55%	2	1	93	93	0.124015748031514	1	1	85	103	3	0	G
F1_BC61_consensus_vsearch	3433	A	R	169	22	11.28%	2	2	93	93	1.2557110970082977E-7	1	1	67	102	21	1	G
F1_BC61_consensus_vsearch	3434	C	C	185	2	1.04%	2	1	93	93	0.24932975871318122	1	1	85	100	2	0	+A
F1_BC61_consensus_vsearch	3435	G	R	173	15	7.77%	2	1	93	93	2.2823007615405344E-5	1	1	70	103	15	0	A
F1_BC61_consensus_vsearch	3436	G	G	192	1	0.51%	2	1	93	93	0.4999999999999138	1	1	87	105	1	0	-T
F1_BC61_consensus_vsearch	3437	T	T	192	1	0.52%	2	1	93	93	0.4999999999999138	1	1	88	104	0	1	+A
F1_BC61_consensus_vsearch	3438	G	*/+T	181	8	4.1%	2	1	93	93	0.0036219019328410066	1	1	88	93	0	8	+T
F1_BC61_consensus_vsearch	3439	T	T	184	5	2.56%	2	2	93	93	0.030424403183015276	1	1	86	98	1	4	+GT
F1_BC61_consensus_vsearch	3440	C	C	185	6	3.09%	2	2	93	93	0.01501470753479516	1	1	85	100	1	5	-T
F1_BC61_consensus_vsearch	3441	T	Y	178	9	4.76%	2	2	93	93	0.0017699066001378024	1	1	85	93	3	6	C
F1_BC61_consensus_vsearch	3442	A	A	191	2	1.03%	2	1	93	93	0.24935064935068132	1	1	87	104	2	0	+CA
F1_BC61_consensus_vsearch	3443	A	A	193	1	0.51%	2	1	93	93	0.4999999999999138	1	1	89	104	0	1	+C
F1_BC61_consensus_vsearch	3444	T	T	191	3	1.54%	2	2	93	93	0.1240310077519331	1	1	88	103	1	2	-C
F1_BC61_consensus_vsearch	3445	C	C	191	1	0.52%	2	1	93	93	0.5000000000001412	1	1	87	104	1	0	T
F1_BC61_consensus_vsearch	3446	G	G	192	2	1.03%	2	2	93	93	0.2493540051679821	1	1	88	104	1	1	A
F1_BC61_consensus_vsearch	3447	T	T	193	2	1.03%	2	2	93	93	0.24935732647820702	1	1	88	105	1	1	-C
F1_BC61_consensus_vsearch	3448	C	*/+T	178	7	3.63%	2	1	93	93	0.007373926992228167	1	1	77	101	7	0	+T
F1_BC61_consensus_vsearch	3449	T	T	187	1	0.53%	2	1	93	93	0.4999999999999138	1	1	86	101	0	1	+C
F1_BC61_consensus_vsearch	3450	T	T	189	3	1.54%	2	2	93	93	0.12402088772842607	1	1	86	103	1	2	C
F1_BC61_consensus_vsearch	3451	T	*/+G	60	77	39.49%	2	2	93	93	1.6413081391953484E-30	1	1	27	33	30	47	+G
F1_BC61_consensus_vsearch	3452	C	S	95	54	31.76%	2	2	93	93	1.5201601659611317E-19	1	1	43	52	23	31	G
F1_BC61_consensus_vsearch	3453	C	Y	77	92	48.42%	2	2	93	93	5.633136410495447E-36	1	1	41	36	43	49	T
F1_BC61_consensus_vsearch	3454	C	Y	125	64	32.82%	2	2	93	93	8.530113547815501E-23	1	1	51	74	37	27	T
F1_BC61_consensus_vsearch	3455	C	Y	179	15	7.69%	2	2	93	93	2.3037153491826006E-5	1	1	87	92	1	14	T
F1_BC61_consensus_vsearch	3456	C	C	192	2	1.03%	2	1	93	93	0.2493540051679821	1	1	89	103	0	2	T
F1_BC61_consensus_vsearch	3457	C	C	191	4	2.05%	2	2	93	93	0.06153723520852315	1	1	86	105	3	1	A
F1_BC61_consensus_vsearch	3458	C	C	190	3	1.54%	2	2	93	93	0.12402597402595401	1	1	88	102	1	2	-A
F1_BC61_consensus_vsearch	3459	A	A	183	6	3.12%	2	2	93	93	0.015008284680098535	1	1	85	98	1	5	-C
F1_BC61_consensus_vsearch	3460	C	C	185	1	0.53%	2	1	93	93	0.5000000000001412	1	1	87	98	0	1	+T
F1_BC61_consensus_vsearch	3461	C	C	191	2	1.03%	2	1	93	93	0.24935064935068132	1	1	88	103	0	2	+T
F1_BC61_consensus_vsearch	3462	C	C	192	2	1.02%	2	1	93	93	0.2493540051679821	1	1	89	103	0	2	-T
F1_BC61_consensus_vsearch	3463	T	T	193	1	0.52%	2	1	93	93	0.4999999999999138	1	1	90	103	0	1	+CT
F1_BC61_consensus_vsearch	3464	T	T	192	2	1.02%	2	1	93	93	0.2493540051679821	1	1	88	104	0	2	+C
F1_BC61_consensus_vsearch	3465	C	C	190	3	1.53%	2	2	93	93	0.12402597402595401	1	1	88	102	2	1	+A
F1_BC61_consensus_vsearch	3466	G	G	190	3	1.53%	2	2	93	93	0.12402597402595401	1	1	85	105	2	1	A
F1_BC61_consensus_vsearch	3467	T	T	190	2	1.02%	2	1	93	93	0.2493472584856949	1	1	87	103	2	0	+A
F1_BC61_consensus_vsearch	3468	G	*/-CT	184	9	4.59%	2	1	93	93	0.0017754582364345615	1	1	80	104	9	0	-CT
F1_BC61_consensus_vsearch	3469	C	C	181	2	1.07%	2	1	93	93	0.24931506849317653	1	1	78	103	0	2	+GC
F1_BC61_consensus_vsearch	3470	T	T	180	4	2.17%	2	2	93	93	0.06147960135865969	1	1	77	103	1	3	C
F1_BC61_consensus_vsearch	3471	T	T	189	3	1.54%	2	2	93	93	0.12402088772842607	1	1	87	102	1	2	+G
F1_BC61_consensus_vsearch	3472	G	+A/+A	4	187	95.41%	2	2	93	93	1.4534534845662373E-106	1	1	3	1	87	100	+A
F1_BC61_consensus_vsearch	3473	T	T	188	2	1.04%	2	1	93	93	0.2493403693931866	1	1	86	102	2	0	+C
F1_BC61_consensus_vsearch	3474	C	C	188	3	1.55%	2	2	93	93	0.124015748031514	1	1	88	100	1	2	-A
F1_BC61_consensus_vsearch	3475	A	A	188	1	0.53%	2	1	93	93	0.5000000000001412	1	1	88	100	1	0	C
F1_BC61_consensus_vsearch	3476	A	R	183	7	3.57%	2	1	93	93	0.007385343252869138	1	1	81	102	7	0	G
F1_BC61_consensus_vsearch	3477	T	-G/-G	18	165	86.39%	2	2	93	93	3.263547340489072E-84	1	1	10	8	71	94	-G
F1_BC61_consensus_vsearch	3478	G	S	9	7	30.43%	2	2	93	93	0.0033988382153009905	1	1	4	5	1	6	C
F1_BC61_consensus_vsearch	3479	G	*/-A	166	9	4.76%	2	2	93	93	0.0017576940544006955	1	1	69	97	5	4	-A
F1_BC61_consensus_vsearch	3480	A	A	176	2	1.11%	2	2	93	93	0.2492957746479494	1	1	76	100	1	1	T
F1_BC61_consensus_vsearch	3481	A	A	193	0	0%	2	0	93	0	1.0	1	0	88	105	0	0	
F1_BC61_consensus_vsearch	3482	A	A	195	1	0.51%	2	1	93	93	0.5000000000001412	1	1	90	105	0	1	G
F1_BC61_consensus_vsearch	3483	G	K	184	7	3.57%	2	1	93	93	0.007387555568979833	1	1	83	101	7	0	T
F1_BC61_consensus_vsearch	3484	T	T	184	4	2.05%	2	1	93	93	0.06150134048256699	1	1	88	96	0	4	+A
F1_BC61_consensus_vsearch	3485	A	*/-C	128	57	29.69%	2	2	93	93	4.151607334136413E-20	1	1	41	87	43	14	-C
F1_BC61_consensus_vsearch	3486	C	*/+T	102	22	16.18%	2	1	93	93	8.585235916239547E-8	1	1	44	58	0	22	+T
F1_BC61_consensus_vsearch	3487	C	Y	168	16	8.21%	2	1	93	93	1.0854949494039784E-5	1	1	89	79	0	16	T
F1_BC61_consensus_vsearch	3488	C	*/-T	167	17	8.67%	2	1	93	93	5.180771349429004E-6	1	1	90	77	0	17	-T
F1_BC61_consensus_vsearch	3489	T	T	162	6	3.35%	2	1	93	93	0.014931669731685287	1	1	90	72	0	6	C
F1_BC61_consensus_vsearch	3490	A	*/-G	182	8	4.12%	2	2	93	93	0.003623372158916335	1	1	81	101	6	2	-G
F1_BC61_consensus_vsearch	3491	G	G	185	1	0.53%	2	1	93	93	0.5000000000001412	1	1	82	103	0	1	+TT
F1_BC61_consensus_vsearch	3492	C	C	187	4	2.05%	2	1	93	93	0.06151704651694607	1	1	83	104	4	0	A
F1_BC61_consensus_vsearch	3493	C	Y	180	12	6.12%	2	2	93	93	2.0449333836859826E-4	1	1	83	97	7	5	T
F1_BC61_consensus_vsearch	3494	A	A	189	3	1.56%	2	2	93	93	0.12402088772842607	1	1	89	100	1	2	G
F1_BC61_consensus_vsearch	3495	A	R	184	10	5.1%	2	1	93	93	8.670842550026666E-4	1	1	80	104	10	0	G
F1_BC61_consensus_vsearch	3496	C	C	192	2	1.02%	2	1	93	93	0.2493540051679821	1	1	89	103	0	2	+A
F1_BC61_consensus_vsearch	3497	T	T	190	3	1.53%	2	1	93	93	0.12402597402595401	1	1	90	100	0	3	C
F1_BC61_consensus_vsearch	3498	G	G	189	3	1.53%	2	1	93	93	0.12402088772842607	1	1	86	103	3	0	T
F1_BC61_consensus_vsearch	3499	C	C	183	5	2.59%	2	2	93	93	0.030420017873106126	1	1	88	95	1	4	-T
F1_BC61_consensus_vsearch	3500	T	T	183	3	1.61%	2	2	93	93	0.12398921832883274	1	1	88	95	1	2	C
F1_BC61_consensus_vsearch	3501	T	T	193	0	0%	2	0	93	0	1.0	1	0	90	103	0	0	
F1_BC61_consensus_vsearch	3502	T	*/-C	185	8	4.08%	2	2	93	93	0.003627693045256358	1	1	89	96	1	7	-C
F1_BC61_consensus_vsearch	3503	C	C	179	3	1.6%	2	1	93	93	0.12396694214879515	1	1	88	91	0	3	+T
F1_BC61_consensus_vsearch	3504	G	G	191	1	0.52%	2	1	93	93	0.5000000000001412	1	1	90	101	0	1	-CA
F1_BC61_consensus_vsearch	3505	C	C	189	1	0.52%	2	1	93	93	0.5000000000001412	1	1	88	101	1	0	+G
F1_BC61_consensus_vsearch	3506	A	A	191	2	1.03%	2	1	93	93	0.24935064935068132	1	1	88	103	0	2	G
F1_BC61_consensus_vsearch	3507	T	T	193	1	0.51%	2	1	93	93	0.4999999999999138	1	1	88	105	0	1	A
F1_BC61_consensus_vsearch	3508	T	T	190	4	2.04%	2	1	93	93	0.061532266183381874	1	1	84	106	4	0	+A
F1_BC61_consensus_vsearch	3509	A	A	186	5	2.56%	2	1	93	93	0.030433036239869853	1	1	88	98	0	5	+G
F1_BC61_consensus_vsearch	3510	G	G	192	1	0.52%	2	1	93	93	0.4999999999999138	1	1	89	103	1	0	A
F1_BC61_consensus_vsearch	3511	G	G	195	0	0%	2	0	93	0	1.0	1	0	90	105	0	0	
F1_BC61_consensus_vsearch	3512	T	T	194	1	0.51%	2	1	93	93	0.4999999999999138	1	1	88	106	1	0	-C
F1_BC61_consensus_vsearch	3513	C	C	192	1	0.51%	2	1	93	93	0.4999999999999138	1	1	89	103	0	1	+A
F1_BC61_consensus_vsearch	3514	G	G	189	2	1.03%	2	1	93	93	0.24934383202100482	1	1	89	100	0	2	+T
F1_BC61_consensus_vsearch	3515	T	T	190	1	0.52%	2	1	93	93	0.4999999999999138	1	1	89	101	0	1	-C
F1_BC61_consensus_vsearch	3516	C	C	188	4	2.07%	2	1	93	93	0.061522172652713904	1	1	90	98	0	4	-T
F1_BC61_consensus_vsearch	3517	T	T	187	3	1.57%	2	1	93	93	0.12401055408976878	1	1	90	97	0	3	C
F1_BC61_consensus_vsearch	3518	T	T	191	3	1.53%	2	1	93	93	0.1240310077519331	1	1	87	104	3	0	+C
F1_BC61_consensus_vsearch	3519	C	*/-T	180	10	5.13%	2	1	93	93	8.648604879212406E-4	1	1	89	91	0	10	-T
F1_BC61_consensus_vsearch	3520	T	T	169	4	2.19%	2	1	93	93	0.06141462796299874	1	1	83	86	0	4	+CT
F1_BC61_consensus_vsearch	3521	G	G	187	4	2.06%	2	1	93	93	0.06151704651694607	1	1	82	105	4	0	C
F1_BC61_consensus_vsearch	3522	A	*/-G	159	27	13.99%	2	2	93	93	2.6949429879321714E-9	1	1	60	99	22	5	-G
F1_BC61_consensus_vsearch	3523	G	G	166	2	1.18%	2	1	93	93	0.24925373134341675	1	1	65	101	2	0	+A
F1_BC61_consensus_vsearch	3524	G	G	196	0	0%	2	0	93	0	1.0	1	0	90	106	0	0	
F1_BC61_consensus_vsearch	3525	G	G	193	2	1.02%	2	1	93	93	0.24935732647820702	1	1	88	105	2	0	A
F1_BC61_consensus_vsearch	3526	T	T	190	2	1.02%	2	1	93	93	0.2493472584856949	1	1	87	103	2	0	+C
F1_BC61_consensus_vsearch	3527	C	*/-A	178	9	4.64%	2	1	93	93	0.0017699066001378024	1	1	77	101	9	0	-A
F1_BC61_consensus_vsearch	3528	A	A	170	6	3.24%	2	1	93	93	0.014962999286264184	1	1	74	96	0	6	+G
F1_BC61_consensus_vsearch	3529	C	Y	175	9	4.69%	2	1	93	93	0.0017669987142516655	1	1	74	101	9	0	T
F1_BC61_consensus_vsearch	3530	A	R	169	12	6.28%	2	1	93	93	2.02230596700354E-4	1	1	71	98	12	0	G
F1_BC61_consensus_vsearch	3531	G	G	180	5	2.65%	2	1	93	93	0.030406577907750046	1	1	80	100	5	0	+A
F1_BC61_consensus_vsearch	3532	G	*/-A	184	11	5.61%	2	1	93	93	4.223970856632319E-4	1	1	78	106	11	0	-A
F1_BC61_consensus_vsearch	3533	A	A	183	1	0.54%	2	1	93	93	0.4999999999999138	1	1	78	105	0	1	+T
F1_BC61_consensus_vsearch	3534	T	T	192	2	1.03%	2	2	93	93	0.2493540051679821	1	1	88	104	1	1	G
F1_BC61_consensus_vsearch	3535	T	T	193	3	1.53%	2	2	93	93	0.12404092071614016	1	1	89	104	1	2	C
F1_BC61_consensus_vsearch	3536	T	T	192	2	1.02%	2	1	93	93	0.2493540051679821	1	1	86	106	2	0	C
F1_BC61_consensus_vsearch	3537	C	C	191	2	1.03%	2	1	93	93	0.24935064935068132	1	1	85	106	2	0	-A
F1_BC61_consensus_vsearch	3538	A	*/+C	76	87	44.85%	2	2	93	93	7.429688596846778E-34	1	1	21	55	46	41	+C
F1_BC61_consensus_vsearch	3539	C	C	171	3	1.7%	2	2	93	93	0.1239193083573888	1	1	70	101	2	1	+T
F1_BC61_consensus_vsearch	3540	C	C	178	4	2.16%	2	1	93	93	0.06146837297681004	1	1	77	101	0	4	+T
F1_BC61_consensus_vsearch	3541	C	C	184	5	2.55%	2	1	93	93	0.030424403183015276	1	1	86	98	0	5	+T
F1_BC61_consensus_vsearch	3542	T	T	188	1	0.52%	2	1	93	93	0.5000000000001412	1	1	86	102	1	0	+A
F1_BC61_consensus_vsearch	3543	A	A	191	2	1.02%	2	1	93	93	0.24935064935068132	1	1	86	105	2	0	G
F1_BC61_consensus_vsearch	3544	G	*/+C	181	7	3.59%	2	2	93	93	0.007380848803681321	1	1	78	103	6	1	+C
F1_BC61_consensus_vsearch	3545	C	C	187	2	1.06%	2	1	93	93	0.24933687002661706	1	1	85	102	0	2	+T
F1_BC61_consensus_vsearch	3546	C	C	191	1	0.52%	2	1	93	93	0.5000000000001412	1	1	88	103	0	1	+T
F1_BC61_consensus_vsearch	3547	C	C	193	1	0.51%	2	1	93	93	0.4999999999999138	1	1	88	105	0	1	+TGG
F1_BC61_consensus_vsearch	3548	C	C	193	2	1.02%	2	2	93	93	0.24935732647820702	1	1	88	105	1	1	T
F1_BC61_consensus_vsearch	3549	A	A	192	2	1.03%	2	1	93	93	0.2493540051679821	1	1	86	106	2	0	-G
F1_BC61_consensus_vsearch	3550	G	*/-A	173	15	7.73%	2	1	93	93	2.2823007615405344E-5	1	1	67	106	15	0	-A
F1_BC61_consensus_vsearch	3551	A	A	171	4	2.26%	2	2	93	93	0.061427049701525516	1	1	68	103	3	1	G
F1_BC61_consensus_vsearch	3552	G	G	189	1	0.52%	2	1	93	93	0.5000000000001412	1	1	86	103	0	1	+C
F1_BC61_consensus_vsearch	3553	T	T	190	3	1.54%	2	1	93	93	0.12402597402595401	1	1	90	100	0	3	+A
F1_BC61_consensus_vsearch	3554	A	A	190	5	2.56%	2	2	93	93	0.03044977182598529	1	1	87	103	3	2	G
F1_BC61_consensus_vsearch	3555	C	C	188	4	2.04%	2	1	93	93	0.061522172652713904	1	1	88	100	0	4	T
F1_BC61_consensus_vsearch	3556	G	G	190	5	2.56%	2	1	93	93	0.03044977182598529	1	1	85	105	5	0	A
F1_BC61_consensus_vsearch	3557	G	G	192	1	0.51%	2	1	93	93	0.4999999999999138	1	1	88	104	0	1	+C
F1_BC61_consensus_vsearch	3558	T	T	190	4	2.05%	2	1	93	93	0.061532266183381874	1	1	89	101	0	4	C
F1_BC61_consensus_vsearch	3559	T	T	183	5	2.55%	2	2	93	93	0.030420017873106126	1	1	83	100	3	2	-G
F1_BC61_consensus_vsearch	3560	G	G	185	2	1.06%	2	1	93	93	0.24932975871318122	1	1	83	102	0	2	A
F1_BC61_consensus_vsearch	3561	G	G	179	5	2.59%	2	2	93	93	0.03040200067187797	1	1	78	101	3	2	A
F1_BC61_consensus_vsearch	3562	C	C	183	3	1.58%	2	1	93	93	0.12398921832883274	1	1	78	105	3	0	T
F1_BC61_consensus_vsearch	3563	C	Y	183	8	4.1%	2	2	93	93	0.003624827265843605	1	1	82	101	6	2	T
F1_BC61_consensus_vsearch	3564	C	*/+T	176	10	5.13%	2	1	93	93	8.625446222228462E-4	1	1	81	95	0	10	+T
F1_BC61_consensus_vsearch	3565	C	*/+G	38	110	56.41%	2	2	93	93	9.7214825136366E-49	1	1	36	2	33	77	+G
F1_BC61_consensus_vsearch	3566	A	A	189	2	1.02%	2	2	93	93	0.24934383202100482	1	1	85	104	1	1	G
F1_BC61_consensus_vsearch	3567	G	G	191	1	0.52%	2	1	93	93	0.5000000000001412	1	1	85	106	1	0	+AGG
F1_BC61_consensus_vsearch	3568	T	T	188	2	1.03%	2	1	93	93	0.2493403693931866	1	1	86	102	0	2	C
F1_BC61_consensus_vsearch	3569	A	*/-C	132	43	22.16%	2	2	93	93	5.974199053749458E-15	1	1	56	76	17	26	-C
F1_BC61_consensus_vsearch	3570	C	C	141	2	1.37%	2	1	93	93	0.2491228070174794	1	1	66	75	0	2	+A
F1_BC61_consensus_vsearch	3571	C	C	187	2	1.06%	2	1	93	93	0.24933687002661706	1	1	83	104	0	2	T
F1_BC61_consensus_vsearch	3572	C	C	187	4	2.06%	2	1	93	93	0.06151704651694607	1	1	88	99	0	4	T
F1_BC61_consensus_vsearch	3573	C	C	191	2	1.03%	2	1	93	93	0.24935064935068132	1	1	88	103	0	2	-T
F1_BC61_consensus_vsearch	3574	T	T	191	2	1.04%	2	1	93	93	0.24935064935068132	1	1	89	102	0	2	+CT
F1_BC61_consensus_vsearch	3575	G	G	191	3	1.54%	2	1	93	93	0.1240310077519331	1	1	85	106	3	0	A
F1_BC61_consensus_vsearch	3576	T	T	190	2	1.03%	2	1	93	93	0.2493472584856949	1	1	86	104	0	2	C
F1_BC61_consensus_vsearch	3577	T	T	191	4	2.05%	2	1	93	93	0.06153723520852315	1	1	89	102	0	4	-A
F1_BC61_consensus_vsearch	3578	A	A	190	1	0.52%	2	1	93	93	0.4999999999999138	1	1	89	101	0	1	G
F1_BC61_consensus_vsearch	3579	A	A	195	0	0%	2	0	93	0	1.0	1	0	89	106	0	0	
F1_BC61_consensus_vsearch	3580	T	T	192	2	1.03%	2	2	93	93	0.2493540051679821	1	1	87	105	1	1	C
F1_BC61_consensus_vsearch	3581	C	C	189	5	2.56%	2	1	93	93	0.030445652538661657	1	1	83	106	5	0	-A
F1_BC61_consensus_vsearch	3582	A	A	189	1	0.53%	2	1	93	93	0.5000000000001412	1	1	83	106	1	0	-T
F1_BC61_consensus_vsearch	3583	T	T	189	5	2.58%	2	1	93	93	0.030445652538661657	1	1	83	106	5	0	G
F1_BC61_consensus_vsearch	3584	T	T	191	3	1.54%	2	1	93	93	0.1240310077519331	1	1	86	105	3	0	-ACT
F1_BC61_consensus_vsearch	3585	A	A	189	3	1.56%	2	1	93	93	0.12402088772842607	1	1	83	106	3	0	G
F1_BC61_consensus_vsearch	3586	C	*/-TG	185	7	3.65%	2	1	93	93	0.007389745092191117	1	1	79	106	7	0	-TG
F1_BC61_consensus_vsearch	3587	T	T	182	2	1.08%	2	1	93	93	0.2493188010900035	1	1	76	106	2	0	C
F1_BC61_consensus_vsearch	3588	G	G	185	1	0.53%	2	1	93	93	0.5000000000001412	1	1	80	105	0	1	+TG
F1_BC61_consensus_vsearch	3589	C	C	192	2	1.03%	2	1	93	93	0.2493540051679821	1	1	88	104	0	2	T
F1_BC61_consensus_vsearch	3590	A	A	190	2	1.03%	2	1	93	93	0.2493472584856949	1	1	87	103	0	2	+C
F1_BC61_consensus_vsearch	3591	T	T	190	2	1.03%	2	1	93	93	0.2493472584856949	1	1	87	103	0	2	-C
F1_BC61_consensus_vsearch	3592	C	C	190	1	0.52%	2	1	93	93	0.4999999999999138	1	1	86	104	1	0	+ACC
F1_BC61_consensus_vsearch	3593	G	G	190	3	1.54%	2	2	93	93	0.12402597402595401	1	1	88	102	1	2	A
F1_BC61_consensus_vsearch	3594	T	T	188	4	2.06%	2	2	93	93	0.061522172652713904	1	1	88	100	1	3	C
F1_BC61_consensus_vsearch	3595	C	C	191	1	0.52%	2	1	93	93	0.5000000000001412	1	1	88	103	1	0	+T
F1_BC61_consensus_vsearch	3596	T	T	194	0	0%	2	0	93	0	1.0	1	0	89	105	0	0	
F1_BC61_consensus_vsearch	3597	T	T	193	2	1.03%	2	1	93	93	0.24935732647820702	1	1	89	104	0	2	C
F1_BC61_consensus_vsearch	3598	T	T	194	1	0.51%	2	1	93	93	0.4999999999999138	1	1	89	105	0	1	+G
F1_BC61_consensus_vsearch	3599	A	A	194	1	0.51%	2	1	93	93	0.4999999999999138	1	1	89	105	0	1	G
F1_BC61_consensus_vsearch	3600	A	A	192	2	1.02%	2	1	93	93	0.2493540051679821	1	1	87	105	2	0	-C
F1_BC61_consensus_vsearch	3601	C	C	189	3	1.55%	2	1	93	93	0.12402088772842607	1	1	88	101	0	3	+T
F1_BC61_consensus_vsearch	3602	C	C	186	6	3.06%	2	2	93	93	0.015017869058322414	1	1	87	99	3	3	T
F1_BC61_consensus_vsearch	3603	A	A	195	1	0.51%	2	1	93	93	0.5000000000001412	1	1	89	106	1	0	G
F1_BC61_consensus_vsearch	3604	A	A	191	3	1.53%	2	1	93	93	0.1240310077519331	1	1	85	106	3	0	G
F1_BC61_consensus_vsearch	3605	C	C	191	4	2.04%	2	1	93	93	0.06153723520852315	1	1	90	101	0	4	+A
F1_BC61_consensus_vsearch	3606	A	A	192	4	2.04%	2	1	93	93	0.061542153465828975	1	1	86	106	4	0	G
F1_BC61_consensus_vsearch	3607	A	A	183	6	3.06%	2	2	93	93	0.015008284680098535	1	1	82	101	4	2	G
F1_BC61_consensus_vsearch	3608	C	C	187	2	1.04%	2	1	93	93	0.24933687002661706	1	1	85	102	2	0	-A
F1_BC61_consensus_vsearch	3609	A	A	189	0	0%	2	0	93	0	1.0	1	0	87	102	0	0	
F1_BC61_consensus_vsearch	3610	A	A	188	3	1.57%	2	2	93	93	0.124015748031514	1	1	87	101	2	1	G
F1_BC61_consensus_vsearch	3611	G	G	195	1	0.51%	2	1	93	93	0.5000000000001412	1	1	90	105	0	1	+C
F1_BC61_consensus_vsearch	3612	A	A	191	3	1.53%	2	2	93	93	0.1240310077519331	1	1	88	103	1	2	G
F1_BC61_consensus_vsearch	3613	C	C	190	3	1.54%	2	1	93	93	0.12402597402595401	1	1	86	104	3	0	-G
F1_BC61_consensus_vsearch	3614	G	G	191	1	0.52%	2	1	93	93	0.5000000000001412	1	1	86	105	1	0	T
F1_BC61_consensus_vsearch	3615	C	C	188	4	2.05%	2	1	93	93	0.061522172652713904	1	1	84	104	4	0	+TT
F1_BC61_consensus_vsearch	3616	T	T	195	1	0.51%	2	1	93	93	0.5000000000001412	1	1	90	105	0	1	C
F1_BC61_consensus_vsearch	3617	G	G	194	1	0.51%	2	1	93	93	0.4999999999999138	1	1	89	105	0	1	+TTG
F1_BC61_consensus_vsearch	3618	C	C	192	2	1.02%	2	1	93	93	0.2493540051679821	1	1	89	103	0	2	-G
F1_BC61_consensus_vsearch	3619	G	G	192	2	1.03%	2	1	93	93	0.2493540051679821	1	1	88	104	2	0	A
F1_BC61_consensus_vsearch	3620	G	G	194	1	0.51%	2	1	93	93	0.4999999999999138	1	1	89	105	0	1	+C
F1_BC61_consensus_vsearch	3621	T	T	189	6	3.06%	2	1	93	93	0.01502716012190595	1	1	83	106	6	0	-C
F1_BC61_consensus_vsearch	3622	C	C	186	2	1.05%	2	2	93	93	0.24933333333336263	1	1	81	105	1	1	T
F1_BC61_consensus_vsearch	3623	C	C	186	3	1.53%	2	2	93	93	0.1240053050397967	1	1	83	103	2	1	-AT
F1_BC61_consensus_vsearch	3624	A	A	185	2	1.06%	2	2	93	93	0.24932975871318122	1	1	82	103	1	1	G
F1_BC61_consensus_vsearch	3625	T	T	189	1	0.53%	2	1	93	93	0.5000000000001412	1	1	85	104	1	0	+G
F1_BC61_consensus_vsearch	3626	G	G	190	2	1.03%	2	1	93	93	0.2493472584856949	1	1	86	104	2	0	A
F1_BC61_consensus_vsearch	3627	T	T	185	5	2.58%	2	2	93	93	0.030428742397642147	1	1	84	101	2	3	-GT
F1_BC61_consensus_vsearch	3628	G	G	186	2	1.06%	2	1	93	93	0.24933333333336263	1	1	84	102	2	0	A
F1_BC61_consensus_vsearch	3629	T	T	186	2	1.06%	2	1	93	93	0.24933333333336263	1	1	84	102	2	0	A
F1_BC61_consensus_vsearch	3630	T	T	188	3	1.55%	2	1	93	93	0.124015748031514	1	1	83	105	3	0	-ATT
F1_BC61_consensus_vsearch	3631	A	A	192	1	0.52%	2	1	93	93	0.4999999999999138	1	1	86	106	1	0	T
F1_BC61_consensus_vsearch	3632	T	T	188	2	1.04%	2	1	93	93	0.2493403693931866	1	1	85	103	0	2	+C
F1_BC61_consensus_vsearch	3633	T	T	185	6	3.11%	2	2	93	93	0.01501470753479516	1	1	80	105	5	1	-C
F1_BC61_consensus_vsearch	3634	C	C	190	0	0%	2	0	93	0	1.0	1	0	85	105	0	0	
F1_BC61_consensus_vsearch	3635	C	C	192	2	1.02%	2	2	93	93	0.2493540051679821	1	1	89	103	1	1	T
F1_BC61_consensus_vsearch	3636	A	A	192	2	1.03%	2	1	93	93	0.2493540051679821	1	1	89	103	0	2	+CA
F1_BC61_consensus_vsearch	3637	T	T	191	3	1.54%	2	2	93	93	0.1240310077519331	1	1	88	103	1	2	C
F1_BC61_consensus_vsearch	3638	G	G	191	3	1.53%	2	2	93	93	0.1240310077519331	1	1	87	104	2	1	A
F1_BC61_consensus_vsearch	3639	C	C	194	1	0.51%	2	1	93	93	0.4999999999999138	1	1	90	104	0	1	T
F1_BC61_consensus_vsearch	3640	T	T	188	5	2.55%	2	2	93	93	0.030441490624263247	1	1	88	100	2	3	C
F1_BC61_consensus_vsearch	3641	A	A	193	1	0.52%	2	1	93	93	0.4999999999999138	1	1	90	103	0	1	+G
F1_BC61_consensus_vsearch	3642	A	A	190	2	1.03%	2	2	93	93	0.2493472584856949	1	1	89	101	1	1	G
F1_BC61_consensus_vsearch	3643	T	T	192	2	1.02%	2	1	93	93	0.2493540051679821	1	1	89	103	0	2	+C
F1_BC61_consensus_vsearch	3644	A	A	194	1	0.51%	2	1	93	93	0.4999999999999138	1	1	90	104	0	1	+G
F1_BC61_consensus_vsearch	3645	G	G	196	0	0%	2	0	93	0	1.0	1	0	90	106	0	0	
F1_BC61_consensus_vsearch	3646	A	A	193	2	1.02%	2	2	93	93	0.24935732647820702	1	1	88	105	1	1	G
F1_BC61_consensus_vsearch	3647	T	T	194	2	1.02%	2	2	93	93	0.24936061381078306	1	1	89	105	1	1	C
F1_BC61_consensus_vsearch	3648	T	T	185	6	3.06%	2	2	93	93	0.01501470753479516	1	1	82	103	5	1	+C
F1_BC61_consensus_vsearch	3649	C	C	191	1	0.52%	2	1	93	93	0.5000000000001412	1	1	88	103	0	1	T
F1_BC61_consensus_vsearch	3650	C	*/+G	179	7	3.57%	2	1	93	93	0.007376258791632204	1	1	88	91	0	7	+G
F1_BC61_consensus_vsearch	3651	G	G	185	3	1.59%	2	1	93	93	0.12399999999998497	1	1	86	99	3	0	A
F1_BC61_consensus_vsearch	3652	G	G	194	1	0.51%	2	1	93	93	0.4999999999999138	1	1	90	104	0	1	-C
F1_BC61_consensus_vsearch	3653	C	C	192	2	1.03%	2	2	93	93	0.2493540051679821	1	1	88	104	1	1	T
F1_BC61_consensus_vsearch	3654	A	A	193	1	0.51%	2	1	93	93	0.4999999999999138	1	1	89	104	0	1	G
F1_BC61_consensus_vsearch	3655	A	A	191	2	1.03%	2	1	93	93	0.24935064935068132	1	1	87	104	0	2	-C
F1_BC61_consensus_vsearch	3656	C	C	190	1	0.52%	2	1	93	93	0.4999999999999138	1	1	86	104	1	0	+GT
F1_BC61_consensus_vsearch	3657	A	A	195	0	0%	2	0	93	0	1.0	1	0	89	106	0	0	
F1_BC61_consensus_vsearch	3658	T	T	191	2	1.02%	2	1	93	93	0.24935064935068132	1	1	87	104	2	0	-G
F1_BC61_consensus_vsearch	3659	G	G	186	4	2.06%	2	1	93	93	0.061511866352189214	1	1	87	99	0	4	-TG
F1_BC61_consensus_vsearch	3660	T	T	189	2	1.05%	2	1	93	93	0.24934383202100482	1	1	90	99	0	2	C
F1_BC61_consensus_vsearch	3661	G	G	185	3	1.57%	2	1	93	93	0.12399999999998497	1	1	88	97	0	3	+TG
F1_BC61_consensus_vsearch	3662	C	C	194	0	0%	2	0	93	0	1.0	1	0	90	104	0	0	
F1_BC61_consensus_vsearch	3663	C	C	193	2	1.02%	2	1	93	93	0.24935732647820702	1	1	89	104	0	2	-T
F1_BC61_consensus_vsearch	3664	T	T	182	5	2.58%	2	2	93	93	0.030415585729470396	1	1	87	95	1	4	C
F1_BC61_consensus_vsearch	3665	G	G	186	5	2.59%	2	1	93	93	0.030433036239869853	1	1	88	98	0	5	+C
F1_BC61_consensus_vsearch	3666	C	C	190	1	0.52%	2	1	93	93	0.4999999999999138	1	1	88	102	0	1	+A
F1_BC61_consensus_vsearch	3667	C	C	186	3	1.54%	2	1	93	93	0.1240053050397967	1	1	87	99	0	3	-T
F1_BC61_consensus_vsearch	3668	T	Y	178	11	5.76%	2	2	93	93	4.204021120137521E-4	1	1	88	90	1	10	C
F1_BC61_consensus_vsearch	3669	C	C	189	3	1.54%	2	1	93	93	0.12402088772842607	1	1	88	101	0	3	+T
F1_BC61_consensus_vsearch	3670	A	A	192	2	1.03%	2	2	93	93	0.2493540051679821	1	1	88	104	1	1	G
F1_BC61_consensus_vsearch	3671	T	T	195	1	0.51%	2	1	93	93	0.5000000000001412	1	1	90	105	0	1	C
F1_BC61_consensus_vsearch	3672	G	G	191	5	2.55%	2	1	93	93	0.030453849137731474	1	1	85	106	5	0	A
F1_BC61_consensus_vsearch	3673	C	C	189	2	1.02%	2	1	93	93	0.24934383202100482	1	1	89	100	0	2	T
F1_BC61_consensus_vsearch	3674	G	*/+C	185	9	4.64%	2	1	93	93	0.0017763509872760243	1	1	90	95	0	9	+C
F1_BC61_consensus_vsearch	3675	C	C	188	3	1.55%	2	1	93	93	0.124015748031514	1	1	89	99	0	3	+T
F1_BC61_consensus_vsearch	3676	T	T	181	5	2.59%	2	1	93	93	0.030411105997849117	1	1	89	92	0	5	+C
F1_BC61_consensus_vsearch	3677	C	*/-TC	179	9	4.71%	2	2	93	93	0.0017708558237889195	1	1	89	90	1	8	-TC
F1_BC61_consensus_vsearch	3678	T	T	179	3	1.62%	2	2	93	93	0.12396694214879515	1	1	85	94	2	1	C
F1_BC61_consensus_vsearch	3679	C	C	181	3	1.61%	2	1	93	93	0.12397820163492167	1	1	85	96	3	0	+TC
F1_BC61_consensus_vsearch	3680	A	A	184	4	2.05%	2	1	93	93	0.06150134048256699	1	1	80	104	4	0	+T
F1_BC61_consensus_vsearch	3681	T	T	191	1	0.52%	2	1	93	93	0.5000000000001412	1	1	87	104	1	0	C
F1_BC61_consensus_vsearch	3682	T	T	193	3	1.53%	2	2	93	93	0.12404092071614016	1	1	88	105	2	1	C
F1_BC61_consensus_vsearch	3683	T	T	192	3	1.53%	2	1	93	93	0.12403598971719802	1	1	89	103	0	3	+A
F1_BC61_consensus_vsearch	3684	G	G	192	4	2.04%	2	2	93	93	0.061542153465828975	1	1	89	103	1	3	A
F1_BC61_consensus_vsearch	3685	T	T	195	1	0.51%	2	1	93	93	0.5000000000001412	1	1	89	106	1	0	C
F1_BC61_consensus_vsearch	3686	T	T	193	1	0.51%	2	1	93	93	0.4999999999999138	1	1	89	104	1	0	+C
F1_BC61_consensus_vsearch	3687	C	C	188	2	1.03%	2	1	93	93	0.2493403693931866	1	1	87	101	0	2	+G
F1_BC61_consensus_vsearch	3688	G	G	182	4	2.07%	2	1	93	93	0.061490587951709585	1	1	78	104	4	0	-AG
F1_BC61_consensus_vsearch	3689	A	A	186	2	1.05%	2	1	93	93	0.24933333333336263	1	1	81	105	2	0	-G
F1_BC61_consensus_vsearch	3690	G	G	182	4	2.11%	2	1	93	93	0.061490587951709585	1	1	80	102	4	0	A
F1_BC61_consensus_vsearch	3691	G	G	190	2	1.02%	2	1	93	93	0.2493472584856949	1	1	85	105	2	0	T
F1_BC61_consensus_vsearch	3692	T	T	191	1	0.51%	2	1	93	93	0.5000000000001412	1	1	89	102	0	1	+G
F1_BC61_consensus_vsearch	3693	A	*/+T	181	8	4.1%	2	1	93	93	0.0036219019328410066	1	1	87	94	0	8	+T
F1_BC61_consensus_vsearch	3694	T	T	186	2	1.04%	2	1	93	93	0.24933333333336263	1	1	88	98	0	2	C
F1_BC61_consensus_vsearch	3695	T	T	185	5	2.58%	2	2	93	93	0.030428742397642147	1	1	87	98	1	4	C
F1_BC61_consensus_vsearch	3696	C	C	188	2	1.04%	2	1	93	93	0.2493403693931866	1	1	86	102	0	2	-G
F1_BC61_consensus_vsearch	3697	G	G	187	3	1.55%	2	1	93	93	0.12401055408976878	1	1	85	102	3	0	A
F1_BC61_consensus_vsearch	3698	T	T	188	3	1.55%	2	1	93	93	0.124015748031514	1	1	88	100	0	3	A
F1_BC61_consensus_vsearch	3699	G	G	194	0	0%	2	0	93	0	1.0	1	0	90	104	0	0	
F1_BC61_consensus_vsearch	3700	A	A	190	4	2.04%	2	1	93	93	0.061532266183381874	1	1	88	102	0	4	-C
F1_BC61_consensus_vsearch	3701	C	C	191	0	0%	2	0	93	0	1.0	1	0	89	102	0	0	
F1_BC61_consensus_vsearch	3702	C	*/-G	179	11	5.64%	2	2	93	93	4.2074294006989865E-4	1	1	87	92	1	10	-G
F1_BC61_consensus_vsearch	3703	G	G	180	3	1.63%	2	1	93	93	0.12397260273979696	1	1	88	92	0	3	T
F1_BC61_consensus_vsearch	3704	G	*/-A	178	15	7.69%	2	1	93	93	2.3002287956428228E-5	1	1	73	105	15	0	-A
F1_BC61_consensus_vsearch	3705	A	A	177	1	0.56%	2	1	93	93	0.4999999999999138	1	1	72	105	1	0	G
F1_BC61_consensus_vsearch	3706	G	G	186	4	2.06%	2	1	93	93	0.061511866352189214	1	1	82	104	4	0	-C
F1_BC61_consensus_vsearch	3707	C	C	191	0	0%	2	0	93	0	1.0	1	0	85	106	0	0	
F1_BC61_consensus_vsearch	3708	C	C	178	5	2.56%	2	1	93	93	0.0303973734857873	1	1	76	102	5	0	+A
F1_BC61_consensus_vsearch	3709	G	G	181	3	1.6%	2	1	93	93	0.12397820163492167	1	1	79	102	3	0	-A
F1_BC61_consensus_vsearch	3710	A	A	184	1	0.54%	2	1	93	93	0.4999999999999138	1	1	82	102	1	0	G
F1_BC61_consensus_vsearch	3711	A	A	190	2	1.04%	2	2	93	93	0.2493472584856949	1	1	86	104	1	1	G
F1_BC61_consensus_vsearch	3712	G	G	187	6	3.09%	2	2	93	93	0.015020997998324731	1	1	83	104	5	1	-C
F1_BC61_consensus_vsearch	3713	C	C	186	4	2.11%	2	2	93	93	0.061511866352189214	1	1	84	102	1	3	T
F1_BC61_consensus_vsearch	3714	C	C	193	2	1.02%	2	1	93	93	0.24935732647820702	1	1	90	103	0	2	T
F1_BC61_consensus_vsearch	3715	C	*/-AC	185	9	4.59%	2	1	93	93	0.0017763509872760243	1	1	80	105	9	0	-AC
F1_BC61_consensus_vsearch	3716	A	A	185	1	0.54%	2	1	93	93	0.5000000000001412	1	1	79	106	1	0	-CG
F1_BC61_consensus_vsearch	3717	C	*/+G	174	7	3.76%	2	1	93	93	0.007364345131566664	1	1	79	95	0	7	+G
F1_BC61_consensus_vsearch	3718	G	G	192	2	1.03%	2	1	93	93	0.2493540051679821	1	1	87	105	2	0	A
F1_BC61_consensus_vsearch	3719	G	G	193	2	1.02%	2	1	93	93	0.24935732647820702	1	1	87	106	2	0	-C
F1_BC61_consensus_vsearch	3720	C	C	190	2	1.03%	2	2	93	93	0.2493472584856949	1	1	86	104	1	1	T
F1_BC61_consensus_vsearch	3721	C	*/+G	180	8	4.08%	2	1	93	93	0.00362041635085765	1	1	81	99	8	0	+G
F1_BC61_consensus_vsearch	3722	A	*/-T	177	13	6.67%	2	2	93	93	9.872239569714929E-5	1	1	80	97	7	6	-T
F1_BC61_consensus_vsearch	3723	T	T	175	2	1.1%	2	1	93	93	0.2492917847025028	1	1	81	94	0	2	C
F1_BC61_consensus_vsearch	3724	T	T	178	5	2.58%	2	2	93	93	0.0303973734857873	1	1	85	93	1	4	-A
F1_BC61_consensus_vsearch	3725	A	*/-G	117	39	20.74%	2	1	93	93	1.2002548292163699E-13	1	1	75	42	0	39	-G
F1_BC61_consensus_vsearch	3726	G	G	146	2	1.33%	2	1	93	93	0.24915254237288603	1	1	87	59	0	2	+T
F1_BC61_consensus_vsearch	3727	G	G	188	2	1.04%	2	1	93	93	0.2493403693931866	1	1	88	100	0	2	+C
F1_BC61_consensus_vsearch	3728	G	G	190	2	1.03%	2	1	93	93	0.2493472584856949	1	1	87	103	2	0	A
F1_BC61_consensus_vsearch	3729	C	C	186	4	2.05%	2	2	93	93	0.061511866352189214	1	1	87	99	1	3	T
F1_BC61_consensus_vsearch	3730	G	G	189	1	0.52%	2	1	93	93	0.5000000000001412	1	1	87	102	1	0	+C
F1_BC61_consensus_vsearch	3731	C	C	189	1	0.52%	2	1	93	93	0.5000000000001412	1	1	88	101	0	1	+GC
F1_BC61_consensus_vsearch	3732	C	C	180	5	2.56%	2	1	93	93	0.030406577907750046	1	1	87	93	0	5	+G
F1_BC61_consensus_vsearch	3733	G	G	186	4	2.07%	2	1	93	93	0.061511866352189214	1	1	83	103	4	0	A
F1_BC61_consensus_vsearch	3734	G	G	181	6	3.08%	2	1	93	93	0.015001725210740429	1	1	78	103	6	0	A
F1_BC61_consensus_vsearch	3735	C	C	186	3	1.56%	2	2	93	93	0.1240053050397967	1	1	86	100	2	1	A
F1_BC61_consensus_vsearch	3736	C	C	185	4	2.05%	2	2	93	93	0.061506631299724945	1	1	87	98	1	3	-G
F1_BC61_consensus_vsearch	3737	G	G	188	1	0.52%	2	1	93	93	0.5000000000001412	1	1	87	101	1	0	+AA
F1_BC61_consensus_vsearch	3738	G	G	183	3	1.54%	2	1	93	93	0.12398921832883274	1	1	81	102	3	0	+C
F1_BC61_consensus_vsearch	3739	C	*/+G	177	7	3.65%	2	1	93	93	0.007371570136883838	1	1	78	99	7	0	+G
F1_BC61_consensus_vsearch	3740	A	A	182	4	2.07%	2	2	93	93	0.061490587951709585	1	1	83	99	1	3	T
F1_BC61_consensus_vsearch	3741	G	G	183	5	2.6%	2	1	93	93	0.030420017873106126	1	1	77	106	5	0	+A
F1_BC61_consensus_vsearch	3742	T	T	185	6	3.06%	2	1	93	93	0.01501470753479516	1	1	79	106	6	0	-C
F1_BC61_consensus_vsearch	3743	C	C	187	2	1.05%	2	1	93	93	0.24933687002661706	1	1	82	105	2	0	+A
F1_BC61_consensus_vsearch	3744	C	C	191	2	1.02%	2	1	93	93	0.24935064935068132	1	1	85	106	2	0	-ACC
F1_BC61_consensus_vsearch	3745	A	*/-C	165	15	7.73%	2	2	93	93	2.2517818669553618E-5	1	1	67	98	11	4	-C
F1_BC61_consensus_vsearch	3746	C	*/+T	167	9	5.06%	2	1	93	93	0.001758773553282941	1	1	75	92	0	9	+T
F1_BC61_consensus_vsearch	3747	C	C	190	2	1.04%	2	2	93	93	0.2493472584856949	1	1	86	104	1	1	T
F1_BC61_consensus_vsearch	3748	C	C	191	2	1.02%	2	1	93	93	0.24935064935068132	1	1	89	102	0	2	+TT
F1_BC61_consensus_vsearch	3749	C	Y	163	23	11.73%	2	1	93	93	5.777119471395887E-8	1	1	88	75	0	23	T
F1_BC61_consensus_vsearch	3750	G	G	188	3	1.54%	2	2	93	93	0.124015748031514	1	1	85	103	2	1	-AA
F1_BC61_consensus_vsearch	3751	A	A	189	1	0.53%	2	1	93	93	0.5000000000001412	1	1	84	105	1	0	+GA
F1_BC61_consensus_vsearch	3752	A	A	190	1	0.52%	2	1	93	93	0.4999999999999138	1	1	87	103	0	1	-G
F1_BC61_consensus_vsearch	3753	G	G	192	2	1.03%	2	1	93	93	0.2493540051679821	1	1	89	103	0	2	+C
F1_BC61_consensus_vsearch	3754	G	G	195	1	0.51%	2	1	93	93	0.5000000000001412	1	1	89	106	1	0	T
F1_BC61_consensus_vsearch	3755	A	A	193	2	1.02%	2	1	93	93	0.24935732647820702	1	1	89	104	0	2	G
F1_BC61_consensus_vsearch	3756	T	T	196	0	0%	2	0	93	0	1.0	1	0	90	106	0	0	
F1_BC61_consensus_vsearch	3757	G	G	193	1	0.51%	2	1	93	93	0.4999999999999138	1	1	88	105	1	0	+CCC
F1_BC61_consensus_vsearch	3758	C	C	186	5	2.56%	2	2	93	93	0.030433036239869853	1	1	87	99	1	4	+T
F1_BC61_consensus_vsearch	3759	T	T	190	2	1.04%	2	2	93	93	0.2493472584856949	1	1	87	103	1	1	C
F1_BC61_consensus_vsearch	3760	T	*/+C	181	8	4.08%	2	1	93	93	0.0036219019328410066	1	1	89	92	0	8	+C
F1_BC61_consensus_vsearch	3761	G	G	191	2	1.03%	2	1	93	93	0.24935064935068132	1	1	87	104	2	0	A
F1_BC61_consensus_vsearch	3762	C	C	191	2	1.03%	2	1	93	93	0.24935064935068132	1	1	89	102	0	2	A
F1_BC61_consensus_vsearch	3763	C	C	185	6	3.06%	2	1	93	93	0.01501470753479516	1	1	87	98	0	6	T
F1_BC61_consensus_vsearch	3764	A	*/-TA	172	16	8.21%	2	1	93	93	1.0937341599623022E-5	1	1	87	85	0	16	-TA
F1_BC61_consensus_vsearch	3765	T	T	166	6	3.37%	2	2	93	93	0.014947696567533192	1	1	83	83	3	3	C
F1_BC61_consensus_vsearch	3766	A	A	168	3	1.71%	2	2	93	93	0.12390029325511762	1	1	86	82	1	2	G
F1_BC61_consensus_vsearch	3767	G	G	186	2	1.04%	2	1	93	93	0.24933333333336263	1	1	86	100	2	0	+A
F1_BC61_consensus_vsearch	3768	G	G	192	1	0.52%	2	1	93	93	0.4999999999999138	1	1	88	104	1	0	+C
F1_BC61_consensus_vsearch	3769	C	C	192	1	0.52%	2	1	93	93	0.4999999999999138	1	1	89	103	1	0	-G
F1_BC61_consensus_vsearch	3770	G	G	191	2	1.03%	2	1	93	93	0.24935064935068132	1	1	88	103	0	2	-CG
F1_BC61_consensus_vsearch	3771	C	C	184	3	1.55%	2	1	93	93	0.12399463806966378	1	1	89	95	0	3	+G
F1_BC61_consensus_vsearch	3772	G	G	187	2	1.05%	2	2	93	93	0.24933687002661706	1	1	87	100	1	1	+CG
F1_BC61_consensus_vsearch	3773	G	*/-C	152	31	15.82%	2	2	93	93	1.1622821936477833E-10	1	1	68	84	13	18	-C
F1_BC61_consensus_vsearch	3774	C	C	155	2	1.25%	2	1	93	93	0.24920127795525082	1	1	72	83	0	2	+T
F1_BC61_consensus_vsearch	3775	C	C	187	3	1.57%	2	1	93	93	0.12401055408976878	1	1	85	102	0	3	T
F1_BC61_consensus_vsearch	3776	C	C	193	1	0.52%	2	1	93	93	0.4999999999999138	1	1	88	105	0	1	+T
F1_BC61_consensus_vsearch	3777	C	C	190	6	3.06%	2	1	93	93	0.015030194277274317	1	1	90	100	0	6	-T
F1_BC61_consensus_vsearch	3778	T	T	182	4	2.11%	2	1	93	93	0.061490587951709585	1	1	89	93	0	4	+G
F1_BC61_consensus_vsearch	3779	G	G	193	2	1.02%	2	1	93	93	0.24935732647820702	1	1	87	106	2	0	-A
F1_BC61_consensus_vsearch	3780	A	A	190	2	1.03%	2	1	93	93	0.2493472584856949	1	1	84	106	2	0	-GCA
F1_BC61_consensus_vsearch	3781	G	G	191	1	0.52%	2	1	93	93	0.5000000000001412	1	1	85	106	1	0	+C
F1_BC61_consensus_vsearch	3782	C	C	191	1	0.52%	2	1	93	93	0.5000000000001412	1	1	85	106	1	0	+GA
F1_BC61_consensus_vsearch	3783	A	A	190	1	0.52%	2	1	93	93	0.4999999999999138	1	1	85	105	0	1	+C
F1_BC61_consensus_vsearch	3784	T	T	190	2	1.03%	2	2	93	93	0.2493472584856949	1	1	86	104	1	1	-C
F1_BC61_consensus_vsearch	3785	C	C	190	2	1.04%	2	1	93	93	0.2493472584856949	1	1	88	102	0	2	-A
F1_BC61_consensus_vsearch	3786	A	A	191	2	1.04%	2	1	93	93	0.24935064935068132	1	1	87	104	2	0	G
F1_BC61_consensus_vsearch	3787	A	R	184	11	5.61%	2	1	93	93	4.223970856632319E-4	1	1	78	106	11	0	G
F1_BC61_consensus_vsearch	3788	C	C	195	0	0%	2	0	93	0	1.0	1	0	89	106	0	0	
F1_BC61_consensus_vsearch	3789	T	T	191	5	2.55%	2	2	93	93	0.030453849137731474	1	1	89	102	1	4	C
F1_BC61_consensus_vsearch	3790	A	A	193	1	0.51%	2	1	93	93	0.4999999999999138	1	1	88	105	0	1	-C
F1_BC61_consensus_vsearch	3791	C	C	191	2	1.03%	2	1	93	93	0.24935064935068132	1	1	88	103	0	2	T
F1_BC61_consensus_vsearch	3792	G	G	194	1	0.51%	2	1	93	93	0.4999999999999138	1	1	89	105	0	1	-C
F1_BC61_consensus_vsearch	3793	C	C	187	3	1.54%	2	1	93	93	0.12401055408976878	1	1	85	102	3	0	-AC
F1_BC61_consensus_vsearch	3794	A	A	191	1	0.52%	2	1	93	93	0.5000000000001412	1	1	87	104	0	1	+C
F1_BC61_consensus_vsearch	3795	C	C	191	1	0.52%	2	1	93	93	0.5000000000001412	1	1	87	104	0	1	-GT
F1_BC61_consensus_vsearch	3796	G	*/-T	180	15	7.69%	2	2	93	93	2.3071699351829828E-5	1	1	76	104	14	1	-T
F1_BC61_consensus_vsearch	3797	T	T	179	1	0.56%	2	1	93	93	0.5000000000001412	1	1	76	103	0	1	C
F1_BC61_consensus_vsearch	3798	T	T	191	3	1.53%	2	2	93	93	0.1240310077519331	1	1	89	102	1	2	C
F1_BC61_consensus_vsearch	3799	T	T	194	2	1.02%	2	1	93	93	0.24936061381078306	1	1	90	104	0	2	C
F1_BC61_consensus_vsearch	3800	T	T	194	2	1.02%	2	1	93	93	0.24936061381078306	1	1	88	106	2	0	-A
F1_BC61_consensus_vsearch	3801	A	A	193	1	0.52%	2	1	93	93	0.4999999999999138	1	1	87	106	1	0	+GCA
F1_BC61_consensus_vsearch	3802	A	A	190	2	1.02%	2	1	93	93	0.2493472584856949	1	1	88	102	0	2	+T
F1_BC61_consensus_vsearch	3803	C	C	188	2	1.03%	2	1	93	93	0.2493403693931866	1	1	84	104	2	0	+TT
F1_BC61_consensus_vsearch	3804	T	Y	180	8	4.15%	2	1	93	93	0.00362041635085765	1	1	87	93	0	8	C
F1_BC61_consensus_vsearch	3805	G	G	191	2	1.03%	2	2	93	93	0.24935064935068132	1	1	86	105	1	1	A
F1_BC61_consensus_vsearch	3806	C	*/+A	177	13	6.67%	2	1	93	93	9.872239569714929E-5	1	1	89	88	0	13	+A
F1_BC61_consensus_vsearch	3807	A	A	194	1	0.51%	2	1	93	93	0.4999999999999138	1	1	90	104	0	1	+G
F1_BC61_consensus_vsearch	3808	A	R	188	7	3.57%	2	2	93	93	0.007396180372504935	1	1	84	104	6	1	G
F1_BC61_consensus_vsearch	3809	C	Y	181	11	5.61%	2	1	93	93	4.214144486820526E-4	1	1	88	93	0	11	T
F1_BC61_consensus_vsearch	3810	A	A	191	1	0.52%	2	1	93	93	0.5000000000001412	1	1	89	102	0	1	C
F1_BC61_consensus_vsearch	3811	A	*/-C	183	8	4.08%	2	2	93	93	0.003624827265843605	1	1	86	97	2	6	-C
F1_BC61_consensus_vsearch	3812	C	C	179	5	2.66%	2	1	93	93	0.03040200067187797	1	1	88	91	0	5	-T
F1_BC61_consensus_vsearch	3813	T	T	186	4	2.09%	2	2	93	93	0.061511866352189214	1	1	88	98	2	2	-C
F1_BC61_consensus_vsearch	3814	C	C	189	1	0.52%	2	1	93	93	0.5000000000001412	1	1	88	101	0	1	+G
F1_BC61_consensus_vsearch	3815	A	A	180	6	3.06%	2	2	93	93	0.014998392876323086	1	1	87	93	1	5	-CA
F1_BC61_consensus_vsearch	3816	C	C	185	2	1.06%	2	1	93	93	0.24932975871318122	1	1	89	96	0	2	T
F1_BC61_consensus_vsearch	3817	A	A	184	2	1.07%	2	1	93	93	0.24932614555250343	1	1	89	95	0	2	G
F1_BC61_consensus_vsearch	3818	T	T	192	1	0.52%	2	1	93	93	0.4999999999999138	1	1	88	104	1	0	-A
F1_BC61_consensus_vsearch	3819	A	*/-TA	182	10	5.18%	2	2	93	93	8.659835374014541E-4	1	1	84	98	5	5	-TA
F1_BC61_consensus_vsearch	3820	T	T	183	1	0.54%	2	1	93	93	0.4999999999999138	1	1	83	100	1	0	-AC
F1_BC61_consensus_vsearch	3821	A	A	181	2	1.09%	2	1	93	93	0.24931506849317653	1	1	81	100	2	0	G
F1_BC61_consensus_vsearch	3822	C	C	191	1	0.52%	2	1	93	93	0.5000000000001412	1	1	89	102	0	1	+A
F1_BC61_consensus_vsearch	3823	G	G	192	1	0.51%	2	1	93	93	0.4999999999999138	1	1	89	103	0	1	+T
F1_BC61_consensus_vsearch	3824	C	C	188	5	2.58%	2	1	93	93	0.030441490624263247	1	1	90	98	0	5	-T
F1_BC61_consensus_vsearch	3825	T	T	186	4	2.11%	2	2	93	93	0.061511866352189214	1	1	88	98	2	2	C
F1_BC61_consensus_vsearch	3826	C	C	192	2	1.02%	2	1	93	93	0.2493540051679821	1	1	88	104	2	0	+A
F1_BC61_consensus_vsearch	3827	G	G	189	3	1.55%	2	2	93	93	0.12402088772842607	1	1	87	102	2	1	T
F1_BC61_consensus_vsearch	3828	T	T	188	3	1.54%	2	2	93	93	0.124015748031514	1	1	89	99	1	2	A
F1_BC61_consensus_vsearch	3829	G	G	189	3	1.55%	2	2	93	93	0.12402088772842607	1	1	88	101	2	1	A
F1_BC61_consensus_vsearch	3830	G	*/-A	184	10	5.15%	2	1	93	93	8.670842550026666E-4	1	1	80	104	10	0	-A
F1_BC61_consensus_vsearch	3831	A	A	181	2	1.08%	2	1	93	93	0.24931506849317653	1	1	78	103	2	0	-G
F1_BC61_consensus_vsearch	3832	G	G	191	2	1.03%	2	1	93	93	0.24935064935068132	1	1	88	103	0	2	-C
F1_BC61_consensus_vsearch	3833	C	C	191	2	1.04%	2	1	93	93	0.24935064935068132	1	1	90	101	0	2	T
F1_BC61_consensus_vsearch	3834	T	*/-G	184	7	3.59%	2	2	93	93	0.007387555568979833	1	1	87	97	2	5	-G
F1_BC61_consensus_vsearch	3835	G	G	186	1	0.53%	2	1	93	93	0.4999999999999138	1	1	86	100	1	0	+C
F1_BC61_consensus_vsearch	3836	G	G	191	4	2.04%	2	1	93	93	0.06153723520852315	1	1	85	106	4	0	-A
F1_BC61_consensus_vsearch	3837	A	A	189	2	1.05%	2	2	93	93	0.24934383202100482	1	1	84	105	1	1	G
F1_BC61_consensus_vsearch	3838	A	A	188	5	2.56%	2	1	93	93	0.030441490624263247	1	1	87	101	0	5	-T
F1_BC61_consensus_vsearch	3839	T	T	191	0	0%	2	0	93	0	1.0	1	0	90	101	0	0	
F1_BC61_consensus_vsearch	3840	T	T	193	1	0.51%	2	1	93	93	0.4999999999999138	1	1	89	104	0	1	+A
F1_BC61_consensus_vsearch	3841	A	A	188	2	1.03%	2	2	93	93	0.2493403693931866	1	1	85	103	1	1	G
F1_BC61_consensus_vsearch	3842	C	C	188	3	1.55%	2	1	93	93	0.124015748031514	1	1	86	102	0	3	T
F1_BC61_consensus_vsearch	3843	C	C	188	4	2.05%	2	1	93	93	0.061522172652713904	1	1	89	99	0	4	T
F1_BC61_consensus_vsearch	3844	G	G	186	6	3.09%	2	2	93	93	0.015017869058322414	1	1	84	102	5	1	A
F1_BC61_consensus_vsearch	3845	C	C	186	3	1.54%	2	1	93	93	0.1240053050397967	1	1	89	97	0	3	-G
F1_BC61_consensus_vsearch	3846	G	G	187	2	1.04%	2	1	93	93	0.24933687002661706	1	1	90	97	0	2	T
F1_BC61_consensus_vsearch	3847	G	G	193	2	1.03%	2	2	93	93	0.24935732647820702	1	1	89	104	1	1	A
F1_BC61_consensus_vsearch	3848	C	C	191	2	1.03%	2	1	93	93	0.24935064935068132	1	1	90	101	0	2	T
F1_BC61_consensus_vsearch	3849	T	T	191	2	1.03%	2	1	93	93	0.24935064935068132	1	1	89	102	0	2	C
F1_BC61_consensus_vsearch	3850	G	G	190	2	1.03%	2	1	93	93	0.2493472584856949	1	1	87	103	2	0	A
F1_BC61_consensus_vsearch	3851	C	C	191	1	0.52%	2	1	93	93	0.5000000000001412	1	1	88	103	0	1	+A
F1_BC61_consensus_vsearch	3852	T	T	183	3	1.55%	2	1	93	93	0.12398921832883274	1	1	86	97	0	3	+G
F1_BC61_consensus_vsearch	3853	G	G	190	1	0.52%	2	1	93	93	0.4999999999999138	1	1	85	105	0	1	+CTG
F1_BC61_consensus_vsearch	3854	G	G	193	2	1.02%	2	1	93	93	0.24935732647820702	1	1	87	106	2	0	A
F1_BC61_consensus_vsearch	3855	C	*/-A	183	8	4.1%	2	1	93	93	0.003624827265843605	1	1	79	104	8	0	-A
F1_BC61_consensus_vsearch	3856	A	A	178	3	1.6%	2	1	93	93	0.12396121883654573	1	1	76	102	0	3	+C
F1_BC61_consensus_vsearch	3857	C	S	182	8	4.12%	2	1	93	93	0.003623372158916335	1	1	78	104	8	0	G
F1_BC61_consensus_vsearch	3858	C	C	188	4	2.04%	2	2	93	93	0.061522172652713904	1	1	86	102	3	1	T
F1_BC61_consensus_vsearch	3859	A	A	184	6	3.08%	2	2	93	93	0.015011512916161563	1	1	86	98	2	4	T
F1_BC61_consensus_vsearch	3860	G	G	191	2	1.03%	2	1	93	93	0.24935064935068132	1	1	87	104	2	0	-A
F1_BC61_consensus_vsearch	3861	A	A	181	4	2.06%	2	2	93	93	0.06148512438803467	1	1	82	99	3	1	G
F1_BC61_consensus_vsearch	3862	C	*/+TTGC	8	125	64.77%	2	2	93	93	5.461961501409356E-67	1	1	4	4	72	53	+TTGC
F1_BC61_consensus_vsearch	3863	C	C	185	4	2.04%	2	1	93	93	0.061506631299724945	1	1	87	98	0	4	+T
F1_BC61_consensus_vsearch	3864	C	C	190	4	2.04%	2	1	93	93	0.061532266183381874	1	1	84	106	4	0	T
F1_BC61_consensus_vsearch	3865	T	*/-C	133	51	26.29%	2	1	93	93	7.870987969280802E-18	1	1	28	105	51	0	-C
F1_BC61_consensus_vsearch	3866	C	C	136	6	4.14%	2	1	93	93	0.014805651005951737	1	1	30	106	6	0	+T
F1_BC61_consensus_vsearch	3867	C	C	191	3	1.53%	2	1	93	93	0.1240310077519331	1	1	89	102	0	3	-A
F1_BC61_consensus_vsearch	3868	A	A	190	1	0.52%	2	1	93	93	0.4999999999999138	1	1	87	103	1	0	+C
F1_BC61_consensus_vsearch	3869	A	A	190	2	1.03%	2	2	93	93	0.2493472584856949	1	1	86	104	1	1	G
F1_BC61_consensus_vsearch	3870	T	T	191	3	1.54%	2	1	93	93	0.1240310077519331	1	1	89	102	0	3	C
F1_BC61_consensus_vsearch	3871	C	C	193	1	0.51%	2	1	93	93	0.4999999999999138	1	1	89	104	0	1	+A
F1_BC61_consensus_vsearch	3872	G	G	190	4	2.04%	2	1	93	93	0.061532266183381874	1	1	85	105	4	0	A
F1_BC61_consensus_vsearch	3873	T	T	189	6	3.06%	2	2	93	93	0.01502716012190595	1	1	88	101	1	5	C
F1_BC61_consensus_vsearch	3874	T	T	196	0	0%	2	0	93	0	1.0	1	0	90	106	0	0	
F1_BC61_consensus_vsearch	3875	G	G	191	2	1.02%	2	1	93	93	0.24935064935068132	1	1	89	102	0	2	-C
F1_BC61_consensus_vsearch	3876	C	C	193	1	0.52%	2	1	93	93	0.4999999999999138	1	1	89	104	1	0	+AAC
F1_BC61_consensus_vsearch	3877	T	T	194	2	1.02%	2	2	93	93	0.24936061381078306	1	1	89	105	1	1	C
F1_BC61_consensus_vsearch	3878	C	*/-A	183	9	4.59%	2	1	93	93	0.0017745564291022078	1	1	80	103	9	0	-A
F1_BC61_consensus_vsearch	3879	A	A	181	3	1.61%	2	1	93	93	0.12397820163492167	1	1	79	102	0	3	G
F1_BC61_consensus_vsearch	3880	C	*/-T	175	17	8.81%	2	1	93	93	5.268874801705308E-6	1	1	87	88	0	17	-T
F1_BC61_consensus_vsearch	3881	T	T	173	3	1.68%	2	1	93	93	0.12393162393162001	1	1	88	85	0	3	-C
F1_BC61_consensus_vsearch	3882	C	C	191	1	0.52%	2	1	93	93	0.5000000000001412	1	1	88	103	1	0	-A
F1_BC61_consensus_vsearch	3883	A	A	190	4	2.05%	2	2	93	93	0.061532266183381874	1	1	86	104	2	2	G
F1_BC61_consensus_vsearch	3884	G	*/-A	185	10	5.13%	2	1	93	93	8.676264462271394E-4	1	1	79	106	10	0	-A
F1_BC61_consensus_vsearch	3885	A	A	180	3	1.62%	2	2	93	93	0.12397260273979696	1	1	75	105	2	1	G
F1_BC61_consensus_vsearch	3886	G	G	191	1	0.51%	2	1	93	93	0.5000000000001412	1	1	89	102	0	1	+AG
F1_BC61_consensus_vsearch	3887	C	*/-T	178	11	5.67%	2	2	93	93	4.204021120137521E-4	1	1	84	94	3	8	-T
F1_BC61_consensus_vsearch	3888	T	T	182	1	0.55%	2	1	93	93	0.4999999999999138	1	1	85	97	1	0	C
F1_BC61_consensus_vsearch	3889	T	T	192	2	1.03%	2	1	93	93	0.2493540051679821	1	1	89	103	0	2	C
F1_BC61_consensus_vsearch	3890	T	T	196	0	0%	2	0	93	0	1.0	1	0	90	106	0	0	
F1_BC61_consensus_vsearch	3891	A	A	194	2	1.02%	2	1	93	93	0.24936061381078306	1	1	90	104	0	2	+G
F1_BC61_consensus_vsearch	3892	G	G	195	1	0.51%	2	1	93	93	0.5000000000001412	1	1	89	106	1	0	-A
F1_BC61_consensus_vsearch	3893	A	A	190	3	1.54%	2	2	93	93	0.12402597402595401	1	1	87	103	2	1	G
F1_BC61_consensus_vsearch	3894	T	T	195	1	0.51%	2	1	93	93	0.5000000000001412	1	1	89	106	1	0	+G
F1_BC61_consensus_vsearch	3895	T	*/+G	181	11	5.61%	2	1	93	93	4.214144486820526E-4	1	1	76	105	11	0	+G
F1_BC61_consensus_vsearch	3896	A	*/-G	173	19	9.74%	2	2	93	93	1.1944226389711712E-6	1	1	80	93	9	10	-G
F1_BC61_consensus_vsearch	3897	G	G	171	3	1.69%	2	1	93	93	0.1239193083573888	1	1	76	95	3	0	A
F1_BC61_consensus_vsearch	3898	G	G	185	5	2.55%	2	1	93	93	0.030428742397642147	1	1	88	97	0	5	+C
F1_BC61_consensus_vsearch	3899	C	C	193	1	0.52%	2	1	93	93	0.4999999999999138	1	1	89	104	0	1	-TCATTC
F1_BC61_consensus_vsearch	3900	T	*/-C	182	7	3.59%	2	1	93	93	0.007383107786177688	1	1	88	94	0	7	-C
F1_BC61_consensus_vsearch	3901	C	C	183	2	1.06%	2	2	93	93	0.2493224932250014	1	1	87	96	1	1	+G
F1_BC61_consensus_vsearch	3902	A	A	192	1	0.51%	2	1	93	93	0.4999999999999138	1	1	89	103	1	0	+T
F1_BC61_consensus_vsearch	3903	T	T	192	1	0.52%	2	1	93	93	0.4999999999999138	1	1	90	102	0	1	+AT
F1_BC61_consensus_vsearch	3904	T	*/-C	151	42	21.54%	2	2	93	93	1.856441542413E-14	1	1	49	102	40	2	-C
F1_BC61_consensus_vsearch	3905	C	C	150	3	1.96%	2	1	93	93	0.1237704918032649	1	1	47	103	3	0	T
F1_BC61_consensus_vsearch	3906	C	*/-A	163	27	13.78%	2	1	93	93	2.7578029778063346E-9	1	1	86	77	0	27	-A
F1_BC61_consensus_vsearch	3907	A	A	162	3	1.79%	2	1	93	93	0.12386018237081911	1	1	86	76	3	0	+G
F1_BC61_consensus_vsearch	3908	A	A	188	6	3.08%	2	2	93	93	0.015024094855898527	1	1	87	101	3	3	-T
F1_BC61_consensus_vsearch	3909	T	Y	160	28	14.81%	2	1	93	93	1.2578079229888737E-9	1	1	86	74	0	28	C
F1_BC61_consensus_vsearch	3910	T	T	192	2	1.03%	2	2	93	93	0.2493540051679821	1	1	88	104	1	1	C
F1_BC61_consensus_vsearch	3911	A	*/+G	175	11	5.61%	2	1	93	93	4.1935871135675344E-4	1	1	87	88	0	11	+G
F1_BC61_consensus_vsearch	3912	G	G	188	1	0.52%	2	1	93	93	0.5000000000001412	1	1	85	103	1	0	+A
F1_BC61_consensus_vsearch	3913	G	G	195	1	0.51%	2	1	93	93	0.5000000000001412	1	1	90	105	0	1	+C
F1_BC61_consensus_vsearch	3914	T	T	193	2	1.02%	2	1	93	93	0.24935732647820702	1	1	87	106	2	0	+C
F1_BC61_consensus_vsearch	3915	C	C	192	1	0.51%	2	1	93	93	0.4999999999999138	1	1	87	105	1	0	-A
F1_BC61_consensus_vsearch	3916	A	A	185	4	2.06%	2	1	93	93	0.061506631299724945	1	1	81	104	4	0	G
F1_BC61_consensus_vsearch	3917	C	C	188	3	1.56%	2	1	93	93	0.124015748031514	1	1	83	105	3	0	-A
F1_BC61_consensus_vsearch	3918	A	A	188	1	0.53%	2	1	93	93	0.5000000000001412	1	1	83	105	0	1	+TT
F1_BC61_consensus_vsearch	3919	T	T	190	3	1.53%	2	1	93	93	0.12402597402595401	1	1	86	104	3	0	G
F1_BC61_consensus_vsearch	3920	T	T	191	2	1.02%	2	1	93	93	0.24935064935068132	1	1	85	106	2	0	-G
F1_BC61_consensus_vsearch	3921	G	G	193	1	0.52%	2	1	93	93	0.4999999999999138	1	1	88	105	0	1	-C
F1_BC61_consensus_vsearch	3922	C	C	191	1	0.51%	2	1	93	93	0.5000000000001412	1	1	89	102	0	1	-T
F1_BC61_consensus_vsearch	3923	T	T	194	1	0.51%	2	1	93	93	0.4999999999999138	1	1	90	104	0	1	+AC
F1_BC61_consensus_vsearch	3924	C	*/+A	186	8	4.08%	2	2	93	93	0.0036291041675517713	1	1	85	101	5	3	+A
F1_BC61_consensus_vsearch	3925	G	G	185	4	2.04%	2	1	93	93	0.061506631299724945	1	1	83	102	4	0	T
F1_BC61_consensus_vsearch	3926	T	T	190	1	0.52%	2	1	93	93	0.4999999999999138	1	1	88	102	1	0	-G
F1_BC61_consensus_vsearch	3927	G	G	189	3	1.56%	2	1	93	93	0.12402088772842607	1	1	86	103	3	0	A
F1_BC61_consensus_vsearch	3928	C	C	187	4	2.04%	2	2	93	93	0.06151704651694607	1	1	86	101	2	2	-GC
F1_BC61_consensus_vsearch	3929	G	G	182	4	2.09%	2	2	93	93	0.061490587951709585	1	1	79	103	3	1	-C
F1_BC61_consensus_vsearch	3930	C	C	183	2	1.08%	2	1	93	93	0.2493224932250014	1	1	83	100	0	2	+T
F1_BC61_consensus_vsearch	3931	C	C	194	0	0%	2	0	93	0	1.0	1	0	88	106	0	0	
F1_BC61_consensus_vsearch	3932	C	C	191	4	2.05%	2	2	93	93	0.06153723520852315	1	1	86	105	3	1	T
F1_BC61_consensus_vsearch	3933	C	C	190	5	2.55%	2	1	93	93	0.03044977182598529	1	1	84	106	5	0	T
F1_BC61_consensus_vsearch	3934	A	A	193	1	0.51%	2	1	93	93	0.4999999999999138	1	1	87	106	1	0	+CA
F1_BC61_consensus_vsearch	3935	T	T	195	1	0.51%	2	1	93	93	0.5000000000001412	1	1	89	106	1	0	+A
F1_BC61_consensus_vsearch	3936	T	T	194	1	0.51%	2	1	93	93	0.4999999999999138	1	1	88	106	1	0	+A
F1_BC61_consensus_vsearch	3937	G	G	188	3	1.54%	2	1	93	93	0.124015748031514	1	1	82	106	3	0	A
F1_BC61_consensus_vsearch	3938	T	T	187	2	1.04%	2	1	93	93	0.24933687002661706	1	1	83	104	2	0	A
F1_BC61_consensus_vsearch	3939	T	T	190	3	1.55%	2	1	93	93	0.12402597402595401	1	1	87	103	0	3	+A
F1_BC61_consensus_vsearch	3940	A	A	189	4	2.05%	2	1	93	93	0.061527245600347336	1	1	89	100	0	4	+G
F1_BC61_consensus_vsearch	3941	T	T	188	3	1.53%	2	2	93	93	0.124015748031514	1	1	87	101	1	2	-GT
F1_BC61_consensus_vsearch	3942	G	G	188	2	1.04%	2	1	93	93	0.2493403693931866	1	1	85	103	2	0	C
F1_BC61_consensus_vsearch	3943	T	T	183	4	2.07%	2	2	93	93	0.061495993004889796	1	1	85	98	1	3	+GT
F1_BC61_consensus_vsearch	3944	A	A	189	2	1.03%	2	1	93	93	0.24934383202100482	1	1	83	106	2	0	G
F1_BC61_consensus_vsearch	3945	C	C	188	5	2.56%	2	2	93	93	0.030441490624263247	1	1	85	103	3	2	T
F1_BC61_consensus_vsearch	3946	T	T	196	0	0%	2	0	93	0	1.0	1	0	90	106	0	0	
F1_BC61_consensus_vsearch	3947	G	G	191	3	1.53%	2	2	93	93	0.1240310077519331	1	1	87	104	2	1	A
F1_BC61_consensus_vsearch	3948	T	T	193	3	1.53%	2	2	93	93	0.12404092071614016	1	1	89	104	1	2	C
F1_BC61_consensus_vsearch	3949	C	C	191	1	0.51%	2	1	93	93	0.5000000000001412	1	1	88	103	0	1	+A
F1_BC61_consensus_vsearch	3950	G	G	191	1	0.52%	2	1	93	93	0.5000000000001412	1	1	87	104	1	0	+CC
F1_BC61_consensus_vsearch	3951	C	C	187	4	2.05%	2	2	93	93	0.06151704651694607	1	1	85	102	2	2	-T
F1_BC61_consensus_vsearch	3952	T	Y	182	9	4.69%	2	1	93	93	0.001773645426870732	1	1	88	94	0	9	C
F1_BC61_consensus_vsearch	3953	A	A	190	3	1.53%	2	1	93	93	0.12402597402595401	1	1	89	101	0	3	-C
F1_BC61_consensus_vsearch	3954	C	C	185	4	2.07%	2	1	93	93	0.061506631299724945	1	1	89	96	0	4	+T
F1_BC61_consensus_vsearch	3955	C	C	193	1	0.51%	2	1	93	93	0.4999999999999138	1	1	90	103	0	1	+T
F1_BC61_consensus_vsearch	3956	T	W	168	15	7.69%	2	2	93	93	2.26350367290671E-5	1	1	83	85	2	13	A
F1_BC61_consensus_vsearch	3957	C	C	195	1	0.51%	2	1	93	93	0.5000000000001412	1	1	90	105	0	1	+T
F1_BC61_consensus_vsearch	3958	A	A	193	1	0.51%	2	1	93	93	0.4999999999999138	1	1	90	103	0	1	+GCCA
F1_BC61_consensus_vsearch	3959	C	C	188	6	3.06%	2	1	93	93	0.015024094855898527	1	1	83	105	6	0	-AC
F1_BC61_consensus_vsearch	3960	A	A	190	0	0%	2	0	93	0	1.0	1	0	84	106	0	0	
F1_BC61_consensus_vsearch	3961	C	*/+AC	88	93	48.95%	2	2	93	93	9.292888988693649E-36	1	1	24	64	54	39	+AC
F1_BC61_consensus_vsearch	3962	G	R	155	40	20.51%	2	2	93	93	9.778464574348398E-14	1	1	86	69	4	36	A
F1_BC61_consensus_vsearch	3963	T	Y	157	39	19.9%	2	2	93	93	2.2267125057741772E-13	1	1	87	70	3	36	C
F1_BC61_consensus_vsearch	3964	G	G	194	1	0.51%	2	1	93	93	0.4999999999999138	1	1	89	105	1	0	+T
F1_BC61_consensus_vsearch	3965	T	*/-GT	186	9	4.59%	2	2	93	93	0.0017772348172719874	1	1	88	98	1	8	-GT
F1_BC61_consensus_vsearch	3966	G	G	185	1	0.53%	2	1	93	93	0.5000000000001412	1	1	89	96	0	1	-T
F1_BC61_consensus_vsearch	3967	T	T	183	1	0.54%	2	1	93	93	0.4999999999999138	1	1	87	96	1	0	+G
F1_BC61_consensus_vsearch	3968	A	A	190	3	1.53%	2	2	93	93	0.12402597402595401	1	1	87	103	1	2	G
F1_BC61_consensus_vsearch	3969	T	T	192	2	1.03%	2	1	93	93	0.2493540051679821	1	1	89	103	0	2	C
F1_BC61_consensus_vsearch	3970	T	T	184	4	2.04%	2	2	93	93	0.06150134048256699	1	1	88	96	1	3	-G
F1_BC61_consensus_vsearch	3971	G	G	185	2	1.06%	2	1	93	93	0.24932975871318122	1	1	86	99	2	0	A
F1_BC61_consensus_vsearch	3972	G	G	185	3	1.56%	2	1	93	93	0.12399999999998497	1	1	86	99	3	0	+A
F1_BC61_consensus_vsearch	3973	G	G	194	1	0.51%	2	1	93	93	0.4999999999999138	1	1	89	105	0	1	-T
F1_BC61_consensus_vsearch	3974	T	T	185	6	3.08%	2	1	93	93	0.01501470753479516	1	1	88	97	0	6	C
F1_BC61_consensus_vsearch	3975	A	A	192	1	0.52%	2	1	93	93	0.4999999999999138	1	1	88	104	1	0	+T
F1_BC61_consensus_vsearch	3976	A	*/-T	161	31	15.9%	2	2	93	93	1.247619385429138E-10	1	1	61	100	28	3	-T
F1_BC61_consensus_vsearch	3977	T	T	163	1	0.61%	2	1	93	93	0.4999999999999138	1	1	61	102	0	1	C
F1_BC61_consensus_vsearch	3978	T	T	195	1	0.51%	2	1	93	93	0.5000000000001412	1	1	89	106	1	0	G
F1_BC61_consensus_vsearch	3979	T	T	193	1	0.51%	2	1	93	93	0.4999999999999138	1	1	89	104	0	1	+G
F1_BC61_consensus_vsearch	3980	G	G	190	3	1.54%	2	1	93	93	0.12402597402595401	1	1	89	101	0	3	A
F1_BC61_consensus_vsearch	3981	C	C	191	3	1.54%	2	2	93	93	0.1240310077519331	1	1	88	103	1	2	T
F1_BC61_consensus_vsearch	3982	G	G	193	2	1.02%	2	1	93	93	0.24935732647820702	1	1	90	103	0	2	A
F1_BC61_consensus_vsearch	3983	C	*/-GC	175	15	7.69%	2	2	93	93	2.2895728702355452E-5	1	1	74	101	14	1	-GC
F1_BC61_consensus_vsearch	3984	G	G	179	1	0.56%	2	1	93	93	0.5000000000001412	1	1	75	104	0	1	T
F1_BC61_consensus_vsearch	3985	C	C	177	3	1.66%	2	2	93	93	0.1239554317548523	1	1	75	102	1	2	T
F1_BC61_consensus_vsearch	3986	C	C	191	2	1.02%	2	2	93	93	0.24935064935068132	1	1	88	103	1	1	-T
F1_BC61_consensus_vsearch	3987	T	T	191	1	0.52%	2	1	93	93	0.5000000000001412	1	1	89	102	0	1	+G
F1_BC61_consensus_vsearch	3988	G	G	195	1	0.51%	2	1	93	93	0.5000000000001412	1	1	89	106	1	0	A
F1_BC61_consensus_vsearch	3989	C	Y	185	8	4.08%	2	2	93	93	0.003627693045256358	1	1	87	98	1	7	T
F1_BC61_consensus_vsearch	3990	T	T	189	2	1.04%	2	1	93	93	0.24934383202100482	1	1	85	104	2	0	C
F1_BC61_consensus_vsearch	3991	G	*/-C	179	9	4.66%	2	2	93	93	0.0017708558237889195	1	1	76	103	7	2	-C
F1_BC61_consensus_vsearch	3992	C	C	181	1	0.54%	2	1	93	93	0.4999999999999138	1	1	78	103	1	0	+AC
F1_BC61_consensus_vsearch	3993	C	*/+T	173	12	6.12%	2	2	93	93	2.0308260241471053E-4	1	1	81	92	1	11	+T
F1_BC61_consensus_vsearch	3994	T	T	188	1	0.53%	2	1	93	93	0.5000000000001412	1	1	85	103	1	0	+CT
F1_BC61_consensus_vsearch	3995	T	*/-C	180	8	4.12%	2	2	93	93	0.00362041635085765	1	1	79	101	3	5	-C
F1_BC61_consensus_vsearch	3996	C	*/+G	176	7	3.78%	2	1	93	93	0.007369187819667051	1	1	75	101	7	0	+G
F1_BC61_consensus_vsearch	3997	C	C	178	6	3.08%	2	1	93	93	0.014991620166021489	1	1	82	96	0	6	-T
F1_BC61_consensus_vsearch	3998	T	T	176	4	2.13%	2	2	93	93	0.061456894735582995	1	1	81	95	3	1	C
F1_BC61_consensus_vsearch	3999	T	*/-G	178	9	4.64%	2	1	93	93	0.0017699066001378024	1	1	84	94	0	9	-G
F1_BC61_consensus_vsearch	4000	G	G	185	1	0.53%	2	1	93	93	0.5000000000001412	1	1	89	96	1	0	A
F1_BC61_consensus_vsearch	4001	G	G	192	2	1.02%	2	1	93	93	0.2493540051679821	1	1	86	106	2	0	-A
F1_BC61_consensus_vsearch	4002	A	A	191	1	0.52%	2	1	93	93	0.5000000000001412	1	1	88	103	0	1	+GA
F1_BC61_consensus_vsearch	4003	T	T	186	3	1.55%	2	1	93	93	0.1240053050397967	1	1	86	100	0	3	-GT
F1_BC61_consensus_vsearch	4004	G	G	185	2	1.05%	2	1	93	93	0.24932975871318122	1	1	84	101	2	0	+CT
F1_BC61_consensus_vsearch	4005	T	*/-A	162	22	11.52%	2	2	93	93	1.2235594474766907E-7	1	1	63	99	21	1	-A
F1_BC61_consensus_vsearch	4006	A	A	171	1	0.58%	2	1	93	93	0.4999999999999138	1	1	67	104	1	0	G
F1_BC61_consensus_vsearch	4007	A	A	187	2	1.03%	2	2	93	93	0.24933687002661706	1	1	87	100	1	1	+G
F1_BC61_consensus_vsearch	4008	G	*/-A	182	10	5.18%	2	1	93	93	8.659835374014541E-4	1	1	79	103	10	0	-A
F1_BC61_consensus_vsearch	4009	A	A	181	2	1.08%	2	2	93	93	0.24931506849317653	1	1	78	103	1	1	-G
F1_BC61_consensus_vsearch	4010	G	G	189	2	1.04%	2	1	93	93	0.24934383202100482	1	1	89	100	0	2	-C
F1_BC61_consensus_vsearch	4011	C	C	188	3	1.55%	2	1	93	93	0.124015748031514	1	1	88	100	0	3	T
F1_BC61_consensus_vsearch	4012	C	Y	183	7	3.57%	2	1	93	93	0.007385343252869138	1	1	86	97	0	7	T
F1_BC61_consensus_vsearch	4013	G	G	190	3	1.54%	2	2	93	93	0.12402597402595401	1	1	87	103	2	1	A
F1_BC61_consensus_vsearch	4014	T	*/-GT	181	8	4.1%	2	2	93	93	0.0036219019328410066	1	1	88	93	1	7	-GT
F1_BC61_consensus_vsearch	4015	G	G	182	2	1.08%	2	1	93	93	0.2493188010900035	1	1	89	93	0	2	A
F1_BC61_consensus_vsearch	4016	T	T	181	4	2.15%	2	1	93	93	0.06148512438803467	1	1	89	92	0	4	C
F1_BC61_consensus_vsearch	4017	C	C	193	1	0.52%	2	1	93	93	0.4999999999999138	1	1	89	104	1	0	-TC
F1_BC61_consensus_vsearch	4018	T	T	190	2	1.03%	2	1	93	93	0.2493472584856949	1	1	88	102	0	2	-C
F1_BC61_consensus_vsearch	4019	C	C	189	1	0.52%	2	1	93	93	0.5000000000001412	1	1	87	102	0	1	+A
F1_BC61_consensus_vsearch	4020	A	A	188	5	2.56%	2	2	93	93	0.030441490624263247	1	1	84	104	4	1	G
F1_BC61_consensus_vsearch	4021	T	T	192	1	0.51%	2	1	93	93	0.4999999999999138	1	1	88	104	1	0	+A
F1_BC61_consensus_vsearch	4022	G	G	189	1	0.52%	2	1	93	93	0.5000000000001412	1	1	86	103	0	1	+C
F1_BC61_consensus_vsearch	4023	C	C	190	3	1.54%	2	1	93	93	0.12402597402595401	1	1	87	103	0	3	-T
F1_BC61_consensus_vsearch	4024	T	T	191	1	0.52%	2	1	93	93	0.5000000000001412	1	1	89	102	1	0	A
F1_BC61_consensus_vsearch	4025	C	*/-T	151	41	20.92%	2	1	93	93	4.155406940867238E-14	1	1	89	62	0	41	-T
F1_BC61_consensus_vsearch	4026	T	T	154	1	0.65%	2	1	93	93	0.5000000000001412	1	1	90	64	0	1	+CT
F1_BC61_consensus_vsearch	4027	T	T	195	1	0.51%	2	1	93	93	0.5000000000001412	1	1	90	105	0	1	+C
F1_BC61_consensus_vsearch	4028	T	T	194	1	0.51%	2	1	93	93	0.4999999999999138	1	1	89	105	1	0	+C
F1_BC61_consensus_vsearch	4029	C	C	189	4	2.05%	2	2	93	93	0.061527245600347336	1	1	89	100	1	3	-TC
F1_BC61_consensus_vsearch	4030	T	*/-C	175	16	8.38%	2	1	93	93	1.0997161030255734E-5	1	1	73	102	16	0	-C
F1_BC61_consensus_vsearch	4031	C	C	173	1	0.57%	2	1	93	93	0.4999999999999138	1	1	72	101	0	1	+T
F1_BC61_consensus_vsearch	4032	C	*/-G	168	28	14.29%	2	1	93	93	1.3193299226492842E-9	1	1	90	78	0	28	-G
F1_BC61_consensus_vsearch	4033	G	G	165	1	0.6%	2	1	93	93	0.4999999999999138	1	1	89	76	1	0	+A
F1_BC61_consensus_vsearch	4034	G	G	195	1	0.51%	2	1	93	93	0.5000000000001412	1	1	89	106	1	0	-A
F1_BC61_consensus_vsearch	4035	A	A	191	3	1.54%	2	1	93	93	0.1240310077519331	1	1	85	106	3	0	+G
F1_BC61_consensus_vsearch	4036	A	A	196	0	0%	2	0	93	0	1.0	1	0	90	106	0	0	
F1_BC61_consensus_vsearch	4037	T	T	195	1	0.51%	2	1	93	93	0.5000000000001412	1	1	89	106	1	0	+C
F1_BC61_consensus_vsearch	4038	C	C	194	1	0.51%	2	1	93	93	0.4999999999999138	1	1	89	105	1	0	+A
F1_BC61_consensus_vsearch	4039	G	G	194	1	0.51%	2	1	93	93	0.4999999999999138	1	1	89	105	1	0	-A
F1_BC61_consensus_vsearch	4040	A	A	194	1	0.51%	2	1	93	93	0.4999999999999138	1	1	89	105	0	1	G
F1_BC61_consensus_vsearch	4041	A	A	189	4	2.04%	2	2	93	93	0.061527245600347336	1	1	85	104	3	1	G
F1_BC61_consensus_vsearch	4042	C	*/-T	184	9	4.62%	2	1	93	93	0.0017754582364345615	1	1	88	96	0	9	-T
F1_BC61_consensus_vsearch	4043	T	*/+C	168	7	3.78%	2	1	93	93	0.007349160919077469	1	1	78	90	7	0	+C
F1_BC61_consensus_vsearch	4044	C	C	175	5	2.66%	2	1	93	93	0.030383183914226543	1	1	87	88	0	5	-T
F1_BC61_consensus_vsearch	4045	T	*/-A	173	11	5.82%	2	2	93	93	4.186451412907242E-4	1	1	85	88	4	7	-A
F1_BC61_consensus_vsearch	4046	A	A	179	3	1.64%	2	2	93	93	0.12396694214879515	1	1	84	95	1	2	G
F1_BC61_consensus_vsearch	4047	A	M	183	10	5.1%	2	1	93	93	8.665366458993966E-4	1	1	88	95	0	10	C
F1_BC61_consensus_vsearch	4048	T	T	185	6	3.06%	2	1	93	93	0.01501470753479516	1	1	90	95	0	6	+C
F1_BC61_consensus_vsearch	4049	T	*/+C	66	107	54.59%	2	2	93	93	1.372346893248072E-43	1	1	16	50	73	34	+C
F1_BC61_consensus_vsearch	4050	C	C	188	2	1.05%	2	2	93	93	0.2493403693931866	1	1	89	99	1	1	+T
F1_BC61_consensus_vsearch	4051	C	C	187	3	1.54%	2	1	93	93	0.12401055408976878	1	1	89	98	0	3	T
F1_BC61_consensus_vsearch	4052	C	*/+T	167	21	10.71%	2	1	93	93	2.6404810275723606E-7	1	1	88	79	0	21	+T
F1_BC61_consensus_vsearch	4053	G	G	193	1	0.51%	2	1	93	93	0.4999999999999138	1	1	87	106	1	0	-T
F1_BC61_consensus_vsearch	4054	T	T	192	1	0.51%	2	1	93	93	0.4999999999999138	1	1	87	105	0	1	A
F1_BC61_consensus_vsearch	4055	T	T	189	5	2.55%	2	1	93	93	0.030445652538661657	1	1	84	105	5	0	-A
F1_BC61_consensus_vsearch	4056	A	*/-C	175	10	5.24%	2	2	93	93	8.619505923183497E-4	1	1	72	103	8	2	-C
F1_BC61_consensus_vsearch	4057	C	C	175	5	2.7%	2	1	93	93	0.030383183914226543	1	1	77	98	5	0	G
F1_BC61_consensus_vsearch	4058	C	C	189	2	1.03%	2	2	93	93	0.24934383202100482	1	1	88	101	1	1	+A
F1_BC61_consensus_vsearch	4059	C	Y	127	65	33.33%	2	1	93	93	3.8565796143421975E-23	1	1	89	38	0	65	T
F1_BC61_consensus_vsearch	4060	G	G	192	2	1.03%	2	1	93	93	0.2493540051679821	1	1	88	104	2	0	A
F1_BC61_consensus_vsearch	4061	T	T	194	1	0.51%	2	1	93	93	0.4999999999999138	1	1	90	104	0	1	+GC
F1_BC61_consensus_vsearch	4062	C	C	188	3	1.53%	2	1	93	93	0.124015748031514	1	1	85	103	3	0	+AC
F1_BC61_consensus_vsearch	4063	G	G	192	2	1.03%	2	2	93	93	0.2493540051679821	1	1	89	103	1	1	A
F1_BC61_consensus_vsearch	4064	T	T	191	3	1.55%	2	1	93	93	0.1240310077519331	1	1	87	104	3	0	-C
F1_BC61_consensus_vsearch	4065	C	C	191	0	0%	2	0	93	0	1.0	1	0	87	104	0	0	
F1_BC61_consensus_vsearch	4066	C	C	192	1	0.51%	2	1	93	93	0.4999999999999138	1	1	88	104	0	1	+GG
F1_BC61_consensus_vsearch	4067	G	G	192	2	1.03%	2	1	93	93	0.2493540051679821	1	1	88	104	0	2	+C
F1_BC61_consensus_vsearch	4068	C	C	192	1	0.51%	2	1	93	93	0.4999999999999138	1	1	87	105	0	1	-T
F1_BC61_consensus_vsearch	4069	T	T	184	5	2.56%	2	1	93	93	0.030424403183015276	1	1	83	101	5	0	+C
F1_BC61_consensus_vsearch	4070	C	C	191	1	0.52%	2	1	93	93	0.5000000000001412	1	1	88	103	1	0	+A
F1_BC61_consensus_vsearch	4071	G	G	188	5	2.56%	2	1	93	93	0.030441490624263247	1	1	84	104	5	0	A
F1_BC61_consensus_vsearch	4072	G	G	195	1	0.51%	2	1	93	93	0.5000000000001412	1	1	89	106	1	0	T
F1_BC61_consensus_vsearch	4073	T	T	192	2	1.02%	2	1	93	93	0.2493540051679821	1	1	90	102	0	2	-G
F1_BC61_consensus_vsearch	4074	G	G	193	1	0.52%	2	1	93	93	0.4999999999999138	1	1	89	104	1	0	+A
F1_BC61_consensus_vsearch	4075	G	G	194	1	0.51%	2	1	93	93	0.4999999999999138	1	1	88	106	1	0	A
F1_BC61_consensus_vsearch	4076	T	*/-C	154	37	18.88%	2	1	93	93	1.054785445505795E-12	1	1	50	104	37	0	-C
F1_BC61_consensus_vsearch	4077	C	C	157	1	0.63%	2	1	93	93	0.5000000000001412	1	1	51	106	1	0	A
F1_BC61_consensus_vsearch	4078	C	*/-A	183	8	4.08%	2	1	93	93	0.003624827265843605	1	1	80	103	8	0	-A
F1_BC61_consensus_vsearch	4079	A	A	184	1	0.53%	2	1	93	93	0.4999999999999138	1	1	81	103	1	0	+G
F1_BC61_consensus_vsearch	4080	A	A	191	2	1.03%	2	1	93	93	0.24935064935068132	1	1	88	103	2	0	G
F1_BC61_consensus_vsearch	4081	G	G	192	2	1.03%	2	1	93	93	0.2493540051679821	1	1	87	105	2	0	-A
F1_BC61_consensus_vsearch	4082	A	A	188	5	2.58%	2	2	93	93	0.030441490624263247	1	1	85	103	2	3	G
F1_BC61_consensus_vsearch	4083	C	C	190	2	1.02%	2	1	93	93	0.2493472584856949	1	1	88	102	0	2	+A
F1_BC61_consensus_vsearch	4084	A	A	190	2	1.03%	2	1	93	93	0.2493472584856949	1	1	88	102	0	2	+T
F1_BC61_consensus_vsearch	4085	C	C	185	5	2.56%	2	2	93	93	0.030428742397642147	1	1	87	98	1	4	+A
F1_BC61_consensus_vsearch	4086	A	A	192	3	1.54%	2	2	93	93	0.12403598971719802	1	1	88	104	2	1	G
F1_BC61_consensus_vsearch	4087	A	A	190	4	2.04%	2	1	93	93	0.061532266183381874	1	1	84	106	4	0	G
F1_BC61_consensus_vsearch	4088	C	C	189	3	1.54%	2	1	93	93	0.12402088772842607	1	1	87	102	0	3	+T
F1_BC61_consensus_vsearch	4089	C	Y	176	13	6.63%	2	1	93	93	9.860774066125673E-5	1	1	88	88	0	13	T
F1_BC61_consensus_vsearch	4090	G	G	193	1	0.51%	2	1	93	93	0.4999999999999138	1	1	88	105	1	0	-A
F1_BC61_consensus_vsearch	4091	A	A	192	2	1.03%	2	2	93	93	0.2493540051679821	1	1	88	104	1	1	G
F1_BC61_consensus_vsearch	4092	C	C	191	3	1.54%	2	2	93	93	0.1240310077519331	1	1	89	102	1	2	+A
F1_BC61_consensus_vsearch	4093	A	A	194	1	0.51%	2	1	93	93	0.4999999999999138	1	1	89	105	1	0	G
F1_BC61_consensus_vsearch	4094	A	A	191	2	1.02%	2	2	93	93	0.24935064935068132	1	1	88	103	1	1	G
F1_BC61_consensus_vsearch	4095	C	C	192	1	0.51%	2	1	93	93	0.4999999999999138	1	1	88	104	0	1	+A
F1_BC61_consensus_vsearch	4096	G	G	184	6	3.08%	2	1	93	93	0.015011512916161563	1	1	87	97	0	6	-TG
F1_BC61_consensus_vsearch	4097	T	T	178	2	1.06%	2	1	93	93	0.24930362117001986	1	1	90	88	0	2	+A
F1_BC61_consensus_vsearch	4098	G	G	188	2	1.05%	2	1	93	93	0.2493403693931866	1	1	90	98	0	2	C
F1_BC61_consensus_vsearch	4099	A	A	192	1	0.51%	2	1	93	93	0.4999999999999138	1	1	89	103	1	0	+T
F1_BC61_consensus_vsearch	4100	T	T	192	1	0.51%	2	1	93	93	0.4999999999999138	1	1	88	104	1	0	+A
F1_BC61_consensus_vsearch	4101	A	*/-G	170	14	7.14%	2	2	93	93	4.721392964410002E-5	1	1	80	90	1	13	-G
F1_BC61_consensus_vsearch	4102	G	G	180	2	1.1%	2	1	93	93	0.24931129476584768	1	1	87	93	2	0	A
F1_BC61_consensus_vsearch	4103	G	G	190	4	2.04%	2	2	93	93	0.061532266183381874	1	1	85	105	3	1	A
F1_BC61_consensus_vsearch	4104	G	G	189	5	2.55%	2	1	93	93	0.030445652538661657	1	1	84	105	5	0	A
F1_BC61_consensus_vsearch	4105	C	C	192	2	1.02%	2	2	93	93	0.2493540051679821	1	1	88	104	1	1	+A
F1_BC61_consensus_vsearch	4106	A	A	188	4	2.05%	2	1	93	93	0.061522172652713904	1	1	85	103	4	0	G
F1_BC61_consensus_vsearch	4107	G	G	192	2	1.03%	2	1	93	93	0.2493540051679821	1	1	87	105	2	0	+A
F1_BC61_consensus_vsearch	4108	T	T	194	0	0%	2	0	93	0	1.0	1	0	89	105	0	0	
F1_BC61_consensus_vsearch	4109	T	T	192	1	0.51%	2	1	93	93	0.4999999999999138	1	1	89	103	0	1	+A
F1_BC61_consensus_vsearch	4110	A	A	186	5	2.58%	2	1	93	93	0.030433036239869853	1	1	82	104	5	0	G
F1_BC61_consensus_vsearch	4111	C	*/-T	175	11	5.67%	2	2	93	93	4.1935871135675344E-4	1	1	85	90	3	8	-T
F1_BC61_consensus_vsearch	4112	T	T	177	4	2.21%	2	2	93	93	0.061462665606988216	1	1	82	95	3	1	C
F1_BC61_consensus_vsearch	4113	T	T	181	3	1.55%	2	1	93	93	0.12397820163492167	1	1	80	101	3	0	A
F1_BC61_consensus_vsearch	4114	G	G	188	5	2.58%	2	2	93	93	0.030441490624263247	1	1	85	103	4	1	-A
F1_BC61_consensus_vsearch	4115	A	A	183	4	2.11%	2	1	93	93	0.061495993004889796	1	1	79	104	4	0	+G
F1_BC61_consensus_vsearch	4116	A	A	193	1	0.51%	2	1	93	93	0.4999999999999138	1	1	89	104	0	1	+CAA
F1_BC61_consensus_vsearch	4117	T	*/+G	174	15	7.65%	2	1	93	93	2.285953945782884E-5	1	1	86	88	0	15	+G
F1_BC61_consensus_vsearch	4118	G	G	177	6	3.12%	2	2	93	93	0.014988178616270897	1	1	83	94	3	3	-A
F1_BC61_consensus_vsearch	4119	A	A	179	4	2.16%	2	1	93	93	0.061474017887485174	1	1	86	93	0	4	T
F1_BC61_consensus_vsearch	4120	A	A	186	3	1.56%	2	2	93	93	0.1240053050397967	1	1	88	98	1	2	-G
F1_BC61_consensus_vsearch	4121	G	G	190	1	0.52%	2	1	93	93	0.4999999999999138	1	1	88	102	1	0	A
F1_BC61_consensus_vsearch	4122	C	C	194	1	0.51%	2	1	93	93	0.4999999999999138	1	1	90	104	0	1	T
F1_BC61_consensus_vsearch	4123	G	G	193	2	1.03%	2	1	93	93	0.24935732647820702	1	1	90	103	0	2	A
F1_BC61_consensus_vsearch	4124	C	C	194	1	0.51%	2	1	93	93	0.4999999999999138	1	1	90	104	0	1	+GC
F1_BC61_consensus_vsearch	4125	C	C	192	3	1.53%	2	1	93	93	0.12403598971719802	1	1	90	102	0	3	T
F1_BC61_consensus_vsearch	4126	G	G	188	5	2.55%	2	1	93	93	0.030441490624263247	1	1	89	99	0	5	-CCG
F1_BC61_consensus_vsearch	4127	C	C	189	2	1.05%	2	1	93	93	0.24934383202100482	1	1	90	99	0	2	T
F1_BC61_consensus_vsearch	4128	C	C	184	3	1.57%	2	1	93	93	0.12399463806966378	1	1	88	96	0	3	+G
F1_BC61_consensus_vsearch	4129	G	G	187	3	1.58%	2	1	93	93	0.12401055408976878	1	1	86	101	3	0	A
F1_BC61_consensus_vsearch	4130	G	G	193	1	0.51%	2	1	93	93	0.4999999999999138	1	1	89	104	0	1	+TG
F1_BC61_consensus_vsearch	4131	C	C	190	2	1.03%	2	1	93	93	0.2493472584856949	1	1	88	102	0	2	T
F1_BC61_consensus_vsearch	4132	A	A	186	3	1.55%	2	2	93	93	0.1240053050397967	1	1	86	100	2	1	-T
F1_BC61_consensus_vsearch	4133	T	*/-G	165	16	8.29%	2	1	93	93	1.0791087617257083E-5	1	1	63	102	16	0	-G
F1_BC61_consensus_vsearch	4134	G	*/-A	144	29	16.2%	2	1	93	93	5.176470538116319E-10	1	1	40	104	29	0	-A
F1_BC61_consensus_vsearch	4135	A	A	162	1	0.61%	2	1	93	93	0.4999999999999138	1	1	57	105	1	0	+G
F1_BC61_consensus_vsearch	4136	A	R	172	20	10.31%	2	1	93	93	5.661236069647623E-7	1	1	67	105	20	0	G
F1_BC61_consensus_vsearch	4137	G	*/+C	166	20	10.31%	2	1	93	93	5.561517304816399E-7	1	1	62	104	20	0	+C
F1_BC61_consensus_vsearch	4138	C	C	186	3	1.57%	2	1	93	93	0.1240053050397967	1	1	83	103	3	0	G
F1_BC61_consensus_vsearch	4139	C	C	191	2	1.03%	2	1	93	93	0.24935064935068132	1	1	86	105	2	0	-T
F1_BC61_consensus_vsearch	4140	T	T	181	6	3.09%	2	1	93	93	0.015001725210740429	1	1	83	98	0	6	C
F1_BC61_consensus_vsearch	4141	G	G	190	3	1.54%	2	1	93	93	0.12402597402595401	1	1	85	105	3	0	-A
F1_BC61_consensus_vsearch	4142	A	A	185	6	3.11%	2	2	93	93	0.01501470753479516	1	1	81	104	4	2	G
F1_BC61_consensus_vsearch	4143	G	G	193	1	0.51%	2	1	93	93	0.4999999999999138	1	1	89	104	0	1	+AG
F1_BC61_consensus_vsearch	4144	C	C	189	2	1.03%	2	2	93	93	0.24934383202100482	1	1	86	103	1	1	T
F1_BC61_consensus_vsearch	4145	G	G	193	1	0.52%	2	1	93	93	0.4999999999999138	1	1	89	104	0	1	T
F1_BC61_consensus_vsearch	4146	G	G	193	2	1.02%	2	2	93	93	0.24935732647820702	1	1	88	105	1	1	-T
F1_BC61_consensus_vsearch	4147	T	*/-C	164	28	14.43%	2	1	93	93	1.2888941728737167E-9	1	1	59	105	28	0	-C
F1_BC61_consensus_vsearch	4148	C	C	167	1	0.6%	2	1	93	93	0.4999999999999138	1	1	62	105	0	1	T
F1_BC61_consensus_vsearch	4149	C	*/+G	169	13	6.63%	2	2	93	93	9.777264385923668E-5	1	1	82	87	1	12	+G
F1_BC61_consensus_vsearch	4150	G	G	190	2	1.04%	2	1	93	93	0.2493472584856949	1	1	85	105	2	0	-A
F1_BC61_consensus_vsearch	4151	A	A	192	1	0.52%	2	1	93	93	0.4999999999999138	1	1	86	106	1	0	+GG
F1_BC61_consensus_vsearch	4152	A	A	193	2	1.02%	2	1	93	93	0.24935732647820702	1	1	87	106	2	0	G
F1_BC61_consensus_vsearch	4153	T	T	191	3	1.53%	2	2	93	93	0.1240310077519331	1	1	87	104	1	2	C
F1_BC61_consensus_vsearch	4154	G	G	194	1	0.51%	2	1	93	93	0.4999999999999138	1	1	89	105	0	1	A
F1_BC61_consensus_vsearch	4155	A	A	190	3	1.53%	2	2	93	93	0.12402597402595401	1	1	86	104	2	1	G
F1_BC61_consensus_vsearch	4156	T	T	192	1	0.51%	2	1	93	93	0.4999999999999138	1	1	88	104	1	0	-GC
F1_BC61_consensus_vsearch	4157	G	G	188	4	2.06%	2	1	93	93	0.061522172652713904	1	1	82	106	4	0	-CT
F1_BC61_consensus_vsearch	4158	C	C	187	1	0.53%	2	1	93	93	0.4999999999999138	1	1	83	104	0	1	+T
F1_BC61_consensus_vsearch	4159	T	T	184	3	1.59%	2	2	93	93	0.12399463806966378	1	1	82	102	1	2	C
F1_BC61_consensus_vsearch	4160	T	T	186	3	1.55%	2	1	93	93	0.1240053050397967	1	1	87	99	0	3	-A
F1_BC61_consensus_vsearch	4161	A	R	181	7	3.66%	2	1	93	93	0.007380848803681321	1	1	88	93	0	7	G
F1_BC61_consensus_vsearch	4162	T	Y	180	7	3.63%	2	2	93	93	0.007378565932456183	1	1	85	95	1	6	C
F1_BC61_consensus_vsearch	4163	G	G	191	2	1.03%	2	1	93	93	0.24935064935068132	1	1	87	104	0	2	+CG
F1_BC61_consensus_vsearch	4164	A	A	193	2	1.03%	2	1	93	93	0.24935732647820702	1	1	87	106	2	0	G
F1_BC61_consensus_vsearch	4165	G	G	194	1	0.51%	2	1	93	93	0.4999999999999138	1	1	90	104	0	1	+A
F1_BC61_consensus_vsearch	4166	T	T	194	1	0.51%	2	1	93	93	0.4999999999999138	1	1	90	104	0	1	-C
F1_BC61_consensus_vsearch	4167	C	C	187	3	1.55%	2	1	93	93	0.12401055408976878	1	1	84	103	3	0	-ACC
F1_BC61_consensus_vsearch	4168	A	A	185	1	0.53%	2	1	93	93	0.5000000000001412	1	1	81	104	1	0	+C
F1_BC61_consensus_vsearch	4169	C	C	188	1	0.53%	2	1	93	93	0.5000000000001412	1	1	83	105	1	0	+A
F1_BC61_consensus_vsearch	4170	C	*/+T	174	9	4.74%	2	2	93	93	0.0017660088144097936	1	1	82	92	1	8	+T
F1_BC61_consensus_vsearch	4171	T	T	183	1	0.54%	2	1	93	93	0.4999999999999138	1	1	85	98	0	1	+G
F1_BC61_consensus_vsearch	4172	T	T	194	1	0.51%	2	1	93	93	0.4999999999999138	1	1	89	105	0	1	-G
F1_BC61_consensus_vsearch	4173	G	G	188	5	2.58%	2	1	93	93	0.030441490624263247	1	1	83	105	5	0	-CCTG
F1_BC61_consensus_vsearch	4174	C	C	186	2	1.05%	2	1	93	93	0.24933333333336263	1	1	84	102	0	2	+T
F1_BC61_consensus_vsearch	4175	C	C	188	3	1.57%	2	2	93	93	0.124015748031514	1	1	84	104	1	2	-T
F1_BC61_consensus_vsearch	4176	T	T	181	2	1.06%	2	1	93	93	0.24931506849317653	1	1	83	98	0	2	+G
F1_BC61_consensus_vsearch	4177	G	G	184	2	1.06%	2	1	93	93	0.24932614555250343	1	1	81	103	2	0	+C
F1_BC61_consensus_vsearch	4178	C	C	182	5	2.56%	2	2	93	93	0.030415585729470396	1	1	85	97	3	2	+A
F1_BC61_consensus_vsearch	4179	A	A	191	2	1.03%	2	1	93	93	0.24935064935068132	1	1	87	104	2	0	+GA
F1_BC61_consensus_vsearch	4180	A	A	191	1	0.51%	2	1	93	93	0.5000000000001412	1	1	87	104	1	0	+C
F1_BC61_consensus_vsearch	4181	G	R	180	12	6.19%	2	1	93	93	2.0449333836859826E-4	1	1	77	103	12	0	A
F1_BC61_consensus_vsearch	4182	C	C	189	4	2.06%	2	2	93	93	0.061527245600347336	1	1	86	103	2	2	T
F1_BC61_consensus_vsearch	4183	A	R	162	24	12.31%	2	2	93	93	2.69819620010747E-8	1	1	67	95	23	1	G
F1_BC61_consensus_vsearch	4184	G	G	189	2	1.05%	2	1	93	93	0.24934383202100482	1	1	90	99	0	2	+T
F1_BC61_consensus_vsearch	4185	G	G	192	1	0.52%	2	1	93	93	0.4999999999999138	1	1	89	103	0	1	+TGTG
F1_BC61_consensus_vsearch	4186	A	A	193	1	0.51%	2	1	93	93	0.4999999999999138	1	1	89	104	1	0	+CC
F1_BC61_consensus_vsearch	4187	C	C	190	2	1.03%	2	1	93	93	0.2493472584856949	1	1	86	104	2	0	+G
F1_BC61_consensus_vsearch	4188	G	G	189	3	1.54%	2	1	93	93	0.12402088772842607	1	1	83	106	3	0	+A
F1_BC61_consensus_vsearch	4189	A	*/-G	171	18	9.33%	2	1	93	93	2.4949903914247745E-6	1	1	66	105	18	0	-G
F1_BC61_consensus_vsearch	4190	G	G	174	1	0.57%	2	1	93	93	0.4999999999999138	1	1	68	106	1	0	+A
F1_BC61_consensus_vsearch	4191	G	G	182	5	2.55%	2	2	93	93	0.030415585729470396	1	1	80	102	4	1	-T
F1_BC61_consensus_vsearch	4192	T	T	186	1	0.53%	2	1	93	93	0.4999999999999138	1	1	83	103	1	0	A
F1_BC61_consensus_vsearch	4193	T	T	193	0	0%	2	0	93	0	1.0	1	0	89	104	0	0	
F1_BC61_consensus_vsearch	4194	T	*/-G	165	28	14.29%	2	1	93	93	1.296563625802569E-9	1	1	90	75	0	28	-G
F1_BC61_consensus_vsearch	4195	G	G	164	2	1.19%	2	1	93	93	0.24924471299088177	1	1	89	75	0	2	C
F1_BC61_consensus_vsearch	4196	G	G	192	3	1.53%	2	1	93	93	0.12403598971719802	1	1	87	105	3	0	A
F1_BC61_consensus_vsearch	4197	A	A	187	4	2.04%	2	1	93	93	0.06151704651694607	1	1	90	97	0	4	+T
F1_BC61_consensus_vsearch	4198	T	T	185	4	2.08%	2	2	93	93	0.061506631299724945	1	1	86	99	1	3	C
F1_BC61_consensus_vsearch	4199	C	*/-T	186	7	3.57%	2	2	93	93	0.007391912172859777	1	1	89	97	1	6	-T
F1_BC61_consensus_vsearch	4200	T	T	175	5	2.65%	2	1	93	93	0.030383183914226543	1	1	85	90	0	5	C
F1_BC61_consensus_vsearch	4201	A	A	187	3	1.57%	2	2	93	93	0.12401055408976878	1	1	86	101	2	1	C
F1_BC61_consensus_vsearch	4202	A	A	190	2	1.03%	2	1	93	93	0.2493472584856949	1	1	87	103	2	0	-T
F1_BC61_consensus_vsearch	4203	T	Y	183	8	4.15%	2	1	93	93	0.003624827265843605	1	1	85	98	0	8	C
F1_BC61_consensus_vsearch	4204	G	G	188	4	2.04%	2	1	93	93	0.061522172652713904	1	1	82	106	4	0	-A
F1_BC61_consensus_vsearch	4205	A	A	189	2	1.04%	2	1	93	93	0.24934383202100482	1	1	83	106	2	0	+G
F1_BC61_consensus_vsearch	4206	G	G	193	1	0.51%	2	1	93	93	0.4999999999999138	1	1	89	104	0	1	+TT
F1_BC61_consensus_vsearch	4207	C	*/-AC	182	11	5.61%	2	1	93	93	4.217452292539659E-4	1	1	79	103	11	0	-AC
F1_BC61_consensus_vsearch	4208	A	A	183	1	0.54%	2	1	93	93	0.4999999999999138	1	1	79	104	0	1	+T
F1_BC61_consensus_vsearch	4209	C	C	180	5	2.7%	2	2	93	93	0.030406577907750046	1	1	77	103	2	3	T
F1_BC61_consensus_vsearch	4210	G	G	192	2	1.02%	2	1	93	93	0.2493540051679821	1	1	87	105	2	0	A
F1_BC61_consensus_vsearch	4211	T	*/-C	179	13	6.67%	2	2	93	93	9.894838953322904E-5	1	1	75	104	12	1	-C
F1_BC61_consensus_vsearch	4212	C	C	183	0	0%	2	0	93	0	1.0	1	0	78	105	0	0	
F1_BC61_consensus_vsearch	4213	C	C	191	2	1.02%	2	1	93	93	0.24935064935068132	1	1	86	105	2	0	-AC
F1_BC61_consensus_vsearch	4214	A	A	192	1	0.52%	2	1	93	93	0.4999999999999138	1	1	86	106	1	0	-C
F1_BC61_consensus_vsearch	4215	C	C	184	3	1.56%	2	1	93	93	0.12399463806966378	1	1	86	98	0	3	+T
F1_BC61_consensus_vsearch	4216	T	*/-CT	177	7	3.63%	2	2	93	93	0.007371570136883838	1	1	87	90	1	6	-CT
F1_BC61_consensus_vsearch	4217	C	*/-T	155	22	12.02%	2	1	93	93	1.1896245289151432E-7	1	1	87	68	0	22	-T
F1_BC61_consensus_vsearch	4218	T	T	162	2	1.2%	2	1	93	93	0.24923547400620383	1	1	85	77	2	0	C
F1_BC61_consensus_vsearch	4219	T	T	185	5	2.56%	2	1	93	93	0.030428742397642147	1	1	88	97	0	5	+G
F1_BC61_consensus_vsearch	4220	G	G	193	2	1.03%	2	2	93	93	0.24935732647820702	1	1	88	105	1	1	-A
F1_BC61_consensus_vsearch	4221	A	A	192	1	0.52%	2	1	93	93	0.4999999999999138	1	1	87	105	1	0	G
F1_BC61_consensus_vsearch	4222	G	G	195	1	0.51%	2	1	93	93	0.5000000000001412	1	1	89	106	1	0	-T
F1_BC61_consensus_vsearch	4223	T	T	192	3	1.54%	2	1	93	93	0.12403598971719802	1	1	89	103	0	3	C
F1_BC61_consensus_vsearch	4224	T	T	188	3	1.53%	2	2	93	93	0.124015748031514	1	1	86	102	2	1	-G
F1_BC61_consensus_vsearch	4225	G	G	189	2	1.05%	2	1	93	93	0.24934383202100482	1	1	86	103	2	0	A
F1_BC61_consensus_vsearch	4226	G	G	194	0	0%	2	0	93	0	1.0	1	0	90	104	0	0	
F1_BC61_consensus_vsearch	4227	G	G	195	0	0%	2	0	93	0	1.0	1	0	90	105	0	0	
F1_BC61_consensus_vsearch	4228	A	A	193	1	0.51%	2	1	93	93	0.4999999999999138	1	1	89	104	1	0	+CC
F1_BC61_consensus_vsearch	4229	C	C	193	2	1.03%	2	1	93	93	0.24935732647820702	1	1	88	105	2	0	-T
F1_BC61_consensus_vsearch	4230	T	T	187	2	1.04%	2	1	93	93	0.24933687002661706	1	1	85	102	2	0	A
F1_BC61_consensus_vsearch	4231	G	G	186	3	1.54%	2	2	93	93	0.1240053050397967	1	1	83	103	2	1	A
F1_BC61_consensus_vsearch	4232	T	T	190	2	1.04%	2	1	93	93	0.2493472584856949	1	1	87	103	0	2	C
F1_BC61_consensus_vsearch	4233	T	T	190	2	1.03%	2	2	93	93	0.2493472584856949	1	1	88	102	1	1	+A
F1_BC61_consensus_vsearch	4234	G	G	186	4	2.06%	2	2	93	93	0.061511866352189214	1	1	85	101	1	3	-TG
F1_BC61_consensus_vsearch	4235	T	T	183	4	2.09%	2	1	93	93	0.061495993004889796	1	1	88	95	0	4	-GC
F1_BC61_consensus_vsearch	4236	G	G	184	1	0.53%	2	1	93	93	0.4999999999999138	1	1	86	98	1	0	+T
F1_BC61_consensus_vsearch	4237	C	C	187	2	1.05%	2	1	93	93	0.24933687002661706	1	1	87	100	0	2	T
F1_BC61_consensus_vsearch	4238	A	A	192	1	0.52%	2	1	93	93	0.4999999999999138	1	1	87	105	0	1	+CA
F1_BC61_consensus_vsearch	4239	T	T	187	4	2.06%	2	1	93	93	0.06151704651694607	1	1	85	102	0	4	+G
F1_BC61_consensus_vsearch	4240	G	*/-T	183	9	4.66%	2	1	93	93	0.0017745564291022078	1	1	86	97	0	9	-T
F1_BC61_consensus_vsearch	4241	T	T	178	3	1.62%	2	1	93	93	0.12396121883654573	1	1	86	92	0	3	G
F1_BC61_consensus_vsearch	4242	A	A	183	5	2.58%	2	1	93	93	0.030420017873106126	1	1	88	95	0	5	G
F1_BC61_consensus_vsearch	4243	T	T	184	3	1.59%	2	1	93	93	0.12399463806966378	1	1	88	96	0	3	G
F1_BC61_consensus_vsearch	4244	T	T	190	3	1.54%	2	2	93	93	0.12402597402595401	1	1	89	101	1	2	C
F1_BC61_consensus_vsearch	4245	A	A	190	2	1.04%	2	2	93	93	0.2493472584856949	1	1	89	101	1	1	G
F1_BC61_consensus_vsearch	4246	T	T	185	4	2.07%	2	1	93	93	0.061506631299724945	1	1	89	96	0	4	-C
F1_BC61_consensus_vsearch	4247	C	C	189	1	0.52%	2	1	93	93	0.5000000000001412	1	1	88	101	1	0	-T
F1_BC61_consensus_vsearch	4248	T	*/-C	172	14	7.22%	2	2	93	93	4.734944773282747E-5	1	1	75	97	13	1	-C
F1_BC61_consensus_vsearch	4249	C	C	181	0	0%	2	0	93	0	1.0	1	0	76	105	0	0	
F1_BC61_consensus_vsearch	4250	C	C	193	2	1.02%	2	1	93	93	0.24935732647820702	1	1	90	103	0	2	-T
F1_BC61_consensus_vsearch	4251	T	T	183	5	2.58%	2	1	93	93	0.030420017873106126	1	1	87	96	0	5	C
F1_BC61_consensus_vsearch	4252	G	G	191	1	0.52%	2	1	93	93	0.5000000000001412	1	1	85	106	1	0	-A
F1_BC61_consensus_vsearch	4253	A	A	191	2	1.03%	2	1	93	93	0.24935064935068132	1	1	85	106	2	0	+G
F1_BC61_consensus_vsearch	4254	A	A	194	1	0.51%	2	1	93	93	0.4999999999999138	1	1	88	106	1	0	G
F1_BC61_consensus_vsearch	4255	T	T	194	1	0.51%	2	1	93	93	0.4999999999999138	1	1	89	105	0	1	+CGT
F1_BC61_consensus_vsearch	4256	T	T	194	2	1.02%	2	2	93	93	0.24936061381078306	1	1	89	105	1	1	C
F1_BC61_consensus_vsearch	4257	T	T	192	1	0.51%	2	1	93	93	0.4999999999999138	1	1	88	104	1	0	+A
F1_BC61_consensus_vsearch	4258	G	G	193	2	1.03%	2	1	93	93	0.24935732647820702	1	1	87	106	2	0	A
F1_BC61_consensus_vsearch	4259	T	T	194	1	0.51%	2	1	93	93	0.4999999999999138	1	1	88	106	1	0	-C
F1_BC61_consensus_vsearch	4260	C	C	192	2	1.03%	2	1	93	93	0.2493540051679821	1	1	86	106	2	0	-AC
F1_BC61_consensus_vsearch	4261	A	A	190	1	0.52%	2	1	93	93	0.4999999999999138	1	1	86	104	0	1	+G
F1_BC61_consensus_vsearch	4262	C	C	182	4	2.08%	2	2	93	93	0.061490587951709585	1	1	84	98	2	2	-G
F1_BC61_consensus_vsearch	4263	G	G	187	1	0.53%	2	1	93	93	0.4999999999999138	1	1	85	102	1	0	A
F1_BC61_consensus_vsearch	4264	G	G	188	3	1.54%	2	1	93	93	0.124015748031514	1	1	83	105	3	0	A
F1_BC61_consensus_vsearch	4265	C	C	184	4	2.06%	2	2	93	93	0.06150134048256699	1	1	84	100	2	2	T
F1_BC61_consensus_vsearch	4266	T	T	188	4	2.06%	2	2	93	93	0.061522172652713904	1	1	86	102	2	2	C
F1_BC61_consensus_vsearch	4267	A	A	190	2	1.03%	2	1	93	93	0.2493472584856949	1	1	87	103	2	0	-G
F1_BC61_consensus_vsearch	4268	G	G	192	1	0.52%	2	1	93	93	0.4999999999999138	1	1	88	104	0	1	A
F1_BC61_consensus_vsearch	4269	C	C	191	2	1.03%	2	1	93	93	0.24935064935068132	1	1	88	103	0	2	T
F1_BC61_consensus_vsearch	4270	C	C	193	1	0.51%	2	1	93	93	0.4999999999999138	1	1	89	104	0	1	+A
F1_BC61_consensus_vsearch	4271	A	A	193	1	0.51%	2	1	93	93	0.4999999999999138	1	1	90	103	0	1	+G
F1_BC61_consensus_vsearch	4272	T	T	189	4	2.04%	2	2	93	93	0.061527245600347336	1	1	87	102	2	2	C
F1_BC61_consensus_vsearch	4273	G	G	187	3	1.55%	2	1	93	93	0.12401055408976878	1	1	85	102	3	0	-TA
F1_BC61_consensus_vsearch	4274	T	T	188	1	0.53%	2	1	93	93	0.5000000000001412	1	1	86	102	0	1	A
F1_BC61_consensus_vsearch	4275	A	R	183	8	4.15%	2	1	93	93	0.003624827265843605	1	1	79	104	8	0	G
F1_BC61_consensus_vsearch	4276	C	*/-A	163	23	11.73%	2	2	93	93	5.777119471395887E-8	1	1	66	97	20	3	-A
F1_BC61_consensus_vsearch	4277	A	A	172	0	0%	2	0	93	0	1.0	1	0	70	102	0	0	
F1_BC61_consensus_vsearch	4278	A	A	192	3	1.54%	2	1	93	93	0.12403598971719802	1	1	90	102	0	3	G
F1_BC61_consensus_vsearch	4279	A	A	193	1	0.51%	2	1	93	93	0.4999999999999138	1	1	90	103	0	1	C
F1_BC61_consensus_vsearch	4280	A	A	195	0	0%	2	0	93	0	1.0	1	0	90	105	0	0	
F1_BC61_consensus_vsearch	4281	T	T	189	3	1.54%	2	1	93	93	0.12402088772842607	1	1	90	99	0	3	C
F1_BC61_consensus_vsearch	4282	T	*/-C	184	8	4.1%	2	1	93	93	0.0036262674855563662	1	1	89	95	0	8	-C
F1_BC61_consensus_vsearch	4283	C	C	184	1	0.53%	2	1	93	93	0.4999999999999138	1	1	89	95	1	0	+AC
F1_BC61_consensus_vsearch	4284	G	G	196	0	0%	2	0	93	0	1.0	1	0	90	106	0	0	
F1_BC61_consensus_vsearch	4285	A	A	192	2	1.02%	2	1	93	93	0.2493540051679821	1	1	87	105	2	0	G
F1_BC61_consensus_vsearch	4286	C	C	188	3	1.53%	2	1	93	93	0.124015748031514	1	1	90	98	0	3	+T
F1_BC61_consensus_vsearch	4287	T	T	185	4	2.06%	2	1	93	93	0.061506631299724945	1	1	90	95	0	4	-CT
F1_BC61_consensus_vsearch	4288	C	C	186	2	1.06%	2	1	93	93	0.24933333333336263	1	1	90	96	0	2	-T
F1_BC61_consensus_vsearch	4289	T	T	185	3	1.58%	2	1	93	93	0.12399999999998497	1	1	89	96	0	3	+CT
F1_BC61_consensus_vsearch	4290	T	T	195	1	0.51%	2	1	93	93	0.5000000000001412	1	1	90	105	0	1	+C
F1_BC61_consensus_vsearch	4291	C	C	189	3	1.53%	2	1	93	93	0.12402088772842607	1	1	87	102	3	0	-A
F1_BC61_consensus_vsearch	4292	A	A	187	2	1.06%	2	1	93	93	0.24933687002661706	1	1	87	100	0	2	G
F1_BC61_consensus_vsearch	4293	A	A	189	2	1.04%	2	2	93	93	0.24934383202100482	1	1	89	100	1	1	G
F1_BC61_consensus_vsearch	4294	G	G	191	3	1.54%	2	1	93	93	0.1240310077519331	1	1	89	102	0	3	-T
F1_BC61_consensus_vsearch	4295	T	T	183	5	2.6%	2	1	93	93	0.030420017873106126	1	1	88	95	0	5	C
F1_BC61_consensus_vsearch	4296	G	G	192	1	0.52%	2	1	93	93	0.4999999999999138	1	1	89	103	0	1	A
F1_BC61_consensus_vsearch	4297	A	A	195	1	0.51%	2	1	93	93	0.5000000000001412	1	1	90	105	0	1	G
F1_BC61_consensus_vsearch	4298	A	A	192	2	1.02%	2	1	93	93	0.2493540051679821	1	1	90	102	0	2	+T
F1_BC61_consensus_vsearch	4299	T	T	188	2	1.03%	2	2	93	93	0.2493403693931866	1	1	86	102	1	1	A
F1_BC61_consensus_vsearch	4300	C	C	191	1	0.51%	2	1	93	93	0.5000000000001412	1	1	88	103	0	1	+GG
F1_BC61_consensus_vsearch	4301	A	A	188	2	1.03%	2	2	93	93	0.2493403693931866	1	1	86	102	1	1	G
F1_BC61_consensus_vsearch	4302	T	T	189	2	1.03%	2	2	93	93	0.24934383202100482	1	1	86	103	1	1	C
F1_BC61_consensus_vsearch	4303	A	A	194	0	0%	2	0	93	0	1.0	1	0	89	105	0	0	
F1_BC61_consensus_vsearch	4304	A	A	189	5	2.56%	2	1	93	93	0.030445652538661657	1	1	84	105	5	0	G
F1_BC61_consensus_vsearch	4305	C	C	192	2	1.02%	2	2	93	93	0.2493540051679821	1	1	87	105	1	1	-T
F1_BC61_consensus_vsearch	4306	T	T	186	4	2.06%	2	2	93	93	0.061511866352189214	1	1	87	99	1	3	C
F1_BC61_consensus_vsearch	4307	G	G	192	2	1.02%	2	1	93	93	0.2493540051679821	1	1	86	106	2	0	-A
F1_BC61_consensus_vsearch	4308	A	*/+T	183	8	4.15%	2	1	93	93	0.003624827265843605	1	1	87	96	0	8	+T
F1_BC61_consensus_vsearch	4309	T	T	190	3	1.55%	2	1	93	93	0.12402597402595401	1	1	88	102	0	3	C
F1_BC61_consensus_vsearch	4310	T	T	193	1	0.51%	2	1	93	93	0.4999999999999138	1	1	90	103	0	1	C
F1_BC61_consensus_vsearch	4311	T	T	191	2	1.03%	2	1	93	93	0.24935064935068132	1	1	88	103	2	0	-A
F1_BC61_consensus_vsearch	4312	A	A	193	0	0%	2	0	93	0	1.0	1	0	88	105	0	0	
F1_BC61_consensus_vsearch	4313	A	A	189	3	1.54%	2	2	93	93	0.12402088772842607	1	1	87	102	2	1	G
F1_BC61_consensus_vsearch	4314	T	T	190	2	1.02%	2	1	93	93	0.2493472584856949	1	1	87	103	2	0	+AT
F1_BC61_consensus_vsearch	4315	G	G	193	1	0.51%	2	1	93	93	0.4999999999999138	1	1	89	104	0	1	+TAG
F1_BC61_consensus_vsearch	4316	A	A	190	4	2.05%	2	2	93	93	0.061532266183381874	1	1	86	104	3	1	G
F1_BC61_consensus_vsearch	4317	G	G	196	0	0%	2	0	93	0	1.0	1	0	90	106	0	0	
F1_BC61_consensus_vsearch	4318	C	C	195	1	0.51%	2	1	93	93	0.5000000000001412	1	1	90	105	0	1	T
F1_BC61_consensus_vsearch	4319	C	C	194	2	1.02%	2	1	93	93	0.24936061381078306	1	1	90	104	0	2	T
F1_BC61_consensus_vsearch	4320	A	A	194	1	0.51%	2	1	93	93	0.4999999999999138	1	1	88	106	1	0	+CA
F1_BC61_consensus_vsearch	4321	T	T	192	3	1.53%	2	1	93	93	0.12403598971719802	1	1	90	102	0	3	+C
F1_BC61_consensus_vsearch	4322	T	T	187	5	2.55%	2	1	93	93	0.030437285417662132	1	1	89	98	0	5	-C
F1_BC61_consensus_vsearch	4323	C	C	180	2	1.05%	2	1	93	93	0.24931129476584768	1	1	85	95	2	0	+AC
F1_BC61_consensus_vsearch	4324	G	G	185	4	2.06%	2	1	93	93	0.061506631299724945	1	1	82	103	4	0	C
F1_BC61_consensus_vsearch	4325	C	C	191	1	0.52%	2	1	93	93	0.5000000000001412	1	1	88	103	0	1	+A
F1_BC61_consensus_vsearch	4326	A	A	188	5	2.55%	2	2	93	93	0.030441490624263247	1	1	87	101	2	3	G
F1_BC61_consensus_vsearch	4327	G	G	191	2	1.02%	2	2	93	93	0.24935064935068132	1	1	88	103	1	1	+T
F1_BC61_consensus_vsearch	4328	T	T	189	4	2.06%	2	1	93	93	0.061527245600347336	1	1	88	101	0	4	C
F1_BC61_consensus_vsearch	4329	T	T	192	2	1.02%	2	1	93	93	0.2493540051679821	1	1	90	102	0	2	C
F1_BC61_consensus_vsearch	4330	T	T	186	6	3.06%	2	2	93	93	0.015017869058322414	1	1	89	97	1	5	+C
F1_BC61_consensus_vsearch	4331	C	C	190	3	1.54%	2	1	93	93	0.12402597402595401	1	1	90	100	0	3	-A
F1_BC61_consensus_vsearch	4332	A	A	187	4	2.07%	2	2	93	93	0.06151704651694607	1	1	88	99	2	2	G
F1_BC61_consensus_vsearch	4333	A	A	189	4	2.04%	2	1	93	93	0.061527245600347336	1	1	90	99	0	4	C
F1_BC61_consensus_vsearch	4334	T	T	191	5	2.55%	2	1	93	93	0.030453849137731474	1	1	90	101	0	5	C
F1_BC61_consensus_vsearch	4335	T	T	195	1	0.51%	2	1	93	93	0.5000000000001412	1	1	89	106	1	0	C
F1_BC61_consensus_vsearch	4336	G	G	192	2	1.02%	2	1	93	93	0.2493540051679821	1	1	87	105	2	0	+T
F1_BC61_consensus_vsearch	4337	T	T	188	6	3.09%	2	2	93	93	0.015024094855898527	1	1	87	101	2	4	C
F1_BC61_consensus_vsearch	4338	T	T	196	0	0%	2	0	93	0	1.0	1	0	90	106	0	0	
F1_BC61_consensus_vsearch	4339	T	T	184	6	3.06%	2	1	93	93	0.015011512916161563	1	1	81	103	6	0	-A
F1_BC61_consensus_vsearch	4340	A	A	185	1	0.53%	2	1	93	93	0.5000000000001412	1	1	81	104	1	0	+CC
F1_BC61_consensus_vsearch	4341	A	A	186	4	2.06%	2	2	93	93	0.061511866352189214	1	1	84	102	2	2	G
F1_BC61_consensus_vsearch	4342	G	G	193	0	0%	2	0	93	0	1.0	1	0	87	106	0	0	
F1_BC61_consensus_vsearch	4343	G	G	194	1	0.51%	2	1	93	93	0.4999999999999138	1	1	89	105	1	0	+AG
F1_BC61_consensus_vsearch	4344	T	T	189	4	2.04%	2	1	93	93	0.061527245600347336	1	1	90	99	0	4	C
F1_BC61_consensus_vsearch	4345	C	C	195	0	0%	2	0	93	0	1.0	1	0	90	105	0	0	
F1_BC61_consensus_vsearch	4346	T	T	188	2	1.02%	2	1	93	93	0.2493403693931866	1	1	86	102	2	0	+C
F1_BC61_consensus_vsearch	4347	C	*/+T	178	9	4.66%	2	2	93	93	0.0017699066001378024	1	1	86	92	1	8	+T
F1_BC61_consensus_vsearch	4348	T	T	184	4	2.08%	2	1	93	93	0.06150134048256699	1	1	88	96	0	4	+G
F1_BC61_consensus_vsearch	4349	G	G	191	2	1.03%	2	2	93	93	0.24935064935068132	1	1	89	102	1	1	-A
F1_BC61_consensus_vsearch	4350	A	A	191	2	1.04%	2	1	93	93	0.24935064935068132	1	1	89	102	0	2	G
F1_BC61_consensus_vsearch	4351	A	A	188	3	1.53%	2	1	93	93	0.124015748031514	1	1	88	100	0	3	+T
F1_BC61_consensus_vsearch	4352	C	*/+T	186	7	3.57%	2	1	93	93	0.007391912172859777	1	1	90	96	0	7	+T
F1_BC61_consensus_vsearch	4353	T	T	185	5	2.59%	2	1	93	93	0.030428742397642147	1	1	90	95	0	5	-C
F1_BC61_consensus_vsearch	4354	C	*/-TC	113	70	36.84%	2	2	93	93	2.2774404880194284E-25	1	1	87	26	3	67	-TC
F1_BC61_consensus_vsearch	4355	T	T	112	2	1.68%	2	2	93	93	0.24889867841412805	1	1	85	27	1	1	C
F1_BC61_consensus_vsearch	4356	C	C	122	1	0.81%	2	1	93	93	0.4999999999999138	1	1	86	36	1	0	+TC
F1_BC61_consensus_vsearch	4357	G	G	192	2	1.02%	2	1	93	93	0.2493540051679821	1	1	89	103	0	2	-CA
F1_BC61_consensus_vsearch	4358	C	C	192	2	1.03%	2	1	93	93	0.2493540051679821	1	1	90	102	0	2	T
F1_BC61_consensus_vsearch	4359	A	A	193	1	0.52%	2	1	93	93	0.4999999999999138	1	1	89	104	1	0	G
F1_BC61_consensus_vsearch	4360	T	T	195	1	0.51%	2	1	93	93	0.5000000000001412	1	1	90	105	0	1	C
F1_BC61_consensus_vsearch	4361	G	G	194	1	0.51%	2	1	93	93	0.4999999999999138	1	1	89	105	1	0	+C
F1_BC61_consensus_vsearch	4362	C	C	191	1	0.51%	2	1	93	93	0.5000000000001412	1	1	88	103	1	0	+T
F1_BC61_consensus_vsearch	4363	A	A	188	2	1.04%	2	1	93	93	0.2493403693931866	1	1	85	103	2	0	G
F1_BC61_consensus_vsearch	4364	T	T	187	5	2.6%	2	2	93	93	0.030437285417662132	1	1	87	100	1	4	C
F1_BC61_consensus_vsearch	4365	G	G	192	1	0.52%	2	1	93	93	0.4999999999999138	1	1	88	104	1	0	+AA
F1_BC61_consensus_vsearch	4366	G	G	193	2	1.03%	2	2	93	93	0.24935732647820702	1	1	89	104	1	1	A
F1_BC61_consensus_vsearch	4367	C	C	190	2	1.02%	2	2	93	93	0.2493472584856949	1	1	87	103	1	1	-T
F1_BC61_consensus_vsearch	4368	T	T	190	1	0.52%	2	1	93	93	0.4999999999999138	1	1	86	104	0	1	A
F1_BC61_consensus_vsearch	4369	T	T	188	2	1.04%	2	2	93	93	0.2493403693931866	1	1	85	103	1	1	G
F1_BC61_consensus_vsearch	4370	A	A	191	1	0.51%	2	1	93	93	0.5000000000001412	1	1	89	102	0	1	+G
F1_BC61_consensus_vsearch	4371	G	G	191	2	1.03%	2	1	93	93	0.24935064935068132	1	1	86	105	2	0	A
F1_BC61_consensus_vsearch	4372	T	*/-C	186	8	4.1%	2	1	93	93	0.0036291041675517713	1	1	81	105	8	0	-C
F1_BC61_consensus_vsearch	4373	C	C	186	1	0.53%	2	1	93	93	0.4999999999999138	1	1	81	105	0	1	+TAT
F1_BC61_consensus_vsearch	4374	C	*/+G	184	9	4.62%	2	1	93	93	0.0017754582364345615	1	1	88	96	0	9	+G
F1_BC61_consensus_vsearch	4375	G	G	194	1	0.51%	2	1	93	93	0.4999999999999138	1	1	88	106	1	0	A
F1_BC61_consensus_vsearch	4376	A	A	195	0	0%	2	0	93	0	1.0	1	0	89	106	0	0	
F1_BC61_consensus_vsearch	4377	T	T	195	0	0%	2	0	93	0	1.0	1	0	89	106	0	0	
F1_BC61_consensus_vsearch	4378	G	G	195	0	0%	2	0	93	0	1.0	1	0	89	106	0	0	
F1_BC61_consensus_vsearch	4379	G	G	194	1	0.51%	2	1	93	93	0.4999999999999138	1	1	88	106	1	0	A
F1_BC61_consensus_vsearch	4380	A	A	193	1	0.52%	2	1	93	93	0.4999999999999138	1	1	87	106	1	0	+C
F1_BC61_consensus_vsearch	4381	C	C	191	2	1.03%	2	2	93	93	0.24935064935068132	1	1	86	105	1	1	+A
F1_BC61_consensus_vsearch	4382	A	A	190	2	1.04%	2	1	93	93	0.2493472584856949	1	1	87	103	0	2	G
F1_BC61_consensus_vsearch	4383	A	A	190	1	0.52%	2	1	93	93	0.4999999999999138	1	1	85	105	0	1	C
F1_BC61_consensus_vsearch	4384	G	G	188	1	0.53%	2	1	93	93	0.5000000000001412	1	1	84	104	0	1	+AG
F1_BC61_consensus_vsearch	4385	C	C	180	1	0.55%	2	1	93	93	0.5000000000001412	1	1	84	96	0	1	+T
F1_BC61_consensus_vsearch	4386	A	A	177	2	1.12%	2	1	93	93	0.24929971988807545	1	1	82	95	0	2	+CA
F1_BC61_consensus_vsearch	4387	T	T	171	1	0.58%	2	1	93	93	0.4999999999999138	1	1	75	96	1	0	-AT
F1_BC61_consensus_vsearch	4388	A	A	167	0	0%	2	0	93	0	1.0	1	0	70	97	0	0	
F1_BC61_consensus_vsearch	4389	T	T	150	2	1.31%	2	1	93	93	0.2491749174917417	1	1	57	93	0	2	A
F1_BC61_consensus_vsearch	4390	G	G	141	0	0%	2	0	93	0	1.0	1	0	45	96	0	0	
F1_BC61_consensus_vsearch	4391	A	A	128	0	0%	2	0	93	0	1.0	1	0	32	96	0	0	
F1_BC61_consensus_vsearch	4392	C	C	116	0	0%	2	0	93	0	1.0	1	0	20	96	0	0	
F1_BC61_consensus_vsearch	4393	T	T	107	0	0%	2	0	93	0	1.0	1	0	11	96	0	0	
F1_BC61_consensus_vsearch	4394	A	A	98	0	0%	2	0	93	0	1.0	1	0	2	96	0	0	
