Chrom	Position	Ref	Cons	Reads1	Reads2	VarFreq	Strands1	Strands2	Qual1	Qual2	Pvalue	MapQual1	MapQual2	Reads1Plus	Reads1Minus	Reads2Plus	Reads2Minus	VarAllele
F2_BC62_consensus_vsearch	23	T	*/-C	58	9	13.04%	2	2	93	93	0.0014657450639826747	1	1	51	7	4	5	-C
F2_BC62_consensus_vsearch	44	T	*/+G	56	10	14.71%	2	2	93	93	6.760924973963187E-4	1	1	47	9	8	2	+G
F2_BC62_consensus_vsearch	76	G	*/+A	61	9	12.86%	2	1	93	93	0.001485096978122699	1	1	49	12	9	0	+A
F2_BC62_consensus_vsearch	83	G	*/-A	54	7	10.61%	2	1	93	93	0.006513094748389102	1	1	42	12	7	0	-A
F2_BC62_consensus_vsearch	84	A	*/-G	52	7	11.11%	2	1	93	93	0.006470683990884758	1	1	40	12	7	0	-G
F2_BC62_consensus_vsearch	108	G	*/-A	51	14	20.29%	2	1	93	93	2.7899076002531066E-5	1	1	39	12	14	0	-A
F2_BC62_consensus_vsearch	111	C	*/-G	58	11	15.71%	2	2	93	93	3.1704315374231514E-4	1	1	49	9	9	2	-G
F2_BC62_consensus_vsearch	123	A	*/-G	62	8	11.43%	2	1	93	93	0.0031618193727770178	1	1	50	12	8	0	-G
F2_BC62_consensus_vsearch	134	T	*/-C	53	15	21.43%	2	2	93	93	1.2833507284485035E-5	1	1	43	10	13	2	-C
F2_BC62_consensus_vsearch	175	T	*/-C	53	15	21.43%	2	2	93	93	1.2833507284485035E-5	1	1	42	11	14	1	-C
F2_BC62_consensus_vsearch	198	G	+C/+C	4	62	88.57%	2	2	93	93	2.4295710301660595E-33	1	1	3	1	51	11	+C
F2_BC62_consensus_vsearch	204	T	*/-C	51	14	20.59%	2	2	93	93	2.7899076002531066E-5	1	1	44	7	10	4	-C
F2_BC62_consensus_vsearch	233	G	*/-A	61	7	10.14%	2	1	93	93	0.006642560599974168	1	1	49	12	7	0	-A
F2_BC62_consensus_vsearch	308	G	*/-T	55	10	14.29%	2	1	93	93	6.719705406989568E-4	1	1	45	10	10	0	-T
F2_BC62_consensus_vsearch	315	A	*/+G	21	40	57.14%	1	2	93	93	4.7824266559349144E-17	1	1	21	0	30	10	+G
F2_BC62_consensus_vsearch	364	G	*/-C	38	15	21.74%	2	2	93	93	9.640288826972343E-6	1	1	34	4	14	1	-C
F2_BC62_consensus_vsearch	387	T	*/-C	53	17	24.29%	2	2	93	93	2.5282204787980195E-6	1	1	46	7	12	5	-C
F2_BC62_consensus_vsearch	403	G	*/-A	58	11	15.71%	2	1	93	93	3.1704315374231514E-4	1	1	46	12	11	0	-A
F2_BC62_consensus_vsearch	433	T	*/-C	56	14	20%	2	1	93	93	2.9687437440433813E-5	1	1	44	12	14	0	-C
F2_BC62_consensus_vsearch	446	T	*/+C	33	37	52.86%	2	2	93	93	1.0147797330155428E-14	1	1	24	9	34	3	+C
F2_BC62_consensus_vsearch	511	T	*/-C	50	15	21.74%	2	2	93	93	1.2265973070077047E-5	1	1	40	10	14	1	-C
F2_BC62_consensus_vsearch	525	C	*/-A	55	13	18.57%	2	1	93	93	6.484161963332398E-5	1	1	43	12	13	0	-A
F2_BC62_consensus_vsearch	538	A	*/-G	56	10	14.49%	2	1	93	93	6.760924973963187E-4	1	1	45	11	10	0	-G
F2_BC62_consensus_vsearch	542	G	*/-C	54	8	12.31%	2	1	93	93	0.003071215409808874	1	1	42	12	8	0	-C
F2_BC62_consensus_vsearch	609	A	*/-G	57	8	12.12%	2	2	93	93	0.0031076532336463927	1	1	48	9	5	3	-G
F2_BC62_consensus_vsearch	689	T	*/-C	55	12	17.14%	2	1	93	93	1.4233526260975463E-4	1	1	44	11	12	0	-C
F2_BC62_consensus_vsearch	717	T	*/+C	54	12	18.18%	2	1	93	93	1.4106251808566458E-4	1	1	46	8	12	0	+C
F2_BC62_consensus_vsearch	733	C	*/-AC	59	9	13.04%	2	1	93	93	0.0014723699004299496	1	1	47	12	9	0	-AC
F2_BC62_consensus_vsearch	830	T	*/-A	58	8	11.43%	2	1	93	93	0.0031191054961551223	1	1	46	12	8	0	-A
F2_BC62_consensus_vsearch	842	C	*/-AC	38	25	39.06%	2	2	93	93	1.5062431300435046E-9	1	1	27	11	24	1	-AC
F2_BC62_consensus_vsearch	902	C	*/-T	52	14	20%	2	2	93	93	2.8271773582716752E-5	1	1	47	5	9	5	-T
F2_BC62_consensus_vsearch	956	T	*/-C	55	14	20%	2	2	93	93	2.9344382607786293E-5	1	1	45	10	13	1	-C
F2_BC62_consensus_vsearch	975	C	*/-T	56	8	11.94%	2	1	93	93	0.003095864276791816	1	1	44	12	8	0	-T
F2_BC62_consensus_vsearch	978	A	*/+C	15	40	59.7%	2	2	93	93	7.322653610082321E-18	1	1	9	6	35	5	+C
F2_BC62_consensus_vsearch	1005	A	*/+T	47	12	17.65%	2	1	93	93	1.3121435111577377E-4	1	1	35	12	12	0	+T
F2_BC62_consensus_vsearch	1055	G	*/-A	60	9	13.04%	2	1	93	93	0.0014788182357604385	1	1	48	12	9	0	-A
F2_BC62_consensus_vsearch	1135	A	*/-G	60	8	11.59%	2	2	93	93	0.003141055787584501	1	1	51	9	5	3	-G
F2_BC62_consensus_vsearch	1145	C	*/+A	0	6	8.57%	0	2	0	93	0.0010822510822510842	0	1	0	0	5	1	+A
F2_BC62_consensus_vsearch	1145	C	-GC/-GC	0	62	88.57%	0	2	0	93	6.575471549017296E-37	0	1	0	0	51	11	-GC
F2_BC62_consensus_vsearch	1150	T	+C/+C	8	58	85.29%	1	2	93	93	3.993610851651283E-29	1	1	8	0	46	12	+C
F2_BC62_consensus_vsearch	1153	G	*/+A	26	30	49.18%	2	2	93	93	4.2444132219957514E-12	1	1	25	1	21	9	+A
F2_BC62_consensus_vsearch	1162	T	*/+C	58	7	10.14%	2	1	93	93	0.00659036806445684	1	1	47	11	7	0	+C
F2_BC62_consensus_vsearch	1166	A	*/-G	54	12	17.39%	2	2	93	93	1.4106251808566458E-4	1	1	47	7	7	5	-G
F2_BC62_consensus_vsearch	1202	G	*/-C	49	19	27.54%	2	1	93	93	4.4235319667669503E-7	1	1	37	12	19	0	-C
F2_BC62_consensus_vsearch	1227	G	*/-A	60	7	10.29%	2	1	93	93	0.00662566455193586	1	1	48	12	7	0	-A
F2_BC62_consensus_vsearch	1228	A	*/-T	54	9	14.29%	2	2	93	93	0.001437328811790541	1	1	43	11	8	1	-T
F2_BC62_consensus_vsearch	1233	C	*/-AC	58	11	15.71%	2	1	93	93	3.1704315374231514E-4	1	1	47	11	11	0	-AC
F2_BC62_consensus_vsearch	1362	C	*/-A	56	10	14.49%	2	1	93	93	6.760924973963187E-4	1	1	44	12	10	0	-A
F2_BC62_consensus_vsearch	1371	T	*/-C	58	9	12.86%	2	2	93	93	0.0014657450639826747	1	1	49	9	7	2	-C
F2_BC62_consensus_vsearch	1396	T	*/-C	51	17	24.64%	2	1	93	93	2.435891603033169E-6	1	1	40	11	17	0	-C
F2_BC62_consensus_vsearch	1409	T	*/-C	61	7	10.14%	2	2	93	93	0.006642560599974168	1	1	52	9	5	2	-C
F2_BC62_consensus_vsearch	1426	C	*/-A	55	8	11.59%	2	1	93	93	0.003083723632569312	1	1	44	11	8	0	-A
F2_BC62_consensus_vsearch	1535	G	*/-A	58	9	12.86%	2	1	93	93	0.0014657450639826747	1	1	46	12	9	0	-A
F2_BC62_consensus_vsearch	1549	T	*/+C	56	8	11.43%	2	1	93	93	0.003095864276791816	1	1	46	10	8	0	+C
F2_BC62_consensus_vsearch	1557	C	*/+AC	43	25	35.71%	2	2	93	93	1.9778090442323843E-9	1	1	36	7	20	5	+AC
F2_BC62_consensus_vsearch	1558	G	*/+CG	43	26	37.68%	2	2	93	93	8.08447492532817E-10	1	1	38	5	19	7	+CG
F2_BC62_consensus_vsearch	1580	C	*/-AC	61	7	10%	2	1	93	93	0.006642560599974168	1	1	49	12	7	0	-AC
F2_BC62_consensus_vsearch	1586	G	*/+A	62	7	10%	2	1	93	93	0.006658983224485051	1	1	50	12	7	0	+A
F2_BC62_consensus_vsearch	1594	C	*/-A	56	12	17.14%	2	1	93	93	1.4357787204525497E-4	1	1	45	11	12	0	-A
F2_BC62_consensus_vsearch	1614	C	*/-A	53	7	10%	2	2	93	93	0.0064922289986227965	1	1	42	11	6	1	-A
F2_BC62_consensus_vsearch	1614	C	*/-AC	53	8	11.43%	2	1	93	93	0.0030583227514176625	1	1	42	11	8	0	-AC
F2_BC62_consensus_vsearch	1618	C	*/+A	27	33	47.14%	1	2	93	93	2.4077911452343226E-13	1	1	27	0	22	11	+A
F2_BC62_consensus_vsearch	1678	A	*/+T	39	24	34.29%	2	2	93	93	3.939405109343815E-9	1	1	38	1	15	9	+T
F2_BC62_consensus_vsearch	1702	T	*/-C	49	15	21.43%	2	2	93	93	1.206949295224967E-5	1	1	47	2	10	5	-C
F2_BC62_consensus_vsearch	1719	G	*/-TG	62	7	10%	2	1	93	93	0.006658983224485051	1	1	50	12	7	0	-TG
F2_BC62_consensus_vsearch	1785	C	*/+A	52	7	10.77%	2	2	93	93	0.006470683990884758	1	1	47	5	3	4	+A
F2_BC62_consensus_vsearch	1807	C	*/+GCT	1	42	60.87%	1	2	93	93	6.628948866605468E-24	1	1	1	0	32	10	+GCT
F2_BC62_consensus_vsearch	1807	C	*/+T	1	22	31.88%	1	2	93	93	2.914945275430307E-12	1	1	1	0	20	2	+GCT
F2_BC62_consensus_vsearch	1811	C	*/+G	37	13	18.57%	2	1	93	93	4.9906250980141915E-5	1	1	25	12	13	0	+G
F2_BC62_consensus_vsearch	1811	C	*/-A	37	19	27.14%	2	1	93	93	3.026364102208067E-7	1	1	25	12	19	0	-A
F2_BC62_consensus_vsearch	1812	A	*/-T	36	12	24%	2	1	93	93	1.1152878243947228E-4	1	1	24	12	12	0	-T
F2_BC62_consensus_vsearch	1901	C	*/+A	60	9	12.86%	2	1	93	93	0.0014788182357604385	1	1	48	12	9	0	+A
F2_BC62_consensus_vsearch	1923	T	*/+C	57	8	11.59%	2	2	93	93	0.0031076532336463927	1	1	47	10	7	1	+C
F2_BC62_consensus_vsearch	1932	A	*/-G	54	15	21.74%	2	1	93	93	1.3015653576034869E-5	1	1	42	12	15	0	-G
F2_BC62_consensus_vsearch	1933	G	*/+A	47	7	12.96%	2	1	93	93	0.006351510752201286	1	1	35	12	7	0	+A
F2_BC62_consensus_vsearch	1956	A	*/-CA	59	8	11.94%	2	2	93	93	0.0031302352213868167	1	1	50	9	5	3	-CA
F2_BC62_consensus_vsearch	1968	T	*/-C	55	13	18.57%	2	1	93	93	6.484161963332398E-5	1	1	43	12	13	0	-C
F2_BC62_consensus_vsearch	1971	C	*/-GC	59	10	14.29%	2	1	93	93	6.878224352374522E-4	1	1	48	11	10	0	-GC
F2_BC62_consensus_vsearch	1991	A	*/-G	43	14	22.58%	2	2	93	93	2.461266476818936E-5	1	1	32	11	13	1	-G
F2_BC62_consensus_vsearch	2055	A	*/-C	51	12	17.65%	2	2	93	93	1.3705264232367117E-4	1	1	40	11	11	1	-C
F2_BC62_consensus_vsearch	2091	T	*/-C	47	22	31.43%	2	1	93	93	3.2454136832732455E-8	1	1	35	12	22	0	-C
F2_BC62_consensus_vsearch	2156	A	*/-G	53	14	20.59%	2	2	93	93	2.863675179182919E-5	1	1	43	10	12	2	-G
F2_BC62_consensus_vsearch	2215	A	*/-G	53	12	17.14%	2	1	93	93	1.3975857884287053E-4	1	1	41	12	12	0	-G
F2_BC62_consensus_vsearch	2229	C	*/-A	60	7	10%	2	1	93	93	0.00662566455193586	1	1	49	11	7	0	-A
F2_BC62_consensus_vsearch	2244	T	*/-C	50	18	26.09%	2	2	93	93	1.0439535441571495E-6	1	1	40	10	17	1	-C
F2_BC62_consensus_vsearch	2264	C	*/+A	23	42	61.76%	2	2	93	93	9.150523555010487E-18	1	1	22	1	32	10	+A
F2_BC62_consensus_vsearch	2295	C	*/+A	37	30	42.86%	2	2	93	93	1.3693455694332895E-11	1	1	35	2	22	8	+A
F2_BC62_consensus_vsearch	2297	A	*/+G	53	7	10%	2	1	93	93	0.0064922289986227965	1	1	43	10	7	0	+G
F2_BC62_consensus_vsearch	2297	A	*/-G	53	9	12.86%	2	2	93	93	0.0014297037252560243	1	1	43	10	8	1	-G
F2_BC62_consensus_vsearch	2380	T	*/+C	61	8	11.59%	2	1	93	93	0.0031515798467028244	1	1	49	12	8	0	+C
F2_BC62_consensus_vsearch	2428	C	*/+A	53	7	10.45%	2	1	93	93	0.0064922289986227965	1	1	42	11	7	0	+A
F2_BC62_consensus_vsearch	2430	A	*/-G	56	10	14.49%	2	2	93	93	6.760924973963187E-4	1	1	50	6	5	5	-G
F2_BC62_consensus_vsearch	2458	G	*/-T	36	22	31.43%	2	2	93	93	2.0249508171373603E-8	1	1	29	7	21	1	-T
F2_BC62_consensus_vsearch	2458	G	*/-TT	36	7	10%	2	1	93	93	0.005997191379899275	1	1	29	7	7	0	-T
F2_BC62_consensus_vsearch	2515	A	*/-G	41	24	36.36%	2	1	93	93	4.370177749907153E-9	1	1	29	12	24	0	-G
F2_BC62_consensus_vsearch	2554	A	*/+G	41	27	39.71%	2	2	93	93	2.925407972058178E-10	1	1	39	2	17	10	+G
F2_BC62_consensus_vsearch	2588	T	*/-C	51	18	25.71%	2	1	93	93	1.0668138407445914E-6	1	1	40	11	18	0	-C
F2_BC62_consensus_vsearch	2602	G	*/+A	47	19	27.14%	2	2	93	93	4.1995750375307603E-7	1	1	41	6	13	6	+A
F2_BC62_consensus_vsearch	2605	C	*/+G	41	23	32.86%	2	2	93	93	1.0636847730906185E-8	1	1	36	5	18	5	+G
F2_BC62_consensus_vsearch	2616	C	*/-A	53	14	20%	2	1	93	93	2.863675179182919E-5	1	1	41	12	14	0	-A
F2_BC62_consensus_vsearch	2699	G	*/-A	59	8	11.94%	2	1	93	93	0.0031302352213868167	1	1	47	12	8	0	-A
F2_BC62_consensus_vsearch	2734	G	*/-A	60	8	11.59%	2	1	93	93	0.003141055787584501	1	1	48	12	8	0	-A
F2_BC62_consensus_vsearch	2740	G	*/-CG	60	9	13.04%	2	2	93	93	0.0014788182357604385	1	1	54	6	3	6	-CG
F2_BC62_consensus_vsearch	2747	T	*/-C	57	9	13.24%	2	1	93	93	0.0014589364417500951	1	1	46	11	9	0	-C
F2_BC62_consensus_vsearch	2751	A	*/+C	40	20	29.41%	2	2	93	93	1.4227860183064522E-7	1	1	32	8	19	1	+C
F2_BC62_consensus_vsearch	2794	T	*/-GT	61	8	11.43%	2	1	93	93	0.0031515798467028244	1	1	50	11	8	0	-GT
F2_BC62_consensus_vsearch	2798	C	*/-A	41	27	38.57%	2	1	93	93	2.925407972058178E-10	1	1	30	11	27	0	-A
F2_BC62_consensus_vsearch	2871	T	*/-C	60	9	12.86%	2	1	93	93	0.0014788182357604385	1	1	48	12	9	0	-C
F2_BC62_consensus_vsearch	2883	T	*/-C	51	12	17.14%	2	2	93	93	1.3705264232367117E-4	1	1	41	10	11	1	-C
F2_BC62_consensus_vsearch	2968	G	*/-CG	43	15	23.08%	2	2	93	93	1.0808170180813146E-5	1	1	35	8	13	2	-CG
F2_BC62_consensus_vsearch	3003	T	*/-A	54	12	17.14%	2	1	93	93	1.4106251808566458E-4	1	1	42	12	12	0	-A
F2_BC62_consensus_vsearch	3030	C	*/-G	62	7	10%	2	2	93	93	0.006658983224485051	1	1	52	10	5	2	-G
F2_BC62_consensus_vsearch	3057	G	*/-A	55	10	14.71%	2	1	93	93	6.719705406989568E-4	1	1	43	12	10	0	-A
F2_BC62_consensus_vsearch	3070	G	*/+A	44	11	16.92%	2	1	93	93	2.806515038067101E-4	1	1	32	12	11	0	+A
F2_BC62_consensus_vsearch	3073	G	*/+C	24	12	17.65%	1	2	93	93	8.14720131086417E-5	1	1	24	0	11	1	+C
F2_BC62_consensus_vsearch	3073	G	*/+CC	24	15	22.06%	1	2	93	93	5.755799880016028E-6	1	1	24	0	4	11	+CC
F2_BC62_consensus_vsearch	3074	C	*/-A	44	15	21.43%	2	1	93	93	1.102861654230839E-5	1	1	36	8	15	0	-A
F2_BC62_consensus_vsearch	3086	A	*/+G	18	20	29.85%	2	2	93	93	3.08051176172246E-8	1	1	15	3	12	8	+G
F2_BC62_consensus_vsearch	3086	A	*/-GGA	18	16	23.88%	2	1	93	93	1.4997334256438872E-6	1	1	15	3	16	0	+G
F2_BC62_consensus_vsearch	3102	C	*/-TT	59	7	10.14%	2	1	93	93	0.006608274356260959	1	1	49	10	7	0	-TT
F2_BC62_consensus_vsearch	3147	A	*/-C	52	11	15.94%	2	1	93	93	3.0309718975429843E-4	1	1	40	12	11	0	-C
F2_BC62_consensus_vsearch	3216	T	*/-C	51	12	17.14%	2	1	93	93	1.3705264232367117E-4	1	1	40	11	12	0	-C
F2_BC62_consensus_vsearch	3231	G	*/-C	59	7	10%	2	1	93	93	0.006608274356260959	1	1	48	11	7	0	-C
F2_BC62_consensus_vsearch	3244	T	*/-C	57	12	17.14%	2	2	93	93	1.4479136155159058E-4	1	1	51	6	6	6	-C
F2_BC62_consensus_vsearch	3337	C	*/+A	59	9	12.86%	2	2	93	93	0.0014723699004299496	1	1	51	8	6	3	+A
F2_BC62_consensus_vsearch	3340	G	*/+AGT	3	43	62.32%	1	2	93	93	4.484957178815892E-23	1	1	3	0	36	7	+AGT
F2_BC62_consensus_vsearch	3340	G	*/+T	3	18	26.09%	1	2	93	93	3.760279405305023E-9	1	1	3	0	14	4	+AGT
F2_BC62_consensus_vsearch	3342	C	*/-A	57	10	14.29%	2	1	93	93	6.80105709687899E-4	1	1	45	12	10	0	-A
F2_BC62_consensus_vsearch	3379	C	*/+A	44	15	22.39%	2	1	93	93	1.102861654230839E-5	1	1	32	12	15	0	+A
F2_BC62_consensus_vsearch	3384	A	*/-G	49	11	15.71%	2	1	93	93	2.9525760576167075E-4	1	1	37	12	11	0	-G
F2_BC62_consensus_vsearch	3385	G	*/+A	51	8	13.56%	2	1	93	93	0.0030313114191532118	1	1	39	12	8	0	+A
F2_BC62_consensus_vsearch	3388	A	*/+C	56	7	10%	2	1	93	93	0.006552912719209025	1	1	44	12	7	0	+C
F2_BC62_consensus_vsearch	3443	C	*/-T	28	35	50.72%	2	2	93	93	3.706183177431854E-14	1	1	26	2	27	8	-T
F2_BC62_consensus_vsearch	3450	T	*/+C	34	25	36.76%	2	2	93	93	1.1599554598986855E-9	1	1	30	4	22	3	+C
F2_BC62_consensus_vsearch	3450	T	*/-C	34	7	10.29%	2	2	93	93	0.005913566040148227	1	1	30	4	3	4	+C
F2_BC62_consensus_vsearch	3481	A	*/+C	34	34	48.57%	2	2	93	93	2.2072473393274256E-13	1	1	29	5	27	7	+C
F2_BC62_consensus_vsearch	3517	A	*/-G	52	17	24.29%	2	1	93	93	2.4823937448097253E-6	1	1	40	12	17	0	-G
F2_BC62_consensus_vsearch	3533	A	*/-C	33	25	36.23%	2	2	93	93	1.078612159765535E-9	1	1	29	4	17	8	-C
F2_BC62_consensus_vsearch	3546	G	*/-A	55	13	18.57%	2	1	93	93	6.484161963332398E-5	1	1	43	12	13	0	-A
F2_BC62_consensus_vsearch	3561	C	*/+G	30	31	44.29%	1	2	93	93	2.6198881081843283E-12	1	1	30	0	23	8	+G
F2_BC62_consensus_vsearch	3565	A	*/-C	50	14	20%	2	2	93	93	2.7518443931130835E-5	1	1	40	10	12	2	-C
F2_BC62_consensus_vsearch	3715	C	*/+G	60	7	10%	2	1	93	93	0.00662566455193586	1	1	51	9	7	0	+G
F2_BC62_consensus_vsearch	3766	G	*/-C	54	12	17.14%	2	2	93	93	1.4106251808566458E-4	1	1	46	8	11	1	-C
F2_BC62_consensus_vsearch	3786	C	*/-AC	62	7	10%	2	1	93	93	0.006658983224485051	1	1	50	12	7	0	-AC
F2_BC62_consensus_vsearch	3848	C	*/-A	60	9	12.86%	2	1	93	93	0.0014788182357604385	1	1	48	12	9	0	-A
F2_BC62_consensus_vsearch	3862	T	*/+C	31	38	55.07%	2	2	93	93	2.8075126958274445E-15	1	1	30	1	28	10	+C
F2_BC62_consensus_vsearch	3874	C	*/-A	62	8	11.43%	2	1	93	93	0.0031618193727770178	1	1	50	12	8	0	-A
F2_BC62_consensus_vsearch	3900	T	*/-C	49	21	30%	2	2	93	93	8.154602199935728E-8	1	1	38	11	20	1	-C
F2_BC62_consensus_vsearch	3970	G	*/+A	61	7	10.14%	2	1	93	93	0.006642560599974168	1	1	49	12	7	0	+A
F2_BC62_consensus_vsearch	3981	C	*/-GC	59	11	15.71%	2	2	93	93	3.191694034015893E-4	1	1	49	10	9	2	-GC
F2_BC62_consensus_vsearch	3989	G	*/-C	61	7	10%	2	1	93	93	0.006642560599974168	1	1	49	12	7	0	-C
F2_BC62_consensus_vsearch	4003	T	*/-A	54	13	18.57%	2	1	93	93	6.416753642243539E-5	1	1	42	12	13	0	-A
F2_BC62_consensus_vsearch	4028	T	*/-C	59	11	15.71%	2	1	93	93	3.191694034015893E-4	1	1	47	12	11	0	-C
F2_BC62_consensus_vsearch	4047	T	*/-C	57	10	14.49%	2	2	93	93	6.80105709687899E-4	1	1	51	6	6	4	-C
F2_BC62_consensus_vsearch	4055	A	*/-C	57	10	14.93%	2	2	93	93	6.80105709687899E-4	1	1	46	11	9	1	-C
F2_BC62_consensus_vsearch	4075	T	*/-C	45	23	32.86%	2	1	93	93	1.2641995587777576E-8	1	1	33	12	23	0	-C
F2_BC62_consensus_vsearch	4133	G	*/-A	42	20	31.25%	2	1	93	93	1.5316095939060243E-7	1	1	31	11	20	0	-A
F2_BC62_consensus_vsearch	4136	G	*/+C	53	8	11.59%	2	2	93	93	0.0030583227514176625	1	1	42	11	7	1	+C
F2_BC62_consensus_vsearch	4146	T	*/-C	48	19	27.14%	2	1	93	93	4.312063654607755E-7	1	1	36	12	19	0	-C
F2_BC62_consensus_vsearch	4188	A	*/-G	55	11	15.71%	2	1	93	93	3.103375397885081E-4	1	1	43	12	11	0	-G
F2_BC62_consensus_vsearch	4247	T	*/-C	57	11	15.94%	2	1	93	93	3.148637544852044E-4	1	1	47	10	11	0	-C
F2_BC62_consensus_vsearch	4275	C	*/-A	50	15	21.43%	2	2	93	93	1.2265973070077047E-5	1	1	39	11	14	1	-A
F2_BC62_consensus_vsearch	4353	C	*/-TC	60	9	12.86%	2	2	93	93	0.0014788182357604385	1	1	57	3	1	8	-TC
