Chrom	Position	Ref	Cons	Reads1	Reads2	VarFreq	Strands1	Strands2	Qual1	Qual2	Pvalue	MapQual1	MapQual2	Reads1Plus	Reads1Minus	Reads2Plus	Reads2Minus	VarAllele
F6_BC66_consensus_vsearch	37	G	R	149	7	4.43%	2	1	93	93	0.007293476159710952	1	1	96	53	7	0	A
F6_BC66_consensus_vsearch	57	A	R	151	7	4.43%	2	2	93	93	0.0072999599354883	1	1	99	52	5	2	G
F6_BC66_consensus_vsearch	171	A	R	147	8	5.06%	2	1	93	93	0.003560876280423088	1	1	95	52	8	0	G
F6_BC66_consensus_vsearch	192	T	K	148	7	4.49%	2	1	93	93	0.00729017238491925	1	1	95	53	7	0	G
F6_BC66_consensus_vsearch	211	T	Y	145	11	7.01%	2	1	93	93	4.068457162881136E-4	1	1	103	42	0	11	C
F6_BC66_consensus_vsearch	213	C	Y	142	12	7.64%	2	2	93	93	1.9540851627590763E-4	1	1	100	42	1	11	T
F6_BC66_consensus_vsearch	254	A	R	123	8	5.26%	2	1	93	93	0.0034992293340689977	1	1	90	33	8	0	+G
F6_BC66_consensus_vsearch	258	T	Y	126	7	5.22%	2	1	93	93	0.007205121164213796	1	1	101	25	0	7	C
F6_BC66_consensus_vsearch	275	T	W	131	7	4.52%	2	2	93	93	0.007226795344878595	1	1	78	53	6	1	A
F6_BC66_consensus_vsearch	278	T	K	145	8	5.16%	2	1	93	93	0.003556460912469871	1	1	91	54	8	0	G
F6_BC66_consensus_vsearch	305	G	R	142	16	10.13%	2	1	93	93	1.0233281033084238E-5	1	1	88	54	16	0	A
F6_BC66_consensus_vsearch	335	G	R	92	54	36.49%	2	1	93	93	1.3071402176661822E-19	1	1	43	49	54	0	A
F6_BC66_consensus_vsearch	344	G	R	146	7	4.43%	2	1	93	93	0.007283437074166116	1	1	92	54	7	0	A
F6_BC66_consensus_vsearch	345	A	R	140	9	5.88%	2	2	93	93	0.001724713384330166	1	1	87	53	8	1	G
F6_BC66_consensus_vsearch	347	T	K	139	7	4.73%	2	1	93	93	0.007258431482759906	1	1	85	54	7	0	G
F6_BC66_consensus_vsearch	405	G	R	141	14	8.86%	2	1	93	93	4.4899691442056394E-5	1	1	88	53	14	0	A
F6_BC66_consensus_vsearch	444	A	R	149	7	4.43%	2	1	93	93	0.007293476159710952	1	1	96	53	7	0	G
F6_BC66_consensus_vsearch	487	A	R	146	9	5.7%	2	1	93	93	0.0017332742159673858	1	1	92	54	9	0	G
F6_BC66_consensus_vsearch	488	T	K	129	26	16.67%	2	1	93	93	4.747194408719288E-9	1	1	75	54	26	0	G
F6_BC66_consensus_vsearch	523	A	R	142	13	8.23%	2	2	93	93	9.390991801609142E-5	1	1	92	50	11	2	G
F6_BC66_consensus_vsearch	533	G	R	120	8	5.1%	2	1	93	93	0.0034899422840876464	1	1	67	53	8	0	+A
F6_BC66_consensus_vsearch	534	G	R	142	11	6.96%	2	1	93	93	4.0534063849111915E-4	1	1	88	54	11	0	A
F6_BC66_consensus_vsearch	544	T	Y	144	11	6.96%	2	1	93	93	4.063501124256654E-4	1	1	104	40	0	11	C
F6_BC66_consensus_vsearch	591	G	K	137	12	7.59%	2	1	93	93	1.93895008358888E-4	1	1	83	54	12	0	T
F6_BC66_consensus_vsearch	596	A	R	146	8	5.13%	2	1	93	93	0.0035586826095282847	1	1	94	52	8	0	G
F6_BC66_consensus_vsearch	613	T	Y	148	7	4.52%	2	1	93	93	0.00729017238491925	1	1	103	45	0	7	C
F6_BC66_consensus_vsearch	633	C	Y	111	11	6.96%	2	1	93	93	3.857800345804716E-4	1	1	74	37	0	11	-A
F6_BC66_consensus_vsearch	650	G	R	128	21	14.09%	2	1	93	93	2.235715172253932E-7	1	1	79	49	21	0	A
F6_BC66_consensus_vsearch	667	G	R	149	7	4.43%	2	1	93	93	0.007293476159710952	1	1	95	54	7	0	A
F6_BC66_consensus_vsearch	676	A	R	148	7	4.46%	2	1	93	93	0.00729017238491925	1	1	94	54	7	0	G
F6_BC66_consensus_vsearch	805	G	R	111	44	27.85%	2	1	93	93	1.6074738402790003E-15	1	1	60	51	44	0	A
F6_BC66_consensus_vsearch	833	G	R	132	10	6.9%	2	1	93	93	8.28877371413438E-4	1	1	88	44	10	0	A
F6_BC66_consensus_vsearch	840	A	R	145	12	7.59%	2	1	93	93	1.9627381201126417E-4	1	1	91	54	12	0	G
F6_BC66_consensus_vsearch	869	T	Y	143	7	4.55%	2	2	93	93	0.007273002114564063	1	1	101	42	1	6	C
F6_BC66_consensus_vsearch	904	T	Y	148	7	4.46%	2	2	93	93	0.00729017238491925	1	1	102	46	1	6	C
F6_BC66_consensus_vsearch	910	A	R	100	7	4.76%	2	2	93	93	0.007060418475842725	1	1	79	21	6	1	-G
F6_BC66_consensus_vsearch	912	G	R	114	15	9.49%	2	1	93	93	1.9822908664740166E-5	1	1	60	54	15	0	+A
F6_BC66_consensus_vsearch	913	G	R	142	8	5.06%	2	2	93	93	0.003549622192432461	1	1	90	52	7	1	A
F6_BC66_consensus_vsearch	940	G	K	133	22	13.92%	2	1	93	93	1.0697494575996356E-7	1	1	79	54	22	0	T
F6_BC66_consensus_vsearch	946	C	Y	117	17	10.76%	2	2	93	93	4.4409438715118E-6	1	1	89	28	1	16	T
F6_BC66_consensus_vsearch	957	A	R	131	11	7.05%	2	1	93	93	3.9931318622845897E-4	1	1	81	50	11	0	-G
F6_BC66_consensus_vsearch	965	T	Y	142	13	8.33%	2	2	93	93	9.390991801609142E-5	1	1	102	40	2	11	C
F6_BC66_consensus_vsearch	976	C	S	142	13	8.23%	2	1	93	93	9.390991801609142E-5	1	1	90	52	13	0	G
F6_BC66_consensus_vsearch	1002	G	R	136	9	5.96%	2	2	93	93	0.001718626389695711	1	1	85	51	8	1	A
F6_BC66_consensus_vsearch	1003	G	R	141	8	5.06%	2	1	93	93	0.0035472828472051087	1	1	89	52	8	0	A
F6_BC66_consensus_vsearch	1009	T	W	137	20	12.74%	2	1	93	93	5.000413816829311E-7	1	1	104	33	0	20	A
F6_BC66_consensus_vsearch	1012	G	R	139	9	5.77%	2	2	93	93	0.0017232214177345935	1	1	101	38	3	6	A
F6_BC66_consensus_vsearch	1013	C	Y	115	22	14.67%	2	1	93	93	9.539936216943037E-8	1	1	102	13	0	22	T
F6_BC66_consensus_vsearch	1021	G	K	132	9	6%	2	1	93	93	0.0017122065409488764	1	1	81	51	9	0	T
F6_BC66_consensus_vsearch	1025	G	R	140	7	4.67%	2	1	93	93	0.00726214740331066	1	1	88	52	7	0	A
F6_BC66_consensus_vsearch	1110	A	R	140	11	6.96%	2	1	93	93	4.043060547994595E-4	1	1	90	50	11	0	G
F6_BC66_consensus_vsearch	1112	C	Y	149	8	5.06%	2	1	93	93	0.0035651816371754363	1	1	104	45	0	8	T
F6_BC66_consensus_vsearch	1128	G	R	138	9	5.77%	2	1	93	93	0.0017217098568314186	1	1	90	48	9	0	A
F6_BC66_consensus_vsearch	1131	T	W	10	43	28.86%	2	2	93	93	2.0375450684808932E-20	1	1	9	1	42	1	+A
F6_BC66_consensus_vsearch	1133	T	W	133	9	5.88%	2	1	93	93	0.0017138441890134975	1	1	80	53	9	0	A
F6_BC66_consensus_vsearch	1134	T	K	142	9	5.7%	2	1	93	93	0.0017276400371805214	1	1	91	51	9	0	G
F6_BC66_consensus_vsearch	1142	A	R	146	11	7.01%	2	1	93	93	4.073353769821135E-4	1	1	93	53	11	0	G
F6_BC66_consensus_vsearch	1146	G	R	90	8	8%	2	1	93	93	0.003366921162543502	1	1	45	45	8	0	A
F6_BC66_consensus_vsearch	1164	A	R	145	7	4.49%	2	1	93	93	0.0072800038812266725	1	1	96	49	7	0	G
F6_BC66_consensus_vsearch	1226	G	R	134	18	11.69%	2	1	93	93	2.2355766935391084E-6	1	1	83	51	18	0	A
F6_BC66_consensus_vsearch	1236	A	R	136	19	12.18%	2	1	93	93	1.060457894110037E-6	1	1	84	52	19	0	G
F6_BC66_consensus_vsearch	1296	G	R	142	10	6.58%	2	1	93	93	8.381619982359077E-4	1	1	91	51	10	0	A
F6_BC66_consensus_vsearch	1301	C	Y	143	11	7.01%	2	1	93	93	4.058484568807199E-4	1	1	103	40	0	11	T
F6_BC66_consensus_vsearch	1324	C	Y	126	13	8.5%	2	1	93	93	9.098589432704091E-5	1	1	100	26	0	13	T
F6_BC66_consensus_vsearch	1346	G	R	145	9	5.84%	2	2	93	93	0.0017318922033024672	1	1	92	53	8	1	A
F6_BC66_consensus_vsearch	1353	G	R	121	16	11.19%	2	2	93	93	9.589440037454797E-6	1	1	78	43	15	1	A
F6_BC66_consensus_vsearch	1354	G	R	135	15	10%	2	2	93	93	2.1123159925517684E-5	1	1	87	48	14	1	A
F6_BC66_consensus_vsearch	1388	G	R	113	34	22.67%	2	1	93	93	6.716049688083252E-12	1	1	62	51	34	0	A
F6_BC66_consensus_vsearch	1393	T	Y	147	7	4.49%	2	2	93	93	0.007286826295699635	1	1	101	46	1	6	C
F6_BC66_consensus_vsearch	1397	A	R	146	8	5.1%	2	2	93	93	0.0035586826095282847	1	1	94	52	7	1	G
F6_BC66_consensus_vsearch	1437	A	R	144	7	4.46%	2	1	93	93	0.007276525855895998	1	1	93	51	7	0	G
F6_BC66_consensus_vsearch	1445	G	R	146	8	5.06%	2	1	93	93	0.0035586826095282847	1	1	93	53	8	0	A
F6_BC66_consensus_vsearch	1506	C	Y	139	9	5.88%	2	1	93	93	0.0017232214177345935	1	1	99	40	0	9	T
F6_BC66_consensus_vsearch	1510	G	R	139	15	9.49%	2	2	93	93	2.13362416992478E-5	1	1	88	51	14	1	A
F6_BC66_consensus_vsearch	1569	A	R	147	8	5.06%	2	1	93	93	0.003560876280423088	1	1	95	52	8	0	G
F6_BC66_consensus_vsearch	1584	G	R	141	11	7.05%	2	1	93	93	4.0482654336574796E-4	1	1	87	54	11	0	A
F6_BC66_consensus_vsearch	1604	C	Y	142	10	6.41%	2	1	93	93	8.381619982359077E-4	1	1	100	42	0	10	T
F6_BC66_consensus_vsearch	1608	C	Y	147	9	5.73%	2	1	93	93	0.0017346390883731628	1	1	104	43	0	9	T
F6_BC66_consensus_vsearch	1641	G	R	141	7	4.46%	2	1	93	93	0.007265813831858907	1	1	87	54	7	0	+A
F6_BC66_consensus_vsearch	1648	G	R	135	15	9.87%	2	1	93	93	2.1123159925517684E-5	1	1	87	48	15	0	A
F6_BC66_consensus_vsearch	1649	C	Y	146	7	4.52%	2	2	93	93	0.007283437074166116	1	1	98	48	3	4	T
F6_BC66_consensus_vsearch	1717	G	R	138	8	5.19%	2	1	93	93	0.003540077109132777	1	1	87	51	8	0	A
F6_BC66_consensus_vsearch	1835	T	Y	91	63	40.38%	2	2	93	93	3.482644634459295E-23	1	1	58	33	43	20	C
F6_BC66_consensus_vsearch	1837	A	R	89	9	6.16%	2	2	93	93	0.0016118239607923867	1	1	72	17	8	1	-C
F6_BC66_consensus_vsearch	1838	C	S	104	9	7.96%	2	1	93	93	0.00165511795309107	1	1	85	19	9	0	G
F6_BC66_consensus_vsearch	1862	T	Y	146	8	5.19%	2	1	93	93	0.0035586826095282847	1	1	102	44	0	8	C
F6_BC66_consensus_vsearch	1864	G	R	146	7	4.52%	2	2	93	93	0.007283437074166116	1	1	95	51	6	1	A
F6_BC66_consensus_vsearch	1928	A	R	146	7	4.43%	2	1	93	93	0.007283437074166116	1	1	95	51	7	0	G
F6_BC66_consensus_vsearch	1930	A	R	134	11	7.53%	2	1	93	93	4.0104194858673876E-4	1	1	80	54	11	0	G
F6_BC66_consensus_vsearch	1932	T	K	140	12	7.79%	2	1	93	93	1.9481413861632138E-4	1	1	88	52	12	0	G
F6_BC66_consensus_vsearch	1951	G	R	135	19	12.1%	2	1	93	93	1.056160268801748E-6	1	1	81	54	19	0	A
F6_BC66_consensus_vsearch	1980	C	Y	146	8	5.06%	2	1	93	93	0.0035586826095282847	1	1	101	45	0	8	T
F6_BC66_consensus_vsearch	2080	G	R	142	7	4.55%	2	1	93	93	0.007269431750257196	1	1	92	50	7	0	A
F6_BC66_consensus_vsearch	2112	G	R	121	10	7.46%	2	1	93	93	8.171148639480002E-4	1	1	75	46	10	0	A
F6_BC66_consensus_vsearch	2131	A	R	144	8	5.16%	2	1	93	93	0.003554210649086613	1	1	90	54	8	0	G
F6_BC66_consensus_vsearch	2134	C	Y	139	12	7.59%	2	1	93	93	1.9451150402724732E-4	1	1	102	37	0	12	T
F6_BC66_consensus_vsearch	2141	C	M	104	7	4.43%	2	1	93	93	0.007087006596374399	1	1	81	23	7	0	-G
F6_BC66_consensus_vsearch	2145	G	R	116	26	17.45%	2	1	93	93	4.22975580137125E-9	1	1	62	54	26	0	A
F6_BC66_consensus_vsearch	2224	G	R	140	7	4.73%	2	1	93	93	0.00726214740331066	1	1	90	50	7	0	A
F6_BC66_consensus_vsearch	2247	T	Y	98	49	32.45%	2	2	93	93	1.430292449964297E-17	1	1	63	35	34	15	C
F6_BC66_consensus_vsearch	2255	C	Y	137	12	7.59%	2	2	93	93	1.93895008358888E-4	1	1	96	41	3	9	T
F6_BC66_consensus_vsearch	2256	G	R	130	15	10%	2	2	93	93	2.0842682727390723E-5	1	1	81	49	14	1	A
F6_BC66_consensus_vsearch	2257	G	R	133	7	4.46%	2	1	93	93	0.007235038165514452	1	1	85	48	7	0	+A
F6_BC66_consensus_vsearch	2261	G	R	97	58	36.71%	2	2	93	93	4.69951287536688E-21	1	1	64	33	38	20	A
F6_BC66_consensus_vsearch	2268	C	Y	97	56	35.44%	2	2	93	93	2.819261935721803E-20	1	1	64	33	38	18	T
F6_BC66_consensus_vsearch	2274	G	R	140	14	8.97%	2	2	93	93	4.4806107568432566E-5	1	1	89	51	13	1	A
F6_BC66_consensus_vsearch	2281	T	Y	101	56	35.44%	2	2	93	93	3.426042094274375E-20	1	1	67	34	36	20	C
F6_BC66_consensus_vsearch	2313	C	Y	149	7	4.49%	2	2	93	93	0.007293476159710952	1	1	100	49	2	5	T
F6_BC66_consensus_vsearch	2338	A	R	135	8	5.16%	2	1	93	93	0.0035325763803669705	1	1	84	51	8	0	G
F6_BC66_consensus_vsearch	2344	T	Y	134	15	9.55%	2	2	93	93	2.1068355581752277E-5	1	1	96	38	1	14	C
F6_BC66_consensus_vsearch	2397	A	R	150	7	4.46%	2	1	93	93	0.007296738417420601	1	1	96	54	7	0	G
F6_BC66_consensus_vsearch	2415	G	R	121	14	10.22%	2	1	93	93	4.2798874448226874E-5	1	1	89	32	14	0	A
F6_BC66_consensus_vsearch	2445	G	R	139	11	7.14%	2	1	93	93	4.037790531875724E-4	1	1	90	49	11	0	A
F6_BC66_consensus_vsearch	2540	A	W	131	21	13.46%	2	1	93	93	2.2719078424061392E-7	1	1	78	53	21	0	T
F6_BC66_consensus_vsearch	2541	C	S	134	21	13.29%	2	1	93	93	2.3071462182553762E-7	1	1	82	52	21	0	G
F6_BC66_consensus_vsearch	2556	T	Y	142	9	5.84%	2	1	93	93	0.0017276400371805214	1	1	102	40	0	9	C
F6_BC66_consensus_vsearch	2574	T	Y	128	16	10.19%	2	1	93	93	9.821291809773397E-6	1	1	104	24	0	16	C
F6_BC66_consensus_vsearch	2713	G	R	147	7	4.52%	2	1	93	93	0.007286826295699635	1	1	94	53	7	0	A
F6_BC66_consensus_vsearch	2802	G	R	137	16	10.13%	2	1	93	93	1.0093382216767947E-5	1	1	87	50	16	0	A
F6_BC66_consensus_vsearch	2803	G	R	138	7	4.43%	2	2	93	93	0.0072546650616756485	1	1	87	51	5	2	-C
F6_BC66_consensus_vsearch	2840	C	Y	143	7	4.43%	2	2	93	93	0.007273002114564063	1	1	95	48	1	6	T
F6_BC66_consensus_vsearch	2852	T	Y	143	10	6.41%	2	2	93	93	8.390267761774618E-4	1	1	100	43	1	9	C
F6_BC66_consensus_vsearch	2867	T	Y	139	16	10.19%	2	2	93	93	1.0150250905469134E-5	1	1	102	37	1	15	C
F6_BC66_consensus_vsearch	2870	T	Y	121	27	17.42%	2	2	93	93	2.021375889253287E-9	1	1	83	38	17	10	C
F6_BC66_consensus_vsearch	2894	A	R	90	63	40.91%	2	2	93	93	3.2550901021384773E-23	1	1	56	34	44	19	G
F6_BC66_consensus_vsearch	2912	G	R	129	24	15.69%	2	1	93	93	2.2412437326166454E-8	1	1	78	51	24	0	A
F6_BC66_consensus_vsearch	2919	G	R	150	7	4.46%	2	2	93	93	0.007296738417420601	1	1	101	49	3	4	A
F6_BC66_consensus_vsearch	2920	C	Y	149	7	4.43%	2	2	93	93	0.007293476159710952	1	1	102	47	1	6	T
F6_BC66_consensus_vsearch	2956	G	R	120	8	5.37%	2	1	93	93	0.0034899422840876464	1	1	66	54	8	0	-A
F6_BC66_consensus_vsearch	2958	G	K	135	11	7.24%	2	1	93	93	4.016034175232601E-4	1	1	85	50	11	0	T
F6_BC66_consensus_vsearch	3031	G	R	140	9	5.77%	2	1	93	93	0.001724713384330166	1	1	88	52	9	0	A
F6_BC66_consensus_vsearch	3073	A	R	147	7	4.52%	2	1	93	93	0.007286826295699635	1	1	94	53	7	0	G
F6_BC66_consensus_vsearch	3106	G	R	142	7	4.67%	2	1	93	93	0.007269431750257196	1	1	95	47	7	0	A
F6_BC66_consensus_vsearch	3305	G	R	130	21	13.82%	2	2	93	93	2.2599513316953014E-7	1	1	80	50	20	1	A
F6_BC66_consensus_vsearch	3342	A	R	149	7	4.46%	2	2	93	93	0.007293476159710952	1	1	97	52	6	1	G
F6_BC66_consensus_vsearch	3343	T	K	137	18	11.54%	2	1	93	93	2.2602460224828247E-6	1	1	85	52	18	0	G
F6_BC66_consensus_vsearch	3372	T	Y	140	7	4.67%	2	2	93	93	0.00726214740331066	1	1	88	52	6	1	C
F6_BC66_consensus_vsearch	3414	G	R	125	15	10.49%	2	1	93	93	2.0545201944820784E-5	1	1	87	38	15	0	A
F6_BC66_consensus_vsearch	3435	G	R	117	16	11.76%	2	1	93	93	9.448063854134652E-6	1	1	82	35	16	0	A
F6_BC66_consensus_vsearch	3498	G	R	146	9	5.7%	2	1	93	93	0.0017332742159673858	1	1	93	53	9	0	A
F6_BC66_consensus_vsearch	3502	G	R	142	12	7.69%	2	1	93	93	1.9540851627590763E-4	1	1	90	52	12	0	A
F6_BC66_consensus_vsearch	3567	T	Y	141	12	7.79%	2	1	93	93	1.951131209009317E-4	1	1	100	41	0	12	C
F6_BC66_consensus_vsearch	3585	T	Y	146	7	4.46%	2	2	93	93	0.007283437074166116	1	1	100	46	2	5	C
F6_BC66_consensus_vsearch	3604	A	R	148	8	5.1%	2	2	93	93	0.003563042451794981	1	1	98	50	5	3	G
F6_BC66_consensus_vsearch	3635	C	Y	145	7	4.43%	2	1	93	93	0.0072800038812266725	1	1	100	45	0	7	T
F6_BC66_consensus_vsearch	3656	G	R	125	8	5.19%	2	1	93	93	0.003505194079890269	1	1	71	54	8	0	+A
F6_BC66_consensus_vsearch	3657	G	R	145	10	6.33%	2	1	93	93	8.407243705351934E-4	1	1	91	54	10	0	A
F6_BC66_consensus_vsearch	3674	C	Y	147	9	5.7%	2	1	93	93	0.0017346390883731628	1	1	103	44	0	9	T
F6_BC66_consensus_vsearch	3708	A	R	144	10	6.41%	2	2	93	93	8.39880834377406E-4	1	1	92	52	9	1	G
F6_BC66_consensus_vsearch	3709	G	R	143	9	5.77%	2	1	93	93	0.0017290754509058635	1	1	92	51	9	0	A
F6_BC66_consensus_vsearch	3715	A	R	133	23	14.65%	2	2	93	93	4.970379312638133E-8	1	1	81	52	22	1	G
F6_BC66_consensus_vsearch	3733	A	R	124	29	18.83%	2	1	93	93	4.3014075037078036E-10	1	1	72	52	29	0	G
F6_BC66_consensus_vsearch	3758	G	R	138	12	8%	2	1	93	93	1.9420515014914618E-4	1	1	89	49	12	0	A
F6_BC66_consensus_vsearch	3805	G	R	132	7	4.96%	2	1	93	93	0.007230945949356827	1	1	80	52	7	0	A
F6_BC66_consensus_vsearch	3806	G	R	142	7	4.7%	2	1	93	93	0.007269431750257196	1	1	88	54	7	0	A
F6_BC66_consensus_vsearch	3818	C	Y	122	9	6.87%	2	2	93	93	0.0016945086932698592	1	1	76	46	1	8	T
F6_BC66_consensus_vsearch	3867	T	W	126	8	5.76%	2	1	93	93	0.003508111428269705	1	1	89	37	8	0	A
F6_BC66_consensus_vsearch	3872	C	M	140	9	5.73%	2	1	93	93	0.001724713384330166	1	1	102	38	0	9	A
F6_BC66_consensus_vsearch	3872	C	Y	140	7	4.46%	2	1	93	93	0.00726214740331066	1	1	102	38	0	7	A
F6_BC66_consensus_vsearch	3874	C	Y	146	8	5.06%	2	2	93	93	0.0035586826095282847	1	1	99	47	3	5	T
F6_BC66_consensus_vsearch	3891	T	Y	128	7	4.52%	2	1	93	93	0.007213980437755528	1	1	84	44	0	7	-A
F6_BC66_consensus_vsearch	3926	G	R	136	21	13.38%	2	2	93	93	2.3301248058027696E-7	1	1	84	52	19	2	A
F6_BC66_consensus_vsearch	3943	A	M	115	29	19.46%	2	2	93	93	3.8840633075518286E-10	1	1	69	46	27	2	C
F6_BC66_consensus_vsearch	3990	T	Y	148	9	5.73%	2	1	93	93	0.001735987137056536	1	1	103	45	0	9	C
F6_BC66_consensus_vsearch	4024	A	R	49	9	6.52%	2	2	93	93	0.001396830324505615	1	1	46	3	5	4	G
F6_BC66_consensus_vsearch	4089	G	R	140	15	9.62%	2	1	93	93	2.1388028693665143E-5	1	1	87	53	15	0	A
F6_BC66_consensus_vsearch	4147	A	R	145	8	5.06%	2	1	93	93	0.003556460912469871	1	1	95	50	8	0	G
F6_BC66_consensus_vsearch	4180	G	R	145	7	4.58%	2	2	93	93	0.0072800038812266725	1	1	95	50	6	1	A
F6_BC66_consensus_vsearch	4194	G	R	149	8	5.06%	2	2	93	93	0.0035651816371754363	1	1	96	53	7	1	A
F6_BC66_consensus_vsearch	4248	T	Y	144	7	4.64%	2	1	93	93	0.007276525855895998	1	1	99	45	0	7	C
F6_BC66_consensus_vsearch	4251	C	Y	145	7	4.61%	2	1	93	93	0.0072800038812266725	1	1	99	46	0	7	T
