Chrom	Position	Ref	Cons	Reads1	Reads2	VarFreq	Strands1	Strands2	Qual1	Qual2	Pvalue	MapQual1	MapQual2	Reads1Plus	Reads1Minus	Reads2Plus	Reads2Minus	VarAllele
G2_BC74_consensus_vsearch	3	G	*/-T	42	13	22.03%	2	1	93	93	5.4730225232140284E-5	1	1	39	3	13	0	-T
G2_BC74_consensus_vsearch	24	T	*/-C	50	13	18.06%	2	2	93	93	6.131302419742613E-5	1	1	46	4	7	6	-C
G2_BC74_consensus_vsearch	86	G	*/-A	46	16	23.53%	2	1	93	93	5.029899388211865E-6	1	1	34	12	16	0	-A
G2_BC74_consensus_vsearch	99	C	*/-A	53	15	20.55%	2	2	93	93	1.2833507284485035E-5	1	1	45	8	13	2	-A
G2_BC74_consensus_vsearch	149	C	*/-A	53	18	24.66%	2	1	93	93	1.1116997850034348E-6	1	1	40	13	18	0	-A
G2_BC74_consensus_vsearch	183	T	*/+C	60	10	13.89%	2	1	93	93	6.91533707370007E-4	1	1	48	12	10	0	+C
G2_BC74_consensus_vsearch	207	A	*/-T	60	7	9.86%	2	1	93	93	0.00662566455193586	1	1	47	13	7	0	-T
G2_BC74_consensus_vsearch	219	T	*/-C	56	11	15.71%	2	2	93	93	3.1262923751788224E-4	1	1	48	8	8	3	-C
G2_BC74_consensus_vsearch	251	C	*/-T	56	11	15.07%	2	1	93	93	3.1262923751788224E-4	1	1	43	13	11	0	-T
G2_BC74_consensus_vsearch	310	T	*/-C	47	26	35.62%	2	2	93	93	9.840296945881444E-10	1	1	37	10	23	3	-C
G2_BC74_consensus_vsearch	323	C	*/-A	62	10	13.89%	2	1	93	93	6.986800682143436E-4	1	1	50	12	10	0	-A
G2_BC74_consensus_vsearch	353	C	*/+A	30	9	12.5%	2	1	93	93	0.0011620407375761985	1	1	27	3	9	0	+A
G2_BC74_consensus_vsearch	353	C	*/-A	30	24	33.33%	2	2	93	93	2.177426264394715E-9	1	1	27	3	17	7	-A
G2_BC74_consensus_vsearch	408	C	*/-A	61	7	9.59%	2	1	93	93	0.006642560599974168	1	1	52	9	7	0	-A
G2_BC74_consensus_vsearch	433	A	*/+G	42	11	15.07%	2	1	93	93	2.7419184573992066E-4	1	1	30	12	11	0	+G
G2_BC74_consensus_vsearch	433	A	*/+GA	42	14	19.18%	2	2	93	93	2.416018951689328E-5	1	1	30	12	13	1	+GA
G2_BC74_consensus_vsearch	434	A	*/+GA	45	10	13.7%	2	2	93	93	6.236700084592476E-4	1	1	42	3	7	3	+GA
G2_BC74_consensus_vsearch	434	A	*/+GAA	45	14	19.18%	2	2	93	93	2.5488358231115257E-5	1	1	42	3	9	5	+GAA
G2_BC74_consensus_vsearch	446	T	*/-C	50	17	23.61%	2	2	93	93	2.388707262054707E-6	1	1	42	8	13	4	-C
G2_BC74_consensus_vsearch	529	T	*/-C	59	10	13.7%	2	2	93	93	6.878224352374522E-4	1	1	52	7	6	4	-C
G2_BC74_consensus_vsearch	580	T	*/-C	52	19	26.39%	2	2	93	93	4.7516200488053553E-7	1	1	41	11	18	1	-C
G2_BC74_consensus_vsearch	603	A	*/-C	62	7	9.72%	2	2	93	93	0.006658983224485051	1	1	51	11	6	1	-C
G2_BC74_consensus_vsearch	610	A	*/-C	63	7	9.72%	2	1	93	93	0.006674952009195826	1	1	51	12	7	0	-C
G2_BC74_consensus_vsearch	709	C	*/-A	59	11	15.28%	2	1	93	93	3.191694034015893E-4	1	1	47	12	11	0	-A
G2_BC74_consensus_vsearch	712	T	*/-C	53	15	21.43%	2	2	93	93	1.2833507284485035E-5	1	1	44	9	14	1	-C
G2_BC74_consensus_vsearch	724	C	*/-A	56	7	9.72%	2	1	93	93	0.006552912719209025	1	1	44	12	7	0	-A
G2_BC74_consensus_vsearch	755	C	*/-AC	63	7	9.72%	2	1	93	93	0.006674952009195826	1	1	50	13	7	0	-AC
G2_BC74_consensus_vsearch	806	G	*/+A	53	11	15.07%	2	1	93	93	3.055738418767623E-4	1	1	41	12	11	0	+A
G2_BC74_consensus_vsearch	817	T	*/-A	56	10	14.49%	2	2	93	93	6.760924973963187E-4	1	1	45	11	9	1	-A
G2_BC74_consensus_vsearch	829	A	*/-T	54	16	21.92%	2	1	93	93	5.805543321684821E-6	1	1	41	13	16	0	-T
G2_BC74_consensus_vsearch	868	C	*/-AC	50	21	29.58%	2	1	93	93	8.397505244190315E-8	1	1	37	13	21	0	-AC
G2_BC74_consensus_vsearch	928	C	*/+T	51	7	9.59%	2	2	93	93	0.0064484261098339424	1	1	46	5	6	1	+T
G2_BC74_consensus_vsearch	928	C	*/-T	51	14	19.18%	2	2	93	93	2.7899076002531066E-5	1	1	46	5	8	6	-T
G2_BC74_consensus_vsearch	984	T	*/-C	56	11	15.07%	2	1	93	93	3.1262923751788224E-4	1	1	43	13	11	0	-C
G2_BC74_consensus_vsearch	1008	C	*/-A	58	7	9.59%	2	2	93	93	0.00659036806445684	1	1	47	11	5	2	-A
G2_BC74_consensus_vsearch	1076	T	*/-A	63	8	10.96%	2	1	93	93	0.003171785706497264	1	1	51	12	8	0	-A
G2_BC74_consensus_vsearch	1077	A	*/-T	56	7	10.94%	2	1	93	93	0.006552912719209025	1	1	44	12	7	0	-T
G2_BC74_consensus_vsearch	1174	A	*/+G	31	27	38.03%	2	2	93	93	1.390738022847771E-10	1	1	29	2	17	10	+G
G2_BC74_consensus_vsearch	1174	A	*/-GGA	31	7	9.86%	2	1	93	93	0.0057727185027981525	1	1	29	2	7	0	+G
G2_BC74_consensus_vsearch	1217	C	*/+T	62	7	9.59%	2	1	93	93	0.006658983224485051	1	1	52	10	7	0	+T
G2_BC74_consensus_vsearch	1222	G	*/-C	56	13	18.31%	2	1	93	93	6.550085403523593E-5	1	1	44	12	13	0	-C
G2_BC74_consensus_vsearch	1282	G	*/-A	65	8	10.96%	2	1	93	93	0.0031909412365132518	1	1	52	13	8	0	-A
G2_BC74_consensus_vsearch	1290	T	*/+C	8	50	74.63%	2	2	93	93	9.35249495761383E-25	1	1	7	1	44	6	+C
G2_BC74_consensus_vsearch	1290	T	*/+CC	8	6	8.96%	2	2	93	93	0.007971014492753606	1	1	7	1	5	1	+C
G2_BC74_consensus_vsearch	1298	A	*/-C	47	21	30.43%	2	1	93	93	7.665890941525065E-8	1	1	35	12	21	0	-C
G2_BC74_consensus_vsearch	1326	T	*/+C	65	7	9.59%	2	1	93	93	0.006705601149195077	1	1	52	13	7	0	+C
G2_BC74_consensus_vsearch	1531	T	*/-A	39	21	29.17%	2	2	93	93	5.691144073226532E-8	1	1	36	3	13	8	-A
G2_BC74_consensus_vsearch	1531	T	*/-AA	39	7	9.72%	2	2	93	93	0.006109736834262529	1	1	36	3	6	1	-A
G2_BC74_consensus_vsearch	1627	T	*/-A	60	8	11.11%	2	1	93	93	0.003141055787584501	1	1	47	13	8	0	-A
G2_BC74_consensus_vsearch	1652	T	*/-C	59	14	19.18%	2	1	93	93	3.067585608628301E-5	1	1	46	13	14	0	-C
G2_BC74_consensus_vsearch	1657	T	*/-C	55	17	23.29%	2	1	93	93	2.6178774869359403E-6	1	1	42	13	17	0	-C
G2_BC74_consensus_vsearch	1665	A	*/+T	48	17	23.61%	2	2	93	93	2.292268041318926E-6	1	1	40	8	14	3	+T
G2_BC74_consensus_vsearch	1672	C	*/-A	60	7	9.72%	2	2	93	93	0.00662566455193586	1	1	49	11	6	1	-A
G2_BC74_consensus_vsearch	1690	A	*/+G	32	29	41.43%	1	2	93	93	2.259653493308981E-11	1	1	32	0	17	12	+G
G2_BC74_consensus_vsearch	1700	T	*/+C	64	8	10.96%	2	1	93	93	0.003181489596333542	1	1	51	13	8	0	+C
G2_BC74_consensus_vsearch	1708	A	*/+T	33	25	34.25%	2	2	93	93	1.078612159765535E-9	1	1	27	6	18	7	+T
G2_BC74_consensus_vsearch	1708	A	*/+TT	33	8	10.96%	2	1	93	93	0.002680816604866819	1	1	27	6	8	0	+T
G2_BC74_consensus_vsearch	1758	T	*/-C	46	25	34.72%	2	1	93	93	2.276459238267534E-9	1	1	33	13	25	0	-C
G2_BC74_consensus_vsearch	1801	T	*/-C	63	10	13.7%	2	1	93	93	7.021218419494955E-4	1	1	50	13	10	0	-C
G2_BC74_consensus_vsearch	1811	T	*/-C	64	9	12.33%	2	1	93	93	0.0015029795679230836	1	1	51	13	9	0	-C
G2_BC74_consensus_vsearch	1814	C	*/-T	55	13	17.81%	2	2	93	93	6.484161963332398E-5	1	1	50	5	8	5	-T
G2_BC74_consensus_vsearch	1850	C	*/-A	63	8	11.11%	2	1	93	93	0.003171785706497264	1	1	50	13	8	0	-A
G2_BC74_consensus_vsearch	1857	C	*/-T	59	11	15.07%	2	2	93	93	3.191694034015893E-4	1	1	52	7	6	5	-T
G2_BC74_consensus_vsearch	1868	T	*/-C	56	13	17.81%	2	2	93	93	6.550085403523593E-5	1	1	50	6	8	5	-C
G2_BC74_consensus_vsearch	1920	T	*/+G	2	46	63.89%	1	2	93	93	1.9036320792935442E-25	1	1	2	0	35	11	+G
G2_BC74_consensus_vsearch	1920	T	*/-A	2	21	29.17%	1	2	93	93	3.643681594287794E-11	1	1	2	0	20	1	+G
G2_BC74_consensus_vsearch	1922	G	*/-A	52	19	26.39%	2	1	93	93	4.7516200488053553E-7	1	1	39	13	19	0	-A
G2_BC74_consensus_vsearch	1981	C	*/-A	45	20	27.78%	2	1	93	93	1.6933349866171318E-7	1	1	37	8	20	0	-A
G2_BC74_consensus_vsearch	2017	A	*/-C	55	15	20.83%	2	2	93	93	1.3194416640192916E-5	1	1	49	6	10	5	-C
G2_BC74_consensus_vsearch	2036	T	*/-C	63	10	13.7%	2	1	93	93	7.021218419494955E-4	1	1	50	13	10	0	-C
G2_BC74_consensus_vsearch	2038	C	*/-A	55	14	19.18%	2	1	93	93	2.9344382607786293E-5	1	1	42	13	14	0	-A
G2_BC74_consensus_vsearch	2045	C	*/+T	37	24	33.33%	2	2	93	93	3.5204422391354382E-9	1	1	29	8	22	2	+T
G2_BC74_consensus_vsearch	2151	A	*/-G	42	19	26.39%	2	1	93	93	3.6228457702005654E-7	1	1	29	13	19	0	-G
G2_BC74_consensus_vsearch	2151	A	*/-GG	42	7	9.72%	2	1	93	93	0.006209196086325277	1	1	29	13	7	0	-G
G2_BC74_consensus_vsearch	2212	T	*/-C	52	15	20.55%	2	1	93	93	1.2647898708059194E-5	1	1	39	13	15	0	-C
G2_BC74_consensus_vsearch	2297	T	*/+A	28	34	46.58%	2	2	93	93	1.0181821916020654E-13	1	1	25	3	27	7	+A
G2_BC74_consensus_vsearch	2347	A	*/+G	54	7	9.59%	2	1	93	93	0.006513094748389102	1	1	41	13	7	0	+G
G2_BC74_consensus_vsearch	2362	C	*/+A	55	9	12.5%	2	1	93	93	0.0014447366625028393	1	1	42	13	9	0	+A
G2_BC74_consensus_vsearch	2406	G	*/+T	29	37	52.11%	2	2	93	93	5.687172528896248E-15	1	1	26	3	28	9	+T
G2_BC74_consensus_vsearch	2459	G	*/+A	60	8	11.27%	2	1	93	93	0.003141055787584501	1	1	48	12	8	0	+A
G2_BC74_consensus_vsearch	2462	C	*/-A	57	11	15.07%	2	2	93	93	3.148637544852044E-4	1	1	45	12	10	1	-A
G2_BC74_consensus_vsearch	2555	T	*/-A	52	13	18.06%	2	2	93	93	6.277292100568723E-5	1	1	42	10	12	1	-A
G2_BC74_consensus_vsearch	2560	G	-T/-T	15	58	79.45%	2	2	93	93	5.396169345019448E-27	1	1	14	1	46	12	-T
G2_BC74_consensus_vsearch	2573	G	*/+T	38	28	38.36%	2	2	93	93	9.585418986031751E-11	1	1	33	5	23	5	+T
G2_BC74_consensus_vsearch	2609	C	*/-T	57	7	9.59%	2	2	93	93	0.006571922412136342	1	1	53	4	3	4	-T
G2_BC74_consensus_vsearch	2690	T	*/-A	53	18	24.66%	2	2	93	93	1.1116997850034348E-6	1	1	41	12	17	1	-A
G2_BC74_consensus_vsearch	2733	T	*/+A	19	34	47.22%	2	2	93	93	1.8773039451582744E-14	1	1	11	8	31	3	+A
G2_BC74_consensus_vsearch	2733	T	*/-A	19	14	19.44%	2	2	93	93	1.0577067317699397E-5	1	1	11	8	13	1	+A
G2_BC74_consensus_vsearch	2828	C	*/-T	58	11	15.07%	2	1	93	93	3.1704315374231514E-4	1	1	46	12	11	0	-T
G2_BC74_consensus_vsearch	2871	A	*/-G	47	17	24.64%	2	2	93	93	2.243003115020367E-6	1	1	38	9	14	3	-G
G2_BC74_consensus_vsearch	2957	C	*/+A	26	44	61.11%	2	2	93	93	2.1879967387443715E-18	1	1	25	1	32	12	+A
G2_BC74_consensus_vsearch	2964	A	*/-G	65	7	9.59%	2	2	93	93	0.006705601149195077	1	1	58	7	2	5	-G
G2_BC74_consensus_vsearch	3003	A	*/-G	48	18	25.35%	2	2	93	93	9.97399071413587E-7	1	1	41	7	14	4	-G
G2_BC74_consensus_vsearch	3062	C	*/-A	49	12	16.67%	2	2	93	93	1.342080026189366E-4	1	1	41	8	10	2	-A
G2_BC74_consensus_vsearch	3070	T	*/-AC	65	8	10.96%	2	1	93	93	0.0031909412365132518	1	1	52	13	8	0	-AC
G2_BC74_consensus_vsearch	3087	C	*/-A	63	8	10.96%	2	1	93	93	0.003171785706497264	1	1	50	13	8	0	-A
G2_BC74_consensus_vsearch	3124	G	*/-CG	49	14	20.59%	2	2	93	93	2.7129656724531104E-5	1	1	43	6	9	5	-CG
G2_BC74_consensus_vsearch	3126	G	*/+A	41	8	14.81%	2	1	93	93	0.0028657828090729804	1	1	35	6	8	0	+A
G2_BC74_consensus_vsearch	3131	G	*/-C	57	7	9.72%	2	1	93	93	0.006571922412136342	1	1	44	13	7	0	-C
G2_BC74_consensus_vsearch	3185	C	*/-TTG	60	7	9.59%	2	1	93	93	0.00662566455193586	1	1	47	13	7	0	-TTG
G2_BC74_consensus_vsearch	3203	T	*/+C	57	9	12.68%	2	1	93	93	0.0014589364417500951	1	1	49	8	9	0	+C
G2_BC74_consensus_vsearch	3207	A	*/-GA	54	15	20.83%	2	1	93	93	1.3015653576034869E-5	1	1	42	12	15	0	-GA
G2_BC74_consensus_vsearch	3210	A	*/-G	53	16	23.19%	2	1	93	93	5.714189374844433E-6	1	1	40	13	16	0	-G
G2_BC74_consensus_vsearch	3238	T	*/-A	45	19	26.03%	2	2	93	93	3.9716402413376E-7	1	1	33	12	18	1	-A
G2_BC74_consensus_vsearch	3238	T	*/-AA	45	7	9.59%	2	1	93	93	0.006297717150355746	1	1	33	12	7	0	-A
G2_BC74_consensus_vsearch	3267	T	*/+A	57	8	11.11%	2	1	93	93	0.0031076532336463927	1	1	44	13	8	0	+A
G2_BC74_consensus_vsearch	3267	T	*/-A	57	7	9.72%	2	1	93	93	0.006571922412136342	1	1	44	13	7	0	+A
G2_BC74_consensus_vsearch	3304	C	*/-A	63	9	12.33%	2	1	93	93	0.0014971715747452005	1	1	50	13	9	0	-A
G2_BC74_consensus_vsearch	3351	G	*/-A	56	10	13.7%	2	1	93	93	6.760924973963187E-4	1	1	43	13	10	0	-A
G2_BC74_consensus_vsearch	3401	T	*/-C	54	16	21.92%	2	2	93	93	5.805543321684821E-6	1	1	48	6	12	4	-C
G2_BC74_consensus_vsearch	3483	T	*/+C	6	51	71.83%	2	2	93	93	4.3873883688114194E-26	1	1	4	2	40	11	+C
G2_BC74_consensus_vsearch	3483	T	*/+CC	6	10	14.08%	2	1	93	93	1.2413148264577633E-4	1	1	4	2	10	0	+C
G2_BC74_consensus_vsearch	3490	T	*/+C	27	11	15.28%	1	2	93	93	2.1010801339792546E-4	1	1	27	0	8	3	+C
G2_BC74_consensus_vsearch	3490	T	*/+CC	27	33	45.83%	1	2	93	93	2.4077911452343226E-13	1	1	27	0	23	10	+CC
G2_BC74_consensus_vsearch	3500	C	*/-A	44	20	27.4%	2	2	93	93	1.6396679895431217E-7	1	1	41	3	13	7	-A
G2_BC74_consensus_vsearch	3608	T	*/-C	53	16	21.92%	2	2	93	93	5.714189374844433E-6	1	1	41	12	15	1	-C
G2_BC74_consensus_vsearch	3662	A	*/-G	66	7	9.59%	2	1	93	93	0.006720315634474235	1	1	53	13	7	0	-G
G2_BC74_consensus_vsearch	3664	T	*/+A	29	37	50.68%	2	2	93	93	5.687172528896248E-15	1	1	28	1	26	11	+A
G2_BC74_consensus_vsearch	3666	G	*/+T	6	20	28.57%	2	1	93	93	1.8273001305535603E-9	1	1	5	1	20	0	+T
G2_BC74_consensus_vsearch	3683	C	*/-A	65	8	10.96%	2	1	93	93	0.0031909412365132518	1	1	52	13	8	0	-A
G2_BC74_consensus_vsearch	3685	A	*/-G	58	13	17.81%	2	1	93	93	6.67765773074154E-5	1	1	45	13	13	0	-G
G2_BC74_consensus_vsearch	3750	T	*/-C	65	8	10.96%	2	1	93	93	0.0031909412365132518	1	1	52	13	8	0	-C
G2_BC74_consensus_vsearch	3879	C	*/+A	58	10	13.7%	2	1	93	93	6.840143631919109E-4	1	1	46	12	10	0	+A
G2_BC74_consensus_vsearch	3900	C	*/-A	7	25	34.25%	2	1	93	93	8.392848624208075E-12	1	1	2	5	25	0	-A
G2_BC74_consensus_vsearch	3900	C	*/-AA	7	11	15.07%	2	2	93	93	5.296890725144438E-5	1	1	2	5	6	5	-A
G2_BC74_consensus_vsearch	3900	C	*/-AAA	7	21	28.77%	2	2	93	93	8.791727043229548E-10	1	1	2	5	20	1	-AAA
G2_BC74_consensus_vsearch	3914	C	+GGC/+GGC	6	66	90.41%	2	2	93	93	1.7352340188146592E-34	1	1	4	2	55	11	+GGC
G2_BC74_consensus_vsearch	3920	C	*/+A	59	14	19.18%	2	1	93	93	3.067585608628301E-5	1	1	46	13	14	0	+A
G2_BC74_consensus_vsearch	3921	G	*/-A	57	14	19.18%	2	1	93	93	3.0023577394031676E-5	1	1	44	13	14	0	-A
G2_BC74_consensus_vsearch	3929	T	*/+C	66	7	9.59%	2	1	93	93	0.006720315634474235	1	1	53	13	7	0	+C
G2_BC74_consensus_vsearch	3961	T	*/-A	50	16	22.54%	2	1	93	93	5.430736168431778E-6	1	1	38	12	16	0	-A
G2_BC74_consensus_vsearch	3979	G	*/-T	61	8	11.27%	2	2	93	93	0.0031515798467028244	1	1	49	12	7	1	-T
G2_BC74_consensus_vsearch	4047	T	*/+G	31	35	49.3%	2	2	93	93	5.694510816030359E-14	1	1	28	3	26	9	+G
G2_BC74_consensus_vsearch	4090	T	*/-C	49	21	28.77%	2	2	93	93	8.154602199935728E-8	1	1	38	11	20	1	-C
G2_BC74_consensus_vsearch	4096	T	*/+A	62	7	9.86%	2	1	93	93	0.006658983224485051	1	1	50	12	7	0	+A
G2_BC74_consensus_vsearch	4140	T	*/-C	51	17	23.29%	2	2	93	93	2.435891603033169E-6	1	1	41	10	15	2	-C
G2_BC74_consensus_vsearch	4155	T	-G/-G	2	68	94.44%	1	2	93	93	2.724337648855563E-38	1	1	2	0	56	12	-G
G2_BC74_consensus_vsearch	4162	A	*/+T	41	28	39.44%	2	2	93	93	1.1744338573955294E-10	1	1	39	2	20	8	+T
G2_BC74_consensus_vsearch	4164	T	*/-G	60	11	15.07%	2	1	93	93	3.212443817924481E-4	1	1	48	12	11	0	-G
G2_BC74_consensus_vsearch	4168	C	*/-GC	62	9	12.5%	2	2	93	93	0.0014912126829053666	1	1	50	12	8	1	-GC
G2_BC74_consensus_vsearch	4181	C	*/+G	58	8	11.59%	2	1	93	93	0.0031191054961551223	1	1	46	12	8	0	+G
G2_BC74_consensus_vsearch	4209	T	*/-C	56	13	18.31%	2	2	93	93	6.550085403523593E-5	1	1	49	7	10	3	-C
G2_BC74_consensus_vsearch	4217	C	+G/+G	5	60	82.19%	2	2	93	93	1.2730952198070656E-31	1	1	1	4	53	7	+G
G2_BC74_consensus_vsearch	4221	T	-C/-C	2	71	97.26%	1	2	93	93	4.719148416414265E-40	1	1	2	0	58	13	-C
G2_BC74_consensus_vsearch	4224	G	+A/+A	2	71	97.26%	1	2	93	93	4.719148416414265E-40	1	1	2	0	58	13	+A
G2_BC74_consensus_vsearch	4225	A	*/+C	21	44	60.27%	1	2	93	93	6.04775982083935E-19	1	1	21	0	31	13	+C
G2_BC74_consensus_vsearch	4225	A	*/+CC	21	8	10.96%	1	1	93	93	0.0022392273691999903	1	1	21	0	8	0	+C
G2_BC74_consensus_vsearch	4232	T	*/-C	57	10	13.7%	2	2	93	93	6.80105709687899E-4	1	1	50	7	5	5	-C
G2_BC74_consensus_vsearch	4289	G	*/+A	59	9	12.68%	2	1	93	93	0.0014723699004299496	1	1	47	12	9	0	+A
G2_BC74_consensus_vsearch	4290	G	*/+A	61	8	11.11%	2	1	93	93	0.0031515798467028244	1	1	48	13	8	0	+A
G2_BC74_consensus_vsearch	4337	C	*/-TT	62	7	10.14%	2	1	93	93	0.006658983224485051	1	1	49	13	7	0	-TT
G2_BC74_consensus_vsearch	4358	A	*/-G	53	16	21.92%	2	2	93	93	5.714189374844433E-6	1	1	44	9	12	4	-G
G2_BC74_consensus_vsearch	4368	G	*/-T	57	11	15.07%	2	1	93	93	3.148637544852044E-4	1	1	44	13	11	0	-T
G2_BC74_consensus_vsearch	4373	A	*/-C	45	21	29.17%	2	2	93	93	7.174052805897818E-8	1	1	35	10	19	2	-C
G2_BC74_consensus_vsearch	4395	T	*/+A	59	11	15.07%	2	1	93	93	3.191694034015893E-4	1	1	47	12	11	0	+A
G2_BC74_consensus_vsearch	4402	A	*/+C	12	32	45.71%	2	2	93	93	2.127295627619145E-14	1	1	7	5	28	4	+C
G2_BC74_consensus_vsearch	4402	A	*/-C	12	22	31.43%	2	2	93	93	1.3675380780947993E-9	1	1	7	5	21	1	+C
G2_BC74_consensus_vsearch	4407	T	*/-C	64	8	11.11%	2	1	93	93	0.003181489596333542	1	1	51	13	8	0	-C
G2_BC74_consensus_vsearch	4419	G	*/+T	29	30	41.1%	2	2	93	93	6.210440609086713E-12	1	1	28	1	24	6	+T
G2_BC74_consensus_vsearch	4456	T	*/-C	53	18	24.66%	2	1	93	93	1.1116997850034348E-6	1	1	40	13	18	0	-C
