Chrom	Position	Ref	Cons	Reads1	Reads2	VarFreq	Strands1	Strands2	Qual1	Qual2	Pvalue	MapQual1	MapQual2	Reads1Plus	Reads1Minus	Reads2Plus	Reads2Minus	VarAllele
G5_BC77_consensus_vsearch	20	A	R	69	9	11.25%	2	2	93	93	0.001529943603649897	1	1	54	15	6	3	G
G5_BC77_consensus_vsearch	104	C	Y	73	8	9.76%	2	1	93	93	0.003258539328248754	1	1	61	12	0	8	T
G5_BC77_consensus_vsearch	149	A	R	73	8	9.76%	2	1	93	93	0.003258539328248754	1	1	53	20	8	0	G
G5_BC77_consensus_vsearch	410	T	K	74	7	8.64%	2	1	93	93	0.0068253188632208485	1	1	54	20	7	0	G
G5_BC77_consensus_vsearch	528	G	R	71	11	13.41%	2	1	93	93	3.411457794054609E-4	1	1	51	20	11	0	A
G5_BC77_consensus_vsearch	568	A	R	70	9	10.98%	2	1	93	93	0.0015349552478475465	1	1	52	18	9	0	G
G5_BC77_consensus_vsearch	615	A	R	65	7	9.09%	2	1	93	93	0.006705601149195077	1	1	50	15	7	0	G
G5_BC77_consensus_vsearch	650	A	W	69	10	12.35%	2	1	93	93	7.211199150960067E-4	1	1	49	20	10	0	T
G5_BC77_consensus_vsearch	651	C	Y	70	11	13.58%	2	2	93	93	3.39532172777731E-4	1	1	51	19	10	1	T
G5_BC77_consensus_vsearch	726	G	R	72	10	12.2%	2	1	93	93	7.296729170616423E-4	1	1	52	20	10	0	A
G5_BC77_consensus_vsearch	765	G	R	67	7	8.75%	2	1	93	93	0.006734644665677596	1	1	49	18	7	0	A
G5_BC77_consensus_vsearch	833	A	R	72	7	8.64%	2	1	93	93	0.006801004765989798	1	1	52	20	7	0	G
G5_BC77_consensus_vsearch	982	C	S	54	19	24.05%	2	1	93	93	4.964940061430406E-7	1	1	34	20	19	0	G
G5_BC77_consensus_vsearch	1212	A	R	68	8	10.13%	2	2	93	93	0.0032178770069028195	1	1	49	19	7	1	G
G5_BC77_consensus_vsearch	1311	G	R	69	8	10.13%	2	1	93	93	0.0032264116811655053	1	1	52	17	8	0	A
G5_BC77_consensus_vsearch	1401	A	R	63	13	16.25%	2	2	93	93	6.973589833777482E-5	1	1	44	19	12	1	G
G5_BC77_consensus_vsearch	1527	A	R	74	7	8.64%	2	2	93	93	0.0068253188632208485	1	1	55	19	6	1	G
G5_BC77_consensus_vsearch	1572	C	Y	74	8	9.76%	2	2	93	93	0.003266103505100527	1	1	55	19	7	1	T
G5_BC77_consensus_vsearch	1592	C	Y	72	7	8.54%	2	1	93	93	0.006801004765989798	1	1	60	12	0	7	T
G5_BC77_consensus_vsearch	1620	A	M	55	17	23.29%	2	1	93	93	2.6178774869359403E-6	1	1	35	20	17	0	C
G5_BC77_consensus_vsearch	1640	A	R	63	11	13.75%	2	1	93	93	3.2717922567031043E-4	1	1	43	20	11	0	G
G5_BC77_consensus_vsearch	1819	T	K	48	17	25.37%	2	1	93	93	2.292268041318926E-6	1	1	28	20	17	0	G
G5_BC77_consensus_vsearch	1832	A	R	74	7	8.54%	2	1	93	93	0.0068253188632208485	1	1	55	19	7	0	G
G5_BC77_consensus_vsearch	1836	A	R	62	16	20.51%	2	1	93	93	6.483982957402572E-6	1	1	42	20	16	0	G
G5_BC77_consensus_vsearch	1889	T	Y	48	30	38.46%	2	2	93	93	2.8964488583356796E-11	1	1	37	11	22	8	C
G5_BC77_consensus_vsearch	2009	A	R	73	9	10.98%	2	1	93	93	0.0015493055088298398	1	1	53	20	9	0	G
G5_BC77_consensus_vsearch	2132	G	R	64	17	20.73%	2	1	93	93	2.9900791891402993E-6	1	1	44	20	17	0	A
G5_BC77_consensus_vsearch	2142	G	R	45	34	43.04%	2	2	93	93	6.077886497272535E-13	1	1	37	8	25	9	A
G5_BC77_consensus_vsearch	2225	A	M	64	11	14.67%	2	1	93	93	3.2906627028144115E-4	1	1	47	17	11	0	C
G5_BC77_consensus_vsearch	2238	C	Y	72	7	8.64%	2	1	93	93	0.006801004765989798	1	1	62	10	0	7	T
G5_BC77_consensus_vsearch	2248	G	R	58	19	23.75%	2	1	93	93	5.378323824364045E-7	1	1	39	19	19	0	A
G5_BC77_consensus_vsearch	2406	G	R	71	10	12.35%	2	1	93	93	7.268857783408055E-4	1	1	51	20	10	0	A
G5_BC77_consensus_vsearch	2727	G	R	72	7	8.54%	2	1	93	93	0.006801004765989798	1	1	52	20	7	0	A
G5_BC77_consensus_vsearch	2832	A	R	43	35	44.3%	2	2	93	93	2.0307702688198779E-13	1	1	34	9	26	9	G
G5_BC77_consensus_vsearch	2883	G	R	68	13	16.05%	2	2	93	93	7.240354942675913E-5	1	1	49	19	12	1	A
G5_BC77_consensus_vsearch	2919	G	R	72	7	8.64%	2	1	93	93	0.006801004765989798	1	1	55	17	7	0	A
G5_BC77_consensus_vsearch	2999	T	K	69	11	13.58%	2	1	93	93	3.378832306582041E-4	1	1	49	20	11	0	G
G5_BC77_consensus_vsearch	3039	C	Y	65	11	13.41%	2	2	93	93	3.30910248362529E-4	1	1	47	18	10	1	T
G5_BC77_consensus_vsearch	3068	G	R	60	11	13.92%	2	1	93	93	3.212443817924481E-4	1	1	41	19	11	0	A
G5_BC77_consensus_vsearch	3083	G	R	54	28	34.15%	2	2	93	93	2.2921735016966554E-10	1	1	36	18	26	2	A
G5_BC77_consensus_vsearch	3090	G	R	72	9	11.11%	2	1	93	93	0.0015446322789749098	1	1	52	20	9	0	A
G5_BC77_consensus_vsearch	3095	C	Y	71	7	8.64%	2	2	93	93	0.006788393631324507	1	1	54	17	4	3	T
G5_BC77_consensus_vsearch	3102	G	R	69	9	11.54%	2	1	93	93	0.001529943603649897	1	1	50	19	9	0	A
G5_BC77_consensus_vsearch	3281	G	R	67	13	15.85%	2	1	93	93	7.189135308580363E-5	1	1	48	19	13	0	A
G5_BC77_consensus_vsearch	3285	G	K	73	8	9.88%	2	1	93	93	0.003258539328248754	1	1	53	20	8	0	T
G5_BC77_consensus_vsearch	3384	A	W	68	8	9.88%	2	1	93	93	0.0032178770069028195	1	1	49	19	8	0	T
G5_BC77_consensus_vsearch	3428	A	R	67	14	17.28%	2	1	93	93	3.304323061086959E-5	1	1	47	20	14	0	G
G5_BC77_consensus_vsearch	3447	G	R	59	18	23.08%	2	1	93	93	1.2397492205316574E-6	1	1	39	20	18	0	A
G5_BC77_consensus_vsearch	3525	A	R	65	10	12.66%	2	1	93	93	7.087581206061954E-4	1	1	46	19	10	0	G
G5_BC77_consensus_vsearch	3550	G	R	74	7	8.64%	2	2	93	93	0.0068253188632208485	1	1	55	19	6	1	A
G5_BC77_consensus_vsearch	3559	C	S	25	13	15.85%	2	2	93	93	3.545572726089975E-5	1	1	24	1	8	5	+G
G5_BC77_consensus_vsearch	3739	C	M	20	55	69.62%	2	2	93	93	1.843712131784564E-24	1	1	18	2	37	18	A
G5_BC77_consensus_vsearch	3740	C	M	66	11	13.75%	2	2	93	93	3.3271259176314476E-4	1	1	48	18	10	1	A
G5_BC77_consensus_vsearch	3781	A	R	71	10	12.35%	2	1	93	93	7.268857783408055E-4	1	1	51	20	10	0	G
G5_BC77_consensus_vsearch	3802	A	R	73	7	8.54%	2	1	93	93	0.006813309504518076	1	1	53	20	7	0	G
G5_BC77_consensus_vsearch	3851	C	S	69	9	11.25%	2	1	93	93	0.001529943603649897	1	1	50	19	9	0	G
G5_BC77_consensus_vsearch	3906	T	Y	75	7	8.54%	2	1	93	93	0.00683704333734377	1	1	62	13	0	7	C
G5_BC77_consensus_vsearch	4052	C	Y	71	8	9.76%	2	2	93	93	0.0032428631996773124	1	1	59	12	1	7	T
G5_BC77_consensus_vsearch	4059	C	Y	63	16	19.51%	2	2	93	93	6.562648204081033E-6	1	1	58	5	1	15	T
G5_BC77_consensus_vsearch	4136	A	R	70	8	9.76%	2	1	93	93	0.0032347379048596157	1	1	50	20	8	0	G
G5_BC77_consensus_vsearch	4183	A	R	67	13	16.05%	2	1	93	93	7.189135308580363E-5	1	1	48	19	13	0	G
