Chrom	Position	Ref	Cons	Reads1	Reads2	VarFreq	Strands1	Strands2	Qual1	Qual2	Pvalue	MapQual1	MapQual2	Reads1Plus	Reads1Minus	Reads2Plus	Reads2Minus	VarAllele
H2_BC86_consensus_vsearch	1	A	A	101	0	0%	2	0	93	0	1.0	1	0	97	4	0	0	
H2_BC86_consensus_vsearch	2	T	T	105	0	0%	2	0	93	0	1.0	1	0	100	5	0	0	
H2_BC86_consensus_vsearch	3	G	*/-T	82	31	26.72%	2	1	93	93	4.2743486847241114E-11	1	1	66	16	31	0	-T
H2_BC86_consensus_vsearch	4	T	T	101	0	0%	2	0	93	0	1.0	1	0	70	31	0	0	
H2_BC86_consensus_vsearch	5	T	T	139	0	0%	2	0	93	0	1.0	1	0	102	37	0	0	
H2_BC86_consensus_vsearch	6	T	T	149	0	0%	2	0	93	0	1.0	1	0	102	47	0	0	
H2_BC86_consensus_vsearch	7	T	T	157	0	0%	2	0	93	0	1.0	1	0	102	55	0	0	
H2_BC86_consensus_vsearch	8	A	A	166	1	0.6%	2	1	93	93	0.4999999999999138	1	1	104	62	0	1	G
H2_BC86_consensus_vsearch	9	A	A	172	0	0%	2	0	93	0	1.0	1	0	104	68	0	0	
H2_BC86_consensus_vsearch	10	T	T	176	0	0%	2	0	93	0	1.0	1	0	104	72	0	0	
H2_BC86_consensus_vsearch	11	T	T	175	2	1.12%	2	2	93	93	0.2492917847025028	1	1	102	73	1	1	-A
H2_BC86_consensus_vsearch	12	A	A	175	2	1.12%	2	2	93	93	0.2492917847025028	1	1	101	74	1	1	-G
H2_BC86_consensus_vsearch	13	G	G	183	0	0%	2	0	93	0	1.0	1	0	103	80	0	0	
H2_BC86_consensus_vsearch	14	A	A	183	2	1.08%	2	2	93	93	0.2493224932250014	1	1	103	80	1	1	+T
H2_BC86_consensus_vsearch	15	C	C	180	2	1.08%	2	1	93	93	0.24931129476584768	1	1	100	80	2	0	+G
H2_BC86_consensus_vsearch	16	A	A	182	2	1.08%	2	1	93	93	0.2493188010900035	1	1	101	81	2	0	-G
H2_BC86_consensus_vsearch	17	G	G	179	2	1.09%	2	1	93	93	0.24930747922443972	1	1	99	80	2	0	A
H2_BC86_consensus_vsearch	18	T	T	181	4	2.16%	2	1	93	93	0.06148512438803467	1	1	100	81	4	0	+C
H2_BC86_consensus_vsearch	19	C	C	183	2	1.08%	2	2	93	93	0.2493224932250014	1	1	102	81	1	1	-A
H2_BC86_consensus_vsearch	20	A	R	172	8	4.35%	2	2	93	93	0.0036079487687097848	1	1	96	76	7	1	G
H2_BC86_consensus_vsearch	21	G	G	183	2	1.08%	2	1	93	93	0.2493224932250014	1	1	101	82	2	0	A
H2_BC86_consensus_vsearch	22	A	A	184	1	0.54%	2	1	93	93	0.4999999999999138	1	1	102	82	1	0	G
H2_BC86_consensus_vsearch	23	T	T	185	1	0.54%	2	1	93	93	0.5000000000001412	1	1	104	81	0	1	C
H2_BC86_consensus_vsearch	24	T	*/-C	152	27	14.44%	2	2	93	93	2.5814226478010834E-9	1	1	96	56	4	23	-C
H2_BC86_consensus_vsearch	25	C	C	153	2	1.29%	2	1	93	93	0.24919093851123897	1	1	99	54	0	2	T
H2_BC86_consensus_vsearch	26	C	C	181	1	0.55%	2	1	93	93	0.4999999999999138	1	1	103	78	0	1	T
H2_BC86_consensus_vsearch	27	C	C	180	4	2.15%	2	1	93	93	0.06147960135865969	1	1	103	77	0	4	+T
H2_BC86_consensus_vsearch	28	C	C	176	4	2.14%	2	2	93	93	0.061456894735582995	1	1	97	79	3	1	-A
H2_BC86_consensus_vsearch	29	A	A	180	1	0.55%	2	1	93	93	0.5000000000001412	1	1	99	81	1	0	+G
H2_BC86_consensus_vsearch	30	A	A	182	1	0.54%	2	1	93	93	0.4999999999999138	1	1	103	79	1	0	-G
H2_BC86_consensus_vsearch	31	G	G	183	1	0.54%	2	1	93	93	0.4999999999999138	1	1	101	82	1	0	+AAG
H2_BC86_consensus_vsearch	32	T	*/+C	174	8	4.3%	2	1	93	93	0.003611166483247444	1	1	92	82	8	0	+C
H2_BC86_consensus_vsearch	33	C	C	184	0	0%	2	0	93	0	1.0	1	0	102	82	0	0	
H2_BC86_consensus_vsearch	34	C	C	177	4	2.14%	2	2	93	93	0.061462665606988216	1	1	97	80	3	1	+A
H2_BC86_consensus_vsearch	35	G	G	181	4	2.15%	2	1	93	93	0.06148512438803467	1	1	99	82	4	0	T
H2_BC86_consensus_vsearch	36	T	T	183	2	1.06%	2	1	93	93	0.2493224932250014	1	1	104	79	0	2	C
H2_BC86_consensus_vsearch	37	G	R	174	7	3.74%	2	1	93	93	0.007364345131566664	1	1	94	80	7	0	A
H2_BC86_consensus_vsearch	38	C	C	177	2	1.1%	2	1	93	93	0.24929971988807545	1	1	101	76	0	2	+TA
H2_BC86_consensus_vsearch	39	C	C	181	6	3.19%	2	1	93	93	0.015001725210740429	1	1	104	77	0	6	T
H2_BC86_consensus_vsearch	40	A	A	182	4	2.14%	2	2	93	93	0.061490587951709585	1	1	103	79	1	3	T
H2_BC86_consensus_vsearch	41	G	G	184	3	1.6%	2	2	93	93	0.12399463806966378	1	1	102	82	1	2	-T
H2_BC86_consensus_vsearch	42	T	T	181	3	1.62%	2	2	93	93	0.12397820163492167	1	1	102	79	1	2	C
H2_BC86_consensus_vsearch	43	T	T	186	1	0.53%	2	1	93	93	0.4999999999999138	1	1	104	82	0	1	+C
H2_BC86_consensus_vsearch	44	C	C	182	4	2.13%	2	1	93	93	0.061490587951709585	1	1	104	78	0	4	+T
H2_BC86_consensus_vsearch	45	T	*/+G	166	17	9.14%	2	2	93	93	5.169300695732747E-6	1	1	93	73	8	9	+G
H2_BC86_consensus_vsearch	46	G	G	186	1	0.53%	2	1	93	93	0.4999999999999138	1	1	103	83	1	0	C
H2_BC86_consensus_vsearch	47	A	R	179	7	3.72%	2	1	93	93	0.007376258791632204	1	1	96	83	7	0	G
H2_BC86_consensus_vsearch	48	G	G	183	1	0.53%	2	1	93	93	0.4999999999999138	1	1	103	80	0	1	+AG
H2_BC86_consensus_vsearch	49	T	Y	177	10	5.35%	2	2	93	93	8.631325337656354E-4	1	1	103	74	1	9	C
H2_BC86_consensus_vsearch	50	T	T	185	1	0.53%	2	1	93	93	0.5000000000001412	1	1	103	82	1	0	-G
H2_BC86_consensus_vsearch	51	G	G	184	2	1.08%	2	1	93	93	0.24932614555250343	1	1	101	83	2	0	+TG
H2_BC86_consensus_vsearch	52	G	G	184	2	1.07%	2	1	93	93	0.24932614555250343	1	1	103	81	0	2	A
H2_BC86_consensus_vsearch	53	C	C	184	2	1.07%	2	1	93	93	0.24932614555250343	1	1	102	82	0	2	T
H2_BC86_consensus_vsearch	54	T	T	186	1	0.53%	2	1	93	93	0.4999999999999138	1	1	103	83	1	0	+A
H2_BC86_consensus_vsearch	55	G	G	185	1	0.53%	2	1	93	93	0.5000000000001412	1	1	102	83	0	1	+T
H2_BC86_consensus_vsearch	56	C	C	179	4	2.13%	2	1	93	93	0.061474017887485174	1	1	98	81	4	0	+G
H2_BC86_consensus_vsearch	57	A	A	177	5	2.67%	2	1	93	93	0.03039269552742511	1	1	98	79	5	0	-G
H2_BC86_consensus_vsearch	58	G	G	178	1	0.56%	2	1	93	93	0.4999999999999138	1	1	98	80	0	1	+TG
H2_BC86_consensus_vsearch	59	A	A	181	1	0.54%	2	1	93	93	0.4999999999999138	1	1	102	79	1	0	+C
H2_BC86_consensus_vsearch	60	C	C	185	1	0.53%	2	1	93	93	0.5000000000001412	1	1	103	82	0	1	+A
H2_BC86_consensus_vsearch	61	A	A	186	1	0.53%	2	1	93	93	0.4999999999999138	1	1	103	83	1	0	G
H2_BC86_consensus_vsearch	62	A	A	186	1	0.53%	2	1	93	93	0.4999999999999138	1	1	103	83	1	0	C
H2_BC86_consensus_vsearch	63	T	T	186	1	0.53%	2	1	93	93	0.4999999999999138	1	1	103	83	1	0	C
H2_BC86_consensus_vsearch	64	G	G	183	3	1.6%	2	1	93	93	0.12398921832883274	1	1	99	84	3	0	A
H2_BC86_consensus_vsearch	65	C	C	178	5	2.66%	2	2	93	93	0.0303973734857873	1	1	99	79	1	4	-TGC
H2_BC86_consensus_vsearch	66	T	T	175	6	3.28%	2	2	93	93	0.01498118209621473	1	1	100	75	2	4	C
H2_BC86_consensus_vsearch	67	G	G	182	1	0.55%	2	1	93	93	0.4999999999999138	1	1	102	80	1	0	A
H2_BC86_consensus_vsearch	68	C	C	182	2	1.09%	2	1	93	93	0.2493188010900035	1	1	101	81	2	0	G
H2_BC86_consensus_vsearch	69	C	C	184	4	2.12%	2	1	93	93	0.06150134048256699	1	1	103	81	0	4	T
H2_BC86_consensus_vsearch	70	A	A	188	1	0.53%	2	1	93	93	0.5000000000001412	1	1	103	85	0	1	G
H2_BC86_consensus_vsearch	71	A	A	181	6	3.17%	2	1	93	93	0.015001725210740429	1	1	96	85	6	0	G
H2_BC86_consensus_vsearch	72	C	C	183	2	1.06%	2	1	93	93	0.2493224932250014	1	1	98	85	2	0	+A
H2_BC86_consensus_vsearch	73	G	G	186	2	1.06%	2	1	93	93	0.24933333333336263	1	1	100	86	2	0	A
H2_BC86_consensus_vsearch	74	C	C	183	3	1.58%	2	1	93	93	0.12398921832883274	1	1	98	85	3	0	-T
H2_BC86_consensus_vsearch	75	T	T	183	1	0.53%	2	1	93	93	0.4999999999999138	1	1	97	86	1	0	+G
H2_BC86_consensus_vsearch	76	G	G	184	2	1.06%	2	1	93	93	0.24932614555250343	1	1	98	86	2	0	A
H2_BC86_consensus_vsearch	77	G	G	183	5	2.62%	2	1	93	93	0.030420017873106126	1	1	96	87	5	0	+A
H2_BC86_consensus_vsearch	78	G	G	188	1	0.52%	2	1	93	93	0.5000000000001412	1	1	101	87	1	0	+A
H2_BC86_consensus_vsearch	79	T	T	179	5	2.62%	2	2	93	93	0.03040200067187797	1	1	98	81	2	3	-A
H2_BC86_consensus_vsearch	80	A	A	184	2	1.08%	2	2	93	93	0.24932614555250343	1	1	101	83	1	1	G
H2_BC86_consensus_vsearch	81	A	A	183	3	1.57%	2	2	93	93	0.12398921832883274	1	1	101	82	1	2	C
H2_BC86_consensus_vsearch	82	T	T	179	6	3.16%	2	2	93	93	0.014995024721629802	1	1	96	83	4	2	-A
H2_BC86_consensus_vsearch	83	A	A	180	3	1.62%	2	2	93	93	0.12397260273979696	1	1	97	83	2	1	C
H2_BC86_consensus_vsearch	84	G	*/-A	173	11	5.79%	2	1	93	93	4.186451412907242E-4	1	1	86	87	11	0	-A
H2_BC86_consensus_vsearch	85	A	*/-G	170	7	3.91%	2	1	93	93	0.007354335343249384	1	1	83	87	7	0	-G
H2_BC86_consensus_vsearch	86	G	G	179	2	1.09%	2	1	93	93	0.24930747922443972	1	1	92	87	2	0	A
H2_BC86_consensus_vsearch	87	G	G	186	3	1.57%	2	1	93	93	0.1240053050397967	1	1	100	86	3	0	C
H2_BC86_consensus_vsearch	88	C	*/-A	170	9	4.74%	2	1	93	93	0.001761941721127389	1	1	102	68	0	9	-A
H2_BC86_consensus_vsearch	89	A	A	177	2	1.1%	2	1	93	93	0.24929971988807545	1	1	100	77	2	0	+G
H2_BC86_consensus_vsearch	90	A	A	178	4	2.11%	2	1	93	93	0.06146837297681004	1	1	96	82	4	0	G
H2_BC86_consensus_vsearch	91	C	Y	170	7	3.74%	2	2	93	93	0.007354335343249384	1	1	98	72	3	4	T
H2_BC86_consensus_vsearch	92	A	A	178	2	1.09%	2	1	93	93	0.24930362117001986	1	1	103	75	0	2	G
H2_BC86_consensus_vsearch	93	A	A	184	2	1.05%	2	2	93	93	0.24932614555250343	1	1	102	82	1	1	-G
H2_BC86_consensus_vsearch	94	G	G	182	4	2.13%	2	1	93	93	0.061490587951709585	1	1	98	84	4	0	A
H2_BC86_consensus_vsearch	95	C	C	184	4	2.11%	2	2	93	93	0.06150134048256699	1	1	101	83	2	2	+T
H2_BC86_consensus_vsearch	96	A	A	185	2	1.05%	2	1	93	93	0.24932975871318122	1	1	100	85	2	0	-CA
H2_BC86_consensus_vsearch	97	C	C	187	1	0.53%	2	1	93	93	0.4999999999999138	1	1	100	87	1	0	-A
H2_BC86_consensus_vsearch	98	A	A	181	4	2.13%	2	2	93	93	0.06148512438803467	1	1	96	85	3	1	G
H2_BC86_consensus_vsearch	99	G	G	191	0	0%	2	0	93	0	1.0	1	0	104	87	0	0	
H2_BC86_consensus_vsearch	100	C	C	189	1	0.52%	2	1	93	93	0.5000000000001412	1	1	102	87	1	0	+A
H2_BC86_consensus_vsearch	101	A	A	179	4	2.11%	2	1	93	93	0.061474017887485174	1	1	93	86	4	0	+C
H2_BC86_consensus_vsearch	102	C	C	181	4	2.15%	2	1	93	93	0.06148512438803467	1	1	99	82	0	4	+T
H2_BC86_consensus_vsearch	103	C	C	186	2	1.05%	2	2	93	93	0.24933333333336263	1	1	102	84	1	1	A
H2_BC86_consensus_vsearch	104	C	Y	176	10	5.26%	2	1	93	93	8.625446222228462E-4	1	1	103	73	0	10	T
H2_BC86_consensus_vsearch	105	G	G	184	4	2.11%	2	2	93	93	0.06150134048256699	1	1	98	86	3	1	-C
H2_BC86_consensus_vsearch	106	C	C	185	1	0.53%	2	1	93	93	0.5000000000001412	1	1	100	85	1	0	+GC
H2_BC86_consensus_vsearch	107	C	C	183	2	1.05%	2	1	93	93	0.2493224932250014	1	1	99	84	2	0	+A
H2_BC86_consensus_vsearch	108	G	G	180	2	1.06%	2	1	93	93	0.24931129476584768	1	1	97	83	2	0	+A
H2_BC86_consensus_vsearch	109	A	A	184	2	1.08%	2	1	93	93	0.24932614555250343	1	1	101	83	0	2	G
H2_BC86_consensus_vsearch	110	A	A	185	1	0.53%	2	1	93	93	0.5000000000001412	1	1	102	83	1	0	+C
H2_BC86_consensus_vsearch	111	G	G	182	5	2.63%	2	1	93	93	0.030415585729470396	1	1	98	84	5	0	A
H2_BC86_consensus_vsearch	112	C	C	183	3	1.57%	2	2	93	93	0.12398921832883274	1	1	99	84	1	2	+T
H2_BC86_consensus_vsearch	113	A	A	181	4	2.11%	2	2	93	93	0.06148512438803467	1	1	99	82	3	1	G
H2_BC86_consensus_vsearch	114	G	G	187	1	0.53%	2	1	93	93	0.4999999999999138	1	1	104	83	0	1	T
H2_BC86_consensus_vsearch	115	G	G	182	2	1.05%	2	1	93	93	0.2493188010900035	1	1	101	81	0	2	+T
H2_BC86_consensus_vsearch	116	C	Y	174	12	6.35%	2	1	93	93	2.0329023403729924E-4	1	1	100	74	0	12	T
H2_BC86_consensus_vsearch	117	C	Y	169	14	7.37%	2	1	93	93	4.7145165258180184E-5	1	1	104	65	0	14	T
H2_BC86_consensus_vsearch	118	G	R	180	7	3.68%	2	2	93	93	0.007378565932456183	1	1	101	79	1	6	A
H2_BC86_consensus_vsearch	119	C	Y	175	8	4.28%	2	1	93	93	0.0036127494603351348	1	1	100	75	0	8	T
H2_BC86_consensus_vsearch	120	G	G	184	1	0.54%	2	1	93	93	0.4999999999999138	1	1	100	84	0	1	+TG
H2_BC86_consensus_vsearch	121	A	A	184	2	1.06%	2	1	93	93	0.24932614555250343	1	1	99	85	2	0	+T
H2_BC86_consensus_vsearch	122	C	C	176	6	3.19%	2	2	93	93	0.014984699466163367	1	1	93	83	5	1	-A
H2_BC86_consensus_vsearch	123	A	A	181	2	1.09%	2	1	93	93	0.24931506849317653	1	1	96	85	2	0	T
H2_BC86_consensus_vsearch	124	A	A	187	2	1.04%	2	2	93	93	0.24933687002661706	1	1	100	87	1	1	G
H2_BC86_consensus_vsearch	125	G	G	187	2	1.05%	2	1	93	93	0.24933687002661706	1	1	99	88	2	0	A
H2_BC86_consensus_vsearch	126	C	C	182	5	2.62%	2	2	93	93	0.030415585729470396	1	1	97	85	4	1	-GC
H2_BC86_consensus_vsearch	127	G	G	174	4	2.15%	2	1	93	93	0.061445158201351026	1	1	87	87	4	0	-C
H2_BC86_consensus_vsearch	128	C	C	172	3	1.66%	2	1	93	93	0.12392550143270233	1	1	85	87	3	0	T
H2_BC86_consensus_vsearch	129	C	C	180	4	2.11%	2	1	93	93	0.06147960135865969	1	1	94	86	4	0	A
H2_BC86_consensus_vsearch	130	G	R	181	7	3.68%	2	2	93	93	0.007380848803681321	1	1	96	85	6	1	A
H2_BC86_consensus_vsearch	131	T	T	188	1	0.52%	2	1	93	93	0.5000000000001412	1	1	104	84	0	1	+C
H2_BC86_consensus_vsearch	132	C	C	189	1	0.53%	2	1	93	93	0.5000000000001412	1	1	103	86	1	0	-GT
H2_BC86_consensus_vsearch	133	G	G	190	0	0%	2	0	93	0	1.0	1	0	103	87	0	0	
H2_BC86_consensus_vsearch	134	T	T	190	0	0%	2	0	93	0	1.0	1	0	103	87	0	0	
H2_BC86_consensus_vsearch	135	T	*/-C	130	51	26.7%	2	2	93	93	7.277734012342095E-18	1	1	61	69	37	14	-C
H2_BC86_consensus_vsearch	136	C	C	139	0	0%	2	0	93	0	1.0	1	0	67	72	0	0	
H2_BC86_consensus_vsearch	137	C	C	189	1	0.53%	2	1	93	93	0.5000000000001412	1	1	104	85	0	1	+T
H2_BC86_consensus_vsearch	138	C	Y	176	11	5.79%	2	2	93	93	4.1971005075956745E-4	1	1	102	74	1	10	T
H2_BC86_consensus_vsearch	139	C	Y	176	12	6.28%	2	1	93	93	2.0369927796885998E-4	1	1	103	73	0	12	T
H2_BC86_consensus_vsearch	140	G	G	189	1	0.53%	2	1	93	93	0.5000000000001412	1	1	102	87	1	0	-A
H2_BC86_consensus_vsearch	141	A	A	190	1	0.52%	2	1	93	93	0.4999999999999138	1	1	102	88	1	0	+CG
H2_BC86_consensus_vsearch	142	T	T	190	2	1.04%	2	1	93	93	0.2493472584856949	1	1	104	86	0	2	C
H2_BC86_consensus_vsearch	143	C	C	191	1	0.52%	2	1	93	93	0.5000000000001412	1	1	103	88	1	0	-GGC
H2_BC86_consensus_vsearch	144	G	R	176	13	6.81%	2	2	93	93	9.860774066125673E-5	1	1	90	86	12	1	A
H2_BC86_consensus_vsearch	145	G	G	185	2	1.05%	2	1	93	93	0.24932975871318122	1	1	99	86	0	2	-C
H2_BC86_consensus_vsearch	146	C	C	185	1	0.53%	2	1	93	93	0.5000000000001412	1	1	100	85	1	0	A
H2_BC86_consensus_vsearch	147	A	R	164	19	9.95%	2	2	93	93	1.1657868627616437E-6	1	1	82	82	18	1	G
H2_BC86_consensus_vsearch	148	G	G	187	1	0.53%	2	1	93	93	0.4999999999999138	1	1	101	86	0	1	A
H2_BC86_consensus_vsearch	149	G	G	190	1	0.52%	2	1	93	93	0.4999999999999138	1	1	103	87	0	1	A
H2_BC86_consensus_vsearch	150	C	C	189	1	0.52%	2	1	93	93	0.5000000000001412	1	1	102	87	1	0	+G
H2_BC86_consensus_vsearch	151	A	A	185	2	1.05%	2	1	93	93	0.24932975871318122	1	1	100	85	2	0	G
H2_BC86_consensus_vsearch	152	T	T	188	1	0.53%	2	1	93	93	0.5000000000001412	1	1	104	84	0	1	+C
H2_BC86_consensus_vsearch	153	T	T	187	3	1.57%	2	1	93	93	0.12401055408976878	1	1	103	84	0	3	-C
H2_BC86_consensus_vsearch	154	C	C	186	2	1.06%	2	2	93	93	0.24933333333336263	1	1	102	84	1	1	-A
H2_BC86_consensus_vsearch	155	A	A	183	4	2.11%	2	1	93	93	0.061495993004889796	1	1	97	86	4	0	G
H2_BC86_consensus_vsearch	156	G	*/-C	163	15	7.89%	2	2	93	93	2.243773435844977E-5	1	1	90	73	7	8	-C
H2_BC86_consensus_vsearch	157	C	C	171	2	1.13%	2	1	93	93	0.24927536231888334	1	1	96	75	0	2	+T
H2_BC86_consensus_vsearch	158	C	C	188	1	0.52%	2	1	93	93	0.5000000000001412	1	1	102	86	1	0	+G
H2_BC86_consensus_vsearch	159	C	C	186	4	2.08%	2	2	93	93	0.061511866352189214	1	1	100	86	3	1	-T
H2_BC86_consensus_vsearch	160	T	T	178	3	1.6%	2	1	93	93	0.12396121883654573	1	1	93	85	3	0	G
H2_BC86_consensus_vsearch	161	C	C	182	6	3.16%	2	1	93	93	0.015005022293196836	1	1	96	86	6	0	+A
H2_BC86_consensus_vsearch	162	A	A	182	3	1.56%	2	1	93	93	0.12398373983732354	1	1	99	83	3	0	-G
H2_BC86_consensus_vsearch	163	G	G	184	2	1.06%	2	1	93	93	0.24932614555250343	1	1	98	86	2	0	-A
H2_BC86_consensus_vsearch	164	A	A	184	3	1.59%	2	1	93	93	0.12399463806966378	1	1	98	86	3	0	+G
H2_BC86_consensus_vsearch	165	G	G	187	2	1.05%	2	1	93	93	0.24933687002661706	1	1	101	86	2	0	A
H2_BC86_consensus_vsearch	166	C	C	187	2	1.05%	2	2	93	93	0.24933687002661706	1	1	101	86	1	1	T
H2_BC86_consensus_vsearch	167	C	C	186	4	2.08%	2	2	93	93	0.061511866352189214	1	1	101	85	1	3	T
H2_BC86_consensus_vsearch	168	A	*/-C	147	19	9.95%	2	2	93	93	1.1051092408668439E-6	1	1	83	64	4	15	-C
H2_BC86_consensus_vsearch	169	C	C	160	1	0.62%	2	1	93	93	0.4999999999999138	1	1	89	71	0	1	+T
H2_BC86_consensus_vsearch	170	C	C	177	3	1.66%	2	1	93	93	0.1239554317548523	1	1	93	84	0	3	+TC
H2_BC86_consensus_vsearch	171	C	C	191	1	0.52%	2	1	93	93	0.5000000000001412	1	1	103	88	1	0	+GC
H2_BC86_consensus_vsearch	172	C	*/-T	177	7	3.65%	2	1	93	93	0.007371570136883838	1	1	101	76	0	7	-T
H2_BC86_consensus_vsearch	173	T	T	175	5	2.76%	2	2	93	93	0.030383183914226543	1	1	100	75	3	2	C
H2_BC86_consensus_vsearch	174	T	Y	177	10	5.32%	2	2	93	93	8.631325337656354E-4	1	1	99	78	3	7	C
H2_BC86_consensus_vsearch	175	A	A	189	2	1.04%	2	1	93	93	0.24934383202100482	1	1	101	88	2	0	G
H2_BC86_consensus_vsearch	176	T	*/-C	154	32	16.75%	2	2	93	93	5.4138672125814555E-11	1	1	67	87	31	1	-C
H2_BC86_consensus_vsearch	177	C	C	158	1	0.63%	2	1	93	93	0.4999999999999138	1	1	71	87	1	0	G
H2_BC86_consensus_vsearch	178	C	C	191	0	0%	2	0	93	0	1.0	1	0	103	88	0	0	
H2_BC86_consensus_vsearch	179	C	C	189	1	0.52%	2	1	93	93	0.5000000000001412	1	1	102	87	1	0	+A
H2_BC86_consensus_vsearch	180	T	T	184	3	1.57%	2	1	93	93	0.12399463806966378	1	1	97	87	3	0	-A
H2_BC86_consensus_vsearch	181	A	A	183	4	2.13%	2	1	93	93	0.061495993004889796	1	1	95	88	4	0	G
H2_BC86_consensus_vsearch	182	G	G	190	0	0%	2	0	93	0	1.0	1	0	102	88	0	0	
H2_BC86_consensus_vsearch	183	G	G	191	1	0.52%	2	1	93	93	0.5000000000001412	1	1	103	88	1	0	T
H2_BC86_consensus_vsearch	184	T	T	191	1	0.52%	2	1	93	93	0.5000000000001412	1	1	103	88	1	0	G
H2_BC86_consensus_vsearch	185	T	T	191	1	0.52%	2	1	93	93	0.5000000000001412	1	1	103	88	1	0	-AC
H2_BC86_consensus_vsearch	186	A	A	184	3	1.57%	2	2	93	93	0.12399463806966378	1	1	98	86	2	1	G
H2_BC86_consensus_vsearch	187	C	C	188	2	1.05%	2	2	93	93	0.2493403693931866	1	1	102	86	1	1	-G
H2_BC86_consensus_vsearch	188	G	G	185	3	1.58%	2	1	93	93	0.12399999999998497	1	1	99	86	3	0	A
H2_BC86_consensus_vsearch	189	G	*/-A	180	9	4.69%	2	1	93	93	0.001771795269848945	1	1	92	88	9	0	-A
H2_BC86_consensus_vsearch	190	A	A	178	3	1.64%	2	1	93	93	0.12396121883654573	1	1	91	87	3	0	-G
H2_BC86_consensus_vsearch	191	G	G	185	2	1.06%	2	1	93	93	0.24932975871318122	1	1	97	88	2	0	-C
H2_BC86_consensus_vsearch	192	C	C	184	2	1.05%	2	2	93	93	0.24932614555250343	1	1	99	85	1	1	T
H2_BC86_consensus_vsearch	193	T	T	189	1	0.52%	2	1	93	93	0.5000000000001412	1	1	103	86	1	0	+AC
H2_BC86_consensus_vsearch	194	G	G	190	1	0.52%	2	1	93	93	0.4999999999999138	1	1	103	87	1	0	-AC
H2_BC86_consensus_vsearch	195	A	A	188	1	0.52%	2	1	93	93	0.5000000000001412	1	1	103	85	0	1	+C
H2_BC86_consensus_vsearch	196	C	C	181	4	2.09%	2	1	93	93	0.06148512438803467	1	1	98	83	0	4	+T
H2_BC86_consensus_vsearch	197	T	T	182	2	1.08%	2	1	93	93	0.2493188010900035	1	1	97	85	2	0	A
H2_BC86_consensus_vsearch	198	T	T	188	0	0%	2	0	93	0	1.0	1	0	100	88	0	0	
H2_BC86_consensus_vsearch	199	G	G	189	2	1.04%	2	1	93	93	0.24934383202100482	1	1	101	88	2	0	-CCG
H2_BC86_consensus_vsearch	200	C	C	189	1	0.53%	2	1	93	93	0.5000000000001412	1	1	101	88	1	0	+A
H2_BC86_consensus_vsearch	201	C	C	175	5	2.63%	2	1	93	93	0.030383183914226543	1	1	96	79	0	5	T
H2_BC86_consensus_vsearch	202	G	G	187	1	0.53%	2	1	93	93	0.4999999999999138	1	1	99	88	1	0	-A
H2_BC86_consensus_vsearch	203	A	A	182	6	3.14%	2	2	93	93	0.015005022293196836	1	1	95	87	5	1	G
H2_BC86_consensus_vsearch	204	C	C	186	2	1.05%	2	1	93	93	0.24933333333336263	1	1	98	88	2	0	-T
H2_BC86_consensus_vsearch	205	T	T	185	2	1.06%	2	2	93	93	0.24932975871318122	1	1	98	87	1	1	C
H2_BC86_consensus_vsearch	206	T	*/-C	135	41	21.58%	2	2	93	93	3.245515200849294E-14	1	1	79	56	18	23	-C
H2_BC86_consensus_vsearch	207	C	C	145	1	0.68%	2	1	93	93	0.4999999999999138	1	1	85	60	0	1	+A
H2_BC86_consensus_vsearch	208	C	C	179	5	2.66%	2	1	93	93	0.03040200067187797	1	1	95	84	5	0	+A
H2_BC86_consensus_vsearch	209	C	*/-T	164	13	6.81%	2	2	93	93	9.713897191766361E-5	1	1	97	67	3	10	-T
H2_BC86_consensus_vsearch	210	T	T	165	5	2.82%	2	1	93	93	0.030332274187469813	1	1	90	75	5	0	A
H2_BC86_consensus_vsearch	211	T	T	186	4	2.09%	2	2	93	93	0.061511866352189214	1	1	99	87	3	1	C
H2_BC86_consensus_vsearch	212	A	A	175	6	3.14%	2	1	93	93	0.01498118209621473	1	1	90	85	6	0	+C
H2_BC86_consensus_vsearch	213	C	C	181	4	2.16%	2	1	93	93	0.06148512438803467	1	1	99	82	0	4	+T
H2_BC86_consensus_vsearch	214	C	C	185	1	0.53%	2	1	93	93	0.5000000000001412	1	1	99	86	1	0	+G
H2_BC86_consensus_vsearch	215	C	C	184	4	2.11%	2	1	93	93	0.06150134048256699	1	1	100	84	0	4	T
H2_BC86_consensus_vsearch	216	A	*/-CA	176	8	4.26%	2	2	93	93	0.0036143155518784634	1	1	92	84	4	4	-CA
H2_BC86_consensus_vsearch	217	C	C	178	3	1.65%	2	1	93	93	0.12396121883654573	1	1	95	83	3	0	+G
H2_BC86_consensus_vsearch	218	A	A	174	4	2.19%	2	2	93	93	0.061445158201351026	1	1	94	80	3	1	+CA
H2_BC86_consensus_vsearch	219	T	T	188	2	1.05%	2	1	93	93	0.2493403693931866	1	1	100	88	2	0	G
H2_BC86_consensus_vsearch	220	T	T	187	2	1.05%	2	1	93	93	0.24933687002661706	1	1	100	87	2	0	G
H2_BC86_consensus_vsearch	221	A	A	180	6	3.12%	2	2	93	93	0.014998392876323086	1	1	98	82	3	3	-G
H2_BC86_consensus_vsearch	222	G	G	186	0	0%	2	0	93	0	1.0	1	0	101	85	0	0	
H2_BC86_consensus_vsearch	223	T	T	191	1	0.52%	2	1	93	93	0.5000000000001412	1	1	103	88	1	0	+C
H2_BC86_consensus_vsearch	224	C	C	192	0	0%	2	0	93	0	1.0	1	0	104	88	0	0	
H2_BC86_consensus_vsearch	225	C	C	192	0	0%	2	0	93	0	1.0	1	0	104	88	0	0	
H2_BC86_consensus_vsearch	226	G	G	190	2	1.04%	2	1	93	93	0.2493472584856949	1	1	102	88	2	0	A
H2_BC86_consensus_vsearch	227	T	T	188	1	0.52%	2	1	93	93	0.5000000000001412	1	1	102	86	1	0	+A
H2_BC86_consensus_vsearch	228	G	G	187	2	1.05%	2	1	93	93	0.24933687002661706	1	1	102	85	0	2	+TGTG
H2_BC86_consensus_vsearch	229	A	A	180	5	2.62%	2	1	93	93	0.030406577907750046	1	1	99	81	0	5	-GA
H2_BC86_consensus_vsearch	230	G	G	184	2	1.08%	2	1	93	93	0.24932614555250343	1	1	101	83	2	0	+A
H2_BC86_consensus_vsearch	231	A	A	182	2	1.07%	2	1	93	93	0.2493188010900035	1	1	100	82	2	0	+C
H2_BC86_consensus_vsearch	232	C	C	191	1	0.52%	2	1	93	93	0.5000000000001412	1	1	103	88	1	0	-T
H2_BC86_consensus_vsearch	233	T	Y	176	7	3.66%	2	2	93	93	0.007369187819667051	1	1	96	80	2	5	C
H2_BC86_consensus_vsearch	234	A	A	182	5	2.66%	2	1	93	93	0.030415585729470396	1	1	94	88	5	0	+G
H2_BC86_consensus_vsearch	235	G	*/-A	179	10	5.21%	2	1	93	93	8.642903755365361E-4	1	1	91	88	10	0	-A
H2_BC86_consensus_vsearch	236	A	A	174	6	3.31%	2	1	93	93	0.014977625873213331	1	1	87	87	6	0	-G
H2_BC86_consensus_vsearch	237	G	G	181	3	1.62%	2	2	93	93	0.12397820163492167	1	1	94	87	2	1	+AG
H2_BC86_consensus_vsearch	238	G	G	187	3	1.56%	2	1	93	93	0.12401055408976878	1	1	99	88	3	0	+T
H2_BC86_consensus_vsearch	239	T	T	188	4	2.08%	2	1	93	93	0.061522172652713904	1	1	104	84	0	4	C
H2_BC86_consensus_vsearch	240	T	T	190	1	0.52%	2	1	93	93	0.4999999999999138	1	1	104	86	0	1	-G
H2_BC86_consensus_vsearch	241	G	G	178	6	3.14%	2	1	93	93	0.014991620166021489	1	1	101	77	0	6	+C
H2_BC86_consensus_vsearch	242	C	C	185	2	1.06%	2	2	93	93	0.24932975871318122	1	1	102	83	1	1	A
H2_BC86_consensus_vsearch	243	T	T	186	5	2.62%	2	1	93	93	0.030433036239869853	1	1	104	82	0	5	-C
H2_BC86_consensus_vsearch	244	C	C	181	1	0.53%	2	1	93	93	0.4999999999999138	1	1	102	79	1	0	+AC
H2_BC86_consensus_vsearch	245	G	G	185	6	3.14%	2	1	93	93	0.01501470753479516	1	1	97	88	6	0	+C
H2_BC86_consensus_vsearch	246	C	C	183	5	2.62%	2	1	93	93	0.030420017873106126	1	1	103	80	0	5	+T
H2_BC86_consensus_vsearch	247	C	C	181	6	3.12%	2	2	93	93	0.015001725210740429	1	1	102	79	1	5	-T
H2_BC86_consensus_vsearch	248	T	T	175	6	3.23%	2	1	93	93	0.01498118209621473	1	1	98	77	0	6	C
H2_BC86_consensus_vsearch	249	A	*/-G	148	31	16.32%	2	2	93	93	1.1234286711417072E-10	1	1	95	53	4	27	-G
H2_BC86_consensus_vsearch	250	G	G	155	3	1.86%	2	1	93	93	0.12380952380953754	1	1	96	59	3	0	+AG
H2_BC86_consensus_vsearch	251	G	G	190	1	0.52%	2	1	93	93	0.4999999999999138	1	1	102	88	1	0	-A
H2_BC86_consensus_vsearch	252	A	A	181	5	2.62%	2	1	93	93	0.030411105997849117	1	1	96	85	5	0	G
H2_BC86_consensus_vsearch	253	G	G	188	0	0%	2	0	93	0	1.0	1	0	103	85	0	0	
H2_BC86_consensus_vsearch	254	A	A	180	6	3.14%	2	2	93	93	0.014998392876323086	1	1	99	81	2	4	-C
H2_BC86_consensus_vsearch	255	C	C	184	1	0.54%	2	1	93	93	0.4999999999999138	1	1	102	82	0	1	+T
H2_BC86_consensus_vsearch	256	C	C	189	1	0.52%	2	1	93	93	0.5000000000001412	1	1	104	85	0	1	+A
H2_BC86_consensus_vsearch	257	T	T	187	3	1.56%	2	1	93	93	0.12401055408976878	1	1	101	86	3	0	C
H2_BC86_consensus_vsearch	258	G	G	187	2	1.05%	2	1	93	93	0.24933687002661706	1	1	104	83	0	2	C
H2_BC86_consensus_vsearch	259	C	C	184	2	1.05%	2	1	93	93	0.24932614555250343	1	1	102	82	0	2	+AA
H2_BC86_consensus_vsearch	260	T	T	179	3	1.59%	2	2	93	93	0.12396694214879515	1	1	99	80	1	2	A
H2_BC86_consensus_vsearch	261	G	G	183	3	1.59%	2	1	93	93	0.12398921832883274	1	1	99	84	0	3	-C
H2_BC86_consensus_vsearch	262	C	Y	172	7	3.8%	2	1	93	93	0.007359395499810914	1	1	100	72	0	7	T
H2_BC86_consensus_vsearch	263	G	G	183	1	0.54%	2	1	93	93	0.4999999999999138	1	1	102	81	0	1	+T
H2_BC86_consensus_vsearch	264	G	G	178	5	2.6%	2	1	93	93	0.0303973734857873	1	1	95	83	5	0	+T
H2_BC86_consensus_vsearch	265	T	T	184	2	1.08%	2	1	93	93	0.24932614555250343	1	1	100	84	0	2	C
H2_BC86_consensus_vsearch	266	T	T	188	3	1.57%	2	1	93	93	0.124015748031514	1	1	103	85	0	3	C
H2_BC86_consensus_vsearch	267	T	T	186	2	1.04%	2	2	93	93	0.24933333333336263	1	1	100	86	1	1	-C
H2_BC86_consensus_vsearch	268	C	*/-G	166	11	5.79%	2	1	93	93	4.160271719522368E-4	1	1	86	80	11	0	-G
H2_BC86_consensus_vsearch	269	G	G	175	3	1.66%	2	1	93	93	0.12394366197182968	1	1	88	87	3	0	-A
H2_BC86_consensus_vsearch	270	A	A	185	3	1.59%	2	1	93	93	0.12399999999998497	1	1	97	88	3	0	+G
H2_BC86_consensus_vsearch	271	G	G	189	1	0.52%	2	1	93	93	0.5000000000001412	1	1	101	88	1	0	+AG
H2_BC86_consensus_vsearch	272	T	T	188	2	1.05%	2	1	93	93	0.2493403693931866	1	1	102	86	0	2	+A
H2_BC86_consensus_vsearch	273	A	A	187	3	1.57%	2	1	93	93	0.12401055408976878	1	1	99	88	3	0	G
H2_BC86_consensus_vsearch	274	C	C	185	4	2.09%	2	2	93	93	0.061506631299724945	1	1	101	84	1	3	T
H2_BC86_consensus_vsearch	275	G	G	191	0	0%	2	0	93	0	1.0	1	0	104	87	0	0	
H2_BC86_consensus_vsearch	276	A	A	188	3	1.56%	2	2	93	93	0.124015748031514	1	1	102	86	2	1	G
H2_BC86_consensus_vsearch	277	C	C	189	1	0.52%	2	1	93	93	0.5000000000001412	1	1	101	88	1	0	+GA
H2_BC86_consensus_vsearch	278	A	A	189	2	1.05%	2	1	93	93	0.24934383202100482	1	1	101	88	2	0	G
H2_BC86_consensus_vsearch	279	A	A	182	5	2.62%	2	1	93	93	0.030415585729470396	1	1	95	87	5	0	G
H2_BC86_consensus_vsearch	280	C	C	184	3	1.57%	2	2	93	93	0.12399463806966378	1	1	98	86	2	1	T
H2_BC86_consensus_vsearch	281	G	G	186	3	1.57%	2	1	93	93	0.1240053050397967	1	1	99	87	3	0	-A
H2_BC86_consensus_vsearch	282	A	A	186	1	0.53%	2	1	93	93	0.4999999999999138	1	1	99	87	1	0	+G
H2_BC86_consensus_vsearch	283	A	A	191	1	0.52%	2	1	93	93	0.5000000000001412	1	1	103	88	1	0	-G
H2_BC86_consensus_vsearch	284	G	G	190	1	0.52%	2	1	93	93	0.4999999999999138	1	1	102	88	1	0	A
H2_BC86_consensus_vsearch	285	C	C	189	1	0.52%	2	1	93	93	0.5000000000001412	1	1	103	86	0	1	+T
H2_BC86_consensus_vsearch	286	A	A	187	1	0.53%	2	1	93	93	0.4999999999999138	1	1	102	85	0	1	+T
H2_BC86_consensus_vsearch	287	C	C	185	3	1.58%	2	2	93	93	0.12399999999998497	1	1	100	85	2	1	-G
H2_BC86_consensus_vsearch	288	G	G	180	5	2.65%	2	2	93	93	0.030406577907750046	1	1	97	83	4	1	A
H2_BC86_consensus_vsearch	289	G	G	191	1	0.52%	2	1	93	93	0.5000000000001412	1	1	103	88	1	0	A
H2_BC86_consensus_vsearch	290	G	G	191	1	0.52%	2	1	93	93	0.5000000000001412	1	1	103	88	1	0	-CG
H2_BC86_consensus_vsearch	291	C	C	189	2	1.05%	2	1	93	93	0.24934383202100482	1	1	101	88	2	0	-GT
H2_BC86_consensus_vsearch	292	G	G	185	3	1.59%	2	1	93	93	0.12399999999998497	1	1	98	87	3	0	A
H2_BC86_consensus_vsearch	293	T	T	178	4	2.12%	2	2	93	93	0.06146837297681004	1	1	94	84	3	1	-A
H2_BC86_consensus_vsearch	294	A	A	175	5	2.67%	2	1	93	93	0.030383183914226543	1	1	89	86	5	0	G
H2_BC86_consensus_vsearch	295	G	G	181	2	1.08%	2	1	93	93	0.24931506849317653	1	1	95	86	2	0	+A
H2_BC86_consensus_vsearch	296	T	T	179	5	2.66%	2	2	93	93	0.03040200067187797	1	1	96	83	1	4	C
H2_BC86_consensus_vsearch	297	T	*/+A	176	11	5.82%	2	1	93	93	4.1971005075956745E-4	1	1	89	87	11	0	+A
H2_BC86_consensus_vsearch	298	G	G	178	5	2.65%	2	2	93	93	0.0303973734857873	1	1	92	86	4	1	+C
H2_BC86_consensus_vsearch	299	T	Y	173	9	4.76%	2	2	93	93	0.001765008337317725	1	1	93	80	7	2	C
H2_BC86_consensus_vsearch	300	G	G	187	3	1.57%	2	2	93	93	0.12401055408976878	1	1	100	87	2	1	A
H2_BC86_consensus_vsearch	301	A	A	190	1	0.52%	2	1	93	93	0.4999999999999138	1	1	102	88	1	0	G
H2_BC86_consensus_vsearch	302	T	T	190	1	0.52%	2	1	93	93	0.4999999999999138	1	1	102	88	1	0	+C
H2_BC86_consensus_vsearch	303	C	C	187	3	1.57%	2	1	93	93	0.12401055408976878	1	1	100	87	3	0	-A
H2_BC86_consensus_vsearch	304	A	A	187	1	0.53%	2	1	93	93	0.4999999999999138	1	1	100	87	1	0	+C
H2_BC86_consensus_vsearch	305	C	C	178	5	2.62%	2	1	93	93	0.0303973734857873	1	1	100	78	0	5	A
H2_BC86_consensus_vsearch	306	C	Y	175	10	5.21%	2	1	93	93	8.619505923183497E-4	1	1	98	77	0	10	T
H2_BC86_consensus_vsearch	307	G	G	180	6	3.16%	2	1	93	93	0.014998392876323086	1	1	92	88	6	0	-A
H2_BC86_consensus_vsearch	308	A	A	179	4	2.16%	2	1	93	93	0.061474017887485174	1	1	91	88	4	0	-G
H2_BC86_consensus_vsearch	309	G	G	184	2	1.07%	2	1	93	93	0.24932614555250343	1	1	99	85	0	2	+A
H2_BC86_consensus_vsearch	310	G	*/-T	157	27	14.06%	2	2	93	93	2.6629701397640725E-9	1	1	78	79	22	5	-T
H2_BC86_consensus_vsearch	311	T	T	159	2	1.23%	2	1	93	93	0.24922118380061456	1	1	80	79	0	2	C
H2_BC86_consensus_vsearch	312	T	T	186	2	1.06%	2	1	93	93	0.24933333333336263	1	1	103	83	0	2	C
H2_BC86_consensus_vsearch	313	T	T	185	4	2.11%	2	2	93	93	0.061506631299724945	1	1	101	84	3	1	C
H2_BC86_consensus_vsearch	314	T	T	187	4	2.08%	2	2	93	93	0.06151704651694607	1	1	103	84	1	3	C
H2_BC86_consensus_vsearch	315	C	C	174	6	3.12%	2	2	93	93	0.014977625873213331	1	1	96	78	4	2	-A
H2_BC86_consensus_vsearch	316	A	A	178	2	1.09%	2	2	93	93	0.24930362117001986	1	1	98	80	1	1	C
H2_BC86_consensus_vsearch	317	A	*/+G	49	121	63.68%	2	2	93	93	2.428176229787738E-52	1	1	42	7	52	69	+G
H2_BC86_consensus_vsearch	318	G	G	185	2	1.05%	2	1	93	93	0.24932975871318122	1	1	100	85	2	0	+A
H2_BC86_consensus_vsearch	319	G	G	187	3	1.56%	2	1	93	93	0.12401055408976878	1	1	103	84	0	3	+C
H2_BC86_consensus_vsearch	320	G	G	184	5	2.6%	2	1	93	93	0.030424403183015276	1	1	96	88	5	0	+AG
H2_BC86_consensus_vsearch	321	C	C	188	2	1.05%	2	2	93	93	0.2493403693931866	1	1	101	87	1	1	T
H2_BC86_consensus_vsearch	322	G	G	192	0	0%	2	0	93	0	1.0	1	0	104	88	0	0	
H2_BC86_consensus_vsearch	323	C	C	188	1	0.52%	2	1	93	93	0.5000000000001412	1	1	102	86	0	1	+A
H2_BC86_consensus_vsearch	324	A	A	189	1	0.52%	2	1	93	93	0.5000000000001412	1	1	104	85	0	1	+C
H2_BC86_consensus_vsearch	325	C	C	190	1	0.52%	2	1	93	93	0.4999999999999138	1	1	104	86	0	1	T
H2_BC86_consensus_vsearch	326	C	C	187	3	1.56%	2	1	93	93	0.12401055408976878	1	1	103	84	0	3	T
H2_BC86_consensus_vsearch	327	A	A	182	4	2.09%	2	1	93	93	0.061490587951709585	1	1	96	86	4	0	-GA
H2_BC86_consensus_vsearch	328	G	*/-A	175	9	4.86%	2	1	93	93	0.0017669987142516655	1	1	88	87	9	0	-A
H2_BC86_consensus_vsearch	329	A	A	175	2	1.12%	2	2	93	93	0.2492917847025028	1	1	89	86	1	1	G
H2_BC86_consensus_vsearch	330	A	A	186	3	1.58%	2	1	93	93	0.1240053050397967	1	1	100	86	3	0	-G
H2_BC86_consensus_vsearch	331	G	G	186	2	1.06%	2	1	93	93	0.24933333333336263	1	1	101	85	0	2	-C
H2_BC86_consensus_vsearch	332	C	C	185	1	0.53%	2	1	93	93	0.5000000000001412	1	1	101	84	1	0	+T
H2_BC86_consensus_vsearch	333	A	A	187	2	1.05%	2	2	93	93	0.24933687002661706	1	1	101	86	1	1	G
H2_BC86_consensus_vsearch	334	C	C	187	2	1.05%	2	1	93	93	0.24933687002661706	1	1	99	88	2	0	+A
H2_BC86_consensus_vsearch	335	G	G	184	4	2.09%	2	1	93	93	0.06150134048256699	1	1	96	88	4	0	-A
H2_BC86_consensus_vsearch	336	A	A	185	2	1.06%	2	1	93	93	0.24932975871318122	1	1	99	86	0	2	-GA
H2_BC86_consensus_vsearch	337	G	G	189	1	0.53%	2	1	93	93	0.5000000000001412	1	1	103	86	1	0	-AC
H2_BC86_consensus_vsearch	338	A	A	179	4	2.12%	2	1	93	93	0.061474017887485174	1	1	97	82	4	0	G
H2_BC86_consensus_vsearch	339	C	*/-GC	174	10	5.24%	2	1	93	93	8.613503481727668E-4	1	1	91	83	10	0	-GC
H2_BC86_consensus_vsearch	340	G	G	180	1	0.55%	2	1	93	93	0.5000000000001412	1	1	93	87	0	1	+T
H2_BC86_consensus_vsearch	341	C	C	172	4	2.2%	2	1	93	93	0.06143315455637365	1	1	91	81	0	4	+A
H2_BC86_consensus_vsearch	342	A	A	182	3	1.57%	2	1	93	93	0.12398373983732354	1	1	98	84	3	0	-C
H2_BC86_consensus_vsearch	343	C	Y	177	7	3.72%	2	1	93	93	0.007371570136883838	1	1	97	80	0	7	T
H2_BC86_consensus_vsearch	344	T	T	175	5	2.65%	2	1	93	93	0.030383183914226543	1	1	93	82	5	0	-A
H2_BC86_consensus_vsearch	345	A	*/-G	149	20	10.75%	2	2	93	93	5.250032174292526E-7	1	1	89	60	3	17	-G
H2_BC86_consensus_vsearch	346	G	G	165	1	0.6%	2	1	93	93	0.4999999999999138	1	1	99	66	1	0	+A
H2_BC86_consensus_vsearch	347	G	G	181	2	1.07%	2	1	93	93	0.24931506849317653	1	1	101	80	2	0	+T
H2_BC86_consensus_vsearch	348	G	G	186	5	2.6%	2	2	93	93	0.030433036239869853	1	1	103	83	1	4	-C
H2_BC86_consensus_vsearch	349	C	C	182	3	1.6%	2	2	93	93	0.12398373983732354	1	1	102	80	1	2	T
H2_BC86_consensus_vsearch	350	G	G	185	2	1.05%	2	1	93	93	0.24932975871318122	1	1	103	82	0	2	+T
H2_BC86_consensus_vsearch	351	C	*/+T	168	11	5.79%	2	1	93	93	4.167949943022952E-4	1	1	103	65	0	11	+T
H2_BC86_consensus_vsearch	352	T	*/-CCT	153	13	7.03%	2	2	93	93	9.56221163141673E-5	1	1	94	59	3	10	-CCT
H2_BC86_consensus_vsearch	353	C	C	158	4	2.42%	2	2	93	93	0.06134081768466403	1	1	98	60	1	3	+T
H2_BC86_consensus_vsearch	354	C	*/+T	156	10	5.62%	2	1	93	93	8.493608057720887E-4	1	1	101	55	0	10	+T
H2_BC86_consensus_vsearch	355	T	T	173	3	1.69%	2	1	93	93	0.12393162393162001	1	1	96	77	3	0	-C
H2_BC86_consensus_vsearch	356	C	C	185	2	1.06%	2	1	93	93	0.24932975871318122	1	1	98	87	2	0	-A
H2_BC86_consensus_vsearch	357	A	A	185	2	1.05%	2	2	93	93	0.24932975871318122	1	1	98	87	1	1	-C
H2_BC86_consensus_vsearch	358	C	C	188	1	0.53%	2	1	93	93	0.5000000000001412	1	1	101	87	1	0	G
H2_BC86_consensus_vsearch	359	C	C	187	3	1.57%	2	2	93	93	0.12401055408976878	1	1	101	86	2	1	T
H2_BC86_consensus_vsearch	360	G	G	189	1	0.53%	2	1	93	93	0.5000000000001412	1	1	102	87	1	0	A
H2_BC86_consensus_vsearch	361	A	A	190	2	1.04%	2	1	93	93	0.2493472584856949	1	1	102	88	2	0	G
H2_BC86_consensus_vsearch	362	T	T	189	2	1.04%	2	1	93	93	0.24934383202100482	1	1	101	88	2	0	+C
H2_BC86_consensus_vsearch	363	C	C	190	1	0.52%	2	1	93	93	0.4999999999999138	1	1	102	88	1	0	+G
H2_BC86_consensus_vsearch	364	A	A	184	5	2.6%	2	2	93	93	0.030424403183015276	1	1	100	84	3	2	-G
H2_BC86_consensus_vsearch	365	G	G	184	2	1.08%	2	1	93	93	0.24932614555250343	1	1	99	85	2	0	A
H2_BC86_consensus_vsearch	366	G	*/-C	104	35	18.32%	2	2	93	93	2.5070544371633194E-12	1	1	67	37	29	6	-C
H2_BC86_consensus_vsearch	367	C	C	109	1	0.89%	2	1	93	93	0.4999999999999138	1	1	72	37	0	1	+T
H2_BC86_consensus_vsearch	368	C	C	145	1	0.68%	2	1	93	93	0.4999999999999138	1	1	101	44	1	0	A
H2_BC86_consensus_vsearch	369	C	C	179	1	0.55%	2	1	93	93	0.5000000000001412	1	1	103	76	1	0	+A
H2_BC86_consensus_vsearch	370	C	C	186	3	1.56%	2	1	93	93	0.1240053050397967	1	1	101	85	3	0	+T
H2_BC86_consensus_vsearch	371	C	*/-T	174	16	8.33%	2	2	93	93	1.0977404172357244E-5	1	1	102	72	1	15	-T
H2_BC86_consensus_vsearch	372	T	T	174	1	0.57%	2	1	93	93	0.4999999999999138	1	1	103	71	0	1	+C
H2_BC86_consensus_vsearch	373	C	C	187	4	2.09%	2	2	93	93	0.06151704651694607	1	1	102	85	2	2	-T
H2_BC86_consensus_vsearch	374	T	*/-CT	172	15	7.98%	2	2	93	93	2.2786128332551297E-5	1	1	96	76	6	9	-CT
H2_BC86_consensus_vsearch	375	C	C	175	2	1.13%	2	2	93	93	0.2492917847025028	1	1	97	78	1	1	-T
H2_BC86_consensus_vsearch	376	T	T	172	1	0.57%	2	1	93	93	0.4999999999999138	1	1	95	77	0	1	+CT
H2_BC86_consensus_vsearch	377	G	G	189	2	1.04%	2	1	93	93	0.24934383202100482	1	1	102	87	2	0	C
H2_BC86_consensus_vsearch	378	C	C	181	5	2.6%	2	2	93	93	0.030411105997849117	1	1	96	85	3	2	-GC
H2_BC86_consensus_vsearch	379	G	G	176	4	2.16%	2	1	93	93	0.061456894735582995	1	1	91	85	4	0	A
H2_BC86_consensus_vsearch	380	C	C	184	1	0.54%	2	1	93	93	0.4999999999999138	1	1	99	85	1	0	T
H2_BC86_consensus_vsearch	381	A	A	189	1	0.52%	2	1	93	93	0.5000000000001412	1	1	101	88	1	0	G
H2_BC86_consensus_vsearch	382	A	A	190	1	0.52%	2	1	93	93	0.4999999999999138	1	1	102	88	1	0	G
H2_BC86_consensus_vsearch	383	T	T	191	1	0.52%	2	1	93	93	0.5000000000001412	1	1	104	87	0	1	C
H2_BC86_consensus_vsearch	384	G	G	187	4	2.08%	2	1	93	93	0.06151704651694607	1	1	103	84	0	4	-C
H2_BC86_consensus_vsearch	385	C	C	184	2	1.07%	2	1	93	93	0.24932614555250343	1	1	102	82	0	2	T
H2_BC86_consensus_vsearch	386	A	A	183	4	2.09%	2	1	93	93	0.061495993004889796	1	1	96	87	4	0	+T
H2_BC86_consensus_vsearch	387	T	T	186	3	1.58%	2	2	93	93	0.1240053050397967	1	1	101	85	1	2	C
H2_BC86_consensus_vsearch	388	T	T	192	0	0%	2	0	93	0	1.0	1	0	104	88	0	0	
H2_BC86_consensus_vsearch	389	T	*/-C	152	32	16.67%	2	2	93	93	5.32052884285392E-11	1	1	81	71	20	12	-C
H2_BC86_consensus_vsearch	390	C	C	158	0	0%	2	0	93	0	1.0	1	0	83	75	0	0	
H2_BC86_consensus_vsearch	391	C	C	180	5	2.63%	2	2	93	93	0.030406577907750046	1	1	99	81	4	1	-G
H2_BC86_consensus_vsearch	392	G	*/-A	177	7	3.74%	2	1	93	93	0.007371570136883838	1	1	93	84	7	0	-A
H2_BC86_consensus_vsearch	393	A	*/-G	160	8	4.32%	2	2	93	93	0.003587066500341587	1	1	85	75	5	3	-G
H2_BC86_consensus_vsearch	394	G	G	177	2	1.1%	2	2	93	93	0.24929971988807545	1	1	96	81	1	1	C
H2_BC86_consensus_vsearch	395	G	G	176	4	2.11%	2	1	93	93	0.061456894735582995	1	1	93	83	4	0	+C
H2_BC86_consensus_vsearch	396	C	C	182	3	1.61%	2	1	93	93	0.12398373983732354	1	1	100	82	0	3	+T
H2_BC86_consensus_vsearch	397	C	C	183	4	2.11%	2	1	93	93	0.061495993004889796	1	1	101	82	0	4	-T
H2_BC86_consensus_vsearch	398	T	T	182	2	1.07%	2	1	93	93	0.2493188010900035	1	1	104	78	0	2	+C
H2_BC86_consensus_vsearch	399	G	G	192	0	0%	2	0	93	0	1.0	1	0	104	88	0	0	
H2_BC86_consensus_vsearch	400	A	A	191	1	0.52%	2	1	93	93	0.5000000000001412	1	1	104	87	0	1	+TT
H2_BC86_consensus_vsearch	401	C	C	185	3	1.56%	2	1	93	93	0.12399999999998497	1	1	102	83	0	3	T
H2_BC86_consensus_vsearch	402	G	G	190	1	0.52%	2	1	93	93	0.4999999999999138	1	1	102	88	1	0	A
H2_BC86_consensus_vsearch	403	G	G	191	0	0%	2	0	93	0	1.0	1	0	103	88	0	0	
H2_BC86_consensus_vsearch	404	C	C	188	2	1.05%	2	1	93	93	0.2493403693931866	1	1	103	85	0	2	+G
H2_BC86_consensus_vsearch	405	G	*/-A	177	14	7.33%	2	1	93	93	4.76769575020497E-5	1	1	90	87	14	0	-A
H2_BC86_consensus_vsearch	406	A	A	172	3	1.69%	2	1	93	93	0.12392550143270233	1	1	86	86	3	0	+T
H2_BC86_consensus_vsearch	407	T	K	174	14	7.37%	2	1	93	93	4.7482349176863256E-5	1	1	88	86	14	0	G
H2_BC86_consensus_vsearch	408	T	T	188	2	1.05%	2	1	93	93	0.2493403693931866	1	1	104	84	0	2	+G
H2_BC86_consensus_vsearch	409	G	G	184	5	2.62%	2	1	93	93	0.030424403183015276	1	1	99	85	5	0	A
H2_BC86_consensus_vsearch	410	C	C	173	5	2.62%	2	1	93	93	0.030373458883600248	1	1	92	81	5	0	+AC
H2_BC86_consensus_vsearch	411	G	G	185	1	0.53%	2	1	93	93	0.5000000000001412	1	1	98	87	1	0	A
H2_BC86_consensus_vsearch	412	A	A	180	5	2.6%	2	2	93	93	0.030406577907750046	1	1	94	86	3	2	G
H2_BC86_consensus_vsearch	413	C	Y	174	9	4.74%	2	2	93	93	0.0017660088144097936	1	1	94	80	4	5	T
H2_BC86_consensus_vsearch	414	A	A	185	4	2.09%	2	1	93	93	0.061506631299724945	1	1	97	88	4	0	T
H2_BC86_consensus_vsearch	415	A	A	186	3	1.56%	2	1	93	93	0.1240053050397967	1	1	100	86	3	0	T
H2_BC86_consensus_vsearch	416	C	C	182	3	1.58%	2	1	93	93	0.12398373983732354	1	1	99	83	0	3	T
H2_BC86_consensus_vsearch	417	A	A	182	2	1.07%	2	2	93	93	0.2493188010900035	1	1	98	84	1	1	G
H2_BC86_consensus_vsearch	418	A	A	184	1	0.53%	2	1	93	93	0.4999999999999138	1	1	101	83	0	1	-GA
H2_BC86_consensus_vsearch	419	G	G	188	1	0.53%	2	1	93	93	0.5000000000001412	1	1	102	86	1	0	C
H2_BC86_consensus_vsearch	420	A	A	185	2	1.05%	2	1	93	93	0.24932975871318122	1	1	101	84	0	2	+T
H2_BC86_consensus_vsearch	421	T	T	182	3	1.58%	2	2	93	93	0.12398373983732354	1	1	100	82	2	1	-A
H2_BC86_consensus_vsearch	422	A	A	187	0	0%	2	0	93	0	1.0	1	0	102	85	0	0	
H2_BC86_consensus_vsearch	423	A	R	179	8	4.19%	2	1	93	93	0.0036189151712300786	1	1	96	83	8	0	G
H2_BC86_consensus_vsearch	424	C	*/-T	176	8	4.19%	2	2	93	93	0.0036143155518784634	1	1	94	82	6	2	-T
H2_BC86_consensus_vsearch	425	T	T	179	1	0.55%	2	1	93	93	0.5000000000001412	1	1	96	83	0	1	+C
H2_BC86_consensus_vsearch	426	T	T	181	3	1.58%	2	1	93	93	0.12397820163492167	1	1	100	81	0	3	+G
H2_BC86_consensus_vsearch	427	G	G	184	2	1.05%	2	1	93	93	0.24932614555250343	1	1	101	83	0	2	+T
H2_BC86_consensus_vsearch	428	T	T	182	4	2.12%	2	2	93	93	0.061490587951709585	1	1	100	82	2	2	-C
H2_BC86_consensus_vsearch	429	C	C	186	1	0.53%	2	1	93	93	0.4999999999999138	1	1	101	85	1	0	+A
H2_BC86_consensus_vsearch	430	C	C	190	1	0.52%	2	1	93	93	0.4999999999999138	1	1	103	87	0	1	-TC
H2_BC86_consensus_vsearch	431	T	T	189	1	0.52%	2	1	93	93	0.5000000000001412	1	1	103	86	1	0	+C
H2_BC86_consensus_vsearch	432	C	C	189	1	0.53%	2	1	93	93	0.5000000000001412	1	1	103	86	1	0	-G
H2_BC86_consensus_vsearch	433	G	G	188	2	1.05%	2	2	93	93	0.2493403693931866	1	1	101	87	1	1	A
H2_BC86_consensus_vsearch	434	G	G	190	1	0.52%	2	1	93	93	0.4999999999999138	1	1	103	87	0	1	+CT
H2_BC86_consensus_vsearch	435	T	*/-C	158	31	16.15%	2	1	93	93	1.2194973002545094E-10	1	1	71	87	31	0	-C
H2_BC86_consensus_vsearch	436	C	C	160	1	0.62%	2	1	93	93	0.4999999999999138	1	1	72	88	1	0	T
H2_BC86_consensus_vsearch	437	C	C	189	2	1.04%	2	1	93	93	0.24934383202100482	1	1	102	87	2	0	-T
H2_BC86_consensus_vsearch	438	T	T	176	6	3.17%	2	2	93	93	0.014984699466163367	1	1	100	76	1	5	-G
H2_BC86_consensus_vsearch	439	G	G	181	1	0.54%	2	1	93	93	0.4999999999999138	1	1	100	81	1	0	+A
H2_BC86_consensus_vsearch	440	G	G	188	2	1.05%	2	1	93	93	0.2493403693931866	1	1	102	86	2	0	T
H2_BC86_consensus_vsearch	441	T	T	189	1	0.52%	2	1	93	93	0.5000000000001412	1	1	103	86	1	0	-GC
H2_BC86_consensus_vsearch	442	G	G	189	1	0.53%	2	1	93	93	0.5000000000001412	1	1	103	86	0	1	A
H2_BC86_consensus_vsearch	443	C	C	187	3	1.57%	2	1	93	93	0.12401055408976878	1	1	100	87	3	0	-AC
H2_BC86_consensus_vsearch	444	A	A	187	2	1.06%	2	2	93	93	0.24933687002661706	1	1	100	87	1	1	G
H2_BC86_consensus_vsearch	445	C	C	188	1	0.53%	2	1	93	93	0.5000000000001412	1	1	101	87	0	1	A
H2_BC86_consensus_vsearch	446	C	C	189	3	1.56%	2	1	93	93	0.12402088772842607	1	1	104	85	0	3	T
H2_BC86_consensus_vsearch	447	G	G	191	1	0.52%	2	1	93	93	0.5000000000001412	1	1	104	87	0	1	-T
H2_BC86_consensus_vsearch	448	T	*/-C	156	34	17.8%	2	2	93	93	1.1501087356431597E-11	1	1	76	80	27	7	-C
H2_BC86_consensus_vsearch	449	C	C	157	1	0.63%	2	1	93	93	0.5000000000001412	1	1	76	81	1	0	+G
H2_BC86_consensus_vsearch	450	C	C	182	4	2.08%	2	1	93	93	0.061490587951709585	1	1	95	87	4	0	+A
H2_BC86_consensus_vsearch	451	C	*/-T	170	14	7.29%	2	2	93	93	4.721392964410002E-5	1	1	97	73	1	13	-T
H2_BC86_consensus_vsearch	452	T	T	166	3	1.73%	2	1	93	93	0.12388724035606233	1	1	94	72	3	0	C
H2_BC86_consensus_vsearch	453	T	T	175	6	3.21%	2	1	93	93	0.01498118209621473	1	1	97	78	0	6	-G
H2_BC86_consensus_vsearch	454	G	G	177	4	2.19%	2	1	93	93	0.061462665606988216	1	1	98	79	4	0	A
H2_BC86_consensus_vsearch	455	G	G	187	1	0.53%	2	1	93	93	0.4999999999999138	1	1	104	83	0	1	A
H2_BC86_consensus_vsearch	456	G	G	191	0	0%	2	0	93	0	1.0	1	0	104	87	0	0	
H2_BC86_consensus_vsearch	457	T	T	187	3	1.56%	2	1	93	93	0.12401055408976878	1	1	101	86	3	0	+C
H2_BC86_consensus_vsearch	458	C	C	189	1	0.52%	2	1	93	93	0.5000000000001412	1	1	103	86	0	1	+AAATA
H2_BC86_consensus_vsearch	459	A	A	187	3	1.56%	2	2	93	93	0.12401055408976878	1	1	102	85	1	2	G
H2_BC86_consensus_vsearch	460	G	G	185	3	1.58%	2	1	93	93	0.12399999999998497	1	1	102	83	0	3	-T
H2_BC86_consensus_vsearch	461	T	T	184	2	1.07%	2	1	93	93	0.24932614555250343	1	1	102	82	2	0	+C
H2_BC86_consensus_vsearch	462	C	C	188	2	1.05%	2	1	93	93	0.2493403693931866	1	1	104	84	0	2	-AG
H2_BC86_consensus_vsearch	463	A	A	182	5	2.66%	2	1	93	93	0.030415585729470396	1	1	99	83	5	0	G
H2_BC86_consensus_vsearch	464	G	G	177	6	3.17%	2	1	93	93	0.014988178616270897	1	1	98	79	0	6	-CG
H2_BC86_consensus_vsearch	465	C	C	179	4	2.15%	2	1	93	93	0.061474017887485174	1	1	103	76	0	4	-GT
H2_BC86_consensus_vsearch	466	G	G	179	1	0.55%	2	1	93	93	0.5000000000001412	1	1	103	76	1	0	-T
H2_BC86_consensus_vsearch	467	T	T	181	4	2.16%	2	2	93	93	0.06148512438803467	1	1	102	79	1	3	C
H2_BC86_consensus_vsearch	468	T	T	189	1	0.53%	2	1	93	93	0.5000000000001412	1	1	103	86	1	0	C
H2_BC86_consensus_vsearch	469	G	G	183	5	2.63%	2	2	93	93	0.030420017873106126	1	1	99	84	3	2	-C
H2_BC86_consensus_vsearch	470	C	C	185	1	0.54%	2	1	93	93	0.5000000000001412	1	1	100	85	1	0	T
H2_BC86_consensus_vsearch	471	C	Y	172	12	6.25%	2	1	93	93	2.0287285558348591E-4	1	1	100	72	0	12	T
H2_BC86_consensus_vsearch	472	G	G	182	2	1.08%	2	1	93	93	0.2493188010900035	1	1	99	83	0	2	-C
H2_BC86_consensus_vsearch	473	C	C	182	1	0.54%	2	1	93	93	0.4999999999999138	1	1	100	82	0	1	+G
H2_BC86_consensus_vsearch	474	C	C	179	5	2.66%	2	2	93	93	0.03040200067187797	1	1	100	79	2	3	T
H2_BC86_consensus_vsearch	475	A	A	185	2	1.06%	2	1	93	93	0.24932975871318122	1	1	99	86	2	0	+G
H2_BC86_consensus_vsearch	476	A	A	184	2	1.05%	2	1	93	93	0.24932614555250343	1	1	98	86	2	0	C
H2_BC86_consensus_vsearch	477	T	T	184	4	2.09%	2	2	93	93	0.06150134048256699	1	1	98	86	2	2	C
H2_BC86_consensus_vsearch	478	A	A	184	3	1.57%	2	1	93	93	0.12399463806966378	1	1	96	88	3	0	G
H2_BC86_consensus_vsearch	479	G	G	186	1	0.53%	2	1	93	93	0.4999999999999138	1	1	100	86	1	0	+A
H2_BC86_consensus_vsearch	480	T	T	184	4	2.08%	2	1	93	93	0.06150134048256699	1	1	98	86	4	0	-C
H2_BC86_consensus_vsearch	481	C	C	184	2	1.07%	2	1	93	93	0.24932614555250343	1	1	98	86	0	2	+A
H2_BC86_consensus_vsearch	482	A	*/+C	171	7	3.68%	2	2	93	93	0.007356879467164792	1	1	89	82	6	1	+C
H2_BC86_consensus_vsearch	483	C	*/+T	164	18	9.63%	2	1	93	93	2.4525199130127444E-6	1	1	99	65	0	18	+T
H2_BC86_consensus_vsearch	484	C	C	185	2	1.06%	2	1	93	93	0.24932975871318122	1	1	101	84	0	2	+T
H2_BC86_consensus_vsearch	485	C	C	180	4	2.11%	2	2	93	93	0.06147960135865969	1	1	99	81	1	3	-T
H2_BC86_consensus_vsearch	486	T	T	181	4	2.15%	2	2	93	93	0.06148512438803467	1	1	99	82	3	1	C
H2_BC86_consensus_vsearch	487	G	G	186	2	1.05%	2	1	93	93	0.24933333333336263	1	1	99	87	2	0	-C
H2_BC86_consensus_vsearch	488	C	C	190	0	0%	2	0	93	0	1.0	1	0	102	88	0	0	
H2_BC86_consensus_vsearch	489	C	C	188	1	0.52%	2	1	93	93	0.5000000000001412	1	1	102	86	1	0	+A
H2_BC86_consensus_vsearch	490	G	G	187	1	0.52%	2	1	93	93	0.4999999999999138	1	1	102	85	0	1	+CG
H2_BC86_consensus_vsearch	491	T	T	186	3	1.58%	2	1	93	93	0.1240053050397967	1	1	103	83	0	3	C
H2_BC86_consensus_vsearch	492	T	T	185	2	1.05%	2	1	93	93	0.24932975871318122	1	1	102	83	0	2	+A
H2_BC86_consensus_vsearch	493	G	G	188	1	0.53%	2	1	93	93	0.5000000000001412	1	1	102	86	1	0	-TA
H2_BC86_consensus_vsearch	494	T	T	175	6	3.17%	2	2	93	93	0.01498118209621473	1	1	98	77	1	5	C
H2_BC86_consensus_vsearch	495	A	A	187	1	0.53%	2	1	93	93	0.4999999999999138	1	1	100	87	0	1	-GC
H2_BC86_consensus_vsearch	496	G	G	188	1	0.52%	2	1	93	93	0.5000000000001412	1	1	101	87	1	0	+C
H2_BC86_consensus_vsearch	497	C	C	185	3	1.59%	2	1	93	93	0.12399999999998497	1	1	99	86	3	0	G
H2_BC86_consensus_vsearch	498	C	C	181	6	3.14%	2	1	93	93	0.015001725210740429	1	1	100	81	0	6	T
H2_BC86_consensus_vsearch	499	G	G	184	6	3.14%	2	2	93	93	0.015011512916161563	1	1	100	84	3	3	-A
H2_BC86_consensus_vsearch	500	A	A	184	1	0.54%	2	1	93	93	0.4999999999999138	1	1	100	84	0	1	G
H2_BC86_consensus_vsearch	501	A	A	188	2	1.05%	2	1	93	93	0.2493403693931866	1	1	103	85	0	2	-T
H2_BC86_consensus_vsearch	502	T	T	188	1	0.53%	2	1	93	93	0.5000000000001412	1	1	104	84	0	1	-C
H2_BC86_consensus_vsearch	503	C	*/-T	176	13	6.81%	2	1	93	93	9.860774066125673E-5	1	1	104	72	0	13	-T
H2_BC86_consensus_vsearch	504	T	T	176	3	1.68%	2	1	93	93	0.12394957983191404	1	1	104	72	0	3	C
H2_BC86_consensus_vsearch	505	T	T	187	2	1.04%	2	1	93	93	0.24933687002661706	1	1	101	86	0	2	C
H2_BC86_consensus_vsearch	506	A	R	180	9	4.76%	2	1	93	93	0.001771795269848945	1	1	92	88	9	0	G
H2_BC86_consensus_vsearch	507	G	G	189	1	0.53%	2	1	93	93	0.5000000000001412	1	1	102	87	0	1	-CG
H2_BC86_consensus_vsearch	508	C	C	186	2	1.06%	2	2	93	93	0.24933333333336263	1	1	101	85	1	1	+G
H2_BC86_consensus_vsearch	509	G	G	186	3	1.59%	2	1	93	93	0.1240053050397967	1	1	100	86	3	0	A
H2_BC86_consensus_vsearch	510	G	G	188	2	1.05%	2	1	93	93	0.2493403693931866	1	1	103	85	0	2	-C
H2_BC86_consensus_vsearch	511	C	*/-T	172	9	4.79%	2	2	93	93	0.0017639971126793845	1	1	97	75	1	8	-T
H2_BC86_consensus_vsearch	512	T	T	178	1	0.56%	2	1	93	93	0.4999999999999138	1	1	99	79	1	0	C
H2_BC86_consensus_vsearch	513	T	T	188	0	0%	2	0	93	0	1.0	1	0	101	87	0	0	
H2_BC86_consensus_vsearch	514	T	*/-C	114	61	32.11%	2	2	93	93	7.4397641152195215E-22	1	1	74	40	24	37	-C
H2_BC86_consensus_vsearch	515	C	C	116	3	2.48%	2	2	93	93	0.12341772151898774	1	1	77	39	1	2	T
H2_BC86_consensus_vsearch	516	C	C	175	3	1.64%	2	1	93	93	0.12394366197182968	1	1	100	75	0	3	+T
H2_BC86_consensus_vsearch	517	C	*/+T	155	8	4.28%	2	1	93	93	0.0035774772495738992	1	1	99	56	0	8	+T
H2_BC86_consensus_vsearch	518	T	T	174	0	0%	2	0	93	0	1.0	1	0	100	74	0	0	
H2_BC86_consensus_vsearch	519	T	T	178	1	0.55%	2	1	93	93	0.4999999999999138	1	1	98	80	1	0	+C
H2_BC86_consensus_vsearch	520	T	*/+C	175	8	4.28%	2	1	93	93	0.0036127494603351348	1	1	93	82	8	0	+C
H2_BC86_consensus_vsearch	521	C	C	181	6	3.17%	2	2	93	93	0.015001725210740429	1	1	98	83	4	2	-A
H2_BC86_consensus_vsearch	522	A	A	183	1	0.54%	2	1	93	93	0.4999999999999138	1	1	97	86	1	0	-G
H2_BC86_consensus_vsearch	523	G	G	183	4	2.11%	2	1	93	93	0.061495993004889796	1	1	95	88	4	0	A
H2_BC86_consensus_vsearch	524	C	C	176	6	3.14%	2	2	93	93	0.014984699466163367	1	1	94	82	1	5	-G
H2_BC86_consensus_vsearch	525	G	R	152	25	13.89%	2	2	93	93	1.1980466877932057E-8	1	1	70	82	24	1	A
H2_BC86_consensus_vsearch	526	G	G	181	5	2.69%	2	1	93	93	0.030411105997849117	1	1	93	88	5	0	A
H2_BC86_consensus_vsearch	527	C	C	182	3	1.6%	2	2	93	93	0.12398373983732354	1	1	97	85	1	2	T
H2_BC86_consensus_vsearch	528	C	C	185	2	1.05%	2	2	93	93	0.24932975871318122	1	1	101	84	1	1	+A
H2_BC86_consensus_vsearch	529	A	A	186	2	1.05%	2	1	93	93	0.24933333333336263	1	1	101	85	2	0	+G
H2_BC86_consensus_vsearch	530	A	A	188	2	1.05%	2	1	93	93	0.2493403693931866	1	1	100	88	2	0	G
H2_BC86_consensus_vsearch	531	G	G	188	1	0.53%	2	1	93	93	0.5000000000001412	1	1	102	86	0	1	+AAG
H2_BC86_consensus_vsearch	532	A	A	188	2	1.05%	2	1	93	93	0.2493403693931866	1	1	101	87	2	0	G
H2_BC86_consensus_vsearch	533	C	C	191	0	0%	2	0	93	0	1.0	1	0	103	88	0	0	
H2_BC86_consensus_vsearch	534	G	G	186	2	1.05%	2	1	93	93	0.24933333333336263	1	1	98	88	2	0	-CG
H2_BC86_consensus_vsearch	535	C	C	184	2	1.06%	2	2	93	93	0.24932614555250343	1	1	97	87	1	1	T
H2_BC86_consensus_vsearch	536	G	G	184	1	0.53%	2	1	93	93	0.4999999999999138	1	1	97	87	1	0	+A
H2_BC86_consensus_vsearch	537	A	*/-G	172	7	3.7%	2	1	93	93	0.007359395499810914	1	1	87	85	7	0	-G
H2_BC86_consensus_vsearch	538	G	G	169	6	3.3%	2	1	93	93	0.014959238793863728	1	1	82	87	6	0	+A
H2_BC86_consensus_vsearch	539	A	*/-G	162	12	6.56%	2	1	93	93	2.00651585430069E-4	1	1	81	81	12	0	-G
H2_BC86_consensus_vsearch	540	G	G	163	2	1.2%	2	1	93	93	0.24924012158063483	1	1	82	81	2	0	-AC
H2_BC86_consensus_vsearch	541	A	A	169	3	1.7%	2	2	93	93	0.12390670553935745	1	1	91	78	2	1	-C
H2_BC86_consensus_vsearch	542	C	C	178	4	2.16%	2	1	93	93	0.06146837297681004	1	1	91	87	4	0	-GCC
H2_BC86_consensus_vsearch	543	G	*/-C	166	14	7.61%	2	2	93	93	4.693473047991276E-5	1	1	81	85	11	3	-C
H2_BC86_consensus_vsearch	544	C	C	165	1	0.6%	2	1	93	93	0.4999999999999138	1	1	80	85	1	0	+G
H2_BC86_consensus_vsearch	545	C	*/-T	157	9	4.89%	2	2	93	93	0.0017474110844853488	1	1	82	75	1	8	-T
H2_BC86_consensus_vsearch	546	T	W	159	7	4.09%	2	1	93	93	0.007324352646937745	1	1	81	78	7	0	A
H2_BC86_consensus_vsearch	547	T	T	168	5	2.76%	2	1	93	93	0.03034816411035715	1	1	83	85	5	0	-GA
H2_BC86_consensus_vsearch	548	G	G	162	6	3.3%	2	1	93	93	0.014931669731685287	1	1	75	87	6	0	-A
H2_BC86_consensus_vsearch	549	A	A	168	2	1.17%	2	1	93	93	0.2492625368732155	1	1	82	86	0	2	G
H2_BC86_consensus_vsearch	550	A	A	182	0	0%	2	0	93	0	1.0	1	0	94	88	0	0	
H2_BC86_consensus_vsearch	551	A	A	182	4	2.13%	2	1	93	93	0.061490587951709585	1	1	95	87	4	0	-T
H2_BC86_consensus_vsearch	552	T	T	180	5	2.69%	2	1	93	93	0.030406577907750046	1	1	93	87	5	0	G
H2_BC86_consensus_vsearch	553	T	T	188	1	0.53%	2	1	93	93	0.5000000000001412	1	1	103	85	0	1	+G
H2_BC86_consensus_vsearch	554	A	A	182	3	1.58%	2	1	93	93	0.12398373983732354	1	1	98	84	3	0	-CA
H2_BC86_consensus_vsearch	555	C	C	184	2	1.07%	2	1	93	93	0.24932614555250343	1	1	99	85	0	2	T
H2_BC86_consensus_vsearch	556	A	A	184	2	1.06%	2	1	93	93	0.24932614555250343	1	1	98	86	2	0	G
H2_BC86_consensus_vsearch	557	G	G	185	2	1.06%	2	1	93	93	0.24932975871318122	1	1	100	85	2	0	+C
H2_BC86_consensus_vsearch	558	C	C	187	1	0.53%	2	1	93	93	0.4999999999999138	1	1	102	85	0	1	+TG
H2_BC86_consensus_vsearch	559	C	C	186	2	1.05%	2	1	93	93	0.24933333333336263	1	1	101	85	0	2	T
H2_BC86_consensus_vsearch	560	G	G	186	2	1.05%	2	2	93	93	0.24933333333336263	1	1	99	87	1	1	-T
H2_BC86_consensus_vsearch	561	T	T	184	3	1.6%	2	2	93	93	0.12399463806966378	1	1	99	85	2	1	C
H2_BC86_consensus_vsearch	562	T	T	187	1	0.53%	2	1	93	93	0.4999999999999138	1	1	101	86	1	0	+G
H2_BC86_consensus_vsearch	563	A	R	162	17	8.9%	2	2	93	93	5.122339916563518E-6	1	1	86	76	16	1	G
H2_BC86_consensus_vsearch	564	G	G	185	0	0%	2	0	93	0	1.0	1	0	102	83	0	0	
H2_BC86_consensus_vsearch	565	G	G	190	1	0.52%	2	1	93	93	0.4999999999999138	1	1	102	88	1	0	A
H2_BC86_consensus_vsearch	566	C	C	191	0	0%	2	0	93	0	1.0	1	0	103	88	0	0	
H2_BC86_consensus_vsearch	567	T	T	187	3	1.57%	2	1	93	93	0.12401055408976878	1	1	102	85	0	3	C
H2_BC86_consensus_vsearch	568	A	A	188	1	0.53%	2	1	93	93	0.5000000000001412	1	1	100	88	1	0	-CCG
H2_BC86_consensus_vsearch	569	C	C	187	2	1.05%	2	2	93	93	0.24933687002661706	1	1	100	87	1	1	T
H2_BC86_consensus_vsearch	570	C	*/-GC	178	8	4.19%	2	1	93	93	0.0036173981471315664	1	1	91	87	8	0	-GC
H2_BC86_consensus_vsearch	571	G	G	178	2	1.1%	2	1	93	93	0.24930362117001986	1	1	91	87	2	0	A
H2_BC86_consensus_vsearch	572	C	*/-T	164	12	6.59%	2	2	93	93	2.0111470432217958E-4	1	1	79	85	11	1	-T
H2_BC86_consensus_vsearch	573	T	W	161	9	5.2%	2	1	93	93	0.0017521117144003763	1	1	76	85	9	0	A
H2_BC86_consensus_vsearch	574	T	T	175	4	2.15%	2	1	93	93	0.06145105929696947	1	1	88	87	4	0	-A
H2_BC86_consensus_vsearch	575	A	*/-G	138	44	23.53%	2	2	93	93	2.943329079476283E-15	1	1	92	46	4	40	-G
H2_BC86_consensus_vsearch	576	G	G	143	3	2.03%	2	2	93	93	0.1237113402061497	1	1	97	46	2	1	A
H2_BC86_consensus_vsearch	577	G	G	186	6	3.12%	2	1	93	93	0.015017869058322414	1	1	98	88	6	0	A
H2_BC86_consensus_vsearch	578	A	A	189	1	0.52%	2	1	93	93	0.5000000000001412	1	1	104	85	0	1	+C
H2_BC86_consensus_vsearch	579	T	T	190	1	0.52%	2	1	93	93	0.4999999999999138	1	1	104	86	0	1	-C
H2_BC86_consensus_vsearch	580	C	C	187	4	2.09%	2	2	93	93	0.06151704651694607	1	1	101	86	3	1	-G
H2_BC86_consensus_vsearch	581	G	G	188	0	0%	2	0	93	0	1.0	1	0	101	87	0	0	
H2_BC86_consensus_vsearch	582	A	A	186	3	1.56%	2	1	93	93	0.1240053050397967	1	1	100	86	3	0	G
H2_BC86_consensus_vsearch	583	C	C	185	3	1.56%	2	2	93	93	0.12399999999998497	1	1	100	85	1	2	-T
H2_BC86_consensus_vsearch	584	T	T	180	4	2.12%	2	2	93	93	0.06147960135865969	1	1	99	81	1	3	+C
H2_BC86_consensus_vsearch	585	C	C	188	1	0.53%	2	1	93	93	0.5000000000001412	1	1	102	86	0	1	+A
H2_BC86_consensus_vsearch	586	A	*/-CC	172	7	3.65%	2	2	93	93	0.007359395499810914	1	1	94	78	2	5	-CC
H2_BC86_consensus_vsearch	587	C	C	174	3	1.69%	2	1	93	93	0.12393767705382001	1	1	97	77	0	3	+T
H2_BC86_consensus_vsearch	588	C	C	181	2	1.09%	2	1	93	93	0.24931506849317653	1	1	101	80	0	2	T
H2_BC86_consensus_vsearch	589	C	C	187	3	1.57%	2	1	93	93	0.12401055408976878	1	1	103	84	0	3	T
H2_BC86_consensus_vsearch	590	C	Y	178	9	4.69%	2	2	93	93	0.0017699066001378024	1	1	98	80	3	6	T
H2_BC86_consensus_vsearch	591	G	G	183	5	2.65%	2	1	93	93	0.030420017873106126	1	1	97	86	5	0	A
H2_BC86_consensus_vsearch	592	G	G	188	2	1.05%	2	2	93	93	0.2493403693931866	1	1	102	86	1	1	A
H2_BC86_consensus_vsearch	593	C	C	187	1	0.53%	2	1	93	93	0.4999999999999138	1	1	101	86	0	1	+AA
H2_BC86_consensus_vsearch	594	A	A	189	1	0.52%	2	1	93	93	0.5000000000001412	1	1	103	86	0	1	+T
H2_BC86_consensus_vsearch	595	C	C	190	1	0.52%	2	1	93	93	0.4999999999999138	1	1	103	87	0	1	T
H2_BC86_consensus_vsearch	596	C	C	185	5	2.6%	2	1	93	93	0.030428742397642147	1	1	97	88	5	0	-A
H2_BC86_consensus_vsearch	597	A	A	180	3	1.6%	2	2	93	93	0.12397260273979696	1	1	96	84	2	1	-T
H2_BC86_consensus_vsearch	598	T	T	181	5	2.65%	2	1	93	93	0.030411105997849117	1	1	97	84	5	0	G
H2_BC86_consensus_vsearch	599	T	T	189	1	0.52%	2	1	93	93	0.5000000000001412	1	1	103	86	1	0	+C
H2_BC86_consensus_vsearch	600	A	A	187	3	1.56%	2	2	93	93	0.12401055408976878	1	1	101	86	2	1	G
H2_BC86_consensus_vsearch	601	C	C	187	4	2.08%	2	2	93	93	0.06151704651694607	1	1	103	84	1	3	T
H2_BC86_consensus_vsearch	602	G	G	187	4	2.08%	2	2	93	93	0.06151704651694607	1	1	100	87	3	1	A
H2_BC86_consensus_vsearch	603	G	G	191	1	0.52%	2	1	93	93	0.5000000000001412	1	1	103	88	1	0	T
H2_BC86_consensus_vsearch	604	T	*/+A	178	9	4.69%	2	2	93	93	0.0017699066001378024	1	1	94	84	7	2	+A
H2_BC86_consensus_vsearch	605	A	A	187	1	0.53%	2	1	93	93	0.4999999999999138	1	1	101	86	1	0	+GA
H2_BC86_consensus_vsearch	606	A	A	189	1	0.52%	2	1	93	93	0.5000000000001412	1	1	103	86	1	0	-GCC
H2_BC86_consensus_vsearch	607	G	G	174	5	2.62%	2	1	93	93	0.030378348522515145	1	1	88	86	5	0	A
H2_BC86_consensus_vsearch	608	C	C	184	2	1.07%	2	2	93	93	0.24932614555250343	1	1	98	86	1	1	T
H2_BC86_consensus_vsearch	609	C	C	181	6	3.14%	2	2	93	93	0.015001725210740429	1	1	94	87	5	1	-A
H2_BC86_consensus_vsearch	610	A	*/-G	148	33	17.93%	2	2	93	93	2.3385873880245498E-11	1	1	90	58	4	29	-G
H2_BC86_consensus_vsearch	611	G	G	153	2	1.27%	2	1	93	93	0.24919093851123897	1	1	97	56	0	2	A
H2_BC86_consensus_vsearch	612	G	G	189	3	1.56%	2	1	93	93	0.12402088772842607	1	1	101	88	3	0	-A
H2_BC86_consensus_vsearch	613	A	A	188	1	0.53%	2	1	93	93	0.5000000000001412	1	1	100	88	1	0	+C
H2_BC86_consensus_vsearch	614	A	A	189	1	0.52%	2	1	93	93	0.5000000000001412	1	1	101	88	1	0	+C
H2_BC86_consensus_vsearch	615	C	C	187	3	1.57%	2	1	93	93	0.12401055408976878	1	1	99	88	3	0	+G
H2_BC86_consensus_vsearch	616	C	*/-T	169	11	5.73%	2	2	93	93	4.171728309073988E-4	1	1	99	70	2	9	-T
H2_BC86_consensus_vsearch	617	T	T	179	0	0%	2	0	93	0	1.0	1	0	101	78	0	0	
H2_BC86_consensus_vsearch	618	T	T	189	1	0.53%	2	1	93	93	0.5000000000001412	1	1	102	87	1	0	C
H2_BC86_consensus_vsearch	619	T	T	186	3	1.56%	2	1	93	93	0.1240053050397967	1	1	98	88	3	0	C
H2_BC86_consensus_vsearch	620	C	C	186	2	1.05%	2	1	93	93	0.24933333333336263	1	1	100	86	0	2	-TC
H2_BC86_consensus_vsearch	621	T	T	177	6	3.19%	2	1	93	93	0.014988178616270897	1	1	91	86	6	0	-C
H2_BC86_consensus_vsearch	622	C	C	181	1	0.55%	2	1	93	93	0.4999999999999138	1	1	96	85	1	0	+TC
H2_BC86_consensus_vsearch	623	C	C	186	2	1.05%	2	1	93	93	0.24933333333336263	1	1	99	87	2	0	-A
H2_BC86_consensus_vsearch	624	A	R	178	8	4.26%	2	1	93	93	0.0036173981471315664	1	1	92	86	8	0	G
H2_BC86_consensus_vsearch	625	C	C	182	6	3.17%	2	2	93	93	0.015005022293196836	1	1	99	83	3	3	-T
H2_BC86_consensus_vsearch	626	T	T	183	2	1.08%	2	1	93	93	0.2493224932250014	1	1	101	82	0	2	+C
H2_BC86_consensus_vsearch	627	T	*/+C	179	9	4.69%	2	2	93	93	0.0017708558237889195	1	1	95	84	6	3	+C
H2_BC86_consensus_vsearch	628	C	C	189	1	0.52%	2	1	93	93	0.5000000000001412	1	1	101	88	1	0	-AGC
H2_BC86_consensus_vsearch	629	A	A	187	2	1.05%	2	2	93	93	0.24933687002661706	1	1	101	86	1	1	G
H2_BC86_consensus_vsearch	630	G	G	185	3	1.58%	2	1	93	93	0.12399999999998497	1	1	99	86	3	0	A
H2_BC86_consensus_vsearch	631	C	C	188	2	1.05%	2	1	93	93	0.2493403693931866	1	1	101	87	2	0	+G
H2_BC86_consensus_vsearch	632	C	C	185	4	2.08%	2	1	93	93	0.061506631299724945	1	1	102	83	0	4	-T
H2_BC86_consensus_vsearch	633	T	T	186	1	0.53%	2	1	93	93	0.4999999999999138	1	1	103	83	0	1	+C
H2_BC86_consensus_vsearch	634	T	*/-C	172	8	4.19%	2	2	93	93	0.0036079487687097848	1	1	89	83	4	4	-C
H2_BC86_consensus_vsearch	635	C	C	176	1	0.56%	2	1	93	93	0.4999999999999138	1	1	92	84	1	0	T
H2_BC86_consensus_vsearch	636	C	C	183	1	0.54%	2	1	93	93	0.4999999999999138	1	1	95	88	1	0	+A
H2_BC86_consensus_vsearch	637	C	Y	177	12	6.25%	2	1	93	93	2.0390075187582733E-4	1	1	101	76	0	12	T
H2_BC86_consensus_vsearch	638	G	G	188	1	0.53%	2	1	93	93	0.5000000000001412	1	1	101	87	1	0	A
H2_BC86_consensus_vsearch	639	G	G	186	3	1.56%	2	1	93	93	0.1240053050397967	1	1	104	82	0	3	+C
H2_BC86_consensus_vsearch	640	C	C	189	1	0.52%	2	1	93	93	0.5000000000001412	1	1	103	86	0	1	+T
H2_BC86_consensus_vsearch	641	T	*/-C	181	9	4.71%	2	2	93	93	0.0017727250885016482	1	1	101	80	1	8	-C
H2_BC86_consensus_vsearch	642	C	C	175	3	1.65%	2	1	93	93	0.12394366197182968	1	1	97	78	3	0	-G
H2_BC86_consensus_vsearch	643	G	R	181	8	4.23%	2	2	93	93	0.0036219019328410066	1	1	95	86	6	2	A
H2_BC86_consensus_vsearch	644	C	*/+TT	173	9	4.69%	2	1	93	93	0.001765008337317725	1	1	88	85	9	0	+TT
H2_BC86_consensus_vsearch	645	A	W	175	10	5.32%	2	1	93	93	8.619505923183497E-4	1	1	89	86	10	0	T
H2_BC86_consensus_vsearch	646	C	Y	171	14	7.37%	2	2	93	93	4.728202054249692E-5	1	1	86	85	12	2	T
H2_BC86_consensus_vsearch	647	G	G	189	1	0.52%	2	1	93	93	0.5000000000001412	1	1	103	86	1	0	+A
H2_BC86_consensus_vsearch	648	A	A	183	3	1.57%	2	1	93	93	0.12398921832883274	1	1	99	84	3	0	G
H2_BC86_consensus_vsearch	649	G	G	186	2	1.05%	2	1	93	93	0.24933333333336263	1	1	99	87	2	0	-AA
H2_BC86_consensus_vsearch	650	A	A	188	0	0%	2	0	93	0	1.0	1	0	100	88	0	0	
H2_BC86_consensus_vsearch	651	A	A	189	0	0%	2	0	93	0	1.0	1	0	101	88	0	0	
H2_BC86_consensus_vsearch	652	T	T	188	3	1.57%	2	1	93	93	0.124015748031514	1	1	100	88	3	0	-A
H2_BC86_consensus_vsearch	653	A	*/-T	174	9	4.76%	2	2	93	93	0.0017660088144097936	1	1	90	84	8	1	-T
H2_BC86_consensus_vsearch	654	T	T	176	4	2.19%	2	2	93	93	0.061456894735582995	1	1	90	86	3	1	C
H2_BC86_consensus_vsearch	655	T	T	190	1	0.52%	2	1	93	93	0.4999999999999138	1	1	103	87	0	1	+C
H2_BC86_consensus_vsearch	656	T	T	183	3	1.56%	2	1	93	93	0.12398921832883274	1	1	100	83	3	0	-G
H2_BC86_consensus_vsearch	657	G	G	185	3	1.59%	2	1	93	93	0.12399999999998497	1	1	97	88	3	0	A
H2_BC86_consensus_vsearch	658	C	C	188	3	1.56%	2	1	93	93	0.124015748031514	1	1	104	84	0	3	+T
H2_BC86_consensus_vsearch	659	T	T	184	5	2.6%	2	1	93	93	0.030424403183015276	1	1	102	82	0	5	C
H2_BC86_consensus_vsearch	660	A	A	184	3	1.58%	2	2	93	93	0.12399463806966378	1	1	98	86	2	1	G
H2_BC86_consensus_vsearch	661	C	*/-T	180	10	5.24%	2	2	93	93	8.648604879212406E-4	1	1	99	81	3	7	-T
H2_BC86_consensus_vsearch	662	T	Y	159	20	11.11%	2	1	93	93	5.438714652175536E-7	1	1	98	61	0	20	C
H2_BC86_consensus_vsearch	663	G	G	186	3	1.58%	2	1	93	93	0.1240053050397967	1	1	98	88	3	0	-C
H2_BC86_consensus_vsearch	664	C	C	187	0	0%	2	0	93	0	1.0	1	0	99	88	0	0	
H2_BC86_consensus_vsearch	665	C	C	187	3	1.56%	2	2	93	93	0.12401055408976878	1	1	101	86	1	2	T
H2_BC86_consensus_vsearch	666	A	A	182	6	3.16%	2	1	93	93	0.015005022293196836	1	1	96	86	6	0	-C
H2_BC86_consensus_vsearch	667	C	C	182	2	1.08%	2	1	93	93	0.2493188010900035	1	1	96	86	2	0	G
H2_BC86_consensus_vsearch	668	C	C	184	5	2.62%	2	1	93	93	0.030424403183015276	1	1	99	85	5	0	-A
H2_BC86_consensus_vsearch	669	A	A	184	1	0.54%	2	1	93	93	0.4999999999999138	1	1	98	86	1	0	+CC
H2_BC86_consensus_vsearch	670	A	A	190	1	0.52%	2	1	93	93	0.4999999999999138	1	1	103	87	0	1	C
H2_BC86_consensus_vsearch	671	G	G	191	1	0.52%	2	1	93	93	0.5000000000001412	1	1	104	87	0	1	+C
H2_BC86_consensus_vsearch	672	A	A	188	2	1.04%	2	1	93	93	0.2493403693931866	1	1	104	84	0	2	-T
H2_BC86_consensus_vsearch	673	T	T	188	1	0.53%	2	1	93	93	0.5000000000001412	1	1	103	85	1	0	+CCGG
H2_BC86_consensus_vsearch	674	C	C	189	2	1.04%	2	1	93	93	0.24934383202100482	1	1	104	85	0	2	-G
H2_BC86_consensus_vsearch	675	G	G	184	5	2.63%	2	2	93	93	0.030424403183015276	1	1	100	84	4	1	A
H2_BC86_consensus_vsearch	676	G	G	190	1	0.52%	2	1	93	93	0.4999999999999138	1	1	103	87	0	1	-C
H2_BC86_consensus_vsearch	677	C	C	184	3	1.57%	2	1	93	93	0.12399463806966378	1	1	102	82	0	3	T
H2_BC86_consensus_vsearch	678	A	A	183	3	1.56%	2	1	93	93	0.12398921832883274	1	1	99	84	0	3	+C
H2_BC86_consensus_vsearch	679	C	C	185	4	2.08%	2	2	93	93	0.061506631299724945	1	1	98	87	3	1	-T
H2_BC86_consensus_vsearch	680	T	Y	160	19	10.16%	2	1	93	93	1.1523276669295318E-6	1	1	97	63	0	19	C
H2_BC86_consensus_vsearch	681	A	A	182	2	1.07%	2	1	93	93	0.2493188010900035	1	1	97	85	2	0	+G
H2_BC86_consensus_vsearch	682	G	G	189	2	1.04%	2	1	93	93	0.24934383202100482	1	1	101	88	2	0	-A
H2_BC86_consensus_vsearch	683	A	*/-G	177	8	4.21%	2	1	93	93	0.0036158650264919274	1	1	90	87	8	0	-G
H2_BC86_consensus_vsearch	684	G	G	182	1	0.54%	2	1	93	93	0.4999999999999138	1	1	96	86	0	1	+AG
H2_BC86_consensus_vsearch	685	G	G	191	1	0.52%	2	1	93	93	0.5000000000001412	1	1	103	88	1	0	A
H2_BC86_consensus_vsearch	686	C	Y	183	8	4.17%	2	1	93	93	0.003624827265843605	1	1	104	79	0	8	T
H2_BC86_consensus_vsearch	687	T	T	186	4	2.09%	2	1	93	93	0.061511866352189214	1	1	103	83	0	4	C
H2_BC86_consensus_vsearch	688	G	G	187	1	0.52%	2	1	93	93	0.4999999999999138	1	1	103	84	0	1	+C
H2_BC86_consensus_vsearch	689	C	C	185	3	1.58%	2	1	93	93	0.12399999999998497	1	1	103	82	0	3	T
H2_BC86_consensus_vsearch	690	T	*/-C	173	15	7.94%	2	2	93	93	2.2823007615405344E-5	1	1	88	85	14	1	-C
H2_BC86_consensus_vsearch	691	C	C	175	1	0.56%	2	1	93	93	0.4999999999999138	1	1	89	86	1	0	+G
H2_BC86_consensus_vsearch	692	C	C	188	1	0.52%	2	1	93	93	0.5000000000001412	1	1	101	87	0	1	+G
H2_BC86_consensus_vsearch	693	A	A	188	2	1.05%	2	2	93	93	0.2493403693931866	1	1	102	86	1	1	G
H2_BC86_consensus_vsearch	694	G	G	185	3	1.56%	2	1	93	93	0.12399999999998497	1	1	98	87	3	0	-C
H2_BC86_consensus_vsearch	695	C	C	186	1	0.53%	2	1	93	93	0.4999999999999138	1	1	100	86	1	0	+G
H2_BC86_consensus_vsearch	696	C	C	184	3	1.56%	2	1	93	93	0.12399463806966378	1	1	102	82	0	3	-AC
H2_BC86_consensus_vsearch	697	A	A	184	2	1.06%	2	1	93	93	0.24932614555250343	1	1	100	84	2	0	+G
H2_BC86_consensus_vsearch	698	C	C	186	2	1.06%	2	1	93	93	0.24933333333336263	1	1	103	83	0	2	T
H2_BC86_consensus_vsearch	699	G	G	185	3	1.56%	2	1	93	93	0.12399999999998497	1	1	102	83	0	3	+C
H2_BC86_consensus_vsearch	700	C	C	185	2	1.04%	2	1	93	93	0.24932975871318122	1	1	100	85	2	0	+TT
H2_BC86_consensus_vsearch	701	T	T	182	4	2.11%	2	1	93	93	0.061490587951709585	1	1	103	79	0	4	-C
H2_BC86_consensus_vsearch	702	C	C	182	3	1.6%	2	2	93	93	0.12398373983732354	1	1	100	82	2	1	+A
H2_BC86_consensus_vsearch	703	G	G	188	1	0.52%	2	1	93	93	0.5000000000001412	1	1	103	85	0	1	+C
H2_BC86_consensus_vsearch	704	C	C	190	1	0.52%	2	1	93	93	0.4999999999999138	1	1	103	87	1	0	+TT
H2_BC86_consensus_vsearch	705	G	G	185	5	2.6%	2	2	93	93	0.030428742397642147	1	1	100	85	2	3	-CG
H2_BC86_consensus_vsearch	706	C	C	184	1	0.54%	2	1	93	93	0.4999999999999138	1	1	100	84	1	0	+AC
H2_BC86_consensus_vsearch	707	G	G	185	1	0.54%	2	1	93	93	0.5000000000001412	1	1	101	84	1	0	A
H2_BC86_consensus_vsearch	708	T	T	188	3	1.56%	2	1	93	93	0.124015748031514	1	1	101	87	3	0	+C
H2_BC86_consensus_vsearch	709	C	C	182	4	2.08%	2	1	93	93	0.061490587951709585	1	1	99	83	0	4	-AA
H2_BC86_consensus_vsearch	710	A	A	184	1	0.54%	2	1	93	93	0.4999999999999138	1	1	101	83	1	0	C
H2_BC86_consensus_vsearch	711	A	A	186	2	1.06%	2	1	93	93	0.24933333333336263	1	1	102	84	2	0	-G
H2_BC86_consensus_vsearch	712	G	R	176	7	3.68%	2	1	93	93	0.007369187819667051	1	1	94	82	7	0	A
H2_BC86_consensus_vsearch	713	C	C	185	1	0.54%	2	1	93	93	0.5000000000001412	1	1	103	82	1	0	+G
H2_BC86_consensus_vsearch	714	C	C	180	6	3.17%	2	2	93	93	0.014998392876323086	1	1	103	77	1	5	-T
H2_BC86_consensus_vsearch	715	T	T	185	0	0%	2	0	93	0	1.0	1	0	103	82	0	0	
H2_BC86_consensus_vsearch	716	T	T	186	3	1.57%	2	1	93	93	0.1240053050397967	1	1	103	83	0	3	-C
H2_BC86_consensus_vsearch	717	C	*/-TC	166	17	9.04%	2	2	93	93	5.169300695732747E-6	1	1	101	65	1	16	-TC
H2_BC86_consensus_vsearch	718	T	*/+C	161	9	5.2%	2	1	93	93	0.0017521117144003763	1	1	90	71	9	0	+C
H2_BC86_consensus_vsearch	719	C	C	172	2	1.14%	2	1	93	93	0.24927953890490892	1	1	100	72	2	0	+A
H2_BC86_consensus_vsearch	720	A	A	189	2	1.05%	2	1	93	93	0.24934383202100482	1	1	101	88	2	0	G
H2_BC86_consensus_vsearch	721	G	R	174	16	8.33%	2	1	93	93	1.0977404172357244E-5	1	1	86	88	16	0	A
H2_BC86_consensus_vsearch	722	C	C	185	4	2.08%	2	2	93	93	0.061506631299724945	1	1	102	83	1	3	-A
H2_BC86_consensus_vsearch	723	A	A	187	1	0.53%	2	1	93	93	0.4999999999999138	1	1	102	85	1	0	+G
H2_BC86_consensus_vsearch	724	A	A	192	0	0%	2	0	93	0	1.0	1	0	104	88	0	0	
H2_BC86_consensus_vsearch	725	A	A	185	3	1.56%	2	1	93	93	0.12399999999998497	1	1	100	85	0	3	-T
H2_BC86_consensus_vsearch	726	T	T	186	1	0.53%	2	1	93	93	0.4999999999999138	1	1	101	85	1	0	+G
H2_BC86_consensus_vsearch	727	T	T	188	2	1.05%	2	1	93	93	0.2493403693931866	1	1	103	85	0	2	C
H2_BC86_consensus_vsearch	728	A	A	189	1	0.52%	2	1	93	93	0.5000000000001412	1	1	103	86	0	1	G
H2_BC86_consensus_vsearch	729	A	R	175	7	3.66%	2	1	93	93	0.007366779625824957	1	1	94	81	7	0	G
H2_BC86_consensus_vsearch	730	C	C	183	0	0%	2	0	93	0	1.0	1	0	101	82	0	0	
H2_BC86_consensus_vsearch	731	C	C	183	3	1.6%	2	2	93	93	0.12398921832883274	1	1	101	82	1	2	T
H2_BC86_consensus_vsearch	732	T	T	181	5	2.65%	2	2	93	93	0.030411105997849117	1	1	97	84	4	1	-C
H2_BC86_consensus_vsearch	733	C	C	184	1	0.54%	2	1	93	93	0.4999999999999138	1	1	98	86	1	0	+TC
H2_BC86_consensus_vsearch	734	C	*/-AC	179	10	5.26%	2	1	93	93	8.642903755365361E-4	1	1	92	87	10	0	-AC
H2_BC86_consensus_vsearch	735	A	A	177	1	0.56%	2	1	93	93	0.4999999999999138	1	1	90	87	1	0	C
H2_BC86_consensus_vsearch	736	C	C	182	0	0%	2	0	93	0	1.0	1	0	94	88	0	0	
H2_BC86_consensus_vsearch	737	G	*/-C	169	18	9.38%	2	2	93	93	2.483123536072931E-6	1	1	97	72	4	14	-C
H2_BC86_consensus_vsearch	738	C	*/+T	144	22	12.64%	2	1	93	93	1.132358860330495E-7	1	1	98	46	0	22	+T
H2_BC86_consensus_vsearch	739	C	C	178	6	3.12%	2	1	93	93	0.014991620166021489	1	1	102	76	0	6	T
H2_BC86_consensus_vsearch	740	C	C	189	2	1.04%	2	1	93	93	0.24934383202100482	1	1	104	85	0	2	+T
H2_BC86_consensus_vsearch	741	T	*/-CCT	168	7	3.66%	2	1	93	93	0.007349160919077469	1	1	91	77	0	7	-CCT
H2_BC86_consensus_vsearch	742	C	C	176	2	1.12%	2	1	93	93	0.2492957746479494	1	1	100	76	0	2	+TC
H2_BC86_consensus_vsearch	743	C	*/+T	173	10	5.41%	2	1	93	93	8.60743791896823E-4	1	1	103	70	0	10	+T
H2_BC86_consensus_vsearch	744	T	Y	167	14	7.61%	2	1	93	93	4.700557594367257E-5	1	1	102	65	0	14	C
H2_BC86_consensus_vsearch	745	A	*/-C	179	7	3.66%	2	2	93	93	0.007376258791632204	1	1	99	80	1	6	-C
H2_BC86_consensus_vsearch	746	C	*/-T	158	25	13.51%	2	1	93	93	1.2371013180935983E-8	1	1	103	55	0	25	-T
H2_BC86_consensus_vsearch	747	T	T	155	6	3.59%	2	2	93	93	0.014901719114899426	1	1	96	59	4	2	+C
H2_BC86_consensus_vsearch	748	C	C	187	1	0.53%	2	1	93	93	0.4999999999999138	1	1	101	86	1	0	+TC
H2_BC86_consensus_vsearch	749	C	C	184	4	2.09%	2	1	93	93	0.06150134048256699	1	1	102	82	0	4	T
H2_BC86_consensus_vsearch	750	A	A	187	1	0.52%	2	1	93	93	0.4999999999999138	1	1	102	85	0	1	+G
H2_BC86_consensus_vsearch	751	T	T	182	3	1.58%	2	1	93	93	0.12398373983732354	1	1	101	81	0	3	C
H2_BC86_consensus_vsearch	752	G	G	178	5	2.63%	2	1	93	93	0.0303973734857873	1	1	96	82	5	0	+C
H2_BC86_consensus_vsearch	753	C	C	187	1	0.53%	2	1	93	93	0.4999999999999138	1	1	102	85	0	1	+GC
H2_BC86_consensus_vsearch	754	C	C	182	4	2.09%	2	1	93	93	0.061490587951709585	1	1	97	85	4	0	T
H2_BC86_consensus_vsearch	755	G	G	186	3	1.59%	2	1	93	93	0.1240053050397967	1	1	100	86	3	0	A
H2_BC86_consensus_vsearch	756	G	G	189	2	1.04%	2	1	93	93	0.24934383202100482	1	1	102	87	2	0	A
H2_BC86_consensus_vsearch	757	C	*/+A	174	12	6.25%	2	2	93	93	2.0329023403729924E-4	1	1	89	85	9	3	+A
H2_BC86_consensus_vsearch	758	A	A	189	1	0.52%	2	1	93	93	0.5000000000001412	1	1	102	87	1	0	+G
H2_BC86_consensus_vsearch	759	A	A	190	1	0.52%	2	1	93	93	0.4999999999999138	1	1	103	87	1	0	+C
H2_BC86_consensus_vsearch	760	G	R	163	15	7.81%	2	1	93	93	2.243773435844977E-5	1	1	79	84	15	0	A
H2_BC86_consensus_vsearch	761	C	C	187	1	0.53%	2	1	93	93	0.4999999999999138	1	1	104	83	0	1	+GC
H2_BC86_consensus_vsearch	762	C	C	186	4	2.08%	2	1	93	93	0.061511866352189214	1	1	104	82	0	4	-G
H2_BC86_consensus_vsearch	763	G	G	184	3	1.6%	2	1	93	93	0.12399463806966378	1	1	104	80	0	3	T
H2_BC86_consensus_vsearch	764	G	G	192	0	0%	2	0	93	0	1.0	1	0	104	88	0	0	
H2_BC86_consensus_vsearch	765	A	A	189	2	1.04%	2	2	93	93	0.24934383202100482	1	1	103	86	1	1	G
H2_BC86_consensus_vsearch	766	C	C	188	2	1.05%	2	1	93	93	0.2493403693931866	1	1	101	87	2	0	-AT
H2_BC86_consensus_vsearch	767	A	A	183	2	1.05%	2	1	93	93	0.2493224932250014	1	1	95	88	2	0	G
H2_BC86_consensus_vsearch	768	T	T	180	3	1.6%	2	1	93	93	0.12397260273979696	1	1	96	84	0	3	-G
H2_BC86_consensus_vsearch	769	G	G	185	3	1.6%	2	1	93	93	0.12399999999998497	1	1	100	85	3	0	A
H2_BC86_consensus_vsearch	770	G	G	189	2	1.04%	2	2	93	93	0.24934383202100482	1	1	102	87	1	1	A
H2_BC86_consensus_vsearch	771	G	G	182	4	2.08%	2	2	93	93	0.061490587951709585	1	1	95	87	3	1	+C
H2_BC86_consensus_vsearch	772	C	C	186	1	0.53%	2	1	93	93	0.4999999999999138	1	1	98	88	1	0	+TA
H2_BC86_consensus_vsearch	773	C	C	177	6	3.12%	2	2	93	93	0.014988178616270897	1	1	92	85	4	2	T
H2_BC86_consensus_vsearch	774	A	*/-T	179	7	3.68%	2	2	93	93	0.007376258791632204	1	1	94	85	6	1	-T
H2_BC86_consensus_vsearch	775	T	T	179	1	0.55%	2	1	93	93	0.5000000000001412	1	1	93	86	1	0	-G
H2_BC86_consensus_vsearch	776	G	*/+C	171	8	4.26%	2	1	93	93	0.003606313464294743	1	1	85	86	8	0	+C
H2_BC86_consensus_vsearch	777	C	C	185	1	0.53%	2	1	93	93	0.5000000000001412	1	1	99	86	1	0	-A
H2_BC86_consensus_vsearch	778	A	A	186	2	1.06%	2	1	93	93	0.24933333333336263	1	1	98	88	2	0	G
H2_BC86_consensus_vsearch	779	T	T	186	2	1.05%	2	1	93	93	0.24933333333336263	1	1	99	87	2	0	+C
H2_BC86_consensus_vsearch	780	C	C	188	1	0.53%	2	1	93	93	0.5000000000001412	1	1	102	86	1	0	+A
H2_BC86_consensus_vsearch	781	G	G	182	6	3.14%	2	1	93	93	0.015005022293196836	1	1	94	88	6	0	A
H2_BC86_consensus_vsearch	782	G	G	187	4	2.09%	2	1	93	93	0.06151704651694607	1	1	99	88	4	0	T
H2_BC86_consensus_vsearch	783	T	T	190	1	0.52%	2	1	93	93	0.4999999999999138	1	1	103	87	0	1	+AA
H2_BC86_consensus_vsearch	784	G	G	190	1	0.52%	2	1	93	93	0.4999999999999138	1	1	103	87	0	1	+C
H2_BC86_consensus_vsearch	785	C	C	187	2	1.05%	2	2	93	93	0.24933687002661706	1	1	101	86	1	1	T
H2_BC86_consensus_vsearch	786	T	Y	179	8	4.19%	2	2	93	93	0.0036189151712300786	1	1	99	80	1	7	C
H2_BC86_consensus_vsearch	787	A	R	163	12	6.28%	2	1	93	93	2.0088438035060612E-4	1	1	87	76	12	0	G
H2_BC86_consensus_vsearch	788	G	G	180	1	0.55%	2	1	93	93	0.5000000000001412	1	1	99	81	1	0	+AA
H2_BC86_consensus_vsearch	789	G	G	191	1	0.52%	2	1	93	93	0.5000000000001412	1	1	103	88	1	0	A
H2_BC86_consensus_vsearch	790	C	C	182	5	2.6%	2	2	93	93	0.030415585729470396	1	1	99	83	4	1	-TT
H2_BC86_consensus_vsearch	791	T	T	181	1	0.55%	2	1	93	93	0.4999999999999138	1	1	97	84	1	0	A
H2_BC86_consensus_vsearch	792	T	*/-A	160	17	9.09%	2	2	93	93	5.098191578723186E-6	1	1	85	75	12	5	-A
H2_BC86_consensus_vsearch	793	A	A	170	4	2.29%	2	2	93	93	0.06142087457709755	1	1	90	80	2	2	C
H2_BC86_consensus_vsearch	794	A	A	188	3	1.56%	2	1	93	93	0.124015748031514	1	1	104	84	0	3	-G
H2_BC86_consensus_vsearch	795	G	G	189	0	0%	2	0	93	0	1.0	1	0	104	85	0	0	
H2_BC86_consensus_vsearch	796	C	C	188	2	1.04%	2	1	93	93	0.2493403693931866	1	1	103	85	0	2	T
H2_BC86_consensus_vsearch	797	G	G	188	1	0.52%	2	1	93	93	0.5000000000001412	1	1	102	86	1	0	-C
H2_BC86_consensus_vsearch	798	C	C	187	1	0.53%	2	1	93	93	0.4999999999999138	1	1	103	84	0	1	+GC
H2_BC86_consensus_vsearch	799	C	Y	181	9	4.71%	2	1	93	93	0.0017727250885016482	1	1	104	77	0	9	T
H2_BC86_consensus_vsearch	800	A	A	185	2	1.05%	2	2	93	93	0.24932975871318122	1	1	101	84	1	1	G
H2_BC86_consensus_vsearch	801	T	T	190	1	0.52%	2	1	93	93	0.4999999999999138	1	1	103	87	1	0	-C
H2_BC86_consensus_vsearch	802	C	C	191	0	0%	2	0	93	0	1.0	1	0	103	88	0	0	
H2_BC86_consensus_vsearch	803	C	C	190	1	0.52%	2	1	93	93	0.4999999999999138	1	1	102	88	1	0	+A
H2_BC86_consensus_vsearch	804	A	*/-T	166	17	8.9%	2	2	93	93	5.169300695732747E-6	1	1	87	79	11	6	-T
H2_BC86_consensus_vsearch	805	T	T	172	1	0.57%	2	1	93	93	0.4999999999999138	1	1	91	81	1	0	C
H2_BC86_consensus_vsearch	806	T	T	191	0	0%	2	0	93	0	1.0	1	0	104	87	0	0	
H2_BC86_consensus_vsearch	807	T	T	191	1	0.52%	2	1	93	93	0.5000000000001412	1	1	103	88	1	0	+C
H2_BC86_consensus_vsearch	808	T	T	187	2	1.04%	2	1	93	93	0.24933687002661706	1	1	100	87	2	0	C
H2_BC86_consensus_vsearch	809	C	C	187	2	1.05%	2	1	93	93	0.24933687002661706	1	1	102	85	0	2	+G
H2_BC86_consensus_vsearch	810	A	A	174	4	2.08%	2	2	93	93	0.061445158201351026	1	1	96	78	3	1	+G
H2_BC86_consensus_vsearch	811	G	G	184	1	0.54%	2	1	93	93	0.4999999999999138	1	1	102	82	1	0	+A
H2_BC86_consensus_vsearch	812	G	G	188	1	0.53%	2	1	93	93	0.5000000000001412	1	1	102	86	1	0	+A
H2_BC86_consensus_vsearch	813	G	G	187	3	1.56%	2	1	93	93	0.12401055408976878	1	1	99	88	3	0	A
H2_BC86_consensus_vsearch	814	C	C	188	2	1.05%	2	1	93	93	0.2493403693931866	1	1	100	88	2	0	T
H2_BC86_consensus_vsearch	815	C	C	186	2	1.04%	2	1	93	93	0.24933333333336263	1	1	99	87	2	0	+A
H2_BC86_consensus_vsearch	816	G	G	191	1	0.52%	2	1	93	93	0.5000000000001412	1	1	104	87	0	1	-A
H2_BC86_consensus_vsearch	817	A	A	190	1	0.52%	2	1	93	93	0.4999999999999138	1	1	103	87	1	0	-G
H2_BC86_consensus_vsearch	818	G	G	188	1	0.52%	2	1	93	93	0.5000000000001412	1	1	103	85	0	1	+AG
H2_BC86_consensus_vsearch	819	C	C	184	5	2.6%	2	1	93	93	0.030424403183015276	1	1	103	81	0	5	T
H2_BC86_consensus_vsearch	820	G	G	192	0	0%	2	0	93	0	1.0	1	0	104	88	0	0	
H2_BC86_consensus_vsearch	821	A	A	190	2	1.04%	2	2	93	93	0.2493472584856949	1	1	103	87	1	1	G
H2_BC86_consensus_vsearch	822	T	T	187	3	1.56%	2	1	93	93	0.12401055408976878	1	1	103	84	0	3	+C
H2_BC86_consensus_vsearch	823	T	T	184	5	2.6%	2	2	93	93	0.030424403183015276	1	1	101	83	1	4	-C
H2_BC86_consensus_vsearch	824	C	C	182	2	1.07%	2	1	93	93	0.2493188010900035	1	1	101	81	0	2	-G
H2_BC86_consensus_vsearch	825	G	G	182	4	2.12%	2	2	93	93	0.061490587951709585	1	1	99	83	3	1	A
H2_BC86_consensus_vsearch	826	G	G	188	1	0.52%	2	1	93	93	0.5000000000001412	1	1	102	86	1	0	+C
H2_BC86_consensus_vsearch	827	C	C	183	3	1.58%	2	1	93	93	0.12398921832883274	1	1	100	83	0	3	-AG
H2_BC86_consensus_vsearch	828	A	R	169	14	7.53%	2	2	93	93	4.7145165258180184E-5	1	1	89	80	13	1	G
H2_BC86_consensus_vsearch	829	G	G	184	1	0.54%	2	1	93	93	0.4999999999999138	1	1	102	82	1	0	+A
H2_BC86_consensus_vsearch	830	G	G	190	0	0%	2	0	93	0	1.0	1	0	103	87	0	0	
H2_BC86_consensus_vsearch	831	T	*/-A	153	15	7.85%	2	1	93	93	2.2012244605339464E-5	1	1	84	69	15	0	-A
H2_BC86_consensus_vsearch	832	A	A	160	3	1.84%	2	2	93	93	0.1238461538461169	1	1	86	74	2	1	G
H2_BC86_consensus_vsearch	833	A	R	168	7	3.93%	2	1	93	93	0.007349160919077469	1	1	94	74	7	0	G
H2_BC86_consensus_vsearch	834	G	G	187	1	0.53%	2	1	93	93	0.4999999999999138	1	1	101	86	0	1	-T
H2_BC86_consensus_vsearch	835	T	T	188	2	1.05%	2	1	93	93	0.2493403693931866	1	1	103	85	0	2	C
H2_BC86_consensus_vsearch	836	T	T	187	1	0.52%	2	1	93	93	0.4999999999999138	1	1	100	87	1	0	+A
H2_BC86_consensus_vsearch	837	G	G	184	2	1.06%	2	2	93	93	0.24932614555250343	1	1	98	86	1	1	A
H2_BC86_consensus_vsearch	838	T	T	188	1	0.53%	2	1	93	93	0.5000000000001412	1	1	101	87	0	1	C
H2_BC86_consensus_vsearch	839	T	T	186	1	0.53%	2	1	93	93	0.4999999999999138	1	1	101	85	0	1	+G
H2_BC86_consensus_vsearch	840	A	A	184	3	1.59%	2	2	93	93	0.12399463806966378	1	1	100	84	1	2	G
H2_BC86_consensus_vsearch	841	C	C	178	5	2.65%	2	1	93	93	0.0303973734857873	1	1	93	85	5	0	-ACAC
H2_BC86_consensus_vsearch	842	A	A	181	3	1.63%	2	2	93	93	0.12397820163492167	1	1	95	86	2	1	G
H2_BC86_consensus_vsearch	843	C	*/-AC	141	39	21.08%	2	1	93	93	1.804910715450758E-13	1	1	56	85	39	0	-AC
H2_BC86_consensus_vsearch	844	A	A	139	4	2.76%	2	1	93	93	0.06118653524269187	1	1	53	86	4	0	G
H2_BC86_consensus_vsearch	845	C	*/-T	133	7	4.83%	2	1	93	93	0.007235038165514452	1	1	56	77	0	7	-T
H2_BC86_consensus_vsearch	846	T	T	177	4	2.2%	2	1	93	93	0.061462665606988216	1	1	102	75	0	4	C
H2_BC86_consensus_vsearch	847	T	*/-CT	169	12	6.32%	2	1	93	93	2.02230596700354E-4	1	1	101	68	0	12	-CT
H2_BC86_consensus_vsearch	848	C	*/-T	158	11	6.36%	2	2	93	93	4.127839426459288E-4	1	1	100	58	1	10	-T
H2_BC86_consensus_vsearch	849	T	T	160	2	1.22%	2	1	93	93	0.24922600619195118	1	1	98	62	2	0	C
H2_BC86_consensus_vsearch	850	T	T	181	5	2.67%	2	2	93	93	0.030411105997849117	1	1	98	83	4	1	C
H2_BC86_consensus_vsearch	851	A	A	186	3	1.58%	2	1	93	93	0.1240053050397967	1	1	98	88	3	0	G
H2_BC86_consensus_vsearch	852	G	G	188	1	0.53%	2	1	93	93	0.5000000000001412	1	1	101	87	1	0	+C
H2_BC86_consensus_vsearch	853	C	*/-G	174	12	6.32%	2	2	93	93	2.0329023403729924E-4	1	1	95	79	6	6	-G
H2_BC86_consensus_vsearch	854	G	G	173	2	1.12%	2	1	93	93	0.24928366762186466	1	1	93	80	2	0	A
H2_BC86_consensus_vsearch	855	G	G	189	1	0.53%	2	1	93	93	0.5000000000001412	1	1	102	87	1	0	+A
H2_BC86_consensus_vsearch	856	G	G	190	1	0.52%	2	1	93	93	0.4999999999999138	1	1	102	88	1	0	+T
H2_BC86_consensus_vsearch	857	T	T	190	1	0.52%	2	1	93	93	0.4999999999999138	1	1	103	87	0	1	C
H2_BC86_consensus_vsearch	858	G	G	190	1	0.52%	2	1	93	93	0.4999999999999138	1	1	102	88	1	0	A
H2_BC86_consensus_vsearch	859	C	C	190	1	0.52%	2	1	93	93	0.4999999999999138	1	1	103	87	0	1	T
H2_BC86_consensus_vsearch	860	C	C	185	2	1.05%	2	1	93	93	0.24932975871318122	1	1	99	86	2	0	+A
H2_BC86_consensus_vsearch	861	G	G	187	2	1.06%	2	1	93	93	0.24933687002661706	1	1	100	87	2	0	A
H2_BC86_consensus_vsearch	862	A	A	185	3	1.57%	2	1	93	93	0.12399999999998497	1	1	102	83	0	3	-CT
H2_BC86_consensus_vsearch	863	C	*/-T	177	7	3.74%	2	2	93	93	0.007371570136883838	1	1	96	81	5	2	-T
H2_BC86_consensus_vsearch	864	T	T	177	1	0.56%	2	1	93	93	0.4999999999999138	1	1	94	83	1	0	C
H2_BC86_consensus_vsearch	865	T	*/-C	160	23	12.17%	2	2	93	93	5.704379214634594E-8	1	1	94	66	2	21	-C
H2_BC86_consensus_vsearch	866	C	C	156	4	2.44%	2	2	93	93	0.061326305588268425	1	1	92	64	2	2	A
H2_BC86_consensus_vsearch	867	C	C	179	4	2.12%	2	1	93	93	0.061474017887485174	1	1	94	85	4	0	+G
H2_BC86_consensus_vsearch	868	A	A	180	4	2.13%	2	1	93	93	0.06147960135865969	1	1	94	86	4	0	C
H2_BC86_consensus_vsearch	869	T	T	184	2	1.06%	2	1	93	93	0.24932614555250343	1	1	97	87	2	0	-G
H2_BC86_consensus_vsearch	870	G	G	184	3	1.6%	2	1	93	93	0.12399463806966378	1	1	96	88	3	0	A
H2_BC86_consensus_vsearch	871	G	G	185	3	1.57%	2	1	93	93	0.12399999999998497	1	1	97	88	3	0	+C
H2_BC86_consensus_vsearch	872	C	C	184	3	1.59%	2	2	93	93	0.12399463806966378	1	1	99	85	1	2	T
H2_BC86_consensus_vsearch	873	C	C	188	2	1.05%	2	1	93	93	0.2493403693931866	1	1	100	88	2	0	T
H2_BC86_consensus_vsearch	874	A	A	183	4	2.11%	2	2	93	93	0.061495993004889796	1	1	96	87	3	1	G
H2_BC86_consensus_vsearch	875	C	C	189	1	0.53%	2	1	93	93	0.5000000000001412	1	1	102	87	0	1	T
H2_BC86_consensus_vsearch	876	C	C	185	2	1.05%	2	1	93	93	0.24932975871318122	1	1	101	84	0	2	+G
H2_BC86_consensus_vsearch	877	G	G	188	3	1.57%	2	2	93	93	0.124015748031514	1	1	101	87	2	1	A
H2_BC86_consensus_vsearch	878	T	*/-C	179	8	4.19%	2	1	93	93	0.0036189151712300786	1	1	93	86	8	0	-C
H2_BC86_consensus_vsearch	879	C	C	179	3	1.65%	2	1	93	93	0.12396694214879515	1	1	91	88	3	0	+A
H2_BC86_consensus_vsearch	880	C	C	189	1	0.53%	2	1	93	93	0.5000000000001412	1	1	102	87	0	1	+T
H2_BC86_consensus_vsearch	881	T	T	187	4	2.09%	2	1	93	93	0.06151704651694607	1	1	103	84	0	4	C
H2_BC86_consensus_vsearch	882	G	G	184	4	2.08%	2	2	93	93	0.06150134048256699	1	1	99	85	2	2	-CTG
H2_BC86_consensus_vsearch	883	C	C	185	1	0.53%	2	1	93	93	0.5000000000001412	1	1	100	85	1	0	+G
H2_BC86_consensus_vsearch	884	T	T	181	6	3.21%	2	2	93	93	0.015001725210740429	1	1	99	82	2	4	C
H2_BC86_consensus_vsearch	885	G	G	180	6	3.21%	2	2	93	93	0.014998392876323086	1	1	96	84	5	1	A
H2_BC86_consensus_vsearch	886	T	T	187	2	1.05%	2	2	93	93	0.24933687002661706	1	1	100	87	1	1	-C
H2_BC86_consensus_vsearch	887	C	C	189	0	0%	2	0	93	0	1.0	1	0	102	87	0	0	
H2_BC86_consensus_vsearch	888	A	A	189	1	0.52%	2	1	93	93	0.5000000000001412	1	1	103	86	1	0	+CA
H2_BC86_consensus_vsearch	889	T	T	188	2	1.05%	2	2	93	93	0.2493403693931866	1	1	103	85	1	1	C
H2_BC86_consensus_vsearch	890	C	C	188	1	0.52%	2	1	93	93	0.5000000000001412	1	1	103	85	0	1	+A
H2_BC86_consensus_vsearch	891	A	A	186	2	1.06%	2	2	93	93	0.24933333333336263	1	1	101	85	1	1	-C
H2_BC86_consensus_vsearch	892	C	C	188	1	0.53%	2	1	93	93	0.5000000000001412	1	1	102	86	0	1	A
H2_BC86_consensus_vsearch	893	C	Y	182	8	4.19%	2	1	93	93	0.003623372158916335	1	1	102	80	0	8	T
H2_BC86_consensus_vsearch	894	G	G	187	2	1.05%	2	1	93	93	0.24933687002661706	1	1	99	88	2	0	-C
H2_BC86_consensus_vsearch	895	C	C	189	0	0%	2	0	93	0	1.0	1	0	101	88	0	0	
H2_BC86_consensus_vsearch	896	C	C	190	1	0.52%	2	1	93	93	0.4999999999999138	1	1	103	87	0	1	+T
H2_BC86_consensus_vsearch	897	C	Y	183	9	4.69%	2	2	93	93	0.0017745564291022078	1	1	102	81	2	7	T
H2_BC86_consensus_vsearch	898	G	G	190	2	1.04%	2	1	93	93	0.2493472584856949	1	1	102	88	2	0	-AC
H2_BC86_consensus_vsearch	899	A	A	188	2	1.05%	2	2	93	93	0.2493403693931866	1	1	101	87	1	1	G
H2_BC86_consensus_vsearch	900	C	C	187	1	0.53%	2	1	93	93	0.4999999999999138	1	1	100	87	1	0	-G
H2_BC86_consensus_vsearch	901	G	G	187	2	1.05%	2	2	93	93	0.24933687002661706	1	1	100	87	1	1	-C
H2_BC86_consensus_vsearch	902	C	C	186	1	0.53%	2	1	93	93	0.4999999999999138	1	1	100	86	0	1	+T
H2_BC86_consensus_vsearch	903	C	*/-T	103	52	27.23%	2	2	93	93	1.2697552468422037E-18	1	1	68	35	23	29	-T
H2_BC86_consensus_vsearch	904	T	T	117	2	1.68%	2	1	93	93	0.24894514767931006	1	1	73	44	2	0	C
H2_BC86_consensus_vsearch	905	T	T	169	1	0.58%	2	1	93	93	0.5000000000001412	1	1	97	72	1	0	A
H2_BC86_consensus_vsearch	906	T	T	183	0	0%	2	0	93	0	1.0	1	0	103	80	0	0	
H2_BC86_consensus_vsearch	907	T	T	189	1	0.52%	2	1	93	93	0.5000000000001412	1	1	101	88	1	0	A
H2_BC86_consensus_vsearch	908	T	T	190	1	0.52%	2	1	93	93	0.4999999999999138	1	1	102	88	1	0	-A
H2_BC86_consensus_vsearch	909	A	A	184	5	2.63%	2	1	93	93	0.030424403183015276	1	1	96	88	5	0	G
H2_BC86_consensus_vsearch	910	C	C	191	0	0%	2	0	93	0	1.0	1	0	103	88	0	0	
H2_BC86_consensus_vsearch	911	A	A	189	1	0.52%	2	1	93	93	0.5000000000001412	1	1	103	86	0	1	-T
H2_BC86_consensus_vsearch	912	T	T	190	1	0.52%	2	1	93	93	0.4999999999999138	1	1	103	87	1	0	C
H2_BC86_consensus_vsearch	913	C	C	188	2	1.04%	2	2	93	93	0.2493403693931866	1	1	101	87	1	1	T
H2_BC86_consensus_vsearch	914	C	C	190	1	0.52%	2	1	93	93	0.4999999999999138	1	1	102	88	1	0	+A
H2_BC86_consensus_vsearch	915	A	A	192	0	0%	2	0	93	0	1.0	1	0	104	88	0	0	
H2_BC86_consensus_vsearch	916	T	T	191	1	0.52%	2	1	93	93	0.5000000000001412	1	1	103	88	1	0	G
H2_BC86_consensus_vsearch	917	T	T	186	3	1.56%	2	1	93	93	0.1240053050397967	1	1	104	82	0	3	-G
H2_BC86_consensus_vsearch	918	G	G	187	2	1.06%	2	1	93	93	0.24933687002661706	1	1	102	85	2	0	A
H2_BC86_consensus_vsearch	919	G	*/-C	181	7	3.65%	2	1	93	93	0.007380848803681321	1	1	95	86	7	0	-C
H2_BC86_consensus_vsearch	920	C	C	183	1	0.54%	2	1	93	93	0.4999999999999138	1	1	96	87	0	1	+T
H2_BC86_consensus_vsearch	921	C	C	190	1	0.52%	2	1	93	93	0.4999999999999138	1	1	104	86	0	1	-T
H2_BC86_consensus_vsearch	922	T	*/+G	175	11	5.76%	2	1	93	93	4.1935871135675344E-4	1	1	91	84	11	0	+G
H2_BC86_consensus_vsearch	923	A	*/-G	177	12	6.28%	2	1	93	93	2.0390075187582733E-4	1	1	90	87	12	0	-G
H2_BC86_consensus_vsearch	924	G	G	179	1	0.56%	2	1	93	93	0.5000000000001412	1	1	91	88	1	0	-ACTTT
H2_BC86_consensus_vsearch	925	A	A	190	1	0.52%	2	1	93	93	0.4999999999999138	1	1	102	88	1	0	G
H2_BC86_consensus_vsearch	926	C	*/-T	176	10	5.24%	2	2	93	93	8.625446222228462E-4	1	1	99	77	1	9	-T
H2_BC86_consensus_vsearch	927	T	T	177	1	0.56%	2	1	93	93	0.4999999999999138	1	1	101	76	0	1	C
H2_BC86_consensus_vsearch	928	T	T	188	0	0%	2	0	93	0	1.0	1	0	102	86	0	0	
H2_BC86_consensus_vsearch	929	T	*/-G	180	7	3.66%	2	2	93	93	0.007378565932456183	1	1	97	83	6	1	-G
H2_BC86_consensus_vsearch	930	G	G	181	3	1.63%	2	2	93	93	0.12397820163492167	1	1	97	84	1	2	A
H2_BC86_consensus_vsearch	931	G	G	188	2	1.05%	2	2	93	93	0.2493403693931866	1	1	103	85	1	1	A
H2_BC86_consensus_vsearch	932	C	C	180	5	2.62%	2	2	93	93	0.030406577907750046	1	1	98	82	2	3	T
H2_BC86_consensus_vsearch	933	A	A	176	5	2.62%	2	2	93	93	0.03038796595652323	1	1	91	85	4	1	T
H2_BC86_consensus_vsearch	934	C	C	175	6	3.21%	2	2	93	93	0.01498118209621473	1	1	94	81	2	4	T
H2_BC86_consensus_vsearch	935	C	*/-T	170	10	5.24%	2	2	93	93	8.588852401034393E-4	1	1	96	74	3	7	-T
H2_BC86_consensus_vsearch	936	T	T	175	2	1.12%	2	1	93	93	0.2492917847025028	1	1	95	80	2	0	+A
H2_BC86_consensus_vsearch	937	T	T	184	3	1.58%	2	2	93	93	0.12399463806966378	1	1	100	84	1	2	C
H2_BC86_consensus_vsearch	938	A	R	178	11	5.79%	2	1	93	93	4.204021120137521E-4	1	1	90	88	11	0	G
H2_BC86_consensus_vsearch	939	G	G	188	2	1.04%	2	1	93	93	0.2493403693931866	1	1	101	87	2	0	A
H2_BC86_consensus_vsearch	940	C	C	189	2	1.05%	2	2	93	93	0.24934383202100482	1	1	102	87	1	1	T
H2_BC86_consensus_vsearch	941	A	A	185	3	1.57%	2	2	93	93	0.12399999999998497	1	1	99	86	2	1	G
H2_BC86_consensus_vsearch	942	T	T	187	1	0.52%	2	1	93	93	0.4999999999999138	1	1	100	87	1	0	+C
H2_BC86_consensus_vsearch	943	G	R	182	8	4.21%	2	2	93	93	0.003623372158916335	1	1	95	87	7	1	A
H2_BC86_consensus_vsearch	944	G	G	189	1	0.52%	2	1	93	93	0.5000000000001412	1	1	103	86	1	0	+C
H2_BC86_consensus_vsearch	945	C	C	190	1	0.52%	2	1	93	93	0.4999999999999138	1	1	104	86	0	1	+A
H2_BC86_consensus_vsearch	946	G	G	188	2	1.05%	2	1	93	93	0.2493403693931866	1	1	104	84	0	2	-T
H2_BC86_consensus_vsearch	947	T	T	185	3	1.58%	2	1	93	93	0.12399999999998497	1	1	103	82	0	3	+C
H2_BC86_consensus_vsearch	948	T	T	185	4	2.08%	2	2	93	93	0.061506631299724945	1	1	103	82	1	3	-C
H2_BC86_consensus_vsearch	949	C	C	185	1	0.53%	2	1	93	93	0.5000000000001412	1	1	102	83	0	1	+G
H2_BC86_consensus_vsearch	950	G	G	185	5	2.63%	2	1	93	93	0.030428742397642147	1	1	98	87	5	0	A
H2_BC86_consensus_vsearch	951	G	G	188	2	1.05%	2	1	93	93	0.2493403693931866	1	1	102	86	0	2	C
H2_BC86_consensus_vsearch	952	T	Y	184	7	3.66%	2	2	93	93	0.007387555568979833	1	1	101	83	2	5	C
H2_BC86_consensus_vsearch	953	T	T	187	1	0.52%	2	1	93	93	0.4999999999999138	1	1	101	86	0	1	+G
H2_BC86_consensus_vsearch	954	G	G	190	1	0.52%	2	1	93	93	0.4999999999999138	1	1	102	88	1	0	-A
H2_BC86_consensus_vsearch	955	A	A	187	2	1.05%	2	1	93	93	0.24933687002661706	1	1	103	84	0	2	-TC
H2_BC86_consensus_vsearch	956	T	*/-C	160	20	10.53%	2	2	93	93	5.456704829469642E-7	1	1	80	80	19	1	-C
H2_BC86_consensus_vsearch	957	C	C	169	1	0.59%	2	1	93	93	0.5000000000001412	1	1	85	84	0	1	T
H2_BC86_consensus_vsearch	958	C	C	185	2	1.04%	2	1	93	93	0.24932975871318122	1	1	99	86	2	0	+A
H2_BC86_consensus_vsearch	959	C	Y	166	14	7.29%	2	2	93	93	4.693473047991276E-5	1	1	101	65	1	13	T
H2_BC86_consensus_vsearch	960	G	R	174	7	3.76%	2	1	93	93	0.007364345131566664	1	1	92	82	7	0	A
H2_BC86_consensus_vsearch	961	C	C	181	1	0.54%	2	1	93	93	0.4999999999999138	1	1	97	84	1	0	+T
H2_BC86_consensus_vsearch	962	A	A	186	2	1.06%	2	2	93	93	0.24933333333336263	1	1	99	87	1	1	G
H2_BC86_consensus_vsearch	963	G	G	192	0	0%	2	0	93	0	1.0	1	0	104	88	0	0	
H2_BC86_consensus_vsearch	964	C	C	186	5	2.6%	2	1	93	93	0.030433036239869853	1	1	104	82	0	5	-GC
H2_BC86_consensus_vsearch	965	G	G	183	4	2.14%	2	1	93	93	0.061495993004889796	1	1	100	83	4	0	-C
H2_BC86_consensus_vsearch	966	C	C	181	1	0.55%	2	1	93	93	0.4999999999999138	1	1	98	83	1	0	+G
H2_BC86_consensus_vsearch	967	C	C	191	1	0.52%	2	1	93	93	0.5000000000001412	1	1	104	87	0	1	+GGGA
H2_BC86_consensus_vsearch	968	A	A	191	1	0.52%	2	1	93	93	0.5000000000001412	1	1	104	87	0	1	+CA
H2_BC86_consensus_vsearch	969	G	G	191	1	0.52%	2	1	93	93	0.5000000000001412	1	1	104	87	0	1	-T
H2_BC86_consensus_vsearch	970	T	T	189	1	0.52%	2	1	93	93	0.5000000000001412	1	1	103	86	0	1	+C
H2_BC86_consensus_vsearch	971	T	T	189	2	1.04%	2	2	93	93	0.24934383202100482	1	1	102	87	1	1	C
H2_BC86_consensus_vsearch	972	C	C	186	2	1.05%	2	1	93	93	0.24933333333336263	1	1	101	85	0	2	+T
H2_BC86_consensus_vsearch	973	T	T	181	4	2.09%	2	1	93	93	0.06148512438803467	1	1	99	82	0	4	+G
H2_BC86_consensus_vsearch	974	G	G	182	3	1.58%	2	1	93	93	0.12398373983732354	1	1	96	86	3	0	-CT
H2_BC86_consensus_vsearch	975	C	*/-T	156	14	7.45%	2	2	93	93	4.6185121202312E-5	1	1	85	71	13	1	-T
H2_BC86_consensus_vsearch	976	T	T	169	2	1.16%	2	1	93	93	0.24926686217010416	1	1	84	85	2	0	C
H2_BC86_consensus_vsearch	977	T	*/-A	174	13	6.88%	2	1	93	93	9.837503282500424E-5	1	1	88	86	13	0	-A
H2_BC86_consensus_vsearch	978	A	R	155	10	5.62%	2	1	93	93	8.486212450770172E-4	1	1	73	82	10	0	G
H2_BC86_consensus_vsearch	979	C	S	158	14	7.78%	2	1	93	93	4.6341308469083375E-5	1	1	83	75	14	0	G
H2_BC86_consensus_vsearch	980	C	*/-A	126	21	11.11%	2	2	93	93	2.2110395623800217E-7	1	1	84	42	5	16	-A
H2_BC86_consensus_vsearch	981	A	A	159	4	2.4%	2	2	93	93	0.06134793998569001	1	1	94	65	2	2	G
H2_BC86_consensus_vsearch	982	A	A	187	2	1.05%	2	2	93	93	0.24933687002661706	1	1	102	85	1	1	G
H2_BC86_consensus_vsearch	983	A	A	186	3	1.56%	2	2	93	93	0.1240053050397967	1	1	102	84	1	2	G
H2_BC86_consensus_vsearch	984	A	A	177	5	2.6%	2	2	93	93	0.03039269552742511	1	1	101	76	1	4	-C
H2_BC86_consensus_vsearch	985	C	C	181	2	1.07%	2	1	93	93	0.24931506849317653	1	1	102	79	0	2	+T
H2_BC86_consensus_vsearch	986	C	C	183	5	2.6%	2	2	93	93	0.030420017873106126	1	1	102	81	2	3	T
H2_BC86_consensus_vsearch	987	A	A	180	4	2.11%	2	1	93	93	0.06147960135865969	1	1	101	79	0	4	T
H2_BC86_consensus_vsearch	988	G	G	178	4	2.11%	2	1	93	93	0.06146837297681004	1	1	95	83	4	0	+C
H2_BC86_consensus_vsearch	989	C	C	181	2	1.07%	2	1	93	93	0.24931506849317653	1	1	99	82	0	2	T
H2_BC86_consensus_vsearch	990	C	C	185	2	1.04%	2	1	93	93	0.24932975871318122	1	1	103	82	0	2	+TTC
H2_BC86_consensus_vsearch	991	C	C	183	3	1.56%	2	1	93	93	0.12398921832883274	1	1	98	85	3	0	-ACTT
H2_BC86_consensus_vsearch	992	A	R	179	8	4.28%	2	2	93	93	0.0036189151712300786	1	1	92	87	7	1	G
H2_BC86_consensus_vsearch	993	C	C	172	5	2.66%	2	1	93	93	0.030368514079556194	1	1	93	79	5	0	-TT
H2_BC86_consensus_vsearch	994	T	T	176	2	1.12%	2	1	93	93	0.2492957746479494	1	1	93	83	0	2	+C
H2_BC86_consensus_vsearch	995	T	T	178	3	1.64%	2	1	93	93	0.12396121883654573	1	1	94	84	0	3	+G
H2_BC86_consensus_vsearch	996	G	G	190	1	0.52%	2	1	93	93	0.4999999999999138	1	1	102	88	1	0	C
H2_BC86_consensus_vsearch	997	C	C	187	4	2.08%	2	1	93	93	0.06151704651694607	1	1	104	83	0	4	T
H2_BC86_consensus_vsearch	998	G	G	189	3	1.56%	2	1	93	93	0.12402088772842607	1	1	104	85	0	3	+CG
H2_BC86_consensus_vsearch	999	T	*/-C	181	7	3.65%	2	1	93	93	0.007380848803681321	1	1	94	87	7	0	-C
H2_BC86_consensus_vsearch	1000	C	C	185	0	0%	2	0	93	0	1.0	1	0	97	88	0	0	
H2_BC86_consensus_vsearch	1001	C	C	188	2	1.04%	2	1	93	93	0.2493403693931866	1	1	101	87	2	0	-T
H2_BC86_consensus_vsearch	1002	T	T	186	3	1.58%	2	1	93	93	0.1240053050397967	1	1	101	85	0	3	C
H2_BC86_consensus_vsearch	1003	G	G	190	1	0.52%	2	1	93	93	0.4999999999999138	1	1	103	87	0	1	+CG
H2_BC86_consensus_vsearch	1004	T	T	187	3	1.57%	2	2	93	93	0.12401055408976878	1	1	100	87	2	1	C
H2_BC86_consensus_vsearch	1005	C	C	191	0	0%	2	0	93	0	1.0	1	0	103	88	0	0	
H2_BC86_consensus_vsearch	1006	A	*/-T	149	23	11.98%	2	2	93	93	5.423372997847672E-8	1	1	71	78	15	8	-T
H2_BC86_consensus_vsearch	1007	T	T	165	1	0.6%	2	1	93	93	0.4999999999999138	1	1	87	78	1	0	+CAT
H2_BC86_consensus_vsearch	1008	T	T	189	2	1.05%	2	1	93	93	0.24934383202100482	1	1	104	85	0	2	+C
H2_BC86_consensus_vsearch	1009	T	T	190	1	0.52%	2	1	93	93	0.4999999999999138	1	1	104	86	0	1	+C
H2_BC86_consensus_vsearch	1010	T	*/-C	169	10	5.21%	2	2	93	93	8.582524143025632E-4	1	1	94	75	2	8	-C
H2_BC86_consensus_vsearch	1011	C	C	171	4	2.25%	2	1	93	93	0.061427049701525516	1	1	94	77	4	0	T
H2_BC86_consensus_vsearch	1012	C	C	184	1	0.53%	2	1	93	93	0.4999999999999138	1	1	99	85	0	1	+T
H2_BC86_consensus_vsearch	1013	C	C	181	4	2.08%	2	2	93	93	0.06148512438803467	1	1	101	80	1	3	T
H2_BC86_consensus_vsearch	1014	G	G	186	2	1.05%	2	1	93	93	0.24933333333336263	1	1	99	87	2	0	T
H2_BC86_consensus_vsearch	1015	G	G	189	1	0.52%	2	1	93	93	0.5000000000001412	1	1	102	87	1	0	+A
H2_BC86_consensus_vsearch	1016	C	C	188	2	1.04%	2	1	93	93	0.2493403693931866	1	1	101	87	2	0	-G
H2_BC86_consensus_vsearch	1017	G	G	184	3	1.58%	2	1	93	93	0.12399463806966378	1	1	101	83	0	3	-TG
H2_BC86_consensus_vsearch	1018	T	T	184	2	1.07%	2	1	93	93	0.24932614555250343	1	1	103	81	0	2	C
H2_BC86_consensus_vsearch	1019	G	G	183	2	1.06%	2	1	93	93	0.2493224932250014	1	1	99	84	2	0	+C
H2_BC86_consensus_vsearch	1020	C	C	187	1	0.53%	2	1	93	93	0.4999999999999138	1	1	100	87	1	0	+T
H2_BC86_consensus_vsearch	1021	C	C	184	4	2.08%	2	2	93	93	0.06150134048256699	1	1	99	85	2	2	T
H2_BC86_consensus_vsearch	1022	A	*/-CA	172	10	5.29%	2	2	93	93	8.601308235378474E-4	1	1	97	75	1	9	-CA
H2_BC86_consensus_vsearch	1023	C	C	165	5	2.78%	2	1	93	93	0.030332274187469813	1	1	90	75	5	0	+A
H2_BC86_consensus_vsearch	1024	A	A	172	2	1.15%	2	1	93	93	0.24927953890490892	1	1	97	75	2	0	G
H2_BC86_consensus_vsearch	1025	A	A	183	3	1.6%	2	1	93	93	0.12398921832883274	1	1	99	84	3	0	-G
H2_BC86_consensus_vsearch	1026	G	G	183	2	1.07%	2	1	93	93	0.2493224932250014	1	1	101	82	0	2	+C
H2_BC86_consensus_vsearch	1027	G	G	192	0	0%	2	0	93	0	1.0	1	0	104	88	0	0	
H2_BC86_consensus_vsearch	1028	T	T	188	4	2.08%	2	1	93	93	0.061522172652713904	1	1	100	88	4	0	+C
H2_BC86_consensus_vsearch	1029	C	C	190	1	0.52%	2	1	93	93	0.4999999999999138	1	1	102	88	1	0	+TG
H2_BC86_consensus_vsearch	1030	A	A	181	5	2.62%	2	2	93	93	0.030411105997849117	1	1	97	84	4	1	G
H2_BC86_consensus_vsearch	1031	C	C	188	1	0.53%	2	1	93	93	0.5000000000001412	1	1	102	86	0	1	+TGGC
H2_BC86_consensus_vsearch	1032	A	A	186	2	1.06%	2	1	93	93	0.24933333333336263	1	1	100	86	2	0	G
H2_BC86_consensus_vsearch	1033	G	R	182	8	4.19%	2	1	93	93	0.003623372158916335	1	1	96	86	8	0	A
H2_BC86_consensus_vsearch	1034	C	C	188	1	0.53%	2	1	93	93	0.5000000000001412	1	1	102	86	1	0	+A
H2_BC86_consensus_vsearch	1035	A	A	189	1	0.53%	2	1	93	93	0.5000000000001412	1	1	103	86	0	1	+GCA
H2_BC86_consensus_vsearch	1036	A	R	182	9	4.69%	2	2	93	93	0.001773645426870732	1	1	96	86	7	2	G
H2_BC86_consensus_vsearch	1037	C	*/-G	155	31	16.23%	2	2	93	93	1.1910507867683677E-10	1	1	98	57	1	30	-G
H2_BC86_consensus_vsearch	1038	G	R	150	7	4.4%	2	2	93	93	0.007296738417420601	1	1	94	56	6	1	A
H2_BC86_consensus_vsearch	1039	G	G	191	0	0%	2	0	93	0	1.0	1	0	104	87	0	0	
H2_BC86_consensus_vsearch	1040	G	G	191	1	0.52%	2	1	93	93	0.5000000000001412	1	1	103	88	1	0	-A
H2_BC86_consensus_vsearch	1041	A	A	191	0	0%	2	0	93	0	1.0	1	0	103	88	0	0	
H2_BC86_consensus_vsearch	1042	T	T	189	2	1.04%	2	2	93	93	0.24934383202100482	1	1	102	87	1	1	C
H2_BC86_consensus_vsearch	1043	C	C	188	2	1.05%	2	1	93	93	0.2493403693931866	1	1	101	87	2	0	-GC
H2_BC86_consensus_vsearch	1044	G	G	188	1	0.53%	2	1	93	93	0.5000000000001412	1	1	101	87	1	0	A
H2_BC86_consensus_vsearch	1045	C	*/-AC	172	7	3.68%	2	1	93	93	0.007359395499810914	1	1	94	78	7	0	-AC
H2_BC86_consensus_vsearch	1046	A	A	181	1	0.54%	2	1	93	93	0.4999999999999138	1	1	93	88	1	0	-CGCA
H2_BC86_consensus_vsearch	1047	C	C	175	4	2.17%	2	2	93	93	0.06145105929696947	1	1	92	83	1	3	T
H2_BC86_consensus_vsearch	1048	G	G	185	1	0.53%	2	1	93	93	0.5000000000001412	1	1	99	86	1	0	+C
H2_BC86_consensus_vsearch	1049	C	*/-A	176	8	4.26%	2	2	93	93	0.0036143155518784634	1	1	101	75	1	7	-A
H2_BC86_consensus_vsearch	1050	A	A	180	2	1.09%	2	2	93	93	0.24931129476584768	1	1	100	80	1	1	T
H2_BC86_consensus_vsearch	1051	A	A	189	2	1.04%	2	1	93	93	0.24934383202100482	1	1	104	85	0	2	C
H2_BC86_consensus_vsearch	1052	T	Y	183	7	3.65%	2	1	93	93	0.007385343252869138	1	1	103	80	0	7	C
H2_BC86_consensus_vsearch	1053	T	T	182	4	2.08%	2	1	93	93	0.061490587951709585	1	1	104	78	0	4	C
H2_BC86_consensus_vsearch	1054	C	*/-G	161	23	12.37%	2	1	93	93	5.728804349454061E-8	1	1	102	59	0	23	-G
H2_BC86_consensus_vsearch	1055	G	R	151	14	8.48%	2	1	93	93	4.577984250377552E-5	1	1	89	62	14	0	A
H2_BC86_consensus_vsearch	1056	G	*/-A	159	31	16.32%	2	1	93	93	1.2289074700924356E-10	1	1	72	87	31	0	-A
H2_BC86_consensus_vsearch	1057	A	A	160	1	0.62%	2	1	93	93	0.4999999999999138	1	1	73	87	0	1	-G
H2_BC86_consensus_vsearch	1058	G	G	186	5	2.62%	2	1	93	93	0.030433036239869853	1	1	99	87	5	0	-T
H2_BC86_consensus_vsearch	1059	T	T	184	1	0.53%	2	1	93	93	0.4999999999999138	1	1	98	86	0	1	+C
H2_BC86_consensus_vsearch	1060	T	T	188	3	1.56%	2	2	93	93	0.124015748031514	1	1	102	86	2	1	C
H2_BC86_consensus_vsearch	1061	T	T	189	2	1.04%	2	2	93	93	0.24934383202100482	1	1	103	86	1	1	+G
H2_BC86_consensus_vsearch	1062	G	G	190	1	0.52%	2	1	93	93	0.4999999999999138	1	1	102	88	1	0	+AAG
H2_BC86_consensus_vsearch	1063	A	A	183	6	3.12%	2	2	93	93	0.015008284680098535	1	1	96	87	5	1	+G
H2_BC86_consensus_vsearch	1064	G	G	189	1	0.52%	2	1	93	93	0.5000000000001412	1	1	101	88	1	0	+A
H2_BC86_consensus_vsearch	1065	A	A	181	3	1.58%	2	1	93	93	0.12397820163492167	1	1	94	87	3	0	+GA
H2_BC86_consensus_vsearch	1066	A	A	190	1	0.52%	2	1	93	93	0.4999999999999138	1	1	102	88	1	0	+C
H2_BC86_consensus_vsearch	1067	T	T	187	1	0.52%	2	1	93	93	0.4999999999999138	1	1	102	85	0	1	+C
H2_BC86_consensus_vsearch	1068	G	G	187	3	1.57%	2	1	93	93	0.12401055408976878	1	1	101	86	3	0	-A
H2_BC86_consensus_vsearch	1069	A	A	185	2	1.06%	2	2	93	93	0.24932975871318122	1	1	100	85	1	1	G
H2_BC86_consensus_vsearch	1070	G	G	190	1	0.52%	2	1	93	93	0.4999999999999138	1	1	103	87	1	0	-C
H2_BC86_consensus_vsearch	1071	C	C	190	1	0.52%	2	1	93	93	0.4999999999999138	1	1	102	88	1	0	G
H2_BC86_consensus_vsearch	1072	C	C	185	2	1.04%	2	2	93	93	0.24932975871318122	1	1	100	85	1	1	+A
H2_BC86_consensus_vsearch	1073	G	G	180	6	3.16%	2	1	93	93	0.014998392876323086	1	1	92	88	6	0	-A
H2_BC86_consensus_vsearch	1074	A	A	179	5	2.69%	2	2	93	93	0.03040200067187797	1	1	92	87	4	1	-G
H2_BC86_consensus_vsearch	1075	G	G	185	2	1.07%	2	1	93	93	0.24932975871318122	1	1	98	87	2	0	+A
H2_BC86_consensus_vsearch	1076	G	G	178	6	3.12%	2	2	93	93	0.014991620166021489	1	1	91	87	5	1	-C
H2_BC86_consensus_vsearch	1077	C	C	183	1	0.54%	2	1	93	93	0.4999999999999138	1	1	97	86	0	1	+G
H2_BC86_consensus_vsearch	1078	C	C	185	3	1.57%	2	2	93	93	0.12399999999998497	1	1	101	84	1	2	T
H2_BC86_consensus_vsearch	1079	A	A	185	2	1.06%	2	2	93	93	0.24932975871318122	1	1	100	85	1	1	G
H2_BC86_consensus_vsearch	1080	T	T	184	4	2.13%	2	2	93	93	0.06150134048256699	1	1	100	84	2	2	C
H2_BC86_consensus_vsearch	1081	G	G	189	1	0.53%	2	1	93	93	0.5000000000001412	1	1	101	88	1	0	-ATG
H2_BC86_consensus_vsearch	1082	A	A	187	2	1.06%	2	1	93	93	0.24933687002661706	1	1	99	88	2	0	G
H2_BC86_consensus_vsearch	1083	T	T	184	3	1.58%	2	1	93	93	0.12399463806966378	1	1	98	86	3	0	-GG
H2_BC86_consensus_vsearch	1084	G	G	185	1	0.53%	2	1	93	93	0.5000000000001412	1	1	97	88	1	0	+A
H2_BC86_consensus_vsearch	1085	G	*/-C	177	7	3.72%	2	2	93	93	0.007371570136883838	1	1	92	85	6	1	-C
H2_BC86_consensus_vsearch	1086	C	C	180	3	1.63%	2	1	93	93	0.12397260273979696	1	1	94	86	3	0	A
H2_BC86_consensus_vsearch	1087	C	C	188	3	1.57%	2	1	93	93	0.124015748031514	1	1	100	88	3	0	T
H2_BC86_consensus_vsearch	1088	C	C	180	5	2.6%	2	2	93	93	0.030406577907750046	1	1	99	81	4	1	T
H2_BC86_consensus_vsearch	1089	C	Y	152	23	11.98%	2	2	93	93	5.502319621825916E-8	1	1	96	56	3	20	T
H2_BC86_consensus_vsearch	1090	G	G	188	1	0.53%	2	1	93	93	0.5000000000001412	1	1	100	88	1	0	+A
H2_BC86_consensus_vsearch	1091	A	A	187	3	1.56%	2	1	93	93	0.12401055408976878	1	1	100	87	3	0	-G
H2_BC86_consensus_vsearch	1092	G	G	188	0	0%	2	0	93	0	1.0	1	0	101	87	0	0	
H2_BC86_consensus_vsearch	1093	A	A	191	0	0%	2	0	93	0	1.0	1	0	104	87	0	0	
H2_BC86_consensus_vsearch	1094	C	C	191	1	0.52%	2	1	93	93	0.5000000000001412	1	1	103	88	1	0	+GC
H2_BC86_consensus_vsearch	1095	A	*/-C	168	14	7.29%	2	1	93	93	4.707571741372927E-5	1	1	80	88	14	0	-C
H2_BC86_consensus_vsearch	1096	C	C	177	0	0%	2	0	93	0	1.0	1	0	89	88	0	0	
H2_BC86_consensus_vsearch	1097	C	C	188	1	0.52%	2	1	93	93	0.5000000000001412	1	1	103	85	0	1	+T
H2_BC86_consensus_vsearch	1098	T	T	185	3	1.57%	2	2	93	93	0.12399999999998497	1	1	102	83	1	2	C
H2_BC86_consensus_vsearch	1099	A	A	191	0	0%	2	0	93	0	1.0	1	0	104	87	0	0	
H2_BC86_consensus_vsearch	1100	A	A	191	1	0.52%	2	1	93	93	0.5000000000001412	1	1	103	88	1	0	-TC
H2_BC86_consensus_vsearch	1101	T	T	190	1	0.52%	2	1	93	93	0.4999999999999138	1	1	102	88	1	0	+CCT
H2_BC86_consensus_vsearch	1102	C	C	190	1	0.52%	2	1	93	93	0.4999999999999138	1	1	102	88	1	0	-A
H2_BC86_consensus_vsearch	1103	A	A	188	2	1.05%	2	1	93	93	0.2493403693931866	1	1	101	87	2	0	+CA
H2_BC86_consensus_vsearch	1104	T	T	185	3	1.57%	2	1	93	93	0.12399999999998497	1	1	102	83	0	3	+C
H2_BC86_consensus_vsearch	1105	T	T	188	2	1.04%	2	1	93	93	0.2493403693931866	1	1	104	84	0	2	-C
H2_BC86_consensus_vsearch	1106	C	C	184	2	1.05%	2	1	93	93	0.24932614555250343	1	1	99	85	2	0	+G
H2_BC86_consensus_vsearch	1107	G	*/+C	179	9	4.76%	2	1	93	93	0.0017708558237889195	1	1	101	78	0	9	+C
H2_BC86_consensus_vsearch	1108	C	C	189	1	0.52%	2	1	93	93	0.5000000000001412	1	1	102	87	0	1	-T
H2_BC86_consensus_vsearch	1109	T	T	186	2	1.05%	2	2	93	93	0.24933333333336263	1	1	102	84	1	1	C
H2_BC86_consensus_vsearch	1110	C	C	187	2	1.05%	2	1	93	93	0.24933687002661706	1	1	103	84	0	2	-T
H2_BC86_consensus_vsearch	1111	T	T	188	1	0.53%	2	1	93	93	0.5000000000001412	1	1	102	86	1	0	-A
H2_BC86_consensus_vsearch	1112	A	A	185	3	1.58%	2	1	93	93	0.12399999999998497	1	1	98	87	3	0	G
H2_BC86_consensus_vsearch	1113	C	C	189	1	0.53%	2	1	93	93	0.5000000000001412	1	1	103	86	0	1	T
H2_BC86_consensus_vsearch	1114	C	C	178	4	2.08%	2	1	93	93	0.06146837297681004	1	1	94	84	4	0	+A
H2_BC86_consensus_vsearch	1115	G	G	183	5	2.62%	2	1	93	93	0.030420017873106126	1	1	95	88	5	0	C
H2_BC86_consensus_vsearch	1116	C	C	185	3	1.58%	2	2	93	93	0.12399999999998497	1	1	100	85	1	2	+A
H2_BC86_consensus_vsearch	1117	A	A	191	0	0%	2	0	93	0	1.0	1	0	103	88	0	0	
H2_BC86_consensus_vsearch	1118	A	A	185	4	2.09%	2	1	93	93	0.061506631299724945	1	1	98	87	4	0	G
H2_BC86_consensus_vsearch	1119	T	T	187	1	0.52%	2	1	93	93	0.4999999999999138	1	1	100	87	1	0	+CC
H2_BC86_consensus_vsearch	1120	G	G	185	2	1.05%	2	2	93	93	0.24932975871318122	1	1	99	86	1	1	A
H2_BC86_consensus_vsearch	1121	C	C	185	1	0.53%	2	1	93	93	0.5000000000001412	1	1	100	85	0	1	+A
H2_BC86_consensus_vsearch	1122	A	A	187	2	1.05%	2	2	93	93	0.24933687002661706	1	1	101	86	1	1	G
H2_BC86_consensus_vsearch	1123	A	A	180	6	3.12%	2	1	93	93	0.014998392876323086	1	1	94	86	6	0	G
H2_BC86_consensus_vsearch	1124	C	*/-T	182	7	3.68%	2	2	93	93	0.007383107786177688	1	1	97	85	5	2	-T
H2_BC86_consensus_vsearch	1125	T	T	182	2	1.08%	2	1	93	93	0.2493188010900035	1	1	98	84	0	2	C
H2_BC86_consensus_vsearch	1126	G	G	187	1	0.52%	2	1	93	93	0.4999999999999138	1	1	101	86	1	0	+A
H2_BC86_consensus_vsearch	1127	A	A	185	5	2.62%	2	2	93	93	0.030428742397642147	1	1	100	85	2	3	G
H2_BC86_consensus_vsearch	1128	C	C	189	1	0.52%	2	1	93	93	0.5000000000001412	1	1	103	86	0	1	-T
H2_BC86_consensus_vsearch	1129	T	T	183	4	2.11%	2	1	93	93	0.061495993004889796	1	1	103	80	0	4	+C
H2_BC86_consensus_vsearch	1130	C	C	185	5	2.62%	2	2	93	93	0.030428742397642147	1	1	102	83	1	4	-TC
H2_BC86_consensus_vsearch	1131	T	T	184	1	0.54%	2	1	93	93	0.4999999999999138	1	1	102	82	0	1	+G
H2_BC86_consensus_vsearch	1132	C	*/-A	171	11	5.91%	2	1	93	93	4.179166713235648E-4	1	1	90	81	11	0	-A
H2_BC86_consensus_vsearch	1133	A	A	177	1	0.56%	2	1	93	93	0.4999999999999138	1	1	91	86	1	0	+T
H2_BC86_consensus_vsearch	1134	T	K	177	11	5.82%	2	1	93	93	4.200578330993431E-4	1	1	92	85	11	0	G
H2_BC86_consensus_vsearch	1135	T	T	188	1	0.52%	2	1	93	93	0.5000000000001412	1	1	102	86	1	0	+A
H2_BC86_consensus_vsearch	1136	A	*/-G	148	25	13.16%	2	2	93	93	1.1711341691009974E-8	1	1	89	59	5	20	-G
H2_BC86_consensus_vsearch	1137	G	G	164	2	1.2%	2	1	93	93	0.24924471299088177	1	1	97	67	2	0	A
H2_BC86_consensus_vsearch	1138	G	G	190	1	0.52%	2	1	93	93	0.4999999999999138	1	1	103	87	1	0	-A
H2_BC86_consensus_vsearch	1139	A	A	187	4	2.09%	2	1	93	93	0.06151704651694607	1	1	99	88	4	0	T
H2_BC86_consensus_vsearch	1140	A	A	189	2	1.04%	2	1	93	93	0.24934383202100482	1	1	101	88	2	0	+T
H2_BC86_consensus_vsearch	1141	C	C	182	5	2.6%	2	1	93	93	0.030415585729470396	1	1	94	88	5	0	+AC
H2_BC86_consensus_vsearch	1142	G	S	181	7	3.68%	2	1	93	93	0.007380848803681321	1	1	93	88	7	0	C
H2_BC86_consensus_vsearch	1143	C	C	189	1	0.52%	2	1	93	93	0.5000000000001412	1	1	102	87	0	1	+AA
H2_BC86_consensus_vsearch	1144	A	A	189	1	0.52%	2	1	93	93	0.5000000000001412	1	1	101	88	1	0	-G
H2_BC86_consensus_vsearch	1145	G	G	186	1	0.52%	2	1	93	93	0.4999999999999138	1	1	99	87	1	0	+A
H2_BC86_consensus_vsearch	1146	C	C	184	2	1.05%	2	2	93	93	0.24932614555250343	1	1	99	85	1	1	T
H2_BC86_consensus_vsearch	1147	T	T	190	1	0.52%	2	1	93	93	0.4999999999999138	1	1	103	87	0	1	C
H2_BC86_consensus_vsearch	1148	A	A	191	1	0.52%	2	1	93	93	0.5000000000001412	1	1	104	87	0	1	-TC
H2_BC86_consensus_vsearch	1149	T	*/-C	173	17	8.9%	2	1	93	93	5.247440456017121E-6	1	1	87	86	17	0	-C
H2_BC86_consensus_vsearch	1150	C	C	174	0	0%	2	0	93	0	1.0	1	0	87	87	0	0	
H2_BC86_consensus_vsearch	1151	C	C	191	1	0.52%	2	1	93	93	0.5000000000001412	1	1	104	87	0	1	+G
H2_BC86_consensus_vsearch	1152	T	T	187	3	1.56%	2	1	93	93	0.12401055408976878	1	1	104	83	0	3	+G
H2_BC86_consensus_vsearch	1153	G	G	183	6	3.12%	2	2	93	93	0.015008284680098535	1	1	96	87	5	1	-A
H2_BC86_consensus_vsearch	1154	A	*/-G	115	35	19.02%	2	2	93	93	3.0755225539814203E-12	1	1	40	75	27	8	-G
H2_BC86_consensus_vsearch	1155	G	G	134	1	0.74%	2	1	93	93	0.4999999999999138	1	1	55	79	0	1	+AG
H2_BC86_consensus_vsearch	1156	G	G	172	0	0%	2	0	93	0	1.0	1	0	84	88	0	0	
H2_BC86_consensus_vsearch	1157	G	G	167	4	2.31%	2	2	93	93	0.061401915241488844	1	1	83	84	1	3	-A
H2_BC86_consensus_vsearch	1158	A	A	170	0	0%	2	0	93	0	1.0	1	0	85	85	0	0	
H2_BC86_consensus_vsearch	1159	A	A	191	1	0.52%	2	1	93	93	0.5000000000001412	1	1	103	88	1	0	+C
H2_BC86_consensus_vsearch	1160	A	A	187	2	1.04%	2	2	93	93	0.24933687002661706	1	1	103	84	1	1	G
H2_BC86_consensus_vsearch	1161	C	*/-T	176	11	5.79%	2	2	93	93	4.1971005075956745E-4	1	1	102	74	2	9	-T
H2_BC86_consensus_vsearch	1162	T	T	176	1	0.56%	2	1	93	93	0.4999999999999138	1	1	101	75	0	1	+C
H2_BC86_consensus_vsearch	1163	T	*/+C	164	13	6.81%	2	1	93	93	9.713897191766361E-5	1	1	85	79	13	0	+C
H2_BC86_consensus_vsearch	1164	C	*/-G	144	28	15.3%	2	1	93	93	1.1267396439428743E-9	1	1	100	44	0	28	-G
H2_BC86_consensus_vsearch	1165	G	G	152	3	1.88%	2	1	93	93	0.12378640776698767	1	1	100	52	0	3	T
H2_BC86_consensus_vsearch	1166	G	G	185	2	1.05%	2	2	93	93	0.24932975871318122	1	1	99	86	1	1	-A
H2_BC86_consensus_vsearch	1167	A	*/-G	131	48	25.53%	2	2	93	93	9.260323018735618E-17	1	1	68	63	25	23	-G
H2_BC86_consensus_vsearch	1168	G	G	123	6	4.44%	2	1	93	93	0.014723749883521119	1	1	65	58	0	6	+T
H2_BC86_consensus_vsearch	1169	G	G	183	0	0%	2	0	93	0	1.0	1	0	95	88	0	0	
H2_BC86_consensus_vsearch	1170	G	G	184	5	2.62%	2	2	93	93	0.030424403183015276	1	1	99	85	3	2	-A
H2_BC86_consensus_vsearch	1171	A	A	186	0	0%	2	0	93	0	1.0	1	0	100	86	0	0	
H2_BC86_consensus_vsearch	1172	A	A	188	1	0.52%	2	1	93	93	0.5000000000001412	1	1	102	86	1	0	+GT
H2_BC86_consensus_vsearch	1173	C	C	190	1	0.52%	2	1	93	93	0.4999999999999138	1	1	103	87	0	1	T
H2_BC86_consensus_vsearch	1174	C	C	190	1	0.52%	2	1	93	93	0.4999999999999138	1	1	104	86	0	1	-A
H2_BC86_consensus_vsearch	1175	A	A	190	1	0.52%	2	1	93	93	0.4999999999999138	1	1	103	87	1	0	G
H2_BC86_consensus_vsearch	1176	G	G	190	1	0.52%	2	1	93	93	0.4999999999999138	1	1	103	87	0	1	-CCATTA
H2_BC86_consensus_vsearch	1177	C	C	191	0	0%	2	0	93	0	1.0	1	0	104	87	0	0	
H2_BC86_consensus_vsearch	1178	C	C	187	2	1.05%	2	2	93	93	0.24933687002661706	1	1	101	86	1	1	T
H2_BC86_consensus_vsearch	1179	A	A	184	2	1.05%	2	2	93	93	0.24932614555250343	1	1	98	86	1	1	-TTA
H2_BC86_consensus_vsearch	1180	T	T	187	1	0.53%	2	1	93	93	0.4999999999999138	1	1	102	85	0	1	A
H2_BC86_consensus_vsearch	1181	T	T	186	1	0.53%	2	1	93	93	0.4999999999999138	1	1	102	84	1	0	+C
H2_BC86_consensus_vsearch	1182	A	A	181	6	3.19%	2	2	93	93	0.015001725210740429	1	1	99	82	4	2	G
H2_BC86_consensus_vsearch	1183	G	G	189	3	1.56%	2	1	93	93	0.12402088772842607	1	1	101	88	3	0	+A
H2_BC86_consensus_vsearch	1184	A	A	188	2	1.04%	2	1	93	93	0.2493403693931866	1	1	103	85	0	2	G
H2_BC86_consensus_vsearch	1185	C	C	189	2	1.04%	2	1	93	93	0.24934383202100482	1	1	102	87	2	0	+G
H2_BC86_consensus_vsearch	1186	G	G	181	6	3.12%	2	2	93	93	0.015001725210740429	1	1	97	84	3	3	C
H2_BC86_consensus_vsearch	1187	G	G	190	1	0.52%	2	1	93	93	0.4999999999999138	1	1	102	88	1	0	+T
H2_BC86_consensus_vsearch	1188	T	T	188	3	1.56%	2	1	93	93	0.124015748031514	1	1	104	84	0	3	C
H2_BC86_consensus_vsearch	1189	T	T	186	3	1.56%	2	1	93	93	0.1240053050397967	1	1	102	84	0	3	-C
H2_BC86_consensus_vsearch	1190	C	C	187	1	0.53%	2	1	93	93	0.4999999999999138	1	1	104	83	0	1	+G
H2_BC86_consensus_vsearch	1191	G	G	190	1	0.52%	2	1	93	93	0.4999999999999138	1	1	104	86	0	1	-ATAGG
H2_BC86_consensus_vsearch	1192	A	A	191	0	0%	2	0	93	0	1.0	1	0	104	87	0	0	
H2_BC86_consensus_vsearch	1193	T	T	184	3	1.57%	2	1	93	93	0.12399463806966378	1	1	97	87	3	0	+G
H2_BC86_consensus_vsearch	1194	A	R	169	8	4.26%	2	2	93	93	0.0036029884966937457	1	1	90	79	7	1	G
H2_BC86_consensus_vsearch	1195	G	G	185	0	0%	2	0	93	0	1.0	1	0	101	84	0	0	
H2_BC86_consensus_vsearch	1196	G	*/+T	173	13	6.81%	2	1	93	93	9.825694645134978E-5	1	1	103	70	0	13	+T
H2_BC86_consensus_vsearch	1197	T	T	181	4	2.08%	2	1	93	93	0.06148512438803467	1	1	103	78	0	4	-CTT
H2_BC86_consensus_vsearch	1198	C	*/-T	153	15	8.15%	2	1	93	93	2.2012244605339464E-5	1	1	100	53	0	15	-T
H2_BC86_consensus_vsearch	1199	T	T	166	2	1.19%	2	2	93	93	0.24925373134341675	1	1	101	65	1	1	C
H2_BC86_consensus_vsearch	1200	T	T	182	1	0.54%	2	1	93	93	0.4999999999999138	1	1	103	79	0	1	+CT
H2_BC86_consensus_vsearch	1201	T	T	189	2	1.04%	2	1	93	93	0.24934383202100482	1	1	104	85	0	2	-C
H2_BC86_consensus_vsearch	1202	C	C	178	5	2.63%	2	1	93	93	0.0303973734857873	1	1	101	77	0	5	+T
H2_BC86_consensus_vsearch	1203	G	*/-C	140	42	22.22%	2	2	93	93	1.563352416818062E-14	1	1	69	71	30	12	-C
H2_BC86_consensus_vsearch	1204	C	C	146	1	0.68%	2	1	93	93	0.5000000000001412	1	1	72	74	0	1	+G
H2_BC86_consensus_vsearch	1205	C	C	185	5	2.62%	2	2	93	93	0.030428742397642147	1	1	99	86	3	2	T
H2_BC86_consensus_vsearch	1206	C	C	185	4	2.08%	2	1	93	93	0.061506631299724945	1	1	102	83	0	4	+T
H2_BC86_consensus_vsearch	1207	C	C	187	3	1.56%	2	2	93	93	0.12401055408976878	1	1	103	84	1	2	T
H2_BC86_consensus_vsearch	1208	T	T	188	1	0.53%	2	1	93	93	0.5000000000001412	1	1	103	85	1	0	+G
H2_BC86_consensus_vsearch	1209	A	A	188	2	1.04%	2	1	93	93	0.2493403693931866	1	1	100	88	2	0	-TA
H2_BC86_consensus_vsearch	1210	T	T	182	4	2.12%	2	1	93	93	0.061490587951709585	1	1	95	87	4	0	-AC
H2_BC86_consensus_vsearch	1211	A	A	172	6	3.26%	2	2	93	93	0.014970394264573016	1	1	87	85	5	1	-C
H2_BC86_consensus_vsearch	1212	C	C	176	4	2.2%	2	2	93	93	0.061456894735582995	1	1	91	85	2	2	+T
H2_BC86_consensus_vsearch	1213	C	S	185	7	3.65%	2	1	93	93	0.007389745092191117	1	1	97	88	7	0	G
H2_BC86_consensus_vsearch	1214	C	C	190	1	0.52%	2	1	93	93	0.4999999999999138	1	1	103	87	0	1	-AG
H2_BC86_consensus_vsearch	1215	A	A	187	3	1.57%	2	2	93	93	0.12401055408976878	1	1	101	86	2	1	G
H2_BC86_consensus_vsearch	1216	G	G	190	1	0.52%	2	1	93	93	0.4999999999999138	1	1	103	87	1	0	+A
H2_BC86_consensus_vsearch	1217	G	G	191	1	0.52%	2	1	93	93	0.5000000000001412	1	1	103	88	1	0	+AA
H2_BC86_consensus_vsearch	1218	T	T	191	1	0.52%	2	1	93	93	0.5000000000001412	1	1	103	88	1	0	C
H2_BC86_consensus_vsearch	1219	T	T	191	1	0.52%	2	1	93	93	0.5000000000001412	1	1	103	88	1	0	-AC
H2_BC86_consensus_vsearch	1220	A	A	186	5	2.62%	2	2	93	93	0.030433036239869853	1	1	101	85	2	3	G
H2_BC86_consensus_vsearch	1221	C	C	189	1	0.52%	2	1	93	93	0.5000000000001412	1	1	102	87	1	0	-G
H2_BC86_consensus_vsearch	1222	G	G	186	3	1.57%	2	1	93	93	0.1240053050397967	1	1	102	84	0	3	-CG
H2_BC86_consensus_vsearch	1223	C	C	186	1	0.53%	2	1	93	93	0.4999999999999138	1	1	103	83	1	0	+A
H2_BC86_consensus_vsearch	1224	G	G	182	2	1.06%	2	2	93	93	0.2493188010900035	1	1	102	80	1	1	+CG
H2_BC86_consensus_vsearch	1225	A	A	191	1	0.52%	2	1	93	93	0.5000000000001412	1	1	104	87	0	1	+C
H2_BC86_consensus_vsearch	1226	T	T	189	2	1.04%	2	1	93	93	0.24934383202100482	1	1	103	86	0	2	-C
H2_BC86_consensus_vsearch	1227	C	C	186	1	0.53%	2	1	93	93	0.4999999999999138	1	1	103	83	0	1	+A
H2_BC86_consensus_vsearch	1228	G	*/-A	180	8	4.17%	2	1	93	93	0.00362041635085765	1	1	92	88	8	0	-A
H2_BC86_consensus_vsearch	1229	A	*/-T	159	12	6.67%	2	2	93	93	1.9993797238853733E-4	1	1	83	76	7	5	-T
H2_BC86_consensus_vsearch	1230	T	K	168	7	4%	2	1	93	93	0.007349160919077469	1	1	86	82	7	0	G
H2_BC86_consensus_vsearch	1231	T	T	182	5	2.62%	2	1	93	93	0.030415585729470396	1	1	100	82	0	5	C
H2_BC86_consensus_vsearch	1232	T	T	182	4	2.08%	2	1	93	93	0.061490587951709585	1	1	102	80	0	4	G
H2_BC86_consensus_vsearch	1233	G	G	189	1	0.53%	2	1	93	93	0.5000000000001412	1	1	102	87	0	1	-C
H2_BC86_consensus_vsearch	1234	C	*/-AC	171	14	7.37%	2	1	93	93	4.728202054249692E-5	1	1	88	83	14	0	-AC
H2_BC86_consensus_vsearch	1235	A	A	169	5	2.82%	2	1	93	93	0.0303533391805526	1	1	89	80	0	5	+T
H2_BC86_consensus_vsearch	1236	C	C	174	2	1.12%	2	1	93	93	0.24928774928777736	1	1	88	86	2	0	+AC
H2_BC86_consensus_vsearch	1237	G	G	191	0	0%	2	0	93	0	1.0	1	0	104	87	0	0	
H2_BC86_consensus_vsearch	1238	T	T	184	4	2.09%	2	2	93	93	0.06150134048256699	1	1	99	85	2	2	C
H2_BC86_consensus_vsearch	1239	C	C	185	3	1.57%	2	1	93	93	0.12399999999998497	1	1	99	86	3	0	+A
H2_BC86_consensus_vsearch	1240	A	A	184	4	2.09%	2	1	93	93	0.06150134048256699	1	1	99	85	4	0	-G
H2_BC86_consensus_vsearch	1241	G	G	185	1	0.53%	2	1	93	93	0.5000000000001412	1	1	97	88	1	0	-AA
H2_BC86_consensus_vsearch	1242	A	A	190	0	0%	2	0	93	0	1.0	1	0	102	88	0	0	
H2_BC86_consensus_vsearch	1243	A	A	182	4	2.11%	2	1	93	93	0.061490587951709585	1	1	98	84	4	0	G
H2_BC86_consensus_vsearch	1244	T	T	183	3	1.59%	2	2	93	93	0.12398921832883274	1	1	102	81	1	2	C
H2_BC86_consensus_vsearch	1245	C	C	180	2	1.05%	2	1	93	93	0.24931129476584768	1	1	98	82	2	0	-G
H2_BC86_consensus_vsearch	1246	G	G	183	2	1.08%	2	1	93	93	0.2493224932250014	1	1	97	86	2	0	A
H2_BC86_consensus_vsearch	1247	C	C	181	2	1.07%	2	1	93	93	0.24931506849317653	1	1	97	84	0	2	-TA
H2_BC86_consensus_vsearch	1248	T	T	180	4	2.15%	2	1	93	93	0.06147960135865969	1	1	101	79	0	4	C
H2_BC86_consensus_vsearch	1249	A	A	181	5	2.65%	2	2	93	93	0.030411105997849117	1	1	98	83	4	1	G
H2_BC86_consensus_vsearch	1250	C	C	185	3	1.57%	2	1	93	93	0.12399999999998497	1	1	101	84	0	3	T
H2_BC86_consensus_vsearch	1251	A	A	184	4	2.08%	2	2	93	93	0.06150134048256699	1	1	98	86	3	1	-G
H2_BC86_consensus_vsearch	1252	G	G	188	0	0%	2	0	93	0	1.0	1	0	101	87	0	0	
H2_BC86_consensus_vsearch	1253	G	G	185	4	2.08%	2	2	93	93	0.061506631299724945	1	1	102	83	1	3	-C
H2_BC86_consensus_vsearch	1254	C	C	186	1	0.53%	2	1	93	93	0.4999999999999138	1	1	102	84	0	1	+T
H2_BC86_consensus_vsearch	1255	C	C	187	3	1.56%	2	2	93	93	0.12401055408976878	1	1	102	85	1	2	-T
H2_BC86_consensus_vsearch	1256	T	T	183	3	1.6%	2	2	93	93	0.12398921832883274	1	1	100	83	2	1	+C
H2_BC86_consensus_vsearch	1257	C	C	187	1	0.53%	2	1	93	93	0.4999999999999138	1	1	101	86	1	0	A
H2_BC86_consensus_vsearch	1258	C	C	185	3	1.56%	2	2	93	93	0.12399999999998497	1	1	99	86	1	2	T
H2_BC86_consensus_vsearch	1259	A	A	185	1	0.53%	2	1	93	93	0.5000000000001412	1	1	97	88	1	0	+C
H2_BC86_consensus_vsearch	1260	C	C	184	2	1.06%	2	1	93	93	0.24932614555250343	1	1	98	86	0	2	+T
H2_BC86_consensus_vsearch	1261	C	C	187	1	0.53%	2	1	93	93	0.4999999999999138	1	1	100	87	0	1	-A
H2_BC86_consensus_vsearch	1262	A	A	188	2	1.05%	2	1	93	93	0.2493403693931866	1	1	101	87	2	0	G
H2_BC86_consensus_vsearch	1263	G	G	188	2	1.04%	2	1	93	93	0.2493403693931866	1	1	103	85	0	2	-CG
H2_BC86_consensus_vsearch	1264	C	C	188	1	0.53%	2	1	93	93	0.5000000000001412	1	1	103	85	0	1	+T
H2_BC86_consensus_vsearch	1265	G	G	183	2	1.06%	2	1	93	93	0.2493224932250014	1	1	102	81	0	2	-T
H2_BC86_consensus_vsearch	1266	T	T	186	1	0.53%	2	1	93	93	0.4999999999999138	1	1	103	83	0	1	+GC
H2_BC86_consensus_vsearch	1267	T	T	187	2	1.06%	2	2	93	93	0.24933687002661706	1	1	102	85	1	1	C
H2_BC86_consensus_vsearch	1268	T	*/-C	177	8	4.21%	2	2	93	93	0.0036158650264919274	1	1	93	84	5	3	-C
H2_BC86_consensus_vsearch	1269	C	C	179	2	1.1%	2	1	93	93	0.24930747922443972	1	1	97	82	0	2	G
H2_BC86_consensus_vsearch	1270	C	C	184	4	2.09%	2	1	93	93	0.06150134048256699	1	1	98	86	4	0	-AC
H2_BC86_consensus_vsearch	1271	A	A	185	2	1.07%	2	1	93	93	0.24932975871318122	1	1	97	88	2	0	G
H2_BC86_consensus_vsearch	1272	C	C	185	2	1.06%	2	1	93	93	0.24932975871318122	1	1	98	87	2	0	-T
H2_BC86_consensus_vsearch	1273	T	T	182	5	2.63%	2	1	93	93	0.030415585729470396	1	1	101	81	0	5	C
H2_BC86_consensus_vsearch	1274	G	G	187	2	1.06%	2	1	93	93	0.24933687002661706	1	1	101	86	2	0	A
H2_BC86_consensus_vsearch	1275	G	G	184	5	2.6%	2	2	93	93	0.030424403183015276	1	1	99	85	4	1	A
H2_BC86_consensus_vsearch	1276	C	C	185	2	1.05%	2	1	93	93	0.24932975871318122	1	1	98	87	2	0	-T
H2_BC86_consensus_vsearch	1277	T	T	183	2	1.08%	2	1	93	93	0.2493224932250014	1	1	96	87	2	0	C
H2_BC86_consensus_vsearch	1278	T	T	179	6	3.17%	2	2	93	93	0.014995024721629802	1	1	93	86	4	2	+C
H2_BC86_consensus_vsearch	1279	C	C	188	1	0.53%	2	1	93	93	0.5000000000001412	1	1	101	87	0	1	+A
H2_BC86_consensus_vsearch	1280	A	A	183	4	2.08%	2	1	93	93	0.061495993004889796	1	1	95	88	4	0	-C
H2_BC86_consensus_vsearch	1281	C	C	183	2	1.07%	2	1	93	93	0.2493224932250014	1	1	98	85	0	2	+T
H2_BC86_consensus_vsearch	1282	C	*/-T	166	12	6.28%	2	2	93	93	2.0156809457974717E-4	1	1	100	66	1	11	-T
H2_BC86_consensus_vsearch	1283	T	T	174	3	1.69%	2	1	93	93	0.12393767705382001	1	1	97	77	3	0	A
H2_BC86_consensus_vsearch	1284	T	*/-AC	181	7	3.68%	2	1	93	93	0.007380848803681321	1	1	94	87	7	0	-AC
H2_BC86_consensus_vsearch	1285	A	*/-C	173	7	3.78%	2	2	93	93	0.007361883903780164	1	1	86	87	6	1	-C
H2_BC86_consensus_vsearch	1286	C	C	174	0	0%	2	0	93	0	1.0	1	0	87	87	0	0	
H2_BC86_consensus_vsearch	1287	C	S	180	7	3.72%	2	1	93	93	0.007378565932456183	1	1	93	87	7	0	G
H2_BC86_consensus_vsearch	1288	C	C	181	4	2.08%	2	1	93	93	0.06148512438803467	1	1	101	80	0	4	-GG
H2_BC86_consensus_vsearch	1289	G	R	172	13	6.99%	2	1	93	93	9.813768217245088E-5	1	1	90	82	13	0	A
H2_BC86_consensus_vsearch	1290	G	G	185	2	1.06%	2	1	93	93	0.24932975871318122	1	1	101	84	2	0	A
H2_BC86_consensus_vsearch	1291	G	G	190	2	1.04%	2	1	93	93	0.2493472584856949	1	1	102	88	2	0	A
H2_BC86_consensus_vsearch	1292	C	C	192	0	0%	2	0	93	0	1.0	1	0	104	88	0	0	
H2_BC86_consensus_vsearch	1293	A	A	184	2	1.04%	2	1	93	93	0.24932614555250343	1	1	97	87	2	0	+C
H2_BC86_consensus_vsearch	1294	T	T	186	3	1.58%	2	1	93	93	0.1240053050397967	1	1	98	88	3	0	C
H2_BC86_consensus_vsearch	1295	A	A	188	2	1.05%	2	1	93	93	0.2493403693931866	1	1	102	86	0	2	-G
H2_BC86_consensus_vsearch	1296	G	G	187	1	0.53%	2	1	93	93	0.4999999999999138	1	1	102	85	0	1	+CG
H2_BC86_consensus_vsearch	1297	T	T	190	1	0.52%	2	1	93	93	0.4999999999999138	1	1	103	87	0	1	+C
H2_BC86_consensus_vsearch	1298	T	T	189	2	1.04%	2	2	93	93	0.24934383202100482	1	1	102	87	1	1	-C
H2_BC86_consensus_vsearch	1299	C	C	189	1	0.53%	2	1	93	93	0.5000000000001412	1	1	103	86	0	1	T
H2_BC86_consensus_vsearch	1300	A	A	190	1	0.52%	2	1	93	93	0.4999999999999138	1	1	103	87	1	0	+C
H2_BC86_consensus_vsearch	1301	C	C	186	3	1.57%	2	1	93	93	0.1240053050397967	1	1	104	82	0	3	+T
H2_BC86_consensus_vsearch	1302	C	C	190	1	0.52%	2	1	93	93	0.4999999999999138	1	1	104	86	0	1	T
H2_BC86_consensus_vsearch	1303	A	A	191	0	0%	2	0	93	0	1.0	1	0	104	87	0	0	
H2_BC86_consensus_vsearch	1304	T	T	191	1	0.52%	2	1	93	93	0.5000000000001412	1	1	103	88	1	0	C
H2_BC86_consensus_vsearch	1305	C	*/-T	173	15	7.81%	2	2	93	93	2.2823007615405344E-5	1	1	101	72	1	14	-T
H2_BC86_consensus_vsearch	1306	T	T	174	1	0.57%	2	1	93	93	0.4999999999999138	1	1	103	71	0	1	+C
H2_BC86_consensus_vsearch	1307	T	T	188	1	0.53%	2	1	93	93	0.5000000000001412	1	1	102	86	1	0	A
H2_BC86_consensus_vsearch	1308	T	T	185	3	1.56%	2	1	93	93	0.12399999999998497	1	1	99	86	3	0	+C
H2_BC86_consensus_vsearch	1309	C	C	183	3	1.58%	2	1	93	93	0.12398921832883274	1	1	103	80	0	3	-GG
H2_BC86_consensus_vsearch	1310	G	R	176	10	5.35%	2	2	93	93	8.625446222228462E-4	1	1	95	81	9	1	A
H2_BC86_consensus_vsearch	1311	G	G	189	0	0%	2	0	93	0	1.0	1	0	104	85	0	0	
H2_BC86_consensus_vsearch	1312	G	G	191	1	0.52%	2	1	93	93	0.5000000000001412	1	1	103	88	1	0	A
H2_BC86_consensus_vsearch	1313	T	T	189	1	0.52%	2	1	93	93	0.5000000000001412	1	1	102	87	1	0	+C
H2_BC86_consensus_vsearch	1314	C	C	190	1	0.52%	2	1	93	93	0.4999999999999138	1	1	103	87	0	1	-G
H2_BC86_consensus_vsearch	1315	G	G	188	2	1.05%	2	2	93	93	0.2493403693931866	1	1	103	85	1	1	A
H2_BC86_consensus_vsearch	1316	C	C	185	2	1.04%	2	1	93	93	0.24932975871318122	1	1	102	83	0	2	A
H2_BC86_consensus_vsearch	1317	A	A	182	6	3.16%	2	2	93	93	0.015005022293196836	1	1	97	85	4	2	G
H2_BC86_consensus_vsearch	1318	C	C	187	1	0.53%	2	1	93	93	0.4999999999999138	1	1	99	88	1	0	G
H2_BC86_consensus_vsearch	1319	C	C	179	5	2.6%	2	1	93	93	0.03040200067187797	1	1	97	82	5	0	+A
H2_BC86_consensus_vsearch	1320	G	G	178	5	2.62%	2	2	93	93	0.0303973734857873	1	1	94	84	2	3	-TA
H2_BC86_consensus_vsearch	1321	T	T	180	5	2.69%	2	2	93	93	0.030406577907750046	1	1	97	83	4	1	C
H2_BC86_consensus_vsearch	1322	A	A	179	3	1.61%	2	1	93	93	0.12396694214879515	1	1	96	83	3	0	G
H2_BC86_consensus_vsearch	1323	C	C	184	3	1.58%	2	2	93	93	0.12399463806966378	1	1	100	84	2	1	+G
H2_BC86_consensus_vsearch	1324	A	A	186	4	2.08%	2	1	93	93	0.061511866352189214	1	1	98	88	4	0	G
H2_BC86_consensus_vsearch	1325	T	T	187	3	1.56%	2	1	93	93	0.12401055408976878	1	1	100	87	3	0	-GCT
H2_BC86_consensus_vsearch	1326	G	G	182	4	2.14%	2	2	93	93	0.061490587951709585	1	1	96	86	3	1	A
H2_BC86_consensus_vsearch	1327	C	C	183	3	1.6%	2	2	93	93	0.12398921832883274	1	1	97	86	1	2	-T
H2_BC86_consensus_vsearch	1328	T	T	182	1	0.54%	2	1	93	93	0.4999999999999138	1	1	97	85	1	0	+C
H2_BC86_consensus_vsearch	1329	C	C	183	4	2.11%	2	1	93	93	0.061495993004889796	1	1	99	84	0	4	+T
H2_BC86_consensus_vsearch	1330	T	T	185	2	1.05%	2	1	93	93	0.24932975871318122	1	1	101	84	0	2	C
H2_BC86_consensus_vsearch	1331	A	A	186	2	1.04%	2	1	93	93	0.24933333333336263	1	1	102	84	0	2	-C
H2_BC86_consensus_vsearch	1332	C	C	185	3	1.58%	2	1	93	93	0.12399999999998497	1	1	104	81	0	3	+T
H2_BC86_consensus_vsearch	1333	C	C	183	6	3.12%	2	1	93	93	0.015008284680098535	1	1	104	79	0	6	-T
H2_BC86_consensus_vsearch	1334	T	T	178	2	1.09%	2	1	93	93	0.24930362117001986	1	1	102	76	0	2	-C
H2_BC86_consensus_vsearch	1335	C	C	182	2	1.07%	2	1	93	93	0.2493188010900035	1	1	101	81	2	0	-GC
H2_BC86_consensus_vsearch	1336	G	G	186	2	1.06%	2	1	93	93	0.24933333333336263	1	1	99	87	2	0	A
H2_BC86_consensus_vsearch	1337	C	C	182	2	1.05%	2	1	93	93	0.2493188010900035	1	1	100	82	0	2	+A
H2_BC86_consensus_vsearch	1338	A	A	186	2	1.05%	2	1	93	93	0.24933333333336263	1	1	102	84	2	0	G
H2_BC86_consensus_vsearch	1339	C	C	180	5	2.6%	2	1	93	93	0.030406577907750046	1	1	97	83	5	0	-A
H2_BC86_consensus_vsearch	1340	A	A	181	3	1.6%	2	2	93	93	0.12397820163492167	1	1	96	85	2	1	G
H2_BC86_consensus_vsearch	1341	A	A	189	2	1.04%	2	1	93	93	0.24934383202100482	1	1	104	85	0	2	-G
H2_BC86_consensus_vsearch	1342	G	G	187	1	0.53%	2	1	93	93	0.4999999999999138	1	1	102	85	1	0	+A
H2_BC86_consensus_vsearch	1343	G	G	190	1	0.52%	2	1	93	93	0.4999999999999138	1	1	103	87	0	1	+TG
H2_BC86_consensus_vsearch	1344	C	*/-G	180	9	4.69%	2	2	93	93	0.001771795269848945	1	1	101	79	3	6	-G
H2_BC86_consensus_vsearch	1345	G	G	181	2	1.09%	2	1	93	93	0.24931506849317653	1	1	99	82	2	0	A
H2_BC86_consensus_vsearch	1346	G	G	189	2	1.04%	2	1	93	93	0.24934383202100482	1	1	101	88	2	0	+A
H2_BC86_consensus_vsearch	1347	G	G	190	1	0.52%	2	1	93	93	0.4999999999999138	1	1	102	88	1	0	A
H2_BC86_consensus_vsearch	1348	T	T	190	1	0.52%	2	1	93	93	0.4999999999999138	1	1	102	88	1	0	-GCGGG
H2_BC86_consensus_vsearch	1349	G	G	189	1	0.52%	2	1	93	93	0.5000000000001412	1	1	101	88	1	0	-CGG
H2_BC86_consensus_vsearch	1350	C	*/-G	167	15	7.89%	2	2	93	93	2.2596344358586746E-5	1	1	100	67	1	14	-G
H2_BC86_consensus_vsearch	1351	G	G	167	4	2.31%	2	2	93	93	0.061401915241488844	1	1	97	70	3	1	A
H2_BC86_consensus_vsearch	1352	G	G	183	2	1.06%	2	1	93	93	0.2493224932250014	1	1	100	83	2	0	+A
H2_BC86_consensus_vsearch	1353	G	G	190	1	0.52%	2	1	93	93	0.4999999999999138	1	1	102	88	1	0	T
H2_BC86_consensus_vsearch	1354	T	T	187	4	2.08%	2	1	93	93	0.06151704651694607	1	1	104	83	0	4	-G
H2_BC86_consensus_vsearch	1355	G	*/+T	179	7	3.72%	2	1	93	93	0.007376258791632204	1	1	103	76	0	7	+T
H2_BC86_consensus_vsearch	1356	T	T	184	3	1.56%	2	1	93	93	0.12399463806966378	1	1	101	83	0	3	-C
H2_BC86_consensus_vsearch	1357	C	*/-T	172	13	6.91%	2	2	93	93	9.813768217245088E-5	1	1	100	72	3	10	-T
H2_BC86_consensus_vsearch	1358	T	T	169	2	1.12%	2	1	93	93	0.24926686217010416	1	1	98	71	0	2	-GC
H2_BC86_consensus_vsearch	1359	G	G	183	5	2.65%	2	1	93	93	0.030420017873106126	1	1	98	85	5	0	A
H2_BC86_consensus_vsearch	1360	C	C	187	1	0.53%	2	1	93	93	0.4999999999999138	1	1	104	83	0	1	+A
H2_BC86_consensus_vsearch	1361	C	C	181	4	2.08%	2	2	93	93	0.06148512438803467	1	1	99	82	1	3	T
H2_BC86_consensus_vsearch	1362	A	A	176	5	2.65%	2	2	93	93	0.03038796595652323	1	1	98	78	3	2	G
H2_BC86_consensus_vsearch	1363	C	*/-A	152	26	13.9%	2	2	93	93	5.5683860136846755E-9	1	1	75	77	24	2	-A
H2_BC86_consensus_vsearch	1364	A	A	154	3	1.86%	2	2	93	93	0.1238019169328877	1	1	75	79	2	1	G
H2_BC86_consensus_vsearch	1365	A	A	179	5	2.65%	2	2	93	93	0.03040200067187797	1	1	100	79	4	1	G
H2_BC86_consensus_vsearch	1366	G	G	178	4	2.13%	2	1	93	93	0.06146837297681004	1	1	103	75	0	4	+C
H2_BC86_consensus_vsearch	1367	G	G	191	1	0.52%	2	1	93	93	0.5000000000001412	1	1	104	87	0	1	+CG
H2_BC86_consensus_vsearch	1368	A	A	190	2	1.04%	2	1	93	93	0.2493472584856949	1	1	102	88	2	0	G
H2_BC86_consensus_vsearch	1369	C	C	186	3	1.56%	2	2	93	93	0.1240053050397967	1	1	101	85	1	2	T
H2_BC86_consensus_vsearch	1370	A	A	179	3	1.57%	2	1	93	93	0.12396694214879515	1	1	95	84	3	0	+T
H2_BC86_consensus_vsearch	1371	T	T	182	3	1.6%	2	1	93	93	0.12398373983732354	1	1	101	81	0	3	+C
H2_BC86_consensus_vsearch	1372	T	*/-C	163	23	12.04%	2	2	93	93	5.777119471395887E-8	1	1	96	67	5	18	-C
H2_BC86_consensus_vsearch	1373	C	C	168	1	0.59%	2	1	93	93	0.4999999999999138	1	1	98	70	1	0	T
H2_BC86_consensus_vsearch	1374	C	C	189	2	1.04%	2	1	93	93	0.24934383202100482	1	1	104	85	0	2	+T
H2_BC86_consensus_vsearch	1375	C	C	186	3	1.56%	2	1	93	93	0.1240053050397967	1	1	104	82	0	3	T
H2_BC86_consensus_vsearch	1376	C	C	182	6	3.12%	2	2	93	93	0.015005022293196836	1	1	102	80	1	5	+T
H2_BC86_consensus_vsearch	1377	A	A	188	1	0.53%	2	1	93	93	0.5000000000001412	1	1	101	87	1	0	C
H2_BC86_consensus_vsearch	1378	T	T	187	2	1.05%	2	1	93	93	0.24933687002661706	1	1	101	86	2	0	+CC
H2_BC86_consensus_vsearch	1379	C	C	189	1	0.52%	2	1	93	93	0.5000000000001412	1	1	101	88	1	0	+AC
H2_BC86_consensus_vsearch	1380	G	G	190	2	1.04%	2	2	93	93	0.2493472584856949	1	1	103	87	1	1	A
H2_BC86_consensus_vsearch	1381	T	T	188	2	1.04%	2	1	93	93	0.2493403693931866	1	1	103	85	0	2	C
H2_BC86_consensus_vsearch	1382	C	C	189	1	0.52%	2	1	93	93	0.5000000000001412	1	1	102	87	1	0	+T
H2_BC86_consensus_vsearch	1383	G	G	184	3	1.57%	2	2	93	93	0.12399463806966378	1	1	100	84	1	2	-CG
H2_BC86_consensus_vsearch	1384	C	C	177	5	2.67%	2	1	93	93	0.03039269552742511	1	1	99	78	0	5	-GT
H2_BC86_consensus_vsearch	1385	G	G	178	2	1.1%	2	1	93	93	0.24930362117001986	1	1	100	78	2	0	A
H2_BC86_consensus_vsearch	1386	T	T	184	1	0.54%	2	1	93	93	0.4999999999999138	1	1	104	80	0	1	+C
H2_BC86_consensus_vsearch	1387	T	T	182	4	2.08%	2	2	93	93	0.061490587951709585	1	1	102	80	1	3	C
H2_BC86_consensus_vsearch	1388	C	C	178	5	2.63%	2	1	93	93	0.0303973734857873	1	1	98	80	5	0	-G
H2_BC86_consensus_vsearch	1389	G	G	183	1	0.54%	2	1	93	93	0.4999999999999138	1	1	97	86	1	0	+CC
H2_BC86_consensus_vsearch	1390	C	C	177	4	2.11%	2	1	93	93	0.061462665606988216	1	1	93	84	4	0	A
H2_BC86_consensus_vsearch	1391	T	T	180	3	1.59%	2	2	93	93	0.12397260273979696	1	1	95	85	2	1	C
H2_BC86_consensus_vsearch	1392	A	R	175	7	3.76%	2	2	93	93	0.007366779625824957	1	1	91	84	4	3	G
H2_BC86_consensus_vsearch	1393	C	C	184	2	1.06%	2	1	93	93	0.24932614555250343	1	1	97	87	2	0	-G
H2_BC86_consensus_vsearch	1394	G	G	187	3	1.58%	2	1	93	93	0.12401055408976878	1	1	99	88	3	0	-C
H2_BC86_consensus_vsearch	1395	C	C	185	1	0.53%	2	1	93	93	0.5000000000001412	1	1	99	86	0	1	+T
H2_BC86_consensus_vsearch	1396	C	C	186	2	1.04%	2	1	93	93	0.24933333333336263	1	1	100	86	0	2	-TC
H2_BC86_consensus_vsearch	1397	T	*/-C	161	27	14.29%	2	1	93	93	2.7265525784039436E-9	1	1	75	86	27	0	-C
H2_BC86_consensus_vsearch	1398	C	C	160	1	0.61%	2	1	93	93	0.4999999999999138	1	1	75	85	0	1	+T
H2_BC86_consensus_vsearch	1399	C	C	186	5	2.6%	2	1	93	93	0.030433036239869853	1	1	98	88	5	0	-A
H2_BC86_consensus_vsearch	1400	A	R	169	16	8.56%	2	2	93	93	1.0875837451894527E-5	1	1	82	87	15	1	G
H2_BC86_consensus_vsearch	1401	G	G	185	6	3.14%	2	1	93	93	0.01501470753479516	1	1	97	88	6	0	+A
H2_BC86_consensus_vsearch	1402	G	*/-T	177	7	3.65%	2	1	93	93	0.007371570136883838	1	1	90	87	7	0	-T
H2_BC86_consensus_vsearch	1403	T	T	179	4	2.16%	2	1	93	93	0.061474017887485174	1	1	91	88	4	0	G
H2_BC86_consensus_vsearch	1404	T	T	192	0	0%	2	0	93	0	1.0	1	0	104	88	0	0	
H2_BC86_consensus_vsearch	1405	T	T	191	1	0.52%	2	1	93	93	0.5000000000001412	1	1	103	88	1	0	-C
H2_BC86_consensus_vsearch	1406	C	*/-A	182	7	3.66%	2	2	93	93	0.007383107786177688	1	1	98	84	4	3	-A
H2_BC86_consensus_vsearch	1407	A	A	182	1	0.54%	2	1	93	93	0.4999999999999138	1	1	98	84	1	0	+C
H2_BC86_consensus_vsearch	1408	A	A	189	2	1.04%	2	2	93	93	0.24934383202100482	1	1	102	87	1	1	G
H2_BC86_consensus_vsearch	1409	A	A	186	4	2.08%	2	1	93	93	0.061511866352189214	1	1	102	84	0	4	-TC
H2_BC86_consensus_vsearch	1410	T	*/-C	159	28	14.89%	2	2	93	93	1.2499333429285238E-9	1	1	88	71	15	13	-C
H2_BC86_consensus_vsearch	1411	C	C	160	0	0%	2	0	93	0	1.0	1	0	89	71	0	0	
H2_BC86_consensus_vsearch	1412	C	C	185	2	1.04%	2	1	93	93	0.24932975871318122	1	1	99	86	0	2	+T
H2_BC86_consensus_vsearch	1413	C	*/-T	179	7	3.65%	2	2	93	93	0.007376258791632204	1	1	99	80	1	6	-T
H2_BC86_consensus_vsearch	1414	T	T	177	4	2.17%	2	1	93	93	0.061462665606988216	1	1	97	80	4	0	C
H2_BC86_consensus_vsearch	1415	T	T	184	4	2.09%	2	2	93	93	0.06150134048256699	1	1	98	86	2	2	-C
H2_BC86_consensus_vsearch	1416	C	C	183	2	1.07%	2	1	93	93	0.2493224932250014	1	1	99	84	0	2	+T
H2_BC86_consensus_vsearch	1417	G	G	190	1	0.52%	2	1	93	93	0.4999999999999138	1	1	102	88	1	0	-A
H2_BC86_consensus_vsearch	1418	A	A	188	2	1.05%	2	2	93	93	0.2493403693931866	1	1	101	87	1	1	G
H2_BC86_consensus_vsearch	1419	C	C	189	2	1.04%	2	1	93	93	0.24934383202100482	1	1	103	86	0	2	+T
H2_BC86_consensus_vsearch	1420	T	T	186	4	2.08%	2	2	93	93	0.061511866352189214	1	1	102	84	1	3	+C
H2_BC86_consensus_vsearch	1421	C	C	183	5	2.62%	2	1	93	93	0.030420017873106126	1	1	97	86	5	0	-GC
H2_BC86_consensus_vsearch	1422	G	G	185	2	1.07%	2	2	93	93	0.24932975871318122	1	1	98	87	1	1	A
H2_BC86_consensus_vsearch	1423	C	C	184	2	1.07%	2	1	93	93	0.24932614555250343	1	1	97	87	2	0	-A
H2_BC86_consensus_vsearch	1424	A	A	187	2	1.05%	2	1	93	93	0.24933687002661706	1	1	100	87	2	0	G
H2_BC86_consensus_vsearch	1425	T	T	186	2	1.04%	2	1	93	93	0.24933333333336263	1	1	100	86	2	0	-G
H2_BC86_consensus_vsearch	1426	G	G	181	6	3.16%	2	1	93	93	0.015001725210740429	1	1	94	87	6	0	A
H2_BC86_consensus_vsearch	1427	C	*/-A	171	13	6.81%	2	1	93	93	9.80172223605813E-5	1	1	84	87	13	0	-A
H2_BC86_consensus_vsearch	1428	A	A	176	2	1.12%	2	2	93	93	0.2492957746479494	1	1	90	86	1	1	G
H2_BC86_consensus_vsearch	1429	A	A	188	1	0.52%	2	1	93	93	0.5000000000001412	1	1	102	86	1	0	-G
H2_BC86_consensus_vsearch	1430	G	G	185	3	1.58%	2	1	93	93	0.12399999999998497	1	1	99	86	3	0	+A
H2_BC86_consensus_vsearch	1431	G	G	189	1	0.52%	2	1	93	93	0.5000000000001412	1	1	102	87	1	0	+AT
H2_BC86_consensus_vsearch	1432	T	T	188	2	1.05%	2	1	93	93	0.2493403693931866	1	1	104	84	0	2	-GC
H2_BC86_consensus_vsearch	1433	G	G	186	1	0.53%	2	1	93	93	0.4999999999999138	1	1	103	83	0	1	+T
H2_BC86_consensus_vsearch	1434	C	C	181	6	3.16%	2	1	93	93	0.015001725210740429	1	1	97	84	6	0	-A
H2_BC86_consensus_vsearch	1435	A	A	178	4	2.16%	2	1	93	93	0.06146837297681004	1	1	95	83	0	4	+C
H2_BC86_consensus_vsearch	1436	C	*/-T	170	8	4.19%	2	1	93	93	0.003604660140070728	1	1	103	67	0	8	-T
H2_BC86_consensus_vsearch	1437	T	*/-C	161	11	6.25%	2	2	93	93	4.1403363178339287E-4	1	1	101	60	1	10	-C
H2_BC86_consensus_vsearch	1438	C	C	164	4	2.34%	2	1	93	93	0.06138227780017282	1	1	99	65	0	4	T
H2_BC86_consensus_vsearch	1439	C	C	179	3	1.59%	2	2	93	93	0.12396694214879515	1	1	99	80	1	2	-T
H2_BC86_consensus_vsearch	1440	T	T	184	0	0%	2	0	93	0	1.0	1	0	100	84	0	0	
H2_BC86_consensus_vsearch	1441	T	T	187	1	0.53%	2	1	93	93	0.4999999999999138	1	1	101	86	0	1	-G
H2_BC86_consensus_vsearch	1442	G	G	190	0	0%	2	0	93	0	1.0	1	0	104	86	0	0	
H2_BC86_consensus_vsearch	1443	G	G	189	1	0.52%	2	1	93	93	0.5000000000001412	1	1	101	88	1	0	+AAT
H2_BC86_consensus_vsearch	1444	T	T	183	6	3.14%	2	1	93	93	0.015008284680098535	1	1	96	87	6	0	-C
H2_BC86_consensus_vsearch	1445	C	C	186	0	0%	2	0	93	0	1.0	1	0	98	88	0	0	
H2_BC86_consensus_vsearch	1446	C	C	191	1	0.52%	2	1	93	93	0.5000000000001412	1	1	103	88	1	0	+A
H2_BC86_consensus_vsearch	1447	G	G	189	1	0.52%	2	1	93	93	0.5000000000001412	1	1	102	87	0	1	-TG
H2_BC86_consensus_vsearch	1448	T	T	189	1	0.52%	2	1	93	93	0.5000000000001412	1	1	103	86	0	1	+GGG
H2_BC86_consensus_vsearch	1449	G	G	180	4	2.11%	2	2	93	93	0.06147960135865969	1	1	97	83	3	1	-T
H2_BC86_consensus_vsearch	1450	T	Y	177	9	4.84%	2	2	93	93	0.0017689474455757383	1	1	100	77	1	8	C
H2_BC86_consensus_vsearch	1451	T	T	186	3	1.58%	2	2	93	93	0.1240053050397967	1	1	102	84	2	1	C
H2_BC86_consensus_vsearch	1452	T	T	188	2	1.04%	2	1	93	93	0.2493403693931866	1	1	101	87	2	0	+C
H2_BC86_consensus_vsearch	1453	C	C	189	1	0.52%	2	1	93	93	0.5000000000001412	1	1	101	88	1	0	-A
H2_BC86_consensus_vsearch	1454	A	A	189	1	0.53%	2	1	93	93	0.5000000000001412	1	1	102	87	0	1	G
H2_BC86_consensus_vsearch	1455	A	A	188	2	1.05%	2	1	93	93	0.2493403693931866	1	1	103	85	0	2	G
H2_BC86_consensus_vsearch	1456	G	G	190	1	0.52%	2	1	93	93	0.4999999999999138	1	1	104	86	0	1	+TG
H2_BC86_consensus_vsearch	1457	A	A	189	1	0.52%	2	1	93	93	0.5000000000001412	1	1	103	86	0	1	+T
H2_BC86_consensus_vsearch	1458	C	C	184	5	2.6%	2	1	93	93	0.030424403183015276	1	1	104	80	0	5	+G
H2_BC86_consensus_vsearch	1459	G	G	184	3	1.59%	2	1	93	93	0.12399463806966378	1	1	101	83	3	0	A
H2_BC86_consensus_vsearch	1460	G	G	191	1	0.52%	2	1	93	93	0.5000000000001412	1	1	103	88	1	0	+A
H2_BC86_consensus_vsearch	1461	G	G	191	1	0.52%	2	1	93	93	0.5000000000001412	1	1	103	88	1	0	A
H2_BC86_consensus_vsearch	1462	C	C	190	2	1.04%	2	2	93	93	0.2493472584856949	1	1	103	87	1	1	-G
H2_BC86_consensus_vsearch	1463	G	G	187	3	1.58%	2	2	93	93	0.12401055408976878	1	1	101	86	2	1	A
H2_BC86_consensus_vsearch	1464	G	G	188	3	1.56%	2	1	93	93	0.124015748031514	1	1	100	88	3	0	+CC
H2_BC86_consensus_vsearch	1465	C	C	190	1	0.52%	2	1	93	93	0.4999999999999138	1	1	102	88	1	0	-TA
H2_BC86_consensus_vsearch	1466	T	T	186	3	1.57%	2	1	93	93	0.1240053050397967	1	1	99	87	3	0	C
H2_BC86_consensus_vsearch	1467	A	A	190	0	0%	2	0	93	0	1.0	1	0	103	87	0	0	
H2_BC86_consensus_vsearch	1468	A	A	189	1	0.52%	2	1	93	93	0.5000000000001412	1	1	102	87	1	0	-CG
H2_BC86_consensus_vsearch	1469	C	C	186	2	1.05%	2	2	93	93	0.24933333333336263	1	1	102	84	1	1	-G
H2_BC86_consensus_vsearch	1470	G	R	177	11	5.82%	2	1	93	93	4.200578330993431E-4	1	1	91	86	11	0	A
H2_BC86_consensus_vsearch	1471	G	G	190	1	0.52%	2	1	93	93	0.4999999999999138	1	1	103	87	0	1	+C
H2_BC86_consensus_vsearch	1472	T	T	189	1	0.52%	2	1	93	93	0.5000000000001412	1	1	103	86	1	0	+G
H2_BC86_consensus_vsearch	1473	C	C	183	3	1.57%	2	1	93	93	0.12398921832883274	1	1	96	87	3	0	+A
H2_BC86_consensus_vsearch	1474	G	R	179	7	3.65%	2	1	93	93	0.007376258791632204	1	1	91	88	7	0	A
H2_BC86_consensus_vsearch	1475	C	C	182	4	2.09%	2	1	93	93	0.061490587951709585	1	1	94	88	4	0	T
H2_BC86_consensus_vsearch	1476	A	A	188	1	0.53%	2	1	93	93	0.5000000000001412	1	1	100	88	1	0	T
H2_BC86_consensus_vsearch	1477	A	A	188	3	1.57%	2	1	93	93	0.124015748031514	1	1	100	88	3	0	G
H2_BC86_consensus_vsearch	1478	G	G	191	1	0.52%	2	1	93	93	0.5000000000001412	1	1	103	88	1	0	-A
H2_BC86_consensus_vsearch	1479	A	*/-C	179	10	5.24%	2	2	93	93	8.642903755365361E-4	1	1	93	86	9	1	-C
H2_BC86_consensus_vsearch	1480	C	C	178	3	1.65%	2	1	93	93	0.12396121883654573	1	1	94	84	0	3	+T
H2_BC86_consensus_vsearch	1481	C	C	190	1	0.52%	2	1	93	93	0.4999999999999138	1	1	104	86	0	1	+T
H2_BC86_consensus_vsearch	1482	C	Y	170	20	10.42%	2	2	93	93	5.628540328943101E-7	1	1	103	67	1	19	T
H2_BC86_consensus_vsearch	1483	G	G	192	0	0%	2	0	93	0	1.0	1	0	104	88	0	0	
H2_BC86_consensus_vsearch	1484	C	C	189	2	1.04%	2	1	93	93	0.24934383202100482	1	1	104	85	0	2	-A
H2_BC86_consensus_vsearch	1485	A	A	188	1	0.53%	2	1	93	93	0.5000000000001412	1	1	104	84	0	1	+CC
H2_BC86_consensus_vsearch	1486	A	A	191	1	0.52%	2	1	93	93	0.5000000000001412	1	1	104	87	0	1	G
H2_BC86_consensus_vsearch	1487	T	T	186	4	2.08%	2	2	93	93	0.061511866352189214	1	1	101	85	1	3	C
H2_BC86_consensus_vsearch	1488	C	C	191	0	0%	2	0	93	0	1.0	1	0	103	88	0	0	
H2_BC86_consensus_vsearch	1489	A	A	184	4	2.08%	2	1	93	93	0.06150134048256699	1	1	98	86	4	0	+C
H2_BC86_consensus_vsearch	1490	C	C	188	1	0.52%	2	1	93	93	0.5000000000001412	1	1	102	86	1	0	+T
H2_BC86_consensus_vsearch	1491	A	*/-CA	174	12	6.28%	2	2	93	93	2.0329023403729924E-4	1	1	91	83	9	3	-CA
H2_BC86_consensus_vsearch	1492	C	C	168	5	2.81%	2	1	93	93	0.03034816411035715	1	1	85	83	5	0	+A
H2_BC86_consensus_vsearch	1493	A	A	172	3	1.71%	2	1	93	93	0.12392550143270233	1	1	88	84	3	0	+CA
H2_BC86_consensus_vsearch	1494	A	A	190	1	0.52%	2	1	93	93	0.4999999999999138	1	1	103	87	0	1	G
H2_BC86_consensus_vsearch	1495	G	G	191	1	0.52%	2	1	93	93	0.5000000000001412	1	1	104	87	0	1	C
H2_BC86_consensus_vsearch	1496	G	G	189	2	1.04%	2	1	93	93	0.24934383202100482	1	1	103	86	0	2	+C
H2_BC86_consensus_vsearch	1497	T	T	190	1	0.52%	2	1	93	93	0.4999999999999138	1	1	103	87	1	0	+C
H2_BC86_consensus_vsearch	1498	C	C	187	3	1.57%	2	1	93	93	0.12401055408976878	1	1	101	86	3	0	+AC
H2_BC86_consensus_vsearch	1499	G	G	184	4	2.09%	2	1	93	93	0.06150134048256699	1	1	97	87	4	0	A
H2_BC86_consensus_vsearch	1500	C	C	186	4	2.08%	2	1	93	93	0.061511866352189214	1	1	99	87	4	0	+TT
H2_BC86_consensus_vsearch	1501	A	R	176	11	5.73%	2	1	93	93	4.1971005075956745E-4	1	1	93	83	11	0	G
H2_BC86_consensus_vsearch	1502	G	G	190	0	0%	2	0	93	0	1.0	1	0	104	86	0	0	
H2_BC86_consensus_vsearch	1503	G	G	191	1	0.52%	2	1	93	93	0.5000000000001412	1	1	104	87	0	1	+A
H2_BC86_consensus_vsearch	1504	A	A	184	3	1.56%	2	2	93	93	0.12399463806966378	1	1	101	83	1	2	+G
H2_BC86_consensus_vsearch	1505	G	G	187	1	0.53%	2	1	93	93	0.4999999999999138	1	1	103	84	0	1	+T
H2_BC86_consensus_vsearch	1506	G	G	191	0	0%	2	0	93	0	1.0	1	0	103	88	0	0	
H2_BC86_consensus_vsearch	1507	A	A	191	0	0%	2	0	93	0	1.0	1	0	103	88	0	0	
H2_BC86_consensus_vsearch	1508	T	T	186	5	2.6%	2	1	93	93	0.030433036239869853	1	1	98	88	5	0	+C
H2_BC86_consensus_vsearch	1509	C	C	189	1	0.52%	2	1	93	93	0.5000000000001412	1	1	101	88	1	0	+A
H2_BC86_consensus_vsearch	1510	A	A	189	1	0.52%	2	1	93	93	0.5000000000001412	1	1	101	88	1	0	-G
H2_BC86_consensus_vsearch	1511	G	G	187	1	0.53%	2	1	93	93	0.4999999999999138	1	1	99	88	1	0	+C
H2_BC86_consensus_vsearch	1512	C	C	183	5	2.6%	2	1	93	93	0.030420017873106126	1	1	103	80	0	5	+A
H2_BC86_consensus_vsearch	1513	A	A	187	2	1.06%	2	1	93	93	0.24933687002661706	1	1	102	85	2	0	G
H2_BC86_consensus_vsearch	1514	A	A	186	4	2.08%	2	1	93	93	0.061511866352189214	1	1	98	88	4	0	G
H2_BC86_consensus_vsearch	1515	C	C	188	1	0.53%	2	1	93	93	0.5000000000001412	1	1	101	87	1	0	+GGC
H2_BC86_consensus_vsearch	1516	C	C	182	3	1.57%	2	1	93	93	0.12398373983732354	1	1	98	84	3	0	+T
H2_BC86_consensus_vsearch	1517	G	G	183	2	1.04%	2	1	93	93	0.2493224932250014	1	1	95	88	2	0	-CA
H2_BC86_consensus_vsearch	1518	C	C	179	5	2.65%	2	1	93	93	0.03040200067187797	1	1	94	85	5	0	+G
H2_BC86_consensus_vsearch	1519	A	*/-G	178	7	3.7%	2	2	93	93	0.007373926992228167	1	1	93	85	6	1	-G
H2_BC86_consensus_vsearch	1520	G	G	180	2	1.08%	2	1	93	93	0.24931129476584768	1	1	97	83	0	2	+TG
H2_BC86_consensus_vsearch	1521	G	G	182	5	2.6%	2	1	93	93	0.030415585729470396	1	1	94	88	5	0	+C
H2_BC86_consensus_vsearch	1522	C	C	177	4	2.12%	2	1	93	93	0.061462665606988216	1	1	93	84	0	4	T
H2_BC86_consensus_vsearch	1523	T	T	169	6	3.17%	2	1	93	93	0.014959238793863728	1	1	91	78	6	0	+C
H2_BC86_consensus_vsearch	1524	A	R	148	31	16.4%	2	2	93	93	1.1234286711417072E-10	1	1	72	76	26	5	G
H2_BC86_consensus_vsearch	1525	C	C	182	3	1.58%	2	1	93	93	0.12398373983732354	1	1	97	85	3	0	-A
H2_BC86_consensus_vsearch	1526	A	A	183	1	0.54%	2	1	93	93	0.4999999999999138	1	1	96	87	1	0	+GCA
H2_BC86_consensus_vsearch	1527	A	R	171	13	6.84%	2	1	93	93	9.80172223605813E-5	1	1	84	87	13	0	G
H2_BC86_consensus_vsearch	1528	C	C	177	4	2.09%	2	1	93	93	0.061462665606988216	1	1	90	87	4	0	-A
H2_BC86_consensus_vsearch	1529	A	A	178	2	1.09%	2	1	93	93	0.24930362117001986	1	1	92	86	2	0	T
H2_BC86_consensus_vsearch	1530	C	C	185	1	0.53%	2	1	93	93	0.5000000000001412	1	1	98	87	1	0	+AC
H2_BC86_consensus_vsearch	1531	T	T	184	5	2.65%	2	2	93	93	0.030424403183015276	1	1	101	83	1	4	C
H2_BC86_consensus_vsearch	1532	G	G	182	4	2.08%	2	1	93	93	0.061490587951709585	1	1	95	87	4	0	-C
H2_BC86_consensus_vsearch	1533	C	C	185	0	0%	2	0	93	0	1.0	1	0	97	88	0	0	
H2_BC86_consensus_vsearch	1534	C	C	184	3	1.59%	2	1	93	93	0.12399463806966378	1	1	98	86	3	0	T
H2_BC86_consensus_vsearch	1535	C	*/-A	157	10	5.21%	2	2	93	93	8.500918789390323E-4	1	1	78	79	9	1	-A
H2_BC86_consensus_vsearch	1536	A	A	174	1	0.57%	2	1	93	93	0.4999999999999138	1	1	91	83	0	1	+G
H2_BC86_consensus_vsearch	1537	A	A	181	3	1.62%	2	1	93	93	0.12397820163492167	1	1	97	84	3	0	G
H2_BC86_consensus_vsearch	1538	A	A	186	5	2.6%	2	2	93	93	0.030433036239869853	1	1	102	84	2	3	-G
H2_BC86_consensus_vsearch	1539	G	G	182	2	1.07%	2	1	93	93	0.2493188010900035	1	1	99	83	2	0	+AG
H2_BC86_consensus_vsearch	1540	G	G	190	1	0.52%	2	1	93	93	0.4999999999999138	1	1	103	87	0	1	-C
H2_BC86_consensus_vsearch	1541	C	C	191	0	0%	2	0	93	0	1.0	1	0	104	87	0	0	
H2_BC86_consensus_vsearch	1542	A	A	185	4	2.08%	2	1	93	93	0.061506631299724945	1	1	98	87	4	0	G
H2_BC86_consensus_vsearch	1543	G	G	186	3	1.58%	2	1	93	93	0.1240053050397967	1	1	98	88	3	0	+C
H2_BC86_consensus_vsearch	1544	C	C	190	1	0.52%	2	1	93	93	0.4999999999999138	1	1	103	87	0	1	+T
H2_BC86_consensus_vsearch	1545	C	*/-G	168	11	5.73%	2	1	93	93	4.167949943022952E-4	1	1	86	82	11	0	-G
H2_BC86_consensus_vsearch	1546	G	*/-A	170	9	4.97%	2	1	93	93	0.001761941721127389	1	1	83	87	9	0	-A
H2_BC86_consensus_vsearch	1547	A	A	181	1	0.55%	2	1	93	93	0.4999999999999138	1	1	93	88	1	0	+G
H2_BC86_consensus_vsearch	1548	A	A	186	4	2.08%	2	2	93	93	0.061511866352189214	1	1	101	85	2	2	G
H2_BC86_consensus_vsearch	1549	T	T	190	1	0.52%	2	1	93	93	0.4999999999999138	1	1	103	87	0	1	+C
H2_BC86_consensus_vsearch	1550	T	*/-C	160	16	8.33%	2	2	93	93	1.0680484434952118E-5	1	1	87	73	1	15	-C
H2_BC86_consensus_vsearch	1551	C	C	173	2	1.14%	2	1	93	93	0.24928366762186466	1	1	103	70	0	2	T
H2_BC86_consensus_vsearch	1552	C	*/-T	182	8	4.17%	2	2	93	93	0.003623372158916335	1	1	100	82	3	5	-T
H2_BC86_consensus_vsearch	1553	T	T	173	4	2.17%	2	1	93	93	0.06143919033436361	1	1	93	80	4	0	+AC
H2_BC86_consensus_vsearch	1554	G	R	165	17	8.95%	2	1	93	93	5.15772369585134E-6	1	1	80	85	17	0	A
H2_BC86_consensus_vsearch	1555	C	C	186	2	1.06%	2	1	93	93	0.24933333333336263	1	1	102	84	0	2	T
H2_BC86_consensus_vsearch	1556	A	A	184	5	2.6%	2	2	93	93	0.030424403183015276	1	1	100	84	2	3	G
H2_BC86_consensus_vsearch	1557	G	G	190	1	0.52%	2	1	93	93	0.4999999999999138	1	1	102	88	1	0	+A
H2_BC86_consensus_vsearch	1558	C	C	190	1	0.52%	2	1	93	93	0.4999999999999138	1	1	103	87	0	1	+A
H2_BC86_consensus_vsearch	1559	G	*/-CG	165	25	13.09%	2	2	93	93	1.2807579461239524E-8	1	1	95	70	8	17	-CG
H2_BC86_consensus_vsearch	1560	C	C	164	2	1.2%	2	2	93	93	0.24924471299088177	1	1	94	70	1	1	-G
H2_BC86_consensus_vsearch	1561	G	G	162	1	0.61%	2	1	93	93	0.4999999999999138	1	1	93	69	0	1	+C
H2_BC86_consensus_vsearch	1562	T	T	188	2	1.04%	2	2	93	93	0.2493403693931866	1	1	102	86	1	1	+C
H2_BC86_consensus_vsearch	1563	C	C	189	1	0.52%	2	1	93	93	0.5000000000001412	1	1	102	87	1	0	+A
H2_BC86_consensus_vsearch	1564	T	T	192	0	0%	2	0	93	0	1.0	1	0	104	88	0	0	
H2_BC86_consensus_vsearch	1565	A	A	189	2	1.04%	2	2	93	93	0.24934383202100482	1	1	102	87	1	1	G
H2_BC86_consensus_vsearch	1566	T	T	190	1	0.52%	2	1	93	93	0.4999999999999138	1	1	102	88	1	0	-CGCC
H2_BC86_consensus_vsearch	1567	C	C	184	2	1.05%	2	2	93	93	0.24932614555250343	1	1	99	85	1	1	+A
H2_BC86_consensus_vsearch	1568	G	G	171	5	2.66%	2	2	93	93	0.030363513171553336	1	1	91	80	2	3	+C
H2_BC86_consensus_vsearch	1569	C	C	179	1	0.56%	2	1	93	93	0.5000000000001412	1	1	95	84	1	0	+GC
H2_BC86_consensus_vsearch	1570	C	C	182	4	2.14%	2	2	93	93	0.061490587951709585	1	1	96	86	3	1	T
H2_BC86_consensus_vsearch	1571	C	Y	184	7	3.65%	2	2	93	93	0.007387555568979833	1	1	100	84	4	3	T
H2_BC86_consensus_vsearch	1572	C	Y	169	19	9.9%	2	2	93	93	1.1819668031703979E-6	1	1	98	71	5	14	T
H2_BC86_consensus_vsearch	1573	A	A	188	1	0.53%	2	1	93	93	0.5000000000001412	1	1	104	84	0	1	C
H2_BC86_consensus_vsearch	1574	A	A	187	3	1.56%	2	1	93	93	0.12401055408976878	1	1	100	87	3	0	G
H2_BC86_consensus_vsearch	1575	C	C	188	1	0.52%	2	1	93	93	0.5000000000001412	1	1	102	86	0	1	+G
H2_BC86_consensus_vsearch	1576	A	A	187	1	0.52%	2	1	93	93	0.4999999999999138	1	1	101	86	1	0	+C
H2_BC86_consensus_vsearch	1577	T	T	188	1	0.52%	2	1	93	93	0.5000000000001412	1	1	101	87	1	0	+C
H2_BC86_consensus_vsearch	1578	C	C	186	4	2.08%	2	2	93	93	0.061511866352189214	1	1	100	86	3	1	-A
H2_BC86_consensus_vsearch	1579	A	A	187	0	0%	2	0	93	0	1.0	1	0	101	86	0	0	
H2_BC86_consensus_vsearch	1580	A	*/-C	142	33	17.28%	2	2	93	93	2.2004797841685908E-11	1	1	87	55	4	29	-C
H2_BC86_consensus_vsearch	1581	C	*/+T	146	7	4.46%	2	1	93	93	0.007283437074166116	1	1	98	48	0	7	+T
H2_BC86_consensus_vsearch	1582	C	C	190	0	0%	2	0	93	0	1.0	1	0	104	86	0	0	
H2_BC86_consensus_vsearch	1583	C	C	191	1	0.52%	2	1	93	93	0.5000000000001412	1	1	104	87	0	1	-TC
H2_BC86_consensus_vsearch	1584	T	T	185	2	1.05%	2	2	93	93	0.24932975871318122	1	1	100	85	1	1	-C
H2_BC86_consensus_vsearch	1585	C	C	182	2	1.06%	2	1	93	93	0.2493188010900035	1	1	96	86	2	0	+A
H2_BC86_consensus_vsearch	1586	G	G	176	5	2.62%	2	1	93	93	0.03038796595652323	1	1	90	86	5	0	A
H2_BC86_consensus_vsearch	1587	C	Y	165	9	4.76%	2	2	93	93	0.0017566025072910298	1	1	95	70	6	3	T
H2_BC86_consensus_vsearch	1588	G	G	175	4	2.19%	2	1	93	93	0.06145105929696947	1	1	98	77	4	0	A
H2_BC86_consensus_vsearch	1589	G	G	188	3	1.56%	2	1	93	93	0.124015748031514	1	1	100	88	3	0	+A
H2_BC86_consensus_vsearch	1590	G	G	188	2	1.04%	2	1	93	93	0.2493403693931866	1	1	100	88	2	0	-C
H2_BC86_consensus_vsearch	1591	C	C	187	3	1.58%	2	1	93	93	0.12401055408976878	1	1	102	85	0	3	T
H2_BC86_consensus_vsearch	1592	C	Y	162	27	14.06%	2	1	93	93	2.7422224208072403E-9	1	1	101	61	0	27	T
H2_BC86_consensus_vsearch	1593	G	G	187	2	1.04%	2	1	93	93	0.24933687002661706	1	1	103	84	0	2	-T
H2_BC86_consensus_vsearch	1594	T	T	185	2	1.05%	2	2	93	93	0.24932975871318122	1	1	101	84	1	1	-C
H2_BC86_consensus_vsearch	1595	C	C	187	2	1.05%	2	1	93	93	0.24933687002661706	1	1	103	84	0	2	-T
H2_BC86_consensus_vsearch	1596	T	*/+C	178	9	4.74%	2	1	93	93	0.0017699066001378024	1	1	95	83	9	0	+C
H2_BC86_consensus_vsearch	1597	C	*/-G	175	12	6.25%	2	1	93	93	2.0349578218661617E-4	1	1	101	74	0	12	-G
H2_BC86_consensus_vsearch	1598	G	G	177	2	1.11%	2	1	93	93	0.24929971988807545	1	1	102	75	2	0	A
H2_BC86_consensus_vsearch	1599	G	G	189	1	0.52%	2	1	93	93	0.5000000000001412	1	1	101	88	1	0	+A
H2_BC86_consensus_vsearch	1600	A	*/-G	153	32	16.84%	2	2	93	93	5.3672720687796266E-11	1	1	67	86	31	1	-G
H2_BC86_consensus_vsearch	1601	G	G	154	2	1.27%	2	1	93	93	0.24919614147907784	1	1	68	86	2	0	+A
H2_BC86_consensus_vsearch	1602	G	G	186	2	1.05%	2	1	93	93	0.24933333333336263	1	1	99	87	2	0	A
H2_BC86_consensus_vsearch	1603	G	G	188	1	0.52%	2	1	93	93	0.5000000000001412	1	1	103	85	1	0	+AG
H2_BC86_consensus_vsearch	1604	T	T	183	6	3.16%	2	2	93	93	0.015008284680098535	1	1	102	81	1	5	C
H2_BC86_consensus_vsearch	1605	A	A	183	6	3.17%	2	1	93	93	0.015008284680098535	1	1	97	86	6	0	G
H2_BC86_consensus_vsearch	1606	G	G	188	2	1.05%	2	2	93	93	0.2493403693931866	1	1	102	86	1	1	A
H2_BC86_consensus_vsearch	1607	C	C	183	6	3.12%	2	1	93	93	0.015008284680098535	1	1	101	82	0	6	+A
H2_BC86_consensus_vsearch	1608	A	A	181	3	1.58%	2	1	93	93	0.12397820163492167	1	1	99	82	0	3	+C
H2_BC86_consensus_vsearch	1609	C	C	180	5	2.62%	2	2	93	93	0.030406577907750046	1	1	101	79	1	4	T
H2_BC86_consensus_vsearch	1610	T	*/+A	158	15	7.89%	2	2	93	93	2.2230395801834493E-5	1	1	80	78	13	2	+A
H2_BC86_consensus_vsearch	1611	A	A	176	4	2.21%	2	1	93	93	0.061456894735582995	1	1	96	80	0	4	+G
H2_BC86_consensus_vsearch	1612	A	A	180	4	2.08%	2	1	93	93	0.06147960135865969	1	1	100	80	0	4	C
H2_BC86_consensus_vsearch	1613	A	*/-G	179	9	4.69%	2	2	93	93	0.0017708558237889195	1	1	97	82	4	5	-G
H2_BC86_consensus_vsearch	1614	G	R	165	15	8.2%	2	1	93	93	2.2517818669553618E-5	1	1	83	82	15	0	A
H2_BC86_consensus_vsearch	1615	C	C	184	6	3.12%	2	1	93	93	0.015011512916161563	1	1	97	87	6	0	+TT
H2_BC86_consensus_vsearch	1616	A	A	190	1	0.52%	2	1	93	93	0.4999999999999138	1	1	103	87	1	0	+C
H2_BC86_consensus_vsearch	1617	C	*/+AC	35	106	55.21%	2	2	93	93	2.7352787895760996E-47	1	1	26	9	35	71	+AC
H2_BC86_consensus_vsearch	1618	C	C	185	4	2.08%	2	1	93	93	0.061506631299724945	1	1	97	88	4	0	G
H2_BC86_consensus_vsearch	1619	C	*/-A	156	18	9.38%	2	2	93	93	2.4005815851883153E-6	1	1	78	78	16	2	-A
H2_BC86_consensus_vsearch	1620	A	M	138	32	18.5%	2	1	93	93	4.651297408885193E-11	1	1	52	86	32	0	C
H2_BC86_consensus_vsearch	1621	A	A	185	5	2.62%	2	2	93	93	0.030428742397642147	1	1	98	87	4	1	C
H2_BC86_consensus_vsearch	1622	A	A	190	1	0.52%	2	1	93	93	0.4999999999999138	1	1	102	88	1	0	-G
H2_BC86_consensus_vsearch	1623	G	*/-A	184	7	3.66%	2	1	93	93	0.007387555568979833	1	1	96	88	7	0	-A
H2_BC86_consensus_vsearch	1624	A	A	179	5	2.7%	2	2	93	93	0.03040200067187797	1	1	93	86	3	2	G
H2_BC86_consensus_vsearch	1625	G	*/-C	176	8	4.17%	2	2	93	93	0.0036143155518784634	1	1	95	81	6	2	-C
H2_BC86_consensus_vsearch	1626	C	C	181	1	0.55%	2	1	93	93	0.4999999999999138	1	1	96	85	0	1	+T
H2_BC86_consensus_vsearch	1627	C	C	191	0	0%	2	0	93	0	1.0	1	0	103	88	0	0	
H2_BC86_consensus_vsearch	1628	C	C	189	1	0.52%	2	1	93	93	0.5000000000001412	1	1	104	85	0	1	+G
H2_BC86_consensus_vsearch	1629	C	C	190	2	1.04%	2	2	93	93	0.2493472584856949	1	1	103	87	1	1	T
H2_BC86_consensus_vsearch	1630	A	A	190	2	1.04%	2	1	93	93	0.2493472584856949	1	1	102	88	2	0	G
H2_BC86_consensus_vsearch	1631	G	G	191	1	0.52%	2	1	93	93	0.5000000000001412	1	1	103	88	1	0	A
H2_BC86_consensus_vsearch	1632	C	C	181	5	2.6%	2	2	93	93	0.030411105997849117	1	1	97	84	4	1	-AC
H2_BC86_consensus_vsearch	1633	A	A	172	5	2.7%	2	1	93	93	0.030368514079556194	1	1	87	85	5	0	G
H2_BC86_consensus_vsearch	1634	C	C	178	2	1.1%	2	1	93	93	0.24930362117001986	1	1	94	84	2	0	G
H2_BC86_consensus_vsearch	1635	C	C	182	4	2.11%	2	1	93	93	0.061490587951709585	1	1	97	85	4	0	G
H2_BC86_consensus_vsearch	1636	C	Y	175	10	5.21%	2	2	93	93	8.619505923183497E-4	1	1	99	76	2	8	T
H2_BC86_consensus_vsearch	1637	G	G	187	2	1.05%	2	1	93	93	0.24933687002661706	1	1	99	88	2	0	-A
H2_BC86_consensus_vsearch	1638	A	A	183	4	2.11%	2	1	93	93	0.061495993004889796	1	1	95	88	4	0	G
H2_BC86_consensus_vsearch	1639	T	T	184	2	1.05%	2	1	93	93	0.24932614555250343	1	1	97	87	2	0	+A
H2_BC86_consensus_vsearch	1640	A	R	171	12	6.32%	2	1	93	93	2.0266096116243077E-4	1	1	84	87	12	0	G
H2_BC86_consensus_vsearch	1641	G	G	179	6	3.21%	2	1	93	93	0.014995024721629802	1	1	91	88	6	0	+C
H2_BC86_consensus_vsearch	1642	C	C	186	1	0.53%	2	1	93	93	0.4999999999999138	1	1	99	87	0	1	+T
H2_BC86_consensus_vsearch	1643	C	C	186	2	1.06%	2	1	93	93	0.24933333333336263	1	1	100	86	0	2	+T
H2_BC86_consensus_vsearch	1644	C	C	181	2	1.06%	2	1	93	93	0.24931506849317653	1	1	99	82	0	2	-T
H2_BC86_consensus_vsearch	1645	T	T	180	5	2.65%	2	1	93	93	0.030406577907750046	1	1	95	85	5	0	A
H2_BC86_consensus_vsearch	1646	T	T	192	0	0%	2	0	93	0	1.0	1	0	104	88	0	0	
H2_BC86_consensus_vsearch	1647	A	A	190	2	1.04%	2	2	93	93	0.2493472584856949	1	1	103	87	1	1	G
H2_BC86_consensus_vsearch	1648	T	*/-CC	171	15	7.81%	2	1	93	93	2.2748896676102235E-5	1	1	83	88	15	0	-CC
H2_BC86_consensus_vsearch	1649	C	C	168	2	1.17%	2	1	93	93	0.2492625368732155	1	1	80	88	2	0	A
H2_BC86_consensus_vsearch	1650	C	C	175	2	1.13%	2	1	93	93	0.2492917847025028	1	1	87	88	2	0	T
H2_BC86_consensus_vsearch	1651	C	C	188	1	0.52%	2	1	93	93	0.5000000000001412	1	1	103	85	1	0	+A
H2_BC86_consensus_vsearch	1652	G	R	173	15	7.85%	2	2	93	93	2.2823007615405344E-5	1	1	88	85	13	2	A
H2_BC86_consensus_vsearch	1653	G	G	185	5	2.6%	2	1	93	93	0.030428742397642147	1	1	97	88	5	0	T
H2_BC86_consensus_vsearch	1654	T	T	189	1	0.52%	2	1	93	93	0.5000000000001412	1	1	102	87	1	0	+G
H2_BC86_consensus_vsearch	1655	A	A	187	3	1.57%	2	1	93	93	0.12401055408976878	1	1	99	88	3	0	G
H2_BC86_consensus_vsearch	1656	G	G	188	1	0.53%	2	1	93	93	0.5000000000001412	1	1	101	87	0	1	+T
H2_BC86_consensus_vsearch	1657	C	C	188	1	0.52%	2	1	93	93	0.5000000000001412	1	1	101	87	1	0	+AC
H2_BC86_consensus_vsearch	1658	G	G	186	3	1.56%	2	2	93	93	0.1240053050397967	1	1	102	84	1	2	-A
H2_BC86_consensus_vsearch	1659	A	A	184	3	1.6%	2	2	93	93	0.12399463806966378	1	1	100	84	2	1	-T
H2_BC86_consensus_vsearch	1660	T	T	186	1	0.53%	2	1	93	93	0.4999999999999138	1	1	100	86	1	0	C
H2_BC86_consensus_vsearch	1661	T	T	189	1	0.52%	2	1	93	93	0.5000000000001412	1	1	103	86	0	1	+C
H2_BC86_consensus_vsearch	1662	T	T	184	3	1.56%	2	2	93	93	0.12399463806966378	1	1	98	86	2	1	-C
H2_BC86_consensus_vsearch	1663	C	C	181	2	1.06%	2	1	93	93	0.24931506849317653	1	1	100	81	0	2	+T
H2_BC86_consensus_vsearch	1664	A	A	184	2	1.05%	2	2	93	93	0.24932614555250343	1	1	99	85	1	1	G
H2_BC86_consensus_vsearch	1665	C	C	185	2	1.05%	2	2	93	93	0.24932975871318122	1	1	101	84	1	1	-T
H2_BC86_consensus_vsearch	1666	T	T	185	1	0.53%	2	1	93	93	0.5000000000001412	1	1	99	86	0	1	+C
H2_BC86_consensus_vsearch	1667	A	A	182	5	2.65%	2	2	93	93	0.030415585729470396	1	1	96	86	4	1	G
H2_BC86_consensus_vsearch	1668	C	C	185	2	1.05%	2	1	93	93	0.24932975871318122	1	1	101	84	0	2	A
H2_BC86_consensus_vsearch	1669	T	T	189	2	1.05%	2	2	93	93	0.24934383202100482	1	1	102	87	1	1	C
H2_BC86_consensus_vsearch	1670	G	G	186	2	1.04%	2	2	93	93	0.24933333333336263	1	1	100	86	1	1	-T
H2_BC86_consensus_vsearch	1671	T	T	186	2	1.06%	2	2	93	93	0.24933333333336263	1	1	101	85	1	1	C
H2_BC86_consensus_vsearch	1672	T	T	190	0	0%	2	0	93	0	1.0	1	0	103	87	0	0	
H2_BC86_consensus_vsearch	1673	T	T	185	5	2.6%	2	2	93	93	0.030428742397642147	1	1	102	83	1	4	+C
H2_BC86_consensus_vsearch	1674	C	C	191	1	0.52%	2	1	93	93	0.5000000000001412	1	1	103	88	1	0	-A
H2_BC86_consensus_vsearch	1675	A	A	189	1	0.52%	2	1	93	93	0.5000000000001412	1	1	102	87	0	1	+G
H2_BC86_consensus_vsearch	1676	A	A	180	4	2.08%	2	2	93	93	0.06147960135865969	1	1	95	85	3	1	-C
H2_BC86_consensus_vsearch	1677	C	C	182	2	1.08%	2	1	93	93	0.2493188010900035	1	1	97	85	0	2	+T
H2_BC86_consensus_vsearch	1678	C	Y	179	9	4.74%	2	1	93	93	0.0017708558237889195	1	1	102	77	0	9	T
H2_BC86_consensus_vsearch	1679	C	C	186	3	1.56%	2	1	93	93	0.1240053050397967	1	1	103	83	0	3	T
H2_BC86_consensus_vsearch	1680	A	*/+T	84	86	44.79%	2	2	93	93	5.641169296591594E-33	1	1	71	13	19	67	+T
H2_BC86_consensus_vsearch	1681	T	T	186	2	1.06%	2	2	93	93	0.24933333333336263	1	1	100	86	1	1	+C
H2_BC86_consensus_vsearch	1682	T	T	191	1	0.52%	2	1	93	93	0.5000000000001412	1	1	104	87	0	1	+C
H2_BC86_consensus_vsearch	1683	T	T	189	3	1.56%	2	1	93	93	0.12402088772842607	1	1	101	88	3	0	+C
H2_BC86_consensus_vsearch	1684	T	T	190	1	0.52%	2	1	93	93	0.4999999999999138	1	1	103	87	1	0	-C
H2_BC86_consensus_vsearch	1685	C	C	186	2	1.05%	2	1	93	93	0.24933333333336263	1	1	101	85	0	2	-AT
H2_BC86_consensus_vsearch	1686	A	A	181	4	2.12%	2	1	93	93	0.06148512438803467	1	1	98	83	4	0	T
H2_BC86_consensus_vsearch	1687	T	T	181	4	2.11%	2	1	93	93	0.06148512438803467	1	1	99	82	4	0	+A
H2_BC86_consensus_vsearch	1688	G	G	190	2	1.04%	2	1	93	93	0.2493472584856949	1	1	102	88	2	0	A
H2_BC86_consensus_vsearch	1689	G	G	180	6	3.12%	2	1	93	93	0.014998392876323086	1	1	92	88	6	0	+T
H2_BC86_consensus_vsearch	1690	T	T	186	6	3.12%	2	2	93	93	0.015017869058322414	1	1	103	83	1	5	C
H2_BC86_consensus_vsearch	1691	T	T	191	1	0.52%	2	1	93	93	0.5000000000001412	1	1	104	87	0	1	+ATT
H2_BC86_consensus_vsearch	1692	G	G	189	2	1.04%	2	1	93	93	0.24934383202100482	1	1	103	86	0	2	-C
H2_BC86_consensus_vsearch	1693	C	*/-T	172	13	6.84%	2	2	93	93	9.813768217245088E-5	1	1	93	79	7	6	-T
H2_BC86_consensus_vsearch	1694	T	T	177	1	0.56%	2	1	93	93	0.4999999999999138	1	1	96	81	1	0	C
H2_BC86_consensus_vsearch	1695	T	T	189	2	1.05%	2	2	93	93	0.24934383202100482	1	1	103	86	1	1	C
H2_BC86_consensus_vsearch	1696	T	T	189	1	0.52%	2	1	93	93	0.5000000000001412	1	1	103	86	0	1	+CT
H2_BC86_consensus_vsearch	1697	T	T	190	1	0.52%	2	1	93	93	0.4999999999999138	1	1	103	87	1	0	C
H2_BC86_consensus_vsearch	1698	C	C	189	2	1.04%	2	1	93	93	0.24934383202100482	1	1	103	86	0	2	+TC
H2_BC86_consensus_vsearch	1699	A	A	187	2	1.05%	2	1	93	93	0.24933687002661706	1	1	100	87	2	0	-C
H2_BC86_consensus_vsearch	1700	C	C	186	2	1.06%	2	1	93	93	0.24933333333336263	1	1	101	85	0	2	+T
H2_BC86_consensus_vsearch	1701	C	*/-T	157	26	13.54%	2	2	93	93	5.732023702601987E-9	1	1	94	63	5	21	-T
H2_BC86_consensus_vsearch	1702	T	T	160	3	1.84%	2	2	93	93	0.1238461538461169	1	1	97	63	1	2	C
H2_BC86_consensus_vsearch	1703	T	T	187	1	0.53%	2	1	93	93	0.4999999999999138	1	1	102	85	0	1	+C
H2_BC86_consensus_vsearch	1704	T	*/-C	116	44	23.16%	2	2	93	93	1.8307407277513683E-15	1	1	85	31	14	30	-C
H2_BC86_consensus_vsearch	1705	C	C	132	1	0.75%	2	1	93	93	0.4999999999999138	1	1	89	43	0	1	T
H2_BC86_consensus_vsearch	1706	C	C	178	0	0%	2	0	93	0	1.0	1	0	103	75	0	0	
H2_BC86_consensus_vsearch	1707	C	C	189	1	0.53%	2	1	93	93	0.5000000000001412	1	1	104	85	0	1	-T
H2_BC86_consensus_vsearch	1708	T	T	188	1	0.53%	2	1	93	93	0.5000000000001412	1	1	104	84	0	1	-C
H2_BC86_consensus_vsearch	1709	C	C	186	4	2.09%	2	1	93	93	0.061511866352189214	1	1	99	87	4	0	-G
H2_BC86_consensus_vsearch	1710	G	R	178	8	4.26%	2	2	93	93	0.0036173981471315664	1	1	92	86	7	1	A
H2_BC86_consensus_vsearch	1711	C	*/+TT	176	7	3.66%	2	1	93	93	0.007369187819667051	1	1	91	85	7	0	+TT
H2_BC86_consensus_vsearch	1712	G	G	188	2	1.04%	2	1	93	93	0.2493403693931866	1	1	100	88	2	0	T
H2_BC86_consensus_vsearch	1713	G	G	185	3	1.56%	2	1	93	93	0.12399999999998497	1	1	97	88	3	0	T
H2_BC86_consensus_vsearch	1714	T	T	187	1	0.53%	2	1	93	93	0.4999999999999138	1	1	101	86	0	1	+AAA
H2_BC86_consensus_vsearch	1715	A	A	186	2	1.05%	2	2	93	93	0.24933333333336263	1	1	101	85	1	1	G
H2_BC86_consensus_vsearch	1716	C	C	188	2	1.05%	2	1	93	93	0.2493403693931866	1	1	103	85	0	2	-T
H2_BC86_consensus_vsearch	1717	T	T	187	1	0.53%	2	1	93	93	0.4999999999999138	1	1	102	85	0	1	+CT
H2_BC86_consensus_vsearch	1718	T	T	188	2	1.04%	2	1	93	93	0.2493403693931866	1	1	102	86	2	0	+A
H2_BC86_consensus_vsearch	1719	G	G	185	2	1.05%	2	1	93	93	0.24932975871318122	1	1	100	85	2	0	T
H2_BC86_consensus_vsearch	1720	T	T	185	4	2.08%	2	2	93	93	0.061506631299724945	1	1	101	84	3	1	+A
H2_BC86_consensus_vsearch	1721	G	*/-TG	170	15	7.81%	2	2	93	93	2.2711307620123368E-5	1	1	87	83	12	3	-TG
H2_BC86_consensus_vsearch	1722	T	T	174	1	0.57%	2	1	93	93	0.4999999999999138	1	1	90	84	0	1	A
H2_BC86_consensus_vsearch	1723	G	G	168	4	2.26%	2	2	93	93	0.06140830861042876	1	1	86	82	1	3	+TG
H2_BC86_consensus_vsearch	1724	C	C	188	1	0.52%	2	1	93	93	0.5000000000001412	1	1	101	87	1	0	+TT
H2_BC86_consensus_vsearch	1725	T	T	186	2	1.05%	2	1	93	93	0.24933333333336263	1	1	101	85	0	2	+A
H2_BC86_consensus_vsearch	1726	A	A	189	1	0.52%	2	1	93	93	0.5000000000001412	1	1	101	88	1	0	+CA
H2_BC86_consensus_vsearch	1727	T	T	185	4	2.09%	2	2	93	93	0.061506631299724945	1	1	99	86	2	2	-C
H2_BC86_consensus_vsearch	1728	C	C	187	0	0%	2	0	93	0	1.0	1	0	101	86	0	0	
H2_BC86_consensus_vsearch	1729	G	G	188	2	1.05%	2	1	93	93	0.2493403693931866	1	1	100	88	2	0	A
H2_BC86_consensus_vsearch	1730	G	G	188	3	1.56%	2	1	93	93	0.124015748031514	1	1	101	87	3	0	A
H2_BC86_consensus_vsearch	1731	T	T	188	2	1.04%	2	1	93	93	0.2493403693931866	1	1	102	86	0	2	C
H2_BC86_consensus_vsearch	1732	C	*/-AC	179	8	4.17%	2	1	93	93	0.0036189151712300786	1	1	92	87	8	0	-AC
H2_BC86_consensus_vsearch	1733	A	A	176	3	1.66%	2	1	93	93	0.12394957983191404	1	1	89	87	3	0	C
H2_BC86_consensus_vsearch	1734	C	C	181	3	1.63%	2	2	93	93	0.12397820163492167	1	1	95	86	1	2	T
H2_BC86_consensus_vsearch	1735	G	G	191	1	0.52%	2	1	93	93	0.5000000000001412	1	1	103	88	1	0	+CG
H2_BC86_consensus_vsearch	1736	T	T	189	1	0.52%	2	1	93	93	0.5000000000001412	1	1	103	86	1	0	+C
H2_BC86_consensus_vsearch	1737	C	C	190	1	0.52%	2	1	93	93	0.4999999999999138	1	1	103	87	1	0	+TC
H2_BC86_consensus_vsearch	1738	A	A	190	2	1.04%	2	1	93	93	0.2493472584856949	1	1	102	88	2	0	G
H2_BC86_consensus_vsearch	1739	T	T	188	3	1.56%	2	2	93	93	0.124015748031514	1	1	103	85	1	2	C
H2_BC86_consensus_vsearch	1740	C	C	191	0	0%	2	0	93	0	1.0	1	0	104	87	0	0	
H2_BC86_consensus_vsearch	1741	A	A	191	0	0%	2	0	93	0	1.0	1	0	104	87	0	0	
H2_BC86_consensus_vsearch	1742	T	T	187	3	1.57%	2	1	93	93	0.12401055408976878	1	1	101	86	3	0	-A
H2_BC86_consensus_vsearch	1743	A	A	180	3	1.6%	2	2	93	93	0.12397260273979696	1	1	96	84	2	1	-T
H2_BC86_consensus_vsearch	1744	T	T	184	3	1.6%	2	1	93	93	0.12399463806966378	1	1	98	86	3	0	G
H2_BC86_consensus_vsearch	1745	T	T	190	1	0.52%	2	1	93	93	0.4999999999999138	1	1	102	88	1	0	+G
H2_BC86_consensus_vsearch	1746	T	T	188	3	1.56%	2	1	93	93	0.124015748031514	1	1	100	88	3	0	-A
H2_BC86_consensus_vsearch	1747	A	A	185	2	1.06%	2	1	93	93	0.24932975871318122	1	1	98	87	2	0	G
H2_BC86_consensus_vsearch	1748	G	G	187	2	1.05%	2	1	93	93	0.24933687002661706	1	1	100	87	2	0	A
H2_BC86_consensus_vsearch	1749	C	C	188	1	0.53%	2	1	93	93	0.5000000000001412	1	1	100	88	1	0	+A
H2_BC86_consensus_vsearch	1750	C	C	187	2	1.05%	2	1	93	93	0.24933687002661706	1	1	101	86	0	2	-T
H2_BC86_consensus_vsearch	1751	T	T	186	1	0.53%	2	1	93	93	0.4999999999999138	1	1	100	86	1	0	C
H2_BC86_consensus_vsearch	1752	T	*/-A	179	8	4.19%	2	2	93	93	0.0036189151712300786	1	1	96	83	6	2	-A
H2_BC86_consensus_vsearch	1753	A	A	177	2	1.09%	2	1	93	93	0.24929971988807545	1	1	95	82	0	2	+G
H2_BC86_consensus_vsearch	1754	G	*/-A	175	9	4.79%	2	1	93	93	0.0017669987142516655	1	1	89	86	9	0	-A
H2_BC86_consensus_vsearch	1755	A	A	168	5	2.79%	2	2	93	93	0.03034816411035715	1	1	85	83	3	2	G
H2_BC86_consensus_vsearch	1756	A	A	180	6	3.16%	2	2	93	93	0.014998392876323086	1	1	97	83	5	1	-G
H2_BC86_consensus_vsearch	1757	G	G	180	1	0.55%	2	1	93	93	0.5000000000001412	1	1	97	83	0	1	+CT
H2_BC86_consensus_vsearch	1758	G	G	186	1	0.53%	2	1	93	93	0.4999999999999138	1	1	102	84	0	1	+C
H2_BC86_consensus_vsearch	1759	T	T	187	2	1.05%	2	1	93	93	0.24933687002661706	1	1	102	85	0	2	-C
H2_BC86_consensus_vsearch	1760	C	C	186	1	0.53%	2	1	93	93	0.4999999999999138	1	1	102	84	1	0	+A
H2_BC86_consensus_vsearch	1761	T	T	186	2	1.05%	2	1	93	93	0.24933333333336263	1	1	100	86	2	0	-CT
H2_BC86_consensus_vsearch	1762	C	C	186	2	1.06%	2	1	93	93	0.24933333333336263	1	1	101	85	0	2	-T
H2_BC86_consensus_vsearch	1763	T	T	187	0	0%	2	0	93	0	1.0	1	0	101	86	0	0	
H2_BC86_consensus_vsearch	1764	A	A	180	6	3.12%	2	2	93	93	0.014998392876323086	1	1	97	83	3	3	-C
H2_BC86_consensus_vsearch	1765	C	*/+T	176	8	4.3%	2	1	93	93	0.0036143155518784634	1	1	100	76	0	8	+T
H2_BC86_consensus_vsearch	1766	C	C	182	4	2.08%	2	1	93	93	0.061490587951709585	1	1	103	79	0	4	+T
H2_BC86_consensus_vsearch	1767	T	T	172	5	2.66%	2	2	93	93	0.030368514079556194	1	1	93	79	2	3	+C
H2_BC86_consensus_vsearch	1768	C	C	181	1	0.55%	2	1	93	93	0.4999999999999138	1	1	96	85	1	0	A
H2_BC86_consensus_vsearch	1769	C	C	184	1	0.53%	2	1	93	93	0.4999999999999138	1	1	99	85	1	0	+G
H2_BC86_consensus_vsearch	1770	C	C	180	6	3.12%	2	1	93	93	0.014998392876323086	1	1	92	88	6	0	-AC
H2_BC86_consensus_vsearch	1771	A	R	171	7	3.87%	2	2	93	93	0.007356879467164792	1	1	85	86	5	2	G
H2_BC86_consensus_vsearch	1772	C	C	177	2	1.09%	2	1	93	93	0.24929971988807545	1	1	89	88	2	0	-T
H2_BC86_consensus_vsearch	1773	T	T	182	1	0.54%	2	1	93	93	0.4999999999999138	1	1	95	87	0	1	+C
H2_BC86_consensus_vsearch	1774	T	T	184	3	1.6%	2	1	93	93	0.12399463806966378	1	1	97	87	3	0	C
H2_BC86_consensus_vsearch	1775	G	G	186	4	2.09%	2	2	93	93	0.061511866352189214	1	1	99	87	3	1	A
H2_BC86_consensus_vsearch	1776	G	G	190	1	0.52%	2	1	93	93	0.4999999999999138	1	1	102	88	1	0	C
H2_BC86_consensus_vsearch	1777	C	C	187	3	1.56%	2	2	93	93	0.12401055408976878	1	1	101	86	1	2	T
H2_BC86_consensus_vsearch	1778	G	G	190	2	1.04%	2	1	93	93	0.2493472584856949	1	1	102	88	2	0	A
H2_BC86_consensus_vsearch	1779	C	C	190	2	1.04%	2	1	93	93	0.2493472584856949	1	1	104	86	0	2	+GC
H2_BC86_consensus_vsearch	1780	A	A	190	1	0.52%	2	1	93	93	0.4999999999999138	1	1	103	87	0	1	-GCA
H2_BC86_consensus_vsearch	1781	G	G	189	2	1.05%	2	1	93	93	0.24934383202100482	1	1	102	87	2	0	A
H2_BC86_consensus_vsearch	1782	C	C	187	3	1.57%	2	1	93	93	0.12401055408976878	1	1	100	87	3	0	+G
H2_BC86_consensus_vsearch	1783	A	A	182	4	2.09%	2	2	93	93	0.061490587951709585	1	1	97	85	3	1	-T
H2_BC86_consensus_vsearch	1784	T	T	184	3	1.6%	2	2	93	93	0.12399463806966378	1	1	100	84	1	2	C
H2_BC86_consensus_vsearch	1785	T	T	187	3	1.57%	2	2	93	93	0.12401055408976878	1	1	103	84	1	2	C
H2_BC86_consensus_vsearch	1786	A	A	184	3	1.57%	2	1	93	93	0.12399463806966378	1	1	99	85	3	0	-CA
H2_BC86_consensus_vsearch	1787	C	*/+A	161	17	9.04%	2	2	93	93	5.110322696820513E-6	1	1	95	66	1	16	+A
H2_BC86_consensus_vsearch	1788	A	A	178	1	0.56%	2	1	93	93	0.4999999999999138	1	1	95	83	1	0	G
H2_BC86_consensus_vsearch	1789	A	A	191	0	0%	2	0	93	0	1.0	1	0	103	88	0	0	
H2_BC86_consensus_vsearch	1790	A	A	192	0	0%	2	0	93	0	1.0	1	0	104	88	0	0	
H2_BC86_consensus_vsearch	1791	A	A	189	2	1.04%	2	1	93	93	0.24934383202100482	1	1	101	88	2	0	-C
H2_BC86_consensus_vsearch	1792	C	C	188	1	0.53%	2	1	93	93	0.5000000000001412	1	1	101	87	1	0	+GC
H2_BC86_consensus_vsearch	1793	T	T	191	1	0.52%	2	1	93	93	0.5000000000001412	1	1	104	87	0	1	C
H2_BC86_consensus_vsearch	1794	A	A	191	1	0.52%	2	1	93	93	0.5000000000001412	1	1	103	88	1	0	G
H2_BC86_consensus_vsearch	1795	C	C	189	1	0.52%	2	1	93	93	0.5000000000001412	1	1	103	86	1	0	+AC
H2_BC86_consensus_vsearch	1796	G	G	188	2	1.04%	2	1	93	93	0.2493403693931866	1	1	102	86	2	0	A
H2_BC86_consensus_vsearch	1797	C	C	186	2	1.05%	2	1	93	93	0.24933333333336263	1	1	101	85	2	0	T
H2_BC86_consensus_vsearch	1798	G	G	186	2	1.06%	2	1	93	93	0.24933333333336263	1	1	101	85	2	0	-AC
H2_BC86_consensus_vsearch	1799	A	A	183	3	1.6%	2	1	93	93	0.12398921832883274	1	1	97	86	3	0	G
H2_BC86_consensus_vsearch	1800	C	C	185	1	0.53%	2	1	93	93	0.5000000000001412	1	1	100	85	0	1	+T
H2_BC86_consensus_vsearch	1801	T	T	186	3	1.57%	2	1	93	93	0.1240053050397967	1	1	104	82	0	3	-C
H2_BC86_consensus_vsearch	1802	C	C	181	3	1.59%	2	2	93	93	0.12397820163492167	1	1	100	81	1	2	+TC
H2_BC86_consensus_vsearch	1803	G	G	189	1	0.53%	2	1	93	93	0.5000000000001412	1	1	101	88	1	0	-A
H2_BC86_consensus_vsearch	1804	A	A	183	3	1.57%	2	2	93	93	0.12398921832883274	1	1	98	85	2	1	+G
H2_BC86_consensus_vsearch	1805	G	G	188	1	0.53%	2	1	93	93	0.5000000000001412	1	1	101	87	1	0	A
H2_BC86_consensus_vsearch	1806	G	*/-A	169	17	8.85%	2	1	93	93	5.203399319974215E-6	1	1	81	88	17	0	-A
H2_BC86_consensus_vsearch	1807	A	A	166	1	0.59%	2	1	93	93	0.4999999999999138	1	1	79	87	1	0	+G
H2_BC86_consensus_vsearch	1808	G	G	180	3	1.62%	2	2	93	93	0.12397260273979696	1	1	96	84	2	1	A
H2_BC86_consensus_vsearch	1809	C	C	188	1	0.52%	2	1	93	93	0.5000000000001412	1	1	102	86	0	1	+A
H2_BC86_consensus_vsearch	1810	A	A	184	5	2.62%	2	1	93	93	0.030424403183015276	1	1	98	86	5	0	G
H2_BC86_consensus_vsearch	1811	C	C	184	3	1.57%	2	2	93	93	0.12399463806966378	1	1	102	82	1	2	-T
H2_BC86_consensus_vsearch	1812	T	T	187	1	0.53%	2	1	93	93	0.4999999999999138	1	1	101	86	1	0	A
H2_BC86_consensus_vsearch	1813	T	T	185	1	0.52%	2	1	93	93	0.5000000000001412	1	1	101	84	0	1	+A
H2_BC86_consensus_vsearch	1814	G	G	189	1	0.52%	2	1	93	93	0.5000000000001412	1	1	101	88	1	0	+C
H2_BC86_consensus_vsearch	1815	T	T	188	1	0.53%	2	1	93	93	0.5000000000001412	1	1	100	88	1	0	-C
H2_BC86_consensus_vsearch	1816	C	*/-A	156	18	9.47%	2	1	93	93	2.4005815851883153E-6	1	1	69	87	18	0	-A
H2_BC86_consensus_vsearch	1817	A	*/-T	155	16	9.2%	2	1	93	93	1.056433857412907E-5	1	1	67	88	16	0	-T
H2_BC86_consensus_vsearch	1818	T	K	157	18	10.23%	2	1	93	93	2.4072847951339005E-6	1	1	69	88	18	0	G
H2_BC86_consensus_vsearch	1819	T	T	189	1	0.52%	2	1	93	93	0.5000000000001412	1	1	103	86	1	0	+A
H2_BC86_consensus_vsearch	1820	G	R	181	10	5.24%	2	1	93	93	8.654248463553992E-4	1	1	94	87	10	0	A
H2_BC86_consensus_vsearch	1821	G	G	190	2	1.04%	2	1	93	93	0.2493472584856949	1	1	102	88	2	0	A
H2_BC86_consensus_vsearch	1822	C	C	191	1	0.52%	2	1	93	93	0.5000000000001412	1	1	104	87	0	1	+AAA
H2_BC86_consensus_vsearch	1823	G	G	184	6	3.12%	2	2	93	93	0.015011512916161563	1	1	102	82	2	4	-CG
H2_BC86_consensus_vsearch	1824	C	C	174	6	3.24%	2	2	93	93	0.014977625873213331	1	1	96	78	5	1	-G
H2_BC86_consensus_vsearch	1825	G	G	177	2	1.11%	2	1	93	93	0.24929971988807545	1	1	95	82	2	0	-A
H2_BC86_consensus_vsearch	1826	A	A	188	1	0.53%	2	1	93	93	0.5000000000001412	1	1	100	88	1	0	+G
H2_BC86_consensus_vsearch	1827	G	G	188	1	0.52%	2	1	93	93	0.5000000000001412	1	1	103	85	1	0	+AG
H2_BC86_consensus_vsearch	1828	T	T	187	2	1.06%	2	2	93	93	0.24933687002661706	1	1	103	84	1	1	-G
H2_BC86_consensus_vsearch	1829	G	G	185	1	0.53%	2	1	93	93	0.5000000000001412	1	1	102	83	0	1	-C
H2_BC86_consensus_vsearch	1830	C	C	182	4	2.12%	2	1	93	93	0.061490587951709585	1	1	99	83	4	0	+G
H2_BC86_consensus_vsearch	1831	A	A	179	6	3.16%	2	2	93	93	0.014995024721629802	1	1	94	85	5	1	G
H2_BC86_consensus_vsearch	1832	G	G	185	1	0.54%	2	1	93	93	0.5000000000001412	1	1	99	86	1	0	-A
H2_BC86_consensus_vsearch	1833	A	A	181	4	2.09%	2	1	93	93	0.06148512438803467	1	1	95	86	4	0	+CC
H2_BC86_consensus_vsearch	1834	C	C	188	1	0.52%	2	1	93	93	0.5000000000001412	1	1	100	88	1	0	+G
H2_BC86_consensus_vsearch	1835	A	R	183	7	3.66%	2	2	93	93	0.007385343252869138	1	1	96	87	6	1	G
H2_BC86_consensus_vsearch	1836	G	G	190	1	0.52%	2	1	93	93	0.4999999999999138	1	1	102	88	1	0	+A
H2_BC86_consensus_vsearch	1837	A	A	188	2	1.04%	2	1	93	93	0.2493403693931866	1	1	101	87	2	0	G
H2_BC86_consensus_vsearch	1838	T	T	186	2	1.05%	2	2	93	93	0.24933333333336263	1	1	100	86	1	1	C
H2_BC86_consensus_vsearch	1839	G	G	186	2	1.05%	2	1	93	93	0.24933333333336263	1	1	100	86	2	0	A
H2_BC86_consensus_vsearch	1840	G	G	187	2	1.05%	2	1	93	93	0.24933687002661706	1	1	103	84	0	2	+T
H2_BC86_consensus_vsearch	1841	T	T	185	3	1.58%	2	2	93	93	0.12399999999998497	1	1	102	83	1	2	C
H2_BC86_consensus_vsearch	1842	A	A	185	2	1.05%	2	1	93	93	0.24932975871318122	1	1	99	86	2	0	-C
H2_BC86_consensus_vsearch	1843	C	C	187	1	0.53%	2	1	93	93	0.4999999999999138	1	1	100	87	1	0	-A
H2_BC86_consensus_vsearch	1844	A	A	180	6	3.16%	2	1	93	93	0.014998392876323086	1	1	101	79	0	6	-G
H2_BC86_consensus_vsearch	1845	G	G	184	1	0.54%	2	1	93	93	0.4999999999999138	1	1	103	81	1	0	C
H2_BC86_consensus_vsearch	1846	G	G	190	1	0.52%	2	1	93	93	0.4999999999999138	1	1	103	87	1	0	-A
H2_BC86_consensus_vsearch	1847	A	*/-C	160	26	13.61%	2	1	93	93	5.827814211402979E-9	1	1	103	57	0	26	-C
H2_BC86_consensus_vsearch	1848	C	C	163	3	1.81%	2	1	93	93	0.12386706948633015	1	1	104	59	0	3	-T
H2_BC86_consensus_vsearch	1849	T	T	184	2	1.06%	2	1	93	93	0.24932614555250343	1	1	102	82	0	2	A
H2_BC86_consensus_vsearch	1850	G	S	155	28	14.58%	2	2	93	93	1.218017738367064E-9	1	1	97	58	1	27	C
H2_BC86_consensus_vsearch	1851	T	W	159	27	14.44%	2	1	93	93	2.6949429879321714E-9	1	1	102	57	0	27	A
H2_BC86_consensus_vsearch	1852	G	G	190	0	0%	2	0	93	0	1.0	1	0	103	87	0	0	
H2_BC86_consensus_vsearch	1853	A	*/-C	159	30	15.71%	2	1	93	93	2.669088430744984E-10	1	1	103	56	0	30	-C
H2_BC86_consensus_vsearch	1854	C	C	161	0	0%	2	0	93	0	1.0	1	0	104	57	0	0	
H2_BC86_consensus_vsearch	1855	C	C	190	1	0.52%	2	1	93	93	0.4999999999999138	1	1	104	86	0	1	+T
H2_BC86_consensus_vsearch	1856	C	C	188	2	1.04%	2	2	93	93	0.2493403693931866	1	1	103	85	1	1	-T
H2_BC86_consensus_vsearch	1857	T	*/-CT	172	9	4.74%	2	1	93	93	0.0017639971126793845	1	1	95	77	0	9	-CT
H2_BC86_consensus_vsearch	1858	C	C	181	1	0.55%	2	1	93	93	0.4999999999999138	1	1	103	78	0	1	-T
H2_BC86_consensus_vsearch	1859	T	T	175	3	1.65%	2	2	93	93	0.12394366197182968	1	1	101	74	1	2	+G
H2_BC86_consensus_vsearch	1860	G	G	180	6	3.14%	2	1	93	93	0.014998392876323086	1	1	93	87	6	0	-AG
H2_BC86_consensus_vsearch	1861	A	*/-G	170	8	4.3%	2	1	93	93	0.003604660140070728	1	1	82	88	8	0	-G
H2_BC86_consensus_vsearch	1862	G	G	173	4	2.25%	2	1	93	93	0.06143919033436361	1	1	86	87	4	0	A
H2_BC86_consensus_vsearch	1863	G	G	189	2	1.04%	2	1	93	93	0.24934383202100482	1	1	104	85	0	2	C
H2_BC86_consensus_vsearch	1864	T	T	191	1	0.52%	2	1	93	93	0.5000000000001412	1	1	104	87	0	1	C
H2_BC86_consensus_vsearch	1865	G	G	186	4	2.08%	2	1	93	93	0.061511866352189214	1	1	103	83	0	4	-C
H2_BC86_consensus_vsearch	1866	C	C	187	1	0.53%	2	1	93	93	0.4999999999999138	1	1	103	84	1	0	T
H2_BC86_consensus_vsearch	1867	C	C	184	4	2.08%	2	1	93	93	0.06150134048256699	1	1	104	80	0	4	T
H2_BC86_consensus_vsearch	1868	G	G	185	2	1.05%	2	1	93	93	0.24932975871318122	1	1	101	84	2	0	A
H2_BC86_consensus_vsearch	1869	T	T	177	4	2.11%	2	1	93	93	0.061462665606988216	1	1	104	73	0	4	-GT
H2_BC86_consensus_vsearch	1870	G	*/-T	177	7	3.8%	2	2	93	93	0.007371570136883838	1	1	99	78	5	2	-T
H2_BC86_consensus_vsearch	1871	T	T	173	4	2.22%	2	2	93	93	0.06143919033436361	1	1	98	75	1	3	C
H2_BC86_consensus_vsearch	1872	T	T	185	4	2.08%	2	2	93	93	0.061506631299724945	1	1	103	82	1	3	C
H2_BC86_consensus_vsearch	1873	T	T	181	5	2.6%	2	2	93	93	0.030411105997849117	1	1	98	83	4	1	+C
H2_BC86_consensus_vsearch	1874	C	C	185	2	1.06%	2	2	93	93	0.24932975871318122	1	1	100	85	1	1	+A
H2_BC86_consensus_vsearch	1875	A	A	190	1	0.52%	2	1	93	93	0.4999999999999138	1	1	103	87	0	1	+C
H2_BC86_consensus_vsearch	1876	A	A	187	3	1.56%	2	2	93	93	0.12401055408976878	1	1	102	85	1	2	G
H2_BC86_consensus_vsearch	1877	C	C	183	5	2.6%	2	1	93	93	0.030420017873106126	1	1	102	81	0	5	+G
H2_BC86_consensus_vsearch	1878	G	G	187	2	1.04%	2	1	93	93	0.24933687002661706	1	1	101	86	2	0	A
H2_BC86_consensus_vsearch	1879	G	G	189	2	1.04%	2	1	93	93	0.24934383202100482	1	1	101	88	2	0	-AC
H2_BC86_consensus_vsearch	1880	A	A	185	1	0.53%	2	1	93	93	0.5000000000001412	1	1	98	87	1	0	+CC
H2_BC86_consensus_vsearch	1881	C	C	185	2	1.06%	2	1	93	93	0.24932975871318122	1	1	100	85	0	2	-T
H2_BC86_consensus_vsearch	1882	T	T	186	2	1.06%	2	1	93	93	0.24933333333336263	1	1	101	85	2	0	C
H2_BC86_consensus_vsearch	1883	T	*/-C	173	11	5.76%	2	2	93	93	4.186451412907242E-4	1	1	93	80	5	6	-C
H2_BC86_consensus_vsearch	1884	C	C	175	0	0%	2	0	93	0	1.0	1	0	94	81	0	0	
H2_BC86_consensus_vsearch	1885	C	C	182	3	1.6%	2	1	93	93	0.12398373983732354	1	1	96	86	3	0	-AC
H2_BC86_consensus_vsearch	1886	A	A	183	1	0.54%	2	1	93	93	0.4999999999999138	1	1	96	87	0	1	+C
H2_BC86_consensus_vsearch	1887	C	C	182	3	1.59%	2	2	93	93	0.12398373983732354	1	1	99	83	2	1	-TGC
H2_BC86_consensus_vsearch	1888	T	Y	177	8	4.28%	2	1	93	93	0.0036158650264919274	1	1	102	75	0	8	C
H2_BC86_consensus_vsearch	1889	G	G	184	2	1.06%	2	1	93	93	0.24932614555250343	1	1	101	83	0	2	-C
H2_BC86_consensus_vsearch	1890	C	C	185	1	0.54%	2	1	93	93	0.5000000000001412	1	1	101	84	1	0	+G
H2_BC86_consensus_vsearch	1891	C	*/-T	175	10	5.24%	2	2	93	93	8.619505923183497E-4	1	1	100	75	2	8	-T
H2_BC86_consensus_vsearch	1892	T	T	179	1	0.56%	2	1	93	93	0.5000000000001412	1	1	101	78	0	1	C
H2_BC86_consensus_vsearch	1893	T	T	183	3	1.57%	2	2	93	93	0.12398921832883274	1	1	100	83	2	1	+C
H2_BC86_consensus_vsearch	1894	T	T	186	5	2.6%	2	2	93	93	0.030433036239869853	1	1	101	85	3	2	C
H2_BC86_consensus_vsearch	1895	A	A	190	1	0.52%	2	1	93	93	0.4999999999999138	1	1	104	86	0	1	+G
H2_BC86_consensus_vsearch	1896	C	C	186	4	2.08%	2	1	93	93	0.061511866352189214	1	1	104	82	0	4	T
H2_BC86_consensus_vsearch	1897	A	A	190	0	0%	2	0	93	0	1.0	1	0	104	86	0	0	
H2_BC86_consensus_vsearch	1898	A	A	191	1	0.52%	2	1	93	93	0.5000000000001412	1	1	103	88	1	0	+GC
H2_BC86_consensus_vsearch	1899	A	A	189	2	1.04%	2	2	93	93	0.24934383202100482	1	1	102	87	1	1	G
H2_BC86_consensus_vsearch	1900	C	C	187	2	1.04%	2	1	93	93	0.24933687002661706	1	1	101	86	2	0	+A
H2_BC86_consensus_vsearch	1901	G	G	185	2	1.05%	2	2	93	93	0.24932975871318122	1	1	100	85	1	1	-C
H2_BC86_consensus_vsearch	1902	C	C	186	1	0.53%	2	1	93	93	0.4999999999999138	1	1	102	84	0	1	+GC
H2_BC86_consensus_vsearch	1903	A	A	186	3	1.57%	2	2	93	93	0.1240053050397967	1	1	102	84	1	2	G
H2_BC86_consensus_vsearch	1904	G	G	190	0	0%	2	0	93	0	1.0	1	0	103	87	0	0	
H2_BC86_consensus_vsearch	1905	A	A	183	2	1.04%	2	2	93	93	0.2493224932250014	1	1	99	84	1	1	+T
H2_BC86_consensus_vsearch	1906	C	C	180	4	2.09%	2	1	93	93	0.06147960135865969	1	1	96	84	4	0	+A
H2_BC86_consensus_vsearch	1907	G	G	186	1	0.53%	2	1	93	93	0.4999999999999138	1	1	100	86	1	0	+A
H2_BC86_consensus_vsearch	1908	A	A	187	2	1.06%	2	1	93	93	0.24933687002661706	1	1	101	86	2	0	G
H2_BC86_consensus_vsearch	1909	A	A	188	2	1.05%	2	1	93	93	0.2493403693931866	1	1	101	87	2	0	G
H2_BC86_consensus_vsearch	1910	G	G	190	1	0.52%	2	1	93	93	0.4999999999999138	1	1	103	87	1	0	A
H2_BC86_consensus_vsearch	1911	C	C	191	0	0%	2	0	93	0	1.0	1	0	104	87	0	0	
H2_BC86_consensus_vsearch	1912	A	A	190	1	0.52%	2	1	93	93	0.4999999999999138	1	1	102	88	1	0	+CA
H2_BC86_consensus_vsearch	1913	T	T	189	2	1.04%	2	1	93	93	0.24934383202100482	1	1	101	88	2	0	-C
H2_BC86_consensus_vsearch	1914	C	C	190	0	0%	2	0	93	0	1.0	1	0	102	88	0	0	
H2_BC86_consensus_vsearch	1915	C	C	191	1	0.52%	2	1	93	93	0.5000000000001412	1	1	103	88	1	0	-A
H2_BC86_consensus_vsearch	1916	A	A	187	1	0.52%	2	1	93	93	0.4999999999999138	1	1	100	87	1	0	+C
H2_BC86_consensus_vsearch	1917	T	*/+A	175	9	4.71%	2	1	93	93	0.0017669987142516655	1	1	88	87	9	0	+A
H2_BC86_consensus_vsearch	1918	A	A	186	2	1.05%	2	1	93	93	0.24933333333336263	1	1	101	85	2	0	+G
H2_BC86_consensus_vsearch	1919	G	K	177	12	6.25%	2	1	93	93	2.0390075187582733E-4	1	1	91	86	12	0	T
H2_BC86_consensus_vsearch	1920	T	T	185	3	1.57%	2	2	93	93	0.12399999999998497	1	1	102	83	1	2	C
H2_BC86_consensus_vsearch	1921	G	G	188	1	0.53%	2	1	93	93	0.5000000000001412	1	1	103	85	1	0	T
H2_BC86_consensus_vsearch	1922	C	C	182	4	2.11%	2	1	93	93	0.061490587951709585	1	1	102	80	0	4	+A
H2_BC86_consensus_vsearch	1923	A	A	185	3	1.57%	2	2	93	93	0.12399999999998497	1	1	100	85	2	1	-CA
H2_BC86_consensus_vsearch	1924	C	C	181	5	2.66%	2	1	93	93	0.030411105997849117	1	1	100	81	0	5	T
H2_BC86_consensus_vsearch	1925	A	A	184	3	1.6%	2	1	93	93	0.12399463806966378	1	1	100	84	0	3	+CA
H2_BC86_consensus_vsearch	1926	A	A	185	3	1.58%	2	1	93	93	0.12399999999998497	1	1	102	83	0	3	+TC
H2_BC86_consensus_vsearch	1927	C	C	185	3	1.58%	2	2	93	93	0.12399999999998497	1	1	101	84	1	2	-T
H2_BC86_consensus_vsearch	1928	T	*/+C	157	15	7.94%	2	2	93	93	2.21876567821685E-5	1	1	90	67	11	4	+C
H2_BC86_consensus_vsearch	1929	C	*/-G	161	15	8.29%	2	1	93	93	2.2356045059508273E-5	1	1	100	61	0	15	-G
H2_BC86_consensus_vsearch	1930	G	G	169	3	1.73%	2	1	93	93	0.12390670553935745	1	1	104	65	0	3	T
H2_BC86_consensus_vsearch	1931	G	G	191	1	0.52%	2	1	93	93	0.5000000000001412	1	1	103	88	1	0	-A
H2_BC86_consensus_vsearch	1932	A	*/-C	172	17	8.9%	2	2	93	93	5.236578670378071E-6	1	1	88	84	13	4	-C
H2_BC86_consensus_vsearch	1933	C	C	170	2	1.15%	2	1	93	93	0.2492711370263462	1	1	89	81	0	2	+T
H2_BC86_consensus_vsearch	1934	C	C	190	1	0.52%	2	1	93	93	0.4999999999999138	1	1	102	88	1	0	T
H2_BC86_consensus_vsearch	1935	C	*/-G	151	24	12.5%	2	2	93	93	2.5576531575462664E-8	1	1	103	48	1	23	-G
H2_BC86_consensus_vsearch	1936	G	R	129	20	13.25%	2	1	93	93	4.818052851834581E-7	1	1	83	46	20	0	A
H2_BC86_consensus_vsearch	1937	G	G	172	2	1.14%	2	1	93	93	0.24927953890490892	1	1	104	68	0	2	T
H2_BC86_consensus_vsearch	1938	G	G	190	1	0.52%	2	1	93	93	0.4999999999999138	1	1	104	86	0	1	-A
H2_BC86_consensus_vsearch	1939	A	A	190	1	0.52%	2	1	93	93	0.4999999999999138	1	1	103	87	1	0	-TGTA
H2_BC86_consensus_vsearch	1940	T	T	183	5	2.62%	2	2	93	93	0.030420017873106126	1	1	102	81	1	4	-GT
H2_BC86_consensus_vsearch	1941	G	G	185	0	0%	2	0	93	0	1.0	1	0	102	83	0	0	
H2_BC86_consensus_vsearch	1942	T	T	181	2	1.08%	2	1	93	93	0.24931506849317653	1	1	102	79	0	2	+AA
H2_BC86_consensus_vsearch	1943	A	*/-C	146	31	16.32%	2	2	93	93	1.103792376140676E-10	1	1	86	60	11	20	-C
H2_BC86_consensus_vsearch	1944	C	C	152	2	1.29%	2	1	93	93	0.24918566775242354	1	1	91	61	0	2	T
H2_BC86_consensus_vsearch	1945	C	C	178	5	2.69%	2	1	93	93	0.0303973734857873	1	1	101	77	0	5	T
H2_BC86_consensus_vsearch	1946	C	Y	179	11	5.79%	2	2	93	93	4.2074294006989865E-4	1	1	102	77	1	10	T
H2_BC86_consensus_vsearch	1947	C	*/-A	156	18	9.38%	2	2	93	93	2.4005815851883153E-6	1	1	96	60	3	15	-A
H2_BC86_consensus_vsearch	1948	A	A	168	2	1.16%	2	2	93	93	0.2492625368732155	1	1	96	72	1	1	G
H2_BC86_consensus_vsearch	1949	A	W	173	15	7.85%	2	1	93	93	2.2823007615405344E-5	1	1	101	72	0	15	T
H2_BC86_consensus_vsearch	1950	G	R	178	7	3.68%	2	1	93	93	0.007373926992228167	1	1	91	87	7	0	A
H2_BC86_consensus_vsearch	1951	C	C	189	1	0.53%	2	1	93	93	0.5000000000001412	1	1	102	87	0	1	T
H2_BC86_consensus_vsearch	1952	C	C	188	2	1.05%	2	1	93	93	0.2493403693931866	1	1	100	88	2	0	-A
H2_BC86_consensus_vsearch	1953	A	A	187	2	1.06%	2	1	93	93	0.24933687002661706	1	1	99	88	2	0	-G
H2_BC86_consensus_vsearch	1954	G	G	189	0	0%	2	0	93	0	1.0	1	0	101	88	0	0	
H2_BC86_consensus_vsearch	1955	A	A	187	3	1.57%	2	2	93	93	0.12401055408976878	1	1	101	86	2	1	G
H2_BC86_consensus_vsearch	1956	T	T	185	2	1.05%	2	1	93	93	0.24932975871318122	1	1	101	84	0	2	+C
H2_BC86_consensus_vsearch	1957	T	T	186	3	1.58%	2	1	93	93	0.1240053050397967	1	1	102	84	0	3	-C
H2_BC86_consensus_vsearch	1958	C	C	186	1	0.53%	2	1	93	93	0.4999999999999138	1	1	102	84	1	0	-ACACA
H2_BC86_consensus_vsearch	1959	A	A	184	2	1.06%	2	1	93	93	0.24932614555250343	1	1	100	84	0	2	-CACA
H2_BC86_consensus_vsearch	1960	C	C	187	1	0.53%	2	1	93	93	0.4999999999999138	1	1	102	85	0	1	-A
H2_BC86_consensus_vsearch	1961	A	*/-CA	149	34	18.18%	2	2	93	93	1.0739594191449847E-11	1	1	85	64	14	20	-CA
H2_BC86_consensus_vsearch	1962	C	C	146	3	1.96%	2	1	93	93	0.12373737373733101	1	1	83	63	3	0	+G
H2_BC86_consensus_vsearch	1963	A	A	146	4	2.63%	2	1	93	93	0.06124793081317961	1	1	81	65	4	0	-T
H2_BC86_consensus_vsearch	1964	T	T	182	2	1.08%	2	1	93	93	0.2493188010900035	1	1	95	87	2	0	C
H2_BC86_consensus_vsearch	1965	T	T	181	6	3.16%	2	1	93	93	0.015001725210740429	1	1	100	81	0	6	+G
H2_BC86_consensus_vsearch	1966	G	G	186	3	1.58%	2	1	93	93	0.1240053050397967	1	1	100	86	3	0	-A
H2_BC86_consensus_vsearch	1967	A	A	183	2	1.07%	2	1	93	93	0.2493224932250014	1	1	99	84	0	2	-G
H2_BC86_consensus_vsearch	1968	G	G	184	1	0.53%	2	1	93	93	0.4999999999999138	1	1	101	83	1	0	+A
H2_BC86_consensus_vsearch	1969	C	C	188	1	0.52%	2	1	93	93	0.5000000000001412	1	1	101	87	1	0	A
H2_BC86_consensus_vsearch	1970	C	Y	175	10	5.24%	2	1	93	93	8.619505923183497E-4	1	1	102	73	0	10	T
H2_BC86_consensus_vsearch	1971	G	G	190	1	0.52%	2	1	93	93	0.4999999999999138	1	1	102	88	1	0	-A
H2_BC86_consensus_vsearch	1972	A	A	188	1	0.53%	2	1	93	93	0.5000000000001412	1	1	101	87	1	0	-T
H2_BC86_consensus_vsearch	1973	T	*/-C	162	20	10.53%	2	2	93	93	5.492231072688427E-7	1	1	76	86	19	1	-C
H2_BC86_consensus_vsearch	1974	C	C	167	0	0%	2	0	93	0	1.0	1	0	80	87	0	0	
H2_BC86_consensus_vsearch	1975	C	M	173	11	5.88%	2	1	93	93	4.186451412907242E-4	1	1	86	87	11	0	A
H2_BC86_consensus_vsearch	1976	C	*/-GC	150	21	10.99%	2	1	93	93	2.480289251016574E-7	1	1	80	70	21	0	-GC
H2_BC86_consensus_vsearch	1977	G	G	161	4	2.38%	2	2	93	93	0.06136192521119663	1	1	78	83	2	2	A
H2_BC86_consensus_vsearch	1978	C	C	164	2	1.18%	2	1	93	93	0.24924471299088177	1	1	81	83	0	2	-TT
H2_BC86_consensus_vsearch	1979	T	T	185	1	0.53%	2	1	93	93	0.5000000000001412	1	1	103	82	0	1	+C
H2_BC86_consensus_vsearch	1980	T	T	187	2	1.06%	2	1	93	93	0.24933687002661706	1	1	103	84	0	2	C
H2_BC86_consensus_vsearch	1981	C	*/-A	174	11	5.76%	2	1	93	93	4.190037601545019E-4	1	1	88	86	11	0	-A
H2_BC86_consensus_vsearch	1982	A	A	174	2	1.13%	2	1	93	93	0.24928774928777736	1	1	89	85	0	2	+C
H2_BC86_consensus_vsearch	1983	C	C	185	1	0.53%	2	1	93	93	0.5000000000001412	1	1	99	86	1	0	+TTGC
H2_BC86_consensus_vsearch	1984	T	T	181	5	2.63%	2	1	93	93	0.030411105997849117	1	1	103	78	0	5	-C
H2_BC86_consensus_vsearch	1985	C	*/+AC	173	7	3.76%	2	1	93	93	0.007361883903780164	1	1	93	80	7	0	+AC
H2_BC86_consensus_vsearch	1986	G	G	184	3	1.58%	2	1	93	93	0.12399463806966378	1	1	98	86	3	0	C
H2_BC86_consensus_vsearch	1987	C	C	182	3	1.58%	2	1	93	93	0.12398373983732354	1	1	97	85	3	0	+GC
H2_BC86_consensus_vsearch	1988	A	R	177	12	6.28%	2	1	93	93	2.0390075187582733E-4	1	1	90	87	12	0	G
H2_BC86_consensus_vsearch	1989	G	G	191	0	0%	2	0	93	0	1.0	1	0	103	88	0	0	
H2_BC86_consensus_vsearch	1990	T	T	189	1	0.52%	2	1	93	93	0.5000000000001412	1	1	102	87	1	0	A
H2_BC86_consensus_vsearch	1991	T	T	190	1	0.52%	2	1	93	93	0.4999999999999138	1	1	103	87	0	1	-ACT
H2_BC86_consensus_vsearch	1992	A	A	186	4	2.09%	2	2	93	93	0.061511866352189214	1	1	100	86	3	1	G
H2_BC86_consensus_vsearch	1993	C	C	186	2	1.05%	2	1	93	93	0.24933333333336263	1	1	100	86	2	0	-T
H2_BC86_consensus_vsearch	1994	T	T	183	3	1.6%	2	2	93	93	0.12398921832883274	1	1	99	84	1	2	C
H2_BC86_consensus_vsearch	1995	G	*/-A	177	8	4.21%	2	1	93	93	0.0036158650264919274	1	1	89	88	8	0	-A
H2_BC86_consensus_vsearch	1996	A	*/-G	149	23	12.71%	2	2	93	93	5.423372997847672E-8	1	1	68	81	17	6	-G
H2_BC86_consensus_vsearch	1997	G	G	161	1	0.62%	2	1	93	93	0.4999999999999138	1	1	79	82	1	0	+A
H2_BC86_consensus_vsearch	1998	G	G	185	2	1.06%	2	1	93	93	0.24932975871318122	1	1	97	88	2	0	A
H2_BC86_consensus_vsearch	1999	G	G	187	2	1.05%	2	1	93	93	0.24933687002661706	1	1	99	88	2	0	-A
H2_BC86_consensus_vsearch	2000	A	A	185	4	2.12%	2	2	93	93	0.061506631299724945	1	1	100	85	1	3	G
H2_BC86_consensus_vsearch	2001	A	A	186	3	1.57%	2	2	93	93	0.1240053050397967	1	1	101	85	2	1	G
H2_BC86_consensus_vsearch	2002	T	T	184	6	3.14%	2	2	93	93	0.015011512916161563	1	1	98	86	5	1	-C
H2_BC86_consensus_vsearch	2003	C	C	185	0	0%	2	0	93	0	1.0	1	0	99	86	0	0	
H2_BC86_consensus_vsearch	2004	C	C	191	1	0.52%	2	1	93	93	0.5000000000001412	1	1	104	87	0	1	-T
H2_BC86_consensus_vsearch	2005	T	*/-G	178	10	5.24%	2	1	93	93	8.637144208672183E-4	1	1	104	74	0	10	-G
H2_BC86_consensus_vsearch	2006	G	G	178	2	1.1%	2	1	93	93	0.24930362117001986	1	1	103	75	0	2	T
H2_BC86_consensus_vsearch	2007	G	G	187	1	0.52%	2	1	93	93	0.4999999999999138	1	1	102	85	0	1	+A
H2_BC86_consensus_vsearch	2008	T	T	185	3	1.59%	2	1	93	93	0.12399999999998497	1	1	103	82	0	3	C
H2_BC86_consensus_vsearch	2009	T	*/-A	180	7	3.68%	2	2	93	93	0.007378565932456183	1	1	101	79	2	5	-A
H2_BC86_consensus_vsearch	2010	A	R	168	12	6.52%	2	2	93	93	2.0201205851976917E-4	1	1	89	79	11	1	G
H2_BC86_consensus_vsearch	2011	G	G	173	6	3.19%	2	1	93	93	0.014974030149906566	1	1	89	84	6	0	+A
H2_BC86_consensus_vsearch	2012	T	T	180	2	1.08%	2	1	93	93	0.24931129476584768	1	1	97	83	2	0	A
H2_BC86_consensus_vsearch	2013	T	T	188	1	0.53%	2	1	93	93	0.5000000000001412	1	1	104	84	0	1	C
H2_BC86_consensus_vsearch	2014	T	T	177	4	2.12%	2	2	93	93	0.061462665606988216	1	1	99	78	1	3	+C
H2_BC86_consensus_vsearch	2015	C	*/-T	154	18	9.63%	2	2	93	93	2.3869861209766966E-6	1	1	99	55	3	15	-T
H2_BC86_consensus_vsearch	2016	T	T	166	1	0.6%	2	1	93	93	0.4999999999999138	1	1	99	67	1	0	C
H2_BC86_consensus_vsearch	2017	T	T	184	1	0.54%	2	1	93	93	0.4999999999999138	1	1	103	81	0	1	+C
H2_BC86_consensus_vsearch	2018	T	T	190	2	1.04%	2	2	93	93	0.2493472584856949	1	1	103	87	1	1	C
H2_BC86_consensus_vsearch	2019	T	T	185	4	2.08%	2	1	93	93	0.061506631299724945	1	1	104	81	0	4	-C
H2_BC86_consensus_vsearch	2020	C	C	186	0	0%	2	0	93	0	1.0	1	0	104	82	0	0	
H2_BC86_consensus_vsearch	2021	C	C	188	1	0.53%	2	1	93	93	0.5000000000001412	1	1	104	84	0	1	-TC
H2_BC86_consensus_vsearch	2022	T	T	186	2	1.05%	2	1	93	93	0.24933333333336263	1	1	101	85	2	0	+C
H2_BC86_consensus_vsearch	2023	C	C	189	0	0%	2	0	93	0	1.0	1	0	103	86	0	0	
H2_BC86_consensus_vsearch	2024	C	C	184	2	1.05%	2	1	93	93	0.24932614555250343	1	1	98	86	2	0	-G
H2_BC86_consensus_vsearch	2025	G	*/-CTG	176	10	5.26%	2	1	93	93	8.625446222228462E-4	1	1	98	78	0	10	-CTG
H2_BC86_consensus_vsearch	2026	C	C	177	2	1.1%	2	1	93	93	0.24929971988807545	1	1	100	77	2	0	A
H2_BC86_consensus_vsearch	2027	T	T	175	3	1.65%	2	2	93	93	0.12394366197182968	1	1	102	73	1	2	C
H2_BC86_consensus_vsearch	2028	G	G	180	1	0.55%	2	1	93	93	0.5000000000001412	1	1	102	78	1	0	-A
H2_BC86_consensus_vsearch	2029	A	A	190	1	0.52%	2	1	93	93	0.4999999999999138	1	1	102	88	1	0	-T
H2_BC86_consensus_vsearch	2030	T	T	190	1	0.52%	2	1	93	93	0.4999999999999138	1	1	102	88	1	0	G
H2_BC86_consensus_vsearch	2031	T	T	191	1	0.52%	2	1	93	93	0.5000000000001412	1	1	103	88	1	0	+C
H2_BC86_consensus_vsearch	2032	A	A	189	2	1.04%	2	1	93	93	0.24934383202100482	1	1	101	88	2	0	C
H2_BC86_consensus_vsearch	2033	A	A	190	2	1.04%	2	1	93	93	0.2493472584856949	1	1	104	86	0	2	G
H2_BC86_consensus_vsearch	2034	T	T	187	1	0.52%	2	1	93	93	0.4999999999999138	1	1	101	86	0	1	+C
H2_BC86_consensus_vsearch	2035	A	A	188	1	0.53%	2	1	93	93	0.5000000000001412	1	1	101	87	0	1	-T
H2_BC86_consensus_vsearch	2036	T	T	188	1	0.53%	2	1	93	93	0.5000000000001412	1	1	101	87	1	0	+C
H2_BC86_consensus_vsearch	2037	G	G	187	2	1.04%	2	1	93	93	0.24933687002661706	1	1	101	86	2	0	-CT
H2_BC86_consensus_vsearch	2038	C	C	179	5	2.65%	2	1	93	93	0.03040200067187797	1	1	99	80	0	5	T
H2_BC86_consensus_vsearch	2039	T	T	186	1	0.53%	2	1	93	93	0.4999999999999138	1	1	98	88	1	0	C
H2_BC86_consensus_vsearch	2040	T	T	184	2	1.05%	2	1	93	93	0.24932614555250343	1	1	99	85	2	0	+A
H2_BC86_consensus_vsearch	2041	A	A	185	2	1.05%	2	1	93	93	0.24932975871318122	1	1	99	86	2	0	C
H2_BC86_consensus_vsearch	2042	A	A	188	1	0.53%	2	1	93	93	0.5000000000001412	1	1	103	85	1	0	-G
H2_BC86_consensus_vsearch	2043	G	*/+T	177	11	5.76%	2	1	93	93	4.200578330993431E-4	1	1	100	77	0	11	+T
H2_BC86_consensus_vsearch	2044	T	T	186	3	1.56%	2	1	93	93	0.1240053050397967	1	1	100	86	3	0	+C
H2_BC86_consensus_vsearch	2045	C	*/-T	174	15	7.85%	2	2	93	93	2.285953945782884E-5	1	1	99	75	4	11	-T
H2_BC86_consensus_vsearch	2046	T	T	172	2	1.13%	2	2	93	93	0.24927953890490892	1	1	98	74	1	1	C
H2_BC86_consensus_vsearch	2047	A	R	166	20	10.53%	2	1	93	93	5.561517304816399E-7	1	1	83	83	20	0	G
H2_BC86_consensus_vsearch	2048	G	G	183	1	0.53%	2	1	93	93	0.4999999999999138	1	1	100	83	1	0	+C
H2_BC86_consensus_vsearch	2049	C	C	166	6	3.14%	2	1	93	93	0.014947696567533192	1	1	96	70	0	6	+G
H2_BC86_consensus_vsearch	2050	G	R	175	9	4.89%	2	2	93	93	0.0017669987142516655	1	1	92	83	8	1	A
H2_BC86_consensus_vsearch	2051	G	G	188	1	0.53%	2	1	93	93	0.5000000000001412	1	1	101	87	1	0	+A
H2_BC86_consensus_vsearch	2052	G	G	180	6	3.12%	2	1	93	93	0.014998392876323086	1	1	94	86	6	0	+T
H2_BC86_consensus_vsearch	2053	T	Y	179	10	5.26%	2	1	93	93	8.642903755365361E-4	1	1	103	76	0	10	C
H2_BC86_consensus_vsearch	2054	T	T	187	2	1.05%	2	2	93	93	0.24933687002661706	1	1	102	85	1	1	C
H2_BC86_consensus_vsearch	2055	G	G	187	3	1.58%	2	1	93	93	0.12401055408976878	1	1	103	84	0	3	A
H2_BC86_consensus_vsearch	2056	T	*/+C	175	10	5.24%	2	1	93	93	8.619505923183497E-4	1	1	89	86	10	0	+C
H2_BC86_consensus_vsearch	2057	C	C	185	1	0.53%	2	1	93	93	0.5000000000001412	1	1	98	87	0	1	+T
H2_BC86_consensus_vsearch	2058	C	C	185	5	2.6%	2	2	93	93	0.030428742397642147	1	1	98	87	4	1	-T
H2_BC86_consensus_vsearch	2059	T	T	179	3	1.62%	2	2	93	93	0.12396694214879515	1	1	94	85	2	1	+GC
H2_BC86_consensus_vsearch	2060	A	*/-C	133	33	17.46%	2	2	93	93	1.9900711212461803E-11	1	1	55	78	25	8	-C
H2_BC86_consensus_vsearch	2061	C	C	140	2	1.36%	2	1	93	93	0.2491166077739007	1	1	64	76	0	2	+T
H2_BC86_consensus_vsearch	2062	C	C	174	4	2.21%	2	2	93	93	0.061445158201351026	1	1	89	85	3	1	T
H2_BC86_consensus_vsearch	2063	C	Y	173	8	4.28%	2	2	93	93	0.003609566346175535	1	1	92	81	2	6	T
H2_BC86_consensus_vsearch	2064	C	C	184	4	2.09%	2	1	93	93	0.06150134048256699	1	1	98	86	4	0	T
H2_BC86_consensus_vsearch	2065	A	A	185	1	0.53%	2	1	93	93	0.5000000000001412	1	1	100	85	1	0	+GCC
H2_BC86_consensus_vsearch	2066	A	A	188	2	1.05%	2	1	93	93	0.2493403693931866	1	1	102	86	2	0	-T
H2_BC86_consensus_vsearch	2067	T	T	188	1	0.53%	2	1	93	93	0.5000000000001412	1	1	102	86	0	1	+C
H2_BC86_consensus_vsearch	2068	G	G	189	2	1.04%	2	1	93	93	0.24934383202100482	1	1	102	87	2	0	-AG
H2_BC86_consensus_vsearch	2069	A	A	186	2	1.06%	2	1	93	93	0.24933333333336263	1	1	99	87	2	0	+G
H2_BC86_consensus_vsearch	2070	G	G	188	1	0.53%	2	1	93	93	0.5000000000001412	1	1	102	86	0	1	+TAAG
H2_BC86_consensus_vsearch	2071	G	G	192	0	0%	2	0	93	0	1.0	1	0	104	88	0	0	
H2_BC86_consensus_vsearch	2072	T	T	192	0	0%	2	0	93	0	1.0	1	0	104	88	0	0	
H2_BC86_consensus_vsearch	2073	C	C	190	1	0.52%	2	1	93	93	0.4999999999999138	1	1	103	87	0	1	+T
H2_BC86_consensus_vsearch	2074	A	A	191	0	0%	2	0	93	0	1.0	1	0	103	88	0	0	
H2_BC86_consensus_vsearch	2075	T	T	187	2	1.04%	2	2	93	93	0.24933687002661706	1	1	103	84	1	1	C
H2_BC86_consensus_vsearch	2076	G	G	192	0	0%	2	0	93	0	1.0	1	0	104	88	0	0	
H2_BC86_consensus_vsearch	2077	T	T	181	5	2.6%	2	1	93	93	0.030411105997849117	1	1	100	81	0	5	-GT
H2_BC86_consensus_vsearch	2078	G	G	182	2	1.08%	2	1	93	93	0.2493188010900035	1	1	99	83	2	0	+T
H2_BC86_consensus_vsearch	2079	T	T	182	4	2.14%	2	2	93	93	0.061490587951709585	1	1	102	80	1	3	C
H2_BC86_consensus_vsearch	2080	T	T	188	2	1.04%	2	2	93	93	0.2493403693931866	1	1	101	87	1	1	C
H2_BC86_consensus_vsearch	2081	G	G	190	1	0.52%	2	1	93	93	0.4999999999999138	1	1	102	88	1	0	A
H2_BC86_consensus_vsearch	2082	T	T	187	2	1.04%	2	1	93	93	0.24933687002661706	1	1	102	85	2	0	+G
H2_BC86_consensus_vsearch	2083	A	A	188	1	0.52%	2	1	93	93	0.5000000000001412	1	1	102	86	1	0	-GTA
H2_BC86_consensus_vsearch	2084	G	G	190	1	0.52%	2	1	93	93	0.4999999999999138	1	1	103	87	0	1	+C
H2_BC86_consensus_vsearch	2085	T	T	187	2	1.05%	2	2	93	93	0.24933687002661706	1	1	102	85	1	1	C
H2_BC86_consensus_vsearch	2086	A	A	188	1	0.52%	2	1	93	93	0.5000000000001412	1	1	100	88	1	0	+G
H2_BC86_consensus_vsearch	2087	C	S	167	18	9.47%	2	2	93	93	2.4710454132783846E-6	1	1	93	74	8	10	G
H2_BC86_consensus_vsearch	2088	T	T	184	3	1.58%	2	1	93	93	0.12399463806966378	1	1	99	85	3	0	+A
H2_BC86_consensus_vsearch	2089	G	G	187	2	1.05%	2	1	93	93	0.24933687002661706	1	1	99	88	2	0	+C
H2_BC86_consensus_vsearch	2090	C	*/+T	179	9	4.74%	2	2	93	93	0.0017708558237889195	1	1	98	81	2	7	+T
H2_BC86_consensus_vsearch	2091	T	T	185	1	0.53%	2	1	93	93	0.5000000000001412	1	1	98	87	0	1	+C
H2_BC86_consensus_vsearch	2092	T	T	188	2	1.05%	2	1	93	93	0.2493403693931866	1	1	100	88	2	0	-GT
H2_BC86_consensus_vsearch	2093	G	G	188	1	0.53%	2	1	93	93	0.5000000000001412	1	1	100	88	1	0	-T
H2_BC86_consensus_vsearch	2094	T	T	180	5	2.65%	2	2	93	93	0.030406577907750046	1	1	93	87	4	1	G
H2_BC86_consensus_vsearch	2095	T	T	182	3	1.56%	2	1	93	93	0.12398373983732354	1	1	96	86	3	0	C
H2_BC86_consensus_vsearch	2096	A	*/-G	172	10	5.26%	2	2	93	93	8.601308235378474E-4	1	1	99	73	1	9	-G
H2_BC86_consensus_vsearch	2097	G	G	180	2	1.1%	2	1	93	93	0.24931129476584768	1	1	101	79	2	0	A
H2_BC86_consensus_vsearch	2098	G	G	190	1	0.52%	2	1	93	93	0.4999999999999138	1	1	102	88	1	0	A
H2_BC86_consensus_vsearch	2099	C	C	181	6	3.12%	2	2	93	93	0.015001725210740429	1	1	98	83	1	5	T
H2_BC86_consensus_vsearch	2100	A	A	183	3	1.57%	2	1	93	93	0.12398921832883274	1	1	97	86	3	0	-G
H2_BC86_consensus_vsearch	2101	G	G	185	1	0.53%	2	1	93	93	0.5000000000001412	1	1	100	85	1	0	+A
H2_BC86_consensus_vsearch	2102	A	A	188	1	0.52%	2	1	93	93	0.5000000000001412	1	1	102	86	0	1	+T
H2_BC86_consensus_vsearch	2103	C	C	176	6	3.14%	2	1	93	93	0.014984699466163367	1	1	98	78	0	6	T
H2_BC86_consensus_vsearch	2104	T	*/+C	175	7	3.78%	2	1	93	93	0.007366779625824957	1	1	97	78	0	7	+C
H2_BC86_consensus_vsearch	2105	T	T	180	5	2.65%	2	1	93	93	0.030406577907750046	1	1	97	83	0	5	-G
H2_BC86_consensus_vsearch	2106	G	G	181	2	1.09%	2	2	93	93	0.24931506849317653	1	1	100	81	1	1	+A
H2_BC86_consensus_vsearch	2107	G	G	185	2	1.06%	2	1	93	93	0.24932975871318122	1	1	98	87	2	0	A
H2_BC86_consensus_vsearch	2108	T	T	181	4	2.13%	2	2	93	93	0.06148512438803467	1	1	98	83	2	2	C
H2_BC86_consensus_vsearch	2109	G	G	190	1	0.52%	2	1	93	93	0.4999999999999138	1	1	104	86	0	1	+C
H2_BC86_consensus_vsearch	2110	A	A	188	2	1.04%	2	1	93	93	0.2493403693931866	1	1	101	87	2	0	-C
H2_BC86_consensus_vsearch	2111	C	C	185	3	1.58%	2	2	93	93	0.12399999999998497	1	1	99	86	1	2	T
H2_BC86_consensus_vsearch	2112	G	G	178	6	3.14%	2	1	93	93	0.014991620166021489	1	1	91	87	6	0	-CG
H2_BC86_consensus_vsearch	2113	C	C	178	5	2.69%	2	2	93	93	0.0303973734857873	1	1	92	86	4	1	T
H2_BC86_consensus_vsearch	2114	G	G	186	0	0%	2	0	93	0	1.0	1	0	98	88	0	0	
H2_BC86_consensus_vsearch	2115	A	A	186	6	3.12%	2	1	93	93	0.015017869058322414	1	1	98	88	6	0	-G
H2_BC86_consensus_vsearch	2116	G	G	183	1	0.54%	2	1	93	93	0.4999999999999138	1	1	97	86	0	1	+AG
H2_BC86_consensus_vsearch	2117	C	C	188	3	1.56%	2	1	93	93	0.124015748031514	1	1	103	85	0	3	-T
H2_BC86_consensus_vsearch	2118	T	T	185	2	1.06%	2	1	93	93	0.24932975871318122	1	1	103	82	0	2	C
H2_BC86_consensus_vsearch	2119	C	C	187	5	2.6%	2	2	93	93	0.030437285417662132	1	1	103	84	1	4	-A
H2_BC86_consensus_vsearch	2120	A	A	183	3	1.6%	2	2	93	93	0.12398921832883274	1	1	100	83	2	1	G
H2_BC86_consensus_vsearch	2121	A	A	187	4	2.08%	2	1	93	93	0.06151704651694607	1	1	103	84	0	4	T
H2_BC86_consensus_vsearch	2122	G	G	188	2	1.04%	2	1	93	93	0.2493403693931866	1	1	103	85	0	2	+C
H2_BC86_consensus_vsearch	2123	A	*/-C	177	9	4.71%	2	2	93	93	0.0017689474455757383	1	1	92	85	6	3	-C
H2_BC86_consensus_vsearch	2124	C	C	176	1	0.56%	2	1	93	93	0.4999999999999138	1	1	92	84	1	0	G
H2_BC86_consensus_vsearch	2125	C	C	185	1	0.53%	2	1	93	93	0.5000000000001412	1	1	99	86	0	1	+TTA
H2_BC86_consensus_vsearch	2126	C	C	184	5	2.6%	2	2	93	93	0.030424403183015276	1	1	103	81	1	4	T
H2_BC86_consensus_vsearch	2127	G	R	170	17	8.95%	2	2	93	93	5.214559425754574E-6	1	1	87	83	16	1	A
H2_BC86_consensus_vsearch	2128	G	G	187	2	1.04%	2	1	93	93	0.24933687002661706	1	1	100	87	2	0	A
H2_BC86_consensus_vsearch	2129	T	T	190	1	0.52%	2	1	93	93	0.4999999999999138	1	1	102	88	1	0	+C
H2_BC86_consensus_vsearch	2130	C	C	187	2	1.04%	2	1	93	93	0.24933687002661706	1	1	101	86	2	0	+A
H2_BC86_consensus_vsearch	2131	G	G	186	3	1.57%	2	1	93	93	0.1240053050397967	1	1	98	88	3	0	-A
H2_BC86_consensus_vsearch	2132	A	A	184	2	1.06%	2	1	93	93	0.24932614555250343	1	1	97	87	2	0	-G
H2_BC86_consensus_vsearch	2133	G	G	184	3	1.58%	2	2	93	93	0.12399463806966378	1	1	98	86	2	1	-C
H2_BC86_consensus_vsearch	2134	C	C	184	1	0.53%	2	1	93	93	0.4999999999999138	1	1	100	84	0	1	+G
H2_BC86_consensus_vsearch	2135	A	*/-CA	182	7	3.66%	2	2	93	93	0.007383107786177688	1	1	99	83	4	3	-CA
H2_BC86_consensus_vsearch	2136	C	C	183	1	0.54%	2	1	93	93	0.4999999999999138	1	1	99	84	0	1	T
H2_BC86_consensus_vsearch	2137	A	R	106	78	42.16%	2	2	93	93	9.449147324681637E-29	1	1	63	43	37	41	G
H2_BC86_consensus_vsearch	2138	T	T	192	0	0%	2	0	93	0	1.0	1	0	104	88	0	0	
H2_BC86_consensus_vsearch	2139	C	C	190	1	0.52%	2	1	93	93	0.4999999999999138	1	1	103	87	1	0	+A
H2_BC86_consensus_vsearch	2140	T	T	188	2	1.04%	2	1	93	93	0.2493403693931866	1	1	102	86	2	0	+C
H2_BC86_consensus_vsearch	2141	C	C	185	3	1.57%	2	1	93	93	0.12399999999998497	1	1	102	83	0	3	-A
H2_BC86_consensus_vsearch	2142	A	A	186	2	1.06%	2	1	93	93	0.24933333333336263	1	1	101	85	2	0	+G
H2_BC86_consensus_vsearch	2143	A	A	189	3	1.56%	2	2	93	93	0.12402088772842607	1	1	103	86	1	2	G
H2_BC86_consensus_vsearch	2144	A	A	186	4	2.08%	2	1	93	93	0.061511866352189214	1	1	98	88	4	0	G
H2_BC86_consensus_vsearch	2145	C	C	189	2	1.04%	2	2	93	93	0.24934383202100482	1	1	102	87	1	1	-T
H2_BC86_consensus_vsearch	2146	T	T	188	1	0.53%	2	1	93	93	0.5000000000001412	1	1	101	87	1	0	C
H2_BC86_consensus_vsearch	2147	T	T	178	6	3.14%	2	2	93	93	0.014991620166021489	1	1	100	78	1	5	+G
H2_BC86_consensus_vsearch	2148	G	G	184	3	1.56%	2	1	93	93	0.12399463806966378	1	1	98	86	3	0	-A
H2_BC86_consensus_vsearch	2149	A	A	178	5	2.66%	2	2	93	93	0.0303973734857873	1	1	94	84	4	1	+G
H2_BC86_consensus_vsearch	2150	A	A	182	4	2.09%	2	2	93	93	0.061490587951709585	1	1	99	83	3	1	-G
H2_BC86_consensus_vsearch	2151	G	G	185	1	0.53%	2	1	93	93	0.5000000000001412	1	1	100	85	1	0	+AG
H2_BC86_consensus_vsearch	2152	G	G	190	1	0.52%	2	1	93	93	0.4999999999999138	1	1	104	86	0	1	-A
H2_BC86_consensus_vsearch	2153	A	A	190	0	0%	2	0	93	0	1.0	1	0	104	86	0	0	
H2_BC86_consensus_vsearch	2154	A	A	186	2	1.05%	2	1	93	93	0.24933333333336263	1	1	102	84	0	2	+C
H2_BC86_consensus_vsearch	2155	C	C	183	5	2.63%	2	1	93	93	0.030420017873106126	1	1	103	80	0	5	-T
H2_BC86_consensus_vsearch	2156	T	*/-C	170	8	4.32%	2	2	93	93	0.003604660140070728	1	1	95	75	4	4	-C
H2_BC86_consensus_vsearch	2157	C	C	180	2	1.1%	2	2	93	93	0.24931129476584768	1	1	98	82	1	1	T
H2_BC86_consensus_vsearch	2158	C	C	184	2	1.05%	2	1	93	93	0.24932614555250343	1	1	101	83	2	0	-ACGC
H2_BC86_consensus_vsearch	2159	A	A	186	1	0.53%	2	1	93	93	0.4999999999999138	1	1	100	86	0	1	C
H2_BC86_consensus_vsearch	2160	C	C	188	0	0%	2	0	93	0	1.0	1	0	101	87	0	0	
H2_BC86_consensus_vsearch	2161	G	G	188	1	0.53%	2	1	93	93	0.5000000000001412	1	1	101	87	1	0	A
H2_BC86_consensus_vsearch	2162	C	C	183	5	2.65%	2	2	93	93	0.030420017873106126	1	1	101	82	1	4	-T
H2_BC86_consensus_vsearch	2163	T	T	186	0	0%	2	0	93	0	1.0	1	0	103	83	0	0	
H2_BC86_consensus_vsearch	2164	T	T	185	2	1.05%	2	2	93	93	0.24932975871318122	1	1	102	83	1	1	+A
H2_BC86_consensus_vsearch	2165	A	*/+G	177	11	5.76%	2	2	93	93	4.200578330993431E-4	1	1	101	76	1	10	+G
H2_BC86_consensus_vsearch	2166	G	G	188	1	0.53%	2	1	93	93	0.5000000000001412	1	1	103	85	0	1	A
H2_BC86_consensus_vsearch	2167	G	G	191	0	0%	2	0	93	0	1.0	1	0	104	87	0	0	
H2_BC86_consensus_vsearch	2168	C	C	189	1	0.52%	2	1	93	93	0.5000000000001412	1	1	102	87	1	0	+G
H2_BC86_consensus_vsearch	2169	A	A	186	4	2.11%	2	2	93	93	0.061511866352189214	1	1	102	84	1	3	-T
H2_BC86_consensus_vsearch	2170	T	T	183	3	1.6%	2	2	93	93	0.12398921832883274	1	1	100	83	2	1	C
H2_BC86_consensus_vsearch	2171	T	T	178	5	2.62%	2	2	93	93	0.0303973734857873	1	1	97	81	2	3	-A
H2_BC86_consensus_vsearch	2172	A	A	179	3	1.61%	2	1	93	93	0.12396694214879515	1	1	99	80	0	3	+G
H2_BC86_consensus_vsearch	2173	G	G	181	4	2.13%	2	1	93	93	0.06148512438803467	1	1	96	85	4	0	+A
H2_BC86_consensus_vsearch	2174	A	*/+G	175	7	3.72%	2	1	93	93	0.007366779625824957	1	1	93	82	7	0	+G
H2_BC86_consensus_vsearch	2175	G	G	186	2	1.06%	2	2	93	93	0.24933333333336263	1	1	103	83	1	1	+AG
H2_BC86_consensus_vsearch	2176	G	G	191	0	0%	2	0	93	0	1.0	1	0	104	87	0	0	
H2_BC86_consensus_vsearch	2177	A	A	187	3	1.57%	2	2	93	93	0.12401055408976878	1	1	102	85	2	1	-C
H2_BC86_consensus_vsearch	2178	C	C	185	1	0.53%	2	1	93	93	0.5000000000001412	1	1	101	84	0	1	+T
H2_BC86_consensus_vsearch	2179	C	C	189	1	0.52%	2	1	93	93	0.5000000000001412	1	1	104	85	0	1	+G
H2_BC86_consensus_vsearch	2180	C	C	184	6	3.14%	2	2	93	93	0.015011512916161563	1	1	103	81	1	5	T
H2_BC86_consensus_vsearch	2181	A	A	186	3	1.57%	2	1	93	93	0.1240053050397967	1	1	101	85	3	0	G
H2_BC86_consensus_vsearch	2182	T	T	184	3	1.58%	2	2	93	93	0.12399463806966378	1	1	100	84	2	1	-C
H2_BC86_consensus_vsearch	2183	C	C	175	4	2.13%	2	1	93	93	0.06145105929696947	1	1	89	86	4	0	+G
H2_BC86_consensus_vsearch	2184	A	*/-G	176	9	4.71%	2	2	93	93	0.001767978203561041	1	1	94	82	6	3	-G
H2_BC86_consensus_vsearch	2185	G	G	171	4	2.2%	2	1	93	93	0.061427049701525516	1	1	88	83	4	0	T
H2_BC86_consensus_vsearch	2186	G	R	166	10	5.24%	2	2	93	93	8.563124880416237E-4	1	1	80	86	9	1	A
H2_BC86_consensus_vsearch	2187	C	Y	164	9	4.71%	2	2	93	93	0.0017554987093074167	1	1	82	82	7	2	T
H2_BC86_consensus_vsearch	2188	G	G	187	1	0.53%	2	1	93	93	0.4999999999999138	1	1	103	84	0	1	-A
H2_BC86_consensus_vsearch	2189	A	A	189	1	0.53%	2	1	93	93	0.5000000000001412	1	1	104	85	0	1	+GGA
H2_BC86_consensus_vsearch	2190	T	T	187	1	0.52%	2	1	93	93	0.4999999999999138	1	1	100	87	1	0	+C
H2_BC86_consensus_vsearch	2191	C	*/+A	178	11	5.79%	2	1	93	93	4.204021120137521E-4	1	1	92	86	11	0	+A
H2_BC86_consensus_vsearch	2192	G	R	165	25	13.16%	2	1	93	93	1.2807579461239524E-8	1	1	79	86	25	0	A
H2_BC86_consensus_vsearch	2193	G	K	178	11	5.76%	2	1	93	93	4.204021120137521E-4	1	1	92	86	11	0	T
H2_BC86_consensus_vsearch	2194	T	T	187	2	1.05%	2	1	93	93	0.24933687002661706	1	1	104	83	0	2	A
H2_BC86_consensus_vsearch	2195	G	G	184	5	2.63%	2	1	93	93	0.030424403183015276	1	1	99	85	5	0	A
H2_BC86_consensus_vsearch	2196	C	C	184	2	1.05%	2	1	93	93	0.24932614555250343	1	1	102	82	0	2	T
H2_BC86_consensus_vsearch	2197	G	G	188	1	0.53%	2	1	93	93	0.5000000000001412	1	1	103	85	1	0	-A
H2_BC86_consensus_vsearch	2198	A	A	189	1	0.53%	2	1	93	93	0.5000000000001412	1	1	103	86	0	1	+TG
H2_BC86_consensus_vsearch	2199	C	C	183	4	2.09%	2	2	93	93	0.061495993004889796	1	1	101	82	2	2	-A
H2_BC86_consensus_vsearch	2200	A	A	182	1	0.54%	2	1	93	93	0.4999999999999138	1	1	100	82	0	1	+C
H2_BC86_consensus_vsearch	2201	A	M	112	75	39.89%	2	2	93	93	2.271298572331268E-27	1	1	66	46	37	38	C
H2_BC86_consensus_vsearch	2202	A	A	185	3	1.57%	2	2	93	93	0.12399999999998497	1	1	102	83	2	1	G
H2_BC86_consensus_vsearch	2203	T	T	185	3	1.58%	2	2	93	93	0.12399999999998497	1	1	101	84	1	2	C
H2_BC86_consensus_vsearch	2204	C	C	189	1	0.52%	2	1	93	93	0.5000000000001412	1	1	104	85	0	1	+T
H2_BC86_consensus_vsearch	2205	T	*/+A	168	8	4.21%	2	1	93	93	0.0036012982281518587	1	1	86	82	8	0	+A
H2_BC86_consensus_vsearch	2206	A	A	178	2	1.1%	2	1	93	93	0.24930362117001986	1	1	92	86	2	0	G
H2_BC86_consensus_vsearch	2207	A	*/-G	181	7	3.72%	2	1	93	93	0.007380848803681321	1	1	95	86	7	0	-G
H2_BC86_consensus_vsearch	2208	G	G	172	4	2.2%	2	1	93	93	0.06143315455637365	1	1	85	87	4	0	+A
H2_BC86_consensus_vsearch	2209	A	A	185	4	2.11%	2	1	93	93	0.061506631299724945	1	1	97	88	4	0	-GA
H2_BC86_consensus_vsearch	2210	G	G	186	2	1.06%	2	1	93	93	0.24933333333336263	1	1	98	88	2	0	-A
H2_BC86_consensus_vsearch	2211	A	A	184	2	1.08%	2	1	93	93	0.24932614555250343	1	1	96	88	2	0	+GA
H2_BC86_consensus_vsearch	2212	A	A	189	2	1.04%	2	2	93	93	0.24934383202100482	1	1	102	87	1	1	G
H2_BC86_consensus_vsearch	2213	C	C	187	3	1.56%	2	2	93	93	0.12401055408976878	1	1	100	87	2	1	-AC
H2_BC86_consensus_vsearch	2214	A	A	183	2	1.06%	2	1	93	93	0.2493224932250014	1	1	98	85	0	2	-C
H2_BC86_consensus_vsearch	2215	C	C	185	2	1.07%	2	1	93	93	0.24932975871318122	1	1	102	83	0	2	T
H2_BC86_consensus_vsearch	2216	G	G	192	0	0%	2	0	93	0	1.0	1	0	104	88	0	0	
H2_BC86_consensus_vsearch	2217	A	A	190	1	0.52%	2	1	93	93	0.4999999999999138	1	1	104	86	0	1	+C
H2_BC86_consensus_vsearch	2218	T	T	188	1	0.52%	2	1	93	93	0.5000000000001412	1	1	102	86	1	0	+C
H2_BC86_consensus_vsearch	2219	C	*/+A	173	7	3.65%	2	1	93	93	0.007361883903780164	1	1	87	86	7	0	+A
H2_BC86_consensus_vsearch	2220	A	R	118	61	33.7%	2	2	93	93	8.851075782835209E-22	1	1	71	47	21	40	G
H2_BC86_consensus_vsearch	2221	A	A	179	5	2.69%	2	2	93	93	0.03040200067187797	1	1	93	86	4	1	G
H2_BC86_consensus_vsearch	2222	G	G	185	3	1.57%	2	1	93	93	0.12399999999998497	1	1	97	88	3	0	+A
H2_BC86_consensus_vsearch	2223	A	A	183	3	1.59%	2	1	93	93	0.12398921832883274	1	1	98	85	0	3	-G
H2_BC86_consensus_vsearch	2224	G	G	181	5	2.67%	2	1	93	93	0.030411105997849117	1	1	101	80	0	5	+T
H2_BC86_consensus_vsearch	2225	G	G	192	0	0%	2	0	93	0	1.0	1	0	104	88	0	0	
H2_BC86_consensus_vsearch	2226	A	A	190	1	0.52%	2	1	93	93	0.4999999999999138	1	1	103	87	1	0	+C
H2_BC86_consensus_vsearch	2227	C	C	191	1	0.52%	2	1	93	93	0.5000000000001412	1	1	104	87	0	1	T
H2_BC86_consensus_vsearch	2228	C	Y	175	12	6.25%	2	1	93	93	2.0349578218661617E-4	1	1	101	74	0	12	T
H2_BC86_consensus_vsearch	2229	G	G	185	3	1.56%	2	1	93	93	0.12399999999998497	1	1	97	88	3	0	-A
H2_BC86_consensus_vsearch	2230	A	*/-G	161	14	7.49%	2	2	93	93	4.656956567290606E-5	1	1	85	76	11	3	-G
H2_BC86_consensus_vsearch	2231	G	G	174	1	0.57%	2	1	93	93	0.4999999999999138	1	1	89	85	1	0	+A
H2_BC86_consensus_vsearch	2232	G	G	191	1	0.52%	2	1	93	93	0.5000000000001412	1	1	104	87	0	1	-AC
H2_BC86_consensus_vsearch	2233	A	*/-C	173	8	4.19%	2	1	93	93	0.003609566346175535	1	1	101	72	0	8	-C
H2_BC86_consensus_vsearch	2234	C	Y	145	21	11.48%	2	1	93	93	2.428714521123207E-7	1	1	103	42	0	21	T
H2_BC86_consensus_vsearch	2235	T	*/-C	107	73	39.89%	2	2	93	93	1.027574344015974E-26	1	1	48	59	56	17	-C
H2_BC86_consensus_vsearch	2236	C	C	112	2	1.72%	2	1	93	93	0.24889867841412805	1	1	48	64	0	2	T
H2_BC86_consensus_vsearch	2237	C	Y	157	21	10.99%	2	2	93	93	2.548958814026723E-7	1	1	97	60	3	18	T
H2_BC86_consensus_vsearch	2238	G	G	186	5	2.6%	2	2	93	93	0.030433036239869853	1	1	100	86	4	1	-A
H2_BC86_consensus_vsearch	2239	A	A	186	1	0.53%	2	1	93	93	0.4999999999999138	1	1	99	87	1	0	+G
H2_BC86_consensus_vsearch	2240	A	A	189	1	0.52%	2	1	93	93	0.5000000000001412	1	1	104	85	0	1	+C
H2_BC86_consensus_vsearch	2241	C	C	187	4	2.08%	2	2	93	93	0.06151704651694607	1	1	103	84	1	3	-T
H2_BC86_consensus_vsearch	2242	T	*/+C	165	16	8.51%	2	2	93	93	1.0791087617257083E-5	1	1	85	80	15	1	+C
H2_BC86_consensus_vsearch	2243	C	C	185	3	1.58%	2	1	93	93	0.12399999999998497	1	1	104	81	0	3	-GG
H2_BC86_consensus_vsearch	2244	G	R	168	16	8.51%	2	1	93	93	1.0854949494039784E-5	1	1	85	83	16	0	A
H2_BC86_consensus_vsearch	2245	G	G	186	2	1.06%	2	2	93	93	0.24933333333336263	1	1	102	84	1	1	A
H2_BC86_consensus_vsearch	2246	G	G	192	0	0%	2	0	93	0	1.0	1	0	104	88	0	0	
H2_BC86_consensus_vsearch	2247	T	T	187	3	1.56%	2	2	93	93	0.12401055408976878	1	1	101	86	2	1	+C
H2_BC86_consensus_vsearch	2248	C	C	191	0	0%	2	0	93	0	1.0	1	0	103	88	0	0	
H2_BC86_consensus_vsearch	2249	C	*/-T	172	11	5.73%	2	2	93	93	4.1828279774789115E-4	1	1	103	69	1	10	-T
H2_BC86_consensus_vsearch	2250	T	T	179	1	0.56%	2	1	93	93	0.5000000000001412	1	1	102	77	1	0	C
H2_BC86_consensus_vsearch	2251	T	T	191	0	0%	2	0	93	0	1.0	1	0	104	87	0	0	
H2_BC86_consensus_vsearch	2252	T	T	189	2	1.04%	2	1	93	93	0.24934383202100482	1	1	101	88	2	0	+G
H2_BC86_consensus_vsearch	2253	G	G	184	4	2.08%	2	1	93	93	0.06150134048256699	1	1	98	86	4	0	A
H2_BC86_consensus_vsearch	2254	T	*/+A	68	31	16.32%	2	2	93	93	2.8554678116581986E-11	1	1	27	41	5	26	+A
H2_BC86_consensus_vsearch	2255	A	A	113	1	0.87%	2	1	93	93	0.5000000000000275	1	1	39	74	0	1	C
H2_BC86_consensus_vsearch	2256	A	A	127	1	0.78%	2	1	93	93	0.5000000000001412	1	1	42	85	1	0	T
H2_BC86_consensus_vsearch	2257	A	A	139	1	0.71%	2	1	93	93	0.4999999999999138	1	1	52	87	1	0	T
H2_BC86_consensus_vsearch	2258	A	A	156	3	1.88%	2	1	93	93	0.12381703470030796	1	1	70	86	3	0	C
H2_BC86_consensus_vsearch	2259	A	A	182	5	2.67%	2	2	93	93	0.030415585729470396	1	1	96	86	4	1	G
H2_BC86_consensus_vsearch	2260	A	*/-G	179	8	4.23%	2	2	93	93	0.0036189151712300786	1	1	95	84	6	2	-G
H2_BC86_consensus_vsearch	2261	G	G	176	2	1.09%	2	1	93	93	0.2492957746479494	1	1	95	81	0	2	+T
H2_BC86_consensus_vsearch	2262	G	G	189	2	1.05%	2	1	93	93	0.24934383202100482	1	1	101	88	2	0	-A
H2_BC86_consensus_vsearch	2263	A	A	188	1	0.53%	2	1	93	93	0.5000000000001412	1	1	100	88	1	0	G
H2_BC86_consensus_vsearch	2264	C	C	191	1	0.52%	2	1	93	93	0.5000000000001412	1	1	104	87	0	1	-T
H2_BC86_consensus_vsearch	2265	T	*/-CC	163	11	5.76%	2	2	93	93	4.148440753983004E-4	1	1	88	75	10	1	-CC
H2_BC86_consensus_vsearch	2266	C	C	168	2	1.17%	2	1	93	93	0.2492625368732155	1	1	90	78	2	0	T
H2_BC86_consensus_vsearch	2267	C	C	178	3	1.66%	2	2	93	93	0.12396121883654573	1	1	93	85	1	2	T
H2_BC86_consensus_vsearch	2268	C	Y	167	12	6.25%	2	2	93	93	2.0179123643446653E-4	1	1	100	67	1	11	T
H2_BC86_consensus_vsearch	2269	G	G	188	1	0.53%	2	1	93	93	0.5000000000001412	1	1	102	86	1	0	-AA
H2_BC86_consensus_vsearch	2270	A	A	186	2	1.06%	2	1	93	93	0.24933333333336263	1	1	99	87	2	0	+GA
H2_BC86_consensus_vsearch	2271	A	A	183	4	2.11%	2	2	93	93	0.061495993004889796	1	1	100	83	1	3	+G
H2_BC86_consensus_vsearch	2272	G	G	185	1	0.53%	2	1	93	93	0.5000000000001412	1	1	99	86	1	0	+A
H2_BC86_consensus_vsearch	2273	G	G	188	1	0.52%	2	1	93	93	0.5000000000001412	1	1	101	87	1	0	-A
H2_BC86_consensus_vsearch	2274	A	A	185	2	1.06%	2	1	93	93	0.24932975871318122	1	1	98	87	2	0	+GGA
H2_BC86_consensus_vsearch	2275	A	A	190	0	0%	2	0	93	0	1.0	1	0	103	87	0	0	
H2_BC86_consensus_vsearch	2276	T	T	192	0	0%	2	0	93	0	1.0	1	0	104	88	0	0	
H2_BC86_consensus_vsearch	2277	A	R	184	7	3.65%	2	2	93	93	0.007387555568979833	1	1	97	87	6	1	G
H2_BC86_consensus_vsearch	2278	C	C	188	2	1.05%	2	2	93	93	0.2493403693931866	1	1	102	86	1	1	-A
H2_BC86_consensus_vsearch	2279	A	A	189	0	0%	2	0	93	0	1.0	1	0	102	87	0	0	
H2_BC86_consensus_vsearch	2280	A	A	187	2	1.04%	2	1	93	93	0.24933687002661706	1	1	100	87	2	0	-T
H2_BC86_consensus_vsearch	2281	T	T	187	2	1.05%	2	2	93	93	0.24933687002661706	1	1	101	86	1	1	C
H2_BC86_consensus_vsearch	2282	G	G	191	0	0%	2	0	93	0	1.0	1	0	104	87	0	0	
H2_BC86_consensus_vsearch	2283	A	A	186	3	1.56%	2	1	93	93	0.1240053050397967	1	1	100	86	3	0	G
H2_BC86_consensus_vsearch	2284	C	C	184	3	1.57%	2	2	93	93	0.12399463806966378	1	1	101	83	2	1	-GC
H2_BC86_consensus_vsearch	2285	G	G	180	5	2.66%	2	1	93	93	0.030406577907750046	1	1	99	81	0	5	+C
H2_BC86_consensus_vsearch	2286	C	C	183	3	1.6%	2	2	93	93	0.12398921832883274	1	1	99	84	1	2	T
H2_BC86_consensus_vsearch	2287	T	T	184	3	1.56%	2	1	93	93	0.12399463806966378	1	1	101	83	0	3	+G
H2_BC86_consensus_vsearch	2288	C	*/-A	125	53	27.75%	2	2	93	93	1.1577341049906923E-18	1	1	50	75	52	1	-A
H2_BC86_consensus_vsearch	2289	A	A	129	3	2.22%	2	1	93	93	0.12357414448667196	1	1	51	78	0	3	G
H2_BC86_consensus_vsearch	2290	A	A	185	2	1.06%	2	1	93	93	0.24932975871318122	1	1	102	83	2	0	+G
H2_BC86_consensus_vsearch	2291	A	*/-G	145	22	11.52%	2	2	93	93	1.1377761720577153E-7	1	1	73	72	17	5	-G
H2_BC86_consensus_vsearch	2292	G	G	158	1	0.63%	2	1	93	93	0.4999999999999138	1	1	84	74	0	1	+C
H2_BC86_consensus_vsearch	2293	G	G	179	1	0.55%	2	1	93	93	0.5000000000001412	1	1	99	80	1	0	+A
H2_BC86_consensus_vsearch	2294	G	G	185	3	1.57%	2	1	93	93	0.12399999999998497	1	1	101	84	0	3	C
H2_BC86_consensus_vsearch	2295	G	G	188	3	1.56%	2	1	93	93	0.124015748031514	1	1	100	88	3	0	A
H2_BC86_consensus_vsearch	2296	C	C	184	4	2.09%	2	2	93	93	0.06150134048256699	1	1	99	85	1	3	T
H2_BC86_consensus_vsearch	2297	A	A	184	5	2.6%	2	2	93	93	0.030424403183015276	1	1	98	86	3	2	G
H2_BC86_consensus_vsearch	2298	T	T	186	3	1.56%	2	2	93	93	0.1240053050397967	1	1	100	86	2	1	C
H2_BC86_consensus_vsearch	2299	A	A	185	5	2.6%	2	2	93	93	0.030428742397642147	1	1	98	87	4	1	-C
H2_BC86_consensus_vsearch	2300	C	C	185	1	0.53%	2	1	93	93	0.5000000000001412	1	1	99	86	0	1	+T
H2_BC86_consensus_vsearch	2301	C	Y	181	7	3.65%	2	1	93	93	0.007380848803681321	1	1	100	81	0	7	T
H2_BC86_consensus_vsearch	2302	G	G	184	1	0.53%	2	1	93	93	0.4999999999999138	1	1	98	86	1	0	+CC
H2_BC86_consensus_vsearch	2303	C	C	187	2	1.05%	2	1	93	93	0.24933687002661706	1	1	102	85	0	2	-A
H2_BC86_consensus_vsearch	2304	A	A	185	1	0.53%	2	1	93	93	0.5000000000001412	1	1	101	84	1	0	+G
H2_BC86_consensus_vsearch	2305	G	G	184	3	1.58%	2	1	93	93	0.12399463806966378	1	1	97	87	3	0	+C
H2_BC86_consensus_vsearch	2306	C	C	188	1	0.52%	2	1	93	93	0.5000000000001412	1	1	102	86	0	1	+GC
H2_BC86_consensus_vsearch	2307	C	C	188	2	1.04%	2	1	93	93	0.2493403693931866	1	1	104	84	0	2	-G
H2_BC86_consensus_vsearch	2308	G	G	186	4	2.11%	2	1	93	93	0.061511866352189214	1	1	100	86	4	0	A
H2_BC86_consensus_vsearch	2309	G	G	185	4	2.08%	2	1	93	93	0.061506631299724945	1	1	100	85	4	0	-A
H2_BC86_consensus_vsearch	2310	A	A	182	3	1.6%	2	2	93	93	0.12398373983732354	1	1	98	84	1	2	-T
H2_BC86_consensus_vsearch	2311	T	T	188	0	0%	2	0	93	0	1.0	1	0	102	86	0	0	
H2_BC86_consensus_vsearch	2312	T	T	189	1	0.52%	2	1	93	93	0.5000000000001412	1	1	101	88	1	0	+G
H2_BC86_consensus_vsearch	2313	A	*/-G	148	30	15.71%	2	1	93	93	2.452991043408916E-10	1	1	98	50	0	30	-G
H2_BC86_consensus_vsearch	2314	G	G	160	1	0.62%	2	1	93	93	0.4999999999999138	1	1	104	56	0	1	+AA
H2_BC86_consensus_vsearch	2315	G	G	189	1	0.52%	2	1	93	93	0.5000000000001412	1	1	103	86	1	0	+AG
H2_BC86_consensus_vsearch	2316	G	G	192	0	0%	2	0	93	0	1.0	1	0	104	88	0	0	
H2_BC86_consensus_vsearch	2317	C	C	191	1	0.52%	2	1	93	93	0.5000000000001412	1	1	103	88	1	0	-G
H2_BC86_consensus_vsearch	2318	G	G	186	2	1.05%	2	2	93	93	0.24933333333336263	1	1	101	85	1	1	-CG
H2_BC86_consensus_vsearch	2319	C	C	184	2	1.06%	2	1	93	93	0.24932614555250343	1	1	99	85	2	0	T
H2_BC86_consensus_vsearch	2320	G	G	188	0	0%	2	0	93	0	1.0	1	0	102	86	0	0	
H2_BC86_consensus_vsearch	2321	G	G	188	2	1.05%	2	1	93	93	0.2493403693931866	1	1	103	85	0	2	-TG
H2_BC86_consensus_vsearch	2322	T	T	187	1	0.53%	2	1	93	93	0.4999999999999138	1	1	103	84	0	1	-GC
H2_BC86_consensus_vsearch	2323	G	G	187	1	0.53%	2	1	93	93	0.4999999999999138	1	1	102	85	1	0	+C
H2_BC86_consensus_vsearch	2324	C	C	186	2	1.05%	2	1	93	93	0.24933333333336263	1	1	103	83	0	2	-AATGC
H2_BC86_consensus_vsearch	2325	A	A	187	1	0.53%	2	1	93	93	0.4999999999999138	1	1	102	85	1	0	G
H2_BC86_consensus_vsearch	2326	A	A	182	4	2.12%	2	2	93	93	0.061490587951709585	1	1	98	84	3	1	G
H2_BC86_consensus_vsearch	2327	T	T	184	3	1.59%	2	2	93	93	0.12399463806966378	1	1	103	81	1	2	C
H2_BC86_consensus_vsearch	2328	G	G	180	2	1.06%	2	1	93	93	0.24931129476584768	1	1	98	82	2	0	+C
H2_BC86_consensus_vsearch	2329	C	C	183	2	1.07%	2	2	93	93	0.2493224932250014	1	1	103	80	1	1	+A
H2_BC86_consensus_vsearch	2330	G	G	185	3	1.59%	2	2	93	93	0.12399999999998497	1	1	101	84	2	1	A
H2_BC86_consensus_vsearch	2331	T	T	186	2	1.05%	2	1	93	93	0.24933333333336263	1	1	102	84	2	0	G
H2_BC86_consensus_vsearch	2332	T	T	188	3	1.56%	2	2	93	93	0.124015748031514	1	1	103	85	1	2	-C
H2_BC86_consensus_vsearch	2333	C	C	187	2	1.06%	2	1	93	93	0.24933687002661706	1	1	103	84	0	2	+T
H2_BC86_consensus_vsearch	2334	A	A	192	0	0%	2	0	93	0	1.0	1	0	104	88	0	0	
H2_BC86_consensus_vsearch	2335	A	A	188	3	1.56%	2	1	93	93	0.124015748031514	1	1	100	88	3	0	G
H2_BC86_consensus_vsearch	2336	C	C	186	3	1.56%	2	1	93	93	0.1240053050397967	1	1	101	85	0	3	T
H2_BC86_consensus_vsearch	2337	A	A	189	0	0%	2	0	93	0	1.0	1	0	101	88	0	0	
H2_BC86_consensus_vsearch	2338	A	A	180	6	3.16%	2	1	93	93	0.014998392876323086	1	1	96	84	6	0	G
H2_BC86_consensus_vsearch	2339	C	C	188	1	0.52%	2	1	93	93	0.5000000000001412	1	1	102	86	0	1	-TC
H2_BC86_consensus_vsearch	2340	T	T	184	6	3.14%	2	2	93	93	0.015011512916161563	1	1	102	82	1	5	-C
H2_BC86_consensus_vsearch	2341	C	C	180	2	1.08%	2	1	93	93	0.24931129476584768	1	1	103	77	0	2	+T
H2_BC86_consensus_vsearch	2342	G	G	192	0	0%	2	0	93	0	1.0	1	0	104	88	0	0	
H2_BC86_consensus_vsearch	2343	A	A	190	2	1.04%	2	2	93	93	0.2493472584856949	1	1	103	87	1	1	G
H2_BC86_consensus_vsearch	2344	T	T	188	2	1.04%	2	2	93	93	0.2493403693931866	1	1	103	85	1	1	-GAT
H2_BC86_consensus_vsearch	2345	G	G	189	0	0%	2	0	93	0	1.0	1	0	103	86	0	0	
H2_BC86_consensus_vsearch	2346	A	A	188	1	0.53%	2	1	93	93	0.5000000000001412	1	1	101	87	1	0	+GA
H2_BC86_consensus_vsearch	2347	T	T	189	1	0.53%	2	1	93	93	0.5000000000001412	1	1	102	87	1	0	C
H2_BC86_consensus_vsearch	2348	T	T	190	1	0.52%	2	1	93	93	0.4999999999999138	1	1	103	87	1	0	+C
H2_BC86_consensus_vsearch	2349	C	C	189	3	1.56%	2	2	93	93	0.12402088772842607	1	1	102	87	2	1	-AC
H2_BC86_consensus_vsearch	2350	A	A	185	3	1.59%	2	1	93	93	0.12399999999998497	1	1	98	87	3	0	G
H2_BC86_consensus_vsearch	2351	C	C	187	1	0.53%	2	1	93	93	0.4999999999999138	1	1	100	87	1	0	+G
H2_BC86_consensus_vsearch	2352	G	G	184	3	1.56%	2	1	93	93	0.12399463806966378	1	1	100	84	0	3	-T
H2_BC86_consensus_vsearch	2353	T	T	183	2	1.07%	2	1	93	93	0.2493224932250014	1	1	101	82	2	0	C
H2_BC86_consensus_vsearch	2354	A	A	183	3	1.58%	2	1	93	93	0.12398921832883274	1	1	102	81	0	3	-T
H2_BC86_consensus_vsearch	2355	T	T	182	3	1.6%	2	1	93	93	0.12398373983732354	1	1	103	79	0	3	-A
H2_BC86_consensus_vsearch	2356	A	A	176	6	3.21%	2	2	93	93	0.014984699466163367	1	1	95	81	5	1	+G
H2_BC86_consensus_vsearch	2357	A	A	181	4	2.11%	2	2	93	93	0.06148512438803467	1	1	100	81	2	2	G
H2_BC86_consensus_vsearch	2358	G	G	184	4	2.09%	2	1	93	93	0.06150134048256699	1	1	103	81	0	4	-T
H2_BC86_consensus_vsearch	2359	T	Y	175	8	4.3%	2	1	93	93	0.0036127494603351348	1	1	103	72	0	8	C
H2_BC86_consensus_vsearch	2360	G	G	187	1	0.53%	2	1	93	93	0.4999999999999138	1	1	102	85	1	0	+A
H2_BC86_consensus_vsearch	2361	G	G	190	1	0.52%	2	1	93	93	0.4999999999999138	1	1	103	87	1	0	-TGG
H2_BC86_consensus_vsearch	2362	T	T	184	6	3.16%	2	1	93	93	0.015011512916161563	1	1	103	81	0	6	-G
H2_BC86_consensus_vsearch	2363	G	G	183	1	0.54%	2	1	93	93	0.4999999999999138	1	1	102	81	1	0	A
H2_BC86_consensus_vsearch	2364	G	G	190	1	0.52%	2	1	93	93	0.4999999999999138	1	1	102	88	1	0	A
H2_BC86_consensus_vsearch	2365	A	A	189	1	0.52%	2	1	93	93	0.5000000000001412	1	1	102	87	1	0	+G
H2_BC86_consensus_vsearch	2366	C	C	182	4	2.08%	2	1	93	93	0.061490587951709585	1	1	101	81	0	4	-T
H2_BC86_consensus_vsearch	2367	T	T	184	2	1.08%	2	2	93	93	0.24932614555250343	1	1	101	83	1	1	C
H2_BC86_consensus_vsearch	2368	T	T	184	4	2.11%	2	1	93	93	0.06150134048256699	1	1	102	82	0	4	+G
H2_BC86_consensus_vsearch	2369	G	G	189	1	0.52%	2	1	93	93	0.5000000000001412	1	1	102	87	0	1	-C
H2_BC86_consensus_vsearch	2370	C	Y	180	8	4.21%	2	1	93	93	0.00362041635085765	1	1	101	79	0	8	T
H2_BC86_consensus_vsearch	2371	G	G	189	1	0.53%	2	1	93	93	0.5000000000001412	1	1	101	88	1	0	A
H2_BC86_consensus_vsearch	2372	C	C	187	3	1.58%	2	1	93	93	0.12401055408976878	1	1	102	85	0	3	T
H2_BC86_consensus_vsearch	2373	A	A	191	1	0.52%	2	1	93	93	0.5000000000001412	1	1	103	88	1	0	G
H2_BC86_consensus_vsearch	2374	T	T	186	3	1.56%	2	1	93	93	0.1240053050397967	1	1	99	87	3	0	+C
H2_BC86_consensus_vsearch	2375	C	C	189	2	1.04%	2	1	93	93	0.24934383202100482	1	1	102	87	2	0	-A
H2_BC86_consensus_vsearch	2376	A	A	181	3	1.58%	2	2	93	93	0.12397820163492167	1	1	96	85	2	1	-CA
H2_BC86_consensus_vsearch	2377	C	C	185	1	0.53%	2	1	93	93	0.5000000000001412	1	1	100	85	1	0	+A
H2_BC86_consensus_vsearch	2378	A	A	187	1	0.53%	2	1	93	93	0.4999999999999138	1	1	102	85	0	1	-T
H2_BC86_consensus_vsearch	2379	T	T	188	1	0.53%	2	1	93	93	0.5000000000001412	1	1	102	86	1	0	-CA
H2_BC86_consensus_vsearch	2380	C	C	185	5	2.62%	2	1	93	93	0.030428742397642147	1	1	97	88	5	0	-A
H2_BC86_consensus_vsearch	2381	A	A	179	3	1.62%	2	2	93	93	0.12396694214879515	1	1	95	84	1	2	G
H2_BC86_consensus_vsearch	2382	C	C	181	6	3.14%	2	1	93	93	0.015001725210740429	1	1	101	80	0	6	-T
H2_BC86_consensus_vsearch	2383	T	T	182	3	1.62%	2	1	93	93	0.12398373983732354	1	1	103	79	0	3	C
H2_BC86_consensus_vsearch	2384	T	T	190	1	0.52%	2	1	93	93	0.4999999999999138	1	1	103	87	0	1	+CTT
H2_BC86_consensus_vsearch	2385	T	T	190	1	0.52%	2	1	93	93	0.4999999999999138	1	1	102	88	1	0	C
H2_BC86_consensus_vsearch	2386	A	A	191	1	0.52%	2	1	93	93	0.5000000000001412	1	1	103	88	1	0	G
H2_BC86_consensus_vsearch	2387	T	T	191	1	0.52%	2	1	93	93	0.5000000000001412	1	1	103	88	1	0	C
H2_BC86_consensus_vsearch	2388	C	C	184	5	2.6%	2	1	93	93	0.030424403183015276	1	1	96	88	5	0	+A
H2_BC86_consensus_vsearch	2389	G	G	184	5	2.63%	2	1	93	93	0.030424403183015276	1	1	96	88	5	0	C
H2_BC86_consensus_vsearch	2390	C	C	184	3	1.58%	2	2	93	93	0.12399463806966378	1	1	98	86	2	1	T
H2_BC86_consensus_vsearch	2391	A	A	188	1	0.53%	2	1	93	93	0.5000000000001412	1	1	101	87	1	0	G
H2_BC86_consensus_vsearch	2392	A	*/-T	179	9	4.74%	2	2	93	93	0.0017708558237889195	1	1	94	85	6	3	-T
H2_BC86_consensus_vsearch	2393	T	T	180	1	0.55%	2	1	93	93	0.5000000000001412	1	1	96	84	1	0	+G
H2_BC86_consensus_vsearch	2394	T	T	188	2	1.05%	2	1	93	93	0.2493403693931866	1	1	103	85	0	2	+C
H2_BC86_consensus_vsearch	2395	T	T	186	2	1.04%	2	1	93	93	0.24933333333336263	1	1	99	87	2	0	C
H2_BC86_consensus_vsearch	2396	G	R	179	9	4.74%	2	1	93	93	0.0017708558237889195	1	1	91	88	9	0	A
H2_BC86_consensus_vsearch	2397	C	C	187	2	1.05%	2	1	93	93	0.24933687002661706	1	1	102	85	0	2	+A
H2_BC86_consensus_vsearch	2398	A	A	187	5	2.6%	2	2	93	93	0.030437285417662132	1	1	100	87	4	1	G
H2_BC86_consensus_vsearch	2399	A	R	178	13	6.77%	2	1	93	93	9.88359399902161E-5	1	1	90	88	13	0	G
H2_BC86_consensus_vsearch	2400	C	C	189	1	0.52%	2	1	93	93	0.5000000000001412	1	1	101	88	1	0	+TT
H2_BC86_consensus_vsearch	2401	G	R	161	30	15.71%	2	1	93	93	2.707298723056385E-10	1	1	73	88	30	0	A
H2_BC86_consensus_vsearch	2402	G	G	188	2	1.04%	2	1	93	93	0.2493403693931866	1	1	102	86	2	0	A
H2_BC86_consensus_vsearch	2403	T	T	189	1	0.52%	2	1	93	93	0.5000000000001412	1	1	102	87	1	0	A
H2_BC86_consensus_vsearch	2404	C	C	189	2	1.04%	2	1	93	93	0.24934383202100482	1	1	103	86	0	2	-T
H2_BC86_consensus_vsearch	2405	T	T	184	4	2.12%	2	2	93	93	0.06150134048256699	1	1	102	82	1	3	C
H2_BC86_consensus_vsearch	2406	T	T	190	1	0.52%	2	1	93	93	0.4999999999999138	1	1	103	87	0	1	G
H2_BC86_consensus_vsearch	2407	C	C	190	1	0.52%	2	1	93	93	0.4999999999999138	1	1	103	87	0	1	+A
H2_BC86_consensus_vsearch	2408	A	A	187	2	1.04%	2	2	93	93	0.24933687002661706	1	1	103	84	1	1	G
H2_BC86_consensus_vsearch	2409	T	T	184	2	1.05%	2	1	93	93	0.24932614555250343	1	1	100	84	2	0	+C
H2_BC86_consensus_vsearch	2410	C	C	183	4	2.09%	2	2	93	93	0.061495993004889796	1	1	100	83	3	1	+A
H2_BC86_consensus_vsearch	2411	G	G	187	3	1.57%	2	2	93	93	0.12401055408976878	1	1	102	85	2	1	-A
H2_BC86_consensus_vsearch	2412	A	A	187	1	0.53%	2	1	93	93	0.4999999999999138	1	1	101	86	1	0	G
H2_BC86_consensus_vsearch	2413	A	A	189	2	1.05%	2	1	93	93	0.24934383202100482	1	1	102	87	2	0	C
H2_BC86_consensus_vsearch	2414	T	T	185	4	2.09%	2	1	93	93	0.061506631299724945	1	1	99	86	4	0	C
H2_BC86_consensus_vsearch	2415	G	G	190	1	0.52%	2	1	93	93	0.4999999999999138	1	1	103	87	1	0	-A
H2_BC86_consensus_vsearch	2416	A	A	188	2	1.05%	2	1	93	93	0.2493403693931866	1	1	102	86	0	2	-CG
H2_BC86_consensus_vsearch	2417	C	C	190	0	0%	2	0	93	0	1.0	1	0	104	86	0	0	
H2_BC86_consensus_vsearch	2418	G	*/-TG	166	21	11.05%	2	2	93	93	2.6316563117976456E-7	1	1	100	66	1	20	-TG
H2_BC86_consensus_vsearch	2419	T	T	167	2	1.18%	2	1	93	93	0.24925816023740685	1	1	102	65	0	2	-GC
H2_BC86_consensus_vsearch	2420	G	G	161	3	1.79%	2	1	93	93	0.12385321100911757	1	1	95	66	3	0	-C
H2_BC86_consensus_vsearch	2421	C	C	184	1	0.54%	2	1	93	93	0.4999999999999138	1	1	99	85	0	1	T
H2_BC86_consensus_vsearch	2422	C	*/+A	162	18	9.42%	2	1	93	93	2.4398889296153966E-6	1	1	77	85	18	0	+A
H2_BC86_consensus_vsearch	2423	A	A	180	3	1.63%	2	2	93	93	0.12397260273979696	1	1	94	86	2	1	G
H2_BC86_consensus_vsearch	2424	A	*/-G	151	35	18.23%	2	2	93	93	4.977004387291457E-12	1	1	89	62	13	22	-G
H2_BC86_consensus_vsearch	2425	G	G	151	4	2.56%	2	1	93	93	0.061288384301575474	1	1	87	64	4	0	A
H2_BC86_consensus_vsearch	2426	G	G	189	2	1.05%	2	1	93	93	0.24934383202100482	1	1	104	85	0	2	T
H2_BC86_consensus_vsearch	2427	G	G	192	0	0%	2	0	93	0	1.0	1	0	104	88	0	0	
H2_BC86_consensus_vsearch	2428	A	A	192	0	0%	2	0	93	0	1.0	1	0	104	88	0	0	
H2_BC86_consensus_vsearch	2429	T	T	186	4	2.08%	2	1	93	93	0.061511866352189214	1	1	99	87	4	0	+C
H2_BC86_consensus_vsearch	2430	C	C	185	5	2.62%	2	1	93	93	0.030428742397642147	1	1	102	83	0	5	T
H2_BC86_consensus_vsearch	2431	C	C	190	1	0.52%	2	1	93	93	0.4999999999999138	1	1	102	88	1	0	T
H2_BC86_consensus_vsearch	2432	A	A	189	1	0.52%	2	1	93	93	0.5000000000001412	1	1	103	86	0	1	+C
H2_BC86_consensus_vsearch	2433	T	T	185	2	1.05%	2	1	93	93	0.24932975871318122	1	1	102	83	0	2	+C
H2_BC86_consensus_vsearch	2434	C	*/-G	181	7	3.68%	2	1	93	93	0.007380848803681321	1	1	96	85	7	0	-G
H2_BC86_consensus_vsearch	2435	G	G	183	1	0.54%	2	1	93	93	0.4999999999999138	1	1	96	87	1	0	+C
H2_BC86_consensus_vsearch	2436	C	M	178	7	3.65%	2	1	93	93	0.007373926992228167	1	1	95	83	7	0	A
H2_BC86_consensus_vsearch	2437	T	T	186	3	1.57%	2	2	93	93	0.1240053050397967	1	1	101	85	1	2	C
H2_BC86_consensus_vsearch	2438	A	A	188	1	0.53%	2	1	93	93	0.5000000000001412	1	1	102	86	0	1	C
H2_BC86_consensus_vsearch	2439	C	C	187	3	1.57%	2	2	93	93	0.12401055408976878	1	1	102	85	1	2	T
H2_BC86_consensus_vsearch	2440	C	C	190	1	0.52%	2	1	93	93	0.4999999999999138	1	1	103	87	1	0	+A
H2_BC86_consensus_vsearch	2441	G	G	191	1	0.52%	2	1	93	93	0.5000000000001412	1	1	104	87	0	1	A
H2_BC86_consensus_vsearch	2442	G	G	189	1	0.52%	2	1	93	93	0.5000000000001412	1	1	102	87	1	0	+T
H2_BC86_consensus_vsearch	2443	T	T	189	2	1.05%	2	1	93	93	0.24934383202100482	1	1	104	85	0	2	C
H2_BC86_consensus_vsearch	2444	T	T	187	2	1.04%	2	1	93	93	0.24933687002661706	1	1	102	85	0	2	C
H2_BC86_consensus_vsearch	2445	G	G	184	3	1.57%	2	1	93	93	0.12399463806966378	1	1	98	86	3	0	A
H2_BC86_consensus_vsearch	2446	T	*/+A	84	81	42.19%	2	2	93	93	7.493716111795345E-31	1	1	73	11	21	60	+A
H2_BC86_consensus_vsearch	2447	A	A	180	1	0.55%	2	1	93	93	0.5000000000001412	1	1	100	80	0	1	G
H2_BC86_consensus_vsearch	2448	A	A	189	1	0.53%	2	1	93	93	0.5000000000001412	1	1	103	86	0	1	T
H2_BC86_consensus_vsearch	2449	A	A	188	3	1.57%	2	2	93	93	0.124015748031514	1	1	102	86	2	1	G
H2_BC86_consensus_vsearch	2450	A	A	188	1	0.52%	2	1	93	93	0.5000000000001412	1	1	103	85	0	1	+A
H2_BC86_consensus_vsearch	2451	G	G	188	1	0.53%	2	1	93	93	0.5000000000001412	1	1	102	86	0	1	-T
H2_BC86_consensus_vsearch	2452	T	T	187	2	1.05%	2	1	93	93	0.24933687002661706	1	1	103	84	0	2	C
H2_BC86_consensus_vsearch	2453	A	A	188	2	1.04%	2	1	93	93	0.2493403693931866	1	1	101	87	2	0	+CTTA
H2_BC86_consensus_vsearch	2454	T	W	183	8	4.17%	2	2	93	93	0.003624827265843605	1	1	97	86	6	2	A
H2_BC86_consensus_vsearch	2455	A	*/-TA	173	15	7.85%	2	2	93	93	2.2823007615405344E-5	1	1	90	83	11	4	-TA
H2_BC86_consensus_vsearch	2456	T	T	172	2	1.14%	2	1	93	93	0.24927953890490892	1	1	88	84	2	0	C
H2_BC86_consensus_vsearch	2457	A	A	170	2	1.14%	2	1	93	93	0.2492711370263462	1	1	89	81	0	2	-CA
H2_BC86_consensus_vsearch	2458	C	C	187	1	0.53%	2	1	93	93	0.4999999999999138	1	1	102	85	0	1	+GTA
H2_BC86_consensus_vsearch	2459	A	A	187	1	0.53%	2	1	93	93	0.4999999999999138	1	1	101	86	1	0	+C
H2_BC86_consensus_vsearch	2460	A	A	184	6	3.12%	2	1	93	93	0.015011512916161563	1	1	96	88	6	0	G
H2_BC86_consensus_vsearch	2461	C	C	189	2	1.04%	2	1	93	93	0.24934383202100482	1	1	101	88	2	0	-T
H2_BC86_consensus_vsearch	2462	T	T	183	2	1.05%	2	1	93	93	0.2493224932250014	1	1	100	83	0	2	-G
H2_BC86_consensus_vsearch	2463	G	G	186	2	1.05%	2	1	93	93	0.24933333333336263	1	1	100	86	2	0	+A
H2_BC86_consensus_vsearch	2464	G	G	189	3	1.56%	2	1	93	93	0.12402088772842607	1	1	101	88	3	0	T
H2_BC86_consensus_vsearch	2465	T	T	188	2	1.04%	2	2	93	93	0.2493403693931866	1	1	102	86	1	1	C
H2_BC86_consensus_vsearch	2466	G	G	188	2	1.05%	2	1	93	93	0.2493403693931866	1	1	100	88	2	0	A
H2_BC86_consensus_vsearch	2467	T	T	188	3	1.57%	2	2	93	93	0.124015748031514	1	1	102	86	1	2	C
H2_BC86_consensus_vsearch	2468	T	T	188	1	0.52%	2	1	93	93	0.5000000000001412	1	1	101	87	0	1	+GG
H2_BC86_consensus_vsearch	2469	A	A	187	4	2.08%	2	2	93	93	0.06151704651694607	1	1	101	86	3	1	G
H2_BC86_consensus_vsearch	2470	G	G	191	1	0.52%	2	1	93	93	0.5000000000001412	1	1	103	88	1	0	+A
H2_BC86_consensus_vsearch	2471	A	*/+C	177	9	4.69%	2	1	93	93	0.0017689474455757383	1	1	100	77	0	9	+C
H2_BC86_consensus_vsearch	2472	C	C	190	1	0.52%	2	1	93	93	0.4999999999999138	1	1	104	86	0	1	-T
H2_BC86_consensus_vsearch	2473	T	*/-C	172	11	5.76%	2	2	93	93	4.1828279774789115E-4	1	1	102	70	1	10	-C
H2_BC86_consensus_vsearch	2474	C	*/-A	161	15	8.29%	2	2	93	93	2.2356045059508273E-5	1	1	86	75	14	1	-A
H2_BC86_consensus_vsearch	2475	A	A	171	1	0.57%	2	1	93	93	0.4999999999999138	1	1	84	87	1	0	-CA
H2_BC86_consensus_vsearch	2476	C	Y	170	12	6.38%	2	1	93	93	2.024468861085566E-4	1	1	84	86	12	0	T
H2_BC86_consensus_vsearch	2477	A	A	182	3	1.61%	2	1	93	93	0.12398373983732354	1	1	96	86	3	0	T
H2_BC86_consensus_vsearch	2478	A	A	181	4	2.11%	2	1	93	93	0.06148512438803467	1	1	94	87	4	0	G
H2_BC86_consensus_vsearch	2479	T	T	186	3	1.57%	2	1	93	93	0.1240053050397967	1	1	102	84	0	3	C
H2_BC86_consensus_vsearch	2480	G	G	175	5	2.62%	2	1	93	93	0.030383183914226543	1	1	92	83	5	0	+C
H2_BC86_consensus_vsearch	2481	C	C	174	3	1.65%	2	1	93	93	0.12393767705382001	1	1	94	80	3	0	+T
H2_BC86_consensus_vsearch	2482	G	G	181	4	2.14%	2	1	93	93	0.06148512438803467	1	1	97	84	0	4	T
H2_BC86_consensus_vsearch	2483	G	G	186	3	1.57%	2	1	93	93	0.1240053050397967	1	1	102	84	0	3	+A
H2_BC86_consensus_vsearch	2484	A	A	189	2	1.05%	2	1	93	93	0.24934383202100482	1	1	101	88	2	0	+G
H2_BC86_consensus_vsearch	2485	A	A	189	1	0.52%	2	1	93	93	0.5000000000001412	1	1	102	87	0	1	+TG
H2_BC86_consensus_vsearch	2486	C	C	186	2	1.05%	2	2	93	93	0.24933333333336263	1	1	101	85	1	1	-G
H2_BC86_consensus_vsearch	2487	G	G	185	3	1.59%	2	1	93	93	0.12399999999998497	1	1	98	87	3	0	-A
H2_BC86_consensus_vsearch	2488	A	A	187	1	0.53%	2	1	93	93	0.4999999999999138	1	1	100	87	0	1	-T
H2_BC86_consensus_vsearch	2489	T	T	188	1	0.52%	2	1	93	93	0.5000000000001412	1	1	103	85	1	0	-C
H2_BC86_consensus_vsearch	2490	C	*/-T	174	9	4.76%	2	1	93	93	0.0017660088144097936	1	1	101	73	0	9	-T
H2_BC86_consensus_vsearch	2491	T	T	178	2	1.11%	2	2	93	93	0.24930362117001986	1	1	103	75	1	1	C
H2_BC86_consensus_vsearch	2492	T	T	189	1	0.53%	2	1	93	93	0.5000000000001412	1	1	103	86	1	0	C
H2_BC86_consensus_vsearch	2493	T	T	189	1	0.52%	2	1	93	93	0.5000000000001412	1	1	103	86	1	0	+GT
H2_BC86_consensus_vsearch	2494	A	A	190	2	1.04%	2	2	93	93	0.2493472584856949	1	1	103	87	1	1	G
H2_BC86_consensus_vsearch	2495	A	A	186	5	2.6%	2	2	93	93	0.030433036239869853	1	1	100	86	4	1	G
H2_BC86_consensus_vsearch	2496	C	C	188	2	1.05%	2	2	93	93	0.2493403693931866	1	1	102	86	1	1	T
H2_BC86_consensus_vsearch	2497	G	G	190	1	0.52%	2	1	93	93	0.4999999999999138	1	1	103	87	1	0	T
H2_BC86_consensus_vsearch	2498	T	T	188	2	1.04%	2	1	93	93	0.2493403693931866	1	1	101	87	2	0	+A
H2_BC86_consensus_vsearch	2499	G	*/-TG	175	13	6.77%	2	2	93	93	9.8491958578274E-5	1	1	97	78	3	10	-TG
H2_BC86_consensus_vsearch	2500	T	T	176	2	1.12%	2	1	93	93	0.2492957746479494	1	1	100	76	0	2	C
H2_BC86_consensus_vsearch	2501	G	G	174	2	1.12%	2	2	93	93	0.24928774928777736	1	1	99	75	1	1	-C
H2_BC86_consensus_vsearch	2502	C	C	189	1	0.53%	2	1	93	93	0.5000000000001412	1	1	103	86	0	1	+GC
H2_BC86_consensus_vsearch	2503	C	*/-T	181	7	3.65%	2	1	93	93	0.007380848803681321	1	1	104	77	0	7	-T
H2_BC86_consensus_vsearch	2504	T	*/-C	172	9	4.86%	2	1	93	93	0.0017639971126793845	1	1	104	68	0	9	-C
H2_BC86_consensus_vsearch	2505	C	C	174	5	2.78%	2	1	93	93	0.030378348522515145	1	1	103	71	0	5	-G
H2_BC86_consensus_vsearch	2506	G	G	184	0	0%	2	0	93	0	1.0	1	0	104	80	0	0	
H2_BC86_consensus_vsearch	2507	G	*/-T	144	38	19.79%	2	2	93	93	4.204355166918722E-13	1	1	86	58	12	26	-T
H2_BC86_consensus_vsearch	2508	T	W	74	38	24.84%	2	2	93	93	8.177404614758467E-14	1	1	32	42	26	12	A
H2_BC86_consensus_vsearch	2509	A	A	183	1	0.54%	2	1	93	93	0.4999999999999138	1	1	97	86	0	1	G
H2_BC86_consensus_vsearch	2510	A	A	190	0	0%	2	0	93	0	1.0	1	0	102	88	0	0	
H2_BC86_consensus_vsearch	2511	A	A	189	2	1.05%	2	1	93	93	0.24934383202100482	1	1	101	88	2	0	G
H2_BC86_consensus_vsearch	2512	A	A	192	0	0%	2	0	93	0	1.0	1	0	104	88	0	0	
H2_BC86_consensus_vsearch	2513	A	*/-T	135	33	17.19%	2	2	93	93	2.0371280114408855E-11	1	1	79	56	14	19	-T
H2_BC86_consensus_vsearch	2514	T	W	78	68	46.58%	2	2	93	93	1.133142819821836E-25	1	1	34	44	55	13	A
H2_BC86_consensus_vsearch	2515	T	W	166	13	7.26%	2	2	93	93	9.739634822135725E-5	1	1	96	70	7	6	A
H2_BC86_consensus_vsearch	2516	T	T	190	2	1.04%	2	1	93	93	0.2493472584856949	1	1	104	86	0	2	C
H2_BC86_consensus_vsearch	2517	T	T	186	6	3.12%	2	1	93	93	0.015017869058322414	1	1	104	82	0	6	C
H2_BC86_consensus_vsearch	2518	T	T	191	1	0.52%	2	1	93	93	0.5000000000001412	1	1	103	88	1	0	A
H2_BC86_consensus_vsearch	2519	T	*/-G	180	10	5.21%	2	2	93	93	8.648604879212406E-4	1	1	100	80	2	8	-G
H2_BC86_consensus_vsearch	2520	G	G	182	0	0%	2	0	93	0	1.0	1	0	102	80	0	0	
H2_BC86_consensus_vsearch	2521	G	G	186	4	2.08%	2	1	93	93	0.061511866352189214	1	1	99	87	4	0	-AG
H2_BC86_consensus_vsearch	2522	A	A	183	3	1.61%	2	2	93	93	0.12398921832883274	1	1	97	86	2	1	-G
H2_BC86_consensus_vsearch	2523	G	G	184	1	0.54%	2	1	93	93	0.4999999999999138	1	1	97	87	1	0	A
H2_BC86_consensus_vsearch	2524	G	G	192	0	0%	2	0	93	0	1.0	1	0	104	88	0	0	
H2_BC86_consensus_vsearch	2525	T	T	186	5	2.6%	2	2	93	93	0.030433036239869853	1	1	103	83	1	4	+A
H2_BC86_consensus_vsearch	2526	A	A	190	1	0.52%	2	1	93	93	0.4999999999999138	1	1	103	87	1	0	G
H2_BC86_consensus_vsearch	2527	A	A	188	2	1.04%	2	1	93	93	0.2493403693931866	1	1	103	85	0	2	-C
H2_BC86_consensus_vsearch	2528	C	C	184	5	2.63%	2	1	93	93	0.030424403183015276	1	1	103	81	0	5	T
H2_BC86_consensus_vsearch	2529	A	A	186	2	1.05%	2	1	93	93	0.24933333333336263	1	1	101	85	0	2	-CA
H2_BC86_consensus_vsearch	2530	C	C	186	1	0.53%	2	1	93	93	0.4999999999999138	1	1	102	84	1	0	-A
H2_BC86_consensus_vsearch	2531	A	A	182	4	2.13%	2	2	93	93	0.061490587951709585	1	1	99	83	3	1	G
H2_BC86_consensus_vsearch	2532	G	*/-A	184	7	3.66%	2	1	93	93	0.007387555568979833	1	1	97	87	7	0	-A
H2_BC86_consensus_vsearch	2533	A	A	176	4	2.17%	2	1	93	93	0.061456894735582995	1	1	89	87	4	0	G
H2_BC86_consensus_vsearch	2534	G	G	189	1	0.53%	2	1	93	93	0.5000000000001412	1	1	103	86	0	1	+T
H2_BC86_consensus_vsearch	2535	C	C	186	2	1.04%	2	1	93	93	0.24933333333336263	1	1	104	82	0	2	+G
H2_BC86_consensus_vsearch	2536	G	G	184	3	1.57%	2	1	93	93	0.12399463806966378	1	1	101	83	0	3	T
H2_BC86_consensus_vsearch	2537	A	A	180	5	2.62%	2	1	93	93	0.030406577907750046	1	1	95	85	5	0	G
H2_BC86_consensus_vsearch	2538	C	C	171	6	3.16%	2	1	93	93	0.014966717540643796	1	1	88	83	6	0	+G
H2_BC86_consensus_vsearch	2539	A	*/-G	168	9	4.76%	2	1	93	93	0.0017598412021421013	1	1	88	80	9	0	-G
H2_BC86_consensus_vsearch	2540	G	G	171	5	2.73%	2	1	93	93	0.030363513171553336	1	1	87	84	5	0	+A
H2_BC86_consensus_vsearch	2541	G	*/-T	159	16	8.33%	2	2	93	93	1.0657711547030142E-5	1	1	78	81	14	2	-T
H2_BC86_consensus_vsearch	2542	T	T	168	3	1.72%	2	1	93	93	0.12390029325511762	1	1	87	81	0	3	C
H2_BC86_consensus_vsearch	2543	T	T	187	1	0.53%	2	1	93	93	0.4999999999999138	1	1	100	87	1	0	A
H2_BC86_consensus_vsearch	2544	T	T	189	1	0.52%	2	1	93	93	0.5000000000001412	1	1	102	87	1	0	+A
H2_BC86_consensus_vsearch	2545	T	T	185	5	2.6%	2	2	93	93	0.030428742397642147	1	1	102	83	2	3	C
H2_BC86_consensus_vsearch	2546	A	*/-C	178	12	6.25%	2	2	93	93	2.0410023380081397E-4	1	1	103	75	1	11	-C
H2_BC86_consensus_vsearch	2547	C	C	173	5	2.78%	2	1	93	93	0.030373458883600248	1	1	102	71	0	5	+T
H2_BC86_consensus_vsearch	2548	C	*/-TC	181	7	3.65%	2	1	93	93	0.007380848803681321	1	1	101	80	0	7	-TC
H2_BC86_consensus_vsearch	2549	T	*/-C	168	13	7.03%	2	2	93	93	9.764848812103054E-5	1	1	99	69	1	12	-C
H2_BC86_consensus_vsearch	2550	C	Y	109	59	34.3%	2	2	93	93	3.4776659033929336E-21	1	1	73	36	29	30	T
H2_BC86_consensus_vsearch	2551	G	G	185	5	2.63%	2	1	93	93	0.030428742397642147	1	1	99	86	5	0	A
H2_BC86_consensus_vsearch	2552	G	G	191	1	0.52%	2	1	93	93	0.5000000000001412	1	1	104	87	0	1	A
H2_BC86_consensus_vsearch	2553	T	T	190	1	0.52%	2	1	93	93	0.4999999999999138	1	1	103	87	1	0	+C
H2_BC86_consensus_vsearch	2554	C	C	190	2	1.04%	2	1	93	93	0.2493472584856949	1	1	104	86	0	2	-A
H2_BC86_consensus_vsearch	2555	A	A	190	0	0%	2	0	93	0	1.0	1	0	104	86	0	0	
H2_BC86_consensus_vsearch	2556	G	G	186	3	1.56%	2	2	93	93	0.1240053050397967	1	1	100	86	2	1	-A
H2_BC86_consensus_vsearch	2557	A	*/-G	117	58	31.18%	2	2	93	93	1.174603560755646E-20	1	1	37	80	55	3	-G
H2_BC86_consensus_vsearch	2558	G	G	124	2	1.57%	2	1	93	93	0.2490039840638144	1	1	41	83	2	0	+A
H2_BC86_consensus_vsearch	2559	G	G	184	2	1.08%	2	1	93	93	0.24932614555250343	1	1	98	86	2	0	A
H2_BC86_consensus_vsearch	2560	G	G	187	3	1.58%	2	1	93	93	0.12401055408976878	1	1	100	87	3	0	A
H2_BC86_consensus_vsearch	2561	G	G	189	1	0.52%	2	1	93	93	0.5000000000001412	1	1	103	86	0	1	+AAG
H2_BC86_consensus_vsearch	2562	T	Y	183	7	3.66%	2	2	93	93	0.007385343252869138	1	1	101	82	3	4	C
H2_BC86_consensus_vsearch	2563	C	C	191	1	0.52%	2	1	93	93	0.5000000000001412	1	1	104	87	0	1	-A
H2_BC86_consensus_vsearch	2564	A	A	179	5	2.62%	2	2	93	93	0.03040200067187797	1	1	96	83	4	1	-T
H2_BC86_consensus_vsearch	2565	T	T	184	1	0.53%	2	1	93	93	0.4999999999999138	1	1	99	85	0	1	+G
H2_BC86_consensus_vsearch	2566	T	T	188	2	1.04%	2	1	93	93	0.2493403693931866	1	1	103	85	0	2	C
H2_BC86_consensus_vsearch	2567	T	T	187	2	1.04%	2	2	93	93	0.24933687002661706	1	1	101	86	1	1	C
H2_BC86_consensus_vsearch	2568	A	A	190	1	0.52%	2	1	93	93	0.4999999999999138	1	1	102	88	1	0	-T
H2_BC86_consensus_vsearch	2569	T	T	182	4	2.11%	2	1	93	93	0.061490587951709585	1	1	96	86	4	0	-C
H2_BC86_consensus_vsearch	2570	C	C	187	0	0%	2	0	93	0	1.0	1	0	100	87	0	0	
H2_BC86_consensus_vsearch	2571	C	C	187	4	2.09%	2	1	93	93	0.06151704651694607	1	1	104	83	0	4	-TC
H2_BC86_consensus_vsearch	2572	T	T	185	1	0.53%	2	1	93	93	0.5000000000001412	1	1	103	82	0	1	-C
H2_BC86_consensus_vsearch	2573	C	C	183	2	1.07%	2	2	93	93	0.2493224932250014	1	1	101	82	1	1	-G
H2_BC86_consensus_vsearch	2574	G	G	190	0	0%	2	0	93	0	1.0	1	0	103	87	0	0	
H2_BC86_consensus_vsearch	2575	A	*/-C	180	9	4.69%	2	1	93	93	0.001771795269848945	1	1	94	86	9	0	-C
H2_BC86_consensus_vsearch	2576	C	C	181	1	0.55%	2	1	93	93	0.4999999999999138	1	1	94	87	0	1	+TA
H2_BC86_consensus_vsearch	2577	C	C	189	1	0.52%	2	1	93	93	0.5000000000001412	1	1	102	87	1	0	+A
H2_BC86_consensus_vsearch	2578	A	A	189	2	1.04%	2	2	93	93	0.24934383202100482	1	1	102	87	1	1	+G
H2_BC86_consensus_vsearch	2579	G	G	184	3	1.56%	2	1	93	93	0.12399463806966378	1	1	102	82	0	3	+A
H2_BC86_consensus_vsearch	2580	A	A	189	1	0.53%	2	1	93	93	0.5000000000001412	1	1	103	86	0	1	-GC
H2_BC86_consensus_vsearch	2581	G	G	185	1	0.53%	2	1	93	93	0.5000000000001412	1	1	102	83	0	1	+T
H2_BC86_consensus_vsearch	2582	C	C	184	2	1.06%	2	1	93	93	0.24932614555250343	1	1	104	80	0	2	+A
H2_BC86_consensus_vsearch	2583	A	A	183	6	3.14%	2	1	93	93	0.015008284680098535	1	1	97	86	6	0	G
H2_BC86_consensus_vsearch	2584	G	G	187	2	1.05%	2	1	93	93	0.24933687002661706	1	1	103	84	0	2	A
H2_BC86_consensus_vsearch	2585	G	G	191	1	0.52%	2	1	93	93	0.5000000000001412	1	1	104	87	0	1	-T
H2_BC86_consensus_vsearch	2586	T	T	189	2	1.05%	2	2	93	93	0.24934383202100482	1	1	103	86	1	1	C
H2_BC86_consensus_vsearch	2587	T	T	191	1	0.52%	2	1	93	93	0.5000000000001412	1	1	104	87	0	1	C
H2_BC86_consensus_vsearch	2588	A	A	192	0	0%	2	0	93	0	1.0	1	0	104	88	0	0	
H2_BC86_consensus_vsearch	2589	A	A	190	1	0.52%	2	1	93	93	0.4999999999999138	1	1	103	87	0	1	-CG
H2_BC86_consensus_vsearch	2590	C	C	187	2	1.05%	2	1	93	93	0.24933687002661706	1	1	103	84	0	2	T
H2_BC86_consensus_vsearch	2591	G	G	187	3	1.58%	2	2	93	93	0.12401055408976878	1	1	102	85	2	1	A
H2_BC86_consensus_vsearch	2592	T	T	189	2	1.05%	2	1	93	93	0.24934383202100482	1	1	102	87	2	0	-C
H2_BC86_consensus_vsearch	2593	C	C	189	0	0%	2	0	93	0	1.0	1	0	102	87	0	0	
H2_BC86_consensus_vsearch	2594	C	C	191	1	0.52%	2	1	93	93	0.5000000000001412	1	1	104	87	0	1	-GTTGG
H2_BC86_consensus_vsearch	2595	G	G	190	1	0.52%	2	1	93	93	0.4999999999999138	1	1	103	87	1	0	+T
H2_BC86_consensus_vsearch	2596	T	T	190	1	0.52%	2	1	93	93	0.4999999999999138	1	1	103	87	1	0	C
H2_BC86_consensus_vsearch	2597	T	*/-G	170	21	10.99%	2	1	93	93	2.6665394471759025E-7	1	1	104	66	0	21	-G
H2_BC86_consensus_vsearch	2598	G	G	170	0	0%	2	0	93	0	1.0	1	0	104	66	0	0	
H2_BC86_consensus_vsearch	2599	G	G	191	0	0%	2	0	93	0	1.0	1	0	104	87	0	0	
H2_BC86_consensus_vsearch	2600	A	A	187	3	1.56%	2	1	93	93	0.12401055408976878	1	1	102	85	0	3	-C
H2_BC86_consensus_vsearch	2601	C	C	188	1	0.53%	2	1	93	93	0.5000000000001412	1	1	104	84	0	1	T
H2_BC86_consensus_vsearch	2602	G	G	190	1	0.52%	2	1	93	93	0.4999999999999138	1	1	102	88	1	0	-ACG
H2_BC86_consensus_vsearch	2603	A	A	187	2	1.05%	2	1	93	93	0.24933687002661706	1	1	101	86	0	2	+T
H2_BC86_consensus_vsearch	2604	C	C	182	4	2.09%	2	1	93	93	0.061490587951709585	1	1	101	81	0	4	-G
H2_BC86_consensus_vsearch	2605	G	G	184	1	0.53%	2	1	93	93	0.4999999999999138	1	1	101	83	1	0	+A
H2_BC86_consensus_vsearch	2606	G	*/-A	120	50	26.04%	2	2	93	93	1.2828554750835647E-17	1	1	71	49	19	31	-A
H2_BC86_consensus_vsearch	2607	A	A	124	1	0.8%	2	1	93	93	0.5000000000001412	1	1	75	49	0	1	G
H2_BC86_consensus_vsearch	2608	A	A	175	0	0%	2	0	93	0	1.0	1	0	94	81	0	0	
H2_BC86_consensus_vsearch	2609	A	A	185	2	1.07%	2	2	93	93	0.24932975871318122	1	1	98	87	1	1	G
H2_BC86_consensus_vsearch	2610	A	A	190	1	0.52%	2	1	93	93	0.4999999999999138	1	1	103	87	0	1	+G
H2_BC86_consensus_vsearch	2611	A	A	186	2	1.04%	2	1	93	93	0.24933333333336263	1	1	100	86	2	0	-GA
H2_BC86_consensus_vsearch	2612	G	G	187	1	0.53%	2	1	93	93	0.4999999999999138	1	1	100	87	1	0	-A
H2_BC86_consensus_vsearch	2613	A	A	187	1	0.53%	2	1	93	93	0.4999999999999138	1	1	100	87	0	1	G
H2_BC86_consensus_vsearch	2614	A	A	187	2	1.05%	2	1	93	93	0.24933687002661706	1	1	99	88	2	0	G
H2_BC86_consensus_vsearch	2615	C	C	189	1	0.52%	2	1	93	93	0.5000000000001412	1	1	102	87	0	1	+G
H2_BC86_consensus_vsearch	2616	G	G	191	0	0%	2	0	93	0	1.0	1	0	103	88	0	0	
H2_BC86_consensus_vsearch	2617	T	T	187	3	1.57%	2	2	93	93	0.12401055408976878	1	1	101	86	1	2	C
H2_BC86_consensus_vsearch	2618	C	C	184	3	1.56%	2	1	93	93	0.12399463806966378	1	1	97	87	3	0	-A
H2_BC86_consensus_vsearch	2619	A	A	182	2	1.08%	2	1	93	93	0.2493188010900035	1	1	96	86	2	0	+G
H2_BC86_consensus_vsearch	2620	A	A	188	1	0.53%	2	1	93	93	0.5000000000001412	1	1	101	87	0	1	T
H2_BC86_consensus_vsearch	2621	A	A	189	2	1.04%	2	2	93	93	0.24934383202100482	1	1	102	87	1	1	G
H2_BC86_consensus_vsearch	2622	G	G	191	1	0.52%	2	1	93	93	0.5000000000001412	1	1	103	88	1	0	+AAG
H2_BC86_consensus_vsearch	2623	A	A	186	5	2.6%	2	2	93	93	0.030433036239869853	1	1	99	87	4	1	G
H2_BC86_consensus_vsearch	2624	C	C	190	1	0.52%	2	1	93	93	0.4999999999999138	1	1	102	88	1	0	+A
H2_BC86_consensus_vsearch	2625	G	*/-A	183	9	4.69%	2	2	93	93	0.0017745564291022078	1	1	96	87	8	1	-A
H2_BC86_consensus_vsearch	2626	A	A	180	2	1.09%	2	2	93	93	0.24931129476584768	1	1	95	85	1	1	-T
H2_BC86_consensus_vsearch	2627	T	T	182	6	3.16%	2	1	93	93	0.015005022293196836	1	1	97	85	6	0	G
H2_BC86_consensus_vsearch	2628	T	T	186	3	1.56%	2	1	93	93	0.1240053050397967	1	1	102	84	0	3	C
H2_BC86_consensus_vsearch	2629	A	A	180	6	3.16%	2	1	93	93	0.014998392876323086	1	1	95	85	6	0	G
H2_BC86_consensus_vsearch	2630	C	C	182	3	1.58%	2	2	93	93	0.12398373983732354	1	1	102	80	1	2	-T
H2_BC86_consensus_vsearch	2631	T	T	181	2	1.08%	2	2	93	93	0.24931506849317653	1	1	100	81	1	1	+G
H2_BC86_consensus_vsearch	2632	A	A	183	3	1.6%	2	2	93	93	0.12398921832883274	1	1	99	84	2	1	G
H2_BC86_consensus_vsearch	2633	T	T	183	3	1.58%	2	1	93	93	0.12398921832883274	1	1	101	82	0	3	G
H2_BC86_consensus_vsearch	2634	G	G	191	1	0.52%	2	1	93	93	0.5000000000001412	1	1	104	87	0	1	+C
H2_BC86_consensus_vsearch	2635	A	A	191	1	0.52%	2	1	93	93	0.5000000000001412	1	1	103	88	1	0	G
H2_BC86_consensus_vsearch	2636	T	T	188	2	1.04%	2	2	93	93	0.2493403693931866	1	1	101	87	1	1	C
H2_BC86_consensus_vsearch	2637	C	C	190	1	0.52%	2	1	93	93	0.4999999999999138	1	1	103	87	0	1	T
H2_BC86_consensus_vsearch	2638	C	C	189	2	1.04%	2	1	93	93	0.24934383202100482	1	1	103	86	0	2	+T
H2_BC86_consensus_vsearch	2639	T	T	191	1	0.52%	2	1	93	93	0.5000000000001412	1	1	103	88	1	0	C
H2_BC86_consensus_vsearch	2640	T	T	186	3	1.56%	2	1	93	93	0.1240053050397967	1	1	99	87	3	0	+C
H2_BC86_consensus_vsearch	2641	C	C	187	2	1.06%	2	1	93	93	0.24933687002661706	1	1	100	87	2	0	+A
H2_BC86_consensus_vsearch	2642	C	C	183	2	1.04%	2	1	93	93	0.2493224932250014	1	1	98	85	2	0	+A
H2_BC86_consensus_vsearch	2643	G	G	183	6	3.14%	2	1	93	93	0.015008284680098535	1	1	96	87	6	0	C
H2_BC86_consensus_vsearch	2644	C	C	188	2	1.05%	2	1	93	93	0.2493403693931866	1	1	101	87	2	0	+G
H2_BC86_consensus_vsearch	2645	A	A	184	5	2.62%	2	2	93	93	0.030424403183015276	1	1	97	87	4	1	G
H2_BC86_consensus_vsearch	2646	G	G	188	1	0.53%	2	1	93	93	0.5000000000001412	1	1	101	87	0	1	+TA
H2_BC86_consensus_vsearch	2647	G	G	190	2	1.04%	2	1	93	93	0.2493472584856949	1	1	104	86	0	2	A
H2_BC86_consensus_vsearch	2648	T	T	192	0	0%	2	0	93	0	1.0	1	0	104	88	0	0	
H2_BC86_consensus_vsearch	2649	T	T	191	1	0.52%	2	1	93	93	0.5000000000001412	1	1	104	87	0	1	C
H2_BC86_consensus_vsearch	2650	C	C	190	1	0.52%	2	1	93	93	0.4999999999999138	1	1	102	88	1	0	-A
H2_BC86_consensus_vsearch	2651	A	A	186	2	1.05%	2	2	93	93	0.24933333333336263	1	1	99	87	1	1	+C
H2_BC86_consensus_vsearch	2652	C	C	187	4	2.09%	2	1	93	93	0.06151704651694607	1	1	103	84	0	4	+T
H2_BC86_consensus_vsearch	2653	C	C	188	1	0.52%	2	1	93	93	0.5000000000001412	1	1	102	86	0	1	+T
H2_BC86_consensus_vsearch	2654	T	T	188	1	0.52%	2	1	93	93	0.5000000000001412	1	1	101	87	0	1	+C
H2_BC86_consensus_vsearch	2655	A	A	183	6	3.16%	2	1	93	93	0.015008284680098535	1	1	95	88	6	0	G
H2_BC86_consensus_vsearch	2656	C	C	179	6	3.16%	2	2	93	93	0.014995024721629802	1	1	92	87	5	1	-G
H2_BC86_consensus_vsearch	2657	G	G	181	2	1.08%	2	2	93	93	0.24931506849317653	1	1	96	85	1	1	T
H2_BC86_consensus_vsearch	2658	G	G	186	2	1.05%	2	2	93	93	0.24933333333336263	1	1	100	86	1	1	-A
H2_BC86_consensus_vsearch	2659	A	A	188	0	0%	2	0	93	0	1.0	1	0	102	86	0	0	
H2_BC86_consensus_vsearch	2660	A	A	189	1	0.53%	2	1	93	93	0.5000000000001412	1	1	103	86	0	1	G
H2_BC86_consensus_vsearch	2661	A	A	186	3	1.58%	2	2	93	93	0.1240053050397967	1	1	100	86	2	1	-C
H2_BC86_consensus_vsearch	2662	C	C	185	1	0.53%	2	1	93	93	0.5000000000001412	1	1	100	85	1	0	+AA
H2_BC86_consensus_vsearch	2663	C	C	178	6	3.12%	2	1	93	93	0.014991620166021489	1	1	99	79	0	6	+T
H2_BC86_consensus_vsearch	2664	T	T	184	1	0.53%	2	1	93	93	0.4999999999999138	1	1	99	85	1	0	+A
H2_BC86_consensus_vsearch	2665	T	*/+A	177	8	4.21%	2	1	93	93	0.0036158650264919274	1	1	91	86	8	0	+A
H2_BC86_consensus_vsearch	2666	G	K	174	8	4.23%	2	1	93	93	0.003611166483247444	1	1	88	86	8	0	T
H2_BC86_consensus_vsearch	2667	T	T	182	4	2.09%	2	2	93	93	0.061490587951709585	1	1	98	84	2	2	A
H2_BC86_consensus_vsearch	2668	T	T	181	3	1.56%	2	1	93	93	0.12397820163492167	1	1	97	84	3	0	-A
H2_BC86_consensus_vsearch	2669	A	A	182	1	0.53%	2	1	93	93	0.4999999999999138	1	1	96	86	0	1	+T
H2_BC86_consensus_vsearch	2670	C	Y	178	8	4.26%	2	2	93	93	0.0036173981471315664	1	1	96	82	4	4	T
H2_BC86_consensus_vsearch	2671	G	G	186	3	1.57%	2	1	93	93	0.1240053050397967	1	1	99	87	3	0	A
H2_BC86_consensus_vsearch	2672	A	A	182	3	1.59%	2	1	93	93	0.12398373983732354	1	1	100	82	0	3	+TT
H2_BC86_consensus_vsearch	2673	C	C	180	3	1.59%	2	1	93	93	0.12397260273979696	1	1	99	81	0	3	T
H2_BC86_consensus_vsearch	2674	T	T	178	4	2.13%	2	1	93	93	0.06146837297681004	1	1	95	83	0	4	+C
H2_BC86_consensus_vsearch	2675	T	T	188	2	1.04%	2	2	93	93	0.2493403693931866	1	1	103	85	1	1	A
H2_BC86_consensus_vsearch	2676	G	G	185	3	1.57%	2	1	93	93	0.12399999999998497	1	1	99	86	3	0	-TA
H2_BC86_consensus_vsearch	2677	T	T	182	3	1.6%	2	1	93	93	0.12398373983732354	1	1	99	83	0	3	C
H2_BC86_consensus_vsearch	2678	A	A	179	4	2.14%	2	2	93	93	0.061474017887485174	1	1	97	82	2	2	G
H2_BC86_consensus_vsearch	2679	C	C	174	5	2.65%	2	1	93	93	0.030378348522515145	1	1	101	73	0	5	+T
H2_BC86_consensus_vsearch	2680	T	T	179	2	1.08%	2	1	93	93	0.24930747922443972	1	1	101	78	0	2	+C
H2_BC86_consensus_vsearch	2681	T	*/-C	171	10	5.26%	2	2	93	93	8.595113410222558E-4	1	1	97	74	2	8	-C
H2_BC86_consensus_vsearch	2682	C	C	176	1	0.56%	2	1	93	93	0.4999999999999138	1	1	100	76	1	0	+A
H2_BC86_consensus_vsearch	2683	C	C	185	2	1.06%	2	1	93	93	0.24932975871318122	1	1	102	83	0	2	+T
H2_BC86_consensus_vsearch	2684	T	*/+C	176	9	4.79%	2	1	93	93	0.001767978203561041	1	1	93	83	9	0	+C
H2_BC86_consensus_vsearch	2685	C	*/+T	179	9	4.76%	2	1	93	93	0.0017708558237889195	1	1	103	76	0	9	+T
H2_BC86_consensus_vsearch	2686	T	*/+A	174	7	3.66%	2	2	93	93	0.007364345131566664	1	1	101	73	1	6	+A
H2_BC86_consensus_vsearch	2687	A	A	186	0	0%	2	0	93	0	1.0	1	0	102	84	0	0	
H2_BC86_consensus_vsearch	2688	A	A	189	1	0.53%	2	1	93	93	0.5000000000001412	1	1	103	86	0	1	G
H2_BC86_consensus_vsearch	2689	A	A	189	1	0.52%	2	1	93	93	0.5000000000001412	1	1	102	87	1	0	+GA
H2_BC86_consensus_vsearch	2690	T	T	190	1	0.52%	2	1	93	93	0.4999999999999138	1	1	104	86	0	1	C
H2_BC86_consensus_vsearch	2691	G	G	192	0	0%	2	0	93	0	1.0	1	0	104	88	0	0	
H2_BC86_consensus_vsearch	2692	G	G	190	1	0.52%	2	1	93	93	0.4999999999999138	1	1	103	87	0	1	+TAG
H2_BC86_consensus_vsearch	2693	C	C	188	2	1.05%	2	1	93	93	0.2493403693931866	1	1	102	86	0	2	T
H2_BC86_consensus_vsearch	2694	C	C	187	1	0.52%	2	1	93	93	0.4999999999999138	1	1	100	87	1	0	+A
H2_BC86_consensus_vsearch	2695	G	G	189	2	1.05%	2	2	93	93	0.24934383202100482	1	1	102	87	1	1	-A
H2_BC86_consensus_vsearch	2696	A	A	189	1	0.53%	2	1	93	93	0.5000000000001412	1	1	102	87	1	0	G
H2_BC86_consensus_vsearch	2697	G	G	190	1	0.52%	2	1	93	93	0.4999999999999138	1	1	103	87	1	0	+A
H2_BC86_consensus_vsearch	2698	T	T	191	1	0.52%	2	1	93	93	0.5000000000001412	1	1	103	88	1	0	C
H2_BC86_consensus_vsearch	2699	T	T	192	0	0%	2	0	93	0	1.0	1	0	104	88	0	0	
H2_BC86_consensus_vsearch	2700	C	C	184	4	2.08%	2	1	93	93	0.06150134048256699	1	1	97	87	4	0	-GA
H2_BC86_consensus_vsearch	2701	G	*/-A	176	10	5.32%	2	2	93	93	8.625446222228462E-4	1	1	90	86	9	1	-A
H2_BC86_consensus_vsearch	2702	A	A	176	1	0.56%	2	1	93	93	0.4999999999999138	1	1	91	85	0	1	+GTT
H2_BC86_consensus_vsearch	2703	A	A	184	5	2.62%	2	2	93	93	0.030424403183015276	1	1	99	85	4	1	-G
H2_BC86_consensus_vsearch	2704	G	G	185	1	0.53%	2	1	93	93	0.5000000000001412	1	1	99	86	0	1	+CTGC
H2_BC86_consensus_vsearch	2705	G	G	189	1	0.52%	2	1	93	93	0.5000000000001412	1	1	104	85	0	1	+CAGG
H2_BC86_consensus_vsearch	2706	T	T	189	1	0.52%	2	1	93	93	0.5000000000001412	1	1	103	86	0	1	+A
H2_BC86_consensus_vsearch	2707	G	*/+T	172	8	4.19%	2	2	93	93	0.0036079487687097848	1	1	92	80	7	1	+T
H2_BC86_consensus_vsearch	2708	T	T	182	3	1.62%	2	2	93	93	0.12398373983732354	1	1	99	83	1	2	C
H2_BC86_consensus_vsearch	2709	T	T	189	3	1.56%	2	2	93	93	0.12402088772842607	1	1	103	86	1	2	C
H2_BC86_consensus_vsearch	2710	T	T	184	3	1.56%	2	2	93	93	0.12399463806966378	1	1	103	81	1	2	C
H2_BC86_consensus_vsearch	2711	G	*/-C	171	10	5.29%	2	1	93	93	8.595113410222558E-4	1	1	102	69	0	10	-C
H2_BC86_consensus_vsearch	2712	C	Y	155	17	9.44%	2	1	93	93	5.0357707197392975E-6	1	1	104	51	0	17	T
H2_BC86_consensus_vsearch	2713	T	*/+C	169	8	4.37%	2	2	93	93	0.0036029884966937457	1	1	94	75	6	2	+C
H2_BC86_consensus_vsearch	2714	C	Y	177	9	4.76%	2	1	93	93	0.0017689474455757383	1	1	101	76	0	9	T
H2_BC86_consensus_vsearch	2715	C	C	179	3	1.56%	2	1	93	93	0.12396694214879515	1	1	102	77	0	3	+T
H2_BC86_consensus_vsearch	2716	G	G	189	1	0.53%	2	1	93	93	0.5000000000001412	1	1	102	87	0	1	T
H2_BC86_consensus_vsearch	2717	C	C	190	0	0%	2	0	93	0	1.0	1	0	102	88	0	0	
H2_BC86_consensus_vsearch	2718	A	A	184	6	3.12%	2	1	93	93	0.015011512916161563	1	1	102	82	0	6	-T
H2_BC86_consensus_vsearch	2719	T	T	186	0	0%	2	0	93	0	1.0	1	0	104	82	0	0	
H2_BC86_consensus_vsearch	2720	C	C	191	1	0.52%	2	1	93	93	0.5000000000001412	1	1	104	87	0	1	-GC
H2_BC86_consensus_vsearch	2721	G	G	189	1	0.52%	2	1	93	93	0.5000000000001412	1	1	103	86	1	0	A
H2_BC86_consensus_vsearch	2722	C	C	187	2	1.05%	2	1	93	93	0.24933687002661706	1	1	102	85	2	0	+AC
H2_BC86_consensus_vsearch	2723	G	G	188	1	0.53%	2	1	93	93	0.5000000000001412	1	1	104	84	0	1	+CG
H2_BC86_consensus_vsearch	2724	A	A	187	2	1.04%	2	2	93	93	0.24933687002661706	1	1	101	86	1	1	+C
H2_BC86_consensus_vsearch	2725	C	C	190	0	0%	2	0	93	0	1.0	1	0	102	88	0	0	
H2_BC86_consensus_vsearch	2726	C	C	192	0	0%	2	0	93	0	1.0	1	0	104	88	0	0	
H2_BC86_consensus_vsearch	2727	A	A	187	2	1.04%	2	2	93	93	0.24933687002661706	1	1	102	85	1	1	T
H2_BC86_consensus_vsearch	2728	G	G	188	2	1.05%	2	1	93	93	0.2493403693931866	1	1	101	87	2	0	A
H2_BC86_consensus_vsearch	2729	C	C	180	3	1.57%	2	1	93	93	0.12397260273979696	1	1	99	81	0	3	-AA
H2_BC86_consensus_vsearch	2730	A	A	184	1	0.54%	2	1	93	93	0.4999999999999138	1	1	102	82	1	0	C
H2_BC86_consensus_vsearch	2731	A	A	181	2	1.07%	2	1	93	93	0.24931506849317653	1	1	102	79	0	2	+G
H2_BC86_consensus_vsearch	2732	G	R	169	12	6.38%	2	1	93	93	2.02230596700354E-4	1	1	84	85	12	0	A
H2_BC86_consensus_vsearch	2733	C	C	185	1	0.54%	2	1	93	93	0.5000000000001412	1	1	100	85	0	1	T
H2_BC86_consensus_vsearch	2734	C	C	186	3	1.56%	2	1	93	93	0.1240053050397967	1	1	104	82	0	3	T
H2_BC86_consensus_vsearch	2735	G	G	186	2	1.06%	2	1	93	93	0.24933333333336263	1	1	101	85	2	0	A
H2_BC86_consensus_vsearch	2736	G	G	188	1	0.53%	2	1	93	93	0.5000000000001412	1	1	103	85	1	0	-C
H2_BC86_consensus_vsearch	2737	C	C	189	0	0%	2	0	93	0	1.0	1	0	103	86	0	0	
H2_BC86_consensus_vsearch	2738	G	G	191	1	0.52%	2	1	93	93	0.5000000000001412	1	1	104	87	0	1	-C
H2_BC86_consensus_vsearch	2739	C	C	189	1	0.52%	2	1	93	93	0.5000000000001412	1	1	104	85	0	1	+G
H2_BC86_consensus_vsearch	2740	G	G	187	3	1.56%	2	2	93	93	0.12401055408976878	1	1	103	84	1	2	-CGCG
H2_BC86_consensus_vsearch	2741	C	C	185	2	1.06%	2	1	93	93	0.24932975871318122	1	1	102	83	0	2	-GCGT
H2_BC86_consensus_vsearch	2742	G	*/-CG	139	43	22.99%	2	2	93	93	6.7971844209472095E-15	1	1	90	49	11	32	-CG
H2_BC86_consensus_vsearch	2743	C	C	138	2	1.41%	2	1	93	93	0.24910394265240715	1	1	90	48	0	2	-GT
H2_BC86_consensus_vsearch	2744	G	G	132	5	3.52%	2	2	93	93	0.030111647270323384	1	1	84	48	3	2	+CG
H2_BC86_consensus_vsearch	2745	T	T	184	2	1.06%	2	2	93	93	0.24932614555250343	1	1	101	83	1	1	C
H2_BC86_consensus_vsearch	2746	T	T	184	3	1.56%	2	2	93	93	0.12399463806966378	1	1	98	86	2	1	-G
H2_BC86_consensus_vsearch	2747	G	*/-C	164	11	5.88%	2	1	93	93	4.1524271304166165E-4	1	1	94	70	0	11	-C
H2_BC86_consensus_vsearch	2748	C	C	171	3	1.69%	2	1	93	93	0.1239193083573888	1	1	99	72	0	3	-T
H2_BC86_consensus_vsearch	2749	T	*/-C	163	17	9.19%	2	2	93	93	5.134244802812326E-6	1	1	84	79	12	5	-C
H2_BC86_consensus_vsearch	2750	C	Y	161	9	5.2%	2	1	93	93	0.0017521117144003763	1	1	88	73	0	9	T
H2_BC86_consensus_vsearch	2751	C	*/-T	178	7	3.65%	2	2	93	93	0.007373926992228167	1	1	98	80	5	2	-T
H2_BC86_consensus_vsearch	2752	T	T	176	3	1.63%	2	1	93	93	0.12394957983191404	1	1	95	81	3	0	+G
H2_BC86_consensus_vsearch	2753	A	*/+C	89	63	32.98%	2	2	93	93	3.038881178915558E-23	1	1	50	39	39	24	+C
H2_BC86_consensus_vsearch	2754	C	*/+T	150	8	4.88%	2	1	93	93	0.0035672943374071937	1	1	98	52	0	8	+T
H2_BC86_consensus_vsearch	2755	C	C	184	5	2.65%	2	1	93	93	0.030424403183015276	1	1	104	80	0	5	T
H2_BC86_consensus_vsearch	2756	C	C	191	1	0.52%	2	1	93	93	0.5000000000001412	1	1	104	87	0	1	+T
H2_BC86_consensus_vsearch	2757	C	C	188	1	0.52%	2	1	93	93	0.5000000000001412	1	1	103	85	0	1	+G
H2_BC86_consensus_vsearch	2758	T	T	183	3	1.57%	2	1	93	93	0.12398921832883274	1	1	99	84	0	3	-C
H2_BC86_consensus_vsearch	2759	C	C	184	3	1.59%	2	1	93	93	0.12399463806966378	1	1	100	84	3	0	-A
H2_BC86_consensus_vsearch	2760	A	A	180	5	2.66%	2	1	93	93	0.030406577907750046	1	1	93	87	5	0	+C
H2_BC86_consensus_vsearch	2761	C	C	186	2	1.05%	2	1	93	93	0.24933333333336263	1	1	99	87	2	0	+G
H2_BC86_consensus_vsearch	2762	C	C	180	5	2.6%	2	1	93	93	0.030406577907750046	1	1	95	85	5	0	+A
H2_BC86_consensus_vsearch	2763	G	*/-A	178	8	4.26%	2	2	93	93	0.0036173981471315664	1	1	93	85	6	2	-A
H2_BC86_consensus_vsearch	2764	A	A	178	3	1.64%	2	1	93	93	0.12396121883654573	1	1	93	85	3	0	+G
H2_BC86_consensus_vsearch	2765	G	G	186	1	0.52%	2	1	93	93	0.4999999999999138	1	1	102	84	0	1	+TT
H2_BC86_consensus_vsearch	2766	C	C	184	3	1.58%	2	1	93	93	0.12399463806966378	1	1	101	83	3	0	G
H2_BC86_consensus_vsearch	2767	C	C	189	1	0.52%	2	1	93	93	0.5000000000001412	1	1	102	87	1	0	+G
H2_BC86_consensus_vsearch	2768	A	A	189	1	0.52%	2	1	93	93	0.5000000000001412	1	1	101	88	1	0	+T
H2_BC86_consensus_vsearch	2769	T	T	192	0	0%	2	0	93	0	1.0	1	0	104	88	0	0	
H2_BC86_consensus_vsearch	2770	T	T	190	1	0.52%	2	1	93	93	0.4999999999999138	1	1	103	87	1	0	+C
H2_BC86_consensus_vsearch	2771	C	C	189	1	0.52%	2	1	93	93	0.5000000000001412	1	1	104	85	0	1	+G
H2_BC86_consensus_vsearch	2772	G	G	192	0	0%	2	0	93	0	1.0	1	0	104	88	0	0	
H2_BC86_consensus_vsearch	2773	A	A	189	2	1.04%	2	1	93	93	0.24934383202100482	1	1	104	85	0	2	-T
H2_BC86_consensus_vsearch	2774	T	T	178	6	3.16%	2	1	93	93	0.014991620166021489	1	1	93	85	6	0	+C
H2_BC86_consensus_vsearch	2775	C	C	180	4	2.09%	2	2	93	93	0.06147960135865969	1	1	97	83	3	1	+G
H2_BC86_consensus_vsearch	2776	G	G	188	1	0.53%	2	1	93	93	0.5000000000001412	1	1	104	84	0	1	+TG
H2_BC86_consensus_vsearch	2777	G	G	190	1	0.52%	2	1	93	93	0.4999999999999138	1	1	103	87	0	1	+A
H2_BC86_consensus_vsearch	2778	A	A	189	2	1.05%	2	1	93	93	0.24934383202100482	1	1	101	88	2	0	G
H2_BC86_consensus_vsearch	2779	A	A	192	0	0%	2	0	93	0	1.0	1	0	104	88	0	0	
H2_BC86_consensus_vsearch	2780	A	A	188	2	1.04%	2	1	93	93	0.2493403693931866	1	1	100	88	2	0	+C
H2_BC86_consensus_vsearch	2781	T	T	188	3	1.56%	2	1	93	93	0.124015748031514	1	1	101	87	3	0	C
H2_BC86_consensus_vsearch	2782	A	A	191	1	0.52%	2	1	93	93	0.5000000000001412	1	1	103	88	1	0	C
H2_BC86_consensus_vsearch	2783	A	A	191	1	0.52%	2	1	93	93	0.5000000000001412	1	1	103	88	1	0	G
H2_BC86_consensus_vsearch	2784	C	C	187	2	1.04%	2	2	93	93	0.24933687002661706	1	1	102	85	1	1	+A
H2_BC86_consensus_vsearch	2785	G	G	191	1	0.52%	2	1	93	93	0.5000000000001412	1	1	103	88	1	0	-A
H2_BC86_consensus_vsearch	2786	A	A	185	4	2.09%	2	2	93	93	0.061506631299724945	1	1	101	84	1	3	G
H2_BC86_consensus_vsearch	2787	C	C	187	2	1.05%	2	1	93	93	0.24933687002661706	1	1	103	84	0	2	+G
H2_BC86_consensus_vsearch	2788	G	R	180	8	4.23%	2	1	93	93	0.00362041635085765	1	1	94	86	8	0	A
H2_BC86_consensus_vsearch	2789	G	G	187	3	1.57%	2	1	93	93	0.12401055408976878	1	1	101	86	3	0	+A
H2_BC86_consensus_vsearch	2790	G	G	190	2	1.04%	2	1	93	93	0.2493472584856949	1	1	102	88	2	0	A
H2_BC86_consensus_vsearch	2791	C	*/+A	171	11	5.73%	2	1	93	93	4.179166713235648E-4	1	1	86	85	11	0	+A
H2_BC86_consensus_vsearch	2792	G	*/+T	171	12	6.38%	2	1	93	93	2.0266096116243077E-4	1	1	86	85	12	0	+T
H2_BC86_consensus_vsearch	2793	G	G	189	1	0.52%	2	1	93	93	0.5000000000001412	1	1	103	86	1	0	+AGTG
H2_BC86_consensus_vsearch	2794	T	T	188	1	0.53%	2	1	93	93	0.5000000000001412	1	1	103	85	1	0	+AT
H2_BC86_consensus_vsearch	2795	G	G	185	2	1.05%	2	1	93	93	0.24932975871318122	1	1	103	82	0	2	+CG
H2_BC86_consensus_vsearch	2796	T	*/+GT	54	125	65.79%	2	2	93	93	1.5198050314828125E-53	1	1	33	21	69	56	+GT
H2_BC86_consensus_vsearch	2797	A	R	175	9	4.71%	2	2	93	93	0.0017669987142516655	1	1	100	75	4	5	G
H2_BC86_consensus_vsearch	2798	C	*/-A	132	54	28.27%	2	1	93	93	6.079218350258314E-19	1	1	49	83	54	0	-A
H2_BC86_consensus_vsearch	2799	A	A	131	3	2.21%	2	2	93	93	0.12359550561795825	1	1	49	82	1	2	G
H2_BC86_consensus_vsearch	2800	A	A	181	4	2.09%	2	1	93	93	0.06148512438803467	1	1	98	83	4	0	+G
H2_BC86_consensus_vsearch	2801	A	*/-G	174	8	4.17%	2	2	93	93	0.003611166483247444	1	1	94	80	4	4	-G
H2_BC86_consensus_vsearch	2802	G	G	175	2	1.09%	2	1	93	93	0.2492917847025028	1	1	95	80	2	0	+AG
H2_BC86_consensus_vsearch	2803	G	G	183	6	3.14%	2	1	93	93	0.015008284680098535	1	1	97	86	6	0	+A
H2_BC86_consensus_vsearch	2804	G	G	186	3	1.56%	2	2	93	93	0.1240053050397967	1	1	100	86	1	2	-CAG
H2_BC86_consensus_vsearch	2805	C	C	179	4	2.12%	2	1	93	93	0.061474017887485174	1	1	96	83	4	0	+G
H2_BC86_consensus_vsearch	2806	A	*/-G	126	35	18.92%	2	2	93	93	3.6558046104105035E-12	1	1	85	41	6	29	-G
H2_BC86_consensus_vsearch	2807	G	G	146	2	1.33%	2	2	93	93	0.24915254237288603	1	1	95	51	1	1	+CA
H2_BC86_consensus_vsearch	2808	G	G	185	2	1.06%	2	1	93	93	0.24932975871318122	1	1	103	82	0	2	T
H2_BC86_consensus_vsearch	2809	G	G	191	1	0.52%	2	1	93	93	0.5000000000001412	1	1	104	87	0	1	-A
H2_BC86_consensus_vsearch	2810	A	A	182	4	2.09%	2	1	93	93	0.061490587951709585	1	1	103	79	0	4	+T
H2_BC86_consensus_vsearch	2811	C	Y	183	7	3.66%	2	2	93	93	0.007385343252869138	1	1	102	81	1	6	T
H2_BC86_consensus_vsearch	2812	G	G	185	4	2.09%	2	1	93	93	0.061506631299724945	1	1	102	83	0	4	T
H2_BC86_consensus_vsearch	2813	T	T	186	3	1.58%	2	1	93	93	0.1240053050397967	1	1	103	83	0	3	C
H2_BC86_consensus_vsearch	2814	A	A	185	3	1.57%	2	1	93	93	0.12399999999998497	1	1	102	83	0	3	G
H2_BC86_consensus_vsearch	2815	T	T	183	4	2.09%	2	2	93	93	0.061495993004889796	1	1	103	80	1	3	C
H2_BC86_consensus_vsearch	2816	T	T	186	4	2.08%	2	1	93	93	0.061511866352189214	1	1	103	83	0	4	C
H2_BC86_consensus_vsearch	2817	C	C	187	2	1.05%	2	1	93	93	0.24933687002661706	1	1	103	84	0	2	+T
H2_BC86_consensus_vsearch	2818	A	A	185	4	2.08%	2	1	93	93	0.061506631299724945	1	1	104	81	0	4	-T
H2_BC86_consensus_vsearch	2819	T	T	184	2	1.06%	2	1	93	93	0.24932614555250343	1	1	103	81	0	2	-C
H2_BC86_consensus_vsearch	2820	C	C	187	2	1.05%	2	1	93	93	0.24933687002661706	1	1	101	86	2	0	+A
H2_BC86_consensus_vsearch	2821	G	G	182	6	3.14%	2	1	93	93	0.015005022293196836	1	1	100	82	0	6	-TG
H2_BC86_consensus_vsearch	2822	T	T	182	3	1.61%	2	2	93	93	0.12398373983732354	1	1	102	80	2	1	C
H2_BC86_consensus_vsearch	2823	G	G	184	2	1.08%	2	2	93	93	0.24932614555250343	1	1	103	81	1	1	-A
H2_BC86_consensus_vsearch	2824	A	A	188	1	0.53%	2	1	93	93	0.5000000000001412	1	1	102	86	1	0	+CA
H2_BC86_consensus_vsearch	2825	G	G	190	1	0.52%	2	1	93	93	0.4999999999999138	1	1	103	87	0	1	+AG
H2_BC86_consensus_vsearch	2826	T	Y	183	7	3.66%	2	1	93	93	0.007385343252869138	1	1	102	81	0	7	C
H2_BC86_consensus_vsearch	2827	T	T	189	1	0.52%	2	1	93	93	0.5000000000001412	1	1	102	87	0	1	-G
H2_BC86_consensus_vsearch	2828	G	G	190	0	0%	2	0	93	0	1.0	1	0	103	87	0	0	
H2_BC86_consensus_vsearch	2829	A	A	186	3	1.56%	2	1	93	93	0.1240053050397967	1	1	98	88	3	0	-TGA
H2_BC86_consensus_vsearch	2830	T	T	185	3	1.59%	2	2	93	93	0.12399999999998497	1	1	100	85	1	2	C
H2_BC86_consensus_vsearch	2831	G	G	187	1	0.53%	2	1	93	93	0.4999999999999138	1	1	100	87	1	0	+T
H2_BC86_consensus_vsearch	2832	A	A	182	3	1.59%	2	2	93	93	0.12398373983732354	1	1	98	84	1	2	-C
H2_BC86_consensus_vsearch	2833	C	C	184	4	2.12%	2	2	93	93	0.06150134048256699	1	1	101	83	2	2	-T
H2_BC86_consensus_vsearch	2834	T	T	181	4	2.13%	2	2	93	93	0.06148512438803467	1	1	99	82	3	1	+C
H2_BC86_consensus_vsearch	2835	C	C	179	4	2.11%	2	2	93	93	0.061474017887485174	1	1	98	81	2	2	+T
H2_BC86_consensus_vsearch	2836	A	A	181	4	2.14%	2	1	93	93	0.06148512438803467	1	1	95	86	4	0	G
H2_BC86_consensus_vsearch	2837	C	C	181	2	1.07%	2	1	93	93	0.24931506849317653	1	1	99	82	0	2	+G
H2_BC86_consensus_vsearch	2838	G	G	190	1	0.52%	2	1	93	93	0.4999999999999138	1	1	103	87	1	0	-A
H2_BC86_consensus_vsearch	2839	A	A	189	1	0.53%	2	1	93	93	0.5000000000001412	1	1	103	86	0	1	G
H2_BC86_consensus_vsearch	2840	T	T	190	1	0.52%	2	1	93	93	0.4999999999999138	1	1	103	87	1	0	C
H2_BC86_consensus_vsearch	2841	T	T	192	0	0%	2	0	93	0	1.0	1	0	104	88	0	0	
H2_BC86_consensus_vsearch	2842	A	A	187	4	2.08%	2	2	93	93	0.06151704651694607	1	1	102	85	1	3	G
H2_BC86_consensus_vsearch	2843	C	C	184	6	3.12%	2	1	93	93	0.015011512916161563	1	1	98	86	6	0	+A
H2_BC86_consensus_vsearch	2844	A	A	187	2	1.05%	2	1	93	93	0.24933687002661706	1	1	101	86	2	0	G
H2_BC86_consensus_vsearch	2845	A	*/-G	180	7	3.65%	2	2	93	93	0.007378565932456183	1	1	96	84	5	2	-G
H2_BC86_consensus_vsearch	2846	G	G	180	1	0.55%	2	1	93	93	0.5000000000001412	1	1	95	85	1	0	+A
H2_BC86_consensus_vsearch	2847	G	G	180	5	2.63%	2	1	93	93	0.030406577907750046	1	1	94	86	5	0	A
H2_BC86_consensus_vsearch	2848	C	Y	177	7	3.68%	2	2	93	93	0.007371570136883838	1	1	95	82	2	5	T
H2_BC86_consensus_vsearch	2849	A	A	181	4	2.09%	2	1	93	93	0.06148512438803467	1	1	100	81	0	4	+T
H2_BC86_consensus_vsearch	2850	T	T	181	5	2.66%	2	1	93	93	0.030411105997849117	1	1	101	80	0	5	+C
H2_BC86_consensus_vsearch	2851	T	*/+C	175	7	3.68%	2	2	93	93	0.007366779625824957	1	1	99	76	1	6	+C
H2_BC86_consensus_vsearch	2852	C	C	182	2	1.08%	2	1	93	93	0.2493188010900035	1	1	102	80	0	2	+T
H2_BC86_consensus_vsearch	2853	C	C	185	5	2.6%	2	1	93	93	0.030428742397642147	1	1	103	82	0	5	G
H2_BC86_consensus_vsearch	2854	A	A	187	5	2.6%	2	2	93	93	0.030437285417662132	1	1	102	85	2	3	G
H2_BC86_consensus_vsearch	2855	T	T	187	4	2.08%	2	1	93	93	0.06151704651694607	1	1	103	84	0	4	C
H2_BC86_consensus_vsearch	2856	G	G	191	0	0%	2	0	93	0	1.0	1	0	103	88	0	0	
H2_BC86_consensus_vsearch	2857	T	T	191	1	0.52%	2	1	93	93	0.5000000000001412	1	1	104	87	0	1	+C
H2_BC86_consensus_vsearch	2858	T	T	188	2	1.04%	2	2	93	93	0.2493403693931866	1	1	102	86	1	1	C
H2_BC86_consensus_vsearch	2859	C	C	183	6	3.14%	2	1	93	93	0.015008284680098535	1	1	96	87	6	0	-A
H2_BC86_consensus_vsearch	2860	A	A	182	1	0.54%	2	1	93	93	0.4999999999999138	1	1	94	88	1	0	-CGA
H2_BC86_consensus_vsearch	2861	C	C	182	6	3.16%	2	1	93	93	0.015005022293196836	1	1	95	87	6	0	T
H2_BC86_consensus_vsearch	2862	G	G	184	4	2.09%	2	2	93	93	0.06150134048256699	1	1	98	86	3	1	-A
H2_BC86_consensus_vsearch	2863	A	A	181	3	1.6%	2	1	93	93	0.12397820163492167	1	1	95	86	3	0	-G
H2_BC86_consensus_vsearch	2864	G	G	187	1	0.53%	2	1	93	93	0.4999999999999138	1	1	101	86	0	1	+T
H2_BC86_consensus_vsearch	2865	C	C	186	4	2.08%	2	2	93	93	0.061511866352189214	1	1	101	85	2	2	T
H2_BC86_consensus_vsearch	2866	A	A	186	2	1.05%	2	1	93	93	0.24933333333336263	1	1	99	87	2	0	-CA
H2_BC86_consensus_vsearch	2867	C	C	188	1	0.53%	2	1	93	93	0.5000000000001412	1	1	101	87	0	1	-A
H2_BC86_consensus_vsearch	2868	A	A	183	5	2.66%	2	2	93	93	0.030420017873106126	1	1	98	85	3	2	G
H2_BC86_consensus_vsearch	2869	G	G	189	1	0.52%	2	1	93	93	0.5000000000001412	1	1	102	87	1	0	+T
H2_BC86_consensus_vsearch	2870	T	T	188	2	1.05%	2	1	93	93	0.2493403693931866	1	1	103	85	0	2	C
H2_BC86_consensus_vsearch	2871	T	*/-C	163	28	14.66%	2	2	93	93	1.2811840605559278E-9	1	1	77	86	26	2	-C
H2_BC86_consensus_vsearch	2872	C	C	161	1	0.61%	2	1	93	93	0.4999999999999138	1	1	75	86	1	0	A
H2_BC86_consensus_vsearch	2873	C	C	188	1	0.52%	2	1	93	93	0.5000000000001412	1	1	101	87	0	1	-AGT
H2_BC86_consensus_vsearch	2874	A	A	185	3	1.58%	2	1	93	93	0.12399999999998497	1	1	99	86	3	0	G
H2_BC86_consensus_vsearch	2875	G	G	185	1	0.53%	2	1	93	93	0.5000000000001412	1	1	100	85	0	1	+C
H2_BC86_consensus_vsearch	2876	T	T	187	1	0.53%	2	1	93	93	0.4999999999999138	1	1	102	85	1	0	+A
H2_BC86_consensus_vsearch	2877	G	G	190	1	0.52%	2	1	93	93	0.4999999999999138	1	1	104	86	0	1	+C
H2_BC86_consensus_vsearch	2878	C	C	188	2	1.04%	2	2	93	93	0.2493403693931866	1	1	102	86	1	1	T
H2_BC86_consensus_vsearch	2879	T	T	187	2	1.05%	2	1	93	93	0.24933687002661706	1	1	101	86	0	2	-C
H2_BC86_consensus_vsearch	2880	C	C	184	2	1.06%	2	1	93	93	0.24932614555250343	1	1	100	84	0	2	+G
H2_BC86_consensus_vsearch	2881	G	G	190	1	0.52%	2	1	93	93	0.4999999999999138	1	1	102	88	1	0	-A
H2_BC86_consensus_vsearch	2882	A	A	186	3	1.57%	2	1	93	93	0.1240053050397967	1	1	102	84	0	3	-T
H2_BC86_consensus_vsearch	2883	T	*/-C	132	52	27.66%	2	2	93	93	3.30233880099271E-18	1	1	73	59	28	24	-C
H2_BC86_consensus_vsearch	2884	C	*/+T	129	7	5.11%	2	1	93	93	0.007218313902366195	1	1	74	55	0	7	+T
H2_BC86_consensus_vsearch	2885	C	C	188	1	0.53%	2	1	93	93	0.5000000000001412	1	1	102	86	0	1	T
H2_BC86_consensus_vsearch	2886	C	Y	162	25	13.09%	2	1	93	93	1.2622928603723054E-8	1	1	102	60	0	25	T
H2_BC86_consensus_vsearch	2887	C	C	190	1	0.52%	2	1	93	93	0.4999999999999138	1	1	103	87	0	1	-A
H2_BC86_consensus_vsearch	2888	A	A	182	4	2.09%	2	2	93	93	0.061490587951709585	1	1	99	83	2	2	-GCA
H2_BC86_consensus_vsearch	2889	G	R	172	15	7.98%	2	1	93	93	2.2786128332551297E-5	1	1	86	86	15	0	A
H2_BC86_consensus_vsearch	2890	C	C	181	3	1.6%	2	1	93	93	0.12397820163492167	1	1	96	85	3	0	+T
H2_BC86_consensus_vsearch	2891	A	A	182	2	1.08%	2	1	93	93	0.2493188010900035	1	1	96	86	2	0	T
H2_BC86_consensus_vsearch	2892	C	C	182	4	2.11%	2	2	93	93	0.061490587951709585	1	1	96	86	2	2	T
H2_BC86_consensus_vsearch	2893	G	G	188	3	1.56%	2	1	93	93	0.124015748031514	1	1	100	88	3	0	-A
H2_BC86_consensus_vsearch	2894	A	A	187	1	0.53%	2	1	93	93	0.4999999999999138	1	1	100	87	1	0	C
H2_BC86_consensus_vsearch	2895	T	T	191	1	0.52%	2	1	93	93	0.5000000000001412	1	1	103	88	1	0	+C
H2_BC86_consensus_vsearch	2896	G	G	187	2	1.04%	2	2	93	93	0.24933687002661706	1	1	102	85	1	1	-C
H2_BC86_consensus_vsearch	2897	C	C	187	1	0.53%	2	1	93	93	0.4999999999999138	1	1	101	86	1	0	+G
H2_BC86_consensus_vsearch	2898	A	A	189	2	1.05%	2	1	93	93	0.24934383202100482	1	1	102	87	2	0	G
H2_BC86_consensus_vsearch	2899	G	G	177	5	2.6%	2	1	93	93	0.03039269552742511	1	1	100	77	0	5	+C
H2_BC86_consensus_vsearch	2900	C	C	185	2	1.07%	2	1	93	93	0.24932975871318122	1	1	103	82	0	2	T
H2_BC86_consensus_vsearch	2901	C	C	181	4	2.08%	2	1	93	93	0.06148512438803467	1	1	102	79	0	4	-TC
H2_BC86_consensus_vsearch	2902	T	T	182	2	1.08%	2	1	93	93	0.2493188010900035	1	1	101	81	0	2	C
H2_BC86_consensus_vsearch	2903	C	*/-A	177	8	4.26%	2	1	93	93	0.0036158650264919274	1	1	95	82	8	0	-A
H2_BC86_consensus_vsearch	2904	A	A	175	2	1.09%	2	1	93	93	0.2492917847025028	1	1	90	85	2	0	+CC
H2_BC86_consensus_vsearch	2905	C	C	177	6	3.17%	2	1	93	93	0.014988178616270897	1	1	90	87	6	0	T
H2_BC86_consensus_vsearch	2906	A	R	164	9	4.81%	2	1	93	93	0.0017554987093074167	1	1	88	76	9	0	G
H2_BC86_consensus_vsearch	2907	G	G	185	0	0%	2	0	93	0	1.0	1	0	104	81	0	0	
H2_BC86_consensus_vsearch	2908	G	G	189	2	1.04%	2	1	93	93	0.24934383202100482	1	1	102	87	2	0	-A
H2_BC86_consensus_vsearch	2909	A	A	187	1	0.53%	2	1	93	93	0.4999999999999138	1	1	100	87	1	0	+G
H2_BC86_consensus_vsearch	2910	T	T	189	2	1.05%	2	1	93	93	0.24934383202100482	1	1	103	86	0	2	C
H2_BC86_consensus_vsearch	2911	T	T	190	1	0.52%	2	1	93	93	0.4999999999999138	1	1	103	87	1	0	-AC
H2_BC86_consensus_vsearch	2912	A	A	186	2	1.05%	2	1	93	93	0.24933333333336263	1	1	102	84	0	2	-C
H2_BC86_consensus_vsearch	2913	C	C	188	1	0.53%	2	1	93	93	0.5000000000001412	1	1	103	85	0	1	+T
H2_BC86_consensus_vsearch	2914	C	C	184	3	1.56%	2	1	93	93	0.12399463806966378	1	1	100	84	0	3	+TC
H2_BC86_consensus_vsearch	2915	C	C	186	3	1.56%	2	2	93	93	0.1240053050397967	1	1	102	84	1	2	T
H2_BC86_consensus_vsearch	2916	A	A	184	3	1.57%	2	2	93	93	0.12399463806966378	1	1	102	82	1	2	T
H2_BC86_consensus_vsearch	2917	G	*/-C	176	7	3.68%	2	2	93	93	0.007369187819667051	1	1	98	78	1	6	-C
H2_BC86_consensus_vsearch	2918	C	*/+T	171	8	4.35%	2	1	93	93	0.003606313464294743	1	1	103	68	0	8	+T
H2_BC86_consensus_vsearch	2919	C	C	184	6	3.14%	2	1	93	93	0.015011512916161563	1	1	104	80	0	6	T
H2_BC86_consensus_vsearch	2920	C	C	183	6	3.14%	2	1	93	93	0.015008284680098535	1	1	104	79	0	6	+T
H2_BC86_consensus_vsearch	2921	T	T	187	2	1.05%	2	1	93	93	0.24933687002661706	1	1	104	83	0	2	-C
H2_BC86_consensus_vsearch	2922	C	*/-TC	173	10	5.26%	2	2	93	93	8.60743791896823E-4	1	1	97	76	7	3	-TC
H2_BC86_consensus_vsearch	2923	T	T	165	6	3.41%	2	1	93	93	0.014943759717001579	1	1	86	79	6	0	+C
H2_BC86_consensus_vsearch	2924	C	*/-GG	163	8	4.4%	2	1	93	93	0.0035925563072326206	1	1	91	72	0	8	-GG
H2_BC86_consensus_vsearch	2925	G	R	168	8	4.44%	2	1	93	93	0.0036012982281518587	1	1	95	73	8	0	A
H2_BC86_consensus_vsearch	2926	G	G	183	1	0.54%	2	1	93	93	0.4999999999999138	1	1	104	79	0	1	C
H2_BC86_consensus_vsearch	2927	G	G	190	2	1.04%	2	1	93	93	0.2493472584856949	1	1	102	88	2	0	-A
H2_BC86_consensus_vsearch	2928	A	A	190	0	0%	2	0	93	0	1.0	1	0	102	88	0	0	
H2_BC86_consensus_vsearch	2929	T	T	185	3	1.56%	2	1	93	93	0.12399999999998497	1	1	98	87	3	0	+G
H2_BC86_consensus_vsearch	2930	A	A	181	3	1.58%	2	1	93	93	0.12397820163492167	1	1	100	81	0	3	+G
H2_BC86_consensus_vsearch	2931	G	G	190	0	0%	2	0	93	0	1.0	1	0	104	86	0	0	
H2_BC86_consensus_vsearch	2932	G	G	186	2	1.05%	2	1	93	93	0.24933333333336263	1	1	100	86	2	0	+C
H2_BC86_consensus_vsearch	2933	C	C	182	5	2.63%	2	2	93	93	0.030415585729470396	1	1	103	79	1	4	+A
H2_BC86_consensus_vsearch	2934	A	A	187	1	0.53%	2	1	93	93	0.4999999999999138	1	1	104	83	0	1	G
H2_BC86_consensus_vsearch	2935	A	A	190	1	0.52%	2	1	93	93	0.4999999999999138	1	1	103	87	1	0	G
H2_BC86_consensus_vsearch	2936	A	A	190	1	0.52%	2	1	93	93	0.4999999999999138	1	1	103	87	1	0	G
H2_BC86_consensus_vsearch	2937	T	T	191	1	0.52%	2	1	93	93	0.5000000000001412	1	1	104	87	0	1	C
H2_BC86_consensus_vsearch	2938	G	*/-C	183	8	4.17%	2	2	93	93	0.003624827265843605	1	1	96	87	7	1	-C
H2_BC86_consensus_vsearch	2939	C	C	184	0	0%	2	0	93	0	1.0	1	0	97	87	0	0	
H2_BC86_consensus_vsearch	2940	C	C	191	1	0.52%	2	1	93	93	0.5000000000001412	1	1	103	88	1	0	G
H2_BC86_consensus_vsearch	2941	C	C	190	1	0.52%	2	1	93	93	0.4999999999999138	1	1	102	88	1	0	-A
H2_BC86_consensus_vsearch	2942	A	A	190	1	0.52%	2	1	93	93	0.4999999999999138	1	1	102	88	1	0	-T
H2_BC86_consensus_vsearch	2943	T	T	189	1	0.52%	2	1	93	93	0.5000000000001412	1	1	101	88	1	0	+G
H2_BC86_consensus_vsearch	2944	T	T	191	1	0.52%	2	1	93	93	0.5000000000001412	1	1	103	88	1	0	+G
H2_BC86_consensus_vsearch	2945	G	G	187	2	1.04%	2	1	93	93	0.24933687002661706	1	1	100	87	2	0	A
H2_BC86_consensus_vsearch	2946	T	T	188	2	1.05%	2	2	93	93	0.2493403693931866	1	1	101	87	1	1	C
H2_BC86_consensus_vsearch	2947	C	C	185	2	1.04%	2	1	93	93	0.24932975871318122	1	1	100	85	0	2	-T
H2_BC86_consensus_vsearch	2948	T	T	183	3	1.6%	2	2	93	93	0.12398921832883274	1	1	100	83	1	2	C
H2_BC86_consensus_vsearch	2949	G	G	189	0	0%	2	0	93	0	1.0	1	0	101	88	0	0	
H2_BC86_consensus_vsearch	2950	C	C	188	3	1.57%	2	1	93	93	0.124015748031514	1	1	103	85	0	3	T
H2_BC86_consensus_vsearch	2951	A	A	192	0	0%	2	0	93	0	1.0	1	0	104	88	0	0	
H2_BC86_consensus_vsearch	2952	T	T	190	1	0.52%	2	1	93	93	0.4999999999999138	1	1	102	88	1	0	+C
H2_BC86_consensus_vsearch	2953	C	C	189	1	0.52%	2	1	93	93	0.5000000000001412	1	1	103	86	1	0	+A
H2_BC86_consensus_vsearch	2954	A	A	189	1	0.53%	2	1	93	93	0.5000000000001412	1	1	103	86	1	0	G
H2_BC86_consensus_vsearch	2955	G	G	185	2	1.05%	2	1	93	93	0.24932975871318122	1	1	101	84	0	2	-T
H2_BC86_consensus_vsearch	2956	T	T	177	3	1.59%	2	1	93	93	0.1239554317548523	1	1	99	78	3	0	-G
H2_BC86_consensus_vsearch	2957	G	G	181	1	0.54%	2	1	93	93	0.4999999999999138	1	1	98	83	0	1	+CG
H2_BC86_consensus_vsearch	2958	T	T	176	6	3.21%	2	2	93	93	0.014984699466163367	1	1	100	76	2	4	C
H2_BC86_consensus_vsearch	2959	A	A	175	5	2.66%	2	1	93	93	0.030383183914226543	1	1	96	79	5	0	G
H2_BC86_consensus_vsearch	2960	G	G	179	2	1.08%	2	1	93	93	0.24930747922443972	1	1	100	79	0	2	+A
H2_BC86_consensus_vsearch	2961	C	C	178	3	1.6%	2	2	93	93	0.12396121883654573	1	1	100	78	1	2	T
H2_BC86_consensus_vsearch	2962	G	G	183	2	1.06%	2	1	93	93	0.2493224932250014	1	1	102	81	0	2	-CGCG
H2_BC86_consensus_vsearch	2963	C	C	184	2	1.05%	2	1	93	93	0.24932614555250343	1	1	101	83	0	2	T
H2_BC86_consensus_vsearch	2964	G	*/-CG	140	45	23.81%	2	2	93	93	1.344660046557907E-15	1	1	77	63	23	22	-CG
H2_BC86_consensus_vsearch	2965	C	C	138	4	2.76%	2	2	93	93	0.06117726946923817	1	1	78	60	1	3	T
H2_BC86_consensus_vsearch	2966	G	G	133	4	2.76%	2	1	93	93	0.06112890799237677	1	1	74	59	4	0	+A
H2_BC86_consensus_vsearch	2967	T	T	187	2	1.05%	2	2	93	93	0.24933687002661706	1	1	102	85	1	1	A
H2_BC86_consensus_vsearch	2968	G	R	177	7	3.68%	2	1	93	93	0.007371570136883838	1	1	94	83	7	0	A
H2_BC86_consensus_vsearch	2969	C	C	184	3	1.6%	2	2	93	93	0.12399463806966378	1	1	102	82	1	2	T
H2_BC86_consensus_vsearch	2970	G	R	178	8	4.28%	2	1	93	93	0.0036173981471315664	1	1	95	83	8	0	A
H2_BC86_consensus_vsearch	2971	G	G	184	5	2.6%	2	2	93	93	0.030424403183015276	1	1	97	87	4	1	-C
H2_BC86_consensus_vsearch	2972	C	C	185	1	0.54%	2	1	93	93	0.5000000000001412	1	1	99	86	0	1	+T
H2_BC86_consensus_vsearch	2973	C	C	190	1	0.52%	2	1	93	93	0.4999999999999138	1	1	102	88	1	0	T
H2_BC86_consensus_vsearch	2974	C	C	188	2	1.04%	2	1	93	93	0.2493403693931866	1	1	101	87	2	0	+A
H2_BC86_consensus_vsearch	2975	A	A	182	4	2.09%	2	1	93	93	0.061490587951709585	1	1	103	79	0	4	-G
H2_BC86_consensus_vsearch	2976	G	G	185	1	0.54%	2	1	93	93	0.5000000000001412	1	1	103	82	1	0	A
H2_BC86_consensus_vsearch	2977	G	G	191	0	0%	2	0	93	0	1.0	1	0	104	87	0	0	
H2_BC86_consensus_vsearch	2978	A	A	188	3	1.57%	2	2	93	93	0.124015748031514	1	1	103	85	1	2	G
H2_BC86_consensus_vsearch	2979	C	C	190	1	0.52%	2	1	93	93	0.4999999999999138	1	1	104	86	0	1	-AT
H2_BC86_consensus_vsearch	2980	A	A	189	1	0.52%	2	1	93	93	0.5000000000001412	1	1	103	86	0	1	+C
H2_BC86_consensus_vsearch	2981	T	T	184	2	1.05%	2	1	93	93	0.24932614555250343	1	1	98	86	2	0	+C
H2_BC86_consensus_vsearch	2982	C	C	185	3	1.58%	2	2	93	93	0.12399999999998497	1	1	100	85	2	1	-T
H2_BC86_consensus_vsearch	2983	T	T	175	6	3.21%	2	1	93	93	0.01498118209621473	1	1	92	83	6	0	+A
H2_BC86_consensus_vsearch	2984	A	A	184	2	1.07%	2	1	93	93	0.24932614555250343	1	1	100	84	2	0	G
H2_BC86_consensus_vsearch	2985	A	*/-G	175	10	5.24%	2	2	93	93	8.619505923183497E-4	1	1	97	78	6	4	-G
H2_BC86_consensus_vsearch	2986	G	G	179	2	1.1%	2	1	93	93	0.24930747922443972	1	1	96	83	2	0	+A
H2_BC86_consensus_vsearch	2987	G	G	189	1	0.52%	2	1	93	93	0.5000000000001412	1	1	103	86	1	0	+A
H2_BC86_consensus_vsearch	2988	G	G	192	0	0%	2	0	93	0	1.0	1	0	104	88	0	0	
H2_BC86_consensus_vsearch	2989	C	C	190	2	1.04%	2	1	93	93	0.2493472584856949	1	1	104	86	0	2	T
H2_BC86_consensus_vsearch	2990	A	A	190	2	1.04%	2	1	93	93	0.2493472584856949	1	1	104	86	0	2	-T
H2_BC86_consensus_vsearch	2991	T	T	188	1	0.53%	2	1	93	93	0.5000000000001412	1	1	102	86	1	0	+C
H2_BC86_consensus_vsearch	2992	C	C	188	4	2.08%	2	2	93	93	0.061522172652713904	1	1	101	87	3	1	-A
H2_BC86_consensus_vsearch	2993	A	A	180	3	1.6%	2	1	93	93	0.12397260273979696	1	1	97	83	3	0	+C
H2_BC86_consensus_vsearch	2994	C	C	186	1	0.52%	2	1	93	93	0.4999999999999138	1	1	101	85	1	0	+A
H2_BC86_consensus_vsearch	2995	A	A	185	2	1.05%	2	2	93	93	0.24932975871318122	1	1	101	84	1	1	G
H2_BC86_consensus_vsearch	2996	G	G	189	1	0.52%	2	1	93	93	0.5000000000001412	1	1	104	85	0	1	+T
H2_BC86_consensus_vsearch	2997	A	A	184	3	1.57%	2	1	93	93	0.12399463806966378	1	1	101	83	0	3	+C
H2_BC86_consensus_vsearch	2998	C	C	188	1	0.53%	2	1	93	93	0.5000000000001412	1	1	103	85	0	1	+TC
H2_BC86_consensus_vsearch	2999	C	C	189	1	0.52%	2	1	93	93	0.5000000000001412	1	1	102	87	1	0	+A
H2_BC86_consensus_vsearch	3000	T	T	181	6	3.12%	2	2	93	93	0.015001725210740429	1	1	102	79	1	5	A
H2_BC86_consensus_vsearch	3001	G	G	184	4	2.09%	2	2	93	93	0.06150134048256699	1	1	98	86	2	2	-T
H2_BC86_consensus_vsearch	3002	T	T	179	5	2.66%	2	1	93	93	0.03040200067187797	1	1	99	80	0	5	C
H2_BC86_consensus_vsearch	3003	T	*/-A	168	14	7.29%	2	1	93	93	4.707571741372927E-5	1	1	85	83	14	0	-A
H2_BC86_consensus_vsearch	3004	A	A	161	6	3.45%	2	2	93	93	0.014927543821286545	1	1	82	79	3	3	G
H2_BC86_consensus_vsearch	3005	T	K	164	15	8.2%	2	1	93	93	2.247797419768074E-5	1	1	84	80	15	0	G
H2_BC86_consensus_vsearch	3006	T	T	178	4	2.13%	2	2	93	93	0.06146837297681004	1	1	97	81	1	3	C
H2_BC86_consensus_vsearch	3007	G	*/-C	175	12	6.38%	2	2	93	93	2.0349578218661617E-4	1	1	99	76	3	9	-C
H2_BC86_consensus_vsearch	3008	C	C	173	2	1.12%	2	1	93	93	0.24928366762186466	1	1	101	72	0	2	+T
H2_BC86_consensus_vsearch	3009	C	Y	160	12	6.28%	2	2	93	93	2.0017842257399077E-4	1	1	97	63	1	11	T
H2_BC86_consensus_vsearch	3010	A	W	163	8	4.49%	2	1	93	93	0.0035925563072326206	1	1	101	62	0	8	T
H2_BC86_consensus_vsearch	3011	A	*/-G	172	10	5.26%	2	2	93	93	8.601308235378474E-4	1	1	100	72	1	9	-G
H2_BC86_consensus_vsearch	3012	G	G	173	3	1.7%	2	1	93	93	0.12393162393162001	1	1	97	76	3	0	A
H2_BC86_consensus_vsearch	3013	C	C	181	2	1.08%	2	1	93	93	0.24931506849317653	1	1	96	85	2	0	-AC
H2_BC86_consensus_vsearch	3014	A	A	178	4	2.12%	2	1	93	93	0.06146837297681004	1	1	97	81	0	4	+C
H2_BC86_consensus_vsearch	3015	C	C	179	4	2.17%	2	2	93	93	0.061474017887485174	1	1	97	82	2	2	T
H2_BC86_consensus_vsearch	3016	C	*/-T	181	7	3.68%	2	2	93	93	0.007380848803681321	1	1	100	81	2	5	-T
H2_BC86_consensus_vsearch	3017	T	T	177	4	2.17%	2	1	93	93	0.061462665606988216	1	1	97	80	4	0	-C
H2_BC86_consensus_vsearch	3018	C	C	187	0	0%	2	0	93	0	1.0	1	0	100	87	0	0	
H2_BC86_consensus_vsearch	3019	C	C	188	3	1.56%	2	1	93	93	0.124015748031514	1	1	100	88	3	0	-AC
H2_BC86_consensus_vsearch	3020	A	A	183	3	1.6%	2	2	93	93	0.12398921832883274	1	1	98	85	2	1	G
H2_BC86_consensus_vsearch	3021	C	C	185	1	0.53%	2	1	93	93	0.5000000000001412	1	1	100	85	0	1	+T
H2_BC86_consensus_vsearch	3022	G	*/-C	172	14	7.37%	2	2	93	93	4.734944773282747E-5	1	1	91	81	12	2	-C
H2_BC86_consensus_vsearch	3023	C	*/+T	163	10	5.68%	2	1	93	93	8.543079772296276E-4	1	1	90	73	0	10	+T
H2_BC86_consensus_vsearch	3024	C	*/+T	171	12	6.28%	2	1	93	93	2.0266096116243077E-4	1	1	102	69	0	12	+T
H2_BC86_consensus_vsearch	3025	C	*/-T	166	21	10.94%	2	2	93	93	2.6316563117976456E-7	1	1	98	68	4	17	-T
H2_BC86_consensus_vsearch	3026	T	T	158	5	2.96%	2	1	93	93	0.03029292688734866	1	1	91	67	5	0	A
H2_BC86_consensus_vsearch	3027	T	T	184	5	2.63%	2	2	93	93	0.030424403183015276	1	1	102	82	1	4	C
H2_BC86_consensus_vsearch	3028	A	A	189	2	1.04%	2	1	93	93	0.24934383202100482	1	1	103	86	0	2	C
H2_BC86_consensus_vsearch	3029	A	A	185	5	2.6%	2	2	93	93	0.030428742397642147	1	1	100	85	3	2	-C
H2_BC86_consensus_vsearch	3030	C	C	184	2	1.07%	2	1	93	93	0.24932614555250343	1	1	101	83	0	2	T
H2_BC86_consensus_vsearch	3031	C	Y	172	10	5.21%	2	1	93	93	8.601308235378474E-4	1	1	101	71	0	10	T
H2_BC86_consensus_vsearch	3032	G	G	182	2	1.08%	2	1	93	93	0.2493188010900035	1	1	101	81	2	0	A
H2_BC86_consensus_vsearch	3033	G	G	188	3	1.57%	2	2	93	93	0.124015748031514	1	1	103	85	1	2	A
H2_BC86_consensus_vsearch	3034	G	G	191	1	0.52%	2	1	93	93	0.5000000000001412	1	1	104	87	0	1	A
H2_BC86_consensus_vsearch	3035	C	C	190	1	0.52%	2	1	93	93	0.4999999999999138	1	1	102	88	1	0	-G
H2_BC86_consensus_vsearch	3036	G	G	186	1	0.53%	2	1	93	93	0.4999999999999138	1	1	99	87	1	0	+C
H2_BC86_consensus_vsearch	3037	C	C	187	1	0.53%	2	1	93	93	0.4999999999999138	1	1	101	86	0	1	+GC
H2_BC86_consensus_vsearch	3038	C	C	182	6	3.14%	2	2	93	93	0.015005022293196836	1	1	99	83	2	4	T
H2_BC86_consensus_vsearch	3039	G	G	184	3	1.6%	2	1	93	93	0.12399463806966378	1	1	98	86	3	0	A
H2_BC86_consensus_vsearch	3040	G	G	187	3	1.57%	2	2	93	93	0.12401055408976878	1	1	100	87	2	1	-T
H2_BC86_consensus_vsearch	3041	T	*/-C	136	32	17.02%	2	2	93	93	4.553580260870874E-11	1	1	60	76	24	8	-C
H2_BC86_consensus_vsearch	3042	C	C	139	0	0%	2	0	93	0	1.0	1	0	62	77	0	0	
H2_BC86_consensus_vsearch	3043	C	C	170	1	0.58%	2	1	93	93	0.5000000000001412	1	1	85	85	1	0	+GG
H2_BC86_consensus_vsearch	3044	C	Y	163	9	5.14%	2	2	93	93	0.0017543824532390317	1	1	84	79	3	6	T
H2_BC86_consensus_vsearch	3045	C	*/-A	39	130	68.06%	2	2	93	93	1.1402494234043413E-58	1	1	28	11	70	60	-A
H2_BC86_consensus_vsearch	3046	A	W	10	24	48.98%	2	2	93	93	8.720532671909143E-11	1	1	3	7	19	5	T
H2_BC86_consensus_vsearch	3047	A	W	162	10	5.59%	2	2	93	93	8.536248951582895E-4	1	1	94	68	2	8	T
H2_BC86_consensus_vsearch	3048	A	R	170	7	3.78%	2	2	93	93	0.007354335343249384	1	1	102	68	1	6	G
H2_BC86_consensus_vsearch	3049	G	*/+C	170	11	5.82%	2	2	93	93	4.1754670259895105E-4	1	1	100	70	3	8	+C
H2_BC86_consensus_vsearch	3050	G	G	190	1	0.52%	2	1	93	93	0.4999999999999138	1	1	102	88	1	0	+C
H2_BC86_consensus_vsearch	3051	C	*/-G	170	15	7.81%	2	2	93	93	2.2711307620123368E-5	1	1	98	72	4	11	-G
H2_BC86_consensus_vsearch	3052	G	+C/+C	18	148	84.09%	2	2	93	93	1.0097784837801288E-74	1	1	14	4	82	66	+C
H2_BC86_consensus_vsearch	3053	A	M	173	13	6.84%	2	1	93	93	9.825694645134978E-5	1	1	88	85	13	0	C
H2_BC86_consensus_vsearch	3054	A	A	184	3	1.56%	2	1	93	93	0.12399463806966378	1	1	96	88	3	0	+G
H2_BC86_consensus_vsearch	3055	G	*/+A	175	8	4.23%	2	1	93	93	0.0036127494603351348	1	1	87	88	8	0	+A
H2_BC86_consensus_vsearch	3056	A	A	180	3	1.64%	2	2	93	93	0.12397260273979696	1	1	93	87	2	1	+GA
H2_BC86_consensus_vsearch	3057	A	A	187	2	1.05%	2	1	93	93	0.24933687002661706	1	1	99	88	2	0	G
H2_BC86_consensus_vsearch	3058	G	*/-A	177	12	6.32%	2	1	93	93	2.0390075187582733E-4	1	1	90	87	12	0	-A
H2_BC86_consensus_vsearch	3059	A	A	173	3	1.68%	2	1	93	93	0.12393162393162001	1	1	86	87	3	0	+G
H2_BC86_consensus_vsearch	3060	G	G	187	2	1.06%	2	1	93	93	0.24933687002661706	1	1	100	87	2	0	+C
H2_BC86_consensus_vsearch	3061	C	C	188	1	0.52%	2	1	93	93	0.5000000000001412	1	1	102	86	0	1	+G
H2_BC86_consensus_vsearch	3062	G	G	184	2	1.06%	2	1	93	93	0.24932614555250343	1	1	99	85	2	0	-C
H2_BC86_consensus_vsearch	3063	C	C	184	3	1.59%	2	2	93	93	0.12399463806966378	1	1	98	86	1	2	T
H2_BC86_consensus_vsearch	3064	C	*/-GCC	170	10	5.21%	2	2	93	93	8.588852401034393E-4	1	1	98	72	3	7	-GCC
H2_BC86_consensus_vsearch	3065	G	*/-C	161	9	5.08%	2	2	93	93	0.0017521117144003763	1	1	95	66	1	8	-C
H2_BC86_consensus_vsearch	3066	C	C	169	1	0.58%	2	1	93	93	0.5000000000001412	1	1	100	69	0	1	A
H2_BC86_consensus_vsearch	3067	C	C	180	0	0%	2	0	93	0	1.0	1	0	101	79	0	0	
H2_BC86_consensus_vsearch	3068	C	C	184	4	2.11%	2	1	93	93	0.06150134048256699	1	1	104	80	0	4	-TC
H2_BC86_consensus_vsearch	3069	T	T	179	5	2.69%	2	1	93	93	0.03040200067187797	1	1	102	77	0	5	C
H2_BC86_consensus_vsearch	3070	C	C	179	3	1.6%	2	1	93	93	0.12396694214879515	1	1	96	83	3	0	-GA
H2_BC86_consensus_vsearch	3071	G	G	181	2	1.07%	2	1	93	93	0.24931506849317653	1	1	95	86	2	0	-A
H2_BC86_consensus_vsearch	3072	A	A	184	2	1.07%	2	2	93	93	0.24932614555250343	1	1	97	87	1	1	C
H2_BC86_consensus_vsearch	3073	A	A	189	1	0.52%	2	1	93	93	0.5000000000001412	1	1	102	87	1	0	-G
H2_BC86_consensus_vsearch	3074	G	*/-CC	157	13	6.81%	2	1	93	93	9.619448810924289E-5	1	1	70	87	13	0	-CC
H2_BC86_consensus_vsearch	3075	C	C	166	1	0.59%	2	1	93	93	0.4999999999999138	1	1	80	86	0	1	+T
H2_BC86_consensus_vsearch	3076	C	C	171	2	1.12%	2	1	93	93	0.24927536231888334	1	1	86	85	0	2	+T
H2_BC86_consensus_vsearch	3077	C	*/+A	76	82	42.71%	2	2	93	93	1.0835735152772844E-31	1	1	71	5	15	67	+A
H2_BC86_consensus_vsearch	3078	A	A	187	1	0.53%	2	1	93	93	0.4999999999999138	1	1	99	88	1	0	+G
H2_BC86_consensus_vsearch	3079	A	A	190	1	0.52%	2	1	93	93	0.4999999999999138	1	1	102	88	1	0	+G
H2_BC86_consensus_vsearch	3080	A	A	191	1	0.52%	2	1	93	93	0.5000000000001412	1	1	103	88	1	0	-GA
H2_BC86_consensus_vsearch	3081	G	G	189	1	0.52%	2	1	93	93	0.5000000000001412	1	1	102	87	0	1	-A
H2_BC86_consensus_vsearch	3082	A	A	188	1	0.53%	2	1	93	93	0.5000000000001412	1	1	101	87	1	0	+GA
H2_BC86_consensus_vsearch	3083	A	A	188	3	1.56%	2	1	93	93	0.124015748031514	1	1	104	84	0	3	G
H2_BC86_consensus_vsearch	3084	C	C	186	4	2.08%	2	1	93	93	0.061511866352189214	1	1	103	83	0	4	T
H2_BC86_consensus_vsearch	3085	A	A	188	2	1.04%	2	1	93	93	0.2493403693931866	1	1	100	88	2	0	G
H2_BC86_consensus_vsearch	3086	T	T	185	5	2.6%	2	1	93	93	0.030428742397642147	1	1	98	87	5	0	+A
H2_BC86_consensus_vsearch	3087	G	*/-A	165	20	10.42%	2	2	93	93	5.544412146053624E-7	1	1	80	85	19	1	-A
H2_BC86_consensus_vsearch	3088	A	*/-GGGA	107	29	17.37%	2	1	93	93	3.5022723791410785E-10	1	1	29	78	29	0	-GGGA
H2_BC86_consensus_vsearch	3089	G	G	135	1	0.73%	2	1	93	93	0.5000000000001412	1	1	53	82	0	1	+AG
H2_BC86_consensus_vsearch	3090	G	G	160	2	1.23%	2	1	93	93	0.24922600619195118	1	1	72	88	2	0	A
H2_BC86_consensus_vsearch	3091	G	G	157	2	1.23%	2	2	93	93	0.24921135646688614	1	1	72	85	1	1	-A
H2_BC86_consensus_vsearch	3092	A	A	159	0	0%	2	0	93	0	1.0	1	0	72	87	0	0	
H2_BC86_consensus_vsearch	3093	A	A	188	1	0.53%	2	1	93	93	0.5000000000001412	1	1	101	87	0	1	G
H2_BC86_consensus_vsearch	3094	A	A	187	2	1.05%	2	2	93	93	0.24933687002661706	1	1	100	87	1	1	G
H2_BC86_consensus_vsearch	3095	C	C	189	1	0.52%	2	1	93	93	0.5000000000001412	1	1	102	87	1	0	+A
H2_BC86_consensus_vsearch	3096	G	R	166	23	12.11%	2	1	93	93	5.8482802600091984E-8	1	1	79	87	23	0	A
H2_BC86_consensus_vsearch	3097	G	G	192	0	0%	2	0	93	0	1.0	1	0	104	88	0	0	
H2_BC86_consensus_vsearch	3098	C	C	188	2	1.04%	2	2	93	93	0.2493403693931866	1	1	101	87	1	1	-G
H2_BC86_consensus_vsearch	3099	G	G	185	2	1.06%	2	2	93	93	0.24932975871318122	1	1	99	86	1	1	-C
H2_BC86_consensus_vsearch	3100	C	C	183	2	1.06%	2	2	93	93	0.2493224932250014	1	1	99	84	1	1	T
H2_BC86_consensus_vsearch	3101	C	*/-A	179	7	3.65%	2	2	93	93	0.007376258791632204	1	1	97	82	6	1	-A
H2_BC86_consensus_vsearch	3102	A	A	185	0	0%	2	0	93	0	1.0	1	0	98	87	0	0	
H2_BC86_consensus_vsearch	3103	A	A	181	6	3.12%	2	1	93	93	0.015001725210740429	1	1	94	87	6	0	G
H2_BC86_consensus_vsearch	3104	C	C	177	6	3.21%	2	1	93	93	0.014988178616270897	1	1	91	86	6	0	G
H2_BC86_consensus_vsearch	3105	C	*/-TT	168	12	6.25%	2	2	93	93	2.0201205851976917E-4	1	1	92	76	11	1	-TT
H2_BC86_consensus_vsearch	3106	T	T	168	3	1.73%	2	2	93	93	0.12390029325511762	1	1	89	79	2	1	C
H2_BC86_consensus_vsearch	3107	T	T	171	4	2.22%	2	1	93	93	0.061427049701525516	1	1	89	82	0	4	-G
H2_BC86_consensus_vsearch	3108	G	R	171	14	7.45%	2	1	93	93	4.728202054249692E-5	1	1	89	82	14	0	A
H2_BC86_consensus_vsearch	3109	G	G	188	2	1.04%	2	1	93	93	0.2493403693931866	1	1	100	88	2	0	+A
H2_BC86_consensus_vsearch	3110	G	G	191	1	0.52%	2	1	93	93	0.5000000000001412	1	1	104	87	0	1	T
H2_BC86_consensus_vsearch	3111	T	T	188	2	1.04%	2	1	93	93	0.2493403693931866	1	1	101	87	2	0	+C
H2_BC86_consensus_vsearch	3112	C	C	188	3	1.56%	2	2	93	93	0.124015748031514	1	1	102	86	1	2	-T
H2_BC86_consensus_vsearch	3113	T	T	184	2	1.06%	2	1	93	93	0.24932614555250343	1	1	100	84	2	0	+C
H2_BC86_consensus_vsearch	3114	C	C	191	0	0%	2	0	93	0	1.0	1	0	103	88	0	0	
H2_BC86_consensus_vsearch	3115	G	R	180	10	5.21%	2	1	93	93	8.648604879212406E-4	1	1	93	87	10	0	A
H2_BC86_consensus_vsearch	3116	G	G	192	0	0%	2	0	93	0	1.0	1	0	104	88	0	0	
H2_BC86_consensus_vsearch	3117	T	T	187	2	1.04%	2	1	93	93	0.24933687002661706	1	1	103	84	0	2	-C
H2_BC86_consensus_vsearch	3118	C	C	187	1	0.53%	2	1	93	93	0.4999999999999138	1	1	101	86	1	0	-T
H2_BC86_consensus_vsearch	3119	T	T	183	3	1.58%	2	1	93	93	0.12398921832883274	1	1	102	81	0	3	-C
H2_BC86_consensus_vsearch	3120	C	C	179	4	2.13%	2	2	93	93	0.061474017887485174	1	1	102	77	1	3	-G
H2_BC86_consensus_vsearch	3121	G	G	185	2	1.06%	2	1	93	93	0.24932975871318122	1	1	103	82	0	2	A
H2_BC86_consensus_vsearch	3122	C	C	189	3	1.56%	2	1	93	93	0.12402088772842607	1	1	104	85	0	3	+T
H2_BC86_consensus_vsearch	3123	T	T	187	5	2.6%	2	1	93	93	0.030437285417662132	1	1	104	83	0	5	-C
H2_BC86_consensus_vsearch	3124	C	C	182	1	0.53%	2	1	93	93	0.4999999999999138	1	1	102	80	0	1	+T
H2_BC86_consensus_vsearch	3125	G	G	190	1	0.52%	2	1	93	93	0.4999999999999138	1	1	102	88	1	0	A
H2_BC86_consensus_vsearch	3126	T	T	191	1	0.52%	2	1	93	93	0.5000000000001412	1	1	103	88	1	0	A
H2_BC86_consensus_vsearch	3127	T	T	190	1	0.52%	2	1	93	93	0.4999999999999138	1	1	103	87	0	1	+G
H2_BC86_consensus_vsearch	3128	A	A	190	2	1.04%	2	2	93	93	0.2493472584856949	1	1	103	87	1	1	G
H2_BC86_consensus_vsearch	3129	T	T	189	2	1.04%	2	1	93	93	0.24934383202100482	1	1	101	88	2	0	+C
H2_BC86_consensus_vsearch	3130	C	C	183	4	2.09%	2	1	93	93	0.061495993004889796	1	1	99	84	4	0	+A
H2_BC86_consensus_vsearch	3131	G	G	187	1	0.53%	2	1	93	93	0.4999999999999138	1	1	103	84	1	0	+A
H2_BC86_consensus_vsearch	3132	G	G	190	2	1.04%	2	1	93	93	0.2493472584856949	1	1	102	88	2	0	-A
H2_BC86_consensus_vsearch	3133	A	A	189	1	0.53%	2	1	93	93	0.5000000000001412	1	1	101	88	1	0	+G
H2_BC86_consensus_vsearch	3134	A	A	191	1	0.52%	2	1	93	93	0.5000000000001412	1	1	104	87	0	1	+C
H2_BC86_consensus_vsearch	3135	T	T	191	1	0.52%	2	1	93	93	0.5000000000001412	1	1	104	87	0	1	-C
H2_BC86_consensus_vsearch	3136	C	C	186	2	1.05%	2	1	93	93	0.24933333333336263	1	1	102	84	0	2	+A
H2_BC86_consensus_vsearch	3137	A	A	188	1	0.53%	2	1	93	93	0.5000000000001412	1	1	102	86	0	1	G
H2_BC86_consensus_vsearch	3138	A	A	187	3	1.57%	2	1	93	93	0.12401055408976878	1	1	101	86	3	0	-C
H2_BC86_consensus_vsearch	3139	C	C	184	2	1.06%	2	1	93	93	0.24932614555250343	1	1	98	86	2	0	G
H2_BC86_consensus_vsearch	3140	C	C	189	1	0.52%	2	1	93	93	0.5000000000001412	1	1	101	88	1	0	+A
H2_BC86_consensus_vsearch	3141	A	A	189	2	1.04%	2	2	93	93	0.24934383202100482	1	1	102	87	1	1	+G
H2_BC86_consensus_vsearch	3142	G	G	190	1	0.52%	2	1	93	93	0.4999999999999138	1	1	102	88	1	0	A
H2_BC86_consensus_vsearch	3143	A	A	185	4	2.08%	2	1	93	93	0.061506631299724945	1	1	98	87	4	0	+C
H2_BC86_consensus_vsearch	3144	C	C	190	1	0.52%	2	1	93	93	0.4999999999999138	1	1	103	87	0	1	+A
H2_BC86_consensus_vsearch	3145	A	A	191	1	0.52%	2	1	93	93	0.5000000000001412	1	1	103	88	1	0	G
H2_BC86_consensus_vsearch	3146	A	A	190	1	0.52%	2	1	93	93	0.4999999999999138	1	1	102	88	1	0	-G
H2_BC86_consensus_vsearch	3147	G	G	189	2	1.05%	2	1	93	93	0.24934383202100482	1	1	101	88	2	0	A
H2_BC86_consensus_vsearch	3148	T	T	190	1	0.52%	2	1	93	93	0.4999999999999138	1	1	102	88	1	0	-C
H2_BC86_consensus_vsearch	3149	C	C	186	2	1.05%	2	2	93	93	0.24933333333336263	1	1	100	86	1	1	T
H2_BC86_consensus_vsearch	3150	A	*/-C	161	27	14.21%	2	2	93	93	2.7265525784039436E-9	1	1	79	82	22	5	-C
H2_BC86_consensus_vsearch	3151	C	C	157	5	3.07%	2	1	93	93	0.030287028731803278	1	1	80	77	0	5	+T
H2_BC86_consensus_vsearch	3152	C	C	187	2	1.05%	2	1	93	93	0.24933687002661706	1	1	102	85	0	2	T
H2_BC86_consensus_vsearch	3153	C	C	186	2	1.05%	2	2	93	93	0.24933333333336263	1	1	101	85	1	1	T
H2_BC86_consensus_vsearch	3154	C	C	185	3	1.57%	2	1	93	93	0.12399999999998497	1	1	101	84	0	3	A
H2_BC86_consensus_vsearch	3155	A	A	182	4	2.11%	2	1	93	93	0.061490587951709585	1	1	99	83	0	4	+T
H2_BC86_consensus_vsearch	3156	C	Y	179	7	3.66%	2	2	93	93	0.007376258791632204	1	1	96	83	3	4	T
H2_BC86_consensus_vsearch	3157	G	G	187	3	1.56%	2	1	93	93	0.12401055408976878	1	1	100	87	3	0	-A
H2_BC86_consensus_vsearch	3158	A	A	188	1	0.53%	2	1	93	93	0.5000000000001412	1	1	100	88	1	0	+C
H2_BC86_consensus_vsearch	3159	A	A	187	3	1.56%	2	1	93	93	0.12401055408976878	1	1	100	87	3	0	-C
H2_BC86_consensus_vsearch	3160	C	C	187	1	0.53%	2	1	93	93	0.4999999999999138	1	1	100	87	0	1	+T
H2_BC86_consensus_vsearch	3161	T	Y	164	19	9.95%	2	1	93	93	1.1657868627616437E-6	1	1	96	68	0	19	C
H2_BC86_consensus_vsearch	3162	A	A	183	1	0.54%	2	1	93	93	0.4999999999999138	1	1	96	87	0	1	C
H2_BC86_consensus_vsearch	3163	A	A	189	1	0.52%	2	1	93	93	0.5000000000001412	1	1	101	88	1	0	-G
H2_BC86_consensus_vsearch	3164	G	G	189	1	0.52%	2	1	93	93	0.5000000000001412	1	1	102	87	0	1	+A
H2_BC86_consensus_vsearch	3165	A	A	192	0	0%	2	0	93	0	1.0	1	0	104	88	0	0	
H2_BC86_consensus_vsearch	3166	A	A	189	3	1.56%	2	1	93	93	0.12402088772842607	1	1	101	88	3	0	G
H2_BC86_consensus_vsearch	3167	C	C	184	3	1.56%	2	2	93	93	0.12399463806966378	1	1	97	87	2	1	-G
H2_BC86_consensus_vsearch	3168	G	G	181	5	2.65%	2	2	93	93	0.030411105997849117	1	1	95	86	4	1	A
H2_BC86_consensus_vsearch	3169	G	G	185	2	1.04%	2	1	93	93	0.24932975871318122	1	1	97	88	2	0	-C
H2_BC86_consensus_vsearch	3170	C	C	187	2	1.05%	2	1	93	93	0.24933687002661706	1	1	100	87	2	0	A
H2_BC86_consensus_vsearch	3171	C	Y	174	16	8.33%	2	2	93	93	1.0977404172357244E-5	1	1	100	74	2	14	T
H2_BC86_consensus_vsearch	3172	A	A	184	2	1.05%	2	1	93	93	0.24932614555250343	1	1	98	86	0	2	-TG
H2_BC86_consensus_vsearch	3173	T	T	184	4	2.13%	2	1	93	93	0.06150134048256699	1	1	98	86	4	0	-GC
H2_BC86_consensus_vsearch	3174	G	G	182	2	1.08%	2	1	93	93	0.2493188010900035	1	1	97	85	2	0	A
H2_BC86_consensus_vsearch	3175	C	C	179	5	2.69%	2	1	93	93	0.03040200067187797	1	1	93	86	5	0	-AC
H2_BC86_consensus_vsearch	3176	A	A	183	1	0.54%	2	1	93	93	0.4999999999999138	1	1	96	87	0	1	+T
H2_BC86_consensus_vsearch	3177	C	C	185	1	0.54%	2	1	93	93	0.5000000000001412	1	1	98	87	0	1	T
H2_BC86_consensus_vsearch	3178	C	C	185	3	1.56%	2	1	93	93	0.12399999999998497	1	1	98	87	3	0	-AC
H2_BC86_consensus_vsearch	3179	A	A	185	3	1.6%	2	1	93	93	0.12399999999998497	1	1	97	88	3	0	-C
H2_BC86_consensus_vsearch	3180	C	C	184	2	1.08%	2	1	93	93	0.24932614555250343	1	1	98	86	0	2	+T
H2_BC86_consensus_vsearch	3181	C	C	187	3	1.56%	2	1	93	93	0.12401055408976878	1	1	101	86	3	0	T
H2_BC86_consensus_vsearch	3182	A	*/-C	179	8	4.21%	2	2	93	93	0.0036189151712300786	1	1	99	80	3	5	-C
H2_BC86_consensus_vsearch	3183	C	C	180	2	1.1%	2	1	93	93	0.24931129476584768	1	1	99	81	2	0	+AC
H2_BC86_consensus_vsearch	3184	C	C	188	1	0.53%	2	1	93	93	0.5000000000001412	1	1	103	85	1	0	+G
H2_BC86_consensus_vsearch	3185	C	C	185	6	3.12%	2	1	93	93	0.01501470753479516	1	1	104	81	0	6	T
H2_BC86_consensus_vsearch	3186	A	A	186	2	1.05%	2	2	93	93	0.24933333333336263	1	1	100	86	1	1	G
H2_BC86_consensus_vsearch	3187	T	T	188	2	1.05%	2	1	93	93	0.2493403693931866	1	1	101	87	2	0	C
H2_BC86_consensus_vsearch	3188	G	G	189	3	1.56%	2	2	93	93	0.12402088772842607	1	1	103	86	1	2	-A
H2_BC86_consensus_vsearch	3189	A	*/-GA	163	20	10.58%	2	1	93	93	5.509770763485454E-7	1	1	100	63	0	20	-GA
H2_BC86_consensus_vsearch	3190	G	G	168	1	0.59%	2	1	93	93	0.4999999999999138	1	1	102	66	0	1	+CCT
H2_BC86_consensus_vsearch	3191	A	A	167	2	1.16%	2	1	93	93	0.24925816023740685	1	1	103	64	0	2	C
H2_BC86_consensus_vsearch	3192	T	T	188	2	1.04%	2	1	93	93	0.2493403693931866	1	1	103	85	0	2	A
H2_BC86_consensus_vsearch	3193	C	C	185	3	1.56%	2	1	93	93	0.12399999999998497	1	1	101	84	3	0	+GC
H2_BC86_consensus_vsearch	3194	A	A	181	4	2.08%	2	1	93	93	0.06148512438803467	1	1	99	82	0	4	G
H2_BC86_consensus_vsearch	3195	T	T	175	6	3.17%	2	2	93	93	0.01498118209621473	1	1	98	77	1	5	C
H2_BC86_consensus_vsearch	3196	G	*/-A	170	11	5.76%	2	1	93	93	4.1754670259895105E-4	1	1	88	82	11	0	-A
H2_BC86_consensus_vsearch	3197	A	A	174	3	1.69%	2	2	93	93	0.12393767705382001	1	1	87	87	2	1	G
H2_BC86_consensus_vsearch	3198	A	A	187	1	0.53%	2	1	93	93	0.4999999999999138	1	1	99	88	1	0	+G
H2_BC86_consensus_vsearch	3199	A	A	187	2	1.05%	2	2	93	93	0.24933687002661706	1	1	101	86	1	1	G
H2_BC86_consensus_vsearch	3200	G	G	190	1	0.52%	2	1	93	93	0.4999999999999138	1	1	102	88	1	0	+A
H2_BC86_consensus_vsearch	3201	A	A	190	2	1.04%	2	1	93	93	0.2493472584856949	1	1	102	88	2	0	G
H2_BC86_consensus_vsearch	3202	T	T	189	3	1.56%	2	1	93	93	0.12402088772842607	1	1	101	88	3	0	+C
H2_BC86_consensus_vsearch	3203	C	C	190	2	1.04%	2	1	93	93	0.2493472584856949	1	1	104	86	0	2	+T
H2_BC86_consensus_vsearch	3204	T	T	185	3	1.56%	2	2	93	93	0.12399999999998497	1	1	101	84	1	2	C
H2_BC86_consensus_vsearch	3205	G	G	188	2	1.05%	2	1	93	93	0.2493403693931866	1	1	101	87	2	0	A
H2_BC86_consensus_vsearch	3206	T	T	188	2	1.05%	2	2	93	93	0.2493403693931866	1	1	102	86	1	1	C
H2_BC86_consensus_vsearch	3207	C	C	189	2	1.04%	2	1	93	93	0.24934383202100482	1	1	104	85	0	2	-AT
H2_BC86_consensus_vsearch	3208	A	A	183	5	2.65%	2	1	93	93	0.030420017873106126	1	1	104	79	0	5	+G
H2_BC86_consensus_vsearch	3209	T	T	182	5	2.63%	2	1	93	93	0.030415585729470396	1	1	102	80	0	5	C
H2_BC86_consensus_vsearch	3210	G	G	185	3	1.57%	2	1	93	93	0.12399999999998497	1	1	102	83	0	3	+T
H2_BC86_consensus_vsearch	3211	T	T	187	3	1.57%	2	1	93	93	0.12401055408976878	1	1	102	85	0	3	C
H2_BC86_consensus_vsearch	3212	C	C	187	4	2.08%	2	1	93	93	0.06151704651694607	1	1	103	84	0	4	-T
H2_BC86_consensus_vsearch	3213	T	T	185	3	1.6%	2	2	93	93	0.12399999999998497	1	1	103	82	1	2	C
H2_BC86_consensus_vsearch	3214	G	G	189	1	0.52%	2	1	93	93	0.5000000000001412	1	1	102	87	1	0	+C
H2_BC86_consensus_vsearch	3215	T	T	184	5	2.6%	2	1	93	93	0.030424403183015276	1	1	97	87	5	0	+C
H2_BC86_consensus_vsearch	3216	C	C	188	1	0.52%	2	1	93	93	0.5000000000001412	1	1	103	85	0	1	+G
H2_BC86_consensus_vsearch	3217	A	A	189	1	0.52%	2	1	93	93	0.5000000000001412	1	1	102	87	0	1	+TA
H2_BC86_consensus_vsearch	3218	A	A	187	2	1.04%	2	1	93	93	0.24933687002661706	1	1	103	84	0	2	-T
H2_BC86_consensus_vsearch	3219	T	*/-C	158	17	8.99%	2	2	93	93	5.0735812454419365E-6	1	1	75	83	15	2	-C
H2_BC86_consensus_vsearch	3220	C	C	174	0	0%	2	0	93	0	1.0	1	0	89	85	0	0	
H2_BC86_consensus_vsearch	3221	C	C	187	3	1.56%	2	1	93	93	0.12401055408976878	1	1	104	83	0	3	-T
H2_BC86_consensus_vsearch	3222	T	T	187	1	0.53%	2	1	93	93	0.4999999999999138	1	1	103	84	1	0	-A
H2_BC86_consensus_vsearch	3223	A	A	189	2	1.05%	2	1	93	93	0.24934383202100482	1	1	103	86	0	2	C
H2_BC86_consensus_vsearch	3224	A	A	190	1	0.52%	2	1	93	93	0.4999999999999138	1	1	103	87	0	1	+C
H2_BC86_consensus_vsearch	3225	T	T	187	3	1.56%	2	1	93	93	0.12401055408976878	1	1	102	85	0	3	C
H2_BC86_consensus_vsearch	3226	C	C	189	1	0.52%	2	1	93	93	0.5000000000001412	1	1	103	86	1	0	+A
H2_BC86_consensus_vsearch	3227	A	A	187	2	1.04%	2	2	93	93	0.24933687002661706	1	1	102	85	1	1	+CA
H2_BC86_consensus_vsearch	3228	T	T	189	2	1.04%	2	1	93	93	0.24934383202100482	1	1	104	85	0	2	C
H2_BC86_consensus_vsearch	3229	G	G	191	1	0.52%	2	1	93	93	0.5000000000001412	1	1	103	88	1	0	A
H2_BC86_consensus_vsearch	3230	T	T	187	3	1.56%	2	1	93	93	0.12401055408976878	1	1	100	87	3	0	-C
H2_BC86_consensus_vsearch	3231	C	C	189	0	0%	2	0	93	0	1.0	1	0	101	88	0	0	
H2_BC86_consensus_vsearch	3232	C	C	190	2	1.04%	2	1	93	93	0.2493472584856949	1	1	104	86	0	2	+T
H2_BC86_consensus_vsearch	3233	T	Y	172	16	8.33%	2	2	93	93	1.0937341599623022E-5	1	1	102	70	1	15	C
H2_BC86_consensus_vsearch	3234	G	*/-C	174	15	7.81%	2	2	93	93	2.285953945782884E-5	1	1	88	86	14	1	-C
H2_BC86_consensus_vsearch	3235	C	C	174	2	1.13%	2	1	93	93	0.24928774928777736	1	1	90	84	0	2	+T
H2_BC86_consensus_vsearch	3236	C	C	192	0	0%	2	0	93	0	1.0	1	0	104	88	0	0	
H2_BC86_consensus_vsearch	3237	C	C	191	1	0.52%	2	1	93	93	0.5000000000001412	1	1	103	88	1	0	-T
H2_BC86_consensus_vsearch	3238	T	T	184	3	1.57%	2	1	93	93	0.12399463806966378	1	1	103	81	0	3	+G
H2_BC86_consensus_vsearch	3239	G	G	184	5	2.63%	2	1	93	93	0.030424403183015276	1	1	99	85	5	0	+A
H2_BC86_consensus_vsearch	3240	G	G	191	1	0.52%	2	1	93	93	0.5000000000001412	1	1	104	87	0	1	-TG
H2_BC86_consensus_vsearch	3241	T	T	188	2	1.05%	2	1	93	93	0.2493403693931866	1	1	101	87	2	0	+A
H2_BC86_consensus_vsearch	3242	G	G	186	3	1.57%	2	1	93	93	0.1240053050397967	1	1	99	87	3	0	-A
H2_BC86_consensus_vsearch	3243	A	A	184	3	1.59%	2	1	93	93	0.12399463806966378	1	1	96	88	3	0	-G
H2_BC86_consensus_vsearch	3244	G	G	188	1	0.53%	2	1	93	93	0.5000000000001412	1	1	100	88	1	0	A
H2_BC86_consensus_vsearch	3245	C	C	191	1	0.52%	2	1	93	93	0.5000000000001412	1	1	104	87	0	1	-T
H2_BC86_consensus_vsearch	3246	T	T	187	4	2.09%	2	1	93	93	0.06151704651694607	1	1	104	83	0	4	C
H2_BC86_consensus_vsearch	3247	T	*/-C	139	48	25%	2	2	93	93	1.1087034629420567E-16	1	1	90	49	11	37	-C
H2_BC86_consensus_vsearch	3248	C	C	143	1	0.69%	2	1	93	93	0.5000000000001412	1	1	93	50	0	1	T
H2_BC86_consensus_vsearch	3249	C	C	192	0	0%	2	0	93	0	1.0	1	0	104	88	0	0	
H2_BC86_consensus_vsearch	3250	C	C	192	0	0%	2	0	93	0	1.0	1	0	104	88	0	0	
H2_BC86_consensus_vsearch	3251	C	C	186	3	1.56%	2	1	93	93	0.1240053050397967	1	1	104	82	0	3	+T
H2_BC86_consensus_vsearch	3252	G	G	192	0	0%	2	0	93	0	1.0	1	0	104	88	0	0	
H2_BC86_consensus_vsearch	3253	T	T	191	1	0.52%	2	1	93	93	0.5000000000001412	1	1	104	87	0	1	-GT
H2_BC86_consensus_vsearch	3254	G	G	190	1	0.52%	2	1	93	93	0.4999999999999138	1	1	104	86	0	1	+C
H2_BC86_consensus_vsearch	3255	T	T	187	3	1.57%	2	1	93	93	0.12401055408976878	1	1	103	84	0	3	C
H2_BC86_consensus_vsearch	3256	T	T	180	5	2.6%	2	2	93	93	0.030406577907750046	1	1	96	84	2	3	+G
H2_BC86_consensus_vsearch	3257	G	G	185	2	1.05%	2	1	93	93	0.24932975871318122	1	1	97	88	2	0	-A
H2_BC86_consensus_vsearch	3258	A	A	183	5	2.63%	2	1	93	93	0.030420017873106126	1	1	96	87	5	0	+G
H2_BC86_consensus_vsearch	3259	G	G	187	1	0.53%	2	1	93	93	0.4999999999999138	1	1	102	85	0	1	+AG
H2_BC86_consensus_vsearch	3260	T	T	189	1	0.53%	2	1	93	93	0.5000000000001412	1	1	103	86	1	0	+G
H2_BC86_consensus_vsearch	3261	C	*/-A	168	17	8.85%	2	2	93	93	5.192137088615319E-6	1	1	101	67	1	16	-A
H2_BC86_consensus_vsearch	3262	A	A	165	3	1.75%	2	2	93	93	0.1238805970149032	1	1	100	65	2	1	G
H2_BC86_consensus_vsearch	3263	A	A	184	1	0.53%	2	1	93	93	0.4999999999999138	1	1	102	82	0	1	+C
H2_BC86_consensus_vsearch	3264	A	A	185	4	2.08%	2	1	93	93	0.061506631299724945	1	1	104	81	0	4	C
H2_BC86_consensus_vsearch	3265	T	Y	182	8	4.19%	2	2	93	93	0.003623372158916335	1	1	102	80	1	7	C
H2_BC86_consensus_vsearch	3266	T	*/-AA	149	31	16.15%	2	1	93	93	1.1331946940625832E-10	1	1	103	46	0	31	-AA
H2_BC86_consensus_vsearch	3267	A	A	153	4	2.53%	2	2	93	93	0.06130384311146031	1	1	102	51	1	3	G
H2_BC86_consensus_vsearch	3268	A	A	154	3	1.89%	2	1	93	93	0.1238019169328877	1	1	103	51	0	3	G
H2_BC86_consensus_vsearch	3269	G	*/+C	177	7	3.68%	2	2	93	93	0.007371570136883838	1	1	93	84	6	1	+C
H2_BC86_consensus_vsearch	3270	C	C	186	1	0.53%	2	1	93	93	0.4999999999999138	1	1	102	84	0	1	+TTCCT
H2_BC86_consensus_vsearch	3271	C	Y	165	15	7.89%	2	1	93	93	2.2517818669553618E-5	1	1	94	71	0	15	T
H2_BC86_consensus_vsearch	3272	G	S	179	8	4.19%	2	1	93	93	0.0036189151712300786	1	1	92	87	8	0	C
H2_BC86_consensus_vsearch	3273	C	C	187	2	1.05%	2	1	93	93	0.24933687002661706	1	1	100	87	2	0	G
H2_BC86_consensus_vsearch	3274	A	A	182	4	2.11%	2	2	93	93	0.061490587951709585	1	1	98	84	3	1	G
H2_BC86_consensus_vsearch	3275	G	G	186	1	0.53%	2	1	93	93	0.4999999999999138	1	1	101	85	0	1	+T
H2_BC86_consensus_vsearch	3276	G	G	190	1	0.52%	2	1	93	93	0.4999999999999138	1	1	104	86	0	1	-C
H2_BC86_consensus_vsearch	3277	C	C	186	3	1.57%	2	2	93	93	0.1240053050397967	1	1	102	84	1	2	T
H2_BC86_consensus_vsearch	3278	T	T	186	2	1.05%	2	2	93	93	0.24933333333336263	1	1	100	86	1	1	-C
H2_BC86_consensus_vsearch	3279	C	C	189	1	0.53%	2	1	93	93	0.5000000000001412	1	1	103	86	0	1	T
H2_BC86_consensus_vsearch	3280	C	*/-AC	165	22	11.46%	2	2	93	93	1.2375494270767457E-7	1	1	79	86	21	1	-AC
H2_BC86_consensus_vsearch	3281	A	A	160	3	1.81%	2	1	93	93	0.1238461538461169	1	1	74	86	3	0	G
H2_BC86_consensus_vsearch	3282	C	C	165	2	1.19%	2	2	93	93	0.24924924924929934	1	1	80	85	1	1	T
H2_BC86_consensus_vsearch	3283	G	G	188	1	0.53%	2	1	93	93	0.5000000000001412	1	1	101	87	0	1	+C
H2_BC86_consensus_vsearch	3284	C	C	187	1	0.53%	2	1	93	93	0.4999999999999138	1	1	101	86	0	1	+T
H2_BC86_consensus_vsearch	3285	C	C	191	0	0%	2	0	93	0	1.0	1	0	103	88	0	0	
H2_BC86_consensus_vsearch	3286	T	T	187	2	1.04%	2	1	93	93	0.24933687002661706	1	1	103	84	0	2	C
H2_BC86_consensus_vsearch	3287	G	R	169	21	10.99%	2	2	93	93	2.6579218220022787E-7	1	1	83	86	20	1	A
H2_BC86_consensus_vsearch	3288	G	G	186	3	1.56%	2	2	93	93	0.1240053050397967	1	1	99	87	2	1	A
H2_BC86_consensus_vsearch	3289	T	Y	182	8	4.21%	2	1	93	93	0.003623372158916335	1	1	102	80	0	8	C
H2_BC86_consensus_vsearch	3290	T	*/+A	177	14	7.29%	2	1	93	93	4.76769575020497E-5	1	1	90	87	14	0	+A
H2_BC86_consensus_vsearch	3291	G	K	176	14	7.29%	2	1	93	93	4.7612708551473615E-5	1	1	90	86	14	0	T
H2_BC86_consensus_vsearch	3292	T	T	190	1	0.52%	2	1	93	93	0.4999999999999138	1	1	103	87	0	1	A
H2_BC86_consensus_vsearch	3293	G	*/-C	177	8	4.17%	2	2	93	93	0.0036158650264919274	1	1	99	78	3	5	-C
H2_BC86_consensus_vsearch	3294	C	C	179	4	2.17%	2	1	93	93	0.061474017887485174	1	1	101	78	0	4	+T
H2_BC86_consensus_vsearch	3295	C	C	186	4	2.08%	2	1	93	93	0.061511866352189214	1	1	104	82	0	4	+T
H2_BC86_consensus_vsearch	3296	C	C	191	1	0.52%	2	1	93	93	0.5000000000001412	1	1	104	87	0	1	+T
H2_BC86_consensus_vsearch	3297	T	T	190	1	0.52%	2	1	93	93	0.4999999999999138	1	1	103	87	0	1	+CT
H2_BC86_consensus_vsearch	3298	T	T	183	5	2.6%	2	2	93	93	0.030420017873106126	1	1	99	84	3	2	-C
H2_BC86_consensus_vsearch	3299	C	C	184	2	1.07%	2	1	93	93	0.24932614555250343	1	1	98	86	2	0	+A
H2_BC86_consensus_vsearch	3300	C	C	190	2	1.04%	2	1	93	93	0.2493472584856949	1	1	102	88	2	0	A
H2_BC86_consensus_vsearch	3301	G	G	188	2	1.04%	2	1	93	93	0.2493403693931866	1	1	102	86	2	0	A
H2_BC86_consensus_vsearch	3302	T	T	189	2	1.05%	2	1	93	93	0.24934383202100482	1	1	102	87	2	0	+C
H2_BC86_consensus_vsearch	3303	C	C	188	2	1.04%	2	2	93	93	0.2493403693931866	1	1	102	86	1	1	-A
H2_BC86_consensus_vsearch	3304	A	A	186	1	0.53%	2	1	93	93	0.4999999999999138	1	1	101	85	1	0	+G
H2_BC86_consensus_vsearch	3305	A	A	189	1	0.52%	2	1	93	93	0.5000000000001412	1	1	104	85	0	1	-T
H2_BC86_consensus_vsearch	3306	T	T	188	1	0.53%	2	1	93	93	0.5000000000001412	1	1	103	85	1	0	C
H2_BC86_consensus_vsearch	3307	T	T	184	4	2.09%	2	2	93	93	0.06150134048256699	1	1	103	81	1	3	+C
H2_BC86_consensus_vsearch	3308	C	C	189	1	0.53%	2	1	93	93	0.5000000000001412	1	1	103	86	1	0	T
H2_BC86_consensus_vsearch	3309	C	C	187	2	1.05%	2	2	93	93	0.24933687002661706	1	1	102	85	1	1	-T
H2_BC86_consensus_vsearch	3310	T	T	190	0	0%	2	0	93	0	1.0	1	0	103	87	0	0	
H2_BC86_consensus_vsearch	3311	T	T	190	1	0.52%	2	1	93	93	0.4999999999999138	1	1	102	88	1	0	+C
H2_BC86_consensus_vsearch	3312	T	T	187	2	1.04%	2	2	93	93	0.24933687002661706	1	1	101	86	1	1	-A
H2_BC86_consensus_vsearch	3313	A	A	184	3	1.59%	2	2	93	93	0.12399463806966378	1	1	100	84	1	2	G
H2_BC86_consensus_vsearch	3314	A	A	189	2	1.05%	2	1	93	93	0.24934383202100482	1	1	104	85	0	2	G
H2_BC86_consensus_vsearch	3315	G	G	185	5	2.6%	2	1	93	93	0.030428742397642147	1	1	97	88	5	0	+T
H2_BC86_consensus_vsearch	3316	T	T	185	4	2.11%	2	1	93	93	0.061506631299724945	1	1	102	83	0	4	C
H2_BC86_consensus_vsearch	3317	T	T	191	1	0.52%	2	1	93	93	0.5000000000001412	1	1	104	87	0	1	+C
H2_BC86_consensus_vsearch	3318	T	T	186	4	2.08%	2	2	93	93	0.061511866352189214	1	1	102	84	1	3	+C
H2_BC86_consensus_vsearch	3319	C	C	186	5	2.62%	2	1	93	93	0.030433036239869853	1	1	103	83	0	5	G
H2_BC86_consensus_vsearch	3320	A	A	186	4	2.08%	2	1	93	93	0.061511866352189214	1	1	102	84	0	4	T
H2_BC86_consensus_vsearch	3321	G	G	192	0	0%	2	0	93	0	1.0	1	0	104	88	0	0	
H2_BC86_consensus_vsearch	3322	A	A	192	0	0%	2	0	93	0	1.0	1	0	104	88	0	0	
H2_BC86_consensus_vsearch	3323	C	C	186	3	1.56%	2	2	93	93	0.1240053050397967	1	1	103	83	1	2	+T
H2_BC86_consensus_vsearch	3324	T	T	187	3	1.57%	2	1	93	93	0.12401055408976878	1	1	104	83	0	3	+C
H2_BC86_consensus_vsearch	3325	T	T	187	1	0.52%	2	1	93	93	0.4999999999999138	1	1	102	85	0	1	+G
H2_BC86_consensus_vsearch	3326	G	G	184	2	1.05%	2	2	93	93	0.24932614555250343	1	1	101	83	1	1	-CG
H2_BC86_consensus_vsearch	3327	C	C	177	5	2.65%	2	2	93	93	0.03039269552742511	1	1	97	80	2	3	T
H2_BC86_consensus_vsearch	3328	G	G	186	2	1.06%	2	1	93	93	0.24933333333336263	1	1	101	85	2	0	-A
H2_BC86_consensus_vsearch	3329	A	A	184	3	1.58%	2	2	93	93	0.12399463806966378	1	1	97	87	2	1	-C
H2_BC86_consensus_vsearch	3330	C	C	189	0	0%	2	0	93	0	1.0	1	0	102	87	0	0	
H2_BC86_consensus_vsearch	3331	C	C	189	1	0.52%	2	1	93	93	0.5000000000001412	1	1	103	86	0	1	+AAT
H2_BC86_consensus_vsearch	3332	A	A	190	1	0.52%	2	1	93	93	0.4999999999999138	1	1	103	87	1	0	T
H2_BC86_consensus_vsearch	3333	T	T	191	1	0.52%	2	1	93	93	0.5000000000001412	1	1	104	87	0	1	-AC
H2_BC86_consensus_vsearch	3334	A	A	179	5	2.62%	2	1	93	93	0.03040200067187797	1	1	103	76	0	5	-C
H2_BC86_consensus_vsearch	3335	C	*/+T	166	14	7.53%	2	1	93	93	4.693473047991276E-5	1	1	103	63	0	14	+T
H2_BC86_consensus_vsearch	3336	T	*/-C	130	36	18.95%	2	2	93	93	1.729503971502337E-12	1	1	64	66	25	11	-C
H2_BC86_consensus_vsearch	3337	C	C	141	5	3.4%	2	1	93	93	0.03018169062652417	1	1	75	66	0	5	T
H2_BC86_consensus_vsearch	3338	C	C	179	4	2.19%	2	1	93	93	0.061474017887485174	1	1	100	79	0	4	T
H2_BC86_consensus_vsearch	3339	C	C	190	2	1.04%	2	1	93	93	0.2493472584856949	1	1	104	86	0	2	T
H2_BC86_consensus_vsearch	3340	C	C	191	1	0.52%	2	1	93	93	0.5000000000001412	1	1	104	87	0	1	+G
H2_BC86_consensus_vsearch	3341	C	C	190	1	0.52%	2	1	93	93	0.4999999999999138	1	1	104	86	0	1	+T
H2_BC86_consensus_vsearch	3342	A	A	188	3	1.56%	2	1	93	93	0.124015748031514	1	1	101	87	3	0	-G
H2_BC86_consensus_vsearch	3343	G	G	181	6	3.17%	2	1	93	93	0.015001725210740429	1	1	94	87	6	0	-A
H2_BC86_consensus_vsearch	3344	A	A	181	2	1.09%	2	1	93	93	0.24931506849317653	1	1	94	87	2	0	+G
H2_BC86_consensus_vsearch	3345	G	G	189	0	0%	2	0	93	0	1.0	1	0	102	87	0	0	
H2_BC86_consensus_vsearch	3346	T	*/-C	175	14	7.29%	2	1	93	93	4.754784207226191E-5	1	1	89	86	14	0	-C
H2_BC86_consensus_vsearch	3347	C	C	178	0	0%	2	0	93	0	1.0	1	0	90	88	0	0	
H2_BC86_consensus_vsearch	3348	C	*/-A	178	9	4.69%	2	1	93	93	0.0017699066001378024	1	1	92	86	9	0	-A
H2_BC86_consensus_vsearch	3349	A	A	178	2	1.1%	2	1	93	93	0.24930362117001986	1	1	92	86	0	2	G
H2_BC86_consensus_vsearch	3350	A	A	188	1	0.53%	2	1	93	93	0.5000000000001412	1	1	100	88	1	0	+GA
H2_BC86_consensus_vsearch	3351	A	A	191	1	0.52%	2	1	93	93	0.5000000000001412	1	1	103	88	1	0	-G
H2_BC86_consensus_vsearch	3352	G	G	191	0	0%	2	0	93	0	1.0	1	0	103	88	0	0	
H2_BC86_consensus_vsearch	3353	A	A	188	3	1.56%	2	1	93	93	0.124015748031514	1	1	101	87	3	0	G
H2_BC86_consensus_vsearch	3354	C	C	187	2	1.05%	2	1	93	93	0.24933687002661706	1	1	104	83	0	2	+T
H2_BC86_consensus_vsearch	3355	T	*/+C	161	13	6.81%	2	2	93	93	9.67427286895422E-5	1	1	88	73	12	1	+C
H2_BC86_consensus_vsearch	3356	C	C	175	4	2.21%	2	1	93	93	0.06145105929696947	1	1	103	72	0	4	-TA
H2_BC86_consensus_vsearch	3357	T	*/-A	153	15	8.06%	2	2	93	93	2.2012244605339464E-5	1	1	91	62	1	14	-A
H2_BC86_consensus_vsearch	3358	A	A	163	3	1.74%	2	1	93	93	0.12386706948633015	1	1	100	63	0	3	C
H2_BC86_consensus_vsearch	3359	A	M	173	7	3.66%	2	1	93	93	0.007361883903780164	1	1	103	70	0	7	C
H2_BC86_consensus_vsearch	3360	T	Y	172	10	5.43%	2	2	93	93	8.601308235378474E-4	1	1	101	71	1	9	C
H2_BC86_consensus_vsearch	3361	T	T	182	6	3.16%	2	1	93	93	0.015005022293196836	1	1	104	78	0	6	C
H2_BC86_consensus_vsearch	3362	T	*/-CT	174	9	4.69%	2	1	93	93	0.0017660088144097936	1	1	100	74	0	9	-CT
H2_BC86_consensus_vsearch	3363	C	C	180	2	1.09%	2	1	93	93	0.24931129476584768	1	1	104	76	0	2	-T
H2_BC86_consensus_vsearch	3364	T	T	177	2	1.1%	2	1	93	93	0.24929971988807545	1	1	102	75	2	0	-ATA
H2_BC86_consensus_vsearch	3365	A	A	186	2	1.05%	2	2	93	93	0.24933333333336263	1	1	99	87	1	1	-TA
H2_BC86_consensus_vsearch	3366	T	T	183	3	1.6%	2	1	93	93	0.12398921832883274	1	1	96	87	3	0	-A
H2_BC86_consensus_vsearch	3367	A	A	177	2	1.08%	2	1	93	93	0.24929971988807545	1	1	93	84	0	2	+C
H2_BC86_consensus_vsearch	3368	C	C	186	2	1.04%	2	1	93	93	0.24933333333336263	1	1	99	87	2	0	+GGC
H2_BC86_consensus_vsearch	3369	G	G	186	2	1.05%	2	2	93	93	0.24933333333336263	1	1	100	86	1	1	A
H2_BC86_consensus_vsearch	3370	C	*/-T	173	12	6.32%	2	2	93	93	2.0308260241471053E-4	1	1	101	72	1	11	-T
H2_BC86_consensus_vsearch	3371	T	*/+C	151	13	7.43%	2	2	93	93	9.532638090975499E-5	1	1	89	62	8	5	+C
H2_BC86_consensus_vsearch	3372	C	C	178	1	0.56%	2	1	93	93	0.4999999999999138	1	1	97	81	1	0	T
H2_BC86_consensus_vsearch	3373	C	C	181	4	2.15%	2	2	93	93	0.06148512438803467	1	1	98	83	1	3	T
H2_BC86_consensus_vsearch	3374	C	C	174	5	2.62%	2	1	93	93	0.030378348522515145	1	1	95	79	5	0	-G
H2_BC86_consensus_vsearch	3375	G	G	182	4	2.15%	2	2	93	93	0.061490587951709585	1	1	96	86	2	2	-A
H2_BC86_consensus_vsearch	3376	A	A	183	2	1.06%	2	1	93	93	0.2493224932250014	1	1	99	84	0	2	G
H2_BC86_consensus_vsearch	3377	G	G	187	1	0.53%	2	1	93	93	0.4999999999999138	1	1	99	88	1	0	+AG
H2_BC86_consensus_vsearch	3378	C	C	185	3	1.58%	2	1	93	93	0.12399999999998497	1	1	102	83	0	3	-GC
H2_BC86_consensus_vsearch	3379	G	G	187	1	0.53%	2	1	93	93	0.4999999999999138	1	1	102	85	1	0	+ACA
H2_BC86_consensus_vsearch	3380	C	C	182	5	2.65%	2	2	93	93	0.030415585729470396	1	1	101	81	1	4	-T
H2_BC86_consensus_vsearch	3381	T	Y	175	7	3.74%	2	1	93	93	0.007366779625824957	1	1	103	72	0	7	C
H2_BC86_consensus_vsearch	3382	G	G	183	2	1.07%	2	1	93	93	0.2493224932250014	1	1	101	82	2	0	+C
H2_BC86_consensus_vsearch	3383	C	C	181	2	1.08%	2	1	93	93	0.24931506849317653	1	1	101	80	0	2	T
H2_BC86_consensus_vsearch	3384	T	*/-A	175	7	3.76%	2	2	93	93	0.007366779625824957	1	1	95	80	6	1	-A
H2_BC86_consensus_vsearch	3385	A	A	181	1	0.54%	2	1	93	93	0.4999999999999138	1	1	94	87	1	0	+T
H2_BC86_consensus_vsearch	3386	A	A	185	3	1.57%	2	1	93	93	0.12399999999998497	1	1	98	87	3	0	G
H2_BC86_consensus_vsearch	3387	C	*/-A	176	12	6.25%	2	2	93	93	2.0369927796885998E-4	1	1	89	87	11	1	-A
H2_BC86_consensus_vsearch	3388	A	W	168	7	3.91%	2	1	93	93	0.007349160919077469	1	1	82	86	7	0	T
H2_BC86_consensus_vsearch	3389	C	S	180	7	3.7%	2	1	93	93	0.007378565932456183	1	1	93	87	7	0	G
H2_BC86_consensus_vsearch	3390	A	W	167	12	6.35%	2	1	93	93	2.0179123643446653E-4	1	1	81	86	12	0	T
H2_BC86_consensus_vsearch	3391	G	*/+A	171	10	5.41%	2	1	93	93	8.595113410222558E-4	1	1	83	88	10	0	+A
H2_BC86_consensus_vsearch	3392	A	A	184	3	1.59%	2	1	93	93	0.12399463806966378	1	1	96	88	3	0	G
H2_BC86_consensus_vsearch	3393	C	C	185	3	1.58%	2	1	93	93	0.12399999999998497	1	1	98	87	3	0	T
H2_BC86_consensus_vsearch	3394	A	*/-C	175	8	4.17%	2	2	93	93	0.0036127494603351348	1	1	94	81	4	4	-C
H2_BC86_consensus_vsearch	3395	C	C	182	2	1.09%	2	1	93	93	0.2493188010900035	1	1	98	84	2	0	T
H2_BC86_consensus_vsearch	3396	C	C	186	3	1.56%	2	2	93	93	0.1240053050397967	1	1	102	84	1	2	T
H2_BC86_consensus_vsearch	3397	C	C	179	5	2.6%	2	1	93	93	0.03040200067187797	1	1	103	76	0	5	-G
H2_BC86_consensus_vsearch	3398	G	G	184	1	0.53%	2	1	93	93	0.4999999999999138	1	1	102	82	0	1	-T
H2_BC86_consensus_vsearch	3399	T	T	185	5	2.63%	2	1	93	93	0.030428742397642147	1	1	103	82	0	5	A
H2_BC86_consensus_vsearch	3400	G	G	191	0	0%	2	0	93	0	1.0	1	0	103	88	0	0	
H2_BC86_consensus_vsearch	3401	A	A	190	1	0.52%	2	1	93	93	0.4999999999999138	1	1	104	86	0	1	-T
H2_BC86_consensus_vsearch	3402	T	T	187	2	1.05%	2	1	93	93	0.24933687002661706	1	1	101	86	2	0	C
H2_BC86_consensus_vsearch	3403	C	*/+A	181	7	3.68%	2	1	93	93	0.007380848803681321	1	1	94	87	7	0	+A
H2_BC86_consensus_vsearch	3404	G	G	188	2	1.05%	2	2	93	93	0.2493403693931866	1	1	102	86	1	1	-CG
H2_BC86_consensus_vsearch	3405	C	C	190	0	0%	2	0	93	0	1.0	1	0	103	87	0	0	
H2_BC86_consensus_vsearch	3406	G	G	188	2	1.05%	2	2	93	93	0.2493403693931866	1	1	102	86	1	1	+CG
H2_BC86_consensus_vsearch	3407	T	T	189	2	1.04%	2	1	93	93	0.24934383202100482	1	1	104	85	0	2	+GT
H2_BC86_consensus_vsearch	3408	C	C	190	1	0.52%	2	1	93	93	0.4999999999999138	1	1	103	87	0	1	-G
H2_BC86_consensus_vsearch	3409	G	G	190	0	0%	2	0	93	0	1.0	1	0	103	87	0	0	
H2_BC86_consensus_vsearch	3410	A	A	186	3	1.57%	2	1	93	93	0.1240053050397967	1	1	102	84	0	3	+GA
H2_BC86_consensus_vsearch	3411	C	C	189	1	0.53%	2	1	93	93	0.5000000000001412	1	1	102	87	1	0	T
H2_BC86_consensus_vsearch	3412	A	*/-T	184	8	4.17%	2	1	93	93	0.0036262674855563662	1	1	104	80	0	8	-T
H2_BC86_consensus_vsearch	3413	T	T	182	2	1.09%	2	2	93	93	0.2493188010900035	1	1	103	79	1	1	-C
H2_BC86_consensus_vsearch	3414	C	C	188	1	0.53%	2	1	93	93	0.5000000000001412	1	1	101	87	1	0	+AC
H2_BC86_consensus_vsearch	3415	G	G	186	4	2.08%	2	1	93	93	0.061511866352189214	1	1	100	86	4	0	+T
H2_BC86_consensus_vsearch	3416	T	T	191	1	0.52%	2	1	93	93	0.5000000000001412	1	1	104	87	0	1	C
H2_BC86_consensus_vsearch	3417	T	T	190	2	1.04%	2	1	93	93	0.2493472584856949	1	1	102	88	2	0	C
H2_BC86_consensus_vsearch	3418	T	T	191	1	0.52%	2	1	93	93	0.5000000000001412	1	1	104	87	0	1	+G
H2_BC86_consensus_vsearch	3419	A	A	190	1	0.52%	2	1	93	93	0.4999999999999138	1	1	103	87	0	1	-C
H2_BC86_consensus_vsearch	3420	C	C	189	1	0.52%	2	1	93	93	0.5000000000001412	1	1	103	86	1	0	-T
H2_BC86_consensus_vsearch	3421	T	*/-G	172	9	4.71%	2	1	93	93	0.0017639971126793845	1	1	103	69	0	9	-G
H2_BC86_consensus_vsearch	3422	G	G	181	1	0.55%	2	1	93	93	0.4999999999999138	1	1	103	78	1	0	A
H2_BC86_consensus_vsearch	3423	G	G	190	2	1.04%	2	1	93	93	0.2493472584856949	1	1	104	86	0	2	-T
H2_BC86_consensus_vsearch	3424	T	*/-G	167	12	6.32%	2	1	93	93	2.0179123643446653E-4	1	1	103	64	0	12	-G
H2_BC86_consensus_vsearch	3425	G	G	176	2	1.12%	2	1	93	93	0.2492957746479494	1	1	104	72	0	2	C
H2_BC86_consensus_vsearch	3426	G	G	191	0	0%	2	0	93	0	1.0	1	0	104	87	0	0	
H2_BC86_consensus_vsearch	3427	G	G	190	1	0.52%	2	1	93	93	0.4999999999999138	1	1	102	88	1	0	+T
H2_BC86_consensus_vsearch	3428	A	A	187	2	1.04%	2	1	93	93	0.24933687002661706	1	1	99	88	2	0	G
H2_BC86_consensus_vsearch	3429	C	C	188	2	1.05%	2	2	93	93	0.2493403693931866	1	1	101	87	1	1	T
H2_BC86_consensus_vsearch	3430	T	T	183	3	1.57%	2	2	93	93	0.12398921832883274	1	1	98	85	2	1	C
H2_BC86_consensus_vsearch	3431	A	A	186	3	1.58%	2	2	93	93	0.1240053050397967	1	1	100	86	1	2	G
H2_BC86_consensus_vsearch	3432	C	C	189	1	0.53%	2	1	93	93	0.5000000000001412	1	1	101	88	1	0	-A
H2_BC86_consensus_vsearch	3433	A	A	188	3	1.57%	2	1	93	93	0.124015748031514	1	1	100	88	3	0	G
H2_BC86_consensus_vsearch	3434	A	R	169	19	9.9%	2	1	93	93	1.1819668031703979E-6	1	1	82	87	19	0	G
H2_BC86_consensus_vsearch	3435	C	C	184	1	0.53%	2	1	93	93	0.4999999999999138	1	1	100	84	1	0	+A
H2_BC86_consensus_vsearch	3436	G	R	175	12	6.42%	2	2	93	93	2.0349578218661617E-4	1	1	91	84	11	1	A
H2_BC86_consensus_vsearch	3437	G	G	187	3	1.58%	2	1	93	93	0.12401055408976878	1	1	101	86	3	0	T
H2_BC86_consensus_vsearch	3438	T	T	184	2	1.05%	2	2	93	93	0.24932614555250343	1	1	101	83	1	1	C
H2_BC86_consensus_vsearch	3439	G	G	179	5	2.62%	2	1	93	93	0.03040200067187797	1	1	100	79	0	5	+T
H2_BC86_consensus_vsearch	3440	T	T	186	1	0.53%	2	1	93	93	0.4999999999999138	1	1	100	86	1	0	+C
H2_BC86_consensus_vsearch	3441	C	C	184	6	3.14%	2	2	93	93	0.015011512916161563	1	1	101	83	1	5	-T
H2_BC86_consensus_vsearch	3442	T	Y	177	7	3.78%	2	2	93	93	0.007371570136883838	1	1	99	78	2	5	C
H2_BC86_consensus_vsearch	3443	A	A	189	1	0.53%	2	1	93	93	0.5000000000001412	1	1	101	88	1	0	+CCA
H2_BC86_consensus_vsearch	3444	A	A	191	1	0.52%	2	1	93	93	0.5000000000001412	1	1	103	88	1	0	G
H2_BC86_consensus_vsearch	3445	T	T	191	1	0.52%	2	1	93	93	0.5000000000001412	1	1	104	87	0	1	A
H2_BC86_consensus_vsearch	3446	C	C	189	1	0.52%	2	1	93	93	0.5000000000001412	1	1	104	85	0	1	+T
H2_BC86_consensus_vsearch	3447	G	G	187	2	1.05%	2	1	93	93	0.24933687002661706	1	1	102	85	0	2	-T
H2_BC86_consensus_vsearch	3448	T	T	186	2	1.05%	2	1	93	93	0.24933333333336263	1	1	104	82	0	2	-CT
H2_BC86_consensus_vsearch	3449	C	*/-T	168	10	5.26%	2	2	93	93	8.576127548470182E-4	1	1	87	81	6	4	-T
H2_BC86_consensus_vsearch	3450	T	T	172	3	1.69%	2	2	93	93	0.12392550143270233	1	1	93	79	1	2	C
H2_BC86_consensus_vsearch	3451	T	T	181	5	2.63%	2	1	93	93	0.030411105997849117	1	1	94	87	5	0	+C
H2_BC86_consensus_vsearch	3452	T	*/+A	155	22	11.46%	2	1	93	93	1.1896245289151432E-7	1	1	70	85	22	0	+A
H2_BC86_consensus_vsearch	3453	G	R	157	26	13.83%	2	1	93	93	5.732023702601987E-9	1	1	72	85	26	0	A
H2_BC86_consensus_vsearch	3454	C	C	186	2	1.05%	2	2	93	93	0.24933333333336263	1	1	102	84	1	1	-T
H2_BC86_consensus_vsearch	3455	T	*/+C	58	107	56.91%	2	2	93	93	2.041657497259606E-44	1	1	34	24	67	40	+C
H2_BC86_consensus_vsearch	3456	C	C	171	0	0%	2	0	93	0	1.0	1	0	103	68	0	0	
H2_BC86_consensus_vsearch	3457	C	C	188	3	1.57%	2	2	93	93	0.124015748031514	1	1	103	85	1	2	T
H2_BC86_consensus_vsearch	3458	C	C	192	0	0%	2	0	93	0	1.0	1	0	104	88	0	0	
H2_BC86_consensus_vsearch	3459	C	C	191	1	0.52%	2	1	93	93	0.5000000000001412	1	1	104	87	0	1	T
H2_BC86_consensus_vsearch	3460	A	*/-C	182	7	3.65%	2	2	93	93	0.007383107786177688	1	1	100	82	3	4	-C
H2_BC86_consensus_vsearch	3461	C	C	183	1	0.54%	2	1	93	93	0.4999999999999138	1	1	100	83	1	0	+AC
H2_BC86_consensus_vsearch	3462	C	C	189	2	1.04%	2	2	93	93	0.24934383202100482	1	1	103	86	1	1	T
H2_BC86_consensus_vsearch	3463	C	C	187	3	1.56%	2	1	93	93	0.12401055408976878	1	1	104	83	0	3	-T
H2_BC86_consensus_vsearch	3464	T	T	187	0	0%	2	0	93	0	1.0	1	0	104	83	0	0	
H2_BC86_consensus_vsearch	3465	T	T	188	1	0.53%	2	1	93	93	0.5000000000001412	1	1	103	85	1	0	-C
H2_BC86_consensus_vsearch	3466	C	*/+A	177	8	4.21%	2	2	93	93	0.0036158650264919274	1	1	97	80	5	3	+A
H2_BC86_consensus_vsearch	3467	G	G	183	5	2.6%	2	1	93	93	0.030420017873106126	1	1	97	86	5	0	T
H2_BC86_consensus_vsearch	3468	T	T	181	4	2.11%	2	1	93	93	0.06148512438803467	1	1	96	85	4	0	+A
H2_BC86_consensus_vsearch	3469	G	*/-CT	177	7	3.7%	2	1	93	93	0.007371570136883838	1	1	91	86	7	0	-CT
H2_BC86_consensus_vsearch	3470	C	C	178	2	1.09%	2	2	93	93	0.24930362117001986	1	1	94	84	1	1	-T
H2_BC86_consensus_vsearch	3471	T	T	178	2	1.11%	2	1	93	93	0.24930362117001986	1	1	94	84	0	2	C
H2_BC86_consensus_vsearch	3472	T	T	188	1	0.53%	2	1	93	93	0.5000000000001412	1	1	102	86	0	1	A
H2_BC86_consensus_vsearch	3473	G	G	191	1	0.52%	2	1	93	93	0.5000000000001412	1	1	104	87	0	1	C
H2_BC86_consensus_vsearch	3474	A	A	188	2	1.04%	2	1	93	93	0.2493403693931866	1	1	101	87	2	0	G
H2_BC86_consensus_vsearch	3475	T	T	186	3	1.56%	2	1	93	93	0.1240053050397967	1	1	100	86	3	0	+C
H2_BC86_consensus_vsearch	3476	C	C	188	3	1.56%	2	2	93	93	0.124015748031514	1	1	102	86	2	1	-A
H2_BC86_consensus_vsearch	3477	A	A	186	1	0.53%	2	1	93	93	0.4999999999999138	1	1	100	86	1	0	C
H2_BC86_consensus_vsearch	3478	A	A	182	5	2.62%	2	2	93	93	0.030415585729470396	1	1	99	83	4	1	G
H2_BC86_consensus_vsearch	3479	T	T	183	3	1.6%	2	1	93	93	0.12398921832883274	1	1	99	84	3	0	-G
H2_BC86_consensus_vsearch	3480	G	*/-A	168	10	5.35%	2	1	93	93	8.576127548470182E-4	1	1	85	83	10	0	-A
H2_BC86_consensus_vsearch	3481	A	A	176	0	0%	2	0	93	0	1.0	1	0	92	84	0	0	
H2_BC86_consensus_vsearch	3482	A	A	185	2	1.06%	2	2	93	93	0.24932975871318122	1	1	102	83	1	1	C
H2_BC86_consensus_vsearch	3483	A	A	191	1	0.52%	2	1	93	93	0.5000000000001412	1	1	103	88	1	0	+G
H2_BC86_consensus_vsearch	3484	G	G	183	4	2.08%	2	2	93	93	0.061495993004889796	1	1	100	83	1	3	A
H2_BC86_consensus_vsearch	3485	T	T	183	2	1.05%	2	1	93	93	0.2493224932250014	1	1	103	80	0	2	+A
H2_BC86_consensus_vsearch	3486	A	*/+C	88	89	46.84%	2	2	93	93	4.769677105519252E-34	1	1	50	38	51	38	+C
H2_BC86_consensus_vsearch	3487	C	*/+TC	158	20	10.53%	2	1	93	93	5.420570642482744E-7	1	1	102	56	0	20	+TC
H2_BC86_consensus_vsearch	3488	C	C	183	5	2.6%	2	2	93	93	0.030420017873106126	1	1	102	81	1	4	-T
H2_BC86_consensus_vsearch	3489	T	*/+C	173	7	3.74%	2	1	93	93	0.007361883903780164	1	1	99	74	0	7	+C
H2_BC86_consensus_vsearch	3490	A	A	181	3	1.59%	2	1	93	93	0.12397820163492167	1	1	96	85	3	0	-G
H2_BC86_consensus_vsearch	3491	G	G	187	1	0.53%	2	1	93	93	0.4999999999999138	1	1	99	88	1	0	+C
H2_BC86_consensus_vsearch	3492	C	C	185	3	1.56%	2	1	93	93	0.12399999999998497	1	1	98	87	3	0	A
H2_BC86_consensus_vsearch	3493	C	Y	182	8	4.17%	2	2	93	93	0.003623372158916335	1	1	99	83	3	5	T
H2_BC86_consensus_vsearch	3494	A	A	189	1	0.52%	2	1	93	93	0.5000000000001412	1	1	101	88	1	0	G
H2_BC86_consensus_vsearch	3495	A	A	181	5	2.62%	2	1	93	93	0.030411105997849117	1	1	95	86	5	0	G
H2_BC86_consensus_vsearch	3496	C	C	187	2	1.05%	2	1	93	93	0.24933687002661706	1	1	102	85	0	2	+A
H2_BC86_consensus_vsearch	3497	T	T	189	2	1.04%	2	1	93	93	0.24934383202100482	1	1	103	86	0	2	A
H2_BC86_consensus_vsearch	3498	G	G	187	3	1.57%	2	1	93	93	0.12401055408976878	1	1	100	87	3	0	T
H2_BC86_consensus_vsearch	3499	C	C	177	5	2.62%	2	2	93	93	0.03039269552742511	1	1	96	81	1	4	-TT
H2_BC86_consensus_vsearch	3500	T	T	181	1	0.55%	2	1	93	93	0.4999999999999138	1	1	101	80	0	1	+G
H2_BC86_consensus_vsearch	3501	T	T	184	2	1.07%	2	2	93	93	0.24932614555250343	1	1	101	83	1	1	C
H2_BC86_consensus_vsearch	3502	T	T	181	6	3.12%	2	1	93	93	0.015001725210740429	1	1	102	79	0	6	-C
H2_BC86_consensus_vsearch	3503	C	C	179	6	3.23%	2	1	93	93	0.014995024721629802	1	1	103	76	0	6	+T
H2_BC86_consensus_vsearch	3504	G	G	190	1	0.52%	2	1	93	93	0.4999999999999138	1	1	103	87	0	1	A
H2_BC86_consensus_vsearch	3505	C	C	190	1	0.52%	2	1	93	93	0.4999999999999138	1	1	102	88	1	0	+G
H2_BC86_consensus_vsearch	3506	A	A	190	1	0.52%	2	1	93	93	0.4999999999999138	1	1	102	88	1	0	+T
H2_BC86_consensus_vsearch	3507	T	T	191	0	0%	2	0	93	0	1.0	1	0	103	88	0	0	
H2_BC86_consensus_vsearch	3508	T	T	183	4	2.08%	2	1	93	93	0.061495993004889796	1	1	97	86	4	0	+A
H2_BC86_consensus_vsearch	3509	A	A	182	4	2.11%	2	1	93	93	0.061490587951709585	1	1	98	84	4	0	G
H2_BC86_consensus_vsearch	3510	G	G	188	1	0.53%	2	1	93	93	0.5000000000001412	1	1	103	85	1	0	+A
H2_BC86_consensus_vsearch	3511	G	G	187	2	1.05%	2	1	93	93	0.24933687002661706	1	1	102	85	2	0	A
H2_BC86_consensus_vsearch	3512	T	T	186	2	1.05%	2	1	93	93	0.24933333333336263	1	1	99	87	2	0	+C
H2_BC86_consensus_vsearch	3513	C	C	186	2	1.06%	2	1	93	93	0.24933333333336263	1	1	100	86	2	0	-GTC
H2_BC86_consensus_vsearch	3514	G	G	186	3	1.59%	2	1	93	93	0.1240053050397967	1	1	102	84	0	3	+T
H2_BC86_consensus_vsearch	3515	T	T	184	4	2.11%	2	2	93	93	0.06150134048256699	1	1	100	84	1	3	-CT
H2_BC86_consensus_vsearch	3516	C	C	178	4	2.15%	2	1	93	93	0.06146837297681004	1	1	100	78	0	4	-T
H2_BC86_consensus_vsearch	3517	T	T	181	2	1.09%	2	1	93	93	0.24931506849317653	1	1	100	81	2	0	C
H2_BC86_consensus_vsearch	3518	T	T	188	1	0.52%	2	1	93	93	0.5000000000001412	1	1	101	87	1	0	+C
H2_BC86_consensus_vsearch	3519	C	*/-T	177	10	5.21%	2	1	93	93	8.631325337656354E-4	1	1	103	74	0	10	-T
H2_BC86_consensus_vsearch	3520	T	T	171	4	2.21%	2	1	93	93	0.061427049701525516	1	1	100	71	0	4	+G
H2_BC86_consensus_vsearch	3521	G	G	185	3	1.59%	2	2	93	93	0.12399999999998497	1	1	99	86	2	1	-A
H2_BC86_consensus_vsearch	3522	A	*/-G	154	33	17.46%	2	2	93	93	2.474703377332326E-11	1	1	69	85	31	2	-G
H2_BC86_consensus_vsearch	3523	G	G	158	1	0.63%	2	1	93	93	0.4999999999999138	1	1	73	85	0	1	C
H2_BC86_consensus_vsearch	3524	G	G	192	0	0%	2	0	93	0	1.0	1	0	104	88	0	0	
H2_BC86_consensus_vsearch	3525	G	G	191	1	0.52%	2	1	93	93	0.5000000000001412	1	1	103	88	1	0	A
H2_BC86_consensus_vsearch	3526	T	T	188	2	1.04%	2	1	93	93	0.2493403693931866	1	1	100	88	2	0	+C
H2_BC86_consensus_vsearch	3527	C	*/-A	172	12	6.28%	2	1	93	93	2.0287285558348591E-4	1	1	86	86	12	0	-A
H2_BC86_consensus_vsearch	3528	A	A	163	4	2.29%	2	1	93	93	0.06137557497075551	1	1	81	82	0	4	+G
H2_BC86_consensus_vsearch	3529	C	Y	169	12	6.42%	2	1	93	93	2.02230596700354E-4	1	1	81	88	12	0	T
H2_BC86_consensus_vsearch	3530	A	R	155	27	14.29%	2	1	93	93	2.630630026649035E-9	1	1	70	85	27	0	G
H2_BC86_consensus_vsearch	3531	G	G	179	4	2.13%	2	1	93	93	0.061474017887485174	1	1	93	86	4	0	+A
H2_BC86_consensus_vsearch	3532	G	*/-A	175	11	5.73%	2	1	93	93	4.1935871135675344E-4	1	1	89	86	11	0	-A
H2_BC86_consensus_vsearch	3533	A	A	176	1	0.56%	2	1	93	93	0.4999999999999138	1	1	88	88	1	0	-T
H2_BC86_consensus_vsearch	3534	T	T	186	1	0.53%	2	1	93	93	0.4999999999999138	1	1	98	88	1	0	C
H2_BC86_consensus_vsearch	3535	T	T	191	0	0%	2	0	93	0	1.0	1	0	103	88	0	0	
H2_BC86_consensus_vsearch	3536	T	T	189	1	0.52%	2	1	93	93	0.5000000000001412	1	1	102	87	1	0	+A
H2_BC86_consensus_vsearch	3537	C	C	190	1	0.52%	2	1	93	93	0.4999999999999138	1	1	102	88	1	0	-A
H2_BC86_consensus_vsearch	3538	A	*/-C	96	69	36.13%	2	2	93	93	1.9360905343488975E-25	1	1	51	45	31	38	-C
H2_BC86_consensus_vsearch	3539	C	C	103	0	0%	2	0	93	0	1.0	1	0	55	48	0	0	
H2_BC86_consensus_vsearch	3540	C	C	169	3	1.74%	2	1	93	93	0.12390670553935745	1	1	83	86	3	0	T
H2_BC86_consensus_vsearch	3541	C	C	172	2	1.14%	2	1	93	93	0.24927953890490892	1	1	85	87	2	0	A
H2_BC86_consensus_vsearch	3542	C	C	184	3	1.56%	2	1	93	93	0.12399463806966378	1	1	100	84	3	0	A
H2_BC86_consensus_vsearch	3543	T	T	189	1	0.52%	2	1	93	93	0.5000000000001412	1	1	103	86	1	0	+A
H2_BC86_consensus_vsearch	3544	A	A	188	3	1.56%	2	1	93	93	0.124015748031514	1	1	100	88	3	0	G
H2_BC86_consensus_vsearch	3545	G	G	178	6	3.14%	2	2	93	93	0.014991620166021489	1	1	93	85	5	1	+C
H2_BC86_consensus_vsearch	3546	C	C	184	1	0.54%	2	1	93	93	0.4999999999999138	1	1	98	86	0	1	T
H2_BC86_consensus_vsearch	3547	C	C	189	1	0.52%	2	1	93	93	0.5000000000001412	1	1	102	87	0	1	+T
H2_BC86_consensus_vsearch	3548	C	C	191	1	0.52%	2	1	93	93	0.5000000000001412	1	1	103	88	1	0	T
H2_BC86_consensus_vsearch	3549	C	C	190	1	0.52%	2	1	93	93	0.4999999999999138	1	1	102	88	1	0	+AAC
H2_BC86_consensus_vsearch	3550	A	A	190	1	0.52%	2	1	93	93	0.4999999999999138	1	1	103	87	0	1	+G
H2_BC86_consensus_vsearch	3551	G	*/-A	166	22	11.52%	2	1	93	93	1.2421417791686098E-7	1	1	78	88	22	0	-A
H2_BC86_consensus_vsearch	3552	A	A	166	1	0.6%	2	1	93	93	0.4999999999999138	1	1	79	87	0	1	G
H2_BC86_consensus_vsearch	3553	G	G	189	0	0%	2	0	93	0	1.0	1	0	101	88	0	0	
H2_BC86_consensus_vsearch	3554	T	T	189	1	0.52%	2	1	93	93	0.5000000000001412	1	1	102	87	1	0	+G
H2_BC86_consensus_vsearch	3555	A	+C/+C	2	187	97.91%	2	2	93	93	7.186404877763748E-109	1	1	1	1	100	87	+C
H2_BC86_consensus_vsearch	3556	G	G	186	3	1.57%	2	1	93	93	0.1240053050397967	1	1	99	87	3	0	A
H2_BC86_consensus_vsearch	3557	G	G	186	1	0.52%	2	1	93	93	0.4999999999999138	1	1	100	86	1	0	+A
H2_BC86_consensus_vsearch	3558	T	T	187	5	2.6%	2	1	93	93	0.030437285417662132	1	1	104	83	0	5	C
H2_BC86_consensus_vsearch	3559	T	T	180	3	1.56%	2	1	93	93	0.12397260273979696	1	1	96	84	3	0	-GG
H2_BC86_consensus_vsearch	3560	G	G	184	0	0%	2	0	93	0	1.0	1	0	97	87	0	0	
H2_BC86_consensus_vsearch	3561	G	*/-C	167	14	7.53%	2	2	93	93	4.700557594367257E-5	1	1	81	86	13	1	-C
H2_BC86_consensus_vsearch	3562	C	C	168	3	1.74%	2	1	93	93	0.12390029325511762	1	1	82	86	3	0	A
H2_BC86_consensus_vsearch	3563	C	C	182	3	1.6%	2	1	93	93	0.12398373983732354	1	1	94	88	3	0	A
H2_BC86_consensus_vsearch	3564	C	C	186	5	2.6%	2	1	93	93	0.030433036239869853	1	1	98	88	5	0	T
H2_BC86_consensus_vsearch	3565	C	*/-G	109	52	27.08%	2	2	93	93	1.6012953610547789E-18	1	1	40	69	51	1	-G
H2_BC86_consensus_vsearch	3566	G	G	122	6	4.29%	2	1	93	93	0.014716766507550794	1	1	36	86	6	0	+A
H2_BC86_consensus_vsearch	3567	A	A	184	1	0.54%	2	1	93	93	0.4999999999999138	1	1	97	87	1	0	+G
H2_BC86_consensus_vsearch	3568	G	G	184	2	1.05%	2	2	93	93	0.24932614555250343	1	1	99	85	1	1	+AG
H2_BC86_consensus_vsearch	3569	T	T	185	2	1.05%	2	1	93	93	0.24932975871318122	1	1	103	82	0	2	C
H2_BC86_consensus_vsearch	3570	A	*/-C	129	38	20%	2	2	93	93	3.3759086530825876E-13	1	1	60	69	22	16	-C
H2_BC86_consensus_vsearch	3571	C	C	135	3	2.1%	2	1	93	93	0.1236363636363993	1	1	71	64	0	3	+T
H2_BC86_consensus_vsearch	3572	C	C	175	5	2.76%	2	1	93	93	0.030383183914226543	1	1	94	81	0	5	T
H2_BC86_consensus_vsearch	3573	C	C	184	5	2.63%	2	1	93	93	0.030424403183015276	1	1	102	82	0	5	T
H2_BC86_consensus_vsearch	3574	C	C	189	1	0.52%	2	1	93	93	0.5000000000001412	1	1	103	86	0	1	+T
H2_BC86_consensus_vsearch	3575	T	T	185	2	1.05%	2	2	93	93	0.24932975871318122	1	1	101	84	1	1	A
H2_BC86_consensus_vsearch	3576	G	G	186	2	1.05%	2	1	93	93	0.24933333333336263	1	1	98	88	2	0	-T
H2_BC86_consensus_vsearch	3577	T	T	184	2	1.05%	2	2	93	93	0.24932614555250343	1	1	98	86	1	1	C
H2_BC86_consensus_vsearch	3578	T	T	190	1	0.52%	2	1	93	93	0.4999999999999138	1	1	102	88	1	0	-A
H2_BC86_consensus_vsearch	3579	A	A	190	1	0.52%	2	1	93	93	0.4999999999999138	1	1	102	88	1	0	G
H2_BC86_consensus_vsearch	3580	A	A	190	2	1.04%	2	1	93	93	0.2493472584856949	1	1	102	88	2	0	G
H2_BC86_consensus_vsearch	3581	T	T	191	1	0.52%	2	1	93	93	0.5000000000001412	1	1	104	87	0	1	C
H2_BC86_consensus_vsearch	3582	C	C	187	3	1.56%	2	1	93	93	0.12401055408976878	1	1	99	88	3	0	+G
H2_BC86_consensus_vsearch	3583	A	A	185	3	1.58%	2	1	93	93	0.12399999999998497	1	1	97	88	3	0	-T
H2_BC86_consensus_vsearch	3584	T	T	187	1	0.53%	2	1	93	93	0.4999999999999138	1	1	99	88	1	0	G
H2_BC86_consensus_vsearch	3585	T	T	188	3	1.57%	2	1	93	93	0.124015748031514	1	1	100	88	3	0	-ACT
H2_BC86_consensus_vsearch	3586	A	A	182	6	3.19%	2	1	93	93	0.015005022293196836	1	1	94	88	6	0	G
H2_BC86_consensus_vsearch	3587	C	*/-TG	180	7	3.7%	2	1	93	93	0.007378565932456183	1	1	93	87	7	0	-TG
H2_BC86_consensus_vsearch	3588	T	T	178	2	1.1%	2	1	93	93	0.24930362117001986	1	1	91	87	2	0	A
H2_BC86_consensus_vsearch	3589	G	G	181	2	1.08%	2	1	93	93	0.24931506849317653	1	1	94	87	2	0	C
H2_BC86_consensus_vsearch	3590	C	C	187	2	1.05%	2	1	93	93	0.24933687002661706	1	1	102	85	0	2	T
H2_BC86_consensus_vsearch	3591	A	A	186	2	1.05%	2	1	93	93	0.24933333333336263	1	1	101	85	0	2	-T
H2_BC86_consensus_vsearch	3592	T	T	186	1	0.53%	2	1	93	93	0.4999999999999138	1	1	101	85	1	0	A
H2_BC86_consensus_vsearch	3593	C	C	191	1	0.52%	2	1	93	93	0.5000000000001412	1	1	103	88	1	0	+A
H2_BC86_consensus_vsearch	3594	G	G	189	1	0.52%	2	1	93	93	0.5000000000001412	1	1	102	87	0	1	+C
H2_BC86_consensus_vsearch	3595	T	T	190	2	1.04%	2	1	93	93	0.2493472584856949	1	1	102	88	2	0	C
H2_BC86_consensus_vsearch	3596	C	C	188	3	1.56%	2	1	93	93	0.124015748031514	1	1	104	84	0	3	-T
H2_BC86_consensus_vsearch	3597	T	T	189	0	0%	2	0	93	0	1.0	1	0	104	85	0	0	
H2_BC86_consensus_vsearch	3598	T	T	190	2	1.04%	2	2	93	93	0.2493472584856949	1	1	103	87	1	1	C
H2_BC86_consensus_vsearch	3599	T	T	190	1	0.52%	2	1	93	93	0.4999999999999138	1	1	103	87	0	1	+A
H2_BC86_consensus_vsearch	3600	A	A	192	0	0%	2	0	93	0	1.0	1	0	104	88	0	0	
H2_BC86_consensus_vsearch	3601	A	A	191	1	0.52%	2	1	93	93	0.5000000000001412	1	1	103	88	1	0	G
H2_BC86_consensus_vsearch	3602	C	C	192	0	0%	2	0	93	0	1.0	1	0	104	88	0	0	
H2_BC86_consensus_vsearch	3603	C	C	191	1	0.52%	2	1	93	93	0.5000000000001412	1	1	104	87	0	1	+G
H2_BC86_consensus_vsearch	3604	A	A	191	1	0.52%	2	1	93	93	0.5000000000001412	1	1	104	87	0	1	G
H2_BC86_consensus_vsearch	3605	A	R	184	7	3.65%	2	2	93	93	0.007387555568979833	1	1	98	86	6	1	G
H2_BC86_consensus_vsearch	3606	C	C	188	4	2.08%	2	1	93	93	0.061522172652713904	1	1	104	84	0	4	+A
H2_BC86_consensus_vsearch	3607	A	A	191	1	0.52%	2	1	93	93	0.5000000000001412	1	1	103	88	1	0	G
H2_BC86_consensus_vsearch	3608	A	A	184	3	1.56%	2	1	93	93	0.12399463806966378	1	1	100	84	3	0	G
H2_BC86_consensus_vsearch	3609	C	C	185	3	1.59%	2	1	93	93	0.12399999999998497	1	1	99	86	3	0	+A
H2_BC86_consensus_vsearch	3610	A	A	188	1	0.53%	2	1	93	93	0.5000000000001412	1	1	102	86	0	1	G
H2_BC86_consensus_vsearch	3611	A	A	187	2	1.05%	2	1	93	93	0.24933687002661706	1	1	102	85	0	2	T
H2_BC86_consensus_vsearch	3612	G	G	192	0	0%	2	0	93	0	1.0	1	0	104	88	0	0	
H2_BC86_consensus_vsearch	3613	A	A	189	2	1.04%	2	1	93	93	0.24934383202100482	1	1	101	88	2	0	G
H2_BC86_consensus_vsearch	3614	C	C	190	1	0.52%	2	1	93	93	0.4999999999999138	1	1	102	88	1	0	+A
H2_BC86_consensus_vsearch	3615	G	G	189	2	1.05%	2	1	93	93	0.24934383202100482	1	1	101	88	2	0	A
H2_BC86_consensus_vsearch	3616	C	C	188	2	1.04%	2	1	93	93	0.2493403693931866	1	1	101	87	2	0	+TT
H2_BC86_consensus_vsearch	3617	T	T	187	2	1.05%	2	2	93	93	0.24933687002661706	1	1	102	85	1	1	C
H2_BC86_consensus_vsearch	3618	G	G	186	4	2.08%	2	2	93	93	0.061511866352189214	1	1	101	85	2	2	A
H2_BC86_consensus_vsearch	3619	C	C	186	2	1.05%	2	2	93	93	0.24933333333336263	1	1	102	84	1	1	T
H2_BC86_consensus_vsearch	3620	G	G	185	3	1.57%	2	1	93	93	0.12399999999998497	1	1	100	85	3	0	A
H2_BC86_consensus_vsearch	3621	G	G	191	1	0.52%	2	1	93	93	0.5000000000001412	1	1	104	87	0	1	A
H2_BC86_consensus_vsearch	3622	T	*/-C	182	10	5.21%	2	1	93	93	8.659835374014541E-4	1	1	94	88	10	0	-C
H2_BC86_consensus_vsearch	3623	C	C	178	1	0.55%	2	1	93	93	0.4999999999999138	1	1	90	88	1	0	+A
H2_BC86_consensus_vsearch	3624	C	C	189	2	1.04%	2	1	93	93	0.24934383202100482	1	1	103	86	0	2	-AT
H2_BC86_consensus_vsearch	3625	A	A	181	6	3.16%	2	2	93	93	0.015001725210740429	1	1	96	85	5	1	G
H2_BC86_consensus_vsearch	3626	T	T	184	3	1.59%	2	1	93	93	0.12399463806966378	1	1	99	85	3	0	+A
H2_BC86_consensus_vsearch	3627	G	R	179	11	5.73%	2	1	93	93	4.2074294006989865E-4	1	1	92	87	11	0	A
H2_BC86_consensus_vsearch	3628	T	*/+C	170	7	3.68%	2	1	93	93	0.007354335343249384	1	1	90	80	7	0	+C
H2_BC86_consensus_vsearch	3629	G	G	179	5	2.7%	2	1	93	93	0.03040200067187797	1	1	94	85	5	0	A
H2_BC86_consensus_vsearch	3630	T	T	179	2	1.09%	2	1	93	93	0.24930747922443972	1	1	97	82	0	2	C
H2_BC86_consensus_vsearch	3631	T	T	189	1	0.52%	2	1	93	93	0.5000000000001412	1	1	102	87	1	0	-ATT
H2_BC86_consensus_vsearch	3632	A	A	189	1	0.52%	2	1	93	93	0.5000000000001412	1	1	103	86	0	1	+CC
H2_BC86_consensus_vsearch	3633	T	T	186	3	1.57%	2	1	93	93	0.1240053050397967	1	1	102	84	0	3	+C
H2_BC86_consensus_vsearch	3634	T	T	184	4	2.09%	2	1	93	93	0.06150134048256699	1	1	97	87	4	0	-C
H2_BC86_consensus_vsearch	3635	C	C	185	1	0.54%	2	1	93	93	0.5000000000001412	1	1	98	87	0	1	A
H2_BC86_consensus_vsearch	3636	C	C	188	1	0.53%	2	1	93	93	0.5000000000001412	1	1	101	87	0	1	-AT
H2_BC86_consensus_vsearch	3637	A	A	189	1	0.52%	2	1	93	93	0.5000000000001412	1	1	103	86	0	1	+C
H2_BC86_consensus_vsearch	3638	T	T	190	1	0.52%	2	1	93	93	0.4999999999999138	1	1	104	86	0	1	A
H2_BC86_consensus_vsearch	3639	G	G	191	1	0.52%	2	1	93	93	0.5000000000001412	1	1	103	88	1	0	+C
H2_BC86_consensus_vsearch	3640	C	C	188	2	1.04%	2	1	93	93	0.2493403693931866	1	1	103	85	0	2	-TA
H2_BC86_consensus_vsearch	3641	T	T	186	1	0.53%	2	1	93	93	0.4999999999999138	1	1	103	83	1	0	+A
H2_BC86_consensus_vsearch	3642	A	A	187	1	0.53%	2	1	93	93	0.4999999999999138	1	1	103	84	0	1	+C
H2_BC86_consensus_vsearch	3643	A	A	190	1	0.52%	2	1	93	93	0.4999999999999138	1	1	104	86	0	1	G
H2_BC86_consensus_vsearch	3644	T	T	189	1	0.52%	2	1	93	93	0.5000000000001412	1	1	103	86	0	1	+G
H2_BC86_consensus_vsearch	3645	A	A	187	2	1.05%	2	1	93	93	0.24933687002661706	1	1	101	86	2	0	G
H2_BC86_consensus_vsearch	3646	G	G	190	1	0.52%	2	1	93	93	0.4999999999999138	1	1	102	88	1	0	+A
H2_BC86_consensus_vsearch	3647	A	A	187	2	1.05%	2	1	93	93	0.24933687002661706	1	1	102	85	0	2	-T
H2_BC86_consensus_vsearch	3648	T	T	188	1	0.53%	2	1	93	93	0.5000000000001412	1	1	104	84	0	1	+C
H2_BC86_consensus_vsearch	3649	T	*/-C	178	8	4.19%	2	2	93	93	0.0036173981471315664	1	1	94	84	5	3	-C
H2_BC86_consensus_vsearch	3650	C	C	184	0	0%	2	0	93	0	1.0	1	0	99	85	0	0	
H2_BC86_consensus_vsearch	3651	C	*/-G	176	9	4.69%	2	1	93	93	0.001767978203561041	1	1	104	72	0	9	-G
H2_BC86_consensus_vsearch	3652	G	G	179	2	1.09%	2	1	93	93	0.24930747922443972	1	1	101	78	2	0	A
H2_BC86_consensus_vsearch	3653	G	G	191	1	0.52%	2	1	93	93	0.5000000000001412	1	1	103	88	1	0	A
H2_BC86_consensus_vsearch	3654	C	C	188	2	1.04%	2	1	93	93	0.2493403693931866	1	1	102	86	2	0	+TT
H2_BC86_consensus_vsearch	3655	A	A	188	1	0.53%	2	1	93	93	0.5000000000001412	1	1	104	84	0	1	+CA
H2_BC86_consensus_vsearch	3656	A	A	186	4	2.11%	2	2	93	93	0.061511866352189214	1	1	102	84	2	2	G
H2_BC86_consensus_vsearch	3657	C	C	187	1	0.53%	2	1	93	93	0.4999999999999138	1	1	102	85	1	0	-A
H2_BC86_consensus_vsearch	3658	A	A	185	2	1.06%	2	1	93	93	0.24932975871318122	1	1	101	84	0	2	-T
H2_BC86_consensus_vsearch	3659	T	T	186	1	0.53%	2	1	93	93	0.4999999999999138	1	1	102	84	1	0	+CT
H2_BC86_consensus_vsearch	3660	G	G	184	4	2.09%	2	2	93	93	0.06150134048256699	1	1	99	85	1	3	-TG
H2_BC86_consensus_vsearch	3661	T	T	182	2	1.08%	2	1	93	93	0.2493188010900035	1	1	101	81	0	2	C
H2_BC86_consensus_vsearch	3662	G	G	180	3	1.6%	2	1	93	93	0.12397260273979696	1	1	95	85	3	0	A
H2_BC86_consensus_vsearch	3663	C	C	184	5	2.65%	2	2	93	93	0.030424403183015276	1	1	100	84	1	4	+T
H2_BC86_consensus_vsearch	3664	C	C	182	2	1.05%	2	1	93	93	0.2493188010900035	1	1	98	84	0	2	+A
H2_BC86_consensus_vsearch	3665	T	T	183	3	1.6%	2	2	93	93	0.12398921832883274	1	1	99	84	1	2	C
H2_BC86_consensus_vsearch	3666	G	G	183	3	1.59%	2	1	93	93	0.12398921832883274	1	1	99	84	0	3	+C
H2_BC86_consensus_vsearch	3667	C	C	188	0	0%	2	0	93	0	1.0	1	0	101	87	0	0	
H2_BC86_consensus_vsearch	3668	C	C	187	2	1.05%	2	1	93	93	0.24933687002661706	1	1	103	84	0	2	+T
H2_BC86_consensus_vsearch	3669	T	Y	174	9	4.76%	2	2	93	93	0.0017660088144097936	1	1	99	75	2	7	C
H2_BC86_consensus_vsearch	3670	C	C	186	2	1.06%	2	1	93	93	0.24933333333336263	1	1	103	83	0	2	+T
H2_BC86_consensus_vsearch	3671	A	A	186	3	1.56%	2	2	93	93	0.1240053050397967	1	1	102	84	2	1	G
H2_BC86_consensus_vsearch	3672	T	T	188	3	1.56%	2	1	93	93	0.124015748031514	1	1	104	84	0	3	C
H2_BC86_consensus_vsearch	3673	G	G	190	2	1.04%	2	1	93	93	0.2493472584856949	1	1	102	88	2	0	A
H2_BC86_consensus_vsearch	3674	C	C	190	1	0.52%	2	1	93	93	0.4999999999999138	1	1	104	86	0	1	-G
H2_BC86_consensus_vsearch	3675	G	G	186	5	2.62%	2	1	93	93	0.030433036239869853	1	1	104	82	0	5	+C
H2_BC86_consensus_vsearch	3676	C	C	182	4	2.08%	2	1	93	93	0.061490587951709585	1	1	102	80	0	4	+T
H2_BC86_consensus_vsearch	3677	T	T	182	3	1.6%	2	1	93	93	0.12398373983732354	1	1	104	78	0	3	+C
H2_BC86_consensus_vsearch	3678	C	*/-TC	179	9	4.76%	2	2	93	93	0.0017708558237889195	1	1	103	76	1	8	-TC
H2_BC86_consensus_vsearch	3679	T	T	179	2	1.09%	2	1	93	93	0.24930747922443972	1	1	100	79	2	0	+C
H2_BC86_consensus_vsearch	3680	C	C	181	1	0.55%	2	1	93	93	0.4999999999999138	1	1	101	80	1	0	+G
H2_BC86_consensus_vsearch	3681	A	*/-T	181	7	3.65%	2	1	93	93	0.007380848803681321	1	1	93	88	7	0	-T
H2_BC86_consensus_vsearch	3682	T	T	184	1	0.54%	2	1	93	93	0.4999999999999138	1	1	96	88	1	0	G
H2_BC86_consensus_vsearch	3683	T	T	191	1	0.52%	2	1	93	93	0.5000000000001412	1	1	103	88	1	0	C
H2_BC86_consensus_vsearch	3684	T	T	192	0	0%	2	0	93	0	1.0	1	0	104	88	0	0	
H2_BC86_consensus_vsearch	3685	G	G	191	1	0.52%	2	1	93	93	0.5000000000001412	1	1	104	87	0	1	-T
H2_BC86_consensus_vsearch	3686	T	T	188	3	1.57%	2	2	93	93	0.124015748031514	1	1	102	86	2	1	C
H2_BC86_consensus_vsearch	3687	T	T	187	2	1.04%	2	1	93	93	0.24933687002661706	1	1	101	86	2	0	+C
H2_BC86_consensus_vsearch	3688	C	*/-G	175	8	4.21%	2	1	93	93	0.0036127494603351348	1	1	93	82	8	0	-G
H2_BC86_consensus_vsearch	3689	G	G	172	4	2.17%	2	1	93	93	0.06143315455637365	1	1	86	86	4	0	+A
H2_BC86_consensus_vsearch	3690	A	A	177	5	2.72%	2	1	93	93	0.03039269552742511	1	1	92	85	5	0	-G
H2_BC86_consensus_vsearch	3691	G	G	174	4	2.21%	2	1	93	93	0.061445158201351026	1	1	89	85	4	0	A
H2_BC86_consensus_vsearch	3692	G	G	183	5	2.63%	2	1	93	93	0.030420017873106126	1	1	98	85	5	0	T
H2_BC86_consensus_vsearch	3693	T	T	185	2	1.05%	2	1	93	93	0.24932975871318122	1	1	104	81	0	2	C
H2_BC86_consensus_vsearch	3694	A	A	182	4	2.09%	2	2	93	93	0.061490587951709585	1	1	102	80	2	2	G
H2_BC86_consensus_vsearch	3695	T	T	183	2	1.06%	2	2	93	93	0.2493224932250014	1	1	103	80	1	1	C
H2_BC86_consensus_vsearch	3696	T	T	187	2	1.05%	2	1	93	93	0.24933687002661706	1	1	104	83	0	2	C
H2_BC86_consensus_vsearch	3697	C	C	188	1	0.52%	2	1	93	93	0.5000000000001412	1	1	103	85	1	0	+A
H2_BC86_consensus_vsearch	3698	G	G	189	2	1.04%	2	2	93	93	0.24934383202100482	1	1	103	86	1	1	A
H2_BC86_consensus_vsearch	3699	T	T	189	1	0.52%	2	1	93	93	0.5000000000001412	1	1	103	86	1	0	+AT
H2_BC86_consensus_vsearch	3700	G	G	191	0	0%	2	0	93	0	1.0	1	0	104	87	0	0	
H2_BC86_consensus_vsearch	3701	A	A	184	4	2.08%	2	2	93	93	0.06150134048256699	1	1	98	86	2	2	-C
H2_BC86_consensus_vsearch	3702	C	C	187	1	0.53%	2	1	93	93	0.4999999999999138	1	1	102	85	0	1	+GT
H2_BC86_consensus_vsearch	3703	C	C	184	6	3.12%	2	1	93	93	0.015011512916161563	1	1	103	81	0	6	-G
H2_BC86_consensus_vsearch	3704	G	G	182	3	1.61%	2	1	93	93	0.12398373983732354	1	1	101	81	3	0	A
H2_BC86_consensus_vsearch	3705	G	*/-A	176	16	8.33%	2	1	93	93	1.1016738221751668E-5	1	1	88	88	16	0	-A
H2_BC86_consensus_vsearch	3706	A	A	173	2	1.14%	2	2	93	93	0.24928366762186466	1	1	86	87	1	1	G
H2_BC86_consensus_vsearch	3707	G	*/-C	184	7	3.66%	2	1	93	93	0.007387555568979833	1	1	96	88	7	0	-C
H2_BC86_consensus_vsearch	3708	C	C	184	1	0.54%	2	1	93	93	0.4999999999999138	1	1	96	88	1	0	+A
H2_BC86_consensus_vsearch	3709	C	*/+A	172	9	4.69%	2	2	93	93	0.0017639971126793845	1	1	85	87	8	1	+A
H2_BC86_consensus_vsearch	3710	G	G	177	2	1.09%	2	1	93	93	0.24929971988807545	1	1	91	86	2	0	-A
H2_BC86_consensus_vsearch	3711	A	A	184	1	0.54%	2	1	93	93	0.4999999999999138	1	1	97	87	1	0	G
H2_BC86_consensus_vsearch	3712	A	A	187	4	2.09%	2	2	93	93	0.06151704651694607	1	1	103	84	1	3	G
H2_BC86_consensus_vsearch	3713	G	G	188	1	0.52%	2	1	93	93	0.5000000000001412	1	1	101	87	1	0	+C
H2_BC86_consensus_vsearch	3714	C	C	189	1	0.52%	2	1	93	93	0.5000000000001412	1	1	101	88	1	0	A
H2_BC86_consensus_vsearch	3715	C	C	184	4	2.08%	2	1	93	93	0.06150134048256699	1	1	103	81	0	4	T
H2_BC86_consensus_vsearch	3716	C	*/-AC	177	8	4.17%	2	1	93	93	0.0036158650264919274	1	1	93	84	8	0	-AC
H2_BC86_consensus_vsearch	3717	A	A	176	2	1.11%	2	2	93	93	0.2492957746479494	1	1	91	85	1	1	G
H2_BC86_consensus_vsearch	3718	C	C	175	3	1.65%	2	1	93	93	0.12394366197182968	1	1	93	82	0	3	T
H2_BC86_consensus_vsearch	3719	G	G	185	2	1.05%	2	2	93	93	0.24932975871318122	1	1	102	83	1	1	A
H2_BC86_consensus_vsearch	3720	G	G	190	1	0.52%	2	1	93	93	0.4999999999999138	1	1	102	88	1	0	-C
H2_BC86_consensus_vsearch	3721	C	C	185	2	1.05%	2	2	93	93	0.24932975871318122	1	1	102	83	1	1	T
H2_BC86_consensus_vsearch	3722	C	C	185	3	1.56%	2	1	93	93	0.12399999999998497	1	1	101	84	3	0	-A
H2_BC86_consensus_vsearch	3723	A	*/-T	177	7	3.72%	2	2	93	93	0.007371570136883838	1	1	96	81	3	4	-T
H2_BC86_consensus_vsearch	3724	T	T	178	3	1.65%	2	1	93	93	0.12396121883654573	1	1	98	80	3	0	G
H2_BC86_consensus_vsearch	3725	T	T	181	5	2.63%	2	1	93	93	0.030411105997849117	1	1	101	80	0	5	C
H2_BC86_consensus_vsearch	3726	A	*/-G	135	42	22.34%	2	1	93	93	1.4342786723303736E-14	1	1	94	41	0	42	-G
H2_BC86_consensus_vsearch	3727	G	G	148	1	0.67%	2	1	93	93	0.4999999999999138	1	1	103	45	1	0	+AG
H2_BC86_consensus_vsearch	3728	G	G	186	3	1.57%	2	1	93	93	0.1240053050397967	1	1	100	86	3	0	A
H2_BC86_consensus_vsearch	3729	G	G	186	4	2.08%	2	2	93	93	0.061511866352189214	1	1	101	85	2	2	A
H2_BC86_consensus_vsearch	3730	C	C	174	6	3.12%	2	1	93	93	0.014977625873213331	1	1	97	77	0	6	T
H2_BC86_consensus_vsearch	3731	G	G	180	2	1.09%	2	1	93	93	0.24931129476584768	1	1	97	83	2	0	A
H2_BC86_consensus_vsearch	3732	C	C	180	2	1.08%	2	1	93	93	0.24931129476584768	1	1	99	81	0	2	+T
H2_BC86_consensus_vsearch	3733	C	Y	152	31	16.23%	2	2	93	93	1.1622821936477833E-10	1	1	101	51	1	30	T
H2_BC86_consensus_vsearch	3734	G	G	188	3	1.57%	2	1	93	93	0.124015748031514	1	1	101	87	3	0	-A
H2_BC86_consensus_vsearch	3735	A	A	188	1	0.53%	2	1	93	93	0.5000000000001412	1	1	101	87	0	1	-C
H2_BC86_consensus_vsearch	3736	C	C	190	1	0.52%	2	1	93	93	0.4999999999999138	1	1	103	87	1	0	T
H2_BC86_consensus_vsearch	3737	C	C	184	4	2.08%	2	2	93	93	0.06150134048256699	1	1	100	84	1	3	-G
H2_BC86_consensus_vsearch	3738	G	G	180	6	3.21%	2	1	93	93	0.014998392876323086	1	1	96	84	6	0	A
H2_BC86_consensus_vsearch	3739	G	G	184	5	2.62%	2	1	93	93	0.030424403183015276	1	1	96	88	5	0	+C
H2_BC86_consensus_vsearch	3740	C	*/+G	181	7	3.66%	2	1	93	93	0.007380848803681321	1	1	95	86	7	0	+G
H2_BC86_consensus_vsearch	3741	A	A	182	4	2.09%	2	2	93	93	0.061490587951709585	1	1	96	86	3	1	-G
H2_BC86_consensus_vsearch	3742	G	G	179	4	2.13%	2	1	93	93	0.061474017887485174	1	1	92	87	4	0	+A
H2_BC86_consensus_vsearch	3743	T	T	180	5	2.6%	2	1	93	93	0.030406577907750046	1	1	93	87	5	0	-C
H2_BC86_consensus_vsearch	3744	C	C	180	1	0.55%	2	1	93	93	0.5000000000001412	1	1	93	87	1	0	+A
H2_BC86_consensus_vsearch	3745	C	C	183	1	0.53%	2	1	93	93	0.4999999999999138	1	1	96	87	0	1	+A
H2_BC86_consensus_vsearch	3746	A	*/-C	134	39	20.53%	2	2	93	93	1.6238209583812356E-13	1	1	66	68	25	14	-C
H2_BC86_consensus_vsearch	3747	C	C	143	3	2%	2	1	93	93	0.1237113402061497	1	1	75	68	0	3	T
H2_BC86_consensus_vsearch	3748	C	C	184	3	1.59%	2	1	93	93	0.12399463806966378	1	1	100	84	0	3	T
H2_BC86_consensus_vsearch	3749	C	C	189	1	0.53%	2	1	93	93	0.5000000000001412	1	1	101	88	1	0	G
H2_BC86_consensus_vsearch	3750	C	C	178	6	3.12%	2	1	93	93	0.014991620166021489	1	1	104	74	0	6	T
H2_BC86_consensus_vsearch	3751	G	K	179	7	3.74%	2	1	93	93	0.007376258791632204	1	1	104	75	0	7	T
H2_BC86_consensus_vsearch	3752	G	G	191	1	0.52%	2	1	93	93	0.5000000000001412	1	1	103	88	1	0	-A
H2_BC86_consensus_vsearch	3753	A	A	188	1	0.52%	2	1	93	93	0.5000000000001412	1	1	100	88	1	0	+GG
H2_BC86_consensus_vsearch	3754	G	G	185	4	2.09%	2	1	93	93	0.061506631299724945	1	1	103	82	0	4	+T
H2_BC86_consensus_vsearch	3755	G	G	192	0	0%	2	0	93	0	1.0	1	0	104	88	0	0	
H2_BC86_consensus_vsearch	3756	A	A	188	1	0.52%	2	1	93	93	0.5000000000001412	1	1	103	85	0	1	-T
H2_BC86_consensus_vsearch	3757	T	T	185	2	1.05%	2	1	93	93	0.24932975871318122	1	1	99	86	2	0	-G
H2_BC86_consensus_vsearch	3758	G	G	187	1	0.53%	2	1	93	93	0.4999999999999138	1	1	101	86	0	1	+TTTTT
H2_BC86_consensus_vsearch	3759	C	C	183	4	2.08%	2	2	93	93	0.061495993004889796	1	1	99	84	2	2	+T
H2_BC86_consensus_vsearch	3760	T	T	186	1	0.53%	2	1	93	93	0.4999999999999138	1	1	101	85	0	1	+C
H2_BC86_consensus_vsearch	3761	T	T	181	3	1.58%	2	1	93	93	0.12397820163492167	1	1	101	80	0	3	+C
H2_BC86_consensus_vsearch	3762	G	G	189	2	1.04%	2	1	93	93	0.24934383202100482	1	1	102	87	2	0	-C
H2_BC86_consensus_vsearch	3763	C	C	187	2	1.05%	2	1	93	93	0.24933687002661706	1	1	102	85	0	2	+T
H2_BC86_consensus_vsearch	3764	C	Y	178	11	5.73%	2	2	93	93	4.204021120137521E-4	1	1	101	77	1	10	T
H2_BC86_consensus_vsearch	3765	A	*/-TA	179	9	4.71%	2	1	93	93	0.0017708558237889195	1	1	103	76	0	9	-TA
H2_BC86_consensus_vsearch	3766	T	T	175	3	1.65%	2	2	93	93	0.12394366197182968	1	1	100	75	2	1	+G
H2_BC86_consensus_vsearch	3767	A	A	174	4	2.22%	2	1	93	93	0.061445158201351026	1	1	97	77	4	0	G
H2_BC86_consensus_vsearch	3768	G	G	189	1	0.53%	2	1	93	93	0.5000000000001412	1	1	102	87	1	0	+A
H2_BC86_consensus_vsearch	3769	G	G	191	1	0.52%	2	1	93	93	0.5000000000001412	1	1	103	88	1	0	T
H2_BC86_consensus_vsearch	3770	T	T	192	0	0%	2	0	93	0	1.0	1	0	104	88	0	0	
H2_BC86_consensus_vsearch	3771	G	G	186	3	1.56%	2	2	93	93	0.1240053050397967	1	1	101	85	1	2	-CG
H2_BC86_consensus_vsearch	3772	C	C	185	1	0.53%	2	1	93	93	0.5000000000001412	1	1	101	84	1	0	+AC
H2_BC86_consensus_vsearch	3773	G	G	184	3	1.6%	2	1	93	93	0.12399463806966378	1	1	99	85	3	0	A
H2_BC86_consensus_vsearch	3774	G	*/-C	152	25	13.02%	2	2	93	93	1.1980466877932057E-8	1	1	88	64	6	19	-C
H2_BC86_consensus_vsearch	3775	C	C	159	3	1.83%	2	1	93	93	0.1238390092878778	1	1	94	65	0	3	+T
H2_BC86_consensus_vsearch	3776	C	C	188	1	0.53%	2	1	93	93	0.5000000000001412	1	1	101	87	0	1	T
H2_BC86_consensus_vsearch	3777	C	C	186	2	1.04%	2	1	93	93	0.24933333333336263	1	1	100	86	2	0	+A
H2_BC86_consensus_vsearch	3778	C	C	186	4	2.08%	2	2	93	93	0.061511866352189214	1	1	101	85	1	3	-T
H2_BC86_consensus_vsearch	3779	T	T	177	6	3.19%	2	2	93	93	0.014988178616270897	1	1	99	78	1	5	+G
H2_BC86_consensus_vsearch	3780	G	G	186	4	2.08%	2	1	93	93	0.061511866352189214	1	1	98	88	4	0	-A
H2_BC86_consensus_vsearch	3781	A	A	182	3	1.6%	2	1	93	93	0.12398373983732354	1	1	94	88	3	0	+G
H2_BC86_consensus_vsearch	3782	G	G	190	1	0.52%	2	1	93	93	0.4999999999999138	1	1	102	88	1	0	+C
H2_BC86_consensus_vsearch	3783	C	C	189	2	1.04%	2	2	93	93	0.24934383202100482	1	1	102	87	1	1	T
H2_BC86_consensus_vsearch	3784	A	A	188	1	0.52%	2	1	93	93	0.5000000000001412	1	1	101	87	0	1	-T
H2_BC86_consensus_vsearch	3785	T	T	185	2	1.06%	2	2	93	93	0.24932975871318122	1	1	99	86	1	1	C
H2_BC86_consensus_vsearch	3786	C	C	184	2	1.06%	2	1	93	93	0.24932614555250343	1	1	98	86	0	2	+A
H2_BC86_consensus_vsearch	3787	A	A	186	2	1.06%	2	2	93	93	0.24933333333336263	1	1	99	87	1	1	G
H2_BC86_consensus_vsearch	3788	A	R	171	15	7.94%	2	1	93	93	2.2748896676102235E-5	1	1	85	86	15	0	G
H2_BC86_consensus_vsearch	3789	C	C	185	1	0.52%	2	1	93	93	0.5000000000001412	1	1	97	88	1	0	+GC
H2_BC86_consensus_vsearch	3790	T	T	188	1	0.53%	2	1	93	93	0.5000000000001412	1	1	101	87	0	1	+C
H2_BC86_consensus_vsearch	3791	A	A	186	3	1.58%	2	1	93	93	0.1240053050397967	1	1	98	88	3	0	T
H2_BC86_consensus_vsearch	3792	C	C	187	2	1.05%	2	2	93	93	0.24933687002661706	1	1	101	86	1	1	-GC
H2_BC86_consensus_vsearch	3793	G	G	189	0	0%	2	0	93	0	1.0	1	0	102	87	0	0	
H2_BC86_consensus_vsearch	3794	C	C	185	4	2.12%	2	1	93	93	0.061506631299724945	1	1	98	87	4	0	-AC
H2_BC86_consensus_vsearch	3795	A	A	185	1	0.53%	2	1	93	93	0.5000000000001412	1	1	98	87	1	0	+C
H2_BC86_consensus_vsearch	3796	C	C	186	0	0%	2	0	93	0	1.0	1	0	99	87	0	0	
H2_BC86_consensus_vsearch	3797	G	*/-T	174	14	7.37%	2	1	93	93	4.7482349176863256E-5	1	1	88	86	14	0	-T
H2_BC86_consensus_vsearch	3798	T	T	175	2	1.13%	2	2	93	93	0.2492917847025028	1	1	89	86	1	1	C
H2_BC86_consensus_vsearch	3799	T	T	191	1	0.52%	2	1	93	93	0.5000000000001412	1	1	103	88	1	0	C
H2_BC86_consensus_vsearch	3800	T	T	191	1	0.52%	2	1	93	93	0.5000000000001412	1	1	103	88	1	0	C
H2_BC86_consensus_vsearch	3801	T	T	184	3	1.56%	2	1	93	93	0.12399463806966378	1	1	98	86	3	0	-A
H2_BC86_consensus_vsearch	3802	A	A	187	0	0%	2	0	93	0	1.0	1	0	99	88	0	0	
H2_BC86_consensus_vsearch	3803	A	A	181	4	2.11%	2	1	93	93	0.06148512438803467	1	1	97	84	4	0	G
H2_BC86_consensus_vsearch	3804	C	C	183	3	1.58%	2	1	93	93	0.12398921832883274	1	1	96	87	3	0	-T
H2_BC86_consensus_vsearch	3805	T	Y	175	7	3.76%	2	1	93	93	0.007366779625824957	1	1	98	77	0	7	C
H2_BC86_consensus_vsearch	3806	G	G	188	1	0.53%	2	1	93	93	0.5000000000001412	1	1	101	87	1	0	A
H2_BC86_consensus_vsearch	3807	C	*/+A	176	12	6.32%	2	2	93	93	2.0369927796885998E-4	1	1	101	75	1	11	+A
H2_BC86_consensus_vsearch	3808	A	A	190	1	0.52%	2	1	93	93	0.4999999999999138	1	1	102	88	1	0	G
H2_BC86_consensus_vsearch	3809	A	A	181	4	2.09%	2	1	93	93	0.06148512438803467	1	1	94	87	4	0	+G
H2_BC86_consensus_vsearch	3810	C	Y	174	11	5.76%	2	2	93	93	4.190037601545019E-4	1	1	98	76	1	10	T
H2_BC86_consensus_vsearch	3811	A	A	189	0	0%	2	0	93	0	1.0	1	0	103	86	0	0	
H2_BC86_consensus_vsearch	3812	A	A	181	4	2.08%	2	1	93	93	0.06148512438803467	1	1	100	81	4	0	G
H2_BC86_consensus_vsearch	3813	C	*/+T	175	9	4.76%	2	2	93	93	0.0017669987142516655	1	1	102	73	1	8	+T
H2_BC86_consensus_vsearch	3814	T	T	183	2	1.07%	2	1	93	93	0.2493224932250014	1	1	101	82	2	0	+C
H2_BC86_consensus_vsearch	3815	C	C	185	4	2.09%	2	1	93	93	0.061506631299724945	1	1	104	81	0	4	+TC
H2_BC86_consensus_vsearch	3816	A	A	179	5	2.62%	2	2	93	93	0.03040200067187797	1	1	102	77	2	3	-CA
H2_BC86_consensus_vsearch	3817	C	C	184	1	0.54%	2	1	93	93	0.4999999999999138	1	1	102	82	0	1	+T
H2_BC86_consensus_vsearch	3818	A	A	184	1	0.54%	2	1	93	93	0.4999999999999138	1	1	102	82	0	1	+CA
H2_BC86_consensus_vsearch	3819	T	T	189	1	0.52%	2	1	93	93	0.5000000000001412	1	1	104	85	0	1	-A
H2_BC86_consensus_vsearch	3820	A	A	185	5	2.63%	2	2	93	93	0.030428742397642147	1	1	102	83	2	3	-TA
H2_BC86_consensus_vsearch	3821	T	T	186	1	0.53%	2	1	93	93	0.4999999999999138	1	1	101	85	1	0	-A
H2_BC86_consensus_vsearch	3822	A	A	180	4	2.15%	2	1	93	93	0.06147960135865969	1	1	96	84	4	0	G
H2_BC86_consensus_vsearch	3823	C	C	190	1	0.52%	2	1	93	93	0.4999999999999138	1	1	103	87	1	0	-G
H2_BC86_consensus_vsearch	3824	G	G	189	2	1.05%	2	2	93	93	0.24934383202100482	1	1	102	87	1	1	A
H2_BC86_consensus_vsearch	3825	C	C	188	3	1.56%	2	1	93	93	0.124015748031514	1	1	104	84	0	3	-T
H2_BC86_consensus_vsearch	3826	T	T	189	0	0%	2	0	93	0	1.0	1	0	104	85	0	0	
H2_BC86_consensus_vsearch	3827	C	C	190	1	0.52%	2	1	93	93	0.4999999999999138	1	1	103	87	1	0	+A
H2_BC86_consensus_vsearch	3828	G	G	186	2	1.04%	2	1	93	93	0.24933333333336263	1	1	102	84	0	2	-TG
H2_BC86_consensus_vsearch	3829	T	T	183	4	2.12%	2	1	93	93	0.061495993004889796	1	1	103	80	0	4	-G
H2_BC86_consensus_vsearch	3830	G	G	182	2	1.08%	2	1	93	93	0.2493188010900035	1	1	101	81	2	0	A
H2_BC86_consensus_vsearch	3831	G	G	187	4	2.09%	2	1	93	93	0.06151704651694607	1	1	100	87	4	0	-A
H2_BC86_consensus_vsearch	3832	A	A	186	1	0.53%	2	1	93	93	0.4999999999999138	1	1	98	88	1	0	+G
H2_BC86_consensus_vsearch	3833	G	G	188	2	1.05%	2	1	93	93	0.2493403693931866	1	1	100	88	2	0	A
H2_BC86_consensus_vsearch	3834	C	C	187	4	2.08%	2	1	93	93	0.06151704651694607	1	1	103	84	0	4	T
H2_BC86_consensus_vsearch	3835	T	T	183	3	1.56%	2	2	93	93	0.12398921832883274	1	1	100	83	1	2	C
H2_BC86_consensus_vsearch	3836	G	G	188	3	1.57%	2	1	93	93	0.124015748031514	1	1	101	87	3	0	A
H2_BC86_consensus_vsearch	3837	G	G	187	3	1.56%	2	1	93	93	0.12401055408976878	1	1	100	87	3	0	-A
H2_BC86_consensus_vsearch	3838	A	A	184	3	1.6%	2	1	93	93	0.12399463806966378	1	1	97	87	3	0	G
H2_BC86_consensus_vsearch	3839	A	A	189	1	0.52%	2	1	93	93	0.5000000000001412	1	1	101	88	1	0	+T
H2_BC86_consensus_vsearch	3840	T	T	190	1	0.52%	2	1	93	93	0.4999999999999138	1	1	102	88	1	0	+C
H2_BC86_consensus_vsearch	3841	T	T	190	1	0.52%	2	1	93	93	0.4999999999999138	1	1	103	87	0	1	+A
H2_BC86_consensus_vsearch	3842	A	A	184	3	1.56%	2	1	93	93	0.12399463806966378	1	1	99	85	3	0	-C
H2_BC86_consensus_vsearch	3843	C	C	189	0	0%	2	0	93	0	1.0	1	0	101	88	0	0	
H2_BC86_consensus_vsearch	3844	C	C	184	4	2.08%	2	1	93	93	0.06150134048256699	1	1	103	81	0	4	T
H2_BC86_consensus_vsearch	3845	G	G	183	5	2.62%	2	1	93	93	0.030420017873106126	1	1	97	86	5	0	A
H2_BC86_consensus_vsearch	3846	C	*/-G	177	7	3.68%	2	1	93	93	0.007371570136883838	1	1	101	76	0	7	-G
H2_BC86_consensus_vsearch	3847	G	G	179	4	2.19%	2	2	93	93	0.061474017887485174	1	1	99	80	3	1	A
H2_BC86_consensus_vsearch	3848	G	G	190	1	0.52%	2	1	93	93	0.4999999999999138	1	1	103	87	0	1	A
H2_BC86_consensus_vsearch	3849	C	C	187	2	1.04%	2	1	93	93	0.24933687002661706	1	1	103	84	0	2	T
H2_BC86_consensus_vsearch	3850	T	T	189	1	0.52%	2	1	93	93	0.5000000000001412	1	1	104	85	0	1	-GC
H2_BC86_consensus_vsearch	3851	G	G	187	2	1.05%	2	2	93	93	0.24933687002661706	1	1	102	85	1	1	-CTG
H2_BC86_consensus_vsearch	3852	C	C	185	3	1.59%	2	1	93	93	0.12399999999998497	1	1	100	85	3	0	-TG
H2_BC86_consensus_vsearch	3853	T	T	178	4	2.14%	2	2	93	93	0.06146837297681004	1	1	95	83	3	1	-G
H2_BC86_consensus_vsearch	3854	G	G	179	1	0.55%	2	1	93	93	0.5000000000001412	1	1	95	84	0	1	+C
H2_BC86_consensus_vsearch	3855	G	G	184	6	3.14%	2	2	93	93	0.015011512916161563	1	1	99	85	5	1	A
H2_BC86_consensus_vsearch	3856	C	*/-A	172	15	7.81%	2	1	93	93	2.2786128332551297E-5	1	1	86	86	15	0	-A
H2_BC86_consensus_vsearch	3857	A	A	167	3	1.69%	2	2	93	93	0.12389380530972131	1	1	82	85	2	1	+C
H2_BC86_consensus_vsearch	3858	C	S	168	15	7.94%	2	1	93	93	2.26350367290671E-5	1	1	81	87	15	0	G
H2_BC86_consensus_vsearch	3859	C	C	185	2	1.05%	2	2	93	93	0.24932975871318122	1	1	100	85	1	1	+A
H2_BC86_consensus_vsearch	3860	A	A	187	2	1.04%	2	1	93	93	0.24933687002661706	1	1	100	87	2	0	-G
H2_BC86_consensus_vsearch	3861	G	G	188	1	0.53%	2	1	93	93	0.5000000000001412	1	1	101	87	0	1	+AA
H2_BC86_consensus_vsearch	3862	A	A	187	1	0.52%	2	1	93	93	0.4999999999999138	1	1	102	85	0	1	+T
H2_BC86_consensus_vsearch	3863	C	C	183	4	2.08%	2	1	93	93	0.061495993004889796	1	1	100	83	0	4	T
H2_BC86_consensus_vsearch	3864	T	T	183	3	1.59%	2	1	93	93	0.12398921832883274	1	1	99	84	0	3	+C
H2_BC86_consensus_vsearch	3865	T	T	186	1	0.53%	2	1	93	93	0.4999999999999138	1	1	100	86	1	0	+AC
H2_BC86_consensus_vsearch	3866	G	*/-C	176	9	4.71%	2	2	93	93	0.001767978203561041	1	1	98	78	2	7	-C
H2_BC86_consensus_vsearch	3867	C	*/+T	157	18	9.89%	2	1	93	93	2.4072847951339005E-6	1	1	100	57	0	18	+T
H2_BC86_consensus_vsearch	3868	C	Y	176	7	3.66%	2	2	93	93	0.007369187819667051	1	1	99	77	1	6	T
H2_BC86_consensus_vsearch	3869	C	C	186	1	0.52%	2	1	93	93	0.4999999999999138	1	1	100	86	1	0	+A
H2_BC86_consensus_vsearch	3870	T	*/-C	129	56	29.79%	2	1	93	93	1.0105462813322432E-19	1	1	45	84	56	0	-C
H2_BC86_consensus_vsearch	3871	C	C	132	1	0.75%	2	1	93	93	0.4999999999999138	1	1	45	87	1	0	G
H2_BC86_consensus_vsearch	3872	C	C	184	5	2.63%	2	2	93	93	0.030424403183015276	1	1	101	83	1	4	-A
H2_BC86_consensus_vsearch	3873	A	A	185	1	0.54%	2	1	93	93	0.5000000000001412	1	1	102	83	0	1	G
H2_BC86_consensus_vsearch	3874	A	A	189	2	1.05%	2	2	93	93	0.24934383202100482	1	1	102	87	1	1	G
H2_BC86_consensus_vsearch	3875	T	T	186	4	2.08%	2	1	93	93	0.061511866352189214	1	1	102	84	0	4	C
H2_BC86_consensus_vsearch	3876	C	C	189	1	0.52%	2	1	93	93	0.5000000000001412	1	1	101	88	1	0	+A
H2_BC86_consensus_vsearch	3877	G	G	186	2	1.04%	2	1	93	93	0.24933333333336263	1	1	99	87	2	0	A
H2_BC86_consensus_vsearch	3878	T	T	187	4	2.09%	2	2	93	93	0.06151704651694607	1	1	103	84	1	3	C
H2_BC86_consensus_vsearch	3879	T	T	191	1	0.52%	2	1	93	93	0.5000000000001412	1	1	103	88	1	0	C
H2_BC86_consensus_vsearch	3880	G	G	189	1	0.52%	2	1	93	93	0.5000000000001412	1	1	103	86	0	1	+C
H2_BC86_consensus_vsearch	3881	C	C	187	2	1.05%	2	2	93	93	0.24933687002661706	1	1	101	86	1	1	T
H2_BC86_consensus_vsearch	3882	T	T	185	2	1.05%	2	2	93	93	0.24932975871318122	1	1	100	85	1	1	+C
H2_BC86_consensus_vsearch	3883	C	*/-A	176	12	6.32%	2	1	93	93	2.0369927796885998E-4	1	1	89	87	12	0	-A
H2_BC86_consensus_vsearch	3884	A	A	175	1	0.56%	2	1	93	93	0.4999999999999138	1	1	89	86	0	1	+C
H2_BC86_consensus_vsearch	3885	C	*/-T	173	16	8.47%	2	1	93	93	1.0957465194659251E-5	1	1	101	72	0	16	-T
H2_BC86_consensus_vsearch	3886	T	T	170	2	1.14%	2	1	93	93	0.2492711370263462	1	1	101	69	2	0	+C
H2_BC86_consensus_vsearch	3887	C	C	186	1	0.53%	2	1	93	93	0.4999999999999138	1	1	102	84	1	0	+A
H2_BC86_consensus_vsearch	3888	A	A	188	2	1.04%	2	1	93	93	0.2493403693931866	1	1	101	87	2	0	G
H2_BC86_consensus_vsearch	3889	G	*/-A	183	8	4.17%	2	1	93	93	0.003624827265843605	1	1	96	87	8	0	-A
H2_BC86_consensus_vsearch	3890	A	A	177	3	1.64%	2	1	93	93	0.1239554317548523	1	1	91	86	3	0	+G
H2_BC86_consensus_vsearch	3891	G	G	191	0	0%	2	0	93	0	1.0	1	0	104	87	0	0	
H2_BC86_consensus_vsearch	3892	C	C	185	3	1.56%	2	2	93	93	0.12399999999998497	1	1	100	85	2	1	-T
H2_BC86_consensus_vsearch	3893	T	T	189	0	0%	2	0	93	0	1.0	1	0	102	87	0	0	
H2_BC86_consensus_vsearch	3894	T	T	190	1	0.52%	2	1	93	93	0.4999999999999138	1	1	103	87	1	0	A
H2_BC86_consensus_vsearch	3895	T	T	186	3	1.56%	2	1	93	93	0.1240053050397967	1	1	99	87	3	0	+G
H2_BC86_consensus_vsearch	3896	A	A	184	3	1.56%	2	1	93	93	0.12399463806966378	1	1	101	83	3	0	-G
H2_BC86_consensus_vsearch	3897	G	G	188	0	0%	2	0	93	0	1.0	1	0	101	87	0	0	
H2_BC86_consensus_vsearch	3898	A	A	190	1	0.52%	2	1	93	93	0.4999999999999138	1	1	104	86	0	1	G
H2_BC86_consensus_vsearch	3899	T	T	192	0	0%	2	0	93	0	1.0	1	0	104	88	0	0	
H2_BC86_consensus_vsearch	3900	T	*/+G	175	14	7.29%	2	2	93	93	4.754784207226191E-5	1	1	92	83	12	2	+G
H2_BC86_consensus_vsearch	3901	A	*/-G	168	17	8.9%	2	2	93	93	5.192137088615319E-6	1	1	90	78	12	5	-G
H2_BC86_consensus_vsearch	3902	G	G	169	3	1.71%	2	1	93	93	0.12390670553935745	1	1	88	81	3	0	+A
H2_BC86_consensus_vsearch	3903	G	G	185	5	2.6%	2	1	93	93	0.030428742397642147	1	1	103	82	0	5	+C
H2_BC86_consensus_vsearch	3904	C	C	189	1	0.52%	2	1	93	93	0.5000000000001412	1	1	102	87	1	0	-T
H2_BC86_consensus_vsearch	3905	T	*/-C	182	8	4.19%	2	2	93	93	0.003623372158916335	1	1	102	80	1	7	-C
H2_BC86_consensus_vsearch	3906	C	C	177	3	1.63%	2	1	93	93	0.1239554317548523	1	1	99	78	0	3	+T
H2_BC86_consensus_vsearch	3907	A	A	186	2	1.04%	2	1	93	93	0.24933333333336263	1	1	99	87	2	0	G
H2_BC86_consensus_vsearch	3908	T	T	187	1	0.53%	2	1	93	93	0.4999999999999138	1	1	102	85	0	1	+AT
H2_BC86_consensus_vsearch	3909	T	*/-C	146	42	21.99%	2	2	93	93	1.72181890660445E-14	1	1	62	84	39	3	-C
H2_BC86_consensus_vsearch	3910	C	C	146	2	1.35%	2	1	93	93	0.24915254237288603	1	1	61	85	2	0	T
H2_BC86_consensus_vsearch	3911	C	*/-A	163	20	10.53%	2	2	93	93	5.509770763485454E-7	1	1	93	70	2	18	-A
H2_BC86_consensus_vsearch	3912	A	A	167	3	1.75%	2	1	93	93	0.12389380530972131	1	1	97	70	3	0	G
H2_BC86_consensus_vsearch	3913	A	A	186	2	1.04%	2	1	93	93	0.24933333333336263	1	1	102	84	0	2	G
H2_BC86_consensus_vsearch	3914	T	Y	168	18	9.47%	2	2	93	93	2.4771112255650594E-6	1	1	99	69	1	17	C
H2_BC86_consensus_vsearch	3915	T	T	181	3	1.57%	2	1	93	93	0.12397820163492167	1	1	97	84	3	0	+A
H2_BC86_consensus_vsearch	3916	A	*/+G	175	11	5.73%	2	1	93	93	4.1935871135675344E-4	1	1	100	75	0	11	+G
H2_BC86_consensus_vsearch	3917	G	G	184	2	1.06%	2	1	93	93	0.24932614555250343	1	1	97	87	2	0	+A
H2_BC86_consensus_vsearch	3918	G	G	189	2	1.04%	2	1	93	93	0.24934383202100482	1	1	104	85	0	2	+C
H2_BC86_consensus_vsearch	3919	T	T	191	1	0.52%	2	1	93	93	0.5000000000001412	1	1	103	88	1	0	+CC
H2_BC86_consensus_vsearch	3920	C	C	190	1	0.52%	2	1	93	93	0.4999999999999138	1	1	103	87	1	0	-ACATTGCTCGTGCGCCC
H2_BC86_consensus_vsearch	3921	A	A	186	2	1.05%	2	1	93	93	0.24933333333336263	1	1	99	87	2	0	-CA
H2_BC86_consensus_vsearch	3922	C	C	184	3	1.59%	2	2	93	93	0.12399463806966378	1	1	98	86	2	1	-A
H2_BC86_consensus_vsearch	3923	A	A	183	1	0.54%	2	1	93	93	0.4999999999999138	1	1	99	84	0	1	+CA
H2_BC86_consensus_vsearch	3924	T	T	187	2	1.05%	2	1	93	93	0.24933687002661706	1	1	101	86	2	0	G
H2_BC86_consensus_vsearch	3925	T	T	189	1	0.52%	2	1	93	93	0.5000000000001412	1	1	103	86	0	1	C
H2_BC86_consensus_vsearch	3926	G	G	188	1	0.52%	2	1	93	93	0.5000000000001412	1	1	102	86	0	1	+C
H2_BC86_consensus_vsearch	3927	C	C	186	1	0.53%	2	1	93	93	0.4999999999999138	1	1	102	84	0	1	+TT
H2_BC86_consensus_vsearch	3928	T	T	188	2	1.05%	2	2	93	93	0.2493403693931866	1	1	101	87	1	1	C
H2_BC86_consensus_vsearch	3929	C	C	186	4	2.09%	2	2	93	93	0.061511866352189214	1	1	101	85	2	2	+A
H2_BC86_consensus_vsearch	3930	G	G	186	2	1.05%	2	1	93	93	0.24933333333336263	1	1	100	86	2	0	T
H2_BC86_consensus_vsearch	3931	T	T	189	1	0.53%	2	1	93	93	0.5000000000001412	1	1	103	86	0	1	C
H2_BC86_consensus_vsearch	3932	G	G	189	1	0.52%	2	1	93	93	0.5000000000001412	1	1	101	88	1	0	+C
H2_BC86_consensus_vsearch	3933	C	C	183	5	2.62%	2	2	93	93	0.030420017873106126	1	1	100	83	1	4	-GC
H2_BC86_consensus_vsearch	3934	G	G	172	5	2.7%	2	1	93	93	0.030368514079556194	1	1	89	83	5	0	+C
H2_BC86_consensus_vsearch	3935	C	C	179	1	0.55%	2	1	93	93	0.5000000000001412	1	1	97	82	1	0	+GC
H2_BC86_consensus_vsearch	3936	C	C	189	2	1.05%	2	1	93	93	0.24934383202100482	1	1	103	86	0	2	T
H2_BC86_consensus_vsearch	3937	C	C	191	0	0%	2	0	93	0	1.0	1	0	103	88	0	0	
H2_BC86_consensus_vsearch	3938	C	C	190	1	0.52%	2	1	93	93	0.4999999999999138	1	1	102	88	1	0	+T
H2_BC86_consensus_vsearch	3939	A	A	189	2	1.05%	2	1	93	93	0.24934383202100482	1	1	101	88	2	0	+T
H2_BC86_consensus_vsearch	3940	T	T	188	2	1.05%	2	1	93	93	0.2493403693931866	1	1	102	86	0	2	C
H2_BC86_consensus_vsearch	3941	T	T	185	2	1.04%	2	1	93	93	0.24932975871318122	1	1	99	86	2	0	C
H2_BC86_consensus_vsearch	3942	G	G	186	3	1.56%	2	1	93	93	0.1240053050397967	1	1	98	88	3	0	-T
H2_BC86_consensus_vsearch	3943	T	T	183	3	1.59%	2	2	93	93	0.12398921832883274	1	1	96	87	2	1	C
H2_BC86_consensus_vsearch	3944	T	T	186	3	1.56%	2	1	93	93	0.1240053050397967	1	1	102	84	0	3	+A
H2_BC86_consensus_vsearch	3945	A	A	180	3	1.57%	2	1	93	93	0.12397260273979696	1	1	97	83	0	3	+G
H2_BC86_consensus_vsearch	3946	T	T	183	4	2.11%	2	1	93	93	0.061495993004889796	1	1	101	82	0	4	-GT
H2_BC86_consensus_vsearch	3947	G	G	182	1	0.54%	2	1	93	93	0.4999999999999138	1	1	100	82	0	1	+CG
H2_BC86_consensus_vsearch	3948	T	T	182	3	1.6%	2	1	93	93	0.12398373983732354	1	1	103	79	0	3	+A
H2_BC86_consensus_vsearch	3949	A	A	186	3	1.57%	2	1	93	93	0.1240053050397967	1	1	100	86	3	0	G
H2_BC86_consensus_vsearch	3950	C	C	184	4	2.12%	2	1	93	93	0.06150134048256699	1	1	102	82	0	4	T
H2_BC86_consensus_vsearch	3951	T	T	186	3	1.58%	2	1	93	93	0.1240053050397967	1	1	98	88	3	0	C
H2_BC86_consensus_vsearch	3952	G	G	187	3	1.57%	2	1	93	93	0.12401055408976878	1	1	100	87	3	0	A
H2_BC86_consensus_vsearch	3953	T	T	186	2	1.05%	2	1	93	93	0.24933333333336263	1	1	101	85	0	2	C
H2_BC86_consensus_vsearch	3954	C	C	187	1	0.52%	2	1	93	93	0.4999999999999138	1	1	99	88	1	0	+A
H2_BC86_consensus_vsearch	3955	G	G	189	2	1.05%	2	1	93	93	0.24934383202100482	1	1	101	88	2	0	A
H2_BC86_consensus_vsearch	3956	C	C	189	1	0.52%	2	1	93	93	0.5000000000001412	1	1	102	87	1	0	+GC
H2_BC86_consensus_vsearch	3957	T	T	187	2	1.04%	2	1	93	93	0.24933687002661706	1	1	103	84	0	2	C
H2_BC86_consensus_vsearch	3958	A	A	181	5	2.63%	2	1	93	93	0.030411105997849117	1	1	101	80	0	5	-C
H2_BC86_consensus_vsearch	3959	C	C	184	1	0.54%	2	1	93	93	0.4999999999999138	1	1	103	81	0	1	T
H2_BC86_consensus_vsearch	3960	C	*/-TC	179	8	4.21%	2	1	93	93	0.0036189151712300786	1	1	103	76	0	8	-TC
H2_BC86_consensus_vsearch	3961	T	T	175	4	2.2%	2	2	93	93	0.06145105929696947	1	1	100	75	2	2	C
H2_BC86_consensus_vsearch	3962	C	C	179	1	0.55%	2	1	93	93	0.5000000000001412	1	1	100	79	1	0	+TCAC
H2_BC86_consensus_vsearch	3963	A	A	186	2	1.06%	2	1	93	93	0.24933333333336263	1	1	99	87	2	0	G
H2_BC86_consensus_vsearch	3964	C	C	186	4	2.11%	2	1	93	93	0.061511866352189214	1	1	98	88	4	0	-ACAC
H2_BC86_consensus_vsearch	3965	A	A	184	2	1.07%	2	2	93	93	0.24932614555250343	1	1	97	87	1	1	G
H2_BC86_consensus_vsearch	3966	C	*/-AC	150	30	16.04%	2	2	93	93	2.4930283269386194E-10	1	1	72	78	22	8	-AC
H2_BC86_consensus_vsearch	3967	A	A	152	1	0.65%	2	1	93	93	0.4999999999999138	1	1	73	79	1	0	G
H2_BC86_consensus_vsearch	3968	C	C	150	3	1.95%	2	2	93	93	0.1237704918032649	1	1	73	77	2	1	+AC
H2_BC86_consensus_vsearch	3969	G	G	184	2	1.07%	2	1	93	93	0.24932614555250343	1	1	98	86	2	0	A
H2_BC86_consensus_vsearch	3970	T	T	185	2	1.06%	2	1	93	93	0.24932975871318122	1	1	100	85	0	2	-GTGT
H2_BC86_consensus_vsearch	3971	G	G	187	1	0.53%	2	1	93	93	0.4999999999999138	1	1	103	84	0	1	-TGTA
H2_BC86_consensus_vsearch	3972	T	*/-GT	148	37	19.58%	2	2	93	93	9.837074296777597E-13	1	1	99	49	3	34	-GT
H2_BC86_consensus_vsearch	3973	G	G	150	1	0.66%	2	1	93	93	0.5000000000001412	1	1	100	50	0	1	-T
H2_BC86_consensus_vsearch	3974	T	T	150	1	0.66%	2	1	93	93	0.5000000000001412	1	1	100	50	1	0	+GTT
H2_BC86_consensus_vsearch	3975	A	A	187	2	1.05%	2	2	93	93	0.24933687002661706	1	1	103	84	1	1	G
H2_BC86_consensus_vsearch	3976	T	T	186	2	1.05%	2	1	93	93	0.24933333333336263	1	1	103	83	0	2	C
H2_BC86_consensus_vsearch	3977	T	*/-GG	178	8	4.19%	2	1	93	93	0.0036173981471315664	1	1	103	75	0	8	-GG
H2_BC86_consensus_vsearch	3978	G	G	177	1	0.56%	2	1	93	93	0.4999999999999138	1	1	102	75	1	0	+A
H2_BC86_consensus_vsearch	3979	G	G	178	4	2.17%	2	1	93	93	0.06146837297681004	1	1	99	79	4	0	+A
H2_BC86_consensus_vsearch	3980	G	G	187	2	1.04%	2	1	93	93	0.24933687002661706	1	1	101	86	0	2	A
H2_BC86_consensus_vsearch	3981	T	T	181	4	2.09%	2	2	93	93	0.06148512438803467	1	1	99	82	1	3	C
H2_BC86_consensus_vsearch	3982	A	A	187	1	0.53%	2	1	93	93	0.4999999999999138	1	1	101	86	0	1	C
H2_BC86_consensus_vsearch	3983	A	*/-T	150	38	19.79%	2	2	93	93	4.5400598734335884E-13	1	1	68	82	35	3	-T
H2_BC86_consensus_vsearch	3984	T	T	150	1	0.65%	2	1	93	93	0.5000000000001412	1	1	67	83	1	0	+GCA
H2_BC86_consensus_vsearch	3985	T	T	191	0	0%	2	0	93	0	1.0	1	0	104	87	0	0	
H2_BC86_consensus_vsearch	3986	T	T	189	1	0.52%	2	1	93	93	0.5000000000001412	1	1	102	87	1	0	-G
H2_BC86_consensus_vsearch	3987	G	G	187	1	0.53%	2	1	93	93	0.4999999999999138	1	1	101	86	0	1	-C
H2_BC86_consensus_vsearch	3988	C	C	186	2	1.05%	2	2	93	93	0.24933333333336263	1	1	101	85	1	1	T
H2_BC86_consensus_vsearch	3989	G	G	190	1	0.52%	2	1	93	93	0.4999999999999138	1	1	103	87	0	1	-C
H2_BC86_consensus_vsearch	3990	C	*/-GC	171	18	9.42%	2	2	93	93	2.4949903914247745E-6	1	1	89	82	14	4	-GC
H2_BC86_consensus_vsearch	3991	G	G	172	2	1.15%	2	1	93	93	0.24927953890490892	1	1	88	84	2	0	A
H2_BC86_consensus_vsearch	3992	C	C	171	2	1.15%	2	1	93	93	0.24927536231888334	1	1	90	81	0	2	+T
H2_BC86_consensus_vsearch	3993	C	C	188	3	1.56%	2	2	93	93	0.124015748031514	1	1	103	85	1	2	-T
H2_BC86_consensus_vsearch	3994	T	T	184	2	1.06%	2	2	93	93	0.24932614555250343	1	1	102	82	1	1	C
H2_BC86_consensus_vsearch	3995	G	G	190	2	1.04%	2	2	93	93	0.2493472584856949	1	1	103	87	1	1	A
H2_BC86_consensus_vsearch	3996	C	Y	174	11	5.73%	2	2	93	93	4.190037601545019E-4	1	1	96	78	1	10	T
H2_BC86_consensus_vsearch	3997	T	T	182	1	0.54%	2	1	93	93	0.4999999999999138	1	1	95	87	0	1	+G
H2_BC86_consensus_vsearch	3998	G	G	176	3	1.63%	2	1	93	93	0.12394957983191404	1	1	90	86	3	0	+CC
H2_BC86_consensus_vsearch	3999	C	C	175	3	1.65%	2	1	93	93	0.12394366197182968	1	1	88	87	3	0	+A
H2_BC86_consensus_vsearch	4000	C	*/+T	168	13	6.77%	2	1	93	93	9.764848812103054E-5	1	1	100	68	0	13	+T
H2_BC86_consensus_vsearch	4001	T	T	184	0	0%	2	0	93	0	1.0	1	0	102	82	0	0	
H2_BC86_consensus_vsearch	4002	T	*/-C	172	13	6.77%	2	2	93	93	9.813768217245088E-5	1	1	91	81	9	4	-C
H2_BC86_consensus_vsearch	4003	C	*/+G	167	7	3.98%	2	1	93	93	0.007346529640553612	1	1	85	82	7	0	+G
H2_BC86_consensus_vsearch	4004	C	*/-T	173	10	5.29%	2	2	93	93	8.60743791896823E-4	1	1	97	76	2	8	-T
H2_BC86_consensus_vsearch	4005	T	W	166	7	3.91%	2	1	93	93	0.007343868313612718	1	1	88	78	7	0	A
H2_BC86_consensus_vsearch	4006	T	T	180	5	2.65%	2	1	93	93	0.030406577907750046	1	1	98	82	0	5	-G
H2_BC86_consensus_vsearch	4007	G	G	187	0	0%	2	0	93	0	1.0	1	0	104	83	0	0	
H2_BC86_consensus_vsearch	4008	G	G	191	1	0.52%	2	1	93	93	0.5000000000001412	1	1	103	88	1	0	-A
H2_BC86_consensus_vsearch	4009	A	A	190	1	0.52%	2	1	93	93	0.4999999999999138	1	1	102	88	1	0	+G
H2_BC86_consensus_vsearch	4010	T	T	187	2	1.04%	2	2	93	93	0.24933687002661706	1	1	101	86	1	1	C
H2_BC86_consensus_vsearch	4011	G	G	184	2	1.05%	2	1	93	93	0.24932614555250343	1	1	97	87	2	0	-T
H2_BC86_consensus_vsearch	4012	T	*/-A	149	30	15.87%	2	1	93	93	2.473051034460327E-10	1	1	62	87	30	0	-A
H2_BC86_consensus_vsearch	4013	A	A	153	3	1.89%	2	1	93	93	0.12379421221860328	1	1	65	88	3	0	C
H2_BC86_consensus_vsearch	4014	A	A	188	1	0.53%	2	1	93	93	0.5000000000001412	1	1	100	88	1	0	G
H2_BC86_consensus_vsearch	4015	G	*/-A	173	18	9.38%	2	1	93	93	2.5066513464433235E-6	1	1	86	87	18	0	-A
H2_BC86_consensus_vsearch	4016	A	A	169	3	1.73%	2	1	93	93	0.12390670553935745	1	1	82	87	3	0	G
H2_BC86_consensus_vsearch	4017	G	G	186	2	1.05%	2	2	93	93	0.24933333333336263	1	1	100	86	1	1	-C
H2_BC86_consensus_vsearch	4018	C	C	190	0	0%	2	0	93	0	1.0	1	0	103	87	0	0	
H2_BC86_consensus_vsearch	4019	C	C	180	4	2.08%	2	2	93	93	0.06147960135865969	1	1	95	85	3	1	+A
H2_BC86_consensus_vsearch	4020	G	G	187	3	1.56%	2	1	93	93	0.12401055408976878	1	1	100	87	3	0	T
H2_BC86_consensus_vsearch	4021	T	T	183	5	2.62%	2	1	93	93	0.030420017873106126	1	1	103	80	0	5	-GT
H2_BC86_consensus_vsearch	4022	G	G	182	4	2.15%	2	2	93	93	0.061490587951709585	1	1	102	80	2	2	A
H2_BC86_consensus_vsearch	4023	T	T	184	1	0.54%	2	1	93	93	0.4999999999999138	1	1	103	81	0	1	-C
H2_BC86_consensus_vsearch	4024	C	C	187	2	1.05%	2	2	93	93	0.24933687002661706	1	1	102	85	1	1	-T
H2_BC86_consensus_vsearch	4025	T	T	184	3	1.59%	2	2	93	93	0.12399463806966378	1	1	98	86	2	1	C
H2_BC86_consensus_vsearch	4026	C	C	183	2	1.05%	2	2	93	93	0.2493224932250014	1	1	98	85	1	1	+T
H2_BC86_consensus_vsearch	4027	A	A	182	4	2.11%	2	2	93	93	0.061490587951709585	1	1	97	85	3	1	G
H2_BC86_consensus_vsearch	4028	T	T	190	0	0%	2	0	93	0	1.0	1	0	104	86	0	0	
H2_BC86_consensus_vsearch	4029	G	G	187	3	1.56%	2	1	93	93	0.12401055408976878	1	1	100	87	3	0	A
H2_BC86_consensus_vsearch	4030	C	C	187	4	2.08%	2	1	93	93	0.06151704651694607	1	1	103	84	0	4	-T
H2_BC86_consensus_vsearch	4031	T	T	187	1	0.53%	2	1	93	93	0.4999999999999138	1	1	103	84	1	0	C
H2_BC86_consensus_vsearch	4032	C	*/-T	156	34	17.71%	2	1	93	93	1.1501087356431597E-11	1	1	102	54	0	34	-T
H2_BC86_consensus_vsearch	4033	T	T	154	3	1.9%	2	2	93	93	0.1238019169328877	1	1	102	52	2	1	C
H2_BC86_consensus_vsearch	4034	T	T	190	1	0.52%	2	1	93	93	0.4999999999999138	1	1	103	87	0	1	+CT
H2_BC86_consensus_vsearch	4035	T	T	188	3	1.56%	2	2	93	93	0.124015748031514	1	1	102	86	2	1	C
H2_BC86_consensus_vsearch	4036	C	C	188	3	1.57%	2	2	93	93	0.124015748031514	1	1	103	85	1	2	-TC
H2_BC86_consensus_vsearch	4037	T	*/-C	173	13	6.88%	2	2	93	93	9.825694645134978E-5	1	1	88	85	12	1	-C
H2_BC86_consensus_vsearch	4038	C	C	176	0	0%	2	0	93	0	1.0	1	0	91	85	0	0	
H2_BC86_consensus_vsearch	4039	C	*/-G	164	25	13.02%	2	2	93	93	1.2746430836454882E-8	1	1	99	65	3	22	-G
H2_BC86_consensus_vsearch	4040	G	G	164	2	1.2%	2	2	93	93	0.24924471299088177	1	1	100	64	1	1	T
H2_BC86_consensus_vsearch	4041	G	G	188	2	1.04%	2	1	93	93	0.2493403693931866	1	1	102	86	2	0	-A
H2_BC86_consensus_vsearch	4042	A	A	188	2	1.05%	2	1	93	93	0.2493403693931866	1	1	100	88	2	0	+G
H2_BC86_consensus_vsearch	4043	A	A	188	2	1.04%	2	2	93	93	0.2493403693931866	1	1	101	87	1	1	-T
H2_BC86_consensus_vsearch	4044	T	T	187	2	1.05%	2	2	93	93	0.24933687002661706	1	1	101	86	1	1	C
H2_BC86_consensus_vsearch	4045	C	C	189	2	1.04%	2	2	93	93	0.24934383202100482	1	1	102	87	1	1	-G
H2_BC86_consensus_vsearch	4046	G	G	185	2	1.05%	2	1	93	93	0.24932975871318122	1	1	100	85	2	0	-A
H2_BC86_consensus_vsearch	4047	A	A	189	1	0.53%	2	1	93	93	0.5000000000001412	1	1	102	87	0	1	G
H2_BC86_consensus_vsearch	4048	A	A	189	2	1.04%	2	2	93	93	0.24934383202100482	1	1	103	86	1	1	G
H2_BC86_consensus_vsearch	4049	C	*/-T	180	11	5.76%	2	1	93	93	4.2108036879098717E-4	1	1	104	76	0	11	-T
H2_BC86_consensus_vsearch	4050	T	T	171	5	2.76%	2	2	93	93	0.030363513171553336	1	1	97	74	4	1	+C
H2_BC86_consensus_vsearch	4051	C	C	182	4	2.09%	2	1	93	93	0.061490587951709585	1	1	104	78	0	4	-T
H2_BC86_consensus_vsearch	4052	T	*/-A	166	13	6.95%	2	2	93	93	9.739634822135725E-5	1	1	99	67	1	12	-A
H2_BC86_consensus_vsearch	4053	A	A	173	4	2.25%	2	1	93	93	0.06143919033436361	1	1	102	71	0	4	C
H2_BC86_consensus_vsearch	4054	A	A	184	5	2.6%	2	1	93	93	0.030424403183015276	1	1	104	80	0	5	C
H2_BC86_consensus_vsearch	4055	T	Y	176	10	5.29%	2	2	93	93	8.625446222228462E-4	1	1	103	73	1	9	C
H2_BC86_consensus_vsearch	4056	T	*/-C	142	38	19.9%	2	2	93	93	4.092825706867427E-13	1	1	91	51	10	28	-C
H2_BC86_consensus_vsearch	4057	C	C	149	1	0.67%	2	1	93	93	0.4999999999999138	1	1	93	56	0	1	T
H2_BC86_consensus_vsearch	4058	C	C	186	1	0.53%	2	1	93	93	0.4999999999999138	1	1	102	84	0	1	+T
H2_BC86_consensus_vsearch	4059	C	C	186	2	1.05%	2	1	93	93	0.24933333333336263	1	1	103	83	0	2	T
H2_BC86_consensus_vsearch	4060	C	Y	175	15	7.81%	2	2	93	93	2.2895728702355452E-5	1	1	102	73	1	14	T
H2_BC86_consensus_vsearch	4061	G	G	191	1	0.52%	2	1	93	93	0.5000000000001412	1	1	103	88	1	0	-T
H2_BC86_consensus_vsearch	4062	T	T	189	1	0.52%	2	1	93	93	0.5000000000001412	1	1	102	87	1	0	A
H2_BC86_consensus_vsearch	4063	T	T	188	4	2.08%	2	1	93	93	0.061522172652713904	1	1	100	88	4	0	-A
H2_BC86_consensus_vsearch	4064	A	*/-C	172	11	5.85%	2	2	93	93	4.1828279774789115E-4	1	1	87	85	8	3	-C
H2_BC86_consensus_vsearch	4065	C	C	175	3	1.66%	2	1	93	93	0.12394366197182968	1	1	93	82	3	0	G
H2_BC86_consensus_vsearch	4066	C	C	183	3	1.56%	2	1	93	93	0.12398921832883274	1	1	101	82	0	3	T
H2_BC86_consensus_vsearch	4067	C	Y	144	45	23.44%	2	1	93	93	1.447406496801323E-15	1	1	102	42	0	45	T
H2_BC86_consensus_vsearch	4068	G	G	188	4	2.08%	2	2	93	93	0.061522172652713904	1	1	101	87	3	1	A
H2_BC86_consensus_vsearch	4069	T	T	189	3	1.56%	2	1	93	93	0.12402088772842607	1	1	104	85	0	3	C
H2_BC86_consensus_vsearch	4070	C	C	188	1	0.52%	2	1	93	93	0.5000000000001412	1	1	101	87	1	0	+AC
H2_BC86_consensus_vsearch	4071	G	G	189	1	0.52%	2	1	93	93	0.5000000000001412	1	1	103	86	1	0	+A
H2_BC86_consensus_vsearch	4072	T	T	188	1	0.52%	2	1	93	93	0.5000000000001412	1	1	102	86	0	1	+GT
H2_BC86_consensus_vsearch	4073	C	C	187	2	1.05%	2	1	93	93	0.24933687002661706	1	1	100	87	2	0	+A
H2_BC86_consensus_vsearch	4074	C	C	188	2	1.04%	2	1	93	93	0.2493403693931866	1	1	103	85	0	2	+G
H2_BC86_consensus_vsearch	4075	G	*/+C	178	10	5.21%	2	1	93	93	8.637144208672183E-4	1	1	100	78	0	10	+C
H2_BC86_consensus_vsearch	4076	C	C	190	2	1.04%	2	1	93	93	0.2493472584856949	1	1	104	86	0	2	-T
H2_BC86_consensus_vsearch	4077	T	*/-C	178	9	4.74%	2	1	93	93	0.0017699066001378024	1	1	101	77	0	9	-C
H2_BC86_consensus_vsearch	4078	C	C	180	1	0.55%	2	1	93	93	0.5000000000001412	1	1	103	77	0	1	+T
H2_BC86_consensus_vsearch	4079	G	G	181	4	2.11%	2	1	93	93	0.06148512438803467	1	1	99	82	4	0	A
H2_BC86_consensus_vsearch	4080	G	G	188	1	0.52%	2	1	93	93	0.5000000000001412	1	1	102	86	0	1	+CAG
H2_BC86_consensus_vsearch	4081	T	Y	180	7	3.66%	2	2	93	93	0.007378565932456183	1	1	99	81	2	5	C
H2_BC86_consensus_vsearch	4082	G	G	188	1	0.53%	2	1	93	93	0.5000000000001412	1	1	101	87	0	1	A
H2_BC86_consensus_vsearch	4083	G	G	189	1	0.53%	2	1	93	93	0.5000000000001412	1	1	101	88	1	0	A
H2_BC86_consensus_vsearch	4084	T	*/-C	149	40	21.05%	2	1	93	93	9.031949350331779E-14	1	1	61	88	40	0	-C
H2_BC86_consensus_vsearch	4085	C	C	152	0	0%	2	0	93	0	1.0	1	0	64	88	0	0	
H2_BC86_consensus_vsearch	4086	C	*/-A	179	7	3.65%	2	1	93	93	0.007376258791632204	1	1	92	87	7	0	-A
H2_BC86_consensus_vsearch	4087	A	A	182	2	1.08%	2	1	93	93	0.2493188010900035	1	1	95	87	2	0	+G
H2_BC86_consensus_vsearch	4088	A	A	191	1	0.52%	2	1	93	93	0.5000000000001412	1	1	103	88	1	0	-G
H2_BC86_consensus_vsearch	4089	G	G	191	0	0%	2	0	93	0	1.0	1	0	103	88	0	0	
H2_BC86_consensus_vsearch	4090	A	A	187	4	2.08%	2	2	93	93	0.06151704651694607	1	1	100	87	3	1	G
H2_BC86_consensus_vsearch	4091	C	C	188	1	0.52%	2	1	93	93	0.5000000000001412	1	1	100	88	1	0	+GC
H2_BC86_consensus_vsearch	4092	A	A	181	4	2.09%	2	2	93	93	0.06148512438803467	1	1	99	82	2	2	-CA
H2_BC86_consensus_vsearch	4093	C	C	182	3	1.61%	2	1	93	93	0.12398373983732354	1	1	101	81	0	3	+A
H2_BC86_consensus_vsearch	4094	A	A	185	2	1.07%	2	2	93	93	0.24932975871318122	1	1	100	85	1	1	G
H2_BC86_consensus_vsearch	4095	A	A	185	5	2.6%	2	2	93	93	0.030428742397642147	1	1	99	86	4	1	G
H2_BC86_consensus_vsearch	4096	C	C	189	1	0.52%	2	1	93	93	0.5000000000001412	1	1	103	86	0	1	+T
H2_BC86_consensus_vsearch	4097	C	Y	173	16	8.33%	2	2	93	93	1.0957465194659251E-5	1	1	102	71	1	15	T
H2_BC86_consensus_vsearch	4098	G	G	191	1	0.52%	2	1	93	93	0.5000000000001412	1	1	104	87	0	1	+A
H2_BC86_consensus_vsearch	4099	A	A	192	0	0%	2	0	93	0	1.0	1	0	104	88	0	0	
H2_BC86_consensus_vsearch	4100	C	C	190	2	1.04%	2	1	93	93	0.2493472584856949	1	1	104	86	0	2	T
H2_BC86_consensus_vsearch	4101	A	A	191	1	0.52%	2	1	93	93	0.5000000000001412	1	1	103	88	1	0	G
H2_BC86_consensus_vsearch	4102	A	A	191	1	0.52%	2	1	93	93	0.5000000000001412	1	1	103	88	1	0	G
H2_BC86_consensus_vsearch	4103	C	C	192	0	0%	2	0	93	0	1.0	1	0	104	88	0	0	
H2_BC86_consensus_vsearch	4104	G	G	183	6	3.12%	2	1	93	93	0.015008284680098535	1	1	104	79	0	6	-TG
H2_BC86_consensus_vsearch	4105	T	T	181	1	0.55%	2	1	93	93	0.4999999999999138	1	1	103	78	0	1	+G
H2_BC86_consensus_vsearch	4106	G	G	184	1	0.54%	2	1	93	93	0.4999999999999138	1	1	103	81	0	1	C
H2_BC86_consensus_vsearch	4107	A	A	191	1	0.52%	2	1	93	93	0.5000000000001412	1	1	103	88	1	0	+T
H2_BC86_consensus_vsearch	4108	T	T	187	2	1.04%	2	2	93	93	0.24933687002661706	1	1	100	87	1	1	C
H2_BC86_consensus_vsearch	4109	A	*/-G	176	9	4.71%	2	2	93	93	0.001767978203561041	1	1	97	79	1	8	-G
H2_BC86_consensus_vsearch	4110	G	G	180	2	1.1%	2	1	93	93	0.24931129476584768	1	1	101	79	2	0	+A
H2_BC86_consensus_vsearch	4111	G	G	189	2	1.05%	2	2	93	93	0.24934383202100482	1	1	103	86	1	1	A
H2_BC86_consensus_vsearch	4112	G	G	189	1	0.52%	2	1	93	93	0.5000000000001412	1	1	102	87	1	0	+C
H2_BC86_consensus_vsearch	4113	C	C	187	2	1.05%	2	2	93	93	0.24933687002661706	1	1	102	85	1	1	-A
H2_BC86_consensus_vsearch	4114	A	A	186	3	1.59%	2	2	93	93	0.1240053050397967	1	1	101	85	2	1	G
H2_BC86_consensus_vsearch	4115	G	G	189	1	0.52%	2	1	93	93	0.5000000000001412	1	1	103	86	1	0	+A
H2_BC86_consensus_vsearch	4116	T	T	190	1	0.52%	2	1	93	93	0.4999999999999138	1	1	104	86	0	1	C
H2_BC86_consensus_vsearch	4117	T	T	189	2	1.04%	2	1	93	93	0.24934383202100482	1	1	103	86	0	2	C
H2_BC86_consensus_vsearch	4118	A	A	186	3	1.56%	2	1	93	93	0.1240053050397967	1	1	102	84	0	3	-C
H2_BC86_consensus_vsearch	4119	C	C	183	4	2.12%	2	2	93	93	0.061495993004889796	1	1	102	81	1	3	-T
H2_BC86_consensus_vsearch	4120	T	T	187	1	0.53%	2	1	93	93	0.4999999999999138	1	1	102	85	1	0	C
H2_BC86_consensus_vsearch	4121	T	T	183	3	1.56%	2	2	93	93	0.12398921832883274	1	1	101	82	1	2	+G
H2_BC86_consensus_vsearch	4122	G	G	183	5	2.63%	2	2	93	93	0.030420017873106126	1	1	101	82	3	2	-A
H2_BC86_consensus_vsearch	4123	A	A	183	1	0.53%	2	1	93	93	0.4999999999999138	1	1	101	82	0	1	+C
H2_BC86_consensus_vsearch	4124	A	A	187	2	1.04%	2	2	93	93	0.24933687002661706	1	1	102	85	1	1	-T
H2_BC86_consensus_vsearch	4125	T	*/+G	174	7	3.7%	2	2	93	93	0.007364345131566664	1	1	99	75	1	6	+G
H2_BC86_consensus_vsearch	4126	G	*/-A	172	8	4.23%	2	2	93	93	0.0036079487687097848	1	1	98	74	4	4	-A
H2_BC86_consensus_vsearch	4127	A	A	166	4	2.26%	2	1	93	93	0.06139544654812379	1	1	98	68	0	4	C
H2_BC86_consensus_vsearch	4128	A	A	179	5	2.67%	2	2	93	93	0.03040200067187797	1	1	99	80	3	2	-G
H2_BC86_consensus_vsearch	4129	G	G	182	2	1.08%	2	1	93	93	0.2493188010900035	1	1	99	83	2	0	A
H2_BC86_consensus_vsearch	4130	C	C	184	3	1.57%	2	2	93	93	0.12399463806966378	1	1	103	81	1	2	-GC
H2_BC86_consensus_vsearch	4131	G	G	188	1	0.53%	2	1	93	93	0.5000000000001412	1	1	102	86	1	0	-C
H2_BC86_consensus_vsearch	4132	C	C	187	1	0.53%	2	1	93	93	0.4999999999999138	1	1	102	85	0	1	+GC
H2_BC86_consensus_vsearch	4133	C	C	186	4	2.08%	2	2	93	93	0.061511866352189214	1	1	101	85	1	3	T
H2_BC86_consensus_vsearch	4134	G	G	182	4	2.09%	2	2	93	93	0.061490587951709585	1	1	98	84	1	3	-CTG
H2_BC86_consensus_vsearch	4135	C	C	184	1	0.53%	2	1	93	93	0.4999999999999138	1	1	101	83	0	1	+T
H2_BC86_consensus_vsearch	4136	T	Y	104	78	42.16%	2	2	93	93	8.134605190448231E-29	1	1	61	43	39	39	C
H2_BC86_consensus_vsearch	4137	G	G	183	1	0.54%	2	1	93	93	0.4999999999999138	1	1	102	81	0	1	A
H2_BC86_consensus_vsearch	4138	G	G	187	2	1.05%	2	1	93	93	0.24933687002661706	1	1	101	86	2	0	A
H2_BC86_consensus_vsearch	4139	C	C	185	1	0.53%	2	1	93	93	0.5000000000001412	1	1	101	84	0	1	+A
H2_BC86_consensus_vsearch	4140	A	A	182	2	1.06%	2	2	93	93	0.2493188010900035	1	1	99	83	1	1	-T
H2_BC86_consensus_vsearch	4141	T	*/-G	152	20	10.58%	2	1	93	93	5.308368757193249E-7	1	1	71	81	20	0	-G
H2_BC86_consensus_vsearch	4142	G	*/-A	131	34	20.12%	2	2	93	93	8.739936100266983E-12	1	1	45	86	33	1	-A
H2_BC86_consensus_vsearch	4143	A	A	149	3	1.95%	2	1	93	93	0.12376237623759088	1	1	63	86	3	0	G
H2_BC86_consensus_vsearch	4144	A	R	165	22	11.52%	2	2	93	93	1.2375494270767457E-7	1	1	79	86	21	1	G
H2_BC86_consensus_vsearch	4145	G	*/+C	163	17	8.99%	2	1	93	93	5.134244802812326E-6	1	1	77	86	17	0	+C
H2_BC86_consensus_vsearch	4146	C	C	186	1	0.53%	2	1	93	93	0.4999999999999138	1	1	99	87	0	1	+T
H2_BC86_consensus_vsearch	4147	C	C	187	2	1.05%	2	2	93	93	0.24933687002661706	1	1	101	86	1	1	-T
H2_BC86_consensus_vsearch	4148	T	Y	172	12	6.32%	2	1	93	93	2.0287285558348591E-4	1	1	100	72	0	12	C
H2_BC86_consensus_vsearch	4149	G	G	188	3	1.56%	2	1	93	93	0.124015748031514	1	1	101	87	3	0	-A
H2_BC86_consensus_vsearch	4150	A	A	179	6	3.17%	2	1	93	93	0.014995024721629802	1	1	91	88	6	0	G
H2_BC86_consensus_vsearch	4151	G	G	187	1	0.53%	2	1	93	93	0.4999999999999138	1	1	100	87	1	0	+C
H2_BC86_consensus_vsearch	4152	C	C	184	3	1.56%	2	1	93	93	0.12399463806966378	1	1	102	82	0	3	T
H2_BC86_consensus_vsearch	4153	G	G	189	1	0.53%	2	1	93	93	0.5000000000001412	1	1	104	85	0	1	A
H2_BC86_consensus_vsearch	4154	G	G	189	2	1.04%	2	1	93	93	0.24934383202100482	1	1	104	85	0	2	A
H2_BC86_consensus_vsearch	4155	T	*/-C	144	43	22.4%	2	2	93	93	7.403563569058027E-15	1	1	59	85	42	1	-C
H2_BC86_consensus_vsearch	4156	C	C	147	1	0.67%	2	1	93	93	0.5000000000001412	1	1	60	87	1	0	+A
H2_BC86_consensus_vsearch	4157	C	C	174	6	3.12%	2	2	93	93	0.014977625873213331	1	1	97	77	1	5	+G
H2_BC86_consensus_vsearch	4158	G	G	187	3	1.57%	2	1	93	93	0.12401055408976878	1	1	100	87	3	0	-A
H2_BC86_consensus_vsearch	4159	A	A	187	1	0.53%	2	1	93	93	0.4999999999999138	1	1	99	88	1	0	C
H2_BC86_consensus_vsearch	4160	A	A	187	4	2.08%	2	2	93	93	0.06151704651694607	1	1	102	85	1	3	-T
H2_BC86_consensus_vsearch	4161	T	T	186	2	1.06%	2	1	93	93	0.24933333333336263	1	1	101	85	2	0	C
H2_BC86_consensus_vsearch	4162	G	G	186	3	1.56%	2	2	93	93	0.1240053050397967	1	1	102	84	1	2	C
H2_BC86_consensus_vsearch	4163	A	A	185	2	1.06%	2	1	93	93	0.24932975871318122	1	1	101	84	0	2	-T
H2_BC86_consensus_vsearch	4164	T	T	183	3	1.6%	2	1	93	93	0.12398921832883274	1	1	100	83	3	0	-G
H2_BC86_consensus_vsearch	4165	G	G	179	6	3.21%	2	1	93	93	0.014995024721629802	1	1	93	86	6	0	-CT
H2_BC86_consensus_vsearch	4166	C	C	181	1	0.54%	2	1	93	93	0.4999999999999138	1	1	96	85	0	1	+AGT
H2_BC86_consensus_vsearch	4167	T	T	182	1	0.54%	2	1	93	93	0.4999999999999138	1	1	96	86	1	0	C
H2_BC86_consensus_vsearch	4168	T	T	188	2	1.05%	2	2	93	93	0.2493403693931866	1	1	102	86	1	1	G
H2_BC86_consensus_vsearch	4169	A	A	180	5	2.63%	2	1	93	93	0.030406577907750046	1	1	100	80	0	5	G
H2_BC86_consensus_vsearch	4170	T	Y	175	7	3.7%	2	2	93	93	0.007366779625824957	1	1	93	82	2	5	C
H2_BC86_consensus_vsearch	4171	G	G	184	3	1.59%	2	1	93	93	0.12399463806966378	1	1	97	87	3	0	-A
H2_BC86_consensus_vsearch	4172	A	A	183	4	2.12%	2	1	93	93	0.061495993004889796	1	1	95	88	4	0	-G
H2_BC86_consensus_vsearch	4173	G	G	185	2	1.06%	2	1	93	93	0.24932975871318122	1	1	97	88	2	0	A
H2_BC86_consensus_vsearch	4174	T	T	188	4	2.08%	2	1	93	93	0.061522172652713904	1	1	100	88	4	0	+C
H2_BC86_consensus_vsearch	4175	C	C	183	4	2.08%	2	1	93	93	0.061495993004889796	1	1	95	88	4	0	-ACCT
H2_BC86_consensus_vsearch	4176	A	A	180	2	1.09%	2	1	93	93	0.24931129476584768	1	1	94	86	0	2	G
H2_BC86_consensus_vsearch	4177	C	C	181	1	0.54%	2	1	93	93	0.4999999999999138	1	1	93	88	1	0	+TG
H2_BC86_consensus_vsearch	4178	C	*/-T	165	17	9.04%	2	2	93	93	5.15772369585134E-6	1	1	96	69	4	13	-T
H2_BC86_consensus_vsearch	4179	T	T	169	1	0.58%	2	1	93	93	0.5000000000001412	1	1	95	74	1	0	+GC
H2_BC86_consensus_vsearch	4180	T	T	191	1	0.52%	2	1	93	93	0.5000000000001412	1	1	104	87	0	1	G
H2_BC86_consensus_vsearch	4181	G	G	183	3	1.56%	2	2	93	93	0.12398921832883274	1	1	98	85	2	1	-C
H2_BC86_consensus_vsearch	4182	C	C	178	5	2.69%	2	1	93	93	0.0303973734857873	1	1	97	81	0	5	+T
H2_BC86_consensus_vsearch	4183	C	*/-T	179	8	4.23%	2	2	93	93	0.0036189151712300786	1	1	98	81	2	6	-T
H2_BC86_consensus_vsearch	4184	T	T	174	2	1.1%	2	1	93	93	0.24928774928777736	1	1	97	77	0	2	-G
H2_BC86_consensus_vsearch	4185	G	G	185	1	0.53%	2	1	93	93	0.5000000000001412	1	1	99	86	1	0	-C
H2_BC86_consensus_vsearch	4186	C	*/+A	174	8	4.19%	2	2	93	93	0.003611166483247444	1	1	95	79	6	2	+A
H2_BC86_consensus_vsearch	4187	A	A	186	1	0.53%	2	1	93	93	0.4999999999999138	1	1	102	84	1	0	+GA
H2_BC86_consensus_vsearch	4188	A	A	185	2	1.05%	2	1	93	93	0.24932975871318122	1	1	104	81	0	2	-G
H2_BC86_consensus_vsearch	4189	G	R	171	17	8.95%	2	2	93	93	5.225618764261991E-6	1	1	87	84	16	1	A
H2_BC86_consensus_vsearch	4190	C	C	186	2	1.05%	2	2	93	93	0.24933333333336263	1	1	102	84	1	1	+T
H2_BC86_consensus_vsearch	4191	A	R	164	20	10.53%	2	1	93	93	5.527163872491396E-7	1	1	82	82	20	0	G
H2_BC86_consensus_vsearch	4192	G	G	181	3	1.61%	2	1	93	93	0.12397820163492167	1	1	103	78	0	3	+T
H2_BC86_consensus_vsearch	4193	G	G	192	0	0%	2	0	93	0	1.0	1	0	104	88	0	0	
H2_BC86_consensus_vsearch	4194	A	A	188	2	1.04%	2	1	93	93	0.2493403693931866	1	1	101	87	2	0	T
H2_BC86_consensus_vsearch	4195	C	C	188	2	1.04%	2	1	93	93	0.2493403693931866	1	1	100	88	2	0	T
H2_BC86_consensus_vsearch	4196	G	G	186	5	2.6%	2	1	93	93	0.030433036239869853	1	1	98	88	5	0	-A
H2_BC86_consensus_vsearch	4197	A	*/-G	157	24	12.9%	2	1	93	93	2.6356567082279642E-8	1	1	70	87	24	0	-G
H2_BC86_consensus_vsearch	4198	G	G	165	1	0.6%	2	1	93	93	0.4999999999999138	1	1	79	86	0	1	+AG
H2_BC86_consensus_vsearch	4199	G	G	180	4	2.09%	2	1	93	93	0.06147960135865969	1	1	94	86	4	0	-T
H2_BC86_consensus_vsearch	4200	T	T	185	2	1.07%	2	1	93	93	0.24932975871318122	1	1	100	85	0	2	C
H2_BC86_consensus_vsearch	4201	T	T	189	1	0.52%	2	1	93	93	0.5000000000001412	1	1	103	86	1	0	+G
H2_BC86_consensus_vsearch	4202	T	*/-G	164	24	12.5%	2	1	93	93	2.7226087395701993E-8	1	1	102	62	0	24	-G
H2_BC86_consensus_vsearch	4203	G	G	166	1	0.6%	2	1	93	93	0.4999999999999138	1	1	102	64	1	0	+CG
H2_BC86_consensus_vsearch	4204	G	G	192	0	0%	2	0	93	0	1.0	1	0	104	88	0	0	
H2_BC86_consensus_vsearch	4205	A	A	186	4	2.08%	2	1	93	93	0.061511866352189214	1	1	104	82	0	4	+T
H2_BC86_consensus_vsearch	4206	T	T	186	4	2.09%	2	1	93	93	0.061511866352189214	1	1	100	86	4	0	+C
H2_BC86_consensus_vsearch	4207	C	*/-T	182	7	3.66%	2	2	93	93	0.007383107786177688	1	1	100	82	2	5	-T
H2_BC86_consensus_vsearch	4208	T	T	176	4	2.16%	2	2	93	93	0.061456894735582995	1	1	96	80	3	1	-A
H2_BC86_consensus_vsearch	4209	A	A	184	1	0.53%	2	1	93	93	0.4999999999999138	1	1	98	86	0	1	C
H2_BC86_consensus_vsearch	4210	A	A	185	3	1.57%	2	1	93	93	0.12399999999998497	1	1	99	86	3	0	G
H2_BC86_consensus_vsearch	4211	T	T	181	5	2.65%	2	2	93	93	0.030411105997849117	1	1	98	83	1	4	C
H2_BC86_consensus_vsearch	4212	G	G	188	2	1.05%	2	1	93	93	0.2493403693931866	1	1	101	87	2	0	-A
H2_BC86_consensus_vsearch	4213	A	A	187	2	1.05%	2	1	93	93	0.24933687002661706	1	1	99	88	2	0	G
H2_BC86_consensus_vsearch	4214	G	G	189	1	0.52%	2	1	93	93	0.5000000000001412	1	1	101	88	1	0	+AG
H2_BC86_consensus_vsearch	4215	C	*/-AC	181	8	4.19%	2	1	93	93	0.0036219019328410066	1	1	94	87	8	0	-AC
H2_BC86_consensus_vsearch	4216	A	A	183	0	0%	2	0	93	0	1.0	1	0	95	88	0	0	
H2_BC86_consensus_vsearch	4217	C	C	181	2	1.09%	2	1	93	93	0.24931506849317653	1	1	95	86	0	2	T
H2_BC86_consensus_vsearch	4218	G	G	192	0	0%	2	0	93	0	1.0	1	0	104	88	0	0	
H2_BC86_consensus_vsearch	4219	T	*/-C	177	11	5.73%	2	1	93	93	4.200578330993431E-4	1	1	92	85	11	0	-C
H2_BC86_consensus_vsearch	4220	C	C	180	1	0.55%	2	1	93	93	0.5000000000001412	1	1	93	87	0	1	T
H2_BC86_consensus_vsearch	4221	C	C	190	2	1.04%	2	1	93	93	0.2493472584856949	1	1	102	88	2	0	-A
H2_BC86_consensus_vsearch	4222	A	A	187	2	1.05%	2	1	93	93	0.24933687002661706	1	1	102	85	0	2	+C
H2_BC86_consensus_vsearch	4223	C	C	189	1	0.52%	2	1	93	93	0.5000000000001412	1	1	103	86	1	0	+AC
H2_BC86_consensus_vsearch	4224	T	T	182	5	2.62%	2	1	93	93	0.030415585729470396	1	1	104	78	0	5	-C
H2_BC86_consensus_vsearch	4225	C	*/-T	160	23	12.5%	2	1	93	93	5.704379214634594E-8	1	1	104	56	0	23	-T
H2_BC86_consensus_vsearch	4226	T	T	165	1	0.6%	2	1	93	93	0.4999999999999138	1	1	103	62	1	0	C
H2_BC86_consensus_vsearch	4227	T	T	185	2	1.04%	2	1	93	93	0.24932975871318122	1	1	101	84	2	0	-G
H2_BC86_consensus_vsearch	4228	G	G	188	1	0.53%	2	1	93	93	0.5000000000001412	1	1	101	87	0	1	+C
H2_BC86_consensus_vsearch	4229	A	A	187	3	1.57%	2	2	93	93	0.12401055408976878	1	1	101	86	2	1	G
H2_BC86_consensus_vsearch	4230	G	G	189	1	0.52%	2	1	93	93	0.5000000000001412	1	1	102	87	1	0	+AG
H2_BC86_consensus_vsearch	4231	T	T	186	6	3.12%	2	1	93	93	0.015017869058322414	1	1	104	82	0	6	C
H2_BC86_consensus_vsearch	4232	T	T	187	1	0.52%	2	1	93	93	0.4999999999999138	1	1	102	85	0	1	+G
H2_BC86_consensus_vsearch	4233	G	G	185	5	2.63%	2	1	93	93	0.030428742397642147	1	1	98	87	5	0	A
H2_BC86_consensus_vsearch	4234	G	G	191	0	0%	2	0	93	0	1.0	1	0	104	87	0	0	
H2_BC86_consensus_vsearch	4235	G	G	190	1	0.52%	2	1	93	93	0.4999999999999138	1	1	102	88	1	0	+T
H2_BC86_consensus_vsearch	4236	A	A	187	2	1.05%	2	1	93	93	0.24933687002661706	1	1	100	87	2	0	-C
H2_BC86_consensus_vsearch	4237	C	C	189	1	0.53%	2	1	93	93	0.5000000000001412	1	1	101	88	1	0	T
H2_BC86_consensus_vsearch	4238	T	T	184	4	2.08%	2	2	93	93	0.06150134048256699	1	1	99	85	2	2	C
H2_BC86_consensus_vsearch	4239	G	G	186	2	1.05%	2	1	93	93	0.24933333333336263	1	1	100	86	2	0	-TTG
H2_BC86_consensus_vsearch	4240	T	T	186	3	1.58%	2	1	93	93	0.1240053050397967	1	1	101	85	0	3	C
H2_BC86_consensus_vsearch	4241	T	T	183	4	2.11%	2	1	93	93	0.061495993004889796	1	1	97	86	4	0	+A
H2_BC86_consensus_vsearch	4242	G	G	184	4	2.12%	2	1	93	93	0.06150134048256699	1	1	96	88	4	0	T
H2_BC86_consensus_vsearch	4243	T	T	184	3	1.57%	2	2	93	93	0.12399463806966378	1	1	99	85	1	2	-GC
H2_BC86_consensus_vsearch	4244	G	G	184	1	0.53%	2	1	93	93	0.4999999999999138	1	1	99	85	0	1	+TG
H2_BC86_consensus_vsearch	4245	C	C	184	4	2.12%	2	2	93	93	0.06150134048256699	1	1	101	83	1	3	T
H2_BC86_consensus_vsearch	4246	A	A	189	2	1.04%	2	2	93	93	0.24934383202100482	1	1	103	86	1	1	-T
H2_BC86_consensus_vsearch	4247	T	T	185	4	2.11%	2	2	93	93	0.061506631299724945	1	1	99	86	3	1	-GT
H2_BC86_consensus_vsearch	4248	G	G	180	5	2.66%	2	2	93	93	0.030406577907750046	1	1	98	82	1	4	-T
H2_BC86_consensus_vsearch	4249	T	T	176	3	1.64%	2	1	93	93	0.12394957983191404	1	1	99	77	0	3	G
H2_BC86_consensus_vsearch	4250	A	A	176	4	2.09%	2	2	93	93	0.061456894735582995	1	1	100	76	1	3	G
H2_BC86_consensus_vsearch	4251	T	T	182	2	1.08%	2	2	93	93	0.2493188010900035	1	1	101	81	1	1	G
H2_BC86_consensus_vsearch	4252	T	T	184	6	3.16%	2	2	93	93	0.015011512916161563	1	1	103	81	1	5	C
H2_BC86_consensus_vsearch	4253	A	A	187	1	0.53%	2	1	93	93	0.4999999999999138	1	1	104	83	0	1	+C
H2_BC86_consensus_vsearch	4254	T	T	188	2	1.04%	2	1	93	93	0.2493403693931866	1	1	104	84	0	2	-C
H2_BC86_consensus_vsearch	4255	C	C	186	3	1.58%	2	2	93	93	0.1240053050397967	1	1	103	83	1	2	-T
H2_BC86_consensus_vsearch	4256	T	*/-C	168	13	6.88%	2	2	93	93	9.764848812103054E-5	1	1	91	77	11	2	-C
H2_BC86_consensus_vsearch	4257	C	C	177	1	0.56%	2	1	93	93	0.4999999999999138	1	1	92	85	1	0	+A
H2_BC86_consensus_vsearch	4258	C	C	190	2	1.04%	2	1	93	93	0.2493472584856949	1	1	104	86	0	2	-T
H2_BC86_consensus_vsearch	4259	T	T	187	1	0.53%	2	1	93	93	0.4999999999999138	1	1	102	85	0	1	+CT
H2_BC86_consensus_vsearch	4260	G	G	189	1	0.52%	2	1	93	93	0.5000000000001412	1	1	101	88	1	0	-A
H2_BC86_consensus_vsearch	4261	A	A	190	0	0%	2	0	93	0	1.0	1	0	102	88	0	0	
H2_BC86_consensus_vsearch	4262	A	A	185	3	1.57%	2	2	93	93	0.12399999999998497	1	1	98	87	2	1	+T
H2_BC86_consensus_vsearch	4263	T	T	190	1	0.52%	2	1	93	93	0.4999999999999138	1	1	102	88	1	0	G
H2_BC86_consensus_vsearch	4264	T	T	192	0	0%	2	0	93	0	1.0	1	0	104	88	0	0	
H2_BC86_consensus_vsearch	4265	T	T	188	2	1.04%	2	1	93	93	0.2493403693931866	1	1	103	85	0	2	C
H2_BC86_consensus_vsearch	4266	G	G	190	1	0.52%	2	1	93	93	0.4999999999999138	1	1	103	87	0	1	+TTG
H2_BC86_consensus_vsearch	4267	T	T	185	5	2.6%	2	1	93	93	0.030428742397642147	1	1	97	88	5	0	-C
H2_BC86_consensus_vsearch	4268	C	C	180	2	1.07%	2	1	93	93	0.24931129476584768	1	1	95	85	0	2	+A
H2_BC86_consensus_vsearch	4269	A	A	185	1	0.53%	2	1	93	93	0.5000000000001412	1	1	99	86	0	1	+G
H2_BC86_consensus_vsearch	4270	C	*/-G	173	8	4.21%	2	2	93	93	0.003609566346175535	1	1	93	80	5	3	-G
H2_BC86_consensus_vsearch	4271	G	G	179	1	0.56%	2	1	93	93	0.5000000000001412	1	1	95	84	0	1	+TTTG
H2_BC86_consensus_vsearch	4272	G	G	182	3	1.59%	2	1	93	93	0.12398373983732354	1	1	95	87	3	0	-C
H2_BC86_consensus_vsearch	4273	C	C	178	5	2.66%	2	2	93	93	0.0303973734857873	1	1	96	82	2	3	T
H2_BC86_consensus_vsearch	4274	T	T	184	1	0.53%	2	1	93	93	0.4999999999999138	1	1	102	82	1	0	+A
H2_BC86_consensus_vsearch	4275	A	A	178	4	2.12%	2	1	93	93	0.06146837297681004	1	1	98	80	0	4	+G
H2_BC86_consensus_vsearch	4276	G	G	187	1	0.53%	2	1	93	93	0.4999999999999138	1	1	100	87	1	0	-C
H2_BC86_consensus_vsearch	4277	C	C	187	1	0.53%	2	1	93	93	0.4999999999999138	1	1	100	87	1	0	A
H2_BC86_consensus_vsearch	4278	C	C	187	2	1.05%	2	2	93	93	0.24933687002661706	1	1	101	86	1	1	T
H2_BC86_consensus_vsearch	4279	A	A	187	3	1.58%	2	2	93	93	0.12401055408976878	1	1	101	86	2	1	G
H2_BC86_consensus_vsearch	4280	T	T	183	5	2.62%	2	1	93	93	0.030420017873106126	1	1	103	80	0	5	-GT
H2_BC86_consensus_vsearch	4281	G	G	183	2	1.07%	2	2	93	93	0.2493224932250014	1	1	101	82	1	1	-T
H2_BC86_consensus_vsearch	4282	T	T	181	2	1.09%	2	2	93	93	0.24931506849317653	1	1	101	80	1	1	+GT
H2_BC86_consensus_vsearch	4283	A	R	181	8	4.19%	2	1	93	93	0.0036219019328410066	1	1	94	87	8	0	G
H2_BC86_consensus_vsearch	4284	C	*/-A	159	26	13.61%	2	2	93	93	5.796080281288992E-9	1	1	79	80	20	6	-A
H2_BC86_consensus_vsearch	4285	A	A	162	2	1.21%	2	1	93	93	0.24923547400620383	1	1	80	82	2	0	T
H2_BC86_consensus_vsearch	4286	A	A	187	2	1.05%	2	2	93	93	0.24933687002661706	1	1	100	87	1	1	G
H2_BC86_consensus_vsearch	4287	A	A	192	0	0%	2	0	93	0	1.0	1	0	104	88	0	0	
H2_BC86_consensus_vsearch	4288	A	A	191	1	0.52%	2	1	93	93	0.5000000000001412	1	1	103	88	1	0	G
H2_BC86_consensus_vsearch	4289	T	T	190	1	0.52%	2	1	93	93	0.4999999999999138	1	1	103	87	0	1	+C
H2_BC86_consensus_vsearch	4290	T	*/-C	178	14	7.29%	2	2	93	93	4.774059764537521E-5	1	1	102	76	2	12	-C
H2_BC86_consensus_vsearch	4291	C	C	175	1	0.56%	2	1	93	93	0.4999999999999138	1	1	101	74	1	0	+A
H2_BC86_consensus_vsearch	4292	G	G	190	1	0.52%	2	1	93	93	0.4999999999999138	1	1	104	86	0	1	A
H2_BC86_consensus_vsearch	4293	A	A	184	4	2.08%	2	1	93	93	0.06150134048256699	1	1	96	88	4	0	+G
H2_BC86_consensus_vsearch	4294	C	C	185	4	2.09%	2	1	93	93	0.061506631299724945	1	1	103	82	0	4	+T
H2_BC86_consensus_vsearch	4295	T	T	186	2	1.05%	2	1	93	93	0.24933333333336263	1	1	102	84	2	0	+C
H2_BC86_consensus_vsearch	4296	C	C	186	1	0.53%	2	1	93	93	0.4999999999999138	1	1	101	85	1	0	+T
H2_BC86_consensus_vsearch	4297	T	T	187	2	1.06%	2	1	93	93	0.24933687002661706	1	1	103	84	0	2	+CT
H2_BC86_consensus_vsearch	4298	T	T	187	2	1.05%	2	1	93	93	0.24933687002661706	1	1	103	84	0	2	C
H2_BC86_consensus_vsearch	4299	C	C	186	1	0.53%	2	1	93	93	0.4999999999999138	1	1	101	85	1	0	+A
H2_BC86_consensus_vsearch	4300	A	A	187	1	0.53%	2	1	93	93	0.4999999999999138	1	1	102	85	1	0	+GA
H2_BC86_consensus_vsearch	4301	A	A	189	2	1.04%	2	1	93	93	0.24934383202100482	1	1	104	85	0	2	C
H2_BC86_consensus_vsearch	4302	G	G	183	5	2.6%	2	2	93	93	0.030420017873106126	1	1	99	84	4	1	A
H2_BC86_consensus_vsearch	4303	T	T	183	3	1.6%	2	1	93	93	0.12398921832883274	1	1	101	82	0	3	C
H2_BC86_consensus_vsearch	4304	G	G	188	2	1.05%	2	1	93	93	0.2493403693931866	1	1	101	87	2	0	-A
H2_BC86_consensus_vsearch	4305	A	A	188	1	0.53%	2	1	93	93	0.5000000000001412	1	1	100	88	1	0	T
H2_BC86_consensus_vsearch	4306	A	A	188	2	1.05%	2	2	93	93	0.2493403693931866	1	1	101	87	1	1	G
H2_BC86_consensus_vsearch	4307	T	T	190	1	0.52%	2	1	93	93	0.4999999999999138	1	1	104	86	0	1	+C
H2_BC86_consensus_vsearch	4308	C	C	189	2	1.04%	2	2	93	93	0.24934383202100482	1	1	103	86	1	1	+A
H2_BC86_consensus_vsearch	4309	A	A	187	3	1.56%	2	2	93	93	0.12401055408976878	1	1	100	87	2	1	G
H2_BC86_consensus_vsearch	4310	T	T	189	2	1.04%	2	1	93	93	0.24934383202100482	1	1	104	85	0	2	C
H2_BC86_consensus_vsearch	4311	A	A	191	1	0.52%	2	1	93	93	0.5000000000001412	1	1	103	88	1	0	+GCA
H2_BC86_consensus_vsearch	4312	A	A	186	5	2.6%	2	2	93	93	0.030433036239869853	1	1	100	86	4	1	G
H2_BC86_consensus_vsearch	4313	C	C	191	1	0.52%	2	1	93	93	0.5000000000001412	1	1	103	88	1	0	-T
H2_BC86_consensus_vsearch	4314	T	Y	183	7	3.66%	2	1	93	93	0.007385343252869138	1	1	102	81	0	7	C
H2_BC86_consensus_vsearch	4315	G	G	189	2	1.04%	2	1	93	93	0.24934383202100482	1	1	101	88	2	0	-A
H2_BC86_consensus_vsearch	4316	A	A	185	3	1.59%	2	1	93	93	0.12399999999998497	1	1	101	84	0	3	+T
H2_BC86_consensus_vsearch	4317	T	T	187	2	1.05%	2	1	93	93	0.24933687002661706	1	1	100	87	2	0	C
H2_BC86_consensus_vsearch	4318	T	T	190	2	1.04%	2	1	93	93	0.2493472584856949	1	1	104	86	0	2	C
H2_BC86_consensus_vsearch	4319	T	T	189	1	0.52%	2	1	93	93	0.5000000000001412	1	1	103	86	0	1	+GTG
H2_BC86_consensus_vsearch	4320	A	A	190	1	0.52%	2	1	93	93	0.4999999999999138	1	1	103	87	0	1	C
H2_BC86_consensus_vsearch	4321	A	A	190	1	0.52%	2	1	93	93	0.4999999999999138	1	1	102	88	1	0	T
H2_BC86_consensus_vsearch	4322	T	T	187	3	1.57%	2	1	93	93	0.12401055408976878	1	1	100	87	3	0	+A
H2_BC86_consensus_vsearch	4323	G	G	184	5	2.6%	2	2	93	93	0.030424403183015276	1	1	98	86	4	1	-A
H2_BC86_consensus_vsearch	4324	A	A	180	4	2.15%	2	2	93	93	0.06147960135865969	1	1	95	85	3	1	G
H2_BC86_consensus_vsearch	4325	G	G	187	1	0.52%	2	1	93	93	0.4999999999999138	1	1	102	85	1	0	+T
H2_BC86_consensus_vsearch	4326	C	C	186	2	1.05%	2	2	93	93	0.24933333333336263	1	1	102	84	1	1	G
H2_BC86_consensus_vsearch	4327	C	C	190	1	0.52%	2	1	93	93	0.4999999999999138	1	1	103	87	1	0	-AT
H2_BC86_consensus_vsearch	4328	A	A	186	2	1.05%	2	1	93	93	0.24933333333336263	1	1	98	88	2	0	+T
H2_BC86_consensus_vsearch	4329	T	T	190	1	0.52%	2	1	93	93	0.4999999999999138	1	1	103	87	0	1	+C
H2_BC86_consensus_vsearch	4330	T	T	189	1	0.52%	2	1	93	93	0.5000000000001412	1	1	102	87	1	0	+C
H2_BC86_consensus_vsearch	4331	C	C	185	3	1.57%	2	2	93	93	0.12399999999998497	1	1	101	84	1	2	+T
H2_BC86_consensus_vsearch	4332	G	G	187	2	1.04%	2	1	93	93	0.24933687002661706	1	1	100	87	2	0	T
H2_BC86_consensus_vsearch	4333	C	C	188	2	1.05%	2	2	93	93	0.2493403693931866	1	1	102	86	1	1	T
H2_BC86_consensus_vsearch	4334	A	A	187	2	1.05%	2	2	93	93	0.24933687002661706	1	1	101	86	1	1	T
H2_BC86_consensus_vsearch	4335	G	G	185	3	1.57%	2	1	93	93	0.12399999999998497	1	1	98	87	3	0	+T
H2_BC86_consensus_vsearch	4336	T	T	187	2	1.05%	2	1	93	93	0.24933687002661706	1	1	101	86	0	2	C
H2_BC86_consensus_vsearch	4337	T	T	192	0	0%	2	0	93	0	1.0	1	0	104	88	0	0	
H2_BC86_consensus_vsearch	4338	T	T	184	6	3.12%	2	2	93	93	0.015011512916161563	1	1	102	82	1	5	+C
H2_BC86_consensus_vsearch	4339	C	C	189	2	1.04%	2	1	93	93	0.24934383202100482	1	1	104	85	0	2	-A
H2_BC86_consensus_vsearch	4340	A	A	188	2	1.05%	2	1	93	93	0.2493403693931866	1	1	104	84	0	2	C
H2_BC86_consensus_vsearch	4341	A	A	190	1	0.52%	2	1	93	93	0.4999999999999138	1	1	103	87	0	1	C
H2_BC86_consensus_vsearch	4342	T	T	187	5	2.6%	2	1	93	93	0.030437285417662132	1	1	104	83	0	5	C
H2_BC86_consensus_vsearch	4343	T	T	187	3	1.56%	2	1	93	93	0.12401055408976878	1	1	104	83	0	3	C
H2_BC86_consensus_vsearch	4344	G	G	184	3	1.56%	2	1	93	93	0.12399463806966378	1	1	98	86	3	0	-T
H2_BC86_consensus_vsearch	4345	T	T	186	3	1.59%	2	1	93	93	0.1240053050397967	1	1	101	85	0	3	C
H2_BC86_consensus_vsearch	4346	T	T	189	1	0.52%	2	1	93	93	0.5000000000001412	1	1	103	86	0	1	+GGGC
H2_BC86_consensus_vsearch	4347	T	T	180	4	2.08%	2	1	93	93	0.06147960135865969	1	1	96	84	4	0	+A
H2_BC86_consensus_vsearch	4348	A	A	181	4	2.15%	2	2	93	93	0.06148512438803467	1	1	97	84	3	1	G
H2_BC86_consensus_vsearch	4349	A	A	183	4	2.11%	2	1	93	93	0.061495993004889796	1	1	99	84	4	0	-G
H2_BC86_consensus_vsearch	4350	G	G	185	2	1.06%	2	1	93	93	0.24932975871318122	1	1	98	87	2	0	+A
H2_BC86_consensus_vsearch	4351	G	G	191	1	0.52%	2	1	93	93	0.5000000000001412	1	1	103	88	1	0	A
H2_BC86_consensus_vsearch	4352	T	T	189	2	1.04%	2	1	93	93	0.24934383202100482	1	1	104	85	0	2	-C
H2_BC86_consensus_vsearch	4353	C	C	187	2	1.05%	2	2	93	93	0.24933687002661706	1	1	103	84	1	1	-T
H2_BC86_consensus_vsearch	4354	T	*/+C	181	7	3.68%	2	2	93	93	0.007380848803681321	1	1	95	86	6	1	+C
H2_BC86_consensus_vsearch	4355	C	*/+T	179	8	4.19%	2	1	93	93	0.0036189151712300786	1	1	101	78	0	8	+T
H2_BC86_consensus_vsearch	4356	T	T	184	2	1.07%	2	1	93	93	0.24932614555250343	1	1	101	83	0	2	+G
H2_BC86_consensus_vsearch	4357	G	G	190	1	0.52%	2	1	93	93	0.4999999999999138	1	1	103	87	1	0	-A
H2_BC86_consensus_vsearch	4358	A	A	190	1	0.52%	2	1	93	93	0.4999999999999138	1	1	103	87	0	1	G
H2_BC86_consensus_vsearch	4359	A	A	183	4	2.08%	2	2	93	93	0.061495993004889796	1	1	100	83	1	3	-C
H2_BC86_consensus_vsearch	4360	C	*/+T	180	7	3.72%	2	1	93	93	0.007378565932456183	1	1	103	77	0	7	+T
H2_BC86_consensus_vsearch	4361	T	T	189	1	0.52%	2	1	93	93	0.5000000000001412	1	1	104	85	0	1	-C
H2_BC86_consensus_vsearch	4362	C	*/-TC	117	68	35.79%	2	2	93	93	1.7052445405967796E-24	1	1	98	19	6	62	-TC
H2_BC86_consensus_vsearch	4363	T	T	114	3	2.5%	2	2	93	93	0.12339055793990258	1	1	95	19	2	1	-C
H2_BC86_consensus_vsearch	4364	C	C	118	1	0.83%	2	1	93	93	0.4999999999999138	1	1	95	23	1	0	+TC
H2_BC86_consensus_vsearch	4365	G	G	192	0	0%	2	0	93	0	1.0	1	0	104	88	0	0	
H2_BC86_consensus_vsearch	4366	C	C	188	2	1.04%	2	1	93	93	0.2493403693931866	1	1	103	85	0	2	T
H2_BC86_consensus_vsearch	4367	A	A	190	1	0.52%	2	1	93	93	0.4999999999999138	1	1	104	86	0	1	+T
H2_BC86_consensus_vsearch	4368	T	T	190	1	0.52%	2	1	93	93	0.4999999999999138	1	1	103	87	1	0	+G
H2_BC86_consensus_vsearch	4369	G	G	190	2	1.04%	2	1	93	93	0.2493472584856949	1	1	102	88	2	0	+C
H2_BC86_consensus_vsearch	4370	C	C	191	1	0.52%	2	1	93	93	0.5000000000001412	1	1	104	87	0	1	+A
H2_BC86_consensus_vsearch	4371	A	A	189	1	0.52%	2	1	93	93	0.5000000000001412	1	1	102	87	1	0	+C
H2_BC86_consensus_vsearch	4372	T	T	189	1	0.52%	2	1	93	93	0.5000000000001412	1	1	102	87	1	0	+A
H2_BC86_consensus_vsearch	4373	G	G	189	1	0.52%	2	1	93	93	0.5000000000001412	1	1	101	88	1	0	+AA
H2_BC86_consensus_vsearch	4374	G	G	189	1	0.52%	2	1	93	93	0.5000000000001412	1	1	101	88	1	0	-CT
H2_BC86_consensus_vsearch	4375	C	C	182	2	1.05%	2	1	93	93	0.2493188010900035	1	1	99	83	0	2	+T
H2_BC86_consensus_vsearch	4376	T	T	184	1	0.54%	2	1	93	93	0.4999999999999138	1	1	98	86	0	1	+G
H2_BC86_consensus_vsearch	4377	T	T	180	4	2.12%	2	1	93	93	0.06147960135865969	1	1	96	84	4	0	+G
H2_BC86_consensus_vsearch	4378	A	A	183	3	1.59%	2	1	93	93	0.12398921832883274	1	1	98	85	3	0	-G
H2_BC86_consensus_vsearch	4379	G	G	185	3	1.6%	2	2	93	93	0.12399999999998497	1	1	99	86	1	2	A
H2_BC86_consensus_vsearch	4380	T	T	183	4	2.09%	2	1	93	93	0.061495993004889796	1	1	97	86	4	0	-C
H2_BC86_consensus_vsearch	4381	C	C	187	0	0%	2	0	93	0	1.0	1	0	99	88	0	0	
H2_BC86_consensus_vsearch	4382	C	C	186	2	1.05%	2	1	93	93	0.24933333333336263	1	1	102	84	0	2	-G
H2_BC86_consensus_vsearch	4383	G	G	188	0	0%	2	0	93	0	1.0	1	0	102	86	0	0	
H2_BC86_consensus_vsearch	4384	A	A	188	2	1.05%	2	1	93	93	0.2493403693931866	1	1	100	88	2	0	G
H2_BC86_consensus_vsearch	4385	T	T	187	1	0.53%	2	1	93	93	0.4999999999999138	1	1	101	86	1	0	+G
H2_BC86_consensus_vsearch	4386	G	G	188	1	0.53%	2	1	93	93	0.5000000000001412	1	1	101	87	1	0	T
H2_BC86_consensus_vsearch	4387	G	G	189	1	0.53%	2	1	93	93	0.5000000000001412	1	1	102	87	0	1	A
H2_BC86_consensus_vsearch	4388	A	A	185	1	0.53%	2	1	93	93	0.5000000000001412	1	1	99	86	0	1	+T
H2_BC86_consensus_vsearch	4389	C	C	180	2	1.08%	2	2	93	93	0.24931129476584768	1	1	99	81	1	1	T
H2_BC86_consensus_vsearch	4390	A	A	181	2	1.09%	2	1	93	93	0.24931506849317653	1	1	99	82	0	2	T
H2_BC86_consensus_vsearch	4391	A	A	180	2	1.09%	2	1	93	93	0.24931129476584768	1	1	97	83	0	2	-G
H2_BC86_consensus_vsearch	4392	G	G	174	5	2.79%	2	1	93	93	0.030378348522515145	1	1	91	83	5	0	A
H2_BC86_consensus_vsearch	4393	C	C	176	0	0%	2	0	93	0	1.0	1	0	92	84	0	0	
H2_BC86_consensus_vsearch	4394	A	A	172	1	0.58%	2	1	93	93	0.4999999999999138	1	1	88	84	1	0	G
H2_BC86_consensus_vsearch	4395	T	T	165	0	0%	2	0	93	0	1.0	1	0	81	84	0	0	
H2_BC86_consensus_vsearch	4396	A	A	152	2	1.3%	2	2	93	93	0.24918566775242354	1	1	71	81	1	1	G
H2_BC86_consensus_vsearch	4397	T	T	138	0	0%	2	0	93	0	1.0	1	0	58	80	0	0	
H2_BC86_consensus_vsearch	4398	G	G	126	0	0%	2	0	93	0	1.0	1	0	46	80	0	0	
H2_BC86_consensus_vsearch	4399	A	A	115	0	0%	2	0	93	0	1.0	1	0	36	79	0	0	
H2_BC86_consensus_vsearch	4400	C	C	103	0	0%	2	0	93	0	1.0	1	0	26	77	0	0	
H2_BC86_consensus_vsearch	4401	T	T	20	0	0%	2	0	93	0	1.0	1	0	18	2	0	0	
