Chrom	Position	Ref	Cons	Reads1	Reads2	VarFreq	Strands1	Strands2	Qual1	Qual2	Pvalue	MapQual1	MapQual2	Reads1Plus	Reads1Minus	Reads2Plus	Reads2Minus	VarAllele
H3_BC87_consensus_vsearch	45	A	R	8	8	6.2%	1	2	93	93	0.0012235817575083614	1	1	8	0	6	2	+G
H3_BC87_consensus_vsearch	86	A	R	121	7	5.43%	2	2	93	93	0.007181782055684543	1	1	73	48	6	1	G
H3_BC87_consensus_vsearch	169	A	R	122	7	5.38%	2	2	93	93	0.007186592205048179	1	1	74	48	6	1	G
H3_BC87_consensus_vsearch	209	T	Y	116	11	8.53%	2	1	93	93	3.895335290384688E-4	1	1	77	39	0	11	C
H3_BC87_consensus_vsearch	211	C	Y	119	8	6.2%	2	1	93	93	0.003486751792251853	1	1	78	41	0	8	T
H3_BC87_consensus_vsearch	252	A	R	104	7	5.51%	2	2	93	93	0.007087006596374399	1	1	72	32	6	1	+G
H3_BC87_consensus_vsearch	259	A	R	116	12	9.23%	2	1	93	93	1.8636506095184423E-4	1	1	80	36	0	12	G
H3_BC87_consensus_vsearch	333	G	R	76	43	35.83%	2	1	93	93	1.080552324696266E-15	1	1	33	43	43	0	A
H3_BC87_consensus_vsearch	340	G	R	77	12	12.9%	2	1	93	93	1.641919899139002E-4	1	1	36	41	12	0	A
H3_BC87_consensus_vsearch	346	T	K	116	8	6.4%	2	1	93	93	0.0034768803058822526	1	1	67	49	8	0	G
H3_BC87_consensus_vsearch	404	G	R	121	7	5.38%	2	1	93	93	0.007181782055684543	1	1	73	48	7	0	A
H3_BC87_consensus_vsearch	487	T	K	112	18	13.85%	2	1	93	93	2.028685109070171E-6	1	1	62	50	18	0	G
H3_BC87_consensus_vsearch	533	G	R	119	8	6.2%	2	1	93	93	0.003486751792251853	1	1	70	49	8	0	A
H3_BC87_consensus_vsearch	543	T	Y	121	7	5.43%	2	1	93	93	0.007181782055684543	1	1	80	41	0	7	C
H3_BC87_consensus_vsearch	591	T	Y	122	7	5.43%	2	1	93	93	0.007186592205048179	1	1	80	42	0	7	C
H3_BC87_consensus_vsearch	650	G	R	109	13	10.57%	2	1	93	93	8.713878611489659E-5	1	1	66	43	13	0	A
H3_BC87_consensus_vsearch	667	G	R	118	8	6.2%	2	1	93	93	0.00348351206933495	1	1	70	48	8	0	A
H3_BC87_consensus_vsearch	675	A	R	5	21	16.15%	2	2	93	93	3.4261877447879895E-10	1	1	4	1	3	18	G
H3_BC87_consensus_vsearch	678	C	Y	116	9	6.98%	2	2	93	93	0.00168258665405184	1	1	77	39	2	7	T
H3_BC87_consensus_vsearch	699	C	S	106	22	16.92%	2	1	93	93	8.890547740076165E-8	1	1	57	49	22	0	G
H3_BC87_consensus_vsearch	831	G	R	109	11	9.02%	2	1	93	93	3.8419790937304954E-4	1	1	68	41	11	0	A
H3_BC87_consensus_vsearch	854	G	R	70	48	40.34%	2	2	93	93	8.384955710327342E-18	1	1	42	28	34	14	A
H3_BC87_consensus_vsearch	866	T	Y	115	8	6.45%	2	2	93	93	0.003473485862068266	1	1	75	40	2	6	C
H3_BC87_consensus_vsearch	909	G	R	98	15	11.63%	2	1	93	93	1.8568425136180507E-5	1	1	49	49	15	0	+A
H3_BC87_consensus_vsearch	910	G	R	120	9	6.92%	2	1	93	93	0.0016906529741981167	1	1	70	50	9	0	A
H3_BC87_consensus_vsearch	944	C	Y	107	10	7.94%	2	1	93	93	7.991387742394089E-4	1	1	76	31	0	10	T
H3_BC87_consensus_vsearch	961	C	Y	122	8	6.15%	2	1	93	93	0.00349617999164594	1	1	80	42	0	8	T
H3_BC87_consensus_vsearch	963	T	Y	119	10	7.75%	2	2	93	93	8.147725176861137E-4	1	1	78	41	2	8	C
H3_BC87_consensus_vsearch	974	C	S	120	8	6.15%	2	1	93	93	0.0034899422840876464	1	1	71	49	8	0	G
H3_BC87_consensus_vsearch	1016	A	R	112	10	8.2%	2	1	93	93	8.060047151053774E-4	1	1	62	50	10	0	G
H3_BC87_consensus_vsearch	1038	T	K	109	10	8.26%	2	1	93	93	8.019502213114161E-4	1	1	60	49	10	0	G
H3_BC87_consensus_vsearch	1060	G	R	112	7	5.38%	2	1	93	93	0.007134918607512385	1	1	63	49	7	0	+A
H3_BC87_consensus_vsearch	1106	C	Y	117	7	5.43%	2	1	93	93	0.007161779091602289	1	1	80	37	0	7	T
H3_BC87_consensus_vsearch	1108	A	R	118	9	6.98%	2	2	93	93	0.0016866807450331023	1	1	72	46	7	2	G
H3_BC87_consensus_vsearch	1110	C	Y	120	9	6.92%	2	2	93	93	0.0016906529741981167	1	1	79	41	1	8	T
H3_BC87_consensus_vsearch	1126	G	R	116	10	7.81%	2	2	93	93	8.111274308374793E-4	1	1	68	48	9	1	A
H3_BC87_consensus_vsearch	1133	T	K	112	7	5.83%	2	1	93	93	0.007134918607512385	1	1	63	49	7	0	G
H3_BC87_consensus_vsearch	1134	T	K	117	9	6.92%	2	1	93	93	0.0016846492794316409	1	1	68	49	9	0	G
H3_BC87_consensus_vsearch	1164	A	R	118	8	6.3%	2	2	93	93	0.00348351206933495	1	1	71	47	7	1	G
H3_BC87_consensus_vsearch	1212	G	R	114	8	6.45%	2	2	93	93	0.0034700373777167863	1	1	68	46	7	1	A
H3_BC87_consensus_vsearch	1226	G	R	104	24	18.75%	2	1	93	93	1.814896671931089E-8	1	1	56	48	24	0	A
H3_BC87_consensus_vsearch	1236	A	R	113	17	13.08%	2	1	93	93	4.362570632780761E-6	1	1	63	50	17	0	G
H3_BC87_consensus_vsearch	1294	T	Y	123	7	5.38%	2	2	93	93	0.007191329576314499	1	1	79	44	1	6	C
H3_BC87_consensus_vsearch	1296	G	R	121	7	5.47%	2	1	93	93	0.007181782055684543	1	1	72	49	7	0	A
H3_BC87_consensus_vsearch	1301	C	Y	122	8	6.15%	2	1	93	93	0.00349617999164594	1	1	80	42	0	8	T
H3_BC87_consensus_vsearch	1354	G	R	110	10	8.33%	2	2	93	93	8.033229014163178E-4	1	1	72	38	8	2	A
H3_BC87_consensus_vsearch	1355	G	R	119	10	7.69%	2	1	93	93	8.147725176861137E-4	1	1	80	39	0	10	A
H3_BC87_consensus_vsearch	1389	G	R	101	20	16.53%	2	1	93	93	4.0557190726149515E-7	1	1	52	49	20	0	A
H3_BC87_consensus_vsearch	1394	T	Y	115	8	6.35%	2	2	93	93	0.003473485862068266	1	1	76	39	1	7	C
H3_BC87_consensus_vsearch	1398	A	R	119	8	6.2%	2	1	93	93	0.003486751792251853	1	1	69	50	8	0	G
H3_BC87_consensus_vsearch	1437	T	Y	113	7	5.6%	2	2	93	93	0.007140466550292846	1	1	74	39	1	6	C
H3_BC87_consensus_vsearch	1438	A	R	114	7	5.47%	2	1	93	93	0.007145924430384355	1	1	69	45	7	0	G
H3_BC87_consensus_vsearch	1471	C	Y	115	7	5.43%	2	1	93	93	0.007151294421903387	1	1	75	40	0	7	T
H3_BC87_consensus_vsearch	1511	G	R	113	16	12.31%	2	2	93	93	9.299636163701484E-6	1	1	64	49	15	1	A
H3_BC87_consensus_vsearch	1585	G	R	116	8	6.2%	2	1	93	93	0.0034768803058822526	1	1	67	49	8	0	A
H3_BC87_consensus_vsearch	1682	G	R	103	19	15.32%	2	1	93	93	8.927494655399586E-7	1	1	58	45	19	0	A
H3_BC87_consensus_vsearch	1685	G	R	111	13	10.32%	2	1	93	93	8.763961043369711E-5	1	1	63	48	13	0	A
H3_BC87_consensus_vsearch	1785	C	Y	116	13	10%	2	1	93	93	8.883159520075827E-5	1	1	80	36	0	13	T
H3_BC87_consensus_vsearch	1835	A	R	76	12	10.08%	2	1	93	93	1.6340070321554782E-4	1	1	52	24	12	0	-C
H3_BC87_consensus_vsearch	1836	C	S	89	9	9.09%	2	1	93	93	0.0016118239607923867	1	1	65	24	9	0	G
H3_BC87_consensus_vsearch	1857	C	Y	121	9	6.92%	2	1	93	93	0.001692595075321153	1	1	80	41	0	9	T
H3_BC87_consensus_vsearch	1917	A	R	122	7	5.38%	2	1	93	93	0.007186592205048179	1	1	73	49	7	0	G
H3_BC87_consensus_vsearch	1950	C	Y	110	10	8.13%	2	2	93	93	8.033229014163178E-4	1	1	73	37	3	7	T
H3_BC87_consensus_vsearch	1982	C	Y	112	12	9.23%	2	1	93	93	1.8466917912817257E-4	1	1	77	35	0	12	T
H3_BC87_consensus_vsearch	2024	A	R	113	9	7.14%	2	1	93	93	0.0016762044960162564	1	1	64	49	9	0	G
H3_BC87_consensus_vsearch	2082	G	R	111	8	6.4%	2	1	93	93	0.003459354476369988	1	1	65	46	8	0	A
H3_BC87_consensus_vsearch	2116	G	R	110	13	10.4%	2	2	93	93	8.739098742537378E-5	1	1	64	46	11	2	A
H3_BC87_consensus_vsearch	2117	G	R	17	31	24.03%	2	2	93	93	2.90268478686882E-13	1	1	13	4	23	8	+A
H3_BC87_consensus_vsearch	2135	C	Y	113	10	7.69%	2	2	93	93	8.073148184894178E-4	1	1	73	40	2	8	T
H3_BC87_consensus_vsearch	2142	G	R	96	11	10.09%	2	1	93	93	3.7259914414660913E-4	1	1	65	31	11	0	A
H3_BC87_consensus_vsearch	2231	G	R	107	11	9.32%	2	1	93	93	3.825664344762934E-4	1	1	69	38	11	0	A
H3_BC87_consensus_vsearch	2275	G	R	120	9	6.92%	2	1	93	93	0.0016906529741981167	1	1	71	49	9	0	A
H3_BC87_consensus_vsearch	2336	T	Y	104	15	11.63%	2	1	93	93	1.9071151985886625E-5	1	1	71	33	0	15	C
H3_BC87_consensus_vsearch	2371	A	R	112	10	7.81%	2	2	93	93	8.060047151053774E-4	1	1	64	48	9	1	G
H3_BC87_consensus_vsearch	2373	T	Y	115	7	5.6%	2	2	93	93	0.007151294421903387	1	1	70	45	2	5	C
H3_BC87_consensus_vsearch	2407	G	R	105	8	6.96%	2	1	93	93	0.0034363401311798517	1	1	70	35	8	0	A
H3_BC87_consensus_vsearch	2436	G	R	99	14	11.76%	2	1	93	93	3.9762688170391836E-5	1	1	58	41	14	0	A
H3_BC87_consensus_vsearch	2455	A	R	117	10	7.81%	2	1	93	93	8.12360522097531E-4	1	1	67	50	10	0	G
H3_BC87_consensus_vsearch	2529	C	S	107	12	9.23%	2	1	93	93	1.8240509323126525E-4	1	1	64	43	12	0	G
H3_BC87_consensus_vsearch	2530	C	M	7	93	71.54%	2	2	93	93	2.879779159828746E-49	1	1	5	2	48	45	A
H3_BC87_consensus_vsearch	2530	C	Y	7	25	19.23%	2	1	93	93	8.392848624208075E-12	1	1	5	2	25	0	A
H3_BC87_consensus_vsearch	2531	C	S	115	14	10.77%	2	2	93	93	4.205904099302095E-5	1	1	67	48	13	1	G
H3_BC87_consensus_vsearch	2532	A	W	100	17	13.08%	2	2	93	93	4.080109662647814E-6	1	1	51	49	16	1	T
H3_BC87_consensus_vsearch	2546	T	Y	119	10	7.69%	2	1	93	93	8.147725176861137E-4	1	1	80	39	0	10	C
H3_BC87_consensus_vsearch	2550	T	Y	119	7	5.51%	2	1	93	93	0.007171936613333159	1	1	76	43	0	7	C
H3_BC87_consensus_vsearch	2564	T	Y	107	8	6.2%	2	2	93	93	0.0034442701990614545	1	1	77	30	2	6	+C
H3_BC87_consensus_vsearch	2704	G	R	122	7	5.38%	2	1	93	93	0.007186592205048179	1	1	72	50	7	0	A
H3_BC87_consensus_vsearch	2746	G	R	117	7	5.51%	2	2	93	93	0.007161779091602289	1	1	72	45	6	1	A
H3_BC87_consensus_vsearch	2763	G	R	85	26	23.01%	2	1	93	93	2.837246618081159E-9	1	1	50	35	26	0	A
H3_BC87_consensus_vsearch	2790	A	R	120	8	6.15%	2	1	93	93	0.0034899422840876464	1	1	71	49	8	0	G
H3_BC87_consensus_vsearch	2792	G	R	116	12	9.3%	2	1	93	93	1.8636506095184423E-4	1	1	66	50	12	0	A
H3_BC87_consensus_vsearch	2855	T	Y	112	16	12.31%	2	1	93	93	9.261367368405653E-6	1	1	80	32	0	16	C
H3_BC87_consensus_vsearch	2858	T	Y	90	26	21.14%	2	2	93	93	3.0758327596365186E-9	1	1	70	20	8	18	C
H3_BC87_consensus_vsearch	2860	G	R	108	11	8.8%	2	1	93	93	3.833884829953531E-4	1	1	66	42	11	0	A
H3_BC87_consensus_vsearch	2868	T	Y	121	8	6.2%	2	2	93	93	0.003493084657434247	1	1	78	43	1	7	C
H3_BC87_consensus_vsearch	2881	T	Y	112	9	7.09%	2	2	93	93	0.0016740097929115023	1	1	77	35	1	8	C
H3_BC87_consensus_vsearch	2900	G	R	97	32	24.62%	2	1	93	93	2.587725334886516E-11	1	1	47	50	32	0	A
H3_BC87_consensus_vsearch	2982	T	Y	105	8	6.35%	2	1	93	93	0.0034363401311798517	1	1	75	30	0	8	-G
H3_BC87_consensus_vsearch	3019	G	R	106	11	8.53%	2	1	93	93	3.8173146805181167E-4	1	1	62	44	11	0	A
H3_BC87_consensus_vsearch	3063	G	R	117	10	7.81%	2	1	93	93	8.12360522097531E-4	1	1	68	49	10	0	A
H3_BC87_consensus_vsearch	3094	G	R	116	8	6.4%	2	1	93	93	0.0034768803058822526	1	1	70	46	8	0	A
H3_BC87_consensus_vsearch	3214	C	Y	29	10	7.69%	2	1	93	93	5.052351032939622E-4	1	1	13	16	10	0	+TC
H3_BC87_consensus_vsearch	3291	G	R	103	21	16.94%	2	1	93	93	1.892085973772431E-7	1	1	58	45	21	0	A
H3_BC87_consensus_vsearch	3328	A	R	121	8	6.15%	2	1	93	93	0.003493084657434247	1	1	71	50	8	0	G
H3_BC87_consensus_vsearch	3329	T	K	115	11	8.53%	2	1	93	93	3.888048842031772E-4	1	1	67	48	11	0	G
H3_BC87_consensus_vsearch	3400	G	R	103	12	10.34%	2	1	93	93	1.8046685566661298E-4	1	1	66	37	12	0	A
H3_BC87_consensus_vsearch	3402	T	Y	101	11	8.66%	2	2	93	93	3.773518476369546E-4	1	1	71	30	2	9	C
H3_BC87_consensus_vsearch	3421	G	R	92	13	11.71%	2	2	93	93	8.222006512210814E-5	1	1	64	28	12	1	A
H3_BC87_consensus_vsearch	3483	G	R	121	7	5.43%	2	1	93	93	0.007181782055684543	1	1	71	50	7	0	A
H3_BC87_consensus_vsearch	3534	A	R	118	7	5.51%	2	2	93	93	0.007166897781991431	1	1	69	49	6	1	G
H3_BC87_consensus_vsearch	3536	T	Y	115	7	5.43%	2	2	93	93	0.007151294421903387	1	1	76	39	2	5	C
H3_BC87_consensus_vsearch	3611	C	Y	121	7	5.38%	2	2	93	93	0.007181782055684543	1	1	76	45	3	4	T
H3_BC87_consensus_vsearch	3620	C	Y	116	8	6.15%	2	1	93	93	0.0034768803058822526	1	1	76	40	0	8	T
H3_BC87_consensus_vsearch	3633	A	W	10	16	13.11%	2	1	93	93	5.125576866202848E-7	1	1	9	1	16	0	+GT
H3_BC87_consensus_vsearch	3634	A	R	113	7	5.47%	2	2	93	93	0.007140466550292846	1	1	67	46	6	1	G
H3_BC87_consensus_vsearch	3657	C	Y	118	10	7.81%	2	2	93	93	8.135754181922317E-4	1	1	78	40	1	9	T
H3_BC87_consensus_vsearch	3692	G	R	115	13	10%	2	1	93	93	8.859978307544659E-5	1	1	67	48	13	0	A
H3_BC87_consensus_vsearch	3698	A	R	117	11	8.59%	2	1	93	93	3.9025162336062916E-4	1	1	67	50	11	0	G
H3_BC87_consensus_vsearch	3716	A	R	105	18	14.52%	2	1	93	93	1.9515515329488955E-6	1	1	57	48	18	0	G
H3_BC87_consensus_vsearch	3732	G	R	116	8	6.25%	2	1	93	93	0.0034768803058822526	1	1	76	40	0	8	A
H3_BC87_consensus_vsearch	3733	T	W	119	8	6.2%	2	1	93	93	0.003486751792251853	1	1	78	41	0	8	A
H3_BC87_consensus_vsearch	3741	G	R	111	10	8.26%	2	1	93	93	8.04674235219413E-4	1	1	68	43	10	0	A
H3_BC87_consensus_vsearch	3833	G	K	113	7	5.79%	2	1	93	93	0.007140466550292846	1	1	76	37	0	7	T
H3_BC87_consensus_vsearch	3853	C	Y	106	17	13.28%	2	1	93	93	4.216087745708255E-6	1	1	76	30	0	17	T
H3_BC87_consensus_vsearch	3861	G	R	65	7	9.59%	2	1	93	93	0.006705601149195077	1	1	28	37	7	0	A
H3_BC87_consensus_vsearch	3907	G	R	114	9	7.2%	2	2	93	93	0.001678365017385658	1	1	67	47	8	1	A
H3_BC87_consensus_vsearch	3940	A	R	103	7	5.56%	2	1	93	93	0.00708053725760065	1	1	69	34	7	0	-G
H3_BC87_consensus_vsearch	3969	T	Y	116	7	5.43%	2	2	93	93	0.007156578629607704	1	1	73	43	2	5	C
H3_BC87_consensus_vsearch	4064	A	R	117	8	6.15%	2	2	93	93	0.0034802219682091096	1	1	70	47	7	1	G
H3_BC87_consensus_vsearch	4069	G	R	114	11	8.53%	2	2	93	93	3.8806545582719494E-4	1	1	68	46	10	1	A
H3_BC87_consensus_vsearch	4079	A	R	121	8	6.2%	2	1	93	93	0.003493084657434247	1	1	71	50	8	0	G
H3_BC87_consensus_vsearch	4174	G	R	121	7	5.47%	2	2	93	93	0.007181782055684543	1	1	74	47	6	1	A
H3_BC87_consensus_vsearch	4228	T	Y	118	7	5.56%	2	2	93	93	0.007166897781991431	1	1	75	43	1	6	C
H3_BC87_consensus_vsearch	4237	G	R	118	9	7.03%	2	2	93	93	0.0016866807450331023	1	1	71	47	8	1	A
H3_BC87_consensus_vsearch	4244	A	R	119	7	5.51%	2	1	93	93	0.007171936613333159	1	1	71	48	7	0	G
H3_BC87_consensus_vsearch	4258	G	R	119	9	6.92%	2	2	93	93	0.0016886817503656104	1	1	72	47	8	1	A
H3_BC87_consensus_vsearch	4271	G	R	107	15	12.2%	2	1	93	93	1.9307317713989513E-5	1	1	60	47	15	0	A
H3_BC87_consensus_vsearch	4284	G	R	93	25	20.83%	2	1	93	93	7.1919803453180654E-9	1	1	50	43	25	0	A
H3_BC87_consensus_vsearch	4355	T	Y	113	10	7.94%	2	2	93	93	8.073148184894178E-4	1	1	71	42	5	5	C
