Chrom	Position	Ref	Cons	Reads1	Reads2	VarFreq	Strands1	Strands2	Qual1	Qual2	Pvalue	MapQual1	MapQual2	Reads1Plus	Reads1Minus	Reads2Plus	Reads2Minus	VarAllele
H5_BC89_consensus_vsearch	41	G	*/+AG	46	53	52.48%	2	2	93	93	6.888305046702213E-21	1	1	45	1	2	51	+AG
H5_BC89_consensus_vsearch	112	A	*/-T	85	14	14%	2	2	93	93	3.725507904804453E-5	1	1	43	42	5	9	-T
H5_BC89_consensus_vsearch	142	A	*/+G	90	7	6.93%	2	1	93	93	0.006984570496764789	1	1	41	49	7	0	+G
H5_BC89_consensus_vsearch	173	C	*/-A	85	13	13%	2	1	93	93	7.977446274419498E-5	1	1	33	52	13	0	-A
H5_BC89_consensus_vsearch	196	T	*/-C	85	16	15.69%	2	1	93	93	8.012370747035288E-6	1	1	32	53	16	0	-C
H5_BC89_consensus_vsearch	201	A	*/-C	90	10	9.8%	2	1	93	93	7.710260627179726E-4	1	1	48	42	0	10	-C
H5_BC89_consensus_vsearch	243	C	*/-G	74	26	26%	2	1	93	93	2.2986161702047675E-9	1	1	48	26	0	26	-G
H5_BC89_consensus_vsearch	253	A	*/+G	83	12	11.88%	2	1	93	93	1.6863619160593116E-4	1	1	45	38	0	12	+G
H5_BC89_consensus_vsearch	256	C	*/-T	80	19	18.81%	2	1	93	93	7.344619205153121E-7	1	1	47	33	0	19	-T
H5_BC89_consensus_vsearch	258	T	*/-C	85	9	8.82%	2	2	93	93	0.0015980759098657691	1	1	47	38	1	8	-C
H5_BC89_consensus_vsearch	274	T	*/+C	84	9	8.91%	2	1	93	93	0.0015944646655782606	1	1	33	51	9	0	+C
H5_BC89_consensus_vsearch	314	T	*/-G	74	26	25.74%	2	1	93	93	2.2986161702047675E-9	1	1	48	26	0	26	-G
H5_BC89_consensus_vsearch	333	C	*/-G	88	13	12.75%	2	1	93	93	8.085779997867714E-5	1	1	48	40	0	13	-G
H5_BC89_consensus_vsearch	340	C	*/-G	69	18	17.65%	2	2	93	93	1.4321684325958357E-6	1	1	22	47	13	5	-G
H5_BC89_consensus_vsearch	359	T	*/-C	85	17	16.67%	2	1	93	93	3.690426920433769E-6	1	1	32	53	17	0	-C
H5_BC89_consensus_vsearch	361	C	*/-G	89	12	11.76%	2	1	93	93	1.7261777523537157E-4	1	1	49	40	0	12	-G
H5_BC89_consensus_vsearch	365	G	*/-A	82	20	19.61%	2	1	93	93	3.398808022148591E-7	1	1	29	53	20	0	-A
H5_BC89_consensus_vsearch	384	C	*/-T	91	10	9.8%	2	1	93	93	7.729229613467544E-4	1	1	49	42	0	10	-T
H5_BC89_consensus_vsearch	386	C	*/-T	83	16	15.84%	2	1	93	93	7.899776205839155E-6	1	1	48	35	0	16	-T
H5_BC89_consensus_vsearch	392	T	*/-C	93	8	7.84%	2	1	93	93	0.003382396156936316	1	1	40	53	8	0	-C
H5_BC89_consensus_vsearch	400	A	*/-G	95	7	6.86%	2	2	93	93	0.007024313538872513	1	1	48	47	1	6	-G
H5_BC89_consensus_vsearch	412	C	*/-GC	88	8	7.84%	2	2	93	93	0.0033560872797097677	1	1	40	48	4	4	-GC
H5_BC89_consensus_vsearch	414	C	*/-A	68	18	19.35%	2	1	93	93	1.4140442166994235E-6	1	1	38	30	0	18	-A
H5_BC89_consensus_vsearch	430	C	*/-AC	75	25	24.75%	2	2	93	93	5.363437730476785E-9	1	1	25	50	24	1	-AC
H5_BC89_consensus_vsearch	462	T	*/-G	87	8	7.84%	2	2	93	93	0.0033505057613061914	1	1	45	42	2	6	-G
H5_BC89_consensus_vsearch	485	T	*/-A	87	9	8.91%	2	2	93	93	0.0016050852207308754	1	1	40	47	8	1	-A
H5_BC89_consensus_vsearch	489	T	*/-G	73	26	25.74%	2	2	93	93	2.2489815774660073E-9	1	1	47	26	1	25	-G
H5_BC89_consensus_vsearch	498	C	*/+T	87	8	8.33%	2	1	93	93	0.0033505057613061914	1	1	43	44	0	8	+T
H5_BC89_consensus_vsearch	499	C	*/-T	89	9	8.82%	2	1	93	93	0.0016118239607923867	1	1	49	40	0	9	-T
H5_BC89_consensus_vsearch	516	G	*/-T	92	9	8.82%	2	1	93	93	0.0016214579515213031	1	1	49	43	0	9	-T
H5_BC89_consensus_vsearch	528	T	*/-G	78	24	23.53%	2	1	93	93	1.2862450267823246E-8	1	1	49	29	0	24	-G
H5_BC89_consensus_vsearch	531	A	*/-G	89	7	6.86%	2	2	93	93	0.0069761364802936685	1	1	44	45	2	5	-G
H5_BC89_consensus_vsearch	533	G	*/+A	91	8	7.84%	2	1	93	93	0.0033721799226566103	1	1	38	53	8	0	+A
H5_BC89_consensus_vsearch	541	T	*/-G	87	8	7.92%	2	1	93	93	0.0033505057613061914	1	1	47	40	0	8	-G
H5_BC89_consensus_vsearch	599	T	*/-A	89	9	9%	2	1	93	93	0.0016118239607923867	1	1	47	42	0	9	-A
H5_BC89_consensus_vsearch	622	A	*/-G	70	17	17.35%	2	2	93	93	3.212149198821918E-6	1	1	32	38	12	5	-G
H5_BC89_consensus_vsearch	644	A	*/-C	80	19	18.81%	2	1	93	93	7.344619205153121E-7	1	1	47	33	0	19	-C
H5_BC89_consensus_vsearch	650	C	*/-G	82	9	9%	2	2	93	93	0.0015870180132160528	1	1	43	39	3	6	-G
H5_BC89_consensus_vsearch	671	G	*/-C	75	15	15.62%	2	1	93	93	1.6168330163827357E-5	1	1	25	50	15	0	-C
H5_BC89_consensus_vsearch	694	C	*/-T	86	13	13%	2	1	93	93	8.014173981261941E-5	1	1	48	38	0	13	-T
H5_BC89_consensus_vsearch	826	A	*/-G	63	21	21.21%	2	2	93	93	1.1430226807032632E-7	1	1	35	28	11	10	-G
H5_BC89_consensus_vsearch	826	A	*/-GG	63	9	9.09%	2	1	93	93	0.0014971715747452005	1	1	35	28	0	9	-G
H5_BC89_consensus_vsearch	834	T	*/-C	74	19	18.81%	2	1	93	93	6.857402029807878E-7	1	1	45	29	0	19	-C
H5_BC89_consensus_vsearch	849	C	*/-T	94	7	6.93%	2	1	93	93	0.007016672878749878	1	1	49	45	0	7	-T
H5_BC89_consensus_vsearch	859	A	*/-G	56	30	29.41%	2	2	93	93	4.3027241551290813E-11	1	1	24	32	20	10	-G
H5_BC89_consensus_vsearch	876	A	*/-C	83	15	14.85%	2	2	93	93	1.710171332472479E-5	1	1	47	36	1	14	-C
H5_BC89_consensus_vsearch	913	A	*/-G	57	32	34.04%	2	2	93	93	7.676100133003458E-12	1	1	32	25	5	27	-G
H5_BC89_consensus_vsearch	915	G	*/+A	83	11	11%	2	1	93	93	3.581150585788139E-4	1	1	31	52	11	0	+A
H5_BC89_consensus_vsearch	943	T	*/-G	53	35	35%	2	2	93	93	4.1615536076660306E-13	1	1	25	28	12	23	-G
H5_BC89_consensus_vsearch	943	T	*/-GG	53	10	10%	2	2	93	93	6.633825285187348E-4	1	1	25	28	8	2	-G
H5_BC89_consensus_vsearch	950	G	*/+T	85	9	9.18%	2	1	93	93	0.0015980759098657691	1	1	47	38	0	9	+T
H5_BC89_consensus_vsearch	951	C	*/-A	75	10	10.1%	2	2	93	93	7.37675601871001E-4	1	1	42	33	4	6	-A
H5_BC89_consensus_vsearch	976	T	*/-C	92	8	7.92%	2	2	93	93	0.003377337287624839	1	1	43	49	5	3	-C
H5_BC89_consensus_vsearch	1029	C	+G/+G	13	78	76.47%	2	2	93	93	3.378868130298547E-38	1	1	11	2	35	43	+G
H5_BC89_consensus_vsearch	1040	G	*/-A	86	8	8%	2	2	93	93	0.0033448100439043152	1	1	35	51	7	1	-A
H5_BC89_consensus_vsearch	1043	A	*/-T	91	9	8.82%	2	1	93	93	0.0016183074503201467	1	1	38	53	9	0	-T
H5_BC89_consensus_vsearch	1051	C	*/-T	92	9	8.82%	2	1	93	93	0.0016214579515213031	1	1	49	43	0	9	-T
H5_BC89_consensus_vsearch	1061	T	*/+G	71	11	10.89%	2	2	93	93	3.411457794054609E-4	1	1	38	33	2	9	+G
H5_BC89_consensus_vsearch	1061	T	*/-G	71	11	10.89%	2	2	93	93	3.411457794054609E-4	1	1	38	33	4	7	+G
H5_BC89_consensus_vsearch	1061	T	*/-GG	71	7	6.93%	2	2	93	93	0.006788393631324507	1	1	38	33	4	3	+G
H5_BC89_consensus_vsearch	1110	C	*/+A	89	10	9.9%	2	1	93	93	7.690936665708389E-4	1	1	48	41	0	10	+A
H5_BC89_consensus_vsearch	1121	G	*/-TG	93	8	7.84%	2	1	93	93	0.003382396156936316	1	1	49	44	0	8	-TG
H5_BC89_consensus_vsearch	1134	C	*/-TT	78	15	14.71%	2	1	93	93	1.6532572893682455E-5	1	1	32	46	15	0	-TT
H5_BC89_consensus_vsearch	1138	A	*/-T	90	10	9.9%	2	2	93	93	7.710260627179726E-4	1	1	40	50	8	2	-T
H5_BC89_consensus_vsearch	1151	C	*/-G	60	32	32%	2	2	93	93	8.796578974038254E-12	1	1	23	37	18	14	-G
H5_BC89_consensus_vsearch	1165	A	*/-G	93	7	6.86%	2	1	93	93	0.00700888275818608	1	1	48	45	0	7	-G
H5_BC89_consensus_vsearch	1181	A	*/+G	82	8	8%	2	2	93	93	0.003320812258867606	1	1	44	38	1	7	+G
H5_BC89_consensus_vsearch	1181	A	*/-G	82	9	9%	2	2	93	93	0.0015870180132160528	1	1	44	38	1	8	-G
H5_BC89_consensus_vsearch	1203	C	*/-T	95	7	6.86%	2	2	93	93	0.007024313538872513	1	1	48	47	1	6	-T
H5_BC89_consensus_vsearch	1248	T	*/-G	83	14	13.86%	2	2	93	93	3.684899556155924E-5	1	1	46	37	1	13	-G
H5_BC89_consensus_vsearch	1292	A	*/-C	92	8	7.84%	2	2	93	93	0.003377337287624839	1	1	47	45	2	6	-C
H5_BC89_consensus_vsearch	1311	T	*/-C	68	13	12.75%	2	2	93	93	7.240354942675913E-5	1	1	47	21	2	11	-C
H5_BC89_consensus_vsearch	1311	T	*/-CCCT	68	19	18.63%	2	1	93	93	6.334591144173418E-7	1	1	47	21	0	19	-CCCT
H5_BC89_consensus_vsearch	1314	C	*/-T	70	9	10.84%	2	1	93	93	0.0015349552478475465	1	1	49	21	0	9	-T
H5_BC89_consensus_vsearch	1322	C	*/-T	65	36	35.29%	2	2	93	93	3.213507542381805E-13	1	1	48	17	1	35	-T
H5_BC89_consensus_vsearch	1326	T	*/-GG	81	7	6.86%	2	1	93	93	0.006901936923231458	1	1	46	35	0	7	-GG
H5_BC89_consensus_vsearch	1335	A	*/-G	88	9	8.91%	2	2	93	93	0.0016084874268040704	1	1	41	47	6	3	-G
H5_BC89_consensus_vsearch	1349	C	*/-T	88	7	7.07%	2	2	93	93	0.006967529026351955	1	1	45	43	2	5	-T
H5_BC89_consensus_vsearch	1353	C	+G/+G	12	77	80.21%	2	2	93	93	5.209972803803899E-38	1	1	9	3	33	44	+G
H5_BC89_consensus_vsearch	1357	T	*/-G	65	16	16.67%	2	2	93	93	6.716177870989487E-6	1	1	36	29	1	15	-G
H5_BC89_consensus_vsearch	1375	T	*/-A	82	18	17.65%	2	2	93	93	1.6474407665444435E-6	1	1	36	46	13	5	-A
H5_BC89_consensus_vsearch	1377	A	*/-G	83	8	7.84%	2	2	93	93	0.0033270016180662106	1	1	39	44	5	3	-G
H5_BC89_consensus_vsearch	1379	G	*/+A	86	7	7%	2	1	93	93	0.006949771980113369	1	1	34	52	7	0	+A
H5_BC89_consensus_vsearch	1390	G	*/-CT	89	8	8.08%	2	1	93	93	0.0033615579930956	1	1	40	49	8	0	-CT
H5_BC89_consensus_vsearch	1396	C	*/-A	86	12	12%	2	2	93	93	1.7068024587124582E-4	1	1	43	43	2	10	-A
H5_BC89_consensus_vsearch	1441	C	*/-GC	75	23	23%	2	2	93	93	2.7620735546529058E-8	1	1	36	39	10	13	-GC
H5_BC89_consensus_vsearch	1484	G	*/+A	90	10	9.8%	2	1	93	93	7.710260627179726E-4	1	1	37	53	10	0	+A
H5_BC89_consensus_vsearch	1496	C	*/-T	93	8	7.84%	2	1	93	93	0.003382396156936316	1	1	49	44	0	8	-T
H5_BC89_consensus_vsearch	1515	T	*/-G	75	19	18.63%	2	2	93	93	6.941010995733757E-7	1	1	33	42	13	6	-G
H5_BC89_consensus_vsearch	1529	T	*/-G	84	17	16.83%	2	1	93	93	3.661567276871497E-6	1	1	48	36	0	17	-G
H5_BC89_consensus_vsearch	1593	T	*/+C	80	7	6.93%	2	1	93	93	0.006891726957368562	1	1	28	52	7	0	+C
H5_BC89_consensus_vsearch	1593	T	*/-C	80	14	13.86%	2	1	93	93	3.621392218499688E-5	1	1	28	52	14	0	-C
H5_BC89_consensus_vsearch	1601	C	*/-T	80	18	17.65%	2	2	93	93	1.616636852978701E-6	1	1	46	34	2	16	-T
H5_BC89_consensus_vsearch	1610	C	*/-AC	90	11	10.89%	2	2	93	93	3.663332785550111E-4	1	1	45	45	3	8	-AC
H5_BC89_consensus_vsearch	1647	A	*/+G	51	27	27%	2	2	93	93	4.861082649621607E-10	1	1	20	31	10	17	+G
H5_BC89_consensus_vsearch	1647	A	*/-G	51	16	16%	2	2	93	93	5.526812880832188E-6	1	1	20	31	12	4	+G
H5_BC89_consensus_vsearch	1653	A	*/-G	88	12	11.88%	2	2	93	93	1.719832570974524E-4	1	1	41	47	8	4	-G
H5_BC89_consensus_vsearch	1667	C	*/-GC	49	22	22.45%	2	2	93	93	3.4700434893344096E-8	1	1	22	27	11	11	-GC
H5_BC89_consensus_vsearch	1689	C	*/-G	85	7	7%	2	2	93	93	0.006940610897217693	1	1	41	44	4	3	-G
H5_BC89_consensus_vsearch	1715	A	*/+T	91	8	7.84%	2	1	93	93	0.0033721799226566103	1	1	40	51	8	0	+T
H5_BC89_consensus_vsearch	1746	T	*/-C	94	8	7.84%	2	2	93	93	0.0033873593207767528	1	1	47	47	2	6	-C
H5_BC89_consensus_vsearch	1795	C	*/-T	77	24	23.53%	2	2	93	93	1.2642087991352875E-8	1	1	31	46	17	7	-T
H5_BC89_consensus_vsearch	1809	T	*/+C	86	7	7.22%	2	1	93	93	0.006949771980113369	1	1	40	46	7	0	+C
H5_BC89_consensus_vsearch	1810	C	*/-G	84	7	7%	2	1	93	93	0.00693125337097071	1	1	46	38	0	7	-G
H5_BC89_consensus_vsearch	1828	T	*/-G	84	10	9.9%	2	1	93	93	7.588628622264696E-4	1	1	47	37	0	10	-G
H5_BC89_consensus_vsearch	1844	A	*/-C	61	32	31.37%	2	2	93	93	9.183207522655014E-12	1	1	41	20	1	31	-C
H5_BC89_consensus_vsearch	1857	A	*/-G	80	18	17.65%	2	2	93	93	1.616636852978701E-6	1	1	28	52	17	1	-G
H5_BC89_consensus_vsearch	1865	C	*/+T	87	14	13.73%	2	1	93	93	3.764807618054374E-5	1	1	49	38	0	14	+T
H5_BC89_consensus_vsearch	1866	C	*/-T	94	8	7.84%	2	2	93	93	0.0033873593207767528	1	1	47	47	2	6	-T
H5_BC89_consensus_vsearch	1884	T	*/-C	87	9	9.38%	2	1	93	93	0.0016050852207308754	1	1	40	47	9	0	-C
H5_BC89_consensus_vsearch	1886	C	*/-A	31	38	37.25%	2	2	93	93	2.8075126958274445E-15	1	1	17	14	19	19	-A
H5_BC89_consensus_vsearch	1886	C	*/-AA	31	25	24.51%	2	2	93	93	9.230153527532025E-10	1	1	17	14	8	17	-A
H5_BC89_consensus_vsearch	1886	C	*/-AAA	31	7	6.86%	2	2	93	93	0.0057727185027981525	1	1	17	14	5	2	-A
H5_BC89_consensus_vsearch	1893	A	*/-T	45	28	27.45%	2	2	93	93	1.4898264703778636E-10	1	1	10	35	23	5	-T
H5_BC89_consensus_vsearch	1893	A	*/-TT	45	8	7.84%	2	2	93	93	0.002938934670165664	1	1	10	35	4	4	-T
H5_BC89_consensus_vsearch	1957	C	*/+T	54	36	35.29%	2	2	93	93	1.7781251261406526E-13	1	1	11	43	29	7	+T
H5_BC89_consensus_vsearch	1980	T	*/-C	86	14	13.73%	2	2	93	93	3.7453174887313814E-5	1	1	35	51	13	1	-C
H5_BC89_consensus_vsearch	1988	C	*/-AC	87	11	10.78%	2	1	93	93	3.629407527147718E-4	1	1	38	49	11	0	-AC
H5_BC89_consensus_vsearch	2032	T	*/+G	87	7	7.29%	2	1	93	93	0.0069587427350203575	1	1	49	38	0	7	+G
H5_BC89_consensus_vsearch	2083	T	*/-GC	91	7	6.86%	2	1	93	93	0.006992836260667077	1	1	42	49	7	0	-GC
H5_BC89_consensus_vsearch	2091	G	*/-C	75	20	19.61%	2	1	93	93	3.1216187017849014E-7	1	1	23	52	20	0	-C
H5_BC89_consensus_vsearch	2112	G	*/-C	85	8	7.92%	2	2	93	93	0.0033389965937982964	1	1	40	45	2	6	-C
H5_BC89_consensus_vsearch	2116	C	*/-T	72	23	22.55%	2	2	93	93	2.6202986280890024E-8	1	1	38	34	4	19	-T
H5_BC89_consensus_vsearch	2139	C	*/+A	8	7	6.86%	2	1	93	93	0.0031609195402298477	1	1	6	2	7	0	+A
H5_BC89_consensus_vsearch	2139	C	*/+G	8	61	59.8%	2	2	93	93	8.907080163862201E-31	1	1	6	2	29	32	+G
H5_BC89_consensus_vsearch	2139	C	*/+GG	8	6	5.88%	2	2	93	93	0.007971014492753606	1	1	6	2	4	2	+G
H5_BC89_consensus_vsearch	2139	C	*/-G	8	16	15.69%	2	1	93	93	3.26173073303813E-7	1	1	6	2	0	16	-G
H5_BC89_consensus_vsearch	2144	T	*/-C	91	10	9.9%	2	2	93	93	7.729229613467544E-4	1	1	48	43	1	9	-C
H5_BC89_consensus_vsearch	2146	C	*/-T	84	13	12.75%	2	1	93	93	7.940081186480033E-5	1	1	49	35	0	13	-T
H5_BC89_consensus_vsearch	2164	T	*/+C	89	9	8.91%	2	1	93	93	0.0016118239607923867	1	1	39	50	9	0	+C
H5_BC89_consensus_vsearch	2165	C	*/-G	73	24	24%	2	2	93	93	1.1749575315974429E-8	1	1	40	33	8	16	-G
H5_BC89_consensus_vsearch	2181	C	*/-T	81	13	13.13%	2	1	93	93	7.823995533797144E-5	1	1	48	33	0	13	-T
H5_BC89_consensus_vsearch	2184	T	*/-G	89	12	11.88%	2	1	93	93	1.7261777523537157E-4	1	1	49	40	0	12	-G
H5_BC89_consensus_vsearch	2246	T	*/-G	91	8	7.92%	2	2	93	93	0.0033721799226566103	1	1	44	47	4	4	-G
H5_BC89_consensus_vsearch	2262	T	*/-C	88	13	12.75%	2	1	93	93	8.085779997867714E-5	1	1	36	52	13	0	-C
H5_BC89_consensus_vsearch	2341	T	*/-G	85	8	7.84%	2	2	93	93	0.0033389965937982964	1	1	46	39	1	7	-G
H5_BC89_consensus_vsearch	2384	A	*/-G	91	8	8%	2	2	93	93	0.0033721799226566103	1	1	39	52	7	1	-G
H5_BC89_consensus_vsearch	2386	G	*/-A	80	14	13.86%	2	2	93	93	3.621392218499688E-5	1	1	32	48	10	4	-A
H5_BC89_consensus_vsearch	2394	A	-C/-C	11	89	87.25%	2	2	93	93	5.226367208213806E-45	1	1	5	6	42	47	-C
H5_BC89_consensus_vsearch	2404	G	+A/+A	2	93	91.18%	1	2	93	93	5.1324174388564705E-53	1	1	2	0	46	47	+A
H5_BC89_consensus_vsearch	2406	T	*/-C	84	16	15.69%	2	2	93	93	7.956486731365802E-6	1	1	43	41	5	11	-C
H5_BC89_consensus_vsearch	2429	C	*/-G	79	10	10.99%	2	2	93	93	7.475771614775334E-4	1	1	45	34	1	9	-G
H5_BC89_consensus_vsearch	2446	G	*/-TG	81	18	18%	2	2	93	93	1.6321376011457826E-6	1	1	36	45	12	6	-TG
H5_BC89_consensus_vsearch	2456	C	*/-TT	81	10	10%	2	1	93	93	7.52228191235035E-4	1	1	35	46	10	0	-TT
H5_BC89_consensus_vsearch	2458	T	*/-G	71	12	13.48%	2	2	93	93	1.5920136372256564E-4	1	1	30	41	2	10	-G
H5_BC89_consensus_vsearch	2467	T	*/-C	65	26	25.74%	2	2	93	93	1.8505803016632215E-9	1	1	18	47	22	4	-C
H5_BC89_consensus_vsearch	2467	T	*/-CC	65	8	7.92%	2	1	93	93	0.0031909412365132518	1	1	18	47	8	0	-C
H5_BC89_consensus_vsearch	2474	T	*/-C	86	15	14.71%	2	1	93	93	1.7422248019719786E-5	1	1	33	53	15	0	-C
H5_BC89_consensus_vsearch	2476	C	*/+G	84	10	9.8%	2	2	93	93	7.588628622264696E-4	1	1	40	44	2	8	+G
H5_BC89_consensus_vsearch	2549	A	*/+G	26	71	72.45%	2	2	93	93	2.17963638203791E-31	1	1	21	5	23	48	+G
H5_BC89_consensus_vsearch	2556	A	*/-G	87	11	10.78%	2	1	93	93	3.629407527147718E-4	1	1	35	52	11	0	-G
H5_BC89_consensus_vsearch	2585	C	*/-A	83	17	16.67%	2	1	93	93	3.632309159970407E-6	1	1	49	34	0	17	-A
H5_BC89_consensus_vsearch	2588	T	*/+C	80	7	6.86%	2	1	93	93	0.006891726957368562	1	1	48	32	0	7	+C
H5_BC89_consensus_vsearch	2597	C	*/-T	89	13	12.75%	2	1	93	93	8.120688440876153E-5	1	1	49	40	0	13	-T
H5_BC89_consensus_vsearch	2634	T	*/-G	90	7	6.93%	2	2	93	93	0.006984570496764789	1	1	45	45	3	4	-G
H5_BC89_consensus_vsearch	2685	A	*/-CA	94	8	7.84%	2	2	93	93	0.0033873593207767528	1	1	48	46	1	7	-CA
H5_BC89_consensus_vsearch	2697	A	*/+G	5	26	25.49%	1	2	93	93	8.099893299651852E-13	1	1	5	0	16	10	+G
H5_BC89_consensus_vsearch	2697	A	*/+GG	5	60	58.82%	1	2	93	93	1.2730952198070656E-31	1	1	5	0	21	39	+GG
H5_BC89_consensus_vsearch	2697	A	*/+GGG	5	8	7.84%	1	2	93	93	8.237986270022903E-4	1	1	5	0	5	3	+GG
H5_BC89_consensus_vsearch	2698	G	+A/+A	14	86	85.15%	2	2	93	93	3.45261858339597E-42	1	1	12	2	36	50	+A
H5_BC89_consensus_vsearch	2704	G	*/-A	91	8	7.92%	2	2	93	93	0.0033721799226566103	1	1	45	46	3	5	-A
H5_BC89_consensus_vsearch	2717	G	*/-A	54	40	39.22%	2	2	93	93	4.4668281546112844E-15	1	1	40	14	6	34	-A
H5_BC89_consensus_vsearch	2751	C	*/-GG	88	7	6.86%	2	1	93	93	0.006967529026351955	1	1	49	39	0	7	-GG
H5_BC89_consensus_vsearch	2783	T	*/+G	12	68	66.67%	2	2	93	93	3.9418448577228026E-33	1	1	2	10	44	24	+G
H5_BC89_consensus_vsearch	2800	A	*/-C	87	13	12.75%	2	2	93	93	8.050280119457902E-5	1	1	48	39	1	12	-C
H5_BC89_consensus_vsearch	2805	C	*/-G	86	7	7.14%	2	1	93	93	0.006949771980113369	1	1	43	43	0	7	-G
H5_BC89_consensus_vsearch	2820	A	*/-G	79	19	18.81%	2	2	93	93	7.265783608892932E-7	1	1	29	50	17	2	-G
H5_BC89_consensus_vsearch	2845	C	*/-GC	92	8	7.92%	2	2	93	93	0.003377337287624839	1	1	45	47	4	4	-GC
H5_BC89_consensus_vsearch	2851	A	*/-G	84	15	14.85%	2	2	93	93	1.721022673414966E-5	1	1	35	49	13	2	-G
H5_BC89_consensus_vsearch	2974	C	*/-T	87	10	10%	2	1	93	93	7.651183435608197E-4	1	1	46	41	0	10	-T
H5_BC89_consensus_vsearch	2990	A	*/-G	85	16	15.69%	2	2	93	93	8.012370747035288E-6	1	1	38	47	10	6	-G
H5_BC89_consensus_vsearch	3004	T	*/-G	83	11	11%	2	1	93	93	3.581150585788139E-4	1	1	49	34	0	11	-G
H5_BC89_consensus_vsearch	3027	T	*/-G	86	12	11.76%	2	2	93	93	1.7068024587124582E-4	1	1	37	49	9	3	-G
H5_BC89_consensus_vsearch	3038	C	*/-T	90	9	8.82%	2	1	93	93	0.0016150966997992011	1	1	47	43	0	9	-T
H5_BC89_consensus_vsearch	3046	A	*/-G	91	8	7.84%	2	1	93	93	0.0033721799226566103	1	1	40	51	8	0	-G
H5_BC89_consensus_vsearch	3050	A	*/-C	89	10	9.8%	2	2	93	93	7.690936665708389E-4	1	1	40	49	6	4	-C
H5_BC89_consensus_vsearch	3119	T	*/-A	82	9	8.91%	2	2	93	93	0.0015870180132160528	1	1	37	45	7	2	-A
H5_BC89_consensus_vsearch	3168	G	*/-TG	86	14	13.73%	2	1	93	93	3.7453174887313814E-5	1	1	47	39	0	14	-TG
H5_BC89_consensus_vsearch	3171	C	*/-A	90	8	7.92%	2	2	93	93	0.003366921162543502	1	1	46	44	1	7	-A
H5_BC89_consensus_vsearch	3196	A	*/-G	72	21	20.59%	2	2	93	93	1.3362558893663746E-7	1	1	35	37	8	13	-G
H5_BC89_consensus_vsearch	3202	G	*/-A	89	7	6.86%	2	1	93	93	0.0069761364802936685	1	1	36	53	7	0	-A
H5_BC89_consensus_vsearch	3233	T	*/-C	68	27	26.47%	2	2	93	93	8.624549396413125E-10	1	1	38	30	9	18	-C
H5_BC89_consensus_vsearch	3237	T	*/-C	85	14	14%	2	2	93	93	3.725507904804453E-5	1	1	35	50	13	1	-C
H5_BC89_consensus_vsearch	3239	C	*/-GA	82	9	8.82%	2	1	93	93	0.0015870180132160528	1	1	37	45	9	0	-GA
H5_BC89_consensus_vsearch	3246	T	*/-C	68	27	26.47%	2	2	93	93	8.624549396413125E-10	1	1	44	24	5	22	-C
H5_BC89_consensus_vsearch	3252	A	*/-G	91	7	6.93%	2	1	93	93	0.006992836260667077	1	1	48	43	0	7	-G
H5_BC89_consensus_vsearch	3265	T	*/-C	87	11	10.78%	2	2	93	93	3.629407527147718E-4	1	1	37	50	8	3	-C
H5_BC89_consensus_vsearch	3306	A	*/-G	84	7	7%	2	2	93	93	0.00693125337097071	1	1	42	42	1	6	-G
H5_BC89_consensus_vsearch	3346	C	*/-T	89	13	12.75%	2	2	93	93	8.120688440876153E-5	1	1	48	41	1	12	-T
H5_BC89_consensus_vsearch	3347	T	*/-C	79	10	11.24%	2	1	93	93	7.475771614775334E-4	1	1	38	41	10	0	-C
H5_BC89_consensus_vsearch	3363	T	*/-C	80	19	18.81%	2	2	93	93	7.344619205153121E-7	1	1	31	49	17	2	-C
H5_BC89_consensus_vsearch	3390	C	*/-G	86	8	7.84%	2	2	93	93	0.0033448100439043152	1	1	43	43	3	5	-G
H5_BC89_consensus_vsearch	3393	G	*/-A	83	11	10.78%	2	2	93	93	3.581150585788139E-4	1	1	44	39	5	6	-A
H5_BC89_consensus_vsearch	3402	A	*/-G	92	7	6.86%	2	1	93	93	0.00700093875247144	1	1	46	46	0	7	-G
H5_BC89_consensus_vsearch	3412	T	*/-G	89	7	7%	2	2	93	93	0.0069761364802936685	1	1	46	43	1	6	-G
H5_BC89_consensus_vsearch	3419	G	*/-T	80	12	11.76%	2	2	93	93	1.6647673084717405E-4	1	1	31	49	10	2	-T
H5_BC89_consensus_vsearch	3423	T	*/-G	86	13	12.75%	2	1	93	93	8.014173981261941E-5	1	1	46	40	0	13	-G
H5_BC89_consensus_vsearch	3444	C	*/-G	78	10	10.53%	2	1	93	93	7.451790311476478E-4	1	1	46	32	0	10	-G
H5_BC89_consensus_vsearch	3495	T	*/+A	58	10	10%	2	2	93	93	6.840143631919109E-4	1	1	24	34	5	5	+A
H5_BC89_consensus_vsearch	3495	T	*/-A	58	17	17%	2	2	93	93	2.7474939815214797E-6	1	1	24	34	9	8	-A
H5_BC89_consensus_vsearch	3495	T	*/-AA	58	8	8%	2	1	93	93	0.0031191054961551223	1	1	24	34	8	0	-A
H5_BC89_consensus_vsearch	3536	T	*/-G	77	14	14%	2	2	93	93	3.5545622311058336E-5	1	1	36	41	11	3	-G
H5_BC89_consensus_vsearch	3562	T	*/-GT	69	23	23.47%	2	1	93	93	2.4759953819769107E-8	1	1	47	22	0	23	-GT
H5_BC89_consensus_vsearch	3570	C	*/-T	85	9	9%	2	2	93	93	0.0015980759098657691	1	1	41	44	1	8	-T
H5_BC89_consensus_vsearch	3595	G	*/-A	90	9	8.82%	2	2	93	93	0.0016150966997992011	1	1	47	43	2	7	-A
H5_BC89_consensus_vsearch	3656	G	*/-A	92	10	9.8%	2	1	93	93	7.747853265891162E-4	1	1	39	53	10	0	-A
H5_BC89_consensus_vsearch	3663	A	*/-G	86	10	10.2%	2	2	93	93	7.630733016589391E-4	1	1	35	51	9	1	-G
H5_BC89_consensus_vsearch	3665	G	*/+A	89	8	8%	2	1	93	93	0.0033615579930956	1	1	37	52	8	0	+A
H5_BC89_consensus_vsearch	3668	G	*/-TG	89	10	9.8%	2	1	93	93	7.690936665708389E-4	1	1	48	41	0	10	-TG
H5_BC89_consensus_vsearch	3684	T	*/+G	90	9	8.91%	2	1	93	93	0.0016150966997992011	1	1	47	43	0	9	+G
H5_BC89_consensus_vsearch	3686	A	*/-GA	87	11	10.78%	2	1	93	93	3.629407527147718E-4	1	1	34	53	11	0	-GA
H5_BC89_consensus_vsearch	3711	T	*/-G	93	8	7.84%	2	1	93	93	0.003382396156936316	1	1	49	44	0	8	-G
H5_BC89_consensus_vsearch	3747	C	*/-A	82	11	11%	2	1	93	93	3.5685052800487515E-4	1	1	43	39	0	11	-A
H5_BC89_consensus_vsearch	3757	C	*/+AA	88	8	8%	2	1	93	93	0.0033560872797097677	1	1	47	41	0	8	+AA
H5_BC89_consensus_vsearch	3784	G	*/+A	91	9	8.82%	2	2	93	93	0.0016183074503201467	1	1	39	52	8	1	+A
H5_BC89_consensus_vsearch	3791	T	*/-C	83	17	16.67%	2	1	93	93	3.632309159970407E-6	1	1	32	51	17	0	-C
H5_BC89_consensus_vsearch	3826	T	*/-C	81	17	17%	2	2	93	93	3.5725678602860195E-6	1	1	31	50	16	1	-C
H5_BC89_consensus_vsearch	3847	C	*/-TT	78	8	7.84%	2	1	93	93	0.003294676183715407	1	1	28	50	8	0	-TT
H5_BC89_consensus_vsearch	3847	C	*/-TTG	78	7	6.86%	2	1	93	93	0.006870605212382576	1	1	28	50	7	0	-TT
H5_BC89_consensus_vsearch	3875	C	*/-T	86	14	13.73%	2	2	93	93	3.7453174887313814E-5	1	1	48	38	1	13	-T
H5_BC89_consensus_vsearch	3888	A	*/-G	68	25	24.75%	2	2	93	93	4.617396793417118E-9	1	1	28	40	15	10	-G
H5_BC89_consensus_vsearch	3900	T	*/-A	88	8	8%	2	1	93	93	0.0033560872797097677	1	1	40	48	8	0	-A
H5_BC89_consensus_vsearch	3952	C	*/-A	89	9	8.91%	2	2	93	93	0.0016118239607923867	1	1	39	50	8	1	-A
H5_BC89_consensus_vsearch	3954	A	*/-G	77	20	19.61%	2	2	93	93	3.202910311324235E-7	1	1	44	33	5	15	-G
H5_BC89_consensus_vsearch	3968	A	*/-G	79	16	15.84%	2	1	93	93	7.66432215555636E-6	1	1	43	36	0	16	-G
H5_BC89_consensus_vsearch	3992	T	*/+A	87	7	6.86%	2	1	93	93	0.0069587427350203575	1	1	48	39	0	7	+A
H5_BC89_consensus_vsearch	4033	G	*/-A	87	8	7.92%	2	1	93	93	0.0033505057613061914	1	1	34	53	8	0	-A
H5_BC89_consensus_vsearch	4034	A	*/+G	26	36	41.38%	2	2	93	93	9.609809448827771E-15	1	1	7	19	7	29	+G
H5_BC89_consensus_vsearch	4034	A	*/-G	26	20	22.99%	2	2	93	93	6.71709572022225E-8	1	1	7	19	18	2	+G
H5_BC89_consensus_vsearch	4056	G	*/-C	64	13	15.29%	2	2	93	93	7.029139262599611E-5	1	1	14	50	12	1	-C
H5_BC89_consensus_vsearch	4084	G	*/-C	76	20	19.8%	2	2	93	93	3.162477585316415E-7	1	1	40	36	7	13	-C
H5_BC89_consensus_vsearch	4091	G	*/-A	89	9	8.82%	2	2	93	93	0.0016118239607923867	1	1	44	45	3	6	-A
H5_BC89_consensus_vsearch	4136	T	*/-C	89	7	7%	2	1	93	93	0.0069761364802936685	1	1	46	43	0	7	-C
H5_BC89_consensus_vsearch	4154	T	*/-C	81	19	18.63%	2	2	93	93	7.42253532179127E-7	1	1	30	51	17	2	-C
H5_BC89_consensus_vsearch	4161	C	*/+A	92	8	7.84%	2	1	93	93	0.003377337287624839	1	1	40	52	8	0	+A
H5_BC89_consensus_vsearch	4162	G	*/-A	94	7	6.93%	2	1	93	93	0.007016672878749878	1	1	41	53	7	0	-A
H5_BC89_consensus_vsearch	4169	C	*/-T	90	12	11.76%	2	1	93	93	1.7324135340535205E-4	1	1	49	41	0	12	-T
H5_BC89_consensus_vsearch	4194	T	*/-A	91	8	7.92%	2	1	93	93	0.0033721799226566103	1	1	40	51	8	0	-A
H5_BC89_consensus_vsearch	4196	A	*/-G	80	16	15.84%	2	2	93	93	7.724513167248218E-6	1	1	30	50	13	3	-G
H5_BC89_consensus_vsearch	4226	A	*/-G	77	16	15.84%	2	1	93	93	7.541173600628708E-6	1	1	44	33	0	16	-G
H5_BC89_consensus_vsearch	4233	A	*/+G	70	8	7.92%	2	2	93	93	0.0032347379048596157	1	1	28	42	7	1	+G
H5_BC89_consensus_vsearch	4233	A	*/-G	70	15	14.85%	2	2	93	93	1.5519354850357857E-5	1	1	28	42	10	5	-G
H5_BC89_consensus_vsearch	4266	C	*/-G	75	24	23.53%	2	2	93	93	1.219798980988551E-8	1	1	35	40	11	13	-G
H5_BC89_consensus_vsearch	4282	T	*/+C	86	7	7.45%	2	1	93	93	0.006949771980113369	1	1	42	44	0	7	+C
H5_BC89_consensus_vsearch	4290	G	*/-C	80	13	12.87%	2	1	93	93	7.783912009879408E-5	1	1	27	53	13	0	-C
H5_BC89_consensus_vsearch	4322	C	*/-T	89	8	7.84%	2	1	93	93	0.0033615579930956	1	1	49	40	0	8	-T
H5_BC89_consensus_vsearch	4361	T	*/+C	85	11	11.11%	2	2	93	93	3.6057309858606834E-4	1	1	43	42	5	6	+C
H5_BC89_consensus_vsearch	4379	T	*/-G	72	20	20.2%	2	2	93	93	2.99645260039889E-7	1	1	29	43	15	5	-G
