Chrom	Position	Ref	Cons	Reads1	Reads2	VarFreq	Strands1	Strands2	Qual1	Qual2	Pvalue	MapQual1	MapQual2	Reads1Plus	Reads1Minus	Reads2Plus	Reads2Minus	VarAllele
A2_BC02.191219_FM1-2_consensus_vsearch	8	T	*/-AT	859	11	1.25%	2	2	93	93	4.729975841444868E-4	1	1	184	675	2	9	-AT
A2_BC02.191219_FM1-2_consensus_vsearch	15	G	*/+T	902	21	2.25%	2	1	93	93	4.250197596380048E-7	1	1	187	715	0	21	+T
A2_BC02.191219_FM1-2_consensus_vsearch	16	T	*/-C	911	19	2.03%	2	1	93	93	1.7382059029141806E-6	1	1	189	722	0	19	-C
A2_BC02.191219_FM1-2_consensus_vsearch	17	C	*/+T	894	7	0.76%	2	1	93	93	0.007721657817200185	1	1	189	705	0	7	+T
A2_BC02.191219_FM1-2_consensus_vsearch	17	C	*/-T	894	10	1.09%	2	1	93	93	9.524311182226494E-4	1	1	189	705	0	10	-T
A2_BC02.191219_FM1-2_consensus_vsearch	18	T	*/-C	902	8	0.86%	2	2	93	93	0.003846368728933757	1	1	186	716	1	7	-C
A2_BC02.191219_FM1-2_consensus_vsearch	19	C	*/+A	832	32	3.44%	2	2	93	93	1.738039480956072E-10	1	1	123	709	24	8	+A
A2_BC02.191219_FM1-2_consensus_vsearch	19	C	*/-A	832	50	5.38%	2	2	93	93	4.3466664336641933E-16	1	1	123	709	37	13	-A
A2_BC02.191219_FM1-2_consensus_vsearch	26	T	*/-A	881	18	1.91%	2	2	93	93	3.500581207253736E-6	1	1	184	697	1	17	-A
A2_BC02.191219_FM1-2_consensus_vsearch	26	T	*/-AA	881	35	3.72%	2	1	93	93	2.090177744891263E-11	1	1	184	697	0	35	-AA
A2_BC02.191219_FM1-2_consensus_vsearch	28	A	*/-G	885	9	0.99%	2	2	93	93	0.0019140093480829866	1	1	186	699	3	6	-G
A2_BC02.191219_FM1-2_consensus_vsearch	32	A	*/-TG	917	7	0.74%	2	1	93	93	0.007723914116185401	1	1	190	727	0	7	-TG
A2_BC02.191219_FM1-2_consensus_vsearch	38	G	*/+T	916	12	1.27%	2	1	93	93	2.3555916368162992E-4	1	1	188	728	0	12	+T
A2_BC02.191219_FM1-2_consensus_vsearch	40	C	*/-T	921	16	1.7%	2	2	93	93	1.4304679560820394E-5	1	1	189	732	1	15	-T
A2_BC02.191219_FM1-2_consensus_vsearch	41	T	*/-A	893	16	1.73%	2	2	93	93	1.4276012082572988E-5	1	1	179	714	4	12	-A
A2_BC02.191219_FM1-2_consensus_vsearch	43	A	*/-G	918	9	0.96%	2	2	93	93	0.0019153946365810712	1	1	188	730	1	8	-G
A2_BC02.191219_FM1-2_consensus_vsearch	44	G	*/-T	919	7	0.75%	2	1	93	93	0.007724105030664168	1	1	187	732	0	7	-T
A2_BC02.191219_FM1-2_consensus_vsearch	47	T	*/-A	900	18	1.93%	2	2	93	93	3.5068729407774567E-6	1	1	184	716	4	14	-A
A2_BC02.191219_FM1-2_consensus_vsearch	49	A	*/-G	910	15	1.6%	2	2	93	93	2.8820793936220852E-5	1	1	182	728	7	8	-G
A2_BC02.191219_FM1-2_consensus_vsearch	53	C	*/+T	889	11	1.17%	2	2	93	93	4.7350219869484876E-4	1	1	186	703	1	10	+T
A2_BC02.191219_FM1-2_consensus_vsearch	53	C	*/-T	889	18	1.91%	2	1	93	93	3.5032614198745517E-6	1	1	186	703	0	18	-T
A2_BC02.191219_FM1-2_consensus_vsearch	59	C	*/-T	922	8	0.85%	2	2	93	93	0.0038476519712181086	1	1	185	737	1	7	-T
A2_BC02.191219_FM1-2_consensus_vsearch	60	T	*/+C	903	10	1.07%	2	1	93	93	9.526672924354003E-4	1	1	184	719	0	10	+C
A2_BC02.191219_FM1-2_consensus_vsearch	62	T	*/+C	897	7	0.74%	2	1	93	93	0.007721958613557127	1	1	173	724	7	0	+C
A2_BC02.191219_FM1-2_consensus_vsearch	62	T	*/+G	897	8	0.85%	2	2	93	93	0.003846039088363076	1	1	173	724	6	2	+G
A2_BC02.191219_FM1-2_consensus_vsearch	63	G	*/+A	885	22	2.34%	2	2	93	93	2.0959026237933808E-7	1	1	164	721	12	10	+A
A2_BC02.191219_FM1-2_consensus_vsearch	63	G	*/-A	885	15	1.6%	2	2	93	93	2.8774660373133587E-5	1	1	164	721	3	12	+A
A2_BC02.191219_FM1-2_consensus_vsearch	67	C	*/-T	925	8	0.85%	2	2	93	93	0.003847839729165243	1	1	185	740	3	5	-T
A2_BC02.191219_FM1-2_consensus_vsearch	68	T	*/+G	877	9	0.96%	2	1	93	93	0.0019136580643028067	1	1	183	694	0	9	+G
A2_BC02.191219_FM1-2_consensus_vsearch	70	C	*/+A	847	22	2.35%	2	2	93	93	2.083976818778244E-7	1	1	168	679	19	3	+A
A2_BC02.191219_FM1-2_consensus_vsearch	70	C	*/+G	847	13	1.39%	2	1	93	93	1.1661944040249426E-4	1	1	168	679	0	13	+A
A2_BC02.191219_FM1-2_consensus_vsearch	71	G	*/+A	874	13	1.38%	2	2	93	93	1.1678287020127248E-4	1	1	172	702	1	12	+A
A2_BC02.191219_FM1-2_consensus_vsearch	71	G	*/+TG	874	19	2.02%	2	1	93	93	1.7314609852317818E-6	1	1	172	702	0	19	+TG
A2_BC02.191219_FM1-2_consensus_vsearch	71	G	*/-A	874	21	2.24%	2	2	93	93	4.234751390390522E-7	1	1	172	702	16	5	-A
A2_BC02.191219_FM1-2_consensus_vsearch	74	T	*/-G	919	13	1.38%	2	1	93	93	1.1703451483829207E-4	1	1	188	731	0	13	-G
A2_BC02.191219_FM1-2_consensus_vsearch	76	G	*/+C	895	35	3.7%	2	1	93	93	2.1008189132761337E-11	1	1	188	707	0	35	+C
A2_BC02.191219_FM1-2_consensus_vsearch	77	C	*/-T	930	8	0.85%	2	2	93	93	0.003848149999505569	1	1	188	742	2	6	-T
A2_BC02.191219_FM1-2_consensus_vsearch	78	T	*/-C	873	39	4.16%	2	2	93	93	1.2011016117249335E-12	1	1	188	685	1	38	-C
A2_BC02.191219_FM1-2_consensus_vsearch	80	A	*/-T	926	9	0.95%	2	1	93	93	0.0019157158136505837	1	1	190	736	0	9	-T
A2_BC02.191219_FM1-2_consensus_vsearch	82	T	*/+A	918	12	1.27%	2	2	93	93	2.3557740393751356E-4	1	1	180	738	11	1	+A
A2_BC02.191219_FM1-2_consensus_vsearch	85	A	*/-T	930	9	0.95%	2	1	93	93	0.001915874360429123	1	1	190	740	0	9	-T
A2_BC02.191219_FM1-2_consensus_vsearch	87	C	*/-A	916	10	1.06%	2	2	93	93	9.530003857156821E-4	1	1	185	731	1	9	-A
A2_BC02.191219_FM1-2_consensus_vsearch	93	T	*/-A	921	9	0.96%	2	2	93	93	0.0019155157221715682	1	1	187	734	3	6	-A
A2_BC02.191219_FM1-2_consensus_vsearch	95	G	*/-T	924	9	0.96%	2	2	93	93	0.0019156360330857174	1	1	183	741	4	5	-T
A2_BC02.191219_FM1-2_consensus_vsearch	98	T	*/-A	927	9	0.95%	2	1	93	93	0.001915755576731505	1	1	179	748	9	0	-A
A2_BC02.191219_FM1-2_consensus_vsearch	99	A	*/+T	902	8	0.86%	2	1	93	93	0.003846368728933757	1	1	168	734	0	8	+T
A2_BC02.191219_FM1-2_consensus_vsearch	99	A	*/-T	902	14	1.5%	2	2	93	93	5.8056015682622736E-5	1	1	168	734	5	9	-T
A2_BC02.191219_FM1-2_consensus_vsearch	102	T	*/-G	928	8	0.85%	2	2	93	93	0.0038480262877654513	1	1	183	745	4	4	-G
A2_BC02.191219_FM1-2_consensus_vsearch	105	T	*/-GAT	921	8	0.84%	2	2	93	93	0.0038475891167196936	1	1	181	740	6	2	-GAT
A2_BC02.191219_FM1-2_consensus_vsearch	107	A	*/-T	901	15	1.6%	2	1	93	93	2.8804469827091976E-5	1	1	181	720	0	15	-T
A2_BC02.191219_FM1-2_consensus_vsearch	108	T	*/-C	897	14	1.53%	2	2	93	93	5.8039953349657536E-5	1	1	183	714	1	13	-C
A2_BC02.191219_FM1-2_consensus_vsearch	110	T	*/-C	893	13	1.39%	2	1	93	93	1.1689212398822013E-4	1	1	175	718	0	13	-C
A2_BC02.191219_FM1-2_consensus_vsearch	110	T	*/-CT	893	15	1.6%	2	2	93	93	2.878969362259312E-5	1	1	175	718	14	1	-CT
A2_BC02.191219_FM1-2_consensus_vsearch	111	C	*/+T	757	18	1.96%	2	1	93	93	3.452236502236877E-6	1	1	174	583	0	18	+T
A2_BC02.191219_FM1-2_consensus_vsearch	111	C	*/-T	757	123	13.4%	2	2	93	93	9.583404510383206E-40	1	1	174	583	1	122	-T
A2_BC02.191219_FM1-2_consensus_vsearch	115	C	*/-T	909	10	1.06%	2	2	93	93	9.528221904095408E-4	1	1	187	722	1	9	-T
A2_BC02.191219_FM1-2_consensus_vsearch	117	A	*/-C	914	7	0.75%	2	1	93	93	0.007723626193207946	1	1	188	726	0	7	-C
A2_BC02.191219_FM1-2_consensus_vsearch	118	C	*/-AC	913	8	0.86%	2	2	93	93	0.0038470813845085643	1	1	180	733	6	2	-AC
A2_BC02.191219_FM1-2_consensus_vsearch	120	C	*/-G	893	14	1.5%	2	1	93	93	5.8026978262353966E-5	1	1	179	714	0	14	-G
A2_BC02.191219_FM1-2_consensus_vsearch	130	T	*/+G	892	7	0.75%	2	2	93	93	0.007721456173473693	1	1	180	712	2	5	+G
A2_BC02.191219_FM1-2_consensus_vsearch	130	T	*/-GGT	892	11	1.17%	2	1	93	93	4.7355083364061004E-4	1	1	180	712	0	11	-GGT
A2_BC02.191219_FM1-2_consensus_vsearch	133	T	*/+A	857	12	1.29%	2	2	93	93	2.349837785117215E-4	1	1	181	676	1	11	+A
A2_BC02.191219_FM1-2_consensus_vsearch	133	T	*/-A	857	14	1.5%	2	2	93	93	5.79049397668013E-5	1	1	181	676	1	13	-A
A2_BC02.191219_FM1-2_consensus_vsearch	135	A	*/-T	898	13	1.37%	2	1	93	93	1.1692012874067013E-4	1	1	189	709	0	13	-T
A2_BC02.191219_FM1-2_consensus_vsearch	137	T	*/+C	840	16	1.7%	2	2	93	93	1.4216749734150636E-5	1	1	183	657	4	12	+C
A2_BC02.191219_FM1-2_consensus_vsearch	137	T	*/-C	840	59	6.28%	2	1	93	93	6.485907404138224E-19	1	1	183	657	0	59	-C
A2_BC02.191219_FM1-2_consensus_vsearch	138	C	*/-T	843	15	1.7%	2	1	93	93	2.8691240099876464E-5	1	1	186	657	0	15	-T
A2_BC02.191219_FM1-2_consensus_vsearch	138	C	*/-TA	843	9	1.02%	2	2	93	93	0.0019120919269670466	1	1	186	657	3	6	-T
A2_BC02.191219_FM1-2_consensus_vsearch	139	T	*/+A	855	13	1.42%	2	1	93	93	1.1666890756884386E-4	1	1	171	684	13	0	+A
A2_BC02.191219_FM1-2_consensus_vsearch	139	T	*/+G	855	11	1.2%	2	1	93	93	4.72927686935627E-4	1	1	171	684	0	11	+A
A2_BC02.191219_FM1-2_consensus_vsearch	139	T	*/-A	855	10	1.09%	2	2	93	93	9.513513376973285E-4	1	1	171	684	2	8	+A
A2_BC02.191219_FM1-2_consensus_vsearch	142	A	*/-G	914	12	1.29%	2	2	93	93	2.3554084556090397E-4	1	1	180	734	7	5	-G
A2_BC02.191219_FM1-2_consensus_vsearch	144	C	*/-T	908	14	1.49%	2	2	93	93	5.8075064580286264E-5	1	1	183	725	1	13	-T
A2_BC02.191219_FM1-2_consensus_vsearch	145	T	*/-A	817	7	0.76%	2	2	93	93	0.007713189657979097	1	1	183	634	3	4	-A
A2_BC02.191219_FM1-2_consensus_vsearch	145	T	*/-AAT	817	15	1.62%	2	1	93	93	2.8635476418108417E-5	1	1	183	634	0	15	-AAT
A2_BC02.191219_FM1-2_consensus_vsearch	148	T	*/-AC	891	7	0.76%	2	1	93	93	0.007721355015576613	1	1	186	705	0	7	-AC
A2_BC02.191219_FM1-2_consensus_vsearch	149	A	*/-C	878	31	3.31%	2	1	93	93	3.589941372940623E-10	1	1	183	695	0	31	-C
A2_BC02.191219_FM1-2_consensus_vsearch	149	A	*/-CG	878	9	0.96%	2	1	93	93	0.0019137023194271106	1	1	183	695	0	9	-C
A2_BC02.191219_FM1-2_consensus_vsearch	150	C	*/+A	852	14	1.56%	2	2	93	93	5.7887202579047934E-5	1	1	172	680	13	1	+A
A2_BC02.191219_FM1-2_consensus_vsearch	150	C	*/-G	852	10	1.11%	2	2	93	93	9.512642615556243E-4	1	1	172	680	1	9	+A
A2_BC02.191219_FM1-2_consensus_vsearch	151	G	*/-TG	816	42	4.55%	2	1	93	93	1.3595974869898883E-13	1	1	168	648	0	42	-TG
A2_BC02.191219_FM1-2_consensus_vsearch	152	T	*/-GC	837	34	3.79%	2	2	93	93	4.191474846564942E-11	1	1	187	650	2	32	-GC
A2_BC02.191219_FM1-2_consensus_vsearch	153	G	*/+T	821	8	0.93%	2	1	93	93	0.00384054092184667	1	1	187	634	0	8	+T
A2_BC02.191219_FM1-2_consensus_vsearch	153	G	*/+TG	821	20	2.31%	2	2	93	93	8.506781907846879E-7	1	1	187	634	1	19	+TG
A2_BC02.191219_FM1-2_consensus_vsearch	155	A	*/-CT	901	18	1.9%	2	1	93	93	3.507197114283042E-6	1	1	161	740	18	0	-CT
A2_BC02.191219_FM1-2_consensus_vsearch	156	C	*/+T	872	8	0.86%	2	1	93	93	0.0038443349064707214	1	1	161	711	0	8	+T
A2_BC02.191219_FM1-2_consensus_vsearch	156	C	*/-T	872	11	1.19%	2	2	93	93	4.732204192423453E-4	1	1	161	711	4	7	-T
A2_BC02.191219_FM1-2_consensus_vsearch	158	T	*/+G	767	23	2.45%	2	1	93	93	1.0133534309580297E-7	1	1	154	613	0	23	+G
A2_BC02.191219_FM1-2_consensus_vsearch	158	T	*/-A	767	86	9.15%	2	2	93	93	1.353394533299188E-27	1	1	154	613	23	63	-A
A2_BC02.191219_FM1-2_consensus_vsearch	158	T	*/-AA	767	36	3.83%	2	2	93	93	9.742934574779881E-12	1	1	154	613	1	35	-A
A2_BC02.191219_FM1-2_consensus_vsearch	160	A	*/-G	816	27	2.97%	2	2	93	93	6.0301597529688824E-9	1	1	175	641	1	26	-G
A2_BC02.191219_FM1-2_consensus_vsearch	161	G	*/+C	860	18	1.96%	2	2	93	93	3.493321237143544E-6	1	1	143	717	17	1	+C
A2_BC02.191219_FM1-2_consensus_vsearch	161	G	*/-C	860	21	2.29%	2	1	93	93	4.2266781777724705E-7	1	1	143	717	21	0	-C
A2_BC02.191219_FM1-2_consensus_vsearch	162	C	*/+T	870	22	2.39%	2	1	93	93	2.0913098882897323E-7	1	1	162	708	0	22	+T
A2_BC02.191219_FM1-2_consensus_vsearch	164	C	*/-G	891	15	1.59%	2	2	93	93	2.878595966852486E-5	1	1	180	711	7	8	-G
A2_BC02.191219_FM1-2_consensus_vsearch	167	C	*/+T	909	8	0.85%	2	2	93	93	0.0038468242081579618	1	1	181	728	1	7	+T
A2_BC02.191219_FM1-2_consensus_vsearch	170	G	*/-C	912	11	1.17%	2	2	93	93	4.7386706257684057E-4	1	1	178	734	7	4	-C
A2_BC02.191219_FM1-2_consensus_vsearch	172	C	*/-G	868	27	2.87%	2	2	93	93	6.105857041208898E-9	1	1	177	691	10	17	-G
A2_BC02.191219_FM1-2_consensus_vsearch	172	C	*/-GGGT	868	7	0.74%	2	1	93	93	0.007718964714655295	1	1	177	691	0	7	-G
A2_BC02.191219_FM1-2_consensus_vsearch	174	G	*/+A	858	28	2.99%	2	1	93	93	2.99952765992869E-9	1	1	143	715	28	0	+A
A2_BC02.191219_FM1-2_consensus_vsearch	176	T	*/+A	842	8	0.85%	2	1	93	93	0.003842158075057317	1	1	175	667	8	0	+A
A2_BC02.191219_FM1-2_consensus_vsearch	176	T	*/-GT	842	63	6.73%	2	2	93	93	3.5452002216415017E-20	1	1	175	667	1	62	-GT
A2_BC02.191219_FM1-2_consensus_vsearch	179	A	*/-T	906	17	1.8%	2	2	93	93	7.082806564098443E-6	1	1	179	727	2	15	-T
A2_BC02.191219_FM1-2_consensus_vsearch	183	A	*/-T	912	18	1.91%	2	2	93	93	3.5107185012707475E-6	1	1	180	732	5	13	-T
A2_BC02.191219_FM1-2_consensus_vsearch	185	T	*/+G	912	7	0.74%	2	2	93	93	0.007723433202456529	1	1	175	737	3	4	+G
A2_BC02.191219_FM1-2_consensus_vsearch	185	T	*/-A	912	12	1.27%	2	2	93	93	2.3552244907876894E-4	1	1	175	737	5	7	-A
A2_BC02.191219_FM1-2_consensus_vsearch	186	A	*/+G	882	26	2.78%	2	1	93	93	1.2427595936450006E-8	1	1	175	707	0	26	+G
A2_BC02.191219_FM1-2_consensus_vsearch	186	A	*/-G	882	11	1.18%	2	2	93	93	4.733874586156286E-4	1	1	175	707	10	1	+G
A2_BC02.191219_FM1-2_consensus_vsearch	188	A	*/-TA	917	9	0.96%	2	2	93	93	0.001915354101277396	1	1	185	732	1	8	-TA
A2_BC02.191219_FM1-2_consensus_vsearch	189	T	*/+A	408	23	2.47%	2	2	93	93	8.818834884570627E-8	1	1	151	257	5	18	+A
A2_BC02.191219_FM1-2_consensus_vsearch	189	T	*/+AA	408	11	1.18%	2	2	93	93	4.5688172943049915E-4	1	1	151	257	4	7	+A
A2_BC02.191219_FM1-2_consensus_vsearch	189	T	*/-A	408	172	18.45%	2	2	93	93	5.35791715592525E-59	1	1	151	257	21	151	-A
A2_BC02.191219_FM1-2_consensus_vsearch	189	T	*/-AA	408	302	32.4%	2	2	93	93	1.6630808849649645E-109	1	1	151	257	6	296	-AA
A2_BC02.191219_FM1-2_consensus_vsearch	197	C	*/+A	913	16	1.69%	2	1	93	93	1.4296660884696007E-5	1	1	179	734	0	16	+A
A2_BC02.191219_FM1-2_consensus_vsearch	197	C	*/-A	913	12	1.27%	2	2	93	93	2.3553165714705623E-4	1	1	179	734	10	2	+A
A2_BC02.191219_FM1-2_consensus_vsearch	199	A	*/-C	917	10	1.06%	2	1	93	93	9.5302562405881E-4	1	1	166	751	10	0	-C
A2_BC02.191219_FM1-2_consensus_vsearch	202	C	*/+G	913	9	0.96%	2	1	93	93	0.0019151910853385365	1	1	188	725	0	9	+G
A2_BC02.191219_FM1-2_consensus_vsearch	202	C	*/-G	913	12	1.28%	2	1	93	93	2.3553165714705623E-4	1	1	188	725	0	12	-G
A2_BC02.191219_FM1-2_consensus_vsearch	205	C	*/+T	914	8	0.85%	2	2	93	93	0.003847145331162847	1	1	186	728	1	7	+T
A2_BC02.191219_FM1-2_consensus_vsearch	207	T	*/+C	909	12	1.27%	2	1	93	93	2.354947063169456E-4	1	1	188	721	0	12	+C
A2_BC02.191219_FM1-2_consensus_vsearch	208	G	*/-C	927	7	0.74%	2	2	93	93	0.0077248605301177935	1	1	179	748	4	3	-C
A2_BC02.191219_FM1-2_consensus_vsearch	210	C	*/-GC	910	7	0.74%	2	2	93	93	0.007723239371763503	1	1	180	730	6	1	-GC
A2_BC02.191219_FM1-2_consensus_vsearch	211	G	*/+C	904	9	0.96%	2	1	93	93	0.0019148191043671528	1	1	171	733	0	9	+C
A2_BC02.191219_FM1-2_consensus_vsearch	212	C	*/-T	753	154	16.44%	2	2	93	93	3.5951980355719858E-50	1	1	180	573	1	153	-T
A2_BC02.191219_FM1-2_consensus_vsearch	212	C	*/-TC	753	23	2.45%	2	1	93	93	1.0103441529605907E-7	1	1	180	573	0	23	-T
A2_BC02.191219_FM1-2_consensus_vsearch	213	T	*/+C	717	7	0.91%	2	2	93	93	0.007699510917027765	1	1	176	541	1	6	+C
A2_BC02.191219_FM1-2_consensus_vsearch	213	T	*/-C	717	32	4.16%	2	2	93	93	1.660128373661111E-10	1	1	176	541	11	21	-C
A2_BC02.191219_FM1-2_consensus_vsearch	214	C	*/+G	877	10	1.12%	2	1	93	93	9.519720319880557E-4	1	1	168	709	10	0	+G
A2_BC02.191219_FM1-2_consensus_vsearch	215	C	*/+T	820	9	0.95%	2	2	93	93	0.0019109600586886565	1	1	168	652	2	7	+T
A2_BC02.191219_FM1-2_consensus_vsearch	215	C	*/-T	820	86	9.1%	2	2	93	93	1.5546871352899793E-27	1	1	168	652	2	84	-T
A2_BC02.191219_FM1-2_consensus_vsearch	215	C	*/-TT	820	7	0.74%	2	2	93	93	0.007713549036128454	1	1	168	652	6	1	-T
A2_BC02.191219_FM1-2_consensus_vsearch	217	T	*/-G	826	73	7.8%	2	2	93	93	2.3076457720083304E-23	1	1	161	665	3	70	-G
A2_BC02.191219_FM1-2_consensus_vsearch	218	G	*/+A	807	10	1.15%	2	2	93	93	9.498820001506728E-4	1	1	132	675	9	1	+A
A2_BC02.191219_FM1-2_consensus_vsearch	219	G	*/-T	924	9	0.95%	2	2	93	93	0.0019156360330857174	1	1	182	742	4	5	-T
A2_BC02.191219_FM1-2_consensus_vsearch	222	A	*/-T	938	9	0.95%	2	1	93	93	0.001916187456301341	1	1	190	748	0	9	-T
A2_BC02.191219_FM1-2_consensus_vsearch	223	T	*/+C	925	8	0.85%	2	1	93	93	0.003847839729165243	1	1	189	736	0	8	+C
A2_BC02.191219_FM1-2_consensus_vsearch	224	T	*/-C	930	10	1.05%	2	1	93	93	9.533488701501262E-4	1	1	189	741	0	10	-C
A2_BC02.191219_FM1-2_consensus_vsearch	227	T	*/-A	921	9	0.96%	2	2	93	93	0.0019155157221715682	1	1	180	741	2	7	-A
A2_BC02.191219_FM1-2_consensus_vsearch	229	A	*/-TAA	889	34	3.61%	2	2	93	93	4.271209511606873E-11	1	1	155	734	25	9	-TAA
A2_BC02.191219_FM1-2_consensus_vsearch	232	A	*/-C	881	11	1.21%	2	1	93	93	4.733709215866609E-4	1	1	154	727	0	11	-C
A2_BC02.191219_FM1-2_consensus_vsearch	233	C	*/-T	884	17	1.82%	2	2	93	93	7.069842984516308E-6	1	1	185	699	5	12	-T
A2_BC02.191219_FM1-2_consensus_vsearch	233	C	*/-TTC	884	27	2.89%	2	1	93	93	6.127557129409884E-9	1	1	185	699	0	27	-TTC
A2_BC02.191219_FM1-2_consensus_vsearch	235	T	*/+C	833	44	4.8%	2	1	93	93	3.269382471765839E-14	1	1	179	654	0	44	+C
A2_BC02.191219_FM1-2_consensus_vsearch	235	T	*/-C	833	15	1.64%	2	1	93	93	2.867018796066028E-5	1	1	179	654	0	15	+C
A2_BC02.191219_FM1-2_consensus_vsearch	236	C	*/-T	733	8	0.88%	2	2	93	93	0.003832771869722859	1	1	185	548	1	7	-T
A2_BC02.191219_FM1-2_consensus_vsearch	236	C	*/-TC	733	160	17.64%	2	2	93	93	2.7123645732629197E-52	1	1	185	548	1	159	-TC
A2_BC02.191219_FM1-2_consensus_vsearch	237	T	*/+C	734	13	1.67%	2	1	93	93	1.1580957543028989E-4	1	1	171	563	13	0	+C
A2_BC02.191219_FM1-2_consensus_vsearch	237	T	*/-C	734	25	3.21%	2	2	93	93	2.4378629307676294E-8	1	1	171	563	2	23	-C
A2_BC02.191219_FM1-2_consensus_vsearch	238	C	*/+G	740	13	1.71%	2	1	93	93	1.1585857818134562E-4	1	1	185	555	0	13	+G
A2_BC02.191219_FM1-2_consensus_vsearch	242	T	*/+C	925	8	0.84%	2	2	93	93	0.003847839729165243	1	1	180	745	7	1	+C
A2_BC02.191219_FM1-2_consensus_vsearch	243	C	*/+A	916	8	0.85%	2	2	93	93	0.003847272810710509	1	1	181	735	5	3	+A
A2_BC02.191219_FM1-2_consensus_vsearch	243	C	*/-GT	916	10	1.06%	2	2	93	93	9.530003857156821E-4	1	1	181	735	2	8	-GT
A2_BC02.191219_FM1-2_consensus_vsearch	247	T	*/-G	910	7	0.74%	2	1	93	93	0.007723239371763503	1	1	189	721	0	7	-G
A2_BC02.191219_FM1-2_consensus_vsearch	251	C	*/+T	889	11	1.16%	2	1	93	93	4.7350219869484876E-4	1	1	191	698	0	11	+T
A2_BC02.191219_FM1-2_consensus_vsearch	251	C	*/-T	889	39	4.11%	2	1	93	93	1.209912115926983E-12	1	1	191	698	0	39	-T
A2_BC02.191219_FM1-2_consensus_vsearch	253	T	*/+G	907	8	0.85%	2	1	93	93	0.003846694779808949	1	1	189	718	0	8	+G
A2_BC02.191219_FM1-2_consensus_vsearch	254	G	*/-TG	908	11	1.17%	2	2	93	93	4.7380490759398736E-4	1	1	188	720	1	10	-TG
A2_BC02.191219_FM1-2_consensus_vsearch	262	G	*/+TG	913	8	0.85%	2	1	93	93	0.0038470813845085643	1	1	167	746	0	8	+TG
A2_BC02.191219_FM1-2_consensus_vsearch	262	G	*/-A	913	22	2.33%	2	1	93	93	2.104101810558574E-7	1	1	167	746	22	0	-A
A2_BC02.191219_FM1-2_consensus_vsearch	266	C	*/-T	850	68	7.24%	2	2	93	93	9.341377263137768E-22	1	1	187	663	3	65	-T
A2_BC02.191219_FM1-2_consensus_vsearch	268	T	*/-C	931	7	0.74%	2	1	93	93	0.007725233457633749	1	1	191	740	0	7	-C
A2_BC02.191219_FM1-2_consensus_vsearch	271	T	*/+C	882	53	5.6%	2	1	93	93	5.20102794004861E-17	1	1	190	692	0	53	+C
A2_BC02.191219_FM1-2_consensus_vsearch	272	T	*/-C	900	24	2.53%	2	2	93	93	5.1236645682135445E-8	1	1	190	710	1	23	-C
A2_BC02.191219_FM1-2_consensus_vsearch	273	C	*/+G	869	19	2.05%	2	2	93	93	1.7305080610828304E-6	1	1	184	685	1	18	+G
A2_BC02.191219_FM1-2_consensus_vsearch	273	C	*/-A	869	7	0.76%	2	2	93	93	0.007719071244766444	1	1	184	685	3	4	+G
A2_BC02.191219_FM1-2_consensus_vsearch	278	A	*/-C	921	9	0.95%	2	2	93	93	0.0019155157221715682	1	1	179	742	5	4	-C
A2_BC02.191219_FM1-2_consensus_vsearch	279	C	*/+T	904	24	2.55%	2	1	93	93	5.1270496650052684E-8	1	1	185	719	0	24	+T
A2_BC02.191219_FM1-2_consensus_vsearch	280	C	*/-T	916	16	1.68%	2	2	93	93	1.4299683628079006E-5	1	1	189	727	1	15	-T
A2_BC02.191219_FM1-2_consensus_vsearch	282	G	*/-C	895	32	3.39%	2	2	93	93	1.773533685574158E-10	1	1	158	737	26	6	-C
A2_BC02.191219_FM1-2_consensus_vsearch	285	C	*/-T	928	13	1.37%	2	1	93	93	1.1708199690994052E-4	1	1	189	739	0	13	-T
A2_BC02.191219_FM1-2_consensus_vsearch	289	C	*/+A	921	12	1.26%	2	1	93	93	2.356046194096004E-4	1	1	187	734	0	12	+A
A2_BC02.191219_FM1-2_consensus_vsearch	297	T	*/-G	922	16	1.68%	2	1	93	93	1.4305672510383525E-5	1	1	188	734	0	16	-G
A2_BC02.191219_FM1-2_consensus_vsearch	305	T	*/-AGT	871	10	1.06%	2	1	93	93	9.518058030792807E-4	1	1	187	684	0	10	-AGT
A2_BC02.191219_FM1-2_consensus_vsearch	308	T	*/-G	902	10	1.07%	2	1	93	93	9.526412793826775E-4	1	1	190	712	0	10	-G
A2_BC02.191219_FM1-2_consensus_vsearch	312	C	*/-T	913	24	2.54%	2	2	93	93	5.134567096596846E-8	1	1	181	732	6	18	-T
A2_BC02.191219_FM1-2_consensus_vsearch	314	A	*/-C	906	17	1.81%	2	2	93	93	7.082806564098443E-6	1	1	177	729	5	12	-C
A2_BC02.191219_FM1-2_consensus_vsearch	316	C	*/-A	729	15	1.58%	2	2	93	93	2.841856991297687E-5	1	1	182	547	1	14	-A
A2_BC02.191219_FM1-2_consensus_vsearch	316	C	*/-AA	729	196	20.65%	2	2	93	93	9.335627439238555E-65	1	1	182	547	1	195	-AA
A2_BC02.191219_FM1-2_consensus_vsearch	327	C	*/-G	799	129	13.64%	2	1	93	93	1.2292758934247494E-41	1	1	189	610	0	129	-G
A2_BC02.191219_FM1-2_consensus_vsearch	331	T	*/-A	864	10	1.06%	2	1	93	93	9.516090064870314E-4	1	1	190	674	0	10	-A
A2_BC02.191219_FM1-2_consensus_vsearch	334	C	*/+G	714	25	2.65%	2	2	93	93	2.4244219743441998E-8	1	1	104	610	10	15	+G
A2_BC02.191219_FM1-2_consensus_vsearch	334	C	*/-G	714	175	18.52%	2	2	93	93	1.5417367833873692E-57	1	1	104	610	70	105	-G
A2_BC02.191219_FM1-2_consensus_vsearch	334	C	*/-GG	714	13	1.38%	2	1	93	93	1.1564049970487448E-4	1	1	104	610	0	13	-G
A2_BC02.191219_FM1-2_consensus_vsearch	341	T	*/+A	904	7	0.74%	2	2	93	93	0.007722652784649824	1	1	179	725	6	1	+A
A2_BC02.191219_FM1-2_consensus_vsearch	341	T	*/-A	904	23	2.43%	2	2	93	93	1.0382835293174744E-7	1	1	179	725	4	19	-A
A2_BC02.191219_FM1-2_consensus_vsearch	342	A	*/+T	876	30	3.25%	2	1	93	93	7.296429532950788E-10	1	1	180	696	0	30	+T
A2_BC02.191219_FM1-2_consensus_vsearch	343	A	*/+G	123	686	72.29%	2	2	93	93	0.0	1	1	28	95	133	553	+G
A2_BC02.191219_FM1-2_consensus_vsearch	343	A	*/+GG	123	19	2%	2	2	93	93	1.0011274415720403E-6	1	1	28	95	6	13	+G
A2_BC02.191219_FM1-2_consensus_vsearch	344	G	*/+TG	905	11	1.16%	2	1	93	93	4.7375793846653126E-4	1	1	188	717	0	11	+TG
A2_BC02.191219_FM1-2_consensus_vsearch	345	G	*/+AG	928	8	0.84%	2	1	93	93	0.0038480262877654513	1	1	176	752	8	0	+AG
A2_BC02.191219_FM1-2_consensus_vsearch	346	T	*/+C	862	23	2.42%	2	1	93	93	1.0314115044552265E-7	1	1	190	672	0	23	+C
A2_BC02.191219_FM1-2_consensus_vsearch	347	T	*/-C	901	41	4.32%	2	1	93	93	2.914592400161934E-13	1	1	188	713	0	41	-C
A2_BC02.191219_FM1-2_consensus_vsearch	348	C	*/+T	852	39	4.29%	2	2	93	93	1.1891507520856136E-12	1	1	186	666	2	37	+T
A2_BC02.191219_FM1-2_consensus_vsearch	351	T	*/+C	923	18	1.9%	2	1	93	93	3.5141601954464235E-6	1	1	191	732	0	18	+C
A2_BC02.191219_FM1-2_consensus_vsearch	352	T	*/-C	905	34	3.58%	2	2	93	93	4.2942105046154703E-11	1	1	177	728	12	22	-C
A2_BC02.191219_FM1-2_consensus_vsearch	354	C	*/+G	811	9	0.95%	2	1	93	93	0.0019104999709813673	1	1	191	620	0	9	+G
A2_BC02.191219_FM1-2_consensus_vsearch	354	C	*/-G	811	122	12.83%	2	1	93	93	2.72487890967956E-39	1	1	191	620	0	122	-G
A2_BC02.191219_FM1-2_consensus_vsearch	355	G	*/+A	810	7	0.85%	2	1	93	93	0.007712340870734465	1	1	191	619	0	7	+A
A2_BC02.191219_FM1-2_consensus_vsearch	358	G	*/-AG	891	31	3.27%	2	2	93	93	3.603357355850998E-10	1	1	154	737	23	8	-AG
A2_BC02.191219_FM1-2_consensus_vsearch	358	G	*/-AGG	891	11	1.16%	2	2	93	93	4.735346575949368E-4	1	1	154	737	10	1	-AG
A2_BC02.191219_FM1-2_consensus_vsearch	359	A	*/+G	717	9	1%	2	2	93	93	0.001905017376127718	1	1	104	613	4	5	+G
A2_BC02.191219_FM1-2_consensus_vsearch	359	A	*/-G	717	169	18.72%	2	2	93	93	1.8791286849472183E-55	1	1	104	613	45	124	-G
A2_BC02.191219_FM1-2_consensus_vsearch	360	G	*/+T	715	9	1.22%	2	1	93	93	0.0019048853605096762	1	1	109	606	0	9	+T
A2_BC02.191219_FM1-2_consensus_vsearch	362	G	*/-A	921	10	1.05%	2	2	93	93	9.531260390767928E-4	1	1	175	746	6	4	-A
A2_BC02.191219_FM1-2_consensus_vsearch	362	G	*/-AG	921	10	1.05%	2	2	93	93	9.531260390767928E-4	1	1	175	746	8	2	-A
A2_BC02.191219_FM1-2_consensus_vsearch	364	G	*/+C	892	9	0.97%	2	2	93	93	0.0019143116314986701	1	1	167	725	5	4	+C
A2_BC02.191219_FM1-2_consensus_vsearch	364	G	*/-C	892	8	0.86%	2	2	93	93	0.0038457057984593083	1	1	167	725	7	1	+C
A2_BC02.191219_FM1-2_consensus_vsearch	365	C	*/+T	897	12	1.28%	2	1	93	93	2.3538192603332825E-4	1	1	181	716	0	12	+T
A2_BC02.191219_FM1-2_consensus_vsearch	366	C	*/-T	897	30	3.15%	2	2	93	93	7.33754016573295E-10	1	1	181	716	4	26	-T
A2_BC02.191219_FM1-2_consensus_vsearch	367	T	*/+G	805	47	5.13%	2	1	93	93	3.700938263918819E-15	1	1	178	627	0	47	+G
A2_BC02.191219_FM1-2_consensus_vsearch	368	G	*/-A	933	7	0.74%	2	2	93	93	0.007725418733796673	1	1	181	752	5	2	-A
A2_BC02.191219_FM1-2_consensus_vsearch	369	A	*/-GA	905	18	1.91%	2	2	93	93	3.508487013154618E-6	1	1	163	742	14	4	-GA
A2_BC02.191219_FM1-2_consensus_vsearch	370	G	*/+A	884	15	1.61%	2	1	93	93	2.8772762809134463E-5	1	1	168	716	0	15	+A
A2_BC02.191219_FM1-2_consensus_vsearch	370	G	*/-A	884	25	2.69%	2	2	93	93	2.5211757058310214E-8	1	1	168	716	5	20	-A
A2_BC02.191219_FM1-2_consensus_vsearch	374	C	*/+G	906	8	0.85%	2	1	93	93	0.0038466298539855397	1	1	180	726	0	8	+G
A2_BC02.191219_FM1-2_consensus_vsearch	374	C	*/-G	906	14	1.48%	2	2	93	93	5.806874206670136E-5	1	1	180	726	3	11	-G
A2_BC02.191219_FM1-2_consensus_vsearch	382	A	*/-CA	919	11	1.16%	2	2	93	93	4.7397455917251564E-4	1	1	181	738	2	9	-CA
A2_BC02.191219_FM1-2_consensus_vsearch	385	T	*/-C	915	26	2.74%	2	2	93	93	1.2508057720411099E-8	1	1	167	748	22	4	-C
A2_BC02.191219_FM1-2_consensus_vsearch	387	C	*/+AA	823	7	0.74%	2	1	93	93	0.00771390582264769	1	1	163	660	7	0	+AA
A2_BC02.191219_FM1-2_consensus_vsearch	387	C	*/-A	823	90	9.47%	2	2	93	93	8.039252433443256E-29	1	1	163	660	10	80	-A
A2_BC02.191219_FM1-2_consensus_vsearch	387	C	*/-AA	823	8	0.84%	2	1	93	93	0.0038406984439079027	1	1	163	660	0	8	-A
A2_BC02.191219_FM1-2_consensus_vsearch	389	A	*/+G	856	13	1.38%	2	2	93	93	1.1667502791711189E-4	1	1	171	685	5	8	+G
A2_BC02.191219_FM1-2_consensus_vsearch	389	A	*/-G	856	26	2.76%	2	2	93	93	1.2360299582538082E-8	1	1	171	685	13	13	-G
A2_BC02.191219_FM1-2_consensus_vsearch	389	A	*/-GG	856	7	0.74%	2	1	93	93	0.007717667141336914	1	1	171	685	0	7	-G
A2_BC02.191219_FM1-2_consensus_vsearch	390	G	*/+C	781	54	5.9%	2	1	93	93	2.2900905239255196E-17	1	1	176	605	0	54	+C
A2_BC02.191219_FM1-2_consensus_vsearch	390	G	*/+T	781	9	0.98%	2	1	93	93	0.0019088910957443398	1	1	176	605	0	9	+C
A2_BC02.191219_FM1-2_consensus_vsearch	391	G	*/+A	852	36	3.82%	2	2	93	93	1.0132343121833001E-11	1	1	155	697	32	4	+A
A2_BC02.191219_FM1-2_consensus_vsearch	391	G	*/-A	852	12	1.27%	2	2	93	93	2.3493145069356948E-4	1	1	155	697	4	8	+A
A2_BC02.191219_FM1-2_consensus_vsearch	391	G	*/-AAGG	852	8	0.85%	2	1	93	93	0.0038429004956962924	1	1	155	697	0	8	+A
A2_BC02.191219_FM1-2_consensus_vsearch	393	A	*/+GG	855	14	1.5%	2	1	93	93	5.789786892567008E-5	1	1	183	672	0	14	+GG
A2_BC02.191219_FM1-2_consensus_vsearch	393	A	*/-G	855	47	5.03%	2	2	93	93	3.840908581989638E-15	1	1	183	672	5	42	-G
A2_BC02.191219_FM1-2_consensus_vsearch	394	G	*/+C	820	44	4.94%	2	1	93	93	3.241583692877932E-14	1	1	183	637	0	44	+C
A2_BC02.191219_FM1-2_consensus_vsearch	396	C	*/-A	911	12	1.27%	2	1	93	93	2.3551322129240234E-4	1	1	189	722	0	12	-A
A2_BC02.191219_FM1-2_consensus_vsearch	398	G	*/-CAG	896	18	1.91%	2	1	93	93	3.5055693869725163E-6	1	1	171	725	0	18	-CAG
A2_BC02.191219_FM1-2_consensus_vsearch	400	A	*/-G	892	13	1.41%	2	2	93	93	1.168864864567699E-4	1	1	183	709	5	8	-G
A2_BC02.191219_FM1-2_consensus_vsearch	405	C	*/-G	822	7	0.74%	2	2	93	93	0.007713787180018133	1	1	172	650	1	6	-G
A2_BC02.191219_FM1-2_consensus_vsearch	405	C	*/-GC	822	90	9.52%	2	2	93	93	8.017872862670402E-29	1	1	172	650	11	79	-GC
A2_BC02.191219_FM1-2_consensus_vsearch	405	C	*/-GCA	822	18	1.9%	2	2	93	93	3.479294498079583E-6	1	1	172	650	1	17	-GC
A2_BC02.191219_FM1-2_consensus_vsearch	407	C	*/-A	645	155	18.5%	2	2	93	93	5.593338158351072E-51	1	1	163	482	10	145	-A
A2_BC02.191219_FM1-2_consensus_vsearch	407	C	*/-AA	645	18	2.15%	2	1	93	93	3.3937315286020806E-6	1	1	163	482	0	18	-A
A2_BC02.191219_FM1-2_consensus_vsearch	410	A	*/-T	927	7	0.74%	2	2	93	93	0.0077248605301177935	1	1	184	743	1	6	-T
A2_BC02.191219_FM1-2_consensus_vsearch	412	T	*/+C	876	13	1.37%	2	1	93	93	1.1679458718809153E-4	1	1	161	715	0	13	+C
A2_BC02.191219_FM1-2_consensus_vsearch	412	T	*/-AC	876	26	2.74%	2	2	93	93	1.2412383393367797E-8	1	1	161	715	24	2	-AC
A2_BC02.191219_FM1-2_consensus_vsearch	413	A	*/-C	888	8	0.87%	2	2	93	93	0.0038454364981598582	1	1	153	735	3	5	-C
A2_BC02.191219_FM1-2_consensus_vsearch	414	C	*/+T	893	9	0.98%	2	2	93	93	0.0019143544338820649	1	1	158	735	1	8	+T
A2_BC02.191219_FM1-2_consensus_vsearch	418	A	*/-T	919	20	2.11%	2	1	93	93	8.609938615133733E-7	1	1	189	730	0	20	-T
A2_BC02.191219_FM1-2_consensus_vsearch	419	T	*/-C	900	17	1.83%	2	2	93	93	7.079330964064295E-6	1	1	180	720	9	8	-C
A2_BC02.191219_FM1-2_consensus_vsearch	422	C	*/+G	837	11	1.16%	2	1	93	93	4.7260507227952814E-4	1	1	186	651	0	11	+G
A2_BC02.191219_FM1-2_consensus_vsearch	422	C	*/-G	837	7	0.74%	2	1	93	93	0.007715537369944805	1	1	186	651	0	7	+G
A2_BC02.191219_FM1-2_consensus_vsearch	427	C	*/+G	689	35	3.7%	2	2	93	93	1.9103797300499105E-11	1	1	136	553	7	28	+G
A2_BC02.191219_FM1-2_consensus_vsearch	427	C	*/-G	689	184	19.47%	2	2	93	93	8.320019449847927E-61	1	1	136	553	31	153	-G
A2_BC02.191219_FM1-2_consensus_vsearch	427	C	*/-GG	689	12	1.27%	2	2	93	93	2.3282309508343565E-4	1	1	136	553	4	8	-G
A2_BC02.191219_FM1-2_consensus_vsearch	432	A	*/-G	918	14	1.49%	2	2	93	93	5.810627722081905E-5	1	1	172	746	10	4	-G
A2_BC02.191219_FM1-2_consensus_vsearch	433	G	*/+A	859	17	1.83%	2	1	93	93	7.05434494661371E-6	1	1	150	709	17	0	+A
A2_BC02.191219_FM1-2_consensus_vsearch	433	G	*/+T	859	34	3.67%	2	2	93	93	4.226179078027096E-11	1	1	150	709	3	31	+T
A2_BC02.191219_FM1-2_consensus_vsearch	434	G	*/+AG	922	7	0.74%	2	1	93	93	0.007724389864457613	1	1	177	745	7	0	+AG
A2_BC02.191219_FM1-2_consensus_vsearch	437	G	*/-T	902	20	2.13%	2	1	93	93	8.593550208579538E-7	1	1	185	717	0	20	-T
A2_BC02.191219_FM1-2_consensus_vsearch	438	T	*/-G	879	8	0.88%	2	2	93	93	0.0038448217248150908	1	1	183	696	1	7	-G
A2_BC02.191219_FM1-2_consensus_vsearch	441	C	*/-A	863	18	1.93%	2	2	93	93	3.494378841107248E-6	1	1	186	677	1	17	-A
A2_BC02.191219_FM1-2_consensus_vsearch	441	C	*/-AAT	863	16	1.72%	2	1	93	93	1.4243322442927082E-5	1	1	186	677	0	16	-A
A2_BC02.191219_FM1-2_consensus_vsearch	444	T	*/+A	889	7	0.76%	2	1	93	93	0.007721152023854556	1	1	188	701	0	7	+A
A2_BC02.191219_FM1-2_consensus_vsearch	445	A	*/+C	904	10	1.06%	2	2	93	93	9.526932489733308E-4	1	1	166	738	7	3	+C
A2_BC02.191219_FM1-2_consensus_vsearch	446	C	*/+A	888	9	0.96%	2	1	93	93	0.0019141394727237124	1	1	164	724	9	0	+A
A2_BC02.191219_FM1-2_consensus_vsearch	446	C	*/+T	888	8	0.85%	2	1	93	93	0.0038454364981598582	1	1	164	724	8	0	+A
A2_BC02.191219_FM1-2_consensus_vsearch	446	C	*/-GT	888	10	1.06%	2	2	93	93	9.522710580197744E-4	1	1	164	724	2	8	-GT
A2_BC02.191219_FM1-2_consensus_vsearch	448	T	*/+A	861	14	1.5%	2	1	93	93	5.791898628063868E-5	1	1	176	685	0	14	+A
A2_BC02.191219_FM1-2_consensus_vsearch	448	T	*/-A	861	15	1.61%	2	2	93	93	2.8727949505812383E-5	1	1	176	685	1	14	-A
A2_BC02.191219_FM1-2_consensus_vsearch	450	A	*/+T	918	11	1.16%	2	1	93	93	4.7395930077834606E-4	1	1	183	735	0	11	+T
A2_BC02.191219_FM1-2_consensus_vsearch	451	C	*/+A	905	7	0.74%	2	1	93	93	0.007722751083948114	1	1	184	721	0	7	+A
A2_BC02.191219_FM1-2_consensus_vsearch	455	G	*/+C	907	13	1.37%	2	1	93	93	1.1696978142902724E-4	1	1	184	723	0	13	+C
A2_BC02.191219_FM1-2_consensus_vsearch	455	G	*/-C	907	16	1.68%	2	2	93	93	1.4290557896675565E-5	1	1	184	723	1	15	-C
A2_BC02.191219_FM1-2_consensus_vsearch	456	C	*/-T	915	11	1.18%	2	1	93	93	4.7391332970232394E-4	1	1	190	725	0	11	-T
A2_BC02.191219_FM1-2_consensus_vsearch	457	T	*/-C	919	13	1.38%	2	2	93	93	1.1703451483829207E-4	1	1	184	735	1	12	-C
A2_BC02.191219_FM1-2_consensus_vsearch	458	C	*/+TC	901	8	0.85%	2	1	93	93	0.0038463030898748915	1	1	185	716	0	8	+TC
A2_BC02.191219_FM1-2_consensus_vsearch	458	C	*/-G	901	14	1.49%	2	1	93	93	5.8052817010089356E-5	1	1	185	716	0	14	-G
A2_BC02.191219_FM1-2_consensus_vsearch	460	G	*/-T	917	14	1.47%	2	1	93	93	5.810318560301478E-5	1	1	180	737	0	14	-T
A2_BC02.191219_FM1-2_consensus_vsearch	461	T	*/+C	906	14	1.5%	2	1	93	93	5.806874206670136E-5	1	1	191	715	0	14	+C
A2_BC02.191219_FM1-2_consensus_vsearch	462	T	*/-C	921	9	0.95%	2	2	93	93	0.0019155157221715682	1	1	187	734	1	8	-C
A2_BC02.191219_FM1-2_consensus_vsearch	463	C	*/+T	715	48	5.11%	2	2	93	93	1.656397599954543E-15	1	1	167	548	5	43	+T
A2_BC02.191219_FM1-2_consensus_vsearch	463	C	*/-T	715	148	15.76%	2	2	93	93	2.8204206318141645E-48	1	1	167	548	15	133	-T
A2_BC02.191219_FM1-2_consensus_vsearch	463	C	*/-TT	715	15	1.6%	2	2	93	93	2.837936839706617E-5	1	1	167	548	2	13	-T
A2_BC02.191219_FM1-2_consensus_vsearch	467	T	*/-G	817	125	13.17%	2	1	93	93	2.862408002891851E-40	1	1	189	628	0	125	-G
A2_BC02.191219_FM1-2_consensus_vsearch	472	C	*/+A	932	11	1.16%	2	2	93	93	4.7417000031486754E-4	1	1	180	752	9	2	+A
A2_BC02.191219_FM1-2_consensus_vsearch	473	G	*/-TG	899	29	3.06%	2	1	93	93	1.4915669197102959E-9	1	1	176	723	0	29	-TG
A2_BC02.191219_FM1-2_consensus_vsearch	476	C	*/-A	865	59	6.26%	2	2	93	93	6.666732300188737E-19	1	1	184	681	3	56	-A
A2_BC02.191219_FM1-2_consensus_vsearch	480	T	*/-G	822	111	11.71%	2	2	93	93	1.1867277756401321E-35	1	1	187	635	2	109	-G
A2_BC02.191219_FM1-2_consensus_vsearch	482	G	*/+A	903	19	2%	2	2	93	93	1.7367917088241627E-6	1	1	188	715	1	18	+A
A2_BC02.191219_FM1-2_consensus_vsearch	487	A	*/-G	889	36	3.81%	2	1	93	93	1.0283055122986887E-11	1	1	144	745	36	0	-G
A2_BC02.191219_FM1-2_consensus_vsearch	487	A	*/-GA	889	10	1.06%	2	1	93	93	9.522978820037738E-4	1	1	144	745	0	10	-G
A2_BC02.191219_FM1-2_consensus_vsearch	490	T	*/+G	913	15	1.59%	2	2	93	93	2.882616640936494E-5	1	1	171	742	14	1	+G
A2_BC02.191219_FM1-2_consensus_vsearch	491	A	*/+G	878	22	2.33%	2	1	93	93	2.0937773779648042E-7	1	1	164	714	0	22	+G
A2_BC02.191219_FM1-2_consensus_vsearch	491	A	*/-G	878	25	2.65%	2	1	93	93	2.5183363852933115E-8	1	1	164	714	25	0	-G
A2_BC02.191219_FM1-2_consensus_vsearch	493	A	*/-T	911	14	1.49%	2	2	93	93	5.808449798800477E-5	1	1	181	730	4	10	-T
A2_BC02.191219_FM1-2_consensus_vsearch	496	T	*/+A	889	27	2.84%	2	1	93	93	6.1341959918811356E-9	1	1	190	699	0	27	+A
A2_BC02.191219_FM1-2_consensus_vsearch	496	T	*/+AA	889	7	0.74%	2	1	93	93	0.007721152023854556	1	1	190	699	0	7	+A
A2_BC02.191219_FM1-2_consensus_vsearch	496	T	*/-A	889	18	1.89%	2	1	93	93	3.5032614198745517E-6	1	1	190	699	0	18	-A
A2_BC02.191219_FM1-2_consensus_vsearch	499	A	*/+C	907	10	1.05%	2	2	93	93	9.527707813547603E-4	1	1	164	743	7	3	+C
A2_BC02.191219_FM1-2_consensus_vsearch	499	A	*/-C	907	27	2.84%	2	2	93	93	6.1575558082740985E-9	1	1	164	743	16	11	-C
A2_BC02.191219_FM1-2_consensus_vsearch	500	C	*/+T	905	12	1.3%	2	1	93	93	2.3545743695662624E-4	1	1	172	733	0	12	+T
A2_BC02.191219_FM1-2_consensus_vsearch	501	C	*/+T	907	9	0.95%	2	2	93	93	0.0019149439059500746	1	1	187	720	1	8	+T
A2_BC02.191219_FM1-2_consensus_vsearch	502	C	*/+A	873	7	0.74%	2	1	93	93	0.007719494949691618	1	1	180	693	0	7	+A
A2_BC02.191219_FM1-2_consensus_vsearch	502	C	*/-A	873	7	0.74%	2	2	93	93	0.007719494949691618	1	1	180	693	5	2	+A
A2_BC02.191219_FM1-2_consensus_vsearch	504	C	*/+A	871	22	2.33%	2	2	93	93	2.0916206117145603E-7	1	1	177	694	1	21	+A
A2_BC02.191219_FM1-2_consensus_vsearch	504	C	*/-A	871	24	2.54%	2	1	93	93	5.0982771123024644E-8	1	1	177	694	0	24	-A
A2_BC02.191219_FM1-2_consensus_vsearch	510	A	*/-G	913	17	1.79%	2	2	93	93	7.0868063503626716E-6	1	1	179	734	5	12	-G
A2_BC02.191219_FM1-2_consensus_vsearch	512	G	*/+A	933	7	0.74%	2	1	93	93	0.007725418733796673	1	1	186	747	0	7	+A
A2_BC02.191219_FM1-2_consensus_vsearch	519	T	*/+G	442	486	51.1%	2	2	93	93	3.38406156630153E-185	1	1	10	432	175	311	+G
A2_BC02.191219_FM1-2_consensus_vsearch	520	G	*/-A	931	8	0.84%	2	2	93	93	0.0038482116584491618	1	1	183	748	6	2	-A
A2_BC02.191219_FM1-2_consensus_vsearch	521	A	*/-G	865	57	6.06%	2	2	93	93	2.8409161705887332E-18	1	1	170	695	10	47	-G
A2_BC02.191219_FM1-2_consensus_vsearch	522	G	*/+T	846	20	2.25%	2	1	93	93	8.535216720890616E-7	1	1	174	672	0	20	+T
A2_BC02.191219_FM1-2_consensus_vsearch	522	G	*/+TG	846	9	1.01%	2	1	93	93	0.0019122350977176068	1	1	174	672	0	9	+T
A2_BC02.191219_FM1-2_consensus_vsearch	523	G	*/+A	928	10	1.05%	2	1	93	93	9.532997190797103E-4	1	1	173	755	10	0	+A
A2_BC02.191219_FM1-2_consensus_vsearch	525	C	*/-AA	910	13	1.38%	2	1	93	93	1.1698612028272918E-4	1	1	186	724	0	13	-AA
A2_BC02.191219_FM1-2_consensus_vsearch	528	G	*/+T	917	11	1.16%	2	1	93	93	4.739440098052575E-4	1	1	188	729	0	11	+T
A2_BC02.191219_FM1-2_consensus_vsearch	528	G	*/-T	917	7	0.74%	2	1	93	93	0.007723914116185401	1	1	188	729	0	7	+T
A2_BC02.191219_FM1-2_consensus_vsearch	530	C	*/+T	916	10	1.06%	2	1	93	93	9.530003857156821E-4	1	1	190	726	0	10	+T
A2_BC02.191219_FM1-2_consensus_vsearch	530	C	*/-T	916	18	1.9%	2	1	93	93	3.5119791038540545E-6	1	1	190	726	0	18	-T
A2_BC02.191219_FM1-2_consensus_vsearch	531	T	*/-G	833	76	8.15%	2	1	93	93	2.577354427244889E-24	1	1	190	643	0	76	-G
A2_BC02.191219_FM1-2_consensus_vsearch	535	G	*/-CC	913	8	0.86%	2	1	93	93	0.0038470813845085643	1	1	184	729	0	8	-CC
A2_BC02.191219_FM1-2_consensus_vsearch	537	C	*/-A	913	11	1.17%	2	1	93	93	4.738825180222003E-4	1	1	185	728	0	11	-A
A2_BC02.191219_FM1-2_consensus_vsearch	542	G	*/+C	921	8	0.85%	2	1	93	93	0.0038475891167196936	1	1	168	753	8	0	+C
A2_BC02.191219_FM1-2_consensus_vsearch	546	C	*/-G	889	13	1.38%	2	2	93	93	1.1686949997988138E-4	1	1	175	714	1	12	-G
A2_BC02.191219_FM1-2_consensus_vsearch	549	T	*/-A	918	7	0.74%	2	2	93	93	0.007724009676382631	1	1	181	737	4	3	-A
A2_BC02.191219_FM1-2_consensus_vsearch	551	A	*/-T	933	10	1.05%	2	1	93	93	9.534222085662184E-4	1	1	188	745	0	10	-T
A2_BC02.191219_FM1-2_consensus_vsearch	552	T	*/+C	919	8	0.85%	2	1	93	93	0.003847463002329035	1	1	190	729	0	8	+C
A2_BC02.191219_FM1-2_consensus_vsearch	553	T	*/-C	918	19	2%	2	2	93	93	1.7394242372425252E-6	1	1	179	739	10	9	-C
A2_BC02.191219_FM1-2_consensus_vsearch	557	G	*/-C	933	7	0.74%	2	1	93	93	0.007725418733796673	1	1	186	747	0	7	-C
A2_BC02.191219_FM1-2_consensus_vsearch	558	C	*/-T	889	50	5.3%	2	1	93	93	4.544749542583412E-16	1	1	190	699	0	50	-T
A2_BC02.191219_FM1-2_consensus_vsearch	559	T	*/-C	833	60	6.67%	2	2	93	93	3.1108236190985487E-19	1	1	131	702	58	2	-C
A2_BC02.191219_FM1-2_consensus_vsearch	561	C	*/-A	911	28	2.94%	2	2	93	93	3.0369938557163473E-9	1	1	190	721	1	27	-A
A2_BC02.191219_FM1-2_consensus_vsearch	562	A	*/+C	905	8	0.87%	2	1	93	93	0.003846564786466037	1	1	190	715	0	8	+C
A2_BC02.191219_FM1-2_consensus_vsearch	565	A	*/-G	929	7	0.74%	2	1	93	93	0.007725047391454701	1	1	185	744	0	7	-G
A2_BC02.191219_FM1-2_consensus_vsearch	571	T	*/-AT	916	23	2.42%	2	2	93	93	1.040140479098459E-7	1	1	183	733	3	20	-AT
A2_BC02.191219_FM1-2_consensus_vsearch	572	A	*/-T	887	25	2.71%	2	1	93	93	2.522582348487814E-8	1	1	185	702	0	25	-T
A2_BC02.191219_FM1-2_consensus_vsearch	573	T	*/+AT	859	14	1.56%	2	1	93	93	5.791197881355526E-5	1	1	185	674	0	14	+AT
A2_BC02.191219_FM1-2_consensus_vsearch	574	T	*/+A	864	21	2.22%	2	2	93	93	4.2290095982962297E-7	1	1	162	702	16	5	+A
A2_BC02.191219_FM1-2_consensus_vsearch	574	T	*/+AA	864	8	0.85%	2	2	93	93	0.0038437690082375594	1	1	162	702	5	3	+A
A2_BC02.191219_FM1-2_consensus_vsearch	574	T	*/-A	864	10	1.06%	2	2	93	93	9.516090064870314E-4	1	1	162	702	3	7	-A
A2_BC02.191219_FM1-2_consensus_vsearch	580	T	*/+A	908	20	2.11%	2	2	93	93	8.599400061844555E-7	1	1	170	738	19	1	+A
A2_BC02.191219_FM1-2_consensus_vsearch	584	G	*/-C	923	8	0.85%	2	2	93	93	0.003847714691173612	1	1	185	738	1	7	-C
A2_BC02.191219_FM1-2_consensus_vsearch	585	C	*/-A	912	8	0.85%	2	1	93	93	0.0038470172993273957	1	1	189	723	0	8	-A
A2_BC02.191219_FM1-2_consensus_vsearch	587	G	*/-T	907	9	0.95%	2	2	93	93	0.0019149439059500746	1	1	186	721	2	7	-T
A2_BC02.191219_FM1-2_consensus_vsearch	587	G	*/-TT	907	13	1.38%	2	1	93	93	1.1696978142902724E-4	1	1	186	721	0	13	-TT
A2_BC02.191219_FM1-2_consensus_vsearch	587	G	*/-TTA	907	7	0.74%	2	1	93	93	0.007722947038715541	1	1	186	721	0	7	-TT
A2_BC02.191219_FM1-2_consensus_vsearch	589	T	*/+A	633	42	4.52%	2	2	93	93	1.17740048616298E-13	1	1	122	511	9	33	+A
A2_BC02.191219_FM1-2_consensus_vsearch	589	T	*/-A	633	206	22.17%	2	2	93	93	5.493587602404856E-69	1	1	122	511	43	163	-A
A2_BC02.191219_FM1-2_consensus_vsearch	589	T	*/-AA	633	28	3.01%	2	2	93	93	2.7818557187804675E-9	1	1	122	511	14	14	-A
A2_BC02.191219_FM1-2_consensus_vsearch	595	G	*/+C	853	68	7.18%	2	1	93	93	9.382180718174503E-22	1	1	186	667	0	68	+C
A2_BC02.191219_FM1-2_consensus_vsearch	595	G	*/-C	853	20	2.11%	2	1	93	93	8.542899568423818E-7	1	1	186	667	0	20	+C
A2_BC02.191219_FM1-2_consensus_vsearch	597	T	*/-C	871	59	6.24%	2	1	93	93	6.709350319951472E-19	1	1	187	684	0	59	-C
A2_BC02.191219_FM1-2_consensus_vsearch	598	C	*/+A	840	13	1.46%	2	1	93	93	1.1657540750401983E-4	1	1	186	654	0	13	+A
A2_BC02.191219_FM1-2_consensus_vsearch	598	C	*/+TC	840	9	1.01%	2	1	93	93	0.0019119477501274398	1	1	186	654	0	9	+A
A2_BC02.191219_FM1-2_consensus_vsearch	598	C	*/-GT	840	9	1.01%	2	1	93	93	0.0019119477501274398	1	1	186	654	0	9	+A
A2_BC02.191219_FM1-2_consensus_vsearch	604	T	*/+G	918	15	1.58%	2	2	93	93	2.883504534476528E-5	1	1	189	729	1	14	+G
A2_BC02.191219_FM1-2_consensus_vsearch	605	G	*/+A	935	7	0.74%	2	1	93	93	0.007725603224861104	1	1	187	748	0	7	+A
A2_BC02.191219_FM1-2_consensus_vsearch	608	C	*/-T	905	16	1.69%	2	1	93	93	1.4288506331507581E-5	1	1	189	716	0	16	-T
A2_BC02.191219_FM1-2_consensus_vsearch	608	C	*/-TT	905	22	2.32%	2	2	93	93	2.1018071002411654E-7	1	1	189	716	1	21	-TT
A2_BC02.191219_FM1-2_consensus_vsearch	610	T	*/+C	867	40	4.31%	2	2	93	93	5.859839887493664E-13	1	1	145	722	39	1	+C
A2_BC02.191219_FM1-2_consensus_vsearch	611	C	*/+TC	912	12	1.27%	2	1	93	93	2.3552244907876894E-4	1	1	187	725	0	12	+TC
A2_BC02.191219_FM1-2_consensus_vsearch	611	C	*/-A	912	7	0.74%	2	2	93	93	0.007723433202456529	1	1	187	725	1	6	+TC
A2_BC02.191219_FM1-2_consensus_vsearch	612	A	*/+G	894	16	1.7%	2	2	93	93	1.4277065542359511E-5	1	1	186	708	1	15	+G
A2_BC02.191219_FM1-2_consensus_vsearch	612	A	*/-G	894	9	0.96%	2	1	93	93	0.0019143971419615555	1	1	186	708	0	9	+G
A2_BC02.191219_FM1-2_consensus_vsearch	617	T	*/-G	859	62	6.55%	2	2	93	93	7.4955106225864E-20	1	1	186	673	1	61	-G
A2_BC02.191219_FM1-2_consensus_vsearch	619	G	*/-T	916	11	1.16%	2	1	93	93	4.73928686149538E-4	1	1	187	729	0	11	-T
A2_BC02.191219_FM1-2_consensus_vsearch	620	T	*/+G	778	14	1.51%	2	2	93	93	5.7599045318109395E-5	1	1	182	596	2	12	+G
A2_BC02.191219_FM1-2_consensus_vsearch	620	T	*/-G	778	92	9.9%	2	2	93	93	1.5917655049721022E-29	1	1	182	596	7	85	-G
A2_BC02.191219_FM1-2_consensus_vsearch	620	T	*/-GG	778	8	0.86%	2	1	93	93	0.003836961112582605	1	1	182	596	0	8	-G
A2_BC02.191219_FM1-2_consensus_vsearch	624	G	*/-CGG	916	20	2.11%	2	1	93	93	8.607088016334842E-7	1	1	189	727	0	20	-CGG
A2_BC02.191219_FM1-2_consensus_vsearch	625	C	*/-G	894	8	0.87%	2	2	93	93	0.003845839556187414	1	1	189	705	1	7	-G
A2_BC02.191219_FM1-2_consensus_vsearch	628	T	*/-C	924	8	0.85%	2	2	93	93	0.003847777276985537	1	1	185	739	5	3	-C
A2_BC02.191219_FM1-2_consensus_vsearch	630	C	*/+A	895	7	0.74%	2	1	93	93	0.007721758304500832	1	1	189	706	0	7	+A
A2_BC02.191219_FM1-2_consensus_vsearch	631	G	*/+C	911	10	1.06%	2	1	93	93	9.528733777801732E-4	1	1	188	723	0	10	+C
A2_BC02.191219_FM1-2_consensus_vsearch	631	G	*/-T	911	9	0.95%	2	1	93	93	0.001915109048569619	1	1	188	723	0	9	+C
A2_BC02.191219_FM1-2_consensus_vsearch	632	T	*/-C	915	14	1.49%	2	2	93	93	5.8096982749967E-5	1	1	189	726	1	13	-C
A2_BC02.191219_FM1-2_consensus_vsearch	635	C	*/+A	884	16	1.71%	2	2	93	93	1.4266428252267585E-5	1	1	180	704	7	9	+A
A2_BC02.191219_FM1-2_consensus_vsearch	635	C	*/-A	884	11	1.18%	2	2	93	93	4.734204228778794E-4	1	1	180	704	2	9	+A
A2_BC02.191219_FM1-2_consensus_vsearch	641	G	*/-T	918	8	0.85%	2	1	93	93	0.0038473997415683515	1	1	183	735	0	8	-T
A2_BC02.191219_FM1-2_consensus_vsearch	642	T	*/+A	718	9	0.96%	2	1	93	93	0.0019050831133504312	1	1	161	557	0	9	+A
A2_BC02.191219_FM1-2_consensus_vsearch	642	T	*/+G	718	13	1.39%	2	1	93	93	1.1567504131647584E-4	1	1	161	557	0	13	+G
A2_BC02.191219_FM1-2_consensus_vsearch	642	T	*/-GT	718	140	14.99%	2	2	93	93	1.485490798014908E-45	1	1	161	557	25	115	-GT
A2_BC02.191219_FM1-2_consensus_vsearch	644	T	*/+A	714	18	2.26%	2	1	93	93	3.431804402750794E-6	1	1	159	555	0	18	+A
A2_BC02.191219_FM1-2_consensus_vsearch	644	T	*/+GT	714	12	1.5%	2	2	93	93	2.3320700356822826E-4	1	1	159	555	1	11	+A
A2_BC02.191219_FM1-2_consensus_vsearch	645	A	*/+C	910	8	0.85%	2	2	93	93	0.003846888711606907	1	1	181	729	1	7	+C
A2_BC02.191219_FM1-2_consensus_vsearch	645	A	*/+T	910	10	1.06%	2	1	93	93	9.528478117131701E-4	1	1	181	729	0	10	+T
A2_BC02.191219_FM1-2_consensus_vsearch	646	C	*/-T	875	15	1.58%	2	2	93	93	2.8755497014122334E-5	1	1	189	686	1	14	-T
A2_BC02.191219_FM1-2_consensus_vsearch	647	T	*/+C	738	56	5.99%	2	1	93	93	5.079312646127536E-18	1	1	187	551	0	56	+C
A2_BC02.191219_FM1-2_consensus_vsearch	647	T	*/+G	738	29	3.1%	2	2	93	93	1.4223403915518913E-9	1	1	187	551	1	28	+C
A2_BC02.191219_FM1-2_consensus_vsearch	649	T	*/-C	883	48	5.08%	2	2	93	93	1.90785944066841E-15	1	1	145	738	38	10	-C
A2_BC02.191219_FM1-2_consensus_vsearch	653	G	*/-C	934	10	1.05%	2	2	93	93	9.534465518341492E-4	1	1	184	750	4	6	-C
A2_BC02.191219_FM1-2_consensus_vsearch	655	C	*/-G	885	41	4.31%	2	2	93	93	2.8917752592080386E-13	1	1	188	697	1	40	-G
A2_BC02.191219_FM1-2_consensus_vsearch	658	G	*/+C	912	8	0.84%	2	1	93	93	0.0038470172993273957	1	1	170	742	8	0	+C
A2_BC02.191219_FM1-2_consensus_vsearch	658	G	*/-C	912	20	2.1%	2	2	93	93	8.603259853408241E-7	1	1	170	742	6	14	-C
A2_BC02.191219_FM1-2_consensus_vsearch	659	C	*/+G	899	17	1.83%	2	1	93	93	7.078747397604648E-6	1	1	159	740	17	0	+G
A2_BC02.191219_FM1-2_consensus_vsearch	660	C	*/+T	799	18	1.9%	2	2	93	93	3.4701941266938707E-6	1	1	149	650	4	14	+T
A2_BC02.191219_FM1-2_consensus_vsearch	660	C	*/+TT	799	14	1.48%	2	2	93	93	5.768604377755181E-5	1	1	149	650	3	11	+T
A2_BC02.191219_FM1-2_consensus_vsearch	660	C	*/-T	799	87	9.17%	2	2	93	93	7.015229218161202E-28	1	1	149	650	14	73	-T
A2_BC02.191219_FM1-2_consensus_vsearch	662	T	*/-A	826	9	0.97%	2	2	93	93	0.0019112613055320075	1	1	121	705	6	3	-A
A2_BC02.191219_FM1-2_consensus_vsearch	662	T	*/-AC	826	14	1.5%	2	1	93	93	5.7791631304494245E-5	1	1	121	705	14	0	-AC
A2_BC02.191219_FM1-2_consensus_vsearch	662	T	*/-ACC	826	7	0.75%	2	1	93	93	0.007714260045520597	1	1	121	705	7	0	-AC
A2_BC02.191219_FM1-2_consensus_vsearch	662	T	*/-ACCT	826	8	0.86%	2	1	93	93	0.0038409333159887074	1	1	121	705	8	0	-ACCT
A2_BC02.191219_FM1-2_consensus_vsearch	663	A	*/-C	787	78	8.67%	2	2	93	93	5.372181615780128E-25	1	1	108	679	17	61	-C
A2_BC02.191219_FM1-2_consensus_vsearch	664	C	*/+T	773	41	4.92%	2	2	93	93	2.7127974904121254E-13	1	1	127	646	1	40	+T
A2_BC02.191219_FM1-2_consensus_vsearch	665	C	*/+T	887	7	0.75%	2	2	93	93	0.0077209481259643865	1	1	151	736	2	5	+T
A2_BC02.191219_FM1-2_consensus_vsearch	665	C	*/-T	887	7	0.75%	2	2	93	93	0.0077209481259643865	1	1	151	736	3	4	+T
A2_BC02.191219_FM1-2_consensus_vsearch	666	T	*/+G	858	14	1.5%	2	1	93	93	5.79084632510469E-5	1	1	144	714	14	0	+G
A2_BC02.191219_FM1-2_consensus_vsearch	666	T	*/-C	858	23	2.47%	2	2	93	93	1.0307249226135601E-7	1	1	144	714	7	16	-C
A2_BC02.191219_FM1-2_consensus_vsearch	666	T	*/-CT	858	21	2.25%	2	2	93	93	4.225504902503868E-7	1	1	144	714	4	17	-C
A2_BC02.191219_FM1-2_consensus_vsearch	667	C	*/+T	707	16	1.78%	2	2	93	93	1.4030973609571986E-5	1	1	157	550	1	15	+T
A2_BC02.191219_FM1-2_consensus_vsearch	667	C	*/-T	707	165	18.37%	2	2	93	93	4.00986057407653E-54	1	1	157	550	12	153	-T
A2_BC02.191219_FM1-2_consensus_vsearch	668	T	*/+CT	723	8	1.06%	2	1	93	93	0.0038317711987253117	1	1	156	567	0	8	+CT
A2_BC02.191219_FM1-2_consensus_vsearch	669	T	*/+G	813	25	2.66%	2	1	93	93	2.4851711816906927E-8	1	1	174	639	0	25	+G
A2_BC02.191219_FM1-2_consensus_vsearch	669	T	*/-G	813	67	7.14%	2	1	93	93	1.8358546025928054E-21	1	1	174	639	0	67	-G
A2_BC02.191219_FM1-2_consensus_vsearch	675	T	*/-C	891	44	4.65%	2	2	93	93	3.386293503181211E-14	1	1	143	748	43	1	-C
A2_BC02.191219_FM1-2_consensus_vsearch	677	C	*/+G	860	56	5.91%	2	1	93	93	5.831507302662873E-18	1	1	184	676	0	56	+G
A2_BC02.191219_FM1-2_consensus_vsearch	677	C	*/-G	860	10	1.06%	2	1	93	93	9.514951401982252E-4	1	1	184	676	0	10	+G
A2_BC02.191219_FM1-2_consensus_vsearch	680	C	*/-AT	893	8	0.85%	2	1	93	93	0.0038457727512920307	1	1	186	707	0	8	-AT
A2_BC02.191219_FM1-2_consensus_vsearch	684	T	*/-C	891	17	1.81%	2	2	93	93	7.074033929697047E-6	1	1	182	709	3	14	-C
A2_BC02.191219_FM1-2_consensus_vsearch	685	C	*/+G	902	18	1.93%	2	1	93	93	3.5075206061393753E-6	1	1	166	736	18	0	+G
A2_BC02.191219_FM1-2_consensus_vsearch	686	C	*/+T	820	26	2.74%	2	1	93	93	1.2260859695187716E-8	1	1	184	636	0	26	+T
A2_BC02.191219_FM1-2_consensus_vsearch	686	C	*/+TT	820	13	1.37%	2	1	93	93	1.164455873296156E-4	1	1	184	636	0	13	+T
A2_BC02.191219_FM1-2_consensus_vsearch	686	C	*/-T	820	79	8.32%	2	2	93	93	2.7554406386564576E-25	1	1	184	636	1	78	-T
A2_BC02.191219_FM1-2_consensus_vsearch	686	C	*/-TT	820	7	0.74%	2	2	93	93	0.007713549036128454	1	1	184	636	6	1	-T
A2_BC02.191219_FM1-2_consensus_vsearch	692	T	*/-G	897	16	1.69%	2	2	93	93	1.4280212419128423E-5	1	1	182	715	3	13	-G
A2_BC02.191219_FM1-2_consensus_vsearch	692	T	*/-GG	897	8	0.84%	2	1	93	93	0.003846039088363076	1	1	182	715	0	8	-G
A2_BC02.191219_FM1-2_consensus_vsearch	698	T	*/-GT	793	121	12.85%	2	2	93	93	5.336893742992659E-39	1	1	181	612	9	112	-GT
A2_BC02.191219_FM1-2_consensus_vsearch	700	T	*/+C	766	13	1.59%	2	1	93	93	1.1606235186114728E-4	1	1	164	602	13	0	+C
A2_BC02.191219_FM1-2_consensus_vsearch	700	T	*/-C	766	17	2.08%	2	2	93	93	6.988294896653153E-6	1	1	164	602	1	16	-C
A2_BC02.191219_FM1-2_consensus_vsearch	701	C	*/+A	726	15	1.62%	2	1	93	93	2.8410291021411387E-5	1	1	124	602	15	0	+A
A2_BC02.191219_FM1-2_consensus_vsearch	701	C	*/+G	726	11	1.19%	2	2	93	93	4.7027146515613304E-4	1	1	124	602	6	5	+A
A2_BC02.191219_FM1-2_consensus_vsearch	701	C	*/-G	726	149	16.09%	2	2	93	93	1.419720200491453E-48	1	1	124	602	41	108	-G
A2_BC02.191219_FM1-2_consensus_vsearch	701	C	*/-GG	726	8	0.86%	2	2	93	93	0.0038320742501357858	1	1	124	602	2	6	-G
A2_BC02.191219_FM1-2_consensus_vsearch	701	C	*/-GGG	726	10	1.08%	2	2	93	93	9.469717951867666E-4	1	1	124	602	1	9	-GGG
A2_BC02.191219_FM1-2_consensus_vsearch	705	G	*/+A	914	7	0.74%	2	1	93	93	0.007723626193207946	1	1	182	732	0	7	+A
A2_BC02.191219_FM1-2_consensus_vsearch	705	G	*/-A	914	12	1.26%	2	2	93	93	2.3554084556090397E-4	1	1	182	732	7	5	-A
A2_BC02.191219_FM1-2_consensus_vsearch	707	A	*/-C	910	20	2.11%	2	2	93	93	8.60133393566169E-7	1	1	162	748	18	2	-C
A2_BC02.191219_FM1-2_consensus_vsearch	709	C	*/-A	920	9	0.95%	2	2	93	93	0.0019154754467444904	1	1	170	750	7	2	-A
A2_BC02.191219_FM1-2_consensus_vsearch	709	C	*/-AG	920	14	1.48%	2	2	93	93	5.811244094192398E-5	1	1	170	750	13	1	-AG
A2_BC02.191219_FM1-2_consensus_vsearch	710	A	*/+G	835	12	1.3%	2	2	93	93	2.3474897449288126E-4	1	1	136	699	5	7	+G
A2_BC02.191219_FM1-2_consensus_vsearch	710	A	*/-G	835	66	7.13%	2	2	93	93	3.939432877377777E-21	1	1	136	699	26	40	-G
A2_BC02.191219_FM1-2_consensus_vsearch	712	G	*/+A	899	18	1.89%	2	2	93	93	3.50654808345716E-6	1	1	178	721	9	9	+A
A2_BC02.191219_FM1-2_consensus_vsearch	712	G	*/-A	899	28	2.95%	2	2	93	93	3.0288523656895246E-9	1	1	178	721	4	24	-A
A2_BC02.191219_FM1-2_consensus_vsearch	716	C	*/+T	837	30	3.17%	2	2	93	93	7.215388169233454E-10	1	1	147	690	1	29	+T
A2_BC02.191219_FM1-2_consensus_vsearch	716	C	*/-T	837	42	4.44%	2	2	93	93	1.3768161545600797E-13	1	1	147	690	19	23	-T
A2_BC02.191219_FM1-2_consensus_vsearch	716	C	*/-TT	837	17	1.8%	2	1	93	93	7.039979170708301E-6	1	1	147	690	17	0	-T
A2_BC02.191219_FM1-2_consensus_vsearch	719	A	*/-C	907	20	2.12%	2	2	93	93	8.598430125992703E-7	1	1	168	739	12	8	-C
A2_BC02.191219_FM1-2_consensus_vsearch	720	C	*/+T	882	22	2.38%	2	1	93	93	2.0949956194041268E-7	1	1	166	716	0	22	+T
A2_BC02.191219_FM1-2_consensus_vsearch	721	C	*/+T	807	48	5.06%	2	1	93	93	1.8024074013799257E-15	1	1	171	636	0	48	+T
A2_BC02.191219_FM1-2_consensus_vsearch	721	C	*/-T	807	63	6.65%	2	2	93	93	3.383557304323382E-20	1	1	171	636	4	59	-T
A2_BC02.191219_FM1-2_consensus_vsearch	721	C	*/-TT	807	7	0.74%	2	2	93	93	0.007711972647011028	1	1	171	636	5	2	-T
A2_BC02.191219_FM1-2_consensus_vsearch	723	T	*/+G	899	15	1.6%	2	1	93	93	2.880079951288113E-5	1	1	168	731	0	15	+G
A2_BC02.191219_FM1-2_consensus_vsearch	725	A	*/-GA	911	24	2.53%	2	2	93	93	5.132908276366516E-8	1	1	158	753	22	2	-GA
A2_BC02.191219_FM1-2_consensus_vsearch	726	G	*/+A	817	73	7.92%	2	2	93	93	2.2708587976663433E-23	1	1	159	658	2	71	+A
A2_BC02.191219_FM1-2_consensus_vsearch	726	G	*/-A	817	24	2.6%	2	2	93	93	5.0466639623221596E-8	1	1	159	658	1	23	+A
A2_BC02.191219_FM1-2_consensus_vsearch	730	A	*/-T	932	12	1.26%	2	2	93	93	2.3570294663097615E-4	1	1	186	746	1	11	-T
A2_BC02.191219_FM1-2_consensus_vsearch	732	T	*/-A	932	8	0.84%	2	2	93	93	0.003848273186669314	1	1	182	750	1	7	-A
A2_BC02.191219_FM1-2_consensus_vsearch	733	A	*/+G	905	24	2.55%	2	1	93	93	5.1278916727953414E-8	1	1	183	722	0	24	+G
A2_BC02.191219_FM1-2_consensus_vsearch	736	G	*/-T	878	55	5.84%	2	1	93	93	1.2225824498791072E-17	1	1	189	689	0	55	-T
A2_BC02.191219_FM1-2_consensus_vsearch	740	T	*/-C	910	8	0.84%	2	2	93	93	0.003846888711606907	1	1	184	726	2	6	-C
A2_BC02.191219_FM1-2_consensus_vsearch	741	C	*/+A	871	13	1.38%	2	2	93	93	1.1676519682569341E-4	1	1	166	705	10	3	+A
A2_BC02.191219_FM1-2_consensus_vsearch	741	C	*/-A	871	19	2.02%	2	2	93	93	1.73089046613197E-6	1	1	166	705	11	8	-A
A2_BC02.191219_FM1-2_consensus_vsearch	741	C	*/-AA	871	16	1.7%	2	1	93	93	1.425225036416552E-5	1	1	166	705	0	16	-A
A2_BC02.191219_FM1-2_consensus_vsearch	747	A	*/-G	909	20	2.11%	2	2	93	93	8.600367996297929E-7	1	1	183	726	1	19	-G
A2_BC02.191219_FM1-2_consensus_vsearch	749	G	*/-C	928	7	0.74%	2	2	93	93	0.00772495406052163	1	1	180	748	6	1	-C
A2_BC02.191219_FM1-2_consensus_vsearch	751	C	*/+T	921	14	1.47%	2	1	93	93	5.8115513086038685E-5	1	1	188	733	0	14	+T
A2_BC02.191219_FM1-2_consensus_vsearch	751	C	*/-T	921	7	0.74%	2	2	93	93	0.00772429512406293	1	1	188	733	1	6	+T
A2_BC02.191219_FM1-2_consensus_vsearch	755	G	*/-CC	912	10	1.06%	2	1	93	93	9.528988887828645E-4	1	1	169	743	10	0	-CC
A2_BC02.191219_FM1-2_consensus_vsearch	758	C	*/+G	861	28	2.94%	2	2	93	93	3.0017564942828377E-9	1	1	166	695	2	26	+G
A2_BC02.191219_FM1-2_consensus_vsearch	764	T	*/-AT	919	21	2.21%	2	2	93	93	4.2591473883732697E-7	1	1	183	736	4	17	-AT
A2_BC02.191219_FM1-2_consensus_vsearch	765	A	*/-T	913	8	0.86%	2	2	93	93	0.0038470813845085643	1	1	182	731	2	6	-T
A2_BC02.191219_FM1-2_consensus_vsearch	766	T	*/+AT	883	17	1.85%	2	2	93	93	7.069239111516772E-6	1	1	179	704	1	16	+AT
A2_BC02.191219_FM1-2_consensus_vsearch	768	A	*/+G	882	38	4.02%	2	1	93	93	2.46301517567776E-12	1	1	187	695	0	38	+G
A2_BC02.191219_FM1-2_consensus_vsearch	772	T	*/+G	902	11	1.16%	2	2	93	93	4.737106635802512E-4	1	1	188	714	1	10	+G
A2_BC02.191219_FM1-2_consensus_vsearch	772	T	*/-G	902	24	2.53%	2	2	93	93	5.1253605400331375E-8	1	1	188	714	1	23	-G
A2_BC02.191219_FM1-2_consensus_vsearch	776	A	*/-TAA	936	11	1.16%	2	1	93	93	4.742290663428395E-4	1	1	189	747	0	11	-TAA
A2_BC02.191219_FM1-2_consensus_vsearch	777	T	*/+A	881	37	3.94%	2	1	93	93	5.025109678622968E-12	1	1	188	693	0	37	+A
A2_BC02.191219_FM1-2_consensus_vsearch	779	A	*/-CAA	893	21	2.24%	2	1	93	93	4.2453310645633847E-7	1	1	189	704	0	21	-CAA
A2_BC02.191219_FM1-2_consensus_vsearch	780	C	*/+A	857	7	0.76%	2	2	93	93	0.007717776645885408	1	1	188	669	1	6	+A
A2_BC02.191219_FM1-2_consensus_vsearch	780	C	*/-A	857	25	2.7%	2	1	93	93	2.508116799767255E-8	1	1	188	669	0	25	-A
A2_BC02.191219_FM1-2_consensus_vsearch	785	A	*/+G	933	7	0.74%	2	2	93	93	0.007725418733796673	1	1	189	744	1	6	+G
A2_BC02.191219_FM1-2_consensus_vsearch	789	G	*/+C	878	9	0.95%	2	2	93	93	0.0019137023194271106	1	1	186	692	1	8	+C
A2_BC02.191219_FM1-2_consensus_vsearch	789	G	*/-TG	878	41	4.32%	2	2	93	93	2.881595372687365E-13	1	1	186	692	1	40	-TG
A2_BC02.191219_FM1-2_consensus_vsearch	791	G	*/-C	855	15	1.65%	2	2	93	93	2.8715878061193052E-5	1	1	182	673	2	13	-C
A2_BC02.191219_FM1-2_consensus_vsearch	791	G	*/-CG	855	15	1.65%	2	1	93	93	2.8715878061193052E-5	1	1	182	673	0	15	-C
A2_BC02.191219_FM1-2_consensus_vsearch	792	C	*/+G	869	9	0.98%	2	2	93	93	0.0019133004140447	1	1	183	686	2	7	+G
A2_BC02.191219_FM1-2_consensus_vsearch	792	C	*/+T	869	12	1.31%	2	2	93	93	2.3510697194582722E-4	1	1	183	686	2	10	+T
A2_BC02.191219_FM1-2_consensus_vsearch	794	A	*/-T	939	7	0.74%	2	1	93	93	0.00772596987170587	1	1	189	750	0	7	-T
A2_BC02.191219_FM1-2_consensus_vsearch	795	T	*/+C	920	12	1.27%	2	1	93	93	2.3559556682450165E-4	1	1	190	730	0	12	+C
A2_BC02.191219_FM1-2_consensus_vsearch	796	T	*/+C	928	7	0.74%	2	2	93	93	0.00772495406052163	1	1	189	739	1	6	+C
A2_BC02.191219_FM1-2_consensus_vsearch	796	T	*/-C	928	12	1.26%	2	2	93	93	2.356674544537322E-4	1	1	189	739	1	11	-C
A2_BC02.191219_FM1-2_consensus_vsearch	797	C	*/-T	905	25	2.67%	2	1	93	93	2.530844868100686E-8	1	1	189	716	0	25	-T
A2_BC02.191219_FM1-2_consensus_vsearch	799	A	*/+T	779	39	4.11%	2	2	93	93	1.1438347685419767E-12	1	1	178	601	5	34	+T
A2_BC02.191219_FM1-2_consensus_vsearch	799	A	*/-T	779	112	11.79%	2	2	93	93	4.6495481603868585E-36	1	1	178	601	7	105	-T
A2_BC02.191219_FM1-2_consensus_vsearch	806	T	*/-G	934	13	1.37%	2	2	93	93	1.171131573516103E-4	1	1	187	747	2	11	-G
A2_BC02.191219_FM1-2_consensus_vsearch	808	G	*/+T	911	16	1.68%	2	2	93	93	1.4294635118900943E-5	1	1	176	735	11	5	+T
A2_BC02.191219_FM1-2_consensus_vsearch	811	T	*/+C	915	21	2.21%	2	1	93	93	4.257069450847509E-7	1	1	190	725	0	21	+C
A2_BC02.191219_FM1-2_consensus_vsearch	811	T	*/-C	915	8	0.84%	2	2	93	93	0.0038472091397591672	1	1	190	725	1	7	+C
A2_BC02.191219_FM1-2_consensus_vsearch	812	C	*/+T	815	24	2.55%	2	1	93	93	5.044633722183207E-8	1	1	185	630	0	24	+T
A2_BC02.191219_FM1-2_consensus_vsearch	812	C	*/+TT	815	8	0.85%	2	1	93	93	0.003840063780443661	1	1	185	630	0	8	+T
A2_BC02.191219_FM1-2_consensus_vsearch	812	C	*/-T	815	77	8.17%	2	2	93	93	1.1918650694432308E-24	1	1	185	630	4	73	-T
A2_BC02.191219_FM1-2_consensus_vsearch	813	T	*/-A	854	8	0.92%	2	2	93	93	0.0038430469206384163	1	1	181	673	3	5	-A
A2_BC02.191219_FM1-2_consensus_vsearch	814	A	*/+G	881	16	1.7%	2	1	93	93	1.4263191984936736E-5	1	1	158	723	0	16	+G
A2_BC02.191219_FM1-2_consensus_vsearch	814	A	*/-G	881	23	2.45%	2	1	93	93	1.034594701180898E-7	1	1	158	723	23	0	-G
A2_BC02.191219_FM1-2_consensus_vsearch	817	G	*/+C	922	7	0.74%	2	1	93	93	0.007724389864457613	1	1	185	737	0	7	+C
A2_BC02.191219_FM1-2_consensus_vsearch	818	T	*/-C	926	7	0.74%	2	2	93	93	0.0077247667996884145	1	1	188	738	1	6	-C
A2_BC02.191219_FM1-2_consensus_vsearch	819	C	*/-G	919	9	0.96%	2	2	93	93	0.001915435084990651	1	1	184	735	2	7	-G
A2_BC02.191219_FM1-2_consensus_vsearch	822	C	*/-GT	877	20	2.11%	2	1	93	93	8.568369688749887E-7	1	1	184	693	0	20	-GT
A2_BC02.191219_FM1-2_consensus_vsearch	824	T	*/-A	868	41	4.42%	2	2	93	93	2.866838466595374E-13	1	1	188	680	2	39	-A
A2_BC02.191219_FM1-2_consensus_vsearch	831	T	*/-AAT	914	27	2.84%	2	1	93	93	6.166418542112922E-9	1	1	191	723	0	27	-AAT
A2_BC02.191219_FM1-2_consensus_vsearch	835	A	*/+G	603	11	1.16%	2	1	93	93	4.667139217478047E-4	1	1	176	427	0	11	+G
A2_BC02.191219_FM1-2_consensus_vsearch	835	A	*/-G	603	223	23.57%	2	2	93	93	2.0867646634666156E-75	1	1	176	427	6	217	-G
A2_BC02.191219_FM1-2_consensus_vsearch	835	A	*/-GG	603	102	10.78%	2	1	93	93	3.833470160845309E-33	1	1	176	427	0	102	-G
A2_BC02.191219_FM1-2_consensus_vsearch	841	A	*/-G	925	11	1.16%	2	2	93	93	4.740654311699783E-4	1	1	186	739	1	10	-G
A2_BC02.191219_FM1-2_consensus_vsearch	842	G	*/+C	919	12	1.28%	2	1	93	93	2.3558649502057803E-4	1	1	188	731	0	12	+C
A2_BC02.191219_FM1-2_consensus_vsearch	844	T	*/+A	283	18	1.9%	2	2	93	93	2.9360355526670856E-6	1	1	55	228	15	3	+A
A2_BC02.191219_FM1-2_consensus_vsearch	844	T	*/+G	283	557	58.76%	2	2	93	93	5.55417512256693E-231	1	1	55	228	117	440	+G
A2_BC02.191219_FM1-2_consensus_vsearch	844	T	*/+GG	283	14	1.48%	2	2	93	93	5.217871327042909E-5	1	1	55	228	3	11	+G
A2_BC02.191219_FM1-2_consensus_vsearch	844	T	*/-G	283	17	1.79%	2	1	93	93	6.0430046820279125E-6	1	1	55	228	0	17	-G
A2_BC02.191219_FM1-2_consensus_vsearch	844	T	*/-GG	283	37	3.9%	2	1	93	93	2.411719547992282E-12	1	1	55	228	0	37	-GG
A2_BC02.191219_FM1-2_consensus_vsearch	845	G	*/+T	845	7	0.78%	2	1	93	93	0.007716445666030941	1	1	174	671	0	7	+T
A2_BC02.191219_FM1-2_consensus_vsearch	850	A	*/+T	916	7	0.74%	2	2	93	93	0.007723818349377671	1	1	185	731	1	6	+T
A2_BC02.191219_FM1-2_consensus_vsearch	853	A	*/+G	897	7	0.74%	2	2	93	93	0.007721958613557127	1	1	185	712	1	6	+G
A2_BC02.191219_FM1-2_consensus_vsearch	853	A	*/-G	897	26	2.76%	2	1	93	93	1.2464828221374646E-8	1	1	185	712	0	26	-G
A2_BC02.191219_FM1-2_consensus_vsearch	856	A	*/-T	930	7	0.74%	2	1	93	93	0.007725140523640451	1	1	188	742	0	7	-T
A2_BC02.191219_FM1-2_consensus_vsearch	858	T	*/+C	911	22	2.32%	2	2	93	93	2.103531631730697E-7	1	1	166	745	20	2	+C
A2_BC02.191219_FM1-2_consensus_vsearch	859	C	*/-A	928	8	0.84%	2	1	93	93	0.0038480262877654513	1	1	189	739	0	8	-A
A2_BC02.191219_FM1-2_consensus_vsearch	862	T	*/-C	930	8	0.84%	2	1	93	93	0.003848149999505569	1	1	189	741	0	8	-C
A2_BC02.191219_FM1-2_consensus_vsearch	865	C	*/-T	899	14	1.49%	2	2	93	93	5.8046399018273934E-5	1	1	189	710	1	13	-T
A2_BC02.191219_FM1-2_consensus_vsearch	866	T	*/-A	899	13	1.39%	2	1	93	93	1.169256933863229E-4	1	1	188	711	0	13	-A
A2_BC02.191219_FM1-2_consensus_vsearch	867	A	*/+G	873	47	5.02%	2	2	93	93	3.888639409376924E-15	1	1	186	687	2	45	+G
A2_BC02.191219_FM1-2_consensus_vsearch	869	A	*/-G	903	23	2.45%	2	1	93	93	1.0381267361850435E-7	1	1	157	746	23	0	-G
A2_BC02.191219_FM1-2_consensus_vsearch	870	G	*/+T	887	14	1.53%	2	2	93	93	5.8007303519864226E-5	1	1	151	736	1	13	+T
A2_BC02.191219_FM1-2_consensus_vsearch	871	G	*/-TG	918	10	1.06%	2	1	93	93	9.530508083929172E-4	1	1	179	739	0	10	-TG
A2_BC02.191219_FM1-2_consensus_vsearch	872	T	*/+A	910	7	0.75%	2	2	93	93	0.007723239371763503	1	1	179	731	5	2	+A
A2_BC02.191219_FM1-2_consensus_vsearch	873	G	*/+A	913	8	0.86%	2	2	93	93	0.0038470813845085643	1	1	180	733	1	7	+A
A2_BC02.191219_FM1-2_consensus_vsearch	876	A	*/+T	913	12	1.26%	2	1	93	93	2.3553165714705623E-4	1	1	187	726	0	12	+T
A2_BC02.191219_FM1-2_consensus_vsearch	876	A	*/-T	913	15	1.58%	2	1	93	93	2.882616640936494E-5	1	1	187	726	0	15	-T
A2_BC02.191219_FM1-2_consensus_vsearch	878	T	*/+C	826	14	1.48%	2	1	93	93	5.7791631304494245E-5	1	1	190	636	0	14	+C
A2_BC02.191219_FM1-2_consensus_vsearch	878	T	*/-C	826	71	7.48%	2	1	93	93	1.0011872378860065E-22	1	1	190	636	0	71	-C
A2_BC02.191219_FM1-2_consensus_vsearch	878	T	*/-CT	826	23	2.42%	2	1	93	93	1.0250140025114042E-7	1	1	190	636	0	23	-C
A2_BC02.191219_FM1-2_consensus_vsearch	878	T	*/-CTT	826	8	0.84%	2	1	93	93	0.0038409333159887074	1	1	190	636	0	8	-C
A2_BC02.191219_FM1-2_consensus_vsearch	879	C	*/+T	720	14	1.65%	2	1	93	93	5.733347650372766E-5	1	1	188	532	0	14	+T
A2_BC02.191219_FM1-2_consensus_vsearch	879	C	*/-T	720	98	11.58%	2	1	93	93	1.4337172650243498E-31	1	1	188	532	0	98	-T
A2_BC02.191219_FM1-2_consensus_vsearch	881	T	*/-G	832	79	8.46%	2	2	93	93	2.824319973705268E-25	1	1	186	646	2	77	-G
A2_BC02.191219_FM1-2_consensus_vsearch	886	T	*/+G	929	7	0.74%	2	1	93	93	0.007725047391454701	1	1	189	740	0	7	+G
A2_BC02.191219_FM1-2_consensus_vsearch	889	C	*/-T	921	10	1.06%	2	2	93	93	9.531260390767928E-4	1	1	186	735	3	7	-T
A2_BC02.191219_FM1-2_consensus_vsearch	890	T	*/+G	869	52	5.54%	2	1	93	93	1.058688375650983E-16	1	1	185	684	0	52	+G
A2_BC02.191219_FM1-2_consensus_vsearch	891	G	*/-A	927	11	1.17%	2	2	93	93	4.74095465862783E-4	1	1	183	744	6	5	-A
A2_BC02.191219_FM1-2_consensus_vsearch	895	A	*/+T	914	14	1.49%	2	1	93	93	5.809387147268204E-5	1	1	172	742	0	14	+T
A2_BC02.191219_FM1-2_consensus_vsearch	896	C	*/-T	911	18	1.91%	2	2	93	93	3.510401709416741E-6	1	1	176	735	3	15	-T
A2_BC02.191219_FM1-2_consensus_vsearch	897	T	*/+A	805	58	6.22%	2	1	93	93	1.2879977655825223E-18	1	1	182	623	0	58	+A
A2_BC02.191219_FM1-2_consensus_vsearch	897	T	*/+C	805	12	1.29%	2	1	93	93	2.3440868030747558E-4	1	1	182	623	0	12	+A
A2_BC02.191219_FM1-2_consensus_vsearch	899	A	*/+C	916	12	1.26%	2	1	93	93	2.3555916368162992E-4	1	1	184	732	0	12	+C
A2_BC02.191219_FM1-2_consensus_vsearch	899	A	*/+T	916	8	0.84%	2	1	93	93	0.003847272810710509	1	1	184	732	0	8	+C
A2_BC02.191219_FM1-2_consensus_vsearch	901	T	*/+G	555	18	1.9%	2	1	93	93	3.3310171352386134E-6	1	1	182	373	0	18	+G
A2_BC02.191219_FM1-2_consensus_vsearch	902	A	*/+T	827	96	10.18%	2	1	93	93	9.316108845831643E-31	1	1	179	648	0	96	+T
A2_BC02.191219_FM1-2_consensus_vsearch	902	A	*/-C	827	7	0.74%	2	2	93	93	0.007714377554899969	1	1	179	648	1	6	+T
A2_BC02.191219_FM1-2_consensus_vsearch	903	C	*/+A	727	42	4.48%	2	1	93	93	1.2789104051573304E-13	1	1	178	549	0	42	+A
A2_BC02.191219_FM1-2_consensus_vsearch	903	C	*/-T	727	75	8%	2	2	93	93	4.310127156441748E-24	1	1	178	549	3	72	-T
A2_BC02.191219_FM1-2_consensus_vsearch	905	G	*/-CG	873	39	4.15%	2	2	93	93	1.2011016117249335E-12	1	1	173	700	3	36	-CG
A2_BC02.191219_FM1-2_consensus_vsearch	906	C	*/+G	783	10	1.11%	2	1	93	93	9.490811816723765E-4	1	1	109	674	0	10	+G
A2_BC02.191219_FM1-2_consensus_vsearch	906	C	*/-G	783	22	2.44%	2	2	93	93	2.0614982978153802E-7	1	1	109	674	17	5	-G
A2_BC02.191219_FM1-2_consensus_vsearch	906	C	*/-GA	783	46	5.11%	2	1	93	93	7.478711320925719E-15	1	1	109	674	46	0	-GA
A2_BC02.191219_FM1-2_consensus_vsearch	907	G	*/+A	756	18	2.16%	2	2	93	93	3.4517861129914327E-6	1	1	78	678	10	8	+A
A2_BC02.191219_FM1-2_consensus_vsearch	907	G	*/+AA	756	11	1.32%	2	2	93	93	4.7096802653593593E-4	1	1	78	678	3	8	+A
A2_BC02.191219_FM1-2_consensus_vsearch	907	G	*/-A	756	17	2.04%	2	2	93	93	6.980278584087556E-6	1	1	78	678	15	2	-A
A2_BC02.191219_FM1-2_consensus_vsearch	907	G	*/-AA	756	9	1.08%	2	1	93	93	0.0019074545804497753	1	1	78	678	0	9	-A
A2_BC02.191219_FM1-2_consensus_vsearch	910	A	*/-G	880	53	5.61%	2	2	93	93	5.192333838465376E-17	1	1	134	746	51	2	-G
A2_BC02.191219_FM1-2_consensus_vsearch	911	G	*/-C	871	8	0.89%	2	2	93	93	0.0038442647304165137	1	1	126	745	2	6	-C
A2_BC02.191219_FM1-2_consensus_vsearch	913	A	*/+T	874	23	2.43%	2	1	93	93	1.0334366992835096E-7	1	1	161	713	0	23	+T
A2_BC02.191219_FM1-2_consensus_vsearch	913	A	*/-T	874	34	3.59%	2	2	93	93	4.249013656376303E-11	1	1	161	713	22	12	-T
A2_BC02.191219_FM1-2_consensus_vsearch	916	T	*/-G	912	8	0.84%	2	1	93	93	0.0038470172993273957	1	1	188	724	0	8	-G
A2_BC02.191219_FM1-2_consensus_vsearch	919	C	*/-A	892	35	3.68%	2	2	93	93	2.0985617278596773E-11	1	1	169	723	17	18	-A
A2_BC02.191219_FM1-2_consensus_vsearch	921	A	*/-G	928	11	1.16%	2	2	93	93	4.741104356739531E-4	1	1	186	742	3	8	-G
A2_BC02.191219_FM1-2_consensus_vsearch	926	G	*/+T	888	13	1.37%	2	2	93	93	1.1686381305958546E-4	1	1	144	744	10	3	+T
A2_BC02.191219_FM1-2_consensus_vsearch	926	G	*/-T	888	31	3.27%	2	2	93	93	3.600291213254837E-10	1	1	144	744	21	10	-T
A2_BC02.191219_FM1-2_consensus_vsearch	931	C	*/+T	913	14	1.48%	2	1	93	93	5.809075360041832E-5	1	1	188	725	0	14	+T
A2_BC02.191219_FM1-2_consensus_vsearch	938	C	*/-A	917	26	2.75%	2	2	93	93	1.2512766746648989E-8	1	1	166	751	22	4	-A
A2_BC02.191219_FM1-2_consensus_vsearch	941	G	*/+A	937	7	0.74%	2	1	93	93	0.007725786935857814	1	1	191	746	0	7	+A
A2_BC02.191219_FM1-2_consensus_vsearch	945	G	*/+A	915	11	1.16%	2	2	93	93	4.7391332970232394E-4	1	1	161	754	10	1	+A
A2_BC02.191219_FM1-2_consensus_vsearch	945	G	*/-A	915	15	1.59%	2	2	93	93	2.8829729201993647E-5	1	1	161	754	14	1	-A
A2_BC02.191219_FM1-2_consensus_vsearch	947	A	*/-G	927	11	1.16%	2	2	93	93	4.74095465862783E-4	1	1	182	745	6	5	-G
A2_BC02.191219_FM1-2_consensus_vsearch	951	T	*/-A	920	19	2%	2	2	93	93	1.7397691179908176E-6	1	1	171	749	13	6	-A
A2_BC02.191219_FM1-2_consensus_vsearch	952	A	*/+G	400	51	5.5%	2	2	93	93	9.926464290941364E-17	1	1	144	256	1	50	+G
A2_BC02.191219_FM1-2_consensus_vsearch	952	A	*/-G	400	368	39.66%	2	2	93	93	4.919194619945853E-137	1	1	144	256	21	347	-G
A2_BC02.191219_FM1-2_consensus_vsearch	952	A	*/-GG	400	71	7.65%	2	2	93	93	2.438747763781592E-23	1	1	144	256	9	62	-G
A2_BC02.191219_FM1-2_consensus_vsearch	952	A	*/-GGG	400	31	3.34%	2	1	93	93	2.661614223554998E-10	1	1	144	256	0	31	-G
A2_BC02.191219_FM1-2_consensus_vsearch	957	A	*/+T	925	7	0.74%	2	1	93	93	0.0077246728685663475	1	1	188	737	0	7	+T
A2_BC02.191219_FM1-2_consensus_vsearch	957	A	*/-T	925	7	0.74%	2	1	93	93	0.0077246728685663475	1	1	188	737	0	7	+T
A2_BC02.191219_FM1-2_consensus_vsearch	959	C	*/+G	874	52	5.49%	2	1	93	93	1.0630537013093207E-16	1	1	186	688	0	52	+G
A2_BC02.191219_FM1-2_consensus_vsearch	959	C	*/+GG	874	7	0.74%	2	1	93	93	0.007719600276121445	1	1	186	688	0	7	+G
A2_BC02.191219_FM1-2_consensus_vsearch	960	G	*/+A	781	17	1.8%	2	2	93	93	6.999955103301067E-6	1	1	179	602	1	16	+A
A2_BC02.191219_FM1-2_consensus_vsearch	960	G	*/-A	781	134	14.16%	2	2	93	93	2.390312402164062E-43	1	1	179	602	6	128	-A
A2_BC02.191219_FM1-2_consensus_vsearch	967	A	*/-T	926	10	1.06%	2	2	93	93	9.532503594346218E-4	1	1	184	742	1	9	-T
A2_BC02.191219_FM1-2_consensus_vsearch	969	T	*/+G	906	16	1.69%	2	2	93	93	1.4289533199343964E-5	1	1	175	731	13	3	+G
A2_BC02.191219_FM1-2_consensus_vsearch	969	T	*/-A	906	9	0.95%	2	2	93	93	0.0019149023958710519	1	1	175	731	1	8	+G
A2_BC02.191219_FM1-2_consensus_vsearch	970	A	*/-G	907	14	1.49%	2	2	93	93	5.8071906695318645E-5	1	1	172	735	12	2	-G
A2_BC02.191219_FM1-2_consensus_vsearch	973	C	*/+A	929	9	0.95%	2	1	93	93	0.0019158348498577026	1	1	186	743	0	9	+A
A2_BC02.191219_FM1-2_consensus_vsearch	974	A	*/-C	931	7	0.74%	2	2	93	93	0.007725233457633749	1	1	186	745	1	6	-C
A2_BC02.191219_FM1-2_consensus_vsearch	980	G	*/+C	924	10	1.06%	2	2	93	93	9.532007898985776E-4	1	1	183	741	3	7	+C
A2_BC02.191219_FM1-2_consensus_vsearch	981	T	*/-A	908	7	0.74%	2	2	93	93	0.007723044695629286	1	1	182	726	1	6	-A
A2_BC02.191219_FM1-2_consensus_vsearch	983	G	*/+T	917	14	1.48%	2	1	93	93	5.810318560301478E-5	1	1	184	733	0	14	+T
A2_BC02.191219_FM1-2_consensus_vsearch	985	C	*/+T	905	25	2.64%	2	1	93	93	2.530844868100686E-8	1	1	187	718	0	25	+T
A2_BC02.191219_FM1-2_consensus_vsearch	985	C	*/-T	905	14	1.48%	2	2	93	93	5.806557067295282E-5	1	1	187	718	2	12	+T
A2_BC02.191219_FM1-2_consensus_vsearch	993	T	*/+A	898	10	1.06%	2	1	93	93	9.525366583644499E-4	1	1	189	709	0	10	+A
A2_BC02.191219_FM1-2_consensus_vsearch	993	T	*/-A	898	22	2.34%	2	2	93	93	2.0997682052451987E-7	1	1	189	709	1	21	-A
A2_BC02.191219_FM1-2_consensus_vsearch	996	A	*/+T	918	10	1.05%	2	1	93	93	9.530508083929172E-4	1	1	178	740	0	10	+T
A2_BC02.191219_FM1-2_consensus_vsearch	996	A	*/-C	918	11	1.16%	2	2	93	93	4.7395930077834606E-4	1	1	178	740	7	4	-C
A2_BC02.191219_FM1-2_consensus_vsearch	999	A	*/+G	905	9	0.95%	2	1	93	93	0.0019148607954482487	1	1	185	720	0	9	+G
A2_BC02.191219_FM1-2_consensus_vsearch	999	A	*/-T	905	7	0.74%	2	2	93	93	0.007722751083948114	1	1	185	720	1	6	+G
A2_BC02.191219_FM1-2_consensus_vsearch	1003	C	*/+G	898	8	0.84%	2	1	93	93	0.0038461053064829933	1	1	187	711	0	8	+G
A2_BC02.191219_FM1-2_consensus_vsearch	1006	C	*/-T	893	22	2.31%	2	1	93	93	2.0982937574470152E-7	1	1	189	704	0	22	-T
A2_BC02.191219_FM1-2_consensus_vsearch	1006	C	*/-TC	893	29	3.05%	2	1	93	93	1.489377996278542E-9	1	1	189	704	0	29	-TC
A2_BC02.191219_FM1-2_consensus_vsearch	1007	T	*/-C	772	116	12.89%	2	2	93	93	2.1607776185477894E-37	1	1	150	622	36	80	-C
A2_BC02.191219_FM1-2_consensus_vsearch	1009	C	*/+G	851	11	1.16%	2	1	93	93	4.728571475168325E-4	1	1	189	662	0	11	+G
A2_BC02.191219_FM1-2_consensus_vsearch	1009	C	*/-G	851	38	4%	2	1	93	93	2.4290254192089493E-12	1	1	189	662	0	38	-G
A2_BC02.191219_FM1-2_consensus_vsearch	1009	C	*/-GG	851	21	2.21%	2	1	93	93	4.2213581606196317E-7	1	1	189	662	0	21	-G
A2_BC02.191219_FM1-2_consensus_vsearch	1014	C	*/+A	645	7	0.75%	2	1	93	93	0.007687072171301746	1	1	87	558	7	0	+A
A2_BC02.191219_FM1-2_consensus_vsearch	1014	C	*/+G	645	17	1.81%	2	2	93	93	6.875679320192708E-6	1	1	87	558	2	15	+G
A2_BC02.191219_FM1-2_consensus_vsearch	1014	C	*/+GG	645	8	0.85%	2	1	93	93	0.0038229194169911327	1	1	87	558	0	8	+G
A2_BC02.191219_FM1-2_consensus_vsearch	1014	C	*/-G	645	222	23.67%	2	2	93	93	1.2652957413913313E-74	1	1	87	558	85	137	-G
A2_BC02.191219_FM1-2_consensus_vsearch	1014	C	*/-GG	645	24	2.56%	2	2	93	93	4.8315701309687926E-8	1	1	87	558	9	15	-G
A2_BC02.191219_FM1-2_consensus_vsearch	1014	C	*/-GGG	645	7	0.75%	2	1	93	93	0.007687072171301746	1	1	87	558	0	7	-G
A2_BC02.191219_FM1-2_consensus_vsearch	1019	G	*/-A	934	7	0.74%	2	2	93	93	0.0077255110771605765	1	1	189	745	1	6	-A
A2_BC02.191219_FM1-2_consensus_vsearch	1020	A	*/+T	904	10	1.07%	2	1	93	93	9.526932489733308E-4	1	1	187	717	0	10	+T
A2_BC02.191219_FM1-2_consensus_vsearch	1020	A	*/-T	904	12	1.28%	2	2	93	93	2.3544806936308014E-4	1	1	187	717	1	11	-T
A2_BC02.191219_FM1-2_consensus_vsearch	1021	T	*/+C	834	8	0.86%	2	2	93	93	0.0038415514911301304	1	1	187	647	1	7	+C
A2_BC02.191219_FM1-2_consensus_vsearch	1021	T	*/-C	834	83	8.91%	2	1	93	93	1.4804875534731717E-26	1	1	187	647	0	83	-C
A2_BC02.191219_FM1-2_consensus_vsearch	1022	C	*/-T	825	27	3.12%	2	1	93	93	6.04386277274081E-9	1	1	188	637	0	27	-T
A2_BC02.191219_FM1-2_consensus_vsearch	1023	T	*/-C	887	18	1.96%	2	1	93	93	3.502595661166341E-6	1	1	188	699	0	18	-C
A2_BC02.191219_FM1-2_consensus_vsearch	1024	C	*/-A	725	178	19.2%	2	2	93	93	1.611514377462494E-58	1	1	185	540	2	176	-A
A2_BC02.191219_FM1-2_consensus_vsearch	1026	A	*/-T	825	44	4.64%	2	2	93	93	3.252348338915372E-14	1	1	181	644	9	35	-T
A2_BC02.191219_FM1-2_consensus_vsearch	1026	A	*/-TT	825	16	1.69%	2	2	93	93	1.419865778033061E-5	1	1	181	644	1	15	-T
A2_BC02.191219_FM1-2_consensus_vsearch	1027	T	*/+C	734	9	1.01%	2	1	93	93	0.001906110999767846	1	1	180	554	0	9	+C
A2_BC02.191219_FM1-2_consensus_vsearch	1029	T	*/+C	869	8	0.84%	2	2	93	93	0.003844123899995739	1	1	188	681	1	7	+C
A2_BC02.191219_FM1-2_consensus_vsearch	1029	T	*/-C	869	39	4.11%	2	2	93	93	1.198859722392913E-12	1	1	188	681	1	38	-C
A2_BC02.191219_FM1-2_consensus_vsearch	1030	C	*/-A	883	7	0.77%	2	1	93	93	0.007720537587223537	1	1	190	693	0	7	-A
A2_BC02.191219_FM1-2_consensus_vsearch	1034	T	*/-GT	870	31	3.28%	2	2	93	93	3.5815152732514785E-10	1	1	171	699	12	19	-GT
A2_BC02.191219_FM1-2_consensus_vsearch	1034	T	*/-GTC	870	11	1.16%	2	2	93	93	4.7318656077560407E-4	1	1	171	699	4	7	-GT
A2_BC02.191219_FM1-2_consensus_vsearch	1035	G	*/-T	895	7	0.77%	2	2	93	93	0.007721758304500832	1	1	174	721	1	6	-T
A2_BC02.191219_FM1-2_consensus_vsearch	1036	T	*/+C	617	11	1.22%	2	1	93	93	4.6718815813061483E-4	1	1	142	475	0	11	+C
A2_BC02.191219_FM1-2_consensus_vsearch	1036	T	*/+GT	617	8	0.89%	2	2	93	93	0.0038192057824281843	1	1	142	475	5	3	+C
A2_BC02.191219_FM1-2_consensus_vsearch	1036	T	*/-C	617	253	28.11%	2	2	93	93	3.0690653480328015E-86	1	1	142	475	25	228	-C
A2_BC02.191219_FM1-2_consensus_vsearch	1039	C	*/-T	824	115	12.09%	2	2	93	93	5.836124942278233E-37	1	1	188	636	2	113	-T
A2_BC02.191219_FM1-2_consensus_vsearch	1039	C	*/-TC	824	9	0.95%	2	2	93	93	0.0019111613693115698	1	1	188	636	1	8	-T
A2_BC02.191219_FM1-2_consensus_vsearch	1040	T	*/-C	774	27	3.27%	2	2	93	93	5.962531056919966E-9	1	1	182	592	1	26	-C
A2_BC02.191219_FM1-2_consensus_vsearch	1040	T	*/-CG	774	13	1.57%	2	1	93	93	1.1612238916159113E-4	1	1	182	592	0	13	-C
A2_BC02.191219_FM1-2_consensus_vsearch	1041	C	*/-G	827	63	6.99%	2	2	93	93	3.4766201160793747E-20	1	1	180	647	1	62	-G
A2_BC02.191219_FM1-2_consensus_vsearch	1043	G	*/+A	929	8	0.84%	2	1	93	93	0.0038480882094248724	1	1	181	748	0	8	+A
A2_BC02.191219_FM1-2_consensus_vsearch	1044	A	*/+G	934	8	0.85%	2	1	93	93	0.003848395852552145	1	1	176	758	8	0	+G
A2_BC02.191219_FM1-2_consensus_vsearch	1048	G	*/+C	914	19	2%	2	1	93	93	1.738730202633302E-6	1	1	185	729	0	19	+C
A2_BC02.191219_FM1-2_consensus_vsearch	1049	T	*/+A	879	18	1.9%	2	1	93	93	3.4999039349836435E-6	1	1	188	691	0	18	+A
A2_BC02.191219_FM1-2_consensus_vsearch	1051	C	*/+G	868	11	1.16%	2	2	93	93	4.7315254974382014E-4	1	1	181	687	1	10	+G
A2_BC02.191219_FM1-2_consensus_vsearch	1053	A	*/+G	870	14	1.48%	2	1	93	93	5.795013472095772E-5	1	1	129	741	14	0	+G
A2_BC02.191219_FM1-2_consensus_vsearch	1053	A	*/-GA	870	51	5.38%	2	2	93	93	2.1794377940102206E-16	1	1	129	741	41	10	-GA
A2_BC02.191219_FM1-2_consensus_vsearch	1054	G	*/+A	865	7	0.78%	2	2	93	93	0.0077186436616529215	1	1	142	723	1	6	+A
A2_BC02.191219_FM1-2_consensus_vsearch	1054	G	*/-A	865	19	2.13%	2	2	93	93	1.7297382611405235E-6	1	1	142	723	1	18	-A
A2_BC02.191219_FM1-2_consensus_vsearch	1057	A	*/-T	928	10	1.05%	2	2	93	93	9.532997190797103E-4	1	1	186	742	1	9	-T
A2_BC02.191219_FM1-2_consensus_vsearch	1059	C	*/-A	914	18	1.9%	2	2	93	93	3.5113501114401818E-6	1	1	179	735	11	7	-A
A2_BC02.191219_FM1-2_consensus_vsearch	1063	G	*/-T	927	11	1.16%	2	1	93	93	4.74095465862783E-4	1	1	187	740	0	11	-T
A2_BC02.191219_FM1-2_consensus_vsearch	1064	T	*/-C	921	7	0.75%	2	1	93	93	0.00772429512406293	1	1	191	730	0	7	-C
A2_BC02.191219_FM1-2_consensus_vsearch	1065	C	*/+T	851	18	1.92%	2	2	93	93	3.490106131339713E-6	1	1	187	664	2	16	+T
A2_BC02.191219_FM1-2_consensus_vsearch	1065	C	*/-T	851	55	5.86%	2	2	93	93	1.1921591140361469E-17	1	1	187	664	2	53	-T
A2_BC02.191219_FM1-2_consensus_vsearch	1065	C	*/-TT	851	9	0.96%	2	1	93	93	0.001912471508371479	1	1	187	664	0	9	-T
A2_BC02.191219_FM1-2_consensus_vsearch	1068	T	*/-G	887	35	3.68%	2	2	93	93	2.0947719476473308E-11	1	1	189	698	1	34	-G
A2_BC02.191219_FM1-2_consensus_vsearch	1068	T	*/-GG	887	11	1.16%	2	1	93	93	4.734695965964919E-4	1	1	189	698	0	11	-G
A2_BC02.191219_FM1-2_consensus_vsearch	1070	G	*/+A	921	10	1.06%	2	1	93	93	9.531260390767928E-4	1	1	181	740	10	0	+A
A2_BC02.191219_FM1-2_consensus_vsearch	1073	T	*/-C	928	8	0.84%	2	1	93	93	0.0038480262877654513	1	1	190	738	0	8	-C
A2_BC02.191219_FM1-2_consensus_vsearch	1074	C	*/+T	927	8	0.85%	2	1	93	93	0.0038479642340997267	1	1	188	739	0	8	+T
A2_BC02.191219_FM1-2_consensus_vsearch	1075	T	*/+G	516	123	13.03%	2	2	93	93	1.4060591164715425E-40	1	1	122	394	4	119	+G
A2_BC02.191219_FM1-2_consensus_vsearch	1075	T	*/-G	516	243	25.74%	2	2	93	93	5.985432698553412E-84	1	1	122	394	43	200	-G
A2_BC02.191219_FM1-2_consensus_vsearch	1075	T	*/-GG	516	41	4.34%	2	2	93	93	2.1181311118289174E-13	1	1	122	394	14	27	-G
A2_BC02.191219_FM1-2_consensus_vsearch	1080	G	*/+A	909	11	1.16%	2	1	93	93	4.7382049653497163E-4	1	1	170	739	11	0	+A
A2_BC02.191219_FM1-2_consensus_vsearch	1080	G	*/-AG	909	11	1.16%	2	1	93	93	4.7382049653497163E-4	1	1	170	739	0	11	+A
A2_BC02.191219_FM1-2_consensus_vsearch	1082	G	*/-T	905	14	1.5%	2	1	93	93	5.806557067295282E-5	1	1	185	720	0	14	-T
A2_BC02.191219_FM1-2_consensus_vsearch	1085	T	*/-G	905	8	0.85%	2	1	93	93	0.003846564786466037	1	1	189	716	0	8	-G
A2_BC02.191219_FM1-2_consensus_vsearch	1088	T	*/-C	920	12	1.27%	2	2	93	93	2.3559556682450165E-4	1	1	185	735	3	9	-C
A2_BC02.191219_FM1-2_consensus_vsearch	1090	G	*/+TG	906	9	0.96%	2	1	93	93	0.0019149023958710519	1	1	178	728	0	9	+TG
A2_BC02.191219_FM1-2_consensus_vsearch	1091	C	*/+A	899	14	1.49%	2	2	93	93	5.8046399018273934E-5	1	1	169	730	4	10	+A
A2_BC02.191219_FM1-2_consensus_vsearch	1091	C	*/-A	899	8	0.85%	2	2	93	93	0.003846171379131786	1	1	169	730	7	1	+A
A2_BC02.191219_FM1-2_consensus_vsearch	1093	A	*/-G	918	7	0.74%	2	2	93	93	0.007724009676382631	1	1	184	734	3	4	-G
A2_BC02.191219_FM1-2_consensus_vsearch	1097	T	*/+G	905	24	2.54%	2	2	93	93	5.1278916727953414E-8	1	1	183	722	4	20	+G
A2_BC02.191219_FM1-2_consensus_vsearch	1098	G	*/+A	923	10	1.05%	2	2	93	93	9.531759259913677E-4	1	1	186	737	1	9	+A
A2_BC02.191219_FM1-2_consensus_vsearch	1098	G	*/-A	923	9	0.95%	2	2	93	93	0.001915596015054924	1	1	186	737	1	8	+A
A2_BC02.191219_FM1-2_consensus_vsearch	1102	C	*/-T	910	21	2.21%	2	2	93	93	4.2544480858288906E-7	1	1	172	738	6	15	-T
A2_BC02.191219_FM1-2_consensus_vsearch	1102	C	*/-TT	910	8	0.84%	2	1	93	93	0.003846888711606907	1	1	172	738	8	0	-T
A2_BC02.191219_FM1-2_consensus_vsearch	1104	T	*/-A	889	8	0.85%	2	2	93	93	0.003845504047560378	1	1	155	734	4	4	-A
A2_BC02.191219_FM1-2_consensus_vsearch	1104	T	*/-AA	889	10	1.07%	2	2	93	93	9.522978820037738E-4	1	1	155	734	2	8	-AA
A2_BC02.191219_FM1-2_consensus_vsearch	1107	A	*/+G	917	10	1.06%	2	2	93	93	9.5302562405881E-4	1	1	176	741	6	4	+G
A2_BC02.191219_FM1-2_consensus_vsearch	1107	A	*/-G	917	14	1.48%	2	2	93	93	5.810318560301478E-5	1	1	176	741	3	11	-G
A2_BC02.191219_FM1-2_consensus_vsearch	1108	G	*/+C	912	7	0.75%	2	1	93	93	0.007723433202456529	1	1	185	727	0	7	+C
A2_BC02.191219_FM1-2_consensus_vsearch	1109	G	*/-A	929	9	0.95%	2	2	93	93	0.0019158348498577026	1	1	178	751	6	3	-A
A2_BC02.191219_FM1-2_consensus_vsearch	1111	A	*/-T	919	11	1.16%	2	2	93	93	4.7397455917251564E-4	1	1	177	742	1	10	-T
A2_BC02.191219_FM1-2_consensus_vsearch	1113	T	*/+G	910	20	2.11%	2	1	93	93	8.60133393566169E-7	1	1	187	723	0	20	+G
A2_BC02.191219_FM1-2_consensus_vsearch	1115	A	*/+T	819	64	6.77%	2	1	93	93	1.6584223333294472E-20	1	1	183	636	0	64	+T
A2_BC02.191219_FM1-2_consensus_vsearch	1115	A	*/+TT	819	43	4.55%	2	1	93	93	6.644469695519872E-14	1	1	183	636	0	43	+T
A2_BC02.191219_FM1-2_consensus_vsearch	1116	C	*/+G	761	25	2.66%	2	2	93	93	2.4550130770145308E-8	1	1	185	576	1	24	+G
A2_BC02.191219_FM1-2_consensus_vsearch	1116	C	*/-G	761	9	0.96%	2	1	93	93	0.0019077492992608653	1	1	185	576	0	9	+G
A2_BC02.191219_FM1-2_consensus_vsearch	1118	G	*/+A	909	9	0.95%	2	2	93	93	0.0019150266562096274	1	1	178	731	7	2	+A
A2_BC02.191219_FM1-2_consensus_vsearch	1118	G	*/-A	909	8	0.85%	2	2	93	93	0.0038468242081579618	1	1	178	731	1	7	+A
A2_BC02.191219_FM1-2_consensus_vsearch	1120	A	*/+G	854	7	0.74%	2	2	93	93	0.007717447370934042	1	1	178	676	3	4	+G
A2_BC02.191219_FM1-2_consensus_vsearch	1120	A	*/-G	854	65	6.89%	2	2	93	93	8.386636441908168E-21	1	1	178	676	3	62	-G
A2_BC02.191219_FM1-2_consensus_vsearch	1122	G	*/+A	905	22	2.34%	2	2	93	93	2.1018071002411654E-7	1	1	165	740	20	2	+A
A2_BC02.191219_FM1-2_consensus_vsearch	1125	A	*/+T	918	7	0.74%	2	2	93	93	0.007724009676382631	1	1	182	736	1	6	+T
A2_BC02.191219_FM1-2_consensus_vsearch	1128	A	*/-CA	882	33	3.51%	2	1	93	93	8.678266328594223E-11	1	1	186	696	0	33	-CA
A2_BC02.191219_FM1-2_consensus_vsearch	1129	C	*/-A	876	12	1.32%	2	2	93	93	2.3517731607110997E-4	1	1	183	693	3	9	-A
A2_BC02.191219_FM1-2_consensus_vsearch	1133	G	*/-CG	926	14	1.48%	2	2	93	93	5.813077745531146E-5	1	1	189	737	2	12	-CG
A2_BC02.191219_FM1-2_consensus_vsearch	1135	G	*/-TG	864	59	6.34%	2	1	93	93	6.65960023727037E-19	1	1	187	677	0	59	-TG
A2_BC02.191219_FM1-2_consensus_vsearch	1136	T	*/-G	857	13	1.47%	2	2	93	93	1.1668113441379225E-4	1	1	184	673	1	12	-G
A2_BC02.191219_FM1-2_consensus_vsearch	1138	G	*/-A	922	21	2.22%	2	2	93	93	4.260694803583238E-7	1	1	170	752	20	1	-A
A2_BC02.191219_FM1-2_consensus_vsearch	1139	A	*/-G	911	9	0.97%	2	2	93	93	0.001915109048569619	1	1	164	747	6	3	-G
A2_BC02.191219_FM1-2_consensus_vsearch	1141	C	*/+T	879	7	0.74%	2	2	93	93	0.007720123350086427	1	1	182	697	3	4	+T
A2_BC02.191219_FM1-2_consensus_vsearch	1141	C	*/-T	879	23	2.43%	2	2	93	93	1.0342655689370339E-7	1	1	182	697	4	19	-T
A2_BC02.191219_FM1-2_consensus_vsearch	1141	C	*/-TTG	879	8	0.85%	2	1	93	93	0.0038448217248150908	1	1	182	697	0	8	-T
A2_BC02.191219_FM1-2_consensus_vsearch	1142	T	*/+A	891	20	2.18%	2	1	93	93	8.582633825565619E-7	1	1	185	706	0	20	+A
A2_BC02.191219_FM1-2_consensus_vsearch	1143	T	*/+AT	857	8	0.85%	2	1	93	93	0.0038432652933028813	1	1	190	667	0	8	+AT
A2_BC02.191219_FM1-2_consensus_vsearch	1143	T	*/+G	857	51	5.41%	2	1	93	93	2.1567054779807E-16	1	1	190	667	0	51	+G
A2_BC02.191219_FM1-2_consensus_vsearch	1144	G	*/-C	868	21	2.26%	2	1	93	93	4.231321060999643E-7	1	1	188	680	0	21	-C
A2_BC02.191219_FM1-2_consensus_vsearch	1144	G	*/-CG	868	18	1.93%	2	1	93	93	3.49612614012366E-6	1	1	188	680	0	18	-C
A2_BC02.191219_FM1-2_consensus_vsearch	1145	C	*/+A	781	19	2.1%	2	1	93	93	1.7118702328519926E-6	1	1	187	594	0	19	+A
A2_BC02.191219_FM1-2_consensus_vsearch	1145	C	*/-G	781	10	1.1%	2	2	93	93	9.4901227150982E-4	1	1	187	594	1	9	+A
A2_BC02.191219_FM1-2_consensus_vsearch	1148	C	*/-T	834	10	1.06%	2	2	93	93	9.507289066322061E-4	1	1	139	695	2	8	-T
A2_BC02.191219_FM1-2_consensus_vsearch	1148	C	*/-TT	834	46	4.89%	2	2	93	93	7.769926685295145E-15	1	1	139	695	44	2	-TT
A2_BC02.191219_FM1-2_consensus_vsearch	1152	A	*/+T	922	12	1.27%	2	2	93	93	2.3561365283534738E-4	1	1	183	739	5	7	+T
A2_BC02.191219_FM1-2_consensus_vsearch	1154	T	*/+C	905	27	2.85%	2	1	93	93	6.155001159221062E-9	1	1	184	721	0	27	+C
A2_BC02.191219_FM1-2_consensus_vsearch	1155	T	*/+G	922	10	1.05%	2	1	93	93	9.53151009110635E-4	1	1	188	734	0	10	+G
A2_BC02.191219_FM1-2_consensus_vsearch	1157	A	*/+C	916	16	1.69%	2	1	93	93	1.4299683628079006E-5	1	1	188	728	0	16	+C
A2_BC02.191219_FM1-2_consensus_vsearch	1157	A	*/-C	916	7	0.74%	2	2	93	93	0.007723818349377671	1	1	188	728	1	6	+C
A2_BC02.191219_FM1-2_consensus_vsearch	1158	C	*/-T	923	9	0.95%	2	2	93	93	0.001915596015054924	1	1	187	736	1	8	-T
A2_BC02.191219_FM1-2_consensus_vsearch	1159	T	*/+C	864	14	1.49%	2	2	93	93	5.792943873187595E-5	1	1	181	683	4	10	+C
A2_BC02.191219_FM1-2_consensus_vsearch	1159	T	*/-C	864	43	4.57%	2	2	93	93	6.828302900093543E-14	1	1	181	683	1	42	-C
A2_BC02.191219_FM1-2_consensus_vsearch	1165	C	*/+G	667	11	1.17%	2	2	93	93	4.687240267233006E-4	1	1	71	596	4	7	+G
A2_BC02.191219_FM1-2_consensus_vsearch	1165	C	*/-G	667	209	22.26%	2	2	93	93	8.915345686351655E-70	1	1	71	596	74	135	-G
A2_BC02.191219_FM1-2_consensus_vsearch	1165	C	*/-GG	667	35	3.73%	2	2	93	93	1.8847094528539257E-11	1	1	71	596	27	8	-G
A2_BC02.191219_FM1-2_consensus_vsearch	1169	G	*/+A	924	10	1.05%	2	1	93	93	9.532007898985776E-4	1	1	185	739	0	10	+A
A2_BC02.191219_FM1-2_consensus_vsearch	1169	G	*/-A	924	8	0.84%	2	2	93	93	0.003847777276985537	1	1	185	739	3	5	+A
A2_BC02.191219_FM1-2_consensus_vsearch	1172	A	*/+C	907	31	3.26%	2	1	93	93	3.6194158509717043E-10	1	1	186	721	0	31	+C
A2_BC02.191219_FM1-2_consensus_vsearch	1173	C	*/-T	932	7	0.74%	2	1	93	93	0.007725326194158135	1	1	190	742	0	7	-T
A2_BC02.191219_FM1-2_consensus_vsearch	1174	T	*/-C	905	25	2.65%	2	2	93	93	2.530844868100686E-8	1	1	188	717	2	23	-C
A2_BC02.191219_FM1-2_consensus_vsearch	1175	C	*/-A	912	7	0.76%	2	2	93	93	0.007723433202456529	1	1	184	728	4	3	-A
A2_BC02.191219_FM1-2_consensus_vsearch	1176	A	*/-C	904	20	2.12%	2	2	93	93	8.595508248245577E-7	1	1	167	737	16	4	-C
A2_BC02.191219_FM1-2_consensus_vsearch	1177	C	*/+T	890	23	2.48%	2	1	93	93	1.0360589957598112E-7	1	1	172	718	0	23	+T
A2_BC02.191219_FM1-2_consensus_vsearch	1179	A	*/-G	913	12	1.28%	2	2	93	93	2.3553165714705623E-4	1	1	185	728	1	11	-G
A2_BC02.191219_FM1-2_consensus_vsearch	1182	T	*/-C	907	38	4%	2	2	93	93	2.489085031573234E-12	1	1	155	752	36	2	-C
A2_BC02.191219_FM1-2_consensus_vsearch	1185	A	*/-G	919	10	1.05%	2	1	93	93	9.530759388974517E-4	1	1	176	743	10	0	-G
A2_BC02.191219_FM1-2_consensus_vsearch	1194	G	*/-AG	928	9	0.95%	2	1	93	93	0.0019157952553783646	1	1	176	752	9	0	-AG
A2_BC02.191219_FM1-2_consensus_vsearch	1195	A	*/+G	857	34	3.64%	2	2	93	93	4.2230847420803344E-11	1	1	160	697	1	33	+G
A2_BC02.191219_FM1-2_consensus_vsearch	1195	A	*/-G	857	32	3.42%	2	2	93	93	1.752650503020846E-10	1	1	160	697	16	16	+G
A2_BC02.191219_FM1-2_consensus_vsearch	1197	G	*/-A	920	20	2.12%	2	1	93	93	8.610884937384446E-7	1	1	170	750	20	0	-A
A2_BC02.191219_FM1-2_consensus_vsearch	1198	A	*/-T	903	8	0.86%	2	2	93	93	0.00384643422439463	1	1	163	740	4	4	-T
A2_BC02.191219_FM1-2_consensus_vsearch	1200	T	*/+G	910	19	2%	2	2	93	93	1.7380304115690416E-6	1	1	188	722	1	18	+G
A2_BC02.191219_FM1-2_consensus_vsearch	1208	T	*/+G	911	21	2.21%	2	1	93	93	4.254974504502383E-7	1	1	185	726	0	21	+G
A2_BC02.191219_FM1-2_consensus_vsearch	1208	T	*/-G	911	8	0.84%	2	2	93	93	0.0038469530751784552	1	1	185	726	4	4	+G
A2_BC02.191219_FM1-2_consensus_vsearch	1211	T	*/+A	924	9	0.95%	2	2	93	93	0.0019156360330857174	1	1	183	741	6	3	+A
A2_BC02.191219_FM1-2_consensus_vsearch	1213	G	*/+C	915	24	2.54%	2	1	93	93	5.136219293034317E-8	1	1	189	726	0	24	+C
A2_BC02.191219_FM1-2_consensus_vsearch	1214	C	*/-T	934	10	1.05%	2	1	93	93	9.534465518341492E-4	1	1	191	743	0	10	-T
A2_BC02.191219_FM1-2_consensus_vsearch	1215	T	*/-C	910	21	2.24%	2	2	93	93	4.2544480858288906E-7	1	1	187	723	1	20	-C
A2_BC02.191219_FM1-2_consensus_vsearch	1216	C	*/+T	678	82	8.85%	2	1	93	93	2.0528978860755462E-26	1	1	188	490	0	82	+T
A2_BC02.191219_FM1-2_consensus_vsearch	1216	C	*/+TT	678	45	4.85%	2	1	93	93	1.402229578572598E-14	1	1	188	490	0	45	+T
A2_BC02.191219_FM1-2_consensus_vsearch	1216	C	*/-T	678	115	12.41%	2	2	93	93	2.785922359355685E-37	1	1	188	490	1	114	-T
A2_BC02.191219_FM1-2_consensus_vsearch	1218	T	*/+C	922	26	2.74%	2	1	93	93	1.252445884928818E-8	1	1	190	732	0	26	+C
A2_BC02.191219_FM1-2_consensus_vsearch	1219	T	*/-C	900	35	3.69%	2	2	93	93	2.104553410292122E-11	1	1	187	713	1	34	-C
A2_BC02.191219_FM1-2_consensus_vsearch	1220	C	*/+T	757	48	5.27%	2	1	93	93	1.725782512952379E-15	1	1	187	570	0	48	+T
A2_BC02.191219_FM1-2_consensus_vsearch	1220	C	*/+TT	757	8	0.88%	2	2	93	93	0.0038350672013803782	1	1	187	570	1	7	+T
A2_BC02.191219_FM1-2_consensus_vsearch	1220	C	*/-T	757	57	6.26%	2	2	93	93	2.5126384955273363E-18	1	1	187	570	1	56	-T
A2_BC02.191219_FM1-2_consensus_vsearch	1220	C	*/-TT	757	20	2.2%	2	1	93	93	8.426065093827257E-7	1	1	187	570	0	20	-T
A2_BC02.191219_FM1-2_consensus_vsearch	1221	T	*/+C	854	7	0.81%	2	1	93	93	0.007717447370934042	1	1	186	668	0	7	+C
A2_BC02.191219_FM1-2_consensus_vsearch	1222	T	*/+G	878	23	2.48%	2	1	93	93	1.0341004873356825E-7	1	1	188	690	0	23	+G
A2_BC02.191219_FM1-2_consensus_vsearch	1224	A	*/+T	892	7	0.74%	2	2	93	93	0.007721456173473693	1	1	180	712	1	6	+T
A2_BC02.191219_FM1-2_consensus_vsearch	1224	A	*/-T	892	33	3.48%	2	2	93	93	8.70636759410391E-11	1	1	180	712	9	24	-T
A2_BC02.191219_FM1-2_consensus_vsearch	1230	T	*/+G	872	10	1.06%	2	2	93	93	9.518336637835663E-4	1	1	176	696	1	9	+G
A2_BC02.191219_FM1-2_consensus_vsearch	1230	T	*/-G	872	32	3.41%	2	2	93	93	1.761077557205519E-10	1	1	176	696	11	21	-G
A2_BC02.191219_FM1-2_consensus_vsearch	1234	T	*/-G	916	15	1.59%	2	1	93	93	2.8831504977317458E-5	1	1	189	727	0	15	-G
A2_BC02.191219_FM1-2_consensus_vsearch	1237	T	*/-G	889	16	1.7%	2	1	93	93	1.4271775545938889E-5	1	1	187	702	0	16	-G
A2_BC02.191219_FM1-2_consensus_vsearch	1237	T	*/-GGT	889	22	2.34%	2	2	93	93	2.097103162358067E-7	1	1	187	702	2	20	-GGT
A2_BC02.191219_FM1-2_consensus_vsearch	1239	G	*/-TG	879	42	4.54%	2	1	93	93	1.4094249972529698E-13	1	1	188	691	0	42	-TG
A2_BC02.191219_FM1-2_consensus_vsearch	1240	T	*/+G	842	8	0.91%	2	1	93	93	0.003842158075057317	1	1	187	655	0	8	+G
A2_BC02.191219_FM1-2_consensus_vsearch	1240	T	*/-GC	842	19	2.16%	2	1	93	93	1.7251786266444678E-6	1	1	187	655	0	19	-GC
A2_BC02.191219_FM1-2_consensus_vsearch	1242	C	*/-AT	878	11	1.19%	2	2	93	93	4.7332108944478715E-4	1	1	188	690	1	10	-AT
A2_BC02.191219_FM1-2_consensus_vsearch	1244	T	*/+G	885	10	1.08%	2	1	93	93	9.521902290652837E-4	1	1	187	698	0	10	+G
A2_BC02.191219_FM1-2_consensus_vsearch	1244	T	*/-G	885	12	1.29%	2	1	93	93	2.352661648995625E-4	1	1	187	698	0	12	-G
A2_BC02.191219_FM1-2_consensus_vsearch	1244	T	*/-GG	885	7	0.75%	2	1	93	93	0.007720743315770751	1	1	187	698	0	7	-G
A2_BC02.191219_FM1-2_consensus_vsearch	1247	C	*/+A	905	7	0.74%	2	1	93	93	0.007722751083948114	1	1	188	717	0	7	+A
A2_BC02.191219_FM1-2_consensus_vsearch	1249	G	*/+T	917	15	1.58%	2	2	93	93	2.883327702098075E-5	1	1	176	741	14	1	+T
A2_BC02.191219_FM1-2_consensus_vsearch	1251	T	*/-C	929	11	1.16%	2	1	93	93	4.74125373922013E-4	1	1	190	739	0	11	-C
A2_BC02.191219_FM1-2_consensus_vsearch	1252	C	*/-T	907	25	2.67%	2	2	93	93	2.5317445899403705E-8	1	1	190	717	1	24	-T
A2_BC02.191219_FM1-2_consensus_vsearch	1255	A	*/-G	915	13	1.37%	2	2	93	93	1.170131203545464E-4	1	1	182	733	1	12	-G
A2_BC02.191219_FM1-2_consensus_vsearch	1258	T	*/-G	922	17	1.79%	2	1	93	93	7.091863756488151E-6	1	1	188	734	0	17	-G
A2_BC02.191219_FM1-2_consensus_vsearch	1261	T	*/+G	878	22	2.32%	2	2	93	93	2.0937773779648042E-7	1	1	184	694	1	21	+G
A2_BC02.191219_FM1-2_consensus_vsearch	1261	T	*/-G	878	24	2.53%	2	2	93	93	5.104544834902103E-8	1	1	184	694	3	21	-G
A2_BC02.191219_FM1-2_consensus_vsearch	1263	G	*/-A	928	17	1.79%	2	2	93	93	7.095183329849822E-6	1	1	174	754	14	3	-A
A2_BC02.191219_FM1-2_consensus_vsearch	1265	G	*/-T	869	66	6.96%	2	1	93	93	4.12727361358416E-21	1	1	186	683	0	66	-T
A2_BC02.191219_FM1-2_consensus_vsearch	1266	T	*/+G	824	34	3.85%	2	1	93	93	4.170256277698368E-11	1	1	184	640	0	34	+G
A2_BC02.191219_FM1-2_consensus_vsearch	1268	A	*/+T	899	19	2.01%	2	2	93	93	1.7360757132547253E-6	1	1	181	718	3	16	+T
A2_BC02.191219_FM1-2_consensus_vsearch	1268	A	*/-T	899	22	2.33%	2	1	93	93	2.1000612742221108E-7	1	1	181	718	0	22	-T
A2_BC02.191219_FM1-2_consensus_vsearch	1271	T	*/+G	929	9	0.95%	2	1	93	93	0.0019158348498577026	1	1	190	739	0	9	+G
A2_BC02.191219_FM1-2_consensus_vsearch	1274	C	*/-T	930	7	0.74%	2	1	93	93	0.007725140523640451	1	1	189	741	0	7	-T
A2_BC02.191219_FM1-2_consensus_vsearch	1275	T	*/-G	906	19	2.02%	2	2	93	93	1.7373247921501453E-6	1	1	183	723	2	17	-G
A2_BC02.191219_FM1-2_consensus_vsearch	1281	A	*/-T	920	22	2.32%	2	2	93	93	2.106079345116805E-7	1	1	188	732	1	21	-T
A2_BC02.191219_FM1-2_consensus_vsearch	1282	T	*/+C	902	18	1.94%	2	1	93	93	3.5075206061393753E-6	1	1	189	713	0	18	+C
A2_BC02.191219_FM1-2_consensus_vsearch	1283	T	*/-C	909	32	3.37%	2	2	93	93	1.780853177819148E-10	1	1	186	723	3	29	-C
A2_BC02.191219_FM1-2_consensus_vsearch	1285	C	*/+G	830	51	5.36%	2	1	93	93	2.1080991373556136E-16	1	1	188	642	0	51	+G
A2_BC02.191219_FM1-2_consensus_vsearch	1285	C	*/+GG	830	13	1.37%	2	1	93	93	1.1651125509980804E-4	1	1	188	642	0	13	+G
A2_BC02.191219_FM1-2_consensus_vsearch	1285	C	*/+T	830	11	1.16%	2	1	93	93	4.7247591973049725E-4	1	1	188	642	0	11	+G
A2_BC02.191219_FM1-2_consensus_vsearch	1291	C	*/+G	924	7	0.74%	2	2	93	93	0.0077245787361126	1	1	180	744	4	3	+G
A2_BC02.191219_FM1-2_consensus_vsearch	1295	C	*/+A	906	11	1.16%	2	1	93	93	4.7377362866670325E-4	1	1	171	735	11	0	+A
A2_BC02.191219_FM1-2_consensus_vsearch	1297	A	*/-GA	913	21	2.22%	2	1	93	93	4.2560241167798906E-7	1	1	183	730	0	21	-GA
A2_BC02.191219_FM1-2_consensus_vsearch	1299	A	*/+C	897	10	1.08%	2	1	93	93	9.525103599631537E-4	1	1	187	710	0	10	+C
A2_BC02.191219_FM1-2_consensus_vsearch	1300	T	*/+C	914	8	0.85%	2	2	93	93	0.003847145331162847	1	1	181	733	7	1	+C
A2_BC02.191219_FM1-2_consensus_vsearch	1300	T	*/-C	914	10	1.06%	2	2	93	93	9.529497463124481E-4	1	1	181	733	1	9	-C
A2_BC02.191219_FM1-2_consensus_vsearch	1301	C	*/-GT	900	21	2.24%	2	1	93	93	4.249123978169388E-7	1	1	188	712	0	21	-GT
A2_BC02.191219_FM1-2_consensus_vsearch	1302	G	*/-T	894	15	1.63%	2	1	93	93	2.879155456925606E-5	1	1	188	706	0	15	-T
A2_BC02.191219_FM1-2_consensus_vsearch	1303	T	*/-A	858	32	3.52%	2	2	93	93	1.7532200292989768E-10	1	1	189	669	1	31	-A
A2_BC02.191219_FM1-2_consensus_vsearch	1305	A	*/-T	912	15	1.58%	2	1	93	93	2.8824379368099733E-5	1	1	191	721	0	15	-T
A2_BC02.191219_FM1-2_consensus_vsearch	1307	C	*/+T	847	19	2.01%	2	2	93	93	1.7261896390570935E-6	1	1	186	661	3	16	+T
A2_BC02.191219_FM1-2_consensus_vsearch	1307	C	*/-T	847	68	7.21%	2	2	93	93	9.300475065852429E-22	1	1	186	661	1	67	-T
A2_BC02.191219_FM1-2_consensus_vsearch	1310	T	*/-A	929	7	0.74%	2	2	93	93	0.007725047391454701	1	1	184	745	1	6	-A
A2_BC02.191219_FM1-2_consensus_vsearch	1311	A	*/-G	923	8	0.85%	2	2	93	93	0.003847714691173612	1	1	185	738	1	7	-G
A2_BC02.191219_FM1-2_consensus_vsearch	1312	G	*/+C	921	11	1.17%	2	1	93	93	4.7400497863904777E-4	1	1	184	737	0	11	+C
A2_BC02.191219_FM1-2_consensus_vsearch	1314	T	*/+G	920	13	1.37%	2	1	93	93	1.1703983520876145E-4	1	1	188	732	0	13	+G
A2_BC02.191219_FM1-2_consensus_vsearch	1316	A	*/-G	895	34	3.61%	2	2	93	93	4.27991491483486E-11	1	1	175	720	12	22	-G
A2_BC02.191219_FM1-2_consensus_vsearch	1317	G	*/+T	895	8	0.88%	2	1	93	93	0.0038459062136693787	1	1	177	718	0	8	+T
A2_BC02.191219_FM1-2_consensus_vsearch	1321	G	*/+C	909	13	1.38%	2	1	93	93	1.1698068563964621E-4	1	1	188	721	0	13	+C
A2_BC02.191219_FM1-2_consensus_vsearch	1322	T	*/-C	902	9	0.96%	2	2	93	93	0.0019147354490836915	1	1	183	719	1	8	-C
A2_BC02.191219_FM1-2_consensus_vsearch	1323	C	*/-G	898	24	2.56%	2	2	93	93	5.121961707892399E-8	1	1	184	714	3	21	-G
A2_BC02.191219_FM1-2_consensus_vsearch	1326	C	*/+T	595	21	2.22%	2	2	93	93	4.009464874475939E-7	1	1	141	454	6	15	+T
A2_BC02.191219_FM1-2_consensus_vsearch	1326	C	*/-T	595	244	25.79%	2	2	93	93	3.386550976550017E-83	1	1	141	454	39	205	-T
A2_BC02.191219_FM1-2_consensus_vsearch	1326	C	*/-TT	595	63	6.66%	2	1	93	93	2.2813014116089003E-20	1	1	141	454	0	63	-T
A2_BC02.191219_FM1-2_consensus_vsearch	1332	C	*/-T	916	9	0.96%	2	2	93	93	0.00191531347878556	1	1	178	738	1	8	-T
A2_BC02.191219_FM1-2_consensus_vsearch	1333	T	*/-G	895	8	0.86%	2	1	93	93	0.0038459062136693787	1	1	182	713	0	8	-G
A2_BC02.191219_FM1-2_consensus_vsearch	1335	G	*/+C	828	27	2.84%	2	2	93	93	6.048372114402037E-9	1	1	164	664	7	20	+C
A2_BC02.191219_FM1-2_consensus_vsearch	1335	G	*/+CC	828	18	1.89%	2	1	93	93	3.481590033739652E-6	1	1	164	664	0	18	+C
A2_BC02.191219_FM1-2_consensus_vsearch	1335	G	*/+T	828	7	0.74%	2	1	93	93	0.007714494783453081	1	1	164	664	0	7	+C
A2_BC02.191219_FM1-2_consensus_vsearch	1335	G	*/-C	828	40	4.21%	2	2	93	93	5.742573003174216E-13	1	1	164	664	17	23	-C
A2_BC02.191219_FM1-2_consensus_vsearch	1337	C	*/+T	902	16	1.7%	2	1	93	93	1.4285412636274062E-5	1	1	188	714	0	16	+T
A2_BC02.191219_FM1-2_consensus_vsearch	1339	T	*/+C	847	16	1.71%	2	2	93	93	1.4224983077620704E-5	1	1	168	679	8	8	+C
A2_BC02.191219_FM1-2_consensus_vsearch	1339	T	*/+CC	847	10	1.07%	2	1	93	93	9.511177903208886E-4	1	1	168	679	10	0	+C
A2_BC02.191219_FM1-2_consensus_vsearch	1339	T	*/-C	847	17	1.82%	2	2	93	93	7.04659700226522E-6	1	1	168	679	3	14	-C
A2_BC02.191219_FM1-2_consensus_vsearch	1339	T	*/-CCT	847	40	4.27%	2	2	93	93	5.800724554618089E-13	1	1	168	679	1	39	-CCT
A2_BC02.191219_FM1-2_consensus_vsearch	1342	T	*/-C	868	9	1%	2	1	93	93	0.0019132552514763974	1	1	188	680	0	9	-C
A2_BC02.191219_FM1-2_consensus_vsearch	1342	T	*/-CTCCT	868	12	1.33%	2	1	93	93	2.3509683256196676E-4	1	1	188	680	0	12	-CTCCT
A2_BC02.191219_FM1-2_consensus_vsearch	1343	C	*/-T	852	7	0.76%	2	1	93	93	0.007717226579549263	1	1	186	666	0	7	-T
A2_BC02.191219_FM1-2_consensus_vsearch	1343	C	*/-TC	852	66	7.13%	2	2	93	93	4.034064672581917E-21	1	1	186	666	5	61	-TC
A2_BC02.191219_FM1-2_consensus_vsearch	1344	T	*/+C	809	15	1.74%	2	2	93	93	2.8617627016672572E-5	1	1	164	645	10	5	+C
A2_BC02.191219_FM1-2_consensus_vsearch	1344	T	*/-C	809	20	2.32%	2	2	93	93	8.492552437403783E-7	1	1	164	645	8	12	-C
A2_BC02.191219_FM1-2_consensus_vsearch	1344	T	*/-CCT	809	12	1.39%	2	1	93	93	2.3445547064326186E-4	1	1	164	645	0	12	-C
A2_BC02.191219_FM1-2_consensus_vsearch	1345	C	*/+TC	822	15	1.79%	2	2	93	93	2.864646303487127E-5	1	1	174	648	2	13	+TC
A2_BC02.191219_FM1-2_consensus_vsearch	1346	C	*/+T	883	7	0.76%	2	1	93	93	0.007720537587223537	1	1	188	695	0	7	+T
A2_BC02.191219_FM1-2_consensus_vsearch	1346	C	*/-T	883	21	2.27%	2	1	93	93	4.239815596674571E-7	1	1	188	695	0	21	-T
A2_BC02.191219_FM1-2_consensus_vsearch	1346	C	*/-TT	883	8	0.86%	2	2	93	93	0.0038450964850438646	1	1	188	695	1	7	-T
A2_BC02.191219_FM1-2_consensus_vsearch	1348	T	*/-A	896	16	1.7%	2	2	93	93	1.4279165703405002E-5	1	1	172	724	6	10	-A
A2_BC02.191219_FM1-2_consensus_vsearch	1351	A	*/-G	773	162	17.07%	2	2	93	93	8.188640153447549E-53	1	1	164	609	27	135	-G
A2_BC02.191219_FM1-2_consensus_vsearch	1356	C	*/-T	930	8	0.84%	2	2	93	93	0.003848149999505569	1	1	188	742	1	7	-T
A2_BC02.191219_FM1-2_consensus_vsearch	1358	G	*/+C	883	7	0.74%	2	1	93	93	0.007720537587223537	1	1	180	703	0	7	+C
A2_BC02.191219_FM1-2_consensus_vsearch	1358	G	*/-TG	883	38	4.01%	2	2	93	93	2.4640803186887144E-12	1	1	180	703	1	37	-TG
A2_BC02.191219_FM1-2_consensus_vsearch	1359	T	*/-GC	854	14	1.54%	2	2	93	93	5.789432151572765E-5	1	1	180	674	1	13	-GC
A2_BC02.191219_FM1-2_consensus_vsearch	1362	A	*/-T	921	9	0.96%	2	2	93	93	0.0019155157221715682	1	1	183	738	1	8	-T
A2_BC02.191219_FM1-2_consensus_vsearch	1365	A	*/-TT	923	9	0.95%	2	1	93	93	0.001915596015054924	1	1	185	738	0	9	-TT
A2_BC02.191219_FM1-2_consensus_vsearch	1367	T	*/-A	926	9	0.96%	2	2	93	93	0.0019157158136505837	1	1	187	739	3	6	-A
A2_BC02.191219_FM1-2_consensus_vsearch	1370	T	*/+G	911	17	1.8%	2	1	93	93	7.085669537400445E-6	1	1	190	721	0	17	+G
A2_BC02.191219_FM1-2_consensus_vsearch	1371	G	*/-C	921	13	1.37%	2	1	93	93	1.1704514435068417E-4	1	1	188	733	0	13	-C
A2_BC02.191219_FM1-2_consensus_vsearch	1372	C	*/-A	900	16	1.71%	2	1	93	93	1.4283339193334414E-5	1	1	190	710	0	16	-A
A2_BC02.191219_FM1-2_consensus_vsearch	1374	T	*/-G	882	42	4.44%	2	2	93	93	1.4116659112772754E-13	1	1	176	706	13	29	-G
A2_BC02.191219_FM1-2_consensus_vsearch	1376	G	*/-A	929	7	0.74%	2	2	93	93	0.007725047391454701	1	1	181	748	5	2	-A
A2_BC02.191219_FM1-2_consensus_vsearch	1379	G	*/+T	919	8	0.84%	2	2	93	93	0.003847463002329035	1	1	178	741	4	4	+T
A2_BC02.191219_FM1-2_consensus_vsearch	1379	G	*/-T	919	13	1.37%	2	2	93	93	1.1703451483829207E-4	1	1	178	741	7	6	-T
A2_BC02.191219_FM1-2_consensus_vsearch	1382	T	*/+G	912	14	1.47%	2	1	93	93	5.808762911291212E-5	1	1	189	723	0	14	+G
A2_BC02.191219_FM1-2_consensus_vsearch	1382	T	*/-G	912	16	1.68%	2	2	93	93	1.429564906667561E-5	1	1	189	723	1	15	-G
A2_BC02.191219_FM1-2_consensus_vsearch	1384	C	*/+A	859	13	1.37%	2	1	93	93	1.1669330603926837E-4	1	1	184	675	0	13	+A
A2_BC02.191219_FM1-2_consensus_vsearch	1384	C	*/+G	859	9	0.95%	2	1	93	93	0.001912844131644318	1	1	184	675	0	9	+A
A2_BC02.191219_FM1-2_consensus_vsearch	1384	C	*/-G	859	26	2.75%	2	2	93	93	1.2368250257781356E-8	1	1	184	675	3	23	-G
A2_BC02.191219_FM1-2_consensus_vsearch	1386	G	*/-C	922	8	0.85%	2	2	93	93	0.0038476519712181086	1	1	185	737	3	5	-C
A2_BC02.191219_FM1-2_consensus_vsearch	1387	C	*/+A	853	7	0.75%	2	1	93	93	0.007717337103332675	1	1	183	670	0	7	+A
A2_BC02.191219_FM1-2_consensus_vsearch	1387	C	*/-A	853	50	5.38%	2	2	93	93	4.4215953271363064E-16	1	1	183	670	3	47	-A
A2_BC02.191219_FM1-2_consensus_vsearch	1389	A	*/-T	897	19	2.03%	2	1	93	93	1.7357154581468225E-6	1	1	185	712	0	19	-T
A2_BC02.191219_FM1-2_consensus_vsearch	1389	A	*/-TAA	897	11	1.17%	2	1	93	93	4.736311844991674E-4	1	1	185	712	0	11	-T
A2_BC02.191219_FM1-2_consensus_vsearch	1390	T	*/-A	856	8	0.88%	2	2	93	93	0.0038431926702628826	1	1	184	672	4	4	-A
A2_BC02.191219_FM1-2_consensus_vsearch	1393	C	*/+T	919	7	0.74%	2	1	93	93	0.007724105030664168	1	1	180	739	7	0	+T
A2_BC02.191219_FM1-2_consensus_vsearch	1394	A	*/-G	899	8	0.85%	2	1	93	93	0.003846171379131786	1	1	165	734	0	8	-G
A2_BC02.191219_FM1-2_consensus_vsearch	1397	T	*/+C	917	9	0.95%	2	1	93	93	0.001915354101277396	1	1	188	729	0	9	+C
A2_BC02.191219_FM1-2_consensus_vsearch	1399	T	*/+G	901	12	1.27%	2	1	93	93	2.3541984493177188E-4	1	1	189	712	0	12	+G
A2_BC02.191219_FM1-2_consensus_vsearch	1400	G	*/-T	911	21	2.21%	2	1	93	93	4.254974504502383E-7	1	1	189	722	0	21	-T
A2_BC02.191219_FM1-2_consensus_vsearch	1405	G	*/+C	899	18	1.9%	2	2	93	93	3.50654808345716E-6	1	1	182	717	2	16	+C
A2_BC02.191219_FM1-2_consensus_vsearch	1405	G	*/-C	899	24	2.54%	2	2	93	93	5.1228140017503855E-8	1	1	182	717	6	18	-C
A2_BC02.191219_FM1-2_consensus_vsearch	1406	C	*/+T	882	31	3.35%	2	1	93	93	3.5941053987743337E-10	1	1	183	699	0	31	+T
A2_BC02.191219_FM1-2_consensus_vsearch	1407	C	*/+T	934	7	0.74%	2	1	93	93	0.0077255110771605765	1	1	189	745	0	7	+T
A2_BC02.191219_FM1-2_consensus_vsearch	1408	C	*/+T	870	52	5.47%	2	1	93	93	1.0595638976877966E-16	1	1	189	681	0	52	+T
A2_BC02.191219_FM1-2_consensus_vsearch	1408	C	*/-T	870	13	1.37%	2	1	93	93	1.1675927942094927E-4	1	1	189	681	0	13	+T
A2_BC02.191219_FM1-2_consensus_vsearch	1411	A	*/+G	923	12	1.27%	2	1	93	93	2.3562266716465862E-4	1	1	187	736	0	12	+G
A2_BC02.191219_FM1-2_consensus_vsearch	1417	T	*/+C	921	8	0.84%	2	1	93	93	0.0038475891167196936	1	1	182	739	8	0	+C
A2_BC02.191219_FM1-2_consensus_vsearch	1418	C	*/+T	893	39	4.12%	2	1	93	93	1.2120762830695089E-12	1	1	189	704	0	39	+T
A2_BC02.191219_FM1-2_consensus_vsearch	1419	T	*/+G	853	18	1.92%	2	1	93	93	3.490826142563101E-6	1	1	177	676	0	18	+G
A2_BC02.191219_FM1-2_consensus_vsearch	1419	T	*/-G	853	38	4.05%	2	2	93	93	2.431276566990362E-12	1	1	177	676	3	35	-G
A2_BC02.191219_FM1-2_consensus_vsearch	1419	T	*/-GG	853	10	1.07%	2	2	93	93	9.512933536916442E-4	1	1	177	676	1	9	-G
A2_BC02.191219_FM1-2_consensus_vsearch	1422	G	*/-C	910	7	0.74%	2	1	93	93	0.007723239371763503	1	1	178	732	7	0	-C
A2_BC02.191219_FM1-2_consensus_vsearch	1424	C	*/-GC	872	10	1.06%	2	2	93	93	9.518336637835663E-4	1	1	179	693	6	4	-GC
A2_BC02.191219_FM1-2_consensus_vsearch	1430	C	*/-GCGC	912	18	1.9%	2	2	93	93	3.5107185012707475E-6	1	1	170	742	15	3	-GCGC
A2_BC02.191219_FM1-2_consensus_vsearch	1432	C	*/-G	650	19	2.05%	2	2	93	93	1.6755062518368444E-6	1	1	104	546	5	14	-G
A2_BC02.191219_FM1-2_consensus_vsearch	1432	C	*/-GC	650	238	25.67%	2	2	93	93	2.2996986983296892E-80	1	1	104	546	54	184	-GC
A2_BC02.191219_FM1-2_consensus_vsearch	1434	C	*/-T	635	9	1.31%	2	2	93	93	0.0018989373901442874	1	1	107	528	1	8	-T
A2_BC02.191219_FM1-2_consensus_vsearch	1434	C	*/-TA	635	8	1.16%	2	1	93	93	0.003821630056475877	1	1	107	528	0	8	-T
A2_BC02.191219_FM1-2_consensus_vsearch	1436	A	*/-C	887	9	0.96%	2	2	93	93	0.001914096194146785	1	1	157	730	1	8	-C
A2_BC02.191219_FM1-2_consensus_vsearch	1437	C	*/-AC	911	9	0.96%	2	1	93	93	0.001915109048569619	1	1	175	736	9	0	-AC
A2_BC02.191219_FM1-2_consensus_vsearch	1439	C	*/-T	909	8	0.86%	2	2	93	93	0.0038468242081579618	1	1	174	735	1	7	-T
A2_BC02.191219_FM1-2_consensus_vsearch	1440	T	*/+G	877	28	2.98%	2	2	93	93	3.0134170773619568E-9	1	1	181	696	2	26	+G
A2_BC02.191219_FM1-2_consensus_vsearch	1443	C	*/+A	931	9	0.95%	2	1	93	93	0.0019159137873801437	1	1	178	753	9	0	+A
A2_BC02.191219_FM1-2_consensus_vsearch	1444	A	*/-G	920	8	0.84%	2	1	93	93	0.0038475261272230853	1	1	183	737	8	0	-G
A2_BC02.191219_FM1-2_consensus_vsearch	1450	A	*/-G	915	19	2.01%	2	2	93	93	1.7389042481763607E-6	1	1	184	731	1	18	-G
A2_BC02.191219_FM1-2_consensus_vsearch	1452	C	*/-G	886	10	1.06%	2	2	93	93	9.522172317498261E-4	1	1	172	714	8	2	-G
A2_BC02.191219_FM1-2_consensus_vsearch	1455	G	*/+C	913	7	0.74%	2	1	93	93	0.007723529802484695	1	1	177	736	0	7	+C
A2_BC02.191219_FM1-2_consensus_vsearch	1455	G	*/+T	913	13	1.37%	2	2	93	93	1.1700235480686422E-4	1	1	177	736	10	3	+T
A2_BC02.191219_FM1-2_consensus_vsearch	1455	G	*/-T	913	11	1.16%	2	2	93	93	4.738825180222003E-4	1	1	177	736	3	8	+T
A2_BC02.191219_FM1-2_consensus_vsearch	1464	C	*/+T	846	13	1.37%	2	1	93	93	1.1661319323733213E-4	1	1	188	658	0	13	+T
A2_BC02.191219_FM1-2_consensus_vsearch	1464	C	*/-T	846	76	8%	2	2	93	93	2.6401390367930645E-24	1	1	188	658	1	75	-T
A2_BC02.191219_FM1-2_consensus_vsearch	1466	T	*/-G	917	12	1.26%	2	2	93	93	2.3556829351157878E-4	1	1	187	730	2	10	-G
A2_BC02.191219_FM1-2_consensus_vsearch	1469	C	*/+A	921	7	0.74%	2	1	93	93	0.00772429512406293	1	1	178	743	7	0	+A
A2_BC02.191219_FM1-2_consensus_vsearch	1469	C	*/-A	921	10	1.06%	2	2	93	93	9.531260390767928E-4	1	1	178	743	5	5	-A
A2_BC02.191219_FM1-2_consensus_vsearch	1471	G	*/+A	910	16	1.71%	2	1	93	93	1.4293619034919362E-5	1	1	184	726	0	16	+A
A2_BC02.191219_FM1-2_consensus_vsearch	1471	G	*/-A	910	7	0.75%	2	2	93	93	0.007723239371763503	1	1	184	726	1	6	+A
A2_BC02.191219_FM1-2_consensus_vsearch	1477	T	*/-C	888	46	4.87%	2	2	93	93	8.053009685848008E-15	1	1	143	745	43	3	-C
A2_BC02.191219_FM1-2_consensus_vsearch	1479	C	*/-G	782	46	4.85%	2	1	93	93	7.472750081900644E-15	1	1	186	596	0	46	-G
A2_BC02.191219_FM1-2_consensus_vsearch	1479	C	*/-GG	782	104	10.96%	2	1	93	93	1.985500129549996E-33	1	1	186	596	0	104	-GG
A2_BC02.191219_FM1-2_consensus_vsearch	1482	G	*/-T	916	30	3.15%	2	1	93	93	7.373324716616097E-10	1	1	187	729	0	30	-T
A2_BC02.191219_FM1-2_consensus_vsearch	1483	T	*/-A	819	10	1.09%	2	2	93	93	9.502651595670357E-4	1	1	184	635	2	8	-A
A2_BC02.191219_FM1-2_consensus_vsearch	1485	A	*/-T	916	21	2.21%	2	1	93	93	4.257590521694904E-7	1	1	189	727	0	21	-T
A2_BC02.191219_FM1-2_consensus_vsearch	1486	T	*/-C	900	11	1.18%	2	1	93	93	4.736789756525757E-4	1	1	189	711	0	11	-C
A2_BC02.191219_FM1-2_consensus_vsearch	1487	C	*/+T	874	23	2.47%	2	1	93	93	1.0334366992835096E-7	1	1	189	685	0	23	+T
A2_BC02.191219_FM1-2_consensus_vsearch	1487	C	*/-T	874	27	2.9%	2	2	93	93	6.114077188829471E-9	1	1	189	685	1	26	-T
A2_BC02.191219_FM1-2_consensus_vsearch	1489	T	*/+G	893	12	1.27%	2	2	93	93	2.353436759776352E-4	1	1	184	709	5	7	+G
A2_BC02.191219_FM1-2_consensus_vsearch	1489	T	*/-G	893	15	1.59%	2	1	93	93	2.878969362259312E-5	1	1	184	709	0	15	-G
A2_BC02.191219_FM1-2_consensus_vsearch	1490	G	*/-T	894	7	0.76%	2	2	93	93	0.007721657817200185	1	1	181	713	2	5	-T
A2_BC02.191219_FM1-2_consensus_vsearch	1490	G	*/-TG	894	14	1.51%	2	2	93	93	5.8030232559527854E-5	1	1	181	713	4	10	-TG
A2_BC02.191219_FM1-2_consensus_vsearch	1491	T	*/+A	862	13	1.41%	2	2	93	93	1.1671146075312302E-4	1	1	173	689	2	11	+A
A2_BC02.191219_FM1-2_consensus_vsearch	1492	G	*/+A	903	7	0.76%	2	1	93	93	0.007722554269741379	1	1	181	722	0	7	+A
A2_BC02.191219_FM1-2_consensus_vsearch	1492	G	*/-A	903	7	0.76%	2	2	93	93	0.007722554269741379	1	1	181	722	1	6	+A
A2_BC02.191219_FM1-2_consensus_vsearch	1495	A	*/+C	924	9	0.95%	2	1	93	93	0.0019156360330857174	1	1	184	740	0	9	+C
A2_BC02.191219_FM1-2_consensus_vsearch	1496	C	*/+T	921	7	0.74%	2	1	93	93	0.00772429512406293	1	1	189	732	0	7	+T
A2_BC02.191219_FM1-2_consensus_vsearch	1496	C	*/-T	921	18	1.89%	2	1	93	93	3.5135402382910113E-6	1	1	189	732	0	18	-T
A2_BC02.191219_FM1-2_consensus_vsearch	1497	T	*/-C	890	24	2.58%	2	1	93	93	5.115080537356055E-8	1	1	187	703	0	24	-C
A2_BC02.191219_FM1-2_consensus_vsearch	1498	C	*/+T	887	19	2.06%	2	1	93	93	1.7338912259744727E-6	1	1	188	699	0	19	+T
A2_BC02.191219_FM1-2_consensus_vsearch	1498	C	*/-T	887	11	1.19%	2	2	93	93	4.734695965964919E-4	1	1	188	699	1	10	+T
A2_BC02.191219_FM1-2_consensus_vsearch	1499	T	*/+G	902	10	1.07%	2	1	93	93	9.526412793826775E-4	1	1	186	716	0	10	+G
A2_BC02.191219_FM1-2_consensus_vsearch	1503	G	*/-TG	900	40	4.21%	2	1	93	93	5.952960165093104E-13	1	1	187	713	0	40	-TG
A2_BC02.191219_FM1-2_consensus_vsearch	1507	T	*/+G	850	15	1.59%	2	2	93	93	2.8705693460967357E-5	1	1	171	679	4	11	+G
A2_BC02.191219_FM1-2_consensus_vsearch	1507	T	*/-G	850	54	5.73%	2	2	93	93	2.4553160232959948E-17	1	1	171	679	4	50	-G
A2_BC02.191219_FM1-2_consensus_vsearch	1513	T	*/+G	905	18	1.9%	2	1	93	93	3.508487013154618E-6	1	1	165	740	18	0	+G
A2_BC02.191219_FM1-2_consensus_vsearch	1513	T	*/-A	905	19	2.01%	2	2	93	93	1.7371474680721576E-6	1	1	165	740	5	14	-A
A2_BC02.191219_FM1-2_consensus_vsearch	1514	A	*/-G	900	15	1.61%	2	1	93	93	2.8802636633266012E-5	1	1	169	731	15	0	-G
A2_BC02.191219_FM1-2_consensus_vsearch	1515	G	*/-A	900	10	1.07%	2	2	93	93	9.525890830099214E-4	1	1	165	735	4	6	-A
A2_BC02.191219_FM1-2_consensus_vsearch	1516	A	*/-G	918	7	0.75%	2	1	93	93	0.007724009676382631	1	1	183	735	0	7	-G
A2_BC02.191219_FM1-2_consensus_vsearch	1519	A	*/+T	909	12	1.27%	2	2	93	93	2.354947063169456E-4	1	1	175	734	10	2	+T
A2_BC02.191219_FM1-2_consensus_vsearch	1519	A	*/-T	909	10	1.06%	2	1	93	93	9.528221904095408E-4	1	1	175	734	0	10	+T
A2_BC02.191219_FM1-2_consensus_vsearch	1522	G	*/-C	921	8	0.85%	2	1	93	93	0.0038475891167196936	1	1	180	741	0	8	-C
A2_BC02.191219_FM1-2_consensus_vsearch	1523	C	*/-A	866	47	5.01%	2	2	93	93	3.8702372226008816E-15	1	1	183	683	6	41	-A
A2_BC02.191219_FM1-2_consensus_vsearch	1525	A	*/-T	929	11	1.16%	2	2	93	93	4.74125373922013E-4	1	1	188	741	1	10	-T
A2_BC02.191219_FM1-2_consensus_vsearch	1527	T	*/-A	894	36	3.79%	2	1	93	93	1.0302646177461812E-11	1	1	150	744	36	0	-A
A2_BC02.191219_FM1-2_consensus_vsearch	1527	T	*/-ATT	894	7	0.74%	2	2	93	93	0.007721657817200185	1	1	150	744	2	5	-A
A2_BC02.191219_FM1-2_consensus_vsearch	1531	G	*/+C	896	32	3.37%	2	1	93	93	1.7740629457305447E-10	1	1	186	710	0	32	+C
A2_BC02.191219_FM1-2_consensus_vsearch	1532	C	*/-T	900	42	4.44%	2	2	93	93	1.4248766969888072E-13	1	1	186	714	2	40	-T
A2_BC02.191219_FM1-2_consensus_vsearch	1533	T	*/-C	849	38	4.19%	2	1	93	93	2.4267659968397147E-12	1	1	187	662	0	38	-C
A2_BC02.191219_FM1-2_consensus_vsearch	1533	T	*/-CT	849	8	0.88%	2	1	93	93	0.0038426795817616656	1	1	187	662	0	8	-C
A2_BC02.191219_FM1-2_consensus_vsearch	1534	C	*/+T	841	38	4.21%	2	2	93	93	2.417644662184207E-12	1	1	189	652	1	37	+T
A2_BC02.191219_FM1-2_consensus_vsearch	1534	C	*/-TTC	841	13	1.44%	2	1	93	93	1.1658174141573801E-4	1	1	189	652	0	13	+T
A2_BC02.191219_FM1-2_consensus_vsearch	1542	A	*/+G	781	73	7.73%	2	2	93	93	2.1219562084924034E-23	1	1	175	606	1	72	+G
A2_BC02.191219_FM1-2_consensus_vsearch	1542	A	*/-G	781	80	8.47%	2	2	93	93	1.2070805641633007E-25	1	1	175	606	9	71	-G
A2_BC02.191219_FM1-2_consensus_vsearch	1544	G	*/+A	929	8	0.84%	2	1	93	93	0.0038480882094248724	1	1	188	741	0	8	+A
A2_BC02.191219_FM1-2_consensus_vsearch	1548	G	*/+C	921	11	1.17%	2	2	93	93	4.7400497863904777E-4	1	1	174	747	9	2	+C
A2_BC02.191219_FM1-2_consensus_vsearch	1550	C	*/+T	925	9	0.95%	2	1	93	93	0.0019156759658551556	1	1	188	737	0	9	+T
A2_BC02.191219_FM1-2_consensus_vsearch	1552	A	*/+G	898	10	1.06%	2	2	93	93	9.525366583644499E-4	1	1	178	720	1	9	+G
A2_BC02.191219_FM1-2_consensus_vsearch	1552	A	*/-G	898	17	1.8%	2	2	93	93	7.078162592151413E-6	1	1	178	720	6	11	-G
A2_BC02.191219_FM1-2_consensus_vsearch	1554	T	*/-A	883	27	2.87%	2	2	93	93	6.126221341307798E-9	1	1	164	719	22	5	-A
A2_BC02.191219_FM1-2_consensus_vsearch	1554	T	*/-AA	883	14	1.49%	2	2	93	93	5.799404345006799E-5	1	1	164	719	1	13	-A
A2_BC02.191219_FM1-2_consensus_vsearch	1559	G	*/+CG	897	9	0.95%	2	2	93	93	0.0019145247035588216	1	1	189	708	1	8	+CG
A2_BC02.191219_FM1-2_consensus_vsearch	1559	G	*/-T	897	13	1.37%	2	1	93	93	1.1691455204603951E-4	1	1	189	708	0	13	-T
A2_BC02.191219_FM1-2_consensus_vsearch	1559	G	*/-TG	897	25	2.64%	2	1	93	93	2.5272096778388216E-8	1	1	189	708	0	25	-TG
A2_BC02.191219_FM1-2_consensus_vsearch	1560	T	*/+G	860	21	2.3%	2	1	93	93	4.2266781777724705E-7	1	1	189	671	0	21	+G
A2_BC02.191219_FM1-2_consensus_vsearch	1560	T	*/+GG	860	15	1.64%	2	1	93	93	2.8725948840725452E-5	1	1	189	671	0	15	+G
A2_BC02.191219_FM1-2_consensus_vsearch	1562	A	*/-T	936	11	1.16%	2	1	93	93	4.742290663428395E-4	1	1	190	746	0	11	-T
A2_BC02.191219_FM1-2_consensus_vsearch	1567	T	*/+C	917	23	2.43%	2	1	93	93	1.0402932063072194E-7	1	1	168	749	23	0	+C
A2_BC02.191219_FM1-2_consensus_vsearch	1568	C	*/-A	926	13	1.37%	2	1	93	93	1.1707152287058013E-4	1	1	185	741	0	13	-A
A2_BC02.191219_FM1-2_consensus_vsearch	1569	A	*/+G	853	62	6.63%	2	1	93	93	7.441656007658217E-20	1	1	184	669	0	62	+G
A2_BC02.191219_FM1-2_consensus_vsearch	1569	A	*/-G	853	7	0.75%	2	2	93	93	0.007717337103332675	1	1	184	669	5	2	+G
A2_BC02.191219_FM1-2_consensus_vsearch	1571	A	*/-T	926	15	1.58%	2	1	93	93	2.8849059412236193E-5	1	1	187	739	0	15	-T
A2_BC02.191219_FM1-2_consensus_vsearch	1574	G	*/-CG	924	9	0.95%	2	2	93	93	0.0019156360330857174	1	1	187	737	1	8	-CG
A2_BC02.191219_FM1-2_consensus_vsearch	1575	C	*/-GT	906	9	0.96%	2	1	93	93	0.0019149023958710519	1	1	186	720	0	9	-GT
A2_BC02.191219_FM1-2_consensus_vsearch	1576	G	*/+C	895	13	1.4%	2	1	93	93	1.169033623514074E-4	1	1	187	708	0	13	+C
A2_BC02.191219_FM1-2_consensus_vsearch	1576	G	*/+CG	895	10	1.08%	2	2	93	93	9.524575900849196E-4	1	1	187	708	1	9	+C
A2_BC02.191219_FM1-2_consensus_vsearch	1576	G	*/-T	895	7	0.75%	2	2	93	93	0.007721758304500832	1	1	187	708	1	6	+C
A2_BC02.191219_FM1-2_consensus_vsearch	1578	T	*/+G	910	10	1.05%	2	1	93	93	9.528478117131701E-4	1	1	185	725	0	10	+G
A2_BC02.191219_FM1-2_consensus_vsearch	1580	A	*/-T	930	9	0.95%	2	1	93	93	0.001915874360429123	1	1	185	745	0	9	-T
A2_BC02.191219_FM1-2_consensus_vsearch	1582	T	*/-AC	926	7	0.74%	2	1	93	93	0.0077247667996884145	1	1	187	739	0	7	-AC
A2_BC02.191219_FM1-2_consensus_vsearch	1586	T	*/+C	844	41	4.33%	2	2	93	93	2.8303575337981994E-13	1	1	156	688	11	30	+C
A2_BC02.191219_FM1-2_consensus_vsearch	1586	T	*/-C	844	48	5.07%	2	2	93	93	1.8553034479436725E-15	1	1	156	688	23	25	-C
A2_BC02.191219_FM1-2_consensus_vsearch	1588	C	*/+T	928	11	1.16%	2	1	93	93	4.741104356739531E-4	1	1	182	746	0	11	+T
A2_BC02.191219_FM1-2_consensus_vsearch	1589	C	*/+T	908	7	0.74%	2	1	93	93	0.007723044695629286	1	1	184	724	0	7	+T
A2_BC02.191219_FM1-2_consensus_vsearch	1589	C	*/-T	908	26	2.73%	2	2	93	93	1.249142929386762E-8	1	1	184	724	2	24	-T
A2_BC02.191219_FM1-2_consensus_vsearch	1591	G	*/-C	916	16	1.69%	2	2	93	93	1.4299683628079006E-5	1	1	177	739	8	8	-C
A2_BC02.191219_FM1-2_consensus_vsearch	1592	C	*/+T	897	26	2.79%	2	1	93	93	1.2464828221374646E-8	1	1	179	718	0	26	+T
A2_BC02.191219_FM1-2_consensus_vsearch	1593	C	*/+T	914	15	1.58%	2	1	93	93	2.8827949683336962E-5	1	1	184	730	0	15	+T
A2_BC02.191219_FM1-2_consensus_vsearch	1594	C	*/+T	628	22	2.32%	2	2	93	93	1.9900678009530383E-7	1	1	177	451	1	21	+T
A2_BC02.191219_FM1-2_consensus_vsearch	1594	C	*/-T	628	287	30.21%	2	2	93	93	9.759964956644712E-99	1	1	177	451	8	279	-T
A2_BC02.191219_FM1-2_consensus_vsearch	1595	T	*/+C	623	7	1.07%	2	1	93	93	0.007682706175917277	1	1	179	444	0	7	+C
A2_BC02.191219_FM1-2_consensus_vsearch	1603	C	*/-A	820	14	1.48%	2	1	93	93	5.776874668383089E-5	1	1	162	658	0	14	-A
A2_BC02.191219_FM1-2_consensus_vsearch	1603	C	*/-AC	820	98	10.35%	2	2	93	93	2.0468732822271523E-31	1	1	162	658	23	75	-AC
A2_BC02.191219_FM1-2_consensus_vsearch	1604	A	*/+C	781	32	3.83%	2	2	93	93	1.7058297513300859E-10	1	1	157	624	1	31	+C
A2_BC02.191219_FM1-2_consensus_vsearch	1604	A	*/-C	781	7	0.84%	2	2	93	93	0.007708664230873112	1	1	157	624	4	3	+C
A2_BC02.191219_FM1-2_consensus_vsearch	1605	C	*/+AC	814	9	1.07%	2	2	93	93	0.0019106544450911193	1	1	156	658	5	4	+AC
A2_BC02.191219_FM1-2_consensus_vsearch	1605	C	*/+T	814	9	1.07%	2	1	93	93	0.0019106544450911193	1	1	156	658	0	9	+AC
A2_BC02.191219_FM1-2_consensus_vsearch	1606	C	*/+TC	891	19	2%	2	1	93	93	1.7346255489852325E-6	1	1	189	702	0	19	+TC
A2_BC02.191219_FM1-2_consensus_vsearch	1607	G	*/-C	926	15	1.58%	2	2	93	93	2.8849059412236193E-5	1	1	179	747	9	6	-C
A2_BC02.191219_FM1-2_consensus_vsearch	1613	C	*/+A	933	7	0.74%	2	1	93	93	0.007725418733796673	1	1	188	745	0	7	+A
A2_BC02.191219_FM1-2_consensus_vsearch	1614	G	*/-C	927	11	1.16%	2	1	93	93	4.74095465862783E-4	1	1	187	740	0	11	-C
A2_BC02.191219_FM1-2_consensus_vsearch	1615	C	*/+GT	830	16	1.7%	2	1	93	93	1.4204757803238014E-5	1	1	185	645	0	16	+GT
A2_BC02.191219_FM1-2_consensus_vsearch	1615	C	*/+T	830	8	0.85%	2	2	93	93	0.0038412438731329165	1	1	185	645	1	7	+GT
A2_BC02.191219_FM1-2_consensus_vsearch	1616	T	*/+G	906	12	1.27%	2	1	93	93	2.3546678438447562E-4	1	1	190	716	0	12	+G
A2_BC02.191219_FM1-2_consensus_vsearch	1616	T	*/-AC	906	8	0.85%	2	1	93	93	0.0038466298539855397	1	1	190	716	0	8	+G
A2_BC02.191219_FM1-2_consensus_vsearch	1617	A	*/-C	900	7	0.75%	2	1	93	93	0.007722257424555146	1	1	188	712	0	7	-C
A2_BC02.191219_FM1-2_consensus_vsearch	1618	C	*/+T	836	12	1.28%	2	1	93	93	2.3475990830694357E-4	1	1	180	656	0	12	+T
A2_BC02.191219_FM1-2_consensus_vsearch	1618	C	*/-T	836	7	0.75%	2	2	93	93	0.00771542262370482	1	1	180	656	2	5	+T
A2_BC02.191219_FM1-2_consensus_vsearch	1618	C	*/-TAC	836	23	2.46%	2	2	93	93	1.0268415283477564E-7	1	1	180	656	8	15	-TAC
A2_BC02.191219_FM1-2_consensus_vsearch	1621	C	*/+T	903	12	1.3%	2	1	93	93	2.354386815386086E-4	1	1	183	720	0	12	+T
A2_BC02.191219_FM1-2_consensus_vsearch	1622	C	*/+GG	890	16	1.68%	2	1	93	93	1.4272838099390001E-5	1	1	188	702	0	16	+GG
A2_BC02.191219_FM1-2_consensus_vsearch	1632	A	*/+C	929	10	1.06%	2	1	93	93	9.533243206025175E-4	1	1	187	742	0	10	+C
A2_BC02.191219_FM1-2_consensus_vsearch	1633	C	*/-T	920	22	2.32%	2	1	93	93	2.106079345116805E-7	1	1	189	731	0	22	-T
A2_BC02.191219_FM1-2_consensus_vsearch	1634	T	*/+C	872	21	2.26%	2	2	93	93	4.2336128207112016E-7	1	1	178	694	11	10	+C
A2_BC02.191219_FM1-2_consensus_vsearch	1634	T	*/-C	872	7	0.75%	2	1	93	93	0.007719389384140101	1	1	178	694	0	7	+C
A2_BC02.191219_FM1-2_consensus_vsearch	1637	G	*/-T	917	16	1.69%	2	1	93	93	1.4300686994320378E-5	1	1	183	734	0	16	-T
A2_BC02.191219_FM1-2_consensus_vsearch	1638	T	*/+G	895	15	1.61%	2	1	93	93	2.879341151262761E-5	1	1	187	708	0	15	+G
A2_BC02.191219_FM1-2_consensus_vsearch	1640	A	*/-GA	924	10	1.06%	2	1	93	93	9.532007898985776E-4	1	1	185	739	0	10	-GA
A2_BC02.191219_FM1-2_consensus_vsearch	1644	A	*/-T	921	18	1.9%	2	2	93	93	3.5135402382910113E-6	1	1	187	734	1	17	-T
A2_BC02.191219_FM1-2_consensus_vsearch	1645	T	*/+C	871	50	5.38%	2	1	93	93	4.483986827604996E-16	1	1	188	683	0	50	+C
A2_BC02.191219_FM1-2_consensus_vsearch	1646	T	*/+C	859	34	3.58%	2	2	93	93	4.226179078027096E-11	1	1	159	700	30	4	+C
A2_BC02.191219_FM1-2_consensus_vsearch	1646	T	*/-C	859	53	5.58%	2	2	93	93	5.0995908846235964E-17	1	1	159	700	1	52	-C
A2_BC02.191219_FM1-2_consensus_vsearch	1647	C	*/-G	671	210	23.44%	2	1	93	93	4.227323482562872E-70	1	1	185	486	0	210	-G
A2_BC02.191219_FM1-2_consensus_vsearch	1649	G	*/-A	937	9	0.95%	2	2	93	93	0.0019161486074344447	1	1	183	754	8	1	-A
A2_BC02.191219_FM1-2_consensus_vsearch	1650	A	*/+T	927	8	0.85%	2	2	93	93	0.0038479642340997267	1	1	179	748	1	7	+T
A2_BC02.191219_FM1-2_consensus_vsearch	1652	T	*/+G	907	16	1.68%	2	1	93	93	1.4290557896675565E-5	1	1	191	716	0	16	+G
A2_BC02.191219_FM1-2_consensus_vsearch	1652	T	*/-G	907	10	1.05%	2	1	93	93	9.527707813547603E-4	1	1	191	716	0	10	+G
A2_BC02.191219_FM1-2_consensus_vsearch	1655	C	*/+T	838	22	2.34%	2	2	93	93	2.0810065713144585E-7	1	1	155	683	8	14	+T
A2_BC02.191219_FM1-2_consensus_vsearch	1655	C	*/-T	838	46	4.88%	2	2	93	93	7.79174955461385E-15	1	1	155	683	7	39	-T
A2_BC02.191219_FM1-2_consensus_vsearch	1655	C	*/-TT	838	22	2.34%	2	2	93	93	2.0810065713144585E-7	1	1	155	683	17	5	-T
A2_BC02.191219_FM1-2_consensus_vsearch	1658	T	*/+A	665	11	1.16%	2	1	93	93	4.686668983151157E-4	1	1	120	545	11	0	+A
A2_BC02.191219_FM1-2_consensus_vsearch	1658	T	*/+G	665	17	1.8%	2	1	93	93	6.896943473376933E-6	1	1	120	545	0	17	+G
A2_BC02.191219_FM1-2_consensus_vsearch	1658	T	*/-G	665	222	23.47%	2	2	93	93	1.9301753859504993E-74	1	1	120	545	36	186	-G
A2_BC02.191219_FM1-2_consensus_vsearch	1662	G	*/-A	929	11	1.16%	2	2	93	93	4.74125373922013E-4	1	1	179	750	7	4	-A
A2_BC02.191219_FM1-2_consensus_vsearch	1664	G	*/-C	889	41	4.37%	2	2	93	93	2.8975378570290924E-13	1	1	171	718	12	29	-C
A2_BC02.191219_FM1-2_consensus_vsearch	1666	C	*/+G	818	17	1.79%	2	1	93	93	7.026982339244455E-6	1	1	160	658	0	17	+G
A2_BC02.191219_FM1-2_consensus_vsearch	1666	C	*/-G	818	36	3.79%	2	2	93	93	9.984288936607997E-12	1	1	160	658	24	12	-G
A2_BC02.191219_FM1-2_consensus_vsearch	1668	G	*/+A	858	30	3.17%	2	1	93	93	7.259813388972607E-10	1	1	170	688	0	30	+A
A2_BC02.191219_FM1-2_consensus_vsearch	1668	G	*/-A	858	48	5.07%	2	2	93	93	1.874533769775291E-15	1	1	170	688	15	33	-A
A2_BC02.191219_FM1-2_consensus_vsearch	1672	C	*/-G	904	26	2.75%	2	2	93	93	1.248182346389549E-8	1	1	185	719	3	23	-G
A2_BC02.191219_FM1-2_consensus_vsearch	1677	C	*/-T	831	75	7.93%	2	1	93	93	5.356934007960167E-24	1	1	188	643	0	75	-T
A2_BC02.191219_FM1-2_consensus_vsearch	1677	C	*/-TC	831	8	0.85%	2	1	93	93	0.0038413210515526037	1	1	188	643	0	8	-T
A2_BC02.191219_FM1-2_consensus_vsearch	1678	T	*/-C	793	28	3.23%	2	2	93	93	2.9476412431043593E-9	1	1	184	609	5	23	-C
A2_BC02.191219_FM1-2_consensus_vsearch	1678	T	*/-CC	793	29	3.35%	2	2	93	93	1.4487037758961457E-9	1	1	184	609	1	28	-CC
A2_BC02.191219_FM1-2_consensus_vsearch	1680	C	*/-GT	835	36	3.92%	2	1	93	93	1.0059518929890338E-11	1	1	188	647	0	36	-GT
A2_BC02.191219_FM1-2_consensus_vsearch	1681	G	*/-TTG	899	7	0.77%	2	1	93	93	0.00772215804029401	1	1	189	710	0	7	-TTG
A2_BC02.191219_FM1-2_consensus_vsearch	1686	T	*/+G	895	17	1.81%	2	1	93	93	7.076400702557986E-6	1	1	187	708	0	17	+G
A2_BC02.191219_FM1-2_consensus_vsearch	1687	G	*/-A	924	8	0.85%	2	1	93	93	0.003847777276985537	1	1	181	743	0	8	-A
A2_BC02.191219_FM1-2_consensus_vsearch	1688	A	*/-G	831	11	1.17%	2	2	93	93	4.7249450022222243E-4	1	1	93	738	10	1	-G
A2_BC02.191219_FM1-2_consensus_vsearch	1688	A	*/-GA	831	81	8.64%	2	2	93	93	6.444964942711403E-26	1	1	93	738	78	3	-GA
A2_BC02.191219_FM1-2_consensus_vsearch	1689	G	*/-A	833	7	0.82%	2	2	93	93	0.007715076749694868	1	1	90	743	1	6	-A
A2_BC02.191219_FM1-2_consensus_vsearch	1692	G	*/+C	903	7	0.75%	2	1	93	93	0.007722554269741379	1	1	172	731	0	7	+C
A2_BC02.191219_FM1-2_consensus_vsearch	1692	G	*/-T	903	23	2.45%	2	2	93	93	1.0381267361850435E-7	1	1	172	731	13	10	-T
A2_BC02.191219_FM1-2_consensus_vsearch	1695	T	*/+G	904	9	0.95%	2	2	93	93	0.0019148191043671528	1	1	186	718	1	8	+G
A2_BC02.191219_FM1-2_consensus_vsearch	1698	C	*/-A	923	10	1.05%	2	1	93	93	9.531759259913677E-4	1	1	187	736	0	10	-A
A2_BC02.191219_FM1-2_consensus_vsearch	1701	A	*/+C	897	23	2.43%	2	1	93	93	1.0371792344904246E-7	1	1	182	715	0	23	+C
A2_BC02.191219_FM1-2_consensus_vsearch	1701	A	*/+T	897	10	1.05%	2	1	93	93	9.525103599631537E-4	1	1	182	715	0	10	+C
A2_BC02.191219_FM1-2_consensus_vsearch	1702	C	*/+T	928	7	0.74%	2	1	93	93	0.00772495406052163	1	1	189	739	0	7	+T
A2_BC02.191219_FM1-2_consensus_vsearch	1702	C	*/-T	928	8	0.84%	2	2	93	93	0.0038480262877654513	1	1	189	739	1	7	-T
A2_BC02.191219_FM1-2_consensus_vsearch	1703	T	*/+C	898	11	1.17%	2	2	93	93	4.7364714960342844E-4	1	1	187	711	1	10	+C
A2_BC02.191219_FM1-2_consensus_vsearch	1703	T	*/-C	898	7	0.74%	2	1	93	93	0.00772205843684054	1	1	187	711	0	7	+C
A2_BC02.191219_FM1-2_consensus_vsearch	1704	C	*/+TC	893	11	1.17%	2	1	93	93	4.7356697424211984E-4	1	1	189	704	0	11	+TC
A2_BC02.191219_FM1-2_consensus_vsearch	1704	C	*/-G	893	21	2.23%	2	2	93	93	4.2453310645633847E-7	1	1	189	704	1	20	-G
A2_BC02.191219_FM1-2_consensus_vsearch	1709	A	*/+T	912	20	2.11%	2	2	93	93	8.603259853408241E-7	1	1	167	745	17	3	+T
A2_BC02.191219_FM1-2_consensus_vsearch	1713	A	*/+G	890	39	4.12%	2	1	93	93	1.2104545789225169E-12	1	1	183	707	0	39	+G
A2_BC02.191219_FM1-2_consensus_vsearch	1714	G	*/-A	929	7	0.74%	2	2	93	93	0.007725047391454701	1	1	178	751	1	6	-A
A2_BC02.191219_FM1-2_consensus_vsearch	1715	A	*/+G	883	11	1.18%	2	2	93	93	4.734039590031198E-4	1	1	147	736	2	9	+G
A2_BC02.191219_FM1-2_consensus_vsearch	1715	A	*/-G	883	30	3.21%	2	2	93	93	7.310320833744634E-10	1	1	147	736	24	6	-G
A2_BC02.191219_FM1-2_consensus_vsearch	1716	G	*/+T	884	7	0.78%	2	1	93	93	0.007720640566701033	1	1	144	740	0	7	+T
A2_BC02.191219_FM1-2_consensus_vsearch	1717	G	*/-A	922	13	1.38%	2	2	93	93	1.1705044229998304E-4	1	1	165	757	11	2	-A
A2_BC02.191219_FM1-2_consensus_vsearch	1720	G	*/-T	920	12	1.27%	2	1	93	93	2.3559556682450165E-4	1	1	187	733	0	12	-T
A2_BC02.191219_FM1-2_consensus_vsearch	1721	T	*/+A	741	39	4.18%	2	2	93	93	1.1176293173584344E-12	1	1	166	575	10	29	+A
A2_BC02.191219_FM1-2_consensus_vsearch	1721	T	*/-A	741	110	11.79%	2	2	93	93	1.7803244515174762E-35	1	1	166	575	12	98	-A
A2_BC02.191219_FM1-2_consensus_vsearch	1721	T	*/-AA	741	9	0.96%	2	2	93	93	0.0019065469978587473	1	1	166	575	1	8	-A
A2_BC02.191219_FM1-2_consensus_vsearch	1725	A	*/-G	918	11	1.17%	2	2	93	93	4.7395930077834606E-4	1	1	185	733	6	5	-G
A2_BC02.191219_FM1-2_consensus_vsearch	1727	T	*/-C	909	14	1.49%	2	1	93	93	5.80782157430931E-5	1	1	188	721	0	14	-C
A2_BC02.191219_FM1-2_consensus_vsearch	1728	C	*/-G	882	11	1.18%	2	2	93	93	4.733874586156286E-4	1	1	188	694	1	10	-G
A2_BC02.191219_FM1-2_consensus_vsearch	1728	C	*/-GT	882	28	3%	2	1	93	93	3.016984631537394E-9	1	1	188	694	0	28	-GT
A2_BC02.191219_FM1-2_consensus_vsearch	1730	T	*/+A	837	42	4.58%	2	1	93	93	1.3768161545600797E-13	1	1	189	648	0	42	+A
A2_BC02.191219_FM1-2_consensus_vsearch	1730	T	*/-A	837	7	0.76%	2	2	93	93	0.007715537369944805	1	1	189	648	2	5	+A
A2_BC02.191219_FM1-2_consensus_vsearch	1732	A	*/+T	896	8	0.84%	2	1	93	93	0.0038459727242479073	1	1	184	712	0	8	+T
A2_BC02.191219_FM1-2_consensus_vsearch	1732	A	*/-C	896	13	1.37%	2	2	93	93	1.1690896326292513E-4	1	1	184	712	1	12	-C
A2_BC02.191219_FM1-2_consensus_vsearch	1732	A	*/-CA	896	8	0.84%	2	1	93	93	0.0038459727242479073	1	1	184	712	0	8	-C
A2_BC02.191219_FM1-2_consensus_vsearch	1733	C	*/+A	812	27	2.91%	2	2	93	93	6.023983812510733E-9	1	1	157	655	26	1	+A
A2_BC02.191219_FM1-2_consensus_vsearch	1733	C	*/-A	812	8	0.86%	2	2	93	93	0.003839822601774854	1	1	157	655	2	6	+A
A2_BC02.191219_FM1-2_consensus_vsearch	1733	C	*/-AAG	812	8	0.86%	2	1	93	93	0.003839822601774854	1	1	157	655	0	8	+A
A2_BC02.191219_FM1-2_consensus_vsearch	1737	G	*/-T	927	9	0.95%	2	2	93	93	0.001915755576731505	1	1	187	740	1	8	-T
A2_BC02.191219_FM1-2_consensus_vsearch	1740	T	*/-C	863	71	7.47%	2	2	93	93	1.0624653706678275E-22	1	1	182	681	4	67	-C
A2_BC02.191219_FM1-2_consensus_vsearch	1742	C	*/-GT	911	13	1.37%	2	1	93	93	1.169915433330635E-4	1	1	189	722	0	13	-GT
A2_BC02.191219_FM1-2_consensus_vsearch	1744	T	*/-A	868	13	1.39%	2	2	93	93	1.1674740492609966E-4	1	1	177	691	7	6	-A
A2_BC02.191219_FM1-2_consensus_vsearch	1745	A	*/+G	883	11	1.18%	2	1	93	93	4.734039590031198E-4	1	1	178	705	0	11	+G
A2_BC02.191219_FM1-2_consensus_vsearch	1745	A	*/-G	883	18	1.93%	2	2	93	93	3.5012555732890465E-6	1	1	178	705	2	16	-G
A2_BC02.191219_FM1-2_consensus_vsearch	1745	A	*/-GGT	883	7	0.75%	2	1	93	93	0.007720537587223537	1	1	178	705	0	7	-G
A2_BC02.191219_FM1-2_consensus_vsearch	1749	G	*/+A	911	21	2.23%	2	1	93	93	4.254974504502383E-7	1	1	187	724	0	21	+A
A2_BC02.191219_FM1-2_consensus_vsearch	1751	A	*/-C	913	21	2.21%	2	2	93	93	4.2560241167798906E-7	1	1	185	728	3	18	-C
A2_BC02.191219_FM1-2_consensus_vsearch	1752	C	*/+T	907	14	1.51%	2	1	93	93	5.8071906695318645E-5	1	1	187	720	0	14	+T
A2_BC02.191219_FM1-2_consensus_vsearch	1753	C	*/-T	922	11	1.16%	2	1	93	93	4.7402013991721184E-4	1	1	190	732	0	11	-T
A2_BC02.191219_FM1-2_consensus_vsearch	1754	T	*/+G	890	14	1.5%	2	1	93	93	5.801717294981319E-5	1	1	190	700	0	14	+G
A2_BC02.191219_FM1-2_consensus_vsearch	1755	G	*/-C	907	8	0.85%	2	1	93	93	0.003846694779808949	1	1	186	721	0	8	-C
A2_BC02.191219_FM1-2_consensus_vsearch	1756	C	*/+A	798	11	1.18%	2	2	93	93	4.7185734908525073E-4	1	1	186	612	1	10	+A
A2_BC02.191219_FM1-2_consensus_vsearch	1756	C	*/+G	798	41	4.38%	2	2	93	93	2.7559368391892717E-13	1	1	186	612	1	40	+G
A2_BC02.191219_FM1-2_consensus_vsearch	1756	C	*/-G	798	27	2.88%	2	1	93	93	6.001940391170619E-9	1	1	186	612	0	27	+G
A2_BC02.191219_FM1-2_consensus_vsearch	1757	G	*/+T	875	7	0.76%	2	1	93	93	0.0077197053642341935	1	1	185	690	0	7	+T
A2_BC02.191219_FM1-2_consensus_vsearch	1757	G	*/+TG	875	20	2.18%	2	1	93	93	8.566297098298497E-7	1	1	185	690	0	20	+TG
A2_BC02.191219_FM1-2_consensus_vsearch	1758	G	*/-A	931	10	1.05%	2	2	93	93	9.533733678849693E-4	1	1	185	746	3	7	-A
A2_BC02.191219_FM1-2_consensus_vsearch	1760	A	*/-G	925	13	1.37%	2	2	93	93	1.1706626934214515E-4	1	1	185	740	4	9	-G
A2_BC02.191219_FM1-2_consensus_vsearch	1761	G	*/+C	902	19	2.03%	2	1	93	93	1.7366132713178095E-6	1	1	186	716	0	19	+C
A2_BC02.191219_FM1-2_consensus_vsearch	1763	A	*/+T	918	7	0.74%	2	1	93	93	0.007724009676382631	1	1	189	729	0	7	+T
A2_BC02.191219_FM1-2_consensus_vsearch	1766	A	*/-T	891	27	2.86%	2	2	93	93	6.136832982410318E-9	1	1	187	704	1	26	-T
A2_BC02.191219_FM1-2_consensus_vsearch	1766	A	*/-TTA	891	10	1.06%	2	1	93	93	9.523513526457759E-4	1	1	187	704	0	10	-T
A2_BC02.191219_FM1-2_consensus_vsearch	1767	T	*/+CAT	893	7	0.77%	2	1	93	93	0.007721557107154521	1	1	187	706	0	7	+CAT
A2_BC02.191219_FM1-2_consensus_vsearch	1769	A	*/-T	922	10	1.06%	2	1	93	93	9.53151009110635E-4	1	1	191	731	0	10	-T
A2_BC02.191219_FM1-2_consensus_vsearch	1771	C	*/-G	930	11	1.16%	2	2	93	93	4.7414028071261874E-4	1	1	181	749	7	4	-G
A2_BC02.191219_FM1-2_consensus_vsearch	1774	G	*/+C	886	15	1.58%	2	1	93	93	2.8776553815378672E-5	1	1	169	717	0	15	+C
A2_BC02.191219_FM1-2_consensus_vsearch	1774	G	*/+T	886	18	1.9%	2	2	93	93	3.5022617139491303E-6	1	1	169	717	3	15	+T
A2_BC02.191219_FM1-2_consensus_vsearch	1774	G	*/-T	886	18	1.9%	2	2	93	93	3.5022617139491303E-6	1	1	169	717	12	6	+T
A2_BC02.191219_FM1-2_consensus_vsearch	1777	T	*/+G	915	17	1.79%	2	1	93	93	7.0879384216609625E-6	1	1	188	727	0	17	+G
A2_BC02.191219_FM1-2_consensus_vsearch	1781	C	*/+G	902	7	0.74%	2	1	93	93	0.007722455538556802	1	1	184	718	0	7	+G
A2_BC02.191219_FM1-2_consensus_vsearch	1781	C	*/-G	902	14	1.48%	2	1	93	93	5.8056015682622736E-5	1	1	184	718	0	14	-G
A2_BC02.191219_FM1-2_consensus_vsearch	1782	G	*/+CG	904	12	1.29%	2	1	93	93	2.3544806936308014E-4	1	1	182	722	0	12	+CG
A2_BC02.191219_FM1-2_consensus_vsearch	1789	G	*/-CTG	871	57	6.04%	2	2	93	93	2.8578901756588647E-18	1	1	184	687	4	53	-CTG
A2_BC02.191219_FM1-2_consensus_vsearch	1791	T	*/-G	849	14	1.58%	2	1	93	93	5.7876463473286116E-5	1	1	185	664	0	14	-G
A2_BC02.191219_FM1-2_consensus_vsearch	1792	G	*/+A	794	53	6.06%	2	1	93	93	4.794775256151356E-17	1	1	180	614	0	53	+A
A2_BC02.191219_FM1-2_consensus_vsearch	1793	G	*/+A	846	10	1.06%	2	2	93	93	9.510882923212389E-4	1	1	186	660	1	9	+A
A2_BC02.191219_FM1-2_consensus_vsearch	1793	G	*/+AG	846	10	1.06%	2	1	93	93	9.510882923212389E-4	1	1	186	660	0	10	+A
A2_BC02.191219_FM1-2_consensus_vsearch	1793	G	*/+T	846	21	2.22%	2	2	93	93	4.2183572541103965E-7	1	1	186	660	2	19	+T
A2_BC02.191219_FM1-2_consensus_vsearch	1793	G	*/-T	846	29	3.07%	2	2	93	93	1.4712994841208226E-9	1	1	186	660	1	28	-T
A2_BC02.191219_FM1-2_consensus_vsearch	1793	G	*/-TT	846	9	0.95%	2	1	93	93	0.0019122350977176068	1	1	186	660	0	9	-T
A2_BC02.191219_FM1-2_consensus_vsearch	1795	T	*/-C	804	37	3.93%	2	1	93	93	4.853995019112963E-12	1	1	188	616	0	37	-C
A2_BC02.191219_FM1-2_consensus_vsearch	1795	T	*/-CT	804	35	3.72%	2	1	93	93	2.026329241887818E-11	1	1	188	616	0	35	-C
A2_BC02.191219_FM1-2_consensus_vsearch	1796	C	*/+T	750	9	1.02%	2	2	93	93	0.0019070958248390462	1	1	184	566	2	7	+T
A2_BC02.191219_FM1-2_consensus_vsearch	1796	C	*/-T	750	98	11.15%	2	2	93	93	1.6103563910574427E-31	1	1	184	566	1	97	-T
A2_BC02.191219_FM1-2_consensus_vsearch	1797	T	*/+G	741	8	0.99%	2	2	93	93	0.003833553252568582	1	1	185	556	1	7	+G
A2_BC02.191219_FM1-2_consensus_vsearch	1798	T	*/+G	788	14	1.49%	2	1	93	93	5.764102981811085E-5	1	1	185	603	0	14	+G
A2_BC02.191219_FM1-2_consensus_vsearch	1798	T	*/-A	788	29	3.09%	2	1	93	93	1.446437481627572E-9	1	1	185	603	0	29	-A
A2_BC02.191219_FM1-2_consensus_vsearch	1799	A	*/+G	717	11	1.21%	2	1	93	93	4.7005143483967845E-4	1	1	182	535	0	11	+G
A2_BC02.191219_FM1-2_consensus_vsearch	1799	A	*/-C	717	26	2.85%	2	2	93	93	1.1928152154628897E-8	1	1	182	535	2	24	-C
A2_BC02.191219_FM1-2_consensus_vsearch	1799	A	*/-CA	717	10	1.1%	2	1	93	93	9.466087718941471E-4	1	1	182	535	0	10	-C
A2_BC02.191219_FM1-2_consensus_vsearch	1800	C	*/+A	703	31	3.41%	2	2	93	93	3.369572368108886E-10	1	1	155	548	26	5	+A
A2_BC02.191219_FM1-2_consensus_vsearch	1800	C	*/+T	703	13	1.43%	2	1	93	93	1.155435578112562E-4	1	1	155	548	0	13	+A
A2_BC02.191219_FM1-2_consensus_vsearch	1800	C	*/-A	703	42	4.63%	2	2	93	93	1.2547487508417952E-13	1	1	155	548	4	38	-A
A2_BC02.191219_FM1-2_consensus_vsearch	1800	C	*/-AA	703	59	6.5%	2	1	93	93	5.395705674903586E-19	1	1	155	548	0	59	-AA
A2_BC02.191219_FM1-2_consensus_vsearch	1802	A	*/+G	781	17	1.93%	2	1	93	93	6.999955103301067E-6	1	1	188	593	0	17	+G
A2_BC02.191219_FM1-2_consensus_vsearch	1802	A	*/-G	781	10	1.14%	2	1	93	93	9.4901227150982E-4	1	1	188	593	0	10	+G
A2_BC02.191219_FM1-2_consensus_vsearch	1803	G	*/-T	878	9	0.97%	2	2	93	93	0.0019137023194271106	1	1	150	728	2	7	-T
A2_BC02.191219_FM1-2_consensus_vsearch	1804	T	*/-GC	734	9	0.97%	2	2	93	93	0.001906110999767846	1	1	182	552	2	7	-GC
A2_BC02.191219_FM1-2_consensus_vsearch	1806	C	*/-AC	911	16	1.7%	2	2	93	93	1.4294635118900943E-5	1	1	169	742	15	1	-AC
A2_BC02.191219_FM1-2_consensus_vsearch	1807	A	*/+T	904	14	1.5%	2	1	93	93	5.806239249238749E-5	1	1	171	733	0	14	+T
A2_BC02.191219_FM1-2_consensus_vsearch	1812	G	*/-CG	907	21	2.23%	2	2	93	93	4.2528623399539655E-7	1	1	187	720	3	18	-CG
A2_BC02.191219_FM1-2_consensus_vsearch	1814	G	*/+C	885	8	0.87%	2	1	93	93	0.003845232945506355	1	1	182	703	0	8	+C
A2_BC02.191219_FM1-2_consensus_vsearch	1816	C	*/+T	859	27	2.86%	2	2	93	93	6.09333616599102E-9	1	1	181	678	2	25	+T
A2_BC02.191219_FM1-2_consensus_vsearch	1816	C	*/-T	859	46	4.87%	2	2	93	93	7.904029469265978E-15	1	1	181	678	2	44	-T
A2_BC02.191219_FM1-2_consensus_vsearch	1819	T	*/-C	917	14	1.48%	2	2	93	93	5.810318560301478E-5	1	1	173	744	8	6	-C
A2_BC02.191219_FM1-2_consensus_vsearch	1820	C	*/+T	888	13	1.4%	2	1	93	93	1.1686381305958546E-4	1	1	172	716	0	13	+T
A2_BC02.191219_FM1-2_consensus_vsearch	1820	C	*/-T	888	19	2.05%	2	2	93	93	1.7340753910199504E-6	1	1	172	716	3	16	-T
A2_BC02.191219_FM1-2_consensus_vsearch	1821	T	*/+CT	891	9	0.98%	2	1	93	93	0.0019142687345043564	1	1	170	721	0	9	+CT
A2_BC02.191219_FM1-2_consensus_vsearch	1822	T	*/-A	899	30	3.19%	2	2	93	93	7.341368683957901E-10	1	1	160	739	22	8	-A
A2_BC02.191219_FM1-2_consensus_vsearch	1824	A	*/-T	926	9	0.95%	2	1	93	93	0.0019157158136505837	1	1	188	738	0	9	-T
A2_BC02.191219_FM1-2_consensus_vsearch	1825	T	*/-C	916	14	1.49%	2	2	93	93	5.810008745317784E-5	1	1	175	741	12	2	-C
A2_BC02.191219_FM1-2_consensus_vsearch	1827	C	*/+A	912	23	2.42%	2	1	93	93	1.0395264897347086E-7	1	1	183	729	0	23	+A
A2_BC02.191219_FM1-2_consensus_vsearch	1828	A	*/+C	823	20	2.12%	2	2	93	93	8.509115909513751E-7	1	1	132	691	3	17	+C
A2_BC02.191219_FM1-2_consensus_vsearch	1828	A	*/+T	823	11	1.16%	2	1	93	93	4.7234462157216725E-4	1	1	132	691	0	11	+C
A2_BC02.191219_FM1-2_consensus_vsearch	1828	A	*/-C	823	67	7.09%	2	2	93	93	1.8640666441069197E-21	1	1	132	691	45	22	-C
A2_BC02.191219_FM1-2_consensus_vsearch	1828	A	*/-CC	823	13	1.38%	2	2	93	93	1.1646544995748871E-4	1	1	132	691	3	10	-C
A2_BC02.191219_FM1-2_consensus_vsearch	1829	C	*/+T	832	7	0.81%	2	1	93	93	0.007714960910027982	1	1	137	695	0	7	+T
A2_BC02.191219_FM1-2_consensus_vsearch	1833	A	*/+T	865	8	0.85%	2	1	93	93	0.0038438403105738365	1	1	172	693	0	8	+T
A2_BC02.191219_FM1-2_consensus_vsearch	1833	A	*/-C	865	54	5.75%	2	2	93	93	2.4892300276363898E-17	1	1	172	693	1	53	-C
A2_BC02.191219_FM1-2_consensus_vsearch	1835	C	*/+A	726	12	1.27%	2	2	93	93	2.3338217796163457E-4	1	1	179	547	4	8	+A
A2_BC02.191219_FM1-2_consensus_vsearch	1835	C	*/-G	726	45	4.77%	2	1	93	93	1.4672194722019656E-14	1	1	179	547	0	45	-G
A2_BC02.191219_FM1-2_consensus_vsearch	1836	G	*/-T	829	19	2.1%	2	1	93	93	1.7224964528529434E-6	1	1	184	645	0	19	-T
A2_BC02.191219_FM1-2_consensus_vsearch	1836	G	*/-TG	829	32	3.54%	2	1	93	93	1.7362365745293854E-10	1	1	184	645	0	32	-TG
A2_BC02.191219_FM1-2_consensus_vsearch	1837	T	*/+A	834	7	0.78%	2	2	93	93	0.007715192314578035	1	1	185	649	1	6	+A
A2_BC02.191219_FM1-2_consensus_vsearch	1837	T	*/-GC	834	13	1.45%	2	2	93	93	1.1653709494770058E-4	1	1	185	649	2	11	-GC
A2_BC02.191219_FM1-2_consensus_vsearch	1838	G	*/+TG	850	19	2.12%	2	1	93	93	1.7267908824312356E-6	1	1	182	668	0	19	+TG
A2_BC02.191219_FM1-2_consensus_vsearch	1839	C	*/+GC	861	21	2.26%	2	1	93	93	4.2272629180603525E-7	1	1	186	675	0	21	+GC
A2_BC02.191219_FM1-2_consensus_vsearch	1840	A	*/+C	889	18	1.91%	2	1	93	93	3.5032614198745517E-6	1	1	181	708	0	18	+C
A2_BC02.191219_FM1-2_consensus_vsearch	1841	C	*/+T	858	37	3.91%	2	1	93	93	4.976546784317384E-12	1	1	185	673	0	37	+T
A2_BC02.191219_FM1-2_consensus_vsearch	1841	C	*/-T	858	30	3.17%	2	2	93	93	7.259813388972607E-10	1	1	185	673	3	27	+T
A2_BC02.191219_FM1-2_consensus_vsearch	1842	T	*/+C	871	10	1.09%	2	1	93	93	9.518058030792807E-4	1	1	186	685	0	10	+C
A2_BC02.191219_FM1-2_consensus_vsearch	1843	T	*/-C	851	58	6.12%	2	2	93	93	1.356476435132634E-18	1	1	182	669	2	56	-C
A2_BC02.191219_FM1-2_consensus_vsearch	1844	C	*/+G	759	8	0.9%	2	1	93	93	0.003835252022851788	1	1	185	574	0	8	+G
A2_BC02.191219_FM1-2_consensus_vsearch	1844	C	*/+T	759	67	7.56%	2	2	93	93	1.6795133696090621E-21	1	1	185	574	1	66	+T
A2_BC02.191219_FM1-2_consensus_vsearch	1844	C	*/-G	759	15	1.69%	2	1	93	93	2.8497917640012898E-5	1	1	185	574	0	15	+T
A2_BC02.191219_FM1-2_consensus_vsearch	1845	G	*/+A	876	8	0.86%	2	1	93	93	0.0038446140289108413	1	1	182	694	0	8	+A
A2_BC02.191219_FM1-2_consensus_vsearch	1848	G	*/-CG	878	52	5.49%	2	2	93	93	1.0665239595158274E-16	1	1	182	696	6	46	-CG
A2_BC02.191219_FM1-2_consensus_vsearch	1850	G	*/+CG	870	14	1.56%	2	1	93	93	5.795013472095772E-5	1	1	183	687	0	14	+CG
A2_BC02.191219_FM1-2_consensus_vsearch	1851	T	*/-C	927	8	0.85%	2	2	93	93	0.0038479642340997267	1	1	190	737	1	7	-C
A2_BC02.191219_FM1-2_consensus_vsearch	1852	C	*/+T	909	7	0.74%	2	1	93	93	0.007723142139737795	1	1	186	723	0	7	+T
A2_BC02.191219_FM1-2_consensus_vsearch	1852	C	*/-T	909	14	1.48%	2	1	93	93	5.80782157430931E-5	1	1	186	723	0	14	-T
A2_BC02.191219_FM1-2_consensus_vsearch	1854	T	*/-A	913	11	1.16%	2	2	93	93	4.738825180222003E-4	1	1	178	735	7	4	-A
A2_BC02.191219_FM1-2_consensus_vsearch	1855	A	*/-G	693	225	23.99%	2	1	93	93	2.84961872380958E-75	1	1	176	517	0	225	-G
A2_BC02.191219_FM1-2_consensus_vsearch	1860	G	*/-CG	928	9	0.95%	2	2	93	93	0.0019157952553783646	1	1	186	742	1	8	-CG
A2_BC02.191219_FM1-2_consensus_vsearch	1861	C	*/-G	904	20	2.13%	2	2	93	93	8.595508248245577E-7	1	1	186	718	1	19	-G
A2_BC02.191219_FM1-2_consensus_vsearch	1864	T	*/-C	923	13	1.37%	2	2	93	93	1.1705572909173921E-4	1	1	172	751	12	1	-C
A2_BC02.191219_FM1-2_consensus_vsearch	1867	A	*/+T	867	53	5.6%	2	2	93	93	5.135237621090982E-17	1	1	143	724	34	19	+T
A2_BC02.191219_FM1-2_consensus_vsearch	1867	A	*/-T	867	17	1.8%	2	2	93	93	7.059396856646304E-6	1	1	143	724	7	10	+T
A2_BC02.191219_FM1-2_consensus_vsearch	1870	T	*/-A	922	10	1.05%	2	2	93	93	9.53151009110635E-4	1	1	175	747	9	1	-A
A2_BC02.191219_FM1-2_consensus_vsearch	1872	C	*/+A	877	8	0.85%	2	1	93	93	0.0038446834167468495	1	1	148	729	0	8	+A
A2_BC02.191219_FM1-2_consensus_vsearch	1872	C	*/-AC	877	25	2.65%	2	2	93	93	2.5178597556358018E-8	1	1	148	729	23	2	-AC
A2_BC02.191219_FM1-2_consensus_vsearch	1873	A	*/+T	883	8	0.87%	2	1	93	93	0.0038450964850438646	1	1	159	724	0	8	+T
A2_BC02.191219_FM1-2_consensus_vsearch	1873	A	*/-C	883	13	1.42%	2	2	93	93	1.1683519090570264E-4	1	1	159	724	1	12	-C
A2_BC02.191219_FM1-2_consensus_vsearch	1875	C	-A/-A	35	902	95.35%	2	2	93	93	0.0	1	1	6	29	180	722	-A
A2_BC02.191219_FM1-2_consensus_vsearch	1879	A	*/+C	930	9	0.95%	2	2	93	93	0.001915874360429123	1	1	182	748	2	7	+C
A2_BC02.191219_FM1-2_consensus_vsearch	1881	C	*/+T	272	543	57.1%	2	2	93	93	1.1393738122276285E-225	1	1	57	215	119	424	+T
A2_BC02.191219_FM1-2_consensus_vsearch	1881	C	*/+TT	272	39	4.1%	2	2	93	93	5.10398361191828E-13	1	1	57	215	7	32	+T
A2_BC02.191219_FM1-2_consensus_vsearch	1881	C	*/+TTT	272	28	2.94%	2	1	93	93	1.924428839830666E-9	1	1	57	215	0	28	+T
A2_BC02.191219_FM1-2_consensus_vsearch	1881	C	*/-T	272	39	4.1%	2	2	93	93	5.10398361191828E-13	1	1	57	215	6	33	-T
A2_BC02.191219_FM1-2_consensus_vsearch	1881	C	*/-TT	272	17	1.79%	2	1	93	93	5.9880479363891315E-6	1	1	57	215	0	17	-T
A2_BC02.191219_FM1-2_consensus_vsearch	1891	C	*/+A	927	8	0.84%	2	1	93	93	0.0038479642340997267	1	1	179	748	8	0	+A
A2_BC02.191219_FM1-2_consensus_vsearch	1891	C	*/+G	927	7	0.74%	2	2	93	93	0.0077248605301177935	1	1	179	748	1	6	+A
A2_BC02.191219_FM1-2_consensus_vsearch	1892	G	*/-A	932	11	1.16%	2	2	93	93	4.7417000031486754E-4	1	1	180	752	8	3	-A
A2_BC02.191219_FM1-2_consensus_vsearch	1893	A	*/-G	921	7	0.74%	2	2	93	93	0.00772429512406293	1	1	178	743	1	6	-G
A2_BC02.191219_FM1-2_consensus_vsearch	1894	G	*/+C	912	16	1.7%	2	1	93	93	1.429564906667561E-5	1	1	186	726	0	16	+C
A2_BC02.191219_FM1-2_consensus_vsearch	1902	C	*/+T	919	7	0.74%	2	2	93	93	0.007724105030664168	1	1	188	731	1	6	+T
A2_BC02.191219_FM1-2_consensus_vsearch	1902	C	*/-T	919	20	2.11%	2	1	93	93	8.609938615133733E-7	1	1	188	731	0	20	-T
A2_BC02.191219_FM1-2_consensus_vsearch	1904	T	*/+G	929	7	0.74%	2	2	93	93	0.007725047391454701	1	1	187	742	1	6	+G
A2_BC02.191219_FM1-2_consensus_vsearch	1909	T	*/+A	794	78	8.24%	2	2	93	93	5.454915625543334E-25	1	1	165	629	10	68	+A
A2_BC02.191219_FM1-2_consensus_vsearch	1909	T	*/-A	794	39	4.12%	2	2	93	93	1.1536595545051918E-12	1	1	165	629	10	29	+A
A2_BC02.191219_FM1-2_consensus_vsearch	1918	G	*/-T	922	8	0.84%	2	1	93	93	0.0038476519712181086	1	1	179	743	0	8	-T
A2_BC02.191219_FM1-2_consensus_vsearch	1919	T	*/+G	894	8	0.85%	2	1	93	93	0.003845839556187414	1	1	185	709	0	8	+G
A2_BC02.191219_FM1-2_consensus_vsearch	1927	T	*/-C	934	7	0.74%	2	2	93	93	0.0077255110771605765	1	1	183	751	3	4	-C
A2_BC02.191219_FM1-2_consensus_vsearch	1928	C	*/+A	931	7	0.74%	2	1	93	93	0.007725233457633749	1	1	186	745	0	7	+A
A2_BC02.191219_FM1-2_consensus_vsearch	1931	C	*/-AAC	931	10	1.05%	2	2	93	93	9.533733678849693E-4	1	1	186	745	2	8	-AAC
A2_BC02.191219_FM1-2_consensus_vsearch	1934	C	*/-G	911	13	1.38%	2	1	93	93	1.169915433330635E-4	1	1	184	727	0	13	-G
A2_BC02.191219_FM1-2_consensus_vsearch	1937	A	*/-T	921	19	2%	2	1	93	93	1.739941028070189E-6	1	1	190	731	0	19	-T
A2_BC02.191219_FM1-2_consensus_vsearch	1938	T	*/-C	910	11	1.18%	2	1	93	93	4.738360519402493E-4	1	1	190	720	0	11	-C
A2_BC02.191219_FM1-2_consensus_vsearch	1940	T	*/-C	911	23	2.43%	2	1	93	93	1.0393722176037288E-7	1	1	185	726	0	23	-C
A2_BC02.191219_FM1-2_consensus_vsearch	1940	T	*/-CT	911	8	0.84%	2	2	93	93	0.0038469530751784552	1	1	185	726	4	4	-C
A2_BC02.191219_FM1-2_consensus_vsearch	1941	C	*/+T	789	65	7.07%	2	1	93	93	7.64310205198151E-21	1	1	184	605	0	65	+T
A2_BC02.191219_FM1-2_consensus_vsearch	1941	C	*/-T	789	54	5.87%	2	2	93	93	2.3100571766038388E-17	1	1	184	605	2	52	+T
A2_BC02.191219_FM1-2_consensus_vsearch	1941	C	*/-TT	789	8	0.87%	2	1	93	93	0.0038379134944695158	1	1	184	605	0	8	+T
A2_BC02.191219_FM1-2_consensus_vsearch	1942	T	*/+CT	859	14	1.59%	2	1	93	93	5.791197881355526E-5	1	1	184	675	0	14	+CT
A2_BC02.191219_FM1-2_consensus_vsearch	1943	T	*/-G	908	21	2.23%	2	2	93	93	4.253392006872578E-7	1	1	188	720	1	20	-G
A2_BC02.191219_FM1-2_consensus_vsearch	1948	T	*/-C	896	27	2.84%	2	2	93	93	6.143379623388493E-9	1	1	147	749	18	9	-C
A2_BC02.191219_FM1-2_consensus_vsearch	1948	T	*/-CC	896	23	2.42%	2	1	93	93	1.0370201845352265E-7	1	1	147	749	23	0	-C
A2_BC02.191219_FM1-2_consensus_vsearch	1950	C	*/+T	913	11	1.19%	2	1	93	93	4.738825180222003E-4	1	1	167	746	0	11	+T
A2_BC02.191219_FM1-2_consensus_vsearch	1951	C	*/-AC	912	13	1.37%	2	1	93	93	1.1699695482902303E-4	1	1	177	735	13	0	-AC
A2_BC02.191219_FM1-2_consensus_vsearch	1952	A	*/+C	915	7	0.75%	2	1	93	93	0.007723722375264688	1	1	175	740	0	7	+C
A2_BC02.191219_FM1-2_consensus_vsearch	1953	C	*/+T	901	13	1.39%	2	1	93	93	1.169367866866494E-4	1	1	176	725	0	13	+T
A2_BC02.191219_FM1-2_consensus_vsearch	1954	T	*/+C	815	11	1.16%	2	1	93	93	4.7219187001054105E-4	1	1	185	630	0	11	+C
A2_BC02.191219_FM1-2_consensus_vsearch	1954	T	*/-C	815	106	11.21%	2	2	93	93	4.990797842942171E-34	1	1	185	630	1	105	-C
A2_BC02.191219_FM1-2_consensus_vsearch	1955	C	*/+T	810	8	0.95%	2	1	93	93	0.0038396608371610618	1	1	188	622	0	8	+T
A2_BC02.191219_FM1-2_consensus_vsearch	1959	G	*/+A	932	10	1.05%	2	1	93	93	9.53397813966037E-4	1	1	178	754	10	0	+A
A2_BC02.191219_FM1-2_consensus_vsearch	1962	G	*/+A	923	11	1.17%	2	1	93	93	4.740352690315087E-4	1	1	184	739	0	11	+A
A2_BC02.191219_FM1-2_consensus_vsearch	1967	C	*/-AGC	904	9	0.96%	2	2	93	93	0.0019148191043671528	1	1	179	725	7	2	-AGC
A2_BC02.191219_FM1-2_consensus_vsearch	1968	A	*/-G	893	19	2.03%	2	1	93	93	1.7349903856578177E-6	1	1	166	727	0	19	-G
A2_BC02.191219_FM1-2_consensus_vsearch	1969	G	*/-C	901	7	0.76%	2	1	93	93	0.00772235659043017	1	1	181	720	0	7	-C
A2_BC02.191219_FM1-2_consensus_vsearch	1970	C	*/-G	884	7	0.75%	2	2	93	93	0.007720640566701033	1	1	175	709	4	3	-G
A2_BC02.191219_FM1-2_consensus_vsearch	1973	A	*/-T	934	7	0.74%	2	2	93	93	0.0077255110771605765	1	1	186	748	2	5	-T
A2_BC02.191219_FM1-2_consensus_vsearch	1975	T	*/+G	904	35	3.68%	2	1	93	93	2.1075165437441504E-11	1	1	190	714	0	35	+G
A2_BC02.191219_FM1-2_consensus_vsearch	1980	T	*/-A	927	8	0.85%	2	2	93	93	0.0038479642340997267	1	1	186	741	2	6	-A
A2_BC02.191219_FM1-2_consensus_vsearch	1984	T	*/-A	859	43	4.57%	2	2	93	93	6.808566228174175E-14	1	1	177	682	3	40	-A
A2_BC02.191219_FM1-2_consensus_vsearch	1988	G	*/+C	821	10	1.05%	2	2	93	93	9.503279521415529E-4	1	1	170	651	1	9	+C
A2_BC02.191219_FM1-2_consensus_vsearch	1988	G	*/-T	821	18	1.89%	2	2	93	93	3.4789088315471687E-6	1	1	170	651	3	15	-T
A2_BC02.191219_FM1-2_consensus_vsearch	1988	G	*/-TG	821	95	9.99%	2	2	93	93	1.9299966396385623E-30	1	1	170	651	13	82	-TG
A2_BC02.191219_FM1-2_consensus_vsearch	1989	T	*/+G	780	22	2.63%	2	1	93	93	2.0603618870897754E-7	1	1	167	613	0	22	+G
A2_BC02.191219_FM1-2_consensus_vsearch	1990	G	*/-AA	811	23	2.71%	2	1	93	93	1.0221958059350787E-7	1	1	142	669	23	0	-AA
A2_BC02.191219_FM1-2_consensus_vsearch	1994	T	*/+C	904	15	1.58%	2	1	93	93	2.880994597542037E-5	1	1	188	716	0	15	+C
A2_BC02.191219_FM1-2_consensus_vsearch	1997	A	*/+G	911	7	0.74%	2	1	93	93	0.007723336392485094	1	1	174	737	7	0	+G
A2_BC02.191219_FM1-2_consensus_vsearch	1998	G	*/-A	919	7	0.75%	2	2	93	93	0.007724105030664168	1	1	182	737	1	6	-A
A2_BC02.191219_FM1-2_consensus_vsearch	2000	A	*/-T	929	11	1.16%	2	1	93	93	4.74125373922013E-4	1	1	186	743	0	11	-T
A2_BC02.191219_FM1-2_consensus_vsearch	2001	T	*/+C	920	8	0.85%	2	1	93	93	0.0038475261272230853	1	1	188	732	0	8	+C
A2_BC02.191219_FM1-2_consensus_vsearch	2002	T	*/-C	914	14	1.47%	2	2	93	93	5.809387147268204E-5	1	1	181	733	6	8	-C
A2_BC02.191219_FM1-2_consensus_vsearch	2005	G	*/-TG	926	14	1.48%	2	1	93	93	5.813077745531146E-5	1	1	188	738	0	14	-TG
A2_BC02.191219_FM1-2_consensus_vsearch	2013	T	*/-C	927	10	1.05%	2	2	93	93	9.532750654123614E-4	1	1	183	744	3	7	-C
A2_BC02.191219_FM1-2_consensus_vsearch	2014	C	*/+A	911	18	1.92%	2	1	93	93	3.510401709416741E-6	1	1	169	742	18	0	+A
A2_BC02.191219_FM1-2_consensus_vsearch	2015	G	*/-A	919	22	2.32%	2	2	93	93	2.1057985492782266E-7	1	1	168	751	19	3	-A
A2_BC02.191219_FM1-2_consensus_vsearch	2017	A	*/+T	932	11	1.16%	2	1	93	93	4.7417000031486754E-4	1	1	187	745	0	11	+T
A2_BC02.191219_FM1-2_consensus_vsearch	2018	T	*/-C	904	23	2.43%	2	1	93	93	1.0382835293174744E-7	1	1	188	716	0	23	-C
A2_BC02.191219_FM1-2_consensus_vsearch	2019	C	*/+T	726	48	5.23%	2	1	93	93	1.675039592694516E-15	1	1	189	537	0	48	+T
A2_BC02.191219_FM1-2_consensus_vsearch	2019	C	*/-T	726	125	13.62%	2	1	93	93	1.7195404678245944E-40	1	1	189	537	0	125	-T
A2_BC02.191219_FM1-2_consensus_vsearch	2019	C	*/-TT	726	11	1.2%	2	1	93	93	4.7027146515613304E-4	1	1	189	537	0	11	-T
A2_BC02.191219_FM1-2_consensus_vsearch	2022	T	*/+A	913	15	1.58%	2	1	93	93	2.882616640936494E-5	1	1	171	742	15	0	+A
A2_BC02.191219_FM1-2_consensus_vsearch	2022	T	*/+G	913	10	1.05%	2	2	93	93	9.529243449039875E-4	1	1	171	742	2	8	+A
A2_BC02.191219_FM1-2_consensus_vsearch	2023	G	*/+A	912	8	0.84%	2	1	93	93	0.0038470172993273957	1	1	169	743	0	8	+A
A2_BC02.191219_FM1-2_consensus_vsearch	2023	G	*/-A	912	19	2.01%	2	2	93	93	1.7383810311233107E-6	1	1	169	743	17	2	-A
A2_BC02.191219_FM1-2_consensus_vsearch	2026	C	*/+T	909	10	1.05%	2	2	93	93	9.528221904095408E-4	1	1	167	742	7	3	+T
A2_BC02.191219_FM1-2_consensus_vsearch	2026	C	*/-GC	909	9	0.95%	2	2	93	93	0.0019150266562096274	1	1	167	742	8	1	+T
A2_BC02.191219_FM1-2_consensus_vsearch	2029	A	*/-C	924	11	1.16%	2	2	93	93	4.7405036608057823E-4	1	1	183	741	2	9	-C
A2_BC02.191219_FM1-2_consensus_vsearch	2030	C	*/+T	914	11	1.18%	2	1	93	93	4.738979403633933E-4	1	1	182	732	0	11	+T
A2_BC02.191219_FM1-2_consensus_vsearch	2031	C	*/+T	784	90	9.49%	2	1	93	93	7.211778504991185E-29	1	1	182	602	0	90	+T
A2_BC02.191219_FM1-2_consensus_vsearch	2031	C	*/+TT	784	15	1.58%	2	1	93	93	2.8559599692152824E-5	1	1	182	602	0	15	+T
A2_BC02.191219_FM1-2_consensus_vsearch	2031	C	*/-T	784	50	5.27%	2	2	93	93	4.16622711809737E-16	1	1	182	602	3	47	-T
A2_BC02.191219_FM1-2_consensus_vsearch	2035	C	*/+A	918	9	0.95%	2	1	93	93	0.0019153946365810712	1	1	175	743	0	9	+A
A2_BC02.191219_FM1-2_consensus_vsearch	2035	C	*/-AC	918	8	0.85%	2	1	93	93	0.0038473997415683515	1	1	175	743	8	0	+A
A2_BC02.191219_FM1-2_consensus_vsearch	2038	C	*/+T	586	41	4.31%	2	2	93	93	2.3133925499171796E-13	1	1	158	428	5	36	+T
A2_BC02.191219_FM1-2_consensus_vsearch	2038	C	*/+TT	586	23	2.42%	2	1	93	93	9.647088930696401E-8	1	1	158	428	0	23	+T
A2_BC02.191219_FM1-2_consensus_vsearch	2038	C	*/-T	586	276	29.02%	2	2	93	93	2.9363216318632134E-95	1	1	158	428	24	252	-T
A2_BC02.191219_FM1-2_consensus_vsearch	2038	C	*/-TT	586	15	1.58%	2	2	93	93	2.7934978628824662E-5	1	1	158	428	1	14	-T
A2_BC02.191219_FM1-2_consensus_vsearch	2042	T	*/-G	925	10	1.05%	2	1	93	93	9.532256009876047E-4	1	1	190	735	0	10	-G
A2_BC02.191219_FM1-2_consensus_vsearch	2046	A	*/-T	925	11	1.17%	2	2	93	93	4.740654311699783E-4	1	1	188	737	2	9	-T
A2_BC02.191219_FM1-2_consensus_vsearch	2048	T	*/-C	872	67	7.1%	2	2	93	93	1.998938345687164E-21	1	1	156	716	34	33	-C
A2_BC02.191219_FM1-2_consensus_vsearch	2050	C	*/+G	850	51	5.37%	2	2	93	93	2.1442867578279497E-16	1	1	180	670	1	50	+G
A2_BC02.191219_FM1-2_consensus_vsearch	2051	G	*/+A	861	19	2.02%	2	2	93	93	1.7289617354494781E-6	1	1	141	720	7	12	+A
A2_BC02.191219_FM1-2_consensus_vsearch	2051	G	*/-A	861	47	4.99%	2	2	93	93	3.8569688322179134E-15	1	1	141	720	31	16	-A
A2_BC02.191219_FM1-2_consensus_vsearch	2051	G	*/-AA	861	8	0.85%	2	1	93	93	0.003843554120344918	1	1	141	720	8	0	-A
A2_BC02.191219_FM1-2_consensus_vsearch	2054	A	*/-G	909	20	2.11%	2	2	93	93	8.600367996297929E-7	1	1	171	738	16	4	-G
A2_BC02.191219_FM1-2_consensus_vsearch	2055	G	*/+A	905	8	0.86%	2	1	93	93	0.003846564786466037	1	1	165	740	8	0	+A
A2_BC02.191219_FM1-2_consensus_vsearch	2055	G	*/+C	905	8	0.86%	2	1	93	93	0.003846564786466037	1	1	165	740	0	8	+A
A2_BC02.191219_FM1-2_consensus_vsearch	2060	G	*/-C	916	18	1.9%	2	2	93	93	3.5119791038540545E-6	1	1	171	745	14	4	-C
A2_BC02.191219_FM1-2_consensus_vsearch	2061	C	*/+T	911	8	0.86%	2	1	93	93	0.0038469530751784552	1	1	172	739	0	8	+T
A2_BC02.191219_FM1-2_consensus_vsearch	2063	C	*/-G	856	12	1.26%	2	2	93	93	2.3497336057015116E-4	1	1	186	670	1	11	-G
A2_BC02.191219_FM1-2_consensus_vsearch	2067	T	*/+G	877	10	1.05%	2	1	93	93	9.519720319880557E-4	1	1	135	742	0	10	+G
A2_BC02.191219_FM1-2_consensus_vsearch	2067	T	*/-G	877	47	4.95%	2	2	93	93	3.8990650916630755E-15	1	1	135	742	46	1	-G
A2_BC02.191219_FM1-2_consensus_vsearch	2068	G	*/-A	866	10	1.11%	2	2	93	93	9.516655526071893E-4	1	1	111	755	8	2	-A
A2_BC02.191219_FM1-2_consensus_vsearch	2069	A	*/-G	920	13	1.38%	2	2	93	93	1.1703983520876145E-4	1	1	173	747	8	5	-G
A2_BC02.191219_FM1-2_consensus_vsearch	2070	G	*/-T	906	10	1.07%	2	1	93	93	9.527449932556596E-4	1	1	167	739	0	10	-T
A2_BC02.191219_FM1-2_consensus_vsearch	2072	A	*/-T	923	9	0.95%	2	1	93	93	0.001915596015054924	1	1	188	735	0	9	-T
A2_BC02.191219_FM1-2_consensus_vsearch	2074	T	*/+G	924	8	0.84%	2	1	93	93	0.003847777276985537	1	1	190	734	0	8	+G
A2_BC02.191219_FM1-2_consensus_vsearch	2075	A	*/-T	900	8	0.85%	2	2	93	93	0.0038462373067776633	1	1	188	712	1	7	-T
A2_BC02.191219_FM1-2_consensus_vsearch	2076	T	*/+A	891	7	0.74%	2	1	93	93	0.007721355015576613	1	1	183	708	7	0	+A
A2_BC02.191219_FM1-2_consensus_vsearch	2077	G	*/+A	925	15	1.58%	2	1	93	93	2.8847320430673613E-5	1	1	183	742	0	15	+A
A2_BC02.191219_FM1-2_consensus_vsearch	2077	G	*/-A	925	8	0.84%	2	1	93	93	0.003847839729165243	1	1	183	742	8	0	+A
A2_BC02.191219_FM1-2_consensus_vsearch	2082	T	*/-C	927	9	0.95%	2	1	93	93	0.001915755576731505	1	1	188	739	0	9	-C
A2_BC02.191219_FM1-2_consensus_vsearch	2083	C	*/-T	922	8	0.85%	2	1	93	93	0.0038476519712181086	1	1	189	733	0	8	-T
A2_BC02.191219_FM1-2_consensus_vsearch	2087	A	*/+C	891	30	3.16%	2	1	93	93	7.325965368824926E-10	1	1	188	703	0	30	+C
A2_BC02.191219_FM1-2_consensus_vsearch	2087	A	*/+CT	891	8	0.84%	2	1	93	93	0.003845638697249322	1	1	188	703	0	8	+C
A2_BC02.191219_FM1-2_consensus_vsearch	2087	A	*/-T	891	8	0.84%	2	1	93	93	0.003845638697249322	1	1	188	703	0	8	+C
A2_BC02.191219_FM1-2_consensus_vsearch	2087	A	*/-TC	891	7	0.74%	2	1	93	93	0.007721355015576613	1	1	188	703	0	7	+C
A2_BC02.191219_FM1-2_consensus_vsearch	2088	T	*/+C	895	8	0.86%	2	2	93	93	0.0038459062136693787	1	1	185	710	5	3	+C
A2_BC02.191219_FM1-2_consensus_vsearch	2088	T	*/-C	895	24	2.57%	2	1	93	93	5.119394409608827E-8	1	1	185	710	0	24	-C
A2_BC02.191219_FM1-2_consensus_vsearch	2090	C	*/-T	908	18	1.9%	2	2	93	93	3.5094473620126567E-6	1	1	188	720	3	15	-T
A2_BC02.191219_FM1-2_consensus_vsearch	2091	T	*/+C	912	7	0.75%	2	2	93	93	0.007723433202456529	1	1	181	731	6	1	+C
A2_BC02.191219_FM1-2_consensus_vsearch	2092	C	*/-T	924	10	1.06%	2	2	93	93	9.532007898985776E-4	1	1	187	737	2	8	-T
A2_BC02.191219_FM1-2_consensus_vsearch	2093	T	*/+G	893	8	0.85%	2	1	93	93	0.0038457727512920307	1	1	185	708	0	8	+G
A2_BC02.191219_FM1-2_consensus_vsearch	2095	G	*/-C	934	7	0.74%	2	1	93	93	0.0077255110771605765	1	1	187	747	0	7	-C
A2_BC02.191219_FM1-2_consensus_vsearch	2098	T	*/+C	798	8	0.85%	2	2	93	93	0.003838673459434067	1	1	178	620	5	3	+C
A2_BC02.191219_FM1-2_consensus_vsearch	2098	T	*/-C	798	15	1.59%	2	2	93	93	2.859252417997489E-5	1	1	178	620	2	13	-C
A2_BC02.191219_FM1-2_consensus_vsearch	2098	T	*/-CT	798	118	12.5%	2	1	93	93	5.351956727616458E-38	1	1	178	620	0	118	-CT
A2_BC02.191219_FM1-2_consensus_vsearch	2099	C	*/+T	730	28	3.44%	2	1	93	93	2.8897888579121693E-9	1	1	179	551	0	28	+T
A2_BC02.191219_FM1-2_consensus_vsearch	2099	C	*/-T	730	54	6.64%	2	2	93	93	2.1574695897576607E-17	1	1	179	551	4	50	-T
A2_BC02.191219_FM1-2_consensus_vsearch	2100	T	*/+G	727	38	4.88%	2	1	93	93	2.2713104806993098E-12	1	1	185	542	0	38	+G
A2_BC02.191219_FM1-2_consensus_vsearch	2106	C	*/+A	783	39	4.14%	2	2	93	93	1.1464823408131487E-12	1	1	91	692	9	30	+A
A2_BC02.191219_FM1-2_consensus_vsearch	2106	C	*/-A	783	104	11.04%	2	2	93	93	1.993160327455872E-33	1	1	91	692	83	21	-A
A2_BC02.191219_FM1-2_consensus_vsearch	2109	A	*/-G	920	7	0.74%	2	2	93	93	0.007724200179668666	1	1	187	733	1	6	-G
A2_BC02.191219_FM1-2_consensus_vsearch	2110	G	*/+C	920	9	0.95%	2	1	93	93	0.0019154754467444904	1	1	188	732	0	9	+C
A2_BC02.191219_FM1-2_consensus_vsearch	2114	G	*/-TG	884	44	4.66%	2	2	93	93	3.372769618997292E-14	1	1	188	696	1	43	-TG
A2_BC02.191219_FM1-2_consensus_vsearch	2115	T	*/-GC	851	14	1.55%	2	1	93	93	5.78836309980522E-5	1	1	186	665	0	14	-GC
A2_BC02.191219_FM1-2_consensus_vsearch	2116	G	*/+T	854	16	1.79%	2	1	93	93	1.4233087386913444E-5	1	1	188	666	0	16	+T
A2_BC02.191219_FM1-2_consensus_vsearch	2116	G	*/-C	854	13	1.46%	2	1	93	93	1.1666277332112036E-4	1	1	188	666	0	13	+T
A2_BC02.191219_FM1-2_consensus_vsearch	2118	A	*/+T	903	7	0.74%	2	2	93	93	0.007722554269741379	1	1	178	725	3	4	+T
A2_BC02.191219_FM1-2_consensus_vsearch	2118	A	*/-T	903	21	2.21%	2	2	93	93	4.2507327442092365E-7	1	1	178	725	10	11	-T
A2_BC02.191219_FM1-2_consensus_vsearch	2118	A	*/-TT	903	14	1.47%	2	1	93	93	5.805920750269354E-5	1	1	178	725	0	14	-T
A2_BC02.191219_FM1-2_consensus_vsearch	2121	T	*/-G	899	23	2.42%	2	2	93	93	1.0374963592902662E-7	1	1	189	710	1	22	-G
A2_BC02.191219_FM1-2_consensus_vsearch	2125	G	*/+A	908	8	0.85%	2	2	93	93	0.003846759564376875	1	1	176	732	6	2	+A
A2_BC02.191219_FM1-2_consensus_vsearch	2125	G	*/-AAG	908	7	0.74%	2	2	93	93	0.007723044695629286	1	1	176	732	1	6	+A
A2_BC02.191219_FM1-2_consensus_vsearch	2130	C	*/+A	916	19	2%	2	1	93	93	1.7390779350551432E-6	1	1	187	729	0	19	+A
A2_BC02.191219_FM1-2_consensus_vsearch	2131	G	*/+C	862	8	0.84%	2	1	93	93	0.003843625913680234	1	1	185	677	0	8	+C
A2_BC02.191219_FM1-2_consensus_vsearch	2131	G	*/+T	862	66	6.97%	2	1	93	93	4.089065312445004E-21	1	1	185	677	0	66	+T
A2_BC02.191219_FM1-2_consensus_vsearch	2132	T	*/-C	915	10	1.05%	2	1	93	93	9.529750931910474E-4	1	1	189	726	0	10	-C
A2_BC02.191219_FM1-2_consensus_vsearch	2133	C	*/-T	862	70	7.48%	2	2	93	93	2.2043972603834246E-22	1	1	188	674	1	69	-T
A2_BC02.191219_FM1-2_consensus_vsearch	2134	T	*/+G	839	9	1.03%	2	1	93	93	0.0019118994657733419	1	1	186	653	0	9	+G
A2_BC02.191219_FM1-2_consensus_vsearch	2137	C	*/+A	883	7	0.74%	2	1	93	93	0.007720537587223537	1	1	181	702	7	0	+A
A2_BC02.191219_FM1-2_consensus_vsearch	2137	C	*/+G	883	17	1.8%	2	1	93	93	7.069239111516772E-6	1	1	181	702	0	17	+G
A2_BC02.191219_FM1-2_consensus_vsearch	2137	C	*/-G	883	15	1.59%	2	2	93	93	2.8770861109978364E-5	1	1	181	702	2	13	+G
A2_BC02.191219_FM1-2_consensus_vsearch	2137	C	*/-GG	883	19	2.01%	2	1	93	93	1.7331506373562444E-6	1	1	181	702	0	19	-GG
A2_BC02.191219_FM1-2_consensus_vsearch	2143	G	*/+TG	938	7	0.74%	2	1	93	93	0.007725878500376738	1	1	189	749	0	7	+TG
A2_BC02.191219_FM1-2_consensus_vsearch	2144	A	*/+T	919	16	1.69%	2	1	93	93	1.4302687444261568E-5	1	1	189	730	0	16	+T
A2_BC02.191219_FM1-2_consensus_vsearch	2145	C	*/+G	897	9	0.95%	2	1	93	93	0.0019145247035588216	1	1	189	708	0	9	+G
A2_BC02.191219_FM1-2_consensus_vsearch	2148	T	*/-A	912	9	0.96%	2	1	93	93	0.001915150111258658	1	1	189	723	0	9	-A
A2_BC02.191219_FM1-2_consensus_vsearch	2149	A	*/-G	905	7	0.75%	2	1	93	93	0.007722751083948114	1	1	187	718	0	7	-G
A2_BC02.191219_FM1-2_consensus_vsearch	2151	C	*/-T	916	9	0.95%	2	2	93	93	0.00191531347878556	1	1	186	730	3	6	-T
A2_BC02.191219_FM1-2_consensus_vsearch	2153	G	*/+A	907	7	0.74%	2	1	93	93	0.007722947038715541	1	1	160	747	7	0	+A
A2_BC02.191219_FM1-2_consensus_vsearch	2153	G	*/-AA	907	20	2.11%	2	2	93	93	8.598430125992703E-7	1	1	160	747	17	3	-AA
A2_BC02.191219_FM1-2_consensus_vsearch	2156	G	*/+A	911	14	1.48%	2	1	93	93	5.808449798800477E-5	1	1	170	741	14	0	+A
A2_BC02.191219_FM1-2_consensus_vsearch	2156	G	*/-T	911	9	0.95%	2	2	93	93	0.001915109048569619	1	1	170	741	1	8	+A
A2_BC02.191219_FM1-2_consensus_vsearch	2158	G	*/-CG	921	12	1.27%	2	2	93	93	2.356046194096004E-4	1	1	186	735	1	11	-CG
A2_BC02.191219_FM1-2_consensus_vsearch	2162	C	*/+T	864	9	0.95%	2	2	93	93	0.001913073572289526	1	1	167	697	1	8	+T
A2_BC02.191219_FM1-2_consensus_vsearch	2162	C	*/-T	864	40	4.23%	2	2	93	93	5.851105458331046E-13	1	1	167	697	2	38	-T
A2_BC02.191219_FM1-2_consensus_vsearch	2162	C	*/-TT	864	24	2.54%	2	2	93	93	5.091917121661264E-8	1	1	167	697	19	5	-T
A2_BC02.191219_FM1-2_consensus_vsearch	2163	T	*/+C	858	14	1.59%	2	1	93	93	5.79084632510469E-5	1	1	167	691	0	14	+C
A2_BC02.191219_FM1-2_consensus_vsearch	2164	T	*/-G	640	263	28.52%	2	2	93	93	1.2240376811653612E-89	1	1	157	483	10	253	-G
A2_BC02.191219_FM1-2_consensus_vsearch	2166	G	*/-A	923	7	0.74%	2	2	93	93	0.00772448440160392	1	1	186	737	1	6	-A
A2_BC02.191219_FM1-2_consensus_vsearch	2171	C	*/-T	932	7	0.74%	2	2	93	93	0.007725326194158135	1	1	189	743	1	6	-T
A2_BC02.191219_FM1-2_consensus_vsearch	2175	T	*/-G	644	297	31.36%	2	1	93	93	3.0383933113071606E-102	1	1	189	455	0	297	-G
A2_BC02.191219_FM1-2_consensus_vsearch	2178	A	*/-C	934	7	0.74%	2	1	93	93	0.0077255110771605765	1	1	189	745	0	7	-C
A2_BC02.191219_FM1-2_consensus_vsearch	2179	C	*/+T	888	13	1.38%	2	2	93	93	1.1686381305958546E-4	1	1	177	711	3	10	+T
A2_BC02.191219_FM1-2_consensus_vsearch	2179	C	*/-T	888	25	2.65%	2	2	93	93	2.5230493204072435E-8	1	1	177	711	7	18	-T
A2_BC02.191219_FM1-2_consensus_vsearch	2179	C	*/-TT	888	7	0.74%	2	2	93	93	0.00772105018858679	1	1	177	711	1	6	-T
A2_BC02.191219_FM1-2_consensus_vsearch	2181	T	*/-G	710	219	23.22%	2	1	93	93	5.398622478475872E-73	1	1	186	524	0	219	-G
A2_BC02.191219_FM1-2_consensus_vsearch	2184	A	*/+T	933	7	0.74%	2	1	93	93	0.007725418733796673	1	1	190	743	0	7	+T
A2_BC02.191219_FM1-2_consensus_vsearch	2185	C	*/+T	881	7	0.74%	2	1	93	93	0.007720330934048919	1	1	176	705	0	7	+T
A2_BC02.191219_FM1-2_consensus_vsearch	2185	C	*/-T	881	34	3.59%	2	2	93	93	4.2594495836659574E-11	1	1	176	705	7	27	-T
A2_BC02.191219_FM1-2_consensus_vsearch	2185	C	*/-TT	881	8	0.85%	2	1	93	93	0.0038449594128382746	1	1	176	705	8	0	-T
A2_BC02.191219_FM1-2_consensus_vsearch	2186	T	*/+C	890	10	1.1%	2	1	93	93	9.523246468103374E-4	1	1	174	716	0	10	+C
A2_BC02.191219_FM1-2_consensus_vsearch	2188	G	*/+A	912	8	0.84%	2	2	93	93	0.0038470172993273957	1	1	170	742	7	1	+A
A2_BC02.191219_FM1-2_consensus_vsearch	2188	G	*/-A	912	18	1.9%	2	2	93	93	3.5107185012707475E-6	1	1	170	742	12	6	-A
A2_BC02.191219_FM1-2_consensus_vsearch	2189	A	*/-G	908	9	0.97%	2	2	93	93	0.0019149853259650363	1	1	173	735	2	7	-G
A2_BC02.191219_FM1-2_consensus_vsearch	2191	C	*/+G	906	10	1.06%	2	1	93	93	9.527449932556596E-4	1	1	186	720	0	10	+G
A2_BC02.191219_FM1-2_consensus_vsearch	2191	C	*/+T	906	9	0.95%	2	2	93	93	0.0019149023958710519	1	1	186	720	1	8	+G
A2_BC02.191219_FM1-2_consensus_vsearch	2194	C	*/+A	880	9	0.95%	2	1	93	93	0.001913790532600021	1	1	145	735	0	9	+A
A2_BC02.191219_FM1-2_consensus_vsearch	2194	C	*/-AC	880	43	4.54%	2	2	93	93	6.890358631281668E-14	1	1	145	735	37	6	-AC
A2_BC02.191219_FM1-2_consensus_vsearch	2195	A	*/+T	879	7	0.77%	2	1	93	93	0.007720123350086427	1	1	148	731	0	7	+T
A2_BC02.191219_FM1-2_consensus_vsearch	2199	C	*/-G	919	12	1.27%	2	1	93	93	2.3558649502057803E-4	1	1	189	730	0	12	-G
A2_BC02.191219_FM1-2_consensus_vsearch	2202	T	*/-C	920	19	2%	2	2	93	93	1.7397691179908176E-6	1	1	181	739	9	10	-C
A2_BC02.191219_FM1-2_consensus_vsearch	2205	T	*/-C	910	9	0.96%	2	2	93	93	0.0019150678969845438	1	1	173	737	7	2	-C
A2_BC02.191219_FM1-2_consensus_vsearch	2205	T	*/-CCA	910	8	0.85%	2	1	93	93	0.003846888711606907	1	1	173	737	8	0	-C
A2_BC02.191219_FM1-2_consensus_vsearch	2207	C	*/+A	914	8	0.85%	2	1	93	93	0.003847145331162847	1	1	170	744	0	8	+A
A2_BC02.191219_FM1-2_consensus_vsearch	2207	C	*/-AC	914	10	1.06%	2	2	93	93	9.529497463124481E-4	1	1	170	744	8	2	-AC
A2_BC02.191219_FM1-2_consensus_vsearch	2209	C	*/-G	906	7	0.75%	2	1	93	93	0.007722849168386563	1	1	178	728	0	7	-G
A2_BC02.191219_FM1-2_consensus_vsearch	2215	A	*/-C	915	14	1.48%	2	2	93	93	5.8096982749967E-5	1	1	169	746	11	3	-C
A2_BC02.191219_FM1-2_consensus_vsearch	2220	C	*/-T	898	19	2.01%	2	2	93	93	1.7358957748025107E-6	1	1	183	715	4	15	-T
A2_BC02.191219_FM1-2_consensus_vsearch	2222	T	*/+G	906	16	1.68%	2	2	93	93	1.4289533199343964E-5	1	1	167	739	12	4	+G
A2_BC02.191219_FM1-2_consensus_vsearch	2223	G	*/+A	918	8	0.84%	2	1	93	93	0.0038473997415683515	1	1	180	738	0	8	+A
A2_BC02.191219_FM1-2_consensus_vsearch	2223	G	*/-A	918	10	1.05%	2	2	93	93	9.530508083929172E-4	1	1	180	738	2	8	-A
A2_BC02.191219_FM1-2_consensus_vsearch	2228	G	*/-T	933	7	0.74%	2	1	93	93	0.007725418733796673	1	1	190	743	0	7	-T
A2_BC02.191219_FM1-2_consensus_vsearch	2229	T	*/+G	894	23	2.45%	2	2	93	93	1.0367011045060794E-7	1	1	172	722	16	7	+G
A2_BC02.191219_FM1-2_consensus_vsearch	2229	T	*/+GT	894	9	0.96%	2	1	93	93	0.0019143971419615555	1	1	172	722	0	9	+G
A2_BC02.191219_FM1-2_consensus_vsearch	2230	A	*/-T	895	17	1.8%	2	2	93	93	7.076400702557986E-6	1	1	168	727	14	3	-T
A2_BC02.191219_FM1-2_consensus_vsearch	2232	T	*/-A	885	29	3.05%	2	2	93	93	1.4864191324879767E-9	1	1	171	714	7	22	-A
A2_BC02.191219_FM1-2_consensus_vsearch	2232	T	*/-AGCT	885	7	0.74%	2	2	93	93	0.007720743315770751	1	1	171	714	6	1	-A
A2_BC02.191219_FM1-2_consensus_vsearch	2233	A	*/+G	858	8	0.88%	2	1	93	93	0.0038433377492463083	1	1	154	704	0	8	+G
A2_BC02.191219_FM1-2_consensus_vsearch	2233	A	*/-G	858	15	1.64%	2	2	93	93	2.8721934065032062E-5	1	1	154	704	2	13	-G
A2_BC02.191219_FM1-2_consensus_vsearch	2235	C	*/-T	886	9	0.96%	2	2	93	93	0.0019140528193757583	1	1	173	713	3	6	-T
A2_BC02.191219_FM1-2_consensus_vsearch	2240	G	*/+A	933	10	1.06%	2	1	93	93	9.534222085662184E-4	1	1	188	745	0	10	+A
A2_BC02.191219_FM1-2_consensus_vsearch	2241	A	*/-C	899	36	3.79%	2	2	93	93	1.032206032292054E-11	1	1	165	734	19	17	-C
A2_BC02.191219_FM1-2_consensus_vsearch	2242	C	*/+T	888	13	1.42%	2	1	93	93	1.1686381305958546E-4	1	1	171	717	0	13	+T
A2_BC02.191219_FM1-2_consensus_vsearch	2243	C	*/+T	923	14	1.48%	2	1	93	93	5.81216380433723E-5	1	1	190	733	0	14	+T
A2_BC02.191219_FM1-2_consensus_vsearch	2244	C	*/+G	872	8	0.84%	2	1	93	93	0.0038443349064707214	1	1	186	686	0	8	+G
A2_BC02.191219_FM1-2_consensus_vsearch	2245	G	*/+C	924	7	0.74%	2	1	93	93	0.0077245787361126	1	1	188	736	0	7	+C
A2_BC02.191219_FM1-2_consensus_vsearch	2245	G	*/-C	924	7	0.74%	2	1	93	93	0.0077245787361126	1	1	188	736	0	7	+C
A2_BC02.191219_FM1-2_consensus_vsearch	2246	C	*/+T	922	7	0.74%	2	1	93	93	0.007724389864457613	1	1	187	735	0	7	+T
A2_BC02.191219_FM1-2_consensus_vsearch	2247	C	*/+T	845	14	1.48%	2	1	93	93	5.7862030192670205E-5	1	1	185	660	0	14	+T
A2_BC02.191219_FM1-2_consensus_vsearch	2247	C	*/-T	845	71	7.49%	2	2	93	93	1.0328438362515213E-22	1	1	185	660	1	70	-T
A2_BC02.191219_FM1-2_consensus_vsearch	2251	C	*/+A	900	7	0.74%	2	2	93	93	0.007722257424555146	1	1	179	721	6	1	+A
A2_BC02.191219_FM1-2_consensus_vsearch	2253	G	*/+T	929	8	0.84%	2	1	93	93	0.0038480882094248724	1	1	174	755	8	0	+T
A2_BC02.191219_FM1-2_consensus_vsearch	2258	A	*/+C	916	13	1.38%	2	1	93	93	1.1701848599695227E-4	1	1	180	736	0	13	+C
A2_BC02.191219_FM1-2_consensus_vsearch	2259	C	*/+T	909	24	2.54%	2	1	93	93	5.131242792438921E-8	1	1	184	725	0	24	+T
A2_BC02.191219_FM1-2_consensus_vsearch	2260	T	*/+C	872	18	1.9%	2	1	93	93	3.4975103226101106E-6	1	1	189	683	0	18	+C
A2_BC02.191219_FM1-2_consensus_vsearch	2260	T	*/-C	872	43	4.54%	2	1	93	93	6.859538403889876E-14	1	1	189	683	0	43	-C
A2_BC02.191219_FM1-2_consensus_vsearch	2261	C	*/+TC	865	12	1.33%	2	1	93	93	2.350662773972789E-4	1	1	184	681	0	12	+TC
A2_BC02.191219_FM1-2_consensus_vsearch	2261	C	*/-G	865	11	1.22%	2	1	93	93	4.731012448652742E-4	1	1	184	681	0	11	+TC
A2_BC02.191219_FM1-2_consensus_vsearch	2267	A	*/-GTA	917	13	1.38%	2	2	93	93	1.1702384026807228E-4	1	1	188	729	1	12	-GTA
A2_BC02.191219_FM1-2_consensus_vsearch	2269	T	*/-A	889	16	1.71%	2	2	93	93	1.4271775545938889E-5	1	1	183	706	5	11	-A
A2_BC02.191219_FM1-2_consensus_vsearch	2269	T	*/-AA	889	17	1.82%	2	1	93	93	7.072842933471652E-6	1	1	183	706	0	17	-AA
A2_BC02.191219_FM1-2_consensus_vsearch	2272	G	*/+C	931	8	0.84%	2	1	93	93	0.0038482116584491618	1	1	187	744	0	8	+C
A2_BC02.191219_FM1-2_consensus_vsearch	2273	T	*/+C	906	30	3.17%	2	1	93	93	7.354653039389467E-10	1	1	191	715	0	30	+C
A2_BC02.191219_FM1-2_consensus_vsearch	2274	T	*/+C	905	18	1.89%	2	2	93	93	3.508487013154618E-6	1	1	188	717	3	15	+C
A2_BC02.191219_FM1-2_consensus_vsearch	2274	T	*/-C	905	8	0.84%	2	1	93	93	0.003846564786466037	1	1	188	717	0	8	+C
A2_BC02.191219_FM1-2_consensus_vsearch	2275	C	*/+T	912	8	0.85%	2	1	93	93	0.0038470172993273957	1	1	189	723	0	8	+T
A2_BC02.191219_FM1-2_consensus_vsearch	2275	C	*/-T	912	20	2.12%	2	2	93	93	8.603259853408241E-7	1	1	189	723	2	18	-T
A2_BC02.191219_FM1-2_consensus_vsearch	2284	G	*/-A	932	7	0.74%	2	2	93	93	0.007725326194158135	1	1	180	752	3	4	-A
A2_BC02.191219_FM1-2_consensus_vsearch	2285	A	*/-G	892	36	3.83%	2	2	93	93	1.0294831117804376E-11	1	1	156	736	23	13	-G
A2_BC02.191219_FM1-2_consensus_vsearch	2286	G	*/+T	885	16	1.76%	2	1	93	93	1.4267502339388257E-5	1	1	161	724	0	16	+T
A2_BC02.191219_FM1-2_consensus_vsearch	2290	G	*/-C	915	15	1.59%	2	1	93	93	2.8829729201993647E-5	1	1	186	729	0	15	-C
A2_BC02.191219_FM1-2_consensus_vsearch	2291	C	*/+T	906	12	1.3%	2	1	93	93	2.3546678438447562E-4	1	1	184	722	0	12	+T
A2_BC02.191219_FM1-2_consensus_vsearch	2292	C	*/+T	861	31	3.28%	2	1	93	93	3.5718764238171103E-10	1	1	187	674	0	31	+T
A2_BC02.191219_FM1-2_consensus_vsearch	2292	C	*/-T	861	40	4.23%	2	1	93	93	5.842324698297495E-13	1	1	187	674	0	40	-T
A2_BC02.191219_FM1-2_consensus_vsearch	2293	T	*/-C	833	7	0.77%	2	1	93	93	0.007715076749694868	1	1	187	646	0	7	-C
A2_BC02.191219_FM1-2_consensus_vsearch	2293	T	*/-CT	833	38	4.19%	2	1	93	93	2.4083872987972318E-12	1	1	187	646	0	38	-CT
A2_BC02.191219_FM1-2_consensus_vsearch	2293	T	*/-CTT	833	13	1.43%	2	1	93	93	1.1653065752886734E-4	1	1	187	646	0	13	-CT
A2_BC02.191219_FM1-2_consensus_vsearch	2294	C	*/+T	715	26	2.92%	2	2	93	93	1.1920863657969806E-8	1	1	176	539	2	24	+T
A2_BC02.191219_FM1-2_consensus_vsearch	2294	C	*/-T	715	124	13.92%	2	2	93	93	3.463302766416209E-40	1	1	176	539	7	117	-T
A2_BC02.191219_FM1-2_consensus_vsearch	2294	C	*/-TTT	715	12	1.35%	2	2	93	93	2.3322181898539345E-4	1	1	176	539	1	11	-T
A2_BC02.191219_FM1-2_consensus_vsearch	2297	T	*/-G	905	9	0.96%	2	2	93	93	0.0019148607954482487	1	1	171	734	8	1	-G
A2_BC02.191219_FM1-2_consensus_vsearch	2298	G	*/-AG	901	22	2.35%	2	2	93	93	2.1006456065460463E-7	1	1	152	749	21	1	-AG
A2_BC02.191219_FM1-2_consensus_vsearch	2299	A	*/-G	888	23	2.49%	2	2	93	93	1.035735950740753E-7	1	1	148	740	19	4	-G
A2_BC02.191219_FM1-2_consensus_vsearch	2301	G	*/-TGG	898	32	3.37%	2	2	93	93	1.775118463392648E-10	1	1	181	717	1	31	-TGG
A2_BC02.191219_FM1-2_consensus_vsearch	2302	T	*/-G	869	11	1.21%	2	1	93	93	4.7316957439540186E-4	1	1	188	681	0	11	-G
A2_BC02.191219_FM1-2_consensus_vsearch	2306	C	*/+G	819	22	2.31%	2	1	93	93	2.0745392515158416E-7	1	1	145	674	0	22	+G
A2_BC02.191219_FM1-2_consensus_vsearch	2306	C	*/-GAA	819	39	4.1%	2	1	93	93	1.1694266305180642E-12	1	1	145	674	39	0	-GAA
A2_BC02.191219_FM1-2_consensus_vsearch	2307	G	*/+A	857	14	1.54%	2	2	93	93	5.79049397668013E-5	1	1	128	729	3	11	+A
A2_BC02.191219_FM1-2_consensus_vsearch	2307	G	*/-A	857	13	1.43%	2	2	93	93	1.1668113441379225E-4	1	1	128	729	9	4	+A
A2_BC02.191219_FM1-2_consensus_vsearch	2307	G	*/-AA	857	18	1.98%	2	2	93	93	3.4922566308284296E-6	1	1	128	729	6	12	-AA
A2_BC02.191219_FM1-2_consensus_vsearch	2311	G	*/-C	930	13	1.37%	2	1	93	93	1.1709242715466384E-4	1	1	188	742	0	13	-C
A2_BC02.191219_FM1-2_consensus_vsearch	2313	G	*/-CG	896	38	4.01%	2	2	93	93	2.4777560848750892E-12	1	1	182	714	8	30	-CG
A2_BC02.191219_FM1-2_consensus_vsearch	2314	C	*/+A	857	16	1.77%	2	1	93	93	1.42365219109315E-5	1	1	180	677	0	16	+A
A2_BC02.191219_FM1-2_consensus_vsearch	2315	G	*/-T	878	10	1.1%	2	1	93	93	9.519995200351108E-4	1	1	178	700	0	10	-T
A2_BC02.191219_FM1-2_consensus_vsearch	2316	T	*/+A	839	16	1.71%	2	1	93	93	1.4215562829045102E-5	1	1	184	655	0	16	+A
A2_BC02.191219_FM1-2_consensus_vsearch	2316	T	*/-GT	839	37	3.96%	2	1	93	93	4.9348445354920665E-12	1	1	184	655	0	37	-GT
A2_BC02.191219_FM1-2_consensus_vsearch	2317	G	*/-T	817	65	7.21%	2	2	93	93	7.968824414853209E-21	1	1	122	695	63	2	-T
A2_BC02.191219_FM1-2_consensus_vsearch	2320	T	*/+G	888	11	1.16%	2	1	93	93	4.734859156032318E-4	1	1	178	710	0	11	+G
A2_BC02.191219_FM1-2_consensus_vsearch	2320	T	*/-G	888	24	2.53%	2	2	93	93	5.113342598300653E-8	1	1	178	710	10	14	-G
A2_BC02.191219_FM1-2_consensus_vsearch	2320	T	*/-GA	888	17	1.79%	2	1	93	93	7.072245518614999E-6	1	1	178	710	0	17	-G
A2_BC02.191219_FM1-2_consensus_vsearch	2321	G	*/+A	869	11	1.21%	2	2	93	93	4.7316957439540186E-4	1	1	160	709	6	5	+A
A2_BC02.191219_FM1-2_consensus_vsearch	2323	A	*/-G	921	8	0.85%	2	2	93	93	0.0038475891167196936	1	1	181	740	7	1	-G
A2_BC02.191219_FM1-2_consensus_vsearch	2324	G	*/+T	901	14	1.49%	2	1	93	93	5.8052817010089356E-5	1	1	168	733	0	14	+T
A2_BC02.191219_FM1-2_consensus_vsearch	2325	C	*/+A	921	8	0.85%	2	1	93	93	0.0038475891167196936	1	1	184	737	0	8	+A
A2_BC02.191219_FM1-2_consensus_vsearch	2326	C	*/+AA	870	45	4.73%	2	1	93	93	1.6323884932962194E-14	1	1	188	682	0	45	+AA
A2_BC02.191219_FM1-2_consensus_vsearch	2328	C	*/-T	882	19	2.01%	2	2	93	93	1.732964501792181E-6	1	1	179	703	5	14	-T
A2_BC02.191219_FM1-2_consensus_vsearch	2328	C	*/-TT	882	30	3.18%	2	1	93	93	7.308348025357012E-10	1	1	179	703	0	30	-TT
A2_BC02.191219_FM1-2_consensus_vsearch	2330	T	*/-C	776	75	8.2%	2	2	93	93	4.808276875666055E-24	1	1	160	616	20	55	-C
A2_BC02.191219_FM1-2_consensus_vsearch	2330	T	*/-CC	776	50	5.46%	2	2	93	93	4.13484713924425E-16	1	1	160	616	2	48	-C
A2_BC02.191219_FM1-2_consensus_vsearch	2332	C	*/+T	844	7	0.78%	2	1	93	93	0.0077163330607131295	1	1	185	659	0	7	+T
A2_BC02.191219_FM1-2_consensus_vsearch	2332	C	*/-A	844	34	3.78%	2	1	93	93	4.202678147540225E-11	1	1	185	659	0	34	-A
A2_BC02.191219_FM1-2_consensus_vsearch	2333	A	*/+C	900	7	0.77%	2	1	93	93	0.007722257424555146	1	1	187	713	0	7	+C
A2_BC02.191219_FM1-2_consensus_vsearch	2334	A	*/-T	908	10	1.05%	2	1	93	93	9.527965136831337E-4	1	1	187	721	0	10	-T
A2_BC02.191219_FM1-2_consensus_vsearch	2335	T	*/-C	888	26	2.77%	2	1	93	93	1.2442624180076066E-8	1	1	191	697	0	26	-C
A2_BC02.191219_FM1-2_consensus_vsearch	2337	G	*/-T	927	8	0.85%	2	1	93	93	0.0038479642340997267	1	1	187	740	0	8	-T
A2_BC02.191219_FM1-2_consensus_vsearch	2339	C	*/+T	853	20	2.12%	2	2	93	93	8.542899568423818E-7	1	1	188	665	1	19	+T
A2_BC02.191219_FM1-2_consensus_vsearch	2339	C	*/+TT	853	15	1.59%	2	1	93	93	2.8711817987441142E-5	1	1	188	665	0	15	+T
A2_BC02.191219_FM1-2_consensus_vsearch	2339	C	*/-T	853	41	4.35%	2	1	93	93	2.844217713477202E-13	1	1	188	665	0	41	-T
A2_BC02.191219_FM1-2_consensus_vsearch	2339	C	*/-TT	853	12	1.27%	2	1	93	93	2.349419640408505E-4	1	1	188	665	0	12	-T
A2_BC02.191219_FM1-2_consensus_vsearch	2342	T	*/-G	751	170	17.91%	2	1	93	93	1.2256339615841618E-55	1	1	188	563	0	170	-G
A2_BC02.191219_FM1-2_consensus_vsearch	2345	A	*/+T	930	8	0.84%	2	1	93	93	0.003848149999505569	1	1	188	742	0	8	+T
A2_BC02.191219_FM1-2_consensus_vsearch	2348	C	*/+T	861	19	2.01%	2	1	93	93	1.7289617354494781E-6	1	1	183	678	0	19	+T
A2_BC02.191219_FM1-2_consensus_vsearch	2348	C	*/-T	861	31	3.28%	2	2	93	93	3.5718764238171103E-10	1	1	183	678	2	29	-T
A2_BC02.191219_FM1-2_consensus_vsearch	2348	C	*/-TT	861	23	2.43%	2	2	93	93	1.0312404062931158E-7	1	1	183	678	4	19	-T
A2_BC02.191219_FM1-2_consensus_vsearch	2351	T	*/+G	921	9	0.95%	2	2	93	93	0.0019155157221715682	1	1	188	733	2	7	+G
A2_BC02.191219_FM1-2_consensus_vsearch	2352	G	*/-A	924	13	1.38%	2	2	93	93	1.1706100476019187E-4	1	1	190	734	1	12	-A
A2_BC02.191219_FM1-2_consensus_vsearch	2354	A	*/-T	932	9	0.95%	2	1	93	93	0.0019159531309495248	1	1	191	741	0	9	-T
A2_BC02.191219_FM1-2_consensus_vsearch	2355	T	*/-C	913	8	0.85%	2	1	93	93	0.0038470813845085643	1	1	190	723	0	8	-C
A2_BC02.191219_FM1-2_consensus_vsearch	2356	C	*/+T	815	31	3.32%	2	2	93	93	3.5198031065548407E-10	1	1	173	642	5	26	+T
A2_BC02.191219_FM1-2_consensus_vsearch	2356	C	*/-T	815	75	8.04%	2	2	93	93	5.198640644442342E-24	1	1	173	642	12	63	-T
A2_BC02.191219_FM1-2_consensus_vsearch	2359	T	*/-A	897	44	4.63%	2	1	93	93	3.3977636887113645E-14	1	1	190	707	0	44	-A
A2_BC02.191219_FM1-2_consensus_vsearch	2361	A	*/+C	899	21	2.21%	2	1	93	93	4.2485855009177664E-7	1	1	189	710	0	21	+C
A2_BC02.191219_FM1-2_consensus_vsearch	2361	A	*/-T	899	20	2.11%	2	1	93	93	8.590597840779352E-7	1	1	189	710	0	20	+C
A2_BC02.191219_FM1-2_consensus_vsearch	2362	T	*/+C	867	10	1.08%	2	1	93	93	9.516937296780997E-4	1	1	191	676	0	10	+C
A2_BC02.191219_FM1-2_consensus_vsearch	2362	T	*/-C	867	43	4.63%	2	1	93	93	6.84006539031821E-14	1	1	191	676	0	43	-C
A2_BC02.191219_FM1-2_consensus_vsearch	2363	C	*/-T	873	10	1.1%	2	1	93	93	9.518614618535381E-4	1	1	190	683	0	10	-T
A2_BC02.191219_FM1-2_consensus_vsearch	2363	C	*/-TC	873	21	2.32%	2	2	93	93	4.2341827114935255E-7	1	1	190	683	1	20	-TC
A2_BC02.191219_FM1-2_consensus_vsearch	2364	T	*/+C	902	7	0.76%	2	2	93	93	0.007722455538556802	1	1	185	717	5	2	+C
A2_BC02.191219_FM1-2_consensus_vsearch	2365	C	*/-A	909	7	0.75%	2	2	93	93	0.007723142139737795	1	1	182	727	2	5	-A
A2_BC02.191219_FM1-2_consensus_vsearch	2367	A	*/+C	922	8	0.84%	2	1	93	93	0.0038476519712181086	1	1	184	738	0	8	+C
A2_BC02.191219_FM1-2_consensus_vsearch	2367	A	*/-C	922	7	0.74%	2	1	93	93	0.007724389864457613	1	1	184	738	0	7	+C
A2_BC02.191219_FM1-2_consensus_vsearch	2368	C	*/-T	906	31	3.28%	2	2	93	93	3.6184264686580075E-10	1	1	190	716	1	30	-T
A2_BC02.191219_FM1-2_consensus_vsearch	2369	T	*/+C	847	16	1.74%	2	2	93	93	1.4224983077620704E-5	1	1	175	672	13	3	+C
A2_BC02.191219_FM1-2_consensus_vsearch	2369	T	*/-C	847	33	3.59%	2	1	93	93	8.575566607940638E-11	1	1	175	672	0	33	-C
A2_BC02.191219_FM1-2_consensus_vsearch	2369	T	*/-CG	847	14	1.52%	2	1	93	93	5.78692632792744E-5	1	1	175	672	0	14	-C
A2_BC02.191219_FM1-2_consensus_vsearch	2370	C	*/+G	710	24	2.66%	2	2	93	93	4.923749992474553E-8	1	1	180	530	1	23	+G
A2_BC02.191219_FM1-2_consensus_vsearch	2370	C	*/-G	710	100	11.09%	2	2	93	93	3.034873662097518E-32	1	1	180	530	7	93	-G
A2_BC02.191219_FM1-2_consensus_vsearch	2370	C	*/-GG	710	50	5.54%	2	1	93	93	3.860494145250643E-16	1	1	180	530	0	50	-G
A2_BC02.191219_FM1-2_consensus_vsearch	2371	G	*/+C	646	52	6.65%	2	1	93	93	8.279741937484874E-17	1	1	131	515	0	52	+C
A2_BC02.191219_FM1-2_consensus_vsearch	2371	G	*/+T	646	11	1.41%	2	2	93	93	4.6810705974950764E-4	1	1	131	515	1	10	+C
A2_BC02.191219_FM1-2_consensus_vsearch	2372	G	*/+CA	810	8	0.89%	2	1	93	93	0.0038396608371610618	1	1	188	622	0	8	+CA
A2_BC02.191219_FM1-2_consensus_vsearch	2373	G	*/+C	778	25	2.64%	2	1	93	93	2.465267534356883E-8	1	1	187	591	0	25	+C
A2_BC02.191219_FM1-2_consensus_vsearch	2373	G	*/+CA	778	13	1.37%	2	1	93	93	1.1615196017629846E-4	1	1	187	591	0	13	+C
A2_BC02.191219_FM1-2_consensus_vsearch	2373	G	*/-T	778	68	7.17%	2	2	93	93	8.332658171104093E-22	1	1	187	591	1	67	-T
A2_BC02.191219_FM1-2_consensus_vsearch	2374	T	*/+A	76	649	74.17%	2	2	93	93	0.0	1	1	5	71	178	471	+A
A2_BC02.191219_FM1-2_consensus_vsearch	2374	T	*/+AG	76	29	3.31%	2	2	93	93	1.9707300176860427E-10	1	1	5	71	1	28	+A
A2_BC02.191219_FM1-2_consensus_vsearch	2374	T	*/-G	76	13	1.49%	2	1	93	93	7.616134471908988E-5	1	1	5	71	0	13	+A
A2_BC02.191219_FM1-2_consensus_vsearch	2377	A	*/+T	928	8	0.84%	2	1	93	93	0.0038480262877654513	1	1	185	743	0	8	+T
A2_BC02.191219_FM1-2_consensus_vsearch	2378	C	*/-T	914	16	1.69%	2	2	93	93	1.4297670579937833E-5	1	1	184	730	5	11	-T
A2_BC02.191219_FM1-2_consensus_vsearch	2380	A	*/+C	899	7	0.74%	2	2	93	93	0.00772215804029401	1	1	166	733	6	1	+C
A2_BC02.191219_FM1-2_consensus_vsearch	2380	A	*/-C	899	33	3.48%	2	2	93	93	8.725725964209898E-11	1	1	166	733	15	18	-C
A2_BC02.191219_FM1-2_consensus_vsearch	2390	C	*/+T	855	7	0.74%	2	1	93	93	0.007717557383325007	1	1	114	741	0	7	+T
A2_BC02.191219_FM1-2_consensus_vsearch	2390	C	*/-T	855	75	7.93%	2	2	93	93	5.59216241478022E-24	1	1	114	741	72	3	-T
A2_BC02.191219_FM1-2_consensus_vsearch	2392	T	*/-A	899	31	3.28%	2	1	93	93	3.611447908273045E-10	1	1	184	715	0	31	-A
A2_BC02.191219_FM1-2_consensus_vsearch	2394	A	*/-G	890	41	4.33%	2	2	93	93	2.8989723769853746E-13	1	1	178	712	10	31	-G
A2_BC02.191219_FM1-2_consensus_vsearch	2399	A	*/+C	935	8	0.84%	2	1	93	93	0.003848456991056349	1	1	190	745	0	8	+C
A2_BC02.191219_FM1-2_consensus_vsearch	2400	T	*/+C	920	7	0.74%	2	1	93	93	0.007724200179668666	1	1	182	738	7	0	+C
A2_BC02.191219_FM1-2_consensus_vsearch	2400	T	*/-C	920	9	0.95%	2	1	93	93	0.0019154754467444904	1	1	182	738	0	9	-C
A2_BC02.191219_FM1-2_consensus_vsearch	2401	C	*/-A	890	42	4.48%	2	1	93	93	1.4175865998028232E-13	1	1	190	700	0	42	-A
A2_BC02.191219_FM1-2_consensus_vsearch	2404	T	*/+C	879	34	3.61%	2	1	93	93	4.256481923410592E-11	1	1	178	701	0	34	+C
A2_BC02.191219_FM1-2_consensus_vsearch	2404	T	*/-A	879	7	0.74%	2	2	93	93	0.007720123350086427	1	1	178	701	4	3	+C
A2_BC02.191219_FM1-2_consensus_vsearch	2404	T	*/-AA	879	7	0.74%	2	1	93	93	0.007720123350086427	1	1	178	701	0	7	+C
A2_BC02.191219_FM1-2_consensus_vsearch	2407	G	*/-CG	921	16	1.7%	2	2	93	93	1.4304679560820394E-5	1	1	188	733	1	15	-CG
A2_BC02.191219_FM1-2_consensus_vsearch	2408	C	*/+G	875	15	1.61%	2	2	93	93	2.8755497014122334E-5	1	1	188	687	1	14	+G
A2_BC02.191219_FM1-2_consensus_vsearch	2408	C	*/-G	875	19	2.04%	2	1	93	93	1.7316503399828916E-6	1	1	188	687	0	19	-G
A2_BC02.191219_FM1-2_consensus_vsearch	2411	A	*/+G	886	10	1.06%	2	2	93	93	9.522172317498261E-4	1	1	153	733	1	9	+G
A2_BC02.191219_FM1-2_consensus_vsearch	2411	A	*/-G	886	32	3.38%	2	2	93	93	1.7687247921110993E-10	1	1	153	733	22	10	-G
A2_BC02.191219_FM1-2_consensus_vsearch	2412	G	*/+T	886	13	1.43%	2	1	93	93	1.1685240183122781E-4	1	1	158	728	0	13	+T
A2_BC02.191219_FM1-2_consensus_vsearch	2413	G	*/+A	820	40	4.26%	2	2	93	93	5.717483214766175E-13	1	1	114	706	20	20	+A
A2_BC02.191219_FM1-2_consensus_vsearch	2413	G	*/-A	820	53	5.64%	2	2	93	93	4.9200380780867855E-17	1	1	114	706	27	26	-A
A2_BC02.191219_FM1-2_consensus_vsearch	2413	G	*/-AA	820	12	1.28%	2	2	93	93	2.3458185469270697E-4	1	1	114	706	9	3	-A
A2_BC02.191219_FM1-2_consensus_vsearch	2417	A	*/-G	917	7	0.74%	2	2	93	93	0.007723914116185401	1	1	172	745	6	1	-G
A2_BC02.191219_FM1-2_consensus_vsearch	2417	A	*/-GAA	917	8	0.84%	2	2	93	93	0.003847336344513878	1	1	172	745	7	1	-GAA
A2_BC02.191219_FM1-2_consensus_vsearch	2418	G	*/+A	860	26	2.8%	2	2	93	93	1.237088947193778E-8	1	1	163	697	1	25	+A
A2_BC02.191219_FM1-2_consensus_vsearch	2418	G	*/-A	860	25	2.69%	2	2	93	93	2.509604267428272E-8	1	1	163	697	7	18	+A
A2_BC02.191219_FM1-2_consensus_vsearch	2421	A	*/+T	901	18	1.9%	2	1	93	93	3.507197114283042E-6	1	1	167	734	0	18	+T
A2_BC02.191219_FM1-2_consensus_vsearch	2421	A	*/-C	901	7	0.74%	2	2	93	93	0.00772235659043017	1	1	167	734	6	1	+T
A2_BC02.191219_FM1-2_consensus_vsearch	2422	C	*/-T	918	15	1.59%	2	2	93	93	2.883504534476528E-5	1	1	176	742	1	14	-T
A2_BC02.191219_FM1-2_consensus_vsearch	2426	C	*/+A	913	7	0.74%	2	2	93	93	0.007723529802484695	1	1	176	737	4	3	+A
A2_BC02.191219_FM1-2_consensus_vsearch	2426	C	*/-A	913	9	0.95%	2	2	93	93	0.0019151910853385365	1	1	176	737	4	5	-A
A2_BC02.191219_FM1-2_consensus_vsearch	2428	A	*/-G	914	20	2.12%	2	2	93	93	8.605177864173582E-7	1	1	179	735	6	14	-G
A2_BC02.191219_FM1-2_consensus_vsearch	2430	G	*/-A	938	11	1.16%	2	1	93	93	4.7425841433136005E-4	1	1	180	758	11	0	-A
A2_BC02.191219_FM1-2_consensus_vsearch	2431	A	*/-T	917	14	1.49%	2	2	93	93	5.810318560301478E-5	1	1	178	739	1	13	-T
A2_BC02.191219_FM1-2_consensus_vsearch	2432	T	*/+C	913	11	1.17%	2	2	93	93	4.738825180222003E-4	1	1	188	725	1	10	+C
A2_BC02.191219_FM1-2_consensus_vsearch	2433	T	*/+C	571	310	32.6%	2	2	93	93	1.7775172347042202E-108	1	1	65	506	103	207	+C
A2_BC02.191219_FM1-2_consensus_vsearch	2433	T	*/+CC	571	26	2.73%	2	2	93	93	1.1282837445586427E-8	1	1	65	506	13	13	+C
A2_BC02.191219_FM1-2_consensus_vsearch	2433	T	*/-C	571	22	2.31%	2	2	93	93	1.9551717699649296E-7	1	1	65	506	9	13	+C
A2_BC02.191219_FM1-2_consensus_vsearch	2433	T	*/-CC	571	10	1.05%	2	1	93	93	9.391664866947025E-4	1	1	65	506	0	10	+C
A2_BC02.191219_FM1-2_consensus_vsearch	2436	C	*/+T	921	15	1.58%	2	2	93	93	2.884032811336736E-5	1	1	188	733	1	14	+T
A2_BC02.191219_FM1-2_consensus_vsearch	2436	C	*/-T	921	8	0.84%	2	2	93	93	0.0038475891167196936	1	1	188	733	1	7	+T
A2_BC02.191219_FM1-2_consensus_vsearch	2438	A	*/-G	918	15	1.58%	2	2	93	93	2.883504534476528E-5	1	1	187	731	1	14	-G
A2_BC02.191219_FM1-2_consensus_vsearch	2443	C	*/-G	912	15	1.59%	2	1	93	93	2.8824379368099733E-5	1	1	187	725	0	15	-G
A2_BC02.191219_FM1-2_consensus_vsearch	2446	C	*/+G	892	10	1.06%	2	2	93	93	9.52377999695646E-4	1	1	169	723	8	2	+G
A2_BC02.191219_FM1-2_consensus_vsearch	2446	C	*/-G	892	8	0.85%	2	2	93	93	0.0038457057984593083	1	1	169	723	6	2	+G
A2_BC02.191219_FM1-2_consensus_vsearch	2449	G	*/+AG	842	22	2.32%	2	1	93	93	2.08233389408257E-7	1	1	183	659	0	22	+AG
A2_BC02.191219_FM1-2_consensus_vsearch	2449	G	*/-T	842	56	5.91%	2	1	93	93	5.727828129367673E-18	1	1	183	659	0	56	-T
A2_BC02.191219_FM1-2_consensus_vsearch	2449	G	*/-TG	842	14	1.48%	2	1	93	93	5.7851118394011783E-5	1	1	183	659	0	14	-T
A2_BC02.191219_FM1-2_consensus_vsearch	2454	G	*/-C	763	27	2.85%	2	1	93	93	5.9437461983740734E-9	1	1	190	573	0	27	-C
A2_BC02.191219_FM1-2_consensus_vsearch	2454	G	*/-CG	763	140	14.77%	2	1	93	93	2.075709246155619E-45	1	1	190	573	0	140	-CG
A2_BC02.191219_FM1-2_consensus_vsearch	2454	G	*/-CGG	763	13	1.37%	2	1	93	93	1.1603952427958762E-4	1	1	190	573	0	13	-CG
A2_BC02.191219_FM1-2_consensus_vsearch	2455	C	*/+G	578	8	1.04%	2	2	93	93	0.003813445148774959	1	1	178	400	3	5	+G
A2_BC02.191219_FM1-2_consensus_vsearch	2455	C	*/-G	578	156	20.37%	2	2	93	93	1.0701310760711313E-51	1	1	178	400	10	146	-G
A2_BC02.191219_FM1-2_consensus_vsearch	2455	C	*/-GG	578	12	1.57%	2	1	93	93	2.3073291313309075E-4	1	1	178	400	0	12	-G
A2_BC02.191219_FM1-2_consensus_vsearch	2458	G	*/+A	924	11	1.16%	2	1	93	93	4.7405036608057823E-4	1	1	177	747	11	0	+A
A2_BC02.191219_FM1-2_consensus_vsearch	2461	G	*/-A	934	8	0.85%	2	2	93	93	0.003848395852552145	1	1	180	754	7	1	-A
A2_BC02.191219_FM1-2_consensus_vsearch	2463	G	*/+C	925	8	0.84%	2	1	93	93	0.003847839729165243	1	1	186	739	0	8	+C
A2_BC02.191219_FM1-2_consensus_vsearch	2465	T	*/-C	921	8	0.85%	2	1	93	93	0.0038475891167196936	1	1	180	741	0	8	-C
A2_BC02.191219_FM1-2_consensus_vsearch	2466	C	*/-A	893	31	3.3%	2	2	93	93	3.605391641991743E-10	1	1	185	708	2	29	-A
A2_BC02.191219_FM1-2_consensus_vsearch	2469	A	*/+T	845	7	0.74%	2	2	93	93	0.007716445666030941	1	1	174	671	4	3	+T
A2_BC02.191219_FM1-2_consensus_vsearch	2469	A	*/-T	845	71	7.47%	2	2	93	93	1.0328438362515213E-22	1	1	174	671	11	60	-T
A2_BC02.191219_FM1-2_consensus_vsearch	2469	A	*/-TT	845	8	0.84%	2	2	93	93	0.003842382621936866	1	1	174	671	1	7	-T
A2_BC02.191219_FM1-2_consensus_vsearch	2469	A	*/-TTT	845	11	1.16%	2	1	93	93	4.7275011474827596E-4	1	1	174	671	0	11	-TTT
A2_BC02.191219_FM1-2_consensus_vsearch	2473	T	*/-A	854	62	6.53%	2	2	93	93	7.450655435587064E-20	1	1	182	672	2	60	-A
A2_BC02.191219_FM1-2_consensus_vsearch	2476	A	*/-T	901	29	3.05%	2	1	93	93	1.4922908927962378E-9	1	1	189	712	0	29	-T
A2_BC02.191219_FM1-2_consensus_vsearch	2477	T	*/+C	886	9	0.98%	2	1	93	93	0.0019140528193757583	1	1	178	708	9	0	+C
A2_BC02.191219_FM1-2_consensus_vsearch	2477	T	*/-C	886	21	2.28%	2	1	93	93	4.2414823977908244E-7	1	1	178	708	0	21	-C
A2_BC02.191219_FM1-2_consensus_vsearch	2478	C	*/-T	899	15	1.61%	2	2	93	93	2.880079951288113E-5	1	1	188	711	2	13	-T
A2_BC02.191219_FM1-2_consensus_vsearch	2479	T	*/-G	890	14	1.5%	2	2	93	93	5.801717294981319E-5	1	1	183	707	4	10	-G
A2_BC02.191219_FM1-2_consensus_vsearch	2479	T	*/-GGC	890	11	1.18%	2	1	93	93	4.7351844598646177E-4	1	1	183	707	0	11	-G
A2_BC02.191219_FM1-2_consensus_vsearch	2484	T	*/-C	927	7	0.74%	2	2	93	93	0.0077248605301177935	1	1	186	741	4	3	-C
A2_BC02.191219_FM1-2_consensus_vsearch	2486	C	*/+T	913	7	0.74%	2	1	93	93	0.007723529802484695	1	1	190	723	0	7	+T
A2_BC02.191219_FM1-2_consensus_vsearch	2486	C	*/-T	913	10	1.05%	2	1	93	93	9.529243449039875E-4	1	1	190	723	0	10	-T
A2_BC02.191219_FM1-2_consensus_vsearch	2486	C	*/-TC	913	11	1.16%	2	1	93	93	4.738825180222003E-4	1	1	190	723	0	11	-TC
A2_BC02.191219_FM1-2_consensus_vsearch	2486	C	*/-TCG	913	8	0.84%	2	1	93	93	0.0038470813845085643	1	1	190	723	0	8	-TC
A2_BC02.191219_FM1-2_consensus_vsearch	2487	T	*/+C	881	11	1.19%	2	1	93	93	4.733709215866609E-4	1	1	176	705	11	0	+C
A2_BC02.191219_FM1-2_consensus_vsearch	2488	C	*/-G	869	31	3.35%	2	2	93	93	3.580452702319364E-10	1	1	187	682	1	30	-G
A2_BC02.191219_FM1-2_consensus_vsearch	2491	G	*/-CG	924	17	1.79%	2	1	93	93	7.092974853400203E-6	1	1	191	733	0	17	-CG
A2_BC02.191219_FM1-2_consensus_vsearch	2494	T	*/-C	889	52	5.49%	2	1	93	93	1.0759675726709555E-16	1	1	137	752	52	0	-C
A2_BC02.191219_FM1-2_consensus_vsearch	2496	C	*/+G	862	58	6.1%	2	2	93	93	1.3722958778344588E-18	1	1	176	686	1	57	+G
A2_BC02.191219_FM1-2_consensus_vsearch	2496	C	*/-G	862	11	1.16%	2	2	93	93	4.730495908561642E-4	1	1	176	686	9	2	+G
A2_BC02.191219_FM1-2_consensus_vsearch	2497	G	*/-A	926	10	1.06%	2	1	93	93	9.532503594346218E-4	1	1	170	756	10	0	-A
A2_BC02.191219_FM1-2_consensus_vsearch	2505	A	*/+T	908	14	1.47%	2	1	93	93	5.8075064580286264E-5	1	1	187	721	0	14	+T
A2_BC02.191219_FM1-2_consensus_vsearch	2505	A	*/-T	908	18	1.89%	2	1	93	93	3.5094473620126567E-6	1	1	187	721	0	18	-T
A2_BC02.191219_FM1-2_consensus_vsearch	2507	C	*/+T	904	8	0.85%	2	1	93	93	0.0038464995767399095	1	1	187	717	0	8	+T
A2_BC02.191219_FM1-2_consensus_vsearch	2507	C	*/-T	904	24	2.54%	2	1	93	93	5.1270496650052684E-8	1	1	187	717	0	24	-T
A2_BC02.191219_FM1-2_consensus_vsearch	2508	T	*/-AGA	895	8	0.87%	2	1	93	93	0.0038459062136693787	1	1	175	720	8	0	-AGA
A2_BC02.191219_FM1-2_consensus_vsearch	2509	A	*/+G	884	32	3.44%	2	1	93	93	1.76764488721691E-10	1	1	171	713	0	32	+G
A2_BC02.191219_FM1-2_consensus_vsearch	2509	A	*/-G	884	7	0.75%	2	2	93	93	0.007720640566701033	1	1	171	713	5	2	+G
A2_BC02.191219_FM1-2_consensus_vsearch	2511	A	*/-GA	903	19	2.03%	2	2	93	93	1.7367917088241627E-6	1	1	157	746	18	1	-GA
A2_BC02.191219_FM1-2_consensus_vsearch	2515	G	*/+T	848	19	2.01%	2	1	93	93	1.7263904975506968E-6	1	1	186	662	0	19	+T
A2_BC02.191219_FM1-2_consensus_vsearch	2515	G	*/-C	848	36	3.81%	2	1	93	93	1.0115418427687242E-11	1	1	186	662	0	36	-C
A2_BC02.191219_FM1-2_consensus_vsearch	2515	G	*/-CG	848	28	2.97%	2	1	93	93	2.9919984514412224E-9	1	1	186	662	0	28	-C
A2_BC02.191219_FM1-2_consensus_vsearch	2517	G	*/+C	852	10	1.1%	2	1	93	93	9.512642615556243E-4	1	1	181	671	0	10	+C
A2_BC02.191219_FM1-2_consensus_vsearch	2517	G	*/+T	852	9	0.99%	2	2	93	93	0.001912518462839519	1	1	181	671	1	8	+C
A2_BC02.191219_FM1-2_consensus_vsearch	2517	G	*/-T	852	24	2.63%	2	2	93	93	5.080793686950325E-8	1	1	181	671	9	15	-T
A2_BC02.191219_FM1-2_consensus_vsearch	2517	G	*/-TT	852	8	0.88%	2	1	93	93	0.0038429004956962924	1	1	181	671	0	8	-T
A2_BC02.191219_FM1-2_consensus_vsearch	2519	T	*/+GC	909	9	0.96%	2	1	93	93	0.0019150266562096274	1	1	191	718	0	9	+GC
A2_BC02.191219_FM1-2_consensus_vsearch	2521	T	*/-C	889	22	2.33%	2	1	93	93	2.097103162358067E-7	1	1	187	702	0	22	-C
A2_BC02.191219_FM1-2_consensus_vsearch	2522	C	*/+A	884	10	1.08%	2	2	93	93	9.521631664199759E-4	1	1	187	697	4	6	+A
A2_BC02.191219_FM1-2_consensus_vsearch	2522	C	*/+T	884	15	1.62%	2	1	93	93	2.8772762809134463E-5	1	1	187	697	0	15	+T
A2_BC02.191219_FM1-2_consensus_vsearch	2524	T	*/-GT	898	10	1.06%	2	2	93	93	9.525366583644499E-4	1	1	185	713	2	8	-GT
A2_BC02.191219_FM1-2_consensus_vsearch	2526	T	*/-C	919	12	1.28%	2	1	93	93	2.3558649502057803E-4	1	1	186	733	0	12	-C
A2_BC02.191219_FM1-2_consensus_vsearch	2529	G	*/-C	897	30	3.18%	2	2	93	93	7.33754016573295E-10	1	1	167	730	16	14	-C
A2_BC02.191219_FM1-2_consensus_vsearch	2533	C	*/+A	907	22	2.32%	2	2	93	93	2.102384290831175E-7	1	1	187	720	1	21	+A
A2_BC02.191219_FM1-2_consensus_vsearch	2534	A	*/+C	897	13	1.37%	2	1	93	93	1.1691455204603951E-4	1	1	184	713	0	13	+C
A2_BC02.191219_FM1-2_consensus_vsearch	2534	A	*/+T	897	21	2.21%	2	1	93	93	4.2475051928364584E-7	1	1	184	713	0	21	+T
A2_BC02.191219_FM1-2_consensus_vsearch	2534	A	*/-C	897	7	0.74%	2	2	93	93	0.007721958613557127	1	1	184	713	3	4	+T
A2_BC02.191219_FM1-2_consensus_vsearch	2535	C	*/+T	811	47	5.01%	2	1	93	93	3.718334974960737E-15	1	1	183	628	0	47	+T
A2_BC02.191219_FM1-2_consensus_vsearch	2535	C	*/+TC	811	43	4.58%	2	1	93	93	6.610268100222973E-14	1	1	183	628	0	43	+T
A2_BC02.191219_FM1-2_consensus_vsearch	2536	C	*/-A	914	7	0.74%	2	1	93	93	0.007723626193207946	1	1	189	725	0	7	-A
A2_BC02.191219_FM1-2_consensus_vsearch	2537	A	*/-TA	904	10	1.06%	2	2	93	93	9.526932489733308E-4	1	1	178	726	2	8	-TA
A2_BC02.191219_FM1-2_consensus_vsearch	2538	T	*/+A	835	8	0.86%	2	2	93	93	0.003841627941276226	1	1	170	665	4	4	+A
A2_BC02.191219_FM1-2_consensus_vsearch	2538	T	*/-A	835	35	3.75%	2	2	93	93	2.0531796549687184E-11	1	1	170	665	5	30	-A
A2_BC02.191219_FM1-2_consensus_vsearch	2538	T	*/-AA	835	24	2.57%	2	1	93	93	5.064539927430364E-8	1	1	170	665	0	24	-A
A2_BC02.191219_FM1-2_consensus_vsearch	2540	A	*/-G	885	12	1.3%	2	2	93	93	2.352661648995625E-4	1	1	188	697	2	10	-G
A2_BC02.191219_FM1-2_consensus_vsearch	2544	A	*/+C	867	47	4.95%	2	1	93	93	3.872878449027522E-15	1	1	184	683	0	47	+C
A2_BC02.191219_FM1-2_consensus_vsearch	2544	A	*/-C	867	22	2.32%	2	2	93	93	2.0903737512573434E-7	1	1	184	683	3	19	+C
A2_BC02.191219_FM1-2_consensus_vsearch	2546	C	*/+T	900	8	0.84%	2	1	93	93	0.0038462373067776633	1	1	186	714	0	8	+T
A2_BC02.191219_FM1-2_consensus_vsearch	2546	C	*/-T	900	22	2.32%	2	2	93	93	2.1003537407121138E-7	1	1	186	714	1	21	-T
A2_BC02.191219_FM1-2_consensus_vsearch	2546	C	*/-TC	900	10	1.05%	2	2	93	93	9.525890830099214E-4	1	1	186	714	2	8	-T
A2_BC02.191219_FM1-2_consensus_vsearch	2547	T	*/+C	854	9	0.98%	2	2	93	93	0.0019126120471693116	1	1	175	679	8	1	+C
A2_BC02.191219_FM1-2_consensus_vsearch	2547	T	*/-C	854	37	4.03%	2	1	93	93	4.9678894723781225E-12	1	1	175	679	0	37	-C
A2_BC02.191219_FM1-2_consensus_vsearch	2548	C	*/+G	858	17	1.88%	2	2	93	93	7.0537071575917325E-6	1	1	181	677	2	15	+G
A2_BC02.191219_FM1-2_consensus_vsearch	2548	C	*/+T	858	11	1.22%	2	1	93	93	4.7298016956908877E-4	1	1	181	677	0	11	+G
A2_BC02.191219_FM1-2_consensus_vsearch	2554	G	*/-TG	874	62	6.54%	2	1	93	93	7.62866565951999E-20	1	1	187	687	0	62	-TG
A2_BC02.191219_FM1-2_consensus_vsearch	2561	A	*/-TA	906	11	1.16%	2	1	93	93	4.7377362866670325E-4	1	1	181	725	0	11	-TA
A2_BC02.191219_FM1-2_consensus_vsearch	2562	T	*/-A	893	19	2.03%	2	2	93	93	1.7349903856578177E-6	1	1	174	719	6	13	-A
A2_BC02.191219_FM1-2_consensus_vsearch	2564	G	*/-A	899	12	1.27%	2	2	93	93	2.354009266086135E-4	1	1	148	751	9	3	-A
A2_BC02.191219_FM1-2_consensus_vsearch	2564	G	*/-AG	899	26	2.75%	2	2	93	93	1.2469708251456825E-8	1	1	148	751	25	1	-AG
A2_BC02.191219_FM1-2_consensus_vsearch	2565	A	*/-G	704	194	21.32%	2	2	93	93	3.267311246266504E-64	1	1	84	620	67	127	-G
A2_BC02.191219_FM1-2_consensus_vsearch	2571	A	*/-G	919	10	1.06%	2	1	93	93	9.530759388974517E-4	1	1	171	748	10	0	-G
A2_BC02.191219_FM1-2_consensus_vsearch	2571	A	*/-GA	919	8	0.85%	2	2	93	93	0.003847463002329035	1	1	171	748	4	4	-G
A2_BC02.191219_FM1-2_consensus_vsearch	2574	A	*/+C	863	14	1.48%	2	1	93	93	5.792596237954804E-5	1	1	182	681	0	14	+C
A2_BC02.191219_FM1-2_consensus_vsearch	2574	A	*/-T	863	57	6.01%	2	1	93	93	2.8352300697384265E-18	1	1	182	681	0	57	-T
A2_BC02.191219_FM1-2_consensus_vsearch	2575	T	*/-C	826	52	5.86%	2	2	93	93	1.0198433384063042E-16	1	1	157	669	30	22	-C
A2_BC02.191219_FM1-2_consensus_vsearch	2578	C	*/-GT	768	25	2.63%	2	1	93	93	2.459284393690338E-8	1	1	187	581	0	25	-GT
A2_BC02.191219_FM1-2_consensus_vsearch	2580	T	*/+G	771	7	0.76%	2	1	93	93	0.007707333036028457	1	1	184	587	0	7	+G
A2_BC02.191219_FM1-2_consensus_vsearch	2585	T	*/-G	917	24	2.53%	2	1	93	93	5.1378649051644205E-8	1	1	190	727	0	24	-G
A2_BC02.191219_FM1-2_consensus_vsearch	2588	T	*/+G	859	46	4.88%	2	2	93	93	7.904029469265978E-15	1	1	187	672	1	45	+G
A2_BC02.191219_FM1-2_consensus_vsearch	2588	T	*/-G	859	18	1.91%	2	2	93	93	3.4929671498176557E-6	1	1	187	672	2	16	+G
A2_BC02.191219_FM1-2_consensus_vsearch	2589	G	*/+TG	906	17	1.83%	2	1	93	93	7.082806564098443E-6	1	1	187	719	0	17	+TG
A2_BC02.191219_FM1-2_consensus_vsearch	2594	C	*/-T	666	276	29.21%	2	1	93	93	4.154691785514755E-94	1	1	190	476	0	276	-T
A2_BC02.191219_FM1-2_consensus_vsearch	2595	T	*/-C	651	16	2.38%	2	2	93	93	1.3931341326495143E-5	1	1	178	473	11	5	-C
A2_BC02.191219_FM1-2_consensus_vsearch	2597	C	*/+G	867	15	1.58%	2	1	93	93	2.873986031652143E-5	1	1	191	676	0	15	+G
A2_BC02.191219_FM1-2_consensus_vsearch	2597	C	*/-G	867	46	4.84%	2	1	93	93	7.945815751107237E-15	1	1	191	676	0	46	-G
A2_BC02.191219_FM1-2_consensus_vsearch	2600	C	*/-GC	905	29	3.07%	2	2	93	93	1.4937304350840276E-9	1	1	182	723	6	23	-GC
A2_BC02.191219_FM1-2_consensus_vsearch	2603	A	*/-T	917	8	0.85%	2	2	93	93	0.003847336344513878	1	1	188	729	1	7	-T
A2_BC02.191219_FM1-2_consensus_vsearch	2605	G	*/-T	839	9	0.96%	2	1	93	93	0.0019118994657733419	1	1	181	658	0	9	-T
A2_BC02.191219_FM1-2_consensus_vsearch	2605	G	*/-TG	839	83	8.87%	2	2	93	93	1.4969257145169605E-26	1	1	181	658	8	75	-TG
A2_BC02.191219_FM1-2_consensus_vsearch	2606	T	*/+G	812	18	2.11%	2	1	93	93	3.4753975333729105E-6	1	1	181	631	0	18	+G
A2_BC02.191219_FM1-2_consensus_vsearch	2612	G	*/+C	907	16	1.72%	2	1	93	93	1.4290557896675565E-5	1	1	181	726	0	16	+C
A2_BC02.191219_FM1-2_consensus_vsearch	2613	C	*/+T	858	13	1.39%	2	2	93	93	1.1668722710549462E-4	1	1	184	674	1	12	+T
A2_BC02.191219_FM1-2_consensus_vsearch	2613	C	*/-T	858	56	6%	2	1	93	93	5.8201048697446634E-18	1	1	184	674	0	56	-T
A2_BC02.191219_FM1-2_consensus_vsearch	2614	T	*/+C	841	21	2.37%	2	1	93	93	4.215323283890198E-7	1	1	188	653	0	21	+C
A2_BC02.191219_FM1-2_consensus_vsearch	2614	T	*/-C	841	14	1.58%	2	1	93	93	5.784746443548774E-5	1	1	188	653	0	14	+C
A2_BC02.191219_FM1-2_consensus_vsearch	2615	C	*/-TC	574	340	36.6%	2	2	93	93	4.8572674855343794E-120	1	1	185	389	6	334	-TC
A2_BC02.191219_FM1-2_consensus_vsearch	2616	T	*/-C	576	16	2.66%	2	1	93	93	1.3769512585367692E-5	1	1	185	391	0	16	-C
A2_BC02.191219_FM1-2_consensus_vsearch	2620	C	*/+G	915	12	1.26%	2	1	93	93	2.3555001438568102E-4	1	1	169	746	12	0	+G
A2_BC02.191219_FM1-2_consensus_vsearch	2621	G	*/+A	913	15	1.59%	2	2	93	93	2.882616640936494E-5	1	1	163	750	14	1	+A
A2_BC02.191219_FM1-2_consensus_vsearch	2622	A	*/+G	927	7	0.74%	2	1	93	93	0.0077248605301177935	1	1	180	747	7	0	+G
A2_BC02.191219_FM1-2_consensus_vsearch	2625	C	*/-G	920	15	1.58%	2	2	93	93	2.8838570879323012E-5	1	1	170	750	13	2	-G
A2_BC02.191219_FM1-2_consensus_vsearch	2627	A	*/-G	925	8	0.85%	2	2	93	93	0.003847839729165243	1	1	180	745	3	5	-G
A2_BC02.191219_FM1-2_consensus_vsearch	2631	G	*/+T	911	15	1.58%	2	2	93	93	2.8822588547672962E-5	1	1	183	728	5	10	+T
A2_BC02.191219_FM1-2_consensus_vsearch	2631	G	*/-T	911	8	0.84%	2	2	93	93	0.0038469530751784552	1	1	183	728	2	6	+T
A2_BC02.191219_FM1-2_consensus_vsearch	2634	T	*/+G	853	27	2.84%	2	2	93	93	6.084859056253122E-9	1	1	163	690	3	24	+G
A2_BC02.191219_FM1-2_consensus_vsearch	2634	T	*/-G	853	34	3.58%	2	2	93	93	4.216860267609766E-11	1	1	163	690	19	15	-G
A2_BC02.191219_FM1-2_consensus_vsearch	2634	T	*/-GG	853	9	0.95%	2	2	93	93	0.0019125653089921678	1	1	163	690	5	4	-G
A2_BC02.191219_FM1-2_consensus_vsearch	2637	G	*/+A	930	9	0.95%	2	2	93	93	0.001915874360429123	1	1	186	744	3	6	+A
A2_BC02.191219_FM1-2_consensus_vsearch	2642	C	*/-A	918	8	0.85%	2	2	93	93	0.0038473997415683515	1	1	178	740	6	2	-A
A2_BC02.191219_FM1-2_consensus_vsearch	2644	G	*/+C	909	10	1.06%	2	1	93	93	9.528221904095408E-4	1	1	185	724	0	10	+C
A2_BC02.191219_FM1-2_consensus_vsearch	2644	G	*/-C	909	13	1.38%	2	1	93	93	1.1698068563964621E-4	1	1	185	724	0	13	-C
A2_BC02.191219_FM1-2_consensus_vsearch	2645	C	*/-T	907	15	1.61%	2	1	93	93	2.8815387234418736E-5	1	1	185	722	0	15	-T
A2_BC02.191219_FM1-2_consensus_vsearch	2647	C	*/+A	789	45	4.78%	2	1	93	93	1.5444968732412777E-14	1	1	182	607	0	45	+A
A2_BC02.191219_FM1-2_consensus_vsearch	2647	C	*/-A	789	97	10.3%	2	2	93	93	3.913575134125095E-31	1	1	182	607	6	91	-A
A2_BC02.191219_FM1-2_consensus_vsearch	2652	C	*/+A	293	11	1.16%	2	2	93	93	4.45339405057571E-4	1	1	20	273	10	1	+A
A2_BC02.191219_FM1-2_consensus_vsearch	2652	C	*/+G	293	618	65.19%	2	2	93	93	6.925877512075139E-259	1	1	20	273	149	469	+G
A2_BC02.191219_FM1-2_consensus_vsearch	2652	C	*/+GG	293	10	1.05%	2	2	93	93	9.055980531669402E-4	1	1	20	273	1	9	+G
A2_BC02.191219_FM1-2_consensus_vsearch	2654	G	*/-A	916	16	1.69%	2	2	93	93	1.4299683628079006E-5	1	1	171	745	8	8	-A
A2_BC02.191219_FM1-2_consensus_vsearch	2655	A	*/-G	898	20	2.16%	2	2	93	93	8.589609610447822E-7	1	1	168	730	10	10	-G
A2_BC02.191219_FM1-2_consensus_vsearch	2656	G	*/+T	899	7	0.76%	2	1	93	93	0.00772215804029401	1	1	171	728	0	7	+T
A2_BC02.191219_FM1-2_consensus_vsearch	2658	T	*/+A	852	7	0.74%	2	2	93	93	0.007717226579549263	1	1	183	669	2	5	+A
A2_BC02.191219_FM1-2_consensus_vsearch	2658	T	*/-A	852	14	1.49%	2	2	93	93	5.7887202579047934E-5	1	1	183	669	2	12	-A
A2_BC02.191219_FM1-2_consensus_vsearch	2658	T	*/-AA	852	54	5.74%	2	1	93	93	2.4598776085449717E-17	1	1	183	669	0	54	-AA
A2_BC02.191219_FM1-2_consensus_vsearch	2661	A	*/-T	848	47	4.94%	2	1	93	93	3.821978558712578E-15	1	1	187	661	0	47	-T
A2_BC02.191219_FM1-2_consensus_vsearch	2661	A	*/-TT	848	43	4.52%	2	1	93	93	6.76455338467475E-14	1	1	187	661	0	43	-T
A2_BC02.191219_FM1-2_consensus_vsearch	2662	T	*/+C	835	10	1.16%	2	1	93	93	9.507592422641985E-4	1	1	190	645	0	10	+C
A2_BC02.191219_FM1-2_consensus_vsearch	2663	T	*/+C	717	10	1.1%	2	1	93	93	9.466087718941471E-4	1	1	186	531	0	10	+C
A2_BC02.191219_FM1-2_consensus_vsearch	2663	T	*/-C	717	129	14.21%	2	2	93	93	7.43476451996052E-42	1	1	186	531	4	125	-C
A2_BC02.191219_FM1-2_consensus_vsearch	2663	T	*/-CC	717	13	1.43%	2	1	93	93	1.1566644074509713E-4	1	1	186	531	0	13	-C
A2_BC02.191219_FM1-2_consensus_vsearch	2663	T	*/-CCTT	717	9	0.99%	2	1	93	93	0.001905017376127718	1	1	186	531	0	9	-C
A2_BC02.191219_FM1-2_consensus_vsearch	2664	C	*/+T	781	7	0.88%	2	1	93	93	0.007708664230873112	1	1	186	595	0	7	+T
A2_BC02.191219_FM1-2_consensus_vsearch	2665	C	*/+T	858	15	1.62%	2	1	93	93	2.8721934065032062E-5	1	1	188	670	0	15	+T
A2_BC02.191219_FM1-2_consensus_vsearch	2665	C	*/-T	858	34	3.68%	2	2	93	93	4.224633394765381E-11	1	1	188	670	1	33	-T
A2_BC02.191219_FM1-2_consensus_vsearch	2666	T	*/+C	884	7	0.78%	2	1	93	93	0.007720640566701033	1	1	188	696	0	7	+C
A2_BC02.191219_FM1-2_consensus_vsearch	2668	C	*/-T	880	51	5.41%	2	2	93	93	2.1966369889272774E-16	1	1	188	692	1	50	-T
A2_BC02.191219_FM1-2_consensus_vsearch	2669	T	*/+A	834	16	1.79%	2	2	93	93	1.4209587531102158E-5	1	1	156	678	13	3	+A
A2_BC02.191219_FM1-2_consensus_vsearch	2669	T	*/-A	834	15	1.68%	2	2	93	93	2.8672314982559034E-5	1	1	156	678	14	1	+A
A2_BC02.191219_FM1-2_consensus_vsearch	2672	A	*/-G	933	10	1.05%	2	2	93	93	9.534222085662184E-4	1	1	181	752	9	1	-G
A2_BC02.191219_FM1-2_consensus_vsearch	2674	C	*/-T	883	18	1.9%	2	1	93	93	3.5012555732890465E-6	1	1	185	698	0	18	-T
A2_BC02.191219_FM1-2_consensus_vsearch	2674	C	*/-TA	883	10	1.06%	2	1	93	93	9.521360436043002E-4	1	1	185	698	0	10	-T
A2_BC02.191219_FM1-2_consensus_vsearch	2684	T	*/+G	869	8	0.84%	2	2	93	93	0.003844123899995739	1	1	184	685	1	7	+G
A2_BC02.191219_FM1-2_consensus_vsearch	2684	T	*/-G	869	32	3.38%	2	2	93	93	1.7594117943139977E-10	1	1	184	685	1	31	-G
A2_BC02.191219_FM1-2_consensus_vsearch	2684	T	*/-GG	869	23	2.43%	2	1	93	93	1.0325990935286322E-7	1	1	184	685	0	23	-G
A2_BC02.191219_FM1-2_consensus_vsearch	2690	G	*/+A	935	7	0.74%	2	1	93	93	0.007725603224861104	1	1	189	746	0	7	+A
A2_BC02.191219_FM1-2_consensus_vsearch	2693	C	*/+G	790	20	2.11%	2	1	93	93	8.469201360923955E-7	1	1	187	603	0	20	+G
A2_BC02.191219_FM1-2_consensus_vsearch	2697	A	*/-G	901	34	3.58%	2	2	93	93	4.288523930419819E-11	1	1	180	721	1	33	-G
A2_BC02.191219_FM1-2_consensus_vsearch	2700	G	*/+A	914	16	1.69%	2	1	93	93	1.4297670579937833E-5	1	1	188	726	0	16	+A
A2_BC02.191219_FM1-2_consensus_vsearch	2703	C	*/-A	904	9	0.95%	2	2	93	93	0.0019148191043671528	1	1	185	719	1	8	-A
A2_BC02.191219_FM1-2_consensus_vsearch	2711	G	*/-TG	919	20	2.1%	2	1	93	93	8.609938615133733E-7	1	1	186	733	0	20	-TG
A2_BC02.191219_FM1-2_consensus_vsearch	2712	T	*/+G	870	28	3.03%	2	1	93	93	3.0083619519941455E-9	1	1	189	681	0	28	+G
A2_BC02.191219_FM1-2_consensus_vsearch	2712	T	*/+GG	870	10	1.08%	2	1	93	93	9.517778795350134E-4	1	1	189	681	0	10	+G
A2_BC02.191219_FM1-2_consensus_vsearch	2714	A	*/+G	797	28	2.97%	2	2	93	93	2.9510464769668107E-9	1	1	110	687	11	17	+G
A2_BC02.191219_FM1-2_consensus_vsearch	2714	A	*/-G	797	107	11.33%	2	2	93	93	2.1946530591785576E-34	1	1	110	687	64	43	-G
A2_BC02.191219_FM1-2_consensus_vsearch	2717	G	*/+A	882	19	2%	2	2	93	93	1.732964501792181E-6	1	1	164	718	12	7	+A
A2_BC02.191219_FM1-2_consensus_vsearch	2717	G	*/-A	882	19	2%	2	2	93	93	1.732964501792181E-6	1	1	164	718	12	7	+A
A2_BC02.191219_FM1-2_consensus_vsearch	2717	G	*/-AA	882	20	2.11%	2	1	93	93	8.573512676674303E-7	1	1	164	718	0	20	-AA
A2_BC02.191219_FM1-2_consensus_vsearch	2724	G	*/+A	782	23	2.43%	2	2	93	93	1.0164692488575594E-7	1	1	166	616	6	17	+A
A2_BC02.191219_FM1-2_consensus_vsearch	2724	G	*/-A	782	125	13.21%	2	2	93	93	2.383786102015685E-40	1	1	166	616	13	112	-A
A2_BC02.191219_FM1-2_consensus_vsearch	2729	G	*/-C	934	7	0.74%	2	1	93	93	0.0077255110771605765	1	1	186	748	0	7	-C
A2_BC02.191219_FM1-2_consensus_vsearch	2732	C	*/+T	796	26	2.75%	2	2	93	93	1.219014262388834E-8	1	1	184	612	1	25	+T
A2_BC02.191219_FM1-2_consensus_vsearch	2732	C	*/-T	796	101	10.67%	2	2	93	93	1.9959403545606935E-32	1	1	184	612	1	100	-T
A2_BC02.191219_FM1-2_consensus_vsearch	2732	C	*/-TT	796	9	0.95%	2	2	93	93	0.0019097104332936458	1	1	184	612	4	5	-T
A2_BC02.191219_FM1-2_consensus_vsearch	2735	T	*/-G	843	104	10.94%	2	2	93	93	2.471907797468508E-33	1	1	190	653	1	103	-G
A2_BC02.191219_FM1-2_consensus_vsearch	2737	G	*/+A	886	9	0.95%	2	2	93	93	0.0019140528193757583	1	1	145	741	8	1	+A
A2_BC02.191219_FM1-2_consensus_vsearch	2737	G	*/-A	886	41	4.32%	2	2	93	93	2.893219598580539E-13	1	1	145	741	37	4	-A
A2_BC02.191219_FM1-2_consensus_vsearch	2737	G	*/-AA	886	7	0.74%	2	2	93	93	0.0077208458352661016	1	1	145	741	1	6	-A
A2_BC02.191219_FM1-2_consensus_vsearch	2739	A	*/+G	932	7	0.74%	2	2	93	93	0.007725326194158135	1	1	186	746	4	3	+G
A2_BC02.191219_FM1-2_consensus_vsearch	2742	A	*/+G	922	11	1.16%	2	2	93	93	4.7402013991721184E-4	1	1	168	754	8	3	+G
A2_BC02.191219_FM1-2_consensus_vsearch	2742	A	*/-G	922	7	0.74%	2	1	93	93	0.007724389864457613	1	1	168	754	7	0	+G
A2_BC02.191219_FM1-2_consensus_vsearch	2743	G	*/-AG	870	62	6.57%	2	2	93	93	7.593363508781469E-20	1	1	141	729	34	28	-AG
A2_BC02.191219_FM1-2_consensus_vsearch	2745	G	*/+AG	867	11	1.24%	2	2	93	93	4.7313548669077586E-4	1	1	154	713	1	10	+AG
A2_BC02.191219_FM1-2_consensus_vsearch	2747	C	*/+A	906	9	0.95%	2	2	93	93	0.0019149023958710519	1	1	188	718	1	8	+A
A2_BC02.191219_FM1-2_consensus_vsearch	2747	C	*/-A	906	28	2.95%	2	2	93	93	3.03362472466161E-9	1	1	188	718	1	27	-A
A2_BC02.191219_FM1-2_consensus_vsearch	2755	A	*/-CG	917	7	0.74%	2	1	93	93	0.007723914116185401	1	1	187	730	0	7	-CG
A2_BC02.191219_FM1-2_consensus_vsearch	2757	G	*/-TG	879	48	5.11%	2	1	93	93	1.902612549624662E-15	1	1	187	692	0	48	-TG
A2_BC02.191219_FM1-2_consensus_vsearch	2759	G	*/+A	864	12	1.34%	2	2	93	93	2.350560464139971E-4	1	1	187	677	1	11	+A
A2_BC02.191219_FM1-2_consensus_vsearch	2759	G	*/-A	864	8	0.9%	2	2	93	93	0.0038437690082375594	1	1	187	677	1	7	+A
A2_BC02.191219_FM1-2_consensus_vsearch	2767	T	*/-G	913	20	2.11%	2	2	93	93	8.60421984414945E-7	1	1	187	726	1	19	-G
A2_BC02.191219_FM1-2_consensus_vsearch	2770	T	*/-A	905	14	1.48%	2	1	93	93	5.806557067295282E-5	1	1	185	720	0	14	-A
A2_BC02.191219_FM1-2_consensus_vsearch	2771	A	*/+G	741	28	3.01%	2	2	93	93	2.900498807989738E-9	1	1	121	620	4	24	+G
A2_BC02.191219_FM1-2_consensus_vsearch	2771	A	*/-G	741	132	14.21%	2	2	93	93	8.624237737090438E-43	1	1	121	620	44	88	-G
A2_BC02.191219_FM1-2_consensus_vsearch	2771	A	*/-GG	741	18	1.94%	2	2	93	93	3.44489352909715E-6	1	1	121	620	17	1	-G
A2_BC02.191219_FM1-2_consensus_vsearch	2774	G	*/+A	901	10	1.06%	2	2	93	93	9.526152096361543E-4	1	1	183	718	1	9	+A
A2_BC02.191219_FM1-2_consensus_vsearch	2774	G	*/-A	901	25	2.64%	2	2	93	93	2.5290345771937757E-8	1	1	183	718	2	23	-A
A2_BC02.191219_FM1-2_consensus_vsearch	2777	A	*/-C	925	7	0.74%	2	2	93	93	0.0077246728685663475	1	1	172	753	6	1	-C
A2_BC02.191219_FM1-2_consensus_vsearch	2778	C	*/+A	908	8	0.85%	2	1	93	93	0.003846759564376875	1	1	162	746	8	0	+A
A2_BC02.191219_FM1-2_consensus_vsearch	2778	C	*/+G	908	14	1.49%	2	2	93	93	5.8075064580286264E-5	1	1	162	746	13	1	+G
A2_BC02.191219_FM1-2_consensus_vsearch	2780	C	*/+T	863	15	1.59%	2	1	93	93	2.8731937465126733E-5	1	1	163	700	0	15	+T
A2_BC02.191219_FM1-2_consensus_vsearch	2780	C	*/-T	863	33	3.49%	2	2	93	93	8.623377030917972E-11	1	1	163	700	9	24	-T
A2_BC02.191219_FM1-2_consensus_vsearch	2780	C	*/-TT	863	16	1.69%	2	2	93	93	1.4243322442927082E-5	1	1	163	700	15	1	-T
A2_BC02.191219_FM1-2_consensus_vsearch	2782	T	*/+G	854	24	2.59%	2	2	93	93	5.0826672917638276E-8	1	1	152	702	7	17	+G
A2_BC02.191219_FM1-2_consensus_vsearch	2782	T	*/-G	854	7	0.75%	2	2	93	93	0.007717447370934042	1	1	152	702	1	6	+G
A2_BC02.191219_FM1-2_consensus_vsearch	2782	T	*/-GA	854	12	1.29%	2	2	93	93	2.3495245341612037E-4	1	1	152	702	1	11	-GA
A2_BC02.191219_FM1-2_consensus_vsearch	2783	G	*/-A	877	15	1.62%	2	2	93	93	2.8759363314222047E-5	1	1	180	697	5	10	-A
A2_BC02.191219_FM1-2_consensus_vsearch	2783	G	*/-AA	877	13	1.41%	2	1	93	93	1.168004262321605E-4	1	1	180	697	0	13	-A
A2_BC02.191219_FM1-2_consensus_vsearch	2788	C	*/+G	930	7	0.74%	2	1	93	93	0.007725140523640451	1	1	180	750	7	0	+G
A2_BC02.191219_FM1-2_consensus_vsearch	2789	A	*/-G	923	11	1.16%	2	2	93	93	4.740352690315087E-4	1	1	180	743	6	5	-G
A2_BC02.191219_FM1-2_consensus_vsearch	2793	G	*/-CG	916	22	2.32%	2	2	93	93	2.1049527539376957E-7	1	1	185	731	3	19	-CG
A2_BC02.191219_FM1-2_consensus_vsearch	2794	C	*/-GT	893	11	1.19%	2	2	93	93	4.7356697424211984E-4	1	1	185	708	1	10	-GT
A2_BC02.191219_FM1-2_consensus_vsearch	2795	G	*/-T	878	17	1.86%	2	1	93	93	7.066200099044349E-6	1	1	181	697	0	17	-T
A2_BC02.191219_FM1-2_consensus_vsearch	2797	C	*/-T	916	23	2.44%	2	1	93	93	1.040140479098459E-7	1	1	191	725	0	23	-T
A2_BC02.191219_FM1-2_consensus_vsearch	2799	T	*/-C	866	63	6.65%	2	2	93	93	3.6527872869520125E-20	1	1	146	720	44	19	-C
A2_BC02.191219_FM1-2_consensus_vsearch	2799	T	*/-CC	866	10	1.06%	2	1	93	93	9.516655526071893E-4	1	1	146	720	0	10	-C
A2_BC02.191219_FM1-2_consensus_vsearch	2801	C	*/+G	515	236	25.29%	2	2	93	93	2.4687829400201907E-81	1	1	184	331	1	235	+G
A2_BC02.191219_FM1-2_consensus_vsearch	2801	C	*/+T	515	8	0.86%	2	1	93	93	0.0038023361077742447	1	1	184	331	0	8	+G
A2_BC02.191219_FM1-2_consensus_vsearch	2801	C	*/-G	515	79	8.47%	2	2	93	93	1.0271137429120438E-25	1	1	184	331	5	74	-G
A2_BC02.191219_FM1-2_consensus_vsearch	2801	C	*/-GG	515	63	6.75%	2	1	93	93	1.815658109364961E-20	1	1	184	331	0	63	-G
A2_BC02.191219_FM1-2_consensus_vsearch	2801	C	*/-GGG	515	7	0.75%	2	1	93	93	0.0076559561322145355	1	1	184	331	0	7	-G
A2_BC02.191219_FM1-2_consensus_vsearch	2805	A	*/+C	913	16	1.69%	2	1	93	93	1.4296660884696007E-5	1	1	182	731	0	16	+C
A2_BC02.191219_FM1-2_consensus_vsearch	2806	C	*/-T	926	11	1.16%	2	2	93	93	4.740804643966639E-4	1	1	186	740	1	10	-T
A2_BC02.191219_FM1-2_consensus_vsearch	2807	T	*/+C	819	56	5.96%	2	2	93	93	5.591817855769616E-18	1	1	180	639	6	50	+C
A2_BC02.191219_FM1-2_consensus_vsearch	2807	T	*/-C	819	23	2.45%	2	2	93	93	1.0237105456808327E-7	1	1	180	639	2	21	+C
A2_BC02.191219_FM1-2_consensus_vsearch	2810	G	*/-C	903	22	2.33%	2	2	93	93	2.101227543653885E-7	1	1	169	734	6	16	-C
A2_BC02.191219_FM1-2_consensus_vsearch	2811	C	*/+GC	898	13	1.41%	2	1	93	93	1.1692012874067013E-4	1	1	183	715	0	13	+GC
A2_BC02.191219_FM1-2_consensus_vsearch	2812	C	*/+G	837	10	1.05%	2	1	93	93	9.508197003167456E-4	1	1	183	654	0	10	+G
A2_BC02.191219_FM1-2_consensus_vsearch	2812	C	*/-G	837	34	3.59%	2	2	93	93	4.191474846564942E-11	1	1	183	654	1	33	-G
A2_BC02.191219_FM1-2_consensus_vsearch	2812	C	*/-GG	837	31	3.27%	2	1	93	93	3.545313207096601E-10	1	1	183	654	0	31	-G
A2_BC02.191219_FM1-2_consensus_vsearch	2814	G	*/+A	885	17	1.86%	2	1	93	93	7.070445557530757E-6	1	1	167	718	17	0	+A
A2_BC02.191219_FM1-2_consensus_vsearch	2816	C	*/-TT	921	11	1.16%	2	1	93	93	4.7400497863904777E-4	1	1	185	736	0	11	-TT
A2_BC02.191219_FM1-2_consensus_vsearch	2818	T	*/-CT	892	31	3.31%	2	1	93	93	3.604375476062718E-10	1	1	182	710	0	31	-CT
A2_BC02.191219_FM1-2_consensus_vsearch	2819	C	*/+T	788	9	0.99%	2	1	93	93	0.0019092772680623607	1	1	183	605	0	9	+T
A2_BC02.191219_FM1-2_consensus_vsearch	2819	C	*/-T	788	106	11.61%	2	2	93	93	4.502097805292403E-34	1	1	183	605	3	103	-T
A2_BC02.191219_FM1-2_consensus_vsearch	2821	G	*/-C	906	22	2.33%	2	2	93	93	2.1020959903770975E-7	1	1	170	736	11	11	-C
A2_BC02.191219_FM1-2_consensus_vsearch	2821	G	*/-CC	906	7	0.74%	2	1	93	93	0.007722849168386563	1	1	170	736	7	0	-C
A2_BC02.191219_FM1-2_consensus_vsearch	2824	C	*/-G	912	19	2%	2	2	93	93	1.7383810311233107E-6	1	1	188	724	1	18	-G
A2_BC02.191219_FM1-2_consensus_vsearch	2824	C	*/-GGT	912	9	0.95%	2	1	93	93	0.001915150111258658	1	1	188	724	0	9	-G
A2_BC02.191219_FM1-2_consensus_vsearch	2827	T	*/-GT	905	18	1.92%	2	2	93	93	3.508487013154618E-6	1	1	188	717	1	17	-GT
A2_BC02.191219_FM1-2_consensus_vsearch	2828	G	*/-T	919	8	0.86%	2	2	93	93	0.003847463002329035	1	1	184	735	3	5	-T
A2_BC02.191219_FM1-2_consensus_vsearch	2830	A	*/-T	904	18	1.9%	2	2	93	93	3.5081655534576058E-6	1	1	181	723	2	16	-T
A2_BC02.191219_FM1-2_consensus_vsearch	2833	T	*/+C	799	38	4.01%	2	2	93	93	2.367454639897856E-12	1	1	124	675	33	5	+C
A2_BC02.191219_FM1-2_consensus_vsearch	2833	T	*/-C	799	98	10.34%	2	2	93	93	1.9127073350757755E-31	1	1	124	675	27	71	-C
A2_BC02.191219_FM1-2_consensus_vsearch	2835	C	*/-T	900	28	2.97%	2	2	93	93	3.0295381435764393E-9	1	1	181	719	6	22	-T
A2_BC02.191219_FM1-2_consensus_vsearch	2836	T	*/-G	866	31	3.4%	2	2	93	93	3.5772524326807925E-10	1	1	181	685	1	30	-G
A2_BC02.191219_FM1-2_consensus_vsearch	2837	G	*/+A	884	8	0.88%	2	1	93	93	0.0038451647914813122	1	1	178	706	0	8	+A
A2_BC02.191219_FM1-2_consensus_vsearch	2838	G	*/+AG	914	10	1.05%	2	1	93	93	9.529497463124481E-4	1	1	187	727	0	10	+AG
A2_BC02.191219_FM1-2_consensus_vsearch	2840	T	*/+G	916	21	2.22%	2	1	93	93	4.257590521694904E-7	1	1	189	727	0	21	+G
A2_BC02.191219_FM1-2_consensus_vsearch	2842	A	*/-T	930	7	0.74%	2	1	93	93	0.007725140523640451	1	1	187	743	0	7	-T
A2_BC02.191219_FM1-2_consensus_vsearch	2843	T	*/-G	891	24	2.56%	2	1	93	93	5.115946841026522E-8	1	1	187	704	0	24	-G
A2_BC02.191219_FM1-2_consensus_vsearch	2843	T	*/-GG	891	7	0.75%	2	1	93	93	0.007721355015576613	1	1	187	704	0	7	-G
A2_BC02.191219_FM1-2_consensus_vsearch	2849	A	*/-G	917	8	0.85%	2	2	93	93	0.003847336344513878	1	1	186	731	1	7	-G
A2_BC02.191219_FM1-2_consensus_vsearch	2850	G	*/-C	909	7	0.75%	2	1	93	93	0.007723142139737795	1	1	189	720	0	7	-C
A2_BC02.191219_FM1-2_consensus_vsearch	2850	G	*/-CG	909	17	1.81%	2	1	93	93	7.084527953000675E-6	1	1	189	720	0	17	-CG
A2_BC02.191219_FM1-2_consensus_vsearch	2853	T	*/-C	913	19	2%	2	1	93	93	1.7385557973227717E-6	1	1	163	750	19	0	-C
A2_BC02.191219_FM1-2_consensus_vsearch	2856	G	*/+C	833	66	6.97%	2	1	93	93	3.928205893507486E-21	1	1	171	662	0	66	+C
A2_BC02.191219_FM1-2_consensus_vsearch	2856	G	*/-T	833	29	3.06%	2	2	93	93	1.4659873289047396E-9	1	1	171	662	6	23	+C
A2_BC02.191219_FM1-2_consensus_vsearch	2857	T	*/+C	876	7	0.76%	2	1	93	93	0.007719810214918796	1	1	182	694	0	7	+C
A2_BC02.191219_FM1-2_consensus_vsearch	2858	T	*/+C	828	23	2.43%	2	1	93	93	1.0253827277831272E-7	1	1	186	642	0	23	+C
A2_BC02.191219_FM1-2_consensus_vsearch	2859	T	*/+C	840	14	1.47%	2	2	93	93	5.7843802083093196E-5	1	1	185	655	2	12	+C
A2_BC02.191219_FM1-2_consensus_vsearch	2859	T	*/-C	840	78	8.21%	2	2	93	93	5.994777815577624E-25	1	1	185	655	1	77	-C
A2_BC02.191219_FM1-2_consensus_vsearch	2860	C	*/+T	797	37	4.24%	2	1	93	93	4.837161685620698E-12	1	1	182	615	0	37	+T
A2_BC02.191219_FM1-2_consensus_vsearch	2862	T	*/-C	922	7	0.74%	2	2	93	93	0.007724389864457613	1	1	178	744	5	2	-C
A2_BC02.191219_FM1-2_consensus_vsearch	2864	C	*/+G	908	12	1.27%	2	1	93	93	2.3548541899893867E-4	1	1	189	719	0	12	+G
A2_BC02.191219_FM1-2_consensus_vsearch	2864	C	*/+GG	908	12	1.27%	2	1	93	93	2.3548541899893867E-4	1	1	189	719	0	12	+G
A2_BC02.191219_FM1-2_consensus_vsearch	2865	G	*/-C	927	10	1.05%	2	2	93	93	9.532750654123614E-4	1	1	183	744	2	8	-C
A2_BC02.191219_FM1-2_consensus_vsearch	2867	C	*/-G	905	24	2.53%	2	2	93	93	5.1278916727953414E-8	1	1	181	724	5	19	-G
A2_BC02.191219_FM1-2_consensus_vsearch	2869	G	*/+A	730	23	2.42%	2	2	93	93	1.005174688714179E-7	1	1	99	631	4	19	+A
A2_BC02.191219_FM1-2_consensus_vsearch	2869	G	*/-A	730	182	19.14%	2	2	93	93	7.055483652368682E-60	1	1	99	631	83	99	-A
A2_BC02.191219_FM1-2_consensus_vsearch	2869	G	*/-AA	730	7	0.74%	2	2	93	93	0.007701498490684291	1	1	99	631	5	2	-A
A2_BC02.191219_FM1-2_consensus_vsearch	2879	G	*/+T	920	14	1.48%	2	2	93	93	5.811244094192398E-5	1	1	178	742	8	6	+T
A2_BC02.191219_FM1-2_consensus_vsearch	2879	G	*/-T	920	11	1.16%	2	2	93	93	4.739897850914986E-4	1	1	178	742	5	6	+T
A2_BC02.191219_FM1-2_consensus_vsearch	2882	T	*/+G	920	11	1.16%	2	1	93	93	4.739897850914986E-4	1	1	185	735	0	11	+G
A2_BC02.191219_FM1-2_consensus_vsearch	2883	G	*/+A	900	34	3.6%	2	1	93	93	4.287095720799057E-11	1	1	189	711	0	34	+A
A2_BC02.191219_FM1-2_consensus_vsearch	2887	G	*/-T	902	11	1.16%	2	1	93	93	4.737106635802512E-4	1	1	182	720	0	11	-T
A2_BC02.191219_FM1-2_consensus_vsearch	2887	G	*/-TG	902	22	2.32%	2	2	93	93	2.1009368735869985E-7	1	1	182	720	6	16	-TG
A2_BC02.191219_FM1-2_consensus_vsearch	2888	T	*/-G	775	18	1.97%	2	2	93	93	3.4601566756014565E-6	1	1	179	596	1	17	-G
A2_BC02.191219_FM1-2_consensus_vsearch	2891	C	*/+A	889	17	1.8%	2	1	93	93	7.072842933471652E-6	1	1	178	711	0	17	+A
A2_BC02.191219_FM1-2_consensus_vsearch	2893	C	*/-G	895	11	1.16%	2	2	93	93	4.7359914956837294E-4	1	1	178	717	1	10	-G
A2_BC02.191219_FM1-2_consensus_vsearch	2896	T	*/+C	912	19	2.01%	2	1	93	93	1.7383810311233107E-6	1	1	187	725	0	19	+C
A2_BC02.191219_FM1-2_consensus_vsearch	2897	T	*/-C	910	24	2.53%	2	2	93	93	5.1320763698625384E-8	1	1	189	721	1	23	-C
A2_BC02.191219_FM1-2_consensus_vsearch	2905	T	*/-G	784	7	0.74%	2	2	93	93	0.007709057042688687	1	1	160	624	5	2	-G
A2_BC02.191219_FM1-2_consensus_vsearch	2905	T	*/-GT	784	116	12.31%	2	2	93	93	2.288360264504478E-37	1	1	160	624	19	97	-GT
A2_BC02.191219_FM1-2_consensus_vsearch	2906	G	*/-T	798	7	0.85%	2	2	93	93	0.007710851550030372	1	1	153	645	4	3	-T
A2_BC02.191219_FM1-2_consensus_vsearch	2908	T	*/+G	910	17	1.8%	2	2	93	93	7.085099343525364E-6	1	1	179	731	3	14	+G
A2_BC02.191219_FM1-2_consensus_vsearch	2913	C	*/+T	759	10	1.06%	2	2	93	93	9.482308055847724E-4	1	1	165	594	8	2	+T
A2_BC02.191219_FM1-2_consensus_vsearch	2913	C	*/-T	759	85	9%	2	2	93	93	2.786749977449993E-27	1	1	165	594	5	80	-T
A2_BC02.191219_FM1-2_consensus_vsearch	2913	C	*/-TT	759	60	6.36%	2	2	93	93	2.825548971156688E-19	1	1	165	594	8	52	-T
A2_BC02.191219_FM1-2_consensus_vsearch	2913	C	*/-TTT	759	22	2.33%	2	1	93	93	2.0521776839224077E-7	1	1	165	594	0	22	-T
A2_BC02.191219_FM1-2_consensus_vsearch	2916	T	*/-C	834	69	7.44%	2	2	93	93	4.389217223516986E-22	1	1	188	646	3	66	-C
A2_BC02.191219_FM1-2_consensus_vsearch	2918	C	*/-GT	891	7	0.74%	2	1	93	93	0.007721355015576613	1	1	188	703	0	7	-GT
A2_BC02.191219_FM1-2_consensus_vsearch	2931	G	*/+C	897	12	1.27%	2	2	93	93	2.3538192603332825E-4	1	1	184	713	1	11	+C
A2_BC02.191219_FM1-2_consensus_vsearch	2931	G	*/+T	897	14	1.48%	2	2	93	93	5.8039953349657536E-5	1	1	184	713	3	11	+T
A2_BC02.191219_FM1-2_consensus_vsearch	2931	G	*/-T	897	12	1.27%	2	2	93	93	2.3538192603332825E-4	1	1	184	713	1	11	+T
A2_BC02.191219_FM1-2_consensus_vsearch	2933	T	*/+C	892	25	2.63%	2	2	93	93	2.5249077405180124E-8	1	1	165	727	23	2	+C
A2_BC02.191219_FM1-2_consensus_vsearch	2933	T	*/-C	892	21	2.21%	2	2	93	93	4.244784696946067E-7	1	1	165	727	1	20	+C
A2_BC02.191219_FM1-2_consensus_vsearch	2934	C	*/+G	786	54	5.81%	2	2	93	93	2.302595472186888E-17	1	1	185	601	4	50	+G
A2_BC02.191219_FM1-2_consensus_vsearch	2934	C	*/-G	786	25	2.69%	2	1	93	93	2.4699563089059776E-8	1	1	185	601	0	25	+G
A2_BC02.191219_FM1-2_consensus_vsearch	2934	C	*/-GG	786	53	5.71%	2	1	93	93	4.755298644290115E-17	1	1	185	601	0	53	-GG
A2_BC02.191219_FM1-2_consensus_vsearch	2939	C	*/+G	903	9	0.95%	2	2	93	93	0.001914777322341157	1	1	182	721	1	8	+G
A2_BC02.191219_FM1-2_consensus_vsearch	2939	C	*/-G	903	15	1.59%	2	2	93	93	2.880812448556473E-5	1	1	182	721	2	13	-G
A2_BC02.191219_FM1-2_consensus_vsearch	2941	G	*/+A	861	69	7.27%	2	1	93	93	4.571677793118626E-22	1	1	186	675	0	69	+A
A2_BC02.191219_FM1-2_consensus_vsearch	2941	G	*/+AA	861	7	0.74%	2	1	93	93	0.007718212146862392	1	1	186	675	0	7	+A
A2_BC02.191219_FM1-2_consensus_vsearch	2943	A	*/-C	921	21	2.21%	2	1	93	93	4.2601800433635394E-7	1	1	187	734	0	21	-C
A2_BC02.191219_FM1-2_consensus_vsearch	2947	A	*/-CA	825	109	11.53%	2	2	93	93	5.419719143351501E-35	1	1	166	659	15	94	-CA
A2_BC02.191219_FM1-2_consensus_vsearch	2949	A	*/+CA	806	8	0.96%	2	1	93	93	0.003839334932838888	1	1	161	645	0	8	+CA
A2_BC02.191219_FM1-2_consensus_vsearch	2951	C	*/-AC	897	34	3.6%	2	2	93	93	4.28279521793636E-11	1	1	150	747	33	1	-AC
A2_BC02.191219_FM1-2_consensus_vsearch	2954	G	*/+C	919	8	0.85%	2	1	93	93	0.003847463002329035	1	1	183	736	0	8	+C
A2_BC02.191219_FM1-2_consensus_vsearch	2954	G	*/-T	919	7	0.74%	2	1	93	93	0.007724105030664168	1	1	183	736	0	7	+C
A2_BC02.191219_FM1-2_consensus_vsearch	2956	C	*/+T	766	66	6.96%	2	1	93	93	3.540664467821328E-21	1	1	189	577	0	66	+T
A2_BC02.191219_FM1-2_consensus_vsearch	2956	C	*/+TT	766	49	5.17%	2	1	93	93	8.443823927585802E-16	1	1	189	577	0	49	+T
A2_BC02.191219_FM1-2_consensus_vsearch	2956	C	*/-T	766	41	4.32%	2	2	93	93	2.7003545405923727E-13	1	1	189	577	2	39	+T
A2_BC02.191219_FM1-2_consensus_vsearch	2956	C	*/-TT	766	19	2%	2	1	93	93	1.7082946781897737E-6	1	1	189	577	0	19	+T
A2_BC02.191219_FM1-2_consensus_vsearch	2959	T	*/-G	897	36	3.79%	2	1	93	93	1.0314315742357285E-11	1	1	183	714	0	36	-G
A2_BC02.191219_FM1-2_consensus_vsearch	2964	C	*/-T	925	8	0.85%	2	1	93	93	0.003847839729165243	1	1	188	737	0	8	-T
A2_BC02.191219_FM1-2_consensus_vsearch	2966	T	*/+G	917	17	1.79%	2	1	93	93	7.089065781073214E-6	1	1	188	729	0	17	+G
A2_BC02.191219_FM1-2_consensus_vsearch	2969	G	*/+CG	923	9	0.96%	2	1	93	93	0.001915596015054924	1	1	190	733	0	9	+CG
A2_BC02.191219_FM1-2_consensus_vsearch	2970	T	*/+GC	909	7	0.74%	2	1	93	93	0.007723142139737795	1	1	190	719	0	7	+GC
A2_BC02.191219_FM1-2_consensus_vsearch	2971	T	*/-G	923	9	0.95%	2	2	93	93	0.001915596015054924	1	1	186	737	1	8	-G
A2_BC02.191219_FM1-2_consensus_vsearch	2976	T	*/-A	907	27	2.87%	2	2	93	93	6.1575558082740985E-9	1	1	185	722	4	23	-A
A2_BC02.191219_FM1-2_consensus_vsearch	2979	T	*/+C	918	7	0.74%	2	1	93	93	0.007724009676382631	1	1	186	732	0	7	+C
A2_BC02.191219_FM1-2_consensus_vsearch	2981	G	*/+T	910	10	1.05%	2	1	93	93	9.528478117131701E-4	1	1	183	727	0	10	+T
A2_BC02.191219_FM1-2_consensus_vsearch	2981	G	*/-C	910	18	1.9%	2	2	93	93	3.510084256959839E-6	1	1	183	727	1	17	-C
A2_BC02.191219_FM1-2_consensus_vsearch	2982	C	*/+T	804	37	3.97%	2	2	93	93	4.853995019112963E-12	1	1	180	624	1	36	+T
A2_BC02.191219_FM1-2_consensus_vsearch	2982	C	*/-T	804	49	5.26%	2	2	93	93	8.736819068797877E-16	1	1	180	624	3	46	-T
A2_BC02.191219_FM1-2_consensus_vsearch	2982	C	*/-TT	804	8	0.86%	2	2	93	93	0.003839170781475434	1	1	180	624	4	4	-T
A2_BC02.191219_FM1-2_consensus_vsearch	2985	T	*/+A	904	13	1.37%	2	1	93	93	1.1695333723790655E-4	1	1	183	721	0	13	+A
A2_BC02.191219_FM1-2_consensus_vsearch	2985	T	*/-A	904	10	1.05%	2	2	93	93	9.526932489733308E-4	1	1	183	721	1	9	+A
A2_BC02.191219_FM1-2_consensus_vsearch	2991	A	*/-C	910	21	2.23%	2	2	93	93	4.2544480858288906E-7	1	1	160	750	17	4	-C
A2_BC02.191219_FM1-2_consensus_vsearch	2997	C	*/+T	915	7	0.74%	2	1	93	93	0.007723722375264688	1	1	190	725	0	7	+T
A2_BC02.191219_FM1-2_consensus_vsearch	2997	C	*/-T	915	25	2.64%	2	2	93	93	2.5353078202666622E-8	1	1	190	725	1	24	-T
A2_BC02.191219_FM1-2_consensus_vsearch	2999	T	*/+G	899	28	2.94%	2	2	93	93	3.0288523656895246E-9	1	1	187	712	2	26	+G
A2_BC02.191219_FM1-2_consensus_vsearch	3000	G	*/+A	905	16	1.69%	2	1	93	93	1.4288506331507581E-5	1	1	186	719	0	16	+A
A2_BC02.191219_FM1-2_consensus_vsearch	3000	G	*/-A	905	19	2.01%	2	2	93	93	1.7371474680721576E-6	1	1	186	719	1	18	-A
A2_BC02.191219_FM1-2_consensus_vsearch	3006	C	*/-G	916	14	1.48%	2	1	93	93	5.810008745317784E-5	1	1	184	732	0	14	-G
A2_BC02.191219_FM1-2_consensus_vsearch	3009	A	*/-C	921	14	1.48%	2	2	93	93	5.8115513086038685E-5	1	1	178	743	10	4	-C
A2_BC02.191219_FM1-2_consensus_vsearch	3011	C	*/-A	890	31	3.27%	2	2	93	93	3.6023372757308577E-10	1	1	163	727	16	15	-A
A2_BC02.191219_FM1-2_consensus_vsearch	3013	A	*/-G	899	28	2.96%	2	2	93	93	3.0288523656895246E-9	1	1	163	736	25	3	-G
A2_BC02.191219_FM1-2_consensus_vsearch	3014	G	*/+C	884	7	0.76%	2	1	93	93	0.007720640566701033	1	1	158	726	0	7	+C
A2_BC02.191219_FM1-2_consensus_vsearch	3015	G	*/-AG	930	12	1.26%	2	2	93	93	2.3568523778412384E-4	1	1	176	754	11	1	-AG
A2_BC02.191219_FM1-2_consensus_vsearch	3017	G	*/+C	892	13	1.39%	2	1	93	93	1.168864864567699E-4	1	1	179	713	0	13	+C
A2_BC02.191219_FM1-2_consensus_vsearch	3017	G	*/+T	892	24	2.57%	2	1	93	93	5.1168113746821146E-8	1	1	179	713	0	24	+T
A2_BC02.191219_FM1-2_consensus_vsearch	3019	C	*/-T	905	33	3.47%	2	2	93	93	8.742118348271537E-11	1	1	189	716	1	32	-T
A2_BC02.191219_FM1-2_consensus_vsearch	3023	C	*/+T	873	21	2.21%	2	2	93	93	4.2341827114935255E-7	1	1	188	685	1	20	+T
A2_BC02.191219_FM1-2_consensus_vsearch	3023	C	*/-T	873	55	5.79%	2	2	93	93	1.2170292741763877E-17	1	1	188	685	1	54	-T
A2_BC02.191219_FM1-2_consensus_vsearch	3025	T	*/+G	925	9	0.95%	2	1	93	93	0.0019156759658551556	1	1	190	735	0	9	+G
A2_BC02.191219_FM1-2_consensus_vsearch	3026	G	*/-C	904	9	0.95%	2	1	93	93	0.0019148191043671528	1	1	188	716	0	9	-C
A2_BC02.191219_FM1-2_consensus_vsearch	3026	G	*/-CG	904	12	1.27%	2	2	93	93	2.3544806936308014E-4	1	1	188	716	1	11	-CG
A2_BC02.191219_FM1-2_consensus_vsearch	3028	G	*/-TG	884	37	3.95%	2	1	93	93	5.0312952208495605E-12	1	1	187	697	0	37	-TG
A2_BC02.191219_FM1-2_consensus_vsearch	3030	G	*/-CG	888	8	0.88%	2	1	93	93	0.0038454364981598582	1	1	183	705	0	8	-CG
A2_BC02.191219_FM1-2_consensus_vsearch	3031	C	*/-G	911	7	0.74%	2	2	93	93	0.007723336392485094	1	1	181	730	3	4	-G
A2_BC02.191219_FM1-2_consensus_vsearch	3034	G	*/+T	920	10	1.06%	2	1	93	93	9.531010157345539E-4	1	1	181	739	0	10	+T
A2_BC02.191219_FM1-2_consensus_vsearch	3036	C	*/+T	828	44	4.64%	2	2	93	93	3.2587632654625683E-14	1	1	187	641	1	43	+T
A2_BC02.191219_FM1-2_consensus_vsearch	3036	C	*/-T	828	48	5.06%	2	2	93	93	1.832806622066727E-15	1	1	187	641	1	47	-T
A2_BC02.191219_FM1-2_consensus_vsearch	3036	C	*/-TT	828	21	2.22%	2	2	93	93	4.2072762504738233E-7	1	1	187	641	1	20	-T
A2_BC02.191219_FM1-2_consensus_vsearch	3039	T	*/+G	896	18	1.89%	2	1	93	93	3.5055693869725163E-6	1	1	178	718	0	18	+G
A2_BC02.191219_FM1-2_consensus_vsearch	3039	T	*/-G	896	31	3.26%	2	2	93	93	3.6084284696463944E-10	1	1	178	718	11	20	-G
A2_BC02.191219_FM1-2_consensus_vsearch	3041	G	*/+A	859	17	1.79%	2	1	93	93	7.05434494661371E-6	1	1	166	693	17	0	+A
A2_BC02.191219_FM1-2_consensus_vsearch	3043	T	*/-GT	863	52	5.48%	2	1	93	93	1.053409268550406E-16	1	1	187	676	0	52	-GT
A2_BC02.191219_FM1-2_consensus_vsearch	3046	C	*/+A	811	85	8.98%	2	2	93	93	3.192030249536199E-27	1	1	182	629	1	84	+A
A2_BC02.191219_FM1-2_consensus_vsearch	3046	C	*/+AA	811	19	2.01%	2	1	93	93	1.7186496937253119E-6	1	1	182	629	0	19	+A
A2_BC02.191219_FM1-2_consensus_vsearch	3046	C	*/-A	811	26	2.75%	2	2	93	93	1.2234775862033538E-8	1	1	182	629	5	21	-A
A2_BC02.191219_FM1-2_consensus_vsearch	3049	A	*/+C	892	7	0.74%	2	2	93	93	0.007721456173473693	1	1	172	720	6	1	+C
A2_BC02.191219_FM1-2_consensus_vsearch	3049	A	*/-C	892	41	4.32%	2	2	93	93	2.901834103970582E-13	1	1	172	720	10	31	-C
A2_BC02.191219_FM1-2_consensus_vsearch	3053	A	*/-CA	902	15	1.58%	2	1	93	93	2.8806299107217962E-5	1	1	185	717	0	15	-CA
A2_BC02.191219_FM1-2_consensus_vsearch	3060	T	*/-A	879	48	5.1%	2	2	93	93	1.902612549624662E-15	1	1	185	694	1	47	-A
A2_BC02.191219_FM1-2_consensus_vsearch	3063	T	*/+A	868	10	1.06%	2	2	93	93	9.517218430451891E-4	1	1	165	703	9	1	+A
A2_BC02.191219_FM1-2_consensus_vsearch	3063	T	*/-GA	868	10	1.06%	2	1	93	93	9.517218430451891E-4	1	1	165	703	10	0	+A
A2_BC02.191219_FM1-2_consensus_vsearch	3064	G	*/-A	876	14	1.5%	2	2	93	93	5.7970556766121734E-5	1	1	159	717	7	7	-A
A2_BC02.191219_FM1-2_consensus_vsearch	3064	G	*/-AA	876	21	2.25%	2	2	93	93	4.235885127969079E-7	1	1	159	717	1	20	-AA
A2_BC02.191219_FM1-2_consensus_vsearch	3068	G	*/-T	913	15	1.58%	2	1	93	93	2.882616640936494E-5	1	1	188	725	0	15	-T
A2_BC02.191219_FM1-2_consensus_vsearch	3068	G	*/-TG	913	16	1.69%	2	1	93	93	1.4296660884696007E-5	1	1	188	725	0	16	-TG
A2_BC02.191219_FM1-2_consensus_vsearch	3073	A	*/-G	928	13	1.37%	2	2	93	93	1.1708199690994052E-4	1	1	183	745	6	7	-G
A2_BC02.191219_FM1-2_consensus_vsearch	3074	G	*/-T	915	14	1.49%	2	2	93	93	5.8096982749967E-5	1	1	184	731	1	13	-T
A2_BC02.191219_FM1-2_consensus_vsearch	3075	T	*/-C	913	9	0.96%	2	2	93	93	0.0019151910853385365	1	1	185	728	2	7	-C
A2_BC02.191219_FM1-2_consensus_vsearch	3076	C	*/+A	811	8	0.85%	2	2	93	93	0.003839741817830191	1	1	170	641	7	1	+A
A2_BC02.191219_FM1-2_consensus_vsearch	3076	C	*/-G	811	106	11.26%	2	2	93	93	4.917183149445606E-34	1	1	170	641	9	97	-G
A2_BC02.191219_FM1-2_consensus_vsearch	3076	C	*/-GG	811	9	0.96%	2	2	93	93	0.0019104999709813673	1	1	170	641	3	6	-G
A2_BC02.191219_FM1-2_consensus_vsearch	3081	A	*/+C	885	8	0.84%	2	1	93	93	0.003845232945506355	1	1	188	697	0	8	+C
A2_BC02.191219_FM1-2_consensus_vsearch	3081	A	*/-T	885	35	3.69%	2	1	93	93	2.0932462150425775E-11	1	1	188	697	0	35	-T
A2_BC02.191219_FM1-2_consensus_vsearch	3081	A	*/-TC	885	17	1.79%	2	1	93	93	7.070445557530757E-6	1	1	188	697	0	17	-T
A2_BC02.191219_FM1-2_consensus_vsearch	3082	T	*/+C	858	10	1.11%	2	2	93	93	9.514378164955532E-4	1	1	179	679	3	7	+C
A2_BC02.191219_FM1-2_consensus_vsearch	3082	T	*/-C	858	21	2.34%	2	2	93	93	4.225504902503868E-7	1	1	179	679	6	15	-C
A2_BC02.191219_FM1-2_consensus_vsearch	3084	C	*/-T	869	39	4.12%	2	2	93	93	1.198859722392913E-12	1	1	187	682	2	37	-T
A2_BC02.191219_FM1-2_consensus_vsearch	3086	T	*/-AC	872	13	1.38%	2	2	93	93	1.1677110106128217E-4	1	1	182	690	3	10	-AC
A2_BC02.191219_FM1-2_consensus_vsearch	3088	C	*/+G	765	27	2.91%	2	2	93	93	5.947196658043214E-9	1	1	156	609	3	24	+G
A2_BC02.191219_FM1-2_consensus_vsearch	3088	C	*/-G	765	54	5.81%	2	2	93	93	2.2494893676968736E-17	1	1	156	609	3	51	-G
A2_BC02.191219_FM1-2_consensus_vsearch	3088	C	*/-GG	765	25	2.69%	2	2	93	93	2.457462337197954E-8	1	1	156	609	21	4	-G
A2_BC02.191219_FM1-2_consensus_vsearch	3091	A	*/+G	864	34	3.62%	2	1	93	93	4.233863247169733E-11	1	1	168	696	0	34	+G
A2_BC02.191219_FM1-2_consensus_vsearch	3091	A	*/-G	864	27	2.88%	2	2	93	93	6.10032074127226E-9	1	1	168	696	15	12	+G
A2_BC02.191219_FM1-2_consensus_vsearch	3094	C	*/+A	894	20	2.11%	2	1	93	93	8.585635978474855E-7	1	1	183	711	0	20	+A
A2_BC02.191219_FM1-2_consensus_vsearch	3095	A	*/+T	912	8	0.85%	2	1	93	93	0.0038470172993273957	1	1	185	727	0	8	+T
A2_BC02.191219_FM1-2_consensus_vsearch	3097	C	*/+G	810	16	1.69%	2	1	93	93	1.4179926785676112E-5	1	1	185	625	0	16	+G
A2_BC02.191219_FM1-2_consensus_vsearch	3101	G	*/-C	929	15	1.59%	2	2	93	93	2.8854254704004275E-5	1	1	179	750	9	6	-C
A2_BC02.191219_FM1-2_consensus_vsearch	3107	C	*/+T	914	7	0.74%	2	2	93	93	0.007723626193207946	1	1	162	752	5	2	+T
A2_BC02.191219_FM1-2_consensus_vsearch	3107	C	*/-GC	914	19	2%	2	2	93	93	1.738730202633302E-6	1	1	162	752	18	1	-GC
A2_BC02.191219_FM1-2_consensus_vsearch	3108	G	*/-C	888	10	1.08%	2	2	93	93	9.522710580197744E-4	1	1	138	750	6	4	-C
A2_BC02.191219_FM1-2_consensus_vsearch	3109	C	*/+A	868	12	1.31%	2	2	93	93	2.3509683256196676E-4	1	1	131	737	7	5	+A
A2_BC02.191219_FM1-2_consensus_vsearch	3109	C	*/-A	868	19	2.07%	2	2	93	93	1.7303162368572435E-6	1	1	131	737	18	1	-A
A2_BC02.191219_FM1-2_consensus_vsearch	3110	A	*/-G	849	12	1.29%	2	2	93	93	2.3489976597637318E-4	1	1	110	739	11	1	-G
A2_BC02.191219_FM1-2_consensus_vsearch	3110	A	*/-GA	849	37	3.99%	2	2	93	93	4.956977088002894E-12	1	1	110	739	34	3	-GA
A2_BC02.191219_FM1-2_consensus_vsearch	3111	G	*/+A	848	9	1%	2	1	93	93	0.0019123299911551616	1	1	110	738	9	0	+A
A2_BC02.191219_FM1-2_consensus_vsearch	3111	G	*/-A	848	7	0.78%	2	2	93	93	0.007716781905298722	1	1	110	738	2	5	+A
A2_BC02.191219_FM1-2_consensus_vsearch	3111	G	*/-AAG	848	11	1.23%	2	2	93	93	4.7280381615858705E-4	1	1	110	738	2	9	-AAG
A2_BC02.191219_FM1-2_consensus_vsearch	3114	G	*/-T	897	19	2.04%	2	2	93	93	1.7357154581468225E-6	1	1	174	723	6	13	-T
A2_BC02.191219_FM1-2_consensus_vsearch	3117	T	*/-AC	927	9	0.95%	2	2	93	93	0.001915755576731505	1	1	184	743	1	8	-AC
A2_BC02.191219_FM1-2_consensus_vsearch	3119	C	*/-G	909	12	1.28%	2	1	93	93	2.354947063169456E-4	1	1	188	721	0	12	-G
A2_BC02.191219_FM1-2_consensus_vsearch	3130	G	*/-A	930	10	1.06%	2	2	93	93	9.533488701501262E-4	1	1	181	749	7	3	-A
A2_BC02.191219_FM1-2_consensus_vsearch	3131	A	*/+G	904	7	0.75%	2	1	93	93	0.007722652784649824	1	1	165	739	7	0	+G
A2_BC02.191219_FM1-2_consensus_vsearch	3131	A	*/-G	904	13	1.39%	2	2	93	93	1.1695333723790655E-4	1	1	165	739	9	4	-G
A2_BC02.191219_FM1-2_consensus_vsearch	3134	T	*/-A	920	7	0.74%	2	2	93	93	0.007724200179668666	1	1	182	738	2	5	-A
A2_BC02.191219_FM1-2_consensus_vsearch	3135	A	*/+G	913	11	1.17%	2	1	93	93	4.738825180222003E-4	1	1	186	727	0	11	+G
A2_BC02.191219_FM1-2_consensus_vsearch	3139	C	*/-AT	908	9	0.95%	2	1	93	93	0.0019149853259650363	1	1	190	718	0	9	-AT
A2_BC02.191219_FM1-2_consensus_vsearch	3141	T	*/+G	873	50	5.34%	2	1	93	93	4.490817599286836E-16	1	1	189	684	0	50	+G
A2_BC02.191219_FM1-2_consensus_vsearch	3142	G	*/-T	909	10	1.06%	2	2	93	93	9.528221904095408E-4	1	1	169	740	3	7	-T
A2_BC02.191219_FM1-2_consensus_vsearch	3142	G	*/-TA	909	14	1.48%	2	2	93	93	5.80782157430931E-5	1	1	169	740	10	4	-TA
A2_BC02.191219_FM1-2_consensus_vsearch	3142	G	*/-TAG	909	8	0.85%	2	2	93	93	0.0038468242081579618	1	1	169	740	5	3	-TA
A2_BC02.191219_FM1-2_consensus_vsearch	3143	T	*/-A	822	51	5.57%	2	2	93	93	2.093324699667444E-16	1	1	159	663	6	45	-A
A2_BC02.191219_FM1-2_consensus_vsearch	3143	T	*/-AG	822	12	1.31%	2	1	93	93	2.3460448011629025E-4	1	1	159	663	0	12	-A
A2_BC02.191219_FM1-2_consensus_vsearch	3144	A	*/+G	786	12	1.39%	2	1	93	93	2.341801080759753E-4	1	1	162	624	0	12	+G
A2_BC02.191219_FM1-2_consensus_vsearch	3144	A	*/-G	786	48	5.54%	2	2	93	93	1.7709756990699975E-15	1	1	162	624	4	44	-G
A2_BC02.191219_FM1-2_consensus_vsearch	3148	T	*/-G	878	57	6.01%	2	2	93	93	2.8775345313083675E-18	1	1	187	691	2	55	-G
A2_BC02.191219_FM1-2_consensus_vsearch	3152	A	*/-C	899	28	2.95%	2	2	93	93	3.0288523656895246E-9	1	1	170	729	9	19	-C
A2_BC02.191219_FM1-2_consensus_vsearch	3152	A	*/-CC	899	10	1.05%	2	1	93	93	9.525628993146355E-4	1	1	170	729	10	0	-C
A2_BC02.191219_FM1-2_consensus_vsearch	3155	C	*/+G	781	15	1.58%	2	1	93	93	2.855239743574616E-5	1	1	182	599	0	15	+G
A2_BC02.191219_FM1-2_consensus_vsearch	3155	C	*/+T	781	11	1.16%	2	1	93	93	4.7150862384213386E-4	1	1	182	599	0	11	+G
A2_BC02.191219_FM1-2_consensus_vsearch	3155	C	*/-GAA	781	7	0.74%	2	2	93	93	0.007708664230873112	1	1	182	599	4	3	+G
A2_BC02.191219_FM1-2_consensus_vsearch	3156	G	*/+A	859	10	1.07%	2	2	93	93	9.514665110790029E-4	1	1	138	721	1	9	+A
A2_BC02.191219_FM1-2_consensus_vsearch	3156	G	*/-A	859	56	5.97%	2	2	93	93	5.825809725424588E-18	1	1	138	721	46	10	-A
A2_BC02.191219_FM1-2_consensus_vsearch	3156	G	*/-AA	859	10	1.07%	2	2	93	93	9.514665110790029E-4	1	1	138	721	2	8	-A
A2_BC02.191219_FM1-2_consensus_vsearch	3162	T	*/+G	911	8	0.85%	2	1	93	93	0.0038469530751784552	1	1	189	722	0	8	+G
A2_BC02.191219_FM1-2_consensus_vsearch	3162	T	*/-G	911	8	0.85%	2	2	93	93	0.0038469530751784552	1	1	189	722	1	7	+G
A2_BC02.191219_FM1-2_consensus_vsearch	3165	T	*/+A	903	8	0.85%	2	2	93	93	0.00384643422439463	1	1	177	726	7	1	+A
A2_BC02.191219_FM1-2_consensus_vsearch	3166	G	*/-A	931	8	0.84%	2	1	93	93	0.0038482116584491618	1	1	182	749	8	0	-A
A2_BC02.191219_FM1-2_consensus_vsearch	3173	G	*/+C	927	9	0.95%	2	1	93	93	0.001915755576731505	1	1	186	741	0	9	+C
A2_BC02.191219_FM1-2_consensus_vsearch	3175	C	*/-T	928	9	0.95%	2	2	93	93	0.0019157952553783646	1	1	187	741	1	8	-T
A2_BC02.191219_FM1-2_consensus_vsearch	3177	G	*/-C	922	7	0.75%	2	1	93	93	0.007724389864457613	1	1	185	737	0	7	-C
A2_BC02.191219_FM1-2_consensus_vsearch	3178	C	*/-A	913	11	1.17%	2	2	93	93	4.738825180222003E-4	1	1	185	728	1	10	-A
A2_BC02.191219_FM1-2_consensus_vsearch	3181	A	*/+G	767	18	1.91%	2	2	93	93	3.456679713891218E-6	1	1	176	591	2	16	+G
A2_BC02.191219_FM1-2_consensus_vsearch	3181	A	*/-G	767	140	14.88%	2	2	93	93	2.134632943979304E-45	1	1	176	591	7	133	-G
A2_BC02.191219_FM1-2_consensus_vsearch	3181	A	*/-GG	767	9	0.96%	2	1	93	93	0.0019080979796937303	1	1	176	591	0	9	-G
A2_BC02.191219_FM1-2_consensus_vsearch	3182	G	*/+A	775	19	2.38%	2	1	93	93	1.7104555211091329E-6	1	1	160	615	19	0	+A
A2_BC02.191219_FM1-2_consensus_vsearch	3183	G	*/+A	912	10	1.06%	2	1	93	93	9.528988887828645E-4	1	1	166	746	10	0	+A
A2_BC02.191219_FM1-2_consensus_vsearch	3185	T	*/+G	893	15	1.6%	2	2	93	93	2.878969362259312E-5	1	1	183	710	5	10	+G
A2_BC02.191219_FM1-2_consensus_vsearch	3185	T	*/-GA	893	14	1.49%	2	1	93	93	5.8026978262353966E-5	1	1	183	710	0	14	+G
A2_BC02.191219_FM1-2_consensus_vsearch	3186	G	*/-AA	913	11	1.18%	2	1	93	93	4.738825180222003E-4	1	1	188	725	0	11	-AA
A2_BC02.191219_FM1-2_consensus_vsearch	3189	G	*/-C	932	10	1.05%	2	2	93	93	9.53397813966037E-4	1	1	185	747	2	8	-C
A2_BC02.191219_FM1-2_consensus_vsearch	3191	C	*/-AG	895	9	0.95%	2	2	93	93	0.0019144397560650933	1	1	165	730	7	2	-AG
A2_BC02.191219_FM1-2_consensus_vsearch	3191	C	*/-AGG	895	8	0.84%	2	2	93	93	0.0038459062136693787	1	1	165	730	7	1	-AG
A2_BC02.191219_FM1-2_consensus_vsearch	3191	C	*/-AGGG	895	10	1.05%	2	1	93	93	9.524575900849196E-4	1	1	165	730	10	0	-AGGG
A2_BC02.191219_FM1-2_consensus_vsearch	3192	A	*/+G	492	24	2.61%	2	1	93	93	4.533299061860545E-8	1	1	11	481	0	24	+G
A2_BC02.191219_FM1-2_consensus_vsearch	3192	A	*/-G	492	308	33.44%	2	2	93	93	1.7517221018281336E-109	1	1	11	481	102	206	-G
A2_BC02.191219_FM1-2_consensus_vsearch	3192	A	*/-GG	492	54	5.86%	2	2	93	93	1.3985557370346867E-17	1	1	11	481	34	20	-G
A2_BC02.191219_FM1-2_consensus_vsearch	3192	A	*/-GGG	492	20	2.17%	2	2	93	93	7.893119118349965E-7	1	1	11	481	18	2	-G
A2_BC02.191219_FM1-2_consensus_vsearch	3196	G	*/+A	907	8	0.84%	2	1	93	93	0.003846694779808949	1	1	183	724	0	8	+A
A2_BC02.191219_FM1-2_consensus_vsearch	3196	G	*/-A	907	19	2%	2	2	93	93	1.7375017473892497E-6	1	1	183	724	4	15	-A
A2_BC02.191219_FM1-2_consensus_vsearch	3199	A	*/+C	910	7	0.74%	2	1	93	93	0.007723239371763503	1	1	188	722	0	7	+C
A2_BC02.191219_FM1-2_consensus_vsearch	3199	A	*/+T	910	15	1.58%	2	1	93	93	2.8820793936220852E-5	1	1	188	722	0	15	+T
A2_BC02.191219_FM1-2_consensus_vsearch	3200	C	*/-T	866	75	7.94%	2	2	93	93	5.699047879727187E-24	1	1	188	678	1	74	-T
A2_BC02.191219_FM1-2_consensus_vsearch	3201	T	*/-C	835	22	2.51%	2	1	93	93	2.0800034059359108E-7	1	1	186	649	0	22	-C
A2_BC02.191219_FM1-2_consensus_vsearch	3203	T	*/-G	867	60	6.4%	2	2	93	93	3.234123806668498E-19	1	1	186	681	1	59	-G
A2_BC02.191219_FM1-2_consensus_vsearch	3206	T	*/+G	873	9	0.95%	2	2	93	93	0.0019134800457442686	1	1	183	690	1	8	+G
A2_BC02.191219_FM1-2_consensus_vsearch	3206	T	*/-G	873	26	2.75%	2	2	93	93	1.2404706950478015E-8	1	1	183	690	6	20	-G
A2_BC02.191219_FM1-2_consensus_vsearch	3208	G	*/-AG	927	9	0.95%	2	1	93	93	0.001915755576731505	1	1	179	748	9	0	-AG
A2_BC02.191219_FM1-2_consensus_vsearch	3209	A	*/-G	910	20	2.13%	2	2	93	93	8.60133393566169E-7	1	1	165	745	12	8	-G
A2_BC02.191219_FM1-2_consensus_vsearch	3211	G	*/+T	907	7	0.74%	2	1	93	93	0.007722947038715541	1	1	188	719	0	7	+T
A2_BC02.191219_FM1-2_consensus_vsearch	3211	G	*/-C	907	22	2.32%	2	1	93	93	2.102384290831175E-7	1	1	188	719	0	22	-C
A2_BC02.191219_FM1-2_consensus_vsearch	3212	C	*/+T	902	10	1.08%	2	1	93	93	9.526412793826775E-4	1	1	190	712	0	10	+T
A2_BC02.191219_FM1-2_consensus_vsearch	3213	T	*/-C	933	9	0.95%	2	1	93	93	0.0019159923914178808	1	1	188	745	0	9	-C
A2_BC02.191219_FM1-2_consensus_vsearch	3214	C	*/+A	884	17	1.8%	2	2	93	93	7.069842984516308E-6	1	1	186	698	1	16	+A
A2_BC02.191219_FM1-2_consensus_vsearch	3214	C	*/-GT	884	17	1.8%	2	1	93	93	7.069842984516308E-6	1	1	186	698	0	17	+A
A2_BC02.191219_FM1-2_consensus_vsearch	3216	T	*/+AA	820	7	0.76%	2	1	93	93	0.007713549036128454	1	1	172	648	0	7	+AA
A2_BC02.191219_FM1-2_consensus_vsearch	3216	T	*/-A	820	23	2.48%	2	2	93	93	1.0238979950322179E-7	1	1	172	648	18	5	-A
A2_BC02.191219_FM1-2_consensus_vsearch	3217	A	*/-G	866	35	3.8%	2	1	93	93	2.0784651074312363E-11	1	1	168	698	0	35	-G
A2_BC02.191219_FM1-2_consensus_vsearch	3218	G	*/-CG	893	9	0.98%	2	2	93	93	0.0019143544338820649	1	1	188	705	1	8	-CG
A2_BC02.191219_FM1-2_consensus_vsearch	3219	C	*/+TT	864	13	1.39%	2	1	93	93	1.1672349595259511E-4	1	1	164	700	13	0	+TT
A2_BC02.191219_FM1-2_consensus_vsearch	3221	A	*/+C	925	8	0.85%	2	1	93	93	0.003847839729165243	1	1	188	737	0	8	+C
A2_BC02.191219_FM1-2_consensus_vsearch	3221	A	*/-TT	925	8	0.85%	2	1	93	93	0.003847839729165243	1	1	188	737	0	8	+C
A2_BC02.191219_FM1-2_consensus_vsearch	3223	T	*/+C	856	15	1.59%	2	2	93	93	2.8717901261498896E-5	1	1	176	680	13	2	+C
A2_BC02.191219_FM1-2_consensus_vsearch	3223	T	*/-C	856	63	6.68%	2	1	93	93	3.6082773351072777E-20	1	1	176	680	0	63	-C
A2_BC02.191219_FM1-2_consensus_vsearch	3224	C	*/+T	855	27	3.04%	2	1	93	93	6.087696457232483E-9	1	1	187	668	0	27	+T
A2_BC02.191219_FM1-2_consensus_vsearch	3225	T	*/+G	876	45	4.75%	2	1	93	93	1.638443984762287E-14	1	1	183	693	0	45	+G
A2_BC02.191219_FM1-2_consensus_vsearch	3229	G	*/+A	764	8	0.85%	2	1	93	93	0.0038357099048077947	1	1	177	587	8	0	+A
A2_BC02.191219_FM1-2_consensus_vsearch	3229	G	*/-TG	764	159	16.84%	2	1	93	93	7.920742323087468E-52	1	1	177	587	0	159	-TG
A2_BC02.191219_FM1-2_consensus_vsearch	3232	C	*/-A	810	117	12.43%	2	2	93	93	1.2079025982620915E-37	1	1	183	627	3	114	-A
A2_BC02.191219_FM1-2_consensus_vsearch	3235	A	*/-T	922	14	1.47%	2	1	93	93	5.811857877974878E-5	1	1	190	732	0	14	-T
A2_BC02.191219_FM1-2_consensus_vsearch	3236	T	*/-C	838	14	1.49%	2	1	93	93	5.783645207947054E-5	1	1	187	651	0	14	-C
A2_BC02.191219_FM1-2_consensus_vsearch	3244	C	*/+A	913	8	0.85%	2	2	93	93	0.0038470813845085643	1	1	185	728	1	7	+A
A2_BC02.191219_FM1-2_consensus_vsearch	3244	C	*/-A	913	15	1.59%	2	2	93	93	2.882616640936494E-5	1	1	185	728	3	12	-A
A2_BC02.191219_FM1-2_consensus_vsearch	3249	G	*/-TG	889	46	4.85%	2	2	93	93	8.05802603214999E-15	1	1	184	705	1	45	-TG
A2_BC02.191219_FM1-2_consensus_vsearch	3250	T	*/+G	813	36	4.01%	2	1	93	93	9.961687492400296E-12	1	1	178	635	0	36	+G
A2_BC02.191219_FM1-2_consensus_vsearch	3250	T	*/-G	813	35	3.9%	2	2	93	93	2.0342940643328253E-11	1	1	178	635	11	24	+G
A2_BC02.191219_FM1-2_consensus_vsearch	3252	G	*/+A	918	8	0.85%	2	1	93	93	0.0038473997415683515	1	1	181	737	8	0	+A
A2_BC02.191219_FM1-2_consensus_vsearch	3257	A	*/+G	630	36	3.82%	2	2	93	93	8.950758898611575E-12	1	1	148	482	4	32	+G
A2_BC02.191219_FM1-2_consensus_vsearch	3257	A	*/-G	630	246	26.11%	2	2	93	93	1.6612175912507397E-83	1	1	148	482	33	213	-G
A2_BC02.191219_FM1-2_consensus_vsearch	3257	A	*/-GGG	630	17	1.8%	2	1	93	93	6.858903722609774E-6	1	1	148	482	0	17	-G
A2_BC02.191219_FM1-2_consensus_vsearch	3261	G	*/-C	921	8	0.84%	2	1	93	93	0.0038475891167196936	1	1	189	732	0	8	-C
A2_BC02.191219_FM1-2_consensus_vsearch	3263	G	*/+A	824	35	3.72%	2	2	93	93	2.0438384727279044E-11	1	1	160	664	5	30	+A
A2_BC02.191219_FM1-2_consensus_vsearch	3263	G	*/+AA	824	8	0.85%	2	1	93	93	0.0038407769220464806	1	1	160	664	0	8	+A
A2_BC02.191219_FM1-2_consensus_vsearch	3263	G	*/-A	824	48	5.1%	2	2	93	93	1.827093723893383E-15	1	1	160	664	20	28	-A
A2_BC02.191219_FM1-2_consensus_vsearch	3263	G	*/-AA	824	10	1.06%	2	2	93	93	9.504215807836583E-4	1	1	160	664	1	9	-A
A2_BC02.191219_FM1-2_consensus_vsearch	3268	A	*/+T	914	8	0.85%	2	1	93	93	0.003847145331162847	1	1	173	741	0	8	+T
A2_BC02.191219_FM1-2_consensus_vsearch	3269	C	*/-T	919	16	1.69%	2	2	93	93	1.4302687444261568E-5	1	1	184	735	2	14	-T
A2_BC02.191219_FM1-2_consensus_vsearch	3272	A	*/+C	932	9	0.95%	2	1	93	93	0.0019159531309495248	1	1	190	742	0	9	+C
A2_BC02.191219_FM1-2_consensus_vsearch	3273	T	*/-C	923	13	1.37%	2	2	93	93	1.1705572909173921E-4	1	1	186	737	2	11	-C
A2_BC02.191219_FM1-2_consensus_vsearch	3274	C	*/+A	909	16	1.71%	2	2	93	93	1.4292600807709186E-5	1	1	171	738	15	1	+A
A2_BC02.191219_FM1-2_consensus_vsearch	3274	C	*/+G	909	7	0.75%	2	2	93	93	0.007723142139737795	1	1	171	738	1	6	+A
A2_BC02.191219_FM1-2_consensus_vsearch	3275	G	*/-A	924	15	1.58%	2	1	93	93	2.8845577821232602E-5	1	1	173	751	15	0	-A
A2_BC02.191219_FM1-2_consensus_vsearch	3280	A	*/+T	936	7	0.74%	2	1	93	93	0.007725695177565769	1	1	189	747	0	7	+T
A2_BC02.191219_FM1-2_consensus_vsearch	3282	C	*/-T	931	7	0.74%	2	2	93	93	0.007725233457633749	1	1	190	741	1	6	-T
A2_BC02.191219_FM1-2_consensus_vsearch	3283	T	*/-A	920	7	0.74%	2	1	93	93	0.007724200179668666	1	1	189	731	0	7	-A
A2_BC02.191219_FM1-2_consensus_vsearch	3286	T	*/-G	909	17	1.8%	2	2	93	93	7.084527953000675E-6	1	1	190	719	1	16	-G
A2_BC02.191219_FM1-2_consensus_vsearch	3287	G	*/+AA	911	7	0.75%	2	1	93	93	0.007723336392485094	1	1	187	724	0	7	+AA
A2_BC02.191219_FM1-2_consensus_vsearch	3288	G	*/-C	927	7	0.74%	2	2	93	93	0.0077248605301177935	1	1	185	742	1	6	-C
A2_BC02.191219_FM1-2_consensus_vsearch	3290	T	*/-G	929	7	0.74%	2	2	93	93	0.007725047391454701	1	1	185	744	1	6	-G
A2_BC02.191219_FM1-2_consensus_vsearch	3292	G	*/-T	925	10	1.05%	2	2	93	93	9.532256009876047E-4	1	1	179	746	1	9	-T
A2_BC02.191219_FM1-2_consensus_vsearch	3294	T	*/+C	897	10	1.05%	2	2	93	93	9.525103599631537E-4	1	1	175	722	2	8	+C
A2_BC02.191219_FM1-2_consensus_vsearch	3294	T	*/-C	897	31	3.26%	2	2	93	93	3.60943687397337E-10	1	1	175	722	13	18	-C
A2_BC02.191219_FM1-2_consensus_vsearch	3295	C	*/+T	907	7	0.76%	2	1	93	93	0.007722947038715541	1	1	175	732	0	7	+T
A2_BC02.191219_FM1-2_consensus_vsearch	3296	C	*/-T	903	36	3.79%	2	2	93	93	1.0337465846680323E-11	1	1	187	716	3	33	-T
A2_BC02.191219_FM1-2_consensus_vsearch	3297	T	*/+C	776	9	0.99%	2	1	93	93	0.0019086110676214511	1	1	183	593	0	9	+C
A2_BC02.191219_FM1-2_consensus_vsearch	3298	G	*/-C	923	7	0.75%	2	2	93	93	0.00772448440160392	1	1	178	745	6	1	-C
A2_BC02.191219_FM1-2_consensus_vsearch	3300	C	*/+A	857	8	0.84%	2	2	93	93	0.0038432652933028813	1	1	155	702	7	1	+A
A2_BC02.191219_FM1-2_consensus_vsearch	3300	C	*/-G	857	11	1.16%	2	2	93	93	4.729627152654677E-4	1	1	155	702	6	5	-G
A2_BC02.191219_FM1-2_consensus_vsearch	3300	C	*/-GA	857	47	4.96%	2	2	93	93	3.846278859077402E-15	1	1	155	702	13	34	-GA
A2_BC02.191219_FM1-2_consensus_vsearch	3301	G	*/-A	837	9	1.01%	2	2	93	93	0.001911802556571087	1	1	156	681	4	5	-A
A2_BC02.191219_FM1-2_consensus_vsearch	3301	G	*/-AA	837	25	2.81%	2	2	93	93	2.4979555728609122E-8	1	1	156	681	4	21	-AA
A2_BC02.191219_FM1-2_consensus_vsearch	3304	G	*/+C	913	8	0.85%	2	2	93	93	0.0038470813845085643	1	1	175	738	3	5	+C
A2_BC02.191219_FM1-2_consensus_vsearch	3304	G	*/+T	913	7	0.74%	2	2	93	93	0.007723529802484695	1	1	175	738	6	1	+C
A2_BC02.191219_FM1-2_consensus_vsearch	3304	G	*/-T	913	9	0.95%	2	2	93	93	0.0019151910853385365	1	1	175	738	2	7	-T
A2_BC02.191219_FM1-2_consensus_vsearch	3307	T	*/+C	400	330	34.81%	2	2	93	93	3.163177873634351E-121	1	1	34	366	142	188	+C
A2_BC02.191219_FM1-2_consensus_vsearch	3307	T	*/+CC	400	12	1.27%	2	2	93	93	2.2509239120889853E-4	1	1	34	366	5	7	+C
A2_BC02.191219_FM1-2_consensus_vsearch	3307	T	*/-C	400	24	2.53%	2	2	93	93	4.264627694364826E-8	1	1	34	366	1	23	-C
A2_BC02.191219_FM1-2_consensus_vsearch	3307	T	*/-CCT	400	162	17.09%	2	1	93	93	2.0937275947290612E-55	1	1	34	366	0	162	-CCT
A2_BC02.191219_FM1-2_consensus_vsearch	3309	C	*/+T	748	8	1.02%	2	1	93	93	0.0038342234559721133	1	1	190	558	0	8	+T
A2_BC02.191219_FM1-2_consensus_vsearch	3309	C	*/-T	748	23	2.93%	2	1	93	93	1.0092447664153707E-7	1	1	190	558	0	23	-T
A2_BC02.191219_FM1-2_consensus_vsearch	3312	A	*/+G	815	12	1.27%	2	1	93	93	2.345248186811922E-4	1	1	185	630	0	12	+G
A2_BC02.191219_FM1-2_consensus_vsearch	3312	A	*/-G	815	109	11.56%	2	2	93	93	5.214834897183994E-35	1	1	185	630	2	107	-G
A2_BC02.191219_FM1-2_consensus_vsearch	3319	C	*/-A	924	9	0.96%	2	1	93	93	0.0019156360330857174	1	1	174	750	9	0	-A
A2_BC02.191219_FM1-2_consensus_vsearch	3320	A	*/+G	909	8	0.85%	2	2	93	93	0.0038468242081579618	1	1	172	737	1	7	+G
A2_BC02.191219_FM1-2_consensus_vsearch	3321	G	*/-A	908	16	1.69%	2	2	93	93	1.4291580430563785E-5	1	1	181	727	4	12	-A
A2_BC02.191219_FM1-2_consensus_vsearch	3325	T	*/+C	921	16	1.7%	2	2	93	93	1.4304679560820394E-5	1	1	189	732	1	15	+C
A2_BC02.191219_FM1-2_consensus_vsearch	3326	T	*/+G	668	7	0.74%	2	1	93	93	0.00769133323902577	1	1	189	479	0	7	+G
A2_BC02.191219_FM1-2_consensus_vsearch	3326	T	*/-C	668	265	27.95%	2	1	93	93	4.984024901971976E-90	1	1	189	479	0	265	-C
A2_BC02.191219_FM1-2_consensus_vsearch	3327	C	*/+A	651	7	1.02%	2	1	93	93	0.007688212384386832	1	1	179	472	7	0	+A
A2_BC02.191219_FM1-2_consensus_vsearch	3327	C	*/-GT	651	8	1.17%	2	2	93	93	0.0038236743445426657	1	1	179	472	3	5	-GT
A2_BC02.191219_FM1-2_consensus_vsearch	3331	T	*/+C	920	8	0.85%	2	1	93	93	0.0038475261272230853	1	1	181	739	8	0	+C
A2_BC02.191219_FM1-2_consensus_vsearch	3332	C	*/-A	930	11	1.16%	2	1	93	93	4.7414028071261874E-4	1	1	189	741	0	11	-A
A2_BC02.191219_FM1-2_consensus_vsearch	3334	G	*/+C	928	7	0.74%	2	1	93	93	0.00772495406052163	1	1	190	738	0	7	+C
A2_BC02.191219_FM1-2_consensus_vsearch	3341	G	*/-TG	878	60	6.35%	2	2	93	93	3.273011086323647E-19	1	1	181	697	7	53	-TG
A2_BC02.191219_FM1-2_consensus_vsearch	3342	T	*/-G	838	15	1.69%	2	2	93	93	2.8680774330261464E-5	1	1	179	659	2	13	-G
A2_BC02.191219_FM1-2_consensus_vsearch	3342	T	*/-GGT	838	20	2.25%	2	1	93	93	8.526289736549522E-7	1	1	179	659	0	20	-GGT
A2_BC02.191219_FM1-2_consensus_vsearch	3345	T	*/+A	831	29	3.15%	2	1	93	93	1.4651573160037351E-9	1	1	181	650	0	29	+A
A2_BC02.191219_FM1-2_consensus_vsearch	3345	T	*/-A	831	20	2.17%	2	2	93	93	8.518347200009536E-7	1	1	181	650	5	15	+A
A2_BC02.191219_FM1-2_consensus_vsearch	3345	T	*/-AA	831	21	2.28%	2	2	93	93	4.2091539452709437E-7	1	1	181	650	1	20	-AA
A2_BC02.191219_FM1-2_consensus_vsearch	3350	C	*/+T	836	62	6.57%	2	2	93	93	7.287208035287318E-20	1	1	188	648	1	61	+T
A2_BC02.191219_FM1-2_consensus_vsearch	3350	C	*/-T	836	15	1.59%	2	2	93	93	2.8676554370707974E-5	1	1	188	648	1	14	+T
A2_BC02.191219_FM1-2_consensus_vsearch	3351	T	*/-A	910	8	0.86%	2	2	93	93	0.003846888711606907	1	1	186	724	3	5	-A
A2_BC02.191219_FM1-2_consensus_vsearch	3358	T	*/-A	932	11	1.16%	2	2	93	93	4.7417000031486754E-4	1	1	188	744	3	8	-A
A2_BC02.191219_FM1-2_consensus_vsearch	3359	A	*/+G	878	50	5.34%	2	2	93	93	4.507807091946015E-16	1	1	182	696	6	44	+G
A2_BC02.191219_FM1-2_consensus_vsearch	3361	A	*/-G	917	13	1.38%	2	2	93	93	1.1702384026807228E-4	1	1	181	736	5	8	-G
A2_BC02.191219_FM1-2_consensus_vsearch	3363	G	*/+C	927	7	0.74%	2	2	93	93	0.0077248605301177935	1	1	177	750	5	2	+C
A2_BC02.191219_FM1-2_consensus_vsearch	3363	G	*/-C	927	7	0.74%	2	1	93	93	0.0077248605301177935	1	1	177	750	7	0	+C
A2_BC02.191219_FM1-2_consensus_vsearch	3367	A	*/+G	371	479	50.53%	2	2	93	93	9.843169916339589E-187	1	1	25	346	135	344	+G
A2_BC02.191219_FM1-2_consensus_vsearch	3367	A	*/+GG	371	23	2.43%	2	2	93	93	8.56552316708921E-8	1	1	25	346	1	22	+G
A2_BC02.191219_FM1-2_consensus_vsearch	3367	A	*/-G	371	45	4.75%	2	2	93	93	8.079589845661316E-15	1	1	25	346	15	30	-G
A2_BC02.191219_FM1-2_consensus_vsearch	3367	A	*/-GG	371	13	1.37%	2	1	93	93	1.10095664708683E-4	1	1	25	346	0	13	-G
A2_BC02.191219_FM1-2_consensus_vsearch	3371	A	*/-T	929	10	1.05%	2	2	93	93	9.533243206025175E-4	1	1	186	743	1	9	-T
A2_BC02.191219_FM1-2_consensus_vsearch	3372	T	*/+G	917	11	1.17%	2	2	93	93	4.739440098052575E-4	1	1	179	738	7	4	+G
A2_BC02.191219_FM1-2_consensus_vsearch	3373	G	*/+A	910	12	1.27%	2	1	93	93	2.355039737269022E-4	1	1	187	723	0	12	+A
A2_BC02.191219_FM1-2_consensus_vsearch	3373	G	*/-A	910	10	1.06%	2	1	93	93	9.528478117131701E-4	1	1	187	723	0	10	+A
A2_BC02.191219_FM1-2_consensus_vsearch	3378	A	*/-TC	926	8	0.85%	2	1	93	93	0.003847902048042157	1	1	187	739	0	8	-TC
A2_BC02.191219_FM1-2_consensus_vsearch	3379	T	*/+C	897	13	1.39%	2	2	93	93	1.1691455204603951E-4	1	1	177	720	6	7	+C
A2_BC02.191219_FM1-2_consensus_vsearch	3379	T	*/-C	897	26	2.77%	2	2	93	93	1.2464828221374646E-8	1	1	177	720	7	19	-C
A2_BC02.191219_FM1-2_consensus_vsearch	3381	C	*/+T	758	50	5.27%	2	1	93	93	4.062807666501943E-16	1	1	182	576	0	50	+T
A2_BC02.191219_FM1-2_consensus_vsearch	3381	C	*/+TT	758	8	0.84%	2	1	93	93	0.0038351597322336573	1	1	182	576	0	8	+T
A2_BC02.191219_FM1-2_consensus_vsearch	3381	C	*/-T	758	114	12.01%	2	2	93	93	9.238243840085078E-37	1	1	182	576	3	111	-T
A2_BC02.191219_FM1-2_consensus_vsearch	3381	C	*/-TTT	758	8	0.84%	2	2	93	93	0.0038351597322336573	1	1	182	576	1	7	-T
A2_BC02.191219_FM1-2_consensus_vsearch	3385	A	*/-C	927	9	0.95%	2	2	93	93	0.001915755576731505	1	1	178	749	7	2	-C
A2_BC02.191219_FM1-2_consensus_vsearch	3386	C	*/+T	918	15	1.6%	2	1	93	93	2.883504534476528E-5	1	1	180	738	0	15	+T
A2_BC02.191219_FM1-2_consensus_vsearch	3387	C	*/-T	924	13	1.37%	2	1	93	93	1.1706100476019187E-4	1	1	186	738	0	13	-T
A2_BC02.191219_FM1-2_consensus_vsearch	3391	T	*/+C	907	23	2.43%	2	1	93	93	1.0387520016819584E-7	1	1	189	718	0	23	+C
A2_BC02.191219_FM1-2_consensus_vsearch	3394	C	*/-A	926	8	0.85%	2	2	93	93	0.003847902048042157	1	1	186	740	1	7	-A
A2_BC02.191219_FM1-2_consensus_vsearch	3398	C	*/+T	881	17	1.79%	2	2	93	93	7.0680274487771345E-6	1	1	180	701	5	12	+T
A2_BC02.191219_FM1-2_consensus_vsearch	3398	C	*/+TT	881	8	0.84%	2	2	93	93	0.0038449594128382746	1	1	180	701	2	6	+T
A2_BC02.191219_FM1-2_consensus_vsearch	3398	C	*/-T	881	33	3.48%	2	2	93	93	8.675426824612858E-11	1	1	180	701	2	31	-T
A2_BC02.191219_FM1-2_consensus_vsearch	3401	T	*/-A	781	146	15.43%	2	2	93	93	2.268248061702973E-47	1	1	184	597	3	143	-A
A2_BC02.191219_FM1-2_consensus_vsearch	3405	T	*/-AT	820	7	0.74%	2	2	93	93	0.007713549036128454	1	1	184	636	3	4	-AT
A2_BC02.191219_FM1-2_consensus_vsearch	3406	A	*/-T	914	8	0.85%	2	2	93	93	0.003847145331162847	1	1	186	728	1	7	-T
A2_BC02.191219_FM1-2_consensus_vsearch	3411	C	*/-GC	900	12	1.27%	2	2	93	93	2.3541039601817338E-4	1	1	172	728	8	4	-GC
A2_BC02.191219_FM1-2_consensus_vsearch	3419	C	*/-T	894	44	4.63%	2	2	93	93	3.392042530870398E-14	1	1	189	705	1	43	-T
A2_BC02.191219_FM1-2_consensus_vsearch	3420	T	*/-C	834	58	6.42%	2	1	93	93	1.3316115491780663E-18	1	1	189	645	0	58	-C
A2_BC02.191219_FM1-2_consensus_vsearch	3422	G	*/-T	923	8	0.85%	2	2	93	93	0.003847714691173612	1	1	182	741	2	6	-T
A2_BC02.191219_FM1-2_consensus_vsearch	3425	T	*/-C	890	21	2.21%	2	1	93	93	4.24368853416352E-7	1	1	190	700	0	21	-C
A2_BC02.191219_FM1-2_consensus_vsearch	3425	T	*/-CT	890	10	1.05%	2	1	93	93	9.523246468103374E-4	1	1	190	700	0	10	-C
A2_BC02.191219_FM1-2_consensus_vsearch	3425	T	*/-CTT	890	21	2.21%	2	1	93	93	4.24368853416352E-7	1	1	190	700	0	21	-CTT
A2_BC02.191219_FM1-2_consensus_vsearch	3426	C	*/-T	806	78	8.68%	2	1	93	93	5.596420169429014E-25	1	1	191	615	0	78	-T
A2_BC02.191219_FM1-2_consensus_vsearch	3426	C	*/-TT	806	11	1.22%	2	1	93	93	4.720164865262387E-4	1	1	191	615	0	11	-T
A2_BC02.191219_FM1-2_consensus_vsearch	3427	T	*/+C	806	15	1.81%	2	1	93	93	2.8610845925253303E-5	1	1	189	617	0	15	+C
A2_BC02.191219_FM1-2_consensus_vsearch	3428	T	*/-A	888	8	0.87%	2	1	93	93	0.0038454364981598582	1	1	188	700	0	8	-A
A2_BC02.191219_FM1-2_consensus_vsearch	3429	A	*/-G	919	11	1.17%	2	2	93	93	4.7397455917251564E-4	1	1	186	733	2	9	-G
A2_BC02.191219_FM1-2_consensus_vsearch	3430	G	*/+C	922	7	0.75%	2	2	93	93	0.007724389864457613	1	1	185	737	1	6	+C
A2_BC02.191219_FM1-2_consensus_vsearch	3443	C	*/+A	810	95	10.02%	2	2	93	93	1.867336807208689E-30	1	1	189	621	1	94	+A
A2_BC02.191219_FM1-2_consensus_vsearch	3443	C	*/+AA	810	7	0.74%	2	1	93	93	0.007712340870734465	1	1	189	621	0	7	+A
A2_BC02.191219_FM1-2_consensus_vsearch	3443	C	*/-A	810	27	2.85%	2	1	93	93	6.020875742761734E-9	1	1	189	621	0	27	-A
A2_BC02.191219_FM1-2_consensus_vsearch	3446	A	*/-T	933	10	1.05%	2	2	93	93	9.534222085662184E-4	1	1	187	746	1	9	-T
A2_BC02.191219_FM1-2_consensus_vsearch	3449	A	*/+G	868	47	4.98%	2	2	93	93	3.87551554617937E-15	1	1	122	746	43	4	+G
A2_BC02.191219_FM1-2_consensus_vsearch	3449	A	*/-G	868	17	1.8%	2	1	93	93	7.0600221142033986E-6	1	1	122	746	17	0	+G
A2_BC02.191219_FM1-2_consensus_vsearch	3450	G	*/+A	807	88	9.44%	2	2	93	93	3.4075102087985027E-28	1	1	77	730	87	1	+A
A2_BC02.191219_FM1-2_consensus_vsearch	3450	G	*/-AG	807	24	2.58%	2	2	93	93	5.036421969314314E-8	1	1	77	730	3	21	+A
A2_BC02.191219_FM1-2_consensus_vsearch	3451	A	*/-G	897	9	0.98%	2	2	93	93	0.0019145247035588216	1	1	168	729	8	1	-G
A2_BC02.191219_FM1-2_consensus_vsearch	3452	G	*/+AG	883	10	1.09%	2	2	93	93	9.521360436043002E-4	1	1	171	712	1	9	+AG
A2_BC02.191219_FM1-2_consensus_vsearch	3452	G	*/-T	883	8	0.87%	2	2	93	93	0.0038450964850438646	1	1	171	712	3	5	+AG
A2_BC02.191219_FM1-2_consensus_vsearch	3455	T	*/-C	886	39	4.1%	2	2	93	93	1.2082790078618313E-12	1	1	188	698	1	38	-C
A2_BC02.191219_FM1-2_consensus_vsearch	3455	T	*/-CT	886	18	1.89%	2	1	93	93	3.5022617139491303E-6	1	1	188	698	0	18	-C
A2_BC02.191219_FM1-2_consensus_vsearch	3456	C	*/+T	841	10	1.12%	2	1	93	93	9.509397704907047E-4	1	1	189	652	0	10	+T
A2_BC02.191219_FM1-2_consensus_vsearch	3456	C	*/-T	841	21	2.35%	2	1	93	93	4.215323283890198E-7	1	1	189	652	0	21	-T
A2_BC02.191219_FM1-2_consensus_vsearch	3457	T	*/+G	880	7	0.77%	2	2	93	93	0.007720227258797637	1	1	179	701	4	3	+G
A2_BC02.191219_FM1-2_consensus_vsearch	3457	T	*/-A	880	8	0.88%	2	1	93	93	0.0038448906460794847	1	1	179	701	0	8	-A
A2_BC02.191219_FM1-2_consensus_vsearch	3458	A	*/-G	904	19	2.02%	2	2	93	93	1.736969774020735E-6	1	1	184	720	5	14	-G
A2_BC02.191219_FM1-2_consensus_vsearch	3459	G	*/-TG	904	12	1.29%	2	1	93	93	2.3544806936308014E-4	1	1	177	727	0	12	-TG
A2_BC02.191219_FM1-2_consensus_vsearch	3460	T	*/-G	883	21	2.25%	2	1	93	93	4.239815596674571E-7	1	1	187	696	0	21	-G
A2_BC02.191219_FM1-2_consensus_vsearch	3466	A	*/+T	664	59	6.23%	2	2	93	93	5.052658476818419E-19	1	1	136	528	3	56	+T
A2_BC02.191219_FM1-2_consensus_vsearch	3466	A	*/-T	664	185	19.54%	2	2	93	93	2.5908537598220438E-61	1	1	136	528	48	137	-T
A2_BC02.191219_FM1-2_consensus_vsearch	3466	A	*/-TT	664	22	2.32%	2	2	93	93	2.009332786434768E-7	1	1	136	528	1	21	-T
A2_BC02.191219_FM1-2_consensus_vsearch	3471	T	*/-G	862	75	7.89%	2	1	93	93	5.660249526342322E-24	1	1	189	673	0	75	-G
A2_BC02.191219_FM1-2_consensus_vsearch	3473	G	*/-T	931	8	0.84%	2	1	93	93	0.0038482116584491618	1	1	188	743	0	8	-T
A2_BC02.191219_FM1-2_consensus_vsearch	3474	T	*/-A	847	24	2.56%	2	2	93	93	5.076074575855833E-8	1	1	182	665	2	22	-A
A2_BC02.191219_FM1-2_consensus_vsearch	3476	A	*/+G	902	13	1.38%	2	1	93	93	1.1694231541783992E-4	1	1	190	712	0	13	+G
A2_BC02.191219_FM1-2_consensus_vsearch	3476	A	*/-G	902	9	0.96%	2	2	93	93	0.0019147354490836915	1	1	190	712	1	8	+G
A2_BC02.191219_FM1-2_consensus_vsearch	3477	G	*/+T	908	7	0.75%	2	1	93	93	0.007723044695629286	1	1	185	723	0	7	+T
A2_BC02.191219_FM1-2_consensus_vsearch	3482	A	*/-C	923	7	0.74%	2	2	93	93	0.00772448440160392	1	1	179	744	1	6	-C
A2_BC02.191219_FM1-2_consensus_vsearch	3483	C	*/-T	918	13	1.38%	2	2	93	93	1.1702918320336324E-4	1	1	179	739	10	3	-T
A2_BC02.191219_FM1-2_consensus_vsearch	3484	T	*/-G	911	7	0.75%	2	1	93	93	0.007723336392485094	1	1	175	736	0	7	-G
A2_BC02.191219_FM1-2_consensus_vsearch	3488	G	*/-A	911	27	2.85%	2	2	93	93	6.162635099651754E-9	1	1	165	746	25	2	-A
A2_BC02.191219_FM1-2_consensus_vsearch	3491	G	*/-C	893	8	0.84%	2	2	93	93	0.0038457727512920307	1	1	184	709	2	6	-C
A2_BC02.191219_FM1-2_consensus_vsearch	3491	G	*/-CG	893	30	3.16%	2	1	93	93	7.329838594116011E-10	1	1	184	709	0	30	-CG
A2_BC02.191219_FM1-2_consensus_vsearch	3492	C	*/+A	669	8	0.88%	2	2	93	93	0.003825859230664742	1	1	181	488	5	3	+A
A2_BC02.191219_FM1-2_consensus_vsearch	3492	C	*/+G	669	39	4.3%	2	1	93	93	1.062133972203322E-12	1	1	181	488	0	39	+G
A2_BC02.191219_FM1-2_consensus_vsearch	3492	C	*/-G	669	113	12.46%	2	2	93	93	1.2255983953055009E-36	1	1	181	488	1	112	-G
A2_BC02.191219_FM1-2_consensus_vsearch	3492	C	*/-GG	669	50	5.51%	2	1	93	93	3.675056811938869E-16	1	1	181	488	0	50	-G
A2_BC02.191219_FM1-2_consensus_vsearch	3493	G	*/+T	661	9	1.2%	2	1	93	93	0.0019010251601450372	1	1	121	540	0	9	+T
A2_BC02.191219_FM1-2_consensus_vsearch	3498	G	*/+A	924	14	1.48%	2	1	93	93	5.8124690897022476E-5	1	1	188	736	0	14	+A
A2_BC02.191219_FM1-2_consensus_vsearch	3500	A	*/-C	924	10	1.05%	2	2	93	93	9.532007898985776E-4	1	1	179	745	7	3	-C
A2_BC02.191219_FM1-2_consensus_vsearch	3502	C	*/+G	807	10	1.05%	2	1	93	93	9.498820001506728E-4	1	1	187	620	0	10	+G
A2_BC02.191219_FM1-2_consensus_vsearch	3507	G	*/-CG	926	7	0.74%	2	2	93	93	0.0077247667996884145	1	1	183	743	1	6	-CG
A2_BC02.191219_FM1-2_consensus_vsearch	3510	A	*/-G	900	30	3.19%	2	2	93	93	7.343277413487276E-10	1	1	154	746	24	6	-G
A2_BC02.191219_FM1-2_consensus_vsearch	3514	T	*/-A	886	52	5.47%	2	2	93	93	1.0734064206725883E-16	1	1	165	721	19	33	-A
A2_BC02.191219_FM1-2_consensus_vsearch	3516	A	*/-G	902	14	1.47%	2	2	93	93	5.8056015682622736E-5	1	1	180	722	4	10	-G
A2_BC02.191219_FM1-2_consensus_vsearch	3516	A	*/-GG	902	13	1.37%	2	1	93	93	1.1694231541783992E-4	1	1	180	722	0	13	-G
A2_BC02.191219_FM1-2_consensus_vsearch	3520	G	*/+C	908	7	0.74%	2	1	93	93	0.007723044695629286	1	1	176	732	7	0	+C
A2_BC02.191219_FM1-2_consensus_vsearch	3520	G	*/-C	908	20	2.13%	2	2	93	93	8.599400061844555E-7	1	1	176	732	5	15	-C
A2_BC02.191219_FM1-2_consensus_vsearch	3522	C	*/-G	872	48	5.06%	2	2	93	93	1.893353153598E-15	1	1	179	693	3	45	-G
A2_BC02.191219_FM1-2_consensus_vsearch	3529	C	*/-AC	892	23	2.43%	2	2	93	93	1.0363807109510484E-7	1	1	166	726	22	1	-AC
A2_BC02.191219_FM1-2_consensus_vsearch	3532	G	*/+C	912	8	0.85%	2	1	93	93	0.0038470172993273957	1	1	187	725	0	8	+C
A2_BC02.191219_FM1-2_consensus_vsearch	3532	G	*/-C	912	7	0.75%	2	2	93	93	0.007723433202456529	1	1	187	725	1	6	+C
A2_BC02.191219_FM1-2_consensus_vsearch	3533	C	*/-T	920	8	0.86%	2	1	93	93	0.0038475261272230853	1	1	186	734	0	8	-T
A2_BC02.191219_FM1-2_consensus_vsearch	3534	T	*/-C	917	7	0.74%	2	2	93	93	0.007723914116185401	1	1	186	731	1	6	-C
A2_BC02.191219_FM1-2_consensus_vsearch	3537	T	*/+C	910	13	1.37%	2	1	93	93	1.1698612028272918E-4	1	1	175	735	13	0	+C
A2_BC02.191219_FM1-2_consensus_vsearch	3538	C	*/-A	917	14	1.49%	2	2	93	93	5.810318560301478E-5	1	1	182	735	2	12	-A
A2_BC02.191219_FM1-2_consensus_vsearch	3541	A	*/+G	922	13	1.37%	2	1	93	93	1.1705044229998304E-4	1	1	171	751	13	0	+G
A2_BC02.191219_FM1-2_consensus_vsearch	3542	C	*/+A	915	15	1.58%	2	1	93	93	2.8829729201993647E-5	1	1	182	733	0	15	+A
A2_BC02.191219_FM1-2_consensus_vsearch	3546	A	*/-C	875	8	0.85%	2	1	93	93	0.0038445444845049085	1	1	183	692	0	8	-C
A2_BC02.191219_FM1-2_consensus_vsearch	3546	A	*/-CA	875	26	2.77%	2	1	93	93	1.2409829814123881E-8	1	1	183	692	0	26	-CA
A2_BC02.191219_FM1-2_consensus_vsearch	3546	A	*/-CAA	875	7	0.74%	2	1	93	93	0.0077197053642341935	1	1	183	692	0	7	-CA
A2_BC02.191219_FM1-2_consensus_vsearch	3547	C	*/+A	657	37	4.09%	2	2	93	93	4.4447774413279965E-12	1	1	87	570	5	32	+A
A2_BC02.191219_FM1-2_consensus_vsearch	3547	C	*/-A	657	179	19.78%	2	2	93	93	2.9646092903883156E-59	1	1	87	570	80	99	-A
A2_BC02.191219_FM1-2_consensus_vsearch	3547	C	*/-AA	657	15	1.66%	2	2	93	93	2.8200063727560058E-5	1	1	87	570	13	2	-A
A2_BC02.191219_FM1-2_consensus_vsearch	3551	A	*/-G	922	11	1.16%	2	2	93	93	4.7402013991721184E-4	1	1	183	739	4	7	-G
A2_BC02.191219_FM1-2_consensus_vsearch	3552	G	*/+C	926	8	0.85%	2	1	93	93	0.003847902048042157	1	1	186	740	0	8	+C
A2_BC02.191219_FM1-2_consensus_vsearch	3555	G	*/+CG	926	7	0.74%	2	1	93	93	0.0077247667996884145	1	1	187	739	0	7	+CG
A2_BC02.191219_FM1-2_consensus_vsearch	3557	T	*/-G	920	17	1.79%	2	1	93	93	7.090748049242584E-6	1	1	190	730	0	17	-G
A2_BC02.191219_FM1-2_consensus_vsearch	3559	G	*/+T	926	7	0.74%	2	1	93	93	0.0077247667996884145	1	1	178	748	7	0	+T
A2_BC02.191219_FM1-2_consensus_vsearch	3560	T	*/+C	924	17	1.8%	2	1	93	93	7.092974853400203E-6	1	1	189	735	0	17	+C
A2_BC02.191219_FM1-2_consensus_vsearch	3561	T	*/-C	923	14	1.47%	2	1	93	93	5.81216380433723E-5	1	1	188	735	0	14	-C
A2_BC02.191219_FM1-2_consensus_vsearch	3563	A	*/+T	917	23	2.43%	2	1	93	93	1.0402932063072194E-7	1	1	189	728	0	23	+T
A2_BC02.191219_FM1-2_consensus_vsearch	3564	T	*/+C	932	7	0.74%	2	1	93	93	0.007725326194158135	1	1	182	750	7	0	+C
A2_BC02.191219_FM1-2_consensus_vsearch	3565	C	*/+T	909	8	0.84%	2	1	93	93	0.0038468242081579618	1	1	190	719	0	8	+T
A2_BC02.191219_FM1-2_consensus_vsearch	3565	C	*/-T	909	27	2.85%	2	1	93	93	6.160100435506035E-9	1	1	190	719	0	27	-T
A2_BC02.191219_FM1-2_consensus_vsearch	3566	T	*/+G	890	13	1.41%	2	2	93	93	1.1687517449266765E-4	1	1	177	713	8	5	+G
A2_BC02.191219_FM1-2_consensus_vsearch	3567	A	*/+G	917	7	0.74%	2	1	93	93	0.007723914116185401	1	1	180	737	0	7	+G
A2_BC02.191219_FM1-2_consensus_vsearch	3570	C	*/+A	934	7	0.74%	2	2	93	93	0.0077255110771605765	1	1	182	752	5	2	+A
A2_BC02.191219_FM1-2_consensus_vsearch	3574	A	*/+G	884	7	0.74%	2	1	93	93	0.007720640566701033	1	1	180	704	0	7	+G
A2_BC02.191219_FM1-2_consensus_vsearch	3574	A	*/-G	884	37	3.92%	2	1	93	93	5.0312952208495605E-12	1	1	180	704	0	37	-G
A2_BC02.191219_FM1-2_consensus_vsearch	3575	G	*/+T	899	7	0.77%	2	1	93	93	0.00772215804029401	1	1	188	711	0	7	+T
A2_BC02.191219_FM1-2_consensus_vsearch	3577	A	*/+T	923	10	1.05%	2	1	93	93	9.531759259913677E-4	1	1	187	736	0	10	+T
A2_BC02.191219_FM1-2_consensus_vsearch	3578	C	*/+G	902	18	1.9%	2	1	93	93	3.5075206061393753E-6	1	1	188	714	0	18	+G
A2_BC02.191219_FM1-2_consensus_vsearch	3581	T	*/-G	888	19	2.01%	2	2	93	93	1.7340753910199504E-6	1	1	190	698	1	18	-G
A2_BC02.191219_FM1-2_consensus_vsearch	3581	T	*/-GG	888	8	0.85%	2	1	93	93	0.0038454364981598582	1	1	190	698	0	8	-G
A2_BC02.191219_FM1-2_consensus_vsearch	3585	C	*/-A	888	7	0.74%	2	2	93	93	0.00772105018858679	1	1	187	701	2	5	-A
A2_BC02.191219_FM1-2_consensus_vsearch	3585	C	*/-AT	888	7	0.74%	2	2	93	93	0.00772105018858679	1	1	187	701	1	6	-A
A2_BC02.191219_FM1-2_consensus_vsearch	3586	A	*/+G	887	8	0.85%	2	1	93	93	0.0038453687983291017	1	1	182	705	0	8	+G
A2_BC02.191219_FM1-2_consensus_vsearch	3586	A	*/-T	887	11	1.18%	2	2	93	93	4.734695965964919E-4	1	1	182	705	1	10	-T
A2_BC02.191219_FM1-2_consensus_vsearch	3586	A	*/-TG	887	7	0.75%	2	2	93	93	0.0077209481259643865	1	1	182	705	1	6	-T
A2_BC02.191219_FM1-2_consensus_vsearch	3587	T	*/+G	813	22	2.39%	2	2	93	93	2.0724393269810472E-7	1	1	163	650	2	20	+G
A2_BC02.191219_FM1-2_consensus_vsearch	3587	T	*/-G	813	46	5.01%	2	2	93	93	7.652984612632276E-15	1	1	163	650	16	30	-G
A2_BC02.191219_FM1-2_consensus_vsearch	3587	T	*/-GGA	813	7	0.76%	2	1	93	93	0.007712706406791132	1	1	163	650	0	7	-G
A2_BC02.191219_FM1-2_consensus_vsearch	3588	G	*/+C	858	8	0.91%	2	2	93	93	0.0038433377492463083	1	1	168	690	1	7	+C
A2_BC02.191219_FM1-2_consensus_vsearch	3589	G	*/-A	879	19	2.03%	2	2	93	93	1.732403702643291E-6	1	1	178	701	12	7	-A
A2_BC02.191219_FM1-2_consensus_vsearch	3589	G	*/-AA	879	12	1.28%	2	1	93	93	2.3520712934055256E-4	1	1	178	701	0	12	-A
A2_BC02.191219_FM1-2_consensus_vsearch	3589	G	*/-AAG	879	18	1.93%	2	1	93	93	3.4999039349836435E-6	1	1	178	701	0	18	-AAG
A2_BC02.191219_FM1-2_consensus_vsearch	3593	T	*/-C	918	7	0.74%	2	2	93	93	0.007724009676382631	1	1	182	736	2	5	-C
A2_BC02.191219_FM1-2_consensus_vsearch	3594	C	*/-G	912	13	1.38%	2	2	93	93	1.1699695482902303E-4	1	1	183	729	1	12	-G
A2_BC02.191219_FM1-2_consensus_vsearch	3596	G	*/+A	926	13	1.37%	2	1	93	93	1.1707152287058013E-4	1	1	185	741	0	13	+A
A2_BC02.191219_FM1-2_consensus_vsearch	3598	A	*/-C	901	34	3.59%	2	2	93	93	4.288523930419819E-11	1	1	168	733	14	20	-C
A2_BC02.191219_FM1-2_consensus_vsearch	3599	C	*/+T	888	14	1.54%	2	1	93	93	5.801060049266083E-5	1	1	168	720	0	14	+T
A2_BC02.191219_FM1-2_consensus_vsearch	3600	C	*/+T	902	14	1.48%	2	1	93	93	5.8056015682622736E-5	1	1	186	716	0	14	+T
A2_BC02.191219_FM1-2_consensus_vsearch	3601	C	*/-GCT	856	11	1.16%	2	1	93	93	4.7294522110042395E-4	1	1	182	674	0	11	-GCT
A2_BC02.191219_FM1-2_consensus_vsearch	3603	C	*/+T	894	9	0.96%	2	2	93	93	0.0019143971419615555	1	1	174	720	8	1	+T
A2_BC02.191219_FM1-2_consensus_vsearch	3603	C	*/-T	894	13	1.39%	2	1	93	93	1.1689774927327957E-4	1	1	174	720	0	13	-T
A2_BC02.191219_FM1-2_consensus_vsearch	3604	T	*/-A	840	34	3.69%	2	2	93	93	4.196295003508579E-11	1	1	181	659	2	32	-A
A2_BC02.191219_FM1-2_consensus_vsearch	3606	A	*/+G	884	15	1.59%	2	2	93	93	2.8772762809134463E-5	1	1	160	724	2	13	+G
A2_BC02.191219_FM1-2_consensus_vsearch	3606	A	*/-G	884	12	1.27%	2	2	93	93	2.3525637987669516E-4	1	1	160	724	5	7	+G
A2_BC02.191219_FM1-2_consensus_vsearch	3606	A	*/-GG	884	11	1.16%	2	1	93	93	4.734204228778794E-4	1	1	160	724	11	0	+G
A2_BC02.191219_FM1-2_consensus_vsearch	3608	G	*/-A	905	12	1.29%	2	2	93	93	2.3545743695662624E-4	1	1	157	748	7	5	-A
A2_BC02.191219_FM1-2_consensus_vsearch	3610	G	*/-T	891	21	2.23%	2	1	93	93	4.244237188002658E-7	1	1	181	710	0	21	-T
A2_BC02.191219_FM1-2_consensus_vsearch	3610	G	*/-TGT	891	20	2.13%	2	1	93	93	8.582633825565619E-7	1	1	181	710	0	20	-T
A2_BC02.191219_FM1-2_consensus_vsearch	3613	T	*/-G	667	11	1.2%	2	1	93	93	4.687240267233006E-4	1	1	187	480	0	11	-G
A2_BC02.191219_FM1-2_consensus_vsearch	3613	T	*/-GT	667	197	21.51%	2	2	93	93	1.6116833947463608E-65	1	1	187	480	1	196	-GT
A2_BC02.191219_FM1-2_consensus_vsearch	3613	T	*/-GTA	667	7	0.76%	2	1	93	93	0.007691154004207902	1	1	187	480	0	7	-GT
A2_BC02.191219_FM1-2_consensus_vsearch	3615	T	*/+A	635	19	2.56%	2	2	93	93	1.6704617121389189E-6	1	1	180	455	1	18	+A
A2_BC02.191219_FM1-2_consensus_vsearch	3615	T	*/+GT	635	26	3.5%	2	1	93	93	1.159701952345176E-8	1	1	180	455	0	26	+GT
A2_BC02.191219_FM1-2_consensus_vsearch	3615	T	*/-A	635	16	2.15%	2	2	93	93	1.3899836778779399E-5	1	1	180	455	2	14	+GT
A2_BC02.191219_FM1-2_consensus_vsearch	3617	A	*/+T	913	12	1.27%	2	1	93	93	2.3553165714705623E-4	1	1	187	726	0	12	+T
A2_BC02.191219_FM1-2_consensus_vsearch	3618	C	*/+A	872	13	1.38%	2	1	93	93	1.1677110106128217E-4	1	1	187	685	0	13	+A
A2_BC02.191219_FM1-2_consensus_vsearch	3620	A	*/+C	905	22	2.33%	2	1	93	93	2.1018071002411654E-7	1	1	183	722	0	22	+C
A2_BC02.191219_FM1-2_consensus_vsearch	3620	A	*/-C	905	7	0.74%	2	2	93	93	0.007722751083948114	1	1	183	722	1	6	+C
A2_BC02.191219_FM1-2_consensus_vsearch	3621	C	*/-T	907	20	2.13%	2	1	93	93	8.598430125992703E-7	1	1	189	718	0	20	-T
A2_BC02.191219_FM1-2_consensus_vsearch	3624	A	*/+C	924	9	0.95%	2	2	93	93	0.0019156360330857174	1	1	183	741	1	8	+C
A2_BC02.191219_FM1-2_consensus_vsearch	3626	C	*/-T	928	9	0.95%	2	2	93	93	0.0019157952553783646	1	1	186	742	3	6	-T
A2_BC02.191219_FM1-2_consensus_vsearch	3630	C	*/+A	908	8	0.84%	2	2	93	93	0.003846759564376875	1	1	181	727	7	1	+A
A2_BC02.191219_FM1-2_consensus_vsearch	3630	C	*/+G	908	11	1.16%	2	2	93	93	4.7380490759398736E-4	1	1	181	727	1	10	+G
A2_BC02.191219_FM1-2_consensus_vsearch	3630	C	*/+GG	908	14	1.47%	2	1	93	93	5.8075064580286264E-5	1	1	181	727	0	14	+GG
A2_BC02.191219_FM1-2_consensus_vsearch	3631	G	*/+A	928	11	1.16%	2	2	93	93	4.741104356739531E-4	1	1	182	746	1	10	+A
A2_BC02.191219_FM1-2_consensus_vsearch	3637	A	*/+T	925	15	1.58%	2	1	93	93	2.8847320430673613E-5	1	1	189	736	0	15	+T
A2_BC02.191219_FM1-2_consensus_vsearch	3639	T	*/+C	888	11	1.17%	2	2	93	93	4.734859156032318E-4	1	1	183	705	1	10	+C
A2_BC02.191219_FM1-2_consensus_vsearch	3641	G	*/+C	867	41	4.34%	2	2	93	93	2.865348705310122E-13	1	1	160	707	6	35	+C
A2_BC02.191219_FM1-2_consensus_vsearch	3641	G	*/-C	867	24	2.54%	2	2	93	93	5.094654260029693E-8	1	1	160	707	20	4	+C
A2_BC02.191219_FM1-2_consensus_vsearch	3644	C	*/+T	920	8	0.84%	2	2	93	93	0.0038475261272230853	1	1	185	735	1	7	+T
A2_BC02.191219_FM1-2_consensus_vsearch	3644	C	*/-T	920	17	1.79%	2	2	93	93	7.090748049242584E-6	1	1	185	735	3	14	-T
A2_BC02.191219_FM1-2_consensus_vsearch	3646	G	*/+A	664	22	2.32%	2	2	93	93	2.009332786434768E-7	1	1	187	477	1	21	+A
A2_BC02.191219_FM1-2_consensus_vsearch	3646	G	*/-A	664	253	26.63%	2	2	93	93	1.1164616832350293E-85	1	1	187	477	1	252	-A
A2_BC02.191219_FM1-2_consensus_vsearch	3651	T	*/-G	915	24	2.53%	2	1	93	93	5.136219293034317E-8	1	1	190	725	0	24	-G
A2_BC02.191219_FM1-2_consensus_vsearch	3655	T	*/-G	924	12	1.27%	2	2	93	93	2.3563166245617865E-4	1	1	186	738	1	11	-G
A2_BC02.191219_FM1-2_consensus_vsearch	3659	G	*/+C	905	16	1.7%	2	1	93	93	1.4288506331507581E-5	1	1	189	716	0	16	+C
A2_BC02.191219_FM1-2_consensus_vsearch	3659	G	*/-C	905	18	1.91%	2	1	93	93	3.508487013154618E-6	1	1	189	716	0	18	-C
A2_BC02.191219_FM1-2_consensus_vsearch	3660	C	*/-T	887	36	3.88%	2	1	93	93	1.0275168632036353E-11	1	1	189	698	0	36	-T
A2_BC02.191219_FM1-2_consensus_vsearch	3661	T	*/-C	881	12	1.31%	2	1	93	93	2.3522689492940389E-4	1	1	187	694	0	12	-C
A2_BC02.191219_FM1-2_consensus_vsearch	3662	C	*/+G	814	16	1.71%	2	2	93	93	1.418498610451954E-5	1	1	186	628	2	14	+G
A2_BC02.191219_FM1-2_consensus_vsearch	3662	C	*/+TC	814	7	0.75%	2	1	93	93	0.007712827659971173	1	1	186	628	0	7	+G
A2_BC02.191219_FM1-2_consensus_vsearch	3662	C	*/-A	814	49	5.24%	2	2	93	93	8.81106918984306E-16	1	1	186	628	2	47	-A
A2_BC02.191219_FM1-2_consensus_vsearch	3662	C	*/-AA	814	41	4.38%	2	1	93	93	2.782524620607427E-13	1	1	186	628	0	41	-A
A2_BC02.191219_FM1-2_consensus_vsearch	3665	G	*/+C	875	7	0.74%	2	1	93	93	0.0077197053642341935	1	1	185	690	0	7	+C
A2_BC02.191219_FM1-2_consensus_vsearch	3665	G	*/-C	875	44	4.68%	2	1	93	93	3.355153167876209E-14	1	1	185	690	0	44	-C
A2_BC02.191219_FM1-2_consensus_vsearch	3666	C	*/+T	795	66	7.35%	2	1	93	93	3.711130877485849E-21	1	1	187	608	0	66	+T
A2_BC02.191219_FM1-2_consensus_vsearch	3666	C	*/-G	795	17	1.89%	2	1	93	93	7.010461902889566E-6	1	1	187	608	0	17	+T
A2_BC02.191219_FM1-2_consensus_vsearch	3668	T	*/+A	804	13	1.38%	2	2	93	93	1.1633723036319843E-4	1	1	176	628	9	4	+A
A2_BC02.191219_FM1-2_consensus_vsearch	3668	T	*/-GT	804	39	4.13%	2	2	93	93	1.1600554369869937E-12	1	1	176	628	2	37	-GT
A2_BC02.191219_FM1-2_consensus_vsearch	3672	A	*/-C	913	16	1.69%	2	2	93	93	1.4296660884696007E-5	1	1	179	734	7	9	-C
A2_BC02.191219_FM1-2_consensus_vsearch	3673	C	*/+T	867	39	4.19%	2	1	93	93	1.1977327751937995E-12	1	1	180	687	0	39	+T
A2_BC02.191219_FM1-2_consensus_vsearch	3674	C	*/+T	904	14	1.48%	2	1	93	93	5.806239249238749E-5	1	1	188	716	0	14	+T
A2_BC02.191219_FM1-2_consensus_vsearch	3678	A	*/+C	879	8	0.85%	2	1	93	93	0.0038448217248150908	1	1	184	695	0	8	+C
A2_BC02.191219_FM1-2_consensus_vsearch	3678	A	*/-C	879	45	4.79%	2	2	93	93	1.641449809293759E-14	1	1	184	695	2	43	-C
A2_BC02.191219_FM1-2_consensus_vsearch	3680	C	*/-T	810	68	7.17%	2	1	93	93	8.787918597083914E-22	1	1	190	620	0	68	-T
A2_BC02.191219_FM1-2_consensus_vsearch	3680	C	*/-TC	810	56	5.9%	2	1	93	93	5.537490538918221E-18	1	1	190	620	0	56	-T
A2_BC02.191219_FM1-2_consensus_vsearch	3681	T	*/-C	771	37	4.49%	2	1	93	93	4.772572784724407E-12	1	1	189	582	0	37	-C
A2_BC02.191219_FM1-2_consensus_vsearch	3688	C	*/-A	920	16	1.69%	2	1	93	93	1.4303684540904633E-5	1	1	188	732	0	16	-A
A2_BC02.191219_FM1-2_consensus_vsearch	3689	A	*/-G	903	8	0.86%	2	1	93	93	0.00384643422439463	1	1	185	718	0	8	-G
A2_BC02.191219_FM1-2_consensus_vsearch	3691	C	*/+T	900	11	1.17%	2	1	93	93	4.736789756525757E-4	1	1	187	713	0	11	+T
A2_BC02.191219_FM1-2_consensus_vsearch	3691	C	*/-G	900	7	0.75%	2	2	93	93	0.007722257424555146	1	1	187	713	1	6	+T
A2_BC02.191219_FM1-2_consensus_vsearch	3691	C	*/-GT	900	8	0.85%	2	1	93	93	0.0038462373067776633	1	1	187	713	0	8	-GT
A2_BC02.191219_FM1-2_consensus_vsearch	3692	G	*/+CG	835	9	0.98%	2	1	93	93	0.0019117051906945603	1	1	161	674	0	9	+CG
A2_BC02.191219_FM1-2_consensus_vsearch	3692	G	*/+T	835	13	1.41%	2	2	93	93	1.1654351742569735E-4	1	1	161	674	4	9	+T
A2_BC02.191219_FM1-2_consensus_vsearch	3692	G	*/-T	835	57	6.2%	2	2	93	93	2.754123527475892E-18	1	1	161	674	25	32	-T
A2_BC02.191219_FM1-2_consensus_vsearch	3696	T	*/-C	898	17	1.79%	2	1	93	93	7.078162592151413E-6	1	1	188	710	0	17	-C
A2_BC02.191219_FM1-2_consensus_vsearch	3696	T	*/-CT	898	23	2.43%	2	1	93	93	1.0373379590785783E-7	1	1	188	710	0	23	-CT
A2_BC02.191219_FM1-2_consensus_vsearch	3697	C	*/+T	794	26	2.86%	2	1	93	93	1.21840787907287E-8	1	1	184	610	0	26	+T
A2_BC02.191219_FM1-2_consensus_vsearch	3697	C	*/-T	794	51	5.61%	2	2	93	93	2.0402171005369769E-16	1	1	184	610	2	49	-T
A2_BC02.191219_FM1-2_consensus_vsearch	3697	C	*/-TAC	794	22	2.42%	2	2	93	93	2.0655978862201943E-7	1	1	184	610	2	20	-T
A2_BC02.191219_FM1-2_consensus_vsearch	3698	T	*/+G	824	7	0.82%	2	1	93	93	0.007714024180405764	1	1	184	640	0	7	+G
A2_BC02.191219_FM1-2_consensus_vsearch	3699	A	*/+G	875	8	0.87%	2	1	93	93	0.0038445444845049085	1	1	184	691	0	8	+G
A2_BC02.191219_FM1-2_consensus_vsearch	3699	A	*/-C	875	8	0.87%	2	1	93	93	0.0038445444845049085	1	1	184	691	0	8	+G
A2_BC02.191219_FM1-2_consensus_vsearch	3700	C	*/-AC	878	26	2.83%	2	2	93	93	1.2417474926982842E-8	1	1	163	715	25	1	-AC
A2_BC02.191219_FM1-2_consensus_vsearch	3701	A	*/+T	897	15	1.63%	2	1	93	93	2.8797113441967167E-5	1	1	164	733	0	15	+T
A2_BC02.191219_FM1-2_consensus_vsearch	3708	C	*/-G	916	15	1.58%	2	2	93	93	2.8831504977317458E-5	1	1	173	743	14	1	-G
A2_BC02.191219_FM1-2_consensus_vsearch	3709	G	*/-A	913	12	1.28%	2	2	93	93	2.3553165714705623E-4	1	1	163	750	11	1	-A
A2_BC02.191219_FM1-2_consensus_vsearch	3713	A	*/+G	888	31	3.29%	2	1	93	93	3.600291213254837E-10	1	1	188	700	0	31	+G
A2_BC02.191219_FM1-2_consensus_vsearch	3713	A	*/+GG	888	9	0.95%	2	1	93	93	0.0019141394727237124	1	1	188	700	0	9	+G
A2_BC02.191219_FM1-2_consensus_vsearch	3713	A	*/-G	888	9	0.95%	2	2	93	93	0.0019141394727237124	1	1	188	700	1	8	+G
A2_BC02.191219_FM1-2_consensus_vsearch	3716	C	*/+G	894	36	3.82%	2	1	93	93	1.0302646177461812E-11	1	1	150	744	36	0	+G
A2_BC02.191219_FM1-2_consensus_vsearch	3717	A	*/+G	880	8	0.85%	2	1	93	93	0.0038448906460794847	1	1	146	734	0	8	+G
A2_BC02.191219_FM1-2_consensus_vsearch	3717	A	*/-G	880	40	4.23%	2	2	93	93	5.897162318079232E-13	1	1	146	734	32	8	-G
A2_BC02.191219_FM1-2_consensus_vsearch	3721	G	*/-TG	872	50	5.29%	2	1	93	93	4.487404721690653E-16	1	1	189	683	0	50	-TG
A2_BC02.191219_FM1-2_consensus_vsearch	3721	G	*/-TGG	872	12	1.27%	2	1	93	93	2.351372541570222E-4	1	1	189	683	0	12	-TG
A2_BC02.191219_FM1-2_consensus_vsearch	3722	T	*/+G	833	13	1.47%	2	2	93	93	1.1653065752886734E-4	1	1	186	647	1	12	+G
A2_BC02.191219_FM1-2_consensus_vsearch	3722	T	*/-G	833	27	3.06%	2	2	93	93	6.055824032252831E-9	1	1	186	647	2	25	-G
A2_BC02.191219_FM1-2_consensus_vsearch	3725	A	*/+G	918	10	1.06%	2	2	93	93	9.530508083929172E-4	1	1	175	743	8	2	+G
A2_BC02.191219_FM1-2_consensus_vsearch	3725	A	*/-G	918	9	0.96%	2	2	93	93	0.0019153946365810712	1	1	175	743	5	4	+G
A2_BC02.191219_FM1-2_consensus_vsearch	3726	G	*/+T	902	16	1.71%	2	1	93	93	1.4285412636274062E-5	1	1	175	727	0	16	+T
A2_BC02.191219_FM1-2_consensus_vsearch	3730	G	*/-TG	733	196	20.81%	2	1	93	93	9.873043983818094E-65	1	1	186	547	0	196	-TG
A2_BC02.191219_FM1-2_consensus_vsearch	3731	T	*/+G	720	9	1.21%	2	2	93	93	0.001905214050341201	1	1	187	533	1	8	+G
A2_BC02.191219_FM1-2_consensus_vsearch	3734	A	*/-GA	922	8	0.85%	2	1	93	93	0.0038476519712181086	1	1	179	743	8	0	-GA
A2_BC02.191219_FM1-2_consensus_vsearch	3735	G	*/-AAG	905	11	1.18%	2	2	93	93	4.7375793846653126E-4	1	1	166	739	8	3	-AAG
A2_BC02.191219_FM1-2_consensus_vsearch	3738	G	*/-C	918	7	0.75%	2	2	93	93	0.007724009676382631	1	1	169	749	4	3	-C
A2_BC02.191219_FM1-2_consensus_vsearch	3739	C	*/+T	921	8	0.85%	2	2	93	93	0.0038475891167196936	1	1	179	742	1	7	+T
A2_BC02.191219_FM1-2_consensus_vsearch	3742	A	*/-G	909	29	3.05%	2	2	93	93	1.4951588795982218E-9	1	1	181	728	3	26	-G
A2_BC02.191219_FM1-2_consensus_vsearch	3749	G	*/-A	911	27	2.86%	2	1	93	93	6.162635099651754E-9	1	1	163	748	27	0	-A
A2_BC02.191219_FM1-2_consensus_vsearch	3752	G	*/-C	912	24	2.53%	2	2	93	93	5.133738516921481E-8	1	1	185	727	5	19	-C
A2_BC02.191219_FM1-2_consensus_vsearch	3752	G	*/-CCG	912	7	0.74%	2	1	93	93	0.007723433202456529	1	1	185	727	0	7	-C
A2_BC02.191219_FM1-2_consensus_vsearch	3754	C	*/+G	844	8	0.85%	2	2	93	93	0.003842307948026751	1	1	190	654	1	7	+G
A2_BC02.191219_FM1-2_consensus_vsearch	3754	C	*/-G	844	46	4.87%	2	1	93	93	7.824219140884137E-15	1	1	190	654	0	46	-G
A2_BC02.191219_FM1-2_consensus_vsearch	3754	C	*/-GG	844	15	1.59%	2	1	93	93	2.8693318962899205E-5	1	1	190	654	0	15	-G
A2_BC02.191219_FM1-2_consensus_vsearch	3756	G	*/+A	905	7	0.75%	2	1	93	93	0.007722751083948114	1	1	182	723	7	0	+A
A2_BC02.191219_FM1-2_consensus_vsearch	3758	T	*/+G	831	11	1.17%	2	2	93	93	4.7249450022222243E-4	1	1	178	653	6	5	+G
A2_BC02.191219_FM1-2_consensus_vsearch	3758	T	*/-A	831	18	1.91%	2	2	93	93	3.4827260668261324E-6	1	1	178	653	3	15	-A
A2_BC02.191219_FM1-2_consensus_vsearch	3760	G	*/+A	924	8	0.85%	2	1	93	93	0.003847777276985537	1	1	185	739	0	8	+A
A2_BC02.191219_FM1-2_consensus_vsearch	3763	C	*/+G	914	7	0.74%	2	1	93	93	0.007723626193207946	1	1	177	737	0	7	+G
A2_BC02.191219_FM1-2_consensus_vsearch	3763	C	*/-G	914	9	0.95%	2	2	93	93	0.0019152319710892002	1	1	177	737	3	6	-G
A2_BC02.191219_FM1-2_consensus_vsearch	3766	C	*/+A	914	9	0.95%	2	1	93	93	0.0019152319710892002	1	1	172	742	9	0	+A
A2_BC02.191219_FM1-2_consensus_vsearch	3766	C	*/-GC	914	7	0.74%	2	2	93	93	0.007723626193207946	1	1	172	742	1	6	+A
A2_BC02.191219_FM1-2_consensus_vsearch	3767	G	*/+C	910	9	0.96%	2	1	93	93	0.0019150678969845438	1	1	178	732	0	9	+C
A2_BC02.191219_FM1-2_consensus_vsearch	3768	C	*/+T	840	10	1.07%	2	1	93	93	9.509098580698153E-4	1	1	185	655	0	10	+T
A2_BC02.191219_FM1-2_consensus_vsearch	3768	C	*/-T	840	79	8.42%	2	2	93	93	2.8701181757288766E-25	1	1	185	655	2	77	-T
A2_BC02.191219_FM1-2_consensus_vsearch	3770	C	*/-T	910	26	2.75%	2	2	93	93	1.2496203740652227E-8	1	1	187	723	2	24	-T
A2_BC02.191219_FM1-2_consensus_vsearch	3773	G	*/-T	908	7	0.74%	2	1	93	93	0.007723044695629286	1	1	189	719	0	7	-T
A2_BC02.191219_FM1-2_consensus_vsearch	3773	G	*/-TG	908	26	2.75%	2	1	93	93	1.249142929386762E-8	1	1	189	719	0	26	-TG
A2_BC02.191219_FM1-2_consensus_vsearch	3776	C	*/+G	919	13	1.38%	2	1	93	93	1.1703451483829207E-4	1	1	177	742	13	0	+G
A2_BC02.191219_FM1-2_consensus_vsearch	3777	A	*/-G	923	10	1.06%	2	2	93	93	9.531759259913677E-4	1	1	178	745	9	1	-G
A2_BC02.191219_FM1-2_consensus_vsearch	3781	C	*/-T	910	31	3.26%	2	2	93	93	3.6223727825480366E-10	1	1	189	721	1	30	-T
A2_BC02.191219_FM1-2_consensus_vsearch	3783	T	*/-G	882	45	4.75%	2	1	93	93	1.644441153750023E-14	1	1	187	695	0	45	-G
A2_BC02.191219_FM1-2_consensus_vsearch	3786	T	*/-G	866	7	0.74%	2	1	93	93	0.007718750923916744	1	1	187	679	0	7	-G
A2_BC02.191219_FM1-2_consensus_vsearch	3786	T	*/-GGT	866	47	4.99%	2	2	93	93	3.8702372226008816E-15	1	1	187	679	1	46	-GGT
A2_BC02.191219_FM1-2_consensus_vsearch	3791	G	*/-TAG	905	29	3.06%	2	2	93	93	1.4937304350840276E-9	1	1	180	725	6	23	-TAG
A2_BC02.191219_FM1-2_consensus_vsearch	3795	C	*/+A	833	18	1.91%	2	2	93	93	3.48347913018583E-6	1	1	188	645	1	17	+A
A2_BC02.191219_FM1-2_consensus_vsearch	3795	C	*/-A	833	78	8.27%	2	2	93	93	5.913102081796272E-25	1	1	188	645	1	77	-A
A2_BC02.191219_FM1-2_consensus_vsearch	3803	C	*/-A	897	14	1.48%	2	2	93	93	5.8039953349657536E-5	1	1	177	720	6	8	-A
A2_BC02.191219_FM1-2_consensus_vsearch	3803	C	*/-AA	897	27	2.85%	2	2	93	93	6.14468115623368E-9	1	1	177	720	1	26	-AA
A2_BC02.191219_FM1-2_consensus_vsearch	3806	G	*/-T	914	15	1.58%	2	1	93	93	2.8827949683336962E-5	1	1	185	729	0	15	-T
A2_BC02.191219_FM1-2_consensus_vsearch	3806	G	*/-TG	914	10	1.06%	2	2	93	93	9.529497463124481E-4	1	1	185	729	1	9	-T
A2_BC02.191219_FM1-2_consensus_vsearch	3807	T	*/+G	845	24	2.6%	2	1	93	93	5.074172756546295E-8	1	1	187	658	0	24	+G
A2_BC02.191219_FM1-2_consensus_vsearch	3809	A	*/+G	924	9	0.95%	2	2	93	93	0.0019156360330857174	1	1	179	745	6	3	+G
A2_BC02.191219_FM1-2_consensus_vsearch	3812	A	*/-C	916	23	2.43%	2	2	93	93	1.040140479098459E-7	1	1	174	742	9	14	-C
A2_BC02.191219_FM1-2_consensus_vsearch	3814	C	*/+T	812	81	8.52%	2	1	93	93	6.183279626561261E-26	1	1	179	633	0	81	+T
A2_BC02.191219_FM1-2_consensus_vsearch	3814	C	*/-T	812	39	4.1%	2	2	93	93	1.1650861091805533E-12	1	1	179	633	2	37	+T
A2_BC02.191219_FM1-2_consensus_vsearch	3814	C	*/-TT	812	10	1.05%	2	2	93	93	9.500429985585947E-4	1	1	179	633	8	2	+T
A2_BC02.191219_FM1-2_consensus_vsearch	3816	T	*/+G	902	19	2.02%	2	2	93	93	1.7366132713178095E-6	1	1	179	723	1	18	+G
A2_BC02.191219_FM1-2_consensus_vsearch	3823	T	*/+G	866	31	3.28%	2	2	93	93	3.5772524326807925E-10	1	1	183	683	4	27	+G
A2_BC02.191219_FM1-2_consensus_vsearch	3823	T	*/-G	866	7	0.74%	2	2	93	93	0.007718750923916744	1	1	183	683	1	6	+G
A2_BC02.191219_FM1-2_consensus_vsearch	3827	G	*/-T	911	18	1.9%	2	1	93	93	3.510401709416741E-6	1	1	189	722	0	18	-T
A2_BC02.191219_FM1-2_consensus_vsearch	3827	G	*/-TG	911	10	1.06%	2	1	93	93	9.528733777801732E-4	1	1	189	722	0	10	-T
A2_BC02.191219_FM1-2_consensus_vsearch	3828	T	*/+G	779	13	1.41%	2	1	93	93	1.1615930705409094E-4	1	1	186	593	0	13	+G
A2_BC02.191219_FM1-2_consensus_vsearch	3828	T	*/-G	779	87	9.45%	2	2	93	93	6.646276711646162E-28	1	1	186	593	2	85	-G
A2_BC02.191219_FM1-2_consensus_vsearch	3835	T	*/-G	929	10	1.05%	2	1	93	93	9.533243206025175E-4	1	1	189	740	0	10	-G
A2_BC02.191219_FM1-2_consensus_vsearch	3837	G	*/-T	932	12	1.26%	2	1	93	93	2.3570294663097615E-4	1	1	186	746	0	12	-T
A2_BC02.191219_FM1-2_consensus_vsearch	3838	T	*/+C	920	8	0.85%	2	1	93	93	0.0038475261272230853	1	1	190	730	0	8	+C
A2_BC02.191219_FM1-2_consensus_vsearch	3839	T	*/-C	928	10	1.05%	2	2	93	93	9.532997190797103E-4	1	1	186	742	1	9	-C
A2_BC02.191219_FM1-2_consensus_vsearch	3843	T	*/-G	927	9	0.95%	2	2	93	93	0.001915755576731505	1	1	188	739	2	7	-G
A2_BC02.191219_FM1-2_consensus_vsearch	3846	T	*/-A	924	10	1.05%	2	1	93	93	9.532007898985776E-4	1	1	189	735	0	10	-A
A2_BC02.191219_FM1-2_consensus_vsearch	3856	T	*/-G	868	75	7.89%	2	1	93	93	5.718417176073165E-24	1	1	191	677	0	75	-G
A2_BC02.191219_FM1-2_consensus_vsearch	3861	A	*/-T	913	9	0.95%	2	2	93	93	0.0019151910853385365	1	1	185	728	1	8	-T
A2_BC02.191219_FM1-2_consensus_vsearch	3861	A	*/-TG	913	8	0.85%	2	2	93	93	0.0038470813845085643	1	1	185	728	3	5	-T
A2_BC02.191219_FM1-2_consensus_vsearch	3862	T	*/+G	832	26	2.8%	2	2	93	93	1.2294857153251564E-8	1	1	174	658	1	25	+G
A2_BC02.191219_FM1-2_consensus_vsearch	3862	T	*/-G	832	44	4.75%	2	2	93	93	3.2672658235145863E-14	1	1	174	658	9	35	-G
A2_BC02.191219_FM1-2_consensus_vsearch	3863	G	*/+C	872	8	0.9%	2	2	93	93	0.0038443349064707214	1	1	177	695	1	7	+C
A2_BC02.191219_FM1-2_consensus_vsearch	3864	G	*/+A	921	9	0.95%	2	1	93	93	0.0019155157221715682	1	1	176	745	9	0	+A
A2_BC02.191219_FM1-2_consensus_vsearch	3867	G	*/+A	913	21	2.22%	2	1	93	93	4.2560241167798906E-7	1	1	182	731	0	21	+A
A2_BC02.191219_FM1-2_consensus_vsearch	3870	C	*/+T	935	11	1.16%	2	1	93	93	4.742143462357948E-4	1	1	189	746	0	11	+T
A2_BC02.191219_FM1-2_consensus_vsearch	3871	C	*/+G	782	57	5.99%	2	1	93	93	2.5926211792526845E-18	1	1	189	593	0	57	+G
A2_BC02.191219_FM1-2_consensus_vsearch	3873	A	*/-T	935	7	0.74%	2	1	93	93	0.007725603224861104	1	1	189	746	0	7	-T
A2_BC02.191219_FM1-2_consensus_vsearch	3874	T	*/+C	861	12	1.27%	2	2	93	93	2.3502521459288793E-4	1	1	119	742	8	4	+C
A2_BC02.191219_FM1-2_consensus_vsearch	3874	T	*/-C	861	63	6.69%	2	2	93	93	3.630588820062837E-20	1	1	119	742	61	2	-C
A2_BC02.191219_FM1-2_consensus_vsearch	3875	C	*/+T	869	7	0.79%	2	1	93	93	0.007719071244766444	1	1	127	742	0	7	+T
A2_BC02.191219_FM1-2_consensus_vsearch	3876	C	*/-T	916	22	2.32%	2	2	93	93	2.1049527539376957E-7	1	1	187	729	3	19	-T
A2_BC02.191219_FM1-2_consensus_vsearch	3877	T	*/-A	846	13	1.4%	2	2	93	93	1.1661319323733213E-4	1	1	172	674	12	1	-A
A2_BC02.191219_FM1-2_consensus_vsearch	3881	A	*/-GA	918	17	1.79%	2	1	93	93	7.089627702944009E-6	1	1	182	736	0	17	-GA
A2_BC02.191219_FM1-2_consensus_vsearch	3885	A	*/+G	445	463	48.99%	2	2	93	93	4.0198566990372616E-175	1	1	97	348	76	387	+G
A2_BC02.191219_FM1-2_consensus_vsearch	3885	A	*/-G	445	19	2.01%	2	2	93	93	1.5804124119492367E-6	1	1	97	348	12	7	+G
A2_BC02.191219_FM1-2_consensus_vsearch	3886	G	*/+A	916	7	0.76%	2	1	93	93	0.007723818349377671	1	1	167	749	7	0	+A
A2_BC02.191219_FM1-2_consensus_vsearch	3887	G	*/-A	921	21	2.22%	2	2	93	93	4.2601800433635394E-7	1	1	171	750	20	1	-A
A2_BC02.191219_FM1-2_consensus_vsearch	3890	G	*/+T	914	18	1.9%	2	2	93	93	3.5113501114401818E-6	1	1	188	726	1	17	+T
A2_BC02.191219_FM1-2_consensus_vsearch	3891	C	+T/+T	69	822	87.35%	2	2	93	93	0.0	1	1	9	60	179	643	+T
A2_BC02.191219_FM1-2_consensus_vsearch	3893	C	*/+T	876	10	1.05%	2	1	93	93	9.519444823528984E-4	1	1	189	687	0	10	+T
A2_BC02.191219_FM1-2_consensus_vsearch	3893	C	*/-G	876	9	0.95%	2	1	93	93	0.0019136137097030166	1	1	189	687	0	9	+T
A2_BC02.191219_FM1-2_consensus_vsearch	3894	G	*/-T	876	31	3.32%	2	2	93	93	3.5878471752018243E-10	1	1	182	694	2	29	-T
A2_BC02.191219_FM1-2_consensus_vsearch	3894	G	*/-TT	876	7	0.75%	2	1	93	93	0.007719810214918796	1	1	182	694	0	7	-T
A2_BC02.191219_FM1-2_consensus_vsearch	3897	T	*/+C	904	20	2.11%	2	2	93	93	8.595508248245577E-7	1	1	186	718	4	16	+C
A2_BC02.191219_FM1-2_consensus_vsearch	3897	T	*/-C	904	9	0.95%	2	1	93	93	0.0019148191043671528	1	1	186	718	0	9	+C
A2_BC02.191219_FM1-2_consensus_vsearch	3898	C	*/+A	853	28	2.98%	2	2	93	93	2.9957823973654336E-9	1	1	173	680	4	24	+A
A2_BC02.191219_FM1-2_consensus_vsearch	3898	C	*/-A	853	19	2.02%	2	2	93	93	1.7273881514348416E-6	1	1	173	680	5	14	+A
A2_BC02.191219_FM1-2_consensus_vsearch	3898	C	*/-AA	853	20	2.13%	2	2	93	93	8.542899568423818E-7	1	1	173	680	7	13	-AA
A2_BC02.191219_FM1-2_consensus_vsearch	3902	G	*/-C	928	14	1.48%	2	1	93	93	5.813683861417211E-5	1	1	187	741	0	14	-C
A2_BC02.191219_FM1-2_consensus_vsearch	3903	C	*/-GC	917	8	0.86%	2	2	93	93	0.003847336344513878	1	1	184	733	2	6	-GC
A2_BC02.191219_FM1-2_consensus_vsearch	3905	C	*/+A	882	8	0.85%	2	1	93	93	0.003845028025670628	1	1	178	704	0	8	+A
A2_BC02.191219_FM1-2_consensus_vsearch	3905	C	*/+GC	882	16	1.7%	2	2	93	93	1.4264273082595897E-5	1	1	178	704	1	15	+GC
A2_BC02.191219_FM1-2_consensus_vsearch	3905	C	*/-AC	882	11	1.17%	2	2	93	93	4.733874586156286E-4	1	1	178	704	4	7	+GC
A2_BC02.191219_FM1-2_consensus_vsearch	3906	A	*/+T	875	34	3.64%	2	1	93	93	4.2505129545253546E-11	1	1	180	695	0	34	+T
A2_BC02.191219_FM1-2_consensus_vsearch	3906	A	*/-C	875	7	0.75%	2	1	93	93	0.0077197053642341935	1	1	180	695	0	7	+T
A2_BC02.191219_FM1-2_consensus_vsearch	3907	C	*/+A	870	11	1.19%	2	1	93	93	4.7318656077560407E-4	1	1	181	689	0	11	+A
A2_BC02.191219_FM1-2_consensus_vsearch	3907	C	*/+G	870	9	0.97%	2	1	93	93	0.0019133454743960469	1	1	181	689	0	9	+A
A2_BC02.191219_FM1-2_consensus_vsearch	3908	G	*/+C	906	7	0.75%	2	2	93	93	0.007722849168386563	1	1	185	721	1	6	+C
A2_BC02.191219_FM1-2_consensus_vsearch	3908	G	*/-C	906	16	1.71%	2	1	93	93	1.4289533199343964E-5	1	1	185	721	0	16	-C
A2_BC02.191219_FM1-2_consensus_vsearch	3909	C	*/-T	866	12	1.3%	2	2	93	93	2.3507648536422383E-4	1	1	181	685	6	6	-T
A2_BC02.191219_FM1-2_consensus_vsearch	3911	T	*/+CT	916	9	0.95%	2	1	93	93	0.00191531347878556	1	1	187	729	0	9	+CT
A2_BC02.191219_FM1-2_consensus_vsearch	3914	T	*/-C	918	11	1.16%	2	1	93	93	4.7395930077834606E-4	1	1	188	730	0	11	-C
A2_BC02.191219_FM1-2_consensus_vsearch	3915	C	*/+A	896	27	2.88%	2	2	93	93	6.143379623388493E-9	1	1	167	729	23	4	+A
A2_BC02.191219_FM1-2_consensus_vsearch	3916	G	*/+C	898	9	0.95%	2	1	93	93	0.0019145670375633362	1	1	164	734	0	9	+C
A2_BC02.191219_FM1-2_consensus_vsearch	3921	G	*/-C	921	9	0.96%	2	1	93	93	0.0019155157221715682	1	1	175	746	9	0	-C
A2_BC02.191219_FM1-2_consensus_vsearch	3922	C	*/+T	882	33	3.54%	2	1	93	93	8.678266328594223E-11	1	1	178	704	0	33	+T
A2_BC02.191219_FM1-2_consensus_vsearch	3923	C	*/+T	891	14	1.48%	2	2	93	93	5.802044848045088E-5	1	1	186	705	1	13	+T
A2_BC02.191219_FM1-2_consensus_vsearch	3923	C	*/-T	891	19	2.01%	2	1	93	93	1.7346255489852325E-6	1	1	186	705	0	19	-T
A2_BC02.191219_FM1-2_consensus_vsearch	3927	C	*/+G	924	7	0.74%	2	1	93	93	0.0077245787361126	1	1	185	739	0	7	+G
A2_BC02.191219_FM1-2_consensus_vsearch	3928	G	*/+A	876	21	2.21%	2	2	93	93	4.235885127969079E-7	1	1	134	742	16	5	+A
A2_BC02.191219_FM1-2_consensus_vsearch	3928	G	*/-A	876	27	2.85%	2	2	93	93	6.116795029601827E-9	1	1	134	742	25	2	-A
A2_BC02.191219_FM1-2_consensus_vsearch	3928	G	*/-AA	876	15	1.58%	2	2	93	93	2.8757432286830514E-5	1	1	134	742	11	4	-A
A2_BC02.191219_FM1-2_consensus_vsearch	3931	A	*/+G	722	13	1.37%	2	2	93	93	1.1570921387514841E-4	1	1	97	625	2	11	+G
A2_BC02.191219_FM1-2_consensus_vsearch	3931	A	*/-G	722	196	20.65%	2	2	93	93	8.453387007362149E-65	1	1	97	625	84	112	-G
A2_BC02.191219_FM1-2_consensus_vsearch	3931	A	*/-GG	722	8	0.84%	2	2	93	93	0.0038316696305690117	1	1	97	625	5	3	-G
A2_BC02.191219_FM1-2_consensus_vsearch	3934	G	*/+A	872	50	5.26%	2	1	93	93	4.487404721690653E-16	1	1	188	684	0	50	+A
A2_BC02.191219_FM1-2_consensus_vsearch	3939	T	*/-C	919	7	0.74%	2	2	93	93	0.007724105030664168	1	1	189	730	2	5	-C
A2_BC02.191219_FM1-2_consensus_vsearch	3940	C	*/+A	923	8	0.85%	2	2	93	93	0.003847714691173612	1	1	188	735	1	7	+A
A2_BC02.191219_FM1-2_consensus_vsearch	3943	T	*/+A	812	12	1.27%	2	2	93	93	2.344902692291286E-4	1	1	150	662	8	4	+A
A2_BC02.191219_FM1-2_consensus_vsearch	3943	T	*/-A	812	107	11.32%	2	2	93	93	2.325376629986086E-34	1	1	150	662	29	78	-A
A2_BC02.191219_FM1-2_consensus_vsearch	3947	A	*/-T	934	8	0.84%	2	1	93	93	0.003848395852552145	1	1	190	744	0	8	-T
A2_BC02.191219_FM1-2_consensus_vsearch	3948	T	*/+C	903	18	1.92%	2	1	93	93	3.5078434184749024E-6	1	1	190	713	0	18	+C
A2_BC02.191219_FM1-2_consensus_vsearch	3949	T	*/-C	786	141	14.89%	2	1	93	93	1.1229568632745718E-45	1	1	190	596	0	141	-C
A2_BC02.191219_FM1-2_consensus_vsearch	3950	C	*/-G	787	9	1.11%	2	2	93	93	0.0019092225139036838	1	1	188	599	1	8	-G
A2_BC02.191219_FM1-2_consensus_vsearch	3956	T	*/-C	928	7	0.74%	2	2	93	93	0.00772495406052163	1	1	187	741	2	5	-C
A2_BC02.191219_FM1-2_consensus_vsearch	3957	C	*/-G	896	29	3.08%	2	1	93	93	1.490475661742724E-9	1	1	186	710	0	29	-G
A2_BC02.191219_FM1-2_consensus_vsearch	3957	C	*/-GG	896	8	0.85%	2	2	93	93	0.0038459727242479073	1	1	186	710	1	7	-G
A2_BC02.191219_FM1-2_consensus_vsearch	3960	G	*/-A	935	10	1.05%	2	2	93	93	9.534708439531755E-4	1	1	185	750	6	4	-A
A2_BC02.191219_FM1-2_consensus_vsearch	3961	A	*/-T	920	15	1.6%	2	2	93	93	2.8838570879323012E-5	1	1	184	736	1	14	-T
A2_BC02.191219_FM1-2_consensus_vsearch	3962	T	*/+C	897	12	1.28%	2	1	93	93	2.3538192603332825E-4	1	1	190	707	0	12	+C
A2_BC02.191219_FM1-2_consensus_vsearch	3963	T	*/+C	875	33	3.47%	2	1	93	93	8.658275827766577E-11	1	1	155	720	33	0	+C
A2_BC02.191219_FM1-2_consensus_vsearch	3963	T	*/-C	875	33	3.47%	2	2	93	93	8.658275827766577E-11	1	1	155	720	3	30	+C
A2_BC02.191219_FM1-2_consensus_vsearch	3964	C	*/+G	643	7	0.76%	2	1	93	93	0.007686687437087838	1	1	187	456	0	7	+G
A2_BC02.191219_FM1-2_consensus_vsearch	3964	C	*/-G	643	264	28.82%	2	1	93	93	5.711990228171143E-90	1	1	187	456	0	264	-G
A2_BC02.191219_FM1-2_consensus_vsearch	3966	G	*/-A	920	26	2.73%	2	1	93	93	1.2519795734668074E-8	1	1	163	757	26	0	-A
A2_BC02.191219_FM1-2_consensus_vsearch	3967	A	*/+C	889	17	1.84%	2	1	93	93	7.072842933471652E-6	1	1	163	726	0	17	+C
A2_BC02.191219_FM1-2_consensus_vsearch	3967	A	*/+T	889	9	0.97%	2	1	93	93	0.0019141826554272682	1	1	163	726	0	9	+C
A2_BC02.191219_FM1-2_consensus_vsearch	3969	T	*/+C	867	7	0.74%	2	2	93	93	0.007718857941316157	1	1	188	679	2	5	+C
A2_BC02.191219_FM1-2_consensus_vsearch	3969	T	*/-C	867	69	7.26%	2	1	93	93	4.611714849094378E-22	1	1	188	679	0	69	-C
A2_BC02.191219_FM1-2_consensus_vsearch	3970	C	*/+T	186	630	71.59%	2	2	93	93	5.431915340273922E-283	1	1	6	180	183	447	+T
A2_BC02.191219_FM1-2_consensus_vsearch	3970	C	*/+TT	186	8	0.91%	2	1	93	93	0.0036291041675517713	1	1	6	180	0	8	+T
A2_BC02.191219_FM1-2_consensus_vsearch	3974	C	*/-G	925	9	0.95%	2	1	93	93	0.0019156759658551556	1	1	186	739	0	9	-G
A2_BC02.191219_FM1-2_consensus_vsearch	3982	T	*/+GT	866	10	1.07%	2	1	93	93	9.516655526071893E-4	1	1	178	688	0	10	+GT
A2_BC02.191219_FM1-2_consensus_vsearch	3982	T	*/-A	866	40	4.26%	2	2	93	93	5.856933536931707E-13	1	1	178	688	1	39	-A
A2_BC02.191219_FM1-2_consensus_vsearch	3987	G	*/-A	926	8	0.85%	2	2	93	93	0.003847902048042157	1	1	182	744	6	2	-A
A2_BC02.191219_FM1-2_consensus_vsearch	3989	A	*/+T	882	28	2.95%	2	1	93	93	3.016984631537394E-9	1	1	177	705	0	28	+T
A2_BC02.191219_FM1-2_consensus_vsearch	3990	C	*/+T	863	9	0.95%	2	1	93	93	0.0019130278935057213	1	1	163	700	0	9	+T
A2_BC02.191219_FM1-2_consensus_vsearch	3990	C	*/-T	863	37	3.92%	2	2	93	93	4.9872788271702326E-12	1	1	163	700	5	32	-T
A2_BC02.191219_FM1-2_consensus_vsearch	3990	C	*/-TT	863	22	2.33%	2	2	93	93	2.089116233823934E-7	1	1	163	700	21	1	-T
A2_BC02.191219_FM1-2_consensus_vsearch	3992	T	*/+A	582	7	0.75%	2	1	93	93	0.007673702245629301	1	1	151	431	7	0	+A
A2_BC02.191219_FM1-2_consensus_vsearch	3992	T	*/+G	582	12	1.29%	2	2	93	93	2.3082155254131308E-4	1	1	151	431	1	11	+G
A2_BC02.191219_FM1-2_consensus_vsearch	3992	T	*/-G	582	294	31.68%	2	2	93	93	3.8373292152869215E-102	1	1	151	431	2	292	-G
A2_BC02.191219_FM1-2_consensus_vsearch	3992	T	*/-GG	582	9	0.97%	2	2	93	93	0.0018941173119931185	1	1	151	431	3	6	-G
A2_BC02.191219_FM1-2_consensus_vsearch	3995	G	*/+A	920	7	0.74%	2	2	93	93	0.007724200179668666	1	1	189	731	1	6	+A
A2_BC02.191219_FM1-2_consensus_vsearch	3997	A	*/+T	911	11	1.17%	2	1	93	93	4.7385157392025866E-4	1	1	190	721	0	11	+T
A2_BC02.191219_FM1-2_consensus_vsearch	3999	G	*/-C	910	7	0.75%	2	1	93	93	0.007723239371763503	1	1	183	727	0	7	-C
A2_BC02.191219_FM1-2_consensus_vsearch	3999	G	*/-CCG	910	11	1.17%	2	1	93	93	4.738360519402493E-4	1	1	183	727	0	11	-CCG
A2_BC02.191219_FM1-2_consensus_vsearch	4004	C	*/+G	908	7	0.74%	2	1	93	93	0.007723044695629286	1	1	190	718	0	7	+G
A2_BC02.191219_FM1-2_consensus_vsearch	4004	C	*/-G	908	13	1.38%	2	1	93	93	1.1697523936757933E-4	1	1	190	718	0	13	-G
A2_BC02.191219_FM1-2_consensus_vsearch	4006	G	*/-CGG	914	25	2.63%	2	2	93	93	2.534865508696191E-8	1	1	184	730	6	19	-CGG
A2_BC02.191219_FM1-2_consensus_vsearch	4007	C	*/+A	870	7	0.76%	2	2	93	93	0.007719177532481959	1	1	165	705	1	6	+A
A2_BC02.191219_FM1-2_consensus_vsearch	4007	C	*/+G	870	19	2.07%	2	2	93	93	1.7306994703952713E-6	1	1	165	705	16	3	+G
A2_BC02.191219_FM1-2_consensus_vsearch	4007	C	*/-G	870	14	1.52%	2	1	93	93	5.795013472095772E-5	1	1	165	705	0	14	+G
A2_BC02.191219_FM1-2_consensus_vsearch	4010	T	*/-C	833	110	11.57%	2	1	93	93	2.631451556349531E-35	1	1	78	755	110	0	-C
A2_BC02.191219_FM1-2_consensus_vsearch	4012	C	*/+G	704	10	1.05%	2	2	93	93	9.460683973388946E-4	1	1	125	579	1	9	+G
A2_BC02.191219_FM1-2_consensus_vsearch	4012	C	*/-G	704	169	17.81%	2	2	93	93	1.6226615602084486E-55	1	1	125	579	17	152	-G
A2_BC02.191219_FM1-2_consensus_vsearch	4012	C	*/-GG	704	11	1.16%	2	2	93	93	4.697239523519294E-4	1	1	125	579	1	10	-G
A2_BC02.191219_FM1-2_consensus_vsearch	4016	G	*/-A	915	21	2.21%	2	2	93	93	4.257069450847509E-7	1	1	161	754	18	3	-A
A2_BC02.191219_FM1-2_consensus_vsearch	4019	T	*/+G	888	18	1.9%	2	2	93	93	3.5029288957204712E-6	1	1	158	730	16	2	+G
A2_BC02.191219_FM1-2_consensus_vsearch	4019	T	*/-A	888	13	1.37%	2	2	93	93	1.1686381305958546E-4	1	1	158	730	3	10	+G
A2_BC02.191219_FM1-2_consensus_vsearch	4020	A	*/-G	873	29	3.09%	2	2	93	93	1.4818922526358185E-9	1	1	173	700	8	21	-G
A2_BC02.191219_FM1-2_consensus_vsearch	4020	A	*/-GTTA	873	10	1.07%	2	2	93	93	9.518614618535381E-4	1	1	173	700	1	9	-G
A2_BC02.191219_FM1-2_consensus_vsearch	4021	G	*/-T	861	10	1.1%	2	2	93	93	9.515237040791878E-4	1	1	144	717	5	5	-T
A2_BC02.191219_FM1-2_consensus_vsearch	4025	T	*/-C	926	13	1.37%	2	1	93	93	1.1707152287058013E-4	1	1	191	735	0	13	-C
A2_BC02.191219_FM1-2_consensus_vsearch	4026	C	*/+T	669	94	10.06%	2	2	93	93	2.382711443216088E-30	1	1	152	517	22	72	+T
A2_BC02.191219_FM1-2_consensus_vsearch	4026	C	*/+TT	669	22	2.36%	2	2	93	93	2.0118609095309555E-7	1	1	152	517	1	21	+T
A2_BC02.191219_FM1-2_consensus_vsearch	4026	C	*/-T	669	137	14.67%	2	2	93	93	1.0301994531501156E-44	1	1	152	517	16	121	-T
A2_BC02.191219_FM1-2_consensus_vsearch	4034	C	*/+T	902	12	1.27%	2	1	93	93	2.3542927341714233E-4	1	1	184	718	0	12	+T
A2_BC02.191219_FM1-2_consensus_vsearch	4034	C	*/-T	902	24	2.54%	2	2	93	93	5.1253605400331375E-8	1	1	184	718	2	22	-T
A2_BC02.191219_FM1-2_consensus_vsearch	4039	C	*/+G	922	12	1.26%	2	1	93	93	2.3561365283534738E-4	1	1	184	738	0	12	+G
A2_BC02.191219_FM1-2_consensus_vsearch	4039	C	*/-G	922	8	0.84%	2	2	93	93	0.0038476519712181086	1	1	184	738	3	5	+G
A2_BC02.191219_FM1-2_consensus_vsearch	4041	G	*/-C	929	7	0.74%	2	1	93	93	0.007725047391454701	1	1	177	752	7	0	-C
A2_BC02.191219_FM1-2_consensus_vsearch	4050	C	*/+T	806	28	2.96%	2	2	93	93	2.9586008122841097E-9	1	1	183	623	1	27	+T
A2_BC02.191219_FM1-2_consensus_vsearch	4050	C	*/-T	806	108	11.42%	2	2	93	93	1.069812464822924E-34	1	1	183	623	4	104	-T
A2_BC02.191219_FM1-2_consensus_vsearch	4057	T	*/+C	921	14	1.48%	2	2	93	93	5.8115513086038685E-5	1	1	177	744	11	3	+C
A2_BC02.191219_FM1-2_consensus_vsearch	4058	C	*/+G	893	7	0.74%	2	2	93	93	0.007721557107154521	1	1	186	707	1	6	+G
A2_BC02.191219_FM1-2_consensus_vsearch	4058	C	*/-G	893	42	4.43%	2	1	93	93	1.419786436232397E-13	1	1	186	707	0	42	-G
A2_BC02.191219_FM1-2_consensus_vsearch	4064	A	*/-T	930	9	0.95%	2	1	93	93	0.001915874360429123	1	1	189	741	0	9	-T
A2_BC02.191219_FM1-2_consensus_vsearch	4065	T	*/-C	895	37	3.94%	2	2	93	93	5.053691415285049E-12	1	1	167	728	20	17	-C
A2_BC02.191219_FM1-2_consensus_vsearch	4067	C	*/+G	686	10	1.05%	2	1	93	93	9.452871770742829E-4	1	1	187	499	0	10	+G
A2_BC02.191219_FM1-2_consensus_vsearch	4067	C	*/-G	686	221	23.31%	2	1	93	93	6.6924744787381744E-74	1	1	187	499	0	221	-G
A2_BC02.191219_FM1-2_consensus_vsearch	4069	G	*/-A	923	16	1.69%	2	1	93	93	1.4306663396075586E-5	1	1	174	749	16	0	-A
A2_BC02.191219_FM1-2_consensus_vsearch	4073	T	*/+A	839	7	0.75%	2	2	93	93	0.007715766050601118	1	1	157	682	6	1	+A
A2_BC02.191219_FM1-2_consensus_vsearch	4073	T	*/-A	839	63	6.71%	2	2	93	93	3.531567079532222E-20	1	1	157	682	28	35	-A
A2_BC02.191219_FM1-2_consensus_vsearch	4075	A	*/-G	903	10	1.06%	2	2	93	93	9.526672924354003E-4	1	1	187	716	2	8	-G
A2_BC02.191219_FM1-2_consensus_vsearch	4076	G	*/+C	902	9	0.96%	2	1	93	93	0.0019147354490836915	1	1	189	713	0	9	+C
A2_BC02.191219_FM1-2_consensus_vsearch	4077	G	*/+T	924	7	0.74%	2	2	93	93	0.0077245787361126	1	1	182	742	6	1	+T
A2_BC02.191219_FM1-2_consensus_vsearch	4080	T	*/-A	917	21	2.21%	2	2	93	93	4.258110532750282E-7	1	1	187	730	3	18	-A
A2_BC02.191219_FM1-2_consensus_vsearch	4083	T	*/+C	868	8	0.84%	2	1	93	93	0.0038440532445000526	1	1	187	681	0	8	+C
A2_BC02.191219_FM1-2_consensus_vsearch	4083	T	*/+G	868	14	1.48%	2	1	93	93	5.794326676700925E-5	1	1	187	681	0	14	+G
A2_BC02.191219_FM1-2_consensus_vsearch	4083	T	*/-G	868	9	0.95%	2	2	93	93	0.0019132552514763974	1	1	187	681	2	7	+G
A2_BC02.191219_FM1-2_consensus_vsearch	4085	G	*/-C	932	8	0.84%	2	1	93	93	0.003848273186669314	1	1	180	752	8	0	-C
A2_BC02.191219_FM1-2_consensus_vsearch	4087	C	*/+T	848	10	1.05%	2	2	93	93	9.511472200891719E-4	1	1	177	671	9	1	+T
A2_BC02.191219_FM1-2_consensus_vsearch	4089	C	*/+A	818	35	3.72%	2	2	93	93	2.038658040050675E-11	1	1	97	721	24	11	+A
A2_BC02.191219_FM1-2_consensus_vsearch	4089	C	*/-A	818	58	6.16%	2	2	93	93	1.3077380993351838E-18	1	1	97	721	50	8	-A
A2_BC02.191219_FM1-2_consensus_vsearch	4092	G	*/-A	922	12	1.27%	2	2	93	93	2.3561365283534738E-4	1	1	171	751	11	1	-A
A2_BC02.191219_FM1-2_consensus_vsearch	4093	A	*/-G	908	12	1.29%	2	2	93	93	2.3548541899893867E-4	1	1	167	741	7	5	-G
A2_BC02.191219_FM1-2_consensus_vsearch	4094	G	*/+C	904	7	0.75%	2	1	93	93	0.007722652784649824	1	1	179	725	0	7	+C
A2_BC02.191219_FM1-2_consensus_vsearch	4094	G	*/-C	904	9	0.97%	2	1	93	93	0.0019148191043671528	1	1	179	725	0	9	-C
A2_BC02.191219_FM1-2_consensus_vsearch	4095	C	*/+T	901	7	0.75%	2	1	93	93	0.00772235659043017	1	1	189	712	0	7	+T
A2_BC02.191219_FM1-2_consensus_vsearch	4095	C	*/-T	901	24	2.56%	2	2	93	93	5.124513412563841E-8	1	1	189	712	1	23	-T
A2_BC02.191219_FM1-2_consensus_vsearch	4096	T	*/-C	882	33	3.56%	2	1	93	93	8.678266328594223E-11	1	1	185	697	0	33	-C
A2_BC02.191219_FM1-2_consensus_vsearch	4097	C	*/+G	877	13	1.42%	2	1	93	93	1.168004262321605E-4	1	1	180	697	0	13	+G
A2_BC02.191219_FM1-2_consensus_vsearch	4097	C	*/-G	877	9	0.98%	2	2	93	93	0.0019136580643028067	1	1	180	697	7	2	+G
A2_BC02.191219_FM1-2_consensus_vsearch	4101	A	*/+C	859	11	1.16%	2	1	93	93	4.729975841444868E-4	1	1	178	681	0	11	+C
A2_BC02.191219_FM1-2_consensus_vsearch	4101	A	*/-C	859	58	6.14%	2	2	93	93	1.3680022586711913E-18	1	1	178	681	1	57	-C
A2_BC02.191219_FM1-2_consensus_vsearch	4102	C	*/+T	830	27	3.06%	2	1	93	93	6.051362378812265E-9	1	1	173	657	0	27	+T
A2_BC02.191219_FM1-2_consensus_vsearch	4103	C	*/-T	808	92	9.76%	2	1	93	93	1.7404649982198257E-29	1	1	186	622	0	92	-T
A2_BC02.191219_FM1-2_consensus_vsearch	4104	T	*/-C	800	34	4%	2	1	93	93	4.129612843829483E-11	1	1	186	614	0	34	-C
A2_BC02.191219_FM1-2_consensus_vsearch	4105	C	*/+T	876	14	1.54%	2	1	93	93	5.7970556766121734E-5	1	1	185	691	0	14	+T
A2_BC02.191219_FM1-2_consensus_vsearch	4105	C	*/-T	876	16	1.76%	2	2	93	93	1.425775106091615E-5	1	1	185	691	2	14	-T
A2_BC02.191219_FM1-2_consensus_vsearch	4107	G	*/-T	930	7	0.74%	2	1	93	93	0.007725140523640451	1	1	185	745	0	7	-T
A2_BC02.191219_FM1-2_consensus_vsearch	4109	C	*/-G	917	15	1.59%	2	1	93	93	2.883327702098075E-5	1	1	186	731	0	15	-G
A2_BC02.191219_FM1-2_consensus_vsearch	4113	T	*/-C	862	69	7.29%	2	2	93	93	4.578363540800379E-22	1	1	131	731	58	11	-C
A2_BC02.191219_FM1-2_consensus_vsearch	4116	C	*/-G	897	17	1.79%	2	1	93	93	7.077576543822688E-6	1	1	189	708	0	17	-G
A2_BC02.191219_FM1-2_consensus_vsearch	4117	G	*/-TG	888	29	3.11%	2	1	93	93	1.4875341616978735E-9	1	1	184	704	0	29	-TG
A2_BC02.191219_FM1-2_consensus_vsearch	4118	T	*/-GC	874	12	1.31%	2	1	93	93	2.3515732977382066E-4	1	1	187	687	0	12	-GC
A2_BC02.191219_FM1-2_consensus_vsearch	4121	A	*/-C	914	18	1.91%	2	2	93	93	3.5113501114401818E-6	1	1	169	745	10	8	-C
A2_BC02.191219_FM1-2_consensus_vsearch	4122	C	*/+A	893	8	0.86%	2	1	93	93	0.0038457727512920307	1	1	165	728	8	0	+A
A2_BC02.191219_FM1-2_consensus_vsearch	4122	C	*/+T	893	10	1.08%	2	1	93	93	9.524045881593965E-4	1	1	165	728	0	10	+T
A2_BC02.191219_FM1-2_consensus_vsearch	4123	C	*/+AA	746	25	2.63%	2	1	93	93	2.4456210299893046E-8	1	1	142	604	25	0	+AA
A2_BC02.191219_FM1-2_consensus_vsearch	4128	A	*/+T	933	7	0.74%	2	2	93	93	0.007725418733796673	1	1	186	747	1	6	+T
A2_BC02.191219_FM1-2_consensus_vsearch	4129	C	*/-G	918	7	0.74%	2	2	93	93	0.007724009676382631	1	1	182	736	3	4	-G
A2_BC02.191219_FM1-2_consensus_vsearch	4131	G	*/-C	899	31	3.27%	2	2	93	93	3.611447908273045E-10	1	1	167	732	19	12	-C
A2_BC02.191219_FM1-2_consensus_vsearch	4134	C	*/+T	801	19	2%	2	2	93	93	1.7164426831515106E-6	1	1	182	619	1	18	+T
A2_BC02.191219_FM1-2_consensus_vsearch	4134	C	*/-T	801	115	12.11%	2	2	93	93	5.2819588570601865E-37	1	1	182	619	2	113	-T
A2_BC02.191219_FM1-2_consensus_vsearch	4136	T	*/+G	892	12	1.27%	2	2	93	93	2.35334061211489E-4	1	1	173	719	1	11	+G
A2_BC02.191219_FM1-2_consensus_vsearch	4137	G	*/+A	594	22	2.34%	2	1	93	93	1.9699682909272548E-7	1	1	160	434	0	22	+A
A2_BC02.191219_FM1-2_consensus_vsearch	4137	G	*/-A	594	311	33.01%	2	2	93	93	2.0735704494579253E-108	1	1	160	434	16	295	-A
A2_BC02.191219_FM1-2_consensus_vsearch	4137	G	*/-AA	594	7	0.74%	2	2	93	93	0.0076764642733761	1	1	160	434	4	3	-A
A2_BC02.191219_FM1-2_consensus_vsearch	4141	A	*/-C	901	26	2.74%	2	2	93	93	1.2474568826532663E-8	1	1	166	735	8	18	-C
A2_BC02.191219_FM1-2_consensus_vsearch	4144	C	*/+A	859	11	1.16%	2	1	93	93	4.729975841444868E-4	1	1	156	703	11	0	+A
A2_BC02.191219_FM1-2_consensus_vsearch	4144	C	*/-A	859	20	2.1%	2	2	93	93	8.549391758471774E-7	1	1	156	703	13	7	-A
A2_BC02.191219_FM1-2_consensus_vsearch	4146	A	*/+G	654	28	2.96%	2	2	93	93	2.807506110430387E-9	1	1	136	518	15	13	+G
A2_BC02.191219_FM1-2_consensus_vsearch	4146	A	*/-G	654	238	25.13%	2	2	93	93	2.531339247838286E-80	1	1	136	518	35	203	-G
A2_BC02.191219_FM1-2_consensus_vsearch	4147	G	*/+C	685	8	1.13%	2	1	93	93	0.003827706520627659	1	1	146	539	0	8	+C
A2_BC02.191219_FM1-2_consensus_vsearch	4149	G	*/-A	919	9	0.95%	2	2	93	93	0.001915435084990651	1	1	164	755	8	1	-A
A2_BC02.191219_FM1-2_consensus_vsearch	4149	G	*/-AG	919	7	0.74%	2	2	93	93	0.007724105030664168	1	1	164	755	5	2	-A
A2_BC02.191219_FM1-2_consensus_vsearch	4151	G	*/-T	876	42	4.46%	2	1	93	93	1.4071726870765846E-13	1	1	178	698	0	42	-T
A2_BC02.191219_FM1-2_consensus_vsearch	4151	G	*/-TG	876	11	1.17%	2	2	93	93	4.732876825668869E-4	1	1	178	698	1	10	-T
A2_BC02.191219_FM1-2_consensus_vsearch	4152	T	*/+G	867	10	1.12%	2	2	93	93	9.516937296780997E-4	1	1	181	686	1	9	+G
A2_BC02.191219_FM1-2_consensus_vsearch	4153	G	*/-A	911	13	1.39%	2	2	93	93	1.169915433330635E-4	1	1	182	729	6	7	-A
A2_BC02.191219_FM1-2_consensus_vsearch	4156	T	*/-A	864	54	5.7%	2	1	93	93	2.4869903347514766E-17	1	1	183	681	0	54	-A
A2_BC02.191219_FM1-2_consensus_vsearch	4158	A	*/+T	773	25	2.65%	2	2	93	93	2.4622931854733078E-8	1	1	166	607	11	14	+T
A2_BC02.191219_FM1-2_consensus_vsearch	4158	A	*/-T	773	91	9.65%	2	2	93	93	3.308637725793959E-29	1	1	166	607	10	81	-T
A2_BC02.191219_FM1-2_consensus_vsearch	4158	A	*/-TT	773	24	2.55%	2	1	93	93	4.9998187534523025E-8	1	1	166	607	0	24	-T
A2_BC02.191219_FM1-2_consensus_vsearch	4159	T	*/+AAT	774	7	0.85%	2	2	93	93	0.007707735964566378	1	1	178	596	1	6	+AAT
A2_BC02.191219_FM1-2_consensus_vsearch	4162	T	*/-C	888	29	3.05%	2	2	93	93	1.4875341616978735E-9	1	1	179	709	1	28	-C
A2_BC02.191219_FM1-2_consensus_vsearch	4163	C	*/+A	848	7	0.76%	2	2	93	93	0.007716781905298722	1	1	164	684	6	1	+A
A2_BC02.191219_FM1-2_consensus_vsearch	4163	C	*/+G	848	31	3.38%	2	2	93	93	3.5576466187098705E-10	1	1	164	684	1	30	+G
A2_BC02.191219_FM1-2_consensus_vsearch	4163	C	*/-G	848	20	2.18%	2	2	93	93	8.537423901434106E-7	1	1	164	684	16	4	+G
A2_BC02.191219_FM1-2_consensus_vsearch	4164	G	*/-A	899	14	1.51%	2	2	93	93	5.8046399018273934E-5	1	1	160	739	8	6	-A
A2_BC02.191219_FM1-2_consensus_vsearch	4166	G	*/-C	882	25	2.66%	2	2	93	93	2.520233142419915E-8	1	1	138	744	21	4	-C
A2_BC02.191219_FM1-2_consensus_vsearch	4166	G	*/-CC	882	28	2.98%	2	1	93	93	3.016984631537394E-9	1	1	138	744	28	0	-CC
A2_BC02.191219_FM1-2_consensus_vsearch	4167	C	*/+T	871	10	1.12%	2	1	93	93	9.518058030792807E-4	1	1	137	734	0	10	+T
A2_BC02.191219_FM1-2_consensus_vsearch	4169	C	*/-G	917	13	1.37%	2	1	93	93	1.1702384026807228E-4	1	1	189	728	0	13	-G
A2_BC02.191219_FM1-2_consensus_vsearch	4172	T	*/-C	927	7	0.74%	2	2	93	93	0.0077248605301177935	1	1	187	740	1	6	-C
A2_BC02.191219_FM1-2_consensus_vsearch	4173	C	*/-GT	928	7	0.74%	2	1	93	93	0.00772495406052163	1	1	190	738	0	7	-GT
A2_BC02.191219_FM1-2_consensus_vsearch	4174	G	*/-T	921	7	0.74%	2	1	93	93	0.00772429512406293	1	1	189	732	0	7	-T
A2_BC02.191219_FM1-2_consensus_vsearch	4178	A	*/-CA	815	122	12.86%	2	2	93	93	2.7781491775397898E-39	1	1	173	642	17	105	-CA
A2_BC02.191219_FM1-2_consensus_vsearch	4180	A	*/+CA	795	15	1.81%	2	2	93	93	2.8585562451995275E-5	1	1	164	631	2	13	+CA
A2_BC02.191219_FM1-2_consensus_vsearch	4183	A	*/-C	936	7	0.74%	2	1	93	93	0.007725695177565769	1	1	181	755	7	0	-C
A2_BC02.191219_FM1-2_consensus_vsearch	4185	C	*/-GC	908	9	0.95%	2	2	93	93	0.0019149853259650363	1	1	182	726	8	1	-GC
A2_BC02.191219_FM1-2_consensus_vsearch	4189	T	*/+C	920	15	1.59%	2	2	93	93	2.8838570879323012E-5	1	1	178	742	13	2	+C
A2_BC02.191219_FM1-2_consensus_vsearch	4190	C	*/+A	929	9	0.95%	2	2	93	93	0.0019158348498577026	1	1	181	748	8	1	+A
A2_BC02.191219_FM1-2_consensus_vsearch	4191	A	*/+G	912	11	1.16%	2	2	93	93	4.7386706257684057E-4	1	1	186	726	1	10	+G
A2_BC02.191219_FM1-2_consensus_vsearch	4191	A	*/-G	912	13	1.37%	2	2	93	93	1.1699695482902303E-4	1	1	186	726	2	11	-G
A2_BC02.191219_FM1-2_consensus_vsearch	4193	G	*/-T	926	12	1.27%	2	1	93	93	2.3564959616820833E-4	1	1	188	738	0	12	-T
A2_BC02.191219_FM1-2_consensus_vsearch	4194	T	*/-C	917	10	1.07%	2	1	93	93	9.5302562405881E-4	1	1	190	727	0	10	-C
A2_BC02.191219_FM1-2_consensus_vsearch	4195	C	*/-T	920	14	1.49%	2	1	93	93	5.811244094192398E-5	1	1	191	729	0	14	-T
A2_BC02.191219_FM1-2_consensus_vsearch	4196	T	*/+C	848	27	2.89%	2	2	93	93	6.077713791732856E-9	1	1	142	706	15	12	+C
A2_BC02.191219_FM1-2_consensus_vsearch	4196	T	*/-C	848	44	4.72%	2	2	93	93	3.3007074843925037E-14	1	1	142	706	30	14	-C
A2_BC02.191219_FM1-2_consensus_vsearch	4198	C	*/-T	923	17	1.79%	2	2	93	93	7.092419879433335E-6	1	1	188	735	1	16	-T
A2_BC02.191219_FM1-2_consensus_vsearch	4200	A	*/+G	885	19	2.01%	2	2	93	93	1.7335217198684107E-6	1	1	172	713	1	18	+G
A2_BC02.191219_FM1-2_consensus_vsearch	4200	A	*/-G	885	24	2.54%	2	2	93	93	5.110722278267129E-8	1	1	172	713	6	18	-G
A2_BC02.191219_FM1-2_consensus_vsearch	4203	T	*/+A	923	10	1.06%	2	1	93	93	9.531759259913677E-4	1	1	177	746	10	0	+A
A2_BC02.191219_FM1-2_consensus_vsearch	4204	G	*/+A	924	7	0.74%	2	2	93	93	0.0077245787361126	1	1	176	748	1	6	+A
A2_BC02.191219_FM1-2_consensus_vsearch	4204	G	*/-A	924	9	0.95%	2	1	93	93	0.0019156360330857174	1	1	176	748	9	0	-A
A2_BC02.191219_FM1-2_consensus_vsearch	4211	C	*/+T	886	18	1.9%	2	1	93	93	3.5022617139491303E-6	1	1	189	697	0	18	+T
A2_BC02.191219_FM1-2_consensus_vsearch	4211	C	*/-T	886	33	3.48%	2	1	93	93	8.68957063082004E-11	1	1	189	697	0	33	-T
A2_BC02.191219_FM1-2_consensus_vsearch	4212	T	*/+C	888	13	1.42%	2	2	93	93	1.1686381305958546E-4	1	1	184	704	6	7	+C
A2_BC02.191219_FM1-2_consensus_vsearch	4213	C	*/-T	838	89	9.47%	2	2	93	93	1.7564335460998018E-28	1	1	187	651	2	87	-T
A2_BC02.191219_FM1-2_consensus_vsearch	4215	A	*/-G	919	14	1.49%	2	2	93	93	5.8109362326881865E-5	1	1	185	734	2	12	-G
A2_BC02.191219_FM1-2_consensus_vsearch	4218	T	*/+G	921	10	1.06%	2	1	93	93	9.531260390767928E-4	1	1	189	732	0	10	+G
A2_BC02.191219_FM1-2_consensus_vsearch	4226	C	*/+A	927	7	0.74%	2	1	93	93	0.0077248605301177935	1	1	186	741	0	7	+A
A2_BC02.191219_FM1-2_consensus_vsearch	4230	G	*/-TAG	922	15	1.59%	2	1	93	93	2.8842081674180117E-5	1	1	188	734	0	15	-TAG
A2_BC02.191219_FM1-2_consensus_vsearch	4231	T	*/-A	898	9	0.97%	2	1	93	93	0.0019145670375633362	1	1	188	710	0	9	-A
A2_BC02.191219_FM1-2_consensus_vsearch	4235	T	*/+A	852	8	0.84%	2	2	93	93	0.0038429004956962924	1	1	172	680	6	2	+A
A2_BC02.191219_FM1-2_consensus_vsearch	4235	T	*/-A	852	72	7.6%	2	2	93	93	5.021292907649392E-23	1	1	172	680	9	63	-A
A2_BC02.191219_FM1-2_consensus_vsearch	4237	A	*/+G	741	18	1.91%	2	2	93	93	3.44489352909715E-6	1	1	110	631	12	6	+G
A2_BC02.191219_FM1-2_consensus_vsearch	4237	A	*/-G	741	145	15.38%	2	2	93	93	3.639905501795234E-47	1	1	110	631	58	87	-G
A2_BC02.191219_FM1-2_consensus_vsearch	4238	G	*/+T	685	39	4.92%	2	1	93	93	1.075190031847781E-12	1	1	121	564	0	39	+T
A2_BC02.191219_FM1-2_consensus_vsearch	4238	G	*/+TG	685	9	1.14%	2	1	93	93	0.0019028144527554463	1	1	121	564	0	9	+T
A2_BC02.191219_FM1-2_consensus_vsearch	4240	G	*/-A	920	7	0.74%	2	2	93	93	0.007724200179668666	1	1	182	738	3	4	-A
A2_BC02.191219_FM1-2_consensus_vsearch	4240	G	*/-AAG	920	10	1.06%	2	2	93	93	9.531010157345539E-4	1	1	182	738	1	9	-AAG
A2_BC02.191219_FM1-2_consensus_vsearch	4245	C	*/+G	900	18	1.91%	2	1	93	93	3.5068729407774567E-6	1	1	188	712	0	18	+G
A2_BC02.191219_FM1-2_consensus_vsearch	4245	C	*/-G	900	7	0.74%	2	1	93	93	0.007722257424555146	1	1	188	712	0	7	+G
A2_BC02.191219_FM1-2_consensus_vsearch	4248	C	*/+A	815	29	3.07%	2	2	93	93	1.4583907404970333E-9	1	1	177	638	6	23	+A
A2_BC02.191219_FM1-2_consensus_vsearch	4248	C	*/-A	815	82	8.69%	2	2	93	93	2.971720320619362E-26	1	1	177	638	5	77	-A
A2_BC02.191219_FM1-2_consensus_vsearch	4254	A	*/+G	898	26	2.76%	2	1	93	93	1.246727067560057E-8	1	1	186	712	0	26	+G
A2_BC02.191219_FM1-2_consensus_vsearch	4259	C	*/+G	925	7	0.74%	2	1	93	93	0.0077246728685663475	1	1	186	739	0	7	+G
A2_BC02.191219_FM1-2_consensus_vsearch	4261	T	*/+GT	904	7	0.75%	2	1	93	93	0.007722652784649824	1	1	178	726	0	7	+GT
A2_BC02.191219_FM1-2_consensus_vsearch	4261	T	*/-A	904	7	0.75%	2	2	93	93	0.007722652784649824	1	1	178	726	2	5	+GT
A2_BC02.191219_FM1-2_consensus_vsearch	4263	A	*/+T	919	10	1.06%	2	1	93	93	9.530759388974517E-4	1	1	177	742	0	10	+T
A2_BC02.191219_FM1-2_consensus_vsearch	4264	C	*/+T	887	9	0.95%	2	2	93	93	0.001914096194146785	1	1	183	704	1	8	+T
A2_BC02.191219_FM1-2_consensus_vsearch	4264	C	*/-T	887	36	3.81%	2	2	93	93	1.0275168632036353E-11	1	1	183	704	4	32	-T
A2_BC02.191219_FM1-2_consensus_vsearch	4266	T	*/+C	906	8	0.85%	2	1	93	93	0.0038466298539855397	1	1	174	732	8	0	+C
A2_BC02.191219_FM1-2_consensus_vsearch	4266	T	*/-C	906	16	1.7%	2	2	93	93	1.4289533199343964E-5	1	1	174	732	3	13	-C
A2_BC02.191219_FM1-2_consensus_vsearch	4267	C	*/+A	830	8	0.86%	2	1	93	93	0.0038412438731329165	1	1	158	672	8	0	+A
A2_BC02.191219_FM1-2_consensus_vsearch	4267	C	*/+G	830	16	1.72%	2	2	93	93	1.4204757803238014E-5	1	1	158	672	6	10	+G
A2_BC02.191219_FM1-2_consensus_vsearch	4267	C	*/-G	830	31	3.33%	2	2	93	93	3.537320539187372E-10	1	1	158	672	9	22	-G
A2_BC02.191219_FM1-2_consensus_vsearch	4267	C	*/-GG	830	21	2.26%	2	1	93	93	4.2085294430195777E-7	1	1	158	672	0	21	-G
A2_BC02.191219_FM1-2_consensus_vsearch	4270	G	*/+A	832	19	2.01%	2	2	93	93	1.7231223963499254E-6	1	1	154	678	3	16	+A
A2_BC02.191219_FM1-2_consensus_vsearch	4270	G	*/-A	832	76	8.03%	2	2	93	93	2.5725104501497697E-24	1	1	154	678	29	47	-A
A2_BC02.191219_FM1-2_consensus_vsearch	4270	G	*/-AAA	832	9	0.95%	2	1	93	93	0.0019115582785491205	1	1	154	678	0	9	-A
A2_BC02.191219_FM1-2_consensus_vsearch	4274	A	*/+G	873	17	1.79%	2	1	93	93	7.06312794818265E-6	1	1	164	709	0	17	+G
A2_BC02.191219_FM1-2_consensus_vsearch	4274	A	*/-G	873	39	4.11%	2	2	93	93	1.2011016117249335E-12	1	1	164	709	24	15	-G
A2_BC02.191219_FM1-2_consensus_vsearch	4275	G	*/+C	861	8	0.88%	2	1	93	93	0.003843554120344918	1	1	148	713	0	8	+C
A2_BC02.191219_FM1-2_consensus_vsearch	4275	G	*/+T	861	7	0.77%	2	1	93	93	0.007718212146862392	1	1	148	713	0	7	+C
A2_BC02.191219_FM1-2_consensus_vsearch	4276	G	*/-A	902	42	4.43%	2	1	93	93	1.4263201855419745E-13	1	1	146	756	42	0	-A
A2_BC02.191219_FM1-2_consensus_vsearch	4277	A	*/+T	887	8	0.88%	2	2	93	93	0.0038453687983291017	1	1	142	745	2	6	+T
A2_BC02.191219_FM1-2_consensus_vsearch	4277	A	*/-T	887	7	0.77%	2	2	93	93	0.0077209481259643865	1	1	142	745	2	5	+T
A2_BC02.191219_FM1-2_consensus_vsearch	4279	T	*/+G	899	10	1.05%	2	1	93	93	9.525628993146355E-4	1	1	188	711	0	10	+G
A2_BC02.191219_FM1-2_consensus_vsearch	4279	T	*/-G	899	26	2.74%	2	1	93	93	1.2469708251456825E-8	1	1	188	711	0	26	-G
A2_BC02.191219_FM1-2_consensus_vsearch	4281	G	*/+C	904	10	1.05%	2	1	93	93	9.526932489733308E-4	1	1	186	718	0	10	+C
A2_BC02.191219_FM1-2_consensus_vsearch	4281	G	*/-C	904	9	0.95%	2	2	93	93	0.0019148191043671528	1	1	186	718	1	8	+C
A2_BC02.191219_FM1-2_consensus_vsearch	4282	C	*/-T	909	16	1.7%	2	1	93	93	1.4292600807709186E-5	1	1	189	720	0	16	-T
A2_BC02.191219_FM1-2_consensus_vsearch	4283	T	*/-C	907	11	1.18%	2	1	93	93	4.737892850051566E-4	1	1	184	723	0	11	-C
A2_BC02.191219_FM1-2_consensus_vsearch	4284	C	*/+T	890	24	2.56%	2	1	93	93	5.115080537356055E-8	1	1	185	705	0	24	+T
A2_BC02.191219_FM1-2_consensus_vsearch	4284	C	*/-T	890	13	1.39%	2	2	93	93	1.1687517449266765E-4	1	1	185	705	2	11	+T
A2_BC02.191219_FM1-2_consensus_vsearch	4285	T	*/+G	852	70	7.5%	2	2	93	93	2.1711883213864694E-22	1	1	181	671	2	68	+G
A2_BC02.191219_FM1-2_consensus_vsearch	4286	G	*/-A	930	9	0.95%	2	2	93	93	0.001915874360429123	1	1	184	746	2	7	-A
A2_BC02.191219_FM1-2_consensus_vsearch	4287	A	*/+G	861	11	1.18%	2	2	93	93	4.730322946538886E-4	1	1	153	708	5	6	+G
A2_BC02.191219_FM1-2_consensus_vsearch	4287	A	*/-G	861	57	6.1%	2	2	93	93	2.8295298509554246E-18	1	1	153	708	28	29	-G
A2_BC02.191219_FM1-2_consensus_vsearch	4292	T	*/-G	877	37	3.94%	2	2	93	93	5.016809798343908E-12	1	1	183	694	5	32	-G
A2_BC02.191219_FM1-2_consensus_vsearch	4292	T	*/-GG	877	7	0.75%	2	1	93	93	0.007719914828895746	1	1	183	694	0	7	-G
A2_BC02.191219_FM1-2_consensus_vsearch	4294	G	*/+A	887	18	1.94%	2	1	93	93	3.502595661166341E-6	1	1	171	716	18	0	+A
A2_BC02.191219_FM1-2_consensus_vsearch	4295	G	*/-TG	908	20	2.13%	2	1	93	93	8.599400061844555E-7	1	1	188	720	0	20	-TG
A2_BC02.191219_FM1-2_consensus_vsearch	4297	G	*/-CG	876	35	3.79%	2	1	93	93	2.0863099499882642E-11	1	1	186	690	0	35	-CG
A2_BC02.191219_FM1-2_consensus_vsearch	4298	C	*/+A	878	8	0.88%	2	1	93	93	0.003844752648563896	1	1	189	689	0	8	+A
A2_BC02.191219_FM1-2_consensus_vsearch	4299	G	*/-T	867	10	1.11%	2	1	93	93	9.516937296780997E-4	1	1	185	682	0	10	-T
A2_BC02.191219_FM1-2_consensus_vsearch	4300	T	*/+C	889	8	0.86%	2	1	93	93	0.003845504047560378	1	1	181	708	8	0	+C
A2_BC02.191219_FM1-2_consensus_vsearch	4300	T	*/-C	889	10	1.08%	2	1	93	93	9.522978820037738E-4	1	1	181	708	0	10	-C
A2_BC02.191219_FM1-2_consensus_vsearch	4301	C	*/-G	855	61	6.53%	2	2	93	93	1.5432878101145394E-19	1	1	185	670	3	58	-G
A2_BC02.191219_FM1-2_consensus_vsearch	4302	G	*/+T	838	9	1.03%	2	1	93	93	0.001911851068057436	1	1	178	660	0	9	+T
A2_BC02.191219_FM1-2_consensus_vsearch	4304	G	*/-C	923	15	1.59%	2	1	93	93	2.884383157283078E-5	1	1	187	736	0	15	-C
A2_BC02.191219_FM1-2_consensus_vsearch	4305	C	*/+T	900	10	1.08%	2	1	93	93	9.525890830099214E-4	1	1	180	720	0	10	+T
A2_BC02.191219_FM1-2_consensus_vsearch	4306	C	*/+T	780	23	2.43%	2	1	93	93	1.0160600832555312E-7	1	1	185	595	0	23	+T
A2_BC02.191219_FM1-2_consensus_vsearch	4306	C	*/-T	780	120	12.7%	2	1	93	93	1.0706317086311881E-38	1	1	185	595	0	120	-T
A2_BC02.191219_FM1-2_consensus_vsearch	4306	C	*/-TT	780	7	0.74%	2	2	93	93	0.00770853262981048	1	1	185	595	4	3	-T
A2_BC02.191219_FM1-2_consensus_vsearch	4308	T	*/-G	846	54	5.78%	2	1	93	93	2.4461557916470654E-17	1	1	179	667	0	54	-G
A2_BC02.191219_FM1-2_consensus_vsearch	4311	C	*/-A	905	12	1.28%	2	2	93	93	2.3545743695662624E-4	1	1	171	734	7	5	-A
A2_BC02.191219_FM1-2_consensus_vsearch	4311	C	*/-AG	905	10	1.06%	2	2	93	93	9.527191491859055E-4	1	1	171	734	8	2	-A
A2_BC02.191219_FM1-2_consensus_vsearch	4312	A	*/+G	831	21	2.28%	2	2	93	93	4.2091539452709437E-7	1	1	143	688	10	11	+G
A2_BC02.191219_FM1-2_consensus_vsearch	4312	A	*/-G	831	36	3.91%	2	2	93	93	1.0042038480397027E-11	1	1	143	688	10	26	-G
A2_BC02.191219_FM1-2_consensus_vsearch	4312	A	*/-GGAA	831	14	1.52%	2	1	93	93	5.7810458352152216E-5	1	1	143	688	0	14	-G
A2_BC02.191219_FM1-2_consensus_vsearch	4314	G	*/-A	904	10	1.08%	2	2	93	93	9.526932489733308E-4	1	1	178	726	6	4	-A
A2_BC02.191219_FM1-2_consensus_vsearch	4317	G	*/-C	907	15	1.6%	2	2	93	93	2.8815387234418736E-5	1	1	180	727	1	14	-C
A2_BC02.191219_FM1-2_consensus_vsearch	4319	G	*/+CG	902	14	1.49%	2	2	93	93	5.8056015682622736E-5	1	1	179	723	1	13	+CG
A2_BC02.191219_FM1-2_consensus_vsearch	4319	G	*/-T	902	8	0.85%	2	2	93	93	0.003846368728933757	1	1	179	723	2	6	+CG
A2_BC02.191219_FM1-2_consensus_vsearch	4320	T	*/-C	857	71	7.6%	2	2	93	93	1.0526317723384448E-22	1	1	126	731	60	11	-C
A2_BC02.191219_FM1-2_consensus_vsearch	4322	C	*/-G	691	236	24.97%	2	1	93	93	3.087517692388038E-79	1	1	188	503	0	236	-G
A2_BC02.191219_FM1-2_consensus_vsearch	4325	A	*/-C	881	41	4.34%	2	2	93	93	2.885973138412636E-13	1	1	160	721	9	32	-C
A2_BC02.191219_FM1-2_consensus_vsearch	4325	A	*/-CC	881	16	1.69%	2	1	93	93	1.4263191984936736E-5	1	1	160	721	16	0	-C
A2_BC02.191219_FM1-2_consensus_vsearch	4326	C	*/+T	865	13	1.46%	2	1	93	93	1.1672949330601745E-4	1	1	159	706	0	13	+T
A2_BC02.191219_FM1-2_consensus_vsearch	4327	C	*/+T	886	7	0.75%	2	1	93	93	0.0077208458352661016	1	1	167	719	0	7	+T
A2_BC02.191219_FM1-2_consensus_vsearch	4328	C	*/-A	888	7	0.74%	2	2	93	93	0.00772105018858679	1	1	178	710	1	6	-A
A2_BC02.191219_FM1-2_consensus_vsearch	4331	T	*/+C	912	13	1.39%	2	2	93	93	1.1699695482902303E-4	1	1	171	741	12	1	+C
A2_BC02.191219_FM1-2_consensus_vsearch	4332	C	*/-G	885	32	3.42%	2	2	93	93	1.7681853564292619E-10	1	1	178	707	1	31	-G
A2_BC02.191219_FM1-2_consensus_vsearch	4334	G	*/+A	914	16	1.69%	2	1	93	93	1.4297670579937833E-5	1	1	184	730	0	16	+A
A2_BC02.191219_FM1-2_consensus_vsearch	4339	G	*/+T	822	42	4.46%	2	2	93	93	1.3645823188954506E-13	1	1	146	676	14	28	+T
A2_BC02.191219_FM1-2_consensus_vsearch	4339	G	*/-T	822	59	6.26%	2	2	93	93	6.352401971649913E-19	1	1	146	676	19	40	-T
A2_BC02.191219_FM1-2_consensus_vsearch	4343	T	*/+G	883	7	0.74%	2	1	93	93	0.007720537587223537	1	1	187	696	0	7	+G
A2_BC02.191219_FM1-2_consensus_vsearch	4343	T	*/-G	883	47	4.96%	2	2	93	93	3.9145826009785545E-15	1	1	187	696	1	46	-G
A2_BC02.191219_FM1-2_consensus_vsearch	4347	C	*/-A	915	11	1.17%	2	2	93	93	4.7391332970232394E-4	1	1	176	739	8	3	-A
A2_BC02.191219_FM1-2_consensus_vsearch	4349	A	*/+T	915	7	0.74%	2	1	93	93	0.007723722375264688	1	1	171	744	0	7	+T
A2_BC02.191219_FM1-2_consensus_vsearch	4351	T	*/+G	796	121	12.87%	2	2	93	93	5.417145841275003E-39	1	1	178	618	6	115	+G
A2_BC02.191219_FM1-2_consensus_vsearch	4356	C	*/+G	901	10	1.06%	2	1	93	93	9.526152096361543E-4	1	1	185	716	0	10	+G
A2_BC02.191219_FM1-2_consensus_vsearch	4356	C	*/-G	901	22	2.33%	2	1	93	93	2.1006456065460463E-7	1	1	185	716	0	22	-G
A2_BC02.191219_FM1-2_consensus_vsearch	4359	A	*/+T	923	7	0.74%	2	1	93	93	0.00772448440160392	1	1	188	735	0	7	+T
A2_BC02.191219_FM1-2_consensus_vsearch	4359	A	*/-T	923	7	0.74%	2	1	93	93	0.00772448440160392	1	1	188	735	0	7	+T
A2_BC02.191219_FM1-2_consensus_vsearch	4361	C	*/+T	917	10	1.06%	2	2	93	93	9.5302562405881E-4	1	1	183	734	1	9	+T
A2_BC02.191219_FM1-2_consensus_vsearch	4361	C	*/-T	917	10	1.06%	2	2	93	93	9.5302562405881E-4	1	1	183	734	1	9	+T
A2_BC02.191219_FM1-2_consensus_vsearch	4362	T	*/+G	905	13	1.39%	2	1	93	93	1.1695883040166507E-4	1	1	182	723	0	13	+G
A2_BC02.191219_FM1-2_consensus_vsearch	4367	A	*/+G	807	16	1.7%	2	1	93	93	1.417610091319752E-5	1	1	185	622	0	16	+G
A2_BC02.191219_FM1-2_consensus_vsearch	4367	A	*/-G	807	105	11.17%	2	1	93	93	1.02793837530531E-33	1	1	185	622	0	105	-G
A2_BC02.191219_FM1-2_consensus_vsearch	4370	A	*/-C	926	9	0.95%	2	2	93	93	0.0019157158136505837	1	1	180	746	6	3	-C
A2_BC02.191219_FM1-2_consensus_vsearch	4372	C	*/-G	897	16	1.69%	2	2	93	93	1.4280212419128423E-5	1	1	182	715	1	15	-G
A2_BC02.191219_FM1-2_consensus_vsearch	4374	G	*/+C	910	10	1.06%	2	2	93	93	9.528478117131701E-4	1	1	171	739	1	9	+C
A2_BC02.191219_FM1-2_consensus_vsearch	4375	T	*/+A	895	8	0.85%	2	1	93	93	0.0038459062136693787	1	1	184	711	0	8	+A
A2_BC02.191219_FM1-2_consensus_vsearch	4376	A	*/-C	911	9	0.96%	2	2	93	93	0.001915109048569619	1	1	181	730	1	8	-C
A2_BC02.191219_FM1-2_consensus_vsearch	4378	G	*/-TG	881	48	5.08%	2	1	93	93	1.9052399870142023E-15	1	1	188	693	0	48	-TG
A2_BC02.191219_FM1-2_consensus_vsearch	4379	T	*/-G	853	25	2.8%	2	1	93	93	2.5061188609467528E-8	1	1	188	665	0	25	-G
A2_BC02.191219_FM1-2_consensus_vsearch	4380	G	*/+TG	855	11	1.26%	2	1	93	93	4.72927686935627E-4	1	1	188	667	0	11	+TG
A2_BC02.191219_FM1-2_consensus_vsearch	4385	G	*/-C	904	10	1.07%	2	2	93	93	9.526932489733308E-4	1	1	170	734	6	4	-C
A2_BC02.191219_FM1-2_consensus_vsearch	4386	C	*/+T	917	7	0.75%	2	2	93	93	0.007723914116185401	1	1	174	743	1	6	+T
A2_BC02.191219_FM1-2_consensus_vsearch	4387	C	*/+T	887	20	2.12%	2	2	93	93	8.578601377301788E-7	1	1	179	708	1	19	+T
A2_BC02.191219_FM1-2_consensus_vsearch	4387	C	*/-T	887	20	2.12%	2	2	93	93	8.578601377301788E-7	1	1	179	708	3	17	+T
A2_BC02.191219_FM1-2_consensus_vsearch	4389	T	*/+A	223	7	0.74%	2	2	93	93	0.007458967428082863	1	1	10	213	5	2	+A
A2_BC02.191219_FM1-2_consensus_vsearch	4389	T	*/+G	223	626	66.24%	2	2	93	93	1.2461965185548097E-273	1	1	10	213	163	463	+G
A2_BC02.191219_FM1-2_consensus_vsearch	4390	G	*/-C	897	10	1.06%	2	2	93	93	9.525103599631537E-4	1	1	180	717	3	7	-C
A2_BC02.191219_FM1-2_consensus_vsearch	4390	G	*/-CT	897	13	1.38%	2	2	93	93	1.1691455204603951E-4	1	1	180	717	3	10	-CT
A2_BC02.191219_FM1-2_consensus_vsearch	4391	C	*/-T	669	12	1.3%	2	2	93	93	2.324959998276635E-4	1	1	176	493	4	8	-T
A2_BC02.191219_FM1-2_consensus_vsearch	4392	T	*/+AA	871	10	1.09%	2	1	93	93	9.518058030792807E-4	1	1	178	693	0	10	+AA
A2_BC02.191219_FM1-2_consensus_vsearch	4393	G	*/-C	917	7	0.75%	2	1	93	93	0.007723914116185401	1	1	185	732	0	7	-C
A2_BC02.191219_FM1-2_consensus_vsearch	4394	C	*/+T	806	17	1.83%	2	2	93	93	7.018474501202224E-6	1	1	171	635	1	16	+T
A2_BC02.191219_FM1-2_consensus_vsearch	4394	C	*/-T	806	24	2.58%	2	1	93	93	5.035385160645972E-8	1	1	171	635	0	24	-T
A2_BC02.191219_FM1-2_consensus_vsearch	4394	C	*/-TT	806	52	5.59%	2	2	93	93	1.0009458519084594E-16	1	1	171	635	16	36	-TT
A2_BC02.191219_FM1-2_consensus_vsearch	4397	T	*/+C	849	13	1.39%	2	2	93	93	1.1663189192911466E-4	1	1	172	677	10	3	+C
A2_BC02.191219_FM1-2_consensus_vsearch	4397	T	*/-C	849	45	4.8%	2	2	93	93	1.610723119327197E-14	1	1	172	677	6	39	-C
A2_BC02.191219_FM1-2_consensus_vsearch	4397	T	*/-CG	849	7	0.75%	2	1	93	93	0.00771689346257064	1	1	172	677	0	7	-C
A2_BC02.191219_FM1-2_consensus_vsearch	4398	C	*/+G	768	7	0.79%	2	1	93	93	0.007706926996132447	1	1	180	588	0	7	+G
A2_BC02.191219_FM1-2_consensus_vsearch	4398	C	*/+T	768	12	1.36%	2	1	93	93	2.3395343795850113E-4	1	1	180	588	0	12	+T
A2_BC02.191219_FM1-2_consensus_vsearch	4398	C	*/-G	768	38	4.29%	2	2	93	93	2.3277337060081177E-12	1	1	180	588	2	36	-G
A2_BC02.191219_FM1-2_consensus_vsearch	4398	C	*/-GG	768	47	5.31%	2	1	93	93	3.589797731398635E-15	1	1	180	588	0	47	-GG
A2_BC02.191219_FM1-2_consensus_vsearch	4401	G	*/-CG	904	16	1.7%	2	1	93	93	1.4287477286316085E-5	1	1	188	716	0	16	-CG
A2_BC02.191219_FM1-2_consensus_vsearch	4404	T	*/-C	901	28	2.98%	2	2	93	93	3.030222577507064E-9	1	1	161	740	27	1	-C
A2_BC02.191219_FM1-2_consensus_vsearch	4406	C	*/+G	803	71	7.53%	2	1	93	93	9.623422753738728E-23	1	1	185	618	0	71	+G
A2_BC02.191219_FM1-2_consensus_vsearch	4406	C	*/-G	803	44	4.67%	2	1	93	93	3.2042863470244905E-14	1	1	185	618	0	44	+G
A2_BC02.191219_FM1-2_consensus_vsearch	4408	G	*/-C	908	8	0.85%	2	1	93	93	0.003846759564376875	1	1	188	720	0	8	-C
A2_BC02.191219_FM1-2_consensus_vsearch	4409	C	*/-GC	856	39	4.2%	2	2	93	93	1.1914619653322652E-12	1	1	181	675	6	33	-GC
A2_BC02.191219_FM1-2_consensus_vsearch	4410	G	*/-C	881	7	0.78%	2	1	93	93	0.007720330934048919	1	1	179	702	0	7	-C
A2_BC02.191219_FM1-2_consensus_vsearch	4411	C	*/-AC	854	24	2.68%	2	2	93	93	5.0826672917638276E-8	1	1	154	700	23	1	-AC
A2_BC02.191219_FM1-2_consensus_vsearch	4412	A	*/+T	886	20	2.18%	2	1	93	93	8.577587938916015E-7	1	1	159	727	0	20	+T
A2_BC02.191219_FM1-2_consensus_vsearch	4414	G	*/-T	908	9	0.96%	2	2	93	93	0.0019149853259650363	1	1	173	735	3	6	-T
A2_BC02.191219_FM1-2_consensus_vsearch	4419	A	*/-CAA	883	18	1.91%	2	2	93	93	3.5012555732890465E-6	1	1	171	712	1	17	-CAA
A2_BC02.191219_FM1-2_consensus_vsearch	4420	C	*/-A	897	11	1.19%	2	1	93	93	4.736311844991674E-4	1	1	183	714	0	11	-A
A2_BC02.191219_FM1-2_consensus_vsearch	4422	A	*/+C	915	7	0.76%	2	1	93	93	0.007723722375264688	1	1	187	728	0	7	+C
A2_BC02.191219_FM1-2_consensus_vsearch	4423	T	*/-C	915	8	0.85%	2	2	93	93	0.0038472091397591672	1	1	186	729	1	7	-C
A2_BC02.191219_FM1-2_consensus_vsearch	4426	A	*/+C	924	12	1.27%	2	1	93	93	2.3563166245617865E-4	1	1	185	739	0	12	+C
A2_BC02.191219_FM1-2_consensus_vsearch	4427	C	*/-T	918	17	1.81%	2	1	93	93	7.089627702944009E-6	1	1	186	732	0	17	-T
A2_BC02.191219_FM1-2_consensus_vsearch	4428	T	*/+C	881	28	3.02%	2	2	93	93	3.0162739724767815E-9	1	1	178	703	9	19	+C
A2_BC02.191219_FM1-2_consensus_vsearch	4429	C	*/+A	907	14	1.49%	2	1	93	93	5.8071906695318645E-5	1	1	170	737	14	0	+A
A2_BC02.191219_FM1-2_consensus_vsearch	4429	C	*/-A	907	8	0.85%	2	2	93	93	0.003846694779808949	1	1	170	737	1	7	+A
A2_BC02.191219_FM1-2_consensus_vsearch	4430	A	*/+G	912	8	0.86%	2	2	93	93	0.0038470172993273957	1	1	182	730	1	7	+G
A2_BC02.191219_FM1-2_consensus_vsearch	4440	C	*/+G	874	16	1.7%	2	1	93	93	1.425555800987733E-5	1	1	185	689	0	16	+G
A2_BC02.191219_FM1-2_consensus_vsearch	4440	C	*/-G	874	27	2.87%	2	1	93	93	6.114077188829471E-9	1	1	185	689	0	27	-G
A2_BC02.191219_FM1-2_consensus_vsearch	4444	C	*/-G	904	27	2.86%	2	1	93	93	6.153720058097888E-9	1	1	159	745	27	0	-G
A2_BC02.191219_FM1-2_consensus_vsearch	4445	G	*/-AG	897	7	0.76%	2	2	93	93	0.007721958613557127	1	1	152	745	5	2	-AG
A2_BC02.191219_FM1-2_consensus_vsearch	4446	A	*/+G	573	11	1.18%	2	2	93	93	4.656222726659411E-4	1	1	31	542	1	10	+G
A2_BC02.191219_FM1-2_consensus_vsearch	4446	A	*/-G	573	294	31.58%	2	2	93	93	2.6326432832258267E-102	1	1	31	542	132	162	-G
A2_BC02.191219_FM1-2_consensus_vsearch	4446	A	*/-GG	573	43	4.62%	2	2	93	93	5.320453782250197E-14	1	1	31	542	10	33	-G
A2_BC02.191219_FM1-2_consensus_vsearch	4450	G	*/-A	922	13	1.38%	2	2	93	93	1.1705044229998304E-4	1	1	182	740	2	11	-A
A2_BC02.191219_FM1-2_consensus_vsearch	4452	A	*/+T	911	19	2.01%	2	1	93	93	1.7382059029141806E-6	1	1	185	726	0	19	+T
A2_BC02.191219_FM1-2_consensus_vsearch	4452	A	*/-T	911	7	0.74%	2	1	93	93	0.007723336392485094	1	1	185	726	0	7	+T
A2_BC02.191219_FM1-2_consensus_vsearch	4453	T	*/+C	905	7	0.75%	2	2	93	93	0.007722751083948114	1	1	179	726	5	2	+C
A2_BC02.191219_FM1-2_consensus_vsearch	4453	T	*/-C	905	7	0.75%	2	1	93	93	0.007722751083948114	1	1	179	726	0	7	+C
A2_BC02.191219_FM1-2_consensus_vsearch	4454	C	*/-T	897	27	2.89%	2	2	93	93	6.14468115623368E-9	1	1	179	718	5	22	-T
A2_BC02.191219_FM1-2_consensus_vsearch	4455	T	*/+G	884	11	1.2%	2	1	93	93	4.734204228778794E-4	1	1	177	707	0	11	+G
A2_BC02.191219_FM1-2_consensus_vsearch	4458	C	*/-T	922	7	0.74%	2	1	93	93	0.007724389864457613	1	1	184	738	0	7	-T
A2_BC02.191219_FM1-2_consensus_vsearch	4460	G	*/+T	894	34	3.64%	2	1	93	93	4.278470750932678E-11	1	1	183	711	0	34	+T
A2_BC02.191219_FM1-2_consensus_vsearch	4462	C	*/-T	884	39	4.22%	2	2	93	93	1.2071854786435895E-12	1	1	181	703	1	38	-T
A2_BC02.191219_FM1-2_consensus_vsearch	4467	T	*/+A	715	33	3.63%	2	2	93	93	8.115456879728478E-11	1	1	159	556	1	32	+A
A2_BC02.191219_FM1-2_consensus_vsearch	4467	T	*/-A	715	160	17.6%	2	1	93	93	2.270347544740027E-52	1	1	159	556	0	160	-A
