Chrom	Position	Ref	Cons	Reads1	Reads2	VarFreq	Strands1	Strands2	Qual1	Qual2	Pvalue	MapQual1	MapQual2	Reads1Plus	Reads1Minus	Reads2Plus	Reads2Minus	VarAllele
C3_BC27.191219_FM1-2_consensus_vsearch	42	G	*/-AG	172	60	25.75%	2	2	93	93	1.0737836372097365E-20	1	1	12	160	43	17	-AG
C3_BC27.191219_FM1-2_consensus_vsearch	54	C	*/+T	212	13	5.39%	2	1	93	93	1.0213418662308634E-4	1	1	59	153	0	13	+T
C3_BC27.191219_FM1-2_consensus_vsearch	54	C	*/-T	212	11	4.56%	2	2	93	93	4.303452996410444E-4	1	1	59	153	1	10	+T
C3_BC27.191219_FM1-2_consensus_vsearch	102	C	*/+T	228	10	4.15%	2	1	93	93	8.867554066061573E-4	1	1	61	167	0	10	+T
C3_BC27.191219_FM1-2_consensus_vsearch	112	C	*/-G	227	12	5%	2	2	93	93	2.1192896510056628E-4	1	1	52	175	9	3	-G
C3_BC27.191219_FM1-2_consensus_vsearch	115	A	*/+T	180	11	4.6%	2	2	93	93	4.2108036879098717E-4	1	1	56	124	3	8	+T
C3_BC27.191219_FM1-2_consensus_vsearch	115	A	*/-T	180	42	17.57%	2	1	93	93	2.6673270674157487E-14	1	1	56	124	0	42	-T
C3_BC27.191219_FM1-2_consensus_vsearch	134	G	*/-TG	230	7	2.93%	2	2	93	93	0.0074693190837354945	1	1	59	171	1	6	-TG
C3_BC27.191219_FM1-2_consensus_vsearch	145	A	*/-G	207	22	9.28%	2	1	93	93	1.4041535632924546E-7	1	1	55	152	0	22	-G
C3_BC27.191219_FM1-2_consensus_vsearch	160	C	*/+A	223	7	2.98%	2	1	93	93	0.007458967428082863	1	1	55	168	0	7	+A
C3_BC27.191219_FM1-2_consensus_vsearch	182	T	*/-G	207	18	7.79%	2	1	93	93	2.677833421406879E-6	1	1	61	146	0	18	-G
C3_BC27.191219_FM1-2_consensus_vsearch	187	G	*/-TG	216	23	9.54%	2	2	93	93	6.838966941093143E-8	1	1	60	156	1	22	-TG
C3_BC27.191219_FM1-2_consensus_vsearch	196	A	*/+G	215	9	3.83%	2	1	93	93	0.0017995100038167202	1	1	55	160	0	9	+G
C3_BC27.191219_FM1-2_consensus_vsearch	199	T	*/-C	216	20	8.33%	2	1	93	93	6.265967951485761E-7	1	1	39	177	20	0	-C
C3_BC27.191219_FM1-2_consensus_vsearch	204	A	*/-C	196	35	14.58%	2	1	93	93	7.224979944441705E-12	1	1	58	138	0	35	-C
C3_BC27.191219_FM1-2_consensus_vsearch	220	A	*/-G	216	9	3.81%	2	2	93	93	0.0018001779733764346	1	1	54	162	5	4	-G
C3_BC27.191219_FM1-2_consensus_vsearch	223	C	*/-A	208	13	5.53%	2	2	93	93	1.0179544238135389E-4	1	1	47	161	7	6	-A
C3_BC27.191219_FM1-2_consensus_vsearch	230	A	*/+C	228	9	3.73%	2	1	93	93	0.001807763167971536	1	1	62	166	0	9	+C
C3_BC27.191219_FM1-2_consensus_vsearch	231	C	*/-T	229	7	2.93%	2	2	93	93	0.007467877541059236	1	1	61	168	1	6	-T
C3_BC27.191219_FM1-2_consensus_vsearch	232	T	*/-C	221	9	3.85%	2	1	93	93	0.001803432580702911	1	1	61	160	0	9	-C
C3_BC27.191219_FM1-2_consensus_vsearch	235	T	*/-A	220	11	4.58%	2	2	93	93	4.322761391918409E-4	1	1	58	162	2	9	-A
C3_BC27.191219_FM1-2_consensus_vsearch	237	A	*/-G	219	9	3.77%	2	2	93	93	0.0018021474934649558	1	1	58	161	1	8	-G
C3_BC27.191219_FM1-2_consensus_vsearch	243	A	*/-T	225	11	4.62%	2	1	93	93	4.334189676817625E-4	1	1	60	165	0	11	-T
C3_BC27.191219_FM1-2_consensus_vsearch	246	C	*/-G	168	68	28.45%	2	1	93	93	1.18220665294938E-23	1	1	61	107	0	68	-G
C3_BC27.191219_FM1-2_consensus_vsearch	254	T	*/-C	223	7	2.92%	2	1	93	93	0.007458967428082863	1	1	60	163	0	7	-C
C3_BC27.191219_FM1-2_consensus_vsearch	256	A	*/+G	178	53	22.08%	2	1	93	93	3.80143324893977E-18	1	1	58	120	0	53	+G
C3_BC27.191219_FM1-2_consensus_vsearch	258	G	*/+C	27	64	26.89%	1	2	93	93	8.7889833856282E-28	1	1	0	27	1	63	+C
C3_BC27.191219_FM1-2_consensus_vsearch	258	G	*/+CT	27	123	51.68%	1	2	93	93	6.0052827810424574E-58	1	1	0	27	60	63	+CT
C3_BC27.191219_FM1-2_consensus_vsearch	259	T	*/+C	188	20	8.37%	2	2	93	93	5.904806231127145E-7	1	1	61	127	1	19	+C
C3_BC27.191219_FM1-2_consensus_vsearch	260	C	*/+T	205	24	10.17%	2	1	93	93	3.157013405349682E-8	1	1	61	144	0	24	+T
C3_BC27.191219_FM1-2_consensus_vsearch	273	C	*/-T	220	12	5%	2	2	93	93	2.1100303986498742E-4	1	1	56	164	4	8	-T
C3_BC27.191219_FM1-2_consensus_vsearch	313	C	*/-T	226	10	4.17%	2	1	93	93	8.86015765791995E-4	1	1	61	165	0	10	-T
C3_BC27.191219_FM1-2_consensus_vsearch	315	T	*/-G	174	65	26.97%	2	1	93	93	1.7358277674259E-22	1	1	61	113	0	65	-G
C3_BC27.191219_FM1-2_consensus_vsearch	323	C	*/+G	226	7	2.9%	2	1	93	93	0.007463479333376833	1	1	59	167	0	7	+G
C3_BC27.191219_FM1-2_consensus_vsearch	327	C	*/-G	221	12	5%	2	1	93	93	2.1113855488095296E-4	1	1	61	160	0	12	-G
C3_BC27.191219_FM1-2_consensus_vsearch	334	C	*/-G	208	30	12.5%	2	1	93	93	3.513043633151075E-10	1	1	62	146	0	30	-G
C3_BC27.191219_FM1-2_consensus_vsearch	341	C	*/-G	185	43	17.99%	2	2	93	93	1.2753341031278021E-14	1	1	36	149	20	23	-G
C3_BC27.191219_FM1-2_consensus_vsearch	345	G	*/-A	227	10	4.15%	2	1	93	93	8.863871017160644E-4	1	1	50	177	10	0	-A
C3_BC27.191219_FM1-2_consensus_vsearch	350	A	*/+G	215	10	4.27%	2	1	93	93	8.817198236951184E-4	1	1	54	161	0	10	+G
C3_BC27.191219_FM1-2_consensus_vsearch	360	T	*/-C	216	24	10%	2	2	93	93	3.2552911535867905E-8	1	1	45	171	17	7	-C
C3_BC27.191219_FM1-2_consensus_vsearch	362	C	*/-G	191	50	20.75%	2	1	93	93	5.1966070701108834E-17	1	1	62	129	0	50	-G
C3_BC27.191219_FM1-2_consensus_vsearch	366	G	*/-A	214	20	8.33%	2	1	93	93	6.242524996453359E-7	1	1	40	174	20	0	-A
C3_BC27.191219_FM1-2_consensus_vsearch	385	C	*/-T	220	15	6.33%	2	1	93	93	2.423379894583162E-5	1	1	62	158	0	15	-T
C3_BC27.191219_FM1-2_consensus_vsearch	387	C	*/-T	178	50	21.37%	2	1	93	93	4.330013860912029E-17	1	1	61	117	0	50	-T
C3_BC27.191219_FM1-2_consensus_vsearch	395	C	*/-A	201	25	10.37%	2	2	93	93	1.4767789318515506E-8	1	1	53	148	5	20	-A
C3_BC27.191219_FM1-2_consensus_vsearch	398	G	*/+C	207	7	2.99%	2	1	93	93	0.007432788253078562	1	1	54	153	0	7	+C
C3_BC27.191219_FM1-2_consensus_vsearch	399	G	*/-A	224	7	2.93%	2	2	93	93	0.007460484300523826	1	1	52	172	6	1	-A
C3_BC27.191219_FM1-2_consensus_vsearch	401	A	*/-G	218	14	5.83%	2	1	93	93	4.9870133531628E-5	1	1	60	158	0	14	-G
C3_BC27.191219_FM1-2_consensus_vsearch	402	G	*/+C	211	7	3.11%	2	1	93	93	0.007439689863414905	1	1	60	151	0	7	+C
C3_BC27.191219_FM1-2_consensus_vsearch	413	C	*/-GC	211	16	6.64%	2	2	93	93	1.1605032761469583E-5	1	1	57	154	2	14	-GC
C3_BC27.191219_FM1-2_consensus_vsearch	413	C	*/-GCA	211	8	3.32%	2	1	93	93	0.0036602593149509337	1	1	57	154	0	8	-GC
C3_BC27.191219_FM1-2_consensus_vsearch	415	C	*/-A	166	41	19.07%	2	2	93	93	5.039921082580189E-14	1	1	56	110	2	39	-A
C3_BC27.191219_FM1-2_consensus_vsearch	420	T	*/-AC	219	14	5.81%	2	1	93	93	4.9914697602419593E-5	1	1	47	172	14	0	-AC
C3_BC27.191219_FM1-2_consensus_vsearch	436	G	*/-TG	202	36	15.06%	2	1	93	93	3.476338724419238E-12	1	1	61	141	0	36	-TG
C3_BC27.191219_FM1-2_consensus_vsearch	438	G	*/+TG	115	77	37.75%	2	2	93	93	4.410401057137733E-28	1	1	31	84	26	51	+TG
C3_BC27.191219_FM1-2_consensus_vsearch	442	T	*/+AA	229	7	2.9%	2	1	93	93	0.007467877541059236	1	1	61	168	0	7	+AA
C3_BC27.191219_FM1-2_consensus_vsearch	461	T	*/+G	228	8	3.33%	2	2	93	93	0.00367772893957288	1	1	60	168	1	7	+G
C3_BC27.191219_FM1-2_consensus_vsearch	466	C	*/-GC	222	11	4.6%	2	2	93	93	4.3273893004878305E-4	1	1	56	166	4	7	-GC
C3_BC27.191219_FM1-2_consensus_vsearch	468	C	*/+A	210	11	4.82%	2	1	93	93	4.298416344617859E-4	1	1	55	155	0	11	+A
C3_BC27.191219_FM1-2_consensus_vsearch	474	C	*/-A	229	7	2.92%	2	2	93	93	0.007467877541059236	1	1	61	168	1	6	-A
C3_BC27.191219_FM1-2_consensus_vsearch	478	G	*/-TG	227	8	3.32%	2	1	93	93	0.003676770270380206	1	1	62	165	0	8	-TG
C3_BC27.191219_FM1-2_consensus_vsearch	484	T	*/-A	226	12	5.04%	2	1	93	93	2.1179986535711708E-4	1	1	49	177	12	0	-A
C3_BC27.191219_FM1-2_consensus_vsearch	488	T	*/-G	176	60	24.9%	2	1	93	93	1.1699545199172442E-20	1	1	61	115	0	60	-G
C3_BC27.191219_FM1-2_consensus_vsearch	496	G	*/-C	223	10	4.18%	2	2	93	93	8.848831932848452E-4	1	1	53	170	7	3	-C
C3_BC27.191219_FM1-2_consensus_vsearch	497	C	*/+T	195	24	10.39%	2	2	93	93	3.0615762161336064E-8	1	1	54	141	1	23	+T
C3_BC27.191219_FM1-2_consensus_vsearch	498	C	*/-T	198	23	9.54%	2	1	93	93	6.520220361141492E-8	1	1	60	138	0	23	-T
C3_BC27.191219_FM1-2_consensus_vsearch	499	T	*/+C	201	8	3.67%	2	1	93	93	0.003648677074969142	1	1	62	139	0	8	+C
C3_BC27.191219_FM1-2_consensus_vsearch	509	C	*/-T	215	23	9.58%	2	1	93	93	6.822214666934832E-8	1	1	62	153	0	23	-T
C3_BC27.191219_FM1-2_consensus_vsearch	512	T	*/+G	225	9	3.75%	2	1	93	93	0.0018059382541162866	1	1	62	163	0	9	+G
C3_BC27.191219_FM1-2_consensus_vsearch	513	G	*/-A	232	9	3.73%	2	2	93	93	0.0018101271688386934	1	1	55	177	7	2	-A
C3_BC27.191219_FM1-2_consensus_vsearch	515	G	*/-T	215	22	9.17%	2	1	93	93	1.4307072701069838E-7	1	1	62	153	0	22	-T
C3_BC27.191219_FM1-2_consensus_vsearch	527	T	*/+G	104	132	54.77%	2	2	93	93	8.80069101600976E-52	1	1	4	100	57	75	+G
C3_BC27.191219_FM1-2_consensus_vsearch	529	A	*/-G	221	11	4.62%	2	2	93	93	4.3250849347899065E-4	1	1	56	165	2	9	-G
C3_BC27.191219_FM1-2_consensus_vsearch	539	T	*/-G	198	27	11.25%	2	2	93	93	3.2509395514536117E-9	1	1	58	140	1	26	-G
C3_BC27.191219_FM1-2_consensus_vsearch	561	T	*/-C	231	8	3.32%	2	2	93	93	0.0036805574954856175	1	1	57	174	5	3	-C
C3_BC27.191219_FM1-2_consensus_vsearch	566	C	*/-T	213	22	9.24%	2	2	93	93	1.4242007987645437E-7	1	1	58	155	1	21	-T
C3_BC27.191219_FM1-2_consensus_vsearch	579	T	*/-AT	224	15	6.22%	2	2	93	93	2.433045785761445E-5	1	1	56	168	5	10	-AT
C3_BC27.191219_FM1-2_consensus_vsearch	588	T	*/+A	226	7	2.9%	2	2	93	93	0.007463479333376833	1	1	56	170	6	1	+A
C3_BC27.191219_FM1-2_consensus_vsearch	597	T	*/-A	214	17	7.17%	2	2	93	93	5.621868794714691E-6	1	1	60	154	1	16	-A
C3_BC27.191219_FM1-2_consensus_vsearch	603	G	*/-TG	230	9	3.73%	2	1	93	93	0.0018089548541641684	1	1	61	169	0	9	-TG
C3_BC27.191219_FM1-2_consensus_vsearch	620	A	*/+G	177	10	4.22%	2	1	93	93	8.631325337656354E-4	1	1	50	127	0	10	+G
C3_BC27.191219_FM1-2_consensus_vsearch	620	A	*/-G	177	32	13.5%	2	2	93	93	6.442988634536704E-11	1	1	50	127	10	22	-G
C3_BC27.191219_FM1-2_consensus_vsearch	620	A	*/-GG	177	8	3.38%	2	1	93	93	0.0036158650264919274	1	1	50	127	0	8	-G
C3_BC27.191219_FM1-2_consensus_vsearch	620	A	*/-GGG	177	7	2.95%	2	1	93	93	0.007371570136883838	1	1	50	127	0	7	-G
C3_BC27.191219_FM1-2_consensus_vsearch	630	C	*/+T	211	19	8.15%	2	1	93	93	1.2947081676885062E-6	1	1	60	151	0	19	+T
C3_BC27.191219_FM1-2_consensus_vsearch	631	C	*/-T	221	8	3.36%	2	2	93	93	0.003670845031231652	1	1	59	162	2	6	-T
C3_BC27.191219_FM1-2_consensus_vsearch	637	C	*/-A	220	10	4.15%	2	2	93	93	8.837219519630479E-4	1	1	55	165	4	6	-A
C3_BC27.191219_FM1-2_consensus_vsearch	642	A	*/-C	209	19	7.98%	2	2	93	93	1.2901274566237775E-6	1	1	57	152	3	16	-C
C3_BC27.191219_FM1-2_consensus_vsearch	645	C	*/-T	206	24	9.96%	2	2	93	93	3.166228623111712E-8	1	1	61	145	1	23	-T
C3_BC27.191219_FM1-2_consensus_vsearch	648	C	*/-G	193	17	7.33%	2	1	93	93	5.4459068540119155E-6	1	1	56	137	0	17	-G
C3_BC27.191219_FM1-2_consensus_vsearch	652	G	*/-TGG	228	8	3.33%	2	1	93	93	0.00367772893957288	1	1	62	166	0	8	-TGG
C3_BC27.191219_FM1-2_consensus_vsearch	653	T	*/+G	203	7	3.03%	2	1	93	93	0.007425626339083171	1	1	60	143	0	7	+G
C3_BC27.191219_FM1-2_consensus_vsearch	653	T	*/-G	203	10	4.33%	2	2	93	93	8.765435124402236E-4	1	1	60	143	1	9	-G
C3_BC27.191219_FM1-2_consensus_vsearch	656	A	*/+T	222	11	4.6%	2	1	93	93	4.3273893004878305E-4	1	1	59	163	0	11	+T
C3_BC27.191219_FM1-2_consensus_vsearch	657	C	*/-T	217	8	3.38%	2	1	93	93	0.0036667219549938834	1	1	59	158	0	8	-T
C3_BC27.191219_FM1-2_consensus_vsearch	658	T	*/+C	213	7	3.07%	2	1	93	93	0.007443047448823043	1	1	59	154	0	7	+C
C3_BC27.191219_FM1-2_consensus_vsearch	669	G	*/-C	194	27	11.74%	2	2	93	93	3.1993715785060778E-9	1	1	30	164	25	2	-C
C3_BC27.191219_FM1-2_consensus_vsearch	670	C	*/+T	181	18	8.65%	2	1	93	93	2.5513375306020147E-6	1	1	31	150	0	18	+T
C3_BC27.191219_FM1-2_consensus_vsearch	672	C	*/-T	212	20	8.33%	2	2	93	93	6.218749809509289E-7	1	1	59	153	1	19	-T
C3_BC27.191219_FM1-2_consensus_vsearch	673	T	*/-A	191	8	3.69%	2	2	93	93	0.0036359507017874977	1	1	56	135	2	6	-A
C3_BC27.191219_FM1-2_consensus_vsearch	676	T	*/+C	207	18	7.63%	2	2	93	93	2.677833421406879E-6	1	1	54	153	1	17	+C
C3_BC27.191219_FM1-2_consensus_vsearch	681	G	*/-TG	225	13	5.39%	2	2	93	93	1.0316114131630932E-4	1	1	59	166	1	12	-TG
C3_BC27.191219_FM1-2_consensus_vsearch	688	T	*/-C	223	10	4.2%	2	1	93	93	8.848831932848452E-4	1	1	61	162	0	10	-C
C3_BC27.191219_FM1-2_consensus_vsearch	689	C	*/+G	204	8	3.48%	2	1	93	93	0.0036522646351654408	1	1	61	143	0	8	+G
C3_BC27.191219_FM1-2_consensus_vsearch	689	C	*/+T	204	13	5.65%	2	1	93	93	1.0144502228683225E-4	1	1	61	143	0	13	+T
C3_BC27.191219_FM1-2_consensus_vsearch	691	G	*/-C	224	12	5%	2	2	93	93	2.1153854171006224E-4	1	1	55	169	5	7	-C
C3_BC27.191219_FM1-2_consensus_vsearch	706	A	*/-C	221	13	5.44%	2	1	93	93	1.0285657652119606E-4	1	1	58	163	0	13	-C
C3_BC27.191219_FM1-2_consensus_vsearch	708	C	*/-T	207	17	7.14%	2	1	93	93	5.56642225097613E-6	1	1	59	148	0	17	-T
C3_BC27.191219_FM1-2_consensus_vsearch	708	C	*/-TC	207	8	3.36%	2	1	93	93	0.003655753662936563	1	1	59	148	0	8	-T
C3_BC27.191219_FM1-2_consensus_vsearch	709	T	*/-C	187	25	11.68%	2	1	93	93	1.4057802921912948E-8	1	1	59	128	0	25	-C
C3_BC27.191219_FM1-2_consensus_vsearch	710	C	*/+G	193	7	3.38%	2	1	93	93	0.007406481321433913	1	1	59	134	0	7	+G
C3_BC27.191219_FM1-2_consensus_vsearch	738	A	*/-CA	225	8	3.39%	2	2	93	93	0.0036748286042396724	1	1	57	168	4	4	-CA
C3_BC27.191219_FM1-2_consensus_vsearch	745	G	*/-C	227	8	3.35%	2	2	93	93	0.003676770270380206	1	1	51	176	7	1	-C
C3_BC27.191219_FM1-2_consensus_vsearch	762	T	*/-G	228	7	2.9%	2	1	93	93	0.007466423838535645	1	1	61	167	0	7	-G
C3_BC27.191219_FM1-2_consensus_vsearch	771	A	*/-CA	225	8	3.36%	2	2	93	93	0.0036748286042396724	1	1	60	165	1	7	-CA
C3_BC27.191219_FM1-2_consensus_vsearch	774	T	*/-G	219	12	5.02%	2	1	93	93	2.10866409362083E-4	1	1	62	157	0	12	-G
C3_BC27.191219_FM1-2_consensus_vsearch	793	G	*/-TTG	233	7	2.9%	2	2	93	93	0.007473572259320498	1	1	56	177	5	2	-TTG
C3_BC27.191219_FM1-2_consensus_vsearch	809	G	*/-CA	227	12	5%	2	1	93	93	2.1192896510056628E-4	1	1	62	165	0	12	-CA
C3_BC27.191219_FM1-2_consensus_vsearch	824	A	*/-G	159	40	16.88%	2	2	93	93	1.0279515672471388E-13	1	1	45	114	13	27	-G
C3_BC27.191219_FM1-2_consensus_vsearch	824	A	*/-GG	159	26	10.97%	2	2	93	93	5.796080281288992E-9	1	1	45	114	1	25	-G
C3_BC27.191219_FM1-2_consensus_vsearch	831	C	*/+T	215	17	7.11%	2	1	93	93	5.6295494834087824E-6	1	1	61	154	0	17	+T
C3_BC27.191219_FM1-2_consensus_vsearch	832	T	*/-C	182	42	17.65%	2	1	93	93	2.7243710196804186E-14	1	1	60	122	0	42	-C
C3_BC27.191219_FM1-2_consensus_vsearch	832	T	*/-CG	182	7	2.94%	2	1	93	93	0.007383107786177688	1	1	60	122	0	7	-C
C3_BC27.191219_FM1-2_consensus_vsearch	833	C	*/-G	162	8	4.26%	2	1	93	93	0.0035907474640792065	1	1	59	103	0	8	-G
C3_BC27.191219_FM1-2_consensus_vsearch	833	C	*/-GG	162	9	4.79%	2	1	93	93	0.001753253527181243	1	1	59	103	0	9	-GG
C3_BC27.191219_FM1-2_consensus_vsearch	847	C	*/-T	204	36	14.94%	2	1	93	93	3.521515078250777E-12	1	1	62	142	0	36	-T
C3_BC27.191219_FM1-2_consensus_vsearch	850	T	*/+G	213	10	4.24%	2	2	93	93	8.808946039600796E-4	1	1	61	152	1	9	+G
C3_BC27.191219_FM1-2_consensus_vsearch	850	T	*/-G	213	8	3.39%	2	1	93	93	0.0036624519192641563	1	1	61	152	0	8	+G
C3_BC27.191219_FM1-2_consensus_vsearch	857	A	*/+G	106	13	5.44%	2	2	93	93	8.635993352100204E-5	1	1	25	81	2	11	+G
C3_BC27.191219_FM1-2_consensus_vsearch	857	A	*/-G	106	65	27.2%	2	2	93	93	1.4055552556232244E-23	1	1	25	81	29	36	-G
C3_BC27.191219_FM1-2_consensus_vsearch	857	A	*/-GG	106	17	7.11%	2	2	93	93	4.216087745708255E-6	1	1	25	81	5	12	-G
C3_BC27.191219_FM1-2_consensus_vsearch	857	A	*/-GGG	106	34	14.23%	2	1	93	93	5.936430923301982E-12	1	1	25	81	0	34	-GGG
C3_BC27.191219_FM1-2_consensus_vsearch	866	A	*/+C	204	10	4.15%	2	1	93	93	8.769963348909129E-4	1	1	61	143	0	10	+C
C3_BC27.191219_FM1-2_consensus_vsearch	866	A	*/-T	204	18	7.47%	2	1	93	93	2.6645289168846238E-6	1	1	61	143	0	18	-T
C3_BC27.191219_FM1-2_consensus_vsearch	867	T	*/-C	191	17	7.83%	2	2	93	93	5.427543998578852E-6	1	1	55	136	5	12	-C
C3_BC27.191219_FM1-2_consensus_vsearch	869	C	*/-T	218	17	7.05%	2	2	93	93	5.652245888608535E-6	1	1	61	157	1	16	-T
C3_BC27.191219_FM1-2_consensus_vsearch	871	G	*/-TG	213	9	3.73%	2	1	93	93	0.0017981564163397133	1	1	60	153	0	9	-TG
C3_BC27.191219_FM1-2_consensus_vsearch	874	A	*/+C	183	9	3.73%	2	1	93	93	0.0017745564291022078	1	1	60	123	0	9	+C
C3_BC27.191219_FM1-2_consensus_vsearch	874	A	*/-C	183	47	19.5%	2	2	93	93	5.173978832128927E-16	1	1	60	123	2	45	-C
C3_BC27.191219_FM1-2_consensus_vsearch	879	C	*/-A	211	7	3.03%	2	1	93	93	0.007439689863414905	1	1	55	156	7	0	-A
C3_BC27.191219_FM1-2_consensus_vsearch	911	A	*/-G	151	75	32.19%	2	2	93	93	1.6188562742645854E-26	1	1	39	112	11	64	-G
C3_BC27.191219_FM1-2_consensus_vsearch	913	G	*/+A	219	9	3.75%	2	1	93	93	0.0018021474934649558	1	1	41	178	9	0	+A
C3_BC27.191219_FM1-2_consensus_vsearch	920	T	*/-C	225	7	2.9%	2	2	93	93	0.0074619882138406745	1	1	61	164	1	6	-C
C3_BC27.191219_FM1-2_consensus_vsearch	928	C	*/-A	217	15	6.28%	2	1	93	93	2.4159309133094825E-5	1	1	61	156	0	15	-A
C3_BC27.191219_FM1-2_consensus_vsearch	930	A	*/-G	220	12	5.06%	2	1	93	93	2.1100303986498742E-4	1	1	61	159	0	12	-G
C3_BC27.191219_FM1-2_consensus_vsearch	937	A	*/-G	223	8	3.33%	2	2	93	93	0.0036728538094896964	1	1	53	170	5	3	-G
C3_BC27.191219_FM1-2_consensus_vsearch	941	T	*/-G	120	94	39.5%	2	2	93	93	8.950425540110806E-35	1	1	38	82	13	81	-G
C3_BC27.191219_FM1-2_consensus_vsearch	941	T	*/-GG	120	13	5.46%	2	2	93	93	8.972787621074964E-5	1	1	38	82	9	4	-G
C3_BC27.191219_FM1-2_consensus_vsearch	948	G	*/+T	191	26	11.16%	2	1	93	93	6.7216213593145134E-9	1	1	59	132	0	26	+T
C3_BC27.191219_FM1-2_consensus_vsearch	949	C	*/-A	168	12	5.19%	2	2	93	93	2.0201205851976917E-4	1	1	59	109	2	10	-A
C3_BC27.191219_FM1-2_consensus_vsearch	959	T	*/+G	225	11	4.56%	2	2	93	93	4.334189676817625E-4	1	1	51	174	10	1	+G
C3_BC27.191219_FM1-2_consensus_vsearch	960	A	*/-G	216	10	4.18%	2	2	93	93	8.821271222096345E-4	1	1	47	169	9	1	-G
C3_BC27.191219_FM1-2_consensus_vsearch	983	T	*/+A	222	8	3.33%	2	2	93	93	0.0036718537228742883	1	1	58	164	1	7	+A
C3_BC27.191219_FM1-2_consensus_vsearch	998	C	*/+T	226	7	2.95%	2	1	93	93	0.007463479333376833	1	1	59	167	0	7	+T
C3_BC27.191219_FM1-2_consensus_vsearch	1004	C	*/+G	218	8	3.32%	2	1	93	93	0.003667766201363899	1	1	60	158	0	8	+G
C3_BC27.191219_FM1-2_consensus_vsearch	1004	C	*/-G	218	10	4.15%	2	2	93	93	8.829313223014774E-4	1	1	60	158	1	9	-G
C3_BC27.191219_FM1-2_consensus_vsearch	1009	G	*/+T	221	18	7.5%	2	1	93	93	2.7361017606407482E-6	1	1	62	159	0	18	+T
C3_BC27.191219_FM1-2_consensus_vsearch	1010	T	*/-C	230	8	3.32%	2	1	93	93	0.0036796224538833875	1	1	61	169	0	8	-C
C3_BC27.191219_FM1-2_consensus_vsearch	1013	G	*/-T	215	14	5.83%	2	1	93	93	4.973428022334695E-5	1	1	61	154	0	14	-T
C3_BC27.191219_FM1-2_consensus_vsearch	1024	G	*/+C	225	9	3.78%	2	1	93	93	0.0018059382541162866	1	1	61	164	0	9	+C
C3_BC27.191219_FM1-2_consensus_vsearch	1026	T	*/-C	222	8	3.39%	2	1	93	93	0.0036718537228742883	1	1	60	162	0	8	-C
C3_BC27.191219_FM1-2_consensus_vsearch	1027	C	*/+G	196	21	9.05%	2	2	93	93	2.868926012059276E-7	1	1	55	141	6	15	+G
C3_BC27.191219_FM1-2_consensus_vsearch	1039	G	*/-A	226	7	2.97%	2	2	93	93	0.007463479333376833	1	1	48	178	6	1	-A
C3_BC27.191219_FM1-2_consensus_vsearch	1044	T	*/+C	202	19	7.88%	2	1	93	93	1.273549938699874E-6	1	1	49	153	0	19	+C
C3_BC27.191219_FM1-2_consensus_vsearch	1045	A	*/+G	192	19	8.02%	2	1	93	93	1.2482898133299926E-6	1	1	49	143	0	19	+G
C3_BC27.191219_FM1-2_consensus_vsearch	1045	A	*/+GG	192	11	4.64%	2	1	93	93	4.248818010929111E-4	1	1	49	143	0	11	+G
C3_BC27.191219_FM1-2_consensus_vsearch	1045	A	*/-G	192	9	3.8%	2	1	93	93	0.0017823577244849092	1	1	49	143	9	0	+G
C3_BC27.191219_FM1-2_consensus_vsearch	1050	C	*/-T	211	21	8.75%	2	1	93	93	2.9693129721095895E-7	1	1	61	150	0	21	-T
C3_BC27.191219_FM1-2_consensus_vsearch	1053	T	*/-G	194	41	17.01%	2	1	93	93	6.7202393294504E-14	1	1	61	133	0	41	-G
C3_BC27.191219_FM1-2_consensus_vsearch	1057	C	*/-T	224	17	7.05%	2	1	93	93	5.696139726468511E-6	1	1	62	162	0	17	-T
C3_BC27.191219_FM1-2_consensus_vsearch	1060	T	*/+G	150	25	10.55%	2	2	93	93	1.184679836778211E-8	1	1	46	104	2	23	+G
C3_BC27.191219_FM1-2_consensus_vsearch	1060	T	*/-G	150	50	21.1%	2	2	93	93	2.66412910800418E-17	1	1	46	104	9	41	-G
C3_BC27.191219_FM1-2_consensus_vsearch	1060	T	*/-GG	150	7	2.95%	2	2	93	93	0.007296738417420601	1	1	46	104	3	4	-G
C3_BC27.191219_FM1-2_consensus_vsearch	1089	T	*/-A	217	7	2.97%	2	2	93	93	0.007449584424390529	1	1	49	168	4	3	-A
C3_BC27.191219_FM1-2_consensus_vsearch	1105	A	*/+G	223	8	3.32%	2	2	93	93	0.0036728538094896964	1	1	54	169	6	2	+G
C3_BC27.191219_FM1-2_consensus_vsearch	1105	A	*/-G	223	10	4.15%	2	2	93	93	8.848831932848452E-4	1	1	54	169	2	8	-G
C3_BC27.191219_FM1-2_consensus_vsearch	1109	C	*/+A	218	20	8.33%	2	1	93	93	6.289085432244558E-7	1	1	62	156	0	20	+A
C3_BC27.191219_FM1-2_consensus_vsearch	1111	C	*/-A	204	7	2.95%	2	1	93	93	0.007427442022474603	1	1	62	142	0	7	-A
C3_BC27.191219_FM1-2_consensus_vsearch	1120	G	*/-TG	206	27	11.39%	2	1	93	93	3.350714940083685E-9	1	1	62	144	0	27	-TG
C3_BC27.191219_FM1-2_consensus_vsearch	1121	T	*/+G	199	8	3.77%	2	1	93	93	0.0036462285478980633	1	1	61	138	0	8	+G
C3_BC27.191219_FM1-2_consensus_vsearch	1128	T	*/+G	215	13	5.51%	2	1	93	93	1.0238092820754376E-4	1	1	62	153	0	13	+G
C3_BC27.191219_FM1-2_consensus_vsearch	1131	G	*/+TG	225	8	3.4%	2	2	93	93	0.0036748286042396724	1	1	58	167	1	7	+TG
C3_BC27.191219_FM1-2_consensus_vsearch	1133	C	*/-TT	205	22	9.28%	2	1	93	93	1.3972894763610762E-7	1	1	36	169	22	0	-TT
C3_BC27.191219_FM1-2_consensus_vsearch	1137	A	*/-T	227	8	3.35%	2	2	93	93	0.003676770270380206	1	1	55	172	5	3	-T
C3_BC27.191219_FM1-2_consensus_vsearch	1144	T	*/+C	222	10	4.2%	2	2	93	93	8.844993515297029E-4	1	1	60	162	2	8	+C
C3_BC27.191219_FM1-2_consensus_vsearch	1150	C	*/-G	171	53	22.27%	2	2	93	93	3.3710872169570493E-18	1	1	38	133	19	34	-G
C3_BC27.191219_FM1-2_consensus_vsearch	1157	G	*/+C	226	10	4.18%	2	1	93	93	8.86015765791995E-4	1	1	61	165	0	10	+C
C3_BC27.191219_FM1-2_consensus_vsearch	1159	T	*/-C	227	10	4.15%	2	2	93	93	8.863871017160644E-4	1	1	61	166	1	9	-C
C3_BC27.191219_FM1-2_consensus_vsearch	1164	A	*/-G	221	12	4.98%	2	1	93	93	2.1113855488095296E-4	1	1	58	163	0	12	-G
C3_BC27.191219_FM1-2_consensus_vsearch	1168	C	*/+G	231	8	3.33%	2	2	93	93	0.0036805574954856175	1	1	54	177	7	1	+G
C3_BC27.191219_FM1-2_consensus_vsearch	1169	A	+G/+G	8	220	91.67%	1	2	93	93	3.0464695406951963E-122	1	1	0	8	54	166	+G
C3_BC27.191219_FM1-2_consensus_vsearch	1179	A	*/+G	177	32	13.33%	2	1	93	93	6.442988634536704E-11	1	1	59	118	0	32	+G
C3_BC27.191219_FM1-2_consensus_vsearch	1179	A	*/-G	177	27	11.25%	2	1	93	93	2.966847894881521E-9	1	1	59	118	0	27	+G
C3_BC27.191219_FM1-2_consensus_vsearch	1201	C	*/-T	223	12	5%	2	1	93	93	2.114062925508352E-4	1	1	62	161	0	12	-T
C3_BC27.191219_FM1-2_consensus_vsearch	1224	G	*/-TG	229	7	2.93%	2	1	93	93	0.007467877541059236	1	1	61	168	0	7	-TG
C3_BC27.191219_FM1-2_consensus_vsearch	1246	T	*/-G	197	28	11.81%	2	2	93	93	1.5217163857873044E-9	1	1	53	144	2	26	-G
C3_BC27.191219_FM1-2_consensus_vsearch	1270	C	*/+G	217	14	5.81%	2	1	93	93	4.982521215421391E-5	1	1	62	155	0	14	+G
C3_BC27.191219_FM1-2_consensus_vsearch	1290	A	*/-C	215	20	8.33%	2	2	93	93	6.254287576406704E-7	1	1	58	157	1	19	-C
C3_BC27.191219_FM1-2_consensus_vsearch	1293	C	*/-AA	187	15	6.22%	2	2	93	93	2.3304924449198953E-5	1	1	53	134	1	14	-AA
C3_BC27.191219_FM1-2_consensus_vsearch	1293	C	*/-AAG	187	13	5.39%	2	1	93	93	9.981039688765196E-5	1	1	53	134	0	13	-AA
C3_BC27.191219_FM1-2_consensus_vsearch	1299	T	*/-G	225	12	5%	2	1	93	93	2.1166972840265804E-4	1	1	60	165	0	12	-G
C3_BC27.191219_FM1-2_consensus_vsearch	1309	T	*/+C	136	9	3.9%	2	2	93	93	0.001718626389695711	1	1	52	84	1	8	+C
C3_BC27.191219_FM1-2_consensus_vsearch	1309	T	*/-C	136	78	33.77%	2	2	93	93	5.8588147244773205E-28	1	1	52	84	9	69	-C
C3_BC27.191219_FM1-2_consensus_vsearch	1312	C	*/-T	207	28	11.67%	2	1	93	93	1.5846412514860424E-9	1	1	62	145	0	28	-T
C3_BC27.191219_FM1-2_consensus_vsearch	1313	T	*/-C	190	9	4.31%	2	1	93	93	0.0017806835488244307	1	1	61	129	0	9	-C
C3_BC27.191219_FM1-2_consensus_vsearch	1317	G	*/-TG	230	8	3.32%	2	2	93	93	0.0036796224538833875	1	1	58	172	3	5	-TG
C3_BC27.191219_FM1-2_consensus_vsearch	1320	C	*/-T	207	20	8.33%	2	1	93	93	6.157812320632015E-7	1	1	59	148	0	20	-T
C3_BC27.191219_FM1-2_consensus_vsearch	1320	C	*/-TT	207	7	2.92%	2	1	93	93	0.007432788253078562	1	1	59	148	0	7	-T
C3_BC27.191219_FM1-2_consensus_vsearch	1322	T	*/+C	216	11	4.72%	2	1	93	93	4.313270586514381E-4	1	1	59	157	0	11	+C
C3_BC27.191219_FM1-2_consensus_vsearch	1323	T	*/+C	22	9	3.73%	1	2	93	93	9.937635520765498E-4	1	1	0	22	2	7	+C
C3_BC27.191219_FM1-2_consensus_vsearch	1323	T	*/+CA	22	10	4.15%	1	2	93	93	4.2589866517567145E-4	1	1	0	22	9	1	+CA
C3_BC27.191219_FM1-2_consensus_vsearch	1323	T	*/+CG	22	146	60.58%	1	2	93	93	5.599523118976287E-72	1	1	0	22	45	101	+CG
C3_BC27.191219_FM1-2_consensus_vsearch	1323	T	*/+CGG	22	7	2.9%	1	1	93	93	0.00519093617405469	1	1	0	22	0	7	+CG
C3_BC27.191219_FM1-2_consensus_vsearch	1326	C	*/-T	193	13	5.46%	2	2	93	93	1.0041600859633792E-4	1	1	58	135	4	9	-T
C3_BC27.191219_FM1-2_consensus_vsearch	1328	T	*/-C	212	19	7.95%	2	2	93	93	1.2969734963085345E-6	1	1	58	154	3	16	-C
C3_BC27.191219_FM1-2_consensus_vsearch	1331	A	*/-G	220	8	3.46%	2	2	93	93	0.0036698276230520683	1	1	49	171	4	4	-G
C3_BC27.191219_FM1-2_consensus_vsearch	1335	C	*/-GGC	220	7	2.94%	2	2	93	93	0.007454337359329176	1	1	58	162	2	5	-GGC
C3_BC27.191219_FM1-2_consensus_vsearch	1339	G	*/+C	230	7	2.93%	2	1	93	93	0.0074693190837354945	1	1	61	169	0	7	+C
C3_BC27.191219_FM1-2_consensus_vsearch	1340	C	*/-T	224	11	4.56%	2	1	93	93	4.3319414411093957E-4	1	1	62	162	0	11	-T
C3_BC27.191219_FM1-2_consensus_vsearch	1342	C	*/+T	213	10	4.22%	2	1	93	93	8.808946039600796E-4	1	1	62	151	0	10	+T
C3_BC27.191219_FM1-2_consensus_vsearch	1342	C	*/-T	213	12	5.06%	2	1	93	93	2.1002241192895544E-4	1	1	62	151	0	12	-T
C3_BC27.191219_FM1-2_consensus_vsearch	1345	C	*/-T	207	20	8.7%	2	2	93	93	6.157812320632015E-7	1	1	58	149	2	18	-T
C3_BC27.191219_FM1-2_consensus_vsearch	1354	T	*/+A	189	7	2.95%	2	2	93	93	0.007398282157210082	1	1	46	143	4	3	+A
C3_BC27.191219_FM1-2_consensus_vsearch	1354	T	*/+G	189	12	5.06%	2	1	93	93	2.0617105570630654E-4	1	1	46	143	0	12	+G
C3_BC27.191219_FM1-2_consensus_vsearch	1354	T	*/-G	189	14	5.91%	2	2	93	93	4.840279700124344E-5	1	1	46	143	3	11	-G
C3_BC27.191219_FM1-2_consensus_vsearch	1372	T	*/-A	219	16	6.72%	2	2	93	93	1.1717441248540928E-5	1	1	52	167	8	8	-A
C3_BC27.191219_FM1-2_consensus_vsearch	1374	A	*/-G	220	8	3.33%	2	2	93	93	0.0036698276230520683	1	1	56	164	1	7	-G
C3_BC27.191219_FM1-2_consensus_vsearch	1379	G	*/-TG	229	10	4.15%	2	1	93	93	8.87120717393791E-4	1	1	61	168	0	10	-TG
C3_BC27.191219_FM1-2_consensus_vsearch	1388	C	*/-T	207	8	3.49%	2	2	93	93	0.003655753662936563	1	1	48	159	6	2	-T
C3_BC27.191219_FM1-2_consensus_vsearch	1393	C	*/-A	207	19	8.05%	2	2	93	93	1.2854787932019895E-6	1	1	57	150	1	18	-A
C3_BC27.191219_FM1-2_consensus_vsearch	1414	C	*/+T	224	11	4.56%	2	1	93	93	4.3319414411093957E-4	1	1	62	162	0	11	+T
C3_BC27.191219_FM1-2_consensus_vsearch	1425	T	*/-G	225	8	3.36%	2	1	93	93	0.0036748286042396724	1	1	61	164	0	8	-G
C3_BC27.191219_FM1-2_consensus_vsearch	1433	A	*/+T	217	7	2.92%	2	1	93	93	0.007449584424390529	1	1	62	155	0	7	+T
C3_BC27.191219_FM1-2_consensus_vsearch	1438	C	*/+GC	91	129	55.13%	2	2	93	93	2.0214910956981523E-51	1	1	18	73	35	94	+GC
C3_BC27.191219_FM1-2_consensus_vsearch	1444	T	*/+G	225	13	5.42%	2	1	93	93	1.0316114131630932E-4	1	1	60	165	0	13	+G
C3_BC27.191219_FM1-2_consensus_vsearch	1456	T	*/-G	224	13	5.42%	2	2	93	93	1.0308590668956199E-4	1	1	61	163	1	12	-G
C3_BC27.191219_FM1-2_consensus_vsearch	1467	C	*/-T	233	8	3.32%	2	1	93	93	0.0036824046267336483	1	1	62	171	0	8	-T
C3_BC27.191219_FM1-2_consensus_vsearch	1473	C	*/+G	213	16	6.64%	2	1	93	93	1.1633794120125217E-5	1	1	61	152	0	16	+G
C3_BC27.191219_FM1-2_consensus_vsearch	1476	G	*/-AG	213	15	6.36%	2	2	93	93	2.4057212275525828E-5	1	1	49	164	2	13	-AG
C3_BC27.191219_FM1-2_consensus_vsearch	1477	A	*/-G	197	12	5.45%	2	2	93	93	2.0754774095569465E-4	1	1	42	155	8	4	-G
C3_BC27.191219_FM1-2_consensus_vsearch	1479	G	*/+A	225	10	4.22%	2	1	93	93	8.856413612935507E-4	1	1	47	178	10	0	+A
C3_BC27.191219_FM1-2_consensus_vsearch	1482	T	*/-GG	221	11	4.58%	2	1	93	93	4.3250849347899065E-4	1	1	61	160	0	11	-GG
C3_BC27.191219_FM1-2_consensus_vsearch	1484	G	*/+A	212	7	3.04%	2	1	93	93	0.00744137624879223	1	1	49	163	7	0	+A
C3_BC27.191219_FM1-2_consensus_vsearch	1489	T	*/+C	225	9	3.8%	2	2	93	93	0.0018059382541162866	1	1	60	165	1	8	+C
C3_BC27.191219_FM1-2_consensus_vsearch	1491	C	*/-T	228	11	4.56%	2	1	93	93	4.340825732543977E-4	1	1	62	166	0	11	-T
C3_BC27.191219_FM1-2_consensus_vsearch	1505	C	*/+A	231	8	3.32%	2	2	93	93	0.0036805574954856175	1	1	59	172	2	6	+A
C3_BC27.191219_FM1-2_consensus_vsearch	1506	G	*/-TG	218	13	5.39%	2	1	93	93	1.0262165255618348E-4	1	1	60	158	0	13	-TG
C3_BC27.191219_FM1-2_consensus_vsearch	1508	G	*/-C	207	12	5.38%	2	1	93	93	2.091345729349345E-4	1	1	61	146	0	12	-C
C3_BC27.191219_FM1-2_consensus_vsearch	1510	T	*/-G	198	40	16.74%	2	2	93	93	1.5194270052164857E-13	1	1	49	149	12	28	-G
C3_BC27.191219_FM1-2_consensus_vsearch	1517	C	*/+G	222	12	5.04%	2	1	93	93	2.1127296798947417E-4	1	1	58	164	0	12	+G
C3_BC27.191219_FM1-2_consensus_vsearch	1524	T	*/-G	212	23	9.66%	2	1	93	93	6.771311833415616E-8	1	1	62	150	0	23	-G
C3_BC27.191219_FM1-2_consensus_vsearch	1536	C	*/-G	226	8	3.39%	2	1	93	93	0.003675803526076434	1	1	59	167	0	8	-G
C3_BC27.191219_FM1-2_consensus_vsearch	1546	G	*/+A	230	8	3.32%	2	1	93	93	0.0036796224538833875	1	1	53	177	8	0	+A
C3_BC27.191219_FM1-2_consensus_vsearch	1547	A	*/+G	227	8	3.36%	2	1	93	93	0.003676770270380206	1	1	53	174	8	0	+G
C3_BC27.191219_FM1-2_consensus_vsearch	1552	C	*/+T	210	15	6.25%	2	1	93	93	2.3978473096487834E-5	1	1	62	148	0	15	+T
C3_BC27.191219_FM1-2_consensus_vsearch	1562	T	*/+G	217	10	4.26%	2	2	93	93	8.825309402840407E-4	1	1	57	160	1	9	+G
C3_BC27.191219_FM1-2_consensus_vsearch	1575	C	*/+A	228	7	2.94%	2	1	93	93	0.007466423838535645	1	1	60	168	0	7	+A
C3_BC27.191219_FM1-2_consensus_vsearch	1590	C	*/+T	206	33	13.75%	2	2	93	93	3.554954044544134E-11	1	1	40	166	21	12	+T
C3_BC27.191219_FM1-2_consensus_vsearch	1591	C	*/+TG	26	162	67.5%	2	2	93	93	3.1359209243615817E-79	1	1	6	20	31	131	+TG
C3_BC27.191219_FM1-2_consensus_vsearch	1592	C	*/+G	193	7	2.92%	2	2	93	93	0.007406481321433913	1	1	53	140	1	6	+G
C3_BC27.191219_FM1-2_consensus_vsearch	1592	C	*/+T	193	14	5.83%	2	1	93	93	4.862760706844154E-5	1	1	53	140	0	14	+T
C3_BC27.191219_FM1-2_consensus_vsearch	1592	C	*/+TGC	193	8	3.33%	2	2	93	93	0.003638595561901328	1	1	53	140	5	3	+T
C3_BC27.191219_FM1-2_consensus_vsearch	1594	C	*/-T	158	77	31.95%	2	2	93	93	3.721343253160969E-27	1	1	59	99	2	75	-T
C3_BC27.191219_FM1-2_consensus_vsearch	1595	T	*/+C	138	9	5.52%	2	1	93	93	0.0017217098568314186	1	1	56	82	0	9	+C
C3_BC27.191219_FM1-2_consensus_vsearch	1603	C	*/-AC	209	25	10.46%	2	2	93	93	1.5147044483682217E-8	1	1	52	157	9	16	-AC
C3_BC27.191219_FM1-2_consensus_vsearch	1620	T	*/+C	219	9	3.75%	2	2	93	93	0.0018021474934649558	1	1	59	160	1	8	+C
C3_BC27.191219_FM1-2_consensus_vsearch	1622	C	*/+G	206	13	5.42%	2	1	93	93	1.016217291023551E-4	1	1	62	144	0	13	+G
C3_BC27.191219_FM1-2_consensus_vsearch	1622	C	*/+GG	206	9	3.75%	2	1	93	93	0.001793225137980622	1	1	62	144	0	9	+G
C3_BC27.191219_FM1-2_consensus_vsearch	1622	C	*/+T	206	9	3.75%	2	1	93	93	0.001793225137980622	1	1	62	144	0	9	+G
C3_BC27.191219_FM1-2_consensus_vsearch	1632	G	*/+C	222	10	4.17%	2	1	93	93	8.844993515297029E-4	1	1	61	161	0	10	+C
C3_BC27.191219_FM1-2_consensus_vsearch	1634	T	*/-C	215	13	5.49%	2	1	93	93	1.0238092820754376E-4	1	1	56	159	0	13	-C
C3_BC27.191219_FM1-2_consensus_vsearch	1646	T	*/-A	220	8	3.35%	2	2	93	93	0.0036698276230520683	1	1	60	160	2	6	-A
C3_BC27.191219_FM1-2_consensus_vsearch	1647	A	*/+G	207	7	3.03%	2	1	93	93	0.007432788253078562	1	1	58	149	0	7	+G
C3_BC27.191219_FM1-2_consensus_vsearch	1647	A	*/-G	207	15	6.49%	2	2	93	93	2.3897801371672697E-5	1	1	58	149	1	14	-G
C3_BC27.191219_FM1-2_consensus_vsearch	1652	C	*/-T	216	11	4.62%	2	2	93	93	4.313270586514381E-4	1	1	61	155	1	10	-T
C3_BC27.191219_FM1-2_consensus_vsearch	1652	C	*/-TT	216	7	2.94%	2	1	93	93	0.007447971960236055	1	1	61	155	0	7	-T
C3_BC27.191219_FM1-2_consensus_vsearch	1654	T	*/-C	214	13	5.6%	2	2	93	93	1.0229936061105097E-4	1	1	60	154	1	12	-C
C3_BC27.191219_FM1-2_consensus_vsearch	1655	C	*/+T	193	18	8%	2	1	93	93	2.613000438265718E-6	1	1	60	133	0	18	+T
C3_BC27.191219_FM1-2_consensus_vsearch	1655	C	*/-G	193	8	3.56%	2	2	93	93	0.003638595561901328	1	1	60	133	1	7	+T
C3_BC27.191219_FM1-2_consensus_vsearch	1661	C	*/-GC	200	34	14.47%	2	2	93	93	1.598414849450267E-11	1	1	42	158	17	17	-GC
C3_BC27.191219_FM1-2_consensus_vsearch	1679	G	*/-A	232	9	3.73%	2	1	93	93	0.0018101271688386934	1	1	53	179	9	0	-A
C3_BC27.191219_FM1-2_consensus_vsearch	1683	C	*/+A	220	8	3.38%	2	1	93	93	0.0036698276230520683	1	1	48	172	8	0	+A
C3_BC27.191219_FM1-2_consensus_vsearch	1684	G	*/-A	219	11	4.68%	2	1	93	93	4.3204184318133837E-4	1	1	45	174	11	0	-A
C3_BC27.191219_FM1-2_consensus_vsearch	1695	C	*/-T	221	15	6.22%	2	1	93	93	2.4258244372323037E-5	1	1	62	159	0	15	-T
C3_BC27.191219_FM1-2_consensus_vsearch	1713	A	*/+G	222	8	3.39%	2	1	93	93	0.0036718537228742883	1	1	56	166	0	8	+G
C3_BC27.191219_FM1-2_consensus_vsearch	1715	A	*/-G	224	7	2.95%	2	2	93	93	0.007460484300523826	1	1	51	173	4	3	-G
C3_BC27.191219_FM1-2_consensus_vsearch	1717	G	*/-A	225	7	2.92%	2	2	93	93	0.0074619882138406745	1	1	49	176	6	1	-A
C3_BC27.191219_FM1-2_consensus_vsearch	1720	G	*/-TA	216	11	4.62%	2	1	93	93	4.313270586514381E-4	1	1	53	163	0	11	-TA
C3_BC27.191219_FM1-2_consensus_vsearch	1730	T	*/+A	212	10	4.27%	2	1	93	93	8.804765900705064E-4	1	1	61	151	0	10	+A
C3_BC27.191219_FM1-2_consensus_vsearch	1740	T	*/-C	228	9	3.73%	2	2	93	93	0.001807763167971536	1	1	59	169	1	8	-C
C3_BC27.191219_FM1-2_consensus_vsearch	1749	G	*/+A	225	7	2.97%	2	1	93	93	0.0074619882138406745	1	1	58	167	0	7	+A
C3_BC27.191219_FM1-2_consensus_vsearch	1756	C	*/+G	219	11	4.58%	2	1	93	93	4.3204184318133837E-4	1	1	62	157	0	11	+G
C3_BC27.191219_FM1-2_consensus_vsearch	1767	T	*/-A	220	7	2.97%	2	2	93	93	0.007454337359329176	1	1	57	163	1	6	-A
C3_BC27.191219_FM1-2_consensus_vsearch	1769	G	*/-T	228	7	2.98%	2	1	93	93	0.007466423838535645	1	1	59	169	0	7	-T
C3_BC27.191219_FM1-2_consensus_vsearch	1777	C	*/-T	215	22	9.13%	2	1	93	93	1.4307072701069838E-7	1	1	62	153	0	22	-T
C3_BC27.191219_FM1-2_consensus_vsearch	1791	T	*/-C	231	7	2.92%	2	1	93	93	0.007470748618496003	1	1	61	170	0	7	-C
C3_BC27.191219_FM1-2_consensus_vsearch	1800	C	*/-T	211	20	8.37%	2	1	93	93	6.206735467654547E-7	1	1	56	155	0	20	-T
C3_BC27.191219_FM1-2_consensus_vsearch	1801	T	*/+C	203	8	3.7%	2	1	93	93	0.0036510799339400076	1	1	50	153	8	0	+C
C3_BC27.191219_FM1-2_consensus_vsearch	1802	C	*/-G	179	17	7.17%	2	1	93	93	5.310621334180349E-6	1	1	61	118	0	17	-G
C3_BC27.191219_FM1-2_consensus_vsearch	1802	C	*/-GG	179	41	17.3%	2	1	93	93	5.81862900068728E-14	1	1	61	118	0	41	-GG
C3_BC27.191219_FM1-2_consensus_vsearch	1810	T	*/-A	228	8	3.33%	2	2	93	93	0.00367772893957288	1	1	55	173	4	4	-A
C3_BC27.191219_FM1-2_consensus_vsearch	1820	T	*/-G	215	15	6.3%	2	1	93	93	2.4108665249874024E-5	1	1	61	154	0	15	-G
C3_BC27.191219_FM1-2_consensus_vsearch	1826	A	*/-G	221	10	4.24%	2	2	93	93	8.841122846835742E-4	1	1	52	169	5	5	-G
C3_BC27.191219_FM1-2_consensus_vsearch	1830	T	*/+A	218	11	4.56%	2	1	93	93	4.318055810374596E-4	1	1	60	158	0	11	+A
C3_BC27.191219_FM1-2_consensus_vsearch	1830	T	*/-A	218	9	3.73%	2	2	93	93	0.001801496644156972	1	1	60	158	2	7	+A
C3_BC27.191219_FM1-2_consensus_vsearch	1835	G	*/-A	229	9	3.73%	2	2	93	93	0.0018083614623809116	1	1	53	176	7	2	-A
C3_BC27.191219_FM1-2_consensus_vsearch	1836	A	*/+C	97	9	3.91%	2	2	93	93	0.0016363632516130109	1	1	35	62	1	8	+C
C3_BC27.191219_FM1-2_consensus_vsearch	1836	A	*/-C	97	109	47.39%	2	2	93	93	3.7662334273357534E-42	1	1	35	62	6	103	-C
C3_BC27.191219_FM1-2_consensus_vsearch	1841	T	*/-CT	226	9	3.78%	2	1	93	93	0.0018065516263558758	1	1	61	165	0	9	-CT
C3_BC27.191219_FM1-2_consensus_vsearch	1849	A	*/-G	217	19	7.98%	2	1	93	93	1.3080569041578427E-6	1	1	40	177	19	0	-G
C3_BC27.191219_FM1-2_consensus_vsearch	1851	G	*/-T	218	17	7.05%	2	2	93	93	5.652245888608535E-6	1	1	56	162	2	15	-T
C3_BC27.191219_FM1-2_consensus_vsearch	1853	T	*/-A	112	38	15.83%	2	2	93	93	2.4762500772553287E-13	1	1	44	68	1	37	-A
C3_BC27.191219_FM1-2_consensus_vsearch	1855	A	*/-G	211	27	11.25%	2	1	93	93	3.4108874247697865E-9	1	1	62	149	0	27	-G
C3_BC27.191219_FM1-2_consensus_vsearch	1866	T	*/+A	222	8	3.33%	2	2	93	93	0.0036718537228742883	1	1	55	167	7	1	+A
C3_BC27.191219_FM1-2_consensus_vsearch	1870	A	*/-C	223	8	3.33%	2	1	93	93	0.0036728538094896964	1	1	61	162	0	8	-C
C3_BC27.191219_FM1-2_consensus_vsearch	1874	C	*/-T	184	44	18.72%	2	1	93	93	5.7127556677701105E-15	1	1	61	123	0	44	-T
C3_BC27.191219_FM1-2_consensus_vsearch	1879	C	*/-G	229	9	3.75%	2	1	93	93	0.0018083614623809116	1	1	52	177	9	0	-G
C3_BC27.191219_FM1-2_consensus_vsearch	1886	C	*/-AC	219	10	4.17%	2	2	93	93	8.833283118953115E-4	1	1	55	164	5	5	-AC
C3_BC27.191219_FM1-2_consensus_vsearch	1910	T	*/+G	219	7	2.92%	2	2	93	93	0.007452766938834958	1	1	55	164	1	6	+G
C3_BC27.191219_FM1-2_consensus_vsearch	1922	C	*/-TT	227	7	2.93%	2	1	93	93	0.0074649578216797186	1	1	53	174	7	0	-TT
C3_BC27.191219_FM1-2_consensus_vsearch	1930	C	*/+T	171	7	2.9%	2	2	93	93	0.007356879467164792	1	1	48	123	3	4	+T
C3_BC27.191219_FM1-2_consensus_vsearch	1930	C	*/-T	171	38	15.77%	2	2	93	93	5.717007676029115E-13	1	1	48	123	9	29	-T
C3_BC27.191219_FM1-2_consensus_vsearch	1930	C	*/-TT	171	22	9.13%	2	2	93	93	1.264587797375907E-7	1	1	48	123	1	21	-T
C3_BC27.191219_FM1-2_consensus_vsearch	1936	C	*/+A	226	12	4.98%	2	1	93	93	2.1179986535711708E-4	1	1	60	166	0	12	+A
C3_BC27.191219_FM1-2_consensus_vsearch	1947	G	*/-C	221	14	5.96%	2	1	93	93	5.0002770675582806E-5	1	1	62	159	0	14	-C
C3_BC27.191219_FM1-2_consensus_vsearch	1949	T	*/-G	224	8	3.35%	2	1	93	93	0.003673845400689721	1	1	59	165	0	8	-G
C3_BC27.191219_FM1-2_consensus_vsearch	1953	T	*/-C	219	16	6.67%	2	2	93	93	1.1717441248540928E-5	1	1	57	162	2	14	-C
C3_BC27.191219_FM1-2_consensus_vsearch	1956	C	*/+T	193	31	12.86%	2	1	93	93	1.527335867261619E-10	1	1	61	132	0	31	+T
C3_BC27.191219_FM1-2_consensus_vsearch	1956	C	*/-T	193	11	4.56%	2	1	93	93	4.251792957023273E-4	1	1	61	132	0	11	+T
C3_BC27.191219_FM1-2_consensus_vsearch	1961	C	*/-AC	214	14	5.81%	2	2	93	93	4.968826086820383E-5	1	1	46	168	13	1	-AC
C3_BC27.191219_FM1-2_consensus_vsearch	1985	C	*/-A	217	12	5%	2	2	93	93	2.1058974645692333E-4	1	1	59	158	2	10	-A
C3_BC27.191219_FM1-2_consensus_vsearch	2004	G	*/-TG	216	17	7.05%	2	1	93	93	5.6371721310563775E-6	1	1	62	154	0	17	-TG
C3_BC27.191219_FM1-2_consensus_vsearch	2005	T	*/+G	195	17	7.76%	2	1	93	93	5.4639692209021505E-6	1	1	60	135	0	17	+G
C3_BC27.191219_FM1-2_consensus_vsearch	2064	G	*/+C	213	8	3.33%	2	2	93	93	0.0036624519192641563	1	1	41	172	3	5	+C
C3_BC27.191219_FM1-2_consensus_vsearch	2064	G	*/-C	213	15	6.25%	2	2	93	93	2.4057212275525828E-5	1	1	41	172	14	1	-C
C3_BC27.191219_FM1-2_consensus_vsearch	2073	C	*/-G	228	9	3.73%	2	1	93	93	0.001807763167971536	1	1	62	166	0	9	-G
C3_BC27.191219_FM1-2_consensus_vsearch	2085	G	*/-C	184	37	15.42%	2	2	93	93	1.4048584009600596E-12	1	1	45	139	4	33	-C
C3_BC27.191219_FM1-2_consensus_vsearch	2085	G	*/-CC	184	11	4.58%	2	2	93	93	4.223970856632319E-4	1	1	45	139	10	1	-C
C3_BC27.191219_FM1-2_consensus_vsearch	2089	C	*/-T	164	68	28.22%	2	2	93	93	1.0534924980147258E-23	1	1	56	108	1	67	-T
C3_BC27.191219_FM1-2_consensus_vsearch	2106	T	*/-C	229	9	3.73%	2	2	93	93	0.0018083614623809116	1	1	61	168	1	8	-C
C3_BC27.191219_FM1-2_consensus_vsearch	2111	C	*/-G	196	12	5.04%	2	2	93	93	2.0738112718811548E-4	1	1	44	152	7	5	-G
C3_BC27.191219_FM1-2_consensus_vsearch	2111	C	*/-GG	196	20	8.4%	2	2	93	93	6.015714107611032E-7	1	1	44	152	1	19	-GG
C3_BC27.191219_FM1-2_consensus_vsearch	2118	C	*/+T	196	29	12.24%	2	1	93	93	7.103747109009455E-10	1	1	62	134	0	29	+T
C3_BC27.191219_FM1-2_consensus_vsearch	2118	C	*/-T	196	8	3.38%	2	1	93	93	0.0036424672415343016	1	1	62	134	0	8	+T
C3_BC27.191219_FM1-2_consensus_vsearch	2121	T	*/-C	199	38	15.83%	2	2	93	93	7.253546004805775E-13	1	1	61	138	1	37	-C
C3_BC27.191219_FM1-2_consensus_vsearch	2122	C	*/+T	178	10	5.03%	2	1	93	93	8.637144208672183E-4	1	1	60	118	0	10	+T
C3_BC27.191219_FM1-2_consensus_vsearch	2123	C	*/-T	163	61	25.74%	2	2	93	93	3.782411124069203E-21	1	1	61	102	1	60	-T
C3_BC27.191219_FM1-2_consensus_vsearch	2125	T	*/-G	197	11	4.66%	2	1	93	93	4.263419112240475E-4	1	1	59	138	0	11	-G
C3_BC27.191219_FM1-2_consensus_vsearch	2126	G	*/-C	203	13	5.68%	2	1	93	93	1.0135552209744578E-4	1	1	57	146	0	13	-C
C3_BC27.191219_FM1-2_consensus_vsearch	2127	C	*/+A	178	15	6.61%	2	2	93	93	2.3002287956428228E-5	1	1	54	124	4	11	+A
C3_BC27.191219_FM1-2_consensus_vsearch	2128	G	*/-A	212	15	6.33%	2	2	93	93	2.4031176331551327E-5	1	1	54	158	2	13	-A
C3_BC27.191219_FM1-2_consensus_vsearch	2136	C	*/+G	186	22	9.13%	2	2	93	93	1.327128039007251E-7	1	1	58	128	1	21	+G
C3_BC27.191219_FM1-2_consensus_vsearch	2140	T	*/+C	232	7	2.9%	2	1	93	93	0.007472166294706969	1	1	62	170	0	7	+C
C3_BC27.191219_FM1-2_consensus_vsearch	2141	T	*/-C	227	8	3.32%	2	2	93	93	0.003676770270380206	1	1	57	170	1	7	-C
C3_BC27.191219_FM1-2_consensus_vsearch	2142	C	*/-G	162	67	28.76%	2	2	93	93	2.3247720089526024E-23	1	1	43	119	17	50	-G
C3_BC27.191219_FM1-2_consensus_vsearch	2155	C	*/-T	206	27	11.3%	2	2	93	93	3.350714940083685E-9	1	1	61	145	1	26	-T
C3_BC27.191219_FM1-2_consensus_vsearch	2158	T	*/-G	186	53	22.08%	2	1	93	93	4.3185771373418245E-18	1	1	62	124	0	53	-G
C3_BC27.191219_FM1-2_consensus_vsearch	2170	T	*/-C	213	17	7.08%	2	1	93	93	5.61412940655465E-6	1	1	62	151	0	17	-C
C3_BC27.191219_FM1-2_consensus_vsearch	2171	C	*/+T	185	9	4.09%	2	2	93	93	0.0017763509872760243	1	1	60	125	1	8	+T
C3_BC27.191219_FM1-2_consensus_vsearch	2171	C	*/-T	185	13	5.91%	2	1	93	93	9.960095521111045E-5	1	1	60	125	0	13	-T
C3_BC27.191219_FM1-2_consensus_vsearch	2171	C	*/-TT	185	11	5%	2	1	93	93	4.227182557705049E-4	1	1	60	125	0	11	-T
C3_BC27.191219_FM1-2_consensus_vsearch	2184	C	*/-GC	230	7	2.9%	2	2	93	93	0.0074693190837354945	1	1	56	174	6	1	-GC
C3_BC27.191219_FM1-2_consensus_vsearch	2204	C	*/-T	218	15	6.28%	2	1	93	93	2.4184333572860243E-5	1	1	61	157	0	15	-T
C3_BC27.191219_FM1-2_consensus_vsearch	2214	T	*/+G	219	19	7.88%	2	1	93	93	1.312379928099055E-6	1	1	60	159	0	19	+G
C3_BC27.191219_FM1-2_consensus_vsearch	2220	T	*/-G	224	7	2.99%	2	2	93	93	0.007460484300523826	1	1	60	164	2	5	-G
C3_BC27.191219_FM1-2_consensus_vsearch	2222	G	*/-A	231	7	2.93%	2	2	93	93	0.007470748618496003	1	1	56	175	6	1	-A
C3_BC27.191219_FM1-2_consensus_vsearch	2225	T	*/-C	169	67	27.92%	2	2	93	93	2.8330987836913787E-23	1	1	58	111	4	63	-C
C3_BC27.191219_FM1-2_consensus_vsearch	2231	T	*/+G	54	175	73.53%	2	2	93	93	1.7416175694672615E-78	1	1	6	48	55	120	+G
C3_BC27.191219_FM1-2_consensus_vsearch	2242	G	*/-TG	216	20	8.3%	2	1	93	93	6.265967951485761E-7	1	1	61	155	0	20	-TG
C3_BC27.191219_FM1-2_consensus_vsearch	2245	C	*/-T	219	10	4.29%	2	2	93	93	8.833283118953115E-4	1	1	60	159	1	9	-T
C3_BC27.191219_FM1-2_consensus_vsearch	2251	C	*/-G	200	9	3.73%	2	1	93	93	0.0017887416879729845	1	1	61	139	0	9	-G
C3_BC27.191219_FM1-2_consensus_vsearch	2258	T	*/-G	232	8	3.32%	2	2	93	93	0.0036814848550168837	1	1	61	171	1	7	-G
C3_BC27.191219_FM1-2_consensus_vsearch	2261	G	*/+C	207	15	6.22%	2	1	93	93	2.3897801371672697E-5	1	1	60	147	0	15	+C
C3_BC27.191219_FM1-2_consensus_vsearch	2261	G	*/-C	207	11	4.56%	2	2	93	93	4.2906952287648286E-4	1	1	60	147	1	10	+C
C3_BC27.191219_FM1-2_consensus_vsearch	2263	T	*/-C	213	18	7.53%	2	1	93	93	2.703550386671577E-6	1	1	60	153	0	18	-C
C3_BC27.191219_FM1-2_consensus_vsearch	2269	C	*/-A	214	8	3.43%	2	2	93	93	0.003663533633296164	1	1	55	159	6	2	-A
C3_BC27.191219_FM1-2_consensus_vsearch	2283	C	*/+G	229	7	2.97%	2	1	93	93	0.007467877541059236	1	1	51	178	7	0	+G
C3_BC27.191219_FM1-2_consensus_vsearch	2284	C	*/-T	217	16	6.67%	2	2	93	93	1.1689988290222098E-5	1	1	57	160	2	14	-T
C3_BC27.191219_FM1-2_consensus_vsearch	2303	C	*/+A	215	19	8.02%	2	1	93	93	1.3036714992599925E-6	1	1	59	156	0	19	+A
C3_BC27.191219_FM1-2_consensus_vsearch	2306	C	*/-GC	226	8	3.35%	2	2	93	93	0.003675803526076434	1	1	49	177	7	1	-GC
C3_BC27.191219_FM1-2_consensus_vsearch	2312	A	*/+C	229	7	2.92%	2	1	93	93	0.007467877541059236	1	1	60	169	0	7	+C
C3_BC27.191219_FM1-2_consensus_vsearch	2319	T	*/+G	157	11	4.62%	2	2	93	93	4.1235800097779135E-4	1	1	48	109	2	9	+G
C3_BC27.191219_FM1-2_consensus_vsearch	2319	T	*/-G	157	44	18.49%	2	2	93	93	4.0350563554131434E-15	1	1	48	109	8	36	-G
C3_BC27.191219_FM1-2_consensus_vsearch	2319	T	*/-GG	157	17	7.14%	2	1	93	93	5.061098756034954E-6	1	1	48	109	0	17	-G
C3_BC27.191219_FM1-2_consensus_vsearch	2325	A	*/+G	197	27	11.79%	2	1	93	93	3.23815477355246E-9	1	1	57	140	0	27	+G
C3_BC27.191219_FM1-2_consensus_vsearch	2329	C	*/+A	219	14	5.83%	2	1	93	93	4.9914697602419593E-5	1	1	55	164	0	14	+A
C3_BC27.191219_FM1-2_consensus_vsearch	2331	A	*/-C	218	7	2.94%	2	2	93	93	0.007451182688346346	1	1	45	173	3	4	-C
C3_BC27.191219_FM1-2_consensus_vsearch	2338	A	*/+G	216	9	3.83%	2	1	93	93	0.0018001779733764346	1	1	59	157	0	9	+G
C3_BC27.191219_FM1-2_consensus_vsearch	2364	G	*/-A	219	12	5%	2	2	93	93	2.10866409362083E-4	1	1	45	174	8	4	-A
C3_BC27.191219_FM1-2_consensus_vsearch	2369	G	*/-A	218	8	3.42%	2	2	93	93	0.003667766201363899	1	1	52	166	2	6	-A
C3_BC27.191219_FM1-2_consensus_vsearch	2379	A	*/-G	217	20	8.33%	2	2	93	93	6.277566960757531E-7	1	1	60	157	1	19	-G
C3_BC27.191219_FM1-2_consensus_vsearch	2384	T	*/+C	138	86	35.83%	2	2	93	93	4.909222255955617E-31	1	1	21	117	36	50	+C
C3_BC27.191219_FM1-2_consensus_vsearch	2384	T	*/-C	138	10	4.17%	2	2	93	93	8.345915577180846E-4	1	1	21	117	3	7	+C
C3_BC27.191219_FM1-2_consensus_vsearch	2397	C	*/-G	207	17	7.08%	2	1	93	93	5.56642225097613E-6	1	1	44	163	17	0	-G
C3_BC27.191219_FM1-2_consensus_vsearch	2400	G	*/-T	219	16	6.67%	2	1	93	93	1.1717441248540928E-5	1	1	61	158	0	16	-T
C3_BC27.191219_FM1-2_consensus_vsearch	2406	A	*/-G	188	46	19.41%	2	2	93	93	1.2208517470325545E-15	1	1	38	150	20	26	-G
C3_BC27.191219_FM1-2_consensus_vsearch	2423	G	*/-TG	207	28	11.81%	2	2	93	93	1.5846412514860424E-9	1	1	47	160	12	16	-TG
C3_BC27.191219_FM1-2_consensus_vsearch	2434	G	*/-TG	208	19	7.92%	2	1	93	93	1.287811711287195E-6	1	1	59	149	0	19	-TG
C3_BC27.191219_FM1-2_consensus_vsearch	2435	T	*/-G	162	37	17.37%	2	1	93	93	1.149253754000811E-12	1	1	58	104	0	37	-G
C3_BC27.191219_FM1-2_consensus_vsearch	2440	T	*/+A	214	12	5%	2	1	93	93	2.1016603336412182E-4	1	1	59	155	0	12	+A
C3_BC27.191219_FM1-2_consensus_vsearch	2450	T	*/-C	220	13	5.42%	2	1	93	93	1.0277890006326556E-4	1	1	48	172	13	0	-C
C3_BC27.191219_FM1-2_consensus_vsearch	2452	C	*/+G	207	24	10%	2	2	93	93	3.1753861896259835E-8	1	1	55	152	1	23	+G
C3_BC27.191219_FM1-2_consensus_vsearch	2461	C	*/+A	210	19	8.05%	2	1	93	93	1.2924262145172922E-6	1	1	58	152	0	19	+A
C3_BC27.191219_FM1-2_consensus_vsearch	2474	T	*/-C	226	11	4.6%	2	2	93	93	4.336419657096737E-4	1	1	59	167	1	10	-C
C3_BC27.191219_FM1-2_consensus_vsearch	2475	C	*/+T	114	8	3.49%	2	1	93	93	0.0034700373777167863	1	1	44	70	0	8	+T
C3_BC27.191219_FM1-2_consensus_vsearch	2495	G	*/-TGG	229	8	3.35%	2	1	93	93	0.0036786796343901236	1	1	62	167	0	8	-TGG
C3_BC27.191219_FM1-2_consensus_vsearch	2496	T	*/-G	205	9	3.9%	2	2	93	93	0.0017924949478988227	1	1	60	145	1	8	-G
C3_BC27.191219_FM1-2_consensus_vsearch	2496	T	*/-GGA	205	9	3.9%	2	1	93	93	0.0017924949478988227	1	1	60	145	0	9	-G
C3_BC27.191219_FM1-2_consensus_vsearch	2507	T	*/+G	226	9	3.75%	2	2	93	93	0.0018065516263558758	1	1	60	166	2	7	+G
C3_BC27.191219_FM1-2_consensus_vsearch	2520	C	*/-TC	215	20	8.3%	2	1	93	93	6.254287576406704E-7	1	1	62	153	0	20	-TC
C3_BC27.191219_FM1-2_consensus_vsearch	2525	A	*/-G	211	19	8.19%	2	2	93	93	1.2947081676885062E-6	1	1	39	172	14	5	-G
C3_BC27.191219_FM1-2_consensus_vsearch	2545	C	*/+T	222	13	5.49%	2	1	93	93	1.0293363152588527E-4	1	1	61	161	0	13	+T
C3_BC27.191219_FM1-2_consensus_vsearch	2547	T	*/+G	187	10	4.22%	2	1	93	93	8.686948931293806E-4	1	1	62	125	0	10	+G
C3_BC27.191219_FM1-2_consensus_vsearch	2556	T	*/-C	225	9	3.8%	2	1	93	93	0.0018059382541162866	1	1	60	165	0	9	-C
C3_BC27.191219_FM1-2_consensus_vsearch	2562	C	*/-A	207	17	7.08%	2	1	93	93	5.56642225097613E-6	1	1	60	147	0	17	-A
C3_BC27.191219_FM1-2_consensus_vsearch	2574	C	*/-T	211	14	5.81%	2	1	93	93	4.9547934929218304E-5	1	1	61	150	0	14	-T
C3_BC27.191219_FM1-2_consensus_vsearch	2574	C	*/-TC	211	10	4.15%	2	1	93	93	8.800549103686053E-4	1	1	61	150	0	10	-T
C3_BC27.191219_FM1-2_consensus_vsearch	2575	T	*/-CCT	190	13	6.07%	2	2	93	93	1.0011736432355593E-4	1	1	60	130	1	12	-CCT
C3_BC27.191219_FM1-2_consensus_vsearch	2588	T	*/-A	229	8	3.35%	2	2	93	93	0.0036786796343901236	1	1	59	170	2	6	-A
C3_BC27.191219_FM1-2_consensus_vsearch	2590	G	*/+T	218	9	3.75%	2	2	93	93	0.001801496644156972	1	1	52	166	6	3	+T
C3_BC27.191219_FM1-2_consensus_vsearch	2590	G	*/-T	218	8	3.33%	2	2	93	93	0.003667766201363899	1	1	52	166	3	5	+T
C3_BC27.191219_FM1-2_consensus_vsearch	2611	T	*/-G	209	8	3.45%	2	1	93	93	0.003658026926953576	1	1	61	148	0	8	-G
C3_BC27.191219_FM1-2_consensus_vsearch	2625	C	*/-T	210	20	8.37%	2	1	93	93	6.194635450840602E-7	1	1	60	150	0	20	-T
C3_BC27.191219_FM1-2_consensus_vsearch	2628	C	*/-T	229	7	2.95%	2	2	93	93	0.007467877541059236	1	1	60	169	1	6	-T
C3_BC27.191219_FM1-2_consensus_vsearch	2643	A	*/-TGA	230	7	2.9%	2	2	93	93	0.0074693190837354945	1	1	58	172	3	4	-TGA
C3_BC27.191219_FM1-2_consensus_vsearch	2659	C	*/+A	228	8	3.36%	2	1	93	93	0.00367772893957288	1	1	61	167	0	8	+A
C3_BC27.191219_FM1-2_consensus_vsearch	2662	A	*/-CA	212	24	10%	2	2	93	93	3.220326646885651E-8	1	1	55	157	5	19	-CA
C3_BC27.191219_FM1-2_consensus_vsearch	2674	A	*/+G	181	7	2.9%	2	2	93	93	0.007380848803681321	1	1	32	149	2	5	+G
C3_BC27.191219_FM1-2_consensus_vsearch	2674	A	*/-G	181	48	19.92%	2	2	93	93	2.262042273991273E-16	1	1	32	149	24	24	-G
C3_BC27.191219_FM1-2_consensus_vsearch	2677	G	*/-A	217	16	6.69%	2	2	93	93	1.1689988290222098E-5	1	1	45	172	14	2	-A
C3_BC27.191219_FM1-2_consensus_vsearch	2684	G	*/+A	202	8	3.42%	2	2	93	93	0.0036498841327700354	1	1	53	149	1	7	+A
C3_BC27.191219_FM1-2_consensus_vsearch	2684	G	*/-A	202	19	8.12%	2	2	93	93	1.273549938699874E-6	1	1	53	149	5	14	-A
C3_BC27.191219_FM1-2_consensus_vsearch	2690	C	*/+A	220	15	6.28%	2	1	93	93	2.423379894583162E-5	1	1	62	158	0	15	+A
C3_BC27.191219_FM1-2_consensus_vsearch	2697	G	*/+A	211	11	4.56%	2	1	93	93	4.300945555177922E-4	1	1	62	149	0	11	+A
C3_BC27.191219_FM1-2_consensus_vsearch	2697	G	*/-A	211	7	2.9%	2	1	93	93	0.007439689863414905	1	1	62	149	0	7	+A
C3_BC27.191219_FM1-2_consensus_vsearch	2702	A	*/+T	9	120	50%	2	2	93	93	1.66727045069722E-63	1	1	1	8	55	65	+T
C3_BC27.191219_FM1-2_consensus_vsearch	2728	T	*/-C	219	10	4.18%	2	2	93	93	8.833283118953115E-4	1	1	50	169	9	1	-C
C3_BC27.191219_FM1-2_consensus_vsearch	2730	C	*/-G	205	20	8.62%	2	2	93	93	6.13281842160553E-7	1	1	59	146	1	19	-G
C3_BC27.191219_FM1-2_consensus_vsearch	2737	A	*/+G	214	13	5.39%	2	1	93	93	1.0229936061105097E-4	1	1	62	152	0	13	+G
C3_BC27.191219_FM1-2_consensus_vsearch	2741	C	*/+T	226	8	3.32%	2	2	93	93	0.003675803526076434	1	1	60	166	2	6	+T
C3_BC27.191219_FM1-2_consensus_vsearch	2752	T	*/-G	218	13	5.46%	2	1	93	93	1.0262165255618348E-4	1	1	60	158	0	13	-G
C3_BC27.191219_FM1-2_consensus_vsearch	2756	G	*/+C	225	7	2.9%	2	1	93	93	0.0074619882138406745	1	1	62	163	0	7	+C
C3_BC27.191219_FM1-2_consensus_vsearch	2758	T	*/+C	54	157	67.38%	1	2	93	93	2.2238245263811975E-69	1	1	0	54	60	97	+C
C3_BC27.191219_FM1-2_consensus_vsearch	2758	T	*/+CT	54	8	3.43%	1	2	93	93	0.003071215409808874	1	1	0	54	2	6	+C
C3_BC27.191219_FM1-2_consensus_vsearch	2766	G	*/-TG	214	18	7.5%	2	1	93	93	2.7077251430281975E-6	1	1	60	154	0	18	-TG
C3_BC27.191219_FM1-2_consensus_vsearch	2769	C	*/+T	191	15	6.44%	2	2	93	93	2.3431793142047634E-5	1	1	51	140	2	13	+T
C3_BC27.191219_FM1-2_consensus_vsearch	2769	C	*/-T	191	19	8.15%	2	2	93	93	1.2456546324351246E-6	1	1	51	140	4	15	-T
C3_BC27.191219_FM1-2_consensus_vsearch	2773	A	*/-G	228	7	2.9%	2	2	93	93	0.007466423838535645	1	1	56	172	1	6	-G
C3_BC27.191219_FM1-2_consensus_vsearch	2779	A	*/-C	222	8	3.38%	2	1	93	93	0.0036718537228742883	1	1	56	166	0	8	-C
C3_BC27.191219_FM1-2_consensus_vsearch	2780	C	*/+T	218	10	4.35%	2	1	93	93	8.829313223014774E-4	1	1	60	158	0	10	+T
C3_BC27.191219_FM1-2_consensus_vsearch	2782	C	*/-T	158	76	31.54%	2	2	93	93	8.881984660212501E-27	1	1	49	109	10	66	-T
C3_BC27.191219_FM1-2_consensus_vsearch	2792	G	*/-C	223	8	3.33%	2	2	93	93	0.0036728538094896964	1	1	48	175	6	2	-C
C3_BC27.191219_FM1-2_consensus_vsearch	2793	C	*/+T	212	13	5.58%	2	1	93	93	1.0213418662308634E-4	1	1	53	159	0	13	+T
C3_BC27.191219_FM1-2_consensus_vsearch	2799	C	*/-G	206	20	8.58%	2	2	93	93	6.145360512532276E-7	1	1	57	149	2	18	-G
C3_BC27.191219_FM1-2_consensus_vsearch	2810	T	*/-G	220	8	3.32%	2	1	93	93	0.0036698276230520683	1	1	61	159	0	8	-G
C3_BC27.191219_FM1-2_consensus_vsearch	2819	A	*/+G	222	12	5%	2	1	93	93	2.1127296798947417E-4	1	1	59	163	0	12	+G
C3_BC27.191219_FM1-2_consensus_vsearch	2824	C	*/-GC	211	25	10.42%	2	2	93	93	1.5239045739744825E-8	1	1	58	153	3	22	-GC
C3_BC27.191219_FM1-2_consensus_vsearch	2830	T	*/-G	223	13	5.39%	2	1	93	93	1.03010072485016E-4	1	1	61	162	0	13	-G
C3_BC27.191219_FM1-2_consensus_vsearch	2835	T	*/+C	218	8	3.36%	2	1	93	93	0.003667766201363899	1	1	59	159	0	8	+C
C3_BC27.191219_FM1-2_consensus_vsearch	2836	T	*/-C	210	23	9.54%	2	2	93	93	6.736828356081188E-8	1	1	56	154	4	19	-C
C3_BC27.191219_FM1-2_consensus_vsearch	2842	G	*/-T	216	21	8.75%	2	1	93	93	3.000511080365251E-7	1	1	61	155	0	21	-T
C3_BC27.191219_FM1-2_consensus_vsearch	2844	C	*/-T	225	7	2.97%	2	1	93	93	0.0074619882138406745	1	1	61	164	0	7	-T
C3_BC27.191219_FM1-2_consensus_vsearch	2847	C	*/-G	202	25	10.64%	2	1	93	93	1.4816205125085252E-8	1	1	59	143	0	25	-G
C3_BC27.191219_FM1-2_consensus_vsearch	2849	G	*/-A	229	9	3.73%	2	2	93	93	0.0018083614623809116	1	1	59	170	2	7	-A
C3_BC27.191219_FM1-2_consensus_vsearch	2861	G	*/+C	219	7	2.95%	2	2	93	93	0.007452766938834958	1	1	56	163	4	3	+C
C3_BC27.191219_FM1-2_consensus_vsearch	2861	G	*/-C	219	10	4.22%	2	1	93	93	8.833283118953115E-4	1	1	56	163	0	10	-C
C3_BC27.191219_FM1-2_consensus_vsearch	2863	C	*/-T	214	16	6.69%	2	1	93	93	1.1648006806131963E-5	1	1	60	154	0	16	-T
C3_BC27.191219_FM1-2_consensus_vsearch	2873	T	*/+G	225	7	2.93%	2	1	93	93	0.0074619882138406745	1	1	62	163	0	7	+G
C3_BC27.191219_FM1-2_consensus_vsearch	2893	G	*/-TG	225	7	2.92%	2	2	93	93	0.0074619882138406745	1	1	57	168	1	6	-TG
C3_BC27.191219_FM1-2_consensus_vsearch	2900	C	*/-G	206	17	7.17%	2	2	93	93	5.5582526785826E-6	1	1	55	151	1	16	-G
C3_BC27.191219_FM1-2_consensus_vsearch	2907	T	*/-G	215	22	9.13%	2	1	93	93	1.4307072701069838E-7	1	1	61	154	0	22	-G
C3_BC27.191219_FM1-2_consensus_vsearch	2920	C	*/-GCC	233	7	2.9%	2	1	93	93	0.007473572259320498	1	1	62	171	0	7	-GCC
C3_BC27.191219_FM1-2_consensus_vsearch	2930	G	*/-A	226	7	2.93%	2	1	93	93	0.007463479333376833	1	1	61	165	0	7	-A
C3_BC27.191219_FM1-2_consensus_vsearch	2941	C	*/-A	223	12	4.98%	2	2	93	93	2.114062925508352E-4	1	1	53	170	8	4	-A
C3_BC27.191219_FM1-2_consensus_vsearch	2953	C	*/+T	204	15	6.22%	2	1	93	93	2.3815125527116474E-5	1	1	59	145	0	15	+T
C3_BC27.191219_FM1-2_consensus_vsearch	2953	C	*/-T	204	18	7.47%	2	2	93	93	2.6645289168846238E-6	1	1	59	145	2	16	-T
C3_BC27.191219_FM1-2_consensus_vsearch	2960	G	*/-CG	226	9	3.73%	2	1	93	93	0.0018065516263558758	1	1	57	169	0	9	-CG
C3_BC27.191219_FM1-2_consensus_vsearch	2967	G	*/-A	225	10	4.2%	2	1	93	93	8.856413612935507E-4	1	1	51	174	10	0	-A
C3_BC27.191219_FM1-2_consensus_vsearch	2969	A	*/-G	165	70	29.17%	2	2	93	93	1.9761563662374583E-24	1	1	33	132	24	46	-G
C3_BC27.191219_FM1-2_consensus_vsearch	2972	G	*/-AAT	221	12	5%	2	1	93	93	2.1113855488095296E-4	1	1	44	177	12	0	-AAT
C3_BC27.191219_FM1-2_consensus_vsearch	2977	G	*/+A	214	14	5.86%	2	2	93	93	4.968826086820383E-5	1	1	60	154	1	13	+A
C3_BC27.191219_FM1-2_consensus_vsearch	2977	G	*/-A	214	7	2.93%	2	1	93	93	0.007444703667648697	1	1	60	154	0	7	+A
C3_BC27.191219_FM1-2_consensus_vsearch	2980	A	*/-C	228	7	2.9%	2	1	93	93	0.007466423838535645	1	1	60	168	0	7	-C
C3_BC27.191219_FM1-2_consensus_vsearch	2981	C	*/+T	227	7	2.99%	2	1	93	93	0.0074649578216797186	1	1	62	165	0	7	+T
C3_BC27.191219_FM1-2_consensus_vsearch	2982	C	*/-T	228	12	4.98%	2	1	93	93	2.1205703996137238E-4	1	1	61	167	0	12	-T
C3_BC27.191219_FM1-2_consensus_vsearch	2983	T	*/-G	158	48	20.96%	2	1	93	93	1.5949374711067056E-16	1	1	62	96	0	48	-G
C3_BC27.191219_FM1-2_consensus_vsearch	3006	T	*/-G	201	32	13.45%	2	2	93	93	7.427460046691759E-11	1	1	49	152	8	24	-G
C3_BC27.191219_FM1-2_consensus_vsearch	3017	C	*/+T	183	12	4.98%	2	2	93	93	2.0506876982070716E-4	1	1	55	128	1	11	+T
C3_BC27.191219_FM1-2_consensus_vsearch	3017	C	*/-T	183	38	15.77%	2	2	93	93	6.382566562378676E-13	1	1	55	128	1	37	-T
C3_BC27.191219_FM1-2_consensus_vsearch	3020	G	*/-TG	221	7	2.98%	2	1	93	93	0.007455894130096957	1	1	59	162	0	7	-TG
C3_BC27.191219_FM1-2_consensus_vsearch	3024	C	*/-A	197	21	8.86%	2	2	93	93	2.8759564626399263E-7	1	1	51	146	4	17	-A
C3_BC27.191219_FM1-2_consensus_vsearch	3029	A	*/-C	216	20	8.3%	2	2	93	93	6.265967951485761E-7	1	1	52	164	6	14	-C
C3_BC27.191219_FM1-2_consensus_vsearch	3035	A	*/-C	229	7	2.93%	2	2	93	93	0.007467877541059236	1	1	53	176	4	3	-C
C3_BC27.191219_FM1-2_consensus_vsearch	3049	A	*/-G	219	11	4.7%	2	1	93	93	4.3204184318133837E-4	1	1	44	175	11	0	-G
C3_BC27.191219_FM1-2_consensus_vsearch	3061	T	*/+A	216	8	3.4%	2	1	93	93	0.003665668526289429	1	1	61	155	0	8	+A
C3_BC27.191219_FM1-2_consensus_vsearch	3073	C	*/+G	204	11	4.56%	2	1	93	93	4.2827676494109035E-4	1	1	62	142	0	11	+G
C3_BC27.191219_FM1-2_consensus_vsearch	3074	G	*/-A	227	10	4.15%	2	2	93	93	8.863871017160644E-4	1	1	53	174	9	1	-A
C3_BC27.191219_FM1-2_consensus_vsearch	3091	G	*/-C	227	8	3.35%	2	2	93	93	0.003676770270380206	1	1	56	171	3	5	-C
C3_BC27.191219_FM1-2_consensus_vsearch	3094	C	*/-G	194	13	5.42%	2	1	93	93	1.0051376512604206E-4	1	1	61	133	0	13	-G
C3_BC27.191219_FM1-2_consensus_vsearch	3094	C	*/-GG	194	20	8.33%	2	1	93	93	5.988612635554178E-7	1	1	61	133	0	20	-GG
C3_BC27.191219_FM1-2_consensus_vsearch	3098	T	*/+A	189	7	2.92%	2	1	93	93	0.007398282157210082	1	1	42	147	7	0	+A
C3_BC27.191219_FM1-2_consensus_vsearch	3098	T	*/-A	189	17	7.08%	2	2	93	93	5.408873197496746E-6	1	1	42	147	11	6	-A
C3_BC27.191219_FM1-2_consensus_vsearch	3103	T	*/+G	225	8	3.36%	2	1	93	93	0.0036748286042396724	1	1	60	165	0	8	+G
C3_BC27.191219_FM1-2_consensus_vsearch	3141	T	*/-C	223	10	4.17%	2	1	93	93	8.848831932848452E-4	1	1	57	166	0	10	-C
C3_BC27.191219_FM1-2_consensus_vsearch	3147	G	*/-TG	206	33	13.75%	2	1	93	93	3.554954044544134E-11	1	1	61	145	0	33	-TG
C3_BC27.191219_FM1-2_consensus_vsearch	3150	C	*/-A	195	39	16.39%	2	2	93	93	3.2326074312940255E-13	1	1	59	136	2	37	-A
C3_BC27.191219_FM1-2_consensus_vsearch	3168	T	*/-G	214	8	3.38%	2	1	93	93	0.003663533633296164	1	1	62	152	0	8	-G
C3_BC27.191219_FM1-2_consensus_vsearch	3168	T	*/-GG	214	12	5.06%	2	1	93	93	2.1016603336412182E-4	1	1	62	152	0	12	-GG
C3_BC27.191219_FM1-2_consensus_vsearch	3175	A	*/-G	163	48	20.43%	2	2	93	93	1.733528417861512E-16	1	1	54	109	5	43	-G
C3_BC27.191219_FM1-2_consensus_vsearch	3175	A	*/-GGG	163	11	4.68%	2	1	93	93	4.148440753983004E-4	1	1	54	109	0	11	-G
C3_BC27.191219_FM1-2_consensus_vsearch	3181	G	*/+A	220	7	2.92%	2	2	93	93	0.007454337359329176	1	1	48	172	6	1	+A
C3_BC27.191219_FM1-2_consensus_vsearch	3198	G	*/+T	228	10	4.17%	2	1	93	93	8.867554066061573E-4	1	1	61	167	0	10	+T
C3_BC27.191219_FM1-2_consensus_vsearch	3200	C	*/-T	223	15	6.22%	2	2	93	93	2.4306571682594968E-5	1	1	58	165	3	12	-T
C3_BC27.191219_FM1-2_consensus_vsearch	3212	T	*/+C	160	10	4.15%	2	2	93	93	8.522356073059357E-4	1	1	47	113	1	9	+C
C3_BC27.191219_FM1-2_consensus_vsearch	3212	T	*/-C	160	61	25.31%	2	2	93	93	3.50837585902803E-21	1	1	47	113	13	48	-C
C3_BC27.191219_FM1-2_consensus_vsearch	3212	T	*/-CC	160	7	2.9%	2	1	93	93	0.007327239497639241	1	1	47	113	0	7	-C
C3_BC27.191219_FM1-2_consensus_vsearch	3216	T	*/-C	219	21	8.75%	2	2	93	93	3.018727139923481E-7	1	1	42	177	20	1	-C
C3_BC27.191219_FM1-2_consensus_vsearch	3217	C	*/+TC	204	12	5.45%	2	1	93	93	2.0867313373012331E-4	1	1	41	163	0	12	+TC
C3_BC27.191219_FM1-2_consensus_vsearch	3218	C	*/+G	203	17	7.05%	2	1	93	93	5.533354906074952E-6	1	1	56	147	0	17	+G
C3_BC27.191219_FM1-2_consensus_vsearch	3218	C	*/-GA	203	7	2.9%	2	2	93	93	0.007425626339083171	1	1	56	147	3	4	+G
C3_BC27.191219_FM1-2_consensus_vsearch	3219	G	*/-AA	221	9	3.86%	2	2	93	93	0.001803432580702911	1	1	56	165	1	8	-AA
C3_BC27.191219_FM1-2_consensus_vsearch	3225	T	*/+C	181	24	9.96%	2	2	93	93	2.9171533499124912E-8	1	1	58	123	2	22	+C
C3_BC27.191219_FM1-2_consensus_vsearch	3225	T	*/-CC	181	25	10.37%	2	1	93	93	1.3734043143758148E-8	1	1	58	123	0	25	-CC
C3_BC27.191219_FM1-2_consensus_vsearch	3227	C	*/+T	143	61	28.24%	2	2	93	93	2.179734741601144E-21	1	1	55	88	6	55	+T
C3_BC27.191219_FM1-2_consensus_vsearch	3228	C	*/+TC	123	109	45.23%	2	2	93	93	7.605687479942734E-41	1	1	8	115	47	62	+TC
C3_BC27.191219_FM1-2_consensus_vsearch	3229	A	*/-G	218	15	6.25%	2	1	93	93	2.4184333572860243E-5	1	1	58	160	0	15	-G
C3_BC27.191219_FM1-2_consensus_vsearch	3240	G	*/-T	226	7	2.99%	2	1	93	93	0.007463479333376833	1	1	61	165	0	7	-T
C3_BC27.191219_FM1-2_consensus_vsearch	3241	T	*/+GT	206	20	8.58%	2	1	93	93	6.145360512532276E-7	1	1	62	144	0	20	+GT
C3_BC27.191219_FM1-2_consensus_vsearch	3242	T	*/-C	212	22	9.13%	2	2	93	93	1.420915100612845E-7	1	1	56	156	5	17	-C
C3_BC27.191219_FM1-2_consensus_vsearch	3250	A	*/-G	221	10	4.17%	2	1	93	93	8.841122846835742E-4	1	1	47	174	10	0	-G
C3_BC27.191219_FM1-2_consensus_vsearch	3267	G	*/+TG	217	10	4.26%	2	1	93	93	8.825309402840407E-4	1	1	55	162	0	10	+TG
C3_BC27.191219_FM1-2_consensus_vsearch	3274	C	*/+T	229	7	2.92%	2	1	93	93	0.007467877541059236	1	1	60	169	0	7	+T
C3_BC27.191219_FM1-2_consensus_vsearch	3283	A	*/+G	199	20	8.33%	2	1	93	93	6.055615268214013E-7	1	1	62	137	0	20	+G
C3_BC27.191219_FM1-2_consensus_vsearch	3283	A	*/-G	199	18	7.5%	2	1	93	93	2.641658197446781E-6	1	1	62	137	0	18	+G
C3_BC27.191219_FM1-2_consensus_vsearch	3291	C	*/-G	215	13	5.42%	2	1	93	93	1.0238092820754376E-4	1	1	59	156	0	13	-G
C3_BC27.191219_FM1-2_consensus_vsearch	3306	C	*/-T	228	9	3.73%	2	2	93	93	0.001807763167971536	1	1	61	167	1	8	-T
C3_BC27.191219_FM1-2_consensus_vsearch	3319	C	*/-A	225	7	2.93%	2	1	93	93	0.0074619882138406745	1	1	62	163	0	7	-A
C3_BC27.191219_FM1-2_consensus_vsearch	3323	C	*/-T	202	38	15.83%	2	1	93	93	7.414281334299178E-13	1	1	62	140	0	38	-T
C3_BC27.191219_FM1-2_consensus_vsearch	3324	T	*/-C	192	10	4.93%	2	2	93	93	8.712766047726398E-4	1	1	54	138	8	2	-C
C3_BC27.191219_FM1-2_consensus_vsearch	3326	C	*/+G	205	14	5.83%	2	1	93	93	4.9256649870734555E-5	1	1	54	151	0	14	+G
C3_BC27.191219_FM1-2_consensus_vsearch	3340	T	*/-C	224	13	5.39%	2	2	93	93	1.0308590668956199E-4	1	1	49	175	12	1	-C
C3_BC27.191219_FM1-2_consensus_vsearch	3354	C	*/+T	218	8	3.32%	2	1	93	93	0.003667766201363899	1	1	60	158	0	8	+T
C3_BC27.191219_FM1-2_consensus_vsearch	3354	C	*/-T	218	11	4.56%	2	1	93	93	4.318055810374596E-4	1	1	60	158	0	11	-T
C3_BC27.191219_FM1-2_consensus_vsearch	3357	G	*/-TG	229	7	2.93%	2	2	93	93	0.007467877541059236	1	1	53	176	6	1	-TG
C3_BC27.191219_FM1-2_consensus_vsearch	3370	C	*/+A	174	52	21.67%	2	2	93	93	8.027216345233198E-18	1	1	59	115	1	51	+A
C3_BC27.191219_FM1-2_consensus_vsearch	3370	C	*/-A	174	8	3.33%	2	1	93	93	0.003611166483247444	1	1	59	115	0	8	+A
C3_BC27.191219_FM1-2_consensus_vsearch	3378	A	*/-G	221	14	5.81%	2	2	93	93	5.0002770675582806E-5	1	1	60	161	2	12	-G
C3_BC27.191219_FM1-2_consensus_vsearch	3384	C	*/+A	225	7	2.92%	2	2	93	93	0.0074619882138406745	1	1	51	174	6	1	+A
C3_BC27.191219_FM1-2_consensus_vsearch	3387	G	*/-TG	227	8	3.35%	2	1	93	93	0.003676770270380206	1	1	59	168	0	8	-TG
C3_BC27.191219_FM1-2_consensus_vsearch	3388	T	*/-G	211	11	4.78%	2	2	93	93	4.300945555177922E-4	1	1	60	151	1	10	-G
C3_BC27.191219_FM1-2_consensus_vsearch	3395	G	*/-T	200	27	11.2%	2	2	93	93	3.276297630265485E-9	1	1	44	156	17	10	-T
C3_BC27.191219_FM1-2_consensus_vsearch	3399	T	*/-G	202	32	13.28%	2	1	93	93	7.46651298819735E-11	1	1	62	140	0	32	-G
C3_BC27.191219_FM1-2_consensus_vsearch	3402	T	*/-A	183	14	6.22%	2	1	93	93	4.804996035085705E-5	1	1	62	121	0	14	-A
C3_BC27.191219_FM1-2_consensus_vsearch	3420	C	*/-G	176	35	15.02%	2	1	93	93	6.2548296543193535E-12	1	1	59	117	0	35	-G
C3_BC27.191219_FM1-2_consensus_vsearch	3426	C	*/+A	229	7	2.9%	2	1	93	93	0.007467877541059236	1	1	61	168	0	7	+A
C3_BC27.191219_FM1-2_consensus_vsearch	3442	T	*/-A	213	7	3%	2	1	93	93	0.007443047448823043	1	1	58	155	0	7	-A
C3_BC27.191219_FM1-2_consensus_vsearch	3448	G	*/-C	225	7	2.94%	2	2	93	93	0.0074619882138406745	1	1	51	174	6	1	-C
C3_BC27.191219_FM1-2_consensus_vsearch	3450	C	*/-A	222	8	3.32%	2	2	93	93	0.0036718537228742883	1	1	55	167	4	4	-A
C3_BC27.191219_FM1-2_consensus_vsearch	3454	G	*/+T	217	21	8.71%	2	1	93	93	3.006624175941345E-7	1	1	60	157	0	21	+T
C3_BC27.191219_FM1-2_consensus_vsearch	3456	C	*/-T	218	22	9.13%	2	1	93	93	1.4403077203574029E-7	1	1	61	157	0	22	-T
C3_BC27.191219_FM1-2_consensus_vsearch	3458	A	*/+G	205	9	3.75%	2	1	93	93	0.0017924949478988227	1	1	61	144	0	9	+G
C3_BC27.191219_FM1-2_consensus_vsearch	3458	A	*/-G	205	23	9.58%	2	1	93	93	6.64864113477683E-8	1	1	61	144	0	23	-G
C3_BC27.191219_FM1-2_consensus_vsearch	3471	T	*/+A	163	8	3.38%	2	2	93	93	0.0035925563072326206	1	1	20	143	1	7	+A
C3_BC27.191219_FM1-2_consensus_vsearch	3471	T	*/-A	163	41	17.3%	2	2	93	93	4.8614205752330815E-14	1	1	20	143	22	19	-A
C3_BC27.191219_FM1-2_consensus_vsearch	3471	T	*/-AA	163	9	3.8%	2	2	93	93	0.0017543824532390317	1	1	20	143	7	2	-A
C3_BC27.191219_FM1-2_consensus_vsearch	3491	A	*/-TGA	226	10	4.15%	2	2	93	93	8.86015765791995E-4	1	1	55	171	6	4	-TGA
C3_BC27.191219_FM1-2_consensus_vsearch	3499	A	*/-G	222	10	4.24%	2	1	93	93	8.844993515297029E-4	1	1	60	162	0	10	-G
C3_BC27.191219_FM1-2_consensus_vsearch	3500	G	*/+T	214	9	3.93%	2	1	93	93	0.0017988361772468277	1	1	62	152	0	9	+T
C3_BC27.191219_FM1-2_consensus_vsearch	3512	T	*/-G	203	20	8.47%	2	2	93	93	6.107459539817822E-7	1	1	49	154	10	10	-G
C3_BC27.191219_FM1-2_consensus_vsearch	3514	G	*/-A	224	8	3.35%	2	2	93	93	0.003673845400689721	1	1	57	167	5	3	-A
C3_BC27.191219_FM1-2_consensus_vsearch	3516	A	*/-G	222	7	2.95%	2	2	93	93	0.007457437428309682	1	1	56	166	5	2	-G
C3_BC27.191219_FM1-2_consensus_vsearch	3523	A	*/-C	221	20	8.3%	2	2	93	93	6.323165738404836E-7	1	1	57	164	5	15	-C
C3_BC27.191219_FM1-2_consensus_vsearch	3526	C	*/-GCT	223	8	3.32%	2	1	93	93	0.0036728538094896964	1	1	62	161	0	8	-GCT
C3_BC27.191219_FM1-2_consensus_vsearch	3538	T	*/-GT	157	69	29.49%	2	1	93	93	3.613252595029663E-24	1	1	61	96	0	69	-GT
C3_BC27.191219_FM1-2_consensus_vsearch	3546	C	*/-T	214	11	4.64%	2	1	93	93	4.308403683968055E-4	1	1	55	159	0	11	-T
C3_BC27.191219_FM1-2_consensus_vsearch	3555	C	*/+G	224	7	2.9%	2	1	93	93	0.007460484300523826	1	1	55	169	0	7	+G
C3_BC27.191219_FM1-2_consensus_vsearch	3566	G	*/-C	224	10	4.15%	2	1	93	93	8.852638500565801E-4	1	1	52	172	10	0	-C
C3_BC27.191219_FM1-2_consensus_vsearch	3571	G	*/+A	207	11	4.58%	2	1	93	93	4.2906952287648286E-4	1	1	60	147	0	11	+A
C3_BC27.191219_FM1-2_consensus_vsearch	3571	G	*/-A	207	21	8.75%	2	2	93	93	2.943569625802087E-7	1	1	60	147	1	20	-A
C3_BC27.191219_FM1-2_consensus_vsearch	3576	T	*/-G	231	8	3.32%	2	1	93	93	0.0036805574954856175	1	1	62	169	0	8	-G
C3_BC27.191219_FM1-2_consensus_vsearch	3585	C	*/-T	202	26	10.92%	2	2	93	93	7.001063960203066E-9	1	1	58	144	1	25	-T
C3_BC27.191219_FM1-2_consensus_vsearch	3587	T	*/-AA	219	9	3.75%	2	1	93	93	0.0018021474934649558	1	1	60	159	0	9	-AA
C3_BC27.191219_FM1-2_consensus_vsearch	3592	C	*/-T	224	9	3.73%	2	1	93	93	0.0018053197291553536	1	1	62	162	0	9	-T
C3_BC27.191219_FM1-2_consensus_vsearch	3600	G	*/-A	229	7	2.92%	2	2	93	93	0.007467877541059236	1	1	57	172	5	2	-A
C3_BC27.191219_FM1-2_consensus_vsearch	3602	T	*/+G	219	13	5.46%	2	1	93	93	1.0270059462456098E-4	1	1	61	158	0	13	+G
C3_BC27.191219_FM1-2_consensus_vsearch	3604	C	*/-A	228	7	2.95%	2	1	93	93	0.007466423838535645	1	1	62	166	0	7	-A
C3_BC27.191219_FM1-2_consensus_vsearch	3615	T	*/-C	229	9	3.75%	2	1	93	93	0.0018083614623809116	1	1	52	177	9	0	-C
C3_BC27.191219_FM1-2_consensus_vsearch	3630	T	*/+G	228	11	4.56%	2	2	93	93	4.340825732543977E-4	1	1	59	169	2	9	+G
C3_BC27.191219_FM1-2_consensus_vsearch	3632	G	*/-A	224	15	6.25%	2	1	93	93	2.433045785761445E-5	1	1	46	178	15	0	-A
C3_BC27.191219_FM1-2_consensus_vsearch	3636	A	*/+G	199	9	3.77%	2	2	93	93	0.0017879699024036485	1	1	54	145	1	8	+G
C3_BC27.191219_FM1-2_consensus_vsearch	3636	A	*/+GG	199	7	2.93%	2	1	93	93	0.007418189114685095	1	1	54	145	0	7	+G
C3_BC27.191219_FM1-2_consensus_vsearch	3636	A	*/-G	199	19	7.95%	2	2	93	93	1.266174101535565E-6	1	1	54	145	1	18	-G
C3_BC27.191219_FM1-2_consensus_vsearch	3639	A	*/+G	212	7	2.93%	2	2	93	93	0.00744137624879223	1	1	49	163	2	5	+G
C3_BC27.191219_FM1-2_consensus_vsearch	3639	A	*/-G	212	16	6.69%	2	2	93	93	1.1619469874592578E-5	1	1	49	163	6	10	-G
C3_BC27.191219_FM1-2_consensus_vsearch	3641	G	*/+A	220	9	3.77%	2	1	93	93	0.0018027927820038396	1	1	41	179	9	0	+A
C3_BC27.191219_FM1-2_consensus_vsearch	3644	G	*/-TG	206	26	10.88%	2	1	93	93	7.098325499488448E-9	1	1	62	144	0	26	-TG
C3_BC27.191219_FM1-2_consensus_vsearch	3648	A	*/-G	227	8	3.39%	2	2	93	93	0.003676770270380206	1	1	53	174	7	1	-G
C3_BC27.191219_FM1-2_consensus_vsearch	3660	T	*/+G	210	26	10.88%	2	2	93	93	7.1933750583549526E-9	1	1	60	150	1	25	+G
C3_BC27.191219_FM1-2_consensus_vsearch	3662	A	*/-GA	221	12	5%	2	1	93	93	2.1113855488095296E-4	1	1	45	176	12	0	-GA
C3_BC27.191219_FM1-2_consensus_vsearch	3667	G	*/-C	222	17	7.08%	2	1	93	93	5.681724827274391E-6	1	1	62	160	0	17	-C
C3_BC27.191219_FM1-2_consensus_vsearch	3669	T	*/-G	225	12	4.98%	2	1	93	93	2.1166972840265804E-4	1	1	62	163	0	12	-G
C3_BC27.191219_FM1-2_consensus_vsearch	3687	T	*/-G	218	19	7.98%	2	2	93	93	1.3102261317189997E-6	1	1	61	157	1	18	-G
C3_BC27.191219_FM1-2_consensus_vsearch	3696	C	*/-T	229	7	2.93%	2	1	93	93	0.007467877541059236	1	1	61	168	0	7	-T
C3_BC27.191219_FM1-2_consensus_vsearch	3698	C	*/-T	212	20	8.51%	2	2	93	93	6.218749809509289E-7	1	1	59	153	1	19	-T
C3_BC27.191219_FM1-2_consensus_vsearch	3699	T	*/+G	189	13	6.07%	2	1	93	93	1.000159835994925E-4	1	1	41	148	13	0	+G
C3_BC27.191219_FM1-2_consensus_vsearch	3709	C	*/-T	224	13	5.42%	2	2	93	93	1.0308590668956199E-4	1	1	60	164	1	12	-T
C3_BC27.191219_FM1-2_consensus_vsearch	3711	T	*/-G	226	9	3.77%	2	1	93	93	0.0018065516263558758	1	1	62	164	0	9	-G
C3_BC27.191219_FM1-2_consensus_vsearch	3723	C	*/-A	206	22	9.17%	2	2	93	93	1.4007331322768432E-7	1	1	60	146	1	21	-A
C3_BC27.191219_FM1-2_consensus_vsearch	3733	C	*/+AA	209	19	7.98%	2	1	93	93	1.2901274566237775E-6	1	1	61	148	0	19	+AA
C3_BC27.191219_FM1-2_consensus_vsearch	3736	G	*/-C	219	13	5.42%	2	1	93	93	1.0270059462456098E-4	1	1	59	160	0	13	-C
C3_BC27.191219_FM1-2_consensus_vsearch	3742	C	*/+G	198	12	4.98%	2	1	93	93	2.077128545125299E-4	1	1	58	140	0	12	+G
C3_BC27.191219_FM1-2_consensus_vsearch	3742	C	*/-G	198	22	9.13%	2	2	93	93	1.3725141667146876E-7	1	1	58	140	2	20	-G
C3_BC27.191219_FM1-2_consensus_vsearch	3751	T	*/+G	224	10	4.18%	2	1	93	93	8.852638500565801E-4	1	1	62	162	0	10	+G
C3_BC27.191219_FM1-2_consensus_vsearch	3755	G	*/-T	220	8	3.32%	2	2	93	93	0.0036698276230520683	1	1	59	161	1	7	-T
C3_BC27.191219_FM1-2_consensus_vsearch	3755	G	*/-TG	220	10	4.15%	2	2	93	93	8.837219519630479E-4	1	1	59	161	1	9	-TG
C3_BC27.191219_FM1-2_consensus_vsearch	3756	T	*/-G	201	13	5.88%	2	1	93	93	1.0117417827629507E-4	1	1	57	144	0	13	-G
C3_BC27.191219_FM1-2_consensus_vsearch	3760	G	*/+A	223	7	2.94%	2	2	93	93	0.007458967428082863	1	1	52	171	4	3	+A
C3_BC27.191219_FM1-2_consensus_vsearch	3760	G	*/-A	223	7	2.94%	2	2	93	93	0.007458967428082863	1	1	52	171	3	4	+A
C3_BC27.191219_FM1-2_consensus_vsearch	3766	T	*/+C	227	7	2.97%	2	1	93	93	0.0074649578216797186	1	1	62	165	0	7	+C
C3_BC27.191219_FM1-2_consensus_vsearch	3767	T	*/-C	201	33	13.75%	2	2	93	93	3.459256017466066E-11	1	1	39	162	21	12	-C
C3_BC27.191219_FM1-2_consensus_vsearch	3770	T	*/+G	221	7	2.94%	2	1	93	93	0.007455894130096957	1	1	62	159	0	7	+G
C3_BC27.191219_FM1-2_consensus_vsearch	3773	C	*/+T	206	11	4.62%	2	1	93	93	4.288076047440095E-4	1	1	61	145	0	11	+T
C3_BC27.191219_FM1-2_consensus_vsearch	3789	C	*/-G	213	13	5.42%	2	2	93	93	1.0221711622714382E-4	1	1	57	156	2	11	-G
C3_BC27.191219_FM1-2_consensus_vsearch	3802	T	*/-C	213	16	6.81%	2	2	93	93	1.1633794120125217E-5	1	1	44	169	13	3	-C
C3_BC27.191219_FM1-2_consensus_vsearch	3805	T	*/-A	215	8	3.45%	2	2	93	93	0.0036646057936482192	1	1	60	155	1	7	-A
C3_BC27.191219_FM1-2_consensus_vsearch	3808	G	*/-CG	210	9	3.8%	2	2	93	93	0.0017960807336148846	1	1	61	149	1	8	-CG
C3_BC27.191219_FM1-2_consensus_vsearch	3808	G	*/-CGG	210	14	5.91%	2	1	93	93	4.950038813942507E-5	1	1	61	149	0	14	-CGG
C3_BC27.191219_FM1-2_consensus_vsearch	3809	C	*/+G	101	10	4.74%	2	2	93	93	7.901357936434133E-4	1	1	35	66	3	7	+G
C3_BC27.191219_FM1-2_consensus_vsearch	3809	C	*/-G	101	89	42.18%	2	2	93	93	1.9096360289935914E-33	1	1	35	66	18	71	-G
C3_BC27.191219_FM1-2_consensus_vsearch	3814	G	*/-C	228	9	3.73%	2	2	93	93	0.001807763167971536	1	1	51	177	8	1	-C
C3_BC27.191219_FM1-2_consensus_vsearch	3831	T	*/-C	218	7	2.9%	2	2	93	93	0.007451182688346346	1	1	59	159	1	6	-C
C3_BC27.191219_FM1-2_consensus_vsearch	3832	C	*/+A	184	12	5.19%	2	1	93	93	2.052568958466569E-4	1	1	48	136	12	0	+A
C3_BC27.191219_FM1-2_consensus_vsearch	3832	C	*/-A	184	15	6.49%	2	2	93	93	2.3206771680154826E-5	1	1	48	136	1	14	-A
C3_BC27.191219_FM1-2_consensus_vsearch	3832	C	*/-AAG	184	8	3.46%	2	1	93	93	0.0036262674855563662	1	1	48	136	0	8	-A
C3_BC27.191219_FM1-2_consensus_vsearch	3834	A	*/-G	193	12	5.26%	2	2	93	93	2.0687207786004562E-4	1	1	60	133	1	11	-G
C3_BC27.191219_FM1-2_consensus_vsearch	3836	G	*/-CG	218	9	3.77%	2	1	93	93	0.001801496644156972	1	1	62	156	0	9	-CG
C3_BC27.191219_FM1-2_consensus_vsearch	3839	T	*/-C	197	35	14.83%	2	1	93	93	7.272110916212831E-12	1	1	62	135	0	35	-C
C3_BC27.191219_FM1-2_consensus_vsearch	3842	C	*/+T	218	7	3.04%	2	1	93	93	0.007451182688346346	1	1	57	161	0	7	+T
C3_BC27.191219_FM1-2_consensus_vsearch	3845	C	*/+A	223	9	3.77%	2	1	93	93	0.0018046959863042469	1	1	61	162	0	9	+A
C3_BC27.191219_FM1-2_consensus_vsearch	3846	G	*/-CG	216	15	6.28%	2	1	93	93	2.4134087137185156E-5	1	1	61	155	0	15	-CG
C3_BC27.191219_FM1-2_consensus_vsearch	3849	T	*/-C	231	7	2.93%	2	1	93	93	0.007470748618496003	1	1	53	178	7	0	-C
C3_BC27.191219_FM1-2_consensus_vsearch	3851	C	*/-T	196	37	15.42%	2	2	93	93	1.5404363983823972E-12	1	1	56	140	3	34	-T
C3_BC27.191219_FM1-2_consensus_vsearch	3853	T	*/-G	224	7	2.93%	2	1	93	93	0.007460484300523826	1	1	58	166	0	7	-G
C3_BC27.191219_FM1-2_consensus_vsearch	3855	G	*/+T	222	7	2.9%	2	1	93	93	0.007457437428309682	1	1	57	165	0	7	+T
C3_BC27.191219_FM1-2_consensus_vsearch	3864	A	*/-G	177	57	23.75%	2	2	93	93	1.4175952141696777E-19	1	1	39	138	20	37	-G
C3_BC27.191219_FM1-2_consensus_vsearch	3876	T	*/-A	202	12	5.15%	2	2	93	93	2.0835870377678545E-4	1	1	50	152	8	4	-A
C3_BC27.191219_FM1-2_consensus_vsearch	3882	T	*/-C	229	7	2.92%	2	2	93	93	0.007467877541059236	1	1	60	169	1	6	-C
C3_BC27.191219_FM1-2_consensus_vsearch	3883	C	*/-G	217	9	3.86%	2	2	93	93	0.0018008401619304512	1	1	57	160	2	7	-G
C3_BC27.191219_FM1-2_consensus_vsearch	3896	A	*/+G	212	18	7.56%	2	1	93	93	2.699344387350368E-6	1	1	59	153	0	18	+G
C3_BC27.191219_FM1-2_consensus_vsearch	3898	G	*/+A	229	7	2.9%	2	1	93	93	0.007467877541059236	1	1	52	177	7	0	+A
C3_BC27.191219_FM1-2_consensus_vsearch	3902	A	*/+T	231	7	2.9%	2	1	93	93	0.007470748618496003	1	1	62	169	0	7	+T
C3_BC27.191219_FM1-2_consensus_vsearch	3921	A	*/+T	225	8	3.35%	2	1	93	93	0.0036748286042396724	1	1	55	170	0	8	+T
C3_BC27.191219_FM1-2_consensus_vsearch	3922	C	*/-T	226	10	4.18%	2	2	93	93	8.86015765791995E-4	1	1	58	168	2	8	-T
C3_BC27.191219_FM1-2_consensus_vsearch	3925	A	*/-C	221	7	2.94%	2	2	93	93	0.007455894130096957	1	1	50	171	2	5	-C
C3_BC27.191219_FM1-2_consensus_vsearch	3928	C	*/-A	208	16	6.67%	2	2	93	93	1.1561030828960615E-5	1	1	49	159	9	7	-A
C3_BC27.191219_FM1-2_consensus_vsearch	3930	A	*/-G	183	45	18.99%	2	2	93	93	2.5513277739548354E-15	1	1	53	130	4	41	-G
C3_BC27.191219_FM1-2_consensus_vsearch	3937	G	*/-TG	230	7	2.9%	2	1	93	93	0.0074693190837354945	1	1	62	168	0	7	-TG
C3_BC27.191219_FM1-2_consensus_vsearch	3944	A	*/-G	179	52	22.03%	2	1	93	93	8.707193475232398E-18	1	1	59	120	0	52	-G
C3_BC27.191219_FM1-2_consensus_vsearch	3955	C	*/-A	226	11	4.6%	2	2	93	93	4.336419657096737E-4	1	1	58	168	3	8	-A
C3_BC27.191219_FM1-2_consensus_vsearch	3962	T	*/-CT	216	11	4.6%	2	1	93	93	4.313270586514381E-4	1	1	60	156	0	11	-CT
C3_BC27.191219_FM1-2_consensus_vsearch	3963	C	*/+T	209	8	3.57%	2	1	93	93	0.003658026926953576	1	1	62	147	0	8	+T
C3_BC27.191219_FM1-2_consensus_vsearch	3963	C	*/-T	209	7	3.12%	2	1	93	93	0.007436270701269745	1	1	62	147	0	7	+T
C3_BC27.191219_FM1-2_consensus_vsearch	3973	C	*/-A	217	17	7.14%	2	1	93	93	5.644737386387644E-6	1	1	60	157	0	17	-A
C3_BC27.191219_FM1-2_consensus_vsearch	3984	A	*/+G	209	14	5.81%	2	1	93	93	4.9452447660699634E-5	1	1	48	161	0	14	+G
C3_BC27.191219_FM1-2_consensus_vsearch	3984	A	*/-G	209	8	3.32%	2	2	93	93	0.003658026926953576	1	1	48	161	5	3	+G
C3_BC27.191219_FM1-2_consensus_vsearch	3988	C	*/-T	230	8	3.32%	2	2	93	93	0.0036796224538833875	1	1	61	169	1	7	-T
C3_BC27.191219_FM1-2_consensus_vsearch	3989	T	*/-C	219	7	3%	2	2	93	93	0.007452766938834958	1	1	59	160	1	6	-C
C3_BC27.191219_FM1-2_consensus_vsearch	3990	C	*/-G	209	21	9.05%	2	2	93	93	2.9565305560848877E-7	1	1	50	159	9	12	-G
C3_BC27.191219_FM1-2_consensus_vsearch	3992	G	*/-A	222	7	2.9%	2	2	93	93	0.007457437428309682	1	1	56	166	3	4	-A
C3_BC27.191219_FM1-2_consensus_vsearch	4001	T	*/+G	227	8	3.35%	2	1	93	93	0.003676770270380206	1	1	62	165	0	8	+G
C3_BC27.191219_FM1-2_consensus_vsearch	4009	G	*/-A	210	17	7.05%	2	2	93	93	5.590552312029508E-6	1	1	43	167	6	11	-A
C3_BC27.191219_FM1-2_consensus_vsearch	4009	G	*/-AG	210	7	2.9%	2	2	93	93	0.007437988084800957	1	1	43	167	6	1	-A
C3_BC27.191219_FM1-2_consensus_vsearch	4010	A	*/+G	52	130	61.9%	2	2	93	93	2.704425998403773E-56	1	1	9	43	13	117	+G
C3_BC27.191219_FM1-2_consensus_vsearch	4010	A	*/-G	52	22	10.48%	2	2	93	93	3.8056828045991877E-8	1	1	9	43	20	2	+G
C3_BC27.191219_FM1-2_consensus_vsearch	4017	T	*/-G	227	7	2.92%	2	1	93	93	0.0074649578216797186	1	1	62	165	0	7	-G
C3_BC27.191219_FM1-2_consensus_vsearch	4026	A	*/+GG	210	8	3.35%	2	1	93	93	0.0036591481612605	1	1	45	165	0	8	+GG
C3_BC27.191219_FM1-2_consensus_vsearch	4026	A	*/-GGA	210	10	4.18%	2	2	93	93	8.796295164637225E-4	1	1	45	165	9	1	-GGA
C3_BC27.191219_FM1-2_consensus_vsearch	4032	G	*/-C	210	15	6.3%	2	1	93	93	2.3978473096487834E-5	1	1	41	169	15	0	-C
C3_BC27.191219_FM1-2_consensus_vsearch	4034	C	*/+T	229	7	2.94%	2	1	93	93	0.007467877541059236	1	1	59	170	0	7	+T
C3_BC27.191219_FM1-2_consensus_vsearch	4035	C	*/-T	226	9	3.73%	2	2	93	93	0.0018065516263558758	1	1	61	165	1	8	-T
C3_BC27.191219_FM1-2_consensus_vsearch	4037	A	*/-G	227	7	2.92%	2	1	93	93	0.0074649578216797186	1	1	58	169	0	7	-G
C3_BC27.191219_FM1-2_consensus_vsearch	4040	G	*/-CG	213	17	7.23%	2	1	93	93	5.61412940655465E-6	1	1	60	153	0	17	-CG
C3_BC27.191219_FM1-2_consensus_vsearch	4044	C	*/-T	226	10	4.18%	2	2	93	93	8.86015765791995E-4	1	1	60	166	1	9	-T
C3_BC27.191219_FM1-2_consensus_vsearch	4046	C	*/+A	217	7	2.95%	2	2	93	93	0.007449584424390529	1	1	56	161	4	3	+A
C3_BC27.191219_FM1-2_consensus_vsearch	4050	C	*/-T	216	10	4.27%	2	1	93	93	8.821271222096345E-4	1	1	60	156	0	10	-T
C3_BC27.191219_FM1-2_consensus_vsearch	4052	T	*/-CT	215	10	4.22%	2	1	93	93	8.817198236951184E-4	1	1	61	154	0	10	-CT
C3_BC27.191219_FM1-2_consensus_vsearch	4060	G	*/+C	187	14	5.93%	2	2	93	93	4.828732418008738E-5	1	1	52	135	2	12	+C
C3_BC27.191219_FM1-2_consensus_vsearch	4060	G	*/-C	187	27	11.44%	2	2	93	93	3.1063115975699223E-9	1	1	52	135	6	21	-C
C3_BC27.191219_FM1-2_consensus_vsearch	4064	C	*/+T	215	11	4.56%	2	1	93	93	4.3108474750487954E-4	1	1	57	158	0	11	+T
C3_BC27.191219_FM1-2_consensus_vsearch	4064	C	*/-T	215	11	4.56%	2	2	93	93	4.3108474750487954E-4	1	1	57	158	3	8	+T
C3_BC27.191219_FM1-2_consensus_vsearch	4067	G	*/-A	208	28	11.72%	2	2	93	93	1.590755435638844E-9	1	1	54	154	6	22	-A
C3_BC27.191219_FM1-2_consensus_vsearch	4073	C	*/-T	220	14	5.81%	2	2	93	93	4.995890859598848E-5	1	1	60	160	1	13	-T
C3_BC27.191219_FM1-2_consensus_vsearch	4084	C	*/-A	219	7	2.95%	2	1	93	93	0.007452766938834958	1	1	59	160	0	7	-A
C3_BC27.191219_FM1-2_consensus_vsearch	4110	A	*/+C	226	7	2.93%	2	1	93	93	0.007463479333376833	1	1	62	164	0	7	+C
C3_BC27.191219_FM1-2_consensus_vsearch	4112	T	*/-C	182	46	19.33%	2	2	93	93	1.1359926584763858E-15	1	1	61	121	1	45	-C
C3_BC27.191219_FM1-2_consensus_vsearch	4130	T	*/+C	202	9	3.8%	2	2	93	93	0.0017902638323438202	1	1	42	160	7	2	+C
C3_BC27.191219_FM1-2_consensus_vsearch	4130	T	*/-C	202	21	8.86%	2	2	93	93	2.9103621750809095E-7	1	1	42	160	11	10	-C
C3_BC27.191219_FM1-2_consensus_vsearch	4134	A	*/+G	210	19	7.98%	2	1	93	93	1.2924262145172922E-6	1	1	56	154	0	19	+G
C3_BC27.191219_FM1-2_consensus_vsearch	4141	C	*/+A	224	14	5.81%	2	1	93	93	5.0132304095312896E-5	1	1	61	163	0	14	+A
C3_BC27.191219_FM1-2_consensus_vsearch	4145	C	*/-T	216	23	9.54%	2	1	93	93	6.838966941093143E-8	1	1	62	154	0	23	-T
C3_BC27.191219_FM1-2_consensus_vsearch	4147	C	*/-T	230	7	2.94%	2	1	93	93	0.0074693190837354945	1	1	61	169	0	7	-T
C3_BC27.191219_FM1-2_consensus_vsearch	4164	T	*/+C	220	8	3.33%	2	1	93	93	0.0036698276230520683	1	1	62	158	0	8	+C
C3_BC27.191219_FM1-2_consensus_vsearch	4165	G	*/-TG	219	14	5.86%	2	2	93	93	4.9914697602419593E-5	1	1	57	162	3	11	-TG
C3_BC27.191219_FM1-2_consensus_vsearch	4166	T	*/-G	191	15	6.85%	2	2	93	93	2.3431793142047634E-5	1	1	54	137	2	13	-G
C3_BC27.191219_FM1-2_consensus_vsearch	4170	T	*/-A	215	8	3.38%	2	2	93	93	0.0036646057936482192	1	1	50	165	7	1	-A
C3_BC27.191219_FM1-2_consensus_vsearch	4172	A	*/+G	63	148	61.92%	2	2	93	93	1.9736800666784666E-63	1	1	22	41	27	121	+G
C3_BC27.191219_FM1-2_consensus_vsearch	4182	C	*/-A	213	9	3.8%	2	2	93	93	0.0017981564163397133	1	1	56	157	4	5	-A
C3_BC27.191219_FM1-2_consensus_vsearch	4190	C	*/-T	222	14	5.91%	2	1	93	93	5.004628793929559E-5	1	1	61	161	0	14	-T
C3_BC27.191219_FM1-2_consensus_vsearch	4193	C	*/+G	217	7	2.93%	2	1	93	93	0.007449584424390529	1	1	62	155	0	7	+G
C3_BC27.191219_FM1-2_consensus_vsearch	4201	A	*/-G	180	47	19.92%	2	1	93	93	4.977365715905767E-16	1	1	60	120	0	47	-G
C3_BC27.191219_FM1-2_consensus_vsearch	4208	A	*/+G	189	19	7.92%	2	2	93	93	1.240321732146791E-6	1	1	42	147	6	13	+G
C3_BC27.191219_FM1-2_consensus_vsearch	4208	A	*/-G	189	14	5.83%	2	2	93	93	4.840279700124344E-5	1	1	42	147	6	8	+G
C3_BC27.191219_FM1-2_consensus_vsearch	4215	G	*/-C	223	7	2.93%	2	1	93	93	0.007458967428082863	1	1	62	161	0	7	-C
C3_BC27.191219_FM1-2_consensus_vsearch	4221	A	*/-G	209	17	7.23%	2	2	93	93	5.582571341748222E-6	1	1	45	164	10	7	-G
C3_BC27.191219_FM1-2_consensus_vsearch	4241	C	*/+G	170	14	5.91%	2	1	93	93	4.721392964410002E-5	1	1	48	122	0	14	+G
C3_BC27.191219_FM1-2_consensus_vsearch	4241	C	*/-G	170	47	19.83%	2	2	93	93	4.336371751026813E-16	1	1	48	122	11	36	-G
C3_BC27.191219_FM1-2_consensus_vsearch	4253	G	*/-C	202	23	9.54%	2	2	93	93	6.594329685793153E-8	1	1	54	148	2	21	-C
C3_BC27.191219_FM1-2_consensus_vsearch	4254	C	*/+T	174	35	16.43%	2	1	93	93	6.155057147631404E-12	1	1	59	115	0	35	+T
C3_BC27.191219_FM1-2_consensus_vsearch	4255	C	*/+T	216	8	3.39%	2	1	93	93	0.003665668526289429	1	1	60	156	0	8	+T
C3_BC27.191219_FM1-2_consensus_vsearch	4256	C	*/-T	162	58	24.27%	2	2	93	93	4.5320758681346293E-20	1	1	59	103	3	55	-T
C3_BC27.191219_FM1-2_consensus_vsearch	4263	C	*/-G	213	14	5.86%	2	2	93	93	4.9641866600329834E-5	1	1	57	156	1	13	-G
C3_BC27.191219_FM1-2_consensus_vsearch	4265	G	*/-C	219	11	4.58%	2	1	93	93	4.3204184318133837E-4	1	1	42	177	11	0	-C
C3_BC27.191219_FM1-2_consensus_vsearch	4266	C	*/+T	218	7	3.1%	2	1	93	93	0.007451182688346346	1	1	46	172	0	7	+T
C3_BC27.191219_FM1-2_consensus_vsearch	4270	C	*/-T	218	14	5.91%	2	1	93	93	4.9870133531628E-5	1	1	59	159	0	14	-T
C3_BC27.191219_FM1-2_consensus_vsearch	4271	T	*/-C	213	8	3.56%	2	1	93	93	0.0036624519192641563	1	1	59	154	0	8	-C
C3_BC27.191219_FM1-2_consensus_vsearch	4272	C	*/-TC	170	50	21.65%	2	1	93	93	3.823378022039259E-17	1	1	60	110	0	50	-TC
C3_BC27.191219_FM1-2_consensus_vsearch	4274	C	*/-G	158	11	6.18%	2	1	93	93	4.127839426459288E-4	1	1	60	98	0	11	-G
C3_BC27.191219_FM1-2_consensus_vsearch	4278	C	*/-G	207	26	10.88%	2	2	93	93	7.12229262626292E-9	1	1	59	148	1	25	-G
C3_BC27.191219_FM1-2_consensus_vsearch	4280	G	*/+A	228	9	3.77%	2	1	93	93	0.001807763167971536	1	1	52	176	9	0	+A
C3_BC27.191219_FM1-2_consensus_vsearch	4289	C	*/-T	222	10	4.27%	2	2	93	93	8.844993515297029E-4	1	1	53	169	6	4	-T
C3_BC27.191219_FM1-2_consensus_vsearch	4291	T	*/-G	219	12	5.02%	2	2	93	93	2.10866409362083E-4	1	1	52	167	2	10	-G
C3_BC27.191219_FM1-2_consensus_vsearch	4295	G	*/-C	221	10	4.2%	2	1	93	93	8.841122846835742E-4	1	1	57	164	0	10	-C
C3_BC27.191219_FM1-2_consensus_vsearch	4297	C	*/-T	206	26	10.88%	2	1	93	93	7.098325499488448E-9	1	1	61	145	0	26	-T
C3_BC27.191219_FM1-2_consensus_vsearch	4299	C	*/-T	221	8	3.43%	2	2	93	93	0.003670845031231652	1	1	60	161	1	7	-T
C3_BC27.191219_FM1-2_consensus_vsearch	4301	A	*/-T	219	11	4.6%	2	1	93	93	4.3204184318133837E-4	1	1	59	160	0	11	-T
C3_BC27.191219_FM1-2_consensus_vsearch	4309	G	*/-CG	233	7	2.92%	2	1	93	93	0.007473572259320498	1	1	61	172	0	7	-CG
C3_BC27.191219_FM1-2_consensus_vsearch	4323	G	*/+T	216	21	8.75%	2	1	93	93	3.000511080365251E-7	1	1	61	155	0	21	+T
C3_BC27.191219_FM1-2_consensus_vsearch	4325	C	*/-T	208	23	9.79%	2	2	93	93	6.701896813684098E-8	1	1	58	150	2	21	-T
C3_BC27.191219_FM1-2_consensus_vsearch	4334	A	*/+C	228	7	2.92%	2	1	93	93	0.007466423838535645	1	1	59	169	0	7	+C
C3_BC27.191219_FM1-2_consensus_vsearch	4336	T	*/+C	196	25	10.46%	2	2	93	93	1.4521229368552077E-8	1	1	57	139	3	22	+C
C3_BC27.191219_FM1-2_consensus_vsearch	4348	C	*/+G	221	7	2.92%	2	1	93	93	0.007455894130096957	1	1	61	160	0	7	+G
C3_BC27.191219_FM1-2_consensus_vsearch	4354	T	*/-G	199	29	12.18%	2	2	93	93	7.200654132456461E-10	1	1	41	158	14	15	-G
C3_BC27.191219_FM1-2_consensus_vsearch	4363	T	*/+G	222	7	3%	2	1	93	93	0.007457437428309682	1	1	57	165	0	7	+G
C3_BC27.191219_FM1-2_consensus_vsearch	4368	G	*/+T	231	7	2.94%	2	1	93	93	0.007470748618496003	1	1	61	170	0	7	+T
C3_BC27.191219_FM1-2_consensus_vsearch	4370	C	*/-T	227	7	2.97%	2	1	93	93	0.0074649578216797186	1	1	61	166	0	7	-T
C3_BC27.191219_FM1-2_consensus_vsearch	4375	T	*/+A	174	9	4.02%	2	1	93	93	0.0017660088144097936	1	1	47	127	0	9	+A
C3_BC27.191219_FM1-2_consensus_vsearch	4375	T	*/-A	174	40	17.86%	2	1	93	93	1.217168681463713E-13	1	1	47	127	0	40	-A
