Chrom	Position	Ref	Cons	Reads1	Reads2	VarFreq	Strands1	Strands2	Qual1	Qual2	Pvalue	MapQual1	MapQual2	Reads1Plus	Reads1Minus	Reads2Plus	Reads2Minus	VarAllele
C3_BC27.191219_FM1-2_consensus_vsearch	80	T	Y	220	12	5%	2	2	93	93	2.1100303986498742E-4	1	1	60	160	1	11	C
C3_BC27.191219_FM1-2_consensus_vsearch	90	A	R	225	9	3.77%	2	1	93	93	0.0018059382541162866	1	1	52	173	9	0	G
C3_BC27.191219_FM1-2_consensus_vsearch	92	T	Y	231	7	2.94%	2	2	93	93	0.007470748618496003	1	1	61	170	1	6	C
C3_BC27.191219_FM1-2_consensus_vsearch	121	T	Y	226	12	5.02%	2	1	93	93	2.1179986535711708E-4	1	1	62	164	0	12	C
C3_BC27.191219_FM1-2_consensus_vsearch	162	C	Y	216	9	3.83%	2	2	93	93	0.0018001779733764346	1	1	58	158	2	7	T
C3_BC27.191219_FM1-2_consensus_vsearch	164	A	R	225	7	2.94%	2	1	93	93	0.0074619882138406745	1	1	55	170	7	0	G
C3_BC27.191219_FM1-2_consensus_vsearch	213	T	Y	200	38	15.9%	2	2	93	93	7.307222245241831E-13	1	1	59	141	2	36	C
C3_BC27.191219_FM1-2_consensus_vsearch	215	C	Y	199	36	15.06%	2	1	93	93	3.4081340073556226E-12	1	1	60	139	0	36	T
C3_BC27.191219_FM1-2_consensus_vsearch	237	A	R	219	10	4.18%	2	2	93	93	8.833283118953115E-4	1	1	58	161	2	8	G
C3_BC27.191219_FM1-2_consensus_vsearch	247	G	K	156	10	5.85%	2	1	93	93	8.493608057720887E-4	1	1	60	96	0	10	T
C3_BC27.191219_FM1-2_consensus_vsearch	258	G	S	27	8	3.36%	1	1	93	93	0.002493108593043604	1	1	0	27	0	8	+CT
C3_BC27.191219_FM1-2_consensus_vsearch	259	T	Y	188	24	10.04%	2	1	93	93	2.9910218982788557E-8	1	1	61	127	0	24	C
C3_BC27.191219_FM1-2_consensus_vsearch	277	A	R	228	7	2.93%	2	2	93	93	0.007466423838535645	1	1	55	173	4	3	G
C3_BC27.191219_FM1-2_consensus_vsearch	284	T	Y	228	8	3.36%	2	1	93	93	0.00367772893957288	1	1	62	166	0	8	C
C3_BC27.191219_FM1-2_consensus_vsearch	293	T	Y	209	26	10.92%	2	2	93	93	7.169816365416689E-9	1	1	61	148	1	25	C
C3_BC27.191219_FM1-2_consensus_vsearch	305	G	R	229	11	4.56%	2	1	93	93	4.343002259471887E-4	1	1	51	178	11	0	A
C3_BC27.191219_FM1-2_consensus_vsearch	335	G	R	162	46	22.01%	2	2	93	93	8.636612751560769E-16	1	1	17	145	45	1	A
C3_BC27.191219_FM1-2_consensus_vsearch	338	T	Y	223	17	7.08%	2	1	93	93	5.688958831000205E-6	1	1	62	161	0	17	C
C3_BC27.191219_FM1-2_consensus_vsearch	342	G	R	180	10	5.18%	2	1	93	93	8.648604879212406E-4	1	1	29	151	10	0	A
C3_BC27.191219_FM1-2_consensus_vsearch	348	T	K	226	10	4.24%	2	1	93	93	8.86015765791995E-4	1	1	49	177	10	0	G
C3_BC27.191219_FM1-2_consensus_vsearch	354	T	Y	232	7	2.9%	2	1	93	93	0.007472166294706969	1	1	62	170	0	7	C
C3_BC27.191219_FM1-2_consensus_vsearch	375	T	Y	220	9	3.83%	2	2	93	93	0.0018027927820038396	1	1	56	164	2	7	C
C3_BC27.191219_FM1-2_consensus_vsearch	398	G	K	207	15	6.41%	2	1	93	93	2.3897801371672697E-5	1	1	54	153	0	15	T
C3_BC27.191219_FM1-2_consensus_vsearch	419	T	Y	229	7	2.97%	2	1	93	93	0.007467877541059236	1	1	61	168	0	7	C
C3_BC27.191219_FM1-2_consensus_vsearch	423	C	S	227	14	5.81%	2	1	93	93	5.025884107193111E-5	1	1	48	179	14	0	G
C3_BC27.191219_FM1-2_consensus_vsearch	432	A	R	211	22	9.4%	2	2	93	93	1.4176074834593726E-7	1	1	45	166	13	9	G
C3_BC27.191219_FM1-2_consensus_vsearch	433	C	Y	207	22	9.4%	2	2	93	93	1.4041535632924546E-7	1	1	42	165	13	9	T
C3_BC27.191219_FM1-2_consensus_vsearch	439	A	W	223	11	4.58%	2	1	93	93	4.3296747251648046E-4	1	1	48	175	11	0	T
C3_BC27.191219_FM1-2_consensus_vsearch	470	C	Y	211	18	7.56%	2	2	93	93	2.6951067980463388E-6	1	1	52	159	3	15	T
C3_BC27.191219_FM1-2_consensus_vsearch	477	T	Y	228	10	4.17%	2	1	93	93	8.867554066061573E-4	1	1	61	167	0	10	C
C3_BC27.191219_FM1-2_consensus_vsearch	487	T	K	221	13	5.42%	2	1	93	93	1.0285657652119606E-4	1	1	47	174	13	0	G
C3_BC27.191219_FM1-2_consensus_vsearch	497	C	Y	195	10	4.33%	2	1	93	93	8.72767211907752E-4	1	1	54	141	0	10	+T
C3_BC27.191219_FM1-2_consensus_vsearch	498	C	Y	198	15	6.22%	2	2	93	93	2.3643457204170923E-5	1	1	60	138	2	13	-T
C3_BC27.191219_FM1-2_consensus_vsearch	504	T	Y	218	8	3.38%	2	2	93	93	0.003667766201363899	1	1	55	163	2	6	C
C3_BC27.191219_FM1-2_consensus_vsearch	539	T	Y	198	9	3.75%	2	1	93	93	0.0017871908399793336	1	1	58	140	0	9	-G
C3_BC27.191219_FM1-2_consensus_vsearch	542	T	Y	198	32	13.68%	2	1	93	93	7.309369547651197E-11	1	1	62	136	0	32	C
C3_BC27.191219_FM1-2_consensus_vsearch	583	T	Y	222	7	2.98%	2	2	93	93	0.007457437428309682	1	1	56	166	4	3	C
C3_BC27.191219_FM1-2_consensus_vsearch	590	T	Y	212	28	11.62%	2	2	93	93	1.614898130046965E-9	1	1	59	153	2	26	C
C3_BC27.191219_FM1-2_consensus_vsearch	594	A	R	229	8	3.33%	2	2	93	93	0.0036786796343901236	1	1	55	174	6	2	G
C3_BC27.191219_FM1-2_consensus_vsearch	601	A	R	234	7	2.9%	2	2	93	93	0.007474966656828971	1	1	60	174	2	5	G
C3_BC27.191219_FM1-2_consensus_vsearch	611	T	Y	222	17	7.11%	2	1	93	93	5.681724827274391E-6	1	1	61	161	0	17	C
C3_BC27.191219_FM1-2_consensus_vsearch	633	A	R	219	9	3.88%	2	2	93	93	0.0018021474934649558	1	1	53	166	2	7	G
C3_BC27.191219_FM1-2_consensus_vsearch	649	G	R	194	16	7.58%	2	2	93	93	1.1340960665062282E-5	1	1	44	150	15	1	A
C3_BC27.191219_FM1-2_consensus_vsearch	650	G	S	222	8	3.45%	2	1	93	93	0.0036718537228742883	1	1	59	163	0	8	C
C3_BC27.191219_FM1-2_consensus_vsearch	665	C	Y	222	16	6.67%	2	2	93	93	1.1757842701133939E-5	1	1	61	161	1	15	T
C3_BC27.191219_FM1-2_consensus_vsearch	673	T	Y	191	14	6.45%	2	1	93	93	4.85162064553485E-5	1	1	56	135	0	14	C
C3_BC27.191219_FM1-2_consensus_vsearch	674	A	M	212	16	7.02%	2	1	93	93	1.1619469874592578E-5	1	1	57	155	0	16	C
C3_BC27.191219_FM1-2_consensus_vsearch	676	T	Y	207	7	2.97%	2	1	93	93	0.007432788253078562	1	1	54	153	0	7	+C
C3_BC27.191219_FM1-2_consensus_vsearch	677	G	R	229	7	2.97%	2	1	93	93	0.007467877541059236	1	1	50	179	7	0	A
C3_BC27.191219_FM1-2_consensus_vsearch	695	C	Y	223	7	2.93%	2	2	93	93	0.007458967428082863	1	1	59	164	1	6	T
C3_BC27.191219_FM1-2_consensus_vsearch	698	T	Y	231	7	2.92%	2	2	93	93	0.007470748618496003	1	1	57	174	2	5	C
C3_BC27.191219_FM1-2_consensus_vsearch	701	C	Y	222	7	2.97%	2	2	93	93	0.007457437428309682	1	1	54	168	1	6	T
C3_BC27.191219_FM1-2_consensus_vsearch	770	C	Y	227	8	3.36%	2	1	93	93	0.003676770270380206	1	1	62	165	0	8	T
C3_BC27.191219_FM1-2_consensus_vsearch	774	T	Y	219	7	2.93%	2	1	93	93	0.007452766938834958	1	1	62	157	0	7	-G
C3_BC27.191219_FM1-2_consensus_vsearch	779	C	Y	227	13	5.39%	2	1	93	93	1.033098399812127E-4	1	1	62	165	0	13	T
C3_BC27.191219_FM1-2_consensus_vsearch	794	T	Y	221	12	5.15%	2	1	93	93	2.1113855488095296E-4	1	1	56	165	0	12	C
C3_BC27.191219_FM1-2_consensus_vsearch	813	T	Y	218	10	4.29%	2	1	93	93	8.829313223014774E-4	1	1	62	156	0	10	C
C3_BC27.191219_FM1-2_consensus_vsearch	834	G	R	198	8	3.77%	2	2	93	93	0.0036449867501809376	1	1	55	143	7	1	A
C3_BC27.191219_FM1-2_consensus_vsearch	836	G	R	229	9	3.75%	2	1	93	93	0.0018083614623809116	1	1	61	168	0	9	A
C3_BC27.191219_FM1-2_consensus_vsearch	837	G	R	230	9	3.75%	2	1	93	93	0.0018089548541641684	1	1	61	169	0	9	A
C3_BC27.191219_FM1-2_consensus_vsearch	838	C	M	227	12	5%	2	2	93	93	2.1192896510056628E-4	1	1	59	168	1	11	A
C3_BC27.191219_FM1-2_consensus_vsearch	839	C	Y	228	8	3.32%	2	1	93	93	0.00367772893957288	1	1	60	168	0	8	T
C3_BC27.191219_FM1-2_consensus_vsearch	845	T	Y	231	7	2.92%	2	2	93	93	0.007470748618496003	1	1	60	171	1	6	C
C3_BC27.191219_FM1-2_consensus_vsearch	870	T	W	193	9	4.02%	2	1	93	93	0.0017831826885241658	1	1	60	133	0	9	A
C3_BC27.191219_FM1-2_consensus_vsearch	870	T	Y	193	16	7.14%	2	2	93	93	1.132424303638399E-5	1	1	60	133	1	15	C
C3_BC27.191219_FM1-2_consensus_vsearch	871	G	S	213	17	7.05%	2	1	93	93	5.61412940655465E-6	1	1	60	153	0	17	C
C3_BC27.191219_FM1-2_consensus_vsearch	872	T	W	208	18	7.76%	2	1	93	93	2.682200943510207E-6	1	1	62	146	0	18	A
C3_BC27.191219_FM1-2_consensus_vsearch	878	T	Y	212	7	3.02%	2	2	93	93	0.00744137624879223	1	1	57	155	1	6	C
C3_BC27.191219_FM1-2_consensus_vsearch	879	C	S	211	8	3.46%	2	1	93	93	0.0036602593149509337	1	1	55	156	0	8	G
C3_BC27.191219_FM1-2_consensus_vsearch	880	A	W	215	11	4.78%	2	1	93	93	4.3108474750487954E-4	1	1	55	160	0	11	T
C3_BC27.191219_FM1-2_consensus_vsearch	905	T	Y	225	13	5.42%	2	1	93	93	1.0316114131630932E-4	1	1	61	164	0	13	C
C3_BC27.191219_FM1-2_consensus_vsearch	910	T	Y	216	9	3.8%	2	1	93	93	0.0018001779733764346	1	1	51	165	0	9	C
C3_BC27.191219_FM1-2_consensus_vsearch	913	G	R	219	11	4.58%	2	1	93	93	4.3204184318133837E-4	1	1	41	178	11	0	A
C3_BC27.191219_FM1-2_consensus_vsearch	934	C	Y	222	12	5.04%	2	2	93	93	2.1127296798947417E-4	1	1	57	165	1	11	T
C3_BC27.191219_FM1-2_consensus_vsearch	949	C	Y	168	33	14.29%	2	2	93	93	2.7836857867106336E-11	1	1	59	109	1	32	T
C3_BC27.191219_FM1-2_consensus_vsearch	966	C	Y	230	7	2.9%	2	2	93	93	0.0074693190837354945	1	1	60	170	1	6	T
C3_BC27.191219_FM1-2_consensus_vsearch	968	T	Y	212	25	10.5%	2	1	93	93	1.5284637044949872E-8	1	1	62	150	0	25	C
C3_BC27.191219_FM1-2_consensus_vsearch	1006	G	R	228	7	2.92%	2	1	93	93	0.007466423838535645	1	1	51	177	7	0	A
C3_BC27.191219_FM1-2_consensus_vsearch	1012	T	W	215	15	6.33%	2	1	93	93	2.4108665249874024E-5	1	1	61	154	0	15	A
C3_BC27.191219_FM1-2_consensus_vsearch	1013	G	S	215	8	3.33%	2	1	93	93	0.0036646057936482192	1	1	61	154	0	8	-T
C3_BC27.191219_FM1-2_consensus_vsearch	1014	T	W	210	8	3.54%	2	1	93	93	0.0036591481612605	1	1	60	150	0	8	A
C3_BC27.191219_FM1-2_consensus_vsearch	1016	T	Y	222	7	3.04%	2	1	93	93	0.007457437428309682	1	1	62	160	0	7	C
C3_BC27.191219_FM1-2_consensus_vsearch	1021	A	R	226	9	3.83%	2	2	93	93	0.0018065516263558758	1	1	52	174	6	3	G
C3_BC27.191219_FM1-2_consensus_vsearch	1033	C	Y	224	7	2.95%	2	2	93	93	0.007460484300523826	1	1	59	165	1	6	T
C3_BC27.191219_FM1-2_consensus_vsearch	1043	T	K	223	7	2.97%	2	1	93	93	0.007458967428082863	1	1	50	173	7	0	G
C3_BC27.191219_FM1-2_consensus_vsearch	1072	G	R	233	8	3.32%	2	2	93	93	0.0036824046267336483	1	1	61	172	1	7	A
C3_BC27.191219_FM1-2_consensus_vsearch	1111	C	Y	204	19	8.02%	2	1	93	93	1.2783751095611703E-6	1	1	62	142	0	19	T
C3_BC27.191219_FM1-2_consensus_vsearch	1113	A	R	218	11	4.58%	2	1	93	93	4.318055810374596E-4	1	1	49	169	11	0	G
C3_BC27.191219_FM1-2_consensus_vsearch	1115	C	Y	221	18	7.47%	2	1	93	93	2.7361017606407482E-6	1	1	62	159	0	18	T
C3_BC27.191219_FM1-2_consensus_vsearch	1130	C	Y	210	11	4.64%	2	1	93	93	4.298416344617859E-4	1	1	60	150	0	11	T
C3_BC27.191219_FM1-2_consensus_vsearch	1156	A	R	232	7	2.92%	2	2	93	93	0.007472166294706969	1	1	55	177	6	1	G
C3_BC27.191219_FM1-2_consensus_vsearch	1169	A	R	8	10	4.17%	1	2	93	93	1.721489485671874E-4	1	1	0	8	8	2	+G
C3_BC27.191219_FM1-2_consensus_vsearch	1187	C	Y	230	7	2.94%	2	1	93	93	0.0074693190837354945	1	1	62	168	0	7	T
C3_BC27.191219_FM1-2_consensus_vsearch	1263	T	Y	233	8	3.32%	2	1	93	93	0.0036824046267336483	1	1	62	171	0	8	C
C3_BC27.191219_FM1-2_consensus_vsearch	1286	C	Y	223	12	5%	2	2	93	93	2.114062925508352E-4	1	1	60	163	1	11	T
C3_BC27.191219_FM1-2_consensus_vsearch	1293	C	Y	187	14	5.81%	2	2	93	93	4.828732418008738E-5	1	1	53	134	1	13	T
C3_BC27.191219_FM1-2_consensus_vsearch	1294	A	R	194	10	4.78%	2	2	93	93	8.722750499460999E-4	1	1	57	137	2	8	G
C3_BC27.191219_FM1-2_consensus_vsearch	1296	G	K	203	20	8.97%	2	1	93	93	6.107459539817822E-7	1	1	59	144	0	20	T
C3_BC27.191219_FM1-2_consensus_vsearch	1298	T	Y	222	16	6.69%	2	1	93	93	1.1757842701133939E-5	1	1	61	161	0	16	C
C3_BC27.191219_FM1-2_consensus_vsearch	1300	G	R	218	9	3.96%	2	2	93	93	0.001801496644156972	1	1	54	164	7	2	A
C3_BC27.191219_FM1-2_consensus_vsearch	1301	G	R	225	11	4.6%	2	2	93	93	4.334189676817625E-4	1	1	60	165	1	10	A
C3_BC27.191219_FM1-2_consensus_vsearch	1305	C	Y	216	15	6.25%	2	1	93	93	2.4134087137185156E-5	1	1	59	157	0	15	T
C3_BC27.191219_FM1-2_consensus_vsearch	1323	T	K	22	31	12.86%	1	2	93	93	8.231490188105919E-13	1	1	0	22	3	28	G
C3_BC27.191219_FM1-2_consensus_vsearch	1324	G	S	226	7	2.95%	2	1	93	93	0.007463479333376833	1	1	61	165	0	7	C
C3_BC27.191219_FM1-2_consensus_vsearch	1326	C	Y	193	27	11.34%	2	1	93	93	3.186299237848167E-9	1	1	58	135	0	27	T
C3_BC27.191219_FM1-2_consensus_vsearch	1355	G	R	187	25	11.42%	2	2	93	93	1.4057802921912948E-8	1	1	45	142	9	16	A
C3_BC27.191219_FM1-2_consensus_vsearch	1356	G	R	223	10	4.27%	2	2	93	93	8.848831932848452E-4	1	1	54	169	8	2	A
C3_BC27.191219_FM1-2_consensus_vsearch	1357	G	R	230	9	3.75%	2	1	93	93	0.0018089548541641684	1	1	62	168	0	9	A
C3_BC27.191219_FM1-2_consensus_vsearch	1388	C	Y	207	9	3.93%	2	1	93	93	0.001793948723227531	1	1	48	159	0	9	T
C3_BC27.191219_FM1-2_consensus_vsearch	1391	G	R	219	11	4.74%	2	2	93	93	4.3204184318133837E-4	1	1	47	172	10	1	A
C3_BC27.191219_FM1-2_consensus_vsearch	1396	T	Y	207	18	7.79%	2	2	93	93	2.677833421406879E-6	1	1	57	150	1	17	C
C3_BC27.191219_FM1-2_consensus_vsearch	1400	A	R	232	7	2.92%	2	1	93	93	0.007472166294706969	1	1	53	179	7	0	G
C3_BC27.191219_FM1-2_consensus_vsearch	1430	C	Y	218	16	6.67%	2	2	93	93	1.1703767424993676E-5	1	1	60	158	2	14	T
C3_BC27.191219_FM1-2_consensus_vsearch	1432	C	Y	223	13	5.39%	2	1	93	93	1.03010072485016E-4	1	1	62	161	0	13	T
C3_BC27.191219_FM1-2_consensus_vsearch	1439	T	Y	211	21	8.79%	2	2	93	93	2.9693129721095895E-7	1	1	56	155	4	17	C
C3_BC27.191219_FM1-2_consensus_vsearch	1468	T	Y	225	7	3%	2	1	93	93	0.0074619882138406745	1	1	62	163	0	7	C
C3_BC27.191219_FM1-2_consensus_vsearch	1483	G	R	220	8	3.49%	2	2	93	93	0.0036698276230520683	1	1	56	164	6	2	A
C3_BC27.191219_FM1-2_consensus_vsearch	1486	T	Y	226	10	4.17%	2	1	93	93	8.86015765791995E-4	1	1	60	166	0	10	C
C3_BC27.191219_FM1-2_consensus_vsearch	1493	G	S	227	8	3.32%	2	1	93	93	0.003676770270380206	1	1	61	166	0	8	C
C3_BC27.191219_FM1-2_consensus_vsearch	1494	T	W	219	9	3.8%	2	2	93	93	0.0018021474934649558	1	1	59	160	1	8	A
C3_BC27.191219_FM1-2_consensus_vsearch	1500	T	Y	229	7	2.94%	2	1	93	93	0.007467877541059236	1	1	62	167	0	7	C
C3_BC27.191219_FM1-2_consensus_vsearch	1511	G	K	184	11	5.5%	2	1	93	93	4.223970856632319E-4	1	1	49	135	0	11	T
C3_BC27.191219_FM1-2_consensus_vsearch	1538	T	W	224	7	2.95%	2	1	93	93	0.007460484300523826	1	1	60	164	0	7	A
C3_BC27.191219_FM1-2_consensus_vsearch	1551	C	Y	225	7	2.93%	2	1	93	93	0.0074619882138406745	1	1	61	164	0	7	T
C3_BC27.191219_FM1-2_consensus_vsearch	1552	C	Y	210	10	4.17%	2	1	93	93	8.796295164637225E-4	1	1	62	148	0	10	+T
C3_BC27.191219_FM1-2_consensus_vsearch	1556	T	Y	226	7	2.94%	2	2	93	93	0.007463479333376833	1	1	59	167	1	6	C
C3_BC27.191219_FM1-2_consensus_vsearch	1577	C	Y	233	8	3.32%	2	1	93	93	0.0036824046267336483	1	1	62	171	0	8	T
C3_BC27.191219_FM1-2_consensus_vsearch	1585	A	R	228	7	2.93%	2	2	93	93	0.007466423838535645	1	1	53	175	6	1	G
C3_BC27.191219_FM1-2_consensus_vsearch	1587	G	R	227	9	3.75%	2	1	93	93	0.0018071599099638493	1	1	50	177	9	0	A
C3_BC27.191219_FM1-2_consensus_vsearch	1591	C	S	26	28	11.67%	2	2	93	93	3.0926320730457225E-11	1	1	6	20	19	9	+TG
C3_BC27.191219_FM1-2_consensus_vsearch	1595	T	Y	138	13	7.98%	2	1	93	93	9.323137606824358E-5	1	1	56	82	0	13	C
C3_BC27.191219_FM1-2_consensus_vsearch	1606	C	Y	211	20	8.3%	2	1	93	93	6.206735467654547E-7	1	1	60	151	0	20	T
C3_BC27.191219_FM1-2_consensus_vsearch	1646	T	Y	220	9	3.77%	2	1	93	93	0.0018027927820038396	1	1	60	160	0	9	C
C3_BC27.191219_FM1-2_consensus_vsearch	1653	T	Y	207	11	5.05%	2	1	93	93	4.2906952287648286E-4	1	1	61	146	0	11	C
C3_BC27.191219_FM1-2_consensus_vsearch	1664	C	Y	224	8	3.32%	2	2	93	93	0.003673845400689721	1	1	60	164	1	7	T
C3_BC27.191219_FM1-2_consensus_vsearch	1667	C	Y	217	16	6.67%	2	1	93	93	1.1689988290222098E-5	1	1	62	155	0	16	T
C3_BC27.191219_FM1-2_consensus_vsearch	1671	C	Y	222	14	5.88%	2	1	93	93	5.004628793929559E-5	1	1	62	160	0	14	T
C3_BC27.191219_FM1-2_consensus_vsearch	1693	A	R	224	7	2.95%	2	2	93	93	0.007460484300523826	1	1	54	170	5	2	G
C3_BC27.191219_FM1-2_consensus_vsearch	1723	C	Y	220	8	3.33%	2	2	93	93	0.0036698276230520683	1	1	54	166	1	7	T
C3_BC27.191219_FM1-2_consensus_vsearch	1725	A	W	218	10	4.2%	2	1	93	93	8.829313223014774E-4	1	1	60	158	0	10	T
C3_BC27.191219_FM1-2_consensus_vsearch	1729	G	R	222	9	3.86%	2	2	93	93	0.001804066959286255	1	1	56	166	4	5	A
C3_BC27.191219_FM1-2_consensus_vsearch	1733	C	Y	208	18	7.56%	2	2	93	93	2.682200943510207E-6	1	1	54	154	1	17	T
C3_BC27.191219_FM1-2_consensus_vsearch	1744	T	Y	219	14	5.93%	2	1	93	93	4.9914697602419593E-5	1	1	60	159	0	14	C
C3_BC27.191219_FM1-2_consensus_vsearch	1770	T	Y	212	8	3.51%	2	2	93	93	0.003661360523321731	1	1	57	155	1	7	C
C3_BC27.191219_FM1-2_consensus_vsearch	1773	T	Y	227	10	4.17%	2	2	93	93	8.863871017160644E-4	1	1	60	167	2	8	C
C3_BC27.191219_FM1-2_consensus_vsearch	1803	G	R	164	12	6.67%	2	1	93	93	2.0111470432217958E-4	1	1	50	114	12	0	A
C3_BC27.191219_FM1-2_consensus_vsearch	1815	T	Y	134	105	43.75%	2	2	93	93	9.069946108922655E-39	1	1	46	88	15	90	C
C3_BC27.191219_FM1-2_consensus_vsearch	1836	A	R	97	11	4.78%	2	1	93	93	3.735817839417786E-4	1	1	35	62	11	0	-C
C3_BC27.191219_FM1-2_consensus_vsearch	1837	C	S	119	7	5.56%	2	2	93	93	0.007171936613333159	1	1	49	70	5	2	G
C3_BC27.191219_FM1-2_consensus_vsearch	1853	T	W	112	87	36.25%	2	2	93	93	3.353530973421693E-32	1	1	44	68	16	71	A
C3_BC27.191219_FM1-2_consensus_vsearch	1857	T	Y	136	98	41.35%	2	2	93	93	7.269812435512963E-36	1	1	45	91	17	81	C
C3_BC27.191219_FM1-2_consensus_vsearch	1861	C	Y	132	101	42.62%	2	2	93	93	3.292123659299579E-37	1	1	44	88	17	84	T
C3_BC27.191219_FM1-2_consensus_vsearch	1867	G	K	225	7	2.97%	2	1	93	93	0.0074619882138406745	1	1	54	171	7	0	T
C3_BC27.191219_FM1-2_consensus_vsearch	1885	A	R	229	7	2.9%	2	2	93	93	0.007467877541059236	1	1	57	172	4	3	G
C3_BC27.191219_FM1-2_consensus_vsearch	1923	T	W	221	7	3.03%	2	1	93	93	0.007455894130096957	1	1	45	176	7	0	A
C3_BC27.191219_FM1-2_consensus_vsearch	1929	A	R	226	11	4.56%	2	1	93	93	4.336419657096737E-4	1	1	47	179	11	0	G
C3_BC27.191219_FM1-2_consensus_vsearch	1940	C	Y	227	10	4.15%	2	1	93	93	8.863871017160644E-4	1	1	61	166	0	10	T
C3_BC27.191219_FM1-2_consensus_vsearch	1948	C	Y	206	14	6.25%	2	1	93	93	4.930621480362649E-5	1	1	61	145	0	14	T
C3_BC27.191219_FM1-2_consensus_vsearch	1950	G	K	218	13	5.6%	2	1	93	93	1.0262165255618348E-4	1	1	61	157	0	13	T
C3_BC27.191219_FM1-2_consensus_vsearch	1961	C	Y	214	9	3.73%	2	2	93	93	0.0017988361772468277	1	1	46	168	1	8	-AC
C3_BC27.191219_FM1-2_consensus_vsearch	1980	C	Y	212	24	9.96%	2	1	93	93	3.220326646885651E-8	1	1	62	150	0	24	T
C3_BC27.191219_FM1-2_consensus_vsearch	1982	T	Y	217	18	7.59%	2	1	93	93	2.7200653503708843E-6	1	1	62	155	0	18	C
C3_BC27.191219_FM1-2_consensus_vsearch	1985	C	Y	217	10	4.17%	2	2	93	93	8.825309402840407E-4	1	1	59	158	1	9	-A
C3_BC27.191219_FM1-2_consensus_vsearch	1992	C	Y	227	9	3.73%	2	2	93	93	0.0018071599099638493	1	1	61	166	1	8	T
C3_BC27.191219_FM1-2_consensus_vsearch	2043	T	Y	231	8	3.33%	2	1	93	93	0.0036805574954856175	1	1	62	169	0	8	C
C3_BC27.191219_FM1-2_consensus_vsearch	2046	T	Y	230	7	2.93%	2	2	93	93	0.0074693190837354945	1	1	60	170	1	6	C
C3_BC27.191219_FM1-2_consensus_vsearch	2080	G	R	223	8	3.38%	2	2	93	93	0.0036728538094896964	1	1	51	172	7	1	A
C3_BC27.191219_FM1-2_consensus_vsearch	2090	T	Y	162	7	4.12%	2	1	93	93	0.007332911989892741	1	1	57	105	0	7	C
C3_BC27.191219_FM1-2_consensus_vsearch	2112	G	R	189	14	6.83%	2	1	93	93	4.840279700124344E-5	1	1	37	152	14	0	A
C3_BC27.191219_FM1-2_consensus_vsearch	2122	C	Y	178	9	4.52%	2	1	93	93	0.0017699066001378024	1	1	60	118	0	9	+T
C3_BC27.191219_FM1-2_consensus_vsearch	2125	T	W	197	17	7.2%	2	1	93	93	5.481738321341071E-6	1	1	59	138	0	17	A
C3_BC27.191219_FM1-2_consensus_vsearch	2125	T	Y	197	7	2.97%	2	2	93	93	0.007414362253072604	1	1	59	138	1	6	A
C3_BC27.191219_FM1-2_consensus_vsearch	2126	G	R	203	8	3.49%	2	2	93	93	0.0036510799339400076	1	1	57	146	1	7	-C
C3_BC27.191219_FM1-2_consensus_vsearch	2127	C	Y	178	20	8.81%	2	1	93	93	5.75620926781183E-7	1	1	54	124	0	20	T
C3_BC27.191219_FM1-2_consensus_vsearch	2129	A	R	130	90	40.91%	2	2	93	93	7.752583643275853E-33	1	1	40	90	17	73	G
C3_BC27.191219_FM1-2_consensus_vsearch	2136	C	Y	186	26	10.79%	2	1	93	93	6.588494101249739E-9	1	1	58	128	0	26	T
C3_BC27.191219_FM1-2_consensus_vsearch	2143	G	R	161	8	4.65%	2	1	93	93	0.0035889176506417294	1	1	33	128	8	0	A
C3_BC27.191219_FM1-2_consensus_vsearch	2146	G	R	223	12	5.08%	2	1	93	93	2.114062925508352E-4	1	1	45	178	12	0	A
C3_BC27.191219_FM1-2_consensus_vsearch	2173	T	Y	128	92	40%	2	2	93	93	1.0643538902808377E-33	1	1	43	85	17	75	C
C3_BC27.191219_FM1-2_consensus_vsearch	2251	C	Y	200	29	12.03%	2	2	93	93	7.232639532647728E-10	1	1	61	139	1	28	T
C3_BC27.191219_FM1-2_consensus_vsearch	2266	C	Y	114	102	44.16%	2	2	93	93	2.6040196587049296E-38	1	1	43	71	16	86	T
C3_BC27.191219_FM1-2_consensus_vsearch	2269	C	Y	214	9	3.86%	2	1	93	93	0.0017988361772468277	1	1	55	159	0	9	T
C3_BC27.191219_FM1-2_consensus_vsearch	2271	C	Y	208	9	3.91%	2	1	93	93	0.0017946657928001688	1	1	55	153	0	9	T
C3_BC27.191219_FM1-2_consensus_vsearch	2298	T	Y	228	7	2.92%	2	1	93	93	0.007466423838535645	1	1	60	168	0	7	C
C3_BC27.191219_FM1-2_consensus_vsearch	2321	G	R	203	9	4.11%	2	2	93	93	0.0017910143883990014	1	1	55	148	5	4	A
C3_BC27.191219_FM1-2_consensus_vsearch	2322	G	R	212	15	6.38%	2	1	93	93	2.4031176331551327E-5	1	1	58	154	0	15	A
C3_BC27.191219_FM1-2_consensus_vsearch	2324	T	Y	217	9	3.85%	2	2	93	93	0.0018008401619304512	1	1	55	162	1	8	C
C3_BC27.191219_FM1-2_consensus_vsearch	2334	C	Y	220	14	5.81%	2	1	93	93	4.995890859598848E-5	1	1	60	160	0	14	T
C3_BC27.191219_FM1-2_consensus_vsearch	2337	T	Y	183	43	17.92%	2	2	93	93	1.2482746997294313E-14	1	1	58	125	1	42	C
C3_BC27.191219_FM1-2_consensus_vsearch	2374	T	Y	212	18	7.59%	2	1	93	93	2.699344387350368E-6	1	1	58	154	0	18	C
C3_BC27.191219_FM1-2_consensus_vsearch	2395	T	Y	225	11	4.6%	2	1	93	93	4.334189676817625E-4	1	1	62	163	0	11	C
C3_BC27.191219_FM1-2_consensus_vsearch	2397	C	S	207	7	2.92%	2	1	93	93	0.007432788253078562	1	1	44	163	0	7	-G
C3_BC27.191219_FM1-2_consensus_vsearch	2443	A	R	223	7	2.9%	2	2	93	93	0.007458967428082863	1	1	54	169	4	3	G
C3_BC27.191219_FM1-2_consensus_vsearch	2446	C	Y	220	8	3.32%	2	1	93	93	0.0036698276230520683	1	1	59	161	0	8	T
C3_BC27.191219_FM1-2_consensus_vsearch	2459	T	Y	225	8	3.35%	2	1	93	93	0.0036748286042396724	1	1	59	166	0	8	C
C3_BC27.191219_FM1-2_consensus_vsearch	2463	C	Y	213	23	9.54%	2	1	93	93	6.788388096024037E-8	1	1	61	152	0	23	T
C3_BC27.191219_FM1-2_consensus_vsearch	2465	A	R	231	8	3.33%	2	1	93	93	0.0036805574954856175	1	1	62	169	0	8	G
C3_BC27.191219_FM1-2_consensus_vsearch	2475	C	Y	114	103	44.98%	2	2	93	93	9.953008164335252E-39	1	1	44	70	16	87	T
C3_BC27.191219_FM1-2_consensus_vsearch	2506	T	Y	224	15	6.28%	2	2	93	93	2.433045785761445E-5	1	1	60	164	1	14	C
C3_BC27.191219_FM1-2_consensus_vsearch	2538	T	Y	228	9	3.78%	2	1	93	93	0.001807763167971536	1	1	61	167	0	9	C
C3_BC27.191219_FM1-2_consensus_vsearch	2547	T	Y	187	35	14.77%	2	1	93	93	6.794796676990491E-12	1	1	62	125	0	35	C
C3_BC27.191219_FM1-2_consensus_vsearch	2551	T	Y	198	31	13.08%	2	1	93	93	1.5677573001725657E-10	1	1	60	138	0	31	C
C3_BC27.191219_FM1-2_consensus_vsearch	2562	C	Y	207	12	5%	2	1	93	93	2.091345729349345E-4	1	1	60	147	0	12	-A
C3_BC27.191219_FM1-2_consensus_vsearch	2565	T	Y	213	21	8.79%	2	2	93	93	2.981920422412607E-7	1	1	59	154	1	20	C
C3_BC27.191219_FM1-2_consensus_vsearch	2601	C	Y	228	7	2.92%	2	1	93	93	0.007466423838535645	1	1	60	168	0	7	T
C3_BC27.191219_FM1-2_consensus_vsearch	2618	T	Y	224	8	3.35%	2	1	93	93	0.003673845400689721	1	1	61	163	0	8	C
C3_BC27.191219_FM1-2_consensus_vsearch	2661	C	Y	228	11	4.56%	2	2	93	93	4.340825732543977E-4	1	1	61	167	1	10	T
C3_BC27.191219_FM1-2_consensus_vsearch	2694	C	Y	230	9	3.73%	2	1	93	93	0.0018089548541641684	1	1	62	168	0	9	T
C3_BC27.191219_FM1-2_consensus_vsearch	2702	A	W	9	107	44.58%	2	2	93	93	4.233777001431116E-56	1	1	1	8	6	101	+T
C3_BC27.191219_FM1-2_consensus_vsearch	2703	G	K	231	8	3.32%	2	2	93	93	0.0036805574954856175	1	1	60	171	1	7	T
C3_BC27.191219_FM1-2_consensus_vsearch	2704	G	R	231	7	2.9%	2	1	93	93	0.007470748618496003	1	1	53	178	7	0	A
C3_BC27.191219_FM1-2_consensus_vsearch	2706	T	Y	231	10	4.15%	2	1	93	93	8.878425014170833E-4	1	1	62	169	0	10	C
C3_BC27.191219_FM1-2_consensus_vsearch	2727	T	Y	227	7	2.98%	2	1	93	93	0.0074649578216797186	1	1	59	168	0	7	C
C3_BC27.191219_FM1-2_consensus_vsearch	2731	G	R	192	13	6.22%	2	2	93	93	1.0031736438947346E-4	1	1	49	143	11	2	A
C3_BC27.191219_FM1-2_consensus_vsearch	2742	T	Y	230	9	3.73%	2	1	93	93	0.0018089548541641684	1	1	61	169	0	9	C
C3_BC27.191219_FM1-2_consensus_vsearch	2758	T	Y	54	11	4.72%	1	1	93	93	3.0798649782037883E-4	1	1	0	54	0	11	C
C3_BC27.191219_FM1-2_consensus_vsearch	2759	T	Y	190	44	18.57%	2	1	93	93	6.097527221774855E-15	1	1	62	128	0	44	C
C3_BC27.191219_FM1-2_consensus_vsearch	2762	G	R	219	10	4.26%	2	2	93	93	8.833283118953115E-4	1	1	58	161	4	6	A
C3_BC27.191219_FM1-2_consensus_vsearch	2785	T	K	149	83	34.44%	2	2	93	93	1.2877029973570402E-29	1	1	27	122	32	51	G
C3_BC27.191219_FM1-2_consensus_vsearch	2787	A	R	220	15	6.3%	2	2	93	93	2.423379894583162E-5	1	1	43	177	14	1	G
C3_BC27.191219_FM1-2_consensus_vsearch	2789	A	R	216	16	6.78%	2	2	93	93	1.1676102632271101E-5	1	1	42	174	13	3	G
C3_BC27.191219_FM1-2_consensus_vsearch	2791	G	R	217	18	7.63%	2	1	93	93	2.7200653503708843E-6	1	1	43	174	18	0	A
C3_BC27.191219_FM1-2_consensus_vsearch	2792	G	R	223	7	2.92%	2	1	93	93	0.007458967428082863	1	1	48	175	7	0	-C
C3_BC27.191219_FM1-2_consensus_vsearch	2803	T	Y	230	8	3.33%	2	1	93	93	0.0036796224538833875	1	1	59	171	0	8	C
C3_BC27.191219_FM1-2_consensus_vsearch	2813	G	R	228	8	3.33%	2	2	93	93	0.00367772893957288	1	1	56	172	3	5	A
C3_BC27.191219_FM1-2_consensus_vsearch	2827	C	Y	223	13	5.39%	2	1	93	93	1.03010072485016E-4	1	1	62	161	0	13	T
C3_BC27.191219_FM1-2_consensus_vsearch	2841	T	Y	231	7	2.94%	2	1	93	93	0.007470748618496003	1	1	61	170	0	7	C
C3_BC27.191219_FM1-2_consensus_vsearch	2843	T	Y	118	95	43.38%	2	2	93	93	2.955976506572272E-35	1	1	42	76	19	76	C
C3_BC27.191219_FM1-2_consensus_vsearch	2845	T	Y	208	18	7.89%	2	1	93	93	2.682200943510207E-6	1	1	61	147	0	18	C
C3_BC27.191219_FM1-2_consensus_vsearch	2850	A	R	128	100	43.29%	2	2	93	93	6.10946702210967E-37	1	1	42	86	16	84	G
C3_BC27.191219_FM1-2_consensus_vsearch	2854	T	Y	225	9	3.78%	2	2	93	93	0.0018059382541162866	1	1	59	166	2	7	C
C3_BC27.191219_FM1-2_consensus_vsearch	2856	T	Y	210	23	9.75%	2	1	93	93	6.736828356081188E-8	1	1	60	150	0	23	C
C3_BC27.191219_FM1-2_consensus_vsearch	2859	T	Y	217	11	4.66%	2	2	93	93	4.3156732794080477E-4	1	1	56	161	4	7	C
C3_BC27.191219_FM1-2_consensus_vsearch	2864	T	Y	212	7	3.12%	2	2	93	93	0.00744137624879223	1	1	61	151	1	6	C
C3_BC27.191219_FM1-2_consensus_vsearch	2869	T	Y	210	28	11.67%	2	1	93	93	1.6028891907036817E-9	1	1	62	148	0	28	C
C3_BC27.191219_FM1-2_consensus_vsearch	2884	C	Y	229	9	3.73%	2	1	93	93	0.0018083614623809116	1	1	62	167	0	9	T
C3_BC27.191219_FM1-2_consensus_vsearch	2901	G	R	196	18	8.18%	2	1	93	93	2.6274998766511106E-6	1	1	37	159	18	0	A
C3_BC27.191219_FM1-2_consensus_vsearch	2909	T	W	210	24	10.08%	2	1	93	93	3.202517976551975E-8	1	1	60	150	0	24	A
C3_BC27.191219_FM1-2_consensus_vsearch	2913	C	Y	224	15	6.22%	2	2	93	93	2.433045785761445E-5	1	1	61	163	1	14	T
C3_BC27.191219_FM1-2_consensus_vsearch	2915	T	Y	230	9	3.75%	2	2	93	93	0.0018089548541641684	1	1	61	169	1	8	C
C3_BC27.191219_FM1-2_consensus_vsearch	2924	C	Y	233	7	2.9%	2	1	93	93	0.007473572259320498	1	1	62	171	0	7	T
C3_BC27.191219_FM1-2_consensus_vsearch	2983	T	Y	158	18	7.86%	2	1	93	93	2.4139261196268076E-6	1	1	62	96	0	18	-G
C3_BC27.191219_FM1-2_consensus_vsearch	2984	G	S	179	14	7.25%	2	1	93	93	4.780363754070553E-5	1	1	62	117	0	14	C
C3_BC27.191219_FM1-2_consensus_vsearch	3021	T	Y	206	12	5.24%	2	2	93	93	2.089820970245861E-4	1	1	55	151	3	9	C
C3_BC27.191219_FM1-2_consensus_vsearch	3032	C	Y	227	10	4.17%	2	1	93	93	8.863871017160644E-4	1	1	60	167	0	10	T
C3_BC27.191219_FM1-2_consensus_vsearch	3038	C	Y	227	9	3.73%	2	2	93	93	0.0018071599099638493	1	1	60	167	1	8	T
C3_BC27.191219_FM1-2_consensus_vsearch	3057	C	Y	222	10	4.22%	2	1	93	93	8.844993515297029E-4	1	1	58	164	0	10	T
C3_BC27.191219_FM1-2_consensus_vsearch	3061	T	Y	216	7	2.98%	2	1	93	93	0.007447971960236055	1	1	61	155	0	7	+A
C3_BC27.191219_FM1-2_consensus_vsearch	3063	C	Y	223	15	6.22%	2	1	93	93	2.4306571682594968E-5	1	1	61	162	0	15	T
C3_BC27.191219_FM1-2_consensus_vsearch	3073	C	Y	204	25	10.37%	2	1	93	93	1.4912160094400614E-8	1	1	62	142	0	25	T
C3_BC27.191219_FM1-2_consensus_vsearch	3094	C	Y	194	13	5.42%	2	2	93	93	1.0051376512604206E-4	1	1	61	133	1	12	-GG
C3_BC27.191219_FM1-2_consensus_vsearch	3098	T	Y	189	24	10%	2	1	93	93	3.001299172402925E-8	1	1	42	147	0	24	C
C3_BC27.191219_FM1-2_consensus_vsearch	3134	T	Y	225	8	3.36%	2	2	93	93	0.0036748286042396724	1	1	56	169	1	7	C
C3_BC27.191219_FM1-2_consensus_vsearch	3140	T	Y	230	9	3.75%	2	1	93	93	0.0018089548541641684	1	1	60	170	0	9	C
C3_BC27.191219_FM1-2_consensus_vsearch	3154	T	Y	206	27	11.39%	2	1	93	93	3.350714940083685E-9	1	1	61	145	0	27	C
C3_BC27.191219_FM1-2_consensus_vsearch	3172	T	Y	214	24	10.04%	2	2	93	93	3.237916453401558E-8	1	1	61	153	1	23	C
C3_BC27.191219_FM1-2_consensus_vsearch	3189	T	Y	212	19	8.12%	2	2	93	93	1.2969734963085345E-6	1	1	58	154	1	18	C
C3_BC27.191219_FM1-2_consensus_vsearch	3197	C	Y	229	8	3.32%	2	1	93	93	0.0036786796343901236	1	1	61	168	0	8	T
C3_BC27.191219_FM1-2_consensus_vsearch	3223	T	Y	232	7	2.93%	2	1	93	93	0.007472166294706969	1	1	61	171	0	7	C
C3_BC27.191219_FM1-2_consensus_vsearch	3227	C	Y	143	10	4.63%	2	1	93	93	8.390267761774618E-4	1	1	55	88	0	10	+T
C3_BC27.191219_FM1-2_consensus_vsearch	3239	C	S	194	23	9.83%	2	1	93	93	6.444107300416681E-8	1	1	62	132	0	23	G
C3_BC27.191219_FM1-2_consensus_vsearch	3239	C	Y	194	13	5.56%	2	1	93	93	1.0051376512604206E-4	1	1	62	132	0	13	G
C3_BC27.191219_FM1-2_consensus_vsearch	3244	C	Y	229	11	4.58%	2	1	93	93	4.343002259471887E-4	1	1	62	167	0	11	T
C3_BC27.191219_FM1-2_consensus_vsearch	3258	T	Y	228	12	5%	2	1	93	93	2.1205703996137238E-4	1	1	62	166	0	12	C
C3_BC27.191219_FM1-2_consensus_vsearch	3266	C	S	216	10	4.22%	2	1	93	93	8.821271222096345E-4	1	1	59	157	0	10	G
C3_BC27.191219_FM1-2_consensus_vsearch	3267	G	R	217	7	2.98%	2	2	93	93	0.007449584424390529	1	1	55	162	5	2	+TG
C3_BC27.191219_FM1-2_consensus_vsearch	3292	G	R	212	12	5.29%	2	2	93	93	2.0987757342671282E-4	1	1	54	158	8	4	A
C3_BC27.191219_FM1-2_consensus_vsearch	3309	G	R	231	7	2.93%	2	2	93	93	0.007470748618496003	1	1	56	175	6	1	A
C3_BC27.191219_FM1-2_consensus_vsearch	3326	C	Y	205	10	4.17%	2	1	93	93	8.774450793915666E-4	1	1	54	151	0	10	+G
C3_BC27.191219_FM1-2_consensus_vsearch	3333	C	Y	225	13	5.39%	2	1	93	93	1.0316114131630932E-4	1	1	62	163	0	13	T
C3_BC27.191219_FM1-2_consensus_vsearch	3402	T	Y	183	21	9.33%	2	1	93	93	2.7726883065169835E-7	1	1	62	121	0	21	C
C3_BC27.191219_FM1-2_consensus_vsearch	3404	A	R	216	10	4.24%	2	1	93	93	8.821271222096345E-4	1	1	60	156	0	10	G
C3_BC27.191219_FM1-2_consensus_vsearch	3420	C	Y	176	7	3%	2	1	93	93	0.007369187819667051	1	1	59	117	0	7	-G
C3_BC27.191219_FM1-2_consensus_vsearch	3421	G	R	172	15	7.43%	2	2	93	93	2.2786128332551297E-5	1	1	45	127	14	1	A
C3_BC27.191219_FM1-2_consensus_vsearch	3437	C	Y	230	8	3.32%	2	1	93	93	0.0036796224538833875	1	1	61	169	0	8	T
C3_BC27.191219_FM1-2_consensus_vsearch	3442	T	Y	213	7	3%	2	1	93	93	0.007443047448823043	1	1	58	155	0	7	-A
C3_BC27.191219_FM1-2_consensus_vsearch	3483	G	R	224	11	4.6%	2	2	93	93	4.3319414411093957E-4	1	1	50	174	8	3	A
C3_BC27.191219_FM1-2_consensus_vsearch	3487	G	R	220	9	3.86%	2	1	93	93	0.0018027927820038396	1	1	49	171	9	0	A
C3_BC27.191219_FM1-2_consensus_vsearch	3495	C	Y	224	9	3.78%	2	1	93	93	0.0018053197291553536	1	1	62	162	0	9	T
C3_BC27.191219_FM1-2_consensus_vsearch	3506	T	Y	225	7	2.92%	2	1	93	93	0.0074619882138406745	1	1	62	163	0	7	C
C3_BC27.191219_FM1-2_consensus_vsearch	3510	C	Y	225	8	3.32%	2	1	93	93	0.0036748286042396724	1	1	61	164	0	8	T
C3_BC27.191219_FM1-2_consensus_vsearch	3529	T	Y	212	15	6.47%	2	1	93	93	2.4031176331551327E-5	1	1	57	155	0	15	C
C3_BC27.191219_FM1-2_consensus_vsearch	3548	T	Y	214	13	5.58%	2	2	93	93	1.0229936061105097E-4	1	1	53	161	2	11	C
C3_BC27.191219_FM1-2_consensus_vsearch	3552	T	Y	197	35	14.89%	2	1	93	93	7.272110916212831E-12	1	1	62	135	0	35	C
C3_BC27.191219_FM1-2_consensus_vsearch	3570	T	Y	219	10	4.22%	2	1	93	93	8.833283118953115E-4	1	1	60	159	0	10	C
C3_BC27.191219_FM1-2_consensus_vsearch	3592	C	Y	224	7	2.9%	2	1	93	93	0.007460484300523826	1	1	62	162	0	7	-T
C3_BC27.191219_FM1-2_consensus_vsearch	3593	T	Y	213	11	4.74%	2	1	93	93	4.305938947768699E-4	1	1	60	153	0	11	C
C3_BC27.191219_FM1-2_consensus_vsearch	3599	C	Y	228	9	3.73%	2	2	93	93	0.001807763167971536	1	1	61	167	1	8	T
C3_BC27.191219_FM1-2_consensus_vsearch	3613	T	Y	230	8	3.36%	2	2	93	93	0.0036796224538833875	1	1	61	169	1	7	C
C3_BC27.191219_FM1-2_consensus_vsearch	3620	C	Y	216	18	7.5%	2	1	93	93	2.715982290125382E-6	1	1	60	156	0	18	T
C3_BC27.191219_FM1-2_consensus_vsearch	3625	C	Y	219	15	6.25%	2	1	93	93	2.4209162755784478E-5	1	1	59	160	0	15	T
C3_BC27.191219_FM1-2_consensus_vsearch	3641	G	R	220	8	3.35%	2	1	93	93	0.0036698276230520683	1	1	41	179	8	0	+A
C3_BC27.191219_FM1-2_consensus_vsearch	3642	G	R	229	8	3.32%	2	2	93	93	0.0036786796343901236	1	1	54	175	7	1	A
C3_BC27.191219_FM1-2_consensus_vsearch	3651	T	Y	232	8	3.33%	2	1	93	93	0.0036814848550168837	1	1	62	170	0	8	C
C3_BC27.191219_FM1-2_consensus_vsearch	3659	C	Y	217	21	8.71%	2	1	93	93	3.006624175941345E-7	1	1	61	156	0	21	T
C3_BC27.191219_FM1-2_consensus_vsearch	3668	C	Y	211	11	4.91%	2	1	93	93	4.300945555177922E-4	1	1	62	149	0	11	T
C3_BC27.191219_FM1-2_consensus_vsearch	3670	G	K	211	17	7.42%	2	1	93	93	5.598471848662059E-6	1	1	62	149	0	17	T
C3_BC27.191219_FM1-2_consensus_vsearch	3694	G	R	224	9	3.77%	2	2	93	93	0.0018053197291553536	1	1	53	171	8	1	A
C3_BC27.191219_FM1-2_consensus_vsearch	3700	A	R	220	11	4.62%	2	2	93	93	4.322761391918409E-4	1	1	47	173	10	1	G
C3_BC27.191219_FM1-2_consensus_vsearch	3705	C	Y	230	7	2.92%	2	2	93	93	0.0074693190837354945	1	1	60	170	1	6	T
C3_BC27.191219_FM1-2_consensus_vsearch	3714	T	Y	219	7	2.99%	2	2	93	93	0.007452766938834958	1	1	60	159	2	5	C
C3_BC27.191219_FM1-2_consensus_vsearch	3718	A	R	222	9	3.88%	2	2	93	93	0.001804066959286255	1	1	53	169	7	2	G
C3_BC27.191219_FM1-2_consensus_vsearch	3727	T	Y	229	7	2.92%	2	2	93	93	0.007467877541059236	1	1	61	168	1	6	C
C3_BC27.191219_FM1-2_consensus_vsearch	3734	G	R	209	25	10.46%	2	1	93	93	1.5147044483682217E-8	1	1	61	148	0	25	A
C3_BC27.191219_FM1-2_consensus_vsearch	3735	T	W	209	26	10.83%	2	1	93	93	7.169816365416689E-9	1	1	62	147	0	26	A
C3_BC27.191219_FM1-2_consensus_vsearch	3737	C	Y	206	9	3.95%	2	2	93	93	0.001793225137980622	1	1	55	151	1	8	T
C3_BC27.191219_FM1-2_consensus_vsearch	3742	C	Y	198	7	2.9%	2	2	93	93	0.007416284922397948	1	1	58	140	2	5	-G
C3_BC27.191219_FM1-2_consensus_vsearch	3743	G	R	202	12	5.53%	2	1	93	93	2.0835870377678545E-4	1	1	47	155	12	0	A
C3_BC27.191219_FM1-2_consensus_vsearch	3750	C	Y	224	11	4.6%	2	1	93	93	4.3319414411093957E-4	1	1	61	163	0	11	T
C3_BC27.191219_FM1-2_consensus_vsearch	3770	T	Y	221	8	3.36%	2	1	93	93	0.003670845031231652	1	1	62	159	0	8	C
C3_BC27.191219_FM1-2_consensus_vsearch	3773	C	Y	206	17	7.14%	2	1	93	93	5.5582526785826E-6	1	1	61	145	0	17	T
C3_BC27.191219_FM1-2_consensus_vsearch	3806	A	R	213	7	3.14%	2	2	93	93	0.007443047448823043	1	1	58	155	2	5	G
C3_BC27.191219_FM1-2_consensus_vsearch	3807	A	R	196	10	4.29%	2	2	93	93	8.7325475503958E-4	1	1	60	136	1	9	G
C3_BC27.191219_FM1-2_consensus_vsearch	3807	A	W	196	24	10.3%	2	1	93	93	3.071396715362743E-8	1	1	60	136	0	24	T
C3_BC27.191219_FM1-2_consensus_vsearch	3810	G	K	105	10	8.33%	2	1	93	93	7.962356324190753E-4	1	1	39	66	0	10	T
C3_BC27.191219_FM1-2_consensus_vsearch	3817	T	Y	222	12	5.02%	2	1	93	93	2.1127296798947417E-4	1	1	61	161	0	12	C
C3_BC27.191219_FM1-2_consensus_vsearch	3833	A	M	180	7	3.29%	2	1	93	93	0.007378565932456183	1	1	59	121	0	7	C
C3_BC27.191219_FM1-2_consensus_vsearch	3833	A	R	180	11	5.16%	2	2	93	93	4.2108036879098717E-4	1	1	59	121	2	9	G
C3_BC27.191219_FM1-2_consensus_vsearch	3833	A	W	180	10	4.69%	2	1	93	93	8.648604879212406E-4	1	1	59	121	0	10	G
C3_BC27.191219_FM1-2_consensus_vsearch	3834	A	M	193	7	3.07%	2	1	93	93	0.007406481321433913	1	1	60	133	0	7	-G
C3_BC27.191219_FM1-2_consensus_vsearch	3834	A	W	193	13	5.7%	2	1	93	93	1.0041600859633792E-4	1	1	60	133	0	13	T
C3_BC27.191219_FM1-2_consensus_vsearch	3835	G	K	183	20	9.17%	2	1	93	93	5.831959383737103E-7	1	1	59	124	0	20	T
C3_BC27.191219_FM1-2_consensus_vsearch	3836	G	R	218	7	2.93%	2	1	93	93	0.007451182688346346	1	1	62	156	0	7	-CG
C3_BC27.191219_FM1-2_consensus_vsearch	3837	C	Y	206	11	4.82%	2	1	93	93	4.288076047440095E-4	1	1	62	144	0	11	T
C3_BC27.191219_FM1-2_consensus_vsearch	3856	C	Y	216	17	7.2%	2	2	93	93	5.6371721310563775E-6	1	1	56	160	1	16	T
C3_BC27.191219_FM1-2_consensus_vsearch	3857	C	M	213	8	3.32%	2	1	93	93	0.0036624519192641563	1	1	61	152	0	8	A
C3_BC27.191219_FM1-2_consensus_vsearch	3857	C	Y	213	19	7.88%	2	1	93	93	1.2992223780433995E-6	1	1	61	152	0	19	T
C3_BC27.191219_FM1-2_consensus_vsearch	3859	C	Y	222	12	5%	2	2	93	93	2.1127296798947417E-4	1	1	59	163	1	11	T
C3_BC27.191219_FM1-2_consensus_vsearch	3873	C	Y	226	8	3.32%	2	1	93	93	0.003675803526076434	1	1	61	165	0	8	T
C3_BC27.191219_FM1-2_consensus_vsearch	3876	T	Y	202	12	5.15%	2	1	93	93	2.0835870377678545E-4	1	1	50	152	0	12	-A
C3_BC27.191219_FM1-2_consensus_vsearch	3911	G	R	225	13	5.44%	2	1	93	93	1.0316114131630932E-4	1	1	49	176	13	0	A
C3_BC27.191219_FM1-2_consensus_vsearch	3918	C	Y	225	7	2.97%	2	1	93	93	0.0074619882138406745	1	1	57	168	0	7	T
C3_BC27.191219_FM1-2_consensus_vsearch	3928	C	Y	208	10	4.17%	2	1	93	93	8.787673881990181E-4	1	1	49	159	0	10	-A
C3_BC27.191219_FM1-2_consensus_vsearch	3938	T	Y	222	9	3.85%	2	1	93	93	0.001804066959286255	1	1	62	160	0	9	C
C3_BC27.191219_FM1-2_consensus_vsearch	3972	G	S	224	7	2.92%	2	1	93	93	0.007460484300523826	1	1	50	174	7	0	C
C3_BC27.191219_FM1-2_consensus_vsearch	3976	T	Y	218	19	7.92%	2	1	93	93	1.3102261317189997E-6	1	1	62	156	0	19	C
C3_BC27.191219_FM1-2_consensus_vsearch	3980	C	Y	223	9	3.75%	2	1	93	93	0.0018046959863042469	1	1	56	167	0	9	T
C3_BC27.191219_FM1-2_consensus_vsearch	3984	A	R	209	8	3.32%	2	1	93	93	0.003658026926953576	1	1	48	161	8	0	+G
C3_BC27.191219_FM1-2_consensus_vsearch	4048	T	W	225	7	2.94%	2	1	93	93	0.0074619882138406745	1	1	59	166	0	7	A
C3_BC27.191219_FM1-2_consensus_vsearch	4086	A	R	222	10	4.15%	2	1	93	93	8.844993515297029E-4	1	1	51	171	10	0	G
C3_BC27.191219_FM1-2_consensus_vsearch	4088	T	Y	225	8	3.38%	2	1	93	93	0.0036748286042396724	1	1	62	163	0	8	C
C3_BC27.191219_FM1-2_consensus_vsearch	4103	T	Y	229	7	2.94%	2	2	93	93	0.007467877541059236	1	1	61	168	1	6	C
C3_BC27.191219_FM1-2_consensus_vsearch	4163	A	M	227	12	4.98%	2	1	93	93	2.1192896510056628E-4	1	1	62	165	0	12	C
C3_BC27.191219_FM1-2_consensus_vsearch	4164	T	Y	220	11	4.58%	2	1	93	93	4.322761391918409E-4	1	1	62	158	0	11	C
C3_BC27.191219_FM1-2_consensus_vsearch	4172	A	R	63	17	7.11%	2	2	93	93	2.951127965985809E-6	1	1	22	41	9	8	+G
C3_BC27.191219_FM1-2_consensus_vsearch	4180	G	R	227	9	3.77%	2	2	93	93	0.0018071599099638493	1	1	54	173	8	1	A
C3_BC27.191219_FM1-2_consensus_vsearch	4182	C	Y	213	7	2.95%	2	1	93	93	0.007443047448823043	1	1	56	157	0	7	-A
C3_BC27.191219_FM1-2_consensus_vsearch	4193	C	Y	217	7	2.93%	2	1	93	93	0.007449584424390529	1	1	62	155	0	7	+G
C3_BC27.191219_FM1-2_consensus_vsearch	4208	A	R	189	7	2.92%	2	2	93	93	0.007398282157210082	1	1	42	147	6	1	+G
C3_BC27.191219_FM1-2_consensus_vsearch	4234	T	Y	219	18	7.53%	2	1	93	93	2.7281420824837606E-6	1	1	62	157	0	18	C
C3_BC27.191219_FM1-2_consensus_vsearch	4237	C	Y	223	15	6.25%	2	1	93	93	2.4306571682594968E-5	1	1	62	161	0	15	T
C3_BC27.191219_FM1-2_consensus_vsearch	4242	G	R	171	7	3.72%	2	1	93	93	0.007356879467164792	1	1	37	134	7	0	A
C3_BC27.191219_FM1-2_consensus_vsearch	4250	A	R	227	10	4.17%	2	2	93	93	8.863871017160644E-4	1	1	52	175	9	1	G
C3_BC27.191219_FM1-2_consensus_vsearch	4255	C	Y	216	10	4.24%	2	1	93	93	8.821271222096345E-4	1	1	60	156	0	10	T
C3_BC27.191219_FM1-2_consensus_vsearch	4258	T	Y	203	23	9.91%	2	1	93	93	6.612552632176875E-8	1	1	61	142	0	23	C
C3_BC27.191219_FM1-2_consensus_vsearch	4263	C	Y	213	8	3.35%	2	2	93	93	0.0036624519192641563	1	1	57	156	2	6	-G
C3_BC27.191219_FM1-2_consensus_vsearch	4264	G	R	212	10	4.42%	2	2	93	93	8.804765900705064E-4	1	1	49	163	9	1	A
C3_BC27.191219_FM1-2_consensus_vsearch	4268	C	Y	218	17	7.11%	2	1	93	93	5.652245888608535E-6	1	1	57	161	0	17	T
C3_BC27.191219_FM1-2_consensus_vsearch	4275	G	R	208	11	4.98%	2	2	93	93	4.293291473235971E-4	1	1	54	154	7	4	A
C3_BC27.191219_FM1-2_consensus_vsearch	4292	G	R	195	28	12.28%	2	2	93	93	1.508731680963363E-9	1	1	32	163	26	2	A
C3_BC27.191219_FM1-2_consensus_vsearch	4300	T	K	209	14	6.14%	2	1	93	93	4.9452447660699634E-5	1	1	60	149	0	14	G
C3_BC27.191219_FM1-2_consensus_vsearch	4312	T	Y	230	7	2.94%	2	1	93	93	0.0074693190837354945	1	1	61	169	0	7	C
C3_BC27.191219_FM1-2_consensus_vsearch	4330	G	R	226	7	2.94%	2	2	93	93	0.007463479333376833	1	1	52	174	5	2	A
C3_BC27.191219_FM1-2_consensus_vsearch	4336	T	Y	196	15	6.28%	2	1	93	93	2.358427531063154E-5	1	1	57	139	0	15	+C
C3_BC27.191219_FM1-2_consensus_vsearch	4346	C	Y	226	9	3.75%	2	1	93	93	0.0018065516263558758	1	1	61	165	0	9	T
C3_BC27.191219_FM1-2_consensus_vsearch	4361	T	Y	221	9	3.77%	2	2	93	93	0.001803432580702911	1	1	51	170	3	6	C
