Chrom	Position	Ref	Cons	Reads1	Reads2	VarFreq	Strands1	Strands2	Qual1	Qual2	Pvalue	MapQual1	MapQual2	Reads1Plus	Reads1Minus	Reads2Plus	Reads2Minus	VarAllele
C8_BC32.191219_FM1-2_consensus_vsearch	177	G	R	1	6	21.43%	1	2	93	93	0.0023310023310023167	1	1	0	1	2	4	+CA
C8_BC32.191219_FM1-2_consensus_vsearch	301	T	Y	28	7	19.44%	2	1	93	93	0.005609494334348063	1	1	9	19	0	7	C
C8_BC32.191219_FM1-2_consensus_vsearch	396	C	S	2	9	24.32%	1	2	93	93	1.1057054400707698E-4	1	1	0	2	1	8	+G
C8_BC32.191219_FM1-2_consensus_vsearch	631	G	R	17	20	54.05%	2	2	93	93	2.7004486222891043E-8	1	1	4	13	5	15	A
C8_BC32.191219_FM1-2_consensus_vsearch	633	G	R	29	8	21.62%	2	2	93	93	0.0025616617397038444	1	1	6	23	3	5	A
C8_BC32.191219_FM1-2_consensus_vsearch	645	T	Y	25	9	25%	2	1	93	93	0.0010643503792512703	1	1	9	16	0	9	C
C8_BC32.191219_FM1-2_consensus_vsearch	665	C	Y	21	15	40.54%	2	2	93	93	4.818800541551427E-6	1	1	1	20	8	7	T
C8_BC32.191219_FM1-2_consensus_vsearch	887	C	Y	29	8	21.62%	2	2	93	93	0.0025616617397038444	1	1	8	21	1	7	T
C8_BC32.191219_FM1-2_consensus_vsearch	1175	C	Y	28	8	21.62%	2	1	93	93	0.002528222798579596	1	1	9	19	0	8	T
C8_BC32.191219_FM1-2_consensus_vsearch	1433	T	Y	10	16	51.61%	1	2	93	93	5.125576866202848E-7	1	1	0	10	7	9	C
C8_BC32.191219_FM1-2_consensus_vsearch	1437	T	G	1	27	75%	1	2	93	93	3.7914986386187776E-15	1	1	1	0	7	20	G
C8_BC32.191219_FM1-2_consensus_vsearch	1443	C	M	9	19	63.33%	2	2	93	93	1.6264695029975115E-8	1	1	1	8	6	13	A
C8_BC32.191219_FM1-2_consensus_vsearch	1735	G	R	21	13	36.11%	2	2	93	93	2.9583087535162852E-5	1	1	8	13	1	12	A
C8_BC32.191219_FM1-2_consensus_vsearch	1744	T	Y	23	14	37.84%	2	2	93	93	1.339265968909226E-5	1	1	8	15	1	13	C
C8_BC32.191219_FM1-2_consensus_vsearch	1812	T	Y	22	14	37.84%	2	2	93	93	1.2704110518635832E-5	1	1	7	15	1	13	C
C8_BC32.191219_FM1-2_consensus_vsearch	1822	G	R	23	11	32.35%	2	2	93	93	1.866190027909857E-4	1	1	8	15	1	10	A
C8_BC32.191219_FM1-2_consensus_vsearch	2068	T	Y	28	7	18.92%	2	1	93	93	0.005609494334348063	1	1	8	20	0	7	C
C8_BC32.191219_FM1-2_consensus_vsearch	2085	A	W	29	8	21.62%	2	2	93	93	0.0025616617397038444	1	1	7	22	2	6	T
C8_BC32.191219_FM1-2_consensus_vsearch	2251	C	Y	25	12	32.43%	2	1	93	93	8.441839824024235E-5	1	1	9	16	0	12	T
C8_BC32.191219_FM1-2_consensus_vsearch	2254	C	Y	22	10	28.57%	2	2	93	93	4.2589866517567145E-4	1	1	8	14	1	9	T
C8_BC32.191219_FM1-2_consensus_vsearch	2443	T	Y	22	10	30.3%	2	1	93	93	4.2589866517567145E-4	1	1	7	15	0	10	C
C8_BC32.191219_FM1-2_consensus_vsearch	2548	C	Y	28	7	18.92%	2	1	93	93	0.005609494334348063	1	1	8	20	0	7	T
C8_BC32.191219_FM1-2_consensus_vsearch	3007	G	K	26	7	18.92%	2	1	93	93	0.005485498108449143	1	1	9	17	0	7	T
C8_BC32.191219_FM1-2_consensus_vsearch	3175	T	Y	26	8	21.62%	2	2	93	93	0.002456193182887606	1	1	8	18	1	7	C
C8_BC32.191219_FM1-2_consensus_vsearch	3193	G	K	23	10	27.78%	2	2	93	93	4.387183574385003E-4	1	1	3	20	5	5	T
C8_BC32.191219_FM1-2_consensus_vsearch	3194	A	M	2	7	20%	1	1	93	93	0.0011312217194570148	1	1	0	2	0	7	+T
C8_BC32.191219_FM1-2_consensus_vsearch	3194	A	W	2	14	40%	1	2	93	93	2.545416595607132E-7	1	1	0	2	3	11	T
C8_BC32.191219_FM1-2_consensus_vsearch	3197	G	R	21	9	30%	2	2	93	93	9.678016595694247E-4	1	1	8	13	1	8	A
C8_BC32.191219_FM1-2_consensus_vsearch	3419	T	Y	23	12	34.29%	2	2	93	93	7.84340736367941E-5	1	1	8	15	1	11	C
C8_BC32.191219_FM1-2_consensus_vsearch	3530	C	Y	27	7	19.44%	2	1	93	93	0.005549177190968586	1	1	9	18	0	7	T
C8_BC32.191219_FM1-2_consensus_vsearch	3619	C	Y	24	12	32.43%	2	2	93	93	8.14720131086417E-5	1	1	7	17	1	11	T
C8_BC32.191219_FM1-2_consensus_vsearch	3631	C	Y	4	10	27.03%	1	2	93	93	7.627765064835974E-5	1	1	0	4	1	9	+T
C8_BC32.191219_FM1-2_consensus_vsearch	3710	C	S	23	9	24.32%	2	2	93	93	0.0010184533297679728	1	1	4	19	4	5	G
C8_BC32.191219_FM1-2_consensus_vsearch	3735	A	M	6	8	21.62%	2	1	93	93	9.66183574879222E-4	1	1	1	5	0	8	+T
C8_BC32.191219_FM1-2_consensus_vsearch	3742	T	W	3	7	50%	1	1	93	93	0.0015479876160990726	1	1	0	3	0	7	A
C8_BC32.191219_FM1-2_consensus_vsearch	3743	G	R	28	7	20%	2	1	93	93	0.005609494334348063	1	1	9	19	0	7	A
C8_BC32.191219_FM1-2_consensus_vsearch	3744	T	W	26	8	22.22%	2	1	93	93	0.002456193182887606	1	1	9	17	0	8	A
C8_BC32.191219_FM1-2_consensus_vsearch	3746	G	S	6	26	72.22%	1	2	93	93	1.5064087274219052E-12	1	1	0	6	8	18	C
C8_BC32.191219_FM1-2_consensus_vsearch	3809	G	T	2	10	83.33%	1	2	93	93	3.3651904697806104E-5	1	1	0	2	1	9	T
C8_BC32.191219_FM1-2_consensus_vsearch	3859	T	Y	16	14	45.16%	1	2	93	93	8.383692187760174E-6	1	1	0	16	7	7	C
C8_BC32.191219_FM1-2_consensus_vsearch	4049	G	S	2	16	69.57%	1	2	93	93	2.093632697685446E-8	1	1	0	2	5	11	C
