Chrom	Position	Ref	Cons	Reads1	Reads2	VarFreq	Strands1	Strands2	Qual1	Qual2	Pvalue	MapQual1	MapQual2	Reads1Plus	Reads1Minus	Reads2Plus	Reads2Minus	VarAllele
D5_BC41.191219_FM1-2_consensus_vsearch	18	T	-C/-C	1	55	98.21%	1	2	93	93	1.4593305883271816E-31	1	1	1	0	40	15	-C
D5_BC41.191219_FM1-2_consensus_vsearch	25	T	*/+C	27	27	47.37%	2	2	93	93	9.277896219136619E-11	1	1	21	6	18	9	+C
D5_BC41.191219_FM1-2_consensus_vsearch	137	G	*/-C	49	7	12.28%	2	1	93	93	0.0064016258391640735	1	1	33	16	7	0	-C
D5_BC41.191219_FM1-2_consensus_vsearch	180	G	*/+C	40	7	12.96%	2	2	93	93	0.006144227284132818	1	1	29	11	6	1	+C
D5_BC41.191219_FM1-2_consensus_vsearch	180	G	*/-C	40	7	12.96%	2	2	93	93	0.006144227284132818	1	1	29	11	6	1	+C
D5_BC41.191219_FM1-2_consensus_vsearch	190	C	*/+A	1	31	54.39%	1	2	93	93	1.8006965674383675E-17	1	1	1	0	21	10	+A
D5_BC41.191219_FM1-2_consensus_vsearch	192	A	+G/+G	5	50	87.72%	1	2	93	93	5.543150493313855E-26	1	1	5	0	34	16	+G
D5_BC41.191219_FM1-2_consensus_vsearch	194	C	*/-A	46	8	14.04%	2	1	93	93	0.0029556535183503096	1	1	32	14	8	0	-A
D5_BC41.191219_FM1-2_consensus_vsearch	199	C	*/-T	47	8	14.04%	2	2	93	93	0.002971807783139731	1	1	35	12	6	2	-T
D5_BC41.191219_FM1-2_consensus_vsearch	206	C	*/-A	50	7	12.28%	2	2	93	93	0.006425419492724852	1	1	35	15	6	1	-A
D5_BC41.191219_FM1-2_consensus_vsearch	233	T	*/-C	42	12	21.05%	2	2	93	93	1.2300194949080916E-4	1	1	29	13	9	3	-C
D5_BC41.191219_FM1-2_consensus_vsearch	314	G	*/-AG	38	12	22.22%	2	2	93	93	1.1557237069086693E-4	1	1	25	13	9	3	-AG
D5_BC41.191219_FM1-2_consensus_vsearch	333	G	*/-T	46	7	12.28%	2	2	93	93	0.0063250985292696415	1	1	32	14	6	1	-T
D5_BC41.191219_FM1-2_consensus_vsearch	340	A	*/-G	49	8	14.04%	2	2	93	93	0.0030025324732359227	1	1	40	9	1	7	-G
D5_BC41.191219_FM1-2_consensus_vsearch	362	C	*/+A	23	13	22.81%	2	1	93	93	3.258880524345711E-5	1	1	13	10	13	0	+A
D5_BC41.191219_FM1-2_consensus_vsearch	362	C	*/+G	23	15	26.32%	2	2	93	93	5.446348273563632E-6	1	1	13	10	11	4	+G
D5_BC41.191219_FM1-2_consensus_vsearch	381	T	*/-C	42	7	13.21%	2	2	93	93	0.006209196086325277	1	1	36	6	2	5	-C
D5_BC41.191219_FM1-2_consensus_vsearch	456	T	*/-C	47	7	12.5%	2	1	93	93	0.006351510752201286	1	1	31	16	7	0	-C
D5_BC41.191219_FM1-2_consensus_vsearch	475	T	*/-C	43	12	21.43%	2	2	93	93	1.2473400169184386E-4	1	1	28	15	11	1	-C
D5_BC41.191219_FM1-2_consensus_vsearch	540	T	*/-C	38	15	26.79%	2	2	93	93	9.640288826972343E-6	1	1	31	7	7	8	-C
D5_BC41.191219_FM1-2_consensus_vsearch	580	T	*/+A	2	8	14.29%	1	1	93	93	3.5722791140748014E-4	1	1	2	0	8	0	+A
D5_BC41.191219_FM1-2_consensus_vsearch	580	T	*/+AA	2	36	64.29%	1	2	93	93	1.1316450443967128E-19	1	1	2	0	23	13	+AA
D5_BC41.191219_FM1-2_consensus_vsearch	599	A	*/-G	46	8	14.04%	2	1	93	93	0.0029556535183503096	1	1	38	8	0	8	-G
D5_BC41.191219_FM1-2_consensus_vsearch	643	T	*/-C	43	10	17.54%	2	2	93	93	6.121492370006924E-4	1	1	31	12	6	4	-C
D5_BC41.191219_FM1-2_consensus_vsearch	651	T	*/+C	49	7	12.28%	2	1	93	93	0.0064016258391640735	1	1	33	16	7	0	+C
D5_BC41.191219_FM1-2_consensus_vsearch	658	A	*/-C	48	7	12.5%	2	2	93	93	0.006377004201320391	1	1	34	14	5	2	-C
D5_BC41.191219_FM1-2_consensus_vsearch	753	C	*/-AC	46	9	15.79%	2	1	93	93	0.0013693624098780751	1	1	30	16	9	0	-AC
D5_BC41.191219_FM1-2_consensus_vsearch	793	C	*/-G	41	15	26.32%	2	1	93	93	1.0354366935809816E-5	1	1	26	15	15	0	-G
D5_BC41.191219_FM1-2_consensus_vsearch	824	A	*/-T	42	9	16.07%	2	1	93	93	0.001328279870851897	1	1	26	16	9	0	-T
D5_BC41.191219_FM1-2_consensus_vsearch	863	C	*/-AC	44	9	16.36%	2	1	93	93	0.001349510817933241	1	1	28	16	9	0	-AC
D5_BC41.191219_FM1-2_consensus_vsearch	929	T	*/-G	47	7	12.5%	2	1	93	93	0.006351510752201286	1	1	31	16	7	0	-G
D5_BC41.191219_FM1-2_consensus_vsearch	1000	T	*/-A	47	8	14.04%	2	1	93	93	0.002971807783139731	1	1	32	15	8	0	-A
D5_BC41.191219_FM1-2_consensus_vsearch	1070	A	*/-CA	42	11	19.3%	2	2	93	93	2.7419184573992066E-4	1	1	27	15	10	1	-CA
D5_BC41.191219_FM1-2_consensus_vsearch	1172	A	*/-G	30	18	31.58%	2	2	93	93	5.344273889230649E-7	1	1	17	13	15	3	-G
D5_BC41.191219_FM1-2_consensus_vsearch	1182	C	*/+G	14	28	49.12%	2	2	93	93	3.457439816756943E-12	1	1	10	4	22	6	+G
D5_BC41.191219_FM1-2_consensus_vsearch	1219	G	*/-C	41	9	16.07%	2	2	93	93	0.0013171022001294014	1	1	30	11	6	3	-C
D5_BC41.191219_FM1-2_consensus_vsearch	1250	C	*/-AC	47	7	12.5%	2	1	93	93	0.006351510752201286	1	1	34	13	7	0	-AC
D5_BC41.191219_FM1-2_consensus_vsearch	1377	C	*/+G	43	8	15.69%	2	1	93	93	0.002903681578141314	1	1	29	14	8	0	+G
D5_BC41.191219_FM1-2_consensus_vsearch	1412	T	*/-C	38	17	29.82%	2	1	93	93	1.768033764974169E-6	1	1	22	16	17	0	-C
D5_BC41.191219_FM1-2_consensus_vsearch	1503	G	*/-AG	42	8	14.55%	2	1	93	93	0.0028850810098076766	1	1	27	15	8	0	-AG
D5_BC41.191219_FM1-2_consensus_vsearch	1539	T	*/-CC	47	9	15.79%	2	1	93	93	0.0013788117192044542	1	1	31	16	9	0	-CC
D5_BC41.191219_FM1-2_consensus_vsearch	1576	A	*/-G	28	23	40.35%	2	1	93	93	4.733874732921758E-9	1	1	14	14	23	0	-G
D5_BC41.191219_FM1-2_consensus_vsearch	1620	T	*/+C	46	9	15.79%	2	1	93	93	0.0013693624098780751	1	1	32	14	9	0	+C
D5_BC41.191219_FM1-2_consensus_vsearch	1684	T	*/-C	49	7	12.28%	2	2	93	93	0.0064016258391640735	1	1	38	11	3	4	-C
D5_BC41.191219_FM1-2_consensus_vsearch	1729	C	*/-T	47	8	14.04%	2	2	93	93	0.002971807783139731	1	1	34	13	6	2	-T
D5_BC41.191219_FM1-2_consensus_vsearch	1737	C	*/-T	49	7	12.28%	2	1	93	93	0.0064016258391640735	1	1	40	9	0	7	-T
D5_BC41.191219_FM1-2_consensus_vsearch	1740	T	*/-C	38	13	22.81%	2	2	93	93	5.0920499957856867E-5	1	1	33	5	4	9	-C
D5_BC41.191219_FM1-2_consensus_vsearch	1841	C	*/+A	46	7	12.5%	2	1	93	93	0.0063250985292696415	1	1	30	16	7	0	+A
D5_BC41.191219_FM1-2_consensus_vsearch	1912	T	*/-C	49	8	14.04%	2	2	93	93	0.0030025324732359227	1	1	34	15	7	1	-C
D5_BC41.191219_FM1-2_consensus_vsearch	2016	T	*/-C	43	11	19.3%	2	2	93	93	2.774695139676433E-4	1	1	36	7	3	8	-C
D5_BC41.191219_FM1-2_consensus_vsearch	2037	T	*/+G	29	17	29.82%	2	2	93	93	1.241302376869357E-6	1	1	24	5	10	7	+G
D5_BC41.191219_FM1-2_consensus_vsearch	2152	A	*/-T	45	8	14.55%	2	1	93	93	0.002938934670165664	1	1	29	16	8	0	-T
D5_BC41.191219_FM1-2_consensus_vsearch	2160	A	*/-G	42	10	17.54%	2	2	93	93	6.061082905828446E-4	1	1	30	12	6	4	-G
D5_BC41.191219_FM1-2_consensus_vsearch	2200	T	*/+G	48	7	12.5%	2	2	93	93	0.006377004201320391	1	1	39	9	1	6	+G
D5_BC41.191219_FM1-2_consensus_vsearch	2315	A	*/-G	47	8	14.04%	2	1	93	93	0.002971807783139731	1	1	31	16	8	0	-G
D5_BC41.191219_FM1-2_consensus_vsearch	2450	C	*/+A	28	16	28.07%	2	2	93	93	2.8783999067768255E-6	1	1	26	2	5	11	+A
D5_BC41.191219_FM1-2_consensus_vsearch	2450	C	*/-A	28	7	12.28%	2	1	93	93	0.005609494334348063	1	1	26	2	7	0	+A
D5_BC41.191219_FM1-2_consensus_vsearch	2519	A	*/-CA	46	9	16.36%	2	1	93	93	0.0013693624098780751	1	1	31	15	9	0	-CA
D5_BC41.191219_FM1-2_consensus_vsearch	2560	G	*/-A	46	10	17.54%	2	1	93	93	6.291665126466305E-4	1	1	30	16	10	0	-A
D5_BC41.191219_FM1-2_consensus_vsearch	2561	A	*/-G	34	8	17.02%	2	2	93	93	0.002707415777417216	1	1	22	12	6	2	-G
D5_BC41.191219_FM1-2_consensus_vsearch	2566	T	*/-C	48	8	14.04%	2	1	93	93	0.002987425391609545	1	1	32	16	8	0	-C
D5_BC41.191219_FM1-2_consensus_vsearch	2666	T	*/-CC	43	10	17.54%	2	1	93	93	6.121492370006924E-4	1	1	27	16	10	0	-CC
D5_BC41.191219_FM1-2_consensus_vsearch	2684	T	*/-C	38	12	21.43%	2	2	93	93	1.1557237069086693E-4	1	1	26	12	9	3	-C
D5_BC41.191219_FM1-2_consensus_vsearch	2709	T	*/-A	48	8	14.29%	2	2	93	93	0.002987425391609545	1	1	36	12	5	3	-A
D5_BC41.191219_FM1-2_consensus_vsearch	2762	T	*/-A	41	10	17.86%	2	2	93	93	5.998683287718721E-4	1	1	32	9	8	2	-A
D5_BC41.191219_FM1-2_consensus_vsearch	2770	C	*/-A	48	8	14.29%	2	2	93	93	0.002987425391609545	1	1	34	14	7	1	-A
D5_BC41.191219_FM1-2_consensus_vsearch	2773	T	*/-C	37	15	27.78%	2	2	93	93	9.393101933973243E-6	1	1	28	9	11	4	-C
D5_BC41.191219_FM1-2_consensus_vsearch	2799	G	*/-A	43	14	24.56%	2	1	93	93	2.461266476818936E-5	1	1	27	16	14	0	-A
D5_BC41.191219_FM1-2_consensus_vsearch	2801	A	*/-G	39	16	28.07%	2	1	93	93	4.261414715579077E-6	1	1	23	16	16	0	-G
D5_BC41.191219_FM1-2_consensus_vsearch	2805	A	*/-T	35	19	33.93%	2	2	93	93	2.784070266144344E-7	1	1	20	15	18	1	-T
D5_BC41.191219_FM1-2_consensus_vsearch	2826	C	*/-AC	45	9	16.07%	2	1	93	93	0.001359600618441258	1	1	30	15	9	0	-AC
D5_BC41.191219_FM1-2_consensus_vsearch	2836	T	*/-C	38	14	25%	2	1	93	93	2.2246820369937974E-5	1	1	26	12	14	0	-C
D5_BC41.191219_FM1-2_consensus_vsearch	2978	C	+A/+A	4	47	82.46%	1	2	93	93	8.534720786246557E-25	1	1	4	0	34	13	+A
D5_BC41.191219_FM1-2_consensus_vsearch	2985	T	*/+C	28	19	33.93%	2	1	93	93	1.9353639209251732E-7	1	1	17	11	19	0	+C
D5_BC41.191219_FM1-2_consensus_vsearch	2985	T	*/+CC	28	7	12.5%	2	2	93	93	0.005609494334348063	1	1	17	11	4	3	+C
D5_BC41.191219_FM1-2_consensus_vsearch	3064	C	*/-A	39	10	17.86%	2	1	93	93	5.867520358151716E-4	1	1	25	14	10	0	-A
D5_BC41.191219_FM1-2_consensus_vsearch	3072	A	*/-G	40	12	22.22%	2	2	93	93	1.193912693186603E-4	1	1	31	9	6	6	-G
D5_BC41.191219_FM1-2_consensus_vsearch	3117	T	*/+C	28	26	45.61%	1	2	93	93	2.717098178461856E-10	1	1	28	0	12	14	+C
D5_BC41.191219_FM1-2_consensus_vsearch	3140	C	*/-A	37	8	14.81%	2	1	93	93	0.002780774624353704	1	1	22	15	8	0	-A
D5_BC41.191219_FM1-2_consensus_vsearch	3150	T	*/-C	46	10	17.54%	2	2	93	93	6.291665126466305E-4	1	1	32	14	8	2	-C
D5_BC41.191219_FM1-2_consensus_vsearch	3195	C	*/-A	41	13	22.81%	2	1	93	93	5.381335290222144E-5	1	1	25	16	13	0	-A
D5_BC41.191219_FM1-2_consensus_vsearch	3232	G	*/+CG	16	39	68.42%	2	2	93	93	3.2494275394737954E-17	1	1	11	5	28	11	+CG
D5_BC41.191219_FM1-2_consensus_vsearch	3269	T	*/-A	43	9	16.07%	2	1	93	93	0.0013390764559388871	1	1	30	13	9	0	-A
D5_BC41.191219_FM1-2_consensus_vsearch	3342	A	*/-G	46	8	14.29%	2	1	93	93	0.0029556535183503096	1	1	30	16	8	0	-G
D5_BC41.191219_FM1-2_consensus_vsearch	3352	C	*/-AC	50	7	12.28%	2	1	93	93	0.006425419492724852	1	1	34	16	7	0	-AC
D5_BC41.191219_FM1-2_consensus_vsearch	3364	T	*/-C	32	19	33.33%	2	2	93	93	2.41909423990872E-7	1	1	19	13	17	2	-C
D5_BC41.191219_FM1-2_consensus_vsearch	3405	T	*/-C	42	14	24.56%	2	1	93	93	2.416018951689328E-5	1	1	26	16	14	0	-C
D5_BC41.191219_FM1-2_consensus_vsearch	3407	C	*/-GA	39	8	14.04%	2	1	93	93	0.002824932084658956	1	1	31	8	8	0	-GA
D5_BC41.191219_FM1-2_consensus_vsearch	3418	G	*/-CC	46	7	12.28%	2	1	93	93	0.0063250985292696415	1	1	30	16	7	0	-CC
D5_BC41.191219_FM1-2_consensus_vsearch	3461	C	*/-AC	40	16	28.57%	2	2	93	93	4.376588086269947E-6	1	1	27	13	13	3	-AC
D5_BC41.191219_FM1-2_consensus_vsearch	3588	T	*/-C	49	8	14.04%	2	1	93	93	0.0030025324732359227	1	1	33	16	8	0	-C
D5_BC41.191219_FM1-2_consensus_vsearch	3601	T	*/-C	42	12	21.05%	2	2	93	93	1.2300194949080916E-4	1	1	28	14	11	1	-C
D5_BC41.191219_FM1-2_consensus_vsearch	3689	T	*/+C	29	8	14.04%	2	2	93	93	0.0025616617397038444	1	1	20	9	6	2	+C
D5_BC41.191219_FM1-2_consensus_vsearch	3689	T	*/-C	29	18	31.58%	2	2	93	93	5.071988206563088E-7	1	1	20	9	13	5	-C
D5_BC41.191219_FM1-2_consensus_vsearch	3701	C	+A/+A	8	43	76.79%	1	2	93	93	5.5491047608020155E-21	1	1	8	0	28	15	+A
D5_BC41.191219_FM1-2_consensus_vsearch	3767	G	*/-T	45	10	17.86%	2	1	93	93	6.236700084592476E-4	1	1	29	16	10	0	-T
D5_BC41.191219_FM1-2_consensus_vsearch	3807	T	*/-C	41	8	14.04%	2	2	93	93	0.0028657828090729804	1	1	31	10	7	1	-C
D5_BC41.191219_FM1-2_consensus_vsearch	3887	A	-T/-T	10	37	75.51%	2	2	93	93	2.6562705043583043E-17	1	1	9	1	22	15	-T
D5_BC41.191219_FM1-2_consensus_vsearch	3891	T	*/-C	46	7	12.28%	2	2	93	93	0.0063250985292696415	1	1	33	13	5	2	-C
D5_BC41.191219_FM1-2_consensus_vsearch	3892	C	*/+A	23	25	51.02%	2	2	93	93	4.118196772442966E-10	1	1	15	8	20	5	+A
D5_BC41.191219_FM1-2_consensus_vsearch	3897	T	*/+C	22	26	48.15%	2	2	93	93	1.3340637431858455E-10	1	1	17	5	22	4	+C
D5_BC41.191219_FM1-2_consensus_vsearch	3924	A	*/-C	31	7	12.5%	2	1	93	93	0.0057727185027981525	1	1	17	14	7	0	-C
D5_BC41.191219_FM1-2_consensus_vsearch	3924	A	*/-CC	31	7	12.5%	2	2	93	93	0.0057727185027981525	1	1	17	14	6	1	-C
D5_BC41.191219_FM1-2_consensus_vsearch	4041	G	*/-AG	45	10	18.18%	2	1	93	93	6.236700084592476E-4	1	1	29	16	10	0	-AG
D5_BC41.191219_FM1-2_consensus_vsearch	4045	T	*/-A	47	7	12.28%	2	1	93	93	0.006351510752201286	1	1	31	16	7	0	-A
D5_BC41.191219_FM1-2_consensus_vsearch	4059	T	*/+C	45	7	12.5%	2	2	93	93	0.006297717150355746	1	1	32	13	6	1	+C
D5_BC41.191219_FM1-2_consensus_vsearch	4063	C	*/-G	24	29	50.88%	2	2	93	93	8.726572568983069E-12	1	1	19	5	19	10	-G
D5_BC41.191219_FM1-2_consensus_vsearch	4087	G	+AG/+AG	7	45	78.95%	2	2	93	93	2.154992140117502E-22	1	1	4	3	36	9	+AG
D5_BC41.191219_FM1-2_consensus_vsearch	4094	A	*/+G	6	6	10.53%	1	2	93	93	0.0068649885583524735	1	1	6	0	4	2	+G
D5_BC41.191219_FM1-2_consensus_vsearch	4094	A	*/+GAG	6	37	64.91%	1	2	93	93	2.1067727550912317E-18	1	1	6	0	24	13	+GAG
D5_BC41.191219_FM1-2_consensus_vsearch	4128	T	*/-C	39	15	26.79%	2	1	93	93	9.882855404213804E-6	1	1	26	13	15	0	-C
D5_BC41.191219_FM1-2_consensus_vsearch	4239	T	*/+C	21	25	54.35%	1	2	93	93	3.1579828250277166E-10	1	1	21	0	15	10	+C
D5_BC41.191219_FM1-2_consensus_vsearch	4275	A	*/+T	31	11	25.58%	2	2	93	93	2.3045769576192742E-4	1	1	26	5	7	4	+T
D5_BC41.191219_FM1-2_consensus_vsearch	4277	T	*/+C	17	25	58.14%	2	2	93	93	1.6529104559258113E-10	1	1	14	3	19	6	+C
D5_BC41.191219_FM1-2_consensus_vsearch	4280	A	+T/+T	4	26	76.47%	2	2	93	93	3.92137691491086E-13	1	1	3	1	18	8	+T
D5_BC41.191219_FM1-2_consensus_vsearch	4282	A	*/-G	25	8	24.24%	2	2	93	93	0.002417338149485827	1	1	20	5	4	4	-G
