Chrom	Position	Ref	Cons	Reads1	Reads2	VarFreq	Strands1	Strands2	Qual1	Qual2	Pvalue	MapQual1	MapQual2	Reads1Plus	Reads1Minus	Reads2Plus	Reads2Minus	VarAllele
D7_BC43.191219_FM1-2_consensus_vsearch	20	T	*/+C	108	13	10.32%	2	1	93	93	8.688292971298681E-5	1	1	72	36	13	0	+C
D7_BC43.191219_FM1-2_consensus_vsearch	40	G	*/+A	114	12	9.45%	2	1	93	93	1.8552930159077932E-4	1	1	77	37	12	0	+A
D7_BC43.191219_FM1-2_consensus_vsearch	42	G	*/+AG	85	42	32.81%	2	2	93	93	3.852416742480049E-15	1	1	81	4	9	33	+AG
D7_BC43.191219_FM1-2_consensus_vsearch	45	C	*/+A	105	15	11.72%	2	1	93	93	1.915094760088847E-5	1	1	68	37	15	0	+A
D7_BC43.191219_FM1-2_consensus_vsearch	105	A	*/-G	114	8	6.4%	2	1	93	93	0.0034700373777167863	1	1	77	37	8	0	-G
D7_BC43.191219_FM1-2_consensus_vsearch	110	C	*/-G	112	12	9.45%	2	1	93	93	1.8466917912817257E-4	1	1	75	37	12	0	-G
D7_BC43.191219_FM1-2_consensus_vsearch	113	A	*/+T	108	7	5.47%	2	2	93	93	0.0071117801332449245	1	1	78	30	6	1	+T
D7_BC43.191219_FM1-2_consensus_vsearch	113	A	*/-T	108	12	9.38%	2	2	93	93	1.8287149398100595E-4	1	1	78	30	7	5	-T
D7_BC43.191219_FM1-2_consensus_vsearch	143	A	*/+G	103	8	6.35%	2	1	93	93	0.0034281334233636305	1	1	75	28	8	0	+G
D7_BC43.191219_FM1-2_consensus_vsearch	143	A	*/-G	103	9	7.14%	2	1	93	93	0.001652575529200001	1	1	75	28	0	9	-G
D7_BC43.191219_FM1-2_consensus_vsearch	149	T	*/-A	114	11	8.66%	2	2	93	93	3.8806545582719494E-4	1	1	78	36	10	1	-A
D7_BC43.191219_FM1-2_consensus_vsearch	156	T	*/-GC	116	8	6.3%	2	1	93	93	0.0034768803058822526	1	1	82	34	8	0	-GC
D7_BC43.191219_FM1-2_consensus_vsearch	174	C	*/-A	105	19	14.84%	2	1	93	93	9.046666013061103E-7	1	1	68	37	19	0	-A
D7_BC43.191219_FM1-2_consensus_vsearch	185	G	*/-TG	116	7	5.56%	2	1	93	93	0.007156578629607704	1	1	87	29	0	7	-TG
D7_BC43.191219_FM1-2_consensus_vsearch	197	T	*/-C	91	35	27.34%	2	1	93	93	1.8657558660697823E-12	1	1	55	36	35	0	-C
D7_BC43.191219_FM1-2_consensus_vsearch	243	T	*/+C	122	7	5.43%	2	2	93	93	0.007186592205048179	1	1	85	37	6	1	+C
D7_BC43.191219_FM1-2_consensus_vsearch	244	C	*/-G	112	16	12.4%	2	1	93	93	9.261367368405653E-6	1	1	90	22	0	16	-G
D7_BC43.191219_FM1-2_consensus_vsearch	257	C	*/-T	113	11	8.66%	2	2	93	93	3.8731500401211E-4	1	1	89	24	1	10	-T
D7_BC43.191219_FM1-2_consensus_vsearch	289	G	*/-C	118	9	7.03%	2	1	93	93	0.0016866807450331023	1	1	80	38	9	0	-C
D7_BC43.191219_FM1-2_consensus_vsearch	304	C	*/+A	121	8	6.2%	2	1	93	93	0.003493084657434247	1	1	83	38	8	0	+A
D7_BC43.191219_FM1-2_consensus_vsearch	315	T	*/-G	112	16	12.4%	2	1	93	93	9.261367368405653E-6	1	1	90	22	0	16	-G
D7_BC43.191219_FM1-2_consensus_vsearch	334	C	*/-A	111	9	6.98%	2	2	93	93	0.001671780092136903	1	1	81	30	3	6	-A
D7_BC43.191219_FM1-2_consensus_vsearch	341	C	*/+A	104	12	9.45%	2	1	93	93	1.8096264373167341E-4	1	1	68	36	12	0	+A
D7_BC43.191219_FM1-2_consensus_vsearch	345	G	*/+A	21	63	48.84%	1	2	93	93	2.777018385760095E-28	1	1	21	0	32	31	+A
D7_BC43.191219_FM1-2_consensus_vsearch	359	T	*/-C	109	19	14.73%	2	2	93	93	9.277323452970228E-7	1	1	72	37	18	1	-C
D7_BC43.191219_FM1-2_consensus_vsearch	361	C	*/-G	112	10	7.75%	2	1	93	93	8.060047151053774E-4	1	1	86	26	0	10	-G
D7_BC43.191219_FM1-2_consensus_vsearch	365	G	*/-A	99	24	19.05%	2	1	93	93	1.72011264942575E-8	1	1	62	37	24	0	-A
D7_BC43.191219_FM1-2_consensus_vsearch	384	C	*/-T	121	7	5.47%	2	1	93	93	0.007181782055684543	1	1	90	31	0	7	-T
D7_BC43.191219_FM1-2_consensus_vsearch	386	C	*/-T	112	12	9.45%	2	2	93	93	1.8466917912817257E-4	1	1	87	25	1	11	-T
D7_BC43.191219_FM1-2_consensus_vsearch	392	T	*/-C	117	11	8.53%	2	2	93	93	3.9025162336062916E-4	1	1	80	37	10	1	-C
D7_BC43.191219_FM1-2_consensus_vsearch	394	C	*/-A	114	7	5.43%	2	2	93	93	0.007145924430384355	1	1	81	33	5	2	-A
D7_BC43.191219_FM1-2_consensus_vsearch	398	G	*/+A	113	9	7.09%	2	1	93	93	0.0016762044960162564	1	1	79	34	9	0	+A
D7_BC43.191219_FM1-2_consensus_vsearch	412	C	*/-GC	115	10	7.81%	2	2	93	93	8.098757339006456E-4	1	1	82	33	5	5	-GC
D7_BC43.191219_FM1-2_consensus_vsearch	414	C	*/-A	105	11	9.24%	2	2	93	93	3.8088327871140524E-4	1	1	82	23	1	10	-A
D7_BC43.191219_FM1-2_consensus_vsearch	419	T	*/-AC	117	11	8.53%	2	1	93	93	3.9025162336062916E-4	1	1	80	37	11	0	-AC
D7_BC43.191219_FM1-2_consensus_vsearch	430	C	*/-AC	100	20	16%	2	1	93	93	4.02430630412517E-7	1	1	65	35	20	0	-AC
D7_BC43.191219_FM1-2_consensus_vsearch	437	G	*/-TG	105	16	13.11%	2	2	93	93	8.979489953941791E-6	1	1	85	20	4	12	-TG
D7_BC43.191219_FM1-2_consensus_vsearch	439	G	*/-AG	97	7	6.6%	2	1	93	93	0.007039163345158112	1	1	77	20	7	0	-AG
D7_BC43.191219_FM1-2_consensus_vsearch	440	A	*/-G	109	9	7.5%	2	1	93	93	0.0016672123022005722	1	1	72	37	9	0	-G
D7_BC43.191219_FM1-2_consensus_vsearch	467	C	*/-GC	117	7	5.43%	2	2	93	93	0.007161779091602289	1	1	82	35	6	1	-GC
D7_BC43.191219_FM1-2_consensus_vsearch	471	C	*/+T	109	7	5.51%	2	2	93	93	0.007117711559545103	1	1	75	34	6	1	+T
D7_BC43.191219_FM1-2_consensus_vsearch	485	T	*/-A	104	24	18.6%	2	2	93	93	1.814896671931089E-8	1	1	67	37	23	1	-A
D7_BC43.191219_FM1-2_consensus_vsearch	489	T	*/-G	105	23	17.83%	2	2	93	93	4.027342138666381E-8	1	1	86	19	4	19	-G
D7_BC43.191219_FM1-2_consensus_vsearch	498	C	*/+T	115	7	5.6%	2	1	93	93	0.007151294421903387	1	1	86	29	0	7	+T
D7_BC43.191219_FM1-2_consensus_vsearch	499	C	*/-T	121	7	5.43%	2	1	93	93	0.007181782055684543	1	1	91	30	0	7	-T
D7_BC43.191219_FM1-2_consensus_vsearch	514	G	*/-A	116	9	6.98%	2	1	93	93	0.00168258665405184	1	1	79	37	9	0	-A
D7_BC43.191219_FM1-2_consensus_vsearch	528	T	*/-G	103	23	17.83%	2	1	93	93	3.9516469408553394E-8	1	1	89	14	0	23	-G
D7_BC43.191219_FM1-2_consensus_vsearch	531	A	*/-G	116	9	7.03%	2	2	93	93	0.00168258665405184	1	1	82	34	6	3	-G
D7_BC43.191219_FM1-2_consensus_vsearch	532	G	*/+A	106	9	7.63%	2	1	93	93	0.0016600761770253097	1	1	73	33	9	0	+A
D7_BC43.191219_FM1-2_consensus_vsearch	533	G	*/+A	96	18	14.06%	2	1	93	93	1.8426148750910493E-6	1	1	61	35	18	0	+A
D7_BC43.191219_FM1-2_consensus_vsearch	541	T	*/-G	118	9	6.98%	2	1	93	93	0.0016866807450331023	1	1	91	27	0	9	-G
D7_BC43.191219_FM1-2_consensus_vsearch	552	G	*/-C	119	7	5.51%	2	1	93	93	0.007171936613333159	1	1	81	38	7	0	-C
D7_BC43.191219_FM1-2_consensus_vsearch	586	G	*/+A	114	7	5.56%	2	1	93	93	0.007145924430384355	1	1	76	38	7	0	+A
D7_BC43.191219_FM1-2_consensus_vsearch	620	T	*/+C	117	9	7.03%	2	1	93	93	0.0016846492794316409	1	1	81	36	9	0	+C
D7_BC43.191219_FM1-2_consensus_vsearch	622	A	*/-G	90	33	25.78%	2	2	93	93	9.722780888100901E-12	1	1	64	26	24	9	-G
D7_BC43.191219_FM1-2_consensus_vsearch	647	C	*/-TC	114	7	5.56%	2	2	93	93	0.007145924430384355	1	1	89	25	1	6	-TC
D7_BC43.191219_FM1-2_consensus_vsearch	648	T	*/-C	101	16	13.56%	2	1	93	93	8.806573331261488E-6	1	1	73	28	16	0	-C
D7_BC43.191219_FM1-2_consensus_vsearch	650	C	*/-G	118	7	5.6%	2	1	93	93	0.007166897781991431	1	1	91	27	0	7	-G
D7_BC43.191219_FM1-2_consensus_vsearch	652	G	*/-A	117	12	9.3%	2	1	93	93	1.8677412324259978E-4	1	1	79	38	12	0	-A
D7_BC43.191219_FM1-2_consensus_vsearch	670	G	*/-C	85	31	25.2%	2	1	93	93	4.591947922150138E-11	1	1	47	38	31	0	-C
D7_BC43.191219_FM1-2_consensus_vsearch	674	T	*/-A	110	8	6.45%	2	2	93	93	0.00345567640819626	1	1	77	33	7	1	-A
D7_BC43.191219_FM1-2_consensus_vsearch	693	C	*/-T	120	8	6.25%	2	1	93	93	0.0034899422840876464	1	1	91	29	0	8	-T
D7_BC43.191219_FM1-2_consensus_vsearch	694	T	*/-C	110	9	7.44%	2	1	93	93	0.001669514551639384	1	1	81	29	9	0	-C
D7_BC43.191219_FM1-2_consensus_vsearch	722	G	*/-AG	110	10	7.81%	2	1	93	93	8.033229014163178E-4	1	1	72	38	10	0	-AG
D7_BC43.191219_FM1-2_consensus_vsearch	825	A	*/-G	96	24	19.2%	2	2	93	93	1.66165558050019E-8	1	1	66	30	19	5	-G
D7_BC43.191219_FM1-2_consensus_vsearch	833	T	*/-C	111	8	6.3%	2	2	93	93	0.003459354476369988	1	1	83	28	2	6	-C
D7_BC43.191219_FM1-2_consensus_vsearch	848	C	*/-T	118	9	6.98%	2	1	93	93	0.0016866807450331023	1	1	91	27	0	9	-T
D7_BC43.191219_FM1-2_consensus_vsearch	858	A	*/+G	59	7	5.6%	2	2	93	93	0.006608274356260959	1	1	43	16	3	4	+G
D7_BC43.191219_FM1-2_consensus_vsearch	858	A	*/-G	59	48	38.4%	2	2	93	93	3.690433766427265E-18	1	1	43	16	38	10	-G
D7_BC43.191219_FM1-2_consensus_vsearch	868	T	*/-C	108	13	10.57%	2	2	93	93	8.688292971298681E-5	1	1	81	27	8	5	-C
D7_BC43.191219_FM1-2_consensus_vsearch	875	A	*/-C	119	8	6.2%	2	1	93	93	0.003486751792251853	1	1	91	28	0	8	-C
D7_BC43.191219_FM1-2_consensus_vsearch	911	T	*/+G	110	8	6.25%	2	1	93	93	0.00345567640819626	1	1	72	38	8	0	+G
D7_BC43.191219_FM1-2_consensus_vsearch	912	A	*/+G	48	63	50.81%	2	2	93	93	3.7346792035308345E-25	1	1	34	14	39	24	+G
D7_BC43.191219_FM1-2_consensus_vsearch	914	G	*/+AG	107	14	10.85%	2	1	93	93	4.09753554978278E-5	1	1	69	38	14	0	+AG
D7_BC43.191219_FM1-2_consensus_vsearch	941	T	*/+G	67	7	5.47%	2	2	93	93	0.006734644665677596	1	1	49	18	3	4	+G
D7_BC43.191219_FM1-2_consensus_vsearch	941	T	*/-G	67	38	29.69%	2	2	93	93	5.980810033853256E-14	1	1	49	18	23	15	-G
D7_BC43.191219_FM1-2_consensus_vsearch	941	T	*/-GG	67	15	11.72%	2	1	93	93	1.5102580862025095E-5	1	1	49	18	15	0	-G
D7_BC43.191219_FM1-2_consensus_vsearch	949	C	*/-A	98	15	12%	2	2	93	93	1.8568425136180507E-5	1	1	78	20	10	5	-A
D7_BC43.191219_FM1-2_consensus_vsearch	974	T	*/-C	113	15	11.63%	2	1	93	93	1.9752119785718596E-5	1	1	75	38	15	0	-C
D7_BC43.191219_FM1-2_consensus_vsearch	977	C	*/-A	118	7	5.43%	2	1	93	93	0.007166897781991431	1	1	82	36	7	0	-A
D7_BC43.191219_FM1-2_consensus_vsearch	1027	C	*/+G	109	9	7.09%	2	2	93	93	0.0016672123022005722	1	1	81	28	6	3	+G
D7_BC43.191219_FM1-2_consensus_vsearch	1030	G	*/-A	113	10	7.75%	2	1	93	93	8.073148184894178E-4	1	1	75	38	10	0	-A
D7_BC43.191219_FM1-2_consensus_vsearch	1039	G	+A/+A	13	101	84.17%	2	2	93	93	8.353960463214641E-51	1	1	11	2	68	33	+A
D7_BC43.191219_FM1-2_consensus_vsearch	1044	A	*/-G	95	19	14.96%	2	1	93	93	8.423382286130355E-7	1	1	64	31	19	0	-G
D7_BC43.191219_FM1-2_consensus_vsearch	1059	T	*/+G	94	9	6.98%	2	2	93	93	0.001627584844373568	1	1	72	22	3	6	+G
D7_BC43.191219_FM1-2_consensus_vsearch	1059	T	*/-G	94	24	18.6%	2	2	93	93	1.6220210991571284E-8	1	1	72	22	14	10	-G
D7_BC43.191219_FM1-2_consensus_vsearch	1104	A	*/+G	117	8	6.2%	2	2	93	93	0.0034802219682091096	1	1	81	36	7	1	+G
D7_BC43.191219_FM1-2_consensus_vsearch	1105	G	*/+A	114	8	6.35%	2	1	93	93	0.0034700373777167863	1	1	77	37	8	0	+A
D7_BC43.191219_FM1-2_consensus_vsearch	1132	C	*/-TT	92	29	23.02%	2	1	93	93	2.76562713890657E-10	1	1	58	34	29	0	-TT
D7_BC43.191219_FM1-2_consensus_vsearch	1134	T	*/-A	86	7	7%	2	2	93	93	0.006949771980113369	1	1	51	35	6	1	-A
D7_BC43.191219_FM1-2_consensus_vsearch	1136	A	*/-T	109	12	9.3%	2	1	93	93	1.8333095260540644E-4	1	1	74	35	12	0	-T
D7_BC43.191219_FM1-2_consensus_vsearch	1149	C	*/-G	70	44	34.38%	2	2	93	93	3.212239163908399E-16	1	1	47	23	30	14	-G
D7_BC43.191219_FM1-2_consensus_vsearch	1179	A	*/-G	111	8	6.35%	2	1	93	93	0.003459354476369988	1	1	87	24	0	8	-G
D7_BC43.191219_FM1-2_consensus_vsearch	1246	T	*/-G	110	9	7.03%	2	2	93	93	0.001669514551639384	1	1	82	28	2	7	-G
D7_BC43.191219_FM1-2_consensus_vsearch	1290	A	*/-C	109	11	8.73%	2	2	93	93	3.8419790937304954E-4	1	1	77	32	6	5	-C
D7_BC43.191219_FM1-2_consensus_vsearch	1293	C	*/+A	105	8	6.2%	2	1	93	93	0.0034363401311798517	1	1	73	32	8	0	+A
D7_BC43.191219_FM1-2_consensus_vsearch	1309	T	*/-C	102	15	11.63%	2	2	93	93	1.890823097594413E-5	1	1	82	20	7	8	-C
D7_BC43.191219_FM1-2_consensus_vsearch	1309	T	*/-CCCT	102	8	6.2%	2	1	93	93	0.0034239217724560383	1	1	82	20	0	8	-C
D7_BC43.191219_FM1-2_consensus_vsearch	1320	C	*/+T	90	16	12.4%	2	2	93	93	8.279962292231955E-6	1	1	75	15	12	4	+T
D7_BC43.191219_FM1-2_consensus_vsearch	1320	C	*/-T	90	21	16.28%	2	2	93	93	1.6787063794224823E-7	1	1	75	15	4	17	-T
D7_BC43.191219_FM1-2_consensus_vsearch	1333	A	*/-G	109	10	8.13%	2	2	93	93	8.019502213114161E-4	1	1	72	37	9	1	-G
D7_BC43.191219_FM1-2_consensus_vsearch	1337	C	*/-GGC	117	9	7.03%	2	2	93	93	0.0016846492794316409	1	1	80	37	8	1	-GGC
D7_BC43.191219_FM1-2_consensus_vsearch	1352	G	*/-C	107	9	7.56%	2	1	93	93	0.001662494057122746	1	1	69	38	9	0	-C
D7_BC43.191219_FM1-2_consensus_vsearch	1354	C	*/-TT	106	10	7.87%	2	1	93	93	7.976989422070329E-4	1	1	74	32	10	0	-TT
D7_BC43.191219_FM1-2_consensus_vsearch	1374	T	*/-A	111	15	11.81%	2	1	93	93	1.9607748487092534E-5	1	1	75	36	15	0	-A
D7_BC43.191219_FM1-2_consensus_vsearch	1377	G	*/+A	115	8	6.45%	2	1	93	93	0.003473485862068266	1	1	77	38	8	0	+A
D7_BC43.191219_FM1-2_consensus_vsearch	1389	G	*/-CT	118	8	6.2%	2	1	93	93	0.00348351206933495	1	1	81	37	8	0	-CT
D7_BC43.191219_FM1-2_consensus_vsearch	1390	C	*/-T	103	12	10.17%	2	2	93	93	1.8046685566661298E-4	1	1	72	31	9	3	-T
D7_BC43.191219_FM1-2_consensus_vsearch	1395	C	*/-A	116	10	7.81%	2	2	93	93	8.111274308374793E-4	1	1	87	29	2	8	-A
D7_BC43.191219_FM1-2_consensus_vsearch	1424	T	*/+C	119	7	5.43%	2	1	93	93	0.007171936613333159	1	1	81	38	7	0	+C
D7_BC43.191219_FM1-2_consensus_vsearch	1440	C	*/-GC	77	40	32.79%	2	2	93	93	1.603233079559737E-14	1	1	50	27	29	11	-GC
D7_BC43.191219_FM1-2_consensus_vsearch	1474	T	*/-C	113	11	8.53%	2	1	93	93	3.8731500401211E-4	1	1	75	38	11	0	-C
D7_BC43.191219_FM1-2_consensus_vsearch	1480	G	*/-AG	111	7	5.69%	2	2	93	93	0.00712927835564955	1	1	78	33	2	5	-AG
D7_BC43.191219_FM1-2_consensus_vsearch	1481	A	*/-G	103	11	9.48%	2	1	93	93	3.7914596282262615E-4	1	1	70	33	11	0	-G
D7_BC43.191219_FM1-2_consensus_vsearch	1483	G	*/+A	111	12	9.76%	2	1	93	93	1.84229649166992E-4	1	1	73	38	12	0	+A
D7_BC43.191219_FM1-2_consensus_vsearch	1484	G	*/-C	110	12	9.38%	2	2	93	93	1.837836216241624E-4	1	1	74	36	10	2	-C
D7_BC43.191219_FM1-2_consensus_vsearch	1500	A	*/-G	115	9	7.09%	2	1	93	93	0.0016804921478432739	1	1	77	38	9	0	-G
D7_BC43.191219_FM1-2_consensus_vsearch	1514	T	*/-G	98	23	18.11%	2	2	93	93	3.757132441611417E-8	1	1	67	31	17	6	-G
D7_BC43.191219_FM1-2_consensus_vsearch	1550	G	*/+A	117	8	6.2%	2	1	93	93	0.0034802219682091096	1	1	79	38	8	0	+A
D7_BC43.191219_FM1-2_consensus_vsearch	1592	T	*/+C	40	80	62.99%	2	2	93	93	9.502465775394825E-34	1	1	36	4	49	31	+C
D7_BC43.191219_FM1-2_consensus_vsearch	1592	T	*/+CC	40	7	5.51%	2	2	93	93	0.006144227284132818	1	1	36	4	5	2	+C
D7_BC43.191219_FM1-2_consensus_vsearch	1599	C	*/-T	106	18	13.95%	2	2	93	93	1.9629558330227207E-6	1	1	85	21	2	16	-T
D7_BC43.191219_FM1-2_consensus_vsearch	1608	C	*/-AC	106	19	14.84%	2	2	93	93	9.105277056793205E-7	1	1	73	33	15	4	-AC
D7_BC43.191219_FM1-2_consensus_vsearch	1625	T	*/-C	117	9	6.98%	2	2	93	93	0.0016846492794316409	1	1	81	36	8	1	-C
D7_BC43.191219_FM1-2_consensus_vsearch	1639	T	*/+C	104	14	11.11%	2	1	93	93	4.0536888077622264E-5	1	1	72	32	14	0	+C
D7_BC43.191219_FM1-2_consensus_vsearch	1652	A	*/-G	104	17	13.71%	2	2	93	93	4.171886925504835E-6	1	1	75	29	11	6	-G
D7_BC43.191219_FM1-2_consensus_vsearch	1664	C	*/-GC	116	13	10.08%	2	2	93	93	8.883159520075827E-5	1	1	80	36	11	2	-GC
D7_BC43.191219_FM1-2_consensus_vsearch	1666	C	*/+GC	48	65	56.03%	2	2	93	93	4.793489600544444E-26	1	1	36	12	41	24	+GC
D7_BC43.191219_FM1-2_consensus_vsearch	1682	G	*/-A	120	9	6.98%	2	1	93	93	0.0016906529741981167	1	1	82	38	9	0	-A
D7_BC43.191219_FM1-2_consensus_vsearch	1685	G	*/+C	117	7	5.47%	2	1	93	93	0.007161779091602289	1	1	79	38	7	0	+C
D7_BC43.191219_FM1-2_consensus_vsearch	1688	G	*/-A	111	13	10.08%	2	1	93	93	8.763961043369711E-5	1	1	73	38	13	0	-A
D7_BC43.191219_FM1-2_consensus_vsearch	1698	C	*/-T	121	7	5.43%	2	2	93	93	0.007181782055684543	1	1	89	32	1	6	-T
D7_BC43.191219_FM1-2_consensus_vsearch	1715	T	*/+A	107	10	7.81%	2	1	93	93	7.991387742394089E-4	1	1	69	38	10	0	+A
D7_BC43.191219_FM1-2_consensus_vsearch	1718	A	*/-G	106	8	6.5%	2	1	93	93	0.003440338864604405	1	1	70	36	8	0	-G
D7_BC43.191219_FM1-2_consensus_vsearch	1736	C	*/+A	106	9	7.03%	2	1	93	93	0.0016600761770253097	1	1	78	28	9	0	+A
D7_BC43.191219_FM1-2_consensus_vsearch	1790	C	*/-G	114	9	7.09%	2	1	93	93	0.001678365017385658	1	1	78	36	9	0	-G
D7_BC43.191219_FM1-2_consensus_vsearch	1792	C	*/+T	66	47	36.43%	2	2	93	93	1.607323117614397E-17	1	1	58	8	20	27	+T
D7_BC43.191219_FM1-2_consensus_vsearch	1792	C	*/-T	66	13	10.08%	2	2	93	93	7.136879921937968E-5	1	1	58	8	12	1	+T
D7_BC43.191219_FM1-2_consensus_vsearch	1807	C	*/-GG	103	14	11.11%	2	1	93	93	4.038651276414782E-5	1	1	87	16	0	14	-GG
D7_BC43.191219_FM1-2_consensus_vsearch	1841	A	*/-C	84	26	21.14%	2	2	93	93	2.7889941245761853E-9	1	1	68	16	4	22	-C
D7_BC43.191219_FM1-2_consensus_vsearch	1850	A	*/+C	34	89	68.99%	2	2	93	93	5.691977789848904E-39	1	1	30	4	55	34	+C
D7_BC43.191219_FM1-2_consensus_vsearch	1851	C	*/-G	98	23	17.83%	2	1	93	93	3.757132441611417E-8	1	1	67	31	23	0	-G
D7_BC43.191219_FM1-2_consensus_vsearch	1853	A	*/-G	81	22	17.32%	2	1	93	93	6.797616044296101E-8	1	1	43	38	22	0	-G
D7_BC43.191219_FM1-2_consensus_vsearch	1856	T	*/+A	104	7	5.43%	2	2	93	93	0.007087006596374399	1	1	86	18	3	4	+A
D7_BC43.191219_FM1-2_consensus_vsearch	1856	T	*/-A	104	17	13.18%	2	2	93	93	4.171886925504835E-6	1	1	86	18	1	16	-A
D7_BC43.191219_FM1-2_consensus_vsearch	1861	C	*/+T	116	8	6.45%	2	1	93	93	0.0034768803058822526	1	1	87	29	0	8	+T
D7_BC43.191219_FM1-2_consensus_vsearch	1882	G	*/+A	59	7	5.43%	2	2	93	93	0.006608274356260959	1	1	52	7	5	2	+A
D7_BC43.191219_FM1-2_consensus_vsearch	1882	G	*/-A	59	51	39.53%	2	2	93	93	2.1407087153270912E-19	1	1	52	7	32	19	-A
D7_BC43.191219_FM1-2_consensus_vsearch	1882	G	*/-AA	59	12	9.3%	2	2	93	93	1.4713483135533114E-4	1	1	52	7	2	10	-A
D7_BC43.191219_FM1-2_consensus_vsearch	1904	C	*/-AC	109	15	11.81%	2	2	93	93	1.9459531612936582E-5	1	1	76	33	13	2	-AC
D7_BC43.191219_FM1-2_consensus_vsearch	1917	G	*/+T	115	14	10.85%	2	1	93	93	4.205904099302095E-5	1	1	77	38	14	0	+T
D7_BC43.191219_FM1-2_consensus_vsearch	1928	T	*/+A	104	7	5.56%	2	1	93	93	0.007087006596374399	1	1	74	30	7	0	+A
D7_BC43.191219_FM1-2_consensus_vsearch	1928	T	*/+G	104	8	6.35%	2	1	93	93	0.0034322722529537522	1	1	74	30	8	0	+G
D7_BC43.191219_FM1-2_consensus_vsearch	1952	C	*/-T	86	35	27.34%	2	2	93	93	1.632414535872389E-12	1	1	73	13	12	23	-T
D7_BC43.191219_FM1-2_consensus_vsearch	1976	T	*/-C	109	17	13.18%	2	2	93	93	4.2803870597755166E-6	1	1	74	35	14	3	-C
D7_BC43.191219_FM1-2_consensus_vsearch	1979	C	*/+T	111	7	5.43%	2	1	93	93	0.00712927835564955	1	1	83	28	0	7	+T
D7_BC43.191219_FM1-2_consensus_vsearch	1984	C	*/-AC	107	19	14.84%	2	1	93	93	9.163250857912982E-7	1	1	71	36	19	0	-AC
D7_BC43.191219_FM1-2_consensus_vsearch	2008	C	*/-A	115	7	5.47%	2	2	93	93	0.007151294421903387	1	1	83	32	4	3	-A
D7_BC43.191219_FM1-2_consensus_vsearch	2033	C	*/+A	116	8	6.2%	2	1	93	93	0.0034768803058822526	1	1	79	37	8	0	+A
D7_BC43.191219_FM1-2_consensus_vsearch	2087	G	*/-C	97	22	17.19%	2	1	93	93	8.188364613186739E-8	1	1	60	37	22	0	-C
D7_BC43.191219_FM1-2_consensus_vsearch	2108	G	*/-C	100	15	11.81%	2	2	93	93	1.87407187551386E-5	1	1	70	30	11	4	-C
D7_BC43.191219_FM1-2_consensus_vsearch	2108	G	*/-CC	100	9	7.09%	2	2	93	93	0.0016446817703451681	1	1	70	30	7	2	-C
D7_BC43.191219_FM1-2_consensus_vsearch	2112	C	*/-T	103	14	10.85%	2	2	93	93	4.038651276414782E-5	1	1	77	26	2	12	-T
D7_BC43.191219_FM1-2_consensus_vsearch	2112	C	*/-TT	103	7	5.43%	2	1	93	93	0.00708053725760065	1	1	77	26	7	0	-T
D7_BC43.191219_FM1-2_consensus_vsearch	2129	T	*/-C	103	23	17.97%	2	2	93	93	3.9516469408553394E-8	1	1	68	35	21	2	-C
D7_BC43.191219_FM1-2_consensus_vsearch	2135	C	*/+A	95	8	6.3%	2	1	93	93	0.003392229465115033	1	1	65	30	8	0	+A
D7_BC43.191219_FM1-2_consensus_vsearch	2135	C	*/-G	95	16	12.6%	2	2	93	93	8.529228903086382E-6	1	1	65	30	13	3	-G
D7_BC43.191219_FM1-2_consensus_vsearch	2141	T	*/-C	121	7	5.43%	2	1	93	93	0.007181782055684543	1	1	83	38	7	0	-C
D7_BC43.191219_FM1-2_consensus_vsearch	2142	C	*/+G	107	8	6.56%	2	1	93	93	0.0034442701990614545	1	1	72	35	8	0	+G
D7_BC43.191219_FM1-2_consensus_vsearch	2143	C	*/-T	77	31	24.03%	2	2	93	93	3.753685908635363E-11	1	1	59	18	17	14	-T
D7_BC43.191219_FM1-2_consensus_vsearch	2149	C	*/-A	112	10	7.81%	2	2	93	93	8.060047151053774E-4	1	1	78	34	8	2	-A
D7_BC43.191219_FM1-2_consensus_vsearch	2158	G	*/-A	116	10	7.87%	2	2	93	93	8.111274308374793E-4	1	1	81	35	9	1	-A
D7_BC43.191219_FM1-2_consensus_vsearch	2162	T	*/+C	119	9	6.98%	2	1	93	93	0.0016886817503656104	1	1	81	38	9	0	+C
D7_BC43.191219_FM1-2_consensus_vsearch	2164	A	*/-G	101	18	14.17%	2	1	93	93	1.9045726865077808E-6	1	1	63	38	18	0	-G
D7_BC43.191219_FM1-2_consensus_vsearch	2171	T	*/+C	119	9	6.98%	2	1	93	93	0.0016886817503656104	1	1	82	37	9	0	+C
D7_BC43.191219_FM1-2_consensus_vsearch	2183	T	*/-G	117	10	7.81%	2	1	93	93	8.12360522097531E-4	1	1	90	27	0	10	-G
D7_BC43.191219_FM1-2_consensus_vsearch	2236	G	*/+C	119	8	6.2%	2	1	93	93	0.003486751792251853	1	1	81	38	8	0	+C
D7_BC43.191219_FM1-2_consensus_vsearch	2255	T	*/+C	109	17	13.18%	2	2	93	93	4.2803870597755166E-6	1	1	76	33	13	4	+C
D7_BC43.191219_FM1-2_consensus_vsearch	2329	A	*/-CA	119	8	6.25%	2	2	93	93	0.003486751792251853	1	1	82	37	7	1	-CA
D7_BC43.191219_FM1-2_consensus_vsearch	2341	T	*/-G	105	10	7.75%	2	2	93	93	7.962356324190753E-4	1	1	82	23	3	7	-G
D7_BC43.191219_FM1-2_consensus_vsearch	2353	A	*/+C	108	7	5.47%	2	1	93	93	0.0071117801332449245	1	1	70	38	7	0	+C
D7_BC43.191219_FM1-2_consensus_vsearch	2359	T	*/+G	106	12	9.52%	2	2	93	93	1.81931593284272E-4	1	1	77	29	11	1	+G
D7_BC43.191219_FM1-2_consensus_vsearch	2360	A	*/-G	113	10	7.75%	2	1	93	93	8.073148184894178E-4	1	1	78	35	10	0	-G
D7_BC43.191219_FM1-2_consensus_vsearch	2386	G	*/+A	90	7	5.47%	2	2	93	93	0.006984570496764789	1	1	62	28	5	2	+A
D7_BC43.191219_FM1-2_consensus_vsearch	2386	G	*/-A	90	16	12.5%	2	2	93	93	8.279962292231955E-6	1	1	62	28	10	6	-A
D7_BC43.191219_FM1-2_consensus_vsearch	2401	A	*/-G	111	14	10.94%	2	2	93	93	4.1532024221596627E-5	1	1	84	27	4	10	-G
D7_BC43.191219_FM1-2_consensus_vsearch	2403	G	*/-A	118	10	7.75%	2	1	93	93	8.135754181922317E-4	1	1	80	38	10	0	-A
D7_BC43.191219_FM1-2_consensus_vsearch	2406	T	*/-C	109	14	10.85%	2	2	93	93	4.125754771155157E-5	1	1	88	21	1	13	-C
D7_BC43.191219_FM1-2_consensus_vsearch	2420	C	*/-G	114	9	7.03%	2	1	93	93	0.001678365017385658	1	1	78	36	9	0	-G
D7_BC43.191219_FM1-2_consensus_vsearch	2429	C	*/-G	110	11	8.73%	2	2	93	93	3.849950004712832E-4	1	1	89	21	1	10	-G
D7_BC43.191219_FM1-2_consensus_vsearch	2439	T	*/+C	117	9	7.03%	2	1	93	93	0.0016846492794316409	1	1	79	38	9	0	+C
D7_BC43.191219_FM1-2_consensus_vsearch	2446	G	*/-TG	101	26	20.31%	2	2	93	93	3.5828574797302065E-9	1	1	69	32	20	6	-TG
D7_BC43.191219_FM1-2_consensus_vsearch	2456	C	*/-TT	108	13	10.08%	2	1	93	93	8.688292971298681E-5	1	1	74	34	13	0	-TT
D7_BC43.191219_FM1-2_consensus_vsearch	2458	T	*/-G	94	7	6.14%	2	2	93	93	0.007016672878749878	1	1	62	32	3	4	-G
D7_BC43.191219_FM1-2_consensus_vsearch	2467	T	*/+C	46	68	52.71%	2	2	93	93	1.4794801952050314E-27	1	1	37	9	40	28	+C
D7_BC43.191219_FM1-2_consensus_vsearch	2467	T	*/-C	46	14	10.85%	2	1	93	93	2.591207774135151E-5	1	1	37	9	14	0	+C
D7_BC43.191219_FM1-2_consensus_vsearch	2473	T	*/-C	105	22	17.19%	2	1	93	93	8.815212406525651E-8	1	1	67	38	22	0	-C
D7_BC43.191219_FM1-2_consensus_vsearch	2475	C	*/+G	107	9	6.98%	2	2	93	93	0.001662494057122746	1	1	76	31	2	7	+G
D7_BC43.191219_FM1-2_consensus_vsearch	2547	G	*/-AG	118	8	6.3%	2	1	93	93	0.00348351206933495	1	1	80	38	8	0	-AG
D7_BC43.191219_FM1-2_consensus_vsearch	2548	A	*/-G	95	23	19.17%	2	1	93	93	3.6367420433736335E-8	1	1	57	38	23	0	-G
D7_BC43.191219_FM1-2_consensus_vsearch	2556	A	*/-G	99	24	19.2%	2	1	93	93	1.72011264942575E-8	1	1	62	37	24	0	-G
D7_BC43.191219_FM1-2_consensus_vsearch	2585	C	*/-A	109	17	13.28%	2	1	93	93	4.2803870597755166E-6	1	1	89	20	0	17	-A
D7_BC43.191219_FM1-2_consensus_vsearch	2613	G	*/+T	97	18	14.17%	2	2	93	93	1.8553065455497866E-6	1	1	66	31	15	3	+T
D7_BC43.191219_FM1-2_consensus_vsearch	2613	G	*/-T	97	10	7.87%	2	2	93	93	7.836105711947501E-4	1	1	66	31	9	1	+T
D7_BC43.191219_FM1-2_consensus_vsearch	2634	T	*/-G	119	7	5.47%	2	2	93	93	0.007171936613333159	1	1	87	32	3	4	-G
D7_BC43.191219_FM1-2_consensus_vsearch	2685	A	*/-CA	117	8	6.25%	2	2	93	93	0.0034802219682091096	1	1	87	30	2	6	-CA
D7_BC43.191219_FM1-2_consensus_vsearch	2697	A	*/-G	84	28	22.58%	2	2	93	93	5.407308577058556E-10	1	1	49	35	25	3	-G
D7_BC43.191219_FM1-2_consensus_vsearch	2697	A	*/-GG	84	8	6.45%	2	1	93	93	0.003333061730303187	1	1	49	35	8	0	-G
D7_BC43.191219_FM1-2_consensus_vsearch	2700	G	*/-A	105	21	16.28%	2	1	93	93	1.9226282231482472E-7	1	1	67	38	21	0	-A
D7_BC43.191219_FM1-2_consensus_vsearch	2707	G	*/-A	115	11	8.59%	2	2	93	93	3.888048842031772E-4	1	1	83	32	8	3	-A
D7_BC43.191219_FM1-2_consensus_vsearch	2720	G	*/-A	89	34	26.56%	2	2	93	93	4.108217276663737E-12	1	1	78	11	12	22	-A
D7_BC43.191219_FM1-2_consensus_vsearch	2768	T	*/+C	119	7	5.43%	2	1	93	93	0.007171936613333159	1	1	83	36	7	0	+C
D7_BC43.191219_FM1-2_consensus_vsearch	2783	C	*/-T	109	14	10.94%	2	2	93	93	4.125754771155157E-5	1	1	86	23	1	13	-T
D7_BC43.191219_FM1-2_consensus_vsearch	2794	C	*/-T	98	7	5.6%	2	2	93	93	0.007046380532456332	1	1	80	18	5	2	-T
D7_BC43.191219_FM1-2_consensus_vsearch	2794	C	*/-TT	98	7	5.6%	2	2	93	93	0.007046380532456332	1	1	80	18	6	1	-T
D7_BC43.191219_FM1-2_consensus_vsearch	2809	C	*/+G	107	9	7.14%	2	1	93	93	0.001662494057122746	1	1	77	30	9	0	+G
D7_BC43.191219_FM1-2_consensus_vsearch	2811	G	*/-A	119	9	7.03%	2	1	93	93	0.0016886817503656104	1	1	82	37	9	0	-A
D7_BC43.191219_FM1-2_consensus_vsearch	2824	A	*/-G	93	23	18.55%	2	2	93	93	3.55492560422408E-8	1	1	58	35	22	1	-G
D7_BC43.191219_FM1-2_consensus_vsearch	2835	T	*/-GG	111	9	6.98%	2	1	93	93	0.001671780092136903	1	1	86	25	0	9	-GG
D7_BC43.191219_FM1-2_consensus_vsearch	2849	C	*/-GC	110	18	14.06%	2	2	93	93	2.007275438005658E-6	1	1	75	35	15	3	-GC
D7_BC43.191219_FM1-2_consensus_vsearch	2855	A	*/-G	109	11	8.8%	2	2	93	93	3.8419790937304954E-4	1	1	73	36	10	1	-G
D7_BC43.191219_FM1-2_consensus_vsearch	2871	T	*/+C	118	7	5.43%	2	1	93	93	0.007166897781991431	1	1	84	34	7	0	+C
D7_BC43.191219_FM1-2_consensus_vsearch	2946	G	*/-C	111	9	7.09%	2	1	93	93	0.001671780092136903	1	1	74	37	9	0	-C
D7_BC43.191219_FM1-2_consensus_vsearch	2966	C	*/-A	112	14	10.85%	2	2	93	93	4.1666465535071515E-5	1	1	76	36	13	1	-A
D7_BC43.191219_FM1-2_consensus_vsearch	2970	G	*/-A	105	11	8.87%	2	1	93	93	3.8088327871140524E-4	1	1	67	38	11	0	-A
D7_BC43.191219_FM1-2_consensus_vsearch	2994	A	*/-G	96	30	23.26%	2	2	93	93	1.3107802386360182E-10	1	1	66	30	22	8	-G
D7_BC43.191219_FM1-2_consensus_vsearch	3008	T	*/-G	118	7	5.51%	2	1	93	93	0.007166897781991431	1	1	91	27	0	7	-G
D7_BC43.191219_FM1-2_consensus_vsearch	3022	A	*/-C	119	7	5.43%	2	1	93	93	0.007171936613333159	1	1	82	37	7	0	-C
D7_BC43.191219_FM1-2_consensus_vsearch	3031	T	*/-G	94	25	19.38%	2	2	93	93	7.288828989883142E-9	1	1	66	28	20	5	-G
D7_BC43.191219_FM1-2_consensus_vsearch	3042	C	*/-T	113	9	6.98%	2	2	93	93	0.0016762044960162564	1	1	88	25	1	8	-T
D7_BC43.191219_FM1-2_consensus_vsearch	3049	C	*/+G	104	21	16.67%	2	1	93	93	1.9074295810670403E-7	1	1	67	37	21	0	+G
D7_BC43.191219_FM1-2_consensus_vsearch	3050	A	*/-G	103	22	17.19%	2	1	93	93	8.662562289563832E-8	1	1	67	36	22	0	-G
D7_BC43.191219_FM1-2_consensus_vsearch	3054	A	*/-C	111	14	10.94%	2	2	93	93	4.1532024221596627E-5	1	1	74	37	13	1	-C
D7_BC43.191219_FM1-2_consensus_vsearch	3060	A	*/-C	111	9	7.2%	2	1	93	93	0.001671780092136903	1	1	74	37	9	0	-C
D7_BC43.191219_FM1-2_consensus_vsearch	3074	A	*/-G	108	11	9.09%	2	1	93	93	3.833884829953531E-4	1	1	70	38	11	0	-G
D7_BC43.191219_FM1-2_consensus_vsearch	3077	T	*/+A	113	11	8.66%	2	1	93	93	3.8731500401211E-4	1	1	75	38	11	0	+A
D7_BC43.191219_FM1-2_consensus_vsearch	3099	G	*/-A	112	14	10.94%	2	1	93	93	4.1666465535071515E-5	1	1	76	36	14	0	-A
D7_BC43.191219_FM1-2_consensus_vsearch	3123	T	*/+A	92	18	13.95%	2	2	93	93	1.7902725797942933E-6	1	1	60	32	17	1	+A
D7_BC43.191219_FM1-2_consensus_vsearch	3123	T	*/-A	92	13	10.08%	2	1	93	93	8.222006512210814E-5	1	1	60	32	13	0	+A
D7_BC43.191219_FM1-2_consensus_vsearch	3126	G	*/+A	110	10	7.94%	2	1	93	93	8.033229014163178E-4	1	1	74	36	10	0	+A
D7_BC43.191219_FM1-2_consensus_vsearch	3175	C	*/-A	119	7	5.47%	2	2	93	93	0.007171936613333159	1	1	87	32	2	5	-A
D7_BC43.191219_FM1-2_consensus_vsearch	3185	G	*/-CG	117	9	6.98%	2	1	93	93	0.0016846492794316409	1	1	79	38	9	0	-CG
D7_BC43.191219_FM1-2_consensus_vsearch	3200	A	*/-G	99	17	13.71%	2	2	93	93	4.056432630981598E-6	1	1	72	27	11	6	-G
D7_BC43.191219_FM1-2_consensus_vsearch	3206	G	*/+A	100	8	6.2%	2	1	93	93	0.0034152721929661327	1	1	63	37	8	0	+A
D7_BC43.191219_FM1-2_consensus_vsearch	3206	G	*/-A	100	17	13.18%	2	1	93	93	4.080109662647814E-6	1	1	63	37	17	0	-A
D7_BC43.191219_FM1-2_consensus_vsearch	3237	T	*/+C	45	75	58.14%	2	2	93	93	7.456341807616942E-31	1	1	35	10	51	24	+C
D7_BC43.191219_FM1-2_consensus_vsearch	3240	T	*/-C	87	36	28.12%	2	1	93	93	7.192962020662268E-13	1	1	52	35	36	0	-C
D7_BC43.191219_FM1-2_consensus_vsearch	3242	C	*/-GA	112	9	6.98%	2	1	93	93	0.0016740097929115023	1	1	76	36	9	0	-GA
D7_BC43.191219_FM1-2_consensus_vsearch	3243	G	*/-A	102	8	6.84%	2	2	93	93	0.0034239217724560383	1	1	67	35	7	1	-A
D7_BC43.191219_FM1-2_consensus_vsearch	3249	T	*/-C	107	16	12.4%	2	2	93	93	9.062618518815942E-6	1	1	83	24	7	9	-C
D7_BC43.191219_FM1-2_consensus_vsearch	3253	T	*/+C	108	9	7.44%	2	1	93	93	0.0016648724463323456	1	1	78	30	9	0	+C
D7_BC43.191219_FM1-2_consensus_vsearch	3268	T	*/-C	109	17	13.18%	2	1	93	93	4.2803870597755166E-6	1	1	71	38	17	0	-C
D7_BC43.191219_FM1-2_consensus_vsearch	3309	A	*/-G	109	12	9.52%	2	2	93	93	1.8333095260540644E-4	1	1	87	22	1	11	-G
D7_BC43.191219_FM1-2_consensus_vsearch	3316	T	*/+C	116	10	7.81%	2	1	93	93	8.111274308374793E-4	1	1	79	37	10	0	+C
D7_BC43.191219_FM1-2_consensus_vsearch	3349	C	*/-T	117	12	9.3%	2	2	93	93	1.8677412324259978E-4	1	1	90	27	1	11	-T
D7_BC43.191219_FM1-2_consensus_vsearch	3350	T	*/-C	102	11	9.4%	2	1	93	93	3.7825617668350777E-4	1	1	77	25	11	0	-C
D7_BC43.191219_FM1-2_consensus_vsearch	3366	T	*/-C	90	37	28.68%	2	1	93	93	3.35541074727821E-13	1	1	54	36	37	0	-C
D7_BC43.191219_FM1-2_consensus_vsearch	3384	G	*/-TG	106	16	13.01%	2	1	93	93	9.021323124006712E-6	1	1	69	37	16	0	-TG
D7_BC43.191219_FM1-2_consensus_vsearch	3396	G	*/-A	111	10	7.81%	2	2	93	93	8.04674235219413E-4	1	1	83	28	6	4	-A
D7_BC43.191219_FM1-2_consensus_vsearch	3409	C	*/+A	110	15	11.63%	2	1	93	93	1.953413003643481E-5	1	1	74	36	15	0	+A
D7_BC43.191219_FM1-2_consensus_vsearch	3422	G	*/-T	100	23	17.83%	2	2	93	93	3.83585120821844E-8	1	1	64	36	22	1	-T
D7_BC43.191219_FM1-2_consensus_vsearch	3426	T	*/-G	116	9	6.98%	2	1	93	93	0.00168258665405184	1	1	88	28	0	9	-G
D7_BC43.191219_FM1-2_consensus_vsearch	3447	C	*/-G	103	8	6.67%	2	2	93	93	0.0034281334233636305	1	1	80	23	2	6	-G
D7_BC43.191219_FM1-2_consensus_vsearch	3469	T	*/+A	108	10	7.87%	2	1	93	93	8.005556869594989E-4	1	1	73	35	10	0	+A
D7_BC43.191219_FM1-2_consensus_vsearch	3498	T	*/-A	73	32	25%	2	2	93	93	1.4253765058938948E-11	1	1	44	29	25	7	-A
D7_BC43.191219_FM1-2_consensus_vsearch	3498	T	*/-AA	73	8	6.25%	2	2	93	93	0.003258539328248754	1	1	44	29	7	1	-A
D7_BC43.191219_FM1-2_consensus_vsearch	3539	T	*/-G	108	16	12.8%	2	2	93	93	9.103386033520409E-6	1	1	77	31	13	3	-G
D7_BC43.191219_FM1-2_consensus_vsearch	3550	A	*/-C	109	17	13.18%	2	2	93	93	4.2803870597755166E-6	1	1	78	31	10	7	-C
D7_BC43.191219_FM1-2_consensus_vsearch	3558	A	*/-GA	109	12	9.45%	2	1	93	93	1.8333095260540644E-4	1	1	71	38	12	0	-GA
D7_BC43.191219_FM1-2_consensus_vsearch	3559	G	*/-AAG	95	12	10.71%	2	1	93	93	1.7620452136981205E-4	1	1	59	36	12	0	-AAG
D7_BC43.191219_FM1-2_consensus_vsearch	3565	T	*/-GT	114	12	9.45%	2	1	93	93	1.8552930159077932E-4	1	1	89	25	0	12	-GT
D7_BC43.191219_FM1-2_consensus_vsearch	3573	C	*/-TT	104	14	11.02%	2	1	93	93	4.0536888077622264E-5	1	1	73	31	14	0	-TT
D7_BC43.191219_FM1-2_consensus_vsearch	3593	G	*/-C	108	14	10.85%	2	2	93	93	4.1117435872396796E-5	1	1	71	37	13	1	-C
D7_BC43.191219_FM1-2_consensus_vsearch	3598	G	*/+A	113	8	6.3%	2	2	93	93	0.0034665335534631017	1	1	86	27	2	6	+A
D7_BC43.191219_FM1-2_consensus_vsearch	3642	T	*/-C	114	15	11.63%	2	1	93	93	1.9822908664740166E-5	1	1	76	38	15	0	-C
D7_BC43.191219_FM1-2_consensus_vsearch	3659	G	*/-A	105	22	17.19%	2	2	93	93	8.815212406525651E-8	1	1	69	36	21	1	-A
D7_BC43.191219_FM1-2_consensus_vsearch	3663	A	*/-G	109	8	6.45%	2	2	93	93	0.0034519373657887643	1	1	79	30	4	4	-G
D7_BC43.191219_FM1-2_consensus_vsearch	3666	A	*/-G	108	12	9.52%	2	2	93	93	1.8287149398100595E-4	1	1	71	37	11	1	-G
D7_BC43.191219_FM1-2_consensus_vsearch	3668	G	*/+A	102	18	14.4%	2	1	93	93	1.9165260715690283E-6	1	1	64	38	18	0	+A
D7_BC43.191219_FM1-2_consensus_vsearch	3675	A	*/-G	110	12	9.45%	2	1	93	93	1.837836216241624E-4	1	1	73	37	12	0	-G
D7_BC43.191219_FM1-2_consensus_vsearch	3689	A	*/-GA	113	13	10.08%	2	1	93	93	8.812641825556885E-5	1	1	75	38	13	0	-GA
D7_BC43.191219_FM1-2_consensus_vsearch	3714	T	*/-G	118	8	6.25%	2	2	93	93	0.00348351206933495	1	1	88	30	1	7	-G
D7_BC43.191219_FM1-2_consensus_vsearch	3726	T	*/+G	108	15	12.1%	2	1	93	93	1.938393405413309E-5	1	1	75	33	15	0	+G
D7_BC43.191219_FM1-2_consensus_vsearch	3794	T	*/-C	106	22	17.05%	2	2	93	93	8.890547740076165E-8	1	1	73	33	18	4	-C
D7_BC43.191219_FM1-2_consensus_vsearch	3829	T	*/-C	88	38	29.69%	2	1	93	93	1.349512088673522E-13	1	1	51	37	38	0	-C
D7_BC43.191219_FM1-2_consensus_vsearch	3850	C	*/-T	92	8	6.2%	2	1	93	93	0.003377337287624839	1	1	55	37	8	0	-T
D7_BC43.191219_FM1-2_consensus_vsearch	3850	C	*/-TT	92	23	17.83%	2	1	93	93	3.51354742158437E-8	1	1	55	37	23	0	-TT
D7_BC43.191219_FM1-2_consensus_vsearch	3853	G	*/-A	113	8	6.56%	2	1	93	93	0.0034665335534631017	1	1	76	37	8	0	-A
D7_BC43.191219_FM1-2_consensus_vsearch	3859	C	*/+A	109	8	6.3%	2	1	93	93	0.0034519373657887643	1	1	76	33	8	0	+A
D7_BC43.191219_FM1-2_consensus_vsearch	3859	C	*/-A	109	7	5.51%	2	2	93	93	0.007117711559545103	1	1	76	33	5	2	+A
D7_BC43.191219_FM1-2_consensus_vsearch	3866	T	*/-C	113	12	9.52%	2	1	93	93	1.8510235131510624E-4	1	1	89	24	0	12	-C
D7_BC43.191219_FM1-2_consensus_vsearch	3878	C	*/-T	115	11	8.53%	2	2	93	93	3.888048842031772E-4	1	1	87	28	2	9	-T
D7_BC43.191219_FM1-2_consensus_vsearch	3891	A	*/-G	84	37	28.91%	2	2	93	93	2.7984030432966024E-13	1	1	54	30	30	7	-G
D7_BC43.191219_FM1-2_consensus_vsearch	3894	G	*/-A	115	7	5.51%	2	2	93	93	0.007151294421903387	1	1	80	35	6	1	-A
D7_BC43.191219_FM1-2_consensus_vsearch	3903	T	*/-A	108	10	7.94%	2	2	93	93	8.005556869594989E-4	1	1	76	32	9	1	-A
D7_BC43.191219_FM1-2_consensus_vsearch	3925	G	*/+A	113	12	9.3%	2	1	93	93	1.8510235131510624E-4	1	1	75	38	12	0	+A
D7_BC43.191219_FM1-2_consensus_vsearch	3952	A	*/-C	113	7	5.65%	2	1	93	93	0.007140466550292846	1	1	75	38	7	0	-C
D7_BC43.191219_FM1-2_consensus_vsearch	3955	C	*/-A	111	9	7.03%	2	2	93	93	0.001671780092136903	1	1	77	34	7	2	-A
D7_BC43.191219_FM1-2_consensus_vsearch	3957	A	*/-G	107	15	11.63%	2	2	93	93	1.9307317713989513E-5	1	1	81	26	8	7	-G
D7_BC43.191219_FM1-2_consensus_vsearch	3971	A	*/-G	108	11	8.8%	2	1	93	93	3.833884829953531E-4	1	1	85	23	0	11	-G
D7_BC43.191219_FM1-2_consensus_vsearch	3997	T	*/-C	122	7	5.43%	2	2	93	93	0.007186592205048179	1	1	90	32	1	6	-C
D7_BC43.191219_FM1-2_consensus_vsearch	4010	C	*/+G	118	10	7.75%	2	1	93	93	8.135754181922317E-4	1	1	80	38	10	0	+G
D7_BC43.191219_FM1-2_consensus_vsearch	4011	A	*/-G	113	12	9.3%	2	2	93	93	1.8510235131510624E-4	1	1	79	34	10	2	-G
D7_BC43.191219_FM1-2_consensus_vsearch	4017	C	*/-G	105	18	14.17%	2	2	93	93	1.9515515329488955E-6	1	1	75	30	12	6	-G
D7_BC43.191219_FM1-2_consensus_vsearch	4019	G	*/-A	118	7	5.47%	2	2	93	93	0.007166897781991431	1	1	81	37	6	1	-A
D7_BC43.191219_FM1-2_consensus_vsearch	4036	G	*/-A	107	10	7.75%	2	2	93	93	7.991387742394089E-4	1	1	70	37	9	1	-A
D7_BC43.191219_FM1-2_consensus_vsearch	4036	G	*/-AG	107	12	9.3%	2	1	93	93	1.8240509323126525E-4	1	1	70	37	12	0	-AG
D7_BC43.191219_FM1-2_consensus_vsearch	4037	A	*/+G	24	28	26.17%	2	2	93	93	2.3799743369955694E-11	1	1	23	1	14	14	+G
D7_BC43.191219_FM1-2_consensus_vsearch	4037	A	*/+GG	24	36	33.64%	2	2	93	93	6.644454077844199E-15	1	1	23	1	16	20	+GG
D7_BC43.191219_FM1-2_consensus_vsearch	4052	A	*/-G	94	11	8.87%	2	1	93	93	3.7058281925653647E-4	1	1	56	38	11	0	-G
D7_BC43.191219_FM1-2_consensus_vsearch	4052	A	*/-GG	94	13	10.48%	2	1	93	93	8.286846302046643E-5	1	1	56	38	13	0	-GG
D7_BC43.191219_FM1-2_consensus_vsearch	4054	G	*/+A	27	57	52.29%	1	2	93	93	2.1242001543260708E-24	1	1	27	0	19	38	+A
D7_BC43.191219_FM1-2_consensus_vsearch	4054	G	*/+AA	27	7	6.42%	1	1	93	93	0.005549177190968586	1	1	27	0	7	0	+A
D7_BC43.191219_FM1-2_consensus_vsearch	4056	C	*/-G	91	14	11.67%	2	1	93	93	3.8397187772755066E-5	1	1	55	36	14	0	-G
D7_BC43.191219_FM1-2_consensus_vsearch	4057	G	*/-C	67	20	17.7%	2	1	93	93	2.779046437443667E-7	1	1	31	36	20	0	-C
D7_BC43.191219_FM1-2_consensus_vsearch	4085	G	*/-C	114	8	6.2%	2	2	93	93	0.0034700373777167863	1	1	85	29	3	5	-C
D7_BC43.191219_FM1-2_consensus_vsearch	4092	G	*/-A	108	17	13.39%	2	2	93	93	4.259214750622165E-6	1	1	80	28	9	8	-A
D7_BC43.191219_FM1-2_consensus_vsearch	4106	T	*/+C	118	8	6.2%	2	1	93	93	0.00348351206933495	1	1	81	37	8	0	+C
D7_BC43.191219_FM1-2_consensus_vsearch	4155	T	*/-C	98	24	18.75%	2	1	93	93	1.7007595414704253E-8	1	1	62	36	24	0	-C
D7_BC43.191219_FM1-2_consensus_vsearch	4163	G	*/-A	119	7	5.43%	2	1	93	93	0.007171936613333159	1	1	81	38	7	0	-A
D7_BC43.191219_FM1-2_consensus_vsearch	4195	T	*/-A	113	8	6.2%	2	1	93	93	0.0034665335534631017	1	1	78	35	8	0	-A
D7_BC43.191219_FM1-2_consensus_vsearch	4197	A	*/+G	87	7	5.56%	2	1	93	93	0.0069587427350203575	1	1	54	33	7	0	+G
D7_BC43.191219_FM1-2_consensus_vsearch	4197	A	*/-G	87	25	19.84%	2	2	93	93	6.599773290091782E-9	1	1	54	33	24	1	-G
D7_BC43.191219_FM1-2_consensus_vsearch	4227	A	*/-G	111	12	9.38%	2	2	93	93	1.84229649166992E-4	1	1	82	29	3	9	-G
D7_BC43.191219_FM1-2_consensus_vsearch	4234	A	*/+G	78	14	10.85%	2	2	93	93	3.5772233746570035E-5	1	1	45	33	11	3	+G
D7_BC43.191219_FM1-2_consensus_vsearch	4234	A	*/-G	78	28	21.71%	2	2	93	93	4.765074045348723E-10	1	1	45	33	26	2	-G
D7_BC43.191219_FM1-2_consensus_vsearch	4243	T	*/+C	119	7	5.43%	2	1	93	93	0.007171936613333159	1	1	83	36	7	0	+C
D7_BC43.191219_FM1-2_consensus_vsearch	4247	A	*/-G	104	16	12.6%	2	2	93	93	8.937108880415586E-6	1	1	69	35	15	1	-G
D7_BC43.191219_FM1-2_consensus_vsearch	4267	C	*/-G	98	27	21.09%	2	2	93	93	1.5436209193602203E-9	1	1	67	31	21	6	-G
D7_BC43.191219_FM1-2_consensus_vsearch	4296	C	*/-TT	108	17	13.28%	2	2	93	93	4.259214750622165E-6	1	1	76	32	11	6	-TT
D7_BC43.191219_FM1-2_consensus_vsearch	4299	T	*/+C	111	9	7.09%	2	1	93	93	0.001671780092136903	1	1	80	31	9	0	+C
D7_BC43.191219_FM1-2_consensus_vsearch	4304	C	*/-G	117	7	5.51%	2	1	93	93	0.007161779091602289	1	1	88	29	0	7	-G
D7_BC43.191219_FM1-2_consensus_vsearch	4318	G	*/-T	107	9	6.98%	2	1	93	93	0.001662494057122746	1	1	69	38	9	0	-T
D7_BC43.191219_FM1-2_consensus_vsearch	4343	A	*/-GCA	113	9	7.03%	2	2	93	93	0.0016762044960162564	1	1	80	33	6	3	-GCA
D7_BC43.191219_FM1-2_consensus_vsearch	4362	T	*/+C	107	13	10.48%	2	2	93	93	8.662333925418171E-5	1	1	76	31	11	2	+C
D7_BC43.191219_FM1-2_consensus_vsearch	4380	T	*/-G	84	32	26.02%	2	2	93	93	1.9418685242923025E-11	1	1	49	35	29	3	-G
D7_BC43.191219_FM1-2_consensus_vsearch	4401	T	*/-A	106	7	6.19%	2	1	93	93	0.007099608384229935	1	1	75	31	0	7	-A
