Chrom	Position	Ref	Cons	Reads1	Reads2	VarFreq	Strands1	Strands2	Qual1	Qual2	Pvalue	MapQual1	MapQual2	Reads1Plus	Reads1Minus	Reads2Plus	Reads2Minus	VarAllele
D8_BC44.191219_FM1-2_consensus_vsearch	12	C	Y	170	7	3.93%	2	1	93	93	0.007354335343249384	1	1	105	65	0	7	T
D8_BC44.191219_FM1-2_consensus_vsearch	25	C	Y	98	77	43.75%	2	2	93	93	1.2939282195167892E-28	1	1	58	40	47	30	T
D8_BC44.191219_FM1-2_consensus_vsearch	45	T	Y	171	7	3.91%	2	2	93	93	0.007356879467164792	1	1	105	66	1	6	C
D8_BC44.191219_FM1-2_consensus_vsearch	58	A	R	171	7	3.89%	2	1	93	93	0.007356879467164792	1	1	97	74	7	0	G
D8_BC44.191219_FM1-2_consensus_vsearch	60	T	Y	168	7	3.89%	2	2	93	93	0.007349160919077469	1	1	100	68	2	5	C
D8_BC44.191219_FM1-2_consensus_vsearch	75	G	R	155	22	12.22%	2	1	93	93	1.1896245289151432E-7	1	1	80	75	22	0	A
D8_BC44.191219_FM1-2_consensus_vsearch	162	C	Y	164	13	7.18%	2	1	93	93	9.713897191766361E-5	1	1	105	59	0	13	T
D8_BC44.191219_FM1-2_consensus_vsearch	201	T	W	147	8	4.6%	2	1	93	93	0.003560876280423088	1	1	101	46	0	8	A
D8_BC44.191219_FM1-2_consensus_vsearch	201	T	Y	147	15	8.62%	2	2	93	93	2.17349769556443E-5	1	1	101	46	2	13	C
D8_BC44.191219_FM1-2_consensus_vsearch	202	G	R	150	16	8.99%	2	2	93	93	1.0442229936658031E-5	1	1	100	50	1	15	A
D8_BC44.191219_FM1-2_consensus_vsearch	203	C	Y	158	8	4.6%	2	2	93	93	0.0035832986795768713	1	1	102	56	1	7	T
D8_BC44.191219_FM1-2_consensus_vsearch	204	C	Y	165	9	5%	2	1	93	93	0.0017566025072910298	1	1	102	63	0	9	T
D8_BC44.191219_FM1-2_consensus_vsearch	209	G	R	127	40	23.67%	2	1	93	93	6.383761300928864E-14	1	1	56	71	40	0	A
D8_BC44.191219_FM1-2_consensus_vsearch	221	T	Y	157	13	7.34%	2	1	93	93	9.619448810924289E-5	1	1	100	57	0	13	C
D8_BC44.191219_FM1-2_consensus_vsearch	227	A	R	169	7	3.87%	2	2	93	93	0.007351762655103386	1	1	95	74	6	1	G
D8_BC44.191219_FM1-2_consensus_vsearch	228	T	Y	169	11	6.08%	2	1	93	93	4.171728309073988E-4	1	1	95	74	11	0	C
D8_BC44.191219_FM1-2_consensus_vsearch	233	A	R	159	14	7.95%	2	2	93	93	4.6418184944691E-5	1	1	88	71	12	2	G
D8_BC44.191219_FM1-2_consensus_vsearch	266	G	R	166	10	5.68%	2	1	93	93	8.563124880416237E-4	1	1	96	70	10	0	A
D8_BC44.191219_FM1-2_consensus_vsearch	303	T	Y	156	16	8.94%	2	2	93	93	1.0588030744066097E-5	1	1	102	54	2	14	C
D8_BC44.191219_FM1-2_consensus_vsearch	309	A	R	162	11	6.21%	2	1	93	93	4.144410722870704E-4	1	1	89	73	11	0	G
D8_BC44.191219_FM1-2_consensus_vsearch	323	G	R	173	7	3.87%	2	2	93	93	0.007361883903780164	1	1	102	71	4	3	A
D8_BC44.191219_FM1-2_consensus_vsearch	329	A	R	168	12	6.63%	2	1	93	93	2.0201205851976917E-4	1	1	93	75	12	0	G
D8_BC44.191219_FM1-2_consensus_vsearch	331	G	R	140	31	18.13%	2	1	93	93	1.0440648175661813E-10	1	1	72	68	31	0	A
D8_BC44.191219_FM1-2_consensus_vsearch	334	T	Y	170	7	3.91%	2	1	93	93	0.007354335343249384	1	1	105	65	0	7	C
D8_BC44.191219_FM1-2_consensus_vsearch	338	G	R	113	24	16.67%	2	1	93	93	1.977306074180349E-8	1	1	47	66	24	0	A
D8_BC44.191219_FM1-2_consensus_vsearch	346	A	R	38	10	5.56%	2	1	93	93	5.798544805351553E-4	1	1	12	26	10	0	+G
D8_BC44.191219_FM1-2_consensus_vsearch	378	G	R	166	7	4%	2	1	93	93	0.007343868313612718	1	1	95	71	7	0	A
D8_BC44.191219_FM1-2_consensus_vsearch	418	C	S	163	13	7.22%	2	1	93	93	9.700826914365912E-5	1	1	90	73	13	0	G
D8_BC44.191219_FM1-2_consensus_vsearch	419	C	Y	173	7	3.87%	2	2	93	93	0.007361883903780164	1	1	103	70	3	4	T
D8_BC44.191219_FM1-2_consensus_vsearch	428	T	Y	168	10	5.59%	2	2	93	93	8.576127548470182E-4	1	1	104	64	1	9	C
D8_BC44.191219_FM1-2_consensus_vsearch	431	G	R	102	18	14.88%	2	1	93	93	1.9165260715690283E-6	1	1	50	52	18	0	A
D8_BC44.191219_FM1-2_consensus_vsearch	432	G	R	163	16	8.94%	2	1	93	93	1.0747486205302928E-5	1	1	89	74	16	0	A
D8_BC44.191219_FM1-2_consensus_vsearch	447	T	Y	168	8	4.52%	2	1	93	93	0.0036012982281518587	1	1	105	63	0	8	C
D8_BC44.191219_FM1-2_consensus_vsearch	470	G	R	163	11	6.18%	2	1	93	93	4.148440753983004E-4	1	1	94	69	11	0	A
D8_BC44.191219_FM1-2_consensus_vsearch	537	T	Y	158	16	8.89%	2	1	93	93	1.063471384179908E-5	1	1	106	52	0	16	C
D8_BC44.191219_FM1-2_consensus_vsearch	550	G	R	161	8	4.62%	2	1	93	93	0.0035889176506417294	1	1	91	70	8	0	A
D8_BC44.191219_FM1-2_consensus_vsearch	585	T	Y	160	19	10.61%	2	2	93	93	1.1523276669295318E-6	1	1	102	58	3	16	C
D8_BC44.191219_FM1-2_consensus_vsearch	615	G	R	138	24	14.81%	2	1	93	93	2.3767730339874605E-8	1	1	82	56	24	0	A
D8_BC44.191219_FM1-2_consensus_vsearch	624	C	Y	169	7	3.87%	2	1	93	93	0.007351762655103386	1	1	101	68	0	7	T
D8_BC44.191219_FM1-2_consensus_vsearch	656	G	R	153	24	13.41%	2	1	93	93	2.5840222677882734E-8	1	1	80	73	24	0	A
D8_BC44.191219_FM1-2_consensus_vsearch	675	G	R	172	7	3.89%	2	1	93	93	0.007359395499810914	1	1	98	74	7	0	A
D8_BC44.191219_FM1-2_consensus_vsearch	682	C	Y	154	14	7.78%	2	2	93	93	4.602560235661552E-5	1	1	103	51	1	13	T
D8_BC44.191219_FM1-2_consensus_vsearch	725	T	W	167	9	5.03%	2	1	93	93	0.001758773553282941	1	1	92	75	9	0	A
D8_BC44.191219_FM1-2_consensus_vsearch	807	T	Y	169	10	5.56%	2	1	93	93	8.582524143025632E-4	1	1	104	65	0	10	C
D8_BC44.191219_FM1-2_consensus_vsearch	822	G	R	171	7	3.89%	2	2	93	93	0.007356879467164792	1	1	99	72	6	1	A
D8_BC44.191219_FM1-2_consensus_vsearch	847	G	R	99	27	20.93%	2	1	93	93	1.5654250540416478E-9	1	1	48	51	27	0	A
D8_BC44.191219_FM1-2_consensus_vsearch	848	G	R	160	14	8.05%	2	2	93	93	4.649426662392842E-5	1	1	95	65	11	3	A
D8_BC44.191219_FM1-2_consensus_vsearch	850	G	R	170	8	4.44%	2	2	93	93	0.003604660140070728	1	1	104	66	1	7	A
D8_BC44.191219_FM1-2_consensus_vsearch	892	T	K	170	7	3.91%	2	1	93	93	0.007354335343249384	1	1	96	74	7	0	G
D8_BC44.191219_FM1-2_consensus_vsearch	904	T	Y	161	17	9.39%	2	1	93	93	5.110322696820513E-6	1	1	104	57	0	17	C
D8_BC44.191219_FM1-2_consensus_vsearch	922	C	Y	150	10	5.65%	2	2	93	93	8.447908106466188E-4	1	1	78	72	9	1	-A
D8_BC44.191219_FM1-2_consensus_vsearch	995	C	Y	173	7	3.87%	2	2	93	93	0.007361883903780164	1	1	104	69	1	6	T
D8_BC44.191219_FM1-2_consensus_vsearch	997	T	Y	166	8	4.47%	2	1	93	93	0.0035978605571022945	1	1	96	70	8	0	C
D8_BC44.191219_FM1-2_consensus_vsearch	1004	T	Y	171	7	3.89%	2	2	93	93	0.007356879467164792	1	1	105	66	1	6	C
D8_BC44.191219_FM1-2_consensus_vsearch	1033	T	W	49	87	48.07%	2	2	93	93	5.049802560438209E-36	1	1	17	32	62	25	A
D8_BC44.191219_FM1-2_consensus_vsearch	1039	C	Y	165	15	8.29%	2	2	93	93	2.2517818669553618E-5	1	1	103	62	2	13	T
D8_BC44.191219_FM1-2_consensus_vsearch	1041	T	Y	172	7	3.89%	2	2	93	93	0.007359395499810914	1	1	103	69	2	5	C
D8_BC44.191219_FM1-2_consensus_vsearch	1047	A	R	168	7	3.91%	2	1	93	93	0.007349160919077469	1	1	94	74	7	0	G
D8_BC44.191219_FM1-2_consensus_vsearch	1051	T	Y	160	8	4.57%	2	2	93	93	0.003587066500341587	1	1	91	69	3	5	C
D8_BC44.191219_FM1-2_consensus_vsearch	1080	G	R	134	22	12.15%	2	1	93	93	1.0756791049746133E-7	1	1	60	74	22	0	+A
D8_BC44.191219_FM1-2_consensus_vsearch	1101	A	R	170	11	6.08%	2	2	93	93	4.1754670259895105E-4	1	1	97	73	9	2	G
D8_BC44.191219_FM1-2_consensus_vsearch	1129	C	Y	136	21	12.07%	2	2	93	93	2.3301248058027696E-7	1	1	99	37	1	20	T
D8_BC44.191219_FM1-2_consensus_vsearch	1196	G	R	161	11	6.4%	2	1	93	93	4.1403363178339287E-4	1	1	95	66	11	0	A
D8_BC44.191219_FM1-2_consensus_vsearch	1231	G	R	162	8	4.65%	2	2	93	93	0.0035907474640792065	1	1	93	69	7	1	A
D8_BC44.191219_FM1-2_consensus_vsearch	1310	C	Y	150	10	5.78%	2	1	93	93	8.447908106466188E-4	1	1	102	48	0	10	T
D8_BC44.191219_FM1-2_consensus_vsearch	1343	G	K	159	10	5.59%	2	2	93	93	8.515291395461669E-4	1	1	94	65	7	3	T
D8_BC44.191219_FM1-2_consensus_vsearch	1344	C	Y	155	7	3.89%	2	1	93	93	0.00731245349755727	1	1	95	60	0	7	+T
D8_BC44.191219_FM1-2_consensus_vsearch	1421	G	R	168	7	3.95%	2	2	93	93	0.007349160919077469	1	1	95	73	6	1	A
D8_BC44.191219_FM1-2_consensus_vsearch	1429	G	K	110	8	6.56%	2	1	93	93	0.00345567640819626	1	1	54	56	8	0	T
D8_BC44.191219_FM1-2_consensus_vsearch	1432	A	R	160	12	6.7%	2	2	93	93	2.0017842257399077E-4	1	1	90	70	11	1	G
D8_BC44.191219_FM1-2_consensus_vsearch	1434	A	R	165	8	4.55%	2	1	93	93	0.0035961125075510735	1	1	90	75	8	0	G
D8_BC44.191219_FM1-2_consensus_vsearch	1479	T	Y	167	10	5.59%	2	2	93	93	8.569661506081246E-4	1	1	102	65	2	8	C
D8_BC44.191219_FM1-2_consensus_vsearch	1513	G	R	167	7	3.93%	2	1	93	93	0.007346529640553612	1	1	92	75	7	0	A
D8_BC44.191219_FM1-2_consensus_vsearch	1525	T	K	155	20	11.36%	2	1	93	93	5.365196666040845E-7	1	1	81	74	20	0	G
D8_BC44.191219_FM1-2_consensus_vsearch	1565	A	R	169	7	3.89%	2	1	93	93	0.007351762655103386	1	1	98	71	7	0	G
D8_BC44.191219_FM1-2_consensus_vsearch	1567	C	Y	167	9	5.06%	2	2	93	93	0.001758773553282941	1	1	101	66	2	7	T
D8_BC44.191219_FM1-2_consensus_vsearch	1579	A	R	167	8	4.52%	2	2	93	93	0.003599589021589525	1	1	96	71	6	2	G
D8_BC44.191219_FM1-2_consensus_vsearch	1581	G	R	172	7	3.87%	2	1	93	93	0.007359395499810914	1	1	98	74	7	0	A
D8_BC44.191219_FM1-2_consensus_vsearch	1639	C	Y	122	12	7.14%	2	2	93	93	1.887360201078548E-4	1	1	97	25	1	11	-T
D8_BC44.191219_FM1-2_consensus_vsearch	1643	G	R	154	10	5.88%	2	1	93	93	8.478730484464233E-4	1	1	94	60	10	0	A
D8_BC44.191219_FM1-2_consensus_vsearch	1652	G	R	70	63	46.32%	2	2	93	93	6.296034888299662E-24	1	1	57	13	25	38	A
D8_BC44.191219_FM1-2_consensus_vsearch	1653	G	R	132	38	22.22%	2	2	93	93	3.5397803125924216E-13	1	1	82	50	23	15	A
D8_BC44.191219_FM1-2_consensus_vsearch	1665	A	R	151	26	14.36%	2	2	93	93	5.535048527187511E-9	1	1	79	72	24	2	G
D8_BC44.191219_FM1-2_consensus_vsearch	1685	A	R	161	15	8.33%	2	1	93	93	2.2356045059508273E-5	1	1	86	75	15	0	G
D8_BC44.191219_FM1-2_consensus_vsearch	1690	G	R	165	7	3.91%	2	1	93	93	0.007341176420737498	1	1	92	73	7	0	A
D8_BC44.191219_FM1-2_consensus_vsearch	1723	G	R	168	10	5.59%	2	2	93	93	8.576127548470182E-4	1	1	100	68	5	5	A
D8_BC44.191219_FM1-2_consensus_vsearch	1727	C	Y	147	10	5.59%	2	1	93	93	8.423806435551107E-4	1	1	88	59	0	10	+A
D8_BC44.191219_FM1-2_consensus_vsearch	1765	C	Y	157	17	9.44%	2	2	93	93	5.061098756034954E-6	1	1	100	57	1	16	T
D8_BC44.191219_FM1-2_consensus_vsearch	1791	C	Y	161	15	8.29%	2	2	93	93	2.2356045059508273E-5	1	1	104	57	1	14	T
D8_BC44.191219_FM1-2_consensus_vsearch	1801	A	R	154	11	6.08%	2	1	93	93	4.110509155841592E-4	1	1	85	69	11	0	G
D8_BC44.191219_FM1-2_consensus_vsearch	1813	A	R	162	14	7.82%	2	2	93	93	4.6644094013034604E-5	1	1	93	69	12	2	G
D8_BC44.191219_FM1-2_consensus_vsearch	1816	T	K	165	12	6.7%	2	2	93	93	2.013425963384007E-4	1	1	94	71	11	1	G
D8_BC44.191219_FM1-2_consensus_vsearch	1825	T	Y	169	10	5.52%	2	2	93	93	8.582524143025632E-4	1	1	104	65	1	9	C
D8_BC44.191219_FM1-2_consensus_vsearch	1832	G	R	168	7	3.95%	2	2	93	93	0.007349160919077469	1	1	103	65	3	4	A
D8_BC44.191219_FM1-2_consensus_vsearch	1840	G	R	145	10	6.37%	2	2	93	93	8.407243705351934E-4	1	1	87	58	9	1	A
D8_BC44.191219_FM1-2_consensus_vsearch	1845	C	Y	89	72	43.9%	2	2	93	93	6.796376872506407E-27	1	1	54	35	46	26	T
D8_BC44.191219_FM1-2_consensus_vsearch	1851	A	R	165	14	7.78%	2	1	93	93	4.686317044849749E-5	1	1	92	73	14	0	G
D8_BC44.191219_FM1-2_consensus_vsearch	1875	G	R	165	13	7.22%	2	1	93	93	9.726832470999452E-5	1	1	90	75	13	0	A
D8_BC44.191219_FM1-2_consensus_vsearch	1905	G	R	168	9	5%	2	1	93	93	0.0017598412021421013	1	1	93	75	9	0	A
D8_BC44.191219_FM1-2_consensus_vsearch	1910	C	M	77	8	4.42%	2	2	93	93	0.0032877742734110536	1	1	36	41	3	5	-A
D8_BC44.191219_FM1-2_consensus_vsearch	1949	T	Y	168	7	3.95%	2	2	93	93	0.007349160919077469	1	1	96	72	6	1	C
D8_BC44.191219_FM1-2_consensus_vsearch	1950	T	Y	167	7	3.89%	2	2	93	93	0.007346529640553612	1	1	93	74	6	1	C
D8_BC44.191219_FM1-2_consensus_vsearch	2015	A	R	171	9	5%	2	2	93	93	0.0017629749665283802	1	1	97	74	8	1	G
D8_BC44.191219_FM1-2_consensus_vsearch	2040	T	K	170	8	4.47%	2	1	93	93	0.003604660140070728	1	1	95	75	8	0	G
D8_BC44.191219_FM1-2_consensus_vsearch	2042	G	S	165	7	3.91%	2	1	93	93	0.007341176420737498	1	1	91	74	7	0	C
D8_BC44.191219_FM1-2_consensus_vsearch	2073	A	R	162	15	8.33%	2	1	93	93	2.2397093300874712E-5	1	1	89	73	15	0	G
D8_BC44.191219_FM1-2_consensus_vsearch	2074	C	Y	143	7	3.91%	2	2	93	93	0.007273002114564063	1	1	78	65	3	4	+T
D8_BC44.191219_FM1-2_consensus_vsearch	2075	G	R	154	11	6.55%	2	1	93	93	4.110509155841592E-4	1	1	83	71	11	0	A
D8_BC44.191219_FM1-2_consensus_vsearch	2099	G	R	171	8	4.47%	2	2	93	93	0.003606313464294743	1	1	99	72	7	1	A
D8_BC44.191219_FM1-2_consensus_vsearch	2112	G	R	164	7	3.89%	2	2	93	93	0.007338453432453804	1	1	91	73	5	2	-T
D8_BC44.191219_FM1-2_consensus_vsearch	2151	T	Y	161	9	5.11%	2	2	93	93	0.0017521117144003763	1	1	104	57	1	8	C
D8_BC44.191219_FM1-2_consensus_vsearch	2155	G	R	161	11	6.29%	2	2	93	93	4.1403363178339287E-4	1	1	96	65	8	3	A
D8_BC44.191219_FM1-2_consensus_vsearch	2156	G	R	137	9	5.06%	2	2	93	93	0.001720178313593195	1	1	70	67	6	3	+A
D8_BC44.191219_FM1-2_consensus_vsearch	2157	G	R	171	10	5.52%	2	2	93	93	8.595113410222558E-4	1	1	100	71	6	4	A
D8_BC44.191219_FM1-2_consensus_vsearch	2180	A	R	170	11	6.08%	2	2	93	93	4.1754670259895105E-4	1	1	96	74	10	1	G
D8_BC44.191219_FM1-2_consensus_vsearch	2210	G	R	154	9	5.52%	2	1	93	93	0.0017437389109563706	1	1	95	59	9	0	A
D8_BC44.191219_FM1-2_consensus_vsearch	2260	C	Y	159	10	5.71%	2	2	93	93	8.515291395461669E-4	1	1	104	55	1	9	T
D8_BC44.191219_FM1-2_consensus_vsearch	2261	C	Y	142	16	9.04%	2	1	93	93	1.0233281033084238E-5	1	1	104	38	0	16	T
D8_BC44.191219_FM1-2_consensus_vsearch	2271	G	R	163	12	6.78%	2	1	93	93	2.0088438035060612E-4	1	1	92	71	12	0	A
D8_BC44.191219_FM1-2_consensus_vsearch	2362	A	R	167	9	5.03%	2	2	93	93	0.001758773553282941	1	1	94	73	7	2	G
D8_BC44.191219_FM1-2_consensus_vsearch	2366	A	R	162	15	8.33%	2	1	93	93	2.2397093300874712E-5	1	1	87	75	15	0	G
D8_BC44.191219_FM1-2_consensus_vsearch	2368	A	R	145	7	3.95%	2	1	93	93	0.0072800038812266725	1	1	87	58	7	0	-G
D8_BC44.191219_FM1-2_consensus_vsearch	2398	G	R	164	8	4.6%	2	1	93	93	0.0035943445383436455	1	1	97	67	8	0	A
D8_BC44.191219_FM1-2_consensus_vsearch	2402	A	R	162	16	8.94%	2	2	93	93	1.0725368622948736E-5	1	1	89	73	15	1	G
D8_BC44.191219_FM1-2_consensus_vsearch	2461	G	R	150	14	8.43%	2	2	93	93	4.569613815038095E-5	1	1	92	58	13	1	A
D8_BC44.191219_FM1-2_consensus_vsearch	2467	C	Y	167	9	5%	2	2	93	93	0.001758773553282941	1	1	100	67	1	8	T
D8_BC44.191219_FM1-2_consensus_vsearch	2508	T	W	149	18	10.06%	2	2	93	93	2.3518535893363407E-6	1	1	83	66	14	4	A
D8_BC44.191219_FM1-2_consensus_vsearch	2515	C	Y	150	29	16.02%	2	2	93	93	5.4242252689159E-10	1	1	102	48	4	25	T
D8_BC44.191219_FM1-2_consensus_vsearch	2524	C	Y	171	8	4.42%	2	2	93	93	0.003606313464294743	1	1	103	68	2	6	T
D8_BC44.191219_FM1-2_consensus_vsearch	2541	T	Y	139	7	4.22%	2	2	93	93	0.007258431482759906	1	1	83	56	5	2	-A
D8_BC44.191219_FM1-2_consensus_vsearch	2599	T	Y	173	7	3.87%	2	2	93	93	0.007361883903780164	1	1	105	68	1	6	C
D8_BC44.191219_FM1-2_consensus_vsearch	2611	T	Y	168	7	3.93%	2	1	93	93	0.007349160919077469	1	1	105	63	0	7	C
D8_BC44.191219_FM1-2_consensus_vsearch	2633	A	R	168	10	5.56%	2	1	93	93	8.576127548470182E-4	1	1	95	73	10	0	G
D8_BC44.191219_FM1-2_consensus_vsearch	2643	T	Y	160	8	4.42%	2	1	93	93	0.003587066500341587	1	1	94	66	0	8	+A
D8_BC44.191219_FM1-2_consensus_vsearch	2711	A	R	171	7	3.91%	2	1	93	93	0.007356879467164792	1	1	96	75	7	0	G
D8_BC44.191219_FM1-2_consensus_vsearch	2723	C	Y	174	7	3.87%	2	2	93	93	0.007364345131566664	1	1	105	69	1	6	T
D8_BC44.191219_FM1-2_consensus_vsearch	2736	G	R	121	26	17.57%	2	1	93	93	4.433501021040523E-9	1	1	64	57	26	0	A
D8_BC44.191219_FM1-2_consensus_vsearch	2738	G	R	166	11	6.18%	2	1	93	93	4.160271719522368E-4	1	1	94	72	11	0	A
D8_BC44.191219_FM1-2_consensus_vsearch	2740	T	Y	171	7	3.89%	2	2	93	93	0.007356879467164792	1	1	103	68	2	5	C
D8_BC44.191219_FM1-2_consensus_vsearch	2764	A	R	169	7	3.87%	2	1	93	93	0.007351762655103386	1	1	98	71	7	0	G
D8_BC44.191219_FM1-2_consensus_vsearch	2770	C	Y	165	9	5.14%	2	1	93	93	0.0017566025072910298	1	1	105	60	0	9	T
D8_BC44.191219_FM1-2_consensus_vsearch	2801	G	R	155	16	9.2%	2	1	93	93	1.056433857412907E-5	1	1	87	68	16	0	A
D8_BC44.191219_FM1-2_consensus_vsearch	2811	C	Y	170	7	3.91%	2	1	93	93	0.007354335343249384	1	1	103	67	0	7	T
D8_BC44.191219_FM1-2_consensus_vsearch	2816	G	R	172	7	3.89%	2	1	93	93	0.007359395499810914	1	1	99	73	7	0	A
D8_BC44.191219_FM1-2_consensus_vsearch	2838	G	R	158	7	3.89%	2	1	93	93	0.007321431252717009	1	1	84	74	7	0	+A
D8_BC44.191219_FM1-2_consensus_vsearch	2856	G	R	156	18	10.11%	2	1	93	93	2.4005815851883153E-6	1	1	85	71	18	0	A
D8_BC44.191219_FM1-2_consensus_vsearch	2863	T	Y	172	8	4.42%	2	2	93	93	0.0036079487687097848	1	1	100	72	5	3	C
D8_BC44.191219_FM1-2_consensus_vsearch	2864	G	R	171	7	3.87%	2	1	93	93	0.007356879467164792	1	1	96	75	7	0	A
D8_BC44.191219_FM1-2_consensus_vsearch	2874	G	R	121	21	14.58%	2	2	93	93	2.1473582601823008E-7	1	1	84	37	20	1	A
D8_BC44.191219_FM1-2_consensus_vsearch	2875	G	K	146	12	7.5%	2	1	93	93	1.9655548349622453E-4	1	1	105	41	0	12	T
D8_BC44.191219_FM1-2_consensus_vsearch	2974	G	R	152	7	4.19%	2	1	93	93	0.00730314147206752	1	1	86	66	7	0	A
D8_BC44.191219_FM1-2_consensus_vsearch	2975	G	S	149	17	9.77%	2	1	93	93	4.956754716769552E-6	1	1	97	52	0	17	C
D8_BC44.191219_FM1-2_consensus_vsearch	2989	G	R	173	7	3.89%	2	2	93	93	0.007361883903780164	1	1	100	73	5	2	A
D8_BC44.191219_FM1-2_consensus_vsearch	3031	C	Y	165	8	4.44%	2	1	93	93	0.0035961125075510735	1	1	99	66	0	8	T
D8_BC44.191219_FM1-2_consensus_vsearch	3078	T	Y	168	9	5%	2	2	93	93	0.0017598412021421013	1	1	103	65	1	8	C
D8_BC44.191219_FM1-2_consensus_vsearch	3079	A	R	167	9	5.06%	2	1	93	93	0.001758773553282941	1	1	95	72	9	0	G
D8_BC44.191219_FM1-2_consensus_vsearch	3092	C	Y	167	7	3.87%	2	2	93	93	0.007346529640553612	1	1	102	65	2	5	T
D8_BC44.191219_FM1-2_consensus_vsearch	3100	G	R	170	7	3.87%	2	2	93	93	0.007354335343249384	1	1	99	71	6	1	A
D8_BC44.191219_FM1-2_consensus_vsearch	3152	G	R	164	11	6.18%	2	1	93	93	4.1524271304166165E-4	1	1	91	73	11	0	A
D8_BC44.191219_FM1-2_consensus_vsearch	3153	C	Y	166	10	5.62%	2	2	93	93	8.563124880416237E-4	1	1	98	68	7	3	T
D8_BC44.191219_FM1-2_consensus_vsearch	3156	C	Y	158	7	3.95%	2	2	93	93	0.007321431252717009	1	1	93	65	3	4	T
D8_BC44.191219_FM1-2_consensus_vsearch	3157	G	R	122	50	28.57%	2	2	93	93	1.3596115080675452E-17	1	1	53	69	48	2	A
D8_BC44.191219_FM1-2_consensus_vsearch	3173	T	Y	168	9	5%	2	2	93	93	0.0017598412021421013	1	1	103	65	1	8	C
D8_BC44.191219_FM1-2_consensus_vsearch	3188	G	R	169	7	3.93%	2	2	93	93	0.007351762655103386	1	1	101	68	2	5	A
D8_BC44.191219_FM1-2_consensus_vsearch	3191	T	Y	165	9	5.06%	2	1	93	93	0.0017566025072910298	1	1	106	59	0	9	C
D8_BC44.191219_FM1-2_consensus_vsearch	3207	T	Y	163	13	7.3%	2	2	93	93	9.700826914365912E-5	1	1	103	60	1	12	C
D8_BC44.191219_FM1-2_consensus_vsearch	3223	T	Y	169	11	6.11%	2	1	93	93	4.171728309073988E-4	1	1	105	64	0	11	C
D8_BC44.191219_FM1-2_consensus_vsearch	3234	T	Y	159	16	9.09%	2	1	93	93	1.0657711547030142E-5	1	1	105	54	0	16	C
D8_BC44.191219_FM1-2_consensus_vsearch	3305	G	R	156	8	4.82%	2	2	93	93	0.0035794408926960136	1	1	89	67	7	1	A
D8_BC44.191219_FM1-2_consensus_vsearch	3306	G	R	163	14	7.87%	2	1	93	93	4.671786332695625E-5	1	1	91	72	14	0	A
D8_BC44.191219_FM1-2_consensus_vsearch	3415	T	Y	163	7	3.89%	2	1	93	93	0.007335698806984051	1	1	98	65	0	7	C
D8_BC44.191219_FM1-2_consensus_vsearch	3418	G	R	168	7	3.91%	2	1	93	93	0.007349160919077469	1	1	98	70	7	0	A
D8_BC44.191219_FM1-2_consensus_vsearch	3434	G	R	111	40	26.14%	2	1	93	93	4.606976887915118E-14	1	1	62	49	40	0	A
D8_BC44.191219_FM1-2_consensus_vsearch	3443	C	Y	160	15	8.33%	2	2	93	93	2.2314583551599593E-5	1	1	101	59	1	14	T
D8_BC44.191219_FM1-2_consensus_vsearch	3480	A	R	160	12	6.82%	2	1	93	93	2.0017842257399077E-4	1	1	91	69	12	0	G
D8_BC44.191219_FM1-2_consensus_vsearch	3513	G	R	146	27	15.25%	2	1	93	93	2.4804512249770917E-9	1	1	74	72	27	0	A
D8_BC44.191219_FM1-2_consensus_vsearch	3561	A	R	172	7	3.91%	2	1	93	93	0.007359395499810914	1	1	98	74	7	0	G
D8_BC44.191219_FM1-2_consensus_vsearch	3579	T	K	167	10	5.59%	2	1	93	93	8.569661506081246E-4	1	1	94	73	10	0	G
D8_BC44.191219_FM1-2_consensus_vsearch	3597	G	R	169	7	3.91%	2	1	93	93	0.007351762655103386	1	1	95	74	7	0	A
D8_BC44.191219_FM1-2_consensus_vsearch	3616	C	Y	166	9	4.97%	2	2	93	93	0.0017576940544006955	1	1	105	61	1	8	T
D8_BC44.191219_FM1-2_consensus_vsearch	3639	A	R	166	7	3.91%	2	1	93	93	0.007343868313612718	1	1	92	74	7	0	G
D8_BC44.191219_FM1-2_consensus_vsearch	3640	T	Y	168	8	4.49%	2	1	93	93	0.0036012982281518587	1	1	95	73	8	0	C
D8_BC44.191219_FM1-2_consensus_vsearch	3648	T	Y	169	8	4.49%	2	1	93	93	0.0036029884966937457	1	1	106	63	0	8	C
D8_BC44.191219_FM1-2_consensus_vsearch	3660	A	R	151	11	6.25%	2	1	93	93	4.096981551383751E-4	1	1	80	71	11	0	G
D8_BC44.191219_FM1-2_consensus_vsearch	3687	G	R	106	12	9.76%	2	1	93	93	1.81931593284272E-4	1	1	69	37	12	0	A
D8_BC44.191219_FM1-2_consensus_vsearch	3690	G	R	170	8	4.42%	2	1	93	93	0.003604660140070728	1	1	95	75	8	0	A
D8_BC44.191219_FM1-2_consensus_vsearch	3699	G	R	145	18	10.91%	2	1	93	93	2.3225097108378618E-6	1	1	85	60	18	0	A
D8_BC44.191219_FM1-2_consensus_vsearch	3727	G	R	154	19	10.67%	2	1	93	93	1.1312238573323024E-6	1	1	81	73	19	0	A
D8_BC44.191219_FM1-2_consensus_vsearch	3861	C	Y	148	7	3.87%	2	1	93	93	0.00729017238491925	1	1	83	65	0	7	+AC
D8_BC44.191219_FM1-2_consensus_vsearch	3865	G	R	163	7	4.07%	2	2	93	93	0.007335698806984051	1	1	99	64	3	4	A
D8_BC44.191219_FM1-2_consensus_vsearch	3866	G	R	112	8	4.49%	2	2	93	93	0.0034629730479968997	1	1	46	66	2	6	+A
D8_BC44.191219_FM1-2_consensus_vsearch	3872	A	R	65	15	8.52%	2	2	93	93	1.481239229081696E-5	1	1	50	15	13	2	+G
D8_BC44.191219_FM1-2_consensus_vsearch	3885	A	R	168	8	4.47%	2	1	93	93	0.0036012982281518587	1	1	94	74	8	0	G
D8_BC44.191219_FM1-2_consensus_vsearch	3892	G	R	166	8	4.6%	2	2	93	93	0.0035978605571022945	1	1	98	68	7	1	A
D8_BC44.191219_FM1-2_consensus_vsearch	3920	A	R	173	7	3.89%	2	1	93	93	0.007361883903780164	1	1	99	74	7	0	G
D8_BC44.191219_FM1-2_consensus_vsearch	3946	G	R	125	7	5%	2	2	93	93	0.007200592489692415	1	1	84	41	6	1	A
D8_BC44.191219_FM1-2_consensus_vsearch	3947	G	R	170	8	4.49%	2	1	93	93	0.003604660140070728	1	1	97	73	8	0	A
D8_BC44.191219_FM1-2_consensus_vsearch	3949	G	R	146	25	13.81%	2	2	93	93	1.1574069742614789E-8	1	1	72	74	24	1	A
D8_BC44.191219_FM1-2_consensus_vsearch	3955	G	R	158	7	4.17%	2	1	93	93	0.007321431252717009	1	1	95	63	7	0	A
D8_BC44.191219_FM1-2_consensus_vsearch	3958	T	Y	165	10	5.52%	2	2	93	93	8.556516511161876E-4	1	1	98	67	2	8	C
D8_BC44.191219_FM1-2_consensus_vsearch	3974	A	R	156	11	6.15%	2	2	93	93	4.119272376341463E-4	1	1	84	72	9	2	G
D8_BC44.191219_FM1-2_consensus_vsearch	3979	A	R	170	7	3.91%	2	1	93	93	0.007354335343249384	1	1	96	74	7	0	G
D8_BC44.191219_FM1-2_consensus_vsearch	4000	G	R	168	12	6.67%	2	1	93	93	2.0201205851976917E-4	1	1	93	75	12	0	A
D8_BC44.191219_FM1-2_consensus_vsearch	4014	T	Y	166	8	4.49%	2	2	93	93	0.0035978605571022945	1	1	100	66	2	6	C
D8_BC44.191219_FM1-2_consensus_vsearch	4067	C	Y	159	15	8.43%	2	2	93	93	2.2272702574322294E-5	1	1	99	60	2	13	T
D8_BC44.191219_FM1-2_consensus_vsearch	4204	A	R	165	9	5.08%	2	2	93	93	0.0017566025072910298	1	1	93	72	8	1	G
D8_BC44.191219_FM1-2_consensus_vsearch	4209	G	R	158	11	6.43%	2	2	93	93	4.127839426459288E-4	1	1	88	70	10	1	A
D8_BC44.191219_FM1-2_consensus_vsearch	4237	T	Y	165	10	5.65%	2	1	93	93	8.556516511161876E-4	1	1	101	64	0	10	C
D8_BC44.191219_FM1-2_consensus_vsearch	4250	G	R	161	9	5.23%	2	1	93	93	0.0017521117144003763	1	1	96	65	9	0	A
D8_BC44.191219_FM1-2_consensus_vsearch	4280	A	R	165	10	5.65%	2	2	93	93	8.556516511161876E-4	1	1	94	71	9	1	G
D8_BC44.191219_FM1-2_consensus_vsearch	4284	G	R	166	8	4.55%	2	2	93	93	0.0035978605571022945	1	1	96	70	6	2	A
D8_BC44.191219_FM1-2_consensus_vsearch	4291	C	Y	136	16	8.89%	2	2	93	93	1.0064478604649285E-5	1	1	98	38	1	15	T
D8_BC44.191219_FM1-2_consensus_vsearch	4294	C	Y	157	11	6.36%	2	1	93	93	4.1235800097779135E-4	1	1	97	60	0	11	T
D8_BC44.191219_FM1-2_consensus_vsearch	4296	G	R	172	7	3.91%	2	1	93	93	0.007359395499810914	1	1	97	75	7	0	A
D8_BC44.191219_FM1-2_consensus_vsearch	4306	A	R	167	7	3.91%	2	2	93	93	0.007346529640553612	1	1	96	71	6	1	G
D8_BC44.191219_FM1-2_consensus_vsearch	4314	T	W	159	15	8.47%	2	2	93	93	2.2272702574322294E-5	1	1	92	67	9	6	A
D8_BC44.191219_FM1-2_consensus_vsearch	4323	C	Y	171	7	3.89%	2	2	93	93	0.007356879467164792	1	1	101	70	3	4	T
D8_BC44.191219_FM1-2_consensus_vsearch	4332	G	R	160	10	5.68%	2	1	93	93	8.522356073059357E-4	1	1	87	73	10	0	A
D8_BC44.191219_FM1-2_consensus_vsearch	4340	C	Y	165	12	6.7%	2	2	93	93	2.013425963384007E-4	1	1	101	64	1	11	T
