Chrom	Position	Ref	Cons	Reads1	Reads2	VarFreq	Strands1	Strands2	Qual1	Qual2	Pvalue	MapQual1	MapQual2	Reads1Plus	Reads1Minus	Reads2Plus	Reads2Minus	VarAllele
E7_BC55.191219_FM1-2_consensus_vsearch	46	G	R	431	7	1.59%	2	2	93	93	0.007626072650234986	1	1	259	172	6	1	A
E7_BC55.191219_FM1-2_consensus_vsearch	56	T	Y	439	7	1.55%	2	1	93	93	0.00762940145447119	1	1	268	171	0	7	C
E7_BC55.191219_FM1-2_consensus_vsearch	59	A	R	435	7	1.56%	2	1	93	93	0.007627752045228881	1	1	256	179	7	0	G
E7_BC55.191219_FM1-2_consensus_vsearch	67	A	R	434	11	2.44%	2	2	93	93	4.5868081601559884E-4	1	1	252	182	10	1	G
E7_BC55.191219_FM1-2_consensus_vsearch	70	G	R	434	8	1.78%	2	2	93	93	0.0037834345948323136	1	1	255	179	5	3	A
E7_BC55.191219_FM1-2_consensus_vsearch	76	G	R	433	14	3.11%	2	1	93	93	5.504195157141449E-5	1	1	250	183	14	0	A
E7_BC55.191219_FM1-2_consensus_vsearch	89	A	R	434	13	2.9%	2	2	93	93	1.1173262519439844E-4	1	1	254	180	12	1	G
E7_BC55.191219_FM1-2_consensus_vsearch	110	A	R	434	7	1.56%	2	1	93	93	0.007627335039353406	1	1	257	177	7	0	G
E7_BC55.191219_FM1-2_consensus_vsearch	114	T	Y	437	7	1.56%	2	2	93	93	0.007628580447648388	1	1	261	176	2	5	C
E7_BC55.191219_FM1-2_consensus_vsearch	129	T	Y	436	8	1.79%	2	1	93	93	0.003783983718069795	1	1	263	173	0	8	C
E7_BC55.191219_FM1-2_consensus_vsearch	132	G	R	426	9	2.05%	2	2	93	93	0.001873189162106254	1	1	251	175	8	1	A
E7_BC55.191219_FM1-2_consensus_vsearch	134	T	Y	428	9	2.02%	2	2	93	93	0.0018735509751739627	1	1	263	165	1	8	C
E7_BC55.191219_FM1-2_consensus_vsearch	146	T	Y	434	7	1.57%	2	1	93	93	0.007627335039353406	1	1	262	172	0	7	C
E7_BC55.191219_FM1-2_consensus_vsearch	165	C	Y	441	7	1.56%	2	1	93	93	0.0076302151642897355	1	1	266	175	0	7	T
E7_BC55.191219_FM1-2_consensus_vsearch	166	C	Y	440	7	1.55%	2	1	93	93	0.007629809215418646	1	1	267	173	0	7	T
E7_BC55.191219_FM1-2_consensus_vsearch	169	C	Y	428	10	2.23%	2	1	93	93	9.271400825692105E-4	1	1	260	168	0	10	T
E7_BC55.191219_FM1-2_consensus_vsearch	173	C	Y	431	9	2.01%	2	2	93	93	0.0018740875957096264	1	1	260	171	2	7	T
E7_BC55.191219_FM1-2_consensus_vsearch	175	G	R	421	12	2.74%	2	2	93	93	2.259929805737435E-4	1	1	256	165	5	7	A
E7_BC55.191219_FM1-2_consensus_vsearch	178	T	Y	427	8	1.82%	2	2	93	93	0.0037814732031268648	1	1	265	162	2	6	C
E7_BC55.191219_FM1-2_consensus_vsearch	197	A	M	375	12	2.66%	2	2	93	93	2.2389647410688774E-4	1	1	229	146	11	1	+T
E7_BC55.191219_FM1-2_consensus_vsearch	197	A	R	375	9	2%	2	2	93	93	0.001862705653908663	1	1	229	146	8	1	+T
E7_BC55.191219_FM1-2_consensus_vsearch	197	A	W	375	7	1.55%	2	2	93	93	0.007598887968539548	1	1	229	146	4	3	+T
E7_BC55.191219_FM1-2_consensus_vsearch	198	C	S	382	49	10.89%	2	2	93	93	4.181572076623611E-16	1	1	237	145	14	35	G
E7_BC55.191219_FM1-2_consensus_vsearch	200	A	R	81	51	11.31%	2	2	93	93	1.0695072171967125E-18	1	1	70	11	13	38	+TGCG
E7_BC55.191219_FM1-2_consensus_vsearch	201	G	R	413	15	3.32%	2	2	93	93	2.693750469087132E-5	1	1	242	171	4	11	+T
E7_BC55.191219_FM1-2_consensus_vsearch	203	T	K	439	7	1.55%	2	2	93	93	0.00762940145447119	1	1	263	176	3	4	G
E7_BC55.191219_FM1-2_consensus_vsearch	207	C	Y	434	13	2.88%	2	2	93	93	1.1173262519439844E-4	1	1	263	171	1	12	T
E7_BC55.191219_FM1-2_consensus_vsearch	215	G	R	426	7	1.58%	2	2	93	93	0.007623929979105209	1	1	251	175	5	2	+A
E7_BC55.191219_FM1-2_consensus_vsearch	218	G	R	439	7	1.56%	2	1	93	93	0.00762940145447119	1	1	256	183	7	0	A
E7_BC55.191219_FM1-2_consensus_vsearch	224	T	Y	436	7	1.56%	2	2	93	93	0.007628167177128368	1	1	256	180	6	1	C
E7_BC55.191219_FM1-2_consensus_vsearch	229	A	R	396	15	3.55%	2	1	93	93	2.679633057231605E-5	1	1	225	171	15	0	G
E7_BC55.191219_FM1-2_consensus_vsearch	235	C	Y	374	41	9.09%	2	2	93	93	1.6087930482224605E-13	1	1	256	118	3	38	T
E7_BC55.191219_FM1-2_consensus_vsearch	243	A	R	431	8	1.79%	2	2	93	93	0.003782601599602771	1	1	255	176	5	3	G
E7_BC55.191219_FM1-2_consensus_vsearch	262	G	R	438	10	2.21%	2	1	93	93	9.282270587880905E-4	1	1	257	181	10	0	A
E7_BC55.191219_FM1-2_consensus_vsearch	264	T	Y	434	7	1.59%	2	2	93	93	0.007627335039353406	1	1	264	170	2	5	C
E7_BC55.191219_FM1-2_consensus_vsearch	269	T	Y	430	9	1.99%	2	2	93	93	0.0018739095280781474	1	1	260	170	1	8	C
E7_BC55.191219_FM1-2_consensus_vsearch	271	A	R	432	10	2.25%	2	2	93	93	9.275806861447792E-4	1	1	260	172	2	8	G
E7_BC55.191219_FM1-2_consensus_vsearch	283	T	Y	439	12	2.65%	2	2	93	93	2.266998039975627E-4	1	1	266	173	1	11	C
E7_BC55.191219_FM1-2_consensus_vsearch	293	T	Y	444	8	1.77%	2	2	93	93	0.0037861319732248877	1	1	266	178	1	7	C
E7_BC55.191219_FM1-2_consensus_vsearch	300	A	R	429	19	4.21%	2	2	93	93	1.5696112350960334E-6	1	1	248	181	18	1	G
E7_BC55.191219_FM1-2_consensus_vsearch	302	T	Y	431	8	1.78%	2	2	93	93	0.003782601599602771	1	1	257	174	2	6	C
E7_BC55.191219_FM1-2_consensus_vsearch	303	A	R	433	7	1.58%	2	2	93	93	0.0076269161468125015	1	1	255	178	5	2	G
E7_BC55.191219_FM1-2_consensus_vsearch	304	G	K	427	18	4.03%	2	1	93	93	3.201090232328667E-6	1	1	245	182	18	0	T
E7_BC55.191219_FM1-2_consensus_vsearch	306	G	R	432	11	2.47%	2	2	93	93	4.5854977422456113E-4	1	1	254	178	10	1	A
E7_BC55.191219_FM1-2_consensus_vsearch	312	C	S	424	8	1.83%	2	2	93	93	0.0037806132981311326	1	1	249	175	7	1	G
E7_BC55.191219_FM1-2_consensus_vsearch	315	A	R	381	7	1.78%	2	2	93	93	0.007602173974125566	1	1	266	115	3	4	G
E7_BC55.191219_FM1-2_consensus_vsearch	323	A	R	408	37	8.19%	2	1	93	93	3.3334952641250936E-12	1	1	224	184	37	0	G
E7_BC55.191219_FM1-2_consensus_vsearch	325	G	R	377	41	9.74%	2	1	93	93	1.6214621121874028E-13	1	1	222	155	41	0	A
E7_BC55.191219_FM1-2_consensus_vsearch	328	T	Y	440	12	2.65%	2	2	93	93	2.267374617732365E-4	1	1	266	174	1	11	C
E7_BC55.191219_FM1-2_consensus_vsearch	332	G	R	279	33	9.91%	2	1	93	93	4.765890048973629E-11	1	1	120	159	33	0	A
E7_BC55.191219_FM1-2_consensus_vsearch	334	G	R	446	7	1.55%	2	1	93	93	0.0076322181458369906	1	1	262	184	7	0	A
E7_BC55.191219_FM1-2_consensus_vsearch	340	A	W	402	10	2.21%	2	1	93	93	9.240709968804184E-4	1	1	238	164	0	10	-G
E7_BC55.191219_FM1-2_consensus_vsearch	341	G	K	407	9	2.12%	2	1	93	93	0.0018695804538677086	1	1	239	168	0	9	T
E7_BC55.191219_FM1-2_consensus_vsearch	357	G	R	332	95	21.74%	2	2	93	93	6.956056198403428E-32	1	1	186	146	64	31	A
E7_BC55.191219_FM1-2_consensus_vsearch	364	T	Y	411	20	4.52%	2	2	93	93	7.611138031103958E-7	1	1	259	152	2	18	C
E7_BC55.191219_FM1-2_consensus_vsearch	370	A	R	434	10	2.22%	2	2	93	93	9.277980556005647E-4	1	1	254	180	9	1	G
E7_BC55.191219_FM1-2_consensus_vsearch	372	G	R	416	24	5.42%	2	1	93	93	4.318319900019613E-8	1	1	237	179	24	0	A
E7_BC55.191219_FM1-2_consensus_vsearch	373	G	R	443	7	1.55%	2	2	93	93	0.00763102167395619	1	1	261	182	4	3	A
E7_BC55.191219_FM1-2_consensus_vsearch	384	C	M	386	7	1.54%	2	1	93	93	0.0076048360660226225	1	1	234	152	7	0	-A
E7_BC55.191219_FM1-2_consensus_vsearch	385	A	R	395	9	2.2%	2	2	93	93	0.0018671284895574335	1	1	251	144	2	7	G
E7_BC55.191219_FM1-2_consensus_vsearch	386	A	R	410	9	1.98%	2	2	93	93	0.0018701717553889113	1	1	241	169	4	5	-G
E7_BC55.191219_FM1-2_consensus_vsearch	387	G	K	378	23	5.37%	2	1	93	93	8.616540172478816E-8	1	1	241	137	0	23	T
E7_BC55.191219_FM1-2_consensus_vsearch	395	G	R	423	17	3.76%	2	1	93	93	6.517562209625466E-6	1	1	246	177	17	0	A
E7_BC55.191219_FM1-2_consensus_vsearch	408	T	K	424	14	3.16%	2	1	93	93	5.492334669373769E-5	1	1	249	175	14	0	G
E7_BC55.191219_FM1-2_consensus_vsearch	410	A	R	384	16	3.91%	2	2	93	93	1.309436672524504E-5	1	1	206	178	14	2	G
E7_BC55.191219_FM1-2_consensus_vsearch	412	C	S	404	40	8.93%	2	2	93	93	3.625955135725034E-13	1	1	225	179	38	2	G
E7_BC55.191219_FM1-2_consensus_vsearch	413	C	Y	422	11	2.44%	2	1	93	93	4.57876773436784E-4	1	1	262	160	0	11	-A
E7_BC55.191219_FM1-2_consensus_vsearch	416	T	Y	440	8	1.77%	2	1	93	93	0.0037850673649748043	1	1	266	174	0	8	C
E7_BC55.191219_FM1-2_consensus_vsearch	433	A	R	431	12	2.68%	2	1	93	93	2.2639257424578987E-4	1	1	247	184	12	0	G
E7_BC55.191219_FM1-2_consensus_vsearch	438	C	Y	425	8	1.77%	2	2	93	93	0.0037809012469126957	1	1	261	164	5	3	-AAT
E7_BC55.191219_FM1-2_consensus_vsearch	441	T	Y	428	7	1.59%	2	2	93	93	0.007624792930600719	1	1	265	163	2	5	C
E7_BC55.191219_FM1-2_consensus_vsearch	447	A	R	439	12	2.64%	2	1	93	93	2.266998039975627E-4	1	1	255	184	12	0	G
E7_BC55.191219_FM1-2_consensus_vsearch	448	C	Y	438	10	2.21%	2	1	93	93	9.282270587880905E-4	1	1	266	172	0	10	T
E7_BC55.191219_FM1-2_consensus_vsearch	456	G	R	419	20	4.54%	2	2	93	93	7.643203668866705E-7	1	1	245	174	19	1	A
E7_BC55.191219_FM1-2_consensus_vsearch	457	G	R	436	7	1.54%	2	2	93	93	0.007628167177128368	1	1	264	172	3	4	A
E7_BC55.191219_FM1-2_consensus_vsearch	465	G	R	403	23	5.35%	2	1	93	93	8.786841289852207E-8	1	1	242	161	23	0	A
E7_BC55.191219_FM1-2_consensus_vsearch	470	G	R	408	7	1.54%	2	1	93	93	0.007615790966496023	1	1	243	165	7	0	-TG
E7_BC55.191219_FM1-2_consensus_vsearch	470	G	K	408	7	1.54%	2	1	93	93	0.007615790966496023	1	1	243	165	7	0	-TG
E7_BC55.191219_FM1-2_consensus_vsearch	472	G	R	421	9	2.08%	2	2	93	93	0.0018722700711233777	1	1	258	163	8	1	A
E7_BC55.191219_FM1-2_consensus_vsearch	475	A	R	434	7	1.54%	2	1	93	93	0.007627335039353406	1	1	255	179	7	0	+T
E7_BC55.191219_FM1-2_consensus_vsearch	476	T	Y	430	16	3.56%	2	2	93	93	1.3306337519337772E-5	1	1	263	167	1	15	C
E7_BC55.191219_FM1-2_consensus_vsearch	479	G	R	437	8	1.76%	2	1	93	93	0.00378425644253265	1	1	266	171	0	8	A
E7_BC55.191219_FM1-2_consensus_vsearch	488	A	R	417	10	2.24%	2	2	93	93	9.258865234089794E-4	1	1	248	169	7	3	G
E7_BC55.191219_FM1-2_consensus_vsearch	500	A	R	437	9	1.99%	2	2	93	93	0.0018751394156906677	1	1	256	181	8	1	G
E7_BC55.191219_FM1-2_consensus_vsearch	501	C	S	423	8	1.77%	2	1	93	93	0.003780324023462628	1	1	257	166	8	0	-A
E7_BC55.191219_FM1-2_consensus_vsearch	504	A	R	442	11	2.43%	2	2	93	93	4.591936353588643E-4	1	1	258	184	10	1	G
E7_BC55.191219_FM1-2_consensus_vsearch	515	T	K	440	8	1.78%	2	2	93	93	0.0037850673649748043	1	1	258	182	7	1	G
E7_BC55.191219_FM1-2_consensus_vsearch	521	G	R	423	7	1.55%	2	1	93	93	0.007622620571895094	1	1	241	182	7	0	+A
E7_BC55.191219_FM1-2_consensus_vsearch	522	G	R	428	8	1.77%	2	1	93	93	0.0037817572285023734	1	1	245	183	8	0	A
E7_BC55.191219_FM1-2_consensus_vsearch	531	G	K	425	16	3.54%	2	2	93	93	1.328532663205171E-5	1	1	251	174	14	2	T
E7_BC55.191219_FM1-2_consensus_vsearch	532	T	W	400	9	2%	2	1	93	93	0.0018681674184966828	1	1	263	137	0	9	A
E7_BC55.191219_FM1-2_consensus_vsearch	532	T	Y	400	34	7.56%	2	2	93	93	2.971279450777966E-11	1	1	263	137	3	31	C
E7_BC55.191219_FM1-2_consensus_vsearch	533	G	R	427	10	2.24%	2	2	93	93	9.270286906046182E-4	1	1	253	174	8	2	A
E7_BC55.191219_FM1-2_consensus_vsearch	537	G	R	439	11	2.44%	2	1	93	93	4.5900342337653016E-4	1	1	255	184	11	0	A
E7_BC55.191219_FM1-2_consensus_vsearch	540	G	R	406	16	3.59%	2	2	93	93	1.3201193045766802E-5	1	1	225	181	15	1	-C
E7_BC55.191219_FM1-2_consensus_vsearch	543	G	R	420	18	3.99%	2	1	93	93	3.1919474369443897E-6	1	1	236	184	18	0	A
E7_BC55.191219_FM1-2_consensus_vsearch	544	C	Y	425	13	2.88%	2	2	93	93	1.115267016392494E-4	1	1	246	179	11	2	T
E7_BC55.191219_FM1-2_consensus_vsearch	545	G	R	424	13	2.91%	2	1	93	93	1.115033140535145E-4	1	1	243	181	13	0	A
E7_BC55.191219_FM1-2_consensus_vsearch	546	G	R	436	9	1.99%	2	1	93	93	0.0018749660605302289	1	1	252	184	9	0	A
E7_BC55.191219_FM1-2_consensus_vsearch	547	T	Y	437	10	2.21%	2	2	93	93	9.281205170584159E-4	1	1	255	182	8	2	C
E7_BC55.191219_FM1-2_consensus_vsearch	555	G	R	439	12	2.65%	2	1	93	93	2.266998039975627E-4	1	1	255	184	12	0	A
E7_BC55.191219_FM1-2_consensus_vsearch	563	A	R	442	9	1.99%	2	2	93	93	0.0018759947844450028	1	1	261	181	6	3	G
E7_BC55.191219_FM1-2_consensus_vsearch	573	A	R	433	7	1.59%	2	2	93	93	0.0076269161468125015	1	1	257	176	4	3	G
E7_BC55.191219_FM1-2_consensus_vsearch	574	A	R	441	7	1.55%	2	2	93	93	0.0076302151642897355	1	1	264	177	1	6	G
E7_BC55.191219_FM1-2_consensus_vsearch	575	A	R	441	7	1.54%	2	2	93	93	0.0076302151642897355	1	1	262	179	6	1	G
E7_BC55.191219_FM1-2_consensus_vsearch	579	G	R	422	8	1.77%	2	1	93	93	0.003780033413733114	1	1	240	182	8	0	A
E7_BC55.191219_FM1-2_consensus_vsearch	579	G	K	422	16	3.53%	2	1	93	93	1.327250199574337E-5	1	1	240	182	16	0	T
E7_BC55.191219_FM1-2_consensus_vsearch	580	T	Y	429	19	4.22%	2	2	93	93	1.5696112350960334E-6	1	1	265	164	1	18	C
E7_BC55.191219_FM1-2_consensus_vsearch	586	T	Y	433	7	1.59%	2	1	93	93	0.0076269161468125015	1	1	267	166	0	7	C
E7_BC55.191219_FM1-2_consensus_vsearch	601	T	Y	439	11	2.44%	2	2	93	93	4.5900342337653016E-4	1	1	266	173	1	10	C
E7_BC55.191219_FM1-2_consensus_vsearch	610	G	R	393	32	7.49%	2	1	93	93	1.269985114116753E-10	1	1	235	158	32	0	A
E7_BC55.191219_FM1-2_consensus_vsearch	612	G	S	429	10	2.2%	2	1	93	93	9.272509747675099E-4	1	1	268	161	0	10	+C
E7_BC55.191219_FM1-2_consensus_vsearch	616	G	R	440	7	1.56%	2	1	93	93	0.007629809215418646	1	1	261	179	7	0	A
E7_BC55.191219_FM1-2_consensus_vsearch	619	C	M	393	12	2.65%	2	1	93	93	2.247720086068572E-4	1	1	247	146	12	0	A
E7_BC55.191219_FM1-2_consensus_vsearch	620	T	K	393	11	2.65%	2	1	93	93	4.557407392548745E-4	1	1	242	151	11	0	G
E7_BC55.191219_FM1-2_consensus_vsearch	621	T	W	416	7	1.57%	2	2	93	93	0.007619493408432325	1	1	239	177	2	5	A
E7_BC55.191219_FM1-2_consensus_vsearch	621	T	Y	416	17	3.8%	2	2	93	93	6.500663914761803E-6	1	1	239	177	15	2	C
E7_BC55.191219_FM1-2_consensus_vsearch	622	G	R	425	9	2%	2	1	93	93	0.0018730070190884252	1	1	252	173	9	0	A
E7_BC55.191219_FM1-2_consensus_vsearch	624	G	R	409	34	7.66%	2	2	93	93	3.013789222051647E-11	1	1	233	176	33	1	A
E7_BC55.191219_FM1-2_consensus_vsearch	626	T	Y	416	10	2.23%	2	2	93	93	9.257694036262042E-4	1	1	251	165	2	8	C
E7_BC55.191219_FM1-2_consensus_vsearch	628	C	Y	423	19	4.22%	2	1	93	93	1.5653751377054059E-6	1	1	266	157	0	19	T
E7_BC55.191219_FM1-2_consensus_vsearch	629	G	R	434	8	1.78%	2	1	93	93	0.0037834345948323136	1	1	259	175	8	0	A
E7_BC55.191219_FM1-2_consensus_vsearch	630	T	Y	436	8	1.78%	2	2	93	93	0.003783983718069795	1	1	265	171	2	6	C
E7_BC55.191219_FM1-2_consensus_vsearch	632	T	Y	423	11	2.48%	2	2	93	93	4.5794544103178105E-4	1	1	260	163	1	10	C
E7_BC55.191219_FM1-2_consensus_vsearch	634	G	R	428	19	4.22%	2	2	93	93	1.5689124968621164E-6	1	1	248	180	16	3	A
E7_BC55.191219_FM1-2_consensus_vsearch	635	C	Y	411	23	5.09%	2	2	93	93	8.83772209012808E-8	1	1	241	170	16	7	T
E7_BC55.191219_FM1-2_consensus_vsearch	637	A	R	429	13	2.9%	2	1	93	93	1.1161922648910357E-4	1	1	245	184	13	0	G
E7_BC55.191219_FM1-2_consensus_vsearch	641	G	R	357	7	1.79%	2	2	93	93	0.0075883836321291274	1	1	184	173	5	2	+C
E7_BC55.191219_FM1-2_consensus_vsearch	641	G	K	357	11	2.81%	2	1	93	93	4.5263188566649625E-4	1	1	184	173	11	0	T
E7_BC55.191219_FM1-2_consensus_vsearch	642	C	Y	323	15	3.63%	2	2	93	93	2.6038080031327808E-5	1	1	160	163	10	5	-AC
E7_BC55.191219_FM1-2_consensus_vsearch	643	A	R	373	24	5.93%	2	1	93	93	4.1656989415852434E-8	1	1	191	182	24	0	G
E7_BC55.191219_FM1-2_consensus_vsearch	644	C	Y	400	8	1.92%	2	1	93	93	0.003773282523885913	1	1	227	173	0	8	T
E7_BC55.191219_FM1-2_consensus_vsearch	650	G	R	413	26	5.88%	2	2	93	93	1.0177208443050143E-8	1	1	238	175	24	2	A
E7_BC55.191219_FM1-2_consensus_vsearch	651	G	R	437	9	2%	2	2	93	93	0.0018751394156906677	1	1	257	180	7	2	A
E7_BC55.191219_FM1-2_consensus_vsearch	653	T	Y	413	9	2.01%	2	2	93	93	0.001870754746824021	1	1	244	169	7	2	-G
E7_BC55.191219_FM1-2_consensus_vsearch	654	G	R	408	21	4.86%	2	1	93	93	3.710748653386239E-7	1	1	235	173	21	0	A
E7_BC55.191219_FM1-2_consensus_vsearch	655	G	R	416	10	2.21%	2	2	93	93	9.257694036262042E-4	1	1	236	180	6	4	+A
E7_BC55.191219_FM1-2_consensus_vsearch	657	T	Y	438	8	1.78%	2	2	93	93	0.0037845279531252564	1	1	263	175	3	5	C
E7_BC55.191219_FM1-2_consensus_vsearch	660	T	Y	439	7	1.55%	2	2	93	93	0.00762940145447119	1	1	263	176	3	4	C
E7_BC55.191219_FM1-2_consensus_vsearch	667	T	Y	412	13	3.05%	2	2	93	93	1.11214354741109E-4	1	1	263	149	2	11	C
E7_BC55.191219_FM1-2_consensus_vsearch	668	T	W	422	9	2.03%	2	2	93	93	0.0018724555760242295	1	1	266	156	1	8	A
E7_BC55.191219_FM1-2_consensus_vsearch	668	T	Y	422	10	2.25%	2	2	93	93	9.264641146701706E-4	1	1	266	156	2	8	C
E7_BC55.191219_FM1-2_consensus_vsearch	669	G	R	427	12	2.7%	2	2	93	93	2.2623486621516718E-4	1	1	261	166	8	4	A
E7_BC55.191219_FM1-2_consensus_vsearch	676	C	Y	438	9	1.98%	2	1	93	93	0.001875312003649851	1	1	263	175	0	9	T
E7_BC55.191219_FM1-2_consensus_vsearch	677	G	R	434	12	2.66%	2	2	93	93	2.2650904494607855E-4	1	1	252	182	10	2	A
E7_BC55.191219_FM1-2_consensus_vsearch	678	C	Y	432	11	2.46%	2	2	93	93	4.5854977422456113E-4	1	1	260	172	1	10	T
E7_BC55.191219_FM1-2_consensus_vsearch	679	A	R	433	8	1.79%	2	2	93	93	0.003783158179516694	1	1	260	173	5	3	G
E7_BC55.191219_FM1-2_consensus_vsearch	684	C	Y	397	7	1.55%	2	1	93	93	0.00761046189928152	1	1	253	144	0	7	-T
E7_BC55.191219_FM1-2_consensus_vsearch	687	T	Y	443	7	1.54%	2	2	93	93	0.00763102167395619	1	1	263	180	4	3	C
E7_BC55.191219_FM1-2_consensus_vsearch	690	T	Y	418	8	1.78%	2	2	93	93	0.003778857437644956	1	1	248	170	4	4	-G
E7_BC55.191219_FM1-2_consensus_vsearch	691	G	R	417	16	3.69%	2	1	93	93	1.3250753783082343E-5	1	1	239	178	16	0	A
E7_BC55.191219_FM1-2_consensus_vsearch	692	G	R	376	11	2.46%	2	1	93	93	4.5434311102034934E-4	1	1	230	146	11	0	+A
E7_BC55.191219_FM1-2_consensus_vsearch	692	G	S	376	31	6.92%	2	2	93	93	2.57190760777169E-10	1	1	230	146	1	30	C
E7_BC55.191219_FM1-2_consensus_vsearch	700	G	R	271	59	16.86%	2	1	93	93	1.0043883071037802E-19	1	1	119	152	59	0	A
E7_BC55.191219_FM1-2_consensus_vsearch	700	G	S	271	8	2.29%	2	1	93	93	0.0037125295286029917	1	1	119	152	8	0	A
E7_BC55.191219_FM1-2_consensus_vsearch	702	G	R	439	14	3.08%	2	2	93	93	5.511849899446151E-5	1	1	258	181	11	3	A
E7_BC55.191219_FM1-2_consensus_vsearch	705	A	R	430	8	1.77%	2	2	93	93	0.0037823214180042796	1	1	249	181	6	2	-C
E7_BC55.191219_FM1-2_consensus_vsearch	708	A	R	399	9	2.03%	2	1	93	93	0.001867961645486525	1	1	234	165	9	0	-G
E7_BC55.191219_FM1-2_consensus_vsearch	712	A	R	444	8	1.76%	2	2	93	93	0.0037861319732248877	1	1	262	182	6	2	G
E7_BC55.191219_FM1-2_consensus_vsearch	718	C	S	408	7	1.64%	2	1	93	93	0.007615790966496023	1	1	231	177	7	0	G
E7_BC55.191219_FM1-2_consensus_vsearch	721	T	W	421	8	1.82%	2	2	93	93	0.0037797414596765903	1	1	244	177	7	1	A
E7_BC55.191219_FM1-2_consensus_vsearch	737	T	W	427	8	1.78%	2	1	93	93	0.0037814732031268648	1	1	266	161	0	8	A
E7_BC55.191219_FM1-2_consensus_vsearch	737	T	Y	427	11	2.44%	2	2	93	93	4.5821703849988575E-4	1	1	266	161	1	10	C
E7_BC55.191219_FM1-2_consensus_vsearch	738	T	Y	432	9	1.99%	2	1	93	93	0.001874264864679625	1	1	265	167	0	9	C
E7_BC55.191219_FM1-2_consensus_vsearch	743	G	R	440	7	1.56%	2	1	93	93	0.007629809215418646	1	1	255	185	7	0	A
E7_BC55.191219_FM1-2_consensus_vsearch	755	C	Y	424	16	3.6%	2	2	93	93	1.3281070163027198E-5	1	1	242	182	15	1	T
E7_BC55.191219_FM1-2_consensus_vsearch	756	C	Y	393	31	6.84%	2	2	93	93	2.636228268670054E-10	1	1	237	156	14	17	T
E7_BC55.191219_FM1-2_consensus_vsearch	767	G	R	443	8	1.77%	2	2	93	93	0.003785867578538486	1	1	260	183	7	1	A
E7_BC55.191219_FM1-2_consensus_vsearch	789	G	R	401	19	4.39%	2	2	93	93	1.548893503333059E-6	1	1	252	149	16	3	A
E7_BC55.191219_FM1-2_consensus_vsearch	801	T	Y	432	8	1.76%	2	2	93	93	0.0037828805172695963	1	1	252	180	5	3	C
E7_BC55.191219_FM1-2_consensus_vsearch	802	G	R	417	23	5.1%	2	1	93	93	8.874820513960091E-8	1	1	234	183	23	0	A
E7_BC55.191219_FM1-2_consensus_vsearch	803	T	Y	427	20	4.44%	2	2	93	93	7.67422341324127E-7	1	1	262	165	2	18	C
E7_BC55.191219_FM1-2_consensus_vsearch	805	G	R	414	36	7.98%	2	1	93	93	7.0200687625301906E-12	1	1	231	183	36	0	A
E7_BC55.191219_FM1-2_consensus_vsearch	818	G	R	437	7	1.56%	2	2	93	93	0.007628580447648388	1	1	255	182	6	1	A
E7_BC55.191219_FM1-2_consensus_vsearch	820	C	Y	432	9	1.98%	2	2	93	93	0.001874264864679625	1	1	263	169	2	7	T
E7_BC55.191219_FM1-2_consensus_vsearch	822	T	Y	414	9	2.02%	2	1	93	93	0.0018709472608215796	1	1	263	151	0	9	-A
E7_BC55.191219_FM1-2_consensus_vsearch	825	T	Y	430	17	3.77%	2	2	93	93	6.533963048407704E-6	1	1	261	169	1	16	C
E7_BC55.191219_FM1-2_consensus_vsearch	831	A	M	423	8	1.78%	2	2	93	93	0.003780324023462628	1	1	252	171	4	4	C
E7_BC55.191219_FM1-2_consensus_vsearch	834	G	R	367	9	2.37%	2	1	93	93	0.001860806485014851	1	1	249	118	9	0	A
E7_BC55.191219_FM1-2_consensus_vsearch	838	C	Y	425	13	2.91%	2	1	93	93	1.115267016392494E-4	1	1	265	160	0	13	T
E7_BC55.191219_FM1-2_consensus_vsearch	839	A	R	428	13	2.88%	2	2	93	93	1.1159624774972868E-4	1	1	253	175	12	1	G
E7_BC55.191219_FM1-2_consensus_vsearch	843	G	R	215	76	25.76%	2	2	93	93	4.665323627538082E-26	1	1	90	125	75	1	A
E7_BC55.191219_FM1-2_consensus_vsearch	844	G	R	368	75	16.93%	2	2	93	93	8.62079396808236E-25	1	1	196	172	71	4	A
E7_BC55.191219_FM1-2_consensus_vsearch	845	G	R	439	7	1.56%	2	2	93	93	0.00762940145447119	1	1	264	175	3	4	A
E7_BC55.191219_FM1-2_consensus_vsearch	846	G	R	444	8	1.77%	2	2	93	93	0.0037861319732248877	1	1	267	177	2	6	A
E7_BC55.191219_FM1-2_consensus_vsearch	848	C	Y	437	7	1.56%	2	2	93	93	0.007628580447648388	1	1	259	178	1	6	T
E7_BC55.191219_FM1-2_consensus_vsearch	852	A	R	422	9	2.01%	2	2	93	93	0.0018724555760242295	1	1	251	171	7	2	G
E7_BC55.191219_FM1-2_consensus_vsearch	854	T	Y	436	7	1.57%	2	1	93	93	0.007628167177128368	1	1	262	174	0	7	C
E7_BC55.191219_FM1-2_consensus_vsearch	859	G	R	436	15	3.32%	2	2	93	93	2.7112307341626823E-5	1	1	253	183	14	1	A
E7_BC55.191219_FM1-2_consensus_vsearch	869	G	R	384	11	2.69%	2	2	93	93	4.5501547153779163E-4	1	1	205	179	10	1	A
E7_BC55.191219_FM1-2_consensus_vsearch	870	G	K	431	13	2.88%	2	1	93	93	1.1166488301300728E-4	1	1	250	181	13	0	T
E7_BC55.191219_FM1-2_consensus_vsearch	889	C	Y	417	23	5.09%	2	1	93	93	8.874820513960091E-8	1	1	262	155	0	23	T
E7_BC55.191219_FM1-2_consensus_vsearch	894	A	R	414	12	2.72%	2	2	93	93	2.2570239286811238E-4	1	1	237	177	10	2	G
E7_BC55.191219_FM1-2_consensus_vsearch	896	T	Y	411	20	4.48%	2	2	93	93	7.611138031103958E-7	1	1	260	151	2	18	C
E7_BC55.191219_FM1-2_consensus_vsearch	898	A	R	435	14	3.09%	2	1	93	93	5.5067686315232855E-5	1	1	254	181	14	0	G
E7_BC55.191219_FM1-2_consensus_vsearch	900	T	Y	348	81	18.04%	2	2	93	93	6.3610782622967454E-27	1	1	253	95	1	80	C
E7_BC55.191219_FM1-2_consensus_vsearch	901	A	R	399	9	2.02%	2	2	93	93	0.001867961645486525	1	1	248	151	8	1	+T
E7_BC55.191219_FM1-2_consensus_vsearch	902	C	Y	383	23	5.18%	2	1	93	93	8.652050660456657E-8	1	1	253	130	0	23	-T
E7_BC55.191219_FM1-2_consensus_vsearch	903	T	Y	399	7	1.67%	2	2	93	93	0.007611452190916357	1	1	245	154	2	5	C
E7_BC55.191219_FM1-2_consensus_vsearch	910	G	R	368	8	2.12%	2	1	93	93	0.003762065284927124	1	1	186	182	8	0	A
E7_BC55.191219_FM1-2_consensus_vsearch	914	T	Y	446	7	1.54%	2	2	93	93	0.0076322181458369906	1	1	264	182	4	3	C
E7_BC55.191219_FM1-2_consensus_vsearch	916	G	R	416	12	2.67%	2	1	93	93	2.257863627265534E-4	1	1	234	182	12	0	-C
E7_BC55.191219_FM1-2_consensus_vsearch	921	G	K	436	8	1.79%	2	1	93	93	0.003783983718069795	1	1	261	175	0	8	T
E7_BC55.191219_FM1-2_consensus_vsearch	925	G	R	381	15	3.35%	2	1	93	93	2.6662200580606564E-5	1	1	204	177	15	0	-T
E7_BC55.191219_FM1-2_consensus_vsearch	926	T	Y	406	7	1.68%	2	1	93	93	0.007614843055105977	1	1	234	172	0	7	C
E7_BC55.191219_FM1-2_consensus_vsearch	931	A	R	435	9	2%	2	2	93	93	0.0018747919330438447	1	1	255	180	7	2	G
E7_BC55.191219_FM1-2_consensus_vsearch	932	T	K	436	7	1.55%	2	1	93	93	0.007628167177128368	1	1	256	180	7	0	G
E7_BC55.191219_FM1-2_consensus_vsearch	935	A	R	443	9	1.99%	2	1	93	93	0.001876163611738018	1	1	259	184	9	0	G
E7_BC55.191219_FM1-2_consensus_vsearch	947	G	R	421	7	1.61%	2	1	93	93	0.007621737484585097	1	1	241	180	7	0	+A
E7_BC55.191219_FM1-2_consensus_vsearch	949	T	W	429	12	2.7%	2	1	93	93	2.2631406886309665E-4	1	1	249	180	12	0	A
E7_BC55.191219_FM1-2_consensus_vsearch	951	A	R	130	30	6.65%	2	2	93	93	2.0780671613805463E-10	1	1	43	87	28	2	G
E7_BC55.191219_FM1-2_consensus_vsearch	974	C	Y	439	11	2.43%	2	2	93	93	4.5900342337653016E-4	1	1	266	173	3	8	T
E7_BC55.191219_FM1-2_consensus_vsearch	976	T	Y	435	14	3.11%	2	1	93	93	5.5067686315232855E-5	1	1	267	168	0	14	C
E7_BC55.191219_FM1-2_consensus_vsearch	984	T	Y	436	8	1.78%	2	2	93	93	0.003783983718069795	1	1	259	177	3	5	C
E7_BC55.191219_FM1-2_consensus_vsearch	985	T	Y	443	9	1.98%	2	2	93	93	0.001876163611738018	1	1	267	176	2	7	C
E7_BC55.191219_FM1-2_consensus_vsearch	988	C	Y	433	13	2.86%	2	1	93	93	1.1171014262094148E-4	1	1	263	170	0	13	T
E7_BC55.191219_FM1-2_consensus_vsearch	989	A	R	420	24	5.31%	2	1	93	93	4.3312211249447526E-8	1	1	241	179	24	0	G
E7_BC55.191219_FM1-2_consensus_vsearch	994	A	R	432	11	2.42%	2	1	93	93	4.5854977422456113E-4	1	1	250	182	11	0	G
E7_BC55.191219_FM1-2_consensus_vsearch	996	T	Y	432	10	2.22%	2	2	93	93	9.275806861447792E-4	1	1	262	170	1	9	C
E7_BC55.191219_FM1-2_consensus_vsearch	998	T	Y	435	8	1.78%	2	1	93	93	0.0037837097715777354	1	1	259	176	0	8	C
E7_BC55.191219_FM1-2_consensus_vsearch	999	G	R	417	19	4.19%	2	1	93	93	1.561031814887791E-6	1	1	234	183	19	0	A
E7_BC55.191219_FM1-2_consensus_vsearch	1001	C	Y	430	12	2.65%	2	2	93	93	2.263534081363424E-4	1	1	264	166	2	10	T
E7_BC55.191219_FM1-2_consensus_vsearch	1008	G	R	422	9	2.07%	2	1	93	93	0.0018724555760242295	1	1	258	164	9	0	A
E7_BC55.191219_FM1-2_consensus_vsearch	1013	G	R	395	18	4.27%	2	2	93	93	3.1569528703392574E-6	1	1	224	171	15	3	A
E7_BC55.191219_FM1-2_consensus_vsearch	1014	G	R	410	35	7.8%	2	2	93	93	1.4514987399430383E-11	1	1	232	178	34	1	A
E7_BC55.191219_FM1-2_consensus_vsearch	1020	T	Y	10	8	29.63%	2	2	93	93	0.001446051167964403	1	1	7	3	3	5	C
E7_BC55.191219_FM1-2_consensus_vsearch	1021	T	Y	423	10	2.23%	2	2	93	93	9.26578056881533E-4	1	1	252	171	9	1	-C
E7_BC55.191219_FM1-2_consensus_vsearch	1028	T	Y	435	7	1.55%	2	2	93	93	0.007627752045228881	1	1	258	177	4	3	C
E7_BC55.191219_FM1-2_consensus_vsearch	1044	C	Y	436	7	1.55%	2	2	93	93	0.007628167177128368	1	1	258	178	4	3	T
E7_BC55.191219_FM1-2_consensus_vsearch	1045	G	R	432	10	2.23%	2	1	93	93	9.275806861447792E-4	1	1	252	180	10	0	A
E7_BC55.191219_FM1-2_consensus_vsearch	1048	G	R	438	7	1.54%	2	1	93	93	0.007628991869306366	1	1	257	181	7	0	A
E7_BC55.191219_FM1-2_consensus_vsearch	1055	A	R	435	8	1.77%	2	2	93	93	0.0037837097715777354	1	1	261	174	5	3	G
E7_BC55.191219_FM1-2_consensus_vsearch	1061	G	R	442	10	2.21%	2	1	93	93	9.286485810021079E-4	1	1	258	184	10	0	A
E7_BC55.191219_FM1-2_consensus_vsearch	1071	T	Y	445	7	1.54%	2	2	93	93	0.007631821078608308	1	1	267	178	2	5	C
E7_BC55.191219_FM1-2_consensus_vsearch	1078	G	R	401	22	4.85%	2	2	93	93	1.8015659137743395E-7	1	1	226	175	21	1	A
E7_BC55.191219_FM1-2_consensus_vsearch	1094	C	Y	432	17	3.75%	2	1	93	93	6.538560687018435E-6	1	1	267	165	0	17	T
E7_BC55.191219_FM1-2_consensus_vsearch	1099	A	R	434	14	3.08%	2	2	93	93	5.5054846604229285E-5	1	1	254	180	13	1	G
E7_BC55.191219_FM1-2_consensus_vsearch	1109	A	R	431	9	2%	2	1	93	93	0.0018740875957096264	1	1	251	180	9	0	G
E7_BC55.191219_FM1-2_consensus_vsearch	1114	C	Y	408	23	5.11%	2	2	93	93	8.818834884570627E-8	1	1	258	150	2	21	T
E7_BC55.191219_FM1-2_consensus_vsearch	1115	G	K	431	16	3.58%	2	2	93	93	1.3310486209944137E-5	1	1	266	165	1	15	T
E7_BC55.191219_FM1-2_consensus_vsearch	1125	C	Y	434	15	3.31%	2	2	93	93	2.7097786818023924E-5	1	1	263	171	3	12	T
E7_BC55.191219_FM1-2_consensus_vsearch	1142	G	R	431	8	1.79%	2	2	93	93	0.003782601599602771	1	1	267	164	1	7	A
E7_BC55.191219_FM1-2_consensus_vsearch	1143	C	Y	411	15	3.39%	2	1	93	93	2.6921453674127367E-5	1	1	266	145	0	15	T
E7_BC55.191219_FM1-2_consensus_vsearch	1144	G	R	426	12	2.7%	2	1	93	93	2.2619500050778872E-4	1	1	248	178	12	0	A
E7_BC55.191219_FM1-2_consensus_vsearch	1146	C	Y	360	9	1.99%	2	1	93	93	0.0018590780544759323	1	1	195	165	0	9	-TT
E7_BC55.191219_FM1-2_consensus_vsearch	1151	T	K	431	9	2.01%	2	1	93	93	0.0018740875957096264	1	1	254	177	9	0	G
E7_BC55.191219_FM1-2_consensus_vsearch	1152	T	K	432	10	2.21%	2	1	93	93	9.275806861447792E-4	1	1	255	177	10	0	G
E7_BC55.191219_FM1-2_consensus_vsearch	1160	A	R	438	10	2.23%	2	2	93	93	9.282270587880905E-4	1	1	258	180	8	2	G
E7_BC55.191219_FM1-2_consensus_vsearch	1177	A	R	438	7	1.55%	2	1	93	93	0.007628991869306366	1	1	256	182	7	0	G
E7_BC55.191219_FM1-2_consensus_vsearch	1182	C	S	441	8	1.77%	2	1	93	93	0.0037853352821818676	1	1	256	185	8	0	G
E7_BC55.191219_FM1-2_consensus_vsearch	1188	T	Y	436	8	1.79%	2	1	93	93	0.003783983718069795	1	1	255	181	8	0	C
E7_BC55.191219_FM1-2_consensus_vsearch	1190	A	R	437	10	2.22%	2	2	93	93	9.281205170584159E-4	1	1	254	183	9	1	G
E7_BC55.191219_FM1-2_consensus_vsearch	1194	G	R	396	12	2.85%	2	2	93	93	2.249106249509881E-4	1	1	220	176	11	1	A
E7_BC55.191219_FM1-2_consensus_vsearch	1210	A	R	434	8	1.79%	2	2	93	93	0.0037834345948323136	1	1	252	182	6	2	G
E7_BC55.191219_FM1-2_consensus_vsearch	1219	T	Y	419	7	1.64%	2	2	93	93	0.007620846145152445	1	1	261	158	6	1	C
E7_BC55.191219_FM1-2_consensus_vsearch	1229	G	R	425	10	2.26%	2	2	93	93	9.268043937944601E-4	1	1	252	173	8	2	A
E7_BC55.191219_FM1-2_consensus_vsearch	1240	C	Y	427	7	1.59%	2	2	93	93	0.007624362444354587	1	1	265	162	1	6	T
E7_BC55.191219_FM1-2_consensus_vsearch	1245	C	Y	435	8	1.79%	2	2	93	93	0.0037837097715777354	1	1	263	172	1	7	T
E7_BC55.191219_FM1-2_consensus_vsearch	1246	C	Y	437	11	2.42%	2	2	93	93	4.588752277082112E-4	1	1	266	171	2	9	T
E7_BC55.191219_FM1-2_consensus_vsearch	1253	A	R	439	9	1.98%	2	2	93	93	0.0018754838294876201	1	1	260	179	8	1	G
E7_BC55.191219_FM1-2_consensus_vsearch	1255	T	Y	444	8	1.77%	2	1	93	93	0.0037861319732248877	1	1	268	176	0	8	C
E7_BC55.191219_FM1-2_consensus_vsearch	1259	T	Y	423	7	1.55%	2	2	93	93	0.007622620571895094	1	1	257	166	1	6	-G
E7_BC55.191219_FM1-2_consensus_vsearch	1274	G	R	437	11	2.46%	2	2	93	93	4.588752277082112E-4	1	1	258	179	9	2	A
E7_BC55.191219_FM1-2_consensus_vsearch	1292	A	R	441	9	1.99%	2	1	93	93	0.0018758252149176666	1	1	259	182	9	0	G
E7_BC55.191219_FM1-2_consensus_vsearch	1310	G	R	423	18	3.96%	2	1	93	93	3.195898836048293E-6	1	1	244	179	18	0	A
E7_BC55.191219_FM1-2_consensus_vsearch	1311	T	Y	438	8	1.79%	2	1	93	93	0.0037845279531252564	1	1	265	173	0	8	C
E7_BC55.191219_FM1-2_consensus_vsearch	1322	G	R	426	13	2.92%	2	1	93	93	1.1154998599717698E-4	1	1	254	172	13	0	A
E7_BC55.191219_FM1-2_consensus_vsearch	1331	C	Y	439	7	1.56%	2	2	93	93	0.00762940145447119	1	1	263	176	1	6	T
E7_BC55.191219_FM1-2_consensus_vsearch	1362	C	Y	412	7	1.65%	2	1	93	93	0.007617659773976637	1	1	240	172	0	7	T
E7_BC55.191219_FM1-2_consensus_vsearch	1371	C	Y	426	7	1.58%	2	1	93	93	0.007623929979105209	1	1	260	166	0	7	T
E7_BC55.191219_FM1-2_consensus_vsearch	1381	T	Y	427	11	2.43%	2	2	93	93	4.5821703849988575E-4	1	1	252	175	9	2	C
E7_BC55.191219_FM1-2_consensus_vsearch	1382	G	R	415	19	4.27%	2	2	93	93	1.5595595089671119E-6	1	1	238	177	17	2	A
E7_BC55.191219_FM1-2_consensus_vsearch	1384	G	R	361	66	15.07%	2	1	93	93	8.89658074633348E-22	1	1	189	172	66	0	A
E7_BC55.191219_FM1-2_consensus_vsearch	1389	T	Y	416	14	3.15%	2	2	93	93	5.4813912517372454E-5	1	1	256	160	1	13	C
E7_BC55.191219_FM1-2_consensus_vsearch	1391	A	R	433	12	2.67%	2	2	93	93	2.2647039152581312E-4	1	1	252	181	11	1	G
E7_BC55.191219_FM1-2_consensus_vsearch	1393	A	R	421	25	5.53%	2	2	93	93	2.1088316035967783E-8	1	1	239	182	24	1	G
E7_BC55.191219_FM1-2_consensus_vsearch	1396	T	Y	441	9	1.98%	2	2	93	93	0.0018758252149176666	1	1	265	176	3	6	C
E7_BC55.191219_FM1-2_consensus_vsearch	1420	G	R	434	7	1.55%	2	2	93	93	0.007627335039353406	1	1	255	179	3	4	+A
E7_BC55.191219_FM1-2_consensus_vsearch	1421	G	S	75	19	4.19%	2	2	93	93	6.941010995733757E-7	1	1	64	11	3	16	+C
E7_BC55.191219_FM1-2_consensus_vsearch	1423	G	R	384	8	2.02%	2	1	93	93	0.0037679008816766993	1	1	206	178	8	0	A
E7_BC55.191219_FM1-2_consensus_vsearch	1424	C	Y	405	10	2.36%	2	1	93	93	9.244444326593995E-4	1	1	232	173	0	10	T
E7_BC55.191219_FM1-2_consensus_vsearch	1427	G	R	432	12	2.7%	2	2	93	93	2.2643156833193682E-4	1	1	251	181	9	3	A
E7_BC55.191219_FM1-2_consensus_vsearch	1429	G	R	410	24	5.45%	2	1	93	93	4.298584353902719E-8	1	1	227	183	24	0	A
E7_BC55.191219_FM1-2_consensus_vsearch	1431	G	K	285	12	3.88%	2	1	93	93	2.1798634127364526E-4	1	1	147	138	12	0	T
E7_BC55.191219_FM1-2_consensus_vsearch	1433	T	Y	413	19	4.31%	2	1	93	93	1.5580746773809727E-6	1	1	258	155	0	19	C
E7_BC55.191219_FM1-2_consensus_vsearch	1434	A	R	388	36	8.05%	2	2	93	93	6.699892297472245E-12	1	1	212	176	34	2	G
E7_BC55.191219_FM1-2_consensus_vsearch	1434	A	W	388	21	4.7%	2	2	93	93	3.664357779622982E-7	1	1	212	176	20	1	G
E7_BC55.191219_FM1-2_consensus_vsearch	1436	A	R	413	13	3%	2	2	93	93	1.1123903648473621E-4	1	1	233	180	12	1	G
E7_BC55.191219_FM1-2_consensus_vsearch	1438	T	Y	415	17	3.82%	2	2	93	93	6.498207944661731E-6	1	1	253	162	3	14	C
E7_BC55.191219_FM1-2_consensus_vsearch	1440	A	R	430	10	2.23%	2	1	93	93	9.273613705492817E-4	1	1	249	181	10	0	G
E7_BC55.191219_FM1-2_consensus_vsearch	1442	A	R	423	7	1.56%	2	2	93	93	0.007622620571895094	1	1	261	162	4	3	-G
E7_BC55.191219_FM1-2_consensus_vsearch	1445	G	R	441	7	1.54%	2	2	93	93	0.0076302151642897355	1	1	257	184	6	1	A
E7_BC55.191219_FM1-2_consensus_vsearch	1450	C	Y	415	7	1.56%	2	2	93	93	0.007619038242851565	1	1	239	176	4	3	-G
E7_BC55.191219_FM1-2_consensus_vsearch	1454	T	Y	434	15	3.32%	2	1	93	93	2.7097786818023924E-5	1	1	266	168	0	15	C
E7_BC55.191219_FM1-2_consensus_vsearch	1463	T	W	383	13	3.19%	2	1	93	93	1.104462332935663E-4	1	1	240	143	13	0	A
E7_BC55.191219_FM1-2_consensus_vsearch	1463	T	Y	383	7	1.72%	2	2	93	93	0.007603246958909687	1	1	240	143	3	4	A
E7_BC55.191219_FM1-2_consensus_vsearch	1464	T	Y	411	11	2.48%	2	2	93	93	4.5710039589920393E-4	1	1	246	165	8	3	C
E7_BC55.191219_FM1-2_consensus_vsearch	1465	G	R	416	22	5%	2	1	93	93	1.8193798980659542E-7	1	1	240	176	22	0	A
E7_BC55.191219_FM1-2_consensus_vsearch	1478	G	R	364	40	9.9%	2	2	93	93	3.294676238937297E-13	1	1	229	135	39	1	A
E7_BC55.191219_FM1-2_consensus_vsearch	1481	T	Y	421	22	4.88%	2	2	93	93	1.8250798754561758E-7	1	1	260	161	4	18	C
E7_BC55.191219_FM1-2_consensus_vsearch	1489	T	Y	406	16	3.64%	2	2	93	93	1.3201193045766802E-5	1	1	234	172	13	3	C
E7_BC55.191219_FM1-2_consensus_vsearch	1507	G	R	438	12	2.65%	2	2	93	93	2.2666198297196754E-4	1	1	256	182	11	1	A
E7_BC55.191219_FM1-2_consensus_vsearch	1515	G	R	412	20	4.5%	2	1	93	93	7.615205227908607E-7	1	1	240	172	20	0	A
E7_BC55.191219_FM1-2_consensus_vsearch	1516	C	Y	432	9	2%	2	2	93	93	0.001874264864679625	1	1	259	173	1	8	T
E7_BC55.191219_FM1-2_consensus_vsearch	1519	T	Y	435	9	1.99%	2	2	93	93	0.0018747919330438447	1	1	261	174	3	6	C
E7_BC55.191219_FM1-2_consensus_vsearch	1520	G	R	429	14	3.11%	2	2	93	93	5.498981101612605E-5	1	1	249	180	12	2	A
E7_BC55.191219_FM1-2_consensus_vsearch	1524	T	Y	427	20	4.43%	2	1	93	93	7.67422341324127E-7	1	1	264	163	0	20	C
E7_BC55.191219_FM1-2_consensus_vsearch	1526	A	R	417	8	1.86%	2	2	93	93	0.003778560011928581	1	1	241	176	5	3	G
E7_BC55.191219_FM1-2_consensus_vsearch	1527	T	Y	416	7	1.57%	2	2	93	93	0.007619493408432325	1	1	239	177	4	3	C
E7_BC55.191219_FM1-2_consensus_vsearch	1527	T	K	416	21	4.7%	2	1	93	93	3.7282374960453956E-7	1	1	239	177	21	0	G
E7_BC55.191219_FM1-2_consensus_vsearch	1537	A	R	441	11	2.42%	2	2	93	93	4.5913050649285826E-4	1	1	259	182	10	1	G
E7_BC55.191219_FM1-2_consensus_vsearch	1540	A	R	388	9	2%	2	2	93	93	0.0018656305641170923	1	1	215	173	6	3	G
E7_BC55.191219_FM1-2_consensus_vsearch	1550	A	R	431	8	1.77%	2	1	93	93	0.003782601599602771	1	1	256	175	8	0	G
E7_BC55.191219_FM1-2_consensus_vsearch	1555	A	R	444	9	1.98%	2	2	93	93	0.0018763317016516773	1	1	261	183	8	1	G
E7_BC55.191219_FM1-2_consensus_vsearch	1560	A	R	432	7	1.58%	2	2	93	93	0.0076264953547406375	1	1	249	183	5	2	G
E7_BC55.191219_FM1-2_consensus_vsearch	1567	A	R	433	7	1.58%	2	1	93	93	0.0076269161468125015	1	1	259	174	7	0	G
E7_BC55.191219_FM1-2_consensus_vsearch	1575	T	Y	425	18	4.03%	2	2	93	93	3.198505438225124E-6	1	1	262	163	2	16	C
E7_BC55.191219_FM1-2_consensus_vsearch	1581	A	R	434	13	2.88%	2	2	93	93	1.1173262519439844E-4	1	1	256	178	12	1	G
E7_BC55.191219_FM1-2_consensus_vsearch	1583	G	R	432	13	2.87%	2	2	93	93	1.1168756210732632E-4	1	1	253	179	12	1	A
E7_BC55.191219_FM1-2_consensus_vsearch	1588	T	Y	421	14	3.19%	2	2	93	93	5.4882762612112586E-5	1	1	256	165	3	11	C
E7_BC55.191219_FM1-2_consensus_vsearch	1589	G	R	411	12	2.68%	2	2	93	93	2.2557498827275595E-4	1	1	236	175	11	1	-C
E7_BC55.191219_FM1-2_consensus_vsearch	1593	T	Y	360	7	1.83%	2	2	93	93	0.007590205510476451	1	1	251	109	3	4	C
E7_BC55.191219_FM1-2_consensus_vsearch	1593	T	K	360	7	1.83%	2	1	93	93	0.007590205510476451	1	1	251	109	7	0	C
E7_BC55.191219_FM1-2_consensus_vsearch	1594	T	Y	432	13	2.9%	2	2	93	93	1.1168756210732632E-4	1	1	251	181	11	2	C
E7_BC55.191219_FM1-2_consensus_vsearch	1597	T	Y	431	12	2.68%	2	2	93	93	2.2639257424578987E-4	1	1	254	177	10	2	C
E7_BC55.191219_FM1-2_consensus_vsearch	1631	C	Y	420	10	2.21%	2	2	93	93	9.262346650300045E-4	1	1	249	171	1	9	-T
E7_BC55.191219_FM1-2_consensus_vsearch	1633	T	W	417	9	2%	2	1	93	93	0.0018715194418685113	1	1	235	182	9	0	+G
E7_BC55.191219_FM1-2_consensus_vsearch	1634	A	R	432	8	1.77%	2	1	93	93	0.0037828805172695963	1	1	252	180	8	0	-G
E7_BC55.191219_FM1-2_consensus_vsearch	1642	C	Y	395	14	3.1%	2	2	93	93	5.450710372123273E-5	1	1	259	136	1	13	-T
E7_BC55.191219_FM1-2_consensus_vsearch	1646	G	R	374	22	5.38%	2	2	93	93	1.766523668811755E-7	1	1	246	128	21	1	A
E7_BC55.191219_FM1-2_consensus_vsearch	1646	G	K	374	11	2.69%	2	1	93	93	4.541707543665027E-4	1	1	246	128	0	11	A
E7_BC55.191219_FM1-2_consensus_vsearch	1651	G	R	429	8	1.82%	2	2	93	93	0.0037820399638697363	1	1	255	174	6	2	A
E7_BC55.191219_FM1-2_consensus_vsearch	1657	G	R	314	61	15.25%	2	1	93	93	3.0410780464824417E-20	1	1	182	132	61	0	A
E7_BC55.191219_FM1-2_consensus_vsearch	1657	G	K	314	13	3.25%	2	1	93	93	1.080938226209935E-4	1	1	182	132	0	13	A
E7_BC55.191219_FM1-2_consensus_vsearch	1658	G	R	432	16	3.56%	2	2	93	93	1.3314617335401616E-5	1	1	252	180	15	1	A
E7_BC55.191219_FM1-2_consensus_vsearch	1659	G	R	442	7	1.55%	2	2	93	93	0.007630619313173879	1	1	264	178	5	2	A
E7_BC55.191219_FM1-2_consensus_vsearch	1664	G	S	392	37	8.53%	2	2	93	93	3.2336021249646516E-12	1	1	230	162	17	20	C
E7_BC55.191219_FM1-2_consensus_vsearch	1668	A	R	423	19	4.2%	2	2	93	93	1.5653751377054059E-6	1	1	241	182	18	1	G
E7_BC55.191219_FM1-2_consensus_vsearch	1670	G	R	436	9	2.01%	2	2	93	93	0.0018749660605302289	1	1	256	180	8	1	A
E7_BC55.191219_FM1-2_consensus_vsearch	1677	T	Y	412	24	5.45%	2	2	93	93	4.305214828801112E-8	1	1	259	153	4	20	C
E7_BC55.191219_FM1-2_consensus_vsearch	1687	A	W	320	15	4.35%	2	1	93	93	2.6000267489939627E-5	1	1	153	167	0	15	T
E7_BC55.191219_FM1-2_consensus_vsearch	1690	T	Y	439	8	1.77%	2	1	93	93	0.003784798257927548	1	1	263	176	0	8	C
E7_BC55.191219_FM1-2_consensus_vsearch	1692	G	R	422	28	6.22%	2	2	93	93	2.4153286507551367E-9	1	1	242	180	26	2	A
E7_BC55.191219_FM1-2_consensus_vsearch	1698	A	R	435	14	3.08%	2	1	93	93	5.5067686315232855E-5	1	1	253	182	14	0	G
E7_BC55.191219_FM1-2_consensus_vsearch	1717	G	R	424	15	3.35%	2	1	93	93	2.7023288595668283E-5	1	1	243	181	15	0	A
E7_BC55.191219_FM1-2_consensus_vsearch	1719	A	R	364	9	2.39%	2	1	93	93	0.0018600735687751945	1	1	227	137	9	0	G
E7_BC55.191219_FM1-2_consensus_vsearch	1723	G	R	400	11	2.53%	2	1	93	93	4.5628334474193127E-4	1	1	218	182	11	0	+AA
E7_BC55.191219_FM1-2_consensus_vsearch	1726	G	R	425	9	2.04%	2	2	93	93	0.0018730070190884252	1	1	250	175	7	2	A
E7_BC55.191219_FM1-2_consensus_vsearch	1730	C	Y	369	16	3.62%	2	2	93	93	1.301495181198242E-5	1	1	212	157	2	14	T
E7_BC55.191219_FM1-2_consensus_vsearch	1732	A	R	430	7	1.57%	2	2	93	93	0.007625648020175149	1	1	256	174	4	3	G
E7_BC55.191219_FM1-2_consensus_vsearch	1741	T	Y	420	9	2.02%	2	1	93	93	0.0018720837112055043	1	1	253	167	0	9	C
E7_BC55.191219_FM1-2_consensus_vsearch	1753	C	Y	417	7	1.57%	2	1	93	93	0.007619946437356769	1	1	259	158	0	7	+G
E7_BC55.191219_FM1-2_consensus_vsearch	1763	A	R	435	10	2.24%	2	2	93	93	9.279060186061013E-4	1	1	252	183	8	2	G
E7_BC55.191219_FM1-2_consensus_vsearch	1777	A	R	434	11	2.46%	2	2	93	93	4.5868081601559884E-4	1	1	264	170	3	8	G
E7_BC55.191219_FM1-2_consensus_vsearch	1813	T	Y	430	9	2%	2	2	93	93	0.0018739095280781474	1	1	252	178	8	1	C
E7_BC55.191219_FM1-2_consensus_vsearch	1815	A	R	431	16	3.53%	2	2	93	93	1.3310486209944137E-5	1	1	251	180	14	2	G
E7_BC55.191219_FM1-2_consensus_vsearch	1817	A	R	435	7	1.56%	2	2	93	93	0.007627752045228881	1	1	255	180	6	1	G
E7_BC55.191219_FM1-2_consensus_vsearch	1820	A	R	397	48	10.6%	2	1	93	93	9.306515603100128E-16	1	1	217	180	48	0	G
E7_BC55.191219_FM1-2_consensus_vsearch	1832	T	Y	429	11	2.46%	2	1	93	93	4.5835102222652706E-4	1	1	264	165	0	11	C
E7_BC55.191219_FM1-2_consensus_vsearch	1833	G	S	426	8	1.77%	2	2	93	93	0.0037811878789100195	1	1	251	175	1	7	-TG
E7_BC55.191219_FM1-2_consensus_vsearch	1834	T	W	412	10	2.27%	2	2	93	93	9.25295461603329E-4	1	1	242	170	2	8	+A
E7_BC55.191219_FM1-2_consensus_vsearch	1863	G	R	441	7	1.56%	2	1	93	93	0.0076302151642897355	1	1	256	185	7	0	A
E7_BC55.191219_FM1-2_consensus_vsearch	1872	A	R	422	17	3.76%	2	2	93	93	6.515179143868675E-6	1	1	243	179	15	2	G
E7_BC55.191219_FM1-2_consensus_vsearch	1877	T	Y	439	8	1.79%	2	2	93	93	0.003784798257927548	1	1	257	182	6	2	C
E7_BC55.191219_FM1-2_consensus_vsearch	1886	C	Y	444	8	1.76%	2	2	93	93	0.0037861319732248877	1	1	264	180	3	5	T
E7_BC55.191219_FM1-2_consensus_vsearch	1906	A	R	446	7	1.54%	2	1	93	93	0.0076322181458369906	1	1	261	185	7	0	G
E7_BC55.191219_FM1-2_consensus_vsearch	1909	A	R	429	8	1.78%	2	1	93	93	0.0037820399638697363	1	1	254	175	8	0	-GA
E7_BC55.191219_FM1-2_consensus_vsearch	1915	T	Y	364	10	2.21%	2	1	93	93	9.188315219247524E-4	1	1	216	148	0	10	C
E7_BC55.191219_FM1-2_consensus_vsearch	1926	A	R	441	9	1.98%	2	1	93	93	0.0018758252149176666	1	1	258	183	9	0	G
E7_BC55.191219_FM1-2_consensus_vsearch	1929	A	R	442	10	2.2%	2	1	93	93	9.286485810021079E-4	1	1	258	184	10	0	G
E7_BC55.191219_FM1-2_consensus_vsearch	1931	C	Y	420	33	7.27%	2	1	93	93	6.359660263647235E-11	1	1	269	151	0	33	T
E7_BC55.191219_FM1-2_consensus_vsearch	1936	G	R	429	11	2.48%	2	1	93	93	4.5835102222652706E-4	1	1	247	182	11	0	A
E7_BC55.191219_FM1-2_consensus_vsearch	1939	A	R	441	8	1.77%	2	1	93	93	0.0037853352821818676	1	1	258	183	8	0	G
E7_BC55.191219_FM1-2_consensus_vsearch	1950	G	R	438	7	1.57%	2	1	93	93	0.007628991869306366	1	1	262	176	7	0	A
E7_BC55.191219_FM1-2_consensus_vsearch	1956	C	Y	423	10	2.3%	2	1	93	93	9.26578056881533E-4	1	1	242	181	10	0	T
E7_BC55.191219_FM1-2_consensus_vsearch	1972	G	R	427	9	1.99%	2	2	93	93	0.0018733704789343226	1	1	249	178	8	1	A
E7_BC55.191219_FM1-2_consensus_vsearch	1973	T	W	408	12	2.72%	2	1	93	93	2.2544581166138029E-4	1	1	251	157	0	12	A
E7_BC55.191219_FM1-2_consensus_vsearch	1973	T	Y	408	9	2.04%	2	2	93	93	0.0018697784886581234	1	1	251	157	3	6	A
E7_BC55.191219_FM1-2_consensus_vsearch	1974	A	R	411	10	2.28%	2	2	93	93	9.251755912194793E-4	1	1	238	173	9	1	G
E7_BC55.191219_FM1-2_consensus_vsearch	1976	C	Y	386	17	4.04%	2	2	93	93	6.422035363153751E-6	1	1	229	157	3	14	T
E7_BC55.191219_FM1-2_consensus_vsearch	1980	T	K	429	11	2.48%	2	1	93	93	4.5835102222652706E-4	1	1	247	182	11	0	G
E7_BC55.191219_FM1-2_consensus_vsearch	1982	G	R	439	9	1.99%	2	2	93	93	0.0018754838294876201	1	1	262	177	4	5	A
E7_BC55.191219_FM1-2_consensus_vsearch	1983	C	Y	431	16	3.55%	2	2	93	93	1.3310486209944137E-5	1	1	266	165	1	15	T
E7_BC55.191219_FM1-2_consensus_vsearch	1989	G	R	426	12	2.71%	2	1	93	93	2.2619500050778872E-4	1	1	247	179	12	0	A
E7_BC55.191219_FM1-2_consensus_vsearch	1990	T	Y	418	9	2.02%	2	2	93	93	0.0018717084025872061	1	1	259	159	2	7	-A
E7_BC55.191219_FM1-2_consensus_vsearch	1993	T	Y	430	20	4.41%	2	2	93	93	7.685596503616361E-7	1	1	264	166	3	17	C
E7_BC55.191219_FM1-2_consensus_vsearch	1999	T	K	402	40	8.91%	2	1	93	93	3.61018439595374E-13	1	1	221	181	40	0	G
E7_BC55.191219_FM1-2_consensus_vsearch	2003	A	R	423	10	2.22%	2	2	93	93	9.26578056881533E-4	1	1	250	173	4	6	G
E7_BC55.191219_FM1-2_consensus_vsearch	2010	A	R	438	8	1.77%	2	1	93	93	0.0037845279531252564	1	1	258	180	8	0	G
E7_BC55.191219_FM1-2_consensus_vsearch	2012	T	Y	432	8	1.79%	2	2	93	93	0.0037828805172695963	1	1	259	173	5	3	C
E7_BC55.191219_FM1-2_consensus_vsearch	2033	G	R	434	12	2.67%	2	2	93	93	2.2650904494607855E-4	1	1	251	183	11	1	A
E7_BC55.191219_FM1-2_consensus_vsearch	2039	T	Y	433	7	1.56%	2	2	93	93	0.0076269161468125015	1	1	253	180	4	3	-GC
E7_BC55.191219_FM1-2_consensus_vsearch	2044	C	Y	442	7	1.54%	2	1	93	93	0.007630619313173879	1	1	269	173	0	7	T
E7_BC55.191219_FM1-2_consensus_vsearch	2062	T	Y	438	7	1.56%	2	2	93	93	0.007628991869306366	1	1	264	174	3	4	C
E7_BC55.191219_FM1-2_consensus_vsearch	2063	A	R	439	9	1.98%	2	2	93	93	0.0018754838294876201	1	1	263	176	2	7	G
E7_BC55.191219_FM1-2_consensus_vsearch	2068	C	Y	413	25	5.51%	2	2	93	93	2.0951670902732397E-8	1	1	249	164	7	18	T
E7_BC55.191219_FM1-2_consensus_vsearch	2069	G	R	409	32	7.08%	2	1	93	93	1.2992947576298126E-10	1	1	228	181	32	0	A
E7_BC55.191219_FM1-2_consensus_vsearch	2070	G	R	356	40	8.81%	2	1	93	93	3.224242806421905E-13	1	1	174	182	40	0	-T
E7_BC55.191219_FM1-2_consensus_vsearch	2071	T	W	374	14	3.38%	2	1	93	93	5.41685018001133E-5	1	1	198	176	14	0	A
E7_BC55.191219_FM1-2_consensus_vsearch	2071	T	Y	374	18	4.35%	2	2	93	93	3.1243787131250986E-6	1	1	198	176	11	7	C
E7_BC55.191219_FM1-2_consensus_vsearch	2072	T	W	369	8	1.76%	2	1	93	93	0.0037624443929833353	1	1	192	177	8	0	-G
E7_BC55.191219_FM1-2_consensus_vsearch	2072	T	Y	369	18	3.96%	2	2	93	93	3.116143495392193E-6	1	1	192	177	17	1	C
E7_BC55.191219_FM1-2_consensus_vsearch	2076	T	Y	415	8	1.86%	2	2	93	93	0.003777960974854116	1	1	264	151	1	7	C
E7_BC55.191219_FM1-2_consensus_vsearch	2077	G	R	440	7	1.55%	2	1	93	93	0.007629809215418646	1	1	260	180	7	0	A
E7_BC55.191219_FM1-2_consensus_vsearch	2078	T	Y	443	7	1.55%	2	2	93	93	0.00763102167395619	1	1	263	180	4	3	C
E7_BC55.191219_FM1-2_consensus_vsearch	2080	A	R	423	16	3.53%	2	2	93	93	1.3276795323882159E-5	1	1	255	168	7	9	G
E7_BC55.191219_FM1-2_consensus_vsearch	2081	T	Y	420	13	2.9%	2	2	93	93	1.1140871758939428E-4	1	1	252	168	4	9	C
E7_BC55.191219_FM1-2_consensus_vsearch	2098	A	R	443	8	1.76%	2	2	93	93	0.003785867578538486	1	1	264	179	4	4	G
E7_BC55.191219_FM1-2_consensus_vsearch	2109	A	R	430	15	3.32%	2	2	93	93	2.7068371529022044E-5	1	1	255	175	9	6	G
E7_BC55.191219_FM1-2_consensus_vsearch	2110	A	R	419	8	1.77%	2	2	93	93	0.0037791534811211507	1	1	243	176	3	5	-G
E7_BC55.191219_FM1-2_consensus_vsearch	2121	A	R	438	10	2.21%	2	1	93	93	9.282270587880905E-4	1	1	255	183	10	0	G
E7_BC55.191219_FM1-2_consensus_vsearch	2129	T	Y	400	36	8.2%	2	2	93	93	6.850753315211813E-12	1	1	260	140	1	35	C
E7_BC55.191219_FM1-2_consensus_vsearch	2133	G	R	435	7	1.57%	2	1	93	93	0.007627752045228881	1	1	255	180	7	0	A
E7_BC55.191219_FM1-2_consensus_vsearch	2135	C	Y	384	8	1.86%	2	2	93	93	0.0037679008816766993	1	1	240	144	2	6	+T
E7_BC55.191219_FM1-2_consensus_vsearch	2138	A	R	422	13	2.92%	2	2	93	93	1.1145622644220473E-4	1	1	244	178	9	4	G
E7_BC55.191219_FM1-2_consensus_vsearch	2145	C	Y	436	10	2.22%	2	1	93	93	9.280135047051926E-4	1	1	265	171	0	10	T
E7_BC55.191219_FM1-2_consensus_vsearch	2151	C	S	415	10	2.28%	2	1	93	93	9.256517413502841E-4	1	1	254	161	0	10	G
E7_BC55.191219_FM1-2_consensus_vsearch	2151	C	Y	415	8	1.82%	2	2	93	93	0.003777960974854116	1	1	254	161	1	7	G
E7_BC55.191219_FM1-2_consensus_vsearch	2157	T	Y	432	17	3.78%	2	2	93	93	6.538560687018435E-6	1	1	265	167	2	15	C
E7_BC55.191219_FM1-2_consensus_vsearch	2160	C	S	422	11	2.43%	2	2	93	93	4.57876773436784E-4	1	1	255	167	1	10	G
E7_BC55.191219_FM1-2_consensus_vsearch	2171	C	Y	417	13	2.91%	2	2	93	93	1.113366520436279E-4	1	1	266	151	1	12	T
E7_BC55.191219_FM1-2_consensus_vsearch	2173	T	Y	416	28	6.22%	2	2	93	93	2.4007727406292404E-9	1	1	262	154	1	27	C
E7_BC55.191219_FM1-2_consensus_vsearch	2175	G	R	427	9	2.06%	2	1	93	93	0.0018733704789343226	1	1	258	169	9	0	A
E7_BC55.191219_FM1-2_consensus_vsearch	2187	T	W	422	10	2.23%	2	2	93	93	9.264641146701706E-4	1	1	256	166	9	1	A
E7_BC55.191219_FM1-2_consensus_vsearch	2187	T	Y	422	13	2.9%	2	2	93	93	1.1145622644220473E-4	1	1	256	166	3	10	C
E7_BC55.191219_FM1-2_consensus_vsearch	2189	A	R	427	7	1.59%	2	2	93	93	0.007624362444354587	1	1	244	183	6	1	G
E7_BC55.191219_FM1-2_consensus_vsearch	2190	G	R	439	7	1.55%	2	2	93	93	0.00762940145447119	1	1	260	179	6	1	A
E7_BC55.191219_FM1-2_consensus_vsearch	2195	G	R	427	14	3.09%	2	1	93	93	5.4963399351985964E-5	1	1	249	178	14	0	A
E7_BC55.191219_FM1-2_consensus_vsearch	2196	T	Y	407	39	8.69%	2	2	93	93	7.632245049160908E-13	1	1	262	145	2	37	C
E7_BC55.191219_FM1-2_consensus_vsearch	2198	G	R	423	21	4.72%	2	1	93	93	3.743075088511932E-7	1	1	246	177	21	0	A
E7_BC55.191219_FM1-2_consensus_vsearch	2218	C	Y	438	10	2.22%	2	2	93	93	9.282270587880905E-4	1	1	265	173	2	8	T
E7_BC55.191219_FM1-2_consensus_vsearch	2219	T	Y	418	8	1.77%	2	2	93	93	0.003778857437644956	1	1	246	172	1	7	-A
E7_BC55.191219_FM1-2_consensus_vsearch	2226	G	R	434	7	1.57%	2	2	93	93	0.007627335039353406	1	1	251	183	6	1	A
E7_BC55.191219_FM1-2_consensus_vsearch	2243	C	S	429	13	2.9%	2	1	93	93	1.1161922648910357E-4	1	1	247	182	13	0	G
E7_BC55.191219_FM1-2_consensus_vsearch	2245	T	W	370	13	3.34%	2	1	93	93	1.1006549462483286E-4	1	1	227	143	13	0	A
E7_BC55.191219_FM1-2_consensus_vsearch	2246	T	Y	400	9	2.08%	2	2	93	93	0.0018681674184966828	1	1	233	167	7	2	-G
E7_BC55.191219_FM1-2_consensus_vsearch	2247	G	R	353	78	18.01%	2	2	93	93	7.153255618483304E-26	1	1	186	167	77	1	A
E7_BC55.191219_FM1-2_consensus_vsearch	2248	G	R	432	7	1.56%	2	2	93	93	0.0076264953547406375	1	1	255	177	6	1	+A
E7_BC55.191219_FM1-2_consensus_vsearch	2269	T	Y	435	16	3.54%	2	2	93	93	1.3326906427219542E-5	1	1	267	168	1	15	C
E7_BC55.191219_FM1-2_consensus_vsearch	2291	G	R	305	106	25.54%	2	1	93	93	5.074523328583026E-36	1	1	149	156	106	0	A
E7_BC55.191219_FM1-2_consensus_vsearch	2294	T	Y	430	17	3.78%	2	2	93	93	6.533963048407704E-6	1	1	264	166	1	16	C
E7_BC55.191219_FM1-2_consensus_vsearch	2296	G	R	437	8	1.79%	2	2	93	93	0.00378425644253265	1	1	260	177	6	2	A
E7_BC55.191219_FM1-2_consensus_vsearch	2298	C	Y	413	21	4.67%	2	1	93	93	3.721746994729156E-7	1	1	266	147	0	21	T
E7_BC55.191219_FM1-2_consensus_vsearch	2300	C	Y	410	13	2.95%	2	1	93	93	1.111646524937665E-4	1	1	260	150	0	13	T
E7_BC55.191219_FM1-2_consensus_vsearch	2302	C	Y	414	9	2%	2	2	93	93	0.0018709472608215796	1	1	263	151	1	8	-T
E7_BC55.191219_FM1-2_consensus_vsearch	2304	C	Y	325	7	2.1%	2	1	93	93	0.007566914229586403	1	1	151	174	0	7	T
E7_BC55.191219_FM1-2_consensus_vsearch	2306	T	Y	426	8	1.8%	2	1	93	93	0.0037811878789100195	1	1	261	165	0	8	C
E7_BC55.191219_FM1-2_consensus_vsearch	2311	G	R	433	11	2.43%	2	2	93	93	4.5861543978572406E-4	1	1	258	175	10	1	A
E7_BC55.191219_FM1-2_consensus_vsearch	2314	T	Y	424	9	2.06%	2	2	93	93	0.0018728240442215458	1	1	258	166	2	7	C
E7_BC55.191219_FM1-2_consensus_vsearch	2321	A	R	397	50	11.16%	2	1	93	93	2.080501229628753E-16	1	1	214	183	50	0	G
E7_BC55.191219_FM1-2_consensus_vsearch	2327	T	Y	403	14	3.29%	2	2	93	93	5.462748206575491E-5	1	1	231	172	13	1	C
E7_BC55.191219_FM1-2_consensus_vsearch	2329	A	R	416	27	5.97%	2	2	93	93	4.952291676590337E-9	1	1	233	183	25	2	G
E7_BC55.191219_FM1-2_consensus_vsearch	2338	C	Y	385	10	2.42%	2	2	93	93	9.218495267512253E-4	1	1	226	159	2	8	T
E7_BC55.191219_FM1-2_consensus_vsearch	2339	C	Y	431	15	3.33%	2	2	93	93	2.70757726321695E-5	1	1	264	167	2	13	T
E7_BC55.191219_FM1-2_consensus_vsearch	2343	A	R	433	7	1.55%	2	2	93	93	0.0076269161468125015	1	1	261	172	5	2	+C
E7_BC55.191219_FM1-2_consensus_vsearch	2347	G	R	354	54	13.01%	2	1	93	93	8.485176293770742E-18	1	1	201	153	54	0	A
E7_BC55.191219_FM1-2_consensus_vsearch	2350	T	Y	432	13	2.9%	2	2	93	93	1.1168756210732632E-4	1	1	262	170	1	12	C
E7_BC55.191219_FM1-2_consensus_vsearch	2355	C	Y	431	7	1.55%	2	2	93	93	0.007626072650234986	1	1	255	176	2	5	-T
E7_BC55.191219_FM1-2_consensus_vsearch	2357	A	R	400	9	2%	2	2	93	93	0.0018681674184966828	1	1	229	171	5	4	-C
E7_BC55.191219_FM1-2_consensus_vsearch	2360	C	Y	434	7	1.54%	2	1	93	93	0.007627335039353406	1	1	258	176	0	7	T
E7_BC55.191219_FM1-2_consensus_vsearch	2363	T	Y	431	14	3.11%	2	2	93	93	5.501599410545798E-5	1	1	262	169	3	11	C
E7_BC55.191219_FM1-2_consensus_vsearch	2365	A	R	443	7	1.55%	2	1	93	93	0.00763102167395619	1	1	259	184	7	0	G
E7_BC55.191219_FM1-2_consensus_vsearch	2368	T	Y	372	7	1.84%	2	2	93	93	0.007597206160798333	1	1	193	179	5	2	C
E7_BC55.191219_FM1-2_consensus_vsearch	2372	G	R	404	22	5.15%	2	1	93	93	1.8052173937079276E-7	1	1	231	173	22	0	A
E7_BC55.191219_FM1-2_consensus_vsearch	2398	A	R	391	33	7.37%	2	1	93	93	6.091852997550975E-11	1	1	216	175	33	0	G
E7_BC55.191219_FM1-2_consensus_vsearch	2401	A	W	434	7	1.58%	2	2	93	93	0.007627335039353406	1	1	250	184	6	1	T
E7_BC55.191219_FM1-2_consensus_vsearch	2402	A	R	415	18	4%	2	1	93	93	3.1852487497487506E-6	1	1	236	179	18	0	G
E7_BC55.191219_FM1-2_consensus_vsearch	2406	G	R	427	12	2.7%	2	1	93	93	2.2623486621516718E-4	1	1	244	183	12	0	A
E7_BC55.191219_FM1-2_consensus_vsearch	2409	T	Y	440	7	1.56%	2	2	93	93	0.007629809215418646	1	1	266	174	2	5	C
E7_BC55.191219_FM1-2_consensus_vsearch	2426	A	R	430	7	1.56%	2	2	93	93	0.007625648020175149	1	1	247	183	6	1	+G
E7_BC55.191219_FM1-2_consensus_vsearch	2431	A	R	433	14	3.1%	2	2	93	93	5.504195157141449E-5	1	1	251	182	13	1	G
E7_BC55.191219_FM1-2_consensus_vsearch	2434	G	R	354	16	4.27%	2	1	93	93	1.2929501699313486E-5	1	1	247	107	16	0	A
E7_BC55.191219_FM1-2_consensus_vsearch	2461	G	R	434	7	1.57%	2	2	93	93	0.007627335039353406	1	1	255	179	6	1	A
E7_BC55.191219_FM1-2_consensus_vsearch	2468	G	R	435	10	2.25%	2	2	93	93	9.279060186061013E-4	1	1	260	175	8	2	A
E7_BC55.191219_FM1-2_consensus_vsearch	2470	C	Y	430	11	2.47%	2	1	93	93	4.584175673957473E-4	1	1	262	168	0	11	T
E7_BC55.191219_FM1-2_consensus_vsearch	2472	G	R	445	7	1.55%	2	1	93	93	0.007631821078608308	1	1	262	183	7	0	A
E7_BC55.191219_FM1-2_consensus_vsearch	2477	A	R	431	9	2.01%	2	1	93	93	0.0018740875957096264	1	1	246	185	9	0	G
E7_BC55.191219_FM1-2_consensus_vsearch	2481	G	R	431	18	4%	2	1	93	93	3.2061954787653915E-6	1	1	247	184	18	0	A
E7_BC55.191219_FM1-2_consensus_vsearch	2486	T	K	436	8	1.8%	2	1	93	93	0.003783983718069795	1	1	256	180	8	0	G
E7_BC55.191219_FM1-2_consensus_vsearch	2505	G	R	408	12	2.67%	2	2	93	93	2.2544581166138029E-4	1	1	230	178	11	1	-C
E7_BC55.191219_FM1-2_consensus_vsearch	2507	C	Y	431	8	1.77%	2	2	93	93	0.003782601599602771	1	1	265	166	2	6	-G
E7_BC55.191219_FM1-2_consensus_vsearch	2508	G	K	432	7	1.59%	2	2	93	93	0.0076264953547406375	1	1	266	166	1	6	T
E7_BC55.191219_FM1-2_consensus_vsearch	2513	T	Y	440	7	1.56%	2	2	93	93	0.007629809215418646	1	1	264	176	3	4	C
E7_BC55.191219_FM1-2_consensus_vsearch	2517	A	R	400	10	2.26%	2	2	93	93	9.238190531010586E-4	1	1	234	166	6	4	G
E7_BC55.191219_FM1-2_consensus_vsearch	2517	A	W	400	14	3.16%	2	1	93	93	5.4582863522470956E-5	1	1	234	166	14	0	T
E7_BC55.191219_FM1-2_consensus_vsearch	2518	C	S	383	20	4.56%	2	1	93	93	7.489865143008543E-7	1	1	227	156	20	0	G
E7_BC55.191219_FM1-2_consensus_vsearch	2518	C	Y	383	8	1.82%	2	1	93	93	0.0037675500295774327	1	1	227	156	8	0	G
E7_BC55.191219_FM1-2_consensus_vsearch	2519	A	R	388	10	2.36%	2	1	93	93	9.222551090526941E-4	1	1	230	158	10	0	+G
E7_BC55.191219_FM1-2_consensus_vsearch	2520	A	R	403	8	1.82%	2	1	93	93	0.0037742453123195243	1	1	235	168	8	0	-G
E7_BC55.191219_FM1-2_consensus_vsearch	2547	G	K	413	7	1.61%	2	1	93	93	0.007618121440992818	1	1	235	178	7	0	T
E7_BC55.191219_FM1-2_consensus_vsearch	2548	G	K	436	7	1.54%	2	1	93	93	0.007628167177128368	1	1	258	178	7	0	T
E7_BC55.191219_FM1-2_consensus_vsearch	2558	C	Y	432	14	3.08%	2	1	93	93	5.50290008587801E-5	1	1	268	164	0	14	T
E7_BC55.191219_FM1-2_consensus_vsearch	2577	C	Y	440	7	1.54%	2	2	93	93	0.007629809215418646	1	1	261	179	5	2	T
E7_BC55.191219_FM1-2_consensus_vsearch	2578	G	R	435	7	1.56%	2	2	93	93	0.007627752045228881	1	1	256	179	6	1	A
E7_BC55.191219_FM1-2_consensus_vsearch	2579	G	K	442	10	2.21%	2	1	93	93	9.286485810021079E-4	1	1	257	185	10	0	T
E7_BC55.191219_FM1-2_consensus_vsearch	2585	T	Y	408	8	1.8%	2	2	93	93	0.0037758193480112623	1	1	249	159	3	5	+G
E7_BC55.191219_FM1-2_consensus_vsearch	2587	C	Y	408	26	5.88%	2	2	93	93	1.0131239849581719E-8	1	1	251	157	2	24	T
E7_BC55.191219_FM1-2_consensus_vsearch	2616	G	S	430	13	2.88%	2	1	93	93	1.1164210469075442E-4	1	1	264	166	0	13	C
E7_BC55.191219_FM1-2_consensus_vsearch	2617	T	W	415	15	3.34%	2	2	93	93	2.6953413247305517E-5	1	1	252	163	1	14	A
E7_BC55.191219_FM1-2_consensus_vsearch	2620	T	K	418	7	1.63%	2	1	93	93	0.007620397344640596	1	1	239	179	7	0	G
E7_BC55.191219_FM1-2_consensus_vsearch	2622	G	R	426	19	4.22%	2	2	93	93	1.567506340833558E-6	1	1	246	180	18	1	A
E7_BC55.191219_FM1-2_consensus_vsearch	2624	A	R	430	14	3.14%	2	2	93	93	5.500293094702783E-5	1	1	247	183	13	1	G
E7_BC55.191219_FM1-2_consensus_vsearch	2638	G	R	394	8	1.91%	2	1	93	93	0.0037713141940397903	1	1	221	173	8	0	+A
E7_BC55.191219_FM1-2_consensus_vsearch	2642	A	R	438	7	1.57%	2	2	93	93	0.007628991869306366	1	1	264	174	5	2	G
E7_BC55.191219_FM1-2_consensus_vsearch	2656	C	Y	439	7	1.54%	2	1	93	93	0.00762940145447119	1	1	266	173	0	7	T
E7_BC55.191219_FM1-2_consensus_vsearch	2661	T	Y	444	7	1.55%	2	2	93	93	0.007631422258539495	1	1	265	179	3	4	C
E7_BC55.191219_FM1-2_consensus_vsearch	2675	C	Y	423	20	4.42%	2	2	93	93	7.658841069212707E-7	1	1	265	158	1	19	T
E7_BC55.191219_FM1-2_consensus_vsearch	2679	A	R	435	10	2.24%	2	2	93	93	9.279060186061013E-4	1	1	253	182	9	1	G
E7_BC55.191219_FM1-2_consensus_vsearch	2692	C	Y	441	10	2.2%	2	2	93	93	9.285438910684086E-4	1	1	265	176	3	7	T
E7_BC55.191219_FM1-2_consensus_vsearch	2730	A	M	435	7	1.57%	2	1	93	93	0.007627752045228881	1	1	266	169	0	7	C
E7_BC55.191219_FM1-2_consensus_vsearch	2732	A	R	442	7	1.55%	2	2	93	93	0.007630619313173879	1	1	261	181	5	2	G
E7_BC55.191219_FM1-2_consensus_vsearch	2734	A	R	444	8	1.77%	2	2	93	93	0.0037861319732248877	1	1	261	183	7	1	G
E7_BC55.191219_FM1-2_consensus_vsearch	2756	A	R	441	8	1.78%	2	2	93	93	0.0037853352821818676	1	1	264	177	3	5	G
E7_BC55.191219_FM1-2_consensus_vsearch	2758	A	R	437	14	3.08%	2	2	93	93	5.5093201188592644E-5	1	1	253	184	13	1	G
E7_BC55.191219_FM1-2_consensus_vsearch	2762	T	Y	415	7	1.64%	2	2	93	93	0.007619038242851565	1	1	238	177	4	3	C
E7_BC55.191219_FM1-2_consensus_vsearch	2763	T	W	398	9	2.06%	2	2	93	93	0.0018677548734163589	1	1	228	170	8	1	+G
E7_BC55.191219_FM1-2_consensus_vsearch	2765	A	R	428	7	1.59%	2	2	93	93	0.007624792930600719	1	1	251	177	5	2	G
E7_BC55.191219_FM1-2_consensus_vsearch	2783	G	R	401	20	4.73%	2	1	93	93	7.56950332781708E-7	1	1	241	160	20	0	A
E7_BC55.191219_FM1-2_consensus_vsearch	2784	G	R	422	18	4.09%	2	2	93	93	3.1945872707708225E-6	1	1	252	170	17	1	A
E7_BC55.191219_FM1-2_consensus_vsearch	2795	C	Y	424	20	4.41%	2	2	93	93	7.662710322710678E-7	1	1	263	161	1	19	T
E7_BC55.191219_FM1-2_consensus_vsearch	2796	G	R	435	7	1.57%	2	2	93	93	0.007627752045228881	1	1	258	177	5	2	A
E7_BC55.191219_FM1-2_consensus_vsearch	2806	G	S	418	12	2.64%	2	1	93	93	2.2586957161051062E-4	1	1	247	171	0	12	+A
E7_BC55.191219_FM1-2_consensus_vsearch	2810	C	Y	437	7	1.57%	2	2	93	93	0.007628580447648388	1	1	266	171	1	6	T
E7_BC55.191219_FM1-2_consensus_vsearch	2817	T	Y	397	7	1.62%	2	2	93	93	0.00761046189928152	1	1	258	139	2	5	-G
E7_BC55.191219_FM1-2_consensus_vsearch	2818	G	R	418	14	3.2%	2	1	93	93	5.4841636470744183E-5	1	1	251	167	14	0	A
E7_BC55.191219_FM1-2_consensus_vsearch	2820	T	Y	430	17	3.77%	2	2	93	93	6.533963048407704E-6	1	1	263	167	1	16	C
E7_BC55.191219_FM1-2_consensus_vsearch	2824	C	Y	408	8	1.77%	2	1	93	93	0.0037758193480112623	1	1	262	146	0	8	-G
E7_BC55.191219_FM1-2_consensus_vsearch	2825	G	R	399	18	4.26%	2	1	93	93	3.1628131219989704E-6	1	1	246	153	18	0	A
E7_BC55.191219_FM1-2_consensus_vsearch	2827	G	R	437	7	1.54%	2	2	93	93	0.007628580447648388	1	1	255	182	5	2	A
E7_BC55.191219_FM1-2_consensus_vsearch	2840	T	Y	434	7	1.56%	2	2	93	93	0.007627335039353406	1	1	254	180	5	2	C
E7_BC55.191219_FM1-2_consensus_vsearch	2841	T	Y	423	8	1.77%	2	2	93	93	0.003780324023462628	1	1	255	168	6	2	+G
E7_BC55.191219_FM1-2_consensus_vsearch	2845	C	Y	435	11	2.43%	2	1	93	93	4.587459048221758E-4	1	1	265	170	0	11	T
E7_BC55.191219_FM1-2_consensus_vsearch	2847	T	Y	430	11	2.43%	2	2	93	93	4.584175673957473E-4	1	1	257	173	1	10	C
E7_BC55.191219_FM1-2_consensus_vsearch	2859	A	R	418	19	4.35%	2	2	93	93	1.5617633199588545E-6	1	1	236	182	18	1	G
E7_BC55.191219_FM1-2_consensus_vsearch	2870	G	R	395	16	3.82%	2	2	93	93	1.3149128756654077E-5	1	1	235	160	15	1	A
E7_BC55.191219_FM1-2_consensus_vsearch	2873	A	R	429	7	1.59%	2	2	93	93	0.007625221451403564	1	1	252	177	6	1	G
E7_BC55.191219_FM1-2_consensus_vsearch	2878	C	Y	425	7	1.55%	2	1	93	93	0.007623495521158642	1	1	260	165	0	7	T
E7_BC55.191219_FM1-2_consensus_vsearch	2882	T	Y	432	12	2.67%	2	2	93	93	2.2643156833193682E-4	1	1	256	176	4	8	C
E7_BC55.191219_FM1-2_consensus_vsearch	2885	G	R	418	7	1.55%	2	1	93	93	0.007620397344640596	1	1	238	180	7	0	-T
E7_BC55.191219_FM1-2_consensus_vsearch	2886	T	Y	408	8	1.83%	2	2	93	93	0.0037758193480112623	1	1	230	178	5	3	C
E7_BC55.191219_FM1-2_consensus_vsearch	2886	T	K	408	12	2.74%	2	1	93	93	2.2544581166138029E-4	1	1	230	178	12	0	G
E7_BC55.191219_FM1-2_consensus_vsearch	2887	T	Y	436	10	2.21%	2	2	93	93	9.280135047051926E-4	1	1	258	178	8	2	C
E7_BC55.191219_FM1-2_consensus_vsearch	2889	T	Y	433	8	1.79%	2	2	93	93	0.003783158179516694	1	1	258	175	4	4	C
E7_BC55.191219_FM1-2_consensus_vsearch	2890	A	R	419	22	4.9%	2	1	93	93	1.8228136523728208E-7	1	1	246	173	22	0	G
E7_BC55.191219_FM1-2_consensus_vsearch	2897	T	Y	406	25	5.76%	2	2	93	93	2.082858678773949E-8	1	1	265	141	1	24	C
E7_BC55.191219_FM1-2_consensus_vsearch	2910	G	R	430	13	2.91%	2	1	93	93	1.1164210469075442E-4	1	1	252	178	13	0	A
E7_BC55.191219_FM1-2_consensus_vsearch	2913	C	Y	378	8	1.77%	2	2	93	93	0.00376576873622069	1	1	256	122	3	5	-G
E7_BC55.191219_FM1-2_consensus_vsearch	2914	G	R	332	47	11.81%	2	1	93	93	1.553407638828711E-15	1	1	215	117	47	0	A
E7_BC55.191219_FM1-2_consensus_vsearch	2914	G	K	332	15	3.77%	2	1	93	93	2.6147820246688997E-5	1	1	215	117	0	15	A
E7_BC55.191219_FM1-2_consensus_vsearch	2922	T	Y	420	9	2.01%	2	2	93	93	0.0018720837112055043	1	1	244	176	2	7	+C
E7_BC55.191219_FM1-2_consensus_vsearch	2924	T	Y	429	7	1.57%	2	2	93	93	0.007625221451403564	1	1	254	175	4	3	C
E7_BC55.191219_FM1-2_consensus_vsearch	2928	G	R	430	16	3.57%	2	1	93	93	1.3306337519337772E-5	1	1	248	182	16	0	A
E7_BC55.191219_FM1-2_consensus_vsearch	2937	C	Y	437	7	1.55%	2	2	93	93	0.007628580447648388	1	1	261	176	1	6	T
E7_BC55.191219_FM1-2_consensus_vsearch	2941	G	R	431	13	2.86%	2	2	93	93	1.1166488301300728E-4	1	1	247	184	12	1	A
E7_BC55.191219_FM1-2_consensus_vsearch	2942	G	K	441	8	1.76%	2	1	93	93	0.0037853352821818676	1	1	258	183	8	0	T
E7_BC55.191219_FM1-2_consensus_vsearch	2951	T	Y	439	12	2.65%	2	1	93	93	2.266998039975627E-4	1	1	267	172	0	12	C
E7_BC55.191219_FM1-2_consensus_vsearch	2956	G	R	428	13	2.91%	2	2	93	93	1.1159624774972868E-4	1	1	253	175	10	3	A
E7_BC55.191219_FM1-2_consensus_vsearch	2959	A	R	435	10	2.23%	2	1	93	93	9.279060186061013E-4	1	1	252	183	10	0	G
E7_BC55.191219_FM1-2_consensus_vsearch	2966	T	Y	423	7	1.55%	2	1	93	93	0.007622620571895094	1	1	251	172	7	0	-A
E7_BC55.191219_FM1-2_consensus_vsearch	2969	A	R	441	9	1.99%	2	1	93	93	0.0018758252149176666	1	1	256	185	9	0	G
E7_BC55.191219_FM1-2_consensus_vsearch	2972	A	R	403	15	3.36%	2	1	93	93	2.6855786093403417E-5	1	1	221	182	15	0	-C
E7_BC55.191219_FM1-2_consensus_vsearch	2973	C	S	423	7	1.61%	2	1	93	93	0.007622620571895094	1	1	241	182	7	0	G
E7_BC55.191219_FM1-2_consensus_vsearch	2975	C	Y	428	23	5.07%	2	2	93	93	8.940583613007867E-8	1	1	267	161	1	22	T
E7_BC55.191219_FM1-2_consensus_vsearch	2984	A	R	443	10	2.2%	2	1	93	93	9.287528155311122E-4	1	1	258	185	10	0	G
E7_BC55.191219_FM1-2_consensus_vsearch	3008	C	Y	429	8	1.79%	2	1	93	93	0.0037820399638697363	1	1	262	167	0	8	T
E7_BC55.191219_FM1-2_consensus_vsearch	3011	G	R	429	8	1.8%	2	2	93	93	0.0037820399638697363	1	1	256	173	4	4	A
E7_BC55.191219_FM1-2_consensus_vsearch	3030	A	R	425	15	3.3%	2	2	93	93	2.703088397887027E-5	1	1	248	177	14	1	G
E7_BC55.191219_FM1-2_consensus_vsearch	3044	T	Y	429	14	3.1%	2	2	93	93	5.498981101612605E-5	1	1	258	171	3	11	C
E7_BC55.191219_FM1-2_consensus_vsearch	3058	G	R	369	47	11.16%	2	1	93	93	1.792947900382685E-15	1	1	204	165	47	0	A
E7_BC55.191219_FM1-2_consensus_vsearch	3059	G	R	436	14	3.11%	2	2	93	93	5.5080471059265496E-5	1	1	253	183	13	1	A
E7_BC55.191219_FM1-2_consensus_vsearch	3062	A	R	437	9	1.99%	2	1	93	93	0.0018751394156906677	1	1	255	182	9	0	G
E7_BC55.191219_FM1-2_consensus_vsearch	3068	A	R	404	22	5.05%	2	2	93	93	1.8052173937079276E-7	1	1	227	177	21	1	G
E7_BC55.191219_FM1-2_consensus_vsearch	3069	C	Y	384	11	2.53%	2	2	93	93	4.5501547153779163E-4	1	1	226	158	4	7	-GG
E7_BC55.191219_FM1-2_consensus_vsearch	3074	G	R	445	7	1.55%	2	2	93	93	0.007631821078608308	1	1	265	180	4	3	A
E7_BC55.191219_FM1-2_consensus_vsearch	3076	A	R	439	7	1.55%	2	1	93	93	0.00762940145447119	1	1	258	181	7	0	G
E7_BC55.191219_FM1-2_consensus_vsearch	3078	C	Y	421	22	4.85%	2	1	93	93	1.8250798754561758E-7	1	1	268	153	0	22	T
E7_BC55.191219_FM1-2_consensus_vsearch	3090	C	M	425	7	1.57%	2	1	93	93	0.007623495521158642	1	1	250	175	7	0	A
E7_BC55.191219_FM1-2_consensus_vsearch	3093	A	R	398	9	2.15%	2	2	93	93	0.0018677548734163589	1	1	222	176	8	1	G
E7_BC55.191219_FM1-2_consensus_vsearch	3094	A	R	405	11	2.57%	2	2	93	93	4.566599754610742E-4	1	1	224	181	10	1	G
E7_BC55.191219_FM1-2_consensus_vsearch	3096	T	Y	413	11	2.56%	2	2	93	93	4.572444899531022E-4	1	1	244	169	1	10	C
E7_BC55.191219_FM1-2_consensus_vsearch	3100	C	Y	435	8	1.77%	2	2	93	93	0.0037837097715777354	1	1	264	171	1	7	T
E7_BC55.191219_FM1-2_consensus_vsearch	3120	C	Y	443	8	1.77%	2	2	93	93	0.003785867578538486	1	1	266	177	2	6	T
E7_BC55.191219_FM1-2_consensus_vsearch	3124	T	Y	397	9	2.06%	2	2	93	93	0.0018675470949966115	1	1	243	154	4	5	-A
E7_BC55.191219_FM1-2_consensus_vsearch	3136	C	Y	405	36	7.93%	2	2	93	93	6.912031704540649E-12	1	1	261	144	2	34	T
E7_BC55.191219_FM1-2_consensus_vsearch	3149	A	R	441	7	1.54%	2	2	93	93	0.0076302151642897355	1	1	260	181	5	2	G
E7_BC55.191219_FM1-2_consensus_vsearch	3157	T	Y	435	8	1.79%	2	2	93	93	0.0037837097715777354	1	1	262	173	1	7	C
E7_BC55.191219_FM1-2_consensus_vsearch	3164	G	R	421	8	1.77%	2	1	93	93	0.0037797414596765903	1	1	238	183	8	0	+A
E7_BC55.191219_FM1-2_consensus_vsearch	3165	G	K	441	7	1.54%	2	1	93	93	0.0076302151642897355	1	1	260	181	7	0	T
E7_BC55.191219_FM1-2_consensus_vsearch	3170	G	R	432	8	1.78%	2	1	93	93	0.0037828805172695963	1	1	253	179	8	0	-C
E7_BC55.191219_FM1-2_consensus_vsearch	3172	C	Y	417	9	1.99%	2	2	93	93	0.0018715194418685113	1	1	244	173	2	7	-A
E7_BC55.191219_FM1-2_consensus_vsearch	3173	A	R	201	8	1.85%	2	2	93	93	0.003648677074969142	1	1	156	45	5	3	+G
E7_BC55.191219_FM1-2_consensus_vsearch	3184	G	R	413	8	1.84%	2	2	93	93	0.0037773562911889175	1	1	250	163	5	3	+A
E7_BC55.191219_FM1-2_consensus_vsearch	3186	T	Y	418	8	1.79%	2	2	93	93	0.003778857437644956	1	1	259	159	2	6	-G
E7_BC55.191219_FM1-2_consensus_vsearch	3190	G	R	423	7	1.61%	2	1	93	93	0.007622620571895094	1	1	246	177	7	0	A
E7_BC55.191219_FM1-2_consensus_vsearch	3191	G	R	434	7	1.54%	2	2	93	93	0.007627335039353406	1	1	267	167	2	5	-C
E7_BC55.191219_FM1-2_consensus_vsearch	3195	G	R	401	32	7.26%	2	2	93	93	1.2848375480404283E-10	1	1	228	173	31	1	A
E7_BC55.191219_FM1-2_consensus_vsearch	3196	T	Y	389	20	4.52%	2	2	93	93	7.517114416791013E-7	1	1	238	151	3	17	-A
E7_BC55.191219_FM1-2_consensus_vsearch	3197	A	R	415	9	2.09%	2	2	93	93	0.0018711388771604682	1	1	236	179	8	1	G
E7_BC55.191219_FM1-2_consensus_vsearch	3199	C	Y	412	8	1.79%	2	2	93	93	0.003777051806882959	1	1	240	172	4	4	+TT
E7_BC55.191219_FM1-2_consensus_vsearch	3202	T	Y	437	8	1.77%	2	2	93	93	0.00378425644253265	1	1	260	177	1	7	C
E7_BC55.191219_FM1-2_consensus_vsearch	3203	T	Y	424	7	1.54%	2	2	93	93	0.007623059056742502	1	1	252	172	2	5	+C
E7_BC55.191219_FM1-2_consensus_vsearch	3211	G	R	405	7	1.66%	2	1	93	93	0.007614365665405034	1	1	253	152	7	0	A
E7_BC55.191219_FM1-2_consensus_vsearch	3216	T	Y	416	26	5.76%	2	2	93	93	1.020437283771665E-8	1	1	262	154	1	25	C
E7_BC55.191219_FM1-2_consensus_vsearch	3229	G	R	425	8	1.77%	2	2	93	93	0.0037809012469126957	1	1	256	169	7	1	-TG
E7_BC55.191219_FM1-2_consensus_vsearch	3231	G	R	409	8	1.91%	2	2	93	93	0.00377612966169784	1	1	246	163	7	1	A
E7_BC55.191219_FM1-2_consensus_vsearch	3234	T	Y	428	19	4.21%	2	2	93	93	1.5689124968621164E-6	1	1	264	164	3	16	C
E7_BC55.191219_FM1-2_consensus_vsearch	3250	T	Y	428	15	3.33%	2	2	93	93	2.7053473538898E-5	1	1	260	168	2	13	C
E7_BC55.191219_FM1-2_consensus_vsearch	3277	T	Y	401	32	7.24%	2	2	93	93	1.2848375480404283E-10	1	1	257	144	2	30	C
E7_BC55.191219_FM1-2_consensus_vsearch	3293	A	R	414	7	1.56%	2	1	93	93	0.007618580925465677	1	1	258	156	7	0	-G
E7_BC55.191219_FM1-2_consensus_vsearch	3299	G	R	429	9	2.02%	2	1	93	93	0.0018737306563855328	1	1	245	184	9	0	A
E7_BC55.191219_FM1-2_consensus_vsearch	3301	A	W	406	11	2.59%	2	2	93	93	4.5673424053118783E-4	1	1	227	179	9	2	T
E7_BC55.191219_FM1-2_consensus_vsearch	3309	A	R	424	14	3.17%	2	2	93	93	5.492334669373769E-5	1	1	265	159	1	13	G
E7_BC55.191219_FM1-2_consensus_vsearch	3310	T	Y	429	13	2.91%	2	1	93	93	1.1161922648910357E-4	1	1	266	163	0	13	C
E7_BC55.191219_FM1-2_consensus_vsearch	3311	G	R	439	7	1.55%	2	1	93	93	0.00762940145447119	1	1	261	178	7	0	A
E7_BC55.191219_FM1-2_consensus_vsearch	3316	T	Y	439	10	2.22%	2	2	93	93	9.283331329900578E-4	1	1	265	174	2	8	C
E7_BC55.191219_FM1-2_consensus_vsearch	3332	G	S	433	7	1.55%	2	1	93	93	0.0076269161468125015	1	1	255	178	7	0	C
E7_BC55.191219_FM1-2_consensus_vsearch	3347	T	Y	410	16	3.56%	2	2	93	93	1.321949517328872E-5	1	1	247	163	3	13	-A
E7_BC55.191219_FM1-2_consensus_vsearch	3350	G	R	433	8	1.81%	2	2	93	93	0.003783158179516694	1	1	256	177	7	1	A
E7_BC55.191219_FM1-2_consensus_vsearch	3358	A	R	433	19	4.19%	2	2	93	93	1.5723776678690515E-6	1	1	250	183	18	1	G
E7_BC55.191219_FM1-2_consensus_vsearch	3365	T	Y	419	11	2.53%	2	2	93	93	4.576688933102391E-4	1	1	239	180	8	3	C
E7_BC55.191219_FM1-2_consensus_vsearch	3379	A	R	433	10	2.21%	2	2	93	93	9.276896125167864E-4	1	1	256	177	9	1	G
E7_BC55.191219_FM1-2_consensus_vsearch	3403	G	R	411	30	6.68%	2	2	93	93	5.590506572954871E-10	1	1	227	184	29	1	A
E7_BC55.191219_FM1-2_consensus_vsearch	3411	A	R	388	46	10.22%	2	1	93	93	4.0349962702313754E-15	1	1	208	180	46	0	G
E7_BC55.191219_FM1-2_consensus_vsearch	3412	G	R	345	32	7.24%	2	1	93	93	1.1716566543628876E-10	1	1	168	177	32	0	+A
E7_BC55.191219_FM1-2_consensus_vsearch	3413	T	Y	436	8	1.79%	2	2	93	93	0.003783983718069795	1	1	261	175	2	6	C
E7_BC55.191219_FM1-2_consensus_vsearch	3419	C	Y	421	24	5.3%	2	1	93	93	4.3344151298784234E-8	1	1	267	154	0	24	T
E7_BC55.191219_FM1-2_consensus_vsearch	3457	T	Y	415	12	2.64%	2	2	93	93	2.2574447356982284E-4	1	1	249	166	1	11	C
E7_BC55.191219_FM1-2_consensus_vsearch	3459	A	R	442	8	1.77%	2	2	93	93	0.0037856020174325917	1	1	264	178	4	4	G
E7_BC55.191219_FM1-2_consensus_vsearch	3460	G	R	431	10	2.21%	2	2	93	93	9.274712732448419E-4	1	1	251	180	9	1	A
E7_BC55.191219_FM1-2_consensus_vsearch	3464	A	R	436	10	2.23%	2	2	93	93	9.280135047051926E-4	1	1	252	184	9	1	G
E7_BC55.191219_FM1-2_consensus_vsearch	3465	A	R	433	14	3.1%	2	2	93	93	5.504195157141449E-5	1	1	251	182	12	2	G
E7_BC55.191219_FM1-2_consensus_vsearch	3467	T	Y	425	9	2.05%	2	2	93	93	0.0018730070190884252	1	1	246	179	6	3	C
E7_BC55.191219_FM1-2_consensus_vsearch	3468	G	R	430	19	4.2%	2	1	93	93	1.5703071038070478E-6	1	1	249	181	19	0	A
E7_BC55.191219_FM1-2_consensus_vsearch	3470	C	Y	446	7	1.54%	2	1	93	93	0.0076322181458369906	1	1	269	177	0	7	T
E7_BC55.191219_FM1-2_consensus_vsearch	3476	G	R	317	82	20.25%	2	2	93	93	1.9870534237925177E-27	1	1	183	134	81	1	A
E7_BC55.191219_FM1-2_consensus_vsearch	3477	G	K	434	7	1.58%	2	2	93	93	0.007627335039353406	1	1	265	169	1	6	T
E7_BC55.191219_FM1-2_consensus_vsearch	3485	C	Y	419	25	5.51%	2	2	93	93	2.1054547135173766E-8	1	1	260	159	3	22	T
E7_BC55.191219_FM1-2_consensus_vsearch	3505	C	Y	422	9	2%	2	2	93	93	0.0018724555760242295	1	1	253	169	3	6	-G
E7_BC55.191219_FM1-2_consensus_vsearch	3513	A	R	403	7	1.69%	2	2	93	93	0.007613403934674614	1	1	235	168	3	4	G
E7_BC55.191219_FM1-2_consensus_vsearch	3522	A	R	439	8	1.77%	2	2	93	93	0.003784798257927548	1	1	259	180	6	2	G
E7_BC55.191219_FM1-2_consensus_vsearch	3524	A	R	437	9	2%	2	2	93	93	0.0018751394156906677	1	1	255	182	7	2	G
E7_BC55.191219_FM1-2_consensus_vsearch	3539	T	Y	438	14	3.08%	2	2	93	93	5.5105877051594445E-5	1	1	267	171	2	12	C
E7_BC55.191219_FM1-2_consensus_vsearch	3544	T	Y	440	7	1.55%	2	2	93	93	0.007629809215418646	1	1	265	175	2	5	C
E7_BC55.191219_FM1-2_consensus_vsearch	3555	G	R	385	57	12.64%	2	1	93	93	1.0069650826798662E-18	1	1	206	179	57	0	A
E7_BC55.191219_FM1-2_consensus_vsearch	3557	A	R	417	20	4.43%	2	2	93	93	7.63528734201053E-7	1	1	249	168	19	1	G
E7_BC55.191219_FM1-2_consensus_vsearch	3561	C	Y	437	7	1.54%	2	2	93	93	0.007628580447648388	1	1	263	174	2	5	T
E7_BC55.191219_FM1-2_consensus_vsearch	3562	G	R	437	10	2.22%	2	1	93	93	9.281205170584159E-4	1	1	258	179	10	0	A
E7_BC55.191219_FM1-2_consensus_vsearch	3568	C	Y	434	10	2.21%	2	2	93	93	9.277980556005647E-4	1	1	266	168	1	9	T
E7_BC55.191219_FM1-2_consensus_vsearch	3574	A	R	427	7	1.56%	2	2	93	93	0.007624362444354587	1	1	256	171	4	3	G
E7_BC55.191219_FM1-2_consensus_vsearch	3583	C	Y	441	9	1.99%	2	1	93	93	0.0018758252149176666	1	1	266	175	0	9	T
E7_BC55.191219_FM1-2_consensus_vsearch	3584	C	Y	435	10	2.21%	2	2	93	93	9.279060186061013E-4	1	1	265	170	1	9	T
E7_BC55.191219_FM1-2_consensus_vsearch	3587	T	Y	414	13	2.9%	2	2	93	93	1.1126360633158358E-4	1	1	252	162	1	12	C
E7_BC55.191219_FM1-2_consensus_vsearch	3595	G	K	425	11	2.46%	2	1	93	93	4.5808185020506666E-4	1	1	249	176	11	0	T
E7_BC55.191219_FM1-2_consensus_vsearch	3598	T	W	348	7	1.84%	2	1	93	93	0.007582734311001454	1	1	247	101	0	7	A
E7_BC55.191219_FM1-2_consensus_vsearch	3598	T	Y	348	9	2.36%	2	2	93	93	0.001855959493097644	1	1	247	101	7	2	C
E7_BC55.191219_FM1-2_consensus_vsearch	3600	A	R	435	7	1.56%	2	2	93	93	0.007627752045228881	1	1	257	178	6	1	G
E7_BC55.191219_FM1-2_consensus_vsearch	3603	A	R	442	7	1.55%	2	1	93	93	0.007630619313173879	1	1	262	180	7	0	G
E7_BC55.191219_FM1-2_consensus_vsearch	3610	T	Y	421	25	5.56%	2	2	93	93	2.1088316035967783E-8	1	1	263	158	3	22	C
E7_BC55.191219_FM1-2_consensus_vsearch	3617	T	Y	429	9	2.01%	2	2	93	93	0.0018737306563855328	1	1	256	173	2	7	C
E7_BC55.191219_FM1-2_consensus_vsearch	3622	T	Y	433	9	2%	2	2	93	93	0.001874441340367089	1	1	259	174	3	6	C
E7_BC55.191219_FM1-2_consensus_vsearch	3628	T	Y	431	12	2.67%	2	2	93	93	2.2639257424578987E-4	1	1	264	167	2	10	C
E7_BC55.191219_FM1-2_consensus_vsearch	3647	A	W	419	14	3.16%	2	1	93	93	5.485540608158622E-5	1	1	264	155	0	14	T
E7_BC55.191219_FM1-2_consensus_vsearch	3651	T	Y	391	19	4.19%	2	1	93	93	1.5408670957132326E-6	1	1	245	146	0	19	C
E7_BC55.191219_FM1-2_consensus_vsearch	3652	G	R	387	11	2.55%	2	2	93	93	4.5526079174589983E-4	1	1	222	165	10	1	A
E7_BC55.191219_FM1-2_consensus_vsearch	3652	G	K	387	19	4.4%	2	1	93	93	1.537555403340537E-6	1	1	222	165	19	0	T
E7_BC55.191219_FM1-2_consensus_vsearch	3653	T	Y	415	7	1.64%	2	1	93	93	0.007619038242851565	1	1	254	161	0	7	C
E7_BC55.191219_FM1-2_consensus_vsearch	3655	A	R	424	7	1.56%	2	1	93	93	0.007623059056742502	1	1	247	177	7	0	-C
E7_BC55.191219_FM1-2_consensus_vsearch	3658	C	Y	423	20	4.42%	2	1	93	93	7.658841069212707E-7	1	1	266	157	0	20	T
E7_BC55.191219_FM1-2_consensus_vsearch	3682	A	R	432	12	2.68%	2	2	93	93	2.2643156833193682E-4	1	1	253	179	11	1	G
E7_BC55.191219_FM1-2_consensus_vsearch	3695	T	Y	411	28	6.25%	2	2	93	93	2.388398459462071E-9	1	1	257	154	2	26	C
E7_BC55.191219_FM1-2_consensus_vsearch	3700	A	R	369	19	4.23%	2	1	93	93	1.5218842748442643E-6	1	1	187	182	19	0	-G
E7_BC55.191219_FM1-2_consensus_vsearch	3701	G	R	380	10	2.52%	2	1	93	93	9.211599279939985E-4	1	1	196	184	10	0	A
E7_BC55.191219_FM1-2_consensus_vsearch	3702	G	R	419	28	6.19%	2	1	93	93	2.4080901187568772E-9	1	1	235	184	28	0	A
E7_BC55.191219_FM1-2_consensus_vsearch	3714	C	Y	402	13	2.94%	2	2	93	93	1.1096121102660942E-4	1	1	248	154	4	9	T
E7_BC55.191219_FM1-2_consensus_vsearch	3726	G	R	426	16	3.6%	2	2	93	93	1.3289564848969628E-5	1	1	250	176	15	1	A
E7_BC55.191219_FM1-2_consensus_vsearch	3729	A	R	424	8	1.82%	2	2	93	93	0.0037806132981311326	1	1	246	178	5	3	G
E7_BC55.191219_FM1-2_consensus_vsearch	3737	C	Y	381	25	5.62%	2	1	93	93	2.0360009198932435E-8	1	1	258	123	0	25	T
E7_BC55.191219_FM1-2_consensus_vsearch	3738	G	R	386	15	3.6%	2	1	93	93	2.6707970567795604E-5	1	1	235	151	15	0	A
E7_BC55.191219_FM1-2_consensus_vsearch	3739	G	S	411	16	3.57%	2	1	93	93	1.322402003451734E-5	1	1	249	162	0	16	C
E7_BC55.191219_FM1-2_consensus_vsearch	3741	T	Y	408	13	2.99%	2	2	93	93	1.1111449338120726E-4	1	1	264	144	3	10	-G
E7_BC55.191219_FM1-2_consensus_vsearch	3742	G	R	412	7	1.65%	2	2	93	93	0.007617659773976637	1	1	261	151	6	1	A
E7_BC55.191219_FM1-2_consensus_vsearch	3747	G	R	421	27	6.01%	2	2	93	93	4.9756167082862284E-9	1	1	239	182	26	1	A
E7_BC55.191219_FM1-2_consensus_vsearch	3748	G	R	440	10	2.22%	2	1	93	93	9.284387427353376E-4	1	1	257	183	10	0	A
E7_BC55.191219_FM1-2_consensus_vsearch	3755	A	R	417	21	4.66%	2	2	93	93	3.7303832442405505E-7	1	1	240	177	20	1	G
E7_BC55.191219_FM1-2_consensus_vsearch	3757	T	Y	430	7	1.58%	2	2	93	93	0.007625648020175149	1	1	264	166	1	6	C
E7_BC55.191219_FM1-2_consensus_vsearch	3760	A	R	413	7	1.55%	2	2	93	93	0.007618121440992818	1	1	234	179	6	1	-G
E7_BC55.191219_FM1-2_consensus_vsearch	3767	G	R	413	19	4.33%	2	1	93	93	1.5580746773809727E-6	1	1	243	170	19	0	A
E7_BC55.191219_FM1-2_consensus_vsearch	3778	C	Y	422	7	1.55%	2	2	93	93	0.007622180052576428	1	1	264	158	1	6	-A
E7_BC55.191219_FM1-2_consensus_vsearch	3782	T	Y	433	19	4.19%	2	1	93	93	1.5723776678690515E-6	1	1	269	164	0	19	C
E7_BC55.191219_FM1-2_consensus_vsearch	3788	A	M	428	8	1.81%	2	1	93	93	0.0037817572285023734	1	1	254	174	8	0	C
E7_BC55.191219_FM1-2_consensus_vsearch	3790	T	Y	428	15	3.32%	2	2	93	93	2.7053473538898E-5	1	1	261	167	5	10	C
E7_BC55.191219_FM1-2_consensus_vsearch	3798	T	W	417	11	2.55%	2	1	93	93	4.575287206333824E-4	1	1	249	168	11	0	A
E7_BC55.191219_FM1-2_consensus_vsearch	3799	T	Y	432	9	2%	2	2	93	93	0.001874264864679625	1	1	257	175	6	3	C
E7_BC55.191219_FM1-2_consensus_vsearch	3806	T	Y	430	11	2.43%	2	2	93	93	4.584175673957473E-4	1	1	261	169	2	9	C
E7_BC55.191219_FM1-2_consensus_vsearch	3811	T	Y	413	8	1.81%	2	1	93	93	0.0037773562911889175	1	1	261	152	0	8	-G
E7_BC55.191219_FM1-2_consensus_vsearch	3827	G	R	440	8	1.77%	2	1	93	93	0.0037850673649748043	1	1	258	182	8	0	A
E7_BC55.191219_FM1-2_consensus_vsearch	3831	A	R	439	10	2.22%	2	2	93	93	9.283331329900578E-4	1	1	257	182	8	2	G
E7_BC55.191219_FM1-2_consensus_vsearch	3833	A	R	440	7	1.55%	2	2	93	93	0.007629809215418646	1	1	261	179	6	1	G
E7_BC55.191219_FM1-2_consensus_vsearch	3851	A	R	428	9	2.01%	2	2	93	93	0.0018735509751739627	1	1	256	172	6	3	G
E7_BC55.191219_FM1-2_consensus_vsearch	3854	C	Y	420	17	3.74%	2	2	93	93	6.510382301474924E-6	1	1	259	161	5	12	T
E7_BC55.191219_FM1-2_consensus_vsearch	3869	G	R	267	8	2.91%	2	1	93	93	0.003709745731198054	1	1	159	108	8	0	A
E7_BC55.191219_FM1-2_consensus_vsearch	3870	G	R	399	24	5.66%	2	1	93	93	4.2611563863274845E-8	1	1	217	182	24	0	A
E7_BC55.191219_FM1-2_consensus_vsearch	3878	C	Y	424	19	4.19%	2	1	93	93	1.5660884922200917E-6	1	1	268	156	0	19	T
E7_BC55.191219_FM1-2_consensus_vsearch	3900	G	R	434	9	1.99%	2	2	93	93	0.0018746170280654298	1	1	256	178	7	2	A
E7_BC55.191219_FM1-2_consensus_vsearch	3902	G	R	438	7	1.57%	2	2	93	93	0.007628991869306366	1	1	259	179	4	3	A
E7_BC55.191219_FM1-2_consensus_vsearch	3916	G	R	251	19	6.88%	2	2	93	93	1.374026366236268E-6	1	1	99	152	18	1	A
E7_BC55.191219_FM1-2_consensus_vsearch	3922	G	R	431	13	2.88%	2	2	93	93	1.1166488301300728E-4	1	1	251	180	12	1	A
E7_BC55.191219_FM1-2_consensus_vsearch	3923	C	Y	439	7	1.56%	2	2	93	93	0.00762940145447119	1	1	262	177	3	4	T
E7_BC55.191219_FM1-2_consensus_vsearch	3924	C	Y	433	7	1.55%	2	2	93	93	0.0076269161468125015	1	1	263	170	2	5	T
E7_BC55.191219_FM1-2_consensus_vsearch	3935	G	R	440	8	1.77%	2	2	93	93	0.0037850673649748043	1	1	260	180	7	1	A
E7_BC55.191219_FM1-2_consensus_vsearch	3938	A	R	435	10	2.24%	2	1	93	93	9.279060186061013E-4	1	1	252	183	10	0	G
E7_BC55.191219_FM1-2_consensus_vsearch	3942	G	R	359	53	12.71%	2	2	93	93	1.8582494914591153E-17	1	1	215	144	51	2	A
E7_BC55.191219_FM1-2_consensus_vsearch	3947	T	Y	443	7	1.56%	2	1	93	93	0.00763102167395619	1	1	268	175	0	7	C
E7_BC55.191219_FM1-2_consensus_vsearch	3955	C	Y	403	8	1.86%	2	1	93	93	0.0037742453123195243	1	1	236	167	0	8	-T
E7_BC55.191219_FM1-2_consensus_vsearch	3958	G	R	420	23	5.17%	2	1	93	93	8.893039670889079E-8	1	1	240	180	23	0	A
E7_BC55.191219_FM1-2_consensus_vsearch	3961	G	R	434	13	2.91%	2	1	93	93	1.1173262519439844E-4	1	1	252	182	13	0	A
E7_BC55.191219_FM1-2_consensus_vsearch	3965	A	R	432	18	3.97%	2	2	93	93	3.2074585795037237E-6	1	1	248	184	17	1	G
E7_BC55.191219_FM1-2_consensus_vsearch	3967	G	R	437	9	2%	2	1	93	93	0.0018751394156906677	1	1	254	183	9	0	A
E7_BC55.191219_FM1-2_consensus_vsearch	3971	A	R	433	17	3.74%	2	2	93	93	6.540845093994583E-6	1	1	251	182	16	1	G
E7_BC55.191219_FM1-2_consensus_vsearch	3977	T	Y	381	22	5.09%	2	2	93	93	1.7760039701324427E-7	1	1	250	131	1	21	C
E7_BC55.191219_FM1-2_consensus_vsearch	3979	G	R	326	25	6.56%	2	1	93	93	1.9138186182305216E-8	1	1	239	87	25	0	A
E7_BC55.191219_FM1-2_consensus_vsearch	3979	G	S	326	20	5.25%	2	2	93	93	7.1892347744872E-7	1	1	239	87	2	18	A
E7_BC55.191219_FM1-2_consensus_vsearch	3979	G	K	326	8	2.1%	2	1	93	93	0.0037441133177138837	1	1	239	87	0	8	A
E7_BC55.191219_FM1-2_consensus_vsearch	3987	C	Y	438	14	3.08%	2	2	93	93	5.5105877051594445E-5	1	1	267	171	1	13	T
E7_BC55.191219_FM1-2_consensus_vsearch	3988	G	R	436	12	2.65%	2	2	93	93	2.2658584690234848E-4	1	1	257	179	10	2	A
E7_BC55.191219_FM1-2_consensus_vsearch	3991	G	R	437	10	2.24%	2	2	93	93	9.281205170584159E-4	1	1	256	181	9	1	A
E7_BC55.191219_FM1-2_consensus_vsearch	3995	G	R	428	9	2.02%	2	2	93	93	0.0018735509751739627	1	1	255	173	8	1	A
E7_BC55.191219_FM1-2_consensus_vsearch	3999	G	R	374	14	3.51%	2	2	93	93	5.41685018001133E-5	1	1	226	148	13	1	A
E7_BC55.191219_FM1-2_consensus_vsearch	4000	G	R	428	21	4.68%	2	2	93	93	3.753418170866084E-7	1	1	246	182	20	1	A
E7_BC55.191219_FM1-2_consensus_vsearch	4001	G	R	428	20	4.43%	2	1	93	93	7.678029872918344E-7	1	1	247	181	20	0	A
E7_BC55.191219_FM1-2_consensus_vsearch	4008	T	Y	438	8	1.79%	2	2	93	93	0.0037845279531252564	1	1	263	175	1	7	C
E7_BC55.191219_FM1-2_consensus_vsearch	4026	C	Y	429	13	2.87%	2	2	93	93	1.1161922648910357E-4	1	1	258	171	1	12	T
E7_BC55.191219_FM1-2_consensus_vsearch	4045	G	R	365	84	18.67%	2	2	93	93	7.10335006252427E-28	1	1	184	181	82	2	A
E7_BC55.191219_FM1-2_consensus_vsearch	4046	G	K	396	21	4.63%	2	1	93	93	3.683391097348076E-7	1	1	216	180	21	0	T
E7_BC55.191219_FM1-2_consensus_vsearch	4060	A	R	386	32	7.58%	2	1	93	93	1.2566529435867014E-10	1	1	207	179	32	0	G
E7_BC55.191219_FM1-2_consensus_vsearch	4061	A	R	406	7	1.55%	2	2	93	93	0.007614843055105977	1	1	228	178	4	3	-G
E7_BC55.191219_FM1-2_consensus_vsearch	4085	A	R	434	10	2.22%	2	2	93	93	9.277980556005647E-4	1	1	250	184	9	1	G
E7_BC55.191219_FM1-2_consensus_vsearch	4087	A	R	418	17	3.84%	2	2	93	93	6.505544070653668E-6	1	1	236	182	16	1	G
E7_BC55.191219_FM1-2_consensus_vsearch	4091	G	R	434	13	2.87%	2	1	93	93	1.1173262519439844E-4	1	1	252	182	13	0	A
E7_BC55.191219_FM1-2_consensus_vsearch	4096	G	R	415	17	3.82%	2	1	93	93	6.498207944661731E-6	1	1	238	177	17	0	A
E7_BC55.191219_FM1-2_consensus_vsearch	4102	C	Y	414	33	7.27%	2	2	93	93	6.30630133964833E-11	1	1	264	150	2	31	T
E7_BC55.191219_FM1-2_consensus_vsearch	4109	T	Y	395	29	6.62%	2	2	93	93	1.1348197897367633E-9	1	1	248	147	1	28	C
E7_BC55.191219_FM1-2_consensus_vsearch	4110	G	R	414	28	6.28%	2	1	93	93	2.395850063378546E-9	1	1	233	181	28	0	A
E7_BC55.191219_FM1-2_consensus_vsearch	4114	A	R	418	29	6.4%	2	2	93	93	1.1651151960288723E-9	1	1	239	179	27	2	G
E7_BC55.191219_FM1-2_consensus_vsearch	4116	G	R	431	16	3.56%	2	1	93	93	1.3310486209944137E-5	1	1	251	180	16	0	A
E7_BC55.191219_FM1-2_consensus_vsearch	4121	T	W	384	8	2.02%	2	2	93	93	0.0037679008816766993	1	1	253	131	7	1	A
E7_BC55.191219_FM1-2_consensus_vsearch	4126	A	R	430	7	1.54%	2	2	93	93	0.007625648020175149	1	1	260	170	6	1	G
E7_BC55.191219_FM1-2_consensus_vsearch	4130	C	S	375	8	1.78%	2	2	93	93	0.003764677830168862	1	1	249	126	2	6	+A
E7_BC55.191219_FM1-2_consensus_vsearch	4130	C	Y	375	38	8.46%	2	2	93	93	1.491117754968768E-12	1	1	249	126	1	37	T
E7_BC55.191219_FM1-2_consensus_vsearch	4132	A	R	105	26	5.98%	2	2	93	93	3.760545668086134E-9	1	1	78	27	25	1	G
E7_BC55.191219_FM1-2_consensus_vsearch	4136	A	R	435	13	2.89%	2	2	93	93	1.1175501046296811E-4	1	1	256	179	10	3	G
E7_BC55.191219_FM1-2_consensus_vsearch	4141	T	K	362	12	2.64%	2	2	93	93	2.232132880589182E-4	1	1	237	125	6	6	+G
E7_BC55.191219_FM1-2_consensus_vsearch	4154	G	R	426	24	5.33%	2	2	93	93	4.3502009152175485E-8	1	1	247	179	22	2	A
E7_BC55.191219_FM1-2_consensus_vsearch	4158	G	R	424	12	2.67%	2	1	93	93	2.2611473442214893E-4	1	1	252	172	12	0	A
E7_BC55.191219_FM1-2_consensus_vsearch	4160	A	R	431	7	1.58%	2	2	93	93	0.007626072650234986	1	1	255	176	4	3	G
E7_BC55.191219_FM1-2_consensus_vsearch	4161	C	Y	442	8	1.77%	2	2	93	93	0.0037856020174325917	1	1	260	182	7	1	T
E7_BC55.191219_FM1-2_consensus_vsearch	4167	A	R	433	7	1.55%	2	1	93	93	0.0076269161468125015	1	1	249	184	7	0	-C
E7_BC55.191219_FM1-2_consensus_vsearch	4170	G	R	431	9	2.05%	2	1	93	93	0.0018740875957096264	1	1	247	184	9	0	A
E7_BC55.191219_FM1-2_consensus_vsearch	4190	A	R	439	7	1.54%	2	2	93	93	0.00762940145447119	1	1	260	179	5	2	G
E7_BC55.191219_FM1-2_consensus_vsearch	4215	T	Y	428	8	1.8%	2	2	93	93	0.0037817572285023734	1	1	262	166	1	7	C
E7_BC55.191219_FM1-2_consensus_vsearch	4222	G	K	302	9	2.76%	2	1	93	93	0.0018418106106839363	1	1	163	139	0	9	T
E7_BC55.191219_FM1-2_consensus_vsearch	4230	G	R	430	19	4.2%	2	2	93	93	1.5703071038070478E-6	1	1	249	181	18	1	A
E7_BC55.191219_FM1-2_consensus_vsearch	4245	T	Y	433	8	1.8%	2	2	93	93	0.003783158179516694	1	1	254	179	6	2	C
E7_BC55.191219_FM1-2_consensus_vsearch	4247	A	R	431	14	3.12%	2	2	93	93	5.501599410545798E-5	1	1	249	182	13	1	G
E7_BC55.191219_FM1-2_consensus_vsearch	4251	C	S	74	8	1.79%	2	2	93	93	0.003266103505100527	1	1	50	24	3	5	-G
E7_BC55.191219_FM1-2_consensus_vsearch	4254	A	R	377	55	12.61%	2	2	93	93	4.426386092826284E-18	1	1	210	167	39	16	G
E7_BC55.191219_FM1-2_consensus_vsearch	4255	A	R	438	9	2.01%	2	2	93	93	0.001875312003649851	1	1	254	184	8	1	G
E7_BC55.191219_FM1-2_consensus_vsearch	4258	G	R	380	25	5.95%	2	2	93	93	2.0340260797745687E-8	1	1	204	176	24	1	A
E7_BC55.191219_FM1-2_consensus_vsearch	4263	G	R	436	7	1.56%	2	2	93	93	0.007628167177128368	1	1	259	177	6	1	A
E7_BC55.191219_FM1-2_consensus_vsearch	4276	G	R	414	9	2.11%	2	2	93	93	0.0018709472608215796	1	1	254	160	4	5	A
E7_BC55.191219_FM1-2_consensus_vsearch	4277	G	R	426	8	1.8%	2	2	93	93	0.0037811878789100195	1	1	257	169	1	7	+A
E7_BC55.191219_FM1-2_consensus_vsearch	4279	C	Y	378	16	3.57%	2	2	93	93	1.3063283572416325E-5	1	1	225	153	2	14	-AC
E7_BC55.191219_FM1-2_consensus_vsearch	4281	C	Y	386	14	3.46%	2	2	93	93	5.4366161181224727E-5	1	1	222	164	1	13	T
E7_BC55.191219_FM1-2_consensus_vsearch	4285	G	R	427	8	1.81%	2	2	93	93	0.0037814732031268648	1	1	258	169	7	1	A
E7_BC55.191219_FM1-2_consensus_vsearch	4294	T	Y	427	8	1.77%	2	2	93	93	0.0037814732031268648	1	1	266	161	1	7	+C
E7_BC55.191219_FM1-2_consensus_vsearch	4300	G	R	417	19	4.3%	2	1	93	93	1.561031814887791E-6	1	1	237	180	19	0	A
E7_BC55.191219_FM1-2_consensus_vsearch	4305	G	R	375	30	7.37%	2	1	93	93	5.333288168868011E-10	1	1	234	141	30	0	A
E7_BC55.191219_FM1-2_consensus_vsearch	4321	T	Y	419	24	5.35%	2	1	93	93	4.328014671818065E-8	1	1	262	157	0	24	C
E7_BC55.191219_FM1-2_consensus_vsearch	4326	G	R	372	47	11.19%	2	2	93	93	1.8117832840298993E-15	1	1	209	163	46	1	A
E7_BC55.191219_FM1-2_consensus_vsearch	4327	G	R	428	10	2.27%	2	2	93	93	9.271400825692105E-4	1	1	255	173	7	3	A
E7_BC55.191219_FM1-2_consensus_vsearch	4328	G	R	402	16	3.57%	2	2	93	93	1.3182560043382971E-5	1	1	224	178	10	6	+A
E7_BC55.191219_FM1-2_consensus_vsearch	4332	A	R	364	25	5.57%	2	2	93	93	2.0012845453334818E-8	1	1	198	166	24	1	G
E7_BC55.191219_FM1-2_consensus_vsearch	4334	C	S	402	22	5.07%	2	1	93	93	1.8027881430254848E-7	1	1	222	180	22	0	G
E7_BC55.191219_FM1-2_consensus_vsearch	4334	C	Y	402	8	1.84%	2	2	93	93	0.003773925935642463	1	1	222	180	3	5	G
E7_BC55.191219_FM1-2_consensus_vsearch	4335	C	Y	395	20	4.43%	2	2	93	93	7.543651339090008E-7	1	1	258	137	5	15	-G
E7_BC55.191219_FM1-2_consensus_vsearch	4336	G	K	405	12	2.84%	2	1	93	93	2.2531482582750418E-4	1	1	261	144	0	12	T
E7_BC55.191219_FM1-2_consensus_vsearch	4346	G	R	426	12	2.72%	2	2	93	93	2.2619500050778872E-4	1	1	249	177	10	2	A
E7_BC55.191219_FM1-2_consensus_vsearch	4356	T	Y	431	9	2.04%	2	2	93	93	0.0018740875957096264	1	1	262	169	2	7	C
E7_BC55.191219_FM1-2_consensus_vsearch	4358	T	Y	392	48	10.79%	2	2	93	93	9.15780298905023E-16	1	1	262	130	1	47	C
E7_BC55.191219_FM1-2_consensus_vsearch	4362	T	Y	427	11	2.46%	2	2	93	93	4.5821703849988575E-4	1	1	264	163	1	10	C
E7_BC55.191219_FM1-2_consensus_vsearch	4367	G	R	429	16	3.58%	2	1	93	93	1.3302171151380651E-5	1	1	249	180	16	0	A
E7_BC55.191219_FM1-2_consensus_vsearch	4373	G	R	409	8	1.91%	2	1	93	93	0.00377612966169784	1	1	253	156	8	0	A
E7_BC55.191219_FM1-2_consensus_vsearch	4375	C	Y	419	14	3.15%	2	2	93	93	5.485540608158622E-5	1	1	252	167	2	12	T
E7_BC55.191219_FM1-2_consensus_vsearch	4383	G	R	390	29	6.89%	2	2	93	93	1.1278915409860034E-9	1	1	237	153	23	6	A
E7_BC55.191219_FM1-2_consensus_vsearch	4384	G	R	406	9	2.1%	2	2	93	93	0.0018693814758962122	1	1	249	157	6	3	A
E7_BC55.191219_FM1-2_consensus_vsearch	4387	G	R	434	8	1.81%	2	2	93	93	0.0037834345948323136	1	1	257	177	6	2	A
E7_BC55.191219_FM1-2_consensus_vsearch	4390	C	Y	434	8	1.77%	2	1	93	93	0.0037834345948323136	1	1	266	168	0	8	T
E7_BC55.191219_FM1-2_consensus_vsearch	4391	G	R	426	21	4.7%	2	2	93	93	3.7493059467302307E-7	1	1	246	180	20	1	A
E7_BC55.191219_FM1-2_consensus_vsearch	4401	T	Y	405	8	1.91%	2	2	93	93	0.003774879463209244	1	1	224	181	7	1	C
E7_BC55.191219_FM1-2_consensus_vsearch	4405	A	R	435	8	1.8%	2	2	93	93	0.0037837097715777354	1	1	257	178	2	6	G
E7_BC55.191219_FM1-2_consensus_vsearch	4406	A	R	425	18	4.02%	2	1	93	93	3.198505438225124E-6	1	1	241	184	18	0	G
E7_BC55.191219_FM1-2_consensus_vsearch	4408	C	Y	435	12	2.66%	2	1	93	93	2.2654752970435957E-4	1	1	265	170	0	12	T
E7_BC55.191219_FM1-2_consensus_vsearch	4431	G	R	246	10	3.86%	2	1	93	93	8.92905972782949E-4	1	1	101	145	10	0	A
E7_BC55.191219_FM1-2_consensus_vsearch	4437	T	Y	420	9	2.02%	2	2	93	93	0.0018720837112055043	1	1	246	174	3	6	+C
