Chrom	Position	Ref	Cons	Reads1	Reads2	VarFreq	Strands1	Strands2	Qual1	Qual2	Pvalue	MapQual1	MapQual2	Reads1Plus	Reads1Minus	Reads2Plus	Reads2Minus	VarAllele
G1_BC73.191219_FM1-2_consensus_vsearch	159	G	R	182	8	4.21%	2	2	93	93	0.003623372158916335	1	1	66	116	6	2	A
G1_BC73.191219_FM1-2_consensus_vsearch	213	T	Y	168	23	11.98%	2	2	93	93	5.894865983180831E-8	1	1	72	96	1	22	C
G1_BC73.191219_FM1-2_consensus_vsearch	215	C	Y	172	17	8.81%	2	1	93	93	5.236578670378071E-6	1	1	74	98	0	17	T
G1_BC73.191219_FM1-2_consensus_vsearch	288	T	Y	185	8	4.15%	2	1	93	93	0.003627693045256358	1	1	75	110	0	8	C
G1_BC73.191219_FM1-2_consensus_vsearch	293	T	Y	185	7	3.63%	2	1	93	93	0.007389745092191117	1	1	75	110	0	7	C
G1_BC73.191219_FM1-2_consensus_vsearch	300	T	Y	184	9	4.66%	2	2	93	93	0.0017754582364345615	1	1	74	110	1	8	C
G1_BC73.191219_FM1-2_consensus_vsearch	306	G	K	179	7	3.65%	2	1	93	93	0.007376258791632204	1	1	60	119	7	0	T
G1_BC73.191219_FM1-2_consensus_vsearch	335	G	R	124	51	28.98%	2	1	93	93	6.162851175495765E-18	1	1	21	103	51	0	A
G1_BC73.191219_FM1-2_consensus_vsearch	348	T	K	171	12	6.45%	2	1	93	93	2.0266096116243077E-4	1	1	55	116	12	0	G
G1_BC73.191219_FM1-2_consensus_vsearch	382	C	Y	176	7	3.72%	2	2	93	93	0.007369187819667051	1	1	65	111	1	6	T
G1_BC73.191219_FM1-2_consensus_vsearch	398	G	K	168	11	6.01%	2	1	93	93	4.167949943022952E-4	1	1	70	98	0	11	T
G1_BC73.191219_FM1-2_consensus_vsearch	406	G	R	184	7	3.65%	2	1	93	93	0.007387555568979833	1	1	67	117	7	0	A
G1_BC73.191219_FM1-2_consensus_vsearch	423	C	S	182	10	5.15%	2	1	93	93	8.659835374014541E-4	1	1	64	118	10	0	G
G1_BC73.191219_FM1-2_consensus_vsearch	432	A	R	170	20	10.53%	2	2	93	93	5.628540328943101E-7	1	1	60	110	14	6	G
G1_BC73.191219_FM1-2_consensus_vsearch	433	C	Y	168	19	10%	2	2	93	93	1.1787861730236885E-6	1	1	57	111	14	5	T
G1_BC73.191219_FM1-2_consensus_vsearch	437	T	W	179	13	6.7%	2	1	93	93	9.894838953322904E-5	1	1	74	105	0	13	A
G1_BC73.191219_FM1-2_consensus_vsearch	442	C	S	180	7	3.61%	2	2	93	93	0.007378565932456183	1	1	72	108	1	6	G
G1_BC73.191219_FM1-2_consensus_vsearch	467	C	Y	174	12	6.19%	2	2	93	93	2.0329023403729924E-4	1	1	68	106	1	11	T
G1_BC73.191219_FM1-2_consensus_vsearch	484	T	K	169	19	9.95%	2	1	93	93	1.1819668031703979E-6	1	1	52	117	19	0	G
G1_BC73.191219_FM1-2_consensus_vsearch	495	C	Y	160	16	8.25%	2	1	93	93	1.0680484434952118E-5	1	1	72	88	0	16	T
G1_BC73.191219_FM1-2_consensus_vsearch	539	T	Y	161	26	13.54%	2	1	93	93	5.859353678517802E-9	1	1	75	86	0	26	C
G1_BC73.191219_FM1-2_consensus_vsearch	587	T	Y	181	13	6.7%	2	1	93	93	9.917006682722331E-5	1	1	75	106	0	13	C
G1_BC73.191219_FM1-2_consensus_vsearch	593	T	Y	182	7	3.68%	2	1	93	93	0.007383107786177688	1	1	74	108	0	7	C
G1_BC73.191219_FM1-2_consensus_vsearch	594	T	Y	171	7	3.61%	2	2	93	93	0.007356879467164792	1	1	71	100	2	5	-A
G1_BC73.191219_FM1-2_consensus_vsearch	608	T	Y	179	12	6.28%	2	2	93	93	2.0429775305230596E-4	1	1	74	105	1	11	C
G1_BC73.191219_FM1-2_consensus_vsearch	646	G	R	147	30	16.67%	2	1	93	93	2.4328485025143675E-10	1	1	42	105	30	0	A
G1_BC73.191219_FM1-2_consensus_vsearch	650	T	Y	169	7	3.72%	2	2	93	93	0.007351762655103386	1	1	71	98	4	3	C
G1_BC73.191219_FM1-2_consensus_vsearch	661	C	Y	185	8	4.15%	2	2	93	93	0.003627693045256358	1	1	73	112	1	7	T
G1_BC73.191219_FM1-2_consensus_vsearch	662	C	Y	182	10	5.15%	2	2	93	93	8.659835374014541E-4	1	1	74	108	1	9	T
G1_BC73.191219_FM1-2_consensus_vsearch	663	G	R	182	9	4.66%	2	1	93	93	0.001773645426870732	1	1	66	116	9	0	A
G1_BC73.191219_FM1-2_consensus_vsearch	670	T	Y	164	13	6.99%	2	2	93	93	9.713897191766361E-5	1	1	65	99	1	12	C
G1_BC73.191219_FM1-2_consensus_vsearch	671	A	M	175	7	3.8%	2	1	93	93	0.007366779625824957	1	1	64	111	0	7	C
G1_BC73.191219_FM1-2_consensus_vsearch	680	G	R	175	7	3.78%	2	2	93	93	0.007366779625824957	1	1	69	106	5	2	A
G1_BC73.191219_FM1-2_consensus_vsearch	756	G	R	185	8	4.15%	2	1	93	93	0.003627693045256358	1	1	66	119	8	0	A
G1_BC73.191219_FM1-2_consensus_vsearch	776	C	Y	183	9	4.64%	2	2	93	93	0.0017745564291022078	1	1	72	111	2	7	T
G1_BC73.191219_FM1-2_consensus_vsearch	791	T	Y	179	10	5.29%	2	2	93	93	8.642903755365361E-4	1	1	69	110	2	8	C
G1_BC73.191219_FM1-2_consensus_vsearch	810	T	Y	170	8	4.23%	2	1	93	93	0.003604660140070728	1	1	72	98	0	8	C
G1_BC73.191219_FM1-2_consensus_vsearch	823	G	R	172	7	3.89%	2	2	93	93	0.007359395499810914	1	1	68	104	5	2	A
G1_BC73.191219_FM1-2_consensus_vsearch	831	G	R	153	10	6.06%	2	1	93	93	8.471160639973729E-4	1	1	64	89	10	0	A
G1_BC73.191219_FM1-2_consensus_vsearch	833	G	R	182	11	5.7%	2	1	93	93	4.217452292539659E-4	1	1	75	107	0	11	A
G1_BC73.191219_FM1-2_consensus_vsearch	834	G	R	183	7	3.63%	2	1	93	93	0.007385343252869138	1	1	72	111	0	7	A
G1_BC73.191219_FM1-2_consensus_vsearch	835	C	M	185	7	3.63%	2	1	93	93	0.007389745092191117	1	1	74	111	0	7	A
G1_BC73.191219_FM1-2_consensus_vsearch	840	C	Y	181	10	5.15%	2	2	93	93	8.654248463553992E-4	1	1	73	108	1	9	T
G1_BC73.191219_FM1-2_consensus_vsearch	867	T	W	172	7	3.76%	2	2	93	93	0.007359395499810914	1	1	74	98	1	6	A
G1_BC73.191219_FM1-2_consensus_vsearch	868	G	S	161	11	5.73%	2	1	93	93	4.1403363178339287E-4	1	1	63	98	0	11	C
G1_BC73.191219_FM1-2_consensus_vsearch	869	T	W	163	13	7.14%	2	2	93	93	9.700826914365912E-5	1	1	70	93	1	12	A
G1_BC73.191219_FM1-2_consensus_vsearch	902	T	Y	180	8	4.17%	2	1	93	93	0.00362041635085765	1	1	74	106	0	8	C
G1_BC73.191219_FM1-2_consensus_vsearch	906	C	Y	177	7	3.72%	2	2	93	93	0.007371570136883838	1	1	69	108	2	5	T
G1_BC73.191219_FM1-2_consensus_vsearch	908	A	R	84	9	4.81%	2	2	93	93	0.0015944646655782606	1	1	30	54	8	1	+G
G1_BC73.191219_FM1-2_consensus_vsearch	944	C	Y	140	21	11.23%	2	1	93	93	2.374892134466459E-7	1	1	68	72	0	21	T
G1_BC73.191219_FM1-2_consensus_vsearch	961	C	Y	185	8	4.12%	2	1	93	93	0.003627693045256358	1	1	75	110	0	8	T
G1_BC73.191219_FM1-2_consensus_vsearch	963	T	Y	175	16	8.33%	2	1	93	93	1.0997161030255734E-5	1	1	74	101	0	16	C
G1_BC73.191219_FM1-2_consensus_vsearch	974	C	S	185	8	4.12%	2	1	93	93	0.003627693045256358	1	1	67	118	8	0	G
G1_BC73.191219_FM1-2_consensus_vsearch	1007	T	W	175	9	4.76%	2	1	93	93	0.0017669987142516655	1	1	73	102	0	9	A
G1_BC73.191219_FM1-2_consensus_vsearch	1013	A	R	176	7	3.74%	2	2	93	93	0.007369187819667051	1	1	68	108	2	5	G
G1_BC73.191219_FM1-2_consensus_vsearch	1081	A	R	185	7	3.63%	2	2	93	93	0.007389745092191117	1	1	68	117	6	1	G
G1_BC73.191219_FM1-2_consensus_vsearch	1106	C	Y	167	14	7.33%	2	1	93	93	4.700557594367257E-5	1	1	71	96	0	14	T
G1_BC73.191219_FM1-2_consensus_vsearch	1108	A	R	179	7	3.63%	2	1	93	93	0.007376258791632204	1	1	66	113	7	0	G
G1_BC73.191219_FM1-2_consensus_vsearch	1110	C	Y	172	21	10.88%	2	1	93	93	2.6835729421042123E-7	1	1	74	98	0	21	T
G1_BC73.191219_FM1-2_consensus_vsearch	1125	C	Y	166	9	4.74%	2	1	93	93	0.0017576940544006955	1	1	71	95	0	9	T
G1_BC73.191219_FM1-2_consensus_vsearch	1128	C	Y	149	8	4.15%	2	1	93	93	0.0035651816371754363	1	1	43	106	0	8	-TT
G1_BC73.191219_FM1-2_consensus_vsearch	1133	T	K	169	7	3.91%	2	1	93	93	0.007351762655103386	1	1	53	116	7	0	G
G1_BC73.191219_FM1-2_consensus_vsearch	1134	T	K	178	10	5.26%	2	1	93	93	8.637144208672183E-4	1	1	60	118	10	0	G
G1_BC73.191219_FM1-2_consensus_vsearch	1142	A	R	185	8	4.15%	2	1	93	93	0.003627693045256358	1	1	66	119	8	0	G
G1_BC73.191219_FM1-2_consensus_vsearch	1164	A	R	176	13	6.81%	2	1	93	93	9.860774066125673E-5	1	1	62	114	13	0	G
G1_BC73.191219_FM1-2_consensus_vsearch	1226	G	R	178	7	3.74%	2	1	93	93	0.007373926992228167	1	1	64	114	7	0	A
G1_BC73.191219_FM1-2_consensus_vsearch	1236	A	R	183	9	4.66%	2	2	93	93	0.0017745564291022078	1	1	66	117	8	1	G
G1_BC73.191219_FM1-2_consensus_vsearch	1243	G	R	156	7	4.27%	2	2	93	93	0.007315482324450346	1	1	66	90	5	2	A
G1_BC73.191219_FM1-2_consensus_vsearch	1282	C	Y	169	13	6.7%	2	1	93	93	9.777264385923668E-5	1	1	75	94	0	13	T
G1_BC73.191219_FM1-2_consensus_vsearch	1289	C	Y	149	10	5.15%	2	1	93	93	8.439970829824387E-4	1	1	67	82	0	10	-AA
G1_BC73.191219_FM1-2_consensus_vsearch	1292	G	K	168	15	8.02%	2	1	93	93	2.26350367290671E-5	1	1	72	96	0	15	T
G1_BC73.191219_FM1-2_consensus_vsearch	1294	T	Y	184	8	4.17%	2	1	93	93	0.0036262674855563662	1	1	74	110	0	8	C
G1_BC73.191219_FM1-2_consensus_vsearch	1297	G	R	182	9	4.64%	2	1	93	93	0.001773645426870732	1	1	75	107	0	9	A
G1_BC73.191219_FM1-2_consensus_vsearch	1301	C	Y	183	8	4.12%	2	1	93	93	0.003624827265843605	1	1	75	108	0	8	T
G1_BC73.191219_FM1-2_consensus_vsearch	1308	T	Y	138	18	10.98%	2	2	93	93	2.268303658938995E-6	1	1	72	66	1	17	C
G1_BC73.191219_FM1-2_consensus_vsearch	1323	C	Y	168	15	7.94%	2	1	93	93	2.26350367290671E-5	1	1	73	95	0	15	T
G1_BC73.191219_FM1-2_consensus_vsearch	1352	G	R	141	20	11.98%	2	2	93	93	5.086648401478519E-7	1	1	58	83	13	7	A
G1_BC73.191219_FM1-2_consensus_vsearch	1353	G	R	170	15	8.06%	2	2	93	93	2.2711307620123368E-5	1	1	66	104	9	6	A
G1_BC73.191219_FM1-2_consensus_vsearch	1354	G	R	185	8	4.15%	2	1	93	93	0.003627693045256358	1	1	75	110	0	8	A
G1_BC73.191219_FM1-2_consensus_vsearch	1388	G	R	170	18	9.42%	2	1	93	93	2.4890830325592305E-6	1	1	53	117	18	0	A
G1_BC73.191219_FM1-2_consensus_vsearch	1393	T	Y	171	12	6.42%	2	1	93	93	2.0266096116243077E-4	1	1	71	100	0	12	C
G1_BC73.191219_FM1-2_consensus_vsearch	1397	A	R	183	9	4.64%	2	1	93	93	0.0017745564291022078	1	1	64	119	9	0	G
G1_BC73.191219_FM1-2_consensus_vsearch	1427	C	Y	181	8	4.12%	2	1	93	93	0.0036219019328410066	1	1	74	107	0	8	T
G1_BC73.191219_FM1-2_consensus_vsearch	1438	T	Y	171	10	5.43%	2	1	93	93	8.595113410222558E-4	1	1	74	97	0	10	C
G1_BC73.191219_FM1-2_consensus_vsearch	1467	T	Y	173	9	4.89%	2	1	93	93	0.001765008337317725	1	1	75	98	0	9	C
G1_BC73.191219_FM1-2_consensus_vsearch	1472	C	Y	153	22	11.34%	2	1	93	93	1.1795822457246057E-7	1	1	69	84	0	22	T
G1_BC73.191219_FM1-2_consensus_vsearch	1485	T	Y	177	10	5.24%	2	2	93	93	8.631325337656354E-4	1	1	72	105	2	8	C
G1_BC73.191219_FM1-2_consensus_vsearch	1510	G	K	151	8	4.91%	2	1	93	93	0.003569381041008898	1	1	61	90	0	8	T
G1_BC73.191219_FM1-2_consensus_vsearch	1512	G	R	178	13	6.74%	2	1	93	93	9.88359399902161E-5	1	1	60	118	13	0	A
G1_BC73.191219_FM1-2_consensus_vsearch	1537	T	W	177	7	3.7%	2	1	93	93	0.007371570136883838	1	1	73	104	0	7	A
G1_BC73.191219_FM1-2_consensus_vsearch	1586	G	R	179	7	3.65%	2	2	93	93	0.007376258791632204	1	1	66	113	6	1	A
G1_BC73.191219_FM1-2_consensus_vsearch	1591	T	Y	169	7	3.89%	2	1	93	93	0.007351762655103386	1	1	74	95	0	7	C
G1_BC73.191219_FM1-2_consensus_vsearch	1607	C	Y	177	14	7.22%	2	1	93	93	4.76769575020497E-5	1	1	75	102	0	14	T
G1_BC73.191219_FM1-2_consensus_vsearch	1611	C	Y	176	16	8.29%	2	1	93	93	1.1016738221751668E-5	1	1	74	102	0	16	T
G1_BC73.191219_FM1-2_consensus_vsearch	1639	T	Y	182	7	3.65%	2	1	93	93	0.007383107786177688	1	1	75	107	0	7	C
G1_BC73.191219_FM1-2_consensus_vsearch	1647	T	Y	158	25	12.95%	2	2	93	93	1.2371013180935983E-8	1	1	66	92	3	22	C
G1_BC73.191219_FM1-2_consensus_vsearch	1666	G	R	184	7	3.65%	2	2	93	93	0.007387555568979833	1	1	69	115	6	1	A
G1_BC73.191219_FM1-2_consensus_vsearch	1668	C	Y	170	15	7.77%	2	1	93	93	2.2711307620123368E-5	1	1	69	101	0	15	T
G1_BC73.191219_FM1-2_consensus_vsearch	1685	G	R	162	11	6.29%	2	2	93	93	4.144410722870704E-4	1	1	62	100	10	1	A
G1_BC73.191219_FM1-2_consensus_vsearch	1693	C	Y	180	9	4.66%	2	2	93	93	0.001771795269848945	1	1	72	108	1	8	T
G1_BC73.191219_FM1-2_consensus_vsearch	1694	A	R	175	7	3.63%	2	2	93	93	0.007366779625824957	1	1	60	115	6	1	G
G1_BC73.191219_FM1-2_consensus_vsearch	1722	T	Y	167	10	5.43%	2	2	93	93	8.569661506081246E-4	1	1	63	104	7	3	C
G1_BC73.191219_FM1-2_consensus_vsearch	1726	A	W	177	7	3.65%	2	1	93	93	0.007371570136883838	1	1	73	104	0	7	T
G1_BC73.191219_FM1-2_consensus_vsearch	1730	G	R	181	7	3.7%	2	2	93	93	0.007380848803681321	1	1	70	111	4	3	A
G1_BC73.191219_FM1-2_consensus_vsearch	1734	C	Y	170	9	4.66%	2	1	93	93	0.001761941721127389	1	1	63	107	0	9	+A
G1_BC73.191219_FM1-2_consensus_vsearch	1755	T	Y	176	10	5.29%	2	1	93	93	8.625446222228462E-4	1	1	75	101	0	10	C
G1_BC73.191219_FM1-2_consensus_vsearch	1804	G	R	132	14	9.46%	2	1	93	93	4.4016859474274804E-5	1	1	61	71	14	0	A
G1_BC73.191219_FM1-2_consensus_vsearch	1837	A	R	101	12	6.38%	2	1	93	93	1.7945176754289766E-4	1	1	51	50	12	0	-C
G1_BC73.191219_FM1-2_consensus_vsearch	1859	G	R	182	7	3.63%	2	1	93	93	0.007383107786177688	1	1	67	115	7	0	A
G1_BC73.191219_FM1-2_consensus_vsearch	1865	T	Y	185	8	4.15%	2	1	93	93	0.003627693045256358	1	1	75	110	0	8	C
G1_BC73.191219_FM1-2_consensus_vsearch	1871	G	R	177	10	5.24%	2	1	93	93	8.631325337656354E-4	1	1	63	114	10	0	A
G1_BC73.191219_FM1-2_consensus_vsearch	1914	T	W	156	11	5.79%	2	1	93	93	4.119272376341463E-4	1	1	60	96	0	11	+G
G1_BC73.191219_FM1-2_consensus_vsearch	1929	T	Y	183	11	5.67%	2	1	93	93	4.2207275904895683E-4	1	1	75	108	0	11	C
G1_BC73.191219_FM1-2_consensus_vsearch	1945	C	Y	183	9	4.64%	2	1	93	93	0.0017745564291022078	1	1	74	109	0	9	T
G1_BC73.191219_FM1-2_consensus_vsearch	1949	A	R	179	10	5.21%	2	2	93	93	8.642903755365361E-4	1	1	66	113	9	1	G
G1_BC73.191219_FM1-2_consensus_vsearch	1953	C	Y	166	13	7.14%	2	1	93	93	9.739634822135725E-5	1	1	72	94	0	13	T
G1_BC73.191219_FM1-2_consensus_vsearch	1955	G	K	178	9	4.79%	2	1	93	93	0.0017699066001378024	1	1	74	104	0	9	T
G1_BC73.191219_FM1-2_consensus_vsearch	1985	C	Y	175	13	6.7%	2	1	93	93	9.8491958578274E-5	1	1	74	101	0	13	T
G1_BC73.191219_FM1-2_consensus_vsearch	1987	T	Y	177	13	6.77%	2	2	93	93	9.872239569714929E-5	1	1	73	104	2	11	C
G1_BC73.191219_FM1-2_consensus_vsearch	1990	C	Y	178	7	3.63%	2	1	93	93	0.007373926992228167	1	1	74	104	0	7	T
G1_BC73.191219_FM1-2_consensus_vsearch	1997	C	Y	181	9	4.64%	2	2	93	93	0.0017727250885016482	1	1	74	107	1	8	T
G1_BC73.191219_FM1-2_consensus_vsearch	2027	A	R	179	8	4.17%	2	1	93	93	0.0036189151712300786	1	1	61	118	8	0	G
G1_BC73.191219_FM1-2_consensus_vsearch	2051	T	Y	185	7	3.65%	2	2	93	93	0.007389745092191117	1	1	74	111	1	6	C
G1_BC73.191219_FM1-2_consensus_vsearch	2085	G	R	176	8	4.21%	2	2	93	93	0.0036143155518784634	1	1	63	113	6	2	A
G1_BC73.191219_FM1-2_consensus_vsearch	2118	G	R	136	17	10.9%	2	1	93	93	4.768252978265142E-6	1	1	45	91	17	0	A
G1_BC73.191219_FM1-2_consensus_vsearch	2120	G	R	179	10	5.18%	2	2	93	93	8.642903755365361E-4	1	1	63	116	8	2	A
G1_BC73.191219_FM1-2_consensus_vsearch	2129	T	W	162	8	4.15%	2	1	93	93	0.0035907474640792065	1	1	74	88	0	8	-G
G1_BC73.191219_FM1-2_consensus_vsearch	2130	G	R	160	13	7.07%	2	2	93	93	9.660784741618469E-5	1	1	73	87	2	11	A
G1_BC73.191219_FM1-2_consensus_vsearch	2131	C	Y	146	21	11.17%	2	1	93	93	2.4392050811940816E-7	1	1	70	76	0	21	T
G1_BC73.191219_FM1-2_consensus_vsearch	2140	C	Y	161	13	6.7%	2	2	93	93	9.67427286895422E-5	1	1	70	91	1	12	+G
G1_BC73.191219_FM1-2_consensus_vsearch	2147	G	R	109	16	12.21%	2	1	93	93	9.143635336200339E-6	1	1	33	76	16	0	A
G1_BC73.191219_FM1-2_consensus_vsearch	2150	G	R	177	11	5.79%	2	1	93	93	4.200578330993431E-4	1	1	59	118	11	0	A
G1_BC73.191219_FM1-2_consensus_vsearch	2199	T	Y	185	7	3.63%	2	1	93	93	0.007389745092191117	1	1	73	112	0	7	C
G1_BC73.191219_FM1-2_consensus_vsearch	2239	T	K	180	8	4.19%	2	1	93	93	0.00362041635085765	1	1	66	114	8	0	G
G1_BC73.191219_FM1-2_consensus_vsearch	2256	C	Y	178	12	6.19%	2	2	93	93	2.0410023380081397E-4	1	1	73	105	1	11	T
G1_BC73.191219_FM1-2_consensus_vsearch	2277	C	Y	178	7	3.65%	2	2	93	93	0.007373926992228167	1	1	69	109	1	6	T
G1_BC73.191219_FM1-2_consensus_vsearch	2301	G	R	179	11	5.76%	2	2	93	93	4.2074294006989865E-4	1	1	65	114	8	3	A
G1_BC73.191219_FM1-2_consensus_vsearch	2306	T	Y	181	7	3.68%	2	2	93	93	0.007380848803681321	1	1	69	112	3	4	C
G1_BC73.191219_FM1-2_consensus_vsearch	2310	A	R	187	7	3.61%	2	2	93	93	0.007394057154213738	1	1	71	116	4	3	G
G1_BC73.191219_FM1-2_consensus_vsearch	2328	T	Y	176	7	3.66%	2	1	93	93	0.007369187819667051	1	1	71	105	0	7	C
G1_BC73.191219_FM1-2_consensus_vsearch	2335	A	R	174	9	4.74%	2	2	93	93	0.0017660088144097936	1	1	58	116	8	1	G
G1_BC73.191219_FM1-2_consensus_vsearch	2338	C	Y	177	10	5.15%	2	1	93	93	8.631325337656354E-4	1	1	73	104	0	10	T
G1_BC73.191219_FM1-2_consensus_vsearch	2341	T	Y	149	26	13.54%	2	2	93	93	5.4677530928177335E-9	1	1	67	82	1	25	C
G1_BC73.191219_FM1-2_consensus_vsearch	2363	C	Y	172	8	4.21%	2	2	93	93	0.0036079487687097848	1	1	70	102	1	7	T
G1_BC73.191219_FM1-2_consensus_vsearch	2376	A	R	180	10	5.18%	2	2	93	93	8.648604879212406E-4	1	1	63	117	9	1	G
G1_BC73.191219_FM1-2_consensus_vsearch	2391	C	Y	170	14	7.22%	2	2	93	93	4.721392964410002E-5	1	1	74	96	1	13	T
G1_BC73.191219_FM1-2_consensus_vsearch	2393	T	Y	178	7	3.68%	2	1	93	93	0.007373926992228167	1	1	72	106	0	7	C
G1_BC73.191219_FM1-2_consensus_vsearch	2441	G	R	149	11	6.83%	2	1	93	93	4.0876974708722375E-4	1	1	60	89	11	0	A
G1_BC73.191219_FM1-2_consensus_vsearch	2451	C	Y	177	10	5.15%	2	1	93	93	8.631325337656354E-4	1	1	74	103	0	10	T
G1_BC73.191219_FM1-2_consensus_vsearch	2470	A	R	183	7	3.66%	2	2	93	93	0.007385343252869138	1	1	72	111	1	6	G
G1_BC73.191219_FM1-2_consensus_vsearch	2511	T	Y	185	7	3.63%	2	1	93	93	0.007389745092191117	1	1	74	111	0	7	C
G1_BC73.191219_FM1-2_consensus_vsearch	2536	A	W	175	10	5.21%	2	2	93	93	8.619505923183497E-4	1	1	62	113	9	1	T
G1_BC73.191219_FM1-2_consensus_vsearch	2537	C	S	182	9	4.69%	2	1	93	93	0.001773645426870732	1	1	65	117	9	0	G
G1_BC73.191219_FM1-2_consensus_vsearch	2552	T	Y	137	53	27.46%	2	1	93	93	1.6223898791664385E-18	1	1	75	62	0	53	C
G1_BC73.191219_FM1-2_consensus_vsearch	2556	T	Y	158	25	13.59%	2	1	93	93	1.2371013180935983E-8	1	1	71	87	0	25	C
G1_BC73.191219_FM1-2_consensus_vsearch	2570	T	Y	118	41	21.69%	2	2	93	93	2.343470127861395E-14	1	1	72	46	1	40	C
G1_BC73.191219_FM1-2_consensus_vsearch	2666	C	Y	182	10	5.18%	2	1	93	93	8.659835374014541E-4	1	1	74	108	0	10	T
G1_BC73.191219_FM1-2_consensus_vsearch	2677	C	Y	178	11	5.7%	2	2	93	93	4.204021120137521E-4	1	1	73	105	1	10	T
G1_BC73.191219_FM1-2_consensus_vsearch	2699	C	Y	183	9	4.64%	2	1	93	93	0.0017745564291022078	1	1	74	109	0	9	T
G1_BC73.191219_FM1-2_consensus_vsearch	2711	T	Y	185	8	4.15%	2	1	93	93	0.003627693045256358	1	1	75	110	0	8	C
G1_BC73.191219_FM1-2_consensus_vsearch	2742	A	W	162	9	4.64%	2	1	93	93	0.001753253527181243	1	1	71	91	0	9	-G
G1_BC73.191219_FM1-2_consensus_vsearch	2747	T	Y	178	10	5.21%	2	1	93	93	8.637144208672183E-4	1	1	73	105	0	10	C
G1_BC73.191219_FM1-2_consensus_vsearch	2768	G	R	178	7	3.76%	2	1	93	93	0.007373926992228167	1	1	67	111	7	0	A
G1_BC73.191219_FM1-2_consensus_vsearch	2784	T	Y	185	7	3.63%	2	2	93	93	0.007389745092191117	1	1	72	113	2	5	C
G1_BC73.191219_FM1-2_consensus_vsearch	2793	A	R	176	8	4.26%	2	2	93	93	0.0036143155518784634	1	1	62	114	6	2	G
G1_BC73.191219_FM1-2_consensus_vsearch	2795	A	R	178	8	4.21%	2	1	93	93	0.0036173981471315664	1	1	62	116	8	0	G
G1_BC73.191219_FM1-2_consensus_vsearch	2797	G	R	167	21	11.11%	2	1	93	93	2.6404810275723606E-7	1	1	51	116	21	0	A
G1_BC73.191219_FM1-2_consensus_vsearch	2809	T	Y	187	7	3.61%	2	1	93	93	0.007394057154213738	1	1	75	112	0	7	C
G1_BC73.191219_FM1-2_consensus_vsearch	2833	C	Y	185	7	3.61%	2	1	93	93	0.007389745092191117	1	1	75	110	0	7	T
G1_BC73.191219_FM1-2_consensus_vsearch	2847	T	Y	182	10	5.15%	2	1	93	93	8.659835374014541E-4	1	1	74	108	0	10	C
G1_BC73.191219_FM1-2_consensus_vsearch	2854	G	R	165	9	5.11%	2	2	93	93	0.0017566025072910298	1	1	67	98	8	1	A
G1_BC73.191219_FM1-2_consensus_vsearch	2862	T	Y	175	13	6.84%	2	2	93	93	9.8491958578274E-5	1	1	72	103	1	12	C
G1_BC73.191219_FM1-2_consensus_vsearch	2865	T	Y	170	12	6.38%	2	2	93	93	2.024468861085566E-4	1	1	62	108	10	2	C
G1_BC73.191219_FM1-2_consensus_vsearch	2873	G	R	180	8	4.17%	2	1	93	93	0.00362041635085765	1	1	66	114	8	0	A
G1_BC73.191219_FM1-2_consensus_vsearch	2875	T	Y	184	9	4.66%	2	1	93	93	0.0017754582364345615	1	1	74	110	0	9	C
G1_BC73.191219_FM1-2_consensus_vsearch	2907	G	R	158	25	13.44%	2	1	93	93	1.2371013180935983E-8	1	1	49	109	25	0	A
G1_BC73.191219_FM1-2_consensus_vsearch	2915	T	W	178	10	5.24%	2	2	93	93	8.637144208672183E-4	1	1	73	105	1	9	A
G1_BC73.191219_FM1-2_consensus_vsearch	2919	C	Y	178	9	4.66%	2	1	93	93	0.0017699066001378024	1	1	72	106	0	9	T
G1_BC73.191219_FM1-2_consensus_vsearch	2989	T	Y	132	14	7.57%	2	1	93	93	4.4016859474274804E-5	1	1	75	57	0	14	-G
G1_BC73.191219_FM1-2_consensus_vsearch	2990	G	S	151	8	5%	2	1	93	93	0.003569381041008898	1	1	75	76	0	8	C
G1_BC73.191219_FM1-2_consensus_vsearch	3069	C	Y	175	15	7.81%	2	1	93	93	2.2895728702355452E-5	1	1	74	101	0	15	T
G1_BC73.191219_FM1-2_consensus_vsearch	3070	G	R	178	12	6.25%	2	2	93	93	2.0410023380081397E-4	1	1	62	116	11	1	A
G1_BC73.191219_FM1-2_consensus_vsearch	3079	C	Y	172	13	6.7%	2	1	93	93	9.813768217245088E-5	1	1	73	99	0	13	T
G1_BC73.191219_FM1-2_consensus_vsearch	3100	C	Y	159	10	5.15%	2	1	93	93	8.515291395461669E-4	1	1	74	85	0	10	T
G1_BC73.191219_FM1-2_consensus_vsearch	3104	T	Y	138	15	7.85%	2	1	93	93	2.1283871196234073E-5	1	1	41	97	0	15	-A
G1_BC73.191219_FM1-2_consensus_vsearch	3116	A	R	182	8	4.17%	2	2	93	93	0.003623372158916335	1	1	71	111	4	4	G
G1_BC73.191219_FM1-2_consensus_vsearch	3146	T	Y	180	9	4.66%	2	1	93	93	0.001771795269848945	1	1	73	107	0	9	C
G1_BC73.191219_FM1-2_consensus_vsearch	3160	T	Y	173	14	7.25%	2	1	93	93	4.7416220807620975E-5	1	1	72	101	0	14	C
G1_BC73.191219_FM1-2_consensus_vsearch	3178	T	Y	183	9	4.69%	2	1	93	93	0.0017745564291022078	1	1	75	108	0	9	C
G1_BC73.191219_FM1-2_consensus_vsearch	3195	T	Y	174	13	6.91%	2	2	93	93	9.837503282500424E-5	1	1	73	101	1	12	C
G1_BC73.191219_FM1-2_consensus_vsearch	3203	C	Y	184	7	3.61%	2	1	93	93	0.007387555568979833	1	1	74	110	0	7	T
G1_BC73.191219_FM1-2_consensus_vsearch	3210	T	Y	183	8	4.15%	2	2	93	93	0.003624827265843605	1	1	72	111	1	7	C
G1_BC73.191219_FM1-2_consensus_vsearch	3246	C	S	167	11	5.76%	2	1	93	93	4.1641312952097215E-4	1	1	74	93	0	11	G
G1_BC73.191219_FM1-2_consensus_vsearch	3246	C	Y	167	10	5.24%	2	1	93	93	8.569661506081246E-4	1	1	74	93	0	10	G
G1_BC73.191219_FM1-2_consensus_vsearch	3274	G	R	178	10	5.24%	2	1	93	93	8.637144208672183E-4	1	1	64	114	10	0	A
G1_BC73.191219_FM1-2_consensus_vsearch	3299	G	R	162	18	9.89%	2	1	93	93	2.4398889296153966E-6	1	1	56	106	18	0	A
G1_BC73.191219_FM1-2_consensus_vsearch	3333	C	Y	163	11	5.76%	2	1	93	93	4.148440753983004E-4	1	1	64	99	0	11	T
G1_BC73.191219_FM1-2_consensus_vsearch	3337	T	K	184	8	4.15%	2	1	93	93	0.0036262674855563662	1	1	65	119	8	0	G
G1_BC73.191219_FM1-2_consensus_vsearch	3410	T	Y	151	15	8.02%	2	1	93	93	2.192176748292141E-5	1	1	70	81	0	15	C
G1_BC73.191219_FM1-2_consensus_vsearch	3414	C	S	174	9	4.66%	2	1	93	93	0.0017660088144097936	1	1	72	102	0	9	G
G1_BC73.191219_FM1-2_consensus_vsearch	3415	A	W	173	9	4.71%	2	1	93	93	0.001765008337317725	1	1	69	104	0	9	T
G1_BC73.191219_FM1-2_consensus_vsearch	3428	C	Y	139	7	3.91%	2	1	93	93	0.007258431482759906	1	1	63	76	0	7	-G
G1_BC73.191219_FM1-2_consensus_vsearch	3429	G	R	135	17	10.12%	2	1	93	93	4.752670452191461E-6	1	1	50	85	17	0	A
G1_BC73.191219_FM1-2_consensus_vsearch	3429	G	K	135	7	4.17%	2	1	93	93	0.007243052290679531	1	1	50	85	0	7	A
G1_BC73.191219_FM1-2_consensus_vsearch	3450	T	Y	172	7	3.65%	2	1	93	93	0.007359395499810914	1	1	68	104	0	7	C
G1_BC73.191219_FM1-2_consensus_vsearch	3459	T	Y	176	9	4.76%	2	1	93	93	0.001767978203561041	1	1	74	102	0	9	C
G1_BC73.191219_FM1-2_consensus_vsearch	3491	G	R	183	7	3.66%	2	1	93	93	0.007385343252869138	1	1	68	115	7	0	A
G1_BC73.191219_FM1-2_consensus_vsearch	3518	C	Y	173	13	6.7%	2	1	93	93	9.825694645134978E-5	1	1	70	103	0	13	T
G1_BC73.191219_FM1-2_consensus_vsearch	3537	T	Y	174	8	4.3%	2	1	93	93	0.003611166483247444	1	1	72	102	0	8	C
G1_BC73.191219_FM1-2_consensus_vsearch	3543	G	K	179	8	4.21%	2	1	93	93	0.0036189151712300786	1	1	64	115	8	0	T
G1_BC73.191219_FM1-2_consensus_vsearch	3560	T	Y	166	25	13.02%	2	1	93	93	1.2868330715678943E-8	1	1	74	92	0	25	C
G1_BC73.191219_FM1-2_consensus_vsearch	3589	G	R	184	8	4.17%	2	2	93	93	0.0036262674855563662	1	1	68	116	6	2	A
G1_BC73.191219_FM1-2_consensus_vsearch	3600	C	Y	176	7	3.61%	2	2	93	93	0.007369187819667051	1	1	73	103	1	6	-T
G1_BC73.191219_FM1-2_consensus_vsearch	3601	T	Y	163	13	7.1%	2	2	93	93	9.700826914365912E-5	1	1	73	90	1	12	C
G1_BC73.191219_FM1-2_consensus_vsearch	3628	C	Y	172	13	6.7%	2	1	93	93	9.813768217245088E-5	1	1	71	101	0	13	T
G1_BC73.191219_FM1-2_consensus_vsearch	3633	C	Y	178	10	5.15%	2	1	93	93	8.637144208672183E-4	1	1	75	103	0	10	T
G1_BC73.191219_FM1-2_consensus_vsearch	3667	C	Y	180	12	6.19%	2	1	93	93	2.0449333836859826E-4	1	1	74	106	0	12	T
G1_BC73.191219_FM1-2_consensus_vsearch	3678	G	K	167	11	6.15%	2	1	93	93	4.1641312952097215E-4	1	1	75	92	0	11	T
G1_BC73.191219_FM1-2_consensus_vsearch	3702	G	R	179	10	5.21%	2	1	93	93	8.642903755365361E-4	1	1	63	116	10	0	A
G1_BC73.191219_FM1-2_consensus_vsearch	3708	A	R	176	15	7.73%	2	1	93	93	2.293158010288128E-5	1	1	58	118	15	0	G
G1_BC73.191219_FM1-2_consensus_vsearch	3726	A	R	179	13	6.77%	2	2	93	93	9.894838953322904E-5	1	1	63	116	12	1	G
G1_BC73.191219_FM1-2_consensus_vsearch	3729	A	R	181	7	3.66%	2	2	93	93	0.007380848803681321	1	1	68	113	5	2	G
G1_BC73.191219_FM1-2_consensus_vsearch	3742	G	R	179	12	6.19%	2	2	93	93	2.0429775305230596E-4	1	1	73	106	1	11	A
G1_BC73.191219_FM1-2_consensus_vsearch	3743	T	W	174	11	5.73%	2	1	93	93	4.190037601545019E-4	1	1	75	99	0	11	A
G1_BC73.191219_FM1-2_consensus_vsearch	3745	C	Y	168	8	4.37%	2	1	93	93	0.0036012982281518587	1	1	69	99	0	8	T
G1_BC73.191219_FM1-2_consensus_vsearch	3751	G	R	167	11	6.08%	2	1	93	93	4.1641312952097215E-4	1	1	62	105	11	0	A
G1_BC73.191219_FM1-2_consensus_vsearch	3758	C	Y	185	7	3.63%	2	1	93	93	0.007389745092191117	1	1	74	111	0	7	T
G1_BC73.191219_FM1-2_consensus_vsearch	3781	C	Y	175	11	5.7%	2	1	93	93	4.1935871135675344E-4	1	1	73	102	0	11	T
G1_BC73.191219_FM1-2_consensus_vsearch	3811	C	Y	164	7	3.93%	2	1	93	93	0.007338453432453804	1	1	60	104	0	7	+T
G1_BC73.191219_FM1-2_consensus_vsearch	3815	A	R	169	9	4.76%	2	2	93	93	0.0017608971948629478	1	1	73	96	1	8	G
G1_BC73.191219_FM1-2_consensus_vsearch	3815	A	W	169	8	4.23%	2	1	93	93	0.0036029884966937457	1	1	73	96	0	8	G
G1_BC73.191219_FM1-2_consensus_vsearch	3825	T	Y	177	10	5.24%	2	1	93	93	8.631325337656354E-4	1	1	75	102	0	10	C
G1_BC73.191219_FM1-2_consensus_vsearch	3833	T	W	156	8	4.71%	2	1	93	93	0.0035794408926960136	1	1	40	116	8	0	A
G1_BC73.191219_FM1-2_consensus_vsearch	3843	G	K	166	12	6.63%	2	1	93	93	2.0156809457974717E-4	1	1	71	95	0	12	T
G1_BC73.191219_FM1-2_consensus_vsearch	3864	C	Y	175	9	4.79%	2	1	93	93	0.0017669987142516655	1	1	70	105	0	9	T
G1_BC73.191219_FM1-2_consensus_vsearch	3865	C	Y	176	12	6.25%	2	1	93	93	2.0369927796885998E-4	1	1	75	101	0	12	T
G1_BC73.191219_FM1-2_consensus_vsearch	3867	C	Y	182	9	4.64%	2	1	93	93	0.001773645426870732	1	1	75	107	0	9	T
G1_BC73.191219_FM1-2_consensus_vsearch	3884	T	Y	163	10	5.35%	2	1	93	93	8.543079772296276E-4	1	1	62	101	0	10	-A
G1_BC73.191219_FM1-2_consensus_vsearch	3892	G	R	173	11	5.98%	2	2	93	93	4.186451412907242E-4	1	1	64	109	10	1	A
G1_BC73.191219_FM1-2_consensus_vsearch	3895	T	Y	177	10	5.24%	2	2	93	93	8.631325337656354E-4	1	1	72	105	1	9	C
G1_BC73.191219_FM1-2_consensus_vsearch	3919	G	R	176	14	7.25%	2	1	93	93	4.7612708551473615E-5	1	1	59	117	14	0	A
G1_BC73.191219_FM1-2_consensus_vsearch	3929	A	R	174	8	4.23%	2	1	93	93	0.003611166483247444	1	1	60	114	8	0	G
G1_BC73.191219_FM1-2_consensus_vsearch	3936	C	Y	162	14	7.37%	2	2	93	93	4.6644094013034604E-5	1	1	61	101	4	10	T
G1_BC73.191219_FM1-2_consensus_vsearch	3937	A	R	166	11	6.11%	2	2	93	93	4.160271719522368E-4	1	1	60	106	5	6	G
G1_BC73.191219_FM1-2_consensus_vsearch	3977	G	R	182	7	3.65%	2	1	93	93	0.007383107786177688	1	1	75	107	0	7	A
G1_BC73.191219_FM1-2_consensus_vsearch	3984	T	Y	178	8	4.21%	2	1	93	93	0.0036173981471315664	1	1	72	106	0	8	C
G1_BC73.191219_FM1-2_consensus_vsearch	4005	G	R	175	10	5.26%	2	1	93	93	8.619505923183497E-4	1	1	62	113	10	0	A
G1_BC73.191219_FM1-2_consensus_vsearch	4075	T	Y	178	8	4.19%	2	2	93	93	0.0036173981471315664	1	1	65	113	4	4	C
G1_BC73.191219_FM1-2_consensus_vsearch	4080	A	R	181	7	3.61%	2	2	93	93	0.007380848803681321	1	1	68	113	6	1	G
G1_BC73.191219_FM1-2_consensus_vsearch	4092	A	R	178	7	3.61%	2	1	93	93	0.007373926992228167	1	1	67	111	7	0	G
G1_BC73.191219_FM1-2_consensus_vsearch	4097	T	Y	185	7	3.61%	2	1	93	93	0.007389745092191117	1	1	73	112	0	7	C
G1_BC73.191219_FM1-2_consensus_vsearch	4112	T	Y	182	7	3.7%	2	2	93	93	0.007383107786177688	1	1	74	108	1	6	C
G1_BC73.191219_FM1-2_consensus_vsearch	4190	G	R	182	9	4.71%	2	1	93	93	0.001773645426870732	1	1	65	117	9	0	A
G1_BC73.191219_FM1-2_consensus_vsearch	4203	C	Y	176	7	3.61%	2	1	93	93	0.007369187819667051	1	1	74	102	0	7	T
G1_BC73.191219_FM1-2_consensus_vsearch	4244	T	Y	175	11	5.82%	2	2	93	93	4.1935871135675344E-4	1	1	72	103	2	9	C
G1_BC73.191219_FM1-2_consensus_vsearch	4247	C	Y	184	9	4.64%	2	2	93	93	0.0017754582364345615	1	1	74	110	1	8	T
G1_BC73.191219_FM1-2_consensus_vsearch	4253	G	R	179	10	5.24%	2	2	93	93	8.642903755365361E-4	1	1	66	113	9	1	A
G1_BC73.191219_FM1-2_consensus_vsearch	4273	C	Y	173	7	3.65%	2	2	93	93	0.007361883903780164	1	1	66	107	5	2	-G
G1_BC73.191219_FM1-2_consensus_vsearch	4274	G	R	173	9	4.89%	2	2	93	93	0.001765008337317725	1	1	65	108	8	1	A
G1_BC73.191219_FM1-2_consensus_vsearch	4285	G	R	175	7	3.83%	2	2	93	93	0.007366779625824957	1	1	70	105	4	3	A
G1_BC73.191219_FM1-2_consensus_vsearch	4289	G	R	150	18	10.53%	2	1	93	93	2.3590144569816855E-6	1	1	54	96	18	0	A
G1_BC73.191219_FM1-2_consensus_vsearch	4303	C	Y	175	10	5.24%	2	1	93	93	8.619505923183497E-4	1	1	71	104	0	10	T
G1_BC73.191219_FM1-2_consensus_vsearch	4373	T	Y	152	32	16.84%	2	2	93	93	5.32052884285392E-11	1	1	58	94	13	19	C
