Chrom	Position	Ref	Cons	Reads1	Reads2	VarFreq	Strands1	Strands2	Qual1	Qual2	Pvalue	MapQual1	MapQual2	Reads1Plus	Reads1Minus	Reads2Plus	Reads2Minus	VarAllele
H8_BC92.191219_FM1-2_consensus_vsearch	11	A	+T/+T	1	41	89.13%	1	2	93	93	2.561184789369917E-23	1	1	0	1	14	27	+T
H8_BC92.191219_FM1-2_consensus_vsearch	31	C	*/+A	10	40	67.8%	2	2	93	93	7.472794411213527E-19	1	1	1	9	13	27	+A
H8_BC92.191219_FM1-2_consensus_vsearch	50	C	*/+A	16	38	63.33%	2	2	93	93	9.97711554373762E-17	1	1	2	14	14	24	+A
H8_BC92.191219_FM1-2_consensus_vsearch	88	C	*/+T	49	12	17.91%	2	1	93	93	1.342080026189366E-4	1	1	19	30	0	12	+T
H8_BC92.191219_FM1-2_consensus_vsearch	96	T	*/+G	18	50	68.49%	2	2	93	93	2.564783639032889E-22	1	1	10	8	9	41	+G
H8_BC92.191219_FM1-2_consensus_vsearch	104	C	*/-T	53	16	20.51%	2	2	93	93	5.714189374844433E-6	1	1	19	34	1	15	-T
H8_BC92.191219_FM1-2_consensus_vsearch	112	T	*/-C	63	14	17.28%	2	2	93	93	3.1905312965003224E-5	1	1	14	49	6	8	-C
H8_BC92.191219_FM1-2_consensus_vsearch	120	T	*/-G	67	15	17.86%	2	1	93	93	1.5102580862025095E-5	1	1	21	46	0	15	-G
H8_BC92.191219_FM1-2_consensus_vsearch	122	G	*/+A	71	9	10.71%	2	2	93	93	0.0015398501356961847	1	1	15	56	6	3	+A
H8_BC92.191219_FM1-2_consensus_vsearch	145	T	*/-GT	76	8	9.2%	2	1	93	93	0.0032807151767424653	1	1	21	55	0	8	-GT
H8_BC92.191219_FM1-2_consensus_vsearch	159	T	*/-G	49	36	40.45%	2	1	93	93	1.2717766801009104E-13	1	1	20	29	0	36	-G
H8_BC92.191219_FM1-2_consensus_vsearch	162	A	*/-G	76	11	12.22%	2	2	93	93	3.4872101296002706E-4	1	1	19	57	1	10	-G
H8_BC92.191219_FM1-2_consensus_vsearch	172	T	*/-G	79	11	11.83%	2	1	93	93	3.5290653712209745E-4	1	1	24	55	0	11	-G
H8_BC92.191219_FM1-2_consensus_vsearch	194	T	*/-C	90	8	8.16%	2	2	93	93	0.003366921162543502	1	1	20	70	4	4	-C
H8_BC92.191219_FM1-2_consensus_vsearch	199	C	*/-T	85	10	10.31%	2	1	93	93	7.609885285074752E-4	1	1	22	63	0	10	-T
H8_BC92.191219_FM1-2_consensus_vsearch	230	T	*/-A	86	7	6.8%	2	1	93	93	0.006949771980113369	1	1	25	61	0	7	-A
H8_BC92.191219_FM1-2_consensus_vsearch	258	C	*/-G	91	11	10.38%	2	1	93	93	3.674239693101988E-4	1	1	27	64	0	11	-G
H8_BC92.191219_FM1-2_consensus_vsearch	270	T	*/-G	73	27	25.96%	2	1	93	93	9.775723942252275E-10	1	1	27	46	0	27	-G
H8_BC92.191219_FM1-2_consensus_vsearch	286	C	*/-G	88	13	12.62%	2	1	93	93	8.085779997867714E-5	1	1	24	64	0	13	-G
H8_BC92.191219_FM1-2_consensus_vsearch	289	G	*/-C	93	9	8.49%	2	2	93	93	0.0016245498783317288	1	1	17	76	7	2	-C
H8_BC92.191219_FM1-2_consensus_vsearch	305	C	*/-T	96	7	6.6%	2	1	93	93	0.007031808995392218	1	1	27	69	0	7	-T
H8_BC92.191219_FM1-2_consensus_vsearch	308	T	*/-CT	90	11	10.48%	2	1	93	93	3.663332785550111E-4	1	1	26	64	0	11	-CT
H8_BC92.191219_FM1-2_consensus_vsearch	325	G	*/-TG	94	7	6.8%	2	2	93	93	0.007016672878749878	1	1	20	74	4	3	-TG
H8_BC92.191219_FM1-2_consensus_vsearch	330	C	*/-T	84	21	19.63%	2	1	93	93	1.570922315981278E-7	1	1	27	57	0	21	-T
H8_BC92.191219_FM1-2_consensus_vsearch	333	C	*/-G	85	9	8.41%	2	2	93	93	0.0015980759098657691	1	1	26	59	1	8	-G
H8_BC92.191219_FM1-2_consensus_vsearch	337	C	*/+A	95	10	9.35%	2	1	93	93	7.801743563298274E-4	1	1	26	69	0	10	+A
H8_BC92.191219_FM1-2_consensus_vsearch	341	C	*/+G	52	21	19.63%	2	2	93	93	8.879926544064115E-8	1	1	13	39	7	14	+G
H8_BC92.191219_FM1-2_consensus_vsearch	341	C	*/-G	52	8	7.48%	2	1	93	93	0.0030450277604163654	1	1	13	39	0	8	+G
H8_BC92.191219_FM1-2_consensus_vsearch	352	A	*/-G	84	9	9.28%	2	1	93	93	0.0015944646655782606	1	1	25	59	0	9	-G
H8_BC92.191219_FM1-2_consensus_vsearch	357	C	*/-T	85	11	10.58%	2	1	93	93	3.6057309858606834E-4	1	1	26	59	0	11	-T
H8_BC92.191219_FM1-2_consensus_vsearch	362	C	*/-TC	82	23	21.5%	2	2	93	93	3.0824244025160145E-8	1	1	26	56	1	22	-TC
H8_BC92.191219_FM1-2_consensus_vsearch	476	A	*/-G	57	22	20.75%	2	2	93	93	4.358354050399026E-8	1	1	22	35	5	17	-G
H8_BC92.191219_FM1-2_consensus_vsearch	476	A	*/-GGG	57	14	13.21%	2	1	93	93	3.0023577394031676E-5	1	1	22	35	0	14	-G
H8_BC92.191219_FM1-2_consensus_vsearch	485	C	*/-G	89	9	8.57%	2	2	93	93	0.0016118239607923867	1	1	26	63	1	8	-G
H8_BC92.191219_FM1-2_consensus_vsearch	507	G	*/+A	71	15	14.02%	2	2	93	93	1.5653572152005465E-5	1	1	17	54	5	10	+A
H8_BC92.191219_FM1-2_consensus_vsearch	507	G	*/+AG	71	16	14.95%	2	2	93	93	7.14816300582921E-6	1	1	17	54	2	14	+AG
H8_BC92.191219_FM1-2_consensus_vsearch	508	G	*/+A	45	7	6.54%	2	2	93	93	0.006297717150355746	1	1	11	34	2	5	+A
H8_BC92.191219_FM1-2_consensus_vsearch	508	G	*/+AG	45	16	14.95%	2	2	93	93	4.925436264885364E-6	1	1	11	34	7	9	+AG
H8_BC92.191219_FM1-2_consensus_vsearch	508	G	*/+AGG	45	29	27.1%	2	2	93	93	6.030249999147603E-11	1	1	11	34	3	26	+AGG
H8_BC92.191219_FM1-2_consensus_vsearch	515	A	*/-T	74	25	23.36%	2	1	93	93	5.257754228400961E-9	1	1	27	47	0	25	-T
H8_BC92.191219_FM1-2_consensus_vsearch	524	T	*/-C	93	7	6.54%	2	1	93	93	0.00700888275818608	1	1	15	78	7	0	-C
H8_BC92.191219_FM1-2_consensus_vsearch	542	C	*/-T	93	7	6.6%	2	2	93	93	0.00700888275818608	1	1	26	67	1	6	-T
H8_BC92.191219_FM1-2_consensus_vsearch	560	A	*/-G	83	12	11.76%	2	2	93	93	1.6863619160593116E-4	1	1	20	63	2	10	-G
H8_BC92.191219_FM1-2_consensus_vsearch	562	G	*/+A	86	10	9.62%	2	1	93	93	7.630733016589391E-4	1	1	10	76	10	0	+A
H8_BC92.191219_FM1-2_consensus_vsearch	578	A	*/-G	84	22	20.56%	2	1	93	93	7.072872986645713E-8	1	1	26	58	0	22	-G
H8_BC92.191219_FM1-2_consensus_vsearch	590	T	*/-G	66	29	27.1%	2	2	93	93	1.4880499526642628E-10	1	1	20	46	3	26	-G
H8_BC92.191219_FM1-2_consensus_vsearch	590	T	*/-GG	66	7	6.54%	2	2	93	93	0.006720315634474235	1	1	20	46	4	3	-G
H8_BC92.191219_FM1-2_consensus_vsearch	632	T	*/-A	86	7	7.14%	2	1	93	93	0.006949771980113369	1	1	26	60	0	7	-A
H8_BC92.191219_FM1-2_consensus_vsearch	661	T	*/+G	96	8	7.55%	2	2	93	93	0.0033970091765190653	1	1	25	71	1	7	+G
H8_BC92.191219_FM1-2_consensus_vsearch	662	G	*/-A	97	9	8.49%	2	1	93	93	0.0016363632516130109	1	1	26	71	0	9	-A
H8_BC92.191219_FM1-2_consensus_vsearch	665	A	*/-T	92	14	13.08%	2	1	93	93	3.857718695302539E-5	1	1	27	65	0	14	-T
H8_BC92.191219_FM1-2_consensus_vsearch	671	T	*/-C	95	7	6.54%	2	1	93	93	0.007024313538872513	1	1	27	68	0	7	-C
H8_BC92.191219_FM1-2_consensus_vsearch	694	A	*/+G	86	11	10.48%	2	1	93	93	3.617679124445076E-4	1	1	22	64	0	11	+G
H8_BC92.191219_FM1-2_consensus_vsearch	699	C	*/-T	88	14	13.21%	2	1	93	93	3.783985713287638E-5	1	1	25	63	0	14	-T
H8_BC92.191219_FM1-2_consensus_vsearch	702	T	*/-G	94	9	8.41%	2	1	93	93	0.001627584844373568	1	1	26	68	0	9	-G
H8_BC92.191219_FM1-2_consensus_vsearch	709	T	*/+G	64	11	10.38%	2	1	93	93	3.2906627028144115E-4	1	1	17	47	0	11	+G
H8_BC92.191219_FM1-2_consensus_vsearch	709	T	*/-G	64	27	25.47%	2	2	93	93	7.710751256929991E-10	1	1	17	47	7	20	-G
H8_BC92.191219_FM1-2_consensus_vsearch	716	G	*/-T	83	10	10%	2	1	93	93	7.566950955283912E-4	1	1	22	61	0	10	-T
H8_BC92.191219_FM1-2_consensus_vsearch	731	T	*/+G	94	9	8.41%	2	2	93	93	0.001627584844373568	1	1	22	72	4	5	+G
H8_BC92.191219_FM1-2_consensus_vsearch	754	A	*/-G	90	11	10.48%	2	1	93	93	3.663332785550111E-4	1	1	25	65	0	11	-G
H8_BC92.191219_FM1-2_consensus_vsearch	758	C	*/+A	96	9	8.41%	2	1	93	93	0.001633490058565588	1	1	27	69	0	9	+A
H8_BC92.191219_FM1-2_consensus_vsearch	760	C	*/-A	81	11	10.58%	2	2	93	93	3.555614127970116E-4	1	1	26	55	1	10	-A
H8_BC92.191219_FM1-2_consensus_vsearch	769	G	*/-TG	85	18	17.14%	2	1	93	93	1.6921957586378672E-6	1	1	27	58	0	18	-TG
H8_BC92.191219_FM1-2_consensus_vsearch	782	C	*/-TT	87	7	6.67%	2	1	93	93	0.0069587427350203575	1	1	17	70	7	0	-TT
H8_BC92.191219_FM1-2_consensus_vsearch	786	A	*/-T	94	7	6.73%	2	2	93	93	0.007016672878749878	1	1	20	74	4	3	-T
H8_BC92.191219_FM1-2_consensus_vsearch	799	C	*/-G	82	17	16.19%	2	1	93	93	3.6026451927723747E-6	1	1	24	58	0	17	-G
H8_BC92.191219_FM1-2_consensus_vsearch	813	A	*/-G	98	8	7.55%	2	1	93	93	0.003406307176827417	1	1	27	71	0	8	-G
H8_BC92.191219_FM1-2_consensus_vsearch	829	A	*/-G	92	9	8.49%	2	2	93	93	0.0016214579515213031	1	1	21	71	4	5	-G
H8_BC92.191219_FM1-2_consensus_vsearch	847	T	*/-AT	94	11	10.28%	2	2	93	93	3.7058281925653647E-4	1	1	23	71	4	7	-AT
H8_BC92.191219_FM1-2_consensus_vsearch	852	C	*/-TC	95	7	6.73%	2	2	93	93	0.007024313538872513	1	1	24	71	3	4	-TC
H8_BC92.191219_FM1-2_consensus_vsearch	853	T	*/-C	87	9	9%	2	1	93	93	0.0016050852207308754	1	1	23	64	0	9	-C
H8_BC92.191219_FM1-2_consensus_vsearch	900	T	*/-A	98	8	7.48%	2	2	93	93	0.003406307176827417	1	1	25	73	2	6	-A
H8_BC92.191219_FM1-2_consensus_vsearch	904	T	*/-C	90	9	8.41%	2	1	93	93	0.0016150966997992011	1	1	24	66	0	9	-C
H8_BC92.191219_FM1-2_consensus_vsearch	943	G	*/-TG	80	23	21.7%	2	2	93	93	2.992428802108374E-8	1	1	22	58	3	20	-TG
H8_BC92.191219_FM1-2_consensus_vsearch	965	T	*/-C	92	9	8.65%	2	2	93	93	0.0016214579515213031	1	1	22	70	4	5	-C
H8_BC92.191219_FM1-2_consensus_vsearch	972	T	*/-C	90	9	8.49%	2	2	93	93	0.0016150966997992011	1	1	23	67	2	7	-C
H8_BC92.191219_FM1-2_consensus_vsearch	979	C	*/+T	83	12	11.21%	2	1	93	93	1.6863619160593116E-4	1	1	25	58	0	12	+T
H8_BC92.191219_FM1-2_consensus_vsearch	979	C	*/-T	83	11	10.28%	2	2	93	93	3.581150585788139E-4	1	1	25	58	2	9	+T
H8_BC92.191219_FM1-2_consensus_vsearch	982	C	*/-GG	88	11	10.68%	2	1	93	93	3.6409221449363173E-4	1	1	24	64	0	11	-GG
H8_BC92.191219_FM1-2_consensus_vsearch	993	C	*/-T	84	20	19.05%	2	2	93	93	3.474314963386683E-7	1	1	26	58	1	19	-T
H8_BC92.191219_FM1-2_consensus_vsearch	995	T	*/-C	81	7	6.54%	2	2	93	93	0.006901936923231458	1	1	22	59	1	6	-C
H8_BC92.191219_FM1-2_consensus_vsearch	995	T	*/-CG	81	11	10.28%	2	1	93	93	3.555614127970116E-4	1	1	22	59	0	11	-CG
H8_BC92.191219_FM1-2_consensus_vsearch	996	C	*/-G	69	16	17.98%	2	1	93	93	7.008740900161372E-6	1	1	26	43	0	16	-G
H8_BC92.191219_FM1-2_consensus_vsearch	1016	T	*/-C	90	8	7.48%	2	2	93	93	0.003366921162543502	1	1	15	75	5	3	-C
H8_BC92.191219_FM1-2_consensus_vsearch	1016	T	*/-CC	90	7	6.54%	2	1	93	93	0.006984570496764789	1	1	15	75	7	0	-C
H8_BC92.191219_FM1-2_consensus_vsearch	1019	C	*/+G	67	8	7.48%	2	1	93	93	0.003209125981632621	1	1	26	41	0	8	+G
H8_BC92.191219_FM1-2_consensus_vsearch	1023	C	*/-T	94	10	9.43%	2	2	93	93	7.784101429611515E-4	1	1	26	68	1	9	-T
H8_BC92.191219_FM1-2_consensus_vsearch	1025	T	*/-C	95	9	8.41%	2	2	93	93	0.0016305644047292834	1	1	25	70	1	8	-C
H8_BC92.191219_FM1-2_consensus_vsearch	1026	C	*/-G	82	11	11.46%	2	1	93	93	3.5685052800487515E-4	1	1	26	56	0	11	-G
H8_BC92.191219_FM1-2_consensus_vsearch	1036	T	*/-G	53	41	40.2%	2	2	93	93	1.6297886510067572E-15	1	1	22	31	1	40	-G
H8_BC92.191219_FM1-2_consensus_vsearch	1048	T	*/-C	87	10	9.71%	2	1	93	93	7.651183435608197E-4	1	1	27	60	0	10	-C
H8_BC92.191219_FM1-2_consensus_vsearch	1052	G	*/-TG	92	10	9.43%	2	1	93	93	7.747853265891162E-4	1	1	26	66	0	10	-TG
H8_BC92.191219_FM1-2_consensus_vsearch	1060	T	*/-C	85	20	19.05%	2	1	93	93	3.5114734121941706E-7	1	1	27	58	0	20	-C
H8_BC92.191219_FM1-2_consensus_vsearch	1062	T	*/+G	96	8	7.55%	2	1	93	93	0.0033970091765190653	1	1	26	70	0	8	+G
H8_BC92.191219_FM1-2_consensus_vsearch	1114	T	*/-G	89	13	12.38%	2	2	93	93	8.120688440876153E-5	1	1	24	65	2	11	-G
H8_BC92.191219_FM1-2_consensus_vsearch	1131	C	*/-A	80	17	16.19%	2	1	93	93	3.5420695093335385E-6	1	1	24	56	0	17	-A
H8_BC92.191219_FM1-2_consensus_vsearch	1152	C	*/-T	94	7	6.54%	2	1	93	93	0.007016672878749878	1	1	27	67	0	7	-T
H8_BC92.191219_FM1-2_consensus_vsearch	1176	C	*/-GC	79	15	14.71%	2	2	93	93	1.665007916551503E-5	1	1	19	60	3	12	-GC
H8_BC92.191219_FM1-2_consensus_vsearch	1193	C	*/-A	92	9	8.49%	2	1	93	93	0.0016214579515213031	1	1	27	65	0	9	-A
H8_BC92.191219_FM1-2_consensus_vsearch	1196	T	*/-G	87	12	11.54%	2	1	93	93	1.71337512702886E-4	1	1	27	60	0	12	-G
H8_BC92.191219_FM1-2_consensus_vsearch	1205	T	*/+C	31	71	66.98%	2	2	93	93	1.311387933392451E-30	1	1	1	30	23	48	+C
H8_BC92.191219_FM1-2_consensus_vsearch	1215	G	*/-AG	94	8	7.48%	2	2	93	93	0.0033873593207767528	1	1	20	74	4	4	-AG
H8_BC92.191219_FM1-2_consensus_vsearch	1230	C	*/-T	94	12	11.21%	2	1	93	93	1.7563166789412888E-4	1	1	26	68	0	12	-T
H8_BC92.191219_FM1-2_consensus_vsearch	1250	T	*/-G	88	13	12.26%	2	2	93	93	8.085779997867714E-5	1	1	25	63	1	12	-G
H8_BC92.191219_FM1-2_consensus_vsearch	1261	C	*/-T	81	22	20.56%	2	2	93	93	6.797616044296101E-8	1	1	25	56	1	21	-T
H8_BC92.191219_FM1-2_consensus_vsearch	1286	T	*/-G	55	51	47.66%	2	2	93	93	1.447742764253677E-19	1	1	26	29	1	50	-G
H8_BC92.191219_FM1-2_consensus_vsearch	1295	T	*/-C	93	7	6.86%	2	1	93	93	0.00700888275818608	1	1	26	67	0	7	-C
H8_BC92.191219_FM1-2_consensus_vsearch	1330	T	*/+C	29	69	64.49%	2	2	93	93	6.32274420577929E-30	1	1	13	16	9	60	+C
H8_BC92.191219_FM1-2_consensus_vsearch	1333	T	*/+C	91	9	8.49%	2	1	93	93	0.0016183074503201467	1	1	27	64	0	9	+C
H8_BC92.191219_FM1-2_consensus_vsearch	1335	C	*/+T	74	13	12.75%	2	2	93	93	7.527492895068744E-5	1	1	23	51	1	12	+T
H8_BC92.191219_FM1-2_consensus_vsearch	1336	C	*/+T	75	12	11.21%	2	2	93	93	1.6259384653345075E-4	1	1	23	52	1	11	+T
H8_BC92.191219_FM1-2_consensus_vsearch	1337	C	*/-T	82	14	13.08%	2	2	93	93	3.664084791437323E-5	1	1	22	60	1	13	-T
H8_BC92.191219_FM1-2_consensus_vsearch	1346	C	*/-AC	87	12	11.43%	2	2	93	93	1.71337512702886E-4	1	1	20	67	5	7	-AC
H8_BC92.191219_FM1-2_consensus_vsearch	1378	T	*/+G	89	8	7.48%	2	1	93	93	0.0033615579930956	1	1	26	63	0	8	+G
H8_BC92.191219_FM1-2_consensus_vsearch	1378	T	*/-G	89	7	6.54%	2	1	93	93	0.0069761364802936685	1	1	26	63	0	7	+G
H8_BC92.191219_FM1-2_consensus_vsearch	1383	A	*/-G	87	11	10.38%	2	2	93	93	3.629407527147718E-4	1	1	14	73	6	5	-G
H8_BC92.191219_FM1-2_consensus_vsearch	1405	A	*/-C	91	8	7.69%	2	2	93	93	0.0033721799226566103	1	1	19	72	5	3	-C
H8_BC92.191219_FM1-2_consensus_vsearch	1415	C	*/+G	43	44	41.9%	2	2	93	93	3.511277742185178E-17	1	1	16	27	3	41	+G
H8_BC92.191219_FM1-2_consensus_vsearch	1421	G	*/+T	95	9	8.49%	2	1	93	93	0.0016305644047292834	1	1	27	68	0	9	+T
H8_BC92.191219_FM1-2_consensus_vsearch	1437	C	*/-TC	93	10	9.71%	2	2	93	93	7.766140881779252E-4	1	1	23	70	4	6	-TC
H8_BC92.191219_FM1-2_consensus_vsearch	1451	C	*/-T	98	7	6.6%	2	1	93	93	0.007046380532456332	1	1	27	71	0	7	-T
H8_BC92.191219_FM1-2_consensus_vsearch	1454	A	*/+G	91	9	8.49%	2	2	93	93	0.0016183074503201467	1	1	24	67	1	8	+G
H8_BC92.191219_FM1-2_consensus_vsearch	1471	T	*/+A	87	8	7.77%	2	1	93	93	0.0033505057613061914	1	1	25	62	0	8	+A
H8_BC92.191219_FM1-2_consensus_vsearch	1481	T	*/-C	95	9	8.49%	2	1	93	93	0.0016305644047292834	1	1	26	69	0	9	-C
H8_BC92.191219_FM1-2_consensus_vsearch	1510	C	*/-T	97	7	6.6%	2	1	93	93	0.007039163345158112	1	1	26	71	0	7	-T
H8_BC92.191219_FM1-2_consensus_vsearch	1519	A	*/-CA	93	11	10.28%	2	2	93	93	3.695482496886117E-4	1	1	26	67	1	10	-CA
H8_BC92.191219_FM1-2_consensus_vsearch	1540	C	*/-G	94	7	6.67%	2	2	93	93	0.007016672878749878	1	1	25	69	2	5	-G
H8_BC92.191219_FM1-2_consensus_vsearch	1559	G	*/-TG	93	11	10.28%	2	1	93	93	3.695482496886117E-4	1	1	24	69	0	11	-TG
H8_BC92.191219_FM1-2_consensus_vsearch	1565	T	*/+G	66	7	6.54%	2	2	93	93	0.006720315634474235	1	1	14	52	5	2	+G
H8_BC92.191219_FM1-2_consensus_vsearch	1565	T	*/-G	66	30	28.04%	2	2	93	93	6.310578333290653E-11	1	1	14	52	5	25	-G
H8_BC92.191219_FM1-2_consensus_vsearch	1579	T	*/-GT	85	10	9.62%	2	1	93	93	7.609885285074752E-4	1	1	27	58	0	10	-GT
H8_BC92.191219_FM1-2_consensus_vsearch	1582	C	*/-A	82	10	9.43%	2	2	93	93	7.54483973495983E-4	1	1	20	62	5	5	-A
H8_BC92.191219_FM1-2_consensus_vsearch	1596	T	*/-C	93	8	7.48%	2	1	93	93	0.003382396156936316	1	1	24	69	0	8	-C
H8_BC92.191219_FM1-2_consensus_vsearch	1597	C	*/-TA	79	8	8.33%	2	1	93	93	0.0033014260873630128	1	1	22	57	0	8	-TA
H8_BC92.191219_FM1-2_consensus_vsearch	1598	T	*/-A	69	23	24.47%	2	1	93	93	2.4759953819769107E-8	1	1	23	46	0	23	-A
H8_BC92.191219_FM1-2_consensus_vsearch	1601	T	*/-C	76	26	24.53%	2	2	93	93	2.397637377670729E-9	1	1	20	56	5	21	-C
H8_BC92.191219_FM1-2_consensus_vsearch	1604	C	*/-T	77	25	23.36%	2	1	93	93	5.573728449387721E-9	1	1	25	52	0	25	-T
H8_BC92.191219_FM1-2_consensus_vsearch	1609	G	*/-TG	90	10	9.62%	2	1	93	93	7.710260627179726E-4	1	1	26	64	0	10	-TG
H8_BC92.191219_FM1-2_consensus_vsearch	1630	T	*/+G	33	55	51.4%	2	2	93	93	8.736634846549751E-23	1	1	11	22	7	48	+G
H8_BC92.191219_FM1-2_consensus_vsearch	1633	G	*/-T	84	17	16.04%	2	1	93	93	3.661567276871497E-6	1	1	25	59	0	17	-T
H8_BC92.191219_FM1-2_consensus_vsearch	1640	C	*/+T	32	54	50.47%	2	2	93	93	2.0206388080922978E-22	1	1	4	28	10	44	+T
H8_BC92.191219_FM1-2_consensus_vsearch	1640	C	*/-T	32	12	11.21%	2	1	93	93	1.0269508121238192E-4	1	1	4	28	12	0	+T
H8_BC92.191219_FM1-2_consensus_vsearch	1649	A	*/-C	86	9	8.57%	2	2	93	93	0.0016016153913940433	1	1	19	67	4	5	-C
H8_BC92.191219_FM1-2_consensus_vsearch	1657	C	*/-T	95	11	10.28%	2	2	93	93	3.715996341759947E-4	1	1	25	70	2	9	-T
H8_BC92.191219_FM1-2_consensus_vsearch	1673	C	*/-G	96	7	6.6%	2	1	93	93	0.007031808995392218	1	1	25	71	0	7	-G
H8_BC92.191219_FM1-2_consensus_vsearch	1685	G	*/-CG	90	12	11.54%	2	1	93	93	1.7324135340535205E-4	1	1	27	63	0	12	-CG
H8_BC92.191219_FM1-2_consensus_vsearch	1692	C	*/-T	86	16	14.95%	2	2	93	93	8.06744489582909E-6	1	1	22	64	4	12	-T
H8_BC92.191219_FM1-2_consensus_vsearch	1716	T	*/-G	71	17	16.67%	2	1	93	93	3.247308336933349E-6	1	1	18	53	0	17	-G
H8_BC92.191219_FM1-2_consensus_vsearch	1727	T	*/+G	96	7	6.6%	2	1	93	93	0.007031808995392218	1	1	26	70	0	7	+G
H8_BC92.191219_FM1-2_consensus_vsearch	1734	T	*/-G	73	7	6.67%	2	1	93	93	0.006813309504518076	1	1	27	46	0	7	-G
H8_BC92.191219_FM1-2_consensus_vsearch	1734	T	*/-GG	73	23	21.9%	2	1	93	93	2.6678447482151614E-8	1	1	27	46	0	23	-GG
H8_BC92.191219_FM1-2_consensus_vsearch	1743	T	*/-C	92	9	8.74%	2	1	93	93	0.0016214579515213031	1	1	27	65	0	9	-C
H8_BC92.191219_FM1-2_consensus_vsearch	1744	C	*/-GT	84	8	8.16%	2	2	93	93	0.003333061730303187	1	1	23	61	4	4	-GT
H8_BC92.191219_FM1-2_consensus_vsearch	1765	A	*/-C	91	14	13.21%	2	2	93	93	3.8397187772755066E-5	1	1	21	70	5	9	-C
H8_BC92.191219_FM1-2_consensus_vsearch	1835	T	*/-G	95	8	7.55%	2	2	93	93	0.003392229465115033	1	1	26	69	1	7	-G
H8_BC92.191219_FM1-2_consensus_vsearch	1839	T	*/-C	79	17	15.89%	2	2	93	93	3.511142348749468E-6	1	1	15	64	5	12	-C
H8_BC92.191219_FM1-2_consensus_vsearch	1842	C	*/-T	91	14	13.08%	2	1	93	93	3.8397187772755066E-5	1	1	27	64	0	14	-T
H8_BC92.191219_FM1-2_consensus_vsearch	1884	G	*/-TG	93	14	13.08%	2	2	93	93	3.875440559166391E-5	1	1	26	67	1	13	-TG
H8_BC92.191219_FM1-2_consensus_vsearch	1889	G	*/-TG	83	19	17.76%	2	2	93	93	7.575656434904923E-7	1	1	21	62	5	14	-TG
H8_BC92.191219_FM1-2_consensus_vsearch	1915	G	*/-TG	96	8	7.55%	2	1	93	93	0.0033970091765190653	1	1	26	70	0	8	-TG
H8_BC92.191219_FM1-2_consensus_vsearch	1916	T	*/+G	88	7	7.07%	2	1	93	93	0.006967529026351955	1	1	24	64	0	7	+G
H8_BC92.191219_FM1-2_consensus_vsearch	1950	C	*/-T	52	40	37.38%	2	1	93	93	3.840982180821551E-15	1	1	25	27	0	40	-T
H8_BC92.191219_FM1-2_consensus_vsearch	1950	C	*/-TT	52	11	10.28%	2	1	93	93	3.0309718975429843E-4	1	1	25	27	0	11	-T
H8_BC92.191219_FM1-2_consensus_vsearch	1965	C	*/+A	5	29	27.62%	2	2	93	93	2.023534111462352E-14	1	1	4	1	1	28	+A
H8_BC92.191219_FM1-2_consensus_vsearch	1965	C	*/+AAT	5	12	11.43%	2	1	93	93	1.1284680240524698E-5	1	1	4	1	0	12	+A
H8_BC92.191219_FM1-2_consensus_vsearch	1965	C	*/+AC	5	51	48.57%	2	2	93	93	1.5231179283429345E-26	1	1	4	1	20	31	+AC
H8_BC92.191219_FM1-2_consensus_vsearch	1967	C	*/+T	63	28	26.17%	2	1	93	93	3.183794067377925E-10	1	1	27	36	0	28	+T
H8_BC92.191219_FM1-2_consensus_vsearch	2036	C	*/+A	93	12	11.21%	2	1	93	93	1.7504917090513448E-4	1	1	27	66	0	12	+A
H8_BC92.191219_FM1-2_consensus_vsearch	2073	T	*/-G	91	7	6.6%	2	2	93	93	0.006992836260667077	1	1	19	72	6	1	-G
H8_BC92.191219_FM1-2_consensus_vsearch	2086	T	*/-C	78	21	19.63%	2	2	93	93	1.456844936808E-7	1	1	26	52	1	20	-C
H8_BC92.191219_FM1-2_consensus_vsearch	2088	T	*/-G	92	7	6.73%	2	2	93	93	0.00700093875247144	1	1	25	67	1	6	-G
H8_BC92.191219_FM1-2_consensus_vsearch	2093	T	*/-C	94	10	9.43%	2	2	93	93	7.784101429611515E-4	1	1	24	70	2	8	-C
H8_BC92.191219_FM1-2_consensus_vsearch	2153	G	*/-AG	97	8	7.55%	2	2	93	93	0.0034017009467024635	1	1	22	75	4	4	-AG
H8_BC92.191219_FM1-2_consensus_vsearch	2192	A	*/+G	91	8	7.55%	2	1	93	93	0.0033721799226566103	1	1	25	66	0	8	+G
H8_BC92.191219_FM1-2_consensus_vsearch	2201	T	*/+C	93	7	6.6%	2	1	93	93	0.00700888275818608	1	1	19	74	7	0	+C
H8_BC92.191219_FM1-2_consensus_vsearch	2238	G	*/-C	74	28	26.17%	2	2	93	93	4.337755682321834E-10	1	1	21	53	6	22	-C
H8_BC92.191219_FM1-2_consensus_vsearch	2247	C	*/-A	83	21	19.81%	2	1	93	93	1.5523534942791598E-7	1	1	27	56	0	21	-A
H8_BC92.191219_FM1-2_consensus_vsearch	2297	T	*/-G	94	7	6.6%	2	2	93	93	0.007016672878749878	1	1	25	69	1	6	-G
H8_BC92.191219_FM1-2_consensus_vsearch	2301	T	*/-GG	91	7	6.73%	2	1	93	93	0.006992836260667077	1	1	26	65	0	7	-GG
H8_BC92.191219_FM1-2_consensus_vsearch	2339	A	*/-G	93	12	11.32%	2	2	93	93	1.7504917090513448E-4	1	1	19	74	7	5	-G
H8_BC92.191219_FM1-2_consensus_vsearch	2341	G	*/+A	86	8	7.48%	2	2	93	93	0.0033448100439043152	1	1	18	68	3	5	+A
H8_BC92.191219_FM1-2_consensus_vsearch	2341	G	*/-A	86	8	7.48%	2	2	93	93	0.0033448100439043152	1	1	18	68	2	6	+A
H8_BC92.191219_FM1-2_consensus_vsearch	2346	G	*/-A	93	8	7.77%	2	1	93	93	0.003382396156936316	1	1	23	70	0	8	-A
H8_BC92.191219_FM1-2_consensus_vsearch	2361	T	*/-C	50	45	42.45%	2	2	93	93	2.8237008739316105E-17	1	1	16	34	8	37	-C
H8_BC92.191219_FM1-2_consensus_vsearch	2361	T	*/-CC	50	8	7.55%	2	2	93	93	0.003017153500931496	1	1	16	34	2	6	-C
H8_BC92.191219_FM1-2_consensus_vsearch	2383	G	*/+AG	14	29	27.88%	2	2	93	93	1.1592592326773103E-12	1	1	8	6	14	15	+AG
H8_BC92.191219_FM1-2_consensus_vsearch	2383	G	*/+AGG	14	54	51.92%	2	2	93	93	3.6958015852858756E-25	1	1	8	6	2	52	+AGG
H8_BC92.191219_FM1-2_consensus_vsearch	2414	T	*/-C	79	16	15.84%	2	2	93	93	7.66432215555636E-6	1	1	21	58	5	11	-C
H8_BC92.191219_FM1-2_consensus_vsearch	2420	C	*/-T	98	7	6.54%	2	2	93	93	0.007046380532456332	1	1	24	74	2	5	-T
H8_BC92.191219_FM1-2_consensus_vsearch	2427	C	*/+G	81	12	11.21%	2	2	93	93	1.6720996169374304E-4	1	1	24	57	2	10	+G
H8_BC92.191219_FM1-2_consensus_vsearch	2473	C	*/-T	79	13	12.38%	2	2	93	93	7.743103760332356E-5	1	1	23	56	3	10	-T
H8_BC92.191219_FM1-2_consensus_vsearch	2473	C	*/-TT	79	10	9.52%	2	1	93	93	7.475771614775334E-4	1	1	23	56	0	10	-T
H8_BC92.191219_FM1-2_consensus_vsearch	2477	T	*/-AA	95	10	9.43%	2	1	93	93	7.801743563298274E-4	1	1	26	69	0	10	-AA
H8_BC92.191219_FM1-2_consensus_vsearch	2486	T	*/-G	84	21	20%	2	2	93	93	1.570922315981278E-7	1	1	24	60	2	19	-G
H8_BC92.191219_FM1-2_consensus_vsearch	2504	A	*/-G	94	8	7.84%	2	2	93	93	0.0033873593207767528	1	1	16	78	7	1	-G
H8_BC92.191219_FM1-2_consensus_vsearch	2514	T	*/-C	89	14	13.33%	2	2	93	93	3.802858977190336E-5	1	1	15	74	10	4	-C
H8_BC92.191219_FM1-2_consensus_vsearch	2526	C	*/+T	81	9	8.49%	2	2	93	93	0.0015831779373667988	1	1	26	55	1	8	+T
H8_BC92.191219_FM1-2_consensus_vsearch	2528	C	*/-T	89	7	6.73%	2	1	93	93	0.0069761364802936685	1	1	25	64	0	7	-T
H8_BC92.191219_FM1-2_consensus_vsearch	2542	C	*/+G	29	9	8.49%	2	1	93	93	0.0011442089104010311	1	1	10	19	0	9	+G
H8_BC92.191219_FM1-2_consensus_vsearch	2542	C	*/+GC	29	47	44.34%	2	2	93	93	1.7585617119990795E-19	1	1	10	19	17	30	+GC
H8_BC92.191219_FM1-2_consensus_vsearch	2542	C	*/+GT	29	12	11.32%	2	1	93	93	9.53385509028608E-5	1	1	10	19	0	12	+GC
H8_BC92.191219_FM1-2_consensus_vsearch	2554	G	*/+C	89	16	15.24%	2	1	93	93	8.22796880844951E-6	1	1	26	63	0	16	+C
H8_BC92.191219_FM1-2_consensus_vsearch	2556	T	*/-C	85	17	16.35%	2	1	93	93	3.690426920433769E-6	1	1	27	58	0	17	-C
H8_BC92.191219_FM1-2_consensus_vsearch	2574	T	*/+C	90	9	8.41%	2	1	93	93	0.0016150966997992011	1	1	25	65	0	9	+C
H8_BC92.191219_FM1-2_consensus_vsearch	2655	A	*/-G	78	18	16.98%	2	2	93	93	1.585029974578957E-6	1	1	8	70	12	6	-G
H8_BC92.191219_FM1-2_consensus_vsearch	2655	A	*/-GG	78	7	6.6%	2	2	93	93	0.006870605212382576	1	1	8	70	5	2	-G
H8_BC92.191219_FM1-2_consensus_vsearch	2658	G	*/-A	89	10	9.43%	2	2	93	93	7.690936665708389E-4	1	1	19	70	8	2	-A
H8_BC92.191219_FM1-2_consensus_vsearch	2665	G	*/-A	82	14	13.46%	2	2	93	93	3.664084791437323E-5	1	1	21	61	2	12	-A
H8_BC92.191219_FM1-2_consensus_vsearch	2673	C	*/-T	91	11	10.28%	2	2	93	93	3.674239693101988E-4	1	1	25	66	1	10	-T
H8_BC92.191219_FM1-2_consensus_vsearch	2676	T	*/-G	99	7	6.54%	2	1	93	93	0.007053464356056319	1	1	27	72	0	7	-G
H8_BC92.191219_FM1-2_consensus_vsearch	2682	G	*/-A	91	12	11.43%	2	2	93	93	1.7385426840533266E-4	1	1	15	76	8	4	-A
H8_BC92.191219_FM1-2_consensus_vsearch	2683	A	+G/+G	7	80	86.02%	1	2	93	93	7.077240817719184E-42	1	1	7	0	8	72	+G
H8_BC92.191219_FM1-2_consensus_vsearch	2685	G	*/-T	89	14	13.33%	2	1	93	93	3.802858977190336E-5	1	1	24	65	0	14	-T
H8_BC92.191219_FM1-2_consensus_vsearch	2710	A	*/-G	82	14	14.14%	2	2	93	93	3.664084791437323E-5	1	1	11	71	8	6	-G
H8_BC92.191219_FM1-2_consensus_vsearch	2720	T	*/-G	92	9	8.49%	2	2	93	93	0.0016214579515213031	1	1	26	66	1	8	-G
H8_BC92.191219_FM1-2_consensus_vsearch	2749	C	*/-T	94	7	6.54%	2	1	93	93	0.007016672878749878	1	1	26	68	0	7	-T
H8_BC92.191219_FM1-2_consensus_vsearch	2776	A	*/+G	83	16	15.69%	2	1	93	93	7.899776205839155E-6	1	1	26	57	0	16	+G
H8_BC92.191219_FM1-2_consensus_vsearch	2791	C	*/-G	89	9	8.49%	2	2	93	93	0.0016118239607923867	1	1	25	64	1	8	-G
H8_BC92.191219_FM1-2_consensus_vsearch	2809	T	*/-G	86	7	7.14%	2	1	93	93	0.006949771980113369	1	1	26	60	0	7	-G
H8_BC92.191219_FM1-2_consensus_vsearch	2814	T	-C/-C	6	92	92.93%	2	2	93	93	2.654346262335209E-49	1	1	3	3	24	68	-C
H8_BC92.191219_FM1-2_consensus_vsearch	2818	G	*/-C	51	40	37.74%	2	2	93	93	3.549998682274141E-15	1	1	23	28	2	38	-C
H8_BC92.191219_FM1-2_consensus_vsearch	2818	G	*/-CC	51	11	10.38%	2	2	93	93	3.005540401835199E-4	1	1	23	28	2	9	-C
H8_BC92.191219_FM1-2_consensus_vsearch	2824	C	*/+G	80	10	9.71%	2	2	93	93	7.499263913844549E-4	1	1	24	56	1	9	+G
H8_BC92.191219_FM1-2_consensus_vsearch	2824	C	*/-G	80	8	7.77%	2	2	93	93	0.003308028939537178	1	1	24	56	1	7	+G
H8_BC92.191219_FM1-2_consensus_vsearch	2836	A	*/+T	96	7	6.54%	2	1	93	93	0.007031808995392218	1	1	27	69	0	7	+T
H8_BC92.191219_FM1-2_consensus_vsearch	2837	C	*/-T	85	17	16.04%	2	1	93	93	3.690426920433769E-6	1	1	27	58	0	17	-T
H8_BC92.191219_FM1-2_consensus_vsearch	2856	C	*/-GG	84	16	15.24%	2	1	93	93	7.956486731365802E-6	1	1	26	58	0	16	-GG
H8_BC92.191219_FM1-2_consensus_vsearch	2867	C	*/-G	87	11	10.58%	2	1	93	93	3.629407527147718E-4	1	1	23	64	0	11	-G
H8_BC92.191219_FM1-2_consensus_vsearch	2884	C	*/+A	93	8	7.62%	2	1	93	93	0.003382396156936316	1	1	24	69	0	8	+A
H8_BC92.191219_FM1-2_consensus_vsearch	2894	C	*/-T	91	12	11.21%	2	1	93	93	1.7385426840533266E-4	1	1	27	64	0	12	-T
H8_BC92.191219_FM1-2_consensus_vsearch	2897	T	*/-C	90	7	6.86%	2	1	93	93	0.006984570496764789	1	1	27	63	0	7	-C
H8_BC92.191219_FM1-2_consensus_vsearch	2899	T	*/-CT	83	19	18.63%	2	2	93	93	7.575656434904923E-7	1	1	26	57	1	18	-CT
H8_BC92.191219_FM1-2_consensus_vsearch	2948	G	*/-T	85	18	17.31%	2	1	93	93	1.6921957586378672E-6	1	1	25	60	0	18	-T
H8_BC92.191219_FM1-2_consensus_vsearch	2970	A	*/-G	93	10	9.35%	2	2	93	93	7.766140881779252E-4	1	1	20	73	5	5	-G
H8_BC92.191219_FM1-2_consensus_vsearch	2984	T	*/-G	70	31	30.1%	2	1	93	93	3.049734488828665E-11	1	1	27	43	0	31	-G
H8_BC92.191219_FM1-2_consensus_vsearch	3018	C	*/-AA	82	10	9.71%	2	1	93	93	7.54483973495983E-4	1	1	21	61	0	10	-AA
H8_BC92.191219_FM1-2_consensus_vsearch	3021	G	*/+C	81	15	15%	2	1	93	93	1.6879491735837967E-5	1	1	24	57	0	15	+C
H8_BC92.191219_FM1-2_consensus_vsearch	3027	T	*/+G	95	7	6.67%	2	1	93	93	0.007024313538872513	1	1	27	68	0	7	+G
H8_BC92.191219_FM1-2_consensus_vsearch	3070	A	*/-C	93	7	6.6%	2	2	93	93	0.00700888275818608	1	1	20	73	2	5	-C
H8_BC92.191219_FM1-2_consensus_vsearch	3094	C	*/-G	81	12	11.21%	2	1	93	93	1.6720996169374304E-4	1	1	26	55	0	12	-G
H8_BC92.191219_FM1-2_consensus_vsearch	3142	C	*/+T	98	8	7.55%	2	1	93	93	0.003406307176827417	1	1	27	71	0	8	+T
H8_BC92.191219_FM1-2_consensus_vsearch	3147	G	*/+A	87	8	7.55%	2	1	93	93	0.0033505057613061914	1	1	19	68	8	0	+A
H8_BC92.191219_FM1-2_consensus_vsearch	3147	G	*/-TG	87	11	10.38%	2	1	93	93	3.629407527147718E-4	1	1	19	68	0	11	-TG
H8_BC92.191219_FM1-2_consensus_vsearch	3150	C	*/-A	82	18	17.31%	2	2	93	93	1.6474407665444435E-6	1	1	25	57	1	17	-A
H8_BC92.191219_FM1-2_consensus_vsearch	3161	T	*/-GT	88	9	8.65%	2	1	93	93	0.0016084874268040704	1	1	21	67	0	9	-GT
H8_BC92.191219_FM1-2_consensus_vsearch	3165	A	*/-C	93	11	10.38%	2	1	93	93	3.695482496886117E-4	1	1	25	68	0	11	-C
H8_BC92.191219_FM1-2_consensus_vsearch	3168	C	*/-G	67	24	22.64%	2	2	93	93	1.0381161230905917E-8	1	1	23	44	1	23	-G
H8_BC92.191219_FM1-2_consensus_vsearch	3175	A	*/-G	69	20	19.42%	2	2	93	93	2.8673422226778983E-7	1	1	22	47	1	19	-G
H8_BC92.191219_FM1-2_consensus_vsearch	3175	A	*/-GGG	69	7	6.8%	2	1	93	93	0.006762205304361565	1	1	22	47	0	7	-G
H8_BC92.191219_FM1-2_consensus_vsearch	3192	C	*/+G	97	7	6.54%	2	1	93	93	0.007039163345158112	1	1	24	73	0	7	+G
H8_BC92.191219_FM1-2_consensus_vsearch	3212	T	*/-C	64	22	20.56%	2	2	93	93	5.110593174761736E-8	1	1	14	50	8	14	-C
H8_BC92.191219_FM1-2_consensus_vsearch	3212	T	*/-CC	64	11	10.28%	2	2	93	93	3.2906627028144115E-4	1	1	14	50	4	7	-C
H8_BC92.191219_FM1-2_consensus_vsearch	3217	C	*/+G	82	7	6.54%	2	1	93	93	0.006911923189966942	1	1	21	61	0	7	+G
H8_BC92.191219_FM1-2_consensus_vsearch	3224	T	*/-C	61	32	30.48%	2	2	93	93	9.183207522655014E-12	1	1	25	36	1	31	-C
H8_BC92.191219_FM1-2_consensus_vsearch	3284	G	*/-T	94	8	7.62%	2	2	93	93	0.0033873593207767528	1	1	23	71	3	5	-T
H8_BC92.191219_FM1-2_consensus_vsearch	3288	T	*/-G	92	7	6.6%	2	1	93	93	0.00700093875247144	1	1	24	68	0	7	-G
H8_BC92.191219_FM1-2_consensus_vsearch	3330	T	*/-GT	85	15	14.15%	2	2	93	93	1.7317059356497582E-5	1	1	23	62	3	12	-GT
H8_BC92.191219_FM1-2_consensus_vsearch	3346	T	*/-GT	84	16	14.95%	2	2	93	93	7.956486731365802E-6	1	1	21	63	6	10	-GT
H8_BC92.191219_FM1-2_consensus_vsearch	3347	G	*/+T	77	7	7.95%	2	1	93	93	0.006859677187733745	1	1	21	56	0	7	+T
H8_BC92.191219_FM1-2_consensus_vsearch	3349	C	*/-T	93	10	9.62%	2	2	93	93	7.766140881779252E-4	1	1	25	68	1	9	-T
H8_BC92.191219_FM1-2_consensus_vsearch	3362	T	*/-C	92	15	14.02%	2	1	93	93	1.8020798600123266E-5	1	1	12	80	15	0	-C
H8_BC92.191219_FM1-2_consensus_vsearch	3384	G	*/-TG	92	7	6.67%	2	1	93	93	0.00700093875247144	1	1	26	66	0	7	-TG
H8_BC92.191219_FM1-2_consensus_vsearch	3396	T	*/-G	85	19	17.76%	2	1	93	93	7.725241506826565E-7	1	1	27	58	0	19	-G
H8_BC92.191219_FM1-2_consensus_vsearch	3416	G	*/-TG	91	12	11.32%	2	2	93	93	1.7385426840533266E-4	1	1	23	68	3	9	-TG
H8_BC92.191219_FM1-2_consensus_vsearch	3417	T	*/-G	69	13	14.13%	2	1	93	93	7.290568127128522E-5	1	1	23	46	0	13	-G
H8_BC92.191219_FM1-2_consensus_vsearch	3439	T	*/-A	92	9	8.49%	2	2	93	93	0.0016214579515213031	1	1	23	69	1	8	-A
H8_BC92.191219_FM1-2_consensus_vsearch	3469	C	*/+A	84	15	14.71%	2	1	93	93	1.721022673414966E-5	1	1	25	59	0	15	+A
H8_BC92.191219_FM1-2_consensus_vsearch	3471	A	*/-C	84	20	18.87%	2	2	93	93	3.474314963386683E-7	1	1	24	60	2	18	-C
H8_BC92.191219_FM1-2_consensus_vsearch	3472	C	*/+A	22	54	62.79%	2	2	93	93	1.2059053943232724E-23	1	1	9	13	12	42	+A
H8_BC92.191219_FM1-2_consensus_vsearch	3481	T	-G/-G	9	90	84.91%	2	2	93	93	1.7192281584176502E-46	1	1	4	5	22	68	-G
H8_BC92.191219_FM1-2_consensus_vsearch	3499	A	*/-G	94	8	7.69%	2	1	93	93	0.0033873593207767528	1	1	27	67	0	8	-G
H8_BC92.191219_FM1-2_consensus_vsearch	3529	T	*/-A	96	9	8.49%	2	2	93	93	0.001633490058565588	1	1	25	71	1	8	-A
H8_BC92.191219_FM1-2_consensus_vsearch	3535	G	*/-T	87	7	6.8%	2	1	93	93	0.0069587427350203575	1	1	23	64	0	7	-T
H8_BC92.191219_FM1-2_consensus_vsearch	3538	T	*/-GT	74	16	16.49%	2	1	93	93	7.349240983560141E-6	1	1	27	47	0	16	-GT
H8_BC92.191219_FM1-2_consensus_vsearch	3546	C	*/-T	96	8	7.62%	2	2	93	93	0.0033970091765190653	1	1	26	70	1	7	-T
H8_BC92.191219_FM1-2_consensus_vsearch	3562	C	*/+T	88	11	10.89%	2	1	93	93	3.6409221449363173E-4	1	1	22	66	0	11	+T
H8_BC92.191219_FM1-2_consensus_vsearch	3563	C	*/-T	94	8	7.55%	2	1	93	93	0.0033873593207767528	1	1	27	67	0	8	-T
H8_BC92.191219_FM1-2_consensus_vsearch	3566	G	*/+C	96	8	7.55%	2	2	93	93	0.0033970091765190653	1	1	24	72	2	6	+C
H8_BC92.191219_FM1-2_consensus_vsearch	3571	G	*/-A	89	10	9.35%	2	2	93	93	7.690936665708389E-4	1	1	23	66	1	9	-A
H8_BC92.191219_FM1-2_consensus_vsearch	3605	T	*/-C	83	20	19.23%	2	1	93	93	3.436761211933271E-7	1	1	26	57	0	20	-C
H8_BC92.191219_FM1-2_consensus_vsearch	3628	C	*/-A	95	8	7.62%	2	1	93	93	0.003392229465115033	1	1	26	69	0	8	-A
H8_BC92.191219_FM1-2_consensus_vsearch	3634	G	*/-T	93	10	9.52%	2	1	93	93	7.766140881779252E-4	1	1	25	68	0	10	-T
H8_BC92.191219_FM1-2_consensus_vsearch	3638	A	*/-G	80	13	13.13%	2	2	93	93	7.783912009879408E-5	1	1	15	65	6	7	-G
H8_BC92.191219_FM1-2_consensus_vsearch	3645	G	*/-TG	77	21	20.59%	2	1	93	93	1.437203344825067E-7	1	1	27	50	0	21	-TG
H8_BC92.191219_FM1-2_consensus_vsearch	3670	G	*/-CG	93	11	10.38%	2	2	93	93	3.695482496886117E-4	1	1	26	67	1	10	-CG
H8_BC92.191219_FM1-2_consensus_vsearch	3678	G	*/-TG	96	8	7.69%	2	1	93	93	0.0033970091765190653	1	1	27	69	0	8	-TG
H8_BC92.191219_FM1-2_consensus_vsearch	3690	G	*/-C	92	8	7.55%	2	1	93	93	0.003377337287624839	1	1	21	71	0	8	-C
H8_BC92.191219_FM1-2_consensus_vsearch	3692	C	*/-T	94	8	7.48%	2	1	93	93	0.0033873593207767528	1	1	27	67	0	8	-T
H8_BC92.191219_FM1-2_consensus_vsearch	3694	C	*/-T	95	10	9.43%	2	2	93	93	7.801743563298274E-4	1	1	26	69	1	9	-T
H8_BC92.191219_FM1-2_consensus_vsearch	3705	C	*/-T	100	7	6.54%	2	1	93	93	0.007060418475842725	1	1	27	73	0	7	-T
H8_BC92.191219_FM1-2_consensus_vsearch	3707	T	*/-G	95	8	7.48%	2	1	93	93	0.003392229465115033	1	1	27	68	0	8	-G
H8_BC92.191219_FM1-2_consensus_vsearch	3719	C	*/-A	80	18	17.14%	2	2	93	93	1.616636852978701E-6	1	1	21	59	1	17	-A
H8_BC92.191219_FM1-2_consensus_vsearch	3727	C	*/-T	88	9	8.49%	2	1	93	93	0.0016084874268040704	1	1	26	62	0	9	-T
H8_BC92.191219_FM1-2_consensus_vsearch	3728	T	*/-C	75	19	19.39%	2	1	93	93	6.941010995733757E-7	1	1	26	49	0	19	-C
H8_BC92.191219_FM1-2_consensus_vsearch	3738	C	*/-G	78	16	14.95%	2	2	93	93	7.603215341481552E-6	1	1	24	54	2	14	-G
H8_BC92.191219_FM1-2_consensus_vsearch	3738	C	*/-GG	78	11	10.28%	2	1	93	93	3.5153926045674693E-4	1	1	24	54	0	11	-G
H8_BC92.191219_FM1-2_consensus_vsearch	3747	T	*/+G	90	10	9.62%	2	1	93	93	7.710260627179726E-4	1	1	26	64	0	10	+G
H8_BC92.191219_FM1-2_consensus_vsearch	3752	T	*/-G	65	14	14.29%	2	2	93	93	3.2485108610198266E-5	1	1	16	49	6	8	-G
H8_BC92.191219_FM1-2_consensus_vsearch	3769	C	*/-T	89	10	9.62%	2	2	93	93	7.690936665708389E-4	1	1	26	63	1	9	-T
H8_BC92.191219_FM1-2_consensus_vsearch	3786	C	*/+G	79	7	6.73%	2	1	93	93	0.006881285700164685	1	1	25	54	0	7	+G
H8_BC92.191219_FM1-2_consensus_vsearch	3786	C	*/-G	79	13	12.5%	2	1	93	93	7.743103760332356E-5	1	1	25	54	0	13	-G
H8_BC92.191219_FM1-2_consensus_vsearch	3798	T	*/-C	95	10	9.35%	2	2	93	93	7.801743563298274E-4	1	1	18	77	8	2	-C
H8_BC92.191219_FM1-2_consensus_vsearch	3801	T	*/-A	90	8	7.77%	2	1	93	93	0.003366921162543502	1	1	26	64	0	8	-A
H8_BC92.191219_FM1-2_consensus_vsearch	3805	C	*/-G	89	9	8.41%	2	2	93	93	0.0016118239607923867	1	1	22	67	1	8	-G
H8_BC92.191219_FM1-2_consensus_vsearch	3817	T	*/-C	83	18	16.82%	2	2	93	93	1.662549466255295E-6	1	1	26	57	1	17	-C
H8_BC92.191219_FM1-2_consensus_vsearch	3830	C	*/-GG	95	9	8.49%	2	1	93	93	0.0016305644047292834	1	1	17	78	9	0	-GG
H8_BC92.191219_FM1-2_consensus_vsearch	3843	C	*/-T	89	12	11.54%	2	1	93	93	1.7261777523537157E-4	1	1	25	64	0	12	-T
H8_BC92.191219_FM1-2_consensus_vsearch	3844	T	*/-C	80	11	11.83%	2	2	93	93	3.5424699703522257E-4	1	1	19	61	8	3	-C
H8_BC92.191219_FM1-2_consensus_vsearch	3861	G	*/+A	7	63	61.17%	2	2	93	93	2.5631885363632746E-32	1	1	4	3	6	57	+A
H8_BC92.191219_FM1-2_consensus_vsearch	3891	A	*/-G	97	7	6.67%	2	2	93	93	0.007039163345158112	1	1	20	77	5	2	-G
H8_BC92.191219_FM1-2_consensus_vsearch	3899	T	*/-AA	94	7	6.54%	2	1	93	93	0.007016672878749878	1	1	27	67	0	7	-AA
H8_BC92.191219_FM1-2_consensus_vsearch	3922	T	*/-G	89	12	11.54%	2	1	93	93	1.7261777523537157E-4	1	1	25	64	0	12	-G
H8_BC92.191219_FM1-2_consensus_vsearch	3940	C	*/-G	79	19	18.27%	2	1	93	93	7.265783608892932E-7	1	1	27	52	0	19	-G
H8_BC92.191219_FM1-2_consensus_vsearch	3980	C	*/-G	96	9	8.49%	2	2	93	93	0.001633490058565588	1	1	20	76	6	3	-G
H8_BC92.191219_FM1-2_consensus_vsearch	3995	C	*/-G	93	10	9.35%	2	1	93	93	7.766140881779252E-4	1	1	26	67	0	10	-G
H8_BC92.191219_FM1-2_consensus_vsearch	4025	T	*/-G	97	7	6.6%	2	2	93	93	0.007039163345158112	1	1	26	71	1	6	-G
H8_BC92.191219_FM1-2_consensus_vsearch	4033	G	*/+A	7	16	15.24%	2	1	93	93	2.472602329883778E-7	1	1	5	2	0	16	+A
H8_BC92.191219_FM1-2_consensus_vsearch	4034	G	*/-C	73	28	26.17%	2	2	93	93	4.231283497391926E-10	1	1	16	57	8	20	-C
H8_BC92.191219_FM1-2_consensus_vsearch	4041	T	*/-C	95	9	8.41%	2	1	93	93	0.0016305644047292834	1	1	16	79	9	0	-C
H8_BC92.191219_FM1-2_consensus_vsearch	4061	C	*/-T	86	10	9.35%	2	2	93	93	7.630733016589391E-4	1	1	23	63	1	9	-T
H8_BC92.191219_FM1-2_consensus_vsearch	4064	G	*/-A	81	17	15.89%	2	2	93	93	3.5725678602860195E-6	1	1	26	55	1	16	-A
H8_BC92.191219_FM1-2_consensus_vsearch	4086	C	*/-T	96	7	6.6%	2	1	93	93	0.007031808995392218	1	1	27	69	0	7	-T
H8_BC92.191219_FM1-2_consensus_vsearch	4090	C	*/-TC	81	15	15.31%	2	2	93	93	1.6879491735837967E-5	1	1	25	56	2	13	-TC
H8_BC92.191219_FM1-2_consensus_vsearch	4123	T	*/-C	84	10	10%	2	2	93	93	7.588628622264696E-4	1	1	18	66	6	4	-C
H8_BC92.191219_FM1-2_consensus_vsearch	4138	C	*/-T	95	7	6.54%	2	1	93	93	0.007024313538872513	1	1	27	68	0	7	-T
H8_BC92.191219_FM1-2_consensus_vsearch	4140	C	*/-T	96	10	9.35%	2	1	93	93	7.819075635787511E-4	1	1	27	69	0	10	-T
H8_BC92.191219_FM1-2_consensus_vsearch	4159	T	*/-G	92	7	7%	2	1	93	93	0.00700093875247144	1	1	26	66	0	7	-G
H8_BC92.191219_FM1-2_consensus_vsearch	4163	T	*/-A	90	13	12.26%	2	2	93	93	8.155019806640905E-5	1	1	25	65	2	11	-A
H8_BC92.191219_FM1-2_consensus_vsearch	4165	A	*/-G	80	19	18.1%	2	2	93	93	7.344619205153121E-7	1	1	17	63	9	10	-G
H8_BC92.191219_FM1-2_consensus_vsearch	4184	C	*/-T	95	9	8.65%	2	1	93	93	0.0016305644047292834	1	1	27	68	0	9	-T
H8_BC92.191219_FM1-2_consensus_vsearch	4193	C	*/-T	93	12	11.21%	2	1	93	93	1.7504917090513448E-4	1	1	27	66	0	12	-T
H8_BC92.191219_FM1-2_consensus_vsearch	4198	G	*/+A	18	77	71.96%	2	2	93	93	3.7188242367849674E-36	1	1	10	8	14	63	+A
H8_BC92.191219_FM1-2_consensus_vsearch	4205	G	*/-T	84	16	14.95%	2	1	93	93	7.956486731365802E-6	1	1	24	60	0	16	-T
H8_BC92.191219_FM1-2_consensus_vsearch	4212	T	*/-G	65	37	35.24%	2	2	93	93	1.3218122157089275E-13	1	1	19	46	7	30	-G
H8_BC92.191219_FM1-2_consensus_vsearch	4219	A	*/+G	78	9	8.41%	2	1	93	93	0.001571160607841898	1	1	25	53	0	9	+G
H8_BC92.191219_FM1-2_consensus_vsearch	4219	A	*/-G	78	16	14.95%	2	2	93	93	7.603215341481552E-6	1	1	25	53	2	14	-G
H8_BC92.191219_FM1-2_consensus_vsearch	4228	C	*/-G	87	9	8.82%	2	1	93	93	0.0016050852207308754	1	1	27	60	0	9	-G
H8_BC92.191219_FM1-2_consensus_vsearch	4233	C	*/-T	99	7	6.6%	2	1	93	93	0.007053464356056319	1	1	27	72	0	7	-T
H8_BC92.191219_FM1-2_consensus_vsearch	4261	C	*/-G	78	16	15.69%	2	2	93	93	7.603215341481552E-6	1	1	22	56	5	11	-G
H8_BC92.191219_FM1-2_consensus_vsearch	4269	T	*/-C	95	8	7.48%	2	2	93	93	0.003392229465115033	1	1	19	76	7	1	-C
H8_BC92.191219_FM1-2_consensus_vsearch	4306	T	*/+G	95	7	6.54%	2	2	93	93	0.007024313538872513	1	1	24	71	1	6	+G
H8_BC92.191219_FM1-2_consensus_vsearch	4320	C	*/+A	90	9	8.57%	2	2	93	93	0.0016150966997992011	1	1	16	74	8	1	+A
H8_BC92.191219_FM1-2_consensus_vsearch	4337	C	*/-G	93	7	6.73%	2	2	93	93	0.00700888275818608	1	1	23	70	1	6	-G
H8_BC92.191219_FM1-2_consensus_vsearch	4368	C	*/-G	65	9	8.57%	2	2	93	93	0.0015086422852906565	1	1	16	49	2	7	-G
H8_BC92.191219_FM1-2_consensus_vsearch	4374	A	*/-G	58	40	37.74%	2	2	93	93	5.898004717071426E-15	1	1	16	42	8	32	-G
H8_BC92.191219_FM1-2_consensus_vsearch	4385	A	+C/+C	5	102	95.33%	2	2	93	93	9.35314783057751E-56	1	1	2	3	25	77	+C
H8_BC92.191219_FM1-2_consensus_vsearch	4394	T	*/-A	84	13	12.75%	2	1	93	93	7.940081186480033E-5	1	1	24	60	0	13	-A
